2 	  32.70	  -6.82	  23.03
	  0.464	  0.885	 -0.037
	 -0.886	  0.464	 -0.015
	  0.004	  0.039	  0.999

3 	  42.28	  -0.77	   1.16
	  0.478	  0.209	  0.853
	 -0.217	  0.969	 -0.117
	 -0.851	 -0.129	  0.509

4 	  37.44	   6.93	  -4.17
	  0.618	  0.771	  0.153
	 -0.738	  0.501	  0.452
	  0.272	 -0.393	  0.878

5 	  41.77	   9.18	   8.40
	  0.623	 -0.174	  0.763
	 -0.708	 -0.540	  0.455
	  0.333	 -0.823	 -0.460

6 	  46.49	  -1.99	   5.43
	 -0.019	 -0.961	 -0.275
	  0.385	 -0.261	  0.885
	 -0.923	 -0.089	  0.375

7 	  37.92	  -8.47	  -3.94
	  0.522	 -0.836	  0.168
	  0.849	  0.489	 -0.200
	  0.085	  0.247	  0.965

8 	  42.08	 -10.71	   8.19
	  0.591	  0.172	  0.788
	  0.642	 -0.691	 -0.331
	  0.487	  0.702	 -0.519

9 	  47.67	   0.05	   9.58
	  0.117	  0.984	  0.137
	 -0.231	  0.161	 -0.959
	 -0.966	  0.080	  0.246

2 	  32.70	  -6.82	  23.01
	  0.464	  0.885	 -0.037
	 -0.886	  0.464	 -0.014
	  0.005	  0.039	  0.999

3 	  42.26	  -0.79	   1.18
	  0.478	  0.209	  0.853
	 -0.216	  0.969	 -0.117
	 -0.851	 -0.128	  0.508

4 	  37.44	   6.93	  -4.17
	  0.618	  0.771	  0.153
	 -0.738	  0.501	  0.452
	  0.272	 -0.393	  0.878

5 	  41.75	   9.18	   8.42
	  0.622	 -0.173	  0.763
	 -0.708	 -0.540	  0.454
	  0.334	 -0.823	 -0.459

6 	  46.49	  -1.99	   5.43
	 -0.019	 -0.961	 -0.275
	  0.385	 -0.261	  0.885
	 -0.923	 -0.089	  0.375

7 	  37.92	  -8.47	  -3.92
	  0.521	 -0.836	  0.168
	  0.849	  0.489	 -0.200
	  0.085	  0.247	  0.965

8 	  42.10	 -10.71	   8.19
	  0.591	  0.172	  0.788
	  0.642	 -0.691	 -0.331
	  0.487	  0.702	 -0.519

9 	  47.67	   0.05	   9.56
	  0.117	  0.984	  0.137
	 -0.231	  0.161	 -0.959
	 -0.966	  0.080	  0.246

2 	  32.70	  -6.82	  23.01
	  0.464	  0.885	 -0.037
	 -0.886	  0.464	 -0.014
	  0.004	  0.039	  0.999

3 	  42.28	  -0.79	   1.18
	  0.478	  0.209	  0.853
	 -0.215	  0.969	 -0.117
	 -0.852	 -0.128	  0.508

4 	  37.44	   6.93	  -4.17
	  0.618	  0.771	  0.153
	 -0.738	  0.501	  0.452
	  0.272	 -0.393	  0.878

5 	  41.75	   9.18	   8.42
	  0.622	 -0.174	  0.764
	 -0.708	 -0.540	  0.454
	  0.334	 -0.823	 -0.459

6 	  46.49	  -1.99	   5.45
	 -0.019	 -0.961	 -0.275
	  0.384	 -0.261	  0.886
	 -0.923	 -0.089	  0.374

7 	  37.90	  -8.47	  -3.92
	  0.521	 -0.837	  0.168
	  0.849	  0.489	 -0.200
	  0.085	  0.247	  0.965

8 	  42.10	 -10.71	   8.21
	  0.591	  0.172	  0.788
	  0.642	 -0.692	 -0.331
	  0.488	  0.702	 -0.519

9 	  47.65	   0.05	   9.58
	  0.116	  0.984	  0.136
	 -0.231	  0.160	 -0.960
	 -0.966	  0.080	  0.245

2 	  32.70	  -6.84	  23.01
	  0.464	  0.885	 -0.037
	 -0.886	  0.464	 -0.014
	  0.005	  0.039	  0.999

3 	  42.26	  -0.79	   1.18
	  0.478	  0.209	  0.853
	 -0.215	  0.969	 -0.118
	 -0.851	 -0.127	  0.508

4 	  37.44	   6.93	  -4.17
	  0.618	  0.771	  0.153
	 -0.738	  0.501	  0.452
	  0.271	 -0.393	  0.879

5 	  41.75	   9.16	   8.42
	  0.622	 -0.174	  0.763
	 -0.709	 -0.540	  0.454
	  0.333	 -0.823	 -0.459

6 	  46.49	  -1.99	   5.45
	 -0.019	 -0.961	 -0.275
	  0.384	 -0.261	  0.886
	 -0.923	 -0.089	  0.373

7 	  37.90	  -8.49	  -3.92
	  0.520	 -0.837	  0.169
	  0.849	  0.488	 -0.200
	  0.085	  0.248	  0.965

8 	  42.10	 -10.71	   8.21
	  0.591	  0.172	  0.788
	  0.642	 -0.692	 -0.331
	  0.488	  0.701	 -0.519

9 	  47.64	   0.05	   9.58
	  0.117	  0.984	  0.136
	 -0.230	  0.160	 -0.960
	 -0.966	  0.081	  0.245

2 	  32.70	  -6.82	  23.01
	  0.464	  0.885	 -0.037
	 -0.886	  0.464	 -0.014
	  0.004	  0.039	  0.999

3 	  42.26	  -0.79	   1.18
	  0.478	  0.209	  0.853
	 -0.215	  0.969	 -0.118
	 -0.852	 -0.127	  0.509

4 	  37.44	   6.93	  -4.17
	  0.618	  0.771	  0.153
	 -0.738	  0.501	  0.452
	  0.271	 -0.393	  0.878

5 	  41.75	   9.18	   8.42
	  0.621	 -0.173	  0.764
	 -0.709	 -0.540	  0.454
	  0.334	 -0.823	 -0.459

6 	  46.51	  -2.00	   5.45
	 -0.020	 -0.961	 -0.274
	  0.384	 -0.260	  0.886
	 -0.923	 -0.088	  0.374

7 	  37.90	  -8.47	  -3.92
	  0.521	 -0.837	  0.168
	  0.849	  0.488	 -0.201
	  0.085	  0.248	  0.965

8 	  42.10	 -10.71	   8.19
	  0.591	  0.172	  0.788
	  0.642	 -0.692	 -0.331
	  0.488	  0.701	 -0.519

9 	  47.67	   0.05	   9.58
	  0.117	  0.984	  0.135
	 -0.231	  0.160	 -0.960
	 -0.966	  0.081	  0.245

2 	  32.70	  -6.82	  23.01
	  0.464	  0.885	 -0.037
	 -0.886	  0.464	 -0.014
	  0.005	  0.039	  0.999

3 	  42.28	  -0.79	   1.18
	  0.478	  0.210	  0.853
	 -0.215	  0.969	 -0.118
	 -0.852	 -0.127	  0.509

4 	  37.44	   6.93	  -4.15
	  0.618	  0.771	  0.154
	 -0.738	  0.501	  0.451
	  0.271	 -0.392	  0.879

5 	  41.75	   9.18	   8.42
	  0.621	 -0.173	  0.764
	 -0.709	 -0.540	  0.453
	  0.334	 -0.823	 -0.459

6 	  46.51	  -1.99	   5.45
	 -0.019	 -0.961	 -0.274
	  0.383	 -0.260	  0.886
	 -0.923	 -0.089	  0.373

7 	  37.90	  -8.47	  -3.92
	  0.521	 -0.837	  0.168
	  0.849	  0.488	 -0.201
	  0.085	  0.248	  0.965

8 	  42.08	 -10.71	   8.21
	  0.591	  0.172	  0.788
	  0.642	 -0.692	 -0.331
	  0.488	  0.701	 -0.520

9 	  47.65	   0.07	   9.56
	  0.117	  0.984	  0.135
	 -0.231	  0.160	 -0.960
	 -0.966	  0.081	  0.245

2 	  32.70	  -6.82	  23.01
	  0.464	  0.885	 -0.037
	 -0.886	  0.464	 -0.014
	  0.005	  0.039	  0.999

3 	  42.28	  -0.79	   1.16
	  0.478	  0.210	  0.853
	 -0.215	  0.969	 -0.119
	 -0.852	 -0.126	  0.508

4 	  37.44	   6.91	  -4.17
	  0.618	  0.771	  0.153
	 -0.738	  0.501	  0.451
	  0.271	 -0.392	  0.879

5 	  41.75	   9.18	   8.40
	  0.622	 -0.173	  0.763
	 -0.708	 -0.541	  0.454
	  0.334	 -0.823	 -0.459

6 	  46.51	  -2.00	   5.45
	 -0.019	 -0.961	 -0.274
	  0.383	 -0.260	  0.886
	 -0.924	 -0.089	  0.373

7 	  37.90	  -8.47	  -3.92
	  0.520	 -0.837	  0.169
	  0.850	  0.487	 -0.201
	  0.085	  0.249	  0.965

8 	  42.06	 -10.69	   8.23
	  0.590	  0.172	  0.788
	  0.641	 -0.693	 -0.329
	  0.490	  0.699	 -0.520

9 	  47.69	   0.09	   9.54
	  0.120	  0.984	  0.134
	 -0.228	  0.158	 -0.961
	 -0.966	  0.085	  0.244

2 	  32.70	  -6.82	  23.01
	  0.464	  0.885	 -0.037
	 -0.886	  0.464	 -0.014
	  0.005	  0.039	  0.999

3 	  42.28	  -0.79	   1.18
	  0.478	  0.210	  0.853
	 -0.214	  0.969	 -0.119
	 -0.852	 -0.126	  0.508

4 	  37.44	   6.93	  -4.15
	  0.617	  0.772	  0.153
	 -0.738	  0.500	  0.452
	  0.272	 -0.392	  0.878

5 	  41.70	   9.12	   8.44
	  0.622	 -0.176	  0.762
	 -0.704	 -0.551	  0.447
	  0.342	 -0.816	 -0.467

6 	  46.65	  -1.93	   5.48
	  0.002	 -0.960	 -0.280
	  0.367	 -0.260	  0.893
	 -0.930	 -0.105	  0.351

7 	  37.92	  -8.47	  -3.90
	  0.519	 -0.838	  0.171
	  0.850	  0.485	 -0.202
	  0.086	  0.250	  0.964

8 	  42.03	 -10.63	   8.24
	  0.592	  0.174	  0.787
	  0.632	 -0.706	 -0.319
	  0.500	  0.686	 -0.528

9 	  47.78	   0.02	   9.47
	  0.136	  0.983	  0.125
	 -0.221	  0.153	 -0.963
	 -0.966	  0.103	  0.238

2 	  32.70	  -6.82	  23.01
	  0.464	  0.885	 -0.037
	 -0.886	  0.464	 -0.015
	  0.004	  0.040	  0.999

3 	  42.28	  -0.79	   1.18
	  0.478	  0.210	  0.853
	 -0.214	  0.969	 -0.120
	 -0.852	 -0.125	  0.508

4 	  37.44	   6.93	  -4.10
	  0.612	  0.774	  0.161
	 -0.740	  0.489	  0.461
	  0.278	 -0.401	  0.872

5 	  41.47	   9.02	   8.54
	  0.627	 -0.180	  0.758
	 -0.681	 -0.600	  0.420
	  0.379	 -0.779	 -0.499

6 	  47.04	  -1.74	   5.45
	  0.060	 -0.952	 -0.301
	  0.354	 -0.262	  0.897
	 -0.933	 -0.161	  0.321

7 	  37.92	  -8.47	  -3.92
	  0.518	 -0.838	  0.170
	  0.851	  0.484	 -0.205
	  0.089	  0.251	  0.964

8 	  41.85	 -10.51	   8.31
	  0.593	  0.177	  0.786
	  0.607	 -0.739	 -0.291
	  0.529	  0.649	 -0.546

9 	  48.08	  -0.12	   9.30
	  0.180	  0.978	  0.100
	 -0.198	  0.135	 -0.971
	 -0.964	  0.155	  0.218

2 	  32.70	  -6.82	  23.01
	  0.464	  0.885	 -0.037
	 -0.886	  0.464	 -0.015
	  0.004	  0.039	  0.999

3 	  42.29	  -0.77	   1.16
	  0.478	  0.211	  0.852
	 -0.213	  0.969	 -0.121
	 -0.852	 -0.124	  0.508

4 	  37.42	   6.93	  -4.06
	  0.599	  0.782	  0.170
	 -0.747	  0.470	  0.470
	  0.288	 -0.409	  0.866

5 	  41.06	   8.67	   8.72
	  0.642	 -0.177	  0.745
	 -0.621	 -0.691	  0.371
	  0.449	 -0.701	 -0.554

6 	  47.81	  -1.21	   5.19
	  0.183	 -0.923	 -0.338
	  0.367	 -0.255	  0.894
	 -0.912	 -0.288	  0.292

7 	  37.92	  -8.51	  -3.97
	  0.508	 -0.846	  0.163
	  0.855	  0.473	 -0.212
	  0.102	  0.247	  0.964

8 	  41.47	 -10.44	   8.47
	  0.597	  0.161	  0.786
	  0.540	 -0.805	 -0.245
	  0.593	  0.571	 -0.568

9 	  48.73	  -0.65	   9.33
	  0.276	  0.958	  0.073
	 -0.146	  0.117	 -0.982
	 -0.950	  0.261	  0.172

2 	  32.70	  -6.82	  23.01
	  0.464	  0.885	 -0.037
	 -0.886	  0.464	 -0.015
	  0.004	  0.040	  0.999

3 	  42.31	  -0.79	   1.16
	  0.479	  0.213	  0.851
	 -0.210	  0.969	 -0.124
	 -0.852	 -0.120	  0.509

4 	  37.37	   6.91	  -4.04
	  0.584	  0.792	  0.176
	 -0.757	  0.454	  0.470
	  0.293	 -0.408	  0.865

5 	  40.69	   8.47	   8.93
	  0.659	 -0.148	  0.737
	 -0.538	 -0.777	  0.325
	  0.525	 -0.611	 -0.592

6 	  48.73	  -0.21	   5.22
	  0.319	 -0.877	 -0.358
	  0.390	 -0.223	  0.893
	 -0.864	 -0.425	  0.270

7 	  37.90	  -8.53	  -4.01
	  0.494	 -0.854	  0.161
	  0.862	  0.458	 -0.214
	  0.109	  0.245	  0.963

8 	  40.99	 -10.39	   8.63
	  0.602	  0.125	  0.789
	  0.438	 -0.878	 -0.195
	  0.668	  0.462	 -0.583

9 	  49.48	  -1.65	   9.28
	  0.408	  0.912	  0.048
	 -0.121	  0.106	 -0.987
	 -0.905	  0.396	  0.153

2 	  32.70	  -6.82	  23.01
	  0.464	  0.885	 -0.037
	 -0.886	  0.464	 -0.015
	  0.004	  0.040	  0.999

3 	  42.35	  -0.77	   1.12
	  0.479	  0.213	  0.851
	 -0.201	  0.971	 -0.130
	 -0.854	 -0.109	  0.508

4 	  37.34	   6.91	  -4.01
	  0.566	  0.803	  0.185
	 -0.772	  0.437	  0.462
	  0.290	 -0.404	  0.867

5 	  40.48	   8.30	   9.12
	  0.685	 -0.101	  0.721
	 -0.436	 -0.850	  0.295
	  0.583	 -0.516	 -0.627

6 	  49.61	   1.02	   5.29
	  0.462	 -0.808	 -0.365
	  0.414	 -0.167	  0.895
	 -0.784	 -0.564	  0.258

7 	  37.85	  -8.54	  -4.03
	  0.472	 -0.866	  0.161
	  0.873	  0.436	 -0.217
	  0.118	  0.243	  0.963

8 	  40.62	 -10.21	   8.72
	  0.612	  0.092	  0.785
	  0.330	 -0.932	 -0.148
	  0.718	  0.350	 -0.601

9 	  50.27	  -2.74	   9.12
	  0.553	  0.832	  0.020
	 -0.110	  0.096	 -0.989
	 -0.826	  0.545	  0.145

2 	  32.70	  -6.84	  23.01
	  0.464	  0.885	 -0.037
	 -0.886	  0.464	 -0.015
	  0.004	  0.039	  0.999

3 	  42.36	  -0.76	   1.11
	  0.482	  0.209	  0.851
	 -0.187	  0.973	 -0.134
	 -0.856	 -0.095	  0.508

4 	  37.25	   6.93	  -3.94
	  0.545	  0.814	  0.200
	 -0.789	  0.416	  0.452
	  0.285	 -0.404	  0.869

5 	  40.32	   8.03	   9.26
	  0.711	 -0.052	  0.700
	 -0.318	 -0.913	  0.255
	  0.626	 -0.404	 -0.666

6 	  50.45	   2.65	   5.24
	  0.604	 -0.699	 -0.382
	  0.432	 -0.115	  0.894
	 -0.669	 -0.706	  0.232

7 	  37.81	  -8.54	  -4.01
	  0.440	 -0.882	  0.165
	  0.888	  0.402	 -0.220
	  0.127	  0.244	  0.961

8 	  40.22	  -9.81	   8.91
	  0.626	  0.055	  0.777
	  0.171	 -0.983	 -0.068
	  0.760	  0.176	 -0.625

9 	  51.03	  -4.41	   8.70
	  0.727	  0.686	 -0.035
	 -0.096	  0.051	 -0.994
	 -0.680	  0.726	  0.103

2 	  32.70	  -6.82	  23.01
	  0.464	  0.885	 -0.037
	 -0.886	  0.464	 -0.015
	  0.004	  0.039	  0.999

3 	  42.42	  -0.74	   1.07
	  0.486	  0.206	  0.849
	 -0.175	  0.975	 -0.137
	 -0.856	 -0.082	  0.510

4 	  37.14	   6.94	  -3.97
	  0.511	  0.834	  0.208
	 -0.811	  0.388	  0.437
	  0.283	 -0.392	  0.875

5 	  40.20	   7.82	   9.39
	  0.732	  0.002	  0.681
	 -0.192	 -0.959	  0.209
	  0.653	 -0.284	 -0.701

6 	  51.01	   4.59	   5.29
	  0.735	 -0.552	 -0.392
	  0.436	 -0.058	  0.898
	 -0.519	 -0.831	  0.198

7 	  37.71	  -8.54	  -4.06
	  0.404	 -0.899	  0.169
	  0.904	  0.365	 -0.223
	  0.139	  0.243	  0.960

8 	  39.92	  -9.35	   9.07
	  0.643	  0.012	  0.766
	  0.007	 -1.000	  0.010
	  0.766	 -0.001	 -0.643

9 	  51.56	  -6.80	   8.30
	  0.878	  0.466	 -0.104
	 -0.103	 -0.028	 -0.994
	 -0.467	  0.884	  0.023

2 	  32.70	  -6.84	  23.01
	  0.464	  0.885	 -0.037
	 -0.886	  0.464	 -0.015
	  0.004	  0.039	  0.999

3 	  42.43	  -0.67	   1.05
	  0.491	  0.203	  0.847
	 -0.162	  0.977	 -0.141
	 -0.856	 -0.068	  0.512

4 	  36.97	   6.96	  -3.97
	  0.461	  0.862	  0.210
	 -0.841	  0.349	  0.413
	  0.282	 -0.368	  0.886

5 	  40.03	   7.70	   9.44
	  0.742	  0.057	  0.668
	 -0.080	 -0.982	  0.172
	  0.665	 -0.182	 -0.724

6 	  51.22	   6.45	   5.48
	  0.830	 -0.398	 -0.390
	  0.420	 -0.013	  0.907
	 -0.366	 -0.917	  0.156

7 	  37.60	  -8.56	  -4.06
	  0.356	 -0.919	  0.169
	  0.921	  0.316	 -0.227
	  0.155	  0.237	  0.959

8 	  39.78	  -9.30	   9.11
	  0.657	 -0.064	  0.750
	 -0.145	 -0.988	  0.043
	  0.739	 -0.137	 -0.659

9 	  51.47	  -9.77	   7.86
	  0.967	  0.201	 -0.157
	 -0.145	 -0.074	 -0.987
	 -0.210	  0.977	 -0.042

2 	  32.70	  -6.84	  23.01
	  0.464	  0.885	 -0.037
	 -0.886	  0.464	 -0.015
	  0.004	  0.039	  0.999

3 	  42.47	  -0.63	   1.00
	  0.497	  0.199	  0.844
	 -0.150	  0.978	 -0.143
	 -0.855	 -0.056	  0.516

4 	  36.67	   6.89	  -4.03
	  0.388	  0.899	  0.203
	 -0.876	  0.292	  0.383
	  0.285	 -0.328	  0.901

5 	  39.73	   7.61	   9.49
	  0.744	  0.116	  0.657
	  0.030	 -0.990	  0.140
	  0.667	 -0.084	 -0.740

6 	  50.99	   8.23	   5.82
	  0.897	 -0.237	 -0.373
	  0.391	  0.032	  0.920
	 -0.207	 -0.971	  0.121

7 	  37.44	  -8.53	  -4.13
	  0.292	 -0.941	  0.171
	  0.941	  0.251	 -0.229
	  0.172	  0.228	  0.958

8 	  39.64	  -9.19	   9.11
	  0.651	 -0.160	  0.741
	 -0.315	 -0.946	  0.073
	  0.690	 -0.281	 -0.667

9 	  50.64	 -12.87	   7.54
	  0.977	 -0.091	 -0.194
	 -0.202	 -0.090	 -0.975
	  0.071	  0.992	 -0.107

2 	  32.70	  -6.84	  23.01
	  0.464	  0.885	 -0.037
	 -0.885	  0.464	 -0.015
	  0.004	  0.039	  0.999

3 	  42.47	  -0.60	   0.98
	  0.499	  0.197	  0.844
	 -0.152	  0.978	 -0.139
	 -0.853	 -0.059	  0.518

4 	  36.18	   6.82	  -4.08
	  0.300	  0.934	  0.192
	 -0.905	  0.215	  0.366
	  0.301	 -0.284	  0.910

5 	  39.38	   7.52	   9.44
	  0.746	  0.168	  0.644
	  0.123	 -0.986	  0.114
	  0.653	 -0.006	 -0.757

6 	  50.41	   9.90	   5.91
	  0.928	 -0.083	 -0.362
	  0.367	  0.061	  0.928
	 -0.055	 -0.995	  0.087

7 	  37.25	  -8.42	  -4.20
	  0.220	 -0.960	  0.172
	  0.957	  0.178	 -0.229
	  0.189	  0.215	  0.958

8 	  39.46	  -9.26	   9.02
	  0.618	 -0.275	  0.736
	 -0.496	 -0.863	  0.094
	  0.609	 -0.423	 -0.670

9 	  48.96	 -15.86	   7.40
	  0.908	 -0.363	 -0.207
	 -0.246	 -0.063	 -0.967
	  0.338	  0.930	 -0.147

2 	  32.70	  -6.84	  23.01
	  0.464	  0.885	 -0.037
	 -0.886	  0.464	 -0.015
	  0.004	  0.039	  0.999

3 	  42.47	  -0.44	   0.91
	  0.503	  0.195	  0.842
	 -0.168	  0.977	 -0.127
	 -0.848	 -0.077	  0.524

4 	  35.74	   6.70	  -4.17
	  0.214	  0.961	  0.173
	 -0.924	  0.142	  0.354
	  0.316	 -0.236	  0.919

5 	  39.06	   7.58	   9.33
	  0.743	  0.217	  0.633
	  0.195	 -0.975	  0.105
	  0.640	  0.045	 -0.767

6 	  49.90	  11.18	   6.10
	  0.938	  0.038	 -0.344
	  0.340	  0.079	  0.937
	  0.063	 -0.996	  0.061

7 	  36.98	  -8.31	  -4.34
	  0.143	 -0.974	  0.175
	  0.969	  0.101	 -0.226
	  0.202	  0.202	  0.958

8 	  39.15	  -9.46	   8.96
	  0.557	 -0.400	  0.728
	 -0.666	 -0.739	  0.103
	  0.497	 -0.542	 -0.678

9 	  46.63	 -18.42	   7.10
	  0.781	 -0.586	 -0.218
	 -0.274	 -0.008	 -0.962
	  0.561	  0.810	 -0.167

2 	  32.70	  -6.82	  23.03
	  0.464	  0.885	 -0.037
	 -0.886	  0.464	 -0.015
	  0.004	  0.039	  0.999

3 	  42.49	  -0.33	   0.79
	  0.511	  0.192	  0.838
	 -0.184	  0.976	 -0.112
	 -0.840	 -0.097	  0.534

4 	  35.31	   6.59	  -4.15
	  0.141	  0.977	  0.156
	 -0.934	  0.079	  0.349
	  0.329	 -0.195	  0.924

5 	  38.76	   7.66	   9.28
	  0.737	  0.257	  0.624
	  0.253	 -0.962	  0.098
	  0.626	  0.086	 -0.775

6 	  49.29	  12.23	   6.26
	  0.933	  0.139	 -0.332
	  0.322	  0.083	  0.943
	  0.158	 -0.987	  0.033

7 	  36.47	  -7.96	  -4.46
	  0.047	 -0.984	  0.173
	  0.976	  0.008	 -0.219
	  0.214	  0.180	  0.960

8 	  38.62	  -9.74	   8.75
	  0.473	 -0.515	  0.714
	 -0.801	 -0.590	  0.106
	  0.367	 -0.622	 -0.692

9 	  44.23	 -20.18	   6.82
	  0.645	 -0.732	 -0.219
	 -0.272	  0.048	 -0.961
	  0.714	  0.680	 -0.168

2 	  32.70	  -6.82	  23.03
	  0.464	  0.885	 -0.037
	 -0.886	  0.464	 -0.015
	  0.004	  0.040	  0.999

3 	  42.49	  -0.25	   0.69
	  0.516	  0.182	  0.837
	 -0.189	  0.977	 -0.096
	 -0.835	 -0.109	  0.539

4 	  35.00	   6.49	  -4.17
	  0.083	  0.987	  0.136
	 -0.936	  0.030	  0.350
	  0.341	 -0.157	  0.927

5 	  38.51	   7.66	   9.25
	  0.733	  0.282	  0.618
	  0.291	 -0.952	  0.089
	  0.614	  0.115	 -0.781

6 	  48.76	  12.92	   6.29
	  0.921	  0.213	 -0.327
	  0.317	  0.080	  0.945
	  0.227	 -0.974	  0.006

7 	  36.09	  -7.68	  -4.66
	 -0.036	 -0.984	  0.172
	  0.973	 -0.074	 -0.219
	  0.229	  0.159	  0.960

8 	  37.99	  -9.86	   8.60
	  0.395	 -0.594	  0.701
	 -0.880	 -0.464	  0.103
	  0.263	 -0.657	 -0.706

9 	  42.05	 -21.20	   6.70
	  0.531	 -0.820	 -0.212
	 -0.270	  0.073	 -0.960
	  0.803	  0.567	 -0.182

2 	  32.70	  -6.82	  23.01
	  0.464	  0.885	 -0.037
	 -0.886	  0.464	 -0.015
	  0.004	  0.039	  0.999

3 	  42.49	  -0.21	   0.54
	  0.524	  0.172	  0.834
	 -0.193	  0.978	 -0.080
	 -0.830	 -0.119	  0.545

4 	  34.73	   6.33	  -4.20
	  0.035	  0.992	  0.118
	 -0.937	 -0.009	  0.350
	  0.348	 -0.123	  0.929

5 	  38.20	   7.65	   9.18
	  0.723	  0.306	  0.619
	  0.323	 -0.942	  0.089
	  0.610	  0.135	 -0.780

6 	  48.27	  13.45	   6.45
	  0.910	  0.273	 -0.311
	  0.299	  0.084	  0.950
	  0.285	 -0.958	 -0.005

7 	  35.91	  -7.52	  -4.80
	 -0.087	 -0.982	  0.169
	  0.967	 -0.123	 -0.220
	  0.237	  0.145	  0.960

8 	  37.46	  -9.90	   8.44
	  0.336	 -0.639	  0.692
	 -0.917	 -0.390	  0.086
	  0.214	 -0.663	 -0.717

9 	  40.75	 -21.62	   6.86
	  0.465	 -0.866	 -0.182
	 -0.253	  0.067	 -0.965
	  0.848	  0.495	 -0.188

2 	  32.70	  -6.82	  23.01
	  0.464	  0.885	 -0.037
	 -0.886	  0.464	 -0.015
	  0.004	  0.039	  0.999

3 	  42.50	  -0.19	   0.40
	  0.527	  0.167	  0.833
	 -0.203	  0.977	 -0.068
	 -0.825	 -0.133	  0.549

4 	  34.56	   6.19	  -4.24
	  0.005	  0.994	  0.105
	 -0.936	 -0.033	  0.350
	  0.352	 -0.101	  0.930

5 	  37.93	   7.65	   9.18
	  0.709	  0.326	  0.625
	  0.349	 -0.933	  0.090
	  0.612	  0.154	 -0.775

6 	  47.92	  13.83	   6.61
	  0.904	  0.315	 -0.290
	  0.277	  0.088	  0.957
	  0.326	 -0.945	 -0.008

7 	  35.82	  -7.42	  -4.85
	 -0.111	 -0.980	  0.166
	  0.964	 -0.147	 -0.223
	  0.242	  0.135	  0.960

8 	  37.14	  -9.93	   8.37
	  0.292	 -0.655	  0.696
	 -0.936	 -0.347	  0.066
	  0.198	 -0.671	 -0.714

9 	  40.01	 -21.74	   7.14
	  0.430	 -0.890	 -0.153
	 -0.238	  0.051	 -0.970
	  0.870	  0.454	 -0.190

2 	  32.70	  -6.82	  23.03
	  0.464	  0.885	 -0.037
	 -0.886	  0.464	 -0.015
	  0.004	  0.040	  0.999

3 	  42.50	  -0.16	   0.35
	  0.529	  0.167	  0.832
	 -0.206	  0.976	 -0.065
	 -0.823	 -0.137	  0.551

4 	  34.49	   6.12	  -4.25
	 -0.008	  0.995	  0.096
	 -0.934	 -0.042	  0.354
	  0.357	 -0.087	  0.930

5 	  37.81	   7.70	   9.12
	  0.702	  0.343	  0.624
	  0.369	 -0.925	  0.092
	  0.609	  0.165	 -0.776

6 	  47.67	  14.08	   6.79
	  0.900	  0.341	 -0.272
	  0.259	  0.086	  0.962
	  0.351	 -0.936	 -0.011

7 	  35.75	  -7.37	  -4.87
	 -0.128	 -0.977	  0.170
	  0.958	 -0.165	 -0.232
	  0.255	  0.133	  0.958

8 	  36.95	  -9.83	   8.38
	  0.269	 -0.654	  0.707
	 -0.943	 -0.326	  0.056
	  0.194	 -0.682	 -0.705

9 	  39.60	 -21.78	   7.40
	  0.410	 -0.903	 -0.130
	 -0.232	  0.035	 -0.972
	  0.882	  0.429	 -0.195

2 	  32.70	  -6.82	  23.03
	  0.464	  0.885	 -0.037
	 -0.886	  0.464	 -0.015
	  0.004	  0.040	  0.999

3 	  42.50	  -0.16	   0.32
	  0.531	  0.168	  0.830
	 -0.207	  0.976	 -0.065
	 -0.821	 -0.138	  0.553

4 	  34.44	   6.03	  -4.31
	 -0.017	  0.996	  0.084
	 -0.932	 -0.046	  0.358
	  0.361	 -0.073	  0.930

5 	  37.71	   7.73	   9.09
	  0.695	  0.356	  0.624
	  0.382	 -0.919	  0.098
	  0.608	  0.171	 -0.775

6 	  47.55	  14.24	   6.82
	  0.897	  0.353	 -0.264
	  0.249	  0.089	  0.964
	  0.364	 -0.931	 -0.008

7 	  35.65	  -7.37	  -4.87
	 -0.143	 -0.974	  0.173
	  0.954	 -0.182	 -0.237
	  0.262	  0.131	  0.956

8 	  36.81	  -9.79	   8.35
	  0.251	 -0.653	  0.714
	 -0.949	 -0.310	  0.051
	  0.188	 -0.691	 -0.698

9 	  39.23	 -21.76	   7.61
	  0.392	 -0.912	 -0.115
	 -0.242	  0.019	 -0.970
	  0.887	  0.408	 -0.213

2 	  32.68	  -6.82	  23.01
	  0.464	  0.885	 -0.037
	 -0.886	  0.464	 -0.015
	  0.004	  0.039	  0.999

3 	  42.50	  -0.18	   0.26
	  0.533	  0.167	  0.829
	 -0.208	  0.976	 -0.064
	 -0.820	 -0.138	  0.555

4 	  34.38	   6.01	  -4.31
	 -0.021	  0.996	  0.079
	 -0.932	 -0.048	  0.360
	  0.363	 -0.067	  0.929

5 	  37.67	   7.75	   9.07
	  0.690	  0.362	  0.627
	  0.390	 -0.915	  0.100
	  0.610	  0.175	 -0.773

6 	  47.50	  14.27	   6.87
	  0.898	  0.357	 -0.257
	  0.240	  0.091	  0.966
	  0.368	 -0.930	 -0.005

7 	  35.63	  -7.33	  -4.89
	 -0.150	 -0.974	  0.171
	  0.952	 -0.189	 -0.241
	  0.266	  0.127	  0.955

8 	  36.67	  -9.77	   8.31
	  0.226	 -0.657	  0.719
	 -0.957	 -0.288	  0.038
	  0.182	 -0.697	 -0.694

9 	  38.90	 -21.83	   7.63
	  0.377	 -0.920	 -0.108
	 -0.235	  0.017	 -0.972
	  0.896	  0.392	 -0.209

2 	  32.70	  -6.82	  23.03
	  0.464	  0.885	 -0.037
	 -0.886	  0.464	 -0.015
	  0.004	  0.040	  0.999

3 	  42.50	  -0.18	   0.25
	  0.533	  0.168	  0.829
	 -0.209	  0.976	 -0.064
	 -0.819	 -0.139	  0.556

4 	  34.38	   5.98	  -4.32
	 -0.025	  0.997	  0.077
	 -0.931	 -0.051	  0.362
	  0.364	 -0.063	  0.929

5 	  37.58	   7.75	   9.07
	  0.684	  0.368	  0.630
	  0.397	 -0.912	  0.101
	  0.612	  0.181	 -0.770

6 	  47.37	  14.40	   6.94
	  0.896	  0.366	 -0.251
	  0.233	  0.091	  0.968
	  0.377	 -0.926	 -0.004

7 	  35.58	  -7.29	  -4.90
	 -0.163	 -0.972	  0.167
	  0.948	 -0.201	 -0.246
	  0.273	  0.118	  0.955

8 	  36.54	  -9.77	   8.30
	  0.206	 -0.660	  0.722
	 -0.962	 -0.270	  0.028
	  0.176	 -0.701	 -0.691

9 	  38.58	 -21.92	   7.72
	  0.362	 -0.927	 -0.102
	 -0.234	  0.015	 -0.972
	  0.902	  0.375	 -0.211

2 	  32.70	  -6.82	  23.01
	  0.464	  0.885	 -0.037
	 -0.886	  0.464	 -0.015
	  0.004	  0.040	  0.999

3 	  42.50	  -0.18	   0.21
	  0.535	  0.168	  0.828
	 -0.209	  0.976	 -0.064
	 -0.819	 -0.139	  0.557

4 	  34.38	   5.96	  -4.32
	 -0.026	  0.997	  0.075
	 -0.931	 -0.051	  0.361
	  0.364	 -0.061	  0.929

5 	  37.56	   7.77	   9.07
	  0.682	  0.370	  0.631
	  0.399	 -0.911	  0.102
	  0.612	  0.183	 -0.769

6 	  47.30	  14.41	   7.01
	  0.894	  0.376	 -0.243
	  0.228	  0.085	  0.970
	  0.385	 -0.922	 -0.010

7 	  35.56	  -7.28	  -4.92
	 -0.169	 -0.971	  0.166
	  0.946	 -0.207	 -0.248
	  0.275	  0.115	  0.954

8 	  36.51	  -9.77	   8.28
	  0.201	 -0.660	  0.724
	 -0.964	 -0.265	  0.026
	  0.174	 -0.703	 -0.689

9 	  38.48	 -21.88	   7.80
	  0.355	 -0.930	 -0.095
	 -0.244	  0.005	 -0.970
	  0.902	  0.367	 -0.225

2 	  32.70	  -6.82	  23.03
	  0.464	  0.885	 -0.037
	 -0.886	  0.464	 -0.015
	  0.004	  0.040	  0.999

3 	  42.50	  -0.19	   0.19
	  0.535	  0.168	  0.828
	 -0.209	  0.976	 -0.063
	 -0.818	 -0.139	  0.557

4 	  34.35	   5.94	  -4.32
	 -0.026	  0.997	  0.074
	 -0.931	 -0.052	  0.361
	  0.364	 -0.060	  0.929

5 	  37.55	   7.75	   9.07
	  0.682	  0.369	  0.631
	  0.399	 -0.911	  0.101
	  0.613	  0.182	 -0.769

6 	  47.29	  14.41	   7.07
	  0.893	  0.380	 -0.239
	  0.224	  0.083	  0.971
	  0.389	 -0.921	 -0.011

7 	  35.56	  -7.28	  -4.94
	 -0.169	 -0.971	  0.166
	  0.946	 -0.207	 -0.249
	  0.276	  0.115	  0.954

8 	  36.53	  -9.74	   8.28
	  0.202	 -0.658	  0.725
	 -0.963	 -0.270	  0.024
	  0.180	 -0.703	 -0.688

9 	  38.53	 -21.88	   7.80
	  0.357	 -0.929	 -0.093
	 -0.247	  0.003	 -0.969
	  0.901	  0.369	 -0.228

2 	  32.70	  -6.82	  23.01
	  0.464	  0.885	 -0.037
	 -0.886	  0.464	 -0.015
	  0.004	  0.040	  0.999

3 	  42.50	  -0.18	   0.18
	  0.536	  0.168	  0.827
	 -0.210	  0.975	 -0.063
	 -0.818	 -0.140	  0.558

4 	  34.37	   5.94	  -4.34
	 -0.029	  0.997	  0.074
	 -0.930	 -0.054	  0.363
	  0.365	 -0.059	  0.929

5 	  37.55	   7.75	   9.07
	  0.681	  0.370	  0.631
	  0.400	 -0.911	  0.101
	  0.612	  0.183	 -0.769

6 	  47.29	  14.45	   7.10
	  0.893	  0.383	 -0.236
	  0.221	  0.082	  0.972
	  0.391	 -0.920	 -0.012

7 	  35.56	  -7.26	  -4.94
	 -0.169	 -0.971	  0.167
	  0.946	 -0.208	 -0.249
	  0.277	  0.116	  0.954

8 	  36.53	  -9.72	   8.30
	  0.205	 -0.653	  0.729
	 -0.960	 -0.278	  0.021
	  0.189	 -0.704	 -0.684

9 	  38.62	 -21.85	   7.86
	  0.363	 -0.927	 -0.090
	 -0.249	 -0.003	 -0.969
	  0.898	  0.374	 -0.232

2 	  32.70	  -6.82	  23.03
	  0.464	  0.885	 -0.037
	 -0.886	  0.464	 -0.015
	  0.004	  0.040	  0.999

3 	  42.50	  -0.19	   0.16
	  0.536	  0.169	  0.827
	 -0.210	  0.975	 -0.063
	 -0.818	 -0.141	  0.558

4 	  34.33	   5.92	  -4.34
	 -0.030	  0.997	  0.073
	 -0.930	 -0.055	  0.363
	  0.366	 -0.057	  0.929

5 	  37.55	   7.77	   9.07
	  0.680	  0.375	  0.630
	  0.406	 -0.908	  0.101
	  0.609	  0.187	 -0.770

6 	  47.29	  14.50	   7.12
	  0.891	  0.389	 -0.232
	  0.217	  0.082	  0.973
	  0.397	 -0.918	 -0.011

7 	  35.56	  -7.26	  -4.94
	 -0.170	 -0.971	  0.168
	  0.945	 -0.209	 -0.250
	  0.278	  0.117	  0.953

8 	  36.51	  -9.70	   8.28
	  0.207	 -0.651	  0.730
	 -0.959	 -0.281	  0.020
	  0.192	 -0.704	 -0.683

9 	  38.65	 -21.81	   7.89
	  0.365	 -0.927	 -0.088
	 -0.251	 -0.007	 -0.968
	  0.896	  0.375	 -0.235

2 	  32.70	  -6.84	  23.03
	  0.464	  0.885	 -0.037
	 -0.886	  0.464	 -0.015
	  0.004	  0.040	  0.999

3 	  42.50	  -0.19	   0.14
	  0.536	  0.169	  0.827
	 -0.211	  0.975	 -0.062
	 -0.817	 -0.141	  0.558

4 	  34.33	   5.92	  -4.34
	 -0.031	  0.997	  0.072
	 -0.930	 -0.056	  0.363
	  0.366	 -0.056	  0.929

5 	  37.51	   7.77	   9.05
	  0.681	  0.375	  0.629
	  0.407	 -0.908	  0.101
	  0.609	  0.187	 -0.771

6 	  47.27	  14.50	   7.14
	  0.891	  0.391	 -0.229
	  0.214	  0.081	  0.973
	  0.399	 -0.917	 -0.011

7 	  35.56	  -7.26	  -4.94
	 -0.171	 -0.970	  0.169
	  0.945	 -0.210	 -0.250
	  0.278	  0.117	  0.953

8 	  36.53	  -9.67	   8.28
	  0.211	 -0.648	  0.732
	 -0.957	 -0.290	  0.019
	  0.200	 -0.704	 -0.681

9 	  38.71	 -21.76	   7.93
	  0.370	 -0.925	 -0.087
	 -0.253	 -0.011	 -0.967
	  0.894	  0.380	 -0.238

2 	  32.70	  -6.82	  23.03
	  0.464	  0.885	 -0.037
	 -0.886	  0.464	 -0.015
	  0.004	  0.040	  0.999

3 	  42.50	  -0.19	   0.12
	  0.536	  0.169	  0.827
	 -0.212	  0.975	 -0.062
	 -0.817	 -0.142	  0.558

4 	  34.35	   5.92	  -4.34
	 -0.031	  0.997	  0.072
	 -0.930	 -0.056	  0.363
	  0.366	 -0.056	  0.929

5 	  37.51	   7.77	   9.05
	  0.681	  0.375	  0.629
	  0.406	 -0.908	  0.102
	  0.609	  0.186	 -0.771

6 	  47.27	  14.48	   7.21
	  0.893	  0.391	 -0.224
	  0.209	  0.080	  0.974
	  0.398	 -0.917	 -0.010

7 	  35.56	  -7.26	  -4.94
	 -0.171	 -0.970	  0.170
	  0.945	 -0.210	 -0.250
	  0.278	  0.118	  0.953

8 	  36.53	  -9.65	   8.30
	  0.214	 -0.644	  0.734
	 -0.954	 -0.298	  0.017
	  0.208	 -0.705	 -0.678

9 	  38.79	 -21.71	   7.96
	  0.376	 -0.923	 -0.084
	 -0.254	 -0.015	 -0.967
	  0.891	  0.386	 -0.240

2 	  32.70	  -6.82	  23.03
	  0.464	  0.885	 -0.037
	 -0.886	  0.464	 -0.015
	  0.004	  0.040	  0.999

3 	  42.50	  -0.19	   0.12
	  0.536	  0.168	  0.827
	 -0.212	  0.975	 -0.062
	 -0.817	 -0.142	  0.558

4 	  34.33	   5.91	  -4.32
	 -0.031	  0.997	  0.071
	 -0.930	 -0.055	  0.363
	  0.366	 -0.055	  0.929

5 	  37.51	   7.77	   9.05
	  0.677	  0.377	  0.631
	  0.409	 -0.907	  0.102
	  0.611	  0.189	 -0.769

6 	  47.27	  14.50	   7.26
	  0.893	  0.392	 -0.220
	  0.205	  0.080	  0.975
	  0.400	 -0.917	 -0.009

7 	  35.56	  -7.26	  -4.94
	 -0.171	 -0.970	  0.170
	  0.945	 -0.210	 -0.250
	  0.278	  0.118	  0.953

8 	  36.53	  -9.62	   8.30
	  0.216	 -0.640	  0.737
	 -0.953	 -0.304	  0.016
	  0.213	 -0.705	 -0.676

9 	  38.85	 -21.69	   7.98
	  0.379	 -0.922	 -0.083
	 -0.254	 -0.017	 -0.967
	  0.890	  0.388	 -0.241

2 	  32.70	  -6.82	  23.01
	  0.464	  0.885	 -0.037
	 -0.886	  0.464	 -0.015
	  0.004	  0.040	  0.999

3 	  42.50	  -0.21	   0.12
	  0.534	  0.169	  0.828
	 -0.212	  0.975	 -0.062
	 -0.818	 -0.142	  0.557

4 	  34.33	   5.91	  -4.34
	 -0.031	  0.997	  0.071
	 -0.930	 -0.055	  0.363
	  0.366	 -0.055	  0.929

5 	  37.48	   7.77	   9.07
	  0.675	  0.379	  0.633
	  0.412	 -0.905	  0.102
	  0.612	  0.192	 -0.767

6 	  47.27	  14.48	   7.28
	  0.894	  0.392	 -0.218
	  0.204	  0.078	  0.976
	  0.399	 -0.917	 -0.010

7 	  35.56	  -7.29	  -4.94
	 -0.169	 -0.971	  0.170
	  0.946	 -0.208	 -0.247
	  0.275	  0.119	  0.954

8 	  36.60	  -9.58	   8.31
	  0.238	 -0.629	  0.740
	 -0.942	 -0.334	  0.019
	  0.235	 -0.702	 -0.673

9 	  39.30	 -21.53	   8.05
	  0.407	 -0.910	 -0.082
	 -0.258	 -0.028	 -0.966
	  0.876	  0.414	 -0.246

2 	  32.70	  -6.82	  23.03
	  0.464	  0.885	 -0.037
	 -0.886	  0.464	 -0.015
	  0.004	  0.040	  0.999

3 	  42.50	  -0.21	   0.14
	  0.533	  0.169	  0.829
	 -0.211	  0.975	 -0.063
	 -0.819	 -0.141	  0.556

4 	  34.33	   5.89	  -4.32
	 -0.026	  0.997	  0.068
	 -0.930	 -0.050	  0.364
	  0.366	 -0.054	  0.929

5 	  37.55	   7.77	   9.09
	  0.682	  0.366	  0.633
	  0.393	 -0.914	  0.105
	  0.617	  0.177	 -0.767

6 	  47.36	  14.36	   7.33
	  0.899	  0.380	 -0.215
	  0.202	  0.075	  0.976
	  0.387	 -0.922	 -0.009

7 	  35.60	  -7.35	  -4.96
	 -0.150	 -0.974	  0.171
	  0.953	 -0.189	 -0.238
	  0.264	  0.128	  0.956

8 	  36.98	  -9.46	   8.35
	  0.307	 -0.599	  0.739
	 -0.910	 -0.413	  0.043
	  0.279	 -0.686	 -0.672

9 	  40.68	 -21.06	   7.95
	  0.472	 -0.876	 -0.096
	 -0.286	 -0.049	 -0.957
	  0.833	  0.480	 -0.273

2 	  32.70	  -6.82	  23.01
	  0.464	  0.885	 -0.037
	 -0.886	  0.464	 -0.015
	  0.004	  0.039	  0.999

3 	  42.50	  -0.23	   0.19
	  0.529	  0.169	  0.831
	 -0.201	  0.977	 -0.072
	 -0.824	 -0.129	  0.551

4 	  34.42	   5.96	  -4.29
	 -0.003	  0.997	  0.070
	 -0.929	 -0.029	  0.369
	  0.370	 -0.064	  0.927

5 	  37.83	   7.70	   9.07
	  0.706	  0.330	  0.626
	  0.343	 -0.933	  0.105
	  0.619	  0.140	 -0.772

6 	  47.85	  13.80	   7.21
	  0.914	  0.338	 -0.225
	  0.215	  0.068	  0.974
	  0.344	 -0.939	 -0.011

7 	  35.75	  -7.49	  -4.92
	 -0.105	 -0.978	  0.182
	  0.964	 -0.145	 -0.221
	  0.242	  0.153	  0.958

8 	  37.65	  -9.19	   8.42
	  0.413	 -0.536	  0.736
	 -0.845	 -0.527	  0.090
	  0.339	 -0.659	 -0.671

9 	  42.86	 -20.04	   8.09
	  0.580	 -0.808	 -0.101
	 -0.304	 -0.100	 -0.947
	  0.755	  0.580	 -0.304

2 	  32.70	  -6.84	  23.01
	  0.464	  0.885	 -0.037
	 -0.886	  0.464	 -0.015
	  0.004	  0.039	  0.999

3 	  42.50	  -0.21	   0.26
	  0.525	  0.175	  0.833
	 -0.194	  0.977	 -0.083
	 -0.829	 -0.118	  0.547

4 	  34.56	   6.03	  -4.25
	  0.037	  0.996	  0.074
	 -0.927	  0.007	  0.374
	  0.372	 -0.083	  0.924

5 	  38.18	   7.59	   9.05
	  0.734	  0.281	  0.618
	  0.273	 -0.956	  0.109
	  0.621	  0.089	 -0.779

6 	  48.60	  12.78	   6.87
	  0.932	  0.260	 -0.251
	  0.244	  0.061	  0.968
	  0.267	 -0.964	 -0.006

7 	  35.91	  -7.68	  -4.82
	 -0.049	 -0.981	  0.188
	  0.974	 -0.089	 -0.209
	  0.222	  0.172	  0.960

8 	  38.27	  -8.98	   8.44
	  0.523	 -0.447	  0.725
	 -0.744	 -0.654	  0.134
	  0.415	 -0.610	 -0.675

9 	  45.12	 -18.74	   7.96
	  0.703	 -0.702	 -0.115
	 -0.302	 -0.148	 -0.942
	  0.644	  0.696	 -0.316

2 	  32.70	  -6.84	  23.01
	  0.464	  0.885	 -0.037
	 -0.886	  0.464	 -0.015
	  0.004	  0.039	  0.999

3 	  42.50	  -0.28	   0.35
	  0.521	  0.179	  0.834
	 -0.187	  0.978	 -0.093
	 -0.833	 -0.108	  0.543

4 	  34.70	   6.10	  -4.25
	  0.092	  0.993	  0.077
	 -0.922	  0.056	  0.383
	  0.376	 -0.106	  0.920

5 	  38.53	   7.49	   9.00
	  0.759	  0.225	  0.611
	  0.195	 -0.974	  0.117
	  0.621	  0.030	 -0.783

6 	  49.27	  11.67	   6.47
	  0.944	  0.169	 -0.282
	  0.277	  0.051	  0.959
	  0.177	 -0.984	  0.001

7 	  36.12	  -7.88	  -4.73
	  0.024	 -0.982	  0.188
	  0.980	 -0.014	 -0.197
	  0.196	  0.190	  0.962

8 	  38.65	  -8.84	   8.49
	  0.601	 -0.343	  0.722
	 -0.615	 -0.776	  0.143
	  0.511	 -0.530	 -0.677

9 	  47.13	 -16.96	   8.02
	  0.821	 -0.559	 -0.115
	 -0.257	 -0.183	 -0.949
	  0.509	  0.809	 -0.294

2 	  32.70	  -6.82	  23.01
	  0.464	  0.885	 -0.037
	 -0.886	  0.464	 -0.015
	  0.004	  0.039	  0.999

3 	  42.49	  -0.35	   0.46
	  0.515	  0.185	  0.837
	 -0.187	  0.977	 -0.101
	 -0.837	 -0.104	  0.538

4 	  34.89	   6.17	  -4.22
	  0.153	  0.984	  0.082
	 -0.913	  0.109	  0.393
	  0.378	 -0.135	  0.916

5 	  38.83	   7.31	   9.00
	  0.777	  0.162	  0.608
	  0.105	 -0.986	  0.128
	  0.620	 -0.035	 -0.784

6 	  49.80	  10.21	   6.17
	  0.949	  0.054	 -0.308
	  0.306	  0.038	  0.951
	  0.063	 -0.998	  0.019

7 	  36.40	  -8.09	  -4.68
	  0.098	 -0.978	  0.184
	  0.979	  0.062	 -0.193
	  0.177	  0.199	  0.964

8 	  38.88	  -8.77	   8.47
	  0.645	 -0.237	  0.726
	 -0.468	 -0.874	  0.130
	  0.604	 -0.424	 -0.675

9 	  48.97	 -14.92	   8.16
	  0.925	 -0.367	 -0.100
	 -0.181	 -0.192	 -0.964
	  0.334	  0.910	 -0.244

2 	  32.70	  -6.84	  23.01
	  0.464	  0.885	 -0.037
	 -0.886	  0.464	 -0.015
	  0.004	  0.039	  0.999

3 	  42.43	  -0.46	   0.60
	  0.503	  0.192	  0.842
	 -0.191	  0.975	 -0.109
	 -0.843	 -0.106	  0.527

4 	  35.23	   6.28	  -4.24
	  0.219	  0.971	  0.091
	 -0.901	  0.166	  0.400
	  0.373	 -0.170	  0.912

5 	  39.11	   7.31	   9.05
	  0.784	  0.099	  0.613
	  0.011	 -0.989	  0.146
	  0.621	 -0.108	 -0.776

6 	  50.36	   8.61	   5.77
	  0.940	 -0.084	 -0.332
	  0.334	  0.023	  0.942
	 -0.072	 -0.996	  0.049

7 	  36.70	  -8.17	  -4.64
	  0.168	 -0.970	  0.174
	  0.973	  0.135	 -0.187
	  0.157	  0.201	  0.967

8 	  39.06	  -8.81	   8.51
	  0.661	 -0.134	  0.738
	 -0.309	 -0.945	  0.105
	  0.683	 -0.297	 -0.667

9 	  50.19	 -12.48	   8.60
	  0.988	 -0.140	 -0.060
	 -0.084	 -0.173	 -0.981
	  0.127	  0.975	 -0.182

2 	  32.70	  -6.84	  23.01
	  0.464	  0.885	 -0.037
	 -0.886	  0.464	 -0.015
	  0.004	  0.039	  0.999

3 	  42.47	  -0.53	   0.69
	  0.490	  0.197	  0.849
	 -0.196	  0.974	 -0.113
	 -0.849	 -0.112	  0.516

4 	  35.56	   6.40	  -4.27
	  0.281	  0.954	  0.102
	 -0.890	  0.219	  0.400
	  0.359	 -0.204	  0.911

5 	  39.36	   7.28	   9.02
	  0.779	  0.031	  0.626
	 -0.093	 -0.982	  0.164
	  0.619	 -0.186	 -0.762

6 	  50.54	   6.84	   5.73
	  0.913	 -0.232	 -0.335
	  0.343	 -0.005	  0.939
	 -0.220	 -0.973	  0.075

7 	  36.97	  -8.26	  -4.61
	  0.233	 -0.958	  0.165
	  0.962	  0.203	 -0.182
	  0.140	  0.201	  0.969

8 	  39.27	  -8.88	   8.51
	  0.661	 -0.039	  0.748
	 -0.149	 -0.986	  0.079
	  0.734	 -0.164	 -0.658

9 	  50.98	 -10.12	   8.86
	  0.995	  0.090	 -0.022
	 -0.011	 -0.117	 -0.993
	 -0.093	  0.989	 -0.115

2 	  32.70	  -6.84	  23.01
	  0.464	  0.885	 -0.037
	 -0.886	  0.464	 -0.015
	  0.004	  0.039	  0.999

3 	  42.49	  -0.58	   0.77
	  0.475	  0.201	  0.856
	 -0.205	  0.972	 -0.115
	 -0.856	 -0.120	  0.503

4 	  35.91	   6.50	  -4.29
	  0.339	  0.934	  0.108
	 -0.874	  0.270	  0.403
	  0.348	 -0.232	  0.908

5 	  39.53	   7.37	   9.02
	  0.761	 -0.037	  0.647
	 -0.204	 -0.961	  0.185
	  0.615	 -0.273	 -0.739

6 	  50.54	   4.96	   5.66
	  0.853	 -0.396	 -0.340
	  0.357	 -0.032	  0.933
	 -0.381	 -0.917	  0.114

7 	  37.18	  -8.28	  -4.62
	  0.295	 -0.943	  0.153
	  0.947	  0.267	 -0.179
	  0.128	  0.198	  0.972

8 	  39.50	  -9.04	   8.46
	  0.650	  0.041	  0.759
	  0.010	 -0.999	  0.046
	  0.760	 -0.023	 -0.650

9 	  51.29	  -7.44	   9.25
	  0.944	  0.328	  0.018
	  0.032	 -0.038	 -0.999
	 -0.327	  0.943	 -0.046

2 	  32.70	  -6.84	  23.01
	  0.464	  0.885	 -0.037
	 -0.886	  0.464	 -0.015
	  0.004	  0.039	  0.999

3 	  42.49	  -0.65	   0.84
	  0.466	  0.205	  0.861
	 -0.214	  0.970	 -0.116
	 -0.859	 -0.130	  0.495

4 	  36.19	   6.59	  -4.27
	  0.391	  0.914	  0.110
	 -0.854	  0.315	  0.413
	  0.343	 -0.255	  0.904

5 	  39.80	   7.45	   9.04
	  0.740	 -0.097	  0.666
	 -0.311	 -0.927	  0.211
	  0.597	 -0.363	 -0.716

6 	  50.27	   3.15	   5.43
	  0.757	 -0.550	 -0.353
	  0.384	 -0.063	  0.921
	 -0.529	 -0.833	  0.163

7 	  37.37	  -8.31	  -4.61
	  0.347	 -0.926	  0.148
	  0.931	  0.321	 -0.174
	  0.113	  0.198	  0.973

8 	  39.74	  -9.12	   8.42
	  0.624	  0.107	  0.774
	  0.156	 -0.988	  0.011
	  0.765	  0.114	 -0.633

9 	  51.15	  -5.55	   9.60
	  0.859	  0.507	  0.060
	  0.044	  0.043	 -0.998
	 -0.509	  0.860	  0.015

2 	  32.70	  -6.82	  23.01
	  0.464	  0.885	 -0.037
	 -0.886	  0.464	 -0.015
	  0.004	  0.039	  0.999

3 	  42.49	  -0.69	   0.91
	  0.459	  0.207	  0.864
	 -0.219	  0.969	 -0.117
	 -0.861	 -0.136	  0.490

4 	  36.42	   6.63	  -4.24
	  0.436	  0.892	  0.115
	 -0.833	  0.351	  0.428
	  0.342	 -0.283	  0.896

5 	  40.01	   7.72	   9.00
	  0.715	 -0.140	  0.684
	 -0.408	 -0.879	  0.247
	  0.567	 -0.457	 -0.686

6 	  49.66	   1.74	   5.17
	  0.642	 -0.675	 -0.363
	  0.403	 -0.105	  0.909
	 -0.652	 -0.730	  0.204

7 	  37.44	  -8.30	  -4.61
	  0.377	 -0.915	  0.141
	  0.920	  0.353	 -0.170
	  0.105	  0.194	  0.975

8 	  40.03	  -9.30	   8.31
	  0.604	  0.135	  0.785
	  0.264	 -0.964	 -0.037
	  0.751	  0.230	 -0.618

9 	  50.73	  -3.83	   9.97
	  0.743	  0.659	  0.114
	  0.031	  0.136	 -0.990
	 -0.669	  0.739	  0.081

2 	  32.70	  -6.84	  23.01
	  0.465	  0.885	 -0.037
	 -0.885	  0.464	 -0.015
	  0.004	  0.039	  0.999

3 	  42.47	  -0.72	   0.97
	  0.454	  0.208	  0.866
	 -0.219	  0.968	 -0.118
	 -0.864	 -0.137	  0.485

4 	  36.63	   6.68	  -4.24
	  0.478	  0.870	  0.120
	 -0.813	  0.386	  0.434
	  0.332	 -0.305	  0.892

5 	  40.18	   8.00	   8.91
	  0.680	 -0.172	  0.712
	 -0.501	 -0.819	  0.281
	  0.535	 -0.548	 -0.643

6 	  48.94	   0.44	   5.27
	  0.515	 -0.781	 -0.352
	  0.389	 -0.153	  0.908
	 -0.764	 -0.605	  0.224

7 	  37.44	  -8.30	  -4.55
	  0.402	 -0.906	  0.134
	  0.909	  0.379	 -0.171
	  0.103	  0.190	  0.976

8 	  40.39	  -9.56	   8.23
	  0.597	  0.141	  0.790
	  0.365	 -0.924	 -0.111
	  0.714	  0.354	 -0.603

9 	  50.29	  -2.67	   9.91
	  0.625	  0.768	  0.143
	 -0.038	  0.213	 -0.976
	 -0.780	  0.604	  0.162

2 	  32.70	  -6.84	  23.01
	  0.464	  0.885	 -0.037
	 -0.886	  0.464	 -0.015
	  0.004	  0.039	  0.999

3 	  42.43	  -0.76	   1.04
	  0.450	  0.208	  0.868
	 -0.221	  0.968	 -0.117
	 -0.865	 -0.139	  0.482

4 	  36.76	   6.68	  -4.24
	  0.518	  0.845	  0.132
	 -0.796	  0.420	  0.435
	  0.312	 -0.331	  0.890

5 	  40.43	   8.40	   8.79
	  0.653	 -0.175	  0.736
	 -0.577	 -0.745	  0.335
	  0.490	 -0.644	 -0.588

6 	  48.06	  -0.47	   5.48
	  0.379	 -0.866	 -0.324
	  0.370	 -0.179	  0.911
	 -0.848	 -0.466	  0.252

7 	  37.44	  -8.30	  -4.50
	  0.434	 -0.892	  0.126
	  0.895	  0.410	 -0.177
	  0.105	  0.190	  0.976

8 	  40.83	  -9.81	   8.16
	  0.601	  0.146	  0.786
	  0.448	 -0.875	 -0.181
	  0.661	  0.461	 -0.592

9 	  49.80	  -1.71	   9.93
	  0.511	  0.845	  0.155
	 -0.101	  0.238	 -0.966
	 -0.854	  0.478	  0.207

2 	  32.70	  -6.82	  23.01
	  0.464	  0.885	 -0.037
	 -0.886	  0.464	 -0.015
	  0.004	  0.039	  0.999

3 	  42.35	  -0.79	   1.11
	  0.448	  0.211	  0.869
	 -0.226	  0.967	 -0.118
	 -0.865	 -0.144	  0.481

4 	  36.79	   6.64	  -4.24
	  0.538	  0.831	  0.141
	 -0.788	  0.438	  0.432
	  0.297	 -0.344	  0.891

5 	  40.59	   8.91	   8.61
	  0.631	 -0.154	  0.760
	 -0.636	 -0.664	  0.393
	  0.444	 -0.731	 -0.517

6 	  47.30	  -1.07	   5.89
	  0.248	 -0.931	 -0.269
	  0.356	 -0.170	  0.919
	 -0.901	 -0.324	  0.289

7 	  37.48	  -8.33	  -4.41
	  0.451	 -0.883	  0.131
	  0.886	  0.426	 -0.180
	  0.102	  0.198	  0.975

8 	  40.99	 -10.14	   8.12
	  0.598	  0.142	  0.789
	  0.494	 -0.840	 -0.223
	  0.631	  0.523	 -0.573

9 	  49.17	  -1.39	  10.05
	  0.423	  0.890	  0.170
	 -0.123	  0.242	 -0.962
	 -0.898	  0.386	  0.212

2 	  32.70	  -6.84	  23.01
	  0.464	  0.885	 -0.037
	 -0.886	  0.464	 -0.015
	  0.004	  0.039	  0.999

3 	  42.29	  -0.76	   1.16
	  0.448	  0.215	  0.868
	 -0.230	  0.966	 -0.121
	 -0.864	 -0.145	  0.482

4 	  36.93	   6.64	  -4.31
	  0.563	  0.813	  0.144
	 -0.777	  0.462	  0.427
	  0.281	 -0.353	  0.892

5 	  40.92	   9.21	   8.42
	  0.618	 -0.146	  0.773
	 -0.677	 -0.599	  0.428
	  0.400	 -0.787	 -0.469

6 	  46.97	  -1.41	   6.13
	  0.153	 -0.960	 -0.232
	  0.351	 -0.167	  0.921
	 -0.923	 -0.223	  0.312

7 	  37.53	  -8.38	  -4.32
	  0.468	 -0.874	  0.133
	  0.877	  0.442	 -0.185
	  0.102	  0.203	  0.973

8 	  41.27	 -10.44	   8.07
	  0.593	  0.144	  0.792
	  0.555	 -0.786	 -0.272
	  0.583	  0.601	 -0.547

9 	  48.53	  -0.93	  10.07
	  0.320	  0.928	  0.188
	 -0.160	  0.248	 -0.955
	 -0.934	  0.276	  0.228

2 	  32.70	  -6.84	  23.01
	  0.464	  0.885	 -0.037
	 -0.886	  0.464	 -0.015
	  0.004	  0.039	  0.999

3 	  42.28	  -0.79	   1.18
	  0.449	  0.216	  0.867
	 -0.230	  0.965	 -0.122
	 -0.863	 -0.145	  0.483

4 	  37.20	   6.66	  -4.32
	  0.586	  0.795	  0.153
	 -0.766	  0.482	  0.425
	  0.264	 -0.367	  0.892

5 	  41.10	   9.21	   8.42
	  0.606	 -0.152	  0.781
	 -0.697	 -0.575	  0.429
	  0.384	 -0.804	 -0.455

6 	  46.78	  -1.58	   6.05
