% Calibrated with leiden_pols
% Positions are in centimeters
Data =[
 2    97.623   -19.431    59.072
 2     0.694    -0.720     0.003
 2     0.719     0.693     0.029
 2    -0.022    -0.019     0.999
 3   125.224    -2.428     0.349
 3     0.321    -0.198    -0.926
 3     0.039     0.980    -0.195
 3     0.946     0.026     0.322
 4   109.788    17.504    -6.662
 4     0.308    -0.884     0.352
 4     0.866     0.108    -0.487
 4     0.392     0.455     0.799
 5   109.067    16.844    31.665
 5    -0.230    -0.361     0.904
 5    -0.117     0.932     0.342
 5    -0.966    -0.027    -0.256
 6   124.433    31.293    48.620
 6     0.280    -0.861    -0.430
 6     0.315     0.501    -0.804
 6     0.906     0.089     0.409
 7   107.788   -21.810    -6.135
 7     0.203     0.837     0.507
 7    -0.952     0.048     0.301
 7     0.228    -0.544     0.807
 8   113.550   -27.995    20.065
 8     0.341     0.380     0.860
 8    -0.234    -0.852     0.468
 8     0.910    -0.361    -0.201
 9   125.800   -35.980    46.153
 9     0.317     0.759    -0.573
 9    -0.204     0.639     0.739
 9     0.926    -0.117     0.356
 2    97.622   -19.431    59.123
 2     0.694    -0.720     0.003
 2     0.719     0.693     0.029
 2    -0.022    -0.019     0.999
 3   125.101    -2.402     0.477
 3     0.321    -0.198    -0.927
 3     0.040     0.980    -0.195
 3     0.946     0.024     0.322
 4   109.604    17.452    -6.654
 4     0.306    -0.883     0.356
 4     0.869     0.106    -0.483
 4     0.389     0.457     0.800
 5   108.977    16.811    31.711
 5    -0.237    -0.387     0.891
 5    -0.130     0.922     0.365
 5    -0.963    -0.030    -0.268
 6   124.473    31.639    48.341
 6     0.291    -0.867    -0.411
 6     0.321     0.488    -0.811
 6     0.901     0.103     0.417
 7   107.560   -21.864    -6.067
 7     0.199     0.832     0.518
 7    -0.954     0.043     0.297
 7     0.224    -0.554     0.802
 8   113.490   -28.095    19.959
 8     0.344     0.404     0.848
 8    -0.230    -0.839     0.492
 8     0.910    -0.364    -0.195
 9   125.691   -35.530    46.375
 9     0.323     0.760    -0.569
 9    -0.187     0.636     0.746
 9     0.927    -0.134     0.346
 2    97.623   -19.431    59.072
 2     0.694    -0.720     0.003
 2     0.719     0.693     0.029
 2    -0.022    -0.019     0.999
 3   125.017    -2.430     0.434
 3     0.325    -0.200    -0.925
 3     0.040     0.979    -0.197
 3     0.945     0.026     0.326
 4   109.501    17.494    -6.626
 4     0.307    -0.879     0.365
 4     0.873     0.107    -0.476
 4     0.379     0.464     0.800
 5   108.975    16.759    31.725
 5    -0.232    -0.387     0.893
 5    -0.126     0.922     0.366
 5    -0.964    -0.028    -0.262
 6   124.556    31.213    48.483
 6     0.288    -0.863    -0.420
 6     0.309     0.494    -0.811
 6     0.906     0.103     0.407
 7   107.615   -21.809    -6.074
 7     0.204     0.830     0.520
 7    -0.953     0.045     0.300
 7     0.226    -0.556     0.799
 8   113.854   -27.974    20.028
 8     0.344     0.464     0.817
 8    -0.206    -0.812     0.546
 8     0.916    -0.356    -0.183
 9   126.367   -34.625    46.442
 9     0.342     0.727    -0.600
 9    -0.169     0.671     0.719
 9     0.924    -0.143     0.351
 2    97.623   -19.431    59.072
 2     0.694    -0.720     0.003
 2     0.719     0.693     0.029
 2    -0.022    -0.019     0.999
 3   125.049    -2.403     0.475
 3     0.322    -0.201    -0.926
 3     0.039     0.979    -0.198
 3     0.946     0.027     0.322
 4   109.678    17.534    -6.600
 4     0.307    -0.886     0.347
 4     0.864     0.108    -0.490
 4     0.397     0.450     0.799
 5   109.184    16.881    31.840
 5    -0.242    -0.346     0.907
 5    -0.194     0.932     0.303
 5    -0.951    -0.103    -0.292
 6   124.893    32.789    47.921
 6     0.304    -0.870    -0.392
 6     0.344     0.480    -0.806
 6     0.888     0.110     0.443
 7   107.743   -21.704    -6.092
 7     0.208     0.836     0.507
 7    -0.951     0.050     0.305
 7     0.230    -0.546     0.806
 8   113.561   -28.780    20.194
 8     0.372     0.257     0.892
 8    -0.340    -0.857     0.387
 8     0.864    -0.446    -0.231
 9   126.551   -39.097    44.654
 9     0.350     0.773    -0.532
 9    -0.267     0.623     0.733
 9     0.897    -0.115     0.423
 2    97.673   -19.430    59.072
 2     0.694    -0.720     0.004
 2     0.719     0.693     0.029
 2    -0.022    -0.018     0.999
 3   125.099    -2.349     0.476
 3     0.320    -0.203    -0.926
 3     0.042     0.979    -0.199
 3     0.946     0.024     0.322
 4   109.125    17.332    -6.819
 4     0.304    -0.881     0.363
 4     0.878     0.112    -0.464
 4     0.368     0.460     0.808
 5   109.465    18.712    30.935
 5    -0.271    -0.363     0.892
 5    -0.314     0.908     0.274
 5    -0.910    -0.206    -0.360
 6   125.344    37.195    45.458
 6     0.337    -0.882    -0.334
 6     0.430     0.455    -0.779
 6     0.837     0.120     0.531
 7   107.401   -21.698    -6.244
 7     0.202     0.826     0.526
 7    -0.957     0.052     0.285
 7     0.208    -0.561     0.801
 8   113.338   -30.655    19.495
 8     0.384     0.138     0.913
 8    -0.449    -0.837     0.314
 8     0.807    -0.530    -0.259
 9   126.278   -44.029    41.956
 9     0.366     0.814    -0.456
 9    -0.371     0.572     0.730
 9     0.853    -0.098     0.510
 2    97.623   -19.431    59.072
 2     0.694    -0.720     0.003
 2     0.719     0.693     0.029
 2    -0.022    -0.019     0.999
 3   125.022    -2.249     0.443
 3     0.330    -0.199    -0.923
 3     0.052     0.980    -0.192
 3     0.942     0.014     0.333
 4   108.325    17.089    -7.090
 4     0.302    -0.870     0.390
 4     0.897     0.121    -0.424
 4     0.321     0.477     0.817
 5   109.992    20.814    29.529
 5    -0.298    -0.417     0.859
 5    -0.408     0.868     0.280
 5    -0.863    -0.267    -0.428
 6   125.802    41.720    42.246
 6     0.365    -0.895    -0.262
 6     0.519     0.425    -0.741
 6     0.773     0.135     0.618
 7   107.037   -21.494    -6.397
 7     0.185     0.820     0.542
 7    -0.965     0.046     0.258
 7     0.187    -0.571     0.799
 8   113.177   -32.279    18.656
 8     0.400     0.061     0.914
 8    -0.531    -0.798     0.285
 8     0.746    -0.600    -0.287
 9   126.593   -48.001    39.006
 9     0.393     0.823    -0.413
 9    -0.454     0.560     0.691
 9     0.799    -0.085     0.593
 2    97.623   -19.431    59.072
 2     0.694    -0.720     0.003
 2     0.719     0.693     0.029
 2    -0.022    -0.019     0.999
 3   124.943    -2.220     0.457
 3     0.332    -0.197    -0.923
 3     0.060     0.980    -0.187
 3     0.941     0.005     0.337
 4   107.327    16.695    -7.493
 4     0.300    -0.857     0.420
 4     0.914     0.131    -0.384
 4     0.274     0.499     0.822
 5   110.680    22.661    28.084
 5    -0.328    -0.473     0.818
 5    -0.488     0.826     0.281
 5    -0.809    -0.307    -0.501
 6   126.277    45.609    38.658
 6     0.389    -0.901    -0.196
 6     0.595     0.405    -0.694
 6     0.703     0.155     0.693
 7   106.577   -21.288    -6.454
 7     0.169     0.813     0.558
 7    -0.971     0.040     0.234
 7     0.168    -0.581     0.796
 8   113.026   -33.372    18.041
 8     0.411    -0.008     0.911
 8    -0.590    -0.765     0.259
 8     0.695    -0.644    -0.319
 9   126.626   -50.651    36.590
 9     0.412     0.835    -0.369
 9    -0.512     0.543     0.665
 9     0.754    -0.087     0.650
 2    97.623   -19.431    59.072
 2     0.694    -0.720     0.003
 2     0.719     0.693     0.029
 2    -0.022    -0.019     0.999
 3   124.883    -2.115     0.431
 3     0.335    -0.188    -0.924
 3     0.071     0.982    -0.173
 3     0.939    -0.008     0.342
 4   106.657    16.136    -7.939
 4     0.303    -0.842     0.448
 4     0.928     0.154    -0.338
 4     0.215     0.517     0.828
 5   111.239    24.474    26.169
 5    -0.353    -0.518     0.780
 5    -0.561     0.783     0.266
 5    -0.749    -0.344    -0.566
