% Calibrated with leiden_pols
% Positions are in centimeters
Data =[
 2    97.623   -19.431    59.072
 2     0.694    -0.720     0.003
 2     0.719     0.693     0.029
 2    -0.022    -0.019     0.999
 3   125.224    -2.428     0.349
 3     0.321    -0.198    -0.926
 3     0.039     0.980    -0.195
 3     0.946     0.026     0.322
 4   109.788    17.504    -6.662
 4     0.308    -0.884     0.352
 4     0.866     0.108    -0.487
 4     0.392     0.455     0.799
 5   109.067    16.844    31.665
 5    -0.230    -0.361     0.904
 5    -0.117     0.932     0.342
 5    -0.966    -0.027    -0.256
 6   124.433    31.293    48.620
 6     0.280    -0.861    -0.430
 6     0.315     0.501    -0.804
 6     0.906     0.089     0.409
 7   107.788   -21.810    -6.135
 7     0.203     0.837     0.507
 7    -0.952     0.048     0.301
 7     0.228    -0.544     0.807
 8   113.550   -27.995    20.065
 8     0.341     0.380     0.860
 8    -0.234    -0.852     0.468
 8     0.910    -0.361    -0.201
 9   125.800   -35.980    46.153
 9     0.317     0.759    -0.573
 9    -0.204     0.639     0.739
 9     0.926    -0.117     0.356
 2    97.622   -19.431    59.123
 2     0.694    -0.720     0.003
 2     0.719     0.693     0.029
 2    -0.022    -0.019     0.999
 3   125.101    -2.402     0.477
 3     0.321    -0.198    -0.927
 3     0.040     0.980    -0.195
 3     0.946     0.024     0.322
 4   109.604    17.452    -6.654
 4     0.306    -0.883     0.356
 4     0.869     0.106    -0.483
 4     0.389     0.457     0.800
 5   108.977    16.811    31.711
 5    -0.237    -0.387     0.891
 5    -0.130     0.922     0.365
 5    -0.963    -0.030    -0.268
 6   124.473    31.639    48.341
 6     0.291    -0.867    -0.411
 6     0.321     0.488    -0.811
 6     0.901     0.103     0.417
 7   107.560   -21.864    -6.067
 7     0.199     0.832     0.518
 7    -0.954     0.043     0.297
 7     0.224    -0.554     0.802
 8   113.490   -28.095    19.959
 8     0.344     0.404     0.848
 8    -0.230    -0.839     0.492
 8     0.910    -0.364    -0.195
 9   125.691   -35.530    46.375
 9     0.323     0.760    -0.569
 9    -0.187     0.636     0.746
 9     0.927    -0.134     0.346
 2    97.623   -19.431    59.072
 2     0.694    -0.720     0.003
 2     0.719     0.693     0.029
 2    -0.022    -0.019     0.999
 3   125.017    -2.430     0.434
 3     0.325    -0.200    -0.925
 3     0.040     0.979    -0.197
 3     0.945     0.026     0.326
 4   109.501    17.494    -6.626
 4     0.307    -0.879     0.365
 4     0.873     0.107    -0.476
 4     0.379     0.464     0.800
 5   108.975    16.759    31.725
 5    -0.232    -0.387     0.893
 5    -0.126     0.922     0.366
 5    -0.964    -0.028    -0.262
 6   124.556    31.213    48.483
 6     0.288    -0.863    -0.420
 6     0.309     0.494    -0.811
 6     0.906     0.103     0.407
 7   107.615   -21.809    -6.074
 7     0.204     0.830     0.520
 7    -0.953     0.045     0.300
 7     0.226    -0.556     0.799
 8   113.854   -27.974    20.028
 8     0.344     0.464     0.817
 8    -0.206    -0.812     0.546
 8     0.916    -0.356    -0.183
 9   126.367   -34.625    46.442
 9     0.342     0.727    -0.600
 9    -0.169     0.671     0.719
 9     0.924    -0.143     0.351
 2    97.623   -19.431    59.072
 2     0.694    -0.720     0.003
 2     0.719     0.693     0.029
 2    -0.022    -0.019     0.999
 3   125.049    -2.403     0.475
 3     0.322    -0.201    -0.926
 3     0.039     0.979    -0.198
 3     0.946     0.027     0.322
 4   109.678    17.534    -6.600
 4     0.307    -0.886     0.347
 4     0.864     0.108    -0.490
 4     0.397     0.450     0.799
 5   109.184    16.881    31.840
 5    -0.242    -0.346     0.907
 5    -0.194     0.932     0.303
 5    -0.951    -0.103    -0.292
 6   124.893    32.789    47.921
 6     0.304    -0.870    -0.392
 6     0.344     0.480    -0.806
 6     0.888     0.110     0.443
 7   107.743   -21.704    -6.092
 7     0.208     0.836     0.507
 7    -0.951     0.050     0.305
 7     0.230    -0.546     0.806
 8   113.561   -28.780    20.194
 8     0.372     0.257     0.892
 8    -0.340    -0.857     0.387
 8     0.864    -0.446    -0.231
 9   126.551   -39.097    44.654
 9     0.350     0.773    -0.532
 9    -0.267     0.623     0.733
 9     0.897    -0.115     0.423
 2    97.673   -19.430    59.072
 2     0.694    -0.720     0.004
 2     0.719     0.693     0.029
 2    -0.022    -0.018     0.999
 3   125.099    -2.349     0.476
 3     0.320    -0.203    -0.926
 3     0.042     0.979    -0.199
 3     0.946     0.024     0.322
 4   109.125    17.332    -6.819
 4     0.304    -0.881     0.363
 4     0.878     0.112    -0.464
 4     0.368     0.460     0.808
 5   109.465    18.712    30.935
 5    -0.271    -0.363     0.892
 5    -0.314     0.908     0.274
 5    -0.910    -0.206    -0.360
 6   125.344    37.195    45.458
 6     0.337    -0.882    -0.334
 6     0.430     0.455    -0.779
 6     0.837     0.120     0.531
 7   107.401   -21.698    -6.244
 7     0.202     0.826     0.526
 7    -0.957     0.052     0.285
 7     0.208    -0.561     0.801
 8   113.338   -30.655    19.495
 8     0.384     0.138     0.913
 8    -0.449    -0.837     0.314
 8     0.807    -0.530    -0.259
 9   126.278   -44.029    41.956
 9     0.366     0.814    -0.456
 9    -0.371     0.572     0.730
 9     0.853    -0.098     0.510
 2    97.623   -19.431    59.072
 2     0.694    -0.720     0.003
 2     0.719     0.693     0.029
 2    -0.022    -0.019     0.999
 3   125.022    -2.249     0.443
 3     0.330    -0.199    -0.923
 3     0.052     0.980    -0.192
 3     0.942     0.014     0.333
 4   108.325    17.089    -7.090
 4     0.302    -0.870     0.390
 4     0.897     0.121    -0.424
 4     0.321     0.477     0.817
 5   109.992    20.814    29.529
 5    -0.298    -0.417     0.859
 5    -0.408     0.868     0.280
 5    -0.863    -0.267    -0.428
 6   125.802    41.720    42.246
 6     0.365    -0.895    -0.262
 6     0.519     0.425    -0.741
 6     0.773     0.135     0.618
 7   107.037   -21.494    -6.397
 7     0.185     0.820     0.542
 7    -0.965     0.046     0.258
 7     0.187    -0.571     0.799
 8   113.177   -32.279    18.656
 8     0.400     0.061     0.914
 8    -0.531    -0.798     0.285
 8     0.746    -0.600    -0.287
 9   126.593   -48.001    39.006
 9     0.393     0.823    -0.413
 9    -0.454     0.560     0.691
 9     0.799    -0.085     0.593
 2    97.623   -19.431    59.072
 2     0.694    -0.720     0.003
 2     0.719     0.693     0.029
 2    -0.022    -0.019     0.999
 3   124.943    -2.220     0.457
 3     0.332    -0.197    -0.923
 3     0.060     0.980    -0.187
 3     0.941     0.005     0.337
 4   107.327    16.695    -7.493
 4     0.300    -0.857     0.420
 4     0.914     0.131    -0.384
 4     0.274     0.499     0.822
 5   110.680    22.661    28.084
 5    -0.328    -0.473     0.818
 5    -0.488     0.826     0.281
 5    -0.809    -0.307    -0.501
 6   126.277    45.609    38.658
 6     0.389    -0.901    -0.196
 6     0.595     0.405    -0.694
 6     0.703     0.155     0.693
 7   106.577   -21.288    -6.454
 7     0.169     0.813     0.558
 7    -0.971     0.040     0.234
 7     0.168    -0.581     0.796
 8   113.026   -33.372    18.041
 8     0.411    -0.008     0.911
 8    -0.590    -0.765     0.259
 8     0.695    -0.644    -0.319
 9   126.626   -50.651    36.590
 9     0.412     0.835    -0.369
 9    -0.512     0.543     0.665
 9     0.754    -0.087     0.650
 2    97.623   -19.431    59.072
 2     0.694    -0.720     0.003
 2     0.719     0.693     0.029
 2    -0.022    -0.019     0.999
 3   124.883    -2.115     0.431
 3     0.335    -0.188    -0.924
 3     0.071     0.982    -0.173
 3     0.939    -0.008     0.342
 4   106.657    16.136    -7.939
 4     0.303    -0.842     0.448
 4     0.928     0.154    -0.338
 4     0.215     0.517     0.828
 5   111.239    24.474    26.169
 5    -0.353    -0.518     0.780
 5    -0.561     0.783     0.266
 5    -0.749    -0.344    -0.566
 6   127.006    48.998    34.194
 6     0.428    -0.895    -0.133
 6     0.663     0.408    -0.627
 6     0.614     0.181     0.768
 7   106.328   -21.229    -6.482
 7     0.154     0.809     0.567
 7    -0.976     0.034     0.215
 7     0.155    -0.586     0.795
 8   112.794   -34.960    17.084
 8     0.412    -0.076     0.908
 8    -0.657    -0.715     0.239
 8     0.631    -0.695    -0.345
 9   126.387   -54.394    33.062
 9     0.429     0.846    -0.320
 9    -0.589     0.527     0.612
 9     0.685    -0.075     0.723
 2    97.623   -19.431    59.072
 2     0.694    -0.720     0.003
 2     0.719     0.693     0.029
 2    -0.022    -0.019     0.999
 3   124.889    -2.109     0.388
 3     0.334    -0.178    -0.926
 3     0.079     0.984    -0.160
 3     0.939    -0.021     0.342
 4   105.981    15.606    -8.512
 4     0.292    -0.829     0.477
 4     0.943     0.169    -0.285
 4     0.155     0.533     0.831
 5   111.777    25.942    24.391
 5    -0.370    -0.558     0.744
 5    -0.616     0.745     0.252
 5    -0.695    -0.365    -0.619
 6   127.188    51.619    30.216
 6     0.449    -0.891    -0.069
 6     0.715     0.403    -0.571
 6     0.536     0.207     0.818
 7   106.219   -21.101    -6.722
 7     0.149     0.805     0.574
 7    -0.980     0.046     0.190
 7     0.127    -0.591     0.796
 8   112.827   -36.497    15.537
 8     0.418    -0.115     0.901
 8    -0.713    -0.656     0.247
 8     0.562    -0.746    -0.356
 9   126.568   -57.415    29.216
 9     0.444     0.848    -0.293
 9    -0.650     0.527     0.547
 9     0.617    -0.054     0.784
 2    97.623   -19.431    59.072
 2     0.694    -0.720     0.003
 2     0.719     0.693     0.029
 2    -0.022    -0.019     0.999
 3   125.116    -1.929     0.265
 3     0.334    -0.172    -0.927
 3     0.083     0.985    -0.152
 3     0.939    -0.027     0.343
 4   105.408    15.166    -8.948
 4     0.271    -0.818     0.507
 4     0.956     0.170    -0.237
 4     0.108     0.549     0.828
 5   112.245    26.938    22.769
 5    -0.386    -0.590     0.710
 5    -0.656     0.715     0.238
 5    -0.649    -0.374    -0.662
 6   127.584    53.451    26.222
 6     0.476    -0.880    -0.004
 6     0.752     0.408    -0.517
 6     0.456     0.243     0.856
 7   106.295   -20.916    -7.061
 7     0.150     0.803     0.576
 7    -0.983     0.059     0.172
 7     0.105    -0.592     0.799
 8   112.987   -37.329    14.339
 8     0.422    -0.164     0.891
 8    -0.753    -0.611     0.245
 8     0.504    -0.775    -0.381
 9   126.753   -59.251    26.183
 9     0.456     0.853    -0.257
 9    -0.693     0.518     0.500
 9     0.559    -0.052     0.827
 2    97.623   -19.431    59.072
 2     0.694    -0.720     0.003
 2     0.719     0.693     0.029
 2    -0.022    -0.019     0.999
 3   125.287    -1.648     0.051
 3     0.333    -0.162    -0.929
 3     0.088     0.986    -0.140
 3     0.938    -0.036     0.342
 4   104.910    14.651    -9.512
 4     0.246    -0.809     0.534
 4     0.967     0.170    -0.188
 4     0.061     0.562     0.824
 5   112.574    27.927    20.986
 5    -0.397    -0.615     0.682
 5    -0.690     0.688     0.220
 5    -0.605    -0.383    -0.697
 6   127.588    54.921    22.882
 6     0.487    -0.873     0.038
 6     0.780     0.414    -0.469
 6     0.393     0.257     0.882
 7   106.428   -20.703    -7.257
 7     0.151     0.802     0.578
 7    -0.985     0.071     0.158
 7     0.086    -0.593     0.800
 8   113.333   -38.055    13.126
 8     0.427    -0.214     0.879
 8    -0.786    -0.568     0.244
 8     0.447    -0.795    -0.410
 9   127.000   -60.880    23.212
 9     0.464     0.859    -0.220
 9    -0.729     0.509     0.456
 9     0.502    -0.053     0.862
 2    97.623   -19.431    59.072
 2     0.694    -0.720     0.003
 2     0.719     0.693     0.029
 2    -0.022    -0.019     0.999
 3   125.412    -1.443    -0.176
 3     0.333    -0.160    -0.929
 3     0.091     0.986    -0.137
 3     0.938    -0.039     0.343
 4   104.410    14.295   -10.005
 4     0.223    -0.798     0.560
 4     0.974     0.168    -0.147
 4     0.024     0.578     0.815
 5   112.845    28.709    19.424
 5    -0.404    -0.642     0.653
 5    -0.720     0.662     0.205
 5    -0.564    -0.387    -0.729
 6   127.447    56.335    19.191
 6     0.497    -0.862     0.101
 6     0.805     0.415    -0.423
 6     0.323     0.290     0.900
 7   106.712   -20.481    -7.506
 7     0.168     0.792     0.587
 7    -0.984     0.095     0.153
 7     0.066    -0.603     0.795
 8   113.954   -38.675    11.924
 8     0.439    -0.245     0.864
 8    -0.809    -0.526     0.262
 8     0.391    -0.814    -0.429
 9   127.833   -62.128    19.778
 9     0.483     0.858    -0.179
 9    -0.759     0.510     0.403
 9     0.436    -0.060     0.897
 2    97.623   -19.431    59.072
 2     0.694    -0.720     0.003
 2     0.719     0.693     0.029
 2    -0.022    -0.019     0.999
 3   125.623    -1.087    -0.537
 3     0.338    -0.164    -0.927
 3     0.099     0.985    -0.138
 3     0.936    -0.046     0.349
 4   104.001    14.009   -10.512
 4     0.210    -0.783     0.586
 4     0.977     0.178    -0.111
 4    -0.018     0.596     0.802
 5   113.324    29.566    17.472
 5    -0.418    -0.661     0.625
 5    -0.746     0.640     0.179
 5    -0.518    -0.391    -0.760
 6   127.739    57.289    15.328
 6     0.514    -0.845     0.152
 6     0.820     0.432    -0.374
 6     0.250     0.316     0.915
 7   106.797   -20.267    -7.673
 7     0.171     0.786     0.595
 7    -0.984     0.107     0.140
 7     0.046    -0.609     0.791
 8   114.443   -39.324    10.617
 8     0.448    -0.291     0.846
 8    -0.832    -0.481     0.276
 8     0.327    -0.827    -0.456
 9   128.292   -63.354    16.372
 9     0.495     0.859    -0.132
 9    -0.787     0.506     0.351
 9     0.367    -0.071     0.927
 2    97.623   -19.431    59.072
 2     0.694    -0.720     0.003
 2     0.719     0.693     0.029
 2    -0.022    -0.019     0.999
 3   125.734    -0.858    -0.898
 3     0.341    -0.163    -0.926
 3     0.106     0.985    -0.134
 3     0.934    -0.053     0.353
 4   103.565    13.491   -10.986
 4     0.199    -0.767     0.610
 4     0.978     0.195    -0.074
 4    -0.062     0.611     0.788
 5   113.876    30.266    15.655
 5    -0.434    -0.675     0.598
 5    -0.767     0.623     0.147
 5    -0.472    -0.394    -0.788
 6   128.138    57.810    11.465
 6     0.532    -0.824     0.199
 6     0.828     0.457    -0.324
 6     0.176     0.336     0.925
 7   106.858   -20.206    -7.787
 7     0.170     0.779     0.604
 7    -0.985     0.118     0.124
 7     0.026    -0.616     0.787
 8   114.686   -39.949     9.422
 8     0.450    -0.351     0.822
 8    -0.855    -0.435     0.282
 8     0.259    -0.829    -0.495
 9   127.953   -64.768    12.716
 9     0.491     0.870    -0.051
 9    -0.821     0.480     0.308
 9     0.291    -0.110     0.950
 2    97.623   -19.431    59.072
 2     0.694    -0.720     0.003
 2     0.719     0.693     0.029
 2    -0.022    -0.019     0.999
 3   125.764    -0.682    -1.175
 3     0.346    -0.167    -0.924
 3     0.113     0.984    -0.135
 3     0.931    -0.059     0.359
 4   103.215    13.103   -11.470
 4     0.192    -0.752     0.630
 4     0.976     0.213    -0.043
 4    -0.102     0.623     0.775
 5   114.257    30.625    14.100
 5    -0.449    -0.682     0.579
 5    -0.781     0.612     0.117
 5    -0.434    -0.399    -0.807
 6   128.465    57.931     8.114
 6     0.547    -0.805     0.233
 6     0.829     0.484    -0.277
 6     0.110     0.343     0.932
 7   106.863   -20.061    -7.857
 7     0.171     0.776     0.607
 7    -0.985     0.124     0.118
 7     0.016    -0.619     0.785
 8   114.758   -40.153     8.727
 8     0.447    -0.393     0.804
 8    -0.868    -0.406     0.284
 8     0.216    -0.825    -0.521
 9   127.639   -65.367    10.704
 9     0.484     0.875     0.001
 9    -0.839     0.463     0.283
 9     0.247    -0.138     0.959
 2    97.623   -19.431    59.072
 2     0.694    -0.720     0.003
 2     0.719     0.693     0.029
 2    -0.022    -0.019     0.999
 3   125.867    -0.531    -1.404
 3     0.352    -0.172    -0.920
 3     0.120     0.983    -0.137
 3     0.928    -0.063     0.366
 4   103.062    12.931   -11.667
 4     0.189    -0.746     0.639
 4     0.974     0.225    -0.026
 4    -0.124     0.627     0.769
 5   114.617    30.765    13.335
 5    -0.457    -0.685     0.569
 5    -0.785     0.610     0.104
 5    -0.418    -0.399    -0.815
 6   128.896    57.584     6.305
 6     0.569    -0.781     0.260
 6     0.819     0.513    -0.254
 6     0.065     0.355     0.932
 7   106.832   -19.988    -7.843
 7     0.169     0.772     0.613
 7    -0.985     0.125     0.114
 7     0.012    -0.623     0.782
 8   114.937   -40.292     8.222
 8     0.451    -0.414     0.791
 8    -0.872    -0.393     0.291
 8     0.191    -0.821    -0.537
 9   127.522   -65.613     9.749
 9     0.482     0.876     0.016
 9    -0.846     0.459     0.268
 9     0.228    -0.143     0.963
 2    97.623   -19.431    59.072
 2     0.694    -0.720     0.003
 2     0.719     0.693     0.029
 2    -0.022    -0.019     0.999
 3   125.881    -0.331    -1.693
 3     0.361    -0.184    -0.915
 3     0.132     0.980    -0.144
 3     0.923    -0.069     0.378
 4   102.575    12.422   -12.217
 4     0.176    -0.737     0.653
 4     0.971     0.236     0.005
 4    -0.158     0.633     0.757
 5   114.835    30.552    12.376
 5    -0.467    -0.693     0.551
 5    -0.786     0.609     0.099
 5    -0.404    -0.386    -0.828
 6   129.025    57.088     4.235
 6     0.582    -0.761     0.291
 6     0.812     0.534    -0.232
 6     0.021     0.369     0.928
 7   106.757   -19.872    -7.822
 7     0.167     0.765     0.621
 7    -0.986     0.131     0.104
 7    -0.002    -0.630     0.776
 8   114.880   -40.650     7.312
 8     0.448    -0.438     0.780
 8    -0.881    -0.361     0.303
 8     0.150    -0.823    -0.547
 9   127.070   -66.428     6.979
 9     0.473     0.880     0.054
 9    -0.864     0.451     0.222
 9     0.171    -0.151     0.973
 2    97.623   -19.431    59.072
 2     0.694    -0.720     0.003
 2     0.719     0.693     0.029
 2    -0.022    -0.019     0.999
 3   125.849    -0.285    -1.907
 3     0.369    -0.189    -0.910
 3     0.141     0.979    -0.145
 3     0.918    -0.075     0.387
 4   102.307    12.096   -12.511
 4     0.166    -0.725     0.668
 4     0.969     0.246     0.027
 4    -0.184     0.643     0.743
 5   115.241    30.319    11.345
 5    -0.478    -0.703     0.528
 5    -0.790     0.605     0.092
 5    -0.384    -0.373    -0.844
 6   129.374    56.176     1.650
 6     0.604    -0.716     0.353
 6     0.794     0.573    -0.199
 6    -0.060     0.398     0.914
 7   106.638   -19.832    -7.831
 7     0.161     0.758     0.632
 7    -0.987     0.132     0.092
 7    -0.014    -0.639     0.769
 8   115.193   -40.853     6.582
 8     0.447    -0.504     0.740
 8    -0.890    -0.336     0.308
 8     0.093    -0.796    -0.597
 9   126.728   -66.957     4.605
 9     0.463     0.870     0.175
 9    -0.880     0.425     0.211
 9     0.110    -0.250     0.961
 2    97.623   -19.431    59.072
 2     0.694    -0.720     0.003
 2     0.719     0.693     0.029
 2    -0.022    -0.019     0.999
 3   125.872    -0.163    -2.233
 3     0.378    -0.197    -0.905
 3     0.147     0.977    -0.151
 3     0.914    -0.077     0.397
 4   102.109    11.930   -12.828
 4     0.160    -0.714     0.682
 4     0.966     0.253     0.039
 4    -0.201     0.653     0.730
 5   115.668    29.875    11.023
 5    -0.485    -0.717     0.502
 5    -0.785     0.609     0.111
 5    -0.385    -0.339    -0.858
 6   129.294    55.794     0.804
 6     0.606    -0.692     0.398
 6     0.790     0.578    -0.200
 6    -0.091     0.432     0.895
 7   106.781   -19.603    -7.867
 7     0.168     0.750     0.640
 7    -0.986     0.140     0.094
 7    -0.019    -0.647     0.762
 8   115.694   -40.678     6.279
 8     0.453    -0.524     0.723
 8    -0.888    -0.333     0.314
 8     0.076    -0.784    -0.615
 9   126.978   -66.760     3.906
 9     0.458     0.857     0.237
 9    -0.884     0.410     0.224
 9     0.096    -0.311     0.945
 2    97.623   -19.431    59.072
 2     0.694    -0.720     0.003
 2     0.719     0.693     0.029
 2    -0.022    -0.019     0.999
 3   125.968     0.165    -2.535
 3     0.383    -0.215    -0.899
 3     0.157     0.973    -0.165
 3     0.910    -0.079     0.406
 4   101.892    11.748   -13.211
 4     0.137    -0.709     0.692
 4     0.967     0.246     0.061
 4    -0.213     0.661     0.719
 5   115.698    29.298    11.068
 5    -0.483    -0.736     0.477
 5    -0.780     0.607     0.147
 5    -0.398    -0.300    -0.866
 6   128.551    55.645     0.642
 6     0.600    -0.620     0.509
 6     0.791     0.553    -0.260
 6    -0.120     0.556     0.821
 7   106.967   -19.594    -7.827
 7     0.179     0.740     0.648
 7    -0.984     0.145     0.105
 7    -0.016    -0.656     0.754
 8   116.499   -40.262     6.688
 8     0.458    -0.575     0.679
 8    -0.887    -0.346     0.305
 8     0.060    -0.741    -0.667
 9   126.767   -66.772     4.379
 9     0.438     0.778     0.455
 9    -0.895     0.328     0.299
 9     0.084    -0.535     0.839
 2    97.622   -19.431    59.123
 2     0.694    -0.720     0.003
 2     0.719     0.693     0.029
 2    -0.022    -0.019     0.999
 3   125.937     0.286    -2.702
 3     0.391    -0.220    -0.894
 3     0.163     0.972    -0.167
 3     0.905    -0.082     0.416
 4   101.626    11.797   -13.208
 4     0.133    -0.699     0.703
 4     0.967     0.247     0.062
 4    -0.217     0.671     0.708
 5   116.182    28.530    11.555
 5    -0.493    -0.741     0.458
 5    -0.759     0.622     0.189
 5    -0.425    -0.254    -0.868
 6   128.374    55.272     1.332
 6     0.607    -0.397     0.691
 6     0.781     0.459    -0.423
 6    -0.150     0.795     0.586
 7   106.651   -19.417    -7.743
 7     0.172     0.730     0.661
 7    -0.985     0.138     0.103
 7    -0.016    -0.669     0.743
 8   117.034   -39.667     7.099
 8     0.449    -0.666     0.598
 8    -0.893    -0.355     0.274
 8     0.030    -0.656    -0.753
 9   124.953   -67.042     5.654
 9     0.378     0.517     0.772
 9    -0.920     0.114     0.372
 9     0.103    -0.849     0.516
 2    97.623   -19.431    59.072
 2     0.694    -0.720     0.003
 2     0.719     0.693     0.029
 2    -0.022    -0.019     0.999
 3   125.784     0.323    -2.898
 3     0.405    -0.214    -0.889
 3     0.160     0.974    -0.161
 3     0.900    -0.078     0.428
 4   101.462    11.917   -13.252
 4     0.141    -0.684     0.715
 4     0.965     0.257     0.056
 4    -0.222     0.682     0.696
 5   116.857    27.775    11.725
 5    -0.512    -0.744     0.431
 5    -0.742     0.634     0.216
 5    -0.433    -0.209    -0.876
 6   127.818    55.212     1.432
 6     0.587    -0.169     0.792
 6     0.788     0.342    -0.511
 6    -0.185     0.924     0.333
 7   106.243   -19.352    -7.738
 7     0.157     0.726     0.670
 7    -0.987     0.130     0.089
 7    -0.023    -0.675     0.737
 8   117.887   -39.562     6.860
 8     0.436    -0.757     0.489
 8    -0.900    -0.353     0.254
 8    -0.020    -0.550    -0.834
 9   124.189   -67.534     6.274
 9     0.321     0.034     0.947
 9    -0.941    -0.102     0.322
 9     0.107    -0.994    -0.001
 2    97.623   -19.431    59.072
 2     0.694    -0.721     0.003
 2     0.719     0.693     0.030
 2    -0.022    -0.019     0.999
 3   125.637     0.140    -3.150
 3     0.412    -0.215    -0.886
 3     0.164     0.973    -0.159
 3     0.896    -0.081     0.435
 4   101.050    11.464   -13.500
 4     0.138    -0.670     0.729
 4     0.959     0.273     0.069
 4    -0.246     0.690     0.680
 5   117.002    27.348    11.322
 5    -0.523    -0.744     0.418
 5    -0.735     0.640     0.222
 5    -0.432    -0.191    -0.881
 6   127.765    55.110     1.272
 6     0.571    -0.033     0.820
 6     0.801     0.243    -0.547
 6    -0.181     0.969     0.165
 7   106.015   -19.445    -7.831
 7     0.146     0.717     0.682
 7    -0.988     0.133     0.071
 7    -0.040    -0.684     0.728
 8   119.060   -39.427     6.120
 8     0.437    -0.817     0.379
 8    -0.897    -0.363     0.250
 8    -0.067    -0.448    -0.891
 9   125.792   -66.879     5.898
 9     0.308    -0.333     0.893
 9    -0.948    -0.186     0.256
 9     0.082    -0.924    -0.370
 2    97.623   -19.431    59.072
 2     0.694    -0.720     0.003
 2     0.719     0.693     0.029
 2    -0.022    -0.019     0.999
 3   125.510     0.085    -3.318
 3     0.420    -0.219    -0.881
 3     0.173     0.972    -0.158
 3     0.891    -0.087     0.446
 4   100.923    11.262   -13.800
 4     0.148    -0.655     0.741
 4     0.952     0.297     0.072
 4    -0.268     0.695     0.667
 5   117.706    26.873    10.560
 5    -0.540    -0.741     0.402
 5    -0.724     0.650     0.227
 5    -0.429    -0.167    -0.887
 6   127.612    55.448     2.380
 6     0.529     0.313     0.790
 6     0.833    -0.015    -0.552
 6    -0.160     0.949    -0.266
 7   105.725   -19.331    -7.842
 7     0.133     0.712     0.690
 7    -0.990     0.130     0.056
 7    -0.050    -0.690     0.722
 8   119.488   -39.063     5.946
 8     0.436    -0.841     0.321
 8    -0.896    -0.373     0.241
 8    -0.084    -0.392    -0.916
 9   126.231   -66.679     5.919
 9     0.289    -0.506     0.815
 9    -0.953    -0.224     0.197
 9     0.084    -0.833    -0.544
 2    97.623   -19.431    59.072
 2     0.694    -0.720     0.003
 2     0.719     0.693     0.029
 2    -0.022    -0.019     0.999
 3   125.525     0.060    -3.775
 3     0.448    -0.220    -0.867
 3     0.180     0.971    -0.152
 3     0.875    -0.089     0.474
 4   100.437    10.927   -13.905
 4     0.131    -0.648     0.750
 4     0.951     0.295     0.089
 4    -0.279     0.702     0.655
 5   117.691    26.204    10.527
 5    -0.549    -0.753     0.366
 5    -0.716     0.647     0.260
 5    -0.432    -0.119    -0.894
 6   126.578    55.622     3.162
 6     0.484     0.524     0.704
 6     0.859    -0.131    -0.493
 6    -0.166     0.841    -0.511
 7   105.498   -19.284    -7.715
 7     0.129     0.698     0.704
 7    -0.990     0.130     0.052
 7    -0.056    -0.704     0.707
 8   119.766   -39.058     5.590
 8     0.427    -0.863     0.272
 8    -0.899    -0.371     0.230
 8    -0.099    -0.342    -0.934
 9   126.877   -66.434     6.087
 9     0.274    -0.635     0.726
 9    -0.958    -0.243     0.146
 9     0.085    -0.734    -0.672
 2    97.623   -19.431    59.072
 2     0.694    -0.720     0.003
 2     0.719     0.693     0.029
 2    -0.022    -0.019     0.999
 3   125.377     0.272    -4.105
 3     0.465    -0.226    -0.856
 3     0.181     0.970    -0.156
 3     0.866    -0.083     0.492
 4    99.870    11.093   -13.685
 4     0.111    -0.646     0.756
 4     0.956     0.275     0.095
 4    -0.270     0.712     0.647
 5   117.350    25.678    11.290
 5    -0.552    -0.762     0.341
 5    -0.705     0.643     0.297
 5    -0.445    -0.076    -0.892
 6   125.721    55.291     4.249
 6     0.463     0.627     0.631
 6     0.870    -0.183    -0.456
 6    -0.171     0.757    -0.627
 7   105.237   -19.109    -7.691
 7     0.135     0.687     0.714
 7    -0.989     0.140     0.052
 7    -0.064    -0.713     0.698
 8   119.966   -38.698     5.435
 8     0.432    -0.869     0.243
 8    -0.895    -0.380     0.229
 8    -0.107    -0.316    -0.942
 9   127.354   -66.138     5.583
 9     0.274    -0.689     0.676
 9    -0.959    -0.248     0.132
 9     0.077    -0.681    -0.725
 2    97.623   -19.431    59.072
 2     0.694    -0.720     0.003
 2     0.719     0.693     0.029
 2    -0.022    -0.019     0.999
 3   125.230     0.467    -4.237
 3     0.473    -0.230    -0.851
 3     0.179     0.970    -0.162
 3     0.862    -0.076     0.500
 4    99.700    11.175   -13.598
 4     0.104    -0.644     0.758
 4     0.958     0.268     0.097
 4    -0.266     0.716     0.644
 5   117.218    25.446    11.600
 5    -0.552    -0.763     0.339
 5    -0.700     0.643     0.309
 5    -0.453    -0.066    -0.889
 6   125.510    55.474     5.114
 6     0.451     0.637     0.628
 6     0.880    -0.198    -0.430
 6    -0.149     0.745    -0.648
 7   105.051   -18.956    -7.885
 7     0.132     0.668     0.732
 7    -0.986     0.161     0.030
 7    -0.098    -0.727     0.680
 8   120.227   -39.045     3.180
 8     0.429    -0.884     0.190
 8    -0.885    -0.368     0.285
 8    -0.183    -0.290    -0.939
 9   127.707   -66.478     0.808
 9     0.270    -0.741     0.619
 9    -0.963    -0.206     0.168
 9     0.002    -0.639    -0.767
 2    97.623   -19.431    59.072
 2     0.694    -0.720     0.003
 2     0.719     0.693     0.029
 2    -0.022    -0.019     0.999
 3   125.230     0.439    -4.314
 3     0.475    -0.228    -0.850
 3     0.175     0.971    -0.161
 3     0.862    -0.073     0.501
 4    99.663    10.995   -13.690
 4     0.098    -0.644     0.759
 4     0.958     0.267     0.103
 4    -0.270     0.717     0.642
 5   117.107    25.139    11.763
 5    -0.550    -0.765     0.336
 5    -0.695     0.641     0.324
 5    -0.463    -0.055    -0.884
 6   125.442    55.214     5.671
 6     0.449     0.645     0.622
 6     0.883    -0.214    -0.415
 6    -0.134     0.733    -0.664
 7   104.563   -18.547    -8.224
 7     0.115     0.624     0.773
 7    -0.975     0.218    -0.031
 7    -0.188    -0.750     0.633
 8   119.727   -39.541    -1.977
 8     0.397    -0.912     0.103
 8    -0.861    -0.331     0.387
 8    -0.319    -0.242    -0.916
 9   126.228   -66.657   -10.491
 9     0.231    -0.815     0.536
 9    -0.955    -0.082     0.283
 9    -0.188    -0.573    -0.796
 2    97.623   -19.431    59.072
 2     0.694    -0.720     0.003
 2     0.719     0.693     0.029
 2    -0.022    -0.019     0.999
 3   125.237     0.378    -4.512
 3     0.479    -0.221    -0.850
 3     0.150     0.974    -0.168
 3     0.864    -0.048     0.500
 4    99.660    10.997   -13.741
 4     0.092    -0.646     0.759
 4     0.958     0.263     0.109
 4    -0.270     0.717     0.642
 5   116.919    24.959    11.970
 5    -0.543    -0.771     0.335
 5    -0.694     0.635     0.338
 5    -0.472    -0.048    -0.880
 6   124.891    55.299     6.807
 6     0.435     0.653     0.624
 6     0.894    -0.228    -0.384
 6    -0.108     0.722    -0.681
 7   103.731   -17.729    -8.550
 7     0.072     0.555     0.828
 7    -0.952     0.286    -0.109
 7    -0.298    -0.781     0.549
 8   118.202   -39.243    -7.705
 8     0.331    -0.943     0.022
 8    -0.808    -0.271     0.522
 8    -0.487    -0.191    -0.852
 9   122.593   -64.924   -21.945
 9     0.155    -0.874     0.464
 9    -0.917     0.048     0.393
 9    -0.367    -0.484    -0.794
 2    97.623   -19.431    59.072
 2     0.694    -0.720     0.003
 2     0.719     0.693     0.029
 2    -0.022    -0.019     0.999
 3   124.999     0.348    -4.742
 3     0.495    -0.203    -0.846
 3     0.106     0.979    -0.172
 3     0.862    -0.005     0.505
 4    99.404    11.312   -13.594
 4     0.089    -0.642     0.761
 4     0.962     0.254     0.102
 4    -0.260     0.723     0.640
 5   116.621    24.773    12.563
 5    -0.540    -0.772     0.336
 5    -0.686     0.634     0.356
 5    -0.488    -0.037    -0.872
 6   124.657    55.221     7.889
 6     0.431     0.657     0.622
 6     0.898    -0.243    -0.364
 6    -0.088     0.714    -0.693
 7   102.475   -16.917    -8.912
 7     0.053     0.465     0.883
 7    -0.917     0.373    -0.142
 7    -0.396    -0.802     0.446
 8   116.033   -37.800   -12.684
 8     0.273    -0.962    -0.029
 8    -0.732    -0.227     0.642
 8    -0.624    -0.154    -0.766
 9   118.669   -61.575   -31.147
 9     0.089    -0.908     0.411
 9    -0.856     0.141     0.494
 9    -0.509    -0.393    -0.766
 2    97.623   -19.431    59.072
 2     0.694    -0.720     0.003
 2     0.719     0.693     0.029
 2    -0.022    -0.019     0.999
 3   124.559     0.214    -4.881
 3     0.514    -0.184    -0.838
 3     0.071     0.982    -0.171
 3     0.854     0.028     0.518
 4    98.979    11.519   -13.381
 4     0.083    -0.634     0.769
 4     0.963     0.250     0.102
 4    -0.257     0.732     0.630
 5   116.188    24.464    13.058
 5    -0.542    -0.772     0.334
 5    -0.678     0.634     0.369
 5    -0.497    -0.026    -0.867
 6   124.186    55.044     9.043
 6     0.423     0.654     0.631
 6     0.904    -0.253    -0.343
 6    -0.064     0.713    -0.696
 7   101.413   -16.358    -8.916
 7     0.031     0.407     0.913
 7    -0.890     0.426    -0.161
 7    -0.455    -0.808     0.375
 8   113.817   -36.373   -16.319
 8     0.217    -0.973    -0.077
 8    -0.639    -0.200     0.743
 8    -0.738    -0.112    -0.665
 9   114.884   -57.381   -38.513
 9     0.021    -0.933     0.361
 9    -0.776     0.213     0.593
 9    -0.631    -0.291    -0.719
 2    97.623   -19.431    59.072
 2     0.694    -0.720     0.003
 2     0.719     0.693     0.029
 2    -0.022    -0.019     0.999
 3   124.032     0.002    -5.094
 3     0.538    -0.156    -0.829
 3     0.043     0.986    -0.156
 3     0.842     0.048     0.537
 4    98.547    11.653   -13.185
 4     0.088    -0.621     0.779
 4     0.965     0.247     0.088
 4    -0.248     0.744     0.620
 5   115.901    24.047    13.596
 5    -0.549    -0.765     0.339
 5    -0.663     0.644     0.380
 5    -0.509    -0.016    -0.860
 6   124.180    54.703     9.967
 6     0.428     0.646     0.636
 6     0.903    -0.268    -0.335
 6    -0.047     0.715    -0.695
 7   100.464   -15.946    -8.744
 7     0.008     0.337     0.941
 7    -0.860     0.482    -0.166
 7    -0.510    -0.809     0.294
 8   112.257   -34.201   -19.441
 8     0.183    -0.975    -0.125
 8    -0.529    -0.204     0.824
 8    -0.829    -0.084    -0.552
 9   112.286   -51.964   -44.796
 9    -0.026    -0.947     0.320
 9    -0.674     0.253     0.693
 9    -0.738    -0.197    -0.646
 2    97.618   -19.402    59.070
 2     0.685    -0.729     0.003
 2     0.728     0.684     0.028
 2    -0.022    -0.018     0.999
 3   123.764     0.027    -5.217
 3     0.554    -0.136    -0.822
 3     0.023     0.989    -0.147
 3     0.832     0.062     0.550
 4    98.355    12.023   -13.006
 4     0.089    -0.614     0.785
 4     0.968     0.236     0.076
 4    -0.232     0.753     0.615
 5   115.586    23.755    14.362
 5    -0.555    -0.756     0.347
 5    -0.648     0.654     0.389
 5    -0.521    -0.008    -0.853
 6   124.134    54.173    11.592
 6     0.433     0.633     0.645
 6     0.901    -0.290    -0.320
 6    -0.016     0.717    -0.694
 7    99.760   -15.550    -8.657
 7    -0.011     0.293     0.956
 7    -0.836     0.522    -0.170
 7    -0.549    -0.801     0.239
 8   110.974   -32.236   -21.534
 8     0.159    -0.976    -0.153
 8    -0.435    -0.208     0.876
 8    -0.886    -0.072    -0.457
 9   110.172   -47.453   -48.521
 9    -0.058    -0.953     0.298
 9    -0.593     0.273     0.756
 9    -0.803    -0.132    -0.582
 2    97.618   -19.422    59.062
 2     0.677    -0.737     0.003
 2     0.736     0.676     0.026
 2    -0.020    -0.016     0.999
 3   123.327    -0.046    -5.372
 3     0.567    -0.118    -0.815
 3     0.006     0.990    -0.138
 3     0.823     0.073     0.562
 4    98.033    12.288   -12.741
 4     0.094    -0.606     0.791
 4     0.971     0.230     0.061
 4    -0.219     0.762     0.609
 5   112.294    22.100    12.798
 5    -0.563    -0.749     0.353
 5    -0.631     0.663     0.402
 5    -0.534     0.004    -0.845
 6   124.290    53.660    12.752
 6     0.440     0.628     0.645
 6     0.898    -0.311    -0.309
 6     0.006     0.713    -0.699
 7    99.257   -15.411    -8.522
 7    -0.030     0.274     0.961
 7    -0.828     0.532    -0.177
 7    -0.560    -0.801     0.211
 8   110.125   -31.099   -22.570
 8     0.139    -0.974    -0.178
 8    -0.373    -0.218     0.902
 8    -0.917    -0.059    -0.393
 9   108.688   -44.552   -50.618
 9    -0.082    -0.959     0.273
 9    -0.540     0.273     0.795
 9    -0.838    -0.081    -0.541
 2    97.631   -19.390    59.040
 2     0.675    -0.739     0.000
 2     0.738     0.674     0.019
 2    -0.013    -0.013     1.000
 3   123.323    -0.177    -5.409
 3     0.571    -0.106    -0.814
 3     0.003     0.992    -0.126
 3     0.821     0.069     0.567
 4    98.038    12.264   -12.748
 4     0.096    -0.603     0.792
 4     0.971     0.229     0.058
 4    -0.217     0.764     0.607
 5   112.152    21.725    13.143
 5    -0.567    -0.742     0.359
 5    -0.620     0.670     0.407
 5    -0.542     0.009    -0.840
 6   124.320    53.289    13.435
 6     0.443     0.624     0.647
 6     0.896    -0.320    -0.304
 6     0.017     0.712    -0.699
 7    99.099   -15.202    -8.469
 7    -0.037     0.262     0.964
 7    -0.815     0.551    -0.181
 7    -0.579    -0.792     0.193
 8   109.625   -29.977   -23.450
 8     0.124    -0.973    -0.193
 8    -0.325    -0.223     0.919
 8    -0.938    -0.051    -0.343
 9   107.904   -42.170   -52.043
 9    -0.098    -0.962     0.256
 9    -0.500     0.269     0.822
 9    -0.860    -0.047    -0.508
 2    97.685   -19.389    59.034
 2     0.675    -0.739    -0.000
 2     0.738     0.674     0.016
 2    -0.011    -0.012     1.000
 3   123.234    -0.009    -5.496
 3     0.575    -0.101    -0.812
 3    -0.006     0.992    -0.127
 3     0.818     0.077     0.569
 4    97.890    12.581   -12.609
 4     0.094    -0.600     0.795
 4     0.974     0.219     0.050
 4    -0.204     0.770     0.605
 5   111.907    21.555    13.537
 5    -0.570    -0.738     0.365
 5    -0.611     0.675     0.412
 5    -0.550     0.013    -0.835
 6   124.234    53.067    14.028
 6     0.444     0.625     0.646
 6     0.896    -0.326    -0.300
 6     0.023     0.709    -0.702
 7    99.037   -15.082    -8.485
 7    -0.040     0.253     0.966
 7    -0.809     0.560    -0.180
 7    -0.587    -0.789     0.182
 8   109.560   -28.970   -24.027
 8     0.128    -0.969    -0.211
 8    -0.282    -0.239     0.929
 8    -0.951    -0.059    -0.303
 9   108.105   -39.844   -53.190
 9    -0.092    -0.964     0.249
 9    -0.459     0.262     0.848
 9    -0.884    -0.035    -0.468
 2    97.648   -19.334    59.015
 2     0.678    -0.735     0.001
 2     0.734     0.677     0.008
 2    -0.005    -0.006     1.000
 3   123.240    -0.008    -5.449
 3     0.573    -0.096    -0.814
 3    -0.006     0.993    -0.121
 3     0.819     0.074     0.568
 4    97.993    12.582   -12.611
 4     0.095    -0.600     0.794
 4     0.974     0.218     0.049
 4    -0.203     0.769     0.605
 5   111.898    21.474    13.699
 5    -0.569    -0.736     0.370
 5    -0.608     0.677     0.413
 5    -0.553     0.010    -0.832
 6   124.199    52.895    14.392
 6     0.444     0.624     0.646
 6     0.896    -0.331    -0.296
 6     0.029     0.708    -0.703
 7    98.969   -15.055    -8.374
 7    -0.049     0.231     0.972
 7    -0.789     0.588    -0.179
 7    -0.613    -0.775     0.153
 8   109.164   -27.742   -24.842
 8     0.125    -0.969    -0.214
 8    -0.219    -0.236     0.947
 8    -0.968    -0.072    -0.240
 9   107.252   -36.571   -54.741
 9    -0.111    -0.961     0.253
 9    -0.396     0.276     0.875
 9    -0.911    -0.003    -0.412
 2    97.680   -19.331    58.981
 2     0.696    -0.719    -0.001
 2     0.718     0.695    -0.007
 2     0.007     0.002     1.000
 3   123.137     0.038    -5.494
 3     0.575    -0.089    -0.813
 3    -0.012     0.993    -0.116
 3     0.818     0.076     0.570
 4    97.959    12.816   -12.581
 4     0.099    -0.597     0.796
 4     0.975     0.215     0.041
 4    -0.196     0.772     0.604
 5   111.784    21.331    13.985
 5    -0.573    -0.729     0.375
 5    -0.599     0.684     0.415
 5    -0.559     0.014    -0.828
 6   124.258    52.621    14.984
 6     0.446     0.631     0.638
 6     0.894    -0.339    -0.290
 6     0.033     0.698    -0.713
 7    98.637   -14.862    -8.337
 7    -0.059     0.225     0.972
 7    -0.783     0.594    -0.185
 7    -0.620    -0.772     0.141
 8   108.773   -27.326   -25.082
 8     0.120    -0.970    -0.214
