% Calibrated with leiden_pols
% Positions are in centimeters
Data =[
 2    97.677   -19.434    59.074
 2     0.703    -0.712     0.004
 2     0.711     0.702     0.030
 2    -0.022    -0.019     0.999
 3   129.203    -1.804     1.224
 3     0.216    -0.156    -0.964
 3     0.040     0.988    -0.151
 3     0.975    -0.007     0.220
 4   115.820    18.837    -7.713
 4     0.306    -0.920     0.247
 4     0.862     0.157    -0.482
 4     0.404     0.359     0.841
 5   110.034    16.298    29.998
 5    -0.114    -0.172     0.978
 5    -0.137     0.978     0.156
 5    -0.984    -0.116    -0.135
 6   123.230    27.891    49.843
 6     0.135    -0.693    -0.711
 6     0.247     0.715    -0.651
 6     0.959    -0.090     0.266
 7   112.000   -20.474    -6.854
 7     0.190     0.874     0.447
 7    -0.955     0.059     0.289
 7     0.227    -0.482     0.846
 8   113.185   -28.697    18.146
 8     0.156     0.526     0.836
 8    -0.277    -0.789     0.548
 8     0.948    -0.316     0.024
 9   122.896   -34.061    46.511
 9     0.206     0.560    -0.804
 9    -0.128     0.828     0.543
 9     0.970    -0.008     0.242
 2    97.625   -19.435    59.026
 2     0.703    -0.712     0.004
 2     0.711     0.702     0.030
 2    -0.023    -0.019     0.999
 3   129.153    -1.805     1.224
 3     0.217    -0.156    -0.964
 3     0.040     0.988    -0.150
 3     0.975    -0.007     0.221
 4   115.745    18.837    -7.688
 4     0.307    -0.919     0.247
 4     0.862     0.157    -0.482
 4     0.404     0.360     0.840
 5   109.994    16.247    30.007
 5    -0.117    -0.174     0.977
 5    -0.137     0.978     0.158
 5    -0.984    -0.116    -0.138
 6   123.230    27.942    49.843
 6     0.135    -0.694    -0.710
 6     0.247     0.714    -0.652
 6     0.959    -0.090     0.266
 7   111.953   -20.474    -6.857
 7     0.190     0.874     0.448
 7    -0.955     0.058     0.290
 7     0.228    -0.482     0.846
 8   113.163   -28.697    18.147
 8     0.155     0.524     0.837
 8    -0.276    -0.791     0.546
 8     0.948    -0.316     0.022
 9   122.835   -34.065    46.523
 9     0.207     0.559    -0.804
 9    -0.129     0.829     0.542
 9     0.969    -0.007     0.243
 2    97.625   -19.435    59.077
 2     0.703    -0.712     0.004
 2     0.711     0.702     0.030
 2    -0.023    -0.019     0.999
 3   129.128    -1.804     1.224
 3     0.217    -0.157    -0.964
 3     0.041     0.987    -0.152
 3     0.975    -0.008     0.220
 4   115.745    18.837    -7.688
 4     0.306    -0.920     0.247
 4     0.862     0.157    -0.481
 4     0.404     0.360     0.841
 5   109.993    16.298    30.007
 5    -0.117    -0.175     0.978
 5    -0.137     0.978     0.158
 5    -0.984    -0.116    -0.138
 6   123.179    27.942    49.843
 6     0.135    -0.695    -0.710
 6     0.248     0.713    -0.652
 6     0.959    -0.090     0.266
 7   112.002   -20.473    -6.857
 7     0.191     0.874     0.447
 7    -0.955     0.059     0.290
 7     0.228    -0.482     0.846
 8   113.162   -28.697    18.147
 8     0.155     0.524     0.838
 8    -0.277    -0.791     0.545
 8     0.948    -0.316     0.023
 9   122.844   -34.037    46.509
 9     0.206     0.558    -0.805
 9    -0.129     0.829     0.541
 9     0.970    -0.006     0.242
 2    97.625   -19.435    59.077
 2     0.703    -0.712     0.004
 2     0.711     0.702     0.030
 2    -0.023    -0.019     0.999
 3   129.127    -1.802     1.249
 3     0.216    -0.158    -0.964
 3     0.042     0.987    -0.152
 3     0.975    -0.008     0.219
 4   115.962    18.770    -7.621
 4     0.312    -0.922     0.227
 4     0.853     0.167    -0.493
 4     0.417     0.347     0.839
 5   109.991    16.535    30.125
 5    -0.108    -0.151     0.983
 5    -0.135     0.981     0.136
 5    -0.985    -0.118    -0.126
 6   123.891    27.799    50.032
 6     0.153    -0.652    -0.745
 6     0.242     0.753    -0.609
 6     0.958    -0.090     0.271
 7   111.943   -20.417    -6.761
 7     0.190     0.880     0.435
 7    -0.953     0.058     0.298
 7     0.237    -0.471     0.850
 8   113.192   -28.740    18.169
 8     0.160     0.521     0.838
 8    -0.275    -0.792     0.544
 8     0.948    -0.318     0.017
 9   123.391   -34.398    46.346
 9     0.217     0.559    -0.802
 9    -0.135     0.829     0.540
 9     0.967    -0.008     0.254
 2    97.625   -19.435    59.077
 2     0.703    -0.712     0.004
 2     0.711     0.702     0.030
 2    -0.023    -0.019     0.999
 3   129.040    -1.750     1.286
 3     0.215    -0.158    -0.964
 3     0.041     0.987    -0.153
 3     0.976    -0.008     0.219
 4   115.859    18.850    -7.513
 4     0.315    -0.924     0.216
 4     0.849     0.172    -0.500
 4     0.424     0.340     0.839
 5   110.493    17.806    30.711
 5    -0.151    -0.076     0.985
 5    -0.191     0.980     0.047
 5    -0.970    -0.181    -0.162
 6   126.972    28.669    49.270
 6     0.254    -0.592    -0.768
 6     0.244     0.804    -0.539
 6     0.936    -0.053     0.347
 7   111.848   -20.337    -6.778
 7     0.194     0.883     0.426
 7    -0.951     0.062     0.303
 7     0.241    -0.464     0.852
 8   114.082   -29.467    18.399
 8     0.219     0.513     0.830
 8    -0.327    -0.763     0.557
 8     0.919    -0.393     0.001
 9   126.360   -34.831    45.269
 9     0.294     0.490    -0.823
 9    -0.137     0.871     0.469
 9     0.946    -0.025     0.322
 2    97.625   -19.435    59.077
 2     0.703    -0.712     0.004
 2     0.711     0.702     0.030
 2    -0.023    -0.019     0.999
 3   128.951    -1.677     1.247
 3     0.218    -0.161    -0.963
 3     0.041     0.987    -0.155
 3     0.975    -0.006     0.221
 4   115.739    18.939    -7.435
 4     0.331    -0.919     0.214
 4     0.847     0.190    -0.496
 4     0.415     0.346     0.841
 5   113.278    19.697    30.697
 5    -0.248    -0.018     0.969
 5    -0.230     0.972    -0.041
 5    -0.941    -0.232    -0.245
 6   132.318    29.854    47.668
 6     0.372    -0.500    -0.785
 6     0.250     0.865    -0.431
 6     0.893    -0.037     0.445
 7   111.465   -20.224    -6.717
 7     0.194     0.875     0.444
 7    -0.955     0.065     0.287
 7     0.223    -0.480     0.849
 8   116.464   -30.397    18.616
 8     0.340     0.458     0.822
 8    -0.369    -0.739     0.563
 8     0.865    -0.494    -0.082
 9   131.601   -36.738    43.060
 9     0.393     0.457    -0.800
 9    -0.191     0.889     0.412
 9     0.899    -0.009     0.436
 2    97.625   -19.435    59.077
 2     0.703    -0.712     0.004
 2     0.711     0.702     0.030
 2    -0.023    -0.019     0.999
 3   128.754    -1.584     1.248
 3     0.227    -0.161    -0.961
 3     0.041     0.987    -0.156
 3     0.973    -0.005     0.230
 4   115.891    19.041    -7.520
 4     0.375    -0.904     0.207
 4     0.836     0.232    -0.498
 4     0.401     0.359     0.842
 5   116.812    21.160    30.556
 5    -0.357     0.032     0.933
 5    -0.248     0.960    -0.127
 5    -0.901    -0.276    -0.335
 6   138.135    30.443    45.354
 6     0.482    -0.440    -0.761
 6     0.247     0.898    -0.360
 6     0.840    -0.015     0.540
 7   111.183   -19.960    -6.675
 7     0.191     0.863     0.467
 7    -0.960     0.065     0.271
 7     0.204    -0.500     0.841
 8   119.361   -30.994    18.416
 8     0.468     0.397     0.791
 8    -0.393    -0.707     0.586
 8     0.791    -0.585    -0.175
 9   137.172   -37.797    39.998
 9     0.499     0.422    -0.759
 9    -0.225     0.906     0.353
 9     0.836    -0.006     0.547
 2    97.625   -19.435    59.077
 2     0.703    -0.712     0.004
 2     0.711     0.702     0.030
 2    -0.023    -0.019     0.999
 3   128.642    -1.457     1.159
 3     0.231    -0.165    -0.959
 3     0.044     0.986    -0.159
 3     0.972    -0.006     0.235
 4   115.870    19.004    -7.588
 4     0.418    -0.881     0.222
 4     0.829     0.270    -0.490
 4     0.371     0.388     0.843
 5   120.540    21.665    29.681
 5    -0.470     0.021     0.882
 5    -0.250     0.956    -0.155
 5    -0.846    -0.293    -0.444
 6   144.189    29.991    41.584
 6     0.615    -0.395    -0.684
 6     0.229     0.918    -0.322
 6     0.754     0.042     0.654
 7   111.171   -19.971    -6.606
 7     0.199     0.849     0.489
 7    -0.963     0.076     0.259
 7     0.183    -0.522     0.833
 8   122.384   -31.739    17.629
 8     0.590     0.329     0.738
 8    -0.405    -0.669     0.622
 8     0.698    -0.666    -0.262
 9   142.623   -38.353    35.818
 9     0.612     0.378    -0.697
 9    -0.241     0.925     0.288
 9     0.752    -0.010     0.656
 2    97.625   -19.435    59.077
 2     0.703    -0.712     0.004
 2     0.711     0.702     0.030
 2    -0.023    -0.019     0.999
 3   128.543    -1.400     1.214
 3     0.230    -0.171    -0.958
 3     0.050     0.985    -0.163
 3     0.972    -0.012     0.235
 4   115.724    18.831    -7.782
 4     0.462    -0.852     0.248
 4     0.823     0.307    -0.478
 4     0.331     0.424     0.842
 5   123.955    22.116    28.069
 5    -0.571     0.005     0.821
 5    -0.259     0.948    -0.184
 5    -0.779    -0.318    -0.540
 6   149.581    29.670    36.203
 6     0.750    -0.334    -0.571
 6     0.203     0.938    -0.280
 6     0.629     0.094     0.772
 7   111.116   -19.986    -6.558
 7     0.213     0.829     0.517
 7    -0.965     0.096     0.243
 7     0.152    -0.551     0.820
 8   125.095   -32.480    16.300
 8     0.695     0.248     0.675
 8    -0.416    -0.628     0.657
 8     0.587    -0.737    -0.335
 9   147.616   -38.717    30.476
 9     0.727     0.323    -0.607
 9    -0.241     0.946     0.213
 9     0.642    -0.009     0.766
 2    97.625   -19.435    59.076
 2     0.702    -0.712     0.004
 2     0.711     0.701     0.030
 2    -0.023    -0.019     0.999
 3   128.400    -1.445     1.246
 3     0.233    -0.174    -0.957
 3     0.061     0.984    -0.164
 3     0.970    -0.022     0.239
 4   115.441    18.530    -7.952
 4     0.521    -0.803     0.289
 4     0.811     0.361    -0.459
 4     0.264     0.473     0.840
 5   126.879    22.781    25.790
 5    -0.650    -0.013     0.760
 5    -0.268     0.940    -0.211
 5    -0.711    -0.341    -0.615
 6   153.919    29.142    29.996
 6     0.860    -0.261    -0.438
 6     0.169     0.956    -0.237
 6     0.480     0.130     0.867
 7   110.731   -19.947    -6.683
 7     0.204     0.808     0.552
 7    -0.973     0.105     0.203
 7     0.106    -0.579     0.808
 8   127.220   -33.076    14.315
 8     0.779     0.160     0.606
 8    -0.416    -0.591     0.690
 8     0.468    -0.791    -0.395
 9   151.498   -38.633    24.390
 9     0.822     0.285    -0.493
 9    -0.235     0.958     0.162
 9     0.518    -0.018     0.855
 2    97.627   -19.434    59.074
 2     0.703    -0.712     0.003
 2     0.711     0.702     0.030
 2    -0.022    -0.019     0.999
 3   128.343    -1.491     1.265
 3     0.236    -0.166    -0.958
 3     0.070     0.986    -0.153
 3     0.969    -0.032     0.244
 4   115.282    18.227    -8.170
 4     0.576    -0.748     0.331
 4     0.793     0.415    -0.444
 4     0.195     0.517     0.833
 5   129.472    22.789    23.779
 5    -0.715    -0.015     0.698
 5    -0.256     0.936    -0.241
 5    -0.650    -0.352    -0.673
 6   156.889    27.917    23.914
 6     0.933    -0.189    -0.307
 6     0.124     0.968    -0.219
 6     0.338     0.166     0.926
 7   110.357   -19.815    -6.859
 7     0.191     0.784     0.591
 7    -0.980     0.120     0.157
 7     0.052    -0.609     0.791
 8   129.297   -32.991    12.019
 8     0.851     0.069     0.521
 8    -0.401    -0.556     0.728
 8     0.340    -0.828    -0.445
 9   154.577   -37.842    17.756
 9     0.899     0.236    -0.368
 9    -0.213     0.971     0.102
 9     0.382    -0.014     0.924
 2    97.627   -19.434    59.074
 2     0.703    -0.712     0.003
 2     0.711     0.702     0.030
 2    -0.022    -0.019     0.999
 3   128.311    -1.565     1.333
 3     0.237    -0.160    -0.958
 3     0.075     0.986    -0.145
 3     0.968    -0.038     0.245
 4   114.996    17.786    -8.657
 4     0.624    -0.687     0.374
 4     0.773     0.473    -0.422
 4     0.113     0.552     0.826
 5   131.747    22.621    21.025
 5    -0.779    -0.017     0.627
 5    -0.245     0.928    -0.278
 5    -0.578    -0.371    -0.727
 6   159.121    26.953    17.609
 6     0.977    -0.125    -0.172
 6     0.089     0.975    -0.205
 6     0.193     0.184     0.963
 7   110.172   -19.706    -7.025
 7     0.189     0.756     0.626
 7    -0.982     0.150     0.114
 7    -0.007    -0.636     0.771
 8   130.928   -33.168     9.094
 8     0.898    -0.036     0.437
 8    -0.389    -0.527     0.755
 8     0.203    -0.849    -0.488
 9   156.523   -37.851    10.634
 9     0.946     0.227    -0.230
 9    -0.216     0.974     0.071
 9     0.240    -0.017     0.970
 2    97.627   -19.434    59.074
 2     0.703    -0.712     0.003
 2     0.711     0.702     0.030
 2    -0.022    -0.019     0.999
 3   128.243    -1.668     1.310
 3     0.243    -0.158    -0.957
 3     0.081     0.986    -0.141
 3     0.966    -0.044     0.252
 4   114.127    17.162    -9.107
 4     0.645    -0.633     0.431
 4     0.764     0.520    -0.381
 4     0.017     0.574     0.818
 5   133.523    22.877    17.307
 5    -0.839    -0.046     0.542
 5    -0.257     0.912    -0.319
 5    -0.480    -0.407    -0.777
 6   160.174    27.010    10.380
 6     0.995    -0.090    -0.029
 6     0.083     0.980    -0.182
 6     0.044     0.178     0.983
 7   109.773   -19.548    -7.179
 7     0.198     0.726     0.659
 7    -0.978     0.194     0.078
 7    -0.072    -0.659     0.748
 8   131.750   -33.378     6.007
 8     0.922    -0.134     0.364
 8    -0.381    -0.488     0.785
 8     0.072    -0.862    -0.501
 9   157.314   -37.925     2.874
 9     0.974     0.215    -0.077
 9    -0.213     0.976     0.030
 9     0.081    -0.013     0.996
 2    97.627   -19.434    59.074
 2     0.702    -0.713     0.003
 2     0.711     0.701     0.030
 2    -0.022    -0.020     0.999
 3   128.175    -1.747     1.207
 3     0.252    -0.156    -0.955
 3     0.086     0.986    -0.138
 3     0.964    -0.048     0.262
 4   113.120    16.417    -9.566
 4     0.651    -0.587     0.483
 4     0.755     0.563    -0.335
 4    -0.075     0.581     0.809
 5   134.560    23.228    13.684
 5    -0.883    -0.083     0.461
 5    -0.270     0.895    -0.354
 5    -0.383    -0.438    -0.813
 6   160.158    26.575     3.124
 6     0.992    -0.043     0.115
 6     0.062     0.985    -0.161
 6    -0.106     0.168     0.980
 7   109.407   -19.439    -7.518
 7     0.201     0.693     0.692
 7    -0.970     0.237     0.043
 7    -0.134    -0.680     0.720
 8   132.086   -33.557     2.808
 8     0.926    -0.219     0.307
 8    -0.375    -0.446     0.813
 8    -0.041    -0.868    -0.495
 9   157.017   -38.138    -3.770
 9     0.975     0.215     0.054
 9    -0.215     0.976    -0.001
 9    -0.053    -0.010     0.998
 2    97.627   -19.434    59.074
 2     0.702    -0.713     0.003
 2     0.711     0.701     0.030
 2    -0.022    -0.020     0.999
 3   128.126    -1.746     1.106
 3     0.252    -0.157    -0.955
 3     0.087     0.986    -0.139
 3     0.964    -0.049     0.262
 4   112.277    15.674   -10.137
 4     0.651    -0.548     0.527
 4     0.741     0.606    -0.287
 4    -0.162     0.577     0.800
 5   135.466    23.179    10.448
 5    -0.916    -0.107     0.387
 5    -0.271     0.876    -0.398
 5    -0.297    -0.469    -0.832
 6   159.507    25.523    -3.134
 6     0.973     0.002     0.231
 6     0.033     0.989    -0.141
 6    -0.228     0.146     0.962
 7   109.197   -19.220    -7.786
 7     0.200     0.675     0.711
 7    -0.964     0.266     0.017
 7    -0.178    -0.688     0.703
 8   131.918   -33.641     0.507
 8     0.920    -0.284     0.271
 8    -0.373    -0.418     0.828
 8    -0.122    -0.863    -0.490
 9   155.947   -38.491    -9.275
 9     0.961     0.221     0.164
 9    -0.221     0.975    -0.021
 9    -0.165    -0.016     0.986
 2    97.627   -19.434    59.074
 2     0.703    -0.712     0.003
 2     0.711     0.702     0.030
 2    -0.022    -0.019     0.999
 3   128.122    -1.843     0.999
 3     0.250    -0.146    -0.957
 3     0.095     0.987    -0.126
 3     0.963    -0.061     0.261
 4   111.230    14.476   -10.789
 4     0.640    -0.501     0.584
 4     0.718     0.658    -0.223
 4    -0.273     0.561     0.781
 5   136.156    22.995     5.667
 5    -0.946    -0.150     0.287
 5    -0.274     0.844    -0.461
 5    -0.173    -0.514    -0.840
 6   158.207    24.504   -11.385
 6     0.929     0.025     0.369
 6     0.015     0.995    -0.099
 6    -0.369     0.100     0.924
 7   108.769   -19.159    -7.967
 7     0.201     0.646     0.737
 7    -0.951     0.307    -0.010
 7    -0.233    -0.699     0.675
 8   131.567   -33.740    -3.176
 8     0.898    -0.384     0.215
 8    -0.361    -0.364     0.858
 8    -0.251    -0.849    -0.466
 9   153.751   -38.270   -17.529
 9     0.917     0.220     0.333
 9    -0.212     0.975    -0.061
 9    -0.338    -0.016     0.941
 2    97.625   -19.435    59.076
 2     0.702    -0.713     0.004
 2     0.711     0.701     0.030
 2    -0.023    -0.019     0.999
 3   128.028    -1.968     0.764
 3     0.258    -0.126    -0.958
 3     0.109     0.989    -0.101
 3     0.960    -0.079     0.269
 4   110.076    13.429   -11.146
 4     0.618    -0.454     0.643
 4     0.700     0.688    -0.188
 4    -0.357     0.566     0.742
 5   136.332    22.890     0.678
 5    -0.959    -0.212     0.187
 5    -0.280     0.803    -0.526
 5    -0.039    -0.557    -0.830
 6   155.691    23.631   -19.513
 6     0.864     0.033     0.503
 6     0.007     0.997    -0.071
 6    -0.504     0.067     0.861
 7   108.041   -18.784    -8.291
 7     0.194     0.621     0.760
 7    -0.935     0.351    -0.050
 7    -0.298    -0.701     0.648
 8   130.331   -33.458    -6.896
 8     0.865    -0.471     0.172
 8    -0.343    -0.304     0.889
 8    -0.366    -0.828    -0.425
 9   150.561   -37.251   -25.111
 9     0.854     0.219     0.473
 9    -0.192     0.975    -0.107
 9    -0.484    -0.000     0.875
 2    97.627   -19.434    59.074
 2     0.702    -0.713     0.003
 2     0.711     0.701     0.029
 2    -0.022    -0.020     0.999
 3   127.767    -2.028     0.519
 3     0.272    -0.110    -0.956
 3     0.119     0.989    -0.080
 3     0.955    -0.093     0.282
 4   108.702    12.608   -11.508
 4     0.581    -0.426     0.695
 4     0.696     0.701    -0.153
 4    -0.422     0.572     0.702
 5   135.667    22.860    -3.734
 5    -0.953    -0.284     0.107
 5    -0.293     0.769    -0.568
 5     0.079    -0.573    -0.816
 6   152.514    23.334   -25.954
 6     0.792     0.032     0.610
 6     0.005     0.998    -0.053
 6    -0.610     0.047     0.791
 7   107.385   -18.539    -8.505
 7     0.192     0.594     0.781
 7    -0.920     0.384    -0.068
 7    -0.341    -0.706     0.620
 8   128.747   -33.198   -10.205
 8     0.820    -0.555     0.144
 8    -0.331    -0.252     0.909
 8    -0.468    -0.793    -0.390
 9   146.873   -36.860   -31.433
 9     0.776     0.230     0.588
 9    -0.186     0.973    -0.136
 9    -0.603    -0.004     0.797
 2    97.625   -19.435    59.076
 2     0.702    -0.713     0.004
 2     0.711     0.701     0.030
 2    -0.023    -0.019     0.999
 3   127.583    -2.225     0.195
 3     0.295    -0.096    -0.951
 3     0.126     0.990    -0.060
 3     0.947    -0.103     0.304
 4   107.822    11.940   -11.694
 4     0.553    -0.408     0.727
 4     0.695     0.706    -0.133
 4    -0.459     0.578     0.673
 5   134.901    22.865    -6.862
 5    -0.936    -0.347     0.055
 5    -0.308     0.736    -0.603
 5     0.168    -0.582    -0.796
 6   149.193    23.154   -31.436
 6     0.720     0.026     0.693
 6     0.011     0.999    -0.042
 6    -0.693     0.038     0.719
 7   106.635   -18.152    -8.691
 7     0.169     0.563     0.809
 7    -0.907     0.410    -0.097
 7    -0.387    -0.718     0.579
 8   126.584   -33.325   -13.135
 8     0.756    -0.639     0.144
 8    -0.337    -0.190     0.922
 8    -0.561    -0.746    -0.358
 9   141.756   -36.916   -37.221
 9     0.676     0.247     0.694
 9    -0.183     0.969    -0.167
 9    -0.714    -0.015     0.700
 2    97.625   -19.435    59.076
 2     0.702    -0.713     0.004
 2     0.711     0.701     0.030
 2    -0.023    -0.019     0.999
 3   127.399    -2.427    -0.203
 3     0.323    -0.073    -0.944
 3     0.128     0.991    -0.033
 3     0.938    -0.111     0.329
 4   106.741    11.328   -11.789
 4     0.519    -0.394     0.759
 4     0.698     0.707    -0.111
 4    -0.493     0.587     0.641
 5   133.917    23.085   -10.216
 5    -0.907    -0.421    -0.002
 5    -0.325     0.702    -0.634
 5     0.268    -0.575    -0.773
 6   144.813    23.028   -36.568
 6     0.628     0.027     0.778
 6     0.010     0.999    -0.037
 6    -0.778     0.031     0.627
 7   105.887   -17.807    -8.839
 7     0.141     0.537     0.832
 7    -0.897     0.425    -0.123
 7    -0.420    -0.729     0.541
 8   124.049   -33.128   -15.779
 8     0.677    -0.723     0.138
 8    -0.338    -0.139     0.931
 8    -0.654    -0.677    -0.338
 9   135.996   -36.682   -42.533
 9     0.553     0.248     0.797
 9    -0.178     0.968    -0.178
 9    -0.814    -0.044     0.577
 2    97.627   -19.434    59.074
 2     0.702    -0.713     0.003
 2     0.711     0.701     0.029
 2    -0.022    -0.020     0.999
 3   127.111    -2.332    -0.668
 3     0.351    -0.070    -0.934
 3     0.118     0.992    -0.029
 3     0.929    -0.101     0.356
 4   105.655    11.185   -11.567
 4     0.485    -0.378     0.789
 4     0.706     0.700    -0.099
 4    -0.516     0.605     0.606
 5   132.570    23.284   -13.152
 5    -0.870    -0.488    -0.067
 5    -0.334     0.683    -0.649
 5     0.362    -0.543    -0.758
 6   140.217    23.445   -40.791
 6     0.532     0.036     0.847
 6     0.028     0.998    -0.056
 6    -0.846     0.052     0.529
 7   105.157   -17.349    -8.850
 7     0.123     0.494     0.861
 7    -0.885     0.446    -0.130
 7    -0.448    -0.746     0.492
 8   121.330   -32.824   -17.905
 8     0.583    -0.803     0.125
 8    -0.345    -0.105     0.932
 8    -0.736    -0.587    -0.338
 9   129.640   -36.322   -46.726
 9     0.418     0.217     0.883
 9    -0.172     0.972    -0.159
 9    -0.892    -0.086     0.442
 2    97.627   -19.433    59.073
 2     0.702    -0.713     0.004
 2     0.712     0.701     0.029
 2    -0.022    -0.019     0.999
 3   126.873    -2.257    -1.137
 3     0.376    -0.072    -0.924
 3     0.110     0.993    -0.032
 3     0.920    -0.090     0.382
 4   104.859    10.944   -11.359
 4     0.457    -0.358     0.815
 4     0.711     0.696    -0.094
 4    -0.534     0.623     0.572
 5   131.431    23.349   -15.520
 5    -0.830    -0.545    -0.124
 5    -0.340     0.667    -0.662
 5     0.443    -0.508    -0.739
 6   135.976    23.258   -44.109
 6     0.441     0.057     0.896
 6     0.026     0.997    -0.069
 6    -0.897     0.050     0.437
 7   104.470   -17.194    -8.657
 7     0.073     0.459     0.885
 7    -0.884     0.441    -0.156
 7    -0.462    -0.771     0.438
 8   118.744   -33.312   -18.896
 8     0.489    -0.863     0.129
 8    -0.366    -0.068     0.928
 8    -0.792    -0.501    -0.349
 9   123.461   -37.251   -49.150
 9     0.287     0.199     0.937
 9    -0.173     0.973    -0.154
 9    -0.942    -0.117     0.313
 2    97.627   -19.434    59.074
 2     0.702    -0.713     0.003
 2     0.711     0.701     0.029
 2    -0.022    -0.020     0.999
 3   126.644    -2.649    -1.795
 3     0.412    -0.050    -0.910
 3     0.099     0.995    -0.010
 3     0.906    -0.087     0.414
 4   103.836    10.518   -11.189
 4     0.423    -0.322     0.847
 4     0.713     0.694    -0.092
 4    -0.559     0.643     0.523
 5   129.926    23.313   -18.168
 5    -0.769    -0.608    -0.203
 5    -0.348     0.660    -0.664
 5     0.537    -0.441    -0.719
 6   129.622    23.369   -47.903
 6     0.310     0.094     0.947
 6     0.040     0.993    -0.106
 6    -0.950     0.067     0.303
 7   103.378   -16.922    -8.467
 7     0.011     0.429     0.903
 7    -0.877     0.438    -0.197
 7    -0.480    -0.790     0.381
 8   115.659   -33.667   -19.842
 8     0.399    -0.906     0.141
 8    -0.378    -0.022     0.926
 8    -0.835    -0.423    -0.351
 9   117.428   -37.681   -50.775
 9     0.168     0.180     0.969
 9    -0.173     0.973    -0.151
 9    -0.970    -0.141     0.194
 2    97.627   -19.434    59.074
 2     0.702    -0.713     0.003
 2     0.711     0.701     0.030
 2    -0.022    -0.020     0.999
 3   126.357    -2.963    -2.550
 3     0.447    -0.036    -0.894
 3     0.092     0.996     0.006
 3     0.890    -0.085     0.448
 4   102.779    10.129   -10.713
 4     0.371    -0.285     0.884
 4     0.724     0.684    -0.084
 4    -0.581     0.671     0.460
 5   127.727    23.616   -20.979
 5    -0.674    -0.682    -0.287
 5    -0.372     0.646    -0.665
 5     0.638    -0.342    -0.689
 6   121.739    24.076   -50.895
 6     0.152     0.097     0.984
 6     0.054     0.993    -0.104
 6    -0.987     0.066     0.144
 7   102.776   -16.983    -8.284
 7    -0.026     0.375     0.926
 7    -0.870     0.448    -0.206
 7    -0.492    -0.811     0.315
 8   113.619   -33.927   -20.469
 8     0.307    -0.945     0.115
 8    -0.379    -0.011     0.925
 8    -0.873    -0.328    -0.361
 9   112.208   -38.490   -51.691
 9     0.036     0.055     0.998
 9    -0.188     0.981    -0.048
 9    -0.981    -0.185     0.045
 2    97.627   -19.434    59.074
 2     0.702    -0.713     0.003
 2     0.711     0.701     0.030
 2    -0.022    -0.020     0.999
 3   126.103    -3.300    -3.558
 3     0.486    -0.028    -0.874
 3     0.095     0.995     0.021
 3     0.869    -0.094     0.486
 4   101.400     9.547   -10.252
 4     0.307    -0.260     0.915
 4     0.739     0.670    -0.058
 4    -0.599     0.695     0.398
 5   125.154    23.991   -23.109
 5    -0.576    -0.744    -0.342
 5    -0.403     0.620    -0.672
 5     0.711    -0.250    -0.656
 6   113.818    24.914   -53.393
 6     0.012     0.145     0.989
 6     0.072     0.987    -0.144
 6    -0.997     0.069     0.001
 7   101.812   -17.114    -7.929
 7    -0.059     0.327     0.943
 7    -0.867     0.452    -0.211
 7    -0.496    -0.830     0.256
 8   111.448   -34.061   -20.711
 8     0.235    -0.968     0.085
 8    -0.376    -0.009     0.927
 8    -0.896    -0.249    -0.366
 9   107.979   -38.803   -51.794
 9    -0.058    -0.011     0.998
 9    -0.193     0.981    -0.001
 9    -0.979    -0.191    -0.060
 2    97.627   -19.433    59.073
 2     0.702    -0.713     0.003
 2     0.712     0.701     0.029
 2    -0.022    -0.019     0.999
 3   125.568    -3.440    -4.110
 3     0.526    -0.025    -0.850
 3     0.090     0.995     0.027
 3     0.846    -0.091     0.525
 4   100.352     9.313    -9.888
 4     0.273    -0.228     0.934
 4     0.741     0.669    -0.053
 4    -0.613     0.707     0.351
 5   123.622    23.988   -24.116
 5    -0.518    -0.762    -0.393
 5    -0.406     0.620    -0.670
 5     0.753    -0.188    -0.630
 6   108.843    25.338   -54.792
 6    -0.085     0.189     0.978
 6     0.064     0.981    -0.183
 6    -0.994     0.044    -0.096
 7   101.137   -17.068    -7.582
 7    -0.086     0.292     0.952
 7    -0.862     0.457    -0.218
 7    -0.500    -0.840     0.213
 8   110.088   -34.206   -20.851
 8     0.185    -0.980     0.072
 8    -0.375    -0.002     0.927
 8    -0.908    -0.199    -0.368
 9   105.426   -38.870   -51.732
 9    -0.127    -0.064     0.990
 9    -0.199     0.979     0.037
 9    -0.972    -0.191    -0.138
 2    97.627   -19.434    59.074
 2     0.702    -0.713     0.003
 2     0.711     0.701     0.029
 2    -0.022    -0.020     0.999
 3   125.302    -3.455    -4.366
 3     0.541    -0.025    -0.841
 3     0.088     0.996     0.027
 3     0.837    -0.089     0.540
 4    99.850     9.188    -9.713
 4     0.255    -0.220     0.942
 4     0.744     0.666    -0.046
 4    -0.617     0.713     0.333
 5   122.830    24.096   -24.377
 5    -0.494    -0.769    -0.410
 5    -0.413     0.619    -0.667
 5     0.765    -0.161    -0.622
 6   107.272    25.915   -54.879
 6    -0.119     0.208     0.971
 6     0.077     0.977    -0.199
 6    -0.990     0.049    -0.133
 7   100.758   -17.016    -7.479
 7    -0.099     0.279     0.955
 7    -0.862     0.455    -0.223
 7    -0.497    -0.845     0.196
 8   109.407   -34.252   -20.731
 8     0.170    -0.983     0.064
 8    -0.384    -0.005     0.923
 8    -0.907    -0.182    -0.378
 9   104.282   -39.705   -51.639
 9    -0.152    -0.110     0.982
 9    -0.232     0.970     0.072
 9    -0.961    -0.215    -0.174
 2    97.627   -19.433    59.073
 2     0.702    -0.713     0.003
 2     0.712     0.701     0.029
 2    -0.022    -0.019     0.999
 3   124.988    -3.470    -4.394
 3     0.553    -0.023    -0.833
 3     0.084     0.996     0.029
 3     0.828    -0.086     0.553
 4    99.547     9.222    -9.556
 4     0.244    -0.218     0.945
 4     0.750     0.659    -0.042
 4    -0.614     0.720     0.323
 5   122.447    24.436   -24.135
 5    -0.490    -0.774    -0.406
 5    -0.428     0.615    -0.661
 5     0.760    -0.150    -0.632
 6   107.256    26.624   -54.469
 6    -0.112     0.193     0.974
 6     0.094     0.979    -0.182
 6    -0.989     0.069    -0.129
 7   100.474   -17.015    -7.298
 7    -0.109     0.270     0.957
 7    -0.862     0.453    -0.226
 7    -0.495    -0.850     0.183
 8   109.050   -34.302   -20.592
 8     0.162    -0.985     0.066
 8    -0.388    -0.001     0.922
 8    -0.907    -0.175    -0.382
 9   103.815   -39.661   -51.522
 9    -0.157    -0.099     0.982
 9    -0.229     0.972     0.061
 9    -0.961    -0.214    -0.176
 2    97.627   -19.433    59.073
 2     0.702    -0.713     0.004
 2     0.712     0.701     0.029
 2    -0.022    -0.019     0.999
 3   124.882    -3.481    -4.510
 3     0.565    -0.023    -0.825
 3     0.081     0.996     0.028
 3     0.821    -0.083     0.564
 4    99.400     9.377    -9.539
 4     0.241    -0.219     0.946
 4     0.753     0.656    -0.041
 4    -0.612     0.722     0.322
 5   122.255    24.679   -23.882
 5    -0.495    -0.781    -0.384
 5    -0.438     0.603    -0.666
 5     0.750    -0.162    -0.639
 6   107.917    26.628   -54.134
 6    -0.089     0.157     0.983
 6     0.090     0.985    -0.149
 6    -0.992     0.073    -0.103
 7   100.425   -16.989    -7.247
 7    -0.108     0.267     0.958
 7    -0.862     0.455    -0.224
 7    -0.495    -0.850     0.181
 8   109.075   -34.249   -20.501
 8     0.166    -0.984     0.066
 8    -0.390    -0.003     0.921
 8    -0.906    -0.178    -0.384
 9   104.088   -39.670   -51.474
 9    -0.151    -0.084     0.985
 9    -0.227     0.973     0.048
 9    -0.962    -0.215    -0.166
 2    97.627   -19.434    59.074
 2     0.702    -0.713     0.003
 2     0.711     0.701     0.029
 2    -0.022    -0.020     0.999
 3   124.879    -3.432    -4.505
 3     0.566    -0.022    -0.824
 3     0.081     0.996     0.029
 3     0.820    -0.084     0.566
 4    99.403     9.276    -9.660
 4     0.240    -0.229     0.943
 4     0.753     0.656    -0.033
 4    -0.612     0.719     0.330
 5   122.424    24.704   -23.715
 5    -0.510    -0.787    -0.353
 5    -0.440     0.587    -0.678
 5     0.739    -0.191    -0.645
 6   110.493    25.806   -53.571
 6    -0.028     0.126     0.991
 6     0.088     0.989    -0.122
 6    -0.996     0.081    -0.040
 7   100.477   -17.164    -7.231
 7    -0.106     0.270     0.957
 7    -0.864     0.452    -0.223
 7    -0.493    -0.850     0.185
 8   109.734   -34.589   -20.256
 8     0.201    -0.976     0.079
 8    -0.399    -0.008     0.917
 8    -0.895    -0.216    -0.391
 9   106.457   -40.395   -51.033
 9    -0.088    -0.040     0.995
 9    -0.247     0.969     0.016
 9    -0.965    -0.243    -0.095
 2    97.627   -19.433    59.073
 2     0.702    -0.713     0.003
 2     0.712     0.701     0.029
 2    -0.022    -0.019     0.999
 3   124.966    -3.554    -4.199
 3     0.561    -0.031    -0.827
 3     0.078     0.997     0.016
 3     0.824    -0.074     0.561
 4   100.221     9.549   -10.061
 4     0.288    -0.245     0.926
 4     0.745     0.664    -0.056
 4    -0.602     0.706     0.373
 5   124.605    23.945   -22.224
 5    -0.608    -0.740    -0.289
 5    -0.415     0.605    -0.679
 5     0.676    -0.293    -0.675
 6   119.199    25.338   -51.140
 6     0.141     0.075     0.987
 6     0.108     0.990    -0.089
 6    -0.984     0.117     0.130
 7   101.178   -17.456    -7.290
 7    -0.086     0.292     0.952
 7    -0.872     0.440    -0.214
 7    -0.482    -0.849     0.217
 8   112.325   -34.954   -19.506
 8     0.300    -0.950     0.090
 8    -0.419    -0.046     0.906
 8    -0.857    -0.310    -0.412
 9   112.751   -42.016   -49.833
 9     0.049     0.014     0.999
 9    -0.306     0.953     0.001
 9    -0.951    -0.304     0.051
 2    97.627   -19.433    59.073
 2     0.702    -0.713     0.004
 2     0.712     0.701     0.029
 2    -0.022    -0.019     0.999
 3   125.416    -3.575    -3.344
 3     0.531    -0.060    -0.845
 3     0.083     0.996    -0.017
 3     0.843    -0.062     0.534
 4   101.534     9.785   -10.608
 4     0.343    -0.291     0.893
 4     0.739     0.670    -0.066
 4    -0.580     0.683     0.444
 5   126.984    23.773   -19.625
 5    -0.707    -0.677    -0.208
 5    -0.404     0.625    -0.667
 5     0.581    -0.388    -0.716
 6   127.157    25.550   -48.092
 6     0.307     0.029     0.952
 6     0.118     0.991    -0.065
 6    -0.944     0.130     0.299
 7   102.370   -18.383    -7.300
 7    -0.008     0.300     0.954
 7    -0.896     0.421    -0.140
 7    -0.444    -0.856     0.265
 8   116.519   -35.420   -17.822
 8     0.443    -0.893     0.088
 8    -0.427    -0.122     0.896
 8    -0.788    -0.434    -0.435
 9   121.625   -43.198   -46.868
 9     0.237     0.102     0.966
 9    -0.342     0.940    -0.017
 9    -0.910    -0.325     0.257
 2    97.627   -19.434    59.074
 2     0.702    -0.713     0.003
 2     0.711     0.701     0.029
 2    -0.022    -0.020     0.999
 3   125.481    -3.584    -2.438
 3     0.500    -0.095    -0.861
 3     0.115     0.992    -0.042
 3     0.858    -0.079     0.507
 4   102.392     9.999   -10.857
 4     0.375    -0.328     0.867
 4     0.737     0.672    -0.064
 4    -0.562     0.663     0.493
 5   128.701    23.651   -16.663
 5    -0.780    -0.612    -0.135
 5    -0.397     0.649    -0.648
 5     0.483    -0.453    -0.750
 6   133.192    26.214   -44.339
 6     0.434     0.009     0.901
 6     0.130     0.989    -0.069
 6    -0.891     0.146     0.427
 7   103.191   -19.204    -6.968
 7     0.081     0.290     0.953
 7    -0.909     0.413    -0.049
 7    -0.408    -0.863     0.298
 8   120.468   -35.465   -15.249
 8     0.584    -0.807     0.091
 8    -0.421    -0.204     0.884
 8    -0.694    -0.555    -0.458
 9   130.202   -43.532   -42.271
 9     0.417     0.167     0.894
 9    -0.356     0.934    -0.010
 9    -0.836    -0.314     0.448
 2    97.627   -19.434    59.074
 2     0.702    -0.713     0.003
 2     0.711     0.701     0.030
 2    -0.022    -0.020     0.999
 3   125.727    -3.405    -1.897
 3     0.477    -0.124    -0.870
 3     0.130     0.989    -0.069
 3     0.869    -0.081     0.488
 4   103.515    10.610   -10.687
 4     0.402    -0.365     0.840
 4     0.744     0.664    -0.068
 4    -0.534     0.652     0.538
 5   130.159    23.930   -13.481
 5    -0.831    -0.552    -0.069
 5    -0.394     0.671    -0.627
 5     0.391    -0.495    -0.776
 6   138.160    26.929   -40.231
 6     0.531     0.016     0.847
 6     0.136     0.986    -0.100
 6    -0.836     0.168     0.521
 7   104.060   -19.362    -6.736
 7     0.152     0.322     0.934
 7    -0.913     0.407     0.008
 7    -0.378    -0.854     0.356
 8   124.421   -34.933   -11.814
 8     0.715    -0.693     0.093
 8    -0.403    -0.299     0.865
 8    -0.572    -0.656    -0.493
 9   139.006   -43.117   -35.055
 9     0.604     0.215     0.767
 9    -0.366     0.930     0.028
 9    -0.707    -0.298     0.640
 2    97.627   -19.433    59.073
 2     0.702    -0.713     0.003
 2     0.712     0.701     0.030
 2    -0.022    -0.019     0.999
 3   125.961    -3.023    -1.345
 3     0.451    -0.145    -0.881
 3     0.136     0.986    -0.092
 3     0.882    -0.079     0.464
 4   104.683    11.679   -10.365
 4     0.443    -0.384     0.811
 4     0.745     0.659    -0.095
 4    -0.498     0.647     0.577
 5   131.808    24.022    -9.669
 5    -0.884    -0.468    -0.009
 5    -0.371     0.712    -0.595
 5     0.284    -0.523    -0.803
 6   143.393    27.409   -35.063
 6     0.637     0.021     0.771
 6     0.139     0.980    -0.138
 6    -0.758     0.195     0.621
 7   104.658   -19.487    -6.649
 7     0.188     0.386     0.903
 7    -0.919     0.392     0.023
 7    -0.345    -0.835     0.429
 8   127.172   -34.227    -7.772
 8     0.817    -0.565     0.114
 8    -0.385    -0.387     0.838
 8    -0.429    -0.729    -0.533
 9   145.499   -42.509   -27.136
 9     0.745     0.231     0.626
 9    -0.354     0.932     0.076
 9    -0.566    -0.278     0.776
 2    97.627   -19.434    59.074
 2     0.702    -0.713     0.003
 2     0.711     0.701     0.029
 2    -0.022    -0.020     0.999
 3   126.310    -2.874    -0.904
 3     0.424    -0.148    -0.894
 3     0.130     0.986    -0.100
 3     0.896    -0.075     0.437
 4   106.123    12.664   -10.014
 4     0.495    -0.409     0.767
 4     0.747     0.650    -0.135
 4    -0.444     0.640     0.627
 5   133.485    23.583    -5.491
 5    -0.927    -0.370     0.049
 5    -0.336     0.769    -0.544
 5     0.163    -0.521    -0.838
 6   148.675    27.701   -28.295
 6     0.741     0.018     0.672
 6     0.145     0.972    -0.182
 6    -0.656     0.233     0.718
 7   105.704   -19.697    -6.729
 7     0.236     0.446     0.864
 7    -0.924     0.377     0.057
 7    -0.301    -0.812     0.500
 8   129.377   -33.966    -3.813
 8     0.884    -0.443     0.152
 8    -0.371    -0.465     0.803
 8    -0.285    -0.766    -0.575
 9   150.919   -42.049   -18.076
 9     0.855     0.275     0.439
 9    -0.353     0.930     0.104
 9    -0.380    -0.243     0.892
 2    97.627   -19.433    59.073
 2     0.702    -0.713     0.003
 2     0.712     0.701     0.030
 2    -0.022    -0.019     0.999
 3   126.810    -2.794    -0.629
 3     0.387    -0.151    -0.910
 3     0.118     0.986    -0.113
 3     0.914    -0.064     0.400
 4   107.845    13.525    -9.691
 4     0.545    -0.450     0.709
 4     0.756     0.628    -0.183
 4    -0.363     0.635     0.681
 5   134.426    23.390    -0.413
 5    -0.948    -0.283     0.145
 5    -0.317     0.807    -0.498
 5     0.023    -0.518    -0.855
 6   153.327    28.162   -20.409
 6     0.839    -0.010     0.545
 6     0.151     0.965    -0.211
 6    -0.523     0.260     0.811
 7   106.771   -20.171    -6.719
 7     0.279     0.512     0.813
 7    -0.931     0.350     0.098
 7    -0.235    -0.784     0.574
 8   130.761   -33.624     0.146
 8     0.920    -0.335     0.201
 8    -0.361    -0.530     0.767
 8    -0.150    -0.779    -0.609
 9   153.989   -41.994    -9.130
 9     0.915     0.319     0.246
 9    -0.358     0.924     0.133
 9    -0.185    -0.209     0.960
 2    97.627   -19.433    59.073
 2     0.702    -0.713     0.003
 2     0.712     0.701     0.029
 2    -0.022    -0.019     0.999
 3   126.978    -2.697    -0.397
 3     0.355    -0.155    -0.922
 3     0.100     0.987    -0.126
 3     0.929    -0.048     0.365
 4   109.342    14.490    -9.458
 4     0.588    -0.486     0.647
 4     0.760     0.605    -0.236
 4    -0.277     0.630     0.724
 5   134.799    23.263     4.001
 5    -0.946    -0.218     0.241
 5    -0.307     0.840    -0.447
 5    -0.105    -0.496    -0.862
 6   156.225    28.961   -13.074
 6     0.904    -0.057     0.423
 6     0.170     0.957    -0.232
 6    -0.392     0.284     0.875
 7   107.426   -20.528    -6.545
 7     0.292     0.583     0.758
 7    -0.942     0.313     0.121
 7    -0.167    -0.750     0.640
 8   131.246   -33.222     3.888
 8     0.936    -0.238     0.257
