% Calibrated with leiden_pols
% Positions are in centimeters
Data =[
 2    97.677   -19.434    59.074
 2     0.703    -0.712     0.004
 2     0.711     0.702     0.030
 2    -0.022    -0.019     0.999
 3   129.203    -1.804     1.224
 3     0.216    -0.156    -0.964
 3     0.040     0.988    -0.151
 3     0.975    -0.007     0.220
 4   115.820    18.837    -7.713
 4     0.306    -0.920     0.247
 4     0.862     0.157    -0.482
 4     0.404     0.359     0.841
 5   110.034    16.298    29.998
 5    -0.114    -0.172     0.978
 5    -0.137     0.978     0.156
 5    -0.984    -0.116    -0.135
 6   123.230    27.891    49.843
 6     0.135    -0.693    -0.711
 6     0.247     0.715    -0.651
 6     0.959    -0.090     0.266
 7   112.000   -20.474    -6.854
 7     0.190     0.874     0.447
 7    -0.955     0.059     0.289
 7     0.227    -0.482     0.846
 8   113.185   -28.697    18.146
 8     0.156     0.526     0.836
 8    -0.277    -0.789     0.548
 8     0.948    -0.316     0.024
 9   122.896   -34.061    46.511
 9     0.206     0.560    -0.804
 9    -0.128     0.828     0.543
 9     0.970    -0.008     0.242
 2    97.625   -19.435    59.026
 2     0.703    -0.712     0.004
 2     0.711     0.702     0.030
 2    -0.023    -0.019     0.999
 3   129.153    -1.805     1.224
 3     0.217    -0.156    -0.964
 3     0.040     0.988    -0.150
 3     0.975    -0.007     0.221
 4   115.745    18.837    -7.688
 4     0.307    -0.919     0.247
 4     0.862     0.157    -0.482
 4     0.404     0.360     0.840
 5   109.994    16.247    30.007
 5    -0.117    -0.174     0.977
 5    -0.137     0.978     0.158
 5    -0.984    -0.116    -0.138
 6   123.230    27.942    49.843
 6     0.135    -0.694    -0.710
 6     0.247     0.714    -0.652
 6     0.959    -0.090     0.266
 7   111.953   -20.474    -6.857
 7     0.190     0.874     0.448
 7    -0.955     0.058     0.290
 7     0.228    -0.482     0.846
 8   113.163   -28.697    18.147
 8     0.155     0.524     0.837
 8    -0.276    -0.791     0.546
 8     0.948    -0.316     0.022
 9   122.835   -34.065    46.523
 9     0.207     0.559    -0.804
 9    -0.129     0.829     0.542
 9     0.969    -0.007     0.243
 2    97.625   -19.435    59.077
 2     0.703    -0.712     0.004
 2     0.711     0.702     0.030
 2    -0.023    -0.019     0.999
 3   129.128    -1.804     1.224
 3     0.217    -0.157    -0.964
 3     0.041     0.987    -0.152
 3     0.975    -0.008     0.220
 4   115.745    18.837    -7.688
 4     0.306    -0.920     0.247
 4     0.862     0.157    -0.481
 4     0.404     0.360     0.841
 5   109.993    16.298    30.007
 5    -0.117    -0.175     0.978
 5    -0.137     0.978     0.158
 5    -0.984    -0.116    -0.138
 6   123.179    27.942    49.843
 6     0.135    -0.695    -0.710
 6     0.248     0.713    -0.652
 6     0.959    -0.090     0.266
 7   112.002   -20.473    -6.857
 7     0.191     0.874     0.447
 7    -0.955     0.059     0.290
 7     0.228    -0.482     0.846
 8   113.162   -28.697    18.147
 8     0.155     0.524     0.838
 8    -0.277    -0.791     0.545
 8     0.948    -0.316     0.023
 9   122.844   -34.037    46.509
 9     0.206     0.558    -0.805
 9    -0.129     0.829     0.541
 9     0.970    -0.006     0.242
 2    97.625   -19.435    59.077
 2     0.703    -0.712     0.004
 2     0.711     0.702     0.030
 2    -0.023    -0.019     0.999
 3   129.127    -1.802     1.249
 3     0.216    -0.158    -0.964
 3     0.042     0.987    -0.152
 3     0.975    -0.008     0.219
 4   115.962    18.770    -7.621
 4     0.312    -0.922     0.227
 4     0.853     0.167    -0.493
 4     0.417     0.347     0.839
 5   109.991    16.535    30.125
 5    -0.108    -0.151     0.983
 5    -0.135     0.981     0.136
 5    -0.985    -0.118    -0.126
 6   123.891    27.799    50.032
 6     0.153    -0.652    -0.745
 6     0.242     0.753    -0.609
 6     0.958    -0.090     0.271
 7   111.943   -20.417    -6.761
 7     0.190     0.880     0.435
 7    -0.953     0.058     0.298
 7     0.237    -0.471     0.850
 8   113.192   -28.740    18.169
 8     0.160     0.521     0.838
 8    -0.275    -0.792     0.544
 8     0.948    -0.318     0.017
 9   123.391   -34.398    46.346
 9     0.217     0.559    -0.802
 9    -0.135     0.829     0.540
 9     0.967    -0.008     0.254
 2    97.625   -19.435    59.077
 2     0.703    -0.712     0.004
 2     0.711     0.702     0.030
 2    -0.023    -0.019     0.999
 3   129.040    -1.750     1.286
 3     0.215    -0.158    -0.964
 3     0.041     0.987    -0.153
 3     0.976    -0.008     0.219
 4   115.859    18.850    -7.513
 4     0.315    -0.924     0.216
 4     0.849     0.172    -0.500
 4     0.424     0.340     0.839
 5   110.493    17.806    30.711
 5    -0.151    -0.076     0.985
 5    -0.191     0.980     0.047
 5    -0.970    -0.181    -0.162
 6   126.972    28.669    49.270
 6     0.254    -0.592    -0.768
 6     0.244     0.804    -0.539
 6     0.936    -0.053     0.347
 7   111.848   -20.337    -6.778
 7     0.194     0.883     0.426
 7    -0.951     0.062     0.303
 7     0.241    -0.464     0.852
 8   114.082   -29.467    18.399
 8     0.219     0.513     0.830
 8    -0.327    -0.763     0.557
 8     0.919    -0.393     0.001
 9   126.360   -34.831    45.269
 9     0.294     0.490    -0.823
 9    -0.137     0.871     0.469
 9     0.946    -0.025     0.322
 2    97.625   -19.435    59.077
 2     0.703    -0.712     0.004
 2     0.711     0.702     0.030
 2    -0.023    -0.019     0.999
 3   128.951    -1.677     1.247
 3     0.218    -0.161    -0.963
 3     0.041     0.987    -0.155
 3     0.975    -0.006     0.221
 4   115.739    18.939    -7.435
 4     0.331    -0.919     0.214
 4     0.847     0.190    -0.496
 4     0.415     0.346     0.841
 5   113.278    19.697    30.697
 5    -0.248    -0.018     0.969
 5    -0.230     0.972    -0.041
 5    -0.941    -0.232    -0.245
 6   132.318    29.854    47.668
 6     0.372    -0.500    -0.785
 6     0.250     0.865    -0.431
 6     0.893    -0.037     0.445
 7   111.465   -20.224    -6.717
 7     0.194     0.875     0.444
 7    -0.955     0.065     0.287
 7     0.223    -0.480     0.849
 8   116.464   -30.397    18.616
 8     0.340     0.458     0.822
 8    -0.369    -0.739     0.563
 8     0.865    -0.494    -0.082
 9   131.601   -36.738    43.060
 9     0.393     0.457    -0.800
 9    -0.191     0.889     0.412
 9     0.899    -0.009     0.436
 2    97.625   -19.435    59.077
 2     0.703    -0.712     0.004
 2     0.711     0.702     0.030
 2    -0.023    -0.019     0.999
 3   128.754    -1.584     1.248
 3     0.227    -0.161    -0.961
 3     0.041     0.987    -0.156
 3     0.973    -0.005     0.230
 4   115.891    19.041    -7.520
 4     0.375    -0.904     0.207
 4     0.836     0.232    -0.498
 4     0.401     0.359     0.842
 5   116.812    21.160    30.556
 5    -0.357     0.032     0.933
 5    -0.248     0.960    -0.127
 5    -0.901    -0.276    -0.335
 6   138.135    30.443    45.354
 6     0.482    -0.440    -0.761
 6     0.247     0.898    -0.360
 6     0.840    -0.015     0.540
 7   111.183   -19.960    -6.675
 7     0.191     0.863     0.467
 7    -0.960     0.065     0.271
 7     0.204    -0.500     0.841
 8   119.361   -30.994    18.416
 8     0.468     0.397     0.791
 8    -0.393    -0.707     0.586
 8     0.791    -0.585    -0.175
 9   137.172   -37.797    39.998
 9     0.499     0.422    -0.759
 9    -0.225     0.906     0.353
 9     0.836    -0.006     0.547
 2    97.625   -19.435    59.077
 2     0.703    -0.712     0.004
 2     0.711     0.702     0.030
 2    -0.023    -0.019     0.999
 3   128.642    -1.457     1.159
 3     0.231    -0.165    -0.959
 3     0.044     0.986    -0.159
 3     0.972    -0.006     0.235
 4   115.870    19.004    -7.588
 4     0.418    -0.881     0.222
 4     0.829     0.270    -0.490
 4     0.371     0.388     0.843
 5   120.540    21.665    29.681
 5    -0.470     0.021     0.882
 5    -0.250     0.956    -0.155
 5    -0.846    -0.293    -0.444
