% Calibrated with leiden_pols
% Positions are in centimeters
Data =[
 2    97.619   -19.428    59.070
 2     0.687    -0.727     0.003
 2     0.726     0.686     0.029
 2    -0.022    -0.019     0.999
 3   125.723    -1.778     1.063
 3     0.314    -0.192    -0.930
 3     0.094     0.981    -0.170
 3     0.944    -0.035     0.326
 4   110.946    18.484    -7.326
 4     0.303    -0.900     0.314
 4     0.885     0.144    -0.442
 4     0.352     0.411     0.840
 5   106.000    17.798    30.803
 5    -0.140    -0.160     0.977
 5    -0.139     0.980     0.141
 5    -0.980    -0.116    -0.159
 6   121.759    29.184    49.126
 6     0.249    -0.723    -0.648
 6     0.219     0.690    -0.687
 6     0.943     0.028     0.328
 7   107.691   -20.648    -5.748
 7     0.170     0.838     0.519
 7    -0.974     0.062     0.218
 7     0.150    -0.542     0.826
 8   109.220   -30.095    18.476
 8     0.172     0.656     0.735
 8    -0.272    -0.686     0.675
 8     0.947    -0.315     0.061
 9   120.880   -34.495    46.419
 9     0.323     0.525    -0.789
 9    -0.096     0.845     0.523
 9     0.941    -0.093     0.323
 2    97.619   -19.428    59.070
 2     0.687    -0.727     0.003
 2     0.726     0.686     0.029
 2    -0.022    -0.018     0.999
 3   125.775    -1.779     1.039
 3     0.316    -0.185    -0.931
 3     0.093     0.982    -0.163
 3     0.944    -0.036     0.328
 4   110.980    18.486    -7.284
 4     0.307    -0.900     0.312
 4     0.883     0.146    -0.445
 4     0.355     0.411     0.839
 5   105.974    17.840    30.907
 5    -0.143    -0.147     0.979
 5    -0.128     0.983     0.129
 5    -0.981    -0.107    -0.159
 6   122.031    28.997    49.080
 6     0.259    -0.716    -0.651
 6     0.213     0.696    -0.683
 6     0.942     0.036     0.331
 7   107.523   -20.649    -5.649
 7     0.164     0.837     0.522
 7    -0.975     0.055     0.216
 7     0.152    -0.544     0.825
 8   109.115   -29.978    18.641
 8     0.176     0.645     0.744
 8    -0.263    -0.697     0.666
 8     0.948    -0.313     0.047
 9   121.036   -34.448    46.449
 9     0.332     0.527    -0.784
 9    -0.096     0.844     0.526
 9     0.938    -0.099     0.330
 2    97.619   -19.428    59.070
 2     0.687    -0.727     0.003
 2     0.726     0.686     0.029
 2    -0.022    -0.018     0.999
 3   125.569    -1.810     1.123
 3     0.319    -0.180    -0.931
 3     0.090     0.983    -0.159
 3     0.943    -0.034     0.329
 4   110.911    18.487    -7.164
 4     0.310    -0.898     0.311
 4     0.881     0.149    -0.449
 4     0.357     0.413     0.837
 5   105.973    17.726    31.059
 5    -0.145    -0.175     0.974
 5    -0.119     0.980     0.158
 5    -0.982    -0.093    -0.163
 6   121.971    29.021    49.139
 6     0.260    -0.719    -0.648
 6     0.215     0.693    -0.685
 6     0.941     0.037     0.333
 7   107.393   -20.603    -5.586
 7     0.160     0.836     0.525
 7    -0.976     0.053     0.212
 7     0.149    -0.546     0.824
 8   108.956   -29.958    18.613
 8     0.178     0.631     0.755
 8    -0.270    -0.707     0.654
 8     0.946    -0.320     0.045
 9   120.853   -34.689    46.433
 9     0.333     0.538    -0.776
 9    -0.108     0.837     0.533
 9     0.937    -0.093     0.336
 2    97.618   -19.428    59.070
 2     0.686    -0.728     0.003
 2     0.727     0.685     0.029
 2    -0.022    -0.018     0.999
 3   125.493    -1.786     1.173
 3     0.319    -0.184    -0.930
 3     0.089     0.982    -0.163
 3     0.943    -0.032     0.329
 4   110.813    18.537    -7.117
 4     0.312    -0.897     0.312
 4     0.880     0.149    -0.451
 4     0.358     0.415     0.836
 5   106.066    17.906    30.826
 5    -0.150    -0.155     0.976
 5    -0.148     0.980     0.133
 5    -0.978    -0.124    -0.170
 6   122.065    29.708    48.887
 6     0.260    -0.735    -0.630
 6     0.230     0.677    -0.696
 6     0.938     0.035     0.343
 7   107.468   -20.538    -5.628
 7     0.170     0.836     0.522
 7    -0.972     0.056     0.227
 7     0.161    -0.546     0.822
 8   108.334   -30.189    18.554
 8     0.155     0.553     0.818
 8    -0.350    -0.744     0.569
 8     0.924    -0.374     0.079
 9   120.623   -35.901    45.712
 9     0.344     0.513    -0.788
 9    -0.122     0.854     0.503
 9     0.931    -0.076     0.355
 2    97.619   -19.428    59.070
 2     0.687    -0.728     0.003
 2     0.726     0.686     0.029
 2    -0.022    -0.018     0.999
 3   125.543    -1.733     1.173
 3     0.320    -0.187    -0.929
 3     0.092     0.982    -0.165
 3     0.943    -0.034     0.331
 4   110.622    18.432    -7.184
 4     0.312    -0.893     0.324
 4     0.882     0.146    -0.448
 4     0.353     0.426     0.833
 5   104.623    18.918    29.889
 5    -0.119    -0.132     0.984
 5    -0.201     0.974     0.106
 5    -0.972    -0.185    -0.142
 6   120.956    31.332    47.948
 6     0.281    -0.718    -0.640
 6     0.241     0.695    -0.675
 6     0.929     0.034     0.367
 7   107.521   -20.494    -5.831
 7     0.172     0.837     0.520
 7    -0.973     0.062     0.220
 7     0.152    -0.544     0.825
 8   106.877   -30.644    17.422
 8     0.087     0.460     0.884
 8    -0.395    -0.798     0.454
 8     0.914    -0.388     0.112
 9   118.022   -37.364    44.893
 9     0.305     0.507    -0.807
 9    -0.143     0.861     0.486
 9     0.941    -0.032     0.335
 2    97.618   -19.428    59.070
 2     0.686    -0.728     0.003
 2     0.727     0.685     0.029
 2    -0.022    -0.018     0.999
 3   125.560    -1.632     1.081
 3     0.320    -0.187    -0.929
 3     0.093     0.982    -0.164
 3     0.942    -0.035     0.332
 4   110.574    18.525    -7.456
 4     0.288    -0.901     0.323
 4     0.897     0.135    -0.421
 4     0.336     0.411     0.847
 5   102.625    19.491    28.517
 5    -0.042    -0.132     0.990
 5    -0.229     0.966     0.119
 5    -0.973    -0.222    -0.070
 6   117.550    33.286    47.530
 6     0.211    -0.747    -0.634
 6     0.282     0.664    -0.690
 6     0.935    -0.034     0.349
 7   107.781   -20.469    -6.181
 7     0.180     0.841     0.510
 7    -0.972     0.074     0.221
 7     0.148    -0.536     0.831
 8   105.347   -30.659    16.355
 8     0.002     0.418     0.908
 8    -0.425    -0.822     0.379
 8     0.905    -0.386     0.175
 9   113.976   -40.849    44.088
 9     0.243     0.772    -0.589
 9    -0.227     0.634     0.738
 9     0.943    -0.045     0.328
 2    97.618   -19.402    59.070
 2     0.686    -0.728     0.003
 2     0.727     0.685     0.029
 2    -0.022    -0.018     0.999
 3   125.837    -1.603     0.959
 3     0.320    -0.181    -0.930
 3     0.098     0.983    -0.156
 3     0.942    -0.042     0.332
 4   110.711    18.390    -7.939
 4     0.274    -0.907     0.320
 4     0.906     0.132    -0.400
 4     0.321     0.399     0.859
 5   101.203    19.891    26.576
 5     0.039    -0.149     0.988
 5    -0.258     0.953     0.154
 5    -0.965    -0.261    -0.001
 6   114.025    35.432    46.493
 6     0.132    -0.775    -0.621
 6     0.337     0.621    -0.706
 6     0.932    -0.117     0.341
 7   107.807   -20.546    -6.310
 7     0.177     0.842     0.509
 7    -0.973     0.071     0.220
 7     0.149    -0.535     0.832
 8   104.178   -30.664    15.718
 8    -0.058     0.367     0.928
 8    -0.443    -0.843     0.305
 8     0.894    -0.394     0.211
 9   109.358   -44.405    43.184
 9     0.139     0.937    -0.323
 9    -0.346     0.349     0.870
 9     0.927    -0.010     0.372
 2    97.618   -19.402    59.070
 2     0.686    -0.728     0.003
 2     0.727     0.685     0.029
 2    -0.022    -0.018     0.999
 3   126.037    -1.735     0.746
 3     0.329    -0.170    -0.929
 3     0.104     0.984    -0.143
 3     0.938    -0.050     0.341
 4   110.657    18.053    -8.338
 4     0.265    -0.909     0.321
 4     0.913     0.129    -0.386
 4     0.310     0.395     0.864
 5    99.814    19.856    24.861
 5     0.112    -0.153     0.982
 5    -0.267     0.947     0.178
 5    -0.957    -0.282     0.065
