% Calibrated with leiden_pols
% Positions are in centimeters
Data =[
 2    97.619   -19.428    59.070
 2     0.687    -0.727     0.003
 2     0.726     0.686     0.029
 2    -0.022    -0.019     0.999
 3   125.723    -1.778     1.063
 3     0.314    -0.192    -0.930
 3     0.094     0.981    -0.170
 3     0.944    -0.035     0.326
 4   110.946    18.484    -7.326
 4     0.303    -0.900     0.314
 4     0.885     0.144    -0.442
 4     0.352     0.411     0.840
 5   106.000    17.798    30.803
 5    -0.140    -0.160     0.977
 5    -0.139     0.980     0.141
 5    -0.980    -0.116    -0.159
 6   121.759    29.184    49.126
 6     0.249    -0.723    -0.648
 6     0.219     0.690    -0.687
 6     0.943     0.028     0.328
 7   107.691   -20.648    -5.748
 7     0.170     0.838     0.519
 7    -0.974     0.062     0.218
 7     0.150    -0.542     0.826
 8   109.220   -30.095    18.476
 8     0.172     0.656     0.735
 8    -0.272    -0.686     0.675
 8     0.947    -0.315     0.061
 9   120.880   -34.495    46.419
 9     0.323     0.525    -0.789
 9    -0.096     0.845     0.523
 9     0.941    -0.093     0.323
 2    97.619   -19.428    59.070
 2     0.687    -0.727     0.003
 2     0.726     0.686     0.029
 2    -0.022    -0.018     0.999
 3   125.775    -1.779     1.039
 3     0.316    -0.185    -0.931
 3     0.093     0.982    -0.163
 3     0.944    -0.036     0.328
 4   110.980    18.486    -7.284
 4     0.307    -0.900     0.312
 4     0.883     0.146    -0.445
 4     0.355     0.411     0.839
 5   105.974    17.840    30.907
 5    -0.143    -0.147     0.979
 5    -0.128     0.983     0.129
 5    -0.981    -0.107    -0.159
 6   122.031    28.997    49.080
 6     0.259    -0.716    -0.651
 6     0.213     0.696    -0.683
 6     0.942     0.036     0.331
 7   107.523   -20.649    -5.649
 7     0.164     0.837     0.522
 7    -0.975     0.055     0.216
 7     0.152    -0.544     0.825
 8   109.115   -29.978    18.641
 8     0.176     0.645     0.744
 8    -0.263    -0.697     0.666
 8     0.948    -0.313     0.047
 9   121.036   -34.448    46.449
 9     0.332     0.527    -0.784
 9    -0.096     0.844     0.526
 9     0.938    -0.099     0.330
 2    97.619   -19.428    59.070
 2     0.687    -0.727     0.003
 2     0.726     0.686     0.029
 2    -0.022    -0.018     0.999
 3   125.569    -1.810     1.123
 3     0.319    -0.180    -0.931
 3     0.090     0.983    -0.159
 3     0.943    -0.034     0.329
 4   110.911    18.487    -7.164
 4     0.310    -0.898     0.311
 4     0.881     0.149    -0.449
 4     0.357     0.413     0.837
 5   105.973    17.726    31.059
 5    -0.145    -0.175     0.974
 5    -0.119     0.980     0.158
 5    -0.982    -0.093    -0.163
 6   121.971    29.021    49.139
 6     0.260    -0.719    -0.648
 6     0.215     0.693    -0.685
 6     0.941     0.037     0.333
 7   107.393   -20.603    -5.586
 7     0.160     0.836     0.525
 7    -0.976     0.053     0.212
 7     0.149    -0.546     0.824
 8   108.956   -29.958    18.613
 8     0.178     0.631     0.755
 8    -0.270    -0.707     0.654
 8     0.946    -0.320     0.045
 9   120.853   -34.689    46.433
 9     0.333     0.538    -0.776
 9    -0.108     0.837     0.533
 9     0.937    -0.093     0.336
 2    97.618   -19.428    59.070
 2     0.686    -0.728     0.003
 2     0.727     0.685     0.029
 2    -0.022    -0.018     0.999
 3   125.493    -1.786     1.173
 3     0.319    -0.184    -0.930
 3     0.089     0.982    -0.163
 3     0.943    -0.032     0.329
 4   110.813    18.537    -7.117
 4     0.312    -0.897     0.312
 4     0.880     0.149    -0.451
 4     0.358     0.415     0.836
 5   106.066    17.906    30.826
 5    -0.150    -0.155     0.976
 5    -0.148     0.980     0.133
 5    -0.978    -0.124    -0.170
 6   122.065    29.708    48.887
 6     0.260    -0.735    -0.630
 6     0.230     0.677    -0.696
 6     0.938     0.035     0.343
 7   107.468   -20.538    -5.628
 7     0.170     0.836     0.522
 7    -0.972     0.056     0.227
 7     0.161    -0.546     0.822
 8   108.334   -30.189    18.554
 8     0.155     0.553     0.818
 8    -0.350    -0.744     0.569
 8     0.924    -0.374     0.079
 9   120.623   -35.901    45.712
 9     0.344     0.513    -0.788
 9    -0.122     0.854     0.503
 9     0.931    -0.076     0.355
 2    97.619   -19.428    59.070
 2     0.687    -0.728     0.003
 2     0.726     0.686     0.029
 2    -0.022    -0.018     0.999
 3   125.543    -1.733     1.173
 3     0.320    -0.187    -0.929
 3     0.092     0.982    -0.165
 3     0.943    -0.034     0.331
 4   110.622    18.432    -7.184
 4     0.312    -0.893     0.324
 4     0.882     0.146    -0.448
 4     0.353     0.426     0.833
 5   104.623    18.918    29.889
 5    -0.119    -0.132     0.984
 5    -0.201     0.974     0.106
 5    -0.972    -0.185    -0.142
 6   120.956    31.332    47.948
 6     0.281    -0.718    -0.640
 6     0.241     0.695    -0.675
 6     0.929     0.034     0.367
 7   107.521   -20.494    -5.831
 7     0.172     0.837     0.520
 7    -0.973     0.062     0.220
 7     0.152    -0.544     0.825
 8   106.877   -30.644    17.422
 8     0.087     0.460     0.884
 8    -0.395    -0.798     0.454
 8     0.914    -0.388     0.112
 9   118.022   -37.364    44.893
 9     0.305     0.507    -0.807
 9    -0.143     0.861     0.486
 9     0.941    -0.032     0.335
 2    97.618   -19.428    59.070
 2     0.686    -0.728     0.003
 2     0.727     0.685     0.029
 2    -0.022    -0.018     0.999
 3   125.560    -1.632     1.081
 3     0.320    -0.187    -0.929
 3     0.093     0.982    -0.164
 3     0.942    -0.035     0.332
 4   110.574    18.525    -7.456
 4     0.288    -0.901     0.323
 4     0.897     0.135    -0.421
 4     0.336     0.411     0.847
 5   102.625    19.491    28.517
 5    -0.042    -0.132     0.990
 5    -0.229     0.966     0.119
 5    -0.973    -0.222    -0.070
 6   117.550    33.286    47.530
 6     0.211    -0.747    -0.634
 6     0.282     0.664    -0.690
 6     0.935    -0.034     0.349
 7   107.781   -20.469    -6.181
 7     0.180     0.841     0.510
 7    -0.972     0.074     0.221
 7     0.148    -0.536     0.831
 8   105.347   -30.659    16.355
 8     0.002     0.418     0.908
 8    -0.425    -0.822     0.379
 8     0.905    -0.386     0.175
 9   113.976   -40.849    44.088
 9     0.243     0.772    -0.589
 9    -0.227     0.634     0.738
 9     0.943    -0.045     0.328
 2    97.618   -19.402    59.070
 2     0.686    -0.728     0.003
 2     0.727     0.685     0.029
 2    -0.022    -0.018     0.999
 3   125.837    -1.603     0.959
 3     0.320    -0.181    -0.930
 3     0.098     0.983    -0.156
 3     0.942    -0.042     0.332
 4   110.711    18.390    -7.939
 4     0.274    -0.907     0.320
 4     0.906     0.132    -0.400
 4     0.321     0.399     0.859
 5   101.203    19.891    26.576
 5     0.039    -0.149     0.988
 5    -0.258     0.953     0.154
 5    -0.965    -0.261    -0.001
 6   114.025    35.432    46.493
 6     0.132    -0.775    -0.621
 6     0.337     0.621    -0.706
 6     0.932    -0.117     0.341
 7   107.807   -20.546    -6.310
 7     0.177     0.842     0.509
 7    -0.973     0.071     0.220
 7     0.149    -0.535     0.832
 8   104.178   -30.664    15.718
 8    -0.058     0.367     0.928
 8    -0.443    -0.843     0.305
 8     0.894    -0.394     0.211
 9   109.358   -44.405    43.184
 9     0.139     0.937    -0.323
 9    -0.346     0.349     0.870
 9     0.927    -0.010     0.372
 2    97.618   -19.402    59.070
 2     0.686    -0.728     0.003
 2     0.727     0.685     0.029
 2    -0.022    -0.018     0.999
 3   126.037    -1.735     0.746
 3     0.329    -0.170    -0.929
 3     0.104     0.984    -0.143
 3     0.938    -0.050     0.341
 4   110.657    18.053    -8.338
 4     0.265    -0.909     0.321
 4     0.913     0.129    -0.386
 4     0.310     0.395     0.864
 5    99.814    19.856    24.861
 5     0.112    -0.153     0.982
 5    -0.267     0.947     0.178
 5    -0.957    -0.282     0.065
 6   110.110    36.878    45.549
 6     0.042    -0.798    -0.602
 6     0.378     0.569    -0.729
 6     0.924    -0.198     0.325
 7   107.683   -20.778    -6.641
 7     0.167     0.845     0.508
 7    -0.974     0.063     0.215
 7     0.150    -0.531     0.834
 8   102.944   -31.043    14.826
 8    -0.110     0.374     0.921
 8    -0.454    -0.843     0.288
 8     0.884    -0.386     0.262
 9   105.755   -45.663    42.220
 9     0.036     0.912    -0.411
 9    -0.384     0.390     0.837
 9     0.923     0.128     0.362
 2    97.619   -19.428    59.070
 2     0.687    -0.728     0.003
 2     0.726     0.686     0.029
 2    -0.022    -0.018     0.999
 3   126.140    -1.875     0.556
 3     0.342    -0.150    -0.928
 3     0.102     0.987    -0.121
 3     0.934    -0.054     0.353
 4   110.526    17.875    -8.862
 4     0.236    -0.918     0.320
 4     0.924     0.110    -0.366
 4     0.300     0.381     0.874
 5    97.933    19.588    22.982
 5     0.192    -0.177     0.965
 5    -0.268     0.937     0.225
 5    -0.944    -0.302     0.132
 6   105.433    37.703    44.252
 6    -0.047    -0.824    -0.566
 6     0.402     0.501    -0.766
 6     0.914    -0.266     0.305
 7   107.556   -20.786    -6.942
 7     0.153     0.849     0.505
 7    -0.977     0.052     0.207
 7     0.150    -0.525     0.838
 8   101.325   -31.319    13.531
 8    -0.179     0.402     0.898
 8    -0.460    -0.841     0.285
 8     0.870    -0.362     0.335
 9   102.096   -46.529    40.861
 9    -0.035     0.891    -0.453
 9    -0.402     0.401     0.823
 9     0.915     0.211     0.343
 2    97.619   -19.427    59.070
 2     0.686    -0.728     0.003
 2     0.727     0.685     0.029
 2    -0.022    -0.019     0.999
 3   126.188    -1.883     0.566
 3     0.347    -0.132    -0.929
 3     0.095     0.990    -0.105
 3     0.933    -0.053     0.356
 4   110.361    17.635    -9.532
 4     0.199    -0.931     0.305
 4     0.931     0.083    -0.355
 4     0.306     0.354     0.883
 5    95.860    19.131    20.745
 5     0.280    -0.181     0.943
 5    -0.268     0.928     0.258
 5    -0.922    -0.324     0.211
 6    99.802    38.003    42.466
 6    -0.154    -0.830    -0.537
 6     0.420     0.435    -0.796
 6     0.894    -0.349     0.279
 7   107.647   -20.854    -7.484
 7     0.141     0.856     0.497
 7    -0.980     0.051     0.189
 7     0.137    -0.515     0.846
 8    99.876   -31.530    11.827
 8    -0.257     0.420     0.870
 8    -0.463    -0.844     0.271
 8     0.848    -0.333     0.411
 9    97.582   -47.569    38.868
 9    -0.135     0.880    -0.456
 9    -0.430     0.361     0.827
 9     0.892     0.308     0.328
 2    97.619   -19.428    59.070
 2     0.687    -0.727     0.003
 2     0.726     0.686     0.029
 2    -0.022    -0.019     0.999
 3   126.336    -1.934     0.540
 3     0.340    -0.119    -0.933
 3     0.085     0.992    -0.094
 3     0.936    -0.048     0.347
 4   110.553    17.375   -10.180
 4     0.152    -0.948     0.281
 4     0.937     0.048    -0.347
 4     0.315     0.315     0.895
 5    94.201    18.451    18.369
 5     0.366    -0.190     0.911
 5    -0.254     0.921     0.294
 5    -0.895    -0.339     0.289
 6    94.546    37.680    40.395
 6    -0.268    -0.813    -0.517
 6     0.424     0.381    -0.821
 6     0.865    -0.440     0.241
 7   107.990   -20.650    -8.263
 7     0.129     0.869     0.478
 7    -0.985     0.055     0.165
 7     0.117    -0.492     0.862
 8    98.324   -31.504     9.585
 8    -0.347     0.451     0.822
 8    -0.453    -0.848     0.275
 8     0.821    -0.277     0.498
 9    92.212   -48.392    35.769
 9    -0.263     0.849    -0.458
 9    -0.457     0.307     0.834
 9     0.849     0.428     0.307
 2    97.619   -19.428    59.121
 2     0.687    -0.727     0.003
 2     0.726     0.686     0.029
 2    -0.022    -0.019     0.999
 3   126.430    -1.981     0.485
 3     0.328    -0.108    -0.938
 3     0.073     0.993    -0.088
 3     0.942    -0.040     0.334
 4   110.656    17.383   -10.783
 4     0.122    -0.959     0.256
 4     0.940     0.029    -0.338
 4     0.317     0.282     0.905
 5    93.105    18.205    16.356
 5     0.421    -0.202     0.884
 5    -0.250     0.911     0.327
 5    -0.872    -0.359     0.334
 6    90.641    37.953    37.892
 6    -0.348    -0.800    -0.489
 6     0.434     0.324    -0.840
 6     0.831    -0.505     0.234
 7   107.998   -20.579    -8.892
 7     0.117     0.876     0.468
 7    -0.989     0.060     0.135
 7     0.090    -0.478     0.873
 8    97.181   -31.772     7.732
 8    -0.411     0.467     0.783
 8    -0.459    -0.848     0.265
 8     0.787    -0.250     0.563
 9    88.890   -49.651    32.822
 9    -0.340     0.824    -0.453
 9    -0.490     0.256     0.833
 9     0.802     0.505     0.317
 2    97.619   -19.478    58.968
 2     0.686    -0.728     0.004
 2     0.727     0.685     0.028
 2    -0.022    -0.017     0.999
 3   126.527    -1.928     0.303
 3     0.321    -0.106    -0.941
 3     0.067     0.994    -0.089
 3     0.945    -0.035     0.326
 4   110.620    16.888   -11.698
 4     0.093    -0.965     0.245
 4     0.951     0.014    -0.308
 4     0.294     0.262     0.919
 5    92.619    17.845    14.535
 5     0.454    -0.215     0.864
 5    -0.263     0.895     0.361
 5    -0.851    -0.391     0.350
 6    88.041    38.421    35.356
 6    -0.409    -0.783    -0.469
 6     0.453     0.272    -0.849
 6     0.792    -0.560     0.243
 7   108.495   -20.591    -9.479
 7     0.128     0.883     0.452
 7    -0.989     0.081     0.121
 7     0.071    -0.463     0.883
 8    97.078   -32.420     5.981
 8    -0.458     0.493     0.740
 8    -0.472    -0.840     0.267
 8     0.753    -0.227     0.617
 9    86.960   -51.214    29.920
 9    -0.399     0.788    -0.469
 9    -0.522     0.224     0.823
 9     0.753     0.573     0.322
 2    97.619   -19.478    58.968
 2     0.686    -0.728     0.005
 2     0.727     0.685     0.028
 2    -0.022    -0.017     0.999
 3   126.909    -1.912     0.065
 3     0.305    -0.106    -0.946
 3     0.072     0.993    -0.087
 3     0.949    -0.042     0.311
 4   110.810    16.232   -12.608
 4     0.068    -0.970     0.235
 4     0.963     0.002    -0.270
 4     0.260     0.244     0.934
 5    92.394    17.773    12.828
 5     0.489    -0.229     0.842
 5    -0.288     0.868     0.403
 5    -0.823    -0.440     0.359
 6    85.958    39.490    32.436
 6    -0.470    -0.764    -0.442
 6     0.478     0.200    -0.855
 6     0.742    -0.614     0.270
 7   108.892   -20.597    -9.760
 7     0.135     0.886     0.443
 7    -0.989     0.093     0.115
 7     0.061    -0.454     0.889
 8    96.904   -32.752     4.751
 8    -0.494     0.514     0.701
 8    -0.480    -0.834     0.272
 8     0.724    -0.202     0.658
 9    84.917   -52.398    27.222
 9    -0.459     0.755    -0.468
 9    -0.546     0.175     0.819
 9     0.701     0.631     0.332
 2    97.618   -19.478    58.967
 2     0.686    -0.728     0.005
 2     0.727     0.685     0.027
 2    -0.022    -0.016     0.999
 3   127.086    -1.971    -0.187
 3     0.295    -0.105    -0.950
 3     0.081     0.993    -0.085
 3     0.952    -0.053     0.301
 4   110.606    15.489   -13.428
 4     0.058    -0.970     0.237
 4     0.974     0.003    -0.226
 4     0.218     0.244     0.945
 5    92.449    18.035    11.450
 5     0.497    -0.242     0.833
 5    -0.331     0.835     0.439
 5    -0.802    -0.494     0.334
 6    84.913    41.096    29.738
 6    -0.502    -0.755    -0.422
 6     0.510     0.135    -0.849
 6     0.698    -0.642     0.317
 7   109.082   -20.657   -10.183
 7     0.140     0.889     0.436
 7    -0.989     0.103     0.105
 7     0.048    -0.446     0.894
 8    96.578   -33.443     3.230
 8    -0.532     0.536     0.656
 8    -0.498    -0.824     0.269
 8     0.684    -0.184     0.705
 9    83.428   -53.942    24.224
 9    -0.499     0.716    -0.488
 9    -0.577     0.145     0.804
 9     0.646     0.682     0.340
 2    97.618   -19.529    58.967
 2     0.686    -0.728     0.005
 2     0.727     0.685     0.027
 2    -0.022    -0.016     0.999
 3   127.208    -2.101    -0.459
 3     0.276    -0.100    -0.956
 3     0.089     0.993    -0.078
 3     0.957    -0.065     0.283
 4   110.687    14.747   -14.176
 4     0.051    -0.971     0.233
 4     0.983     0.007    -0.186
 4     0.178     0.238     0.954
 5    92.551    18.118    10.157
 5     0.508    -0.245     0.825
 5    -0.362     0.809     0.463
 5    -0.781    -0.534     0.322
 6    84.211    42.077    27.457
 6    -0.525    -0.745    -0.412
 6     0.534     0.088    -0.841
 6     0.662    -0.661     0.352
 7   109.421   -20.809   -10.489
 7     0.146     0.893     0.425
 7    -0.988     0.112     0.104
 7     0.046    -0.436     0.899
 8    96.864   -34.198     2.381
 8    -0.542     0.564     0.623
 8    -0.520    -0.807     0.279
 8     0.660    -0.172     0.730
 9    83.401   -55.342    22.510
 9    -0.512     0.692    -0.509
 9    -0.600     0.135     0.788
 9     0.615     0.708     0.346
 2    97.618   -19.529    58.967
 2     0.686    -0.728     0.005
 2     0.727     0.685     0.027
 2    -0.022    -0.016     0.999
 3   127.402    -2.262    -0.524
 3     0.263    -0.099    -0.960
 3     0.098     0.992    -0.075
 3     0.959    -0.075     0.271
 4   110.959    14.246   -14.639
 4     0.050    -0.973     0.226
 4     0.987     0.013    -0.162
 4     0.154     0.231     0.960
 5    92.863    18.213     9.275
 5     0.513    -0.244     0.823
 5    -0.383     0.792     0.474
 5    -0.768    -0.559     0.313
 6    84.167    42.718    26.059
 6    -0.537    -0.737    -0.411
 6     0.549     0.065    -0.833
 6     0.641    -0.673     0.369
 7   109.694   -20.936   -10.621
 7     0.145     0.896     0.418
 7    -0.988     0.111     0.104
 7     0.047    -0.429     0.902
 8    96.714   -34.195     1.781
 8    -0.556     0.570     0.606
 8    -0.522    -0.806     0.278
 8     0.646    -0.162     0.745
 9    82.342   -55.512    21.193
 9    -0.539     0.671    -0.510
 9    -0.603     0.116     0.789
 9     0.589     0.732     0.341
 2    97.619   -19.529    58.968
 2     0.687    -0.728     0.005
 2     0.726     0.686     0.027
 2    -0.022    -0.016     0.999
 3   127.582    -2.379    -0.579
 3     0.253    -0.092    -0.963
 3     0.097     0.993    -0.068
 3     0.962    -0.077     0.260
 4   111.299    14.086   -14.820
 4     0.062    -0.973     0.220
 4     0.987     0.028    -0.158
 4     0.147     0.227     0.962
 5    93.243    18.702     8.841
 5     0.513    -0.231     0.826
 5    -0.398     0.789     0.468
 5    -0.760    -0.569     0.313
 6    84.385    43.614    25.142
 6    -0.545    -0.720    -0.429
 6     0.562     0.066    -0.825
 6     0.622    -0.691     0.369
 7   109.571   -20.672   -10.950
 7     0.131     0.903     0.408
 7    -0.991     0.102     0.089
 7     0.039    -0.416     0.908
 8    96.320   -34.236     0.790
 8    -0.584     0.567     0.581
 8    -0.527    -0.809     0.260
 8     0.617    -0.154     0.771
 9    81.284   -55.913    19.214
 9    -0.562     0.641    -0.522
 9    -0.614     0.099     0.783
 9     0.554     0.760     0.338
 2    97.669   -19.529    58.967
 2     0.687    -0.728     0.005
 2     0.726     0.686     0.026
 2    -0.022    -0.015     0.999
 3   127.632    -2.492    -0.558
 3     0.237    -0.082    -0.968
 3     0.093     0.994    -0.062
 3     0.967    -0.076     0.242
 4   111.583    14.001   -14.968
 4     0.065    -0.976     0.208
 4     0.988     0.034    -0.149
 4     0.138     0.215     0.966
 5    93.259    18.773     8.143
 5     0.527    -0.224     0.820
 5    -0.408     0.780     0.474
 5    -0.746    -0.585     0.320
 6    83.673    43.725    24.152
 6    -0.565    -0.703    -0.432
 6     0.564     0.052    -0.824
 6     0.602    -0.709     0.367
 7   109.696   -20.721   -11.006
 7     0.134     0.905     0.404
 7    -0.990     0.105     0.091
 7     0.040    -0.412     0.910
 8    96.525   -34.722     0.479
 8    -0.582     0.587     0.563
 8    -0.546    -0.795     0.265
 8     0.603    -0.153     0.782
 9    81.831   -57.007    18.546
 9    -0.556     0.626    -0.547
 9    -0.634     0.106     0.766
 9     0.538     0.772     0.337
 2    97.669   -19.529    58.968
 2     0.687    -0.728     0.005
 2     0.726     0.686     0.027
 2    -0.022    -0.016     0.999
 3   127.592    -2.537    -0.519
 3     0.232    -0.083    -0.969
 3     0.094     0.994    -0.063
 3     0.968    -0.077     0.238
 4   111.495    13.895   -15.002
 4     0.066    -0.976     0.208
 4     0.989     0.036    -0.143
 4     0.132     0.215     0.967
 5    93.418    18.862     8.643
 5     0.515    -0.230     0.825
 5    -0.407     0.782     0.472
 5    -0.754    -0.579     0.309
 6    84.841    43.616    25.518
 6    -0.544    -0.720    -0.431
 6     0.560     0.070    -0.825
 6     0.624    -0.690     0.365
 7   109.568   -20.717   -10.826
 7     0.145     0.901     0.408
 7    -0.989     0.115     0.094
 7     0.038    -0.417     0.908
 8    96.659   -34.584     1.614
 8    -0.558     0.586     0.588
 8    -0.541    -0.794     0.278
 8     0.629    -0.163     0.759
 9    83.124   -56.267    21.211
 9    -0.530     0.671    -0.519
 9    -0.616     0.116     0.779
 9     0.583     0.732     0.351
 2    97.619   -19.529    58.968
 2     0.687    -0.728     0.005
 2     0.726     0.686     0.027
 2    -0.022    -0.016     0.999
 3   127.396    -2.387    -0.267
 3     0.261    -0.093    -0.961
 3     0.094     0.993    -0.070
 3     0.961    -0.072     0.268
 4   111.223    14.722   -14.324
 4     0.090    -0.966     0.241
 4     0.983     0.048    -0.174
 4     0.157     0.253     0.955
 5    94.442    18.780    11.459
 5     0.450    -0.260     0.854
 5    -0.377     0.812     0.446
 5    -0.809    -0.523     0.268
 6    88.786    42.698    29.737
 6    -0.463    -0.781    -0.419
 6     0.537     0.128    -0.834
 6     0.705    -0.611     0.360
 7   109.155   -20.650   -10.267
 7     0.156     0.887     0.434
 7    -0.986     0.118     0.112
 7     0.048    -0.446     0.894
 8    97.581   -34.091     4.423
 8    -0.481     0.587     0.652
 8    -0.514    -0.790     0.333
 8     0.710    -0.176     0.681
 9    86.633   -54.611    26.488
 9    -0.458     0.735    -0.500
 9    -0.574     0.185     0.797
 9     0.679     0.652     0.337
 2    97.619   -19.529    58.968
 2     0.687    -0.728     0.005
 2     0.726     0.686     0.027
 2    -0.022    -0.016     0.999
 3   127.089    -2.331     0.002
 3     0.289    -0.111    -0.951
 3     0.104     0.991    -0.084
 3     0.952    -0.075     0.297
 4   111.131    15.224   -13.847
 4     0.124    -0.957     0.261
 4     0.974     0.066    -0.218
 4     0.191     0.281     0.940
 5    95.872    18.946    13.976
 5     0.372    -0.263     0.890
 5    -0.360     0.843     0.399
 5    -0.855    -0.469     0.219
 6    93.935    42.047    33.385
 6    -0.359    -0.821    -0.443
 6     0.523     0.216    -0.825
 6     0.773    -0.528     0.351
 7   108.879   -20.590    -9.929
 7     0.160     0.879     0.449
 7    -0.986     0.117     0.122
 7     0.055    -0.463     0.885
 8    98.696   -33.531     6.376
 8    -0.408     0.566     0.717
 8    -0.504    -0.794     0.340
 8     0.761    -0.222     0.609
 9    90.216   -53.060    30.125
 9    -0.376     0.800    -0.468
 9    -0.541     0.220     0.812
 9     0.752     0.558     0.349
 2    97.619   -19.428    59.019
 2     0.687    -0.728     0.004
 2     0.726     0.686     0.029
 2    -0.022    -0.018     0.999
 3   127.128    -2.162     0.165
 3     0.298    -0.125    -0.947
 3     0.107     0.989    -0.096
 3     0.948    -0.073     0.308
 4   111.624    15.956   -13.245
 4     0.165    -0.949     0.268
 4     0.960     0.092    -0.265
 4     0.227     0.301     0.926
 5    97.857    19.254    16.741
 5     0.287    -0.239     0.927
 5    -0.339     0.880     0.331
 5    -0.896    -0.409     0.172
 6   100.304    41.165    36.974
 6    -0.234    -0.854    -0.465
 6     0.496     0.305    -0.813
 6     0.836    -0.421     0.351
 7   108.890   -20.464    -9.729
 7     0.151     0.878     0.455
 7    -0.987     0.107     0.121
 7     0.058    -0.467     0.882
 8   100.132   -33.181     8.177
 8    -0.320     0.531     0.785
 8    -0.505    -0.797     0.332
 8     0.801    -0.290     0.523
 9    94.923   -51.936    33.207
 9    -0.267     0.871    -0.413
 9    -0.512     0.234     0.827
 9     0.816     0.432     0.382
 2    97.619   -19.428    59.070
 2     0.687    -0.728     0.003
 2     0.726     0.686     0.029
 2    -0.022    -0.018     0.999
 3   127.237    -2.104     0.320
 3     0.293    -0.146    -0.945
 3     0.108     0.987    -0.119
 3     0.950    -0.068     0.305
 4   111.988    16.531   -12.558
 4     0.208    -0.941     0.269
 4     0.943     0.119    -0.310
 4     0.260     0.318     0.911
 5   100.136    19.620    19.292
 5     0.195    -0.214     0.957
 5    -0.319     0.909     0.268
 5    -0.927    -0.357     0.109
 6   106.623    40.211    39.698
 6    -0.110    -0.869    -0.483
 6     0.464     0.383    -0.799
 6     0.879    -0.313     0.359
 7   109.012   -20.375    -9.471
 7     0.161     0.870     0.466
 7    -0.985     0.110     0.133
 7     0.065    -0.481     0.874
 8   101.986   -33.057     9.745
 8    -0.228     0.512     0.828
 8    -0.506    -0.789     0.349
 8     0.832    -0.339     0.439
 9   100.159   -50.908    35.702
 9    -0.152     0.913    -0.379
 9    -0.484     0.265     0.834
 9     0.861     0.311     0.400
 2    97.619   -19.428    59.070
 2     0.687    -0.727     0.003
 2     0.726     0.686     0.029
 2    -0.022    -0.019     0.999
 3   127.132    -1.868     0.319
 3     0.289    -0.167    -0.943
 3     0.115     0.983    -0.138
 3     0.950    -0.070     0.303
 4   111.849    16.966   -12.018
 4     0.236    -0.932     0.276
 4     0.932     0.137    -0.333
 4     0.273     0.335     0.901
 5   102.350    20.135    21.615
 5     0.096    -0.189     0.977
 5    -0.316     0.925     0.210
 5    -0.944    -0.328     0.029
 6   112.406    39.625    41.256
 6     0.011    -0.879    -0.478
 6     0.439     0.432    -0.788
 6     0.898    -0.201     0.389
 7   108.929   -20.363    -9.030
 7     0.175     0.861     0.477
 7    -0.982     0.118     0.147
 7     0.070    -0.495     0.866
 8   104.015   -33.029    11.440
 8    -0.128     0.501     0.856
 8    -0.503    -0.777     0.379
 8     0.855    -0.382     0.352
 9   106.183   -49.511    37.845
 9    -0.011     0.937    -0.350
 9    -0.438     0.309     0.844
 9     0.898     0.163     0.406
 2    97.619   -19.428    59.070
 2     0.687    -0.727     0.003
 2     0.726     0.686     0.029
 2    -0.022    -0.019     0.999
 3   126.951    -1.683     0.495
 3     0.285    -0.189    -0.940
 3     0.123     0.979    -0.159
 3     0.950    -0.071     0.302
 4   111.666    17.180   -11.480
 4     0.273    -0.916     0.294
 4     0.924     0.164    -0.346
 4     0.268     0.366     0.891
 5   105.320    20.338    23.844
 5    -0.024    -0.157     0.987
 5    -0.303     0.942     0.142
 5    -0.953    -0.296    -0.070
 6   118.948    38.274    42.377
 6     0.142    -0.878    -0.459
 6     0.402     0.472    -0.784
 6     0.904    -0.074     0.418
 7   108.952   -20.371    -8.623
 7     0.194     0.849     0.491
 7    -0.978     0.128     0.165
 7     0.077    -0.512     0.855
 8   106.424   -32.967    13.175
 8    -0.012     0.461     0.887
 8    -0.506    -0.768     0.393
 8     0.862    -0.444     0.243
 9   112.675   -47.973    39.439
 9     0.136     0.939    -0.316
 9    -0.391     0.342     0.854
 9     0.910     0.007     0.412
 2    97.619   -19.428    59.070
 2     0.687    -0.727     0.003
 2     0.726     0.686     0.029
 2    -0.022    -0.019     0.999
 3   127.008    -1.679     0.536
 3     0.283    -0.194    -0.940
 3     0.124     0.978    -0.163
 3     0.951    -0.072     0.301
 4   111.442    17.296   -10.499
 4     0.313    -0.895     0.317
 4     0.911     0.189    -0.365
 4     0.267     0.403     0.875
 5   108.545    20.041    26.179
 5    -0.154    -0.132     0.979
 5    -0.281     0.956     0.084
 5    -0.947    -0.262    -0.184
 6   124.910    36.011    43.217
 6     0.265    -0.862    -0.437
 6     0.354     0.504    -0.786
 6     0.897     0.052     0.436
 7   109.040   -20.404    -8.135
 7     0.202     0.843     0.498
 7    -0.975     0.125     0.183
 7     0.092    -0.522     0.847
 8   109.061   -32.763    14.831
 8     0.109     0.431     0.896
 8    -0.497    -0.757     0.424
 8     0.861    -0.491     0.132
 9   119.133   -45.866    40.623
 9     0.284     0.916    -0.285
 9    -0.330     0.370     0.868
 9     0.900    -0.153     0.406
 2    97.619   -19.428    59.070
 2     0.687    -0.727     0.003
 2     0.726     0.686     0.029
 2    -0.022    -0.019     0.999
 3   127.015    -1.573     0.654
 3     0.279    -0.198    -0.940
 3     0.126     0.977    -0.167
 3     0.952    -0.073     0.297
 4   110.996    17.092   -10.277
 4     0.348    -0.872     0.344
 4     0.904     0.216    -0.369
 4     0.247     0.439     0.863
 5   111.035    19.234    27.105
 5    -0.270    -0.130     0.954
 5    -0.257     0.965     0.059
 5    -0.928    -0.229    -0.293
 6   129.225    34.170    42.537
 6     0.364    -0.851    -0.385
 6     0.319     0.497    -0.806
 6     0.875     0.170     0.450
 7   109.070   -20.443    -7.815
 7     0.204     0.841     0.500
 7    -0.973     0.120     0.195
 7     0.104    -0.527     0.843
 8   111.466   -31.792    16.507
 8     0.222     0.365     0.904
 8    -0.476    -0.769     0.427
 8     0.851    -0.524     0.003
 9   124.570   -43.233    41.461
 9     0.412     0.885    -0.220
 9    -0.277     0.348     0.895
 9     0.868    -0.308     0.387
 2    97.619   -19.428    59.070
 2     0.687    -0.728     0.003
 2     0.726     0.686     0.029
 2    -0.022    -0.019     0.999
 3   126.945    -1.497     0.851
 3     0.282    -0.213    -0.936
 3     0.132     0.974    -0.180
 3     0.950    -0.074     0.302
 4   110.724    16.986   -10.087
 4     0.384    -0.853     0.354
 4     0.895     0.251    -0.367
 4     0.224     0.458     0.860
 5   113.270    18.581    27.434
 5    -0.362    -0.124     0.924
 5    -0.224     0.973     0.043
 5    -0.905    -0.192    -0.380
 6   132.809    32.387    41.717
 6     0.441    -0.828    -0.353
 6     0.292     0.499    -0.815
 6     0.849     0.256     0.460
 7   108.683   -20.318    -6.811
 7     0.192     0.834     0.517
 7    -0.972     0.088     0.218
 7     0.137    -0.545     0.827
 8   113.600   -30.323    18.632
 8     0.332     0.310     0.891
 8    -0.433    -0.789     0.435
 8     0.838    -0.529    -0.127
 9   128.361   -40.725    42.592
 9     0.487     0.858    -0.163
 9    -0.242     0.309     0.919
 9     0.839    -0.409     0.358
 2    97.619   -19.427    59.070
 2     0.686    -0.728     0.003
 2     0.727     0.685     0.029
 2    -0.022    -0.019     0.999
 3   126.725    -1.563     1.086
 3     0.298    -0.209    -0.932
 3     0.136     0.975    -0.174
 3     0.944    -0.076     0.318
 4   110.830    17.182    -9.555
 4     0.409    -0.841     0.354
 4     0.884     0.271    -0.380
 4     0.224     0.468     0.854
 5   114.400    17.938    28.085
 5    -0.404    -0.098     0.910
 5    -0.179     0.983     0.027
 5    -0.897    -0.152    -0.415
 6   133.906    31.033    42.305
 6     0.457    -0.828    -0.334
 6     0.264     0.478    -0.836
 6     0.849     0.293     0.435
 7   108.407   -20.231    -6.251
 7     0.178     0.832     0.525
 7    -0.972     0.064     0.227
 7     0.156    -0.550     0.820
 8   114.742   -29.199    19.783
 8     0.386     0.319     0.866
 8    -0.387    -0.797     0.464
 8     0.837    -0.514    -0.184
 9   129.825   -38.594    43.664
 9     0.501     0.851    -0.165
 9    -0.210     0.299     0.930
 9     0.839    -0.432     0.328
 2    97.619   -19.427    59.070
 2     0.686    -0.728     0.003
 2     0.727     0.685     0.029
 2    -0.022    -0.019     0.999
 3   126.499    -1.468     1.183
 3     0.301    -0.207    -0.931
 3     0.129     0.976    -0.175
 3     0.944    -0.069     0.320
 4   110.944    17.572    -9.146
 4     0.420    -0.838     0.350
 4     0.875     0.271    -0.400
 4     0.240     0.474     0.847
 5   114.432    17.700    28.853
 5    -0.409    -0.078     0.909
 5    -0.147     0.989     0.019
 5    -0.901    -0.126    -0.415
 6   133.584    30.195    43.422
 6     0.434    -0.838    -0.340
 6     0.248     0.467    -0.847
 6     0.866     0.283     0.409
 7   108.602   -20.171    -5.996
 7     0.181     0.845     0.502
 7    -0.969     0.065     0.240
 7     0.170    -0.530     0.830
 8   115.185   -28.533    20.246
 8     0.395     0.344     0.853
 8    -0.355    -0.799     0.485
 8     0.847    -0.493    -0.193
 9   130.004   -37.328    44.508
 9     0.489     0.855    -0.178
 9    -0.190     0.299     0.935
 9     0.851    -0.423     0.308
 2    97.618   -19.428    59.070
 2     0.686    -0.728     0.003
 2     0.727     0.685     0.029
 2    -0.022    -0.018     0.999
 3   126.428    -1.390     1.246
 3     0.299    -0.219    -0.929
 3     0.128     0.974    -0.187
 3     0.945    -0.064     0.319
 4   110.873    17.599    -9.026
 4     0.421    -0.836     0.353
 4     0.874     0.270    -0.403
 4     0.242     0.477     0.844
 5   114.415    17.620    28.883
 5    -0.413    -0.063     0.909
 5    -0.141     0.990     0.005
 5    -0.900    -0.125    -0.417
 6   133.479    30.024    43.578
 6     0.426    -0.841    -0.343
 6     0.247     0.466    -0.848
 6     0.870     0.276     0.405
 7   108.660   -20.267    -5.909
 7     0.185     0.846     0.500
 7    -0.967     0.066     0.244
 7     0.174    -0.529     0.830
 8   115.246   -28.474    20.460
 8     0.398     0.344     0.851
 8    -0.349    -0.801     0.485
 8     0.849    -0.489    -0.198
 9   129.960   -37.250    44.681
 9     0.488     0.856    -0.175
 9    -0.189     0.295     0.936
 9     0.852    -0.424     0.305
 2    97.619   -19.427    59.070
 2     0.686    -0.728     0.003
 2     0.727     0.685     0.029
 2    -0.022    -0.019     0.999
 3   126.289    -1.469     1.317
 3     0.303    -0.219    -0.928
 3     0.131     0.974    -0.185
 3     0.943    -0.067     0.323
 4   110.650    17.451    -9.020
 4     0.435    -0.824     0.364
 4     0.873     0.286    -0.395
 4     0.221     0.489     0.843
 5   114.723    17.646    28.637
 5    -0.423    -0.044     0.905
 5    -0.144     0.989    -0.019
 5    -0.894    -0.138    -0.425
 6   134.036    30.016    43.131
 6     0.435    -0.831    -0.355
 6     0.250     0.484    -0.837
 6     0.865     0.276     0.416
 7   108.317   -20.295    -5.729
 7     0.177     0.843     0.508
 7    -0.968     0.057     0.242
 7     0.175    -0.535     0.827
 8   114.959   -28.471    20.616
 8     0.408     0.329     0.852
 8    -0.348    -0.807     0.477
 8     0.844    -0.491    -0.215
 9   129.608   -37.509    44.817
 9     0.485     0.861    -0.159
 9    -0.196     0.280     0.939
 9     0.851    -0.425     0.304
 2    97.619   -19.427    59.070
 2     0.686    -0.728     0.003
 2     0.727     0.685     0.029
 2    -0.022    -0.019     0.999
 3   126.181    -1.520     1.275
 3     0.307    -0.219    -0.927
 3     0.135     0.973    -0.185
 3     0.942    -0.069     0.328
 4   110.338    17.260    -9.106
 4     0.437    -0.818     0.374
 4     0.875     0.291    -0.385
 4     0.206     0.495     0.843
 5   114.747    17.583    28.450
 5    -0.433    -0.053     0.900
 5    -0.148     0.989    -0.013
 5    -0.889    -0.138    -0.436
 6   134.046    30.012    42.867
 6     0.439    -0.833    -0.346
 6     0.253     0.477    -0.840
 6     0.862     0.281     0.419
 7   108.196   -20.395    -5.680
 7     0.177     0.841     0.512
 7    -0.968     0.055     0.242
 7     0.176    -0.538     0.824
 8   114.928   -28.443    20.728
 8     0.413     0.325     0.851
 8    -0.346    -0.808     0.475
 8     0.842    -0.490    -0.221
 9   129.533   -37.560    44.868
 9     0.486     0.861    -0.156
 9    -0.197     0.277     0.940
 9     0.851    -0.425     0.304
 2    97.619   -19.427    59.070
 2     0.686    -0.728     0.003
 2     0.727     0.685     0.029
 2    -0.022    -0.019     0.999
 3   126.040    -1.523     1.216
 3     0.311    -0.224    -0.924
 3     0.138     0.972    -0.188
 3     0.940    -0.070     0.333
 4   109.899    17.121    -9.245
 4     0.435    -0.813     0.388
 4     0.880     0.292    -0.374
 4     0.191     0.503     0.842
 5   114.665    17.487    28.307
 5    -0.439    -0.055     0.897
 5    -0.147     0.989    -0.011
 5    -0.886    -0.136    -0.442
 6   134.007    29.986    42.642
 6     0.441    -0.839    -0.328
 6     0.255     0.460    -0.849
 6     0.860     0.290     0.415
 7   108.144   -20.446    -5.674
 7     0.180     0.838     0.515
 7    -0.968     0.058     0.243
 7     0.174    -0.542     0.822
 8   114.996   -28.442    20.688
 8     0.418     0.325     0.849
 8    -0.345    -0.807     0.478
 8     0.840    -0.492    -0.226
 9   129.704   -37.459    44.823
 9     0.489     0.859    -0.158
 9    -0.196     0.280     0.939
 9     0.850    -0.428     0.305
 2    97.619   -19.427    59.070
 2     0.686    -0.728     0.003
 2     0.727     0.685     0.029
 2    -0.022    -0.019     0.999
 3   126.031    -1.423     1.172
 3     0.313    -0.230    -0.922
 3     0.139     0.971    -0.194
 3     0.939    -0.068     0.335
 4   109.745    17.138    -9.292
 4     0.432    -0.810     0.397
 4     0.884     0.291    -0.365
 4     0.180     0.508     0.842
 5   114.662    17.315    28.179
 5    -0.445    -0.057     0.894
 5    -0.141     0.990    -0.007
 5    -0.884    -0.129    -0.448
 6   133.964    29.709    42.495
 6     0.441    -0.843    -0.318
 6     0.250     0.448    -0.857
 6     0.862     0.298     0.406
 7   108.136   -20.344    -5.718
 7     0.186     0.837     0.514
 7    -0.968     0.064     0.243
 7     0.171    -0.543     0.822
 8   115.118   -28.339    20.743
 8     0.422     0.327     0.846
 8    -0.343    -0.807     0.480
 8     0.839    -0.492    -0.229
 9   129.876   -37.383    44.727
 9     0.491     0.857    -0.160
 9    -0.195     0.282     0.939
 9     0.849    -0.430     0.305
 2    97.619   -19.427    59.070
 2     0.686    -0.728     0.003
 2     0.727     0.685     0.029
 2    -0.022    -0.019     0.999
 3   126.029    -1.423     1.095
 3     0.314    -0.234    -0.920
 3     0.140     0.970    -0.198
 3     0.939    -0.067     0.337
 4   109.594    17.105    -9.418
 4     0.429    -0.808     0.404
 4     0.887     0.292    -0.356
 4     0.170     0.511     0.842
 5   114.570    17.240    28.082
 5    -0.446    -0.059     0.893
 5    -0.138     0.990    -0.003
 5    -0.884    -0.125    -0.449
 6   133.913    29.660    42.417
 6     0.439    -0.845    -0.313
 6     0.251     0.443    -0.859
 6     0.862     0.299     0.405
 7   108.135   -20.344    -5.716
 7     0.188     0.836     0.516
 7    -0.967     0.067     0.244
 7     0.170    -0.544     0.821
 8   115.160   -28.340    20.704
 8     0.425     0.323     0.846
 8    -0.344    -0.807     0.479
 8     0.837    -0.494    -0.231
 9   129.942   -37.436    44.663
 9     0.493     0.856    -0.158
 9    -0.196     0.282     0.939
 9     0.847    -0.432     0.306
];