2 	  32.64	  -6.79	  23.01
	  0.001	  0.999	 -0.047
	 -1.000	  0.000	 -0.014
	 -0.013	  0.047	  0.999

3 	  44.91	  -0.21	   2.41
	  0.250	  0.110	  0.962
	  0.172	  0.972	 -0.156
	 -0.953	  0.205	  0.224

4 	  40.06	   6.31	  -5.36
	  0.720	  0.663	  0.204
	 -0.682	  0.623	  0.383
	  0.127	 -0.415	  0.901

5 	  42.05	   8.56	   7.35
	  0.562	 -0.170	  0.809
	 -0.611	 -0.745	  0.267
	  0.558	 -0.645	 -0.523

6 	  48.29	  -1.02	   6.57
	  0.162	 -0.970	 -0.181
	  0.446	 -0.092	  0.890
	 -0.880	 -0.225	  0.418

7 	  40.85	  -7.65	  -4.87
	  0.896	 -0.439	 -0.061
	  0.394	  0.853	 -0.341
	  0.201	  0.281	  0.938

8 	  42.86	  -9.91	   7.59
	  0.525	  0.065	  0.849
	  0.568	 -0.769	 -0.293
	  0.633	  0.636	 -0.440

9 	  48.87	   0.33	  10.60
	  0.029	  0.999	  0.025
	 -0.324	  0.033	 -0.945
	 -0.945	  0.019	  0.325

2 	  32.64	  -6.79	  23.01
	  0.001	  0.999	 -0.048
	 -1.000	  0.000	 -0.014
	 -0.014	  0.047	  0.999

3 	  44.89	  -0.21	   2.44
	  0.249	  0.110	  0.962
	  0.173	  0.972	 -0.156
	 -0.953	  0.206	  0.223

4 	  40.04	   6.33	  -5.38
	  0.720	  0.663	  0.204
	 -0.682	  0.623	  0.383
	  0.126	 -0.415	  0.901

5 	  42.05	   8.54	   7.35
	  0.562	 -0.171	  0.809
	 -0.611	 -0.745	  0.267
	  0.557	 -0.645	 -0.523

6 	  48.27	  -1.04	   6.57
	  0.160	 -0.970	 -0.181
	  0.445	 -0.093	  0.890
	 -0.881	 -0.224	  0.417

7 	  40.85	  -7.65	  -4.85
	  0.896	 -0.439	 -0.060
	  0.395	  0.853	 -0.341
	  0.200	  0.282	  0.938

8 	  42.84	  -9.91	   7.59
	  0.524	  0.065	  0.849
	  0.568	 -0.770	 -0.291
	  0.635	  0.635	 -0.441

9 	  48.85	   0.33	  10.62
	  0.031	  0.999	  0.025
	 -0.325	  0.033	 -0.945
	 -0.945	  0.021	  0.326

2 	  32.64	  -6.79	  23.01
	  0.001	  0.999	 -0.048
	 -1.000	  0.000	 -0.014
	 -0.014	  0.047	  0.999

3 	  44.89	  -0.23	   2.44
	  0.249	  0.109	  0.962
	  0.175	  0.972	 -0.156
	 -0.952	  0.207	  0.223

4 	  40.06	   6.31	  -5.36
	  0.720	  0.662	  0.206
	 -0.682	  0.623	  0.382
	  0.125	 -0.416	  0.901

5 	  42.06	   8.54	   7.37
	  0.561	 -0.172	  0.810
	 -0.611	 -0.746	  0.265
	  0.558	 -0.644	 -0.524

6 	  48.27	  -1.04	   6.59
	  0.162	 -0.970	 -0.182
	  0.444	 -0.093	  0.891
	 -0.881	 -0.226	  0.416

7 	  40.83	  -7.65	  -4.85
	  0.896	 -0.440	 -0.059
	  0.396	  0.852	 -0.341
	  0.200	  0.282	  0.938

8 	  42.82	  -9.91	   7.59
	  0.524	  0.065	  0.849
	  0.567	 -0.771	 -0.291
	  0.635	  0.634	 -0.441

9 	  48.81	   0.35	  10.63
	  0.032	  0.999	  0.024
	 -0.324	  0.033	 -0.945
	 -0.945	  0.022	  0.325

2 	  32.62	  -6.79	  22.99
	  0.001	  0.999	 -0.048
	 -1.000	  0.000	 -0.014
	 -0.014	  0.047	  0.999

3 	  44.88	  -0.21	   2.44
	  0.249	  0.110	  0.962
	  0.175	  0.972	 -0.157
	 -0.952	  0.207	  0.223

4 	  40.10	   6.33	  -5.34
	  0.719	  0.661	  0.211
	 -0.684	  0.623	  0.378
	  0.119	 -0.417	  0.901

5 	  41.96	   8.47	   7.38
	  0.557	 -0.175	  0.812
	 -0.607	 -0.753	  0.254
	  0.567	 -0.634	 -0.526

6 	  48.27	  -1.02	   6.56
	  0.168	 -0.968	 -0.187
	  0.444	 -0.095	  0.891
	 -0.880	 -0.233	  0.414

7 	  40.85	  -7.65	  -4.85
	  0.896	 -0.441	 -0.060
	  0.396	  0.853	 -0.340
	  0.201	  0.281	  0.938

8 	  42.80	  -9.91	   7.58
	  0.524	  0.063	  0.849
	  0.565	 -0.772	 -0.291
	  0.637	  0.632	 -0.441

9 	  48.83	   0.35	  10.63
	  0.035	  0.999	  0.025
	 -0.324	  0.035	 -0.945
	 -0.945	  0.024	  0.325

2 	  32.62	  -6.77	  23.01
	  0.001	  0.999	 -0.048
	 -1.000	  0.000	 -0.014
	 -0.014	  0.048	  0.999

3 	  44.88	  -0.21	   2.44
	  0.249	  0.109	  0.962
	  0.176	  0.972	 -0.156
	 -0.952	  0.208	  0.223

4 	  40.10	   6.35	  -5.36
	  0.719	  0.661	  0.213
	 -0.685	  0.622	  0.379
	  0.118	 -0.418	  0.900

5 	  41.96	   8.47	   7.40
	  0.557	 -0.177	  0.812
	 -0.607	 -0.753	  0.252
	  0.567	 -0.633	 -0.527

6 	  48.25	  -1.04	   6.57
	  0.168	 -0.968	 -0.188
	  0.444	 -0.096	  0.891
	 -0.880	 -0.233	  0.413

7 	  40.83	  -7.65	  -4.87
	  0.895	 -0.442	 -0.062
	  0.397	  0.853	 -0.339
	  0.202	  0.279	  0.939

8 	  42.79	  -9.88	   7.58
	  0.523	  0.064	  0.850
	  0.563	 -0.774	 -0.289
	  0.640	  0.629	 -0.441

9 	  48.85	   0.35	  10.65
	  0.041	  0.999	  0.025
	 -0.322	  0.037	 -0.946
	 -0.946	  0.031	  0.323

2 	  32.62	  -6.77	  22.99
	  0.001	  0.999	 -0.048
	 -1.000	  0.000	 -0.014
	 -0.014	  0.047	  0.999

3 	  44.88	  -0.21	   2.44
	  0.250	  0.109	  0.962
	  0.178	  0.971	 -0.156
	 -0.952	  0.210	  0.223

4 	  40.08	   6.36	  -5.34
	  0.719	  0.661	  0.214
	 -0.685	  0.622	  0.380
	  0.118	 -0.420	  0.900

5 	  41.91	   8.44	   7.42
	  0.557	 -0.179	  0.811
	 -0.605	 -0.756	  0.249
	  0.569	 -0.629	 -0.529

6 	  48.29	  -0.97	   6.52
	  0.171	 -0.966	 -0.191
	  0.443	 -0.098	  0.891
	 -0.880	 -0.237	  0.412

7 	  40.80	  -7.58	  -4.89
	  0.893	 -0.445	 -0.066
	  0.401	  0.853	 -0.334
	  0.204	  0.272	  0.940

8 	  42.35	  -9.77	   7.58
	  0.514	  0.041	  0.857
	  0.508	 -0.819	 -0.265
	  0.691	  0.572	 -0.442

9 	  49.08	   0.05	  10.65
	  0.129	  0.991	  0.026
	 -0.300	  0.064	 -0.952
	 -0.945	  0.115	  0.306

2 	  32.62	  -6.79	  22.99
	  0.001	  0.999	 -0.047
	 -1.000	  0.001	 -0.014
	 -0.014	  0.047	  0.999

3 	  44.84	  -0.19	   2.46
	  0.250	  0.105	  0.962
	  0.182	  0.971	 -0.154
	 -0.951	  0.213	  0.224

4 	  40.10	   6.43	  -5.33
	  0.715	  0.662	  0.222
	 -0.689	  0.616	  0.381
	  0.115	 -0.426	  0.897

5 	  41.64	   8.24	   7.58
	  0.542	 -0.190	  0.818
	 -0.575	 -0.794	  0.196
	  0.613	 -0.577	 -0.540

6 	  48.69	  -0.58	   6.22
	  0.247	 -0.936	 -0.249
	  0.430	 -0.124	  0.894
	 -0.868	 -0.328	  0.372

7 	  40.68	  -7.52	  -4.96
	  0.886	 -0.458	 -0.075
	  0.412	  0.851	 -0.325
	  0.213	  0.257	  0.943

8 	  42.05	  -9.62	   7.58
	  0.502	  0.029	  0.864
	  0.469	 -0.849	 -0.244
	  0.726	  0.528	 -0.440

9 	  49.25	  -0.11	  10.51
	  0.182	  0.983	  0.022
	 -0.323	  0.081	 -0.943
	 -0.929	  0.164	  0.332

2 	  32.62	  -6.79	  22.99
	  0.001	  0.999	 -0.048
	 -1.000	  0.000	 -0.014
	 -0.014	  0.047	  0.999

3 	  44.81	  -0.19	   2.46
	  0.253	  0.099	  0.962
	  0.186	  0.971	 -0.149
	 -0.949	  0.217	  0.227

4 	  40.08	   6.49	  -5.29
	  0.713	  0.663	  0.227
	 -0.692	  0.612	  0.384
	  0.115	 -0.431	  0.895

5 	  41.54	   8.14	   7.68
	  0.541	 -0.198	  0.817
	 -0.562	 -0.808	  0.176
	  0.626	 -0.554	 -0.549

6 	  48.90	  -0.25	   5.94
	  0.297	 -0.909	 -0.291
	  0.453	 -0.134	  0.881
	 -0.840	 -0.394	  0.372

7 	  40.64	  -7.45	  -5.03
	  0.883	 -0.463	 -0.077
	  0.417	  0.849	 -0.322
	  0.214	  0.252	  0.943

8 	  41.61	  -9.39	   7.52
	  0.484	  0.015	  0.875
	  0.401	 -0.893	 -0.207
	  0.778	  0.451	 -0.438

9 	  49.68	  -0.56	  10.25
	  0.293	  0.956	 -0.009
	 -0.298	  0.083	 -0.951
	 -0.909	  0.281	  0.309

2 	  32.62	  -6.79	  23.01
	  0.001	  0.999	 -0.048
	 -1.000	  0.000	 -0.014
	 -0.014	  0.047	  0.999

3 	  44.79	  -0.18	   2.46
	  0.254	  0.095	  0.962
	  0.194	  0.970	 -0.147
	 -0.948	  0.224	  0.227

4 	  40.04	   6.56	  -5.26
	  0.703	  0.671	  0.236
	 -0.702	  0.598	  0.386
	  0.118	 -0.438	  0.891

5 	  41.19	   8.02	   7.70
	  0.543	 -0.185	  0.819
	 -0.513	 -0.845	  0.150
	  0.665	 -0.502	 -0.553

6 	  49.48	   0.67	   5.73
	  0.408	 -0.846	 -0.342
	  0.470	 -0.127	  0.874
	 -0.783	 -0.518	  0.346

7 	  40.59	  -7.37	  -5.08
	  0.876	 -0.476	 -0.069
	  0.433	  0.844	 -0.317
	  0.209	  0.248	  0.946

8 	  41.10	  -8.96	   7.63
	  0.453	  0.008	  0.891
	  0.307	 -0.940	 -0.147
	  0.836	  0.340	 -0.429

9 	  50.38	  -1.35	  10.07
	  0.441	  0.896	 -0.052
	 -0.243	  0.063	 -0.968
	 -0.864	  0.440	  0.246

2 	  32.62	  -6.79	  23.01
	  0.001	  0.999	 -0.048
	 -1.000	  0.000	 -0.014
	 -0.014	  0.048	  0.999

3 	  44.74	  -0.18	   2.48
	  0.253	  0.093	  0.963
	  0.199	  0.969	 -0.146
	 -0.947	  0.229	  0.227

4 	  39.94	   6.64	  -5.26
	  0.684	  0.687	  0.245
	 -0.719	  0.578	  0.385
	  0.123	 -0.440	  0.890

5 	  40.94	   7.84	   7.75
	  0.546	 -0.163	  0.822
	 -0.457	 -0.880	  0.128
	  0.702	 -0.445	 -0.555

6 	  49.96	   1.79	   5.43
	  0.523	 -0.760	 -0.387
	  0.488	 -0.106	  0.866
	 -0.699	 -0.642	  0.315

7 	  40.57	  -7.35	  -5.12
	  0.873	 -0.484	 -0.060
	  0.444	  0.839	 -0.315
	  0.202	  0.248	  0.947

8 	  40.85	  -8.72	   7.56
	  0.430	  0.008	  0.903
	  0.234	 -0.967	 -0.103
	  0.872	  0.256	 -0.418

9 	  50.85	  -2.20	  10.00
	  0.563	  0.822	 -0.080
	 -0.201	  0.042	 -0.979
	 -0.802	  0.567	  0.189

2 	  32.62	  -6.79	  23.01
	  0.001	  0.999	 -0.048
	 -1.000	  0.000	 -0.014
	 -0.014	  0.047	  0.999

3 	  44.72	  -0.14	   2.50
	  0.252	  0.092	  0.963
	  0.203	  0.968	 -0.146
	 -0.946	  0.232	  0.225

4 	  39.92	   6.66	  -5.26
	  0.667	  0.701	  0.252
	 -0.735	  0.562	  0.379
	  0.124	 -0.438	  0.890

5 	  40.59	   7.73	   7.77
	  0.543	 -0.127	  0.830
	 -0.376	 -0.920	  0.106
	  0.750	 -0.370	 -0.547

6 	  50.31	   2.81	   5.45
	  0.613	 -0.681	 -0.401
	  0.500	 -0.059	  0.864
	 -0.611	 -0.730	  0.304

7 	  40.57	  -7.31	  -5.13
	  0.868	 -0.493	 -0.042
	  0.458	  0.833	 -0.311
	  0.188	  0.251	  0.949

8 	  40.68	  -8.58	   7.61
	  0.414	  0.005	  0.910
	  0.181	 -0.980	 -0.077
	  0.892	  0.196	 -0.407

9 	  51.29	  -3.02	   9.98
	  0.656	  0.748	 -0.100
	 -0.169	  0.016	 -0.985
	 -0.735	  0.663	  0.137

2 	  32.62	  -6.77	  23.01
	  0.001	  0.999	 -0.048
	 -1.000	  0.000	 -0.014
	 -0.014	  0.048	  0.999

3 	  44.72	  -0.11	   2.46
	  0.254	  0.092	  0.963
	  0.203	  0.968	 -0.146
	 -0.946	  0.232	  0.227

4 	  39.88	   6.71	  -5.26
	  0.652	  0.712	  0.258
	 -0.747	  0.548	  0.375
	  0.125	 -0.438	  0.890

5 	  40.29	   7.65	   7.79
	  0.531	 -0.093	  0.842
	 -0.302	 -0.950	  0.086
	  0.792	 -0.299	 -0.532

6 	  50.48	   4.04	   5.50
	  0.702	 -0.582	 -0.411
	  0.500	 -0.008	  0.866
	 -0.507	 -0.813	  0.286

7 	  40.50	  -7.26	  -5.12
	  0.865	 -0.500	 -0.023
	  0.468	  0.826	 -0.313
	  0.175	  0.260	  0.949

8 	  40.48	  -8.53	   7.63
	  0.413	 -0.007	  0.911
	  0.125	 -0.990	 -0.064
	  0.902	  0.140	 -0.408

9 	  51.52	  -4.08	   9.88
	  0.742	  0.659	 -0.123
	 -0.156	 -0.009	 -0.988
	 -0.652	  0.752	  0.096

2 	  32.62	  -6.79	  23.01
	  0.001	  0.999	 -0.048
	 -1.000	  0.000	 -0.014
	 -0.014	  0.047	  0.999

3 	  44.72	  -0.09	   2.48
	  0.257	  0.092	  0.962
	  0.203	  0.968	 -0.147
	 -0.945	  0.234	  0.230

4 	  39.83	   6.73	  -5.27
	  0.638	  0.724	  0.262
	 -0.759	  0.532	  0.376
	  0.133	 -0.439	  0.889

5 	  40.24	   7.51	   7.72
	  0.531	 -0.071	  0.844
	 -0.237	 -0.969	  0.068
	  0.813	 -0.236	 -0.531

6 	  50.71	   5.31	   5.40
	  0.774	 -0.466	 -0.429
	  0.507	  0.051	  0.860
	 -0.379	 -0.883	  0.275

7 	  40.45	  -7.26	  -5.10
	  0.861	 -0.508	 -0.013
	  0.477	  0.818	 -0.320
	  0.173	  0.269	  0.947

8 	  40.38	  -8.47	   7.61
	  0.421	 -0.022	  0.906
	  0.073	 -0.995	 -0.058
	  0.904	  0.091	 -0.418

9 	  51.82	  -5.06	   9.56
	  0.812	  0.561	 -0.161
	 -0.169	 -0.038	 -0.985
	 -0.559	  0.827	  0.064

2 	  32.62	  -6.77	  23.01
	  0.001	  0.999	 -0.048
	 -1.000	 -0.000	 -0.014
	 -0.014	  0.048	  0.999

3 	  44.74	  -0.05	   2.44
	  0.263	  0.092	  0.960
	  0.203	  0.968	 -0.148
	 -0.943	  0.234	  0.236

4 	  39.80	   6.77	  -5.31
	  0.617	  0.743	  0.258
	 -0.773	  0.511	  0.376
	  0.147	 -0.432	  0.890

5 	  40.08	   7.42	   7.72
	  0.525	 -0.037	  0.850
	 -0.157	 -0.986	  0.054
	  0.836	 -0.162	 -0.524

6 	  50.73	   6.64	   5.43
	  0.826	 -0.354	 -0.438
	  0.501	  0.108	  0.859
	 -0.257	 -0.929	  0.266

7 	  40.43	  -7.24	  -5.12
	  0.859	 -0.512	 -0.009
	  0.481	  0.814	 -0.325
	  0.173	  0.275	  0.946

8 	  40.31	  -8.40	   7.59
	  0.425	 -0.040	  0.904
	  0.028	 -0.998	 -0.057
	  0.905	  0.049	 -0.423

9 	  51.89	  -6.35	   9.26
	  0.872	  0.449	 -0.193
	 -0.189	 -0.055	 -0.980
	 -0.451	  0.892	  0.036

2 	  32.62	  -6.77	  23.01
	  0.001	  0.999	 -0.048
	 -1.000	 -0.000	 -0.014
	 -0.014	  0.048	  0.999

3 	  44.74	  -0.05	   2.43
	  0.266	  0.092	  0.959
	  0.200	  0.968	 -0.149
	 -0.943	  0.232	  0.239

4 	  39.74	   6.75	  -5.34
	  0.595	  0.762	  0.254
	 -0.788	  0.491	  0.370
	  0.157	 -0.421	  0.893

5 	  39.90	   7.29	   7.61
	  0.519	 -0.004	  0.855
	 -0.082	 -0.995	  0.045
	  0.851	 -0.093	 -0.517

6 	  50.59	   7.79	   5.43
	  0.864	 -0.249	 -0.438
	  0.485	  0.178	  0.856
	 -0.135	 -0.952	  0.274

7 	  40.41	  -7.24	  -5.17
	  0.855	 -0.518	 -0.005
	  0.488	  0.809	 -0.327
	  0.174	  0.277	  0.945

8 	  40.25	  -8.38	   7.54
	  0.429	 -0.051	  0.901
	 -0.010	 -0.999	 -0.052
	  0.903	  0.013	 -0.429

9 	  52.00	  -7.44	   8.95
	  0.915	  0.333	 -0.228
	 -0.213	 -0.080	 -0.974
	 -0.343	  0.939	 -0.002

2 	  32.62	  -6.77	  23.01
	  0.001	  0.999	 -0.048
	 -1.000	  0.000	 -0.014
	 -0.014	  0.048	  0.999

3 	  44.75	  -0.04	   2.43
	  0.267	  0.093	  0.959
	  0.198	  0.969	 -0.149
	 -0.943	  0.230	  0.240

4 	  39.73	   6.79	  -5.38
	  0.573	  0.777	  0.258
	 -0.804	  0.473	  0.360
	  0.158	 -0.414	  0.896

5 	  39.81	   7.17	   7.63
	  0.508	  0.020	  0.861
	 -0.017	 -0.999	  0.033
	  0.861	 -0.032	 -0.508

6 	  50.34	   8.81	   5.55
	  0.887	 -0.148	 -0.436
	  0.459	  0.219	  0.860
	 -0.032	 -0.964	  0.262

7 	  40.39	  -7.22	  -5.17
	  0.852	 -0.524	  0.002
	  0.495	  0.804	 -0.330
	  0.171	  0.282	  0.944

8 	  40.17	  -8.37	   7.54
	  0.433	 -0.064	  0.899
	 -0.051	 -0.998	 -0.046
	  0.900	 -0.026	 -0.435

9 	  51.89	  -8.51	   8.58
	  0.938	  0.226	 -0.262
	 -0.246	 -0.096	 -0.964
	 -0.243	  0.969	 -0.035

2 	  32.62	  -6.77	  23.01
	  0.001	  0.999	 -0.048
	 -1.000	  0.000	 -0.014
	 -0.014	  0.048	  0.999

3 	  44.77	  -0.05	   2.43
	  0.269	  0.092	  0.959
	  0.193	  0.970	 -0.147
	 -0.944	  0.225	  0.243

4 	  39.55	   6.70	  -5.40
	  0.540	  0.803	  0.251
	 -0.825	  0.446	  0.346
	  0.166	 -0.395	  0.904

5 	  39.55	   7.15	   7.61
	  0.504	  0.058	  0.862
	  0.068	 -0.997	  0.028
	  0.861	  0.044	 -0.507

6 	  49.96	   9.79	   5.52
	  0.898	 -0.069	 -0.433
	  0.434	  0.283	  0.855
	  0.063	 -0.957	  0.284

7 	  40.38	  -7.22	  -5.19
	  0.847	 -0.532	  0.004
	  0.503	  0.798	 -0.331
	  0.172	  0.282	  0.943

8 	  40.03	  -8.40	   7.45
	  0.428	 -0.087	  0.899
	 -0.090	 -0.995	 -0.053
	  0.899	 -0.058	 -0.434

9 	  51.66	  -9.56	   8.53
	  0.956	  0.135	 -0.260
	 -0.251	 -0.078	 -0.965
	 -0.151	  0.988	 -0.041

2 	  32.62	  -6.77	  23.01
	  0.001	  0.999	 -0.048
	 -1.000	  0.000	 -0.014
	 -0.014	  0.048	  0.999

3 	  44.75	  -0.02	   2.43
	  0.270	  0.092	  0.958
	  0.182	  0.972	 -0.145
	 -0.945	  0.213	  0.246

4 	  39.38	   6.66	  -5.47
	  0.499	  0.832	  0.243
	 -0.851	  0.417	  0.319
	  0.164	 -0.366	  0.916

5 	  39.11	   7.14	   7.51
	  0.481	  0.091	  0.872
	  0.147	 -0.989	  0.022
	  0.864	  0.117	 -0.489

6 	  49.41	  10.72	   5.78
	  0.916	  0.004	 -0.401
	  0.375	  0.343	  0.861
	  0.141	 -0.939	  0.312

7 	  40.31	  -7.21	  -5.27
	  0.842	 -0.539	  0.006
	  0.510	  0.793	 -0.333
	  0.175	  0.283	  0.943

8 	  39.81	  -8.38	   7.38
	  0.413	 -0.109	  0.904
	 -0.126	 -0.990	 -0.062
	  0.902	 -0.088	 -0.423

9 	  51.26	 -10.62	   8.54
	  0.969	  0.031	 -0.243
	 -0.239	 -0.098	 -0.966
	 -0.054	  0.995	 -0.087

2 	  32.64	  -6.79	  23.01
	  0.001	  0.999	 -0.048
	 -1.000	  0.001	 -0.014
	 -0.014	  0.047	  0.999

3 	  44.68	   0.00	   2.36
	  0.275	  0.092	  0.957
	  0.167	  0.976	 -0.142
	 -0.947	  0.198	  0.253

4 	  39.30	   6.68	  -5.52
	  0.474	  0.845	  0.246
	 -0.865	  0.395	  0.309
	  0.165	 -0.359	  0.918

5 	  38.95	   7.07	   7.45
	  0.467	  0.110	  0.877
	  0.196	 -0.980	  0.018
	  0.862	  0.164	 -0.480

6 	  49.04	  11.32	   5.82
	  0.917	  0.074	 -0.391
	  0.339	  0.367	  0.866
	  0.208	 -0.927	  0.311

7 	  40.20	  -7.12	  -5.34
	  0.840	 -0.541	  0.021
	  0.515	  0.787	 -0.339
	  0.166	  0.296	  0.941

8 	  39.66	  -8.38	   7.29
	  0.408	 -0.130	  0.904
	 -0.161	 -0.984	 -0.069
	  0.898	 -0.117	 -0.423

9 	  50.94	 -11.67	   8.56
	  0.969	 -0.073	 -0.235
	 -0.242	 -0.110	 -0.964
	  0.045	  0.991	 -0.124

2 	  32.62	  -6.77	  22.99
	  0.001	  0.999	 -0.048
	 -1.000	  0.000	 -0.014
	 -0.014	  0.048	  0.999

3 	  44.68	   0.02	   2.34
	  0.277	  0.091	  0.956
	  0.162	  0.976	 -0.141
	 -0.947	  0.194	  0.256

4 	  39.13	   6.64	  -5.55
	  0.445	  0.863	  0.238
	 -0.879	  0.370	  0.301
	  0.171	 -0.343	  0.923

5 	  38.78	   7.08	   7.38
	  0.464	  0.135	  0.875
	  0.240	 -0.970	  0.022
	  0.852	  0.200	 -0.483

6 	  48.62	  11.95	   5.82
	  0.918	  0.120	 -0.379
	  0.299	  0.419	  0.857
	  0.261	 -0.900	  0.349

7 	  40.17	  -7.08	  -5.38
	  0.839	 -0.544	  0.025
	  0.519	  0.785	 -0.338
	  0.164	  0.297	  0.941

8 	  39.66	  -8.40	   7.22
	  0.411	 -0.151	  0.899
	 -0.193	 -0.978	 -0.076
	  0.891	 -0.142	 -0.431

9 	  50.66	 -12.36	   8.42
	  0.959	 -0.147	 -0.240
	 -0.257	 -0.116	 -0.959
	  0.113	  0.982	 -0.149

2 	  32.62	  -6.77	  23.01
	  0.001	  0.999	 -0.048
	 -1.000	  0.000	 -0.014
	 -0.014	  0.048	  0.999

3 	  44.70	   0.00	   2.29
	  0.282	  0.091	  0.955
	  0.155	  0.978	 -0.139
	 -0.947	  0.187	  0.261

4 	  38.99	   6.57	  -5.66
	  0.415	  0.880	  0.231
	 -0.891	  0.344	  0.295
	  0.180	 -0.328	  0.927

5 	  38.55	   6.98	   7.26
	  0.449	  0.147	  0.881
	  0.281	 -0.960	  0.017
	  0.848	  0.240	 -0.472

6 	  48.30	  12.27	   5.82
	  0.920	  0.158	 -0.358
	  0.263	  0.426	  0.865
	  0.289	 -0.891	  0.351

7 	  40.08	  -7.08	  -5.48
	  0.831	 -0.556	  0.016
	  0.527	  0.778	 -0.341
	  0.177	  0.292	  0.940

8 	  39.62	  -8.44	   7.08
	  0.416	 -0.172	  0.893
	 -0.224	 -0.971	 -0.083
	  0.881	 -0.165	 -0.443

9 	  50.43	 -13.10	   8.16
	  0.947	 -0.205	 -0.246
	 -0.275	 -0.127	 -0.953
	  0.164	  0.970	 -0.176

2 	  32.62	  -6.79	  23.01
	  0.001	  0.999	 -0.048
	 -1.000	  0.000	 -0.014
	 -0.014	  0.047	  0.999

3 	  44.70	   0.05	   2.16
	  0.294	  0.090	  0.951
	  0.129	  0.982	 -0.134
	 -0.947	  0.162	  0.277

4 	  38.83	   6.52	  -5.70
	  0.383	  0.896	  0.224
	 -0.904	  0.313	  0.292
	  0.191	 -0.315	  0.929

5 	  38.30	   6.93	   7.17
	  0.434	  0.165	  0.885
	  0.321	 -0.947	  0.019
	  0.841	  0.276	 -0.464

6 	  47.92	  12.73	   5.89
	  0.920	  0.197	 -0.338
	  0.231	  0.422	  0.876
	  0.315	 -0.885	  0.343

7 	  39.99	  -7.05	  -5.59
	  0.824	 -0.566	  0.002
	  0.532	  0.774	 -0.343
	  0.193	  0.284	  0.939

8 	  39.59	  -8.46	   6.98
	  0.416	 -0.192	  0.889
	 -0.251	 -0.964	 -0.091
	  0.874	 -0.185	 -0.449

9 	  50.22	 -13.59	   7.95
	  0.937	 -0.242	 -0.252
	 -0.288	 -0.128	 -0.949
	  0.197	  0.962	 -0.190

2 	  32.62	  -6.79	  23.01
	  0.001	  0.999	 -0.048
	 -1.000	  0.000	 -0.014
	 -0.014	  0.047	  0.999

3 	  44.74	   0.09	   2.09
	  0.297	  0.093	  0.950
	  0.116	  0.984	 -0.133
	 -0.948	  0.150	  0.282

4 	  38.72	   6.45	  -5.80
	  0.355	  0.909	  0.217
	 -0.913	  0.288	  0.287
	  0.198	 -0.301	  0.933

5 	  38.11	   6.94	   7.01
	  0.418	  0.193	  0.887
	  0.360	 -0.932	  0.033
	  0.834	  0.306	 -0.460

6 	  47.51	  13.20	   5.91
	  0.919	  0.234	 -0.317
	  0.199	  0.417	  0.886
	  0.339	 -0.878	  0.337

7 	  39.97	  -7.01	  -5.68
	  0.819	 -0.573	 -0.004
	  0.537	  0.771	 -0.342
	  0.199	  0.278	  0.940

8 	  39.45	  -8.46	   6.82
	  0.400	 -0.213	  0.891
	 -0.280	 -0.955	 -0.103
	  0.873	 -0.208	 -0.441

9 	  49.94	 -13.97	   7.84
	  0.929	 -0.280	 -0.242
	 -0.286	 -0.126	 -0.950
	  0.235	  0.952	 -0.197

2 	  32.62	  -6.79	  23.01
	  0.001	  0.999	 -0.048
	 -1.000	  0.000	 -0.014
	 -0.014	  0.047	  0.999

3 	  44.77	   0.18	   2.02
	  0.300	  0.091	  0.949
	  0.100	  0.987	 -0.127
	 -0.948	  0.133	  0.287

4 	  38.69	   6.43	  -5.89
	  0.332	  0.919	  0.213
	 -0.921	  0.267	  0.284
	  0.204	 -0.291	  0.935

5 	  37.93	   7.00	   6.94
	  0.401	  0.216	  0.890
	  0.389	 -0.920	  0.047
	  0.829	  0.327	 -0.454

6 	  47.23	  13.71	   6.06
	  0.916	  0.270	 -0.297
	  0.173	  0.400	  0.899
	  0.362	 -0.875	  0.320

7 	  39.99	  -6.87	  -5.80
	  0.813	 -0.582	 -0.013
	  0.544	  0.769	 -0.335
	  0.204	  0.266	  0.942

8 	  39.38	  -8.46	   6.70
	  0.386	 -0.226	  0.894
	 -0.297	 -0.948	 -0.111
	  0.873	 -0.222	 -0.433

9 	  49.64	 -14.41	   7.88
	  0.921	 -0.321	 -0.220
	 -0.275	 -0.137	 -0.952
	  0.275	  0.937	 -0.214

2 	  32.62	  -6.79	  23.01
	  0.001	  0.999	 -0.048
	 -1.000	  0.001	 -0.014
	 -0.014	  0.047	  0.999

3 	  44.81	   0.19	   1.95
	  0.304	  0.089	  0.948
	  0.089	  0.988	 -0.122
	 -0.948	  0.122	  0.293

4 	  38.64	   6.42	  -5.96
	  0.315	  0.925	  0.210
	 -0.926	  0.251	  0.283
	  0.209	 -0.284	  0.936

5 	  37.79	   6.93	   6.79
	  0.388	  0.220	  0.895
	  0.403	 -0.914	  0.050
	  0.829	  0.341	 -0.444

6 	  47.04	  13.85	   6.22
	  0.918	  0.291	 -0.268
	  0.147	  0.377	  0.914
	  0.367	 -0.879	  0.304

7 	  39.94	  -6.86	  -5.89
	  0.807	 -0.590	 -0.022
	  0.550	  0.765	 -0.334
	  0.214	  0.257	  0.942

8 	  39.38	  -8.47	   6.59
	  0.384	 -0.244	  0.890
	 -0.328	 -0.938	 -0.115
	  0.863	 -0.247	 -0.441

9 	  49.43	 -14.78	   7.79
	  0.910	 -0.352	 -0.217
	 -0.278	 -0.132	 -0.951
	  0.306	  0.927	 -0.218

2 	  32.62	  -6.79	  23.01
	  0.001	  0.999	 -0.048
	 -1.000	  0.001	 -0.014
	 -0.014	  0.048	  0.999

3 	  44.88	   0.26	   1.83
	  0.312	  0.088	  0.946
	  0.073	  0.990	 -0.117
	 -0.947	  0.105	  0.303

4 	  38.55	   6.38	  -6.03
	  0.298	  0.931	  0.208
	 -0.929	  0.233	  0.287
	  0.219	 -0.279	  0.935

5 	  37.71	   6.94	   6.73
	  0.380	  0.231	  0.895
	  0.421	 -0.905	  0.055
	  0.823	  0.356	 -0.442

6 	  46.81	  14.24	   6.33
	  0.911	  0.322	 -0.256
	  0.139	  0.344	  0.928
	  0.387	 -0.882	  0.268

7 	  39.90	  -6.80	  -6.01
	  0.793	 -0.607	 -0.041
	  0.563	  0.758	 -0.330
	  0.231	  0.239	  0.943

8 	  39.30	  -8.53	   6.47
	  0.373	 -0.264	  0.889
	 -0.360	 -0.925	 -0.123
	  0.855	 -0.274	 -0.440

9 	  49.11	 -15.22	   7.72
	  0.898	 -0.386	 -0.208
	 -0.274	 -0.125	 -0.953
	  0.342	  0.914	 -0.218

2 	  32.62	  -6.77	  23.01
	  0.001	  0.999	 -0.048
	 -1.000	  0.000	 -0.014
	 -0.014	  0.048	  0.999

3 	  44.89	   0.26	   1.78
	  0.316	  0.089	  0.944
	  0.062	  0.991	 -0.115
	 -0.947	  0.095	  0.307

4 	  38.51	   6.35	  -6.06
	  0.288	  0.936	  0.203
	 -0.932	  0.224	  0.285
	  0.221	 -0.271	  0.937

5 	  37.65	   7.00	   6.68
	  0.376	  0.250	  0.892
	  0.438	 -0.896	  0.066
	  0.816	  0.365	 -0.447

6 	  46.62	  14.52	   6.42
	  0.904	  0.348	 -0.247
	  0.138	  0.308	  0.941
	  0.403	 -0.885	  0.231

7 	  39.87	  -6.82	  -6.06
	  0.785	 -0.618	 -0.046
	  0.572	  0.752	 -0.328
	  0.237	  0.231	  0.943

8 	  39.20	  -8.54	   6.45
	  0.362	 -0.274	  0.891
	 -0.382	 -0.916	 -0.126
	  0.850	 -0.295	 -0.436

9 	  48.83	 -15.56	   7.77
	  0.890	 -0.413	 -0.195
	 -0.270	 -0.131	 -0.954
	  0.368	  0.901	 -0.228

2 	  32.62	  -6.77	  23.01
	  0.001	  0.999	 -0.048
	 -1.000	  0.000	 -0.014
	 -0.014	  0.048	  0.999

3 	  44.93	   0.28	   1.71
	  0.318	  0.091	  0.943
	  0.058	  0.991	 -0.115
	 -0.946	  0.091	  0.310

4 	  38.51	   6.26	  -6.15
	  0.281	  0.939	  0.196
	 -0.933	  0.220	  0.284
	  0.224	 -0.263	  0.938

5 	  37.58	   7.01	   6.54
	  0.370	  0.264	  0.891
	  0.447	 -0.891	  0.078
	  0.814	  0.370	 -0.448

6 	  46.53	  14.71	   6.43
	  0.901	  0.362	 -0.238
	  0.134	  0.290	  0.947
	  0.412	 -0.886	  0.213

7 	  39.83	  -6.84	  -6.08
	  0.776	 -0.629	 -0.048
	  0.583	  0.744	 -0.325
	  0.240	  0.224	  0.944

8 	  39.18	  -8.51	   6.42
	  0.352	 -0.278	  0.893
	 -0.403	 -0.907	 -0.123
	  0.844	 -0.317	 -0.432

9 	  48.55	 -15.86	   7.86
	  0.876	 -0.448	 -0.178
	 -0.266	 -0.141	 -0.953
	  0.402	  0.883	 -0.242

2 	  32.62	  -6.77	  23.01
	  0.001	  0.999	 -0.048
	 -1.000	 -0.000	 -0.014
	 -0.014	  0.048	  0.999

3 	  44.93	   0.28	   1.69
	  0.320	  0.092	  0.943
	  0.056	  0.991	 -0.116
	 -0.946	  0.090	  0.312

4 	  38.44	   6.19	  -6.26
	  0.274	  0.943	  0.187
	 -0.934	  0.215	  0.286
	  0.230	 -0.253	  0.940

5 	  37.53	   7.01	   6.45
	  0.363	  0.270	  0.892
	  0.454	 -0.887	  0.084
	  0.813	  0.375	 -0.445

6 	  46.44	  14.80	   6.47
	  0.899	  0.374	 -0.225
	  0.125	  0.272	  0.954
	  0.418	 -0.886	  0.198

7 	  39.74	  -6.86	  -6.17
	  0.769	 -0.637	 -0.057
	  0.588	  0.739	 -0.329
	  0.251	  0.219	  0.943

8 	  39.20	  -8.49	   6.38
	  0.356	 -0.278	  0.892
	 -0.411	 -0.904	 -0.117
	  0.839	 -0.325	 -0.437

9 	  48.46	 -16.00	   7.86
	  0.868	 -0.465	 -0.172
	 -0.267	 -0.146	 -0.953
	  0.418	  0.873	 -0.251

2 	  32.62	  -6.77	  23.01
	  0.001	  0.999	 -0.048
	 -1.000	  0.000	 -0.014
	 -0.014	  0.048	  0.999

3 	  44.96	   0.26	   1.55
	  0.328	  0.094	  0.940
	  0.054	  0.991	 -0.119
	 -0.943	  0.089	  0.320

4 	  38.34	   6.10	  -6.35
	  0.272	  0.946	  0.175
	 -0.931	  0.213	  0.295
	  0.242	 -0.244	  0.939

5 	  37.51	   7.01	   6.38
	  0.365	  0.278	  0.888
	  0.458	 -0.884	  0.088
	  0.810	  0.375	 -0.451

6 	  46.41	  14.92	   6.43
	  0.898	  0.382	 -0.219
	  0.119	  0.267	  0.956
	  0.424	 -0.885	  0.194

7 	  39.67	  -6.86	  -6.19
	  0.761	 -0.646	 -0.068
	  0.593	  0.734	 -0.329
	  0.262	  0.210	  0.942

8 	  39.23	  -8.54	   6.31
	  0.361	 -0.289	  0.886
	 -0.432	 -0.894	 -0.115
	  0.826	 -0.341	 -0.448

9 	  48.39	 -16.17	   7.79
	  0.861	 -0.479	 -0.170
	 -0.268	 -0.143	 -0.953
	  0.431	  0.866	 -0.251

2 	  32.62	  -6.77	  23.01
	  0.001	  0.999	 -0.048
	 -1.000	  0.000	 -0.014
	 -0.014	  0.048	  0.999

3 	  44.96	   0.28	   1.42
	  0.336	  0.095	  0.937
	  0.045	  0.992	 -0.118
	 -0.941	  0.082	  0.329

4 	  38.23	   6.05	  -6.43
	  0.262	  0.950	  0.170
	 -0.932	  0.203	  0.301
	  0.251	 -0.238	  0.938

5 	  37.35	   7.05	   6.28
	  0.352	  0.304	  0.885
	  0.491	 -0.865	  0.102
	  0.797	  0.399	 -0.454

6 	  46.00	  15.29	   6.59
	  0.887	  0.418	 -0.196
	  0.100	  0.239	  0.966
	  0.450	 -0.877	  0.170

7 	  39.55	  -6.86	  -6.28
	  0.750	 -0.656	 -0.080
	  0.601	  0.728	 -0.331
	  0.275	  0.200	  0.940

8 	  39.18	  -8.54	   6.24
	  0.359	 -0.298	  0.884
	 -0.450	 -0.885	 -0.115
	  0.817	 -0.357	 -0.452

9 	  48.18	 -16.47	   7.79
	  0.849	 -0.503	 -0.161
	 -0.264	 -0.142	 -0.954
	  0.457	  0.853	 -0.253

2 	  32.62	  -6.77	  23.01
	  0.001	  0.999	 -0.048
	 -1.000	  0.000	 -0.014
	 -0.014	  0.048	  0.999

3 	  44.98	   0.26	   1.35
	  0.342	  0.096	  0.935
	  0.042	  0.992	 -0.117
	 -0.939	  0.079	  0.335

4 	  38.14	   6.05	  -6.43
	  0.256	  0.952	  0.169
	 -0.932	  0.197	  0.304
	  0.256	 -0.235	  0.937

5 	  37.28	   7.08	   6.26
	  0.347	  0.310	  0.885
	  0.500	 -0.859	  0.104
	  0.793	  0.407	 -0.454

6 	  45.84	  15.52	   6.77
	  0.884	  0.434	 -0.174
	  0.083	  0.219	  0.972
	  0.460	 -0.874	  0.157

7 	  39.48	  -6.84	  -6.31
	  0.745	 -0.661	 -0.087
	  0.603	  0.725	 -0.332
	  0.282	  0.195	  0.939

8 	  39.16	  -8.54	   6.21
	  0.362	 -0.300	  0.882
	 -0.455	 -0.883	 -0.113
	  0.813	 -0.360	 -0.456

9 	  48.13	 -16.54	   7.79
	  0.847	 -0.509	 -0.153
	 -0.259	 -0.144	 -0.955
	  0.464	  0.848	 -0.253

2 	  32.62	  -6.79	  23.01
	  0.001	  0.999	 -0.048
	 -1.000	  0.000	 -0.014
	 -0.014	  0.047	  0.999

3 	  44.98	   0.26	   1.28
	  0.347	  0.096	  0.933
	  0.046	  0.992	 -0.120
	 -0.937	  0.084	  0.339

4 	  38.14	   6.03	  -6.43
	  0.256	  0.952	  0.167
	 -0.932	  0.198	  0.305
	  0.257	 -0.234	  0.937

5 	  37.23	   7.10	   6.26
	  0.339	  0.312	  0.887
	  0.502	 -0.858	  0.109
	  0.795	  0.409	 -0.448

6 	  45.77	  15.57	   7.07
	  0.883	  0.445	 -0.146
	  0.058	  0.204	  0.977
	  0.465	 -0.872	  0.154

7 	  39.45	  -6.82	  -6.35
	  0.742	 -0.665	 -0.090
	  0.607	  0.723	 -0.329
	  0.284	  0.190	  0.940

8 	  39.08	  -8.58	   6.17
	  0.354	 -0.310	  0.882
	 -0.467	 -0.876	 -0.120
	  0.810	 -0.369	 -0.455

9 	  47.90	 -16.66	   7.91
	  0.845	 -0.519	 -0.129
	 -0.236	 -0.145	 -0.961
	  0.480	  0.842	 -0.245

2 	  32.62	  -6.79	  23.01
	  0.001	  0.999	 -0.048
	 -1.000	  0.000	 -0.014
	 -0.014	  0.047	  0.999

3 	  44.96	   0.28	   1.28
	  0.346	  0.095	  0.933
	  0.047	  0.992	 -0.120
	 -0.937	  0.086	  0.338

4 	  38.16	   6.01	  -6.45
	  0.257	  0.952	  0.165
	 -0.932	  0.199	  0.303
	  0.256	 -0.232	  0.938

5 	  37.12	   7.10	   6.22
	  0.323	  0.320	  0.891
	  0.509	 -0.852	  0.121
	  0.797	  0.415	 -0.439

6 	  45.62	  15.66	   7.24
	  0.881	  0.457	 -0.126
	  0.040	  0.193	  0.980
	  0.472	 -0.868	  0.151

7 	  39.46	  -6.82	  -6.35
	  0.736	 -0.671	 -0.091
	  0.615	  0.719	 -0.322
	  0.281	  0.181	  0.942

8 	  38.94	  -8.61	   6.15
	  0.334	 -0.322	  0.886
	 -0.479	 -0.867	 -0.135
	  0.812	 -0.379	 -0.444

9 	  47.71	 -16.80	   8.09
	  0.843	 -0.527	 -0.109
	 -0.213	 -0.141	 -0.967
	  0.494	  0.838	 -0.231

2 	  32.62	  -6.77	  23.01
	  0.001	  0.999	 -0.048
	 -1.000	  0.000	 -0.014
	 -0.014	  0.048	  0.999

3 	  44.98	   0.32	   1.28
	  0.343	  0.096	  0.934
	  0.040	  0.992	 -0.117
	 -0.938	  0.077	  0.336

4 	  38.14	   5.99	  -6.47
	  0.252	  0.954	  0.159
	 -0.934	  0.197	  0.298
	  0.253	 -0.224	  0.941

5 	  37.02	   7.17	   6.19
	  0.308	  0.338	  0.889
	  0.527	 -0.839	  0.135
	  0.792	  0.427	 -0.437

6 	  45.32	  15.94	   7.37
	  0.870	  0.479	 -0.114
	  0.027	  0.184	  0.982
	  0.492	 -0.858	  0.147

7 	  39.41	  -6.77	  -6.33
	  0.728	 -0.679	 -0.092
	  0.626	  0.714	 -0.314
	  0.279	  0.171	  0.945

8 	  38.71	  -8.61	   6.13
	  0.314	 -0.338	  0.887
	 -0.497	 -0.854	 -0.149
	  0.808	 -0.395	 -0.437

9 	  47.25	 -17.03	   8.17
	  0.834	 -0.544	 -0.091
	 -0.196	 -0.137	 -0.971
	  0.516	  0.828	 -0.221

2 	  32.62	  -6.79	  23.01
	  0.001	  0.999	 -0.048
	 -1.000	  0.000	 -0.014
	 -0.014	  0.047	  0.999

3 	  44.95	   0.37	   1.30
	  0.337	  0.098	  0.936
	  0.030	  0.993	 -0.115
	 -0.941	  0.067	  0.332

4 	  38.02	   5.99	  -6.50
	  0.238	  0.959	  0.154
	 -0.937	  0.185	  0.296
	  0.255	 -0.215	  0.943

5 	  36.84	   7.22	   6.13
	  0.296	  0.350	  0.888
	  0.548	 -0.824	  0.141
	  0.782	  0.445	 -0.436

6 	  44.98	  16.22	   7.42
	  0.859	  0.501	 -0.103
	  0.015	  0.175	  0.984
	  0.511	 -0.847	  0.143

7 	  39.32	  -6.73	  -6.36
	  0.722	 -0.685	 -0.098
	  0.631	  0.709	 -0.313
	  0.284	  0.165	  0.944

8 	  38.67	  -8.63	   6.13
	  0.312	 -0.342	  0.886
	 -0.505	 -0.850	 -0.150
	  0.804	 -0.401	 -0.438

9 	  47.16	 -17.10	   8.23
	  0.830	 -0.551	 -0.086
	 -0.193	 -0.138	 -0.971
	  0.523	  0.823	 -0.221

2 	  32.62	  -6.79	  23.01
	  0.001	  0.999	 -0.048
	 -1.000	  0.000	 -0.014
	 -0.014	  0.047	  0.999

3 	  44.93	   0.37	   1.28
	  0.338	  0.098	  0.936
	  0.028	  0.993	 -0.115
	 -0.941	  0.065	  0.333

4 	  37.93	   5.99	  -6.50
	  0.230	  0.961	  0.151
	 -0.937	  0.177	  0.301
	  0.262	 -0.211	  0.941

5 	  36.74	   7.26	   6.12
	  0.290	  0.359	  0.887
	  0.559	 -0.816	  0.147
	  0.776	  0.453	 -0.438

6 	  44.75	  16.37	   7.45
	  0.854	  0.510	 -0.097
	  0.005	  0.179	  0.984
	  0.519	 -0.841	  0.150

7 	  39.30	  -6.70	  -6.35
	  0.720	 -0.686	 -0.101
	  0.632	  0.710	 -0.312
	  0.285	  0.160	  0.945

8 	  38.69	  -8.61	   6.12
	  0.314	 -0.348	  0.883
	 -0.513	 -0.845	 -0.151
	  0.798	 -0.405	 -0.445

9 	  47.14	 -17.10	   8.17
	  0.828	 -0.553	 -0.087
	 -0.192	 -0.136	 -0.972
	  0.526	  0.822	 -0.219

2 	  32.62	  -6.79	  23.01
	  0.001	  0.999	 -0.048
	 -1.000	  0.000	 -0.014
	 -0.014	  0.047	  0.999

3 	  44.89	   0.44	   1.25
	  0.337	  0.099	  0.936
	  0.018	  0.993	 -0.112
	 -0.941	  0.055	  0.333

4 	  37.88	   5.99	  -6.52
	  0.224	  0.963	  0.149
	 -0.938	  0.171	  0.301
	  0.265	 -0.208	  0.941

5 	  36.69	   7.28	   6.10
	  0.284	  0.368	  0.885
	  0.569	 -0.808	  0.152
	  0.771	  0.460	 -0.439

6 	  44.63	  16.49	   7.40
	  0.850	  0.518	 -0.095
	  0.000	  0.180	  0.984
	  0.527	 -0.836	  0.152

7 	  39.32	  -6.64	  -6.38
	  0.716	 -0.690	 -0.108
	  0.636	  0.708	 -0.306
	  0.287	  0.150	  0.946

8 	  38.65	  -8.60	   6.06
	  0.306	 -0.359	  0.882
	 -0.526	 -0.835	 -0.158
	  0.793	 -0.416	 -0.444

9 	  47.00	 -17.23	   8.14
	  0.823	 -0.562	 -0.079
	 -0.184	 -0.131	 -0.974
	  0.537	  0.816	 -0.211

2 	  32.62	  -6.79	  23.01
	  0.001	  0.999	 -0.048
	 -1.000	  0.000	 -0.014
	 -0.014	  0.048	  0.999

3 	  44.93	   0.47	   1.23
	  0.336	  0.099	  0.937
	  0.016	  0.993	 -0.111
	 -0.942	  0.052	  0.332

4 	  37.93	   6.01	  -6.52
	  0.221	  0.964	  0.149
	 -0.939	  0.168	  0.299
	  0.263	 -0.207	  0.942

5 	  36.62	   7.35	   6.12
	  0.270	  0.371	  0.888
	  0.575	 -0.802	  0.160
	  0.772	  0.468	 -0.430

6 	  44.51	  16.61	   7.56
	  0.846	  0.527	 -0.082
	 -0.013	  0.174	  0.984
	  0.533	 -0.832	  0.154

7 	  39.36	  -6.57	  -6.38
	  0.711	 -0.695	 -0.109
	  0.644	  0.705	 -0.296
	  0.282	  0.140	  0.949

8 	  38.55	  -8.63	   6.06
	  0.290	 -0.367	  0.884
	 -0.538	 -0.827	 -0.167
	  0.792	 -0.427	 -0.437

9 	  46.72	 -17.37	   8.21
	  0.817	 -0.572	 -0.068
	 -0.170	 -0.128	 -0.977
	  0.550	  0.810	 -0.202

2 	  32.62	  -6.79	  22.99
	  0.001	  0.999	 -0.048
	 -1.000	  0.000	 -0.014
	 -0.014	  0.048	  0.999

3 	  44.93	   0.54	   1.27
	  0.327	  0.098	  0.940
	  0.012	  0.994	 -0.109
	 -0.945	  0.047	  0.324

4 	  37.97	   6.05	  -6.49
	  0.217	  0.964	  0.150
	 -0.941	  0.166	  0.294
	  0.258	 -0.206	  0.944

5 	  36.60	   7.33	   6.12
	  0.269	  0.370	  0.889
	  0.573	 -0.803	  0.161
	  0.774	  0.466	 -0.428

6 	  44.49	  16.61	   7.63
	  0.846	  0.528	 -0.076
	 -0.019	  0.171	  0.985
	  0.533	 -0.832	  0.154

7 	  39.34	  -6.56	  -6.40
	  0.708	 -0.697	 -0.109
	  0.647	  0.704	 -0.292
	  0.281	  0.136	  0.950

8 	  38.57	  -8.61	   6.06
	  0.291	 -0.367	  0.883
	 -0.537	 -0.827	 -0.167
	  0.792	 -0.426	 -0.438

9 	  46.72	 -17.37	   8.19
	  0.817	 -0.572	 -0.067
	 -0.170	 -0.127	 -0.977
	  0.550	  0.810	 -0.201

2 	  32.62	  -6.79	  23.01
	  0.001	  0.999	 -0.048
	 -1.000	  0.000	 -0.014
	 -0.014	  0.048	  0.999

3 	  44.93	   0.54	   1.28
	  0.323	  0.097	  0.941
	  0.017	  0.994	 -0.108
	 -0.946	  0.051	  0.319

4 	  37.99	   6.05	  -6.47
	  0.223	  0.963	  0.149
	 -0.940	  0.172	  0.294
	  0.258	 -0.206	  0.944

5 	  36.74	   7.40	   6.19
	  0.280	  0.370	  0.886
	  0.559	 -0.813	  0.163
	  0.780	  0.450	 -0.434

6 	  44.82	  16.45	   7.59
	  0.863	  0.499	 -0.079
	 -0.017	  0.186	  0.982
	  0.505	 -0.846	  0.169

7 	  39.34	  -6.56	  -6.42
	  0.709	 -0.696	 -0.112
	  0.646	  0.706	 -0.289
	  0.280	  0.132	  0.951

8 	  38.62	  -8.72	   6.05
	  0.302	 -0.370	  0.878
	 -0.523	 -0.835	 -0.172
	  0.797	 -0.407	 -0.446

9 	  47.11	 -17.17	   8.05
	  0.842	 -0.534	 -0.076
	 -0.163	 -0.116	 -0.980
	  0.515	  0.837	 -0.185

2 	  32.62	  -6.77	  22.99
	  0.001	  0.999	 -0.048
	 -1.000	  0.000	 -0.014
	 -0.014	  0.048	  0.999

3 	  44.91	   0.51	   1.32
	  0.315	  0.093	  0.944
	  0.025	  0.994	 -0.107
	 -0.949	  0.057	  0.310

4 	  38.02	   6.06	  -6.38
	  0.241	  0.959	  0.146
	 -0.937	  0.191	  0.291
	  0.251	 -0.208	  0.945

5 	  36.91	   7.63	   6.29
	  0.314	  0.374	  0.872
	  0.520	 -0.837	  0.171
	  0.794	  0.401	 -0.457

6 	  45.69	  15.87	   7.37
	  0.905	  0.412	 -0.100
	  0.010	  0.215	  0.976
	  0.424	 -0.885	  0.190

7 	  39.38	  -6.54	  -6.42
	  0.724	 -0.678	 -0.126
	  0.632	  0.726	 -0.271
	  0.275	  0.117	  0.954

8 	  38.79	  -8.75	   6.08
	  0.332	 -0.345	  0.877
	 -0.460	 -0.872	 -0.169
	  0.823	 -0.348	 -0.449

9 	  47.97	 -16.40	   8.03
	  0.888	 -0.451	 -0.089
	 -0.156	 -0.114	 -0.981
	  0.432	  0.885	 -0.172

2 	  32.62	  -6.79	  22.99
	  0.001	  0.999	 -0.048
	 -1.000	  0.000	 -0.014
	 -0.014	  0.047	  0.999

3 	  44.91	   0.49	   1.34
	  0.312	  0.093	  0.945
	  0.027	  0.994	 -0.107
	 -0.949	  0.059	  0.308

4 	  38.00	   6.05	  -6.35
	  0.269	  0.952	  0.144
	 -0.931	  0.219	  0.292
	  0.246	 -0.213	  0.945

5 	  37.04	   7.80	   6.38
	  0.354	  0.359	  0.863
	  0.450	 -0.875	  0.179
	  0.820	  0.325	 -0.472

6 	  46.74	  14.68	   7.22
	  0.956	  0.272	 -0.109
	  0.039	  0.251	  0.967
	  0.290	 -0.929	  0.229

7 	  39.38	  -6.49	  -6.42
	  0.742	 -0.655	 -0.139
	  0.611	  0.747	 -0.261
	  0.275	  0.109	  0.955

8 	  38.85	  -8.84	   6.01
	  0.361	 -0.324	  0.874
	 -0.391	 -0.904	 -0.173
	  0.846	 -0.280	 -0.453

9 	  48.81	 -15.26	   7.91
	  0.939	 -0.329	 -0.094
	 -0.135	 -0.103	 -0.985
	  0.314	  0.938	 -0.142

2 	  32.62	  -6.79	  22.99
	  0.001	  0.999	 -0.048
	 -1.000	  0.001	 -0.014
	 -0.014	  0.047	  0.999

3 	  44.88	   0.51	   1.41
	  0.308	  0.093	  0.946
	  0.025	  0.994	 -0.106
	 -0.951	  0.056	  0.304

4 	  37.97	   6.03	  -6.33
	  0.288	  0.947	  0.142
	 -0.926	  0.238	  0.291
	  0.242	 -0.216	  0.946

5 	  37.14	   7.93	   6.38
	  0.393	  0.340	  0.854
	  0.381	 -0.906	  0.185
	  0.837	  0.253	 -0.486

6 	  47.41	  13.59	   6.96
	  0.982	  0.144	 -0.122
	  0.080	  0.269	  0.960
	  0.171	 -0.952	  0.252

7 	  39.38	  -6.45	  -6.47
	  0.754	 -0.639	 -0.149
	  0.595	  0.762	 -0.254
	  0.275	  0.103	  0.956

8 	  38.90	  -8.82	   5.96
	  0.376	 -0.292	  0.879
	 -0.321	 -0.931	 -0.172
	  0.869	 -0.218	 -0.444

9 	  49.45	 -14.36	   8.35
	  0.971	 -0.226	 -0.075
	 -0.096	 -0.085	 -0.992
	  0.218	  0.970	 -0.104

2 	  32.62	  -6.79	  23.01
	  0.001	  0.999	 -0.048
	 -1.000	  0.000	 -0.014
	 -0.014	  0.048	  0.999

3 	  44.84	   0.53	   1.42
	  0.306	  0.093	  0.947
	  0.020	  0.994	 -0.104
	 -0.952	  0.051	  0.302

4 	  37.99	   6.03	  -6.31
	  0.304	  0.942	  0.140
	 -0.922	  0.255	  0.291
	  0.238	 -0.218	  0.946

5 	  37.21	   8.05	   6.43
	  0.417	  0.317	  0.851
	  0.320	 -0.928	  0.188
	  0.850	  0.194	 -0.489

6 	  47.92	  12.38	   6.80
	  0.990	  0.017	 -0.137
	  0.127	  0.269	  0.954
	  0.053	 -0.963	  0.264

7 	  39.46	  -6.38	  -6.49
	  0.773	 -0.616	 -0.154
	  0.572	  0.781	 -0.250
	  0.274	  0.105	  0.956

8 	  38.99	  -8.81	   5.89
	  0.388	 -0.264	  0.883
	 -0.260	 -0.951	 -0.169
	  0.884	 -0.164	 -0.438

9 	  50.03	 -13.03	   8.35
	  0.995	 -0.078	 -0.066
	 -0.070	 -0.042	 -0.997
	  0.074	  0.996	 -0.047

2 	  32.62	  -6.79	  23.01
	  0.001	  0.999	 -0.048
	 -1.000	  0.000	 -0.014
	 -0.014	  0.048	  0.999

3 	  44.81	   0.54	   1.48
	  0.303	  0.094	  0.948
	  0.015	  0.994	 -0.104
	 -0.953	  0.046	  0.300

4 	  38.00	   5.98	  -6.33
	  0.322	  0.937	  0.132
	 -0.917	  0.274	  0.291
	  0.236	 -0.215	  0.948

5 	  37.34	   8.24	   6.38
	  0.449	  0.288	  0.846
	  0.232	 -0.952	  0.201
	  0.863	  0.106	 -0.494

6 	  48.45	  10.90	   6.61
	  0.979	 -0.140	 -0.145
	  0.178	  0.270	  0.946
	 -0.093	 -0.953	  0.289

7 	  39.52	  -6.35	  -6.54
	  0.781	 -0.602	 -0.168
	  0.558	  0.792	 -0.246
	  0.281	  0.098	  0.954

8 	  39.11	  -8.91	   5.85
	  0.397	 -0.232	  0.888
	 -0.182	 -0.968	 -0.171
	  0.899	 -0.094	 -0.427

9 	  50.64	 -11.07	   8.88
	  0.993	  0.117	 -0.025
	 -0.024	 -0.011	 -1.000
	 -0.117	  0.993	 -0.009

2 	  32.62	  -6.79	  23.01
	  0.001	  0.999	 -0.048
	 -1.000	  0.000	 -0.014
	 -0.014	  0.048	  0.999

3 	  44.82	   0.53	   1.49
	  0.302	  0.094	  0.948
	  0.015	  0.994	 -0.103
	 -0.953	  0.045	  0.299

4 	  38.07	   5.99	  -6.28
	  0.350	  0.927	  0.131
	 -0.908	  0.302	  0.291
	  0.230	 -0.221	  0.948

5 	  37.55	   8.37	   6.43
	  0.476	  0.241	  0.845
	  0.143	 -0.970	  0.196
	  0.867	  0.028	 -0.496

6 	  48.81	   9.33	   6.61
	  0.946	 -0.285	 -0.155
	  0.230	  0.255	  0.939
	 -0.229	 -0.924	  0.307

7 	  39.59	  -6.33	  -6.50
	  0.789	 -0.591	 -0.167
	  0.548	  0.800	 -0.243
	  0.277	  0.100	  0.955

8 	  39.32	  -8.91	   5.92
	  0.410	 -0.193	  0.891
	 -0.098	 -0.981	 -0.167
	  0.907	 -0.018	 -0.421

9 	  51.01	  -9.30	   9.21
	  0.953	  0.303	  0.007
	 -0.010	  0.055	 -0.998
	 -0.304	  0.951	  0.056

2 	  32.62	  -6.79	  23.01
	  0.001	  0.999	 -0.048
	 -1.000	  0.000	 -0.014
	 -0.014	  0.047	  0.999

3 	  44.82	   0.53	   1.55
	  0.299	  0.093	  0.949
	  0.016	  0.994	 -0.103
	 -0.954	  0.046	  0.296

4 	  38.14	   6.01	  -6.24
	  0.373	  0.919	  0.130
	 -0.902	  0.326	  0.282
	  0.217	 -0.222	  0.950

5 	  37.88	   8.35	   6.52
	  0.505	  0.188	  0.842
	  0.061	 -0.981	  0.182
	  0.861	 -0.040	 -0.507

6 	  49.13	   7.91	   6.33
	  0.898	 -0.399	 -0.185
	  0.289	  0.218	  0.932
	 -0.331	 -0.891	  0.311

7 	  39.66	  -6.31	  -6.49
	  0.803	 -0.571	 -0.168
	  0.528	  0.814	 -0.241
	  0.274	  0.104	  0.956

8 	  39.53	  -8.98	   5.89
	  0.423	 -0.172	  0.889
	 -0.034	 -0.984	 -0.175
	  0.905	  0.044	 -0.422

9 	  51.17	  -7.95	   9.35
	  0.901	  0.433	  0.028
	 -0.014	  0.093	 -0.995
	 -0.434	  0.896	  0.090

2 	  32.62	  -6.77	  22.99
	  0.001	  0.999	 -0.048
	 -1.000	  0.000	 -0.014
	 -0.014	  0.048	  0.999

3 	  44.82	   0.49	   1.62
	  0.296	  0.093	  0.950
	  0.022	  0.994	 -0.104
	 -0.955	  0.052	  0.292

4 	  38.29	   5.98	  -6.22
	  0.406	  0.905	  0.125
	 -0.890	  0.361	  0.278
	  0.207	 -0.225	  0.952

5 	  38.25	   8.53	   6.54
	  0.524	  0.160	  0.837
	 -0.018	 -0.980	  0.199
	  0.851	 -0.119	 -0.510

6 	  49.32	   6.80	   6.10
