% Calibrated with leiden_pols
% Positions are in centimeters
Data =[
 2    96.623   -18.701    59.855
 2    -0.131    -0.991    -0.025
 2     0.989    -0.133     0.069
 2    -0.072    -0.015     0.997
 3   130.475    -4.074     3.710
 3     0.675    -0.558    -0.483
 3     0.323     0.811    -0.487
 3     0.663     0.172     0.728
 4   113.377    12.736    -5.212
 4     0.782    -0.545     0.301
 4     0.611     0.765    -0.201
 4    -0.121     0.341     0.932
 5   121.885    21.980    19.974
 5     0.679    -0.580     0.450
 5    -0.110    -0.687    -0.719
 5     0.725     0.439    -0.530
 6   143.241     5.458    21.645
 6     0.619     0.434    -0.655
 6    -0.784     0.392    -0.481
 6     0.048     0.811     0.583
 7   113.332   -22.239    -3.126
 7     0.763     0.584     0.274
 7    -0.629     0.769     0.112
 7    -0.146    -0.258     0.955
 8   124.019   -27.757    24.734
 8     0.767     0.541     0.345
 8     0.260    -0.754     0.603
 8     0.586    -0.373    -0.719
 9   142.088   -12.798    25.290
 9     0.567    -0.382    -0.730
 9     0.821     0.330     0.465
 9     0.063    -0.863     0.501
 2    96.623   -18.651    59.855
 2    -0.131    -0.991    -0.025
 2     0.989    -0.133     0.069
 2    -0.072    -0.015     0.997
 3   130.476    -4.124     3.712
 3     0.673    -0.559    -0.484
 3     0.325     0.812    -0.484
 3     0.663     0.168     0.729
 4   113.376    12.685    -5.208
 4     0.781    -0.548     0.300
 4     0.613     0.765    -0.198
 4    -0.122     0.338     0.933
 5   121.818    21.882    20.015
 5     0.678    -0.579     0.454
 5    -0.108    -0.689    -0.717
 5     0.727     0.437    -0.529
 6   143.197     5.466    21.500
 6     0.627     0.426    -0.652
 6    -0.777     0.398    -0.488
 6     0.052     0.812     0.581
 7   113.335   -22.289    -3.128
 7     0.763     0.585     0.274
 7    -0.630     0.769     0.113
 7    -0.145    -0.259     0.955
 8   123.926   -27.679    24.730
 8     0.767     0.537     0.350
 8     0.258    -0.759     0.598
 8     0.587    -0.369    -0.721
 9   142.023   -12.909    25.228
 9     0.577    -0.394    -0.715
 9     0.814     0.338     0.471
 9     0.057    -0.854     0.516
 2    96.623   -18.701    59.855
 2    -0.131    -0.991    -0.025
 2     0.989    -0.132     0.069
 2    -0.072    -0.015     0.997
 3   130.475    -4.073     3.661
 3     0.673    -0.559    -0.484
 3     0.327     0.812    -0.483
 3     0.663     0.167     0.729
 4   113.375    12.685    -5.260
 4     0.781    -0.547     0.301
 4     0.613     0.765    -0.198
 4    -0.122     0.339     0.933
 5   121.842    21.985    19.963
 5     0.678    -0.577     0.455
 5    -0.107    -0.690    -0.716
 5     0.727     0.437    -0.530
 6   143.314     5.606    21.596
 6     0.635     0.416    -0.651
 6    -0.770     0.407    -0.491
 6     0.061     0.813     0.578
 7   113.333   -22.239    -3.126
 7     0.763     0.584     0.274
 7    -0.629     0.769     0.112
 7    -0.146    -0.259     0.955
 8   123.771   -27.523    24.843
 8     0.766     0.529     0.364
 8     0.252    -0.770     0.586
 8     0.591    -0.357    -0.724
 9   141.991   -13.042    25.191
 9     0.586    -0.394    -0.708
 9     0.808     0.340     0.480
 9     0.052    -0.854     0.518
 2    96.624   -18.651    59.855
 2    -0.131    -0.991    -0.025
 2     0.989    -0.133     0.069
 2    -0.072    -0.016     0.997
 3   130.476    -4.123     3.661
 3     0.673    -0.559    -0.485
 3     0.328     0.812    -0.482
 3     0.663     0.165     0.729
 4   113.375    12.685    -5.260
 4     0.780    -0.548     0.302
 4     0.613     0.764    -0.198
 4    -0.122     0.339     0.932
 5   121.842    21.934    19.963
 5     0.677    -0.578     0.455
 5    -0.107    -0.690    -0.716
 5     0.727     0.436    -0.530
 6   143.314     5.709    21.519
 6     0.637     0.416    -0.649
 6    -0.768     0.410    -0.492
 6     0.061     0.812     0.580
 7   113.333   -22.290    -3.074
 7     0.762     0.586     0.275
 7    -0.631     0.768     0.111
 7    -0.146    -0.259     0.955
 8   123.648   -27.498    24.796
 8     0.767     0.523     0.370
 8     0.250    -0.776     0.579
 8     0.590    -0.352    -0.726
 9   141.985   -13.097    25.153
 9     0.592    -0.393    -0.704
 9     0.804     0.340     0.486
 9     0.048    -0.854     0.518
 2    96.624   -18.701    59.855
 2    -0.131    -0.991    -0.025
 2     0.989    -0.132     0.069
 2    -0.072    -0.016     0.997
 3   130.476    -4.123     3.611
 3     0.672    -0.559    -0.485
 3     0.328     0.812    -0.481
 3     0.663     0.164     0.730
 4   113.348    12.686    -5.313
 4     0.779    -0.549     0.303
 4     0.615     0.762    -0.200
 4    -0.122     0.342     0.931
 5   121.817    21.935    19.937
 5     0.678    -0.576     0.456
 5    -0.106    -0.691    -0.715
 5     0.727     0.437    -0.530
 6   143.337     5.785    21.521
 6     0.640     0.416    -0.646
 6    -0.766     0.411    -0.494
 6     0.060     0.811     0.581
 7   113.281   -22.343    -3.070
 7     0.761     0.587     0.276
 7    -0.632     0.767     0.110
 7    -0.147    -0.259     0.954
 8   123.534   -27.521    24.916
 8     0.768     0.517     0.378
 8     0.245    -0.783     0.572
 8     0.592    -0.347    -0.728
 9   141.978   -13.230    25.219
 9     0.600    -0.392    -0.697
 9     0.799     0.341     0.495
 9     0.043    -0.854     0.518
 2    96.624   -18.651    59.855
 2    -0.131    -0.991    -0.025
 2     0.989    -0.133     0.069
 2    -0.072    -0.016     0.997
 3   130.479    -4.122     3.607
 3     0.672    -0.560    -0.486
 3     0.329     0.812    -0.482
 3     0.664     0.164     0.729
 4   113.299    12.687    -5.317
 4     0.777    -0.550     0.304
 4     0.617     0.760    -0.202
 4    -0.121     0.344     0.931
 5   121.762    21.987    19.888
 5     0.680    -0.571     0.460
 5    -0.101    -0.695    -0.712
 5     0.726     0.437    -0.530
 6   143.312     5.786    21.521
 6     0.641     0.415    -0.646
 6    -0.765     0.412    -0.495
 6     0.060     0.811     0.581
 7   113.330   -22.344    -3.067
 7     0.760     0.588     0.277
 7    -0.633     0.767     0.110
 7    -0.148    -0.259     0.954
 8   123.485   -27.496    24.891
 8     0.768     0.515     0.379
 8     0.244    -0.784     0.571
 8     0.592    -0.346    -0.728
 9   141.926   -13.282    25.170
 9     0.603    -0.394    -0.694
 9     0.797     0.343     0.497
 9     0.042    -0.853     0.521
 2    96.624   -18.651    59.855
 2    -0.131    -0.991    -0.025
 2     0.989    -0.133     0.069
 2    -0.072    -0.016     0.997
 3   130.436    -4.068     3.600
 3     0.669    -0.561    -0.487
 3     0.330     0.811    -0.482
 3     0.666     0.161     0.728
 4   113.302    12.690    -5.323
 4     0.776    -0.552     0.304
 4     0.619     0.759    -0.203
 4    -0.119     0.345     0.931
 5   121.762    22.038    19.889
 5     0.680    -0.569     0.462
 5    -0.100    -0.696    -0.711
 5     0.726     0.438    -0.530
 6   143.313     5.838    21.593
 6     0.642     0.414    -0.646
 6    -0.765     0.412    -0.496
 6     0.061     0.812     0.580
 7   113.277   -22.345    -3.115
 7     0.759     0.588     0.277
 7    -0.633     0.766     0.108
 7    -0.149    -0.258     0.954
 8   123.485   -27.496    24.917
 8     0.768     0.515     0.380
 8     0.243    -0.784     0.571
 8     0.592    -0.346    -0.728
 9   141.926   -13.232    25.221
 9     0.603    -0.394    -0.694
 9     0.797     0.342     0.498
 9     0.042    -0.853     0.520
 2    96.624   -18.651    59.855
 2    -0.131    -0.991    -0.025
 2     0.989    -0.133     0.069
 2    -0.072    -0.016     0.997
 3   130.395    -4.013     3.639
 3     0.665    -0.564    -0.490
 3     0.332     0.810    -0.483
 3     0.669     0.158     0.726
 4   113.260    12.795    -5.284
 4     0.775    -0.555     0.302
 4     0.621     0.756    -0.205
 4    -0.115     0.346     0.931
 5   121.635    22.040    19.963
 5     0.681    -0.566     0.465
 5    -0.097    -0.699    -0.709
 5     0.726     0.438    -0.531
 6   143.208     5.965    21.715
 6     0.643     0.405    -0.650
 6    -0.763     0.407    -0.501
 6     0.061     0.818     0.571
 7   113.277   -22.295    -3.064
 7     0.759     0.588     0.276
 7    -0.633     0.766     0.108
 7    -0.149    -0.257     0.955
 8   123.386   -27.497    24.917
 8     0.768     0.514     0.381
 8     0.242    -0.785     0.570
 8     0.592    -0.346    -0.728
 9   141.925   -13.233    25.173
 9     0.605    -0.393    -0.692
 9     0.795     0.343     0.500
 9     0.041    -0.853     0.520
 2    96.623   -18.651    59.855
 2    -0.131    -0.991    -0.025
 2     0.989    -0.133     0.069
 2    -0.072    -0.015     0.997
 3   130.405    -3.959     3.678
 3     0.662    -0.565    -0.492
 3     0.331     0.810    -0.484
 3     0.672     0.157     0.723
 4   113.268    12.850    -5.194
 4     0.775    -0.556     0.300
 4     0.622     0.755    -0.208
 4    -0.111     0.347     0.931
 5   121.585    22.091    20.012
 5     0.680    -0.565     0.466
 5    -0.097    -0.700    -0.708
 5     0.726     0.436    -0.531
 6   143.151     6.090    21.942
 6     0.642     0.398    -0.655
 6    -0.764     0.399    -0.506
 6     0.060     0.826     0.561
 7   113.273   -22.195    -3.063
 7     0.759     0.589     0.275
 7    -0.633     0.767     0.104
 7    -0.150    -0.253     0.956
 8   123.217   -27.396    24.964
 8     0.770     0.508     0.386
 8     0.236    -0.789     0.567
 8     0.593    -0.345    -0.727
 9   141.922   -13.238    25.284
 9     0.614    -0.392    -0.685
 9     0.788     0.346     0.508
 9     0.038    -0.852     0.522
 2    96.624   -18.651    59.855
 2    -0.131    -0.991    -0.025
 2     0.989    -0.132     0.069
 2    -0.072    -0.016     0.997
 3   130.408    -3.933     3.750
 3     0.661    -0.565    -0.494
 3     0.331     0.810    -0.484
 3     0.673     0.157     0.722
 4   113.372    12.902    -5.200
 4     0.775    -0.557     0.298
 4     0.622     0.754    -0.209
 4    -0.109     0.347     0.931
 5   121.411    22.096    20.106
 5     0.680    -0.561     0.473
 5    -0.093    -0.706    -0.702
 5     0.727     0.433    -0.532
 6   143.072     6.090    22.116
 6     0.642     0.392    -0.659
 6    -0.764     0.395    -0.510
 6     0.060     0.831     0.553
 7   113.246   -22.170    -3.064
 7     0.759     0.590     0.273
 7    -0.633     0.767     0.101
 7    -0.150    -0.250     0.956
 8   123.093   -27.321    25.020
 8     0.771     0.501     0.391
 8     0.232    -0.795     0.561
 8     0.592    -0.342    -0.729
 9   141.820   -13.370    25.315
 9     0.624    -0.393    -0.676
 9     0.781     0.353     0.515
 9     0.036    -0.849     0.527
 2    96.624   -18.651    59.855
 2    -0.131    -0.991    -0.025
 2     0.989    -0.133     0.069
 2    -0.072    -0.016     0.997
 3   130.411    -3.932     3.746
 3     0.661    -0.565    -0.494
 3     0.330     0.810    -0.485
 3     0.674     0.157     0.722
 4   113.324    12.928    -5.177
 4     0.775    -0.557     0.297
 4     0.622     0.754    -0.209
 4    -0.108     0.347     0.931
 5   121.360    22.098    20.128
 5     0.680    -0.556     0.478
 5    -0.090    -0.711    -0.698
 5     0.727     0.432    -0.533
 6   143.068     6.088    22.118
 6     0.641     0.389    -0.661
 6    -0.765     0.391    -0.512
 6     0.059     0.833     0.549
 7   113.246   -22.170    -3.013
 7     0.759     0.591     0.273
 7    -0.634     0.767     0.100
 7    -0.150    -0.249     0.957
 8   123.097   -27.321    25.092
 8     0.771     0.500     0.393
 8     0.231    -0.796     0.559
 8     0.593    -0.341    -0.730
 9   141.868   -13.422    25.292
 9     0.626    -0.394    -0.673
 9     0.779     0.354     0.517
 9     0.035    -0.848     0.528
 2    96.624   -18.651    59.855
 2    -0.131    -0.991    -0.025
 2     0.989    -0.133     0.069
 2    -0.072    -0.016     0.997
 3   130.411    -3.931     3.747
 3     0.660    -0.565    -0.494
 3     0.331     0.809    -0.485
 3     0.674     0.156     0.722
 4   113.327    12.929    -5.180
 4     0.775    -0.557     0.297
 4     0.622     0.754    -0.210
 4    -0.107     0.347     0.932
 5   121.309    22.124    20.178
 5     0.680    -0.555     0.479
 5    -0.089    -0.711    -0.697
 5     0.727     0.431    -0.533
 6   143.067     6.088    22.167
 6     0.641     0.388    -0.662
 6    -0.765     0.391    -0.513
 6     0.059     0.835     0.547
 7   113.246   -22.170    -3.013
 7     0.759     0.591     0.272
 7    -0.634     0.767     0.100
 7    -0.150    -0.249     0.957
 8   123.045   -27.322    25.096
 8     0.772     0.499     0.393
 8     0.230    -0.797     0.559
 8     0.592    -0.341    -0.730
 9   141.816   -13.500    25.244
 9     0.628    -0.395    -0.671
 9     0.777     0.356     0.518
 9     0.034    -0.847     0.531
 2    96.624   -18.651    59.855
 2    -0.131    -0.991    -0.025
 2     0.989    -0.133     0.069
 2    -0.072    -0.016     0.997
 3   130.411    -3.957     3.848
 3     0.660    -0.565    -0.494
 3     0.330     0.810    -0.485
 3     0.674     0.157     0.721
 4   113.275    12.928    -5.176
 4     0.775    -0.558     0.296
 4     0.622     0.755    -0.208
 4    -0.108     0.345     0.932
 5   121.139    22.107    20.266
 5     0.680    -0.545     0.490
 5    -0.080    -0.721    -0.689
 5     0.729     0.429    -0.534
 6   143.064     6.243    22.213
 6     0.646     0.382    -0.661
 6    -0.761     0.389    -0.519
 6     0.059     0.838     0.542
 7   113.249   -22.170    -3.015
 7     0.758     0.592     0.272
 7    -0.635     0.766     0.100
 7    -0.149    -0.249     0.957
 8   122.971   -27.348    25.203
 8     0.774     0.492     0.398
 8     0.225    -0.802     0.552
 8     0.591    -0.338    -0.732
 9   141.860   -13.657    25.256
 9     0.635    -0.395    -0.664
 9     0.772     0.357     0.525
 9     0.030    -0.846     0.532
 2    96.623   -18.651    59.855
 2    -0.131    -0.991    -0.025
 2     0.989    -0.133     0.069
 2    -0.072    -0.015     0.997
 3   130.385    -3.932     3.898
 3     0.661    -0.566    -0.493
 3     0.331     0.809    -0.486
 3     0.674     0.158     0.722
 4   113.226    12.928    -5.175
 4     0.775    -0.558     0.294
 4     0.622     0.756    -0.205
 4    -0.108     0.342     0.933
 5   120.675    22.027    20.228
 5     0.677    -0.521     0.521
 5    -0.060    -0.744    -0.665
 5     0.734     0.419    -0.535
 6   142.886     7.035    22.516
 6     0.677     0.342    -0.652
 6    -0.735     0.370    -0.569
 6     0.047     0.863     0.502
 7   113.205   -22.168    -2.999
 7     0.757     0.594     0.269
 7    -0.636     0.765     0.101
 7    -0.146    -0.248     0.958
 8   122.222   -27.164    25.484
 8     0.776     0.451     0.440
 8     0.199    -0.838     0.507
 8     0.598    -0.306    -0.741
 9   141.810   -14.839    25.009
 9     0.683    -0.391    -0.617
 9     0.730     0.359     0.581
 9    -0.006    -0.848     0.530
 2    96.574   -18.651    59.855
 2    -0.131    -0.991    -0.025
 2     0.989    -0.132     0.069
 2    -0.072    -0.016     0.997
 3   130.381    -3.933     3.901
 3     0.662    -0.567    -0.490
 3     0.329     0.807    -0.489
 3     0.673     0.162     0.721
 4   113.294    13.040    -5.201
 4     0.771    -0.567     0.289
 4     0.629     0.749    -0.208
 4    -0.099     0.341     0.934
 5   119.742    21.595    20.487
 5     0.661    -0.464     0.589
 5    -0.034    -0.803    -0.594
 5     0.750     0.372    -0.547
 6   143.059     9.628    23.240
 6     0.752     0.239    -0.615
 6    -0.659     0.278    -0.698
 6     0.004     0.930     0.366
 7   113.319   -22.233    -3.050
 7     0.752     0.608     0.254
 7    -0.646     0.755     0.105
 7    -0.128    -0.244     0.961
 8   121.099   -26.548    25.857
 8     0.782     0.338     0.523
 8     0.131    -0.910     0.393
 8     0.609    -0.239    -0.756
 9   142.113   -18.213    24.799
 9     0.787    -0.324    -0.525
 9     0.612     0.304     0.730
 9    -0.077    -0.896     0.438
 2    96.624   -18.651    59.855
 2    -0.131    -0.991    -0.025
 2     0.989    -0.133     0.069
 2    -0.072    -0.016     0.997
 3   130.460    -3.959     3.837
 3     0.664    -0.567    -0.487
 3     0.322     0.805    -0.498
 3     0.675     0.174     0.717
 4   113.439    13.244    -5.224
 4     0.763    -0.583     0.279
 4     0.642     0.733    -0.223
 4    -0.075     0.349     0.934
 5   118.812    21.016    20.838
 5     0.649    -0.377     0.661
 5     0.006    -0.866    -0.501
 5     0.761     0.329    -0.559
 6   142.953    12.275    24.187
 6     0.835     0.134    -0.534
 6    -0.548     0.112    -0.829
 6    -0.052     0.984     0.167
 7   113.485   -22.280    -3.280
 7     0.747     0.618     0.242
 7    -0.654     0.750     0.102
 7    -0.119    -0.234     0.965
 8   120.218   -26.139    25.916
 8     0.780     0.234     0.580
 8     0.065    -0.953     0.296
 8     0.622    -0.193    -0.759
 9   142.058   -21.440    25.194
 9     0.870    -0.238    -0.432
 9     0.474     0.161     0.865
 9    -0.137    -0.958     0.253
 2    96.624   -18.651    59.855
 2    -0.131    -0.991    -0.025
 2     0.989    -0.133     0.069
 2    -0.072    -0.016     0.997
 3   130.566    -3.932     3.820
 3     0.664    -0.570    -0.485
 3     0.315     0.800    -0.510
 3     0.678     0.186     0.710
 4   113.676    13.401    -5.267
 4     0.760    -0.594     0.266
 4     0.649     0.719    -0.249
 4    -0.044     0.361     0.931
 5   118.503    20.741    20.901
 5     0.639    -0.330     0.694
 5     0.023    -0.894    -0.447
 5     0.768     0.302    -0.564
 6   142.849    14.347    25.543
 6     0.886     0.062    -0.459
 6    -0.455    -0.072    -0.887
 6    -0.088     0.995    -0.036
 7   113.509   -22.231    -3.462
 7     0.745     0.623     0.236
 7    -0.656     0.749     0.096
 7    -0.118    -0.227     0.967
 8   120.234   -26.009    25.850
 8     0.777     0.228     0.586
 8     0.062    -0.955     0.289
 8     0.626    -0.188    -0.756
 9   142.447   -22.402    25.439
 9     0.897    -0.203    -0.392
 9     0.403     0.016     0.915
 9    -0.179    -0.979     0.096
 2    96.623   -18.651    59.855
 2    -0.131    -0.991    -0.025
 2     0.989    -0.132     0.069
 2    -0.072    -0.015     0.997
 3   130.567    -3.881     3.941
 3     0.664    -0.572    -0.482
 3     0.312     0.797    -0.516
 3     0.679     0.192     0.708
 4   113.952    13.528    -5.341
 4     0.753    -0.607     0.253
 4     0.657     0.706    -0.263
 4    -0.019     0.365     0.931
 5   117.798    20.262    21.067
 5     0.619    -0.258     0.742
 5     0.053    -0.929    -0.367
 5     0.783     0.266    -0.562
 6   142.196    15.409    26.979
 6     0.933     0.011    -0.358
 6    -0.344    -0.258    -0.903
 6    -0.102     0.966    -0.237
 7   113.739   -22.327    -3.656
 7     0.748     0.621     0.230
 7    -0.653     0.751     0.095
 7    -0.114    -0.222     0.968
 8   119.888   -25.766    25.779
 8     0.764     0.183     0.618
 8     0.039    -0.970     0.239
 8     0.644    -0.158    -0.749
 9   142.118   -23.151    26.351
 9     0.921    -0.143    -0.363
 9     0.342    -0.151     0.927
 9    -0.187    -0.978    -0.090
 2    96.623   -18.701    59.855
 2    -0.131    -0.991    -0.025
 2     0.989    -0.132     0.069
 2    -0.072    -0.015     0.997
 3   130.593    -3.779     3.935
 3     0.663    -0.574    -0.479
 3     0.311     0.795    -0.521
 3     0.680     0.197     0.706
 4   113.984    13.621    -5.490
 4     0.746    -0.619     0.245
 4     0.666     0.695    -0.271
 4    -0.003     0.365     0.931
 5   117.335    20.195    21.086
 5     0.609    -0.196     0.769
 5     0.080    -0.949    -0.306
 5     0.789     0.248    -0.562
 6   141.791    16.922    27.620
 6     0.961     0.015    -0.275
 6    -0.255    -0.329    -0.909
 6    -0.104     0.944    -0.313
 7   113.873   -22.220    -3.774
 7     0.750     0.621     0.225
 7    -0.651     0.752     0.096
 7    -0.109    -0.219     0.969
 8   119.723   -25.300    25.906
 8     0.753     0.141     0.642
 8     0.017    -0.980     0.196
 8     0.657    -0.136    -0.741
 9   142.227   -23.948    27.485
 9     0.947    -0.106    -0.304
 9     0.267    -0.265     0.926
 9    -0.179    -0.958    -0.223
 2    96.623   -18.701    59.855
 2    -0.131    -0.991    -0.025
 2     0.989    -0.132     0.069
 2    -0.072    -0.015     0.997
 3   130.648    -3.650     3.925
 3     0.662    -0.577    -0.478
 3     0.310     0.791    -0.527
 3     0.682     0.200     0.702
 4   114.013    13.739    -5.484
 4     0.738    -0.631     0.238
 4     0.674     0.684    -0.278
 4     0.012     0.366     0.930
 5   116.983    19.863    21.281
 5     0.604    -0.146     0.783
 5     0.099    -0.962    -0.255
 5     0.791     0.232    -0.566
 6   141.459    17.699    27.831
 6     0.971     0.028    -0.235
 6    -0.210    -0.353    -0.911
 6    -0.109     0.935    -0.338
 7   114.059   -22.213    -3.850
 7     0.754     0.620     0.215
 7    -0.649     0.755     0.097
 7    -0.102    -0.213     0.971
 8   119.468   -25.123    25.886
 8     0.748     0.080     0.658
 8    -0.017    -0.990     0.141
 8     0.663    -0.117    -0.740
 9   141.986   -25.860    27.698
 9     0.967    -0.118    -0.225
 9     0.177    -0.318     0.931
 9    -0.181    -0.941    -0.286
 2    96.624   -18.651    59.855
 2    -0.131    -0.991    -0.025
 2     0.989    -0.133     0.069
 2    -0.072    -0.016     0.997
 3   130.655    -3.545     3.833
 3     0.660    -0.581    -0.476
 3     0.308     0.787    -0.534
 3     0.685     0.206     0.698
 4   113.842    13.781    -5.573
 4     0.728    -0.646     0.228
 4     0.685     0.673    -0.279
 4     0.026     0.359     0.933
 5   116.393    19.593    21.252
 5     0.595    -0.062     0.801
 5     0.142    -0.973    -0.181
 5     0.791     0.222    -0.570
 6   140.930    19.436    28.178
 6     0.984     0.040    -0.171
 6    -0.145    -0.366    -0.919
 6    -0.099     0.929    -0.355
 7   114.305   -22.252    -3.835
 7     0.758     0.619     0.204
 7    -0.645     0.757     0.103
 7    -0.091    -0.209     0.973
 8   119.451   -25.043    26.004
 8     0.745     0.033     0.666
 8    -0.039    -0.995     0.093
 8     0.666    -0.095    -0.740
 9   141.881   -27.667    28.344
 9     0.981    -0.135    -0.139
 9     0.082    -0.356     0.931
 9    -0.175    -0.925    -0.338
 2    96.623   -18.651    59.855
 2    -0.131    -0.991    -0.025
 2     0.989    -0.133     0.069
 2    -0.072    -0.015     0.997
 3   130.776    -3.280     3.797
 3     0.650    -0.595    -0.473
 3     0.312     0.776    -0.548
 3     0.693     0.208     0.690
 4   113.606    13.769    -5.672
 4     0.712    -0.665     0.223
 4     0.701     0.659    -0.272
 4     0.034     0.350     0.936
 5   115.808    19.270    21.168
 5     0.584     0.012     0.811
 5     0.177    -0.978    -0.113
 5     0.792     0.209    -0.573
 6   140.098    20.669    28.687
 6     0.993     0.042    -0.112
 6    -0.088    -0.375    -0.923
 6    -0.081     0.926    -0.368
 7   114.502   -22.312    -3.876
 7     0.767     0.611     0.192
 7    -0.636     0.763     0.111
 7    -0.079    -0.208     0.975
 8   119.355   -24.889    26.091
 8     0.740    -0.001     0.672
 8    -0.055    -0.997     0.059
 8     0.670    -0.081    -0.738
 9   141.515   -29.212    28.901
 9     0.987    -0.147    -0.055
 9    -0.005    -0.384     0.923
 9    -0.157    -0.912    -0.380
 2    96.624   -18.651    59.855
 2    -0.131    -0.991    -0.025
 2     0.989    -0.133     0.069
 2    -0.072    -0.016     0.997
 3   130.791    -3.222     3.673
 3     0.644    -0.601    -0.474
 3     0.312     0.771    -0.555
 3     0.698     0.209     0.684
 4   113.392    13.727    -5.740
 4     0.702    -0.677     0.219
 4     0.711     0.650    -0.270
 4     0.040     0.345     0.938
 5   115.673    19.187    21.296
 5     0.580     0.062     0.812
 5     0.193    -0.979    -0.063
 5     0.792     0.193    -0.580
 6   139.738    22.178    28.886
 6     0.997     0.060    -0.045
 6    -0.019    -0.389    -0.921
 6    -0.073     0.919    -0.387
 7   114.561   -22.283    -3.841
 7     0.768     0.612     0.186
 7    -0.635     0.764     0.112
 7    -0.074    -0.204     0.976
 8   119.133   -24.814    26.191
 8     0.728    -0.072     0.681
 8    -0.097    -0.995    -0.002
 8     0.678    -0.064    -0.732
 9   140.850   -31.399    29.375
 9     0.983    -0.177     0.042
 9    -0.114    -0.412     0.904
 9    -0.143    -0.893    -0.426
 2    96.624   -18.651    59.855
 2    -0.131    -0.991    -0.025
 2     0.989    -0.133     0.069
 2    -0.072    -0.016     0.997
 3   130.724    -3.136     3.757
 3     0.636    -0.604    -0.480
 3     0.306     0.769    -0.561
 3     0.708     0.209     0.674
 4   113.293    13.816    -5.645
 4     0.693    -0.690     0.209
 4     0.719     0.640    -0.270
 4     0.052     0.337     0.940
 5   115.397    18.802    21.462
 5     0.572     0.112     0.812
 5     0.205    -0.979    -0.010
 5     0.794     0.172    -0.583
 6   139.295    23.250    29.197
 6     0.996     0.083     0.015
 6     0.048    -0.406    -0.912
 6    -0.069     0.910    -0.409
 7   114.570   -22.305    -3.806
 7     0.767     0.616     0.179
 7    -0.638     0.762     0.110
 7    -0.069    -0.198     0.978
 8   118.866   -24.688    26.246
 8     0.719    -0.110     0.685
 8    -0.119    -0.992    -0.035
 8     0.684    -0.057    -0.727
 9   140.025   -33.034    29.661
 9     0.971    -0.210     0.116
 9    -0.197    -0.422     0.885
 9    -0.137    -0.882    -0.451
 2    96.624   -18.651    59.855
 2    -0.131    -0.991    -0.025
 2     0.989    -0.133     0.069
 2    -0.072    -0.016     0.997
 3   130.669    -3.130     3.782
 3     0.630    -0.607    -0.484
 3     0.304     0.767    -0.564
 3     0.714     0.208     0.668
 4   113.134    13.929    -5.673
 4     0.684    -0.700     0.207
 4     0.727     0.630    -0.273
 4     0.061     0.337     0.939
 5   115.214    18.789    21.547
 5     0.568     0.146     0.809
 5     0.215    -0.976     0.025
 5     0.794     0.160    -0.586
 6   138.924    23.921    29.188
 6     0.994     0.100     0.045
 6     0.083    -0.413    -0.907
 6    -0.072     0.905    -0.419
 7   114.452   -22.229    -3.793
 7     0.764     0.621     0.172
 7    -0.641     0.760     0.107
 7    -0.065    -0.192     0.979
 8   118.715   -24.513    26.415
 8     0.712    -0.149     0.685
 8    -0.141    -0.988    -0.068
 8     0.687    -0.049    -0.725
 9   139.083   -34.777    29.638
 9     0.949    -0.252     0.187
 9    -0.282    -0.421     0.862
 9    -0.138    -0.871    -0.471
 2    96.624   -18.651    59.855
 2    -0.131    -0.991    -0.025
 2     0.989    -0.133     0.069
 2    -0.072    -0.016     0.997
 3   130.624    -3.026     3.721
 3     0.629    -0.608    -0.485
 3     0.303     0.765    -0.568
 3     0.716     0.210     0.665
 4   113.023    14.064    -5.541
 4     0.677    -0.707     0.203
 4     0.732     0.623    -0.276
 4     0.068     0.335     0.939
 5   115.046    18.625    21.743
 5     0.563     0.172     0.808
 5     0.217    -0.974     0.056
 5     0.797     0.144    -0.586
 6   138.551    24.564    29.515
 6     0.990     0.117     0.072
 6     0.115    -0.419    -0.901
 6    -0.076     0.900    -0.428
 7   114.415   -22.123    -3.764
 7     0.763     0.625     0.164
 7    -0.644     0.758     0.106
 7    -0.058    -0.187     0.981
 8   118.502   -24.469    26.395
 8     0.707    -0.183     0.682
 8    -0.165    -0.982    -0.091
 8     0.687    -0.048    -0.725
 9   138.168   -36.317    29.781
 9     0.922    -0.287     0.257
 9    -0.362    -0.412     0.836
 9    -0.135    -0.865    -0.484
 2    96.624   -18.651    59.855
 2    -0.131    -0.991    -0.025
 2     0.989    -0.133     0.069
 2    -0.072    -0.016     0.997
 3   130.678    -3.027     3.640
 3     0.630    -0.607    -0.485
 3     0.299     0.766    -0.569
 3     0.717     0.213     0.664
 4   113.032    14.170    -5.423
 4     0.672    -0.713     0.197
 4     0.736     0.619    -0.273
 4     0.072     0.328     0.941
 5   115.041    18.659    21.729
 5     0.561     0.196     0.804
 5     0.222    -0.972     0.081
 5     0.797     0.133    -0.589
 6   138.396    25.325    29.263
 6     0.984     0.149     0.096
 6     0.152    -0.423    -0.893
 6    -0.093     0.893    -0.439
 7   114.335   -21.941    -3.666
 7     0.758     0.634     0.152
 7    -0.651     0.752     0.104
 7    -0.048    -0.178     0.983
 8   118.296   -24.424    26.519
 8     0.699    -0.219     0.680
 8    -0.189    -0.974    -0.120
 8     0.689    -0.045    -0.723
 9   137.463   -37.563    30.210
 9     0.902    -0.300     0.308
 9    -0.413    -0.405     0.816
 9    -0.120    -0.864    -0.490
 2    96.571   -18.601    59.858
 2    -0.131    -0.991    -0.025
 2     0.988    -0.133     0.069
 2    -0.073    -0.016     0.997
 3   130.753    -2.904     3.587
 3     0.634    -0.601    -0.487
 3     0.289     0.768    -0.571
 3     0.717     0.220     0.661
 4   113.049    14.357    -5.190
 4     0.666    -0.721     0.190
 4     0.741     0.612    -0.273
 4     0.080     0.323     0.943
 5   115.034    18.643    21.963
 5     0.561     0.224     0.797
 5     0.224    -0.968     0.114
 5     0.797     0.115    -0.594
 6   138.058    26.223    29.544
 6     0.975     0.177     0.132
 6     0.197    -0.427    -0.883
 6    -0.101     0.887    -0.451
 7   114.315   -21.865    -3.675
 7     0.756     0.638     0.146
 7    -0.653     0.751     0.101
 7    -0.045    -0.172     0.984
 8   118.226   -24.432    26.473
 8     0.694    -0.241     0.678
 8    -0.208    -0.969    -0.132
 8     0.689    -0.050    -0.723
 9   136.703   -38.404    30.239
 9     0.882    -0.313     0.351
 9    -0.458    -0.400     0.793
 9    -0.108    -0.861    -0.497
 2    96.573   -18.651    59.855
 2    -0.132    -0.991    -0.025
 2     0.989    -0.133     0.069
 2    -0.072    -0.016     0.997
 3   130.702    -2.803     3.585
 3     0.635    -0.600    -0.486
 3     0.287     0.767    -0.573
 3     0.717     0.224     0.659
 4   112.842    14.546    -5.068
 4     0.656    -0.730     0.188
 4     0.749     0.601    -0.278
 4     0.090     0.324     0.942
 5   114.995    18.495    22.058
 5     0.562     0.246     0.790
 5     0.228    -0.964     0.138
 5     0.795     0.102    -0.598
 6   137.804    26.578    29.278
 6     0.970     0.196     0.144
 6     0.217    -0.429    -0.877
 6    -0.110     0.882    -0.458
 7   114.219   -21.635    -3.711
 7     0.755     0.640     0.140
 7    -0.654     0.750     0.098
 7    -0.042    -0.166     0.985
 8   118.127   -24.309    26.582
 8     0.692    -0.256     0.675
 8    -0.219    -0.965    -0.141
 8     0.688    -0.050    -0.724
 9   136.370   -38.864    30.308
 9     0.871    -0.320     0.372
 9    -0.480    -0.396     0.782
 9    -0.103    -0.860    -0.499
 2    96.624   -18.701    59.855
 2    -0.131    -0.991    -0.025
 2     0.989    -0.133     0.069
 2    -0.072    -0.016     0.997
 3   130.694    -2.681     3.413
 3     0.639    -0.599    -0.482
 3     0.282     0.766    -0.577
 3     0.715     0.233     0.659
 4   112.701    14.678    -5.007
 4     0.652    -0.734     0.188
 4     0.751     0.595    -0.283
 4     0.095     0.326     0.940
 5   114.728    18.483    22.207
 5     0.557     0.268     0.786
 5     0.231    -0.959     0.163
 5     0.798     0.090    -0.596
 6   137.506    27.126    29.555
 6     0.965     0.201     0.164
 6     0.238    -0.434    -0.869
 6    -0.104     0.878    -0.467
 7   114.092   -21.459    -3.686
 7     0.754     0.642     0.137
 7    -0.656     0.749     0.094
 7    -0.042    -0.161     0.986
 8   117.991   -24.218    26.506
 8     0.691    -0.271     0.670
 8    -0.234    -0.961    -0.147
 8     0.683    -0.055    -0.728
 9   135.862   -39.273    30.250
 9     0.859    -0.328     0.394
 9    -0.503    -0.391     0.771
 9    -0.098    -0.860    -0.501
 2    96.624   -18.651    59.855
 2    -0.131    -0.991    -0.025
 2     0.989    -0.133     0.069
 2    -0.072    -0.016     0.997
 3   130.517    -2.607     3.410
 3     0.641    -0.598    -0.481
 3     0.278     0.765    -0.581
 3     0.715     0.239     0.656
 4   112.582    14.784    -4.918
 4     0.649    -0.737     0.189
 4     0.754     0.591    -0.286
 4     0.099     0.328     0.939
 5   114.658    18.316    22.260
 5     0.553     0.289     0.781
 5     0.233    -0.954     0.188
 5     0.800     0.078    -0.595
 6   137.281    27.313    29.640
 6     0.962     0.207     0.177
 6     0.253    -0.437    -0.863
 6    -0.101     0.875    -0.473
 7   113.963   -21.362    -3.756
 7     0.751     0.645     0.137
 7    -0.658     0.747     0.091
 7    -0.044    -0.159     0.986
 8   117.859   -24.327    26.446
 8     0.690    -0.282     0.666
 8    -0.246    -0.957    -0.151
 8     0.680    -0.060    -0.730
 9   135.597   -39.682    30.297
 9     0.850    -0.332     0.408
 9    -0.518    -0.387     0.763
 9    -0.095    -0.860    -0.501
 2    96.624   -18.651    59.855
 2    -0.131    -0.991    -0.025
 2     0.989    -0.133     0.069
 2    -0.072    -0.016     0.997
 3   130.517    -2.456     3.358
 3     0.643    -0.598    -0.479
 3     0.275     0.764    -0.584
 3     0.715     0.243     0.655
 4   112.510    14.913    -4.874
 4     0.646    -0.740     0.189
 4     0.756     0.587    -0.288
 4     0.101     0.329     0.939
 5   114.555    18.319    22.304
 5     0.552     0.298     0.779
 5     0.234    -0.952     0.198
 5     0.800     0.073    -0.595
 6   137.105    27.674    29.757
 6     0.959     0.211     0.188
 6     0.264    -0.438    -0.859
 6    -0.099     0.874    -0.475
 7   113.911   -21.338    -3.804
 7     0.751     0.646     0.137
 7    -0.659     0.747     0.089
 7    -0.045    -0.158     0.986
 8   117.856   -24.279    26.401
 8     0.690    -0.284     0.666
 8    -0.249    -0.957    -0.150
 8     0.679    -0.062    -0.731
 9   135.576   -39.681    30.240
 9     0.849    -0.331     0.411
 9    -0.519    -0.387     0.762
 9    -0.093    -0.860    -0.501
 2    96.624   -18.651    59.855
 2    -0.131    -0.991    -0.025
 2     0.989    -0.133     0.069
 2    -0.072    -0.016     0.997
 3   130.490    -2.457     3.330
 3     0.644    -0.599    -0.477
 3     0.273     0.762    -0.587
 3     0.715     0.248     0.654
 4   112.291    14.970    -4.810
 4     0.637    -0.748     0.188
 4     0.763     0.578    -0.287
 4     0.105     0.327     0.939
 5   114.430    18.128    22.335
 5     0.548     0.323     0.771
 5     0.241    -0.944     0.225
 5     0.801     0.062    -0.596
 6   136.744    27.961    29.750
 6     0.953     0.222     0.204
 6     0.285    -0.438    -0.853
 6    -0.100     0.871    -0.481
 7   113.910   -21.286    -3.805
 7     0.752     0.644     0.137
 7    -0.657     0.748     0.089
 7    -0.045    -0.158     0.986
 8   117.797   -24.336    26.416
 8     0.690    -0.290     0.662
 8    -0.257    -0.955    -0.150
 8     0.676    -0.067    -0.734
 9   135.309   -39.988    30.159
 9     0.843    -0.333     0.422
 9    -0.531    -0.383     0.756
 9    -0.090    -0.861    -0.500
 2    96.624   -18.651    59.855
 2    -0.131    -0.991    -0.025
 2     0.989    -0.132     0.069
 2    -0.072    -0.016     0.997
 3   130.514    -2.381     3.329
 3     0.644    -0.599    -0.476
 3     0.272     0.760    -0.590
 3     0.715     0.250     0.652
 4   112.173    15.002    -4.719
 4     0.630    -0.754     0.186
 4     0.769     0.571    -0.286
 4     0.109     0.323     0.940
 5   114.327    18.182    22.407
 5     0.546     0.333     0.768
 5     0.245    -0.941     0.234
 5     0.801     0.060    -0.595
 6   136.611    28.269    29.849
 6     0.950     0.228     0.213
 6     0.296    -0.439    -0.849
 6    -0.101     0.869    -0.484
 7   113.958   -21.054    -3.936
 7     0.759     0.636     0.136
 7    -0.649     0.755     0.092
 7    -0.045    -0.159     0.986
 8   117.790   -24.238    26.380
 8     0.691    -0.296     0.659
 8    -0.263    -0.953    -0.152
 8     0.673    -0.068    -0.737
 9   135.142   -40.168    30.207
 9     0.836    -0.337     0.432
 9    -0.541    -0.381     0.750
 9    -0.088    -0.861    -0.501
 2    96.624   -18.651    59.855
 2    -0.131    -0.991    -0.025
 2     0.989    -0.133     0.069
 2    -0.072    -0.016     0.997
 3   130.510    -2.281     3.282
 3     0.645    -0.600    -0.474
 3     0.272     0.759    -0.591
 3     0.714     0.252     0.652
 4   112.029    14.930    -4.779
 4     0.623    -0.760     0.184
 4     0.774     0.565    -0.285
 4     0.112     0.320     0.940
 5   114.240    18.059    22.460
 5     0.546     0.351     0.760
 5     0.252    -0.935     0.251
 5     0.799     0.055    -0.599
 6   136.326    28.553    29.793
 6     0.945     0.238     0.225
 6     0.311    -0.439    -0.843
 6    -0.102     0.866    -0.489
 7   113.817   -20.974    -3.948
 7     0.760     0.635     0.134
 7    -0.648     0.755     0.095
 7    -0.041    -0.160     0.986
 8   117.780   -24.298    26.461
 8     0.690    -0.320     0.649
 8    -0.281    -0.945    -0.167
 8     0.667    -0.067    -0.742
 9   134.302   -40.900    29.937
 9     0.809    -0.368     0.457
 9    -0.578    -0.364     0.730
 9    -0.103    -0.855    -0.508
 2    96.624   -18.651    59.855
 2    -0.131    -0.991    -0.025
 2     0.989    -0.133     0.069
 2    -0.072    -0.016     0.997
 3   130.478    -2.233     3.188
 3     0.647    -0.599    -0.472
 3     0.271     0.759    -0.591
 3     0.712     0.254     0.654
 4   112.005    14.983    -4.782
 4     0.620    -0.763     0.184
 4     0.776     0.562    -0.284
 4     0.113     0.319     0.941
 5   114.183    18.064    22.412
 5     0.543     0.365     0.756
 5     0.262    -0.929     0.260
 5     0.798     0.057    -0.600
 6   136.102    29.097    30.005
 6     0.939     0.243     0.242
 6     0.329    -0.438    -0.837
 6    -0.098     0.865    -0.491
 7   113.709   -20.971    -3.915
 7     0.756     0.641     0.130
 7    -0.654     0.750     0.099
 7    -0.034    -0.160     0.986
 8   117.684   -24.223    26.513
 8     0.688    -0.329     0.647
 8    -0.285    -0.942    -0.176
 8     0.667    -0.064    -0.742
 9   134.155   -41.005    29.995
 9     0.802    -0.376     0.464
 9    -0.588    -0.362     0.723
 9    -0.104    -0.853    -0.512
 2    96.624   -18.651    59.855
 2    -0.131    -0.991    -0.025
 2     0.989    -0.132     0.069
 2    -0.072    -0.016     0.997
 3   130.497    -2.235     3.171
 3     0.650    -0.597    -0.471
 3     0.271     0.761    -0.590
 3     0.710     0.255     0.656
 4   111.953    14.931    -4.779
 4     0.620    -0.762     0.185
 4     0.776     0.563    -0.283
 4     0.112     0.319     0.941
 5   114.179    18.012    22.417
 5     0.543     0.365     0.756
 5     0.262    -0.929     0.260
 5     0.797     0.057    -0.601
 6   136.119    28.821    29.889
 6     0.941     0.235     0.240
 6     0.324    -0.439    -0.838
 6    -0.092     0.867    -0.490
 7   113.669   -21.049    -3.847
 7     0.748     0.651     0.126
 7    -0.663     0.742     0.098
 7    -0.030    -0.157     0.987
 8   117.565   -24.302    26.516
 8     0.683    -0.346     0.643
 8    -0.297    -0.936    -0.189
 8     0.667    -0.062    -0.742
 9   133.736   -41.544    30.053
 9     0.788    -0.385     0.479
 9    -0.606    -0.355     0.712
 9    -0.104    -0.851    -0.514
 2    96.574   -18.651    59.855
 2    -0.131    -0.991    -0.025
 2     0.989    -0.133     0.069
 2    -0.072    -0.016     0.997
 3   130.545    -2.288     3.075
 3     0.651    -0.593    -0.474
 3     0.270     0.764    -0.585
 3     0.709     0.253     0.658
 4   112.022    14.877    -4.820
 4     0.622    -0.761     0.185
 4     0.775     0.566    -0.281
 4     0.109     0.318     0.942
 5   114.191    18.020    22.378
 5     0.537     0.370     0.757
 5     0.267    -0.927     0.264
 5     0.800     0.060    -0.597
 6   136.003    29.206    30.454
 6     0.940     0.216     0.264
 6     0.335    -0.437    -0.835
 6    -0.065     0.873    -0.483
 7   113.652   -21.151    -3.857
 7     0.742     0.659     0.121
 7    -0.670     0.736     0.095
 7    -0.026    -0.152     0.988
 8   117.446   -24.406    26.519
 8     0.678    -0.362     0.639
