% Calibrated with leiden_pols
% Positions are in centimeters
Data =[
 2    96.623   -18.701    59.855
 2    -0.131    -0.991    -0.025
 2     0.989    -0.133     0.069
 2    -0.072    -0.015     0.997
 3   130.475    -4.074     3.710
 3     0.675    -0.558    -0.483
 3     0.323     0.811    -0.487
 3     0.663     0.172     0.728
 4   113.377    12.736    -5.212
 4     0.782    -0.545     0.301
 4     0.611     0.765    -0.201
 4    -0.121     0.341     0.932
 5   121.885    21.980    19.974
 5     0.679    -0.580     0.450
 5    -0.110    -0.687    -0.719
 5     0.725     0.439    -0.530
 6   143.241     5.458    21.645
 6     0.619     0.434    -0.655
 6    -0.784     0.392    -0.481
 6     0.048     0.811     0.583
 7   113.332   -22.239    -3.126
 7     0.763     0.584     0.274
 7    -0.629     0.769     0.112
 7    -0.146    -0.258     0.955
 8   124.019   -27.757    24.734
 8     0.767     0.541     0.345
 8     0.260    -0.754     0.603
 8     0.586    -0.373    -0.719
 9   142.088   -12.798    25.290
 9     0.567    -0.382    -0.730
 9     0.821     0.330     0.465
 9     0.063    -0.863     0.501
 2    96.623   -18.651    59.855
 2    -0.131    -0.991    -0.025
 2     0.989    -0.133     0.069
 2    -0.072    -0.015     0.997
 3   130.476    -4.124     3.712
 3     0.673    -0.559    -0.484
 3     0.325     0.812    -0.484
 3     0.663     0.168     0.729
 4   113.376    12.685    -5.208
 4     0.781    -0.548     0.300
 4     0.613     0.765    -0.198
 4    -0.122     0.338     0.933
 5   121.818    21.882    20.015
 5     0.678    -0.579     0.454
 5    -0.108    -0.689    -0.717
 5     0.727     0.437    -0.529
 6   143.197     5.466    21.500
 6     0.627     0.426    -0.652
 6    -0.777     0.398    -0.488
 6     0.052     0.812     0.581
 7   113.335   -22.289    -3.128
 7     0.763     0.585     0.274
 7    -0.630     0.769     0.113
 7    -0.145    -0.259     0.955
 8   123.926   -27.679    24.730
 8     0.767     0.537     0.350
 8     0.258    -0.759     0.598
 8     0.587    -0.369    -0.721
 9   142.023   -12.909    25.228
 9     0.577    -0.394    -0.715
 9     0.814     0.338     0.471
 9     0.057    -0.854     0.516
 2    96.623   -18.701    59.855
 2    -0.131    -0.991    -0.025
 2     0.989    -0.132     0.069
 2    -0.072    -0.015     0.997
 3   130.475    -4.073     3.661
 3     0.673    -0.559    -0.484
 3     0.327     0.812    -0.483
 3     0.663     0.167     0.729
 4   113.375    12.685    -5.260
 4     0.781    -0.547     0.301
 4     0.613     0.765    -0.198
 4    -0.122     0.339     0.933
 5   121.842    21.985    19.963
 5     0.678    -0.577     0.455
 5    -0.107    -0.690    -0.716
 5     0.727     0.437    -0.530
 6   143.314     5.606    21.596
 6     0.635     0.416    -0.651
 6    -0.770     0.407    -0.491
 6     0.061     0.813     0.578
 7   113.333   -22.239    -3.126
 7     0.763     0.584     0.274
 7    -0.629     0.769     0.112
 7    -0.146    -0.259     0.955
 8   123.771   -27.523    24.843
 8     0.766     0.529     0.364
 8     0.252    -0.770     0.586
 8     0.591    -0.357    -0.724
 9   141.991   -13.042    25.191
 9     0.586    -0.394    -0.708
 9     0.808     0.340     0.480
 9     0.052    -0.854     0.518
 2    96.624   -18.651    59.855
 2    -0.131    -0.991    -0.025
 2     0.989    -0.133     0.069
 2    -0.072    -0.016     0.997
 3   130.476    -4.123     3.661
 3     0.673    -0.559    -0.485
 3     0.328     0.812    -0.482
 3     0.663     0.165     0.729
 4   113.375    12.685    -5.260
 4     0.780    -0.548     0.302
 4     0.613     0.764    -0.198
 4    -0.122     0.339     0.932
 5   121.842    21.934    19.963
 5     0.677    -0.578     0.455
 5    -0.107    -0.690    -0.716
 5     0.727     0.436    -0.530
 6   143.314     5.709    21.519
 6     0.637     0.416    -0.649
 6    -0.768     0.410    -0.492
 6     0.061     0.812     0.580
 7   113.333   -22.290    -3.074
 7     0.762     0.586     0.275
 7    -0.631     0.768     0.111
 7    -0.146    -0.259     0.955
 8   123.648   -27.498    24.796
 8     0.767     0.523     0.370
 8     0.250    -0.776     0.579
 8     0.590    -0.352    -0.726
 9   141.985   -13.097    25.153
 9     0.592    -0.393    -0.704
 9     0.804     0.340     0.486
 9     0.048    -0.854     0.518
 2    96.624   -18.701    59.855
 2    -0.131    -0.991    -0.025
 2     0.989    -0.132     0.069
 2    -0.072    -0.016     0.997
 3   130.476    -4.123     3.611
 3     0.672    -0.559    -0.485
 3     0.328     0.812    -0.481
 3     0.663     0.164     0.730
 4   113.348    12.686    -5.313
 4     0.779    -0.549     0.303
 4     0.615     0.762    -0.200
 4    -0.122     0.342     0.931
 5   121.817    21.935    19.937
 5     0.678    -0.576     0.456
 5    -0.106    -0.691    -0.715
 5     0.727     0.437    -0.530
 6   143.337     5.785    21.521
 6     0.640     0.416    -0.646
 6    -0.766     0.411    -0.494
 6     0.060     0.811     0.581
 7   113.281   -22.343    -3.070
 7     0.761     0.587     0.276
 7    -0.632     0.767     0.110
 7    -0.147    -0.259     0.954
 8   123.534   -27.521    24.916
 8     0.768     0.517     0.378
 8     0.245    -0.783     0.572
 8     0.592    -0.347    -0.728
 9   141.978   -13.230    25.219
 9     0.600    -0.392    -0.697
 9     0.799     0.341     0.495
 9     0.043    -0.854     0.518
 2    96.624   -18.651    59.855
 2    -0.131    -0.991    -0.025
 2     0.989    -0.133     0.069
 2    -0.072    -0.016     0.997
 3   130.479    -4.122     3.607
 3     0.672    -0.560    -0.486
 3     0.329     0.812    -0.482
 3     0.664     0.164     0.729
 4   113.299    12.687    -5.317
 4     0.777    -0.550     0.304
 4     0.617     0.760    -0.202
 4    -0.121     0.344     0.931
 5   121.762    21.987    19.888
 5     0.680    -0.571     0.460
 5    -0.101    -0.695    -0.712
 5     0.726     0.437    -0.530
 6   143.312     5.786    21.521
 6     0.641     0.415    -0.646
 6    -0.765     0.412    -0.495
 6     0.060     0.811     0.581
 7   113.330   -22.344    -3.067
 7     0.760     0.588     0.277
 7    -0.633     0.767     0.110
 7    -0.148    -0.259     0.954
 8   123.485   -27.496    24.891
 8     0.768     0.515     0.379
 8     0.244    -0.784     0.571
 8     0.592    -0.346    -0.728
 9   141.926   -13.282    25.170
 9     0.603    -0.394    -0.694
 9     0.797     0.343     0.497
 9     0.042    -0.853     0.521
 2    96.624   -18.651    59.855
 2    -0.131    -0.991    -0.025
 2     0.989    -0.133     0.069
 2    -0.072    -0.016     0.997
 3   130.436    -4.068     3.600
 3     0.669    -0.561    -0.487
 3     0.330     0.811    -0.482
 3     0.666     0.161     0.728
 4   113.302    12.690    -5.323
 4     0.776    -0.552     0.304
 4     0.619     0.759    -0.203
 4    -0.119     0.345     0.931
 5   121.762    22.038    19.889
 5     0.680    -0.569     0.462
 5    -0.100    -0.696    -0.711
 5     0.726     0.438    -0.530
 6   143.313     5.838    21.593
 6     0.642     0.414    -0.646
 6    -0.765     0.412    -0.496
 6     0.061     0.812     0.580
 7   113.277   -22.345    -3.115
 7     0.759     0.588     0.277
 7    -0.633     0.766     0.108
 7    -0.149    -0.258     0.954
 8   123.485   -27.496    24.917
 8     0.768     0.515     0.380
 8     0.243    -0.784     0.571
 8     0.592    -0.346    -0.728
 9   141.926   -13.232    25.221
 9     0.603    -0.394    -0.694
 9     0.797     0.342     0.498
 9     0.042    -0.853     0.520
 2    96.624   -18.651    59.855
 2    -0.131    -0.991    -0.025
 2     0.989    -0.133     0.069
 2    -0.072    -0.016     0.997
 3   130.395    -4.013     3.639
 3     0.665    -0.564    -0.490
 3     0.332     0.810    -0.483
 3     0.669     0.158     0.726
 4   113.260    12.795    -5.284
 4     0.775    -0.555     0.302
 4     0.621     0.756    -0.205
 4    -0.115     0.346     0.931
 5   121.635    22.040    19.963
 5     0.681    -0.566     0.465
 5    -0.097    -0.699    -0.709
 5     0.726     0.438    -0.531
