2 	  32.73	  -7.10	  22.73
	 -0.078	  0.996	 -0.033
	 -0.997	 -0.078	  0.005
	  0.003	  0.032	  0.999

3 	  46.30	  -1.83	   2.21
	  0.320	  0.272	  0.907
	 -0.084	  0.962	 -0.260
	 -0.944	  0.007	  0.330

4 	  43.49	   5.12	  -1.39
	  0.619	  0.703	  0.349
	 -0.785	  0.533	  0.317
	  0.036	 -0.471	  0.881

5 	  40.66	   7.00	   9.14
	  0.072	  0.171	  0.983
	 -0.470	 -0.863	  0.183
	  0.880	 -0.474	  0.019

6 	  42.33	   9.76	  17.98
	  0.091	  0.120	  0.988
	 -0.978	  0.200	  0.065
	 -0.192	 -0.972	  0.133

7 	  42.31	  -8.26	  -1.49
	  0.201	 -0.951	  0.237
	  0.906	  0.087	 -0.415
	  0.374	  0.297	  0.878

8 	  41.34	 -10.23	   9.30
	  0.189	 -0.011	  0.982
	  0.585	 -0.802	 -0.119
	  0.790	  0.596	 -0.144

9 	  43.80	 -11.76	  18.25
	  0.180	 -0.057	  0.982
	  0.975	  0.138	 -0.170
	 -0.128	  0.989	  0.078

2 	  32.73	  -7.10	  22.73
	 -0.078	  0.996	 -0.033
	 -0.997	 -0.077	  0.005
	  0.003	  0.032	  0.999

3 	  46.28	  -1.83	   2.23
	  0.318	  0.272	  0.908
	 -0.084	  0.962	 -0.260
	 -0.944	  0.007	  0.329

4 	  43.47	   5.10	  -1.37
	  0.618	  0.703	  0.350
	 -0.785	  0.532	  0.315
	  0.035	 -0.470	  0.882

5 	  40.64	   6.98	   9.14
	  0.072	  0.172	  0.982
	 -0.470	 -0.863	  0.184
	  0.880	 -0.474	  0.019

6 	  42.33	   9.77	  18.00
	  0.092	  0.120	  0.988
	 -0.978	  0.199	  0.066
	 -0.191	 -0.973	  0.133

7 	  42.33	  -8.26	  -1.51
	  0.204	 -0.950	  0.238
	  0.905	  0.089	 -0.416
	  0.375	  0.299	  0.877

8 	  41.34	 -10.23	   9.32
	  0.188	 -0.011	  0.982
	  0.584	 -0.803	 -0.119
	  0.791	  0.595	 -0.143

9 	  43.80	 -11.74	  18.25
	  0.179	 -0.056	  0.982
	  0.976	  0.138	 -0.169
	 -0.128	  0.989	  0.077

2 	  32.73	  -7.10	  22.73
	 -0.078	  0.996	 -0.033
	 -0.997	 -0.077	  0.005
	  0.003	  0.032	  0.999

3 	  46.27	  -1.83	   2.25
	  0.318	  0.273	  0.908
	 -0.084	  0.962	 -0.261
	 -0.945	  0.007	  0.328

4 	  43.47	   5.10	  -1.37
	  0.617	  0.704	  0.352
	 -0.786	  0.532	  0.314
	  0.034	 -0.471	  0.881

5 	  40.64	   6.98	   9.16
	  0.071	  0.173	  0.982
	 -0.469	 -0.863	  0.185
	  0.880	 -0.473	  0.020

6 	  42.33	   9.76	  18.02
	  0.093	  0.119	  0.988
	 -0.978	  0.199	  0.067
	 -0.190	 -0.973	  0.133

7 	  42.33	  -8.28	  -1.49
	  0.203	 -0.949	  0.242
	  0.906	  0.087	 -0.415
	  0.373	  0.302	  0.877

8 	  41.34	 -10.23	   9.33
	  0.187	 -0.011	  0.982
	  0.583	 -0.804	 -0.118
	  0.791	  0.594	 -0.143

9 	  43.80	 -11.74	  18.26
	  0.179	 -0.056	  0.982
	  0.976	  0.137	 -0.170
	 -0.127	  0.989	  0.076

2 	  32.73	  -7.08	  22.73
	 -0.078	  0.996	 -0.033
	 -0.997	 -0.078	  0.005
	  0.003	  0.032	  0.999

3 	  46.25	  -1.83	   2.30
	  0.316	  0.272	  0.909
	 -0.083	  0.962	 -0.260
	 -0.945	  0.007	  0.326

4 	  43.47	   5.08	  -1.35
	  0.617	  0.703	  0.352
	 -0.786	  0.532	  0.314
	  0.033	 -0.471	  0.881

5 	  40.62	   6.98	   9.16
	  0.070	  0.175	  0.982
	 -0.469	 -0.863	  0.186
	  0.881	 -0.473	  0.022

6 	  42.31	   9.76	  18.02
	  0.095	  0.119	  0.988
	 -0.978	  0.196	  0.069
	 -0.188	 -0.973	  0.132

7 	  42.33	  -8.24	  -1.42
	  0.211	 -0.942	  0.261
	  0.904	  0.086	 -0.419
	  0.373	  0.323	  0.869

8 	  41.24	 -10.32	   9.23
	  0.158	 -0.027	  0.987
	  0.600	 -0.792	 -0.117
	  0.785	  0.610	 -0.108

9 	  43.66	 -11.79	  18.26
	  0.178	 -0.063	  0.982
	  0.974	  0.150	 -0.166
	 -0.139	  0.987	  0.086

2 	  32.75	  -7.08	  22.75
	 -0.078	  0.996	 -0.033
	 -0.997	 -0.078	  0.005
	  0.002	  0.032	  0.999

3 	  46.25	  -1.81	   2.30
	  0.315	  0.273	  0.909
	 -0.085	  0.962	 -0.260
	 -0.945	  0.005	  0.326

4 	  43.38	   5.08	  -1.27
	  0.616	  0.707	  0.347
	 -0.786	  0.521	  0.333
	  0.054	 -0.479	  0.876

5 	  40.54	   7.07	   8.91
	  0.042	  0.199	  0.979
	 -0.470	 -0.861	  0.194
	  0.882	 -0.468	  0.059

6 	  41.77	  10.11	  17.77
	  0.019	  0.145	  0.989
	 -0.956	  0.291	 -0.026
	 -0.293	 -0.946	  0.141

7 	  42.38	  -8.24	  -1.39
	  0.221	 -0.932	  0.288
	  0.902	  0.082	 -0.424
	  0.372	  0.352	  0.859

8 	  40.55	 -10.56	   8.81
	  0.046	 -0.082	  0.995
	  0.581	 -0.809	 -0.092
	  0.813	  0.582	  0.011

9 	  41.59	 -12.99	  17.91
	  0.014	 -0.162	  0.986
	  0.982	  0.187	  0.017
	 -0.189	  0.969	  0.159

2 	  32.73	  -7.08	  22.73
	 -0.078	  0.996	 -0.033
	 -0.997	 -0.078	  0.005
	  0.002	  0.032	  0.999

3 	  46.35	  -1.81	   2.39
	  0.304	  0.274	  0.912
	 -0.080	  0.961	 -0.263
	 -0.950	  0.007	  0.313

4 	  43.58	   5.10	  -1.27
	  0.611	  0.709	  0.351
	 -0.790	  0.518	  0.327
	  0.050	 -0.477	  0.877

5 	  39.99	   7.35	   8.37
	 -0.066	  0.274	  0.959
	 -0.435	 -0.873	  0.219
	  0.898	 -0.402	  0.177

6 	  40.34	  10.99	  17.17
	 -0.111	  0.196	  0.974
	 -0.917	  0.358	 -0.178
	 -0.384	 -0.913	  0.137

7 	  42.66	  -8.26	  -1.37
	  0.218	 -0.925	  0.313
	  0.923	  0.090	 -0.372
	  0.316	  0.369	  0.874

8 	  39.59	 -11.44	   7.86
	 -0.159	 -0.121	  0.980
	  0.727	 -0.685	  0.033
	  0.668	  0.718	  0.196

9 	  39.20	 -13.69	  17.35
	 -0.151	 -0.164	  0.974
	  0.928	  0.316	  0.198
	 -0.341	  0.934	  0.102

2 	  32.75	  -7.10	  22.73
	 -0.078	  0.996	 -0.033
	 -0.997	 -0.078	  0.005
	  0.002	  0.032	  0.999

3 	  46.46	  -1.81	   2.44
	  0.289	  0.273	  0.917
	 -0.080	  0.962	 -0.262
	 -0.954	  0.002	  0.299

4 	  43.80	   5.04	  -1.27
	  0.600	  0.716	  0.357
	 -0.799	  0.512	  0.316
	  0.043	 -0.475	  0.879

5 	  39.32	   7.72	   7.42
	 -0.187	  0.353	  0.916
	 -0.412	 -0.875	  0.253
	  0.892	 -0.330	  0.309

6 	  38.64	  12.01	  15.96
	 -0.239	  0.258	  0.936
	 -0.885	  0.336	 -0.321
	 -0.398	 -0.906	  0.146

7 	  42.87	  -8.26	  -1.34
	  0.223	 -0.917	  0.332
	  0.934	  0.104	 -0.341
	  0.279	  0.385	  0.879

8 	  38.87	 -11.81	   7.15
	 -0.338	 -0.124	  0.933
	  0.802	 -0.556	  0.216
	  0.492	  0.822	  0.287

9 	  37.12	 -13.82	  16.49
	 -0.281	 -0.140	  0.949
	  0.903	  0.296	  0.311
	 -0.325	  0.945	  0.041

2 	  32.73	  -7.10	  22.73
	 -0.078	  0.996	 -0.033
	 -0.997	 -0.077	  0.005
	  0.003	  0.032	  0.999

3 	  46.58	  -1.81	   2.48
	  0.270	  0.272	  0.924
	 -0.068	  0.962	 -0.264
	 -0.961	  0.009	  0.277

4 	  44.26	   5.04	  -1.42
	  0.603	  0.708	  0.367
	 -0.797	  0.520	  0.307
	  0.026	 -0.478	  0.878

5 	  38.88	   8.23	   5.89
	 -0.343	  0.404	  0.848
	 -0.497	 -0.844	  0.201
	  0.797	 -0.352	  0.490

6 	  36.91	  12.78	  14.26
	 -0.389	  0.299	  0.871
	 -0.802	  0.355	 -0.480
	 -0.453	 -0.885	  0.101

7 	  43.05	  -8.19	  -1.39
	  0.212	 -0.914	  0.344
	  0.946	  0.104	 -0.307
	  0.245	  0.391	  0.887

8 	  38.29	 -11.97	   6.22
	 -0.457	 -0.159	  0.875
	  0.778	 -0.549	  0.306
	  0.432	  0.820	  0.374

9 	  35.31	 -14.06	  15.31
	 -0.394	 -0.142	  0.908
	  0.868	  0.267	  0.418
	 -0.303	  0.953	  0.017

2 	  32.73	  -7.10	  22.73
	 -0.077	  0.996	 -0.033
	 -0.997	 -0.077	  0.003
	  0.001	  0.032	  0.999

3 	  46.71	  -1.74	   2.55
	  0.258	  0.265	  0.929
	 -0.048	  0.964	 -0.262
	 -0.965	  0.023	  0.261

4 	  44.61	   5.12	  -1.55
	  0.578	  0.714	  0.394
	 -0.816	  0.516	  0.260
	 -0.018	 -0.473	  0.881

5 	  38.21	   8.54	   4.11
	 -0.531	  0.428	  0.731
	 -0.560	 -0.825	  0.077
	  0.637	 -0.368	  0.677

6 	  34.56	  13.20	  11.97
	 -0.553	  0.319	  0.770
	 -0.706	  0.310	 -0.636
	 -0.442	 -0.895	  0.054

7 	  43.08	  -8.03	  -1.44
	  0.183	 -0.916	  0.357
	  0.966	  0.100	 -0.237
	  0.181	  0.388	  0.903

8 	  37.51	 -12.13	   5.06
	 -0.596	 -0.193	  0.780
	  0.727	 -0.542	  0.421
	  0.342	  0.818	  0.463

9 	  33.40	 -14.20	  13.76
	 -0.517	 -0.133	  0.846
	  0.789	  0.309	  0.530
	 -0.332	  0.942	 -0.054

2 	  32.73	  -7.10	  22.73
	 -0.078	  0.996	 -0.034
	 -0.997	 -0.077	  0.004
	  0.001	  0.033	  0.999

3 	  46.76	  -1.69	   2.53
	  0.236	  0.249	  0.939
	 -0.039	  0.968	 -0.248
	 -0.971	  0.022	  0.237

4 	  44.63	   5.22	  -1.65
	  0.514	  0.757	  0.401
	 -0.857	  0.474	  0.202
	 -0.038	 -0.448	  0.893

5 	  37.56	   8.35	   2.97
	 -0.637	  0.437	  0.634
	 -0.512	 -0.856	  0.077
	  0.578	 -0.275	  0.768

6 	  32.92	  13.24	  10.09
	 -0.641	  0.328	  0.693
	 -0.663	  0.218	 -0.716
	 -0.387	 -0.919	  0.078

7 	  43.26	  -7.86	  -1.60
	  0.154	 -0.914	  0.376
	  0.982	  0.099	 -0.161
	  0.110	  0.394	  0.912

8 	  36.90	 -12.06	   3.71
	 -0.703	 -0.222	  0.675
	  0.644	 -0.602	  0.472
	  0.302	  0.767	  0.566

9 	  31.62	 -14.26	  11.85
	 -0.620	 -0.140	  0.772
	  0.721	  0.288	  0.630
	 -0.311	  0.947	 -0.078

2 	  32.73	  -7.10	  22.73
	 -0.077	  0.996	 -0.033
	 -0.997	 -0.077	  0.003
	  0.001	  0.032	  0.999

3 	  46.85	  -1.63	   2.50
	  0.223	  0.229	  0.947
	 -0.028	  0.973	 -0.229
	 -0.974	  0.025	  0.223

4 	  44.49	   5.13	  -1.92
	  0.434	  0.820	  0.372
	 -0.900	  0.418	  0.127
	 -0.052	 -0.390	  0.919

5 	  37.02	   7.93	   1.63
	 -0.726	  0.431	  0.536
	 -0.449	 -0.887	  0.106
	  0.522	 -0.163	  0.837

6 	  31.41	  12.99	   7.93
	 -0.726	  0.325	  0.606
	 -0.596	  0.145	 -0.790
	 -0.345	 -0.934	  0.088

7 	  43.22	  -7.79	  -1.72
	  0.105	 -0.926	  0.362
	  0.992	  0.076	 -0.094
	  0.059	  0.369	  0.927

8 	  36.32	 -11.78	   2.57
	 -0.786	 -0.215	  0.579
	  0.551	 -0.669	  0.498
	  0.281	  0.711	  0.644

9 	  30.34	 -14.03	  10.20
	 -0.700	 -0.145	  0.699
	  0.657	  0.255	  0.709
	 -0.282	  0.956	 -0.083

2 	  32.73	  -7.10	  22.75
	 -0.077	  0.996	 -0.033
	 -0.997	 -0.077	  0.003
	  0.001	  0.032	  0.999

3 	  46.86	  -1.63	   2.44
	  0.219	  0.227	  0.949
	 -0.024	  0.973	 -0.228
	 -0.976	  0.027	  0.218

4 	  44.47	   4.90	  -2.34
	  0.366	  0.874	  0.319
	 -0.928	  0.366	  0.062
	 -0.064	 -0.320	  0.945

5 	  36.81	   7.70	   0.05
	 -0.799	  0.432	  0.418
	 -0.434	 -0.896	  0.098
	  0.417	 -0.103	  0.903

6 	  30.50	  12.92	   5.48
	 -0.805	  0.329	  0.494
	 -0.468	  0.161	 -0.869
	 -0.367	 -0.930	  0.024

7 	  43.38	  -7.72	  -1.81
	  0.074	 -0.937	  0.343
	  0.997	  0.061	 -0.049
	  0.024	  0.345	  0.938

8 	  36.23	 -11.55	   1.88
	 -0.828	 -0.212	  0.519
	  0.495	 -0.712	  0.498
	  0.264	  0.669	  0.694

9 	  29.67	 -14.03	   8.91
	 -0.756	 -0.170	  0.632
	  0.591	  0.239	  0.770
	 -0.283	  0.956	 -0.080

2 	  32.73	  -7.10	  22.73
	 -0.077	  0.996	 -0.033
	 -0.997	 -0.077	  0.004
	  0.001	  0.032	  0.999

3 	  46.97	  -1.62	   2.48
	  0.214	  0.237	  0.947
	 -0.027	  0.971	 -0.237
	 -0.976	  0.025	  0.214

4 	  44.56	   4.66	  -2.60
	  0.320	  0.907	  0.274
	 -0.943	  0.332	  0.003
	 -0.088	 -0.260	  0.961

5 	  36.84	   7.44	  -1.09
	 -0.844	  0.435	  0.312
	 -0.429	 -0.898	  0.094
	  0.322	 -0.054	  0.945

6 	  30.02	  12.83	   3.52
	 -0.856	  0.341	  0.387
	 -0.360	  0.143	 -0.922
	 -0.370	 -0.929	 -0.000

7 	  43.56	  -7.72	  -1.85
	  0.047	 -0.942	  0.331
	  0.999	  0.048	 -0.005
	 -0.012	  0.331	  0.943

8 	  36.19	 -11.39	   1.39
	 -0.859	 -0.205	  0.469
	  0.451	 -0.736	  0.504
	  0.242	  0.645	  0.724

9 	  29.23	 -14.10	   7.84
	 -0.801	 -0.195	  0.566
	  0.519	  0.245	  0.819
	 -0.298	  0.949	 -0.095

2 	  32.73	  -7.10	  22.73
	 -0.077	  0.996	 -0.033
	 -0.997	 -0.077	  0.004
	  0.001	  0.032	  0.999

3 	  47.02	  -1.60	   2.48
	  0.214	  0.247	  0.945
	 -0.030	  0.969	 -0.246
	 -0.976	  0.024	  0.214

4 	  44.54	   4.48	  -2.85
	  0.289	  0.927	  0.237
	 -0.952	  0.305	 -0.032
	 -0.103	 -0.218	  0.970

5 	  36.81	   7.12	  -1.79
	 -0.873	  0.417	  0.254
	 -0.411	 -0.908	  0.082
	  0.265	 -0.032	  0.963

6 	  29.62	  12.39	   2.30
	 -0.890	  0.324	  0.320
	 -0.289	  0.143	 -0.947
	 -0.353	 -0.935	 -0.035

7 	  43.66	  -7.68	  -1.90
	  0.019	 -0.949	  0.314
	  0.999	  0.032	  0.039
	 -0.048	  0.313	  0.948

8 	  36.16	 -11.21	   0.84
	 -0.886	 -0.194	  0.422
	  0.407	 -0.761	  0.505
	  0.223	  0.620	  0.752

9 	  28.78	 -14.10	   6.66
	 -0.847	 -0.212	  0.488
	  0.441	  0.234	  0.866
	 -0.298	  0.948	 -0.105

2 	  32.73	  -7.10	  22.73
	 -0.077	  0.996	 -0.033
	 -0.997	 -0.077	  0.004
	  0.001	  0.032	  0.999

3 	  47.06	  -1.58	   2.48
	  0.210	  0.254	  0.944
	 -0.029	  0.966	 -0.255
	 -0.977	  0.026	  0.210

4 	  44.67	   4.34	  -2.99
	  0.265	  0.939	  0.216
	 -0.956	  0.285	 -0.067
	 -0.125	 -0.190	  0.974

5 	  36.91	   6.98	  -2.32
	 -0.888	  0.413	  0.202
	 -0.407	 -0.911	  0.071
	  0.214	 -0.019	  0.977

6 	  29.57	  12.34	   1.20
	 -0.909	  0.334	  0.248
	 -0.217	  0.130	 -0.968
	 -0.356	 -0.933	 -0.046

7 	  43.79	  -7.63	  -1.99
	 -0.000	 -0.954	  0.299
	  0.997	  0.021	  0.071
	 -0.075	  0.299	  0.951

8 	  36.23	 -11.13	   0.39
	 -0.903	 -0.199	  0.380
	  0.384	 -0.770	  0.508
	  0.191	  0.605	  0.772

9 	  28.48	 -14.31	   5.54
	 -0.881	 -0.243	  0.405
	  0.362	  0.204	  0.909
	 -0.303	  0.948	 -0.092

2 	  32.73	  -7.08	  22.73
	 -0.078	  0.996	 -0.033
	 -0.997	 -0.077	  0.003
	  0.001	  0.032	  0.999

3 	  47.09	  -1.62	   2.51
	  0.201	  0.261	  0.944
	 -0.023	  0.965	 -0.262
	 -0.979	  0.031	  0.200

4 	  44.82	   4.18	  -3.09
	  0.236	  0.949	  0.208
	 -0.959	  0.261	 -0.104
	 -0.154	 -0.176	  0.972

5 	  37.07	   6.82	  -2.79
	 -0.901	  0.404	  0.156
	 -0.402	 -0.914	  0.050
	  0.163	 -0.018	  0.986

6 	  29.58	  12.16	   0.40
	 -0.924	  0.330	  0.191
	 -0.156	  0.131	 -0.979
	 -0.348	 -0.935	 -0.070

7 	  44.00	  -7.66	  -1.97
	 -0.015	 -0.956	  0.293
	  0.994	  0.016	  0.103
	 -0.103	  0.293	  0.950

8 	  36.37	 -11.06	   0.23
	 -0.916	 -0.188	  0.354
	  0.360	 -0.772	  0.524
	  0.175	  0.607	  0.775

9 	  28.56	 -14.27	   5.22
	 -0.895	 -0.245	  0.373
	  0.318	  0.239	  0.918
	 -0.314	  0.940	 -0.136

2 	  32.73	  -7.10	  22.73
	 -0.077	  0.996	 -0.033
	 -0.997	 -0.077	  0.004
	  0.001	  0.032	  0.999

3 	  47.23	  -1.65	   2.62
	  0.184	  0.262	  0.947
	 -0.020	  0.964	 -0.264
	 -0.983	  0.029	  0.183

4 	  44.93	   4.20	  -3.02
	  0.237	  0.945	  0.225
	 -0.960	  0.263	 -0.093
	 -0.147	 -0.196	  0.969

5 	  37.20	   6.98	  -2.50
	 -0.894	  0.410	  0.180
	 -0.414	 -0.910	  0.021
	  0.173	 -0.055	  0.983

6 	  29.87	  12.45	   0.91
	 -0.913	  0.347	  0.215
	 -0.174	  0.145	 -0.974
	 -0.370	 -0.926	 -0.072

7 	  43.98	  -7.70	  -1.92
	 -0.014	 -0.954	  0.301
	  0.996	  0.013	  0.090
	 -0.090	  0.301	  0.949

8 	  36.33	 -11.07	   0.49
	 -0.910	 -0.183	  0.371
	  0.372	 -0.757	  0.537
	  0.183	  0.627	  0.757

9 	  28.56	 -14.29	   5.59
	 -0.893	 -0.252	  0.373
	  0.302	  0.282	  0.910
	 -0.335	  0.925	 -0.177

2 	  32.73	  -7.10	  22.73
	 -0.078	  0.996	 -0.034
	 -0.997	 -0.077	  0.003
	  0.001	  0.033	  0.999

3 	  47.21	  -1.65	   2.57
	  0.199	  0.259	  0.945
	 -0.018	  0.965	 -0.261
	 -0.980	  0.035	  0.196

4 	  44.79	   4.27	  -3.01
	  0.260	  0.939	  0.224
	 -0.957	  0.281	 -0.070
	 -0.130	 -0.198	  0.971

5 	  37.18	   7.29	  -2.43
	 -0.879	  0.438	  0.186
	 -0.443	 -0.896	  0.019
	  0.175	 -0.066	  0.982

6 	  29.97	  12.90	   1.09
	 -0.901	  0.372	  0.224
	 -0.180	  0.151	 -0.972
	 -0.396	 -0.916	 -0.069

7 	  43.80	  -7.63	  -1.93
	 -0.013	 -0.954	  0.300
	  0.997	  0.008	  0.070
	 -0.070	  0.300	  0.951

8 	  36.16	 -10.97	   0.63
	 -0.905	 -0.176	  0.387
	  0.376	 -0.757	  0.534
	  0.199	  0.629	  0.751

9 	  28.48	 -14.13	   5.85
	 -0.889	 -0.246	  0.386
	  0.305	  0.310	  0.900
	 -0.341	  0.918	 -0.201

2 	  32.73	  -7.08	  22.73
	 -0.078	  0.996	 -0.034
	 -0.997	 -0.078	  0.004
	  0.001	  0.033	  0.999

3 	  47.16	  -1.60	   2.50
	  0.211	  0.252	  0.944
	 -0.020	  0.967	 -0.254
	 -0.977	  0.035	  0.209

4 	  44.65	   4.36	  -2.99
	  0.260	  0.938	  0.230
	 -0.959	  0.279	 -0.057
	 -0.118	 -0.206	  0.971

5 	  36.98	   7.31	  -2.25
	 -0.882	  0.426	  0.202
	 -0.434	 -0.901	  0.003
	  0.183	 -0.085	  0.979

6 	  29.74	  12.76	   1.42
	 -0.904	  0.355	  0.239
	 -0.189	  0.171	 -0.967
	 -0.384	 -0.919	 -0.088

7 	  43.73	  -7.56	  -1.95
	 -0.003	 -0.955	  0.297
	  0.998	  0.016	  0.062
	 -0.065	  0.297	  0.952

8 	  36.23	 -11.06	   0.69
	 -0.898	 -0.191	  0.396
	  0.394	 -0.751	  0.530
	  0.197	  0.632	  0.749

9 	  28.71	 -14.47	   6.05
	 -0.881	 -0.266	  0.393
	  0.300	  0.328	  0.895
	 -0.367	  0.906	 -0.210

2 	  32.73	  -7.10	  22.73
	 -0.078	  0.996	 -0.033
	 -0.997	 -0.078	  0.004
	  0.001	  0.032	  0.999

3 	  47.11	  -1.55	   2.50
	  0.215	  0.259	  0.941
	 -0.033	  0.965	 -0.259
	 -0.976	  0.024	  0.216

4 	  44.49	   4.38	  -2.95
	  0.264	  0.936	  0.231
	 -0.959	  0.279	 -0.038
	 -0.100	 -0.212	  0.972

5 	  36.95	   7.45	  -1.67
	 -0.867	  0.429	  0.253
	 -0.448	 -0.894	 -0.020
	  0.217	 -0.131	  0.967

6 	  30.11	  12.87	   2.99
	 -0.879	  0.359	  0.313
	 -0.246	  0.220	 -0.944
	 -0.408	 -0.907	 -0.105

7 	  43.77	  -7.73	  -1.78
	  0.040	 -0.946	  0.321
	  0.999	  0.043	  0.003
	 -0.018	  0.321	  0.947

8 	  36.69	 -11.53	   2.06
	 -0.841	 -0.213	  0.498
	  0.492	 -0.685	  0.537
	  0.227	  0.696	  0.681

9 	  30.18	 -14.84	   8.67
	 -0.800	 -0.269	  0.536
	  0.425	  0.377	  0.823
	 -0.424	  0.886	 -0.187

2 	  32.73	  -7.08	  22.73
	 -0.078	  0.996	 -0.033
	 -0.997	 -0.078	  0.004
	  0.001	  0.032	  0.999

3 	  47.18	  -1.58	   2.60
	  0.214	  0.279	  0.936
	 -0.043	  0.960	 -0.277
	 -0.976	  0.019	  0.218

4 	  44.53	   4.59	  -2.64
	  0.376	  0.885	  0.275
	 -0.925	  0.374	  0.061
	 -0.050	 -0.278	  0.959

5 	  37.48	   8.46	   0.62
	 -0.764	  0.462	  0.450
	 -0.562	 -0.819	 -0.113
	  0.317	 -0.340	  0.885

6 	  32.31	  13.57	   7.37
	 -0.753	  0.380	  0.537
	 -0.397	  0.388	 -0.831
	 -0.525	 -0.839	 -0.141

7 	  43.63	  -7.84	  -1.58
	  0.115	 -0.930	  0.348
	  0.991	  0.083	 -0.105
	  0.069	  0.357	  0.931

8 	  37.56	 -12.11	   4.08
	 -0.693	 -0.252	  0.675
	  0.669	 -0.575	  0.471
	  0.269	  0.778	  0.567

9 	  32.99	 -15.36	  12.16
	 -0.621	 -0.273	  0.735
	  0.604	  0.431	  0.670
	 -0.500	  0.860	 -0.103

2 	  32.73	  -7.10	  22.73
	 -0.078	  0.996	 -0.034
	 -0.997	 -0.077	  0.004
	  0.001	  0.033	  0.999

3 	  47.06	  -1.55	   2.67
	  0.246	  0.276	  0.929
	 -0.041	  0.960	 -0.275
	 -0.968	  0.030	  0.247

4 	  44.37	   4.92	  -2.29
	  0.515	  0.798	  0.312
	 -0.857	  0.479	  0.187
	 -0.001	 -0.365	  0.931

5 	  38.72	   9.53	   3.36
	 -0.552	  0.482	  0.680
	 -0.735	 -0.667	 -0.122
	  0.395	 -0.568	  0.722

6 	  35.98	  13.94	  11.79
	 -0.537	  0.383	  0.752
	 -0.499	  0.575	 -0.649
	 -0.681	 -0.723	 -0.118

7 	  43.22	  -7.86	  -1.44
	  0.180	 -0.914	  0.365
	  0.971	  0.104	 -0.216
	  0.159	  0.392	  0.906

8 	  38.65	 -12.50	   5.80
	 -0.502	 -0.275	  0.820
	  0.818	 -0.460	  0.346
	  0.282	  0.845	  0.455

9 	  36.00	 -15.59	  14.68
	 -0.425	 -0.272	  0.863
	  0.711	  0.489	  0.505
	 -0.560	  0.828	 -0.015

2 	  32.75	  -7.10	  22.73
	 -0.078	  0.996	 -0.033
	 -0.997	 -0.077	  0.003
	  0.001	  0.032	  0.999

3 	  46.85	  -1.51	   2.48
	  0.296	  0.260	  0.919
	 -0.040	  0.964	 -0.261
	 -0.954	  0.041	  0.296

4 	  44.14	   5.20	  -1.81
	  0.597	  0.721	  0.351
	 -0.802	  0.530	  0.275
	  0.012	 -0.447	  0.895

5 	  39.99	   9.69	   5.84
	 -0.333	  0.429	  0.839
	 -0.831	 -0.554	 -0.047
	  0.445	 -0.714	  0.541

6 	  39.15	  13.24	  14.92
	 -0.340	  0.333	  0.879
	 -0.575	  0.666	 -0.475
	 -0.744	 -0.667	 -0.036

7 	  42.94	  -7.86	  -1.25
	  0.210	 -0.899	  0.383
	  0.954	  0.103	 -0.282
	  0.214	  0.424	  0.880

8 	  39.78	 -12.43	   7.14
	 -0.333	 -0.247	  0.910
	  0.900	 -0.370	  0.228
	  0.280	  0.895	  0.345

9 	  38.55	 -15.12	  16.40
	 -0.268	 -0.243	  0.932
	  0.778	  0.516	  0.359
	 -0.568	  0.821	  0.050

2 	  32.73	  -7.10	  22.73
	 -0.078	  0.996	 -0.034
	 -0.997	 -0.077	  0.003
	  0.001	  0.033	  0.999

3 	  46.76	  -1.49	   2.44
	  0.312	  0.259	  0.914
	 -0.043	  0.965	 -0.260
	 -0.949	  0.041	  0.312

4 	  44.03	   5.34	  -1.37
	  0.619	  0.684	  0.384
	 -0.785	  0.530	  0.320
	  0.016	 -0.500	  0.866

5 	  40.80	   9.32	   7.37
	 -0.188	  0.347	  0.919
	 -0.841	 -0.540	  0.032
	  0.507	 -0.767	  0.393

6 	  40.96	  12.20	  16.59
	 -0.214	  0.267	  0.939
	 -0.650	  0.678	 -0.342
	 -0.729	 -0.684	  0.027

7 	  42.73	  -7.88	  -1.05
	  0.212	 -0.891	  0.400
	  0.946	  0.084	 -0.312
	  0.244	  0.444	  0.862

8 	  40.38	 -12.09	   7.98
	 -0.225	 -0.202	  0.953
	  0.927	 -0.347	  0.145
	  0.301	  0.916	  0.265

9 	  39.96	 -14.38	  17.38
	 -0.173	 -0.207	  0.963
	  0.818	  0.513	  0.259
	 -0.548	  0.833	  0.079

2 	  32.73	  -7.10	  22.73
	 -0.077	  0.996	 -0.033
	 -0.997	 -0.077	  0.004
	  0.001	  0.032	  0.999

3 	  46.65	  -1.49	   2.44
	  0.324	  0.258	  0.910
	 -0.052	  0.965	 -0.256
	 -0.945	  0.036	  0.326

4 	  43.82	   5.34	  -1.21
	  0.625	  0.676	  0.391
	 -0.780	  0.522	  0.344
	  0.028	 -0.520	  0.853

5 	  41.08	   8.68	   8.28
	 -0.085	  0.282	  0.956
	 -0.791	 -0.602	  0.107
	  0.606	 -0.746	  0.275

6 	  41.94	  11.39	  17.33
	 -0.108	  0.217	  0.970
	 -0.787	  0.577	 -0.219
	 -0.608	 -0.787	  0.107

7 	  42.63	  -7.91	  -0.93
	  0.216	 -0.886	  0.409
	  0.940	  0.076	 -0.332
	  0.263	  0.456	  0.850

8 	  40.73	 -11.74	   8.53
	 -0.129	 -0.169	  0.977
	  0.908	 -0.416	  0.048
	  0.398	  0.893	  0.207

9 	  41.08	 -13.96	  17.86
	 -0.084	 -0.193	  0.977
	  0.898	  0.409	  0.160
	 -0.432	  0.891	  0.137

2 	  32.73	  -7.10	  22.73
	 -0.077	  0.996	 -0.033
	 -0.997	 -0.077	  0.003
	  0.001	  0.032	  0.999

3 	  46.56	  -1.48	   2.41
	  0.328	  0.262	  0.908
	 -0.062	  0.964	 -0.256
	 -0.943	  0.027	  0.332

4 	  43.65	   5.36	  -1.11
	  0.625	  0.677	  0.386
	 -0.779	  0.511	  0.364
	  0.049	 -0.529	  0.847

5 	  41.38	   7.88	   8.98
	  0.019	  0.213	  0.977
	 -0.684	 -0.710	  0.166
	  0.729	 -0.671	  0.133

6 	  42.89	  10.41	  17.89
	 -0.007	  0.164	  0.986
	 -0.892	  0.445	 -0.082
	 -0.454	 -0.880	  0.140

7 	  42.31	  -7.86	  -0.90
	  0.204	 -0.894	  0.399
	  0.928	  0.046	 -0.369
	  0.312	  0.445	  0.839

8 	  41.12	 -10.92	   9.09
	  0.019	 -0.125	  0.992
	  0.821	 -0.564	 -0.086
	  0.571	  0.815	  0.093

9 	  42.54	 -12.97	  18.32
	  0.049	 -0.156	  0.986
	  0.979	  0.202	 -0.016
	 -0.199	  0.967	  0.161

2 	  32.73	  -7.10	  22.73
	 -0.078	  0.996	 -0.034
	 -0.997	 -0.077	  0.004
	  0.001	  0.033	  0.999

3 	  46.46	  -1.48	   2.37
	  0.340	  0.255	  0.905
	 -0.058	  0.966	 -0.252
	 -0.939	  0.033	  0.343

4 	  43.54	   5.41	  -1.02
	  0.633	  0.667	  0.391
	 -0.772	  0.512	  0.375
	  0.050	 -0.540	  0.840

5 	  41.68	   7.45	   9.30
	  0.082	  0.163	  0.983
	 -0.658	 -0.733	  0.175
	  0.750	 -0.660	  0.048

6 	  43.52	   9.76	  18.23
	  0.051	  0.129	  0.990
	 -0.921	  0.390	 -0.005
	 -0.389	 -0.911	  0.135

7 	  42.15	  -7.86	  -0.88
	  0.199	 -0.895	  0.398
	  0.923	  0.033	 -0.384
	  0.331	  0.443	  0.833

8 	  41.68	 -10.42	   9.49
	  0.141	 -0.084	  0.986
	  0.736	 -0.658	 -0.161
	  0.662	  0.748	 -0.031

9 	  43.93	 -12.23	  18.53
	  0.160	 -0.119	  0.980
	  0.984	  0.095	 -0.148
	 -0.078	  0.988	  0.130

2 	  32.73	  -7.10	  22.73
	 -0.077	  0.996	 -0.033
	 -0.997	 -0.077	  0.004
	  0.001	  0.032	  0.999

3 	  46.35	  -1.48	   2.32
	  0.348	  0.259	  0.901
	 -0.071	  0.965	 -0.251
	 -0.935	  0.024	  0.354

4 	  43.35	   5.41	  -1.04
	  0.636	  0.673	  0.376
	 -0.769	  0.514	  0.380
	  0.062	 -0.532	  0.844

5 	  41.89	   7.26	   9.49
	  0.141	  0.147	  0.979
	 -0.621	 -0.758	  0.201
	  0.772	 -0.635	 -0.015

6 	  44.03	   9.69	  18.26
	  0.117	  0.129	  0.984
	 -0.949	  0.306	  0.071
	 -0.295	 -0.943	  0.155

7 	  42.12	  -7.88	  -0.90
	  0.212	 -0.902	  0.375
	  0.920	  0.053	 -0.388
	  0.331	  0.427	  0.841

8 	  42.22	 -10.34	   9.67
	  0.232	 -0.069	  0.970
	  0.713	 -0.667	 -0.217
	  0.662	  0.741	 -0.104

9 	  45.05	 -11.90	  18.53
	  0.243	 -0.093	  0.965
	  0.969	  0.073	 -0.237
	 -0.051	  0.993	  0.105

2 	  32.73	  -7.10	  22.73
	 -0.078	  0.996	 -0.034
	 -0.997	 -0.077	  0.004
	  0.002	  0.033	  0.999

3 	  46.28	  -1.42	   2.32
	  0.349	  0.264	  0.899
	 -0.079	  0.964	 -0.254
	 -0.934	  0.017	  0.357

4 	  43.29	   5.45	  -1.16
	  0.645	  0.685	  0.338
	 -0.761	  0.533	  0.369
	  0.073	 -0.496	  0.865

5 	  41.84	   7.24	   9.58
	  0.165	  0.139	  0.976
	 -0.589	 -0.781	  0.209
	  0.792	 -0.608	 -0.046

6 	  44.14	   9.63	  18.30
	  0.151	  0.110	  0.982
	 -0.953	  0.280	  0.114
	 -0.265	 -0.953	  0.144

7 	  41.96	  -7.88	  -0.97
	  0.187	 -0.920	  0.344
	  0.924	  0.045	 -0.380
	  0.335	  0.388	  0.859

8 	  41.91	 -10.05	   9.90
	  0.282	 -0.060	  0.957
	  0.617	 -0.753	 -0.228
	  0.735	  0.655	 -0.175

9 	  44.96	 -11.67	  18.54
	  0.281	 -0.081	  0.956
	  0.959	  0.002	 -0.281
	  0.019	  0.997	  0.076

2 	  32.73	  -7.10	  22.73
	 -0.078	  0.996	 -0.033
	 -0.997	 -0.077	  0.004
	  0.002	  0.032	  0.999

3 	  46.25	  -1.51	   2.25
	  0.360	  0.260	  0.896
	 -0.067	  0.965	 -0.254
	 -0.931	  0.032	  0.364

4 	  43.33	   5.41	  -1.21
	  0.653	  0.683	  0.325
	 -0.753	  0.544	  0.368
	  0.075	 -0.486	  0.871

5 	  41.73	   7.26	   9.67
	  0.195	  0.133	  0.972
	 -0.568	 -0.793	  0.220
	  0.801	 -0.594	 -0.077

6 	  44.14	   9.62	  18.28
	  0.160	  0.098	  0.982
	 -0.951	  0.282	  0.125
	 -0.268	 -0.954	  0.135

7 	  41.87	  -7.91	  -1.04
	  0.174	 -0.928	  0.328
	  0.923	  0.038	 -0.381
	  0.342	  0.369	  0.864

8 	  41.73	 -10.05	   9.97
	  0.329	 -0.054	  0.943
	  0.592	 -0.766	 -0.250
	  0.736	  0.640	 -0.219

9 	  44.93	 -11.62	  18.49
	  0.298	 -0.062	  0.952
	  0.954	  0.022	 -0.297
	 -0.005	  0.998	  0.064

2 	  32.73	  -7.10	  22.73
	 -0.078	  0.996	 -0.034
	 -0.997	 -0.077	  0.003
	  0.001	  0.033	  0.999

3 	  46.23	  -1.55	   2.23
	  0.361	  0.259	  0.896
	 -0.064	  0.965	 -0.254
	 -0.930	  0.035	  0.365

4 	  43.33	   5.40	  -1.23
	  0.654	  0.684	  0.322
	 -0.753	  0.545	  0.368
	  0.076	 -0.484	  0.872

5 	  41.71	   7.28	   9.65
	  0.203	  0.130	  0.970
	 -0.566	 -0.794	  0.223
	  0.800	 -0.593	 -0.086

6 	  44.10	   9.62	  18.26
	  0.163	  0.096	  0.982
	 -0.952	  0.276	  0.129
	 -0.262	 -0.956	  0.133

7 	  41.96	  -7.95	  -1.11
	  0.185	 -0.932	  0.310
	  0.925	  0.058	 -0.375
	  0.332	  0.355	  0.873

8 	  41.87	 -10.12	   9.91
	  0.331	 -0.044	  0.942
	  0.619	 -0.744	 -0.251
	  0.713	  0.666	 -0.218

9 	  45.02	 -11.60	  18.46
	  0.292	 -0.056	  0.955
	  0.955	  0.075	 -0.286
	 -0.058	  0.996	  0.073

