2 	  32.64	  -7.38	  22.75
	  0.063	  0.997	 -0.034
	 -0.998	  0.064	 -0.001
	  0.002	  0.033	  0.999

3 	  45.00	  -1.72	   0.14
	  0.510	 -0.265	  0.818
	  0.057	  0.960	  0.275
	 -0.858	 -0.094	  0.504

4 	  39.80	   4.99	  -6.54
	  0.557	  0.828	 -0.066
	 -0.755	  0.537	  0.377
	  0.348	 -0.160	  0.923

5 	  41.27	  13.43	   3.01
	  0.524	  0.565	  0.637
	 -0.353	 -0.538	  0.765
	  0.777	 -0.624	 -0.083

6 	  48.52	   6.77	   4.01
	  0.637	 -0.734	  0.235
	  0.770	  0.617	 -0.160
	 -0.026	  0.282	  0.959

7 	  40.61	  -9.05	  -4.83
	  0.500	 -0.797	  0.339
	  0.821	  0.310	 -0.480
	  0.277	  0.518	  0.809

8 	  40.29	 -16.42	   2.79
	  0.348	 -0.682	  0.643
	  0.446	 -0.484	 -0.752
	  0.825	  0.547	  0.135

9 	  48.34	  -9.53	   5.40
	  0.673	  0.707	  0.216
	 -0.695	  0.498	  0.519
	  0.263	 -0.498	  0.826

2 	  32.64	  -7.38	  22.75
	  0.063	  0.997	 -0.034
	 -0.998	  0.063	 -0.001
	  0.001	  0.033	  0.999

3 	  44.98	  -1.71	   0.14
	  0.513	 -0.269	  0.815
	  0.061	  0.959	  0.277
	 -0.857	 -0.093	  0.508

4 	  39.78	   5.06	  -6.49
	  0.557	  0.827	 -0.065
	 -0.753	  0.536	  0.381
	  0.351	 -0.164	  0.922

5 	  41.27	  13.45	   3.08
	  0.528	  0.565	  0.633
	 -0.343	 -0.542	  0.767
	  0.779	 -0.620	 -0.093

6 	  48.55	   6.86	   3.99
	  0.643	 -0.731	  0.226
	  0.766	  0.622	 -0.162
	 -0.021	  0.277	  0.960

7 	  40.61	  -9.04	  -4.83
	  0.502	 -0.796	  0.338
	  0.820	  0.311	 -0.480
	  0.277	  0.518	  0.809

8 	  40.34	 -16.40	   2.83
	  0.352	 -0.682	  0.641
	  0.440	 -0.485	 -0.755
	  0.827	  0.546	  0.129

9 	  48.43	  -9.54	   5.31
	  0.677	  0.705	  0.210
	 -0.688	  0.501	  0.525
	  0.269	 -0.500	  0.823

2 	  32.64	  -7.38	  22.75
	  0.063	  0.997	 -0.034
	 -0.998	  0.063	 -0.001
	  0.001	  0.033	  0.999

3 	  45.02	  -1.69	   0.12
	  0.515	 -0.266	  0.815
	  0.058	  0.959	  0.277
	 -0.855	 -0.096	  0.509

4 	  39.76	   5.04	  -6.49
	  0.554	  0.829	 -0.069
	 -0.754	  0.534	  0.382
	  0.354	 -0.160	  0.921

5 	  41.19	  13.45	   3.18
	  0.523	  0.573	  0.631
	 -0.323	 -0.554	  0.767
	  0.791	 -0.603	 -0.105

6 	  48.59	   7.00	   3.90
	  0.662	 -0.719	  0.210
	  0.749	  0.640	 -0.170
	 -0.011	  0.269	  0.963

7 	  40.61	  -9.02	  -4.82
	  0.503	 -0.795	  0.339
	  0.819	  0.312	 -0.481
	  0.276	  0.520	  0.808

8 	  40.24	 -16.26	   2.94
	  0.359	 -0.689	  0.629
	  0.394	 -0.501	 -0.771
	  0.848	  0.522	  0.091

9 	  48.60	  -9.63	   4.97
	  0.706	  0.686	  0.172
	 -0.649	  0.526	  0.550
	  0.291	 -0.499	  0.816

2 	  32.64	  -7.38	  22.75
	  0.063	  0.997	 -0.034
	 -0.998	  0.064	 -0.000
	  0.002	  0.033	  0.999

3 	  44.98	  -1.60	   0.11
	  0.515	 -0.273	  0.812
	  0.059	  0.957	  0.285
	 -0.855	 -0.099	  0.508

4 	  39.69	   5.24	  -6.40
	  0.556	  0.828	 -0.065
	 -0.749	  0.533	  0.392
	  0.361	 -0.169	  0.917

5 	  41.26	  13.55	   3.23
	  0.538	  0.568	  0.622
	 -0.308	 -0.557	  0.771
	  0.786	 -0.604	 -0.126

6 	  48.76	   7.26	   3.39
	  0.668	 -0.727	  0.159
	  0.744	  0.659	 -0.111
	 -0.023	  0.192	  0.981

7 	  40.54	  -8.84	  -4.90
	  0.504	 -0.800	  0.326
	  0.816	  0.316	 -0.484
	  0.285	  0.510	  0.812

8 	  40.03	 -16.14	   2.83
	  0.357	 -0.714	  0.602
	  0.336	 -0.506	 -0.794
	  0.872	  0.485	  0.058

9 	  48.83	 -10.05	   3.76
	  0.758	  0.648	  0.070
	 -0.602	  0.650	  0.463
	  0.259	 -0.393	  0.882

2 	  32.64	  -7.38	  22.75
	  0.063	  0.997	 -0.034
	 -0.998	  0.063	 -0.001
	  0.002	  0.033	  0.999

3 	  44.93	  -1.53	   0.11
	  0.514	 -0.278	  0.811
	  0.060	  0.955	  0.289
	 -0.855	 -0.100	  0.508

4 	  39.66	   5.33	  -6.38
	  0.553	  0.830	 -0.064
	 -0.748	  0.529	  0.400
	  0.367	 -0.173	  0.914

5 	  41.10	  13.18	   3.73
	  0.547	  0.572	  0.611
	 -0.211	 -0.614	  0.760
	  0.811	 -0.543	 -0.216

6 	  49.13	   7.72	   2.78
	  0.715	 -0.698	  0.045
	  0.692	  0.715	  0.096
	 -0.100	 -0.037	  0.994

7 	  40.45	  -8.81	  -4.90
	  0.500	 -0.803	  0.325
	  0.816	  0.310	 -0.487
	  0.290	  0.509	  0.810

8 	  39.99	 -15.94	   3.27
	  0.385	 -0.716	  0.583
	  0.203	 -0.552	 -0.809
	  0.901	  0.428	 -0.067

9 	  49.29	 -10.71	   2.11
	  0.769	  0.629	 -0.118
	 -0.607	  0.774	  0.178
	  0.207	 -0.066	  0.976

2 	  32.64	  -7.38	  22.75
	  0.063	  0.997	 -0.034
	 -0.998	  0.064	 -0.000
	  0.002	  0.033	  0.999

3 	  44.91	  -1.53	   0.11
	  0.516	 -0.281	  0.809
	  0.063	  0.954	  0.292
	 -0.854	 -0.100	  0.510

4 	  39.60	   5.33	  -6.35
	  0.552	  0.831	 -0.064
	 -0.748	  0.527	  0.403
	  0.369	 -0.175	  0.912

5 	  41.24	  12.64	   4.27
	  0.574	  0.567	  0.590
	 -0.087	 -0.676	  0.731
	  0.814	 -0.470	 -0.340

6 	  49.50	   8.28	   1.74
	  0.750	 -0.646	 -0.137
	  0.653	  0.690	  0.312
	 -0.109	 -0.323	  0.940

7 	  40.38	  -8.82	  -4.85
	  0.488	 -0.807	  0.332
	  0.822	  0.296	 -0.486
	  0.294	  0.510	  0.808

8 	  40.08	 -15.36	   4.20
	  0.422	 -0.696	  0.580
	  0.035	 -0.628	 -0.777
	  0.906	  0.347	 -0.241

9 	  49.27	 -11.18	   0.91
	  0.755	  0.552	 -0.353
	 -0.573	  0.817	  0.061
	  0.326	  0.155	  0.932

2 	  32.64	  -7.38	  22.76
	  0.063	  0.997	 -0.034
	 -0.998	  0.063	 -0.001
	  0.002	  0.033	  0.999

3 	  44.91	  -1.53	   0.09
	  0.517	 -0.283	  0.808
	  0.064	  0.954	  0.292
	 -0.854	 -0.100	  0.511

4 	  39.60	   5.34	  -6.35
	  0.552	  0.831	 -0.063
	 -0.748	  0.527	  0.403
	  0.369	 -0.175	  0.912

5 	  41.40	  11.85	   4.94
	  0.602	  0.572	  0.557
	  0.092	 -0.743	  0.663
	  0.793	 -0.348	 -0.500

6 	  49.45	   9.14	   0.47
	  0.773	 -0.527	 -0.353
	  0.633	  0.682	  0.365
	  0.048	 -0.506	  0.861

7 	  40.27	  -8.89	  -4.76
	  0.469	 -0.812	  0.346
	  0.830	  0.272	 -0.487
	  0.302	  0.516	  0.802

8 	  40.41	 -14.55	   5.34
	  0.458	 -0.678	  0.575
	 -0.183	 -0.704	 -0.686
	  0.870	  0.209	 -0.446

9 	  48.83	 -12.30	  -0.62
	  0.699	  0.388	 -0.601
	 -0.482	  0.876	  0.009
	  0.533	  0.282	  0.797

2 	  32.64	  -7.38	  22.75
	  0.063	  0.997	 -0.034
	 -0.998	  0.063	  0.000
	  0.003	  0.033	  0.999

3 	  44.89	  -1.55	   0.04
	  0.528	 -0.282	  0.800
	  0.071	  0.954	  0.289
	 -0.846	 -0.097	  0.524

4 	  39.46	   5.33	  -6.31
	  0.543	  0.837	 -0.065
	 -0.754	  0.519	  0.403
	  0.371	 -0.170	  0.912

5 	  41.47	  11.09	   5.45
	  0.600	  0.607	  0.521
	  0.290	 -0.771	  0.566
	  0.746	 -0.189	 -0.638

6 	  49.03	  10.30	  -0.42
	  0.775	 -0.358	 -0.521
	  0.584	  0.721	  0.372
	  0.244	 -0.593	  0.767

7 	  40.06	  -8.98	  -4.71
	  0.455	 -0.818	  0.351
	  0.828	  0.244	 -0.504
	  0.327	  0.520	  0.789

8 	  40.78	 -14.03	   5.92
	  0.464	 -0.696	  0.547
	 -0.394	 -0.715	 -0.578
	  0.794	  0.052	 -0.605

9 	  48.06	 -14.33	  -2.07
	  0.608	  0.173	 -0.775
	 -0.446	  0.882	 -0.149
	  0.661	  0.434	  0.611

2 	  32.64	  -7.40	  22.75
	  0.063	  0.997	 -0.034
	 -0.998	  0.064	 -0.000
	  0.002	  0.033	  0.999

3 	  44.86	  -1.62	  -0.11
	  0.536	 -0.282	  0.795
	  0.082	  0.955	  0.284
	 -0.840	 -0.088	  0.535

4 	  39.36	   5.31	  -6.29
	  0.540	  0.839	 -0.068
	 -0.755	  0.518	  0.401
	  0.373	 -0.165	  0.913

5 	  41.78	  10.67	   5.62
	  0.591	  0.652	  0.474
	  0.450	 -0.754	  0.479
	  0.671	 -0.071	 -0.738

6 	  48.34	  11.46	  -1.42
	  0.713	 -0.212	 -0.668
	  0.570	  0.730	  0.376
	  0.411	 -0.649	  0.640

7 	  39.74	  -9.11	  -4.69
	  0.441	 -0.828	  0.347
	  0.822	  0.217	 -0.526
	  0.361	  0.517	  0.776

8 	  40.75	 -14.06	   5.96
	  0.455	 -0.711	  0.536
	 -0.461	 -0.703	 -0.542
	  0.763	 -0.000	 -0.646

9 	  47.69	 -16.03	  -2.30
	  0.582	  0.028	 -0.812
	 -0.512	  0.790	 -0.337
	  0.636	  0.610	  0.472

2 	  32.64	  -7.38	  22.75
	  0.063	  0.997	 -0.034
	 -0.998	  0.064	 -0.001
	  0.002	  0.033	  0.999

3 	  44.79	  -1.81	  -0.21
	  0.531	 -0.288	  0.797
	  0.110	  0.956	  0.272
	 -0.840	 -0.057	  0.539

4 	  39.32	   5.22	  -6.31
	  0.546	  0.834	 -0.071
	 -0.750	  0.525	  0.402
	  0.373	 -0.166	  0.912

5 	  42.03	   9.83	   6.03
	  0.567	  0.675	  0.471
	  0.586	 -0.732	  0.348
	  0.582	  0.078	 -0.809

6 	  47.41	  12.45	  -1.60
	  0.630	 -0.029	 -0.776
	  0.548	  0.726	  0.415
	  0.555	 -0.685	  0.471

7 	  39.32	  -9.23	  -4.54
	  0.410	 -0.836	  0.364
	  0.827	  0.171	 -0.536
	  0.386	  0.520	  0.761

8 	  40.20	 -13.78	   6.43
	  0.419	 -0.703	  0.574
	 -0.509	 -0.705	 -0.495
	  0.754	 -0.085	 -0.651

9 	  47.02	 -17.65	  -1.55
	  0.580	 -0.145	 -0.802
	 -0.529	  0.683	 -0.504
	  0.623	  0.714	  0.318

2 	  32.64	  -7.38	  22.75
	  0.063	  0.997	 -0.034
	 -0.998	  0.063	 -0.001
	  0.001	  0.033	  0.999

3 	  44.67	  -2.11	  -0.40
	  0.531	 -0.293	  0.795
	  0.170	  0.956	  0.239
	 -0.831	  0.007	  0.557

4 	  39.25	   5.22	  -6.19
	  0.564	  0.825	 -0.044
	 -0.751	  0.533	  0.388
	  0.344	 -0.186	  0.920

5 	  42.12	   9.07	   6.45
	  0.544	  0.676	  0.497
	  0.660	 -0.710	  0.246
	  0.522	  0.193	 -0.831

6 	  46.65	  13.04	  -1.30
	  0.563	  0.112	 -0.819
	  0.517	  0.727	  0.451
	  0.649	 -0.675	  0.350

7 	  38.44	  -9.40	  -4.29
	  0.356	 -0.854	  0.381
	  0.823	  0.092	 -0.561
	  0.444	  0.512	  0.735

8 	  39.73	 -13.52	   6.91
	  0.412	 -0.689	  0.595
	 -0.573	 -0.704	 -0.421
	  0.710	 -0.167	 -0.683

9 	  46.00	 -18.86	  -0.95
	  0.528	 -0.285	 -0.800
	 -0.565	  0.587	 -0.580
	  0.637	  0.756	  0.149

2 	  32.64	  -7.38	  22.75
	  0.063	  0.997	 -0.034
	 -0.998	  0.063	 -0.000
	  0.002	  0.033	  0.999

3 	  44.37	  -2.43	  -0.69
	  0.552	 -0.290	  0.781
	  0.209	  0.955	  0.208
	 -0.807	  0.048	  0.588

4 	  38.88	   5.04	  -6.15
	  0.567	  0.822	 -0.048
	 -0.747	  0.538	  0.389
	  0.346	 -0.185	  0.919

5 	  42.01	   8.70	   6.50
	  0.535	  0.682	  0.498
	  0.699	 -0.688	  0.194
	  0.478	  0.244	 -0.844

6 	  46.12	  13.36	  -1.32
	  0.521	  0.181	 -0.834
	  0.505	  0.724	  0.470
	  0.691	 -0.664	  0.284

7 	  38.02	  -9.62	  -4.11
	  0.342	 -0.852	  0.395
	  0.816	  0.060	 -0.575
	  0.467	  0.519	  0.716

8 	  39.46	 -13.48	   7.19
	  0.415	 -0.681	  0.603
	 -0.590	 -0.705	 -0.393
	  0.694	 -0.192	 -0.693

9 	  45.51	 -18.97	  -0.74
	  0.499	 -0.297	 -0.814
	 -0.578	  0.588	 -0.566
	  0.649	  0.750	  0.121

2 	  32.62	  -7.38	  22.76
	  0.062	  0.997	 -0.034
	 -0.998	  0.062	 -0.001
	  0.001	  0.033	  0.999

3 	  44.24	  -2.58	  -0.77
	  0.563	 -0.281	  0.777
	  0.217	  0.957	  0.189
	 -0.798	  0.061	  0.600

4 	  38.69	   4.87	  -6.17
	  0.566	  0.822	 -0.061
	 -0.745	  0.541	  0.391
	  0.356	 -0.176	  0.918

5 	  42.13	   8.53	   6.36
	  0.550	  0.681	  0.483
	  0.702	 -0.690	  0.176
	  0.455	  0.243	 -0.856

6 	  45.98	  13.41	  -1.37
	  0.498	  0.211	 -0.841
	  0.506	  0.718	  0.477
	  0.708	 -0.661	  0.249

7 	  37.83	  -9.77	  -4.06
	  0.343	 -0.852	  0.395
	  0.803	  0.048	 -0.593
	  0.487	  0.520	  0.701

8 	  39.57	 -13.52	   7.26
	  0.432	 -0.682	  0.590
	 -0.608	 -0.703	 -0.370
	  0.667	 -0.198	 -0.718

9 	  45.28	 -19.07	  -0.98
	  0.465	 -0.296	 -0.834
	 -0.586	  0.604	 -0.540
	  0.666	  0.738	  0.106

2 	  32.64	  -7.38	  22.75
	  0.061	  0.997	 -0.034
	 -0.998	  0.061	 -0.001
	  0.001	  0.033	  0.999

3 	  44.19	  -2.65	  -0.83
	  0.565	 -0.282	  0.775
	  0.225	  0.957	  0.184
	 -0.794	  0.070	  0.604

4 	  38.67	   4.83	  -6.13
	  0.567	  0.821	 -0.057
	 -0.745	  0.541	  0.389
	  0.351	 -0.178	  0.919

5 	  42.03	   8.51	   6.47
	  0.539	  0.683	  0.493
	  0.707	 -0.684	  0.177
	  0.461	  0.253	 -0.850

6 	  45.95	  13.45	  -1.27
	  0.506	  0.213	 -0.836
	  0.504	  0.715	  0.484
	  0.703	 -0.664	  0.253

7 	  37.76	  -9.77	  -4.04
	  0.339	 -0.855	  0.393
	  0.802	  0.044	 -0.595
	  0.492	  0.517	  0.700

8 	  39.41	 -13.69	   7.17
	  0.424	 -0.694	  0.581
	 -0.607	 -0.694	 -0.388
	  0.673	 -0.188	 -0.715

9 	  45.28	 -18.95	  -1.14
	  0.477	 -0.260	 -0.839
	 -0.591	  0.613	 -0.524
	  0.653	  0.744	  0.138

2 	  32.64	  -7.38	  22.75
	  0.061	  0.997	 -0.034
	 -0.998	  0.061	 -0.001
	  0.001	  0.033	  0.999

3 	  44.19	  -2.65	  -0.77
	  0.561	 -0.284	  0.778
	  0.221	  0.956	  0.190
	 -0.798	  0.065	  0.598

4 	  38.71	   4.87	  -6.13
	  0.566	  0.823	 -0.053
	 -0.749	  0.538	  0.387
	  0.348	 -0.179	  0.920

5 	  42.03	   8.53	   6.50
	  0.544	  0.675	  0.498
	  0.696	 -0.694	  0.182
	  0.471	  0.247	 -0.846

6 	  46.12	  13.18	  -1.23
	  0.520	  0.183	 -0.834
	  0.502	  0.726	  0.469
	  0.694	 -0.660	  0.285

7 	  37.97	  -9.76	  -4.04
	  0.353	 -0.847	  0.398
	  0.808	  0.061	 -0.586
	  0.472	  0.527	  0.706

8 	  39.60	 -13.69	   7.10
	  0.447	 -0.682	  0.578
	 -0.571	 -0.715	 -0.404
	  0.690	 -0.150	 -0.708

9 	  45.81	 -17.74	  -1.39
	  0.499	 -0.111	 -0.860
	 -0.623	  0.645	 -0.443
	  0.606	  0.755	  0.251

2 	  32.64	  -7.38	  22.75
	  0.060	  0.997	 -0.034
	 -0.998	  0.060	 -0.001
	  0.002	  0.033	  0.999

3 	  44.30	  -2.53	  -0.70
	  0.559	 -0.285	  0.778
	  0.203	  0.957	  0.205
	 -0.804	  0.043	  0.592

4 	  38.74	   4.94	  -6.06
	  0.559	  0.827	 -0.048
	 -0.754	  0.531	  0.386
	  0.346	 -0.180	  0.921

5 	  42.01	   8.61	   6.52
	  0.575	  0.647	  0.501
	  0.648	 -0.733	  0.206
	  0.503	  0.205	 -0.839

6 	  46.58	  12.16	  -1.27
	  0.552	  0.047	 -0.833
	  0.508	  0.774	  0.377
	  0.665	 -0.629	  0.401

7 	  38.20	  -9.65	  -4.06
	  0.365	 -0.839	  0.403
	  0.816	  0.079	 -0.572
	  0.448	  0.537	  0.714

8 	  39.80	 -13.66	   7.00
	  0.491	 -0.649	  0.581
	 -0.480	 -0.758	 -0.442
	  0.728	 -0.062	 -0.683

9 	  46.60	 -15.86	  -1.27
	  0.546	  0.110	 -0.830
	 -0.681	  0.636	 -0.363
	  0.490	  0.763	  0.421

2 	  32.64	  -7.38	  22.75
	  0.060	  0.997	 -0.034
	 -0.998	  0.060	 -0.000
	  0.002	  0.033	  0.999

3 	  44.38	  -2.39	  -0.63
	  0.559	 -0.286	  0.778
	  0.189	  0.958	  0.216
	 -0.808	  0.026	  0.589

4 	  38.83	   5.08	  -5.99
	  0.560	  0.827	 -0.031
	 -0.755	  0.525	  0.393
	  0.342	 -0.197	  0.918

5 	  41.71	   9.28	   6.40
	  0.643	  0.577	  0.503
	  0.463	 -0.816	  0.346
	  0.611	  0.010	 -0.791

6 	  47.50	  10.27	  -1.00
	  0.624	 -0.217	 -0.751
	  0.591	  0.760	  0.269
	  0.516	 -0.611	  0.600

7 	  38.34	  -9.60	  -4.06
	  0.371	 -0.835	  0.406
	  0.826	  0.097	 -0.555
	  0.424	  0.541	  0.726

8 	  39.59	 -14.20	   6.52
	  0.522	 -0.594	  0.612
	 -0.254	 -0.793	 -0.554
	  0.814	  0.133	 -0.565

9 	  47.85	 -13.50	  -0.18
	  0.635	  0.375	 -0.675
	 -0.726	  0.588	 -0.356
	  0.264	  0.716	  0.646

2 	  32.64	  -7.38	  22.76
	  0.060	  0.997	 -0.034
	 -0.998	  0.060	 -0.001
	  0.001	  0.033	  0.999

3 	  44.42	  -2.30	  -0.60
	  0.558	 -0.286	  0.779
	  0.180	  0.958	  0.224
	 -0.810	  0.014	  0.585

4 	  38.85	   5.12	  -5.98
	  0.561	  0.827	 -0.019
	 -0.756	  0.521	  0.397
	  0.339	 -0.209	  0.917

5 	  41.29	   9.77	   6.24
	  0.657	  0.525	  0.541
	  0.301	 -0.840	  0.451
	  0.692	 -0.133	 -0.709

6 	  47.90	   9.07	  -0.23
	  0.676	 -0.368	 -0.639
	  0.612	  0.763	  0.206
	  0.415	 -0.530	  0.739

7 	  38.48	  -9.53	  -4.04
	  0.382	 -0.827	  0.412
	  0.833	  0.114	 -0.542
	  0.401	  0.550	  0.732

8 	  39.55	 -14.48	   6.31
	  0.524	 -0.550	  0.651
	 -0.072	 -0.790	 -0.609
	  0.849	  0.271	 -0.453

9 	  48.34	 -11.92	   0.84
	  0.657	  0.520	 -0.546
	 -0.731	  0.617	 -0.291
	  0.186	  0.590	  0.785

2 	  32.64	  -7.38	  22.75
	  0.060	  0.997	 -0.033
	 -0.998	  0.060	 -0.000
	  0.002	  0.032	  0.999

3 	  44.47	  -2.21	  -0.53
	  0.557	 -0.283	  0.781
	  0.165	  0.959	  0.230
	 -0.814	  0.000	  0.581

4 	  38.88	   5.20	  -5.92
	  0.554	  0.832	 -0.007
	 -0.762	  0.511	  0.398
	  0.335	 -0.215	  0.917

5 	  40.83	  10.41	   6.13
	  0.639	  0.495	  0.589
	  0.146	 -0.830	  0.539
	  0.755	 -0.258	 -0.602

6 	  48.09	   8.14	   0.72
	  0.709	 -0.498	 -0.499
	  0.642	  0.749	  0.161
	  0.297	 -0.435	  0.850

7 	  38.64	  -9.46	  -4.06
	  0.392	 -0.823	  0.411
	  0.835	  0.130	 -0.534
	  0.386	  0.552	  0.738

8 	  39.62	 -14.73	   5.98
	  0.515	 -0.526	  0.677
	  0.061	 -0.766	 -0.640
	  0.855	  0.369	 -0.363

9 	  48.57	 -10.85	   1.71
	  0.652	  0.621	 -0.434
	 -0.755	  0.587	 -0.292
	  0.073	  0.518	  0.852

2 	  32.64	  -7.38	  22.75
	  0.060	  0.997	 -0.033
	 -0.998	  0.060	 -0.001
	  0.002	  0.032	  0.999

3 	  44.51	  -2.14	  -0.51
	  0.555	 -0.282	  0.782
	  0.156	  0.959	  0.236
	 -0.817	 -0.009	  0.576

4 	  38.90	   5.29	  -5.87
	  0.551	  0.834	  0.006
	 -0.767	  0.503	  0.398
	  0.329	 -0.224	  0.917

5 	  40.50	  10.85	   5.94
	  0.612	  0.453	  0.648
	 -0.031	 -0.806	  0.591
	  0.790	 -0.381	 -0.480

6 	  48.01	   6.98	   2.04
	  0.713	 -0.612	 -0.342
	  0.661	  0.750	  0.032
	  0.239	 -0.249	  0.938

7 	  38.74	  -9.40	  -4.11
	  0.394	 -0.822	  0.411
	  0.840	  0.141	 -0.523
	  0.372	  0.552	  0.746

8 	  39.55	 -14.92	   5.68
	  0.490	 -0.507	  0.709
	  0.186	 -0.735	 -0.652
	  0.852	  0.449	 -0.266

9 	  48.52	  -9.83	   2.95
	  0.643	  0.709	 -0.290
	 -0.764	  0.620	 -0.179
	  0.053	  0.337	  0.940

2 	  32.64	  -7.38	  22.75
	  0.060	  0.997	 -0.033
	 -0.998	  0.060	 -0.000
	  0.002	  0.032	  0.999

3 	  44.53	  -2.09	  -0.46
	  0.550	 -0.281	  0.786
	  0.148	  0.959	  0.240
	 -0.822	 -0.016	  0.569

4 	  38.97	   5.33	  -5.85
	  0.552	  0.834	  0.017
	 -0.771	  0.501	  0.393
	  0.320	 -0.230	  0.919

5 	  40.55	  11.87	   5.10
	  0.582	  0.475	  0.660
	 -0.186	 -0.714	  0.675
	  0.792	 -0.515	 -0.327

6 	  48.02	   6.40	   3.11
	  0.690	 -0.717	 -0.097
	  0.706	  0.696	 -0.133
	  0.166	  0.022	  0.985

7 	  38.88	  -9.37	  -4.20
	  0.405	 -0.816	  0.412
	  0.843	  0.158	 -0.515
	  0.355	  0.555	  0.752

8 	  39.66	 -15.71	   4.71
	  0.459	 -0.551	  0.697
	  0.314	 -0.635	 -0.706
	  0.832	  0.542	 -0.119

9 	  48.18	  -9.21	   4.03
	  0.618	  0.783	 -0.065
	 -0.778	  0.621	  0.090
	  0.113	 -0.005	  0.993

2 	  32.64	  -7.38	  22.75
	  0.060	  0.997	 -0.034
	 -0.998	  0.061	  0.000
	  0.003	  0.032	  0.999

3 	  44.56	  -2.06	  -0.37
	  0.536	 -0.275	  0.798
	  0.140	  0.961	  0.238
	 -0.833	 -0.016	  0.553

4 	  39.18	   5.27	  -6.05
	  0.556	  0.831	  0.017
	 -0.776	  0.511	  0.368
	  0.298	 -0.218	  0.929

5 	  40.46	  12.62	   4.36
	  0.542	  0.526	  0.655
	 -0.260	 -0.638	  0.725
	  0.800	 -0.562	 -0.210

6 	  47.94	   6.71	   3.71
	  0.674	 -0.737	  0.051
	  0.734	  0.659	 -0.165
	  0.090	  0.148	  0.985

7 	  39.16	  -9.30	  -4.54
	  0.418	 -0.823	  0.385
	  0.840	  0.189	 -0.508
	  0.345	  0.536	  0.770

8 	  39.59	 -16.35	   3.53
	  0.411	 -0.614	  0.673
	  0.399	 -0.544	 -0.738
	  0.821	  0.570	  0.021

9 	  47.87	  -9.42	   4.55
	  0.610	  0.788	  0.082
	 -0.786	  0.588	  0.188
	  0.102	 -0.179	  0.978

2 	  32.64	  -7.38	  22.75
	  0.060	  0.997	 -0.033
	 -0.998	  0.060	 -0.000
	  0.002	  0.032	  0.999

3 	  44.58	  -2.06	  -0.28
	  0.522	 -0.275	  0.807
	  0.140	  0.961	  0.237
	 -0.842	 -0.010	  0.540

4 	  39.41	   5.15	  -6.29
	  0.568	  0.823	 -0.005
	 -0.769	  0.533	  0.353
	  0.294	 -0.197	  0.935

5 	  41.17	  13.68	   2.85
	  0.559	  0.569	  0.603
	 -0.355	 -0.495	  0.793
	  0.752	 -0.655	 -0.075

6 	  47.97	   6.82	   3.66
	  0.583	 -0.787	  0.201
	  0.810	  0.543	 -0.222
	  0.067	  0.291	  0.954

7 	  39.39	  -9.19	  -4.80
	  0.429	 -0.829	  0.358
	  0.837	  0.215	 -0.503
	  0.340	  0.515	  0.786

8 	  39.67	 -16.56	   2.94
	  0.390	 -0.642	  0.660
	  0.439	 -0.502	 -0.745
	  0.811	  0.579	  0.085

9 	  47.76	  -9.47	   4.61
	  0.598	  0.789	  0.138
	 -0.793	  0.557	  0.245
	  0.119	 -0.255	  0.959

2 	  32.62	  -7.38	  22.76
	  0.060	  0.997	 -0.033
	 -0.998	  0.060	 -0.001
	  0.002	  0.032	  0.999

3 	  44.67	  -2.06	  -0.18
	  0.505	 -0.280	  0.816
	  0.147	  0.960	  0.238
	 -0.851	 -0.001	  0.525

4 	  39.64	   5.13	  -6.38
	  0.583	  0.812	 -0.011
	 -0.760	  0.550	  0.345
	  0.287	 -0.193	  0.938

5 	  41.61	  13.89	   2.46
	  0.570	  0.567	  0.594
	 -0.404	 -0.438	  0.803
	  0.717	 -0.697	 -0.021

6 	  48.02	   6.63	   3.73
	  0.537	 -0.808	  0.243
	  0.842	  0.491	 -0.222
	  0.062	  0.323	  0.944

7 	  39.57	  -9.19	  -4.99
	  0.443	 -0.830	  0.340
	  0.830	  0.235	 -0.505
	  0.340	  0.505	  0.793

8 	  40.01	 -16.66	   2.55
	  0.401	 -0.647	  0.649
	  0.467	 -0.467	 -0.751
	  0.790	  0.601	  0.115

9 	  47.79	  -9.32	   4.62
	  0.577	  0.799	  0.167
	 -0.799	  0.508	  0.320
	  0.173	 -0.317	  0.932

2 	  32.64	  -7.38	  22.75
	  0.060	  0.997	 -0.033
	 -0.998	  0.060	 -0.001
	  0.002	  0.033	  0.999

3 	  44.68	  -2.07	  -0.16
	  0.501	 -0.282	  0.818
	  0.147	  0.959	  0.241
	 -0.853	 -0.001	  0.522

4 	  39.66	   5.13	  -6.36
	  0.584	  0.811	 -0.011
	 -0.760	  0.551	  0.344
	  0.285	 -0.193	  0.939

5 	  41.82	  13.97	   2.32
	  0.584	  0.568	  0.580
	 -0.404	 -0.418	  0.814
	  0.706	 -0.708	 -0.015

6 	  48.09	   6.59	   3.62
	  0.517	 -0.817	  0.256
	  0.853	  0.464	 -0.239
	  0.078	  0.340	  0.937

7 	  39.55	  -9.16	  -5.04
	  0.451	 -0.829	  0.331
	  0.823	  0.242	 -0.513
	  0.345	  0.504	  0.792

8 	  40.17	 -16.73	   2.32
	  0.415	 -0.656	  0.630
	  0.464	 -0.445	 -0.766
	  0.785	  0.608	  0.119

9 	  47.81	  -9.25	   4.50
	  0.570	  0.802	  0.177
	 -0.792	  0.477	  0.381
	  0.224	 -0.356	  0.907

2 	  32.64	  -7.38	  22.75
	  0.060	  0.997	 -0.033
	 -0.998	  0.060	 -0.000
	  0.002	  0.033	  0.999

3 	  44.67	  -2.06	  -0.14
	  0.500	 -0.287	  0.817
	  0.144	  0.958	  0.249
	 -0.854	 -0.007	  0.519

4 	  39.67	   5.15	  -6.35
	  0.588	  0.808	 -0.011
	 -0.757	  0.555	  0.345
	  0.286	 -0.195	  0.938

5 	  41.92	  14.03	   2.32
	  0.591	  0.565	  0.575
	 -0.402	 -0.414	  0.817
	  0.701	 -0.713	 -0.019

6 	  48.15	   6.57	   3.59
	  0.515	 -0.820	  0.250
	  0.853	  0.462	 -0.243
	  0.085	  0.337	  0.937

7 	  39.60	  -9.07	  -5.12
	  0.460	 -0.828	  0.320
	  0.818	  0.254	 -0.517
	  0.347	  0.499	  0.794

8 	  40.34	 -16.73	   2.13
	  0.429	 -0.663	  0.613
	  0.455	 -0.429	 -0.780
	  0.782	  0.612	  0.118

9 	  47.97	  -9.25	   4.38
	  0.569	  0.802	  0.182
	 -0.785	  0.461	  0.415
	  0.251	 -0.377	  0.891

