% Calibrated with leiden_pols
% Positions are in centimeters
Data =[
 2    97.053   -18.710    59.741
 2     0.504    -0.863     0.026
 2     0.859     0.505     0.078
 2    -0.080    -0.017     0.996
 3   139.014    -3.024     2.496
 3     0.377     0.014    -0.926
 3     0.194     0.976     0.094
 3     0.905    -0.216     0.366
 4   120.327    13.255   -10.734
 4     0.368    -0.882     0.295
 4     0.929     0.362    -0.075
 4    -0.041     0.302     0.952
 5   115.667    21.470    12.519
 5    -0.055    -0.104     0.993
 5     0.246    -0.965    -0.088
 5     0.968     0.240     0.078
 6   125.697    30.407    41.978
 6     0.144    -0.651    -0.745
 6     0.100     0.759    -0.644
 6     0.984     0.018     0.174
 7   120.904   -21.204   -11.688
 7     0.394     0.905     0.156
 7    -0.915     0.371     0.161
 7     0.087    -0.206     0.974
 8   118.594   -26.334    14.719
 8     0.224     0.216     0.950
 8    -0.260    -0.926     0.272
 8     0.939    -0.308    -0.151
 9   131.296   -31.689    40.636
 9     0.190     0.613    -0.767
 9     0.043     0.775     0.630
 9     0.981    -0.153     0.120
 2    97.052   -18.710    59.792
 2     0.504    -0.863     0.026
 2     0.859     0.505     0.078
 2    -0.080    -0.017     0.996
 3   139.013    -3.075     2.496
 3     0.378     0.015    -0.926
 3     0.194     0.976     0.095
 3     0.905    -0.215     0.366
 4   120.327    13.255   -10.734
 4     0.368    -0.881     0.296
 4     0.929     0.362    -0.076
 4    -0.041     0.303     0.952
 5   115.668    21.469    12.521
 5    -0.055    -0.105     0.993
 5     0.246    -0.965    -0.089
 5     0.968     0.239     0.079
 6   125.698    30.405    42.029
 6     0.144    -0.651    -0.746
 6     0.099     0.759    -0.643
 6     0.984     0.018     0.173
 7   120.906   -21.204   -11.741
 7     0.393     0.906     0.157
 7    -0.915     0.370     0.161
 7     0.088    -0.207     0.974
 8   118.569   -26.309    14.770
 8     0.223     0.215     0.951
 8    -0.260    -0.927     0.270
 8     0.939    -0.308    -0.151
 9   131.246   -31.689    40.687
 9     0.190     0.615    -0.765
 9     0.043     0.773     0.632
 9     0.981    -0.153     0.120
 2    97.052   -18.710    59.792
 2     0.504    -0.863     0.026
 2     0.859     0.505     0.078
 2    -0.080    -0.017     0.996
 3   138.990    -3.101     2.446
 3     0.378     0.016    -0.926
 3     0.193     0.976     0.096
 3     0.905    -0.216     0.366
 4   120.329    13.256   -10.737
 4     0.368    -0.881     0.296
 4     0.929     0.363    -0.076
 4    -0.040     0.303     0.952
 5   115.668    21.469    12.521
 5    -0.055    -0.105     0.993
 5     0.245    -0.965    -0.089
 5     0.968     0.239     0.079
 6   125.748    30.379    42.028
 6     0.144    -0.650    -0.746
 6     0.098     0.760    -0.642
 6     0.984     0.019     0.173
 7   120.831   -21.204   -11.740
 7     0.392     0.906     0.157
 7    -0.915     0.369     0.161
 7     0.088    -0.207     0.974
 8   118.570   -26.310    14.720
 8     0.223     0.214     0.951
 8    -0.261    -0.927     0.270
 8     0.939    -0.308    -0.151
 9   131.185   -31.692    40.653
 9     0.190     0.615    -0.765
 9     0.043     0.773     0.633
 9     0.980    -0.154     0.120
 2    97.052   -18.710    59.792
 2     0.504    -0.863     0.026
 2     0.859     0.505     0.078
 2    -0.080    -0.017     0.996
 3   138.989    -3.101     2.445
 3     0.378     0.017    -0.925
 3     0.193     0.976     0.097
 3     0.905    -0.215     0.366
 4   120.332    13.205   -10.740
 4     0.369    -0.881     0.296
 4     0.928     0.363    -0.078
 4    -0.039     0.303     0.952
 5   115.669    21.418    12.519
 5    -0.054    -0.107     0.993
 5     0.245    -0.965    -0.091
 5     0.968     0.239     0.078
 6   125.748    30.329    42.053
 6     0.144    -0.649    -0.747
 6     0.098     0.760    -0.642
 6     0.984     0.019     0.173
 7   120.881   -21.204   -11.689
 7     0.392     0.906     0.157
 7    -0.916     0.368     0.161
 7     0.088    -0.207     0.974
 8   118.520   -26.310    14.770
 8     0.223     0.213     0.951
 8    -0.261    -0.927     0.269
 8     0.939    -0.308    -0.151
 9   131.198   -31.690    40.687
 9     0.190     0.616    -0.764
 9     0.042     0.772     0.633
 9     0.981    -0.153     0.120
 2    97.053   -18.710    59.792
 2     0.505    -0.863     0.025
 2     0.859     0.505     0.078
 2    -0.080    -0.017     0.996
 3   138.990    -3.152     2.446
 3     0.379     0.018    -0.925
 3     0.193     0.976     0.098
 3     0.905    -0.216     0.366
 4   120.332    13.205   -10.740
 4     0.369    -0.881     0.296
 4     0.928     0.362    -0.078
 4    -0.039     0.303     0.952
 5   115.668    21.418    12.573
 5    -0.055    -0.107     0.993
 5     0.245    -0.965    -0.091
 5     0.968     0.238     0.079
 6   125.798    30.379    42.027
 6     0.145    -0.648    -0.747
 6     0.098     0.761    -0.641
 6     0.984     0.020     0.174
 7   120.882   -21.205   -11.689
 7     0.391     0.907     0.156
 7    -0.916     0.367     0.161
 7     0.088    -0.207     0.974
 8   118.520   -26.259    14.770
 8     0.222     0.213     0.951
 8    -0.260    -0.927     0.269
 8     0.939    -0.308    -0.151
 9   131.173   -31.716    40.687
 9     0.190     0.617    -0.764
 9     0.042     0.772     0.634
 9     0.981    -0.153     0.120
 2    97.003   -18.710    59.742
 2     0.505    -0.863     0.025
 2     0.859     0.505     0.078
 2    -0.080    -0.018     0.996
 3   138.990    -3.101     2.497
 3     0.378     0.018    -0.925
 3     0.193     0.976     0.098
 3     0.905    -0.216     0.366
 4   120.382    13.256   -10.740
 4     0.369    -0.881     0.296
 4     0.928     0.362    -0.078
 4    -0.039     0.304     0.952
 5   115.668    21.494    12.625
 5    -0.055    -0.109     0.992
 5     0.244    -0.965    -0.093
 5     0.968     0.237     0.079
 6   125.800    30.274    42.051
 6     0.146    -0.646    -0.749
 6     0.096     0.762    -0.640
 6     0.984     0.021     0.173
 7   120.834   -21.204   -11.666
 7     0.390     0.907     0.157
 7    -0.916     0.366     0.161
 7     0.089    -0.207     0.974
 8   118.520   -26.311    14.771
 8     0.222     0.213     0.951
 8    -0.261    -0.927     0.268
 8     0.939    -0.308    -0.151
 9   131.198   -31.716    40.687
 9     0.190     0.617    -0.763
 9     0.042     0.771     0.635
 9     0.981    -0.153     0.120
 2    97.001   -18.711    59.745
 2     0.505    -0.863     0.025
 2     0.859     0.505     0.078
 2    -0.081    -0.018     0.996
 3   138.940    -3.102     2.445
 3     0.378     0.018    -0.925
 3     0.192     0.976     0.098
 3     0.905    -0.215     0.366
 4   120.333    13.308   -10.743
 4     0.368    -0.881     0.297
 4     0.929     0.362    -0.079
 4    -0.038     0.305     0.951
 5   115.669    21.493    12.650
 5    -0.054    -0.112     0.992
 5     0.243    -0.965    -0.095
 5     0.968     0.236     0.079
 6   125.875    30.195    42.048
 6     0.148    -0.644    -0.751
 6     0.094     0.765    -0.637
 6     0.984     0.024     0.174
 7   120.832   -21.205   -11.663
 7     0.390     0.907     0.157
 7    -0.917     0.366     0.161
 7     0.088    -0.207     0.974
 8   118.520   -26.310    14.770
 8     0.223     0.212     0.951
 8    -0.261    -0.927     0.268
 8     0.939    -0.308    -0.151
 9   131.160   -31.719    40.653
 9     0.191     0.617    -0.763
 9     0.042     0.771     0.635
 9     0.980    -0.154     0.121
 2    97.003   -18.710    59.741
 2     0.505    -0.863     0.025
 2     0.859     0.505     0.078
 2    -0.080    -0.017     0.996
 3   138.990    -3.102     2.445
 3     0.379     0.019    -0.925
 3     0.192     0.976     0.098
 3     0.905    -0.215     0.366
 4   120.335    13.309   -10.746
 4     0.369    -0.881     0.297
 4     0.929     0.362    -0.080
 4    -0.037     0.305     0.951
 5   115.720    21.493    12.621
 5    -0.052    -0.112     0.992
 5     0.243    -0.965    -0.096
 5     0.968     0.236     0.077
 6   125.976    30.218    42.098
 6     0.150    -0.643    -0.751
 6     0.093     0.765    -0.637
 6     0.984     0.025     0.174
 7   120.832   -21.205   -11.688
 7     0.390     0.907     0.158
 7    -0.917     0.366     0.160
 7     0.088    -0.207     0.974
 8   118.471   -26.259    14.770
 8     0.223     0.212     0.951
 8    -0.261    -0.927     0.268
 8     0.939    -0.308    -0.152
 9   131.110   -31.694    40.652
 9     0.191     0.618    -0.763
 9     0.042     0.771     0.635
 9     0.980    -0.154     0.121
 2    97.053   -18.710    59.793
 2     0.505    -0.863     0.025
 2     0.859     0.505     0.078
 2    -0.080    -0.018     0.996
 3   138.990    -3.102     2.445
 3     0.379     0.018    -0.925
 3     0.192     0.976     0.098
 3     0.905    -0.215     0.367
 4   120.333    13.308   -10.743
 4     0.369    -0.880     0.297
 4     0.928     0.362    -0.080
 4    -0.038     0.305     0.951
 5   115.731    21.496    12.608
 5    -0.051    -0.113     0.992
 5     0.242    -0.965    -0.097
 5     0.969     0.235     0.076
 6   126.051    30.084    42.091
 6     0.154    -0.641    -0.752
 6     0.089     0.767    -0.635
 6     0.984     0.031     0.176
 7   120.832   -21.205   -11.688
 7     0.390     0.907     0.158
 7    -0.917     0.366     0.160
 7     0.088    -0.207     0.974
 8   118.526   -26.260    14.711
 8     0.220     0.213     0.952
 8    -0.261    -0.927     0.268
 8     0.940    -0.307    -0.149
 9   131.123   -31.717    40.636
 9     0.191     0.618    -0.763
 9     0.041     0.771     0.635
 9     0.981    -0.153     0.121
 2    97.003   -18.710    59.741
 2     0.505    -0.863     0.025
 2     0.859     0.505     0.078
 2    -0.080    -0.017     0.996
 3   138.990    -3.153     2.445
 3     0.379     0.019    -0.925
 3     0.192     0.976     0.098
 3     0.905    -0.215     0.367
 4   120.286    13.258   -10.746
 4     0.370    -0.880     0.296
 4     0.928     0.363    -0.080
 4    -0.037     0.305     0.952
 5   115.782    21.495    12.632
 5    -0.050    -0.113     0.992
 5     0.241    -0.965    -0.098
 5     0.969     0.234     0.075
 6   126.213    30.074    42.103
 6     0.160    -0.640    -0.752
 6     0.086     0.768    -0.635
 6     0.983     0.036     0.178
 7   120.828   -21.207   -11.733
 7     0.390     0.906     0.159
 7    -0.917     0.366     0.160
 7     0.086    -0.208     0.974
 8   118.575   -26.262    14.687
 8     0.218     0.214     0.952
 8    -0.261    -0.927     0.268
 8     0.940    -0.307    -0.147
 9   131.172   -31.718    40.585
 9     0.191     0.617    -0.764
 9     0.041     0.772     0.634
 9     0.981    -0.153     0.122
 2    97.053   -18.710    59.741
 2     0.505    -0.863     0.026
 2     0.859     0.505     0.078
 2    -0.080    -0.017     0.996
 3   138.989    -3.102     2.445
 3     0.379     0.018    -0.925
 3     0.192     0.976     0.097
 3     0.905    -0.214     0.367
 4   120.336    13.258   -10.746
 4     0.370    -0.880     0.296
 4     0.928     0.363    -0.081
 4    -0.037     0.305     0.951
 5   115.784    21.545    12.681
 5    -0.048    -0.115     0.992
 5     0.240    -0.965    -0.100
 5     0.969     0.233     0.074
 6   126.312    30.021    42.049
 6     0.162    -0.639    -0.752
 6     0.085     0.768    -0.634
 6     0.983     0.039     0.179
 7   120.826   -21.207   -11.781
 7     0.391     0.906     0.160
 7    -0.916     0.367     0.159
 7     0.085    -0.209     0.974
 8   118.575   -26.262    14.687
 8     0.218     0.214     0.952
 8    -0.261    -0.927     0.268
 8     0.940    -0.307    -0.147
 9   131.182   -31.721    40.600
 9     0.191     0.616    -0.764
 9     0.041     0.772     0.633
 9     0.980    -0.152     0.123
 2    97.003   -18.710    59.741
 2     0.505    -0.863     0.026
 2     0.859     0.505     0.078
 2    -0.080    -0.017     0.996
 3   138.989    -3.102     2.445
 3     0.379     0.018    -0.925
 3     0.192     0.976     0.097
 3     0.905    -0.214     0.367
 4   120.336    13.258   -10.695
 4     0.370    -0.880     0.296
 4     0.928     0.363    -0.081
 4    -0.037     0.305     0.952
 5   115.784    21.546    12.626
 5    -0.047    -0.115     0.992
 5     0.240    -0.965    -0.100
 5     0.969     0.233     0.072
 6   126.423    30.014    42.112
 6     0.166    -0.637    -0.752
 6     0.083     0.769    -0.633
 6     0.982     0.043     0.181
 7   120.826   -21.207   -11.730
 7     0.391     0.906     0.160
 7    -0.916     0.367     0.159
 7     0.085    -0.209     0.974
 8   118.491   -26.344    14.611
 8     0.207     0.214     0.954
 8    -0.259    -0.929     0.264
 8     0.943    -0.302    -0.137
 9   131.183   -31.722    40.549
 9     0.191     0.616    -0.764
 9     0.040     0.773     0.633
 9     0.980    -0.152     0.123
 2    97.003   -18.710    59.742
 2     0.505    -0.863     0.025
 2     0.859     0.505     0.078
 2    -0.080    -0.018     0.996
 3   138.989    -3.102     2.419
 3     0.380     0.017    -0.925
 3     0.192     0.976     0.097
 3     0.905    -0.214     0.367
 4   120.288    13.335   -10.749
 4     0.370    -0.880     0.297
 4     0.928     0.363    -0.081
 4    -0.036     0.306     0.951
 5   115.846    21.548    12.663
 5    -0.045    -0.115     0.992
 5     0.239    -0.966    -0.101
 5     0.970     0.233     0.071
 6   126.586    29.798    42.121
 6     0.174    -0.633    -0.754
 6     0.078     0.772    -0.630
 6     0.981     0.051     0.184
 7   120.776   -21.156   -11.730
 7     0.392     0.905     0.160
 7    -0.916     0.369     0.159
 7     0.085    -0.210     0.974
 8   118.438   -26.362    14.432
 8     0.195     0.219     0.956
 8    -0.265    -0.927     0.266
 8     0.944    -0.305    -0.123
 9   131.232   -31.722    40.549
 9     0.192     0.615    -0.765
 9     0.040     0.773     0.632
 9     0.980    -0.152     0.124
 2    97.053   -18.710    59.793
 2     0.505    -0.863     0.025
 2     0.859     0.505     0.078
 2    -0.080    -0.018     0.996
 3   138.933    -3.104     2.426
 3     0.380     0.017    -0.925
 3     0.192     0.976     0.097
 3     0.904    -0.214     0.368
 4   120.265    13.335   -10.701
 4     0.370    -0.880     0.296
 4     0.928     0.363    -0.082
 4    -0.035     0.305     0.951
 5   115.853    21.666    12.629
 5    -0.042    -0.120     0.992
 5     0.245    -0.964    -0.106
 5     0.968     0.239     0.070
 6   126.811    29.976    42.046
 6     0.177    -0.631    -0.755
 6     0.080     0.774    -0.628
 6     0.981     0.051     0.187
 7   120.723   -21.106   -11.775
 7     0.393     0.905     0.164
 7    -0.916     0.369     0.158
 7     0.083    -0.213     0.973
 8   118.391   -26.441    14.353
 8     0.181     0.219     0.959
 8    -0.278    -0.924     0.263
 8     0.943    -0.314    -0.106
 9   131.194   -31.931    40.455
 9     0.192     0.618    -0.762
 9     0.034     0.772     0.634
 9     0.981    -0.148     0.127
 2    97.053   -18.710    59.793
 2     0.505    -0.863     0.025
 2     0.859     0.505     0.078
 2    -0.080    -0.018     0.996
 3   138.984    -3.079     2.375
 3     0.381     0.017    -0.924
 3     0.191     0.976     0.097
 3     0.904    -0.214     0.369
 4   120.268    13.336   -10.755
 4     0.372    -0.879     0.297
 4     0.927     0.364    -0.084
 4    -0.034     0.307     0.951
 5   115.930    21.801    12.573
 5    -0.046    -0.110     0.993
 5     0.273    -0.957    -0.094
 5     0.961     0.267     0.074
 6   126.632    30.933    41.821
 6     0.174    -0.639    -0.749
 6     0.104     0.768    -0.632
 6     0.979     0.032     0.200
 7   120.725   -21.106   -11.722
 7     0.392     0.904     0.168
 7    -0.916     0.368     0.160
 7     0.083    -0.218     0.972
 8   118.299   -26.640    14.411
 8     0.159     0.193     0.968
 8    -0.325    -0.916     0.236
 8     0.932    -0.352    -0.084
 9   130.557   -34.046    39.951
 9     0.179     0.663    -0.727
 9    -0.024     0.741     0.671
 9     0.983    -0.103     0.149
 2    97.050   -18.711    59.795
 2     0.504    -0.863     0.026
 2     0.859     0.505     0.078
 2    -0.081    -0.017     0.996
 3   138.985    -3.080     2.376
 3     0.382     0.020    -0.924
 3     0.190     0.976     0.099
 3     0.904    -0.214     0.369
 4   120.300    13.337   -10.763
 4     0.375    -0.878     0.297
 4     0.926     0.366    -0.088
 4    -0.031     0.308     0.951
 5   115.909    22.501    12.532
 5    -0.050    -0.087     0.995
 5     0.322    -0.944    -0.067
 5     0.945     0.317     0.075
 6   126.601    33.341    41.112
 6     0.170    -0.655    -0.737
 6     0.156     0.756    -0.636
 6     0.973    -0.008     0.230
 7   120.722   -20.982   -11.634
 7     0.391     0.903     0.176
 7    -0.917     0.366     0.160
 7     0.080    -0.224     0.971
 8   118.349   -27.668    14.330
 8     0.151     0.102     0.983
 8    -0.417    -0.895     0.157
 8     0.896    -0.433    -0.093
 9   130.358   -38.333    38.406
 9     0.193     0.729    -0.656
 9    -0.127     0.681     0.720
 9     0.973    -0.057     0.224
 2    97.053   -18.710    59.792
 2     0.505    -0.863     0.025
 2     0.859     0.505     0.078
 2    -0.080    -0.017     0.996
 3   138.997    -2.925     2.413
 3     0.380     0.022    -0.925
 3     0.189     0.976     0.101
 3     0.906    -0.214     0.366
 4   120.297    13.387   -10.812
 4     0.375    -0.878     0.297
 4     0.926     0.366    -0.088
 4    -0.032     0.309     0.950
 5   115.839    23.097    12.376
 5    -0.045    -0.059     0.997
 5     0.374    -0.927    -0.038
 5     0.926     0.371     0.063
 6   126.472    35.622    40.279
 6     0.174    -0.677    -0.715
 6     0.208     0.735    -0.645
 6     0.962    -0.037     0.269
 7   120.498   -20.647   -11.686
 7     0.390     0.901     0.190
 7    -0.919     0.369     0.141
 7     0.056    -0.230     0.971
 8   118.392   -29.090    13.886
 8     0.153    -0.012     0.988
 8    -0.520    -0.851     0.070
 8     0.840    -0.524    -0.137
 9   130.329   -42.815    36.063
 9     0.224     0.782    -0.581
 9    -0.234     0.622     0.747
 9     0.946    -0.032     0.322
 2    97.003   -18.710    59.741
 2     0.504    -0.863     0.026
 2     0.859     0.505     0.078
 2    -0.080    -0.017     0.996
 3   138.952    -2.797     2.405
 3     0.377     0.024    -0.926
 3     0.187     0.977     0.102
 3     0.907    -0.212     0.364
 4   120.085    13.373   -10.896
 4     0.375    -0.875     0.306
 4     0.926     0.370    -0.076
 4    -0.048     0.312     0.949
 5   115.878    23.831    12.107
 5    -0.037    -0.027     0.999
 5     0.413    -0.911    -0.010
 5     0.910     0.412     0.045
 6   126.636    37.835    39.135
 6     0.188    -0.699    -0.690
 6     0.254     0.713    -0.654
 6     0.948    -0.053     0.312
 7   120.313   -20.263   -11.730
 7     0.396     0.895     0.203
 7    -0.918     0.379     0.118
 7     0.028    -0.234     0.972
 8   118.694   -30.550    13.404
 8     0.158    -0.116     0.980
 8    -0.613    -0.790     0.006
 8     0.774    -0.602    -0.196
 9   130.454   -47.526    33.027
 9     0.255     0.827    -0.502
 9    -0.343     0.562     0.752
 9     0.904    -0.020     0.427
 2    97.053   -18.710    59.741
 2     0.505    -0.863     0.026
 2     0.859     0.505     0.078
 2    -0.080    -0.017     0.996
 3   139.002    -2.721     2.253
 3     0.376     0.026    -0.926
 3     0.186     0.977     0.102
 3     0.907    -0.211     0.363
 4   119.847    13.275   -11.057
 4     0.371    -0.870     0.323
 4     0.925     0.375    -0.054
 4    -0.074     0.319     0.944
 5   116.009    24.283    11.846
 5    -0.027     0.007     0.999
 5     0.452    -0.892     0.018
 5     0.891     0.452     0.021
 6   126.775    39.819    37.908
 6     0.201    -0.724    -0.660
 6     0.300     0.687    -0.662
 6     0.932    -0.065     0.355
 7   120.246   -20.007   -11.919
 7     0.401     0.890     0.217
 7    -0.916     0.390     0.092
 7    -0.003    -0.236     0.972
 8   119.023   -31.898    12.727
 8     0.162    -0.207     0.965
 8    -0.689    -0.724    -0.039
 8     0.706    -0.658    -0.260
 9   130.439   -51.225    29.881
 9     0.277     0.861    -0.427
 9    -0.436     0.508     0.742
 9     0.856    -0.020     0.516
 2    97.001   -18.711    59.744
 2     0.505    -0.863     0.026
 2     0.859     0.505     0.078
 2    -0.081    -0.017     0.996
 3   138.958    -2.570     2.169
 3     0.375     0.027    -0.926
 3     0.182     0.978     0.103
 3     0.908    -0.208     0.362
 4   119.677    13.240   -11.308
 4     0.369    -0.862     0.348
 4     0.922     0.385    -0.024
 4    -0.114     0.329     0.937
 5   116.096    24.795    11.304
 5    -0.020     0.034     0.999
 5     0.482    -0.875     0.040
 5     0.876     0.482     0.000
 6   126.858    41.329    36.968
 6     0.204    -0.740    -0.641
 6     0.335     0.668    -0.664
 6     0.920    -0.079     0.384
 7   120.094   -19.722   -11.975
 7     0.404     0.886     0.227
 7    -0.914     0.399     0.072
 7    -0.027    -0.237     0.971
 8   119.383   -33.085    12.076
 8     0.165    -0.280     0.945
 8    -0.749    -0.660    -0.064
 8     0.642    -0.697    -0.319
 9   130.428   -53.936    27.068
 9     0.289     0.884    -0.366
 9    -0.507     0.466     0.725
 9     0.812    -0.024     0.583
 2    97.052   -18.710    59.792
 2     0.504    -0.863     0.026
 2     0.859     0.505     0.078
 2    -0.080    -0.017     0.996
 3   139.014    -2.391     2.009
 3     0.375     0.029    -0.926
 3     0.181     0.978     0.104
 3     0.909    -0.207     0.361
 4   119.557    13.113   -11.354
 4     0.365    -0.857     0.363
 4     0.920     0.392     0.001
 4    -0.144     0.333     0.931
 5   116.226    25.280    10.850
 5    -0.017     0.063     0.998
 5     0.512    -0.857     0.063
 5     0.859     0.512    -0.018
 6   126.796    42.858    35.741
 6     0.208    -0.760    -0.616
 6     0.373     0.644    -0.667
 6     0.904    -0.091     0.418
 7   120.032   -19.567   -11.942
 7     0.409     0.880     0.239
 7    -0.911     0.410     0.048
 7    -0.056    -0.238     0.970
 8   120.141   -34.165    11.514
 8     0.172    -0.365     0.915
 8    -0.804    -0.588    -0.084
 8     0.569    -0.722    -0.395
 9   130.269   -57.198    23.485
 9     0.305     0.916    -0.261
 9    -0.593     0.397     0.700
 9     0.745    -0.059     0.664
 2    97.003   -18.710    59.793
 2     0.505    -0.863     0.025
 2     0.859     0.505     0.078
 2    -0.080    -0.018     0.996
 3   139.015    -2.265     1.984
 3     0.375     0.031    -0.926
 3     0.181     0.977     0.106
 3     0.909    -0.208     0.361
 4   119.375    12.768   -11.689
 4     0.359    -0.850     0.386
 4     0.914     0.404     0.039
 4    -0.190     0.339     0.922
 5   116.305    25.262    10.160
 5    -0.015     0.105     0.994
 5     0.540    -0.836     0.096
 5     0.841     0.538    -0.045
 6   126.483    44.461    34.021
 6     0.210    -0.796    -0.568
 6     0.420     0.598    -0.682
 6     0.883    -0.095     0.459
 7   120.110   -19.338   -12.020
 7     0.415     0.872     0.258
 7    -0.905     0.424     0.022
 7    -0.090    -0.243     0.966
 8   121.298   -35.166    10.639
 8     0.173    -0.511     0.842
 8    -0.863    -0.491    -0.120
 8     0.474    -0.706    -0.526
 9   130.116   -60.549    18.873
 9     0.330     0.940    -0.080
 9    -0.689     0.298     0.660
 9     0.645    -0.163     0.746
 2    97.053   -18.710    59.793
 2     0.505    -0.863     0.025
 2     0.859     0.505     0.078
 2    -0.080    -0.018     0.996
 3   139.134    -2.190     1.890
 3     0.377     0.033    -0.926
 3     0.182     0.977     0.109
 3     0.908    -0.210     0.362
 4   119.332    12.413   -11.865
 4     0.354    -0.845     0.400
 4     0.909     0.411     0.064
 4    -0.219     0.341     0.914
 5   116.338    25.426     9.632
 5    -0.018     0.127     0.991
 5     0.560    -0.820     0.116
 5     0.828     0.557    -0.057
 6   126.279    45.387    32.983
 6     0.207    -0.813    -0.544
 6     0.448     0.573    -0.686
 6     0.870    -0.102     0.483
 7   120.147   -19.038   -12.108
 7     0.422     0.864     0.273
 7    -0.897     0.441    -0.010
 7    -0.130    -0.241     0.962
 8   122.191   -36.426     9.252
 8     0.182    -0.597     0.781
 8    -0.908    -0.408    -0.100
 8     0.378    -0.691    -0.616
 9   130.362   -62.512    14.264
 9     0.359     0.932     0.038
 9    -0.757     0.267     0.597
 9     0.546    -0.244     0.802
 2    97.003   -18.710    59.793
 2     0.505    -0.863     0.025
 2     0.859     0.505     0.078
 2    -0.080    -0.018     0.996
 3   139.265    -2.037     1.807
 3     0.375     0.035    -0.926
 3     0.180     0.977     0.110
 3     0.909    -0.208     0.360
 4   119.156    12.175   -12.215
 4     0.343    -0.838     0.425
 4     0.903     0.418     0.098
 4    -0.260     0.350     0.900
 5   116.388    25.539     8.928
 5    -0.021     0.160     0.987
 5     0.581    -0.801     0.142
 5     0.813     0.577    -0.077
 6   125.770    46.461    31.386
 6     0.204    -0.840    -0.503
 6     0.484     0.533    -0.694
 6     0.851    -0.102     0.515
 7   120.153   -18.665   -12.441
 7     0.429     0.854     0.294
 7    -0.887     0.460    -0.044
 7    -0.173    -0.242     0.954
 8   122.710   -37.279     7.647
 8     0.185    -0.647     0.740
 8    -0.937    -0.344    -0.066
 8     0.297    -0.681    -0.670
 9   130.462   -64.053    10.184
 9     0.371     0.922     0.108
 9    -0.803     0.261     0.536
 9     0.466    -0.285     0.838
 2    97.003   -18.710    59.793
 2     0.505    -0.863     0.025
 2     0.859     0.505     0.078
 2    -0.080    -0.018     0.996
 3   139.458    -1.728     1.684
 3     0.370     0.037    -0.928
 3     0.177     0.978     0.110
 3     0.912    -0.206     0.355
 4   118.983    11.972   -12.444
 4     0.335    -0.831     0.443
 4     0.897     0.425     0.120
 4    -0.289     0.358     0.888
 5   116.353    25.825     8.288
 5    -0.023     0.188     0.982
 5     0.606    -0.779     0.163
 5     0.795     0.599    -0.096
 6   125.391    47.737    30.013
 6     0.199    -0.859    -0.471
 6     0.517     0.500    -0.694
 6     0.832    -0.105     0.544
 7   120.113   -18.259   -12.636
 7     0.430     0.850     0.303
 7    -0.880     0.470    -0.070
 7    -0.202    -0.237     0.950
 8   122.529   -37.804     6.274
 8     0.175    -0.678     0.713
 8    -0.957    -0.286    -0.037
 8     0.229    -0.677    -0.700
 9   129.488   -64.902     6.772
 9     0.364     0.917     0.162
 9    -0.840     0.248     0.483
 9     0.403    -0.312     0.860
 2    97.003   -18.710    59.742
 2     0.505    -0.863     0.025
 2     0.859     0.505     0.078
 2    -0.080    -0.018     0.996
 3   139.558    -1.731     1.429
 3     0.371     0.043    -0.927
 3     0.172     0.978     0.115
 3     0.912    -0.203     0.356
 4   118.948    11.958   -12.637
 4     0.336    -0.824     0.456
 4     0.892     0.434     0.127
 4    -0.303     0.364     0.880
 5   116.500    26.140     7.803
 5    -0.021     0.195     0.980
 5     0.621    -0.766     0.165
 5     0.783     0.612    -0.105
 6   125.510    48.459    29.033
 6     0.203    -0.864    -0.462
 6     0.535     0.493    -0.686
 6     0.820    -0.108     0.562
 7   119.872   -17.883   -12.743
 7     0.422     0.849     0.316
 7    -0.876     0.472    -0.098
 7    -0.233    -0.236     0.943
 8   122.007   -38.334     4.976
 8     0.149    -0.711     0.686
 8    -0.975    -0.220    -0.016
 8     0.162    -0.667    -0.727
 9   127.426   -66.275     2.886
 9     0.332     0.912     0.237
 9    -0.883     0.213     0.418
 9     0.331    -0.349     0.877
 2    97.053   -18.710    59.793
 2     0.505    -0.863     0.025
 2     0.859     0.505     0.078
 2    -0.080    -0.018     0.996
 3   139.636    -1.864     1.199
 3     0.375     0.055    -0.925
 3     0.163     0.979     0.124
 3     0.912    -0.198     0.358
 4   118.970    11.845   -12.839
 4     0.339    -0.815     0.470
 4     0.887     0.443     0.129
 4    -0.314     0.373     0.873
 5   116.700    26.310     7.594
 5    -0.016     0.201     0.979
 5     0.629    -0.759     0.166
 5     0.777     0.619    -0.115
 6   125.747    48.882    28.539
 6     0.206    -0.868    -0.452
 6     0.546     0.485    -0.683
 6     0.812    -0.106     0.574
 7   119.386   -17.620   -12.791
 7     0.410     0.848     0.335
 7    -0.870     0.474    -0.136
 7    -0.274    -0.236     0.932
 8   121.112   -38.977     3.177
 8     0.118    -0.738     0.664
 8    -0.989    -0.145     0.016
 8     0.084    -0.659    -0.747
 9   125.265   -67.072    -1.207
 9     0.304     0.905     0.297
 9    -0.920     0.197     0.339
 9     0.248    -0.377     0.892
 2    97.053   -18.710    59.792
 2     0.505    -0.863     0.025
 2     0.859     0.505     0.078
 2    -0.080    -0.017     0.996
 3   139.506    -2.103     0.974
 3     0.382     0.065    -0.922
 3     0.151     0.979     0.132
 3     0.911    -0.189     0.364
 4   118.823    11.708   -12.843
 4     0.342    -0.806     0.482
 4     0.882     0.452     0.129
 4    -0.323     0.381     0.866
 5   116.827    26.327     7.335
 5    -0.009     0.205     0.979
 5     0.637    -0.753     0.163
 5     0.771     0.625    -0.124
 6   125.933    49.176    27.818
 6     0.212    -0.871    -0.443
 6     0.557     0.480    -0.678
 6     0.803    -0.103     0.587
 7   118.876   -17.306   -12.944
 7     0.399     0.846     0.352
 7    -0.861     0.478    -0.172
 7    -0.314    -0.235     0.920
 8   120.155   -39.564     1.827
 8     0.093    -0.752     0.652
 8    -0.995    -0.080     0.049
 8     0.015    -0.654    -0.756
 9   122.798   -67.260    -5.437
 9     0.286     0.864     0.414
 9    -0.947     0.189     0.260
 9     0.146    -0.467     0.872
 2    97.003   -18.710    59.741
 2     0.505    -0.863     0.025
 2     0.859     0.505     0.078
 2    -0.080    -0.017     0.996
 3   139.396    -2.295     0.680
 3     0.392     0.073    -0.917
 3     0.138     0.981     0.137
 3     0.909    -0.181     0.375
 4   118.334    11.520   -12.999
 4     0.336    -0.795     0.505
 4     0.880     0.456     0.131
 4    -0.335     0.401     0.853
 5   116.849    26.413     6.989
 5     0.006     0.226     0.974
 5     0.651    -0.740     0.168
 5     0.758     0.633    -0.152
 6   125.983    49.895    26.923
 6     0.219    -0.882    -0.417
 6     0.577     0.461    -0.674
 6     0.787    -0.093     0.610
 7   118.209   -16.943   -13.085
 7     0.388     0.842     0.374
 7    -0.849     0.485    -0.209
 7    -0.357    -0.237     0.903
 8   119.957   -39.772     0.383
 8     0.085    -0.791     0.605
 8    -0.995    -0.037     0.091
 8    -0.050    -0.610    -0.791
 9   121.329   -67.138    -7.718
 9     0.261     0.743     0.615
 9    -0.963     0.163     0.212
 9     0.057    -0.648     0.759
 2    97.003   -18.710    59.793
 2     0.505    -0.863     0.025
 2     0.859     0.505     0.078
 2    -0.080    -0.018     0.996
 3   139.173    -2.411     0.299
 3     0.404     0.079    -0.911
 3     0.128     0.981     0.142
 3     0.905    -0.175     0.387
 4   117.824    11.230   -13.207
 4     0.331    -0.784     0.525
 4     0.878     0.459     0.133
 4    -0.346     0.417     0.840
 5   116.773    26.304     6.720
 5     0.021     0.244     0.969
 5     0.660    -0.732     0.170
 5     0.751     0.636    -0.176
 6   125.977    50.083    26.085
 6     0.228    -0.892    -0.390
 6     0.590     0.445    -0.674
 6     0.774    -0.077     0.628
 7   117.546   -16.857   -13.147
 7     0.380     0.831     0.405
 7    -0.834     0.498    -0.238
 7    -0.400    -0.247     0.882
 8   120.007   -40.305    -1.188
 8     0.083    -0.830     0.551
 8    -0.990    -0.005     0.143
 8    -0.116    -0.557    -0.822
 9   120.166   -66.887   -10.960
 9     0.241     0.501     0.831
 9    -0.968     0.181     0.171
 9    -0.064    -0.846     0.529
 2    97.003   -18.710    59.793
 2     0.505    -0.863     0.025
 2     0.859     0.505     0.078
 2    -0.080    -0.018     0.996
 3   138.969    -2.630    -0.127
 3     0.419     0.083    -0.904
 3     0.120     0.982     0.145
 3     0.900    -0.169     0.401
 4   117.405    10.920   -13.299
 4     0.328    -0.776     0.538
 4     0.877     0.462     0.133
 4    -0.352     0.428     0.832
 5   116.645    26.176     6.641
 5     0.026     0.249     0.968
 5     0.661    -0.731     0.171
 5     0.750     0.635    -0.184
 6   125.514    49.906    25.861
 6     0.223    -0.900    -0.375
 6     0.594     0.430    -0.680
 6     0.772    -0.071     0.630
 7   116.979   -16.794   -13.177
 7     0.379     0.811     0.445
 7    -0.811     0.523    -0.262
 7    -0.445    -0.262     0.856
 8   121.688   -40.407    -1.828
 8     0.097    -0.911     0.400
 8    -0.980    -0.019     0.196
 8    -0.172    -0.412    -0.895
 9   119.798   -67.322   -11.954
 9     0.165    -0.063     0.984
 9    -0.966     0.190     0.174
 9    -0.198    -0.980    -0.029
 2    97.003   -18.710    59.741
 2     0.505    -0.863     0.026
 2     0.859     0.505     0.078
 2    -0.080    -0.017     0.996
 3   138.656    -3.006    -0.490
 3     0.436     0.088    -0.896
 3     0.108     0.983     0.149
 3     0.893    -0.162     0.419
 4   116.980    10.509   -13.542
 4     0.322    -0.768     0.553
 4     0.876     0.464     0.133
 4    -0.359     0.442     0.822
 5   116.427    25.696     6.348
 5     0.031     0.256     0.966
 5     0.659    -0.732     0.173
 5     0.751     0.631    -0.192
 6   124.941    49.479    25.397
 6     0.213    -0.907    -0.363
 6     0.597     0.415    -0.687
 6     0.773    -0.070     0.630
 7   116.109   -16.682   -13.350
 7     0.350     0.789     0.504
 7    -0.787     0.539    -0.299
 7    -0.508    -0.292     0.810
 8   122.012   -40.706    -4.213
 8     0.072    -0.966     0.249
 8    -0.970    -0.009     0.245
 8    -0.234    -0.259    -0.937
 9   118.570   -67.350   -15.407
 9     0.114    -0.278     0.953
 9    -0.953     0.240     0.184
 9    -0.280    -0.930    -0.238
 2    97.003   -18.710    59.742
 2     0.505    -0.863     0.025
 2     0.859     0.505     0.078
 2    -0.080    -0.018     0.996
 3   138.544    -3.360    -0.981
 3     0.455     0.097    -0.885
 3     0.089     0.984     0.154
 3     0.886    -0.150     0.439
 4   116.851    10.432   -13.497
 4     0.322    -0.761     0.563
 4     0.876     0.465     0.127
 4    -0.359     0.452     0.816
 5   116.189    25.517     6.182
 5     0.026     0.262     0.964
 5     0.662    -0.727     0.180
 5     0.748     0.634    -0.193
 6   124.277    49.889    25.456
 6     0.195    -0.914    -0.355
 6     0.604     0.397    -0.691
 6     0.772    -0.080     0.630
 7   115.562   -16.316   -13.452
 7     0.334     0.782     0.526
 7    -0.772     0.547    -0.324
 7    -0.542    -0.298     0.786
 8   121.140   -40.705    -5.918
 8     0.058    -0.967     0.248
 8    -0.954     0.020     0.300
 8    -0.295    -0.254    -0.921
 9   117.072   -67.003   -18.001
 9     0.089    -0.288     0.953
 9    -0.936     0.302     0.179
 9    -0.340    -0.909    -0.243
 2    97.003   -18.710    59.793
 2     0.505    -0.863     0.025
 2     0.859     0.505     0.078
 2    -0.080    -0.018     0.996
 3   138.337    -3.634    -1.378
 3     0.469     0.107    -0.876
 3     0.072     0.984     0.159
 3     0.880    -0.138     0.454
 4   116.627    10.382   -13.509
 4     0.325    -0.752     0.573
 4     0.875     0.468     0.118
 4    -0.357     0.464     0.810
 5   116.172    25.589     6.068
 5     0.027     0.269     0.963
 5     0.667    -0.722     0.183
 5     0.744     0.638    -0.199
 6   124.160    49.962    25.015
 6     0.195    -0.917    -0.348
 6     0.610     0.391    -0.689
 6     0.768    -0.078     0.635
 7   114.990   -16.100   -13.460
 7     0.319     0.777     0.542
 7    -0.754     0.555    -0.351
 7    -0.574    -0.297     0.763
 8   120.510   -40.737    -8.041
 8     0.056    -0.967     0.246
 8    -0.928     0.041     0.371
 8    -0.369    -0.249    -0.895
 9   116.440   -65.588   -22.817
 9     0.085    -0.294     0.952
 9    -0.898     0.391     0.201
 9    -0.431    -0.872    -0.230
 2    97.003   -18.710    59.793
 2     0.505    -0.863     0.025
 2     0.859     0.505     0.078
 2    -0.080    -0.018     0.996
 3   138.172    -3.647    -1.539
 3     0.477     0.115    -0.871
 3     0.060     0.985     0.162
 3     0.877    -0.130     0.462
 4   116.314    10.379   -13.559
 4     0.326    -0.741     0.587
 4     0.874     0.472     0.111
 4    -0.360     0.477     0.801
 5   116.142    25.730     5.936
 5     0.040     0.279     0.959
 5     0.676    -0.715     0.179
 5     0.736     0.641    -0.217
 6   124.240    50.133    24.781
 6     0.199    -0.918    -0.343
 6     0.614     0.389    -0.687
 6     0.763    -0.074     0.641
 7   114.426   -15.504   -13.613
 7     0.315     0.764     0.562
 7    -0.727     0.575    -0.375
 7    -0.610    -0.291     0.737
 8   120.285   -40.457   -10.157
 8     0.068    -0.970     0.235
 8    -0.896     0.044     0.441
 8    -0.438    -0.241    -0.866
 9   116.235   -64.202   -26.726
 9     0.088    -0.295     0.951
 9    -0.864     0.452     0.220
 9    -0.495    -0.842    -0.216
 2    97.003   -18.710    59.793
 2     0.505    -0.863     0.025
 2     0.859     0.505     0.078
 2    -0.080    -0.018     0.996
 3   137.976    -3.611    -1.847
 3     0.485     0.120    -0.866
 3     0.046     0.985     0.163
 3     0.873    -0.119     0.473
 4   115.945    10.450   -13.604
 4     0.324    -0.731     0.601
 4     0.873     0.476     0.108
 4    -0.365     0.490     0.792
 5   116.254    25.971     5.709
 5     0.054     0.290     0.955
 5     0.685    -0.707     0.175
 5     0.726     0.645    -0.237
 6   124.605    50.699    23.797
 6     0.215    -0.922    -0.323
 6     0.628     0.383    -0.677
 6     0.748    -0.057     0.661
 7   113.966   -15.179   -13.639
 7     0.306     0.753     0.582
 7    -0.708     0.589    -0.390
 7    -0.636    -0.292     0.714
 8   119.941   -39.967   -11.708
 8     0.075    -0.970     0.230
 8    -0.868     0.049     0.494
 8    -0.491    -0.237    -0.838
 9   115.932   -62.783   -29.849
 9     0.086    -0.301     0.950
 9    -0.832     0.503     0.234
 9    -0.548    -0.810    -0.207
 2    97.003   -18.710    59.741
 2     0.505    -0.863     0.026
 2     0.859     0.505     0.078
 2    -0.080    -0.017     0.996
 3   137.875    -3.551    -2.174
 3     0.495     0.126    -0.860
 3     0.032     0.986     0.164
 3     0.868    -0.109     0.483
 4   115.753    10.548   -13.677
 4     0.322    -0.721     0.614
 4     0.872     0.478     0.104
 4    -0.369     0.502     0.782
 5   116.269    26.143     5.663
 5     0.065     0.293     0.954
 5     0.687    -0.706     0.170
 5     0.723     0.644    -0.247
 6   124.745    50.925    23.678
 6     0.217    -0.923    -0.319
 6     0.629     0.382    -0.677
 6     0.746    -0.054     0.663
 7   113.697   -14.798   -13.734
 7     0.296     0.745     0.598
 7    -0.694     0.598    -0.401
 7    -0.656    -0.297     0.694
 8   119.733   -39.515   -13.085
 8     0.074    -0.975     0.208
 8    -0.843     0.050     0.535
 8    -0.533    -0.215    -0.818
 9   115.476   -61.536   -32.282
 9     0.076    -0.325     0.943
 9    -0.799     0.546     0.252
 9    -0.597    -0.772    -0.218
 2    97.003   -18.710    59.741
 2     0.504    -0.863     0.026
 2     0.859     0.505     0.078
 2    -0.080    -0.017     0.996
 3   137.855    -3.639    -2.405
 3     0.502     0.133    -0.854
 3     0.022     0.986     0.166
 3     0.864    -0.102     0.492
 4   115.594    10.545   -13.728
 4     0.322    -0.713     0.623
 4     0.871     0.481     0.100
 4    -0.371     0.511     0.775
 5   116.421    26.142     5.582
 5     0.072     0.293     0.953
 5     0.687    -0.708     0.165
 5     0.723     0.643    -0.253
 6   124.995    50.745    23.555
 6     0.221    -0.920    -0.323
 6     0.629     0.387    -0.674
 6     0.745    -0.054     0.664
 7   113.292   -14.589   -13.799
 7     0.286     0.739     0.609
 7    -0.685     0.603    -0.410
 7    -0.670    -0.300     0.679
 8   119.379   -39.189   -14.325
 8     0.074    -0.978     0.194
