% Calibrated with leiden_pols
% Positions are in centimeters
Data =[
 2    97.052   -18.710    59.792
 2     0.504    -0.863     0.026
 2     0.859     0.505     0.078
 2    -0.080    -0.017     0.996
 3   139.839    -3.558     0.768
 3     0.428     0.015    -0.903
 3     0.166     0.981     0.095
 3     0.888    -0.191     0.418
 4   119.936    13.056   -11.581
 4     0.291    -0.885     0.364
 4     0.956     0.282    -0.078
 4    -0.034     0.370     0.928
 5   117.544    17.953    13.512
 5     0.092     0.370     0.924
 5     0.272    -0.903     0.334
 5     0.958     0.220    -0.184
 6   118.590    34.266    41.483
 6     0.195    -0.287     0.938
 6     0.530    -0.774    -0.347
 6     0.825     0.565     0.001
 7   120.766   -21.269   -12.752
 7     0.291     0.932     0.213
 7    -0.952     0.262     0.156
 7     0.089    -0.249     0.964
 8   117.769   -24.079    14.175
 8     0.183    -0.148     0.972
 8    -0.327    -0.942    -0.082
 8     0.927    -0.302    -0.221
 9   123.257   -36.684    39.959
 9     0.301     0.736     0.606
 9    -0.253    -0.551     0.795
 9     0.919    -0.393     0.020
 2    97.053   -18.710    59.793
 2     0.505    -0.863     0.025
 2     0.859     0.505     0.078
 2    -0.080    -0.018     0.996
 3   139.894    -3.607     0.812
 3     0.427     0.013    -0.904
 3     0.166     0.981     0.093
 3     0.889    -0.190     0.416
 4   119.930    12.952   -11.572
 4     0.290    -0.886     0.362
 4     0.956     0.283    -0.075
 4    -0.037     0.368     0.929
 5   117.511    17.950    13.473
 5     0.092     0.371     0.924
 5     0.273    -0.902     0.335
 5     0.957     0.222    -0.184
 6   118.636    34.316    41.438
 6     0.195    -0.287     0.938
 6     0.532    -0.773    -0.347
 6     0.824     0.566     0.002
 7   120.916   -21.317   -12.757
 7     0.294     0.932     0.209
 7    -0.951     0.265     0.157
 7     0.090    -0.246     0.965
 8   117.818   -24.080    14.176
 8     0.182    -0.146     0.972
 8    -0.326    -0.942    -0.080
 8     0.927    -0.302    -0.220
 9   123.207   -36.709    39.959
 9     0.301     0.735     0.607
 9    -0.253    -0.552     0.794
 9     0.919    -0.393     0.020
 2    97.003   -18.710    59.793
 2     0.505    -0.863     0.025
 2     0.859     0.505     0.078
 2    -0.080    -0.018     0.996
 3   139.944    -3.605     0.838
 3     0.425     0.012    -0.905
 3     0.168     0.981     0.091
 3     0.889    -0.191     0.415
 4   119.927    12.824   -11.617
 4     0.290    -0.886     0.361
 4     0.956     0.284    -0.073
 4    -0.039     0.366     0.929
 5   117.584    17.850    13.473
 5     0.091     0.373     0.923
 5     0.275    -0.901     0.336
 5     0.957     0.223    -0.185
 6   118.581    34.315    41.393
 6     0.193    -0.286     0.938
 6     0.533    -0.772    -0.346
 6     0.823     0.567     0.003
 7   120.943   -21.367   -12.760
 7     0.294     0.932     0.210
 7    -0.951     0.265     0.157
 7     0.091    -0.246     0.965
 8   117.874   -24.080    14.219
 8     0.180    -0.148     0.972
 8    -0.325    -0.942    -0.083
 8     0.928    -0.301    -0.218
 9   123.208   -36.762    39.935
 9     0.300     0.734     0.609
 9    -0.255    -0.554     0.793
 9     0.919    -0.393     0.020
 2    97.003   -18.710    59.792
 2     0.504    -0.863     0.025
 2     0.859     0.505     0.078
 2    -0.080    -0.018     0.996
 3   139.894    -3.605     0.888
 3     0.425     0.012    -0.905
 3     0.168     0.981     0.092
 3     0.889    -0.191     0.415
 4   119.977    12.824   -11.566
 4     0.289    -0.886     0.361
 4     0.956     0.283    -0.072
 4    -0.039     0.366     0.929
 5   117.685    17.849    13.448
 5     0.092     0.371     0.924
 5     0.275    -0.901     0.335
 5     0.957     0.223    -0.185
 6   118.678    34.263    41.321
 6     0.195    -0.286     0.938
 6     0.534    -0.771    -0.347
 6     0.822     0.568     0.002
 7   120.950   -21.416   -12.769
 7     0.293     0.932     0.209
 7    -0.951     0.263     0.160
 7     0.094    -0.246     0.964
 8   117.830   -24.029    14.261
 8     0.178    -0.150     0.972
 8    -0.323    -0.942    -0.086
 8     0.929    -0.299    -0.216
 9   123.165   -36.709    40.003
 9     0.298     0.733     0.612
 9    -0.253    -0.557     0.791
 9     0.920    -0.391     0.019
 2    97.053   -18.710    59.793
 2     0.505    -0.863     0.025
 2     0.859     0.505     0.078
 2    -0.080    -0.018     0.996
 3   139.995    -3.707     0.838
 3     0.426     0.014    -0.905
 3     0.167     0.981     0.094
 3     0.889    -0.192     0.416
 4   119.977    12.773   -11.617
 4     0.290    -0.886     0.361
 4     0.956     0.283    -0.072
 4    -0.039     0.366     0.929
 5   117.712    17.822    13.477
 5     0.092     0.363     0.927
 5     0.273    -0.905     0.327
 5     0.957     0.223    -0.183
 6   118.859    34.162    41.393
 6     0.197    -0.289     0.936
 6     0.533    -0.770    -0.350
 6     0.823     0.568     0.002
 7   120.955   -21.414   -12.724
 7     0.292     0.933     0.208
 7    -0.951     0.262     0.161
 7     0.096    -0.246     0.964
 8   117.787   -24.028    14.253
 8     0.176    -0.151     0.972
 8    -0.321    -0.943    -0.088
 8     0.930    -0.297    -0.215
 9   123.046   -36.683    40.097
 9     0.295     0.732     0.614
 9    -0.252    -0.560     0.789
 9     0.921    -0.388     0.019
 2    97.003   -18.684    59.793
 2     0.504    -0.863     0.025
 2     0.859     0.505     0.078
 2    -0.080    -0.018     0.996
 3   139.945    -3.733     0.889
 3     0.427     0.015    -0.904
 3     0.167     0.981     0.095
 3     0.889    -0.192     0.416
 4   120.028    12.748   -11.617
 4     0.291    -0.886     0.361
 4     0.956     0.284    -0.072
 4    -0.039     0.366     0.929
 5   117.713    17.821    13.477
 5     0.093     0.362     0.927
 5     0.273    -0.905     0.326
 5     0.957     0.223    -0.183
 6   118.859    34.162    41.393
 6     0.197    -0.290     0.936
 6     0.533    -0.770    -0.351
 6     0.823     0.568     0.002
 7   121.007   -21.440   -12.701
 7     0.290     0.934     0.208
 7    -0.952     0.260     0.162
 7     0.097    -0.245     0.964
 8   117.743   -24.002    14.295
 8     0.175    -0.151     0.973
 8    -0.321    -0.943    -0.088
 8     0.931    -0.297    -0.214
 9   123.002   -36.631    40.165
 9     0.295     0.732     0.614
 9    -0.252    -0.561     0.789
 9     0.922    -0.387     0.019
 2    97.003   -18.710    59.793
 2     0.505    -0.863     0.025
 2     0.859     0.505     0.078
 2    -0.080    -0.018     0.996
 3   139.991    -3.734     0.896
 3     0.427     0.016    -0.904
 3     0.167     0.981     0.096
 3     0.888    -0.193     0.416
 4   120.055    12.749   -11.568
 4     0.290    -0.886     0.360
 4     0.956     0.283    -0.072
 4    -0.038     0.365     0.930
 5   117.722    17.824    13.467
 5     0.092     0.363     0.927
 5     0.272    -0.905     0.328
 5     0.958     0.222    -0.182
 6   118.813    34.138    41.439
 6     0.196    -0.290     0.937
 6     0.532    -0.771    -0.350
 6     0.824     0.567     0.003
 7   121.009   -21.439   -12.704
 7     0.290     0.934     0.208
 7    -0.952     0.259     0.163
 7     0.098    -0.245     0.964
 8   117.792   -24.002    14.295
 8     0.175    -0.150     0.973
 8    -0.320    -0.943    -0.088
 8     0.931    -0.296    -0.213
 9   123.003   -36.581    40.216
 9     0.294     0.731     0.615
 9    -0.252    -0.562     0.788
 9     0.922    -0.387     0.018
 2    97.003   -18.710    59.792
 2     0.504    -0.863     0.025
 2     0.859     0.505     0.078
 2    -0.080    -0.018     0.996
 3   139.996    -3.733     0.890
 3     0.427     0.016    -0.904
 3     0.167     0.981     0.096
 3     0.889    -0.193     0.416
 4   120.057    12.750   -11.571
 4     0.289    -0.887     0.360
 4     0.956     0.282    -0.073
 4    -0.037     0.366     0.930
 5   117.721    17.774    13.517
 5     0.091     0.365     0.926
 5     0.270    -0.905     0.330
 5     0.958     0.220    -0.181
 6   118.717    34.089    41.484
 6     0.195    -0.289     0.937
 6     0.530    -0.773    -0.349
 6     0.825     0.565     0.002
 7   121.011   -21.413   -12.656
 7     0.290     0.934     0.208
 7    -0.952     0.259     0.164
 7     0.099    -0.245     0.964
 8   117.750   -24.000    14.311
 8     0.174    -0.151     0.973
 8    -0.318    -0.944    -0.089
 8     0.932    -0.294    -0.213
 9   122.929   -36.529    40.216
 9     0.294     0.730     0.617
 9    -0.251    -0.564     0.787
 9     0.922    -0.387     0.017
 2    97.003   -18.710    59.793
 2     0.505    -0.863     0.025
 2     0.859     0.505     0.078
 2    -0.080    -0.018     0.996
 3   139.991    -3.709     0.896
 3     0.427     0.016    -0.904
 3     0.167     0.981     0.097
 3     0.888    -0.193     0.416
 4   120.033    12.827   -11.549
 4     0.288    -0.887     0.360
 4     0.957     0.281    -0.074
 4    -0.036     0.366     0.930
 5   117.655    17.778    13.555
 5     0.090     0.366     0.926
 5     0.267    -0.905     0.332
 5     0.959     0.217    -0.180
 6   118.722    33.989    41.555
 6     0.195    -0.290     0.937
 6     0.529    -0.774    -0.349
 6     0.826     0.563     0.002
 7   120.939   -21.412   -12.658
 7     0.289     0.934     0.208
 7    -0.952     0.258     0.165
 7     0.100    -0.245     0.964
 8   117.674   -23.947    14.309
 8     0.177    -0.143     0.974
 8    -0.317    -0.945    -0.081
 8     0.932    -0.294    -0.213
 9   123.332   -36.284    40.138
 9     0.301     0.758     0.578
 9    -0.234    -0.530     0.815
 9     0.924    -0.381     0.017
 2    97.053   -18.710    59.792
 2     0.504    -0.863     0.025
 2     0.860     0.505     0.078
 2    -0.080    -0.018     0.996
 3   139.991    -3.709     0.896
 3     0.427     0.017    -0.904
 3     0.167     0.981     0.098
 3     0.888    -0.193     0.416
 4   120.038    12.828   -11.554
 4     0.290    -0.887     0.360
 4     0.956     0.282    -0.077
 4    -0.034     0.366     0.929
 5   117.676    17.782    13.633
 5     0.091     0.364     0.927
 5     0.261    -0.907     0.330
 5     0.961     0.212    -0.178
 6   118.849    33.865    41.808
 6     0.201    -0.302     0.932
 6     0.518    -0.775    -0.363
 6     0.831     0.555     0.000
 7   120.839   -21.312   -12.658
 7     0.288     0.935     0.207
 7    -0.952     0.258     0.164
 7     0.100    -0.245     0.964
 8   117.555   -23.934    14.205
 8     0.184    -0.111     0.976
 8    -0.306    -0.951    -0.051
 8     0.934    -0.289    -0.209
 9   124.037   -35.704    40.181
 9     0.320     0.811     0.490
 9    -0.190    -0.451     0.872
 9     0.928    -0.372     0.010
 2    97.003   -18.710    59.793
 2     0.505    -0.863     0.025
 2     0.859     0.505     0.078
 2    -0.080    -0.018     0.996
 3   139.946    -3.707     0.890
 3     0.427     0.018    -0.904
 3     0.167     0.981     0.099
 3     0.889    -0.193     0.415
 4   120.045    12.957   -11.461
 4     0.291    -0.887     0.359
 4     0.956     0.281    -0.080
 4    -0.031     0.367     0.930
 5   117.637    17.734    13.646
 5     0.091     0.359     0.928
 5     0.258    -0.909     0.326
 5     0.962     0.209    -0.176
 6   119.176    33.898    41.700
 6     0.220    -0.370     0.903
 6     0.509    -0.746    -0.429
 6     0.832     0.554     0.024
 7   120.889   -21.311   -12.658
 7     0.289     0.934     0.207
 7    -0.952     0.258     0.165
 7     0.100    -0.245     0.964
 8   117.584   -23.981    14.193
 8     0.186    -0.102     0.977
 8    -0.303    -0.952    -0.042
 8     0.935    -0.288    -0.208
 9   124.892   -35.289    40.399
 9     0.310     0.904     0.293
 9    -0.126    -0.267     0.955
 9     0.942    -0.333     0.031
 2    97.003   -18.710    59.742
 2     0.505    -0.863     0.025
 2     0.859     0.505     0.078
 2    -0.080    -0.018     0.996
 3   139.947    -3.733     0.890
 3     0.426     0.019    -0.904
 3     0.166     0.981     0.099
 3     0.889    -0.193     0.415
 4   119.998    12.958   -11.412
 4     0.291    -0.887     0.359
 4     0.956     0.281    -0.081
 4    -0.030     0.366     0.930
 5   117.587    17.733    13.648
 5     0.091     0.357     0.929
 5     0.257    -0.910     0.325
 5     0.962     0.209    -0.175
 6   119.214    33.971    41.857
 6     0.229    -0.408     0.884
 6     0.495    -0.733    -0.467
 6     0.838     0.544     0.034
 7   120.942   -21.308   -12.666
 7     0.292     0.934     0.205
 7    -0.951     0.261     0.167
 7     0.102    -0.244     0.964
 8   117.637   -23.978    14.233
 8     0.185    -0.091     0.978
 8    -0.298    -0.954    -0.033
 8     0.936    -0.286    -0.204
 9   124.426   -35.004    40.654
 9     0.317     0.847     0.426
 9    -0.152    -0.398     0.904
 9     0.936    -0.352     0.002
 2    97.003   -18.710    59.793
 2     0.505    -0.863     0.025
 2     0.859     0.505     0.078
 2    -0.080    -0.018     0.996
 3   139.996    -3.656     0.890
 3     0.426     0.018    -0.905
 3     0.167     0.981     0.098
 3     0.889    -0.193     0.415
 4   120.000    12.959   -11.389
 4     0.291    -0.887     0.359
 4     0.956     0.281    -0.081
 4    -0.029     0.366     0.930
 5   117.639    17.731    13.625
 5     0.091     0.354     0.930
 5     0.255    -0.911     0.322
 5     0.962     0.208    -0.173
 6   119.122    33.854    41.841
 6     0.223    -0.361     0.905
 6     0.500    -0.755    -0.424
 6     0.837     0.547     0.012
 7   120.893   -21.309   -12.614
 7     0.290     0.934     0.205
 7    -0.951     0.259     0.166
 7     0.102    -0.244     0.964
 8   117.704   -23.747    14.164
 8     0.181    -0.097     0.978
 8    -0.293    -0.955    -0.040
 8     0.938    -0.280    -0.202
 9   123.462   -35.564    40.551
 9     0.317     0.698     0.642
 9    -0.237    -0.598     0.766
 9     0.918    -0.395    -0.024
 2    97.003   -18.710    59.793
 2     0.505    -0.863     0.025
 2     0.859     0.505     0.078
 2    -0.080    -0.018     0.996
 3   139.947    -3.656     0.941
 3     0.426     0.018    -0.904
 3     0.167     0.981     0.099
 3     0.889    -0.194     0.415
 4   119.999    13.010   -11.415
 4     0.291    -0.887     0.359
 4     0.956     0.281    -0.082
 4    -0.029     0.367     0.930
 5   117.736    17.783    13.635
 5     0.087     0.352     0.932
 5     0.258    -0.911     0.320
 5     0.962     0.212    -0.170
 6   119.085    33.986    41.759
 6     0.215    -0.291     0.932
 6     0.518    -0.776    -0.361
 6     0.828     0.560    -0.017
 7   120.737   -21.151   -12.693
 7     0.275     0.938     0.207
 7    -0.957     0.248     0.149
 7     0.088    -0.239     0.967
 8   118.235   -23.258    14.382
 8     0.163    -0.149     0.975
 8    -0.325    -0.941    -0.090
 8     0.931    -0.302    -0.203
 9   122.553   -36.740    39.957
 9     0.283     0.538     0.793
 9    -0.324    -0.725     0.608
 9     0.903    -0.429    -0.031
 2    97.053   -18.710    59.793
 2     0.505    -0.863     0.025
 2     0.859     0.505     0.078
 2    -0.080    -0.018     0.996
 3   139.991    -3.607     0.846
 3     0.428     0.019    -0.903
 3     0.168     0.980     0.100
 3     0.888    -0.195     0.417
 4   120.046    13.060   -11.413
 4     0.291    -0.886     0.361
 4     0.956     0.281    -0.081
 4    -0.030     0.369     0.929
 5   117.849    17.833    13.718
 5     0.088     0.359     0.929
 5     0.263    -0.908     0.326
 5     0.961     0.215    -0.175
 6   118.869    34.168    41.744
 6     0.200    -0.190     0.961
 6     0.545    -0.793    -0.271
 6     0.814     0.578    -0.055
 7   120.500   -21.097   -12.784
 7     0.260     0.941     0.214
 7    -0.963     0.236     0.129
 7     0.070    -0.240     0.968
 8   118.416   -23.234    14.495
 8     0.157    -0.232     0.960
 8    -0.358    -0.919    -0.164
 8     0.920    -0.318    -0.228
 9   121.585   -37.513    39.682
 9     0.249     0.428     0.868
 9    -0.381    -0.781     0.495
 9     0.890    -0.454    -0.031
 2    97.003   -18.710    59.793
 2     0.505    -0.863     0.025
 2     0.859     0.505     0.078
 2    -0.080    -0.018     0.996
 3   139.931    -3.559     0.834
 3     0.431     0.019    -0.902
 3     0.169     0.980     0.102
 3     0.886    -0.196     0.419
 4   119.941    13.186   -11.414
 4     0.290    -0.884     0.367
 4     0.956     0.280    -0.082
 4    -0.031     0.375     0.926
 5   117.820    17.827    13.832
 5     0.095     0.375     0.922
 5     0.268    -0.902     0.339
 5     0.958     0.215    -0.187
 6   118.665    34.047    41.676
 6     0.189    -0.152     0.970
 6     0.556    -0.798    -0.233
 6     0.810     0.583    -0.067
 7   120.421   -21.051   -12.822
 7     0.255     0.941     0.220
 7    -0.965     0.232     0.125
 7     0.067    -0.244     0.967
 8   118.434   -23.249    14.414
 8     0.146    -0.289     0.946
 8    -0.373    -0.901    -0.218
 8     0.916    -0.322    -0.240
 9   120.714   -37.673    39.584
 9     0.217     0.378     0.900
 9    -0.403    -0.805     0.435
 9     0.889    -0.457    -0.023
 2    97.053   -18.710    59.793
 2     0.505    -0.863     0.025
 2     0.859     0.505     0.078
 2    -0.080    -0.018     0.996
 3   139.926    -3.512     0.840
 3     0.433     0.020    -0.901
 3     0.167     0.980     0.102
 3     0.885    -0.195     0.421
 4   119.898    13.291   -11.426
 4     0.288    -0.883     0.370
 4     0.957     0.277    -0.085
 4    -0.027     0.378     0.925
 5   117.910    17.851    13.842
 5     0.096     0.379     0.920
 5     0.273    -0.899     0.342
 5     0.957     0.218    -0.190
 6   118.261    34.283    41.575
 6     0.169    -0.141     0.975
 6     0.560    -0.800    -0.213
 6     0.811     0.582    -0.057
 7   120.447   -20.913   -12.644
 7     0.260     0.937     0.230
 7    -0.962     0.233     0.138
 7     0.076    -0.258     0.963
 8   118.670   -22.985    14.964
 8     0.119    -0.381     0.917
 8    -0.409    -0.860    -0.305
 8     0.905    -0.339    -0.259
 9   119.279   -38.555    39.282
 9     0.160     0.282     0.946
 9    -0.447    -0.833     0.325
 9     0.880    -0.475    -0.007
 2    97.003   -18.710    59.793
 2     0.505    -0.863     0.025
 2     0.859     0.505     0.078
 2    -0.080    -0.018     0.996
 3   139.930    -3.435     0.731
 3     0.433     0.020    -0.901
 3     0.166     0.981     0.101
 3     0.886    -0.193     0.422
 4   119.823    13.344   -11.430
 4     0.285    -0.884     0.371
 4     0.958     0.273    -0.086
 4    -0.026     0.380     0.924
 5   118.050    18.177    13.553
 5     0.092     0.420     0.902
 5     0.328    -0.869     0.371
 5     0.940     0.262    -0.218
 6   117.881    35.462    40.643
 6     0.150    -0.120     0.981
 6     0.587    -0.788    -0.187
 6     0.795     0.604    -0.048
 7   120.384   -20.584   -12.544
 7     0.270     0.932     0.243
 7    -0.960     0.243     0.137
 7     0.068    -0.270     0.960
 8   119.257   -23.499    15.354
 8     0.076    -0.525     0.847
 8    -0.498    -0.756    -0.424
 8     0.864    -0.389    -0.319
 9   118.543   -41.613    38.111
 9     0.126     0.167     0.978
 9    -0.537    -0.817     0.209
 9     0.834    -0.551    -0.013
 2    97.003   -18.710    59.793
 2     0.505    -0.863     0.025
 2     0.859     0.505     0.078
 2    -0.080    -0.018     0.996
 3   139.935    -3.155     0.546
 3     0.431     0.019    -0.902
 3     0.164     0.981     0.099
 3     0.887    -0.191     0.420
 4   119.525    13.220   -11.710
 4     0.273    -0.882     0.385
 4     0.960     0.272    -0.057
 4    -0.055     0.385     0.921
 5   118.134    18.900    13.276
 5     0.083     0.485     0.870
 5     0.400    -0.816     0.417
 5     0.913     0.313    -0.262
 6   117.378    37.786    39.271
 6     0.135    -0.092     0.986
 6     0.633    -0.758    -0.157
 6     0.762     0.646    -0.045
 7   120.077   -20.033   -12.463
 7     0.273     0.922     0.272
 7    -0.961     0.255     0.103
 7     0.026    -0.289     0.957
 8   120.056   -25.284    15.323
 8     0.031    -0.680     0.732
 8    -0.619    -0.588    -0.520
 8     0.785    -0.437    -0.440
 9   118.067   -46.094    35.223
 9     0.111     0.046     0.992
 9    -0.650    -0.752     0.108
 9     0.751    -0.658    -0.054
 2    97.003   -18.710    59.793
 2     0.505    -0.863     0.025
 2     0.859     0.505     0.078
 2    -0.080    -0.018     0.996
 3   139.989    -3.026     0.361
 3     0.429     0.017    -0.903
 3     0.164     0.981     0.097
 3     0.888    -0.190     0.419
 4   119.095    12.891   -12.188
 4     0.259    -0.879     0.401
 4     0.962     0.272    -0.026
 4    -0.087     0.393     0.915
 5   118.305    19.573    12.906
 5     0.082     0.531     0.843
 5     0.455    -0.773     0.442
 5     0.886     0.348    -0.306
 6   117.495    39.603    37.620
 6     0.136    -0.062     0.988
 6     0.670    -0.730    -0.139
 6     0.730     0.681    -0.058
 7   119.768   -19.696   -12.704
 7     0.275     0.913     0.300
 7    -0.961     0.270     0.058
 7    -0.028    -0.304     0.952
 8   120.619   -27.406    14.892
 8     0.003    -0.785     0.619
 8    -0.729    -0.425    -0.536
 8     0.684    -0.449    -0.574
 9   117.710   -50.260    31.935
 9     0.096    -0.044     0.994
 9    -0.744    -0.667     0.043
 9     0.662    -0.743    -0.097
 2    97.053   -18.710    59.793
 2     0.505    -0.863     0.025
 2     0.859     0.505     0.078
 2    -0.080    -0.018     0.996
 3   139.942    -2.798     0.047
 3     0.428     0.014    -0.904
 3     0.162     0.982     0.092
 3     0.889    -0.186     0.418
 4   118.715    12.500   -12.458
 4     0.249    -0.871     0.424
 4     0.959     0.280     0.012
 4    -0.130     0.404     0.905
 5   118.665    20.217    12.314
 5     0.093     0.567     0.818
 5     0.506    -0.734     0.452
 5     0.857     0.372    -0.356
 6   117.882    41.644    35.890
 6     0.134    -0.017     0.991
 6     0.712    -0.694    -0.109
 6     0.689     0.720    -0.081
 7   119.375   -19.286   -13.090
 7     0.276     0.904     0.326
 7    -0.957     0.288     0.010
 7    -0.085    -0.315     0.945
 8   120.785   -29.470    13.613
 8    -0.017    -0.837     0.547
 8    -0.810    -0.309    -0.498
 8     0.586    -0.451    -0.673
 9   117.177   -53.861    27.948
 9     0.082    -0.091     0.992
 9    -0.813    -0.582     0.014
 9     0.576    -0.808    -0.121
 2    97.003   -18.710    59.793
 2     0.505    -0.863     0.025
 2     0.859     0.505     0.078
 2    -0.080    -0.018     0.996
 3   139.898    -2.773    -0.189
 3     0.427     0.016    -0.904
 3     0.159     0.983     0.093
 3     0.890    -0.184     0.417
 4   118.346    12.102   -12.866
 4     0.243    -0.858     0.453
 4     0.953     0.297     0.051
 4    -0.179     0.419     0.890
 5   118.890    20.727    11.736
 5     0.100     0.593     0.798
 5     0.536    -0.709     0.459
 5     0.838     0.382    -0.389
 6   118.005    42.565    34.788
 6     0.131     0.009     0.991
 6     0.731    -0.676    -0.091
 6     0.669     0.736    -0.095
 7   119.140   -19.031   -13.357
 7     0.276     0.899     0.339
 7    -0.954     0.299    -0.014
 7    -0.114    -0.320     0.940
 8   120.740   -30.749    12.717
 8    -0.022    -0.854     0.519
 8    -0.852    -0.255    -0.457
 8     0.523    -0.452    -0.723
 9   116.953   -55.880    25.452
 9     0.077    -0.092     0.993
 9    -0.844    -0.537     0.016
 9     0.531    -0.839    -0.119
 2    97.003   -18.710    59.793
 2     0.505    -0.863     0.025
 2     0.859     0.505     0.078
 2    -0.080    -0.018     0.996
 3   139.844    -2.724    -0.486
 3     0.429     0.021    -0.903
 3     0.159     0.982     0.098
 3     0.889    -0.186     0.418
 4   117.962    11.920   -13.059
 4     0.237    -0.849     0.472
 4     0.948     0.308     0.079
 4    -0.213     0.429     0.878
 5   118.975    21.111    11.285
 5     0.101     0.611     0.785
 5     0.563    -0.686     0.461
 5     0.820     0.395    -0.414
 6   118.081    43.561    33.716
 6     0.127     0.023     0.991
 6     0.750    -0.657    -0.082
 6     0.649     0.754    -0.101
 7   118.844   -18.744   -13.440
 7     0.279     0.893     0.352
 7    -0.950     0.309    -0.031
 7    -0.137    -0.326     0.935
 8   120.649   -31.828    12.119
 8    -0.014    -0.864     0.503
 8    -0.893    -0.216    -0.396
 8     0.450    -0.455    -0.768
 9   116.889   -57.459    23.277
 9     0.080    -0.101     0.992
 9    -0.870    -0.492     0.020
 9     0.486    -0.865    -0.127
 2    97.003   -18.710    59.793
 2     0.505    -0.863     0.025
 2     0.859     0.505     0.078
 2    -0.080    -0.018     0.996
 3   139.809    -2.676    -0.701
 3     0.433     0.024    -0.901
 3     0.160     0.981     0.103
 3     0.887    -0.189     0.421
 4   117.550    11.696   -13.177
 4     0.231    -0.841     0.489
 4     0.943     0.316     0.098
 4    -0.237     0.439     0.866
 5   118.931    21.502    10.886
 5     0.100     0.630     0.770
 5     0.583    -0.665     0.467
 5     0.806     0.402    -0.434
 6   118.038    44.184    32.868
 6     0.125     0.032     0.991
 6     0.760    -0.645    -0.075
 6     0.637     0.763    -0.105
 7   118.367   -18.344   -13.578
 7     0.281     0.884     0.373
 7    -0.943     0.325    -0.060
 7    -0.175    -0.335     0.926
 8   120.806   -33.000    10.941
 8    -0.004    -0.882     0.471
 8    -0.925    -0.176    -0.336
 8     0.379    -0.437    -0.815
 9   117.118   -59.612    19.878
 9     0.086    -0.132     0.987
 9    -0.907    -0.420     0.023
 9     0.412    -0.898    -0.156
 2    97.053   -18.710    59.793
 2     0.505    -0.863     0.025
 2     0.859     0.505     0.078
 2    -0.080    -0.018     0.996
 3   139.625    -2.563    -1.063
 3     0.447     0.029    -0.894
 3     0.160     0.981     0.112
 3     0.880    -0.193     0.434
 4   116.986    11.500   -13.251
 4     0.217    -0.832     0.510
 4     0.941     0.317     0.118
 4    -0.260     0.454     0.852
 5   118.985    22.142    10.399
 5     0.103     0.660     0.744
 5     0.609    -0.633     0.477
 5     0.786     0.404    -0.467
 6   117.847    45.065    31.985
 6     0.116     0.046     0.992
 6     0.770    -0.635    -0.060
 6     0.627     0.771    -0.109
 7   117.828   -17.820   -13.622
 7     0.286     0.872     0.398
 7    -0.933     0.348    -0.092
 7    -0.219    -0.345     0.913
 8   121.030   -34.305     9.452
 8     0.015    -0.898     0.439
 8    -0.957    -0.141    -0.255
 8     0.291    -0.416    -0.861
 9   117.893   -61.617    15.856
 9     0.104    -0.162     0.981
 9    -0.941    -0.336     0.044
 9     0.322    -0.928    -0.188
 2    97.003   -18.710    59.741
 2     0.505    -0.863     0.025
 2     0.859     0.505     0.078
 2    -0.080    -0.017     0.996
 3   139.520    -2.448    -1.509
 3     0.460     0.031    -0.887
 3     0.157     0.980     0.116
 3     0.874    -0.193     0.446
 4   116.515    11.284   -13.317
 4     0.208    -0.824     0.526
 4     0.938     0.320     0.130
 4    -0.276     0.467     0.840
 5   119.023    22.650    10.013
 5     0.113     0.676     0.728
 5     0.633    -0.614     0.471
 5     0.766     0.407    -0.498
 6   118.209    46.510    30.571
 6     0.123     0.059     0.990
 6     0.789    -0.611    -0.062
 6     0.601     0.789    -0.122
 7   117.522   -17.545   -13.733
 7     0.293     0.859     0.418
 7    -0.920     0.372    -0.120
 7    -0.258    -0.350     0.900
 8   121.333   -35.903     7.688
 8     0.042    -0.909     0.415
 8    -0.982    -0.114    -0.149
 8     0.182    -0.402    -0.897
 9   118.564   -63.626    11.136
 9     0.121    -0.182     0.976
 9    -0.965    -0.250     0.073
 9     0.231    -0.951    -0.206
 2    97.003   -18.710    59.793
 2     0.505    -0.863     0.025
 2     0.859     0.505     0.078
 2    -0.080    -0.018     0.996
 3   139.440    -2.359    -1.702
 3     0.472     0.033    -0.881
 3     0.155     0.980     0.120
 3     0.868    -0.193     0.458
 4   116.113    11.241   -13.449
 4     0.202    -0.815     0.542
 4     0.934     0.327     0.144
 4    -0.295     0.477     0.827
 5   119.127    23.031     9.597
 5     0.127     0.682     0.720
 5     0.651    -0.605     0.458
 5     0.748     0.410    -0.521
 6   118.543    47.424    29.471
 6     0.135     0.062     0.989
 6     0.803    -0.592    -0.073
 6     0.580     0.804    -0.130
 7   117.121   -17.276   -13.640
 7     0.305     0.842     0.445
 7    -0.902     0.405    -0.149
 7    -0.306    -0.356     0.883
 8   121.590   -37.567     5.504
 8     0.075    -0.917     0.391
 8    -0.996    -0.088    -0.016
 8     0.049    -0.388    -0.920
 9   119.548   -65.510     5.517
 9     0.148    -0.203     0.968
 9    -0.984    -0.127     0.124
 9     0.098    -0.971    -0.218
 2    97.003   -18.710    59.741
 2     0.505    -0.863     0.026
 2     0.859     0.505     0.078
 2    -0.080    -0.017     0.996
 3   139.273    -2.195    -2.004
 3     0.487     0.033    -0.873
 3     0.156     0.979     0.124
 3     0.859    -0.198     0.472
 4   115.483    10.808   -13.731
 4     0.192    -0.804     0.563
 4     0.926     0.338     0.167
 4    -0.325     0.489     0.809
 5   119.058    23.312     8.921
 5     0.142     0.690     0.709
 5     0.668    -0.596     0.446
 5     0.730     0.410    -0.546
 6   118.743    47.940    28.578
 6     0.143     0.074     0.987
 6     0.813    -0.578    -0.074
 6     0.564     0.813    -0.143
 7   116.501   -16.874   -13.681
 7     0.314     0.815     0.487
 7    -0.872     0.450    -0.191
 7    -0.375    -0.365     0.852
 8   122.292   -38.726     2.617
 8     0.109    -0.933     0.341
 8    -0.992    -0.083     0.091
 8    -0.057    -0.349    -0.936
 9   120.907   -66.727    -1.085
 9     0.171    -0.251     0.953
 9    -0.985    -0.013     0.174
 9    -0.032    -0.968    -0.249
 2    97.001   -18.711    59.744
 2     0.505    -0.863     0.026
 2     0.859     0.505     0.078
 2    -0.081    -0.017     0.996
 3   139.091    -2.157    -2.371
 3     0.500     0.035    -0.865
 3     0.154     0.979     0.129
 3     0.852    -0.198     0.484
 4   114.962    10.319   -13.946
 4     0.179    -0.789     0.587
 4     0.915     0.353     0.194
 4    -0.361     0.502     0.786
 5   119.050    23.690     8.208
 5     0.156     0.700     0.696
 5     0.688    -0.583     0.431
 5     0.708     0.412    -0.574
 6   118.982    48.852    27.009
 6     0.152     0.092     0.984
 6     0.830    -0.552    -0.077
 6     0.536     0.828    -0.161
 7   115.942   -16.577   -13.685
 7     0.324     0.785     0.527
 7    -0.833     0.501    -0.233
 7    -0.447    -0.364     0.817
 8   122.857   -39.588    -0.771
 8     0.143    -0.945     0.294
 8    -0.976    -0.085     0.202
 8    -0.166    -0.316    -0.934
 9   122.108   -67.004    -8.569
 9     0.200    -0.288     0.936
 9    -0.962     0.121     0.243
 9    -0.184    -0.950    -0.253
 2    97.003   -18.710    59.741
 2     0.505    -0.863     0.026
 2     0.859     0.505     0.078
 2    -0.080    -0.017     0.996
 3   138.863    -2.095    -2.694
 3     0.512     0.038    -0.858
 3     0.147     0.980     0.131
 3     0.846    -0.194     0.496
 4   114.409    10.039   -14.159
 4     0.172    -0.772     0.611
 4     0.905     0.369     0.211
 4    -0.389     0.516     0.762
 5   119.088    24.133     7.425
 5     0.174     0.710     0.681
 5     0.715    -0.568     0.409
 5     0.677     0.416    -0.607
 6   119.532    49.753    25.004
 6     0.172     0.103     0.979
 6     0.848    -0.522    -0.094
 6     0.501     0.846    -0.178
 7   115.209   -16.163   -13.798
 7     0.318     0.757     0.571
 7    -0.794     0.542    -0.276
 7    -0.519    -0.365     0.773
 8   123.621   -39.813    -4.164
 8     0.187    -0.954     0.233
 8    -0.943    -0.108     0.313
 8    -0.274    -0.278    -0.921
 9   123.091   -66.722   -15.215
 9     0.218    -0.340     0.915
 9    -0.929     0.215     0.302
 9    -0.299    -0.915    -0.269
 2    97.003   -18.710    59.741
 2     0.505    -0.863     0.026
 2     0.859     0.505     0.078
 2    -0.080    -0.017     0.996
 3   138.571    -2.110    -2.903
 3     0.523     0.049    -0.851
 3     0.132     0.981     0.137
 3     0.842    -0.184     0.506
 4   114.136     9.891   -14.295
 4     0.177    -0.754     0.632
 4     0.896     0.389     0.214
 4    -0.407     0.529     0.744
 5   119.209    24.390     7.025
 5     0.186     0.709     0.680
 5     0.727    -0.565     0.390
 5     0.661     0.421    -0.621
 6   119.748    50.398    24.282
 6     0.178     0.101     0.979
 6     0.854    -0.511    -0.102
 6     0.489     0.854    -0.177
 7   114.726   -15.810   -13.888
 7     0.317     0.733     0.602
 7    -0.754     0.579    -0.309
 7    -0.575    -0.356     0.736
 8   124.119   -39.689    -7.620
 8     0.213    -0.961     0.176
 8    -0.902    -0.125     0.412
 8    -0.374    -0.247    -0.894
 9   124.169   -64.689   -22.354
 9     0.238    -0.389     0.890
 9    -0.870     0.323     0.374
 9    -0.433    -0.863    -0.261
 2    97.003   -18.710    59.742
 2     0.505    -0.863     0.025
 2     0.859     0.505     0.078
 2    -0.080    -0.018     0.996
 3   138.384    -2.299    -3.143
 3     0.530     0.057    -0.846
 3     0.119     0.983     0.141
 3     0.839    -0.176     0.514
 4   113.958     9.678   -14.398
 4     0.178    -0.744     0.644
 4     0.891     0.399     0.215
 4    -0.417     0.535     0.734
 5   119.223    24.553     6.659
 5     0.191     0.709     0.679
 5     0.735    -0.562     0.379
 5     0.650     0.427    -0.629
 6   119.952    50.719    23.572
 6     0.182     0.096     0.978
 6     0.857    -0.503    -0.110
 6     0.481     0.859    -0.174
 7   114.392   -15.446   -14.005
 7     0.318     0.719     0.618
 7    -0.720     0.607    -0.335
 7    -0.616    -0.338     0.711
 8   124.032   -39.479   -10.850
 8     0.223    -0.963     0.149
 8    -0.855    -0.120     0.504
 8    -0.468    -0.240    -0.851
 9   124.015   -62.436   -28.670
 9     0.234    -0.408     0.882
 9    -0.805     0.428     0.411
 9    -0.546    -0.807    -0.228
 2    97.003   -18.710    59.792
 2     0.505    -0.863     0.025
 2     0.859     0.505     0.078
 2    -0.080    -0.017     0.996
 3   138.437    -2.206    -3.303
 3     0.533     0.066    -0.844
 3     0.102     0.984     0.141
 3     0.840    -0.162     0.518
 4   113.913     9.670   -14.510
 4     0.179    -0.735     0.654
 4     0.887     0.407     0.215
 4    -0.424     0.542     0.725
 5   119.226    24.774     6.477
 5     0.192     0.710     0.677
 5     0.740    -0.558     0.375
 5     0.644     0.430    -0.633
 6   119.993    50.944    23.304
 6     0.181     0.094     0.979
 6     0.859    -0.499    -0.111
 6     0.478     0.861    -0.171
 7   114.067   -14.997   -13.900
 7     0.313     0.710     0.630
 7    -0.697     0.623    -0.355
 7    -0.645    -0.328     0.690
 8   123.960   -38.598   -13.230
 8     0.228    -0.967     0.110
 8    -0.806    -0.124     0.579
 8    -0.546    -0.221    -0.808
 9   123.468   -60.181   -33.395
 9     0.221    -0.436     0.872
 9    -0.749     0.497     0.438
 9    -0.625    -0.750    -0.217
 2    97.003   -18.710    59.742
 2     0.505    -0.863     0.025
 2     0.859     0.505     0.078
 2    -0.080    -0.018     0.996
 3   138.254    -2.449    -3.600
 3     0.540     0.082    -0.838
 3     0.080     0.985     0.148
 3     0.838    -0.147     0.525
 4   113.739     9.763   -14.652
 4     0.182    -0.719     0.671
 4     0.883     0.419     0.209
 4    -0.431     0.555     0.711
 5   119.385    24.945     6.212
 5     0.199     0.710     0.675
 5     0.743    -0.559     0.368
 5     0.639     0.428    -0.639
 6   120.398    51.021    22.841
 6     0.186     0.096     0.978
 6     0.858    -0.501    -0.114
 6     0.479     0.860    -0.176
 7   113.683   -14.744   -13.970
 7     0.308     0.703     0.640
 7    -0.678     0.635    -0.371
 7    -0.667    -0.320     0.673
 8   123.673   -37.873   -15.684
 8     0.237    -0.969     0.071
 8    -0.746    -0.135     0.651
 8    -0.622    -0.208    -0.755
 9   123.230   -57.202   -38.192
 9     0.218    -0.466     0.857
 9    -0.671     0.567     0.479
 9    -0.709    -0.679    -0.189
 2    97.003   -18.710    59.742
 2     0.505    -0.863     0.025
 2     0.859     0.505     0.078
 2    -0.080    -0.018     0.996
 3   138.062    -2.461    -3.655
 3     0.547     0.089    -0.833
 3     0.070     0.986     0.151
 3     0.834    -0.141     0.532
 4   113.446     9.849   -14.650
 4     0.186    -0.693     0.696
 4     0.876     0.438     0.201
 4    -0.445     0.572     0.689
 5   119.827    25.221     5.611
 5     0.227     0.707     0.670
 5     0.751    -0.565     0.342
 5     0.620     0.425    -0.659
 6   121.591    51.535    21.866
 6     0.211     0.093     0.973
 6     0.859    -0.492    -0.139
 6     0.465     0.865    -0.184
 7   113.165   -14.458   -13.875
 7     0.306     0.707     0.637
 7    -0.666     0.638    -0.388
 7    -0.680    -0.305     0.666
 8   123.804   -36.633   -17.446
 8     0.275    -0.960     0.047
 8    -0.678    -0.159     0.717
 8    -0.681    -0.229    -0.695
 9   124.026   -53.795   -41.870
 9     0.245    -0.480     0.842
 9    -0.589     0.617     0.522
 9    -0.770    -0.624    -0.131
 2    97.003   -18.710    59.793
 2     0.505    -0.863     0.025
 2     0.859     0.505     0.078
 2    -0.080    -0.018     0.996
 3   137.723    -2.571    -3.733
 3     0.554     0.101    -0.826
 3     0.064     0.984     0.163
 3     0.830    -0.143     0.539
 4   113.114     9.627   -14.797
 4     0.198    -0.671     0.714
 4     0.866     0.460     0.192
 4    -0.458     0.581     0.673
 5   120.105    25.465     5.184
 5     0.251     0.702     0.667
 5     0.763    -0.568     0.310
 5     0.596     0.431    -0.678
 6   122.522    52.087    20.422
 6     0.236     0.095     0.967
 6     0.867    -0.470    -0.166
 6     0.438     0.878    -0.194
 7   112.663   -14.419   -13.786
 7     0.306     0.702     0.643
 7    -0.656     0.645    -0.392
 7    -0.690    -0.302     0.658
 8   123.990   -35.570   -19.284
 8     0.294    -0.956    -0.005
 8    -0.604    -0.190     0.774
 8    -0.741    -0.224    -0.633
 9   124.105   -50.443   -45.190
 9     0.249    -0.517     0.819
 9    -0.503     0.653     0.566
 9    -0.828    -0.553    -0.097
 2    97.053   -18.710    59.793
 2     0.504    -0.863     0.025
 2     0.859     0.505     0.078
 2    -0.080    -0.018     0.996
 3   137.638    -2.653    -3.792
 3     0.558     0.106    -0.823
 3     0.061     0.984     0.168
 3     0.827    -0.145     0.542
 4   112.945     9.415   -14.832
 4     0.202    -0.661     0.723
 4     0.862     0.470     0.189
 4    -0.465     0.585     0.664
 5   120.217    25.406     4.970
 5     0.261     0.699     0.666
 5     0.763    -0.572     0.301
 5     0.591     0.429    -0.683
 6   122.800    52.035    20.346
 6     0.242     0.093     0.966
 6     0.866    -0.470    -0.172
 6     0.438     0.877    -0.195
 7   112.351   -14.412   -13.774
 7     0.300     0.693     0.655
 7    -0.642     0.655    -0.399
 7    -0.705    -0.301     0.641
 8   123.785   -34.283   -21.175
 8     0.294    -0.954    -0.051
 8    -0.531    -0.207     0.821
 8    -0.794    -0.215    -0.568
 9   123.977   -45.399   -48.178
 9     0.249    -0.558     0.792
 9    -0.401     0.684     0.609
 9    -0.882    -0.469    -0.053
 2    97.053   -18.710    59.793
 2     0.504    -0.863     0.025
 2     0.859     0.505     0.078
 2    -0.080    -0.018     0.996
 3   137.518    -2.943    -3.943
 3     0.567     0.116    -0.816
 3     0.052     0.983     0.176
 3     0.822    -0.142     0.551
 4   112.867     9.263   -14.939
 4     0.203    -0.653     0.730
 4     0.862     0.473     0.183
 4    -0.465     0.592     0.658
 5   120.267    25.406     4.893
 5     0.262     0.699     0.665
 5     0.763    -0.573     0.300
 5     0.591     0.428    -0.684
 6   122.915    51.864    20.228
 6     0.240     0.095     0.966
 6     0.864    -0.475    -0.168
 6     0.443     0.875    -0.196
 7   112.074   -14.251   -13.845
 7     0.291     0.686     0.666
 7    -0.633     0.660    -0.404
 7    -0.717    -0.304     0.627
 8   123.370   -32.930   -22.748
 8     0.288    -0.955    -0.073
