% Calibrated with leiden_pols
% Positions are in centimeters
Data =[
 2    97.052   -18.710    59.792
 2     0.504    -0.863     0.026
 2     0.859     0.505     0.078
 2    -0.080    -0.017     0.996
 3   139.839    -3.558     0.768
 3     0.428     0.015    -0.903
 3     0.166     0.981     0.095
 3     0.888    -0.191     0.418
 4   119.936    13.056   -11.581
 4     0.291    -0.885     0.364
 4     0.956     0.282    -0.078
 4    -0.034     0.370     0.928
 5   117.544    17.953    13.512
 5     0.092     0.370     0.924
 5     0.272    -0.903     0.334
 5     0.958     0.220    -0.184
 6   118.590    34.266    41.483
 6     0.195    -0.287     0.938
 6     0.530    -0.774    -0.347
 6     0.825     0.565     0.001
 7   120.766   -21.269   -12.752
 7     0.291     0.932     0.213
 7    -0.952     0.262     0.156
 7     0.089    -0.249     0.964
 8   117.769   -24.079    14.175
 8     0.183    -0.148     0.972
 8    -0.327    -0.942    -0.082
 8     0.927    -0.302    -0.221
 9   123.257   -36.684    39.959
 9     0.301     0.736     0.606
 9    -0.253    -0.551     0.795
 9     0.919    -0.393     0.020
 2    97.053   -18.710    59.793
 2     0.505    -0.863     0.025
 2     0.859     0.505     0.078
 2    -0.080    -0.018     0.996
 3   139.894    -3.607     0.812
 3     0.427     0.013    -0.904
 3     0.166     0.981     0.093
 3     0.889    -0.190     0.416
 4   119.930    12.952   -11.572
 4     0.290    -0.886     0.362
 4     0.956     0.283    -0.075
 4    -0.037     0.368     0.929
 5   117.511    17.950    13.473
 5     0.092     0.371     0.924
 5     0.273    -0.902     0.335
 5     0.957     0.222    -0.184
 6   118.636    34.316    41.438
 6     0.195    -0.287     0.938
 6     0.532    -0.773    -0.347
 6     0.824     0.566     0.002
 7   120.916   -21.317   -12.757
 7     0.294     0.932     0.209
 7    -0.951     0.265     0.157
 7     0.090    -0.246     0.965
 8   117.818   -24.080    14.176
 8     0.182    -0.146     0.972
 8    -0.326    -0.942    -0.080
 8     0.927    -0.302    -0.220
 9   123.207   -36.709    39.959
 9     0.301     0.735     0.607
 9    -0.253    -0.552     0.794
 9     0.919    -0.393     0.020
 2    97.003   -18.710    59.793
 2     0.505    -0.863     0.025
 2     0.859     0.505     0.078
 2    -0.080    -0.018     0.996
 3   139.944    -3.605     0.838
 3     0.425     0.012    -0.905
 3     0.168     0.981     0.091
 3     0.889    -0.191     0.415
 4   119.927    12.824   -11.617
 4     0.290    -0.886     0.361
 4     0.956     0.284    -0.073
 4    -0.039     0.366     0.929
 5   117.584    17.850    13.473
 5     0.091     0.373     0.923
 5     0.275    -0.901     0.336
 5     0.957     0.223    -0.185
 6   118.581    34.315    41.393
 6     0.193    -0.286     0.938
 6     0.533    -0.772    -0.346
 6     0.823     0.567     0.003
 7   120.943   -21.367   -12.760
 7     0.294     0.932     0.210
 7    -0.951     0.265     0.157
 7     0.091    -0.246     0.965
 8   117.874   -24.080    14.219
 8     0.180    -0.148     0.972
 8    -0.325    -0.942    -0.083
 8     0.928    -0.301    -0.218
 9   123.208   -36.762    39.935
 9     0.300     0.734     0.609
 9    -0.255    -0.554     0.793
 9     0.919    -0.393     0.020
 2    97.003   -18.710    59.792
 2     0.504    -0.863     0.025
 2     0.859     0.505     0.078
 2    -0.080    -0.018     0.996
 3   139.894    -3.605     0.888
 3     0.425     0.012    -0.905
 3     0.168     0.981     0.092
 3     0.889    -0.191     0.415
 4   119.977    12.824   -11.566
 4     0.289    -0.886     0.361
 4     0.956     0.283    -0.072
 4    -0.039     0.366     0.929
 5   117.685    17.849    13.448
 5     0.092     0.371     0.924
 5     0.275    -0.901     0.335
 5     0.957     0.223    -0.185
 6   118.678    34.263    41.321
 6     0.195    -0.286     0.938
 6     0.534    -0.771    -0.347
 6     0.822     0.568     0.002
 7   120.950   -21.416   -12.769
 7     0.293     0.932     0.209
 7    -0.951     0.263     0.160
 7     0.094    -0.246     0.964
 8   117.830   -24.029    14.261
 8     0.178    -0.150     0.972
 8    -0.323    -0.942    -0.086
 8     0.929    -0.299    -0.216
 9   123.165   -36.709    40.003
 9     0.298     0.733     0.612
 9    -0.253    -0.557     0.791
 9     0.920    -0.391     0.019
 2    97.053   -18.710    59.793
 2     0.505    -0.863     0.025
 2     0.859     0.505     0.078
 2    -0.080    -0.018     0.996
 3   139.995    -3.707     0.838
 3     0.426     0.014    -0.905
 3     0.167     0.981     0.094
 3     0.889    -0.192     0.416
 4   119.977    12.773   -11.617
 4     0.290    -0.886     0.361
 4     0.956     0.283    -0.072
 4    -0.039     0.366     0.929
 5   117.712    17.822    13.477
 5     0.092     0.363     0.927
 5     0.273    -0.905     0.327
 5     0.957     0.223    -0.183
 6   118.859    34.162    41.393
 6     0.197    -0.289     0.936
 6     0.533    -0.770    -0.350
 6     0.823     0.568     0.002
 7   120.955   -21.414   -12.724
 7     0.292     0.933     0.208
 7    -0.951     0.262     0.161
 7     0.096    -0.246     0.964
 8   117.787   -24.028    14.253
 8     0.176    -0.151     0.972
 8    -0.321    -0.943    -0.088
 8     0.930    -0.297    -0.215
 9   123.046   -36.683    40.097
 9     0.295     0.732     0.614
 9    -0.252    -0.560     0.789
 9     0.921    -0.388     0.019
 2    97.003   -18.684    59.793
 2     0.504    -0.863     0.025
 2     0.859     0.505     0.078
 2    -0.080    -0.018     0.996
 3   139.945    -3.733     0.889
 3     0.427     0.015    -0.904
 3     0.167     0.981     0.095
 3     0.889    -0.192     0.416
 4   120.028    12.748   -11.617
 4     0.291    -0.886     0.361
 4     0.956     0.284    -0.072
 4    -0.039     0.366     0.929
 5   117.713    17.821    13.477
 5     0.093     0.362     0.927
 5     0.273    -0.905     0.326
 5     0.957     0.223    -0.183
 6   118.859    34.162    41.393
 6     0.197    -0.290     0.936
 6     0.533    -0.770    -0.351
 6     0.823     0.568     0.002
 7   121.007   -21.440   -12.701
 7     0.290     0.934     0.208
 7    -0.952     0.260     0.162
 7     0.097    -0.245     0.964
 8   117.743   -24.002    14.295
 8     0.175    -0.151     0.973
 8    -0.321    -0.943    -0.088
 8     0.931    -0.297    -0.214
 9   123.002   -36.631    40.165
 9     0.295     0.732     0.614
 9    -0.252    -0.561     0.789
 9     0.922    -0.387     0.019
 2    97.003   -18.710    59.793
 2     0.505    -0.863     0.025
 2     0.859     0.505     0.078
 2    -0.080    -0.018     0.996
 3   139.991    -3.734     0.896
 3     0.427     0.016    -0.904
 3     0.167     0.981     0.096
 3     0.888    -0.193     0.416
 4   120.055    12.749   -11.568
 4     0.290    -0.886     0.360
 4     0.956     0.283    -0.072
 4    -0.038     0.365     0.930
 5   117.722    17.824    13.467
 5     0.092     0.363     0.927
 5     0.272    -0.905     0.328
 5     0.958     0.222    -0.182
 6   118.813    34.138    41.439
 6     0.196    -0.290     0.937
 6     0.532    -0.771    -0.350
 6     0.824     0.567     0.003
 7   121.009   -21.439   -12.704
 7     0.290     0.934     0.208
 7    -0.952     0.259     0.163
 7     0.098    -0.245     0.964
 8   117.792   -24.002    14.295
 8     0.175    -0.150     0.973
 8    -0.320    -0.943    -0.088
 8     0.931    -0.296    -0.213
 9   123.003   -36.581    40.216
 9     0.294     0.731     0.615
 9    -0.252    -0.562     0.788
 9     0.922    -0.387     0.018
 2    97.003   -18.710    59.792
 2     0.504    -0.863     0.025
 2     0.859     0.505     0.078
 2    -0.080    -0.018     0.996
 3   139.996    -3.733     0.890
 3     0.427     0.016    -0.904
 3     0.167     0.981     0.096
 3     0.889    -0.193     0.416
 4   120.057    12.750   -11.571
 4     0.289    -0.887     0.360
 4     0.956     0.282    -0.073
 4    -0.037     0.366     0.930
 5   117.721    17.774    13.517
 5     0.091     0.365     0.926
 5     0.270    -0.905     0.330
 5     0.958     0.220    -0.181
