% Calibrated with leiden_pols
% Positions are in centimeters
Data =[
 2    97.053   -18.710    59.741
 2     0.505    -0.863     0.026
 2     0.859     0.505     0.078
 2    -0.080    -0.017     0.996
 3   138.992    -2.607     2.332
 3     0.370    -0.024    -0.929
 3     0.216     0.974     0.061
 3     0.903    -0.224     0.365
 4   119.480    13.009   -11.114
 4     0.318    -0.898     0.303
 4     0.948     0.307    -0.084
 4    -0.018     0.314     0.949
 5   116.096    21.113    12.994
 5     0.013    -0.077     0.997
 5     0.208    -0.975    -0.078
 5     0.978     0.208     0.003
 6   128.262    28.029    42.287
 6     0.253    -0.641    -0.725
 6     0.019     0.752    -0.659
 6     0.967     0.153     0.202
 7   121.843   -22.084   -11.467
 7     0.437     0.886     0.151
 7    -0.890     0.403     0.212
 7     0.127    -0.228     0.965
 8   120.092   -26.677    15.316
 8     0.243     0.288     0.926
 8    -0.234    -0.909     0.344
 8     0.941    -0.300    -0.154
 9   132.713   -31.106    41.376
 9     0.169     0.583    -0.795
 9     0.067     0.797     0.599
 9     0.983    -0.154     0.096
 2    97.052   -18.710    59.792
 2     0.504    -0.863     0.025
 2     0.859     0.505     0.078
 2    -0.080    -0.017     0.996
 3   138.967    -2.607     2.383
 3     0.370    -0.024    -0.928
 3     0.217     0.974     0.061
 3     0.903    -0.225     0.366
 4   119.377    12.957   -11.163
 4     0.317    -0.898     0.305
 4     0.948     0.306    -0.083
 4    -0.019     0.316     0.948
 5   115.997    21.113    12.993
 5     0.013    -0.075     0.997
 5     0.208    -0.975    -0.076
 5     0.978     0.209     0.003
 6   128.211    28.106    42.338
 6     0.253    -0.642    -0.723
 6     0.020     0.751    -0.660
 6     0.967     0.153     0.203
 7   121.846   -22.033   -11.469
 7     0.436     0.887     0.152
 7    -0.890     0.402     0.214
 7     0.128    -0.229     0.965
 8   120.092   -26.677    15.316
 8     0.243     0.288     0.926
 8    -0.234    -0.909     0.344
 8     0.941    -0.300    -0.154
 9   132.664   -31.132    41.401
 9     0.169     0.585    -0.793
 9     0.066     0.796     0.601
 9     0.983    -0.154     0.096
 2    97.053   -18.710    59.792
 2     0.505    -0.863     0.026
 2     0.859     0.505     0.078
 2    -0.080    -0.017     0.996
 3   138.961    -2.660     2.339
 3     0.372    -0.024    -0.928
 3     0.217     0.974     0.062
 3     0.902    -0.225     0.367
 4   119.354    12.958   -11.115
 4     0.316    -0.898     0.305
 4     0.948     0.305    -0.084
 4    -0.018     0.316     0.948
 5   115.972    21.088    12.993
 5     0.013    -0.074     0.997
 5     0.208    -0.975    -0.075
 5     0.978     0.209     0.003
 6   128.211    28.106    42.288
 6     0.254    -0.643    -0.723
 6     0.020     0.750    -0.661
 6     0.967     0.153     0.203
 7   121.798   -22.032   -11.421
 7     0.436     0.887     0.152
 7    -0.891     0.401     0.214
 7     0.129    -0.229     0.965
 8   120.041   -26.677    15.316
 8     0.243     0.287     0.926
 8    -0.234    -0.909     0.344
 8     0.941    -0.301    -0.154
 9   132.665   -31.185    41.375
 9     0.170     0.586    -0.792
 9     0.065     0.795     0.603
 9     0.983    -0.154     0.097
 2    97.053   -18.710    59.792
 2     0.505    -0.863     0.025
 2     0.859     0.505     0.078
 2    -0.080    -0.017     0.996
 3   138.911    -2.660     2.339
 3     0.372    -0.024    -0.928
 3     0.217     0.974     0.062
 3     0.902    -0.225     0.367
 4   119.356    12.960   -11.118
 4     0.315    -0.899     0.305
 4     0.949     0.304    -0.085
 4    -0.017     0.316     0.948
 5   115.972    21.088    13.044
 5     0.013    -0.073     0.997
 5     0.208    -0.975    -0.074
 5     0.978     0.208     0.003
 6   128.211    28.055    42.338
 6     0.254    -0.644    -0.722
 6     0.020     0.750    -0.661
 6     0.967     0.153     0.203
 7   121.798   -22.032   -11.421
 7     0.435     0.887     0.152
 7    -0.891     0.400     0.214
 7     0.129    -0.229     0.965
 8   120.042   -26.678    15.316
 8     0.243     0.287     0.926
 8    -0.235    -0.909     0.343
 8     0.941    -0.301    -0.154
 9   132.715   -31.109    41.376
 9     0.170     0.586    -0.792
 9     0.065     0.795     0.602
 9     0.983    -0.154     0.097
 2    97.053   -18.710    59.792
 2     0.505    -0.863     0.025
 2     0.859     0.505     0.078
 2    -0.080    -0.017     0.996
 3   138.911    -2.660     2.390
 3     0.372    -0.023    -0.928
 3     0.217     0.974     0.063
 3     0.902    -0.225     0.367
 4   119.360    12.961   -11.124
 4     0.315    -0.899     0.304
 4     0.949     0.303    -0.086
 4    -0.015     0.316     0.948
 5   115.970    21.038    13.070
 5     0.012    -0.074     0.997
 5     0.206    -0.975    -0.075
 5     0.978     0.207     0.003
 6   128.161    28.029    42.363
 6     0.253    -0.644    -0.722
 6     0.019     0.750    -0.661
 6     0.967     0.153     0.202
 7   121.798   -21.982   -11.421
 7     0.435     0.887     0.151
 7    -0.891     0.400     0.214
 7     0.129    -0.228     0.965
 8   120.042   -26.678    15.316
 8     0.243     0.288     0.926
 8    -0.235    -0.909     0.344
 8     0.941    -0.301    -0.154
 9   132.665   -31.134    41.325
 9     0.170     0.587    -0.791
 9     0.065     0.795     0.603
 9     0.983    -0.154     0.097
 2    97.053   -18.710    59.792
 2     0.505    -0.863     0.025
 2     0.859     0.505     0.078
 2    -0.080    -0.017     0.996
 3   138.911    -2.660     2.339
 3     0.372    -0.023    -0.928
 3     0.217     0.974     0.063
 3     0.902    -0.224     0.367
 4   119.364    13.014   -11.078
 4     0.314    -0.899     0.303
 4     0.949     0.302    -0.088
 4    -0.013     0.315     0.948
 5   115.970    21.089    13.070
 5     0.012    -0.074     0.997
 5     0.206    -0.976    -0.075
 5     0.978     0.206     0.003
 6   128.160    27.978    42.413
 6     0.253    -0.644    -0.722
 6     0.019     0.749    -0.662
 6     0.967     0.154     0.202
 7   121.748   -21.982   -11.471
 7     0.434     0.887     0.151
 7    -0.891     0.400     0.214
 7     0.129    -0.228     0.965
 8   120.016   -26.679    15.316
 8     0.242     0.288     0.926
 8    -0.235    -0.909     0.344
 8     0.941    -0.301    -0.153
 9   132.665   -31.110    41.324
 9     0.170     0.587    -0.792
 9     0.064     0.795     0.603
 9     0.983    -0.154     0.098
 2    97.053   -18.710    59.793
 2     0.505    -0.863     0.025
 2     0.859     0.505     0.078
 2    -0.080    -0.018     0.996
 3   138.917    -2.659     2.382
 3     0.372    -0.023    -0.928
 3     0.216     0.974     0.063
 3     0.903    -0.224     0.367
 4   119.391    13.015   -11.081
 4     0.313    -0.900     0.303
 4     0.949     0.301    -0.088
 4    -0.012     0.316     0.949
 5   115.983    21.093    13.106
 5     0.012    -0.074     0.997
 5     0.204    -0.976    -0.075
 5     0.979     0.205     0.003
 6   128.111    27.927    42.464
 6     0.253    -0.644    -0.722
 6     0.018     0.749    -0.662
 6     0.967     0.154     0.201
 7   121.800   -21.905   -11.424
 7     0.435     0.888     0.150
 7    -0.891     0.400     0.214
 7     0.130    -0.227     0.965
 8   120.041   -26.629    15.317
 8     0.242     0.288     0.926
 8    -0.235    -0.909     0.345
 8     0.941    -0.302    -0.153
 9   132.665   -31.060    41.324
 9     0.170     0.587    -0.791
 9     0.064     0.794     0.604
 9     0.983    -0.154     0.098
 2    97.053   -18.710    59.793
 2     0.505    -0.863     0.025
 2     0.859     0.505     0.078
 2    -0.080    -0.018     0.996
 3   138.916    -2.557     2.382
 3     0.371    -0.024    -0.928
 3     0.216     0.974     0.062
 3     0.903    -0.224     0.367
 4   119.396    13.017   -11.061
 4     0.313    -0.900     0.302
 4     0.949     0.300    -0.090
 4    -0.010     0.315     0.949
 5   115.933    21.042    13.109
 5     0.011    -0.073     0.997
 5     0.204    -0.976    -0.074
 5     0.979     0.204     0.004
