% Calibrated with leiden_pols
% Positions are in centimeters
Data =[
 2    97.053   -18.710    59.741
 2     0.505    -0.863     0.026
 2     0.859     0.505     0.078
 2    -0.080    -0.017     0.996
 3   138.992    -2.607     2.332
 3     0.370    -0.024    -0.929
 3     0.216     0.974     0.061
 3     0.903    -0.224     0.365
 4   119.480    13.009   -11.114
 4     0.318    -0.898     0.303
 4     0.948     0.307    -0.084
 4    -0.018     0.314     0.949
 5   116.096    21.113    12.994
 5     0.013    -0.077     0.997
 5     0.208    -0.975    -0.078
 5     0.978     0.208     0.003
 6   128.262    28.029    42.287
 6     0.253    -0.641    -0.725
 6     0.019     0.752    -0.659
 6     0.967     0.153     0.202
 7   121.843   -22.084   -11.467
 7     0.437     0.886     0.151
 7    -0.890     0.403     0.212
 7     0.127    -0.228     0.965
 8   120.092   -26.677    15.316
 8     0.243     0.288     0.926
 8    -0.234    -0.909     0.344
 8     0.941    -0.300    -0.154
 9   132.713   -31.106    41.376
 9     0.169     0.583    -0.795
 9     0.067     0.797     0.599
 9     0.983    -0.154     0.096
 2    97.052   -18.710    59.792
 2     0.504    -0.863     0.025
 2     0.859     0.505     0.078
 2    -0.080    -0.017     0.996
 3   138.967    -2.607     2.383
 3     0.370    -0.024    -0.928
 3     0.217     0.974     0.061
 3     0.903    -0.225     0.366
 4   119.377    12.957   -11.163
 4     0.317    -0.898     0.305
 4     0.948     0.306    -0.083
 4    -0.019     0.316     0.948
 5   115.997    21.113    12.993
 5     0.013    -0.075     0.997
 5     0.208    -0.975    -0.076
 5     0.978     0.209     0.003
 6   128.211    28.106    42.338
 6     0.253    -0.642    -0.723
 6     0.020     0.751    -0.660
 6     0.967     0.153     0.203
 7   121.846   -22.033   -11.469
 7     0.436     0.887     0.152
 7    -0.890     0.402     0.214
 7     0.128    -0.229     0.965
 8   120.092   -26.677    15.316
 8     0.243     0.288     0.926
 8    -0.234    -0.909     0.344
 8     0.941    -0.300    -0.154
 9   132.664   -31.132    41.401
 9     0.169     0.585    -0.793
 9     0.066     0.796     0.601
 9     0.983    -0.154     0.096
 2    97.053   -18.710    59.792
 2     0.505    -0.863     0.026
 2     0.859     0.505     0.078
 2    -0.080    -0.017     0.996
 3   138.961    -2.660     2.339
 3     0.372    -0.024    -0.928
 3     0.217     0.974     0.062
 3     0.902    -0.225     0.367
 4   119.354    12.958   -11.115
 4     0.316    -0.898     0.305
 4     0.948     0.305    -0.084
 4    -0.018     0.316     0.948
 5   115.972    21.088    12.993
 5     0.013    -0.074     0.997
 5     0.208    -0.975    -0.075
 5     0.978     0.209     0.003
 6   128.211    28.106    42.288
 6     0.254    -0.643    -0.723
 6     0.020     0.750    -0.661
 6     0.967     0.153     0.203
 7   121.798   -22.032   -11.421
 7     0.436     0.887     0.152
 7    -0.891     0.401     0.214
 7     0.129    -0.229     0.965
 8   120.041   -26.677    15.316
 8     0.243     0.287     0.926
 8    -0.234    -0.909     0.344
 8     0.941    -0.301    -0.154
 9   132.665   -31.185    41.375
 9     0.170     0.586    -0.792
 9     0.065     0.795     0.603
 9     0.983    -0.154     0.097
 2    97.053   -18.710    59.792
 2     0.505    -0.863     0.025
 2     0.859     0.505     0.078
 2    -0.080    -0.017     0.996
 3   138.911    -2.660     2.339
 3     0.372    -0.024    -0.928
 3     0.217     0.974     0.062
 3     0.902    -0.225     0.367
 4   119.356    12.960   -11.118
 4     0.315    -0.899     0.305
 4     0.949     0.304    -0.085
 4    -0.017     0.316     0.948
 5   115.972    21.088    13.044
 5     0.013    -0.073     0.997
 5     0.208    -0.975    -0.074
 5     0.978     0.208     0.003
 6   128.211    28.055    42.338
 6     0.254    -0.644    -0.722
 6     0.020     0.750    -0.661
 6     0.967     0.153     0.203
 7   121.798   -22.032   -11.421
 7     0.435     0.887     0.152
 7    -0.891     0.400     0.214
 7     0.129    -0.229     0.965
 8   120.042   -26.678    15.316
 8     0.243     0.287     0.926
 8    -0.235    -0.909     0.343
 8     0.941    -0.301    -0.154
 9   132.715   -31.109    41.376
 9     0.170     0.586    -0.792
 9     0.065     0.795     0.602
 9     0.983    -0.154     0.097
 2    97.053   -18.710    59.792
 2     0.505    -0.863     0.025
 2     0.859     0.505     0.078
 2    -0.080    -0.017     0.996
 3   138.911    -2.660     2.390
 3     0.372    -0.023    -0.928
 3     0.217     0.974     0.063
 3     0.902    -0.225     0.367
 4   119.360    12.961   -11.124
 4     0.315    -0.899     0.304
 4     0.949     0.303    -0.086
 4    -0.015     0.316     0.948
 5   115.970    21.038    13.070
 5     0.012    -0.074     0.997
 5     0.206    -0.975    -0.075
 5     0.978     0.207     0.003
 6   128.161    28.029    42.363
 6     0.253    -0.644    -0.722
 6     0.019     0.750    -0.661
 6     0.967     0.153     0.202
 7   121.798   -21.982   -11.421
 7     0.435     0.887     0.151
 7    -0.891     0.400     0.214
 7     0.129    -0.228     0.965
 8   120.042   -26.678    15.316
 8     0.243     0.288     0.926
 8    -0.235    -0.909     0.344
 8     0.941    -0.301    -0.154
 9   132.665   -31.134    41.325
 9     0.170     0.587    -0.791
 9     0.065     0.795     0.603
 9     0.983    -0.154     0.097
 2    97.053   -18.710    59.792
 2     0.505    -0.863     0.025
 2     0.859     0.505     0.078
 2    -0.080    -0.017     0.996
 3   138.911    -2.660     2.339
 3     0.372    -0.023    -0.928
 3     0.217     0.974     0.063
 3     0.902    -0.224     0.367
 4   119.364    13.014   -11.078
 4     0.314    -0.899     0.303
 4     0.949     0.302    -0.088
 4    -0.013     0.315     0.948
 5   115.970    21.089    13.070
 5     0.012    -0.074     0.997
 5     0.206    -0.976    -0.075
 5     0.978     0.206     0.003
 6   128.160    27.978    42.413
 6     0.253    -0.644    -0.722
 6     0.019     0.749    -0.662
 6     0.967     0.154     0.202
 7   121.748   -21.982   -11.471
 7     0.434     0.887     0.151
 7    -0.891     0.400     0.214
 7     0.129    -0.228     0.965
 8   120.016   -26.679    15.316
 8     0.242     0.288     0.926
 8    -0.235    -0.909     0.344
 8     0.941    -0.301    -0.153
 9   132.665   -31.110    41.324
 9     0.170     0.587    -0.792
 9     0.064     0.795     0.603
 9     0.983    -0.154     0.098
 2    97.053   -18.710    59.793
 2     0.505    -0.863     0.025
 2     0.859     0.505     0.078
 2    -0.080    -0.018     0.996
 3   138.917    -2.659     2.382
 3     0.372    -0.023    -0.928
 3     0.216     0.974     0.063
 3     0.903    -0.224     0.367
 4   119.391    13.015   -11.081
 4     0.313    -0.900     0.303
 4     0.949     0.301    -0.088
 4    -0.012     0.316     0.949
 5   115.983    21.093    13.106
 5     0.012    -0.074     0.997
 5     0.204    -0.976    -0.075
 5     0.979     0.205     0.003
 6   128.111    27.927    42.464
 6     0.253    -0.644    -0.722
 6     0.018     0.749    -0.662
 6     0.967     0.154     0.201
 7   121.800   -21.905   -11.424
 7     0.435     0.888     0.150
 7    -0.891     0.400     0.214
 7     0.130    -0.227     0.965
 8   120.041   -26.629    15.317
 8     0.242     0.288     0.926
 8    -0.235    -0.909     0.345
 8     0.941    -0.302    -0.153
 9   132.665   -31.060    41.324
 9     0.170     0.587    -0.791
 9     0.064     0.794     0.604
 9     0.983    -0.154     0.098
 2    97.053   -18.710    59.793
 2     0.505    -0.863     0.025
 2     0.859     0.505     0.078
 2    -0.080    -0.018     0.996
 3   138.916    -2.557     2.382
 3     0.371    -0.024    -0.928
 3     0.216     0.974     0.062
 3     0.903    -0.224     0.367
 4   119.396    13.017   -11.061
 4     0.313    -0.900     0.302
 4     0.949     0.300    -0.090
 4    -0.010     0.315     0.949
 5   115.933    21.042    13.109
 5     0.011    -0.073     0.997
 5     0.204    -0.976    -0.074
 5     0.979     0.204     0.004
 6   128.109    27.927    42.462
 6     0.253    -0.645    -0.721
 6     0.018     0.748    -0.663
 6     0.967     0.155     0.200
 7   121.800   -21.905   -11.475
 7     0.434     0.888     0.150
 7    -0.891     0.400     0.214
 7     0.130    -0.227     0.965
 8   120.040   -26.630    15.317
 8     0.242     0.289     0.926
 8    -0.236    -0.908     0.345
 8     0.941    -0.302    -0.152
 9   132.642   -31.111    41.274
 9     0.169     0.588    -0.791
 9     0.063     0.794     0.604
 9     0.983    -0.153     0.097
 2    97.053   -18.710    59.793
 2     0.505    -0.863     0.025
 2     0.859     0.505     0.078
 2    -0.080    -0.018     0.996
 3   138.916    -2.558     2.382
 3     0.371    -0.024    -0.928
 3     0.215     0.974     0.061
 3     0.903    -0.223     0.367
 4   119.398    13.069   -11.064
 4     0.312    -0.901     0.302
 4     0.950     0.299    -0.090
 4    -0.009     0.315     0.949
 5   115.880    21.044    13.114
 5     0.008    -0.070     0.997
 5     0.202    -0.977    -0.071
 5     0.979     0.202     0.006
 6   128.034    27.978    42.513
 6     0.252    -0.647    -0.720
 6     0.018     0.747    -0.664
 6     0.967     0.154     0.199
 7   121.849   -21.905   -11.526
 7     0.434     0.888     0.149
 7    -0.891     0.400     0.213
 7     0.130    -0.226     0.965
 8   120.039   -26.579    15.317
 8     0.242     0.289     0.926
 8    -0.236    -0.908     0.345
 8     0.941    -0.302    -0.151
 9   132.592   -31.061    41.274
 9     0.169     0.588    -0.791
 9     0.063     0.794     0.604
 9     0.983    -0.153     0.097
 2    97.003   -18.710    59.793
 2     0.505    -0.863     0.025
 2     0.859     0.505     0.078
 2    -0.080    -0.018     0.996
 3   138.916    -2.558     2.433
 3     0.371    -0.024    -0.928
 3     0.215     0.974     0.061
 3     0.903    -0.223     0.367
 4   119.398    13.069   -11.064
 4     0.312    -0.901     0.302
 4     0.950     0.299    -0.090
 4    -0.009     0.315     0.949
 5   115.874    20.996    13.181
 5     0.001    -0.068     0.997
 5     0.202    -0.977    -0.066
 5     0.979     0.202     0.012
 6   127.994    27.930    42.500
 6     0.251    -0.648    -0.719
 6     0.018     0.746    -0.665
 6     0.968     0.154     0.199
 7   121.847   -21.906   -11.523
 7     0.434     0.888     0.149
 7    -0.891     0.400     0.213
 7     0.129    -0.226     0.965
 8   120.039   -26.631    15.317
 8     0.241     0.289     0.926
 8    -0.236    -0.908     0.345
 8     0.941    -0.302    -0.151
 9   132.604   -31.108    41.307
 9     0.169     0.589    -0.791
 9     0.063     0.794     0.604
 9     0.984    -0.152     0.097
 2    97.003   -18.710    59.793
 2     0.505    -0.863     0.025
 2     0.859     0.505     0.078
 2    -0.080    -0.018     0.996
 3   138.916    -2.558     2.382
 3     0.371    -0.024    -0.928
 3     0.215     0.974     0.061
 3     0.903    -0.222     0.367
 4   119.398    13.069   -11.064
 4     0.312    -0.901     0.302
 4     0.950     0.299    -0.090
 4    -0.009     0.315     0.949
 5   115.823    21.046    13.192
 5    -0.002    -0.067     0.998
 5     0.203    -0.977    -0.065
 5     0.979     0.202     0.016
 6   127.918    27.982    42.525
 6     0.250    -0.649    -0.719
 6     0.019     0.745    -0.666
 6     0.968     0.153     0.198
 7   121.848   -21.855   -11.526
 7     0.434     0.888     0.147
 7    -0.891     0.401     0.213
 7     0.130    -0.224     0.966
 8   120.028   -26.650    15.059
 8     0.220     0.298     0.929
 8    -0.240    -0.906     0.348
 8     0.945    -0.299    -0.128
 9   132.604   -31.109    41.306
 9     0.168     0.589    -0.791
 9     0.062     0.794     0.604
 9     0.984    -0.151     0.097
 2    97.003   -18.710    59.793
 2     0.505    -0.863     0.025
 2     0.859     0.505     0.078
 2    -0.080    -0.018     0.996
 3   138.922    -2.531     2.426
 3     0.370    -0.024    -0.929
 3     0.214     0.975     0.060
 3     0.904    -0.222     0.366
 4   119.400    13.120   -11.066
 4     0.312    -0.901     0.302
 4     0.950     0.299    -0.091
 4    -0.008     0.315     0.949
 5   115.681    21.045    13.111
 5    -0.006    -0.064     0.998
 5     0.206    -0.977    -0.062
 5     0.978     0.205     0.019
 6   127.818    28.033    42.526
 6     0.248    -0.649    -0.719
 6     0.020     0.745    -0.667
 6     0.968     0.151     0.198
 7   121.873   -21.804   -11.527
 7     0.435     0.888     0.146
 7    -0.891     0.401     0.213
 7     0.130    -0.223     0.966
 8   120.017   -26.647    15.178
 8     0.227     0.295     0.928
 8    -0.241    -0.906     0.347
 8     0.943    -0.303    -0.135
 9   132.603   -31.135    41.255
 9     0.169     0.589    -0.791
 9     0.062     0.794     0.604
 9     0.984    -0.151     0.098
 2    97.003   -18.710    59.793
 2     0.505    -0.863     0.025
 2     0.859     0.505     0.078
 2    -0.080    -0.018     0.996
 3   138.921    -2.531     2.425
 3     0.370    -0.025    -0.929
 3     0.214     0.975     0.059
 3     0.904    -0.221     0.366
 4   119.400    13.120   -11.016
 4     0.312    -0.901     0.301
 4     0.950     0.299    -0.091
 4    -0.008     0.315     0.949
 5   115.537    20.995    13.063
 5    -0.014    -0.056     0.998
 5     0.213    -0.976    -0.052
 5     0.977     0.211     0.025
 6   127.438    28.351    42.429
 6     0.242    -0.657    -0.714
 6     0.027     0.740    -0.671
 6     0.970     0.142     0.197
 7   121.920   -21.804   -11.525
 7     0.437     0.887     0.146
 7    -0.890     0.403     0.212
 7     0.129    -0.223     0.966
 8   119.964   -26.646    15.137
 8     0.230     0.290     0.928
 8    -0.242    -0.907     0.344
 8     0.942    -0.304    -0.139
 9   132.556   -31.110    41.205
 9     0.168     0.589    -0.791
 9     0.061     0.794     0.604
 9     0.984    -0.151     0.097
 2    97.003   -18.710    59.742
 2     0.505    -0.863     0.025
 2     0.859     0.505     0.078
 2    -0.080    -0.018     0.996
 3   138.920    -2.428     2.451
 3     0.368    -0.028    -0.929
 3     0.216     0.975     0.056
 3     0.904    -0.221     0.365
 4   119.400    13.171   -11.015
 4     0.312    -0.901     0.301
 4     0.950     0.298    -0.091
 4    -0.008     0.314     0.949
 5   115.471    20.993    12.981
 5    -0.018    -0.050     0.998
 5     0.217    -0.975    -0.045
 5     0.976     0.215     0.028
 6   127.198    28.537    42.367
 6     0.238    -0.660    -0.713
 6     0.032     0.738    -0.673
 6     0.971     0.137     0.197
 7   121.967   -21.855   -11.523
 7     0.438     0.887     0.145
 7    -0.889     0.405     0.211
 7     0.128    -0.222     0.966
 8   119.963   -26.694    15.135
 8     0.232     0.291     0.928
 8    -0.241    -0.907     0.344
 8     0.942    -0.304    -0.140
 9   132.503   -31.136    41.254
 9     0.168     0.588    -0.791
 9     0.061     0.795     0.604
 9     0.984    -0.150     0.098
 2    97.003   -18.710    59.793
 2     0.505    -0.863     0.025
 2     0.859     0.505     0.078
 2    -0.080    -0.018     0.996
 3   138.876    -2.426     2.495
 3     0.366    -0.031    -0.930
 3     0.216     0.975     0.053
 3     0.905    -0.221     0.363
 4   119.370    13.119   -11.061
 4     0.311    -0.901     0.302
 4     0.950     0.298    -0.089
 4    -0.010     0.314     0.949
 5   115.382    21.042    12.918
 5    -0.019    -0.047     0.999
 5     0.218    -0.975    -0.042
 5     0.975     0.217     0.028
 6   127.198    28.589    42.317
 6     0.238    -0.662    -0.711
 6     0.033     0.737    -0.675
 6     0.971     0.136     0.197
 7   121.965   -21.855   -11.520
 7     0.440     0.886     0.145
 7    -0.889     0.407     0.211
 7     0.127    -0.222     0.966
 8   120.034   -26.717    15.092
 8     0.236     0.290     0.927
 8    -0.241    -0.907     0.345
 8     0.941    -0.305    -0.144
 9   132.554   -31.109    41.255
 9     0.168     0.587    -0.792
 9     0.062     0.795     0.603
 9     0.984    -0.151     0.097
 2    97.053   -18.710    59.792
 2     0.505    -0.863     0.026
 2     0.859     0.505     0.078
 2    -0.080    -0.017     0.996
 3   138.875    -2.425     2.494
 3     0.365    -0.032    -0.930
 3     0.217     0.975     0.052
 3     0.905    -0.221     0.363
 4   119.393    13.168   -11.083
 4     0.312    -0.901     0.301
 4     0.950     0.299    -0.088
 4    -0.011     0.313     0.949
 5   115.406    21.042    12.971
 5    -0.020    -0.046     0.999
 5     0.219    -0.975    -0.041
 5     0.975     0.218     0.029
 6   127.187    28.612    42.304
 6     0.238    -0.662    -0.711
 6     0.034     0.737    -0.675
 6     0.970     0.136     0.198
 7   121.962   -21.804   -11.519
 7     0.442     0.885     0.144
 7    -0.888     0.409     0.210
 7     0.126    -0.221     0.967
 8   120.035   -26.716    15.093
 8     0.236     0.290     0.927
 8    -0.241    -0.907     0.345
 8     0.941    -0.305    -0.145
 9   132.554   -31.109    41.255
 9     0.168     0.585    -0.793
 9     0.062     0.796     0.601
 9     0.984    -0.151     0.097
 2    97.053   -18.710    59.793
 2     0.505    -0.863     0.025
 2     0.859     0.505     0.078
 2    -0.080    -0.018     0.996
 3   138.924    -2.426     2.443
 3     0.365    -0.032    -0.930
 3     0.216     0.975     0.052
 3     0.905    -0.220     0.363
 4   119.392    13.117   -11.079
 4     0.313    -0.901     0.300
 4     0.950     0.300    -0.087
 4    -0.012     0.312     0.950
 5   115.408    21.091    12.868
 5    -0.019    -0.046     0.999
 5     0.220    -0.974    -0.041
 5     0.975     0.219     0.029
 6   127.148    28.719    42.191
 6     0.237    -0.661    -0.711
 6     0.036     0.738    -0.674
 6     0.971     0.134     0.199
 7   122.084   -21.753   -11.567
 7     0.444     0.884     0.144
 7    -0.887     0.411     0.209
 7     0.125    -0.221     0.967
 8   120.034   -26.717    15.092
 8     0.236     0.291     0.927
 8    -0.241    -0.907     0.346
 8     0.941    -0.305    -0.144
 9   132.603   -31.134    41.204
 9     0.167     0.583    -0.795
 9     0.062     0.798     0.599
 9     0.984    -0.150     0.097
 2    97.003   -18.710    59.793
 2     0.505    -0.863     0.025
 2     0.859     0.505     0.078
 2    -0.080    -0.018     0.996
 3   138.930    -2.423     2.436
 3     0.364    -0.032    -0.931
 3     0.217     0.975     0.051
 3     0.906    -0.221     0.362
 4   119.443    13.167   -11.078
 4     0.313    -0.902     0.298
 4     0.949     0.301    -0.087
 4    -0.012     0.310     0.950
 5   115.539    21.336    12.802
 5    -0.012    -0.053     0.998
 5     0.228    -0.972    -0.048
 5     0.973     0.227     0.023
 6   127.316    28.947    42.033
 6     0.238    -0.655    -0.717
 6     0.040     0.744    -0.667
 6     0.970     0.130     0.204
 7   122.134   -21.752   -11.518
 7     0.447     0.883     0.144
 7    -0.885     0.414     0.209
 7     0.125    -0.221     0.967
 8   120.169   -26.902    14.977
 8     0.235     0.300     0.924
 8    -0.245    -0.902     0.355
 8     0.940    -0.310    -0.138
 9   132.810   -31.241    41.193
 9     0.170     0.574    -0.801
 9     0.061     0.805     0.590
 9     0.983    -0.149     0.101
 2    97.003   -18.710    59.742
 2     0.505    -0.863     0.025
 2     0.859     0.505     0.078
 2    -0.080    -0.018     0.996
 3   138.980    -2.373     2.436
 3     0.364    -0.032    -0.931
 3     0.216     0.975     0.051
 3     0.906    -0.220     0.362
 4   119.398    13.194   -11.134
 4     0.314    -0.902     0.296
 4     0.949     0.302    -0.088
 4    -0.010     0.309     0.951
 5   115.701    21.653    12.929
 5     0.002    -0.066     0.998
 5     0.239    -0.969    -0.065
 5     0.971     0.238     0.013
 6   127.939    29.531    41.830
 6     0.250    -0.644    -0.723
 6     0.052     0.755    -0.654
 6     0.967     0.126     0.222
 7   121.999   -21.678   -11.504
 7     0.452     0.880     0.148
 7    -0.884     0.419     0.207
 7     0.120    -0.225     0.967
 8   120.484   -27.068    15.018
 8     0.239     0.307     0.921
 8    -0.257    -0.894     0.366
 8     0.936    -0.324    -0.135
 9   133.598   -31.678    40.683
 9     0.188     0.560    -0.807
 9     0.049     0.815     0.577
 9     0.981    -0.148     0.125
 2    97.003   -18.710    59.742
 2     0.505    -0.863     0.025
 2     0.859     0.505     0.078
 2    -0.080    -0.018     0.996
 3   138.881    -2.349     2.436
 3     0.365    -0.031    -0.930
 3     0.215     0.975     0.052
 3     0.906    -0.220     0.362
 4   119.200    13.195   -11.086
 4     0.312    -0.903     0.295
 4     0.950     0.300    -0.088
 4    -0.009     0.307     0.951
 5   116.079    21.928    13.200
 5     0.033    -0.072     0.997
 5     0.260    -0.962    -0.078
 5     0.965     0.262    -0.013
 6   129.165    30.484    41.388
 6     0.282    -0.638    -0.717
 6     0.079     0.760    -0.645
 6     0.956     0.125     0.264
 7   121.566   -21.536   -11.511
 7     0.458     0.875     0.156
 7    -0.883     0.427     0.197
 7     0.105    -0.228     0.968
 8   121.436   -27.804    15.154
 8     0.282     0.321     0.904
 8    -0.292    -0.869     0.400
 8     0.914    -0.376    -0.151
 9   135.481   -32.884    39.796
 9     0.216     0.514    -0.830
 9     0.016     0.848     0.529
 9     0.976    -0.128     0.175
 2    97.003   -18.710    59.741
 2     0.505    -0.863     0.025
 2     0.859     0.505     0.078
 2    -0.080    -0.017     0.996
 3   138.640    -2.258     2.226
 3     0.374    -0.026    -0.927
 3     0.210     0.976     0.058
 3     0.903    -0.217     0.370
 4   118.732    13.362   -10.933
 4     0.319    -0.900     0.297
 4     0.947     0.308    -0.083
 4    -0.018     0.308     0.951
 5   116.931    22.710    13.388
 5     0.085    -0.079     0.993
 5     0.299    -0.949    -0.101
 5     0.950     0.306    -0.057
 6   131.230    32.212    40.522
 6     0.328    -0.616    -0.716
 6     0.116     0.779    -0.616
 6     0.938     0.118     0.327
 7   121.041   -21.194   -11.523
 7     0.474     0.864     0.169
 7    -0.876     0.445     0.182
 7     0.082    -0.235     0.968
 8   122.967   -28.549    15.163
 8     0.354     0.289     0.889
 8    -0.341    -0.845     0.411
 8     0.870    -0.449    -0.201
 9   138.833   -34.787    37.980
 9     0.293     0.491    -0.820
 9    -0.033     0.862     0.505
 9     0.955    -0.121     0.269
 2    97.003   -18.710    59.741
 2     0.504    -0.863     0.026
 2     0.859     0.505     0.078
 2    -0.080    -0.017     0.996
 3   138.206    -2.190     2.238
 3     0.382    -0.019    -0.924
 3     0.205     0.976     0.065
 3     0.901    -0.215     0.377
 4   118.165    13.337   -10.928
 4     0.339    -0.888     0.309
 4     0.940     0.334    -0.073
 4    -0.039     0.315     0.948
 5   117.821    23.281    13.562
 5     0.149    -0.066     0.986
 5     0.340    -0.933    -0.114
 5     0.928     0.352    -0.117
 6   133.665    33.491    39.403
 6     0.383    -0.592    -0.709
 6     0.148     0.797    -0.585
 6     0.912     0.119     0.393
 7   120.114   -20.963   -11.595
 7     0.493     0.848     0.195
 7    -0.869     0.468     0.161
 7     0.045    -0.249     0.967
 8   124.665   -29.705    14.896
 8     0.453     0.248     0.856
 8    -0.388    -0.810     0.440
 8     0.802    -0.531    -0.271
 9   142.996   -36.385    34.904
 9     0.405     0.461    -0.790
 9    -0.081     0.878     0.471
 9     0.911    -0.127     0.392
 2    97.003   -18.710    59.792
 2     0.504    -0.863     0.025
 2     0.859     0.505     0.078
 2    -0.080    -0.018     0.996
 3   137.657    -2.204     2.018
 3     0.395    -0.007    -0.919
 3     0.202     0.976     0.079
 3     0.896    -0.217     0.387
 4   117.531    13.278   -10.977
 4     0.364    -0.871     0.328
 4     0.928     0.366    -0.060
 4    -0.068     0.326     0.943
 5   118.846    23.761    13.496
 5     0.202    -0.062     0.977
 5     0.367    -0.921    -0.134
 5     0.908     0.385    -0.163
 6   136.326    34.421    38.032
 6     0.452    -0.560    -0.695
 6     0.165     0.818    -0.551
 6     0.876     0.134     0.462
 7   119.278   -20.810   -11.634
 7     0.513     0.829     0.220
 7    -0.858     0.494     0.137
 7     0.005    -0.260     0.965
 8   126.644   -30.508    14.056
 8     0.565     0.182     0.805
 8    -0.417    -0.778     0.469
 8     0.712    -0.601    -0.364
 9   147.100   -37.999    31.069
 9     0.516     0.435    -0.738
 9    -0.119     0.889     0.441
 9     0.848    -0.140     0.510
 2    97.053   -18.710    59.741
 2     0.505    -0.863     0.025
 2     0.859     0.505     0.078
 2    -0.080    -0.017     0.996
 3   137.297    -2.160     1.939
 3     0.402     0.008    -0.916
 3     0.202     0.974     0.097
 3     0.893    -0.224     0.390
 4   117.052    13.080   -11.145
 4     0.396    -0.851     0.346
 4     0.912     0.408    -0.040
 4    -0.108     0.331     0.937
 5   120.045    24.062    13.179
 5     0.266    -0.074     0.961
 5     0.373    -0.911    -0.174
 5     0.889     0.405    -0.215
 6   138.996    34.315    36.246
 6     0.516    -0.521    -0.680
 6     0.169     0.840    -0.515
 6     0.840     0.150     0.521
 7   118.491   -20.603   -11.657
 7     0.540     0.806     0.240
 7    -0.841     0.529     0.115
 7    -0.034    -0.264     0.964
 8   128.788   -31.213    13.029
 8     0.662     0.130     0.738
 8    -0.426    -0.745     0.514
 8     0.616    -0.655    -0.438
 9   150.633   -38.354    26.988
 9     0.615     0.391    -0.685
 9    -0.136     0.908     0.396
 9     0.777    -0.151     0.611
 2    97.053   -18.710    59.792
 2     0.505    -0.863     0.025
 2     0.859     0.505     0.078
 2    -0.080    -0.017     0.996
 3   136.872    -2.251     1.777
 3     0.416     0.024    -0.909
 3     0.199     0.973     0.117
 3     0.887    -0.230     0.400
 4   116.412    12.781   -11.413
 4     0.417    -0.829     0.372
 4     0.896     0.443    -0.019
 4    -0.150     0.341     0.928
 5   121.028    24.128    12.587
 5     0.331    -0.090     0.939
 5     0.377    -0.900    -0.219
 5     0.865     0.427    -0.264
 6   141.595    33.950    34.237
 6     0.579    -0.467    -0.668
 6     0.164     0.869    -0.466
 6     0.799     0.160     0.580
 7   117.923   -20.350   -11.537
 7     0.561     0.783     0.268
 7    -0.824     0.558     0.092
 7    -0.077    -0.272     0.959
 8   130.779   -31.309    11.798
 8     0.747     0.074     0.661
 8    -0.420    -0.719     0.554
 8     0.516    -0.691    -0.506
 9   153.937   -38.330    22.409
 9     0.709     0.346    -0.614
 9    -0.141     0.923     0.358
 9     0.691    -0.168     0.703
 2    97.053   -18.710    59.793
 2     0.505    -0.863     0.025
 2     0.859     0.505     0.078
 2    -0.080    -0.018     0.996
 3   136.715    -2.314     1.493
 3     0.430     0.035    -0.902
 3     0.200     0.970     0.134
 3     0.880    -0.238     0.410
 4   115.909    12.505   -11.520
 4     0.431    -0.806     0.406
 4     0.881     0.473     0.004
 4    -0.196     0.356     0.914
 5   121.950    24.256    12.184
 5     0.381    -0.096     0.919
 5     0.378    -0.891    -0.250
 5     0.843     0.443    -0.304
 6   143.251    33.604    32.447
 6     0.623    -0.443    -0.645
 6     0.164     0.880    -0.445
 6     0.765     0.171     0.620
 7   117.413   -20.309   -11.516
 7     0.578     0.758     0.303
 7    -0.806     0.588     0.065
 7    -0.129    -0.282     0.951
 8   132.564   -31.434    10.207
 8     0.811     0.019     0.585
 8    -0.411    -0.694     0.592
 8     0.417    -0.720    -0.555
 9   156.731   -37.995    17.974
 9     0.780     0.305    -0.546
 9    -0.144     0.937     0.317
 9     0.608    -0.169     0.775
 2    97.053   -18.710    59.792
 2     0.505    -0.863     0.025
 2     0.859     0.505     0.078
 2    -0.080    -0.017     0.996
 3   136.488    -2.274     1.176
 3     0.441     0.040    -0.896
 3     0.202     0.968     0.143
 3     0.874    -0.245     0.419
 4   115.354    12.003   -11.905
 4     0.436    -0.786     0.438
 4     0.867     0.498     0.030
 4    -0.242     0.367     0.898
 5   122.725    24.025    11.407
 5     0.435    -0.109     0.894
 5     0.374    -0.881    -0.289
 5     0.819     0.460    -0.343
 6   144.849    33.391    30.684
 6     0.659    -0.422    -0.623
 6     0.165     0.889    -0.427
 6     0.734     0.179     0.655
 7   117.020   -20.115   -11.419
 7     0.596     0.730     0.334
 7    -0.782     0.622     0.035
 7    -0.182    -0.282     0.942
 8   133.978   -31.766     8.172
 8     0.863    -0.035     0.504
 8    -0.395    -0.669     0.629
 8     0.315    -0.742    -0.592
 9   159.246   -37.773    12.483
 9     0.850     0.264    -0.456
 9    -0.145     0.949     0.279
 9     0.506    -0.172     0.845
 2    97.003   -18.710    59.793
 2     0.505    -0.863     0.025
 2     0.859     0.505     0.078
 2    -0.080    -0.018     0.996
 3   136.386    -2.283     0.960
 3     0.451     0.045    -0.891
 3     0.205     0.966     0.153
 3     0.868    -0.252     0.427
 4   114.875    11.763   -12.013
 4     0.443    -0.768     0.463
 4     0.852     0.520     0.047
 4    -0.277     0.374     0.885
 5   123.301    24.041    10.881
 5     0.468    -0.114     0.876
 5     0.373    -0.873    -0.313
 5     0.801     0.473    -0.366
 6   145.990    33.361    29.331
 6     0.688    -0.402    -0.605
 6     0.164     0.897    -0.410
 6     0.707     0.182     0.683
 7   116.707   -19.973   -11.453
 7     0.608     0.704     0.365
 7    -0.758     0.651     0.007
 7    -0.233    -0.282     0.931
 8   135.142   -31.538     6.353
 8     0.900    -0.083     0.428
 8    -0.376    -0.645     0.665
 8     0.221    -0.759    -0.612
 9   160.661   -37.064     7.335
 9     0.903     0.223    -0.367
 9    -0.139     0.960     0.242
 9     0.406    -0.168     0.898
 2    97.053   -18.710    59.793
 2     0.505    -0.863     0.025
 2     0.859     0.505     0.078
 2    -0.080    -0.018     0.996
 3   136.264    -2.341     0.711
 3     0.460     0.047    -0.887
 3     0.207     0.965     0.158
 3     0.863    -0.257     0.434
 4   114.381    11.403   -12.166
 4     0.444    -0.751     0.488
 4     0.842     0.536     0.059
 4    -0.306     0.384     0.871
 5   123.605    23.932    10.433
 5     0.499    -0.134     0.856
 5     0.361    -0.866    -0.346
 5     0.788     0.482    -0.384
 6   147.007    32.692    27.800
 6     0.719    -0.375    -0.585
 6     0.153     0.907    -0.392
 6     0.678     0.192     0.709
 7   116.165   -19.776   -11.412
 7     0.615     0.684     0.391
 7    -0.739     0.673    -0.016
 7    -0.274    -0.280     0.920
 8   135.935   -31.559     4.575
 8     0.923    -0.132     0.361
 8    -0.359    -0.629     0.689
 8     0.136    -0.766    -0.629
 9   161.322   -36.394     2.788
 9     0.938     0.189    -0.289
 9    -0.130     0.968     0.214
 9     0.320    -0.164     0.933
 2    97.053   -18.710    59.792
 2     0.505    -0.863     0.025
 2     0.859     0.505     0.078
 2    -0.080    -0.017     0.996
 3   136.166    -2.349     0.512
 3     0.469     0.049    -0.882
 3     0.208     0.964     0.164
 3     0.858    -0.260     0.442
 4   113.955    11.193   -12.312
 4     0.445    -0.734     0.513
 4     0.830     0.553     0.071
 4    -0.337     0.394     0.855
 5   123.914    23.928     9.832
 5     0.523    -0.155     0.838
 5     0.351    -0.857    -0.378
 5     0.776     0.492    -0.394
 6   147.708    32.187    26.762
 6     0.738    -0.351    -0.576
 6     0.144     0.917    -0.373
 6     0.659     0.192     0.727
 7   115.671   -19.557   -11.289
 7     0.617     0.667     0.417
 7    -0.721     0.692    -0.041
 7    -0.316    -0.276     0.908
 8   136.474   -31.142     2.906
 8     0.942    -0.163     0.292
 8    -0.329    -0.615     0.717
 8     0.063    -0.771    -0.633
 9   161.724   -35.123    -0.831
 9     0.962     0.150    -0.229
 9    -0.109     0.977     0.183
 9     0.251    -0.151     0.956
 2    97.003   -18.710    59.793
 2     0.505    -0.863     0.025
 2     0.859     0.505     0.078
 2    -0.080    -0.018     0.996
 3   135.956    -2.491     0.024
 3     0.485     0.053    -0.873
 3     0.205     0.963     0.172
 3     0.850    -0.263     0.456
 4   113.525    10.903   -12.504
 4     0.448    -0.709     0.544
 4     0.814     0.575     0.080
 4    -0.370     0.407     0.835
 5   124.295    23.781     9.235
 5     0.541    -0.178     0.822
 5     0.341    -0.847    -0.408
 5     0.769     0.501    -0.397
 6   148.620    31.526    25.290
 6     0.761    -0.322    -0.563
 6     0.136     0.928    -0.347
 6     0.634     0.188     0.750
 7   115.154   -19.591   -11.343
 7     0.616     0.649     0.446
 7    -0.702     0.709    -0.062
 7    -0.357    -0.276     0.892
 8   137.150   -30.720     1.303
 8     0.955    -0.195     0.221
 8    -0.295    -0.612     0.734
 8    -0.007    -0.767    -0.642
 9   162.234   -33.731    -4.701
 9     0.982     0.106    -0.156
 9    -0.080     0.982     0.167
 9     0.171    -0.152     0.973
 2    97.053   -18.710    59.793
 2     0.505    -0.863     0.025
 2     0.859     0.505     0.078
 2    -0.080    -0.018     0.996
 3   135.882    -2.654    -0.170
 3     0.496     0.060    -0.866
 3     0.204     0.961     0.184
 3     0.844    -0.268     0.465
 4   113.315    10.725   -12.617
 4     0.447    -0.693     0.565
 4     0.803     0.589     0.088
 4    -0.394     0.414     0.820
 5   124.761    23.803     8.777
 5     0.563    -0.186     0.805
 5     0.340    -0.836    -0.431
 5     0.753     0.516    -0.408
 6   149.698    31.140    23.934
 6     0.785    -0.292    -0.546
 6     0.128     0.939    -0.317
 6     0.605     0.179     0.775
 7   114.894   -19.618   -11.291
 7     0.621     0.627     0.470
 7    -0.678     0.731    -0.079
 7    -0.393    -0.270     0.879
 8   137.850   -29.866    -0.060
 8     0.965    -0.216     0.146
 8    -0.250    -0.607     0.754
 8    -0.074    -0.765    -0.640
 9   162.508   -31.698    -8.192
 9     0.994     0.057    -0.091
 9    -0.043     0.988     0.149
 9     0.098    -0.145     0.984
 2    97.003   -18.710    59.793
 2     0.505    -0.863     0.025
 2     0.859     0.505     0.078
 2    -0.080    -0.018     0.996
 3   135.812    -2.738    -0.319
 3     0.504     0.064    -0.861
 3     0.203     0.960     0.191
 3     0.839    -0.272     0.471
 4   113.021    10.451   -12.645
 4     0.447    -0.680     0.580
 4     0.794     0.601     0.092
 4    -0.412     0.419     0.809
 5   125.266    23.592     8.332
 5     0.589    -0.188     0.785
 5     0.338    -0.826    -0.451
 5     0.733     0.532    -0.423
 6   150.666    30.392    22.062
 6     0.813    -0.255    -0.523
 6     0.115     0.952    -0.283
 6     0.570     0.170     0.803
 7   114.694   -19.700   -11.227
 7     0.624     0.606     0.493
 7    -0.650     0.753    -0.103
 7    -0.433    -0.257     0.864
 8   138.196   -29.559    -2.127
 8     0.965    -0.250     0.073
 8    -0.212    -0.589     0.779
 8    -0.152    -0.768    -0.622
 9   162.546   -29.880   -12.346
 9     1.000     0.007    -0.012
 9    -0.006     0.993     0.117
 9     0.013    -0.117     0.993
 2    97.003   -18.710    59.741
 2     0.505    -0.863     0.026
 2     0.859     0.505     0.078
 2    -0.080    -0.017     0.996
 3   135.796    -2.871    -0.551
 3     0.511     0.067    -0.857
 3     0.202     0.959     0.196
 3     0.835    -0.274     0.477
 4   112.931    10.152   -12.825
 4     0.449    -0.668     0.594
 4     0.783     0.613     0.097
 4    -0.429     0.422     0.799
 5   125.750    23.471     7.900
 5     0.606    -0.191     0.771
 5     0.335    -0.819    -0.466
 5     0.721     0.541    -0.433
 6   151.544    29.838    21.127
 6     0.829    -0.230    -0.509
 6     0.105     0.959    -0.261
 6     0.549     0.163     0.820
 7   114.633   -19.585   -11.148
 7     0.623     0.586     0.518
 7    -0.620     0.773    -0.130
 7    -0.477    -0.241     0.845
 8   138.493   -29.003    -4.144
 8     0.956    -0.291     0.008
 8    -0.180    -0.570     0.802
 8    -0.229    -0.769    -0.597
 9   161.881   -28.534   -17.339
 9     0.996    -0.027     0.081
 9     0.021     0.997     0.078
 9    -0.083    -0.076     0.993
 2    97.053   -18.710    59.741
 2     0.505    -0.863     0.026
 2     0.859     0.505     0.078
 2    -0.080    -0.017     0.996
 3   135.887    -2.874    -0.591
 3     0.514     0.068    -0.855
 3     0.203     0.959     0.198
 3     0.833    -0.275     0.479
 4   112.854     9.936   -13.024
 4     0.451    -0.658     0.603
 4     0.776     0.622     0.098
 4    -0.440     0.424     0.791
 5   126.042    23.277     7.537
 5     0.619    -0.194     0.761
 5     0.333    -0.813    -0.478
 5     0.711     0.549    -0.439
 6   152.071    29.360    19.984
 6     0.843    -0.212    -0.494
 6     0.098     0.964    -0.246
 6     0.528     0.159     0.834
 7   114.575   -19.447   -11.096
 7     0.616     0.571     0.542
 7    -0.593     0.790    -0.159
 7    -0.519    -0.224     0.825
 8   138.491   -29.190    -6.394
 8     0.936    -0.350    -0.046
 8    -0.167    -0.554     0.815
 8    -0.310    -0.755    -0.577
 9   160.596   -27.625   -21.991
 9     0.983    -0.048     0.177
 9     0.037     0.997     0.061
 9    -0.180    -0.053     0.982
 2    97.053   -18.710    59.793
 2     0.505    -0.863     0.025
 2     0.859     0.505     0.078
 2    -0.080    -0.018     0.996
 3   135.950    -2.981    -0.829
 3     0.521     0.069    -0.851
 3     0.201     0.958     0.201
 3     0.830    -0.276     0.485
 4   112.795     9.693   -13.167
 4     0.451    -0.646     0.616
 4     0.769     0.631     0.098
 4    -0.453     0.430     0.781
 5   126.377    23.183     7.105
 5     0.632    -0.192     0.751
 5     0.334    -0.807    -0.488
 5     0.699     0.559    -0.446
 6   152.472    29.276    19.359
 6     0.850    -0.206    -0.485
 6     0.097     0.966    -0.240
 6     0.518     0.156     0.841
 7   114.371   -19.440   -11.053
 7     0.600     0.555     0.575
 7    -0.569     0.802    -0.181
 7    -0.562    -0.219     0.798
 8   138.272   -28.971    -8.293
 8     0.908    -0.407    -0.095
 8    -0.156    -0.542     0.825
 8    -0.387    -0.735    -0.556
 9   158.877   -27.268   -27.455
 9     0.955    -0.059     0.289
 9     0.044     0.997     0.057
 9    -0.292    -0.042     0.956
 2    97.003   -18.710    59.741
 2     0.505    -0.863     0.026
 2     0.859     0.505     0.078
 2    -0.080    -0.017     0.996
 3   136.065    -3.069    -1.295
 3     0.533     0.067    -0.843
 3     0.199     0.958     0.203
 3     0.822    -0.277     0.497
 4   112.639     9.641   -13.195
 4     0.450    -0.638     0.624
 4     0.768     0.633     0.092
 4    -0.454     0.438     0.776
 5   126.410    23.201     6.971
 5     0.638    -0.190     0.746
 5     0.334    -0.805    -0.490
 5     0.694     0.562    -0.451
 6   152.785    28.954    18.614
 6     0.861    -0.187    -0.474
 6     0.092     0.972    -0.216
 6     0.500     0.142     0.854
 7   113.970   -19.232   -10.985
 7     0.581     0.543     0.606
 7    -0.547     0.812    -0.203
 7    -0.603    -0.214     0.769
 8   137.583   -29.138   -10.305
 8     0.875    -0.466    -0.127
 8    -0.154    -0.518     0.841
 8    -0.458    -0.717    -0.525
 9   156.811   -27.096   -31.594
 9     0.925    -0.058     0.375
 9     0.046     0.998     0.041
 9    -0.377    -0.021     0.926
 2    97.003   -18.710    59.793
 2     0.505    -0.863     0.025
 2     0.859     0.505     0.078
 2    -0.080    -0.018     0.996
 3   136.158    -2.952    -1.489
 3     0.543     0.062    -0.837
 3     0.199     0.959     0.201
 3     0.815    -0.276     0.509
 4   112.646     9.774   -13.214
 4     0.450    -0.636     0.627
 4     0.772     0.629     0.084
 4    -0.449     0.446     0.774
 5   126.590    23.299     6.966
 5     0.643    -0.200     0.739
 5     0.321    -0.806    -0.497
 5     0.695     0.557    -0.455
 6   152.899    28.744    18.454
 6     0.865    -0.179    -0.469
 6     0.086     0.973    -0.213
 6     0.495     0.143     0.857
 7   113.807   -18.959   -10.939
 7     0.565     0.535     0.628
 7    -0.534     0.818    -0.216
 7    -0.629    -0.213     0.748
 8   136.866   -29.070   -12.100
 8     0.838    -0.522    -0.155
