% Calibrated with leiden_pols
% Positions are in centimeters
Data =[
 2    97.053   -18.710    59.793
 2     0.505    -0.863     0.025
 2     0.859     0.505     0.078
 2    -0.080    -0.018     0.996
 3   142.218    -4.938     1.946
 3     0.369     0.040    -0.929
 3     0.193     0.974     0.118
 3     0.909    -0.223     0.351
 4   122.040     8.731   -13.002
 4     0.316    -0.913     0.260
 4     0.939     0.339     0.048
 4    -0.132     0.229     0.964
 5   122.504    20.710    11.561
 5     0.197    -0.361     0.911
 5     0.235    -0.885    -0.401
 5     0.952     0.293    -0.090
 6   136.130    27.875    39.623
 6     0.300    -0.686    -0.662
 6     0.039     0.703    -0.710
 6     0.953     0.187     0.238
 7   124.642   -23.122   -12.670
 7     0.406     0.905     0.122
 7    -0.906     0.383     0.177
 7     0.113    -0.183     0.976
 8   121.719   -28.352    13.541
 8     0.192     0.412     0.891
 8    -0.202    -0.872     0.447
 8     0.960    -0.266    -0.085
 9   133.559   -31.819    40.614
 9     0.168     0.654    -0.737
 9     0.110     0.731     0.673
 9     0.979    -0.195     0.051
 2    97.053   -18.710    59.793
 2     0.505    -0.863     0.025
 2     0.859     0.505     0.078
 2    -0.080    -0.018     0.996
 3   142.218    -4.937     1.997
 3     0.368     0.039    -0.929
 3     0.193     0.974     0.117
 3     0.909    -0.223     0.351
 4   122.090     8.731   -13.053
 4     0.315    -0.913     0.259
 4     0.939     0.338     0.048
 4    -0.132     0.228     0.964
 5   122.455    20.735    11.563
 5     0.197    -0.361     0.911
 5     0.235    -0.885    -0.401
 5     0.952     0.293    -0.089
 6   136.131    27.875    39.572
 6     0.300    -0.686    -0.662
 6     0.039     0.703    -0.710
 6     0.953     0.187     0.238
 7   124.694   -23.121   -12.673
 7     0.407     0.905     0.122
 7    -0.906     0.383     0.177
 7     0.114    -0.183     0.976
 8   121.743   -28.353    13.541
 8     0.192     0.412     0.890
 8    -0.202    -0.871     0.447
 8     0.960    -0.266    -0.084
 9   133.509   -31.819    40.614
 9     0.168     0.654    -0.737
 9     0.110     0.731     0.673
 9     0.979    -0.195     0.051
 2    97.003   -18.710    59.742
 2     0.505    -0.863     0.025
 2     0.859     0.505     0.078
 2    -0.080    -0.018     0.996
 3   142.268    -4.937     1.997
 3     0.368     0.039    -0.929
 3     0.193     0.974     0.118
 3     0.909    -0.223     0.351
 4   122.092     8.783   -13.005
 4     0.316    -0.913     0.258
 4     0.939     0.338     0.048
 4    -0.131     0.228     0.965
 5   122.454    20.786    11.589
 5     0.195    -0.362     0.911
 5     0.234    -0.885    -0.402
 5     0.952     0.292    -0.088
 6   136.079    27.875    39.672
 6     0.299    -0.687    -0.662
 6     0.038     0.702    -0.711
 6     0.953     0.188     0.236
 7   124.694   -23.070   -12.648
 7     0.407     0.905     0.121
 7    -0.906     0.384     0.177
 7     0.114    -0.182     0.976
 8   121.718   -28.327    13.541
 8     0.191     0.412     0.890
 8    -0.201    -0.871     0.447
 8     0.960    -0.265    -0.084
 9   133.561   -31.768    40.666
 9     0.168     0.655    -0.737
 9     0.110     0.730     0.674
 9     0.979    -0.195     0.050
 2    97.003   -18.710    59.792
 2     0.504    -0.863     0.025
 2     0.859     0.505     0.078
 2    -0.080    -0.018     0.996
 3   142.268    -4.886     1.997
 3     0.367     0.039    -0.929
 3     0.194     0.974     0.118
 3     0.909    -0.224     0.350
 4   122.120     8.834   -13.007
 4     0.316    -0.913     0.258
 4     0.940     0.338     0.047
 4    -0.130     0.227     0.965
 5   122.454    20.836    11.565
 5     0.195    -0.364     0.911
 5     0.234    -0.885    -0.403
 5     0.952     0.291    -0.087
 6   136.079    27.873    39.722
 6     0.299    -0.687    -0.662
 6     0.036     0.702    -0.711
 6     0.953     0.189     0.235
 7   124.697   -23.070   -12.599
 7     0.405     0.906     0.120
 7    -0.907     0.382     0.178
 7     0.115    -0.182     0.976
 8   121.676   -28.226    13.581
 8     0.190     0.411     0.891
 8    -0.202    -0.872     0.445
 8     0.961    -0.265    -0.083
 9   133.473   -31.765    40.700
 9     0.167     0.658    -0.734
 9     0.109     0.727     0.677
 9     0.980    -0.194     0.050
 2    97.053   -18.710    59.792
 2     0.504    -0.863     0.025
 2     0.860     0.504     0.078
 2    -0.080    -0.018     0.996
 3   142.274    -4.833     2.118
 3     0.366     0.040    -0.930
 3     0.194     0.974     0.119
 3     0.910    -0.224     0.348
 4   122.174     8.862   -12.962
 4     0.316    -0.913     0.257
 4     0.940     0.338     0.045
 4    -0.128     0.227     0.965
 5   122.463    20.889    11.633
 5     0.194    -0.365     0.910
 5     0.233    -0.885    -0.404
 5     0.953     0.290    -0.086
 6   136.028    27.872    39.746
 6     0.300    -0.687    -0.662
 6     0.035     0.701    -0.712
 6     0.953     0.190     0.234
 7   124.701   -22.993   -12.605
 7     0.404     0.906     0.119
 7    -0.907     0.381     0.179
 7     0.117    -0.181     0.976
 8   121.625   -28.154    13.634
 8     0.188     0.411     0.892
 8    -0.203    -0.873     0.444
 8     0.961    -0.265    -0.081
 9   133.399   -31.817    40.700
 9     0.167     0.661    -0.731
 9     0.108     0.725     0.680
 9     0.980    -0.193     0.050
 2    97.053   -18.710    59.793
 2     0.505    -0.863     0.025
 2     0.859     0.505     0.078
 2    -0.080    -0.018     0.996
 3   142.224    -4.732     2.118
 3     0.365     0.041    -0.930
 3     0.194     0.974     0.119
 3     0.910    -0.224     0.347
 4   122.179     8.914   -12.916
 4     0.316    -0.913     0.256
 4     0.940     0.338     0.043
 4    -0.126     0.227     0.965
 5   122.513    20.889    11.582
 5     0.194    -0.366     0.910
 5     0.233    -0.884    -0.405
 5     0.953     0.291    -0.086
 6   136.028    27.870    39.719
 6     0.300    -0.687    -0.661
 6     0.033     0.701    -0.713
 6     0.953     0.192     0.233
 7   124.701   -22.892   -12.554
 7     0.403     0.907     0.119
 7    -0.907     0.380     0.179
 7     0.117    -0.180     0.976
 8   121.550   -28.105    13.635
 8     0.187     0.409     0.893
 8    -0.204    -0.873     0.443
 8     0.961    -0.265    -0.080
 9   133.351   -31.819    40.751
 9     0.168     0.665    -0.728
 9     0.107     0.721     0.684
 9     0.980    -0.193     0.050
 2    97.053   -18.710    59.793
 2     0.505    -0.863     0.025
 2     0.859     0.505     0.078
 2    -0.080    -0.018     0.996
 3   142.231    -4.731     2.111
 3     0.365     0.042    -0.930
 3     0.193     0.974     0.119
 3     0.911    -0.224     0.347
 4   122.185     9.043   -12.925
 4     0.318    -0.913     0.257
 4     0.940     0.338     0.039
 4    -0.123     0.229     0.965
 5   122.413    20.965    11.585
 5     0.192    -0.368     0.910
 5     0.233    -0.883    -0.406
 5     0.953     0.290    -0.084
 6   136.027    27.869    39.744
 6     0.300    -0.687    -0.661
 6     0.032     0.700    -0.713
 6     0.953     0.193     0.232
 7   124.601   -22.893   -12.604
 7     0.401     0.908     0.119
 7    -0.908     0.378     0.178
 7     0.117    -0.180     0.977
 8   121.401   -27.982    13.585
 8     0.185     0.405     0.895
 8    -0.205    -0.875     0.438
 8     0.961    -0.265    -0.079
 9   133.205   -31.772    40.649
 9     0.170     0.669    -0.723
 9     0.105     0.717     0.688
 9     0.980    -0.194     0.051
 2    97.003   -18.710    59.792
 2     0.504    -0.863     0.025
 2     0.859     0.505     0.078
 2    -0.080    -0.018     0.996
 3   142.181    -4.730     2.162
 3     0.364     0.043    -0.930
 3     0.193     0.974     0.121
 3     0.911    -0.224     0.346
 4   122.247     9.198   -12.939
 4     0.323    -0.911     0.257
 4     0.939     0.342     0.033
 4    -0.118     0.230     0.966
 5   122.425    21.156    11.591
 5     0.173    -0.371     0.912
 5     0.238    -0.883    -0.405
 5     0.955     0.287    -0.065
 6   136.027    27.919    39.718
 6     0.301    -0.687    -0.661
 6     0.031     0.700    -0.713
 6     0.953     0.194     0.232
 7   124.599   -22.819   -12.600
 7     0.400     0.909     0.119
 7    -0.909     0.377     0.177
 7     0.116    -0.180     0.977
 8   121.288   -27.846    13.444
 8     0.170     0.397     0.902
 8    -0.208    -0.880     0.427
 8     0.963    -0.261    -0.068
 9   133.068   -31.778    40.714
 9     0.172     0.675    -0.718
 9     0.103     0.712     0.694
 9     0.979    -0.193     0.053
 2    97.003   -18.710    59.792
 2     0.504    -0.863     0.025
 2     0.859     0.505     0.078
 2    -0.080    -0.018     0.996
 3   142.187    -4.703     2.155
 3     0.362     0.045    -0.931
 3     0.193     0.974     0.122
 3     0.912    -0.224     0.344
 4   122.307     9.327   -12.950
 4     0.329    -0.909     0.257
 4     0.937     0.347     0.027
 4    -0.114     0.232     0.966
 5   122.350    21.106    11.520
 5     0.171    -0.371     0.913
 5     0.240    -0.883    -0.404
 5     0.955     0.288    -0.062
 6   136.026    27.918    39.717
 6     0.301    -0.687    -0.661
 6     0.030     0.700    -0.714
 6     0.953     0.195     0.231
 7   124.546   -22.771   -12.648
 7     0.397     0.910     0.118
 7    -0.910     0.375     0.175
 7     0.115    -0.178     0.977
 8   120.876   -27.806    13.104
 8     0.152     0.385     0.910
 8    -0.220    -0.884     0.411
 8     0.963    -0.263    -0.050
 9   132.612   -31.965    40.187
 9     0.175     0.686    -0.707
 9     0.094     0.702     0.705
 9     0.980    -0.190     0.058
 2    97.001   -18.685    59.744
 2     0.504    -0.863     0.025
 2     0.859     0.505     0.078
 2    -0.081    -0.018     0.996
 3   142.157    -4.723     2.159
 3     0.356     0.050    -0.933
 3     0.191     0.973     0.125
 3     0.915    -0.223     0.337
 4   122.533     9.511   -12.900
 4     0.337    -0.906     0.253
 4     0.935     0.353     0.016
 4    -0.104     0.231     0.967
 5   122.356    21.113    11.467
 5     0.163    -0.365     0.917
 5     0.242    -0.886    -0.395
 5     0.956     0.286    -0.056
 6   135.900    28.019    39.792
 6     0.299    -0.690    -0.658
 6     0.029     0.696    -0.717
 6     0.953     0.195     0.229
 7   124.527   -22.504   -12.926
 7     0.387     0.915     0.116
 7    -0.916     0.366     0.164
 7     0.107    -0.170     0.979
 8   120.110   -27.696    12.464
 8     0.115     0.367     0.923
 8    -0.237    -0.892     0.384
 8     0.964    -0.263    -0.016
 9   131.272   -32.441    39.863
 9     0.158     0.707    -0.689
 9     0.081     0.686     0.722
 9     0.984    -0.171     0.051
 2    97.003   -18.710    59.742
 2     0.505    -0.863     0.025
 2     0.859     0.505     0.078
 2    -0.080    -0.018     0.996
 3   142.252    -4.635     2.209
 3     0.341     0.059    -0.938
 3     0.184     0.974     0.129
 3     0.922    -0.217     0.321
 4   123.166     9.933   -12.859
 4     0.357    -0.902     0.244
 4     0.930     0.366    -0.009
 4    -0.081     0.230     0.970
 5   122.016    21.068    11.295
 5     0.127    -0.334     0.934
 5     0.252    -0.900    -0.356
 5     0.959     0.281    -0.030
 6   134.893    28.216    39.897
 6     0.281    -0.711    -0.644
 6     0.032     0.678    -0.735
 6     0.959     0.186     0.213
 7   124.697   -22.341   -13.555
 7     0.359     0.927     0.104
 7    -0.927     0.342     0.154
 7     0.107    -0.152     0.982
 8   118.700   -27.606    11.131
 8     0.044     0.351     0.935
 8    -0.261    -0.900     0.350
 8     0.964    -0.260     0.051
 9   128.496   -32.625    38.909
 9     0.115     0.726    -0.678
 9     0.071     0.675     0.734
 9     0.991    -0.132     0.026
 2    97.003   -18.710    59.742
 2     0.505    -0.863     0.025
 2     0.859     0.505     0.078
 2    -0.080    -0.018     0.996
 3   142.357    -4.751     2.195
 3     0.326     0.073    -0.943
 3     0.171     0.976     0.135
 3     0.930    -0.205     0.305
 4   123.839    10.302   -12.908
 4     0.370    -0.899     0.233
 4     0.927     0.374    -0.029
 4    -0.062     0.226     0.972
 5   121.673    20.872    10.965
 5     0.081    -0.306     0.948
 5     0.259    -0.912    -0.317
 5     0.962     0.271     0.005
 6   133.377    28.922    40.185
 6     0.244    -0.745    -0.620
 6     0.046     0.647    -0.760
 6     0.969     0.157     0.192
 7   125.189   -21.927   -14.259
 7     0.325     0.942     0.084
 7    -0.939     0.312     0.142
 7     0.107    -0.126     0.986
 8   116.878   -27.701     9.463
 8    -0.054     0.341     0.938
 8    -0.282    -0.907     0.313
 8     0.958    -0.247     0.145
 9   124.861   -33.163    37.645
 9     0.042     0.751    -0.659
 9     0.056     0.656     0.752
 9     0.997    -0.069    -0.015
 2    97.003   -18.710    59.741
 2     0.505    -0.863     0.025
 2     0.859     0.505     0.078
 2    -0.080    -0.017     0.996
 3   142.546    -5.020     2.295
 3     0.306     0.086    -0.948
 3     0.152     0.978     0.138
 3     0.939    -0.187     0.286
 4   124.604    10.732   -12.956
 4     0.373    -0.902     0.216
 4     0.927     0.371    -0.051
 4    -0.034     0.219     0.975
 5   121.154    20.670    11.065
 5     0.035    -0.266     0.963
 5     0.266    -0.927    -0.266
 5     0.963     0.265     0.038
 6   131.728    29.446    40.384
 6     0.214    -0.783    -0.583
 6     0.061     0.607    -0.792
 6     0.975     0.134     0.178
 7   125.566   -21.597   -14.890
 7     0.286     0.955     0.067
 7    -0.953     0.277     0.124
 7     0.100    -0.099     0.990
 8   115.278   -27.508     7.952
 8    -0.155     0.302     0.940
 8    -0.301    -0.921     0.246
 8     0.941    -0.245     0.234
 9   119.532   -32.704    34.653
 9    -0.038     0.786    -0.617
 9     0.025     0.618     0.786
 9     0.999     0.014    -0.044
 2    97.003   -18.710    59.741
 2     0.505    -0.863     0.026
 2     0.859     0.505     0.078
 2    -0.080    -0.017     0.996
 3   142.705    -5.139     2.218
 3     0.290     0.096    -0.952
 3     0.134     0.981     0.140
 3     0.947    -0.169     0.272
 4   125.190    11.134   -12.791
 4     0.376    -0.906     0.195
 4     0.926     0.370    -0.070
 4    -0.009     0.207     0.978
 5   120.971    20.609    10.928
 5     0.003    -0.251     0.968
 5     0.266    -0.933    -0.243
 5     0.964     0.258     0.064
 6   130.894    29.622    40.452
 6     0.192    -0.801    -0.567
 6     0.064     0.587    -0.807
 6     0.979     0.119     0.164
 7   125.887   -21.294   -15.308
 7     0.251     0.966     0.049
 7    -0.964     0.245     0.105
 7     0.090    -0.074     0.993
 8   114.055   -27.252     6.494
 8    -0.232     0.271     0.934
 8    -0.316    -0.929     0.191
 8     0.920    -0.250     0.301
 9   117.555   -36.341    35.021
 9    -0.086     0.820    -0.566
 9    -0.002     0.568     0.823
 9     0.996     0.072    -0.047
 2    97.003   -18.710    59.793
 2     0.505    -0.863     0.025
 2     0.859     0.505     0.078
 2    -0.080    -0.018     0.996
 3   142.936    -5.311     2.323
 3     0.274     0.108    -0.955
 3     0.115     0.983     0.144
 3     0.954    -0.150     0.257
 4   125.876    11.560   -12.677
 4     0.383    -0.906     0.177
 4     0.923     0.373    -0.090
 4     0.016     0.198     0.980
 5   120.803    20.742    10.956
 5    -0.032    -0.237     0.971
 5     0.271    -0.937    -0.220
 5     0.962     0.256     0.094
 6   130.179    29.822    40.486
 6     0.174    -0.811    -0.558
 6     0.068     0.575    -0.815
 6     0.982     0.104     0.155
 7   126.149   -20.939   -15.608
 7     0.225     0.973     0.042
 7    -0.971     0.221     0.085
 7     0.074    -0.060     0.995
 8   113.404   -26.977     5.452
 8    -0.286     0.254     0.924
 8    -0.323    -0.933     0.156
 8     0.902    -0.253     0.349
 9   115.714   -36.891    33.802
 9    -0.116     0.850    -0.514
 9    -0.022     0.515     0.857
 9     0.993     0.111    -0.042
 2    97.003   -18.710    59.793
 2     0.505    -0.863     0.025
 2     0.859     0.505     0.078
 2    -0.080    -0.018     0.996
 3   142.977    -5.436     2.342
 3     0.265     0.114    -0.958
 3     0.101     0.984     0.145
 3     0.959    -0.135     0.249
 4   126.336    11.800   -12.585
 4     0.387    -0.907     0.165
 4     0.921     0.375    -0.101
 4     0.030     0.191     0.981
 5   120.657    20.742    11.027
 5    -0.058    -0.222     0.973
 5     0.275    -0.941    -0.198
 5     0.959     0.256     0.115
 6   129.516    30.155    40.598
 6     0.155    -0.823    -0.546
 6     0.075     0.561    -0.825
 6     0.985     0.087     0.148
 7   126.467   -20.807   -15.965
 7     0.206     0.978     0.041
 7    -0.977     0.203     0.070
 7     0.060    -0.055     0.996
 8   112.921   -26.834     4.580
 8    -0.328     0.254     0.910
 8    -0.330    -0.933     0.142
 8     0.885    -0.254     0.390
 9   113.639   -37.504    32.900
 9    -0.163     0.859    -0.485
 9    -0.036     0.486     0.873
 9     0.986     0.160    -0.048
 2    97.003   -18.710    59.793
 2     0.505    -0.863     0.025
 2     0.859     0.505     0.078
 2    -0.080    -0.018     0.996
 3   143.178    -5.356     2.410
 3     0.256     0.116    -0.959
 3     0.094     0.985     0.144
 3     0.962    -0.127     0.241
 4   126.709    11.985   -12.505
 4     0.389    -0.908     0.155
 4     0.920     0.376    -0.107
 4     0.039     0.184     0.982
 5   120.502    20.742    10.948
 5    -0.077    -0.213     0.974
 5     0.280    -0.942    -0.184
 5     0.957     0.258     0.132
 6   128.967    30.587    40.654
 6     0.140    -0.833    -0.536
 6     0.083     0.549    -0.832
 6     0.987     0.072     0.146
 7   126.622   -20.515   -16.116
 7     0.195     0.980     0.036
 7    -0.979     0.193     0.060
 7     0.052    -0.047     0.997
 8   112.287   -26.914     3.555
 8    -0.367     0.257     0.894
 8    -0.338    -0.932     0.130
 8     0.866    -0.255     0.429
 9   111.760   -37.889    31.620
 9    -0.213     0.849    -0.484
 9    -0.055     0.484     0.873
 9     0.975     0.212    -0.057
 2    97.003   -18.710    59.792
 2     0.504    -0.863     0.025
 2     0.859     0.505     0.078
 2    -0.080    -0.018     0.996
 3   143.246    -5.409     2.283
 3     0.251     0.120    -0.960
 3     0.085     0.986     0.145
 3     0.964    -0.119     0.238
 4   126.873    12.040   -12.516
 4     0.390    -0.909     0.148
 4     0.920     0.377    -0.110
 4     0.044     0.178     0.983
 5   120.231    20.736    10.781
 5    -0.095    -0.204     0.974
 5     0.286    -0.943    -0.170
 5     0.953     0.262     0.148
 6   128.406    30.862    40.474
 6     0.127    -0.839    -0.529
 6     0.091     0.541    -0.836
 6     0.988     0.058     0.145
 7   126.854   -20.088   -16.584
 7     0.168     0.985     0.031
 7    -0.985     0.167     0.038
 7     0.033    -0.037     0.999
 8   111.451   -26.677     2.219
 8    -0.419     0.253     0.872
 8    -0.347    -0.932     0.104
 8     0.839    -0.259     0.478
 9   108.969   -38.106    30.054
 9    -0.276     0.834    -0.478
 9    -0.069     0.479     0.875
 9     0.958     0.274    -0.075
 2    97.003   -18.710    59.793
 2     0.505    -0.863     0.025
 2     0.859     0.505     0.078
 2    -0.080    -0.018     0.996
 3   143.348    -5.488     2.166
 3     0.244     0.124    -0.962
 3     0.072     0.986     0.146
 3     0.967    -0.105     0.232
 4   127.249    12.175   -12.463
 4     0.391    -0.911     0.132
 4     0.919     0.378    -0.115
 4     0.054     0.166     0.984
 5   120.009    20.680    10.675
 5    -0.120    -0.199     0.972
 5     0.292    -0.943    -0.157
 5     0.949     0.265     0.172
 6   127.434    31.231    40.522
 6     0.101    -0.847    -0.523
 6     0.101     0.531    -0.841
 6     0.990     0.032     0.139
 7   126.839   -19.766   -16.816
 7     0.131     0.991     0.026
 7    -0.991     0.131     0.017
 7     0.014    -0.029     0.999
 8   110.364   -26.412     0.767
 8    -0.484     0.242     0.841
 8    -0.342    -0.937     0.073
 8     0.805    -0.252     0.536
 9   105.547   -38.097    28.341
 9    -0.350     0.812    -0.467
 9    -0.072     0.474     0.877
 9     0.934     0.341    -0.107
 2    97.003   -18.710    59.793
 2     0.505    -0.863     0.025
 2     0.859     0.505     0.078
 2    -0.080    -0.018     0.996
 3   143.469    -5.855     2.137
 3     0.240     0.138    -0.961
 3     0.055     0.986     0.156
 3     0.969    -0.091     0.229
 4   127.621    12.230   -12.249
 4     0.396    -0.910     0.121
 4     0.916     0.383    -0.119
 4     0.061     0.158     0.985
 5   120.001    20.473    10.622
 5    -0.147    -0.181     0.972
 5     0.294    -0.947    -0.132
 5     0.944     0.267     0.192
 6   126.488    31.710    40.407
 6     0.070    -0.866    -0.495
 6     0.122     0.500    -0.857
 6     0.990    -0.000     0.141
 7   126.603   -19.462   -16.926
 7     0.077     0.996     0.029
 7    -0.997     0.077    -0.014
 7    -0.017    -0.028     0.999
 8   109.139   -25.819    -0.481
 8    -0.536     0.213     0.816
 8    -0.341    -0.940     0.022
 8     0.772    -0.267     0.577
 9   101.962   -37.786    26.388
 9    -0.429     0.791    -0.436
 9    -0.078     0.449     0.890
 9     0.900     0.415    -0.131
 2    97.003   -18.710    59.793
 2     0.505    -0.863     0.025
 2     0.859     0.505     0.078
 2    -0.080    -0.018     0.996
 3   143.593    -6.410     2.079
 3     0.242     0.157    -0.958
 3     0.035     0.984     0.170
 3     0.969    -0.075     0.233
 4   127.972    12.228   -11.965
 4     0.404    -0.907     0.121
 4     0.912     0.391    -0.119
 4     0.060     0.158     0.985
 5   119.872    20.537    10.547
 5    -0.168    -0.185     0.968
 5     0.302    -0.945    -0.128
 5     0.938     0.271     0.214
 6   125.550    32.201    40.432
 6     0.039    -0.866    -0.498
 6     0.136     0.498    -0.856
 6     0.990    -0.035     0.137
 7   126.388   -19.141   -17.074
 7     0.043     0.998     0.032
 7    -0.998     0.045    -0.037
 7    -0.038    -0.031     0.999
 8   108.415   -25.344    -1.579
 8    -0.583     0.190     0.789
 8    -0.344    -0.938    -0.027
 8     0.736    -0.287     0.613
 9    98.616   -38.105    24.094
 9    -0.509     0.756    -0.411
 9    -0.089     0.429     0.899
 9     0.856     0.494    -0.151
 2    97.003   -18.710    59.793
 2     0.505    -0.863     0.025
 2     0.859     0.505     0.078
 2    -0.080    -0.018     0.996
 3   143.593    -6.826     1.949
 3     0.244     0.166    -0.955
 3     0.026     0.984     0.177
 3     0.969    -0.068     0.235
 4   128.050    12.127   -11.917
 4     0.407    -0.905     0.122
 4     0.911     0.394    -0.121
 4     0.061     0.160     0.985
 5   119.649    20.345    10.325
 5    -0.190    -0.175     0.966
 5     0.317    -0.942    -0.109
 5     0.929     0.286     0.234
 6   124.603    32.745    39.954
 6     0.018    -0.875    -0.484
 6     0.159     0.481    -0.862
 6     0.987    -0.061     0.148
 7   126.403   -18.938   -17.317
 7     0.020     0.999     0.031
 7    -0.998     0.021    -0.054
 7    -0.055    -0.030     0.998
 8   107.880   -25.116    -3.020
 8    -0.626     0.183     0.758
 8    -0.358    -0.931    -0.071
 8     0.693    -0.317     0.648
 9    96.348   -38.570    21.448
 9    -0.567     0.719    -0.401
 9    -0.109     0.416     0.902
 9     0.816     0.556    -0.158
 2    97.053   -18.710    59.793
 2     0.505    -0.863     0.025
 2     0.859     0.505     0.078
 2    -0.080    -0.018     0.996
 3   143.778    -7.193     1.883
 3     0.242     0.176    -0.954
 3     0.013     0.982     0.185
 3     0.970    -0.058     0.235
 4   128.468    12.006   -11.809
 4     0.409    -0.905     0.117
 4     0.910     0.395    -0.127
 4     0.068     0.159     0.985
 5   119.507    20.156    10.176
 5    -0.215    -0.161     0.963
 5     0.323    -0.942    -0.085
 5     0.921     0.293     0.254
 6   123.807    33.058    39.778
 6    -0.004    -0.881    -0.472
 6     0.170     0.465    -0.869
 6     0.985    -0.084     0.148
 7   126.754   -18.788   -17.553
 7     0.000     1.000     0.019
 7    -0.997     0.002    -0.076
 7    -0.076    -0.019     0.997
 8   107.730   -24.891    -4.387
 8    -0.670     0.176     0.721
 8    -0.373    -0.920    -0.122
 8     0.642    -0.351     0.682
 9    94.268   -39.244    18.449
 9    -0.628     0.679    -0.380
 9    -0.132     0.389     0.911
 9     0.767     0.623    -0.155
 2    97.003   -18.710    59.793
 2     0.505    -0.863     0.025
 2     0.859     0.505     0.078
 2    -0.080    -0.018     0.996
 3   144.106    -7.607     1.967
 3     0.229     0.189    -0.955
 3    -0.001     0.981     0.194
 3     0.973    -0.043     0.225
 4   129.388    11.790   -11.593
 4     0.418    -0.903     0.099
 4     0.904     0.404    -0.138
 4     0.084     0.147     0.985
 5   119.642    19.894    10.190
 5    -0.238    -0.166     0.957
 5     0.323    -0.943    -0.083
 5     0.916     0.290     0.278
 6   123.521    32.768    39.668
 6    -0.025    -0.878    -0.478
 6     0.171     0.467    -0.867
 6     0.985    -0.103     0.139
 7   127.365   -18.629   -17.614
 7    -0.012     1.000    -0.005
 7    -0.996    -0.012    -0.090
 7    -0.090     0.004     0.996
 8   107.801   -24.949    -5.699
 8    -0.711     0.190     0.677
 8    -0.379    -0.915    -0.141
 8     0.592    -0.357     0.722
 9    92.400   -39.440    15.666
 9    -0.698     0.609    -0.377
 9    -0.140     0.400     0.906
 9     0.702     0.684    -0.195
 2    97.053   -18.710    59.793
 2     0.504    -0.863     0.025
 2     0.859     0.505     0.078
 2    -0.080    -0.018     0.996
 3   144.512    -7.834     2.353
 3     0.209     0.203    -0.957
 3    -0.011     0.978     0.205
 3     0.978    -0.032     0.207
 4   130.314    11.802   -11.274
 4     0.429    -0.900     0.072
 4     0.897     0.416    -0.146
 4     0.101     0.127     0.987
 5   120.068    20.058    10.268
 5    -0.258    -0.182     0.949
 5     0.326    -0.941    -0.092
 5     0.909     0.285     0.302
 6   123.372    32.903    39.963
 6    -0.047    -0.870    -0.490
 6     0.173     0.476    -0.862
 6     0.984    -0.126     0.128
 7   128.241   -18.396   -17.572
 7    -0.021     0.999    -0.041
 7    -0.994    -0.025    -0.105
 7    -0.106     0.038     0.993
 8   107.975   -24.797    -6.934
 8    -0.746     0.190     0.638
 8    -0.380    -0.908    -0.174
 8     0.547    -0.372     0.750
 9    91.325   -39.554    13.100
 9    -0.741     0.567    -0.359
 9    -0.145     0.386     0.911
 9     0.655     0.727    -0.204
 2    97.053   -18.710    59.793
 2     0.505    -0.863     0.025
 2     0.859     0.505     0.078
 2    -0.080    -0.018     0.996
 3   144.887    -8.195     2.696
 3     0.188     0.216    -0.958
 3    -0.022     0.976     0.216
 3     0.982    -0.020     0.188
 4   131.159    11.686   -11.028
 4     0.438    -0.898     0.048
 4     0.891     0.427    -0.152
 4     0.116     0.109     0.987
 5   120.359    20.048    10.295
 5    -0.273    -0.192     0.942
 5     0.328    -0.940    -0.096
 5     0.904     0.283     0.320
 6   123.339    32.828    39.950
 6    -0.062    -0.865    -0.497
 6     0.175     0.481    -0.859
 6     0.982    -0.141     0.121
 7   128.898   -18.404   -17.559
 7    -0.028     0.998    -0.061
 7    -0.993    -0.034    -0.109
 7    -0.111     0.057     0.992
 8   108.302   -24.786    -8.071
 8    -0.769     0.217     0.601
 8    -0.393    -0.902    -0.177
 8     0.504    -0.372     0.779
 9    90.423   -39.932    10.548
 9    -0.789     0.495    -0.365
 9    -0.153     0.417     0.896
 9     0.595     0.762    -0.253
 2    97.003   -18.684    59.793
 2     0.504    -0.863     0.025
 2     0.859     0.505     0.078
 2    -0.080    -0.018     0.996
 3   145.179    -8.265     2.900
 3     0.172     0.224    -0.959
 3    -0.023     0.974     0.224
 3     0.985    -0.017     0.173
 4   131.659    11.693   -10.866
 4     0.437    -0.899     0.029
 4     0.890     0.428    -0.152
 4     0.124     0.092     0.988
 5   120.515    19.859    10.257
 5    -0.290    -0.201     0.935
 5     0.332    -0.938    -0.098
 5     0.897     0.282     0.339
 6   122.953    32.829    39.908
 6    -0.080    -0.860    -0.504
 6     0.179     0.485    -0.856
 6     0.980    -0.158     0.115
 7   129.513   -18.237   -17.540
 7    -0.026     0.995    -0.090
 7    -0.992    -0.036    -0.118
 7    -0.121     0.086     0.989
 8   108.419   -25.081    -9.311
 8    -0.792     0.239     0.562
 8    -0.409    -0.890    -0.199
 8     0.453    -0.387     0.803
 9    89.487   -40.807     7.762
 9    -0.828     0.427    -0.362
 9    -0.169     0.426     0.889
 9     0.534     0.797    -0.281
 2    97.053   -18.710    59.793
 2     0.505    -0.863     0.025
 2     0.859     0.505     0.078
 2    -0.080    -0.018     0.996
 3   145.132    -8.622     2.911
 3     0.160     0.234    -0.959
 3    -0.027     0.972     0.232
 3     0.987    -0.011     0.161
 4   132.026    11.469   -10.798
 4     0.440    -0.898     0.015
 4     0.889     0.432    -0.151
 4     0.129     0.080     0.988
 5   120.461    19.622    10.119
 5    -0.301    -0.205     0.931
 5     0.336    -0.937    -0.097
 5     0.892     0.283     0.351
 6   122.599    32.676    39.783
 6    -0.095    -0.855    -0.510
 6     0.183     0.489    -0.853
 6     0.978    -0.174     0.110
 7   129.737   -18.371   -17.596
 7    -0.023     0.994    -0.105
 7    -0.991    -0.036    -0.127
 7    -0.130     0.101     0.986
 8   108.531   -25.378    -9.864
 8    -0.801     0.253     0.543
 8    -0.418    -0.885    -0.203
 8     0.429    -0.389     0.815
 9    89.156   -41.273     6.521
 9    -0.848     0.385    -0.366
 9    -0.177     0.445     0.878
 9     0.500     0.808    -0.310
 2    97.003   -18.685    59.793
 2     0.505    -0.863     0.025
 2     0.859     0.505     0.078
 2    -0.080    -0.018     0.996
 3   145.240    -8.849     3.151
 3     0.146     0.240    -0.960
 3    -0.028     0.970     0.239
 3     0.989    -0.008     0.148
 4   132.321    11.220   -10.760
 4     0.443    -0.896     0.004
 4     0.886     0.437    -0.153
 4     0.135     0.071     0.988
 5   120.425    19.511    10.042
 5    -0.315    -0.213     0.925
 5     0.339    -0.935    -0.099
 5     0.886     0.282     0.367
 6   122.232    32.551    39.771
 6    -0.110    -0.849    -0.518
 6     0.184     0.494    -0.849
 6     0.977    -0.189     0.102
 7   129.945   -18.376   -17.409
 7    -0.021     0.993    -0.118
 7    -0.990    -0.036    -0.132
 7    -0.135     0.114     0.984
 8   108.457   -25.215   -10.004
 8    -0.809     0.248     0.532
 8    -0.410    -0.888    -0.210
 8     0.420    -0.388     0.820
 9    88.548   -40.520     6.381
 9    -0.861     0.366    -0.354
 9    -0.163     0.461     0.872
 9     0.482     0.808    -0.338
 2    97.053   -18.710    59.793
 2     0.505    -0.863     0.025
 2     0.859     0.505     0.078
 2    -0.080    -0.018     0.996
 3   145.180    -9.268     3.331
 3     0.134     0.250    -0.959
 3    -0.034     0.968     0.247
 3     0.990    -0.001     0.139
 4   132.821    11.081   -10.403
 4     0.452    -0.892    -0.012
 4     0.879     0.447    -0.167
 4     0.154     0.065     0.986
 5   120.582    19.277    10.031
 5    -0.329    -0.224     0.917
 5     0.335    -0.936    -0.109
 5     0.883     0.271     0.382
 6   122.039    32.199    39.864
 6    -0.125    -0.842    -0.525
 6     0.179     0.501    -0.847
 6     0.976    -0.199     0.088
 7   129.951   -18.228   -17.437
 7    -0.044     0.991    -0.126
 7    -0.987    -0.062    -0.149
 7    -0.156     0.118     0.980
 8   108.276   -24.394   -10.269
 8    -0.821     0.221     0.526
 8    -0.393    -0.888    -0.239
 8     0.414    -0.402     0.816
 9    88.048   -39.422     5.783
 9    -0.865     0.377    -0.330
 9    -0.148     0.436     0.887
 9     0.478     0.817    -0.322
 2    97.053   -18.710    59.793
 2     0.505    -0.863     0.025
 2     0.859     0.505     0.078
 2    -0.080    -0.018     0.996
 3   145.368    -9.566     3.356
 3     0.128     0.266    -0.955
 3    -0.043     0.964     0.262
 3     0.991     0.008     0.135
 4   133.415    11.246   -10.175
 4     0.461    -0.887    -0.019
 4     0.870     0.457    -0.185
 4     0.172     0.069     0.982
 5   120.854    19.372    10.027
 5    -0.345    -0.229     0.910
 5     0.328    -0.938    -0.112
 5     0.879     0.260     0.399
 6   121.614    32.249    40.039
 6    -0.148    -0.843    -0.518
 6     0.177     0.493    -0.852
 6     0.973    -0.218     0.076
 7   129.961   -17.848   -17.548
 7    -0.062     0.989    -0.131
 7    -0.983    -0.084    -0.165
 7    -0.175     0.118     0.977
 8   108.358   -23.719   -10.528
 8    -0.827     0.212     0.520
 8    -0.390    -0.883    -0.261
 8     0.403    -0.419     0.813
 9    87.967   -38.898     5.181
 9    -0.869     0.379    -0.318
 9    -0.147     0.416     0.897
 9     0.472     0.827    -0.306
 2    97.053   -18.685    59.793
 2     0.505    -0.863     0.025
 2     0.859     0.505     0.078
 2    -0.080    -0.018     0.996
 3   145.440    -9.665     3.305
 3     0.122     0.276    -0.953
 3    -0.051     0.961     0.272
 3     0.991     0.015     0.132
 4   133.772    11.281   -10.084
 4     0.467    -0.884    -0.024
 4     0.864     0.462    -0.198
 4     0.185     0.071     0.980
 5   120.872    19.415    10.070
 5    -0.359    -0.231     0.904
 5     0.327    -0.939    -0.110
 5     0.874     0.256     0.412
 6   121.071    32.270    39.937
 6    -0.163    -0.848    -0.504
 6     0.179     0.477    -0.860
 6     0.970    -0.231     0.074
 7   130.114   -17.555   -17.516
 7    -0.067     0.988    -0.135
 7    -0.980    -0.090    -0.175
 7    -0.185     0.121     0.975
 8   108.429   -23.543   -10.668
 8    -0.829     0.209     0.518
 8    -0.390    -0.880    -0.269
 8     0.400    -0.425     0.812
 9    88.093   -38.795     4.982
 9    -0.870     0.379    -0.317
 9    -0.150     0.410     0.899
 9     0.471     0.829    -0.300
 2    97.003   -18.710    59.793
 2     0.505    -0.863     0.025
 2     0.859     0.505     0.078
 2    -0.080    -0.018     0.996
 3   145.611    -9.623     3.406
 3     0.117     0.280    -0.953
 3    -0.053     0.960     0.275
 3     0.991     0.018     0.127
 4   134.222    11.518   -10.039
 4     0.467    -0.884    -0.030
 4     0.862     0.463    -0.207
 4     0.196     0.071     0.978
 5   120.905    19.432    10.098
 5    -0.376    -0.228     0.898
 5     0.326    -0.940    -0.102
 5     0.867     0.254     0.428
 6   120.629    32.596    40.039
 6    -0.179    -0.849    -0.497
 6     0.181     0.468    -0.865
 6     0.967    -0.245     0.070
 7   130.324   -17.435   -17.672
 7    -0.068     0.988    -0.135
 7    -0.979    -0.092    -0.182
 7    -0.192     0.120     0.974
 8   108.703   -23.365   -10.740
 8    -0.829     0.208     0.519
 8    -0.391    -0.879    -0.273
 8     0.399    -0.429     0.810
 9    88.373   -38.716     4.827
 9    -0.868     0.380    -0.319
 9    -0.152     0.407     0.900
 9     0.472     0.830    -0.296
 2    97.001   -18.711    59.745
 2     0.505    -0.863     0.025
 2     0.859     0.505     0.078
 2    -0.081    -0.018     0.996
 3   145.729    -9.625     3.433
 3     0.115     0.280    -0.953
 3    -0.055     0.960     0.276
 3     0.992     0.020     0.126
 4   134.473    11.578    -9.786
 4     0.466    -0.884    -0.038
 4     0.860     0.463    -0.214
 4     0.206     0.066     0.976
 5   120.729    19.396     9.822
 5    -0.393    -0.221     0.893
 5     0.330    -0.940    -0.087
 5     0.858     0.261     0.442
 6   119.849    32.839    39.610
 6    -0.193    -0.857    -0.478
 6     0.192     0.444    -0.875
 6     0.962    -0.261     0.079
 7   130.472   -17.297   -17.684
 7    -0.074     0.987    -0.142
 7    -0.976    -0.101    -0.192
 7    -0.204     0.124     0.971
 8   108.753   -23.070   -11.147
 8    -0.835     0.203     0.511
 8    -0.391    -0.872    -0.293
 8     0.386    -0.444     0.808
 9    88.115   -38.454     3.943
 9    -0.876     0.373    -0.307
 9    -0.151     0.393     0.907
 9     0.458     0.840    -0.288
 2    97.003   -18.710    59.793
 2     0.505    -0.863     0.025
 2     0.859     0.505     0.078
 2    -0.080    -0.018     0.996
 3   145.754    -9.675     3.433
 3     0.115     0.282    -0.952
 3    -0.055     0.959     0.278
 3     0.992     0.020     0.126
 4   134.604    11.455    -9.800
 4     0.463    -0.886    -0.035
 4     0.861     0.458    -0.219
 4     0.210     0.072     0.975
 5   120.505    19.461     9.465
 5    -0.408    -0.212     0.888
 5     0.335    -0.940    -0.071
 5     0.849     0.268     0.454
 6   118.653    33.530    38.663
 6    -0.218    -0.866    -0.450
 6     0.215     0.407    -0.888
 6     0.952    -0.290     0.097
 7   130.484   -17.102   -17.689
 7    -0.079     0.986    -0.145
 7    -0.974    -0.107    -0.197
 7    -0.210     0.125     0.969
 8   108.765   -22.966   -11.010
 8    -0.835     0.199     0.513
 8    -0.388    -0.875    -0.291
 8     0.391    -0.442     0.807
 9    88.374   -38.164     4.666
 9    -0.870     0.384    -0.309
 9    -0.148     0.395     0.907
 9     0.470     0.834    -0.287
 2    97.003   -18.710    59.793
 2     0.505    -0.863     0.025
 2     0.859     0.505     0.078
 2    -0.080    -0.018     0.996
 3   145.809    -9.660     3.385
 3     0.117     0.286    -0.951
 3    -0.049     0.958     0.282
 3     0.992     0.014     0.126
 4   134.500    11.479    -9.909
 4     0.449    -0.893    -0.019
 4     0.870     0.442    -0.218
 4     0.202     0.082     0.976
 5   120.194    19.555     9.115
 5    -0.417    -0.204     0.886
 5     0.342    -0.938    -0.055
 5     0.842     0.280     0.461
 6   117.705    34.369    37.613
 6    -0.237    -0.871    -0.430
 6     0.244     0.374    -0.894
 6     0.940    -0.317     0.124
 7   130.486   -17.127   -17.691
 7    -0.080     0.986    -0.144
 7    -0.974    -0.108    -0.196
 7    -0.209     0.124     0.970
 8   108.856   -23.105   -10.540
 8    -0.828     0.194     0.525
 8    -0.383    -0.881    -0.277
 8     0.409    -0.431     0.804
 9    88.661   -38.299     5.423
 9    -0.862     0.396    -0.316
 9    -0.146     0.403     0.903
 9     0.485     0.825    -0.291
 2    97.003   -18.710    59.793
 2     0.505    -0.863     0.025
 2     0.859     0.505     0.078
 2    -0.080    -0.018     0.996
 3   145.905    -9.685     3.241
 3     0.124     0.289    -0.949
 3    -0.038     0.957     0.286
 3     0.991     0.000     0.129
 4   134.427    11.295   -10.165
 4     0.447    -0.894    -0.010
 4     0.873     0.439    -0.210
 4     0.193     0.085     0.977
 5   120.195    19.803     8.829
 5    -0.405    -0.219     0.887
 5     0.359    -0.931    -0.065
 5     0.840     0.292     0.456
 6   117.576    35.293    37.064
 6    -0.239    -0.881    -0.407
 6     0.269     0.343    -0.900
 6     0.933    -0.325     0.156
 7   130.486   -17.344   -17.700
 7    -0.078     0.987    -0.140
 7    -0.977    -0.104    -0.186
 7    -0.198     0.122     0.972
 8   108.868   -23.353   -10.387
 8    -0.824     0.199     0.530
 8    -0.385    -0.883    -0.267
 8     0.415    -0.425     0.804
 9    88.767   -38.547     5.714
 9    -0.860     0.395    -0.322
 9    -0.148     0.410     0.900
 9     0.488     0.822    -0.294
 2    97.003   -18.710    59.793
 2     0.505    -0.863     0.025
 2     0.859     0.505     0.078
 2    -0.080    -0.018     0.996
 3   145.912    -9.612     3.322
 3     0.127     0.288    -0.949
 3    -0.029     0.957     0.287
 3     0.991    -0.009     0.130
 4   134.275    11.211   -10.364
 4     0.444    -0.896    -0.004
 4     0.877     0.436    -0.202
 4     0.182     0.086     0.979
 5   120.213    19.856     8.755
 5    -0.397    -0.224     0.890
 5     0.363    -0.929    -0.072
 5     0.843     0.295     0.450
 6   117.752    35.418    36.955
 6    -0.234    -0.884    -0.404
 6     0.272     0.339    -0.900
 6     0.933    -0.321     0.162
 7   130.444   -17.340   -17.708
 7    -0.077     0.987    -0.136
 7    -0.978    -0.102    -0.183
 7    -0.195     0.119     0.973
 8   108.708   -23.223   -10.223
 8    -0.823     0.190     0.535
