% Calibrated with leiden_pols
% Positions are in centimeters
Data =[
 2    97.053   -18.710    59.793
 2     0.505    -0.863     0.025
 2     0.859     0.505     0.078
 2    -0.080    -0.018     0.996
 3   142.218    -4.938     1.946
 3     0.369     0.040    -0.929
 3     0.193     0.974     0.118
 3     0.909    -0.223     0.351
 4   122.040     8.731   -13.002
 4     0.316    -0.913     0.260
 4     0.939     0.339     0.048
 4    -0.132     0.229     0.964
 5   122.504    20.710    11.561
 5     0.197    -0.361     0.911
 5     0.235    -0.885    -0.401
 5     0.952     0.293    -0.090
 6   136.130    27.875    39.623
 6     0.300    -0.686    -0.662
 6     0.039     0.703    -0.710
 6     0.953     0.187     0.238
 7   124.642   -23.122   -12.670
 7     0.406     0.905     0.122
 7    -0.906     0.383     0.177
 7     0.113    -0.183     0.976
 8   121.719   -28.352    13.541
 8     0.192     0.412     0.891
 8    -0.202    -0.872     0.447
 8     0.960    -0.266    -0.085
 9   133.559   -31.819    40.614
 9     0.168     0.654    -0.737
 9     0.110     0.731     0.673
 9     0.979    -0.195     0.051
 2    97.053   -18.710    59.793
 2     0.505    -0.863     0.025
 2     0.859     0.505     0.078
 2    -0.080    -0.018     0.996
 3   142.218    -4.937     1.997
 3     0.368     0.039    -0.929
 3     0.193     0.974     0.117
 3     0.909    -0.223     0.351
 4   122.090     8.731   -13.053
 4     0.315    -0.913     0.259
 4     0.939     0.338     0.048
 4    -0.132     0.228     0.964
 5   122.455    20.735    11.563
 5     0.197    -0.361     0.911
 5     0.235    -0.885    -0.401
 5     0.952     0.293    -0.089
 6   136.131    27.875    39.572
 6     0.300    -0.686    -0.662
 6     0.039     0.703    -0.710
 6     0.953     0.187     0.238
 7   124.694   -23.121   -12.673
 7     0.407     0.905     0.122
 7    -0.906     0.383     0.177
 7     0.114    -0.183     0.976
 8   121.743   -28.353    13.541
 8     0.192     0.412     0.890
 8    -0.202    -0.871     0.447
 8     0.960    -0.266    -0.084
 9   133.509   -31.819    40.614
 9     0.168     0.654    -0.737
 9     0.110     0.731     0.673
 9     0.979    -0.195     0.051
 2    97.003   -18.710    59.742
 2     0.505    -0.863     0.025
 2     0.859     0.505     0.078
 2    -0.080    -0.018     0.996
 3   142.268    -4.937     1.997
 3     0.368     0.039    -0.929
 3     0.193     0.974     0.118
 3     0.909    -0.223     0.351
 4   122.092     8.783   -13.005
 4     0.316    -0.913     0.258
 4     0.939     0.338     0.048
 4    -0.131     0.228     0.965
 5   122.454    20.786    11.589
 5     0.195    -0.362     0.911
 5     0.234    -0.885    -0.402
 5     0.952     0.292    -0.088
 6   136.079    27.875    39.672
 6     0.299    -0.687    -0.662
 6     0.038     0.702    -0.711
 6     0.953     0.188     0.236
 7   124.694   -23.070   -12.648
 7     0.407     0.905     0.121
 7    -0.906     0.384     0.177
 7     0.114    -0.182     0.976
 8   121.718   -28.327    13.541
 8     0.191     0.412     0.890
 8    -0.201    -0.871     0.447
 8     0.960    -0.265    -0.084
 9   133.561   -31.768    40.666
 9     0.168     0.655    -0.737
 9     0.110     0.730     0.674
 9     0.979    -0.195     0.050
 2    97.003   -18.710    59.792
 2     0.504    -0.863     0.025
 2     0.859     0.505     0.078
 2    -0.080    -0.018     0.996
 3   142.268    -4.886     1.997
 3     0.367     0.039    -0.929
 3     0.194     0.974     0.118
 3     0.909    -0.224     0.350
 4   122.120     8.834   -13.007
 4     0.316    -0.913     0.258
 4     0.940     0.338     0.047
 4    -0.130     0.227     0.965
 5   122.454    20.836    11.565
 5     0.195    -0.364     0.911
 5     0.234    -0.885    -0.403
 5     0.952     0.291    -0.087
 6   136.079    27.873    39.722
 6     0.299    -0.687    -0.662
 6     0.036     0.702    -0.711
 6     0.953     0.189     0.235
 7   124.697   -23.070   -12.599
 7     0.405     0.906     0.120
 7    -0.907     0.382     0.178
 7     0.115    -0.182     0.976
 8   121.676   -28.226    13.581
 8     0.190     0.411     0.891
 8    -0.202    -0.872     0.445
 8     0.961    -0.265    -0.083
 9   133.473   -31.765    40.700
 9     0.167     0.658    -0.734
 9     0.109     0.727     0.677
 9     0.980    -0.194     0.050
 2    97.053   -18.710    59.792
 2     0.504    -0.863     0.025
 2     0.860     0.504     0.078
 2    -0.080    -0.018     0.996
 3   142.274    -4.833     2.118
 3     0.366     0.040    -0.930
 3     0.194     0.974     0.119
 3     0.910    -0.224     0.348
 4   122.174     8.862   -12.962
 4     0.316    -0.913     0.257
 4     0.940     0.338     0.045
 4    -0.128     0.227     0.965
 5   122.463    20.889    11.633
 5     0.194    -0.365     0.910
 5     0.233    -0.885    -0.404
 5     0.953     0.290    -0.086
 6   136.028    27.872    39.746
 6     0.300    -0.687    -0.662
 6     0.035     0.701    -0.712
 6     0.953     0.190     0.234
 7   124.701   -22.993   -12.605
 7     0.404     0.906     0.119
 7    -0.907     0.381     0.179
 7     0.117    -0.181     0.976
 8   121.625   -28.154    13.634
 8     0.188     0.411     0.892
 8    -0.203    -0.873     0.444
 8     0.961    -0.265    -0.081
 9   133.399   -31.817    40.700
 9     0.167     0.661    -0.731
 9     0.108     0.725     0.680
 9     0.980    -0.193     0.050
 2    97.053   -18.710    59.793
 2     0.505    -0.863     0.025
 2     0.859     0.505     0.078
 2    -0.080    -0.018     0.996
 3   142.224    -4.732     2.118
 3     0.365     0.041    -0.930
 3     0.194     0.974     0.119
 3     0.910    -0.224     0.347
 4   122.179     8.914   -12.916
 4     0.316    -0.913     0.256
 4     0.940     0.338     0.043
 4    -0.126     0.227     0.965
 5   122.513    20.889    11.582
 5     0.194    -0.366     0.910
 5     0.233    -0.884    -0.405
 5     0.953     0.291    -0.086
 6   136.028    27.870    39.719
 6     0.300    -0.687    -0.661
 6     0.033     0.701    -0.713
 6     0.953     0.192     0.233
 7   124.701   -22.892   -12.554
 7     0.403     0.907     0.119
 7    -0.907     0.380     0.179
 7     0.117    -0.180     0.976
 8   121.550   -28.105    13.635
 8     0.187     0.409     0.893
 8    -0.204    -0.873     0.443
 8     0.961    -0.265    -0.080
 9   133.351   -31.819    40.751
 9     0.168     0.665    -0.728
 9     0.107     0.721     0.684
 9     0.980    -0.193     0.050
 2    97.053   -18.710    59.793
 2     0.505    -0.863     0.025
 2     0.859     0.505     0.078
 2    -0.080    -0.018     0.996
 3   142.231    -4.731     2.111
 3     0.365     0.042    -0.930
 3     0.193     0.974     0.119
 3     0.911    -0.224     0.347
 4   122.185     9.043   -12.925
 4     0.318    -0.913     0.257
 4     0.940     0.338     0.039
 4    -0.123     0.229     0.965
 5   122.413    20.965    11.585
 5     0.192    -0.368     0.910
 5     0.233    -0.883    -0.406
 5     0.953     0.290    -0.084
 6   136.027    27.869    39.744
 6     0.300    -0.687    -0.661
 6     0.032     0.700    -0.713
 6     0.953     0.193     0.232
 7   124.601   -22.893   -12.604
 7     0.401     0.908     0.119
 7    -0.908     0.378     0.178
 7     0.117    -0.180     0.977
 8   121.401   -27.982    13.585
 8     0.185     0.405     0.895
 8    -0.205    -0.875     0.438
 8     0.961    -0.265    -0.079
 9   133.205   -31.772    40.649
 9     0.170     0.669    -0.723
 9     0.105     0.717     0.688
 9     0.980    -0.194     0.051
 2    97.003   -18.710    59.792
 2     0.504    -0.863     0.025
 2     0.859     0.505     0.078
 2    -0.080    -0.018     0.996
 3   142.181    -4.730     2.162
 3     0.364     0.043    -0.930
 3     0.193     0.974     0.121
 3     0.911    -0.224     0.346
 4   122.247     9.198   -12.939
 4     0.323    -0.911     0.257
 4     0.939     0.342     0.033
 4    -0.118     0.230     0.966
 5   122.425    21.156    11.591
 5     0.173    -0.371     0.912
 5     0.238    -0.883    -0.405
 5     0.955     0.287    -0.065
