2 	  32.87	  -7.07	  22.75
	  0.657	  0.753	 -0.022
	 -0.754	  0.656	 -0.018
	  0.002	  0.029	  0.999

3 	  46.78	  -2.00	   2.27
	  0.437	  0.182	  0.881
	  0.034	  0.975	 -0.218
	 -0.899	  0.125	  0.420

4 	  42.10	   4.32	  -3.67
	  0.568	  0.802	 -0.186
	 -0.718	  0.591	  0.368
	  0.407	 -0.075	  0.910

5 	  46.25	  10.51	   4.64
	  0.808	  0.431	  0.402
	 -0.220	 -0.414	  0.883
	  0.548	 -0.801	 -0.241

6 	  51.31	   3.71	   1.93
	  0.266	 -0.932	 -0.246
	  0.951	  0.212	  0.225
	 -0.158	 -0.293	  0.943

7 	  41.19	  -7.40	  -3.11
	  0.511	 -0.787	 -0.345
	  0.677	  0.614	 -0.404
	  0.532	 -0.028	  0.846

8 	  46.27	 -15.15	   0.83
	  0.834	 -0.535	  0.131
	  0.119	 -0.058	 -0.991
	  0.538	  0.843	  0.015

9 	  50.82	  -7.84	   0.91
	  0.103	  0.963	  0.249
	 -0.981	  0.140	 -0.135
	 -0.165	 -0.230	  0.959

2 	  32.87	  -7.07	  22.75
	  0.657	  0.753	 -0.022
	 -0.754	  0.656	 -0.018
	  0.002	  0.029	  0.999

3 	  46.76	  -1.99	   2.29
	  0.434	  0.183	  0.882
	  0.032	  0.975	 -0.219
	 -0.901	  0.123	  0.417

4 	  42.08	   4.32	  -3.69
	  0.570	  0.799	 -0.190
	 -0.714	  0.595	  0.369
	  0.410	 -0.075	  0.909

5 	  46.27	  10.56	   4.59
	  0.809	  0.436	  0.393
	 -0.212	 -0.410	  0.887
	  0.549	 -0.801	 -0.241

6 	  51.26	   3.74	   1.79
	  0.264	 -0.934	 -0.242
	  0.957	  0.222	  0.188
	 -0.123	 -0.280	  0.952

7 	  41.15	  -7.40	  -3.09
	  0.509	 -0.788	 -0.346
	  0.677	  0.614	 -0.404
	  0.532	 -0.029	  0.846

8 	  46.25	 -15.15	   0.81
	  0.834	 -0.538	  0.117
	  0.096	 -0.067	 -0.993
	  0.542	  0.840	 -0.005

9 	  50.85	  -7.88	   0.74
	  0.110	  0.966	  0.233
	 -0.978	  0.147	 -0.149
	 -0.178	 -0.212	  0.961

2 	  32.87	  -7.07	  22.73
	  0.657	  0.753	 -0.022
	 -0.754	  0.656	 -0.018
	  0.002	  0.029	  0.999

3 	  46.71	  -1.97	   2.27
	  0.433	  0.184	  0.882
	  0.029	  0.975	 -0.218
	 -0.901	  0.120	  0.417

4 	  42.03	   4.32	  -3.69
	  0.571	  0.797	 -0.197
	 -0.711	  0.598	  0.370
	  0.415	 -0.071	  0.907

5 	  46.27	  10.62	   4.48
	  0.812	  0.440	  0.382
	 -0.199	 -0.408	  0.891
	  0.549	 -0.799	 -0.245

6 	  51.21	   3.71	   1.65
	  0.254	 -0.939	 -0.230
	  0.964	  0.226	  0.138
	 -0.078	 -0.257	  0.963

7 	  41.13	  -7.38	  -3.11
	  0.508	 -0.787	 -0.350
	  0.677	  0.615	 -0.404
	  0.535	 -0.031	  0.844

8 	  46.27	 -15.13	   0.72
	  0.835	 -0.539	  0.107
	  0.085	 -0.066	 -0.994
	  0.543	  0.839	 -0.010

9 	  50.94	  -7.79	   0.53
	  0.109	  0.965	  0.239
	 -0.972	  0.155	 -0.179
	 -0.210	 -0.212	  0.954

2 	  32.87	  -7.07	  22.73
	  0.657	  0.753	 -0.022
	 -0.754	  0.656	 -0.018
	  0.002	  0.029	  0.999

3 	  46.71	  -1.95	   2.27
	  0.434	  0.184	  0.882
	  0.028	  0.975	 -0.218
	 -0.901	  0.119	  0.418

4 	  42.01	   4.32	  -3.71
	  0.572	  0.795	 -0.201
	 -0.707	  0.601	  0.372
	  0.418	 -0.070	  0.905

5 	  46.30	  10.65	   4.36
	  0.816	  0.438	  0.377
	 -0.202	 -0.396	  0.896
	  0.542	 -0.807	 -0.235

6 	  51.15	   3.66	   1.63
	  0.242	 -0.946	 -0.218
	  0.968	  0.219	  0.122
	 -0.068	 -0.240	  0.968

7 	  41.10	  -7.37	  -3.13
	  0.507	 -0.784	 -0.359
	  0.675	  0.619	 -0.402
	  0.538	 -0.039	  0.842

8 	  46.34	 -15.08	   0.44
	  0.836	 -0.540	  0.097
	  0.093	 -0.035	 -0.995
	  0.541	  0.841	  0.021

9 	  50.94	  -7.73	   0.65
	  0.097	  0.958	  0.268
	 -0.967	  0.154	 -0.203
	 -0.236	 -0.240	  0.942

2 	  32.87	  -7.07	  22.75
	  0.657	  0.753	 -0.022
	 -0.754	  0.656	 -0.018
	  0.002	  0.029	  0.999

3 	  46.69	  -1.95	   2.29
	  0.435	  0.184	  0.881
	  0.028	  0.975	 -0.218
	 -0.900	  0.119	  0.419

4 	  42.01	   4.32	  -3.71
	  0.572	  0.795	 -0.203
	 -0.707	  0.602	  0.372
	  0.419	 -0.069	  0.905

5 	  46.30	  10.67	   4.36
	  0.815	  0.440	  0.376
	 -0.199	 -0.399	  0.895
	  0.545	 -0.804	 -0.239

6 	  51.17	   3.67	   1.63
	  0.248	 -0.944	 -0.219
	  0.966	  0.226	  0.120
	 -0.065	 -0.241	  0.968

7 	  41.08	  -7.33	  -3.15
	  0.508	 -0.782	 -0.362
	  0.672	  0.621	 -0.402
	  0.541	 -0.040	  0.840

8 	  46.32	 -15.08	   0.47
	  0.832	 -0.545	  0.097
	  0.085	 -0.047	 -0.995
	  0.547	  0.837	  0.006

9 	  50.99	  -7.75	   0.58
	  0.108	  0.959	  0.260
	 -0.966	  0.163	 -0.200
	 -0.235	 -0.230	  0.944

2 	  32.87	  -7.07	  22.75
	  0.657	  0.753	 -0.022
	 -0.754	  0.656	 -0.018
	  0.002	  0.029	  0.999

3 	  46.71	  -1.93	   2.27
	  0.435	  0.184	  0.881
	  0.027	  0.976	 -0.217
	 -0.900	  0.118	  0.419

4 	  41.99	   4.34	  -3.71
	  0.572	  0.795	 -0.203
	 -0.706	  0.602	  0.372
	  0.420	 -0.069	  0.905

5 	  46.30	  10.67	   4.36
	  0.815	  0.442	  0.374
	 -0.196	 -0.400	  0.895
	  0.546	 -0.802	 -0.241

6 	  51.21	   3.73	   1.65
	  0.252	 -0.943	 -0.217
	  0.965	  0.229	  0.126
	 -0.069	 -0.241	  0.968

7 	  41.12	  -7.33	  -3.16
	  0.509	 -0.780	 -0.364
	  0.669	  0.624	 -0.404
	  0.543	 -0.039	  0.838

8 	  46.35	 -15.06	   0.46
	  0.835	 -0.542	  0.095
	  0.085	 -0.044	 -0.995
	  0.544	  0.839	  0.009

9 	  50.98	  -7.70	   0.58
	  0.103	  0.959	  0.263
	 -0.967	  0.158	 -0.200
	 -0.234	 -0.234	  0.944

2 	  32.85	  -7.07	  22.75
	  0.657	  0.753	 -0.022
	 -0.754	  0.656	 -0.018
	  0.002	  0.029	  0.999

3 	  46.71	  -1.92	   2.27
	  0.436	  0.184	  0.881
	  0.026	  0.975	 -0.218
	 -0.900	  0.118	  0.420

4 	  41.96	   4.32	  -3.73
	  0.570	  0.795	 -0.210
	 -0.705	  0.602	  0.374
	  0.426	 -0.065	  0.902

5 	  46.32	  10.71	   4.31
	  0.815	  0.446	  0.369
	 -0.191	 -0.397	  0.898
	  0.547	 -0.802	 -0.240

6 	  51.22	   3.74	   1.55
	  0.254	 -0.942	 -0.219
	  0.964	  0.230	  0.131
	 -0.073	 -0.244	  0.967

7 	  41.10	  -7.31	  -3.18
	  0.508	 -0.779	 -0.368
	  0.667	  0.624	 -0.405
	  0.547	 -0.040	  0.836

8 	  46.27	 -15.10	   0.49
	  0.831	 -0.550	  0.080
	  0.052	 -0.067	 -0.996
	  0.554	  0.832	 -0.027

9 	  50.94	  -7.88	   0.11
	  0.129	  0.967	  0.220
	 -0.970	  0.170	 -0.176
	 -0.207	 -0.191	  0.959

2 	  32.87	  -7.07	  22.75
	  0.657	  0.753	 -0.022
	 -0.754	  0.656	 -0.018
	  0.002	  0.029	  0.999

3 	  46.71	  -1.92	   2.21
	  0.437	  0.185	  0.880
	  0.026	  0.975	 -0.218
	 -0.899	  0.118	  0.422

4 	  41.94	   4.34	  -3.74
	  0.567	  0.795	 -0.215
	 -0.704	  0.601	  0.378
	  0.432	 -0.063	  0.900

5 	  46.30	  10.67	   4.31
	  0.817	  0.456	  0.353
	 -0.160	 -0.409	  0.898
	  0.555	 -0.789	 -0.262

6 	  51.33	   3.92	   1.32
	  0.275	 -0.930	 -0.243
	  0.958	  0.244	  0.149
	 -0.080	 -0.274	  0.958

7 	  41.06	  -7.33	  -3.16
	  0.504	 -0.782	 -0.365
	  0.668	  0.620	 -0.411
	  0.550	 -0.037	  0.834

8 	  46.12	 -15.12	   0.79
	  0.824	 -0.563	  0.070
	  0.000	 -0.122	 -0.992
	  0.567	  0.817	 -0.101

9 	  50.98	  -8.09	  -0.28
	  0.167	  0.974	  0.149
	 -0.972	  0.188	 -0.139
	 -0.164	 -0.123	  0.979

2 	  32.85	  -7.07	  22.75
	  0.657	  0.753	 -0.022
	 -0.754	  0.656	 -0.018
	  0.002	  0.029	  0.999

3 	  46.71	  -1.92	   2.18
	  0.437	  0.186	  0.880
	  0.026	  0.975	 -0.219
	 -0.899	  0.119	  0.421

4 	  41.91	   4.34	  -3.76
	  0.565	  0.795	 -0.220
	 -0.703	  0.602	  0.378
	  0.435	 -0.059	  0.898

5 	  46.27	  10.62	   4.39
	  0.816	  0.465	  0.342
	 -0.130	 -0.430	  0.893
	  0.563	 -0.773	 -0.292

6 	  51.47	   4.13	   1.04
	  0.301	 -0.911	 -0.282
	  0.950	  0.259	  0.175
	 -0.087	 -0.320	  0.943

7 	  41.04	  -7.35	  -3.15
	  0.500	 -0.787	 -0.361
	  0.668	  0.615	 -0.419
	  0.553	 -0.032	  0.832

8 	  45.83	 -15.22	   1.32
	  0.809	 -0.585	  0.062
	 -0.075	 -0.207	 -0.975
	  0.583	  0.784	 -0.211

9 	  50.85	  -8.72	  -0.98
	  0.231	  0.973	  0.011
	 -0.968	  0.231	 -0.096
	 -0.096	  0.011	  0.995

2 	  32.87	  -7.07	  22.75
	  0.657	  0.753	 -0.022
	 -0.754	  0.656	 -0.018
	  0.002	  0.029	  0.999

3 	  46.69	  -1.93	   2.18
	  0.436	  0.187	  0.880
	  0.027	  0.975	 -0.221
	 -0.900	  0.120	  0.420

4 	  41.89	   4.32	  -3.74
	  0.563	  0.796	 -0.223
	 -0.702	  0.602	  0.379
	  0.438	 -0.058	  0.897

5 	  46.23	  10.44	   4.55
	  0.820	  0.471	  0.325
	 -0.078	 -0.471	  0.878
	  0.567	 -0.745	 -0.350

6 	  51.61	   4.46	   0.58
	  0.333	 -0.874	 -0.354
	  0.941	  0.281	  0.190
	 -0.067	 -0.396	  0.916

7 	  41.01	  -7.40	  -3.09
	  0.496	 -0.795	 -0.350
	  0.669	  0.605	 -0.431
	  0.556	 -0.021	  0.831

8 	  45.63	 -15.13	   2.14
	  0.801	 -0.596	  0.059
	 -0.161	 -0.309	 -0.938
	  0.577	  0.741	 -0.342

9 	  50.75	  -9.35	  -1.51
	  0.279	  0.950	 -0.139
	 -0.960	  0.276	 -0.040
	  0.000	  0.144	  0.989

2 	  32.87	  -7.07	  22.75
	  0.657	  0.753	 -0.022
	 -0.754	  0.656	 -0.018
	  0.002	  0.029	  0.999

3 	  46.65	  -1.95	   2.16
	  0.435	  0.189	  0.880
	  0.028	  0.974	 -0.224
	 -0.900	  0.122	  0.418

4 	  41.84	   4.27	  -3.74
	  0.562	  0.795	 -0.229
	 -0.702	  0.604	  0.377
	  0.440	 -0.051	  0.896

5 	  46.27	  10.32	   4.61
	  0.823	  0.478	  0.306
	 -0.034	 -0.499	  0.866
	  0.567	 -0.723	 -0.395

6 	  51.79	   4.82	   0.21
	  0.367	 -0.839	 -0.402
	  0.929	  0.308	  0.203
	 -0.047	 -0.448	  0.893

7 	  40.99	  -7.47	  -3.02
	  0.493	 -0.802	 -0.338
	  0.668	  0.596	 -0.444
	  0.559	 -0.006	  0.829

8 	  45.54	 -15.05	   2.71
	  0.793	 -0.607	  0.045
	 -0.241	 -0.381	 -0.892
	  0.559	  0.697	 -0.448

9 	  50.61	 -10.00	  -1.99
	  0.314	  0.911	 -0.267
	 -0.945	  0.327	  0.004
	  0.091	  0.250	  0.964

2 	  32.87	  -7.07	  22.75
	  0.657	  0.753	 -0.022
	 -0.754	  0.656	 -0.018
	  0.002	  0.029	  0.999

3 	  46.65	  -1.95	   2.16
	  0.431	  0.191	  0.881
	  0.029	  0.974	 -0.226
	 -0.902	  0.123	  0.414

4 	  41.82	   4.25	  -3.74
	  0.562	  0.794	 -0.233
	 -0.701	  0.605	  0.377
	  0.443	 -0.049	  0.895

5 	  46.28	  10.25	   4.66
	  0.827	  0.472	  0.304
	 -0.026	 -0.509	  0.860
	  0.561	 -0.719	 -0.409

6 	  51.87	   4.82	   0.12
	  0.372	 -0.829	 -0.418
	  0.927	  0.312	  0.206
	 -0.042	 -0.464	  0.885

7 	  40.99	  -7.51	  -3.02
	  0.491	 -0.804	 -0.335
	  0.667	  0.593	 -0.450
	  0.562	 -0.003	  0.826

8 	  45.53	 -15.01	   2.85
	  0.795	 -0.605	  0.043
	 -0.256	 -0.399	 -0.880
	  0.550	  0.689	 -0.471

9 	  50.59	 -10.25	  -2.13
	  0.328	  0.892	 -0.311
	 -0.936	  0.350	  0.019
	  0.125	  0.284	  0.950

2 	  32.85	  -7.07	  22.75
	  0.657	  0.753	 -0.022
	 -0.754	  0.656	 -0.018
	  0.002	  0.029	  0.999

3 	  46.65	  -1.97	   2.16
	  0.431	  0.191	  0.881
	  0.031	  0.973	 -0.227
	 -0.902	  0.125	  0.413

4 	  41.82	   4.24	  -3.76
	  0.562	  0.793	 -0.234
	 -0.700	  0.606	  0.378
	  0.444	 -0.049	  0.894

5 	  46.37	  10.14	   4.69
	  0.831	  0.468	  0.300
	 -0.015	 -0.521	  0.853
	  0.556	 -0.714	 -0.426

6 	  51.89	   4.87	  -0.02
	  0.378	 -0.817	 -0.434
	  0.925	  0.318	  0.207
	 -0.031	 -0.480	  0.877

7 	  40.96	  -7.56	  -2.99
	  0.489	 -0.808	 -0.328
	  0.667	  0.587	 -0.458
	  0.565	  0.004	  0.825

8 	  45.63	 -14.82	   3.34
	  0.803	 -0.593	  0.049
	 -0.284	 -0.454	 -0.844
	  0.524	  0.664	 -0.533

9 	  50.61	 -10.63	  -2.25
	  0.337	  0.846	 -0.413
	 -0.926	  0.376	  0.017
	  0.170	  0.377	  0.910

2 	  32.87	  -7.07	  22.75
	  0.657	  0.753	 -0.022
	 -0.754	  0.656	 -0.018
	  0.002	  0.029	  0.999

3 	  46.63	  -1.99	   2.14
	  0.431	  0.193	  0.881
	  0.031	  0.973	 -0.229
	 -0.902	  0.126	  0.413

4 	  41.80	   4.20	  -3.76
	  0.563	  0.790	 -0.241
	 -0.696	  0.610	  0.379
	  0.449	 -0.045	  0.892

5 	  46.49	   9.98	   4.71
	  0.841	  0.461	  0.282
	  0.012	 -0.538	  0.843
	  0.541	 -0.705	 -0.458

6 	  51.94	   5.06	  -0.44
	  0.383	 -0.791	 -0.476
	  0.924	  0.321	  0.208
	 -0.012	 -0.519	  0.854

7 	  40.97	  -7.58	  -3.01
	  0.488	 -0.810	 -0.326
	  0.666	  0.585	 -0.462
	  0.566	  0.008	  0.824

8 	  45.88	 -14.41	   3.97
	  0.822	 -0.565	  0.061
	 -0.307	 -0.532	 -0.789
	  0.479	  0.630	 -0.611

9 	  50.66	 -10.93	  -2.30
	  0.328	  0.782	 -0.530
	 -0.922	  0.387	  0.001
	  0.206	  0.488	  0.848

2 	  32.87	  -7.07	  22.75
	  0.657	  0.753	 -0.022
	 -0.754	  0.656	 -0.018
	  0.002	  0.029	  0.999

3 	  46.63	  -1.99	   2.13
	  0.431	  0.196	  0.880
	  0.029	  0.972	 -0.231
	 -0.902	  0.125	  0.414

4 	  41.75	   4.18	  -3.80
	  0.562	  0.789	 -0.248
	 -0.693	  0.611	  0.383
	  0.455	 -0.043	  0.889

5 	  46.53	   9.86	   4.76
	  0.849	  0.454	  0.270
	  0.038	 -0.563	  0.826
	  0.527	 -0.690	 -0.495

6 	  51.94	   5.20	  -0.77
	  0.384	 -0.760	 -0.524
	  0.923	  0.318	  0.214
	  0.003	 -0.566	  0.824

7 	  40.96	  -7.58	  -2.99
	  0.487	 -0.811	 -0.323
	  0.666	  0.583	 -0.464
	  0.567	  0.010	  0.823

8 	  46.07	 -14.04	   4.41
	  0.839	 -0.540	  0.075
	 -0.312	 -0.587	 -0.747
	  0.447	  0.603	 -0.660

9 	  50.64	 -11.11	  -2.23
	  0.312	  0.725	 -0.613
	 -0.923	  0.385	 -0.014
	  0.226	  0.570	  0.789

2 	  32.87	  -7.07	  22.75
	  0.657	  0.753	 -0.022
	 -0.754	  0.656	 -0.018
	  0.002	  0.029	  0.999

3 	  46.62	  -1.99	   2.09
	  0.434	  0.196	  0.879
	  0.026	  0.973	 -0.230
	 -0.900	  0.122	  0.417

4 	  41.70	   4.22	  -3.80
	  0.560	  0.790	 -0.250
	 -0.692	  0.610	  0.386
	  0.459	 -0.044	  0.887

5 	  46.55	   9.83	   4.80
	  0.851	  0.450	  0.269
	  0.045	 -0.574	  0.817
	  0.522	 -0.684	 -0.509

6 	  51.91	   5.31	  -0.88
	  0.384	 -0.746	 -0.544
	  0.923	  0.315	  0.218
	  0.007	 -0.586	  0.810

7 	  40.92	  -7.59	  -2.99
	  0.488	 -0.812	 -0.320
	  0.666	  0.582	 -0.467
	  0.567	  0.015	  0.823

8 	  46.12	 -13.83	   4.69
	  0.841	 -0.534	  0.082
	 -0.322	 -0.617	 -0.718
	  0.435	  0.578	 -0.690

9 	  50.62	 -11.29	  -2.21
	  0.312	  0.688	 -0.655
	 -0.917	  0.397	 -0.020
	  0.246	  0.608	  0.755

2 	  32.87	  -7.07	  22.75
	  0.657	  0.753	 -0.022
	 -0.754	  0.656	 -0.018
	  0.002	  0.029	  0.999

3 	  46.63	  -1.97	   2.06
	  0.436	  0.194	  0.879
	  0.025	  0.973	 -0.227
	 -0.900	  0.120	  0.419

4 	  41.68	   4.25	  -3.78
	  0.557	  0.792	 -0.251
	 -0.691	  0.608	  0.390
	  0.463	 -0.044	  0.885

5 	  46.60	   9.69	   4.96
	  0.856	  0.441	  0.267
	  0.064	 -0.604	  0.794
	  0.512	 -0.663	 -0.546

6 	  51.86	   5.62	  -1.20
	  0.382	 -0.701	 -0.603
	  0.923	  0.317	  0.216
	  0.039	 -0.639	  0.768

7 	  40.92	  -7.58	  -2.97
	  0.487	 -0.813	 -0.319
	  0.665	  0.580	 -0.469
	  0.568	  0.016	  0.822

8 	  46.27	 -13.52	   5.03
	  0.844	 -0.529	  0.082
	 -0.349	 -0.659	 -0.666
	  0.407	  0.534	 -0.741

9 	  50.47	 -11.72	  -2.21
	  0.296	  0.597	 -0.745
	 -0.908	  0.417	 -0.025
	  0.297	  0.685	  0.666

2 	  32.87	  -7.07	  22.73
	  0.657	  0.753	 -0.022
	 -0.754	  0.656	 -0.018
	  0.002	  0.029	  0.999

3 	  46.65	  -1.97	   2.00
	  0.438	  0.190	  0.878
	  0.023	  0.974	 -0.223
	 -0.899	  0.118	  0.422

4 	  41.70	   4.29	  -3.78
	  0.555	  0.794	 -0.248
	 -0.693	  0.605	  0.391
	  0.463	 -0.045	  0.885

5 	  46.60	   9.44	   5.19
	  0.857	  0.437	  0.274
	  0.085	 -0.643	  0.761
	  0.509	 -0.629	 -0.588

6 	  51.75	   6.06	  -1.44
	  0.378	 -0.633	 -0.675
	  0.923	  0.316	  0.220
	  0.074	 -0.706	  0.703

7 	  40.94	  -7.58	  -2.99
	  0.487	 -0.813	 -0.319
	  0.664	  0.580	 -0.471
	  0.569	  0.017	  0.822

8 	  46.32	 -13.25	   5.24
	  0.837	 -0.542	  0.077
	 -0.389	 -0.688	 -0.612
	  0.385	  0.483	 -0.786

9 	  50.19	 -12.38	  -2.37
	  0.272	  0.513	 -0.814
	 -0.894	  0.447	 -0.016
	  0.356	  0.732	  0.580

2 	  32.85	  -7.07	  22.75
	  0.657	  0.753	 -0.022
	 -0.754	  0.656	 -0.018
	  0.002	  0.029	  0.999

3 	  46.65	  -1.95	   1.99
	  0.438	  0.188	  0.879
	  0.022	  0.975	 -0.220
	 -0.899	  0.115	  0.422

4 	  41.68	   4.32	  -3.76
	  0.550	  0.798	 -0.246
	 -0.698	  0.599	  0.392
	  0.462	 -0.044	  0.886

5 	  46.53	   9.40	   5.33
	  0.853	  0.441	  0.279
	  0.095	 -0.658	  0.747
	  0.513	 -0.610	 -0.603

6 	  51.61	   6.31	  -1.48
	  0.378	 -0.597	 -0.708
	  0.920	  0.330	  0.212
	  0.107	 -0.731	  0.674

7 	  40.96	  -7.58	  -2.97
	  0.484	 -0.818	 -0.312
	  0.668	  0.574	 -0.473
	  0.567	  0.020	  0.823

8 	  46.18	 -13.11	   5.54
	  0.820	 -0.566	  0.082
	 -0.427	 -0.700	 -0.573
	  0.382	  0.435	 -0.815

9 	  49.75	 -12.92	  -2.29
	  0.249	  0.436	 -0.865
	 -0.878	  0.478	 -0.012
	  0.408	  0.762	  0.501

2 	  32.85	  -7.07	  22.75
	  0.657	  0.753	 -0.022
	 -0.755	  0.656	 -0.018
	  0.002	  0.029	  0.999

3 	  46.65	  -1.93	   1.99
	  0.435	  0.184	  0.881
	  0.022	  0.976	 -0.215
	 -0.900	  0.113	  0.420

4 	  41.66	   4.36	  -3.74
	  0.547	  0.801	 -0.243
	 -0.701	  0.595	  0.391
	  0.460	 -0.044	  0.887

5 	  46.44	   9.35	   5.47
	  0.849	  0.445	  0.284
	  0.106	 -0.671	  0.734
	  0.518	 -0.593	 -0.616

6 	  51.45	   6.61	  -1.53
	  0.376	 -0.562	 -0.737
	  0.916	  0.347	  0.203
	  0.142	 -0.751	  0.644

7 	  40.94	  -7.58	  -2.95
	  0.481	 -0.822	 -0.306
	  0.671	  0.568	 -0.476
	  0.566	  0.023	  0.823

8 	  46.07	 -13.10	   5.71
	  0.804	 -0.588	  0.087
	 -0.456	 -0.704	 -0.545
	  0.382	  0.399	 -0.833

9 	  49.48	 -13.54	  -2.20
	  0.249	  0.363	 -0.898
	 -0.876	  0.480	 -0.048
	  0.414	  0.798	  0.437

2 	  32.85	  -7.07	  22.75
	  0.657	  0.753	 -0.023
	 -0.754	  0.656	 -0.019
	  0.002	  0.030	  0.999

3 	  46.65	  -1.93	   1.99
	  0.434	  0.182	  0.882
	  0.022	  0.977	 -0.213
	 -0.901	  0.112	  0.420

4 	  41.66	   4.38	  -3.73
	  0.543	  0.805	 -0.238
	 -0.706	  0.590	  0.391
	  0.457	 -0.045	  0.888

5 	  46.35	   9.30	   5.57
	  0.842	  0.455	  0.290
	  0.120	 -0.682	  0.721
	  0.526	 -0.573	 -0.629

6 	  51.38	   6.86	  -1.51
	  0.382	 -0.535	 -0.753
	  0.910	  0.359	  0.206
	  0.160	 -0.765	  0.623

7 	  40.92	  -7.58	  -2.95
	  0.478	 -0.824	 -0.303
	  0.672	  0.564	 -0.479
	  0.567	  0.025	  0.823

8 	  45.88	 -13.06	   5.87
	  0.788	 -0.608	  0.102
	 -0.474	 -0.702	 -0.531
	  0.395	  0.371	 -0.840

9 	  49.25	 -13.87	  -1.99
	  0.254	  0.320	 -0.913
	 -0.867	  0.493	 -0.069
	  0.429	  0.809	  0.401

2 	  32.85	  -7.05	  22.75
	  0.657	  0.753	 -0.022
	 -0.754	  0.656	 -0.018
	  0.002	  0.029	  0.999

3 	  46.63	  -1.93	   1.97
	  0.434	  0.178	  0.883
	  0.023	  0.978	 -0.208
	 -0.901	  0.111	  0.420

4 	  41.64	   4.41	  -3.67
	  0.541	  0.808	 -0.233
	 -0.709	  0.586	  0.392
	  0.455	 -0.047	  0.889

5 	  46.25	   9.26	   5.68
	  0.837	  0.461	  0.295
	  0.129	 -0.690	  0.712
	  0.532	 -0.558	 -0.637

6 	  51.29	   7.05	  -1.46
	  0.389	 -0.517	 -0.762
	  0.905	  0.371	  0.210
	  0.174	 -0.772	  0.611

7 	  40.92	  -7.59	  -2.95
	  0.475	 -0.826	 -0.303
	  0.673	  0.562	 -0.481
	  0.569	  0.024	  0.822

8 	  45.84	 -12.96	   5.96
	  0.781	 -0.615	  0.107
	 -0.487	 -0.707	 -0.514
	  0.392	  0.350	 -0.851

9 	  49.17	 -14.04	  -1.88
	  0.239	  0.279	 -0.930
	 -0.865	  0.496	 -0.073
	  0.442	  0.822	  0.359

2 	  32.87	  -7.07	  22.75
	  0.657	  0.753	 -0.022
	 -0.754	  0.656	 -0.018
	  0.002	  0.029	  0.999

3 	  46.65	  -1.92	   1.97
	  0.434	  0.176	  0.883
	  0.024	  0.978	 -0.207
	 -0.901	  0.111	  0.420

4 	  41.62	   4.41	  -3.67
	  0.538	  0.810	 -0.232
	 -0.711	  0.583	  0.392
	  0.455	 -0.047	  0.889

5 	  46.21	   9.28	   5.70
	  0.833	  0.467	  0.296
	  0.136	 -0.692	  0.708
	  0.536	 -0.551	 -0.640

6 	  51.26	   7.14	  -1.44
	  0.394	 -0.505	 -0.768
	  0.900	  0.380	  0.210
	  0.186	 -0.775	  0.604

7 	  40.92	  -7.58	  -2.95
	  0.474	 -0.826	 -0.305
	  0.672	  0.562	 -0.483
	  0.571	  0.024	  0.820

8 	  45.90	 -12.83	   6.01
	  0.780	 -0.616	  0.110
	 -0.493	 -0.713	 -0.499
	  0.386	  0.336	 -0.859

9 	  49.11	 -14.19	  -1.81
	  0.232	  0.248	 -0.941
	 -0.866	  0.494	 -0.083
	  0.444	  0.833	  0.328

2 	  32.87	  -7.05	  22.75
	  0.657	  0.753	 -0.023
	 -0.754	  0.656	 -0.019
	  0.002	  0.030	  0.999

3 	  46.65	  -1.88	   1.95
	  0.435	  0.173	  0.883
	  0.023	  0.979	 -0.204
	 -0.900	  0.109	  0.422

4 	  41.64	   4.48	  -3.64
	  0.536	  0.813	 -0.227
	 -0.714	  0.579	  0.393
	  0.452	 -0.049	  0.890

5 	  46.14	   9.25	   5.87
	  0.827	  0.471	  0.307
	  0.143	 -0.704	  0.695
	  0.544	 -0.531	 -0.649

6 	  51.19	   7.40	  -1.41
	  0.398	 -0.474	 -0.786
	  0.893	  0.395	  0.212
	  0.211	 -0.787	  0.580

7 	  40.94	  -7.54	  -2.95
	  0.475	 -0.825	 -0.307
	  0.670	  0.563	 -0.483
	  0.573	  0.023	  0.819

8 	  45.83	 -12.69	   6.17
	  0.774	 -0.620	  0.127
	 -0.498	 -0.719	 -0.484
	  0.392	  0.312	 -0.865

9 	  49.03	 -14.38	  -1.58
	  0.229	  0.200	 -0.953
	 -0.870	  0.481	 -0.107
	  0.438	  0.853	  0.284

2 	  32.87	  -7.05	  22.75
	  0.657	  0.753	 -0.023
	 -0.755	  0.656	 -0.019
	  0.002	  0.030	  0.999

3 	  46.65	  -1.85	   1.97
	  0.436	  0.169	  0.884
	  0.021	  0.980	 -0.198
	 -0.900	  0.105	  0.423

4 	  41.66	   4.55	  -3.60
	  0.531	  0.819	 -0.217
	 -0.720	  0.570	  0.394
	  0.448	 -0.054	  0.892

5 	  46.07	   9.12	   6.08
	  0.822	  0.471	  0.321
	  0.150	 -0.723	  0.674
	  0.550	 -0.506	 -0.664

6 	  51.15	   7.65	  -1.23
	  0.406	 -0.430	 -0.806
	  0.882	  0.417	  0.220
	  0.242	 -0.801	  0.547

7 	  40.96	  -7.54	  -2.97
	  0.474	 -0.827	 -0.303
	  0.671	  0.561	 -0.484
	  0.572	  0.026	  0.820

8 	  45.62	 -12.59	   6.40
	  0.760	 -0.631	  0.157
	 -0.504	 -0.724	 -0.471
	  0.412	  0.280	 -0.867

9 	  48.92	 -14.82	  -1.18
	  0.251	  0.133	 -0.959
	 -0.879	  0.448	 -0.167
	  0.407	  0.884	  0.228

2 	  32.87	  -7.07	  22.75
	  0.657	  0.753	 -0.022
	 -0.755	  0.656	 -0.018
	  0.002	  0.029	  0.999

3 	  46.65	  -1.86	   1.97
	  0.435	  0.165	  0.885
	  0.024	  0.980	 -0.195
	 -0.900	  0.106	  0.422

4 	  41.66	   4.59	  -3.57
	  0.528	  0.823	 -0.211
	 -0.724	  0.565	  0.394
	  0.445	 -0.056	  0.893

5 	  46.02	   9.02	   6.17
	  0.818	  0.471	  0.329
	  0.153	 -0.731	  0.665
	  0.554	 -0.494	 -0.670

6 	  51.12	   7.77	  -1.14
	  0.415	 -0.403	 -0.816
	  0.874	  0.426	  0.232
	  0.256	 -0.810	  0.527

7 	  40.96	  -7.54	  -2.95
	  0.471	 -0.829	 -0.300
	  0.674	  0.557	 -0.485
	  0.571	  0.026	  0.820

8 	  45.53	 -12.60	   6.52
	  0.749	 -0.640	  0.170
	 -0.510	 -0.721	 -0.470
	  0.424	  0.266	 -0.865

9 	  48.80	 -15.12	  -0.97
	  0.245	  0.089	 -0.966
	 -0.883	  0.432	 -0.184
	  0.401	  0.897	  0.183

2 	  32.87	  -7.05	  22.75
	  0.657	  0.753	 -0.023
	 -0.754	  0.656	 -0.019
	  0.002	  0.030	  0.999

3 	  46.67	  -1.86	   1.93
	  0.437	  0.161	  0.884
	  0.026	  0.981	 -0.192
	 -0.899	  0.107	  0.424

4 	  41.66	   4.61	  -3.55
	  0.525	  0.826	 -0.206
	 -0.729	  0.560	  0.393
	  0.443	 -0.056	  0.895

5 	  45.91	   8.89	   6.35
	  0.812	  0.471	  0.344
	  0.154	 -0.743	  0.651
	  0.562	 -0.477	 -0.675

6 	  51.13	   7.95	  -1.00
	  0.439	 -0.367	 -0.820
	  0.863	  0.426	  0.270
	  0.251	 -0.827	  0.503

7 	  40.97	  -7.56	  -2.95
	  0.470	 -0.831	 -0.298
	  0.674	  0.554	 -0.487
	  0.572	  0.027	  0.820

8 	  45.51	 -12.52	   6.59
	  0.748	 -0.639	  0.179
	 -0.512	 -0.726	 -0.459
	  0.425	  0.253	 -0.869

9 	  48.81	 -15.24	  -0.81
	  0.245	  0.058	 -0.968
	 -0.893	  0.404	 -0.201
	  0.379	  0.913	  0.150

2 	  32.85	  -7.07	  22.75
	  0.657	  0.753	 -0.022
	 -0.754	  0.656	 -0.018
	  0.002	  0.029	  0.999

3 	  46.69	  -1.86	   1.92
	  0.438	  0.162	  0.884
	  0.025	  0.981	 -0.192
	 -0.899	  0.106	  0.425

4 	  41.62	   4.61	  -3.55
	  0.518	  0.830	 -0.206
	 -0.734	  0.554	  0.393
	  0.441	 -0.052	  0.895

5 	  45.77	   8.95	   6.38
	  0.805	  0.478	  0.349
	  0.158	 -0.742	  0.651
	  0.571	 -0.470	 -0.673

6 	  51.10	   8.07	  -0.93
	  0.453	 -0.356	 -0.817
	  0.856	  0.431	  0.285
	  0.252	 -0.829	  0.499

7 	  40.99	  -7.58	  -2.95
	  0.470	 -0.831	 -0.299
	  0.672	  0.554	 -0.491
	  0.575	  0.030	  0.817

8 	  45.51	 -12.52	   6.61
	  0.747	 -0.639	  0.181
	 -0.511	 -0.727	 -0.459
	  0.426	  0.251	 -0.869

9 	  48.80	 -15.36	  -0.79
	  0.237	  0.036	 -0.971
	 -0.904	  0.373	 -0.206
	  0.355	  0.927	  0.120

2 	  32.87	  -7.07	  22.75
	  0.657	  0.753	 -0.022
	 -0.754	  0.656	 -0.018
	  0.002	  0.029	  0.999

3 	  46.71	  -1.86	   1.88
	  0.440	  0.161	  0.883
	  0.025	  0.981	 -0.192
	 -0.898	  0.106	  0.427

4 	  41.62	   4.64	  -3.55
	  0.515	  0.833	 -0.202
	 -0.736	  0.550	  0.394
	  0.441	 -0.054	  0.896

5 	  45.69	   8.93	   6.45
	  0.799	  0.479	  0.362
	  0.156	 -0.747	  0.646
	  0.580	 -0.460	 -0.672

6 	  51.10	   8.16	  -0.79
	  0.469	 -0.340	 -0.815
	  0.847	  0.434	  0.306
	  0.251	 -0.834	  0.490

7 	  40.99	  -7.56	  -2.97
	  0.469	 -0.830	 -0.302
	  0.671	  0.556	 -0.491
	  0.577	  0.026	  0.816

8 	  45.49	 -12.48	   6.61
	  0.745	 -0.640	  0.185
	 -0.511	 -0.727	 -0.459
	  0.429	  0.248	 -0.868

9 	  48.80	 -15.50	  -0.74
	  0.237	  0.011	 -0.971
	 -0.919	  0.329	 -0.219
	  0.317	  0.944	  0.088

2 	  32.85	  -7.07	  22.75
	  0.657	  0.753	 -0.022
	 -0.754	  0.656	 -0.018
	  0.002	  0.029	  0.999

3 	  46.72	  -1.85	   1.86
	  0.440	  0.161	  0.883
	  0.025	  0.981	 -0.191
	 -0.898	  0.106	  0.428

4 	  41.64	   4.66	  -3.57
	  0.514	  0.834	 -0.199
	 -0.738	  0.547	  0.395
	  0.441	 -0.056	  0.896

5 	  45.67	   8.93	   6.45
	  0.800	  0.477	  0.363
	  0.154	 -0.748	  0.645
	  0.580	 -0.461	 -0.672

6 	  51.12	   8.16	  -0.76
	  0.473	 -0.341	 -0.812
	  0.848	  0.428	  0.313
	  0.242	 -0.837	  0.491

7 	  41.03	  -7.54	  -3.01
	  0.469	 -0.829	 -0.304
	  0.670	  0.557	 -0.490
	  0.578	  0.025	  0.816

8 	  45.47	 -12.50	   6.59
	  0.744	 -0.642	  0.185
	 -0.510	 -0.724	 -0.465
	  0.433	  0.253	 -0.865

9 	  48.87	 -15.43	  -0.77
	  0.247	  0.028	 -0.969
	 -0.912	  0.346	 -0.222
	  0.329	  0.938	  0.111

2 	  32.87	  -7.07	  22.75
	  0.657	  0.753	 -0.022
	 -0.754	  0.656	 -0.018
	  0.002	  0.029	  0.999

3 	  46.74	  -1.85	   1.85
	  0.440	  0.163	  0.883
	  0.024	  0.981	 -0.194
	 -0.898	  0.106	  0.427

4 	  41.64	   4.64	  -3.59
	  0.514	  0.834	 -0.201
	 -0.737	  0.548	  0.395
	  0.442	 -0.054	  0.895

5 	  45.70	   9.00	   6.33
	  0.804	  0.477	  0.353
	  0.148	 -0.737	  0.659
	  0.575	 -0.478	 -0.664

6 	  51.22	   7.98	  -0.84
	  0.475	 -0.373	 -0.797
	  0.854	  0.415	  0.314
	  0.214	 -0.830	  0.514

7 	  41.03	  -7.54	  -2.99
	  0.470	 -0.829	 -0.305
	  0.669	  0.558	 -0.490
	  0.577	  0.025	  0.816

8 	  45.33	 -12.81	   6.36
	  0.743	 -0.648	  0.168
	 -0.499	 -0.702	 -0.508
	  0.449	  0.294	 -0.844

9 	  49.08	 -15.26	  -1.18
	  0.293	  0.105	 -0.950
	 -0.905	  0.350	 -0.240
	  0.307	  0.931	  0.198

2 	  32.85	  -7.07	  22.75
	  0.657	  0.753	 -0.022
	 -0.754	  0.656	 -0.018
	  0.002	  0.029	  0.999

3 	  46.71	  -1.85	   1.86
	  0.440	  0.166	  0.882
	  0.026	  0.980	 -0.198
	 -0.898	  0.110	  0.427

4 	  41.61	   4.57	  -3.62
	  0.518	  0.829	 -0.210
	 -0.731	  0.556	  0.396
	  0.446	 -0.051	  0.893

5 	  45.67	   9.21	   6.08
	  0.807	  0.482	  0.339
	  0.137	 -0.712	  0.688
	  0.574	 -0.510	 -0.641

6 	  51.22	   7.70	  -0.83
	  0.480	 -0.436	 -0.761
	  0.856	  0.421	  0.298
	  0.192	 -0.796	  0.574

7 	  40.99	  -7.52	  -3.01
	  0.473	 -0.824	 -0.311
	  0.665	  0.564	 -0.489
	  0.580	  0.024	  0.814

8 	  45.26	 -13.27	   5.94
	  0.749	 -0.648	  0.138
	 -0.474	 -0.668	 -0.574
	  0.465	  0.365	 -0.806

9 	  49.50	 -14.70	  -1.60
	  0.346	  0.242	 -0.906
	 -0.897	  0.370	 -0.242
	  0.277	  0.897	  0.345

2 	  32.87	  -7.07	  22.75
	  0.657	  0.753	 -0.023
	 -0.755	  0.656	 -0.019
	  0.002	  0.030	  0.999

3 	  46.67	  -1.85	   1.86
	  0.441	  0.169	  0.881
	  0.025	  0.979	 -0.201
	 -0.897	  0.111	  0.427

4 	  41.59	   4.54	  -3.66
	  0.521	  0.826	 -0.216
	 -0.727	  0.561	  0.396
	  0.449	 -0.049	  0.892

5 	  45.69	   9.40	   5.91
	  0.809	  0.486	  0.330
	  0.124	 -0.690	  0.713
	  0.574	 -0.536	 -0.619

6 	  51.26	   7.40	  -0.83
	  0.474	 -0.497	 -0.727
	  0.865	  0.416	  0.279
	  0.164	 -0.761	  0.627

7 	  40.96	  -7.51	  -3.02
	  0.477	 -0.820	 -0.315
	  0.660	  0.570	 -0.490
	  0.583	  0.025	  0.812

8 	  45.35	 -13.66	   5.47
	  0.769	 -0.630	  0.108
	 -0.436	 -0.639	 -0.634
	  0.469	  0.441	 -0.765

9 	  49.80	 -13.94	  -1.95
	  0.367	  0.376	 -0.851
	 -0.898	  0.380	 -0.220
	  0.240	  0.845	  0.478

2 	  32.85	  -7.07	  22.75
	  0.657	  0.753	 -0.022
	 -0.754	  0.656	 -0.018
	  0.002	  0.029	  0.999

3 	  46.67	  -1.85	   1.88
	  0.440	  0.171	  0.881
	  0.026	  0.979	 -0.203
	 -0.898	  0.112	  0.426

4 	  41.57	   4.50	  -3.67
	  0.527	  0.821	 -0.221
	 -0.721	  0.568	  0.397
	  0.453	 -0.049	  0.890

5 	  45.72	   9.65	   5.66
	  0.813	  0.485	  0.322
	  0.100	 -0.662	  0.743
	  0.573	 -0.572	 -0.586

6 	  51.38	   6.91	  -0.77
	  0.466	 -0.573	 -0.674
	  0.877	  0.397	  0.269
	  0.113	 -0.717	  0.688

7 	  40.97	  -7.47	  -3.02
	  0.481	 -0.815	 -0.322
	  0.655	  0.577	 -0.487
	  0.585	  0.023	  0.811

8 	  45.46	 -13.80	   5.13
	  0.793	 -0.601	  0.099
	 -0.386	 -0.622	 -0.681
	  0.472	  0.502	 -0.724

9 	  50.27	 -13.06	  -1.95
	  0.381	  0.497	 -0.779
	 -0.907	  0.363	 -0.212
	  0.177	  0.787	  0.590

2 	  32.85	  -7.07	  22.75
	  0.657	  0.753	 -0.022
	 -0.754	  0.656	 -0.018
	  0.002	  0.029	  0.999

3 	  46.67	  -1.83	   1.90
	  0.440	  0.173	  0.881
	  0.026	  0.978	 -0.205
	 -0.898	  0.113	  0.425

4 	  41.61	   4.48	  -3.69
	  0.531	  0.817	 -0.224
	 -0.717	  0.573	  0.395
	  0.453	 -0.049	  0.890

5 	  45.77	   9.84	   5.45
	  0.814	  0.483	  0.321
	  0.069	 -0.630	  0.773
	  0.576	 -0.608	 -0.547

6 	  51.50	   6.59	  -0.58
	  0.463	 -0.634	 -0.620
	  0.884	  0.386	  0.264
	  0.071	 -0.670	  0.739

7 	  41.01	  -7.49	  -3.02
	  0.486	 -0.812	 -0.323
	  0.652	  0.582	 -0.487
	  0.584	  0.025	  0.811

8 	  45.49	 -14.08	   4.80
	  0.808	 -0.581	  0.097
	 -0.336	 -0.588	 -0.736
	  0.485	  0.562	 -0.669

9 	  50.64	 -12.27	  -1.86
	  0.404	  0.620	 -0.672
	 -0.907	  0.365	 -0.209
	  0.115	  0.694	  0.711

2 	  32.85	  -7.07	  22.75
	  0.657	  0.753	 -0.022
	 -0.754	  0.656	 -0.018
	  0.002	  0.029	  0.999

3 	  46.69	  -1.83	   1.92
	  0.439	  0.176	  0.881
	  0.025	  0.978	 -0.208
	 -0.898	  0.114	  0.424

4 	  41.62	   4.45	  -3.73
	  0.537	  0.812	 -0.229
	 -0.713	  0.581	  0.393
	  0.454	 -0.047	  0.890

5 	  45.90	  10.12	   5.12
	  0.819	  0.483	  0.310
	  0.037	 -0.585	  0.810
	  0.573	 -0.652	 -0.497

6 	  51.63	   6.08	  -0.40
	  0.445	 -0.708	 -0.549
	  0.896	  0.362	  0.257
	  0.016	 -0.606	  0.795

7 	  41.04	  -7.47	  -2.99
	  0.490	 -0.809	 -0.323
	  0.649	  0.585	 -0.486
	  0.584	  0.029	  0.811

8 	  45.53	 -14.40	   4.25
	  0.818	 -0.568	  0.087
	 -0.291	 -0.540	 -0.790
	  0.496	  0.621	 -0.606

9 	  50.89	 -11.72	  -1.85
	  0.408	  0.710	 -0.574
	 -0.909	  0.373	 -0.184
	  0.082	  0.596	  0.798

2 	  32.87	  -7.07	  22.75
	  0.657	  0.753	 -0.022
	 -0.755	  0.656	 -0.018
	  0.002	  0.029	  0.999

3 	  46.69	  -1.85	   1.95
	  0.435	  0.180	  0.882
	  0.026	  0.977	 -0.212
	 -0.900	  0.115	  0.420

4 	  41.68	   4.41	  -3.74
	  0.541	  0.808	 -0.232
	 -0.710	  0.586	  0.390
	  0.453	 -0.046	  0.890

5 	  45.91	  10.30	   4.83
	  0.815	  0.495	  0.301
	  0.029	 -0.555	  0.831
	  0.578	 -0.669	 -0.467

6 	  51.59	   5.92	  -0.39
	  0.434	 -0.748	 -0.502
	  0.901	  0.364	  0.235
	  0.006	 -0.554	  0.832

7 	  41.10	  -7.47	  -3.02
	  0.493	 -0.806	 -0.329
	  0.645	  0.591	 -0.484
	  0.586	  0.026	  0.810

8 	  45.56	 -14.64	   3.76
	  0.815	 -0.575	  0.067
	 -0.286	 -0.500	 -0.818
	  0.504	  0.648	 -0.571

9 	  50.89	 -11.41	  -2.00
	  0.401	  0.765	 -0.504
	 -0.912	  0.384	 -0.143
	  0.083	  0.517	  0.852

2 	  32.85	  -7.07	  22.75
	  0.657	  0.753	 -0.022
	 -0.754	  0.656	 -0.018
	  0.002	  0.029	  0.999

3 	  46.71	  -1.83	   1.97
	  0.433	  0.187	  0.881
	  0.025	  0.975	 -0.220
	 -0.901	  0.117	  0.417

4 	  41.66	   4.34	  -3.85
	  0.539	  0.806	 -0.244
	 -0.710	  0.589	  0.386
	  0.457	 -0.035	  0.889

5 	  45.76	  10.48	   4.59
	  0.808	  0.502	  0.307
	  0.001	 -0.523	  0.852
	  0.589	 -0.688	 -0.424

6 	  51.50	   5.68	  -0.14
	  0.428	 -0.783	 -0.452
	  0.904	  0.359	  0.233
	 -0.022	 -0.508	  0.861

7 	  41.08	  -7.47	  -3.06
	  0.492	 -0.805	 -0.332
	  0.643	  0.592	 -0.485
	  0.588	  0.025	  0.808

8 	  45.37	 -14.78	   3.59
	  0.809	 -0.583	  0.081
	 -0.260	 -0.476	 -0.840
	  0.528	  0.659	 -0.535

9 	  50.80	 -11.20	  -1.74
	  0.401	  0.799	 -0.447
	 -0.914	  0.380	 -0.139
	  0.058	  0.463	  0.884

2 	  32.87	  -7.05	  22.75
	  0.657	  0.753	 -0.022
	 -0.754	  0.656	 -0.018
	  0.002	  0.029	  0.999

3 	  46.71	  -1.85	   1.95
	  0.431	  0.191	  0.882
	  0.027	  0.974	 -0.224
	 -0.902	  0.121	  0.414

4 	  41.68	   4.32	  -3.88
	  0.538	  0.807	 -0.244
	 -0.710	  0.589	  0.385
	  0.456	 -0.034	  0.889

5 	  45.76	  10.53	   4.48
	  0.801	  0.501	  0.327
	 -0.040	 -0.502	  0.864
	  0.598	 -0.704	 -0.382

6 	  51.52	   5.38	   0.19
	  0.420	 -0.816	 -0.398
	  0.906	  0.350	  0.236
	 -0.054	 -0.460	  0.886

7 	  41.12	  -7.49	  -3.08
	  0.495	 -0.804	 -0.329
	  0.643	  0.593	 -0.484
	  0.586	  0.027	  0.809

8 	  45.35	 -14.91	   3.45
	  0.807	 -0.583	  0.095
	 -0.228	 -0.455	 -0.861
	  0.546	  0.673	 -0.499

9 	  50.89	 -10.95	  -1.44
	  0.399	  0.835	 -0.378
	 -0.916	  0.382	 -0.120
	  0.043	  0.393	  0.918

2 	  32.85	  -7.05	  22.75
	  0.657	  0.753	 -0.022
	 -0.754	  0.656	 -0.018
	  0.002	  0.029	  0.999

3 	  46.76	  -1.88	   1.92
	  0.428	  0.194	  0.882
	  0.031	  0.973	 -0.229
	 -0.903	  0.125	  0.410

4 	  41.78	   4.29	  -3.94
	  0.542	  0.805	 -0.241
	 -0.709	  0.590	  0.385
	  0.454	 -0.037	  0.890

5 	  45.77	  10.67	   4.31
	  0.793	  0.501	  0.344
	 -0.081	 -0.476	  0.876
	  0.603	 -0.722	 -0.338

6 	  51.49	   5.06	   0.54
	  0.398	 -0.851	 -0.341
	  0.915	  0.345	  0.207
	 -0.060	 -0.394	  0.917

7 	  41.15	  -7.52	  -3.09
	  0.496	 -0.804	 -0.326
	  0.644	  0.592	 -0.484
	  0.584	  0.029	  0.811

8 	  45.28	 -15.06	   3.15
	  0.803	 -0.585	  0.109
	 -0.185	 -0.419	 -0.889
	  0.566	  0.694	 -0.444

9 	  50.92	 -10.63	  -1.12
	  0.394	  0.870	 -0.295
	 -0.919	  0.372	 -0.129
	 -0.003	  0.321	  0.947

2 	  32.87	  -7.05	  22.75
	  0.657	  0.753	 -0.022
	 -0.754	  0.656	 -0.018
	  0.002	  0.029	  0.999

3 	  46.78	  -1.86	   1.92
	  0.428	  0.193	  0.883
	  0.033	  0.973	 -0.229
	 -0.903	  0.126	  0.410

4 	  41.84	   4.34	  -3.99
	  0.542	  0.807	 -0.235
	 -0.711	  0.588	  0.386
	  0.452	 -0.043	  0.891

5 	  45.63	  10.85	   4.27
	  0.781	  0.503	  0.370
	 -0.133	 -0.447	  0.885
	  0.611	 -0.739	 -0.283

6 	  51.26	   4.85	   1.25
	  0.378	 -0.885	 -0.270
	  0.922	  0.333	  0.197
	 -0.085	 -0.323	  0.942

7 	  41.17	  -7.52	  -3.11
	  0.500	 -0.805	 -0.321
	  0.647	  0.591	 -0.481
	  0.578	  0.032	  0.815

8 	  45.26	 -15.15	   3.01
	  0.803	 -0.579	  0.143
	 -0.111	 -0.381	 -0.918
	  0.586	  0.721	 -0.370

9 	  50.99	 -10.14	  -0.46
	  0.372	  0.908	 -0.193
	 -0.926	  0.349	 -0.142
	 -0.063	  0.230	  0.971

2 	  32.87	  -7.05	  22.75
	  0.657	  0.753	 -0.023
	 -0.755	  0.656	 -0.019
	  0.002	  0.030	  0.999

3 	  46.78	  -1.86	   1.92
	  0.427	  0.192	  0.883
	  0.031	  0.973	 -0.227
	 -0.904	  0.123	  0.409

4 	  41.85	   4.34	  -3.94
	  0.542	  0.808	 -0.231
	 -0.713	  0.587	  0.384
	  0.448	 -0.044	  0.893

5 	  45.53	  11.04	   4.08
	  0.771	  0.518	  0.370
	 -0.154	 -0.414	  0.897
	  0.619	 -0.748	 -0.240

6 	  51.10	   4.82	   1.37
	  0.355	 -0.907	 -0.225
	  0.931	  0.322	  0.170
	 -0.083	 -0.270	  0.959

7 	  41.20	  -7.52	  -3.09
	  0.505	 -0.801	 -0.320
	  0.643	  0.596	 -0.481
	  0.578	  0.037	  0.815

8 	  45.37	 -15.43	   2.09
	  0.797	 -0.589	  0.133
	 -0.045	 -0.278	 -0.959
	  0.602	  0.759	 -0.248

9 	  50.91	  -9.63	  -0.11
	  0.307	  0.951	 -0.027
	 -0.943	  0.300	 -0.141
	 -0.126	  0.068	  0.990

2 	  32.87	  -7.07	  22.75
	  0.657	  0.753	 -0.022
	 -0.754	  0.656	 -0.018
	  0.002	  0.029	  0.999

3 	  46.78	  -1.83	   1.93
	  0.425	  0.193	  0.884
	  0.029	  0.974	 -0.226
	 -0.905	  0.122	  0.408

4 	  41.85	   4.34	  -3.96
	  0.542	  0.807	 -0.232
	 -0.713	  0.587	  0.382
	  0.447	 -0.042	  0.894

5 	  45.49	  11.18	   3.96
	  0.766	  0.528	  0.366
	 -0.162	 -0.394	  0.904
	  0.623	 -0.751	 -0.218

6 	  50.91	   4.75	   1.37
	  0.325	 -0.925	 -0.199
	  0.945	  0.312	  0.096
	 -0.027	 -0.219	  0.975

7 	  41.19	  -7.47	  -3.15
	  0.505	 -0.796	 -0.334
	  0.643	  0.604	 -0.471
	  0.578	  0.024	  0.815

8 	  45.53	 -15.43	   1.46
	  0.800	 -0.586	  0.125
	  0.005	 -0.201	 -0.979
	  0.599	  0.785	 -0.158

9 	  50.94	  -9.16	   0.00
	  0.267	  0.961	  0.073
	 -0.950	  0.275	 -0.146
	 -0.161	 -0.031	  0.986

2 	  32.87	  -7.07	  22.75
	  0.657	  0.753	 -0.023
	 -0.754	  0.656	 -0.019
	  0.002	  0.030	  0.999

3 	  46.78	  -1.81	   1.95
	  0.425	  0.192	  0.884
	  0.028	  0.974	 -0.226
	 -0.905	  0.121	  0.408

4 	  41.82	   4.34	  -3.96
	  0.543	  0.807	 -0.234
	 -0.712	  0.589	  0.382
	  0.448	 -0.041	  0.893

5 	  45.53	  11.20	   3.88
	  0.769	  0.527	  0.361
	 -0.160	 -0.389	  0.907
	  0.619	 -0.755	 -0.216

6 	  50.91	   4.75	   1.34
	  0.318	 -0.927	 -0.196
	  0.948	  0.312	  0.060
	  0.006	 -0.205	  0.978

7 	  41.19	  -7.42	  -3.20
	  0.510	 -0.789	 -0.343
	  0.637	  0.613	 -0.468
	  0.581	  0.020	  0.813

8 	  45.72	 -15.38	   1.25
	  0.807	 -0.579	  0.117
	  0.013	 -0.180	 -0.984
	  0.591	  0.794	 -0.138

9 	  51.03	  -8.89	   0.05
	  0.247	  0.963	  0.105
	 -0.952	  0.261	 -0.157
	 -0.180	 -0.062	  0.982

2 	  32.85	  -7.05	  22.75
	  0.657	  0.753	 -0.023
	 -0.754	  0.656	 -0.019
	  0.002	  0.030	  0.999

3 	  46.78	  -1.79	   1.97
	  0.425	  0.191	  0.885
	  0.027	  0.974	 -0.224
	 -0.905	  0.119	  0.408

4 	  41.82	   4.34	  -3.94
	  0.543	  0.806	 -0.236
	 -0.712	  0.590	  0.381
	  0.448	 -0.039	  0.893

5 	  45.56	  11.20	   3.88
	  0.771	  0.526	  0.358
	 -0.157	 -0.389	  0.908
	  0.618	 -0.755	 -0.218

6 	  50.89	   4.71	   1.32
	  0.317	 -0.929	 -0.192
	  0.948	  0.316	  0.039
	  0.024	 -0.195	  0.980

7 	  41.20	  -7.40	  -3.20
	  0.511	 -0.787	 -0.345
	  0.636	  0.615	 -0.466
	  0.581	  0.018	  0.814

8 	  45.79	 -15.33	   1.11
	  0.805	 -0.582	  0.116
	  0.026	 -0.162	 -0.986
	  0.593	  0.797	 -0.116

9 	  51.08	  -8.79	   0.14
	  0.239	  0.961	  0.139
	 -0.950	  0.261	 -0.173
	 -0.203	 -0.092	  0.975

2 	  32.85	  -7.05	  22.75
	  0.657	  0.754	 -0.023
	 -0.755	  0.655	 -0.019
	  0.002	  0.030	  0.999

3 	  46.76	  -1.78	   1.97
	  0.425	  0.191	  0.885
	  0.026	  0.974	 -0.223
	 -0.905	  0.117	  0.408

4 	  41.82	   4.34	  -3.94
	  0.543	  0.805	 -0.238
	 -0.711	  0.591	  0.380
	  0.448	 -0.037	  0.893

5 	  45.58	  11.25	   3.83
	  0.771	  0.529	  0.353
	 -0.154	 -0.384	  0.910
	  0.618	 -0.756	 -0.216

6 	  50.87	   4.71	   1.28
	  0.317	 -0.930	 -0.184
	  0.947	  0.319	  0.019
	  0.041	 -0.181	  0.982

7 	  41.20	  -7.37	  -3.22
	  0.510	 -0.785	 -0.351
	  0.637	  0.618	 -0.461
	  0.581	  0.011	  0.814

8 	  45.81	 -15.38	   0.79
	  0.799	 -0.591	  0.110
	  0.047	 -0.122	 -0.991
	  0.599	  0.797	 -0.070

9 	  51.12	  -8.81	   0.25
	  0.231	  0.956	  0.178
	 -0.946	  0.263	 -0.187
	 -0.226	 -0.127	  0.966

2 	  32.85	  -7.07	  22.75
	  0.657	  0.753	 -0.022
	 -0.754	  0.656	 -0.018
	  0.002	  0.029	  0.999

3 	  46.76	  -1.78	   1.99
	  0.424	  0.192	  0.885
	  0.023	  0.974	 -0.222
	 -0.906	  0.114	  0.408

4 	  41.80	   4.32	  -3.94
	  0.543	  0.804	 -0.242
	 -0.711	  0.592	  0.378
	  0.449	 -0.033	  0.892

5 	  45.56	  11.25	   3.78
	  0.771	  0.531	  0.350
	 -0.154	 -0.380	  0.912
	  0.618	 -0.757	 -0.212

6 	  50.85	   4.68	   1.27
	  0.317	 -0.931	 -0.178
	  0.947	  0.319	  0.016
	  0.042	 -0.175	  0.984

7 	  41.19	  -7.37	  -3.23
	  0.510	 -0.783	 -0.355
	  0.637	  0.620	 -0.458
	  0.581	  0.007	  0.814

8 	  45.81	 -15.43	   0.49
	  0.795	 -0.598	  0.103
	  0.066	 -0.085	 -0.994
	  0.603	  0.797	 -0.028

9 	  51.06	  -8.75	   0.35
	  0.216	  0.949	  0.228
	 -0.945	  0.262	 -0.197
	 -0.247	 -0.174	  0.953

2 	  32.85	  -7.07	  22.75
	  0.657	  0.753	 -0.022
	 -0.754	  0.656	 -0.018
	  0.002	  0.029	  0.999

3 	  46.74	  -1.78	   1.99
	  0.424	  0.193	  0.885
	  0.023	  0.974	 -0.224
	 -0.905	  0.115	  0.409

4 	  41.77	   4.29	  -3.94
	  0.543	  0.802	 -0.247
	 -0.710	  0.595	  0.377
	  0.451	 -0.030	  0.892

5 	  45.58	  11.25	   3.71
	  0.771	  0.535	  0.345
	 -0.151	 -0.374	  0.915
	  0.618	 -0.757	 -0.209

6 	  50.87	   4.64	   1.21
	  0.319	 -0.932	 -0.171
	  0.947	  0.321	  0.011
	  0.045	 -0.166	  0.985

7 	  41.17	  -7.33	  -3.27
	  0.509	 -0.780	 -0.366
	  0.635	  0.625	 -0.454
	  0.584	 -0.002	  0.812

8 	  45.76	 -15.43	   0.39
	  0.791	 -0.604	  0.096
	  0.065	 -0.074	 -0.995
	  0.609	  0.793	 -0.020

9 	  51.05	  -8.77	   0.30
	  0.219	  0.946	  0.239
	 -0.944	  0.267	 -0.192
	 -0.246	 -0.184	  0.952

2 	  32.85	  -7.07	  22.75
	  0.657	  0.753	 -0.022
	 -0.754	  0.656	 -0.018
	  0.002	  0.029	  0.999

3 	  46.74	  -1.79	   1.99
	  0.425	  0.192	  0.884
	  0.024	  0.974	 -0.224
	 -0.905	  0.117	  0.410

4 	  41.77	   4.29	  -3.94
	  0.544	  0.802	 -0.247
	 -0.709	  0.595	  0.378
	  0.452	 -0.030	  0.891

5 	  45.60	  11.23	   3.71
	  0.773	  0.533	  0.344
	 -0.152	 -0.373	  0.915
	  0.617	 -0.759	 -0.208

6 	  50.91	   4.61	   1.25
