% Calibrated with leiden_pols
% Positions are in centimeters
Data =[
 2    98.721   -22.611    59.343
 2     0.971    -0.240    -0.014
 2     0.239     0.969     0.050
 2     0.003    -0.053     0.998
 3   126.465    -1.084     2.400
 3     0.528    -0.009    -0.849
 3    -0.181     0.976    -0.123
 3     0.829     0.218     0.513
 4   112.317    14.622    -1.784
 4     0.566    -0.724     0.397
 4     0.802     0.371    -0.467
 4     0.191     0.582     0.790
 5   115.009    21.114    20.709
 5     0.288    -0.315     0.905
 5     0.156    -0.917    -0.367
 5     0.945     0.245    -0.215
 6   126.098    24.552    38.472
 6     0.268    -0.507    -0.820
 6     0.082     0.859    -0.503
 6     0.960     0.066     0.271
 7   115.018   -19.132    -0.891
 7     0.697     0.654     0.294
 7    -0.696     0.519     0.496
 7     0.172    -0.550     0.817
 8   118.626   -24.838    20.548
 8     0.198     0.500     0.844
 8    -0.198    -0.822     0.533
 8     0.960    -0.271    -0.062
 9   127.770   -29.935    39.553
 9     0.235     0.758    -0.611
 9    -0.104     0.641     0.758
 9     0.966    -0.113     0.227
 2    98.671   -22.611    59.344
 2     0.971    -0.239    -0.014
 2     0.238     0.969     0.049
 2     0.003    -0.053     0.998
 3   126.415    -1.084     2.400
 3     0.528    -0.009    -0.849
 3    -0.181     0.976    -0.123
 3     0.829     0.218     0.513
 4   112.320    14.623    -1.787
 4     0.567    -0.723     0.396
 4     0.801     0.371    -0.469
 4     0.192     0.582     0.789
 5   115.009    21.113    20.709
 5     0.288    -0.314     0.905
 5     0.155    -0.917    -0.366
 5     0.945     0.245    -0.215
 6   126.089    24.549    38.483
 6     0.269    -0.508    -0.820
 6     0.082     0.858    -0.504
 6     0.959     0.067     0.272
 7   115.018   -19.132    -0.891
 7     0.697     0.654     0.294
 7    -0.696     0.518     0.496
 7     0.172    -0.550     0.817
 8   118.626   -24.838    20.522
 8     0.198     0.500     0.844
 8    -0.198    -0.822     0.533
 8     0.960    -0.271    -0.062
 9   127.720   -29.935    39.552
 9     0.235     0.759    -0.611
 9    -0.104     0.641     0.759
 9     0.966    -0.113     0.227
 2    98.669   -22.663    59.346
 2     0.971    -0.239    -0.013
 2     0.238     0.969     0.049
 2     0.002    -0.053     0.998
 3   126.415    -1.084     2.400
 3     0.528    -0.009    -0.849
 3    -0.181     0.976    -0.123
 3     0.829     0.218     0.513
 4   112.370    14.623    -1.787
 4     0.566    -0.724     0.396
 4     0.801     0.371    -0.468
 4     0.192     0.582     0.790
 5   115.009    21.113    20.659
 5     0.288    -0.314     0.905
 5     0.156    -0.917    -0.366
 5     0.945     0.246    -0.215
 6   126.098    24.527    38.471
 6     0.268    -0.509    -0.820
 6     0.082     0.858    -0.505
 6     0.960     0.067     0.271
 7   115.168   -19.130    -0.997
 7     0.699     0.653     0.290
 7    -0.693     0.522     0.496
 7     0.173    -0.548     0.818
 8   118.681   -24.840    20.461
 8     0.194     0.508     0.840
 8    -0.198    -0.818     0.539
 8     0.961    -0.269    -0.058
 9   127.778   -29.933    39.488
 9     0.232     0.756    -0.614
 9    -0.103     0.644     0.756
 9     0.967    -0.111     0.226
 2    98.669   -22.612    59.347
 2     0.971    -0.239    -0.013
 2     0.238     0.969     0.050
 2     0.002    -0.053     0.998
 3   126.470    -1.082     2.395
 3     0.528    -0.010    -0.849
 3    -0.179     0.976    -0.122
 3     0.830     0.216     0.513
 4   112.370    14.623    -1.786
 4     0.567    -0.723     0.396
 4     0.801     0.371    -0.469
 4     0.192     0.582     0.790
 5   114.951    21.111    20.670
 5     0.289    -0.315     0.905
 5     0.158    -0.916    -0.367
 5     0.944     0.248    -0.215
 6   126.098    24.527    38.472
 6     0.267    -0.508    -0.820
 6     0.082     0.858    -0.505
 6     0.960     0.066     0.270
 7   115.165   -19.156    -1.045
 7     0.700     0.653     0.290
 7    -0.693     0.523     0.496
 7     0.172    -0.548     0.818
 8   118.722   -24.840    20.472
 8     0.196     0.509     0.839
 8    -0.197    -0.818     0.540
 8     0.960    -0.270    -0.059
 9   127.776   -29.959    39.487
 9     0.231     0.755    -0.616
 9    -0.103     0.646     0.754
 9     0.967    -0.109     0.225
 2    98.669   -22.612    59.347
 2     0.971    -0.239    -0.013
 2     0.238     0.969     0.049
 2     0.002    -0.053     0.998
 3   126.525    -1.029     2.314
 3     0.527    -0.008    -0.850
 3    -0.178     0.976    -0.120
 3     0.831     0.214     0.513
 4   112.417    14.622    -1.784
 4     0.566    -0.723     0.396
 4     0.802     0.371    -0.468
 4     0.191     0.582     0.790
 5   114.985    21.107    20.693
 5     0.292    -0.314     0.904
 5     0.163    -0.915    -0.369
 5     0.942     0.254    -0.215
 6   126.041    24.654    38.438
 6     0.267    -0.529    -0.807
 6     0.081     0.846    -0.526
 6     0.960     0.073     0.268
 7   115.391   -19.076    -1.132
 7     0.705     0.651     0.282
 7    -0.688     0.529     0.496
 7     0.174    -0.543     0.821
 8   118.871   -24.890    20.209
 8     0.187     0.510     0.840
 8    -0.193    -0.819     0.539
 8     0.963    -0.262    -0.054
 9   127.793   -29.938    39.353
 9     0.227     0.772    -0.597
 9    -0.107     0.625     0.771
 9     0.968    -0.109     0.222
 2    98.671   -22.611    59.344
 2     0.971    -0.239    -0.014
 2     0.238     0.969     0.049
 2     0.003    -0.053     0.998
 3   126.668    -0.976     2.292
 3     0.519    -0.007    -0.855
 3    -0.180     0.976    -0.117
 3     0.835     0.214     0.506
 4   112.673    14.753    -1.842
 4     0.562    -0.727     0.395
 4     0.804     0.368    -0.467
 4     0.194     0.580     0.791
 5   114.932    21.112    20.666
 5     0.290    -0.302     0.909
 5     0.167    -0.919    -0.356
 5     0.942     0.254    -0.215
 6   125.899    24.831    38.390
 6     0.269    -0.546    -0.795
 6     0.082     0.834    -0.544
 6     0.959     0.080     0.268
 7   115.570   -19.020    -1.246
 7     0.709     0.650     0.275
 7    -0.682     0.534     0.499
 7     0.177    -0.541     0.822
 8   119.090   -24.848    19.984
 8     0.185     0.516     0.837
 8    -0.198    -0.814     0.545
 8     0.963    -0.265    -0.048
 9   127.813   -30.163    39.229
 9     0.220     0.781    -0.587
 9    -0.121     0.616     0.777
 9     0.968    -0.098     0.228
 2    98.671   -22.611    59.344
 2     0.971    -0.239    -0.014
 2     0.238     0.969     0.049
 2     0.003    -0.053     0.998
 3   126.865    -0.971     2.265
 3     0.511    -0.006    -0.860
 3    -0.180     0.977    -0.114
 3     0.840     0.212     0.497
 4   112.904    14.756    -1.947
 4     0.560    -0.731     0.390
 4     0.805     0.368    -0.465
 4     0.196     0.574     0.794
 5   114.547    21.180    20.502
 5     0.269    -0.243     0.932
 5     0.251    -0.917    -0.310
 5     0.930     0.316    -0.186
 6   125.326    27.557    37.400
 6     0.312    -0.740    -0.598
 6     0.165     0.660    -0.731
 6     0.935     0.129     0.327
 7   115.523   -18.965    -1.241
 7     0.715     0.640     0.282
 7    -0.677     0.532     0.508
 7     0.176    -0.554     0.813
 8   118.830   -26.282    19.611
 8     0.194     0.398     0.897
 8    -0.320    -0.839     0.440
 8     0.927    -0.371    -0.035
 9   127.547   -35.312    37.132
 9     0.242     0.854    -0.463
 9    -0.253     0.513     0.819
 9     0.936    -0.080     0.338
 2    98.671   -22.611    59.343
 2     0.971    -0.240    -0.014
 2     0.239     0.969     0.049
 2     0.003    -0.052     0.998
 3   126.846    -0.910     2.224
 3     0.502    -0.008    -0.866
 3    -0.177     0.978    -0.112
 3     0.847     0.209     0.488
 4   112.555    14.539    -2.247
 4     0.532    -0.741     0.410
 4     0.830     0.360    -0.426
 4     0.168     0.566     0.806
 5   113.211    23.137    19.394
 5     0.244    -0.110     0.964
 5     0.416    -0.886    -0.206
 5     0.875     0.451    -0.171
 6   123.075    33.902    34.559
 6     0.314    -0.896    -0.318
 6     0.347     0.417    -0.840
 6     0.883     0.153     0.441
 7   114.728   -18.592    -1.542
 7     0.702     0.633     0.328
 7    -0.702     0.537     0.466
 7     0.119    -0.558     0.821
 8   118.222   -29.218    17.732
 8     0.228     0.160     0.960
 8    -0.534    -0.805     0.260
 8     0.814    -0.571    -0.099
 9   127.031   -43.470    30.788
 9     0.303     0.928    -0.220
 9    -0.486     0.346     0.802
 9     0.819    -0.136     0.555
 2    98.671   -22.611    59.343
 2     0.971    -0.240    -0.014
 2     0.239     0.969     0.049
 2     0.003    -0.052     0.998
 3   126.729    -0.661     2.104
 3     0.485    -0.015    -0.875
 3    -0.164     0.980    -0.107
 3     0.859     0.195     0.473
 4   111.892    13.972    -3.011
 4     0.504    -0.742     0.443
 4     0.859     0.377    -0.345
 4     0.089     0.554     0.827
 5   112.519    25.788    17.305
 5     0.248    -0.016     0.969
 5     0.572    -0.805    -0.159
 5     0.782     0.593    -0.190
 6   122.800    39.114    29.921
 6     0.346    -0.907    -0.242
 6     0.494     0.393    -0.776
 6     0.797     0.150     0.583
 7   113.553   -17.992    -1.931
 7     0.678     0.620     0.395
 7    -0.734     0.546     0.403
 7     0.034    -0.563     0.825
 8   117.598   -31.809    15.020
 8     0.268     0.004     0.963
 8    -0.693    -0.694     0.196
 8     0.669    -0.720    -0.183
 9   126.388   -48.619    24.134
 9     0.329     0.937    -0.120
 9    -0.647     0.315     0.695
 9     0.688    -0.152     0.709
 2    98.671   -22.611    59.343
 2     0.971    -0.240    -0.014
 2     0.239     0.969     0.049
 2     0.003    -0.052     0.998
 3   126.512    -0.518     1.891
 3     0.479    -0.019    -0.878
 3    -0.148     0.984    -0.102
 3     0.865     0.179     0.468
 4   111.354    13.369    -3.671
 4     0.498    -0.725     0.477
 4     0.867     0.411    -0.280
 4     0.007     0.552     0.833
 5   112.836    27.459    15.348
 5     0.281     0.031     0.959
 5     0.660    -0.733    -0.168
 5     0.697     0.680    -0.226
 6   123.772    41.788    25.820
 6     0.398    -0.894    -0.211
 6     0.573     0.419    -0.704
 6     0.716     0.160     0.678
 7   112.600   -17.400    -2.127
 7     0.652     0.612     0.449
 7    -0.758     0.549     0.352
 7    -0.031    -0.570     0.821
 8   116.964   -33.198    12.652
 8     0.283    -0.102     0.954
 8    -0.788    -0.591     0.170
 8     0.547    -0.800    -0.248
 9   125.268   -51.704    18.130
 9     0.336     0.940    -0.048
 9    -0.755     0.298     0.584
 9     0.563    -0.161     0.810
 2    98.671   -22.611    59.344
 2     0.971    -0.239    -0.014
 2     0.238     0.969     0.049
 2     0.003    -0.053     0.998
 3   126.355    -0.456     1.570
 3     0.478    -0.019    -0.879
 3    -0.137     0.986    -0.096
 3     0.868     0.166     0.468
 4   110.592    12.719    -4.343
 4     0.482    -0.709     0.516
 4     0.873     0.437    -0.215
 4    -0.073     0.553     0.829
 5   112.742    28.494    13.390
 5     0.297     0.085     0.951
 5     0.726    -0.667    -0.167
 5     0.620     0.740    -0.260
 6   123.887    43.674    22.163
 6     0.425    -0.889    -0.177
 6     0.635     0.429    -0.643
 6     0.646     0.161     0.745
 7   111.632   -16.672    -2.568
 7     0.623     0.592     0.512
 7    -0.774     0.562     0.291
 7    -0.116    -0.577     0.808
 8   116.256   -34.184     9.828
 8     0.292    -0.205     0.934
 8    -0.864    -0.475     0.167
 8     0.410    -0.856    -0.316
 9   124.132   -53.846    11.697
 9     0.340     0.939     0.034
 9    -0.840     0.287     0.460
 9     0.422    -0.186     0.887
 2    98.671   -22.611    59.344
 2     0.971    -0.239    -0.014
 2     0.238     0.969     0.049
 2     0.003    -0.053     0.998
 3   126.121    -0.383     1.227
 3     0.481    -0.017    -0.877
 3    -0.137     0.986    -0.095
 3     0.866     0.165     0.471
 4   110.043    12.268    -4.664
 4     0.474    -0.691     0.547
 4     0.872     0.455    -0.180
 4    -0.125     0.561     0.817
 5   112.706    28.982    12.306
 5     0.314     0.115     0.942
 5     0.753    -0.635    -0.173
 5     0.578     0.764    -0.286
 6   124.157    44.394    20.080
 6     0.447    -0.882    -0.151
 6     0.660     0.437    -0.611
 6     0.604     0.174     0.777
 7   110.624   -16.129    -2.807
 7     0.599     0.571     0.562
 7    -0.779     0.576     0.245
 7    -0.184    -0.585     0.790
 8   115.918   -34.573     7.725
 8     0.312    -0.293     0.904
 8    -0.900    -0.394     0.183
 8     0.303    -0.871    -0.386
 9   123.237   -54.593     6.998
 9     0.341     0.933     0.114
 9    -0.882     0.276     0.381
 9     0.324    -0.230     0.917
 2    98.671   -22.662    59.344
 2     0.971    -0.239    -0.014
 2     0.238     0.969     0.049
 2     0.003    -0.053     0.998
 3   125.785    -0.472     0.768
 3     0.493    -0.007    -0.870
 3    -0.142     0.986    -0.089
 3     0.858     0.167     0.484
 4   109.292    11.687    -5.009
 4     0.466    -0.669     0.580
 4     0.866     0.476    -0.147
 4    -0.178     0.571     0.801
 5   112.773    29.199    11.012
 5     0.342     0.163     0.926
 5     0.783    -0.593    -0.185
 5     0.518     0.789    -0.330
 6   124.288    45.366    16.883
 6     0.482    -0.875    -0.042
 6     0.699     0.412    -0.584
 6     0.528     0.253     0.810
 7   109.701   -15.781    -3.011
 7     0.580     0.545     0.606
 7    -0.776     0.594     0.208
 7    -0.247    -0.591     0.767
 8   115.776   -34.752     5.790
 8     0.330    -0.396     0.857
 8    -0.924    -0.322     0.206
 8     0.195    -0.860    -0.472
 9   121.887   -55.031     2.269
 9     0.357     0.840     0.410
 9    -0.916     0.227     0.330
 9     0.185    -0.492     0.850
 2    98.671   -22.662    59.344
 2     0.971    -0.239    -0.014
 2     0.238     0.969     0.049
 2     0.003    -0.053     0.998
 3   125.411    -0.486     0.299
 3     0.511    -0.001    -0.860
 3    -0.144     0.986    -0.087
 3     0.847     0.168     0.503
 4   108.206    11.166    -5.255
 4     0.453    -0.647     0.614
 4     0.863     0.489    -0.121
 4    -0.222     0.585     0.779
 5   112.631    29.045    10.447
 5     0.367     0.260     0.893
 5     0.811    -0.559    -0.171
 5     0.456     0.787    -0.415
 6   123.226    46.020    14.788
 6     0.506    -0.814     0.285
 6     0.739     0.240    -0.629
 6     0.444     0.529     0.722
 7   108.895   -15.527    -3.137
 7     0.565     0.515     0.645
 7    -0.768     0.614     0.182
 7    -0.302    -0.598     0.742
 8   115.664   -34.602     4.564
 8     0.339    -0.496     0.800
 8    -0.933    -0.282     0.220
 8     0.118    -0.821    -0.558
 9   120.304   -54.987    -0.150
 9     0.359     0.570     0.741
 9    -0.931     0.157     0.328
 9     0.070    -0.806     0.586
 2    98.669   -22.663    59.346
 2     0.971    -0.239    -0.013
 2     0.238     0.969     0.049
 2     0.002    -0.053     0.998
 3   124.856    -0.482    -0.084
 3     0.540     0.000    -0.842
 3    -0.145     0.985    -0.093
 3     0.829     0.172     0.531
 4   107.156    10.720    -5.205
 4     0.449    -0.619     0.645
 4     0.854     0.508    -0.107
 4    -0.262     0.599     0.756
 5   112.674    28.932     9.661
 5     0.406     0.332     0.852
 5     0.825    -0.532    -0.186
 5     0.392     0.778    -0.489
 6   123.081    46.027    12.729
 6     0.549    -0.702     0.456
 6     0.755     0.182    -0.630
 6     0.359     0.689     0.628
 7   108.244   -15.459    -3.056
 7     0.556     0.486     0.675
 7    -0.758     0.630     0.170
 7    -0.342    -0.606     0.718
 8   115.925   -34.668     3.690
 8     0.356    -0.570     0.742
 8    -0.933    -0.263     0.244
 8     0.056    -0.779    -0.624
 9   119.987   -54.826    -1.963
 9     0.354     0.311     0.883
 9    -0.935     0.132     0.328
 9    -0.016    -0.941     0.336
 2    98.669   -22.663    59.346
 2     0.971    -0.239    -0.013
 2     0.238     0.969     0.049
 2     0.002    -0.053     0.998
 3   124.513    -0.524    -0.406
 3     0.564    -0.001    -0.826
 3    -0.144     0.984    -0.100
 3     0.813     0.175     0.555
 4   106.309    10.019    -5.375
 4     0.445    -0.596     0.669
 4     0.842     0.531    -0.087
 4    -0.303     0.602     0.738
 5   112.625    28.974     8.528
 5     0.427     0.385     0.818
 5     0.842    -0.498    -0.206
 5     0.328     0.777    -0.536
 6   122.922    46.134    10.111
 6     0.574    -0.613     0.545
 6     0.771     0.181    -0.610
 6     0.275     0.769     0.575
 7   107.627   -15.426    -3.077
 7     0.541     0.458     0.706
 7    -0.745     0.649     0.151
 7    -0.389    -0.608     0.692
 8   116.018   -34.599     2.341
 8     0.371    -0.637     0.677
 8    -0.928    -0.233     0.289
 8    -0.026    -0.735    -0.677
 9   119.269   -54.467    -5.216
 9     0.337     0.098     0.936
 9    -0.934     0.161     0.319
 9    -0.120    -0.982     0.145
 2    98.669   -22.612    59.347
 2     0.971    -0.239    -0.013
 2     0.238     0.969     0.049
 2     0.002    -0.053     0.998
 3   124.213    -0.590    -0.701
 3     0.579     0.002    -0.816
 3    -0.148     0.984    -0.103
 3     0.801     0.180     0.569
 4   105.551     9.474    -5.409
 4     0.446    -0.571     0.690
 4     0.828     0.554    -0.078
 4    -0.338     0.606     0.719
 5   112.870    28.827     7.568
 5     0.456     0.410     0.790
 5     0.842    -0.484    -0.235
 5     0.286     0.773    -0.565
 6   123.359    45.852     8.200
 6     0.603    -0.558     0.572
 6     0.767     0.209    -0.606
 6     0.218     0.803     0.553
 7   106.669   -15.089    -3.030
 7     0.510     0.431     0.744
 7    -0.730     0.673     0.110
 7    -0.454    -0.600     0.658
 8   115.406   -34.309     0.122
 8     0.377    -0.707     0.601
 8    -0.914    -0.180     0.361
 8    -0.147    -0.684    -0.713
 9   117.860   -53.616    -9.764
 9     0.312    -0.010     0.950
 9    -0.920     0.248     0.304
 9    -0.239    -0.969     0.068
 2    98.669   -22.612    59.347
 2     0.971    -0.239    -0.013
 2     0.238     0.969     0.049
 2     0.002    -0.053     0.998
 3   123.837    -0.730    -1.021
 3     0.587     0.012    -0.810
 3    -0.157     0.983    -0.099
 3     0.794     0.185     0.578
 4   104.940     9.193    -5.469
 4     0.445    -0.552     0.706
 4     0.818     0.569    -0.071
 4    -0.363     0.609     0.704
 5   112.800    28.670     6.926
 5     0.473     0.427     0.772
 5     0.842    -0.474    -0.254
 5     0.258     0.770    -0.583
 6   123.286    45.622     7.031
 6     0.613    -0.530     0.588
 6     0.768     0.222    -0.601
 6     0.188     0.818     0.541
 7   105.568   -14.721    -2.912
 7     0.470     0.395     0.789
 7    -0.701     0.710     0.061
 7    -0.537    -0.582     0.610
 8   114.429   -33.871    -2.754
 8     0.368    -0.778     0.511
 8    -0.880    -0.114     0.459
 8    -0.299    -0.618    -0.726
 9   115.916   -51.815   -15.934
 9     0.272    -0.127     0.954
 9    -0.877     0.374     0.300
 9    -0.395    -0.919    -0.009
 2    98.670   -22.612    59.347
 2     0.971    -0.239    -0.014
 2     0.238     0.969     0.050
 2     0.002    -0.054     0.998
 3   123.258    -0.850    -1.462
 3     0.603     0.017    -0.798
 3    -0.163     0.981    -0.103
 3     0.780     0.191     0.594
 4   103.726     8.430    -5.491
 4     0.440    -0.521     0.732
 4     0.799     0.598    -0.054
 4    -0.410     0.608     0.679
 5   112.497    28.600     5.407
 5     0.492     0.466     0.736
 5     0.850    -0.438    -0.291
 5     0.187     0.768    -0.611
 6   122.903    45.366     3.734
 6     0.627    -0.473     0.621
 6     0.772     0.273    -0.573
 6     0.100     0.838     0.535
 7   104.399   -14.677    -2.582
 7     0.423     0.355     0.833
 7    -0.672     0.739     0.026
 7    -0.608    -0.572     0.551
 8   113.338   -33.315    -4.844
 8     0.354    -0.825     0.441
 8    -0.838    -0.071     0.540
 8    -0.414    -0.560    -0.717
 9   113.947   -50.131   -19.873
 9     0.236    -0.201     0.951
 9    -0.835     0.458     0.303
 9    -0.496    -0.866    -0.059
 2    98.670   -22.612    59.347
 2     0.971    -0.239    -0.014
 2     0.238     0.969     0.050
 2     0.002    -0.054     0.998
 3   122.695    -1.085    -1.796
 3     0.618     0.015    -0.786
 3    -0.156     0.982    -0.105
 3     0.770     0.188     0.609
 4   102.906     7.866    -5.490
 4     0.435    -0.502     0.748
 4     0.786     0.615    -0.045
 4    -0.438     0.608     0.662
 5   112.340    28.336     4.601
 5     0.508     0.486     0.712
 5     0.847    -0.428    -0.313
 5     0.153     0.761    -0.629
 6   123.049    44.727     2.143
 6     0.651    -0.406     0.642
 6     0.757     0.298    -0.581
 6     0.044     0.863     0.501
 7   103.892   -14.775    -2.365
 7     0.395     0.327     0.858
 7    -0.652     0.758     0.011
 7    -0.648    -0.564     0.512
 8   112.974   -32.955    -6.114
 8     0.353    -0.851     0.391
 8    -0.802    -0.059     0.594
 8    -0.483    -0.522    -0.702
 9   113.298   -48.840   -22.174
 9     0.223    -0.245     0.944
 9    -0.801     0.507     0.320
 9    -0.556    -0.826    -0.082
 2    98.670   -22.612    59.347
 2     0.971    -0.239    -0.014
 2     0.238     0.969     0.050
 2     0.002    -0.054     0.998
 3   122.508    -1.140    -1.885
 3     0.622     0.011    -0.783
 3    -0.157     0.981    -0.111
 3     0.767     0.191     0.611
 4   102.714     7.806    -5.470
 4     0.437    -0.492     0.753
 4     0.781     0.621    -0.047
 4    -0.445     0.609     0.656
 5   112.567    28.244     4.345
 5     0.530     0.492     0.692
 5     0.836    -0.438    -0.329
 5     0.142     0.752    -0.643
 6   123.682    44.141     1.316
 6     0.686    -0.322     0.652
 6     0.727     0.310    -0.612
 6    -0.006     0.894     0.446
 7   103.648   -14.631    -2.400
 7     0.380     0.307     0.872
 7    -0.630     0.776     0.001
 7    -0.677    -0.551     0.488
 8   112.972   -32.283    -7.274
 8     0.362    -0.867     0.345
 8    -0.760    -0.060     0.647
 8    -0.540    -0.495    -0.680
 9   113.268   -47.063   -24.507
 9     0.221    -0.290     0.931
 9    -0.757     0.551     0.350
 9    -0.614    -0.782    -0.097
 2    98.719   -22.612    59.347
 2     0.971    -0.239    -0.013
 2     0.238     0.969     0.049
 2     0.002    -0.053     0.998
 3   122.201    -1.144    -2.029
 3     0.633     0.002    -0.775
 3    -0.150     0.981    -0.121
 3     0.759     0.192     0.621
 4   102.135     7.327    -5.462
 4     0.430    -0.481     0.764
 4     0.773     0.632    -0.037
 4    -0.466     0.607     0.644
 5   112.551    28.035     3.624
 5     0.547     0.507     0.667
 5     0.829    -0.435    -0.349
 5     0.114     0.744    -0.658
 6   123.798    43.443    -0.135
 6     0.711    -0.246     0.659
 6     0.699     0.336    -0.631
 6    -0.066     0.909     0.410
 7   103.236   -14.967    -2.233
 7     0.364     0.283     0.887
 7    -0.610     0.792    -0.003
 7    -0.704    -0.540     0.461
 8   112.768   -31.797    -8.511
 8     0.364    -0.889     0.281
 8    -0.706    -0.066     0.705
 8    -0.608    -0.454    -0.651
 9   112.399   -45.298   -27.056
 9     0.205    -0.361     0.910
 9    -0.702     0.594     0.392
 9    -0.682    -0.719    -0.131
 2    98.669   -22.612    59.347
 2     0.971    -0.239    -0.014
 2     0.238     0.969     0.050
 2     0.002    -0.053     0.998
 3   122.024    -1.395    -2.203
 3     0.635    -0.002    -0.773
 3    -0.143     0.982    -0.120
 3     0.758     0.187     0.623
 4   101.766     6.824    -5.485
 4     0.425    -0.472     0.773
 4     0.764     0.643    -0.028
 4    -0.484     0.603     0.634
 5   112.411    27.790     3.160
 5     0.550     0.514     0.659
 5     0.829    -0.427    -0.359
 5     0.097     0.743    -0.661
 6   123.617    43.166    -1.061
 6     0.713    -0.225     0.664
 6     0.695     0.350    -0.628
 6    -0.091     0.909     0.405
 7   102.589   -15.058    -1.810
 7     0.307     0.256     0.916
 7    -0.565     0.824    -0.041
 7    -0.766    -0.505     0.398
 8   110.962   -30.557   -10.771
 8     0.296    -0.929     0.221
 8    -0.614    -0.008     0.789
 8    -0.731    -0.369    -0.573
 9   108.384   -41.220   -31.430
 9     0.105    -0.431     0.897
 9    -0.595     0.696     0.402
 9    -0.797    -0.574    -0.183
 2    98.669   -22.612    59.347
 2     0.971    -0.239    -0.014
 2     0.238     0.969     0.050
 2     0.002    -0.053     0.998
 3   121.786    -1.635    -2.369
 3     0.636     0.004    -0.772
 3    -0.158     0.979    -0.125
 3     0.755     0.201     0.623
 4   101.456     6.749    -5.489
 4     0.420    -0.467     0.779
 4     0.767     0.640    -0.030
 4    -0.485     0.610     0.626
 5   112.077    27.621     3.240
 5     0.545     0.516     0.662
 5     0.832    -0.430    -0.350
 5     0.104     0.741    -0.662
 6   123.289    43.127    -0.738
 6     0.708    -0.232     0.667
 6     0.701     0.338    -0.627
 6    -0.080     0.912     0.402
 7   101.472   -14.460    -1.289
 7     0.207     0.226     0.952
 7    -0.470     0.876    -0.106
 7    -0.858    -0.426     0.287
 8   108.602   -27.485   -13.671
 8     0.209    -0.966     0.149
 8    -0.435     0.044     0.899
 8    -0.876    -0.253    -0.411
 9   104.090   -33.497   -35.912
 9     0.003    -0.493     0.870
 9    -0.397     0.799     0.452
 9    -0.918    -0.346    -0.194
 2    98.669   -22.612    59.347
 2     0.971    -0.239    -0.014
 2     0.238     0.969     0.050
 2     0.002    -0.053     0.998
 3   121.399    -1.709    -2.383
 3     0.639     0.015    -0.769
 3    -0.184     0.974    -0.134
 3     0.746     0.227     0.624
 4   101.229     6.873    -5.367
 4     0.426    -0.452     0.784
 4     0.764     0.643    -0.044
 4    -0.485     0.618     0.618
 5   112.100    27.498     3.396
 5     0.555     0.510     0.659
 5     0.824    -0.442    -0.352
 5     0.112     0.738    -0.664
 6   123.486    42.902    -0.398
 6     0.717    -0.234     0.656
 6     0.693     0.338    -0.637
 6    -0.073     0.911     0.404
 7   100.912   -14.152    -0.917
 7     0.159     0.195     0.968
 7    -0.391     0.912    -0.120
 7    -0.906    -0.359     0.221
 8   107.463   -24.743   -15.325
 8     0.178    -0.978     0.105
 8    -0.270     0.054     0.961
 8    -0.946    -0.200    -0.254
 9   102.459   -27.139   -37.858
 9    -0.041    -0.494     0.869
 9    -0.229     0.851     0.472
 9    -0.973    -0.178    -0.149
 2    98.669   -22.612    59.347
 2     0.971    -0.239    -0.014
 2     0.238     0.969     0.050
 2     0.002    -0.053     0.998
 3   121.305    -1.668    -2.394
 3     0.641     0.015    -0.767
 3    -0.196     0.970    -0.145
 3     0.742     0.243     0.624
 4   101.172     6.921    -5.414
 4     0.426    -0.446     0.787
 4     0.762     0.644    -0.047
 4    -0.487     0.621     0.614
 5   112.205    27.445     3.396
 5     0.562     0.504     0.657
 5     0.819    -0.447    -0.359
 5     0.113     0.739    -0.663
 6   123.887    42.615    -0.514
 6     0.729    -0.226     0.647
 6     0.681     0.343    -0.647
 6    -0.076     0.911     0.403
 7   100.686   -14.116    -0.858
 7     0.136     0.186     0.973
 7    -0.362     0.924    -0.126
 7    -0.922    -0.335     0.193
 8   106.958   -23.445   -16.076
 8     0.166    -0.982     0.084
 8    -0.187     0.053     0.981
 8    -0.968    -0.179    -0.175
 9   101.886   -23.883   -38.333
 9    -0.059    -0.503     0.862
 9    -0.139     0.859     0.491
 9    -0.989    -0.090    -0.121
 2    98.670   -22.612    59.347
 2     0.971    -0.239    -0.014
 2     0.238     0.969     0.050
 2     0.002    -0.054     0.998
 3   121.255    -1.746    -2.445
 3     0.640     0.016    -0.768
 3    -0.199     0.969    -0.146
 3     0.742     0.246     0.624
 4   101.138     6.763    -5.454
 4     0.428    -0.440     0.790
 4     0.759     0.649    -0.051
 4    -0.491     0.621     0.611
 5   112.262    27.266     3.270
 5     0.567     0.498     0.658
 5     0.816    -0.449    -0.364
 5     0.114     0.742    -0.659
 6   123.966    42.435    -0.563
 6     0.733    -0.224     0.642
 6     0.675     0.346    -0.651
 6    -0.076     0.911     0.404
 7   100.622   -14.086    -0.839
 7     0.129     0.175     0.976
 7    -0.342     0.931    -0.122
 7    -0.931    -0.319     0.180
 8   106.739   -22.892   -16.494
 8     0.159    -0.984     0.079
 8    -0.154     0.055     0.986
 8    -0.975    -0.169    -0.143
 9   101.775   -22.494   -38.423
 9    -0.073    -0.515     0.854
 9    -0.098     0.856     0.507
 9    -0.993    -0.046    -0.113
 2    98.669   -22.612    59.347
 2     0.971    -0.240    -0.014
 2     0.239     0.969     0.050
 2     0.002    -0.054     0.998
 3   121.264    -1.849    -2.410
 3     0.634     0.018    -0.774
 3    -0.208     0.967    -0.148
 3     0.745     0.255     0.616
 4   101.318     6.735    -5.527
 4     0.437    -0.433     0.788
 4     0.754     0.654    -0.059
 4    -0.491     0.620     0.612
 5   112.538    27.141     3.332
 5     0.577     0.483     0.660
 5     0.807    -0.457    -0.372
 5     0.122     0.747    -0.652
 6   124.663    41.950    -0.440
 6     0.750    -0.220     0.624
 6     0.657     0.351    -0.667
 6    -0.072     0.910     0.408
 7   100.642   -14.088    -0.933
 7     0.128     0.173     0.976
 7    -0.339     0.933    -0.121
 7    -0.932    -0.316     0.178
 8   106.735   -22.676   -16.567
 8     0.159    -0.984     0.080
 8    -0.143     0.057     0.988
 8    -0.977    -0.169    -0.131
 9   101.898   -22.059   -38.455
 9    -0.075    -0.523     0.849
 9    -0.083     0.852     0.516
 9    -0.994    -0.031    -0.107
 2    98.670   -22.612    59.347
 2     0.971    -0.239    -0.014
 2     0.238     0.969     0.050
 2     0.002    -0.054     0.998
 3   121.330    -1.897    -2.408
 3     0.626     0.016    -0.780
 3    -0.211     0.966    -0.150
 3     0.750     0.258     0.608
 4   101.380     6.690    -5.542
 4     0.436    -0.438     0.786
 4     0.757     0.650    -0.058
 4    -0.486     0.620     0.615
 5   112.453    27.056     3.520
 5     0.571     0.474     0.672
 5     0.809    -0.461    -0.363
 5     0.138     0.750    -0.646
 6   124.465    42.094     0.199
 6     0.745    -0.227     0.627
 6     0.664     0.333    -0.669
 6    -0.057     0.915     0.398
 7   100.573   -13.999    -0.835
 7     0.115     0.176     0.978
 7    -0.335     0.933    -0.129
 7    -0.935    -0.313     0.166
 8   106.325   -22.634   -16.516
 8     0.135    -0.987     0.085
 8    -0.148     0.065     0.987
 8    -0.980    -0.145    -0.137
 9   100.854   -22.398   -38.415
 9    -0.103    -0.538     0.837
 9    -0.098     0.842     0.529
 9    -0.990    -0.026    -0.140
 2    98.670   -22.612    59.347
 2     0.971    -0.239    -0.014
 2     0.238     0.969     0.050
 2     0.002    -0.054     0.998
 3   121.206    -1.858    -2.408
 3     0.630     0.020    -0.777
 3    -0.222     0.963    -0.156
 3     0.744     0.270     0.610
 4   101.182     6.769    -5.475
 4     0.434    -0.438     0.788
 4     0.760     0.646    -0.059
 4    -0.484     0.625     0.613
 5   112.287    27.114     3.681
 5     0.567     0.476     0.674
 5     0.811    -0.463    -0.356
 5     0.143     0.747    -0.648
 6   124.147    42.280     0.482
 6     0.739    -0.229     0.633
 6     0.671     0.321    -0.667
 6    -0.051     0.918     0.391
 7   100.369   -13.935    -0.683
 7     0.099     0.176     0.979
 7    -0.335     0.932    -0.134
 7    -0.937    -0.315     0.152
 8   105.857   -22.690   -16.378
 8     0.120    -0.988     0.094
 8    -0.155     0.075     0.985
 8    -0.981    -0.133    -0.144
 9   100.242   -22.569   -38.231
 9    -0.111    -0.536     0.837
 9    -0.107     0.844     0.525
 9    -0.988    -0.030    -0.151
 2    98.669   -22.612    59.347
 2     0.971    -0.239    -0.013
 2     0.238     0.969     0.049
 2     0.002    -0.053     0.998
 3   121.070    -1.913    -2.395
 3     0.633     0.022    -0.774
 3    -0.224     0.962    -0.157
 3     0.741     0.273     0.613
 4   101.056     6.774    -5.487
 4     0.428    -0.438     0.791
 4     0.764     0.641    -0.059
 4    -0.482     0.630     0.608
 5   111.999    27.031     3.992
 5     0.558     0.473     0.682
 5     0.814    -0.469    -0.341
 5     0.159     0.745    -0.646
 6   123.726    42.536     1.249
 6     0.728    -0.255     0.637
 6     0.685     0.304    -0.662
 6    -0.025     0.917     0.396
 7   100.365   -13.884    -0.738
 7     0.101     0.179     0.979
 7    -0.335     0.932    -0.136
 7    -0.937    -0.315     0.154
 8   105.768   -22.859   -16.306
 8     0.121    -0.984     0.127
 8    -0.174     0.105     0.979
 8    -0.977    -0.141    -0.159
 9   100.152   -23.096   -38.241
 9    -0.099    -0.414     0.905
 9    -0.129     0.907     0.400
 9    -0.987    -0.076    -0.144
 2    98.719   -22.612    59.347
 2     0.971    -0.240    -0.014
 2     0.239     0.969     0.050
 2     0.002    -0.054     0.998
 3   121.233    -1.589    -2.263
 3     0.632     0.016    -0.775
 3    -0.231     0.958    -0.169
 3     0.739     0.286     0.609
 4   101.432     7.313    -5.462
 4     0.422    -0.453     0.786
 4     0.782     0.619    -0.063
 4    -0.458     0.641     0.615
 5   111.654    27.243     5.190
 5     0.533     0.454     0.714
 5     0.818    -0.489    -0.300
 5     0.214     0.744    -0.632
 6   123.101    43.250     3.908
 6     0.703    -0.330     0.630
 6     0.708     0.256    -0.658
 6     0.055     0.908     0.413
 7   101.005   -13.912    -1.095
 7     0.130     0.187     0.974
 7    -0.397     0.910    -0.122
 7    -0.909    -0.371     0.192
 8   107.231   -25.204   -14.983
 8     0.164    -0.972     0.169
 8    -0.326     0.108     0.939
 8    -0.931    -0.209    -0.299
 9   102.455   -29.587   -37.024
 9    -0.028    -0.349     0.937
 9    -0.311     0.894     0.322
 9    -0.950    -0.282    -0.134
 2    98.670   -22.612    59.347
 2     0.971    -0.239    -0.014
 2     0.238     0.969     0.050
 2     0.002    -0.054     0.998
 3   121.440    -1.337    -2.069
 3     0.638     0.008    -0.771
 3    -0.228     0.957    -0.179
 3     0.735     0.290     0.612
 4   101.823     7.595    -5.450
 4     0.413    -0.469     0.781
 4     0.799     0.597    -0.063
 4    -0.438     0.650     0.621
 5   111.311    27.121     6.169
 5     0.508     0.428     0.748
 5     0.819    -0.508    -0.265
 5     0.267     0.747    -0.608
 6   122.711    43.493     6.092
 6     0.683    -0.396     0.615
 6     0.720     0.221    -0.658
 6     0.124     0.891     0.435
 7   101.724   -14.405    -1.203
 7     0.178     0.201     0.963
 7    -0.489     0.868    -0.091
 7    -0.854    -0.455     0.252
 8   108.940   -28.132   -12.867
 8     0.232    -0.952     0.201
 8    -0.483     0.067     0.873
 8    -0.844    -0.299    -0.445
 9   105.519   -36.162   -34.265
 9     0.050    -0.319     0.947
 9    -0.474     0.827     0.302
 9    -0.879    -0.463    -0.110
 2    98.669   -22.561    59.347
 2     0.971    -0.240    -0.014
 2     0.239     0.969     0.050
 2     0.002    -0.054     0.998
 3   121.571    -1.335    -1.885
 3     0.640     0.016    -0.769
 3    -0.224     0.960    -0.166
 3     0.735     0.278     0.618
 4   102.103     7.890    -5.387
 4     0.411    -0.478     0.776
 4     0.806     0.587    -0.065
 4    -0.425     0.653     0.626
 5   111.378    27.273     6.713
 5     0.500     0.410     0.764
 5     0.815    -0.520    -0.254
 5     0.293     0.749    -0.593
 6   122.771    43.605     7.462
 6     0.677    -0.442     0.590
 6     0.717     0.213    -0.663
 6     0.167     0.871     0.460
 7   102.153   -14.678    -1.303
 7     0.210     0.233     0.949
 7    -0.557     0.826    -0.079
 7    -0.803    -0.513     0.303
 8   110.000   -30.393   -10.345
 8     0.277    -0.924     0.266
 8    -0.629     0.034     0.776
 8    -0.726    -0.382    -0.572
 9   108.010   -42.079   -29.938
 9     0.112    -0.253     0.961
 9    -0.628     0.732     0.264
 9    -0.770    -0.633    -0.077
 2    98.669   -22.612    59.347
 2     0.971    -0.239    -0.014
 2     0.238     0.969     0.050
 2     0.002    -0.053     0.998
 3   121.760    -1.207    -1.580
 3     0.637     0.034    -0.770
 3    -0.224     0.964    -0.143
 3     0.737     0.263     0.622
 4   102.892     8.641    -5.314
 4     0.417    -0.499     0.760
 4     0.822     0.563    -0.081
 4    -0.388     0.659     0.644
 5   111.320    27.287     8.068
 5     0.474     0.370     0.799
 5     0.805    -0.549    -0.223
 5     0.357     0.749    -0.558
 6   122.534    43.841    10.453
 6     0.645    -0.521     0.560
 6     0.719     0.168    -0.674
 6     0.256     0.836     0.483
 7   103.287   -15.016    -1.574
 7     0.278     0.273     0.921
 7    -0.630     0.775    -0.039
 7    -0.725    -0.570     0.388
 8   112.495   -32.623    -6.354
 8     0.351    -0.879     0.325
 8    -0.771    -0.075     0.631
 8    -0.531    -0.472    -0.704
 9   112.747   -48.398   -22.354
 9     0.213    -0.200     0.956
 9    -0.787     0.545     0.288
 9    -0.578    -0.814    -0.041
 2    98.721   -22.611    59.369
 2     0.971    -0.240    -0.014
 2     0.239     0.969     0.050
 2     0.003    -0.053     0.998
 3   122.450    -1.132    -1.187
 3     0.624     0.039    -0.781
 3    -0.210     0.970    -0.120
 3     0.753     0.238     0.614
 4   104.042     9.265    -5.315
 4     0.425    -0.527     0.736
 4     0.835     0.541    -0.095
 4    -0.349     0.655     0.670
 5   111.483    27.172     9.079
 5     0.442     0.328     0.835
 5     0.794    -0.575    -0.195
 5     0.417     0.749    -0.514
 6   122.494    43.766    12.999
 6     0.610    -0.596     0.523
 6     0.715     0.132    -0.686
 6     0.339     0.792     0.506
 7   104.597   -15.544    -1.729
 7     0.359     0.316     0.878
 7    -0.690     0.723     0.022
 7    -0.628    -0.614     0.478
 8   114.889   -33.889    -1.750
 8     0.409    -0.834     0.371
 8    -0.860    -0.216     0.462
 8    -0.306    -0.507    -0.806
 9   116.584   -52.699   -13.276
 9     0.287    -0.154     0.945
 9    -0.891     0.320     0.322
 9    -0.351    -0.935    -0.045
 2    98.670   -22.612    59.347
 2     0.971    -0.239    -0.014
 2     0.238     0.969     0.050
 2     0.002    -0.054     0.998
 3   123.064    -1.158    -0.825
 3     0.609     0.037    -0.793
 3    -0.195     0.975    -0.104
 3     0.769     0.218     0.600
 4   105.103     9.679    -5.320
 4     0.435    -0.552     0.712
 4     0.843     0.526    -0.107
 4    -0.316     0.646     0.694
 5   111.716    26.967     9.842
 5     0.417     0.291     0.861
 5     0.781    -0.598    -0.176
 5     0.464     0.746    -0.476
 6   122.270    43.756    15.125
 6     0.572    -0.659     0.491
 6     0.712     0.101    -0.694
 6     0.407     0.745     0.526
 7   105.793   -15.978    -1.836
 7     0.416     0.363     0.834
 7    -0.729     0.681     0.067
 7    -0.544    -0.636     0.547
 8   116.033   -34.339     1.914
 8     0.426    -0.789     0.445
 8    -0.897    -0.302     0.322
 8    -0.121    -0.536    -0.835
 9   118.811   -54.493    -5.747
 9     0.325    -0.081     0.942
 9    -0.930     0.150     0.334
 9    -0.168    -0.985    -0.026
 2    98.669   -22.612    59.347
 2     0.971    -0.239    -0.014
 2     0.238     0.969     0.050
 2     0.002    -0.053     0.998
 3   123.574    -1.034    -0.537
 3     0.594     0.034    -0.804
 3    -0.181     0.979    -0.093
 3     0.784     0.201     0.587
 4   105.941    10.299    -5.186
 4     0.438    -0.577     0.690
 4     0.854     0.505    -0.120
 4    -0.280     0.642     0.714
 5   111.660    26.929    11.044
 5     0.381     0.253     0.889
 5     0.762    -0.630    -0.148
 5     0.523     0.734    -0.433
 6   121.843    43.419    17.756
 6     0.537    -0.713     0.453
 6     0.694     0.068    -0.716
 6     0.480     0.697     0.531
 7   106.830   -16.274    -1.807
 7     0.469     0.416     0.780
 7    -0.766     0.630     0.125
 7    -0.440    -0.656     0.613
 8   116.948   -33.853     5.904
 8     0.433    -0.719     0.545
