% Calibrated with leiden_pols
% Positions are in centimeters
Data =[
 2    98.721   -22.611    59.343
 2     0.971    -0.240    -0.014
 2     0.239     0.969     0.050
 2     0.003    -0.053     0.998
 3   126.465    -1.084     2.400
 3     0.528    -0.009    -0.849
 3    -0.181     0.976    -0.123
 3     0.829     0.218     0.513
 4   112.317    14.622    -1.784
 4     0.566    -0.724     0.397
 4     0.802     0.371    -0.467
 4     0.191     0.582     0.790
 5   115.009    21.114    20.709
 5     0.288    -0.315     0.905
 5     0.156    -0.917    -0.367
 5     0.945     0.245    -0.215
 6   126.098    24.552    38.472
 6     0.268    -0.507    -0.820
 6     0.082     0.859    -0.503
 6     0.960     0.066     0.271
 7   115.018   -19.132    -0.891
 7     0.697     0.654     0.294
 7    -0.696     0.519     0.496
 7     0.172    -0.550     0.817
 8   118.626   -24.838    20.548
 8     0.198     0.500     0.844
 8    -0.198    -0.822     0.533
 8     0.960    -0.271    -0.062
 9   127.770   -29.935    39.553
 9     0.235     0.758    -0.611
 9    -0.104     0.641     0.758
 9     0.966    -0.113     0.227
 2    98.671   -22.611    59.344
 2     0.971    -0.239    -0.014
 2     0.238     0.969     0.049
 2     0.003    -0.053     0.998
 3   126.415    -1.084     2.400
 3     0.528    -0.009    -0.849
 3    -0.181     0.976    -0.123
 3     0.829     0.218     0.513
 4   112.320    14.623    -1.787
 4     0.567    -0.723     0.396
 4     0.801     0.371    -0.469
 4     0.192     0.582     0.789
 5   115.009    21.113    20.709
 5     0.288    -0.314     0.905
 5     0.155    -0.917    -0.366
 5     0.945     0.245    -0.215
 6   126.089    24.549    38.483
 6     0.269    -0.508    -0.820
 6     0.082     0.858    -0.504
 6     0.959     0.067     0.272
 7   115.018   -19.132    -0.891
 7     0.697     0.654     0.294
 7    -0.696     0.518     0.496
 7     0.172    -0.550     0.817
 8   118.626   -24.838    20.522
 8     0.198     0.500     0.844
 8    -0.198    -0.822     0.533
 8     0.960    -0.271    -0.062
 9   127.720   -29.935    39.552
 9     0.235     0.759    -0.611
 9    -0.104     0.641     0.759
 9     0.966    -0.113     0.227
 2    98.669   -22.663    59.346
 2     0.971    -0.239    -0.013
 2     0.238     0.969     0.049
 2     0.002    -0.053     0.998
 3   126.415    -1.084     2.400
 3     0.528    -0.009    -0.849
 3    -0.181     0.976    -0.123
 3     0.829     0.218     0.513
 4   112.370    14.623    -1.787
 4     0.566    -0.724     0.396
 4     0.801     0.371    -0.468
 4     0.192     0.582     0.790
 5   115.009    21.113    20.659
 5     0.288    -0.314     0.905
 5     0.156    -0.917    -0.366
 5     0.945     0.246    -0.215
 6   126.098    24.527    38.471
 6     0.268    -0.509    -0.820
 6     0.082     0.858    -0.505
 6     0.960     0.067     0.271
 7   115.168   -19.130    -0.997
 7     0.699     0.653     0.290
 7    -0.693     0.522     0.496
 7     0.173    -0.548     0.818
 8   118.681   -24.840    20.461
 8     0.194     0.508     0.840
 8    -0.198    -0.818     0.539
 8     0.961    -0.269    -0.058
 9   127.778   -29.933    39.488
 9     0.232     0.756    -0.614
 9    -0.103     0.644     0.756
 9     0.967    -0.111     0.226
 2    98.669   -22.612    59.347
 2     0.971    -0.239    -0.013
 2     0.238     0.969     0.050
 2     0.002    -0.053     0.998
 3   126.470    -1.082     2.395
 3     0.528    -0.010    -0.849
 3    -0.179     0.976    -0.122
 3     0.830     0.216     0.513
 4   112.370    14.623    -1.786
 4     0.567    -0.723     0.396
 4     0.801     0.371    -0.469
 4     0.192     0.582     0.790
 5   114.951    21.111    20.670
 5     0.289    -0.315     0.905
 5     0.158    -0.916    -0.367
 5     0.944     0.248    -0.215
 6   126.098    24.527    38.472
 6     0.267    -0.508    -0.820
 6     0.082     0.858    -0.505
 6     0.960     0.066     0.270
 7   115.165   -19.156    -1.045
 7     0.700     0.653     0.290
 7    -0.693     0.523     0.496
 7     0.172    -0.548     0.818
 8   118.722   -24.840    20.472
 8     0.196     0.509     0.839
 8    -0.197    -0.818     0.540
 8     0.960    -0.270    -0.059
 9   127.776   -29.959    39.487
 9     0.231     0.755    -0.616
 9    -0.103     0.646     0.754
 9     0.967    -0.109     0.225
 2    98.669   -22.612    59.347
 2     0.971    -0.239    -0.013
 2     0.238     0.969     0.049
 2     0.002    -0.053     0.998
 3   126.525    -1.029     2.314
 3     0.527    -0.008    -0.850
 3    -0.178     0.976    -0.120
 3     0.831     0.214     0.513
 4   112.417    14.622    -1.784
 4     0.566    -0.723     0.396
 4     0.802     0.371    -0.468
 4     0.191     0.582     0.790
 5   114.985    21.107    20.693
 5     0.292    -0.314     0.904
 5     0.163    -0.915    -0.369
 5     0.942     0.254    -0.215
 6   126.041    24.654    38.438
 6     0.267    -0.529    -0.807
 6     0.081     0.846    -0.526
 6     0.960     0.073     0.268
 7   115.391   -19.076    -1.132
 7     0.705     0.651     0.282
 7    -0.688     0.529     0.496
 7     0.174    -0.543     0.821
 8   118.871   -24.890    20.209
 8     0.187     0.510     0.840
 8    -0.193    -0.819     0.539
 8     0.963    -0.262    -0.054
 9   127.793   -29.938    39.353
 9     0.227     0.772    -0.597
 9    -0.107     0.625     0.771
 9     0.968    -0.109     0.222
 2    98.671   -22.611    59.344
 2     0.971    -0.239    -0.014
 2     0.238     0.969     0.049
 2     0.003    -0.053     0.998
 3   126.668    -0.976     2.292
 3     0.519    -0.007    -0.855
 3    -0.180     0.976    -0.117
 3     0.835     0.214     0.506
 4   112.673    14.753    -1.842
 4     0.562    -0.727     0.395
 4     0.804     0.368    -0.467
 4     0.194     0.580     0.791
 5   114.932    21.112    20.666
 5     0.290    -0.302     0.909
 5     0.167    -0.919    -0.356
 5     0.942     0.254    -0.215
 6   125.899    24.831    38.390
 6     0.269    -0.546    -0.795
 6     0.082     0.834    -0.544
 6     0.959     0.080     0.268
 7   115.570   -19.020    -1.246
 7     0.709     0.650     0.275
 7    -0.682     0.534     0.499
 7     0.177    -0.541     0.822
 8   119.090   -24.848    19.984
 8     0.185     0.516     0.837
 8    -0.198    -0.814     0.545
 8     0.963    -0.265    -0.048
 9   127.813   -30.163    39.229
 9     0.220     0.781    -0.587
 9    -0.121     0.616     0.777
 9     0.968    -0.098     0.228
 2    98.671   -22.611    59.344
 2     0.971    -0.239    -0.014
 2     0.238     0.969     0.049
 2     0.003    -0.053     0.998
 3   126.865    -0.971     2.265
 3     0.511    -0.006    -0.860
 3    -0.180     0.977    -0.114
 3     0.840     0.212     0.497
 4   112.904    14.756    -1.947
 4     0.560    -0.731     0.390
 4     0.805     0.368    -0.465
 4     0.196     0.574     0.794
 5   114.547    21.180    20.502
 5     0.269    -0.243     0.932
 5     0.251    -0.917    -0.310
 5     0.930     0.316    -0.186
 6   125.326    27.557    37.400
 6     0.312    -0.740    -0.598
 6     0.165     0.660    -0.731
 6     0.935     0.129     0.327
 7   115.523   -18.965    -1.241
 7     0.715     0.640     0.282
 7    -0.677     0.532     0.508
 7     0.176    -0.554     0.813
 8   118.830   -26.282    19.611
 8     0.194     0.398     0.897
 8    -0.320    -0.839     0.440
 8     0.927    -0.371    -0.035
 9   127.547   -35.312    37.132
 9     0.242     0.854    -0.463
 9    -0.253     0.513     0.819
 9     0.936    -0.080     0.338
 2    98.671   -22.611    59.343
 2     0.971    -0.240    -0.014
 2     0.239     0.969     0.049
 2     0.003    -0.052     0.998
 3   126.846    -0.910     2.224
 3     0.502    -0.008    -0.866
 3    -0.177     0.978    -0.112
 3     0.847     0.209     0.488
 4   112.555    14.539    -2.247
 4     0.532    -0.741     0.410
 4     0.830     0.360    -0.426
 4     0.168     0.566     0.806
 5   113.211    23.137    19.394
 5     0.244    -0.110     0.964
 5     0.416    -0.886    -0.206
 5     0.875     0.451    -0.171
