% Calibrated with leiden_pols
% Positions are in centimeters
Data =[
 2    98.660   -22.671    59.316
 2     0.974    -0.229    -0.008
 2     0.228     0.972     0.053
 2    -0.004    -0.055     0.998
 3   126.398    -2.908     1.851
 3     0.544     0.039    -0.838
 3    -0.134     0.990    -0.041
 3     0.828     0.134     0.544
 4   112.242    12.979    -1.858
 4     0.566    -0.706     0.427
 4     0.813     0.392    -0.429
 4     0.136     0.589     0.796
 5   115.830    19.753    19.630
 5     0.202    -0.415     0.887
 5     0.182    -0.874    -0.449
 5     0.962     0.251    -0.100
 6   126.734    23.224    37.941
 6     0.213    -0.340    -0.916
 6     0.080     0.940    -0.330
 6     0.974    -0.005     0.227
 7   114.491   -20.960    -0.818
 7     0.677     0.648     0.350
 7    -0.726     0.510     0.460
 7     0.120    -0.566     0.815
 8   119.956   -25.776    20.199
 8     0.313     0.508     0.803
 8    -0.154    -0.807     0.569
 8     0.937    -0.301    -0.173
 9   130.045   -29.532    39.032
 9     0.232     0.542    -0.809
 9    -0.074     0.837     0.539
 9     0.970    -0.063     0.232
 2    98.665   -22.670    59.311
 2     0.974    -0.229    -0.009
 2     0.228     0.972     0.053
 2    -0.002    -0.056     0.998
 3   126.361    -2.910     1.614
 3     0.549     0.039    -0.835
 3    -0.131     0.990    -0.040
 3     0.825     0.131     0.548
 4   112.171    12.972    -2.066
 4     0.565    -0.703     0.433
 4     0.815     0.394    -0.425
 4     0.128     0.592     0.795
 5   115.882    19.805    19.469
 5     0.198    -0.428     0.882
 5     0.187    -0.867    -0.462
 5     0.962     0.255    -0.091
 6   126.789    23.121    37.715
 6     0.213    -0.325    -0.922
 6     0.079     0.946    -0.314
 6     0.974    -0.007     0.227
 7   114.383   -21.014    -0.882
 7     0.678     0.645     0.354
 7    -0.726     0.511     0.460
 7     0.116    -0.568     0.814
 8   120.009   -25.768    20.121
 8     0.316     0.508     0.802
 8    -0.149    -0.808     0.570
 8     0.937    -0.299    -0.179
 9   130.107   -29.481    38.914
 9     0.233     0.530    -0.817
 9    -0.072     0.846     0.526
 9     0.969    -0.062     0.234
 2    98.711   -22.671    59.265
 2     0.974    -0.229    -0.008
 2     0.228     0.972     0.053
 2    -0.004    -0.055     0.998
 3   126.254    -3.063     1.396
 3     0.553     0.041    -0.833
 3    -0.129     0.991    -0.037
 3     0.823     0.128     0.553
 4   112.028    12.863    -2.171
 4     0.567    -0.699     0.438
 4     0.815     0.397    -0.421
 4     0.120     0.594     0.794
 5   115.883    19.804    19.374
 5     0.198    -0.432     0.880
 5     0.189    -0.864    -0.466
 5     0.962     0.257    -0.088
 6   126.834    23.041    37.605
 6     0.216    -0.308    -0.927
 6     0.079     0.951    -0.297
 6     0.973    -0.010     0.229
 7   114.202   -21.143    -0.970
 7     0.677     0.642     0.361
 7    -0.727     0.509     0.460
 7     0.112    -0.574     0.811
 8   119.933   -25.815    20.129
 8     0.321     0.500     0.805
 8    -0.147    -0.813     0.562
 8     0.936    -0.298    -0.186
 9   130.107   -29.428    38.915
 9     0.237     0.527    -0.818
 9    -0.072     0.847     0.525
 9     0.969    -0.064     0.237
 2    98.665   -22.619    59.311
 2     0.973    -0.229    -0.009
 2     0.228     0.972     0.053
 2    -0.002    -0.056     0.998
 3   126.200    -3.064     1.351
 3     0.555     0.042    -0.831
 3    -0.129     0.991    -0.036
 3     0.822     0.127     0.554
 4   111.974    12.810    -2.114
 4     0.568    -0.698     0.438
 4     0.814     0.399    -0.420
 4     0.118     0.594     0.795
 5   115.832    19.831    19.375
 5     0.196    -0.434     0.880
 5     0.190    -0.863    -0.467
 5     0.962     0.257    -0.087
 6   126.910    22.989    37.606
 6     0.216    -0.304    -0.928
 6     0.078     0.952    -0.294
 6     0.973    -0.010     0.229
 7   114.129   -21.144    -0.866
 7     0.675     0.642     0.364
 7    -0.729     0.506     0.461
 7     0.112    -0.576     0.809
 8   119.881   -25.816    20.215
 8     0.322     0.493     0.809
 8    -0.149    -0.817     0.556
 8     0.935    -0.298    -0.189
 9   130.092   -29.482    38.968
 9     0.242     0.535    -0.812
 9    -0.072     0.842     0.532
 9     0.967    -0.069     0.240
 2    98.713   -22.620    59.313
 2     0.974    -0.229    -0.009
 2     0.228     0.972     0.053
 2    -0.003    -0.055     0.998
 3   126.196    -3.091     1.407
 3     0.556     0.043    -0.831
 3    -0.130     0.991    -0.036
 3     0.821     0.128     0.555
 4   111.974    12.810    -2.115
 4     0.569    -0.697     0.438
 4     0.814     0.400    -0.420
 4     0.118     0.595     0.794
 5   115.891    19.836    19.423
 5     0.190    -0.434     0.881
 5     0.190    -0.864    -0.466
 5     0.963     0.254    -0.081
 6   126.885    22.990    37.657
 6     0.216    -0.303    -0.928
 6     0.079     0.953    -0.292
 6     0.973    -0.011     0.229
 7   114.033   -21.145    -0.740
 7     0.672     0.644     0.366
 7    -0.732     0.501     0.461
 7     0.113    -0.578     0.808
 8   119.755   -25.769    20.369
 8     0.321     0.490     0.812
 8    -0.152    -0.819     0.552
 8     0.935    -0.300    -0.188
 9   130.019   -29.531    39.123
 9     0.244     0.542    -0.806
 9    -0.071     0.837     0.540
 9     0.967    -0.073     0.242
 2    98.711   -22.671    59.265
 2     0.974    -0.229    -0.008
 2     0.228     0.972     0.053
 2    -0.004    -0.055     0.998
 3   126.196    -3.093     1.509
 3     0.555     0.044    -0.831
 3    -0.133     0.990    -0.037
 3     0.821     0.131     0.555
 4   111.980    12.811    -2.043
 4     0.571    -0.697     0.435
 4     0.812     0.401    -0.423
 4     0.120     0.594     0.795
 5   115.891    19.836    19.474
 5     0.189    -0.435     0.881
 5     0.190    -0.864    -0.467
 5     0.963     0.253    -0.080
 6   126.887    22.990    37.685
 6     0.216    -0.300    -0.930
 6     0.080     0.954    -0.288
 6     0.973    -0.013     0.229
 7   114.014   -21.145    -0.668
 7     0.669     0.646     0.368
 7    -0.734     0.498     0.461
 7     0.115    -0.579     0.807
 8   119.648   -25.772    20.455
 8     0.322     0.489     0.812
 8    -0.154    -0.819     0.552
 8     0.934    -0.301    -0.187
 9   129.961   -29.533    39.187
 9     0.246     0.544    -0.804
 9    -0.071     0.835     0.543
 9     0.966    -0.075     0.242
 2    98.713   -22.620    59.313
 2     0.974    -0.229    -0.008
 2     0.228     0.972     0.053
 2    -0.003    -0.055     0.998
 3   126.065    -3.096     1.691
 3     0.555     0.043    -0.831
 3    -0.136     0.990    -0.040
 3     0.820     0.135     0.555
 4   111.987    12.864    -1.924
 4     0.572    -0.697     0.434
 4     0.811     0.401    -0.425
 4     0.123     0.594     0.794
 5   115.901    19.811    19.578
 5     0.192    -0.432     0.882
 5     0.184    -0.867    -0.464
 5     0.964     0.250    -0.087
 6   126.961    22.991    37.787
 6     0.216    -0.298    -0.930
 6     0.080     0.954    -0.286
 6     0.973    -0.013     0.229
 7   113.967   -21.144    -0.568
 7     0.668     0.646     0.369
 7    -0.735     0.496     0.462
 7     0.116    -0.580     0.806
 8   119.597   -25.775    20.558
 8     0.322     0.488     0.812
 8    -0.157    -0.818     0.552
 8     0.934    -0.303    -0.186
 9   129.912   -29.482    39.264
 9     0.247     0.547    -0.802
 9    -0.071     0.833     0.546
 9     0.966    -0.076     0.243
 2    98.713   -22.670    59.262
 2     0.974    -0.229    -0.008
 2     0.228     0.972     0.053
 2    -0.003    -0.055     0.998
 3   126.122    -3.094     1.806
 3     0.553     0.040    -0.833
 3    -0.137     0.990    -0.043
 3     0.822     0.138     0.552
 4   112.045    12.815    -1.830
 4     0.572    -0.699     0.430
 4     0.810     0.400    -0.427
 4     0.126     0.592     0.795
 5   115.951    19.836    19.682
 5     0.193    -0.432     0.881
 5     0.185    -0.866    -0.464
 5     0.964     0.251    -0.086
 6   126.962    23.041    37.839
 6     0.216    -0.296    -0.931
 6     0.080     0.955    -0.285
 6     0.973    -0.014     0.229
 7   113.972   -21.092    -0.523
 7     0.667     0.648     0.368
 7    -0.735     0.495     0.463
 7     0.118    -0.579     0.806
 8   119.673   -25.835    20.653
 8     0.324     0.502     0.803
 8    -0.161    -0.807     0.568
 8     0.932    -0.312    -0.179
 9   130.009   -29.434    39.313
 9     0.247     0.539    -0.807
 9    -0.073     0.839     0.537
 9     0.966    -0.073     0.245
 2    98.665   -22.669    59.311
 2     0.973    -0.229    -0.009
 2     0.228     0.972     0.053
 2    -0.002    -0.056     0.998
 3   126.072    -3.096     1.857
 3     0.552     0.040    -0.833
 3    -0.139     0.989    -0.045
 3     0.822     0.140     0.552
 4   111.900    12.861    -1.731
 4     0.566    -0.701     0.436
 4     0.816     0.399    -0.417
 4     0.118     0.591     0.797
 5   115.892    19.911    19.739
 5     0.212    -0.436     0.875
 5     0.210    -0.854    -0.475
 5     0.955     0.283    -0.089
 6   127.377    23.274    37.507
 6     0.244    -0.334    -0.911
 6     0.085     0.943    -0.322
 6     0.966     0.000     0.258
 7   113.921   -21.012    -0.344
 7     0.675     0.640     0.368
 7    -0.728     0.499     0.469
 7     0.117    -0.585     0.802
 8   120.641   -26.246    20.618
 8     0.362     0.537     0.764
 8    -0.179    -0.763     0.620
 8     0.915    -0.360    -0.179
 9   131.433   -29.748    38.592
 9     0.272     0.505    -0.821
 9    -0.095     0.861     0.497
 9     0.957    -0.055     0.281
 2    98.711   -22.671    59.265
 2     0.974    -0.229    -0.007
 2     0.228     0.972     0.053
 2    -0.004    -0.055     0.998
 3   125.995    -3.021     1.931
 3     0.552     0.036    -0.833
 3    -0.141     0.989    -0.050
 3     0.822     0.145     0.550
 4   111.733    12.855    -1.661
 4     0.566    -0.697     0.441
 4     0.817     0.402    -0.413
 4     0.111     0.593     0.797
 5   116.565    20.272    19.865
 5     0.270    -0.447     0.854
 5     0.239    -0.827    -0.508
 5     0.932     0.340    -0.116
 6   129.014    23.734    36.802
 6     0.304    -0.348    -0.887
 6     0.094     0.937    -0.335
 6     0.948     0.017     0.318
 7   113.773   -20.964    -0.288
 7     0.687     0.625     0.372
 7    -0.719     0.508     0.473
 7     0.106    -0.592     0.798
 8   121.884   -26.663    20.437
 8     0.432     0.554     0.713
 8    -0.195    -0.713     0.672
 8     0.880    -0.429    -0.199
 9   133.791   -30.218    37.369
 9     0.316     0.461    -0.831
 9    -0.120     0.886     0.444
 9     0.941    -0.039     0.334
 2    98.660   -22.671    59.316
 2     0.974    -0.229    -0.008
 2     0.228     0.972     0.053
 2    -0.004    -0.055     0.998
 3   125.825    -2.975     1.949
 3     0.557     0.029    -0.830
 3    -0.141     0.988    -0.060
 3     0.818     0.150     0.554
 4   111.368    12.751    -1.764
 4     0.575    -0.680     0.456
 4     0.814     0.418    -0.403
 4     0.083     0.602     0.793
 5   117.606    20.640    19.481
 5     0.354    -0.432     0.831
 5     0.270    -0.803    -0.530
 5     0.895     0.411    -0.167
 6   131.739    23.988    34.756
 6     0.420    -0.334    -0.844
 6     0.093     0.941    -0.325
 6     0.902     0.057     0.426
 7   113.434   -21.031    -0.274
 7     0.703     0.595     0.390
 7    -0.707     0.527     0.472
 7     0.075    -0.607     0.791
 8   124.008   -27.068    19.907
 8     0.551     0.555     0.624
 8    -0.197    -0.639     0.743
 8     0.810    -0.532    -0.243
 9   138.189   -29.430    34.534
 9     0.441     0.363    -0.823
 9    -0.119     0.930     0.345
 9     0.889    -0.054     0.452
 2    98.712   -22.670    59.313
 2     0.974    -0.229    -0.008
 2     0.228     0.972     0.053
 2    -0.003    -0.055     0.998
 3   125.662    -3.034     1.817
 3     0.571     0.025    -0.821
 3    -0.139     0.988    -0.067
 3     0.809     0.152     0.567
 4   110.765    12.230    -2.168
 4     0.592    -0.638     0.494
 4     0.806     0.455    -0.378
 4     0.016     0.620     0.783
 5   119.093    21.187    18.429
 5     0.456    -0.396     0.798
 5     0.309    -0.770    -0.558
 5     0.834     0.500    -0.228
 6   135.016    24.235    31.557
 6     0.546    -0.281    -0.790
 6     0.094     0.956    -0.275
 6     0.833     0.076     0.547
 7   112.901   -20.917    -0.342
 7     0.711     0.561     0.425
 7    -0.703     0.547     0.455
 7     0.022    -0.622     0.782
 8   126.123   -27.092    18.406
 8     0.683     0.503     0.531
 8    -0.195    -0.574     0.794
 8     0.704    -0.646    -0.295
 9   142.338   -28.803    30.225
 9     0.578     0.291    -0.764
 9    -0.121     0.954     0.271
 9     0.807    -0.065     0.586
 2    98.665   -22.669    59.311
 2     0.973    -0.229    -0.009
 2     0.228     0.972     0.053
 2    -0.002    -0.056     0.998
 3   125.386    -3.050     1.748
 3     0.586     0.025    -0.811
 3    -0.145     0.986    -0.075
 3     0.797     0.162     0.581
 4   110.088    11.758    -2.567
 4     0.605    -0.598     0.526
 4     0.794     0.496    -0.350
 4    -0.052     0.629     0.774
 5   120.410    21.545    17.247
 5     0.541    -0.365     0.759
 5     0.331    -0.737    -0.588
 5     0.773     0.568    -0.279
 6   137.431    24.274    28.481
 6     0.639    -0.240    -0.732
 6     0.089     0.967    -0.239
 6     0.764     0.087     0.638
 7   112.305   -20.752    -0.509
 7     0.711     0.538     0.453
 7    -0.702     0.565     0.432
 7    -0.024    -0.625     0.779
 8   127.474   -26.744    16.903
 8     0.769     0.438     0.465
 8    -0.183    -0.547     0.816
 8     0.612    -0.713    -0.341
 9   144.978   -27.830    26.262
 9     0.674     0.239    -0.699
 9    -0.109     0.968     0.224
 9     0.730    -0.075     0.679
 2    98.660   -22.671    59.316
 2     0.974    -0.229    -0.008
 2     0.228     0.972     0.053
 2    -0.004    -0.055     0.998
 3   125.223    -2.963     1.613
 3     0.595     0.024    -0.803
 3    -0.153     0.984    -0.084
 3     0.788     0.172     0.590
 4   109.598    11.292    -2.826
 4     0.608    -0.567     0.557
 4     0.786     0.530    -0.318
 4    -0.115     0.630     0.767
 5   121.387    21.593    16.017
 5     0.606    -0.317     0.731
 5     0.349    -0.719    -0.599
 5     0.714     0.618    -0.327
 6   139.186    24.379    25.597
 6     0.711    -0.217    -0.670
 6     0.088     0.971    -0.221
 6     0.698     0.097     0.709
 7   111.478   -20.347    -0.819
 7     0.707     0.517     0.482
 7    -0.702     0.592     0.394
 7    -0.082    -0.617     0.782
 8   128.558   -26.412    14.973
 8     0.845     0.350     0.403
 8    -0.180    -0.523     0.832
 8     0.502    -0.777    -0.380
 9   147.170   -27.136    21.320
 9     0.774     0.196    -0.603
 9    -0.104     0.977     0.183
 9     0.625    -0.080     0.776
 2    98.662   -22.620    59.313
 2     0.974    -0.229    -0.008
 2     0.228     0.972     0.053
 2    -0.003    -0.055     0.998
 3   124.998    -3.034     1.388
 3     0.607     0.029    -0.794
 3    -0.168     0.981    -0.093
 3     0.776     0.190     0.600
 4   108.865    10.803    -3.172
 4     0.608    -0.537     0.586
 4     0.774     0.562    -0.289
 4    -0.174     0.629     0.756
 5   122.020    21.622    14.861
 5     0.661    -0.276     0.699
 5     0.361    -0.699    -0.616
 5     0.658     0.659    -0.363
 6   140.490    24.186    22.790
 6     0.770    -0.189    -0.610
 6     0.087     0.977    -0.195
 6     0.632     0.096     0.768
 7   110.564   -19.951    -1.085
 7     0.695     0.502     0.515
 7    -0.704     0.619     0.346
 7    -0.146    -0.603     0.784
 8   129.190   -26.239    12.610
 8     0.906     0.253     0.337
 8    -0.179    -0.494     0.850
 8     0.382    -0.832    -0.403
 9   148.542   -26.423    15.905
 9     0.854     0.158    -0.495
 9    -0.100     0.985     0.141
 9     0.509    -0.071     0.857
 2    98.665   -22.619    59.311
 2     0.973    -0.229    -0.009
 2     0.228     0.972     0.053
 2    -0.002    -0.056     0.998
 3   124.725    -3.104     1.138
 3     0.619     0.034    -0.785
 3    -0.181     0.978    -0.100
 3     0.764     0.204     0.611
 4   108.249    10.295    -3.331
 4     0.605    -0.513     0.610
 4     0.763     0.589    -0.262
 4    -0.226     0.624     0.747
 5   122.489    21.590    13.794
 5     0.699    -0.241     0.675
 5     0.373    -0.682    -0.628
 5     0.609     0.691    -0.387
 6   141.363    24.212    20.279
 6     0.812    -0.172    -0.559
 6     0.090     0.981    -0.172
 6     0.577     0.089     0.811
 7   109.848   -19.579    -1.308
 7     0.685     0.489     0.541
 7    -0.699     0.651     0.296
 7    -0.208    -0.581     0.787
 8   129.683   -25.862    10.142
 8     0.951     0.163     0.263
 8    -0.164    -0.457     0.874
 8     0.262    -0.875    -0.408
 9   149.366   -25.405    10.524
 9     0.919     0.113    -0.378
 9    -0.085     0.992     0.092
 9     0.385    -0.052     0.921
 2    98.662   -22.620    59.313
 2     0.974    -0.229    -0.008
 2     0.228     0.972     0.053
 2    -0.003    -0.055     0.998
 3   124.457    -3.069     0.907
 3     0.630     0.035    -0.776
 3    -0.188     0.976    -0.110
 3     0.753     0.215     0.621
 4   107.623     9.821    -3.563
 4     0.596    -0.496     0.632
 4     0.756     0.610    -0.234
 4    -0.270     0.617     0.738
 5   122.660    21.595    12.769
 5     0.727    -0.204     0.656
 5     0.387    -0.668    -0.635
 5     0.567     0.716    -0.407
 6   141.759    24.218    18.065
 6     0.844    -0.160    -0.512
 6     0.092     0.983    -0.157
 6     0.528     0.084     0.844
 7   109.026   -19.108    -1.551
 7     0.673     0.475     0.567
 7    -0.688     0.683     0.244
 7    -0.272    -0.554     0.786
 8   129.853   -25.415     7.468
 8     0.979     0.063     0.195
 8    -0.152    -0.420     0.895
 8     0.138    -0.905    -0.401
 9   149.425   -24.399     4.547
 9     0.966     0.081    -0.245
 9    -0.073     0.996     0.045
 9     0.247    -0.025     0.969
 2    98.662   -22.670    59.313
 2     0.974    -0.229    -0.008
 2     0.228     0.972     0.053
 2    -0.003    -0.055     0.998
 3   124.220    -3.081     0.595
 3     0.641     0.037    -0.767
 3    -0.193     0.974    -0.115
 3     0.743     0.222     0.631
 4   106.937     9.242    -3.833
 4     0.584    -0.479     0.656
 4     0.746     0.633    -0.203
 4    -0.318     0.608     0.727
 5   122.795    21.639    11.353
 5     0.757    -0.158     0.635
 5     0.407    -0.646    -0.645
 5     0.511     0.746    -0.426
 6   142.089    24.271    15.470
 6     0.877    -0.148    -0.458
 6     0.099     0.986    -0.131
 6     0.470     0.068     0.879
 7   107.977   -18.604    -1.770
 7     0.647     0.463     0.605
 7    -0.678     0.713     0.179
 7    -0.349    -0.526     0.775
 8   129.388   -25.463     4.506
 8     0.988    -0.053     0.143
 8    -0.153    -0.377     0.913
 8     0.005    -0.925    -0.381
 9   148.626   -24.040    -1.420
 9     0.992     0.073    -0.100
 9    -0.074     0.997    -0.000
 9     0.099     0.008     0.995
 2    98.712   -22.620    59.313
 2     0.973    -0.230    -0.008
 2     0.228     0.972     0.053
 2    -0.003    -0.055     0.998
 3   124.010    -3.196     0.284
 3     0.650     0.043    -0.760
 3    -0.200     0.973    -0.116
 3     0.733     0.227     0.640
 4   106.391     8.705    -4.003
 4     0.574    -0.469     0.672
 4     0.741     0.645    -0.183
 4    -0.348     0.603     0.717
 5   122.530    21.686    10.460
 5     0.768    -0.129     0.629
 5     0.424    -0.634    -0.646
 5     0.480     0.762    -0.433
 6   141.998    24.444    13.762
 6     0.895    -0.146    -0.422
 6     0.107     0.987    -0.117
 6     0.433     0.058     0.899
 7   107.113   -18.098    -1.840
 7     0.617     0.452     0.644
 7    -0.664     0.738     0.118
 7    -0.422    -0.501     0.755
 8   128.476   -25.674     1.519
 8     0.977    -0.178     0.117
 8    -0.170    -0.322     0.931
 8    -0.128    -0.930    -0.345
 9   146.737   -24.437    -7.749
 9     0.994     0.096     0.054
 9    -0.094     0.994    -0.052
 9    -0.059     0.047     0.997
 2    98.662   -22.620    59.313
 2     0.974    -0.229    -0.008
 2     0.228     0.972     0.053
 2    -0.003    -0.055     0.998
 3   123.818    -3.232     0.002
 3     0.653     0.052    -0.756
 3    -0.209     0.971    -0.115
 3     0.728     0.232     0.644
 4   106.102     8.509    -4.132
 4     0.572    -0.458     0.681
 4     0.734     0.655    -0.177
 4    -0.365     0.600     0.711
 5   122.495    21.542     9.974
 5     0.776    -0.124     0.619
 5     0.423    -0.625    -0.655
 5     0.466     0.771    -0.434
 6   142.112    24.063    12.459
 6     0.909    -0.128    -0.397
 6     0.098     0.990    -0.097
 6     0.405     0.049     0.913
 7   106.111   -17.384    -1.896
 7     0.576     0.431     0.695
 7    -0.638     0.768     0.053
 7    -0.511    -0.474     0.717
 8   126.724   -25.678    -2.681
 8     0.936    -0.341     0.087
 8    -0.173    -0.229     0.958
 8    -0.306    -0.912    -0.273
 9   143.122   -23.851   -16.012
 9     0.957     0.123     0.262
 9    -0.090     0.986    -0.136
 9    -0.275     0.106     0.955
 2    98.665   -22.670    59.311
 2     0.974    -0.229    -0.009
 2     0.227     0.972     0.053
 2    -0.002    -0.056     0.998
 3   123.370    -3.348    -0.428
 3     0.665     0.052    -0.746
 3    -0.214     0.969    -0.124
 3     0.715     0.242     0.654
 4   105.335     8.039    -4.259
 4     0.562    -0.435     0.704
 4     0.723     0.671    -0.162
 4    -0.402     0.600     0.691
 5   122.459    21.440     8.831
 5     0.799    -0.083     0.596
 5     0.434    -0.607    -0.665
 5     0.416     0.790    -0.449
 6   142.051    23.895    10.554
 6     0.929    -0.118    -0.352
 6     0.098     0.992    -0.078
 6     0.357     0.037     0.933
 7   105.090   -16.921    -1.668
 7     0.546     0.401     0.735
 7    -0.609     0.792     0.020
 7    -0.575    -0.459     0.677
 8   124.793   -25.597    -5.468
 8     0.886    -0.457     0.073
 8    -0.161    -0.156     0.974
 8    -0.434    -0.875    -0.212
 9   139.607   -23.007   -21.288
 9     0.905     0.155     0.396
 9    -0.079     0.976    -0.204
 9    -0.418     0.153     0.895
 2    98.665   -22.670    59.311
 2     0.974    -0.229    -0.009
 2     0.228     0.972     0.053
 2    -0.002    -0.056     0.998
 3   123.179    -3.409    -0.566
 3     0.665     0.056    -0.745
 3    -0.226     0.965    -0.130
 3     0.711     0.255     0.654
 4   105.203     8.037    -4.255
 4     0.560    -0.433     0.707
 4     0.723     0.671    -0.163
 4    -0.404     0.602     0.688
 5   122.257    21.371     8.859
 5     0.797    -0.093     0.597
 5     0.430    -0.608    -0.667
 5     0.424     0.789    -0.445
 6   141.893    23.772    10.689
 6     0.927    -0.115    -0.357
 6     0.094     0.992    -0.077
 6     0.363     0.036     0.931
 7   104.592   -16.463    -1.490
 7     0.508     0.385     0.770
 7    -0.581     0.813    -0.023
 7    -0.636    -0.436     0.637
 8   122.739   -25.372    -8.039
 8     0.819    -0.565     0.095
 8    -0.156    -0.061     0.986
 8    -0.551    -0.823    -0.138
 9   135.532   -22.171   -26.085
 9     0.830     0.210     0.516
 9    -0.066     0.957    -0.282
 9    -0.553     0.199     0.808
 2    98.662   -22.670    59.313
 2     0.974    -0.229    -0.008
 2     0.228     0.972     0.053
 2    -0.003    -0.055     0.998
 3   123.023    -3.362    -0.691
 3     0.664     0.055    -0.746
 3    -0.231     0.963    -0.136
 3     0.710     0.263     0.652
 4   104.872     7.848    -4.273
 4     0.554    -0.427     0.715
 4     0.721     0.674    -0.157
 4    -0.416     0.602     0.681
 5   122.099    21.385     8.616
 5     0.800    -0.081     0.596
 5     0.437    -0.602    -0.667
 5     0.412     0.794    -0.447
 6   141.718    23.814    10.262
 6     0.930    -0.116    -0.348
 6     0.096     0.992    -0.076
 6     0.353     0.036     0.934
 7   103.817   -16.237    -1.173
 7     0.457     0.369     0.809
 7    -0.559     0.826    -0.061
 7    -0.692    -0.425     0.584
 8   120.309   -25.444   -10.025
 8     0.743    -0.656     0.132
 8    -0.163     0.015     0.986
 8    -0.649    -0.754    -0.096
 9   131.258   -22.491   -29.526
 9     0.752     0.279     0.598
 9    -0.089     0.941    -0.326
 9    -0.653     0.192     0.732
 2    98.665   -22.619    59.311
 2     0.973    -0.229    -0.009
 2     0.228     0.972     0.053
 2    -0.002    -0.056     0.998
 3   122.833    -3.448    -0.727
 3     0.666     0.057    -0.745
 3    -0.242     0.960    -0.143
 3     0.706     0.275     0.652
 4   104.690     7.845    -4.218
 4     0.553    -0.424     0.717
 4     0.720     0.675    -0.157
 4    -0.418     0.604     0.678
 5   122.004    21.362     8.659
 5     0.799    -0.082     0.596
 5     0.436    -0.605    -0.666
 5     0.414     0.792    -0.448
 6   141.637    23.761    10.267
 6     0.931    -0.115    -0.345
 6     0.094     0.992    -0.079
 6     0.351     0.040     0.935
 7   103.360   -15.911    -0.775
 7     0.395     0.363     0.844
 7    -0.541     0.834    -0.105
 7    -0.742    -0.416     0.526
 8   117.945   -25.864   -11.295
 8     0.658    -0.728     0.193
 8    -0.195     0.083     0.977
 8    -0.727    -0.681    -0.086
 9   126.705   -23.453   -32.443
 9     0.660     0.349     0.666
 9    -0.118     0.923    -0.365
 9    -0.742     0.162     0.650
 2    98.713   -22.620    59.313
 2     0.974    -0.229    -0.008
 2     0.228     0.972     0.053
 2    -0.003    -0.055     0.998
 3   122.755    -3.451    -0.798
 3     0.666     0.062    -0.744
 3    -0.245     0.959    -0.140
 3     0.705     0.275     0.653
 4   104.498     7.660    -4.198
 4     0.551    -0.420     0.721
 4     0.718     0.678    -0.154
 4    -0.425     0.603     0.675
 5   121.866    21.256     8.547
 5     0.800    -0.077     0.596
 5     0.438    -0.602    -0.666
 5     0.409     0.794    -0.448
 6   141.519    23.653     9.834
 6     0.934    -0.115    -0.337
 6     0.095     0.992    -0.077
 6     0.343     0.038     0.938
 7   102.735   -15.864    -0.489
 7     0.332     0.342     0.879
 7    -0.515     0.846    -0.134
 7    -0.790    -0.409     0.457
 8   115.077   -26.049   -12.655
 8     0.551    -0.798     0.245
 8    -0.207     0.154     0.966
 8    -0.809    -0.582    -0.081
 9   121.194   -23.700   -35.195
 9     0.542     0.392     0.744
 9    -0.125     0.912    -0.388
 9    -0.831     0.117     0.544
 2    98.712   -22.620    59.313
 2     0.973    -0.229    -0.008
 2     0.228     0.972     0.053
 2    -0.003    -0.055     0.998
 3   122.473    -3.633    -0.961
 3     0.667     0.070    -0.742
 3    -0.248     0.959    -0.134
 3     0.702     0.273     0.657
 4   104.090     7.468    -4.213
 4     0.547    -0.411     0.730
 4     0.714     0.683    -0.150
 4    -0.438     0.603     0.667
 5   121.723    21.113     8.136
 5     0.806    -0.063     0.588
 5     0.442    -0.598    -0.668
 5     0.393     0.799    -0.455
 6   141.300    23.511     9.155
 6     0.941    -0.115    -0.318
 6     0.097     0.993    -0.073
 6     0.324     0.037     0.945
 7   102.152   -15.754    -0.152
 7     0.271     0.316     0.909
 7    -0.494     0.856    -0.150
 7    -0.826    -0.408     0.388
 8   112.946   -25.922   -13.407
 8     0.459    -0.847     0.269
 8    -0.204     0.194     0.959
 8    -0.864    -0.495    -0.084
 9   117.184   -23.570   -36.664
 9     0.451     0.412     0.792
 9    -0.126     0.908    -0.399
 9    -0.883     0.080     0.461
 2    98.665   -22.669    59.311
 2     0.973    -0.229    -0.009
 2     0.228     0.972     0.053
 2    -0.002    -0.056     0.998
 3   122.334    -3.692    -1.089
 3     0.670     0.081    -0.738
 3    -0.254     0.959    -0.126
 3     0.697     0.271     0.663
 4   103.828     7.416    -4.157
 4     0.541    -0.410     0.735
 4     0.716     0.682    -0.147
 4    -0.441     0.606     0.662
 5   121.499    21.183     8.105
 5     0.807    -0.052     0.588
 5     0.447    -0.598    -0.665
 5     0.385     0.799    -0.460
 6   141.151    23.604     8.803
 6     0.944    -0.116    -0.308
 6     0.099     0.992    -0.072
 6     0.314     0.036     0.948
 7   101.943   -15.699     0.072
 7     0.228     0.294     0.928
 7    -0.475     0.865    -0.158
 7    -0.850    -0.405     0.336
 8   111.140   -25.711   -13.957
 8     0.375    -0.880     0.294
 8    -0.196     0.234     0.952
 8    -0.906    -0.414    -0.084
 9   113.307   -23.394   -37.819
 9     0.358     0.437     0.826
 9    -0.123     0.898    -0.421
 9    -0.926     0.048     0.375
 2    98.665   -22.619    59.311
 2     0.973    -0.229    -0.009
 2     0.228     0.972     0.053
 2    -0.002    -0.056     0.998
 3   122.261    -3.695    -1.215
 3     0.668     0.089    -0.739
 3    -0.260     0.958    -0.120
 3     0.697     0.272     0.662
 4   103.725     7.314    -4.155
 4     0.538    -0.411     0.736
 4     0.718     0.680    -0.144
 4    -0.442     0.606     0.661
 5   121.388    21.155     7.988
 5     0.808    -0.046     0.587
 5     0.449    -0.598    -0.663
 5     0.381     0.800    -0.463
 6   141.088    23.626     8.691
 6     0.945    -0.118    -0.303
 6     0.101     0.992    -0.073
 6     0.309     0.037     0.950
 7   101.552   -15.526     0.350
 7     0.171     0.279     0.945
 7    -0.457     0.872    -0.174
 7    -0.873    -0.402     0.276
 8   108.957   -25.535   -14.201
 8     0.274    -0.902     0.334
 8    -0.192     0.288     0.938
 8    -0.942    -0.321    -0.095
 9   108.820   -23.497   -38.413
 9     0.251     0.471     0.846
 9    -0.137     0.882    -0.450
 9    -0.958    -0.004     0.284
 2    98.662   -22.670    59.313
 2     0.974    -0.229    -0.008
 2     0.228     0.972     0.053
 2    -0.003    -0.055     0.998
 3   122.112    -3.751    -1.264
 3     0.664     0.098    -0.741
 3    -0.269     0.956    -0.115
 3     0.697     0.275     0.661
 4   103.512     7.234    -4.096
 4     0.536    -0.405     0.741
 4     0.717     0.681    -0.146
 4    -0.446     0.609     0.655
 5   121.258    21.051     7.943
 5     0.808    -0.043     0.588
 5     0.450    -0.598    -0.663
 5     0.379     0.800    -0.464
 6   140.905    23.623     8.572
 6     0.947    -0.118    -0.300
 6     0.101     0.992    -0.073
 6     0.306     0.038     0.951
 7   101.248   -15.377     0.450
 7     0.142     0.277     0.950
 7    -0.447     0.875    -0.188
 7    -0.883    -0.398     0.248
 8   107.829   -25.629   -14.173
 8     0.229    -0.899     0.373
 8    -0.205     0.329     0.921
 8    -0.952    -0.287    -0.109
 9   107.144   -23.864   -38.323
 9     0.214     0.500     0.840
 9    -0.154     0.865    -0.476
 9    -0.965    -0.028     0.261
 2    98.665   -22.670    59.311
 2     0.974    -0.229    -0.009
 2     0.228     0.972     0.053
 2    -0.002    -0.056     0.998
 3   122.058    -3.829    -1.313
 3     0.653     0.108    -0.750
 3    -0.280     0.954    -0.107
 3     0.703     0.280     0.653
 4   103.546     7.239    -4.159
 4     0.536    -0.409     0.739
 4     0.720     0.678    -0.147
 4    -0.442     0.611     0.657
 5   121.029    20.993     8.122
 5     0.801    -0.057     0.597
 5     0.450    -0.601    -0.660
 5     0.396     0.797    -0.456
 6   140.762    23.558     9.062
 6     0.942    -0.120    -0.313
 6     0.100     0.992    -0.078
 6     0.320     0.042     0.946
 7   101.101   -15.108     0.609
 7     0.115     0.288     0.951
 7    -0.431     0.877    -0.213
 7    -0.895    -0.385     0.224
 8   106.799   -25.387   -14.202
 8     0.187    -0.900     0.394
 8    -0.205     0.356     0.911
 8    -0.961    -0.251    -0.118
 9   105.197   -23.628   -38.424
 9     0.167     0.513     0.842
 9    -0.158     0.856    -0.490
 9    -0.973    -0.052     0.223
 2    98.662   -22.620    59.313
 2     0.974    -0.229    -0.009
 2     0.228     0.972     0.053
 2    -0.003    -0.055     0.998
 3   122.134    -3.882    -1.346
 3     0.637     0.120    -0.762
 3    -0.297     0.949    -0.100
 3     0.711     0.290     0.640
 4   103.714     7.372    -4.180
 4     0.540    -0.409     0.736
 4     0.720     0.676    -0.153
 4    -0.435     0.612     0.659
 5   121.157    20.900     8.322
 5     0.799    -0.068     0.598
 5     0.444    -0.605    -0.661
 5     0.406     0.793    -0.453
 6   140.787    23.438     9.489
 6     0.939    -0.117    -0.324
 6     0.096     0.992    -0.081
 6     0.330     0.044     0.942
 7   100.920   -14.884     0.766
 7     0.089     0.286     0.954
 7    -0.417     0.880    -0.226
 7    -0.905    -0.378     0.198
 8   106.013   -25.040   -14.213
 8     0.149    -0.902     0.405
 8    -0.195     0.374     0.906
 8    -0.969    -0.214    -0.120
 9   103.672   -23.205   -38.331
 9     0.129     0.514     0.849
 9    -0.154     0.855    -0.494
 9    -0.980    -0.068     0.188
 2    98.663   -22.620    59.314
 2     0.973    -0.230    -0.008
 2     0.228     0.971     0.054
 2    -0.003    -0.056     0.998
 3   122.089    -3.810    -1.355
 3     0.630     0.125    -0.767
 3    -0.308     0.946    -0.099
 3     0.713     0.298     0.634
 4   103.726     7.481    -4.149
 4     0.540    -0.411     0.735
 4     0.724     0.671    -0.157
 4    -0.429     0.617     0.659
 5   121.039    20.962     8.590
 5     0.794    -0.078     0.603
 5     0.441    -0.610    -0.658
 5     0.418     0.789    -0.451
 6   140.741    23.398    10.007
 6     0.935    -0.119    -0.335
 6     0.094     0.991    -0.090
 6     0.343     0.051     0.938
 7   100.917   -14.794     0.758
 7     0.079     0.284     0.955
 7    -0.409     0.883    -0.229
 7    -0.909    -0.373     0.186
 8   105.930   -24.873   -14.244
 8     0.140    -0.904     0.404
 8    -0.189     0.376     0.907
 8    -0.972    -0.203    -0.118
 9   103.411   -22.759   -38.421
 9     0.121     0.504     0.855
 9    -0.146     0.861    -0.486
 9    -0.982    -0.067     0.177
 2    98.662   -22.620    59.313
 2     0.974    -0.229    -0.008
 2     0.228     0.972     0.053
 2    -0.003    -0.055     0.998
 3   122.233    -3.759    -1.356
 3     0.620     0.128    -0.775
 3    -0.315     0.944    -0.097
 3     0.719     0.304     0.625
 4   103.925     7.619    -4.229
 4     0.543    -0.415     0.730
 4     0.727     0.666    -0.163
 4    -0.419     0.619     0.663
 5   121.067    20.929     8.890
 5     0.787    -0.096     0.610
 5     0.435    -0.615    -0.657
 5     0.437     0.783    -0.443
 6   140.782    23.411    10.687
 6     0.928    -0.119    -0.353
 6     0.090     0.991    -0.098
 6     0.361     0.059     0.930
 7   100.967   -14.581     0.701
 7     0.075     0.285     0.956
 7    -0.397     0.887    -0.233
 7    -0.915    -0.362     0.180
 8   105.904   -24.382   -14.488
 8     0.133    -0.906     0.402
 8    -0.171     0.378     0.909
 8    -0.976    -0.190    -0.105
 9   103.184   -21.959   -38.578
 9     0.112     0.496     0.861
 9    -0.127     0.866    -0.482
 9    -0.985    -0.056     0.160
 2    98.662   -22.670    59.313
 2     0.974    -0.229    -0.008
 2     0.228     0.972     0.053
 2    -0.003    -0.055     0.998
 3   122.292    -3.658    -1.268
 3     0.613     0.128    -0.781
 3    -0.321     0.942    -0.098
 3     0.722     0.310     0.617
 4   104.065     7.752    -4.195
 4     0.545    -0.419     0.726
 4     0.730     0.663    -0.165
 4    -0.413     0.620     0.667
 5   121.091    20.989     9.091
 5     0.783    -0.103     0.614
 5     0.433    -0.619    -0.655
 5     0.446     0.779    -0.440
 6   140.703    23.470    11.187
 6     0.924    -0.121    -0.362
 6     0.089     0.990    -0.106
 6     0.371     0.065     0.926
 7   101.059   -14.559     0.716
 7     0.074     0.284     0.956
 7    -0.393     0.889    -0.233
 7    -0.917    -0.358     0.177
 8   105.884   -24.260   -14.508
 8     0.132    -0.906     0.401
 8    -0.166     0.378     0.910
 8    -0.977    -0.187    -0.100
 9   103.164   -21.732   -38.624
 9     0.111     0.494     0.862
 9    -0.122     0.867    -0.481
 9    -0.986    -0.053     0.156
 2    98.662   -22.620    59.313
 2     0.974    -0.229    -0.008
 2     0.228     0.972     0.053
 2    -0.003    -0.055     0.998
 3   122.289    -3.636    -1.194
 3     0.610     0.127    -0.783
 3    -0.327     0.939    -0.103
 3     0.722     0.319     0.613
 4   104.159     7.887    -4.193
 4     0.547    -0.423     0.723
 4     0.733     0.658    -0.169
 4    -0.405     0.622     0.670
 5   121.033    20.953     9.450
 5     0.777    -0.115     0.619
 5     0.427    -0.625    -0.652
 5     0.461     0.772    -0.438
 6   140.657    23.428    11.759
 6     0.919    -0.121    -0.374
 6     0.085     0.990    -0.112
 6     0.383     0.070     0.921
 7   101.052   -14.462     0.731
 7     0.073     0.281     0.957
 7    -0.388     0.891    -0.232
 7    -0.919    -0.355     0.174
 8   105.700   -23.991   -14.577
 8     0.125    -0.906     0.405
 8    -0.160     0.384     0.909
 8    -0.979    -0.178    -0.097
 9   102.766   -21.376   -38.657
 9     0.101     0.502     0.859
 9    -0.121     0.863    -0.490
 9    -0.988    -0.055     0.147
 2    98.665   -22.619    59.310
 2     0.974    -0.229    -0.009
 2     0.228     0.972     0.053
 2    -0.002    -0.055     0.998
 3   122.229    -3.542    -1.136
 3     0.607     0.129    -0.785
 3    -0.335     0.936    -0.107
 3     0.720     0.328     0.610
 4   104.168     7.943    -4.155
 4     0.547    -0.425     0.721
 4     0.734     0.656    -0.171
 4    -0.401     0.623     0.671
 5   120.935    21.014     9.648
 5     0.773    -0.123     0.623
 5     0.425    -0.629    -0.651
 5     0.471     0.768    -0.434
 6   140.628    23.332    12.187
 6     0.916    -0.120    -0.383
 6     0.081     0.990    -0.118
 6     0.392     0.076     0.916
 7   100.999   -14.344     0.816
 7     0.066     0.280     0.958
 7    -0.382     0.894    -0.235
 7    -0.922    -0.350     0.166
 8   105.603   -23.797   -14.627
 8     0.119    -0.906     0.406
 8    -0.151     0.388     0.909
 8    -0.981    -0.169    -0.091
 9   102.636   -20.969   -38.688
 9     0.099     0.507     0.856
 9    -0.117     0.860    -0.496
 9    -0.988    -0.053     0.144
 2    98.665   -22.670    59.311
 2     0.974    -0.229    -0.009
 2     0.228     0.972     0.053
 2    -0.002    -0.056     0.998
 3   122.221    -3.494    -1.026
 3     0.608     0.127    -0.785
 3    -0.338     0.934    -0.111
 3     0.718     0.333     0.610
 4   104.176     8.049    -4.066
 4     0.546    -0.428     0.720
 4     0.738     0.652    -0.172
 4    -0.397     0.625     0.671
 5   120.847    20.967     9.761
 5     0.772    -0.126     0.624
 5     0.422    -0.632    -0.649
 5     0.475     0.765    -0.435
 6   140.518    23.492    12.566
 6     0.913    -0.126    -0.389
 6     0.083     0.988    -0.127
 6     0.400     0.083     0.912
 7   101.070   -14.365     0.659
 7     0.080     0.282     0.956
 7    -0.378     0.896    -0.233
 7    -0.922    -0.343     0.178
 8   106.302   -23.603   -14.885
 8     0.155    -0.904     0.398
 8    -0.144     0.378     0.914
 8    -0.977    -0.199    -0.071
 9   104.770   -20.702   -38.873
 9     0.153     0.506     0.849
 9    -0.115     0.862    -0.493
 9    -0.981    -0.024     0.190
 2    98.665   -22.669    59.311
 2     0.973    -0.229    -0.009
 2     0.228     0.972     0.053
 2    -0.002    -0.056     0.998
 3   122.254    -3.313    -0.887
 3     0.619     0.110    -0.778
 3    -0.327     0.936    -0.129
 3     0.714     0.334     0.615
 4   104.166     8.184    -4.011
 4     0.545    -0.433     0.718
 4     0.742     0.647    -0.174
 4    -0.390     0.627     0.673
 5   120.743    20.975     9.986
 5     0.769    -0.131     0.627
 5     0.419    -0.638    -0.645
 5     0.483     0.758    -0.437
 6   140.380    23.496    12.976
 6     0.910    -0.129    -0.394
 6     0.081     0.987    -0.137
 6     0.406     0.092     0.909
 7   101.170   -14.479     0.305
 7     0.125     0.306     0.943
 7    -0.397     0.887    -0.235
 7    -0.909    -0.345     0.232
 8   109.564   -24.023   -14.871
 8     0.314    -0.890     0.332
