% Calibrated with leiden_pols
% Positions are in centimeters
Data =[
 2    98.660   -22.671    59.316
 2     0.974    -0.229    -0.008
 2     0.228     0.972     0.053
 2    -0.004    -0.055     0.998
 3   126.398    -2.908     1.851
 3     0.544     0.039    -0.838
 3    -0.134     0.990    -0.041
 3     0.828     0.134     0.544
 4   112.242    12.979    -1.858
 4     0.566    -0.706     0.427
 4     0.813     0.392    -0.429
 4     0.136     0.589     0.796
 5   115.830    19.753    19.630
 5     0.202    -0.415     0.887
 5     0.182    -0.874    -0.449
 5     0.962     0.251    -0.100
 6   126.734    23.224    37.941
 6     0.213    -0.340    -0.916
 6     0.080     0.940    -0.330
 6     0.974    -0.005     0.227
 7   114.491   -20.960    -0.818
 7     0.677     0.648     0.350
 7    -0.726     0.510     0.460
 7     0.120    -0.566     0.815
 8   119.956   -25.776    20.199
 8     0.313     0.508     0.803
 8    -0.154    -0.807     0.569
 8     0.937    -0.301    -0.173
 9   130.045   -29.532    39.032
 9     0.232     0.542    -0.809
 9    -0.074     0.837     0.539
 9     0.970    -0.063     0.232
 2    98.665   -22.670    59.311
 2     0.974    -0.229    -0.009
 2     0.228     0.972     0.053
 2    -0.002    -0.056     0.998
 3   126.361    -2.910     1.614
 3     0.549     0.039    -0.835
 3    -0.131     0.990    -0.040
 3     0.825     0.131     0.548
 4   112.171    12.972    -2.066
 4     0.565    -0.703     0.433
 4     0.815     0.394    -0.425
 4     0.128     0.592     0.795
 5   115.882    19.805    19.469
 5     0.198    -0.428     0.882
 5     0.187    -0.867    -0.462
 5     0.962     0.255    -0.091
 6   126.789    23.121    37.715
 6     0.213    -0.325    -0.922
 6     0.079     0.946    -0.314
 6     0.974    -0.007     0.227
 7   114.383   -21.014    -0.882
 7     0.678     0.645     0.354
 7    -0.726     0.511     0.460
 7     0.116    -0.568     0.814
 8   120.009   -25.768    20.121
 8     0.316     0.508     0.802
 8    -0.149    -0.808     0.570
 8     0.937    -0.299    -0.179
 9   130.107   -29.481    38.914
 9     0.233     0.530    -0.817
 9    -0.072     0.846     0.526
 9     0.969    -0.062     0.234
 2    98.711   -22.671    59.265
 2     0.974    -0.229    -0.008
 2     0.228     0.972     0.053
 2    -0.004    -0.055     0.998
 3   126.254    -3.063     1.396
 3     0.553     0.041    -0.833
 3    -0.129     0.991    -0.037
 3     0.823     0.128     0.553
 4   112.028    12.863    -2.171
 4     0.567    -0.699     0.438
 4     0.815     0.397    -0.421
 4     0.120     0.594     0.794
 5   115.883    19.804    19.374
 5     0.198    -0.432     0.880
 5     0.189    -0.864    -0.466
 5     0.962     0.257    -0.088
 6   126.834    23.041    37.605
 6     0.216    -0.308    -0.927
 6     0.079     0.951    -0.297
 6     0.973    -0.010     0.229
 7   114.202   -21.143    -0.970
 7     0.677     0.642     0.361
 7    -0.727     0.509     0.460
 7     0.112    -0.574     0.811
 8   119.933   -25.815    20.129
 8     0.321     0.500     0.805
 8    -0.147    -0.813     0.562
 8     0.936    -0.298    -0.186
 9   130.107   -29.428    38.915
 9     0.237     0.527    -0.818
 9    -0.072     0.847     0.525
 9     0.969    -0.064     0.237
 2    98.665   -22.619    59.311
 2     0.973    -0.229    -0.009
 2     0.228     0.972     0.053
 2    -0.002    -0.056     0.998
 3   126.200    -3.064     1.351
 3     0.555     0.042    -0.831
 3    -0.129     0.991    -0.036
 3     0.822     0.127     0.554
 4   111.974    12.810    -2.114
 4     0.568    -0.698     0.438
 4     0.814     0.399    -0.420
 4     0.118     0.594     0.795
 5   115.832    19.831    19.375
 5     0.196    -0.434     0.880
 5     0.190    -0.863    -0.467
 5     0.962     0.257    -0.087
 6   126.910    22.989    37.606
 6     0.216    -0.304    -0.928
 6     0.078     0.952    -0.294
 6     0.973    -0.010     0.229
 7   114.129   -21.144    -0.866
 7     0.675     0.642     0.364
 7    -0.729     0.506     0.461
 7     0.112    -0.576     0.809
 8   119.881   -25.816    20.215
 8     0.322     0.493     0.809
 8    -0.149    -0.817     0.556
 8     0.935    -0.298    -0.189
 9   130.092   -29.482    38.968
 9     0.242     0.535    -0.812
 9    -0.072     0.842     0.532
 9     0.967    -0.069     0.240
 2    98.713   -22.620    59.313
 2     0.974    -0.229    -0.009
 2     0.228     0.972     0.053
 2    -0.003    -0.055     0.998
 3   126.196    -3.091     1.407
 3     0.556     0.043    -0.831
 3    -0.130     0.991    -0.036
 3     0.821     0.128     0.555
 4   111.974    12.810    -2.115
 4     0.569    -0.697     0.438
 4     0.814     0.400    -0.420
 4     0.118     0.595     0.794
 5   115.891    19.836    19.423
 5     0.190    -0.434     0.881
 5     0.190    -0.864    -0.466
 5     0.963     0.254    -0.081
 6   126.885    22.990    37.657
 6     0.216    -0.303    -0.928
 6     0.079     0.953    -0.292
 6     0.973    -0.011     0.229
 7   114.033   -21.145    -0.740
 7     0.672     0.644     0.366
 7    -0.732     0.501     0.461
 7     0.113    -0.578     0.808
 8   119.755   -25.769    20.369
 8     0.321     0.490     0.812
 8    -0.152    -0.819     0.552
 8     0.935    -0.300    -0.188
 9   130.019   -29.531    39.123
 9     0.244     0.542    -0.806
 9    -0.071     0.837     0.540
 9     0.967    -0.073     0.242
 2    98.711   -22.671    59.265
 2     0.974    -0.229    -0.008
 2     0.228     0.972     0.053
 2    -0.004    -0.055     0.998
 3   126.196    -3.093     1.509
 3     0.555     0.044    -0.831
 3    -0.133     0.990    -0.037
 3     0.821     0.131     0.555
 4   111.980    12.811    -2.043
 4     0.571    -0.697     0.435
 4     0.812     0.401    -0.423
 4     0.120     0.594     0.795
 5   115.891    19.836    19.474
 5     0.189    -0.435     0.881
 5     0.190    -0.864    -0.467
 5     0.963     0.253    -0.080
 6   126.887    22.990    37.685
 6     0.216    -0.300    -0.930
 6     0.080     0.954    -0.288
 6     0.973    -0.013     0.229
 7   114.014   -21.145    -0.668
 7     0.669     0.646     0.368
 7    -0.734     0.498     0.461
 7     0.115    -0.579     0.807
 8   119.648   -25.772    20.455
 8     0.322     0.489     0.812
 8    -0.154    -0.819     0.552
 8     0.934    -0.301    -0.187
 9   129.961   -29.533    39.187
 9     0.246     0.544    -0.804
 9    -0.071     0.835     0.543
 9     0.966    -0.075     0.242
 2    98.713   -22.620    59.313
 2     0.974    -0.229    -0.008
 2     0.228     0.972     0.053
 2    -0.003    -0.055     0.998
 3   126.065    -3.096     1.691
 3     0.555     0.043    -0.831
 3    -0.136     0.990    -0.040
 3     0.820     0.135     0.555
 4   111.987    12.864    -1.924
 4     0.572    -0.697     0.434
 4     0.811     0.401    -0.425
 4     0.123     0.594     0.794
 5   115.901    19.811    19.578
 5     0.192    -0.432     0.882
 5     0.184    -0.867    -0.464
 5     0.964     0.250    -0.087
 6   126.961    22.991    37.787
 6     0.216    -0.298    -0.930
 6     0.080     0.954    -0.286
 6     0.973    -0.013     0.229
 7   113.967   -21.144    -0.568
 7     0.668     0.646     0.369
 7    -0.735     0.496     0.462
 7     0.116    -0.580     0.806
 8   119.597   -25.775    20.558
 8     0.322     0.488     0.812
 8    -0.157    -0.818     0.552
 8     0.934    -0.303    -0.186
 9   129.912   -29.482    39.264
 9     0.247     0.547    -0.802
 9    -0.071     0.833     0.546
 9     0.966    -0.076     0.243
 2    98.713   -22.670    59.262
 2     0.974    -0.229    -0.008
 2     0.228     0.972     0.053
 2    -0.003    -0.055     0.998
 3   126.122    -3.094     1.806
 3     0.553     0.040    -0.833
 3    -0.137     0.990    -0.043
 3     0.822     0.138     0.552
 4   112.045    12.815    -1.830
 4     0.572    -0.699     0.430
 4     0.810     0.400    -0.427
 4     0.126     0.592     0.795
 5   115.951    19.836    19.682
 5     0.193    -0.432     0.881
 5     0.185    -0.866    -0.464
 5     0.964     0.251    -0.086
