% Calibrated with leiden_pols
% Positions are in centimeters
Data =[
 2    98.712   -22.670    59.313
 2     0.974    -0.229    -0.008
 2     0.228     0.972     0.053
 2    -0.003    -0.055     0.998
 3   125.168    -2.404     2.271
 3     0.591    -0.138    -0.796
 3    -0.198     0.931    -0.307
 3     0.782     0.338     0.522
 4   110.492    12.356    -1.794
 4     0.712    -0.540     0.449
 4     0.700     0.585    -0.408
 4    -0.042     0.605     0.794
 5   126.130    16.222    18.153
 5     0.759    -0.607     0.238
 5    -0.151    -0.519    -0.841
 5     0.634     0.602    -0.485
 6   134.682    -2.316    14.731
 6     0.128     0.814    -0.567
 6    -0.965    -0.029    -0.259
 6    -0.228     0.580     0.781
 7   113.427   -19.706    -1.614
 7     0.822     0.416     0.390
 7    -0.562     0.699     0.441
 7    -0.089    -0.582     0.808
 8   131.375   -21.392    15.503
 8     0.779     0.617    -0.115
 8     0.135     0.010     0.990
 8     0.612    -0.787    -0.075
 9   138.913    -0.738    22.189
 9     0.155    -0.175    -0.973
 9     0.971     0.203     0.117
 9     0.179    -0.964     0.200
 2    98.665   -22.670    59.311
 2     0.974    -0.229    -0.009
 2     0.228     0.972     0.053
 2    -0.002    -0.056     0.998
 3   125.033    -2.615     2.150
 3     0.576    -0.167    -0.800
 3    -0.192     0.924    -0.330
 3     0.794     0.343     0.501
 4   110.651    12.011    -1.986
 4     0.751    -0.488     0.447
 4     0.654     0.643    -0.398
 4    -0.094     0.590     0.801
 5   127.408    15.323    17.136
 5     0.780    -0.617     0.105
 5    -0.204    -0.411    -0.889
 5     0.591     0.671    -0.446
 6   134.924    -3.863    13.517
 6     0.074     0.814    -0.576
 6    -0.976    -0.058    -0.208
 6    -0.203     0.577     0.791
 7   113.377   -19.643    -1.735
 7     0.828     0.397     0.396
 7    -0.550     0.713     0.435
 7    -0.110    -0.578     0.808
 8   131.670   -21.588    14.902
 8     0.788     0.599    -0.143
 8     0.129     0.063     0.989
 8     0.601    -0.798    -0.027
 9   138.768    -0.737    22.302
 9     0.120    -0.111    -0.987
 9     0.979     0.174     0.099
 9     0.163    -0.978     0.129
 2    98.665   -22.619    59.311
 2     0.973    -0.229    -0.009
 2     0.228     0.972     0.053
 2    -0.002    -0.056     0.998
 3   125.080    -2.719     2.326
 3     0.575    -0.169    -0.801
 3    -0.197     0.922    -0.334
 3     0.794     0.349     0.496
 4   111.156    12.253    -1.784
 4     0.754    -0.514     0.411
 4     0.656     0.610    -0.443
 4    -0.023     0.603     0.797
 5   127.320    15.441    18.064
 5     0.757    -0.637     0.149
 5    -0.198    -0.440    -0.876
 5     0.623     0.633    -0.459
 6   134.774    -3.593    14.791
 6     0.086     0.803    -0.590
 6    -0.966    -0.078    -0.245
 6    -0.243     0.591     0.769
 7   113.643   -19.807    -1.506
 7     0.825     0.410     0.389
 7    -0.557     0.703     0.442
 7    -0.092    -0.581     0.808
 8   131.541   -21.614    15.807
 8     0.769     0.624    -0.140
 8     0.136     0.050     0.989
 8     0.624    -0.780    -0.046
 9   138.701    -0.928    23.252
 9     0.143    -0.078    -0.987
 9     0.979     0.155     0.129
 9     0.145    -0.985     0.097
 2    98.665   -22.618    59.311
 2     0.973    -0.230    -0.009
 2     0.229     0.972     0.053
 2    -0.002    -0.056     0.998
 3   125.075    -2.631     2.496
 3     0.583    -0.155    -0.798
 3    -0.205     0.922    -0.328
 3     0.786     0.354     0.505
 4   111.141    12.453    -1.577
 4     0.756    -0.524     0.393
 4     0.654     0.602    -0.457
 4     0.003     0.602     0.797
 5   127.402    15.442    18.314
 5     0.754    -0.641     0.145
 5    -0.200    -0.435    -0.878
 5     0.625     0.633    -0.456
 6   134.527    -3.837    14.948
 6     0.058     0.809    -0.586
 6    -0.968    -0.099    -0.232
 6    -0.246     0.580     0.776
 7   113.266   -19.758    -1.344
 7     0.815     0.427     0.393
 7    -0.574     0.691     0.439
 7    -0.084    -0.583     0.808
 8   130.881   -21.732    16.191
 8     0.764     0.636    -0.109
 8     0.132     0.007     0.991
 8     0.631    -0.771    -0.078
 9   138.532    -1.171    23.211
 9     0.170    -0.084    -0.982
 9     0.976     0.145     0.156
 9     0.132    -0.986     0.105
 2    98.665   -22.670    59.311
 2     0.974    -0.229    -0.009
 2     0.228     0.972     0.053
 2    -0.002    -0.056     0.998
 3   125.042    -2.559     2.481
 3     0.584    -0.152    -0.797
 3    -0.208     0.922    -0.328
 3     0.784     0.357     0.507
 4   111.052    12.559    -1.514
 4     0.756    -0.526     0.390
 4     0.654     0.600    -0.460
 4     0.008     0.602     0.798
 5   127.379    15.443    18.460
 5     0.753    -0.642     0.148
 5    -0.201    -0.438    -0.876
 5     0.626     0.629    -0.459
 6   134.470    -3.790    14.957
 6     0.058     0.808    -0.586
 6    -0.967    -0.101    -0.235
 6    -0.249     0.579     0.776
 7   113.215   -19.707    -1.345
 7     0.815     0.427     0.391
 7    -0.573     0.693     0.438
 7    -0.084    -0.581     0.809
 8   130.905   -21.732    16.191
 8     0.764     0.635    -0.110
 8     0.132     0.010     0.991
 8     0.631    -0.772    -0.076
 9   138.515    -1.142    23.247
 9     0.166    -0.085    -0.983
 9     0.976     0.150     0.151
 9     0.137    -0.985     0.107
 2    98.665   -22.669    59.311
 2     0.973    -0.229    -0.009
 2     0.228     0.972     0.053
 2    -0.002    -0.056     0.998
 3   124.988    -2.561     2.510
 3     0.585    -0.153    -0.797
 3    -0.209     0.921    -0.329
 3     0.783     0.359     0.507
 4   111.007    12.611    -1.468
 4     0.756    -0.528     0.388
 4     0.654     0.599    -0.460
 4     0.010     0.601     0.798
 5   127.233    15.447    18.525
 5     0.752    -0.641     0.154
 5    -0.200    -0.445    -0.873
 5     0.628     0.625    -0.463
 6   134.411    -3.741    15.013
 6     0.061     0.807    -0.588
 6    -0.966    -0.100    -0.238
 6    -0.252     0.582     0.773
 7   113.215   -19.656    -1.397
 7     0.816     0.425     0.391
 7    -0.571     0.693     0.439
 7    -0.084    -0.581     0.809
 8   130.904   -21.682    16.140
 8     0.764     0.635    -0.111
 8     0.132     0.012     0.991
 8     0.631    -0.772    -0.074
 9   138.517    -1.141    23.244
 9     0.165    -0.086    -0.983
 9     0.976     0.151     0.150
 9     0.138    -0.985     0.107
 2    98.712   -22.670    59.313
 2     0.974    -0.229    -0.009
 2     0.228     0.972     0.053
 2    -0.003    -0.055     0.998
 3   124.988    -2.561     2.510
 3     0.585    -0.154    -0.797
 3    -0.209     0.920    -0.330
 3     0.783     0.359     0.506
 4   111.007    12.561    -1.519
 4     0.755    -0.530     0.388
 4     0.655     0.599    -0.459
 4     0.010     0.600     0.799
 5   127.236    15.499    18.571
 5     0.751    -0.641     0.156
 5    -0.200    -0.446    -0.872
 5     0.629     0.624    -0.464
 6   134.411    -3.690    15.012
 6     0.062     0.806    -0.589
 6    -0.966    -0.100    -0.239
 6    -0.252     0.583     0.772
 7   113.217   -19.705    -1.400
 7     0.817     0.426     0.390
 7    -0.571     0.693     0.440
 7    -0.083    -0.581     0.809
 8   130.904   -21.682    16.191
 8     0.764     0.635    -0.112
 8     0.132     0.012     0.991
 8     0.631    -0.772    -0.074
 9   138.516    -1.141    23.244
 9     0.165    -0.088    -0.983
 9     0.976     0.152     0.150
 9     0.138    -0.985     0.109
 2    98.710   -22.621    59.316
 2     0.974    -0.229    -0.007
 2     0.228     0.972     0.053
 2    -0.004    -0.055     0.998
 3   125.063    -2.508     2.485
 3     0.587    -0.153    -0.796
 3    -0.207     0.921    -0.329
 3     0.783     0.357     0.509
 4   111.046    12.558    -1.560
 4     0.754    -0.528     0.393
 4     0.657     0.599    -0.458
 4     0.006     0.602     0.797
 5   127.238    15.500    18.515
 5     0.750    -0.642     0.156
 5    -0.201    -0.447    -0.872
 5     0.630     0.622    -0.465
 6   134.409    -3.689    14.959
 6     0.064     0.804    -0.592
 6    -0.966    -0.100    -0.239
 6    -0.252     0.586     0.770
 7   113.217   -19.705    -1.400
 7     0.816     0.426     0.390
 7    -0.571     0.693     0.439
 7    -0.083    -0.581     0.809
 8   130.906   -21.630    16.140
 8     0.764     0.636    -0.110
 8     0.133     0.008     0.991
 8     0.631    -0.771    -0.078
 9   138.528    -1.146    23.074
 9     0.168    -0.102    -0.981
 9     0.976     0.151     0.151
 9     0.134    -0.983     0.124
 2    98.662   -22.620    59.313
 2     0.973    -0.229    -0.008
 2     0.228     0.972     0.053
 2    -0.003    -0.055     0.998
 3   125.061    -2.509     2.390
 3     0.588    -0.150    -0.796
 3    -0.206     0.923    -0.325
 3     0.782     0.354     0.511
 4   111.030    12.606    -1.551
 4     0.751    -0.525     0.402
 4     0.661     0.594    -0.458
 4     0.001     0.609     0.792
 5   127.238    15.549    18.490
 5     0.750    -0.643     0.156
 5    -0.203    -0.448    -0.871
 5     0.630     0.621    -0.466
 6   134.507    -3.688    14.905
 6     0.067     0.803    -0.593
 6    -0.965    -0.098    -0.241
 6    -0.252     0.588     0.768
 7   113.367   -19.705    -1.476
 7     0.816     0.426     0.390
 7    -0.571     0.692     0.440
 7    -0.083    -0.582     0.808
 8   130.967   -21.625    16.180
 8     0.761     0.640    -0.107
 8     0.135     0.002     0.990
 8     0.634    -0.768    -0.085
 9   138.574    -1.147    23.025
 9     0.170    -0.108    -0.980
 9     0.976     0.150     0.152
 9     0.133    -0.983     0.129
 2    98.710   -22.621    59.316
 2     0.974    -0.229    -0.008
 2     0.228     0.972     0.053
 2    -0.004    -0.055     0.998
 3   125.158    -2.509     2.345
 3     0.590    -0.148    -0.795
 3    -0.204     0.924    -0.323
 3     0.781     0.352     0.514
 4   111.080    12.606    -1.551
 4     0.750    -0.525     0.403
 4     0.661     0.593    -0.459
 4     0.001     0.610     0.792
 5   127.291    15.551    18.433
 5     0.748    -0.645     0.158
 5    -0.204    -0.450    -0.869
 5     0.631     0.618    -0.468
 6   134.531    -3.662    14.903
 6     0.068     0.801    -0.595
 6    -0.965    -0.098    -0.242
 6    -0.252     0.590     0.766
 7   113.393   -19.705    -1.475
 7     0.816     0.426     0.391
 7    -0.572     0.692     0.441
 7    -0.083    -0.583     0.808
 8   130.971   -21.623    16.176
 8     0.760     0.641    -0.107
 8     0.137    -0.001     0.990
 8     0.635    -0.767    -0.088
 9   138.620    -1.149    22.980
 9     0.172    -0.110    -0.979
 9     0.976     0.149     0.154
 9     0.131    -0.983     0.132
 2    98.710   -22.621    59.316
 2     0.974    -0.229    -0.008
 2     0.228     0.972     0.053
 2    -0.004    -0.055     0.998
 3   125.151    -2.511     2.280
 3     0.592    -0.145    -0.794
 3    -0.204     0.925    -0.320
 3     0.779     0.351     0.517
 4   111.126    12.606    -1.575
 4     0.750    -0.524     0.405
 4     0.662     0.593    -0.459
 4    -0.000     0.611     0.791
 5   127.294    15.551    18.429
 5     0.747    -0.646     0.157
 5    -0.205    -0.450    -0.869
 5     0.632     0.617    -0.469
 6   134.570    -3.665    14.785
 6     0.071     0.799    -0.597
 6    -0.964    -0.099    -0.246
 6    -0.256     0.593     0.763
 7   113.398   -19.754    -1.455
 7     0.815     0.427     0.391
 7    -0.573     0.690     0.442
 7    -0.081    -0.584     0.807
 8   130.715   -21.662    16.363
 8     0.755     0.652    -0.067
 8     0.136    -0.058     0.989
 8     0.641    -0.756    -0.133
 9   138.922    -1.480    22.632
 9     0.209    -0.144    -0.968
 9     0.971     0.138     0.189
 9     0.108    -0.980     0.167
 2    98.662   -22.670    59.313
 2     0.974    -0.229    -0.008
 2     0.228     0.972     0.053
 2    -0.003    -0.055     0.998
 3   125.168    -2.556     2.303
 3     0.586    -0.153    -0.797
 3    -0.204     0.923    -0.326
 3     0.784     0.353     0.509
 4   110.929    12.542    -1.626
 4     0.741    -0.522     0.423
 4     0.671     0.594    -0.444
 4    -0.019     0.612     0.790
 5   126.459    15.389    18.600
 5     0.745    -0.632     0.211
 5    -0.203    -0.517    -0.832
 5     0.635     0.577    -0.514
 6   135.138    -2.537    14.419
 6     0.167     0.769    -0.618
 6    -0.926    -0.094    -0.365
 6    -0.340     0.632     0.696
 7   113.246   -19.803    -1.370
 7     0.808     0.438     0.395
 7    -0.584     0.679     0.445
 7    -0.073    -0.590     0.804
 8   129.787   -21.391    17.348
 8     0.737     0.676     0.031
 8     0.149    -0.209     0.966
 8     0.659    -0.707    -0.255
 9   140.089    -3.072    21.101
 9     0.363    -0.172    -0.917
 9     0.931     0.039     0.360
 9    -0.023    -0.984     0.172
 2    98.715   -22.619    59.311
 2     0.973    -0.229    -0.009
 2     0.228     0.972     0.053
 2    -0.002    -0.056     0.998
 3   125.083    -2.554     2.359
 3     0.580    -0.154    -0.801
 3    -0.206     0.922    -0.326
 3     0.788     0.354     0.502
 4   110.822    12.560    -1.539
 4     0.724    -0.541     0.430
 4     0.689     0.572    -0.443
 4    -0.007     0.616     0.787
 5   125.411    14.836    19.218
 5     0.745    -0.594     0.305
 5    -0.193    -0.628    -0.753
 5     0.638     0.502    -0.583
 6   135.808    -0.038    14.014
 6     0.311     0.769    -0.561
 6    -0.837    -0.059    -0.542
 6    -0.451     0.636     0.625
 7   113.334   -19.819    -1.354
 7     0.802     0.447     0.396
 7    -0.594     0.663     0.455
 7    -0.059    -0.600     0.797
 8   128.537   -21.083    18.558
 8     0.714     0.674     0.189
 8     0.150    -0.411     0.899
 8     0.684    -0.613    -0.395
 9   141.899    -6.251    21.528
 9     0.580    -0.063    -0.813
 9     0.800    -0.144     0.581
 9    -0.151    -0.988    -0.034
 2    98.712   -22.620    59.313
 2     0.973    -0.230    -0.008
 2     0.228     0.972     0.053
 2    -0.003    -0.055     0.998
 3   125.111    -2.398     2.513
 3     0.570    -0.146    -0.808
 3    -0.208     0.927    -0.312
 3     0.794     0.345     0.499
 4   110.818    12.769    -1.571
 4     0.707    -0.561     0.433
 4     0.707     0.542    -0.454
 4     0.019     0.626     0.779
 5   124.677    14.422    19.697
 5     0.736    -0.552     0.393
 5    -0.183    -0.720    -0.669
 5     0.652     0.421    -0.630
 6   136.392     2.542    14.187
 6     0.435     0.762    -0.482
 6    -0.730    -0.013    -0.681
 6    -0.526     0.647     0.552
 7   113.488   -19.786    -1.385
 7     0.797     0.458     0.394
 7    -0.602     0.653     0.459
 7    -0.047    -0.603     0.796
 8   127.853   -20.641    19.289
 8     0.702     0.655     0.280
 8     0.163    -0.530     0.832
 8     0.693    -0.538    -0.479
 9   142.893    -9.359    21.073
 9     0.723    -0.102    -0.685
 9     0.633    -0.299     0.712
 9    -0.275    -0.949    -0.154
 2    98.713   -22.620    59.263
 2     0.973    -0.230    -0.008
 2     0.228     0.972     0.054
 2    -0.003    -0.056     0.998
 3   125.113    -2.390     2.587
 3     0.564    -0.143    -0.813
 3    -0.205     0.930    -0.304
 3     0.800     0.337     0.496
 4   110.838    12.878    -1.655
 4     0.686    -0.582     0.439
 4     0.726     0.509    -0.462
 4     0.045     0.635     0.770
 5   123.813    14.468    20.288
 5     0.730    -0.492     0.475
 5    -0.160    -0.798    -0.579
 5     0.664     0.347    -0.662
 6   136.502     5.146    14.511
 6     0.540     0.750    -0.387
 6    -0.615     0.039    -0.786
 6    -0.575     0.660     0.483
 7   113.796   -19.801    -1.475
 7     0.794     0.467     0.389
 7    -0.606     0.644     0.466
 7    -0.033    -0.606     0.794
 8   127.295   -20.340    19.802
 8     0.696     0.626     0.351
 8     0.162    -0.613     0.773
 8     0.699    -0.482    -0.528
 9   143.046   -12.643    20.288
 9     0.801    -0.231    -0.556
 9     0.466    -0.343     0.813
 9    -0.375    -0.911    -0.170
 2    98.662   -22.619    59.313
 2     0.973    -0.230    -0.008
 2     0.229     0.971     0.054
 2    -0.003    -0.056     0.998
 3   125.123    -2.184     2.656
 3     0.562    -0.137    -0.816
 3    -0.202     0.934    -0.295
 3     0.802     0.330     0.496
 4   110.830    13.109    -1.599
 4     0.667    -0.600     0.443
 4     0.742     0.480    -0.468
 4     0.068     0.639     0.765
 5   123.408    14.419    20.504
 5     0.730    -0.443     0.522
 5    -0.144    -0.845    -0.514
 5     0.668     0.301    -0.681
 6   136.725     7.708    14.980
 6     0.619     0.723    -0.313
 6    -0.495     0.051    -0.866
 6    -0.610     0.689     0.389
 7   113.942   -19.718    -1.554
 7     0.792     0.475     0.385
 7    -0.610     0.638     0.469
 7    -0.023    -0.606     0.795
 8   127.085   -20.158    20.046
 8     0.700     0.602     0.384
 8     0.157    -0.654     0.739
 8     0.696    -0.458    -0.552
 9   142.745   -15.554    18.854
 9     0.828    -0.384    -0.414
 9     0.314    -0.290     0.902
 9    -0.463    -0.877    -0.123
 2    98.662   -22.619    59.313
 2     0.973    -0.230    -0.008
 2     0.229     0.971     0.054
 2    -0.003    -0.056     0.998
 3   125.126    -2.031     2.762
 3     0.562    -0.131    -0.817
 3    -0.200     0.937    -0.286
 3     0.802     0.324     0.501
 4   110.817    13.207    -1.606
 4     0.654    -0.614     0.443
 4     0.752     0.459    -0.473
 4     0.087     0.642     0.761
 5   122.945    14.272    20.684
 5     0.725    -0.398     0.563
 5    -0.129    -0.880    -0.455
 5     0.676     0.258    -0.690
 6   137.231    10.675    15.873
 6     0.721     0.650    -0.246
 6    -0.341     0.028    -0.939
 6    -0.603     0.759     0.242
 7   114.018   -19.611    -1.584
 7     0.786     0.487     0.382
 7    -0.618     0.630     0.470
 7    -0.012    -0.605     0.796
 8   126.803   -19.980    20.271
 8     0.707     0.566     0.424
 8     0.143    -0.702     0.697
 8     0.692    -0.433    -0.578
 9   142.194   -18.731    18.363
 9     0.854    -0.471    -0.225
 9     0.149    -0.186     0.970
 9    -0.497    -0.862    -0.092
 2    98.662   -22.620    59.313
 2     0.973    -0.229    -0.008
 2     0.228     0.972     0.053
 2    -0.003    -0.055     0.998
 3   125.132    -1.903     2.819
 3     0.565    -0.120    -0.817
 3    -0.196     0.942    -0.273
 3     0.802     0.313     0.508
 4   110.716    13.326    -1.694
 4     0.636    -0.633     0.444
 4     0.765     0.441    -0.468
 4     0.100     0.636     0.764
 5   122.565    14.204    20.807
 5     0.718    -0.353     0.602
 5    -0.112    -0.910    -0.397
 5     0.686     0.218    -0.693
 6   137.458    13.293    17.269
 6     0.803     0.573    -0.170
 6    -0.194    -0.013    -0.980
 6    -0.564     0.819     0.100
 7   114.233   -19.575    -1.639
 7     0.780     0.504     0.372
 7    -0.626     0.621     0.471
 7     0.007    -0.600     0.799
 8   126.456   -19.973    20.483
 8     0.707     0.520     0.481
 8     0.119    -0.755     0.643
 8     0.697    -0.398    -0.596
 9   141.586   -22.066    18.782
 9     0.867    -0.496    -0.060
 9    -0.020    -0.150     0.988
 9    -0.498    -0.856    -0.142
 2    98.662   -22.620    59.313
 2     0.974    -0.229    -0.008
 2     0.228     0.972     0.053
 2    -0.003    -0.055     0.998
 3   125.159    -1.771     2.771
 3     0.567    -0.118    -0.816
 3    -0.187     0.946    -0.266
 3     0.802     0.303     0.513
 4   110.693    13.420    -1.813
 4     0.622    -0.646     0.444
 4     0.775     0.424    -0.468
 4     0.114     0.635     0.764
 5   122.319    14.099    20.840
 5     0.717    -0.314     0.624
 5    -0.096    -0.929    -0.355
 5     0.690     0.195    -0.696
 6   137.222    14.975    17.771
 6     0.827     0.554    -0.096
 6    -0.111     0.000    -0.994
 6    -0.550     0.832     0.061
 7   114.385   -19.516    -1.807
 7     0.774     0.519     0.362
 7    -0.632     0.615     0.470
 7     0.021    -0.593     0.805
 8   126.141   -20.128    20.587
 8     0.710     0.466     0.528
 8     0.085    -0.801     0.592
 8     0.698    -0.376    -0.609
 9   140.527   -25.008    18.701
 9     0.843    -0.531     0.090
 9    -0.167    -0.096     0.981
 9    -0.511    -0.842    -0.170
 2    98.665   -22.670    59.311
 2     0.974    -0.229    -0.009
 2     0.228     0.972     0.053
 2    -0.002    -0.056     0.998
 3   125.161    -1.719     2.731
 3     0.570    -0.109    -0.816
 3    -0.182     0.950    -0.253
 3     0.801     0.292     0.521
 4   110.658    13.481    -1.837
 4     0.613    -0.653     0.446
 4     0.780     0.413    -0.469
 4     0.122     0.634     0.763
 5   122.172    14.165    20.858
 5     0.715    -0.287     0.639
 5    -0.086    -0.942    -0.323
 5     0.693     0.176    -0.698
 6   137.041    16.160    18.200
 6     0.841     0.540    -0.040
 6    -0.050     0.008    -0.999
 6    -0.539     0.841     0.033
 7   114.460   -19.460    -1.944
 7     0.768     0.533     0.355
 7    -0.639     0.610     0.469
 7     0.033    -0.587     0.809
 8   125.991   -20.156    20.541
 8     0.714     0.421     0.561
 8     0.058    -0.832     0.550
 8     0.698    -0.361    -0.619
 9   139.748   -26.964    18.702
 9     0.815    -0.548     0.191
 9    -0.267    -0.063     0.961
 9    -0.514    -0.834    -0.198
 2    98.665   -22.670    59.311
 2     0.974    -0.229    -0.009
 2     0.227     0.972     0.053
 2    -0.002    -0.055     0.998
 3   125.315    -1.639     2.685
 3     0.572    -0.102    -0.815
 3    -0.175     0.954    -0.242
 3     0.801     0.280     0.527
 4   110.723    13.542    -1.912
 4     0.604    -0.661     0.446
 4     0.786     0.402    -0.469
 4     0.130     0.633     0.762
 5   122.003    14.184    20.816
 5     0.713    -0.253     0.655
 5    -0.075    -0.955    -0.284
 5     0.697     0.153    -0.700
 6   136.726    17.550    18.602
 6     0.848     0.529     0.024
 6     0.021     0.014    -1.000
 6    -0.529     0.848     0.001
 7   114.443   -19.379    -2.115
 7     0.756     0.555     0.348
 7    -0.653     0.598     0.464
 7     0.049    -0.578     0.814
 8   125.516   -20.443    20.482
 8     0.712     0.344     0.613
 8     0.006    -0.875     0.483
 8     0.702    -0.341    -0.625
 9   138.344   -29.648    19.038
 9     0.773    -0.552     0.315
 9    -0.391    -0.024     0.919
 9    -0.499    -0.833    -0.234
 2    98.665   -22.669    59.311
 2     0.973    -0.229    -0.009
 2     0.228     0.972     0.053
 2    -0.002    -0.056     0.998
 3   125.347    -1.588     2.684
 3     0.570    -0.093    -0.817
 3    -0.176     0.957    -0.231
 3     0.802     0.275     0.528
 4   110.847    13.629    -1.893
 4     0.601    -0.666     0.443
 4     0.786     0.395    -0.474
 4     0.141     0.633     0.760
 5   121.893    14.073    20.899
 5     0.707    -0.234     0.669
 5    -0.074    -0.963    -0.255
 5     0.703     0.130    -0.698
 6   136.569    18.065    19.064
 6     0.856     0.515     0.050
 6     0.054     0.011    -0.999
 6    -0.514     0.857    -0.019
 7   114.536   -19.394    -2.223
 7     0.746     0.573     0.338
 7    -0.662     0.587     0.466
 7     0.069    -0.571     0.817
 8   125.316   -20.446    20.534
 8     0.711     0.299     0.637
 8    -0.021    -0.896     0.442
 8     0.703    -0.328    -0.631
 9   137.509   -30.959    19.239
 9     0.738    -0.558     0.381
 9    -0.457     0.001     0.889
 9    -0.496    -0.830    -0.253
 2    98.710   -22.671    59.316
 2     0.974    -0.229    -0.008
 2     0.228     0.972     0.053
 2    -0.004    -0.055     0.998
 3   125.349    -1.639     2.686
 3     0.570    -0.089    -0.818
 3    -0.175     0.958    -0.226
 3     0.802     0.271     0.530
 4   110.809    13.636    -1.911
 4     0.596    -0.671     0.443
 4     0.789     0.387    -0.476
 4     0.147     0.632     0.760
 5   121.773    14.112    21.000
 5     0.705    -0.210     0.679
 5    -0.064    -0.970    -0.231
 5     0.706     0.119    -0.697
 6   136.199    18.979    19.302
 6     0.853     0.513     0.095
 6     0.103     0.014    -0.995
 6    -0.511     0.858    -0.041
 7   114.438   -19.389    -2.104
 7     0.738     0.586     0.334
 7    -0.670     0.577     0.467
 7     0.081    -0.568     0.818
 8   125.100   -20.503    20.624
 8     0.711     0.264     0.652
 8    -0.042    -0.909     0.413
 8     0.701    -0.321    -0.636
 9   136.823   -31.786    19.265
 9     0.713    -0.563     0.422
 9    -0.494     0.024     0.868
 9    -0.498    -0.826    -0.260
 2    98.662   -22.670    59.313
 2     0.974    -0.229    -0.008
 2     0.228     0.972     0.053
 2    -0.003    -0.055     0.998
 3   125.325    -1.639     2.686
 3     0.570    -0.087    -0.818
 3    -0.176     0.958    -0.224
 3     0.802     0.271     0.530
 4   110.723    13.694    -1.881
 4     0.591    -0.675     0.443
 4     0.792     0.380    -0.477
 4     0.154     0.632     0.759
 5   121.597    14.044    21.135
 5     0.704    -0.191     0.684
 5    -0.058    -0.975    -0.209
 5     0.707     0.108    -0.698
 6   135.838    19.580    19.576
 6     0.850     0.512     0.123
 6     0.135     0.015    -0.991
 6    -0.508     0.859    -0.057
 7   114.350   -19.313    -2.116
 7     0.732     0.594     0.333
 7    -0.676     0.571     0.466
 7     0.086    -0.566     0.819
 8   124.936   -20.533    20.678
 8     0.711     0.236     0.663
 8    -0.061    -0.918     0.391
 8     0.701    -0.318    -0.638
 9   136.165   -32.406    19.223
 9     0.692    -0.562     0.456
 9    -0.524     0.042     0.849
 9    -0.496    -0.826    -0.264
 2    98.662   -22.620    59.313
 2     0.974    -0.229    -0.008
 2     0.228     0.972     0.053
 2    -0.003    -0.055     0.998
 3   125.225    -1.591     2.686
 3     0.569    -0.085    -0.819
 3    -0.179     0.958    -0.223
 3     0.802     0.273     0.529
 4   110.712    13.753    -1.877
 4     0.586    -0.679     0.443
 4     0.794     0.372    -0.480
 4     0.161     0.633     0.757
 5   121.327    13.957    21.182
 5     0.702    -0.164     0.694
 5    -0.048    -0.982    -0.181
 5     0.710     0.094    -0.697
 6   135.433    20.293    19.929
 6     0.847     0.506     0.160
 6     0.178     0.013    -0.984
 6    -0.500     0.862    -0.079
 7   114.317   -19.259    -2.139
 7     0.726     0.603     0.331
 7    -0.681     0.565     0.465
 7     0.094    -0.563     0.821
 8   124.769   -20.587    20.676
 8     0.708     0.223     0.670
 8    -0.072    -0.921     0.381
 8     0.702    -0.318    -0.637
 9   135.924   -32.688    19.324
 9     0.685    -0.560     0.470
 9    -0.536     0.049     0.842
 9    -0.494    -0.827    -0.266
 2    98.663   -22.670    59.314
 2     0.974    -0.229    -0.008
 2     0.228     0.972     0.054
 2    -0.003    -0.056     0.998
 3   125.183    -1.538     2.727
 3     0.567    -0.085    -0.819
 3    -0.179     0.958    -0.223
 3     0.804     0.273     0.528
 4   110.677    13.785    -1.847
 4     0.582    -0.683     0.442
 4     0.795     0.365    -0.483
 4     0.168     0.632     0.756
 5   121.206    13.965    21.267
 5     0.701    -0.151     0.698
 5    -0.043    -0.985    -0.167
 5     0.712     0.087    -0.696
 6   135.208    20.560    20.031
 6     0.846     0.505     0.175
 6     0.196     0.011    -0.980
 6    -0.496     0.863    -0.089
 7   114.248   -19.207    -2.148
 7     0.725     0.606     0.329
 7    -0.682     0.564     0.466
 7     0.097    -0.561     0.821
 8   124.743   -20.640    20.681
 8     0.709     0.217     0.671
 8    -0.075    -0.923     0.376
 8     0.701    -0.318    -0.638
 9   135.803   -32.817    19.328
 9     0.679    -0.561     0.476
 9    -0.542     0.051     0.837
 9    -0.494    -0.826    -0.269
 2    98.662   -22.670    59.313
 2     0.974    -0.229    -0.008
 2     0.228     0.972     0.053
 2    -0.003    -0.055     0.998
 3   125.158    -1.488     2.727
 3     0.566    -0.083    -0.820
 3    -0.181     0.958    -0.222
 3     0.804     0.273     0.527
 4   110.631    13.787    -1.802
 4     0.582    -0.683     0.442
 4     0.795     0.364    -0.484
 4     0.170     0.633     0.755
 5   121.202    13.966    21.268
 5     0.701    -0.146     0.699
 5    -0.042    -0.985    -0.162
 5     0.711     0.084    -0.697
 6   135.176    20.663    20.079
 6     0.844     0.506     0.181
 6     0.203     0.010    -0.979
 6    -0.497     0.862    -0.094
 7   114.152   -19.208    -2.124
 7     0.722     0.609     0.330
 7    -0.685     0.560     0.465
 7     0.098    -0.562     0.821
 8   124.593   -20.642    20.738
 8     0.709     0.208     0.674
 8    -0.081    -0.925     0.369
 8     0.700    -0.317    -0.640
 9   135.582   -32.946    19.332
 9     0.674    -0.563     0.481
 9    -0.548     0.053     0.833
 9    -0.494    -0.825    -0.272
 2    98.713   -22.620    59.313
 2     0.974    -0.229    -0.008
 2     0.228     0.972     0.053
 2    -0.003    -0.055     0.998
 3   125.109    -1.489     2.728
 3     0.566    -0.082    -0.820
 3    -0.181     0.958    -0.220
 3     0.804     0.272     0.528
 4   110.585    13.790    -1.757
 4     0.579    -0.686     0.442
 4     0.797     0.361    -0.484
 4     0.172     0.631     0.755
 5   121.150    13.969    21.288
 5     0.702    -0.138     0.699
 5    -0.038    -0.987    -0.154
 5     0.711     0.081    -0.698
 6   134.887    20.921    20.127
 6     0.838     0.509     0.195
 6     0.218     0.014    -0.976
 6    -0.499     0.860    -0.099
 7   114.136   -19.257    -2.134
 7     0.719     0.612     0.329
 7    -0.688     0.557     0.466
 7     0.102    -0.561     0.821
 8   124.572   -20.591    20.789
 8     0.709     0.200     0.677
 8    -0.084    -0.928     0.361
 8     0.700    -0.313    -0.641
 9   135.421   -33.276    19.456
 9     0.667    -0.563     0.491
 9    -0.560     0.055     0.825
 9    -0.491    -0.824    -0.278
 2    98.665   -22.619    59.311
 2     0.974    -0.229    -0.009
 2     0.228     0.972     0.054
 2    -0.002    -0.056     0.998
 3   125.060    -1.539     2.779
 3     0.566    -0.080    -0.821
 3    -0.181     0.959    -0.218
 3     0.804     0.271     0.528
 4   110.567    13.793    -1.765
 4     0.576    -0.689     0.441
 4     0.798     0.358    -0.484
 4     0.175     0.630     0.756
 5   121.030    13.952    21.376
 5     0.700    -0.126     0.704
 5    -0.032    -0.989    -0.143
 5     0.713     0.077    -0.696
 6   134.782    21.156    20.190
 6     0.836     0.509     0.204
 6     0.230     0.011    -0.973
 6    -0.498     0.860    -0.108
 7   114.093   -19.206    -2.091
 7     0.715     0.617     0.329
 7    -0.691     0.553     0.465
 7     0.105    -0.559     0.822
 8   124.435   -20.642    20.807
 8     0.706     0.186     0.685
 8    -0.092    -0.933     0.346
 8     0.702    -0.308    -0.641
 9   135.156   -33.455    19.629
 9     0.661    -0.561     0.501
 9    -0.570     0.057     0.818
 9    -0.488    -0.826    -0.280
 2    98.665   -22.619    59.311
 2     0.973    -0.229    -0.009
 2     0.228     0.972     0.054
 2    -0.002    -0.056     0.998
 3   125.057    -1.540     2.736
 3     0.568    -0.075    -0.820
 3    -0.180     0.960    -0.212
 3     0.803     0.268     0.532
 4   110.568    13.795    -1.768
 4     0.574    -0.690     0.442
 4     0.800     0.356    -0.483
 4     0.176     0.630     0.756
 5   120.985    13.983    21.363
 5     0.698    -0.119     0.706
 5    -0.029    -0.990    -0.134
 5     0.715     0.073    -0.695
 6   134.707    21.342    20.300
 6     0.835     0.509     0.209
 6     0.239     0.005    -0.971
 6    -0.495     0.861    -0.117
 7   114.097   -19.256    -2.097
 7     0.713     0.620     0.328
 7    -0.693     0.551     0.465
 7     0.107    -0.558     0.822
 8   124.417   -20.743    20.804
 8     0.704     0.179     0.689
 8    -0.097    -0.935     0.339
 8     0.703    -0.306    -0.640
 9   135.093   -33.579    19.695
 9     0.659    -0.560     0.505
 9    -0.575     0.056     0.815
 9    -0.484    -0.827    -0.284
 2    98.712   -22.620    59.313
 2     0.973    -0.229    -0.008
 2     0.228     0.972     0.053
 2    -0.003    -0.055     0.998
 3   125.101    -1.541     2.748
 3     0.571    -0.073    -0.818
 3    -0.177     0.962    -0.208
 3     0.801     0.263     0.536
 4   110.567    13.769    -1.816
 4     0.574    -0.691     0.441
 4     0.800     0.357    -0.481
 4     0.175     0.629     0.757
 5   121.082    13.981    21.317
 5     0.699    -0.119     0.706
 5    -0.030    -0.990    -0.134
 5     0.714     0.073    -0.695
 6   134.844    21.267    20.289
 6     0.839     0.506     0.199
 6     0.232    -0.002    -0.973
 6    -0.491     0.862    -0.119
 7   114.147   -19.357    -2.097
 7     0.714     0.619     0.328
 7    -0.692     0.552     0.466
 7     0.107    -0.559     0.822
 8   124.541   -20.740    20.772
 8     0.704     0.190     0.684
 8    -0.088    -0.933     0.348
 8     0.704    -0.306    -0.641
 9   135.446   -33.391    19.660
 9     0.671    -0.564     0.484
 9    -0.562     0.036     0.825
 9    -0.483    -0.825    -0.292
 2    98.713   -22.620    59.313
 2     0.974    -0.229    -0.008
 2     0.228     0.972     0.053
 2    -0.003    -0.055     0.998
 3   125.148    -1.592     2.703
 3     0.573    -0.070    -0.816
 3    -0.176     0.963    -0.206
 3     0.800     0.261     0.539
 4   110.688    13.714    -1.856
 4     0.579    -0.688     0.438
 4     0.797     0.365    -0.481
 4     0.172     0.627     0.759
 5   121.261    14.023    21.147
 5     0.699    -0.140     0.702
 5    -0.042    -0.987    -0.152
 5     0.714     0.077    -0.695
 6   135.433    20.378    20.028
 6     0.849     0.506     0.154
 6     0.184    -0.009    -0.983
 6    -0.496     0.862    -0.100
 7   114.221   -19.431    -2.048
 7     0.717     0.616     0.326
 7    -0.689     0.554     0.467
 7     0.107    -0.559     0.822
 8   124.659   -20.813    20.770
 8     0.705     0.207     0.678
 8    -0.078    -0.928     0.362
 8     0.704    -0.309    -0.639
 9   136.631   -32.352    19.624
 9     0.722    -0.557     0.413
 9    -0.493     0.003     0.869
 9    -0.484    -0.831    -0.272
 2    98.712   -22.670    59.313
 2     0.974    -0.229    -0.008
 2     0.228     0.972     0.053
 2    -0.003    -0.055     0.998
 3   125.264    -1.669     2.645
 3     0.578    -0.066    -0.814
 3    -0.173     0.964    -0.201
 3     0.797     0.256     0.545
 4   110.807    13.657    -1.842
 4     0.585    -0.686     0.434
 4     0.793     0.373    -0.481
 4     0.168     0.625     0.762
 5   121.444    14.065    21.157
 5     0.696    -0.165     0.699
 5    -0.053    -0.983    -0.176
 5     0.715     0.086    -0.693
 6   136.477    18.182    19.539
 6     0.866     0.499     0.031
 6     0.047    -0.016    -0.999
 6    -0.498     0.866    -0.038
 7   114.162   -19.557    -1.780
 7     0.725     0.605     0.329
 7    -0.681     0.559     0.472
 7     0.102    -0.566     0.817
 8   125.078   -20.940    20.819
 8     0.716     0.277     0.642
 8    -0.040    -0.901     0.431
 8     0.697    -0.334    -0.634
 9   138.833   -29.617    19.375
 9     0.803    -0.535     0.266
 9    -0.348    -0.059     0.935
 9    -0.484    -0.843    -0.234
 2    98.711   -22.620    59.265
 2     0.973    -0.230    -0.008
 2     0.229     0.971     0.054
 2    -0.004    -0.056     0.998
 3   125.384    -1.821     2.599
 3     0.580    -0.067    -0.812
 3    -0.172     0.964    -0.202
 3     0.796     0.257     0.547
 4   110.908    13.568    -1.805
 4     0.594    -0.679     0.432
 4     0.789     0.388    -0.476
 4     0.156     0.624     0.765
 5   121.705    14.123    21.061
 5     0.696    -0.212     0.688
 5    -0.067    -0.971    -0.228
 5     0.715     0.112    -0.689
 6   137.106    15.639    18.909
 6     0.854     0.509    -0.108
 6    -0.105    -0.029    -0.994
 6    -0.508     0.860     0.027
 7   114.131   -19.615    -1.566
 7     0.732     0.596     0.331
 7    -0.676     0.570     0.466
 7     0.089    -0.565     0.820
 8   125.745   -20.762    20.830
 8     0.727     0.372     0.578
 8     0.019    -0.852     0.522
 8     0.686    -0.369    -0.626
 9   141.134   -25.544    19.312
 9     0.871    -0.486     0.071
 9    -0.146    -0.113     0.983
 9    -0.468    -0.867    -0.170
 2    98.713   -22.619    59.313
 2     0.973    -0.230    -0.008
 2     0.229     0.971     0.054
 2    -0.003    -0.056     0.998
 3   125.478    -1.949     2.668
 3     0.579    -0.080    -0.812
 3    -0.175     0.960    -0.219
 3     0.796     0.269     0.541
 4   110.965    13.368    -1.640
 4     0.605    -0.667     0.435
 4     0.785     0.407    -0.467
 4     0.135     0.623     0.769
 5   121.881    14.447    21.144
 5     0.690    -0.246     0.683
 5    -0.073    -0.960    -0.269
 5     0.720     0.136    -0.679
 6   137.437    13.093    18.726
 6     0.829     0.506    -0.244
 6    -0.245    -0.056    -0.967
 6    -0.502     0.860     0.076
 7   114.158   -19.721    -1.336
 7     0.739     0.586     0.333
 7    -0.669     0.580     0.464
 7     0.079    -0.566     0.820
 8   126.071   -20.730    20.891
 8     0.723     0.428     0.543
 8     0.052    -0.817     0.573
 8     0.688    -0.387    -0.613
 9   142.487   -20.099    19.368
 9     0.886    -0.415    -0.213
 9     0.163    -0.144     0.975
 9    -0.433    -0.898    -0.063
 2    98.711   -22.671    59.265
 2     0.974    -0.229    -0.008
 2     0.228     0.972     0.053
 2    -0.004    -0.055     0.998
 3   125.467    -2.030     2.726
 3     0.580    -0.084    -0.811
 3    -0.181     0.957    -0.228
 3     0.794     0.278     0.539
 4   110.994    13.242    -1.449
 4     0.621    -0.650     0.440
 4     0.775     0.428    -0.463
 4     0.113     0.628     0.769
 5   121.942    14.643    21.119
 5     0.682    -0.292     0.673
 5    -0.084    -0.943    -0.320
 5     0.727     0.161    -0.667
 6   137.320     9.853    18.759
 6     0.768     0.511    -0.392
 6    -0.418    -0.060    -0.905
 6    -0.485     0.857     0.166
 7   113.866   -19.741    -1.174
 7     0.750     0.565     0.345
 7    -0.660     0.599     0.453
 7     0.049    -0.567     0.822
 8   126.800   -21.051    20.451
 8     0.721     0.516     0.462
 8     0.076    -0.721     0.687
 8     0.688    -0.461    -0.560
 9   143.193   -12.697    20.796
 9     0.797    -0.217    -0.567
 9     0.544    -0.155     0.823
 9    -0.263    -0.964    -0.009
 2    98.662   -22.620    59.313
 2     0.974    -0.229    -0.008
 2     0.228     0.972     0.053
 2    -0.003    -0.055     0.998
 3   125.291    -2.040     2.786
 3     0.582    -0.101    -0.808
 3    -0.192     0.948    -0.256
 3     0.790     0.303     0.531
 4   110.882    13.271    -1.322
 4     0.636    -0.632     0.443
 4     0.765     0.446    -0.463
 4     0.095     0.633     0.767
 5   122.219    15.069    21.141
 5     0.684    -0.356     0.639
 5    -0.095    -0.910    -0.402
 5     0.723     0.214    -0.655
 6   136.549     6.819    18.087
 6     0.654     0.572    -0.501
 6    -0.584    -0.037    -0.809
 6    -0.480     0.819     0.309
 7   113.743   -19.614    -1.292
 7     0.767     0.534     0.355
 7    -0.641     0.632     0.435
 7     0.008    -0.561     0.827
 8   128.360   -21.357    19.183
 8     0.739     0.610     0.287
 8     0.098    -0.518     0.849
 8     0.666    -0.600    -0.443
 9   143.031    -7.718    22.310
 9     0.640    -0.089    -0.764
 9     0.767     0.020     0.640
 9    -0.039    -0.996     0.078
 2    98.663   -22.670    59.262
 2     0.974    -0.229    -0.008
 2     0.228     0.972     0.053
 2    -0.003    -0.055     0.998
 3   125.240    -1.973     2.744
 3     0.584    -0.117    -0.804
 3    -0.203     0.937    -0.283
 3     0.786     0.328     0.523
 4   110.723    13.300    -1.170
 4     0.653    -0.615     0.444
 4     0.753     0.466    -0.464
 4     0.078     0.636     0.766
 5   122.830    15.507    20.911
 5     0.694    -0.432     0.578
 5    -0.102    -0.852    -0.512
 5     0.712     0.297    -0.635
 6   135.834     4.075    17.451
 6     0.527     0.604    -0.603
 6    -0.721    -0.058    -0.688
 6    -0.449     0.795     0.404
 7   113.624   -19.550    -1.390
 7     0.787     0.500     0.363
 7    -0.617     0.657     0.433
 7    -0.022    -0.564     0.825
 8   129.892   -21.823    17.781
 8     0.759     0.643     0.101
