% Calibrated with leiden_pols
% Positions are in centimeters
Data =[
 2    98.712   -22.670    59.313
 2     0.974    -0.229    -0.008
 2     0.228     0.972     0.053
 2    -0.003    -0.055     0.998
 3   125.168    -2.404     2.271
 3     0.591    -0.138    -0.796
 3    -0.198     0.931    -0.307
 3     0.782     0.338     0.522
 4   110.492    12.356    -1.794
 4     0.712    -0.540     0.449
 4     0.700     0.585    -0.408
 4    -0.042     0.605     0.794
 5   126.130    16.222    18.153
 5     0.759    -0.607     0.238
 5    -0.151    -0.519    -0.841
 5     0.634     0.602    -0.485
 6   134.682    -2.316    14.731
 6     0.128     0.814    -0.567
 6    -0.965    -0.029    -0.259
 6    -0.228     0.580     0.781
 7   113.427   -19.706    -1.614
 7     0.822     0.416     0.390
 7    -0.562     0.699     0.441
 7    -0.089    -0.582     0.808
 8   131.375   -21.392    15.503
 8     0.779     0.617    -0.115
 8     0.135     0.010     0.990
 8     0.612    -0.787    -0.075
 9   138.913    -0.738    22.189
 9     0.155    -0.175    -0.973
 9     0.971     0.203     0.117
 9     0.179    -0.964     0.200
 2    98.665   -22.670    59.311
 2     0.974    -0.229    -0.009
 2     0.228     0.972     0.053
 2    -0.002    -0.056     0.998
 3   125.033    -2.615     2.150
 3     0.576    -0.167    -0.800
 3    -0.192     0.924    -0.330
 3     0.794     0.343     0.501
 4   110.651    12.011    -1.986
 4     0.751    -0.488     0.447
 4     0.654     0.643    -0.398
 4    -0.094     0.590     0.801
 5   127.408    15.323    17.136
 5     0.780    -0.617     0.105
 5    -0.204    -0.411    -0.889
 5     0.591     0.671    -0.446
 6   134.924    -3.863    13.517
 6     0.074     0.814    -0.576
 6    -0.976    -0.058    -0.208
 6    -0.203     0.577     0.791
 7   113.377   -19.643    -1.735
 7     0.828     0.397     0.396
 7    -0.550     0.713     0.435
 7    -0.110    -0.578     0.808
 8   131.670   -21.588    14.902
 8     0.788     0.599    -0.143
 8     0.129     0.063     0.989
 8     0.601    -0.798    -0.027
 9   138.768    -0.737    22.302
 9     0.120    -0.111    -0.987
 9     0.979     0.174     0.099
 9     0.163    -0.978     0.129
 2    98.665   -22.619    59.311
 2     0.973    -0.229    -0.009
 2     0.228     0.972     0.053
 2    -0.002    -0.056     0.998
 3   125.080    -2.719     2.326
 3     0.575    -0.169    -0.801
 3    -0.197     0.922    -0.334
 3     0.794     0.349     0.496
 4   111.156    12.253    -1.784
 4     0.754    -0.514     0.411
 4     0.656     0.610    -0.443
 4    -0.023     0.603     0.797
 5   127.320    15.441    18.064
 5     0.757    -0.637     0.149
 5    -0.198    -0.440    -0.876
 5     0.623     0.633    -0.459
 6   134.774    -3.593    14.791
 6     0.086     0.803    -0.590
 6    -0.966    -0.078    -0.245
 6    -0.243     0.591     0.769
 7   113.643   -19.807    -1.506
 7     0.825     0.410     0.389
 7    -0.557     0.703     0.442
 7    -0.092    -0.581     0.808
 8   131.541   -21.614    15.807
 8     0.769     0.624    -0.140
 8     0.136     0.050     0.989
 8     0.624    -0.780    -0.046
 9   138.701    -0.928    23.252
 9     0.143    -0.078    -0.987
 9     0.979     0.155     0.129
 9     0.145    -0.985     0.097
 2    98.665   -22.618    59.311
 2     0.973    -0.230    -0.009
 2     0.229     0.972     0.053
 2    -0.002    -0.056     0.998
 3   125.075    -2.631     2.496
 3     0.583    -0.155    -0.798
 3    -0.205     0.922    -0.328
 3     0.786     0.354     0.505
 4   111.141    12.453    -1.577
 4     0.756    -0.524     0.393
 4     0.654     0.602    -0.457
 4     0.003     0.602     0.797
 5   127.402    15.442    18.314
 5     0.754    -0.641     0.145
 5    -0.200    -0.435    -0.878
 5     0.625     0.633    -0.456
 6   134.527    -3.837    14.948
 6     0.058     0.809    -0.586
 6    -0.968    -0.099    -0.232
 6    -0.246     0.580     0.776
 7   113.266   -19.758    -1.344
 7     0.815     0.427     0.393
 7    -0.574     0.691     0.439
 7    -0.084    -0.583     0.808
 8   130.881   -21.732    16.191
 8     0.764     0.636    -0.109
 8     0.132     0.007     0.991
 8     0.631    -0.771    -0.078
 9   138.532    -1.171    23.211
 9     0.170    -0.084    -0.982
 9     0.976     0.145     0.156
 9     0.132    -0.986     0.105
 2    98.665   -22.670    59.311
 2     0.974    -0.229    -0.009
 2     0.228     0.972     0.053
 2    -0.002    -0.056     0.998
 3   125.042    -2.559     2.481
 3     0.584    -0.152    -0.797
 3    -0.208     0.922    -0.328
 3     0.784     0.357     0.507
 4   111.052    12.559    -1.514
 4     0.756    -0.526     0.390
 4     0.654     0.600    -0.460
 4     0.008     0.602     0.798
 5   127.379    15.443    18.460
 5     0.753    -0.642     0.148
 5    -0.201    -0.438    -0.876
 5     0.626     0.629    -0.459
 6   134.470    -3.790    14.957
 6     0.058     0.808    -0.586
 6    -0.967    -0.101    -0.235
 6    -0.249     0.579     0.776
 7   113.215   -19.707    -1.345
 7     0.815     0.427     0.391
 7    -0.573     0.693     0.438
 7    -0.084    -0.581     0.809
 8   130.905   -21.732    16.191
 8     0.764     0.635    -0.110
 8     0.132     0.010     0.991
 8     0.631    -0.772    -0.076
 9   138.515    -1.142    23.247
 9     0.166    -0.085    -0.983
 9     0.976     0.150     0.151
 9     0.137    -0.985     0.107
 2    98.665   -22.669    59.311
 2     0.973    -0.229    -0.009
 2     0.228     0.972     0.053
 2    -0.002    -0.056     0.998
 3   124.988    -2.561     2.510
 3     0.585    -0.153    -0.797
 3    -0.209     0.921    -0.329
 3     0.783     0.359     0.507
 4   111.007    12.611    -1.468
 4     0.756    -0.528     0.388
 4     0.654     0.599    -0.460
 4     0.010     0.601     0.798
 5   127.233    15.447    18.525
 5     0.752    -0.641     0.154
 5    -0.200    -0.445    -0.873
 5     0.628     0.625    -0.463
 6   134.411    -3.741    15.013
 6     0.061     0.807    -0.588
 6    -0.966    -0.100    -0.238
 6    -0.252     0.582     0.773
 7   113.215   -19.656    -1.397
 7     0.816     0.425     0.391
 7    -0.571     0.693     0.439
 7    -0.084    -0.581     0.809
 8   130.904   -21.682    16.140
 8     0.764     0.635    -0.111
 8     0.132     0.012     0.991
 8     0.631    -0.772    -0.074
 9   138.517    -1.141    23.244
 9     0.165    -0.086    -0.983
 9     0.976     0.151     0.150
 9     0.138    -0.985     0.107
 2    98.712   -22.670    59.313
 2     0.974    -0.229    -0.009
 2     0.228     0.972     0.053
 2    -0.003    -0.055     0.998
 3   124.988    -2.561     2.510
 3     0.585    -0.154    -0.797
 3    -0.209     0.920    -0.330
 3     0.783     0.359     0.506
 4   111.007    12.561    -1.519
 4     0.755    -0.530     0.388
 4     0.655     0.599    -0.459
 4     0.010     0.600     0.799
 5   127.236    15.499    18.571
 5     0.751    -0.641     0.156
 5    -0.200    -0.446    -0.872
 5     0.629     0.624    -0.464
 6   134.411    -3.690    15.012
 6     0.062     0.806    -0.589
 6    -0.966    -0.100    -0.239
 6    -0.252     0.583     0.772
 7   113.217   -19.705    -1.400
 7     0.817     0.426     0.390
 7    -0.571     0.693     0.440
 7    -0.083    -0.581     0.809
 8   130.904   -21.682    16.191
 8     0.764     0.635    -0.112
 8     0.132     0.012     0.991
 8     0.631    -0.772    -0.074
 9   138.516    -1.141    23.244
 9     0.165    -0.088    -0.983
 9     0.976     0.152     0.150
 9     0.138    -0.985     0.109
 2    98.710   -22.621    59.316
 2     0.974    -0.229    -0.007
 2     0.228     0.972     0.053
 2    -0.004    -0.055     0.998
 3   125.063    -2.508     2.485
 3     0.587    -0.153    -0.796
 3    -0.207     0.921    -0.329
 3     0.783     0.357     0.509
 4   111.046    12.558    -1.560
 4     0.754    -0.528     0.393
 4     0.657     0.599    -0.458
 4     0.006     0.602     0.797
 5   127.238    15.500    18.515
 5     0.750    -0.642     0.156
 5    -0.201    -0.447    -0.872
 5     0.630     0.622    -0.465
