% Calibrated with leiden_pols
% Positions are in centimeters
Data =[
 2    98.718   -22.616    59.304
 2     0.973    -0.231    -0.011
 2     0.230     0.971     0.051
 2     0.000    -0.054     0.998
 3   127.098    -1.692     3.489
 3     0.484    -0.054    -0.873
 3    -0.214     0.961    -0.177
 3     0.848     0.272     0.453
 4   115.554    15.272     0.436
 4     0.578    -0.773     0.261
 4     0.742     0.366    -0.561
 4     0.338     0.518     0.786
 5   117.121    20.518    23.575
 5     0.194    -0.458     0.869
 5     0.156    -0.859    -0.486
 5     0.969     0.228    -0.094
 6   127.219    24.020    41.601
 6     0.230    -0.605    -0.765
 6     0.027     0.787    -0.614
 6     0.973     0.118     0.196
 7   116.507   -19.507    -0.954
 7     0.698     0.679     0.227
 7    -0.692     0.557     0.459
 7     0.185    -0.477     0.859
 8   120.832   -25.531    20.428
 8     0.240     0.662     0.711
 8    -0.170    -0.692     0.701
 8     0.956    -0.288    -0.052
 9   129.402   -29.827    40.182
 9     0.262     0.856    -0.450
 9    -0.067     0.478     0.875
 9     0.962    -0.198     0.180
 2    98.718   -22.667    59.304
 2     0.973    -0.231    -0.012
 2     0.230     0.971     0.051
 2     0.000    -0.054     0.998
 3   127.243    -1.688     3.533
 3     0.476    -0.060    -0.877
 3    -0.215     0.959    -0.182
 3     0.853     0.275     0.444
 4   115.908    15.201     0.320
 4     0.591    -0.762     0.266
 4     0.741     0.383    -0.551
 4     0.318     0.522     0.791
 5   117.274    21.447    23.155
 5     0.178    -0.504     0.847
 5     0.208    -0.821    -0.531
 5     0.962     0.269    -0.040
 6   128.048    23.801    41.348
 6     0.243    -0.419    -0.875
 6     0.013     0.903    -0.428
 6     0.970     0.091     0.224
 7   116.787   -19.472    -0.837
 7     0.709     0.668     0.224
 7    -0.680     0.564     0.469
 7     0.187    -0.484     0.854
 8   121.474   -26.107    20.082
 8     0.252     0.716     0.653
 8    -0.196    -0.622     0.757
 8     0.948    -0.317    -0.015
 9   131.057   -29.213    39.145
 9     0.239     0.517    -0.824
 9    -0.115     0.855     0.502
 9     0.964    -0.024     0.262
 2    98.745   -22.616    59.301
 2     0.973    -0.231    -0.012
 2     0.230     0.971     0.051
 2     0.001    -0.054     0.998
 3   127.384    -1.629     3.656
 3     0.457    -0.064    -0.887
 3    -0.216     0.959    -0.181
 3     0.862     0.274     0.425
 4   116.201    15.109     0.249
 4     0.598    -0.759     0.259
 4     0.742     0.403    -0.535
 4     0.302     0.511     0.804
 5   117.315    22.900    22.539
 5     0.150    -0.588     0.795
 5     0.254    -0.754    -0.605
 5     0.955     0.292     0.037
 6   128.316    24.254    40.704
 6     0.251    -0.315    -0.916
 6     0.022     0.947    -0.319
 6     0.968     0.059     0.244
 7   116.983   -19.411    -0.865
 7     0.713     0.667     0.219
 7    -0.673     0.563     0.478
 7     0.196    -0.488     0.850
 8   121.828   -26.535    20.080
 8     0.271     0.715     0.646
 8    -0.234    -0.601     0.763
 8     0.933    -0.357     0.005
 9   132.331   -29.568    38.628
 9     0.323     0.542    -0.778
 9    -0.080     0.832     0.546
 9     0.943    -0.113     0.311
 2    98.743   -22.616    59.304
 2     0.973    -0.231    -0.011
 2     0.230     0.971     0.051
 2    -0.000    -0.054     0.998
 3   127.813    -1.610     3.953
 3     0.426    -0.078    -0.901
 3    -0.213     0.960    -0.183
 3     0.879     0.269     0.392
 4   116.915    15.018    -0.030
 4     0.580    -0.779     0.241
 4     0.755     0.402    -0.517
 4     0.306     0.481     0.821
 5   117.314    23.675    21.956
 5     0.125    -0.572     0.812
 5     0.311    -0.754    -0.578
 5     0.942     0.322     0.085
 6   128.086    25.538    40.265
 6     0.227    -0.274    -0.935
 6     0.048     0.961    -0.270
 6     0.973     0.016     0.230
 7   118.356   -19.336    -1.007
 7     0.712     0.678     0.183
 7    -0.666     0.568     0.482
 7     0.223    -0.465     0.856
 8   121.898   -27.292    19.441
 8     0.214     0.734     0.646
 8    -0.268    -0.591     0.760
 8     0.939    -0.334     0.072
 9   131.320   -30.491    38.798
 9     0.273     0.562    -0.783
 9    -0.100     0.824     0.555
 9     0.956    -0.072     0.280
 2    98.743   -22.616    59.304
 2     0.973    -0.231    -0.011
 2     0.230     0.971     0.051
 2    -0.000    -0.054     0.998
 3   129.322    -1.467     4.487
 3     0.367    -0.115    -0.923
 3    -0.222     0.953    -0.206
 3     0.903     0.280     0.324
 4   119.231    15.250    -0.314
 4     0.566    -0.808     0.164
 4     0.738     0.409    -0.536
 4     0.366     0.424     0.828
 5   117.160    24.907    21.186
 5    -0.000    -0.659     0.753
 5     0.347    -0.706    -0.617
 5     0.938     0.260     0.230
 6   125.987    26.330    40.611
 6     0.102    -0.178    -0.979
 6     0.053     0.983    -0.174
 6     0.993    -0.034     0.109
 7   120.968   -18.939    -1.543
 7     0.705     0.702     0.101
 7    -0.653     0.588     0.476
 7     0.275    -0.402     0.873
 8   120.673   -28.230    17.855
 8     0.016     0.808     0.589
 8    -0.313    -0.556     0.770
 8     0.950    -0.196     0.244
 9   125.719   -32.440    38.709
 9     0.053     0.511    -0.859
 9    -0.161     0.852     0.496
 9     0.985     0.114     0.126
 2    98.746   -22.564    59.301
 2     0.973    -0.232    -0.012
 2     0.231     0.971     0.052
 2     0.001    -0.055     0.998
 3   130.352    -1.023     5.074
 3     0.309    -0.152    -0.939
 3    -0.225     0.947    -0.227
 3     0.924     0.281     0.258
 4   120.564    15.699    -0.365
 4     0.533    -0.839     0.111
 4     0.742     0.401    -0.537
 4     0.406     0.368     0.836
 5   115.302    25.894    20.138
 5    -0.157    -0.689     0.708
 5     0.382    -0.703    -0.599
 5     0.911     0.176     0.374
 6   121.502    27.918    40.821
 6    -0.050    -0.146    -0.988
 6     0.077     0.986    -0.149
 6     0.996    -0.083    -0.038
 7   122.925   -18.510    -2.167
 7     0.688     0.725     0.021
 7    -0.654     0.607     0.451
 7     0.314    -0.325     0.892
 8   118.271   -29.309    15.903
 8    -0.216     0.864     0.455
 8    -0.360    -0.504     0.785
 8     0.907     0.005     0.420
 9   118.501   -34.324    37.604
 9    -0.177     0.399    -0.900
 9    -0.197     0.881     0.429
 9     0.964     0.254    -0.078
 2    98.746   -22.615    59.301
 2     0.973    -0.231    -0.012
 2     0.230     0.971     0.052
 2     0.001    -0.055     0.998
 3   130.818    -0.749     5.357
 3     0.277    -0.166    -0.947
 3    -0.231     0.945    -0.232
 3     0.932     0.282     0.223
 4   121.385    16.006    -0.485
 4     0.513    -0.855     0.078
 4     0.742     0.395    -0.542
 4     0.432     0.336     0.837
 5   113.830    25.917    19.340
 5    -0.264    -0.692     0.672
 5     0.379    -0.715    -0.588
 5     0.887     0.099     0.451
 6   118.366    27.632    40.651
 6    -0.131    -0.156    -0.979
 6     0.060     0.984    -0.165
 6     0.989    -0.080    -0.120
 7   123.850   -18.103    -2.664
 7     0.679     0.734    -0.019
 7    -0.659     0.619     0.426
 7     0.323    -0.277     0.904
 8   116.803   -29.445    14.341
 8    -0.344     0.852     0.394
 8    -0.377    -0.509     0.773
 8     0.860     0.118     0.496
 9   114.756   -34.458    36.025
 9    -0.279     0.361    -0.890
 9    -0.193     0.886     0.420
 9     0.941     0.289    -0.177
 2    98.720   -22.616    59.301
 2     0.973    -0.231    -0.012
 2     0.230     0.971     0.051
 2     0.001    -0.054     0.998
 3   131.162    -0.473     5.368
 3     0.261    -0.175    -0.949
 3    -0.234     0.943    -0.237
 3     0.936     0.284     0.205
 4   121.768    16.148    -0.820
 4     0.498    -0.866     0.058
 4     0.745     0.392    -0.540
 4     0.444     0.312     0.839
 5   112.657    25.762    18.409
 5    -0.344    -0.682     0.645
 5     0.369    -0.730    -0.575
 5     0.863     0.040     0.503
