% Calibrated with leiden_pols
% Positions are in centimeters
Data =[
 2    98.718   -22.616    59.304
 2     0.973    -0.231    -0.011
 2     0.230     0.971     0.051
 2     0.000    -0.054     0.998
 3   127.098    -1.692     3.489
 3     0.484    -0.054    -0.873
 3    -0.214     0.961    -0.177
 3     0.848     0.272     0.453
 4   115.554    15.272     0.436
 4     0.578    -0.773     0.261
 4     0.742     0.366    -0.561
 4     0.338     0.518     0.786
 5   117.121    20.518    23.575
 5     0.194    -0.458     0.869
 5     0.156    -0.859    -0.486
 5     0.969     0.228    -0.094
 6   127.219    24.020    41.601
 6     0.230    -0.605    -0.765
 6     0.027     0.787    -0.614
 6     0.973     0.118     0.196
 7   116.507   -19.507    -0.954
 7     0.698     0.679     0.227
 7    -0.692     0.557     0.459
 7     0.185    -0.477     0.859
 8   120.832   -25.531    20.428
 8     0.240     0.662     0.711
 8    -0.170    -0.692     0.701
 8     0.956    -0.288    -0.052
 9   129.402   -29.827    40.182
 9     0.262     0.856    -0.450
 9    -0.067     0.478     0.875
 9     0.962    -0.198     0.180
 2    98.718   -22.667    59.304
 2     0.973    -0.231    -0.012
 2     0.230     0.971     0.051
 2     0.000    -0.054     0.998
 3   127.243    -1.688     3.533
 3     0.476    -0.060    -0.877
 3    -0.215     0.959    -0.182
 3     0.853     0.275     0.444
 4   115.908    15.201     0.320
 4     0.591    -0.762     0.266
 4     0.741     0.383    -0.551
 4     0.318     0.522     0.791
 5   117.274    21.447    23.155
 5     0.178    -0.504     0.847
 5     0.208    -0.821    -0.531
 5     0.962     0.269    -0.040
 6   128.048    23.801    41.348
 6     0.243    -0.419    -0.875
 6     0.013     0.903    -0.428
 6     0.970     0.091     0.224
 7   116.787   -19.472    -0.837
 7     0.709     0.668     0.224
 7    -0.680     0.564     0.469
 7     0.187    -0.484     0.854
 8   121.474   -26.107    20.082
 8     0.252     0.716     0.653
 8    -0.196    -0.622     0.757
 8     0.948    -0.317    -0.015
 9   131.057   -29.213    39.145
 9     0.239     0.517    -0.824
 9    -0.115     0.855     0.502
 9     0.964    -0.024     0.262
 2    98.745   -22.616    59.301
 2     0.973    -0.231    -0.012
 2     0.230     0.971     0.051
 2     0.001    -0.054     0.998
 3   127.384    -1.629     3.656
 3     0.457    -0.064    -0.887
 3    -0.216     0.959    -0.181
 3     0.862     0.274     0.425
 4   116.201    15.109     0.249
 4     0.598    -0.759     0.259
 4     0.742     0.403    -0.535
 4     0.302     0.511     0.804
 5   117.315    22.900    22.539
 5     0.150    -0.588     0.795
 5     0.254    -0.754    -0.605
 5     0.955     0.292     0.037
 6   128.316    24.254    40.704
 6     0.251    -0.315    -0.916
 6     0.022     0.947    -0.319
 6     0.968     0.059     0.244
 7   116.983   -19.411    -0.865
 7     0.713     0.667     0.219
 7    -0.673     0.563     0.478
 7     0.196    -0.488     0.850
 8   121.828   -26.535    20.080
 8     0.271     0.715     0.646
 8    -0.234    -0.601     0.763
 8     0.933    -0.357     0.005
 9   132.331   -29.568    38.628
 9     0.323     0.542    -0.778
 9    -0.080     0.832     0.546
 9     0.943    -0.113     0.311
 2    98.743   -22.616    59.304
 2     0.973    -0.231    -0.011
 2     0.230     0.971     0.051
 2    -0.000    -0.054     0.998
 3   127.813    -1.610     3.953
 3     0.426    -0.078    -0.901
 3    -0.213     0.960    -0.183
 3     0.879     0.269     0.392
 4   116.915    15.018    -0.030
 4     0.580    -0.779     0.241
 4     0.755     0.402    -0.517
 4     0.306     0.481     0.821
 5   117.314    23.675    21.956
 5     0.125    -0.572     0.812
 5     0.311    -0.754    -0.578
 5     0.942     0.322     0.085
 6   128.086    25.538    40.265
 6     0.227    -0.274    -0.935
 6     0.048     0.961    -0.270
 6     0.973     0.016     0.230
 7   118.356   -19.336    -1.007
 7     0.712     0.678     0.183
 7    -0.666     0.568     0.482
 7     0.223    -0.465     0.856
 8   121.898   -27.292    19.441
 8     0.214     0.734     0.646
 8    -0.268    -0.591     0.760
 8     0.939    -0.334     0.072
 9   131.320   -30.491    38.798
 9     0.273     0.562    -0.783
 9    -0.100     0.824     0.555
 9     0.956    -0.072     0.280
 2    98.743   -22.616    59.304
 2     0.973    -0.231    -0.011
 2     0.230     0.971     0.051
 2    -0.000    -0.054     0.998
 3   129.322    -1.467     4.487
 3     0.367    -0.115    -0.923
 3    -0.222     0.953    -0.206
 3     0.903     0.280     0.324
 4   119.231    15.250    -0.314
 4     0.566    -0.808     0.164
 4     0.738     0.409    -0.536
 4     0.366     0.424     0.828
 5   117.160    24.907    21.186
 5    -0.000    -0.659     0.753
 5     0.347    -0.706    -0.617
 5     0.938     0.260     0.230
 6   125.987    26.330    40.611
 6     0.102    -0.178    -0.979
 6     0.053     0.983    -0.174
 6     0.993    -0.034     0.109
 7   120.968   -18.939    -1.543
 7     0.705     0.702     0.101
 7    -0.653     0.588     0.476
 7     0.275    -0.402     0.873
 8   120.673   -28.230    17.855
 8     0.016     0.808     0.589
 8    -0.313    -0.556     0.770
 8     0.950    -0.196     0.244
 9   125.719   -32.440    38.709
 9     0.053     0.511    -0.859
 9    -0.161     0.852     0.496
 9     0.985     0.114     0.126
 2    98.746   -22.564    59.301
 2     0.973    -0.232    -0.012
 2     0.231     0.971     0.052
 2     0.001    -0.055     0.998
 3   130.352    -1.023     5.074
 3     0.309    -0.152    -0.939
 3    -0.225     0.947    -0.227
 3     0.924     0.281     0.258
 4   120.564    15.699    -0.365
 4     0.533    -0.839     0.111
 4     0.742     0.401    -0.537
 4     0.406     0.368     0.836
 5   115.302    25.894    20.138
 5    -0.157    -0.689     0.708
 5     0.382    -0.703    -0.599
 5     0.911     0.176     0.374
 6   121.502    27.918    40.821
 6    -0.050    -0.146    -0.988
 6     0.077     0.986    -0.149
 6     0.996    -0.083    -0.038
 7   122.925   -18.510    -2.167
 7     0.688     0.725     0.021
 7    -0.654     0.607     0.451
 7     0.314    -0.325     0.892
 8   118.271   -29.309    15.903
 8    -0.216     0.864     0.455
 8    -0.360    -0.504     0.785
 8     0.907     0.005     0.420
 9   118.501   -34.324    37.604
 9    -0.177     0.399    -0.900
 9    -0.197     0.881     0.429
 9     0.964     0.254    -0.078
 2    98.746   -22.615    59.301
 2     0.973    -0.231    -0.012
 2     0.230     0.971     0.052
 2     0.001    -0.055     0.998
 3   130.818    -0.749     5.357
 3     0.277    -0.166    -0.947
 3    -0.231     0.945    -0.232
 3     0.932     0.282     0.223
 4   121.385    16.006    -0.485
 4     0.513    -0.855     0.078
 4     0.742     0.395    -0.542
 4     0.432     0.336     0.837
 5   113.830    25.917    19.340
 5    -0.264    -0.692     0.672
 5     0.379    -0.715    -0.588
 5     0.887     0.099     0.451
 6   118.366    27.632    40.651
 6    -0.131    -0.156    -0.979
 6     0.060     0.984    -0.165
 6     0.989    -0.080    -0.120
 7   123.850   -18.103    -2.664
 7     0.679     0.734    -0.019
 7    -0.659     0.619     0.426
 7     0.323    -0.277     0.904
 8   116.803   -29.445    14.341
 8    -0.344     0.852     0.394
 8    -0.377    -0.509     0.773
 8     0.860     0.118     0.496
 9   114.756   -34.458    36.025
 9    -0.279     0.361    -0.890
 9    -0.193     0.886     0.420
 9     0.941     0.289    -0.177
 2    98.720   -22.616    59.301
 2     0.973    -0.231    -0.012
 2     0.230     0.971     0.051
 2     0.001    -0.054     0.998
 3   131.162    -0.473     5.368
 3     0.261    -0.175    -0.949
 3    -0.234     0.943    -0.237
 3     0.936     0.284     0.205
 4   121.768    16.148    -0.820
 4     0.498    -0.866     0.058
 4     0.745     0.392    -0.540
 4     0.444     0.312     0.839
 5   112.657    25.762    18.409
 5    -0.344    -0.682     0.645
 5     0.369    -0.730    -0.575
 5     0.863     0.040     0.503
 6   115.698    27.264    40.095
 6    -0.194    -0.166    -0.967
 6     0.042     0.983    -0.178
 6     0.980    -0.075    -0.184
 7   124.661   -17.741    -3.065
 7     0.675     0.736    -0.052
 7    -0.657     0.631     0.411
 7     0.334    -0.244     0.910
 8   116.088   -29.860    12.944
 8    -0.425     0.834     0.352
 8    -0.402    -0.522     0.752
 8     0.811     0.177     0.557
 9   112.467   -35.135    34.396
 9    -0.343     0.330    -0.880
 9    -0.203     0.888     0.412
 9     0.917     0.320    -0.237
 2    98.743   -22.667    59.304
 2     0.973    -0.231    -0.011
 2     0.230     0.971     0.051
 2     0.000    -0.054     0.998
 3   131.457    -0.345     5.353
 3     0.237    -0.179    -0.955
 3    -0.232     0.944    -0.234
 3     0.943     0.276     0.182
 4   122.320    16.342    -1.196
 4     0.471    -0.882     0.038
 4     0.756     0.380    -0.532
 4     0.454     0.279     0.846
 5   111.559    25.548    17.179
 5    -0.420    -0.659     0.625
 5     0.365    -0.752    -0.549
 5     0.831    -0.002     0.556
 6   113.283    27.186    39.032
 6    -0.255    -0.184    -0.949
 6     0.036     0.979    -0.200
 6     0.966    -0.086    -0.243
 7   125.565   -17.377    -3.358
 7     0.662     0.744    -0.089
 7    -0.661     0.635     0.399
 7     0.352    -0.207     0.912
 8   115.269   -29.743    11.525
 8    -0.506     0.808     0.301
 8    -0.419    -0.535     0.734
 8     0.754     0.245     0.609
 9   109.362   -35.717    32.556
 9    -0.432     0.323    -0.841
 9    -0.221     0.867     0.447
 9     0.874     0.379    -0.304
 2    98.743   -22.616    59.304
 2     0.973    -0.231    -0.011
 2     0.230     0.971     0.052
 2    -0.000    -0.054     0.998
 3   131.870    -0.160     5.390
 3     0.210    -0.186    -0.960
 3    -0.223     0.947    -0.231
 3     0.952     0.262     0.157
 4   122.860    16.358    -1.609
 4     0.439    -0.899     0.017
 4     0.771     0.366    -0.520
 4     0.460     0.242     0.854
 5   110.614    25.233    15.786
 5    -0.490    -0.629     0.605
 5     0.355    -0.777    -0.520
 5     0.796    -0.039     0.603
 6   110.807    26.907    37.899
 6    -0.312    -0.211    -0.926
 6     0.024     0.973    -0.229
 6     0.950    -0.094    -0.299
 7   126.552   -17.186    -3.494
 7     0.632     0.763    -0.139
 7    -0.673     0.627     0.391
 7     0.385    -0.155     0.909
 8   114.250   -29.269    10.207
 8    -0.601     0.752     0.271
 8    -0.402    -0.577     0.710
 8     0.690     0.318     0.649
 9   105.864   -35.362    30.522
 9    -0.532     0.322    -0.783
 9    -0.214     0.844     0.492
 9     0.819     0.429    -0.381
 2    98.718   -22.616    59.304
 2     0.973    -0.231    -0.012
 2     0.230     0.971     0.052
 2     0.000    -0.054     0.998
 3   132.469     0.074     5.620
 3     0.156    -0.188    -0.970
 3    -0.221     0.950    -0.220
 3     0.963     0.248     0.106
 4   123.878    16.611    -1.763
 4     0.398    -0.917    -0.023
 4     0.784     0.353    -0.511
 4     0.475     0.186     0.859
 5   110.046    25.053    14.536
 5    -0.571    -0.602     0.559
 5     0.345    -0.793    -0.501
 5     0.744    -0.093     0.660
 6   108.587    26.717    36.500
 6    -0.386    -0.215    -0.897
 6     0.014     0.971    -0.239
 6     0.922    -0.105    -0.372
 7   127.795   -16.821    -3.484
 7     0.590     0.784    -0.194
 7    -0.689     0.613     0.386
 7     0.420    -0.095     0.902
 8   113.904   -28.690     9.209
 8    -0.674     0.698     0.243
 8    -0.381    -0.610     0.695
 8     0.633     0.375     0.677
 9   103.570   -34.951    28.678
 9    -0.614     0.298    -0.731
 9    -0.213     0.829     0.516
 9     0.760     0.472    -0.446
 2    98.718   -22.667    59.304
 2     0.973    -0.231    -0.011
 2     0.229     0.971     0.052
 2     0.000    -0.054     0.998
 3   133.188     0.224     5.810
 3     0.111    -0.196    -0.974
 3    -0.214     0.953    -0.216
 3     0.970     0.231     0.064
 4   124.722    16.680    -1.995
 4     0.358    -0.932    -0.053
 4     0.799     0.335    -0.499
 4     0.482     0.136     0.865
 5   109.403    24.601    13.110
 5    -0.637    -0.563     0.527
 5     0.334    -0.817    -0.469
 5     0.694    -0.122     0.709
 6   106.449    26.428    34.897
 6    -0.448    -0.234    -0.863
 6     0.011     0.964    -0.267
 6     0.894    -0.130    -0.429
 7   128.424   -16.864    -3.435
 7     0.561     0.798    -0.221
 7    -0.698     0.598     0.392
 7     0.444    -0.067     0.893
 8   113.551   -28.322     8.920
 8    -0.714     0.661     0.232
 8    -0.356    -0.628     0.692
 8     0.603     0.411     0.683
 9   102.143   -34.495    27.804
 9    -0.662     0.278    -0.696
 9    -0.208     0.824     0.527
 9     0.720     0.493    -0.488
 2    98.718   -22.616    59.304
 2     0.973    -0.231    -0.011
 2     0.230     0.971     0.052
 2    -0.000    -0.054     0.998
 3   133.395     0.268     5.752
 3     0.093    -0.199    -0.976
 3    -0.207     0.955    -0.214
 3     0.974     0.221     0.047
 4   124.962    16.693    -2.130
 4     0.327    -0.943    -0.071
 4     0.809     0.317    -0.495
 4     0.488     0.104     0.866
 5   108.783    23.923    12.381
 5    -0.675    -0.527     0.518
 5     0.309    -0.838    -0.449
 5     0.670    -0.143     0.728
 6   107.134    24.251    34.842
 6    -0.477    -0.251    -0.842
 6    -0.008     0.959    -0.282
 6     0.878    -0.128    -0.460
 7   128.800   -16.858    -3.425
 7     0.550     0.802    -0.236
 7    -0.699     0.595     0.395
 7     0.456    -0.054     0.887
 8   113.728   -28.243     8.647
 8    -0.727     0.651     0.218
 8    -0.352    -0.625     0.696
 8     0.589     0.429     0.684
 9   101.829   -34.576    27.272
 9    -0.685     0.252    -0.684
 9    -0.218     0.825     0.521
 9     0.695     0.506    -0.510
 2    98.718   -22.616    59.304
 2     0.973    -0.231    -0.012
 2     0.230     0.971     0.052
 2     0.000    -0.054     0.998
 3   133.620     0.356     5.811
 3     0.080    -0.205    -0.976
 3    -0.204     0.955    -0.217
 3     0.975     0.215     0.034
 4   125.197    16.651    -2.418
 4     0.312    -0.947    -0.080
 4     0.813     0.308    -0.494
 4     0.492     0.089     0.866
 5   108.724    23.682    11.816
 5    -0.696    -0.509     0.508
 5     0.297    -0.846    -0.442
 5     0.654    -0.156     0.740
 6   106.459    23.965    34.171
 6    -0.503    -0.244    -0.829
 6    -0.013     0.961    -0.275
 6     0.864    -0.128    -0.486
 7   129.042   -16.734    -3.501
 7     0.531     0.811    -0.247
 7    -0.709     0.583     0.396
 7     0.464    -0.036     0.884
 8   113.390   -27.874     8.213
 8    -0.750     0.625     0.215
 8    -0.340    -0.644     0.686
 8     0.567     0.441     0.695
 9   100.535   -34.330    26.312
 9    -0.720     0.237    -0.652
 9    -0.217     0.816     0.535
 9     0.659     0.526    -0.536
 2    98.718   -22.616    59.304
 2     0.973    -0.231    -0.012
 2     0.230     0.971     0.051
 2     0.000    -0.054     0.998
 3   133.750     0.369     5.850
 3     0.070    -0.197    -0.978
 3    -0.204     0.957    -0.207
 3     0.976     0.213     0.026
 4   125.436    16.784    -2.429
 4     0.302    -0.949    -0.091
 4     0.813     0.306    -0.495
 4     0.497     0.076     0.864
 5   108.690    23.572    11.603
 5    -0.706    -0.502     0.500
 5     0.293    -0.849    -0.438
 5     0.644    -0.163     0.746
 6   106.064    23.900    33.944
 6    -0.522    -0.239    -0.819
 6    -0.011     0.962    -0.273
 6     0.853    -0.133    -0.504
 7   128.913   -16.642    -3.570
 7     0.518     0.820    -0.246
 7    -0.719     0.571     0.394
 7     0.463    -0.028     0.885
 8   113.025   -27.811     7.991
 8    -0.758     0.614     0.222
 8    -0.333    -0.656     0.677
 8     0.561     0.439     0.701
 9    99.982   -34.196    25.979
 9    -0.729     0.239    -0.641
 9    -0.216     0.808     0.547
 9     0.649     0.537    -0.538
 2    98.718   -22.616    59.304
 2     0.973    -0.231    -0.011
 2     0.230     0.971     0.052
 2    -0.000    -0.054     0.998
 3   133.815     0.369     5.842
 3     0.068    -0.184    -0.981
 3    -0.201     0.960    -0.194
 3     0.977     0.210     0.028
 4   125.575    16.740    -2.391
 4     0.294    -0.951    -0.098
 4     0.813     0.302    -0.498
 4     0.502     0.067     0.862
 5   108.368    23.257    11.328
 5    -0.722    -0.487     0.493
 5     0.282    -0.856    -0.432
 5     0.631    -0.173     0.755
 6   105.315    23.583    33.542
 6    -0.542    -0.241    -0.805
 6    -0.014     0.960    -0.278
 6     0.840    -0.139    -0.524
 7   128.682   -16.755    -3.554
 7     0.504     0.830    -0.241
 7    -0.731     0.557     0.394
 7     0.460    -0.023     0.887
 8   112.654   -27.699     7.907
 8    -0.766     0.601     0.226
 8    -0.328    -0.668     0.667
 8     0.552     0.437     0.709
 9    99.178   -34.269    25.544
 9    -0.743     0.229    -0.629
 9    -0.223     0.802     0.554
 9     0.631     0.552    -0.545
 2    98.721   -22.616    59.301
 2     0.973    -0.231    -0.012
 2     0.230     0.971     0.052
 2     0.001    -0.055     0.998
 3   133.722     0.350     5.744
 3     0.072    -0.173    -0.982
 3    -0.199     0.962    -0.185
 3     0.977     0.208     0.034
 4   125.452    16.742    -2.393
 4     0.287    -0.953    -0.100
 4     0.815     0.297    -0.497
 4     0.503     0.061     0.862
 5   107.996    23.125    11.145
 5    -0.729    -0.477     0.492
 5     0.279    -0.862    -0.423
 5     0.625    -0.171     0.761
 6   104.707    23.617    33.256
 6    -0.552    -0.245    -0.797
 6    -0.010     0.958    -0.287
 6     0.834    -0.151    -0.531
 7   128.320   -16.717    -3.710
 7     0.492     0.839    -0.236
 7    -0.742     0.544     0.391
 7     0.455    -0.018     0.889
 8   112.000   -27.313     7.459
 8    -0.778     0.583     0.232
 8    -0.322    -0.688     0.651
 8     0.539     0.432     0.723
 9    98.194   -33.999    24.749
 9    -0.761     0.228    -0.608
 9    -0.220     0.790     0.572
 9     0.610     0.569    -0.551
 2    98.721   -22.667    59.301
 2     0.973    -0.230    -0.012
 2     0.229     0.971     0.051
 2     0.001    -0.054     0.998
 3   133.700     0.400     5.758
 3     0.061    -0.171    -0.983
 3    -0.206     0.962    -0.179
 3     0.976     0.213     0.023
 4   125.479    16.846    -2.393
 4     0.281    -0.954    -0.105
 4     0.816     0.294    -0.497
 4     0.504     0.054     0.861
 5   108.024    23.070    10.993
 5    -0.736    -0.470     0.488
 5     0.274    -0.865    -0.420
 5     0.619    -0.176     0.765
 6   104.503    23.560    33.100
 6    -0.563    -0.246    -0.789
 6    -0.012     0.957    -0.290
 6     0.826    -0.154    -0.542
 7   128.573   -16.593    -3.771
 7     0.482     0.841    -0.247
 7    -0.747     0.540     0.387
 7     0.458    -0.004     0.888
 8   112.284   -27.227     7.111
 8    -0.788     0.575     0.222
 8    -0.324    -0.692     0.645
 8     0.524     0.436     0.731
 9    97.974   -34.076    23.950
 9    -0.777     0.209    -0.593
 9    -0.228     0.785     0.575
 9     0.586     0.582    -0.563
 2    98.720   -22.616    59.352
 2     0.973    -0.231    -0.012
 2     0.230     0.971     0.052
 2     0.001    -0.055     0.998
 3   134.090     0.468     5.921
 3     0.040    -0.173    -0.984
 3    -0.210     0.961    -0.178
 3     0.977     0.213     0.002
 4   126.122    16.905    -2.355
 4     0.271    -0.955    -0.120
 4     0.816     0.294    -0.498
 4     0.510     0.037     0.859
 5   108.507    23.133    10.768
 5    -0.747    -0.468     0.473
 5     0.274    -0.864    -0.422
 5     0.605    -0.186     0.773
 6   104.687    23.675    32.663
 6    -0.579    -0.236    -0.780
 6    -0.009     0.959    -0.284
 6     0.815    -0.158    -0.557
 7   129.210   -16.445    -3.670
 7     0.460     0.847    -0.267
 7    -0.755     0.530     0.385
 7     0.466     0.023     0.883
 8   112.223   -26.966     6.530
 8    -0.812     0.546     0.209
 8    -0.314    -0.709     0.632
 8     0.492     0.447     0.746
 9    97.002   -33.991    22.612
 9    -0.812     0.177    -0.556
 9    -0.229     0.780     0.582
 9     0.536     0.600    -0.594
 2    98.721   -22.666    59.301
 2     0.973    -0.231    -0.012
 2     0.230     0.971     0.052
 2     0.001    -0.055     0.998
 3   134.388     0.342     6.086
 3     0.024    -0.167    -0.986
 3    -0.208     0.964    -0.169
 3     0.978     0.208    -0.012
 4   126.570    16.854    -2.444
 4     0.269    -0.954    -0.131
 4     0.818     0.298    -0.493
 4     0.508     0.025     0.860
 5   108.881    23.301    10.441
 5    -0.750    -0.475     0.462
 5     0.288    -0.862    -0.417
 5     0.595    -0.180     0.783
 6   102.826    25.506    31.501
 6    -0.589    -0.222    -0.777
 6     0.008     0.960    -0.281
 6     0.808    -0.172    -0.563
 7   129.254   -16.459    -3.661
 7     0.438     0.858    -0.272
 7    -0.769     0.512     0.382
 7     0.465     0.041     0.883
 8   111.972   -26.873     5.877
 8    -0.831     0.520     0.199
 8    -0.316    -0.735     0.600
 8     0.458     0.435     0.775
 9    95.869   -34.224    21.185
 9    -0.840     0.141    -0.524
 9    -0.240     0.770     0.591
 9     0.487     0.623    -0.613
 2    98.720   -22.616    59.352
 2     0.973    -0.231    -0.012
 2     0.230     0.971     0.052
 2     0.001    -0.055     0.998
 3   134.605     0.194     6.142
 3     0.013    -0.156    -0.988
 3    -0.208     0.966    -0.155
 3     0.978     0.207    -0.020
 4   126.864    16.801    -2.482
 4     0.266    -0.954    -0.138
 4     0.820     0.299    -0.488
 4     0.505     0.017     0.862
 5   109.163    23.398    10.230
 5    -0.753    -0.474     0.458
 5     0.293    -0.863    -0.411
 5     0.589    -0.176     0.788
 6   103.035    25.756    31.167
 6    -0.596    -0.216    -0.774
 6     0.014     0.960    -0.279
 6     0.803    -0.177    -0.569
 7   129.390   -16.281    -3.791
 7     0.418     0.866    -0.276
 7    -0.787     0.495     0.366
 7     0.452     0.063     0.889
 8   111.902   -26.547     4.912
 8    -0.847     0.498     0.189
 8    -0.321    -0.760     0.565
 8     0.425     0.418     0.803
 9    95.324   -34.318    19.396
 9    -0.859     0.122    -0.498
 9    -0.248     0.751     0.611
 9     0.448     0.649    -0.615
 2    98.719   -22.616    59.304
 2     0.973    -0.231    -0.012
 2     0.230     0.971     0.052
 2     0.000    -0.055     0.998
 3   135.018     0.195     6.264
 3    -0.011    -0.149    -0.989
 3    -0.212     0.967    -0.143
 3     0.977     0.207    -0.042
 4   127.647    16.907    -2.377
 4     0.258    -0.954    -0.155
 4     0.822     0.300    -0.484
 4     0.507    -0.003     0.861
 5   109.689    23.637     9.933
 5    -0.762    -0.475     0.441
 5     0.301    -0.862    -0.407
 5     0.572    -0.178     0.800
 6   103.193    26.100    30.794
 6    -0.612    -0.200    -0.765
 6     0.023     0.962    -0.270
 6     0.790    -0.183    -0.585
 7   129.696   -15.928    -3.918
 7     0.396     0.873    -0.287
 7    -0.807     0.479     0.347
 7     0.438     0.093     0.893
 8   111.953   -26.660     3.602
 8    -0.862     0.484     0.149
 8    -0.346    -0.778     0.524
 8     0.369     0.401     0.838
 9    94.586   -35.315    16.808
 9    -0.882     0.066    -0.467
 9    -0.275     0.732     0.623
 9     0.383     0.678    -0.627
 2    98.719   -22.616    59.304
 2     0.973    -0.231    -0.012
 2     0.230     0.971     0.052
 2     0.000    -0.055     0.998
 3   135.171     0.066     6.361
 3    -0.023    -0.139    -0.990
 3    -0.215     0.968    -0.131
 3     0.976     0.210    -0.052
 4   127.870    16.907    -2.474
 4     0.256    -0.953    -0.160
 4     0.823     0.301    -0.481
 4     0.506    -0.008     0.862
 5   109.781    23.608     9.865
 5    -0.763    -0.476     0.438
 5     0.305    -0.862    -0.405
 5     0.569    -0.176     0.802
 6   103.239    26.150    30.747
 6    -0.614    -0.199    -0.764
 6     0.024     0.962    -0.271
 6     0.789    -0.185    -0.586
 7   129.356   -15.784    -4.185
 7     0.381     0.882    -0.279
 7    -0.827     0.459     0.325
 7     0.413     0.106     0.903
 8   111.634   -26.369     3.074
 8    -0.869     0.470     0.154
 8    -0.343    -0.797     0.497
 8     0.356     0.379     0.854
 9    94.233   -34.871    16.514
 9    -0.886     0.080    -0.457
 9    -0.268     0.714     0.646
 9     0.378     0.695    -0.611
 2    98.720   -22.616    59.378
 2     0.973    -0.231    -0.012
 2     0.230     0.971     0.052
 2     0.001    -0.055     0.998
 3   135.180     0.052     6.327
 3    -0.029    -0.132    -0.991
 3    -0.220     0.968    -0.123
 3     0.975     0.214    -0.057
 4   127.913    16.905    -2.540
 4     0.257    -0.953    -0.160
 4     0.825     0.302    -0.479
 4     0.503    -0.009     0.863
 5   109.900    23.633     9.716
 5    -0.764    -0.475     0.438
 5     0.308    -0.863    -0.399
 5     0.567    -0.170     0.805
 6   103.364    26.377    30.570
 6    -0.615    -0.195    -0.764
 6     0.031     0.962    -0.271
 6     0.788    -0.190    -0.585
 7   129.279   -15.620    -4.324
 7     0.376     0.886    -0.274
 7    -0.835     0.451     0.316
 7     0.402     0.109     0.908
 8   111.555   -26.143     2.765
 8    -0.870     0.466     0.157
 8    -0.345    -0.806     0.481
 8     0.351     0.364     0.862
 9    93.789   -35.262    15.318
 9    -0.897     0.051    -0.438
 9    -0.281     0.699     0.657
 9     0.339     0.713    -0.613
 2    98.720   -22.616    59.352
 2     0.973    -0.231    -0.012
 2     0.230     0.971     0.052
 2     0.001    -0.055     0.998
 3   135.218    -0.004     6.342
 3    -0.030    -0.129    -0.991
 3    -0.222     0.968    -0.120
 3     0.974     0.216    -0.058
 4   128.005    16.852    -2.630
 4     0.256    -0.953    -0.161
 4     0.827     0.301    -0.475
 4     0.500    -0.011     0.865
 5   109.899    23.633     9.638
 5    -0.764    -0.475     0.439
 5     0.309    -0.864    -0.396
 5     0.567    -0.167     0.806
 6   103.360    26.376    30.524
 6    -0.616    -0.194    -0.764
 6     0.031     0.962    -0.270
 6     0.787    -0.190    -0.586
 7   129.183   -15.608    -4.396
 7     0.367     0.889    -0.273
 7    -0.842     0.442     0.309
 7     0.394     0.115     0.911
 8   111.382   -26.101     2.503
 8    -0.874     0.462     0.152
 8    -0.348    -0.812     0.468
 8     0.339     0.356     0.870
 9    93.546   -35.272    15.016
 9    -0.901     0.047    -0.432
 9    -0.281     0.695     0.662
 9     0.331     0.718    -0.612
 2    98.720   -22.616    59.352
 2     0.973    -0.231    -0.012
 2     0.230     0.971     0.052
 2     0.001    -0.055     0.998
 3   135.169    -0.031     6.319
 3    -0.031    -0.126    -0.991
 3    -0.224     0.968    -0.116
 3     0.974     0.218    -0.058
 4   127.955    16.851    -2.631
 4     0.257    -0.953    -0.161
 4     0.827     0.302    -0.475
 4     0.500    -0.011     0.865
 5   109.900    23.683     9.688
 5    -0.763    -0.476     0.439
 5     0.310    -0.864    -0.397
 5     0.567    -0.167     0.806
 6   103.416    26.453    30.569
 6    -0.615    -0.190    -0.766
 6     0.033     0.963    -0.266
 6     0.788    -0.189    -0.586
 7   129.053   -15.636    -4.462
 7     0.367     0.891    -0.268
 7    -0.844     0.439     0.308
 7     0.391     0.112     0.913
 8   111.272   -26.096     2.580
 8    -0.872     0.464     0.156
 8    -0.346    -0.810     0.473
 8     0.346     0.358     0.867
 9    93.491   -35.455    14.965
 9    -0.902     0.030    -0.431
 9    -0.290     0.697     0.656
 9     0.320     0.717    -0.620
 2    98.720   -22.616    59.352
 2     0.973    -0.231    -0.012
 2     0.230     0.971     0.052
 2     0.001    -0.055     0.998
 3   135.147    -0.079     6.270
 3    -0.029    -0.124    -0.992
 3    -0.223     0.968    -0.115
 3     0.974     0.218    -0.055
 4   127.897    16.798    -2.646
 4     0.258    -0.953    -0.161
 4     0.828     0.302    -0.472
 4     0.497    -0.011     0.867
 5   109.715    23.554     9.543
 5    -0.765    -0.473     0.439
 5     0.311    -0.865    -0.392
 5     0.564    -0.163     0.809
 6   103.105    26.323    30.405
 6    -0.619    -0.190    -0.762
 6     0.033     0.963    -0.267
 6     0.785    -0.191    -0.590
 7   128.906   -15.686    -4.413
 7     0.367     0.892    -0.266
 7    -0.843     0.439     0.310
 7     0.392     0.109     0.912
 8   111.153   -26.246     2.747
 8    -0.871     0.465     0.157
 8    -0.346    -0.808     0.477
 8     0.349     0.361     0.865
 9    93.501   -35.426    15.783
 9    -0.901     0.032    -0.433
 9    -0.286     0.704     0.649
 9     0.326     0.709    -0.625
 2    98.744   -22.616    59.304
 2     0.973    -0.231    -0.012
 2     0.230     0.971     0.052
 2     0.000    -0.055     0.998
 3   134.980    -0.064     6.318
 3    -0.021    -0.124    -0.992
 3    -0.223     0.968    -0.116
 3     0.974     0.218    -0.048
 4   127.623    16.745    -2.624
 4     0.264    -0.952    -0.157
 4     0.826     0.306    -0.473
 4     0.497    -0.004     0.867
 5   109.764    23.644     9.996
 5    -0.753    -0.481     0.450
 5     0.311    -0.862    -0.400
 5     0.580    -0.161     0.798
 6   103.681    26.386    31.105
 6    -0.601    -0.185    -0.777
 6     0.034     0.966    -0.256
 6     0.798    -0.181    -0.574
 7   128.361   -15.953    -4.226
 7     0.394     0.887    -0.240
 7    -0.833     0.454     0.317
 7     0.389     0.074     0.918
 8   111.280   -26.823     4.691
 8    -0.832     0.520     0.195
 8    -0.354    -0.767     0.534
 8     0.427     0.375     0.822
 9    95.471   -35.899    19.483
 9    -0.851     0.095    -0.516
 9    -0.295     0.726     0.621
 9     0.433     0.681    -0.590
 2    98.720   -22.616    59.352
 2     0.973    -0.231    -0.012
 2     0.230     0.971     0.052
 2     0.001    -0.055     0.998
 3   134.515    -0.074     6.299
 3     0.028    -0.135    -0.990
 3    -0.220     0.966    -0.138
 3     0.975     0.221    -0.002
 4   127.027    16.735    -2.592
 4     0.302    -0.944    -0.134
 4     0.812     0.328    -0.483
 4     0.498     0.037     0.865
 5   110.098    24.089    11.282
 5    -0.703    -0.517     0.489
 5     0.333    -0.846    -0.416
 5     0.628    -0.130     0.766
 6   105.784    27.007    32.756
 6    -0.540    -0.172    -0.824
 6     0.052     0.970    -0.237
 6     0.840    -0.171    -0.515
 7   127.707   -16.400    -4.034
 7     0.454     0.868    -0.201
 7    -0.801     0.495     0.336
 7     0.390     0.008     0.920
 8   112.288   -28.126     6.521
 8    -0.766     0.606     0.214
 8    -0.388    -0.702     0.598
 8     0.512     0.374     0.772
 9    98.848   -37.372    23.037
 9    -0.771     0.129    -0.623
 9    -0.327     0.759     0.562
 9     0.545     0.637    -0.544
 2    98.720   -22.616    59.352
 2     0.973    -0.231    -0.012
 2     0.230     0.971     0.052
 2     0.001    -0.055     0.998
 3   133.946    -0.088     6.132
 3     0.108    -0.157    -0.982
 3    -0.216     0.960    -0.177
 3     0.970     0.231     0.070
 4   126.148    16.505    -2.527
 4     0.364    -0.927    -0.095
 4     0.794     0.362    -0.489
 4     0.486     0.103     0.867
 5   111.377    25.095    13.117
 5    -0.597    -0.579     0.556
 5     0.384    -0.814    -0.436
 5     0.705    -0.047     0.707
 6   110.088    28.256    34.954
 6    -0.429    -0.144    -0.892
 6     0.092     0.975    -0.202
 6     0.899    -0.168    -0.405
 7   127.632   -16.757    -3.642
 7     0.548     0.822    -0.156
 7    -0.744     0.563     0.359
 7     0.382    -0.081     0.920
 8   114.587   -29.416     8.939
 8    -0.651     0.723     0.229
 8    -0.440    -0.606     0.662
 8     0.618     0.331     0.713
 9   104.601   -38.791    27.489
 9    -0.647     0.149    -0.748
 9    -0.367     0.799     0.477
 9     0.668     0.583    -0.462
 2    98.743   -22.616    59.304
 2     0.973    -0.231    -0.011
 2     0.230     0.971     0.052
 2    -0.000    -0.054     0.998
 3   133.677    -0.168     5.988
 3     0.161    -0.174    -0.971
 3    -0.214     0.955    -0.207
 3     0.963     0.240     0.116
 4   125.633    16.197    -2.545
 4     0.415    -0.908    -0.061
 4     0.778     0.389    -0.493
 4     0.470     0.157     0.868
 5   113.064    25.336    14.801
 5    -0.494    -0.619     0.611
 5     0.404    -0.785    -0.469
 5     0.770     0.015     0.637
 6   113.938    28.479    36.661
 6    -0.332    -0.137    -0.933
 6     0.105     0.978    -0.181
 6     0.938    -0.158    -0.310
 7   126.877   -17.280    -3.252
 7     0.633     0.769    -0.082
 7    -0.696     0.612     0.374
 7     0.338    -0.180     0.923
 8   117.584   -30.221    11.728
 8    -0.487     0.829     0.275
 8    -0.448    -0.507     0.736
 8     0.750     0.235     0.618
 9   112.189   -38.510    32.190
 9    -0.470     0.187    -0.863
 9    -0.365     0.848     0.383
 9     0.803     0.495    -0.330
 2    98.721   -22.616    59.301
 2     0.973    -0.231    -0.012
 2     0.230     0.971     0.052
 2     0.001    -0.055     0.998
 3   133.314    -0.378     5.809
 3     0.206    -0.180    -0.962
 3    -0.215     0.951    -0.224
 3     0.954     0.252     0.157
 4   124.783    15.949    -2.187
 4     0.460    -0.888    -0.020
 4     0.758     0.404    -0.512
 4     0.462     0.221     0.858
 5   114.684    25.163    17.211
 5    -0.371    -0.630     0.683
 5     0.393    -0.772    -0.499
 5     0.841     0.083     0.534
 6   118.342    27.771    38.852
 6    -0.210    -0.151    -0.966
 6     0.095     0.980    -0.174
 6     0.973    -0.129    -0.192
 7   125.502   -17.645    -2.912
 7     0.697     0.716    -0.012
 7    -0.657     0.646     0.388
 7     0.286    -0.263     0.921
 8   120.518   -29.757    14.590
 8    -0.261     0.884     0.387
 8    -0.419    -0.465     0.780
 8     0.869     0.041     0.492
 9   120.684   -36.838    35.963
 9    -0.231     0.357    -0.905
 9    -0.320     0.850     0.417
 9     0.919     0.386    -0.083
 2    98.719   -22.616    59.304
 2     0.973    -0.231    -0.012
 2     0.230     0.971     0.052
 2     0.000    -0.055     0.998
 3   132.550    -0.743     5.687
 3     0.250    -0.165    -0.954
 3    -0.229     0.948    -0.223
 3     0.941     0.273     0.199
 4   123.315    15.742    -1.479
 4     0.510    -0.860     0.028
 4     0.735     0.418    -0.534
 4     0.447     0.292     0.845
 5   116.954    24.498    19.926
 5    -0.181    -0.614     0.768
 5     0.368    -0.767    -0.525
 5     0.912     0.187     0.365
 6   124.657    26.868    40.164
 6    -0.020    -0.192    -0.981
 6     0.081     0.978    -0.193
 6     0.996    -0.083    -0.004
 7   123.653   -18.115    -2.523
 7     0.722     0.691     0.049
 7    -0.644     0.643     0.414
 7     0.254    -0.330     0.909
 8   123.672   -27.128    17.484
 8     0.031     0.773     0.634
 8    -0.304    -0.597     0.742
 8     0.952    -0.215     0.217
 9   129.867   -32.585    38.075
 9     0.058     0.694    -0.719
 9    -0.201     0.711     0.672
 9     0.978     0.108     0.178
 2    98.744   -22.616    59.304
 2     0.973    -0.231    -0.012
 2     0.230     0.971     0.052
 2     0.000    -0.055     0.998
 3   131.338    -0.931     5.182
 3     0.304    -0.159    -0.939
 3    -0.236     0.943    -0.236
 3     0.923     0.292     0.249
 4   121.377    15.647    -1.085
 4     0.549    -0.830     0.100
 4     0.728     0.417    -0.544
 4     0.409     0.371     0.833
 5   119.727    23.527    21.504
 5     0.061    -0.573     0.818
 5     0.326    -0.763    -0.557
 5     0.943     0.299     0.142
 6   130.175    25.351    40.117
 6     0.168    -0.209    -0.963
 6     0.058     0.977    -0.202
 6     0.984    -0.022     0.176
 7   122.254   -18.496    -2.071
 7     0.728     0.682     0.068
 7    -0.638     0.639     0.430
 7     0.249    -0.357     0.900
 8   126.319   -24.691    19.302
 8     0.259     0.661     0.705
 8    -0.193    -0.679     0.708
 8     0.946    -0.319    -0.047
 9   134.531   -29.807    38.513
 9     0.198     0.802    -0.568
 9    -0.124     0.591     0.795
 9     0.972    -0.085     0.213
 2    98.719   -22.616    59.304
 2     0.973    -0.231    -0.012
 2     0.230     0.971     0.052
 2     0.000    -0.055     0.998
 3   130.584    -1.291     4.768
 3     0.337    -0.134    -0.932
 3    -0.234     0.947    -0.220
 3     0.912     0.292     0.288
 4   120.280    15.258    -0.790
 4     0.581    -0.803     0.137
 4     0.719     0.426    -0.549
 4     0.382     0.417     0.824
 5   120.890    21.984    22.187
 5     0.168    -0.562     0.811
 5     0.255    -0.769    -0.585
 5     0.952     0.303     0.015
 6   131.769    23.422    40.394
 6     0.219    -0.251    -0.943
 6     0.027     0.967    -0.251
 6     0.975     0.028     0.218
 7   121.112   -19.012    -1.824
 7     0.716     0.692     0.092
 7    -0.653     0.617     0.439
 7     0.247    -0.375     0.893
 8   126.413   -24.657    19.749
 8     0.323     0.633     0.705
 8    -0.178    -0.690     0.700
 8     0.929    -0.351    -0.109
 9   135.084   -29.453    39.169
 9     0.247     0.834    -0.498
 9    -0.096     0.527     0.842
 9     0.964    -0.159     0.207
 2    98.721   -22.616    59.301
 2     0.973    -0.231    -0.012
 2     0.230     0.971     0.052
 2     0.001    -0.055     0.998
 3   130.160    -1.645     4.515
 3     0.357    -0.117    -0.927
 3    -0.227     0.951    -0.208
 3     0.906     0.284     0.313
 4   119.602    15.128    -0.596
 4     0.574    -0.803     0.162
 4     0.728     0.410    -0.548
 4     0.374     0.432     0.820
 5   120.505    20.847    23.037
 5     0.224    -0.515     0.829
 5     0.204    -0.806    -0.554
 5     0.953     0.291    -0.074
 6   131.013    23.607    40.896
 6     0.199    -0.418    -0.887
 6     0.032     0.906    -0.419
 6     0.979     0.053     0.193
 7   120.756   -19.225    -1.413
 7     0.700     0.709     0.091
 7    -0.660     0.592     0.462
 7     0.273    -0.383     0.882
 8   123.962   -24.026    20.629
 8     0.251     0.632     0.735
 8    -0.139    -0.727     0.671
 8     0.958    -0.268    -0.093
 9   131.459   -29.011    40.615
 9     0.299     0.942    -0.157
 9    -0.070     0.182     0.980
 9     0.951    -0.282     0.118
 2    98.720   -22.616    59.301
 2     0.973    -0.231    -0.012
 2     0.230     0.971     0.051
 2     0.001    -0.054     0.998
 3   129.603    -1.647     4.342
 3     0.376    -0.106    -0.920
 3    -0.222     0.954    -0.200
 3     0.899     0.279     0.336
 4   118.908    15.224    -0.327
 4     0.571    -0.803     0.173
 4     0.733     0.404    -0.546
 4     0.368     0.438     0.819
 5   120.286    20.448    23.348
 5     0.245    -0.520     0.820
 5     0.176    -0.807    -0.563
 5     0.953     0.280    -0.105
 6   130.626    23.530    41.036
 6     0.188    -0.470    -0.864
 6     0.042     0.881    -0.469
 6     0.981     0.049     0.184
 7   119.813   -19.495    -1.362
 7     0.691     0.712     0.120
 7    -0.674     0.576     0.462
 7     0.260    -0.401     0.878
 8   123.031   -24.565    20.678
 8     0.235     0.632     0.740
 8    -0.155    -0.726     0.668
 8     0.959    -0.270    -0.071
 9   131.464   -29.283    40.431
 9     0.279     0.896    -0.350
 9    -0.061     0.376     0.923
 9     0.958    -0.236     0.157
 2    98.720   -22.616    59.352
 2     0.973    -0.231    -0.012
 2     0.230     0.971     0.052
 2     0.001    -0.055     0.998
 3   129.063    -1.878     3.961
 3     0.415    -0.095    -0.905
 3    -0.210     0.958    -0.196
 3     0.885     0.271     0.378
 4   117.819    14.893    -0.327
 4     0.567    -0.801     0.193
 4     0.738     0.390    -0.549
 4     0.365     0.454     0.813
 5   119.326    20.276    23.386
 5     0.236    -0.536     0.812
 5     0.167    -0.800    -0.575
 5     0.957     0.270    -0.099
 6   129.092    23.895    41.283
 6     0.199    -0.622    -0.759
 6     0.047     0.778    -0.625
 6     0.979     0.086     0.182
 7   119.100   -19.782    -1.143
 7     0.709     0.689     0.147
 7    -0.663     0.582     0.470
 7     0.239    -0.431     0.870
 8   123.249   -25.573    20.555
 8     0.256     0.699     0.668
