% Calibrated with leiden_pols
% Positions are in centimeters
Data =[
 2    97.311   -18.754    59.749
 2     0.620    -0.784     0.004
 2     0.784     0.620     0.037
 2    -0.032    -0.020     0.999
 3   129.727    -2.338     3.540
 3     0.463    -0.188    -0.866
 3     0.085     0.982    -0.168
 3     0.882     0.004     0.471
 4   110.057    15.019    -8.647
 4     0.522    -0.818     0.240
 4     0.834     0.432    -0.342
 4     0.176     0.378     0.908
 5   108.722    25.007    18.292
 5     0.387    -0.142     0.911
 5     0.407    -0.860    -0.308
 5     0.827     0.490    -0.276
 6   134.451    21.129    26.426
 6     0.951     0.100    -0.292
 6    -0.300     0.089    -0.950
 6    -0.070     0.991     0.115
 7   110.826   -21.259    -6.081
 7     0.762     0.543     0.352
 7    -0.645     0.686     0.337
 7    -0.059    -0.484     0.873
 8   112.124   -25.013    21.113
 8     0.344    -0.476     0.809
 8    -0.352    -0.864    -0.359
 8     0.870    -0.161    -0.466
 9   137.775   -24.927    30.562
 9     0.961     0.116    -0.249
 9     0.271    -0.268     0.924
 9     0.041    -0.956    -0.289
 2    97.311   -18.754    59.750
 2     0.620    -0.784     0.004
 2     0.783     0.620     0.037
 2    -0.032    -0.021     0.999
 3   129.627    -2.312     3.591
 3     0.462    -0.189    -0.866
 3     0.085     0.982    -0.169
 3     0.882     0.004     0.470
 4   109.957    15.070    -8.596
 4     0.522    -0.818     0.239
 4     0.834     0.432    -0.342
 4     0.176     0.378     0.908
 5   108.768    25.080    18.299
 5     0.389    -0.146     0.909
 5     0.406    -0.859    -0.311
 5     0.826     0.491    -0.275
 6   134.384    21.119    26.144
 6     0.949     0.109    -0.294
 6    -0.303     0.086    -0.949
 6    -0.078     0.990     0.114
 7   110.829   -21.258    -6.084
 7     0.762     0.542     0.352
 7    -0.644     0.685     0.338
 7    -0.058    -0.485     0.872
 8   112.124   -25.014    21.113
 8     0.344    -0.477     0.808
 8    -0.353    -0.864    -0.360
 8     0.870    -0.162    -0.466
 9   137.725   -24.927    30.562
 9     0.961     0.116    -0.249
 9     0.271    -0.268     0.924
 9     0.041    -0.956    -0.289
 2    97.311   -18.754    59.750
 2     0.620    -0.784     0.003
 2     0.783     0.620     0.037
 2    -0.032    -0.021     0.999
 3   129.632    -2.260     3.584
 3     0.462    -0.190    -0.866
 3     0.086     0.982    -0.170
 3     0.883     0.004     0.470
 4   109.958    15.019    -8.596
 4     0.523    -0.818     0.239
 4     0.834     0.433    -0.342
 4     0.176     0.378     0.909
 5   108.658    25.134    18.160
 5     0.386    -0.155     0.909
 5     0.404    -0.857    -0.318
 5     0.829     0.490    -0.269
 6   134.259    20.936    26.099
 6     0.946     0.110    -0.303
 6    -0.313     0.083    -0.946
 6    -0.079     0.990     0.113
 7   110.830   -21.258    -6.032
 7     0.762     0.542     0.353
 7    -0.644     0.685     0.340
 7    -0.058    -0.487     0.871
 8   112.024   -25.066    21.139
 8     0.343    -0.479     0.808
 8    -0.354    -0.863    -0.361
 8     0.870    -0.162    -0.465
 9   137.727   -25.027    30.559
 9     0.962     0.117    -0.248
 9     0.271    -0.267     0.925
 9     0.042    -0.956    -0.289
 2    97.311   -18.704    59.699
 2     0.620    -0.784     0.004
 2     0.784     0.620     0.037
 2    -0.032    -0.021     0.999
 3   129.633    -2.310     3.636
 3     0.461    -0.190    -0.867
 3     0.087     0.982    -0.169
 3     0.883     0.002     0.469
 4   109.948    15.015    -8.635
 4     0.523    -0.818     0.240
 4     0.835     0.434    -0.339
 4     0.172     0.378     0.909
 5   108.573    25.588    17.583
 5     0.382    -0.181     0.906
 5     0.404    -0.849    -0.339
 5     0.831     0.496    -0.251
 6   134.044    20.309    25.857
 6     0.931     0.111    -0.346
 6    -0.355     0.072    -0.932
 6    -0.079     0.991     0.107
 7   110.771   -21.311    -5.974
 7     0.764     0.539     0.352
 7    -0.642     0.689     0.337
 7    -0.061    -0.484     0.873
 8   112.327   -25.428    21.128
 8     0.358    -0.474     0.804
 8    -0.364    -0.864    -0.348
 8     0.860    -0.168    -0.482
 9   137.897   -25.104    30.484
 9     0.961     0.115    -0.251
 9     0.273    -0.264     0.925
 9     0.041    -0.958    -0.285
 2    97.311   -18.754    59.750
 2     0.620    -0.784     0.003
 2     0.783     0.620     0.037
 2    -0.032    -0.021     0.999
 3   129.582    -2.258     3.534
 3     0.461    -0.193    -0.866
 3     0.089     0.981    -0.171
 3     0.883     0.001     0.469
 4   109.861    14.945    -8.759
 4     0.535    -0.809     0.244
 4     0.830     0.451    -0.327
 4     0.154     0.377     0.913
 5   109.719    27.206    16.743
 5     0.392    -0.318     0.863
 5     0.385    -0.796    -0.468
 5     0.835     0.516    -0.189
 6   134.212    17.287    24.843
 6     0.857     0.149    -0.494
 6    -0.508     0.084    -0.857
 6    -0.087     0.985     0.148
 7   110.787   -21.342    -5.986
 7     0.774     0.522     0.359
 7    -0.629     0.701     0.337
 7    -0.076    -0.486     0.870
 8   113.360   -26.092    21.169
 8     0.407    -0.439     0.801
 8    -0.370    -0.881    -0.295
 8     0.835    -0.176    -0.521
 9   139.145   -24.682    29.416
 9     0.947     0.097    -0.305
 9     0.319    -0.230     0.919
 9     0.019    -0.968    -0.249
 2    97.311   -18.754    59.750
 2     0.620    -0.784     0.004
 2     0.783     0.620     0.037
 2    -0.032    -0.021     0.999
 3   129.571    -2.259     3.469
 3     0.463    -0.198    -0.864
 3     0.092     0.980    -0.175
 3     0.881     0.001     0.472
 4   110.006    14.880    -8.812
 4     0.561    -0.793     0.237
 4     0.814     0.478    -0.329
 4     0.147     0.377     0.914
 5   111.044    27.960    16.133
 5     0.417    -0.435     0.798
 5     0.350    -0.734    -0.583
 5     0.839     0.522    -0.154
 6   134.230    13.998    24.379
 6     0.767     0.171    -0.618
 6    -0.636     0.071    -0.769
 6    -0.088     0.983     0.163
 7   111.011   -21.389    -5.910
 7     0.792     0.492     0.361
 7    -0.604     0.716     0.349
 7    -0.087    -0.495     0.865
 8   114.727   -26.534    21.224
 8     0.458    -0.380     0.803
 8    -0.348    -0.908    -0.231
 8     0.818    -0.174    -0.549
 9   140.447   -22.732    28.750
 9     0.915     0.078    -0.396
 9     0.404    -0.187     0.895
 9    -0.004    -0.979    -0.203
 2    97.311   -18.754    59.750
 2     0.620    -0.784     0.003
 2     0.783     0.620     0.037
 2    -0.032    -0.021     0.999
 3   129.571    -2.255     3.281
 3     0.461    -0.212    -0.862
 3     0.094     0.977    -0.189
 3     0.882     0.006     0.471
 4   110.056    14.795    -8.927
 4     0.578    -0.783     0.230
 4     0.803     0.495    -0.330
 4     0.144     0.375     0.915
 5   112.434    28.380    15.816
 5     0.446    -0.512     0.734
 5     0.316    -0.677    -0.664
 5     0.837     0.528    -0.140
 6   134.105    11.101    24.084
 6     0.676     0.200    -0.709
 6    -0.731     0.071    -0.678
 6    -0.085     0.977     0.195
 7   111.399   -21.426    -5.832
 7     0.815     0.457     0.355
 7    -0.572     0.732     0.370
 7    -0.091    -0.505     0.858
 8   116.520   -26.696    21.285
 8     0.520    -0.309     0.796
 8    -0.314    -0.936    -0.159
 8     0.794    -0.167    -0.584
 9   141.809   -20.337    27.565
 9     0.869     0.035    -0.493
 9     0.492    -0.147     0.858
 9    -0.042    -0.988    -0.145
 2    97.311   -18.754    59.750
 2     0.620    -0.784     0.004
 2     0.783     0.620     0.037
 2    -0.032    -0.021     0.999
 3   129.630    -2.149     3.216
 3     0.457    -0.218    -0.862
 3     0.097     0.976    -0.195
 3     0.884     0.005     0.467
 4   110.220    14.731    -8.998
 4     0.597    -0.770     0.223
 4     0.790     0.518    -0.326
 4     0.135     0.371     0.918
 5   113.903    28.622    15.569
 5     0.475    -0.569     0.671
 5     0.289    -0.619    -0.730
 5     0.831     0.541    -0.130
 6   134.274     9.081    23.624
 6     0.597     0.230    -0.769
 6    -0.798     0.073    -0.598
 6    -0.081     0.970     0.227
 7   111.728   -21.368    -5.772
 7     0.834     0.428     0.348
 7    -0.543     0.748     0.381
 7    -0.098    -0.507     0.856
 8   118.247   -26.921    21.282
 8     0.577    -0.229     0.784
 8    -0.280    -0.957    -0.074
 8     0.767    -0.176    -0.616
 9   142.889   -17.890    26.040
 9     0.807    -0.018    -0.590
 9     0.585    -0.107     0.803
 9    -0.078    -0.994    -0.076
 2    97.311   -18.754    59.750
 2     0.620    -0.784     0.003
 2     0.783     0.620     0.038
 2    -0.032    -0.021     0.999
 3   129.750    -2.015     3.190
 3     0.449    -0.219    -0.866
 3     0.097     0.975    -0.196
 3     0.888     0.004     0.460
 4   110.406    14.713    -9.088
 4     0.619    -0.755     0.216
 4     0.775     0.544    -0.321
 4     0.124     0.366     0.922
 5   115.657    28.785    15.286
 5     0.505    -0.617     0.604
 5     0.262    -0.557    -0.788
 5     0.822     0.556    -0.120
 6   134.453     7.173    23.464
 6     0.518     0.247    -0.819
 6    -0.853     0.072    -0.517
 6    -0.069     0.966     0.248
 7   112.033   -21.241    -5.739
 7     0.852     0.394     0.344
 7    -0.511     0.769     0.383
 7    -0.114    -0.502     0.857
 8   119.891   -27.600    20.752
 8     0.629    -0.144     0.763
 8    -0.258    -0.965     0.031
 8     0.733    -0.217    -0.645
 9   143.500   -15.928    24.691
 9     0.732    -0.054    -0.679
 9     0.675    -0.070     0.734
 9    -0.087    -0.996    -0.015
 2    97.311   -18.754    59.750
 2     0.620    -0.784     0.003
 2     0.784     0.620     0.038
 2    -0.032    -0.021     0.999
 3   129.761    -2.063     3.126
 3     0.446    -0.218    -0.868
 3     0.095     0.976    -0.196
 3     0.890     0.005     0.456
 4   110.665    14.691    -9.037
 4     0.647    -0.734     0.203
 4     0.754     0.579    -0.310
 4     0.110     0.354     0.929
 5   117.336    29.076    14.790
 5     0.531    -0.661     0.529
 5     0.242    -0.480    -0.843
 5     0.812     0.576    -0.095
 6   134.622     5.863    23.593
 6     0.446     0.252    -0.859
 6    -0.894     0.076    -0.442
 6    -0.046     0.964     0.259
 7   112.253   -21.122    -5.692
 7     0.864     0.367     0.344
 7    -0.485     0.790     0.375
 7    -0.134    -0.491     0.861
 8   121.377   -28.750    20.202
 8     0.673    -0.062     0.737
 8    -0.249    -0.957     0.146
 8     0.697    -0.281    -0.660
 9   143.750   -14.144    23.936
 9     0.644    -0.076    -0.761
 9     0.762    -0.018     0.647
 9    -0.063    -0.997     0.046
 2    97.311   -18.704    59.750
 2     0.620    -0.784     0.003
 2     0.784     0.620     0.038
 2    -0.032    -0.021     0.999
 3   129.771    -2.060     3.162
 3     0.442    -0.222    -0.869
 3     0.094     0.975    -0.201
 3     0.892     0.007     0.452
 4   110.874    14.546    -9.098
 4     0.668    -0.717     0.198
 4     0.737     0.603    -0.304
 4     0.098     0.349     0.932
 5   118.847    28.630    14.639
 5     0.562    -0.678     0.474
 5     0.213    -0.435    -0.875
 5     0.799     0.592    -0.099
 6   135.230     4.548    23.094
 6     0.404     0.268    -0.874
 6    -0.913     0.067    -0.402
 6    -0.049     0.961     0.271
 7   112.275   -21.081    -5.772
 7     0.873     0.343     0.346
 7    -0.463     0.807     0.366
 7    -0.154    -0.480     0.864
 8   122.360   -29.118    19.693
 8     0.700     0.000     0.714
 8    -0.226    -0.948     0.222
 8     0.678    -0.317    -0.664
 9   143.677   -12.703    23.273
 9     0.577    -0.096    -0.811
 9     0.815     0.006     0.579
 9    -0.050    -0.995     0.082
 2    97.311   -18.754    59.750
 2     0.620    -0.784     0.003
 2     0.784     0.620     0.038
 2    -0.032    -0.021     0.999
 3   129.767    -2.131     3.083
 3     0.440    -0.238    -0.866
 3     0.100     0.971    -0.215
 3     0.892     0.008     0.451
 4   111.236    14.426    -8.953
 4     0.693    -0.696     0.190
 4     0.716     0.632    -0.296
 4     0.086     0.341     0.936
 5   120.311    28.420    14.750
 5     0.588    -0.686     0.428
 5     0.184    -0.402    -0.897
 5     0.788     0.606    -0.110
 6   135.818     3.641    22.937
 6     0.361     0.275    -0.891
 6    -0.931     0.057    -0.360
 6    -0.048     0.960     0.276
 7   112.371   -21.033    -5.733
 7     0.880     0.331     0.341
 7    -0.447     0.820     0.356
 7    -0.162    -0.466     0.870
 8   123.246   -29.172    19.335
 8     0.720     0.055     0.691
 8    -0.198    -0.939     0.281
 8     0.665    -0.339    -0.665
 9   143.531   -11.290    22.853
 9     0.511    -0.087    -0.855
 9     0.858    -0.003     0.513
 9    -0.047    -0.996     0.073
 2    97.311   -18.704    59.750
 2     0.620    -0.784     0.003
 2     0.783     0.620     0.038
 2    -0.032    -0.021     0.999
 3   129.756    -2.174     2.986
 3     0.439    -0.260    -0.860
 3     0.115     0.965    -0.234
 3     0.891     0.004     0.454
 4   111.615    14.457    -8.773
 4     0.710    -0.680     0.182
 4     0.700     0.656    -0.280
 4     0.071     0.326     0.942
 5   121.547    28.263    14.717
 5     0.608    -0.692     0.389
 5     0.165    -0.369    -0.915
 5     0.776     0.620    -0.110
 6   136.318     2.609    22.627
 6     0.316     0.294    -0.902
 6    -0.948     0.053    -0.315
 6    -0.044     0.954     0.295
 7   112.654   -20.961    -5.835
 7     0.887     0.314     0.337
 7    -0.426     0.837     0.343
 7    -0.175    -0.448     0.876
 8   124.102   -29.591    18.856
 8     0.736     0.097     0.670
 8    -0.185    -0.923     0.337
 8     0.651    -0.372    -0.661
 9   143.224   -10.331    22.347
 9     0.449    -0.095    -0.888
 9     0.893     0.011     0.450
 9    -0.033    -0.995     0.090
 2    97.311   -18.704    59.750
 2     0.620    -0.784     0.003
 2     0.784     0.620     0.037
 2    -0.032    -0.021     0.999
 3   129.702    -2.041     2.908
 3     0.437    -0.278    -0.856
 3     0.124     0.960    -0.249
 3     0.891     0.002     0.454
 4   111.825    14.390    -8.628
 4     0.724    -0.667     0.175
 4     0.687     0.675    -0.266
 4     0.059     0.313     0.948
 5   122.417    28.086    14.544
 5     0.626    -0.695     0.354
 5     0.148    -0.340    -0.929
 5     0.766     0.634    -0.110
 6   136.344     2.061    22.340
 6     0.274     0.316    -0.908
 6    -0.961     0.052    -0.272
 6    -0.039     0.947     0.318
 7   112.823   -20.862    -5.896
 7     0.894     0.299     0.333
 7    -0.408     0.850     0.332
 7    -0.184    -0.433     0.882
 8   124.590   -29.674    18.492
 8     0.743     0.134     0.655
 8    -0.174    -0.907     0.383
 8     0.646    -0.399    -0.651
 9   142.889    -9.479    22.304
 9     0.399    -0.113    -0.910
 9     0.917     0.027     0.398
 9    -0.021    -0.993     0.115
 2    97.311   -18.704    59.750
 2     0.620    -0.784     0.003
 2     0.783     0.620     0.038
 2    -0.032    -0.021     0.999
 3   129.708    -1.854     2.969
 3     0.431    -0.293    -0.854
 3     0.132     0.956    -0.262
 3     0.893     0.000     0.451
 4   111.931    14.377    -8.562
 4     0.732    -0.658     0.173
 4     0.679     0.689    -0.253
 4     0.047     0.302     0.952
 5   123.028    28.048    14.499
 5     0.633    -0.698     0.333
 5     0.139    -0.321    -0.937
 5     0.761     0.639    -0.106
 6   136.589     1.473    22.214
 6     0.253     0.327    -0.910
 6    -0.967     0.052    -0.250
 6    -0.034     0.943     0.329
 7   112.956   -20.788    -5.887
 7     0.898     0.290     0.331
 7    -0.398     0.857     0.327
 7    -0.189    -0.425     0.885
 8   124.805   -29.957    18.386
 8     0.742     0.152     0.652
 8    -0.173    -0.897     0.406
 8     0.647    -0.414    -0.640
 9   142.715    -9.115    22.321
 9     0.376    -0.133    -0.917
 9     0.926     0.041     0.374
 9    -0.011    -0.990     0.138
 2    97.311   -18.704    59.750
 2     0.620    -0.784     0.003
 2     0.784     0.620     0.037
 2    -0.032    -0.021     0.999
 3   129.707    -1.851     2.969
 3     0.428    -0.299    -0.853
 3     0.136     0.954    -0.266
 3     0.893    -0.002     0.449
 4   112.056    14.286    -8.517
 4     0.739    -0.650     0.175
 4     0.672     0.700    -0.240
 4     0.033     0.294     0.955
 5   123.485    28.037    14.258
 5     0.640    -0.700     0.315
 5     0.138    -0.299    -0.944
 5     0.755     0.648    -0.095
 6   136.771     1.533    22.363
 6     0.245     0.332    -0.911
 6    -0.969     0.064    -0.238
 6    -0.021     0.941     0.337
 7   113.071   -20.687    -5.882
 7     0.900     0.285     0.330
 7    -0.392     0.861     0.324
 7    -0.192    -0.421     0.886
 8   124.924   -29.856    18.339
 8     0.743     0.157     0.650
 8    -0.171    -0.895     0.411
 8     0.646    -0.417    -0.639
 9   142.758    -8.937    22.209
 9     0.370    -0.149    -0.917
 9     0.929     0.050     0.366
 9    -0.009    -0.987     0.157
 2    97.311   -18.704    59.750
 2     0.620    -0.785     0.003
 2     0.784     0.620     0.038
 2    -0.032    -0.021     0.999
 3   129.712    -1.746     2.963
 3     0.426    -0.305    -0.852
 3     0.139     0.952    -0.271
 3     0.894    -0.004     0.448
 4   112.076    14.232    -8.583
 4     0.741    -0.649     0.174
 4     0.671     0.703    -0.235
 4     0.030     0.291     0.956
 5   123.490    28.063    14.306
 5     0.640    -0.701     0.314
 5     0.138    -0.297    -0.945
 5     0.756     0.648    -0.093
 6   136.781     1.485    22.357
 6     0.245     0.338    -0.909
 6    -0.969     0.068    -0.236
 6    -0.018     0.938     0.344
 7   113.123   -20.736    -5.859
 7     0.901     0.284     0.328
 7    -0.391     0.861     0.325
 7    -0.191    -0.422     0.886
 8   124.927   -29.856    18.386
 8     0.742     0.156     0.651
 8    -0.172    -0.896     0.411
 8     0.647    -0.417    -0.638
 9   142.805    -8.938    22.313
 9     0.371    -0.152    -0.916
 9     0.928     0.050     0.368
 9    -0.010    -0.987     0.160
 2    97.311   -18.704    59.750
 2     0.620    -0.785     0.003
 2     0.784     0.620     0.038
 2    -0.032    -0.021     0.999
 3   129.710    -1.744     3.064
 3     0.424    -0.308    -0.851
 3     0.142     0.951    -0.274
 3     0.894    -0.005     0.447
 4   112.077    14.232    -8.582
 4     0.741    -0.649     0.173
 4     0.671     0.704    -0.234
 4     0.030     0.289     0.957
 5   123.426    28.042    14.344
 5     0.636    -0.704     0.314
 5     0.140    -0.296    -0.945
 5     0.759     0.645    -0.090
 6   136.689     1.488    22.376
 6     0.245     0.342    -0.907
 6    -0.969     0.072    -0.234
 6    -0.015     0.937     0.349
 7   113.175   -20.734    -5.812
 7     0.901     0.282     0.328
 7    -0.389     0.861     0.327
 7    -0.190    -0.422     0.886
 8   124.982   -29.829    18.428
 8     0.741     0.158     0.652
 8    -0.171    -0.895     0.411
 8     0.649    -0.417    -0.637
 9   142.800    -8.889    22.387
 9     0.373    -0.162    -0.914
 9     0.928     0.055     0.369
 9    -0.010    -0.985     0.171
 2    97.311   -18.704    59.750
 2     0.620    -0.784     0.003
 2     0.784     0.620     0.038
 2    -0.032    -0.021     0.999
 3   129.716    -1.741     3.058
 3     0.423    -0.310    -0.851
 3     0.143     0.951    -0.275
 3     0.895    -0.006     0.447
 4   112.052    14.181    -8.531
 4     0.741    -0.649     0.172
 4     0.671     0.704    -0.234
 4     0.030     0.288     0.957
 5   123.258    28.046    14.384
 5     0.633    -0.705     0.319
 5     0.142    -0.300    -0.943
 5     0.761     0.642    -0.090
 6   136.642     1.489    22.379
 6     0.247     0.348    -0.904
 6    -0.969     0.074    -0.236
 6    -0.015     0.934     0.356
 7   113.177   -20.733    -5.764
 7     0.901     0.283     0.327
 7    -0.389     0.861     0.328
 7    -0.189    -0.423     0.886
 8   124.869   -29.828    18.489
 8     0.736     0.157     0.657
 8    -0.174    -0.896     0.409
 8     0.653    -0.416    -0.633
 9   142.755    -8.991    22.483
 9     0.377    -0.164    -0.911
 9     0.926     0.058     0.373
 9    -0.008    -0.985     0.174
 2    97.311   -18.704    59.750
 2     0.620    -0.784     0.003
 2     0.784     0.620     0.038
 2    -0.032    -0.021     0.999
 3   129.716    -1.741     3.083
 3     0.423    -0.310    -0.851
 3     0.143     0.950    -0.275
 3     0.895    -0.006     0.446
 4   112.002    14.181    -8.506
 4     0.740    -0.650     0.173
 4     0.672     0.702    -0.234
 4     0.030     0.289     0.956
 5   122.921    28.082    14.441
 5     0.626    -0.706     0.331
 5     0.151    -0.307    -0.940
 5     0.765     0.638    -0.086
 6   137.119     2.450    22.465
 6     0.301     0.339    -0.891
 6    -0.953     0.087    -0.289
 6    -0.020     0.937     0.349
 7   113.181   -20.734    -5.765
 7     0.900     0.285     0.328
 7    -0.392     0.859     0.328
 7    -0.188    -0.424     0.886
 8   124.557   -29.724    18.735
 8     0.725     0.135     0.675
 8    -0.189    -0.904     0.384
 8     0.662    -0.406    -0.630
 9   143.291    -9.840    22.558
 9     0.425    -0.156    -0.892
 9     0.905     0.057     0.421
 9    -0.015    -0.986     0.165
 2    97.311   -18.704    59.750
 2     0.620    -0.784     0.003
 2     0.784     0.620     0.038
 2    -0.032    -0.021     0.999
 3   129.716    -1.691     3.185
 3     0.422    -0.308    -0.852
 3     0.142     0.951    -0.273
 3     0.895    -0.006     0.446
 4   111.700    14.336    -8.402
 4     0.723    -0.662     0.195
 4     0.690     0.683    -0.240
 4     0.025     0.308     0.951
 5   121.234    28.622    14.682
 5     0.609    -0.676     0.414
 5     0.199    -0.375    -0.905
 5     0.768     0.633    -0.094
 6   137.893     4.904    21.805
 6     0.408     0.338    -0.848
 6    -0.911     0.093    -0.401
 6    -0.057     0.936     0.346
 7   113.066   -20.781    -5.710
 7     0.894     0.303     0.330
 7    -0.412     0.846     0.338
 7    -0.177    -0.438     0.881
 8   123.576   -29.261    19.309
 8     0.710     0.035     0.703
 8    -0.226    -0.934     0.275
 8     0.667    -0.355    -0.656
 9   144.489   -11.947    22.297
 9     0.539    -0.145    -0.829
 9     0.840     0.022     0.542
 9    -0.061    -0.989     0.134
 2    97.311   -18.754    59.750
 2     0.620    -0.784     0.003
 2     0.784     0.620     0.038
 2    -0.032    -0.021     0.999
 3   129.619    -1.694     3.263
 3     0.423    -0.300    -0.855
 3     0.139     0.954    -0.266
 3     0.895    -0.007     0.445
 4   111.395    14.526    -8.307
 4     0.704    -0.676     0.215
 4     0.709     0.657    -0.255
 4     0.031     0.332     0.943
 5   119.543    28.553    15.604
 5     0.600    -0.590     0.540
 5     0.242    -0.510    -0.826
 5     0.762     0.626    -0.164
 6   139.114     8.043    20.405
 6     0.547     0.357    -0.757
 6    -0.824     0.072    -0.562
 6    -0.146     0.931     0.333
 7   113.094   -20.777    -5.678
 7     0.889     0.315     0.331
 7    -0.425     0.837     0.345
 7    -0.168    -0.448     0.878
 8   122.916   -28.103    20.182
 8     0.693    -0.087     0.715
 8    -0.258    -0.957     0.133
 8     0.673    -0.276    -0.686
 9   146.042   -14.556    21.527
 9     0.671    -0.145    -0.727
 9     0.730    -0.041     0.682
 9    -0.129    -0.988     0.078
 2    97.311   -18.704    59.750
 2     0.620    -0.784     0.003
 2     0.784     0.620     0.037
 2    -0.032    -0.021     0.999
 3   129.620    -1.670     3.263
 3     0.424    -0.293    -0.856
 3     0.136     0.956    -0.260
 3     0.895    -0.006     0.446
 4   111.211    14.711    -8.227
 4     0.692    -0.682     0.235
 4     0.721     0.638    -0.270
 4     0.034     0.356     0.934
 5   118.378    27.994    16.286
 5     0.596    -0.493     0.633
 5     0.275    -0.615    -0.739
 5     0.754     0.615    -0.231
 6   140.155    11.098    19.025
 6     0.656     0.380    -0.652
 6    -0.718     0.048    -0.694
 6    -0.233     0.924     0.304
 7   113.048   -20.672    -5.750
 7     0.883     0.332     0.331
 7    -0.442     0.826     0.349
 7    -0.158    -0.455     0.876
 8   122.406   -27.462    20.479
 8     0.675    -0.189     0.713
 8    -0.292    -0.956     0.023
 8     0.677    -0.224    -0.701
 9   146.697   -17.289    21.516
 9     0.761    -0.149    -0.632
 9     0.629    -0.072     0.774
 9    -0.161    -0.986     0.039
 2    97.311   -18.754    59.750
 2     0.620    -0.784     0.003
 2     0.784     0.620     0.038
 2    -0.032    -0.021     0.999
 3   129.618    -1.677     3.246
 3     0.428    -0.282    -0.859
 3     0.130     0.959    -0.250
 3     0.894    -0.005     0.447
 4   111.078    14.796    -8.223
 4     0.678    -0.689     0.255
 4     0.734     0.617    -0.283
 4     0.037     0.379     0.924
 5   117.349    27.542    16.766
 5     0.583    -0.395     0.710
 5     0.317    -0.694    -0.646
 5     0.748     0.602    -0.280
 6   140.474    14.130    18.572
 6     0.740     0.379    -0.555
 6    -0.611     0.036    -0.791
 6    -0.280     0.924     0.258
 7   113.013   -20.673    -5.785
 7     0.876     0.346     0.333
 7    -0.456     0.819     0.347
 7    -0.153    -0.457     0.876
 8   121.779   -27.022    20.887
 8     0.651    -0.256     0.714
 8    -0.314    -0.948    -0.053
 8     0.690    -0.190    -0.698
 9   146.649   -19.097    21.424
 9     0.813    -0.157    -0.560
 9     0.551    -0.096     0.828
 9    -0.184    -0.983     0.008
 2    97.311   -18.704    59.750
 2     0.620    -0.784     0.004
 2     0.784     0.620     0.038
 2    -0.032    -0.021     0.999
 3   129.620    -1.680     3.247
 3     0.430    -0.272    -0.861
 3     0.126     0.962    -0.241
 3     0.894    -0.005     0.448
 4   110.772    14.897    -8.209
 4     0.660    -0.699     0.275
 4     0.750     0.599    -0.278
 4     0.029     0.390     0.920
 5   116.165    27.566    16.993
 5     0.564    -0.303     0.768
 5     0.366    -0.742    -0.561
 5     0.740     0.598    -0.307
 6   140.317    17.560    18.195
 6     0.809     0.377    -0.451
 6    -0.502     0.044    -0.864
 6    -0.306     0.925     0.225
 7   112.933   -20.622    -5.800
 7     0.871     0.360     0.334
 7    -0.469     0.811     0.349
 7    -0.146    -0.460     0.876
 8   121.163   -26.840    21.109
 8     0.630    -0.321     0.706
 8    -0.339    -0.933    -0.122
 8     0.699    -0.162    -0.697
 9   146.418   -21.210    21.282
 9     0.855    -0.175    -0.487
 9     0.474    -0.115     0.873
 9    -0.208    -0.978    -0.015
 2    97.311   -18.704    59.750
 2     0.620    -0.784     0.003
 2     0.784     0.620     0.038
 2    -0.032    -0.021     0.999
 3   129.617    -1.686     3.204
 3     0.433    -0.262    -0.862
 3     0.120     0.965    -0.233
 3     0.893    -0.003     0.450
 4   110.484    14.921    -8.180
 4     0.636    -0.714     0.291
 4     0.771     0.581    -0.261
 4     0.017     0.391     0.920
 5   115.424    27.456    17.182
 5     0.550    -0.214     0.807
 5     0.408    -0.775    -0.483
 5     0.729     0.595    -0.339
 6   140.236    20.581    17.566
 6     0.855     0.383    -0.348
 6    -0.403     0.070    -0.912
 6    -0.325     0.921     0.214
 7   112.936   -20.592    -5.929
 7     0.865     0.376     0.331
 7    -0.483     0.803     0.348
 7    -0.135    -0.462     0.876
 8   120.660   -26.257    21.369
 8     0.610    -0.380     0.695
 8    -0.362    -0.914    -0.183
 8     0.705    -0.140    -0.695
 9   145.969   -23.306    20.897
 9     0.889    -0.208    -0.408
 9     0.392    -0.115     0.912
 9    -0.236    -0.971    -0.020
 2    97.311   -18.704    59.750
 2     0.620    -0.784     0.004
 2     0.784     0.620     0.037
 2    -0.032    -0.021     0.999
 3   129.715    -1.590     3.212
 3     0.436    -0.250    -0.865
 3     0.114     0.968    -0.223
 3     0.892    -0.002     0.450
 4   110.094    14.969    -8.179
 4     0.613    -0.726     0.311
 4     0.790     0.561    -0.247
 4     0.005     0.397     0.918
 5   114.268    27.599    17.095
 5     0.526    -0.138     0.839
 5     0.452    -0.790    -0.414
 5     0.720     0.597    -0.354
 6   139.659    23.297    17.549
 6     0.896     0.365    -0.253
 6    -0.315     0.122    -0.941
 6    -0.313     0.923     0.224
 7   112.864   -20.489    -6.005
 7     0.856     0.397     0.330
 7    -0.501     0.793     0.346
 7    -0.124    -0.462     0.878
 8   120.137   -26.114    21.518
 8     0.587    -0.458     0.667
 8    -0.400    -0.881    -0.252
 8     0.703    -0.119    -0.701
 9   145.486   -26.087    20.365
 9     0.920    -0.237    -0.313
 9     0.291    -0.122     0.949
 9    -0.263    -0.964    -0.043
 2    97.311   -18.704    59.750
 2     0.620    -0.784     0.004
 2     0.783     0.620     0.037
 2    -0.032    -0.021     0.999
 3   129.837    -1.521     3.042
 3     0.442    -0.235    -0.866
 3     0.107     0.972    -0.210
 3     0.891    -0.000     0.454
 4   109.597    14.916    -8.479
 4     0.585    -0.739     0.333
 4     0.811     0.538    -0.230
 4    -0.009     0.405     0.914
 5   113.155    27.787    16.904
 5     0.499    -0.072     0.863
 5     0.499    -0.791    -0.354
 5     0.708     0.608    -0.359
 6   138.814    25.976    17.166
 6     0.923     0.346    -0.169
 6    -0.232     0.151    -0.961
 6    -0.307     0.926     0.219
 7   112.813   -20.538    -6.055
 7     0.848     0.415     0.328
 7    -0.517     0.784     0.344
 7    -0.114    -0.461     0.880
 8   119.861   -25.945    21.716
 8     0.566    -0.524     0.636
 8    -0.433    -0.846    -0.311
 8     0.701    -0.099    -0.706
 9   145.025   -28.718    19.868
 9     0.938    -0.271    -0.216
 9     0.187    -0.128     0.974
 9    -0.292    -0.954    -0.069
 2    97.311   -18.704    59.750
 2     0.620    -0.784     0.003
 2     0.783     0.620     0.037
 2    -0.032    -0.021     0.999
 3   129.880    -1.555     2.879
 3     0.446    -0.220    -0.868
 3     0.099     0.975    -0.196
 3     0.889     0.002     0.457
 4   109.210    14.888    -8.481
 4     0.563    -0.749     0.351
 4     0.826     0.520    -0.217
 4    -0.020     0.412     0.911
 5   112.287    28.072    16.596
 5     0.473    -0.013     0.881
 5     0.543    -0.783    -0.303
 5     0.694     0.621    -0.363
 6   137.897    28.312    16.713
 6     0.938     0.335    -0.089
 6    -0.153     0.172    -0.973
 6    -0.311     0.926     0.213
 7   112.828   -20.537    -6.070
 7     0.843     0.427     0.326
 7    -0.526     0.778     0.342
 7    -0.108    -0.460     0.881
 8   119.630   -25.825    21.658
 8     0.548    -0.576     0.607
 8    -0.459    -0.813    -0.357
 8     0.699    -0.083    -0.710
 9   144.289   -31.378    18.942
 9     0.941    -0.314    -0.127
 9     0.097    -0.111     0.989
 9    -0.324    -0.943    -0.074
 2    97.311   -18.704    59.749
 2     0.620    -0.784     0.004
 2     0.783     0.620     0.038
 2    -0.032    -0.020     0.999
 3   129.947    -1.562     2.716
 3     0.452    -0.210    -0.867
 3     0.094     0.977    -0.188
 3     0.887     0.003     0.461
 4   108.688    14.710    -8.736
 4     0.530    -0.760     0.375
 4     0.847     0.492    -0.200
 4    -0.033     0.423     0.905
 5   111.128    28.252    16.217
 5     0.446     0.059     0.893
 5     0.587    -0.772    -0.242
 5     0.676     0.632    -0.379
 6   136.517    31.256    16.300
 6     0.946     0.323     0.013
 6    -0.059     0.212    -0.975
 6    -0.319     0.922     0.219
 7   112.798   -20.483    -6.271
 7     0.838     0.440     0.322
 7    -0.536     0.772     0.340
 7    -0.099    -0.458     0.883
 8   119.317   -25.703    21.727
 8     0.521    -0.630     0.576
 8    -0.484    -0.774    -0.408
 8     0.703    -0.067    -0.708
 9   143.348   -33.602    18.463
 9     0.936    -0.348    -0.042
 9     0.006    -0.102     0.995
 9    -0.350    -0.932    -0.093
 2    97.311   -18.704    59.750
 2     0.620    -0.784     0.004
 2     0.783     0.620     0.037
 2    -0.032    -0.021     0.999
 3   130.037    -1.543     2.551
 3     0.456    -0.204    -0.866
 3     0.090     0.979    -0.183
 3     0.885     0.005     0.465
 4   108.272    14.566    -8.740
 4     0.502    -0.773     0.387
 4     0.864     0.466    -0.190
 4    -0.034     0.430     0.902
 5   110.340    28.158    16.257
 5     0.423     0.106     0.900
 5     0.611    -0.766    -0.197
 5     0.669     0.633    -0.389
 6   135.476    32.461    15.946
 6     0.945     0.319     0.070
 6    -0.004     0.225    -0.974
 6    -0.327     0.921     0.214
 7   112.824   -20.528    -6.351
 7     0.833     0.453     0.318
 7    -0.546     0.765     0.341
 7    -0.088    -0.458     0.884
 8   119.255   -25.341    21.844
 8     0.507    -0.670     0.542
 8    -0.494    -0.742    -0.454
 8     0.706    -0.038    -0.707
 9   142.183   -35.754    18.012
 9     0.919    -0.391     0.048
 9    -0.095    -0.102     0.990
 9    -0.382    -0.915    -0.131
 2    97.311   -18.704    59.750
 2     0.620    -0.784     0.004
 2     0.784     0.620     0.038
 2    -0.032    -0.021     0.999
 3   130.078    -1.495     2.515
 3     0.460    -0.201    -0.865
 3     0.090     0.979    -0.180
 3     0.883     0.004     0.469
 4   107.913    14.444    -8.823
 4     0.484    -0.780     0.397
 4     0.874     0.448    -0.185
 4    -0.034     0.436     0.899
 5   109.829    27.862    16.251
 5     0.409     0.132     0.902
 5     0.621    -0.765    -0.169
 5     0.668     0.630    -0.396
 6   134.775    33.236    15.927
 6     0.943     0.313     0.108
 6     0.038     0.220    -0.975
 6    -0.329     0.923     0.196
 7   112.679   -20.604    -6.502
 7     0.820     0.474     0.319
 7    -0.566     0.750     0.342
 7    -0.077    -0.462     0.884
 8   118.913   -24.877    21.910
 8     0.484    -0.714     0.505
 8    -0.504    -0.700    -0.506
 8     0.715    -0.010    -0.699
 9   140.849   -38.071    17.896
 9     0.897    -0.421     0.133
 9    -0.192    -0.099     0.976
 9    -0.398    -0.902    -0.169
 2    97.311   -18.704    59.750
 2     0.620    -0.784     0.003
 2     0.784     0.620     0.038
 2    -0.032    -0.021     0.999
 3   130.124    -1.555     2.326
 3     0.471    -0.194    -0.860
 3     0.092     0.981    -0.171
 3     0.877     0.001     0.479
 4   107.634    14.146    -8.930
 4     0.466    -0.790     0.399
 4     0.884     0.432    -0.177
 4    -0.033     0.436     0.899
 5   109.243    27.538    16.228
 5     0.396     0.152     0.905
 5     0.631    -0.761    -0.149
 5     0.666     0.630    -0.398
 6   134.117    34.020    16.009
 6     0.943     0.300     0.141
 6     0.079     0.210    -0.974
 6    -0.322     0.930     0.175
 7   112.371   -20.934    -6.533
 7     0.801     0.504     0.322
 7    -0.595     0.727     0.342
 7    -0.062    -0.466     0.883
 8   116.049   -24.782    20.258
 8     0.461    -0.751     0.473
 8    -0.510    -0.660    -0.551
 8     0.726     0.013    -0.687
 9   139.298   -40.041    18.317
 9     0.874    -0.441     0.204
 9    -0.277    -0.107     0.955
 9    -0.399    -0.891    -0.216
 2    97.311   -18.704    59.750
 2     0.620    -0.784     0.003
 2     0.784     0.620     0.038
 2    -0.032    -0.021     0.999
 3   130.048    -1.920     2.189
 3     0.483    -0.183    -0.856
 3     0.093     0.983    -0.158
 3     0.871    -0.004     0.491
 4   107.400    13.866    -9.025
 4     0.460    -0.791     0.403
 4     0.887     0.427    -0.173
 4    -0.036     0.437     0.898
 5   109.015    27.333    16.096
 5     0.390     0.173     0.904
 5     0.643    -0.754    -0.133
 5     0.659     0.633    -0.406
 6   133.709    34.654    16.184
 6     0.942     0.288     0.173
 6     0.121     0.190    -0.974
 6    -0.314     0.938     0.144
 7   111.937   -21.141    -6.510
 7     0.788     0.520     0.330
 7    -0.613     0.712     0.341
 7    -0.058    -0.472     0.880
 8   115.679   -24.924    20.198
 8     0.449    -0.771     0.451
 8    -0.521    -0.636    -0.569
 8     0.726     0.021    -0.688
 9   138.537   -40.989    18.313
 9     0.862    -0.450     0.232
 9    -0.311    -0.107     0.944
 9    -0.401    -0.886    -0.232
 2    97.261   -18.704    59.750
 2     0.620    -0.784     0.003
 2     0.784     0.620     0.038
 2    -0.032    -0.021     0.999
 3   129.994    -2.105     1.972
 3     0.492    -0.182    -0.851
 3     0.095     0.983    -0.155
 3     0.865    -0.005     0.501
 4   107.088    13.563    -9.148
 4     0.449    -0.793     0.411
 4     0.893     0.418    -0.168
 4    -0.039     0.442     0.896
 5   108.554    27.109    16.025
 5     0.377     0.188     0.906
 5     0.652    -0.749    -0.116
 5     0.657     0.635    -0.406
 6   133.282    35.258    16.317
 6     0.939     0.278     0.199
 6     0.153     0.177    -0.972
 6    -0.306     0.944     0.123
 7   111.546   -21.251    -6.529
 7     0.773     0.536     0.339
 7    -0.632     0.698     0.336
 7    -0.057    -0.475     0.878
 8   115.226   -25.048    20.277
 8     0.433    -0.796     0.423
 8    -0.537    -0.605    -0.588
 8     0.724     0.028    -0.689
 9   137.395   -42.298    18.245
 9     0.843    -0.464     0.271
 9    -0.353    -0.097     0.930
 9    -0.406    -0.880    -0.245
 2    97.311   -18.704    59.750
 2     0.620    -0.784     0.004
 2     0.784     0.620     0.037
 2    -0.032    -0.021     0.999
 3   129.913    -2.291     1.660
 3     0.504    -0.177    -0.845
 3     0.100     0.984    -0.147
 3     0.858    -0.011     0.514
 4   107.017    13.464    -9.281
 4     0.444    -0.797     0.409
 4     0.895     0.413    -0.166
 4    -0.037     0.440     0.897
 5   108.262    26.988    15.837
 5     0.367     0.192     0.910
 5     0.655    -0.748    -0.106
 5     0.660     0.635    -0.400
 6   132.939    35.602    16.459
 6     0.939     0.271     0.210
 6     0.169     0.164    -0.972
 6    -0.298     0.948     0.108
 7   110.740   -21.273    -6.486
 7     0.734     0.575     0.360
 7    -0.677     0.663     0.321
 7    -0.055    -0.479     0.876
 8   114.585   -25.109    20.353
 8     0.413    -0.827     0.381
 8    -0.560    -0.561    -0.610
 8     0.718     0.038    -0.695
 9   135.825   -43.741    18.059
 9     0.818    -0.479     0.318
 9    -0.401    -0.078     0.912
 9    -0.413    -0.874    -0.256
 2    97.311   -18.704    59.750
 2     0.620    -0.784     0.003
 2     0.783     0.620     0.038
 2    -0.032    -0.021     0.999
 3   129.962    -2.607     1.427
 3     0.515    -0.159    -0.842
 3     0.099     0.987    -0.125
 3     0.851    -0.019     0.524
 4   107.391    13.268    -9.570
 4     0.444    -0.807     0.388
 4     0.895     0.415    -0.163
 4    -0.030     0.419     0.907
 5   108.207    26.987    15.446
 5     0.359     0.187     0.914
 5     0.661    -0.742    -0.108
 5     0.658     0.644    -0.390
 6   132.864    35.640    16.377
 6     0.942     0.259     0.213
 6     0.173     0.167    -0.971
 6    -0.287     0.951     0.112
 7   110.633   -21.333    -6.491
 7     0.708     0.604     0.365
 7    -0.704     0.641     0.306
 7    -0.049    -0.474     0.879
 8   114.052   -25.544    20.347
 8     0.382    -0.851     0.360
 8    -0.584    -0.524    -0.620
 8     0.716     0.026    -0.697
 9   134.614   -45.223    18.059
 9     0.801    -0.478     0.359
 9    -0.437    -0.057     0.898
 9    -0.409    -0.876    -0.254
 2    97.311   -18.704    59.750
 2     0.620    -0.784     0.003
 2     0.783     0.620     0.038
 2    -0.032    -0.021     0.999
 3   130.065    -2.784     1.481
 3     0.516    -0.153    -0.843
 3     0.101     0.988    -0.117
 3     0.851    -0.025     0.525
 4   107.756    12.944    -9.826
 4     0.437    -0.821     0.368
 4     0.899     0.410    -0.153
 4    -0.026     0.397     0.917
 5   107.915    27.013    15.063
 5     0.341     0.190     0.920
 5     0.675    -0.732    -0.099
 5     0.654     0.655    -0.378
 6   132.435    36.112    16.269
 6     0.943     0.244     0.227
 6     0.187     0.174    -0.967
 6    -0.276     0.954     0.119
 7   110.295   -21.349    -6.520
 7     0.676     0.640     0.364
 7    -0.735     0.616     0.282
 7    -0.044    -0.458     0.887
 8   113.201   -25.952    20.407
 8     0.339    -0.887     0.315
