% Calibrated with leiden_pols
% Positions are in centimeters
Data =[
 2    97.311   -18.754    59.749
 2     0.620    -0.784     0.004
 2     0.784     0.620     0.037
 2    -0.032    -0.020     0.999
 3   129.727    -2.338     3.540
 3     0.463    -0.188    -0.866
 3     0.085     0.982    -0.168
 3     0.882     0.004     0.471
 4   110.057    15.019    -8.647
 4     0.522    -0.818     0.240
 4     0.834     0.432    -0.342
 4     0.176     0.378     0.908
 5   108.722    25.007    18.292
 5     0.387    -0.142     0.911
 5     0.407    -0.860    -0.308
 5     0.827     0.490    -0.276
 6   134.451    21.129    26.426
 6     0.951     0.100    -0.292
 6    -0.300     0.089    -0.950
 6    -0.070     0.991     0.115
 7   110.826   -21.259    -6.081
 7     0.762     0.543     0.352
 7    -0.645     0.686     0.337
 7    -0.059    -0.484     0.873
 8   112.124   -25.013    21.113
 8     0.344    -0.476     0.809
 8    -0.352    -0.864    -0.359
 8     0.870    -0.161    -0.466
 9   137.775   -24.927    30.562
 9     0.961     0.116    -0.249
 9     0.271    -0.268     0.924
 9     0.041    -0.956    -0.289
 2    97.311   -18.754    59.750
 2     0.620    -0.784     0.004
 2     0.783     0.620     0.037
 2    -0.032    -0.021     0.999
 3   129.627    -2.312     3.591
 3     0.462    -0.189    -0.866
 3     0.085     0.982    -0.169
 3     0.882     0.004     0.470
 4   109.957    15.070    -8.596
 4     0.522    -0.818     0.239
 4     0.834     0.432    -0.342
 4     0.176     0.378     0.908
 5   108.768    25.080    18.299
 5     0.389    -0.146     0.909
 5     0.406    -0.859    -0.311
 5     0.826     0.491    -0.275
 6   134.384    21.119    26.144
 6     0.949     0.109    -0.294
 6    -0.303     0.086    -0.949
 6    -0.078     0.990     0.114
 7   110.829   -21.258    -6.084
 7     0.762     0.542     0.352
 7    -0.644     0.685     0.338
 7    -0.058    -0.485     0.872
 8   112.124   -25.014    21.113
 8     0.344    -0.477     0.808
 8    -0.353    -0.864    -0.360
 8     0.870    -0.162    -0.466
 9   137.725   -24.927    30.562
 9     0.961     0.116    -0.249
 9     0.271    -0.268     0.924
 9     0.041    -0.956    -0.289
 2    97.311   -18.754    59.750
 2     0.620    -0.784     0.003
 2     0.783     0.620     0.037
 2    -0.032    -0.021     0.999
 3   129.632    -2.260     3.584
 3     0.462    -0.190    -0.866
 3     0.086     0.982    -0.170
 3     0.883     0.004     0.470
 4   109.958    15.019    -8.596
 4     0.523    -0.818     0.239
 4     0.834     0.433    -0.342
 4     0.176     0.378     0.909
 5   108.658    25.134    18.160
 5     0.386    -0.155     0.909
 5     0.404    -0.857    -0.318
 5     0.829     0.490    -0.269
 6   134.259    20.936    26.099
 6     0.946     0.110    -0.303
 6    -0.313     0.083    -0.946
 6    -0.079     0.990     0.113
 7   110.830   -21.258    -6.032
 7     0.762     0.542     0.353
 7    -0.644     0.685     0.340
 7    -0.058    -0.487     0.871
 8   112.024   -25.066    21.139
 8     0.343    -0.479     0.808
 8    -0.354    -0.863    -0.361
 8     0.870    -0.162    -0.465
 9   137.727   -25.027    30.559
 9     0.962     0.117    -0.248
 9     0.271    -0.267     0.925
 9     0.042    -0.956    -0.289
 2    97.311   -18.704    59.699
 2     0.620    -0.784     0.004
 2     0.784     0.620     0.037
 2    -0.032    -0.021     0.999
 3   129.633    -2.310     3.636
 3     0.461    -0.190    -0.867
 3     0.087     0.982    -0.169
 3     0.883     0.002     0.469
 4   109.948    15.015    -8.635
 4     0.523    -0.818     0.240
 4     0.835     0.434    -0.339
 4     0.172     0.378     0.909
 5   108.573    25.588    17.583
 5     0.382    -0.181     0.906
 5     0.404    -0.849    -0.339
 5     0.831     0.496    -0.251
 6   134.044    20.309    25.857
 6     0.931     0.111    -0.346
 6    -0.355     0.072    -0.932
 6    -0.079     0.991     0.107
 7   110.771   -21.311    -5.974
 7     0.764     0.539     0.352
 7    -0.642     0.689     0.337
 7    -0.061    -0.484     0.873
 8   112.327   -25.428    21.128
 8     0.358    -0.474     0.804
 8    -0.364    -0.864    -0.348
 8     0.860    -0.168    -0.482
 9   137.897   -25.104    30.484
 9     0.961     0.115    -0.251
 9     0.273    -0.264     0.925
 9     0.041    -0.958    -0.285
 2    97.311   -18.754    59.750
 2     0.620    -0.784     0.003
 2     0.783     0.620     0.037
 2    -0.032    -0.021     0.999
 3   129.582    -2.258     3.534
 3     0.461    -0.193    -0.866
 3     0.089     0.981    -0.171
 3     0.883     0.001     0.469
 4   109.861    14.945    -8.759
 4     0.535    -0.809     0.244
 4     0.830     0.451    -0.327
 4     0.154     0.377     0.913
 5   109.719    27.206    16.743
 5     0.392    -0.318     0.863
 5     0.385    -0.796    -0.468
 5     0.835     0.516    -0.189
 6   134.212    17.287    24.843
 6     0.857     0.149    -0.494
 6    -0.508     0.084    -0.857
 6    -0.087     0.985     0.148
 7   110.787   -21.342    -5.986
 7     0.774     0.522     0.359
 7    -0.629     0.701     0.337
 7    -0.076    -0.486     0.870
 8   113.360   -26.092    21.169
 8     0.407    -0.439     0.801
 8    -0.370    -0.881    -0.295
 8     0.835    -0.176    -0.521
 9   139.145   -24.682    29.416
 9     0.947     0.097    -0.305
 9     0.319    -0.230     0.919
 9     0.019    -0.968    -0.249
 2    97.311   -18.754    59.750
 2     0.620    -0.784     0.004
 2     0.783     0.620     0.037
 2    -0.032    -0.021     0.999
 3   129.571    -2.259     3.469
 3     0.463    -0.198    -0.864
 3     0.092     0.980    -0.175
 3     0.881     0.001     0.472
 4   110.006    14.880    -8.812
 4     0.561    -0.793     0.237
 4     0.814     0.478    -0.329
 4     0.147     0.377     0.914
 5   111.044    27.960    16.133
 5     0.417    -0.435     0.798
 5     0.350    -0.734    -0.583
 5     0.839     0.522    -0.154
 6   134.230    13.998    24.379
 6     0.767     0.171    -0.618
 6    -0.636     0.071    -0.769
 6    -0.088     0.983     0.163
 7   111.011   -21.389    -5.910
 7     0.792     0.492     0.361
 7    -0.604     0.716     0.349
 7    -0.087    -0.495     0.865
 8   114.727   -26.534    21.224
 8     0.458    -0.380     0.803
 8    -0.348    -0.908    -0.231
 8     0.818    -0.174    -0.549
 9   140.447   -22.732    28.750
 9     0.915     0.078    -0.396
 9     0.404    -0.187     0.895
 9    -0.004    -0.979    -0.203
 2    97.311   -18.754    59.750
 2     0.620    -0.784     0.003
 2     0.783     0.620     0.037
 2    -0.032    -0.021     0.999
 3   129.571    -2.255     3.281
 3     0.461    -0.212    -0.862
 3     0.094     0.977    -0.189
 3     0.882     0.006     0.471
 4   110.056    14.795    -8.927
 4     0.578    -0.783     0.230
 4     0.803     0.495    -0.330
 4     0.144     0.375     0.915
 5   112.434    28.380    15.816
 5     0.446    -0.512     0.734
 5     0.316    -0.677    -0.664
 5     0.837     0.528    -0.140
 6   134.105    11.101    24.084
 6     0.676     0.200    -0.709
 6    -0.731     0.071    -0.678
 6    -0.085     0.977     0.195
 7   111.399   -21.426    -5.832
 7     0.815     0.457     0.355
 7    -0.572     0.732     0.370
 7    -0.091    -0.505     0.858
 8   116.520   -26.696    21.285
 8     0.520    -0.309     0.796
 8    -0.314    -0.936    -0.159
 8     0.794    -0.167    -0.584
 9   141.809   -20.337    27.565
 9     0.869     0.035    -0.493
 9     0.492    -0.147     0.858
 9    -0.042    -0.988    -0.145
 2    97.311   -18.754    59.750
 2     0.620    -0.784     0.004
 2     0.783     0.620     0.037
 2    -0.032    -0.021     0.999
 3   129.630    -2.149     3.216
 3     0.457    -0.218    -0.862
 3     0.097     0.976    -0.195
 3     0.884     0.005     0.467
 4   110.220    14.731    -8.998
 4     0.597    -0.770     0.223
 4     0.790     0.518    -0.326
 4     0.135     0.371     0.918
 5   113.903    28.622    15.569
 5     0.475    -0.569     0.671
 5     0.289    -0.619    -0.730
 5     0.831     0.541    -0.130
