% Calibrated with leiden_pols
% Positions are in centimeters
Data =[
 2    97.336   -18.704    59.749
 2     0.620    -0.784     0.004
 2     0.783     0.620     0.037
 2    -0.032    -0.020     0.999
 3   129.019    -2.103     4.615
 3     0.457    -0.191    -0.869
 3     0.090     0.981    -0.168
 3     0.885    -0.001     0.466
 4   111.159    15.773    -7.465
 4     0.502    -0.854     0.139
 4     0.816     0.415    -0.401
 4     0.285     0.315     0.905
 5   108.715    24.009    19.665
 5     0.257    -0.352     0.900
 5     0.328    -0.844    -0.424
 5     0.909     0.404    -0.102
 6   124.266    26.472    46.381
 6     0.457    -0.695    -0.555
 6    -0.068     0.595    -0.801
 6     0.887     0.404     0.224
 7   112.007   -21.568    -5.837
 7     0.774     0.600     0.201
 7    -0.627     0.682     0.375
 7     0.088    -0.417     0.905
 8   110.850   -25.031    20.842
 8     0.276    -0.162     0.947
 8    -0.243    -0.965    -0.095
 8     0.930    -0.204    -0.306
 9   125.547   -32.879    47.681
 9     0.375     0.807    -0.456
 9    -0.076     0.516     0.853
 9     0.924    -0.285     0.255
 2    97.311   -18.704    59.750
 2     0.620    -0.784     0.004
 2     0.783     0.620     0.038
 2    -0.032    -0.021     0.999
 3   129.000    -2.101     4.635
 3     0.455    -0.190    -0.870
 3     0.090     0.982    -0.167
 3     0.886    -0.003     0.464
 4   111.343    15.775    -7.473
 4     0.506    -0.852     0.134
 4     0.813     0.419    -0.404
 4     0.288     0.314     0.904
 5   108.476    24.904    19.137
 5     0.228    -0.426     0.876
 5     0.327    -0.814    -0.481
 5     0.917     0.396    -0.046
 6   123.423    25.985    46.531
 6     0.364    -0.550    -0.751
 6    -0.089     0.782    -0.616
 6     0.927     0.291     0.235
 7   111.996   -21.573    -5.902
 7     0.772     0.602     0.202
 7    -0.630     0.684     0.369
 7     0.084    -0.413     0.907
 8   109.911   -26.117    20.251
 8     0.224    -0.112     0.968
 8    -0.266    -0.963    -0.050
 8     0.937    -0.246    -0.246
 9   123.259   -33.867    47.462
 9     0.276     0.684    -0.676
 9    -0.116     0.721     0.683
 9     0.954    -0.110     0.278
 2    97.311   -18.704    59.750
 2     0.620    -0.784     0.004
 2     0.783     0.620     0.038
 2    -0.032    -0.021     0.999
 3   129.044    -2.199     4.592
 3     0.449    -0.177    -0.876
 3     0.087     0.984    -0.155
 3     0.889    -0.006     0.457
 4   111.465    15.772    -7.542
 4     0.510    -0.850     0.132
 4     0.811     0.424    -0.403
 4     0.286     0.312     0.906
 5   108.107    25.848    18.510
 5     0.196    -0.485     0.852
 5     0.337    -0.783    -0.523
 5     0.921     0.390     0.010
 6   122.242    26.241    46.542
 6     0.274    -0.384    -0.881
 6    -0.086     0.903    -0.420
 6     0.958     0.191     0.215
 7   112.023   -21.557    -6.033
 7     0.771     0.604     0.201
 7    -0.632     0.688     0.355
 7     0.076    -0.401     0.913
 8   108.988   -26.998    19.371
 8     0.169    -0.043     0.984
 8    -0.274    -0.962     0.005
 8     0.947    -0.271    -0.174
 9   121.060   -34.617    47.413
 9     0.210     0.570    -0.794
 9    -0.141     0.822     0.552
 9     0.967    -0.004     0.253
 2    97.311   -18.704    59.750
 2     0.620    -0.784     0.004
 2     0.784     0.620     0.038
 2    -0.032    -0.021     0.999
 3   129.108    -2.197     4.530
 3     0.445    -0.171    -0.879
 3     0.085     0.985    -0.148
 3     0.891    -0.009     0.453
 4   111.736    15.767    -7.703
 4     0.515    -0.848     0.123
 4     0.809     0.434    -0.396
 4     0.282     0.303     0.910
 5   107.919    26.736    17.835
 5     0.168    -0.559     0.812
 5     0.339    -0.740    -0.580
 5     0.925     0.373     0.065
 6   121.049    25.823    46.518
 6     0.176    -0.157    -0.972
 6    -0.078     0.982    -0.172
 6     0.981     0.106     0.161
 7   112.162   -21.510    -6.104
 7     0.770     0.607     0.196
 7    -0.633     0.693     0.345
 7     0.073    -0.390     0.918
 8   108.096   -27.732    18.681
 8     0.117     0.018     0.993
 8    -0.277    -0.959     0.050
 8     0.953    -0.281    -0.108
 9   119.113   -34.821    47.245
 9     0.161     0.461    -0.872
 9    -0.146     0.885     0.441
 9     0.976     0.056     0.210
 2    97.311   -18.704    59.749
 2     0.620    -0.784     0.004
 2     0.783     0.620     0.037
 2    -0.032    -0.020     0.999
 3   129.245    -2.195     4.416
 3     0.441    -0.164    -0.882
 3     0.083     0.986    -0.142
 3     0.893    -0.010     0.449
 4   111.854    15.763    -7.815
 4     0.516    -0.848     0.116
 4     0.810     0.440    -0.388
 4     0.278     0.295     0.914
 5   107.482    27.457    17.202
 5     0.131    -0.613     0.779
 5     0.343    -0.709    -0.616
 5     0.930     0.348     0.117
 6   119.307    25.979    46.376
 6     0.116    -0.023    -0.993
 6    -0.073     0.997    -0.031
 6     0.990     0.076     0.114
 7   112.184   -21.563    -6.236
 7     0.767     0.612     0.188
 7    -0.636     0.694     0.336
 7     0.074    -0.378     0.923
 8   107.141   -28.218    18.000
 8     0.069     0.048     0.996
 8    -0.284    -0.957     0.066
 8     0.956    -0.287    -0.053
 9   117.009   -35.093    47.120
 9     0.116     0.399    -0.910
 9    -0.150     0.912     0.381
 9     0.982     0.092     0.166
 2    97.311   -18.704    59.750
 2     0.620    -0.784     0.003
 2     0.783     0.620     0.038
 2    -0.032    -0.021     0.999
 3   129.364    -2.243     4.372
 3     0.437    -0.156    -0.886
 3     0.079     0.987    -0.135
 3     0.896    -0.011     0.444
 4   112.014    15.708    -7.968
 4     0.514    -0.850     0.113
 4     0.814     0.441    -0.377
 4     0.271     0.286     0.919
 5   106.616    27.922    16.452
 5     0.089    -0.630     0.771
 5     0.357    -0.703    -0.615
 5     0.929     0.331     0.162
 6   117.581    26.354    45.992
 6     0.074     0.025    -0.997
 6    -0.065     0.997     0.020
 6     0.995     0.063     0.076
 7   112.240   -21.563    -6.354
 7     0.761     0.623     0.180
 7    -0.643     0.692     0.327
 7     0.079    -0.365     0.927
 8   106.037   -28.536    17.394
 8     0.021     0.051     0.998
 8    -0.295    -0.954     0.055
 8     0.955    -0.295    -0.006
 9   114.840   -35.750    46.790
 9     0.076     0.382    -0.921
 9    -0.159     0.916     0.367
 9     0.984     0.118     0.130
 2    97.311   -18.704    59.750
 2     0.620    -0.784     0.003
 2     0.784     0.620     0.038
 2    -0.032    -0.021     0.999
 3   129.447    -2.320     4.316
 3     0.434    -0.147    -0.889
 3     0.075     0.989    -0.126
 3     0.897    -0.012     0.440
 4   112.214    15.700    -8.210
 4     0.510    -0.853     0.109
 4     0.820     0.443    -0.362
 4     0.260     0.274     0.926
 5   105.624    28.283    15.505
 5     0.038    -0.638     0.769
 5     0.377    -0.703    -0.602
 5     0.925     0.313     0.214
 6   115.487    26.735    45.492
 6     0.031     0.039    -0.999
 6    -0.058     0.997     0.037
 6     0.998     0.057     0.032
 7   112.191   -21.644    -6.584
 7     0.753     0.633     0.178
 7    -0.653     0.686     0.319
 7     0.080    -0.357     0.931
 8   105.119   -28.745    16.792
 8    -0.022     0.045     0.999
 8    -0.308    -0.951     0.036
 8     0.951    -0.307     0.034
 9   112.820   -36.597    46.201
 9     0.041     0.383    -0.923
 9    -0.173     0.912     0.371
 9     0.984     0.144     0.103
 2    97.311   -18.704    59.750
 2     0.620    -0.784     0.003
 2     0.783     0.620     0.038
 2    -0.032    -0.021     0.999
 3   129.512    -2.470     4.203
 3     0.431    -0.136    -0.892
 3     0.073     0.990    -0.116
 3     0.899    -0.015     0.437
 4   112.465    15.668    -8.528
 4     0.504    -0.857     0.103
 4     0.827     0.445    -0.344
 4     0.249     0.258     0.933
 5   104.638    28.560    14.595
 5    -0.010    -0.643     0.766
 5     0.396    -0.706    -0.587
 5     0.918     0.297     0.261
 6   113.319    27.239    44.753
 6    -0.017     0.041    -0.999
 6    -0.043     0.998     0.041
 6     0.999     0.044    -0.015
 7   112.191   -21.698    -6.663
 7     0.747     0.641     0.175
 7    -0.660     0.683     0.313
 7     0.081    -0.349     0.933
 8   104.213   -28.980    16.156
 8    -0.066     0.040     0.997
 8    -0.320    -0.947     0.017
 8     0.945    -0.318     0.075
 9   110.636   -37.416    45.828
 9    -0.001     0.377    -0.926
 9    -0.186     0.910     0.370
 9     0.982     0.172     0.069
 2    97.311   -18.704    59.750
 2     0.620    -0.784     0.003
 2     0.783     0.620     0.038
 2    -0.032    -0.021     0.999
 3   129.575    -2.494     4.164
 3     0.429    -0.131    -0.894
 3     0.070     0.991    -0.111
 3     0.901    -0.015     0.434
 4   112.706    15.615    -8.787
 4     0.499    -0.861     0.093
 4     0.831     0.446    -0.332
 4     0.244     0.243     0.939
 5   103.875    28.731    13.766
 5    -0.057    -0.653     0.755
 5     0.410    -0.705    -0.578
 5     0.910     0.276     0.307
 6   111.057    27.579    44.284
 6    -0.055     0.044    -0.997
 6    -0.036     0.998     0.046
 6     0.998     0.038    -0.053
 7   112.338   -21.702    -6.790
 7     0.742     0.648     0.171
 7    -0.666     0.681     0.305
 7     0.081    -0.340     0.937
 8   103.505   -29.182    15.574
 8    -0.107     0.040     0.993
 8    -0.328    -0.945     0.003
 8     0.938    -0.325     0.114
 9   108.772   -37.965    45.443
 9    -0.038     0.366    -0.930
 9    -0.197     0.909     0.366
 9     0.979     0.197     0.037
 2    97.311   -18.754    59.750
 2     0.620    -0.784     0.003
 2     0.783     0.620     0.038
 2    -0.032    -0.021     0.999
 3   129.688    -2.544     4.101
 3     0.424    -0.124    -0.897
 3     0.066     0.992    -0.105
 3     0.903    -0.015     0.429
 4   113.011    15.566    -9.092
 4     0.497    -0.864     0.085
 4     0.832     0.447    -0.328
 4     0.245     0.234     0.941
 5   103.143    28.728    13.017
 5    -0.101    -0.650     0.754
 5     0.417    -0.715    -0.560
 5     0.903     0.258     0.343
 6   109.063    27.819    43.861
 6    -0.091     0.035    -0.995
 6    -0.029     0.999     0.037
 6     0.995     0.032    -0.090
 7   112.468   -21.702    -6.952
 7     0.738     0.654     0.167
 7    -0.670     0.679     0.301
 7     0.084    -0.334     0.939
 8   102.890   -29.076    15.175
 8    -0.149     0.035     0.988
 8    -0.326    -0.945    -0.015
 8     0.933    -0.325     0.152
 9   107.005   -38.049    45.125
 9    -0.074     0.366    -0.927
 9    -0.199     0.906     0.373
 9     0.977     0.212     0.006
 2    97.311   -18.704    59.750
 2     0.620    -0.784     0.003
 2     0.783     0.620     0.038
 2    -0.032    -0.021     0.999
 3   129.775    -2.593     4.036
 3     0.421    -0.118    -0.899
 3     0.063     0.993    -0.101
 3     0.905    -0.014     0.426
 4   113.349    15.572    -9.281
 4     0.494    -0.866     0.076
 4     0.833     0.446    -0.328
 4     0.250     0.225     0.941
 5   102.582    28.551    12.330
 5    -0.146    -0.653     0.743
 5     0.413    -0.722    -0.554
 5     0.899     0.226     0.375
 6   107.182    27.495    43.462
 6    -0.123     0.032    -0.992
 6    -0.034     0.999     0.036
 6     0.992     0.038    -0.122
 7   112.546   -21.756    -7.082
 7     0.729     0.664     0.163
 7    -0.679     0.672     0.295
 7     0.086    -0.327     0.941
 8   102.108   -28.736    14.671
 8    -0.188     0.020     0.982
 8    -0.321    -0.946    -0.042
 8     0.928    -0.323     0.184
 9   104.805   -38.027    44.739
 9    -0.107     0.385    -0.917
 9    -0.202     0.894     0.399
 9     0.973     0.228    -0.018
 2    97.312   -18.755    59.750
 2     0.621    -0.784     0.004
 2     0.783     0.620     0.037
 2    -0.032    -0.021     0.999
 3   129.883    -2.671     4.030
 3     0.419    -0.110    -0.901
 3     0.058     0.994    -0.094
 3     0.906    -0.013     0.423
 4   113.675    15.582    -9.358
 4     0.489    -0.870     0.064
 4     0.832     0.443    -0.332
 4     0.260     0.216     0.941
 5   101.887    28.145    11.948
 5    -0.191    -0.644     0.740
 5     0.406    -0.739    -0.538
 5     0.894     0.198     0.402
 6   105.282    27.105    43.150
 6    -0.151     0.005    -0.988
 6    -0.040     0.999     0.011
 6     0.987     0.041    -0.151
 7   112.601   -21.710    -7.191
 7     0.719     0.676     0.159
 7    -0.689     0.664     0.289
 7     0.089    -0.318     0.944
 8   101.310   -28.354    14.111
 8    -0.233     0.008     0.972
 8    -0.313    -0.947    -0.067
 8     0.921    -0.320     0.223
 9   102.555   -37.865    44.297
 9    -0.149     0.391    -0.908
 9    -0.205     0.886     0.415
 9     0.967     0.248    -0.052
 2    97.311   -18.704    59.750
 2     0.620    -0.784     0.003
 2     0.784     0.620     0.038
 2    -0.032    -0.021     0.999
 3   129.914    -2.646     4.074
 3     0.416    -0.105    -0.903
 3     0.054     0.994    -0.091
 3     0.907    -0.011     0.420
 4   113.812    15.641    -9.375
 4     0.479    -0.876     0.061
 4     0.836     0.434    -0.335
 4     0.266     0.211     0.940
 5   100.945    27.860    11.431
 5    -0.235    -0.628     0.741
 5     0.401    -0.758    -0.515
 5     0.885     0.176     0.430
 6   103.046    27.118    42.792
 6    -0.179    -0.039    -0.983
 6    -0.040     0.999    -0.032
 6     0.983     0.033    -0.180
 7   112.659   -21.662    -7.328
 7     0.709     0.688     0.154
 7    -0.699     0.657     0.283
 7     0.093    -0.309     0.946
 8   100.417   -28.047    13.483
 8    -0.279    -0.007     0.960
 8    -0.310    -0.946    -0.097
 8     0.909    -0.325     0.262
 9    99.985   -38.158    43.592
 9    -0.195     0.408    -0.892
 9    -0.214     0.870     0.445
 9     0.957     0.277    -0.083
 2    97.311   -18.704    59.750
 2     0.620    -0.784     0.003
 2     0.783     0.620     0.038
 2    -0.032    -0.021     0.999
 3   129.976    -2.673     4.058
 3     0.415    -0.099    -0.904
 3     0.047     0.995    -0.088
 3     0.909    -0.006     0.417
 4   113.922    15.647    -9.414
 4     0.472    -0.880     0.058
 4     0.839     0.427    -0.337
 4     0.271     0.208     0.940
 5    99.817    27.438    10.749
 5    -0.287    -0.610     0.738
 5     0.402    -0.777    -0.485
 5     0.869     0.157     0.468
 6   103.127    28.131    43.230
 6    -0.196    -0.146    -0.969
 6    -0.028     0.989    -0.144
 6     0.980    -0.001    -0.198
 7   112.611   -21.591    -7.509
 7     0.698     0.700     0.149
 7    -0.710     0.649     0.274
 7     0.095    -0.298     0.950
 8    99.566   -27.708    12.746
 8    -0.325    -0.023     0.945
 8    -0.312    -0.941    -0.130
 8     0.893    -0.337     0.298
 9    97.386   -38.475    42.647
 9    -0.243     0.442    -0.864
 9    -0.225     0.840     0.493
 9     0.943     0.314    -0.104
 2    97.311   -18.704    59.750
 2     0.620    -0.784     0.003
 2     0.784     0.620     0.038
 2    -0.032    -0.021     0.999
 3   129.927    -2.652     4.057
 3     0.414    -0.094    -0.905
 3     0.041     0.995    -0.085
 3     0.909    -0.002     0.416
 4   114.050    15.703    -9.520
 4     0.463    -0.884     0.054
 4     0.843     0.421    -0.335
 4     0.273     0.201     0.941
 5    98.868    27.036     9.718
 5    -0.338    -0.580     0.741
 5     0.408    -0.800    -0.440
 5     0.848     0.153     0.507
 6   100.453    28.759    42.242
 6    -0.235    -0.262    -0.936
 6    -0.012     0.964    -0.267
 6     0.972    -0.052    -0.229
 7   112.670   -21.491    -7.756
 7     0.689     0.711     0.140
 7    -0.718     0.642     0.269
 7     0.101    -0.286     0.953
 8    98.639   -27.549    11.958
 8    -0.372    -0.038     0.927
 8    -0.307    -0.938    -0.161
 8     0.876    -0.345     0.337
 9    94.773   -38.683    41.626
 9    -0.291     0.463    -0.837
 9    -0.230     0.815     0.531
 9     0.929     0.347    -0.130
 2    97.311   -18.704    59.750
 2     0.620    -0.784     0.003
 2     0.784     0.620     0.037
 2    -0.032    -0.021     0.999
 3   129.865    -2.679     4.042
 3     0.410    -0.089    -0.907
 3     0.034     0.996    -0.082
 3     0.911     0.002     0.412
 4   114.374    15.609    -9.537
 4     0.458    -0.888     0.037
 4     0.843     0.421    -0.334
 4     0.281     0.184     0.942
 5    98.125    26.731     8.897
 5    -0.385    -0.569     0.727
 5     0.413    -0.810    -0.416
 5     0.825     0.140     0.547
 6    98.139    29.262    41.208
 6    -0.284    -0.310    -0.907
 6    -0.002     0.946    -0.323
 6     0.959    -0.090    -0.269
 7   112.869   -21.536    -7.923
 7     0.680     0.722     0.123
 7    -0.724     0.636     0.267
 7     0.114    -0.271     0.956
 8    98.112   -27.294    11.380
 8    -0.406    -0.040     0.913
 8    -0.301    -0.937    -0.175
 8     0.863    -0.346     0.368
 9    93.144   -38.496    40.989
 9    -0.334     0.431    -0.838
 9    -0.234     0.823     0.517
 9     0.913     0.369    -0.174
 2    97.311   -18.704    59.750
 2     0.620    -0.784     0.003
 2     0.783     0.620     0.038
 2    -0.032    -0.021     0.999
 3   129.876    -2.729     4.103
 3     0.406    -0.086    -0.910
 3     0.030     0.996    -0.081
 3     0.913     0.005     0.406
 4   114.662    15.614    -9.595
 4     0.456    -0.890     0.026
 4     0.843     0.422    -0.332
 4     0.285     0.173     0.943
 5    97.872    27.014     8.262
 5    -0.413    -0.574     0.707
 5     0.419    -0.809    -0.412
 5     0.808     0.126     0.574
 6    95.068    30.760    39.805
 6    -0.333    -0.186    -0.924
 6     0.010     0.979    -0.201
 6     0.943    -0.076    -0.325
 7   113.118   -21.602    -7.915
 7     0.679     0.726     0.107
 7    -0.723     0.637     0.269
 7     0.127    -0.260     0.957
 8    97.925   -27.330    11.101
 8    -0.429    -0.030     0.903
 8    -0.296    -0.940    -0.171
 8     0.853    -0.341     0.394
 9    92.306   -38.248    40.602
 9    -0.358     0.366    -0.859
 9    -0.237     0.854     0.463
 9     0.903     0.370    -0.219
 2    97.311   -18.704    59.750
 2     0.620    -0.784     0.004
 2     0.783     0.620     0.038
 2    -0.032    -0.021     0.999
 3   129.894    -2.725     4.181
 3     0.401    -0.085    -0.912
 3     0.028     0.996    -0.081
 3     0.916     0.007     0.401
 4   114.894    15.566    -9.622
 4     0.453    -0.891     0.015
 4     0.844     0.423    -0.330
 4     0.287     0.162     0.944
 5    97.637    27.048     7.733
 5    -0.435    -0.581     0.688
 5     0.424    -0.806    -0.412
 5     0.794     0.113     0.597
 6    94.017    30.951    39.143
 6    -0.356    -0.165    -0.920
 6     0.013     0.983    -0.182
 6     0.934    -0.077    -0.348
 7   113.387   -21.567    -8.003
 7     0.680     0.727     0.091
 7    -0.720     0.639     0.270
 7     0.138    -0.250     0.958
 8    97.773   -27.306    10.731
 8    -0.448    -0.018     0.894
 8    -0.296    -0.941    -0.167
 8     0.844    -0.339     0.416
 9    91.462   -38.194    40.006
 9    -0.377     0.315    -0.871
 9    -0.243     0.874     0.421
 9     0.894     0.370    -0.253
 2    97.311   -18.704    59.750
 2     0.620    -0.784     0.004
 2     0.784     0.620     0.038
 2    -0.032    -0.021     0.999
 3   129.949    -2.674     4.300
 3     0.397    -0.086    -0.914
 3     0.026     0.996    -0.083
 3     0.917     0.009     0.398
 4   114.955    15.622    -9.630
 4     0.445    -0.895     0.004
 4     0.847     0.419    -0.327
 4     0.291     0.149     0.945
 5    97.224    27.131     7.281
 5    -0.457    -0.584     0.671
 5     0.429    -0.805    -0.409
 5     0.779     0.101     0.619
 6    92.436    31.512    38.314
 6    -0.395    -0.130    -0.909
 6     0.030     0.987    -0.154
 6     0.918    -0.089    -0.386
 7   113.629   -21.508    -8.037
 7     0.679     0.729     0.075
 7    -0.718     0.641     0.269
 7     0.148    -0.237     0.960
 8    97.445   -27.416    10.199
 8    -0.474    -0.007     0.880
 8    -0.300    -0.939    -0.168
 8     0.828    -0.344     0.443
 9    90.127   -38.410    39.259
 9    -0.407     0.263    -0.875
 9    -0.254     0.887     0.385
 9     0.877     0.378    -0.294
 2    97.311   -18.704    59.750
 2     0.620    -0.785     0.003
 2     0.784     0.620     0.038
 2    -0.032    -0.021     0.999
 3   129.986    -2.672     4.385
 3     0.393    -0.086    -0.915
 3     0.024     0.996    -0.084
 3     0.919     0.011     0.393
 4   115.139    15.576    -9.684
 4     0.435    -0.900    -0.009
 4     0.851     0.415    -0.323
 4     0.294     0.133     0.946
 5    96.879    26.894     6.809
 5    -0.481    -0.577     0.661
 5     0.421    -0.812    -0.403
 5     0.769     0.084     0.633
 6    91.385    30.919    37.770
 6    -0.420    -0.105    -0.901
 6     0.020     0.992    -0.126
 6     0.907    -0.071    -0.414
 7   113.925   -21.499    -8.158
 7     0.677     0.734     0.054
 7    -0.718     0.643     0.267
 7     0.161    -0.220     0.962
 8    97.028   -27.385     9.616
 8    -0.507    -0.001     0.862
 8    -0.298    -0.938    -0.176
 8     0.808    -0.347     0.475
 9    88.422   -38.458    38.268
 9    -0.441     0.229    -0.867
 9    -0.259     0.893     0.368
 9     0.859     0.387    -0.335
 2    97.311   -18.704    59.750
 2     0.620    -0.784     0.003
 2     0.783     0.620     0.038
 2    -0.032    -0.021     0.999
 3   130.043    -2.671     4.403
 3     0.390    -0.084    -0.917
 3     0.022     0.996    -0.082
 3     0.920     0.012     0.390
 4   115.358    15.560    -9.648
 4     0.423    -0.906    -0.024
 4     0.854     0.407    -0.322
 4     0.301     0.116     0.946
 5    96.325    26.375     6.378
 5    -0.512    -0.567     0.645
 5     0.404    -0.822    -0.401
 5     0.757     0.056     0.650
 6    89.810    29.942    37.179
 6    -0.452    -0.092    -0.887
 6     0.000     0.995    -0.104
 6     0.892    -0.047    -0.450
 7   114.138   -21.547    -8.184
 7     0.671     0.740     0.039
 7    -0.722     0.640     0.263
 7     0.169    -0.205     0.964
 8    96.591   -27.300     9.033
 8    -0.540    -0.005     0.842
 8    -0.297    -0.935    -0.196
 8     0.787    -0.356     0.503
 9    86.744   -38.632    37.135
 9    -0.474     0.206    -0.856
 9    -0.266     0.893     0.363
 9     0.839     0.400    -0.369
 2    97.311   -18.704    59.750
 2     0.620    -0.784     0.003
 2     0.783     0.620     0.038
 2    -0.032    -0.021     0.999
 3   130.055    -2.669     4.489
 3     0.387    -0.082    -0.918
 3     0.020     0.996    -0.080
 3     0.922     0.013     0.387
 4   115.338    15.464    -9.702
 4     0.412    -0.911    -0.031
 4     0.859     0.399    -0.320
 4     0.303     0.105     0.947
 5    95.891    26.184     5.911
 5    -0.534    -0.556     0.637
 5     0.404    -0.830    -0.385
 5     0.743     0.052     0.667
 6    88.791    30.007    36.395
 6    -0.469    -0.095    -0.878
 6     0.002     0.994    -0.109
 6     0.883    -0.053    -0.466
 7   114.246   -21.570    -8.206
 7     0.667     0.744     0.025
 7    -0.724     0.640     0.258
 7     0.175    -0.190     0.966
 8    96.340   -27.278     8.436
 8    -0.565    -0.002     0.825
 8    -0.305    -0.929    -0.211
 8     0.766    -0.371     0.524
 9    85.474   -39.022    36.102
 9    -0.501     0.184    -0.846
 9    -0.282     0.889     0.360
 9     0.818     0.419    -0.394
 2    97.311   -18.704    59.750
 2     0.620    -0.784     0.003
 2     0.783     0.620     0.038
 2    -0.032    -0.021     0.999
 3   130.062    -2.669     4.531
 3     0.384    -0.080    -0.920
 3     0.018     0.996    -0.079
 3     0.923     0.014     0.384
 4   115.363    15.465    -9.750
 4     0.405    -0.913    -0.036
 4     0.862     0.395    -0.316
 4     0.303     0.097     0.948
 5    95.742    26.146     5.537
 5    -0.548    -0.554     0.627
 5     0.408    -0.831    -0.378
 5     0.730     0.049     0.681
 6    87.984    30.222    35.781
 6    -0.490    -0.096    -0.866
 6     0.005     0.993    -0.113
 6     0.871    -0.060    -0.487
 7   114.480   -21.541    -8.332
 7     0.664     0.747     0.010
 7    -0.725     0.641     0.252
 7     0.182    -0.175     0.967
 8    96.110   -27.249     7.836
 8    -0.585    -0.003     0.811
 8    -0.309    -0.924    -0.227
 8     0.750    -0.383     0.539
 9    84.476   -39.382    35.071
 9    -0.523     0.170    -0.835
 9    -0.291     0.885     0.363
 9     0.801     0.433    -0.414
 2    97.311   -18.754    59.750
 2     0.620    -0.784     0.003
 2     0.783     0.620     0.037
 2    -0.032    -0.021     0.999
 3   130.025    -2.666     4.592
 3     0.379    -0.079    -0.922
 3     0.017     0.996    -0.078
 3     0.925     0.014     0.379
 4   115.462    15.469    -9.797
 4     0.393    -0.918    -0.043
 4     0.868     0.386    -0.312
 4     0.303     0.085     0.949
 5    95.394    25.957     5.134
 5    -0.565    -0.545     0.619
 5     0.406    -0.837    -0.366
 5     0.718     0.045     0.695
 6    86.929    30.311    35.185
 6    -0.510    -0.104    -0.854
 6     0.004     0.992    -0.123
 6     0.860    -0.067    -0.505
 7   114.693   -21.536    -8.360
 7     0.661     0.750    -0.005
 7    -0.725     0.641     0.249
 7     0.190    -0.161     0.968
 8    95.929   -27.196     7.437
 8    -0.603    -0.002     0.798
 8    -0.311    -0.920    -0.237
 8     0.734    -0.391     0.554
 9    83.564   -39.413    34.285
 9    -0.543     0.163    -0.823
 9    -0.294     0.882     0.369
 9     0.786     0.442    -0.431
 2    97.311   -18.704    59.750
 2     0.620    -0.784     0.003
 2     0.783     0.620     0.038
 2    -0.032    -0.021     0.999
 3   130.089    -2.662     4.703
 3     0.375    -0.079    -0.923
 3     0.017     0.997    -0.079
 3     0.927     0.013     0.375
 4   115.540    15.346    -9.796
 4     0.383    -0.922    -0.052
 4     0.872     0.380    -0.308
 4     0.304     0.073     0.950
 5    95.167    25.766     4.786
 5    -0.580    -0.539     0.610
 5     0.409    -0.841    -0.354
 5     0.704     0.044     0.708
 6    86.021    30.775    34.377
 6    -0.529    -0.122    -0.840
 6     0.019     0.988    -0.155
 6     0.848    -0.098    -0.520
 7   114.935   -21.555    -8.393
 7     0.656     0.754    -0.022
 7    -0.727     0.640     0.247
 7     0.200    -0.147     0.969
 8    95.835   -27.164     7.022
 8    -0.619    -0.002     0.786
 8    -0.312    -0.917    -0.248
 8     0.721    -0.398     0.567
 9    82.937   -39.464    33.589
 9    -0.560     0.157    -0.813
 9    -0.297     0.878     0.374
 9     0.773     0.451    -0.445
 2    97.311   -18.754    59.750
 2     0.620    -0.784     0.003
 2     0.783     0.620     0.037
 2    -0.032    -0.021     0.999
 3   130.195    -2.635     4.847
 3     0.371    -0.079    -0.925
 3     0.016     0.996    -0.079
 3     0.928     0.014     0.371
 4   115.691    15.297    -9.793
 4     0.378    -0.924    -0.058
 4     0.874     0.377    -0.305
 4     0.304     0.064     0.950
 5    95.199    25.828     4.432
 5    -0.590    -0.545     0.596
 5     0.418    -0.837    -0.352
 5     0.691     0.042     0.722
 6    85.259    31.593    33.535
 6    -0.553    -0.111    -0.825
 6     0.042     0.986    -0.161
 6     0.832    -0.123    -0.541
 7   115.091   -21.529    -8.483
 7     0.653     0.756    -0.030
 7    -0.729     0.639     0.245
 7     0.204    -0.138     0.969
 8    95.774   -27.077     6.720
 8    -0.629    -0.000     0.777
 8    -0.314    -0.914    -0.255
 8     0.710    -0.404     0.575
 9    82.423   -39.583    32.975
 9    -0.572     0.147    -0.807
 9    -0.301     0.877     0.374
 9     0.763     0.457    -0.457
 2    97.311   -18.704    59.750
 2     0.620    -0.784     0.003
 2     0.783     0.620     0.038
 2    -0.032    -0.021     0.999
 3   130.208    -2.657     5.009
 3     0.366    -0.079    -0.927
 3     0.016     0.997    -0.079
 3     0.930     0.014     0.366
 4   115.818    15.298    -9.789
 4     0.373    -0.925    -0.066
 4     0.876     0.375    -0.302
 4     0.304     0.054     0.951
 5    95.111    25.918     4.177
 5    -0.602    -0.547     0.582
 5     0.419    -0.837    -0.352
 5     0.680     0.032     0.733
 6    84.634    31.633    33.050
 6    -0.574    -0.093    -0.814
 6     0.043     0.989    -0.144
 6     0.818    -0.118    -0.563
 7   115.303   -21.524    -8.507
 7     0.650     0.759    -0.042
 7    -0.730     0.639     0.244
 7     0.211    -0.128     0.969
 8    95.682   -27.070     6.323
 8    -0.644     0.003     0.765
 8    -0.313    -0.914    -0.260
 8     0.698    -0.407     0.589
 9    81.665   -39.558    32.274
 9    -0.589     0.131    -0.797
 9    -0.302     0.879     0.368
 9     0.749     0.458    -0.479
 2    97.311   -18.754    59.750
 2     0.620    -0.784     0.003
 2     0.783     0.620     0.037
 2    -0.032    -0.021     0.999
 3   130.221    -2.628     5.068
 3     0.362    -0.081    -0.929
 3     0.016     0.996    -0.081
 3     0.932     0.014     0.362
 4   115.820    15.250    -9.790
 4     0.365    -0.928    -0.072
 4     0.879     0.369    -0.300
 4     0.305     0.047     0.951
 5    94.924    25.586     4.070
 5    -0.611    -0.540     0.579
 5     0.409    -0.841    -0.353
 5     0.677     0.021     0.735
 6    84.077    30.866    32.939
 6    -0.589    -0.077    -0.804
 6     0.030     0.993    -0.117
 6     0.807    -0.093    -0.583
 7   115.671   -21.541    -8.541
 7     0.649     0.758    -0.057
 7    -0.728     0.641     0.243
 7     0.221    -0.117     0.968
 8    95.764   -27.162     6.022
 8    -0.655     0.012     0.755
 8    -0.315    -0.913    -0.259
 8     0.686    -0.407     0.602
 9    81.341   -39.700    31.606
 9    -0.601     0.107    -0.792
 9    -0.309     0.882     0.354
 9     0.737     0.457    -0.498
 2    97.311   -18.704    59.750
 2     0.620    -0.784     0.003
 2     0.783     0.620     0.038
 2    -0.032    -0.021     0.999
 3   130.259    -2.571     5.203
 3     0.357    -0.086    -0.930
 3     0.018     0.996    -0.085
 3     0.934     0.013     0.357
 4   115.894    15.177    -9.838
 4     0.355    -0.932    -0.078
 4     0.883     0.361    -0.298
 4     0.305     0.037     0.951
 5    94.716    25.375     3.806
 5    -0.625    -0.533     0.570
 5     0.404    -0.846    -0.348
 5     0.668     0.013     0.744
 6    83.317    30.725    32.311
 6    -0.612    -0.069    -0.788
 6     0.031     0.993    -0.111
 6     0.790    -0.093    -0.605
 7   116.037   -21.632    -8.552
 7     0.652     0.755    -0.073
 7    -0.722     0.647     0.243
 7     0.231    -0.106     0.967
 8    95.942   -27.403     5.675
 8    -0.666     0.028     0.745
 8    -0.323    -0.911    -0.255
 8     0.672    -0.411     0.616
 9    81.021   -40.354    30.834
 9    -0.616     0.076    -0.784
 9    -0.322     0.884     0.338
 9     0.719     0.461    -0.520
 2    97.311   -18.704    59.750
 2     0.620    -0.784     0.003
 2     0.783     0.620     0.038
 2    -0.032    -0.021     0.999
 3   130.329    -2.460     5.355
 3     0.349    -0.092    -0.932
 3     0.022     0.996    -0.090
 3     0.937     0.011     0.350
 4   115.942    15.128    -9.831
 4     0.345    -0.935    -0.085
 4     0.888     0.355    -0.293
 4     0.304     0.025     0.952
 5    94.679    25.314     3.494
 5    -0.634    -0.532     0.561
 5     0.406    -0.847    -0.344
 5     0.657     0.010     0.753
 6    82.872    31.016    31.761
 6    -0.630    -0.060    -0.775
 6     0.044     0.993    -0.112
 6     0.776    -0.104    -0.622
 7   116.219   -21.679    -8.516
 7     0.652     0.754    -0.080
 7    -0.721     0.649     0.243
 7     0.235    -0.101     0.967
 8    95.957   -27.540     5.545
 8    -0.675     0.034     0.737
 8    -0.328    -0.909    -0.258
 8     0.661    -0.416     0.624
 9    80.493   -40.627    30.433
 9    -0.629     0.060    -0.775
 9    -0.328     0.884     0.334
 9     0.705     0.464    -0.536
 2    97.311   -18.704    59.750
 2     0.620    -0.785     0.003
 2     0.784     0.620     0.038
 2    -0.032    -0.021     0.999
 3   130.329    -2.460     5.381
 3     0.348    -0.092    -0.933
 3     0.022     0.995    -0.090
 3     0.937     0.010     0.349
 4   116.088    15.052    -9.848
 4     0.342    -0.935    -0.090
 4     0.890     0.353    -0.290
 4     0.302     0.019     0.953
 5    94.653    25.355     3.195
 5    -0.639    -0.536     0.552
 5     0.415    -0.844    -0.340
 5     0.648     0.011     0.761
 6    82.526    31.586    31.106
 6    -0.645    -0.048    -0.763
 6     0.061     0.991    -0.115
 6     0.762    -0.121    -0.636
 7   116.224   -21.679    -8.526
 7     0.648     0.757    -0.086
 7    -0.723     0.647     0.241
 7     0.238    -0.094     0.966
 8    95.689   -27.332     5.211
 8    -0.690     0.030     0.723
 8    -0.326    -0.905    -0.273
 8     0.646    -0.424     0.634
 9    79.528   -40.484    29.681
 9    -0.649     0.056    -0.759
 9    -0.329     0.879     0.345
 9     0.686     0.474    -0.552
 2    97.311   -18.704    59.750
 2     0.620    -0.784     0.003
 2     0.784     0.620     0.038
 2    -0.032    -0.021     0.999
 3   130.329    -2.511     5.483
 3     0.347    -0.091    -0.933
 3     0.022     0.996    -0.089
 3     0.937     0.010     0.348
 4   116.287    15.000    -9.888
 4     0.341    -0.934    -0.101
 4     0.891     0.356    -0.283
 4     0.300     0.007     0.954
 5    94.840    25.521     2.885
 5    -0.646    -0.541     0.539
 5     0.422    -0.841    -0.339
 5     0.636     0.009     0.771
 6    82.309    31.980    30.529
 6    -0.660    -0.033    -0.751
 6     0.072     0.991    -0.107
 6     0.748    -0.125    -0.652
 7   116.332   -21.630    -8.592
 7     0.638     0.764    -0.097
 7    -0.730     0.640     0.238
 7     0.243    -0.081     0.966
 8    95.558   -27.095     4.908
 8    -0.702     0.025     0.712
 8    -0.323    -0.902    -0.287
 8     0.635    -0.431     0.641
 9    78.964   -40.301    28.925
 9    -0.661     0.052    -0.749
 9    -0.333     0.874     0.354
 9     0.673     0.483    -0.560
 2    97.311   -18.704    59.750
 2     0.620    -0.785     0.003
 2     0.784     0.620     0.038
 2    -0.032    -0.021     0.999
 3   130.352    -2.556     5.533
 3     0.341    -0.087    -0.936
 3     0.021     0.996    -0.085
 3     0.940     0.009     0.341
 4   116.465    14.950    -9.884
 4     0.338    -0.935    -0.109
 4     0.892     0.355    -0.280
 4     0.300    -0.003     0.954
 5    94.736    25.538     2.564
 5    -0.654    -0.540     0.530
 5     0.423    -0.842    -0.335
 5     0.627     0.005     0.779
 6    81.792    32.045    29.954
 6    -0.675    -0.026    -0.738
 6     0.076     0.991    -0.104
 6     0.734    -0.126    -0.667
 7   116.511   -21.503    -8.602
 7     0.634     0.766    -0.105
 7    -0.733     0.639     0.233
 7     0.246    -0.071     0.966
 8    95.670   -27.154     4.609
 8    -0.710     0.032     0.703
 8    -0.332    -0.896    -0.294
 8     0.621    -0.442     0.647
 9    78.724   -40.902    28.161
 9    -0.671     0.030    -0.740
 9    -0.349     0.868     0.352
 9     0.653     0.495    -0.572
 2    97.311   -18.704    59.750
 2     0.620    -0.785     0.003
 2     0.784     0.620     0.038
 2    -0.032    -0.021     0.999
 3   130.410    -2.503     5.626
 3     0.338    -0.088    -0.937
 3     0.021     0.996    -0.086
 3     0.941     0.008     0.338
 4   116.456    14.900    -9.974
 4     0.327    -0.938    -0.113
 4     0.897     0.346    -0.275
 4     0.297    -0.012     0.955
 5    94.369    25.350     2.248
 5    -0.665    -0.530     0.527
 5     0.424    -0.848    -0.318
 5     0.615     0.012     0.788
 6    81.044    32.209    29.341
 6    -0.687    -0.038    -0.726
 6     0.082     0.988    -0.130
 6     0.722    -0.148    -0.676
 7   116.685   -21.501    -8.633
 7     0.635     0.765    -0.111
 7    -0.732     0.641     0.229
 7     0.247    -0.064     0.967
 8    95.724   -27.282     4.413
 8    -0.713     0.040     0.700
 8    -0.343    -0.891    -0.298
 8     0.612    -0.453     0.649
 9    78.689   -41.391    27.647
 9    -0.676     0.020    -0.737
 9    -0.363     0.861     0.356
 9     0.641     0.508    -0.574
 2    97.311   -18.704    59.750
 2     0.620    -0.785     0.003
 2     0.784     0.620     0.038
 2    -0.032    -0.021     0.999
 3   130.365    -2.423     5.666
 3     0.333    -0.094    -0.938
 3     0.023     0.995    -0.091
 3     0.942     0.009     0.334
 4   116.372    14.900    -9.989
 4     0.316    -0.942    -0.115
 4     0.902     0.336    -0.271
 4     0.294    -0.018     0.955
 5    94.254    25.314     1.881
 5    -0.672    -0.526     0.521
 5     0.428    -0.850    -0.305
 5     0.603     0.018     0.797
 6    80.606    32.528    28.722
 6    -0.697    -0.038    -0.716
 6     0.091     0.986    -0.141
 6     0.711    -0.164    -0.684
 7   116.860   -21.399    -8.613
 7     0.635     0.763    -0.118
 7    -0.732     0.643     0.226
 7     0.248    -0.058     0.967
 8    95.871   -27.239     4.251
 8    -0.719     0.044     0.693
 8    -0.347    -0.888    -0.303
 8     0.602    -0.458     0.653
 9    78.294   -41.411    27.144
 9    -0.688     0.012    -0.726
 9    -0.366     0.858     0.360
 9     0.627     0.513    -0.586
 2    97.311   -18.704    59.750
 2     0.620    -0.784     0.004
 2     0.783     0.620     0.038
 2    -0.032    -0.021     0.999
 3   130.511    -2.314     5.766
 3     0.326    -0.097    -0.940
 3     0.024     0.995    -0.094
 3     0.945     0.008     0.327
 4   116.492    14.951   -10.031
 4     0.310    -0.943    -0.122
 4     0.904     0.332    -0.268
 4     0.292    -0.027     0.956
 5    94.304    25.307     1.658
 5    -0.680    -0.524     0.513
 5     0.428    -0.852    -0.302
 5     0.595     0.014     0.803
 6    80.477    32.521    28.303
 6    -0.706    -0.039    -0.707
 6     0.090     0.985    -0.145
 6     0.702    -0.166    -0.692
 7   117.171   -21.344    -8.586
 7     0.631     0.764    -0.131
 7    -0.732     0.643     0.224
 7     0.255    -0.046     0.966
 8    95.939   -27.178     3.969
 8    -0.729     0.046     0.683
 8    -0.345    -0.886    -0.308
 8     0.591    -0.461     0.662
 9    78.132   -41.326    26.554
 9    -0.696     0.002    -0.718
 9    -0.369     0.856     0.360
 9     0.615     0.516    -0.596
 2    97.311   -18.704    59.750
 2     0.620    -0.784     0.004
 2     0.784     0.620     0.038
 2    -0.032    -0.021     0.999
 3   130.577    -2.231     5.824
 3     0.320    -0.100    -0.942
 3     0.026     0.995    -0.097
 3     0.947     0.006     0.321
 4   116.668    14.902   -10.028
 4     0.304    -0.944    -0.128
 4     0.907     0.328    -0.265
 4     0.292    -0.036     0.956
 5    94.249    25.097     1.360
 5    -0.688    -0.518     0.508
 5     0.427    -0.855    -0.294
 5     0.586     0.015     0.809
 6    79.910    32.408    27.777
 6    -0.720    -0.037    -0.693
 6     0.091     0.985    -0.148
 6     0.688    -0.170    -0.706
 7   117.402   -21.316    -8.550
 7     0.630     0.764    -0.139
 7    -0.732     0.644     0.221
 7     0.259    -0.038     0.965
 8    96.076   -27.187     3.769
 8    -0.736     0.056     0.674
 8    -0.354    -0.881    -0.313
 8     0.577    -0.469     0.668
 9    77.792   -41.853    25.813
 9    -0.708    -0.021    -0.706
 9    -0.383     0.851     0.359
 9     0.594     0.524    -0.610
 2    97.311   -18.754    59.750
 2     0.620    -0.784     0.003
 2     0.783     0.620     0.038
 2    -0.032    -0.021     0.999
 3   130.633    -2.177     5.864
 3     0.316    -0.103    -0.943
 3     0.027     0.995    -0.099
 3     0.948     0.006     0.317
 4   116.787    14.954   -10.070
 4     0.295    -0.946    -0.133
 4     0.910     0.320    -0.262
 4     0.290    -0.044     0.956
 5    94.226    25.016     1.260
 5    -0.696    -0.513     0.502
 5     0.424    -0.858    -0.289
 5     0.579     0.011     0.815
 6    79.652    32.374    27.416
 6    -0.730    -0.029    -0.683
 6     0.097     0.984    -0.147
 6     0.676    -0.174    -0.715
 7   117.530   -21.315    -8.557
 7     0.629     0.764    -0.144
 7    -0.732     0.644     0.221
 7     0.261    -0.034     0.964
 8    96.087   -27.192     3.612
 8    -0.740     0.056     0.670
