% Calibrated with leiden_pols
% Positions are in centimeters
Data =[
 2    97.336   -18.704    59.749
 2     0.620    -0.784     0.004
 2     0.783     0.620     0.037
 2    -0.032    -0.020     0.999
 3   129.019    -2.103     4.615
 3     0.457    -0.191    -0.869
 3     0.090     0.981    -0.168
 3     0.885    -0.001     0.466
 4   111.159    15.773    -7.465
 4     0.502    -0.854     0.139
 4     0.816     0.415    -0.401
 4     0.285     0.315     0.905
 5   108.715    24.009    19.665
 5     0.257    -0.352     0.900
 5     0.328    -0.844    -0.424
 5     0.909     0.404    -0.102
 6   124.266    26.472    46.381
 6     0.457    -0.695    -0.555
 6    -0.068     0.595    -0.801
 6     0.887     0.404     0.224
 7   112.007   -21.568    -5.837
 7     0.774     0.600     0.201
 7    -0.627     0.682     0.375
 7     0.088    -0.417     0.905
 8   110.850   -25.031    20.842
 8     0.276    -0.162     0.947
 8    -0.243    -0.965    -0.095
 8     0.930    -0.204    -0.306
 9   125.547   -32.879    47.681
 9     0.375     0.807    -0.456
 9    -0.076     0.516     0.853
 9     0.924    -0.285     0.255
 2    97.311   -18.704    59.750
 2     0.620    -0.784     0.004
 2     0.783     0.620     0.038
 2    -0.032    -0.021     0.999
 3   129.000    -2.101     4.635
 3     0.455    -0.190    -0.870
 3     0.090     0.982    -0.167
 3     0.886    -0.003     0.464
 4   111.343    15.775    -7.473
 4     0.506    -0.852     0.134
 4     0.813     0.419    -0.404
 4     0.288     0.314     0.904
 5   108.476    24.904    19.137
 5     0.228    -0.426     0.876
 5     0.327    -0.814    -0.481
 5     0.917     0.396    -0.046
 6   123.423    25.985    46.531
 6     0.364    -0.550    -0.751
 6    -0.089     0.782    -0.616
 6     0.927     0.291     0.235
 7   111.996   -21.573    -5.902
 7     0.772     0.602     0.202
 7    -0.630     0.684     0.369
 7     0.084    -0.413     0.907
 8   109.911   -26.117    20.251
 8     0.224    -0.112     0.968
 8    -0.266    -0.963    -0.050
 8     0.937    -0.246    -0.246
 9   123.259   -33.867    47.462
 9     0.276     0.684    -0.676
 9    -0.116     0.721     0.683
 9     0.954    -0.110     0.278
 2    97.311   -18.704    59.750
 2     0.620    -0.784     0.004
 2     0.783     0.620     0.038
 2    -0.032    -0.021     0.999
 3   129.044    -2.199     4.592
 3     0.449    -0.177    -0.876
 3     0.087     0.984    -0.155
 3     0.889    -0.006     0.457
 4   111.465    15.772    -7.542
 4     0.510    -0.850     0.132
 4     0.811     0.424    -0.403
 4     0.286     0.312     0.906
 5   108.107    25.848    18.510
 5     0.196    -0.485     0.852
 5     0.337    -0.783    -0.523
 5     0.921     0.390     0.010
 6   122.242    26.241    46.542
 6     0.274    -0.384    -0.881
 6    -0.086     0.903    -0.420
 6     0.958     0.191     0.215
 7   112.023   -21.557    -6.033
 7     0.771     0.604     0.201
 7    -0.632     0.688     0.355
 7     0.076    -0.401     0.913
 8   108.988   -26.998    19.371
 8     0.169    -0.043     0.984
 8    -0.274    -0.962     0.005
 8     0.947    -0.271    -0.174
 9   121.060   -34.617    47.413
 9     0.210     0.570    -0.794
 9    -0.141     0.822     0.552
 9     0.967    -0.004     0.253
 2    97.311   -18.704    59.750
 2     0.620    -0.784     0.004
 2     0.784     0.620     0.038
 2    -0.032    -0.021     0.999
 3   129.108    -2.197     4.530
 3     0.445    -0.171    -0.879
 3     0.085     0.985    -0.148
 3     0.891    -0.009     0.453
 4   111.736    15.767    -7.703
 4     0.515    -0.848     0.123
 4     0.809     0.434    -0.396
 4     0.282     0.303     0.910
 5   107.919    26.736    17.835
 5     0.168    -0.559     0.812
 5     0.339    -0.740    -0.580
 5     0.925     0.373     0.065
 6   121.049    25.823    46.518
 6     0.176    -0.157    -0.972
 6    -0.078     0.982    -0.172
 6     0.981     0.106     0.161
 7   112.162   -21.510    -6.104
 7     0.770     0.607     0.196
 7    -0.633     0.693     0.345
 7     0.073    -0.390     0.918
 8   108.096   -27.732    18.681
 8     0.117     0.018     0.993
 8    -0.277    -0.959     0.050
 8     0.953    -0.281    -0.108
 9   119.113   -34.821    47.245
 9     0.161     0.461    -0.872
 9    -0.146     0.885     0.441
 9     0.976     0.056     0.210
 2    97.311   -18.704    59.749
 2     0.620    -0.784     0.004
 2     0.783     0.620     0.037
 2    -0.032    -0.020     0.999
 3   129.245    -2.195     4.416
 3     0.441    -0.164    -0.882
 3     0.083     0.986    -0.142
 3     0.893    -0.010     0.449
 4   111.854    15.763    -7.815
 4     0.516    -0.848     0.116
 4     0.810     0.440    -0.388
 4     0.278     0.295     0.914
 5   107.482    27.457    17.202
 5     0.131    -0.613     0.779
 5     0.343    -0.709    -0.616
 5     0.930     0.348     0.117
 6   119.307    25.979    46.376
 6     0.116    -0.023    -0.993
 6    -0.073     0.997    -0.031
 6     0.990     0.076     0.114
 7   112.184   -21.563    -6.236
 7     0.767     0.612     0.188
 7    -0.636     0.694     0.336
 7     0.074    -0.378     0.923
 8   107.141   -28.218    18.000
 8     0.069     0.048     0.996
 8    -0.284    -0.957     0.066
 8     0.956    -0.287    -0.053
 9   117.009   -35.093    47.120
 9     0.116     0.399    -0.910
 9    -0.150     0.912     0.381
 9     0.982     0.092     0.166
 2    97.311   -18.704    59.750
 2     0.620    -0.784     0.003
 2     0.783     0.620     0.038
 2    -0.032    -0.021     0.999
 3   129.364    -2.243     4.372
 3     0.437    -0.156    -0.886
 3     0.079     0.987    -0.135
 3     0.896    -0.011     0.444
 4   112.014    15.708    -7.968
 4     0.514    -0.850     0.113
 4     0.814     0.441    -0.377
 4     0.271     0.286     0.919
 5   106.616    27.922    16.452
 5     0.089    -0.630     0.771
 5     0.357    -0.703    -0.615
 5     0.929     0.331     0.162
 6   117.581    26.354    45.992
 6     0.074     0.025    -0.997
 6    -0.065     0.997     0.020
 6     0.995     0.063     0.076
 7   112.240   -21.563    -6.354
 7     0.761     0.623     0.180
 7    -0.643     0.692     0.327
 7     0.079    -0.365     0.927
 8   106.037   -28.536    17.394
 8     0.021     0.051     0.998
 8    -0.295    -0.954     0.055
 8     0.955    -0.295    -0.006
 9   114.840   -35.750    46.790
 9     0.076     0.382    -0.921
 9    -0.159     0.916     0.367
 9     0.984     0.118     0.130
 2    97.311   -18.704    59.750
 2     0.620    -0.784     0.003
 2     0.784     0.620     0.038
 2    -0.032    -0.021     0.999
 3   129.447    -2.320     4.316
 3     0.434    -0.147    -0.889
 3     0.075     0.989    -0.126
 3     0.897    -0.012     0.440
 4   112.214    15.700    -8.210
 4     0.510    -0.853     0.109
 4     0.820     0.443    -0.362
 4     0.260     0.274     0.926
 5   105.624    28.283    15.505
 5     0.038    -0.638     0.769
 5     0.377    -0.703    -0.602
 5     0.925     0.313     0.214
 6   115.487    26.735    45.492
 6     0.031     0.039    -0.999
 6    -0.058     0.997     0.037
 6     0.998     0.057     0.032
 7   112.191   -21.644    -6.584
 7     0.753     0.633     0.178
 7    -0.653     0.686     0.319
 7     0.080    -0.357     0.931
 8   105.119   -28.745    16.792
 8    -0.022     0.045     0.999
 8    -0.308    -0.951     0.036
 8     0.951    -0.307     0.034
 9   112.820   -36.597    46.201
 9     0.041     0.383    -0.923
 9    -0.173     0.912     0.371
 9     0.984     0.144     0.103
 2    97.311   -18.704    59.750
 2     0.620    -0.784     0.003
 2     0.783     0.620     0.038
 2    -0.032    -0.021     0.999
 3   129.512    -2.470     4.203
 3     0.431    -0.136    -0.892
 3     0.073     0.990    -0.116
 3     0.899    -0.015     0.437
 4   112.465    15.668    -8.528
 4     0.504    -0.857     0.103
 4     0.827     0.445    -0.344
 4     0.249     0.258     0.933
 5   104.638    28.560    14.595
 5    -0.010    -0.643     0.766
 5     0.396    -0.706    -0.587
 5     0.918     0.297     0.261
