2 	   8.21	  -2.16	   5.68
	  0.945	  0.326	 -0.011
	 -0.327	  0.943	 -0.050
	 -0.004	  0.050	  0.998

3 	  10.18	   1.72	  -0.97
	  0.690	  0.684	  0.234
	 -0.686	  0.514	  0.515
	  0.233	 -0.517	  0.824

4 	  10.05	  -2.04	  -1.06
	  0.650	 -0.709	  0.273
	  0.746	  0.528	 -0.405
	  0.143	  0.467	  0.872

5 	   9.58	  -2.73	   1.63
	  0.271	 -0.287	  0.919
	  0.116	 -0.938	 -0.326
	  0.956	  0.195	 -0.220

6 	  10.62	  -3.51	   4.19
	  0.160	 -0.109	  0.981
	  0.743	  0.667	 -0.045
	 -0.652	  0.734	  0.186

7 	  11.30	  -0.29	   0.15
	  0.359	 -0.124	  0.925
	  0.200	  0.978	  0.054
	 -0.912	  0.165	  0.376

8 	   9.90	   2.39	   1.96
	  0.238	  0.432	  0.870
	 -0.191	 -0.858	  0.476
	  0.952	 -0.279	 -0.121

9 	  11.28	   2.88	   4.54
	  0.358	  0.108	  0.927
	 -0.571	  0.811	  0.123
	 -0.742	 -0.572	  0.351

2 	   8.21	  -2.16	   5.68
	  0.945	  0.326	 -0.011
	 -0.328	  0.943	 -0.051
	 -0.005	  0.050	  0.999

3 	  10.16	   1.71	  -0.97
	  0.690	  0.685	  0.234
	 -0.685	  0.511	  0.519
	  0.236	 -0.519	  0.822

4 	  10.04	  -2.05	  -1.05
	  0.646	 -0.710	  0.278
	  0.749	  0.523	 -0.406
	  0.143	  0.471	  0.870

5 	   9.52	  -2.85	   1.56
	  0.235	 -0.370	  0.899
	  0.059	 -0.918	 -0.392
	  0.970	  0.145	 -0.194

6 	  10.49	  -3.88	   4.06
	  0.140	 -0.198	  0.970
	  0.778	  0.627	  0.018
	 -0.615	  0.752	  0.239

7 	  11.29	  -0.30	   0.16
	  0.355	 -0.121	  0.927
	  0.196	  0.979	  0.054
	 -0.914	  0.162	  0.371

8 	   9.84	   2.50	   1.90
	  0.202	  0.510	  0.836
	 -0.133	 -0.832	  0.538
	  0.970	 -0.219	 -0.100

9 	  11.18	   3.33	   4.43
	  0.348	  0.222	  0.910
	 -0.646	  0.761	  0.058
	 -0.683	 -0.606	  0.408

2 	   8.21	  -2.16	   5.68
	  0.945	  0.326	 -0.011
	 -0.328	  0.943	 -0.051
	 -0.005	  0.050	  0.999

3 	  10.13	   1.68	  -0.97
	  0.678	  0.699	  0.226
	 -0.692	  0.502	  0.519
	  0.250	 -0.509	  0.823

4 	  10.04	  -2.05	  -1.05
	  0.643	 -0.714	  0.277
	  0.753	  0.522	 -0.401
	  0.142	  0.466	  0.873

5 	   9.50	  -3.05	   1.42
	  0.216	 -0.493	  0.843
	 -0.008	 -0.865	 -0.503
	  0.976	  0.102	 -0.191

6 	  10.45	  -4.46	   3.71
	  0.147	 -0.337	  0.930
	  0.813	  0.576	  0.083
	 -0.566	  0.744	  0.356

7 	  11.28	  -0.30	   0.17
	  0.356	 -0.121	  0.926
	  0.183	  0.981	  0.059
	 -0.917	  0.148	  0.371

8 	   9.79	   2.65	   1.80
	  0.167	  0.636	  0.753
	  0.045	 -0.768	  0.639
	  0.985	 -0.073	 -0.157

9 	  11.10	   4.09	   4.04
	  0.356	  0.415	  0.837
	 -0.778	  0.628	  0.017
	 -0.523	 -0.656	  0.544

2 	   8.21	  -2.16	   5.68
	  0.945	  0.326	 -0.010
	 -0.327	  0.943	 -0.051
	 -0.005	  0.050	  0.998

3 	  10.07	   1.67	  -0.98
	  0.664	  0.720	  0.202
	 -0.694	  0.492	  0.525
	  0.280	 -0.489	  0.826

4 	  10.02	  -2.03	  -1.10
	  0.643	 -0.725	  0.246
	  0.751	  0.534	 -0.388
	  0.150	  0.434	  0.888

5 	   9.50	  -3.25	   1.22
	  0.209	 -0.613	  0.762
	 -0.064	 -0.786	 -0.614
	  0.975	  0.080	 -0.204

6 	  10.41	  -5.06	   3.18
	  0.140	 -0.489	  0.861
	  0.850	  0.504	  0.151
	 -0.511	  0.711	  0.484

7 	  11.27	  -0.27	   0.16
	  0.363	 -0.126	  0.923
	  0.163	  0.984	  0.070
	 -0.918	  0.124	  0.377

8 	   9.79	   2.86	   1.67
	  0.140	  0.756	  0.639
	  0.252	 -0.651	  0.716
	  0.958	  0.061	 -0.281

9 	  11.01	   4.86	   3.48
	  0.348	  0.598	  0.721
	 -0.879	  0.477	  0.026
	 -0.333	 -0.643	  0.690

2 	   8.21	  -2.16	   5.68
	  0.945	  0.326	 -0.011
	 -0.328	  0.943	 -0.051
	 -0.005	  0.050	  0.999

3 	   9.99	   1.67	  -1.02
	  0.646	  0.746	  0.160
	 -0.691	  0.483	  0.537
	  0.324	 -0.458	  0.828

4 	   9.98	  -1.97	  -1.16
	  0.644	 -0.743	  0.183
	  0.743	  0.550	 -0.381
	  0.182	  0.381	  0.906

5 	   9.50	  -3.43	   0.97
	  0.203	 -0.736	  0.646
	 -0.173	 -0.676	 -0.716
	  0.964	  0.034	 -0.264

6 	  10.34	  -5.62	   2.49
	  0.139	 -0.645	  0.751
	  0.903	  0.393	  0.173
	 -0.409	  0.655	  0.635

7 	  11.26	  -0.25	   0.15
	  0.370	 -0.130	  0.920
	  0.147	  0.986	  0.080
	 -0.917	  0.106	  0.383

8 	   9.80	   3.09	   1.45
	  0.113	  0.860	  0.497
	  0.450	 -0.490	  0.747
	  0.886	  0.140	 -0.441

9 	  10.85	   5.53	   2.75
	  0.314	  0.757	  0.573
	 -0.939	  0.336	  0.070
	 -0.141	 -0.561	  0.816

2 	   8.21	  -2.16	   5.68
	  0.945	  0.326	 -0.011
	 -0.328	  0.943	 -0.051
	 -0.005	  0.050	  0.999

3 	   9.91	   1.63	  -1.08
	  0.626	  0.773	  0.097
	 -0.684	  0.485	  0.545
	  0.375	 -0.408	  0.832

4 	   9.91	  -1.92	  -1.25
	  0.639	 -0.762	  0.102
	  0.734	  0.564	 -0.379
	  0.231	  0.317	  0.919

5 	   9.53	  -3.61	   0.65
	  0.212	 -0.854	  0.475
	 -0.336	 -0.519	 -0.786
	  0.918	  0.007	 -0.397

6 	  10.31	  -6.12	   1.58
	  0.160	 -0.789	  0.593
	  0.958	  0.268	  0.098
	 -0.239	  0.554	  0.797

7 	  11.24	  -0.25	   0.12
	  0.381	 -0.136	  0.914
	  0.131	  0.987	  0.092
	 -0.915	  0.084	  0.394

8 	   9.80	   3.32	   1.13
	  0.095	  0.937	  0.335
	  0.592	 -0.323	  0.738
	  0.801	  0.129	 -0.584

9 	  10.71	   6.01	   1.92
	  0.292	  0.863	  0.412
	 -0.956	  0.258	  0.137
	  0.011	 -0.435	  0.900

2 	   8.21	  -2.16	   5.68
	  0.945	  0.326	 -0.010
	 -0.327	  0.943	 -0.051
	 -0.005	  0.050	  0.998

3 	   9.81	   1.60	  -1.15
	  0.605	  0.795	  0.026
	 -0.672	  0.492	  0.553
	  0.428	 -0.352	  0.832

4 	   9.84	  -1.85	  -1.34
	  0.634	 -0.774	  0.007
	  0.718	  0.584	 -0.378
	  0.289	  0.245	  0.925

5 	   9.56	  -3.72	   0.34
	  0.222	 -0.920	  0.324
	 -0.456	 -0.390	 -0.800
	  0.863	  0.029	 -0.505

6 	  10.27	  -6.39	   0.74
	  0.172	 -0.879	  0.445
	  0.981	  0.191	 -0.002
	 -0.085	  0.438	  0.895

7 	  11.22	  -0.23	   0.08
	  0.391	 -0.138	  0.910
	  0.122	  0.988	  0.097
	 -0.912	  0.072	  0.403

8 	   9.80	   3.51	   0.80
	  0.083	  0.976	  0.200
	  0.666	 -0.202	  0.718
	  0.742	  0.075	 -0.666

9 	  10.61	   6.31	   1.13
	  0.275	  0.923	  0.270
	 -0.956	  0.231	  0.181
	  0.105	 -0.308	  0.945

2 	   8.21	  -2.16	   5.68
	  0.945	  0.326	 -0.010
	 -0.327	  0.943	 -0.051
	 -0.005	  0.050	  0.998

3 	   9.74	   1.57	  -1.22
	  0.586	  0.809	 -0.041
	 -0.661	  0.505	  0.555
	  0.471	 -0.298	  0.830

4 	   9.74	  -1.77	  -1.43
	  0.615	 -0.782	 -0.102
	  0.703	  0.602	 -0.378
	  0.357	  0.161	  0.920

5 	   9.60	  -3.80	   0.02
	  0.224	 -0.958	  0.181
	 -0.567	 -0.278	 -0.776
	  0.794	  0.071	 -0.604

6 	  10.19	  -6.51	  -0.02
	  0.174	 -0.936	  0.307
	  0.982	  0.142	 -0.124
	  0.071	  0.323	  0.943

7 	  11.19	  -0.22	   0.04
	  0.405	 -0.142	  0.903
	  0.113	  0.988	  0.105
	 -0.907	  0.059	  0.416

8 	   9.80	   3.64	   0.51
	  0.073	  0.994	  0.084
	  0.731	 -0.110	  0.673
	  0.679	  0.014	 -0.734

9 	  10.49	   6.49	   0.44
	  0.249	  0.958	  0.143
	 -0.948	  0.210	  0.237
	  0.198	 -0.194	  0.961

2 	   8.21	  -2.16	   5.68
	  0.945	  0.326	 -0.011
	 -0.328	  0.943	 -0.051
	 -0.005	  0.050	  0.999

3 	   9.65	   1.55	  -1.26
	  0.565	  0.818	 -0.109
	 -0.646	  0.519	  0.559
	  0.515	 -0.245	  0.821

4 	   9.69	  -1.73	  -1.48
	  0.606	 -0.777	 -0.171
	  0.682	  0.618	 -0.390
	  0.409	  0.119	  0.904

5 	   9.58	  -3.84	  -0.20
	  0.208	 -0.976	  0.067
	 -0.643	 -0.188	 -0.742
	  0.738	  0.110	 -0.666

6 	  10.04	  -6.57	  -0.65
	  0.161	 -0.970	  0.184
	  0.966	  0.115	 -0.232
	  0.203	  0.215	  0.955

7 	  11.17	  -0.21	  -0.04
	  0.425	 -0.138	  0.894
	  0.107	  0.989	  0.102
	 -0.899	  0.052	  0.435

8 	   9.83	   3.76	   0.18
	  0.057	  0.997	 -0.056
	  0.817	 -0.014	  0.577
	  0.575	 -0.077	 -0.815

9 	  10.33	   6.60	  -0.43
	  0.211	  0.977	 -0.026
	 -0.910	  0.205	  0.359
	  0.359	 -0.051	  0.932

2 	   8.21	  -2.16	   5.68
	  0.945	  0.326	 -0.011
	 -0.327	  0.943	 -0.051
	 -0.005	  0.050	  0.998

3 	   9.55	   1.51	  -1.30
	  0.541	  0.817	 -0.201
	 -0.616	  0.546	  0.567
	  0.574	 -0.182	  0.798

4 	   9.58	  -1.69	  -1.53
	  0.585	 -0.768	 -0.260
	  0.659	  0.636	 -0.401
	  0.474	  0.063	  0.878

5 	   9.55	  -3.87	  -0.48
	  0.181	 -0.982	 -0.058
	 -0.729	 -0.094	 -0.678
	  0.661	  0.164	 -0.732

6 	   9.84	  -6.57	  -1.29
	  0.142	 -0.988	  0.056
	  0.927	  0.113	 -0.358
	  0.348	  0.102	  0.932

7 	  11.12	  -0.20	  -0.12
	  0.447	 -0.132	  0.884
	  0.105	  0.990	  0.095
	 -0.888	  0.050	  0.457

8 	   9.89	   3.85	  -0.20
	  0.052	  0.978	 -0.200
	  0.898	  0.042	  0.438
	  0.438	 -0.201	 -0.876

9 	  10.21	   6.57	  -1.32
	  0.182	  0.961	 -0.207
	 -0.776	  0.267	  0.572
	  0.607	  0.057	  0.792

2 	   8.21	  -2.16	   5.68
	  0.945	  0.326	 -0.011
	 -0.327	  0.943	 -0.050
	 -0.005	  0.050	  0.999

3 	   9.41	   1.49	  -1.32
	  0.511	  0.803	 -0.306
	 -0.562	  0.580	  0.589
	  0.651	 -0.130	  0.747

4 	   9.40	  -1.66	  -1.59
	  0.548	 -0.755	 -0.361
	  0.623	  0.655	 -0.427
	  0.559	  0.009	  0.829

5 	   9.61	  -3.92	  -0.76
	  0.222	 -0.959	 -0.176
	 -0.800	 -0.075	 -0.595
	  0.559	  0.271	 -0.783

6 	  10.00	  -6.46	  -1.93
	  0.224	 -0.971	 -0.084
	  0.831	  0.234	 -0.504
	  0.510	  0.041	  0.859

7 	  10.99	  -0.22	  -0.24
	  0.491	 -0.131	  0.861
	  0.139	  0.988	  0.071
	 -0.860	  0.084	  0.503

8 	  10.01	   3.88	  -0.62
	  0.084	  0.943	 -0.322
	  0.963	  0.007	  0.269
	  0.257	 -0.332	 -0.907

9 	  10.24	   6.41	  -2.12
	  0.185	  0.915	 -0.357
	 -0.573	  0.393	  0.719
	  0.800	  0.072	  0.595

2 	   8.21	  -2.16	   5.68
	  0.945	  0.326	 -0.011
	 -0.327	  0.943	 -0.051
	 -0.005	  0.050	  0.999

3 	   9.26	   1.47	  -1.37
	  0.489	  0.779	 -0.393
	 -0.487	  0.616	  0.618
	  0.724	 -0.111	  0.680

4 	   9.30	  -1.62	  -1.65
	  0.539	 -0.713	 -0.448
	  0.556	  0.700	 -0.447
	  0.633	 -0.008	  0.774

5 	   9.70	  -3.90	  -1.04
	  0.255	 -0.927	 -0.273
	 -0.848	 -0.078	 -0.525
	  0.467	  0.364	 -0.806

6 	  10.06	  -6.32	  -2.49
	  0.246	 -0.949	 -0.197
	  0.761	  0.313	 -0.568
	  0.603	 -0.011	  0.797

7 	  10.95	  -0.20	  -0.31
	  0.514	 -0.128	  0.848
	  0.128	  0.989	  0.072
	 -0.848	  0.072	  0.525

8 	   9.96	   3.89	  -0.92
	  0.061	  0.911	 -0.409
	  0.989	  0.000	  0.149
	  0.136	 -0.413	 -0.901

9 	   9.97	   6.26	  -2.72
	  0.133	  0.863	 -0.487
	 -0.386	  0.495	  0.778
	  0.914	  0.084	  0.397

2 	   8.21	  -2.16	   5.68
	  0.945	  0.326	 -0.011
	 -0.328	  0.943	 -0.051
	 -0.005	  0.050	  0.999

3 	   9.16	   1.49	  -1.37
	  0.449	  0.781	 -0.434
	 -0.460	  0.618	  0.638
	  0.766	 -0.087	  0.636

4 	   9.21	  -1.59	  -1.66
	  0.520	 -0.707	 -0.479
	  0.539	  0.706	 -0.459
	  0.663	 -0.019	  0.748

5 	   9.66	  -3.88	  -1.11
	  0.250	 -0.919	 -0.306
	 -0.869	 -0.072	 -0.489
	  0.428	  0.387	 -0.817

6 	   9.98	  -6.27	  -2.62
	  0.247	 -0.943	 -0.225
	  0.724	  0.333	 -0.604
	  0.647	 -0.015	  0.762

7 	  10.88	  -0.18	  -0.36
	  0.536	 -0.121	  0.835
	  0.128	  0.990	  0.061
	 -0.835	  0.074	  0.545

8 	   9.91	   3.90	  -0.96
	  0.055	  0.910	 -0.411
	  0.994	 -0.013	  0.103
	  0.088	 -0.415	 -0.906

9 	   9.89	   6.26	  -2.74
	  0.123	  0.865	 -0.487
	 -0.327	  0.497	  0.803
	  0.938	  0.061	  0.342

2 	   8.21	  -2.16	   5.68
	  0.945	  0.326	 -0.011
	 -0.327	  0.943	 -0.051
	 -0.005	  0.050	  0.998

3 	   9.08	   1.48	  -1.35
	  0.434	  0.782	 -0.446
	 -0.439	  0.615	  0.654
	  0.787	 -0.088	  0.610

4 	   9.10	  -1.58	  -1.67
	  0.494	 -0.703	 -0.512
	  0.526	  0.710	 -0.468
	  0.693	 -0.038	  0.719

5 	   9.58	  -3.88	  -1.19
	  0.238	 -0.911	 -0.336
	 -0.885	 -0.060	 -0.461
	  0.401	  0.406	 -0.821

6 	   9.83	  -6.24	  -2.79
	  0.233	 -0.937	 -0.261
	  0.706	  0.345	 -0.618
	  0.671	 -0.041	  0.740

7 	  10.84	  -0.19	  -0.41
	  0.551	 -0.124	  0.825
	  0.133	  0.989	  0.061
	 -0.824	  0.075	  0.561

8 	   9.86	   3.90	  -0.98
	  0.043	  0.909	 -0.414
	  0.998	 -0.017	  0.065
	  0.052	 -0.416	 -0.908

9 	   9.77	   6.26	  -2.79
	  0.104	  0.860	 -0.499
	 -0.290	  0.505	  0.812
	  0.952	  0.060	  0.300

2 	   8.21	  -2.16	   5.68
	  0.945	  0.326	 -0.011
	 -0.328	  0.943	 -0.051
	 -0.005	  0.050	  0.999

3 	   9.01	   1.50	  -1.34
	  0.423	  0.777	 -0.466
	 -0.406	  0.621	  0.670
	  0.811	 -0.095	  0.577

4 	   8.99	  -1.56	  -1.65
	  0.467	 -0.700	 -0.540
	  0.510	  0.712	 -0.483
	  0.723	 -0.050	  0.689

5 	   9.54	  -3.88	  -1.29
	  0.248	 -0.890	 -0.384
	 -0.904	 -0.070	 -0.421
	  0.348	  0.450	 -0.822

6 	   9.83	  -6.14	  -3.02
	  0.256	 -0.913	 -0.317
	  0.659	  0.403	 -0.635
	  0.710	 -0.047	  0.703

7 	  10.76	  -0.19	  -0.44
	  0.575	 -0.132	  0.807
	  0.144	  0.988	  0.059
	 -0.806	  0.082	  0.586

8 	   9.87	   3.88	  -1.06
	  0.073	  0.894	 -0.442
	  0.997	 -0.061	  0.041
	  0.010	 -0.444	 -0.896

9 	   9.83	   6.14	  -3.01
	  0.125	  0.821	 -0.557
	 -0.231	  0.569	  0.789
	  0.965	  0.030	  0.260

2 	   8.21	  -2.16	   5.68
	  0.945	  0.326	 -0.011
	 -0.328	  0.943	 -0.051
	 -0.005	  0.050	  0.999

3 	   8.94	   1.49	  -1.33
	  0.417	  0.765	 -0.491
	 -0.363	  0.635	  0.682
	  0.833	 -0.106	  0.542

4 	   8.93	  -1.58	  -1.65
	  0.460	 -0.683	 -0.567
	  0.470	  0.729	 -0.498
	  0.754	 -0.037	  0.656

5 	   9.60	  -3.85	  -1.37
	  0.270	 -0.866	 -0.422
	 -0.919	 -0.101	 -0.380
	  0.287	  0.490	 -0.823

6 	   9.88	  -6.05	  -3.23
	  0.275	 -0.889	 -0.367
	  0.602	  0.455	 -0.656
	  0.752	 -0.041	  0.657

7 	  10.74	  -0.19	  -0.47
	  0.590	 -0.132	  0.796
	  0.141	  0.988	  0.060
	 -0.796	  0.076	  0.601

8 	   9.87	   3.85	  -1.26
	  0.063	  0.870	 -0.489
	  0.996	 -0.081	 -0.015
	 -0.053	 -0.487	 -0.872

9 	   9.69	   5.93	  -3.43
	  0.084	  0.767	 -0.636
	 -0.095	  0.642	  0.760
	  0.992	 -0.004	  0.127

2 	   8.21	  -2.16	   5.68
	  0.947	  0.320	 -0.011
	 -0.322	  0.945	 -0.051
	 -0.005	  0.051	  0.998

3 	   8.93	   1.48	  -1.35
	  0.402	  0.753	 -0.520
	 -0.322	  0.648	  0.690
	  0.857	 -0.111	  0.503

4 	   8.89	  -1.54	  -1.67
	  0.422	 -0.669	 -0.612
	  0.459	  0.739	 -0.493
	  0.782	 -0.073	  0.618

5 	   9.56	  -3.81	  -1.63
	  0.225	 -0.826	 -0.516
	 -0.953	 -0.078	 -0.292
	  0.201	  0.557	 -0.805

6 	   9.64	  -5.83	  -3.77
	  0.230	 -0.843	 -0.486
	  0.512	  0.528	 -0.678
	  0.829	 -0.092	  0.551

7 	  10.74	  -0.21	  -0.52
	  0.602	 -0.133	  0.787
	  0.147	  0.987	  0.054
	 -0.785	  0.082	  0.614

8 	   9.90	   3.78	  -1.56
	  0.044	  0.818	 -0.573
	  0.985	 -0.130	 -0.111
	 -0.166	 -0.561	 -0.812

9 	   9.53	   5.58	  -3.97
	  0.030	  0.669	 -0.742
	  0.120	  0.736	  0.666
	  0.992	 -0.108	 -0.059

2 	   8.21	  -2.16	   5.69
	  0.948	  0.318	 -0.011
	 -0.320	  0.946	 -0.051
	 -0.005	  0.051	  0.998

3 	   8.89	   1.45	  -1.35
	  0.401	  0.727	 -0.558
	 -0.258	  0.673	  0.693
	  0.879	 -0.134	  0.457

4 	   8.76	  -1.52	  -1.62
	  0.368	 -0.633	 -0.681
	  0.392	  0.769	 -0.505
	  0.843	 -0.081	  0.531

5 	   9.51	  -3.70	  -1.97
	  0.209	 -0.730	 -0.651
	 -0.973	 -0.090	 -0.211
	  0.095	  0.677	 -0.729

6 	   9.49	  -5.29	  -4.53
	  0.215	 -0.712	 -0.669
	  0.419	  0.684	 -0.596
	  0.883	 -0.152	  0.444

7 	  10.71	  -0.24	  -0.56
	  0.626	 -0.150	  0.765
	  0.161	  0.985	  0.062
	 -0.764	  0.083	  0.640

8 	   9.90	   3.64	  -1.86
	  0.067	  0.744	 -0.664
	  0.983	 -0.164	 -0.085
	 -0.173	 -0.648	 -0.742

9 	   9.52	   5.00	  -4.58
	  0.020	  0.493	 -0.870
	  0.168	  0.857	  0.486
	  0.986	 -0.154	 -0.066

2 	   8.20	  -2.16	   5.69
	  0.948	  0.318	 -0.011
	 -0.320	  0.946	 -0.051
	 -0.004	  0.050	  0.999

3 	   8.85	   1.44	  -1.36
	  0.384	  0.710	 -0.590
	 -0.219	  0.691	  0.689
	  0.897	 -0.136	  0.420

4 	   8.75	  -1.50	  -1.64
	  0.351	 -0.612	 -0.708
	  0.359	  0.786	 -0.503
	  0.865	 -0.078	  0.495

5 	   9.49	  -3.62	  -2.12
	  0.153	 -0.688	 -0.709
	 -0.988	 -0.117	 -0.099
	 -0.015	  0.716	 -0.698

6 	   9.21	  -5.12	  -4.74
	  0.146	 -0.673	 -0.725
	  0.299	  0.728	 -0.617
	  0.943	 -0.127	  0.306

7 	  10.71	  -0.22	  -0.58
	  0.635	 -0.155	  0.756
	  0.159	  0.985	  0.070
	 -0.756	  0.075	  0.650

8 	   9.83	   3.52	  -2.14
	  0.032	  0.687	 -0.726
	  0.973	 -0.188	 -0.135
	 -0.230	 -0.703	 -0.673

9 	   9.25	   4.69	  -4.95
	 -0.048	  0.441	 -0.896
	  0.237	  0.878	  0.416
	  0.970	 -0.190	 -0.147

2 	   8.21	  -2.16	   5.69
	  0.948	  0.318	 -0.011
	 -0.319	  0.946	 -0.051
	 -0.005	  0.051	  0.998

3 	   8.80	   1.39	  -1.38
	  0.356	  0.696	 -0.623
	 -0.194	  0.707	  0.680
	  0.914	 -0.121	  0.387

4 	   8.69	  -1.50	  -1.61
	  0.321	 -0.612	 -0.723
	  0.345	  0.786	 -0.513
	  0.882	 -0.085	  0.463

5 	   9.44	  -3.56	  -2.25
	  0.123	 -0.640	 -0.759
	 -0.989	 -0.141	 -0.041
	 -0.081	  0.756	 -0.650

6 	   9.03	  -4.83	  -5.02
	  0.113	 -0.584	 -0.803
	  0.228	  0.802	 -0.552
	  0.967	 -0.120	  0.224

7 	  10.67	  -0.24	  -0.62
	  0.656	 -0.151	  0.739
	  0.158	  0.985	  0.061
	 -0.738	  0.076	  0.670

8 	   9.71	   3.37	  -2.35
	  0.008	  0.629	 -0.777
	  0.965	 -0.207	 -0.158
	 -0.261	 -0.750	 -0.608

9 	   9.04	   4.32	  -5.21
	 -0.085	  0.360	 -0.929
	  0.264	  0.907	  0.325
	  0.961	 -0.217	 -0.173

2 	   8.21	  -2.16	   5.69
	  0.948	  0.318	 -0.011
	 -0.320	  0.946	 -0.051
	 -0.005	  0.051	  0.998

3 	   8.70	   1.35	  -1.38
	  0.338	  0.688	 -0.642
	 -0.172	  0.716	  0.676
	  0.925	 -0.119	  0.360

4 	   8.60	  -1.49	  -1.60
	  0.287	 -0.578	 -0.763
	  0.291	  0.812	 -0.506
	  0.912	 -0.077	  0.402

5 	   9.40	  -3.40	  -2.50
	  0.121	 -0.544	 -0.830
	 -0.983	 -0.182	 -0.024
	 -0.138	  0.819	 -0.556

6 	   8.96	  -4.33	  -5.41
	  0.106	 -0.478	 -0.872
	  0.188	  0.871	 -0.454
	  0.976	 -0.116	  0.182

7 	  10.62	  -0.23	  -0.65
	  0.677	 -0.160	  0.718
	  0.163	  0.984	  0.066
	 -0.719	  0.071	  0.692

8 	   9.62	   3.21	  -2.57
	  0.003	  0.549	 -0.836
	  0.960	 -0.234	 -0.151
	 -0.280	 -0.803	 -0.527

9 	   8.93	   3.89	  -5.50
	 -0.100	  0.267	 -0.958
	  0.263	  0.936	  0.231
	  0.959	 -0.228	 -0.165

2 	   8.21	  -2.17	   5.68
	  0.946	  0.322	 -0.031
	 -0.325	  0.944	 -0.050
	  0.014	  0.056	  0.998

3 	   8.64	   1.34	  -1.39
	  0.337	  0.670	 -0.661
	 -0.152	  0.731	  0.665
	  0.929	 -0.124	  0.348

4 	   8.54	  -1.42	  -1.63
	  0.268	 -0.546	 -0.794
	  0.263	  0.834	 -0.485
	  0.927	 -0.079	  0.367

5 	   9.36	  -3.20	  -2.70
	  0.120	 -0.456	 -0.882
	 -0.979	 -0.201	 -0.029
	 -0.165	  0.867	 -0.470

6 	   8.88	  -3.82	  -5.71
	  0.093	 -0.374	 -0.923
	  0.178	  0.918	 -0.354
	  0.979	 -0.131	  0.152

7 	  10.61	  -0.21	  -0.67
	  0.690	 -0.166	  0.704
	  0.167	  0.983	  0.069
	 -0.705	  0.069	  0.705

8 	   9.57	   3.05	  -2.77
	 -0.016	  0.478	 -0.878
	  0.948	 -0.272	 -0.166
	 -0.318	 -0.836	 -0.448

9 	   8.78	   3.50	  -5.72
	 -0.134	  0.183	 -0.974
	  0.289	  0.947	  0.136
	  0.947	 -0.263	 -0.181

2 	   8.21	  -2.16	   5.69
	  0.944	  0.328	 -0.012
	 -0.329	  0.943	 -0.051
	 -0.004	  0.051	  0.998

3 	   8.59	   1.32	  -1.42
	  0.312	  0.642	 -0.700
	 -0.115	  0.757	  0.643
	  0.943	 -0.121	  0.310

4 	   8.47	  -1.40	  -1.61
	  0.236	 -0.511	 -0.826
	  0.248	  0.854	 -0.458
	  0.939	 -0.097	  0.328

5 	   9.31	  -3.05	  -2.85
	  0.129	 -0.371	 -0.920
	 -0.977	 -0.205	 -0.053
	 -0.170	  0.906	 -0.388

6 	   8.87	  -3.39	  -5.89
	  0.100	 -0.276	 -0.956
	  0.183	  0.949	 -0.255
	  0.978	 -0.150	  0.145

7 	  10.58	  -0.21	  -0.69
	  0.697	 -0.168	  0.696
	  0.172	  0.983	  0.066
	 -0.696	  0.073	  0.714

8 	   9.58	   2.91	  -2.88
	 -0.004	  0.423	 -0.906
	  0.941	 -0.305	 -0.148
	 -0.340	 -0.853	 -0.395

9 	   8.82	   3.16	  -5.86
	 -0.133	  0.110	 -0.985
	  0.314	  0.947	  0.061
	  0.940	 -0.300	 -0.162

2 	   8.21	  -2.16	   5.68
	  0.945	  0.328	 -0.013
	 -0.329	  0.943	 -0.051
	 -0.003	  0.051	  0.998

3 	   8.57	   1.31	  -1.43
	  0.316	  0.625	 -0.714
	 -0.101	  0.770	  0.630
	  0.943	 -0.127	  0.307

4 	   8.42	  -1.38	  -1.60
	  0.221	 -0.506	 -0.834
	  0.235	  0.857	 -0.458
	  0.946	 -0.095	  0.308

5 	   9.28	  -2.95	  -2.90
	  0.137	 -0.320	 -0.937
	 -0.975	 -0.210	 -0.070
	 -0.175	  0.924	 -0.340

6 	   8.86	  -3.05	  -5.98
	  0.101	 -0.188	 -0.977
	  0.171	  0.971	 -0.168
	  0.980	 -0.151	  0.130

7 	  10.56	  -0.21	  -0.69
	  0.703	 -0.175	  0.689
	  0.180	  0.981	  0.067
	 -0.689	  0.076	  0.721

8 	   9.60	   2.79	  -2.96
	  0.015	  0.366	 -0.930
	  0.943	 -0.315	 -0.109
	 -0.334	 -0.876	 -0.348

9 	   8.86	   2.71	  -5.96
	 -0.130	 -0.010	 -0.991
	  0.296	  0.954	 -0.050
	  0.946	 -0.300	 -0.123

2 	   8.21	  -2.15	   5.69
	  0.951	  0.308	 -0.005
	 -0.310	  0.950	 -0.043
	 -0.007	  0.041	  0.999

3 	   8.55	   1.31	  -1.42
	  0.333	  0.615	 -0.714
	 -0.103	  0.776	  0.621
	  0.937	 -0.134	  0.322

4 	   8.39	  -1.34	  -1.59
	  0.203	 -0.488	 -0.849
	  0.239	  0.865	 -0.441
	  0.949	 -0.113	  0.292

5 	   9.29	  -2.83	  -2.95
	  0.157	 -0.264	 -0.952
	 -0.971	 -0.219	 -0.099
	 -0.183	  0.939	 -0.290

6 	   8.93	  -2.67	  -6.04
	  0.118	 -0.076	 -0.990
	  0.131	  0.989	 -0.060
	  0.984	 -0.124	  0.127

7 	  10.55	  -0.21	  -0.67
	  0.708	 -0.182	  0.682
	  0.188	  0.980	  0.068
	 -0.682	  0.079	  0.727

8 	   9.62	   2.69	  -2.99
	  0.035	  0.309	 -0.950
	  0.946	 -0.317	 -0.069
	 -0.324	 -0.897	 -0.302

9 	   8.92	   2.29	  -5.99
	 -0.126	 -0.125	 -0.984
	  0.294	  0.942	 -0.160
	  0.947	 -0.310	 -0.083

2 	   8.21	  -2.16	   5.68
	  0.952	  0.306	 -0.009
	 -0.307	  0.950	 -0.050
	 -0.005	  0.049	  0.999

3 	   8.54	   1.30	  -1.39
	  0.330	  0.610	 -0.720
	 -0.096	  0.781	  0.617
	  0.939	 -0.135	  0.315

4 	   8.38	  -1.34	  -1.58
	  0.210	 -0.483	 -0.850
	  0.223	  0.870	 -0.440
	  0.952	 -0.097	  0.290

5 	   9.32	  -2.76	  -2.97
	  0.171	 -0.223	 -0.960
	 -0.964	 -0.237	 -0.116
	 -0.202	  0.946	 -0.254

6 	   8.99	  -2.52	  -6.06
	  0.124	 -0.040	 -0.991
	  0.101	  0.994	 -0.026
	  0.987	 -0.098	  0.127

7 	  10.55	  -0.20	  -0.67
	  0.707	 -0.180	  0.683
	  0.180	  0.981	  0.073
	 -0.684	  0.071	  0.726

8 	   9.62	   2.69	  -2.96
	  0.044	  0.310	 -0.950
	  0.949	 -0.309	 -0.058
	 -0.312	 -0.899	 -0.306

9 	   8.96	   2.31	  -5.96
	 -0.108	 -0.124	 -0.986
	  0.293	  0.943	 -0.153
	  0.950	 -0.305	 -0.067

2 	   8.21	  -2.16	   5.68
	  0.952	  0.306	 -0.009
	 -0.307	  0.950	 -0.050
	 -0.005	  0.049	  0.999

3 	   8.53	   1.30	  -1.38
	  0.328	  0.617	 -0.715
	 -0.108	  0.776	  0.621
	  0.938	 -0.127	  0.320

4 	   8.39	  -1.33	  -1.58
	  0.215	 -0.480	 -0.850
	  0.219	  0.872	 -0.438
	  0.952	 -0.092	  0.293

5 	   9.34	  -2.75	  -2.98
	  0.180	 -0.217	 -0.959
	 -0.964	 -0.232	 -0.128
	 -0.196	  0.948	 -0.251

6 	   9.07	  -2.49	  -6.07
	  0.146	 -0.056	 -0.988
	  0.148	  0.988	 -0.033
	  0.978	 -0.142	  0.153

7 	  10.55	  -0.20	  -0.66
	  0.707	 -0.180	  0.684
	  0.178	  0.981	  0.075
	 -0.686	  0.068	  0.725

8 	   9.62	   2.65	  -3.00
	  0.044	  0.293	 -0.955
	  0.944	 -0.324	 -0.057
	 -0.327	 -0.900	 -0.290

9 	   8.99	   2.25	  -6.00
	 -0.092	 -0.107	 -0.990
	  0.259	  0.957	 -0.130
	  0.961	 -0.267	 -0.061

2 	   8.21	  -2.16	   5.68
	  0.952	  0.305	 -0.009
	 -0.307	  0.950	 -0.050
	 -0.005	  0.049	  0.999

3 	   8.53	   1.28	  -1.42
	  0.333	  0.603	 -0.725
	 -0.107	  0.788	  0.606
	  0.937	 -0.125	  0.327

4 	   8.40	  -1.33	  -1.64
	  0.230	 -0.477	 -0.848
	  0.219	  0.875	 -0.432
	  0.948	 -0.087	  0.306

5 	   9.41	  -2.69	  -3.05
	  0.210	 -0.193	 -0.959
	 -0.960	 -0.229	 -0.163
	 -0.189	  0.954	 -0.232

6 	   9.22	  -2.45	  -6.14
	  0.178	 -0.084	 -0.980
	  0.162	  0.985	 -0.054
	  0.970	 -0.150	  0.189

7 	  10.54	  -0.20	  -0.67
	  0.706	 -0.182	  0.684
	  0.182	  0.980	  0.073
	 -0.685	  0.072	  0.725

8 	   9.64	   2.54	  -3.10
	  0.046	  0.257	 -0.965
	  0.939	 -0.340	 -0.047
	 -0.342	 -0.905	 -0.256

9 	   9.01	   2.21	  -6.12
	 -0.092	 -0.069	 -0.993
	  0.251	  0.963	 -0.092
	  0.963	 -0.258	 -0.073

2 	   8.21	  -2.16	   5.68
	  0.952	  0.306	 -0.009
	 -0.307	  0.950	 -0.051
	 -0.005	  0.050	  0.999

3 	   8.52	   1.25	  -1.49
	  0.312	  0.587	 -0.747
	 -0.097	  0.802	  0.590
	  0.945	 -0.112	  0.306

4 	   8.42	  -1.34	  -1.69
	  0.225	 -0.467	 -0.855
	  0.209	  0.880	 -0.426
	  0.952	 -0.083	  0.295

5 	   9.40	  -2.70	  -3.13
	  0.195	 -0.187	 -0.963
	 -0.960	 -0.238	 -0.147
	 -0.203	  0.953	 -0.225

6 	   9.15	  -2.49	  -6.20
	  0.166	 -0.094	 -0.982
	  0.197	  0.978	 -0.060
	  0.966	 -0.184	  0.180

7 	  10.54	  -0.20	  -0.71
	  0.709	 -0.175	  0.683
	  0.184	  0.981	  0.060
	 -0.682	  0.082	  0.727

8 	   9.54	   2.53	  -3.20
	  0.014	  0.255	 -0.967
	  0.936	 -0.342	 -0.077
	 -0.352	 -0.904	 -0.242

9 	   8.83	   2.26	  -6.18
	 -0.115	 -0.054	 -0.992
	  0.210	  0.974	 -0.080
	  0.971	 -0.217	 -0.102

2 	   8.20	  -2.16	   5.69
	  0.952	  0.306	 -0.009
	 -0.307	  0.950	 -0.051
	 -0.005	  0.050	  0.999

3 	   8.48	   1.23	  -1.53
	  0.295	  0.587	 -0.754
	 -0.100	  0.803	  0.587
	  0.950	 -0.098	  0.296

4 	   8.39	  -1.33	  -1.72
	  0.216	 -0.456	 -0.863
	  0.209	  0.885	 -0.416
	  0.954	 -0.091	  0.286

5 	   9.37	  -2.69	  -3.17
	  0.191	 -0.187	 -0.964
	 -0.962	 -0.233	 -0.145
	 -0.198	  0.954	 -0.223

6 	   9.10	  -2.50	  -6.25
	  0.161	 -0.103	 -0.981
	  0.220	  0.973	 -0.066
	  0.962	 -0.206	  0.179

7 	  10.52	  -0.19	  -0.75
	  0.715	 -0.175	  0.676
	  0.187	  0.980	  0.057
	 -0.674	  0.085	  0.734

8 	   9.50	   2.54	  -3.24
	  0.011	  0.253	 -0.967
	  0.941	 -0.330	 -0.076
	 -0.339	 -0.909	 -0.241

9 	   8.81	   2.29	  -6.21
	 -0.117	 -0.053	 -0.992
	  0.173	  0.982	 -0.075
	  0.978	 -0.180	 -0.107

2 	   8.20	  -2.16	   5.68
	  0.952	  0.306	 -0.009
	 -0.307	  0.950	 -0.051
	 -0.005	  0.050	  0.999

3 	   8.46	   1.24	  -1.54
	  0.292	  0.585	 -0.756
	 -0.097	  0.805	  0.586
	  0.951	 -0.098	  0.292

4 	   8.37	  -1.32	  -1.74
	  0.218	 -0.453	 -0.865
	  0.209	  0.887	 -0.412
	  0.953	 -0.091	  0.288

5 	   9.33	  -2.69	  -3.19
	  0.186	 -0.188	 -0.964
	 -0.964	 -0.228	 -0.141
	 -0.194	  0.955	 -0.222

6 	   9.07	  -2.50	  -6.25
	  0.160	 -0.108	 -0.981
	  0.234	  0.970	 -0.068
	  0.959	 -0.219	  0.180

7 	  10.49	  -0.18	  -0.76
	  0.715	 -0.179	  0.675
	  0.188	  0.980	  0.061
	 -0.674	  0.083	  0.734

8 	   9.49	   2.55	  -3.23
	  0.015	  0.258	 -0.966
	  0.941	 -0.329	 -0.074
	 -0.338	 -0.908	 -0.247

9 	   8.81	   2.30	  -6.21
	 -0.117	 -0.053	 -0.992
	  0.172	  0.982	 -0.075
	  0.978	 -0.178	 -0.107

2 	   8.21	  -2.16	   5.68
	  0.952	  0.306	 -0.009
	 -0.307	  0.950	 -0.051
	 -0.005	  0.050	  0.999

3 	   8.45	   1.25	  -1.53
	  0.293	  0.592	 -0.751
	 -0.100	  0.800	  0.591
	  0.951	 -0.098	  0.293

4 	   8.37	  -1.32	  -1.72
	  0.231	 -0.464	 -0.855
	  0.211	  0.881	 -0.422
	  0.950	 -0.083	  0.302

5 	   9.34	  -2.74	  -3.14
	  0.196	 -0.212	 -0.957
	 -0.965	 -0.216	 -0.149
	 -0.177	  0.953	 -0.246

6 	   9.15	  -2.68	  -6.17
	  0.182	 -0.146	 -0.972
	  0.246	  0.964	 -0.099
	  0.952	 -0.221	  0.211

7 	  10.49	  -0.18	  -0.73
	  0.710	 -0.177	  0.681
	  0.183	  0.981	  0.064
	 -0.681	  0.079	  0.728

8 	   9.47	   2.69	  -3.12
	  0.018	  0.319	 -0.948
	  0.950	 -0.300	 -0.083
	 -0.312	 -0.899	 -0.307

9 	   8.85	   2.69	  -6.08
	 -0.094	  0.019	 -0.995
	  0.139	  0.990	  0.004
	  0.986	 -0.137	 -0.096

2 	   8.21	  -2.16	   5.68
	  0.952	  0.306	 -0.009
	 -0.307	  0.950	 -0.051
	 -0.005	  0.050	  0.999

3 	   8.46	   1.24	  -1.51
	  0.288	  0.633	 -0.719
	 -0.148	  0.771	  0.620
	  0.946	 -0.073	  0.315

4 	   8.42	  -1.37	  -1.71
	  0.266	 -0.498	 -0.826
	  0.228	  0.864	 -0.448
	  0.937	 -0.069	  0.343

5 	   9.44	  -2.95	  -2.92
	  0.238	 -0.326	 -0.915
	 -0.964	 -0.194	 -0.182
	 -0.119	  0.925	 -0.360

6 	   9.40	  -3.35	  -5.92
	  0.229	 -0.306	 -0.924
	  0.298	  0.925	 -0.234
	  0.927	 -0.221	  0.303

7 	  10.52	  -0.18	  -0.68
	  0.683	 -0.164	  0.711
	  0.164	  0.984	  0.070
	 -0.712	  0.068	  0.698

8 	   9.54	   2.97	  -2.86
	  0.037	  0.457	 -0.889
	  0.964	 -0.250	 -0.089
	 -0.264	 -0.854	 -0.449

9 	   9.02	   3.52	  -5.77
	 -0.038	  0.213	 -0.976
	  0.056	  0.976	  0.209
	  0.997	 -0.046	 -0.050

2 	   8.21	  -2.16	   5.68
	  0.952	  0.306	 -0.010
	 -0.307	  0.950	 -0.050
	 -0.005	  0.050	  0.999

3 	   8.54	   1.26	  -1.50
	  0.286	  0.676	 -0.679
	 -0.198	  0.734	  0.649
	  0.938	 -0.052	  0.344

4 	   8.53	  -1.42	  -1.72
	  0.308	 -0.539	 -0.784
	  0.268	  0.840	 -0.472
	  0.913	 -0.064	  0.403

5 	   9.52	  -3.27	  -2.62
	  0.236	 -0.500	 -0.833
	 -0.968	 -0.197	 -0.155
	 -0.088	  0.844	 -0.530

6 	   9.51	  -4.35	  -5.37
	  0.240	 -0.539	 -0.807
	  0.327	  0.828	 -0.456
	  0.914	 -0.154	  0.374

7 	  10.54	  -0.19	  -0.65
	  0.652	 -0.144	  0.744
	  0.146	  0.987	  0.063
	 -0.745	  0.067	  0.664

8 	   9.56	   3.34	  -2.44
	  0.034	  0.637	 -0.770
	  0.979	 -0.175	 -0.103
	 -0.201	 -0.751	 -0.629

9 	   9.13	   4.66	  -5.09
	  0.014	  0.494	 -0.869
	 -0.024	  0.870	  0.492
	  0.999	  0.015	  0.024

2 	   8.21	  -2.16	   5.68
	  0.952	  0.306	 -0.010
	 -0.307	  0.950	 -0.050
	 -0.005	  0.050	  0.999

3 	   8.59	   1.30	  -1.49
	  0.287	  0.709	 -0.644
	 -0.225	  0.703	  0.674
	  0.931	 -0.049	  0.361

4 	   8.56	  -1.49	  -1.70
	  0.333	 -0.591	 -0.735
	  0.311	  0.804	 -0.506
	  0.890	 -0.059	  0.452

5 	   9.53	  -3.55	  -2.19
	  0.260	 -0.660	 -0.705
	 -0.966	 -0.172	 -0.194
	  0.006	  0.731	 -0.682

6 	   9.65	  -5.15	  -4.66
	  0.270	 -0.705	 -0.656
	  0.424	  0.697	 -0.578
	  0.866	 -0.121	  0.485

7 	  10.55	  -0.20	  -0.63
	  0.632	 -0.117	  0.766
	  0.135	  0.990	  0.040
	 -0.764	  0.078	  0.641

8 	   9.59	   3.63	  -1.92
	  0.054	  0.781	 -0.622
	  0.992	 -0.114	 -0.058
	 -0.117	 -0.614	 -0.781

9 	   9.37	   5.47	  -4.24
	  0.082	  0.675	 -0.733
	 -0.120	  0.737	  0.665
	  0.989	  0.034	  0.141

2 	   8.21	  -2.16	   5.68
	  0.952	  0.305	 -0.010
	 -0.307	  0.950	 -0.051
	 -0.005	  0.050	  0.999

3 	   8.61	   1.36	  -1.46
	  0.316	  0.744	 -0.589
	 -0.261	  0.664	  0.700
	  0.912	 -0.068	  0.404

4 	   8.62	  -1.53	  -1.70
	  0.378	 -0.628	 -0.680
	  0.363	  0.776	 -0.515
	  0.852	 -0.052	  0.521

5 	   9.52	  -3.72	  -1.75
	  0.310	 -0.785	 -0.536
	 -0.936	 -0.153	 -0.317
	  0.167	  0.600	 -0.782

6 	   9.92	  -5.71	  -3.79
	  0.324	 -0.824	 -0.464
	  0.581	  0.560	 -0.591
	  0.748	 -0.078	  0.658

7 	  10.55	  -0.18	  -0.60
	  0.625	 -0.116	  0.772
	  0.135	  0.990	  0.040
	 -0.770	  0.079	  0.634

8 	   9.75	   3.76	  -1.49
	  0.120	  0.859	 -0.498
	  0.992	 -0.119	  0.034
	 -0.031	 -0.499	 -0.866

9 	   9.79	   5.89	  -3.55
	  0.169	  0.762	 -0.624
	 -0.203	  0.646	  0.735
	  0.965	  0.002	  0.263

2 	   8.21	  -2.16	   5.68
	  0.952	  0.305	 -0.010
	 -0.307	  0.950	 -0.051
	 -0.005	  0.050	  0.999

3 	   8.75	   1.41	  -1.47
	  0.368	  0.748	 -0.552
	 -0.281	  0.655	  0.701
	  0.886	 -0.103	  0.451

4 	   8.72	  -1.61	  -1.62
	  0.425	 -0.699	 -0.574
	  0.452	  0.713	 -0.535
	  0.784	 -0.032	  0.619

5 	   9.51	  -3.87	  -1.19
	  0.353	 -0.870	 -0.345
	 -0.877	 -0.179	 -0.446
	  0.327	  0.459	 -0.826

6 	  10.16	  -6.18	  -2.66
	  0.361	 -0.902	 -0.237
	  0.726	  0.430	 -0.537
	  0.588	  0.021	  0.808

7 	  10.61	  -0.22	  -0.54
	  0.604	 -0.100	  0.790
	  0.155	  0.988	  0.007
	 -0.782	  0.117	  0.612

8 	   9.86	   3.81	  -1.06
	  0.165	  0.918	 -0.360
	  0.982	 -0.119	  0.148
	  0.093	 -0.378	 -0.921

9 	  10.21	   6.24	  -2.65
	  0.259	  0.852	 -0.454
	 -0.352	  0.519	  0.779
	  0.900	 -0.043	  0.433

2 	   8.21	  -2.16	   5.68
	  0.952	  0.306	 -0.010
	 -0.307	  0.950	 -0.050
	 -0.005	  0.050	  0.999

3 	   8.84	   1.40	  -1.49
	  0.424	  0.757	 -0.497
	 -0.330	  0.640	  0.693
	  0.843	 -0.130	  0.521

4 	   8.80	  -1.76	  -1.52
	  0.488	 -0.748	 -0.451
	  0.506	  0.662	 -0.552
	  0.712	  0.041	  0.701

5 	   9.53	  -3.93	  -0.60
	  0.406	 -0.903	 -0.139
	 -0.793	 -0.272	 -0.545
	  0.456	  0.331	 -0.826

6 	  10.37	  -6.44	  -1.51
	  0.389	 -0.921	 -0.006
	  0.812	  0.346	 -0.469
	  0.436	  0.177	  0.882

7 	  10.63	  -0.27	  -0.48
	  0.593	 -0.089	  0.800
	  0.165	  0.986	 -0.012
	 -0.788	  0.138	  0.599

8 	   9.96	   3.74	  -0.60
	  0.250	  0.948	 -0.196
	  0.926	 -0.175	  0.333
	  0.283	 -0.263	 -0.922

9 	  10.81	   6.31	  -1.62
	  0.401	  0.885	 -0.234
	 -0.608	  0.446	  0.657
	  0.689	 -0.121	  0.714

2 	   8.21	  -2.16	   5.68
	  0.952	  0.306	 -0.010
	 -0.307	  0.950	 -0.050
	 -0.004	  0.050	  0.999

3 	   8.96	   1.40	  -1.50
	  0.488	  0.763	 -0.423
	 -0.372	  0.619	  0.691
	  0.790	 -0.181	  0.585

4 	   8.93	  -1.86	  -1.48
	  0.540	 -0.763	 -0.356
	  0.530	  0.636	 -0.560
	  0.654	  0.113	  0.748

5 	   9.54	  -3.93	  -0.20
	  0.407	 -0.913	  0.018
	 -0.735	 -0.338	 -0.588
	  0.545	  0.226	 -0.808

6 	  10.44	  -6.51	  -0.58
	  0.376	 -0.909	  0.178
	  0.874	  0.283	 -0.396
	  0.310	  0.304	  0.901

7 	  10.71	  -0.30	  -0.41
	  0.574	 -0.108	  0.812
	  0.164	  0.986	  0.016
	 -0.803	  0.123	  0.583

8 	  10.08	   3.61	  -0.01
	  0.327	  0.945	  0.002
	  0.820	 -0.283	  0.497
	  0.472	 -0.160	 -0.867

9 	  11.24	   6.24	  -0.35
	  0.473	  0.881	  0.030
	 -0.776	  0.397	  0.489
	  0.422	 -0.255	  0.870

2 	   8.21	  -2.16	   5.68
	  0.952	  0.305	 -0.010
	 -0.307	  0.950	 -0.051
	 -0.005	  0.050	  0.999

3 	   9.14	   1.51	  -1.44
	  0.548	  0.768	 -0.329
	 -0.426	  0.594	  0.682
	  0.720	 -0.234	  0.653

4 	   9.11	  -1.87	  -1.44
	  0.579	 -0.777	 -0.249
	  0.583	  0.607	 -0.540
	  0.570	  0.167	  0.804

5 	   9.51	  -3.78	   0.23
	  0.407	 -0.886	  0.222
	 -0.602	 -0.442	 -0.665
	  0.688	  0.137	 -0.713

6 	  10.52	  -6.31	   0.55
	  0.347	 -0.845	  0.407
	  0.934	  0.272	 -0.232
	  0.083	  0.461	  0.883

7 	  10.79	  -0.27	  -0.35
	  0.546	 -0.109	  0.830
	  0.161	  0.986	  0.025
	 -0.823	  0.120	  0.556

8 	  10.04	   3.58	   0.36
	  0.311	  0.941	  0.131
	  0.746	 -0.325	  0.580
	  0.591	 -0.081	 -0.803

9 	  11.21	   6.22	   0.47
	  0.447	  0.872	  0.199
	 -0.853	  0.347	  0.390
	  0.273	 -0.344	  0.898

2 	   8.21	  -2.16	   5.68
	  0.952	  0.306	 -0.010
	 -0.307	  0.950	 -0.050
	 -0.005	  0.050	  0.999

3 	   9.23	   1.56	  -1.39
	  0.569	  0.781	 -0.255
	 -0.478	  0.567	  0.670
	  0.669	 -0.260	  0.696

4 	   9.27	  -1.95	  -1.34
	  0.635	 -0.762	 -0.130
	  0.602	  0.592	 -0.536
	  0.485	  0.262	  0.834

5 	   9.52	  -3.62	   0.68
	  0.412	 -0.806	  0.424
	 -0.451	 -0.584	 -0.675
	  0.792	  0.087	 -0.604

6 	  10.63	  -5.91	   1.68
	  0.319	 -0.720	  0.616
	  0.937	  0.337	 -0.090
	 -0.146	  0.607	  0.781

7 	  10.83	  -0.25	  -0.32
	  0.536	 -0.099	  0.838
	  0.148	  0.989	  0.022
	 -0.831	  0.111	  0.544

8 	   9.89	   3.46	   0.67
	  0.281	  0.922	  0.264
	  0.657	 -0.384	  0.648
	  0.701	 -0.008	 -0.713

9 	  11.10	   6.04	   1.27
	  0.424	  0.833	  0.355
	 -0.899	  0.341	  0.273
	  0.106	 -0.436	  0.894

2 	   8.21	  -2.16	   5.68
	  0.952	  0.305	 -0.010
	 -0.307	  0.950	 -0.051
	 -0.005	  0.050	  0.999

3 	   9.30	   1.60	  -1.31
	  0.598	  0.782	 -0.175
	 -0.514	  0.540	  0.666
	  0.616	 -0.308	  0.724

4 	   9.35	  -2.01	  -1.27
	  0.654	 -0.755	 -0.048
	  0.621	  0.572	 -0.536
	  0.432	  0.320	  0.843

5 	   9.43	  -3.40	   1.03
	  0.399	 -0.690	  0.604
	 -0.297	 -0.720	 -0.627
	  0.868	  0.071	 -0.492

6 	  10.57	  -5.32	   2.67
	  0.276	 -0.556	  0.784
	  0.897	  0.442	 -0.000
	 -0.350	  0.704	  0.618

7 	  10.85	  -0.26	  -0.29
	  0.532	 -0.097	  0.841
	  0.155	  0.988	  0.017
	 -0.833	  0.120	  0.540

8 	   9.75	   3.24	   1.09
	  0.260	  0.853	  0.452
	  0.486	 -0.519	  0.703
	  0.835	  0.037	 -0.548

9 	  11.03	   5.55	   2.38
	  0.404	  0.721	  0.563
	 -0.907	  0.395	  0.142
	 -0.122	 -0.569	  0.813

2 	   8.21	  -2.16	   5.68
	  0.952	  0.305	 -0.010
	 -0.307	  0.950	 -0.051
	 -0.005	  0.050	  0.999

3 	   9.41	   1.67	  -1.22
	  0.642	  0.763	 -0.074
	 -0.541	  0.518	  0.662
	  0.545	 -0.385	  0.744

4 	   9.45	  -2.03	  -1.19
	  0.676	 -0.735	  0.041
	  0.638	  0.557	 -0.531
	  0.368	  0.386	  0.846

5 	   9.43	  -3.10	   1.33
	  0.393	 -0.508	  0.766
	 -0.096	 -0.852	 -0.515
	  0.915	  0.128	 -0.383

6 	  10.64	  -4.50	   3.44
	  0.252	 -0.354	  0.900
	  0.804	  0.594	  0.010
	 -0.542	  0.721	  0.433

7 	  10.90	  -0.25	  -0.24
	  0.519	 -0.101	  0.848
	  0.172	  0.985	  0.012
	 -0.838	  0.139	  0.528

8 	   9.69	   2.95	   1.43
	  0.265	  0.708	  0.654
	  0.194	 -0.703	  0.684
	  0.944	 -0.054	 -0.324

9 	  11.10	   4.61	   3.45
	  0.395	  0.503	  0.768
	 -0.810	  0.586	  0.030
	 -0.439	 -0.633	  0.637

2 	   8.21	  -2.16	   5.68
	  0.952	  0.306	 -0.010
	 -0.307	  0.950	 -0.050
	 -0.005	  0.050	  0.999

3 	   9.59	   1.71	  -1.14
	  0.675	  0.737	  0.024
	 -0.577	  0.507	  0.641
	  0.461	 -0.447	  0.766

4 	   9.60	  -2.03	  -1.16
	  0.686	 -0.719	  0.109
	  0.659	  0.550	 -0.513
	  0.309	  0.424	  0.851

5 	   9.50	  -2.85	   1.49
	  0.377	 -0.360	  0.853
	  0.028	 -0.917	 -0.399
	  0.926	  0.174	 -0.335

6 	  10.71	  -3.82	   3.88
	  0.224	 -0.197	  0.954
	  0.737	  0.675	 -0.031
	 -0.641	  0.709	  0.294

7 	  11.00	  -0.25	  -0.14
	  0.479	 -0.108	  0.871
	  0.186	  0.982	  0.019
	 -0.858	  0.152	  0.491

8 	   9.76	   2.70	   1.67
	  0.269	  0.558	  0.785
	 -0.050	 -0.806	  0.589
	  0.962	 -0.198	 -0.190

9 	  11.21	   3.75	   4.05
	  0.385	  0.303	  0.871
	 -0.687	  0.725	  0.048
	 -0.621	 -0.615	  0.486

2 	   8.21	  -2.16	   5.68
	  0.952	  0.305	 -0.010
	 -0.307	  0.950	 -0.051
	 -0.005	  0.050	  0.999

3 	   9.80	   1.71	  -1.11
	  0.691	  0.716	  0.094
	 -0.612	  0.510	  0.604
	  0.386	 -0.476	  0.790

4 	   9.77	  -2.04	  -1.12
	  0.682	 -0.713	  0.164
	  0.685	  0.543	 -0.485
	  0.257	  0.443	  0.859

5 	   9.59	  -2.73	   1.58
	  0.357	 -0.277	  0.892
	  0.097	 -0.939	 -0.330
	  0.929	  0.204	 -0.308

6 	  10.75	  -3.51	   4.06
	  0.203	 -0.125	  0.971
	  0.711	  0.700	 -0.056
	 -0.675	  0.701	  0.229

7 	  11.14	  -0.28	  -0.04
	  0.436	 -0.106	  0.894
	  0.195	  0.980	  0.022
	 -0.879	  0.164	  0.448

8 	   9.81	   2.49	   1.80
	  0.247	  0.463	  0.851
	 -0.141	 -0.853	  0.503
	  0.959	 -0.243	 -0.146

9 	  11.19	   3.19	   4.35
	  0.357	  0.184	  0.915
	 -0.637	  0.766	  0.092
	 -0.687	 -0.613	  0.389

2 	   8.21	  -2.16	   5.68
	  0.952	  0.305	 -0.010
	 -0.307	  0.950	 -0.051
	 -0.005	  0.050	  0.999

3 	   9.96	   1.70	  -1.07
	  0.688	  0.711	  0.145
	 -0.648	  0.510	  0.565
	  0.329	 -0.483	  0.811

4 	   9.91	  -2.07	  -1.10
	  0.672	 -0.714	  0.197
	  0.707	  0.539	 -0.457
	  0.220	  0.446	  0.867

5 	   9.65	  -2.67	   1.63
	  0.332	 -0.224	  0.916
	  0.142	 -0.949	 -0.282
	  0.933	  0.222	 -0.283

6 	  10.74	  -3.31	   4.20
	  0.170	 -0.078	  0.982
	  0.695	  0.716	 -0.061
	 -0.701	  0.692	  0.175

7 	  11.22	  -0.28	   0.03
	  0.400	 -0.103	  0.910
	  0.195	  0.980	  0.026
	 -0.896	  0.166	  0.412

8 	   9.82	   2.30	   1.88
	  0.234	  0.406	  0.883
	 -0.132	 -0.887	  0.442
	  0.963	 -0.220	 -0.154

9 	  11.12	   2.91	   4.50
	  0.332	  0.136	  0.933
	 -0.659	  0.742	  0.123
	 -0.679	 -0.653	  0.335

2 	   8.21	  -2.16	   5.68
	  0.952	  0.305	 -0.010
	 -0.307	  0.950	 -0.051
	 -0.005	  0.050	  0.999

3 	  10.03	   1.69	  -1.05
	  0.683	  0.710	  0.171
	 -0.668	  0.512	  0.539
	  0.296	 -0.483	  0.824

4 	   9.97	  -2.07	  -1.08
	  0.667	 -0.714	  0.213
	  0.718	  0.541	 -0.438
	  0.197	  0.445	  0.873

5 	   9.68	  -2.60	   1.67
	  0.328	 -0.165	  0.930
	  0.179	 -0.956	 -0.232
	  0.927	  0.242	 -0.284

6 	  10.76	  -3.11	   4.28
	  0.159	 -0.037	  0.986
	  0.674	  0.734	 -0.079
	 -0.723	  0.676	  0.140

7 	  11.25	  -0.29	   0.07
	  0.384	 -0.107	  0.917
	  0.201	  0.979	  0.031
	 -0.902	  0.172	  0.397

8 	   9.91	   2.25	   1.94
	  0.247	  0.356	  0.901
	 -0.199	 -0.892	  0.406
	  0.948	 -0.279	 -0.150

9 	  11.22	   2.65	   4.58
	  0.326	  0.082	  0.942
	 -0.599	  0.789	  0.135
	 -0.734	 -0.606	  0.306

2 	   8.21	  -2.16	   5.68
	  0.952	  0.306	 -0.010
	 -0.307	  0.950	 -0.050
	 -0.004	  0.050	  0.999

3 	  10.07	   1.70	  -1.03
	  0.687	  0.704	  0.179
	 -0.672	  0.519	  0.529
	  0.280	 -0.484	  0.829

4 	   9.98	  -2.04	  -1.07
	  0.657	 -0.723	  0.214
	  0.729	  0.536	 -0.425
	  0.193	  0.435	  0.879

5 	   9.69	  -2.56	   1.69
	  0.335	 -0.158	  0.929
	  0.180	 -0.957	 -0.226
	  0.925	  0.243	 -0.292

6 	  10.79	  -3.03	   4.29
	  0.163	 -0.032	  0.986
	  0.649	  0.756	 -0.081
	 -0.745	  0.652	  0.142

7 	  11.27	  -0.28	   0.09
	  0.381	 -0.113	  0.917
	  0.205	  0.978	  0.036
	 -0.902	  0.173	  0.395

8 	   9.92	   2.20	   2.02
	  0.266	  0.328	  0.906
	 -0.175	 -0.909	  0.378
	  0.948	 -0.259	 -0.184

9 	  11.25	   2.57	   4.62
	  0.328	  0.070	  0.942
	 -0.583	  0.800	  0.140
	 -0.746	 -0.593	  0.302

2 	   8.21	  -2.16	   5.68
	  0.952	  0.305	 -0.010
	 -0.307	  0.950	 -0.051
	 -0.005	  0.050	  0.999

3 	  10.07	   1.74	  -1.01
	  0.681	  0.707	  0.189
	 -0.679	  0.513	  0.525
	  0.275	 -0.486	  0.829

4 	   9.98	  -2.00	  -1.10
	  0.650	 -0.732	  0.202
	  0.736	  0.541	 -0.407
	  0.189	  0.413	  0.891

5 	   9.70	  -2.54	   1.68
	  0.345	 -0.154	  0.926
	  0.189	 -0.955	 -0.228
	  0.920	  0.253	 -0.300

6 	  10.82	  -3.00	   4.28
