2 	   8.17	  -2.20	   5.66
	  0.075	  0.979	 -0.191
	 -0.997	  0.074	 -0.011
	  0.004	  0.190	  0.982

3 	   9.95	   1.71	  -1.05
	  0.690	  0.705	  0.164
	 -0.652	  0.505	  0.565
	  0.316	 -0.497	  0.808

4 	   9.80	  -2.06	  -1.05
	  0.625	 -0.752	  0.207
	  0.746	  0.499	 -0.441
	  0.229	  0.430	  0.873

5 	   9.42	  -2.59	   1.70
	  0.301	 -0.176	  0.937
	  0.134	 -0.965	 -0.224
	  0.944	  0.193	 -0.267

6 	  10.45	  -3.06	   4.33
	  0.138	 -0.006	  0.990
	  0.670	  0.737	 -0.087
	 -0.731	  0.674	  0.105

7 	  11.13	  -0.27	   0.07
	  0.408	 -0.089	  0.908
	  0.172	  0.985	  0.020
	 -0.897	  0.147	  0.417

8 	   9.65	   3.14	   1.35
	  0.159	  0.683	  0.713
	 -0.342	 -0.640	  0.688
	  0.926	 -0.352	  0.131

9 	  11.11	   3.74	   3.91
	  0.312	  0.201	  0.928
	 -0.371	  0.925	 -0.077
	 -0.875	 -0.320	  0.363

2 	   8.17	  -2.19	   5.66
	  0.075	  0.979	 -0.191
	 -0.997	  0.074	 -0.012
	  0.003	  0.190	  0.982

3 	  10.00	   1.70	  -1.07
	  0.713	  0.687	  0.139
	 -0.623	  0.529	  0.576
	  0.323	 -0.498	  0.805

4 	   9.78	  -2.04	  -1.06
	  0.607	 -0.766	  0.210
	  0.760	  0.482	 -0.435
	  0.232	  0.424	  0.875

5 	   9.39	  -2.57	   1.71
	  0.299	 -0.180	  0.937
	  0.113	 -0.969	 -0.221
	  0.948	  0.172	 -0.269

6 	  10.43	  -3.06	   4.33
	  0.144	 -0.006	  0.989
	  0.691	  0.716	 -0.094
	 -0.710	  0.696	  0.106

7 	  11.13	  -0.29	   0.07
	  0.406	 -0.099	  0.908
	  0.188	  0.982	  0.023
	 -0.894	  0.161	  0.417

8 	   9.74	   3.14	   1.35
	  0.180	  0.670	  0.719
	 -0.375	 -0.631	  0.679
	  0.910	 -0.391	  0.138

9 	  11.25	   3.57	   3.91
	  0.325	  0.151	  0.933
	 -0.338	  0.940	 -0.035
	 -0.883	 -0.305	  0.356

2 	   8.17	  -2.19	   5.66
	  0.074	  0.979	 -0.191
	 -0.997	  0.074	 -0.012
	  0.003	  0.190	  0.982

3 	   9.99	   1.69	  -1.09
	  0.713	  0.690	  0.125
	 -0.619	  0.535	  0.574
	  0.330	 -0.487	  0.808

4 	   9.79	  -2.06	  -1.05
	  0.614	 -0.757	  0.221
	  0.756	  0.485	 -0.438
	  0.225	  0.436	  0.871

5 	   9.40	  -2.60	   1.70
	  0.290	 -0.183	  0.939
	  0.137	 -0.964	 -0.229
	  0.947	  0.195	 -0.254

6 	  10.47	  -3.08	   4.32
	  0.151	 -0.009	  0.988
	  0.678	  0.728	 -0.095
	 -0.721	  0.684	  0.114

7 	  11.13	  -0.29	   0.06
	  0.408	 -0.095	  0.908
	  0.189	  0.981	  0.018
	 -0.893	  0.164	  0.418

8 	   9.73	   3.07	   1.42
	  0.191	  0.674	  0.713
	 -0.297	 -0.654	  0.696
	  0.936	 -0.344	  0.075

9 	  11.22	   3.59	   3.94
	  0.381	  0.141	  0.913
	 -0.393	  0.919	  0.021
	 -0.838	 -0.367	  0.405

2 	   8.17	  -2.19	   5.66
	  0.075	  0.979	 -0.191
	 -0.997	  0.074	 -0.011
	  0.004	  0.190	  0.982

3 	   9.97	   1.68	  -1.08
	  0.714	  0.689	  0.125
	 -0.616	  0.531	  0.581
	  0.335	 -0.493	  0.803

4 	   9.76	  -2.06	  -1.05
	  0.625	 -0.751	  0.213
	  0.748	  0.496	 -0.441
	  0.226	  0.435	  0.872

5 	   9.47	  -2.69	   1.68
	  0.331	 -0.214	  0.919
	  0.137	 -0.953	 -0.271
	  0.933	  0.215	 -0.286

6 	  10.72	  -3.23	   4.19
	  0.217	 -0.029	  0.975
	  0.646	  0.753	 -0.119
	 -0.733	  0.655	  0.181

7 	  11.10	  -0.30	   0.02
	  0.428	 -0.100	  0.898
	  0.192	  0.981	  0.018
	 -0.883	  0.164	  0.439

8 	   9.89	   3.00	   1.56
	  0.297	  0.668	  0.682
	 -0.153	 -0.673	  0.724
	  0.943	 -0.319	 -0.098

9 	  11.74	   3.63	   3.74
	  0.540	  0.160	  0.826
	 -0.441	  0.890	  0.115
	 -0.718	 -0.425	  0.551

2 	   8.17	  -2.19	   5.66
	  0.075	  0.979	 -0.191
	 -0.997	  0.074	 -0.012
	  0.003	  0.190	  0.982

3 	   9.87	   1.70	  -1.07
	  0.723	  0.685	  0.092
	 -0.585	  0.534	  0.610
	  0.369	 -0.495	  0.786

4 	   9.66	  -2.03	  -1.08
	  0.639	 -0.747	  0.181
	  0.728	  0.512	 -0.455
	  0.247	  0.422	  0.872

5 	   9.69	  -2.78	   1.66
	  0.483	 -0.256	  0.837
	  0.105	 -0.933	 -0.345
	  0.870	  0.253	 -0.423

6 	  11.32	  -3.39	   3.87
	  0.378	 -0.066	  0.923
	  0.620	  0.760	 -0.197
	 -0.691	  0.644	  0.327

7 	  11.04	  -0.31	  -0.03
	  0.455	 -0.118	  0.882
	  0.204	  0.978	  0.026
	 -0.867	  0.167	  0.469

8 	  10.24	   2.93	   1.66
	  0.456	  0.640	  0.618
	 -0.005	 -0.693	  0.721
	  0.890	 -0.332	 -0.313

9 	  12.47	   3.51	   3.32
	  0.715	  0.134	  0.686
	 -0.415	  0.871	  0.261
	 -0.564	 -0.471	  0.678

2 	   8.17	  -2.19	   5.66
	  0.074	  0.979	 -0.191
	 -0.997	  0.074	 -0.012
	  0.003	  0.190	  0.982

3 	   9.78	   1.71	  -1.05
	  0.733	  0.678	  0.051
	 -0.549	  0.544	  0.634
	  0.403	 -0.494	  0.771

4 	   9.58	  -2.01	  -1.10
	  0.650	 -0.748	  0.134
	  0.711	  0.536	 -0.455
	  0.269	  0.390	  0.880

5 	   9.98	  -2.92	   1.53
	  0.626	 -0.301	  0.719
	  0.069	 -0.898	 -0.435
	  0.776	  0.321	 -0.542

6 	  11.95	  -3.61	   3.33
	  0.541	 -0.115	  0.833
	  0.559	  0.790	 -0.252
	 -0.632	  0.600	  0.491

7 	  11.00	  -0.29	  -0.07
	  0.479	 -0.129	  0.868
	  0.204	  0.978	  0.034
	 -0.854	  0.160	  0.494

8 	  10.59	   2.95	   1.55
	  0.597	  0.635	  0.490
	  0.124	 -0.676	  0.726
	  0.793	 -0.372	 -0.482

9 	  13.07	   3.52	   2.60
	  0.854	  0.124	  0.505
	 -0.337	  0.873	  0.353
	 -0.397	 -0.472	  0.787

2 	   8.17	  -2.19	   5.66
	  0.075	  0.979	 -0.191
	 -0.997	  0.074	 -0.011
	  0.004	  0.190	  0.982

3 	   9.71	   1.68	  -1.07
	  0.739	  0.673	 -0.014
	 -0.502	  0.563	  0.656
	  0.451	 -0.478	  0.753

4 	   9.51	  -2.00	  -1.12
	  0.657	 -0.749	  0.088
	  0.696	  0.557	 -0.453
	  0.290	  0.359	  0.887

5 	  10.27	  -3.02	   1.35
	  0.746	 -0.333	  0.577
	  0.008	 -0.862	 -0.507
	  0.666	  0.382	 -0.641

6 	  12.51	  -3.72	   2.67
	  0.692	 -0.136	  0.709
	  0.488	  0.813	 -0.318
	 -0.536	  0.563	  0.629

7 	  10.98	  -0.31	  -0.09
	  0.492	 -0.137	  0.859
	  0.206	  0.978	  0.038
	 -0.846	  0.158	  0.509

8 	  10.89	   3.02	   1.28
	  0.687	  0.642	  0.338
	  0.249	 -0.646	  0.721
	  0.682	 -0.412	 -0.603

9 	  13.48	   3.57	   1.78
	  0.937	  0.124	  0.326
	 -0.254	  0.883	  0.393
	 -0.239	 -0.452	  0.859

2 	   8.17	  -2.19	   5.66
	  0.075	  0.979	 -0.191
	 -0.997	  0.074	 -0.012
	  0.003	  0.190	  0.982

3 	   9.66	   1.65	  -1.12
	  0.741	  0.665	 -0.083
	 -0.457	  0.591	  0.664
	  0.492	 -0.455	  0.742

4 	   9.47	  -1.96	  -1.15
	  0.669	 -0.743	  0.019
	  0.670	  0.592	 -0.447
	  0.321	  0.312	  0.894

5 	  10.58	  -3.04	   1.09
	  0.845	 -0.333	  0.419
	 -0.049	 -0.828	 -0.558
	  0.533	  0.451	 -0.716

6 	  13.05	  -3.71	   1.85
	  0.823	 -0.140	  0.549
	  0.388	  0.846	 -0.365
	 -0.415	  0.513	  0.751

7 	  10.98	  -0.31	  -0.09
	  0.495	 -0.140	  0.857
	  0.209	  0.977	  0.040
	 -0.844	  0.159	  0.512

8 	  11.15	   3.09	   0.94
	  0.742	  0.643	  0.188
	  0.344	 -0.607	  0.716
	  0.575	 -0.467	 -0.671

9 	  13.75	   3.56	   0.89
	  0.984	  0.102	  0.145
	 -0.150	  0.916	  0.372
	 -0.095	 -0.389	  0.916

2 	   8.17	  -2.19	   5.66
	  0.075	  0.979	 -0.191
	 -0.997	  0.074	 -0.012
	  0.003	  0.190	  0.982

3 	   9.63	   1.63	  -1.16
	  0.737	  0.659	 -0.152
	 -0.416	  0.618	  0.667
	  0.534	 -0.429	  0.728

4 	   9.44	  -1.90	  -1.20
	  0.688	 -0.721	 -0.085
	  0.621	  0.644	 -0.447
	  0.377	  0.255	  0.890

5 	  10.87	  -3.11	   0.65
	  0.910	 -0.340	  0.235
	 -0.126	 -0.769	 -0.626
	  0.394	  0.541	 -0.743

6 	  13.45	  -3.67	   0.77
	  0.926	 -0.142	  0.349
	  0.266	  0.902	 -0.340
	 -0.266	  0.408	  0.873

7 	  10.98	  -0.29	  -0.10
	  0.495	 -0.147	  0.856
	  0.205	  0.977	  0.049
	 -0.844	  0.151	  0.514

8 	  11.32	   3.19	   0.53
	  0.764	  0.645	  0.018
	  0.458	 -0.561	  0.689
	  0.456	 -0.519	 -0.723

9 	  13.85	   3.49	  -0.22
	  0.995	  0.039	 -0.093
	 -0.006	  0.942	  0.336
	  0.101	 -0.333	  0.937

2 	   8.17	  -2.19	   5.66
	  0.075	  0.979	 -0.191
	 -0.997	  0.074	 -0.012
	  0.003	  0.190	  0.982

3 	   9.58	   1.63	  -1.20
	  0.723	  0.653	 -0.224
	 -0.373	  0.642	  0.670
	  0.582	 -0.401	  0.707

4 	   9.35	  -1.81	  -1.25
	  0.670	 -0.711	 -0.214
	  0.586	  0.682	 -0.437
	  0.457	  0.168	  0.873

5 	  10.97	  -3.13	   0.27
	  0.932	 -0.349	  0.100
	 -0.193	 -0.709	 -0.678
	  0.307	  0.613	 -0.728

6 	  13.54	  -3.63	  -0.04
	  0.968	 -0.147	  0.202
	  0.201	  0.938	 -0.281
	 -0.148	  0.313	  0.938

7 	  10.97	  -0.26	  -0.10
	  0.501	 -0.153	  0.852
	  0.198	  0.978	  0.060
	 -0.843	  0.139	  0.520

8 	  11.38	   3.27	   0.09
	  0.751	  0.643	 -0.147
	  0.562	 -0.506	  0.654
	  0.348	 -0.574	 -0.741

9 	  13.74	   3.36	  -1.16
	  0.959	 -0.035	 -0.282
	  0.108	  0.964	  0.244
	  0.264	 -0.261	  0.928

2 	   8.17	  -2.20	   5.66
	  0.075	  0.979	 -0.191
	 -0.997	  0.075	 -0.012
	  0.003	  0.190	  0.982

3 	   9.50	   1.61	  -1.23
	  0.704	  0.645	 -0.297
	 -0.332	  0.668	  0.666
	  0.628	 -0.371	  0.684

4 	   9.25	  -1.76	  -1.28
	  0.648	 -0.694	 -0.315
	  0.553	  0.712	 -0.432
	  0.524	  0.106	  0.845

5 	  11.00	  -3.19	  -0.16
	  0.931	 -0.361	 -0.046
	 -0.280	 -0.630	 -0.725
	  0.232	  0.688	 -0.687

6 	  13.50	  -3.60	  -1.01
	  0.988	 -0.150	  0.017
	  0.150	  0.970	 -0.191
	  0.011	  0.191	  0.981

7 	  10.94	  -0.25	  -0.12
	  0.510	 -0.155	  0.846
	  0.191	  0.979	  0.065
	 -0.839	  0.128	  0.529

8 	  11.40	   3.26	  -0.33
	  0.720	  0.627	 -0.296
	  0.655	 -0.474	  0.589
	  0.230	 -0.618	 -0.751

9 	  13.53	   3.19	  -2.04
	  0.888	 -0.090	 -0.451
	  0.174	  0.974	  0.144
	  0.429	 -0.202	  0.880

2 	   8.17	  -2.19	   5.66
	  0.074	  0.979	 -0.191
	 -0.997	  0.074	 -0.012
	  0.003	  0.190	  0.982

3 	   9.44	   1.54	  -1.28
	  0.686	  0.630	 -0.364
	 -0.293	  0.697	  0.655
	  0.666	 -0.343	  0.662

4 	   9.18	  -1.71	  -1.33
	  0.624	 -0.658	 -0.420
	  0.504	  0.750	 -0.427
	  0.597	  0.055	  0.800

5 	  10.97	  -3.25	  -0.74
	  0.896	 -0.369	 -0.246
	 -0.419	 -0.523	 -0.742
	  0.145	  0.768	 -0.624

6 	  13.25	  -3.57	  -2.24
	  0.961	 -0.156	 -0.227
	  0.139	  0.986	 -0.090
	  0.238	  0.054	  0.969

7 	  10.92	  -0.26	  -0.14
	  0.518	 -0.157	  0.840
	  0.187	  0.980	  0.069
	 -0.835	  0.121	  0.537

8 	  11.42	   3.18	  -0.73
	  0.669	  0.608	 -0.427
	  0.739	 -0.481	  0.473
	  0.082	 -0.632	 -0.771

9 	  13.20	   3.06	  -2.87
	  0.775	 -0.106	 -0.624
	  0.210	  0.973	  0.089
	  0.601	 -0.195	  0.775

2 	   8.17	  -2.19	   5.66
	  0.075	  0.979	 -0.191
	 -0.997	  0.074	 -0.012
	  0.003	  0.190	  0.982

3 	   9.39	   1.51	  -1.31
	  0.666	  0.617	 -0.418
	 -0.261	  0.718	  0.645
	  0.699	 -0.321	  0.639

4 	   9.14	  -1.68	  -1.35
	  0.608	 -0.634	 -0.477
	  0.462	  0.771	 -0.437
	  0.646	  0.045	  0.762

5 	  10.84	  -3.30	  -1.16
	  0.831	 -0.392	 -0.393
	 -0.543	 -0.421	 -0.727
	  0.120	  0.818	 -0.562

6 	  12.87	  -3.59	  -3.08
	  0.896	 -0.181	 -0.405
	  0.187	  0.982	 -0.023
	  0.401	 -0.056	  0.914

7 	  10.91	  -0.25	  -0.16
	  0.524	 -0.156	  0.837
	  0.180	  0.981	  0.071
	 -0.833	  0.112	  0.542

8 	  11.32	   3.16	  -1.06
	  0.595	  0.608	 -0.525
	  0.803	 -0.473	  0.362
	 -0.029	 -0.637	 -0.770

9 	  12.74	   3.06	  -3.52
	  0.640	 -0.105	 -0.761
	  0.252	  0.965	  0.073
	  0.730	 -0.233	  0.641

2 	   8.17	  -2.19	   5.66
	  0.075	  0.979	 -0.191
	 -0.997	  0.074	 -0.012
	  0.003	  0.190	  0.982

3 	   9.33	   1.47	  -1.32
	  0.637	  0.624	 -0.452
	 -0.257	  0.724	  0.640
	  0.727	 -0.292	  0.621

4 	   9.12	  -1.68	  -1.33
	  0.589	 -0.626	 -0.510
	  0.430	  0.777	 -0.459
	  0.685	  0.051	  0.727

5 	  10.65	  -3.39	  -1.44
	  0.733	 -0.437	 -0.521
	 -0.671	 -0.345	 -0.656
	  0.107	  0.831	 -0.546

6 	  12.31	  -3.79	  -3.77
	  0.787	 -0.235	 -0.569
	  0.251	  0.966	 -0.052
	  0.563	 -0.103	  0.820

7 	  10.90	  -0.26	  -0.18
	  0.534	 -0.155	  0.831
	  0.172	  0.982	  0.074
	 -0.828	  0.103	  0.551

8 	  11.16	   3.20	  -1.27
	  0.506	  0.633	 -0.586
	  0.859	 -0.432	  0.274
	 -0.081	 -0.642	 -0.762

9 	  12.27	   3.16	  -3.96
	  0.516	 -0.077	 -0.853
	  0.252	  0.966	  0.057
	  0.823	 -0.239	  0.513

2 	   8.17	  -2.19	   5.66
	  0.075	  0.979	 -0.191
	 -0.997	  0.074	 -0.011
	  0.004	  0.190	  0.982

3 	   9.28	   1.45	  -1.31
	  0.615	  0.625	 -0.479
	 -0.240	  0.728	  0.642
	  0.751	 -0.281	  0.598

4 	   9.04	  -1.66	  -1.34
	  0.540	 -0.627	 -0.561
	  0.424	  0.778	 -0.463
	  0.728	  0.012	  0.685

5 	  10.47	  -3.42	  -1.64
	  0.656	 -0.458	 -0.599
	 -0.748	 -0.293	 -0.595
	  0.097	  0.839	 -0.535

6 	  11.90	  -3.81	  -4.16
	  0.712	 -0.239	 -0.660
	  0.256	  0.964	 -0.072
	  0.653	 -0.119	  0.747

7 	  10.88	  -0.27	  -0.21
	  0.549	 -0.157	  0.821
	  0.167	  0.983	  0.077
	 -0.820	  0.094	  0.565

8 	  11.01	   3.22	  -1.46
	  0.437	  0.640	 -0.632
	  0.890	 -0.410	  0.200
	 -0.132	 -0.650	 -0.748

9 	  11.85	   3.25	  -4.29
	  0.409	 -0.054	 -0.911
	  0.281	  0.957	  0.063
	  0.872	 -0.277	  0.401

2 	   8.17	  -2.19	   5.65
	  0.111	  0.975	 -0.193
	 -0.994	  0.111	 -0.016
	  0.006	  0.192	  0.981

3 	   9.19	   1.43	  -1.31
	  0.580	  0.633	 -0.512
	 -0.233	  0.731	  0.641
	  0.781	 -0.253	  0.571

4 	   9.01	  -1.65	  -1.33
	  0.529	 -0.614	 -0.586
	  0.386	  0.788	 -0.479
	  0.756	  0.028	  0.653

5 	  10.37	  -3.40	  -1.77
	  0.605	 -0.457	 -0.652
	 -0.792	 -0.259	 -0.553
	  0.083	  0.851	 -0.519

6 	  11.64	  -3.70	  -4.43
	  0.656	 -0.209	 -0.725
	  0.249	  0.967	 -0.053
	  0.713	 -0.147	  0.685

7 	  10.87	  -0.25	  -0.24
	  0.566	 -0.150	  0.811
	  0.154	  0.985	  0.075
	 -0.811	  0.082	  0.580

8 	  10.81	   3.24	  -1.71
	  0.409	  0.597	 -0.690
	  0.911	 -0.311	  0.271
	 -0.053	 -0.740	 -0.670

9 	  11.57	   3.17	  -4.59
	  0.404	 -0.089	 -0.911
	  0.272	  0.962	  0.019
	  0.877	 -0.251	  0.408

2 	   8.21	  -2.16	   5.68
	  0.930	  0.366	 -0.015
	 -0.368	  0.928	 -0.050
	 -0.003	  0.051	  0.998

3 	   9.16	   1.40	  -1.33
	  0.559	  0.629	 -0.540
	 -0.223	  0.740	  0.634
	  0.799	 -0.234	  0.554

4 	   8.99	  -1.63	  -1.35
	  0.506	 -0.610	 -0.610
	  0.371	  0.792	 -0.484
	  0.779	  0.019	  0.627

5 	  10.25	  -3.40	  -1.89
	  0.541	 -0.468	 -0.699
	 -0.838	 -0.222	 -0.499
	  0.078	  0.856	 -0.511

6 	  11.28	  -3.73	  -4.68
	  0.582	 -0.224	 -0.782
	  0.272	  0.959	 -0.073
	  0.767	 -0.171	  0.618

7 	  10.87	  -0.25	  -0.27
	  0.572	 -0.155	  0.805
	  0.157	  0.984	  0.078
	 -0.806	  0.081	  0.587

8 	  10.74	   3.17	  -1.95
	  0.370	  0.553	 -0.746
	  0.926	 -0.288	  0.244
	 -0.081	 -0.782	 -0.618

9 	  11.30	   2.98	  -4.92
	  0.335	 -0.122	 -0.935
	  0.276	  0.960	 -0.034
	  0.904	 -0.242	  0.351

2 	   8.21	  -2.15	   5.68
	  0.930	  0.366	 -0.015
	 -0.368	  0.928	 -0.051
	 -0.003	  0.051	  0.998

3 	   9.16	   1.38	  -1.37
	  0.548	  0.611	 -0.571
	 -0.191	  0.756	  0.626
	  0.814	 -0.235	  0.531

4 	   8.97	  -1.60	  -1.38
	  0.486	 -0.602	 -0.633
	  0.348	  0.798	 -0.492
	  0.801	  0.019	  0.597

5 	  10.14	  -3.38	  -2.03
	  0.461	 -0.470	 -0.752
	 -0.887	 -0.212	 -0.410
	  0.032	  0.857	 -0.515

6 	  10.85	  -3.69	  -4.98
	  0.481	 -0.211	 -0.851
	  0.243	  0.964	 -0.101
	  0.842	 -0.160	  0.515

7 	  10.88	  -0.26	  -0.30
	  0.577	 -0.159	  0.801
	  0.167	  0.983	  0.076
	 -0.800	  0.089	  0.593

8 	  10.64	   3.06	  -2.23
	  0.313	  0.506	 -0.803
	  0.938	 -0.298	  0.177
	 -0.151	 -0.809	 -0.567

9 	  10.90	   2.90	  -5.26
	  0.217	 -0.101	 -0.971
	  0.327	  0.944	 -0.031
	  0.922	 -0.307	  0.233

2 	   8.20	  -2.15	   5.68
	  0.931	  0.364	 -0.014
	 -0.366	  0.929	 -0.051
	 -0.004	  0.051	  0.998

3 	   9.09	   1.35	  -1.40
	  0.518	  0.607	 -0.603
	 -0.172	  0.764	  0.622
	  0.838	 -0.219	  0.499

4 	   8.92	  -1.56	  -1.41
	  0.454	 -0.583	 -0.674
	  0.322	  0.812	 -0.486
	  0.831	  0.004	  0.556

5 	  10.03	  -3.31	  -2.18
	  0.398	 -0.458	 -0.794
	 -0.917	 -0.217	 -0.334
	 -0.020	  0.862	 -0.506

6 	  10.49	  -3.58	  -5.20
	  0.401	 -0.190	 -0.896
	  0.209	  0.971	 -0.111
	  0.892	 -0.144	  0.429

7 	  10.84	  -0.23	  -0.36
	  0.592	 -0.157	  0.790
	  0.157	  0.984	  0.079
	 -0.791	  0.076	  0.607

8 	  10.47	   3.07	  -2.34
	  0.267	  0.504	 -0.821
	  0.949	 -0.285	  0.133
	 -0.168	 -0.816	 -0.553

9 	  10.59	   2.96	  -5.39
	  0.161	 -0.085	 -0.983
	  0.303	  0.952	 -0.038
	  0.941	 -0.289	  0.175

2 	   8.21	  -2.16	   5.68
	  0.944	  0.328	 -0.009
	 -0.330	  0.943	 -0.047
	 -0.005	  0.046	  0.999

3 	   9.00	   1.35	  -1.42
	  0.479	  0.619	 -0.622
	 -0.175	  0.761	  0.624
	  0.860	 -0.191	  0.473

4 	   8.85	  -1.51	  -1.44
	  0.428	 -0.563	 -0.707
	  0.290	  0.826	 -0.483
	  0.856	  0.002	  0.516

5 	   9.91	  -3.24	  -2.30
	  0.353	 -0.442	 -0.825
	 -0.935	 -0.191	 -0.297
	 -0.027	  0.876	 -0.480

6 	  10.20	  -3.43	  -5.38
	  0.344	 -0.171	 -0.923
	  0.211	  0.972	 -0.101
	  0.915	 -0.161	  0.371

7 	  10.81	  -0.21	  -0.39
	  0.605	 -0.155	  0.781
	  0.148	  0.985	  0.081
	 -0.783	  0.065	  0.619

8 	  10.29	   3.07	  -2.46
	  0.213	  0.495	 -0.842
	  0.960	 -0.265	  0.086
	 -0.181	 -0.828	 -0.531

9 	  10.23	   3.01	  -5.54
	  0.099	 -0.054	 -0.994
	  0.268	  0.963	 -0.031
	  0.959	 -0.261	  0.106

2 	   8.21	  -2.16	   5.68
	  0.945	  0.327	 -0.010
	 -0.329	  0.943	 -0.049
	 -0.005	  0.049	  0.999

3 	   8.93	   1.34	  -1.44
	  0.440	  0.620	 -0.649
	 -0.176	  0.768	  0.615
	  0.880	 -0.156	  0.447

4 	   8.79	  -1.44	  -1.49
	  0.385	 -0.539	 -0.749
	  0.280	  0.841	 -0.462
	  0.879	 -0.032	  0.475

5 	   9.76	  -3.15	  -2.47
	  0.294	 -0.416	 -0.860
	 -0.955	 -0.167	 -0.245
	 -0.043	  0.894	 -0.446

6 	   9.85	  -3.27	  -5.59
	  0.274	 -0.166	 -0.947
	  0.219	  0.970	 -0.106
	  0.936	 -0.178	  0.302

7 	  10.78	  -0.18	  -0.45
	  0.613	 -0.151	  0.775
	  0.144	  0.986	  0.079
	 -0.777	  0.062	  0.627

8 	  10.12	   2.98	  -2.69
	  0.146	  0.460	 -0.876
	  0.963	 -0.270	  0.018
	 -0.230	 -0.846	 -0.481

9 	   9.83	   2.98	  -5.77
	  0.014	 -0.014	 -1.000
	  0.266	  0.964	 -0.014
	  0.964	 -0.264	  0.015

2 	   8.21	  -2.16	   5.68
	  0.945	  0.327	 -0.010
	 -0.328	  0.943	 -0.050
	 -0.005	  0.049	  0.999

3 	   8.85	   1.30	  -1.51
	  0.402	  0.614	 -0.679
	 -0.173	  0.778	  0.603
	  0.899	 -0.126	  0.419

4 	   8.71	  -1.40	  -1.53
	  0.344	 -0.542	 -0.767
	  0.286	  0.838	 -0.464
	  0.894	 -0.059	  0.444

5 	   9.62	  -3.06	  -2.63
	  0.242	 -0.390	 -0.888
	 -0.969	 -0.151	 -0.197
	 -0.058	  0.908	 -0.414

6 	   9.53	  -3.17	  -5.73
	  0.215	 -0.167	 -0.962
	  0.225	  0.967	 -0.117
	  0.950	 -0.192	  0.245

7 	  10.75	  -0.18	  -0.53
	  0.629	 -0.145	  0.764
	  0.148	  0.987	  0.067
	 -0.764	  0.070	  0.641

8 	   9.96	   2.88	  -2.89
	  0.097	  0.415	 -0.904
	  0.963	 -0.270	 -0.022
	 -0.254	 -0.869	 -0.424

9 	   9.53	   2.82	  -5.94
	 -0.047	 -0.030	 -0.999
	  0.266	  0.963	 -0.044
	  0.963	 -0.266	 -0.039

2 	   8.21	  -2.16	   5.68
	  0.945	  0.327	 -0.010
	 -0.328	  0.943	 -0.050
	 -0.005	  0.049	  0.999

3 	   8.79	   1.25	  -1.56
	  0.374	  0.603	 -0.704
	 -0.164	  0.791	  0.590
	  0.912	 -0.106	  0.395

4 	   8.64	  -1.38	  -1.56
	  0.306	 -0.530	 -0.790
	  0.274	  0.844	 -0.461
	  0.911	 -0.076	  0.404

5 	   9.48	  -3.03	  -2.72
	  0.186	 -0.372	 -0.909
	 -0.978	 -0.160	 -0.134
	 -0.096	  0.914	 -0.393

6 	   9.21	  -3.14	  -5.82
	  0.148	 -0.166	 -0.975
	  0.193	  0.972	 -0.136
	  0.970	 -0.168	  0.176

7 	  10.70	  -0.19	  -0.60
	  0.647	 -0.149	  0.748
	  0.159	  0.985	  0.059
	 -0.746	  0.080	  0.661

8 	   9.86	   2.79	  -2.99
	  0.071	  0.388	 -0.919
	  0.959	 -0.280	 -0.045
	 -0.277	 -0.878	 -0.390

9 	   9.36	   2.70	  -6.02
	 -0.076	 -0.043	 -0.996
	  0.277	  0.958	 -0.065
	  0.958	 -0.281	 -0.063

2 	   8.21	  -2.16	   5.68
	  0.945	  0.327	 -0.010
	 -0.328	  0.943	 -0.051
	 -0.005	  0.050	  0.998

3 	   8.74	   1.23	  -1.57
	  0.360	  0.593	 -0.720
	 -0.146	  0.798	  0.585
	  0.921	 -0.106	  0.374

4 	   8.59	  -1.39	  -1.56
	  0.291	 -0.526	 -0.799
	  0.259	  0.847	 -0.464
	  0.921	 -0.072	  0.383

5 	   9.43	  -3.03	  -2.74
	  0.169	 -0.370	 -0.913
	 -0.980	 -0.165	 -0.114
	 -0.109	  0.914	 -0.390

6 	   9.10	  -3.16	  -5.84
	  0.127	 -0.172	 -0.977
	  0.182	  0.972	 -0.147
	  0.975	 -0.160	  0.155

7 	  10.69	  -0.21	  -0.62
	  0.653	 -0.149	  0.742
	  0.161	  0.985	  0.056
	 -0.740	  0.082	  0.667

8 	   9.83	   2.74	  -3.07
	  0.057	  0.372	 -0.926
	  0.956	 -0.288	 -0.058
	 -0.290	 -0.883	 -0.371

9 	   9.26	   2.63	  -6.09
	 -0.098	 -0.043	 -0.994
	  0.283	  0.956	 -0.072
	  0.954	 -0.288	 -0.083

2 	   8.21	  -2.16	   5.68
	  0.945	  0.327	 -0.010
	 -0.328	  0.943	 -0.051
	 -0.005	  0.050	  0.998

3 	   8.73	   1.20	  -1.62
	  0.349	  0.582	 -0.734
	 -0.141	  0.807	  0.573
	  0.926	 -0.097	  0.364

4 	   8.59	  -1.40	  -1.60
	  0.287	 -0.511	 -0.810
	  0.231	  0.857	 -0.460
	  0.929	 -0.055	  0.364

5 	   9.43	  -3.02	  -2.79
	  0.154	 -0.361	 -0.920
	 -0.980	 -0.173	 -0.096
	 -0.126	  0.916	 -0.380

6 	   9.00	  -3.10	  -5.91
	  0.098	 -0.157	 -0.983
	  0.155	  0.978	 -0.141
	  0.983	 -0.139	  0.120

7 	  10.68	  -0.20	  -0.65
	  0.661	 -0.143	  0.736
	  0.161	  0.986	  0.047
	 -0.733	  0.087	  0.674

8 	   9.76	   2.69	  -3.17
	  0.039	  0.351	 -0.936
	  0.954	 -0.289	 -0.070
	 -0.296	 -0.891	 -0.344

9 	   9.15	   2.57	  -6.17
	 -0.118	 -0.044	 -0.992
	  0.282	  0.956	 -0.079
	  0.952	 -0.288	 -0.103

2 	   8.21	  -2.16	   5.68
	  0.945	  0.326	 -0.010
	 -0.327	  0.943	 -0.051
	 -0.005	  0.050	  0.998

3 	   8.67	   1.20	  -1.65
	  0.331	  0.583	 -0.742
	 -0.136	  0.807	  0.574
	  0.934	 -0.089	  0.346

4 	   8.53	  -1.38	  -1.63
	  0.265	 -0.501	 -0.824
	  0.221	  0.863	 -0.454
	  0.938	 -0.062	  0.339

5 	   9.31	  -2.96	  -2.90
	  0.122	 -0.336	 -0.934
	 -0.984	 -0.168	 -0.067
	 -0.135	  0.927	 -0.350

6 	   8.81	  -3.00	  -5.98
	  0.068	 -0.141	 -0.988
	  0.164	  0.978	 -0.128
	  0.984	 -0.153	  0.090

7 	  10.63	  -0.20	  -0.69
	  0.667	 -0.146	  0.730
	  0.165	  0.985	  0.047
	 -0.727	  0.088	  0.681

8 	   9.67	   2.70	  -3.19
	  0.017	  0.352	 -0.936
	  0.952	 -0.292	 -0.094
	 -0.308	 -0.889	 -0.339

9 	   8.96	   2.62	  -6.18
	 -0.149	 -0.027	 -0.989
	  0.283	  0.956	 -0.071
	  0.947	 -0.290	 -0.136

2 	   8.21	  -2.16	   5.68
	  0.945	  0.326	 -0.010
	 -0.328	  0.943	 -0.051
	 -0.005	  0.050	  0.998

3 	   8.61	   1.21	  -1.63
	  0.309	  0.591	 -0.745
	 -0.138	  0.802	  0.580
	  0.941	 -0.076	  0.329

4 	   8.49	  -1.34	  -1.63
	  0.247	 -0.504	 -0.828
	  0.229	  0.860	 -0.455
	  0.941	 -0.077	  0.328

5 	   9.24	  -2.94	  -2.92
	  0.101	 -0.333	 -0.937
	 -0.985	 -0.165	 -0.047
	 -0.140	  0.928	 -0.344

6 	   8.68	  -2.97	  -5.98
	  0.049	 -0.141	 -0.989
	  0.162	  0.978	 -0.131
	  0.985	 -0.154	  0.071

7 	  10.60	  -0.18	  -0.71
	  0.676	 -0.145	  0.722
	  0.162	  0.986	  0.048
	 -0.720	  0.084	  0.689

8 	   9.55	   2.73	  -3.19
	 -0.017	  0.359	 -0.933
	  0.949	 -0.287	 -0.128
	 -0.315	 -0.888	 -0.335

9 	   8.75	   2.72	  -6.16
	 -0.181	 -0.008	 -0.984
	  0.280	  0.958	 -0.061
	  0.942	 -0.286	 -0.172

2 	   8.21	  -2.16	   5.68
	  0.945	  0.326	 -0.010
	 -0.327	  0.943	 -0.051
	 -0.005	  0.050	  0.998

3 	   8.55	   1.21	  -1.62
	  0.277	  0.600	 -0.750
	 -0.147	  0.798	  0.584
	  0.949	 -0.052	  0.309

4 	   8.46	  -1.33	  -1.64
	  0.243	 -0.498	 -0.832
	  0.220	  0.864	 -0.453
	  0.945	 -0.073	  0.319

5 	   9.22	  -2.93	  -2.92
	  0.099	 -0.334	 -0.937
	 -0.985	 -0.167	 -0.045
	 -0.143	  0.928	 -0.344

6 	   8.66	  -2.97	  -5.99
	  0.047	 -0.144	 -0.989
	  0.160	  0.978	 -0.134
	  0.986	 -0.152	  0.069

7 	  10.57	  -0.16	  -0.72
	  0.680	 -0.143	  0.719
	  0.158	  0.986	  0.047
	 -0.716	  0.080	  0.693

8 	   9.49	   2.75	  -3.19
	 -0.024	  0.359	 -0.933
	  0.955	 -0.267	 -0.129
	 -0.297	 -0.894	 -0.335

9 	   8.71	   2.73	  -6.15
	 -0.176	 -0.009	 -0.984
	  0.262	  0.963	 -0.057
	  0.949	 -0.267	 -0.169

2 	   8.21	  -2.16	   5.68
	  0.945	  0.326	 -0.011
	 -0.328	  0.943	 -0.051
	 -0.005	  0.050	  0.999

3 	   8.54	   1.22	  -1.62
	  0.264	  0.607	 -0.750
	 -0.162	  0.794	  0.586
	  0.951	 -0.034	  0.308

4 	   8.42	  -1.33	  -1.63
	  0.239	 -0.502	 -0.831
	  0.237	  0.860	 -0.452
	  0.942	 -0.089	  0.324

5 	   9.24	  -2.94	  -2.90
	  0.130	 -0.338	 -0.932
	 -0.981	 -0.183	 -0.069
	 -0.148	  0.923	 -0.354

6 	   8.86	  -3.04	  -5.95
	  0.099	 -0.157	 -0.983
	  0.167	  0.976	 -0.138
	  0.981	 -0.151	  0.123

7 	  10.55	  -0.16	  -0.70
	  0.680	 -0.151	  0.717
	  0.160	  0.985	  0.057
	 -0.716	  0.075	  0.694

8 	   9.64	   2.83	  -3.09
	  0.074	  0.374	 -0.924
	  0.970	 -0.240	 -0.020
	 -0.230	 -0.896	 -0.380

9 	   9.33	   2.82	  -6.07
	 -0.030	 -0.005	 -1.000
	  0.208	  0.978	 -0.014
	  0.978	 -0.207	 -0.030

2 	   8.21	  -2.16	   5.68
	  0.945	  0.326	 -0.010
	 -0.327	  0.943	 -0.051
	 -0.005	  0.050	  0.998

3 	   8.59	   1.27	  -1.63
	  0.308	  0.610	 -0.730
	 -0.165	  0.789	  0.591
	  0.937	 -0.062	  0.344

4 	   8.45	  -1.35	  -1.63
	  0.264	 -0.522	 -0.811
	  0.272	  0.847	 -0.457
	  0.925	 -0.100	  0.365

5 	   9.43	  -3.01	  -2.77
	  0.259	 -0.369	 -0.893
	 -0.963	 -0.166	 -0.211
	 -0.071	  0.915	 -0.397

6 	   9.57	  -3.15	  -5.81
	  0.265	 -0.184	 -0.946
	  0.244	  0.962	 -0.119
	  0.933	 -0.200	  0.300

7 	  10.58	  -0.17	  -0.64
	  0.661	 -0.173	  0.730
	  0.175	  0.982	  0.075
	 -0.730	  0.078	  0.678

8 	  10.03	   2.87	  -2.92
	  0.220	  0.389	 -0.894
	  0.955	 -0.273	  0.115
	 -0.201	 -0.880	 -0.431

9 	  10.16	   2.88	  -5.87
	  0.136	 -0.007	 -0.991
	  0.187	  0.982	  0.015
	  0.973	 -0.185	  0.133

2 	   8.21	  -2.16	   5.68
	  0.945	  0.326	 -0.011
	 -0.328	  0.943	 -0.051
	 -0.005	  0.050	  0.999

3 	   8.71	   1.31	  -1.62
	  0.377	  0.606	 -0.701
	 -0.162	  0.787	  0.594
	  0.912	 -0.111	  0.395

4 	   8.53	  -1.40	  -1.62
	  0.317	 -0.540	 -0.779
	  0.289	  0.837	 -0.463
	  0.903	 -0.078	  0.422

5 	   9.73	  -3.08	  -2.59
	  0.436	 -0.378	 -0.817
	 -0.899	 -0.141	 -0.415
	  0.041	  0.915	 -0.401

6 	  10.56	  -3.18	  -5.46
	  0.484	 -0.173	 -0.858
	  0.313	  0.949	 -0.015
	  0.817	 -0.262	  0.513

7 	  10.62	  -0.21	  -0.57
	  0.643	 -0.175	  0.746
	  0.182	  0.980	  0.073
	 -0.745	  0.088	  0.661

8 	  10.40	   2.95	  -2.61
	  0.378	  0.422	 -0.824
	  0.918	 -0.284	  0.275
	 -0.119	 -0.861	 -0.495

9 	  11.06	   2.97	  -5.42
	  0.337	 -0.018	 -0.941
	  0.134	  0.990	  0.023
	  0.933	 -0.129	  0.335

2 	   8.21	  -2.16	   5.68
	  0.945	  0.326	 -0.011
	 -0.327	  0.943	 -0.051
	 -0.005	  0.050	  0.998

3 	   8.83	   1.33	  -1.60
	  0.445	  0.607	 -0.658
	 -0.173	  0.779	  0.602
	  0.878	 -0.155	  0.452

4 	   8.66	  -1.48	  -1.59
	  0.396	 -0.551	 -0.734
	  0.271	  0.834	 -0.480
	  0.877	 -0.009	  0.479

5 	  10.03	  -3.19	  -2.32
	  0.568	 -0.392	 -0.724
	 -0.820	 -0.184	 -0.542
	  0.078	  0.901	 -0.426

6 	  11.29	  -3.30	  -4.99
	  0.630	 -0.154	 -0.761
	  0.290	  0.956	  0.047
	  0.720	 -0.251	  0.646

7 	  10.68	  -0.22	  -0.51
	  0.631	 -0.167	  0.757
	  0.179	  0.981	  0.068
	 -0.755	  0.092	  0.649

8 	  10.72	   3.00	  -2.28
	  0.505	  0.447	 -0.738
	  0.861	 -0.318	  0.396
	 -0.059	 -0.836	 -0.546

9 	  11.79	   3.05	  -4.93
	  0.489	 -0.015	 -0.872
	  0.115	  0.992	  0.041
	  0.866	 -0.115	  0.485

2 	   8.21	  -2.16	   5.68
	  0.945	  0.326	 -0.011
	 -0.328	  0.943	 -0.051
	 -0.005	  0.050	  0.999

3 	   8.93	   1.37	  -1.57
	  0.499	  0.606	 -0.619
	 -0.180	  0.771	  0.610
	  0.848	 -0.193	  0.494

4 	   8.71	  -1.54	  -1.53
	  0.420	 -0.588	 -0.691
	  0.321	  0.808	 -0.493
	  0.849	 -0.014	  0.528

5 	  10.30	  -3.25	  -1.91
	  0.703	 -0.391	 -0.594
	 -0.708	 -0.288	 -0.645
	  0.080	  0.874	 -0.479

6 	  11.98	  -3.45	  -4.25
	  0.766	 -0.183	 -0.616
	  0.247	  0.969	  0.019
	  0.593	 -0.167	  0.787

7 	  10.70	  -0.24	  -0.47
	  0.622	 -0.165	  0.765
	  0.188	  0.980	  0.059
	 -0.760	  0.106	  0.640

8 	  10.99	   3.02	  -1.81
	  0.638	  0.463	 -0.615
	  0.770	 -0.383	  0.510
	 -0.000	 -0.799	 -0.601

9 	  12.53	   3.08	  -4.11
	  0.661	 -0.017	 -0.750
	  0.115	  0.990	  0.074
	  0.743	 -0.130	  0.656

2 	   8.21	  -2.16	   5.68
	  0.945	  0.326	 -0.011
	 -0.328	  0.943	 -0.051
	 -0.005	  0.050	  0.999

3 	   9.01	   1.41	  -1.50
	  0.549	  0.620	 -0.561
	 -0.210	  0.751	  0.626
	  0.809	 -0.226	  0.542

4 	   8.82	  -1.63	  -1.46
	  0.503	 -0.614	 -0.608
	  0.329	  0.787	 -0.522
	  0.799	  0.062	  0.598

5 	  10.59	  -3.28	  -1.33
	  0.822	 -0.409	 -0.396
	 -0.556	 -0.429	 -0.712
	  0.120	  0.805	 -0.580

6 	  12.72	  -3.69	  -3.09
	  0.898	 -0.212	 -0.385
	  0.208	  0.977	 -0.052
	  0.387	 -0.034	  0.921

7 	  10.76	  -0.25	  -0.39
	  0.601	 -0.165	  0.782
	  0.186	  0.980	  0.065
	 -0.778	  0.105	  0.619

8 	  11.25	   3.08	  -1.07
	  0.766	  0.496	 -0.410
	  0.632	 -0.462	  0.622
	  0.119	 -0.735	 -0.667

9 	  13.32	   3.20	  -2.82
	  0.846	 -0.015	 -0.534
	  0.082	  0.992	  0.098
	  0.529	 -0.123	  0.839

2 	   8.21	  -2.16	   5.68
	  0.945	  0.326	 -0.011
	 -0.327	  0.943	 -0.050
	 -0.004	  0.050	  0.998

3 	   9.21	   1.50	  -1.46
	  0.615	  0.636	 -0.465
	 -0.255	  0.719	  0.647
	  0.746	 -0.280	  0.604

4 	   9.04	  -1.71	  -1.44
	  0.593	 -0.647	 -0.480
	  0.394	  0.752	 -0.528
	  0.703	  0.124	  0.700

5 	  10.73	  -3.33	  -0.59
	  0.885	 -0.451	 -0.117
	 -0.377	 -0.547	 -0.747
	  0.273	  0.705	 -0.654

6 	  13.17	  -3.98	  -1.51
	  0.964	 -0.259	 -0.057
	  0.248	  0.957	 -0.151
	  0.094	  0.131	  0.987

7 	  10.86	  -0.25	  -0.30
	  0.563	 -0.149	  0.813
	  0.182	  0.982	  0.055
	 -0.807	  0.117	  0.579

8 	  11.31	   3.20	  -0.27
	  0.818	  0.551	 -0.163
	  0.478	 -0.495	  0.725
	  0.320	 -0.672	 -0.667

9 	  13.77	   3.31	  -1.19
	  0.976	 -0.042	 -0.215
	  0.074	  0.987	  0.141
	  0.207	 -0.152	  0.966

2 	   8.21	  -2.16	   5.68
	  0.945	  0.326	 -0.011
	 -0.328	  0.943	 -0.051
	 -0.005	  0.050	  0.999

3 	   9.43	   1.59	  -1.34
	  0.678	  0.661	 -0.321
	 -0.333	  0.665	  0.668
	  0.656	 -0.346	  0.670

4 	   9.23	  -1.80	  -1.30
	  0.663	 -0.691	 -0.288
	  0.485	  0.689	 -0.538
	  0.570	  0.217	  0.792

5 	  10.63	  -3.30	   0.27
	  0.865	 -0.468	  0.181
	 -0.224	 -0.682	 -0.696
	  0.449	  0.561	 -0.695

6 	  13.14	  -4.15	   0.36
	  0.914	 -0.270	  0.303
	  0.346	  0.908	 -0.234
	 -0.213	  0.319	  0.924

7 	  10.93	  -0.24	  -0.20
	  0.523	 -0.134	  0.842
	  0.178	  0.983	  0.046
	 -0.834	  0.125	  0.537

8 	  11.03	   3.23	   0.66
	  0.784	  0.601	  0.155
	  0.264	 -0.548	  0.793
	  0.562	 -0.581	 -0.588

9 	  13.63	   3.20	   0.88
	  0.975	 -0.108	  0.195
	  0.049	  0.957	  0.286
	 -0.219	 -0.272	  0.937

2 	   8.21	  -2.16	   5.68
	  0.945	  0.326	 -0.011
	 -0.328	  0.943	 -0.050
	 -0.004	  0.050	  0.998

3 	   9.59	   1.64	  -1.23
	  0.712	  0.683	 -0.163
	 -0.442	  0.616	  0.652
	  0.546	 -0.393	  0.740

4 	   9.39	  -1.91	  -1.21
	  0.678	 -0.723	 -0.129
	  0.574	  0.631	 -0.522
	  0.459	  0.280	  0.843

5 	  10.34	  -3.21	   0.94
	  0.766	 -0.456	  0.452
	 -0.113	 -0.789	 -0.603
	  0.633	  0.410	 -0.656

6 	  12.61	  -4.14	   1.98
	  0.755	 -0.242	  0.609
	  0.485	  0.832	 -0.267
	 -0.445	  0.495	  0.746

7 	  10.96	  -0.28	  -0.15
	  0.491	 -0.128	  0.861
	  0.188	  0.981	  0.039
	 -0.851	  0.142	  0.506

8 	  10.67	   3.08	   1.27
	  0.689	  0.571	  0.446
	  0.009	 -0.623	  0.782
	  0.724	 -0.534	 -0.435

9 	  13.07	   3.11	   2.53
	  0.836	 -0.063	  0.545
	 -0.145	  0.932	  0.331
	 -0.529	 -0.358	  0.769

2 	   8.21	  -2.16	   5.68
	  0.945	  0.326	 -0.011
	 -0.328	  0.943	 -0.051
	 -0.005	  0.050	  0.999

3 	   9.72	   1.68	  -1.13
	  0.726	  0.686	 -0.044
	 -0.512	  0.582	  0.631
	  0.459	 -0.436	  0.774

4 	   9.53	  -1.96	  -1.16
	  0.682	 -0.732	 -0.001
	  0.632	  0.589	 -0.503
	  0.369	  0.342	  0.864

5 	  10.01	  -3.05	   1.34
	  0.623	 -0.403	  0.670
	  0.006	 -0.855	 -0.518
	  0.782	  0.326	 -0.531

6 	  11.89	  -3.93	   3.12
	  0.546	 -0.189	  0.816
	  0.580	  0.789	 -0.203
	 -0.609	  0.581	  0.539

7 	  11.03	  -0.28	  -0.08
	  0.457	 -0.127	  0.880
	  0.191	  0.981	  0.043
	 -0.869	  0.148	  0.472

8 	  10.37	   2.94	   1.63
	  0.566	  0.523	  0.637
	 -0.163	 -0.688	  0.707
	  0.809	 -0.503	 -0.305

9 	  12.41	   3.06	   3.55
	  0.658	 -0.017	  0.752
	 -0.288	  0.918	  0.273
	 -0.696	 -0.397	  0.598

2 	   8.21	  -2.16	   5.68
	  0.945	  0.326	 -0.011
	 -0.327	  0.943	 -0.050
	 -0.005	  0.050	  0.999

3 	   9.83	   1.72	  -1.06
	  0.722	  0.690	  0.040
	 -0.566	  0.556	  0.608
	  0.399	 -0.463	  0.792

4 	   9.67	  -1.98	  -1.12
	  0.674	 -0.733	  0.085
	  0.674	  0.565	 -0.476
	  0.302	  0.378	  0.875

5 	   9.79	  -2.91	   1.52
	  0.495	 -0.339	  0.800
	  0.088	 -0.897	 -0.433
	  0.864	  0.283	 -0.415

6 	  11.35	  -3.66	   3.71
	  0.377	 -0.139	  0.915
	  0.614	  0.778	 -0.132
	 -0.697	  0.610	  0.377

7 	  11.09	  -0.25	  -0.03
	  0.429	 -0.121	  0.895
	  0.186	  0.981	  0.044
	 -0.884	  0.147	  0.443

8 	  10.11	   2.76	   1.83
	  0.451	  0.473	  0.757
	 -0.238	 -0.755	  0.611
	  0.861	 -0.454	 -0.228

9 	  11.82	   2.95	   4.14
	  0.510	  0.016	  0.860
	 -0.397	  0.891	  0.217
	 -0.764	 -0.452	  0.460

2 	   8.21	  -2.16	   5.68
	  0.945	  0.326	 -0.011
	 -0.327	  0.943	 -0.051
	 -0.005	  0.050	  0.998

3 	   9.92	   1.75	  -1.01
	  0.711	  0.695	  0.106
	 -0.608	  0.530	  0.591
	  0.356	 -0.485	  0.799

4 	   9.79	  -1.96	  -1.10
	  0.670	 -0.731	  0.128
	  0.695	  0.557	 -0.454
	  0.261	  0.394	  0.881

5 	   9.68	  -2.76	   1.58
	  0.406	 -0.269	  0.873
	  0.154	 -0.922	 -0.354
	  0.901	  0.277	 -0.333

6 	  11.03	  -3.37	   4.03
	  0.272	 -0.076	  0.959
	  0.617	  0.779	 -0.111
	 -0.741	  0.620	  0.257

7 	  11.18	  -0.24	   0.05
	  0.401	 -0.126	  0.907
	  0.184	  0.981	  0.056
	 -0.897	  0.144	  0.417

8 	   9.94	   2.60	   1.96
	  0.350	  0.440	  0.827
	 -0.258	 -0.804	  0.535
	  0.901	 -0.399	 -0.169

9 	  11.40	   2.86	   4.47
	  0.407	  0.033	  0.912
	 -0.488	  0.853	  0.185
	 -0.774	 -0.519	  0.363

2 	   8.21	  -2.16	   5.68
	  0.945	  0.326	 -0.011
	 -0.327	  0.943	 -0.050
	 -0.005	  0.050	  0.999

3 	  10.06	   1.78	  -0.95
	  0.696	  0.697	  0.175
	 -0.652	  0.507	  0.564
	  0.305	 -0.506	  0.807

4 	   9.96	  -1.96	  -1.09
	  0.667	 -0.724	  0.176
	  0.715	  0.557	 -0.423
	  0.208	  0.408	  0.889

5 	   9.64	  -2.61	   1.62
	  0.316	 -0.186	  0.930
	  0.228	 -0.937	 -0.264
	  0.921	  0.295	 -0.253

6 	  10.77	  -3.06	   4.23
	  0.171	 -0.028	  0.985
	  0.604	  0.793	 -0.080
	 -0.780	  0.607	  0.150

7 	  11.26	  -0.21	   0.12
	  0.378	 -0.127	  0.917
	  0.179	  0.982	  0.063
	 -0.909	  0.140	  0.393

8 	   9.80	   2.49	   2.00
	  0.257	  0.421	  0.870
	 -0.229	 -0.849	  0.476
	  0.939	 -0.321	 -0.122

9 	  11.07	   2.77	   4.63
	  0.337	  0.032	  0.941
	 -0.564	  0.808	  0.172
	 -0.756	 -0.587	  0.290

2 	   8.21	  -2.16	   5.68
	  0.945	  0.326	 -0.011
	 -0.327	  0.943	 -0.051
	 -0.005	  0.050	  0.998

3 	  10.09	   1.81	  -0.93
	  0.685	  0.701	  0.200
	 -0.670	  0.496	  0.552
	  0.288	 -0.512	  0.809

4 	  10.00	  -1.94	  -1.09
	  0.661	 -0.727	  0.185
	  0.723	  0.552	 -0.415
	  0.200	  0.408	  0.891

5 	   9.63	  -2.59	   1.63
	  0.309	 -0.188	  0.932
	  0.214	 -0.942	 -0.260
	  0.927	  0.279	 -0.251

6 	  10.72	  -3.08	   4.25
	  0.156	 -0.031	  0.987
	  0.611	  0.788	 -0.069
	 -0.777	  0.613	  0.141

7 	  11.27	  -0.20	   0.13
	  0.375	 -0.129	  0.918
	  0.175	  0.982	  0.067
	 -0.910	  0.135	  0.391

8 	   9.69	   2.36	   2.05
	  0.224	  0.380	  0.897
	 -0.229	 -0.875	  0.426
	  0.948	 -0.300	 -0.109

9 	  10.88	   2.66	   4.73
	  0.294	  0.031	  0.955
	 -0.594	  0.789	  0.154
	 -0.751	 -0.611	  0.250

2 	   8.21	  -2.16	   5.68
	  0.945	  0.326	 -0.011
	 -0.327	  0.943	 -0.051
	 -0.005	  0.050	  0.998

3 	  10.05	   1.81	  -0.91
	  0.675	  0.707	  0.211
	 -0.680	  0.484	  0.550
	  0.288	 -0.515	  0.807

4 	   9.97	  -1.94	  -1.10
	  0.653	 -0.734	  0.186
	  0.730	  0.545	 -0.412
	  0.202	  0.405	  0.892

5 	   9.62	  -2.56	   1.66
	  0.338	 -0.180	  0.924
	  0.185	 -0.950	 -0.251
	  0.923	  0.255	 -0.287

6 	  10.71	  -3.06	   4.25
	  0.158	 -0.035	  0.987
	  0.622	  0.780	 -0.069
	 -0.769	  0.623	  0.144

7 	  11.25	  -0.19	   0.13
	  0.381	 -0.133	  0.915
	  0.173	  0.982	  0.071
	 -0.908	  0.131	  0.397

8 	   9.71	   2.35	   2.07
	  0.234	  0.369	  0.899
	 -0.220	 -0.881	  0.418
	  0.947	 -0.295	 -0.125

9 	  10.91	   2.65	   4.74
	  0.293	  0.037	  0.955
	 -0.592	  0.792	  0.148
	 -0.754	 -0.606	  0.254

2 	   8.21	  -2.16	   5.68
	  0.945	  0.326	 -0.010
	 -0.327	  0.943	 -0.051
	 -0.005	  0.050	  0.998

3 	  10.04	   1.81	  -0.91
	  0.675	  0.706	  0.212
	 -0.680	  0.484	  0.551
	  0.287	 -0.516	  0.807

4 	   9.96	  -1.94	  -1.11
	  0.645	 -0.741	  0.187
	  0.737	  0.538	 -0.409
	  0.203	  0.402	  0.893

5 	   9.60	  -2.54	   1.68
	  0.364	 -0.176	  0.914
	  0.163	 -0.955	 -0.248
	  0.917	  0.239	 -0.319

6 	  10.70	  -3.07	   4.25
	  0.159	 -0.036	  0.986
	  0.629	  0.774	 -0.071
	 -0.762	  0.630	  0.145

7 	  11.24	  -0.20	   0.12
	  0.386	 -0.136	  0.912
	  0.176	  0.981	  0.072
	 -0.906	  0.133	  0.402

8 	   9.73	   2.33	   2.07
	  0.247	  0.360	  0.899
	 -0.225	 -0.882	  0.414
	  0.943	 -0.303	 -0.137

9 	  10.95	   2.63	   4.75
	  0.293	  0.040	  0.955
	 -0.577	  0.805	  0.140
	 -0.765	 -0.590	  0.258

2 	   8.21	  -2.16	   5.68
	  0.945	  0.326	 -0.011
	 -0.328	  0.943	 -0.051
	 -0.005	  0.050	  0.999

3 	  10.04	   1.81	  -0.91
	  0.677	  0.705	  0.212
	 -0.679	  0.486	  0.549
	  0.285	 -0.516	  0.808

4 	   9.94	  -1.96	  -1.11
	  0.640	 -0.744	  0.191
	  0.741	  0.533	 -0.408
	  0.202	  0.403	  0.893

5 	   9.60	  -2.54	   1.70
	  0.373	 -0.176	  0.911
	  0.158	 -0.956	 -0.249
	  0.914	  0.236	 -0.328

6 	  10.70	  -3.07	   4.26
	  0.160	 -0.036	  0.986
	  0.637	  0.767	 -0.073
	 -0.755	  0.639	  0.144

7 	  11.24	  -0.21	   0.11
	  0.391	 -0.136	  0.910
	  0.179	  0.981	  0.070
	 -0.903	  0.135	  0.408

8 	   9.76	   2.32	   2.07
	  0.254	  0.354	  0.900
	 -0.232	 -0.882	  0.411
	  0.939	 -0.312	 -0.142

9 	  10.96	   2.61	   4.75
	  0.289	  0.043	  0.956
	 -0.566	  0.814	  0.131
	 -0.774	 -0.577	  0.259

