% Calibrated with leiden_pols
% Positions are in centimeters
Data =[
 2    97.014   -18.705    59.825
 2     0.394    -0.919     0.009
 2     0.917     0.394     0.053
 2    -0.052    -0.013     0.998
 3   123.219    -4.170     7.327
 3    -0.505    -0.120    -0.854
 3     0.070    -0.993     0.099
 3    -0.860    -0.010     0.510
 4   112.843    12.909    -8.069
 4     0.623    -0.759     0.188
 4     0.779     0.586    -0.221
 4     0.057     0.284     0.957
 5   111.547    27.611    13.729
 5     0.258    -0.389     0.884
 5     0.537    -0.704    -0.465
 5     0.803     0.595     0.027
 6   127.876    37.545    33.309
 6     0.455    -0.694    -0.557
 6     0.241     0.699    -0.674
 6     0.857     0.172     0.486
 7   112.910   -23.060    -4.939
 7     0.466     0.871     0.150
 7    -0.854     0.400     0.332
 7     0.229    -0.283     0.931
 8   112.603   -35.250    16.783
 8     0.339     0.546     0.766
 8    -0.470    -0.607     0.641
 8     0.814    -0.578     0.051
 9   127.729   -45.758    35.279
 9     0.428     0.827    -0.364
 9    -0.330     0.518     0.789
 9     0.841    -0.218     0.495
 2    97.014   -18.705    59.876
 2     0.394    -0.919     0.009
 2     0.917     0.394     0.053
 2    -0.052    -0.013     0.998
 3   123.147    -4.348     7.143
 3    -0.505    -0.129    -0.854
 3     0.063    -0.992     0.112
 3    -0.861     0.003     0.508
 4   112.742    12.523    -8.452
 4     0.628    -0.750     0.205
 4     0.777     0.598    -0.194
 4     0.022     0.281     0.959
 5   111.699    28.441    12.545
 5     0.278    -0.357     0.891
 5     0.592    -0.667    -0.452
 5     0.756     0.654     0.026
 6   128.473    39.672    30.721
 6     0.482    -0.688    -0.542
 6     0.299     0.711    -0.636
 6     0.823     0.145     0.548
 7   112.308   -22.944    -5.100
 7     0.458     0.871     0.174
 7    -0.868     0.396     0.301
 7     0.193    -0.289     0.937
 8   112.243   -36.491    15.583
 8     0.360     0.477     0.802
 8    -0.550    -0.586     0.595
 8     0.754    -0.655     0.051
 9   127.582   -48.927    32.370
 9     0.448     0.842    -0.301
 9    -0.422     0.495     0.759
 9     0.788    -0.213     0.577
 2    97.014   -18.705    59.825
 2     0.394    -0.919     0.009
 2     0.917     0.394     0.053
 2    -0.052    -0.013     0.998
 3   123.060    -4.473     6.959
 3    -0.506    -0.134    -0.852
 3     0.058    -0.991     0.121
 3    -0.861     0.011     0.509
 4   112.382    12.056    -8.825
 4     0.632    -0.741     0.227
 4     0.775     0.610    -0.165
 4    -0.017     0.280     0.960
 5   112.021    29.085    11.392
 5     0.309    -0.326     0.894
 5     0.641    -0.623    -0.448
 5     0.702     0.711     0.016
 6   129.480    41.530    27.827
 6     0.521    -0.670    -0.529
 6     0.346     0.732    -0.586
 6     0.780     0.122     0.613
 7   111.925   -22.723    -5.206
 7     0.460     0.865     0.199
 7    -0.874     0.403     0.271
 7     0.154    -0.299     0.942
 8   112.205   -37.363    14.523
 8     0.381     0.420     0.823
 8    -0.610    -0.555     0.565
 8     0.694    -0.718     0.045
 9   127.948   -51.520    29.344
 9     0.470     0.847    -0.249
 9    -0.495     0.486     0.720
 9     0.731    -0.215     0.648
 2    97.011   -18.705    59.828
 2     0.393    -0.919     0.009
 2     0.918     0.393     0.053
 2    -0.053    -0.012     0.998
 3   122.892    -4.520     6.688
 3    -0.507    -0.137    -0.851
 3     0.048    -0.990     0.131
 3    -0.860     0.025     0.509
 4   112.017    11.536    -9.215
 4     0.635    -0.731     0.250
 4     0.770     0.623    -0.133
 4    -0.059     0.277     0.959
 5   112.188    29.683    10.116
 5     0.339    -0.297     0.892
 5     0.681    -0.577    -0.451
 5     0.649     0.761     0.006
 6   130.647    42.520    25.040
 6     0.565    -0.651    -0.507
 6     0.375     0.750    -0.545
 6     0.735     0.118     0.667
 7   111.491   -22.630    -5.258
 7     0.460     0.858     0.226
 7    -0.880     0.409     0.240
 7     0.114    -0.310     0.944
 8   112.042   -38.303    13.482
 8     0.397     0.361     0.843
 8    -0.661    -0.524     0.536
 8     0.636    -0.771     0.031
 9   127.866   -53.824    26.544
 9     0.485     0.852    -0.196
 9    -0.556     0.473     0.683
 9     0.675    -0.223     0.703
 2    96.987   -18.655    59.777
 2     0.394    -0.919     0.009
 2     0.918     0.393     0.053
 2    -0.053    -0.012     0.998
 3   122.797    -4.543     6.501
 3    -0.508    -0.138    -0.850
 3     0.038    -0.990     0.138
 3    -0.860     0.037     0.508
 4   111.771    11.124    -9.477
 4     0.639    -0.720     0.270
 4     0.763     0.636    -0.110
 4    -0.092     0.276     0.956
 5   112.446    29.923     9.206
 5     0.352    -0.279     0.893
 5     0.707    -0.546    -0.449
 5     0.613     0.790     0.005
 6   131.131    43.380    23.177
 6     0.584    -0.654    -0.481
 6     0.408     0.749    -0.522
 6     0.702     0.109     0.704
 7   111.156   -22.604    -5.294
 7     0.460     0.853     0.245
 7    -0.884     0.414     0.219
 7     0.085    -0.318     0.944
 8   112.079   -38.737    13.019
 8     0.405     0.321     0.856
 8    -0.689    -0.508     0.517
 8     0.601    -0.799     0.015
 9   127.828   -55.189    24.921
 9     0.490     0.857    -0.159
 9    -0.594     0.461     0.659
 9     0.638    -0.229     0.735
 2    96.987   -18.655    59.828
 2     0.394    -0.919     0.009
 2     0.918     0.393     0.053
 2    -0.053    -0.013     0.998
 3   122.780    -4.645     6.499
 3    -0.508    -0.139    -0.850
 3     0.032    -0.989     0.142
 3    -0.861     0.045     0.507
 4   111.566    10.933    -9.565
 4     0.640    -0.716     0.278
 4     0.760     0.641    -0.101
 4    -0.106     0.276     0.955
 5   112.593    29.964     9.110
 5     0.357    -0.274     0.893
 5     0.713    -0.538    -0.450
 5     0.604     0.797     0.003
 6   131.290    43.676    22.541
 6     0.589    -0.658    -0.470
 6     0.421     0.745    -0.516
 6     0.690     0.106     0.716
 7   111.146   -22.685    -5.274
 7     0.459     0.851     0.253
 7    -0.885     0.413     0.216
 7     0.079    -0.323     0.943
 8   112.220   -38.778    13.185
 8     0.410     0.309     0.858
 8    -0.682    -0.520     0.514
 8     0.604    -0.796    -0.003
 9   127.928   -55.342    25.010
 9     0.490     0.859    -0.144
 9    -0.595     0.451     0.665
 9     0.636    -0.241     0.733
 2    96.987   -18.706    59.828
 2     0.394    -0.919     0.009
 2     0.917     0.393     0.053
 2    -0.053    -0.013     0.998
 3   122.783    -4.769     6.493
 3    -0.508    -0.140    -0.850
 3     0.032    -0.989     0.144
 3    -0.860     0.046     0.507
 4   111.674    10.937    -9.527
 4     0.642    -0.714     0.278
 4     0.760     0.641    -0.108
 4    -0.102     0.281     0.954
 5   112.620    29.370    10.175
 5     0.359    -0.280     0.890
 5     0.677    -0.579    -0.455
 5     0.643     0.766    -0.019
 6   131.206    42.408    24.448
 6     0.575    -0.655    -0.490
 6     0.380     0.744    -0.549
 6     0.724     0.130     0.677
 7   111.592   -22.996    -5.234
 7     0.469     0.850     0.236
 7    -0.874     0.410     0.258
 7     0.123    -0.328     0.936
 8   113.190   -37.270    14.963
 8     0.421     0.382     0.822
 8    -0.582    -0.582     0.568
 8     0.696    -0.718    -0.023
 9   129.160   -51.414    29.629
 9     0.490     0.846    -0.209
 9    -0.490     0.465     0.738
 9     0.721    -0.259     0.642
 2    96.989   -18.705    59.825
 2     0.394    -0.919     0.009
 2     0.917     0.394     0.053
 2    -0.052    -0.013     0.998
 3   122.784    -4.719     6.571
 3    -0.509    -0.139    -0.849
 3     0.032    -0.989     0.142
 3    -0.860     0.045     0.508
 4   111.937    11.756    -8.831
 4     0.644    -0.721     0.255
 4     0.764     0.622    -0.171
 4    -0.036     0.305     0.952
 5   112.608    27.896    12.521
 5     0.341    -0.334     0.879
 5     0.584    -0.657    -0.477
 5     0.736     0.676    -0.029
 6   130.562    38.624    29.535
 6     0.546    -0.643    -0.538
 6     0.277     0.744    -0.608
 6     0.791     0.182     0.584
 7   112.656   -23.580    -4.614
 7     0.496     0.849     0.177
 7    -0.839     0.417     0.349
 7     0.222    -0.322     0.920
 8   114.225   -35.246    17.434
 8     0.417     0.508     0.753
 8    -0.434    -0.616     0.657
 8     0.798    -0.601    -0.036
 9   130.541   -45.094    35.338
 9     0.482     0.802    -0.353
 9    -0.316     0.534     0.784
 9     0.817    -0.267     0.511
 2    96.989   -18.705    59.825
 2     0.394    -0.919     0.009
 2     0.917     0.394     0.053
 2    -0.052    -0.013     0.998
 3   122.958    -4.588     6.974
 3    -0.514    -0.139    -0.846
 3     0.049    -0.990     0.132
 3    -0.856     0.026     0.515
 4   112.691    12.867    -7.953
 4     0.647    -0.731     0.218
 4     0.761     0.600    -0.245
 4     0.047     0.324     0.944
 5   112.550    26.644    14.844
 5     0.295    -0.416     0.860
 5     0.467    -0.722    -0.510
 5     0.833     0.552    -0.019
 6   129.470    34.134    35.006
 6     0.480    -0.623    -0.617
 6     0.145     0.750    -0.645
 6     0.865     0.220     0.451
 7   113.655   -23.918    -4.056
 7     0.526     0.841     0.125
 7    -0.802     0.442     0.400
 7     0.281    -0.311     0.908
 8   115.569   -33.687    19.113
 8     0.401     0.653     0.642
 8    -0.289    -0.574     0.766
 8     0.869    -0.493    -0.042
 9   131.623   -37.732    39.834
 9     0.448     0.652    -0.611
 9    -0.129     0.724     0.678
 9     0.885    -0.225     0.408
 2    96.989   -18.705    59.825
 2     0.394    -0.919     0.009
 2     0.917     0.393     0.053
 2    -0.052    -0.013     0.998
 3   123.102    -4.464     7.295
 3    -0.514    -0.131    -0.847
 3     0.068    -0.991     0.112
 3    -0.855    -0.000     0.519
 4   113.304    13.680    -7.240
 4     0.647    -0.740     0.185
 4     0.754     0.586    -0.295
 4     0.109     0.330     0.937
 5   112.578    25.492    16.515
 5     0.256    -0.480     0.839
 5     0.357    -0.760    -0.543
 5     0.898     0.439    -0.023
 6   128.210    30.276    38.637
 6     0.408    -0.597    -0.691
 6     0.045     0.769    -0.638
 6     0.912     0.229     0.340
 7   114.660   -23.911    -3.903
 7     0.556     0.826     0.089
 7    -0.776     0.477     0.413
 7     0.299    -0.299     0.906
 8   116.873   -32.803    19.634
 8     0.367     0.779     0.507
 8    -0.167    -0.481     0.860
 8     0.915    -0.401    -0.046
 9   131.656   -32.370    41.646
 9     0.404     0.459    -0.791
 9     0.012     0.862     0.506
 9     0.914    -0.215     0.343
 2    97.014   -18.705    59.876
 2     0.394    -0.919     0.008
 2     0.917     0.394     0.053
 2    -0.052    -0.013     0.998
 3   123.314    -4.161     7.539
 3    -0.513    -0.116    -0.850
 3     0.081    -0.993     0.086
 3    -0.854    -0.025     0.519
 4   113.713    14.373    -6.688
 4     0.642    -0.748     0.165
 4     0.752     0.574    -0.324
 4     0.147     0.332     0.932
 5   112.779    25.185    17.380
 5     0.234    -0.528     0.816
 5     0.280    -0.767    -0.577
 5     0.931     0.363    -0.032
 6   127.649    26.836    40.849
 6     0.359    -0.540    -0.761
 6    -0.057     0.801    -0.596
 6     0.932     0.256     0.257
 7   115.435   -23.811    -3.934
 7     0.575     0.815     0.065
 7    -0.756     0.499     0.423
 7     0.313    -0.293     0.903
 8   117.339   -31.749    20.243
 8     0.343     0.802     0.489
 8    -0.116    -0.481     0.869
 8     0.932    -0.355    -0.072
 9   131.486   -30.959    42.438
 9     0.360     0.439    -0.823
 9     0.026     0.877     0.480
 9     0.932    -0.195     0.304
 2    97.014   -18.705    59.876
 2     0.394    -0.919     0.009
 2     0.917     0.394     0.053
 2    -0.052    -0.013     0.998
 3   123.408    -3.830     7.545
 3    -0.514    -0.104    -0.851
 3     0.086    -0.994     0.069
 3    -0.853    -0.038     0.520
 4   114.085    15.055    -6.193
 4     0.651    -0.745     0.147
 4     0.738     0.575    -0.354
 4     0.178     0.339     0.924
 5   113.466    25.140    18.014
 5     0.229    -0.573     0.786
 5     0.248    -0.747    -0.617
 5     0.941     0.336    -0.029
 6   127.791    26.175    41.611
 6     0.330    -0.519    -0.789
 6    -0.074     0.819    -0.570
 6     0.941     0.246     0.232
 7   115.921   -23.624    -3.957
 7     0.580     0.812     0.055
 7    -0.749     0.506     0.427
 7     0.319    -0.289     0.902
 8   117.224   -31.883    20.095
 8     0.318     0.822     0.472
 8    -0.103    -0.465     0.879
 8     0.942    -0.329    -0.063
 9   130.493   -30.868    43.050
 9     0.316     0.426    -0.848
 9     0.035     0.887     0.459
 9     0.948    -0.176     0.265
 2    97.014   -18.705    59.876
 2     0.394    -0.919     0.008
 2     0.917     0.394     0.053
 2    -0.052    -0.013     0.998
 3   123.516    -3.706     7.658
 3    -0.511    -0.100    -0.853
 3     0.091    -0.994     0.062
 3    -0.854    -0.046     0.517
 4   114.386    15.238    -5.992
 4     0.659    -0.739     0.139
 4     0.728     0.581    -0.365
 4     0.188     0.342     0.921
 5   113.990    25.488    18.217
 5     0.231    -0.609     0.758
 5     0.240    -0.719    -0.652
 5     0.943     0.333    -0.020
 6   128.280    25.757    42.171
 6     0.313    -0.477    -0.821
 6    -0.090     0.846    -0.526
 6     0.945     0.238     0.222
 7   116.005   -23.573    -3.994
 7     0.575     0.816     0.052
 7    -0.752     0.502     0.427
 7     0.323    -0.285     0.902
 8   116.988   -31.774    20.148
 8     0.305     0.823     0.478
 8    -0.100    -0.472     0.876
 8     0.947    -0.315    -0.062
 9   130.105   -30.678    43.252
 9     0.302     0.426    -0.853
 9     0.037     0.889     0.457
 9     0.953    -0.169     0.252
 2    97.014   -18.705    59.876
 2     0.394    -0.919     0.009
 2     0.917     0.394     0.053
 2    -0.052    -0.013     0.998
 3   123.540    -3.634     7.798
 3    -0.508    -0.101    -0.856
 3     0.094    -0.994     0.061
 3    -0.856    -0.050     0.514
 4   114.572    15.341    -5.901
 4     0.663    -0.736     0.135
 4     0.723     0.584    -0.368
 4     0.192     0.341     0.920
 5   114.065    25.437    18.266
 5     0.232    -0.610     0.757
 5     0.239    -0.719    -0.653
 5     0.943     0.332    -0.021
 6   128.288    25.759    42.162
 6     0.312    -0.477    -0.822
 6    -0.090     0.846    -0.525
 6     0.946     0.237     0.221
 7   116.061   -23.496    -4.003
 7     0.571     0.819     0.050
 7    -0.753     0.499     0.428
 7     0.326    -0.282     0.902
 8   116.913   -31.773    20.199
 8     0.304     0.823     0.480
 8    -0.099    -0.474     0.875
 8     0.947    -0.314    -0.062
 9   129.905   -30.729    43.354
 9     0.299     0.428    -0.853
 9     0.037     0.888     0.458
 9     0.953    -0.169     0.250
 2    97.014   -18.705    59.876
 2     0.394    -0.919     0.009
 2     0.917     0.394     0.053
 2    -0.052    -0.013     0.998
 3   123.544    -3.635     7.799
 3    -0.507    -0.101    -0.856
 3     0.096    -0.994     0.060
 3    -0.856    -0.051     0.513
 4   114.524    15.342    -5.904
 4     0.663    -0.736     0.134
 4     0.723     0.584    -0.369
 4     0.193     0.341     0.920
 5   114.014    25.387    18.317
 5     0.230    -0.609     0.759
 5     0.239    -0.721    -0.650
 5     0.943     0.331    -0.021
 6   128.184    25.659    42.233
 6     0.311    -0.488    -0.816
 6    -0.089     0.839    -0.536
 6     0.946     0.239     0.217
 7   116.064   -23.495    -4.006
 7     0.571     0.819     0.049
 7    -0.753     0.499     0.429
 7     0.327    -0.282     0.902
 8   116.938   -31.823    20.224
 8     0.305     0.824     0.477
 8    -0.098    -0.472     0.876
 8     0.947    -0.314    -0.063
 9   129.951   -30.677    43.250
 9     0.300     0.416    -0.859
 9     0.038     0.894     0.446
 9     0.953    -0.166     0.252
 2    97.014   -18.705    59.876
 2     0.394    -0.919     0.009
 2     0.917     0.394     0.053
 2    -0.052    -0.013     0.998
 3   123.591    -3.636     7.805
 3    -0.507    -0.101    -0.856
 3     0.096    -0.994     0.060
 3    -0.857    -0.052     0.513
 4   114.575    15.291    -5.954
 4     0.663    -0.737     0.133
 4     0.724     0.584    -0.367
 4     0.193     0.340     0.920
 5   113.896    25.366    18.307
 5     0.228    -0.605     0.763
 5     0.239    -0.725    -0.646
 5     0.944     0.329    -0.021
 6   128.056    25.711    42.229
 6     0.311    -0.496    -0.811
 6    -0.088     0.834    -0.544
 6     0.946     0.240     0.215
 7   116.014   -23.495    -3.981
 7     0.571     0.819     0.048
 7    -0.753     0.499     0.429
 7     0.327    -0.282     0.902
 8   116.989   -31.821    20.224
 8     0.305     0.825     0.475
 8    -0.097    -0.470     0.877
 8     0.947    -0.314    -0.064
 9   129.950   -30.576    43.300
 9     0.300     0.412    -0.860
 9     0.038     0.896     0.442
 9     0.953    -0.166     0.253
 2    97.014   -18.705    59.876
 2     0.394    -0.919     0.008
 2     0.917     0.394     0.053
 2    -0.052    -0.013     0.998
 3   123.589    -3.636     7.805
 3    -0.507    -0.100    -0.856
 3     0.095    -0.994     0.059
 3    -0.857    -0.052     0.513
 4   114.571    15.290    -5.998
 4     0.662    -0.738     0.132
 4     0.725     0.585    -0.364
 4     0.191     0.337     0.922
 5   113.820    25.217    18.130
 5     0.224    -0.599     0.769
 5     0.241    -0.730    -0.639
 5     0.944     0.329    -0.019
 6   128.004    25.815    42.279
 6     0.311    -0.502    -0.807
 6    -0.086     0.831    -0.549
 6     0.946     0.240     0.215
 7   116.016   -23.520    -4.009
 7     0.570     0.820     0.048
 7    -0.753     0.498     0.429
 7     0.328    -0.281     0.902
 8   116.863   -31.813    19.949
 8     0.285     0.832     0.475
 8    -0.129    -0.458     0.879
 8     0.950    -0.312    -0.023
 9   130.028   -30.591    43.101
 9     0.309     0.420    -0.853
 9     0.030     0.892     0.450
 9     0.950    -0.165     0.263
 2    97.014   -18.705    59.825
 2     0.394    -0.919     0.009
 2     0.917     0.394     0.053
 2    -0.052    -0.013     0.998
 3   123.593    -3.634     7.850
 3    -0.507    -0.101    -0.856
 3     0.095    -0.994     0.060
 3    -0.856    -0.051     0.513
 4   114.511    15.159    -6.108
 4     0.661    -0.739     0.131
 4     0.727     0.587    -0.356
 4     0.186     0.330     0.925
 5   113.873    25.617    17.695
 5     0.221    -0.613     0.758
 5     0.254    -0.715    -0.651
 5     0.941     0.337    -0.003
 6   128.700    25.764    41.354
 6     0.327    -0.451    -0.830
 6    -0.076     0.863    -0.499
 6     0.942     0.226     0.248
 7   115.578   -23.455    -4.038
 7     0.563     0.825     0.055
 7    -0.761     0.491     0.423
 7     0.322    -0.280     0.904
 8   116.745   -31.909    19.682
 8     0.294     0.823     0.486
 8    -0.162    -0.458     0.874
 8     0.942    -0.336    -0.002
 9   130.302   -31.715    42.339
 9     0.339     0.426    -0.839
 9    -0.014     0.894     0.448
 9     0.941    -0.141     0.308
 2    97.014   -18.705    59.825
 2     0.394    -0.919     0.009
 2     0.917     0.394     0.053
 2    -0.052    -0.013     0.998
 3   123.538    -3.711     7.846
 3    -0.507    -0.106    -0.855
 3     0.094    -0.993     0.067
 3    -0.856    -0.046     0.514
 4   114.175    14.784    -6.485
 4     0.656    -0.741     0.141
 4     0.738     0.590    -0.328
 4     0.159     0.319     0.934
 5   113.938    26.324    17.123
 5     0.256    -0.587     0.768
 5     0.319    -0.699    -0.640
 5     0.912     0.409     0.008
 6   129.640    27.885    39.903
 6     0.370    -0.442    -0.817
 6    -0.027     0.874    -0.485
 6     0.928     0.201     0.312
 7   114.822   -23.210    -4.305
 7     0.545     0.835     0.076
 7    -0.784     0.475     0.399
 7     0.297    -0.277     0.914
 8   116.230   -32.950    18.935
 8     0.338     0.763     0.550
 8    -0.250    -0.491     0.834
 8     0.907    -0.420     0.025
 9   130.868   -35.828    40.262
 9     0.384     0.479    -0.789
 9    -0.124     0.874     0.470
 9     0.915    -0.083     0.395
 2    97.012   -18.706    59.828
 2     0.394    -0.919     0.009
 2     0.917     0.393     0.053
 2    -0.053    -0.013     0.998
 3   123.521    -3.838     7.663
 3    -0.508    -0.117    -0.854
 3     0.090    -0.992     0.083
 3    -0.857    -0.035     0.514
 4   113.643    14.163    -7.060
 4     0.652    -0.740     0.167
 4     0.750     0.596    -0.286
 4     0.112     0.311     0.943
 5   113.535    27.586    15.669
 5     0.298    -0.510     0.807
 5     0.429    -0.683    -0.590
 5     0.852     0.522     0.015
 6   130.887    31.532    36.802
 6     0.445    -0.456    -0.771
 6     0.052     0.872    -0.486
 6     0.894     0.176     0.412
 7   113.831   -23.010    -4.565
 7     0.520     0.846     0.111
 7    -0.815     0.454     0.361
 7     0.255    -0.278     0.926
 8   115.561   -34.181    17.728
 8     0.382     0.672     0.633
 8    -0.363    -0.521     0.772
 8     0.849    -0.526     0.045
 9   131.355   -40.696    37.088
 9     0.430     0.572    -0.698
 9    -0.257     0.819     0.513
 9     0.865    -0.041     0.499
 2    97.012   -18.655    59.828
 2     0.394    -0.919     0.009
 2     0.918     0.393     0.053
 2    -0.053    -0.013     0.998
 3   123.428    -3.938     7.422
 3    -0.508    -0.127    -0.852
 3     0.083    -0.992     0.098
 3    -0.857    -0.021     0.514
 4   113.118    13.482    -7.612
 4     0.650    -0.734     0.197
 4     0.758     0.607    -0.240
 4     0.056     0.305     0.950
 5   113.197    28.869    13.845
 5     0.328    -0.440     0.836
 5     0.532    -0.645    -0.548
 5     0.780     0.625     0.022
 6   131.677    35.064    33.035
 6     0.504    -0.477    -0.720
 6     0.137     0.867    -0.479
 6     0.853     0.142     0.502
 7   113.139   -22.878    -4.879
 7     0.507     0.850     0.144
 7    -0.836     0.443     0.324
 7     0.212    -0.285     0.935
 8   115.202   -35.748    16.300
 8     0.422     0.583     0.694
 8    -0.462    -0.521     0.718
 8     0.780    -0.624     0.049
 9   131.714   -44.916    33.768
 9     0.469     0.637    -0.613
 9    -0.357     0.770     0.528
 9     0.808    -0.029     0.588
 2    97.012   -18.706    59.828
 2     0.394    -0.919     0.009
 2     0.917     0.394     0.053
 2    -0.053    -0.013     0.998
 3   123.284    -4.114     7.133
 3    -0.510    -0.131    -0.850
 3     0.075    -0.991     0.108
 3    -0.857    -0.009     0.515
 4   112.544    12.851    -8.267
 4     0.647    -0.728     0.227
 4     0.762     0.617    -0.193
 4     0.000     0.298     0.954
 5   112.969    29.830    12.135
 5     0.354    -0.382     0.854
 5     0.609    -0.599    -0.520
 5     0.710     0.704     0.021
 6   132.309    37.972    29.506
 6     0.555    -0.504    -0.662
 6     0.206     0.854    -0.478
 6     0.806     0.129     0.578
 7   112.613   -22.759    -5.067
 7     0.503     0.847     0.171
 7    -0.846     0.442     0.297
 7     0.176    -0.294     0.939
 8   115.021   -36.748    15.280
 8     0.448     0.522     0.725
 8    -0.523    -0.505     0.687
 8     0.725    -0.687     0.046
 9   132.216   -47.532    31.097
 9     0.501     0.670    -0.548
 9    -0.424     0.742     0.519
 9     0.754    -0.028     0.656
 2    97.014   -18.705    59.825
 2     0.394    -0.919     0.009
 2     0.917     0.394     0.053
 2    -0.052    -0.013     0.998
 3   123.103    -4.161     6.814
 3    -0.512    -0.130    -0.849
 3     0.059    -0.991     0.116
 3    -0.857     0.009     0.515
 4   112.142    12.151    -8.692
 4     0.647    -0.720     0.251
 4     0.761     0.630    -0.156
 4    -0.047     0.292     0.955
 5   112.943    30.370    10.546
 5     0.378    -0.335     0.863
 5     0.663    -0.553    -0.505
 5     0.646     0.763     0.013
 6   133.089    39.926    25.931
 6     0.607    -0.519    -0.602
 6     0.258     0.845    -0.468
 6     0.751     0.129     0.647
 7   112.205   -22.707    -5.054
 7     0.503     0.842     0.192
 7    -0.851     0.445     0.277
 7     0.148    -0.304     0.941
 8   114.964   -37.585    14.456
 8     0.470     0.466     0.749
 8    -0.571    -0.487     0.661
 8     0.672    -0.739     0.037
 9   132.437   -49.935    28.347
 9     0.527     0.695    -0.489
 9    -0.481     0.718     0.503
 9     0.700    -0.030     0.713
 2    97.014   -18.705    59.825
 2     0.394    -0.919     0.009
 2     0.917     0.394     0.053
 2    -0.052    -0.013     0.998
 3   122.994    -4.286     6.577
 3    -0.511    -0.130    -0.849
 3     0.044    -0.991     0.124
 3    -0.858     0.026     0.513
 4   111.750    11.503    -9.154
 4     0.647    -0.711     0.274
 4     0.757     0.642    -0.121
 4    -0.090     0.286     0.954
 5   112.819    30.768     8.875
 5     0.389    -0.321     0.863
 5     0.707    -0.497    -0.503
 5     0.591     0.806     0.034
 6   133.484    41.410    22.905
 6     0.643    -0.540    -0.542
 6     0.304     0.830    -0.467
 6     0.703     0.136     0.698
 7   111.922   -22.782    -5.016
 7     0.503     0.837     0.213
 7    -0.855     0.449     0.258
 7     0.120    -0.312     0.942
 8   114.948   -38.493    13.657
 8     0.489     0.414     0.768
 8    -0.613    -0.464     0.640
 8     0.621    -0.783     0.027
 9   132.644   -51.666    26.186
 9     0.544     0.716    -0.437
 9    -0.526     0.697     0.487
 9     0.653    -0.035     0.756
 2    97.014   -18.705    59.825
 2     0.394    -0.919     0.009
 2     0.917     0.394     0.053
 2    -0.052    -0.013     0.998
 3   122.838    -4.463     6.443
 3    -0.512    -0.127    -0.850
 3     0.030    -0.991     0.130
 3    -0.859     0.041     0.511
 4   111.355    10.889    -9.390
 4     0.647    -0.705     0.291
 4     0.752     0.651    -0.094
 4    -0.123     0.280     0.952
 5   112.820    30.906     7.779
 5     0.388    -0.310     0.868
 5     0.739    -0.458    -0.494
 5     0.550     0.833     0.051
 6   132.975    43.794    19.743
 6     0.649    -0.603    -0.464
 6     0.399     0.789    -0.467
 6     0.647     0.117     0.753
 7   111.577   -22.876    -4.998
 7     0.503     0.833     0.230
 7    -0.859     0.451     0.242
 7     0.098    -0.319     0.942
 8   114.832   -39.113    13.031
 8     0.503     0.362     0.785
 8    -0.645    -0.447     0.620
 8     0.575    -0.818     0.009
 9   132.518   -53.520    24.138
 9     0.554     0.741    -0.379
 9    -0.568     0.669     0.478
 9     0.608    -0.050     0.792
 2    97.014   -18.705    59.876
 2     0.394    -0.919     0.008
 2     0.917     0.394     0.053
 2    -0.052    -0.013     0.998
 3   122.668    -4.587     6.384
 3    -0.512    -0.125    -0.850
 3     0.019    -0.991     0.134
 3    -0.859     0.052     0.510
 4   111.047    10.356    -9.564
 4     0.647    -0.699     0.305
 4     0.747     0.660    -0.073
 4    -0.151     0.275     0.949
 5   112.830    30.920     6.752
 5     0.383    -0.272     0.882
 5     0.773    -0.429    -0.468
 5     0.505     0.861     0.046
 6   132.011    46.133    17.364
 6     0.632    -0.683    -0.365
 6     0.499     0.719    -0.483
 6     0.592     0.124     0.796
 7   111.351   -22.895    -4.976
 7     0.506     0.827     0.244
 7    -0.859     0.460     0.225
 7     0.074    -0.324     0.943
 8   114.916   -39.498    12.550
 8     0.513     0.314     0.799
 8    -0.670    -0.434     0.601
 8     0.536    -0.844    -0.012
 9   132.589   -54.808    22.348
 9     0.560     0.763    -0.322
 9    -0.604     0.642     0.472
 9     0.567    -0.071     0.821
 2    97.014   -18.705    59.825
 2     0.394    -0.919     0.009
 2     0.917     0.394     0.053
 2    -0.052    -0.013     0.998
 3   122.649    -4.714     6.333
 3    -0.511    -0.122    -0.851
 3     0.011    -0.991     0.135
 3    -0.860     0.059     0.507
 4   110.761     9.976    -9.712
 4     0.642    -0.697     0.319
 4     0.745     0.665    -0.048
 4    -0.179     0.269     0.946
 5   112.532    30.966     5.878
 5     0.374    -0.231     0.898
 5     0.802    -0.405    -0.438
 5     0.465     0.884     0.034
 6   130.871    47.807    14.865
 6     0.615    -0.725    -0.309
 6     0.571     0.680    -0.458
 6     0.543     0.105     0.833
 7   111.296   -22.863    -4.983
 7     0.511     0.822     0.251
 7    -0.858     0.470     0.205
 7     0.050    -0.321     0.946
 8   114.939   -39.778    11.964
 8     0.518     0.281     0.807
 8    -0.692    -0.418     0.589
 8     0.503    -0.864    -0.023
 9   132.484   -55.843    20.654
 9     0.559     0.774    -0.297
 9    -0.638     0.630     0.443
 9     0.530    -0.059     0.846
 2    97.014   -18.705    59.825
 2     0.394    -0.919     0.009
 2     0.917     0.394     0.053
 2    -0.052    -0.013     0.998
 3   122.606    -4.713     6.257
 3    -0.509    -0.116    -0.853
 3     0.003    -0.991     0.132
 3    -0.861     0.065     0.504
 4   110.574     9.648    -9.809
 4     0.635    -0.697     0.333
 4     0.744     0.668    -0.023
 4    -0.207     0.262     0.942
 5   112.122    31.162     4.936
 5     0.360    -0.188     0.914
 5     0.832    -0.378    -0.406
 5     0.421     0.907     0.020
 6   129.675    49.432    12.713
 6     0.590    -0.758    -0.278
 6     0.637     0.648    -0.418
 6     0.497     0.069     0.865
 7   111.182   -22.760    -5.024
 7     0.513     0.817     0.263
 7    -0.858     0.481     0.181
 7     0.021    -0.319     0.948
 8   114.824   -40.327    11.210
 8     0.521     0.231     0.821
 8    -0.724    -0.391     0.569
 8     0.453    -0.891    -0.037
 9   132.298   -56.981    18.625
 9     0.559     0.788    -0.257
 9    -0.671     0.613     0.418
 9     0.487    -0.061     0.871
 2    97.014   -18.705    59.825
 2     0.394    -0.919     0.009
 2     0.917     0.394     0.053
 2    -0.052    -0.013     0.998
 3   124.360    -6.805     8.402
 3    -0.508    -0.109    -0.854
 3    -0.002    -0.992     0.128
 3    -0.861     0.066     0.504
 4   109.996     9.391    -9.896
 4     0.622    -0.698     0.355
 4     0.745     0.666     0.004
 4    -0.240     0.262     0.934
 5   111.608    31.184     4.370
 5     0.356    -0.136     0.924
 5     0.852    -0.358    -0.381
 5     0.383     0.924    -0.011
 6   128.102    50.969    10.667
 6     0.572    -0.800    -0.183
 6     0.693     0.590    -0.414
 6     0.439     0.109     0.891
 7   110.931   -22.560    -5.022
 7     0.517     0.808     0.280
 7    -0.856     0.494     0.153
 7    -0.014    -0.319     0.948
 8   114.669   -40.569    10.519
 8     0.522     0.157     0.838
 8    -0.754    -0.375     0.540
 8     0.399    -0.914    -0.077
 9   131.544   -58.490    15.532
 9     0.560     0.818    -0.125
 9    -0.714     0.554     0.428
 9     0.420    -0.151     0.895
 2    97.014   -18.705    59.825
 2     0.394    -0.919     0.009
 2     0.917     0.394     0.053
 2    -0.052    -0.013     0.998
 3   124.092    -6.668     8.201
 3    -0.512    -0.094    -0.854
 3    -0.009    -0.993     0.115
 3    -0.859     0.067     0.508
 4   109.445     9.136    -9.863
 4     0.608    -0.698     0.379
 4     0.746     0.665     0.027
 4    -0.271     0.266     0.925
 5   111.086    31.330     3.759
 5     0.352    -0.084     0.932
 5     0.871    -0.335    -0.359
 5     0.342     0.938    -0.045
 6   126.989    52.068     8.410
 6     0.568    -0.818    -0.090
 6     0.730     0.551    -0.404
 6     0.380     0.164     0.910
 7   110.694   -22.507    -5.166
 7     0.520     0.801     0.295
 7    -0.853     0.505     0.132
 7    -0.043    -0.320     0.946
 8   114.612   -40.938     9.778
 8     0.521     0.085     0.849
 8    -0.782    -0.353     0.515
 8     0.343    -0.932    -0.117
 9   130.969   -59.653    13.317
 9     0.560     0.828    -0.024
 9    -0.743     0.514     0.428
 9     0.367    -0.222     0.903
 2    97.014   -18.705    59.825
 2     0.394    -0.919     0.009
 2     0.917     0.394     0.053
 2    -0.052    -0.013     0.998
 3   124.029    -6.556     7.950
 3    -0.516    -0.085    -0.852
 3    -0.013    -0.994     0.107
 3    -0.856     0.066     0.512
 4   108.973     8.984    -9.783
 4     0.594    -0.698     0.400
 4     0.746     0.663     0.049
 4    -0.300     0.269     0.915
 5   110.530    31.528     3.126
 5     0.340    -0.026     0.940
 5     0.891    -0.309    -0.332
 5     0.298     0.951    -0.083
 6   125.400    53.118     6.424
 6     0.553    -0.833     0.011
 6     0.768     0.505    -0.393
 6     0.321     0.226     0.919
 7   110.505   -22.353    -5.255
 7     0.522     0.794     0.311
 7    -0.849     0.516     0.110
 7    -0.073    -0.322     0.944
 8   114.370   -41.148     9.163
 8     0.521     0.021     0.853
 8    -0.802    -0.331     0.498
 8     0.293    -0.943    -0.156
 9   130.262   -60.808    11.100
 9     0.561     0.822     0.097
 9    -0.766     0.470     0.438
 9     0.315    -0.320     0.893
 2    96.989   -18.654    59.825
 2     0.394    -0.919     0.008
 2     0.917     0.393     0.053
 2    -0.052    -0.013     0.998
 3   123.769    -6.364     7.665
 3    -0.524    -0.072    -0.849
 3    -0.019    -0.995     0.095
 3    -0.852     0.066     0.520
 4   108.328     8.835    -9.712
 4     0.578    -0.698     0.422
 4     0.748     0.660     0.068
 4    -0.327     0.276     0.904
 5   110.036    31.528     2.718
 5     0.336     0.019     0.941
 5     0.903    -0.288    -0.317
 5     0.265     0.957    -0.115
 6   124.085    53.781     4.456
 6     0.549    -0.820     0.158
 6     0.795     0.456    -0.399
 6     0.255     0.345     0.903
 7   110.178   -22.323    -5.306
 7     0.523     0.787     0.327
 7    -0.847     0.524     0.093
 7    -0.098    -0.326     0.940
 8   114.344   -41.352     8.728
 8     0.520    -0.039     0.853
 8    -0.817    -0.314     0.483
 8     0.249    -0.948    -0.195
 9   129.900   -61.368     9.279
 9     0.569     0.791     0.224
 9    -0.778     0.430     0.458
 9     0.266    -0.436     0.860
 2    97.014   -18.705    59.876
 2     0.394    -0.919     0.008
 2     0.917     0.393     0.053
 2    -0.052    -0.013     0.998
 3   123.613    -6.276     7.405
 3    -0.531    -0.062    -0.845
 3    -0.022    -0.996     0.086
 3    -0.847     0.065     0.527
 4   107.738     8.684    -9.721
 4     0.566    -0.694     0.444
 4     0.745     0.661     0.083
 4    -0.352     0.283     0.892
 5   109.673    31.728     2.217
 5     0.334     0.078     0.939
 5     0.915    -0.266    -0.303
 5     0.226     0.960    -0.161
 6   122.934    54.396     2.802
 6     0.542    -0.787     0.294
 6     0.818     0.413    -0.401
 6     0.193     0.458     0.867
 7   109.866   -22.222    -5.337
 7     0.522     0.777     0.351
 7    -0.843     0.533     0.075
 7    -0.129    -0.335     0.933
 8   114.239   -41.397     8.335
 8     0.518    -0.088     0.850
 8    -0.828    -0.302     0.473
 8     0.215    -0.949    -0.229
 9   129.339   -61.740     7.999
 9     0.575     0.747     0.332
 9    -0.785     0.391     0.480
 9     0.229    -0.537     0.812
 2    96.989   -18.705    59.825
 2     0.394    -0.919     0.008
 2     0.917     0.393     0.053
 2    -0.052    -0.013     0.998
 3   123.407    -6.110     7.196
 3    -0.538    -0.053    -0.841
 3    -0.026    -0.996     0.079
 3    -0.842     0.064     0.535
 4   107.195     8.558    -9.701
 4     0.555    -0.689     0.466
 4     0.741     0.664     0.099
 4    -0.378     0.291     0.879
 5   109.519    31.800     1.863
 5     0.338     0.132     0.931
 5     0.922    -0.246    -0.300
 5     0.189     0.960    -0.205
 6   121.863    54.755     1.536
 6     0.541    -0.703     0.462
 6     0.831     0.363    -0.421
 6     0.127     0.612     0.781
 7   109.554   -22.137    -5.426
 7     0.520     0.769     0.370
 7    -0.841     0.537     0.065
 7    -0.149    -0.346     0.926
 8   114.166   -41.564     8.007
 8     0.518    -0.135     0.844
 8    -0.835    -0.293     0.465
 8     0.184    -0.947    -0.264
 9   128.680   -62.162     6.814
 9     0.581     0.678     0.449
 9    -0.792     0.344     0.504
 9     0.187    -0.649     0.737
 2    97.014   -18.705    59.877
 2     0.394    -0.919     0.008
 2     0.918     0.393     0.053
 2    -0.052    -0.014     0.998
 3   123.229    -6.072     6.882
 3    -0.547    -0.046    -0.836
 3    -0.028    -0.997     0.073
 3    -0.836     0.064     0.544
 4   106.737     8.460    -9.693
 4     0.546    -0.682     0.487
 4     0.736     0.668     0.108
 4    -0.400     0.299     0.866
 5   109.489    31.780     1.635
 5     0.340     0.184     0.922
 5     0.926    -0.234    -0.295
 5     0.161     0.955    -0.250
 6   121.171    54.967     0.493
 6     0.542    -0.565     0.622
 6     0.838     0.305    -0.453
 6     0.065     0.766     0.639
 7   109.319   -22.026    -5.441
 7     0.518     0.762     0.389
 7    -0.839     0.542     0.056
 7    -0.168    -0.355     0.919
 8   114.253   -41.526     7.804
 8     0.515    -0.191     0.835
 8    -0.843    -0.289     0.454
 8     0.154    -0.938    -0.310
 9   128.093   -62.474     6.141
 9     0.585     0.570     0.576
 9    -0.797     0.278     0.536
 9     0.146    -0.773     0.617
 2    97.014   -18.705    59.825
 2     0.394    -0.919     0.008
 2     0.917     0.394     0.053
 2    -0.052    -0.013     0.998
 3   123.023    -5.909     6.651
 3    -0.555    -0.040    -0.831
 3    -0.030    -0.997     0.068
 3    -0.831     0.062     0.552
 4   106.342     8.470    -9.652
 4     0.537    -0.676     0.505
 4     0.734     0.669     0.115
 4    -0.416     0.308     0.855
 5   109.443    31.942     1.549
 5     0.340     0.230     0.911
 5     0.930    -0.225    -0.291
 5     0.137     0.947    -0.291
 6   120.520    55.164     0.030
 6     0.541    -0.419     0.729
 6     0.841     0.253    -0.479
 6     0.016     0.872     0.489
 7   109.065   -21.989    -5.490
 7     0.514     0.755     0.406
 7    -0.837     0.544     0.049
 7    -0.184    -0.365     0.912
 8   114.174   -41.586     7.617
 8     0.511    -0.248     0.823
 8    -0.850    -0.287     0.441
 8     0.127    -0.925    -0.358
 9   127.677   -62.479     5.378
 9     0.593     0.432     0.679
 9    -0.799     0.211     0.563
 9     0.100    -0.877     0.470
 2    96.989   -18.654    59.825
 2     0.394    -0.919     0.008
 2     0.917     0.393     0.053
 2    -0.052    -0.013     0.998
 3   122.867    -5.823     6.450
 3    -0.563    -0.035    -0.826
 3    -0.030    -0.997     0.063
 3    -0.826     0.060     0.560
 4   105.934     8.499    -9.647
 4     0.528    -0.667     0.526
 4     0.728     0.674     0.123
 4    -0.437     0.318     0.841
 5   109.638    32.175     1.191
 5     0.347     0.283     0.894
 5     0.931    -0.216    -0.294
 5     0.109     0.934    -0.338
 6   120.436    55.255    -0.965
 6     0.542    -0.294     0.787
 6     0.839     0.228    -0.493
 6    -0.035     0.928     0.370
 7   108.710   -21.826    -5.556
 7     0.511     0.746     0.427
 7    -0.836     0.547     0.044
 7    -0.202    -0.379     0.903
 8   114.470   -41.440     7.482
 8     0.512    -0.306     0.802
 8    -0.853    -0.290     0.434
 8     0.099    -0.907    -0.410
 9   127.529   -62.611     4.863
 9     0.598     0.266     0.756
 9    -0.800     0.143     0.583
 9     0.047    -0.953     0.299
 2    97.014   -18.705    59.825
 2     0.394    -0.919     0.009
 2     0.917     0.394     0.053
 2    -0.052    -0.013     0.998
 3   122.673    -5.579     6.074
 3    -0.576    -0.030    -0.817
 3    -0.031    -0.998     0.059
 3    -0.817     0.059     0.574
 4   105.464     8.522    -9.601
 4     0.519    -0.653     0.552
 4     0.719     0.682     0.131
 4    -0.463     0.328     0.823
 5   109.852    32.375     0.846
 5     0.361     0.331     0.871
 5     0.929    -0.205    -0.307
 5     0.077     0.921    -0.382
 6   120.595    55.217    -2.253
 6     0.546    -0.191     0.815
 6     0.833     0.222    -0.506
 6    -0.084     0.956     0.281
 7   108.197   -21.669    -5.529
 7     0.505     0.733     0.454
 7    -0.833     0.552     0.036
 7    -0.225    -0.397     0.890
 8   114.688   -41.420     7.294
 8     0.512    -0.382     0.769
