% Calibrated with leiden_pols
% Positions are in centimeters
Data =[
 2    97.018   -18.754    59.871
 2     0.394    -0.919     0.007
 2     0.918     0.394     0.051
 2    -0.050    -0.014     0.998
 3   123.530    -3.604     8.307
 3    -0.489    -0.125    -0.863
 3     0.139    -0.988     0.065
 3    -0.861    -0.088     0.500
 4   114.847    15.922    -5.153
 4     0.691    -0.709     0.139
 4     0.693     0.597    -0.404
 4     0.203     0.375     0.904
 5   115.049    25.874    19.304
 5     0.241    -0.679     0.693
 5     0.208    -0.661    -0.721
 5     0.948     0.318    -0.018
 6   128.719    24.745    43.426
 6     0.279    -0.366    -0.888
 6    -0.113     0.905    -0.409
 6     0.953     0.214     0.211
 7   117.021   -23.206    -3.946
 7     0.626     0.779     0.017
 7    -0.717     0.566     0.406
 7     0.307    -0.267     0.913
 8   119.028   -32.070    20.113
 8     0.291     0.879     0.376
 8    -0.070    -0.373     0.925
 8     0.954    -0.295    -0.047
 9   131.215   -29.477    43.376
 9     0.270     0.172    -0.948
 9     0.046     0.980     0.191
 9     0.962    -0.095     0.256
 2    96.991   -18.704    59.874
 2     0.394    -0.919     0.007
 2     0.918     0.393     0.052
 2    -0.051    -0.014     0.999
 3   123.527    -3.555     8.339
 3    -0.488    -0.124    -0.864
 3     0.139    -0.988     0.064
 3    -0.862    -0.089     0.500
 4   114.898    16.000    -5.105
 4     0.690    -0.710     0.138
 4     0.694     0.596    -0.404
 4     0.204     0.375     0.904
 5   114.998    25.875    19.302
 5     0.241    -0.679     0.693
 5     0.208    -0.661    -0.721
 5     0.948     0.318    -0.019
 6   128.719    24.795    43.375
 6     0.279    -0.366    -0.888
 6    -0.113     0.905    -0.409
 6     0.953     0.214     0.211
 7   117.018   -23.207    -3.943
 7     0.626     0.779     0.017
 7    -0.717     0.567     0.406
 7     0.306    -0.266     0.914
 8   119.028   -32.070    20.139
 8     0.290     0.880     0.376
 8    -0.070    -0.372     0.925
 8     0.954    -0.295    -0.047
 9   131.165   -29.426    43.376
 9     0.269     0.171    -0.948
 9     0.046     0.980     0.190
 9     0.962    -0.095     0.255
 2    97.019   -18.703    59.820
 2     0.394    -0.919     0.007
 2     0.918     0.394     0.051
 2    -0.050    -0.014     0.998
 3   123.531    -3.502     8.385
 3    -0.488    -0.123    -0.864
 3     0.139    -0.988     0.062
 3    -0.861    -0.089     0.500
 4   114.849    15.974    -5.156
 4     0.691    -0.710     0.138
 4     0.693     0.597    -0.404
 4     0.204     0.375     0.904
 5   115.050    25.873    19.304
 5     0.241    -0.681     0.692
 5     0.207    -0.660    -0.722
 5     0.948     0.317    -0.018
 6   128.727    24.745    43.415
 6     0.277    -0.365    -0.889
 6    -0.114     0.906    -0.407
 6     0.954     0.214     0.209
 7   117.046   -23.206    -3.947
 7     0.626     0.779     0.016
 7    -0.717     0.567     0.405
 7     0.307    -0.266     0.914
 8   119.078   -32.094    20.062
 8     0.289     0.881     0.374
 8    -0.069    -0.371     0.926
 8     0.954    -0.294    -0.047
 9   131.215   -29.476    43.325
 9     0.268     0.170    -0.948
 9     0.046     0.981     0.189
 9     0.962    -0.095     0.255
 2    97.019   -18.703    59.820
 2     0.394    -0.919     0.007
 2     0.917     0.394     0.051
 2    -0.050    -0.014     0.998
 3   123.532    -3.502     8.386
 3    -0.489    -0.123    -0.864
 3     0.139    -0.988     0.062
 3    -0.861    -0.090     0.500
 4   114.950    15.923    -5.155
 4     0.692    -0.709     0.136
 4     0.692     0.598    -0.404
 4     0.204     0.373     0.905
 5   115.100    25.924    19.229
 5     0.241    -0.683     0.689
 5     0.208    -0.658    -0.724
 5     0.948     0.318    -0.017
 6   128.737    24.694    43.355
 6     0.274    -0.361    -0.891
 6    -0.115     0.908    -0.403
 6     0.955     0.213     0.207
 7   117.093   -23.207    -3.969
 7     0.626     0.779     0.015
 7    -0.716     0.568     0.404
 7     0.306    -0.265     0.914
 8   119.085   -32.142    20.000
 8     0.289     0.882     0.372
 8    -0.068    -0.369     0.927
 8     0.955    -0.294    -0.047
 9   131.215   -29.399    43.376
 9     0.267     0.167    -0.949
 9     0.047     0.981     0.186
 9     0.962    -0.095     0.254
 2    96.994   -18.754    59.871
 2     0.394    -0.919     0.007
 2     0.917     0.394     0.052
 2    -0.050    -0.014     0.999
 3   123.537    -3.551     8.330
 3    -0.490    -0.123    -0.863
 3     0.140    -0.988     0.061
 3    -0.860    -0.091     0.501
 4   114.948    15.922    -5.228
 4     0.692    -0.708     0.136
 4     0.692     0.599    -0.402
 4     0.203     0.373     0.905
 5   115.125    25.950    19.127
 5     0.241    -0.683     0.689
 5     0.208    -0.657    -0.724
 5     0.948     0.318    -0.017
 6   128.787    24.693    43.355
 6     0.272    -0.359    -0.893
 6    -0.116     0.909    -0.401
 6     0.955     0.213     0.206
 7   117.092   -23.257    -4.021
 7     0.627     0.778     0.015
 7    -0.716     0.569     0.404
 7     0.306    -0.264     0.914
 8   119.208   -32.193    19.924
 8     0.289     0.882     0.370
 8    -0.068    -0.367     0.927
 8     0.955    -0.294    -0.046
 9   131.263   -29.423    43.273
 9     0.267     0.164    -0.950
 9     0.048     0.982     0.183
 9     0.962    -0.094     0.254
 2    97.019   -18.703    59.820
 2     0.394    -0.919     0.007
 2     0.918     0.394     0.051
 2    -0.050    -0.014     0.998
 3   123.590    -3.498     8.300
 3    -0.492    -0.122    -0.862
 3     0.140    -0.988     0.060
 3    -0.859    -0.091     0.503
 4   114.971    15.921    -5.275
 4     0.693    -0.708     0.136
 4     0.692     0.601    -0.401
 4     0.202     0.372     0.906
 5   115.225    25.949    19.104
 5     0.241    -0.685     0.687
 5     0.208    -0.656    -0.726
 5     0.948     0.318    -0.016
 6   128.863    24.690    43.306
 6     0.271    -0.355    -0.894
 6    -0.118     0.910    -0.397
 6     0.955     0.213     0.205
 7   117.137   -23.259    -4.066
 7     0.628     0.778     0.016
 7    -0.716     0.570     0.402
 7     0.304    -0.264     0.915
 8   119.280   -32.247    19.771
 8     0.287     0.886     0.364
 8    -0.070    -0.359     0.930
 8     0.955    -0.293    -0.042
 9   131.338   -29.475    43.196
 9     0.267     0.158    -0.950
 9     0.047     0.983     0.177
 9     0.962    -0.093     0.255
 2    96.994   -18.703    59.871
 2     0.394    -0.919     0.007
 2     0.917     0.394     0.052
 2    -0.050    -0.014     0.999
 3   123.622    -3.545     8.290
 3    -0.495    -0.123    -0.860
 3     0.140    -0.988     0.060
 3    -0.857    -0.091     0.506
 4   115.016    15.918    -5.316
 4     0.695    -0.706     0.136
 4     0.691     0.603    -0.398
 4     0.199     0.370     0.907
 5   115.325    25.951    18.948
 5     0.240    -0.683     0.690
 5     0.207    -0.658    -0.724
 5     0.948     0.317    -0.018
 6   128.914    24.690    43.281
 6     0.272    -0.356    -0.894
 6    -0.118     0.910    -0.398
 6     0.955     0.213     0.206
 7   117.066   -23.317    -4.220
 7     0.628     0.778     0.016
 7    -0.719     0.572     0.393
 7     0.296    -0.259     0.919
 8   119.971   -32.412    19.419
 8     0.280     0.902     0.327
 8    -0.095    -0.313     0.945
 8     0.955    -0.296    -0.002
 9   132.206   -29.135    42.892
 9     0.282     0.098    -0.954
 9     0.041     0.992     0.114
 9     0.958    -0.072     0.276
 2    97.019   -18.754    59.820
 2     0.394    -0.919     0.007
 2     0.918     0.394     0.051
 2    -0.050    -0.014     0.998
 3   123.633    -3.486     8.065
 3    -0.502    -0.124    -0.856
 3     0.140    -0.988     0.061
 3    -0.853    -0.090     0.513
 4   115.003    15.912    -5.475
 4     0.697    -0.704     0.135
 4     0.690     0.608    -0.393
 4     0.193     0.367     0.910
 5   116.046    26.104    18.798
 5     0.263    -0.679     0.685
 5     0.209    -0.653    -0.728
 5     0.941     0.335    -0.030
