% Calibrated with leiden_pols
% Positions are in centimeters
Data =[
 2    97.018   -18.754    59.871
 2     0.394    -0.919     0.007
 2     0.918     0.394     0.051
 2    -0.050    -0.014     0.998
 3   123.530    -3.604     8.307
 3    -0.489    -0.125    -0.863
 3     0.139    -0.988     0.065
 3    -0.861    -0.088     0.500
 4   114.847    15.922    -5.153
 4     0.691    -0.709     0.139
 4     0.693     0.597    -0.404
 4     0.203     0.375     0.904
 5   115.049    25.874    19.304
 5     0.241    -0.679     0.693
 5     0.208    -0.661    -0.721
 5     0.948     0.318    -0.018
 6   128.719    24.745    43.426
 6     0.279    -0.366    -0.888
 6    -0.113     0.905    -0.409
 6     0.953     0.214     0.211
 7   117.021   -23.206    -3.946
 7     0.626     0.779     0.017
 7    -0.717     0.566     0.406
 7     0.307    -0.267     0.913
 8   119.028   -32.070    20.113
 8     0.291     0.879     0.376
 8    -0.070    -0.373     0.925
 8     0.954    -0.295    -0.047
 9   131.215   -29.477    43.376
 9     0.270     0.172    -0.948
 9     0.046     0.980     0.191
 9     0.962    -0.095     0.256
 2    96.991   -18.704    59.874
 2     0.394    -0.919     0.007
 2     0.918     0.393     0.052
 2    -0.051    -0.014     0.999
 3   123.527    -3.555     8.339
 3    -0.488    -0.124    -0.864
 3     0.139    -0.988     0.064
 3    -0.862    -0.089     0.500
 4   114.898    16.000    -5.105
 4     0.690    -0.710     0.138
 4     0.694     0.596    -0.404
 4     0.204     0.375     0.904
 5   114.998    25.875    19.302
 5     0.241    -0.679     0.693
 5     0.208    -0.661    -0.721
 5     0.948     0.318    -0.019
 6   128.719    24.795    43.375
 6     0.279    -0.366    -0.888
 6    -0.113     0.905    -0.409
 6     0.953     0.214     0.211
 7   117.018   -23.207    -3.943
 7     0.626     0.779     0.017
 7    -0.717     0.567     0.406
 7     0.306    -0.266     0.914
 8   119.028   -32.070    20.139
 8     0.290     0.880     0.376
 8    -0.070    -0.372     0.925
 8     0.954    -0.295    -0.047
 9   131.165   -29.426    43.376
 9     0.269     0.171    -0.948
 9     0.046     0.980     0.190
 9     0.962    -0.095     0.255
 2    97.019   -18.703    59.820
 2     0.394    -0.919     0.007
 2     0.918     0.394     0.051
 2    -0.050    -0.014     0.998
 3   123.531    -3.502     8.385
 3    -0.488    -0.123    -0.864
 3     0.139    -0.988     0.062
 3    -0.861    -0.089     0.500
 4   114.849    15.974    -5.156
 4     0.691    -0.710     0.138
 4     0.693     0.597    -0.404
 4     0.204     0.375     0.904
 5   115.050    25.873    19.304
 5     0.241    -0.681     0.692
 5     0.207    -0.660    -0.722
 5     0.948     0.317    -0.018
 6   128.727    24.745    43.415
 6     0.277    -0.365    -0.889
 6    -0.114     0.906    -0.407
 6     0.954     0.214     0.209
 7   117.046   -23.206    -3.947
 7     0.626     0.779     0.016
 7    -0.717     0.567     0.405
 7     0.307    -0.266     0.914
 8   119.078   -32.094    20.062
 8     0.289     0.881     0.374
 8    -0.069    -0.371     0.926
 8     0.954    -0.294    -0.047
 9   131.215   -29.476    43.325
 9     0.268     0.170    -0.948
 9     0.046     0.981     0.189
 9     0.962    -0.095     0.255
 2    97.019   -18.703    59.820
 2     0.394    -0.919     0.007
 2     0.917     0.394     0.051
 2    -0.050    -0.014     0.998
 3   123.532    -3.502     8.386
 3    -0.489    -0.123    -0.864
 3     0.139    -0.988     0.062
 3    -0.861    -0.090     0.500
 4   114.950    15.923    -5.155
 4     0.692    -0.709     0.136
 4     0.692     0.598    -0.404
 4     0.204     0.373     0.905
 5   115.100    25.924    19.229
 5     0.241    -0.683     0.689
 5     0.208    -0.658    -0.724
 5     0.948     0.318    -0.017
 6   128.737    24.694    43.355
 6     0.274    -0.361    -0.891
 6    -0.115     0.908    -0.403
 6     0.955     0.213     0.207
 7   117.093   -23.207    -3.969
 7     0.626     0.779     0.015
 7    -0.716     0.568     0.404
 7     0.306    -0.265     0.914
 8   119.085   -32.142    20.000
 8     0.289     0.882     0.372
 8    -0.068    -0.369     0.927
 8     0.955    -0.294    -0.047
 9   131.215   -29.399    43.376
 9     0.267     0.167    -0.949
 9     0.047     0.981     0.186
 9     0.962    -0.095     0.254
 2    96.994   -18.754    59.871
 2     0.394    -0.919     0.007
 2     0.917     0.394     0.052
 2    -0.050    -0.014     0.999
 3   123.537    -3.551     8.330
 3    -0.490    -0.123    -0.863
 3     0.140    -0.988     0.061
 3    -0.860    -0.091     0.501
 4   114.948    15.922    -5.228
 4     0.692    -0.708     0.136
 4     0.692     0.599    -0.402
 4     0.203     0.373     0.905
 5   115.125    25.950    19.127
 5     0.241    -0.683     0.689
 5     0.208    -0.657    -0.724
 5     0.948     0.318    -0.017
 6   128.787    24.693    43.355
 6     0.272    -0.359    -0.893
 6    -0.116     0.909    -0.401
 6     0.955     0.213     0.206
 7   117.092   -23.257    -4.021
 7     0.627     0.778     0.015
 7    -0.716     0.569     0.404
 7     0.306    -0.264     0.914
 8   119.208   -32.193    19.924
 8     0.289     0.882     0.370
 8    -0.068    -0.367     0.927
 8     0.955    -0.294    -0.046
 9   131.263   -29.423    43.273
 9     0.267     0.164    -0.950
 9     0.048     0.982     0.183
 9     0.962    -0.094     0.254
 2    97.019   -18.703    59.820
 2     0.394    -0.919     0.007
 2     0.918     0.394     0.051
 2    -0.050    -0.014     0.998
 3   123.590    -3.498     8.300
 3    -0.492    -0.122    -0.862
 3     0.140    -0.988     0.060
 3    -0.859    -0.091     0.503
 4   114.971    15.921    -5.275
 4     0.693    -0.708     0.136
 4     0.692     0.601    -0.401
 4     0.202     0.372     0.906
 5   115.225    25.949    19.104
 5     0.241    -0.685     0.687
 5     0.208    -0.656    -0.726
 5     0.948     0.318    -0.016
 6   128.863    24.690    43.306
 6     0.271    -0.355    -0.894
 6    -0.118     0.910    -0.397
 6     0.955     0.213     0.205
 7   117.137   -23.259    -4.066
 7     0.628     0.778     0.016
 7    -0.716     0.570     0.402
 7     0.304    -0.264     0.915
 8   119.280   -32.247    19.771
 8     0.287     0.886     0.364
 8    -0.070    -0.359     0.930
 8     0.955    -0.293    -0.042
 9   131.338   -29.475    43.196
 9     0.267     0.158    -0.950
 9     0.047     0.983     0.177
 9     0.962    -0.093     0.255
 2    96.994   -18.703    59.871
 2     0.394    -0.919     0.007
 2     0.917     0.394     0.052
 2    -0.050    -0.014     0.999
 3   123.622    -3.545     8.290
 3    -0.495    -0.123    -0.860
 3     0.140    -0.988     0.060
 3    -0.857    -0.091     0.506
 4   115.016    15.918    -5.316
 4     0.695    -0.706     0.136
 4     0.691     0.603    -0.398
 4     0.199     0.370     0.907
 5   115.325    25.951    18.948
 5     0.240    -0.683     0.690
 5     0.207    -0.658    -0.724
 5     0.948     0.317    -0.018
 6   128.914    24.690    43.281
 6     0.272    -0.356    -0.894
 6    -0.118     0.910    -0.398
 6     0.955     0.213     0.206
 7   117.066   -23.317    -4.220
 7     0.628     0.778     0.016
 7    -0.719     0.572     0.393
 7     0.296    -0.259     0.919
 8   119.971   -32.412    19.419
 8     0.280     0.902     0.327
 8    -0.095    -0.313     0.945
 8     0.955    -0.296    -0.002
 9   132.206   -29.135    42.892
 9     0.282     0.098    -0.954
 9     0.041     0.992     0.114
 9     0.958    -0.072     0.276
 2    97.019   -18.754    59.820
 2     0.394    -0.919     0.007
 2     0.918     0.394     0.051
 2    -0.050    -0.014     0.998
 3   123.633    -3.486     8.065
 3    -0.502    -0.124    -0.856
 3     0.140    -0.988     0.061
 3    -0.853    -0.090     0.513
 4   115.003    15.912    -5.475
 4     0.697    -0.704     0.135
 4     0.690     0.608    -0.393
 4     0.193     0.367     0.910
 5   116.046    26.104    18.798
 5     0.263    -0.679     0.685
 5     0.209    -0.653    -0.728
 5     0.941     0.335    -0.030
 6   130.520    25.023    42.633
 6     0.309    -0.345    -0.886
 6    -0.106     0.913    -0.393
 6     0.945     0.215     0.246
 7   117.039   -23.320    -4.250
 7     0.641     0.767     0.010
 7    -0.712     0.589     0.382
 7     0.287    -0.253     0.924
 8   121.249   -32.305    19.329
 8     0.324     0.903     0.281
 8    -0.102    -0.262     0.959
 8     0.941    -0.339     0.007
 9   134.258   -28.899    42.167
 9     0.325     0.049    -0.944
 9     0.026     0.998     0.061
 9     0.945    -0.045     0.323
 2    97.017   -18.704    59.823
 2     0.394    -0.919     0.007
 2     0.918     0.393     0.052
 2    -0.051    -0.014     0.999
 3   123.614    -3.584     7.977
 3    -0.506    -0.127    -0.853
 3     0.141    -0.988     0.064
 3    -0.851    -0.088     0.517
 4   114.899    15.744    -5.561
 4     0.708    -0.692     0.142
 4     0.683     0.619    -0.387
 4     0.179     0.371     0.911
 5   118.037    26.175    18.746
 5     0.346    -0.665     0.661
 5     0.228    -0.624    -0.747
 5     0.910     0.409    -0.065
 6   134.180    25.900    40.862
 6     0.399    -0.332    -0.854
 6    -0.074     0.917    -0.391
 6     0.914     0.219     0.342
 7   117.143   -23.263    -4.238
 7     0.664     0.747     0.006
 7    -0.693     0.612     0.380
 7     0.280    -0.257     0.925
 8   123.178   -32.290    19.410
 8     0.406     0.880     0.244
 8    -0.108    -0.219     0.970
 8     0.907    -0.420     0.005
 9   137.771   -29.428    40.707
 9     0.402     0.023    -0.915
 9     0.000     1.000     0.026
 9     0.915    -0.011     0.402
 2    97.017   -18.704    59.823
 2     0.394    -0.919     0.007
 2     0.918     0.393     0.052
 2    -0.051    -0.014     0.999
 3   123.633    -3.634     7.924
 3    -0.506    -0.127    -0.853
 3     0.138    -0.988     0.065
 3    -0.851    -0.085     0.517
 4   114.918    15.586    -5.583
 4     0.729    -0.667     0.155
 4     0.667     0.642    -0.377
 4     0.152     0.378     0.913
 5   120.896    26.255    18.444
 5     0.464    -0.634     0.619
 5     0.244    -0.580    -0.777
 5     0.851     0.511    -0.115
 6   139.180    26.344    38.109
 6     0.504    -0.302    -0.809
 6    -0.033     0.929    -0.368
 6     0.863     0.212     0.459
 7   117.218   -23.257    -4.067
 7     0.688     0.725     0.003
 7    -0.673     0.636     0.377
 7     0.271    -0.262     0.926
 8   125.492   -32.165    19.255
 8     0.528     0.817     0.228
 8    -0.106    -0.203     0.973
 8     0.842    -0.539    -0.021
 9   142.775   -29.345    37.916
 9     0.521     0.017    -0.853
 9    -0.016     1.000     0.010
 9     0.853     0.008     0.521
 2    97.019   -18.703    59.820
 2     0.394    -0.919     0.007
 2     0.918     0.393     0.051
 2    -0.050    -0.014     0.998
 3   123.652    -3.824     8.083
 3    -0.495    -0.123    -0.860
 3     0.132    -0.989     0.065
 3    -0.858    -0.081     0.506
 4   114.940    14.995    -5.987
 4     0.765    -0.620     0.173
 4     0.635     0.686    -0.354
 4     0.100     0.381     0.919
 5   123.901    25.853    17.398
 5     0.600    -0.574     0.557
 5     0.239    -0.536    -0.809
 5     0.763     0.619    -0.184
 6   144.301    26.443    33.606
 6     0.621    -0.243    -0.745
 6    -0.008     0.948    -0.316
 6     0.784     0.202     0.587
 7   117.117   -23.224    -4.101
 7     0.725     0.687     0.024
 7    -0.649     0.672     0.356
 7     0.229    -0.274     0.934
 8   128.182   -31.776    18.189
 8     0.662     0.720     0.207
 8    -0.086    -0.201     0.976
 8     0.744    -0.664    -0.071
 9   147.598   -28.554    33.745
 9     0.647     0.017    -0.762
 9    -0.006     1.000     0.017
 9     0.762    -0.007     0.647
 2    96.993   -18.703    59.871
 2     0.394    -0.919     0.007
 2     0.918     0.393     0.052
 2    -0.050    -0.014     0.999
 3   123.630    -4.013     8.037
 3    -0.487    -0.122    -0.865
 3     0.130    -0.989     0.066
 3    -0.864    -0.081     0.497
 4   114.719    14.308    -6.537
 4     0.800    -0.562     0.208
 4     0.599     0.733    -0.321
 4     0.028     0.382     0.924
 5   126.896    25.231    15.145
 5     0.735    -0.473     0.486
 5     0.226    -0.506    -0.833
 5     0.639     0.721    -0.265
 6   149.000    25.971    27.720
 6     0.743    -0.186    -0.642
 6    -0.009     0.957    -0.288
 6     0.668     0.220     0.710
 7   116.934   -23.125    -4.194
 7     0.764     0.642     0.056
 7    -0.621     0.710     0.331
 7     0.172    -0.288     0.942
 8   130.473   -31.082    17.167
 8     0.772     0.611     0.172
 8    -0.052    -0.209     0.976
 8     0.633    -0.763    -0.130
 9   151.614   -27.301    29.034
 9     0.756     0.015    -0.654
 9     0.025     0.998     0.052
 9     0.654    -0.057     0.754
 2    96.991   -18.704    59.874
 2     0.394    -0.919     0.007
 2     0.918     0.393     0.052
 2    -0.051    -0.014     0.999
 3   123.539    -4.148     7.929
 3    -0.480    -0.125    -0.868
 3     0.129    -0.989     0.070
 3    -0.868    -0.079     0.491
 4   114.325    13.481    -7.169
 4     0.829    -0.499     0.250
 4     0.555     0.784    -0.277
 4    -0.058     0.368     0.928
 5   129.260    24.418    12.566
 5     0.834    -0.383     0.396
 5     0.200    -0.460    -0.865
 5     0.514     0.801    -0.308
 6   152.681    24.503    21.293
 6     0.841    -0.109    -0.530
 6    -0.036     0.966    -0.255
 6     0.540     0.233     0.808
 7   116.237   -23.021    -4.485
 7     0.797     0.594     0.108
 7    -0.596     0.745     0.297
 7     0.096    -0.302     0.948
 8   132.110   -30.914    14.893
 8     0.861     0.490     0.132
 8    -0.034    -0.204     0.978
 8     0.507    -0.847    -0.159
 9   154.418   -26.382    23.571
 9     0.842    -0.002    -0.539
 9     0.049     0.996     0.073
 9     0.537    -0.088     0.839
 2    97.019   -18.703    59.820
 2     0.394    -0.919     0.007
 2     0.918     0.394     0.051
 2    -0.050    -0.014     0.998
 3   123.379    -4.279     7.784
 3    -0.476    -0.128    -0.870
 3     0.128    -0.989     0.075
 3    -0.870    -0.076     0.487
 4   113.813    12.605    -7.860
 4     0.849    -0.439     0.294
 4     0.509     0.828    -0.235
 4    -0.141     0.349     0.926
 5   131.001    23.516     9.845
 5     0.905    -0.283     0.316
 5     0.173    -0.435    -0.884
 5     0.387     0.855    -0.345
 6   154.946    23.028    15.340
 6     0.904    -0.047    -0.424
 6    -0.058     0.971    -0.230
 6     0.422     0.232     0.876
 7   115.567   -22.908    -4.845
 7     0.815     0.554     0.169
 7    -0.579     0.775     0.253
 7     0.009    -0.305     0.952
 8   133.303   -30.723    12.346
 8     0.924     0.368     0.099
 8    -0.027    -0.197     0.980
 8     0.381    -0.908    -0.172
 9   156.461   -25.547    17.213
 9     0.911    -0.031    -0.410
 9     0.067     0.995     0.074
 9     0.406    -0.096     0.909
 2    96.993   -18.703    59.871
 2     0.394    -0.919     0.007
 2     0.918     0.393     0.051
 2    -0.050    -0.014     0.998
 3   123.304    -4.406     7.655
 3    -0.476    -0.130    -0.870
 3     0.129    -0.989     0.078
 3    -0.870    -0.075     0.487
 4   113.228    11.896    -8.284
 4     0.857    -0.392     0.335
 4     0.471     0.859    -0.198
 4    -0.210     0.328     0.921
 5   132.117    22.733     7.196
 5     0.951    -0.189     0.244
 5     0.149    -0.411    -0.899
 5     0.271     0.891    -0.363
 6   156.249    21.946    10.017
 6     0.947     0.002    -0.322
 6    -0.074     0.975    -0.209
 6     0.313     0.222     0.923
 7   114.864   -22.597    -5.225
 7     0.825     0.516     0.230
 7    -0.559     0.804     0.203
 7    -0.081    -0.297     0.952
 8   134.120   -30.628     9.395
 8     0.965     0.254     0.057
 8    -0.012    -0.177     0.984
 8     0.260    -0.951    -0.168
 9   157.420   -24.923    11.828
 9     0.952    -0.055    -0.301
 9     0.082     0.994     0.076
 9     0.295    -0.097     0.951
 2    97.019   -18.703    59.820
 2     0.393    -0.919     0.007
 2     0.918     0.393     0.051
 2    -0.050    -0.014     0.998
 3   123.080    -4.582     7.470
 3    -0.477    -0.132    -0.869
 3     0.128    -0.988     0.080
 3    -0.869    -0.073     0.489
 4   112.804    11.292    -8.668
 4     0.859    -0.348     0.374
 4     0.431     0.886    -0.167
 4    -0.274     0.305     0.912
 5   133.009    22.033     4.676
 5     0.979    -0.100     0.177
 5     0.125    -0.388    -0.913
 5     0.160     0.916    -0.367
 6   157.097    20.474     3.901
 6     0.976     0.060    -0.209
 6    -0.099     0.979    -0.179
 6     0.194     0.195     0.961
 7   114.240   -22.262    -5.742
 7     0.826     0.483     0.289
 7    -0.538     0.830     0.149
 7    -0.168    -0.279     0.945
 8   134.800   -29.913     6.925
 8     0.988     0.150     0.017
 8     0.009    -0.166     0.986
 8     0.151    -0.974    -0.165
 9   158.047   -23.802     5.487
 9     0.980    -0.091    -0.175
 9     0.106     0.991     0.081
 9     0.166    -0.099     0.981
 2    97.019   -18.703    59.820
 2     0.394    -0.919     0.007
 2     0.918     0.393     0.051
 2    -0.050    -0.014     0.998
 3   123.028    -4.630     7.285
 3    -0.480    -0.132    -0.867
 3     0.126    -0.989     0.080
 3    -0.868    -0.070     0.491
 4   112.371    10.684    -8.985
 4     0.853    -0.309     0.420
 4     0.393     0.910    -0.130
 4    -0.342     0.275     0.898
 5   133.516    21.614     1.770
 5     0.993    -0.011     0.117
 5     0.105    -0.350    -0.931
 5     0.051     0.937    -0.346
 6   157.323    19.022    -2.079
 6     0.989     0.117    -0.089
 6    -0.129     0.982    -0.138
 6     0.070     0.148     0.986
 7   113.696   -21.696    -6.120
 7     0.823     0.450     0.344
 7    -0.509     0.855     0.097
 7    -0.251    -0.255     0.934
 8   135.193   -29.487     3.857
 8     0.999     0.038    -0.019
 8     0.024    -0.150     0.988
 8     0.035    -0.988    -0.151
 9   157.985   -22.960    -0.725
 9     0.991    -0.122    -0.052
 9     0.126     0.988     0.089
 9     0.040    -0.095     0.994
 2    97.019   -18.754    59.820
 2     0.394    -0.919     0.007
 2     0.918     0.394     0.051
 2    -0.050    -0.014     0.998
 3   122.950    -4.627     7.099
 3    -0.482    -0.131    -0.866
 3     0.122    -0.989     0.081
 3    -0.867    -0.067     0.493
 4   111.839    10.156    -9.312
 4     0.839    -0.278     0.466
 4     0.361     0.927    -0.097
 4    -0.406     0.249     0.879
 5   133.638    21.279    -0.981
 5     0.994     0.078     0.071
 5     0.092    -0.315    -0.945
 5    -0.052     0.946    -0.320
 6   157.002    18.051    -7.507
 6     0.989     0.147     0.012
 6    -0.145     0.984    -0.106
 6    -0.028     0.103     0.994
 7   112.978   -21.185    -6.575
 7     0.812     0.425     0.400
 7    -0.481     0.876     0.044
 7    -0.332    -0.228     0.915
 8   135.114   -29.038     0.708
 8     0.996    -0.075    -0.049
 8     0.038    -0.136     0.990
 8    -0.081    -0.988    -0.133
 9   157.235   -21.871    -7.027
 9     0.985    -0.155     0.077
 9     0.146     0.983     0.104
 9    -0.092    -0.092     0.991
 2    97.019   -18.703    59.820
 2     0.394    -0.919     0.007
 2     0.918     0.393     0.051
 2    -0.050    -0.014     0.998
 3   122.768    -4.574     6.810
 3    -0.486    -0.129    -0.864
 3     0.118    -0.990     0.081
 3    -0.866    -0.062     0.496
 4   111.327     9.558    -9.535
 4     0.824    -0.250     0.507
 4     0.328     0.942    -0.071
 4    -0.461     0.225     0.859
 5   133.337    20.776    -3.609
 5     0.986     0.160     0.035
 5     0.080    -0.280    -0.957
 5    -0.144     0.946    -0.289
 6   155.932    16.972   -12.539
 6     0.978     0.170     0.120
 6    -0.164     0.984    -0.062
 6    -0.129     0.041     0.991
 7   112.255   -20.871    -6.927
 7     0.794     0.406     0.451
 7    -0.454     0.891    -0.003
 7    -0.403    -0.202     0.892
 8   134.629   -28.766    -2.343
 8     0.981    -0.180    -0.065
 8     0.044    -0.120     0.992
 8    -0.187    -0.976    -0.110
 9   155.866   -20.925   -12.489
 9     0.964    -0.184     0.189
 9     0.164     0.979     0.114
 9    -0.207    -0.079     0.975
 2    97.019   -18.703    59.820
 2     0.394    -0.919     0.007
 2     0.918     0.394     0.051
 2    -0.050    -0.014     0.998
 3   122.592    -4.671     6.543
 3    -0.490    -0.128    -0.862
 3     0.114    -0.990     0.082
 3    -0.864    -0.058     0.500
 4   110.640     9.014    -9.765
 4     0.803    -0.230     0.550
 4     0.303     0.952    -0.045
 4    -0.513     0.202     0.834
 5   132.765    20.234    -6.042
 5     0.972     0.233     0.011
 5     0.070    -0.246    -0.967
 5    -0.223     0.941    -0.256
 6   154.402    16.062   -17.051
 6     0.961     0.182     0.206
 6    -0.180     0.983    -0.031
 6    -0.208    -0.007     0.978
 7   111.580   -20.552    -7.245
 7     0.772     0.390     0.500
 7    -0.432     0.901    -0.037
 7    -0.465    -0.187     0.865
 8   134.093   -28.528    -4.753
 8     0.962    -0.262    -0.075
 8     0.049    -0.102     0.993
 8    -0.268    -0.959    -0.085
 9   154.128   -20.581   -17.314
 9     0.937    -0.196     0.288
 9     0.171     0.979     0.109
 9    -0.304    -0.053     0.951
 2    97.019   -18.754    59.820
 2     0.394    -0.919     0.007
 2     0.918     0.394     0.051
 2    -0.050    -0.014     0.998
 3   122.371    -4.664     6.220
 3    -0.496    -0.126    -0.859
 3     0.111    -0.990     0.082
 3    -0.861    -0.055     0.506
 4   110.125     8.479    -9.972
 4     0.784    -0.210     0.583
 4     0.277     0.960    -0.028
 4    -0.555     0.183     0.811
 5   132.198    19.908    -8.130
 5     0.955     0.295    -0.002
 5     0.064    -0.211    -0.975
 5    -0.288     0.932    -0.221
 6   152.909    15.182   -20.967
 6     0.940     0.185     0.286
 6    -0.193     0.981    -0.001
 6    -0.281    -0.054     0.958
 7   110.911   -20.425    -7.444
 7     0.751     0.379     0.541
 7    -0.414     0.908    -0.061
 7    -0.514    -0.178     0.839
 8   133.235   -28.409    -6.919
 8     0.940    -0.331    -0.081
 8     0.054    -0.089     0.994
 8    -0.336    -0.939    -0.066
 9   152.285   -20.246   -20.819
 9     0.908    -0.205     0.365
 9     0.178     0.978     0.107
 9    -0.380    -0.032     0.924
 2    97.019   -18.754    59.820
 2     0.394    -0.919     0.007
 2     0.918     0.394     0.051
 2    -0.050    -0.014     0.998
 3   122.091    -4.832     5.656
 3    -0.505    -0.128    -0.853
 3     0.103    -0.991     0.088
 3    -0.857    -0.043     0.514
 4   109.502     7.889   -10.223
 4     0.761    -0.187     0.621
 4     0.250     0.968    -0.015
 4    -0.598     0.167     0.784
 5   131.520    19.426   -10.336
 5     0.933     0.360    -0.010
 5     0.059    -0.179    -0.982
 5    -0.356     0.915    -0.188
 6   151.090    14.406   -24.636
 6     0.915     0.174     0.362
 6    -0.197     0.980     0.026
 6    -0.351    -0.096     0.932
 7   110.229   -20.168    -7.529
 7     0.729     0.368     0.577
 7    -0.398     0.914    -0.080
 7    -0.557    -0.171     0.813
 8   132.482   -28.126    -8.410
 8     0.918    -0.384    -0.091
 8     0.063    -0.085     0.994
 8    -0.390    -0.919    -0.054
 9   150.547   -19.678   -24.389
 9     0.872    -0.219     0.436
 9     0.190     0.976     0.108
 9    -0.450    -0.011     0.893
 2    97.019   -18.703    59.820
 2     0.394    -0.919     0.007
 2     0.918     0.393     0.051
 2    -0.050    -0.014     0.998
 3   121.976    -4.946     5.215
 3    -0.515    -0.130    -0.847
 3     0.098    -0.991     0.093
 3    -0.851    -0.036     0.523
 4   108.933     7.468   -10.364
 4     0.742    -0.178     0.646
 4     0.234     0.972    -0.002
 4    -0.628     0.153     0.763
 5   130.481    18.869   -12.450
 5     0.907     0.421    -0.019
 5     0.048    -0.148    -0.988
 5    -0.418     0.895    -0.155
 6   149.277    13.733   -28.240
 6     0.887     0.160     0.433
 6    -0.201     0.978     0.050
 6    -0.416    -0.132     0.900
 7   109.751   -20.026    -7.728
 7     0.711     0.361     0.604
 7    -0.386     0.918    -0.094
 7    -0.588    -0.166     0.791
 8   131.794   -27.967    -9.729
 8     0.895    -0.434    -0.097
 8     0.064    -0.089     0.994
 8    -0.440    -0.896    -0.052
 9   148.901   -19.657   -26.902
 9     0.842    -0.224     0.491
 9     0.193     0.974     0.112
 9    -0.504     0.000     0.864
 2    97.019   -18.703    59.820
 2     0.394    -0.919     0.007
 2     0.918     0.393     0.051
 2    -0.050    -0.014     0.998
 3   121.855    -4.940     4.919
 3    -0.522    -0.127    -0.844
 3     0.095    -0.991     0.091
 3    -0.848    -0.033     0.529
 4   108.391     7.078   -10.440
 4     0.721    -0.176     0.669
 4     0.225     0.974     0.013
 4    -0.655     0.141     0.743
 5   129.266    18.630   -14.381
 5     0.872     0.489    -0.019
 5     0.041    -0.113    -0.993
 5    -0.488     0.865    -0.119
 6   146.582    12.976   -31.792
 6     0.849     0.137     0.509
 6    -0.207     0.975     0.083
 6    -0.485    -0.176     0.856
 7   109.325   -19.807    -7.876
 7     0.692     0.353     0.629
 7    -0.374     0.921    -0.107
 7    -0.618    -0.162     0.769
 8   130.846   -28.147   -11.261
 8     0.868    -0.489    -0.086
 8     0.053    -0.081     0.995
 8    -0.493    -0.869    -0.044
 9   147.170   -19.619   -29.504
 9     0.807    -0.219     0.548
 9     0.189     0.975     0.112
 9    -0.560     0.013     0.828
 2    96.993   -18.703    59.871
 2     0.394    -0.919     0.007
 2     0.918     0.393     0.051
 2    -0.050    -0.014     0.998
 3   121.683    -4.853     4.483
 3    -0.531    -0.121    -0.838
 3     0.087    -0.992     0.088
 3    -0.843    -0.026     0.537
 4   107.709     6.873   -10.312
 4     0.702    -0.179     0.689
 4     0.222     0.974     0.026
 4    -0.676     0.135     0.724
 5   127.766    18.594   -15.985
 5     0.829     0.558    -0.015
 5     0.041    -0.087    -0.995
 5    -0.557     0.825    -0.095
 6   143.608    13.119   -35.136
 6     0.802     0.100     0.588
 6    -0.192     0.977     0.094
 6    -0.565    -0.189     0.803
 7   108.863   -19.660    -7.888
 7     0.674     0.349     0.651
 7    -0.366     0.923    -0.117
 7    -0.642    -0.159     0.750
 8   129.795   -28.103   -12.444
 8     0.835    -0.545    -0.077
 8     0.040    -0.080     0.996
 8    -0.549    -0.835    -0.045
 9   144.746   -20.408   -32.386
 9     0.761    -0.219     0.610
 9     0.174     0.975     0.133
 9    -0.625     0.005     0.781
 2    96.993   -18.703    59.871
 2     0.393    -0.919     0.007
 2     0.918     0.393     0.052
 2    -0.050    -0.014     0.998
 3   121.506    -4.846     4.211
 3    -0.537    -0.116    -0.836
 3     0.080    -0.993     0.086
 3    -0.840    -0.020     0.542
 4   106.995     6.671   -10.212
 4     0.680    -0.188     0.708
 4     0.226     0.973     0.040
 4    -0.697     0.133     0.704
 5   126.122    18.508   -17.491
 5     0.783     0.622    -0.006
 5     0.039    -0.059    -0.997
 5    -0.621     0.781    -0.071
 6   140.523    12.915   -37.771
 6     0.754     0.068     0.653
 6    -0.187     0.976     0.114
 6    -0.630    -0.208     0.748
 7   108.352   -19.464    -7.846
 7     0.654     0.347     0.672
 7    -0.358     0.925    -0.128
 7    -0.666    -0.157     0.729
 8   128.512   -28.341   -13.658
 8     0.797    -0.600    -0.062
 8     0.030    -0.064     0.997
 8    -0.602    -0.797    -0.034
 9   142.299   -20.404   -34.814
 9     0.712    -0.222     0.666
 9     0.170     0.975     0.143
 9    -0.681     0.012     0.732
 2    97.019   -18.703    59.820
 2     0.394    -0.919     0.007
 2     0.918     0.393     0.051
 2    -0.050    -0.013     0.998
 3   121.279    -4.610     3.968
 3    -0.543    -0.105    -0.833
 3     0.071    -0.994     0.079
 3    -0.837    -0.017     0.547
 4   106.312     6.573   -10.046
 4     0.659    -0.197     0.726
 4     0.231     0.971     0.053
 4    -0.715     0.132     0.686
 5   124.536    18.254   -18.599
 5     0.740     0.672    -0.002
 5     0.032    -0.039    -0.999
 5    -0.671     0.739    -0.050
 6   137.475    12.609   -40.183
 6     0.701     0.043     0.712
 6    -0.188     0.974     0.126
 6    -0.688    -0.222     0.691
 7   107.914   -19.215    -7.809
 7     0.636     0.340     0.692
 7    -0.347     0.927    -0.137
 7    -0.689    -0.153     0.708
 8   127.219   -28.201   -14.947
 8     0.756    -0.652    -0.051
 8     0.027    -0.047     0.998
 8    -0.654    -0.757    -0.018
 9   139.483   -20.249   -37.370
 9     0.655    -0.228     0.720
 9     0.174     0.973     0.150
 9    -0.736     0.027     0.677
 2    97.021   -18.702    59.817
 2     0.393    -0.919     0.006
 2     0.918     0.393     0.051
 2    -0.049    -0.014     0.999
 3   121.049    -4.476     3.723
 3    -0.548    -0.094    -0.831
 3     0.061    -0.995     0.072
 3    -0.834    -0.011     0.551
 4   105.786     6.426    -9.987
 4     0.642    -0.202     0.740
 4     0.232     0.970     0.063
 4    -0.731     0.131     0.670
 5   123.208    17.920   -19.574
 5     0.695     0.718    -0.007
 5     0.016    -0.025    -1.000
 5    -0.718     0.695    -0.029
 6   134.471    11.891   -42.014
 6     0.642     0.040     0.765
 6    -0.202     0.972     0.119
 6    -0.739    -0.230     0.633
 7   107.498   -18.944    -7.738
 7     0.615     0.336     0.713
 7    -0.336     0.930    -0.148
 7    -0.713    -0.149     0.685
 8   125.895   -28.036   -16.272
 8     0.712    -0.701    -0.037
 8     0.030    -0.022     0.999
 8    -0.702    -0.712     0.006
 9   137.112   -19.775   -39.412
 9     0.601    -0.231     0.765
 9     0.182     0.972     0.150
 9    -0.778     0.049     0.626
 2    97.002   -18.699    59.860
 2     0.391    -0.920     0.003
 2     0.919     0.391     0.048
 2    -0.046    -0.016     0.999
 3   120.920    -4.372     3.666
 3    -0.550    -0.089    -0.830
 3     0.056    -0.996     0.070
 3    -0.833    -0.008     0.553
 4   105.161     6.073    -9.847
 4     0.624    -0.205     0.754
 4     0.230     0.970     0.073
 4    -0.747     0.128     0.652
 5   121.616    17.614   -20.687
 5     0.646     0.763    -0.007
 5     0.011    -0.019    -1.000
 5    -0.763     0.646    -0.021
 6   131.558    11.332   -43.766
 6     0.587     0.043     0.808
 6    -0.214     0.971     0.103
 6    -0.781    -0.233     0.580
 7   106.885   -18.703    -7.556
 7     0.589     0.338     0.734
 7    -0.331     0.929    -0.163
 7    -0.737    -0.147     0.659
 8   124.249   -28.001   -17.551
 8     0.665    -0.746    -0.009
 8     0.028     0.013     0.999
 8    -0.746    -0.665     0.030
 9   133.846   -19.485   -41.328
 9     0.541    -0.221     0.811
 9     0.189     0.972     0.138
 9    -0.819     0.079     0.568
 2    97.006   -18.697    59.854
 2     0.391    -0.921     0.002
 2     0.919     0.390     0.047
 2    -0.044    -0.016     0.999
 3   120.617    -4.282     3.201
 3    -0.561    -0.078    -0.824
 3     0.041    -0.997     0.066
 3    -0.827     0.003     0.562
 4   104.445     5.928    -9.797
 4     0.599    -0.214     0.771
 4     0.240     0.967     0.081
 4    -0.763     0.136     0.631
 5   119.968    17.634   -21.364
 5     0.603     0.797     0.003
 5     0.019    -0.010    -1.000
 5    -0.797     0.604    -0.021
 6   128.661    11.521   -45.060
 6     0.539     0.022     0.842
 6    -0.202     0.974     0.104
 6    -0.818    -0.226     0.530
 7   106.115   -18.549    -7.419
 7     0.554     0.341     0.759
 7    -0.329     0.928    -0.177
 7    -0.765    -0.152     0.627
 8   122.539   -28.116   -18.430
 8     0.614    -0.789     0.007
 8     0.022     0.026     0.999
 8    -0.789    -0.614     0.033
 9   130.588   -19.609   -43.060
 9     0.478    -0.222     0.850
 9     0.183     0.971     0.150
 9    -0.859     0.083     0.505
 2    97.012   -18.695    59.798
 2     0.391    -0.921     0.001
 2     0.919     0.390     0.045
 2    -0.042    -0.017     0.999
 3   120.223    -4.169     2.890
 3    -0.570    -0.072    -0.818
 3     0.032    -0.997     0.066
 3    -0.821     0.011     0.571
 4   103.647     5.686    -9.762
 4     0.583    -0.216     0.783
 4     0.246     0.966     0.082
 4    -0.774     0.144     0.616
 5   118.396    17.391   -22.128
 5     0.557     0.830     0.007
 5     0.018    -0.003    -1.000
 5    -0.830     0.557    -0.017
 6   125.711    11.377   -46.246
 6     0.486     0.010     0.873
 6    -0.201     0.974     0.100
 6    -0.850    -0.224     0.476
 7   105.311   -18.422    -7.178
 7     0.515     0.351     0.782
 7    -0.334     0.922    -0.195
 7    -0.790    -0.161     0.592
 8   120.735   -28.181   -19.184
 8     0.559    -0.828     0.019
 8     0.016     0.034     0.999
 8    -0.828    -0.559     0.032
 9   127.109   -20.164   -44.908
 9     0.410    -0.212     0.887
 9     0.177     0.972     0.150
 9    -0.895     0.096     0.436
 2    97.039   -18.694    59.795
 2     0.391    -0.921     0.000
 2     0.919     0.390     0.043
 2    -0.041    -0.017     0.999
 3   119.969    -4.206     2.548
 3    -0.581    -0.071    -0.811
 3     0.029    -0.997     0.066
 3    -0.813     0.015     0.582
 4   102.952     5.446    -9.578
 4     0.566    -0.224     0.793
 4     0.253     0.963     0.091
 4    -0.784     0.150     0.602
 5   116.686    17.388   -22.582
 5     0.515     0.857     0.023
 5     0.023     0.014    -1.000
 5    -0.857     0.515    -0.013
 6   122.816    11.191   -47.167
 6     0.439    -0.007     0.898
 6    -0.203     0.973     0.107
 6    -0.875    -0.229     0.426
 7   104.524   -18.379    -6.968
 7     0.469     0.362     0.805
 7    -0.336     0.917    -0.216
 7    -0.817    -0.169     0.552
 8   119.077   -28.295   -19.842
 8     0.505    -0.863     0.029
 8     0.015     0.042     0.999
 8    -0.863    -0.504     0.034
 9   124.079   -19.730   -45.803
 9     0.350    -0.213     0.912
 9     0.183     0.970     0.156
 9    -0.919     0.112     0.378
 2    97.016   -18.693    59.792
 2     0.390    -0.921     0.000
 2     0.920     0.390     0.043
 2    -0.040    -0.017     0.999
 3   119.743    -4.140     2.152
 3    -0.594    -0.068    -0.801
 3     0.025    -0.997     0.066
 3    -0.804     0.019     0.594
 4   102.218     5.253    -9.511
 4     0.544    -0.230     0.806
 4     0.261     0.960     0.098
 4    -0.797     0.157     0.583
 5   115.123    17.282   -23.041
 5     0.470     0.882     0.029
 5     0.026     0.019    -0.999
 5    -0.882     0.470    -0.014
 6   120.011    11.118   -47.884
 6     0.383    -0.005     0.923
 6    -0.205     0.974     0.089
 6    -0.901    -0.224     0.372
 7   103.733   -18.331    -6.638
 7     0.423     0.373     0.825
 7    -0.341     0.910    -0.237
 7    -0.839    -0.181     0.512
 8   117.367   -28.429   -20.321
 8     0.456    -0.889     0.041
 8     0.011     0.052     0.998
 8    -0.890    -0.455     0.034
 9   121.098   -20.258   -47.068
 9     0.292    -0.202     0.935
 9     0.180     0.971     0.154
 9    -0.939     0.123     0.320
 2    97.016   -18.693    59.792
 2     0.390    -0.921    -0.000
 2     0.920     0.390     0.043
 2    -0.040    -0.017     0.999
 3   119.422    -4.075     1.884
 3    -0.606    -0.069    -0.792
 3     0.025    -0.997     0.067
 3    -0.795     0.021     0.606
 4   101.701     5.167    -9.336
 4     0.529    -0.234     0.815
 4     0.267     0.958     0.101
 4    -0.805     0.165     0.570
 5   113.716    17.286   -23.237
 5     0.428     0.902     0.045
 5     0.033     0.034    -0.999
 5    -0.903     0.429    -0.016
 6   117.592    10.908   -48.273
 6     0.335    -0.007     0.942
 6    -0.217     0.973     0.084
 6    -0.917    -0.232     0.324
 7   103.073   -18.207    -6.359
 7     0.377     0.387     0.841
 7    -0.345     0.901    -0.261
 7    -0.859    -0.192     0.474
 8   115.694   -28.588   -20.642
 8     0.407    -0.911     0.058
 8     0.003     0.065     0.998
 8    -0.914    -0.406     0.029
 9   117.906   -20.574   -47.958
 9     0.235    -0.189     0.953
 9     0.178     0.972     0.149
 9    -0.955     0.135     0.263
 2    97.043   -18.692    59.840
 2     0.391    -0.921    -0.000
 2     0.920     0.390     0.043
 2    -0.039    -0.017     0.999
 3   119.293    -4.117     1.605
 3    -0.614    -0.072    -0.786
 3     0.027    -0.997     0.070
 3    -0.789     0.021     0.614
 4   101.362     4.982    -9.242
 4     0.514    -0.236     0.824
 4     0.274     0.956     0.103
 4    -0.812     0.173     0.557
 5   112.499    17.339   -23.509
 5     0.383     0.922     0.049
 5     0.038     0.037    -0.999
 5    -0.923     0.384    -0.021
 6   115.028    10.708   -48.671
 6     0.274     0.008     0.961
 6    -0.228     0.972     0.056
 6    -0.934    -0.234     0.268
 7   102.533   -18.239    -6.125
 7     0.326     0.411     0.851
 7    -0.355     0.888    -0.292
 7    -0.876    -0.207     0.436
 8   114.115   -28.952   -20.865
 8     0.351    -0.934     0.071
 8    -0.012     0.071     0.997
 8    -0.936    -0.351     0.014
 9   114.910   -21.276   -48.499
 9     0.178    -0.186     0.966
 9     0.164     0.974     0.157
 9    -0.970     0.131     0.204
 2    97.017   -18.692    59.840
 2     0.390    -0.921    -0.000
 2     0.920     0.390     0.042
 2    -0.039    -0.017     0.999
 3   119.197    -4.158     1.245
 3    -0.622    -0.079    -0.779
 3     0.033    -0.996     0.075
 3    -0.782     0.021     0.623
 4   100.866     4.845    -9.113
 4     0.497    -0.241     0.833
 4     0.280     0.953     0.109
 4    -0.821     0.179     0.542
 5   111.350    17.248   -23.854
 5     0.345     0.937     0.053
 5     0.042     0.041    -0.998
 5    -0.938     0.347    -0.025
 6   113.120    10.581   -49.153
 6     0.233     0.013     0.972
 6    -0.230     0.972     0.042
 6    -0.945    -0.234     0.230
 7   101.841   -18.134    -5.884
 7     0.279     0.429     0.859
 7    -0.365     0.875    -0.319
 7    -0.888    -0.225     0.401
 8   112.605   -29.408   -20.881
 8     0.306    -0.948     0.089
 8    -0.031     0.084     0.996
 8    -0.951    -0.308    -0.003
 9   112.029   -22.195   -48.973
 9     0.131    -0.171     0.976
 9     0.146     0.977     0.151
 9    -0.980     0.123     0.153
 2    97.042   -18.692    59.840
 2     0.390    -0.921    -0.000
 2     0.920     0.390     0.042
 2    -0.039    -0.017     0.999
 3   118.979    -4.198     0.958
 3    -0.631    -0.088    -0.770
 3     0.040    -0.996     0.081
 3    -0.774     0.020     0.632
 4   100.430     4.737    -9.021
 4     0.483    -0.247     0.840
 4     0.286     0.951     0.114
 4    -0.827     0.185     0.530
 5   110.248    17.297   -23.922
 5     0.314     0.947     0.064
 5     0.046     0.052    -0.998
 5    -0.948     0.317    -0.028
 6   111.372    10.315   -49.070
 6     0.196     0.020     0.980
 6    -0.244     0.969     0.029
 6    -0.950    -0.245     0.195
 7   101.412   -18.215    -5.664
 7     0.245     0.442     0.863
 7    -0.375     0.864    -0.336
 7    -0.894    -0.241     0.378
 8   111.454   -29.851   -20.793
 8     0.272    -0.957     0.099
 8    -0.048     0.089     0.995
 8    -0.961    -0.276    -0.021
 9   110.046   -22.968   -49.179
 9     0.096    -0.169     0.981
 9     0.134     0.979     0.155
 9    -0.986     0.117     0.117
 2    97.042   -18.641    59.840
 2     0.390    -0.921    -0.000
 2     0.920     0.390     0.043
 2    -0.039    -0.017     0.999
 3   118.820    -4.269     0.764
 3    -0.637    -0.093    -0.765
 3     0.044    -0.995     0.084
 3    -0.770     0.020     0.638
 4   100.097     4.730    -8.825
 4     0.471    -0.249     0.846
 4     0.290     0.949     0.118
 4    -0.833     0.190     0.520
 5   109.621    17.324   -23.921
 5     0.294     0.953     0.065
 5     0.046     0.054    -0.997
 5    -0.955     0.296    -0.028
 6   110.318    10.111   -49.061
 6     0.169     0.039     0.985
 6    -0.255     0.967     0.006
 6    -0.952    -0.253     0.173
 7   101.175   -18.277    -5.576
 7     0.231     0.445     0.865
 7    -0.379     0.860    -0.341
 7    -0.896    -0.249     0.368
 8   110.964   -30.091   -20.741
 8     0.258    -0.960     0.104
