% Calibrated with leiden_pols
% Positions are in centimeters
Data =[
 2    97.017   -18.702    59.871
 2     0.390    -0.921     0.006
 2     0.919     0.389     0.051
 2    -0.050    -0.014     0.999
 3   123.177    -4.320     7.878
 3    -0.484    -0.089    -0.870
 3     0.114    -0.993     0.038
 3    -0.867    -0.081     0.491
 4   114.868    14.189    -7.147
 4     0.752    -0.638     0.163
 4     0.651     0.683    -0.330
 4     0.099     0.355     0.930
 5   119.330    24.332    17.818
 5     0.567    -0.557     0.607
 5     0.143    -0.659    -0.738
 5     0.811     0.505    -0.294
 6   138.240     7.690    21.862
 6     0.587     0.100    -0.804
 6    -0.786    -0.168    -0.595
 6    -0.194     0.980    -0.020
 7   117.334   -24.359    -5.406
 7     0.667     0.745     0.009
 7    -0.684     0.607     0.404
 7     0.296    -0.276     0.914
 8   123.321   -29.200    21.196
 8     0.636     0.691     0.343
 8     0.109    -0.520     0.847
 8     0.764    -0.501    -0.406
 9   141.986   -13.510    25.698
 9     0.691     0.263    -0.673
 9     0.718    -0.360     0.596
 9    -0.086    -0.895    -0.438
 2    97.017   -18.702    59.871
 2     0.390    -0.921     0.006
 2     0.919     0.389     0.051
 2    -0.050    -0.014     0.999
 3   123.175    -4.320     7.826
 3    -0.486    -0.089    -0.870
 3     0.114    -0.993     0.038
 3    -0.867    -0.080     0.492
 4   114.864    14.161    -7.192
 4     0.753    -0.637     0.164
 4     0.650     0.685    -0.329
 4     0.097     0.354     0.930
 5   119.326    24.331    17.723
 5     0.568    -0.557     0.606
 5     0.145    -0.657    -0.740
 5     0.810     0.508    -0.293
 6   138.244     7.690    21.811
 6     0.585     0.102    -0.804
 6    -0.787    -0.165    -0.594
 6    -0.193     0.981    -0.016
 7   117.282   -24.384    -5.428
 7     0.668     0.744     0.010
 7    -0.683     0.607     0.405
 7     0.295    -0.278     0.914
 8   123.317   -29.251    21.200
 8     0.637     0.690     0.342
 8     0.109    -0.520     0.847
 8     0.763    -0.502    -0.407
 9   142.033   -13.511    25.624
 9     0.690     0.261    -0.674
 9     0.718    -0.360     0.595
 9    -0.087    -0.896    -0.436
 2    97.017   -18.702    59.871
 2     0.390    -0.921     0.007
 2     0.919     0.389     0.051
 2    -0.050    -0.014     0.999
 3   123.178    -4.394     7.821
 3    -0.486    -0.090    -0.869
 3     0.113    -0.993     0.039
 3    -0.866    -0.080     0.493
 4   114.858    14.108    -7.234
 4     0.754    -0.635     0.165
 4     0.649     0.686    -0.327
 4     0.094     0.354     0.930
 5   119.372    24.330    17.677
 5     0.569    -0.557     0.605
 5     0.146    -0.656    -0.740
 5     0.809     0.509    -0.293
 6   138.296     7.638    21.688
 6     0.584     0.106    -0.805
 6    -0.789    -0.162    -0.593
 6    -0.193     0.981    -0.011
 7   117.181   -24.436    -5.425
 7     0.668     0.744     0.012
 7    -0.683     0.607     0.405
 7     0.294    -0.279     0.914
 8   123.363   -29.252    21.205
 8     0.638     0.690     0.341
 8     0.110    -0.520     0.847
 8     0.762    -0.503    -0.408
 9   141.981   -13.562    25.576
 9     0.690     0.260    -0.675
 9     0.718    -0.360     0.595
 9    -0.088    -0.896    -0.435
 2    96.992   -18.753    59.870
 2     0.390    -0.921     0.006
 2     0.919     0.390     0.051
 2    -0.050    -0.014     0.999
 3   123.177    -4.394     7.769
 3    -0.487    -0.090    -0.869
 3     0.113    -0.993     0.039
 3    -0.866    -0.079     0.494
 4   114.801    14.054    -7.302
 4     0.755    -0.634     0.168
 4     0.649     0.687    -0.326
 4     0.091     0.354     0.930
 5   119.418    24.328    17.607
 5     0.571    -0.557     0.604
 5     0.146    -0.655    -0.741
 5     0.808     0.511    -0.293
 6   138.297     7.689    21.613
 6     0.583     0.108    -0.805
 6    -0.789    -0.160    -0.593
 6    -0.193     0.981    -0.008
 7   117.226   -24.386    -5.418
 7     0.670     0.742     0.013
 7    -0.683     0.608     0.404
 7     0.292    -0.280     0.914
 8   123.385   -29.304    21.108
 8     0.640     0.689     0.339
 8     0.109    -0.519     0.847
 8     0.761    -0.505    -0.408
 9   142.028   -13.563    25.502
 9     0.690     0.258    -0.677
 9     0.718    -0.359     0.595
 9    -0.089    -0.897    -0.433
 2    96.992   -18.753    59.870
 2     0.390    -0.921     0.006
 2     0.919     0.390     0.051
 2    -0.050    -0.014     0.999
 3   123.180    -4.443     7.763
 3    -0.488    -0.091    -0.868
 3     0.113    -0.993     0.040
 3    -0.865    -0.078     0.495
 4   114.796    14.052    -7.348
 4     0.755    -0.633     0.169
 4     0.649     0.688    -0.324
 4     0.089     0.355     0.930
 5   119.439    24.326    17.613
 5     0.571    -0.556     0.604
 5     0.146    -0.655    -0.741
 5     0.807     0.512    -0.293
 6   138.348     7.689    21.513
 6     0.583     0.110    -0.805
 6    -0.789    -0.159    -0.593
 6    -0.193     0.981    -0.006
 7   117.147   -24.388    -5.514
 7     0.670     0.742     0.015
 7    -0.683     0.608     0.404
 7     0.290    -0.281     0.914
 8   123.356   -29.305    21.062
 8     0.640     0.689     0.339
 8     0.110    -0.519     0.848
 8     0.760    -0.506    -0.408
 9   142.025   -13.615    25.403
 9     0.690     0.256    -0.677
 9     0.718    -0.358     0.596
 9    -0.090    -0.898    -0.431
 2    97.017   -18.702    59.871
 2     0.390    -0.921     0.006
 2     0.919     0.389     0.051
 2    -0.050    -0.014     0.999
 3   123.129    -4.392     7.738
 3    -0.489    -0.091    -0.868
 3     0.113    -0.993     0.041
 3    -0.865    -0.078     0.495
 4   114.720    14.000    -7.345
 4     0.756    -0.632     0.170
 4     0.648     0.689    -0.324
 4     0.088     0.355     0.930
 5   119.439    24.326    17.561
 5     0.572    -0.555     0.604
 5     0.146    -0.656    -0.741
 5     0.807     0.512    -0.294
 6   138.349     7.689    21.514
 6     0.583     0.111    -0.805
 6    -0.789    -0.158    -0.593
 6    -0.193     0.981    -0.004
 7   117.170   -24.388    -5.510
 7     0.670     0.741     0.016
 7    -0.683     0.609     0.404
 7     0.289    -0.282     0.915
 8   123.353   -29.306    21.042
 8     0.641     0.688     0.339
 8     0.109    -0.520     0.847
 8     0.759    -0.506    -0.408
 9   142.046   -13.617    25.332
 9     0.690     0.253    -0.677
 9     0.717    -0.359     0.597
 9    -0.092    -0.898    -0.430
 2    97.017   -18.702    59.871
 2     0.390    -0.921     0.006
 2     0.919     0.389     0.051
 2    -0.050    -0.014     0.999
 3   123.132    -4.390     7.681
 3    -0.490    -0.092    -0.866
 3     0.113    -0.993     0.042
 3    -0.864    -0.077     0.497
 4   114.745    14.000    -7.395
 4     0.757    -0.631     0.169
 4     0.648     0.689    -0.324
 4     0.088     0.355     0.931
 5   119.261    24.075    17.497
 5     0.572    -0.544     0.613
 5     0.143    -0.670    -0.728
 5     0.807     0.504    -0.306
 6   138.350     7.965    21.360
 6     0.595     0.124    -0.794
 6    -0.778    -0.161    -0.608
 6    -0.203     0.979     0.001
 7   117.103   -24.437    -5.518
 7     0.668     0.743     0.017
 7    -0.684     0.605     0.407
 7     0.292    -0.284     0.913
 8   123.355   -29.263    21.102
 8     0.650     0.680     0.339
 8     0.106    -0.523     0.846
 8     0.752    -0.514    -0.412
 9   142.009   -13.531    25.148
 9     0.695     0.231    -0.681
 9     0.711    -0.363     0.602
 9    -0.108    -0.903    -0.416
 2    96.992   -18.702    59.871
 2     0.390    -0.921     0.007
 2     0.919     0.390     0.051
 2    -0.050    -0.014     0.999
 3   123.082    -4.487     7.540
 3    -0.494    -0.095    -0.864
 3     0.110    -0.993     0.046
 3    -0.862    -0.073     0.501
 4   114.741    13.998    -7.465
 4     0.757    -0.631     0.169
 4     0.647     0.690    -0.323
 4     0.086     0.354     0.931
 5   119.197    23.853    17.345
 5     0.570    -0.538     0.621
 5     0.139    -0.682    -0.718
 5     0.810     0.495    -0.314
 6   138.356     8.086    21.043
 6     0.612     0.139    -0.778
 6    -0.759    -0.172    -0.628
 6    -0.221     0.975     0.000
 7   116.898   -24.483    -5.440
 7     0.664     0.747     0.014
 7    -0.684     0.601     0.413
 7     0.300    -0.285     0.910
 8   123.292   -29.172    21.215
 8     0.665     0.665     0.340
 8     0.106    -0.535     0.838
 8     0.739    -0.521    -0.427
 9   141.804   -13.409    24.488
 9     0.705     0.147    -0.694
 9     0.690    -0.367     0.623
 9    -0.163    -0.918    -0.360
 2    96.992   -18.753    59.870
 2     0.390    -0.921     0.007
 2     0.919     0.390     0.051
 2    -0.050    -0.014     0.998
 3   123.017    -4.602     7.448
 3    -0.506    -0.103    -0.856
 3     0.097    -0.993     0.062
 3    -0.857    -0.052     0.512
 4   114.829    13.916    -7.675
 4     0.760    -0.628     0.171
 4     0.645     0.695    -0.317
 4     0.080     0.351     0.933
 5   119.280    23.500    17.221
 5     0.569    -0.533     0.626
 5     0.130    -0.693    -0.709
 5     0.812     0.485    -0.326
 6   138.483     8.102    20.229
 6     0.622     0.183    -0.761
 6    -0.736    -0.193    -0.648
 6    -0.266     0.964     0.014
 7   116.696   -24.658    -5.384
 7     0.655     0.755     0.018
 7    -0.690     0.588     0.422
 7     0.308    -0.289     0.906
 8   122.777   -28.796    21.492
 8     0.676     0.643     0.359
 8     0.106    -0.567     0.817
 8     0.729    -0.514    -0.452
 9   141.620   -13.777    22.845
 9     0.725     0.057    -0.686
 9     0.650    -0.387     0.654
 9    -0.228    -0.920    -0.318
 2    97.017   -18.702    59.820
 2     0.390    -0.921     0.007
 2     0.919     0.390     0.051
 2    -0.050    -0.014     0.999
 3   122.992    -4.708     7.106
 3    -0.523    -0.113    -0.845
 3     0.084    -0.993     0.081
 3    -0.848    -0.029     0.529
 4   114.939    13.730    -8.058
 4     0.764    -0.622     0.173
 4     0.641     0.702    -0.311
 4     0.072     0.348     0.934
 5   119.238    23.098    16.864
 5     0.572    -0.510     0.642
 5     0.134    -0.714    -0.687
 5     0.809     0.479    -0.340
 6   138.471     8.199    19.051
 6     0.634     0.234    -0.737
 6    -0.709    -0.202    -0.675
 6    -0.307     0.951     0.038
 7   116.501   -24.783    -5.226
 7     0.641     0.766     0.029
 7    -0.698     0.568     0.435
 7     0.317    -0.299     0.900
 8   122.141   -28.617    21.906
 8     0.678     0.624     0.386
 8     0.099    -0.599     0.794
 8     0.728    -0.501    -0.468
 9   141.252   -14.180    22.615
 9     0.755    -0.007    -0.656
 9     0.598    -0.403     0.692
 9    -0.269    -0.915    -0.300
 2    96.992   -18.702    59.871
 2     0.390    -0.921     0.007
 2     0.919     0.390     0.051
 2    -0.050    -0.014     0.999
 3   122.984    -4.929     6.877
 3    -0.529    -0.122    -0.840
 3     0.077    -0.992     0.095
 3    -0.845    -0.014     0.534
 4   114.985    13.324    -8.478
 4     0.761    -0.626     0.169
 4     0.645     0.702    -0.301
 4     0.069     0.338     0.938
 5   118.665    22.634    16.582
 5     0.565    -0.479     0.672
 5     0.151    -0.741    -0.654
 5     0.811     0.471    -0.346
 6   138.229     8.873    17.898
 6     0.681     0.288    -0.673
 6    -0.655    -0.169    -0.736
 6    -0.326     0.942     0.074
 7   116.357   -25.110    -5.122
 7     0.627     0.777     0.038
 7    -0.707     0.548     0.447
 7     0.327    -0.308     0.893
 8   121.445   -28.570    22.135
 8     0.685     0.598     0.415
 8     0.088    -0.634     0.768
 8     0.723    -0.490    -0.487
 9   140.908   -15.342    22.078
 9     0.778    -0.071    -0.624
 9     0.547    -0.411     0.729
 9    -0.309    -0.909    -0.281
 2    97.017   -18.702    59.871
 2     0.390    -0.921     0.007
 2     0.919     0.389     0.051
 2    -0.050    -0.014     0.999
 3   122.877    -5.079     6.765
 3    -0.531    -0.124    -0.838
 3     0.072    -0.992     0.101
 3    -0.844    -0.007     0.536
 4   114.858    13.150    -8.758
 4     0.753    -0.636     0.170
 4     0.654     0.696    -0.295
 4     0.069     0.333     0.940
 5   118.138    22.470    16.439
 5     0.559    -0.455     0.693
 5     0.165    -0.758    -0.631
 5     0.812     0.467    -0.349
 6   137.912     9.326    17.469
 6     0.696     0.301    -0.652
 6    -0.632    -0.174    -0.755
 6    -0.341     0.937     0.069
 7   116.170   -25.287    -5.075
 7     0.621     0.782     0.047
 7    -0.710     0.537     0.455
 7     0.330    -0.317     0.889
 8   121.123   -28.623    22.248
 8     0.688     0.585     0.429
 8     0.081    -0.650     0.755
 8     0.721    -0.485    -0.495
 9   140.650   -15.589    21.905
 9     0.782    -0.094    -0.616
 9     0.531    -0.417     0.738
 9    -0.327    -0.904    -0.276
 2    97.017   -18.702    59.871
 2     0.390    -0.921     0.007
 2     0.919     0.390     0.051
 2    -0.050    -0.014     0.999
 3   122.867    -5.154     6.632
 3    -0.532    -0.128    -0.837
 3     0.068    -0.992     0.108
 3    -0.844     0.000     0.537
 4   114.749    13.020    -8.874
 4     0.751    -0.637     0.172
 4     0.656     0.696    -0.290
 4     0.065     0.331     0.941
 5   117.836    22.429    16.134
 5     0.551    -0.455     0.700
 5     0.169    -0.760    -0.627
 5     0.817     0.464    -0.342
 6   137.511     9.144    17.169
 6     0.693     0.302    -0.655
 6    -0.635    -0.175    -0.752
 6    -0.342     0.937     0.070
 7   115.851   -25.365    -5.019
 7     0.616     0.785     0.059
 7    -0.715     0.526     0.460
 7     0.330    -0.326     0.886
 8   120.821   -28.652    22.207
 8     0.690     0.577     0.436
 8     0.075    -0.657     0.750
 8     0.719    -0.485    -0.497
 9   140.268   -15.959    21.637
 9     0.781    -0.116    -0.614
 9     0.524    -0.412     0.745
 9    -0.340    -0.904    -0.261
 2    96.992   -18.702    59.871
 2     0.390    -0.921     0.006
 2     0.919     0.390     0.051
 2    -0.050    -0.014     0.999
 3   122.614    -5.253     6.572
 3    -0.533    -0.133    -0.835
 3     0.066    -0.991     0.115
 3    -0.843     0.006     0.537
 4   114.479    12.962    -9.027
 4     0.751    -0.635     0.178
 4     0.657     0.698    -0.284
 4     0.056     0.330     0.942
 5   117.670    22.433    16.072
 5     0.548    -0.454     0.702
 5     0.169    -0.761    -0.626
 5     0.819     0.462    -0.341
 6   137.254     9.011    17.005
 6     0.689     0.304    -0.657
 6    -0.636    -0.178    -0.750
 6    -0.346     0.936     0.071
 7   115.601   -25.417    -5.014
 7     0.616     0.785     0.065
 7    -0.716     0.523     0.462
 7     0.329    -0.332     0.884
 8   120.640   -28.577    22.317
 8     0.692     0.575     0.435
 8     0.076    -0.658     0.749
 8     0.717    -0.485    -0.500
 9   139.921   -15.899    21.223
 9     0.771    -0.139    -0.622
 9     0.528    -0.406     0.745
 9    -0.356    -0.903    -0.240
 2    96.992   -18.702    59.871
 2     0.390    -0.921     0.006
 2     0.919     0.390     0.051
 2    -0.050    -0.014     0.999
 3   122.475    -5.322     6.423
 3    -0.540    -0.137    -0.831
 3     0.065    -0.990     0.120
 3    -0.839     0.010     0.543
 4   114.233    12.902    -9.155
 4     0.753    -0.632     0.185
 4     0.657     0.700    -0.281
 4     0.047     0.333     0.941
 5   117.632    22.426    16.011
 5     0.552    -0.455     0.698
 5     0.167    -0.760    -0.628
 5     0.816     0.464    -0.344
 6   137.020     8.771    16.700
 6     0.681     0.312    -0.662
 6    -0.642    -0.181    -0.745
 6    -0.352     0.933     0.077
 7   115.425   -25.467    -4.956
 7     0.620     0.781     0.071
 7    -0.713     0.523     0.466
 7     0.327    -0.340     0.881
 8   120.624   -28.580    22.390
 8     0.697     0.574     0.429
 8     0.080    -0.658     0.749
 8     0.712    -0.488    -0.505
 9   139.827   -15.684    20.908
 9     0.760    -0.156    -0.630
 9     0.533    -0.405     0.743
 9    -0.371    -0.901    -0.224
 2    96.992   -18.702    59.871
 2     0.390    -0.921     0.007
 2     0.919     0.390     0.051
 2    -0.050    -0.014     0.999
 3   122.304    -5.418     6.253
 3    -0.545    -0.139    -0.827
 3     0.063    -0.990     0.124
 3    -0.836     0.015     0.548
 4   113.990    12.819    -9.260
 4     0.754    -0.629     0.191
 4     0.656     0.702    -0.277
 4     0.039     0.334     0.941
 5   117.624    22.371    15.869
 5     0.556    -0.456     0.694
 5     0.167    -0.757    -0.632
 5     0.814     0.467    -0.345
 6   136.920     8.535    16.413
 6     0.674     0.320    -0.666
 6    -0.648    -0.177    -0.741
 6    -0.355     0.931     0.088
 7   115.257   -25.541    -4.884
 7     0.619     0.782     0.075
 7    -0.713     0.519     0.470
 7     0.329    -0.345     0.879
 8   120.541   -28.581    22.480
 8     0.700     0.569     0.430
 8     0.081    -0.662     0.745
 8     0.709    -0.487    -0.510
 9   139.795   -15.763    20.793
 9     0.760    -0.159    -0.630
 9     0.531    -0.407     0.743
 9    -0.375    -0.899    -0.225
 2    97.017   -18.702    59.820
 2     0.390    -0.921     0.007
 2     0.919     0.390     0.051
 2    -0.050    -0.014     0.999
 3   122.232    -5.414     6.216
 3    -0.548    -0.140    -0.825
 3     0.061    -0.990     0.128
 3    -0.834     0.019     0.551
 4   113.932    12.662    -9.325
 4     0.755    -0.626     0.194
 4     0.654     0.704    -0.274
 4     0.035     0.334     0.942
 5   117.566    22.369    15.753
 5     0.558    -0.456     0.693
 5     0.169    -0.756    -0.633
 5     0.812     0.470    -0.345
 6   136.854     8.405    16.197
 6     0.670     0.331    -0.665
 6    -0.653    -0.165    -0.740
 6    -0.355     0.929     0.106
 7   114.991   -25.667    -4.735
 7     0.617     0.783     0.081
 7    -0.714     0.513     0.476
 7     0.331    -0.352     0.875
 8   120.383   -28.481    22.625
 8     0.705     0.563     0.432
 8     0.082    -0.669     0.739
 8     0.705    -0.485    -0.518
 9   139.589   -15.777    20.785
 9     0.757    -0.176    -0.629
 9     0.524    -0.411     0.746
 9    -0.389    -0.895    -0.219
 2    97.017   -18.753    59.820
 2     0.390    -0.921     0.007
 2     0.919     0.390     0.051
 2    -0.050    -0.014     0.998
 3   122.082    -5.537     6.050
 3    -0.552    -0.145    -0.821
 3     0.059    -0.989     0.135
 3    -0.832     0.025     0.554
 4   113.871    12.582    -9.412
 4     0.756    -0.624     0.197
 4     0.654     0.706    -0.271
 4     0.030     0.334     0.942
 5   117.558    22.340    15.688
 5     0.560    -0.454     0.692
 5     0.170    -0.755    -0.633
 5     0.810     0.473    -0.346
 6   136.720     8.215    15.661
 6     0.664     0.360    -0.655
 6    -0.652    -0.148    -0.743
 6    -0.365     0.921     0.137
 7   114.821   -25.820    -4.659
 7     0.613     0.785     0.086
 7    -0.716     0.507     0.479
 7     0.332    -0.356     0.873
 8   120.171   -28.537    22.806
 8     0.711     0.550     0.438
 8     0.077    -0.680     0.729
 8     0.699    -0.484    -0.526
 9   139.242   -16.137    20.224
 9     0.750    -0.221    -0.624
 9     0.515    -0.397     0.759
 9    -0.415    -0.891    -0.184
 2    97.017   -18.702    59.871
 2     0.390    -0.921     0.006
 2     0.919     0.390     0.051
 2    -0.050    -0.014     0.998
 3   122.090    -5.607     5.957
 3    -0.556    -0.149    -0.818
 3     0.059    -0.988     0.140
 3    -0.829     0.029     0.558
 4   113.741    12.479    -9.458
 4     0.755    -0.625     0.200
 4     0.655     0.705    -0.271
 4     0.028     0.335     0.941
 5   117.522    22.102    15.620
 5     0.571    -0.441     0.692
 5     0.173    -0.760    -0.627
 5     0.802     0.478    -0.357
 6   136.697     8.327    15.205
 6     0.665     0.410    -0.624
 6    -0.641    -0.115    -0.759
 6    -0.383     0.904     0.186
 7   114.704   -25.896    -4.662
 7     0.609     0.788     0.093
 7    -0.720     0.499     0.482
 7     0.334    -0.361     0.871
 8   120.058   -28.493    22.834
 8     0.717     0.537     0.444
 8     0.071    -0.690     0.720
 8     0.693    -0.485    -0.533
 9   139.072   -16.513    19.913
 9     0.747    -0.254    -0.614
 9     0.505    -0.383     0.773
 9    -0.431    -0.888    -0.158
 2    97.017   -18.702    59.871
 2     0.390    -0.921     0.007
 2     0.919     0.390     0.051
 2    -0.050    -0.014     0.999
 3   122.106    -5.753     5.810
 3    -0.562    -0.154    -0.813
 3     0.062    -0.987     0.145
 3    -0.825     0.031     0.564
 4   113.612    12.454    -9.412
 4     0.753    -0.624     0.206
 4     0.657     0.701    -0.277
 4     0.028     0.344     0.938
 5   117.765    21.906    15.671
 5     0.590    -0.424     0.687
 5     0.171    -0.766    -0.620
 5     0.789     0.483    -0.380
 6   136.853     8.486    14.362
 6     0.668     0.462    -0.583
 6    -0.622    -0.084    -0.778
 6    -0.409     0.883     0.231
 7   114.401   -25.953    -4.648
 7     0.603     0.791     0.103
 7    -0.726     0.490     0.482
 7     0.331    -0.365     0.870
 8   119.957   -28.477    22.883
 8     0.728     0.518     0.448
 8     0.064    -0.702     0.709
 8     0.682    -0.488    -0.545
 9   138.955   -16.850    19.445
 9     0.746    -0.305    -0.593
 9     0.488    -0.356     0.797
 9    -0.454    -0.883    -0.117
 2    97.017   -18.702    59.871
 2     0.390    -0.921     0.007
 2     0.919     0.390     0.051
 2    -0.050    -0.014     0.999
 3   122.009    -5.919     5.548
 3    -0.572    -0.164    -0.804
 3     0.067    -0.986     0.154
 3    -0.818     0.033     0.574
 4   113.605    12.400    -9.460
 4     0.756    -0.619     0.213
 4     0.654     0.701    -0.283
 4     0.026     0.353     0.935
 5   117.803    21.800    15.633
 5     0.594    -0.422     0.685
 5     0.169    -0.766    -0.620
 5     0.786     0.484    -0.384
 6   136.971     8.493    14.111
 6     0.673     0.477    -0.565
 6    -0.619    -0.056    -0.784
 6    -0.406     0.877     0.258
 7   114.123   -25.959    -4.634
 7     0.597     0.794     0.113
 7    -0.732     0.482     0.482
 7     0.328    -0.371     0.869
 8   119.795   -28.508    22.808
 8     0.734     0.506     0.451
 8     0.059    -0.711     0.700
 8     0.676    -0.488    -0.552
 9   138.888   -17.164    19.230
 9     0.747    -0.322    -0.581
 9     0.481    -0.342     0.807
 9    -0.459    -0.883    -0.101
 2    96.992   -18.702    59.871
 2     0.390    -0.921     0.006
 2     0.919     0.390     0.051
 2    -0.050    -0.014     0.999
 3   121.950    -6.040     5.350
 3    -0.576    -0.173    -0.799
 3     0.071    -0.984     0.161
 3    -0.814     0.036     0.579
 4   113.498    12.348    -9.529
 4     0.755    -0.620     0.216
 4     0.656     0.700    -0.282
 4     0.023     0.354     0.935
 5   117.581    21.734    15.612
 5     0.590    -0.405     0.698
 5     0.175    -0.780    -0.601
 5     0.788     0.476    -0.390
 6   136.883     8.555    14.170
 6     0.683     0.480    -0.550
 6    -0.610    -0.038    -0.791
 6    -0.401     0.876     0.266
 7   113.998   -26.012    -4.679
 7     0.594     0.795     0.120
 7    -0.735     0.476     0.483
 7     0.327    -0.375     0.867
 8   119.661   -28.510    22.881
 8     0.739     0.497     0.455
 8     0.059    -0.720     0.691
 8     0.671    -0.484    -0.561
 9   138.833   -17.270    19.113
 9     0.748    -0.328    -0.577
 9     0.475    -0.340     0.811
 9    -0.462    -0.881    -0.099
 2    97.017   -18.753    59.820
 2     0.390    -0.921     0.007
 2     0.919     0.390     0.051
 2    -0.050    -0.014     0.998
 3   121.919    -6.083     5.200
 3    -0.583    -0.176    -0.793
 3     0.074    -0.984     0.164
 3    -0.809     0.037     0.587
 4   113.275    12.264    -9.684
 4     0.753    -0.618     0.225
 4     0.657     0.700    -0.278
 4     0.014     0.358     0.934
 5   117.523    21.578    15.490
 5     0.594    -0.401     0.698
 5     0.173    -0.783    -0.597
 5     0.786     0.475    -0.396
 6   136.588     8.496    13.914
 6     0.680     0.513    -0.523
 6    -0.609    -0.001    -0.793
 6    -0.408     0.858     0.312
 7   113.672   -26.143    -4.694
 7     0.590     0.797     0.128
 7    -0.739     0.469     0.484
 7     0.325    -0.381     0.866
 8   119.529   -28.511    22.842
 8     0.742     0.494     0.453
 8     0.061    -0.723     0.688
 8     0.668    -0.483    -0.567
 9   138.604   -17.334    18.782
 9     0.747    -0.349    -0.566
 9     0.470    -0.326     0.820
 9    -0.471    -0.879    -0.079
 2    97.017   -18.753    59.820
 2     0.390    -0.921     0.007
 2     0.919     0.390     0.051
 2    -0.050    -0.014     0.998
 3   121.818    -6.302     4.893
 3    -0.590    -0.185    -0.786
 3     0.079    -0.982     0.172
 3    -0.803     0.039     0.594
 4   113.035    12.107    -9.720
 4     0.751    -0.618     0.232
 4     0.660     0.699    -0.275
 4     0.008     0.360     0.933
 5   117.261    21.455    15.441
 5     0.593    -0.385     0.707
 5     0.181    -0.792    -0.583
 5     0.784     0.473    -0.401
 6   136.518     8.449    13.836
 6     0.683     0.517    -0.516
 6    -0.606     0.008    -0.795
 6    -0.407     0.856     0.319
 7   113.257   -26.373    -4.666
 7     0.583     0.799     0.143
 7    -0.744     0.456     0.489
 7     0.326    -0.392     0.860
 8   119.191   -28.563    22.974
 8     0.747     0.484     0.455
 8     0.063    -0.734     0.676
 8     0.661    -0.476    -0.579
 9   138.256   -17.575    18.627
 9     0.746    -0.368    -0.555
 9     0.462    -0.314     0.829
 9    -0.479    -0.875    -0.064
 2    96.992   -18.702    59.871
 2     0.390    -0.921     0.007
 2     0.919     0.390     0.051
 2    -0.050    -0.014     0.998
 3   121.647    -6.477     4.779
 3    -0.594    -0.192    -0.782
 3     0.080    -0.980     0.180
 3    -0.801     0.044     0.597
 4   112.716    11.974    -9.749
 4     0.748    -0.619     0.239
 4     0.663     0.698    -0.270
 4     0.000     0.360     0.933
 5   117.073    21.453    15.328
 5     0.596    -0.378     0.708
 5     0.187    -0.793    -0.580
 5     0.781     0.478    -0.402
 6   136.423     8.603    13.619
 6     0.686     0.529    -0.500
 6    -0.602     0.028    -0.798
 6    -0.408     0.848     0.338
 7   113.087   -26.549    -4.566
 7     0.583     0.798     0.148
 7    -0.743     0.451     0.494
 7     0.327    -0.398     0.857
 8   119.107   -28.511    23.066
 8     0.750     0.483     0.451
 8     0.071    -0.738     0.671
 8     0.657    -0.472    -0.588
 9   138.152   -17.535    18.372
 9     0.740    -0.382    -0.554
 9     0.463    -0.308     0.831
 9    -0.488    -0.871    -0.051
 2    96.992   -18.702    59.871
 2     0.390    -0.921     0.007
 2     0.919     0.390     0.051
 2    -0.050    -0.014     0.999
 3   121.507    -6.648     4.632
 3    -0.598    -0.195    -0.777
 3     0.079    -0.980     0.184
 3    -0.797     0.048     0.601
 4   112.548    11.736    -9.800
 4     0.752    -0.612     0.245
 4     0.659     0.703    -0.267
 4    -0.009     0.362     0.932
 5   117.431    21.200    15.135
 5     0.614    -0.387     0.687
 5     0.178    -0.781    -0.599
 5     0.769     0.490    -0.411
 6   136.294     7.894    12.875
 6     0.665     0.560    -0.495
 6    -0.618     0.040    -0.785
 6    -0.420     0.827     0.372
 7   112.794   -26.675    -4.439
 7     0.582     0.798     0.156
 7    -0.744     0.444     0.499
 7     0.328    -0.406     0.852
 8   119.045   -28.564    23.137
 8     0.754     0.478     0.450
 8     0.073    -0.742     0.666
 8     0.652    -0.470    -0.594
 9   137.965   -17.668    18.359
 9     0.740    -0.391    -0.547
 9     0.459    -0.302     0.835
 9    -0.492    -0.869    -0.044
 2    97.017   -18.702    59.871
 2     0.390    -0.921     0.007
 2     0.919     0.390     0.051
 2    -0.050    -0.014     0.999
 3   121.335    -6.901     4.548
 3    -0.599    -0.203    -0.774
 3     0.082    -0.978     0.192
 3    -0.796     0.052     0.603
 4   112.459    11.525    -9.831
 4     0.757    -0.604     0.249
 4     0.653     0.709    -0.266
 4    -0.016     0.364     0.931
 5   117.448    21.171    15.093
 5     0.616    -0.388     0.685
 5     0.178    -0.779    -0.601
 5     0.767     0.492    -0.412
 6   136.296     7.817    12.800
 6     0.663     0.562    -0.495
 6    -0.619     0.040    -0.784
 6    -0.420     0.826     0.374
 7   112.355   -26.906    -4.261
 7     0.573     0.802     0.168
 7    -0.750     0.430     0.502
 7     0.330    -0.414     0.848
 8   118.616   -28.669    23.410
 8     0.758     0.463     0.459
 8     0.065    -0.754     0.654
 8     0.648    -0.466    -0.602
 9   137.833   -18.082    18.275
 9     0.743    -0.401    -0.536
 9     0.447    -0.298     0.843
 9    -0.497    -0.866    -0.042
 2    96.992   -18.753    59.870
 2     0.390    -0.921     0.007
 2     0.919     0.390     0.051
 2    -0.050    -0.014     0.999
 3   121.262    -7.128     4.489
 3    -0.601    -0.209    -0.772
 3     0.083    -0.976     0.200
 3    -0.795     0.056     0.604
 4   112.347    11.366    -9.891
 4     0.759    -0.599     0.253
 4     0.650     0.712    -0.264
 4    -0.022     0.365     0.930
 5   117.445    21.068    14.997
 5     0.618    -0.389     0.684
 5     0.178    -0.778    -0.603
 5     0.766     0.494    -0.412
 6   136.297     7.714    12.751
 6     0.662     0.561    -0.496
 6    -0.621     0.040    -0.783
 6    -0.420     0.826     0.375
 7   112.183   -27.032    -4.132
 7     0.573     0.801     0.173
 7    -0.750     0.428     0.504
 7     0.330    -0.419     0.846
 8   118.628   -28.673    23.482
 8     0.763     0.458     0.456
 8     0.065    -0.756     0.651
 8     0.643    -0.467    -0.607
 9   137.816   -18.217    18.175
 9     0.742    -0.409    -0.531
 9     0.441    -0.299     0.846
 9    -0.505    -0.862    -0.041
 2    97.017   -18.753    59.820
 2     0.390    -0.921     0.007
 2     0.919     0.390     0.051
 2    -0.050    -0.014     0.998
 3   121.214    -7.251     4.428
 3    -0.603    -0.211    -0.769
 3     0.081    -0.976     0.204
 3    -0.793     0.060     0.606
 4   112.339    11.183    -9.977
 4     0.763    -0.594     0.255
 4     0.646     0.717    -0.262
 4    -0.027     0.364     0.931
 5   117.757    20.827    14.800
 5     0.625    -0.400     0.671
 5     0.173    -0.767    -0.618
 5     0.761     0.502    -0.410
 6   136.304     7.353    12.481
 6     0.652     0.566    -0.504
 6    -0.631     0.037    -0.775
 6    -0.420     0.823     0.381
 7   112.055   -27.034    -4.073
 7     0.573     0.799     0.178
 7    -0.750     0.426     0.505
 7     0.328    -0.424     0.844
 8   118.670   -28.675    23.545
 8     0.766     0.455     0.454
 8     0.065    -0.757     0.650
 8     0.640    -0.468    -0.609
 9   137.752   -18.350    18.067
 9     0.739    -0.416    -0.529
 9     0.438    -0.299     0.848
 9    -0.511    -0.859    -0.039
 2    96.992   -18.753    59.870
 2     0.390    -0.921     0.006
 2     0.919     0.390     0.051
 2    -0.050    -0.014     0.999
 3   121.163    -7.378     4.425
 3    -0.604    -0.214    -0.768
 3     0.081    -0.975     0.208
 3    -0.793     0.063     0.606
 4   112.335    11.104   -10.022
 4     0.765    -0.592     0.255
 4     0.644     0.719    -0.261
 4    -0.029     0.364     0.931
 5   117.761    20.828    14.771
 5     0.624    -0.401     0.670
 5     0.172    -0.766    -0.619
 5     0.762     0.502    -0.409
 6   136.368     7.050    12.470
 6     0.648     0.564    -0.512
 6    -0.639     0.036    -0.769
 6    -0.415     0.825     0.383
 7   112.059   -27.160    -4.025
 7     0.572     0.800     0.180
 7    -0.751     0.423     0.506
 7     0.329    -0.425     0.843
 8   118.670   -28.675    23.596
 8     0.766     0.455     0.454
 8     0.065    -0.758     0.649
 8     0.640    -0.468    -0.610
 9   137.647   -18.531    17.972
 9     0.739    -0.420    -0.526
 9     0.436    -0.297     0.849
 9    -0.513    -0.857    -0.037
 2    97.017   -18.702    59.871
 2     0.390    -0.921     0.006
 2     0.919     0.390     0.051
 2    -0.050    -0.014     0.999
 3   121.135    -7.428     4.372
 3    -0.604    -0.216    -0.767
 3     0.080    -0.974     0.211
 3    -0.793     0.066     0.606
 4   112.331    11.102   -10.041
 4     0.765    -0.590     0.256
 4     0.643     0.721    -0.259
 4    -0.031     0.363     0.931
 5   117.711    20.828    14.720
 5     0.624    -0.400     0.671
 5     0.174    -0.766    -0.619
 5     0.762     0.503    -0.408
 6   136.371     7.000    12.392
 6     0.647     0.564    -0.513
 6    -0.640     0.036    -0.767
 6    -0.414     0.825     0.384
 7   111.887   -27.134    -3.951
 7     0.571     0.800     0.183
 7    -0.752     0.420     0.508
 7     0.330    -0.427     0.842
 8   118.492   -28.677    23.685
 8     0.768     0.446     0.458
 8     0.061    -0.764     0.642
 8     0.637    -0.465    -0.615
 9   137.590   -18.536    17.935
 9     0.739    -0.424    -0.524
 9     0.432    -0.298     0.851
 9    -0.517    -0.855    -0.037
 2    97.017   -18.753    59.870
 2     0.390    -0.921     0.006
 2     0.919     0.390     0.051
 2    -0.050    -0.014     0.999
 3   121.142    -7.423     4.333
 3    -0.607    -0.217    -0.764
 3     0.079    -0.974     0.213
 3    -0.790     0.069     0.608
 4   112.143    10.995   -10.075
 4     0.764    -0.590     0.260
 4     0.643     0.721    -0.256
 4    -0.037     0.363     0.931
 5   117.579    20.933    14.669
 5     0.623    -0.390     0.677
 5     0.180    -0.772    -0.610
 5     0.761     0.502    -0.411
 6   136.316     7.100    12.346
 6     0.647     0.565    -0.511
 6    -0.638     0.035    -0.769
 6    -0.416     0.824     0.383
 7   111.707   -27.139    -3.833
 7     0.569     0.800     0.191
 7    -0.755     0.416     0.507
 7     0.326    -0.433     0.840
 8   118.479   -28.631    23.655
 8     0.772     0.441     0.457
 8     0.058    -0.766     0.640
 8     0.632    -0.468    -0.618
 9   137.553   -18.721    17.777
 9     0.738    -0.432    -0.517
 9     0.425    -0.296     0.855
 9    -0.523    -0.852    -0.035
 2    96.992   -18.753    59.870
 2     0.390    -0.921     0.006
 2     0.919     0.390     0.051
 2    -0.050    -0.014     0.998
 3   120.945    -7.515     4.126
 3    -0.617    -0.222    -0.755
 3     0.085    -0.972     0.216
 3    -0.783     0.069     0.618
 4   111.948    11.037   -10.157
 4     0.767    -0.582     0.268
 4     0.640     0.724    -0.257
 4    -0.045     0.369     0.928
 5   117.751    20.737    14.626
 5     0.636    -0.396     0.661
 5     0.165    -0.768    -0.619
 5     0.753     0.503    -0.424
 6   136.175     6.846    11.877
 6     0.634     0.579    -0.513
 6    -0.640     0.019    -0.769
 6    -0.435     0.815     0.382
 7   111.374   -27.146    -3.940
 7     0.564     0.800     0.203
 7    -0.760     0.408     0.505
 7     0.321    -0.440     0.839
 8   118.339   -28.639    23.554
 8     0.778     0.431     0.457
 8     0.051    -0.769     0.637
 8     0.626    -0.473    -0.620
 9   137.382   -18.960    17.400
 9     0.736    -0.444    -0.511
 9     0.419    -0.295     0.859
 9    -0.532    -0.846    -0.031
 2    97.017   -18.702    59.871
 2     0.390    -0.921     0.007
 2     0.919     0.390     0.051
 2    -0.050    -0.014     0.998
 3   120.960    -7.509     4.058
 3    -0.620    -0.227    -0.751
 3     0.088    -0.971     0.220
 3    -0.779     0.070     0.623
 4   111.894    11.035   -10.151
 4     0.767    -0.581     0.271
 4     0.639     0.725    -0.257
 4    -0.047     0.370     0.928
 5   117.670    20.737    14.628
 5     0.637    -0.391     0.665
 5     0.168    -0.771    -0.614
 5     0.752     0.502    -0.426
 6   136.093     6.892    11.714
 6     0.632     0.584    -0.510
 6    -0.639     0.019    -0.769
 6    -0.439     0.811     0.385
 7   111.302   -27.171    -3.942
 7     0.562     0.801     0.205
 7    -0.762     0.405     0.505
 7     0.322    -0.440     0.838
 8   118.168   -28.637    23.600
 8     0.777     0.430     0.459
 8     0.051    -0.770     0.635
 8     0.627    -0.471    -0.621
 9   137.353   -19.064    17.407
 9     0.736    -0.448    -0.507
 9     0.415    -0.293     0.861
 9    -0.534    -0.845    -0.030
 2    97.017   -18.702    59.871
 2     0.390    -0.921     0.007
 2     0.919     0.390     0.051
 2    -0.050    -0.014     0.998
 3   120.865    -7.557     3.947
 3    -0.623    -0.228    -0.748
 3     0.088    -0.971     0.222
 3    -0.777     0.072     0.625
 4   111.704    10.929   -10.161
 4     0.766    -0.581     0.277
 4     0.641     0.724    -0.255
 4    -0.053     0.372     0.926
 5   117.565    20.739    14.579
 5     0.637    -0.383     0.669
 5     0.172    -0.775    -0.608
 5     0.751     0.503    -0.428
 6   136.090     6.916    11.666
 6     0.632     0.584    -0.508
 6    -0.638     0.020    -0.770
 6    -0.440     0.811     0.385
 7   111.154   -27.171    -3.916
 7     0.562     0.800     0.208
 7    -0.762     0.403     0.507
 7     0.322    -0.443     0.837
 8   118.233   -28.691    23.617
 8     0.781     0.426     0.457
 8     0.050    -0.772     0.633
 8     0.623    -0.472    -0.624
 9   137.234   -19.200    17.230
 9     0.733    -0.456    -0.504
 9     0.411    -0.293     0.863
 9    -0.542    -0.840    -0.027
 2    97.017   -18.702    59.871
 2     0.390    -0.921     0.007
 2     0.919     0.390     0.051
 2    -0.050    -0.014     0.999
 3   120.795    -7.554     3.913
 3    -0.626    -0.228    -0.745
 3     0.088    -0.971     0.223
 3    -0.775     0.074     0.628
 4   111.679    10.929   -10.136
 4     0.766    -0.580     0.277
 4     0.641     0.724    -0.255
 4    -0.053     0.373     0.926
 5   117.615    20.739    14.579
 5     0.637    -0.383     0.668
 5     0.172    -0.775    -0.608
 5     0.751     0.503    -0.428
 6   136.088     6.916    11.618
 6     0.632     0.586    -0.507
 6    -0.637     0.020    -0.770
 6    -0.441     0.810     0.386
 7   111.205   -27.222    -3.915
 7     0.561     0.801     0.209
 7    -0.763     0.402     0.506
 7     0.322    -0.444     0.836
 8   118.158   -28.692    23.617
 8     0.780     0.425     0.458
 8     0.049    -0.773     0.633
 8     0.623    -0.472    -0.624
 9   137.159   -19.124    17.255
 9     0.733    -0.457    -0.504
 9     0.411    -0.292     0.863
 9    -0.542    -0.840    -0.027
 2    97.017   -18.702    59.871
 2     0.390    -0.921     0.007
 2     0.919     0.389     0.051
 2    -0.050    -0.014     0.999
 3   120.823    -7.630     3.913
 3    -0.625    -0.232    -0.745
 3     0.090    -0.970     0.225
 3    -0.775     0.073     0.627
 4   111.807    10.980   -10.164
 4     0.767    -0.579     0.276
 4     0.639     0.725    -0.255
 4    -0.052     0.372     0.927
 5   117.623    20.740    14.520
 5     0.635    -0.387     0.669
 5     0.170    -0.774    -0.609
 5     0.753     0.501    -0.426
 6   136.039     6.915    11.620
 6     0.631     0.586    -0.508
 6    -0.638     0.021    -0.770
 6    -0.441     0.810     0.387
 7   111.132   -27.173    -3.942
 7     0.557     0.804     0.208
 7    -0.765     0.398     0.506
 7     0.323    -0.441     0.837
 8   117.947   -28.766    23.546
 8     0.777     0.426     0.464
 8     0.045    -0.772     0.634
 8     0.628    -0.472    -0.619
 9   137.166   -19.147    17.245
 9     0.735    -0.455    -0.503
 9     0.411    -0.290     0.864
 9    -0.539    -0.842    -0.026
 2    96.992   -18.702    59.871
 2     0.390    -0.921     0.007
 2     0.919     0.390     0.051
 2    -0.050    -0.014     0.998
 3   120.816    -7.559     3.950
 3    -0.621    -0.235    -0.747
 3     0.093    -0.969     0.228
 3    -0.778     0.072     0.624
 4   112.070    11.086   -10.175
 4     0.769    -0.580     0.269
 4     0.638     0.726    -0.256
 4    -0.047     0.368     0.928
 5   117.646    20.826    14.544
 5     0.628    -0.389     0.674
 5     0.171    -0.776    -0.607
 5     0.759     0.496    -0.421
 6   136.048     6.920    11.778
 6     0.633     0.580    -0.513
 6    -0.639     0.018    -0.769
 6    -0.436     0.815     0.382
 7   111.136   -27.098    -3.948
 7     0.552     0.807     0.207
 7    -0.768     0.396     0.504
 7     0.325    -0.437     0.838
 8   117.836   -28.688    23.526
 8     0.773     0.428     0.468
