% Calibrated with leiden_pols
% Positions are in centimeters
Data =[
 2    97.017   -18.702    59.871
 2     0.390    -0.921     0.006
 2     0.919     0.389     0.051
 2    -0.050    -0.014     0.999
 3   123.177    -4.320     7.878
 3    -0.484    -0.089    -0.870
 3     0.114    -0.993     0.038
 3    -0.867    -0.081     0.491
 4   114.868    14.189    -7.147
 4     0.752    -0.638     0.163
 4     0.651     0.683    -0.330
 4     0.099     0.355     0.930
 5   119.330    24.332    17.818
 5     0.567    -0.557     0.607
 5     0.143    -0.659    -0.738
 5     0.811     0.505    -0.294
 6   138.240     7.690    21.862
 6     0.587     0.100    -0.804
 6    -0.786    -0.168    -0.595
 6    -0.194     0.980    -0.020
 7   117.334   -24.359    -5.406
 7     0.667     0.745     0.009
 7    -0.684     0.607     0.404
 7     0.296    -0.276     0.914
 8   123.321   -29.200    21.196
 8     0.636     0.691     0.343
 8     0.109    -0.520     0.847
 8     0.764    -0.501    -0.406
 9   141.986   -13.510    25.698
 9     0.691     0.263    -0.673
 9     0.718    -0.360     0.596
 9    -0.086    -0.895    -0.438
 2    97.017   -18.702    59.871
 2     0.390    -0.921     0.006
 2     0.919     0.389     0.051
 2    -0.050    -0.014     0.999
 3   123.175    -4.320     7.826
 3    -0.486    -0.089    -0.870
 3     0.114    -0.993     0.038
 3    -0.867    -0.080     0.492
 4   114.864    14.161    -7.192
 4     0.753    -0.637     0.164
 4     0.650     0.685    -0.329
 4     0.097     0.354     0.930
 5   119.326    24.331    17.723
 5     0.568    -0.557     0.606
 5     0.145    -0.657    -0.740
 5     0.810     0.508    -0.293
 6   138.244     7.690    21.811
 6     0.585     0.102    -0.804
 6    -0.787    -0.165    -0.594
 6    -0.193     0.981    -0.016
 7   117.282   -24.384    -5.428
 7     0.668     0.744     0.010
 7    -0.683     0.607     0.405
 7     0.295    -0.278     0.914
 8   123.317   -29.251    21.200
 8     0.637     0.690     0.342
 8     0.109    -0.520     0.847
 8     0.763    -0.502    -0.407
 9   142.033   -13.511    25.624
 9     0.690     0.261    -0.674
 9     0.718    -0.360     0.595
 9    -0.087    -0.896    -0.436
 2    97.017   -18.702    59.871
 2     0.390    -0.921     0.007
 2     0.919     0.389     0.051
 2    -0.050    -0.014     0.999
 3   123.178    -4.394     7.821
 3    -0.486    -0.090    -0.869
 3     0.113    -0.993     0.039
 3    -0.866    -0.080     0.493
 4   114.858    14.108    -7.234
 4     0.754    -0.635     0.165
 4     0.649     0.686    -0.327
 4     0.094     0.354     0.930
 5   119.372    24.330    17.677
 5     0.569    -0.557     0.605
 5     0.146    -0.656    -0.740
 5     0.809     0.509    -0.293
 6   138.296     7.638    21.688
 6     0.584     0.106    -0.805
 6    -0.789    -0.162    -0.593
 6    -0.193     0.981    -0.011
 7   117.181   -24.436    -5.425
 7     0.668     0.744     0.012
 7    -0.683     0.607     0.405
 7     0.294    -0.279     0.914
 8   123.363   -29.252    21.205
 8     0.638     0.690     0.341
 8     0.110    -0.520     0.847
 8     0.762    -0.503    -0.408
 9   141.981   -13.562    25.576
 9     0.690     0.260    -0.675
 9     0.718    -0.360     0.595
 9    -0.088    -0.896    -0.435
 2    96.992   -18.753    59.870
 2     0.390    -0.921     0.006
 2     0.919     0.390     0.051
 2    -0.050    -0.014     0.999
 3   123.177    -4.394     7.769
 3    -0.487    -0.090    -0.869
 3     0.113    -0.993     0.039
 3    -0.866    -0.079     0.494
 4   114.801    14.054    -7.302
 4     0.755    -0.634     0.168
 4     0.649     0.687    -0.326
 4     0.091     0.354     0.930
 5   119.418    24.328    17.607
 5     0.571    -0.557     0.604
 5     0.146    -0.655    -0.741
 5     0.808     0.511    -0.293
 6   138.297     7.689    21.613
 6     0.583     0.108    -0.805
 6    -0.789    -0.160    -0.593
 6    -0.193     0.981    -0.008
 7   117.226   -24.386    -5.418
 7     0.670     0.742     0.013
 7    -0.683     0.608     0.404
 7     0.292    -0.280     0.914
 8   123.385   -29.304    21.108
 8     0.640     0.689     0.339
 8     0.109    -0.519     0.847
 8     0.761    -0.505    -0.408
 9   142.028   -13.563    25.502
 9     0.690     0.258    -0.677
 9     0.718    -0.359     0.595
 9    -0.089    -0.897    -0.433
 2    96.992   -18.753    59.870
 2     0.390    -0.921     0.006
 2     0.919     0.390     0.051
 2    -0.050    -0.014     0.999
 3   123.180    -4.443     7.763
 3    -0.488    -0.091    -0.868
 3     0.113    -0.993     0.040
 3    -0.865    -0.078     0.495
 4   114.796    14.052    -7.348
 4     0.755    -0.633     0.169
 4     0.649     0.688    -0.324
 4     0.089     0.355     0.930
 5   119.439    24.326    17.613
 5     0.571    -0.556     0.604
 5     0.146    -0.655    -0.741
 5     0.807     0.512    -0.293
 6   138.348     7.689    21.513
 6     0.583     0.110    -0.805
 6    -0.789    -0.159    -0.593
 6    -0.193     0.981    -0.006
 7   117.147   -24.388    -5.514
 7     0.670     0.742     0.015
 7    -0.683     0.608     0.404
 7     0.290    -0.281     0.914
 8   123.356   -29.305    21.062
 8     0.640     0.689     0.339
 8     0.110    -0.519     0.848
 8     0.760    -0.506    -0.408
 9   142.025   -13.615    25.403
 9     0.690     0.256    -0.677
 9     0.718    -0.358     0.596
 9    -0.090    -0.898    -0.431
 2    97.017   -18.702    59.871
 2     0.390    -0.921     0.006
 2     0.919     0.389     0.051
 2    -0.050    -0.014     0.999
 3   123.129    -4.392     7.738
 3    -0.489    -0.091    -0.868
 3     0.113    -0.993     0.041
 3    -0.865    -0.078     0.495
 4   114.720    14.000    -7.345
 4     0.756    -0.632     0.170
 4     0.648     0.689    -0.324
 4     0.088     0.355     0.930
 5   119.439    24.326    17.561
 5     0.572    -0.555     0.604
 5     0.146    -0.656    -0.741
 5     0.807     0.512    -0.294
 6   138.349     7.689    21.514
 6     0.583     0.111    -0.805
 6    -0.789    -0.158    -0.593
 6    -0.193     0.981    -0.004
 7   117.170   -24.388    -5.510
 7     0.670     0.741     0.016
 7    -0.683     0.609     0.404
 7     0.289    -0.282     0.915
 8   123.353   -29.306    21.042
 8     0.641     0.688     0.339
 8     0.109    -0.520     0.847
 8     0.759    -0.506    -0.408
 9   142.046   -13.617    25.332
 9     0.690     0.253    -0.677
 9     0.717    -0.359     0.597
 9    -0.092    -0.898    -0.430
 2    97.017   -18.702    59.871
 2     0.390    -0.921     0.006
 2     0.919     0.389     0.051
 2    -0.050    -0.014     0.999
 3   123.132    -4.390     7.681
 3    -0.490    -0.092    -0.866
 3     0.113    -0.993     0.042
 3    -0.864    -0.077     0.497
 4   114.745    14.000    -7.395
 4     0.757    -0.631     0.169
 4     0.648     0.689    -0.324
 4     0.088     0.355     0.931
 5   119.261    24.075    17.497
 5     0.572    -0.544     0.613
 5     0.143    -0.670    -0.728
 5     0.807     0.504    -0.306
 6   138.350     7.965    21.360
 6     0.595     0.124    -0.794
 6    -0.778    -0.161    -0.608
 6    -0.203     0.979     0.001
 7   117.103   -24.437    -5.518
 7     0.668     0.743     0.017
 7    -0.684     0.605     0.407
 7     0.292    -0.284     0.913
 8   123.355   -29.263    21.102
 8     0.650     0.680     0.339
 8     0.106    -0.523     0.846
 8     0.752    -0.514    -0.412
 9   142.009   -13.531    25.148
 9     0.695     0.231    -0.681
 9     0.711    -0.363     0.602
 9    -0.108    -0.903    -0.416
 2    96.992   -18.702    59.871
 2     0.390    -0.921     0.007
 2     0.919     0.390     0.051
 2    -0.050    -0.014     0.999
 3   123.082    -4.487     7.540
 3    -0.494    -0.095    -0.864
 3     0.110    -0.993     0.046
 3    -0.862    -0.073     0.501
 4   114.741    13.998    -7.465
 4     0.757    -0.631     0.169
 4     0.647     0.690    -0.323
 4     0.086     0.354     0.931
 5   119.197    23.853    17.345
 5     0.570    -0.538     0.621
 5     0.139    -0.682    -0.718
 5     0.810     0.495    -0.314
