% Calibrated with leiden_pols
% Positions are in centimeters
Data =[
 2   133.768    -3.653    14.581
 2     0.174     0.148    -0.974
 2    -0.984    -0.020    -0.179
 2    -0.046     0.989     0.142
 3   127.716    -3.379    12.446
 3    -0.198    -0.017    -0.980
 3     0.155    -0.988    -0.015
 3    -0.968    -0.155     0.198
 4     0.000     0.000     0.000
 4     1.000     0.000     0.000
 4     0.000     1.000     0.000
 4     0.000     0.000     1.000
 5     0.000     0.000     0.000
 5     1.000     0.000     0.000
 5     0.000     1.000     0.000
 5     0.000     0.000     1.000
 6     0.000     0.000     0.000
 6     1.000     0.000     0.000
 6     0.000     1.000     0.000
 6     0.000     0.000     1.000
 7     0.000     0.000     0.000
 7     1.000     0.000     0.000
 7     0.000     1.000     0.000
 7     0.000     0.000     1.000
 8     0.000     0.000     0.000
 8     1.000     0.000     0.000
 8     0.000     1.000     0.000
 8     0.000     0.000     1.000
 9     0.000     0.000     0.000
 9     1.000     0.000     0.000
 9     0.000     1.000     0.000
 9     0.000     0.000     1.000
 2     0.000     0.000     0.000
 2     1.000     0.000     0.000
 2     0.000     1.000     0.000
 2     0.000     0.000     1.000
 3     0.000     0.000     0.000
 3     1.000     0.000     0.000
 3     0.000     1.000     0.000
 3     0.000     0.000     1.000
 4   122.538    14.433    -6.891
 4     0.815    -0.579     0.026
 4     0.562     0.779    -0.279
 4     0.141     0.242     0.960
 5   132.886    22.873    17.424
 5     0.665    -0.667     0.334
 5     0.053    -0.404    -0.913
 5     0.744     0.625    -0.233
 6     0.000     0.000     0.000
 6     1.000     0.000     0.000
 6     0.000     1.000     0.000
 6     0.000     0.000     1.000
 7     0.000     0.000     0.000
 7     1.000     0.000     0.000
 7     0.000     1.000     0.000
 7     0.000     0.000     1.000
 8     0.000     0.000     0.000
 8     1.000     0.000     0.000
 8     0.000     1.000     0.000
 8     0.000     0.000     1.000
 9     0.000     0.000     0.000
 9     1.000     0.000     0.000
 9     0.000     1.000     0.000
 9     0.000     0.000     1.000
 2     0.000     0.000     0.000
 2     1.000     0.000     0.000
 2     0.000     1.000     0.000
 2     0.000     0.000     1.000
 3     0.000     0.000     0.000
 3     1.000     0.000     0.000
 3     0.000     1.000     0.000
 3     0.000     0.000     1.000
 4     0.000     0.000     0.000
 4     1.000     0.000     0.000
 4     0.000     1.000     0.000
 4     0.000     0.000     1.000
 5     0.000     0.000     0.000
 5     1.000     0.000     0.000
 5     0.000     1.000     0.000
 5     0.000     0.000     1.000
 6   153.373    17.190    31.771
 6     0.710    -0.188    -0.679
 6    -0.226     0.852    -0.472
 6     0.667     0.488     0.563
 7   125.578   -21.876    -4.828
 7     0.759     0.637    -0.135
 7    -0.596     0.763     0.249
 7     0.261    -0.109     0.959
 8     0.000     0.000     0.000
 8     1.000     0.000     0.000
 8     0.000     1.000     0.000
 8     0.000     0.000     1.000
 9     0.000     0.000     0.000
 9     1.000     0.000     0.000
 9     0.000     1.000     0.000
 9     0.000     0.000     1.000
 2     0.000     0.000     0.000
 2     1.000     0.000     0.000
 2     0.000     1.000     0.000
 2     0.000     0.000     1.000
 3     0.000     0.000     0.000
 3     1.000     0.000     0.000
 3     0.000     1.000     0.000
 3     0.000     0.000     1.000
 4     0.000     0.000     0.000
 4     1.000     0.000     0.000
 4     0.000     1.000     0.000
 4     0.000     0.000     1.000
 5     0.000     0.000     0.000
 5     1.000     0.000     0.000
 5     0.000     1.000     0.000
 5     0.000     0.000     1.000
 6     0.000     0.000     0.000
 6     1.000     0.000     0.000
 6     0.000     1.000     0.000
 6     0.000     0.000     1.000
 7     0.000     0.000     0.000
 7     1.000     0.000     0.000
 7     0.000     1.000     0.000
 7     0.000     0.000     1.000
 8   137.418   -25.749    19.896
 8     0.708     0.703     0.056
 8     0.168    -0.246     0.954
 8     0.685    -0.667    -0.292
 9   156.728   -16.330    33.159
 9     0.685     0.163    -0.710
 9     0.296     0.828     0.476
 9     0.665    -0.536     0.519
 2   133.841    -3.990    14.866
 2     0.045     0.213    -0.976
 2    -0.999     0.023    -0.041
 2     0.014     0.977     0.214
 3   127.871    -3.574    12.816
 3    -0.124    -0.036    -0.992
 3     0.180    -0.983     0.013
 3    -0.976    -0.177     0.129
 4     0.000     0.000     0.000
 4     1.000     0.000     0.000
 4     0.000     1.000     0.000
 4     0.000     0.000     1.000
 5     0.000     0.000     0.000
 5     1.000     0.000     0.000
 5     0.000     1.000     0.000
 5     0.000     0.000     1.000
 6     0.000     0.000     0.000
 6     1.000     0.000     0.000
 6     0.000     1.000     0.000
 6     0.000     0.000     1.000
 7     0.000     0.000     0.000
 7     1.000     0.000     0.000
 7     0.000     1.000     0.000
 7     0.000     0.000     1.000
 8     0.000     0.000     0.000
 8     1.000     0.000     0.000
 8     0.000     1.000     0.000
 8     0.000     0.000     1.000
 9     0.000     0.000     0.000
 9     1.000     0.000     0.000
 9     0.000     1.000     0.000
 9     0.000     0.000     1.000
 2     0.000     0.000     0.000
 2     1.000     0.000     0.000
 2     0.000     1.000     0.000
 2     0.000     0.000     1.000
 3     0.000     0.000     0.000
 3     1.000     0.000     0.000
 3     0.000     1.000     0.000
 3     0.000     0.000     1.000
 4   122.590    14.407    -6.889
 4     0.816    -0.577     0.023
 4     0.560     0.781    -0.276
 4     0.141     0.238     0.961
 5   132.864    22.796    17.379
 5     0.666    -0.670     0.328
 5     0.055    -0.394    -0.917
 5     0.744     0.629    -0.225
 6     0.000     0.000     0.000
 6     1.000     0.000     0.000
 6     0.000     1.000     0.000
 6     0.000     0.000     1.000
 7     0.000     0.000     0.000
 7     1.000     0.000     0.000
 7     0.000     1.000     0.000
 7     0.000     0.000     1.000
 8     0.000     0.000     0.000
 8     1.000     0.000     0.000
 8     0.000     1.000     0.000
 8     0.000     0.000     1.000
 9     0.000     0.000     0.000
 9     1.000     0.000     0.000
 9     0.000     1.000     0.000
 9     0.000     0.000     1.000
 2     0.000     0.000     0.000
 2     1.000     0.000     0.000
 2     0.000     1.000     0.000
 2     0.000     0.000     1.000
 3     0.000     0.000     0.000
 3     1.000     0.000     0.000
 3     0.000     1.000     0.000
 3     0.000     0.000     1.000
 4     0.000     0.000     0.000
 4     1.000     0.000     0.000
 4     0.000     1.000     0.000
 4     0.000     0.000     1.000
 5     0.000     0.000     0.000
 5     1.000     0.000     0.000
 5     0.000     1.000     0.000
 5     0.000     0.000     1.000
 6   153.425    17.166    31.670
 6     0.711    -0.188    -0.678
 6    -0.223     0.854    -0.470
 6     0.667     0.485     0.565
 7   125.508   -22.003    -4.757
 7     0.757     0.639    -0.135
 7    -0.598     0.761     0.250
 7     0.263    -0.109     0.958
 8     0.000     0.000     0.000
 8     1.000     0.000     0.000
 8     0.000     1.000     0.000
 8     0.000     0.000     1.000
 9     0.000     0.000     0.000
 9     1.000     0.000     0.000
 9     0.000     1.000     0.000
 9     0.000     0.000     1.000
 2     0.000     0.000     0.000
 2     1.000     0.000     0.000
 2     0.000     1.000     0.000
 2     0.000     0.000     1.000
 3     0.000     0.000     0.000
 3     1.000     0.000     0.000
 3     0.000     1.000     0.000
 3     0.000     0.000     1.000
 4     0.000     0.000     0.000
 4     1.000     0.000     0.000
 4     0.000     1.000     0.000
 4     0.000     0.000     1.000
 5     0.000     0.000     0.000
 5     1.000     0.000     0.000
 5     0.000     1.000     0.000
 5     0.000     0.000     1.000
 6     0.000     0.000     0.000
 6     1.000     0.000     0.000
 6     0.000     1.000     0.000
 6     0.000     0.000     1.000
 7     0.000     0.000     0.000
 7     1.000     0.000     0.000
 7     0.000     1.000     0.000
 7     0.000     0.000     1.000
 8   137.366   -25.799    19.926
 8     0.710     0.702     0.057
 8     0.169    -0.249     0.953
 8     0.684    -0.667    -0.295
 9   156.776   -16.559    33.292
 9     0.687     0.166    -0.708
 9     0.295     0.826     0.480
 9     0.664    -0.539     0.518
 2   133.324    -3.817    15.164
 2     0.150     0.275    -0.949
 2    -0.984    -0.055    -0.172
 2    -0.099     0.960     0.262
 3   127.628    -3.341    12.966
 3    -0.141    -0.007    -0.990
 3     0.164    -0.986    -0.017
 3    -0.976    -0.165     0.140
 4     0.000     0.000     0.000
 4     1.000     0.000     0.000
 4     0.000     1.000     0.000
 4     0.000     0.000     1.000
 5     0.000     0.000     0.000
 5     1.000     0.000     0.000
 5     0.000     1.000     0.000
 5     0.000     0.000     1.000
 6     0.000     0.000     0.000
 6     1.000     0.000     0.000
 6     0.000     1.000     0.000
 6     0.000     0.000     1.000
 7     0.000     0.000     0.000
 7     1.000     0.000     0.000
 7     0.000     1.000     0.000
 7     0.000     0.000     1.000
 8     0.000     0.000     0.000
 8     1.000     0.000     0.000
 8     0.000     1.000     0.000
 8     0.000     0.000     1.000
 9     0.000     0.000     0.000
 9     1.000     0.000     0.000
 9     0.000     1.000     0.000
 9     0.000     0.000     1.000
 2     0.000     0.000     0.000
 2     1.000     0.000     0.000
 2     0.000     1.000     0.000
 2     0.000     0.000     1.000
 3     0.000     0.000     0.000
 3     1.000     0.000     0.000
 3     0.000     1.000     0.000
 3     0.000     0.000     1.000
 4   122.544    14.306    -6.840
 4     0.817    -0.576     0.021
 4     0.558     0.782    -0.275
 4     0.142     0.236     0.961
 5   132.864    22.745    17.479
 5     0.665    -0.670     0.329
 5     0.055    -0.396    -0.917
 5     0.744     0.628    -0.227
 6     0.000     0.000     0.000
 6     1.000     0.000     0.000
 6     0.000     1.000     0.000
 6     0.000     0.000     1.000
 7     0.000     0.000     0.000
 7     1.000     0.000     0.000
 7     0.000     1.000     0.000
 7     0.000     0.000     1.000
 8     0.000     0.000     0.000
 8     1.000     0.000     0.000
 8     0.000     1.000     0.000
 8     0.000     0.000     1.000
 9     0.000     0.000     0.000
 9     1.000     0.000     0.000
 9     0.000     1.000     0.000
 9     0.000     0.000     1.000
 2     0.000     0.000     0.000
 2     1.000     0.000     0.000
 2     0.000     1.000     0.000
 2     0.000     0.000     1.000
 3     0.000     0.000     0.000
 3     1.000     0.000     0.000
 3     0.000     1.000     0.000
 3     0.000     0.000     1.000
 4     0.000     0.000     0.000
 4     1.000     0.000     0.000
 4     0.000     1.000     0.000
 4     0.000     0.000     1.000
 5     0.000     0.000     0.000
 5     1.000     0.000     0.000
 5     0.000     1.000     0.000
 5     0.000     0.000     1.000
 6   153.374    17.191    31.771
 6     0.711    -0.189    -0.677
 6    -0.222     0.853    -0.471
 6     0.667     0.486     0.565
 7   125.507   -22.002    -4.707
 7     0.757     0.638    -0.136
 7    -0.597     0.762     0.250
 7     0.263    -0.108     0.958
 8     0.000     0.000     0.000
 8     1.000     0.000     0.000
 8     0.000     1.000     0.000
 8     0.000     0.000     1.000
 9     0.000     0.000     0.000
 9     1.000     0.000     0.000
 9     0.000     1.000     0.000
 9     0.000     0.000     1.000
 2     0.000     0.000     0.000
 2     1.000     0.000     0.000
 2     0.000     1.000     0.000
 2     0.000     0.000     1.000
 3     0.000     0.000     0.000
 3     1.000     0.000     0.000
 3     0.000     1.000     0.000
 3     0.000     0.000     1.000
 4     0.000     0.000     0.000
 4     1.000     0.000     0.000
 4     0.000     1.000     0.000
 4     0.000     0.000     1.000
 5     0.000     0.000     0.000
 5     1.000     0.000     0.000
 5     0.000     1.000     0.000
 5     0.000     0.000     1.000
 6     0.000     0.000     0.000
 6     1.000     0.000     0.000
 6     0.000     1.000     0.000
 6     0.000     0.000     1.000
 7     0.000     0.000     0.000
 7     1.000     0.000     0.000
 7     0.000     1.000     0.000
 7     0.000     0.000     1.000
 8   137.239   -25.724    20.032
 8     0.711     0.701     0.059
 8     0.169    -0.251     0.953
 8     0.683    -0.668    -0.297
 9   156.770   -16.511    33.274
 9     0.689     0.166    -0.706
 9     0.294     0.826     0.481
 9     0.662    -0.539     0.520
 2   133.491    -3.815    15.095
 2     0.029     0.367    -0.930
 2    -0.999    -0.023    -0.040
 2    -0.036     0.930     0.365
 3   128.039    -3.432    13.289
 3    -0.053    -0.031    -0.998
 3     0.197    -0.980     0.020
 3    -0.979    -0.195     0.058
 4     0.000     0.000     0.000
 4     1.000     0.000     0.000
 4     0.000     1.000     0.000
 4     0.000     0.000     1.000
 5     0.000     0.000     0.000
 5     1.000     0.000     0.000
 5     0.000     1.000     0.000
 5     0.000     0.000     1.000
 6     0.000     0.000     0.000
 6     1.000     0.000     0.000
 6     0.000     1.000     0.000
 6     0.000     0.000     1.000
 7     0.000     0.000     0.000
 7     1.000     0.000     0.000
 7     0.000     1.000     0.000
 7     0.000     0.000     1.000
 8     0.000     0.000     0.000
 8     1.000     0.000     0.000
 8     0.000     1.000     0.000
 8     0.000     0.000     1.000
 9     0.000     0.000     0.000
 9     1.000     0.000     0.000
 9     0.000     1.000     0.000
 9     0.000     0.000     1.000
 2     0.000     0.000     0.000
 2     1.000     0.000     0.000
 2     0.000     1.000     0.000
 2     0.000     0.000     1.000
 3     0.000     0.000     0.000
 3     1.000     0.000     0.000
 3     0.000     1.000     0.000
 3     0.000     0.000     1.000
 4   122.546    14.408    -6.767
 4     0.817    -0.576     0.020
 4     0.558     0.782    -0.277
 4     0.143     0.237     0.961
 5   132.806    22.844    17.488
 5     0.668    -0.668     0.328
 5     0.054    -0.396    -0.916
 5     0.742     0.630    -0.229
 6     0.000     0.000     0.000
 6     1.000     0.000     0.000
 6     0.000     1.000     0.000
 6     0.000     0.000     1.000
 7     0.000     0.000     0.000
 7     1.000     0.000     0.000
 7     0.000     1.000     0.000
 7     0.000     0.000     1.000
 8     0.000     0.000     0.000
 8     1.000     0.000     0.000
 8     0.000     1.000     0.000
 8     0.000     0.000     1.000
 9     0.000     0.000     0.000
 9     1.000     0.000     0.000
 9     0.000     1.000     0.000
 9     0.000     0.000     1.000
 2     0.000     0.000     0.000
 2     1.000     0.000     0.000
 2     0.000     1.000     0.000
 2     0.000     0.000     1.000
 3     0.000     0.000     0.000
 3     1.000     0.000     0.000
 3     0.000     1.000     0.000
 3     0.000     0.000     1.000
 4     0.000     0.000     0.000
 4     1.000     0.000     0.000
 4     0.000     1.000     0.000
 4     0.000     0.000     1.000
 5     0.000     0.000     0.000
 5     1.000     0.000     0.000
 5     0.000     1.000     0.000
 5     0.000     0.000     1.000
 6   153.411    17.162    31.685
 6     0.714    -0.187    -0.674
 6    -0.223     0.852    -0.473
 6     0.663     0.488     0.567
 7   125.508   -21.824    -4.635
 7     0.758     0.637    -0.140
 7    -0.596     0.764     0.248
 7     0.264    -0.105     0.958
 8     0.000     0.000     0.000
 8     1.000     0.000     0.000
 8     0.000     1.000     0.000
 8     0.000     0.000     1.000
 9     0.000     0.000     0.000
 9     1.000     0.000     0.000
 9     0.000     1.000     0.000
 9     0.000     0.000     1.000
 2     0.000     0.000     0.000
 2     1.000     0.000     0.000
 2     0.000     1.000     0.000
 2     0.000     0.000     1.000
 3     0.000     0.000     0.000
 3     1.000     0.000     0.000
 3     0.000     1.000     0.000
 3     0.000     0.000     1.000
 4     0.000     0.000     0.000
 4     1.000     0.000     0.000
 4     0.000     1.000     0.000
 4     0.000     0.000     1.000
 5     0.000     0.000     0.000
 5     1.000     0.000     0.000
 5     0.000     1.000     0.000
 5     0.000     0.000     1.000
 6     0.000     0.000     0.000
 6     1.000     0.000     0.000
 6     0.000     1.000     0.000
 6     0.000     0.000     1.000
 7     0.000     0.000     0.000
 7     1.000     0.000     0.000
 7     0.000     1.000     0.000
 7     0.000     0.000     1.000
 8   137.187   -25.675    20.113
 8     0.712     0.700     0.061
 8     0.167    -0.253     0.953
 8     0.682    -0.668    -0.297
 9   156.721   -16.410    33.351
 9     0.690     0.167    -0.704
 9     0.293     0.825     0.483
 9     0.662    -0.540     0.520
 2   133.407    -3.571    15.474
 2     0.140     0.212    -0.967
 2    -0.987    -0.043    -0.153
 2    -0.074     0.976     0.203
 3   127.593    -3.393    13.235
 3    -0.134    -0.009    -0.991
 3     0.170    -0.985    -0.014
 3    -0.976    -0.170     0.134
 4     0.000     0.000     0.000
 4     1.000     0.000     0.000
 4     0.000     1.000     0.000
 4     0.000     0.000     1.000
 5     0.000     0.000     0.000
 5     1.000     0.000     0.000
 5     0.000     1.000     0.000
 5     0.000     0.000     1.000
 6     0.000     0.000     0.000
 6     1.000     0.000     0.000
 6     0.000     1.000     0.000
 6     0.000     0.000     1.000
 7     0.000     0.000     0.000
 7     1.000     0.000     0.000
 7     0.000     1.000     0.000
 7     0.000     0.000     1.000
 8     0.000     0.000     0.000
 8     1.000     0.000     0.000
 8     0.000     1.000     0.000
 8     0.000     0.000     1.000
 9     0.000     0.000     0.000
 9     1.000     0.000     0.000
 9     0.000     1.000     0.000
 9     0.000     0.000     1.000
 2     0.000     0.000     0.000
 2     1.000     0.000     0.000
 2     0.000     1.000     0.000
 2     0.000     0.000     1.000
 3     0.000     0.000     0.000
 3     1.000     0.000     0.000
 3     0.000     1.000     0.000
 3     0.000     0.000     1.000
 4   122.527    14.435    -6.721
 4     0.817    -0.576     0.018
 4     0.557     0.783    -0.276
 4     0.145     0.235     0.961
 5   132.751    22.842    17.542
 5     0.669    -0.667     0.329
 5     0.054    -0.398    -0.916
 5     0.741     0.630    -0.230
 6     0.000     0.000     0.000
 6     1.000     0.000     0.000
 6     0.000     1.000     0.000
 6     0.000     0.000     1.000
 7     0.000     0.000     0.000
 7     1.000     0.000     0.000
 7     0.000     1.000     0.000
 7     0.000     0.000     1.000
 8     0.000     0.000     0.000
 8     1.000     0.000     0.000
 8     0.000     1.000     0.000
 8     0.000     0.000     1.000
 9     0.000     0.000     0.000
 9     1.000     0.000     0.000
 9     0.000     1.000     0.000
 9     0.000     0.000     1.000
 2     0.000     0.000     0.000
 2     1.000     0.000     0.000
 2     0.000     1.000     0.000
 2     0.000     0.000     1.000
 3     0.000     0.000     0.000
 3     1.000     0.000     0.000
 3     0.000     1.000     0.000
 3     0.000     0.000     1.000
 4     0.000     0.000     0.000
 4     1.000     0.000     0.000
 4     0.000     1.000     0.000
 4     0.000     0.000     1.000
 5     0.000     0.000     0.000
 5     1.000     0.000     0.000
 5     0.000     1.000     0.000
 5     0.000     0.000     1.000
 6   153.408    17.186    31.740
 6     0.715    -0.188    -0.673
 6    -0.223     0.852    -0.474
 6     0.662     0.489     0.568
 7   125.411   -21.874    -4.587
 7     0.758     0.637    -0.140
 7    -0.596     0.763     0.249
 7     0.265    -0.106     0.958
 8     0.000     0.000     0.000
 8     1.000     0.000     0.000
 8     0.000     1.000     0.000
 8     0.000     0.000     1.000
 9     0.000     0.000     0.000
 9     1.000     0.000     0.000
 9     0.000     1.000     0.000
 9     0.000     0.000     1.000
 2     0.000     0.000     0.000
 2     1.000     0.000     0.000
 2     0.000     1.000     0.000
 2     0.000     0.000     1.000
 3     0.000     0.000     0.000
 3     1.000     0.000     0.000
 3     0.000     1.000     0.000
 3     0.000     0.000     1.000
 4     0.000     0.000     0.000
 4     1.000     0.000     0.000
 4     0.000     1.000     0.000
 4     0.000     0.000     1.000
 5     0.000     0.000     0.000
 5     1.000     0.000     0.000
 5     0.000     1.000     0.000
 5     0.000     0.000     1.000
 6     0.000     0.000     0.000
 6     1.000     0.000     0.000
 6     0.000     1.000     0.000
 6     0.000     0.000     1.000
 7     0.000     0.000     0.000
 7     1.000     0.000     0.000
 7     0.000     1.000     0.000
 7     0.000     0.000     1.000
 8   137.182   -25.727    20.172
 8     0.714     0.697     0.062
 8     0.167    -0.255     0.952
 8     0.680    -0.669    -0.299
 9   156.665   -16.412    33.308
 9     0.692     0.168    -0.702
 9     0.293     0.824     0.485
 9     0.660    -0.541     0.521
 2   130.111    -3.782     3.199
 2    -0.098     0.250    -0.963
 2    -0.863    -0.504    -0.043
 2    -0.496     0.827     0.265
 3   127.513    -3.299    12.223
 3    -0.292    -0.027    -0.956
 3     0.125    -0.992    -0.010
 3    -0.948    -0.123     0.292
 4     0.000     0.000     0.000
 4     1.000     0.000     0.000
 4     0.000     1.000     0.000
 4     0.000     0.000     1.000
 5     0.000     0.000     0.000
 5     1.000     0.000     0.000
 5     0.000     1.000     0.000
 5     0.000     0.000     1.000
 6     0.000     0.000     0.000
 6     1.000     0.000     0.000
 6     0.000     1.000     0.000
 6     0.000     0.000     1.000
 7     0.000     0.000     0.000
 7     1.000     0.000     0.000
 7     0.000     1.000     0.000
 7     0.000     0.000     1.000
 8     0.000     0.000     0.000
 8     1.000     0.000     0.000
 8     0.000     1.000     0.000
 8     0.000     0.000     1.000
 9     0.000     0.000     0.000
 9     1.000     0.000     0.000
 9     0.000     1.000     0.000
 9     0.000     0.000     1.000
 2     0.000     0.000     0.000
 2     1.000     0.000     0.000
 2     0.000     1.000     0.000
 2     0.000     0.000     1.000
 3     0.000     0.000     0.000
 3     1.000     0.000     0.000
 3     0.000     1.000     0.000
 3     0.000     0.000     1.000
 4   122.371    14.410    -6.721
 4     0.815    -0.578     0.023
 4     0.560     0.779    -0.280
 4     0.144     0.241     0.959
 5   132.671    22.742    17.568
 5     0.670    -0.662     0.336
 5     0.057    -0.406    -0.912
 5     0.740     0.630    -0.234
 6     0.000     0.000     0.000
 6     1.000     0.000     0.000
 6     0.000     1.000     0.000
 6     0.000     0.000     1.000
 7     0.000     0.000     0.000
 7     1.000     0.000     0.000
 7     0.000     1.000     0.000
 7     0.000     0.000     1.000
 8     0.000     0.000     0.000
 8     1.000     0.000     0.000
 8     0.000     1.000     0.000
 8     0.000     0.000     1.000
 9     0.000     0.000     0.000
 9     1.000     0.000     0.000
 9     0.000     1.000     0.000
 9     0.000     0.000     1.000
 2     0.000     0.000     0.000
 2     1.000     0.000     0.000
 2     0.000     1.000     0.000
 2     0.000     0.000     1.000
 3     0.000     0.000     0.000
 3     1.000     0.000     0.000
 3     0.000     1.000     0.000
 3     0.000     0.000     1.000
 4     0.000     0.000     0.000
 4     1.000     0.000     0.000
 4     0.000     1.000     0.000
 4     0.000     0.000     1.000
 5     0.000     0.000     0.000
 5     1.000     0.000     0.000
 5     0.000     1.000     0.000
 5     0.000     0.000     1.000
 6   153.303    17.289    31.665
 6     0.718    -0.193    -0.668
 6    -0.218     0.850    -0.480
 6     0.661     0.490     0.568
 7   125.458   -21.976    -4.630
 7     0.758     0.638    -0.134
 7    -0.596     0.762     0.252
 7     0.263    -0.111     0.958
 8     0.000     0.000     0.000
 8     1.000     0.000     0.000
 8     0.000     1.000     0.000
 8     0.000     0.000     1.000
 9     0.000     0.000     0.000
 9     1.000     0.000     0.000
 9     0.000     1.000     0.000
 9     0.000     0.000     1.000
 2     0.000     0.000     0.000
 2     1.000     0.000     0.000
 2     0.000     1.000     0.000
 2     0.000     0.000     1.000
 3     0.000     0.000     0.000
 3     1.000     0.000     0.000
 3     0.000     1.000     0.000
 3     0.000     0.000     1.000
 4     0.000     0.000     0.000
 4     1.000     0.000     0.000
 4     0.000     1.000     0.000
 4     0.000     0.000     1.000
 5     0.000     0.000     0.000
 5     1.000     0.000     0.000
 5     0.000     1.000     0.000
 5     0.000     0.000     1.000
 6     0.000     0.000     0.000
 6     1.000     0.000     0.000
 6     0.000     1.000     0.000
 6     0.000     0.000     1.000
 7     0.000     0.000     0.000
 7     1.000     0.000     0.000
 7     0.000     1.000     0.000
 7     0.000     0.000     1.000
 8   137.187   -25.726    20.087
 8     0.712     0.699     0.061
 8     0.167    -0.253     0.953
 8     0.682    -0.668    -0.297
 9   156.771   -16.512    33.274
 9     0.690     0.168    -0.704
 9     0.291     0.826     0.483
 9     0.662    -0.538     0.521
 2   129.717    -3.974     2.495
 2    -0.334     0.439    -0.834
 2    -0.869    -0.486     0.092
 2    -0.365     0.755     0.544
 3   127.353    -3.274    12.296
 3    -0.295    -0.025    -0.955
 3     0.123    -0.992    -0.012
 3    -0.948    -0.121     0.295
 4     0.000     0.000     0.000
 4     1.000     0.000     0.000
 4     0.000     1.000     0.000
 4     0.000     0.000     1.000
 5     0.000     0.000     0.000
 5     1.000     0.000     0.000
 5     0.000     1.000     0.000
 5     0.000     0.000     1.000
 6     0.000     0.000     0.000
 6     1.000     0.000     0.000
 6     0.000     1.000     0.000
 6     0.000     0.000     1.000
 7     0.000     0.000     0.000
 7     1.000     0.000     0.000
 7     0.000     1.000     0.000
 7     0.000     0.000     1.000
 8     0.000     0.000     0.000
 8     1.000     0.000     0.000
 8     0.000     1.000     0.000
 8     0.000     0.000     1.000
 9     0.000     0.000     0.000
 9     1.000     0.000     0.000
 9     0.000     1.000     0.000
 9     0.000     0.000     1.000
 2     0.000     0.000     0.000
 2     1.000     0.000     0.000
 2     0.000     1.000     0.000
 2     0.000     0.000     1.000
 3     0.000     0.000     0.000
 3     1.000     0.000     0.000
 3     0.000     1.000     0.000
 3     0.000     0.000     1.000
 4   122.375    14.309    -6.621
 4     0.816    -0.578     0.021
 4     0.559     0.780    -0.280
 4     0.145     0.240     0.960
 5   132.568    22.690    17.572
 5     0.671    -0.661     0.336
 5     0.057    -0.405    -0.912
 5     0.739     0.631    -0.234
 6     0.000     0.000     0.000
 6     1.000     0.000     0.000
 6     0.000     1.000     0.000
 6     0.000     0.000     1.000
 7     0.000     0.000     0.000
 7     1.000     0.000     0.000
 7     0.000     1.000     0.000
 7     0.000     0.000     1.000
 8     0.000     0.000     0.000
 8     1.000     0.000     0.000
 8     0.000     1.000     0.000
 8     0.000     0.000     1.000
 9     0.000     0.000     0.000
 9     1.000     0.000     0.000
 9     0.000     1.000     0.000
 9     0.000     0.000     1.000
 2     0.000     0.000     0.000
 2     1.000     0.000     0.000
 2     0.000     1.000     0.000
 2     0.000     0.000     1.000
 3     0.000     0.000     0.000
 3     1.000     0.000     0.000
 3     0.000     1.000     0.000
 3     0.000     0.000     1.000
 4     0.000     0.000     0.000
 4     1.000     0.000     0.000
 4     0.000     1.000     0.000
 4     0.000     0.000     1.000
 5     0.000     0.000     0.000
 5     1.000     0.000     0.000
 5     0.000     1.000     0.000
 5     0.000     0.000     1.000
 6   153.296    17.289    31.622
 6     0.720    -0.194    -0.666
 6    -0.216     0.849    -0.481
 6     0.659     0.490     0.570
 7   125.413   -21.975    -4.535
 7     0.758     0.637    -0.136
 7    -0.596     0.762     0.253
 7     0.265    -0.111     0.958
 8     0.000     0.000     0.000
 8     1.000     0.000     0.000
 8     0.000     1.000     0.000
 8     0.000     0.000     1.000
 9     0.000     0.000     0.000
 9     1.000     0.000     0.000
 9     0.000     1.000     0.000
 9     0.000     0.000     1.000
 2     0.000     0.000     0.000
 2     1.000     0.000     0.000
 2     0.000     1.000     0.000
 2     0.000     0.000     1.000
 3     0.000     0.000     0.000
 3     1.000     0.000     0.000
 3     0.000     1.000     0.000
 3     0.000     0.000     1.000
 4     0.000     0.000     0.000
 4     1.000     0.000     0.000
 4     0.000     1.000     0.000
 4     0.000     0.000     1.000
 5     0.000     0.000     0.000
 5     1.000     0.000     0.000
 5     0.000     1.000     0.000
 5     0.000     0.000     1.000
 6     0.000     0.000     0.000
 6     1.000     0.000     0.000
 6     0.000     1.000     0.000
 6     0.000     0.000     1.000
 7     0.000     0.000     0.000
 7     1.000     0.000     0.000
 7     0.000     1.000     0.000
 7     0.000     0.000     1.000
 8   137.182   -25.727    20.172
 8     0.714     0.697     0.062
 8     0.167    -0.256     0.952
 8     0.680    -0.669    -0.299
 9   156.793   -16.462    33.304
 9     0.691     0.167    -0.703
 9     0.292     0.825     0.484
 9     0.661    -0.540     0.521
 2   129.313    -3.457     2.227
 2    -0.316     0.576    -0.754
 2    -0.837    -0.543    -0.065
 2    -0.447     0.610     0.654
 3   127.369    -3.217    12.282
 3    -0.298    -0.026    -0.954
 3     0.126    -0.992    -0.013
 3    -0.946    -0.124     0.299
 4     0.000     0.000     0.000
 4     1.000     0.000     0.000
 4     0.000     1.000     0.000
 4     0.000     0.000     1.000
 5     0.000     0.000     0.000
 5     1.000     0.000     0.000
 5     0.000     1.000     0.000
 5     0.000     0.000     1.000
 6     0.000     0.000     0.000
 6     1.000     0.000     0.000
 6     0.000     1.000     0.000
 6     0.000     0.000     1.000
 7     0.000     0.000     0.000
 7     1.000     0.000     0.000
 7     0.000     1.000     0.000
 7     0.000     0.000     1.000
 8     0.000     0.000     0.000
 8     1.000     0.000     0.000
 8     0.000     1.000     0.000
 8     0.000     0.000     1.000
 9     0.000     0.000     0.000
 9     1.000     0.000     0.000
 9     0.000     1.000     0.000
 9     0.000     0.000     1.000
 2     0.000     0.000     0.000
 2     1.000     0.000     0.000
 2     0.000     1.000     0.000
 2     0.000     0.000     1.000
 3     0.000     0.000     0.000
 3     1.000     0.000     0.000
 3     0.000     1.000     0.000
 3     0.000     0.000     1.000
 4   122.299    14.436    -6.622
 4     0.815    -0.579     0.022
 4     0.560     0.779    -0.281
 4     0.145     0.241     0.959
 5   132.523    22.744    17.738
 5     0.669    -0.660     0.340
 5     0.057    -0.411    -0.909
 5     0.741     0.628    -0.238
 6     0.000     0.000     0.000
 6     1.000     0.000     0.000
 6     0.000     1.000     0.000
 6     0.000     0.000     1.000
 7     0.000     0.000     0.000
 7     1.000     0.000     0.000
 7     0.000     1.000     0.000
 7     0.000     0.000     1.000
 8     0.000     0.000     0.000
 8     1.000     0.000     0.000
 8     0.000     1.000     0.000
 8     0.000     0.000     1.000
 9     0.000     0.000     0.000
 9     1.000     0.000     0.000
 9     0.000     1.000     0.000
 9     0.000     0.000     1.000
 2     0.000     0.000     0.000
 2     1.000     0.000     0.000
 2     0.000     1.000     0.000
 2     0.000     0.000     1.000
 3     0.000     0.000     0.000
 3     1.000     0.000     0.000
 3     0.000     1.000     0.000
 3     0.000     0.000     1.000
 4     0.000     0.000     0.000
 4     1.000     0.000     0.000
 4     0.000     1.000     0.000
 4     0.000     0.000     1.000
 5     0.000     0.000     0.000
 5     1.000     0.000     0.000
 5     0.000     1.000     0.000
 5     0.000     0.000     1.000
 6   153.267    17.338    31.676
 6     0.721    -0.195    -0.665
 6    -0.216     0.848    -0.483
 6     0.658     0.492     0.570
 7   125.358   -21.976    -4.580
 7     0.759     0.637    -0.135
 7    -0.596     0.763     0.251
 7     0.263    -0.111     0.958
 8     0.000     0.000     0.000
 8     1.000     0.000     0.000
 8     0.000     1.000     0.000
 8     0.000     0.000     1.000
 9     0.000     0.000     0.000
 9     1.000     0.000     0.000
 9     0.000     1.000     0.000
 9     0.000     0.000     1.000
 2     0.000     0.000     0.000
 2     1.000     0.000     0.000
 2     0.000     1.000     0.000
 2     0.000     0.000     1.000
 3     0.000     0.000     0.000
 3     1.000     0.000     0.000
 3     0.000     1.000     0.000
 3     0.000     0.000     1.000
 4     0.000     0.000     0.000
 4     1.000     0.000     0.000
 4     0.000     1.000     0.000
 4     0.000     0.000     1.000
 5     0.000     0.000     0.000
 5     1.000     0.000     0.000
 5     0.000     1.000     0.000
 5     0.000     0.000     1.000
 6     0.000     0.000     0.000
 6     1.000     0.000     0.000
 6     0.000     1.000     0.000
 6     0.000     0.000     1.000
 7     0.000     0.000     0.000
 7     1.000     0.000     0.000
 7     0.000     1.000     0.000
 7     0.000     0.000     1.000
 8   137.181   -25.677    20.121
 8     0.714     0.697     0.061
 8     0.167    -0.255     0.952
 8     0.680    -0.670    -0.298
 9   156.719   -16.565    33.278
 9     0.692     0.168    -0.702
 9     0.289     0.826     0.484
 9     0.661    -0.538     0.522
 2   129.616    -2.787     3.476
 2     0.032     0.461    -0.887
 2    -0.812    -0.506    -0.292
 2    -0.583     0.729     0.358
 3   127.434    -3.211    12.191
 3    -0.303    -0.027    -0.953
 3     0.129    -0.991    -0.013
 3    -0.944    -0.127     0.304
 4     0.000     0.000     0.000
 4     1.000     0.000     0.000
 4     0.000     1.000     0.000
 4     0.000     0.000     1.000
 5     0.000     0.000     0.000
 5     1.000     0.000     0.000
 5     0.000     1.000     0.000
 5     0.000     0.000     1.000
 6     0.000     0.000     0.000
 6     1.000     0.000     0.000
 6     0.000     1.000     0.000
 6     0.000     0.000     1.000
 7     0.000     0.000     0.000
 7     1.000     0.000     0.000
 7     0.000     1.000     0.000
 7     0.000     0.000     1.000
 8     0.000     0.000     0.000
 8     1.000     0.000     0.000
 8     0.000     1.000     0.000
 8     0.000     0.000     1.000
 9     0.000     0.000     0.000
 9     1.000     0.000     0.000
 9     0.000     1.000     0.000
 9     0.000     0.000     1.000
 2     0.000     0.000     0.000
 2     1.000     0.000     0.000
 2     0.000     1.000     0.000
 2     0.000     0.000     1.000
 3     0.000     0.000     0.000
 3     1.000     0.000     0.000
 3     0.000     1.000     0.000
 3     0.000     0.000     1.000
 4   122.250    14.488    -6.600
 4     0.814    -0.581     0.022
 4     0.562     0.777    -0.283
 4     0.146     0.242     0.959
 5   132.522    22.744    17.735
 5     0.669    -0.660     0.342
 5     0.054    -0.415    -0.908
 5     0.741     0.626    -0.242
 6     0.000     0.000     0.000
 6     1.000     0.000     0.000
 6     0.000     1.000     0.000
 6     0.000     0.000     1.000
 7     0.000     0.000     0.000
 7     1.000     0.000     0.000
 7     0.000     1.000     0.000
 7     0.000     0.000     1.000
 8     0.000     0.000     0.000
 8     1.000     0.000     0.000
 8     0.000     1.000     0.000
 8     0.000     0.000     1.000
 9     0.000     0.000     0.000
 9     1.000     0.000     0.000
 9     0.000     1.000     0.000
 9     0.000     0.000     1.000
 2     0.000     0.000     0.000
 2     1.000     0.000     0.000
 2     0.000     1.000     0.000
 2     0.000     0.000     1.000
 3     0.000     0.000     0.000
 3     1.000     0.000     0.000
 3     0.000     1.000     0.000
 3     0.000     0.000     1.000
 4     0.000     0.000     0.000
 4     1.000     0.000     0.000
 4     0.000     1.000     0.000
 4     0.000     0.000     1.000
 5     0.000     0.000     0.000
 5     1.000     0.000     0.000
 5     0.000     1.000     0.000
 5     0.000     0.000     1.000
 6   153.214    17.336    31.629
 6     0.722    -0.194    -0.665
 6    -0.218     0.848    -0.484
 6     0.657     0.493     0.570
 7   125.405   -21.875    -4.628
 7     0.760     0.636    -0.135
 7    -0.595     0.764     0.250
 7     0.262    -0.110     0.958
 8     0.000     0.000     0.000
 8     1.000     0.000     0.000
 8     0.000     1.000     0.000
 8     0.000     0.000     1.000
 9     0.000     0.000     0.000
 9     1.000     0.000     0.000
 9     0.000     1.000     0.000
 9     0.000     0.000     1.000
 2     0.000     0.000     0.000
 2     1.000     0.000     0.000
 2     0.000     1.000     0.000
 2     0.000     0.000     1.000
 3     0.000     0.000     0.000
 3     1.000     0.000     0.000
 3     0.000     1.000     0.000
 3     0.000     0.000     1.000
 4     0.000     0.000     0.000
 4     1.000     0.000     0.000
 4     0.000     1.000     0.000
 4     0.000     0.000     1.000
 5     0.000     0.000     0.000
 5     1.000     0.000     0.000
 5     0.000     1.000     0.000
 5     0.000     0.000     1.000
 6     0.000     0.000     0.000
 6     1.000     0.000     0.000
 6     0.000     1.000     0.000
 6     0.000     0.000     1.000
 7     0.000     0.000     0.000
 7     1.000     0.000     0.000
 7     0.000     1.000     0.000
 7     0.000     0.000     1.000
 8   137.234   -25.625    20.092
 8     0.713     0.699     0.060
 8     0.167    -0.252     0.953
 8     0.681    -0.669    -0.297
 9   156.724   -16.512    33.270
 9     0.690     0.168    -0.704
 9     0.289     0.827     0.481
 9     0.663    -0.536     0.522
 2   130.551    -4.023     3.446
 2    -0.009    -0.076    -0.997
 2    -0.949    -0.313     0.032
 2    -0.315     0.946    -0.070
 3   127.471    -3.286    12.135
 3    -0.306    -0.030    -0.951
 3     0.126    -0.992    -0.010
 3    -0.944    -0.123     0.307
 4     0.000     0.000     0.000
 4     1.000     0.000     0.000
 4     0.000     1.000     0.000
 4     0.000     0.000     1.000
 5     0.000     0.000     0.000
 5     1.000     0.000     0.000
 5     0.000     1.000     0.000
 5     0.000     0.000     1.000
 6     0.000     0.000     0.000
 6     1.000     0.000     0.000
 6     0.000     1.000     0.000
 6     0.000     0.000     1.000
 7     0.000     0.000     0.000
 7     1.000     0.000     0.000
 7     0.000     1.000     0.000
 7     0.000     0.000     1.000
 8     0.000     0.000     0.000
 8     1.000     0.000     0.000
 8     0.000     1.000     0.000
 8     0.000     0.000     1.000
 9     0.000     0.000     0.000
 9     1.000     0.000     0.000
 9     0.000     1.000     0.000
 9     0.000     0.000     1.000
 2     0.000     0.000     0.000
 2     1.000     0.000     0.000
 2     0.000     1.000     0.000
 2     0.000     0.000     1.000
 3     0.000     0.000     0.000
 3     1.000     0.000     0.000
 3     0.000     1.000     0.000
 3     0.000     0.000     1.000
 4   122.296    14.410    -6.671
 4     0.814    -0.580     0.023
 4     0.562     0.778    -0.281
 4     0.144     0.241     0.959
 5   132.621    22.615    17.567
 5     0.669    -0.662     0.336
 5     0.056    -0.407    -0.912
 5     0.740     0.629    -0.235
 6     0.000     0.000     0.000
 6     1.000     0.000     0.000
 6     0.000     1.000     0.000
 6     0.000     0.000     1.000
 7     0.000     0.000     0.000
 7     1.000     0.000     0.000
 7     0.000     1.000     0.000
 7     0.000     0.000     1.000
 8     0.000     0.000     0.000
 8     1.000     0.000     0.000
