% Calibrated with leiden_pols
% Positions are in centimeters
Data =[
 2    97.017   -18.704    59.823
 2     0.394    -0.919     0.007
 2     0.917     0.394     0.052
 2    -0.051    -0.014     0.999
 3   124.268    -2.908     8.857
 3    -0.476    -0.068    -0.877
 3     0.114    -0.993     0.015
 3    -0.872    -0.092     0.480
 4   115.785    16.243    -5.046
 4     0.647    -0.756     0.099
 4     0.715     0.557    -0.422
 4     0.264     0.344     0.901
 5   113.421    24.866    19.235
 5     0.131    -0.621     0.773
 5     0.233    -0.738    -0.633
 5     0.963     0.263     0.047
 6   125.519    28.348    43.908
 6     0.274    -0.698    -0.661
 6     0.054     0.698    -0.714
 6     0.960     0.160     0.229
 7   118.539   -22.886    -4.525
 7     0.610     0.791    -0.036
 7    -0.718     0.571     0.396
 7     0.334    -0.217     0.917
 8   119.571   -32.207    19.551
 8     0.278     0.882     0.380
 8    -0.080    -0.373     0.924
 8     0.957    -0.288    -0.033
 9   131.533   -30.016    43.052
 9     0.285     0.264    -0.921
 9     0.053     0.955     0.290
 9     0.957    -0.132     0.258
 2    97.017   -18.704    59.823
 2     0.395    -0.919     0.007
 2     0.917     0.394     0.052
 2    -0.051    -0.014     0.999
 3   124.291    -2.910     8.939
 3    -0.474    -0.068    -0.878
 3     0.114    -0.993     0.015
 3    -0.873    -0.093     0.478
 4   115.790    16.244    -5.001
 4     0.648    -0.756     0.096
 4     0.713     0.558    -0.423
 4     0.266     0.343     0.901
 5   113.563    24.860    19.236
 5     0.140    -0.617     0.774
 5     0.234    -0.740    -0.631
 5     0.962     0.269     0.041
 6   126.015    28.560    43.830
 6     0.297    -0.730    -0.615
 6     0.052     0.655    -0.754
 6     0.953     0.192     0.232
 7   118.591   -22.835    -4.427
 7     0.610     0.791    -0.038
 7    -0.718     0.572     0.396
 7     0.335    -0.215     0.917
 8   119.571   -32.207    19.576
 8     0.278     0.882     0.380
 8    -0.080    -0.373     0.924
 8     0.957    -0.287    -0.033
 9   131.533   -30.016    43.052
 9     0.285     0.264    -0.921
 9     0.053     0.955     0.291
 9     0.957    -0.132     0.258
 2    97.017   -18.755    59.823
 2     0.395    -0.919     0.007
 2     0.917     0.395     0.051
 2    -0.051    -0.014     0.998
 3   124.266    -2.910     8.914
 3    -0.474    -0.068    -0.878
 3     0.114    -0.993     0.015
 3    -0.873    -0.093     0.478
 4   115.816    16.295    -5.000
 4     0.649    -0.755     0.095
 4     0.713     0.559    -0.423
 4     0.266     0.342     0.901
 5   113.718    24.905    19.300
 5     0.146    -0.611     0.778
 5     0.238    -0.742    -0.627
 5     0.960     0.277     0.037
 6   126.108    28.582    43.714
 6     0.301    -0.729    -0.615
 6     0.052     0.656    -0.752
 6     0.952     0.194     0.235
 7   118.590   -22.835    -4.478
 7     0.610     0.791    -0.038
 7    -0.718     0.573     0.395
 7     0.335    -0.214     0.917
 8   119.571   -32.157    19.577
 8     0.278     0.882     0.380
 8    -0.081    -0.373     0.924
 8     0.957    -0.288    -0.033
 9   131.484   -30.016    43.052
 9     0.285     0.265    -0.921
 9     0.053     0.955     0.291
 9     0.957    -0.133     0.258
 2    97.017   -18.704    59.823
 2     0.395    -0.919     0.007
 2     0.917     0.394     0.052
 2    -0.051    -0.014     0.999
 3   124.288    -2.937     8.995
 3    -0.472    -0.068    -0.879
 3     0.114    -0.993     0.016
 3    -0.874    -0.093     0.476
 4   115.870    16.245    -5.002
 4     0.650    -0.755     0.092
 4     0.711     0.561    -0.423
 4     0.267     0.340     0.901
 5   113.668    24.905    19.297
 5     0.147    -0.611     0.778
 5     0.237    -0.742    -0.628
 5     0.960     0.276     0.035
 6   125.947    28.449    43.926
 6     0.301    -0.760    -0.576
 6     0.035     0.613    -0.789
 6     0.953     0.217     0.211
 7   118.593   -22.834    -4.482
 7     0.609     0.792    -0.039
 7    -0.718     0.572     0.396
 7     0.336    -0.213     0.917
 8   119.522   -32.157    19.577
 8     0.277     0.881     0.381
 8    -0.081    -0.374     0.924
 8     0.957    -0.287    -0.033
 9   131.483   -29.965    43.103
 9     0.284     0.267    -0.921
 9     0.054     0.954     0.293
 9     0.957    -0.133     0.257
 2    97.017   -18.704    59.823
 2     0.395    -0.919     0.007
 2     0.917     0.394     0.052
 2    -0.051    -0.014     0.999
 3   124.258    -2.940     9.051
 3    -0.470    -0.068    -0.880
 3     0.114    -0.993     0.016
 3    -0.875    -0.092     0.475
 4   115.920    16.220    -5.052
 4     0.649    -0.755     0.090
 4     0.712     0.562    -0.421
 4     0.267     0.337     0.902
 5   113.561    24.791    19.531
 5     0.173    -0.586     0.791
 5     0.222    -0.760    -0.611
 5     0.959     0.281    -0.001
 6   126.374    26.953    44.069
 6     0.315    -0.693    -0.648
 6    -0.032     0.675    -0.737
 6     0.948     0.253     0.190
 7   118.595   -22.884    -4.434
 7     0.609     0.792    -0.041
 7    -0.718     0.572     0.396
 7     0.337    -0.213     0.917
 8   119.521   -32.207    19.627
 8     0.277     0.881     0.382
 8    -0.080    -0.375     0.923
 8     0.957    -0.287    -0.033
 9   131.434   -29.964    43.103
 9     0.284     0.267    -0.921
 9     0.055     0.954     0.293
 9     0.957    -0.134     0.256
 2    97.017   -18.755    59.823
 2     0.395    -0.919     0.007
 2     0.917     0.394     0.052
 2    -0.051    -0.014     0.999
 3   124.257    -2.939     9.051
 3    -0.470    -0.070    -0.880
 3     0.113    -0.993     0.018
 3    -0.875    -0.092     0.474
 4   115.921    16.169    -5.051
 4     0.649    -0.755     0.089
 4     0.712     0.563    -0.420
 4     0.267     0.335     0.903
 5   113.624    24.658    19.563
 5     0.188    -0.585     0.789
 5     0.207    -0.761    -0.614
 5     0.960     0.279    -0.023
 6   126.594    25.681    44.093
 6     0.318    -0.665    -0.676
 6    -0.083     0.690    -0.719
 6     0.944     0.285     0.164
 7   118.598   -22.909    -4.361
 7     0.608     0.792    -0.041
 7    -0.718     0.571     0.397
 7     0.338    -0.213     0.916
 8   119.506   -32.256    19.718
 8     0.276     0.881     0.384
 8    -0.080    -0.377     0.923
 8     0.958    -0.286    -0.034
 9   131.435   -30.014    43.130
 9     0.284     0.270    -0.920
 9     0.055     0.953     0.296
 9     0.957    -0.135     0.255
 2    97.017   -18.755    59.823
 2     0.395    -0.919     0.007
 2     0.917     0.394     0.051
 2    -0.051    -0.014     0.999
 3   124.254    -2.990     9.049
 3    -0.471    -0.069    -0.880
 3     0.112    -0.993     0.018
 3    -0.875    -0.090     0.475
 4   115.920    16.117    -5.149
 4     0.650    -0.755     0.088
 4     0.712     0.564    -0.418
 4     0.266     0.334     0.904
 5   113.696    24.650    19.465
 5     0.195    -0.579     0.791
 5     0.214    -0.762    -0.610
 5     0.957     0.289    -0.025
 6   126.645    25.733    44.044
 6     0.319    -0.665    -0.675
 6    -0.082     0.690    -0.719
 6     0.944     0.284     0.166
 7   118.600   -22.959    -4.364
 7     0.608     0.793    -0.041
 7    -0.718     0.571     0.398
 7     0.339    -0.213     0.916
 8   119.456   -32.256    19.718
 8     0.276     0.881     0.384
 8    -0.080    -0.377     0.923
 8     0.958    -0.285    -0.034
 9   131.385   -29.963    43.181
 9     0.284     0.271    -0.920
 9     0.056     0.953     0.298
 9     0.957    -0.136     0.255
 2    97.017   -18.704    59.823
 2     0.395    -0.919     0.007
 2     0.917     0.394     0.052
 2    -0.051    -0.014     0.999
 3   124.330    -3.038     8.991
 3    -0.473    -0.071    -0.878
 3     0.111    -0.994     0.020
 3    -0.874    -0.088     0.477
 4   115.914    16.064    -5.165
 4     0.651    -0.754     0.088
 4     0.712     0.567    -0.415
 4     0.263     0.333     0.905
 5   113.705    24.833    19.196
 5     0.186    -0.589     0.786
 5     0.220    -0.755    -0.617
 5     0.958     0.288    -0.011
 6   126.746    25.912    43.971
 6     0.320    -0.661    -0.678
 6    -0.080     0.695    -0.715
 6     0.944     0.282     0.169
 7   118.551   -23.010    -4.363
 7     0.607     0.793    -0.040
 7    -0.718     0.570     0.399
 7     0.339    -0.214     0.916
 8   119.232   -32.275    19.711
 8     0.266     0.881     0.390
 8    -0.093    -0.380     0.920
 8     0.959    -0.281    -0.019
 9   131.152   -30.124    43.156
 9     0.290     0.297    -0.910
 9     0.053     0.944     0.325
 9     0.955    -0.143     0.258
 2    97.017   -18.704    59.823
 2     0.395    -0.919     0.007
 2     0.917     0.394     0.052
 2    -0.051    -0.014     0.999
 3   124.327    -3.112     9.033
 3    -0.476    -0.073    -0.876
 3     0.109    -0.994     0.024
 3    -0.873    -0.084     0.481
 4   115.949    15.930    -5.321
 4     0.654    -0.751     0.089
 4     0.712     0.571    -0.409
 4     0.256     0.330     0.908
 5   113.702    24.902    19.091
 5     0.193    -0.581     0.790
 5     0.224    -0.758    -0.613
 5     0.955     0.295    -0.017
 6   126.789    25.962    43.878
 6     0.322    -0.661    -0.678
 6    -0.079     0.694    -0.715
 6     0.943     0.284     0.171
 7   118.376   -23.191    -4.306
 7     0.602     0.797    -0.034
 7    -0.723     0.563     0.400
 7     0.338    -0.217     0.915
 8   118.939   -32.302    19.662
 8     0.266     0.874     0.406
 8    -0.096    -0.396     0.913
 8     0.959    -0.282    -0.022
 9   130.916   -30.508    43.088
 9     0.293     0.338    -0.894
 9     0.049     0.929     0.367
 9     0.955    -0.151     0.255
 2    97.017   -18.704    59.823
 2     0.395    -0.919     0.007
 2     0.917     0.394     0.052
 2    -0.051    -0.014     0.999
 3   124.257    -3.156     8.887
 3    -0.481    -0.078    -0.873
 3     0.107    -0.994     0.029
 3    -0.870    -0.080     0.486
 4   115.886    15.823    -5.455
 4     0.656    -0.749     0.090
 4     0.712     0.575    -0.403
 4     0.250     0.329     0.910
 5   113.753    24.876    19.014
 5     0.195    -0.582     0.789
 5     0.224    -0.757    -0.614
 5     0.955     0.297    -0.018
 6   126.858    26.038    43.711
 6     0.325    -0.661    -0.677
 6    -0.077     0.694    -0.715
 6     0.942     0.285     0.175
 7   118.204   -23.320    -4.303
 7     0.598     0.801    -0.028
 7    -0.727     0.557     0.402
 7     0.338    -0.221     0.915
 8   118.617   -32.263    19.521
 8     0.249     0.874     0.417
 8    -0.120    -0.400     0.909
 8     0.961    -0.276     0.005
 9   130.539   -30.615    43.263
 9     0.291     0.381    -0.877
 9     0.041     0.911     0.410
 9     0.956    -0.156     0.249
 2    97.017   -18.704    59.823
 2     0.395    -0.919     0.007
 2     0.917     0.394     0.052
 2    -0.051    -0.014     0.999
 3   124.212    -3.328     8.688
 3    -0.486    -0.083    -0.870
 3     0.106    -0.994     0.035
 3    -0.867    -0.075     0.492
 4   115.819    15.739    -5.557
 4     0.660    -0.746     0.093
 4     0.711     0.580    -0.397
 4     0.242     0.328     0.913
 5   113.930    24.877    18.577
 5     0.187    -0.595     0.781
 5     0.229    -0.747    -0.624
 5     0.955     0.296    -0.004
 6   127.298    26.617    43.105
 6     0.336    -0.669    -0.663
 6    -0.050     0.691    -0.721
 6     0.940     0.276     0.199
 7   117.973   -23.375    -4.342
 7     0.595     0.803    -0.022
 7    -0.730     0.552     0.401
 7     0.335    -0.223     0.915
 8   118.487   -32.107    19.426
 8     0.242     0.870     0.428
 8    -0.134    -0.408     0.903
 8     0.961    -0.276     0.018
 9   130.463   -31.458    43.098
 9     0.296     0.428    -0.854
 9     0.012     0.892     0.451
 9     0.955    -0.145     0.259
 2    97.017   -18.704    59.823
 2     0.395    -0.919     0.007
 2     0.917     0.394     0.052
 2    -0.051    -0.014     0.998
 3   124.262    -3.376     8.579
 3    -0.488    -0.085    -0.868
 3     0.105    -0.994     0.039
 3    -0.866    -0.072     0.494
 4   115.751    15.630    -5.711
 4     0.661    -0.744     0.097
 4     0.712     0.583    -0.391
 4     0.234     0.327     0.915
 5   113.872    24.872    18.470
 5     0.186    -0.578     0.795
 5     0.253    -0.753    -0.607
 5     0.949     0.314     0.006
 6   127.145    27.900    42.634
 6     0.341    -0.696    -0.633
 6    -0.003     0.672    -0.740
 6     0.940     0.254     0.227
 7   117.789   -23.484    -4.399
 7     0.591     0.806    -0.014
 7    -0.736     0.546     0.400
 7     0.330    -0.226     0.916
 8   118.050   -32.268    19.366
 8     0.246     0.851     0.463
 8    -0.159    -0.436     0.886
 8     0.956    -0.292     0.027
 9   130.352   -32.611    42.840
 9     0.302     0.472    -0.828
 9    -0.021     0.872     0.489
 9     0.953    -0.131     0.273
 2    97.017   -18.704    59.823
 2     0.395    -0.919     0.007
 2     0.917     0.394     0.052
 2    -0.051    -0.014     0.999
 3   124.262    -3.424     8.521
 3    -0.491    -0.087    -0.867
 3     0.104    -0.994     0.041
 3    -0.865    -0.070     0.496
 4   115.649    15.420    -5.857
 4     0.658    -0.745     0.104
 4     0.719     0.582    -0.380
 4     0.223     0.325     0.919
 5   113.456    25.122    18.244
 5     0.181    -0.557     0.810
 5     0.283    -0.760    -0.585
 5     0.942     0.335     0.020
 6   126.738    29.399    42.185
 6     0.347    -0.725    -0.594
 6     0.039     0.644    -0.764
 6     0.937     0.241     0.252
 7   117.587   -23.489    -4.261
 7     0.585     0.811    -0.007
 7    -0.741     0.538     0.400
 7     0.328    -0.229     0.916
 8   117.633   -32.489    19.194
 8     0.256     0.827     0.500
 8    -0.193    -0.464     0.865
 8     0.947    -0.318     0.040
 9   130.407   -34.214    42.257
 9     0.316     0.537    -0.782
 9    -0.065     0.835     0.547
 9     0.946    -0.122     0.299
 2    97.017   -18.704    59.823
 2     0.395    -0.919     0.007
 2     0.917     0.394     0.052
 2    -0.051    -0.014     0.998
 3   124.257    -3.475     8.493
 3    -0.491    -0.088    -0.866
 3     0.101    -0.994     0.043
 3    -0.865    -0.067     0.497
 4   115.396    15.262    -5.927
 4     0.650    -0.752     0.112
 4     0.730     0.576    -0.368
 4     0.212     0.321     0.923
 5   112.886    25.239    17.886
 5     0.177    -0.522     0.834
 5     0.319    -0.772    -0.550
 5     0.931     0.363     0.030
 6   126.065    31.022    41.524
 6     0.352    -0.758    -0.550
 6     0.088     0.611    -0.786
 6     0.932     0.228     0.281
 7   117.229   -23.447    -4.291
 7     0.578     0.816     0.002
 7    -0.749     0.529     0.398
 7     0.323    -0.232     0.917
 8   117.040   -32.832    19.134
 8     0.267     0.793     0.546
 8    -0.226    -0.499     0.836
 8     0.936    -0.348     0.046
 9   130.144   -35.835    41.750
 9     0.328     0.599    -0.730
 9    -0.106     0.791     0.602
 9     0.939    -0.120     0.323
 2    97.017   -18.704    59.823
 2     0.395    -0.919     0.007
 2     0.917     0.394     0.052
 2    -0.051    -0.014     0.998
 3   124.200    -3.474     8.490
 3    -0.493    -0.087    -0.866
 3     0.098    -0.994     0.044
 3    -0.865    -0.063     0.498
 4   115.061    14.949    -6.091
 4     0.643    -0.756     0.124
 4     0.740     0.571    -0.356
 4     0.198     0.320     0.926
 5   112.387    25.503    17.465
 5     0.171    -0.497     0.851
 5     0.358    -0.773    -0.523
 5     0.918     0.394     0.046
 6   125.489    32.614    40.775
 6     0.353    -0.781    -0.516
 6     0.136     0.589    -0.797
 6     0.926     0.211     0.314
 7   116.663   -23.411    -4.387
 7     0.567     0.823     0.014
 7    -0.761     0.517     0.392
 7     0.315    -0.233     0.920
 8   116.791   -32.964    18.951
 8     0.286     0.765     0.577
 8    -0.258    -0.518     0.815
 8     0.923    -0.382     0.048
 9   130.294   -37.175    41.025
 9     0.346     0.635    -0.691
 9    -0.142     0.763     0.630
 9     0.927    -0.120     0.354
 2    97.017   -18.755    59.823
 2     0.395    -0.919     0.007
 2     0.917     0.394     0.052
 2    -0.051    -0.014     0.999
 3   124.143    -3.499     8.385
 3    -0.493    -0.089    -0.865
 3     0.095    -0.994     0.048
 3    -0.865    -0.059     0.499
 4   114.728    14.814    -6.206
 4     0.635    -0.760     0.133
 4     0.749     0.566    -0.343
 4     0.185     0.318     0.930
 5   112.005    26.062    16.971
 5     0.167    -0.468     0.868
 5     0.404    -0.770    -0.493
 5     0.899     0.433     0.060
 6   125.138    34.348    39.715
 6     0.354    -0.791    -0.498
 6     0.191     0.583    -0.790
 6     0.915     0.185     0.357
 7   116.292   -23.350    -4.401
 7     0.558     0.829     0.024
 7    -0.772     0.508     0.383
 7     0.305    -0.232     0.923
 8   116.593   -33.439    18.659
 8     0.313     0.724     0.613
 8    -0.303    -0.536     0.788
 8     0.900    -0.433     0.052
 9   130.648   -39.375    39.804
 9     0.373     0.677    -0.635
 9    -0.200     0.726     0.657
 9     0.906    -0.119     0.406
 2    97.017   -18.704    59.823
 2     0.395    -0.919     0.007
 2     0.917     0.394     0.052
 2    -0.051    -0.014     0.998
 3   124.082    -3.551     8.386
 3    -0.492    -0.091    -0.866
 3     0.092    -0.994     0.052
 3    -0.866    -0.054     0.497
 4   114.410    14.522    -6.409
 4     0.629    -0.763     0.145
 4     0.758     0.563    -0.327
 4     0.167     0.316     0.934
 5   111.670    26.389    16.396
 5     0.170    -0.433     0.885
 5     0.449    -0.766    -0.461
 5     0.877     0.476     0.064
 6   124.805    36.399    38.422
 6     0.362    -0.810    -0.463
 6     0.247     0.561    -0.790
 6     0.899     0.171     0.403
 7   115.959   -23.189    -4.477
 7     0.554     0.832     0.037
 7    -0.780     0.503     0.372
 7     0.290    -0.235     0.927
 8   116.489   -34.040    18.126
 8     0.342     0.680     0.648
 8    -0.350    -0.548     0.760
 8     0.872    -0.487     0.051
 9   131.006   -41.206    38.475
 9     0.399     0.707    -0.585
 9    -0.249     0.697     0.673
 9     0.883    -0.123     0.453
 2    97.017   -18.755    59.823
 2     0.395    -0.919     0.007
 2     0.917     0.395     0.052
 2    -0.051    -0.014     0.999
 3   124.050    -3.550     8.307
 3    -0.492    -0.093    -0.866
 3     0.089    -0.994     0.056
 3    -0.866    -0.050     0.497
 4   114.132    14.278    -6.677
 4     0.624    -0.765     0.159
 4     0.768     0.562    -0.307
 4     0.145     0.314     0.938
 5   111.383    26.820    15.802
 5     0.169    -0.408     0.897
 5     0.486    -0.757    -0.436
 5     0.857     0.510     0.071
 6   124.532    37.912    37.165
 6     0.366    -0.822    -0.436
 6     0.291     0.546    -0.786
 6     0.883     0.161     0.439
 7   115.568   -23.057    -4.514
 7     0.550     0.833     0.053
 7    -0.790     0.498     0.358
 7     0.271    -0.239     0.932
 8   116.343   -34.691    17.649
 8     0.363     0.644     0.673
 8    -0.395    -0.548     0.737
 8     0.844    -0.533     0.055
 9   131.337   -43.009    37.065
 9     0.420     0.726    -0.544
 9    -0.294     0.676     0.675
 9     0.858    -0.124     0.498
 2    97.017   -18.704    59.823
 2     0.395    -0.919     0.007
 2     0.917     0.394     0.052
 2    -0.051    -0.014     0.999
 3   123.990    -3.552     8.308
 3    -0.490    -0.094    -0.866
 3     0.086    -0.995     0.059
 3    -0.867    -0.045     0.496
 4   113.917    14.062    -6.934
 4     0.620    -0.766     0.170
 4     0.774     0.561    -0.292
 4     0.128     0.313     0.941
 5   111.246    27.096    15.309
 5     0.173    -0.386     0.906
 5     0.522    -0.744    -0.417
 5     0.835     0.545     0.073
 6   124.495    39.269    35.928
 6     0.374    -0.827    -0.419
 6     0.329     0.541    -0.774
 6     0.867     0.151     0.474
 7   115.125   -23.027    -4.625
 7     0.545     0.835     0.071
 7    -0.800     0.493     0.342
 7     0.251    -0.244     0.937
 8   116.170   -35.318    17.129
 8     0.383     0.603     0.699
 8    -0.440    -0.547     0.712
 8     0.812    -0.581     0.055
 9   131.501   -45.149    35.371
 9     0.440     0.747    -0.498
 9    -0.349     0.653     0.672
 9     0.827    -0.122     0.548
 2    97.019   -18.754    59.820
 2     0.395    -0.919     0.007
 2     0.917     0.394     0.051
 2    -0.050    -0.014     0.998
 3   123.927    -3.655     8.309
 3    -0.489    -0.095    -0.867
 3     0.082    -0.995     0.063
 3    -0.868    -0.040     0.494
 4   113.703    13.718    -7.115
 4     0.619    -0.765     0.180
 4     0.777     0.564    -0.278
 4     0.111     0.312     0.943
 5   111.288    27.467    14.626
 5     0.185    -0.355     0.916
 5     0.561    -0.727    -0.395
 5     0.807     0.587     0.064
 6   124.684    40.765    34.260
 6     0.389    -0.835    -0.390
 6     0.377     0.531    -0.759
 6     0.840     0.148     0.521
 7   114.778   -22.921    -4.578
 7     0.543     0.834     0.088
 7    -0.807     0.491     0.326
 7     0.229    -0.249     0.941
 8   116.046   -35.893    16.508
 8     0.402     0.561     0.723
 8    -0.484    -0.541     0.688
 8     0.777    -0.627     0.054
 9   131.673   -46.954    33.648
 9     0.459     0.766    -0.451
 9    -0.399     0.630     0.666
 9     0.794    -0.126     0.595
 2    97.017   -18.704    59.823
 2     0.395    -0.919     0.007
 2     0.917     0.394     0.052
 2    -0.051    -0.014     0.999
 3   123.840    -3.681     8.208
 3    -0.489    -0.098    -0.866
 3     0.078    -0.995     0.068
 3    -0.869    -0.035     0.494
 4   113.584    13.447    -7.363
 4     0.621    -0.760     0.191
 4     0.778     0.570    -0.263
 4     0.091     0.312     0.945
 5   111.260    27.984    13.794
 5     0.191    -0.326     0.926
 5     0.606    -0.703    -0.373
 5     0.772     0.632     0.063
 6   124.667    42.669    32.317
 6     0.395    -0.846    -0.358
 6     0.434     0.515    -0.739
 6     0.810     0.136     0.570
 7   114.451   -22.818    -4.704
 7     0.540     0.835     0.105
 7    -0.817     0.489     0.307
 7     0.205    -0.251     0.946
 8   115.808   -36.830    15.655
 8     0.416     0.512     0.751
 8    -0.535    -0.530     0.658
 8     0.735    -0.676     0.053
 9   131.640   -48.887    31.722
 9     0.473     0.781    -0.407
 9    -0.449     0.611     0.652
 9     0.758    -0.126     0.640
 2    97.019   -18.754    59.820
 2     0.395    -0.919     0.007
 2     0.917     0.394     0.051
 2    -0.050    -0.014     0.998
 3   123.829    -3.835     8.081
 3    -0.486    -0.104    -0.868
 3     0.076    -0.994     0.076
 3    -0.870    -0.029     0.491
 4   113.337    13.014    -7.724
 4     0.620    -0.757     0.204
 4     0.782     0.578    -0.232
 4     0.058     0.304     0.951
 5   110.892    28.670    12.617
 5     0.191    -0.284     0.939
 5     0.661    -0.670    -0.337
 5     0.725     0.686     0.060
 6   124.133    44.992    29.680
 6     0.400    -0.860    -0.318
 6     0.500     0.495    -0.710
 6     0.768     0.125     0.628
 7   114.182   -22.721    -4.809
 7     0.537     0.834     0.123
 7    -0.825     0.490     0.281
 7     0.174    -0.253     0.951
 8   115.674   -37.411    14.867
 8     0.428     0.472     0.771
 8    -0.581    -0.510     0.635
 8     0.692    -0.719     0.056
 9   131.539   -51.030    29.463
 9     0.485     0.797    -0.359
 9    -0.504     0.590     0.630
 9     0.714    -0.125     0.688
 2    97.017   -18.704    59.823
 2     0.395    -0.919     0.007
 2     0.917     0.394     0.052
 2    -0.051    -0.014     0.998
 3   123.766    -3.862     7.928
 3    -0.485    -0.106    -0.868
 3     0.072    -0.994     0.081
 3    -0.871    -0.023     0.490
 4   113.164    12.683    -8.112
 4     0.617    -0.756     0.217
 4     0.786     0.584    -0.202
 4     0.025     0.295     0.955
 5   110.765    29.356    11.500
 5     0.196    -0.249     0.948
 5     0.708    -0.633    -0.313
 5     0.678     0.733     0.052
 6   123.848    47.033    26.944
 6     0.402    -0.872    -0.280
 6     0.564     0.477    -0.674
 6     0.721     0.113     0.683
 7   113.899   -22.694    -4.877
 7     0.537     0.831     0.140
 7    -0.831     0.493     0.260
 7     0.147    -0.256     0.955
 8   115.537   -38.092    14.016
 8     0.441     0.421     0.792
 8    -0.626    -0.489     0.608
 8     0.643    -0.764     0.047
 9   131.688   -52.968    27.062
 9     0.499     0.812    -0.303
 9    -0.556     0.568     0.607
 9     0.665    -0.135     0.734
 2    97.017   -18.704    59.823
 2     0.395    -0.919     0.007
 2     0.917     0.394     0.052
 2    -0.051    -0.014     0.999
 3   123.697    -3.865     7.907
 3    -0.484    -0.110    -0.868
 3     0.067    -0.994     0.088
 3    -0.873    -0.016     0.488
 4   112.976    12.249    -8.381
 4     0.621    -0.749     0.229
 4     0.783     0.596    -0.176
 4    -0.005     0.289     0.957
 5   110.805    29.520    10.567
 5     0.204    -0.217     0.954
 5     0.741    -0.603    -0.296
 5     0.639     0.768     0.037
 6   123.625    48.620    24.538
 6     0.402    -0.885    -0.234
 6     0.618     0.451    -0.644
 6     0.675     0.115     0.728
 7   113.555   -22.544    -4.905
 7     0.537     0.828     0.161
 7    -0.836     0.496     0.236
 7     0.115    -0.261     0.958
 8   115.456   -38.667    13.207
 8     0.455     0.369     0.810
 8    -0.664    -0.466     0.585
 8     0.593    -0.804     0.033
 9   131.717   -54.546    24.681
 9     0.513     0.822    -0.246
 9    -0.599     0.549     0.583
 9     0.614    -0.152     0.774
 2    97.019   -18.754    59.820
 2     0.395    -0.919     0.007
 2     0.917     0.394     0.051
 2    -0.050    -0.014     0.998
 3   123.691    -3.910     7.711
 3    -0.488    -0.113    -0.866
 3     0.062    -0.994     0.094
 3    -0.871    -0.007     0.491
 4   112.667    11.759    -8.676
 4     0.621    -0.743     0.248
 4     0.782     0.606    -0.143
 4    -0.044     0.283     0.958
 5   110.509    29.781     9.500
 5     0.206    -0.192     0.959
 5     0.777    -0.564    -0.280
 5     0.595     0.803     0.032
 6   123.314    49.776    22.156
 6     0.407    -0.889    -0.209
 6     0.657     0.444    -0.609
 6     0.634     0.110     0.765
 7   113.080   -22.576    -4.970
 7     0.535     0.824     0.186
 7    -0.841     0.499     0.208
 7     0.079    -0.268     0.960
 8   115.100   -39.421    12.379
 8     0.466     0.310     0.828
 8    -0.701    -0.441     0.560
 8     0.539    -0.842     0.012
 9   131.444   -56.379    22.254
 9     0.525     0.831    -0.185
 9    -0.642     0.529     0.556
 9     0.559    -0.173     0.810
 2    97.017   -18.704    59.823
 2     0.395    -0.919     0.007
 2     0.917     0.394     0.052
 2    -0.051    -0.014     0.999
 3   123.505    -4.084     7.470
 3    -0.490    -0.115    -0.864
 3     0.055    -0.993     0.101
 3    -0.870     0.002     0.493
 4   112.171    11.137    -8.907
 4     0.618    -0.738     0.271
 4     0.781     0.615    -0.107
 4    -0.088     0.278     0.957
 5   110.325    30.128     8.266
 5     0.216    -0.156     0.964
 5     0.816    -0.514    -0.266
 5     0.536     0.844     0.016
 6   123.113    50.970    19.257
 6     0.418    -0.891    -0.175
 6     0.701     0.439    -0.562
 6     0.578     0.112     0.808
 7   112.839   -22.652    -5.004
 7     0.537     0.818     0.205
 7    -0.842     0.506     0.186
 7     0.048    -0.272     0.961
 8   114.939   -39.992    11.720
 8     0.471     0.263     0.842
 8    -0.732    -0.416     0.539
 8     0.492    -0.871    -0.003
 9   131.225   -57.466    20.240
 9     0.532     0.835    -0.140
 9    -0.673     0.518     0.528
 9     0.513    -0.187     0.837
 2    97.017   -18.704    59.823
 2     0.395    -0.919     0.007
 2     0.917     0.394     0.052
 2    -0.051    -0.014     0.999
 3   123.389    -4.184     7.362
 3    -0.490    -0.113    -0.864
 3     0.047    -0.994     0.103
 3    -0.870     0.010     0.492
 4   111.976    10.750    -9.037
 4     0.619    -0.732     0.285
 4     0.775     0.626    -0.078
 4    -0.122     0.269     0.955
 5   110.410    30.463     7.243
 5     0.224    -0.132     0.965
 5     0.843    -0.471    -0.260
 5     0.489     0.872     0.005
 6   123.032    52.044    16.616
 6     0.423    -0.894    -0.147
 6     0.738     0.434    -0.517
 6     0.526     0.110     0.843
 7   112.779   -22.741    -4.956
 7     0.538     0.815     0.212
 7    -0.842     0.511     0.173
 7     0.032    -0.272     0.962
 8   114.950   -40.480    11.208
 8     0.473     0.221     0.852
 8    -0.756    -0.395     0.522
 8     0.452    -0.891    -0.020
 9   130.900   -58.750    18.454
 9     0.533     0.840    -0.098
 9    -0.702     0.504     0.504
 9     0.473    -0.201     0.858
 2    97.017   -18.704    59.823
 2     0.394    -0.919     0.007
 2     0.917     0.394     0.052
 2    -0.051    -0.014     0.998
 3   123.348    -4.258     7.229
 3    -0.491    -0.110    -0.864
 3     0.039    -0.994     0.104
 3    -0.870     0.018     0.492
 4   111.690    10.343    -9.207
 4     0.619    -0.726     0.298
 4     0.770     0.635    -0.053
 4    -0.151     0.263     0.953
 5   110.487    30.631     6.408
 5     0.235    -0.116     0.965
 5     0.859    -0.439    -0.263
 5     0.454     0.891    -0.004
 6   123.093    52.592    14.566
 6     0.432    -0.893    -0.127
 6     0.760     0.436    -0.482
 6     0.485     0.111     0.867
 7   112.741   -22.854    -4.857
 7     0.545     0.809     0.221
 7    -0.838     0.521     0.161
 7     0.015    -0.273     0.962
 8   115.008   -40.907    10.862
 8     0.477     0.190     0.858
 8    -0.771    -0.377     0.512
 8     0.421    -0.906    -0.034
 9   130.987   -59.417    17.030
 9     0.538     0.840    -0.065
 9    -0.720     0.499     0.481
 9     0.437    -0.212     0.874
 2    97.017   -18.704    59.823
 2     0.394    -0.919     0.007
 2     0.917     0.394     0.052
 2    -0.051    -0.014     0.998
 3   123.222    -4.254     7.043
 3    -0.492    -0.101    -0.865
 3     0.024    -0.994     0.102
 3    -0.870     0.029     0.492
 4   111.315     9.857    -9.466
 4     0.612    -0.725     0.315
 4     0.769     0.639    -0.023
 4    -0.185     0.256     0.949
 5   110.329    30.629     5.647
 5     0.245    -0.090     0.965
 5     0.871    -0.417    -0.260
 5     0.425     0.904    -0.024
 6   123.145    52.747    13.176
 6     0.439    -0.891    -0.110
 6     0.772     0.438    -0.460
 6     0.458     0.117     0.881
 7   112.700   -22.941    -4.804
 7     0.554     0.799     0.232
 7    -0.832     0.534     0.150
 7    -0.004    -0.277     0.961
 8   115.112   -41.286    10.344
 8     0.480     0.156     0.863
 8    -0.787    -0.359     0.502
 8     0.388    -0.920    -0.049
 9   130.952   -60.212    15.528
 9     0.541     0.840    -0.032
 9    -0.739     0.493     0.459
 9     0.401    -0.225     0.888
 2    97.016   -18.704    59.823
 2     0.394    -0.919     0.008
 2     0.917     0.394     0.052
 2    -0.051    -0.013     0.999
 3   123.077    -4.249     6.855
 3    -0.495    -0.088    -0.864
 3     0.010    -0.995     0.095
 3    -0.869     0.038     0.494
 4   110.898     9.476    -9.691
 4     0.604    -0.724     0.333
 4     0.768     0.640     0.000
 4    -0.214     0.255     0.943
 5   110.129    30.753     4.966
 5     0.253    -0.078     0.964
 5     0.882    -0.391    -0.263
 5     0.397     0.917    -0.030
 6   123.055    53.072    11.384
 6     0.446    -0.889    -0.102
 6     0.788     0.444    -0.426
 6     0.423     0.109     0.899
 7   112.609   -23.055    -4.749
 7     0.561     0.791     0.245
 7    -0.828     0.544     0.139
 7    -0.023    -0.281     0.959
 8   115.040   -41.562     9.931
 8     0.485     0.120     0.865
 8    -0.800    -0.339     0.496
 8     0.353    -0.933    -0.068
 9   130.818   -60.776    14.001
 9     0.546     0.838     0.004
 9    -0.755     0.490     0.437
 9     0.364    -0.241     0.899
 2    97.016   -18.704    59.823
 2     0.394    -0.919     0.008
 2     0.917     0.394     0.052
 2    -0.051    -0.013     0.999
 3   122.944    -4.195     6.745
 3    -0.497    -0.082    -0.864
 3     0.003    -0.996     0.092
 3    -0.868     0.043     0.495
 4   110.530     9.331    -9.789
 4     0.601    -0.721     0.344
 4     0.764     0.645     0.015
 4    -0.233     0.254     0.938
 5   110.070    30.926     4.242
 5     0.260    -0.064     0.963
 5     0.893    -0.362    -0.265
 5     0.366     0.930    -0.037
 6   123.022    53.502     9.679
 6     0.452    -0.887    -0.090
 6     0.802     0.448    -0.395
 6     0.391     0.107     0.914
 7   112.339   -22.918    -4.738
 7     0.565     0.783     0.258
 7    -0.823     0.553     0.126
 7    -0.044    -0.284     0.958
 8   115.159   -41.756     9.538
 8     0.492     0.097     0.865
 8    -0.807    -0.321     0.495
 8     0.326    -0.942    -0.080
 9   131.030   -60.925    12.846
 9     0.553     0.832     0.025
 9    -0.762     0.494     0.418
 9     0.336    -0.251     0.908
 2    97.017   -18.704    59.823
 2     0.395    -0.919     0.008
 2     0.917     0.394     0.051
 2    -0.051    -0.013     0.999
 3   124.759    -6.351     8.910
 3    -0.498    -0.078    -0.864
 3    -0.001    -0.996     0.090
 3    -0.867     0.046     0.495
 4   110.304     9.158    -9.850
 4     0.597    -0.718     0.357
 4     0.760     0.649     0.033
 4    -0.256     0.251     0.933
 5   110.051    31.129     3.654
 5     0.266    -0.052     0.962
 5     0.901    -0.340    -0.268
 5     0.340     0.939    -0.044
 6   122.955    53.785     8.463
 6     0.455    -0.887    -0.079
 6     0.812     0.449    -0.372
 6     0.365     0.105     0.924
 7   112.309   -22.853    -4.799
 7     0.567     0.779     0.266
 7    -0.821     0.558     0.116
 7    -0.058    -0.285     0.957
 8   115.252   -41.925     8.991
 8     0.499     0.074     0.863
 8    -0.814    -0.303     0.496
 8     0.299    -0.950    -0.091
 9   131.142   -61.201    11.589
 9     0.558     0.828     0.047
 9    -0.770     0.496     0.400
 9     0.308    -0.260     0.915
 2    97.017   -18.704    59.823
 2     0.395    -0.919     0.008
 2     0.917     0.395     0.051
 2    -0.051    -0.013     0.998
 3   124.656    -6.220     8.799
 3    -0.498    -0.072    -0.864
 3    -0.006    -0.996     0.086
 3    -0.867     0.048     0.495
 4   110.056     9.011    -9.892
 4     0.593    -0.715     0.370
 4     0.756     0.652     0.050
 4    -0.277     0.250     0.928
 5   109.939    31.285     3.182
 5     0.272    -0.036     0.961
 5     0.908    -0.320    -0.270
 5     0.317     0.947    -0.054
 6   122.892    54.045     7.339
 6     0.458    -0.886    -0.064
 6     0.820     0.450    -0.353
 6     0.341     0.109     0.933
 7   112.229   -22.812    -4.886
 7     0.570     0.774     0.274
 7    -0.818     0.565     0.107
 7    -0.072    -0.286     0.955
 8   115.413   -41.962     8.672
 8     0.502     0.059     0.862
 8    -0.818    -0.291     0.497
 8     0.280    -0.955    -0.097
 9   131.201   -61.369    10.858
 9     0.560     0.826     0.059
 9    -0.776     0.498     0.387
 9     0.290    -0.263     0.920
 2    97.017   -18.704    59.823
 2     0.394    -0.919     0.007
 2     0.917     0.394     0.052
 2    -0.051    -0.014     0.999
 3   124.607    -6.162     8.603
 3    -0.500    -0.065    -0.864
 3    -0.012    -0.996     0.082
 3    -0.866     0.051     0.497
 4   109.783     8.864   -10.010
 4     0.588    -0.712     0.383
 4     0.752     0.656     0.065
 4    -0.298     0.249     0.921
 5   110.017    31.384     2.547
 5     0.281    -0.023     0.959
 5     0.915    -0.295    -0.276
 5     0.289     0.955    -0.062
 6   122.856    54.271     5.685
 6     0.463    -0.885    -0.047
 6     0.831     0.452    -0.324
 6     0.307     0.111     0.945
 7   112.206   -22.744    -4.904
 7     0.573     0.770     0.282
 7    -0.816     0.570     0.101
 7    -0.083    -0.288     0.954
 8   115.478   -41.973     8.320
 8     0.506     0.046     0.861
 8    -0.822    -0.279     0.497
 8     0.263    -0.959    -0.103
 9   131.229   -61.462     9.805
 9     0.563     0.823     0.074
 9    -0.781     0.501     0.372
 9     0.269    -0.267     0.925
 2    97.017   -18.704    59.823
 2     0.395    -0.919     0.008
 2     0.917     0.394     0.051
 2    -0.051    -0.013     0.998
 3   124.532    -6.080     8.511
 3    -0.501    -0.061    -0.863
 3    -0.017    -0.997     0.080
 3    -0.865     0.054     0.499
 4   109.508     8.665   -10.124
 4     0.584    -0.709     0.395
 4     0.746     0.661     0.083
 4    -0.320     0.246     0.915
 5   109.947    31.511     1.906
 5     0.287    -0.005     0.958
 5     0.921    -0.273    -0.277
 5     0.262     0.962    -0.073
 6   122.788    54.427     4.390
 6     0.465    -0.885    -0.031
 6     0.840     0.452    -0.301
 6     0.280     0.114     0.953
 7   112.094   -22.707    -4.977
 7     0.574     0.764     0.296
 7    -0.813     0.575     0.091
 7    -0.101    -0.293     0.951
 8   115.505   -42.167     7.892
 8     0.505     0.024     0.862
 8    -0.829    -0.263     0.493
 8     0.239    -0.964    -0.113
 9   131.131   -61.710     8.834
 9     0.562     0.821     0.093
 9    -0.789     0.499     0.357
 9     0.247    -0.275     0.929
 2    97.017   -18.704    59.823
 2     0.394    -0.919     0.007
 2     0.917     0.394     0.052
 2    -0.051    -0.014     0.998
 3   124.539    -6.070     8.305
 3    -0.505    -0.056    -0.861
 3    -0.022    -0.997     0.078
 3    -0.862     0.058     0.502
 4   109.231     8.415   -10.189
 4     0.579    -0.704     0.412
 4     0.740     0.665     0.096
 4    -0.342     0.249     0.906
 5   110.010    31.438     1.504
 5     0.300     0.021     0.953
 5     0.924    -0.256    -0.285
 5     0.238     0.966    -0.097
 6   122.922    54.448     2.956
 6     0.476    -0.879     0.010
 6     0.844     0.454    -0.284
 6     0.245     0.143     0.959
 7   111.844   -22.769    -4.982
 7     0.572     0.758     0.312
 7    -0.812     0.577     0.086
 7    -0.115    -0.303     0.946
 8   115.395   -42.280     7.606
 8     0.507    -0.006     0.862
 8    -0.834    -0.256     0.489
 8     0.218    -0.967    -0.135
 9   130.779   -62.266     7.529
 9     0.563     0.811     0.161
 9    -0.798     0.483     0.360
 9     0.214    -0.331     0.919
 2    97.017   -18.704    59.823
 2     0.395    -0.919     0.007
 2     0.917     0.394     0.052
 2    -0.051    -0.014     0.998
 3   124.386    -6.052     7.896
 3    -0.518    -0.049    -0.854
 3    -0.029    -0.997     0.075
 3    -0.855     0.063     0.515
 4   108.585     8.159   -10.165
 4     0.569    -0.696     0.438
 4     0.734     0.669     0.110
 4    -0.370     0.259     0.892
 5   109.885    31.463     1.157
 5     0.313     0.061     0.948
 5     0.926    -0.241    -0.290
 5     0.210     0.968    -0.132
 6   122.395    54.761     1.671
 6     0.492    -0.854     0.170
 6     0.849     0.427    -0.311
 6     0.193     0.297     0.935
 7   111.459   -22.685    -4.942
 7     0.569     0.750     0.335
 7    -0.811     0.580     0.080
 7    -0.135    -0.318     0.938
 8   115.349   -42.293     7.345
 8     0.511    -0.048     0.858
 8    -0.839    -0.248     0.485
 8     0.189    -0.968    -0.167
 9   130.684   -62.385     6.075
 9     0.574     0.775     0.263
 9    -0.800     0.463     0.382
 9     0.174    -0.430     0.886
 2    96.991   -18.704    59.874
 2     0.394    -0.919     0.007
 2     0.917     0.394     0.052
 2    -0.051    -0.014     0.999
 3   124.171    -5.990     7.634
 3    -0.524    -0.042    -0.851
 3    -0.035    -0.997     0.071
 3    -0.851     0.067     0.521
 4   108.159     8.079   -10.208
 4     0.558    -0.689     0.463
 4     0.727     0.675     0.127
 4    -0.400     0.265     0.877
 5   109.861    31.628     0.599
 5     0.321     0.118     0.939
 5     0.933    -0.212    -0.292
 5     0.164     0.970    -0.178
 6   121.588    55.151    -0.685
 6     0.496    -0.780     0.381
 6     0.862     0.390    -0.325
 6     0.105     0.489     0.865
 7   111.182   -22.579    -5.065
 7     0.568     0.741     0.356
 7    -0.807     0.587     0.065
 7    -0.161    -0.325     0.932
 8   115.406   -42.391     6.807
 8     0.514    -0.090     0.853
