% Calibrated with leiden_pols
% Positions are in centimeters
Data =[
 2    97.016   -18.704    59.873
 2     0.394    -0.919     0.008
 2     0.917     0.394     0.052
 2    -0.051    -0.013     0.998
 3   124.071    -2.863     9.307
 3    -0.471    -0.071    -0.879
 3     0.129    -0.991     0.011
 3    -0.873    -0.108     0.476
 4   116.237    16.297    -4.999
 4     0.651    -0.756     0.068
 4     0.709     0.574    -0.409
 4     0.270     0.314     0.910
 5   114.600    25.814    19.615
 5     0.171    -0.663     0.728
 5     0.227    -0.693    -0.684
 5     0.959     0.282     0.032
 6   127.663    25.574    44.344
 6     0.280    -0.577    -0.767
 6    -0.116     0.773    -0.624
 6     0.953     0.263     0.150
 7   118.905   -22.768    -4.122
 7     0.605     0.792    -0.074
 7    -0.712     0.580     0.396
 7     0.356    -0.187     0.915
 8   119.623   -32.029    19.824
 8     0.244     0.909     0.336
 8    -0.079    -0.327     0.942
 8     0.966    -0.257    -0.008
 9   130.917   -29.383    43.560
 9     0.230     0.199    -0.953
 9     0.033     0.976     0.212
 9     0.972    -0.080     0.218
 2    97.017   -18.704    59.823
 2     0.394    -0.919     0.008
 2     0.917     0.394     0.052
 2    -0.051    -0.014     0.998
 3   124.382    -3.002     9.670
 3    -0.459    -0.069    -0.885
 3     0.120    -0.992     0.014
 3    -0.880    -0.100     0.464
 4   116.710    16.177    -5.013
 4     0.649    -0.759     0.051
 4     0.708     0.578    -0.404
 4     0.277     0.298     0.913
 5   114.851    25.816    19.606
 5     0.163    -0.671     0.723
 5     0.229    -0.687    -0.689
 5     0.959     0.278     0.042
 6   127.739    25.476    44.365
 6     0.269    -0.574    -0.773
 6    -0.115     0.778    -0.618
 6     0.956     0.255     0.144
 7   119.232   -22.885    -3.933
 7     0.601     0.794    -0.086
 7    -0.709     0.580     0.401
 7     0.368    -0.181     0.912
 8   119.818   -32.024    20.079
 8     0.238     0.911     0.336
 8    -0.077    -0.328     0.942
 8     0.968    -0.250    -0.009
 9   130.989   -29.324    43.815
 9     0.224     0.202    -0.953
 9     0.035     0.976     0.215
 9     0.974    -0.082     0.212
 2    97.017   -18.755    59.823
 2     0.394    -0.919     0.008
 2     0.917     0.394     0.052
 2    -0.051    -0.014     0.998
 3   124.492    -3.135     9.709
 3    -0.454    -0.069    -0.888
 3     0.118    -0.993     0.017
 3    -0.883    -0.097     0.459
 4   116.966    16.000    -5.012
 4     0.650    -0.759     0.044
 4     0.707     0.582    -0.401
 4     0.278     0.291     0.915
 5   115.000    25.717    19.562
 5     0.160    -0.674     0.722
 5     0.232    -0.685    -0.691
 5     0.959     0.277     0.046
 6   127.800    25.352    44.253
 6     0.266    -0.572    -0.776
 6    -0.114     0.781    -0.614
 6     0.957     0.251     0.142
 7   119.316   -23.033    -3.845
 7     0.600     0.795    -0.089
 7    -0.708     0.579     0.403
 7     0.372    -0.179     0.911
 8   119.826   -32.069    20.141
 8     0.236     0.911     0.337
 8    -0.074    -0.329     0.941
 8     0.969    -0.248    -0.010
 9   130.916   -29.397    43.944
 9     0.221     0.205    -0.953
 9     0.037     0.975     0.218
 9     0.974    -0.084     0.208
 2    97.016   -18.704    59.823
 2     0.394    -0.919     0.008
 2     0.917     0.394     0.052
 2    -0.051    -0.013     0.998
 3   124.529    -3.189     9.820
 3    -0.451    -0.069    -0.890
 3     0.115    -0.993     0.018
 3    -0.885    -0.094     0.456
 4   117.017    15.950    -5.062
 4     0.650    -0.759     0.042
 4     0.707     0.584    -0.399
 4     0.278     0.289     0.916
 5   115.001    25.717    19.463
 5     0.160    -0.675     0.720
 5     0.233    -0.684    -0.691
 5     0.959     0.278     0.048
 6   127.834    25.406    44.243
 6     0.264    -0.571    -0.777
 6    -0.112     0.782    -0.613
 6     0.958     0.249     0.142
 7   119.373   -23.107    -3.829
 7     0.599     0.796    -0.091
 7    -0.708     0.578     0.406
 7     0.375    -0.179     0.909
 8   119.828   -32.069    20.193
 8     0.235     0.911     0.339
 8    -0.074    -0.331     0.941
 8     0.969    -0.247    -0.011
 9   130.916   -29.395    44.021
 9     0.220     0.208    -0.953
 9     0.038     0.974     0.221
 9     0.974    -0.085     0.207
 2    97.016   -18.704    59.874
 2     0.394    -0.919     0.007
 2     0.917     0.394     0.052
 2    -0.051    -0.014     0.998
 3   124.527    -3.240     9.921
 3    -0.450    -0.069    -0.890
 3     0.114    -0.993     0.019
 3    -0.885    -0.093     0.455
 4   117.116    15.847    -5.109
 4     0.651    -0.758     0.041
 4     0.706     0.586    -0.397
 4     0.277     0.287     0.917
 5   115.034    25.675    19.169
 5     0.146    -0.680     0.718
 5     0.238    -0.681    -0.693
 5     0.960     0.272     0.062
 6   127.885    25.457    44.168
 6     0.263    -0.571    -0.777
 6    -0.111     0.782    -0.613
 6     0.958     0.248     0.143
 7   119.376   -23.207    -3.782
 7     0.600     0.795    -0.091
 7    -0.706     0.580     0.407
 7     0.376    -0.180     0.908
 8   119.779   -32.093    20.192
 8     0.235     0.910     0.340
 8    -0.073    -0.332     0.940
 8     0.969    -0.246    -0.012
 9   130.778   -29.390    44.162
 9     0.218     0.211    -0.953
 9     0.040     0.973     0.225
 9     0.975    -0.087     0.204
 2    97.016   -18.704    59.823
 2     0.394    -0.919     0.008
 2     0.917     0.394     0.052
 2    -0.051    -0.013     0.998
 3   124.520    -3.318     9.924
 3    -0.450    -0.070    -0.890
 3     0.113    -0.993     0.021
 3    -0.886    -0.091     0.455
 4   117.111    15.818    -5.150
 4     0.654    -0.755     0.039
 4     0.705     0.590    -0.394
 4     0.274     0.285     0.918
 5   115.208    26.008    18.694
 5     0.135    -0.705     0.696
 5     0.237    -0.659    -0.714
 5     0.962     0.261     0.078
 6   127.830    25.462    44.022
 6     0.258    -0.567    -0.782
 6    -0.109     0.787    -0.607
 6     0.960     0.241     0.141
 7   119.589   -23.333    -3.776
 7     0.606     0.789    -0.098
 7    -0.702     0.589     0.400
 7     0.373    -0.174     0.911
 8   119.760   -32.442    19.883
 8     0.196     0.926     0.323
 8    -0.109    -0.307     0.945
 8     0.974    -0.221     0.041
 9   130.594   -29.620    44.149
 9     0.215     0.226    -0.950
 9     0.036     0.970     0.239
 9     0.976    -0.086     0.200
 2    97.017   -18.704    59.823
 2     0.394    -0.919     0.007
 2     0.917     0.394     0.052
 2    -0.051    -0.014     0.998
 3   124.638    -3.320     9.929
 3    -0.447    -0.070    -0.891
 3     0.111    -0.994     0.023
 3    -0.887    -0.089     0.452
 4   117.528    15.633    -5.483
 4     0.664    -0.747     0.032
 4     0.698     0.603    -0.386
 4     0.268     0.279     0.922
 5   115.333    26.498    17.912
 5     0.101    -0.746     0.658
 5     0.254    -0.620    -0.742
 5     0.962     0.243     0.127
 6   127.441    25.774    43.441
 6     0.211    -0.512    -0.833
 6    -0.104     0.836    -0.539
 6     0.972     0.200     0.123
 7   119.978   -23.384    -3.902
 7     0.610     0.784    -0.107
 7    -0.700     0.598     0.391
 7     0.371    -0.164     0.914
 8   119.635   -32.865    19.097
 8     0.151     0.940     0.304
 8    -0.131    -0.286     0.949
 8     0.980    -0.184     0.079
 9   129.176   -30.408    44.008
 9     0.167     0.250    -0.954
 9     0.023     0.966     0.257
 9     0.986    -0.065     0.155
 2    97.017   -18.704    59.823
 2     0.394    -0.919     0.007
 2     0.917     0.394     0.052
 2    -0.051    -0.014     0.998
 3   125.053    -3.534    10.031
 3    -0.438    -0.073    -0.896
 3     0.105    -0.994     0.030
 3    -0.893    -0.081     0.443
 4   118.114    15.533    -5.737
 4     0.666    -0.745     0.019
 4     0.695     0.611    -0.377
 4     0.270     0.264     0.926
 5   114.924    27.160    17.139
 5     0.056    -0.769     0.637
 5     0.285    -0.599    -0.748
 5     0.957     0.224     0.185
