% Calibrated with leiden_pols
% Positions are in centimeters
Data =[
 2    97.016   -18.704    59.873
 2     0.394    -0.919     0.008
 2     0.917     0.394     0.052
 2    -0.051    -0.013     0.998
 3   124.071    -2.863     9.307
 3    -0.471    -0.071    -0.879
 3     0.129    -0.991     0.011
 3    -0.873    -0.108     0.476
 4   116.237    16.297    -4.999
 4     0.651    -0.756     0.068
 4     0.709     0.574    -0.409
 4     0.270     0.314     0.910
 5   114.600    25.814    19.615
 5     0.171    -0.663     0.728
 5     0.227    -0.693    -0.684
 5     0.959     0.282     0.032
 6   127.663    25.574    44.344
 6     0.280    -0.577    -0.767
 6    -0.116     0.773    -0.624
 6     0.953     0.263     0.150
 7   118.905   -22.768    -4.122
 7     0.605     0.792    -0.074
 7    -0.712     0.580     0.396
 7     0.356    -0.187     0.915
 8   119.623   -32.029    19.824
 8     0.244     0.909     0.336
 8    -0.079    -0.327     0.942
 8     0.966    -0.257    -0.008
 9   130.917   -29.383    43.560
 9     0.230     0.199    -0.953
 9     0.033     0.976     0.212
 9     0.972    -0.080     0.218
 2    97.017   -18.704    59.823
 2     0.394    -0.919     0.008
 2     0.917     0.394     0.052
 2    -0.051    -0.014     0.998
 3   124.382    -3.002     9.670
 3    -0.459    -0.069    -0.885
 3     0.120    -0.992     0.014
 3    -0.880    -0.100     0.464
 4   116.710    16.177    -5.013
 4     0.649    -0.759     0.051
 4     0.708     0.578    -0.404
 4     0.277     0.298     0.913
 5   114.851    25.816    19.606
 5     0.163    -0.671     0.723
 5     0.229    -0.687    -0.689
 5     0.959     0.278     0.042
 6   127.739    25.476    44.365
 6     0.269    -0.574    -0.773
 6    -0.115     0.778    -0.618
 6     0.956     0.255     0.144
 7   119.232   -22.885    -3.933
 7     0.601     0.794    -0.086
 7    -0.709     0.580     0.401
 7     0.368    -0.181     0.912
 8   119.818   -32.024    20.079
 8     0.238     0.911     0.336
 8    -0.077    -0.328     0.942
 8     0.968    -0.250    -0.009
 9   130.989   -29.324    43.815
 9     0.224     0.202    -0.953
 9     0.035     0.976     0.215
 9     0.974    -0.082     0.212
 2    97.017   -18.755    59.823
 2     0.394    -0.919     0.008
 2     0.917     0.394     0.052
 2    -0.051    -0.014     0.998
 3   124.492    -3.135     9.709
 3    -0.454    -0.069    -0.888
 3     0.118    -0.993     0.017
 3    -0.883    -0.097     0.459
 4   116.966    16.000    -5.012
 4     0.650    -0.759     0.044
 4     0.707     0.582    -0.401
 4     0.278     0.291     0.915
 5   115.000    25.717    19.562
 5     0.160    -0.674     0.722
 5     0.232    -0.685    -0.691
 5     0.959     0.277     0.046
 6   127.800    25.352    44.253
 6     0.266    -0.572    -0.776
 6    -0.114     0.781    -0.614
 6     0.957     0.251     0.142
 7   119.316   -23.033    -3.845
 7     0.600     0.795    -0.089
 7    -0.708     0.579     0.403
 7     0.372    -0.179     0.911
 8   119.826   -32.069    20.141
 8     0.236     0.911     0.337
 8    -0.074    -0.329     0.941
 8     0.969    -0.248    -0.010
 9   130.916   -29.397    43.944
 9     0.221     0.205    -0.953
 9     0.037     0.975     0.218
 9     0.974    -0.084     0.208
 2    97.016   -18.704    59.823
 2     0.394    -0.919     0.008
 2     0.917     0.394     0.052
 2    -0.051    -0.013     0.998
 3   124.529    -3.189     9.820
 3    -0.451    -0.069    -0.890
 3     0.115    -0.993     0.018
 3    -0.885    -0.094     0.456
 4   117.017    15.950    -5.062
 4     0.650    -0.759     0.042
 4     0.707     0.584    -0.399
 4     0.278     0.289     0.916
 5   115.001    25.717    19.463
 5     0.160    -0.675     0.720
 5     0.233    -0.684    -0.691
 5     0.959     0.278     0.048
 6   127.834    25.406    44.243
 6     0.264    -0.571    -0.777
 6    -0.112     0.782    -0.613
 6     0.958     0.249     0.142
 7   119.373   -23.107    -3.829
 7     0.599     0.796    -0.091
 7    -0.708     0.578     0.406
 7     0.375    -0.179     0.909
 8   119.828   -32.069    20.193
 8     0.235     0.911     0.339
 8    -0.074    -0.331     0.941
 8     0.969    -0.247    -0.011
 9   130.916   -29.395    44.021
 9     0.220     0.208    -0.953
 9     0.038     0.974     0.221
 9     0.974    -0.085     0.207
 2    97.016   -18.704    59.874
 2     0.394    -0.919     0.007
 2     0.917     0.394     0.052
 2    -0.051    -0.014     0.998
 3   124.527    -3.240     9.921
 3    -0.450    -0.069    -0.890
 3     0.114    -0.993     0.019
 3    -0.885    -0.093     0.455
 4   117.116    15.847    -5.109
 4     0.651    -0.758     0.041
 4     0.706     0.586    -0.397
 4     0.277     0.287     0.917
 5   115.034    25.675    19.169
 5     0.146    -0.680     0.718
 5     0.238    -0.681    -0.693
 5     0.960     0.272     0.062
 6   127.885    25.457    44.168
 6     0.263    -0.571    -0.777
 6    -0.111     0.782    -0.613
 6     0.958     0.248     0.143
 7   119.376   -23.207    -3.782
 7     0.600     0.795    -0.091
 7    -0.706     0.580     0.407
 7     0.376    -0.180     0.908
 8   119.779   -32.093    20.192
 8     0.235     0.910     0.340
 8    -0.073    -0.332     0.940
 8     0.969    -0.246    -0.012
 9   130.778   -29.390    44.162
 9     0.218     0.211    -0.953
 9     0.040     0.973     0.225
 9     0.975    -0.087     0.204
 2    97.016   -18.704    59.823
 2     0.394    -0.919     0.008
 2     0.917     0.394     0.052
 2    -0.051    -0.013     0.998
 3   124.520    -3.318     9.924
 3    -0.450    -0.070    -0.890
 3     0.113    -0.993     0.021
 3    -0.886    -0.091     0.455
 4   117.111    15.818    -5.150
 4     0.654    -0.755     0.039
 4     0.705     0.590    -0.394
 4     0.274     0.285     0.918
 5   115.208    26.008    18.694
 5     0.135    -0.705     0.696
 5     0.237    -0.659    -0.714
 5     0.962     0.261     0.078
 6   127.830    25.462    44.022
 6     0.258    -0.567    -0.782
 6    -0.109     0.787    -0.607
 6     0.960     0.241     0.141
 7   119.589   -23.333    -3.776
 7     0.606     0.789    -0.098
 7    -0.702     0.589     0.400
 7     0.373    -0.174     0.911
 8   119.760   -32.442    19.883
 8     0.196     0.926     0.323
 8    -0.109    -0.307     0.945
 8     0.974    -0.221     0.041
 9   130.594   -29.620    44.149
 9     0.215     0.226    -0.950
 9     0.036     0.970     0.239
 9     0.976    -0.086     0.200
 2    97.017   -18.704    59.823
 2     0.394    -0.919     0.007
 2     0.917     0.394     0.052
 2    -0.051    -0.014     0.998
 3   124.638    -3.320     9.929
 3    -0.447    -0.070    -0.891
 3     0.111    -0.994     0.023
 3    -0.887    -0.089     0.452
 4   117.528    15.633    -5.483
 4     0.664    -0.747     0.032
 4     0.698     0.603    -0.386
 4     0.268     0.279     0.922
 5   115.333    26.498    17.912
 5     0.101    -0.746     0.658
 5     0.254    -0.620    -0.742
 5     0.962     0.243     0.127
 6   127.441    25.774    43.441
 6     0.211    -0.512    -0.833
 6    -0.104     0.836    -0.539
 6     0.972     0.200     0.123
 7   119.978   -23.384    -3.902
 7     0.610     0.784    -0.107
 7    -0.700     0.598     0.391
 7     0.371    -0.164     0.914
 8   119.635   -32.865    19.097
 8     0.151     0.940     0.304
 8    -0.131    -0.286     0.949
 8     0.980    -0.184     0.079
 9   129.176   -30.408    44.008
 9     0.167     0.250    -0.954
 9     0.023     0.966     0.257
 9     0.986    -0.065     0.155
 2    97.017   -18.704    59.823
 2     0.394    -0.919     0.007
 2     0.917     0.394     0.052
 2    -0.051    -0.014     0.998
 3   125.053    -3.534    10.031
 3    -0.438    -0.073    -0.896
 3     0.105    -0.994     0.030
 3    -0.893    -0.081     0.443
 4   118.114    15.533    -5.737
 4     0.666    -0.745     0.019
 4     0.695     0.611    -0.377
 4     0.270     0.264     0.926
 5   114.924    27.160    17.139
 5     0.056    -0.769     0.637
 5     0.285    -0.599    -0.748
 5     0.957     0.224     0.185
 6   126.247    26.638    43.038
 6     0.149    -0.448    -0.881
 6    -0.079     0.883    -0.462
 6     0.985     0.138     0.096
 7   120.461   -23.431    -4.052
 7     0.605     0.786    -0.123
 7    -0.701     0.600     0.386
 7     0.377    -0.148     0.914
 8   119.120   -33.617    18.427
 8     0.083     0.959     0.271
 8    -0.155    -0.257     0.954
 8     0.984    -0.121     0.127
 9   126.988   -31.389    43.899
 9     0.090     0.237    -0.967
 9     0.008     0.971     0.239
 9     0.996    -0.030     0.085
 2    96.991   -18.704    59.874
 2     0.394    -0.919     0.007
 2     0.917     0.394     0.052
 2    -0.051    -0.014     0.998
 3   125.259    -3.565    10.173
 3    -0.432    -0.073    -0.899
 3     0.101    -0.994     0.032
 3    -0.896    -0.077     0.436
 4   118.707    15.361    -6.024
 4     0.663    -0.749     0.001
 4     0.696     0.615    -0.368
 4     0.275     0.245     0.929
 5   114.301    27.782    16.333
 5     0.006    -0.790     0.613
 5     0.321    -0.579    -0.750
 5     0.947     0.201     0.250
 6   124.642    27.969    42.411
 6     0.086    -0.404    -0.911
 6    -0.048     0.911    -0.409
 6     0.995     0.079     0.058
 7   121.100   -23.631    -4.318
 7     0.594     0.791    -0.147
 7    -0.705     0.600     0.378
 7     0.387    -0.121     0.914
 8   118.115   -34.683    17.613
 8     0.009     0.968     0.251
 8    -0.182    -0.246     0.952
 8     0.983    -0.054     0.174
 9   124.471   -33.114    43.199
 9     0.014     0.245    -0.969
 9    -0.018     0.969     0.245
 9     1.000     0.014     0.018
 2    97.017   -18.704    59.823
 2     0.394    -0.919     0.007
 2     0.917     0.394     0.052
 2    -0.051    -0.014     0.998
 3   125.436    -3.679    10.439
 3    -0.420    -0.069    -0.905
 3     0.099    -0.995     0.030
 3    -0.902    -0.078     0.424
 4   119.130    15.117    -6.119
 4     0.657    -0.754    -0.012
 4     0.699     0.615    -0.365
 4     0.283     0.231     0.931
 5   113.443    28.200    15.533
 5    -0.056    -0.808     0.586
 5     0.351    -0.566    -0.746
 5     0.935     0.164     0.315
 6   122.610    28.707    41.757
 6     0.014    -0.368    -0.930
 6    -0.026     0.929    -0.368
 6     0.999     0.029     0.003
 7   121.591   -23.731    -4.404
 7     0.580     0.796    -0.169
 7    -0.711     0.597     0.372
 7     0.397    -0.096     0.912
 8   116.947   -35.230    16.937
 8    -0.063     0.968     0.244
 8    -0.210    -0.252     0.945
 8     0.975     0.008     0.219
 9   121.228   -35.314    43.215
 9    -0.060     0.252    -0.966
 9    -0.055     0.965     0.255
 9     0.996     0.068    -0.044
 2    96.991   -18.704    59.874
 2     0.394    -0.919     0.007
 2     0.917     0.394     0.052
 2    -0.051    -0.014     0.998
 3   125.589    -3.744    10.704
 3    -0.408    -0.067    -0.911
 3     0.099    -0.995     0.029
 3    -0.908    -0.078     0.412
 4   119.501    14.975    -6.190
 4     0.648    -0.761    -0.023
 4     0.703     0.610    -0.364
 4     0.291     0.219     0.931
 5   112.435    28.381    14.575
 5    -0.124    -0.818     0.561
 5     0.375    -0.562    -0.737
 5     0.918     0.119     0.377
 6   121.587    29.030    42.796
 6    -0.064    -0.337    -0.939
 6    -0.003     0.941    -0.337
 6     0.998    -0.019    -0.062
 7   121.956   -23.909    -4.484
 7     0.563     0.805    -0.187
 7    -0.720     0.588     0.368
 7     0.406    -0.073     0.910
 8   115.904   -35.831    16.332
 8    -0.130     0.960     0.247
 8    -0.228    -0.271     0.935
 8     0.965     0.064     0.254
 9   118.466   -36.469    42.756
 9    -0.123     0.260    -0.958
 9    -0.077     0.959     0.270
 9     0.989     0.106    -0.099
 2    96.991   -18.704    59.874
 2     0.394    -0.919     0.007
 2     0.917     0.394     0.052
 2    -0.051    -0.014     0.998
 3   125.795    -3.883    10.862
 3    -0.396    -0.068    -0.916
 3     0.098    -0.995     0.031
 3    -0.913    -0.077     0.401
 4   119.905    14.777    -6.418
 4     0.641    -0.767    -0.031
 4     0.710     0.607    -0.357
 4     0.292     0.206     0.933
 5   111.441    28.556    13.688
 5    -0.190    -0.821     0.539
 5     0.398    -0.566    -0.722
 5     0.897     0.077     0.434
 6   117.054    31.341    41.697
 6    -0.136    -0.310    -0.941
 6     0.028     0.948    -0.317
 6     0.990    -0.069    -0.120
 7   122.272   -24.038    -4.533
 7     0.545     0.815    -0.197
 7    -0.729     0.577     0.369
 7     0.414    -0.057     0.908
 8   114.792   -36.052    15.916
 8    -0.180     0.948     0.262
 8    -0.242    -0.301     0.922
 8     0.953     0.103     0.283
 9   116.322   -37.309    42.460
 9    -0.167     0.302    -0.939
 9    -0.089     0.943     0.319
 9     0.982     0.136    -0.131
 2    97.017   -18.704    59.823
 2     0.394    -0.919     0.007
 2     0.917     0.394     0.052
 2    -0.051    -0.014     0.998
 3   125.998    -3.968    10.987
 3    -0.387    -0.069    -0.919
 3     0.095    -0.995     0.034
 3    -0.917    -0.074     0.391
 4   120.190    14.624    -6.752
 4     0.632    -0.774    -0.032
 4     0.720     0.602    -0.344
 4     0.286     0.194     0.938
 5   110.760    28.630    12.510
 5    -0.239    -0.818     0.524
 5     0.421    -0.573    -0.703
 5     0.875     0.053     0.481
 6   115.233    32.320    40.608
 6    -0.186    -0.306    -0.934
 6     0.061     0.945    -0.322
 6     0.980    -0.117    -0.157
 7   122.557   -24.142    -4.593
 7     0.532     0.822    -0.200
 7    -0.736     0.566     0.371
 7     0.418    -0.051     0.907
 8   113.831   -36.307    15.248
 8    -0.229     0.930     0.287
 8    -0.265    -0.344     0.901
 8     0.936     0.130     0.325
 9   114.002   -39.663    41.776
 9    -0.211     0.566    -0.797
 9    -0.115     0.795     0.595
 9     0.971     0.217    -0.103
 2    97.016   -18.704    59.874
 2     0.394    -0.919     0.007
 2     0.917     0.394     0.052
 2    -0.051    -0.014     0.998
 3   126.098    -4.079    11.085
 3    -0.379    -0.069    -0.923
 3     0.091    -0.995     0.037
 3    -0.921    -0.070     0.383
 4   120.477    14.318    -6.909
 4     0.626    -0.779    -0.034
 4     0.727     0.600    -0.333
 4     0.280     0.184     0.942
 5   110.378    28.479    11.656
 5    -0.277    -0.812     0.513
 5     0.438    -0.582    -0.685
 5     0.855     0.035     0.517
 6   113.410    33.919    39.548
 6    -0.233    -0.323    -0.917
 6     0.127     0.925    -0.358
 6     0.964    -0.201    -0.175
 7   122.727   -24.356    -4.687
 7     0.515     0.833    -0.201
 7    -0.749     0.551     0.368
 7     0.417    -0.039     0.908
 8   112.829   -36.492    14.473
 8    -0.272     0.911     0.308
 8    -0.294    -0.384     0.875
 8     0.916     0.147     0.372
 9   112.012   -42.207    40.343
 9    -0.243     0.682    -0.689
 9    -0.169     0.670     0.723
 9     0.955     0.292    -0.048
 2    97.017   -18.704    59.823
 2     0.394    -0.919     0.007
 2     0.917     0.394     0.052
 2    -0.051    -0.014     0.998
 3   126.187    -4.211    11.096
 3    -0.374    -0.072    -0.925
 3     0.090    -0.995     0.041
 3    -0.923    -0.068     0.378
 4   120.749    14.191    -7.079
 4     0.623    -0.781    -0.038
 4     0.731     0.599    -0.327
 4     0.278     0.176     0.944
 5   110.342    28.583    11.011
 5    -0.307    -0.817     0.489
 5     0.453    -0.577    -0.679
 5     0.837     0.013     0.547
 6   112.274    34.973    38.708
 6    -0.278    -0.277    -0.920
 6     0.171     0.928    -0.331
 6     0.945    -0.250    -0.210
 7   122.763   -24.469    -4.743
 7     0.503     0.840    -0.202
 7    -0.760     0.541     0.361
 7     0.412    -0.029     0.910
 8   112.036   -37.174    13.633
 8    -0.308     0.903     0.298
 8    -0.316    -0.393     0.864
 8     0.897     0.172     0.406
 9   110.384   -43.240    39.461
 9    -0.290     0.540    -0.790
 9    -0.198     0.773     0.602
 9     0.936     0.331    -0.117
 2    97.016   -18.704    59.874
 2     0.394    -0.919     0.007
 2     0.917     0.394     0.052
 2    -0.051    -0.014     0.998
 3   126.310    -4.391    11.051
 3    -0.370    -0.078    -0.926
 3     0.091    -0.995     0.047
 3    -0.924    -0.067     0.375
 4   121.054    14.015    -7.206
 4     0.623    -0.781    -0.044
 4     0.731     0.601    -0.323
 4     0.279     0.169     0.945
 5   110.191    28.621    10.501
 5    -0.329    -0.819     0.470
 5     0.457    -0.574    -0.680
 5     0.826    -0.009     0.563
 6   111.317    35.210    38.274
 6    -0.314    -0.239    -0.919
 6     0.181     0.935    -0.305
 6     0.932    -0.262    -0.250
 7   122.810   -24.578    -4.792
 7     0.491     0.846    -0.206
 7    -0.768     0.532     0.357
 7     0.412    -0.018     0.911
 8   111.573   -37.441    13.087
 8    -0.350     0.899     0.264
 8    -0.314    -0.378     0.871
 8     0.882     0.222     0.415
 9   108.570   -42.367    39.032
 9    -0.335     0.382    -0.861
 9    -0.186     0.869     0.457
 9     0.924     0.313    -0.220
 2    97.017   -18.704    59.823
 2     0.394    -0.919     0.008
 2     0.917     0.394     0.052
 2    -0.051    -0.014     0.998
 3   126.394    -4.501    11.220
 3    -0.365    -0.085    -0.927
 3     0.091    -0.994     0.055
 3    -0.927    -0.064     0.370
 4   121.513    13.916    -7.359
 4     0.621    -0.782    -0.055
 4     0.731     0.603    -0.317
 4     0.281     0.156     0.947
 5   110.311    28.638    10.083
 5    -0.354    -0.825     0.441
 5     0.451    -0.564    -0.692
 5     0.819    -0.047     0.571
 6   110.442    34.620    38.120
 6    -0.361    -0.172    -0.917
 6     0.163     0.956    -0.244
 6     0.918    -0.237    -0.317
 7   122.895   -24.660    -4.805
 7     0.472     0.855    -0.214
 7    -0.777     0.518     0.358
 7     0.417    -0.003     0.909
 8   111.021   -37.468    12.947
 8    -0.385     0.887     0.256
 8    -0.306    -0.384     0.871
 8     0.871     0.257     0.419
 9   107.197   -42.283    38.749
 9    -0.369     0.304    -0.878
 9    -0.190     0.900     0.391
 9     0.910     0.311    -0.275
 2    97.016   -18.704    59.822
 2     0.394    -0.919     0.008
 2     0.918     0.394     0.052
 2    -0.051    -0.013     0.998
 3   126.593    -4.707    11.224
 3    -0.360    -0.096    -0.928
 3     0.093    -0.993     0.067
 3    -0.928    -0.062     0.366
 4   122.010    13.747    -7.456
 4     0.618    -0.783    -0.067
 4     0.731     0.604    -0.318
 4     0.289     0.148     0.946
 5   110.074    28.137     9.657
 5    -0.388    -0.814     0.432
 5     0.457    -0.577    -0.677
 5     0.800    -0.065     0.596
 6   109.060    36.029    37.200
 6    -0.388    -0.297    -0.873
 6     0.201     0.897    -0.394
 6     0.900    -0.328    -0.288
 7   123.119   -24.794    -4.881
 7     0.456     0.862    -0.220
 7    -0.785     0.506     0.356
 7     0.418     0.010     0.908
 8   110.777   -37.497    12.407
 8    -0.408     0.877     0.253
 8    -0.315    -0.395     0.863
 8     0.857     0.272     0.437
 9   106.326   -42.684    37.953
 9    -0.394     0.259    -0.882
 9    -0.213     0.907     0.362
 9     0.894     0.330    -0.303
 2    97.017   -18.704    59.823
 2     0.394    -0.919     0.008
 2     0.917     0.394     0.052
 2    -0.051    -0.014     0.998
 3   126.761    -4.890    11.236
 3    -0.355    -0.102    -0.929
 3     0.094    -0.993     0.073
 3    -0.930    -0.061     0.362
 4   122.349    13.620    -7.563
 4     0.609    -0.790    -0.073
 4     0.740     0.599    -0.305
 4     0.284     0.132     0.949
 5   109.607    28.374     8.298
 5    -0.417    -0.797     0.438
 5     0.499    -0.603    -0.622
 5     0.760    -0.041     0.649
 6   107.650    38.924    34.317
 6    -0.390    -0.431    -0.814
 6     0.274     0.789    -0.549
 6     0.879    -0.437    -0.190
 7   123.290   -24.800    -4.932
 7     0.447     0.865    -0.228
 7    -0.791     0.501     0.351
 7     0.418     0.023     0.908
 8   110.419   -37.783    11.810
 8    -0.434     0.866     0.248
 8    -0.328    -0.408     0.852
 8     0.839     0.288     0.461
 9   105.196   -43.577    37.231
 9    -0.423     0.232    -0.876
 9    -0.235     0.905     0.353
 9     0.875     0.355    -0.328
 2    97.017   -18.704    59.823
 2     0.394    -0.919     0.007
 2     0.917     0.394     0.052
 2    -0.051    -0.014     0.998
 3   126.895    -5.050    11.331
 3    -0.347    -0.104    -0.932
 3     0.092    -0.993     0.077
 3    -0.933    -0.059     0.354
 4   122.684    13.389    -7.686
 4     0.603    -0.793    -0.081
 4     0.748     0.598    -0.288
 4     0.276     0.113     0.954
 5   109.378    28.643     7.143
 5    -0.441    -0.791     0.424
 5     0.527    -0.611    -0.591
 5     0.726    -0.037     0.686
 6   106.542    40.426    32.180
 6    -0.426    -0.380    -0.821
 6     0.330     0.779    -0.532
 6     0.842    -0.498    -0.206
 7   123.457   -24.909    -4.923
 7     0.435     0.869    -0.233
 7    -0.798     0.492     0.347
 7     0.416     0.035     0.908
 8   109.980   -37.818    11.591
 8    -0.459     0.854     0.246
 8    -0.327    -0.420     0.846
 8     0.826     0.308     0.472
 9   104.137   -43.484    36.929
 9    -0.444     0.218    -0.869
 9    -0.229     0.910     0.345
 9     0.866     0.352    -0.354
 2    97.017   -18.704    59.823
 2     0.394    -0.919     0.008
 2     0.917     0.394     0.052
 2    -0.051    -0.014     0.998
 3   127.002    -5.182    11.341
 3    -0.344    -0.108    -0.933
 3     0.089    -0.992     0.082
 3    -0.935    -0.055     0.351
 4   122.954    13.209    -7.797
 4     0.603    -0.793    -0.087
 4     0.750     0.600    -0.278
 4     0.272     0.102     0.956
 5   109.438    28.630     6.673
 5    -0.457    -0.795     0.398
 5     0.529    -0.603    -0.597
 5     0.714    -0.062     0.697
 6   105.864    39.982    32.148
 6    -0.475    -0.234    -0.848
 6     0.327     0.848    -0.417
 6     0.817    -0.475    -0.327
 7   123.414   -24.990    -4.802
 7     0.421     0.875    -0.236
 7    -0.804     0.481     0.349
 7     0.419     0.043     0.907
 8   109.510   -37.714    11.619
 8    -0.472     0.843     0.255
 8    -0.315    -0.432     0.845
 8     0.823     0.319     0.469
 9   103.318   -42.927    36.940
 9    -0.455     0.221    -0.863
 9    -0.211     0.914     0.345
 9     0.865     0.339    -0.370
 2    97.017   -18.704    59.823
 2     0.394    -0.919     0.007
 2     0.917     0.394     0.052
 2    -0.051    -0.014     0.998
 3   127.040    -5.235    11.445
 3    -0.342    -0.112    -0.933
 3     0.087    -0.992     0.087
 3    -0.936    -0.051     0.349
 4   123.134    13.108    -7.847
 4     0.602    -0.793    -0.094
 4     0.750     0.602    -0.273
 4     0.273     0.094     0.957
 5   109.386    28.528     6.698
 5    -0.473    -0.796     0.378
 5     0.516    -0.598    -0.613
 5     0.713    -0.095     0.694
 6   105.284    38.944    32.539
 6    -0.505    -0.135    -0.852
 6     0.308     0.894    -0.325
 6     0.806    -0.427    -0.410
 7   123.346   -25.146    -4.860
 7     0.409     0.881    -0.238
 7    -0.809     0.471     0.352
 7     0.422     0.048     0.905
 8   109.184   -37.559    11.556
 8    -0.487     0.834     0.259
 8    -0.306    -0.441     0.843
 8     0.818     0.331     0.470
 9   102.540   -42.774    36.791
 9    -0.468     0.224    -0.855
 9    -0.201     0.915     0.349
 9     0.861     0.334    -0.383
 2    97.017   -18.704    59.823
 2     0.394    -0.919     0.008
 2     0.917     0.394     0.052
 2    -0.051    -0.014     0.998
 3   127.101    -5.314    11.473
 3    -0.339    -0.116    -0.933
 3     0.084    -0.992     0.093
 3    -0.937    -0.047     0.346
 4   123.495    12.986    -7.852
 4     0.599    -0.794    -0.105
 4     0.751     0.602    -0.269
 4     0.276     0.082     0.957
 5   109.457    28.344     6.495
 5    -0.494    -0.792     0.359
 5     0.508    -0.598    -0.620
 5     0.705    -0.124     0.698
 6   104.642    38.505    32.232
 6    -0.533    -0.074    -0.842
 6     0.303     0.913    -0.273
 6     0.789    -0.401    -0.464
 7   123.467   -25.230    -4.883
 7     0.395     0.885    -0.246
 7    -0.816     0.461     0.349
 7     0.422     0.062     0.904
 8   108.950   -37.585    11.105
 8    -0.506     0.823     0.257
 8    -0.310    -0.452     0.836
 8     0.804     0.344     0.484
 9   101.775   -42.927    36.105
 9    -0.488     0.212    -0.847
 9    -0.206     0.915     0.347
 9     0.848     0.344    -0.403
 2    97.017   -18.704    59.823
 2     0.394    -0.919     0.007
 2     0.918     0.394     0.052
 2    -0.051    -0.014     0.998
 3   127.302    -5.427    11.548
 3    -0.329    -0.124    -0.936
 3     0.082    -0.991     0.102
 3    -0.941    -0.043     0.336
 4   124.093    12.995    -7.868
 4     0.592    -0.796    -0.123
 4     0.754     0.601    -0.264
 4     0.284     0.063     0.957
 5   109.710    28.382     6.114
 5    -0.518    -0.790     0.329
 5     0.504    -0.592    -0.629
 5     0.691    -0.160     0.705
 6   104.177    38.163    31.772
 6    -0.569    -0.023    -0.822
 6     0.298     0.926    -0.233
 6     0.766    -0.377    -0.520
 7   123.985   -25.186    -4.985
 7     0.383     0.886    -0.259
 7    -0.821     0.455     0.344
 7     0.422     0.081     0.902
 8   108.965   -37.689    10.602
 8    -0.528     0.811     0.252
 8    -0.311    -0.461     0.831
 8     0.790     0.360     0.495
 9   101.233   -42.906    35.487
 9    -0.510     0.193    -0.838
 9    -0.207     0.918     0.337
 9     0.835     0.345    -0.429
 2    97.017   -18.704    59.823
 2     0.394    -0.919     0.007
 2     0.918     0.394     0.052
 2    -0.051    -0.014     0.998
 3   127.680    -5.438    11.729
 3    -0.316    -0.130    -0.940
 3     0.080    -0.991     0.109
 3    -0.945    -0.041     0.324
 4   124.819    12.955    -8.015
 4     0.586    -0.798    -0.143
 4     0.756     0.601    -0.260
 4     0.293     0.044     0.955
 5   109.875    28.292     5.608
 5    -0.541    -0.780     0.314
 5     0.502    -0.599    -0.624
 5     0.674    -0.180     0.716
 6   103.584    37.972    31.164
 6    -0.598    -0.002    -0.801
 6     0.295     0.929    -0.223
 6     0.745    -0.370    -0.555
 7   124.400   -25.236    -4.833
 7     0.369     0.888    -0.274
 7    -0.824     0.449     0.345
 7     0.430     0.098     0.897
 8   108.821   -37.649    10.491
 8    -0.553     0.795     0.247
 8    -0.307    -0.471     0.827
 8     0.774     0.382     0.504
 9   100.312   -42.765    35.185
 9    -0.534     0.185    -0.825
 9    -0.203     0.919     0.337
 9     0.821     0.347    -0.453
 2    97.017   -18.704    59.823
 2     0.394    -0.919     0.007
 2     0.917     0.394     0.052
 2    -0.051    -0.014     0.998
 3   127.835    -5.672    11.814
 3    -0.312    -0.135    -0.940
 3     0.077    -0.990     0.116
 3    -0.947    -0.036     0.319
 4   125.046    12.702    -7.956
 4     0.583    -0.798    -0.153
 4     0.758     0.601    -0.251
 4     0.292     0.030     0.956
 5   109.753    28.294     4.927
 5    -0.550    -0.780     0.299
 5     0.522    -0.601    -0.606
 5     0.651    -0.177     0.737
 6   103.072    38.942    29.890
 6    -0.608     0.013    -0.794
 6     0.321     0.918    -0.231
 6     0.726    -0.395    -0.562
 7   124.303   -25.417    -4.737
 7     0.360     0.890    -0.279
 7    -0.827     0.443     0.347
 7     0.432     0.105     0.895
 8   108.216   -37.722    10.440
 8    -0.568     0.782     0.255
 8    -0.301    -0.486     0.820
 8     0.766     0.388     0.511
 9    99.381   -42.912    35.002
 9    -0.545     0.193    -0.816
 9    -0.201     0.915     0.351
 9     0.814     0.355    -0.460
 2    96.991   -18.704    59.874
 2     0.394    -0.919     0.007
 2     0.917     0.394     0.052
 2    -0.051    -0.014     0.998
 3   127.718    -5.696    11.756
 3    -0.312    -0.137    -0.940
 3     0.072    -0.990     0.121
 3    -0.947    -0.030     0.318
 4   124.840    12.386    -8.085
 4     0.581    -0.798    -0.155
 4     0.765     0.602    -0.230
 4     0.277     0.015     0.960
 5   109.383    28.593     3.832
 5    -0.556    -0.782     0.282
 5     0.554    -0.601    -0.576
 5     0.620    -0.163     0.767
 6   102.523    40.160    28.248
 6    -0.616     0.034    -0.787
 6     0.358     0.902    -0.241
 6     0.702    -0.431    -0.568
 7   123.725   -25.656    -4.597
 7     0.345     0.897    -0.274
 7    -0.834     0.427     0.349
 7     0.430     0.107     0.896
 8   107.361   -37.681    10.408
 8    -0.573     0.773     0.270
 8    -0.295    -0.502     0.813
 8     0.764     0.386     0.516
 9    98.525   -42.794    34.918
 9    -0.549     0.205    -0.810
 9    -0.199     0.910     0.364
 9     0.812     0.361    -0.459
 2    96.991   -18.704    59.874
 2     0.394    -0.919     0.007
 2     0.917     0.394     0.052
 2    -0.051    -0.014     0.998
 3   127.335    -5.926    11.751
 3    -0.313    -0.142    -0.939
 3     0.064    -0.990     0.128
 3    -0.948    -0.020     0.318
 4   124.429    12.042    -8.260
 4     0.583    -0.798    -0.153
 4     0.769     0.603    -0.210
 4     0.260     0.004     0.965
 5   109.139    28.603     3.240
 5    -0.554    -0.784     0.278
 5     0.572    -0.602    -0.557
 5     0.605    -0.150     0.782
 6   102.358    40.958    27.400
 6    -0.617     0.039    -0.786
 6     0.377     0.891    -0.252
 6     0.690    -0.452    -0.565
 7   123.477   -25.837    -4.517
 7     0.338     0.901    -0.270
 7    -0.837     0.420     0.352
 7     0.430     0.106     0.896
 8   106.999   -37.642    10.428
 8    -0.580     0.767     0.273
 8    -0.290    -0.509     0.810
 8     0.761     0.391     0.518
 9    97.980   -42.756    34.915
 9    -0.556     0.205    -0.805
 9    -0.196     0.909     0.367
 9     0.808     0.361    -0.465
 2    96.991   -18.704    59.874
 2     0.394    -0.919     0.007
 2     0.917     0.394     0.052
 2    -0.051    -0.014     0.998
 3   127.243    -5.976    11.743
 3    -0.314    -0.144    -0.938
 3     0.059    -0.989     0.132
 3    -0.948    -0.014     0.319
 4   124.342    11.860    -8.343
 4     0.583    -0.797    -0.153
 4     0.771     0.603    -0.203
 4     0.254     0.000     0.967
 5   109.006    28.577     2.436
 5    -0.557    -0.786     0.269
 5     0.597    -0.604    -0.527
 5     0.577    -0.133     0.806
 6   101.875    41.947    25.835
 6    -0.625     0.046    -0.780
 6     0.410     0.869    -0.278
 6     0.665    -0.493    -0.561
 7   123.289   -25.845    -4.575
 7     0.333     0.904    -0.268
 7    -0.842     0.413     0.348
 7     0.425     0.109     0.898
 8   106.762   -37.701    10.054
 8    -0.590     0.760     0.271
 8    -0.302    -0.519     0.800
 8     0.749     0.390     0.535
 9    97.359   -43.297    34.242
 9    -0.568     0.196    -0.800
 9    -0.215     0.902     0.373
 9     0.795     0.383    -0.470
 2    97.016   -18.704    59.874
 2     0.394    -0.919     0.007
 2     0.917     0.394     0.052
 2    -0.051    -0.014     0.998
 3   127.138    -6.026    11.664
 3    -0.312    -0.144    -0.939
 3     0.057    -0.989     0.133
 3    -0.948    -0.012     0.317
 4   124.119    11.591    -8.475
 4     0.576    -0.802    -0.155
 4     0.783     0.596    -0.174
 4     0.232    -0.021     0.972
 5   108.708    28.556     1.617
 5    -0.563    -0.782     0.269
 5     0.614    -0.613    -0.497
 5     0.553    -0.115     0.825
 6   101.491    42.741    24.596
 6    -0.629     0.041    -0.776
 6     0.429     0.851    -0.303
 6     0.648    -0.524    -0.553
 7   123.224   -25.853    -4.506
 7     0.328     0.905    -0.270
 7    -0.846     0.409     0.342
 7     0.420     0.116     0.900
 8   106.586   -37.885     9.818
 8    -0.596     0.756     0.270
 8    -0.311    -0.527     0.791
 8     0.740     0.387     0.549
 9    97.108   -43.884    33.901
 9    -0.573     0.193    -0.796
 9    -0.228     0.896     0.381
 9     0.787     0.400    -0.470
 2    97.017   -18.704    59.823
 2     0.394    -0.919     0.007
 2     0.917     0.394     0.052
 2    -0.051    -0.014     0.998
 3   127.071    -6.104    11.567
 3    -0.310    -0.142    -0.940
 3     0.053    -0.990     0.132
 3    -0.949    -0.009     0.314
 4   123.870    11.406    -8.492
 4     0.573    -0.805    -0.154
 4     0.789     0.592    -0.162
 4     0.221    -0.029     0.974
 5   108.490    28.594     1.171
 5    -0.563    -0.780     0.272
 5     0.626    -0.618    -0.475
 5     0.539    -0.097     0.836
 6   101.284    43.162    23.809
 6    -0.628     0.037    -0.777
 6     0.444     0.837    -0.319
 6     0.639    -0.546    -0.543
 7   123.082   -25.938    -4.532
 7     0.324     0.908    -0.267
 7    -0.851     0.402     0.337
 7     0.413     0.118     0.903
 8   106.409   -38.010     9.649
 8    -0.596     0.755     0.274
 8    -0.316    -0.534     0.784
 8     0.738     0.380     0.556
 9    96.930   -44.161    33.735
 9    -0.574     0.196    -0.795
 9    -0.235     0.891     0.389
 9     0.785     0.410    -0.465
 2    97.017   -18.704    59.823
 2     0.394    -0.919     0.007
 2     0.917     0.394     0.052
 2    -0.051    -0.014     0.998
 3   127.023    -6.109    11.579
 3    -0.307    -0.141    -0.941
 3     0.049    -0.990     0.132
 3    -0.951    -0.006     0.310
 4   123.655    11.163    -8.717
 4     0.574    -0.805    -0.149
 4     0.793     0.592    -0.142
 4     0.203    -0.036     0.978
 5   108.417    28.584     0.783
 5    -0.554    -0.786     0.275
 5     0.642    -0.613    -0.460
 5     0.530    -0.078     0.844
 6   101.659    43.912    23.067
 6    -0.619     0.039    -0.784
 6     0.467     0.821    -0.328
 6     0.631    -0.569    -0.527
 7   122.717   -26.000    -4.504
 7     0.316     0.912    -0.260
 7    -0.857     0.392     0.333
 7     0.406     0.117     0.906
 8   106.004   -37.986     9.417
 8    -0.599     0.750     0.282
 8    -0.321    -0.547     0.773
 8     0.734     0.372     0.568
 9    96.384   -44.598    33.417
 9    -0.578     0.201    -0.791
 9    -0.245     0.882     0.403
 9     0.778     0.427    -0.461
 2    97.017   -18.704    59.823
 2     0.394    -0.919     0.007
 2     0.917     0.394     0.052
 2    -0.051    -0.014     0.998
 3   126.966    -6.287    11.523
 3    -0.305    -0.144    -0.941
 3     0.047    -0.990     0.136
 3    -0.951    -0.003     0.308
 4   123.591    10.876    -8.718
 4     0.579    -0.802    -0.148
 4     0.792     0.596    -0.134
 4     0.195    -0.040     0.980
 5   108.632    28.629     0.641
 5    -0.545    -0.793     0.273
 5     0.654    -0.605    -0.454
 5     0.525    -0.069     0.848
 6   102.052    44.263    22.768
 6    -0.613     0.046    -0.789
 6     0.479     0.815    -0.325
 6     0.628    -0.578    -0.521
 7   122.373   -26.115    -4.523
 7     0.306     0.918    -0.254
 7    -0.865     0.379     0.329
 7     0.398     0.118     0.909
 8   105.568   -38.018     9.217
 8    -0.604     0.742     0.290
 8    -0.323    -0.561     0.762
 8     0.729     0.366     0.578
 9    95.942   -44.782    33.070
 9    -0.584     0.204    -0.786
 9    -0.252     0.874     0.414
 9     0.772     0.440    -0.459
 2    96.991   -18.704    59.874
 2     0.394    -0.919     0.007
 2     0.917     0.394     0.052
 2    -0.051    -0.014     0.998
 3   126.908    -6.340    11.453
 3    -0.303    -0.147    -0.941
 3     0.046    -0.989     0.139
 3    -0.952    -0.002     0.307
 4   123.554    10.794    -8.801
 4     0.583    -0.800    -0.146
 4     0.790     0.599    -0.128
 4     0.189    -0.041     0.981
 5   108.678    28.626     0.518
 5    -0.541    -0.796     0.273
 5     0.659    -0.603    -0.450
 5     0.523    -0.064     0.850
 6   102.097    44.438    22.595
 6    -0.610     0.046    -0.791
 6     0.485     0.811    -0.327
 6     0.626    -0.583    -0.517
 7   122.182   -26.125    -4.624
 7     0.300     0.921    -0.248
 7    -0.870     0.371     0.325
 7     0.391     0.118     0.912
 8   105.390   -37.942     9.049
 8    -0.604     0.740     0.294
 8    -0.326    -0.567     0.756
 8     0.727     0.361     0.584
 9    95.788   -44.883    32.877
 9    -0.584     0.206    -0.785
 9    -0.257     0.870     0.419
 9     0.770     0.446    -0.455
 2    97.016   -18.704    59.874
 2     0.394    -0.919     0.007
 2     0.917     0.394     0.052
 2    -0.051    -0.014     0.998
 3   126.858    -6.442    11.401
 3    -0.303    -0.150    -0.941
 3     0.047    -0.989     0.142
 3    -0.952    -0.001     0.307
 4   123.446    10.689    -8.739
 4     0.584    -0.799    -0.144
 4     0.790     0.600    -0.123
 4     0.185    -0.042     0.982
 5   108.552    28.677     0.463
 5    -0.538    -0.796     0.277
 5     0.661    -0.603    -0.447
 5     0.523    -0.057     0.850
 6   102.233    44.440    22.655
 6    -0.605     0.042    -0.795
 6     0.486     0.810    -0.328
 6     0.630    -0.585    -0.511
 7   122.151   -26.026    -4.715
 7     0.300     0.922    -0.245
 7    -0.871     0.370     0.323
 7     0.388     0.116     0.914
 8   105.349   -37.938     9.038
 8    -0.601     0.743     0.295
 8    -0.327    -0.566     0.757
 8     0.729     0.358     0.583
 9    95.900   -44.876    33.039
 9    -0.580     0.206    -0.788
 9    -0.258     0.871     0.417
 9     0.773     0.446    -0.452
 2    97.017   -18.704    59.823
 2     0.394    -0.919     0.007
 2     0.917     0.394     0.052
 2    -0.051    -0.014     0.998
 3   126.841    -6.465    11.342
 3    -0.304    -0.152    -0.940
 3     0.048    -0.988     0.144
 3    -0.951    -0.001     0.308
 4   123.271    10.865    -8.693
 4     0.589    -0.796    -0.138
 4     0.786     0.604    -0.129
 4     0.186    -0.033     0.982
 5   108.777    28.782     1.694
 5    -0.517    -0.802     0.299
 5     0.650    -0.595    -0.473
 5     0.557    -0.050     0.828
 6   103.458    43.915    24.673
 6    -0.575     0.007    -0.818
 6     0.465     0.825    -0.320
 6     0.673    -0.565    -0.478
 7   121.895   -26.118    -4.628
 7     0.309     0.922    -0.233
 7    -0.866     0.374     0.332
 7     0.393     0.098     0.914
 8   105.688   -37.667    10.112
 8    -0.566     0.766     0.304
 8    -0.311    -0.540     0.782
 8     0.763     0.348     0.544
 9    97.566   -43.834    34.634
 9    -0.539     0.224    -0.812
 9    -0.235     0.886     0.400
 9     0.809     0.406    -0.425
 2    97.017   -18.704    59.823
 2     0.394    -0.919     0.008
 2     0.917     0.394     0.052
 2    -0.051    -0.014     0.998
 3   126.642    -6.507    11.424
 3    -0.315    -0.152    -0.937
 3     0.052    -0.988     0.143
 3    -0.948    -0.004     0.319
 4   122.906    11.227    -8.510
 4     0.610    -0.784    -0.112
 4     0.765     0.620    -0.173
 4     0.205     0.020     0.978
 5   109.424    28.726     4.039
 5    -0.458    -0.813     0.360
 5     0.619    -0.582    -0.527
 5     0.637    -0.018     0.770
 6   106.528    42.060    28.592
 6    -0.496    -0.054    -0.867
 6     0.418     0.859    -0.293
 6     0.761    -0.508    -0.403
 7   121.550   -26.163    -4.507
 7     0.334     0.919    -0.209
 7    -0.849     0.390     0.357
 7     0.410     0.058     0.910
 8   106.485   -37.282    11.812
 8    -0.499     0.799     0.336
 8    -0.281    -0.516     0.809
 8     0.820     0.309     0.481
 9   100.818   -42.097    37.272
 9    -0.463     0.265    -0.846
 9    -0.192     0.901     0.388
 9     0.865     0.342    -0.366
 2    97.016   -18.704    59.874
 2     0.394    -0.919     0.008
 2     0.917     0.394     0.052
 2    -0.051    -0.014     0.998
 3   126.511    -6.541    11.282
 3    -0.330    -0.152    -0.932
 3     0.057    -0.988     0.141
 3    -0.942    -0.007     0.335
 4   122.374    11.744    -8.118
 4     0.631    -0.771    -0.084
 4     0.740     0.631    -0.230
 4     0.229     0.083     0.969
 5   110.179    28.364     7.328
 5    -0.365    -0.812     0.455
 5     0.572    -0.582    -0.578
 5     0.734     0.049     0.677
 6   110.855    39.872    32.891
 6    -0.354    -0.175    -0.919
 6     0.348     0.887    -0.303
 6     0.868    -0.427    -0.253
 7   121.082   -26.177    -4.339
 7     0.369     0.911    -0.186
 7    -0.825     0.413     0.385
 7     0.427     0.011     0.904
 8   108.107   -36.429    14.414
 8    -0.384     0.836     0.391
