2 	  32.70	  -7.38	  22.73
	  0.472	  0.881	 -0.027
	 -0.882	  0.471	 -0.011
	  0.004	  0.029	  0.999

3 	  44.07	  -1.32	   0.93
	  0.535	 -0.152	  0.831
	  0.010	  0.985	  0.173
	 -0.845	 -0.084	  0.528

4 	  37.69	   5.06	  -4.29
	  0.359	  0.931	  0.056
	 -0.747	  0.250	  0.616
	  0.560	 -0.263	  0.785

5 	  44.67	   8.03	   5.43
	  0.805	 -0.066	  0.589
	 -0.582	 -0.282	  0.763
	  0.115	 -0.957	 -0.265

6 	  46.83	  -2.39	   2.32
	 -0.069	 -0.915	 -0.398
	  0.851	 -0.262	  0.455
	 -0.521	 -0.308	  0.796

7 	  38.06	  -7.93	  -4.39
	  0.508	 -0.859	 -0.062
	  0.720	  0.463	 -0.516
	  0.473	  0.217	  0.853

8 	  46.55	 -11.46	   3.22
	  0.937	  0.057	  0.344
	  0.347	 -0.262	 -0.900
	  0.037	  0.964	 -0.264

9 	  48.73	  -0.81	   1.90
	 -0.150	  0.974	 -0.170
	 -0.544	 -0.223	 -0.809
	 -0.826	 -0.028	  0.563

2 	  32.70	  -7.37	  22.73
	  0.472	  0.881	 -0.027
	 -0.882	  0.471	 -0.011
	  0.004	  0.029	  0.999

3 	  44.09	  -1.32	   0.90
	  0.538	 -0.152	  0.829
	  0.011	  0.985	  0.173
	 -0.843	 -0.084	  0.531

4 	  37.71	   5.04	  -4.31
	  0.359	  0.932	  0.055
	 -0.746	  0.251	  0.617
	  0.562	 -0.262	  0.785

5 	  44.67	   8.02	   5.41
	  0.806	 -0.066	  0.589
	 -0.581	 -0.284	  0.763
	  0.116	 -0.957	 -0.266

6 	  46.85	  -2.39	   2.32
	 -0.069	 -0.914	 -0.399
	  0.850	 -0.263	  0.455
	 -0.521	 -0.308	  0.796

7 	  38.07	  -7.93	  -4.41
	  0.508	 -0.859	 -0.063
	  0.719	  0.463	 -0.517
	  0.474	  0.217	  0.853

8 	  46.55	 -11.44	   3.20
	  0.937	  0.057	  0.343
	  0.346	 -0.264	 -0.900
	  0.038	  0.963	 -0.266

9 	  48.73	  -0.81	   1.90
	 -0.148	  0.974	 -0.171
	 -0.541	 -0.223	 -0.811
	 -0.828	 -0.027	  0.559

2 	  32.70	  -7.37	  22.73
	  0.472	  0.881	 -0.028
	 -0.882	  0.471	 -0.010
	  0.005	  0.029	  0.999

3 	  44.09	  -1.34	   0.88
	  0.538	 -0.152	  0.829
	  0.012	  0.985	  0.172
	 -0.843	 -0.083	  0.531

4 	  37.65	   5.01	  -4.31
	  0.357	  0.932	  0.053
	 -0.745	  0.249	  0.618
	  0.564	 -0.260	  0.784

5 	  44.65	   8.02	   5.41
	  0.806	 -0.065	  0.588
	 -0.580	 -0.285	  0.763
	  0.117	 -0.956	 -0.268

6 	  46.86	  -2.39	   2.29
	 -0.073	 -0.915	 -0.397
	  0.856	 -0.261	  0.446
	 -0.512	 -0.307	  0.802

7 	  38.02	  -7.96	  -4.38
	  0.509	 -0.859	 -0.055
	  0.720	  0.459	 -0.520
	  0.473	  0.225	  0.852

8 	  46.32	 -11.50	   3.46
	  0.939	  0.045	  0.339
	  0.336	 -0.306	 -0.891
	  0.063	  0.951	 -0.302

9 	  49.01	  -1.00	   1.63
	 -0.074	  0.974	 -0.212
	 -0.558	 -0.216	 -0.801
	 -0.827	  0.059	  0.559

2 	  32.70	  -7.37	  22.73
	  0.472	  0.881	 -0.027
	 -0.882	  0.471	 -0.011
	  0.004	  0.029	  0.999

3 	  44.02	  -1.32	   0.86
	  0.557	 -0.153	  0.816
	  0.014	  0.984	  0.174
	 -0.830	 -0.086	  0.551

4 	  37.53	   5.01	  -4.25
	  0.350	  0.935	  0.062
	 -0.745	  0.236	  0.623
	  0.568	 -0.264	  0.779

5 	  43.96	   7.96	   5.70
	  0.801	 -0.045	  0.597
	 -0.566	 -0.385	  0.729
	  0.196	 -0.922	 -0.334

6 	  47.41	  -1.51	   1.55
	 -0.001	 -0.878	 -0.479
	  0.858	 -0.247	  0.451
	 -0.515	 -0.410	  0.753

7 	  37.97	  -7.98	  -4.31
	  0.500	 -0.865	 -0.028
	  0.732	  0.439	 -0.520
	  0.463	  0.240	  0.853

8 	  45.65	 -11.36	   4.48
	  0.938	 -0.011	  0.347
	  0.292	 -0.518	 -0.804
	  0.188	  0.855	 -0.482

9 	  50.57	  -2.21	   1.16
	  0.177	  0.902	 -0.393
	 -0.497	 -0.265	 -0.826
	 -0.851	  0.340	  0.400

2 	  32.70	  -7.37	  22.73
	  0.472	  0.881	 -0.027
	 -0.882	  0.471	 -0.011
	  0.004	  0.029	  0.999

3 	  44.00	  -1.20	   0.83
	  0.577	 -0.150	  0.802
	  0.023	  0.985	  0.167
	 -0.816	 -0.079	  0.572

4 	  37.39	   5.12	  -4.13
	  0.302	  0.948	  0.103
	 -0.772	  0.178	  0.610
	  0.560	 -0.264	  0.785

5 	  42.57	   8.03	   6.59
	  0.780	  0.039	  0.625
	 -0.483	 -0.597	  0.640
	  0.399	 -0.801	 -0.447

6 	  48.22	   1.30	   1.04
	  0.234	 -0.688	 -0.687
	  0.844	 -0.207	  0.494
	 -0.483	 -0.694	  0.533

7 	  37.90	  -7.93	  -4.29
	  0.444	 -0.896	  0.023
	  0.778	  0.372	 -0.506
	  0.445	  0.242	  0.862

8 	  44.23	 -11.06	   5.92
	  0.901	 -0.080	  0.427
	  0.244	 -0.720	 -0.649
	  0.359	  0.688	 -0.630

9 	  51.13	  -4.69	   1.28
	  0.444	  0.676	 -0.587
	 -0.571	 -0.298	 -0.766
	 -0.696	  0.672	  0.254

2 	  32.70	  -7.37	  22.73
	  0.472	  0.881	 -0.027
	 -0.882	  0.471	 -0.011
	  0.004	  0.029	  0.999

3 	  44.00	  -1.05	   0.86
	  0.583	 -0.162	  0.796
	  0.022	  0.982	  0.184
	 -0.812	 -0.090	  0.576

4 	  37.21	   5.33	  -3.92
	  0.201	  0.962	  0.183
	 -0.823	  0.064	  0.564
	  0.532	 -0.264	  0.804

5 	  40.57	   7.95	   7.61
	  0.718	  0.163	  0.676
	 -0.289	 -0.815	  0.501
	  0.635	 -0.554	 -0.539

6 	  47.58	   4.99	   1.11
	  0.411	 -0.377	 -0.830
	  0.886	 -0.047	  0.460
	 -0.214	 -0.924	  0.317

7 	  37.74	  -7.98	  -4.04
	  0.374	 -0.922	  0.101
	  0.831	  0.285	 -0.477
	  0.411	  0.262	  0.873

8 	  42.73	 -10.37	   7.31
	  0.835	 -0.116	  0.538
	  0.179	 -0.867	 -0.464
	  0.521	  0.483	 -0.704

9 	  50.47	  -7.22	   1.78
	  0.566	  0.346	 -0.748
	 -0.690	 -0.304	 -0.657
	 -0.461	  0.885	  0.068

2 	  32.70	  -7.37	  22.73
	  0.472	  0.881	 -0.028
	 -0.882	  0.471	 -0.010
	  0.005	  0.029	  0.999

3 	  43.93	  -0.86	   0.86
	  0.590	 -0.148	  0.794
	  0.007	  0.984	  0.177
	 -0.808	 -0.099	  0.581

4 	  36.98	   5.50	  -3.83
	  0.111	  0.969	  0.219
	 -0.849	 -0.022	  0.528
	  0.517	 -0.244	  0.820

5 	  39.60	   7.51	   8.05
	  0.677	  0.238	  0.696
	 -0.069	 -0.922	  0.381
	  0.733	 -0.305	 -0.608

6 	  46.21	   7.70	   0.83
	  0.403	 -0.105	 -0.909
	  0.888	  0.284	  0.361
	  0.220	 -0.953	  0.208

7 	  37.72	  -8.00	  -3.76
	  0.338	 -0.929	  0.152
	  0.856	  0.236	 -0.459
	  0.391	  0.285	  0.875

8 	  42.38	  -9.77	   7.93
	  0.814	 -0.126	  0.566
	  0.095	 -0.934	 -0.344
	  0.573	  0.333	 -0.749

9 	  49.61	  -9.26	   1.05
	  0.500	  0.069	 -0.863
	 -0.859	 -0.087	 -0.504
	 -0.114	  0.993	  0.018

2 	  32.70	  -7.37	  22.73
	  0.472	  0.881	 -0.028
	 -0.882	  0.471	 -0.010
	  0.005	  0.029	  0.999

3 	  43.93	  -0.67	   0.81
	  0.596	 -0.134	  0.791
	 -0.005	  0.985	  0.171
	 -0.803	 -0.106	  0.586

4 	  36.83	   5.71	  -3.74
	  0.048	  0.971	  0.231
	 -0.864	 -0.075	  0.497
	  0.500	 -0.224	  0.836

5 	  39.02	   7.26	   8.35
	  0.635	  0.288	  0.717
	  0.094	 -0.950	  0.299
	  0.767	 -0.122	 -0.630

6 	  44.89	   9.40	   0.83
	  0.343	  0.056	 -0.938
	  0.821	  0.468	  0.327
	  0.458	 -0.882	  0.113

7 	  37.55	  -7.88	  -3.59
	  0.284	 -0.942	  0.180
	  0.879	  0.180	 -0.442
	  0.384	  0.284	  0.878

8 	  42.03	  -9.65	   8.05
	  0.805	 -0.211	  0.555
	 -0.058	 -0.958	 -0.280
	  0.591	  0.193	 -0.783

9 	  48.60	 -11.34	   0.72
	  0.421	 -0.121	 -0.899
	 -0.900	  0.071	 -0.431
	  0.115	  0.990	 -0.078

2 	  32.70	  -7.37	  22.73
	  0.472	  0.881	 -0.028
	 -0.882	  0.471	 -0.010
	  0.005	  0.029	  0.999

3 	  43.88	  -0.46	   0.70
	  0.613	 -0.119	  0.781
	 -0.017	  0.986	  0.163
	 -0.790	 -0.114	  0.602

4 	  36.62	   5.85	  -3.60
	  0.006	  0.970	  0.243
	 -0.868	 -0.116	  0.482
	  0.496	 -0.214	  0.841

5 	  38.50	   7.15	   8.47
	  0.601	  0.314	  0.735
	  0.171	 -0.949	  0.266
	  0.781	 -0.034	 -0.624

6 	  43.89	  10.05	   0.98
	  0.296	  0.113	 -0.948
	  0.776	  0.551	  0.307
	  0.558	 -0.826	  0.074

7 	  37.30	  -7.75	  -3.55
	  0.241	 -0.951	  0.191
	  0.890	  0.139	 -0.433
	  0.386	  0.274	  0.881

8 	  41.71	  -9.60	   8.10
	  0.788	 -0.274	  0.551
	 -0.158	 -0.956	 -0.249
	  0.595	  0.109	 -0.796

9 	  47.78	 -12.64	   0.77
	  0.366	 -0.239	 -0.899
	 -0.903	  0.145	 -0.405
	  0.227	  0.960	 -0.162

2 	  32.70	  -7.37	  22.73
	  0.472	  0.881	 -0.028
	 -0.882	  0.471	 -0.010
	  0.005	  0.029	  0.999

3 	  43.84	  -0.37	   0.58
	  0.630	 -0.104	  0.769
	 -0.031	  0.987	  0.159
	 -0.776	 -0.124	  0.619

4 	  36.42	   5.91	  -3.48
	 -0.028	  0.965	  0.260
	 -0.867	 -0.153	  0.474
	  0.498	 -0.212	  0.841

5 	  38.00	   7.15	   8.58
	  0.561	  0.345	  0.752
	  0.224	 -0.938	  0.264
	  0.797	  0.021	 -0.604

6 	  42.89	  10.51	   1.20
	  0.243	  0.148	 -0.959
	  0.759	  0.586	  0.282
	  0.604	 -0.796	  0.029

7 	  36.91	  -7.63	  -3.48
	  0.188	 -0.964	  0.190
	  0.901	  0.092	 -0.423
	  0.390	  0.251	  0.886

8 	  41.40	  -9.67	   8.12
	  0.770	 -0.359	  0.527
	 -0.281	 -0.933	 -0.227
	  0.573	  0.027	 -0.819

9 	  46.21	 -13.85	   0.44
	  0.219	 -0.328	 -0.919
	 -0.921	  0.240	 -0.305
	  0.321	  0.913	 -0.249

2 	  32.70	  -7.37	  22.73
	  0.472	  0.881	 -0.028
	 -0.882	  0.471	 -0.010
	  0.005	  0.029	  0.999

3 	  43.63	  -0.42	   0.49
	  0.648	 -0.102	  0.754
	 -0.022	  0.988	  0.152
	 -0.761	 -0.115	  0.638

4 	  36.14	   5.91	  -3.39
	 -0.029	  0.968	  0.249
	 -0.861	 -0.151	  0.486
	  0.508	 -0.201	  0.837

5 	  38.13	   7.03	   8.54
	  0.608	  0.334	  0.720
	  0.228	 -0.942	  0.245
	  0.761	  0.015	 -0.649

6 	  41.94	  10.27	   0.65
	  0.095	  0.127	 -0.987
	  0.782	  0.603	  0.153
	  0.616	 -0.787	 -0.043

7 	  36.60	  -7.70	  -3.34
	  0.175	 -0.964	  0.200
	  0.897	  0.072	 -0.437
	  0.406	  0.255	  0.877

8 	  41.59	  -9.37	   8.10
	  0.817	 -0.311	  0.486
	 -0.238	 -0.949	 -0.208
	  0.526	  0.054	 -0.849

9 	  45.44	 -13.18	  -0.07
	  0.078	 -0.299	 -0.951
	 -0.939	  0.299	 -0.171
	  0.336	  0.906	 -0.258

2 	  32.70	  -7.37	  22.73
	  0.472	  0.881	 -0.028
	 -0.882	  0.471	 -0.010
	  0.005	  0.029	  0.999

3 	  43.54	  -0.44	   0.42
	  0.657	 -0.093	  0.747
	 -0.020	  0.990	  0.140
	 -0.754	 -0.107	  0.648

4 	  36.07	   5.84	  -3.43
	 -0.029	  0.969	  0.243
	 -0.857	 -0.150	  0.492
	  0.514	 -0.194	  0.835

5 	  38.11	   7.03	   8.53
	  0.613	  0.325	  0.720
	  0.205	 -0.946	  0.252
	  0.763	 -0.007	 -0.646

6 	  42.12	  10.21	   0.67
	  0.118	  0.130	 -0.984
	  0.781	  0.600	  0.173
	  0.614	 -0.789	 -0.032

7 	  36.56	  -7.72	  -3.32
	  0.175	 -0.964	  0.201
	  0.896	  0.071	 -0.439
	  0.408	  0.256	  0.876

8 	  41.59	  -9.30	   8.09
	  0.821	 -0.303	  0.484
	 -0.231	 -0.951	 -0.203
	  0.522	  0.055	 -0.851

9 	  45.30	 -13.20	  -0.05
	  0.065	 -0.307	 -0.949
	 -0.935	  0.313	 -0.165
	  0.348	  0.899	 -0.267

2 	  32.70	  -7.37	  22.73
	  0.472	  0.881	 -0.028
	 -0.882	  0.471	 -0.010
	  0.005	  0.029	  0.999

3 	  43.54	  -0.47	   0.42
	  0.659	 -0.094	  0.745
	 -0.012	  0.991	  0.135
	 -0.752	 -0.099	  0.652

4 	  36.07	   5.82	  -3.45
	 -0.025	  0.970	  0.241
	 -0.858	 -0.145	  0.493
	  0.513	 -0.195	  0.836

5 	  38.11	   7.01	   8.53
	  0.611	  0.322	  0.723
	  0.199	 -0.947	  0.253
	  0.767	 -0.011	 -0.642

6 	  42.13	  10.23	   0.67
	  0.122	  0.133	 -0.984
	  0.777	  0.603	  0.178
	  0.617	 -0.786	 -0.031

7 	  36.47	  -7.73	  -3.34
	  0.168	 -0.965	  0.201
	  0.898	  0.066	 -0.435
	  0.407	  0.254	  0.877

8 	  41.52	  -9.28	   8.10
	  0.823	 -0.309	  0.477
	 -0.240	 -0.950	 -0.201
	  0.516	  0.051	 -0.855

9 	  45.05	 -13.25	  -0.14
	  0.041	 -0.305	 -0.951
	 -0.934	  0.325	 -0.145
	  0.354	  0.895	 -0.272

2 	  32.70	  -7.37	  22.73
	  0.472	  0.881	 -0.028
	 -0.882	  0.471	 -0.010
	  0.005	  0.029	  0.999

3 	  43.51	  -0.49	   0.42
	  0.661	 -0.095	  0.744
	 -0.009	  0.991	  0.134
	 -0.751	 -0.095	  0.653

4 	  36.02	   5.80	  -3.43
	 -0.025	  0.971	  0.239
	 -0.857	 -0.144	  0.495
	  0.515	 -0.192	  0.835

5 	  38.09	   7.03	   8.53
	  0.610	  0.324	  0.723
	  0.199	 -0.946	  0.256
	  0.767	 -0.013	 -0.641

6 	  42.08	  10.25	   0.67
	  0.120	  0.133	 -0.984
	  0.773	  0.609	  0.176
	  0.623	 -0.782	 -0.030

7 	  36.39	  -7.73	  -3.32
	  0.166	 -0.965	  0.200
	  0.898	  0.064	 -0.435
	  0.407	  0.252	  0.877

8 	  41.48	  -9.30	   8.09
	  0.823	 -0.313	  0.473
	 -0.245	 -0.948	 -0.201
	  0.512	  0.049	 -0.858

9 	  44.98	 -13.25	  -0.16
	  0.037	 -0.304	 -0.952
	 -0.934	  0.328	 -0.141
	  0.355	  0.894	 -0.272

2 	  32.70	  -7.37	  22.73
	  0.472	  0.881	 -0.027
	 -0.882	  0.471	 -0.011
	  0.004	  0.029	  0.999

3 	  43.47	  -0.49	   0.42
	  0.663	 -0.096	  0.742
	 -0.005	  0.991	  0.133
	 -0.749	 -0.092	  0.656

4 	  36.00	   5.78	  -3.43
	 -0.025	  0.971	  0.238
	 -0.856	 -0.144	  0.497
	  0.517	 -0.192	  0.834

5 	  38.07	   7.03	   8.53
	  0.609	  0.327	  0.723
	  0.199	 -0.945	  0.259
	  0.768	 -0.014	 -0.641

6 	  42.05	  10.27	   0.65
	  0.120	  0.134	 -0.984
	  0.769	  0.614	  0.177
	  0.628	 -0.777	 -0.030

7 	  36.35	  -7.72	  -3.34
	  0.163	 -0.966	  0.200
	  0.898	  0.061	 -0.436
	  0.408	  0.251	  0.877

8 	  41.47	  -9.28	   8.09
	  0.823	 -0.316	  0.472
	 -0.249	 -0.948	 -0.200
	  0.510	  0.047	 -0.859

9 	  44.96	 -13.27	  -0.16
	  0.037	 -0.305	 -0.952
	 -0.934	  0.328	 -0.142
	  0.355	  0.894	 -0.273

2 	  32.70	  -7.37	  22.73
	  0.472	  0.881	 -0.028
	 -0.882	  0.471	 -0.010
	  0.005	  0.029	  0.999

3 	  43.49	  -0.51	   0.40
	  0.665	 -0.097	  0.741
	 -0.003	  0.991	  0.132
	 -0.747	 -0.090	  0.658

4 	  36.00	   5.80	  -3.43
	 -0.025	  0.971	  0.236
	 -0.855	 -0.143	  0.498
	  0.518	 -0.190	  0.834

5 	  38.07	   7.05	   8.53
	  0.608	  0.328	  0.723
	  0.199	 -0.945	  0.261
	  0.769	 -0.015	 -0.639

6 	  42.17	  10.25	   0.67
	  0.135	  0.133	 -0.982
	  0.770	  0.609	  0.188
	  0.623	 -0.782	 -0.021

7 	  36.33	  -7.72	  -3.34
	  0.161	 -0.967	  0.198
	  0.898	  0.060	 -0.435
	  0.409	  0.247	  0.878

8 	  41.40	  -9.35	   8.07
	  0.824	 -0.314	  0.472
	 -0.243	 -0.948	 -0.207
	  0.512	  0.057	 -0.857

9 	  45.26	 -13.01	  -0.23
	  0.078	 -0.277	 -0.958
	 -0.946	  0.281	 -0.159
	  0.314	  0.919	 -0.240

2 	  32.70	  -7.37	  22.75
	  0.472	  0.881	 -0.027
	 -0.882	  0.471	 -0.011
	  0.004	  0.029	  0.999

3 	  43.47	  -0.53	   0.40
	  0.664	 -0.098	  0.741
	  0.000	  0.991	  0.130
	 -0.748	 -0.086	  0.658

4 	  36.19	   5.80	  -3.48
	  0.000	  0.976	  0.217
	 -0.856	 -0.112	  0.504
	  0.517	 -0.186	  0.835

5 	  38.16	   7.12	   8.46
	  0.613	  0.292	  0.734
	  0.120	 -0.953	  0.278
	  0.781	 -0.082	 -0.619

6 	  43.59	   9.35	   0.76
	  0.260	  0.059	 -0.964
	  0.852	  0.455	  0.258
	  0.454	 -0.888	  0.067

7 	  36.46	  -7.72	  -3.46
	  0.168	 -0.969	  0.179
	  0.895	  0.074	 -0.440
	  0.413	  0.234	  0.880

8 	  41.38	  -9.47	   7.98
	  0.831	 -0.250	  0.496
	 -0.132	 -0.956	 -0.260
	  0.540	  0.150	 -0.828

9 	  46.48	 -11.53	  -0.26
	  0.218	 -0.146	 -0.965
	 -0.964	  0.123	 -0.236
	  0.153	  0.982	 -0.113

2 	  32.70	  -7.37	  22.73
	  0.472	  0.881	 -0.027
	 -0.882	  0.471	 -0.011
	  0.004	  0.029	  0.999

3 	  43.61	  -0.60	   0.40
	  0.662	 -0.098	  0.742
	  0.003	  0.992	  0.128
	 -0.750	 -0.083	  0.657

4 	  36.44	   5.77	  -3.62
	  0.046	  0.980	  0.193
	 -0.849	 -0.064	  0.525
	  0.527	 -0.188	  0.828

5 	  38.72	   7.51	   8.23
	  0.641	  0.199	  0.741
	 -0.104	 -0.935	  0.340
	  0.760	 -0.294	 -0.579

6 	  45.49	   7.35	   1.05
	  0.393	 -0.139	 -0.909
	  0.918	  0.111	  0.380
	  0.047	 -0.984	  0.171

7 	  36.67	  -7.75	  -3.66
	  0.190	 -0.969	  0.158
	  0.889	  0.102	 -0.446
	  0.416	  0.225	  0.881

8 	  41.52	  -9.62	   7.88
	  0.836	 -0.170	  0.521
	 -0.003	 -0.952	 -0.305
	  0.549	  0.252	 -0.797

9 	  47.79	  -9.63	   0.07
	  0.359	  0.033	 -0.932
	 -0.930	 -0.069	 -0.361
	 -0.078	  0.997	  0.008

2 	  32.70	  -7.37	  22.75
	  0.472	  0.881	 -0.027
	 -0.882	  0.471	 -0.011
	  0.004	  0.029	  0.999

3 	  43.68	  -0.67	   0.42
	  0.659	 -0.102	  0.745
	  0.005	  0.991	  0.131
	 -0.752	 -0.083	  0.653

4 	  36.60	   5.70	  -3.69
	  0.087	  0.981	  0.173
	 -0.838	 -0.022	  0.545
	  0.539	 -0.192	  0.820

5 	  39.43	   8.09	   8.00
	  0.652	  0.125	  0.747
	 -0.325	 -0.846	  0.423
	  0.686	 -0.518	 -0.511

6 	  46.71	   5.10	   1.51
	  0.419	 -0.388	 -0.821
	  0.845	 -0.166	  0.509
	 -0.336	 -0.906	  0.260

7 	  36.83	  -7.79	  -3.78
	  0.211	 -0.967	  0.145
	  0.885	  0.126	 -0.447
	  0.414	  0.223	  0.882

8 	  41.61	  -9.69	   7.84
	  0.828	 -0.102	  0.552
	  0.106	 -0.938	 -0.331
	  0.551	  0.331	 -0.766

9 	  48.80	  -7.75	   0.95
	  0.471	  0.227	 -0.852
	 -0.823	 -0.238	 -0.516
	 -0.323	  0.943	  0.077

2 	  32.70	  -7.37	  22.73
	  0.472	  0.881	 -0.028
	 -0.882	  0.471	 -0.010
	  0.005	  0.029	  0.999

3 	  43.77	  -0.77	   0.44
	  0.656	 -0.112	  0.746
	  0.005	  0.990	  0.143
	 -0.754	 -0.090	  0.650

4 	  36.74	   5.64	  -3.67
	  0.127	  0.977	  0.167
	 -0.826	  0.010	  0.564
	  0.550	 -0.210	  0.808

5 	  40.27	   8.60	   7.66
	  0.680	  0.105	  0.725
	 -0.436	 -0.738	  0.515
	  0.591	 -0.665	 -0.456

6 	  47.34	   3.52	   1.99
	  0.370	 -0.549	 -0.749
	  0.617	 -0.460	  0.639
	 -0.697	 -0.697	  0.169

7 	  36.97	  -7.80	  -3.87
	  0.235	 -0.963	  0.134
	  0.882	  0.153	 -0.446
	  0.409	  0.222	  0.885

8 	  41.75	  -9.88	   7.77
	  0.816	 -0.040	  0.576
	  0.214	 -0.906	 -0.365
	  0.537	  0.421	 -0.731

9 	  49.50	  -5.75	   2.23
	  0.533	  0.434	 -0.726
	 -0.554	 -0.474	 -0.685
	 -0.645	  0.764	 -0.012

2 	  32.70	  -7.37	  22.73
	  0.472	  0.881	 -0.028
	 -0.882	  0.471	 -0.010
	  0.005	  0.029	  0.999

3 	  43.75	  -0.83	   0.49
	  0.654	 -0.122	  0.746
	  0.002	  0.987	  0.159
	 -0.756	 -0.103	  0.646

4 	  36.79	   5.66	  -3.62
	  0.180	  0.972	  0.152
	 -0.799	  0.054	  0.599
	  0.574	 -0.229	  0.786

5 	  41.45	   9.04	   7.12
	  0.725	  0.075	  0.685
	 -0.521	 -0.591	  0.615
	  0.453	 -0.802	 -0.390

6 	  47.69	   1.90	   2.34
	  0.279	 -0.712	 -0.644
	  0.415	 -0.517	  0.748
	 -0.867	 -0.475	  0.151

7 	  36.93	  -7.72	  -3.97
	  0.267	 -0.957	  0.110
	  0.872	  0.191	 -0.450
	  0.410	  0.216	  0.886

8 	  42.31	 -10.11	   7.38
	  0.838	  0.017	  0.545
	  0.323	 -0.821	 -0.470
	  0.440	  0.569	 -0.694

9 	  50.20	  -4.18	   3.32
	  0.536	  0.616	 -0.576
	 -0.319	 -0.488	 -0.813
	 -0.784	  0.618	 -0.067

2 	  32.70	  -7.37	  22.73
	  0.472	  0.881	 -0.028
	 -0.882	  0.471	 -0.010
	  0.005	  0.029	  0.999

3 	  43.72	  -0.84	   0.54
	  0.644	 -0.137	  0.752
	  0.002	  0.984	  0.177
	 -0.765	 -0.113	  0.634

4 	  36.90	   5.70	  -3.64
	  0.230	  0.963	  0.137
	 -0.779	  0.097	  0.620
	  0.584	 -0.249	  0.772

5 	  42.42	   8.98	   6.77
	  0.759	  0.038	  0.650
	 -0.550	 -0.498	  0.671
	  0.349	 -0.866	 -0.357

6 	  47.83	   0.51	   2.74
	  0.188	 -0.811	 -0.555
	  0.354	 -0.472	  0.807
	 -0.917	 -0.347	  0.198

7 	  37.02	  -7.61	  -4.06
	  0.314	 -0.945	  0.092
	  0.857	  0.240	 -0.456
	  0.409	  0.221	  0.885

8 	  43.14	 -10.41	   6.66
	  0.853	  0.048	  0.519
	  0.409	 -0.680	 -0.608
	  0.324	  0.731	 -0.600

9 	  49.94	  -2.71	   3.85
	  0.413	  0.809	 -0.418
	 -0.257	 -0.340	 -0.905
	 -0.875	  0.479	  0.066

2 	  32.70	  -7.37	  22.73
	  0.472	  0.881	 -0.027
	 -0.882	  0.471	 -0.011
	  0.004	  0.029	  0.999

3 	  43.73	  -0.83	   0.58
	  0.638	 -0.140	  0.757
	  0.005	  0.984	  0.177
	 -0.770	 -0.109	  0.628

4 	  37.04	   5.71	  -3.67
	  0.260	  0.955	  0.141
	 -0.771	  0.117	  0.625
	  0.581	 -0.272	  0.767

5 	  42.79	   9.23	   6.50
	  0.760	  0.043	  0.648
	 -0.574	 -0.423	  0.701
	  0.305	 -0.905	 -0.297

6 	  47.57	   0.33	   2.85
	  0.148	 -0.848	 -0.508
	  0.432	 -0.408	  0.804
	 -0.890	 -0.338	  0.306

7 	  37.02	  -7.51	  -4.18
	  0.318	 -0.946	  0.071
	  0.846	  0.248	 -0.471
	  0.427	  0.209	  0.879

8 	  43.17	 -10.60	   6.47
	  0.842	  0.042	  0.537
	  0.442	 -0.624	 -0.644
	  0.309	  0.780	 -0.544

9 	  49.87	  -2.53	   4.43
	  0.401	  0.846	 -0.350
	 -0.156	 -0.316	 -0.936
	 -0.904	  0.428	  0.004

2 	  32.70	  -7.37	  22.75
	  0.472	  0.881	 -0.027
	 -0.882	  0.471	 -0.011
	  0.004	  0.029	  0.999

3 	  43.72	  -0.81	   0.60
	  0.636	 -0.140	  0.759
	  0.004	  0.984	  0.178
	 -0.772	 -0.110	  0.626

4 	  37.04	   5.73	  -3.66
	  0.261	  0.953	  0.150
	 -0.775	  0.114	  0.621
	  0.576	 -0.278	  0.769

5 	  42.68	   9.12	   6.68
	  0.753	  0.041	  0.656
	 -0.576	 -0.442	  0.688
	  0.319	 -0.896	 -0.309

6 	  47.55	   0.33	   2.94
	  0.159	 -0.843	 -0.513
	  0.427	 -0.411	  0.805
	 -0.891	 -0.347	  0.295

7 	  37.02	  -7.47	  -4.22
	  0.318	 -0.946	  0.064
	  0.844	  0.252	 -0.472
	  0.431	  0.204	  0.879

8 	  43.14	 -10.56	   6.45
	  0.841	  0.040	  0.540
	  0.439	 -0.633	 -0.637
	  0.317	  0.772	 -0.550

9 	  49.83	  -2.44	   4.39
	  0.398	  0.847	 -0.352
	 -0.160	 -0.316	 -0.935
	 -0.904	  0.428	  0.009

2 	  32.70	  -7.37	  22.75
	  0.472	  0.881	 -0.027
	 -0.882	  0.471	 -0.011
	  0.004	  0.029	  0.999

3 	  43.68	  -0.81	   0.62
	  0.636	 -0.141	  0.759
	  0.003	  0.983	  0.180
	 -0.772	 -0.113	  0.625

4 	  37.00	   5.73	  -3.66
	  0.261	  0.953	  0.151
	 -0.774	  0.112	  0.623
	  0.577	 -0.280	  0.767

5 	  42.59	   9.11	   6.73
	  0.752	  0.041	  0.658
	 -0.575	 -0.449	  0.684
	  0.324	 -0.892	 -0.314

6 	  47.51	   0.37	   2.92
	  0.167	 -0.841	 -0.514
	  0.431	 -0.408	  0.805
	 -0.887	 -0.355	  0.294

7 	  37.00	  -7.47	  -4.24
	  0.319	 -0.946	  0.060
	  0.843	  0.254	 -0.473
	  0.433	  0.201	  0.878

8 	  43.14	 -10.53	   6.47
	  0.840	  0.042	  0.541
	  0.441	 -0.633	 -0.636
	  0.316	  0.772	 -0.550

9 	  49.80	  -2.39	   4.46
	  0.398	  0.849	 -0.347
	 -0.150	 -0.315	 -0.937
	 -0.906	  0.424	  0.001

2 	  32.70	  -7.37	  22.73
	  0.472	  0.881	 -0.028
	 -0.882	  0.471	 -0.010
	  0.005	  0.029	  0.999

3 	  43.68	  -0.79	   0.62
	  0.636	 -0.142	  0.758
	  0.002	  0.983	  0.182
	 -0.771	 -0.114	  0.626

4 	  37.00	   5.75	  -3.66
	  0.262	  0.953	  0.152
	 -0.774	  0.112	  0.623
	  0.577	 -0.281	  0.766

5 	  42.59	   9.09	   6.71
	  0.752	  0.041	  0.657
	 -0.574	 -0.450	  0.684
	  0.325	 -0.892	 -0.315

6 	  47.55	   0.39	   2.94
	  0.172	 -0.841	 -0.512
	  0.428	 -0.406	  0.807
	 -0.888	 -0.357	  0.290

7 	  37.07	  -7.45	  -4.27
	  0.320	 -0.946	  0.058
	  0.843	  0.256	 -0.474
	  0.433	  0.200	  0.878

8 	  43.17	 -10.51	   6.43
	  0.837	  0.043	  0.545
	  0.444	 -0.635	 -0.632
	  0.320	  0.771	 -0.551

9 	  49.83	  -2.36	   4.48
	  0.399	  0.849	 -0.346
	 -0.146	 -0.317	 -0.937
	 -0.906	  0.424	 -0.003

2 	  32.70	  -7.37	  22.73
	  0.472	  0.881	 -0.028
	 -0.882	  0.471	 -0.010
	  0.005	  0.029	  0.999

3 	  43.72	  -0.79	   0.60
	  0.637	 -0.142	  0.758
	  0.002	  0.983	  0.182
	 -0.771	 -0.115	  0.626

4 	  37.05	   5.75	  -3.67
	  0.264	  0.952	  0.152
	 -0.774	  0.114	  0.623
	  0.577	 -0.281	  0.767

5 	  42.63	   9.09	   6.71
	  0.752	  0.041	  0.657
	 -0.573	 -0.452	  0.683
	  0.326	 -0.891	 -0.317

6 	  47.57	   0.39	   2.94
	  0.172	 -0.842	 -0.511
	  0.425	 -0.406	  0.809
	 -0.889	 -0.356	  0.288

7 	  37.09	  -7.42	  -4.29
	  0.321	 -0.946	  0.057
	  0.842	  0.257	 -0.474
	  0.434	  0.199	  0.878

8 	  43.19	 -10.51	   6.42
	  0.836	  0.043	  0.547
	  0.445	 -0.636	 -0.631
	  0.321	  0.770	 -0.551

9 	  49.85	  -2.37	   4.48
	  0.400	  0.849	 -0.346
	 -0.146	 -0.316	 -0.938
	 -0.905	  0.424	 -0.004

