2 	  32.61	  -6.75	  23.12
	  0.159	  0.986	 -0.037
	 -0.987	  0.158	 -0.010
	 -0.004	  0.037	  0.999

3 	  43.21	   0.12	   2.55
	  0.332	 -0.171	  0.927
	  0.023	  0.984	  0.173
	 -0.943	 -0.036	  0.331

4 	  38.87	  -6.50	  -2.94
	  0.648	 -0.761	  0.003
	  0.616	  0.522	 -0.590
	  0.448	  0.384	  0.807

5 	  40.76	  -7.89	   7.91
	  0.504	  0.027	  0.863
	  0.777	 -0.450	 -0.440
	  0.376	  0.892	 -0.249

6 	  47.58	  -0.62	  10.95
	  0.605	  0.786	  0.125
	  0.406	 -0.170	 -0.898
	 -0.685	  0.594	 -0.422

7 	  39.34	   6.98	  -2.14
	  0.603	  0.776	  0.183
	 -0.674	  0.373	  0.637
	  0.426	 -0.508	  0.748

8 	  42.31	   6.59	   9.12
	  0.550	 -0.323	  0.770
	 -0.833	 -0.282	  0.476
	  0.063	 -0.903	 -0.424

9 	  47.23	  -1.49	   7.40
	  0.292	 -0.851	 -0.436
	 -0.273	 -0.511	  0.815
	 -0.917	 -0.120	 -0.381

2 	  32.61	  -6.73	  23.12
	  0.158	  0.986	 -0.037
	 -0.987	  0.158	 -0.010
	 -0.004	  0.037	  0.999

3 	  43.19	   0.12	   2.55
	  0.333	 -0.171	  0.927
	  0.022	  0.984	  0.173
	 -0.943	 -0.037	  0.331

4 	  38.87	  -6.50	  -2.94
	  0.648	 -0.761	  0.004
	  0.615	  0.521	 -0.591
	  0.448	  0.385	  0.807

5 	  40.76	  -7.88	   7.93
	  0.504	  0.028	  0.863
	  0.777	 -0.450	 -0.440
	  0.375	  0.893	 -0.249

6 	  47.57	  -0.58	  10.95
	  0.604	  0.786	  0.125
	  0.406	 -0.169	 -0.898
	 -0.685	  0.593	 -0.422

7 	  39.32	   6.98	  -2.14
	  0.603	  0.776	  0.183
	 -0.674	  0.373	  0.637
	  0.427	 -0.508	  0.748

8 	  42.29	   6.59	   9.14
	  0.550	 -0.323	  0.770
	 -0.833	 -0.282	  0.477
	  0.063	 -0.903	 -0.424

9 	  47.23	  -1.48	   7.40
	  0.293	 -0.851	 -0.435
	 -0.273	 -0.510	  0.815
	 -0.916	 -0.120	 -0.382

2 	  32.61	  -6.73	  23.12
	  0.158	  0.986	 -0.037
	 -0.987	  0.158	 -0.010
	 -0.004	  0.037	  0.999

3 	  43.19	   0.12	   2.55
	  0.332	 -0.170	  0.928
	  0.023	  0.985	  0.172
	 -0.943	 -0.036	  0.331

4 	  38.85	  -6.50	  -2.92
	  0.649	 -0.761	  0.005
	  0.615	  0.521	 -0.592
	  0.448	  0.387	  0.806

5 	  40.75	  -7.88	   7.93
	  0.504	  0.029	  0.863
	  0.778	 -0.449	 -0.440
	  0.374	  0.893	 -0.249

6 	  47.57	  -0.58	  10.95
	  0.604	  0.787	  0.125
	  0.406	 -0.169	 -0.898
	 -0.686	  0.593	 -0.421

7 	  39.32	   6.98	  -2.14
	  0.602	  0.777	  0.183
	 -0.674	  0.372	  0.637
	  0.427	 -0.508	  0.748

8 	  42.29	   6.59	   9.16
	  0.550	 -0.322	  0.770
	 -0.832	 -0.282	  0.477
	  0.063	 -0.904	 -0.424

9 	  47.21	  -1.46	   7.40
	  0.293	 -0.851	 -0.435
	 -0.273	 -0.510	  0.815
	 -0.916	 -0.121	 -0.382

2 	  32.61	  -6.73	  23.12
	  0.158	  0.986	 -0.037
	 -0.987	  0.158	 -0.010
	 -0.004	  0.038	  0.999

3 	  43.19	   0.12	   2.57
	  0.332	 -0.170	  0.928
	  0.023	  0.985	  0.172
	 -0.943	 -0.036	  0.331

4 	  38.85	  -6.50	  -2.92
	  0.649	 -0.761	  0.005
	  0.615	  0.520	 -0.593
	  0.448	  0.387	  0.805

5 	  40.76	  -7.88	   7.93
	  0.505	  0.030	  0.863
	  0.778	 -0.449	 -0.440
	  0.374	  0.893	 -0.250

6 	  47.57	  -0.60	  10.97
	  0.604	  0.787	  0.125
	  0.406	 -0.169	 -0.898
	 -0.686	  0.593	 -0.421

7 	  39.30	   6.96	  -2.13
	  0.602	  0.777	  0.183
	 -0.674	  0.372	  0.638
	  0.427	 -0.508	  0.748

8 	  42.28	   6.59	   9.14
	  0.552	 -0.322	  0.769
	 -0.832	 -0.282	  0.478
	  0.063	 -0.904	 -0.423

9 	  47.21	  -1.46	   7.40
	  0.294	 -0.851	 -0.434
	 -0.273	 -0.510	  0.815
	 -0.916	 -0.121	 -0.382

2 	  32.59	  -6.73	  23.12
	  0.158	  0.986	 -0.037
	 -0.987	  0.158	 -0.010
	 -0.004	  0.038	  0.999

3 	  43.19	   0.12	   2.57
	  0.332	 -0.169	  0.928
	  0.023	  0.985	  0.171
	 -0.943	 -0.035	  0.331

4 	  38.85	  -6.50	  -2.92
	  0.648	 -0.761	  0.005
	  0.615	  0.520	 -0.593
	  0.448	  0.387	  0.805

5 	  40.76	  -7.88	   7.93
	  0.505	  0.030	  0.863
	  0.778	 -0.449	 -0.440
	  0.374	  0.893	 -0.250

6 	  47.57	  -0.60	  10.95
	  0.604	  0.787	  0.125
	  0.405	 -0.169	 -0.899
	 -0.686	  0.593	 -0.421

7 	  39.30	   6.98	  -2.14
	  0.602	  0.777	  0.182
	 -0.674	  0.372	  0.638
	  0.428	 -0.508	  0.748

8 	  42.29	   6.59	   9.14
	  0.552	 -0.322	  0.770
	 -0.832	 -0.283	  0.478
	  0.064	 -0.904	 -0.423

9 	  47.21	  -1.48	   7.42
	  0.294	 -0.852	 -0.434
	 -0.274	 -0.510	  0.815
	 -0.916	 -0.121	 -0.383

2 	  32.59	  -6.73	  23.10
	  0.159	  0.986	 -0.037
	 -0.987	  0.158	 -0.010
	 -0.004	  0.037	  0.999

3 	  43.19	   0.12	   2.55
	  0.333	 -0.169	  0.928
	  0.024	  0.985	  0.171
	 -0.943	 -0.035	  0.332

4 	  38.85	  -6.50	  -2.92
	  0.648	 -0.761	  0.005
	  0.615	  0.520	 -0.593
	  0.449	  0.388	  0.805

5 	  40.75	  -7.89	   7.95
	  0.505	  0.029	  0.863
	  0.778	 -0.449	 -0.440
	  0.375	  0.893	 -0.250

6 	  47.57	  -0.58	  10.95
	  0.604	  0.787	  0.124
	  0.403	 -0.168	 -0.899
	 -0.687	  0.593	 -0.419

7 	  39.30	   6.96	  -2.14
	  0.603	  0.777	  0.182
	 -0.673	  0.373	  0.639
	  0.428	 -0.508	  0.747

8 	  42.29	   6.59	   9.14
	  0.552	 -0.321	  0.770
	 -0.831	 -0.283	  0.478
	  0.064	 -0.904	 -0.423

9 	  47.23	  -1.48	   7.42
	  0.295	 -0.851	 -0.434
	 -0.273	 -0.510	  0.815
	 -0.916	 -0.122	 -0.383

2 	  32.59	  -6.73	  23.12
	  0.159	  0.986	 -0.037
	 -0.987	  0.158	 -0.010
	 -0.004	  0.037	  0.999

3 	  43.19	   0.11	   2.55
	  0.333	 -0.169	  0.927
	  0.023	  0.985	  0.171
	 -0.943	 -0.035	  0.332

4 	  38.85	  -6.52	  -2.94
	  0.647	 -0.762	  0.005
	  0.615	  0.519	 -0.594
	  0.450	  0.387	  0.805

5 	  40.61	  -7.73	   7.98
	  0.501	  0.030	  0.865
	  0.766	 -0.481	 -0.427
	  0.403	  0.876	 -0.264

6 	  47.83	  -0.83	  10.90
	  0.656	  0.748	  0.098
	  0.365	 -0.201	 -0.909
	 -0.660	  0.632	 -0.405

7 	  39.32	   6.96	  -2.14
	  0.602	  0.777	  0.182
	 -0.674	  0.373	  0.638
	  0.428	 -0.507	  0.748

8 	  42.15	   6.52	   9.12
	  0.561	 -0.307	  0.769
	 -0.822	 -0.321	  0.471
	  0.102	 -0.896	 -0.432

9 	  47.67	  -1.14	   7.26
	  0.363	 -0.813	 -0.455
	 -0.236	 -0.552	  0.799
	 -0.902	 -0.183	 -0.392

2 	  32.59	  -6.73	  23.12
	  0.159	  0.986	 -0.037
	 -0.987	  0.158	 -0.010
	 -0.004	  0.037	  0.999

3 	  43.17	   0.09	   2.55
	  0.334	 -0.167	  0.927
	  0.022	  0.985	  0.170
	 -0.942	 -0.036	  0.333

4 	  38.85	  -6.57	  -2.92
	  0.643	 -0.766	  0.009
	  0.622	  0.516	 -0.589
	  0.446	  0.384	  0.808

5 	  40.38	  -7.61	   8.05
	  0.492	  0.014	  0.870
	  0.736	 -0.541	 -0.407
	  0.464	  0.841	 -0.277

6 	  48.34	  -1.65	  10.74
	  0.755	  0.652	  0.064
	  0.286	 -0.240	 -0.928
	 -0.590	  0.719	 -0.368

7 	  39.30	   6.91	  -2.18
	  0.600	  0.779	  0.178
	 -0.675	  0.375	  0.635
	  0.428	 -0.502	  0.751

8 	  41.89	   6.45	   9.14
	  0.575	 -0.266	  0.773
	 -0.795	 -0.403	  0.453
	  0.191	 -0.876	 -0.443

9 	  48.22	  -0.40	   7.12
	  0.472	 -0.740	 -0.480
	 -0.146	 -0.602	  0.785
	 -0.869	 -0.300	 -0.392

2 	  32.59	  -6.73	  23.12
	  0.159	  0.986	 -0.037
	 -0.987	  0.158	 -0.010
	 -0.004	  0.037	  0.999

3 	  43.17	   0.07	   2.55
	  0.337	 -0.163	  0.927
	  0.021	  0.986	  0.165
	 -0.941	 -0.036	  0.335

4 	  38.81	  -6.66	  -2.90
	  0.635	 -0.772	  0.015
	  0.634	  0.510	 -0.581
	  0.441	  0.379	  0.814

5 	  40.20	  -7.59	   8.10
	  0.479	 -0.005	  0.877
	  0.697	 -0.605	 -0.385
	  0.533	  0.796	 -0.286

6 	  48.67	  -2.43	  10.51
	  0.826	  0.562	  0.039
	  0.207	 -0.240	 -0.948
	 -0.523	  0.792	 -0.314

7 	  39.27	   6.82	  -2.23
	  0.598	  0.783	  0.169
	 -0.677	  0.379	  0.631
	  0.430	 -0.492	  0.757

8 	  41.68	   6.43	   9.18
	  0.591	 -0.217	  0.776
	 -0.756	 -0.483	  0.441
	  0.279	 -0.848	 -0.450

9 	  48.76	   0.69	   6.89
	  0.568	 -0.639	 -0.518
	 -0.040	 -0.650	  0.759
	 -0.822	 -0.411	 -0.395

2 	  32.59	  -6.73	  23.12
	  0.159	  0.986	 -0.037
	 -0.987	  0.158	 -0.010
	 -0.004	  0.037	  0.999

3 	  43.19	   0.02	   2.51
	  0.342	 -0.158	  0.926
	  0.023	  0.987	  0.160
	 -0.939	 -0.033	  0.341

4 	  38.81	  -6.70	  -2.88
	  0.631	 -0.775	  0.020
	  0.641	  0.507	 -0.576
	  0.436	  0.376	  0.817

5 	  40.01	  -7.59	   8.14
	  0.468	 -0.042	  0.882
	  0.635	 -0.678	 -0.370
	  0.614	  0.734	 -0.291

6 	  48.92	  -3.52	  10.20
	  0.889	  0.458	  0.003
	  0.087	 -0.162	 -0.983
	 -0.449	  0.874	 -0.184

7 	  39.27	   6.80	  -2.25
	  0.594	  0.787	  0.166
	 -0.679	  0.380	  0.627
	  0.431	 -0.486	  0.760

8 	  41.48	   6.40	   9.18
	  0.603	 -0.166	  0.780
	 -0.709	 -0.560	  0.429
	  0.366	 -0.812	 -0.455

9 	  49.18	   1.76	   6.70
	  0.642	 -0.534	 -0.550
	  0.072	 -0.673	  0.736
	 -0.763	 -0.512	 -0.394

2 	  32.59	  -6.73	  23.12
	  0.159	  0.986	 -0.037
	 -0.987	  0.158	 -0.010
	 -0.004	  0.037	  0.999

3 	  43.19	   0.02	   2.48
	  0.345	 -0.157	  0.925
	  0.024	  0.987	  0.158
	 -0.938	 -0.033	  0.344

4 	  38.74	  -6.73	  -2.92
	  0.618	 -0.785	  0.024
	  0.656	  0.500	 -0.566
	  0.432	  0.365	  0.824

5 	  39.76	  -7.49	   8.14
	  0.455	 -0.073	  0.887
	  0.562	 -0.750	 -0.350
	  0.690	  0.658	 -0.301

6 	  49.04	  -4.17	   9.95
	  0.930	  0.366	 -0.026
	  0.062	 -0.229	 -0.971
	 -0.362	  0.902	 -0.236

7 	  39.29	   6.77	  -2.27
	  0.593	  0.788	  0.164
	 -0.680	  0.382	  0.625
	  0.430	 -0.483	  0.763

8 	  41.26	   6.40	   9.16
	  0.608	 -0.105	  0.786
	 -0.648	 -0.637	  0.416
	  0.458	 -0.763	 -0.456

9 	  49.45	   3.01	   6.50
	  0.711	 -0.411	 -0.571
	  0.176	 -0.682	  0.710
	 -0.681	 -0.605	 -0.412

2 	  32.59	  -6.75	  23.10
	  0.159	  0.986	 -0.036
	 -0.987	  0.158	 -0.010
	 -0.004	  0.037	  0.999

3 	  43.21	  -0.02	   2.44
	  0.349	 -0.156	  0.924
	  0.028	  0.987	  0.155
	 -0.937	 -0.029	  0.349

4 	  38.62	  -6.77	  -2.87
	  0.602	 -0.798	  0.031
	  0.669	  0.482	 -0.566
	  0.436	  0.361	  0.824

5 	  39.53	  -7.49	   8.21
	  0.447	 -0.097	  0.889
	  0.480	 -0.813	 -0.330
	  0.755	  0.574	 -0.317

6 	  49.10	  -4.92	   9.83
	  0.959	  0.277	 -0.054
	  0.017	 -0.249	 -0.968
	 -0.282	  0.928	 -0.244

7 	  39.36	   6.71	  -2.32
	  0.592	  0.789	  0.161
	 -0.682	  0.384	  0.622
	  0.429	 -0.478	  0.766

8 	  41.06	   6.29	   9.11
	  0.599	 -0.042	  0.799
	 -0.574	 -0.719	  0.392
	  0.558	 -0.694	 -0.455

9 	  49.66	   4.38	   6.79
	  0.789	 -0.270	 -0.552
	  0.286	 -0.634	  0.719
	 -0.544	 -0.725	 -0.423

2 	  32.59	  -6.73	  23.10
	  0.159	  0.986	 -0.037
	 -0.987	  0.158	 -0.010
	 -0.004	  0.037	  0.999

3 	  43.22	  -0.12	   2.37
	  0.354	 -0.158	  0.922
	  0.040	  0.987	  0.153
	 -0.934	 -0.017	  0.355

4 	  38.36	  -6.82	  -2.85
	  0.566	 -0.824	  0.033
	  0.690	  0.452	 -0.565
	  0.450	  0.343	  0.825

5 	  39.27	  -7.45	   8.24
	  0.441	 -0.127	  0.888
	  0.406	 -0.854	 -0.324
	  0.800	  0.504	 -0.325

6 	  48.99	  -5.62	   9.69
	  0.977	  0.205	 -0.062
	 -0.009	 -0.251	 -0.968
	 -0.214	  0.946	 -0.243

7 	  39.43	   6.70	  -2.37
	  0.595	  0.787	  0.162
	 -0.683	  0.388	  0.619
	  0.424	 -0.479	  0.768

8 	  40.89	   6.21	   9.12
	  0.577	  0.016	  0.816
	 -0.505	 -0.779	  0.372
	  0.642	 -0.627	 -0.442

9 	  49.61	   6.06	   6.84
	  0.837	 -0.080	 -0.541
	  0.416	 -0.548	  0.726
	 -0.354	 -0.833	 -0.426

2 	  32.59	  -6.73	  23.10
	  0.158	  0.986	 -0.037
	 -0.987	  0.158	 -0.010
	 -0.004	  0.037	  0.999

3 	  43.21	  -0.19	   2.32
	  0.353	 -0.165	  0.921
	  0.052	  0.986	  0.156
	 -0.934	 -0.008	  0.357

4 	  38.23	  -6.84	  -2.88
	  0.547	 -0.837	  0.033
	  0.702	  0.437	 -0.562
	  0.455	  0.330	  0.826

5 	  39.11	  -7.45	   8.24
	  0.430	 -0.144	  0.891
	  0.358	 -0.879	 -0.315
	  0.828	  0.455	 -0.326

6 	  48.88	  -6.12	   9.79
	  0.987	  0.153	 -0.052
	 -0.010	 -0.268	 -0.963
	 -0.161	  0.951	 -0.263

7 	  39.46	   6.64	  -2.39
	  0.593	  0.788	  0.167
	 -0.686	  0.385	  0.617
	  0.421	 -0.481	  0.769

8 	  40.83	   6.05	   9.04
	  0.566	  0.057	  0.822
	 -0.447	 -0.817	  0.364
	  0.692	 -0.574	 -0.437

9 	  49.25	   7.86	   6.96
	  0.832	  0.126	 -0.540
	  0.530	 -0.470	  0.706
	 -0.165	 -0.874	 -0.458

2 	  32.59	  -6.73	  23.10
	  0.158	  0.986	 -0.037
	 -0.987	  0.158	 -0.010
	 -0.004	  0.037	  0.999

3 	  43.19	  -0.25	   2.32
	  0.354	 -0.166	  0.920
	  0.056	  0.986	  0.156
	 -0.934	 -0.004	  0.358

4 	  38.13	  -6.89	  -2.83
	  0.526	 -0.849	  0.055
	  0.724	  0.413	 -0.553
	  0.446	  0.331	  0.832

5 	  38.99	  -7.40	   8.31
	  0.419	 -0.147	  0.896
	  0.308	 -0.905	 -0.293
	  0.854	  0.398	 -0.334

6 	  48.81	  -6.63	   9.76
	  0.994	  0.082	 -0.066
	 -0.040	 -0.286	 -0.957
	 -0.097	  0.955	 -0.281

7 	  39.46	   6.59	  -2.44
	  0.584	  0.794	  0.170
	 -0.696	  0.381	  0.608
	  0.417	 -0.474	  0.775

8 	  40.57	   5.99	   9.02
	  0.528	  0.121	  0.840
	 -0.340	 -0.877	  0.340
	  0.778	 -0.465	 -0.422

9 	  48.62	   9.28	   7.12
	  0.804	  0.280	 -0.524
	  0.594	 -0.379	  0.709
	 -0.001	 -0.882	 -0.471

2 	  32.61	  -6.73	  23.12
	  0.158	  0.986	 -0.037
	 -0.987	  0.158	 -0.010
	 -0.004	  0.038	  0.999

3 	  43.19	  -0.32	   2.29
	  0.355	 -0.164	  0.920
	  0.067	  0.986	  0.150
	 -0.932	  0.008	  0.361

4 	  38.00	  -6.91	  -2.79
	  0.510	 -0.857	  0.066
	  0.736	  0.395	 -0.550
	  0.445	  0.329	  0.833

5 	  38.85	  -7.31	   8.38
	  0.411	 -0.154	  0.898
	  0.258	 -0.926	 -0.277
	  0.874	  0.346	 -0.341

6 	  48.73	  -7.15	   9.65
	  0.996	  0.023	 -0.085
	 -0.075	 -0.285	 -0.955
	 -0.047	  0.958	 -0.282

7 	  39.45	   6.54	  -2.44
	  0.582	  0.795	  0.171
	 -0.699	  0.381	  0.605
	  0.416	 -0.472	  0.777

8 	  40.54	   5.98	   9.02
	  0.511	  0.158	  0.845
	 -0.275	 -0.901	  0.335
	  0.814	 -0.404	 -0.417

9 	  48.11	  10.21	   7.21
	  0.762	  0.385	 -0.521
	  0.635	 -0.286	  0.718
	  0.127	 -0.878	 -0.462

2 	  32.59	  -6.73	  23.12
	  0.158	  0.986	 -0.037
	 -0.987	  0.158	 -0.010
	 -0.004	  0.037	  0.999

3 	  43.19	  -0.44	   2.23
	  0.360	 -0.167	  0.917
	  0.084	  0.985	  0.146
	 -0.929	  0.024	  0.369

4 	  37.85	  -6.98	  -2.78
	  0.487	 -0.870	  0.069
	  0.744	  0.373	 -0.554
	  0.456	  0.321	  0.830

5 	  38.74	  -7.26	   8.40
	  0.412	 -0.159	  0.897
	  0.222	 -0.937	 -0.269
	  0.883	  0.310	 -0.351

6 	  48.62	  -7.42	   9.56
	  0.995	 -0.014	 -0.101
	 -0.101	 -0.287	 -0.952
	 -0.016	  0.958	 -0.287

7 	  39.45	   6.50	  -2.46
	  0.581	  0.796	  0.171
	 -0.701	  0.382	  0.602
	  0.414	 -0.470	  0.779

8 	  40.50	   5.89	   8.96
	  0.504	  0.185	  0.843
	 -0.214	 -0.919	  0.330
	  0.836	 -0.347	 -0.424

9 	  47.36	  11.13	   7.17
	  0.697	  0.486	 -0.527
	  0.670	 -0.181	  0.719
	  0.254	 -0.855	 -0.452

2 	  32.59	  -6.73	  23.12
	  0.158	  0.986	 -0.037
	 -0.987	  0.158	 -0.010
	 -0.004	  0.038	  0.999

3 	  43.17	  -0.49	   2.23
	  0.363	 -0.167	  0.916
	  0.092	  0.985	  0.143
	 -0.927	  0.032	  0.373

4 	  37.74	  -7.00	  -2.76
	  0.477	 -0.876	  0.071
	  0.749	  0.362	 -0.555
	  0.460	  0.318	  0.829

5 	  38.64	  -7.22	   8.46
	  0.405	 -0.165	  0.899
	  0.184	 -0.949	 -0.257
	  0.895	  0.270	 -0.354

6 	  48.55	  -7.75	   9.32
	  0.991	 -0.045	 -0.123
	 -0.130	 -0.269	 -0.954
	  0.010	  0.962	 -0.272

7 	  39.41	   6.42	  -2.53
	  0.570	  0.803	  0.172
	 -0.711	  0.377	  0.594
	  0.412	 -0.461	  0.786

8 	  40.36	   5.84	   8.93
	  0.480	  0.226	  0.847
	 -0.125	 -0.939	  0.321
	  0.868	 -0.260	 -0.422

9 	  46.74	  11.72	   7.19
	  0.643	  0.556	 -0.526
	  0.687	 -0.118	  0.716
	  0.337	 -0.823	 -0.458

2 	  32.59	  -6.73	  23.12
	  0.159	  0.986	 -0.037
	 -0.987	  0.158	 -0.010
	 -0.004	  0.037	  0.999

3 	  43.17	  -0.56	   2.18
	  0.365	 -0.169	  0.915
	  0.104	  0.984	  0.140
	 -0.925	  0.044	  0.377

4 	  37.51	  -7.01	  -2.72
	  0.442	 -0.894	  0.073
	  0.767	  0.334	 -0.547
	  0.465	  0.298	  0.834

5 	  38.57	  -7.21	   8.46
	  0.408	 -0.169	  0.897
	  0.152	 -0.956	 -0.250
	  0.900	  0.239	 -0.365

6 	  48.45	  -8.00	   9.25
	  0.988	 -0.078	 -0.131
	 -0.148	 -0.285	 -0.947
	  0.036	  0.955	 -0.294

7 	  39.41	   6.40	  -2.55
	  0.564	  0.807	  0.174
	 -0.718	  0.374	  0.587
	  0.409	 -0.456	  0.790

8 	  40.34	   5.82	   8.91
	  0.467	  0.253	  0.847
	 -0.066	 -0.945	  0.319
	  0.882	 -0.205	 -0.425

9 	  46.30	  12.20	   7.17
	  0.596	  0.604	 -0.529
	  0.701	 -0.071	  0.709
	  0.391	 -0.794	 -0.466

2 	  32.59	  -6.73	  23.12
	  0.159	  0.986	 -0.037
	 -0.987	  0.158	 -0.010
	 -0.004	  0.037	  0.999

3 	  43.15	  -0.63	   2.13
	  0.364	 -0.174	  0.915
	  0.121	  0.983	  0.139
	 -0.923	  0.060	  0.379

4 	  37.39	  -6.98	  -2.76
	  0.421	 -0.904	  0.070
	  0.776	  0.319	 -0.544
	  0.469	  0.283	  0.836

5 	  38.53	  -7.22	   8.42
	  0.418	 -0.182	  0.890
	  0.132	 -0.957	 -0.258
	  0.898	  0.225	 -0.377

6 	  48.41	  -8.24	   9.11
	  0.985	 -0.098	 -0.141
	 -0.164	 -0.286	 -0.944
	  0.052	  0.953	 -0.298

7 	  39.41	   6.35	  -2.60
	  0.555	  0.814	  0.172
	 -0.725	  0.371	  0.580
	  0.408	 -0.447	  0.796

8 	  40.25	   5.85	   8.84
	  0.449	  0.286	  0.846
	  0.003	 -0.948	  0.318
	  0.893	 -0.140	 -0.426

9 	  45.86	  12.55	   7.14
	  0.560	  0.640	 -0.526
	  0.706	 -0.036	  0.707
	  0.434	 -0.768	 -0.472

2 	  32.59	  -6.73	  23.12
	  0.158	  0.986	 -0.037
	 -0.987	  0.158	 -0.010
	 -0.004	  0.038	  0.999

3 	  43.15	  -0.67	   2.13
	  0.362	 -0.179	  0.915
	  0.126	  0.982	  0.141
	 -0.923	  0.064	  0.378

4 	  37.30	  -6.96	  -2.81
	  0.409	 -0.910	  0.066
	  0.781	  0.312	 -0.540
	  0.470	  0.272	  0.839

5 	  38.51	  -7.19	   8.42
	  0.422	 -0.189	  0.886
	  0.120	 -0.958	 -0.261
	  0.898	  0.217	 -0.381

6 	  48.34	  -8.47	   9.00
	  0.981	 -0.122	 -0.146
	 -0.176	 -0.289	 -0.941
	  0.073	  0.949	 -0.306

7 	  39.39	   6.35	  -2.62
	  0.548	  0.818	  0.175
	 -0.730	  0.367	  0.576
	  0.407	 -0.444	  0.798

8 	  40.20	   5.84	   8.88
	  0.438	  0.291	  0.850
	  0.027	 -0.950	  0.311
	  0.898	 -0.113	 -0.424

9 	  45.62	  12.78	   7.22
	  0.528	  0.676	 -0.514
	  0.719	 -0.033	  0.694
	  0.452	 -0.736	 -0.503

2 	  32.59	  -6.73	  23.12
	  0.159	  0.986	 -0.037
	 -0.987	  0.158	 -0.010
	 -0.004	  0.038	  0.999

3 	  43.15	  -0.70	   2.13
	  0.361	 -0.181	  0.914
	  0.129	  0.981	  0.142
	 -0.923	  0.067	  0.378

4 	  37.30	  -6.94	  -2.79
	  0.407	 -0.911	  0.066
	  0.783	  0.311	 -0.538
	  0.469	  0.271	  0.840

5 	  38.48	  -7.19	   8.40
	  0.420	 -0.190	  0.887
	  0.110	 -0.960	 -0.258
	  0.900	  0.206	 -0.383

6 	  48.29	  -8.56	   9.02
	  0.980	 -0.132	 -0.146
	 -0.179	 -0.290	 -0.940
	  0.081	  0.948	 -0.308

7 	  39.36	   6.33	  -2.62
	  0.543	  0.821	  0.177
	 -0.735	  0.362	  0.574
	  0.407	 -0.442	  0.799

8 	  40.15	   5.82	   8.86
	  0.424	  0.302	  0.853
	  0.066	 -0.950	  0.304
	  0.903	 -0.073	 -0.424

9 	  45.30	  12.99	   7.22
	  0.494	  0.707	 -0.506
	  0.725	 -0.014	  0.689
	  0.480	 -0.707	 -0.519

2 	  32.59	  -6.73	  23.12
	  0.158	  0.986	 -0.037
	 -0.987	  0.158	 -0.010
	 -0.004	  0.038	  0.999

3 	  43.14	  -0.69	   2.11
	  0.363	 -0.181	  0.914
	  0.133	  0.981	  0.142
	 -0.922	  0.070	  0.380

4 	  37.21	  -6.93	  -2.78
	  0.400	 -0.914	  0.067
	  0.785	  0.304	 -0.539
	  0.472	  0.268	  0.840

5 	  38.39	  -7.14	   8.44
	  0.416	 -0.195	  0.888
	  0.089	 -0.963	 -0.254
	  0.905	  0.185	 -0.383

6 	  48.22	  -8.65	   8.98
	  0.977	 -0.149	 -0.150
	 -0.188	 -0.290	 -0.938
	  0.096	  0.945	 -0.312

7 	  39.29	   6.36	  -2.65
	  0.532	  0.827	  0.178
	 -0.741	  0.354	  0.570
	  0.408	 -0.436	  0.802

8 	  40.04	   5.78	   8.84
	  0.399	  0.323	  0.858
	  0.126	 -0.946	  0.297
	  0.908	 -0.010	 -0.419

9 	  44.82	  13.34	   7.37
	  0.453	  0.742	 -0.493
	  0.721	  0.019	  0.692
	  0.523	 -0.670	 -0.527

2 	  32.59	  -6.73	  23.12
	  0.158	  0.986	 -0.037
	 -0.987	  0.158	 -0.010
	 -0.004	  0.038	  0.999

3 	  43.12	  -0.70	   2.07
	  0.365	 -0.183	  0.912
	  0.136	  0.980	  0.142
	 -0.921	  0.073	  0.383

4 	  37.20	  -6.94	  -2.78
	  0.397	 -0.915	  0.068
	  0.786	  0.302	 -0.539
	  0.472	  0.267	  0.840

5 	  38.36	  -7.14	   8.42
	  0.414	 -0.196	  0.889
	  0.082	 -0.965	 -0.250
	  0.906	  0.177	 -0.384

6 	  48.16	  -8.79	   9.05
	  0.975	 -0.165	 -0.147
	 -0.192	 -0.297	 -0.935
	  0.110	  0.940	 -0.322

7 	  39.18	   6.33	  -2.64
	  0.519	  0.835	  0.183
	 -0.750	  0.342	  0.566
	  0.410	 -0.432	  0.803

8 	  39.94	   5.75	   8.86
	  0.383	  0.329	  0.863
	  0.166	 -0.943	  0.286
	  0.908	  0.034	 -0.416

9 	  44.53	  13.46	   7.45
	  0.431	  0.764	 -0.479
	  0.713	  0.036	  0.700
	  0.552	 -0.644	 -0.529

2 	  32.59	  -6.73	  23.12
	  0.159	  0.986	 -0.037
	 -0.987	  0.158	 -0.010
	 -0.004	  0.037	  0.999

3 	  43.10	  -0.72	   2.06
	  0.368	 -0.183	  0.911
	  0.135	  0.980	  0.142
	 -0.920	  0.071	  0.385

4 	  37.20	  -6.96	  -2.78
	  0.399	 -0.914	  0.069
	  0.787	  0.303	 -0.537
	  0.470	  0.268	  0.841

5 	  38.30	  -7.08	   8.44
	  0.405	 -0.193	  0.893
	  0.072	 -0.968	 -0.241
	  0.911	  0.162	 -0.379

6 	  48.13	  -8.79	   9.04
	  0.975	 -0.167	 -0.148
	 -0.193	 -0.299	 -0.934
	  0.111	  0.939	 -0.323

7 	  39.11	   6.36	  -2.62
	  0.507	  0.841	  0.187
	 -0.756	  0.330	  0.564
	  0.413	 -0.428	  0.804

8 	  39.87	   5.71	   8.82
	  0.370	  0.332	  0.868
	  0.200	 -0.940	  0.274
	  0.907	  0.072	 -0.415

9 	  44.30	  13.59	   7.66
	  0.413	  0.788	 -0.457
	  0.704	  0.042	  0.709
	  0.577	 -0.615	 -0.537

2 	  32.59	  -6.73	  23.10
	  0.159	  0.986	 -0.037
	 -0.987	  0.158	 -0.010
	 -0.004	  0.037	  0.999

3 	  43.08	  -0.70	   2.04
	  0.370	 -0.183	  0.911
	  0.133	  0.981	  0.143
	 -0.919	  0.068	  0.387

4 	  37.18	  -6.96	  -2.76
	  0.397	 -0.915	  0.068
	  0.789	  0.302	 -0.535
	  0.469	  0.266	  0.842

5 	  38.25	  -7.07	   8.42
	  0.400	 -0.201	  0.894
	  0.058	 -0.968	 -0.243
	  0.915	  0.149	 -0.376

6 	  48.02	  -8.91	   8.98
	  0.971	 -0.180	 -0.154
	 -0.203	 -0.298	 -0.933
	  0.122	  0.937	 -0.326

7 	  39.08	   6.36	  -2.60
	  0.501	  0.844	  0.190
	 -0.760	  0.324	  0.563
	  0.413	 -0.427	  0.804

8 	  39.81	   5.71	   8.86
	  0.358	  0.336	  0.870
	  0.221	 -0.937	  0.271
	  0.907	  0.095	 -0.410

9 	  44.09	  13.73	   7.84
	  0.395	  0.806	 -0.440
	  0.705	  0.040	  0.708
	  0.588	 -0.591	 -0.553

2 	  32.59	  -6.73	  23.12
	  0.158	  0.986	 -0.037
	 -0.987	  0.158	 -0.010
	 -0.004	  0.038	  0.999

3 	  43.10	  -0.69	   2.04
	  0.371	 -0.183	  0.910
	  0.131	  0.981	  0.143
	 -0.919	  0.066	  0.387

4 	  37.14	  -6.94	  -2.76
	  0.394	 -0.917	  0.069
	  0.791	  0.300	 -0.532
	  0.467	  0.264	  0.844

5 	  38.25	  -7.05	   8.46
	  0.399	 -0.199	  0.895
	  0.052	 -0.969	 -0.239
	  0.915	  0.142	 -0.377

6 	  47.95	  -8.95	   8.95
	  0.969	 -0.189	 -0.160
	 -0.213	 -0.299	 -0.930
	  0.128	  0.935	 -0.329

7 	  39.09	   6.36	  -2.62
	  0.500	  0.845	  0.189
	 -0.760	  0.324	  0.563
	  0.414	 -0.426	  0.804

8 	  39.80	   5.71	   8.82
	  0.353	  0.344	  0.870
	  0.235	 -0.932	  0.274
	  0.905	  0.107	 -0.411

9 	  44.03	  13.83	   7.82
	  0.382	  0.815	 -0.436
	  0.721	  0.032	  0.692
	  0.577	 -0.578	 -0.576

2 	  32.59	  -6.73	  23.12
	  0.159	  0.986	 -0.037
	 -0.987	  0.158	 -0.010
	 -0.004	  0.038	  0.999

3 	  43.08	  -0.70	   2.04
	  0.370	 -0.183	  0.910
	  0.132	  0.981	  0.143
	 -0.919	  0.067	  0.387

4 	  37.11	  -6.98	  -2.74
	  0.389	 -0.918	  0.072
	  0.794	  0.295	 -0.531
	  0.466	  0.264	  0.844

5 	  38.20	  -7.03	   8.46
	  0.394	 -0.198	  0.897
	  0.042	 -0.972	 -0.233
	  0.918	  0.129	 -0.375

6 	  47.92	  -9.05	   8.96
	  0.967	 -0.198	 -0.159
	 -0.214	 -0.301	 -0.929
	  0.136	  0.933	 -0.333

7 	  39.09	   6.33	  -2.64
	  0.500	  0.845	  0.187
	 -0.761	  0.326	  0.560
	  0.412	 -0.422	  0.807

8 	  39.76	   5.71	   8.82
	  0.342	  0.350	  0.872
	  0.249	 -0.929	  0.275
	  0.906	  0.123	 -0.405

9 	  43.96	  13.85	   7.82
	  0.377	  0.819	 -0.432
	  0.718	  0.036	  0.695
	  0.585	 -0.573	 -0.575

2 	  32.59	  -6.73	  23.12
	  0.158	  0.986	 -0.037
	 -0.987	  0.158	 -0.010
	 -0.004	  0.038	  0.999

3 	  43.08	  -0.72	   2.04
	  0.369	 -0.182	  0.911
	  0.133	  0.981	  0.142
	 -0.920	  0.069	  0.386

4 	  37.09	  -6.98	  -2.74
	  0.386	 -0.919	  0.073
	  0.796	  0.292	 -0.531
	  0.466	  0.263	  0.844

5 	  38.18	  -7.03	   8.46
	  0.394	 -0.199	  0.897
	  0.042	 -0.971	 -0.234
	  0.918	  0.130	 -0.375

6 	  47.88	  -9.09	   8.98
	  0.966	 -0.203	 -0.160
	 -0.217	 -0.301	 -0.928
	  0.140	  0.931	 -0.335

7 	  39.11	   6.33	  -2.64
	  0.501	  0.845	  0.186
	 -0.762	  0.328	  0.558
	  0.411	 -0.422	  0.808

8 	  39.76	   5.71	   8.82
	  0.342	  0.349	  0.872
	  0.249	 -0.929	  0.274
	  0.906	  0.123	 -0.404

9 	  43.98	  13.85	   7.84
	  0.378	  0.819	 -0.430
	  0.717	  0.034	  0.696
	  0.585	 -0.572	 -0.575

2 	  32.59	  -6.73	  23.12
	  0.158	  0.986	 -0.037
	 -0.987	  0.158	 -0.010
	 -0.004	  0.038	  0.999

3 	  43.07	  -0.76	   2.04
	  0.367	 -0.183	  0.912
	  0.136	  0.980	  0.141
	 -0.920	  0.072	  0.385

4 	  37.09	  -6.98	  -2.74
	  0.385	 -0.920	  0.073
	  0.796	  0.291	 -0.530
	  0.466	  0.263	  0.844

5 	  38.18	  -7.03	   8.47
	  0.394	 -0.200	  0.897
	  0.042	 -0.971	 -0.235
	  0.918	  0.130	 -0.374

6 	  47.87	  -9.09	   8.98
	  0.966	 -0.204	 -0.160
	 -0.217	 -0.302	 -0.928
	  0.141	  0.931	 -0.335

7 	  39.13	   6.33	  -2.64
	  0.502	  0.844	  0.186
	 -0.762	  0.329	  0.558
	  0.410	 -0.422	  0.809

8 	  39.76	   5.71	   8.82
	  0.340	  0.346	  0.874
	  0.247	 -0.930	  0.272
	  0.907	  0.123	 -0.402

9 	  44.05	  13.83	   7.89
	  0.387	  0.817	 -0.427
	  0.718	  0.024	  0.696
	  0.579	 -0.576	 -0.577

2 	  32.61	  -6.73	  23.12
	  0.158	  0.986	 -0.037
	 -0.987	  0.158	 -0.010
	 -0.004	  0.038	  0.999

3 	  43.07	  -0.76	   2.04
	  0.366	 -0.183	  0.912
	  0.136	  0.980	  0.142
	 -0.921	  0.072	  0.383

4 	  37.09	  -6.98	  -2.74
	  0.388	 -0.919	  0.072
	  0.795	  0.294	 -0.531
	  0.466	  0.263	  0.844

5 	  38.20	  -7.01	   8.46
	  0.396	 -0.201	  0.896
	  0.055	 -0.969	 -0.241
	  0.916	  0.145	 -0.373

6 	  47.88	  -9.05	   8.96
	  0.967	 -0.199	 -0.160
	 -0.216	 -0.302	 -0.929
	  0.137	  0.932	 -0.335

7 	  39.13	   6.33	  -2.64
	  0.503	  0.843	  0.188
	 -0.762	  0.330	  0.557
	  0.408	 -0.424	  0.809

8 	  39.76	   5.75	   8.86
	  0.340	  0.334	  0.879
	  0.224	 -0.937	  0.269
	  0.913	  0.105	 -0.394

9 	  44.51	  13.64	   7.98
	  0.435	  0.794	 -0.424
	  0.716	 -0.019	  0.698
	  0.546	 -0.608	 -0.577

2 	  32.59	  -6.73	  23.12
	  0.158	  0.986	 -0.037
	 -0.987	  0.158	 -0.010
	 -0.004	  0.037	  0.999

3 	  43.07	  -0.72	   2.06
	  0.363	 -0.183	  0.913
	  0.131	  0.980	  0.144
	 -0.922	  0.067	  0.380

4 	  37.16	  -6.94	  -2.76
	  0.402	 -0.913	  0.067
	  0.790	  0.309	 -0.530
	  0.463	  0.266	  0.845

5 	  38.21	  -7.07	   8.46
	  0.400	 -0.198	  0.895
	  0.077	 -0.966	 -0.248
	  0.913	  0.169	 -0.371

6 	  47.97	  -8.79	   9.00
	  0.972	 -0.175	 -0.155
	 -0.204	 -0.308	 -0.929
	  0.114	  0.935	 -0.335

7 	  39.15	   6.42	  -2.58
	  0.509	  0.839	  0.190
	 -0.760	  0.335	  0.557
	  0.404	 -0.429	  0.808

8 	  39.85	   5.77	   8.93
	  0.364	  0.308	  0.879
	  0.149	 -0.951	  0.271
	  0.919	  0.033	 -0.392

9 	  45.19	  13.24	   7.95
	  0.505	  0.746	 -0.433
	  0.716	 -0.083	  0.693
	  0.481	 -0.660	 -0.577

2 	  32.61	  -6.73	  23.10
	  0.158	  0.986	 -0.037
	 -0.987	  0.158	 -0.010
	 -0.004	  0.037	  0.999

3 	  43.05	  -0.69	   2.04
	  0.363	 -0.185	  0.913
	  0.126	  0.981	  0.148
	 -0.923	  0.061	  0.379

4 	  37.21	  -6.93	  -2.81
	  0.412	 -0.909	  0.058
	  0.782	  0.320	 -0.534
	  0.466	  0.266	  0.843

5 	  38.37	  -7.10	   8.37
	  0.418	 -0.193	  0.887
	  0.119	 -0.957	 -0.264
	  0.900	  0.216	 -0.378

6 	  48.11	  -8.61	   8.93
	  0.976	 -0.151	 -0.158
	 -0.198	 -0.309	 -0.930
	  0.091	  0.939	 -0.332

7 	  39.20	   6.47	  -2.55
	  0.521	  0.832	  0.189
	 -0.753	  0.344	  0.560
	  0.401	 -0.435	  0.806

8 	  40.04	   5.89	   8.93
	  0.410	  0.273	  0.870
	  0.040	 -0.958	  0.282
	  0.911	 -0.081	 -0.404

9 	  46.18	  12.59	   7.73
	  0.586	  0.670	 -0.456
	  0.710	 -0.154	  0.687
	  0.390	 -0.726	 -0.567

2 	  32.59	  -6.73	  23.12
	  0.158	  0.987	 -0.037
	 -0.987	  0.158	 -0.010
	 -0.004	  0.038	  0.999

3 	  43.08	  -0.65	   2.04
	  0.364	 -0.185	  0.913
	  0.117	  0.981	  0.152
	 -0.924	  0.051	  0.378

4 	  37.35	  -6.89	  -2.81
	  0.437	 -0.898	  0.052
	  0.767	  0.342	 -0.542
	  0.469	  0.276	  0.839

5 	  38.55	  -7.15	   8.33
	  0.434	 -0.179	  0.883
	  0.173	 -0.945	 -0.277
	  0.884	  0.273	 -0.380

6 	  48.38	  -8.12	   8.89
	  0.982	 -0.100	 -0.158
	 -0.182	 -0.317	 -0.931
	  0.043	  0.943	 -0.329

7 	  39.15	   6.49	  -2.55
	  0.527	  0.829	  0.183
	 -0.747	  0.350	  0.565
	  0.405	 -0.436	  0.804

8 	  40.18	   5.98	   8.93
	  0.458	  0.227	  0.859
	 -0.093	 -0.949	  0.300
	  0.884	 -0.217	 -0.414

9 	  47.25	  11.53	   7.59
	  0.690	  0.546	 -0.475
	  0.678	 -0.259	  0.687
	  0.252	 -0.797	 -0.549

2 	  32.61	  -6.73	  23.10
	  0.158	  0.986	 -0.037
	 -0.987	  0.158	 -0.010
	 -0.004	  0.037	  0.999

3 	  43.12	  -0.56	   2.02
	  0.366	 -0.182	  0.912
	  0.102	  0.982	  0.155
	 -0.925	  0.036	  0.378

4 	  37.46	  -6.89	  -2.83
	  0.458	 -0.888	  0.043
	  0.753	  0.362	 -0.550
	  0.472	  0.285	  0.834

5 	  38.67	  -7.22	   8.30
	  0.445	 -0.166	  0.880
	  0.228	 -0.929	 -0.291
	  0.866	  0.330	 -0.376

6 	  48.60	  -7.56	   8.89
	  0.987	 -0.034	 -0.154
	 -0.156	 -0.321	 -0.934
	 -0.018	  0.947	 -0.322

7 	  39.20	   6.50	  -2.53
	  0.540	  0.822	  0.179
	 -0.737	  0.360	  0.572
	  0.406	 -0.441	  0.800

8 	  40.38	   6.08	   9.00
	  0.492	  0.173	  0.853
	 -0.218	 -0.924	  0.314
	  0.842	 -0.341	 -0.417

9 	  48.34	  10.21	   7.31
	  0.778	  0.387	 -0.494
	  0.621	 -0.362	  0.695
	  0.090	 -0.848	 -0.522

2 	  32.59	  -6.73	  23.12
	  0.158	  0.986	 -0.037
	 -0.987	  0.158	 -0.010
	 -0.004	  0.038	  0.999

3 	  43.15	  -0.53	   2.00
	  0.363	 -0.181	  0.914
	  0.097	  0.983	  0.156
	 -0.927	  0.031	  0.374

4 	  37.62	  -6.87	  -2.94
	  0.473	 -0.880	  0.029
	  0.746	  0.383	 -0.544
	  0.468	  0.279	  0.838

5 	  38.83	  -7.24	   8.19
	  0.454	 -0.156	  0.877
	  0.282	 -0.909	 -0.308
	  0.845	  0.388	 -0.369

6 	  48.74	  -6.93	   8.96
	  0.990	  0.033	 -0.139
	 -0.121	 -0.322	 -0.939
	 -0.075	  0.946	 -0.315

7 	  39.23	   6.56	  -2.50
	  0.548	  0.817	  0.177
	 -0.732	  0.365	  0.575
	  0.406	 -0.445	  0.798

8 	  40.54	   6.17	   9.04
	  0.515	  0.124	  0.848
	 -0.322	 -0.889	  0.326
	  0.794	 -0.441	 -0.418

9 	  49.04	   8.84	   7.21
	  0.836	  0.221	 -0.503
	  0.547	 -0.421	  0.724
	 -0.052	 -0.880	 -0.472

2 	  32.59	  -6.73	  23.12
	  0.158	  0.986	 -0.037
	 -0.987	  0.158	 -0.010
	 -0.004	  0.037	  0.999

3 	  43.15	  -0.49	   2.04
	  0.358	 -0.181	  0.916
	  0.090	  0.983	  0.159
	 -0.929	  0.026	  0.368

4 	  37.79	  -6.86	  -3.04
	  0.492	 -0.870	  0.018
	  0.737	  0.405	 -0.541
	  0.463	  0.280	  0.841

5 	  38.99	  -7.31	   8.10
	  0.458	 -0.146	  0.876
	  0.331	 -0.887	 -0.321
	  0.825	  0.437	 -0.359

6 	  48.87	  -6.43	   9.05
	  0.989	  0.088	 -0.121
	 -0.087	 -0.318	 -0.944
	 -0.122	  0.944	 -0.306

7 	  39.29	   6.61	  -2.46
	  0.553	  0.813	  0.178
	 -0.727	  0.368	  0.579
	  0.406	 -0.450	  0.796

8 	  40.64	   6.24	   9.11
	  0.538	  0.079	  0.839
	 -0.400	 -0.852	  0.337
	  0.742	 -0.517	 -0.427

9 	  49.50	   7.31	   7.00
	  0.856	  0.038	 -0.516
	  0.466	 -0.490	  0.737
	 -0.224	 -0.871	 -0.437

2 	  32.59	  -6.73	  23.12
	  0.159	  0.986	 -0.037
	 -0.987	  0.158	 -0.010
	 -0.004	  0.037	  0.999

3 	  43.21	  -0.44	   2.07
	  0.354	 -0.180	  0.918
	  0.084	  0.983	  0.161
	 -0.931	  0.020	  0.363

4 	  37.99	  -6.82	  -3.06
	  0.513	 -0.858	  0.015
	  0.727	  0.425	 -0.539
	  0.456	  0.287	  0.842

5 	  39.08	  -7.37	   8.07
	  0.457	 -0.131	  0.880
	  0.387	 -0.861	 -0.329
	  0.801	  0.491	 -0.343

6 	  48.83	  -5.68	   9.25
	  0.979	  0.179	 -0.092
	 -0.034	 -0.302	 -0.953
	 -0.199	  0.936	 -0.290

7 	  39.36	   6.64	  -2.44
	  0.562	  0.808	  0.178
	 -0.722	  0.373	  0.583
	  0.404	 -0.456	  0.793

8 	  40.82	   6.29	   9.16
	  0.557	  0.035	  0.829
	 -0.474	 -0.807	  0.352
	  0.681	 -0.590	 -0.433

9 	  49.66	   6.05	   7.03
	  0.849	 -0.112	 -0.517
	  0.388	 -0.532	  0.752
	 -0.359	 -0.839	 -0.409

2 	  32.59	  -6.73	  23.12
	  0.159	  0.986	 -0.037
	 -0.987	  0.158	 -0.010
	 -0.004	  0.037	  0.999

3 	  43.22	  -0.37	   2.11
	  0.351	 -0.179	  0.919
	  0.077	  0.984	  0.162
	 -0.933	  0.014	  0.359

4 	  38.13	  -6.84	  -3.09
	  0.531	 -0.847	  0.010
	  0.716	  0.443	 -0.540
	  0.453	  0.295	  0.842

5 	  39.27	  -7.49	   8.00
	  0.464	 -0.110	  0.879
	  0.449	 -0.826	 -0.341
	  0.763	  0.553	 -0.334

6 	  48.90	  -5.01	   9.33
	  0.962	  0.259	 -0.079
	 -0.002	 -0.285	 -0.958
	 -0.271	  0.923	 -0.274

7 	  39.38	   6.66	  -2.43
	  0.564	  0.806	  0.178
	 -0.720	  0.374	  0.585
	  0.404	 -0.459	  0.791

8 	  40.99	   6.40	   9.19
	  0.575	 -0.010	  0.818
	 -0.540	 -0.756	  0.370
	  0.615	 -0.654	 -0.440

9 	  49.66	   4.85	   6.80
	  0.808	 -0.254	 -0.531
	  0.320	 -0.567	  0.759
	 -0.494	 -0.784	 -0.377

2 	  32.59	  -6.73	  23.12
	  0.158	  0.986	 -0.037
	 -0.987	  0.158	 -0.010
	 -0.004	  0.038	  0.999

3 	  43.26	  -0.30	   2.14
	  0.349	 -0.177	  0.920
	  0.069	  0.984	  0.162
	 -0.935	  0.007	  0.355

4 	  38.25	  -6.80	  -3.09
	  0.546	 -0.838	  0.006
	  0.706	  0.456	 -0.542
	  0.451	  0.300	  0.840

5 	  39.45	  -7.54	   7.96
	  0.471	 -0.088	  0.877
	  0.511	 -0.784	 -0.353
	  0.718	  0.615	 -0.325

6 	  48.87	  -4.15	   9.56
	  0.933	  0.355	 -0.057
	  0.039	 -0.258	 -0.965
	 -0.357	  0.898	 -0.255

7 	  39.39	   6.68	  -2.39
	  0.569	  0.802	  0.179
	 -0.716	  0.377	  0.588
	  0.404	 -0.463	  0.789

8 	  41.19	   6.45	   9.19
	  0.586	 -0.060	  0.808
	 -0.604	 -0.696	  0.387
	  0.539	 -0.715	 -0.445

9 	  49.55	   3.69	   6.75
	  0.754	 -0.380	 -0.536
	  0.232	 -0.610	  0.758
	 -0.615	 -0.695	 -0.372

2 	  32.59	  -6.73	  23.12
	  0.159	  0.986	 -0.037
	 -0.987	  0.158	 -0.010
	 -0.004	  0.037	  0.999

3 	  43.29	  -0.26	   2.16
	  0.347	 -0.175	  0.921
	  0.062	  0.984	  0.164
	 -0.936	  0.000	  0.353

4 	  38.37	  -6.79	  -3.08
	  0.559	 -0.829	  0.003
	  0.694	  0.467	 -0.548
	  0.452	  0.308	  0.837

5 	  39.64	  -7.56	   7.96
	  0.478	 -0.061	  0.876
	  0.569	 -0.738	 -0.362
	  0.668	  0.672	 -0.319

6 	  48.78	  -3.53	   9.65
	  0.905	  0.424	 -0.040
	  0.070	 -0.241	 -0.968
	 -0.420	  0.873	 -0.248

7 	  39.45	   6.71	  -2.37
	  0.573	  0.799	  0.179
	 -0.714	  0.380	  0.588
	  0.402	 -0.465	  0.788

8 	  41.33	   6.50	   9.19
	  0.589	 -0.099	  0.801
	 -0.650	 -0.647	  0.398
	  0.479	 -0.756	 -0.446

9 	  49.29	   2.76	   6.63
	  0.691	 -0.474	 -0.546
	  0.165	 -0.632	  0.757
	 -0.704	 -0.613	 -0.359

2 	  32.61	  -6.73	  23.12
	  0.158	  0.986	 -0.037
	 -0.987	  0.158	 -0.010
	 -0.004	  0.038	  0.999

3 	  43.31	  -0.21	   2.16
	  0.346	 -0.174	  0.922
	  0.055	  0.984	  0.165
	 -0.936	 -0.007	  0.350

4 	  38.48	  -6.77	  -3.11
	  0.571	 -0.821	 -0.002
	  0.686	  0.479	 -0.548
	  0.451	  0.311	  0.836

5 	  39.80	  -7.59	   7.91
	  0.479	 -0.046	  0.877
	  0.613	 -0.697	 -0.371
	  0.628	  0.715	 -0.306

6 	  48.66	  -3.13	   9.83
	  0.876	  0.481	 -0.016
	  0.102	 -0.219	 -0.970
	 -0.470	  0.849	 -0.242

7 	  39.46	   6.75	  -2.36
	  0.575	  0.798	  0.180
	 -0.714	  0.381	  0.588
	  0.400	 -0.467	  0.788

8 	  41.54	   6.61	   9.25
	  0.589	 -0.149	  0.794
	 -0.704	 -0.577	  0.413
	  0.397	 -0.803	 -0.445

9 	  48.97	   1.78	   6.54
	  0.615	 -0.559	 -0.556
	  0.094	 -0.648	  0.755
	 -0.783	 -0.517	 -0.346

2 	  32.61	  -6.73	  23.12
	  0.158	  0.986	 -0.037
	 -0.987	  0.158	 -0.010
	 -0.004	  0.038	  0.999

3 	  43.35	  -0.16	   2.25
	  0.339	 -0.173	  0.924
	  0.047	  0.985	  0.167
	 -0.939	 -0.013	  0.343

4 	  38.62	  -6.73	  -3.11
	  0.586	 -0.810	 -0.006
	  0.676	  0.493	 -0.547
	  0.445	  0.316	  0.837

5 	  39.92	  -7.66	   7.89
	  0.476	 -0.029	  0.879
	  0.657	 -0.652	 -0.378
	  0.584	  0.757	 -0.292

6 	  48.52	  -2.51	  10.00
	  0.836	  0.548	  0.000
	  0.138	 -0.210	 -0.968
	 -0.531	  0.809	 -0.251

7 	  39.50	   6.77	  -2.30
	  0.579	  0.795	  0.182
	 -0.711	  0.383	  0.589
	  0.398	 -0.471	  0.787

8 	  41.73	   6.59	   9.23
	  0.581	 -0.194	  0.790
	 -0.747	 -0.513	  0.423
	  0.323	 -0.836	 -0.443

9 	  48.67	   1.00	   6.54
	  0.546	 -0.631	 -0.551
	  0.032	 -0.641	  0.766
	 -0.837	 -0.436	 -0.330

2 	  32.59	  -6.73	  23.12
	  0.158	  0.986	 -0.037
	 -0.987	  0.158	 -0.010
	 -0.004	  0.038	  0.999

3 	  43.37	  -0.12	   2.29
	  0.336	 -0.174	  0.926
	  0.044	  0.984	  0.168
	 -0.941	 -0.016	  0.339

4 	  38.72	  -6.71	  -3.13
	  0.594	 -0.804	 -0.010
	  0.671	  0.503	 -0.545
	  0.443	  0.317	  0.838

5 	  40.08	  -7.65	   7.88
	  0.477	 -0.015	  0.878
	  0.692	 -0.610	 -0.386
	  0.542	  0.792	 -0.281

6 	  48.27	  -2.02	  10.12
	  0.798	  0.602	  0.018
	  0.172	 -0.199	 -0.965
	 -0.577	  0.773	 -0.262

7 	  39.50	   6.80	  -2.23
	  0.582	  0.791	  0.187
	 -0.712	  0.384	  0.588
	  0.394	 -0.476	  0.786

8 	  41.87	   6.59	   9.23
	  0.573	 -0.228	  0.787
	 -0.776	 -0.461	  0.431
	  0.264	 -0.858	 -0.441

9 	  48.39	   0.42	   6.64
	  0.490	 -0.683	 -0.542
	 -0.017	 -0.629	  0.777
	 -0.872	 -0.371	 -0.320

2 	  32.59	  -6.75	  23.10
	  0.159	  0.986	 -0.036
	 -0.987	  0.158	 -0.010
	 -0.004	  0.037	  0.999

3 	  43.35	  -0.09	   2.29
	  0.334	 -0.174	  0.926
	  0.042	  0.984	  0.170
	 -0.941	 -0.019	  0.337

4 	  38.78	  -6.70	  -3.13
	  0.606	 -0.795	 -0.014
	  0.658	  0.511	 -0.553
	  0.446	  0.326	  0.833

5 	  40.20	  -7.65	   7.86
	  0.480	 -0.002	  0.877
	  0.714	 -0.579	 -0.392
	  0.509	  0.815	 -0.278

6 	  48.23	  -1.79	  10.21
	  0.773	  0.634	  0.024
	  0.192	 -0.198	 -0.961
	 -0.605	  0.748	 -0.275

7 	  39.46	   6.82	  -2.20
	  0.581	  0.791	  0.189
	 -0.711	  0.382	  0.590
	  0.395	 -0.478	  0.785

8 	  41.94	   6.66	   9.21
	  0.577	 -0.247	  0.778
	 -0.786	 -0.425	  0.448
	  0.220	 -0.871	 -0.440

9 	  48.09	   0.04	   6.52
	  0.430	 -0.724	 -0.540
	 -0.041	 -0.613	  0.789
	 -0.902	 -0.317	 -0.293

2 	  32.59	  -6.73	  23.10
	  0.158	  0.986	 -0.036
	 -0.987	  0.158	 -0.010
	 -0.004	  0.037	  0.999

3 	  43.31	  -0.04	   2.32
	  0.335	 -0.174	  0.926
	  0.036	  0.984	  0.172
	 -0.941	 -0.024	  0.336

4 	  38.87	  -6.64	  -3.15
	  0.618	 -0.786	 -0.017
	  0.649	  0.523	 -0.552
	  0.443	  0.330	  0.833

5 	  40.29	  -7.65	   7.88
	  0.477	  0.004	  0.879
	  0.728	 -0.562	 -0.393
	  0.492	  0.827	 -0.271

6 	  48.18	  -1.55	  10.27
	  0.752	  0.658	  0.030
	  0.205	 -0.192	 -0.960
	 -0.626	  0.728	 -0.279

7 	  39.39	   6.87	  -2.18
	  0.580	  0.792	  0.188
	 -0.709	  0.376	  0.597
	  0.402	 -0.480	  0.780

8 	  42.10	   6.73	   9.14
	  0.571	 -0.275	  0.773
	 -0.807	 -0.361	  0.467
	  0.151	 -0.891	 -0.428

9 	  47.72	  -0.42	   6.71
	  0.367	 -0.774	 -0.516
	 -0.109	 -0.587	  0.802
	 -0.924	 -0.238	 -0.299

2 	  32.59	  -6.75	  23.12
	  0.159	  0.986	 -0.037
	 -0.987	  0.158	 -0.010
	 -0.004	  0.037	  0.999

3 	  43.31	   0.00	   2.34
	  0.335	 -0.174	  0.926
	  0.031	  0.984	  0.173
	 -0.942	 -0.029	  0.335

4 	  38.88	  -6.61	  -3.16
	  0.623	 -0.782	 -0.021
	  0.645	  0.529	 -0.551
	  0.442	  0.330	  0.834

5 	  40.34	  -7.66	   7.79
	  0.480	  0.007	  0.877
	  0.740	 -0.539	 -0.401
	  0.470	  0.842	 -0.265

6 	  48.08	  -1.39	  10.18
	  0.729	  0.684	  0.031
	  0.222	 -0.193	 -0.956
	 -0.648	  0.703	 -0.292

7 	  39.39	   6.91	  -2.18
	  0.585	  0.789	  0.188
	 -0.703	  0.378	  0.602
	  0.404	 -0.484	  0.776

8 	  42.31	   6.73	   9.14
	  0.557	 -0.306	  0.772
	 -0.826	 -0.296	  0.479
	  0.082	 -0.905	 -0.418

9 	  47.36	  -0.93	   6.82
	  0.299	 -0.813	 -0.499
	 -0.162	 -0.558	  0.813
	 -0.940	 -0.163	 -0.299

2 	  32.61	  -6.73	  23.10
	  0.158	  0.986	 -0.037
	 -0.987	  0.158	 -0.010
	 -0.004	  0.037	  0.999

3 	  43.31	   0.04	   2.37
	  0.334	 -0.175	  0.926
	  0.030	  0.984	  0.174
	 -0.942	 -0.031	  0.334

4 	  38.90	  -6.59	  -3.16
	  0.625	 -0.780	 -0.021
	  0.643	  0.531	 -0.551
	  0.441	  0.331	  0.834

5 	  40.43	  -7.73	   7.80
	  0.482	  0.008	  0.876
	  0.744	 -0.531	 -0.405
	  0.462	  0.848	 -0.261

6 	  47.87	  -1.04	  10.37
	  0.689	  0.723	  0.050
	  0.265	 -0.188	 -0.946
	 -0.674	  0.665	 -0.321

7 	  39.39	   6.96	  -2.14
	  0.589	  0.786	  0.188
	 -0.699	  0.378	  0.607
	  0.406	 -0.490	  0.772

8 	  42.36	   6.77	   9.12
	  0.551	 -0.314	  0.772
	 -0.832	 -0.266	  0.486
	  0.052	 -0.911	 -0.408

9 	  47.20	  -1.12	   6.93
	  0.273	 -0.830	 -0.486
	 -0.193	 -0.542	  0.818
	 -0.942	 -0.130	 -0.308

2 	  32.59	  -6.75	  23.10
	  0.159	  0.986	 -0.036
	 -0.987	  0.158	 -0.010
	 -0.004	  0.037	  0.999

3 	  43.33	   0.05	   2.41
	  0.331	 -0.175	  0.927
	  0.026	  0.984	  0.176
	 -0.943	 -0.034	  0.330

4 	  38.97	  -6.56	  -3.13
	  0.631	 -0.775	 -0.017
	  0.642	  0.534	 -0.550
	  0.435	  0.336	  0.835

5 	  40.43	  -7.73	   7.82
	  0.477	  0.008	  0.878
	  0.752	 -0.521	 -0.404
	  0.454	  0.854	 -0.255

6 	  47.72	  -0.90	  10.44
