2 	  33.15	  -6.87	  22.78
	  0.571	  0.820	 -0.028
	 -0.822	  0.570	 -0.016
	  0.004	  0.032	  0.999

3 	  45.35	  -0.19	   0.65
	  0.564	  0.182	  0.805
	 -0.326	  0.945	  0.012
	 -0.760	 -0.268	  0.592

4 	  41.82	   6.87	  -2.41
	  0.885	  0.459	  0.075
	 -0.424	  0.728	  0.539
	  0.193	 -0.509	  0.839

5 	  48.09	   8.10	   8.19
	  0.770	 -0.304	  0.561
	 -0.638	 -0.316	  0.702
	 -0.039	 -0.899	 -0.437

6 	  50.94	  -0.95	   5.03
	 -0.015	 -0.967	 -0.255
	  0.824	 -0.157	  0.545
	 -0.567	 -0.202	  0.798

7 	  40.92	  -6.29	  -3.16
	  0.832	 -0.377	 -0.408
	  0.160	  0.866	 -0.474
	  0.532	  0.329	  0.780

8 	  46.65	  -8.96	   7.29
	  0.686	  0.129	  0.716
	  0.664	 -0.515	 -0.543
	  0.300	  0.847	 -0.438

9 	  52.70	   0.93	   9.62
	  0.260	  0.965	 -0.038
	  0.452	 -0.153	 -0.879
	 -0.855	  0.210	 -0.474

2 	  33.15	  -6.87	  22.76
	  0.571	  0.820	 -0.028
	 -0.821	  0.570	 -0.015
	  0.005	  0.032	  0.999

3 	  45.33	  -0.19	   0.65
	  0.563	  0.184	  0.805
	 -0.327	  0.945	  0.011
	 -0.760	 -0.269	  0.591

4 	  41.80	   6.89	  -2.41
	  0.884	  0.461	  0.076
	 -0.426	  0.727	  0.539
	  0.193	 -0.509	  0.839

5 	  48.08	   8.12	   8.19
	  0.770	 -0.304	  0.561
	 -0.638	 -0.317	  0.701
	 -0.038	 -0.899	 -0.437

6 	  50.94	  -0.95	   5.03
	 -0.014	 -0.967	 -0.254
	  0.823	 -0.156	  0.545
	 -0.567	 -0.201	  0.798

7 	  40.92	  -6.28	  -3.16
	  0.832	 -0.377	 -0.408
	  0.160	  0.865	 -0.475
	  0.532	  0.330	  0.780

8 	  46.65	  -8.96	   7.29
	  0.685	  0.129	  0.717
	  0.664	 -0.515	 -0.542
	  0.300	  0.847	 -0.438

9 	  52.72	   0.93	   9.62
	  0.260	  0.965	 -0.039
	  0.452	 -0.153	 -0.879
	 -0.855	  0.210	 -0.474

2 	  33.13	  -6.87	  22.78
	  0.571	  0.820	 -0.028
	 -0.821	  0.570	 -0.015
	  0.004	  0.032	  0.999

3 	  45.35	  -0.18	   0.63
	  0.565	  0.183	  0.804
	 -0.326	  0.945	  0.012
	 -0.759	 -0.268	  0.593

4 	  41.82	   6.89	  -2.41
	  0.885	  0.459	  0.076
	 -0.425	  0.728	  0.538
	  0.193	 -0.509	  0.839

5 	  48.11	   8.10	   8.17
	  0.770	 -0.303	  0.562
	 -0.639	 -0.318	  0.701
	 -0.037	 -0.899	 -0.438

6 	  50.94	  -0.93	   5.03
	 -0.014	 -0.967	 -0.254
	  0.823	 -0.156	  0.546
	 -0.568	 -0.202	  0.798

7 	  40.94	  -6.29	  -3.16
	  0.830	 -0.379	 -0.409
	  0.161	  0.865	 -0.475
	  0.535	  0.329	  0.778

8 	  46.67	  -8.98	   7.29
	  0.686	  0.129	  0.716
	  0.663	 -0.516	 -0.542
	  0.301	  0.846	 -0.439

9 	  52.72	   0.93	   9.62
	  0.261	  0.964	 -0.039
	  0.452	 -0.154	 -0.878
	 -0.855	  0.210	 -0.475

2 	  33.13	  -6.89	  22.78
	  0.571	  0.820	 -0.028
	 -0.821	  0.570	 -0.015
	  0.005	  0.032	  0.999

3 	  45.37	  -0.19	   0.60
	  0.568	  0.180	  0.802
	 -0.322	  0.947	  0.013
	 -0.758	 -0.265	  0.595

4 	  41.85	   6.87	  -2.43
	  0.885	  0.460	  0.075
	 -0.425	  0.727	  0.539
	  0.193	 -0.510	  0.838

5 	  48.13	   8.10	   8.16
	  0.767	 -0.305	  0.563
	 -0.641	 -0.318	  0.698
	 -0.036	 -0.898	 -0.439

6 	  50.99	  -0.95	   5.03
	 -0.014	 -0.967	 -0.254
	  0.821	 -0.156	  0.548
	 -0.571	 -0.201	  0.796

7 	  40.96	  -6.31	  -3.18
	  0.827	 -0.383	 -0.411
	  0.162	  0.863	 -0.478
	  0.539	  0.329	  0.775

8 	  46.67	  -8.98	   7.29
	  0.685	  0.129	  0.717
	  0.663	 -0.519	 -0.539
	  0.304	  0.844	 -0.441

9 	  52.75	   0.91	   9.62
	  0.261	  0.964	 -0.039
	  0.453	 -0.154	 -0.878
	 -0.854	  0.210	 -0.476

2 	  33.13	  -6.87	  22.78
	  0.571	  0.820	 -0.028
	 -0.822	  0.570	 -0.015
	  0.004	  0.032	  0.999

3 	  45.42	  -0.21	   0.56
	  0.570	  0.177	  0.802
	 -0.319	  0.948	  0.015
	 -0.758	 -0.263	  0.596

4 	  41.87	   6.87	  -2.46
	  0.885	  0.459	  0.073
	 -0.424	  0.729	  0.537
	  0.194	 -0.507	  0.840

5 	  48.15	   8.09	   8.14
	  0.766	 -0.305	  0.565
	 -0.643	 -0.321	  0.695
	 -0.034	 -0.897	 -0.441

6 	  51.03	  -0.95	   4.99
	 -0.013	 -0.967	 -0.256
	  0.820	 -0.157	  0.551
	 -0.573	 -0.203	  0.794

7 	  40.96	  -6.31	  -3.20
	  0.826	 -0.385	 -0.412
	  0.163	  0.862	 -0.479
	  0.540	  0.328	  0.775

8 	  46.67	  -8.96	   7.28
	  0.687	  0.130	  0.715
	  0.659	 -0.526	 -0.537
	  0.307	  0.840	 -0.447

9 	  52.84	   0.86	   9.53
	  0.263	  0.964	 -0.039
	  0.434	 -0.151	 -0.888
	 -0.863	  0.216	 -0.456

2 	  33.13	  -6.87	  22.78
	  0.571	  0.820	 -0.027
	 -0.821	  0.570	 -0.015
	  0.004	  0.031	  0.999

3 	  45.40	  -0.21	   0.56
	  0.575	  0.177	  0.798
	 -0.325	  0.946	  0.022
	 -0.752	 -0.271	  0.601

4 	  41.87	   6.87	  -2.46
	  0.885	  0.459	  0.071
	 -0.423	  0.732	  0.534
	  0.193	 -0.504	  0.842

5 	  48.09	   8.05	   8.14
	  0.767	 -0.304	  0.564
	 -0.642	 -0.328	  0.694
	 -0.029	 -0.895	 -0.446

6 	  51.31	  -0.70	   4.66
	  0.038	 -0.954	 -0.297
	  0.799	 -0.150	  0.583
	 -0.601	 -0.259	  0.756

7 	  40.85	  -6.28	  -3.22
	  0.823	 -0.388	 -0.416
	  0.166	  0.863	 -0.478
	  0.544	  0.324	  0.774

8 	  46.30	  -8.79	   7.38
	  0.704	  0.122	  0.699
	  0.621	 -0.584	 -0.523
	  0.346	  0.802	 -0.487

9 	  53.82	   0.00	   8.84
	  0.448	  0.890	 -0.080
	  0.236	 -0.202	 -0.950
	 -0.863	  0.406	 -0.300

2 	  33.13	  -6.87	  22.78
	  0.571	  0.821	 -0.028
	 -0.822	  0.569	 -0.015
	  0.004	  0.032	  0.999

3 	  45.26	  -0.25	   0.58
	  0.574	  0.174	  0.799
	 -0.302	  0.953	  0.008
	 -0.762	 -0.245	  0.600

4 	  41.62	   6.91	  -2.44
	  0.876	  0.470	  0.103
	 -0.443	  0.702	  0.557
	  0.189	 -0.535	  0.824

5 	  46.69	   7.91	   8.82
	  0.783	 -0.173	  0.596
	 -0.551	 -0.637	  0.538
	  0.287	 -0.751	 -0.595

6 	  53.26	   2.58	   4.38
	  0.481	 -0.708	 -0.516
	  0.723	 -0.017	  0.690
	 -0.503	 -0.702	  0.505

7 	  40.57	  -6.35	  -3.15
	  0.815	 -0.433	 -0.384
	  0.216	  0.843	 -0.492
	  0.538	  0.318	  0.781

8 	  45.18	  -8.65	   7.93
	  0.699	  0.034	  0.714
	  0.465	 -0.781	 -0.417
	  0.545	  0.622	 -0.562

9 	  55.20	  -3.94	   8.31
	  0.833	  0.513	 -0.203
	  0.066	 -0.458	 -0.886
	 -0.548	  0.725	 -0.416

2 	  33.13	  -6.87	  22.78
	  0.571	  0.820	 -0.028
	 -0.822	  0.570	 -0.015
	  0.004	  0.032	  0.999

3 	  45.11	  -0.26	   0.58
	  0.551	  0.180	  0.815
	 -0.228	  0.972	 -0.062
	 -0.803	 -0.151	  0.576

4 	  41.55	   7.03	  -2.57
	  0.855	  0.501	  0.133
	 -0.478	  0.661	  0.577
	  0.201	 -0.558	  0.805

5 	  45.46	   7.61	   9.23
	  0.733	 -0.062	  0.677
	 -0.406	 -0.839	  0.361
	  0.548	 -0.538	 -0.640

6 	  53.67	   7.61	   5.62
	  0.803	 -0.186	 -0.566
	  0.588	  0.090	  0.804
	 -0.102	 -0.978	  0.181

7 	  40.03	  -6.36	  -2.83
	  0.750	 -0.558	 -0.353
	  0.361	  0.794	 -0.490
	  0.554	  0.240	  0.797

8 	  43.58	  -9.00	   8.65
	  0.659	 -0.110	  0.744
	  0.226	 -0.915	 -0.334
	  0.719	  0.386	 -0.578

9 	  54.25	  -8.51	   9.02
	  0.973	  0.030	 -0.227
	 -0.161	 -0.621	 -0.767
	 -0.165	  0.782	 -0.601

2 	  33.13	  -6.87	  22.78
	  0.571	  0.820	 -0.028
	 -0.822	  0.570	 -0.015
	  0.004	  0.032	  0.999

3 	  45.05	  -0.46	   0.65
	  0.539	  0.149	  0.829
	 -0.126	  0.987	 -0.097
	 -0.833	 -0.052	  0.550

4 	  41.75	   7.15	  -2.58
	  0.825	  0.532	  0.190
	 -0.535	  0.625	  0.568
	  0.184	 -0.570	  0.800

5 	  44.68	   7.61	   9.67
	  0.671	  0.011	  0.741
	 -0.266	 -0.930	  0.253
	  0.693	 -0.365	 -0.621

6 	  52.88	  10.42	   7.28
	  0.869	  0.125	 -0.478
	  0.459	  0.155	  0.875
	  0.183	 -0.980	  0.077

7 	  39.38	  -6.19	  -2.64
	  0.676	 -0.660	 -0.326
	  0.482	  0.731	 -0.484
	  0.558	  0.170	  0.812

8 	  42.03	  -9.19	   8.89
	  0.600	 -0.228	  0.767
	  0.030	 -0.952	 -0.305
	  0.799	  0.206	 -0.564

9 	  52.63	 -11.13	  10.07
	  0.951	 -0.279	 -0.132
	 -0.289	 -0.653	 -0.700
	  0.108	  0.703	 -0.703

2 	  33.13	  -6.87	  22.78
	  0.571	  0.820	 -0.028
	 -0.822	  0.570	 -0.015
	  0.004	  0.032	  0.999

3 	  44.93	  -0.60	   0.69
	  0.532	  0.123	  0.837
	 -0.073	  0.992	 -0.100
	 -0.843	 -0.008	  0.537

4 	  41.80	   7.15	  -2.57
	  0.808	  0.539	  0.236
	 -0.569	  0.613	  0.547
	  0.151	 -0.577	  0.802

5 	  44.19	   7.72	   9.76
	  0.639	  0.065	  0.766
	 -0.190	 -0.952	  0.238
	  0.747	 -0.296	 -0.596

6 	  52.21	  11.65	   8.14
	  0.868	  0.262	 -0.421
	  0.401	  0.133	  0.906
	  0.296	 -0.955	  0.012

7 	  39.08	  -6.12	  -2.64
	  0.641	 -0.698	 -0.320
	  0.526	  0.702	 -0.480
	  0.560	  0.140	  0.816

8 	  41.47	  -9.25	   8.88
	  0.574	 -0.276	  0.771
	 -0.052	 -0.952	 -0.302
	  0.817	  0.133	 -0.560

9 	  51.86	 -12.13	   9.93
	  0.917	 -0.367	 -0.156
	 -0.354	 -0.565	 -0.746
	  0.185	  0.738	 -0.648

2 	  33.13	  -6.89	  22.78
	  0.571	  0.820	 -0.028
	 -0.822	  0.570	 -0.015
	  0.004	  0.032	  0.999

3 	  44.86	  -0.63	   0.67
	  0.534	  0.113	  0.837
	 -0.063	  0.993	 -0.095
	 -0.843	 -0.002	  0.538

4 	  41.57	   7.14	  -2.55
	  0.783	  0.569	  0.250
	 -0.603	  0.594	  0.532
	  0.154	 -0.568	  0.808

5 	  43.65	   7.95	   9.84
	  0.631	  0.130	  0.764
	 -0.106	 -0.963	  0.249
	  0.769	 -0.237	 -0.594

6 	  51.24	  12.78	   8.17
	  0.823	  0.361	 -0.439
	  0.422	  0.133	  0.897
	  0.386	 -0.922	 -0.040

7 	  38.79	  -5.99	  -2.67
	  0.615	 -0.716	 -0.329
	  0.551	  0.688	 -0.471
	  0.565	  0.108	  0.818

8 	  40.90	  -9.25	   8.84
	  0.548	 -0.308	  0.777
	 -0.088	 -0.946	 -0.312
	  0.832	  0.103	 -0.546

9 	  51.17	 -12.53	   9.95
	  0.902	 -0.407	 -0.142
	 -0.373	 -0.570	 -0.732
	  0.217	  0.713	 -0.667

2 	  33.13	  -6.87	  22.78
	  0.571	  0.820	 -0.028
	 -0.822	  0.570	 -0.015
	  0.004	  0.032	  0.999

3 	  44.65	  -0.60	   0.58
	  0.547	  0.091	  0.832
	 -0.051	  0.996	 -0.076
	 -0.835	 -0.000	  0.550

4 	  41.13	   7.19	  -2.44
	  0.760	  0.598	  0.256
	 -0.628	  0.571	  0.528
	  0.170	 -0.562	  0.809

5 	  43.08	   8.07	   9.95
	  0.625	  0.175	  0.760
	 -0.031	 -0.969	  0.247
	  0.780	 -0.177	 -0.600

6 	  50.34	  13.73	   8.56
	  0.770	  0.474	 -0.426
	  0.479	  0.013	  0.878
	  0.424	 -0.879	 -0.216

7 	  38.53	  -5.85	  -2.78
	  0.592	 -0.725	 -0.353
	  0.560	  0.684	 -0.466
	  0.580	  0.078	  0.810

8 	  40.52	  -9.30	   8.68
	  0.539	 -0.335	  0.773
	 -0.103	 -0.937	 -0.334
	  0.836	  0.100	 -0.539

9 	  50.71	 -12.96	   9.63
	  0.885	 -0.435	 -0.161
	 -0.396	 -0.527	 -0.752
	  0.242	  0.730	 -0.639

2 	  33.13	  -6.87	  22.78
	  0.571	  0.820	 -0.028
	 -0.822	  0.570	 -0.015
	  0.004	  0.032	  0.999

3 	  44.53	  -0.49	   0.44
	  0.566	  0.073	  0.821
	 -0.054	  0.997	 -0.052
	 -0.823	 -0.015	  0.568

4 	  40.73	   7.29	  -2.32
	  0.731	  0.630	  0.261
	 -0.655	  0.541	  0.527
	  0.191	 -0.557	  0.808

5 	  42.70	   8.19	  10.05
	  0.623	  0.204	  0.755
	  0.032	 -0.971	  0.236
	  0.782	 -0.122	 -0.611

6 	  49.69	  14.38	   9.04
	  0.736	  0.548	 -0.397
	  0.502	 -0.044	  0.864
	  0.459	 -0.834	 -0.306

7 	  38.48	  -5.73	  -2.81
	  0.583	 -0.728	 -0.361
	  0.566	  0.682	 -0.463
	  0.584	  0.066	  0.809

8 	  40.20	  -9.35	   8.63
	  0.522	 -0.351	  0.777
	 -0.113	 -0.932	 -0.345
	  0.846	  0.092	 -0.526

9 	  50.29	 -13.18	   9.77
	  0.879	 -0.456	 -0.138
	 -0.392	 -0.528	 -0.753
	  0.270	  0.717	 -0.643

2 	  33.13	  -6.87	  22.78
	  0.571	  0.821	 -0.028
	 -0.822	  0.569	 -0.015
	  0.004	  0.032	  0.999

3 	  44.53	  -0.42	   0.33
	  0.577	  0.063	  0.814
	 -0.061	  0.997	 -0.035
	 -0.814	 -0.029	  0.580

4 	  40.52	   7.29	  -2.20
	  0.712	  0.648	  0.269
	 -0.671	  0.515	  0.533
	  0.207	 -0.560	  0.802

5 	  42.43	   8.10	  10.16
	  0.613	  0.209	  0.762
	  0.054	 -0.973	  0.222
	  0.788	 -0.095	 -0.608

6 	  49.31	  14.55	   9.19
	  0.721	  0.571	 -0.392
	  0.508	 -0.046	  0.860
	  0.476	 -0.818	 -0.322

7 	  38.50	  -5.73	  -2.90
	  0.575	 -0.728	 -0.374
	  0.566	  0.683	 -0.461
	  0.592	  0.053	  0.804

8 	  39.92	  -9.35	   8.53
	  0.495	 -0.349	  0.795
	 -0.087	 -0.931	 -0.354
	  0.864	  0.106	 -0.492

9 	  50.08	 -12.92	  10.11
	  0.894	 -0.436	 -0.105
	 -0.355	 -0.547	 -0.758
	  0.273	  0.715	 -0.644

2 	  33.13	  -6.87	  22.78
	  0.571	  0.820	 -0.028
	 -0.821	  0.570	 -0.016
	  0.004	  0.032	  0.999

3 	  44.58	  -0.37	   0.37
	  0.569	  0.075	  0.819
	 -0.069	  0.996	 -0.044
	 -0.819	 -0.031	  0.572

4 	  40.55	   7.31	  -2.18
	  0.714	  0.644	  0.272
	 -0.667	  0.509	  0.543
	  0.212	 -0.570	  0.794

5 	  42.49	   8.23	  10.12
	  0.614	  0.210	  0.760
	  0.031	 -0.970	  0.242
	  0.788	 -0.124	 -0.603

6 	  49.29	  14.70	   9.26
	  0.721	  0.575	 -0.386
	  0.506	 -0.052	  0.861
	  0.478	 -0.815	 -0.327

7 	  38.69	  -5.68	  -2.92
	  0.581	 -0.729	 -0.361
	  0.571	  0.681	 -0.458
	  0.581	  0.060	  0.812

8 	  39.88	  -9.28	   8.54
	  0.479	 -0.347	  0.807
	 -0.080	 -0.932	 -0.353
	  0.874	  0.104	 -0.474

9 	  49.99	 -12.96	  10.35
	  0.895	 -0.438	 -0.083
	 -0.342	 -0.556	 -0.757
	  0.285	  0.707	 -0.647

2 	  33.13	  -6.87	  22.78
	  0.571	  0.820	 -0.028
	 -0.822	  0.570	 -0.015
	  0.004	  0.032	  0.999

3 	  44.75	  -0.37	   0.39
	  0.562	  0.083	  0.823
	 -0.069	  0.996	 -0.054
	 -0.824	 -0.026	  0.566

4 	  40.69	   7.28	  -2.23
	  0.709	  0.649	  0.275
	 -0.674	  0.507	  0.537
	  0.210	 -0.566	  0.797

5 	  42.50	   8.28	  10.12
	  0.602	  0.207	  0.771
	  0.004	 -0.967	  0.256
	  0.798	 -0.151	 -0.583

6 	  49.39	  14.66	   9.44
	  0.735	  0.569	 -0.368
	  0.490	 -0.069	  0.869
	  0.472	 -0.818	 -0.328

7 	  38.85	  -5.75	  -2.90
	  0.592	 -0.728	 -0.346
	  0.571	  0.681	 -0.459
	  0.570	  0.074	  0.818

8 	  40.11	  -9.23	   8.60
	  0.492	 -0.322	  0.808
	 -0.058	 -0.939	 -0.338
	  0.868	  0.119	 -0.481

9 	  50.22	 -12.74	  10.55
	  0.902	 -0.427	 -0.069
	 -0.335	 -0.588	 -0.737
	  0.274	  0.687	 -0.673

2 	  33.13	  -6.87	  22.78
	  0.571	  0.820	 -0.028
	 -0.822	  0.570	 -0.015
	  0.004	  0.032	  0.999

3 	  44.82	  -0.40	   0.39
	  0.564	  0.091	  0.820
	 -0.070	  0.995	 -0.064
	 -0.823	 -0.021	  0.568

4 	  40.80	   7.26	  -2.27
	  0.711	  0.647	  0.276
	 -0.673	  0.509	  0.536
	  0.208	 -0.567	  0.797

5 	  42.42	   8.24	  10.14
	  0.589	  0.208	  0.780
	  0.012	 -0.968	  0.248
	  0.808	 -0.136	 -0.573

6 	  49.31	  14.70	   9.72
	  0.741	  0.577	 -0.343
	  0.469	 -0.077	  0.880
	  0.484	 -0.812	 -0.326

7 	  38.87	  -5.73	  -2.95
	  0.591	 -0.726	 -0.351
	  0.573	  0.683	 -0.453
	  0.569	  0.066	  0.819

8 	  40.18	  -9.19	   8.56
	  0.500	 -0.319	  0.804
	 -0.052	 -0.939	 -0.340
	  0.864	  0.128	 -0.486

9 	  50.26	 -12.71	  10.48
	  0.899	 -0.433	 -0.068
	 -0.338	 -0.585	 -0.737
	  0.280	  0.685	 -0.672

2 	  33.13	  -6.87	  22.78
	  0.571	  0.820	 -0.028
	 -0.822	  0.570	 -0.015
	  0.004	  0.032	  0.999

3 	  44.79	  -0.33	   0.37
	  0.573	  0.078	  0.816
	 -0.066	  0.996	 -0.049
	 -0.817	 -0.026	  0.576

4 	  40.78	   7.33	  -2.20
	  0.707	  0.649	  0.281
	 -0.676	  0.502	  0.540
	  0.210	 -0.572	  0.793

5 	  42.36	   8.26	  10.21
	  0.583	  0.204	  0.786
	  0.024	 -0.972	  0.234
	  0.812	 -0.117	 -0.572

6 	  49.15	  14.92	  10.20
	  0.742	  0.598	 -0.302
	  0.447	 -0.106	  0.888
	  0.503	 -0.793	 -0.344

7 	  38.83	  -5.61	  -2.99
	  0.587	 -0.726	 -0.358
	  0.576	  0.684	 -0.447
	  0.570	  0.056	  0.819

8 	  40.08	  -9.21	   8.51
	  0.490	 -0.339	  0.803
	 -0.067	 -0.933	 -0.352
	  0.869	  0.118	 -0.480

9 	  50.15	 -12.87	  10.53
	  0.894	 -0.443	 -0.057
	 -0.333	 -0.574	 -0.748
	  0.299	  0.688	 -0.661

2 	  33.13	  -6.87	  22.78
	  0.571	  0.821	 -0.028
	 -0.822	  0.569	 -0.015
	  0.004	  0.032	  0.999

3 	  44.89	  -0.26	   0.44
	  0.557	  0.079	  0.827
	 -0.074	  0.996	 -0.046
	 -0.827	 -0.035	  0.560

4 	  40.89	   7.40	  -2.18
	  0.696	  0.656	  0.291
	 -0.689	  0.496	  0.527
	  0.202	 -0.568	  0.798

5 	  42.35	   8.30	  10.23
	  0.575	  0.206	  0.791
	  0.027	 -0.972	  0.233
	  0.817	 -0.112	 -0.565

6 	  49.15	  14.96	  10.37
	  0.748	  0.600	 -0.283
	  0.438	 -0.125	  0.890
	  0.502	 -0.789	 -0.354

7 	  39.11	  -5.55	  -3.04
	  0.600	 -0.719	 -0.349
	  0.577	  0.692	 -0.434
	  0.555	  0.059	  0.830

8 	  40.32	  -9.21	   8.47
	  0.491	 -0.329	  0.806
	 -0.041	 -0.934	 -0.356
	  0.870	  0.141	 -0.472

9 	  50.78	 -12.22	  10.30
	  0.935	 -0.342	 -0.093
	 -0.291	 -0.588	 -0.755
	  0.203	  0.732	 -0.650

2 	  33.13	  -6.87	  22.78
	  0.571	  0.820	 -0.028
	 -0.822	  0.570	 -0.015
	  0.004	  0.032	  0.999

3 	  44.96	  -0.23	   0.51
	  0.554	  0.086	  0.828
	 -0.092	  0.995	 -0.043
	 -0.827	 -0.052	  0.559

4 	  40.97	   7.45	  -2.14
	  0.700	  0.653	  0.289
	 -0.687	  0.504	  0.524
	  0.197	 -0.565	  0.801

5 	  42.45	   8.37	  10.27
	  0.580	  0.162	  0.798
	 -0.089	 -0.962	  0.259
	  0.810	 -0.220	 -0.543

6 	  50.31	  13.25	   9.51
	  0.848	  0.384	 -0.366
	  0.424	 -0.073	  0.903
	  0.321	 -0.920	 -0.224

7 	  39.11	  -5.57	  -3.08
	  0.624	 -0.695	 -0.358
	  0.552	  0.715	 -0.428
	  0.554	  0.069	  0.829

8 	  41.27	  -9.33	   8.28
	  0.573	 -0.253	  0.779
	  0.122	 -0.914	 -0.386
	  0.811	  0.315	 -0.493

9 	  52.21	  -9.84	   9.35
	  0.979	 -0.063	 -0.194
	 -0.197	 -0.569	 -0.799
	 -0.062	  0.818	 -0.571

2 	  33.13	  -6.89	  22.78
	  0.571	  0.820	 -0.027
	 -0.821	  0.570	 -0.016
	  0.004	  0.032	  0.999

3 	  44.96	  -0.30	   0.53
	  0.582	  0.118	  0.804
	 -0.140	  0.989	 -0.045
	 -0.801	 -0.086	  0.592

4 	  41.04	   7.26	  -2.14
	  0.738	  0.628	  0.246
	 -0.643	  0.543	  0.540
	  0.206	 -0.557	  0.805

5 	  43.07	   8.74	  10.07
	  0.624	  0.096	  0.775
	 -0.294	 -0.891	  0.345
	  0.725	 -0.442	 -0.528

6 	  52.08	   9.74	   8.33
	  0.909	 -0.085	 -0.407
	  0.405	 -0.045	  0.913
	 -0.101	 -0.995	 -0.009

7 	  39.36	  -5.91	  -3.06
	  0.689	 -0.625	 -0.367
	  0.454	  0.766	 -0.454
	  0.565	  0.146	  0.812

8 	  42.63	  -9.69	   8.19
	  0.654	 -0.138	  0.743
	  0.333	 -0.830	 -0.446
	  0.680	  0.539	 -0.497

9 	  53.28	  -6.79	   8.74
	  0.900	  0.372	 -0.226
	 -0.071	 -0.389	 -0.919
	 -0.430	  0.842	 -0.325

2 	  33.13	  -6.89	  22.78
	  0.571	  0.820	 -0.028
	 -0.821	  0.570	 -0.015
	  0.004	  0.032	  0.999

3 	  45.11	  -0.56	   0.56
	  0.578	  0.138	  0.804
	 -0.142	  0.987	 -0.068
	 -0.804	 -0.075	  0.590

4 	  41.36	   6.87	  -2.34
	  0.807	  0.557	  0.193
	 -0.559	  0.615	  0.555
	  0.191	 -0.557	  0.808

5 	  44.53	   9.04	   9.49
	  0.697	  0.023	  0.717
	 -0.479	 -0.730	  0.487
	  0.536	 -0.681	 -0.498

6 	  52.91	   5.64	   7.17
	  0.750	 -0.579	 -0.320
	  0.493	  0.156	  0.855
	 -0.454	 -0.798	  0.398

7 	  39.55	  -6.19	  -3.01
	  0.719	 -0.593	 -0.362
	  0.408	  0.781	 -0.473
	  0.564	  0.193	  0.803

8 	  43.45	  -9.93	   8.09
	  0.694	 -0.082	  0.715
	  0.417	 -0.765	 -0.491
	  0.588	  0.638	 -0.497

9 	  53.56	  -5.36	   7.70
	  0.759	  0.624	 -0.187
	 -0.113	 -0.161	 -0.981
	 -0.643	  0.764	 -0.054

2 	  33.13	  -6.89	  22.78
	  0.571	  0.820	 -0.028
	 -0.822	  0.570	 -0.015
	  0.004	  0.032	  0.999

3 	  45.12	  -0.83	   0.53
	  0.587	  0.142	  0.797
	 -0.142	  0.987	 -0.073
	 -0.797	 -0.070	  0.599

4 	  41.45	   6.66	  -2.41
	  0.830	  0.528	  0.178
	 -0.528	  0.640	  0.557
	  0.181	 -0.557	  0.810

5 	  44.96	   9.33	   9.09
	  0.692	 -0.004	  0.722
	 -0.580	 -0.599	  0.552
	  0.432	 -0.800	 -0.416

6 	  52.07	   3.25	   7.00
	  0.526	 -0.812	 -0.250
	  0.598	  0.140	  0.789
	 -0.612	 -0.561	  0.558

7 	  39.50	  -6.35	  -2.99
	  0.726	 -0.573	 -0.380
	  0.382	  0.795	 -0.472
	  0.573	  0.198	  0.795

8 	  44.09	 -10.07	   7.75
	  0.727	 -0.036	  0.685
	  0.478	 -0.691	 -0.542
	  0.494	  0.721	 -0.485

9 	  52.75	  -3.29	   6.21
	  0.556	  0.806	 -0.199
	 -0.379	  0.025	 -0.925
	 -0.745	  0.588	  0.315

2 	  33.13	  -6.89	  22.78
	  0.571	  0.820	 -0.028
	 -0.822	  0.570	 -0.015
	  0.004	  0.032	  0.999

3 	  45.07	  -0.83	   0.47
	  0.604	  0.144	  0.784
	 -0.179	  0.983	 -0.045
	 -0.777	 -0.113	  0.619

4 	  41.40	   6.59	  -2.50
	  0.848	  0.509	  0.149
	 -0.494	  0.653	  0.574
	  0.195	 -0.560	  0.805

5 	  45.72	   9.84	   8.56
	  0.689	 -0.028	  0.724
	 -0.671	 -0.403	  0.622
	  0.274	 -0.915	 -0.296

6 	  51.66	   1.99	   7.95
	  0.354	 -0.928	 -0.109
	  0.502	  0.085	  0.861
	 -0.793	 -0.356	  0.494

7 	  39.60	  -6.19	  -3.20
	  0.744	 -0.504	 -0.438
	  0.312	  0.842	 -0.440
	  0.591	  0.191	  0.783

8 	  45.26	  -9.79	   6.98
	  0.755	  0.050	  0.653
	  0.576	 -0.526	 -0.625
	  0.313	  0.848	 -0.426

9 	  51.94	  -0.90	   4.97
	  0.365	  0.914	 -0.173
	 -0.628	  0.099	 -0.773
	 -0.693	  0.386	  0.608

2 	  33.13	  -6.89	  22.78
	  0.571	  0.820	 -0.028
	 -0.821	  0.570	 -0.015
	  0.004	  0.032	  0.999

3 	  45.11	  -0.60	   0.39
	  0.630	  0.140	  0.763
	 -0.239	  0.971	  0.017
	 -0.740	 -0.192	  0.645

4 	  41.45	   6.70	  -2.48
	  0.864	  0.490	  0.115
	 -0.460	  0.672	  0.580
	  0.208	 -0.555	  0.806

5 	  46.79	   9.86	   7.93
	  0.713	 -0.071	  0.698
	 -0.693	 -0.228	  0.683
	  0.109	 -0.971	 -0.212

6 	  51.50	   0.97	   8.47
	  0.183	 -0.983	 -0.007
	  0.465	  0.077	  0.881
	 -0.868	 -0.163	  0.470

7 	  39.80	  -6.05	  -3.38
	  0.756	 -0.441	 -0.484
	  0.248	  0.877	 -0.411
	  0.606	  0.191	  0.772

8 	  46.25	  -9.47	   6.40
	  0.757	  0.115	  0.643
	  0.633	 -0.371	 -0.679
	  0.160	  0.921	 -0.354

9 	  51.52	   0.63	   5.19
	  0.210	  0.975	 -0.064
	 -0.594	  0.071	 -0.801
	 -0.779	  0.203	  0.593

2 	  33.13	  -6.89	  22.78
	  0.571	  0.820	 -0.028
	 -0.822	  0.570	 -0.015
	  0.004	  0.032	  0.999

3 	  45.14	  -0.47	   0.28
	  0.636	  0.156	  0.755
	 -0.273	  0.962	  0.029
	 -0.722	 -0.224	  0.654

4 	  41.36	   6.71	  -2.50
	  0.864	  0.497	  0.083
	 -0.448	  0.682	  0.578
	  0.231	 -0.537	  0.811

5 	  46.88	   9.90	   7.82
	  0.705	 -0.075	  0.705
	 -0.704	 -0.195	  0.683
	  0.085	 -0.978	 -0.190

6 	  51.40	   0.91	   8.65
	  0.185	 -0.983	 -0.002
	  0.418	  0.073	  0.905
	 -0.891	 -0.166	  0.422

7 	  39.80	  -5.99	  -3.41
	  0.757	 -0.436	 -0.487
	  0.243	  0.879	 -0.409
	  0.607	  0.191	  0.771

8 	  46.12	  -9.53	   6.45
	  0.755	  0.100	  0.647
	  0.630	 -0.383	 -0.675
	  0.180	  0.918	 -0.353

9 	  51.49	   0.58	   5.59
	  0.210	  0.975	 -0.069
	 -0.540	  0.053	 -0.840
	 -0.817	  0.211	  0.536

2 	  33.13	  -6.87	  22.76
	  0.571	  0.820	 -0.028
	 -0.821	  0.570	 -0.015
	  0.004	  0.032	  0.999

3 	  45.11	  -0.46	   0.26
	  0.638	  0.158	  0.753
	 -0.273	  0.961	  0.028
	 -0.720	 -0.223	  0.656

4 	  41.31	   6.75	  -2.46
	  0.862	  0.500	  0.078
	 -0.448	  0.681	  0.579
	  0.237	 -0.535	  0.811

5 	  46.78	   9.88	   7.89
	  0.705	 -0.076	  0.705
	 -0.704	 -0.204	  0.680
	  0.091	 -0.976	 -0.197

6 	  51.36	   0.88	   8.70
	  0.188	 -0.982	 -0.006
	  0.415	  0.070	  0.907
	 -0.891	 -0.172	  0.420

7 	  39.76	  -5.98	  -3.41
	  0.756	 -0.438	 -0.486
	  0.246	  0.878	 -0.410
	  0.607	  0.191	  0.771

8 	  46.09	  -9.53	   6.43
	  0.755	  0.098	  0.648
	  0.629	 -0.386	 -0.675
	  0.184	  0.917	 -0.353

9 	  51.45	   0.58	   5.61
	  0.210	  0.974	 -0.078
	 -0.536	  0.044	 -0.843
	 -0.820	  0.216	  0.530

2 	  33.13	  -6.87	  22.76
	  0.571	  0.821	 -0.028
	 -0.822	  0.569	 -0.015
	  0.004	  0.032	  0.999

3 	  45.09	  -0.44	   0.26
	  0.641	  0.158	  0.750
	 -0.273	  0.962	  0.028
	 -0.718	 -0.222	  0.660

4 	  41.24	   6.77	  -2.44
	  0.860	  0.503	  0.078
	 -0.451	  0.679	  0.579
	  0.239	 -0.534	  0.811

5 	  46.72	   9.88	   7.93
	  0.704	 -0.076	  0.706
	 -0.704	 -0.207	  0.680
	  0.093	 -0.976	 -0.199

6 	  51.35	   0.88	   8.72
	  0.194	 -0.981	 -0.006
	  0.413	  0.072	  0.908
	 -0.891	 -0.177	  0.418

7 	  39.74	  -5.96	  -3.39
	  0.757	 -0.438	 -0.485
	  0.245	  0.878	 -0.411
	  0.606	  0.192	  0.771

8 	  46.07	  -9.53	   6.45
	  0.754	  0.096	  0.649
	  0.630	 -0.387	 -0.673
	  0.186	  0.917	 -0.353

9 	  51.40	   0.58	   5.66
	  0.211	  0.973	 -0.084
	 -0.531	  0.038	 -0.847
	 -0.824	  0.220	  0.523

