2 	  32.71	  -8.82	  22.75
	  0.714	  0.699	 -0.037
	 -0.701	  0.712	 -0.038
	  0.001	  0.052	  0.998

3 	  45.16	  -0.72	   1.21
	  0.574	 -0.047	  0.817
	 -0.046	  0.995	  0.089
	 -0.817	 -0.088	  0.569

4 	  39.69	   6.59	  -3.13
	  0.365	  0.925	  0.108
	 -0.800	  0.251	  0.545
	  0.478	 -0.285	  0.831

5 	  40.78	   9.40	   9.58
	  0.386	  0.258	  0.885
	 -0.636	 -0.623	  0.456
	  0.671	 -0.737	 -0.076

6 	  46.86	  10.35	  19.44
	  0.565	 -0.123	  0.816
	 -0.728	  0.396	  0.559
	 -0.398	 -0.908	  0.135

7 	  39.81	  -7.84	  -3.08
	  0.329	 -0.939	  0.094
	  0.910	  0.289	 -0.297
	  0.251	  0.183	  0.950

8 	  41.13	 -10.28	   9.46
	  0.515	 -0.165	  0.841
	  0.209	 -0.928	 -0.308
	  0.833	  0.333	 -0.442

9 	  47.32	 -13.55	  18.83
	  0.494	 -0.102	  0.863
	  0.851	  0.261	 -0.455
	 -0.186	  0.959	  0.214

2 	  32.71	  -8.82	  22.75
	  0.714	  0.699	 -0.036
	 -0.701	  0.712	 -0.037
	  0.001	  0.052	  0.998

3 	  45.16	  -0.72	   1.23
	  0.573	 -0.048	  0.818
	 -0.046	  0.995	  0.090
	 -0.818	 -0.089	  0.567

4 	  39.69	   6.61	  -3.15
	  0.365	  0.924	  0.108
	 -0.800	  0.251	  0.544
	  0.477	 -0.285	  0.831

5 	  40.76	   9.39	   9.58
	  0.386	  0.259	  0.885
	 -0.636	 -0.622	  0.457
	  0.671	 -0.738	 -0.075

6 	  46.88	  10.39	  19.41
	  0.563	 -0.122	  0.817
	 -0.727	  0.402	  0.556
	 -0.402	 -0.905	  0.139

7 	  39.83	  -7.86	  -3.06
	  0.336	 -0.937	  0.094
	  0.908	  0.295	 -0.298
	  0.251	  0.185	  0.950

8 	  41.17	 -10.32	   9.47
	  0.519	 -0.168	  0.838
	  0.207	 -0.927	 -0.312
	  0.831	  0.333	 -0.446

9 	  47.44	 -13.59	  18.77
	  0.499	 -0.104	  0.860
	  0.848	  0.266	 -0.457
	 -0.188	  0.957	  0.220

2 	  32.71	  -8.82	  22.75
	  0.714	  0.699	 -0.037
	 -0.701	  0.712	 -0.038
	  0.001	  0.052	  0.998

3 	  45.16	  -0.72	   1.25
	  0.579	 -0.047	  0.813
	 -0.049	  0.994	  0.092
	 -0.814	 -0.093	  0.573

4 	  39.69	   6.61	  -3.15
	  0.366	  0.924	  0.106
	 -0.799	  0.253	  0.545
	  0.478	 -0.284	  0.831

5 	  40.80	   9.40	   9.56
	  0.387	  0.261	  0.884
	 -0.635	 -0.621	  0.459
	  0.672	 -0.737	 -0.074

6 	  46.92	  10.41	  19.39
	  0.565	 -0.121	  0.816
	 -0.725	  0.404	  0.557
	 -0.403	 -0.904	  0.142

7 	  39.90	  -7.86	  -3.11
	  0.344	 -0.935	  0.090
	  0.904	  0.304	 -0.300
	  0.253	  0.184	  0.950

8 	  41.29	 -10.32	   9.42
	  0.525	 -0.169	  0.834
	  0.209	 -0.925	 -0.316
	  0.826	  0.339	 -0.450

9 	  47.58	 -13.62	  18.67
	  0.500	 -0.106	  0.859
	  0.846	  0.273	 -0.457
	 -0.193	  0.955	  0.225

2 	  32.71	  -8.82	  22.75
	  0.714	  0.699	 -0.037
	 -0.701	  0.712	 -0.037
	  0.002	  0.052	  0.998

3 	  45.21	  -0.72	   1.23
	  0.582	 -0.047	  0.811
	 -0.051	  0.994	  0.094
	 -0.811	 -0.096	  0.576

4 	  39.71	   6.61	  -3.15
	  0.367	  0.924	  0.104
	 -0.798	  0.254	  0.546
	  0.479	 -0.284	  0.830

5 	  40.85	   9.42	   9.53
	  0.391	  0.262	  0.882
	 -0.633	 -0.621	  0.463
	  0.671	 -0.738	 -0.076

6 	  46.99	  10.44	  19.35
	  0.565	 -0.120	  0.816
	 -0.724	  0.407	  0.557
	 -0.405	 -0.903	  0.144

7 	  39.97	  -7.84	  -3.15
	  0.352	 -0.932	  0.084
	  0.902	  0.313	 -0.297
	  0.250	  0.180	  0.951

8 	  41.59	 -10.42	   9.32
	  0.542	 -0.182	  0.820
	  0.199	 -0.921	 -0.334
	  0.817	  0.343	 -0.464

9 	  47.97	 -13.80	  18.42
	  0.509	 -0.118	  0.852
	  0.841	  0.285	 -0.460
	 -0.195	  0.950	  0.243

2 	  32.70	  -8.82	  22.75
	  0.714	  0.699	 -0.036
	 -0.701	  0.712	 -0.037
	  0.001	  0.052	  0.998

3 	  45.23	  -0.69	   1.18
	  0.587	 -0.046	  0.808
	 -0.053	  0.994	  0.094
	 -0.808	 -0.098	  0.581

4 	  39.69	   6.59	  -3.16
	  0.366	  0.925	  0.098
	 -0.795	  0.255	  0.550
	  0.485	 -0.279	  0.829

5 	  41.13	   9.47	   9.46
	  0.416	  0.272	  0.868
	 -0.618	 -0.617	  0.487
	  0.670	 -0.737	 -0.087

6 	  47.53	  10.60	  19.02
	  0.589	 -0.111	  0.800
	 -0.703	  0.420	  0.573
	 -0.405	 -0.898	  0.170

7 	  39.99	  -7.84	  -3.18
	  0.361	 -0.930	  0.073
	  0.900	  0.327	 -0.287
	  0.243	  0.169	  0.955

8 	  42.21	 -10.56	   9.19
	  0.590	 -0.199	  0.782
	  0.183	 -0.911	 -0.369
	  0.786	  0.360	 -0.501

9 	  48.99	 -14.13	  17.68
	  0.550	 -0.142	  0.822
	  0.818	  0.294	 -0.494
	 -0.178	  0.944	  0.277

2 	  32.70	  -8.82	  22.75
	  0.714	  0.699	 -0.036
	 -0.701	  0.712	 -0.037
	  0.001	  0.052	  0.998

3 	  45.23	  -0.70	   1.14
	  0.591	 -0.051	  0.805
	 -0.051	  0.994	  0.100
	 -0.805	 -0.100	  0.584

4 	  39.53	   6.52	  -3.20
	  0.372	  0.925	  0.076
	 -0.779	  0.265	  0.568
	  0.506	 -0.270	  0.819

5 	  42.01	   9.76	   9.14
	  0.494	  0.312	  0.811
	 -0.563	 -0.598	  0.571
	  0.664	 -0.738	 -0.120

6 	  49.25	  11.41	  17.77
	  0.665	 -0.071	  0.743
	 -0.641	  0.460	  0.614
	 -0.390	 -0.883	  0.262

7 	  39.90	  -7.79	  -3.25
	  0.371	 -0.928	  0.035
	  0.901	  0.350	 -0.257
	  0.227	  0.126	  0.966

8 	  43.00	 -10.93	   8.75
	  0.664	 -0.245	  0.706
	  0.135	 -0.890	 -0.435
	  0.736	  0.383	 -0.558

9 	  50.89	 -14.68	  15.86
	  0.675	 -0.179	  0.716
	  0.730	  0.305	 -0.611
	 -0.113	  0.935	  0.337

2 	  32.71	  -8.82	  22.75
	  0.714	  0.699	 -0.037
	 -0.701	  0.712	 -0.037
	  0.002	  0.052	  0.998

3 	  45.09	  -0.77	   0.98
	  0.615	 -0.073	  0.785
	 -0.037	  0.992	  0.120
	 -0.788	 -0.103	  0.607

4 	  39.11	   6.26	  -3.41
	  0.392	  0.920	  0.010
	 -0.727	  0.302	  0.616
	  0.565	 -0.248	  0.787

5 	  43.19	  10.12	   8.26
	  0.623	  0.360	  0.694
	 -0.446	 -0.567	  0.692
	  0.644	 -0.740	 -0.193

6 	  51.70	  12.06	  15.19
	  0.796	 -0.031	  0.604
	 -0.501	  0.526	  0.687
	 -0.341	 -0.849	  0.405

7 	  39.48	  -7.73	  -3.43
	  0.361	 -0.932	 -0.043
	  0.905	  0.361	 -0.226
	  0.226	  0.042	  0.973

8 	  43.96	 -11.46	   7.79
	  0.757	 -0.288	  0.586
	  0.075	 -0.854	 -0.516
	  0.649	  0.433	 -0.625

9 	  53.02	 -15.17	  12.78
	  0.804	 -0.214	  0.554
	  0.592	  0.379	 -0.711
	 -0.060	  0.900	  0.432

2 	  32.71	  -8.82	  22.75
	  0.714	  0.699	 -0.037
	 -0.701	  0.712	 -0.037
	  0.002	  0.052	  0.998

3 	  44.89	  -0.84	   0.77
	  0.643	 -0.078	  0.761
	 -0.031	  0.991	  0.127
	 -0.765	 -0.105	  0.635

4 	  38.65	   6.06	  -3.62
	  0.416	  0.908	 -0.050
	 -0.664	  0.340	  0.665
	  0.622	 -0.243	  0.744

5 	  43.98	  10.23	   7.26
	  0.712	  0.379	  0.591
	 -0.353	 -0.536	  0.767
	  0.608	 -0.754	 -0.249

6 	  53.37	  11.92	  12.57
	  0.886	 -0.046	  0.460
	 -0.350	  0.584	  0.732
	 -0.303	 -0.810	  0.501

7 	  39.18	  -7.63	  -3.64
	  0.359	 -0.927	 -0.109
	  0.902	  0.375	 -0.215
	  0.240	 -0.022	  0.970

8 	  44.79	 -11.72	   6.64
	  0.827	 -0.306	  0.472
	  0.028	 -0.816	 -0.578
	  0.562	  0.490	 -0.666

9 	  54.53	 -15.36	   9.70
	  0.897	 -0.234	  0.375
	  0.441	  0.419	 -0.793
	  0.028	  0.877	  0.479

2 	  32.71	  -8.82	  22.75
	  0.714	  0.699	 -0.037
	 -0.701	  0.712	 -0.038
	  0.001	  0.052	  0.998

3 	  44.75	  -0.84	   0.60
	  0.662	 -0.078	  0.745
	 -0.029	  0.991	  0.130
	 -0.749	 -0.108	  0.654

4 	  38.21	   5.91	  -3.78
	  0.411	  0.906	 -0.094
	 -0.629	  0.355	  0.691
	  0.661	 -0.225	  0.715

5 	  44.12	  10.32	   6.68
	  0.762	  0.398	  0.510
	 -0.268	 -0.525	  0.808
	  0.590	 -0.752	 -0.294

6 	  54.46	  11.11	   9.79
	  0.965	 -0.106	  0.238
	 -0.130	  0.595	  0.793
	 -0.226	 -0.797	  0.560

7 	  38.88	  -7.51	  -3.80
	  0.364	 -0.918	 -0.157
	  0.888	  0.393	 -0.237
	  0.279	 -0.054	  0.958

8 	  45.44	 -11.90	   5.52
	  0.879	 -0.308	  0.363
	 -0.011	 -0.775	 -0.631
	  0.476	  0.550	 -0.685

9 	  55.63	 -15.15	   6.64
	  0.952	 -0.233	  0.196
	  0.287	  0.471	 -0.834
	  0.101	  0.850	  0.516

2 	  32.70	  -8.82	  22.75
	  0.714	  0.699	 -0.036
	 -0.701	  0.712	 -0.037
	  0.001	  0.052	  0.998

3 	  44.53	  -0.81	   0.44
	  0.681	 -0.073	  0.729
	 -0.033	  0.991	  0.129
	 -0.732	 -0.112	  0.672

4 	  37.74	   5.71	  -3.94
	  0.427	  0.892	 -0.143
	 -0.573	  0.389	  0.721
	  0.700	 -0.226	  0.677

5 	  44.68	  10.28	   5.66
	  0.824	  0.392	  0.408
	 -0.190	 -0.489	  0.851
	  0.534	 -0.779	 -0.329

6 	  55.30	  10.46	   7.05
	  0.983	 -0.155	  0.091
	  0.031	  0.644	  0.764
	 -0.178	 -0.750	  0.636

7 	  38.50	  -7.42	  -4.01
	  0.363	 -0.906	 -0.219
	  0.870	  0.413	 -0.270
	  0.336	 -0.093	  0.937

8 	  46.02	 -12.11	   4.06
	  0.921	 -0.309	  0.234
	 -0.077	 -0.738	 -0.671
	  0.380	  0.600	 -0.704

9 	  56.25	 -15.15	   3.15
	  0.970	 -0.242	  0.016
	  0.143	  0.516	 -0.845
	  0.195	  0.822	  0.535

2 	  32.71	  -8.82	  22.75
	  0.714	  0.699	 -0.037
	 -0.701	  0.712	 -0.037
	  0.002	  0.052	  0.998

3 	  44.31	  -0.86	   0.19
	  0.706	 -0.074	  0.704
	 -0.032	  0.990	  0.136
	 -0.708	 -0.119	  0.696

4 	  37.34	   5.57	  -4.03
	  0.433	  0.881	 -0.191
	 -0.521	  0.416	  0.745
	  0.737	 -0.223	  0.638

5 	  44.98	  10.35	   4.75
	  0.863	  0.393	  0.318
	 -0.116	 -0.459	  0.881
	  0.492	 -0.797	 -0.351

6 	  55.65	   9.98	   4.48
	  0.979	 -0.198	 -0.051
	  0.172	  0.661	  0.730
	 -0.112	 -0.725	  0.679

7 	  38.13	  -7.24	  -4.15
	  0.358	 -0.891	 -0.280
	  0.847	  0.435	 -0.304
	  0.393	 -0.129	  0.910

8 	  46.44	 -12.13	   2.50
	  0.948	 -0.303	  0.093
	 -0.158	 -0.706	 -0.690
	  0.275	  0.640	 -0.718

9 	  56.48	 -14.91	  -0.58
	  0.956	 -0.237	 -0.174
	 -0.019	  0.540	 -0.841
	  0.294	  0.807	  0.513

2 	  32.71	  -8.82	  22.75
	  0.714	  0.699	 -0.036
	 -0.701	  0.712	 -0.037
	  0.001	  0.052	  0.998

3 	  44.03	  -0.79	  -0.02
	  0.726	 -0.071	  0.684
	 -0.034	  0.990	  0.138
	 -0.687	 -0.124	  0.716

4 	  36.83	   5.54	  -4.13
	  0.429	  0.874	 -0.227
	 -0.477	  0.432	  0.765
	  0.768	 -0.220	  0.602

5 	  45.02	  10.48	   3.99
	  0.886	  0.392	  0.245
	 -0.050	 -0.447	  0.893
	  0.460	 -0.804	 -0.376

6 	  55.55	   9.47	   2.20
	  0.954	 -0.240	 -0.176
	  0.294	  0.666	  0.685
	 -0.048	 -0.708	  0.705

7 	  37.51	  -7.01	  -4.31
	  0.341	 -0.873	 -0.350
	  0.810	  0.461	 -0.362
	  0.478	 -0.161	  0.863

8 	  46.46	 -11.99	   0.90
	  0.957	 -0.288	 -0.038
	 -0.232	 -0.677	 -0.699
	  0.175	  0.677	 -0.714

9 	  56.13	 -14.33	  -3.92
	  0.920	 -0.217	 -0.327
	 -0.151	  0.575	 -0.804
	  0.364	  0.787	  0.498

2 	  32.71	  -8.82	  22.75
	  0.714	  0.699	 -0.037
	 -0.701	  0.712	 -0.037
	  0.002	  0.052	  0.998

3 	  43.52	  -0.65	  -0.39
	  0.754	 -0.068	  0.653
	 -0.051	  0.986	  0.160
	 -0.656	 -0.154	  0.739

4 	  35.84	   5.47	  -4.08
	  0.404	  0.873	 -0.271
	 -0.432	  0.443	  0.786
	  0.807	 -0.201	  0.555

5 	  44.70	  10.56	   3.13
	  0.906	  0.395	  0.154
	  0.034	 -0.431	  0.902
	  0.422	 -0.812	 -0.404

6 	  54.81	   9.25	  -0.35
	  0.911	 -0.270	 -0.311
	  0.408	  0.697	  0.590
	  0.057	 -0.665	  0.744

7 	  36.79	  -6.71	  -4.41
	  0.310	 -0.859	 -0.408
	  0.796	  0.469	 -0.382
	  0.520	 -0.207	  0.828

8 	  46.09	 -11.78	  -0.49
	  0.953	 -0.265	 -0.144
	 -0.287	 -0.649	 -0.705
	  0.093	  0.713	 -0.694

9 	  55.28	 -13.71	  -6.91
	  0.870	 -0.185	 -0.458
	 -0.262	  0.614	 -0.744
	  0.421	  0.765	  0.487

2 	  32.70	  -8.82	  22.75
	  0.714	  0.699	 -0.036
	 -0.701	  0.712	 -0.037
	  0.001	  0.052	  0.998

3 	  43.24	  -0.51	  -0.51
	  0.766	 -0.067	  0.638
	 -0.058	  0.983	  0.172
	 -0.640	 -0.169	  0.749

4 	  35.46	   5.45	  -4.01
	  0.387	  0.874	 -0.293
	 -0.405	  0.446	  0.798
	  0.828	 -0.191	  0.526

5 	  44.58	  10.81	   2.62
	  0.907	  0.409	  0.096
	  0.094	 -0.421	  0.902
	  0.409	 -0.810	 -0.421

6 	  54.26	   9.12	  -1.97
	  0.864	 -0.286	 -0.414
	  0.485	  0.697	  0.528
	  0.138	 -0.657	  0.741

7 	  36.67	  -6.57	  -4.54
	  0.310	 -0.842	 -0.442
	  0.767	  0.495	 -0.407
	  0.562	 -0.214	  0.799

8 	  46.11	 -11.58	  -1.63
	  0.940	 -0.251	 -0.230
	 -0.339	 -0.627	 -0.701
	  0.031	  0.737	 -0.675

9 	  54.76	 -13.17	  -9.12
	  0.818	 -0.157	 -0.553
	 -0.343	  0.640	 -0.688
	  0.464	  0.750	  0.471

2 	  32.71	  -8.82	  22.75
	  0.714	  0.699	 -0.037
	 -0.701	  0.712	 -0.037
	  0.002	  0.052	  0.998

3 	  43.22	  -0.40	  -0.56
	  0.773	 -0.066	  0.631
	 -0.063	  0.982	  0.179
	 -0.632	 -0.178	  0.754

4 	  35.37	   5.52	  -3.96
	  0.380	  0.875	 -0.298
	 -0.392	  0.443	  0.806
	  0.838	 -0.189	  0.511

5 	  44.61	  10.97	   2.36
	  0.907	  0.416	  0.059
	  0.136	 -0.423	  0.896
	  0.398	 -0.805	 -0.440

6 	  53.84	   9.14	  -3.18
	  0.815	 -0.296	 -0.497
	  0.543	  0.691	  0.478
	  0.203	 -0.659	  0.724

7 	  36.60	  -6.33	  -4.66
	  0.306	 -0.824	 -0.476
	  0.746	  0.518	 -0.418
	  0.592	 -0.228	  0.773

8 	  46.02	 -11.46	  -2.64
	  0.923	 -0.241	 -0.300
	 -0.385	 -0.600	 -0.701
	 -0.012	  0.763	 -0.647

9 	  54.11	 -12.66	 -11.13
	  0.766	 -0.132	 -0.629
	 -0.399	  0.673	 -0.623
	  0.509	  0.724	  0.464

2 	  32.71	  -8.82	  22.75
	  0.714	  0.699	 -0.037
	 -0.701	  0.712	 -0.037
	  0.002	  0.052	  0.998

3 	  43.15	  -0.28	  -0.62
	  0.775	 -0.070	  0.627
	 -0.064	  0.980	  0.188
	 -0.628	 -0.186	  0.755

4 	  35.23	   5.59	  -3.94
	  0.372	  0.877	 -0.304
	 -0.379	  0.441	  0.813
	  0.848	 -0.187	  0.496

5 	  44.54	  11.09	   2.18
	  0.907	  0.419	  0.036
	  0.158	 -0.419	  0.894
	  0.390	 -0.805	 -0.446

6 	  53.23	   8.81	  -4.06
	  0.764	 -0.332	 -0.554
	  0.591	  0.705	  0.391
	  0.263	 -0.625	  0.734

7 	  36.46	  -6.21	  -4.71
	  0.300	 -0.814	 -0.498
	  0.729	  0.531	 -0.431
	  0.616	 -0.234	  0.752

8 	  45.79	 -11.39	  -3.60
	  0.899	 -0.236	 -0.368
	 -0.435	 -0.572	 -0.696
	 -0.047	  0.785	 -0.617

9 	  53.24	 -12.29	 -12.99
	  0.706	 -0.110	 -0.700
	 -0.435	  0.714	 -0.548
	  0.564	  0.687	  0.457

2 	  32.70	  -8.82	  22.75
	  0.714	  0.699	 -0.037
	 -0.701	  0.712	 -0.038
	  0.001	  0.052	  0.998

3 	  43.10	  -0.23	  -0.67
	  0.780	 -0.072	  0.622
	 -0.066	  0.979	  0.194
	 -0.623	 -0.192	  0.758

4 	  35.05	   5.57	  -3.88
	  0.364	  0.876	 -0.316
	 -0.366	  0.445	  0.817
	  0.857	 -0.182	  0.482

5 	  44.47	  11.21	   1.86
	  0.905	  0.424	 -0.006
	  0.198	 -0.411	  0.889
	  0.375	 -0.807	 -0.457

6 	  52.65	   8.49	  -5.06
	  0.703	 -0.366	 -0.610
	  0.635	  0.710	  0.302
	  0.328	 -0.599	  0.730

7 	  36.23	  -6.13	  -4.76
	  0.276	 -0.805	 -0.525
	  0.710	  0.538	 -0.454
	  0.649	 -0.248	  0.719

8 	  45.33	 -11.30	  -4.76
	  0.861	 -0.230	 -0.454
	 -0.501	 -0.540	 -0.676
	 -0.091	  0.809	 -0.581

9 	  51.80	 -11.94	 -15.15
	  0.619	 -0.094	 -0.780
	 -0.464	  0.760	 -0.455
	  0.640	  0.639	  0.427

2 	  32.71	  -8.82	  22.75
	  0.714	  0.699	 -0.037
	 -0.701	  0.712	 -0.037
	  0.002	  0.052	  0.998

3 	  42.94	  -0.19	  -0.74
	  0.781	 -0.079	  0.618
	 -0.062	  0.977	  0.202
	 -0.622	 -0.196	  0.758

4 	  34.88	   5.54	  -3.85
	  0.357	  0.871	 -0.336
	 -0.343	  0.456	  0.821
	  0.869	 -0.178	  0.461

5 	  44.44	  11.29	   1.48
	  0.902	  0.428	 -0.048
	  0.236	 -0.398	  0.886
	  0.360	 -0.811	 -0.460

6 	  52.21	   8.30	  -5.91
	  0.656	 -0.387	 -0.648
	  0.659	  0.714	  0.236
	  0.376	 -0.581	  0.721

7 	  36.04	  -6.01	  -4.78
	  0.250	 -0.796	 -0.551
	  0.691	  0.545	 -0.475
	  0.679	 -0.262	  0.686

8 	  44.82	 -11.23	  -5.82
	  0.819	 -0.231	 -0.526
	 -0.562	 -0.509	 -0.652
	 -0.118	  0.829	 -0.547

9 	  50.52	 -11.78	 -16.84
	  0.548	 -0.098	 -0.831
	 -0.462	  0.794	 -0.395
	  0.702	  0.596	  0.390

2 	  32.71	  -8.82	  22.75
	  0.714	  0.699	 -0.037
	 -0.701	  0.712	 -0.037
	  0.002	  0.052	  0.998

3 	  42.86	  -0.18	  -0.81
	  0.782	 -0.085	  0.617
	 -0.060	  0.976	  0.210
	 -0.620	 -0.201	  0.758

4 	  34.75	   5.52	  -3.85
	  0.352	  0.865	 -0.356
	 -0.323	  0.468	  0.822
	  0.878	 -0.175	  0.444

5 	  44.47	  11.34	   1.00
	  0.897	  0.431	 -0.096
	  0.279	 -0.386	  0.879
	  0.342	 -0.816	 -0.467

6 	  51.79	   8.21	  -6.82
	  0.609	 -0.403	 -0.684
	  0.677	  0.713	  0.179
	  0.421	 -0.572	  0.704

7 	  35.86	  -5.96	  -4.82
	  0.230	 -0.785	 -0.575
	  0.665	  0.558	 -0.496
	  0.710	 -0.269	  0.650

8 	  44.33	 -11.23	  -6.64
	  0.779	 -0.234	 -0.581
	 -0.614	 -0.473	 -0.632
	 -0.128	  0.849	 -0.512

9 	  49.43	 -11.71	 -18.04
	  0.490	 -0.099	 -0.866
	 -0.448	  0.826	 -0.341
	  0.755	  0.548	  0.360

2 	  32.70	  -8.82	  22.75
	  0.714	  0.699	 -0.037
	 -0.701	  0.712	 -0.037
	  0.002	  0.052	  0.998

3 	  42.80	  -0.16	  -0.84
	  0.781	 -0.092	  0.617
	 -0.057	  0.974	  0.217
	 -0.622	 -0.205	  0.756

4 	  34.65	   5.47	  -3.83
	  0.345	  0.862	 -0.371
	 -0.313	  0.477	  0.821
	  0.885	 -0.167	  0.434

5 	  44.47	  11.37	   0.69
	  0.892	  0.431	 -0.132
	  0.311	 -0.376	  0.873
	  0.327	 -0.820	 -0.469

6 	  51.24	   8.00	  -7.52
	  0.550	 -0.427	 -0.718
	  0.696	  0.710	  0.107
	  0.469	 -0.558	  0.683

7 	  35.74	  -5.91	  -4.83
	  0.226	 -0.765	 -0.603
	  0.626	  0.588	 -0.512
	  0.746	 -0.262	  0.612

8 	  43.88	 -11.18	  -7.33
	  0.737	 -0.234	 -0.633
	 -0.659	 -0.453	 -0.600
	 -0.148	  0.860	 -0.489

9 	  48.23	 -11.69	 -19.16
	  0.426	 -0.109	 -0.898
	 -0.444	  0.842	 -0.306
	  0.794	  0.523	  0.309

2 	  32.71	  -8.82	  22.75
	  0.714	  0.699	 -0.037
	 -0.701	  0.712	 -0.037
	  0.002	  0.052	  0.998

3 	  42.77	  -0.14	  -0.88
	  0.780	 -0.103	  0.617
	 -0.053	  0.972	  0.228
	 -0.624	 -0.210	  0.753

4 	  34.59	   5.47	  -3.80
	  0.345	  0.860	 -0.375
	 -0.304	  0.480	  0.822
	  0.888	 -0.170	  0.427

5 	  44.49	  11.37	   0.62
	  0.893	  0.425	 -0.147
	  0.323	 -0.376	  0.869
	  0.314	 -0.823	 -0.472

6 	  50.91	   7.72	  -7.84
	  0.509	 -0.453	 -0.732
	  0.707	  0.705	  0.051
	  0.498	 -0.544	  0.675

7 	  35.54	  -5.84	  -4.80
	  0.219	 -0.752	 -0.622
	  0.589	  0.609	 -0.530
	  0.778	 -0.251	  0.576

8 	  43.38	 -11.21	  -7.82
	  0.696	 -0.242	 -0.675
	 -0.702	 -0.428	 -0.570
	 -0.152	  0.870	 -0.468

9 	  46.97	 -11.62	 -20.00
	  0.358	 -0.100	 -0.928
	 -0.446	  0.857	 -0.258
	  0.825	  0.501	  0.259

2 	  32.71	  -8.82	  22.75
	  0.714	  0.699	 -0.037
	 -0.701	  0.712	 -0.037
	  0.002	  0.052	  0.998

3 	  42.70	  -0.14	  -0.91
	  0.779	 -0.114	  0.616
	 -0.047	  0.970	  0.238
	 -0.626	 -0.215	  0.750

4 	  34.49	   5.45	  -3.81
	  0.336	  0.860	 -0.384
	 -0.300	  0.483	  0.822
	  0.893	 -0.162	  0.420

5 	  44.40	  11.41	   0.49
	  0.889	  0.428	 -0.162
	  0.336	 -0.371	  0.865
	  0.311	 -0.824	 -0.474

6 	  50.70	   7.72	  -8.02
	  0.494	 -0.459	 -0.739
	  0.705	  0.709	  0.027
	  0.516	 -0.534	  0.669

7 	  35.33	  -5.78	  -4.75
	  0.205	 -0.745	 -0.634
	  0.552	  0.623	 -0.554
	  0.808	 -0.237	  0.539

8 	  42.73	 -11.30	  -8.28
	  0.643	 -0.256	 -0.722
	 -0.747	 -0.419	 -0.516
	 -0.172	  0.871	 -0.461

9 	  45.40	 -11.85	 -20.79
	  0.266	 -0.114	 -0.957
	 -0.477	  0.848	 -0.229
	  0.842	  0.512	  0.168

2 	  32.71	  -8.82	  22.75
	  0.714	  0.699	 -0.037
	 -0.701	  0.712	 -0.037
	  0.002	  0.052	  0.998

3 	  42.59	  -0.12	  -0.95
	  0.776	 -0.130	  0.617
	 -0.038	  0.967	  0.251
	 -0.630	 -0.219	  0.745

4 	  34.42	   5.48	  -3.76
	  0.337	  0.858	 -0.388
	 -0.290	  0.486	  0.824
	  0.896	 -0.166	  0.412

5 	  44.37	  11.43	   0.44
	  0.887	  0.428	 -0.169
	  0.343	 -0.370	  0.863
	  0.307	 -0.825	 -0.474

6 	  50.55	   7.59	  -8.12
	  0.479	 -0.466	 -0.744
	  0.707	  0.707	  0.007
	  0.527	 -0.529	  0.664

7 	  35.05	  -5.64	  -4.66
	  0.211	 -0.715	 -0.666
	  0.500	  0.664	 -0.556
	  0.840	 -0.216	  0.498

8 	  42.10	 -11.30	  -8.67
	  0.600	 -0.270	 -0.752
	 -0.784	 -0.387	 -0.486
	 -0.161	  0.881	 -0.444

9 	  44.23	 -12.04	 -21.32
	  0.218	 -0.130	 -0.967
	 -0.450	  0.867	 -0.213
	  0.869	  0.477	  0.128

2 	  32.71	  -8.82	  22.75
	  0.714	  0.699	 -0.037
	 -0.701	  0.712	 -0.037
	  0.002	  0.052	  0.998

3 	  42.54	  -0.16	  -1.00
	  0.776	 -0.147	  0.613
	 -0.023	  0.965	  0.259
	 -0.631	 -0.215	  0.745

4 	  34.40	   5.48	  -3.74
	  0.340	  0.854	 -0.393
	 -0.279	  0.490	  0.826
	  0.898	 -0.172	  0.405

5 	  44.42	  11.37	   0.33
	  0.889	  0.418	 -0.184
	  0.350	 -0.367	  0.861
	  0.293	 -0.831	 -0.473

6 	  50.40	   7.37	  -8.31
	  0.450	 -0.483	 -0.752
	  0.712	  0.702	 -0.029
	  0.545	 -0.522	  0.655

7 	  34.88	  -5.55	  -4.64
	  0.226	 -0.674	 -0.703
	  0.451	  0.712	 -0.538
	  0.863	 -0.196	  0.465

8 	  41.66	 -11.39	  -8.84
	  0.569	 -0.287	 -0.770
	 -0.808	 -0.369	 -0.459
	 -0.153	  0.884	 -0.442

9 	  43.38	 -12.29	 -21.57
	  0.181	 -0.146	 -0.973
	 -0.449	  0.869	 -0.209
	  0.878	  0.470	  0.089

2 	  32.71	  -8.82	  22.75
	  0.714	  0.699	 -0.037
	 -0.701	  0.712	 -0.037
	  0.002	  0.052	  0.998

3 	  42.50	  -0.21	  -1.02
	  0.774	 -0.158	  0.613
	 -0.015	  0.964	  0.266
	 -0.634	 -0.215	  0.743

4 	  34.33	   5.45	  -3.73
	  0.337	  0.852	 -0.400
	 -0.275	  0.494	  0.825
	  0.901	 -0.168	  0.400

5 	  44.37	  11.36	   0.21
	  0.886	  0.420	 -0.195
	  0.361	 -0.363	  0.859
	  0.290	 -0.832	 -0.473

6 	  50.15	   7.28	  -8.56
	  0.433	 -0.492	 -0.756
	  0.712	  0.700	 -0.051
	  0.558	 -0.516	  0.649

7 	  34.72	  -5.50	  -4.62
	  0.212	 -0.664	 -0.717
	  0.439	  0.720	 -0.537
	  0.873	 -0.201	  0.444

8 	  41.27	 -11.44	  -9.02
	  0.540	 -0.297	 -0.788
	 -0.828	 -0.354	 -0.434
	 -0.152	  0.886	 -0.437

9 	  42.52	 -12.43	 -21.85
	  0.140	 -0.150	 -0.979
	 -0.454	  0.869	 -0.194
	  0.882	  0.469	  0.051

2 	  32.71	  -8.82	  22.75
	  0.714	  0.699	 -0.037
	 -0.701	  0.712	 -0.037
	  0.002	  0.052	  0.998

3 	  42.45	  -0.21	  -1.07
	  0.776	 -0.163	  0.609
	 -0.012	  0.962	  0.272
	 -0.631	 -0.219	  0.744

4 	  34.19	   5.43	  -3.69
	  0.330	  0.850	 -0.409
	 -0.263	  0.498	  0.826
	  0.906	 -0.165	  0.388

5 	  44.28	  11.41	   0.00
	  0.879	  0.422	 -0.221
	  0.385	 -0.357	  0.851
	  0.280	 -0.834	 -0.476

6 	  49.71	   7.24	  -8.93
	  0.394	 -0.500	 -0.771
	  0.713	  0.695	 -0.090
	  0.584	 -0.515	  0.627

7 	  34.59	  -5.45	  -4.59
	  0.201	 -0.659	 -0.725
	  0.430	  0.724	 -0.539
	  0.880	 -0.204	  0.428

8 	  40.97	 -11.48	  -9.12
	  0.521	 -0.304	 -0.798
	 -0.841	 -0.344	 -0.416
	 -0.150	  0.888	 -0.435

9 	  42.05	 -12.50	 -21.94
	  0.118	 -0.156	 -0.981
	 -0.452	  0.871	 -0.189
	  0.886	  0.462	  0.030

2 	  32.71	  -8.82	  22.75
	  0.714	  0.699	 -0.037
	 -0.701	  0.712	 -0.037
	  0.002	  0.052	  0.998

3 	  42.35	  -0.21	  -1.12
	  0.781	 -0.165	  0.602
	 -0.010	  0.961	  0.277
	 -0.624	 -0.223	  0.749

4 	  34.07	   5.41	  -3.64
	  0.320	  0.851	 -0.416
	 -0.255	  0.499	  0.828
	  0.912	 -0.159	  0.376

5 	  44.16	  11.46	  -0.09
	  0.873	  0.426	 -0.237
	  0.402	 -0.354	  0.844
	  0.276	 -0.833	 -0.480

6 	  49.41	   7.22	  -9.19
	  0.370	 -0.505	 -0.781
	  0.714	  0.690	 -0.112
	  0.599	 -0.517	  0.612

7 	  34.51	  -5.45	  -4.59
	  0.196	 -0.657	 -0.728
	  0.427	  0.725	 -0.540
	  0.883	 -0.205	  0.422

8 	  40.82	 -11.50	  -9.18
	  0.510	 -0.309	 -0.802
	 -0.848	 -0.341	 -0.407
	 -0.149	  0.888	 -0.435

9 	  41.78	 -12.59	 -21.97
	  0.109	 -0.164	 -0.980
	 -0.449	  0.872	 -0.192
	  0.888	  0.458	  0.019

2 	  32.71	  -8.82	  22.75
	  0.714	  0.699	 -0.037
	 -0.701	  0.712	 -0.037
	  0.002	  0.052	  0.998

3 	  42.29	  -0.19	  -1.16
	  0.785	 -0.164	  0.597
	 -0.012	  0.960	  0.280
	 -0.620	 -0.227	  0.751

4 	  34.00	   5.38	  -3.62
	  0.307	  0.852	 -0.424
	 -0.252	  0.502	  0.827
	  0.918	 -0.147	  0.368

5 	  44.12	  11.48	  -0.16
	  0.870	  0.428	 -0.246
	  0.411	 -0.353	  0.840
	  0.273	 -0.832	 -0.483

6 	  49.20	   7.22	  -9.35
	  0.352	 -0.505	 -0.788
	  0.712	  0.690	 -0.127
	  0.611	 -0.517	  0.599

7 	  34.47	  -5.43	  -4.55
	  0.193	 -0.651	 -0.734
	  0.422	  0.730	 -0.537
	  0.885	 -0.207	  0.416

8 	  40.71	 -11.50	  -9.19
	  0.505	 -0.310	 -0.806
	 -0.851	 -0.336	 -0.403
	 -0.147	  0.889	 -0.432

9 	  41.59	 -12.60	 -22.03
	  0.100	 -0.163	 -0.981
	 -0.447	  0.875	 -0.188
	  0.891	  0.454	  0.012

2 	  32.71	  -8.82	  22.75
	  0.714	  0.699	 -0.037
	 -0.701	  0.712	 -0.037
	  0.002	  0.052	  0.998

3 	  42.29	  -0.19	  -1.16
	  0.786	 -0.164	  0.595
	 -0.011	  0.960	  0.279
	 -0.618	 -0.227	  0.752

4 	  34.01	   5.38	  -3.60
	  0.304	  0.853	 -0.423
	 -0.251	  0.500	  0.829
	  0.919	 -0.146	  0.366

5 	  44.12	  11.46	  -0.12
	  0.870	  0.427	 -0.244
	  0.410	 -0.354	  0.840
	  0.272	 -0.832	 -0.483

6 	  49.20	   7.19	  -9.25
	  0.350	 -0.509	 -0.786
	  0.715	  0.687	 -0.129
	  0.608	 -0.518	  0.601

7 	  34.47	  -5.43	  -4.55
	  0.191	 -0.651	 -0.735
	  0.423	  0.730	 -0.536
	  0.885	 -0.208	  0.415

8 	  40.64	 -11.53	  -9.21
	  0.497	 -0.317	 -0.808
	 -0.857	 -0.329	 -0.397
	 -0.142	  0.889	 -0.435

9 	  41.34	 -12.71	 -22.06
	  0.085	 -0.167	 -0.982
	 -0.442	  0.878	 -0.185
	  0.894	  0.447	 -0.001

2 	  32.71	  -8.82	  22.75
	  0.714	  0.699	 -0.037
	 -0.701	  0.712	 -0.038
	  0.001	  0.052	  0.998

3 	  42.29	  -0.18	  -1.14
	  0.789	 -0.170	  0.589
	 -0.007	  0.958	  0.285
	 -0.614	 -0.230	  0.755

4 	  34.05	   5.38	  -3.62
	  0.301	  0.855	 -0.423
	 -0.253	  0.498	  0.829
	  0.920	 -0.143	  0.365

5 	  44.12	  11.48	  -0.11
	  0.869	  0.430	 -0.242
	  0.409	 -0.353	  0.841
	  0.277	 -0.831	 -0.483

6 	  49.17	   7.15	  -9.21
	  0.344	 -0.512	 -0.787
	  0.716	  0.684	 -0.136
	  0.611	 -0.518	  0.598

7 	  34.33	  -5.36	  -4.46
	  0.172	 -0.644	 -0.746
	  0.413	  0.734	 -0.539
	  0.894	 -0.216	  0.391

8 	  40.22	 -11.62	  -9.28
	  0.470	 -0.330	 -0.818
	 -0.874	 -0.304	 -0.379
	 -0.125	  0.894	 -0.431

9 	  40.62	 -12.81	 -22.17
	  0.059	 -0.172	 -0.983
	 -0.421	  0.889	 -0.177
	  0.906	  0.422	 -0.022

2 	  32.71	  -8.82	  22.75
	  0.714	  0.699	 -0.037
	 -0.701	  0.712	 -0.038
	  0.001	  0.052	  0.998

3 	  42.22	  -0.26	  -1.14
	  0.790	 -0.181	  0.585
	  0.003	  0.957	  0.290
	 -0.614	 -0.227	  0.756

4 	  34.01	   5.41	  -3.57
	  0.307	  0.853	 -0.421
	 -0.248	  0.498	  0.831
	  0.919	 -0.151	  0.364

5 	  44.12	  11.44	  -0.05
	  0.870	  0.428	 -0.242
	  0.408	 -0.355	  0.841
	  0.275	 -0.831	 -0.484

6 	  49.08	   7.05	  -9.19
	  0.332	 -0.516	 -0.789
	  0.721	  0.678	 -0.142
	  0.611	 -0.523	  0.594

7 	  34.19	  -5.36	  -4.41
	  0.152	 -0.639	 -0.754
	  0.403	  0.736	 -0.543
	  0.902	 -0.221	  0.370

8 	  39.80	 -11.69	  -9.42
	  0.438	 -0.341	 -0.832
	 -0.892	 -0.283	 -0.353
	 -0.117	  0.896	 -0.428

9 	  39.73	 -13.06	 -22.32
	  0.021	 -0.182	 -0.983
	 -0.403	  0.899	 -0.172
	  0.916	  0.397	 -0.057

2 	  32.71	  -8.82	  22.75
	  0.714	  0.699	 -0.037
	 -0.701	  0.712	 -0.037
	  0.002	  0.052	  0.998

3 	  42.19	  -0.30	  -1.16
	  0.789	 -0.192	  0.584
	  0.015	  0.956	  0.293
	 -0.615	 -0.222	  0.757

4 	  33.98	   5.38	  -3.55
	  0.305	  0.853	 -0.424
	 -0.241	  0.499	  0.832
	  0.922	 -0.151	  0.357

5 	  44.10	  11.41	  -0.04
	  0.869	  0.427	 -0.248
	  0.413	 -0.354	  0.839
	  0.271	 -0.832	 -0.483

6 	  48.94	   6.98	  -9.26
	  0.317	 -0.521	 -0.793
	  0.725	  0.671	 -0.154
	  0.614	 -0.527	  0.587

7 	  34.00	  -5.24	  -4.38
	  0.127	 -0.634	 -0.763
	  0.411	  0.733	 -0.542
	  0.903	 -0.244	  0.353

8 	  39.30	 -11.74	  -9.54
	  0.408	 -0.354	 -0.841
	 -0.908	 -0.257	 -0.331
	 -0.100	  0.899	 -0.426

9 	  38.99	 -13.22	 -22.41
	 -0.005	 -0.194	 -0.981
	 -0.381	  0.908	 -0.175
	  0.925	  0.371	 -0.080

2 	  32.71	  -8.82	  22.75
	  0.714	  0.699	 -0.037
	 -0.701	  0.712	 -0.037
	  0.002	  0.052	  0.998

3 	  42.15	  -0.37	  -1.25
	  0.790	 -0.205	  0.578
	  0.031	  0.954	  0.297
	 -0.613	 -0.217	  0.760

4 	  33.96	   5.36	  -3.55
	  0.308	  0.849	 -0.429
	 -0.233	  0.504	  0.831
	  0.922	 -0.156	  0.353

5 	  44.14	  11.32	  -0.14
	  0.870	  0.420	 -0.257
	  0.417	 -0.352	  0.838
	  0.262	 -0.836	 -0.481

6 	  48.81	   6.77	  -9.40
	  0.299	 -0.530	 -0.793
	  0.730	  0.662	 -0.170
	  0.617	 -0.530	  0.581

7 	  33.96	  -5.26	  -4.39
	  0.117	 -0.638	 -0.761
	  0.410	  0.728	 -0.549
	  0.905	 -0.248	  0.346

8 	  39.16	 -11.81	  -9.54
	  0.399	 -0.360	 -0.843
	 -0.912	 -0.249	 -0.325
	 -0.095	  0.899	 -0.428

9 	  38.79	 -13.31	 -22.39
	 -0.012	 -0.198	 -0.980
	 -0.376	  0.909	 -0.176
	  0.927	  0.365	 -0.087

2 	  32.71	  -8.82	  22.75
	  0.714	  0.699	 -0.037
	 -0.701	  0.712	 -0.038
	  0.001	  0.052	  0.998

3 	  42.13	  -0.40	  -1.32
	  0.800	 -0.208	  0.563
	  0.034	  0.952	  0.304
	 -0.600	 -0.225	  0.768

4 	  33.93	   5.29	  -3.57
	  0.302	  0.846	 -0.440
	 -0.227	  0.511	  0.829
	  0.926	 -0.152	  0.346

5 	  44.12	  11.30	  -0.26
	  0.868	  0.420	 -0.265
	  0.424	 -0.348	  0.836
	  0.259	 -0.838	 -0.480

6 	  48.71	   6.70	  -9.53
	  0.290	 -0.536	 -0.793
	  0.728	  0.660	 -0.183
	  0.624	 -0.525	  0.578

7 	  33.94	  -5.31	  -4.41
	  0.115	 -0.639	 -0.760
	  0.407	  0.728	 -0.551
	  0.906	 -0.246	  0.344

8 	  39.16	 -11.83	  -9.54
	  0.398	 -0.362	 -0.843
	 -0.912	 -0.253	 -0.322
	 -0.098	  0.897	 -0.430

9 	  38.72	 -13.41	 -22.39
	 -0.015	 -0.202	 -0.979
	 -0.380	  0.907	 -0.179
	  0.925	  0.368	 -0.091

2 	  32.70	  -8.82	  22.75
	  0.714	  0.699	 -0.037
	 -0.701	  0.712	 -0.037
	  0.002	  0.052	  0.998

3 	  42.05	  -0.35	  -1.39
	  0.820	 -0.203	  0.534
	  0.022	  0.945	  0.325
	 -0.572	 -0.255	  0.780

4 	  33.71	   5.19	  -3.55
	  0.283	  0.844	 -0.457
	 -0.216	  0.519	  0.827
	  0.935	 -0.135	  0.329

5 	  43.89	  11.36	  -0.60
	  0.853	  0.430	 -0.297
	  0.455	 -0.334	  0.825
	  0.256	 -0.839	 -0.480

6 	  48.25	   6.75	 -10.04
	  0.266	 -0.539	 -0.799
	  0.712	  0.668	 -0.216
	  0.652	 -0.512	  0.558

7 	  33.84	  -5.33	  -4.38
	  0.116	 -0.638	 -0.761
	  0.401	  0.731	 -0.552
	  0.909	 -0.242	  0.340

8 	  39.01	 -11.87	  -9.56
	  0.390	 -0.360	 -0.848
	 -0.916	 -0.252	 -0.313
	 -0.102	  0.898	 -0.427

9 	  38.46	 -13.34	 -22.43
	 -0.026	 -0.196	 -0.980
	 -0.383	  0.908	 -0.169
	  0.924	  0.369	 -0.100

2 	  32.71	  -8.82	  22.75
	  0.714	  0.699	 -0.037
	 -0.701	  0.712	 -0.037
	  0.002	  0.052	  0.998

3 	  41.99	  -0.32	  -1.44
	  0.828	 -0.198	  0.524
	  0.017	  0.944	  0.329
	 -0.561	 -0.264	  0.785

4 	  33.61	   5.12	  -3.55
	  0.271	  0.842	 -0.466
	 -0.214	  0.524	  0.824
	  0.938	 -0.124	  0.322

5 	  43.79	  11.41	  -0.83
	  0.842	  0.436	 -0.316
	  0.475	 -0.325	  0.818
	  0.254	 -0.839	 -0.481

6 	  47.97	   6.82	 -10.32
	  0.248	 -0.540	 -0.804
	  0.705	  0.669	 -0.235
	  0.667	 -0.509	  0.543

7 	  33.89	  -5.36	  -4.36
	  0.122	 -0.643	 -0.757
	  0.400	  0.729	 -0.555
	  0.908	 -0.235	  0.346

8 	  39.08	 -11.94	  -9.49
	  0.393	 -0.365	 -0.844
	 -0.914	 -0.255	 -0.315
	 -0.101	  0.895	 -0.433

9 	  38.67	 -13.52	 -22.32
	 -0.018	 -0.198	 -0.980
	 -0.390	  0.904	 -0.173
	  0.921	  0.376	 -0.095

2 	  32.71	  -8.82	  22.75
	  0.713	  0.700	 -0.037
	 -0.702	  0.712	 -0.037
	  0.002	  0.052	  0.998

3 	  42.01	  -0.32	  -1.44
	  0.831	 -0.196	  0.520
	  0.015	  0.943	  0.331
	 -0.556	 -0.267	  0.787

4 	  33.68	   5.12	  -3.57
	  0.273	  0.843	 -0.463
	 -0.217	  0.523	  0.824
	  0.937	 -0.125	  0.326

5 	  43.84	  11.37	  -0.74
	  0.847	  0.434	 -0.306
	  0.465	 -0.329	  0.822
	  0.256	 -0.839	 -0.480

6 	  48.11	   6.75	 -10.16
	  0.253	 -0.541	 -0.802
	  0.708	  0.667	 -0.230
	  0.661	 -0.511	  0.549

7 	  33.98	  -5.40	  -4.38
	  0.129	 -0.647	 -0.751
	  0.404	  0.726	 -0.557
	  0.905	 -0.232	  0.355

8 	  39.25	 -12.04	  -9.35
	  0.406	 -0.375	 -0.833
	 -0.909	 -0.260	 -0.325
	 -0.097	  0.890	 -0.446

9 	  38.97	 -13.68	 -22.20
	 -0.008	 -0.204	 -0.979
	 -0.397	  0.899	 -0.182
	  0.918	  0.385	 -0.089

2 	  32.70	  -8.82	  22.75
	  0.713	  0.700	 -0.037
	 -0.702	  0.712	 -0.037
	  0.002	  0.052	  0.998

3 	  42.08	  -0.33	  -1.42
	  0.830	 -0.197	  0.521
	  0.015	  0.943	  0.331
	 -0.558	 -0.268	  0.786

4 	  33.79	   5.13	  -3.60
	  0.276	  0.844	 -0.459
	 -0.221	  0.520	  0.825
	  0.936	 -0.126	  0.329

5 	  43.89	  11.37	  -0.63
	  0.851	  0.433	 -0.296
	  0.456	 -0.333	  0.825
	  0.259	 -0.838	 -0.481

6 	  48.22	   6.75	 -10.04
	  0.257	 -0.540	 -0.801
	  0.712	  0.666	 -0.223
	  0.655	 -0.514	  0.553

7 	  34.03	  -5.38	  -4.41
	  0.132	 -0.647	 -0.751
	  0.406	  0.726	 -0.554
	  0.904	 -0.232	  0.358

8 	  39.32	 -12.02	  -9.33
	  0.412	 -0.375	 -0.830
	 -0.907	 -0.262	 -0.331
	 -0.094	  0.889	 -0.448

9 	  39.09	 -13.64	 -22.18
	 -0.002	 -0.203	 -0.979
	 -0.399	  0.898	 -0.183
	  0.917	  0.388	 -0.084

2 	  32.71	  -8.82	  22.75
	  0.713	  0.700	 -0.037
	 -0.702	  0.712	 -0.037
	  0.002	  0.052	  0.998

3 	  42.08	  -0.32	  -1.41
	  0.829	 -0.197	  0.523
	  0.014	  0.943	  0.333
	 -0.559	 -0.269	  0.784

4 	  33.77	   5.19	  -3.59
	  0.276	  0.847	 -0.455
	 -0.224	  0.516	  0.827
	  0.935	 -0.127	  0.331

5 	  43.89	  11.39	  -0.54
	  0.853	  0.434	 -0.289
	  0.452	 -0.337	  0.826
	  0.261	 -0.835	 -0.484

6 	  48.34	   6.86	  -9.83
	  0.267	 -0.533	 -0.803
	  0.716	  0.666	 -0.207
	  0.647	 -0.521	  0.556

7 	  34.08	  -5.34	  -4.46
	  0.133	 -0.647	 -0.751
	  0.423	  0.722	 -0.547
	  0.896	 -0.245	  0.370

8 	  39.71	 -12.18	  -8.96
	  0.450	 -0.388	 -0.804
	 -0.890	 -0.273	 -0.366
	 -0.079	  0.880	 -0.468

9 	  40.20	 -13.66	 -21.64
	  0.027	 -0.172	 -0.985
	 -0.460	  0.873	 -0.163
	  0.888	  0.455	 -0.057

2 	  32.71	  -8.82	  22.75
	  0.714	  0.699	 -0.037
	 -0.701	  0.712	 -0.037
	  0.002	  0.052	  0.998

3 	  42.21	  -0.28	  -1.34
	  0.823	 -0.195	  0.534
	  0.013	  0.945	  0.325
	 -0.569	 -0.261	  0.780

4 	  34.05	   5.33	  -3.64
	  0.289	  0.856	 -0.429
	 -0.248	  0.499	  0.830
	  0.924	 -0.134	  0.356

5 	  44.02	  11.43	   0.21
	  0.873	  0.438	 -0.214
	  0.387	 -0.356	  0.850
	  0.297	 -0.826	 -0.480

6 	  49.22	   7.01	  -8.68
	  0.341	 -0.523	 -0.781
	  0.730	  0.670	 -0.133
	  0.595	 -0.526	  0.607

7 	  34.52	  -5.48	  -4.46
	  0.176	 -0.671	 -0.720
	  0.441	  0.708	 -0.552
	  0.880	 -0.220	  0.420

8 	  40.90	 -12.69	  -7.75
	  0.547	 -0.422	 -0.723
	 -0.836	 -0.323	 -0.445
	 -0.047	  0.847	 -0.529

9 	  42.68	 -14.08	 -20.44
	  0.127	 -0.145	 -0.981
	 -0.491	  0.851	 -0.186
	  0.864	  0.502	  0.035

2 	  32.70	  -8.82	  22.75
	  0.714	  0.699	 -0.037
	 -0.701	  0.712	 -0.037
	  0.002	  0.052	  0.998

3 	  42.59	  -0.32	  -1.11
	  0.796	 -0.188	  0.574
	 -0.000	  0.950	  0.311
	 -0.605	 -0.248	  0.756

4 	  34.59	   5.31	  -3.85
	  0.313	  0.859	 -0.406
	 -0.293	  0.493	  0.819
	  0.903	 -0.137	  0.406

5 	  44.30	  11.29	   0.81
	  0.889	  0.436	 -0.140
	  0.317	 -0.367	  0.874
	  0.330	 -0.822	 -0.464

6 	  50.15	   6.96	  -7.56
	  0.408	 -0.515	 -0.754
	  0.740	  0.670	 -0.061
	  0.540	 -0.534	  0.650

7 	  35.02	  -5.61	  -4.54
	  0.210	 -0.676	 -0.706
	  0.448	  0.708	 -0.545
	  0.869	 -0.202	  0.452

8 	  41.94	 -12.85	  -6.87
	  0.623	 -0.437	 -0.649
	 -0.782	 -0.366	 -0.504
	 -0.018	  0.821	 -0.570

9 	  44.86	 -14.57	 -19.14
	  0.228	 -0.172	 -0.958
	 -0.514	  0.816	 -0.265
	  0.830	  0.548	  0.094

2 	  32.70	  -8.82	  22.75
	  0.714	  0.699	 -0.037
	 -0.701	  0.712	 -0.037
	  0.002	  0.052	  0.998

3 	  42.89	  -0.37	  -0.83
	  0.763	 -0.196	  0.615
	  0.001	  0.953	  0.302
	 -0.646	 -0.230	  0.728

4 	  35.17	   5.43	  -3.96
	  0.342	  0.866	 -0.364
	 -0.340	  0.474	  0.812
	  0.876	 -0.154	  0.457

5 	  44.49	  11.14	   1.86
	  0.904	  0.425	 -0.035
	  0.221	 -0.398	  0.890
	  0.364	 -0.813	 -0.454

6 	  51.13	   7.03	  -5.85
	  0.490	 -0.494	 -0.718
	  0.746	  0.664	  0.049
	  0.456	 -0.560	  0.691

7 	  35.47	  -5.73	  -4.54
	  0.242	 -0.688	 -0.684
	  0.464	  0.701	 -0.541
	  0.852	 -0.186	  0.489

8 	  42.91	 -13.01	  -5.78
	  0.691	 -0.449	 -0.566
	 -0.723	 -0.427	 -0.543
	  0.001	  0.785	 -0.620

9 	  46.71	 -14.80	 -17.77
	  0.292	 -0.156	 -0.944
	 -0.574	  0.762	 -0.299
	  0.770	  0.624	  0.130

2 	  32.70	  -8.82	  22.75
	  0.714	  0.699	 -0.037
	 -0.701	  0.712	 -0.037
	  0.002	  0.052	  0.998

3 	  43.22	  -0.39	  -0.60
	  0.738	 -0.199	  0.644
	  0.008	  0.958	  0.286
	 -0.675	 -0.206	  0.708

4 	  35.74	   5.64	  -3.92
	  0.363	  0.882	 -0.301
	 -0.400	  0.438	  0.805
	  0.842	 -0.172	  0.511

5 	  44.44	  11.04	   3.16
	  0.903	  0.419	  0.092
	  0.112	 -0.436	  0.893
	  0.415	 -0.796	 -0.441

6 	  51.93	   7.33	  -3.78
	  0.586	 -0.459	 -0.668
	  0.729	  0.659	  0.182
	  0.361	 -0.594	  0.718

7 	  35.91	  -5.87	  -4.54
	  0.277	 -0.697	 -0.661
	  0.484	  0.695	 -0.531
	  0.830	 -0.173	  0.530

8 	  43.63	 -13.18	  -4.71
	  0.743	 -0.462	 -0.484
	 -0.668	 -0.460	 -0.585
	  0.047	  0.758	 -0.651

9 	  48.32	 -14.61	 -16.26
	  0.350	 -0.104	 -0.931
	 -0.590	  0.749	 -0.302
	  0.733	  0.650	  0.198

2 	  32.71	  -8.82	  22.75
	  0.714	  0.699	 -0.037
	 -0.701	  0.712	 -0.038
	  0.001	  0.052	  0.998

3 	  43.47	  -0.37	  -0.28
	  0.716	 -0.187	  0.672
	  0.007	  0.965	  0.260
	 -0.699	 -0.182	  0.692

4 	  36.26	   5.80	  -3.85
	  0.370	  0.898	 -0.238
	 -0.462	  0.399	  0.792
	  0.806	 -0.184	  0.562

5 	  44.09	  10.92	   4.46
	  0.882	  0.414	  0.223
	  0.000	 -0.475	  0.880
	  0.470	 -0.777	 -0.419

6 	  52.42	   7.63	  -1.35
	  0.685	 -0.420	 -0.595
	  0.685	  0.652	  0.325
	  0.255	 -0.630	  0.733

7 	  36.33	  -5.99	  -4.48
	  0.311	 -0.711	 -0.631
	  0.520	  0.682	 -0.514
	  0.796	 -0.169	  0.581

8 	  44.19	 -13.32	  -3.45
	  0.786	 -0.478	 -0.391
	 -0.609	 -0.498	 -0.617
	  0.100	  0.724	 -0.683

9 	  49.71	 -14.55	 -14.54
	  0.420	 -0.072	 -0.905
	 -0.593	  0.734	 -0.330
	  0.695	  0.669	  0.262

2 	  32.71	  -8.82	  22.75
	  0.714	  0.699	 -0.037
	 -0.701	  0.712	 -0.038
	  0.001	  0.052	  0.998

3 	  43.75	  -0.40	  -0.09
	  0.700	 -0.168	  0.693
	  0.006	  0.973	  0.229
	 -0.714	 -0.157	  0.683

4 	  36.72	   5.98	  -3.73
	  0.369	  0.911	 -0.183
	 -0.520	  0.364	  0.772
	  0.771	 -0.190	  0.608

5 	  43.73	  10.83	   5.57
	  0.848	  0.418	  0.326
	 -0.079	 -0.509	  0.857
	  0.524	 -0.752	 -0.399

6 	  52.73	   8.09	   0.72
	  0.766	 -0.373	 -0.524
	  0.620	  0.650	  0.439
	  0.180	 -0.661	  0.728

7 	  36.84	  -6.19	  -4.39
	  0.347	 -0.738	 -0.578
	  0.570	  0.655	 -0.495
	  0.745	 -0.158	  0.648

8 	  44.65	 -13.54	  -1.97
	  0.817	 -0.505	 -0.278
	 -0.551	 -0.541	 -0.635
	  0.171	  0.672	 -0.720

9 	  51.13	 -14.94	 -12.22
	  0.519	 -0.067	 -0.852
	 -0.576	  0.710	 -0.404
	  0.636	  0.698	  0.328

2 	  32.71	  -8.82	  22.75
	  0.714	  0.699	 -0.037
	 -0.701	  0.712	 -0.037
	  0.002	  0.052	  0.998

3 	  44.02	  -0.46	   0.11
	  0.685	 -0.144	  0.714
	 -0.002	  0.980	  0.199
	 -0.729	 -0.138	  0.671

4 	  37.20	   6.10	  -3.59
	  0.354	  0.927	 -0.118
	 -0.592	  0.319	  0.740
	  0.724	 -0.192	  0.662

5 	  42.94	  10.79	   6.80
	  0.781	  0.431	  0.451
	 -0.169	 -0.550	  0.818
	  0.601	 -0.715	 -0.357

6 	  52.70	   8.74	   3.45
	  0.860	 -0.304	 -0.410
	  0.503	  0.644	  0.576
	  0.090	 -0.702	  0.707

7 	  37.35	  -6.50	  -4.29
	  0.385	 -0.782	 -0.489
	  0.634	  0.609	 -0.476
	  0.671	 -0.127	  0.730

8 	  44.88	 -13.62	   0.16
	  0.839	 -0.533	 -0.110
	 -0.468	 -0.603	 -0.647
	  0.278	  0.594	 -0.754

9 	  52.75	 -15.49	  -8.40
	  0.660	 -0.100	 -0.745
	 -0.524	  0.651	 -0.549
	  0.544	  0.750	  0.376

2 	  32.71	  -8.82	  22.75
	  0.714	  0.699	 -0.037
	 -0.701	  0.712	 -0.037
	  0.002	  0.052	  0.998

3 	  44.28	  -0.53	   0.28
	  0.675	 -0.123	  0.727
	 -0.008	  0.985	  0.173
	 -0.737	 -0.123	  0.664

4 	  37.72	   6.26	  -3.50
	  0.352	  0.934	 -0.059
	 -0.644	  0.287	  0.709
	  0.680	 -0.211	  0.702

5 	  42.50	  10.62	   7.52
	  0.719	  0.431	  0.545
	 -0.247	 -0.575	  0.779
	  0.650	 -0.695	 -0.309

6 	  52.68	   9.19	   5.89
	  0.931	 -0.253	 -0.263
	  0.366	  0.635	  0.680
	 -0.006	 -0.730	  0.683

7 	  37.86	  -6.80	  -4.15
	  0.423	 -0.824	 -0.377
	  0.693	  0.562	 -0.452
	  0.585	 -0.071	  0.808

8 	  44.88	 -13.38	   2.34
	  0.844	 -0.531	  0.071
	 -0.372	 -0.676	 -0.636
	  0.387	  0.511	 -0.767

9 	  53.96	 -15.87	  -4.03
	  0.800	 -0.161	 -0.578
	 -0.413	  0.553	 -0.723
	  0.439	  0.815	  0.377

2 	  32.70	  -8.82	  22.75
	  0.714	  0.699	 -0.036
	 -0.701	  0.712	 -0.038
	  0.001	  0.052	  0.998

3 	  44.51	  -0.58	   0.44
	  0.661	 -0.095	  0.744
	 -0.005	  0.991	  0.131
	 -0.750	 -0.091	  0.655

4 	  38.13	   6.45	  -3.23
	  0.338	  0.941	 -0.001
	 -0.695	  0.249	  0.674
	  0.635	 -0.226	  0.738

5 	  41.78	  10.39	   8.51
	  0.641	  0.422	  0.640
	 -0.307	 -0.625	  0.717
	  0.704	 -0.656	 -0.272

6 	  52.17	   9.65	   8.63
	  0.975	 -0.191	 -0.115
	  0.207	  0.574	  0.792
	 -0.086	 -0.797	  0.597

7 	  38.32	  -7.07	  -3.92
	  0.435	 -0.864	 -0.256
	  0.752	  0.504	 -0.425
	  0.497	 -0.008	  0.868

8 	  44.30	 -13.08	   4.57
	  0.805	 -0.532	  0.262
	 -0.293	 -0.740	 -0.605
	  0.516	  0.411	 -0.751

9 	  54.09	 -16.26	   0.84
	  0.903	 -0.221	 -0.368
	 -0.267	  0.384	 -0.884
	  0.338	  0.895	  0.289

2 	  32.71	  -8.82	  22.75
	  0.714	  0.699	 -0.037
	 -0.701	  0.712	 -0.038
	  0.001	  0.052	  0.998

3 	  44.58	  -0.53	   0.60
	  0.649	 -0.079	  0.757
	 -0.011	  0.993	  0.113
	 -0.761	 -0.082	  0.643

4 	  38.36	   6.56	  -3.08
	  0.332	  0.943	  0.036
	 -0.726	  0.229	  0.648
	  0.604	 -0.241	  0.760

5 	  40.75	  10.21	   9.07
	  0.549	  0.412	  0.727
	 -0.376	 -0.657	  0.653
	  0.748	 -0.630	 -0.206

6 	  51.15	   9.88	  11.16
