2 	  32.71	  -8.82	  22.75
	  0.714	  0.699	 -0.037
	 -0.701	  0.712	 -0.037
	  0.002	  0.052	  0.998

3 	  43.95	  -0.51	   0.19
	  0.675	 -0.097	  0.731
	  0.016	  0.993	  0.116
	 -0.737	 -0.068	  0.672

4 	  36.84	   5.89	  -3.99
	  0.296	  0.947	 -0.125
	 -0.656	  0.296	  0.695
	  0.695	 -0.124	  0.708

5 	  40.10	  11.39	   6.47
	  0.679	  0.424	  0.599
	 -0.343	 -0.539	  0.769
	  0.650	 -0.727	 -0.221

6 	  46.62	   6.77	   0.88
	  0.393	 -0.549	 -0.738
	  0.919	  0.266	  0.291
	  0.036	 -0.792	  0.609

7 	  36.84	  -6.35	  -3.97
	  0.243	 -0.925	 -0.292
	  0.828	  0.354	 -0.434
	  0.505	 -0.137	  0.852

8 	  39.90	 -15.79	   0.25
	  0.628	 -0.778	 -0.016
	 -0.301	 -0.223	 -0.927
	  0.718	  0.587	 -0.373

9 	  46.56	  -9.37	  -3.52
	  0.415	  0.881	 -0.224
	 -0.890	  0.444	  0.100
	  0.188	  0.158	  0.969

2 	  32.71	  -8.82	  22.75
	  0.714	  0.699	 -0.037
	 -0.701	  0.712	 -0.038
	  0.001	  0.052	  0.998

3 	  43.96	  -0.53	   0.18
	  0.677	 -0.097	  0.729
	  0.020	  0.993	  0.114
	 -0.736	 -0.063	  0.674

4 	  36.90	   5.89	  -4.01
	  0.302	  0.944	 -0.129
	 -0.652	  0.302	  0.695
	  0.696	 -0.125	  0.707

5 	  40.20	  11.39	   6.40
	  0.684	  0.422	  0.594
	 -0.344	 -0.533	  0.773
	  0.645	 -0.732	 -0.220

6 	  46.67	   6.73	   0.83
	  0.389	 -0.552	 -0.737
	  0.921	  0.263	  0.288
	  0.034	 -0.791	  0.611

7 	  36.88	  -6.36	  -3.99
	  0.246	 -0.925	 -0.290
	  0.827	  0.356	 -0.435
	  0.505	 -0.134	  0.852

8 	  39.94	 -15.80	   0.26
	  0.630	 -0.777	 -0.014
	 -0.300	 -0.227	 -0.927
	  0.717	  0.587	 -0.375

9 	  46.62	  -9.37	  -3.48
	  0.413	  0.881	 -0.228
	 -0.891	  0.442	  0.097
	  0.187	  0.163	  0.969

2 	  32.71	  -8.82	  22.75
	  0.714	  0.699	 -0.037
	 -0.701	  0.712	 -0.038
	  0.001	  0.052	  0.998

3 	  44.00	  -0.54	   0.16
	  0.676	 -0.096	  0.730
	  0.020	  0.993	  0.112
	 -0.737	 -0.061	  0.673

4 	  36.91	   5.87	  -4.04
	  0.302	  0.944	 -0.131
	 -0.653	  0.304	  0.693
	  0.695	 -0.124	  0.708

5 	  40.20	  11.37	   6.40
	  0.683	  0.422	  0.596
	 -0.347	 -0.533	  0.771
	  0.645	 -0.733	 -0.218

6 	  46.69	   6.70	   0.86
	  0.392	 -0.554	 -0.735
	  0.919	  0.261	  0.293
	  0.029	 -0.790	  0.612

7 	  36.91	  -6.38	  -3.97
	  0.247	 -0.925	 -0.289
	  0.827	  0.356	 -0.434
	  0.505	 -0.133	  0.853

8 	  39.99	 -15.80	   0.30
	  0.631	 -0.775	 -0.012
	 -0.300	 -0.229	 -0.926
	  0.716	  0.587	 -0.376

9 	  46.62	  -9.37	  -3.48
	  0.412	  0.881	 -0.230
	 -0.892	  0.442	  0.097
	  0.187	  0.165	  0.968

2 	  32.71	  -8.82	  22.75
	  0.714	  0.699	 -0.037
	 -0.701	  0.712	 -0.037
	  0.002	  0.052	  0.998

3 	  44.02	  -0.54	   0.18
	  0.674	 -0.096	  0.732
	  0.020	  0.993	  0.111
	 -0.739	 -0.061	  0.671

4 	  36.95	   5.87	  -4.04
	  0.306	  0.943	 -0.131
	 -0.652	  0.307	  0.693
	  0.694	 -0.126	  0.708

5 	  40.27	  11.36	   6.38
	  0.686	  0.419	  0.595
	 -0.347	 -0.532	  0.772
	  0.641	 -0.735	 -0.220

6 	  46.72	   6.68	   0.81
	  0.387	 -0.553	 -0.738
	  0.921	  0.258	  0.290
	  0.030	 -0.792	  0.609

7 	  36.90	  -6.38	  -3.97
	  0.243	 -0.925	 -0.292
	  0.828	  0.354	 -0.434
	  0.505	 -0.137	  0.852

8 	  39.96	 -15.79	   0.44
	  0.626	 -0.779	 -0.013
	 -0.320	 -0.240	 -0.917
	  0.712	  0.578	 -0.398

9 	  46.58	  -9.51	  -3.74
	  0.414	  0.870	 -0.267
	 -0.883	  0.455	  0.114
	  0.221	  0.188	  0.957

2 	  32.71	  -8.82	  22.75
	  0.714	  0.699	 -0.037
	 -0.701	  0.712	 -0.037
	  0.002	  0.052	  0.998

3 	  43.91	  -0.54	   0.07
	  0.698	 -0.095	  0.709
	  0.015	  0.993	  0.118
	 -0.716	 -0.072	  0.694

4 	  36.67	   5.89	  -3.94
	  0.301	  0.945	 -0.128
	 -0.638	  0.299	  0.710
	  0.710	 -0.132	  0.692

5 	  40.61	  11.02	   6.52
	  0.729	  0.423	  0.538
	 -0.241	 -0.578	  0.779
	  0.641	 -0.697	 -0.320

6 	  46.76	   7.07	   0.04
	  0.349	 -0.500	 -0.792
	  0.932	  0.276	  0.236
	  0.101	 -0.820	  0.562

7 	  36.63	  -6.36	  -3.88
	  0.221	 -0.930	 -0.294
	  0.829	  0.337	 -0.445
	  0.513	 -0.146	  0.845

8 	  39.88	 -15.56	   1.28
	  0.619	 -0.785	  0.005
	 -0.399	 -0.319	 -0.860
	  0.677	  0.530	 -0.510

9 	  46.41	 -10.25	  -4.50
	  0.429	  0.785	 -0.447
	 -0.862	  0.503	  0.057
	  0.271	  0.361	  0.892

2 	  32.71	  -8.82	  22.75
	  0.714	  0.699	 -0.037
	 -0.701	  0.712	 -0.038
	  0.001	  0.052	  0.998

3 	  43.68	  -0.44	  -0.05
	  0.726	 -0.096	  0.681
	  0.004	  0.991	  0.135
	 -0.688	 -0.096	  0.719

4 	  36.26	   5.98	  -3.78
	  0.295	  0.946	 -0.131
	 -0.612	  0.292	  0.735
	  0.734	 -0.137	  0.664

5 	  40.92	  11.02	   6.47
	  0.771	  0.439	  0.462
	 -0.126	 -0.607	  0.785
	  0.625	 -0.662	 -0.412

6 	  46.55	   7.61	  -0.90
	  0.275	 -0.451	 -0.849
	  0.942	  0.301	  0.145
	  0.190	 -0.840	  0.508

7 	  36.37	  -6.33	  -3.83
	  0.199	 -0.937	 -0.288
	  0.831	  0.317	 -0.457
	  0.520	 -0.149	  0.841

8 	  39.96	 -15.19	   2.06
	  0.614	 -0.789	  0.012
	 -0.495	 -0.396	 -0.773
	  0.616	  0.469	 -0.633

9 	  45.70	 -11.29	  -5.82
	  0.347	  0.666	 -0.660
	 -0.874	  0.484	  0.030
	  0.340	  0.567	  0.750

2 	  32.70	  -8.82	  22.75
	  0.714	  0.699	 -0.037
	 -0.701	  0.712	 -0.038
	  0.001	  0.052	  0.998

3 	  43.45	  -0.39	  -0.21
	  0.755	 -0.099	  0.648
	  0.003	  0.989	  0.147
	 -0.656	 -0.109	  0.747

4 	  35.82	   6.03	  -3.59
	  0.287	  0.949	 -0.131
	 -0.587	  0.281	  0.759
	  0.757	 -0.141	  0.637

5 	  41.06	  11.00	   6.49
	  0.797	  0.463	  0.388
	 -0.009	 -0.634	  0.773
	  0.604	 -0.619	 -0.501

6 	  46.02	   8.30	  -1.72
	  0.196	 -0.383	 -0.903
	  0.941	  0.332	  0.063
	  0.275	 -0.862	  0.425

7 	  36.02	  -6.24	  -3.80
	  0.173	 -0.939	 -0.296
	  0.830	  0.300	 -0.469
	  0.529	 -0.166	  0.832

8 	  40.27	 -14.73	   2.55
	  0.627	 -0.779	  0.002
	 -0.572	 -0.461	 -0.678
	  0.531	  0.424	 -0.734

9 	  45.19	 -12.41	  -6.94
	  0.253	  0.498	 -0.829
	 -0.890	  0.456	  0.003
	  0.380	  0.737	  0.559

2 	  32.70	  -8.82	  22.75
	  0.714	  0.699	 -0.037
	 -0.701	  0.712	 -0.038
	  0.001	  0.052	  0.998

3 	  43.21	  -0.26	  -0.35
	  0.776	 -0.098	  0.623
	 -0.002	  0.987	  0.157
	 -0.631	 -0.123	  0.766

4 	  35.37	   6.13	  -3.30
	  0.262	  0.957	 -0.121
	 -0.571	  0.254	  0.780
	  0.778	 -0.135	  0.613

5 	  40.96	  10.99	   6.70
	  0.799	  0.490	  0.347
	  0.089	 -0.668	  0.738
	  0.595	 -0.559	 -0.578

6 	  45.47	   9.11	  -2.07
	  0.143	 -0.296	 -0.944
	  0.937	  0.346	  0.034
	  0.317	 -0.890	  0.327

7 	  35.74	  -6.13	  -3.76
	  0.156	 -0.937	 -0.312
	  0.817	  0.300	 -0.493
	  0.555	 -0.178	  0.812

8 	  40.36	 -14.47	   2.64
	  0.618	 -0.786	 -0.010
	 -0.627	 -0.483	 -0.611
	  0.476	  0.384	 -0.791

9 	  44.82	 -14.12	  -7.89
	  0.221	  0.306	 -0.926
	 -0.882	  0.468	 -0.056
	  0.417	  0.829	  0.373

2 	  32.70	  -8.82	  22.75
	  0.714	  0.699	 -0.037
	 -0.701	  0.712	 -0.038
	  0.001	  0.052	  0.998

3 	  43.03	  -0.09	  -0.46
	  0.786	 -0.098	  0.611
	 -0.010	  0.985	  0.170
	 -0.619	 -0.140	  0.773

4 	  35.02	   6.22	  -3.09
	  0.233	  0.966	 -0.112
	 -0.570	  0.228	  0.789
	  0.788	 -0.120	  0.603

5 	  40.73	  11.06	   6.82
	  0.782	  0.536	  0.317
	  0.184	 -0.685	  0.705
	  0.595	 -0.494	 -0.634

6 	  45.05	  10.07	  -2.36
	  0.120	 -0.219	 -0.968
	  0.929	  0.367	  0.032
	  0.348	 -0.904	  0.247

7 	  35.46	  -5.94	  -3.76
	  0.127	 -0.939	 -0.319
	  0.811	  0.283	 -0.511
	  0.570	 -0.194	  0.798

8 	  39.92	 -14.50	   2.50
	  0.583	 -0.812	 -0.024
	 -0.667	 -0.461	 -0.586
	  0.466	  0.357	 -0.809

9 	  44.38	 -15.91	  -8.28
	  0.239	  0.124	 -0.963
	 -0.867	  0.474	 -0.154
	  0.437	  0.872	  0.221

2 	  32.70	  -8.82	  22.75
	  0.714	  0.699	 -0.037
	 -0.701	  0.712	 -0.038
	  0.001	  0.052	  0.998

3 	  42.89	  -0.04	  -0.54
	  0.789	 -0.099	  0.606
	 -0.010	  0.985	  0.173
	 -0.614	 -0.143	  0.776

4 	  34.73	   6.21	  -2.99
	  0.204	  0.973	 -0.101
	 -0.576	  0.203	  0.791
	  0.791	 -0.104	  0.602

5 	  40.50	  10.99	   7.01
	  0.759	  0.574	  0.306
	  0.262	 -0.700	  0.664
	  0.596	 -0.424	 -0.682

6 	  44.74	  11.14	  -2.41
	  0.118	 -0.104	 -0.988
	  0.944	  0.321	  0.079
	  0.308	 -0.941	  0.136

7 	  35.24	  -5.92	  -3.71
	  0.104	 -0.941	 -0.322
	  0.807	  0.269	 -0.525
	  0.581	 -0.206	  0.787

8 	  39.80	 -14.50	   2.57
	  0.572	 -0.819	 -0.031
	 -0.696	 -0.465	 -0.547
	  0.435	  0.335	 -0.836

9 	  44.05	 -17.16	  -8.30
	  0.218	 -0.004	 -0.976
	 -0.872	  0.448	 -0.197
	  0.438	  0.894	  0.094

2 	  32.71	  -8.82	  22.75
	  0.714	  0.699	 -0.037
	 -0.701	  0.712	 -0.038
	  0.001	  0.052	  0.998

3 	  42.77	  -0.04	  -0.62
	  0.793	 -0.094	  0.601
	 -0.012	  0.985	  0.169
	 -0.609	 -0.141	  0.780

4 	  34.58	   6.15	  -2.92
	  0.183	  0.979	 -0.090
	 -0.587	  0.181	  0.789
	  0.789	 -0.092	  0.607

5 	  40.20	  10.85	   7.33
	  0.734	  0.602	  0.314
	  0.313	 -0.710	  0.630
	  0.603	 -0.365	 -0.709

6 	  44.42	  11.71	  -2.16
	  0.114	 -0.042	 -0.993
	  0.939	  0.331	  0.094
	  0.324	 -0.943	  0.077

7 	  35.10	  -5.92	  -3.69
	  0.095	 -0.942	 -0.321
	  0.805	  0.262	 -0.532
	  0.586	 -0.208	  0.783

8 	  39.57	 -14.55	   2.57
	  0.555	 -0.831	 -0.034
	 -0.717	 -0.457	 -0.526
	  0.422	  0.316	 -0.849

9 	  43.70	 -18.44	  -8.12
	  0.220	 -0.138	 -0.966
	 -0.879	  0.400	 -0.257
	  0.422	  0.906	 -0.033

2 	  32.70	  -8.82	  22.75
	  0.714	  0.699	 -0.037
	 -0.701	  0.712	 -0.037
	  0.002	  0.052	  0.998

3 	  42.70	  -0.05	  -0.62
	  0.792	 -0.094	  0.604
	 -0.012	  0.985	  0.168
	 -0.612	 -0.141	  0.778

4 	  34.54	   6.19	  -2.81
	  0.170	  0.983	 -0.071
	 -0.598	  0.160	  0.785
	  0.783	 -0.091	  0.615

5 	  39.94	  10.78	   7.61
	  0.705	  0.626	  0.333
	  0.353	 -0.716	  0.602
	  0.616	 -0.308	 -0.725

6 	  44.26	  12.48	  -1.83
	  0.125	  0.033	 -0.992
	  0.947	  0.295	  0.129
	  0.297	 -0.955	  0.005

7 	  35.02	  -5.85	  -3.73
	  0.084	 -0.942	 -0.325
	  0.802	  0.257	 -0.539
	  0.591	 -0.216	  0.777

8 	  39.32	 -14.61	   2.50
	  0.536	 -0.843	 -0.043
	 -0.737	 -0.442	 -0.511
	  0.412	  0.306	 -0.858

9 	  43.45	 -20.06	  -7.84
	  0.232	 -0.311	 -0.922
	 -0.915	  0.253	 -0.315
	  0.331	  0.916	 -0.225

2 	  32.70	  -8.82	  22.75
	  0.714	  0.699	 -0.037
	 -0.701	  0.712	 -0.038
	  0.001	  0.052	  0.998

3 	  42.64	  -0.04	  -0.60
	  0.786	 -0.098	  0.610
	 -0.009	  0.985	  0.169
	 -0.618	 -0.139	  0.774

4 	  34.52	   6.22	  -2.76
	  0.167	  0.984	 -0.065
	 -0.600	  0.153	  0.785
	  0.782	 -0.092	  0.616

5 	  39.97	  10.81	   7.68
	  0.696	  0.637	  0.330
	  0.376	 -0.715	  0.589
	  0.612	 -0.287	 -0.737

6 	  44.21	  12.67	  -1.83
	  0.120	  0.050	 -0.991
	  0.952	  0.277	  0.129
	  0.281	 -0.959	 -0.015

7 	  34.96	  -5.82	  -3.74
	  0.077	 -0.940	 -0.332
	  0.796	  0.258	 -0.547
	  0.600	 -0.222	  0.768

8 	  39.16	 -14.75	   2.27
	  0.519	 -0.853	 -0.058
	 -0.755	 -0.423	 -0.501
	  0.404	  0.303	 -0.863

9 	  43.22	 -20.97	  -7.59
	  0.228	 -0.401	 -0.887
	 -0.918	  0.214	 -0.332
	  0.323	  0.891	 -0.320

2 	  32.70	  -8.82	  22.75
	  0.714	  0.699	 -0.037
	 -0.701	  0.712	 -0.038
	  0.001	  0.052	  0.998

3 	  42.66	  -0.11	  -0.63
	  0.784	 -0.102	  0.612
	 -0.005	  0.985	  0.170
	 -0.621	 -0.137	  0.772

4 	  34.58	   6.24	  -2.76
	  0.175	  0.982	 -0.064
	 -0.600	  0.157	  0.784
	  0.781	 -0.098	  0.616

5 	  40.03	  10.79	   7.65
	  0.699	  0.636	  0.328
	  0.377	 -0.717	  0.587
	  0.609	 -0.287	 -0.739

6 	  44.31	  12.66	  -1.86
	  0.119	  0.051	 -0.992
	  0.953	  0.274	  0.128
	  0.278	 -0.960	 -0.016

7 	  34.95	  -5.82	  -3.76
	  0.068	 -0.941	 -0.332
	  0.794	  0.252	 -0.553
	  0.604	 -0.226	  0.764

8 	  39.06	 -14.78	   2.27
	  0.505	 -0.861	 -0.054
	 -0.763	 -0.416	 -0.495
	  0.406	  0.291	 -0.866

9 	  42.93	 -21.57	  -7.28
	  0.215	 -0.457	 -0.863
	 -0.922	  0.197	 -0.334
	  0.323	  0.868	 -0.378

2 	  32.68	  -8.81	  22.73
	  0.714	  0.699	 -0.037
	 -0.701	  0.712	 -0.037
	  0.002	  0.052	  0.998

3 	  42.68	  -0.12	  -0.67
	  0.784	 -0.103	  0.611
	 -0.004	  0.985	  0.171
	 -0.620	 -0.137	  0.772

4 	  34.63	   6.24	  -2.76
	  0.176	  0.982	 -0.065
	 -0.599	  0.159	  0.784
	  0.781	 -0.099	  0.616

5 	  40.10	  10.79	   7.65
	  0.698	  0.636	  0.328
	  0.381	 -0.717	  0.584
	  0.608	 -0.283	 -0.742

6 	  44.35	  12.73	  -1.86
	  0.117	  0.056	 -0.992
	  0.953	  0.275	  0.128
	  0.280	 -0.960	 -0.021

7 	  34.95	  -5.80	  -3.76
	  0.062	 -0.942	 -0.331
	  0.792	  0.248	 -0.558
	  0.607	 -0.228	  0.761

8 	  38.83	 -14.84	   2.30
	  0.485	 -0.873	 -0.046
	 -0.769	 -0.401	 -0.498
	  0.418	  0.276	 -0.865

9 	  42.64	 -21.81	  -7.10
	  0.207	 -0.481	 -0.852
	 -0.918	  0.206	 -0.339
	  0.338	  0.852	 -0.398

2 	  32.70	  -8.82	  22.75
	  0.714	  0.699	 -0.037
	 -0.701	  0.712	 -0.037
	  0.002	  0.052	  0.998

3 	  42.70	  -0.14	  -0.70
	  0.785	 -0.104	  0.610
	 -0.003	  0.985	  0.172
	 -0.620	 -0.138	  0.772

4 	  34.65	   6.24	  -2.78
	  0.179	  0.981	 -0.068
	 -0.597	  0.162	  0.785
	  0.782	 -0.100	  0.615

5 	  40.17	  10.83	   7.61
	  0.700	  0.636	  0.324
	  0.379	 -0.715	  0.587
	  0.606	 -0.289	 -0.741

6 	  44.40	  12.71	  -1.92
	  0.116	  0.052	 -0.992
	  0.954	  0.270	  0.126
	  0.275	 -0.961	 -0.019

7 	  34.95	  -5.80	  -3.76
	  0.060	 -0.942	 -0.331
	  0.791	  0.247	 -0.560
	  0.608	 -0.228	  0.760

8 	  38.79	 -14.84	   2.32
	  0.480	 -0.876	 -0.042
	 -0.771	 -0.398	 -0.497
	  0.420	  0.271	 -0.866

9 	  42.59	 -21.90	  -7.07
	  0.205	 -0.487	 -0.849
	 -0.916	  0.209	 -0.341
	  0.344	  0.848	 -0.404

2 	  32.70	  -8.82	  22.75
	  0.714	  0.699	 -0.037
	 -0.701	  0.712	 -0.037
	  0.002	  0.052	  0.998

3 	  42.73	  -0.18	  -0.74
	  0.786	 -0.107	  0.609
	  0.000	  0.985	  0.172
	 -0.620	 -0.136	  0.773

4 	  34.72	   6.24	  -2.78
	  0.185	  0.980	 -0.071
	 -0.597	  0.169	  0.784
	  0.781	 -0.102	  0.616

5 	  40.24	  10.85	   7.54
	  0.704	  0.633	  0.320
	  0.374	 -0.714	  0.592
	  0.604	 -0.298	 -0.739

6 	  44.51	  12.62	  -1.99
	  0.117	  0.044	 -0.992
	  0.956	  0.264	  0.124
	  0.267	 -0.964	 -0.012

7 	  34.95	  -5.82	  -3.78
	  0.059	 -0.942	 -0.330
	  0.791	  0.245	 -0.560
	  0.608	 -0.228	  0.760

8 	  38.81	 -14.85	   2.32
	  0.478	 -0.877	 -0.041
	 -0.771	 -0.396	 -0.499
	  0.422	  0.270	 -0.865

9 	  42.59	 -21.94	  -7.05
	  0.205	 -0.490	 -0.847
	 -0.915	  0.212	 -0.344
	  0.348	  0.846	 -0.405

2 	  32.71	  -8.82	  22.75
	  0.714	  0.699	 -0.037
	 -0.701	  0.712	 -0.037
	  0.002	  0.052	  0.998

3 	  42.75	  -0.18	  -0.74
	  0.784	 -0.107	  0.611
	 -0.001	  0.985	  0.173
	 -0.621	 -0.136	  0.771

4 	  34.72	   6.22	  -2.79
	  0.185	  0.980	 -0.074
	 -0.599	  0.171	  0.782
	  0.779	 -0.100	  0.618

5 	  40.25	  10.86	   7.54
	  0.704	  0.635	  0.318
	  0.374	 -0.712	  0.594
	  0.604	 -0.300	 -0.738

6 	  44.53	  12.64	  -2.02
	  0.120	  0.039	 -0.992
	  0.955	  0.266	  0.126
	  0.269	 -0.963	 -0.006

7 	  34.96	  -5.80	  -3.78
	  0.060	 -0.942	 -0.330
	  0.791	  0.246	 -0.559
	  0.608	 -0.228	  0.760

8 	  38.79	 -14.85	   2.32
	  0.477	 -0.878	 -0.043
	 -0.770	 -0.394	 -0.502
	  0.424	  0.272	 -0.863

9 	  42.96	 -21.45	  -7.17
	  0.247	 -0.430	 -0.869
	 -0.903	  0.224	 -0.367
	  0.352	  0.875	 -0.332

2 	  32.71	  -8.82	  22.75
	  0.714	  0.699	 -0.037
	 -0.701	  0.712	 -0.037
	  0.002	  0.052	  0.998

3 	  42.79	  -0.18	  -0.67
	  0.777	 -0.107	  0.620
	 -0.002	  0.985	  0.172
	 -0.630	 -0.135	  0.765

4 	  34.82	   6.15	  -2.94
	  0.191	  0.977	 -0.091
	 -0.600	  0.190	  0.777
	  0.777	 -0.094	  0.622

5 	  40.41	  11.07	   7.07
	  0.727	  0.618	  0.300
	  0.318	 -0.689	  0.651
	  0.609	 -0.378	 -0.697

6 	  45.19	  11.69	  -2.37
	  0.185	 -0.073	 -0.980
	  0.955	  0.249	  0.162
	  0.232	 -0.966	  0.116

7 	  35.19	  -5.98	  -3.76
	  0.083	 -0.944	 -0.318
	  0.798	  0.254	 -0.547
	  0.597	 -0.209	  0.774

8 	  38.71	 -15.10	   2.25
	  0.510	 -0.859	 -0.040
	 -0.693	 -0.382	 -0.612
	  0.511	  0.340	 -0.789

9 	  44.72	 -18.74	  -7.63
	  0.410	 -0.113	 -0.905
	 -0.840	  0.342	 -0.422
	  0.356	  0.933	  0.045

2 	  32.70	  -8.82	  22.75
	  0.714	  0.699	 -0.037
	 -0.701	  0.712	 -0.037
	  0.002	  0.052	  0.998

3 	  42.96	  -0.33	  -0.49
	  0.761	 -0.104	  0.641
	  0.005	  0.988	  0.154
	 -0.650	 -0.114	  0.751

4 	  35.19	   5.98	  -3.29
	  0.226	  0.965	 -0.130
	 -0.590	  0.241	  0.770
	  0.775	 -0.097	  0.624

5 	  40.96	  11.16	   6.42
	  0.772	  0.563	  0.294
	  0.200	 -0.654	  0.729
	  0.603	 -0.505	 -0.617

6 	  46.27	  10.27	  -2.57
	  0.247	 -0.223	 -0.943
	  0.959	  0.194	  0.205
	  0.137	 -0.955	  0.261

7 	  35.49	  -6.13	  -3.78
	  0.121	 -0.942	 -0.312
	  0.798	  0.278	 -0.534
	  0.590	 -0.185	  0.786

8 	  38.94	 -15.42	   1.39
	  0.542	 -0.837	 -0.069
	 -0.612	 -0.336	 -0.716
	  0.578	  0.431	 -0.693

9 	  46.23	 -15.80	  -7.79
	  0.536	  0.239	 -0.809
	 -0.797	  0.460	 -0.392
	  0.278	  0.855	  0.437

2 	  32.70	  -8.82	  22.75
	  0.714	  0.699	 -0.037
	 -0.701	  0.712	 -0.037
	  0.002	  0.052	  0.998

3 	  43.15	  -0.40	  -0.33
	  0.739	 -0.112	  0.665
	  0.015	  0.989	  0.150
	 -0.674	 -0.101	  0.732

4 	  35.54	   5.94	  -3.48
	  0.262	  0.954	 -0.144
	 -0.588	  0.276	  0.760
	  0.765	 -0.115	  0.633

5 	  41.22	  11.18	   6.19
	  0.793	  0.514	  0.326
	  0.091	 -0.630	  0.771
	  0.603	 -0.582	 -0.546

6 	  46.97	   9.28	  -2.16
	  0.299	 -0.332	 -0.895
	  0.953	  0.137	  0.268
	  0.033	 -0.933	  0.358

7 	  35.70	  -6.17	  -3.80
	  0.142	 -0.939	 -0.314
	  0.801	  0.295	 -0.521
	  0.581	 -0.178	  0.794

8 	  38.99	 -15.61	   0.69
	  0.563	 -0.824	 -0.065
	 -0.506	 -0.280	 -0.816
	  0.655	  0.492	 -0.574

9 	  47.43	 -13.85	  -6.61
	  0.633	  0.454	 -0.627
	 -0.749	  0.567	 -0.344
	  0.198	  0.687	  0.699

2 	  32.70	  -8.82	  22.75
	  0.714	  0.699	 -0.037
	 -0.701	  0.712	 -0.037
	  0.002	  0.052	  0.998

3 	  43.31	  -0.40	  -0.23
	  0.720	 -0.114	  0.684
	  0.023	  0.990	  0.140
	 -0.694	 -0.086	  0.715

4 	  35.95	   5.98	  -3.64
	  0.289	  0.946	 -0.143
	 -0.597	  0.295	  0.746
	  0.748	 -0.130	  0.650

5 	  41.24	  11.16	   6.22
	  0.790	  0.469	  0.394
	 -0.042	 -0.600	  0.799
	  0.612	 -0.647	 -0.454

6 	  47.71	   8.24	  -1.12
	  0.375	 -0.418	 -0.828
	  0.926	  0.115	  0.360
	 -0.057	 -0.901	  0.431

7 	  36.05	  -6.24	  -3.78
	  0.186	 -0.932	 -0.311
	  0.797	  0.328	 -0.507
	  0.574	 -0.154	  0.804

8 	  39.23	 -15.66	   0.63
	  0.584	 -0.812	 -0.017
	 -0.389	 -0.260	 -0.884
	  0.713	  0.522	 -0.467

9 	  48.46	 -12.59	  -4.52
	  0.701	  0.583	 -0.411
	 -0.714	  0.590	 -0.378
	  0.020	  0.558	  0.830

2 	  32.70	  -8.82	  22.75
	  0.714	  0.699	 -0.037
	 -0.701	  0.712	 -0.037
	  0.002	  0.052	  0.998

3 	  43.59	  -0.54	  -0.09
	  0.703	 -0.118	  0.701
	  0.032	  0.990	  0.135
	 -0.711	 -0.073	  0.699

4 	  36.37	   6.03	  -3.71
	  0.316	  0.941	 -0.123
	 -0.619	  0.302	  0.724
	  0.719	 -0.152	  0.677

5 	  41.20	  11.02	   6.49
	  0.764	  0.431	  0.479
	 -0.170	 -0.584	  0.793
	  0.623	 -0.687	 -0.374

6 	  48.32	   7.47	   0.25
	  0.456	 -0.476	 -0.752
	  0.882	  0.126	  0.454
	 -0.124	 -0.870	  0.478

7 	  36.30	  -6.28	  -3.83
	  0.221	 -0.921	 -0.319
	  0.790	  0.361	 -0.495
	  0.572	 -0.143	  0.807

8 	  39.41	 -15.80	   0.51
	  0.592	 -0.806	  0.015
	 -0.310	 -0.244	 -0.919
	  0.744	  0.539	 -0.393

9 	  48.94	 -11.97	  -2.60
	  0.720	  0.657	 -0.222
	 -0.692	  0.647	 -0.321
	 -0.069	  0.384	  0.921

2 	  32.70	  -8.82	  22.75
	  0.714	  0.699	 -0.037
	 -0.701	  0.712	 -0.038
	  0.001	  0.052	  0.998

3 	  43.77	  -0.60	  -0.02
	  0.691	 -0.119	  0.713
	  0.039	  0.991	  0.127
	 -0.722	 -0.060	  0.689

4 	  36.69	   6.05	  -3.76
	  0.325	  0.939	 -0.107
	 -0.642	  0.301	  0.705
	  0.695	 -0.160	  0.701

5 	  40.92	  11.06	   6.71
	  0.721	  0.415	  0.555
	 -0.281	 -0.559	  0.780
	  0.635	 -0.717	 -0.287

6 	  48.60	   6.80	   1.62
	  0.525	 -0.543	 -0.655
	  0.840	  0.211	  0.498
	 -0.135	 -0.811	  0.569

7 	  36.56	  -6.38	  -3.83
	  0.271	 -0.910	 -0.314
	  0.771	  0.400	 -0.495
	  0.577	 -0.109	  0.809

8 	  39.69	 -15.84	   0.72
	  0.611	 -0.789	  0.061
	 -0.233	 -0.253	 -0.939
	  0.757	  0.559	 -0.338

9 	  49.06	 -11.13	  -1.21
	  0.674	  0.729	 -0.112
	 -0.731	  0.637	 -0.246
	 -0.111	  0.247	  0.963

2 	  32.70	  -8.82	  22.75
	  0.714	  0.699	 -0.037
	 -0.701	  0.712	 -0.038
	  0.001	  0.052	  0.998

3 	  43.91	  -0.58	   0.14
	  0.681	 -0.110	  0.723
	  0.037	  0.992	  0.116
	 -0.731	 -0.052	  0.680

4 	  36.98	   6.06	  -3.78
	  0.331	  0.939	 -0.088
	 -0.664	  0.297	  0.686
	  0.672	 -0.169	  0.721

5 	  40.76	  11.06	   6.93
	  0.680	  0.401	  0.613
	 -0.366	 -0.541	  0.757
	  0.637	 -0.739	 -0.222

6 	  48.80	   6.29	   2.76
	  0.571	 -0.594	 -0.567
	  0.808	  0.285	  0.515
	 -0.147	 -0.752	  0.643

7 	  36.88	  -6.45	  -3.85
	  0.311	 -0.900	 -0.303
	  0.768	  0.426	 -0.478
	  0.560	 -0.085	  0.824

8 	  40.10	 -15.79	   1.02
	  0.626	 -0.773	  0.106
	 -0.170	 -0.267	 -0.949
	  0.762	  0.575	 -0.298

9 	  49.29	 -10.72	  -0.44
	  0.657	  0.751	 -0.058
	 -0.745	  0.633	 -0.211
	 -0.123	  0.181	  0.976

2 	  32.71	  -8.82	  22.75
	  0.714	  0.699	 -0.037
	 -0.701	  0.712	 -0.037
	  0.002	  0.052	  0.998

3 	  44.05	  -0.58	   0.25
	  0.673	 -0.106	  0.732
	  0.037	  0.993	  0.109
	 -0.739	 -0.047	  0.672

4 	  37.12	   6.06	  -3.78
	  0.330	  0.940	 -0.081
	 -0.674	  0.294	  0.677
	  0.661	 -0.169	  0.731

5 	  40.76	  11.09	   6.96
	  0.667	  0.397	  0.630
	 -0.401	 -0.524	  0.752
	  0.630	 -0.753	 -0.191

6 	  48.85	   6.12	   3.02
	  0.578	 -0.615	 -0.536
	  0.804	  0.317	  0.502
	 -0.141	 -0.721	  0.678

7 	  37.14	  -6.50	  -3.88
	  0.333	 -0.897	 -0.291
	  0.772	  0.436	 -0.462
	  0.542	 -0.072	  0.837

8 	  40.36	 -15.71	   1.34
	  0.634	 -0.760	  0.142
	 -0.136	 -0.290	 -0.947
	  0.762	  0.580	 -0.287

9 	  49.54	 -10.56	   0.19
	  0.652	  0.757	 -0.039
	 -0.744	  0.628	 -0.228
	 -0.151	  0.176	  0.973

2 	  32.71	  -8.82	  22.75
	  0.714	  0.699	 -0.037
	 -0.701	  0.712	 -0.038
	  0.001	  0.052	  0.998

3 	  44.12	  -0.56	   0.33
	  0.669	 -0.101	  0.736
	  0.030	  0.993	  0.109
	 -0.742	 -0.051	  0.668

4 	  37.20	   6.06	  -3.78
	  0.324	  0.943	 -0.075
	 -0.683	  0.287	  0.671
	  0.655	 -0.165	  0.737

5 	  40.62	  11.14	   7.03
	  0.649	  0.405	  0.644
	 -0.417	 -0.521	  0.745
	  0.639	 -0.750	 -0.170

6 	  48.87	   6.13	   3.62
	  0.608	 -0.623	 -0.492
	  0.786	  0.384	  0.484
	 -0.114	 -0.681	  0.723

7 	  37.34	  -6.59	  -3.83
	  0.346	 -0.904	 -0.252
	  0.786	  0.425	 -0.448
	  0.512	 -0.044	  0.857

8 	  40.22	 -15.47	   2.53
	  0.618	 -0.749	  0.241
	 -0.095	 -0.375	 -0.922
	  0.781	  0.546	 -0.302

9 	  49.54	 -10.44	   1.76
	  0.671	  0.739	 -0.062
	 -0.713	  0.619	 -0.330
	 -0.209	  0.265	  0.941

2 	  32.71	  -8.82	  22.75
	  0.714	  0.699	 -0.037
	 -0.701	  0.712	 -0.038
	  0.001	  0.052	  0.998

3 	  44.16	  -0.51	   0.37
	  0.670	 -0.094	  0.736
	  0.025	  0.994	  0.104
	 -0.742	 -0.052	  0.668

4 	  37.20	   6.10	  -3.74
	  0.315	  0.946	 -0.070
	 -0.690	  0.278	  0.668
	  0.652	 -0.162	  0.740

5 	  40.29	  11.21	   7.17
	  0.620	  0.417	  0.664
	 -0.432	 -0.527	  0.732
	  0.657	 -0.740	 -0.147

6 	  48.87	   6.31	   4.17
	  0.647	 -0.619	 -0.444
	  0.758	  0.465	  0.457
	 -0.077	 -0.632	  0.771

7 	  37.42	  -6.64	  -3.71
	  0.360	 -0.911	 -0.200
	  0.799	  0.411	 -0.439
	  0.482	 -0.002	  0.876

8 	  40.08	 -15.17	   3.45
	  0.607	 -0.726	  0.322
	 -0.041	 -0.433	 -0.901
	  0.793	  0.534	 -0.293

9 	  49.52	 -10.30	   3.02
	  0.690	  0.722	 -0.047
	 -0.685	  0.630	 -0.365
	 -0.237	  0.283	  0.929

2 	  32.71	  -8.82	  22.75
	  0.714	  0.699	 -0.037
	 -0.701	  0.712	 -0.037
	  0.002	  0.052	  0.998

3 	  44.14	  -0.40	   0.44
	  0.669	 -0.078	  0.739
	  0.012	  0.995	  0.095
	 -0.743	 -0.055	  0.667

4 	  37.12	   6.12	  -3.71
	  0.296	  0.953	 -0.065
	 -0.701	  0.262	  0.663
	  0.649	 -0.151	  0.745

5 	  40.04	  11.25	   7.28
	  0.598	  0.426	  0.679
	 -0.438	 -0.537	  0.721
	  0.673	 -0.727	 -0.135

6 	  48.85	   6.47	   4.59
	  0.675	 -0.612	 -0.412
	  0.732	  0.488	  0.475
	 -0.091	 -0.622	  0.777

7 	  37.49	  -6.66	  -3.67
	  0.372	 -0.909	 -0.188
	  0.797	  0.416	 -0.437
	  0.476	  0.012	  0.879

8 	  40.11	 -15.15	   3.53
	  0.602	 -0.721	  0.343
	 -0.008	 -0.435	 -0.900
	  0.798	  0.539	 -0.268

9 	  49.54	 -10.25	   3.52
	  0.690	  0.723	 -0.011
	 -0.680	  0.640	 -0.359
	 -0.256	  0.254	  0.932

2 	  32.70	  -8.82	  22.75
	  0.714	  0.699	 -0.037
	 -0.701	  0.712	 -0.038
	  0.001	  0.052	  0.998

3 	  44.14	  -0.39	   0.47
	  0.668	 -0.078	  0.740
	  0.010	  0.995	  0.097
	 -0.744	 -0.058	  0.665

4 	  37.12	   6.15	  -3.69
	  0.300	  0.952	 -0.062
	 -0.699	  0.263	  0.665
	  0.650	 -0.155	  0.743

5 	  40.15	  11.29	   7.28
	  0.605	  0.421	  0.676
	 -0.439	 -0.533	  0.723
	  0.666	 -0.733	 -0.138

6 	  48.90	   6.42	   4.46
	  0.663	 -0.618	 -0.422
	  0.743	  0.475	  0.470
	 -0.092	 -0.625	  0.775

7 	  37.49	  -6.66	  -3.69
	  0.373	 -0.907	 -0.194
	  0.796	  0.419	 -0.436
	  0.478	  0.008	  0.878

8 	  40.18	 -15.22	   3.38
	  0.608	 -0.722	  0.331
	 -0.006	 -0.422	 -0.907
	  0.794	  0.548	 -0.261

9 	  49.50	 -10.18	   3.32
	  0.677	  0.735	 -0.009
	 -0.696	  0.635	 -0.335
	 -0.244	  0.233	  0.941

2 	  32.70	  -8.82	  22.75
	  0.714	  0.699	 -0.037
	 -0.701	  0.712	 -0.038
	  0.001	  0.052	  0.998

3 	  44.12	  -0.39	   0.47
	  0.668	 -0.079	  0.739
	  0.009	  0.995	  0.099
	 -0.744	 -0.060	  0.666

4 	  37.09	   6.17	  -3.66
	  0.300	  0.952	 -0.064
	 -0.696	  0.263	  0.668
	  0.653	 -0.156	  0.741

5 	  40.18	  11.30	   7.28
	  0.608	  0.422	  0.673
	 -0.437	 -0.531	  0.726
	  0.665	 -0.733	 -0.140

6 	  48.90	   6.42	   4.43
	  0.661	 -0.619	 -0.424
	  0.745	  0.475	  0.469
	 -0.090	 -0.626	  0.775

7 	  37.48	  -6.64	  -3.71
	  0.374	 -0.905	 -0.202
	  0.792	  0.425	 -0.437
	  0.482	  0.003	  0.876

8 	  40.22	 -15.26	   3.22
	  0.613	 -0.722	  0.320
	 -0.010	 -0.413	 -0.911
	  0.790	  0.555	 -0.261

9 	  49.52	 -10.09	   3.22
	  0.670	  0.742	 -0.006
	 -0.705	  0.633	 -0.319
	 -0.236	  0.217	  0.947

