2 	  46.97	   0.09	   4.27
	  0.035	 -0.889	  0.457
	  0.352	  0.438	  0.827
	 -0.935	  0.132	  0.328

3 	  45.09	   0.04	   1.86
	  0.530	 -0.068	  0.845
	 -0.167	  0.969	  0.182
	 -0.832	 -0.237	  0.501

4 	  39.20	   6.91	  -2.85
	  0.393	  0.918	  0.050
	 -0.750	  0.287	  0.596
	  0.534	 -0.271	  0.800

5 	  45.40	   8.79	   8.38
	  0.777	  0.101	  0.621
	 -0.494	 -0.515	  0.700
	  0.392	 -0.850	 -0.351

6 	  55.28	   7.37	  11.41
	  0.946	 -0.186	  0.265
	 -0.038	  0.748	  0.663
	 -0.322	 -0.639	  0.699

7 	  40.71	  -7.29	  -2.88
	  0.443	 -0.895	  0.050
	  0.873	  0.417	 -0.252
	  0.205	  0.154	  0.966

8 	  42.71	 -10.51	   9.44
	  0.573	 -0.112	  0.812
	  0.485	 -0.753	 -0.445
	  0.662	  0.648	 -0.377

9 	  52.31	  -4.52	  11.46
	  0.771	  0.608	  0.185
	 -0.480	  0.746	 -0.461
	 -0.423	  0.268	  0.866

2 	  46.93	  -0.09	   4.38
	 -0.097	 -0.830	  0.549
	  0.396	  0.474	  0.786
	 -0.913	  0.294	  0.283

3 	  45.07	   0.04	   1.86
	  0.530	 -0.068	  0.845
	 -0.167	  0.969	  0.182
	 -0.832	 -0.238	  0.502

4 	  39.18	   6.93	  -2.85
	  0.392	  0.918	  0.052
	 -0.749	  0.285	  0.597
	  0.535	 -0.273	  0.799

5 	  45.40	   8.77	   8.38
	  0.778	  0.098	  0.620
	 -0.495	 -0.514	  0.701
	  0.389	 -0.852	 -0.351

6 	  55.28	   7.37	  11.41
	  0.946	 -0.185	  0.265
	 -0.039	  0.748	  0.662
	 -0.322	 -0.639	  0.699

7 	  40.73	  -7.31	  -2.88
	  0.445	 -0.894	  0.049
	  0.872	  0.419	 -0.252
	  0.205	  0.155	  0.966

8 	  42.73	 -10.51	   9.42
	  0.573	 -0.112	  0.812
	  0.486	 -0.751	 -0.446
	  0.661	  0.649	 -0.376

9 	  52.29	  -4.50	  11.46
	  0.771	  0.608	  0.186
	 -0.481	  0.747	 -0.459
	 -0.423	  0.266	  0.866

2 	  46.74	   0.35	   3.88
	  0.222	 -0.938	  0.265
	  0.599	  0.344	  0.722
	 -0.770	 -0.000	  0.637

3 	  45.07	   0.07	   1.88
	  0.528	 -0.067	  0.846
	 -0.170	  0.969	  0.181
	 -0.832	 -0.239	  0.500

4 	  39.20	   6.94	  -2.85
	  0.392	  0.918	  0.055
	 -0.750	  0.283	  0.598
	  0.534	 -0.275	  0.799

5 	  45.40	   8.77	   8.40
	  0.778	  0.097	  0.621
	 -0.494	 -0.518	  0.698
	  0.391	 -0.849	 -0.355

6 	  55.28	   7.37	  11.43
	  0.946	 -0.185	  0.265
	 -0.040	  0.747	  0.663
	 -0.321	 -0.640	  0.698

7 	  40.75	  -7.26	  -2.90
	  0.447	 -0.893	  0.048
	  0.871	  0.421	 -0.252
	  0.205	  0.154	  0.966

8 	  42.73	 -10.49	   9.40
	  0.571	 -0.114	  0.812
	  0.487	 -0.750	 -0.447
	  0.662	  0.650	 -0.373

9 	  52.31	  -4.50	  11.46
	  0.770	  0.609	  0.188
	 -0.482	  0.748	 -0.457
	 -0.423	  0.262	  0.867

2 	  47.00	   0.54	   4.29
	  0.136	 -0.958	  0.252
	  0.357	  0.284	  0.890
	 -0.924	 -0.031	  0.380

3 	  45.07	   0.12	   1.90
	  0.527	 -0.068	  0.847
	 -0.169	  0.969	  0.181
	 -0.833	 -0.238	  0.499

4 	  39.18	   6.98	  -2.81
	  0.390	  0.919	  0.058
	 -0.751	  0.279	  0.598
	  0.535	 -0.276	  0.798

5 	  45.39	   8.77	   8.42
	  0.778	  0.096	  0.620
	 -0.493	 -0.520	  0.698
	  0.391	 -0.848	 -0.358

6 	  55.27	   7.35	  11.43
	  0.947	 -0.185	  0.263
	 -0.039	  0.745	  0.665
	 -0.320	 -0.642	  0.696

7 	  40.75	  -7.24	  -2.92
	  0.448	 -0.893	  0.047
	  0.870	  0.423	 -0.252
	  0.205	  0.153	  0.966

8 	  42.75	 -10.49	   9.40
	  0.571	 -0.116	  0.812
	  0.487	 -0.750	 -0.448
	  0.662	  0.650	 -0.371

9 	  52.31	  -4.48	  11.46
	  0.770	  0.608	  0.191
	 -0.481	  0.749	 -0.455
	 -0.424	  0.260	  0.868

2 	  46.95	   0.11	   4.39
	 -0.111	 -0.875	  0.471
	  0.393	  0.396	  0.829
	 -0.913	  0.277	  0.300

3 	  45.07	   0.12	   1.90
	  0.528	 -0.068	  0.846
	 -0.170	  0.968	  0.182
	 -0.832	 -0.240	  0.499

4 	  39.16	   6.98	  -2.81
	  0.390	  0.919	  0.059
	 -0.750	  0.279	  0.599
	  0.535	 -0.278	  0.797

5 	  45.39	   8.79	   8.42
	  0.780	  0.095	  0.619
	 -0.493	 -0.518	  0.699
	  0.388	 -0.849	 -0.358

6 	  55.27	   7.33	  11.43
	  0.947	 -0.186	  0.263
	 -0.039	  0.745	  0.666
	 -0.320	 -0.642	  0.696

7 	  40.76	  -7.22	  -2.92
	  0.449	 -0.892	  0.048
	  0.870	  0.424	 -0.252
	  0.205	  0.155	  0.966

8 	  42.75	 -10.49	   9.39
	  0.571	 -0.116	  0.812
	  0.487	 -0.749	 -0.449
	  0.662	  0.651	 -0.371

9 	  52.31	  -4.48	  11.46
	  0.769	  0.609	  0.191
	 -0.482	  0.749	 -0.454
	 -0.424	  0.258	  0.868

2 	  44.61	  -0.04	  -1.65
	  0.093	 -0.995	 -0.043
	  0.680	  0.031	  0.733
	 -0.728	 -0.097	  0.679

3 	  45.09	   0.07	   1.81
	  0.573	 -0.070	  0.816
	 -0.163	  0.967	  0.196
	 -0.804	 -0.245	  0.542

4 	  39.15	   6.93	  -2.83
	  0.395	  0.917	  0.056
	 -0.747	  0.284	  0.601
	  0.536	 -0.279	  0.797

5 	  45.40	   8.75	   8.40
	  0.779	  0.095	  0.619
	 -0.494	 -0.516	  0.700
	  0.387	 -0.850	 -0.356

6 	  55.28	   7.35	  11.41
	  0.947	 -0.184	  0.263
	 -0.039	  0.748	  0.663
	 -0.320	 -0.640	  0.699

7 	  40.71	  -7.29	  -2.88
	  0.445	 -0.894	  0.051
	  0.871	  0.418	 -0.257
	  0.209	  0.158	  0.965

8 	  42.71	 -10.49	   9.42
	  0.571	 -0.114	  0.813
	  0.486	 -0.752	 -0.445
	  0.663	  0.648	 -0.374

9 	  52.31	  -4.50	  11.46
	  0.771	  0.608	  0.188
	 -0.479	  0.747	 -0.460
	 -0.424	  0.266	  0.866

2 	  44.53	  -0.67	  -1.48
	 -0.233	 -0.938	  0.255
	  0.686	  0.028	  0.727
	 -0.690	  0.343	  0.637

3 	  45.12	   0.09	   1.79
	  0.572	 -0.083	  0.816
	 -0.161	  0.964	  0.210
	 -0.804	 -0.251	  0.538

4 	  39.15	   6.93	  -2.83
	  0.396	  0.916	  0.054
	 -0.745	  0.285	  0.602
	  0.537	 -0.279	  0.796

5 	  45.39	   8.74	   8.38
	  0.779	  0.094	  0.619
	 -0.494	 -0.516	  0.699
	  0.386	 -0.851	 -0.356

6 	  55.28	   7.35	  11.41
	  0.946	 -0.184	  0.265
	 -0.040	  0.748	  0.662
	 -0.321	 -0.639	  0.699

7 	  40.73	  -7.29	  -2.90
	  0.444	 -0.895	  0.047
	  0.871	  0.419	 -0.255
	  0.209	  0.154	  0.966

8 	  42.73	 -10.49	   9.42
	  0.571	 -0.112	  0.813
	  0.486	 -0.752	 -0.445
	  0.663	  0.648	 -0.375

9 	  52.29	  -4.50	  11.46
	  0.771	  0.608	  0.188
	 -0.480	  0.747	 -0.459
	 -0.424	  0.264	  0.866

2 	  44.51	   0.05	  -1.76
	  0.069	 -0.995	 -0.078
	  0.778	  0.004	  0.628
	 -0.625	 -0.104	  0.774

3 	  45.14	   0.14	   1.78
	  0.564	 -0.089	  0.821
	 -0.165	  0.962	  0.216
	 -0.809	 -0.257	  0.527

4 	  39.15	   6.94	  -2.83
	  0.397	  0.916	  0.053
	 -0.745	  0.287	  0.603
	  0.538	 -0.278	  0.795

5 	  45.40	   8.74	   8.38
	  0.779	  0.092	  0.620
	 -0.494	 -0.518	  0.698
	  0.387	 -0.849	 -0.359

6 	  55.28	   7.33	  11.41
	  0.946	 -0.184	  0.267
	 -0.041	  0.749	  0.661
	 -0.322	 -0.638	  0.699

7 	  40.75	  -7.22	  -2.95
	  0.446	 -0.894	  0.039
	  0.871	  0.423	 -0.249
	  0.206	  0.145	  0.967

8 	  42.71	 -10.46	   9.35
	  0.569	 -0.113	  0.815
	  0.488	 -0.752	 -0.444
	  0.664	  0.649	 -0.372

9 	  52.29	  -4.48	  11.46
	  0.771	  0.607	  0.191
	 -0.480	  0.749	 -0.456
	 -0.424	  0.261	  0.867

2 	  44.86	   0.11	  -1.35
	  0.052	 -0.997	 -0.064
	  0.609	 -0.020	  0.792
	 -0.791	 -0.080	  0.606

3 	  45.16	   0.19	   1.74
	  0.601	 -0.111	  0.791
	 -0.161	  0.953	  0.255
	 -0.783	 -0.280	  0.555

4 	  39.11	   7.00	  -2.85
	  0.405	  0.913	  0.054
	 -0.740	  0.291	  0.606
	  0.539	 -0.285	  0.793

5 	  45.42	   8.68	   8.35
	  0.780	  0.087	  0.619
	 -0.495	 -0.522	  0.695
	  0.385	 -0.848	 -0.365

6 	  55.30	   7.33	  11.39
	  0.946	 -0.180	  0.269
	 -0.044	  0.750	  0.659
	 -0.321	 -0.638	  0.700

7 	  40.75	  -7.21	  -3.01
	  0.448	 -0.893	  0.034
	  0.871	  0.427	 -0.245
	  0.204	  0.139	  0.969

8 	  42.73	 -10.46	   9.33
	  0.568	 -0.111	  0.815
	  0.491	 -0.750	 -0.443
	  0.662	  0.650	 -0.372

9 	  52.26	  -4.38	  11.44
	  0.756	  0.620	  0.207
	 -0.490	  0.745	 -0.454
	 -0.440	  0.242	  0.864

2 	  44.60	  -0.26	  -1.58
	 -0.107	 -0.980	  0.167
	  0.630	  0.064	  0.774
	 -0.769	  0.188	  0.611

3 	  45.11	   0.18	   1.69
	  0.587	 -0.108	  0.802
	 -0.166	  0.954	  0.248
	 -0.793	 -0.278	  0.542

4 	  39.09	   6.98	  -2.87
	  0.409	  0.911	  0.054
	 -0.737	  0.294	  0.608
	  0.539	 -0.287	  0.792

5 	  45.42	   8.60	   8.31
	  0.781	  0.081	  0.618
	 -0.496	 -0.522	  0.694
	  0.380	 -0.848	 -0.368

6 	  55.32	   7.28	  11.39
	  0.945	 -0.176	  0.273
	 -0.049	  0.754	  0.655
	 -0.322	 -0.635	  0.702

7 	  40.76	  -7.19	  -3.04
	  0.458	 -0.889	  0.029
	  0.865	  0.437	 -0.246
	  0.206	  0.137	  0.969

8 	  42.98	 -10.39	   9.25
	  0.573	 -0.097	  0.814
	  0.511	 -0.735	 -0.445
	  0.642	  0.670	 -0.371

9 	  52.37	  -4.08	  11.46
	  0.730	  0.638	  0.244
	 -0.503	  0.742	 -0.444
	 -0.469	  0.202	  0.859

2 	  39.48	  -0.49	  -6.29
	  0.603	 -0.674	 -0.427
	  0.591	  0.736	 -0.329
	  0.537	 -0.054	  0.841

3 	  45.33	   0.02	   2.20
	  0.471	 -0.068	  0.879
	 -0.194	  0.965	  0.177
	 -0.861	 -0.253	  0.441

4 	  39.64	   6.70	  -3.13
	  0.365	  0.929	  0.062
	 -0.813	  0.284	  0.508
	  0.455	 -0.236	  0.858

5 	  45.47	   8.74	   8.35
	  0.770	  0.104	  0.629
	 -0.509	 -0.496	  0.703
	  0.386	 -0.861	 -0.330

6 	  55.35	   7.33	  11.43
	  0.945	 -0.183	  0.270
	 -0.042	  0.752	  0.658
	 -0.324	 -0.635	  0.701

7 	  41.47	  -7.29	  -2.92
	  0.455	 -0.888	  0.073
	  0.882	  0.437	 -0.176
	  0.124	  0.144	  0.982

8 	  42.93	 -10.60	   9.46
	  0.534	 -0.104	  0.839
	  0.528	 -0.735	 -0.425
	  0.662	  0.669	 -0.337

9 	  52.40	  -4.52	  11.62
	  0.753	  0.633	  0.178
	 -0.471	  0.704	 -0.531
	 -0.467	  0.318	  0.825

2 	  39.78	  -1.02	  -6.31
	  0.698	 -0.713	 -0.064
	  0.624	  0.649	 -0.436
	  0.353	  0.264	  0.897

3 	  45.32	   0.04	   2.20
	  0.470	 -0.070	  0.880
	 -0.195	  0.964	  0.179
	 -0.861	 -0.255	  0.439

4 	  39.62	   6.71	  -3.11
	  0.366	  0.928	  0.063
	 -0.812	  0.285	  0.509
	  0.455	 -0.237	  0.858

5 	  45.49	   8.74	   8.33
	  0.771	  0.104	  0.628
	 -0.509	 -0.496	  0.704
	  0.386	 -0.862	 -0.330

6 	  55.35	   7.29	  11.43
	  0.945	 -0.183	  0.271
	 -0.043	  0.753	  0.656
	 -0.324	 -0.634	  0.702

7 	  41.45	  -7.29	  -2.94
	  0.456	 -0.887	  0.072
	  0.881	  0.439	 -0.174
	  0.123	  0.142	  0.982

8 	  42.93	 -10.60	   9.46
	  0.534	 -0.103	  0.839
	  0.528	 -0.735	 -0.425
	  0.662	  0.669	 -0.337

9 	  52.40	  -4.52	  11.62
	  0.752	  0.634	  0.177
	 -0.472	  0.703	 -0.532
	 -0.467	  0.318	  0.825

2 	  39.01	  -0.83	  -6.03
	  0.514	 -0.689	 -0.511
	  0.382	  0.716	 -0.584
	  0.769	  0.105	  0.630

3 	  45.30	   0.02	   2.21
	  0.472	 -0.070	  0.878
	 -0.195	  0.964	  0.180
	 -0.860	 -0.256	  0.441

4 	  39.59	   6.70	  -3.11
	  0.368	  0.928	  0.061
	 -0.811	  0.287	  0.510
	  0.457	 -0.236	  0.857

5 	  45.49	   8.72	   8.31
	  0.772	  0.103	  0.627
	 -0.508	 -0.496	  0.704
	  0.385	 -0.862	 -0.331

6 	  55.37	   7.28	  11.41
	  0.944	 -0.182	  0.273
	 -0.044	  0.755	  0.654
	 -0.326	 -0.632	  0.703

7 	  41.45	  -7.31	  -2.95
	  0.458	 -0.886	  0.070
	  0.880	  0.442	 -0.172
	  0.121	  0.140	  0.982

8 	  42.91	 -10.58	   9.46
	  0.534	 -0.102	  0.839
	  0.528	 -0.735	 -0.425
	  0.661	  0.669	 -0.339

9 	  52.38	  -4.52	  11.62
	  0.752	  0.634	  0.177
	 -0.472	  0.703	 -0.532
	 -0.468	  0.318	  0.824

2 	  39.39	  -0.07	  -6.19
	  0.541	 -0.598	 -0.592
	  0.636	  0.750	 -0.178
	  0.552	 -0.280	  0.785

3 	  45.33	   0.02	   2.18
	  0.477	 -0.069	  0.876
	 -0.194	  0.964	  0.180
	 -0.857	 -0.256	  0.447

4 	  39.60	   6.70	  -3.13
	  0.369	  0.928	  0.059
	 -0.809	  0.288	  0.511
	  0.459	 -0.235	  0.857

5 	  45.49	   8.70	   8.30
	  0.772	  0.103	  0.627
	 -0.508	 -0.495	  0.705
	  0.384	 -0.862	 -0.330

6 	  55.39	   7.28	  11.41
	  0.944	 -0.181	  0.275
	 -0.045	  0.756	  0.653
	 -0.327	 -0.631	  0.704

7 	  41.45	  -7.31	  -2.95
	  0.458	 -0.886	  0.068
	  0.880	  0.441	 -0.175
	  0.126	  0.140	  0.982

8 	  42.91	 -10.60	   9.46
	  0.535	 -0.102	  0.838
	  0.527	 -0.736	 -0.425
	  0.662	  0.668	 -0.340

9 	  52.40	  -4.52	  11.62
	  0.751	  0.635	  0.177
	 -0.473	  0.702	 -0.532
	 -0.468	  0.318	  0.825

2 	  39.88	  -0.86	  -6.31
	  0.654	 -0.748	 -0.113
	  0.695	  0.652	 -0.301
	  0.300	  0.118	  0.947

3 	  45.32	  -0.02	   2.18
	  0.472	 -0.070	  0.878
	 -0.195	  0.964	  0.180
	 -0.860	 -0.256	  0.441

4 	  39.60	   6.66	  -3.15
	  0.371	  0.927	  0.055
	 -0.809	  0.293	  0.510
	  0.458	 -0.233	  0.858

5 	  45.51	   8.70	   8.28
	  0.772	  0.104	  0.627
	 -0.509	 -0.492	  0.706
	  0.383	 -0.864	 -0.328

6 	  55.37	   7.24	  11.41
	  0.943	 -0.181	  0.277
	 -0.045	  0.757	  0.651
	 -0.328	 -0.629	  0.705

7 	  41.47	  -7.33	  -2.95
	  0.459	 -0.886	  0.069
	  0.880	  0.442	 -0.174
	  0.123	  0.141	  0.982

8 	  42.91	 -10.58	   9.46
	  0.534	 -0.101	  0.839
	  0.528	 -0.736	 -0.424
	  0.662	  0.668	 -0.339

9 	  52.40	  -4.52	  11.62
	  0.752	  0.635	  0.177
	 -0.472	  0.702	 -0.533
	 -0.468	  0.318	  0.824

2 	  38.53	  -0.90	   0.76
	  0.187	 -0.875	 -0.446
	  0.257	  0.482	 -0.838
	  0.948	  0.042	  0.315

3 	  49.41	   0.09	   3.67
	  0.169	 -0.105	  0.980
	 -0.287	  0.946	  0.149
	 -0.943	 -0.306	  0.129

4 	  46.18	   7.01	  -3.27
	  0.381	  0.894	  0.236
	 -0.914	  0.325	  0.242
	  0.139	 -0.308	  0.941

5 	  47.07	   8.88	  10.21
	  0.552	  0.169	  0.816
	 -0.566	 -0.644	  0.514
	  0.616	 -0.744	 -0.260

6 	  56.81	   7.63	  11.00
	  0.982	 -0.186	  0.014
	  0.148	  0.824	  0.546
	 -0.112	 -0.535	  0.837

7 	  47.48	  -6.87	  -3.25
	  0.462	 -0.877	  0.129
	  0.855	  0.479	  0.199
	 -0.239	  0.019	  0.971

8 	  44.68	 -10.95	   8.49
	  0.173	 -0.162	  0.971
	  0.639	 -0.732	 -0.235
	  0.750	  0.660	 -0.022

9 	  52.68	  -4.15	  11.87
	  0.682	  0.695	  0.226
	 -0.432	  0.629	 -0.647
	 -0.597	  0.344	  0.725

2 	  38.78	  -1.76	   0.86
	  0.533	 -0.844	 -0.052
	  0.253	  0.217	 -0.943
	  0.807	  0.489	  0.329

3 	  49.41	   0.09	   3.66
	  0.165	 -0.106	  0.980
	 -0.288	  0.946	  0.149
	 -0.944	 -0.306	  0.125

4 	  46.18	   7.03	  -3.25
	  0.380	  0.894	  0.237
	 -0.915	  0.325	  0.239
	  0.137	 -0.308	  0.941

5 	  47.07	   8.86	  10.23
	  0.554	  0.167	  0.816
	 -0.566	 -0.645	  0.513
	  0.615	 -0.744	 -0.262

6 	  56.81	   7.63	  10.99
	  0.983	 -0.184	  0.012
	  0.148	  0.825	  0.545
	 -0.110	 -0.534	  0.838

7 	  47.48	  -6.87	  -3.27
	  0.464	 -0.877	  0.128
	  0.854	  0.480	  0.199
	 -0.239	  0.018	  0.971

8 	  44.68	 -10.97	   8.49
	  0.172	 -0.162	  0.971
	  0.640	 -0.732	 -0.234
	  0.750	  0.661	 -0.021

9 	  52.68	  -4.15	  11.87
	  0.682	  0.694	  0.227
	 -0.430	  0.629	 -0.648
	 -0.598	  0.344	  0.723

2 	  38.43	  -1.00	   1.28
	  0.124	 -0.921	 -0.370
	  0.030	  0.377	 -0.926
	  0.992	  0.104	  0.074

3 	  49.31	   0.09	   3.66
	  0.163	 -0.108	  0.980
	 -0.291	  0.945	  0.150
	 -0.943	 -0.309	  0.122

4 	  46.07	   7.00	  -3.27
	  0.380	  0.894	  0.237
	 -0.914	  0.324	  0.243
	  0.140	 -0.309	  0.940

5 	  47.06	   8.84	  10.21
	  0.557	  0.167	  0.813
	 -0.563	 -0.646	  0.515
	  0.615	 -0.742	 -0.265

6 	  56.79	   7.65	  10.97
	  0.983	 -0.182	  0.012
	  0.147	  0.826	  0.543
	 -0.109	 -0.532	  0.839

7 	  47.43	  -6.87	  -3.27
	  0.467	 -0.875	  0.128
	  0.851	  0.484	  0.203
	 -0.242	  0.015	  0.970

8 	  44.65	 -10.93	   8.49
	  0.174	 -0.161	  0.971
	  0.640	 -0.732	 -0.234
	  0.750	  0.661	 -0.023

9 	  52.65	  -4.15	  11.87
	  0.682	  0.695	  0.224
	 -0.431	  0.627	 -0.649
	 -0.598	  0.346	  0.723

2 	  38.51	  -0.26	   0.77
	 -0.029	 -0.797	 -0.603
	  0.399	  0.543	 -0.738
	  0.916	 -0.262	  0.303

3 	  49.31	   0.09	   3.66
	  0.160	 -0.110	  0.981
	 -0.293	  0.944	  0.151
	 -0.943	 -0.311	  0.118

4 	  46.09	   7.01	  -3.25
	  0.380	  0.894	  0.239
	 -0.915	  0.324	  0.240
	  0.137	 -0.310	  0.941

5 	  47.06	   8.84	  10.21
	  0.558	  0.167	  0.813
	 -0.561	 -0.647	  0.515
	  0.616	 -0.741	 -0.267

6 	  56.78	   7.66	  10.99
	  0.983	 -0.182	  0.010
	  0.147	  0.827	  0.542
	 -0.107	 -0.532	  0.840

7 	  47.44	  -6.86	  -3.25
	  0.470	 -0.873	  0.127
	  0.849	  0.486	  0.204
	 -0.243	  0.013	  0.970

8 	  44.65	 -10.93	   8.47
	  0.173	 -0.161	  0.972
	  0.641	 -0.731	 -0.233
	  0.749	  0.662	 -0.022

9 	  52.65	  -4.15	  11.87
	  0.682	  0.696	  0.223
	 -0.432	  0.626	 -0.650
	 -0.598	  0.347	  0.723

2 	  38.58	  -1.30	   0.67
	  0.359	 -0.894	 -0.267
	  0.325	  0.387	 -0.863
	  0.875	  0.223	  0.429

3 	  49.32	   0.11	   3.64
	  0.169	 -0.107	  0.979
	 -0.293	  0.944	  0.152
	 -0.941	 -0.312	  0.128

4 	  46.07	   7.05	  -3.25
	  0.379	  0.894	  0.239
	 -0.915	  0.323	  0.242
	  0.139	 -0.311	  0.940

5 	  47.04	   8.86	  10.21
	  0.559	  0.167	  0.812
	 -0.560	 -0.648	  0.516
	  0.616	 -0.740	 -0.269

6 	  56.78	   7.66	  10.97
	  0.983	 -0.182	  0.010
	  0.147	  0.827	  0.542
	 -0.107	 -0.531	  0.840

7 	  47.44	  -6.84	  -3.29
	  0.472	 -0.873	  0.124
	  0.849	  0.487	  0.202
	 -0.240	  0.011	  0.971

8 	  44.65	 -10.92	   8.47
	  0.174	 -0.162	  0.971
	  0.640	 -0.732	 -0.235
	  0.749	  0.661	 -0.022

9 	  52.65	  -4.15	  11.85
	  0.681	  0.696	  0.225
	 -0.430	  0.626	 -0.650
	 -0.599	  0.346	  0.722

2 	  44.47	   0.32	  -1.99
	 -0.609	 -0.594	 -0.526
	  0.510	 -0.800	  0.316
	 -0.609	 -0.075	  0.789

3 	  45.30	  -0.46	   1.35
	  0.604	 -0.123	  0.787
	 -0.152	  0.952	  0.264
	 -0.782	 -0.279	  0.557

4 	  39.32	   6.28	  -3.52
	  0.454	  0.891	 -0.018
	 -0.707	  0.371	  0.601
	  0.543	 -0.260	  0.798

5 	  46.05	   8.07	   7.29
	  0.787	  0.078	  0.612
	 -0.513	 -0.468	  0.719
	  0.344	 -0.879	 -0.329

6 	  55.67	   6.79	  11.20
	  0.913	 -0.153	  0.377
	 -0.068	  0.855	  0.513
	 -0.401	 -0.496	  0.770

7 	  40.92	  -7.73	  -3.32
	  0.393	 -0.918	  0.043
	  0.912	  0.384	 -0.141
	  0.113	  0.095	  0.989

8 	  42.08	 -10.34	   9.28
	  0.520	 -0.085	  0.850
	  0.429	 -0.835	 -0.344
	  0.740	  0.542	 -0.398

9 	  52.22	  -5.85	  12.22
	  0.826	  0.516	  0.224
	 -0.267	  0.708	 -0.653
	 -0.500	  0.483	  0.719

2 	  44.40	  -0.09	  -1.79
	 -0.723	 -0.521	 -0.453
	  0.309	 -0.830	  0.465
	 -0.619	  0.197	  0.760

3 	  45.30	  -0.47	   1.35
	  0.608	 -0.119	  0.785
	 -0.151	  0.953	  0.260
	 -0.780	 -0.276	  0.562

4 	  39.30	   6.28	  -3.50
	  0.454	  0.891	 -0.020
	 -0.708	  0.373	  0.600
	  0.543	 -0.258	  0.799

5 	  46.04	   8.07	   7.28
	  0.788	  0.078	  0.610
	 -0.514	 -0.465	  0.721
	  0.341	 -0.881	 -0.327

6 	  55.69	   6.79	  11.20
	  0.913	 -0.154	  0.377
	 -0.068	  0.855	  0.513
	 -0.402	 -0.496	  0.770

7 	  40.92	  -7.73	  -3.32
	  0.392	 -0.919	  0.043
	  0.913	  0.383	 -0.141
	  0.113	  0.094	  0.989

8 	  42.06	 -10.30	   9.28
	  0.519	 -0.083	  0.851
	  0.430	 -0.835	 -0.343
	  0.740	  0.542	 -0.397

9 	  52.21	  -5.87	  12.22
	  0.827	  0.515	  0.222
	 -0.267	  0.708	 -0.654
	 -0.499	  0.484	  0.719

2 	  44.19	   0.49	  -2.07
	 -0.722	 -0.511	 -0.466
	  0.501	 -0.850	  0.160
	 -0.480	 -0.117	  0.869

3 	  45.30	  -0.40	   1.32
	  0.619	 -0.126	  0.775
	 -0.150	  0.950	  0.273
	 -0.771	 -0.285	  0.569

4 	  39.30	   6.33	  -3.48
	  0.455	  0.891	 -0.015
	 -0.706	  0.369	  0.604
	  0.545	 -0.263	  0.796

5 	  46.04	   8.07	   7.29
	  0.789	  0.076	  0.609
	 -0.512	 -0.469	  0.719
	  0.341	 -0.879	 -0.332

6 	  55.67	   6.80	  11.20
	  0.914	 -0.153	  0.375
	 -0.068	  0.854	  0.515
	 -0.400	 -0.499	  0.769

7 	  40.94	  -7.70	  -3.34
	  0.393	 -0.919	  0.041
	  0.912	  0.384	 -0.142
	  0.115	  0.093	  0.989

8 	  42.06	 -10.28	   9.26
	  0.519	 -0.085	  0.851
	  0.429	 -0.835	 -0.344
	  0.740	  0.542	 -0.397

9 	  52.22	  -5.85	  12.23
	  0.827	  0.515	  0.225
	 -0.266	  0.709	 -0.653
	 -0.500	  0.482	  0.719

2 	  44.53	   0.79	  -1.90
	 -0.546	 -0.493	 -0.677
	  0.572	 -0.810	  0.131
	 -0.614	 -0.315	  0.723

3 	  45.33	  -0.40	   1.32
	  0.604	 -0.148	  0.783
	 -0.142	  0.947	  0.288
	 -0.785	 -0.285	  0.551

4 	  39.30	   6.33	  -3.50
	  0.452	  0.892	 -0.017
	 -0.706	  0.369	  0.604
	  0.546	 -0.260	  0.796

5 	  46.04	   8.09	   7.31
	  0.788	  0.075	  0.610
	 -0.512	 -0.472	  0.718
	  0.343	 -0.878	 -0.334

6 	  55.69	   6.80	  11.20
	  0.913	 -0.155	  0.376
	 -0.068	  0.854	  0.515
	 -0.401	 -0.498	  0.769

7 	  40.97	  -7.68	  -3.38
	  0.392	 -0.919	  0.039
	  0.913	  0.384	 -0.140
	  0.113	  0.090	  0.989

8 	  42.08	 -10.28	   9.25
	  0.518	 -0.085	  0.851
	  0.427	 -0.837	 -0.343
	  0.742	  0.540	 -0.397

9 	  52.22	  -5.85	  12.22
	  0.827	  0.514	  0.226
	 -0.265	  0.710	 -0.653
	 -0.500	  0.482	  0.719

2 	  44.49	   0.54	  -1.95
	 -0.599	 -0.548	 -0.583
	  0.523	 -0.819	  0.235
	 -0.608	 -0.164	  0.776

3 	  45.35	  -0.42	   1.30
	  0.605	 -0.140	  0.784
	 -0.147	  0.948	  0.281
	 -0.783	 -0.285	  0.553

4 	  39.30	   6.33	  -3.50
	  0.450	  0.893	 -0.020
	 -0.708	  0.369	  0.602
	  0.546	 -0.256	  0.797

5 	  46.05	   8.10	   7.28
	  0.789	  0.074	  0.609
	 -0.511	 -0.473	  0.718
	  0.342	 -0.878	 -0.336

6 	  55.67	   6.80	  11.18
	  0.913	 -0.155	  0.376
	 -0.068	  0.853	  0.517
	 -0.402	 -0.500	  0.767

7 	  40.97	  -7.66	  -3.39
	  0.391	 -0.919	  0.038
	  0.913	  0.383	 -0.141
	  0.115	  0.090	  0.989

8 	  42.03	 -10.27	   9.21
	  0.515	 -0.085	  0.853
	  0.427	 -0.838	 -0.339
	  0.745	  0.538	 -0.395

9 	  52.19	  -5.85	  12.22
	  0.828	  0.512	  0.227
	 -0.263	  0.711	 -0.653
	 -0.500	  0.483	  0.719

2 	  41.94	   4.66	  -2.65
	  0.772	 -0.456	  0.441
	  0.436	  0.886	  0.155
	 -0.464	  0.072	  0.883

3 	  45.21	   0.18	   1.63
	  0.533	 -0.078	  0.842
	 -0.226	  0.946	  0.230
	 -0.815	 -0.313	  0.487

4 	  38.99	   6.82	  -2.78
	  0.421	  0.907	  0.019
	 -0.777	  0.348	  0.523
	  0.469	 -0.235	  0.851

5 	  45.63	   8.37	   8.17
	  0.808	  0.064	  0.585
	 -0.468	 -0.532	  0.705
	  0.358	 -0.843	 -0.401

6 	  55.51	   7.03	  11.32
	  0.939	 -0.163	  0.303
	 -0.048	  0.808	  0.586
	 -0.341	 -0.567	  0.750

7 	  41.15	  -7.07	  -3.60
	  0.429	 -0.903	  0.007
	  0.893	  0.423	 -0.153
	  0.135	  0.072	  0.988

8 	  42.13	 -10.05	   8.95
	  0.503	 -0.105	  0.857
	  0.443	 -0.821	 -0.359
	  0.743	  0.560	 -0.366

9 	  52.22	  -5.82	  12.23
	  0.824	  0.501	  0.262
	 -0.242	  0.727	 -0.643
	 -0.517	  0.469	  0.716

2 	  42.31	   4.39	  -2.46
	  0.551	 -0.483	  0.681
	  0.463	  0.855	  0.233
	 -0.696	  0.186	  0.693

3 	  45.25	   0.12	   1.60
	  0.540	 -0.073	  0.838
	 -0.222	  0.949	  0.224
	 -0.812	 -0.307	  0.497

4 	  39.04	   6.79	  -2.83
	  0.418	  0.908	  0.023
	 -0.776	  0.343	  0.529
	  0.474	 -0.239	  0.847

5 	  45.63	   8.37	   8.16
	  0.807	  0.065	  0.586
	 -0.469	 -0.533	  0.704
	  0.359	 -0.843	 -0.400

6 	  55.49	   7.01	  11.34
	  0.938	 -0.164	  0.305
	 -0.049	  0.809	  0.585
	 -0.343	 -0.566	  0.749

7 	  41.19	  -7.10	  -3.60
	  0.428	 -0.904	  0.008
	  0.894	  0.421	 -0.151
	  0.133	  0.072	  0.988

8 	  42.13	 -10.05	   8.95
	  0.503	 -0.105	  0.858
	  0.442	 -0.823	 -0.358
	  0.744	  0.557	 -0.367

9 	  52.22	  -5.82	  12.23
	  0.824	  0.501	  0.262
	 -0.242	  0.727	 -0.643
	 -0.517	  0.469	  0.716

2 	  41.57	   4.50	  -2.74
	  0.867	 -0.361	  0.344
	  0.393	  0.919	 -0.023
	 -0.310	  0.154	  0.938

3 	  45.19	   0.18	   1.55
	  0.578	 -0.094	  0.810
	 -0.215	  0.941	  0.261
	 -0.788	 -0.325	  0.523

4 	  38.90	   6.82	  -2.74
	  0.411	  0.911	  0.013
	 -0.764	  0.335	  0.550
	  0.498	 -0.236	  0.834

5 	  45.62	   8.37	   8.17
	  0.809	  0.064	  0.585
	 -0.467	 -0.534	  0.704
	  0.359	 -0.842	 -0.402

6 	  55.49	   7.03	  11.32
	  0.939	 -0.163	  0.303
	 -0.049	  0.808	  0.587
	 -0.341	 -0.568	  0.749

7 	  41.15	  -7.05	  -3.60
	  0.430	 -0.903	  0.005
	  0.893	  0.424	 -0.150
	  0.133	  0.069	  0.989

8 	  42.12	 -10.04	   8.93
	  0.503	 -0.105	  0.858
	  0.443	 -0.821	 -0.359
	  0.743	  0.560	 -0.366

9 	  52.22	  -5.82	  12.23
	  0.824	  0.502	  0.262
	 -0.242	  0.728	 -0.642
	 -0.517	  0.468	  0.716

2 	  41.89	   4.87	  -2.76
	  0.832	 -0.331	  0.444
	  0.294	  0.943	  0.154
	 -0.472	  0.001	  0.882

3 	  45.21	   0.23	   1.62
	  0.549	 -0.086	  0.831
	 -0.226	  0.943	  0.245
	 -0.805	 -0.322	  0.498

4 	  38.99	   6.89	  -2.76
	  0.403	  0.915	  0.030
	 -0.786	  0.328	  0.523
	  0.470	 -0.234	  0.851

5 	  45.62	   8.37	   8.19
	  0.809	  0.062	  0.583
	 -0.466	 -0.538	  0.703
	  0.359	 -0.840	 -0.407

6 	  55.48	   7.05	  11.34
	  0.939	 -0.163	  0.301
	 -0.049	  0.806	  0.590
	 -0.339	 -0.571	  0.747

7 	  41.19	  -7.00	  -3.62
	  0.432	 -0.902	  0.003
	  0.892	  0.427	 -0.147
	  0.131	  0.067	  0.989

8 	  42.13	 -10.02	   8.89
	  0.502	 -0.107	  0.858
	  0.446	 -0.819	 -0.361
	  0.742	  0.562	 -0.363

9 	  52.22	  -5.80	  12.23
	  0.823	  0.502	  0.263
	 -0.242	  0.729	 -0.641
	 -0.518	  0.466	  0.717

2 	  42.29	   4.54	  -2.36
	  0.586	 -0.397	  0.706
	  0.413	  0.896	  0.162
	 -0.699	  0.196	  0.688

3 	  45.19	   0.19	   1.62
	  0.546	 -0.086	  0.833
	 -0.226	  0.943	  0.243
	 -0.807	 -0.320	  0.496

4 	  38.99	   6.89	  -2.74
	  0.408	  0.912	  0.034
	 -0.786	  0.331	  0.522
	  0.466	 -0.240	  0.851

5 	  45.62	   8.38	   8.21
	  0.809	  0.062	  0.584
	 -0.466	 -0.539	  0.702
	  0.359	 -0.840	 -0.408

6 	  55.48	   7.03	  11.34
	  0.939	 -0.163	  0.300
	 -0.049	  0.805	  0.591
	 -0.339	 -0.572	  0.747

7 	  41.19	  -7.00	  -3.62
	  0.432	 -0.902	  0.004
	  0.892	  0.426	 -0.148
	  0.132	  0.068	  0.989

8 	  42.10	 -10.02	   8.91
	  0.500	 -0.107	  0.859
	  0.447	 -0.819	 -0.361
	  0.743	  0.563	 -0.362

9 	  52.22	  -5.80	  12.23
	  0.823	  0.502	  0.264
	 -0.242	  0.730	 -0.639
	 -0.518	  0.465	  0.718

2 	  41.70	   6.10	  -3.45
	  0.841	 -0.308	  0.443
	  0.295	  0.950	  0.102
	 -0.454	  0.043	  0.890

3 	  45.23	   0.18	   1.63
	  0.552	 -0.084	  0.829
	 -0.226	  0.943	  0.244
	 -0.804	 -0.321	  0.501

4 	  39.06	   6.82	  -2.87
	  0.446	  0.895	 -0.015
	 -0.758	  0.385	  0.526
	  0.477	 -0.223	  0.850

5 	  45.65	   8.33	   8.21
	  0.807	  0.061	  0.587
	 -0.471	 -0.535	  0.701
	  0.358	 -0.842	 -0.404

6 	  55.53	   7.01	  11.34
	  0.939	 -0.161	  0.303
	 -0.051	  0.807	  0.589
	 -0.340	 -0.570	  0.748

7 	  41.22	  -7.05	  -3.60
	  0.432	 -0.902	  0.005
	  0.892	  0.426	 -0.151
	  0.134	  0.070	  0.988

8 	  42.12	 -10.05	   8.93
	  0.500	 -0.106	  0.859
	  0.444	 -0.821	 -0.358
	  0.745	  0.559	 -0.363

9 	  52.22	  -5.84	  12.23
	  0.824	  0.502	  0.260
	 -0.242	  0.727	 -0.642
	 -0.516	  0.469	  0.717

2 	  42.06	   5.84	  -3.13
	  0.617	 -0.342	  0.708
	  0.399	  0.912	  0.094
	 -0.681	  0.223	  0.698

3 	  45.26	   0.16	   1.60
	  0.556	 -0.083	  0.827
	 -0.223	  0.944	  0.243
	 -0.801	 -0.319	  0.506

4 	  39.08	   6.82	  -2.87
	  0.438	  0.899	 -0.025
	 -0.753	  0.380	  0.537
	  0.493	 -0.216	  0.842

5 	  45.65	   8.31	   8.19
	  0.807	  0.061	  0.588
	 -0.471	 -0.536	  0.701
	  0.359	 -0.841	 -0.404

6 	  55.53	   7.00	  11.32
	  0.939	 -0.162	  0.303
	 -0.051	  0.806	  0.589
	 -0.341	 -0.571	  0.747

7 	  41.22	  -7.07	  -3.60
	  0.429	 -0.903	  0.006
	  0.894	  0.423	 -0.149
	  0.132	  0.070	  0.989

8 	  42.12	 -10.05	   8.93
	  0.498	 -0.105	  0.860
	  0.444	 -0.822	 -0.356
	  0.746	  0.558	 -0.363

9 	  52.22	  -5.84	  12.23
	  0.824	  0.502	  0.260
	 -0.242	  0.727	 -0.642
	 -0.516	  0.469	  0.717

2 	  41.33	   5.91	  -3.55
	  0.928	 -0.229	  0.292
	  0.257	  0.965	 -0.058
	 -0.270	  0.127	  0.954

3 	  45.26	   0.14	   1.63
	  0.552	 -0.082	  0.830
	 -0.223	  0.945	  0.240
	 -0.804	 -0.317	  0.503

4 	  39.06	   6.77	  -2.92
	  0.445	  0.895	 -0.031
	 -0.752	  0.392	  0.529
	  0.487	 -0.211	  0.847

5 	  45.65	   8.31	   8.19
	  0.807	  0.061	  0.587
	 -0.470	 -0.536	  0.701
	  0.359	 -0.841	 -0.404

6 	  55.51	   7.00	  11.34
	  0.939	 -0.162	  0.303
	 -0.051	  0.805	  0.590
	 -0.340	 -0.572	  0.746

7 	  41.24	  -7.08	  -3.60
	  0.429	 -0.904	  0.007
	  0.894	  0.423	 -0.149
	  0.131	  0.070	  0.989

8 	  42.12	 -10.07	   8.93
	  0.497	 -0.105	  0.861
	  0.445	 -0.822	 -0.356
	  0.746	  0.559	 -0.362

9 	  52.22	  -5.84	  12.23
	  0.825	  0.502	  0.258
	 -0.243	  0.726	 -0.643
	 -0.515	  0.470	  0.717

2 	  41.77	   5.64	  -3.20
	  0.671	 -0.335	  0.661
	  0.493	  0.868	 -0.058
	 -0.557	  0.364	  0.746

3 	  45.19	   0.16	   1.63
	  0.557	 -0.089	  0.825
	 -0.224	  0.941	  0.252
	 -0.800	 -0.324	  0.504

4 	  39.01	   6.80	  -2.85
	  0.446	  0.894	 -0.029
	 -0.744	  0.387	  0.544
	  0.499	 -0.221	  0.838

5 	  45.62	   8.30	   8.21
	  0.808	  0.062	  0.586
	 -0.468	 -0.539	  0.700
	  0.360	 -0.839	 -0.407

6 	  55.51	   7.01	  11.34
	  0.940	 -0.161	  0.301
	 -0.052	  0.803	  0.593
	 -0.338	 -0.575	  0.745

7 	  41.20	  -7.07	  -3.60
	  0.430	 -0.903	  0.006
	  0.893	  0.424	 -0.150
	  0.133	  0.069	  0.989

8 	  42.12	 -10.05	   8.93
	  0.498	 -0.105	  0.861
	  0.447	 -0.820	 -0.358
	  0.744	  0.562	 -0.361

9 	  52.22	  -5.84	  12.23
	  0.825	  0.502	  0.258
	 -0.244	  0.728	 -0.641
	 -0.515	  0.468	  0.719

2 	  41.84	   6.54	  -3.32
	  0.800	 -0.432	  0.416
	  0.275	  0.880	  0.386
	 -0.535	 -0.195	  0.822

3 	  45.21	   0.16	   1.63
	  0.549	 -0.085	  0.831
	 -0.224	  0.943	  0.243
	 -0.806	 -0.319	  0.499

4 	  39.04	   6.86	  -2.85
	  0.433	  0.901	 -0.023
	 -0.760	  0.377	  0.529
	  0.487	 -0.212	  0.847

5 	  45.62	   8.30	   8.23
	  0.808	  0.061	  0.586
	 -0.467	 -0.541	  0.699
	  0.361	 -0.838	 -0.409

6 	  55.49	   7.01	  11.34
	  0.941	 -0.161	  0.298
	 -0.052	  0.802	  0.595
	 -0.335	 -0.577	  0.744

7 	  41.22	  -7.05	  -3.62
	  0.432	 -0.901	  0.005
	  0.892	  0.427	 -0.150
	  0.134	  0.069	  0.989

8 	  42.12	 -10.05	   8.93
	  0.498	 -0.106	  0.861
	  0.448	 -0.819	 -0.359
	  0.744	  0.563	 -0.360

9 	  52.22	  -5.84	  12.22
	  0.824	  0.503	  0.259
	 -0.246	  0.729	 -0.640
	 -0.514	  0.466	  0.720

2 	  37.20	   7.73	  -1.97
	 -0.045	 -0.508	 -0.860
	  0.533	  0.716	 -0.451
	  0.845	 -0.479	  0.239

3 	  45.26	   0.05	   1.65
	  0.547	 -0.080	  0.833
	 -0.219	  0.947	  0.233
	 -0.809	 -0.309	  0.501

4 	  38.95	   6.70	  -2.87
	  0.382	  0.924	 -0.015
	 -0.736	  0.313	  0.600
	  0.561	 -0.218	  0.799

5 	  45.69	   8.30	   8.12
	  0.805	  0.068	  0.589
	 -0.469	 -0.535	  0.702
	  0.364	 -0.841	 -0.399

6 	  55.53	   7.03	  11.34
	  0.938	 -0.161	  0.307
	 -0.054	  0.806	  0.589
	 -0.343	 -0.571	  0.745

7 	  41.24	  -7.21	  -3.55
	  0.430	 -0.903	  0.016
	  0.892	  0.422	 -0.159
	  0.137	  0.082	  0.987

8 	  42.10	 -10.07	   9.02
	  0.494	 -0.102	  0.863
	  0.444	 -0.825	 -0.350
	  0.748	  0.555	 -0.362

9 	  52.22	  -5.87	  12.23
	  0.827	  0.501	  0.251
	 -0.243	  0.722	 -0.648
	 -0.510	  0.477	  0.715

2 	  37.28	   7.08	  -2.53
	  0.240	 -0.734	 -0.635
	  0.499	  0.654	 -0.568
	  0.833	 -0.180	  0.523

3 	  45.33	   0.05	   1.62
	  0.555	 -0.076	  0.828
	 -0.218	  0.948	  0.231
	 -0.803	 -0.308	  0.510

4 	  38.94	   6.64	  -2.90
	  0.380	  0.925	 -0.019
	 -0.734	  0.313	  0.603
	  0.564	 -0.215	  0.797

5 	  45.67	   8.30	   8.12
	  0.805	  0.068	  0.589
	 -0.469	 -0.536	  0.701
	  0.365	 -0.841	 -0.400

6 	  55.53	   7.03	  11.34
	  0.937	 -0.162	  0.308
	 -0.055	  0.806	  0.589
	 -0.344	 -0.571	  0.745

7 	  41.24	  -7.21	  -3.55
	  0.428	 -0.903	  0.015
	  0.893	  0.421	 -0.157
	  0.136	  0.081	  0.987

8 	  42.10	 -10.11	   9.00
	  0.495	 -0.102	  0.863
	  0.441	 -0.827	 -0.350
	  0.750	  0.552	 -0.364

9 	  52.24	  -5.87	  12.23
	  0.827	  0.501	  0.252
	 -0.242	  0.722	 -0.648
	 -0.511	  0.477	  0.715

2 	  37.02	   7.05	  -1.74
	  0.044	 -0.620	 -0.783
	  0.131	  0.781	 -0.611
	  0.990	 -0.075	  0.116

3 	  45.30	   0.07	   1.62
	  0.552	 -0.078	  0.830
	 -0.222	  0.946	  0.235
	 -0.804	 -0.313	  0.505

4 	  38.92	   6.75	  -2.85
	  0.362	  0.932	 -0.021
	 -0.735	  0.298	  0.609
	  0.574	 -0.205	  0.792

5 	  45.67	   8.28	   8.12
	  0.805	  0.068	  0.589
	 -0.468	 -0.538	  0.701
	  0.366	 -0.839	 -0.401

6 	  55.51	   7.01	  11.34
	  0.938	 -0.162	  0.307
	 -0.055	  0.804	  0.591
	 -0.343	 -0.573	  0.744

7 	  41.26	  -7.19	  -3.55
	  0.428	 -0.903	  0.014
	  0.893	  0.421	 -0.156
	  0.135	  0.079	  0.987

8 	  42.10	 -10.09	   9.00
	  0.495	 -0.102	  0.863
	  0.442	 -0.826	 -0.350
	  0.749	  0.553	 -0.363

9 	  52.22	  -5.89	  12.23
	  0.827	  0.502	  0.252
	 -0.243	  0.723	 -0.647
	 -0.511	  0.476	  0.715

2 	  37.20	   7.86	  -1.76
	 -0.073	 -0.360	 -0.930
	  0.531	  0.775	 -0.342
	  0.844	 -0.519	  0.135

3 	  45.28	   0.07	   1.63
	  0.549	 -0.077	  0.832
	 -0.220	  0.947	  0.232
	 -0.806	 -0.310	  0.504

4 	  38.92	   6.75	  -2.83
	  0.365	  0.931	 -0.002
	 -0.735	  0.288	  0.614
	  0.573	 -0.222	  0.789

5 	  45.67	   8.30	   8.14
	  0.805	  0.068	  0.589
	 -0.468	 -0.539	  0.700
	  0.366	 -0.839	 -0.403

6 	  55.53	   7.03	  11.32
	  0.938	 -0.161	  0.305
	 -0.055	  0.803	  0.593
	 -0.341	 -0.575	  0.744

7 	  41.26	  -7.17	  -3.57
	  0.430	 -0.903	  0.014
	  0.893	  0.423	 -0.155
	  0.134	  0.079	  0.988

8 	  42.10	 -10.09	   9.00
	  0.494	 -0.103	  0.863
	  0.443	 -0.825	 -0.350
	  0.749	  0.554	 -0.362

9 	  52.22	  -5.89	  12.22
	  0.828	  0.501	  0.251
	 -0.244	  0.723	 -0.647
	 -0.510	  0.477	  0.716

2 	  37.44	   7.47	  -2.50
	  0.300	 -0.526	 -0.796
	  0.624	  0.739	 -0.253
	  0.721	 -0.421	  0.550

3 	  45.26	   0.05	   1.65
	  0.547	 -0.078	  0.833
	 -0.219	  0.948	  0.231
	 -0.809	 -0.308	  0.501

4 	  38.92	   6.64	  -2.87
	  0.368	  0.930	 -0.006
	 -0.732	  0.293	  0.615
	  0.575	 -0.222	  0.787

5 	  45.67	   8.28	   8.12
	  0.805	  0.067	  0.589
	 -0.468	 -0.539	  0.700
	  0.366	 -0.839	 -0.403

6 	  55.55	   7.03	  11.32
	  0.938	 -0.160	  0.306
	 -0.057	  0.803	  0.593
	 -0.341	 -0.575	  0.743

7 	  41.24	  -7.19	  -3.55
	  0.430	 -0.903	  0.015
	  0.893	  0.422	 -0.156
	  0.134	  0.080	  0.988

8 	  42.10	 -10.09	   9.00
	  0.493	 -0.102	  0.864
	  0.444	 -0.825	 -0.349
	  0.749	  0.555	 -0.361

9 	  52.22	  -5.87	  12.23
	  0.828	  0.501	  0.250
	 -0.244	  0.722	 -0.648
	 -0.509	  0.478	  0.715

2 	  35.84	   2.51	  -0.95
	  0.137	 -0.803	 -0.579
	  0.044	  0.589	 -0.807
	  0.989	  0.085	  0.117

3 	  45.65	   0.16	   2.00
	  0.480	 -0.088	  0.873
	 -0.210	  0.955	  0.210
	 -0.852	 -0.284	  0.439

4 	  40.18	   7.08	  -3.36
	  0.440	  0.898	  0.016
	 -0.749	  0.356	  0.559
	  0.498	 -0.258	  0.828

5 	  45.81	   8.56	   8.33
	  0.752	  0.080	  0.653
	 -0.512	 -0.553	  0.656
	  0.415	 -0.828	 -0.376

6 	  55.63	   7.03	  11.43
	  0.940	 -0.176	  0.290
	 -0.048	  0.778	  0.626
	 -0.336	 -0.605	  0.722

7 	  41.84	  -6.98	  -3.59
	  0.450	 -0.893	  0.018
	  0.884	  0.442	 -0.153
	  0.128	  0.085	  0.988

8 	  42.19	 -10.02	   8.93
	  0.450	 -0.113	  0.886
	  0.459	 -0.822	 -0.337
	  0.767	  0.557	 -0.317

9 	  52.24	  -5.89	  12.27
	  0.831	  0.495	  0.252
	 -0.240	  0.724	 -0.646
	 -0.507	  0.479	  0.717

2 	  35.95	   2.04	  -1.11
	  0.414	 -0.811	 -0.413
	  0.086	  0.487	 -0.869
	  0.906	  0.324	  0.272

3 	  45.65	   0.16	   2.00
	  0.479	 -0.087	  0.873
	 -0.210	  0.955	  0.209
	 -0.853	 -0.283	  0.439

4 	  40.18	   7.07	  -3.38
	  0.442	  0.897	  0.015
	 -0.748	  0.357	  0.559
	  0.498	 -0.258	  0.828

5 	  45.81	   8.56	   8.33
	  0.752	  0.080	  0.654
	 -0.513	 -0.553	  0.656
	  0.416	 -0.828	 -0.375

6 	  55.63	   7.03	  11.43
	  0.941	 -0.175	  0.291
	 -0.048	  0.778	  0.625
	 -0.336	 -0.604	  0.722

7 	  41.82	  -7.00	  -3.59
	  0.451	 -0.892	  0.019
	  0.883	  0.442	 -0.154
	  0.129	  0.086	  0.988

8 	  42.19	 -10.02	   8.93
	  0.449	 -0.113	  0.886
	  0.459	 -0.822	 -0.336
	  0.767	  0.556	 -0.317

9 	  52.24	  -5.89	  12.25
	  0.831	  0.495	  0.252
	 -0.241	  0.725	 -0.646
	 -0.506	  0.479	  0.717

2 	  35.82	   2.62	  -0.56
	 -0.055	 -0.685	 -0.727
	 -0.141	  0.726	 -0.673
	  0.988	  0.066	 -0.136

3 	  45.67	   0.16	   1.97
	  0.483	 -0.087	  0.871
	 -0.210	  0.955	  0.210
	 -0.850	 -0.284	  0.443

4 	  40.22	   7.05	  -3.39
	  0.444	  0.896	  0.013
	 -0.746	  0.360	  0.560
	  0.499	 -0.258	  0.827

5 	  45.81	   8.54	   8.31
	  0.751	  0.080	  0.655
	 -0.514	 -0.553	  0.656
	  0.416	 -0.829	 -0.375

6 	  55.65	   7.03	  11.43
	  0.940	 -0.176	  0.290
	 -0.048	  0.778	  0.626
	 -0.337	 -0.604	  0.722

7 	  41.82	  -7.00	  -3.59
	  0.449	 -0.893	  0.017
	  0.884	  0.441	 -0.154
	  0.130	  0.084	  0.988

8 	  42.19	 -10.02	   8.93
	  0.450	 -0.113	  0.885
	  0.457	 -0.823	 -0.336
	  0.768	  0.555	 -0.319

9 	  52.24	  -5.87	  12.27
	  0.830	  0.496	  0.253
	 -0.241	  0.725	 -0.646
	 -0.508	  0.478	  0.717

2 	  36.04	   3.38	  -1.32
	  0.115	 -0.591	 -0.798
	  0.564	  0.700	 -0.437
	  0.818	 -0.400	  0.414

3 	  45.67	   0.14	   1.99
	  0.479	 -0.087	  0.873
	 -0.210	  0.955	  0.208
	 -0.853	 -0.282	  0.439

4 	  40.22	   7.07	  -3.39
	  0.442	  0.897	  0.014
	 -0.748	  0.359	  0.558
	  0.497	 -0.257	  0.829

5 	  45.83	   8.56	   8.33
	  0.751	  0.080	  0.655
	 -0.514	 -0.552	  0.656
	  0.416	 -0.829	 -0.375

6 	  55.67	   7.03	  11.43
	  0.940	 -0.176	  0.290
	 -0.048	  0.777	  0.627
	 -0.337	 -0.605	  0.721

7 	  41.82	  -7.00	  -3.60
	  0.449	 -0.893	  0.017
	  0.884	  0.441	 -0.154
	  0.130	  0.084	  0.988

8 	  42.19	 -10.02	   8.91
	  0.450	 -0.113	  0.886
	  0.458	 -0.823	 -0.336
	  0.768	  0.556	 -0.318

9 	  52.24	  -5.89	  12.27
	  0.830	  0.496	  0.253
	 -0.241	  0.726	 -0.645
	 -0.507	  0.477	  0.718

2 	  36.02	   2.46	  -1.53
	  0.386	 -0.783	 -0.488
	  0.358	  0.614	 -0.703
	  0.850	  0.096	  0.518

3 	  45.65	   0.16	   2.00
	  0.478	 -0.087	  0.874
	 -0.210	  0.955	  0.208
	 -0.854	 -0.282	  0.438

4 	  40.20	   7.08	  -3.39
	  0.442	  0.897	  0.016
	 -0.749	  0.357	  0.558
	  0.496	 -0.258	  0.829

5 	  45.81	   8.56	   8.33
	  0.751	  0.079	  0.655
	 -0.514	 -0.554	  0.655
	  0.416	 -0.828	 -0.376

6 	  55.65	   7.05	  11.43
	  0.941	 -0.176	  0.289
	 -0.048	  0.777	  0.627
	 -0.336	 -0.606	  0.721

7 	  41.84	  -6.98	  -3.59
	  0.451	 -0.892	  0.017
	  0.883	  0.443	 -0.152
	  0.128	  0.084	  0.988

8 	  42.19	 -10.02	   8.91
	  0.450	 -0.113	  0.886
	  0.459	 -0.822	 -0.337
	  0.767	  0.557	 -0.317

9 	  52.24	  -5.89	  12.27
	  0.830	  0.496	  0.253
	 -0.242	  0.726	 -0.644
	 -0.507	  0.476	  0.718

2 	  36.56	   4.87	   2.76
	 -0.434	 -0.897	 -0.077
	 -0.083	  0.125	 -0.989
	  0.897	 -0.423	 -0.128

3 	  46.09	   0.04	   2.37
	  0.413	 -0.075	  0.907
	 -0.219	  0.959	  0.177
	 -0.885	 -0.271	  0.379

4 	  41.45	   6.94	  -3.73
	  0.463	  0.885	  0.053
	 -0.772	  0.372	  0.515
	  0.437	 -0.279	  0.855

5 	  45.62	   8.60	   8.67
	  0.686	  0.112	  0.719
	 -0.539	 -0.587	  0.604
	  0.492	 -0.800	 -0.343

6 	  55.48	   7.07	  11.43
	  0.954	 -0.174	  0.241
	 -0.013	  0.785	  0.619
	 -0.298	 -0.596	  0.746

7 	  42.56	  -7.10	  -3.48
	  0.455	 -0.890	  0.042
	  0.886	  0.448	 -0.116
	  0.084	  0.089	  0.992

8 	  42.26	 -10.12	   9.02
	  0.402	 -0.118	  0.908
	  0.468	 -0.826	 -0.313
	  0.788	  0.550	 -0.276

9 	  52.21	  -5.85	  12.22
	  0.830	  0.508	  0.226
	 -0.267	  0.718	 -0.643
	 -0.494	  0.476	  0.728

2 	  36.46	   4.22	   2.29
	 -0.166	 -0.980	  0.110
	  0.152	 -0.136	 -0.979
	  0.974	 -0.145	  0.172

3 	  46.07	   0.04	   2.39
	  0.411	 -0.075	  0.908
	 -0.219	  0.959	  0.177
	 -0.885	 -0.271	  0.378

4 	  41.43	   6.94	  -3.73
	  0.464	  0.884	  0.054
	 -0.771	  0.371	  0.517
	  0.438	 -0.281	  0.854

5 	  45.62	   8.60	   8.67
	  0.685	  0.112	  0.719
	 -0.539	 -0.587	  0.604
	  0.492	 -0.800	 -0.342

6 	  55.48	   7.08	  11.43
	  0.955	 -0.173	  0.240
	 -0.013	  0.785	  0.619
	 -0.297	 -0.596	  0.746

7 	  42.56	  -7.10	  -3.50
	  0.455	 -0.890	  0.041
	  0.886	  0.448	 -0.115
	  0.084	  0.088	  0.992

8 	  42.26	 -10.12	   9.02
	  0.401	 -0.118	  0.908
	  0.468	 -0.827	 -0.313
	  0.788	  0.549	 -0.276

9 	  52.21	  -5.87	  12.20
	  0.831	  0.508	  0.226
	 -0.266	  0.718	 -0.643
	 -0.493	  0.477	  0.728

2 	  36.70	   5.22	   2.27
	 -0.540	 -0.728	 -0.422
	  0.381	  0.236	 -0.894
	  0.751	 -0.643	  0.149

3 	  46.11	   0.04	   2.34
	  0.420	 -0.077	  0.904
	 -0.219	  0.959	  0.181
	 -0.881	 -0.273	  0.386

4 	  41.43	   6.96	  -3.74
	  0.463	  0.885	  0.051
	 -0.768	  0.370	  0.523
	  0.445	 -0.281	  0.850

5 	  45.62	   8.60	   8.65
	  0.686	  0.112	  0.719
	 -0.538	 -0.589	  0.603
	  0.493	 -0.799	 -0.344

6 	  55.48	   7.07	  11.43
	  0.954	 -0.175	  0.242
	 -0.013	  0.785	  0.619
	 -0.298	 -0.596	  0.745

7 	  42.57	  -7.08	  -3.52
	  0.454	 -0.890	  0.037
	  0.886	  0.447	 -0.119
	  0.089	  0.087	  0.992

8 	  42.26	 -10.11	   8.98
	  0.402	 -0.119	  0.908
	  0.464	 -0.828	 -0.313
	  0.790	  0.546	 -0.277

9 	  52.22	  -5.85	  12.20
	  0.829	  0.509	  0.230
	 -0.265	  0.718	 -0.644
	 -0.497	  0.476	  0.726

2 	  36.74	   5.40	   2.99
	 -0.672	 -0.546	 -0.501
	  0.262	  0.458	 -0.849
	  0.693	 -0.701	 -0.165

3 	  46.12	   0.05	   2.32
	  0.423	 -0.079	  0.902
	 -0.217	  0.959	  0.183
	 -0.880	 -0.272	  0.389

4 	  41.43	   6.98	  -3.74
	  0.463	  0.885	  0.052
	 -0.768	  0.369	  0.524
	  0.446	 -0.282	  0.849

5 	  45.62	   8.61	   8.67
	  0.685	  0.112	  0.720
	 -0.538	 -0.590	  0.602
	  0.494	 -0.798	 -0.344

6 	  55.48	   7.07	  11.41
