2 	  46.51	  -1.67	   3.97
	 -0.227	 -0.925	 -0.303
	  0.535	 -0.378	  0.755
	 -0.814	  0.008	  0.580

3 	  45.07	  -1.72	   2.85
	  0.520	  0.128	  0.844
	 -0.129	  0.989	 -0.072
	 -0.845	 -0.071	  0.530

4 	  40.45	   5.12	  -0.90
	  0.459	  0.871	  0.171
	 -0.845	  0.368	  0.388
	  0.276	 -0.323	  0.905

5 	  44.19	   7.47	  10.32
	  0.719	  0.040	  0.694
	 -0.551	 -0.576	  0.604
	  0.425	 -0.816	 -0.392

6 	  51.61	   1.12	  11.14
	  0.727	 -0.641	  0.245
	  0.686	  0.699	 -0.201
	 -0.038	  0.315	  0.948

7 	  40.32	  -8.44	  -1.34
	  0.545	 -0.838	  0.029
	  0.777	  0.491	 -0.393
	  0.316	  0.236	  0.918

8 	  45.11	 -10.86	   9.47
	  0.636	  0.088	  0.766
	  0.712	 -0.450	 -0.539
	  0.298	  0.888	 -0.349

9 	  51.96	  -3.96	  11.11
	  0.700	  0.655	  0.282
	 -0.714	  0.663	  0.225
	 -0.035	 -0.360	  0.932

2 	  46.48	  -1.69	   3.97
	 -0.235	 -0.925	 -0.299
	  0.544	 -0.378	  0.749
	 -0.807	  0.012	  0.591

3 	  45.05	  -1.76	   2.90
	  0.506	  0.125	  0.853
	 -0.128	  0.989	 -0.071
	 -0.853	 -0.073	  0.516

4 	  40.45	   5.12	  -0.90
	  0.459	  0.872	  0.171
	 -0.844	  0.367	  0.390
	  0.278	 -0.323	  0.904

5 	  44.19	   7.47	  10.32
	  0.718	  0.042	  0.695
	 -0.549	 -0.580	  0.602
	  0.429	 -0.813	 -0.393

6 	  51.61	   1.14	  11.14
	  0.727	 -0.642	  0.245
	  0.687	  0.699	 -0.199
	 -0.040	  0.314	  0.948

7 	  40.32	  -8.42	  -1.35
	  0.546	 -0.837	  0.027
	  0.776	  0.493	 -0.393
	  0.317	  0.235	  0.919

8 	  45.09	 -10.86	   9.46
	  0.636	  0.088	  0.766
	  0.711	 -0.451	 -0.539
	  0.298	  0.888	 -0.349

9 	  52.00	  -3.87	  11.11
	  0.698	  0.658	  0.283
	 -0.716	  0.661	  0.223
	 -0.036	 -0.359	  0.932

2 	  46.37	  -1.65	   4.03
	 -0.255	 -0.922	 -0.291
	  0.555	 -0.384	  0.738
	 -0.793	  0.025	  0.609

3 	  44.98	  -1.74	   2.97
	  0.484	  0.128	  0.865
	 -0.126	  0.989	 -0.077
	 -0.866	 -0.071	  0.495

4 	  40.43	   5.13	  -0.88
	  0.458	  0.872	  0.173
	 -0.844	  0.365	  0.391
	  0.279	 -0.325	  0.903

5 	  44.19	   7.49	  10.34
	  0.718	  0.040	  0.695
	 -0.550	 -0.579	  0.602
	  0.428	 -0.814	 -0.394

6 	  51.63	   1.16	  11.14
	  0.727	 -0.641	  0.244
	  0.686	  0.699	 -0.200
	 -0.038	  0.314	  0.948

7 	  40.31	  -8.42	  -1.34
	  0.545	 -0.838	  0.028
	  0.777	  0.491	 -0.394
	  0.317	  0.236	  0.918

8 	  45.09	 -10.86	   9.46
	  0.637	  0.087	  0.766
	  0.711	 -0.450	 -0.540
	  0.298	  0.888	 -0.349

9 	  51.98	  -3.92	  11.11
	  0.699	  0.657	  0.282
	 -0.715	  0.662	  0.224
	 -0.035	 -0.359	  0.932

2 	  46.37	  -1.69	   4.10
	 -0.249	 -0.924	 -0.291
	  0.549	 -0.380	  0.744
	 -0.799	  0.025	  0.601

3 	  44.98	  -1.78	   3.01
	  0.465	  0.122	  0.877
	 -0.118	  0.990	 -0.077
	 -0.878	 -0.067	  0.474

4 	  40.43	   5.13	  -0.88
	  0.459	  0.871	  0.173
	 -0.844	  0.366	  0.391
	  0.278	 -0.326	  0.903

5 	  44.19	   7.49	  10.35
	  0.719	  0.040	  0.694
	 -0.551	 -0.577	  0.602
	  0.426	 -0.815	 -0.393

6 	  51.61	   1.16	  11.14
	  0.728	 -0.641	  0.244
	  0.685	  0.700	 -0.200
	 -0.038	  0.314	  0.948

7 	  40.31	  -8.42	  -1.34
	  0.545	 -0.838	  0.028
	  0.777	  0.491	 -0.394
	  0.317	  0.236	  0.918

8 	  45.07	 -10.86	   9.47
	  0.637	  0.087	  0.766
	  0.711	 -0.450	 -0.541
	  0.297	  0.889	 -0.348

9 	  51.96	  -3.94	  11.11
	  0.700	  0.656	  0.282
	 -0.715	  0.662	  0.225
	 -0.035	 -0.360	  0.932

2 	  46.30	  -1.67	   4.11
	 -0.260	 -0.923	 -0.285
	  0.555	 -0.382	  0.739
	 -0.792	  0.032	  0.610

3 	  44.96	  -1.74	   3.04
	  0.452	  0.125	  0.883
	 -0.121	  0.989	 -0.080
	 -0.884	 -0.070	  0.462

4 	  40.41	   5.13	  -0.86
	  0.458	  0.871	  0.175
	 -0.844	  0.364	  0.392
	  0.279	 -0.328	  0.902

5 	  44.19	   7.49	  10.35
	  0.719	  0.040	  0.694
	 -0.551	 -0.578	  0.602
	  0.426	 -0.814	 -0.394

6 	  51.61	   1.16	  11.14
	  0.728	 -0.641	  0.242
	  0.685	  0.700	 -0.201
	 -0.037	  0.313	  0.949

7 	  40.31	  -8.42	  -1.32
	  0.545	 -0.838	  0.027
	  0.776	  0.491	 -0.395
	  0.318	  0.236	  0.918

8 	  45.09	 -10.86	   9.46
	  0.637	  0.086	  0.765
	  0.711	 -0.449	 -0.541
	  0.297	  0.889	 -0.348

9 	  51.96	  -3.94	  11.11
	  0.700	  0.656	  0.282
	 -0.714	  0.662	  0.227
	 -0.033	 -0.361	  0.932

2 	  44.03	  -2.06	  -1.83
	 -0.224	 -0.959	 -0.173
	  0.773	 -0.283	  0.568
	 -0.594	 -0.007	  0.804

3 	  45.30	  -1.76	   2.53
	  0.587	  0.127	  0.799
	 -0.144	  0.988	 -0.052
	 -0.797	 -0.084	  0.598

4 	  40.46	   5.06	  -0.95
	  0.465	  0.870	  0.166
	 -0.842	  0.375	  0.388
	  0.276	 -0.320	  0.906

5 	  44.21	   7.44	  10.28
	  0.716	  0.044	  0.697
	 -0.550	 -0.580	  0.601
	  0.432	 -0.813	 -0.391

6 	  51.63	   1.14	  11.13
	  0.729	 -0.638	  0.246
	  0.683	  0.703	 -0.198
	 -0.042	  0.313	  0.948

7 	  40.32	  -8.47	  -1.32
	  0.545	 -0.838	  0.028
	  0.776	  0.491	 -0.396
	  0.320	  0.237	  0.917

8 	  45.11	 -10.90	   9.49
	  0.637	  0.089	  0.765
	  0.710	 -0.453	 -0.539
	  0.299	  0.887	 -0.352

9 	  51.98	  -3.99	  11.09
	  0.700	  0.657	  0.279
	 -0.713	  0.667	  0.214
	 -0.042	 -0.349	  0.936

2 	  43.89	  -1.99	  -1.88
	 -0.235	 -0.955	 -0.180
	  0.801	 -0.295	  0.521
	 -0.551	 -0.022	  0.834

3 	  45.30	  -1.76	   2.51
	  0.587	  0.125	  0.799
	 -0.144	  0.988	 -0.051
	 -0.797	 -0.084	  0.598

4 	  40.46	   5.06	  -0.97
	  0.465	  0.870	  0.165
	 -0.841	  0.375	  0.389
	  0.278	 -0.319	  0.906

5 	  44.19	   7.45	  10.28
	  0.715	  0.045	  0.697
	 -0.550	 -0.581	  0.600
	  0.433	 -0.812	 -0.391

6 	  51.63	   1.14	  11.14
	  0.730	 -0.638	  0.246
	  0.683	  0.703	 -0.197
	 -0.043	  0.313	  0.948

7 	  40.34	  -8.47	  -1.32
	  0.545	 -0.838	  0.027
	  0.776	  0.491	 -0.396
	  0.319	  0.236	  0.917

8 	  45.09	 -10.90	   9.49
	  0.637	  0.088	  0.765
	  0.710	 -0.453	 -0.539
	  0.299	  0.887	 -0.351

9 	  52.00	  -3.99	  11.07
	  0.701	  0.656	  0.279
	 -0.713	  0.668	  0.214
	 -0.042	 -0.349	  0.936

2 	  43.89	  -1.95	  -1.86
	 -0.230	 -0.955	 -0.188
	  0.804	 -0.295	  0.515
	 -0.548	 -0.033	  0.836

3 	  45.28	  -1.74	   2.55
	  0.584	  0.124	  0.802
	 -0.141	  0.989	 -0.052
	 -0.800	 -0.082	  0.595

4 	  40.46	   5.08	  -0.93
	  0.464	  0.870	  0.167
	 -0.842	  0.374	  0.388
	  0.276	 -0.320	  0.906

5 	  44.19	   7.45	  10.30
	  0.715	  0.043	  0.697
	 -0.551	 -0.579	  0.600
	  0.432	 -0.813	 -0.391

6 	  51.63	   1.14	  11.14
	  0.731	 -0.637	  0.245
	  0.682	  0.704	 -0.198
	 -0.042	  0.313	  0.948

7 	  40.31	  -8.46	  -1.32
	  0.545	 -0.838	  0.027
	  0.776	  0.491	 -0.395
	  0.319	  0.236	  0.918

8 	  45.09	 -10.90	   9.49
	  0.637	  0.087	  0.765
	  0.711	 -0.451	 -0.540
	  0.298	  0.888	 -0.350

9 	  52.00	  -3.99	  11.07
	  0.701	  0.656	  0.279
	 -0.712	  0.668	  0.214
	 -0.042	 -0.350	  0.936

2 	  43.86	  -1.95	  -1.86
	 -0.248	 -0.950	 -0.189
	  0.804	 -0.310	  0.506
	 -0.540	 -0.027	  0.841

3 	  45.28	  -1.74	   2.57
	  0.584	  0.124	  0.802
	 -0.140	  0.989	 -0.052
	 -0.800	 -0.081	  0.594

4 	  40.46	   5.08	  -0.91
	  0.465	  0.869	  0.168
	 -0.842	  0.375	  0.387
	  0.274	 -0.321	  0.906

5 	  44.19	   7.45	  10.32
	  0.716	  0.042	  0.697
	 -0.551	 -0.579	  0.600
	  0.430	 -0.813	 -0.391

6 	  51.63	   1.14	  11.14
	  0.731	 -0.638	  0.243
	  0.682	  0.704	 -0.199
	 -0.041	  0.312	  0.949

7 	  40.32	  -8.46	  -1.32
	  0.545	 -0.838	  0.026
	  0.776	  0.491	 -0.395
	  0.319	  0.235	  0.918

8 	  45.09	 -10.90	   9.49
	  0.637	  0.086	  0.766
	  0.711	 -0.450	 -0.540
	  0.298	  0.889	 -0.348

9 	  52.00	  -3.99	  11.09
	  0.701	  0.656	  0.280
	 -0.713	  0.668	  0.214
	 -0.043	 -0.350	  0.935

2 	  43.88	  -1.93	  -1.88
	 -0.253	 -0.949	 -0.187
	  0.805	 -0.313	  0.503
	 -0.537	 -0.024	  0.843

3 	  45.28	  -1.74	   2.51
	  0.589	  0.124	  0.798
	 -0.143	  0.988	 -0.049
	 -0.796	 -0.085	  0.600

4 	  40.48	   5.10	  -0.93
	  0.465	  0.870	  0.167
	 -0.842	  0.374	  0.389
	  0.277	 -0.321	  0.905

5 	  44.19	   7.45	  10.30
	  0.715	  0.043	  0.697
	 -0.549	 -0.582	  0.599
	  0.433	 -0.811	 -0.393

6 	  51.63	   1.16	  11.14
	  0.730	 -0.638	  0.245
	  0.682	  0.704	 -0.196
	 -0.043	  0.312	  0.949

7 	  40.31	  -8.46	  -1.34
	  0.546	 -0.838	  0.025
	  0.775	  0.492	 -0.396
	  0.320	  0.235	  0.918

8 	  45.11	 -10.90	   9.47
	  0.636	  0.086	  0.766
	  0.711	 -0.450	 -0.540
	  0.299	  0.889	 -0.348

9 	  52.00	  -3.99	  11.07
	  0.700	  0.656	  0.281
	 -0.713	  0.667	  0.214
	 -0.044	 -0.351	  0.935

2 	  37.67	  -1.76	  -3.96
	  0.294	 -0.786	 -0.544
	  0.412	  0.617	 -0.670
	  0.862	 -0.027	  0.505

3 	  45.49	  -1.69	   2.76
	  0.572	  0.140	  0.808
	 -0.185	  0.982	 -0.041
	 -0.800	 -0.125	  0.587

4 	  40.85	   5.06	  -0.97
	  0.430	  0.879	  0.207
	 -0.870	  0.341	  0.356
	  0.243	 -0.333	  0.911

5 	  44.23	   7.49	  10.44
	  0.703	  0.038	  0.709
	 -0.559	 -0.588	  0.584
	  0.441	 -0.807	 -0.393

6 	  51.64	   1.25	  11.16
	  0.736	 -0.638	  0.228
	  0.676	  0.714	 -0.182
	 -0.042	  0.289	  0.956

7 	  40.62	  -8.35	  -1.39
	  0.526	 -0.849	  0.051
	  0.807	  0.479	 -0.345
	  0.269	  0.222	  0.937

8 	  45.16	 -10.88	   9.51
	  0.624	  0.081	  0.777
	  0.717	 -0.453	 -0.529
	  0.309	  0.887	 -0.341

9 	  52.03	  -4.01	  11.11
	  0.703	  0.655	  0.277
	 -0.710	  0.674	  0.204
	 -0.049	 -0.341	  0.938

2 	  37.79	  -2.62	  -3.81
	  0.549	 -0.801	 -0.237
	  0.258	  0.431	 -0.865
	  0.795	  0.413	  0.443

3 	  45.47	  -1.69	   2.78
	  0.570	  0.140	  0.809
	 -0.183	  0.982	 -0.043
	 -0.801	 -0.123	  0.586

4 	  40.85	   5.06	  -0.95
	  0.430	  0.879	  0.207
	 -0.870	  0.341	  0.356
	  0.243	 -0.333	  0.911

5 	  44.24	   7.49	  10.44
	  0.703	  0.038	  0.710
	 -0.560	 -0.588	  0.584
	  0.441	 -0.807	 -0.392

6 	  51.64	   1.25	  11.16
	  0.736	 -0.638	  0.227
	  0.676	  0.714	 -0.181
	 -0.043	  0.287	  0.957

7 	  40.64	  -8.35	  -1.41
	  0.525	 -0.850	  0.052
	  0.808	  0.477	 -0.344
	  0.268	  0.222	  0.937

8 	  45.16	 -10.88	   9.51
	  0.624	  0.081	  0.777
	  0.717	 -0.453	 -0.529
	  0.309	  0.887	 -0.341

9 	  52.03	  -4.01	  11.11
	  0.703	  0.655	  0.277
	 -0.710	  0.674	  0.203
	 -0.051	 -0.340	  0.939

2 	  37.60	  -2.14	  -3.38
	  0.253	 -0.822	 -0.510
	  0.063	  0.540	 -0.839
	  0.965	  0.180	  0.189

3 	  45.51	  -1.69	   2.83
	  0.564	  0.140	  0.813
	 -0.179	  0.983	 -0.047
	 -0.807	 -0.119	  0.579

4 	  40.89	   5.06	  -0.93
	  0.427	  0.879	  0.209
	 -0.872	  0.340	  0.351
	  0.239	 -0.333	  0.912

5 	  44.23	   7.47	  10.48
	  0.701	  0.038	  0.712
	 -0.562	 -0.587	  0.583
	  0.441	 -0.808	 -0.390

6 	  51.66	   1.27	  11.18
	  0.738	 -0.637	  0.223
	  0.674	  0.716	 -0.181
	 -0.041	  0.285	  0.957

7 	  40.68	  -8.35	  -1.39
	  0.522	 -0.851	  0.054
	  0.811	  0.476	 -0.339
	  0.264	  0.221	  0.939

8 	  45.16	 -10.90	   9.54
	  0.623	  0.081	  0.778
	  0.718	 -0.453	 -0.527
	  0.310	  0.887	 -0.341

9 	  52.03	  -4.03	  11.11
	  0.704	  0.655	  0.275
	 -0.709	  0.676	  0.200
	 -0.051	 -0.336	  0.940

2 	  37.97	  -1.65	  -4.13
	  0.324	 -0.779	 -0.537
	  0.557	  0.615	 -0.558
	  0.765	 -0.118	  0.632

3 	  45.51	  -1.71	   2.87
	  0.562	  0.141	  0.815
	 -0.177	  0.983	 -0.050
	 -0.809	 -0.115	  0.577

4 	  40.96	   5.03	  -0.95
	  0.427	  0.880	  0.209
	 -0.874	  0.341	  0.348
	  0.235	 -0.331	  0.914

5 	  44.23	   7.49	  10.48
	  0.700	  0.038	  0.713
	 -0.563	 -0.585	  0.583
	  0.441	 -0.809	 -0.388

6 	  51.66	   1.25	  11.18
	  0.737	 -0.638	  0.222
	  0.675	  0.715	 -0.181
	 -0.040	  0.284	  0.958

7 	  40.71	  -8.40	  -1.37
	  0.521	 -0.852	  0.057
	  0.813	  0.474	 -0.337
	  0.261	  0.222	  0.939

8 	  45.16	 -10.92	   9.58
	  0.622	  0.081	  0.779
	  0.719	 -0.454	 -0.526
	  0.312	  0.887	 -0.341

9 	  52.03	  -4.03	  11.13
	  0.703	  0.657	  0.272
	 -0.709	  0.676	  0.198
	 -0.050	 -0.333	  0.941

2 	  38.06	  -1.92	  -4.18
	  0.431	 -0.802	 -0.414
	  0.551	  0.596	 -0.583
	  0.715	  0.023	  0.699

3 	  45.53	  -1.72	   2.88
	  0.561	  0.143	  0.815
	 -0.176	  0.983	 -0.053
	 -0.810	 -0.113	  0.576

4 	  40.96	   5.01	  -0.95
	  0.427	  0.880	  0.208
	 -0.873	  0.342	  0.346
	  0.234	 -0.330	  0.914

5 	  44.24	   7.47	  10.49
	  0.699	  0.039	  0.713
	 -0.564	 -0.584	  0.583
	  0.441	 -0.810	 -0.387

6 	  51.66	   1.25	  11.18
	  0.738	 -0.637	  0.221
	  0.674	  0.717	 -0.180
	 -0.040	  0.283	  0.958

7 	  40.73	  -8.42	  -1.37
	  0.521	 -0.851	  0.060
	  0.814	  0.473	 -0.337
	  0.260	  0.224	  0.939

8 	  45.18	 -10.93	   9.58
	  0.621	  0.081	  0.779
	  0.719	 -0.455	 -0.526
	  0.312	  0.886	 -0.341

9 	  52.03	  -4.03	  11.13
	  0.704	  0.657	  0.270
	 -0.709	  0.677	  0.197
	 -0.049	 -0.331	  0.942

2 	  35.72	  -2.20	   2.74
	 -0.020	 -0.998	 -0.065
	 -0.070	  0.066	 -0.995
	  0.997	 -0.015	 -0.071

3 	  45.81	  -1.65	   3.01
	  0.564	  0.137	  0.814
	 -0.195	  0.980	 -0.031
	 -0.803	 -0.140	  0.579

4 	  41.36	   5.10	  -0.90
	  0.421	  0.880	  0.221
	 -0.882	  0.339	  0.325
	  0.212	 -0.332	  0.919

5 	  44.33	   7.54	  10.67
	  0.682	  0.045	  0.730
	 -0.568	 -0.598	  0.565
	  0.464	 -0.799	 -0.382

6 	  51.68	   1.32	  11.18
	  0.740	 -0.643	  0.197
	  0.673	  0.723	 -0.154
	 -0.039	  0.247	  0.968

7 	  41.15	  -8.33	  -1.42
	  0.518	 -0.853	  0.061
	  0.825	  0.479	 -0.298
	  0.225	  0.205	  0.952

8 	  45.28	 -10.99	   9.63
	  0.605	  0.072	  0.792
	  0.725	 -0.462	 -0.511
	  0.330	  0.884	 -0.332

9 	  52.08	  -4.11	  11.11
	  0.703	  0.662	  0.259
	 -0.710	  0.682	  0.175
	 -0.057	 -0.308	  0.949

2 	  35.82	  -2.94	   2.57
	  0.325	 -0.933	  0.152
	  0.107	 -0.124	 -0.986
	  0.939	  0.337	  0.060

3 	  45.83	  -1.69	   3.04
	  0.559	  0.138	  0.817
	 -0.188	  0.981	 -0.039
	 -0.808	 -0.131	  0.574

4 	  41.38	   5.08	  -0.88
	  0.420	  0.880	  0.222
	 -0.884	  0.340	  0.321
	  0.208	 -0.331	  0.920

5 	  44.33	   7.54	  10.67
	  0.681	  0.043	  0.730
	 -0.571	 -0.594	  0.566
	  0.460	 -0.802	 -0.380

6 	  51.68	   1.30	  11.16
	  0.741	 -0.642	  0.196
	  0.672	  0.724	 -0.155
	 -0.038	  0.247	  0.968

7 	  41.17	  -8.35	  -1.41
	  0.517	 -0.854	  0.063
	  0.827	  0.478	 -0.295
	  0.223	  0.204	  0.953

8 	  45.30	 -11.00	   9.65
	  0.605	  0.072	  0.792
	  0.725	 -0.461	 -0.512
	  0.329	  0.884	 -0.332

9 	  52.08	  -4.11	  11.11
	  0.703	  0.663	  0.258
	 -0.710	  0.682	  0.172
	 -0.059	 -0.304	  0.950

2 	  35.84	  -2.20	   3.20
	 -0.024	 -1.000	 -0.016
	 -0.296	  0.023	 -0.955
	  0.955	 -0.018	 -0.297

3 	  45.81	  -1.67	   3.06
	  0.557	  0.138	  0.819
	 -0.185	  0.982	 -0.041
	 -0.810	 -0.128	  0.572

4 	  41.40	   5.08	  -0.86
	  0.420	  0.880	  0.222
	 -0.884	  0.340	  0.320
	  0.207	 -0.331	  0.921

5 	  44.33	   7.54	  10.69
	  0.681	  0.043	  0.731
	 -0.572	 -0.593	  0.567
	  0.459	 -0.803	 -0.379

6 	  51.68	   1.32	  11.18
	  0.742	 -0.642	  0.195
	  0.671	  0.725	 -0.153
	 -0.038	  0.245	  0.969

7 	  41.17	  -8.33	  -1.39
	  0.516	 -0.854	  0.063
	  0.828	  0.478	 -0.294
	  0.222	  0.204	  0.953

8 	  45.28	 -11.00	   9.63
	  0.605	  0.071	  0.792
	  0.725	 -0.459	 -0.513
	  0.328	  0.885	 -0.330

9 	  52.07	  -4.11	  11.11
	  0.703	  0.662	  0.257
	 -0.710	  0.683	  0.172
	 -0.058	 -0.304	  0.951

2 	  35.79	  -1.76	   2.13
	 -0.138	 -0.968	 -0.211
	  0.308	  0.161	 -0.938
	  0.941	 -0.194	  0.276

3 	  45.83	  -1.67	   3.08
	  0.554	  0.138	  0.820
	 -0.183	  0.982	 -0.043
	 -0.812	 -0.125	  0.569

4 	  41.41	   5.08	  -0.86
	  0.419	  0.880	  0.223
	 -0.885	  0.340	  0.319
	  0.205	 -0.331	  0.921

5 	  44.33	   7.54	  10.69
	  0.681	  0.043	  0.731
	 -0.573	 -0.592	  0.567
	  0.459	 -0.804	 -0.378

6 	  51.70	   1.32	  11.18
	  0.742	 -0.642	  0.194
	  0.671	  0.726	 -0.151
	 -0.040	  0.242	  0.969

7 	  41.17	  -8.31	  -1.39
	  0.516	 -0.854	  0.064
	  0.828	  0.478	 -0.293
	  0.220	  0.204	  0.954

8 	  45.28	 -11.00	   9.63
	  0.605	  0.071	  0.793
	  0.725	 -0.459	 -0.512
	  0.328	  0.885	 -0.329

9 	  52.08	  -4.13	  11.13
	  0.703	  0.662	  0.258
	 -0.710	  0.683	  0.171
	 -0.059	 -0.304	  0.950

2 	  35.81	  -1.88	   2.07
	 -0.085	 -0.979	 -0.187
	  0.328	  0.150	 -0.933
	  0.941	 -0.140	  0.308

3 	  45.84	  -1.65	   3.04
	  0.560	  0.136	  0.817
	 -0.191	  0.981	 -0.034
	 -0.807	 -0.136	  0.575

4 	  41.41	   5.10	  -0.86
	  0.419	  0.880	  0.223
	 -0.885	  0.340	  0.319
	  0.205	 -0.331	  0.921

5 	  44.33	   7.56	  10.71
	  0.680	  0.044	  0.732
	 -0.572	 -0.594	  0.566
	  0.461	 -0.802	 -0.379

6 	  51.70	   1.34	  11.18
	  0.742	 -0.642	  0.194
	  0.671	  0.726	 -0.150
	 -0.040	  0.241	  0.969

7 	  41.19	  -8.31	  -1.41
	  0.517	 -0.854	  0.063
	  0.828	  0.478	 -0.293
	  0.220	  0.203	  0.954

8 	  45.30	 -10.99	   9.63
	  0.604	  0.070	  0.794
	  0.726	 -0.459	 -0.511
	  0.329	  0.885	 -0.328

9 	  52.08	  -4.11	  11.11
	  0.703	  0.663	  0.258
	 -0.710	  0.683	  0.171
	 -0.059	 -0.304	  0.950

2 	  44.88	  -0.98	  -1.05
	 -0.179	 -0.935	 -0.305
	  0.526	 -0.353	  0.774
	 -0.832	 -0.022	  0.555

3 	  45.49	  -1.81	   2.72
	  0.597	  0.140	  0.790
	 -0.159	  0.986	 -0.056
	 -0.787	 -0.091	  0.610

4 	  40.78	   4.97	  -0.93
	  0.457	  0.873	  0.169
	 -0.855	  0.377	  0.356
	  0.248	 -0.307	  0.918

5 	  44.16	   7.44	  10.48
	  0.706	  0.055	  0.706
	 -0.545	 -0.595	  0.590
	  0.454	 -0.801	 -0.390

6 	  51.63	   1.25	  11.14
	  0.735	 -0.641	  0.222
	  0.678	  0.711	 -0.187
	 -0.033	  0.289	  0.957

7 	  40.64	  -8.56	  -1.20
	  0.537	 -0.842	  0.044
	  0.791	  0.484	 -0.374
	  0.295	  0.235	  0.926

8 	  45.14	 -11.00	   9.70
	  0.627	  0.080	  0.775
	  0.710	 -0.468	 -0.526
	  0.321	  0.880	 -0.350

9 	  52.01	  -4.10	  11.11
	  0.703	  0.665	  0.252
	 -0.711	  0.675	  0.196
	 -0.036	 -0.318	  0.947

2 	  44.84	  -1.30	  -1.02
	 -0.281	 -0.945	 -0.168
	  0.459	 -0.286	  0.841
	 -0.843	  0.159	  0.514

3 	  45.49	  -1.83	   2.71
	  0.599	  0.141	  0.788
	 -0.159	  0.985	 -0.057
	 -0.785	 -0.090	  0.612

4 	  40.78	   4.97	  -0.95
	  0.457	  0.874	  0.166
	 -0.854	  0.378	  0.358
	  0.251	 -0.305	  0.918

5 	  44.16	   7.45	  10.44
	  0.706	  0.056	  0.706
	 -0.544	 -0.597	  0.589
	  0.456	 -0.799	 -0.391

6 	  51.63	   1.28	  11.13
	  0.734	 -0.641	  0.224
	  0.678	  0.710	 -0.187
	 -0.035	  0.289	  0.956

7 	  40.62	  -8.58	  -1.21
	  0.538	 -0.842	  0.044
	  0.790	  0.484	 -0.375
	  0.296	  0.236	  0.925

8 	  45.14	 -11.02	   9.69
	  0.628	  0.080	  0.774
	  0.709	 -0.469	 -0.526
	  0.321	  0.879	 -0.351

9 	  52.01	  -4.10	  11.09
	  0.703	  0.665	  0.252
	 -0.711	  0.675	  0.196
	 -0.036	 -0.318	  0.947

2 	  44.61	  -1.11	  -1.27
	 -0.307	 -0.931	 -0.197
	  0.649	 -0.355	  0.672
	 -0.697	  0.078	  0.713

3 	  45.47	  -1.83	   2.72
	  0.595	  0.139	  0.791
	 -0.155	  0.986	 -0.058
	 -0.789	 -0.087	  0.608

4 	  40.76	   4.96	  -0.95
	  0.457	  0.874	  0.166
	 -0.854	  0.378	  0.357
	  0.250	 -0.305	  0.919

5 	  44.14	   7.44	  10.46
	  0.706	  0.052	  0.706
	 -0.545	 -0.598	  0.588
	  0.454	 -0.799	 -0.394

6 	  51.61	   1.25	  11.11
	  0.734	 -0.641	  0.223
	  0.678	  0.710	 -0.188
	 -0.034	  0.290	  0.956

7 	  40.61	  -8.58	  -1.20
	  0.538	 -0.842	  0.043
	  0.790	  0.484	 -0.376
	  0.297	  0.236	  0.925

8 	  45.14	 -11.00	   9.70
	  0.628	  0.080	  0.774
	  0.709	 -0.468	 -0.526
	  0.321	  0.879	 -0.351

9 	  52.00	  -4.10	  11.11
	  0.703	  0.664	  0.252
	 -0.711	  0.675	  0.197
	 -0.035	 -0.318	  0.947

2 	  44.79	  -0.54	  -1.05
	 -0.053	 -0.910	 -0.410
	  0.642	 -0.346	  0.684
	 -0.765	 -0.227	  0.603

3 	  45.47	  -1.83	   2.74
	  0.591	  0.138	  0.794
	 -0.152	  0.986	 -0.059
	 -0.792	 -0.085	  0.604

4 	  40.76	   4.96	  -0.93
	  0.457	  0.873	  0.168
	 -0.854	  0.378	  0.357
	  0.249	 -0.306	  0.919

5 	  44.14	   7.44	  10.48
	  0.707	  0.051	  0.705
	 -0.545	 -0.598	  0.588
	  0.453	 -0.799	 -0.395

6 	  51.63	   1.27	  11.13
	  0.735	 -0.640	  0.222
	  0.677	  0.711	 -0.189
	 -0.033	  0.290	  0.956

7 	  40.61	  -8.58	  -1.18
	  0.538	 -0.842	  0.044
	  0.789	  0.484	 -0.377
	  0.297	  0.237	  0.925

8 	  45.12	 -11.02	   9.70
	  0.628	  0.080	  0.773
	  0.709	 -0.468	 -0.527
	  0.320	  0.880	 -0.351

9 	  52.00	  -4.10	  11.11
	  0.704	  0.665	  0.251
	 -0.710	  0.675	  0.198
	 -0.033	 -0.318	  0.947

2 	  44.89	  -1.00	  -0.95
	 -0.142	 -0.944	 -0.299
	  0.527	 -0.327	  0.784
	 -0.838	 -0.046	  0.544

3 	  45.46	  -1.86	   2.74
	  0.593	  0.142	  0.792
	 -0.150	  0.986	 -0.066
	 -0.792	 -0.079	  0.606

4 	  40.75	   4.92	  -0.95
	  0.459	  0.873	  0.164
	 -0.853	  0.381	  0.357
	  0.250	 -0.304	  0.919

5 	  44.14	   7.42	  10.44
	  0.707	  0.053	  0.704
	 -0.546	 -0.593	  0.592
	  0.450	 -0.803	 -0.391

6 	  51.61	   1.25	  11.13
	  0.735	 -0.640	  0.223
	  0.677	  0.710	 -0.192
	 -0.032	  0.293	  0.955

7 	  40.59	  -8.61	  -1.16
	  0.538	 -0.842	  0.047
	  0.790	  0.482	 -0.379
	  0.297	  0.241	  0.924

8 	  45.14	 -11.02	   9.74
	  0.629	  0.083	  0.773
	  0.709	 -0.469	 -0.526
	  0.319	  0.879	 -0.354

9 	  52.00	  -4.11	  11.11
	  0.704	  0.665	  0.249
	 -0.710	  0.676	  0.197
	 -0.033	 -0.316	  0.948

2 	  43.59	   2.51	  -0.25
	  0.430	 -0.566	  0.702
	  0.649	  0.734	  0.197
	 -0.630	  0.371	  0.682

3 	  45.53	  -1.72	   2.78
	  0.587	  0.141	  0.797
	 -0.165	  0.985	 -0.054
	 -0.793	 -0.099	  0.601

4 	  40.80	   5.06	  -0.84
	  0.449	  0.873	  0.190
	 -0.859	  0.363	  0.360
	  0.246	 -0.325	  0.913

5 	  44.10	   7.47	  10.60
	  0.705	  0.050	  0.707
	 -0.538	 -0.612	  0.579
	  0.463	 -0.788	 -0.405

6 	  51.59	   1.32	  11.13
	  0.739	 -0.641	  0.208
	  0.674	  0.715	 -0.183
	 -0.028	  0.276	  0.960

7 	  40.69	  -8.44	  -1.25
	  0.540	 -0.841	  0.038
	  0.790	  0.490	 -0.368
	  0.292	  0.228	  0.929

8 	  45.14	 -10.97	   9.65
	  0.625	  0.073	  0.777
	  0.710	 -0.467	 -0.527
	  0.324	  0.881	 -0.344

9 	  52.01	  -4.10	  11.11
	  0.703	  0.664	  0.256
	 -0.711	  0.675	  0.195
	 -0.039	 -0.320	  0.946

2 	  43.75	   2.44	  -0.04
	  0.238	 -0.560	  0.793
	  0.609	  0.722	  0.327
	 -0.757	  0.406	  0.513

3 	  45.53	  -1.72	   2.78
	  0.586	  0.142	  0.797
	 -0.165	  0.984	 -0.055
	 -0.793	 -0.099	  0.600

4 	  40.80	   5.06	  -0.84
	  0.450	  0.873	  0.189
	 -0.860	  0.365	  0.357
	  0.244	 -0.323	  0.914

5 	  44.09	   7.47	  10.60
	  0.705	  0.050	  0.707
	 -0.538	 -0.612	  0.579
	  0.463	 -0.788	 -0.405

6 	  51.59	   1.34	  11.13
	  0.739	 -0.641	  0.209
	  0.674	  0.715	 -0.183
	 -0.028	  0.277	  0.960

7 	  40.68	  -8.44	  -1.23
	  0.540	 -0.841	  0.038
	  0.790	  0.490	 -0.369
	  0.292	  0.229	  0.928

8 	  45.14	 -10.97	   9.65
	  0.625	  0.073	  0.777
	  0.711	 -0.466	 -0.527
	  0.324	  0.881	 -0.343

9 	  52.00	  -4.10	  11.11
	  0.703	  0.664	  0.256
	 -0.711	  0.675	  0.196
	 -0.039	 -0.320	  0.946

2 	  43.51	   2.55	  -0.35
	  0.513	 -0.532	  0.673
	  0.635	  0.763	  0.121
	 -0.580	  0.365	  0.728

3 	  45.51	  -1.71	   2.74
	  0.593	  0.143	  0.792
	 -0.175	  0.983	 -0.048
	 -0.786	 -0.110	  0.608

4 	  40.76	   5.10	  -0.84
	  0.442	  0.874	  0.199
	 -0.862	  0.353	  0.364
	  0.249	 -0.332	  0.910

5 	  44.10	   7.47	  10.58
	  0.706	  0.051	  0.706
	 -0.535	 -0.616	  0.578
	  0.466	 -0.785	 -0.408

6 	  51.59	   1.35	  11.14
	  0.738	 -0.641	  0.210
	  0.675	  0.715	 -0.182
	 -0.030	  0.276	  0.960

7 	  40.68	  -8.42	  -1.27
	  0.541	 -0.840	  0.035
	  0.788	  0.491	 -0.371
	  0.295	  0.228	  0.927

8 	  45.16	 -10.99	   9.62
	  0.626	  0.072	  0.776
	  0.710	 -0.466	 -0.528
	  0.324	  0.882	 -0.343

9 	  52.01	  -4.11	  11.09
	  0.702	  0.664	  0.258
	 -0.711	  0.674	  0.197
	 -0.039	 -0.322	  0.946

2 	  43.66	   2.71	  -0.25
	  0.431	 -0.626	  0.650
	  0.578	  0.744	  0.335
	 -0.695	  0.231	  0.681

3 	  45.53	  -1.67	   2.72
	  0.594	  0.141	  0.791
	 -0.176	  0.983	 -0.044
	 -0.785	 -0.113	  0.609

4 	  40.78	   5.13	  -0.83
	  0.445	  0.874	  0.197
	 -0.863	  0.358	  0.356
	  0.242	 -0.328	  0.913

5 	  44.09	   7.47	  10.60
	  0.706	  0.051	  0.706
	 -0.532	 -0.621	  0.575
	  0.469	 -0.781	 -0.412

6 	  51.61	   1.35	  11.13
	  0.738	 -0.642	  0.208
	  0.674	  0.716	 -0.179
	 -0.030	  0.273	  0.961

7 	  40.69	  -8.38	  -1.28
	  0.543	 -0.839	  0.032
	  0.787	  0.495	 -0.369
	  0.295	  0.225	  0.928

8 	  45.16	 -10.97	   9.58
	  0.625	  0.070	  0.777
	  0.710	 -0.464	 -0.529
	  0.324	  0.882	 -0.340

9 	  52.01	  -4.08	  11.09
	  0.701	  0.664	  0.261
	 -0.713	  0.673	  0.197
	 -0.041	 -0.324	  0.945

2 	  43.56	   2.51	  -0.21
	  0.415	 -0.588	  0.694
	  0.665	  0.716	  0.210
	 -0.623	  0.374	  0.687

3 	  45.51	  -1.69	   2.74
	  0.590	  0.139	  0.795
	 -0.171	  0.984	 -0.047
	 -0.789	 -0.107	  0.604

4 	  40.78	   5.12	  -0.81
	  0.446	  0.874	  0.193
	 -0.863	  0.362	  0.352
	  0.238	 -0.324	  0.915

5 	  44.09	   7.47	  10.62
	  0.706	  0.049	  0.706
	 -0.533	 -0.620	  0.575
	  0.468	 -0.782	 -0.412

6 	  51.61	   1.37	  11.14
	  0.739	 -0.641	  0.207
	  0.674	  0.716	 -0.180
	 -0.029	  0.273	  0.961

7 	  40.69	  -8.40	  -1.28
	  0.542	 -0.840	  0.033
	  0.788	  0.494	 -0.368
	  0.294	  0.225	  0.929

8 	  45.16	 -10.97	   9.62
	  0.625	  0.070	  0.777
	  0.711	 -0.464	 -0.529
	  0.323	  0.883	 -0.340

9 	  52.01	  -4.10	  11.09
	  0.701	  0.664	  0.260
	 -0.712	  0.673	  0.198
	 -0.040	 -0.325	  0.945

2 	  43.08	   4.20	  -1.34
	 -0.184	 -0.982	 -0.040
	  0.766	 -0.167	  0.620
	 -0.617	  0.082	  0.782

3 	  45.51	  -1.78	   2.72
	  0.593	  0.139	  0.792
	 -0.154	  0.986	 -0.060
	 -0.790	 -0.086	  0.606

4 	  40.82	   4.96	  -0.90
	  0.479	  0.859	  0.180
	 -0.854	  0.408	  0.321
	  0.203	 -0.307	  0.929

5 	  44.07	   7.44	  10.58
	  0.706	  0.055	  0.706
	 -0.532	 -0.618	  0.579
	  0.470	 -0.783	 -0.407

6 	  51.59	   1.34	  11.14
	  0.739	 -0.640	  0.211
	  0.674	  0.716	 -0.183
	 -0.030	  0.279	  0.959

7 	  40.66	  -8.49	  -1.21
	  0.542	 -0.840	  0.039
	  0.787	  0.490	 -0.375
	  0.297	  0.233	  0.926

8 	  45.14	 -11.00	   9.65
	  0.628	  0.074	  0.775
	  0.709	 -0.466	 -0.529
	  0.322	  0.881	 -0.345

9 	  52.01	  -4.13	  11.09
	  0.702	  0.664	  0.256
	 -0.711	  0.676	  0.194
	 -0.040	 -0.319	  0.947

2 	  43.33	   4.01	  -1.09
	 -0.202	 -0.979	  0.016
	  0.619	 -0.113	  0.777
	 -0.760	  0.166	  0.628

3 	  45.51	  -1.81	   2.72
	  0.592	  0.140	  0.793
	 -0.151	  0.986	 -0.064
	 -0.792	 -0.081	  0.605

4 	  40.83	   4.92	  -0.90
	  0.483	  0.857	  0.176
	 -0.853	  0.415	  0.317
	  0.199	 -0.303	  0.932

5 	  44.07	   7.42	  10.56
	  0.706	  0.057	  0.706
	 -0.533	 -0.615	  0.581
	  0.469	 -0.785	 -0.404

6 	  51.59	   1.34	  11.14
	  0.740	 -0.639	  0.212
	  0.673	  0.716	 -0.185
	 -0.029	  0.281	  0.959

7 	  40.64	  -8.53	  -1.21
	  0.541	 -0.840	  0.040
	  0.787	  0.489	 -0.376
	  0.297	  0.235	  0.925

8 	  45.14	 -11.00	   9.67
	  0.627	  0.075	  0.775
	  0.709	 -0.466	 -0.529
	  0.322	  0.881	 -0.346

9 	  52.01	  -4.13	  11.11
	  0.703	  0.664	  0.255
	 -0.711	  0.676	  0.194
	 -0.040	 -0.318	  0.947

2 	  42.77	   3.94	  -1.53
	 -0.182	 -0.976	  0.119
	  0.893	 -0.112	  0.435
	 -0.413	  0.184	  0.892

3 	  45.53	  -1.79	   2.74
	  0.593	  0.141	  0.792
	 -0.151	  0.986	 -0.064
	 -0.791	 -0.081	  0.606

4 	  40.83	   4.89	  -0.91
	  0.487	  0.855	  0.177
	 -0.853	  0.420	  0.310
	  0.191	 -0.302	  0.934

5 	  44.07	   7.42	  10.56
	  0.706	  0.056	  0.706
	 -0.533	 -0.615	  0.581
	  0.468	 -0.786	 -0.404

6 	  51.59	   1.34	  11.14
	  0.740	 -0.639	  0.212
	  0.673	  0.716	 -0.184
	 -0.030	  0.280	  0.959

7 	  40.64	  -8.51	  -1.21
	  0.542	 -0.839	  0.040
	  0.787	  0.489	 -0.376
	  0.297	  0.235	  0.925

8 	  45.16	 -11.00	   9.67
	  0.628	  0.075	  0.775
	  0.709	 -0.466	 -0.529
	  0.322	  0.881	 -0.345

9 	  52.01	  -4.13	  11.09
	  0.703	  0.664	  0.255
	 -0.711	  0.676	  0.194
	 -0.040	 -0.318	  0.947

2 	  43.07	   4.59	  -1.42
	 -0.057	 -0.966	 -0.254
	  0.809	 -0.193	  0.556
	 -0.586	 -0.174	  0.791

3 	  45.53	  -1.78	   2.71
	  0.599	  0.139	  0.788
	 -0.155	  0.986	 -0.058
	 -0.786	 -0.087	  0.612

4 	  40.83	   4.94	  -0.93
	  0.489	  0.854	  0.178
	 -0.853	  0.424	  0.304
	  0.185	 -0.300	  0.936

5 	  44.07	   7.42	  10.56
	  0.706	  0.058	  0.706
	 -0.529	 -0.620	  0.579
	  0.473	 -0.781	 -0.407

6 	  51.61	   1.35	  11.14
	  0.740	 -0.639	  0.210
	  0.673	  0.717	 -0.182
	 -0.030	  0.277	  0.960

7 	  40.64	  -8.51	  -1.23
	  0.542	 -0.839	  0.038
	  0.786	  0.490	 -0.376
	  0.299	  0.233	  0.925

8 	  45.16	 -11.02	   9.63
	  0.627	  0.074	  0.775
	  0.709	 -0.465	 -0.529
	  0.322	  0.882	 -0.344

9 	  52.01	  -4.15	  11.09
	  0.702	  0.664	  0.257
	 -0.711	  0.675	  0.193
	 -0.041	 -0.319	  0.947

2 	  43.35	   4.27	  -1.14
	 -0.121	 -0.984	 -0.133
	  0.646	 -0.179	  0.742
	 -0.755	  0.003	  0.655

3 	  45.54	  -1.78	   2.67
	  0.603	  0.139	  0.785
	 -0.157	  0.986	 -0.056
	 -0.782	 -0.089	  0.616

4 	  40.85	   4.92	  -0.93
	  0.491	  0.853	  0.174
	 -0.852	  0.428	  0.302
	  0.184	 -0.296	  0.937

5 	  44.07	   7.44	  10.53
	  0.704	  0.063	  0.708
	 -0.527	 -0.622	  0.579
	  0.478	 -0.780	 -0.404

6 	  51.59	   1.34	  11.13
	  0.738	 -0.640	  0.213
	  0.675	  0.715	 -0.180
	 -0.033	  0.277	  0.960

7 	  40.64	  -8.51	  -1.23
	  0.543	 -0.839	  0.038
	  0.786	  0.491	 -0.376
	  0.298	  0.233	  0.925

8 	  45.16	 -11.02	   9.63
	  0.626	  0.074	  0.776
	  0.710	 -0.466	 -0.528
	  0.322	  0.881	 -0.345

9 	  52.01	  -4.13	  11.09
	  0.701	  0.665	  0.257
	 -0.712	  0.675	  0.191
	 -0.042	 -0.318	  0.947

2 	  38.92	   5.59	  -0.91
	 -0.605	 -0.782	  0.150
	  0.296	 -0.396	 -0.869
	  0.739	 -0.482	  0.470

3 	  45.56	  -1.81	   2.74
	  0.593	  0.142	  0.792
	 -0.153	  0.986	 -0.064
	 -0.791	 -0.082	  0.606

4 	  40.85	   4.90	  -0.95
	  0.478	  0.861	  0.171
	 -0.852	  0.407	  0.330
	  0.215	 -0.303	  0.928

5 	  44.09	   7.42	  10.58
	  0.702	  0.052	  0.710
	 -0.536	 -0.619	  0.573
	  0.471	 -0.782	 -0.407

6 	  51.61	   1.32	  11.14
	  0.740	 -0.640	  0.209
	  0.673	  0.718	 -0.178
	 -0.031	  0.273	  0.961

7 	  40.66	  -8.54	  -1.21
	  0.538	 -0.841	  0.043
	  0.790	  0.486	 -0.375
	  0.295	  0.236	  0.926

8 	  45.16	 -11.02	   9.69
	  0.626	  0.075	  0.776
	  0.709	 -0.469	 -0.526
	  0.324	  0.880	 -0.348

9 	  52.01	  -4.15	  11.09
	  0.704	  0.664	  0.252
	 -0.709	  0.679	  0.189
	 -0.042	 -0.313	  0.949

2 	  38.90	   5.19	  -1.07
	 -0.517	 -0.814	  0.264
	  0.423	 -0.511	 -0.748
	  0.745	 -0.275	  0.608

3 	  45.54	  -1.83	   2.76
	  0.592	  0.144	  0.793
	 -0.151	  0.986	 -0.068
	 -0.792	 -0.079	  0.605

4 	  40.83	   4.87	  -0.93
	  0.482	  0.859	  0.172
	 -0.849	  0.410	  0.333
	  0.216	 -0.306	  0.927

5 	  44.09	   7.40	  10.60
	  0.702	  0.052	  0.710
	 -0.537	 -0.617	  0.575
	  0.470	 -0.784	 -0.405

6 	  51.63	   1.34	  11.16
	  0.741	 -0.638	  0.208
	  0.671	  0.719	 -0.180
	 -0.030	  0.274	  0.961

7 	  40.66	  -8.56	  -1.21
	  0.538	 -0.842	  0.044
	  0.790	  0.485	 -0.375
	  0.295	  0.237	  0.925

8 	  45.14	 -11.02	   9.70
	  0.626	  0.076	  0.776
	  0.709	 -0.469	 -0.526
	  0.324	  0.880	 -0.347

9 	  52.01	  -4.15	  11.11
	  0.704	  0.664	  0.252
	 -0.709	  0.679	  0.190
	 -0.041	 -0.313	  0.949

2 	  38.79	   5.43	  -0.70
	 -0.506	 -0.843	  0.185
	  0.269	 -0.357	 -0.895
	  0.820	 -0.402	  0.406

3 	  45.54	  -1.83	   2.74
	  0.591	  0.144	  0.793
	 -0.151	  0.986	 -0.068
	 -0.792	 -0.079	  0.605

4 	  40.85	   4.89	  -0.93
	  0.482	  0.859	  0.170
	 -0.849	  0.410	  0.333
	  0.217	 -0.304	  0.927

5 	  44.09	   7.40	  10.58
	  0.702	  0.052	  0.710
	 -0.537	 -0.617	  0.575
	  0.470	 -0.784	 -0.405

6 	  51.61	   1.34	  11.14
	  0.741	 -0.638	  0.208
	  0.671	  0.719	 -0.181
	 -0.030	  0.275	  0.961

7 	  40.64	  -8.54	  -1.20
	  0.538	 -0.842	  0.044
	  0.790	  0.485	 -0.376
	  0.296	  0.237	  0.925

8 	  45.16	 -11.02	   9.69
	  0.627	  0.075	  0.775
	  0.708	 -0.469	 -0.527
	  0.324	  0.880	 -0.347

9 	  52.01	  -4.15	  11.11
	  0.704	  0.664	  0.252
	 -0.709	  0.678	  0.192
	 -0.040	 -0.314	  0.948

2 	  39.01	   5.66	  -1.02
	 -0.645	 -0.763	  0.040
	  0.405	 -0.385	 -0.829
	  0.649	 -0.518	  0.557

3 	  45.54	  -1.83	   2.72
	  0.598	  0.144	  0.788
	 -0.156	  0.985	 -0.063
	 -0.787	 -0.085	  0.611

4 	  40.83	   4.87	  -0.95
	  0.481	  0.860	  0.170
	 -0.849	  0.407	  0.338
	  0.222	 -0.307	  0.925

5 	  44.10	   7.40	  10.56
	  0.702	  0.054	  0.709
	 -0.534	 -0.619	  0.575
	  0.472	 -0.782	 -0.406

6 	  51.61	   1.34	  11.13
	  0.740	 -0.639	  0.210
	  0.673	  0.718	 -0.179
	 -0.032	  0.275	  0.961

7 	  40.64	  -8.54	  -1.21
	  0.539	 -0.841	  0.043
	  0.789	  0.486	 -0.376
	  0.297	  0.237	  0.925

8 	  45.16	 -11.02	   9.67
	  0.626	  0.075	  0.776
	  0.709	 -0.469	 -0.526
	  0.325	  0.879	 -0.347

9 	  52.01	  -4.15	  11.09
	  0.704	  0.664	  0.252
	 -0.710	  0.678	  0.192
	 -0.040	 -0.314	  0.948

2 	  38.85	   5.59	  -0.86
	 -0.605	 -0.778	  0.168
	  0.287	 -0.409	 -0.866
	  0.743	 -0.476	  0.470

3 	  45.56	  -1.83	   2.69
	  0.601	  0.143	  0.786
	 -0.161	  0.985	 -0.058
	 -0.784	 -0.090	  0.615

4 	  40.82	   4.90	  -0.97
	  0.480	  0.860	  0.170
	 -0.848	  0.405	  0.341
	  0.226	 -0.308	  0.924

5 	  44.10	   7.42	  10.56
	  0.701	  0.057	  0.710
	 -0.532	 -0.622	  0.574
	  0.476	 -0.780	 -0.406

6 	  51.61	   1.32	  11.14
	  0.739	 -0.640	  0.211
	  0.674	  0.717	 -0.178
	 -0.033	  0.275	  0.961

7 	  40.66	  -8.54	  -1.21
	  0.540	 -0.841	  0.042
	  0.788	  0.487	 -0.376
	  0.297	  0.236	  0.925

8 	  45.16	 -11.04	   9.65
	  0.626	  0.075	  0.776
	  0.709	 -0.469	 -0.526
	  0.325	  0.880	 -0.347

9 	  52.01	  -4.15	  11.09
	  0.703	  0.664	  0.253
	 -0.710	  0.677	  0.191
	 -0.040	 -0.315	  0.948

2 	  37.18	   0.93	  -0.44
	  0.216	 -0.774	 -0.595
	  0.254	  0.632	 -0.732
	  0.942	  0.007	  0.333

3 	  46.05	  -1.69	   3.11
	  0.567	  0.156	  0.808
	 -0.157	  0.984	 -0.082
	 -0.809	 -0.080	  0.582

4 	  41.82	   5.10	  -1.00
	  0.413	  0.882	  0.226
	 -0.893	  0.342	  0.293
	  0.181	 -0.323	  0.929

5 	  44.38	   7.61	  10.71
	  0.658	  0.057	  0.750
	 -0.577	 -0.604	  0.550
	  0.486	 -0.794	 -0.365

6 	  51.77	   1.51	  11.16
	  0.744	 -0.641	  0.188
	  0.666	  0.737	 -0.114
	 -0.062	  0.210	  0.975

7 	  41.38	  -8.26	  -1.35
	  0.507	 -0.859	  0.070
	  0.838	  0.473	 -0.271
	  0.200	  0.196	  0.960

8 	  45.21	 -11.02	   9.77
	  0.597	  0.059	  0.800
	  0.717	 -0.488	 -0.498
	  0.362	  0.870	 -0.333

9 	  52.17	  -4.38	  11.06
	  0.717	  0.655	  0.239
	 -0.692	  0.713	  0.113
	 -0.093	 -0.247	  0.964

2 	  37.27	   0.40	  -0.33
	  0.438	 -0.785	 -0.438
	  0.151	  0.544	 -0.826
	  0.886	  0.296	  0.357

3 	  46.05	  -1.67	   3.08
	  0.575	  0.155	  0.803
	 -0.165	  0.983	 -0.074
	 -0.802	 -0.089	  0.590

4 	  41.80	   5.13	  -1.00
	  0.414	  0.881	  0.228
	 -0.891	  0.341	  0.298
	  0.185	 -0.327	  0.927

5 	  44.37	   7.59	  10.71
	  0.658	  0.054	  0.751
	 -0.575	 -0.609	  0.547
	  0.488	 -0.790	 -0.370

6 	  51.77	   1.51	  11.14
	  0.745	 -0.641	  0.184
	  0.666	  0.738	 -0.108
	 -0.063	  0.203	  0.977

7 	  41.36	  -8.23	  -1.39
	  0.510	 -0.858	  0.068
	  0.836	  0.475	 -0.273
	  0.203	  0.195	  0.959

8 	  45.23	 -11.00	   9.72
	  0.597	  0.058	  0.800
	  0.718	 -0.485	 -0.500
	  0.359	  0.872	 -0.331

9 	  52.17	  -4.31	  11.07
	  0.713	  0.656	  0.246
	 -0.697	  0.706	  0.126
	 -0.088	 -0.262	  0.961

2 	  37.21	   0.53	  -0.39
	  0.381	 -0.789	 -0.482
	  0.159	  0.569	 -0.807
	  0.911	  0.231	  0.342

3 	  46.05	  -1.63	   3.09
	  0.571	  0.155	  0.806
	 -0.163	  0.984	 -0.075
	 -0.805	 -0.088	  0.586

4 	  41.82	   5.17	  -0.98
	  0.414	  0.881	  0.230
	 -0.892	  0.340	  0.297
	  0.184	 -0.328	  0.927

5 	  44.37	   7.59	  10.72
	  0.658	  0.053	  0.751
	 -0.576	 -0.608	  0.547
	  0.487	 -0.791	 -0.370

6 	  51.77	   1.51	  11.14
	  0.745	 -0.641	  0.183
	  0.665	  0.739	 -0.107
	 -0.062	  0.202	  0.977

7 	  41.36	  -8.24	  -1.37
	  0.508	 -0.859	  0.068
	  0.838	  0.474	 -0.270
	  0.200	  0.194	  0.960

8 	  45.23	 -10.99	   9.74
	  0.597	  0.058	  0.800
	  0.718	 -0.484	 -0.500
	  0.359	  0.873	 -0.330

9 	  52.15	  -4.31	  11.09
	  0.713	  0.656	  0.247
	 -0.696	  0.706	  0.127
	 -0.088	 -0.263	  0.961

2 	  37.23	   0.62	  -0.46
	  0.393	 -0.782	 -0.484
	  0.233	  0.593	 -0.770
	  0.890	  0.190	  0.415

3 	  46.05	  -1.65	   3.11
	  0.568	  0.155	  0.808
	 -0.160	  0.984	 -0.079
	 -0.808	 -0.084	  0.583

4 	  41.80	   5.15	  -0.97
	  0.413	  0.881	  0.230
	 -0.892	  0.341	  0.296
	  0.183	 -0.327	  0.927

5 	  44.37	   7.59	  10.74
	  0.659	  0.052	  0.750
	 -0.578	 -0.605	  0.548
	  0.484	 -0.793	 -0.369

6 	  51.77	   1.49	  11.14
	  0.745	 -0.641	  0.182
	  0.665	  0.739	 -0.109
	 -0.061	  0.203	  0.977

7 	  41.36	  -8.24	  -1.37
	  0.508	 -0.859	  0.069
	  0.838	  0.474	 -0.270
	  0.200	  0.195	  0.960

8 	  45.23	 -10.99	   9.76
	  0.597	  0.059	  0.799
	  0.718	 -0.483	 -0.501
	  0.357	  0.873	 -0.331

9 	  52.15	  -4.31	  11.09
	  0.713	  0.656	  0.246
	 -0.696	  0.706	  0.129
	 -0.085	 -0.264	  0.961

2 	  37.21	   0.63	  -0.44
	  0.384	 -0.780	 -0.493
	  0.231	  0.598	 -0.767
	  0.894	  0.181	  0.410

3 	  46.04	  -1.65	   3.11
	  0.568	  0.156	  0.808
	 -0.160	  0.984	 -0.079
	 -0.808	 -0.083	  0.583

4 	  41.80	   5.15	  -0.97
	  0.413	  0.881	  0.229
	 -0.892	  0.341	  0.296
	  0.183	 -0.327	  0.927

5 	  44.37	   7.59	  10.74
	  0.659	  0.052	  0.750
	 -0.577	 -0.605	  0.548
	  0.484	 -0.794	 -0.369

6 	  51.75	   1.49	  11.14
	  0.746	 -0.641	  0.182
	  0.665	  0.739	 -0.110
	 -0.060	  0.203	  0.977

7 	  41.38	  -8.24	  -1.35
	  0.508	 -0.859	  0.070
	  0.838	  0.474	 -0.270
	  0.200	  0.195	  0.960

8 	  45.23	 -11.00	   9.76
	  0.598	  0.059	  0.799
	  0.718	 -0.482	 -0.501
	  0.357	  0.874	 -0.330

9 	  52.15	  -4.31	  11.09
	  0.714	  0.656	  0.246
	 -0.696	  0.706	  0.130
	 -0.084	 -0.265	  0.960

2 	  36.21	   2.81	   4.18
	 -0.380	 -0.902	 -0.202
	 -0.021	  0.226	 -0.974
	  0.924	 -0.366	 -0.105

3 	  46.05	  -1.67	   3.08
	  0.578	  0.161	  0.800
	 -0.175	  0.982	 -0.072
	 -0.798	 -0.098	  0.595

4 	  41.80	   5.12	  -0.98
	  0.418	  0.879	  0.229
	 -0.887	  0.338	  0.316
	  0.201	 -0.334	  0.921

5 	  44.40	   7.61	  10.69
	  0.660	  0.055	  0.749
	 -0.577	 -0.603	  0.551
	  0.484	 -0.795	 -0.366

6 	  51.77	   1.48	  11.16
	  0.743	 -0.643	  0.187
	  0.668	  0.735	 -0.116
	 -0.059	  0.211	  0.975

7 	  41.36	  -8.30	  -1.34
	  0.511	 -0.857	  0.070
	  0.834	  0.474	 -0.281
	  0.208	  0.201	  0.957

8 	  45.25	 -11.00	   9.77
	  0.598	  0.061	  0.799
	  0.717	 -0.486	 -0.499
	  0.359	  0.871	 -0.335

9 	  52.17	  -4.32	  11.07
	  0.714	  0.656	  0.243
	 -0.694	  0.710	  0.117
	 -0.092	 -0.253	  0.963

2 	  36.19	   2.74	   4.18
	 -0.360	 -0.913	 -0.193
	 -0.023	  0.215	 -0.976
	  0.933	 -0.347	 -0.098

3 	  46.04	  -1.69	   3.09
	  0.574	  0.159	  0.803
	 -0.172	  0.982	 -0.074
	 -0.801	 -0.095	  0.591

4 	  41.80	   5.13	  -0.98
	  0.418	  0.879	  0.229
	 -0.886	  0.338	  0.316
	  0.201	 -0.334	  0.921

5 	  44.40	   7.61	  10.71
	  0.659	  0.054	  0.750
	 -0.579	 -0.601	  0.551
	  0.483	 -0.796	 -0.365

6 	  51.77	   1.48	  11.16
	  0.743	 -0.643	  0.186
	  0.668	  0.734	 -0.117
	 -0.058	  0.211	  0.975

7 	  41.36	  -8.28	  -1.32
	  0.510	 -0.857	  0.070
	  0.835	  0.474	 -0.280
	  0.207	  0.201	  0.957

8 	  45.23	 -11.02	   9.79
	  0.598	  0.061	  0.799
	  0.717	 -0.485	 -0.500
	  0.358	  0.872	 -0.334

9 	  52.17	  -4.34	  11.07
	  0.715	  0.656	  0.243
	 -0.694	  0.710	  0.117
	 -0.093	 -0.253	  0.963

2 	  36.18	   2.48	   4.13
	 -0.252	 -0.946	 -0.204
	 -0.022	  0.217	 -0.976
	  0.967	 -0.241	 -0.075

3 	  46.04	  -1.69	   3.13
	  0.570	  0.160	  0.806
	 -0.170	  0.982	 -0.077
	 -0.805	 -0.092	  0.586

4 	  41.80	   5.10	  -0.97
	  0.418	  0.879	  0.228
	 -0.887	  0.338	  0.315
	  0.200	 -0.333	  0.921

5 	  44.40	   7.61	  10.72
	  0.659	  0.054	  0.750
	 -0.581	 -0.598	  0.552
	  0.480	 -0.798	 -0.363

6 	  51.77	   1.48	  11.14
	  0.744	 -0.642	  0.184
	  0.667	  0.735	 -0.118
	 -0.056	  0.211	  0.976

7 	  41.34	  -8.30	  -1.34
	  0.509	 -0.858	  0.071
	  0.836	  0.473	 -0.278
	  0.205	  0.201	  0.958

8 	  45.23	 -11.02	   9.79
	  0.598	  0.061	  0.799
	  0.718	 -0.484	 -0.500
	  0.357	  0.872	 -0.334

9 	  52.17	  -4.34	  11.09
	  0.715	  0.655	  0.243
	 -0.693	  0.711	  0.116
	 -0.093	 -0.253	  0.963

2 	  36.25	   2.74	   4.27
	 -0.357	 -0.903	 -0.239
	 -0.037	  0.269	 -0.962
	  0.933	 -0.335	 -0.129

3 	  46.04	  -1.69	   3.13
	  0.569	  0.160	  0.806
	 -0.168	  0.982	 -0.079
	 -0.806	 -0.090	  0.585

4 	  41.82	   5.12	  -0.97
	  0.417	  0.880	  0.229
	 -0.887	  0.338	  0.314
	  0.199	 -0.334	  0.921

5 	  44.40	   7.61	  10.72
	  0.659	  0.054	  0.750
	 -0.581	 -0.597	  0.553
	  0.479	 -0.799	 -0.362

6 	  51.77	   1.46	  11.14
