2 	  46.48	  -0.95	   4.96
	 -0.276	 -0.953	 -0.122
	  0.368	 -0.223	  0.903
	 -0.888	  0.204	  0.412

3 	  44.63	  -0.56	   1.71
	  0.692	  0.298	  0.657
	 -0.499	  0.856	  0.136
	 -0.522	 -0.423	  0.741

4 	  38.48	   6.45	  -1.37
	  0.705	  0.697	  0.130
	 -0.673	  0.599	  0.433
	  0.224	 -0.393	  0.892

5 	  41.89	   9.51	   9.90
	  0.770	  0.138	  0.623
	 -0.317	 -0.765	  0.561
	  0.553	 -0.629	 -0.545

6 	  51.66	   5.13	  12.41
	  0.706	 -0.458	  0.540
	  0.264	  0.878	  0.399
	 -0.658	 -0.140	  0.740

7 	  38.36	  -7.65	  -1.48
	  0.773	 -0.634	  0.001
	  0.612	  0.746	 -0.260
	  0.164	  0.202	  0.965

8 	  42.10	 -10.04	   9.91
	  0.835	  0.009	  0.550
	  0.225	 -0.918	 -0.327
	  0.502	  0.396	 -0.769

9 	  51.47	  -6.73	  11.83
	  0.760	  0.452	  0.467
	 -0.214	  0.852	 -0.478
	 -0.614	  0.263	  0.744

2 	  46.41	  -1.16	   4.89
	 -0.429	 -0.899	 -0.090
	  0.283	 -0.229	  0.931
	 -0.858	  0.374	  0.353

3 	  44.65	  -0.60	   1.65
	  0.698	  0.295	  0.652
	 -0.497	  0.855	  0.145
	 -0.515	 -0.426	  0.744

4 	  38.51	   6.43	  -1.41
	  0.710	  0.693	  0.123
	 -0.667	  0.606	  0.434
	  0.226	 -0.391	  0.892

5 	  41.92	   9.49	   9.84
	  0.769	  0.140	  0.623
	 -0.315	 -0.765	  0.561
	  0.555	 -0.628	 -0.545

6 	  51.66	   5.10	  12.45
	  0.704	 -0.453	  0.547
	  0.262	  0.882	  0.391
	 -0.660	 -0.132	  0.739

7 	  38.32	  -7.66	  -1.49
	  0.771	 -0.636	  0.000
	  0.614	  0.745	 -0.263
	  0.167	  0.203	  0.965

8 	  42.12	 -10.05	   9.91
	  0.835	  0.007	  0.550
	  0.223	 -0.919	 -0.326
	  0.503	  0.395	 -0.769

9 	  51.49	  -6.77	  11.81
	  0.759	  0.452	  0.468
	 -0.211	  0.851	 -0.480
	 -0.616	  0.265	  0.742

2 	  46.20	  -1.00	   4.66
	 -0.381	 -0.924	  0.001
	  0.545	 -0.224	  0.808
	 -0.747	  0.308	  0.589

3 	  44.58	  -0.60	   1.56
	  0.689	  0.293	  0.663
	 -0.506	  0.849	  0.150
	 -0.519	 -0.438	  0.733

4 	  38.51	   6.40	  -1.42
	  0.712	  0.691	  0.121
	 -0.664	  0.608	  0.435
	  0.227	 -0.390	  0.892

5 	  41.91	   9.47	   9.83
	  0.768	  0.143	  0.623
	 -0.314	 -0.765	  0.562
	  0.557	 -0.628	 -0.543

6 	  51.68	   5.10	  12.39
	  0.705	 -0.452	  0.546
	  0.262	  0.882	  0.391
	 -0.659	 -0.133	  0.740

7 	  38.27	  -7.70	  -1.48
	  0.770	 -0.638	 -0.001
	  0.615	  0.743	 -0.265
	  0.170	  0.203	  0.964

8 	  42.10	 -10.05	   9.93
	  0.836	  0.009	  0.547
	  0.224	 -0.918	 -0.327
	  0.500	  0.396	 -0.770

9 	  51.49	  -6.75	  11.81
	  0.760	  0.453	  0.467
	 -0.212	  0.851	 -0.481
	 -0.615	  0.266	  0.742

2 	  46.37	  -0.76	   4.71
	 -0.168	 -0.980	 -0.107
	  0.549	 -0.183	  0.815
	 -0.818	  0.078	  0.569

3 	  44.61	  -0.53	   1.65
	  0.696	  0.306	  0.649
	 -0.506	  0.851	  0.140
	 -0.510	 -0.426	  0.747

4 	  38.50	   6.43	  -1.37
	  0.709	  0.693	  0.126
	 -0.668	  0.603	  0.435
	  0.225	 -0.393	  0.891

5 	  41.89	   9.47	   9.88
	  0.768	  0.143	  0.624
	 -0.315	 -0.765	  0.562
	  0.558	 -0.628	 -0.542

6 	  51.66	   5.15	  12.41
	  0.707	 -0.455	  0.541
	  0.259	  0.879	  0.401
	 -0.658	 -0.144	  0.739

7 	  38.34	  -7.63	  -1.48
	  0.774	 -0.632	 -0.002
	  0.610	  0.748	 -0.259
	  0.165	  0.199	  0.966

8 	  42.12	 -10.05	   9.91
	  0.838	  0.011	  0.546
	  0.228	 -0.915	 -0.331
	  0.496	  0.402	 -0.770

9 	  51.50	  -6.71	  11.83
	  0.759	  0.453	  0.468
	 -0.211	  0.851	 -0.480
	 -0.616	  0.265	  0.741

2 	  46.56	  -0.79	   4.92
	 -0.200	 -0.973	 -0.117
	  0.342	 -0.181	  0.922
	 -0.918	  0.144	  0.369

3 	  44.65	  -0.49	   1.71
	  0.702	  0.308	  0.642
	 -0.506	  0.849	  0.146
	 -0.501	 -0.428	  0.752

4 	  38.51	   6.45	  -1.37
	  0.708	  0.693	  0.129
	 -0.670	  0.603	  0.434
	  0.223	 -0.394	  0.891

5 	  41.87	   9.51	   9.90
	  0.767	  0.142	  0.625
	 -0.315	 -0.765	  0.561
	  0.558	 -0.628	 -0.543

6 	  51.68	   5.15	  12.41
	  0.708	 -0.458	  0.537
	  0.258	  0.876	  0.406
	 -0.657	 -0.150	  0.739

7 	  38.37	  -7.63	  -1.49
	  0.775	 -0.631	  0.001
	  0.610	  0.750	 -0.254
	  0.159	  0.197	  0.967

8 	  42.12	 -10.04	   9.91
	  0.837	  0.010	  0.547
	  0.228	 -0.915	 -0.332
	  0.497	  0.402	 -0.768

9 	  51.52	  -6.71	  11.85
	  0.758	  0.453	  0.469
	 -0.210	  0.850	 -0.482
	 -0.618	  0.267	  0.740

2 	  42.22	  -0.65	  -1.35
	  0.338	 -0.941	 -0.026
	  0.919	  0.324	  0.225
	 -0.203	 -0.100	  0.974

3 	  44.79	  -0.72	   2.04
	  0.701	  0.289	  0.651
	 -0.509	  0.843	  0.172
	 -0.500	 -0.453	  0.738

4 	  38.72	   6.36	  -1.30
	  0.703	  0.694	  0.153
	 -0.685	  0.604	  0.407
	  0.190	 -0.392	  0.900

5 	  41.84	   9.35	  10.11
	  0.758	  0.161	  0.632
	 -0.283	 -0.792	  0.542
	  0.587	 -0.590	 -0.554

6 	  51.70	   5.12	  12.41
	  0.709	 -0.468	  0.527
	  0.259	  0.868	  0.422
	 -0.656	 -0.163	  0.737

7 	  38.55	  -7.68	  -1.35
	  0.778	 -0.627	  0.018
	  0.610	  0.751	 -0.253
	  0.145	  0.208	  0.967

8 	  42.05	 -10.09	  10.14
	  0.831	 -0.018	  0.556
	  0.186	 -0.933	 -0.308
	  0.525	  0.359	 -0.772

9 	  51.45	  -6.79	  11.87
	  0.766	  0.461	  0.447
	 -0.229	  0.846	 -0.482
	 -0.600	  0.267	  0.754

2 	  42.21	  -1.05	  -1.30
	  0.245	 -0.931	  0.272
	  0.939	  0.297	  0.172
	 -0.241	  0.213	  0.947

3 	  44.79	  -0.70	   2.04
	  0.705	  0.285	  0.649
	 -0.506	  0.844	  0.178
	 -0.497	 -0.454	  0.739

4 	  38.72	   6.36	  -1.28
	  0.704	  0.693	  0.154
	 -0.684	  0.604	  0.407
	  0.189	 -0.392	  0.900

5 	  41.84	   9.35	  10.09
	  0.758	  0.162	  0.632
	 -0.282	 -0.792	  0.541
	  0.588	 -0.588	 -0.555

6 	  51.70	   5.13	  12.39
	  0.710	 -0.468	  0.526
	  0.259	  0.868	  0.422
	 -0.655	 -0.164	  0.738

7 	  38.55	  -7.68	  -1.35
	  0.779	 -0.626	  0.017
	  0.609	  0.751	 -0.254
	  0.146	  0.208	  0.967

8 	  42.06	 -10.09	  10.12
	  0.831	 -0.019	  0.556
	  0.185	 -0.933	 -0.307
	  0.525	  0.358	 -0.772

9 	  51.45	  -6.79	  11.85
	  0.766	  0.461	  0.447
	 -0.229	  0.846	 -0.482
	 -0.600	  0.267	  0.754

2 	  41.94	  -0.79	  -1.58
	  0.466	 -0.883	  0.057
	  0.883	  0.468	  0.029
	 -0.053	  0.037	  0.998

3 	  44.81	  -0.69	   1.97
	  0.710	  0.284	  0.645
	 -0.506	  0.842	  0.186
	 -0.490	 -0.458	  0.741

4 	  38.71	   6.35	  -1.32
	  0.706	  0.692	  0.149
	 -0.681	  0.604	  0.414
	  0.196	 -0.394	  0.898

5 	  41.85	   9.33	  10.07
	  0.758	  0.164	  0.631
	 -0.277	 -0.796	  0.539
	  0.591	 -0.583	 -0.558

6 	  51.71	   5.10	  12.39
	  0.708	 -0.468	  0.528
	  0.260	  0.869	  0.420
	 -0.656	 -0.160	  0.738

7 	  38.53	  -7.68	  -1.39
	  0.780	 -0.625	  0.013
	  0.607	  0.752	 -0.257
	  0.151	  0.209	  0.966

8 	  42.08	 -10.09	  10.07
	  0.831	 -0.021	  0.556
	  0.181	 -0.935	 -0.306
	  0.526	  0.355	 -0.773

9 	  51.47	  -6.79	  11.85
	  0.764	  0.461	  0.451
	 -0.227	  0.846	 -0.482
	 -0.604	  0.266	  0.751

2 	  42.33	  -0.30	  -1.41
	  0.595	 -0.797	 -0.101
	  0.757	  0.515	  0.402
	 -0.268	 -0.316	  0.910

3 	  44.81	  -0.70	   1.95
	  0.707	  0.285	  0.647
	 -0.508	  0.841	  0.184
	 -0.492	 -0.459	  0.739

4 	  38.71	   6.35	  -1.32
	  0.706	  0.693	  0.148
	 -0.680	  0.604	  0.414
	  0.198	 -0.393	  0.898

5 	  41.84	   9.33	  10.11
	  0.756	  0.164	  0.633
	 -0.277	 -0.796	  0.537
	  0.592	 -0.582	 -0.557

6 	  51.71	   5.08	  12.43
	  0.708	 -0.468	  0.529
	  0.260	  0.869	  0.420
	 -0.657	 -0.159	  0.737

7 	  38.53	  -7.66	  -1.39
	  0.780	 -0.625	  0.013
	  0.607	  0.752	 -0.256
	  0.150	  0.208	  0.966

8 	  42.08	 -10.07	  10.07
	  0.831	 -0.021	  0.556
	  0.182	 -0.934	 -0.307
	  0.526	  0.356	 -0.772

9 	  51.47	  -6.80	  11.85
	  0.764	  0.461	  0.450
	 -0.225	  0.845	 -0.484
	 -0.605	  0.268	  0.750

2 	  42.94	  -0.76	  -0.91
	  0.250	 -0.942	  0.223
	  0.680	  0.335	  0.652
	 -0.689	 -0.011	  0.724

3 	  44.79	  -0.70	   2.00
	  0.702	  0.283	  0.653
	 -0.507	  0.843	  0.180
	 -0.500	 -0.458	  0.735

4 	  38.72	   6.35	  -1.30
	  0.706	  0.692	  0.149
	 -0.682	  0.607	  0.407
	  0.191	 -0.390	  0.901

5 	  41.84	   9.33	  10.11
	  0.757	  0.162	  0.632
	 -0.280	 -0.794	  0.539
	  0.590	 -0.586	 -0.556

6 	  51.71	   5.06	  12.41
	  0.709	 -0.468	  0.528
	  0.260	  0.869	  0.421
	 -0.656	 -0.161	  0.738

7 	  38.51	  -7.68	  -1.37
	  0.779	 -0.626	  0.016
	  0.609	  0.751	 -0.255
	  0.147	  0.208	  0.967

8 	  42.05	 -10.09	  10.12
	  0.831	 -0.021	  0.556
	  0.182	 -0.933	 -0.308
	  0.525	  0.358	 -0.772

9 	  51.47	  -6.82	  11.85
	  0.766	  0.461	  0.447
	 -0.224	  0.844	 -0.487
	 -0.603	  0.273	  0.750

2 	  40.17	  -0.65	  -5.12
	  0.469	 -0.568	 -0.676
	  0.524	  0.795	 -0.305
	  0.711	 -0.211	  0.671

3 	  49.17	  -0.83	   3.45
	  0.495	  0.312	  0.811
	 -0.541	  0.841	  0.007
	 -0.680	 -0.442	  0.585

4 	  44.77	   5.96	  -1.88
	  0.593	  0.715	  0.370
	 -0.802	  0.566	  0.192
	 -0.072	 -0.410	  0.909

5 	  42.43	   9.25	   9.53
	  0.345	  0.378	  0.859
	 -0.112	 -0.892	  0.438
	  0.932	 -0.247	 -0.266

6 	  51.68	   5.62	  12.66
	  0.707	 -0.540	  0.458
	  0.271	  0.804	  0.529
	 -0.654	 -0.250	  0.714

7 	  44.42	  -8.10	  -1.56
	  0.718	 -0.636	  0.282
	  0.673	  0.738	 -0.049
	 -0.177	  0.224	  0.958

8 	  42.54	 -10.79	  10.32
	  0.551	 -0.158	  0.819
	  0.041	 -0.976	 -0.215
	  0.833	  0.152	 -0.531

9 	  51.50	  -7.21	  12.23
	  0.725	  0.618	  0.304
	 -0.308	  0.685	 -0.660
	 -0.616	  0.384	  0.687

2 	  41.55	  -1.67	  -5.38
	  0.662	 -0.684	 -0.305
	  0.484	  0.702	 -0.522
	  0.571	  0.198	  0.796

3 	  49.80	  -0.98	   3.94
	  0.446	  0.322	  0.835
	 -0.538	  0.842	 -0.038
	 -0.716	 -0.432	  0.548

4 	  45.69	   5.73	  -1.85
	  0.578	  0.714	  0.393
	 -0.806	  0.575	  0.140
	 -0.127	 -0.398	  0.908

5 	  42.66	   9.11	   9.21
	  0.264	  0.411	  0.872
	 -0.105	 -0.887	  0.450
	  0.958	 -0.210	 -0.192

6 	  51.77	   5.62	  12.66
	  0.695	 -0.545	  0.469
	  0.266	  0.801	  0.536
	 -0.668	 -0.248	  0.701

7 	  45.12	  -8.31	  -1.42
	  0.703	 -0.637	  0.317
	  0.676	  0.736	 -0.020
	 -0.220	  0.228	  0.948

8 	  42.64	 -10.88	  10.34
	  0.503	 -0.166	  0.848
	  0.032	 -0.977	 -0.210
	  0.863	  0.133	 -0.487

9 	  51.56	  -7.29	  12.32
	  0.716	  0.633	  0.293
	 -0.309	  0.664	 -0.681
	 -0.627	  0.396	  0.671

2 	  40.89	  -1.44	  -4.90
	  0.546	 -0.529	 -0.649
	  0.152	  0.825	 -0.545
	  0.824	  0.199	  0.531

3 	  49.73	  -0.90	   3.88
	  0.447	  0.318	  0.836
	 -0.540	  0.841	 -0.032
	 -0.713	 -0.437	  0.548

4 	  45.51	   5.87	  -1.83
	  0.584	  0.710	  0.393
	 -0.803	  0.575	  0.154
	 -0.117	 -0.406	  0.906

5 	  42.59	   9.16	   9.30
	  0.268	  0.406	  0.873
	 -0.097	 -0.891	  0.444
	  0.958	 -0.204	 -0.200

6 	  51.75	   5.66	  12.69
	  0.695	 -0.546	  0.468
	  0.264	  0.799	  0.540
	 -0.669	 -0.252	  0.699

7 	  44.98	  -8.16	  -1.53
	  0.705	 -0.637	  0.309
	  0.674	  0.739	 -0.015
	 -0.219	  0.219	  0.951

8 	  42.64	 -10.85	  10.28
	  0.509	 -0.169	  0.844
	  0.033	 -0.976	 -0.215
	  0.860	  0.138	 -0.491

9 	  51.56	  -7.24	  12.29
	  0.713	  0.632	  0.303
	 -0.308	  0.670	 -0.676
	 -0.631	  0.388	  0.672

2 	  40.62	  -0.60	  -4.76
	  0.297	 -0.251	 -0.921
	  0.247	  0.952	 -0.179
	  0.922	 -0.175	  0.345

3 	  49.64	  -0.90	   3.85
	  0.442	  0.316	  0.839
	 -0.539	  0.841	 -0.033
	 -0.717	 -0.438	  0.542

4 	  45.46	   5.87	  -1.85
	  0.586	  0.710	  0.391
	 -0.802	  0.576	  0.157
	 -0.114	 -0.406	  0.907

5 	  42.56	   9.14	   9.32
	  0.272	  0.404	  0.873
	 -0.097	 -0.891	  0.443
	  0.957	 -0.206	 -0.204

6 	  51.73	   5.66	  12.69
	  0.696	 -0.545	  0.468
	  0.264	  0.800	  0.539
	 -0.668	 -0.252	  0.700

7 	  44.91	  -8.14	  -1.60
	  0.707	 -0.638	  0.305
	  0.673	  0.739	 -0.015
	 -0.216	  0.216	  0.952

8 	  42.63	 -10.85	  10.25
	  0.514	 -0.170	  0.840
	  0.036	 -0.975	 -0.220
	  0.857	  0.144	 -0.495

9 	  51.56	  -7.22	  12.30
	  0.713	  0.630	  0.307
	 -0.304	  0.672	 -0.675
	 -0.633	  0.388	  0.670

2 	  41.27	  -0.33	  -5.38
	  0.497	 -0.607	 -0.620
	  0.705	  0.699	 -0.118
	  0.505	 -0.379	  0.775

3 	  49.62	  -0.88	   3.85
	  0.439	  0.316	  0.841
	 -0.540	  0.841	 -0.035
	 -0.718	 -0.439	  0.539

4 	  45.40	   5.91	  -1.85
	  0.583	  0.710	  0.393
	 -0.804	  0.573	  0.156
	 -0.114	 -0.408	  0.906

5 	  42.52	   9.16	   9.35
	  0.273	  0.403	  0.873
	 -0.099	 -0.891	  0.442
	  0.957	 -0.207	 -0.204

6 	  51.73	   5.66	  12.66
	  0.699	 -0.543	  0.464
	  0.263	  0.800	  0.539
	 -0.665	 -0.255	  0.702

7 	  44.91	  -8.14	  -1.56
	  0.707	 -0.637	  0.306
	  0.672	  0.740	 -0.014
	 -0.218	  0.215	  0.952

8 	  42.61	 -10.83	  10.27
	  0.516	 -0.170	  0.839
	  0.039	 -0.974	 -0.222
	  0.856	  0.147	 -0.496

9 	  51.56	  -7.22	  12.30
	  0.714	  0.629	  0.307
	 -0.302	  0.672	 -0.676
	 -0.633	  0.390	  0.669

2 	  37.11	  -0.04	   1.63
	  0.094	 -0.705	 -0.703
	  0.251	  0.699	 -0.669
	  0.963	 -0.114	  0.243

3 	  49.38	  -0.79	   3.83
	  0.451	  0.315	  0.835
	 -0.543	  0.839	 -0.024
	 -0.708	 -0.443	  0.549

4 	  45.09	   6.01	  -1.78
	  0.588	  0.706	  0.395
	 -0.803	  0.570	  0.175
	 -0.101	 -0.420	  0.901

5 	  42.43	   9.18	   9.53
	  0.308	  0.386	  0.870
	 -0.110	 -0.893	  0.435
	  0.945	 -0.230	 -0.233

6 	  51.71	   5.68	  12.66
	  0.708	 -0.538	  0.458
	  0.273	  0.806	  0.525
	 -0.652	 -0.246	  0.717

7 	  44.65	  -8.00	  -1.58
	  0.711	 -0.635	  0.302
	  0.669	  0.743	 -0.017
	 -0.214	  0.214	  0.953

8 	  42.52	 -10.74	  10.28
	  0.535	 -0.172	  0.827
	  0.042	 -0.972	 -0.229
	  0.843	  0.157	 -0.513

9 	  51.47	  -7.19	  12.22
	  0.730	  0.608	  0.311
	 -0.341	  0.719	 -0.605
	 -0.592	  0.336	  0.732

2 	  37.12	  -0.76	   1.62
	  0.333	 -0.731	 -0.596
	  0.091	  0.654	 -0.751
	  0.938	  0.196	  0.285

3 	  49.32	  -0.83	   3.81
	  0.457	  0.316	  0.831
	 -0.542	  0.840	 -0.022
	 -0.705	 -0.441	  0.555

4 	  45.02	   5.99	  -1.79
	  0.590	  0.707	  0.390
	 -0.802	  0.570	  0.178
	 -0.097	 -0.418	  0.903

5 	  42.42	   9.18	   9.49
	  0.311	  0.387	  0.868
	 -0.106	 -0.894	  0.436
	  0.944	 -0.228	 -0.237

6 	  51.71	   5.64	  12.64
	  0.705	 -0.538	  0.462
	  0.277	  0.808	  0.519
	 -0.653	 -0.239	  0.719

7 	  44.54	  -8.05	  -1.58
	  0.713	 -0.635	  0.298
	  0.670	  0.742	 -0.024
	 -0.206	  0.216	  0.954

8 	  42.54	 -10.76	  10.27
	  0.537	 -0.172	  0.826
	  0.037	 -0.973	 -0.227
	  0.843	  0.153	 -0.516

9 	  51.47	  -7.28	  12.22
	  0.731	  0.607	  0.311
	 -0.333	  0.714	 -0.615
	 -0.596	  0.346	  0.724

2 	  36.90	  -0.67	   2.25
	  0.067	 -0.661	 -0.748
	 -0.168	  0.731	 -0.661
	  0.983	  0.169	 -0.062

3 	  49.29	  -0.84	   3.71
	  0.459	  0.316	  0.830
	 -0.542	  0.840	 -0.020
	 -0.704	 -0.441	  0.556

4 	  44.91	   6.01	  -1.86
	  0.595	  0.708	  0.380
	 -0.799	  0.571	  0.186
	 -0.086	 -0.415	  0.906

5 	  42.43	   9.16	   9.49
	  0.317	  0.387	  0.865
	 -0.099	 -0.894	  0.436
	  0.943	 -0.224	 -0.246

6 	  51.73	   5.66	  12.64
	  0.702	 -0.538	  0.467
	  0.273	  0.808	  0.522
	 -0.658	 -0.239	  0.714

7 	  44.46	  -8.07	  -1.65
	  0.717	 -0.634	  0.290
	  0.669	  0.742	 -0.033
	 -0.195	  0.217	  0.956

8 	  42.52	 -10.78	  10.25
	  0.541	 -0.174	  0.822
	  0.031	 -0.974	 -0.226
	  0.840	  0.148	 -0.522

9 	  51.49	  -7.26	  12.20
	  0.728	  0.608	  0.314
	 -0.328	  0.712	 -0.621
	 -0.602	  0.349	  0.718

2 	  36.90	   0.21	   1.97
	 -0.012	 -0.403	 -0.915
	  0.220	  0.891	 -0.396
	  0.975	 -0.206	  0.078

3 	  49.25	  -0.84	   3.69
	  0.458	  0.315	  0.831
	 -0.543	  0.839	 -0.019
	 -0.704	 -0.443	  0.555

4 	  44.88	   6.01	  -1.85
	  0.594	  0.708	  0.382
	 -0.800	  0.570	  0.186
	 -0.086	 -0.416	  0.905

5 	  42.43	   9.16	   9.51
	  0.320	  0.385	  0.865
	 -0.100	 -0.895	  0.435
	  0.942	 -0.226	 -0.248

6 	  51.71	   5.66	  12.64
	  0.703	 -0.538	  0.465
	  0.271	  0.807	  0.523
	 -0.658	 -0.242	  0.713

7 	  44.44	  -8.05	  -1.65
	  0.717	 -0.634	  0.289
	  0.669	  0.742	 -0.033
	 -0.194	  0.217	  0.957

8 	  42.50	 -10.78	  10.28
	  0.542	 -0.174	  0.821
	  0.032	 -0.973	 -0.228
	  0.839	  0.150	 -0.523

9 	  51.49	  -7.29	  12.20
	  0.729	  0.608	  0.313
	 -0.323	  0.709	 -0.627
	 -0.604	  0.356	  0.713

2 	  37.14	   0.14	   1.12
	  0.323	 -0.557	 -0.765
	  0.478	  0.794	 -0.376
	  0.817	 -0.244	  0.523

3 	  49.22	  -0.83	   3.73
	  0.457	  0.317	  0.831
	 -0.544	  0.839	 -0.021
	 -0.704	 -0.443	  0.555

4 	  44.86	   6.01	  -1.83
	  0.593	  0.708	  0.384
	 -0.801	  0.569	  0.185
	 -0.087	 -0.417	  0.904

5 	  42.38	   9.16	   9.53
	  0.321	  0.385	  0.865
	 -0.104	 -0.894	  0.437
	  0.941	 -0.230	 -0.247

6 	  51.71	   5.62	  12.62
	  0.704	 -0.537	  0.464
	  0.271	  0.807	  0.523
	 -0.656	 -0.243	  0.714

7 	  44.42	  -8.03	  -1.58
	  0.716	 -0.633	  0.293
	  0.668	  0.743	 -0.031
	 -0.198	  0.218	  0.955

8 	  42.49	 -10.78	  10.30
	  0.544	 -0.174	  0.820
	  0.034	 -0.973	 -0.229
	  0.838	  0.152	 -0.524

9 	  51.47	  -7.33	  12.23
	  0.731	  0.607	  0.310
	 -0.316	  0.705	 -0.635
	 -0.605	  0.366	  0.707

2 	  42.12	  -0.67	  -1.58
	  0.073	 -0.925	  0.371
	  0.847	  0.254	  0.466
	 -0.526	  0.280	  0.802

3 	  44.84	  -1.05	   2.25
	  0.699	  0.306	  0.646
	 -0.515	  0.842	  0.158
	 -0.496	 -0.443	  0.747

4 	  38.88	   5.87	  -1.42
	  0.709	  0.686	  0.162
	 -0.684	  0.614	  0.393
	  0.170	 -0.390	  0.905

5 	  41.84	   9.23	   9.93
	  0.738	  0.237	  0.632
	 -0.216	 -0.804	  0.553
	  0.639	 -0.545	 -0.543

6 	  51.73	   5.36	  12.50
	  0.708	 -0.446	  0.547
	  0.253	  0.884	  0.392
	 -0.659	 -0.139	  0.739

7 	  38.67	  -8.12	  -1.05
	  0.777	 -0.627	  0.052
	  0.614	  0.739	 -0.277
	  0.135	  0.248	  0.959

8 	  41.77	 -10.41	  10.62
	  0.815	  0.002	  0.580
	  0.205	 -0.936	 -0.286
	  0.542	  0.352	 -0.763

9 	  51.08	  -6.57	  11.94
	  0.762	  0.513	  0.394
	 -0.323	  0.829	 -0.457
	 -0.561	  0.221	  0.797

2 	  42.01	  -0.95	  -1.42
	  0.031	 -0.863	  0.503
	  0.873	  0.269	  0.407
	 -0.487	  0.427	  0.762

3 	  44.86	  -1.05	   2.29
	  0.700	  0.304	  0.645
	 -0.514	  0.843	  0.160
	 -0.495	 -0.444	  0.747

4 	  38.88	   5.85	  -1.41
	  0.709	  0.685	  0.164
	 -0.685	  0.616	  0.389
	  0.166	 -0.389	  0.906

5 	  41.84	   9.25	   9.97
	  0.738	  0.235	  0.633
	 -0.221	 -0.802	  0.555
	  0.638	 -0.550	 -0.540

6 	  51.79	   5.40	  12.43
	  0.710	 -0.448	  0.543
	  0.250	  0.882	  0.400
	 -0.658	 -0.149	  0.738

7 	  38.67	  -8.14	  -1.05
	  0.776	 -0.628	  0.054
	  0.616	  0.738	 -0.276
	  0.133	  0.247	  0.960

8 	  41.77	 -10.42	  10.65
	  0.814	  0.005	  0.580
	  0.214	 -0.932	 -0.291
	  0.539	  0.361	 -0.761

9 	  51.06	  -6.59	  11.94
	  0.762	  0.514	  0.392
	 -0.322	  0.828	 -0.459
	 -0.561	  0.224	  0.797

2 	  41.78	  -0.74	  -1.74
	  0.311	 -0.891	  0.331
	  0.882	  0.401	  0.247
	 -0.353	  0.215	  0.910

3 	  44.82	  -1.05	   2.30
	  0.700	  0.306	  0.645
	 -0.514	  0.843	  0.158
	 -0.495	 -0.443	  0.748

4 	  38.88	   5.85	  -1.39
	  0.704	  0.690	  0.167
	 -0.691	  0.611	  0.387
	  0.165	 -0.388	  0.907

5 	  41.84	   9.25	   9.97
	  0.738	  0.234	  0.633
	 -0.224	 -0.800	  0.556
	  0.636	 -0.553	 -0.538

6 	  51.77	   5.40	  12.45
	  0.710	 -0.448	  0.543
	  0.249	  0.881	  0.401
	 -0.658	 -0.150	  0.738

7 	  38.67	  -8.14	  -1.04
	  0.776	 -0.628	  0.055
	  0.616	  0.737	 -0.276
	  0.132	  0.248	  0.959

8 	  41.75	 -10.44	  10.63
	  0.816	  0.009	  0.578
	  0.219	 -0.930	 -0.295
	  0.535	  0.367	 -0.761

9 	  51.06	  -6.57	  11.94
	  0.763	  0.515	  0.391
	 -0.323	  0.827	 -0.459
	 -0.560	  0.224	  0.798

2 	  41.85	  -0.35	  -1.78
	  0.472	 -0.869	  0.145
	  0.796	  0.491	  0.352
	 -0.378	 -0.051	  0.924

3 	  44.82	  -1.07	   2.34
	  0.700	  0.308	  0.644
	 -0.514	  0.843	  0.155
	 -0.495	 -0.440	  0.749

4 	  38.88	   5.84	  -1.37
	  0.704	  0.690	  0.167
	 -0.691	  0.611	  0.387
	  0.165	 -0.387	  0.907

5 	  41.80	   9.23	   9.95
	  0.736	  0.239	  0.634
	 -0.219	 -0.802	  0.555
	  0.641	 -0.547	 -0.538

6 	  51.75	   5.41	  12.53
	  0.710	 -0.449	  0.542
	  0.242	  0.879	  0.410
	 -0.661	 -0.160	  0.733

7 	  38.67	  -8.16	  -1.04
	  0.775	 -0.630	  0.056
	  0.618	  0.736	 -0.277
	  0.133	  0.249	  0.959

8 	  41.73	 -10.44	  10.65
	  0.816	  0.007	  0.578
	  0.213	 -0.933	 -0.289
	  0.537	  0.359	 -0.763

9 	  51.03	  -6.57	  11.95
	  0.763	  0.515	  0.390
	 -0.327	  0.828	 -0.455
	 -0.557	  0.220	  0.801

2 	  42.29	  -0.46	  -1.65
	  0.139	 -0.976	  0.169
	  0.763	  0.214	  0.610
	 -0.632	  0.044	  0.774

3 	  44.86	  -1.07	   2.27
	  0.702	  0.308	  0.642
	 -0.514	  0.843	  0.157
	 -0.493	 -0.440	  0.750

4 	  38.87	   5.85	  -1.41
	  0.706	  0.689	  0.162
	 -0.688	  0.614	  0.387
	  0.167	 -0.386	  0.907

5 	  41.82	   9.23	   9.93
	  0.735	  0.240	  0.634
	 -0.215	 -0.804	  0.554
	  0.643	 -0.543	 -0.540

6 	  51.75	   5.43	  12.52
	  0.709	 -0.447	  0.544
	  0.242	  0.880	  0.408
	 -0.662	 -0.158	  0.733

7 	  38.67	  -8.16	  -1.05
	  0.776	 -0.628	  0.054
	  0.616	  0.737	 -0.279
	  0.135	  0.250	  0.959

8 	  41.75	 -10.46	  10.62
	  0.815	  0.006	  0.579
	  0.211	 -0.934	 -0.288
	  0.539	  0.357	 -0.763

9 	  51.06	  -6.59	  11.94
	  0.761	  0.516	  0.393
	 -0.330	  0.830	 -0.450
	 -0.559	  0.213	  0.802

2 	  41.24	   3.29	  -1.20
	  0.516	 -0.760	  0.395
	  0.769	  0.614	  0.177
	 -0.378	  0.211	  0.901

3 	  45.04	  -1.16	   2.36
	  0.691	  0.313	  0.651
	 -0.519	  0.842	  0.146
	 -0.502	 -0.439	  0.745

4 	  39.45	   5.52	  -1.51
	  0.752	  0.642	  0.147
	 -0.656	  0.710	  0.254
	  0.059	 -0.288	  0.956

5 	  41.85	   9.16	   9.95
	  0.723	  0.240	  0.647
	 -0.226	 -0.804	  0.550
	  0.653	 -0.544	 -0.527

6 	  51.79	   5.47	  12.57
	  0.714	 -0.442	  0.542
	  0.218	  0.877	  0.427
	 -0.665	 -0.187	  0.723

7 	  38.85	  -8.24	  -1.11
	  0.771	 -0.633	  0.068
	  0.626	  0.733	 -0.266
	  0.118	  0.247	  0.962

8 	  41.85	 -10.56	  10.58
	  0.815	  0.029	  0.579
	  0.250	 -0.919	 -0.306
	  0.523	  0.394	 -0.756

9 	  51.19	  -6.77	  11.95
	  0.758	  0.522	  0.390
	 -0.305	  0.813	 -0.495
	 -0.576	  0.256	  0.776

2 	  41.34	   3.13	  -1.07
	  0.479	 -0.695	  0.536
	  0.755	  0.638	  0.152
	 -0.447	  0.332	  0.830

3 	  45.04	  -1.18	   2.39
	  0.688	  0.311	  0.656
	 -0.519	  0.842	  0.145
	 -0.507	 -0.440	  0.740

4 	  39.52	   5.48	  -1.55
	  0.749	  0.646	  0.143
	 -0.661	  0.718	  0.217
	  0.037	 -0.257	  0.965

5 	  41.82	   9.18	   9.97
	  0.723	  0.239	  0.648
	 -0.227	 -0.804	  0.549
	  0.652	 -0.544	 -0.528

6 	  51.77	   5.50	  12.55
	  0.717	 -0.442	  0.540
	  0.216	  0.877	  0.430
	 -0.663	 -0.191	  0.724

7 	  38.88	  -8.23	  -1.11
	  0.771	 -0.633	  0.069
	  0.626	  0.734	 -0.263
	  0.116	  0.246	  0.962

8 	  41.85	 -10.56	  10.62
	  0.814	  0.030	  0.580
	  0.253	 -0.917	 -0.308
	  0.523	  0.398	 -0.754

9 	  51.19	  -6.75	  11.97
	  0.758	  0.523	  0.390
	 -0.304	  0.812	 -0.499
	 -0.577	  0.260	  0.774

2 	  41.01	   3.43	  -1.44
	  0.761	 -0.577	  0.297
	  0.599	  0.800	  0.018
	 -0.249	  0.164	  0.954

3 	  45.04	  -1.18	   2.41
	  0.687	  0.311	  0.657
	 -0.520	  0.842	  0.144
	 -0.508	 -0.441	  0.740

4 	  39.39	   5.52	  -1.51
	  0.741	  0.655	  0.147
	 -0.666	  0.690	  0.283
	  0.084	 -0.308	  0.948

5 	  41.80	   9.16	   9.97
	  0.723	  0.240	  0.648
	 -0.225	 -0.805	  0.549
	  0.653	 -0.543	 -0.528

6 	  51.77	   5.48	  12.55
	  0.718	 -0.442	  0.538
	  0.216	  0.876	  0.431
	 -0.662	 -0.193	  0.724

7 	  38.88	  -8.24	  -1.09
	  0.771	 -0.633	  0.068
	  0.625	  0.734	 -0.263
	  0.116	  0.245	  0.962

8 	  41.85	 -10.56	  10.62
	  0.814	  0.033	  0.580
	  0.257	 -0.916	 -0.309
	  0.520	  0.401	 -0.754

9 	  51.19	  -6.77	  11.97
	  0.759	  0.522	  0.388
	 -0.302	  0.811	 -0.501
	 -0.577	  0.263	  0.773

2 	  41.31	   3.73	  -1.28
	  0.795	 -0.517	  0.316
	  0.430	  0.849	  0.307
	 -0.427	 -0.108	  0.897

3 	  45.05	  -1.18	   2.43
	  0.687	  0.310	  0.657
	 -0.519	  0.843	  0.144
	 -0.509	 -0.440	  0.740

4 	  39.45	   5.50	  -1.48
	  0.743	  0.653	  0.148
	 -0.667	  0.702	  0.249
	  0.059	 -0.284	  0.957

5 	  41.82	   9.16	   9.98
	  0.723	  0.239	  0.648
	 -0.225	 -0.806	  0.548
	  0.653	 -0.542	 -0.528

6 	  51.77	   5.48	  12.59
	  0.718	 -0.443	  0.537
	  0.214	  0.875	  0.433
	 -0.662	 -0.196	  0.723

7 	  38.90	  -8.21	  -1.09
	  0.771	 -0.632	  0.069
	  0.625	  0.735	 -0.261
	  0.113	  0.244	  0.963

8 	  41.85	 -10.56	  10.62
	  0.814	  0.033	  0.580
	  0.257	 -0.915	 -0.309
	  0.521	  0.401	 -0.754

9 	  51.19	  -6.75	  11.97
	  0.759	  0.523	  0.387
	 -0.302	  0.810	 -0.503
	 -0.577	  0.265	  0.772

2 	  41.59	   3.52	  -1.12
	  0.596	 -0.645	  0.478
	  0.579	  0.758	  0.301
	 -0.557	  0.098	  0.825

3 	  45.04	  -1.16	   2.41
	  0.692	  0.309	  0.653
	 -0.518	  0.842	  0.149
	 -0.504	 -0.441	  0.742

4 	  39.50	   5.52	  -1.51
	  0.754	  0.641	  0.143
	 -0.656	  0.724	  0.214
	  0.034	 -0.255	  0.966

5 	  41.78	   9.16	  10.00
	  0.719	  0.242	  0.651
	 -0.217	 -0.812	  0.542
	  0.659	 -0.531	 -0.532

6 	  51.77	   5.50	  12.55
	  0.719	 -0.443	  0.535
	  0.213	  0.874	  0.436
	 -0.662	 -0.200	  0.723

7 	  38.92	  -8.19	  -1.14
	  0.772	 -0.631	  0.067
	  0.624	  0.736	 -0.260
	  0.114	  0.243	  0.963

8 	  41.87	 -10.56	  10.56
	  0.812	  0.029	  0.583
	  0.254	 -0.917	 -0.308
	  0.525	  0.398	 -0.752

9 	  51.21	  -6.73	  11.94
	  0.757	  0.523	  0.390
	 -0.301	  0.810	 -0.503
	 -0.579	  0.263	  0.771

2 	  41.61	   5.03	  -2.13
	  0.504	 -0.832	  0.232
	  0.725	  0.554	  0.409
	 -0.469	 -0.038	  0.882

3 	  45.05	  -1.30	   2.41
	  0.683	  0.314	  0.659
	 -0.514	  0.848	  0.128
	 -0.519	 -0.426	  0.741

4 	  39.30	   5.62	  -1.63
	  0.730	  0.667	  0.145
	 -0.666	  0.648	  0.369
	  0.152	 -0.366	  0.918

5 	  41.82	   9.09	   9.86
	  0.714	  0.243	  0.656
	 -0.235	 -0.800	  0.552
	  0.659	 -0.549	 -0.514

6 	  51.79	   5.47	  12.55
	  0.715	 -0.436	  0.545
	  0.205	  0.878	  0.433
	 -0.668	 -0.198	  0.717

7 	  38.83	  -8.35	  -1.00
	  0.765	 -0.639	  0.079
	  0.634	  0.727	 -0.263
	  0.110	  0.252	  0.961

8 	  41.82	 -10.55	  10.71
	  0.816	  0.029	  0.576
	  0.243	 -0.923	 -0.298
	  0.523	  0.383	 -0.761

9 	  51.17	  -6.80	  11.99
	  0.763	  0.520	  0.382
	 -0.298	  0.809	 -0.507
	 -0.573	  0.273	  0.773

2 	  41.84	   4.87	  -2.02
	  0.471	 -0.752	  0.461
	  0.665	  0.646	  0.375
	 -0.580	  0.130	  0.804

3 	  45.05	  -1.27	   2.34
	  0.687	  0.312	  0.656
	 -0.514	  0.847	  0.135
	 -0.514	 -0.430	  0.742

4 	  39.29	   5.66	  -1.65
	  0.729	  0.669	  0.139
	 -0.664	  0.644	  0.379
	  0.164	 -0.370	  0.914

5 	  41.85	   9.11	   9.83
	  0.715	  0.244	  0.655
	 -0.232	 -0.801	  0.552
	  0.659	 -0.547	 -0.516

6 	  51.75	   5.48	  12.55
	  0.713	 -0.436	  0.549
	  0.206	  0.879	  0.429
	 -0.670	 -0.193	  0.717

7 	  38.83	  -8.31	  -1.04
	  0.767	 -0.637	  0.075
	  0.631	  0.729	 -0.265
	  0.114	  0.251	  0.961

8 	  41.84	 -10.55	  10.63
	  0.816	  0.029	  0.577
	  0.245	 -0.922	 -0.299
	  0.523	  0.386	 -0.760

9 	  51.19	  -6.79	  11.97
	  0.761	  0.520	  0.387
	 -0.299	  0.811	 -0.502
	 -0.575	  0.267	  0.773

2 	  41.34	   4.92	  -2.36
	  0.756	 -0.614	  0.223
	  0.605	  0.787	  0.114
	 -0.246	  0.048	  0.968

3 	  45.11	  -1.34	   2.34
	  0.682	  0.311	  0.661
	 -0.512	  0.849	  0.128
	 -0.522	 -0.426	  0.739

4 	  39.38	   5.59	  -1.71
	  0.727	  0.673	  0.136
	 -0.665	  0.640	  0.383
	  0.171	 -0.369	  0.913

5 	  41.84	   9.07	   9.79
	  0.711	  0.247	  0.658
	 -0.236	 -0.798	  0.554
	  0.662	 -0.549	 -0.510

6 	  51.77	   5.45	  12.53
	  0.714	 -0.435	  0.549
	  0.204	  0.879	  0.431
	 -0.670	 -0.196	  0.716

7 	  38.85	  -8.38	  -1.02
	  0.763	 -0.641	  0.081
	  0.637	  0.724	 -0.264
	  0.111	  0.253	  0.961

8 	  41.84	 -10.58	  10.72
	  0.815	  0.034	  0.578
	  0.249	 -0.922	 -0.298
	  0.522	  0.386	 -0.760

9 	  51.21	  -6.75	  11.97
	  0.761	  0.525	  0.380
	 -0.301	  0.805	 -0.511
	 -0.574	  0.275	  0.771

2 	  41.24	   5.57	  -2.46
	  0.815	 -0.572	 -0.091
	  0.555	  0.728	  0.401
	 -0.163	 -0.377	  0.911

3 	  45.09	  -1.44	   2.39
	  0.683	  0.313	  0.660
	 -0.508	  0.853	  0.120
	 -0.525	 -0.417	  0.741

4 	  39.41	   5.52	  -1.78
	  0.730	  0.670	  0.131
	 -0.662	  0.648	  0.375
	  0.166	 -0.361	  0.917

5 	  41.85	   9.04	   9.72
	  0.708	  0.250	  0.659
	 -0.242	 -0.792	  0.560
	  0.663	 -0.557	 -0.501

6 	  51.77	   5.43	  12.53
	  0.713	 -0.432	  0.552
	  0.202	  0.880	  0.429
	 -0.671	 -0.194	  0.715

7 	  38.83	  -8.44	  -0.97
	  0.760	 -0.644	  0.085
	  0.640	  0.721	 -0.267
	  0.110	  0.257	  0.960

8 	  41.82	 -10.58	  10.76
	  0.816	  0.037	  0.576
	  0.250	 -0.922	 -0.294
	  0.521	  0.384	 -0.762

9 	  51.19	  -6.77	  11.97
	  0.763	  0.527	  0.374
	 -0.301	  0.802	 -0.516
	 -0.572	  0.280	  0.771

2 	  42.06	   5.29	  -2.21
	  0.560	 -0.810	  0.173
	  0.614	  0.546	  0.570
	 -0.557	 -0.213	  0.803

3 	  45.11	  -1.46	   2.34
	  0.685	  0.314	  0.657
	 -0.506	  0.854	  0.120
	 -0.523	 -0.415	  0.744

4 	  39.50	   5.50	  -1.81
	  0.742	  0.658	  0.126
	 -0.653	  0.668	  0.355
	  0.149	 -0.347	  0.926

5 	  41.87	   9.04	   9.67
	  0.706	  0.252	  0.662
	 -0.243	 -0.791	  0.561
	  0.665	 -0.557	 -0.497

6 	  51.75	   5.43	  12.53
	  0.710	 -0.430	  0.557
	  0.199	  0.882	  0.427
	 -0.675	 -0.193	  0.712

7 	  38.83	  -8.46	  -0.98
	  0.760	 -0.644	  0.084
	  0.639	  0.719	 -0.271
	  0.113	  0.259	  0.959

8 	  41.82	 -10.60	  10.76
	  0.815	  0.038	  0.577
	  0.250	 -0.923	 -0.293
	  0.522	  0.383	 -0.762

9 	  51.21	  -6.77	  11.94
	  0.761	  0.529	  0.375
	 -0.303	  0.802	 -0.515
	 -0.573	  0.278	  0.771

2 	  38.44	   7.44	  -1.79
	  0.027	 -0.537	 -0.843
	  0.887	  0.401	 -0.227
	  0.460	 -0.742	  0.487

3 	  45.12	  -1.53	   2.32
	  0.689	  0.312	  0.654
	 -0.500	  0.858	  0.118
	 -0.524	 -0.409	  0.747

4 	  39.55	   5.48	  -1.90
	  0.727	  0.675	  0.122
	 -0.667	  0.653	  0.358
	  0.162	 -0.342	  0.925

5 	  41.89	   8.98	   9.62
	  0.702	  0.257	  0.664
	 -0.244	 -0.789	  0.563
	  0.668	 -0.558	 -0.492

6 	  51.77	   5.43	  12.57
	  0.708	 -0.428	  0.561
	  0.194	  0.883	  0.428
	 -0.679	 -0.194	  0.708

7 	  38.81	  -8.53	  -0.95
	  0.757	 -0.647	  0.090
	  0.644	  0.715	 -0.272
	  0.111	  0.264	  0.958

8 	  41.82	 -10.60	  10.79
	  0.816	  0.037	  0.577
	  0.244	 -0.927	 -0.286
	  0.523	  0.374	 -0.765

9 	  51.21	  -6.77	  11.95
	  0.762	  0.530	  0.371
	 -0.304	  0.799	 -0.518
	 -0.572	  0.282	  0.770

2 	  38.57	   7.21	  -2.07
	  0.153	 -0.637	 -0.755
	  0.901	  0.404	 -0.158
	  0.406	 -0.656	  0.635

3 	  45.11	  -1.51	   2.39
	  0.682	  0.313	  0.661
	 -0.503	  0.856	  0.113
	 -0.531	 -0.410	  0.741

4 	  39.52	   5.48	  -1.88
	  0.722	  0.680	  0.126
	 -0.672	  0.647	  0.360
	  0.164	 -0.345	  0.924

5 	  41.89	   8.98	   9.63
	  0.702	  0.256	  0.664
	 -0.247	 -0.788	  0.564
	  0.668	 -0.560	 -0.490

6 	  51.75	   5.38	  12.53
	  0.709	 -0.429	  0.560
	  0.194	  0.882	  0.429
	 -0.678	 -0.195	  0.709

7 	  38.81	  -8.53	  -0.93
	  0.756	 -0.648	  0.091
	  0.645	  0.715	 -0.271
	  0.110	  0.263	  0.958

8 	  41.78	 -10.60	  10.83
	  0.816	  0.040	  0.576
	  0.247	 -0.925	 -0.287
	  0.521	  0.377	 -0.765

9 	  51.19	  -6.79	  11.94
	  0.764	  0.529	  0.370
	 -0.303	  0.799	 -0.518
	 -0.570	  0.284	  0.771

2 	  37.95	   6.66	  -1.79
	  0.305	 -0.577	 -0.758
	  0.586	  0.741	 -0.328
	  0.750	 -0.344	  0.564

3 	  45.09	  -1.51	   2.41
	  0.683	  0.312	  0.660
	 -0.503	  0.857	  0.114
	 -0.530	 -0.410	  0.742

4 	  39.53	   5.43	  -1.86
	  0.723	  0.679	  0.129
	 -0.672	  0.646	  0.363
	  0.163	 -0.349	  0.922

5 	  41.87	   8.98	   9.65
	  0.701	  0.256	  0.665
	 -0.246	 -0.789	  0.563
	  0.669	 -0.559	 -0.490

6 	  51.73	   5.40	  12.55
	  0.710	 -0.428	  0.559
	  0.191	  0.881	  0.432
	 -0.678	 -0.200	  0.708

7 	  38.79	  -8.49	  -0.93
	  0.757	 -0.647	  0.091
	  0.644	  0.716	 -0.269
	  0.109	  0.262	  0.959

8 	  41.78	 -10.58	  10.81
	  0.817	  0.040	  0.575
	  0.248	 -0.925	 -0.288
	  0.521	  0.377	 -0.766

9 	  51.19	  -6.77	  11.95
	  0.765	  0.528	  0.370
	 -0.302	  0.800	 -0.518
	 -0.569	  0.284	  0.771

2 	  37.86	   7.24	  -1.42
	  0.219	 -0.271	 -0.937
	  0.522	  0.844	 -0.122
	  0.824	 -0.463	  0.326

3 	  45.11	  -1.51	   2.36
	  0.685	  0.311	  0.658
	 -0.502	  0.857	  0.117
	 -0.528	 -0.411	  0.743

4 	  39.52	   5.45	  -1.90
	  0.724	  0.678	  0.126
	 -0.669	  0.647	  0.365
	  0.166	 -0.349	  0.922

5 	  41.87	   8.98	   9.63
	  0.701	  0.256	  0.665
	 -0.245	 -0.789	  0.563
	  0.669	 -0.558	 -0.491

6 	  51.75	   5.41	  12.55
	  0.709	 -0.428	  0.560
	  0.192	  0.882	  0.431
	 -0.678	 -0.198	  0.707

7 	  38.79	  -8.49	  -0.97
	  0.757	 -0.647	  0.089
	  0.643	  0.716	 -0.271
	  0.111	  0.262	  0.958

8 	  41.80	 -10.60	  10.78
	  0.816	  0.040	  0.576
	  0.249	 -0.924	 -0.289
	  0.520	  0.379	 -0.765

9 	  51.19	  -6.79	  11.94
	  0.764	  0.528	  0.371
	 -0.303	  0.801	 -0.516
	 -0.570	  0.282	  0.772

2 	  38.51	   7.73	  -1.51
	  0.301	 -0.174	 -0.938
	  0.829	  0.532	  0.168
	  0.470	 -0.828	  0.304

3 	  45.11	  -1.53	   2.39
	  0.680	  0.313	  0.662
	 -0.504	  0.856	  0.112
	 -0.532	 -0.410	  0.740

4 	  39.52	   5.48	  -1.90
	  0.722	  0.680	  0.124
	 -0.672	  0.646	  0.362
	  0.166	 -0.345	  0.923

5 	  41.87	   8.96	   9.63
	  0.701	  0.257	  0.665
	 -0.250	 -0.786	  0.566
	  0.668	 -0.563	 -0.487

6 	  51.75	   5.40	  12.53
	  0.709	 -0.427	  0.560
	  0.192	  0.882	  0.430
	 -0.678	 -0.197	  0.708

7 	  38.81	  -8.54	  -0.91
	  0.756	 -0.648	  0.092
	  0.645	  0.714	 -0.271
	  0.110	  0.264	  0.958

8 	  41.80	 -10.62	  10.81
	  0.816	  0.041	  0.576
	  0.249	 -0.925	 -0.287
	  0.520	  0.377	 -0.766

9 	  51.19	  -6.71	  11.97
	  0.764	  0.529	  0.368
	 -0.305	  0.799	 -0.518
	 -0.569	  0.283	  0.772

2 	  34.17	   3.34	   0.12
	 -0.108	 -0.866	 -0.488
	  0.373	  0.420	 -0.827
	  0.921	 -0.272	  0.278

3 	  45.21	  -1.39	   2.50
	  0.682	  0.307	  0.663
	 -0.505	  0.854	  0.123
	 -0.529	 -0.420	  0.738

4 	  39.66	   5.66	  -1.81
	  0.728	  0.672	  0.135
	 -0.673	  0.664	  0.324
	  0.128	 -0.327	  0.936

5 	  41.84	   9.00	   9.83
	  0.698	  0.251	  0.671
	 -0.232	 -0.807	  0.543
	  0.678	 -0.535	 -0.505

6 	  51.79	   5.48	  12.57
	  0.718	 -0.437	  0.542
	  0.180	  0.869	  0.461
	 -0.673	 -0.233	  0.702

7 	  38.99	  -8.37	  -1.00
	  0.757	 -0.646	  0.092
	  0.645	  0.721	 -0.251
	  0.095	  0.250	  0.963

8 	  41.82	 -10.58	  10.74
	  0.812	  0.044	  0.582
	  0.262	 -0.919	 -0.295
	  0.522	  0.392	 -0.758

9 	  51.15	  -6.63	  11.95
	  0.762	  0.527	  0.376
	 -0.319	  0.811	 -0.490
	 -0.564	  0.253	  0.786

2 	  34.24	   2.76	  -0.05
	  0.181	 -0.896	 -0.405
	  0.343	  0.443	 -0.828
	  0.921	  0.011	  0.388

3 	  45.23	  -1.35	   2.46
	  0.684	  0.307	  0.662
	 -0.505	  0.854	  0.126
	 -0.526	 -0.421	  0.739

4 	  39.64	   5.70	  -1.83
	  0.730	  0.670	  0.134
	 -0.671	  0.667	  0.324
	  0.128	 -0.327	  0.936

5 	  41.82	   8.98	   9.83
	  0.696	  0.251	  0.673
	 -0.228	 -0.811	  0.539
	  0.681	 -0.529	 -0.507

6 	  51.77	   5.47	  12.59
	  0.717	 -0.438	  0.542
	  0.180	  0.868	  0.463
	 -0.673	 -0.235	  0.701

7 	  39.01	  -8.33	  -1.07
	  0.760	 -0.644	  0.089
	  0.642	  0.724	 -0.252
	  0.097	  0.249	  0.964

8 	  41.85	 -10.58	  10.67
	  0.810	  0.044	  0.585
	  0.263	 -0.918	 -0.296
	  0.524	  0.393	 -0.755

9 	  51.17	  -6.59	  11.92
	  0.759	  0.529	  0.379
	 -0.322	  0.812	 -0.487
	 -0.566	  0.248	  0.786

2 	  34.08	   2.83	   0.67
	  0.114	 -0.770	 -0.628
	  0.033	  0.634	 -0.772
	  0.993	  0.067	  0.098

3 	  45.26	  -1.30	   2.41
	  0.682	  0.303	  0.666
	 -0.507	  0.851	  0.131
	 -0.527	 -0.428	  0.734

4 	  39.64	   5.75	  -1.83
	  0.730	  0.670	  0.135
	 -0.671	  0.665	  0.327
	  0.129	 -0.330	  0.935

5 	  41.82	   9.02	   9.86
	  0.695	  0.250	  0.674
	 -0.226	 -0.814	  0.535
	  0.682	 -0.525	 -0.509

6 	  51.77	   5.50	  12.57
	  0.718	 -0.439	  0.539
	  0.179	  0.866	  0.467
	 -0.672	 -0.239	  0.700

7 	  39.04	  -8.28	  -1.12
	  0.761	 -0.643	  0.085
	  0.641	  0.726	 -0.249
	  0.098	  0.244	  0.965

8 	  41.87	 -10.56	  10.65
	  0.809	  0.047	  0.586
	  0.269	 -0.916	 -0.298
	  0.522	  0.399	 -0.754

9 	  51.17	  -6.56	  11.92
	  0.757	  0.529	  0.383
	 -0.322	  0.812	 -0.487
	 -0.569	  0.246	  0.785

2 	  34.12	   3.62	   0.51
	 -0.087	 -0.565	 -0.820
	  0.344	  0.755	 -0.557
	  0.935	 -0.331	  0.128

3 	  45.26	  -1.30	   2.43
	  0.680	  0.303	  0.667
	 -0.508	  0.851	  0.130
	 -0.529	 -0.428	  0.733

4 	  39.64	   5.77	  -1.81
	  0.729	  0.671	  0.136
	 -0.673	  0.665	  0.325
	  0.127	 -0.329	  0.936

5 	  41.78	   9.02	   9.86
	  0.696	  0.249	  0.674
	 -0.227	 -0.814	  0.535
	  0.681	 -0.525	 -0.510

6 	  51.77	   5.52	  12.57
	  0.720	 -0.439	  0.537
	  0.177	  0.865	  0.469
	 -0.671	 -0.243	  0.700

7 	  39.04	  -8.26	  -1.11
	  0.761	 -0.643	  0.087
	  0.641	  0.726	 -0.247
	  0.095	  0.243	  0.965

8 	  41.87	 -10.55	  10.65
	  0.809	  0.048	  0.585
	  0.270	 -0.915	 -0.299
	  0.521	  0.400	 -0.754

9 	  51.17	  -6.61	  11.95
	  0.759	  0.528	  0.381
	 -0.319	  0.811	 -0.490
	 -0.568	  0.250	  0.784

2 	  34.33	   3.81	   0.00
	  0.016	 -0.622	 -0.783
	  0.593	  0.636	 -0.494
	  0.805	 -0.456	  0.379

3 	  45.26	  -1.30	   2.44
	  0.681	  0.304	  0.666
	 -0.508	  0.851	  0.131
	 -0.528	 -0.428	  0.734

4 	  39.64	   5.73	  -1.79
	  0.729	  0.670	  0.137
	 -0.672	  0.666	  0.323
	  0.125	 -0.328	  0.936

5 	  41.80	   9.02	   9.84
	  0.697	  0.248	  0.673
	 -0.228	 -0.813	  0.536
	  0.680	 -0.527	 -0.510

6 	  51.77	   5.52	  12.59
	  0.720	 -0.439	  0.538
	  0.177	  0.865	  0.469
	 -0.671	 -0.242	  0.700

7 	  39.04	  -8.26	  -1.09
	  0.761	 -0.643	  0.088
	  0.642	  0.726	 -0.247
	  0.095	  0.244	  0.965

8 	  41.85	 -10.58	  10.67
	  0.809	  0.048	  0.585
	  0.272	 -0.914	 -0.301
	  0.520	  0.402	 -0.753

9 	  51.19	  -6.61	  11.95
	  0.759	  0.528	  0.380
	 -0.318	  0.811	 -0.491
	 -0.568	  0.252	  0.783

2 	  34.35	   4.29	   5.27
	 -0.446	 -0.865	 -0.229
	 -0.080	  0.293	 -0.953
	  0.891	 -0.406	 -0.199

3 	  45.35	  -1.60	   2.43
	  0.683	  0.312	  0.660
	 -0.498	  0.860	  0.109
	 -0.534	 -0.403	  0.743

4 	  39.87	   5.43	  -2.06
	  0.741	  0.659	  0.126
	 -0.662	  0.687	  0.300
	  0.111	 -0.306	  0.945

5 	  41.87	   8.88	   9.60
	  0.685	  0.266	  0.678
	 -0.232	 -0.803	  0.549
	  0.690	 -0.533	 -0.489

6 	  51.77	   5.36	  12.55
	  0.711	 -0.425	  0.560
	  0.176	  0.879	  0.442
	 -0.681	 -0.216	  0.700

7 	  39.04	  -8.58	  -0.97
	  0.753	 -0.650	  0.102
	  0.650	  0.711	 -0.266
	  0.100	  0.266	  0.958

8 	  41.84	 -10.63	  10.83
	  0.810	  0.050	  0.584
	  0.259	 -0.924	 -0.281
	  0.526	  0.379	 -0.761

9 	  51.21	  -6.71	  11.97
	  0.761	  0.539	  0.361
	 -0.315	  0.793	 -0.521
	 -0.568	  0.282	  0.773

2 	  34.28	   3.66	   4.99
	 -0.104	 -0.975	 -0.197
	 -0.033	  0.201	 -0.979
	  0.994	 -0.095	 -0.053

3 	  45.33	  -1.63	   2.46
	  0.683	  0.312	  0.660
	 -0.497	  0.861	  0.108
	 -0.535	 -0.402	  0.743

4 	  39.88	   5.41	  -2.04
	  0.743	  0.657	  0.127
	 -0.661	  0.689	  0.297
	  0.108	 -0.305	  0.946

5 	  41.87	   8.88	   9.58
	  0.685	  0.265	  0.678
	 -0.234	 -0.802	  0.550
	  0.689	 -0.536	 -0.488

6 	  51.75	   5.36	  12.55
	  0.711	 -0.425	  0.560
	  0.176	  0.879	  0.442
	 -0.681	 -0.216	  0.700

7 	  39.04	  -8.60	  -0.95
	  0.752	 -0.651	  0.104
	  0.652	  0.710	 -0.266
	  0.099	  0.267	  0.958

8 	  41.82	 -10.67	  10.86
	  0.810	  0.050	  0.584
	  0.260	 -0.923	 -0.281
	  0.525	  0.380	 -0.761

9 	  51.19	  -6.75	  11.97
	  0.762	  0.538	  0.359
	 -0.314	  0.792	 -0.523
	 -0.566	  0.286	  0.773

2 	  34.28	   3.48	   5.31
	 -0.037	 -0.911	 -0.411
	 -0.205	  0.409	 -0.889
	  0.978	  0.051	 -0.202

3 	  45.33	  -1.65	   2.46
	  0.685	  0.312	  0.658
	 -0.497	  0.861	  0.109
	 -0.533	 -0.402	  0.744

4 	  39.88	   5.38	  -2.06
	  0.743	  0.656	  0.126
	 -0.660	  0.691	  0.295
	  0.107	 -0.303	  0.947

5 	  41.87	   8.88	   9.58
	  0.685	  0.265	  0.678
	 -0.235	 -0.801	  0.551
	  0.689	 -0.537	 -0.487

6 	  51.75	   5.36	  12.52
	  0.712	 -0.424	  0.559
	  0.176	  0.879	  0.442
	 -0.679	 -0.217	  0.701

7 	  39.04	  -8.61	  -0.93
	  0.751	 -0.651	  0.105
	  0.652	  0.710	 -0.265
	  0.098	  0.268	  0.958

8 	  41.85	 -10.67	  10.88
	  0.810	  0.052	  0.583
	  0.261	 -0.923	 -0.282
	  0.524	  0.381	 -0.762

9 	  51.21	  -6.73	  11.99
	  0.762	  0.539	  0.358
	 -0.314	  0.792	 -0.524
	 -0.566	  0.287	  0.773

2 	  34.28	   4.15	   5.47
	 -0.344	 -0.790	 -0.508
	 -0.097	  0.568	 -0.817
	  0.934	 -0.232	 -0.272

3 	  45.32	  -1.62	   2.48
	  0.685	  0.312	  0.658
	 -0.497	  0.861	  0.109
	 -0.532	 -0.402	  0.745

4 	  39.87	   5.38	  -2.04
	  0.743	  0.656	  0.128
	 -0.661	  0.690	  0.295
	  0.105	 -0.304	  0.947

5 	  41.87	   8.88	   9.60
	  0.685	  0.265	  0.678
	 -0.234	 -0.802	  0.550
	  0.689	 -0.536	 -0.488

6 	  51.75	   5.36	  12.57
