% Calibrated with leiden_pols
% Positions are in centimeters
Data =[
 2    97.538   -19.233    59.142
 2     0.633    -0.775     0.003
 2     0.773     0.632     0.029
 2    -0.024    -0.017     0.999
 3   122.311    -7.062     8.262
 3    -0.508    -0.002    -0.862
 3    -0.171    -0.980     0.103
 3    -0.844     0.200     0.496
 4   111.552    13.897     1.115
 4     0.750     0.454     0.481
 4    -0.193     0.846    -0.496
 4    -0.632     0.279     0.722
 5   110.128    18.695    35.280
 5    -0.077     0.194     0.978
 5    -0.031     0.980    -0.196
 5    -0.996    -0.044    -0.069
 6   127.551    24.550    47.106
 6     0.350    -0.612    -0.713
 6     0.018     0.762    -0.644
 6     0.936     0.211     0.277
 7   109.659   -21.582    -0.159
 7    -0.309    -0.871     0.382
 7     0.849    -0.072     0.522
 7    -0.428     0.486     0.762
 8   115.636   -28.419    23.817
 8     0.252     0.488     0.837
 8    -0.188    -0.823     0.535
 8     0.949    -0.291    -0.115
 9   126.769   -32.310    47.585
 9     0.451     0.886    -0.115
 9    -0.023     0.136     0.990
 9     0.892    -0.443     0.081
 2    97.535   -19.285    59.145
 2     0.633    -0.775     0.004
 2     0.773     0.632     0.029
 2    -0.025    -0.016     0.999
 3   122.212    -7.061     8.185
 3    -0.508    -0.000    -0.861
 3    -0.172    -0.980     0.102
 3    -0.844     0.200     0.497
 4   111.226    13.985     1.203
 4     0.743     0.458     0.490
 4    -0.192     0.844    -0.499
 4    -0.642     0.276     0.715
 5   110.046    18.703    35.419
 5    -0.082     0.182     0.980
 5    -0.026     0.982    -0.184
 5    -0.996    -0.040    -0.076
 6   127.552    24.550    47.081
 6     0.351    -0.611    -0.713
 6     0.018     0.763    -0.644
 6     0.936     0.211     0.278
 7   109.319   -21.496    -0.242
 7    -0.317    -0.863     0.394
 7     0.850    -0.075     0.520
 7    -0.420     0.500     0.757
 8   115.608   -28.424    23.806
 8     0.262     0.487     0.834
 8    -0.193    -0.820     0.538
 8     0.945    -0.301    -0.121
 9   126.912   -32.209    47.464
 9     0.454     0.883    -0.122
 9    -0.021     0.144     0.989
 9     0.891    -0.445     0.083
 2    97.538   -19.233    59.142
 2     0.633    -0.775     0.003
 2     0.773     0.632     0.029
 2    -0.024    -0.017     0.999
 3   121.984    -6.926     7.936
 3    -0.516     0.005    -0.857
 3    -0.172    -0.980     0.098
 3    -0.839     0.198     0.506
 4   111.032    14.051     1.280
 4     0.736     0.460     0.497
 4    -0.191     0.844    -0.499
 4    -0.649     0.273     0.709
 5   110.058    18.679    35.430
 5    -0.086     0.178     0.980
 5    -0.026     0.983    -0.181
 5    -0.996    -0.040    -0.079
 6   127.545    24.547    47.090
 6     0.353    -0.610    -0.713
 6     0.018     0.763    -0.643
 6     0.935     0.212     0.280
 7   109.199   -21.493    -0.253
 7    -0.319    -0.860     0.398
 7     0.851    -0.075     0.519
 7    -0.417     0.504     0.756
 8   115.601   -28.423    23.815
 8     0.266     0.485     0.834
 8    -0.194    -0.820     0.537
 8     0.944    -0.303    -0.123
 9   126.931   -32.211    47.420
 9     0.455     0.882    -0.125
 9    -0.022     0.147     0.989
 9     0.890    -0.447     0.085
 2    97.538   -19.233    59.142
 2     0.633    -0.774     0.003
 2     0.773     0.632     0.030
 2    -0.024    -0.017     0.999
 3   121.988    -6.951     7.857
 3    -0.519     0.005    -0.855
 3    -0.172    -0.980     0.098
 3    -0.838     0.198     0.508
 4   111.033    14.051     1.281
 4     0.736     0.461     0.497
 4    -0.191     0.844    -0.499
 4    -0.649     0.272     0.709
 5   110.039    18.673    35.418
 5    -0.085     0.182     0.980
 5    -0.027     0.982    -0.184
 5    -0.996    -0.042    -0.078
 6   127.545    24.548    47.091
 6     0.354    -0.609    -0.713
 6     0.019     0.764    -0.643
 6     0.935     0.212     0.281
 7   109.199   -21.518    -0.253
 7    -0.319    -0.860     0.399
 7     0.851    -0.075     0.519
 7    -0.417     0.504     0.756
 8   115.601   -28.424    23.789
 8     0.266     0.485     0.834
 8    -0.194    -0.820     0.538
 8     0.944    -0.304    -0.123
 9   126.980   -32.211    47.394
 9     0.455     0.882    -0.125
 9    -0.022     0.148     0.988
 9     0.890    -0.447     0.086
 2    97.538   -19.284    59.142
 2     0.634    -0.774     0.003
 2     0.773     0.633     0.030
 2    -0.024    -0.017     0.999
 3   121.988    -6.950     7.806
 3    -0.519     0.006    -0.855
 3    -0.172    -0.980     0.098
 3    -0.838     0.198     0.509
 4   111.028    14.048     1.238
 4     0.734     0.462     0.499
 4    -0.191     0.844    -0.500
 4    -0.651     0.271     0.708
 5   110.039    18.675    35.364
 5    -0.087     0.180     0.980
 5    -0.028     0.982    -0.183
 5    -0.996    -0.043    -0.080
 6   127.537    24.546    47.047
 6     0.355    -0.610    -0.712
 6     0.019     0.763    -0.643
 6     0.934     0.214     0.282
 7   109.200   -21.440    -0.308
 7    -0.320    -0.859     0.400
 7     0.851    -0.076     0.519
 7    -0.416     0.506     0.755
 8   115.594   -28.374    23.799
 8     0.268     0.485     0.833
 8    -0.195    -0.819     0.538
 8     0.943    -0.306    -0.124
 9   126.974   -32.213    47.401
 9     0.457     0.881    -0.128
 9    -0.022     0.151     0.988
 9     0.889    -0.448     0.087
 2    97.586   -19.285    59.119
 2     0.633    -0.775     0.004
 2     0.773     0.632     0.029
 2    -0.025    -0.016     0.999
 3   121.993    -6.949     7.752
 3    -0.520     0.006    -0.855
 3    -0.171    -0.980     0.098
 3    -0.837     0.197     0.510
 4   111.054    14.037     1.393
 4     0.727     0.467     0.504
 4    -0.190     0.841    -0.505
 4    -0.659     0.272     0.700
 5   109.849    18.688    35.048
 5    -0.071     0.185     0.980
 5    -0.043     0.981    -0.188
 5    -0.996    -0.054    -0.061
 6   127.546    24.547    46.988
 6     0.354    -0.608    -0.713
 6     0.018     0.765    -0.642
 6     0.935     0.213     0.281
 7   109.213   -21.385    -0.348
 7    -0.320    -0.858     0.402
 7     0.853    -0.077     0.515
 7    -0.411     0.508     0.757
 8   115.640   -28.489    23.689
 8     0.275     0.479     0.834
 8    -0.208    -0.817     0.537
 8     0.939    -0.320    -0.125
 9   127.438   -32.452    46.974
 9     0.467     0.872    -0.151
 9    -0.026     0.180     0.983
 9     0.884    -0.454     0.106
 2    97.538   -19.284    59.116
 2     0.633    -0.774     0.004
 2     0.773     0.632     0.029
 2    -0.024    -0.016     0.999
 3   121.991    -6.930     7.766
 3    -0.520    -0.001    -0.854
 3    -0.166    -0.981     0.102
 3    -0.838     0.195     0.509
 4   110.979    14.053     1.544
 4     0.704     0.477     0.528
 4    -0.183     0.838    -0.513
 4    -0.686     0.264     0.677
 5   109.452    19.008    34.361
 5    -0.049     0.190     0.981
 5    -0.082     0.978    -0.193
 5    -0.995    -0.089    -0.031
 6   127.830    24.787    46.468
 6     0.367    -0.562    -0.744
 6     0.019     0.802    -0.595
 6     0.930     0.203     0.304
 7   108.975   -21.139    -0.505
 7    -0.321    -0.850     0.419
 7     0.861    -0.078     0.501
 7    -0.394     0.521     0.757
 8   116.200   -28.830    23.641
 8     0.317     0.445     0.838
 8    -0.246    -0.815     0.524
 8     0.916    -0.372    -0.147
 9   129.093   -33.335    45.760
 9     0.516     0.843    -0.157
 9    -0.045     0.205     0.977
 9     0.855    -0.496     0.143
 2    97.588   -19.284    59.117
 2     0.633    -0.774     0.003
 2     0.773     0.632     0.030
 2    -0.024    -0.017     0.999
 3   121.937    -6.886     7.785
 3    -0.519    -0.005    -0.855
 3    -0.161    -0.982     0.103
 3    -0.840     0.191     0.508
 4   110.656    13.899     1.547
 4     0.686     0.479     0.549
 4    -0.180     0.841    -0.509
 4    -0.705     0.250     0.663
 5   110.452    20.402    33.662
 5    -0.096     0.170     0.981
 5    -0.173     0.968    -0.184
 5    -0.980    -0.186    -0.062
 6   129.853    27.687    44.646
 6     0.427    -0.550    -0.721
 6     0.081     0.814    -0.572
 6     0.900     0.184     0.392
 7   108.840   -20.976    -0.835
 7    -0.335    -0.835     0.437
 7     0.870    -0.096     0.483
 7    -0.362     0.542     0.758
 8   117.512   -30.142    23.132
 8     0.389     0.393     0.834
 8    -0.318    -0.792     0.521
 8     0.864    -0.467    -0.183
 9   131.957   -36.234    43.283
 9     0.579     0.805    -0.138
 9    -0.108     0.238     0.965
 9     0.808    -0.543     0.225
 2    97.586   -19.285    59.119
 2     0.633    -0.775     0.004
 2     0.773     0.632     0.029
 2    -0.025    -0.016     0.999
 3   121.999    -6.895     7.752
 3    -0.514    -0.013    -0.858
 3    -0.157    -0.981     0.109
 3    -0.843     0.191     0.501
 4   110.549    13.679     1.301
 4     0.657     0.503     0.563
 4    -0.192     0.832    -0.520
 4    -0.729     0.233     0.642
 5   113.224    22.210    32.452
 5    -0.190     0.135     0.973
 5    -0.271     0.945    -0.184
 5    -0.944    -0.297    -0.142
 6   133.947    30.636    41.537
 6     0.529    -0.516    -0.677
 6     0.142     0.837    -0.526
 6     0.836     0.182     0.516
 7   108.901   -20.698    -1.375
 7    -0.349    -0.826     0.444
 7     0.883    -0.131     0.450
 7    -0.314     0.548     0.775
 8   119.054   -31.610    22.071
 8     0.464     0.328     0.824
 8    -0.392    -0.758     0.521
 8     0.794    -0.564    -0.224
 9   134.899   -39.093    39.760
 9     0.650     0.754    -0.103
 9    -0.174     0.275     0.945
 9     0.739    -0.597     0.310
 2    97.588   -19.233    59.117
 2     0.633    -0.775     0.003
 2     0.773     0.632     0.029
 2    -0.024    -0.017     0.999
 3   121.948    -6.962     7.785
 3    -0.506    -0.029    -0.862
 3    -0.152    -0.981     0.122
 3    -0.849     0.193     0.492
 4   110.471    13.402     1.062
 4     0.624     0.538     0.568
 4    -0.211     0.814    -0.539
 4    -0.752     0.216     0.621
 5   115.437    23.418    31.272
 5    -0.271     0.109     0.957
 5    -0.325     0.925    -0.196
 5    -0.906    -0.364    -0.215
 6   137.083    31.673    38.484
 6     0.615    -0.456    -0.646
 6     0.162     0.872    -0.460
 6     0.771     0.178     0.609
 7   108.756   -20.484    -1.860
 7    -0.357    -0.816     0.456
 7     0.891    -0.152     0.425
 7    -0.278     0.558     0.782
 8   120.099   -32.632    20.986
 8     0.525     0.265     0.810
 8    -0.445    -0.726     0.524
 8     0.726    -0.635    -0.263
 9   136.960   -41.044    36.496
 9     0.707     0.706    -0.059
 9    -0.221     0.295     0.929
 9     0.672    -0.644     0.365
 2    97.588   -19.233    59.142
 2     0.633    -0.775     0.003
 2     0.773     0.632     0.029
 2    -0.024    -0.017     0.999
 3   121.962    -7.044     7.768
 3    -0.503    -0.036    -0.864
 3    -0.151    -0.980     0.129
 3    -0.851     0.195     0.487
 4   110.355    13.117     0.738
 4     0.601     0.556     0.575
 4    -0.230     0.808    -0.541
 4    -0.765     0.193     0.614
 5   116.647    23.816    30.250
 5    -0.312     0.104     0.945
 5    -0.350     0.912    -0.214
 5    -0.883    -0.397    -0.248
 6   138.737    31.961    36.576
 6     0.657    -0.426    -0.623
 6     0.167     0.887    -0.428
 6     0.734     0.178     0.654
 7   108.754   -20.286    -2.097
 7    -0.359    -0.811     0.463
 7     0.897    -0.163     0.409
 7    -0.257     0.562     0.786
 8   120.836   -33.308    20.115
 8     0.565     0.213     0.798
 8    -0.480    -0.702     0.526
 8     0.671    -0.680    -0.295
 9   138.594   -42.291    33.980
 9     0.748     0.663    -0.028
 9    -0.249     0.315     0.915
 9     0.615    -0.678     0.401
 2    97.538   -19.233    59.142
 2     0.633    -0.774     0.003
 2     0.773     0.632     0.030
 2    -0.024    -0.017     0.999
 3   121.928    -7.148     7.665
 3    -0.502    -0.044    -0.864
 3    -0.152    -0.979     0.137
 3    -0.852     0.200     0.484
 4   110.102    12.706     0.415
 4     0.578     0.571     0.584
 4    -0.252     0.804    -0.537
 4    -0.776     0.163     0.608
 5   118.121    24.329    29.007
 5    -0.369     0.090     0.925
 5    -0.378     0.895    -0.237
 5    -0.849    -0.437    -0.296
 6   140.873    32.197    33.667
 6     0.721    -0.384    -0.578
 6     0.167     0.904    -0.392
 6     0.672     0.186     0.716
 7   108.475   -20.079    -2.471
 7    -0.359    -0.799     0.483
 7     0.906    -0.173     0.386
 7    -0.225     0.575     0.786
 8   121.531   -34.120    19.029
 8     0.616     0.140     0.775
 8    -0.517    -0.671     0.531
 8     0.595    -0.728    -0.341
 9   140.654   -43.545    29.828
 9     0.818     0.574     0.020
 9    -0.272     0.353     0.895
 9     0.506    -0.738     0.446
 2    97.588   -19.233    59.117
 2     0.633    -0.774     0.003
 2     0.773     0.632     0.030
 2    -0.024    -0.017     0.999
 3   121.771    -7.229     7.618
 3    -0.500    -0.049    -0.865
 3    -0.151    -0.978     0.143
 3    -0.853     0.203     0.481
 4   109.859    12.546     0.273
 4     0.553     0.588     0.591
 4    -0.268     0.796    -0.541
 4    -0.789     0.141     0.597
 5   119.858    25.215    27.773
 5    -0.438     0.055     0.897
 5    -0.406     0.878    -0.252
 5    -0.802    -0.474    -0.363
 6   143.075    32.651    30.439
 6     0.787    -0.342    -0.514
 6     0.164     0.919    -0.359
 6     0.594     0.198     0.779
 7   108.145   -19.594    -2.815
 7    -0.358    -0.789     0.501
 7     0.913    -0.184     0.362
 7    -0.194     0.586     0.786
 8   122.144   -34.789    17.650
 8     0.657     0.065     0.750
 8    -0.555    -0.633     0.540
 8     0.510    -0.772    -0.380
 9   142.032   -44.513    25.740
 9     0.865     0.496     0.066
 9    -0.293     0.393     0.871
 9     0.406    -0.774     0.486
 2    97.586   -19.234    59.145
 2     0.633    -0.775     0.004
 2     0.773     0.632     0.029
 2    -0.025    -0.016     0.999
 3   121.747    -7.057     7.457
 3    -0.499    -0.054    -0.865
 3    -0.145    -0.979     0.144
 3    -0.854     0.197     0.480
 4   109.673    12.515     0.183
 4     0.527     0.600     0.602
 4    -0.283     0.792    -0.541
 4    -0.801     0.114     0.586
 5   121.293    26.069    26.384
 5    -0.495     0.021     0.869
 5    -0.434     0.860    -0.267
 5    -0.753    -0.509    -0.417
 6   144.888    33.415    27.067
 6     0.841    -0.307    -0.447
 6     0.167     0.931    -0.325
 6     0.514     0.199     0.833
 7   108.074   -19.216    -3.212
 7    -0.362    -0.782     0.508
 7     0.916    -0.199     0.346
 7    -0.170     0.590     0.789
 8   122.807   -35.165    16.415
 8     0.684     0.016     0.729
 8    -0.579    -0.596     0.556
 8     0.443    -0.803    -0.398
 9   143.184   -45.033    22.442
 9     0.897     0.431     0.099
 9    -0.302     0.431     0.850
 9     0.323    -0.792     0.517
 2    97.588   -19.233    59.142
 2     0.633    -0.774     0.003
 2     0.773     0.632     0.030
 2    -0.024    -0.017     0.999
 3   121.689    -6.935     7.393
 3    -0.497    -0.054    -0.866
 3    -0.144    -0.979     0.144
 3    -0.856     0.196     0.478
 4   109.642    12.365    -0.004
 4     0.505     0.614     0.608
 4    -0.308     0.785    -0.537
 4    -0.806     0.084     0.585
 5   123.234    26.783    24.706
 5    -0.558    -0.027     0.829
 5    -0.458     0.843    -0.281
 5    -0.691    -0.537    -0.483
 6   146.803    33.791    23.038
 6     0.891    -0.276    -0.360
 6     0.174     0.941    -0.291
 6     0.419     0.196     0.886
 7   108.046   -19.066    -3.509
 7    -0.368    -0.771     0.520
 7     0.918    -0.213     0.334
 7    -0.147     0.600     0.786
 8   123.252   -35.802    15.084
 8     0.710    -0.044     0.703
 8    -0.603    -0.555     0.574
 8     0.364    -0.831    -0.421
 9   144.103   -45.538    18.497
 9     0.927     0.349     0.136
 9    -0.302     0.477     0.825
 9     0.223    -0.806     0.548
 2    97.538   -19.233    59.142
 2     0.633    -0.775     0.003
 2     0.773     0.632     0.029
 2    -0.024    -0.017     0.999
 3   121.681    -7.019     7.358
 3    -0.495    -0.063    -0.867
 3    -0.140    -0.979     0.151
 3    -0.858     0.196     0.475
 4   109.711    12.112    -0.166
 4     0.481     0.633     0.608
 4    -0.333     0.772    -0.541
 4    -0.811     0.057     0.581
 5   124.778    27.270    23.049
 5    -0.608    -0.053     0.792
 5    -0.475     0.824    -0.309
 5    -0.637    -0.564    -0.526
 6   148.230    33.663    19.305
 6     0.929    -0.232    -0.287
 6     0.161     0.955    -0.251
 6     0.331     0.186     0.924
 7   107.907   -18.923    -3.737
 7    -0.370    -0.763     0.531
 7     0.920    -0.221     0.323
 7    -0.130     0.607     0.783
 8   123.787   -36.410    13.733
 8     0.729    -0.104     0.677
 8    -0.621    -0.516     0.589
 8     0.288    -0.850    -0.441
 9   144.726   -46.422    14.727
 9     0.940     0.284     0.190
 9    -0.315     0.508     0.801
 9     0.131    -0.813     0.567
 2    97.588   -19.233    59.142
 2     0.633    -0.775     0.003
 2     0.773     0.632     0.029
 2    -0.024    -0.017     0.999
 3   121.679    -7.018     7.303
 3    -0.494    -0.064    -0.868
 3    -0.141    -0.978     0.152
 3    -0.858     0.197     0.473
 4   109.513    11.861    -0.498
 4     0.455     0.639     0.620
 4    -0.357     0.768    -0.531
 4    -0.816     0.020     0.577
 5   125.642    27.778    21.177
 5    -0.637    -0.085     0.766
 5    -0.498     0.804    -0.324
 5    -0.588    -0.588    -0.555
 6   148.696    34.019    16.292
 6     0.948    -0.214    -0.233
 6     0.164     0.962    -0.218
 6     0.270     0.168     0.948
 7   107.865   -18.572    -4.049
 7    -0.377    -0.750     0.545
 7     0.922    -0.252     0.291
 7    -0.081     0.612     0.786
 8   124.125   -37.108    11.833
 8     0.738    -0.174     0.652
 8    -0.645    -0.466     0.605
 8     0.199    -0.867    -0.456
 9   144.795   -47.388    10.251
 9     0.942     0.232     0.240
 9    -0.332     0.560     0.759
 9     0.042    -0.795     0.605
 2    97.586   -19.234    59.145
 2     0.633    -0.775     0.003
 2     0.773     0.632     0.030
 2    -0.025    -0.017     0.999
 3   121.552    -6.990     7.118
 3    -0.493    -0.058    -0.868
 3    -0.145    -0.978     0.148
 3    -0.858     0.199     0.474
 4   109.235    11.633    -0.647
 4     0.426     0.647     0.633
 4    -0.377     0.762    -0.526
 4    -0.822    -0.015     0.568
 5   126.393    28.227    19.567
 5    -0.662    -0.116     0.740
 5    -0.515     0.789    -0.336
 5    -0.545    -0.603    -0.582
 6   149.250    34.194    13.087
 6     0.965    -0.200    -0.171
 6     0.167     0.968    -0.189
 6     0.203     0.153     0.967
 7   107.776   -18.254    -4.543
 7    -0.386    -0.734     0.560
 7     0.921    -0.280     0.268
 7    -0.041     0.619     0.783
 8   124.460   -37.619     9.831
 8     0.746    -0.220     0.628
 8    -0.654    -0.417     0.631
 8     0.123    -0.882    -0.454
 9   145.102   -47.626     6.202
 9     0.943     0.188     0.274
 9    -0.332     0.605     0.723
 9    -0.030    -0.773     0.633
 2    97.538   -19.233    59.117
 2     0.633    -0.774     0.003
 2     0.773     0.632     0.030
 2    -0.024    -0.017     0.999
 3   121.453    -6.938     6.990
 3    -0.493    -0.056    -0.869
 3    -0.146    -0.979     0.146
 3    -0.858     0.198     0.474
 4   109.341    11.613    -0.819
 4     0.400     0.662     0.635
 4    -0.401     0.748    -0.528
 4    -0.824    -0.043     0.564
 5   127.757    28.522    17.746
 5    -0.696    -0.138     0.705
 5    -0.520     0.774    -0.361
 5    -0.496    -0.618    -0.610
 6   150.188    33.669     9.536
 6     0.981    -0.165    -0.101
 6     0.147     0.976    -0.156
 6     0.124     0.138     0.982
 7   108.000   -17.934    -5.055
 7    -0.410    -0.715     0.568
 7     0.912    -0.318     0.257
 7    -0.003     0.622     0.782
 8   125.416   -37.692     7.713
 8     0.764    -0.253     0.594
 8    -0.643    -0.367     0.672
 8     0.048    -0.895    -0.443
 9   145.907   -47.045     2.010
 9     0.944     0.139     0.297
 9    -0.313     0.656     0.686
 9    -0.099    -0.742     0.664
 2    97.538   -19.233    59.142
 2     0.633    -0.775     0.003
 2     0.774     0.632     0.029
 2    -0.024    -0.017     0.999
 3   121.505    -6.888     6.893
 3    -0.493    -0.055    -0.869
 3    -0.144    -0.979     0.144
 3    -0.858     0.196     0.474
 4   109.478    11.546    -0.976
 4     0.374     0.678     0.633
 4    -0.425     0.731    -0.533
 4    -0.824    -0.070     0.561
 5   129.241    28.670    15.586
 5    -0.734    -0.160     0.660
 5    -0.522     0.755    -0.397
 5    -0.435    -0.636    -0.637
 6   151.002    32.809     5.666
 6     0.992    -0.124    -0.027
 6     0.120     0.986    -0.115
 6     0.041     0.111     0.993
 7   108.218   -17.781    -5.398
 7    -0.429    -0.701     0.571
 7     0.903    -0.347     0.253
 7     0.020     0.623     0.781
 8   126.093   -37.652     6.140
 8     0.776    -0.276     0.567
 8    -0.630    -0.330     0.703
 8    -0.006    -0.903    -0.429
 9   146.562   -46.293    -0.817
 9     0.946     0.098     0.308
 9    -0.289     0.690     0.663
 9    -0.147    -0.717     0.681
 2    97.538   -19.233    59.142
 2     0.633    -0.774     0.003
 2     0.773     0.632     0.030
 2    -0.024    -0.017     0.999
 3   121.505    -6.785     6.814
 3    -0.493    -0.053    -0.869
 3    -0.146    -0.979     0.142
 3    -0.858     0.196     0.475
 4   109.541    11.381    -1.166
 4     0.351     0.690     0.633
 4    -0.447     0.717    -0.535
 4    -0.823    -0.096     0.560
 5   130.214    28.884    13.638
 5    -0.756    -0.180     0.629
 5    -0.528     0.734    -0.426
 5    -0.385    -0.655    -0.650
 6   151.461    31.991     2.503
 6     0.995    -0.093     0.029
 6     0.095     0.992    -0.078
 6    -0.022     0.080     0.996
 7   108.362   -17.767    -5.560
 7    -0.442    -0.689     0.575
 7     0.896    -0.362     0.255
 7     0.032     0.628     0.777
 8   126.556   -37.736     4.800
 8     0.783    -0.292     0.549
 8    -0.619    -0.291     0.729
 8    -0.053    -0.911    -0.408
 9   146.914   -45.687    -3.246
 9     0.945     0.073     0.318
 9    -0.271     0.721     0.637
 9    -0.183    -0.689     0.702
 2    97.536   -19.234    59.119
 2     0.633    -0.775     0.003
 2     0.773     0.632     0.030
 2    -0.025    -0.017     0.999
 3   121.582    -6.833     6.628
 3    -0.494    -0.052    -0.868
 3    -0.147    -0.979     0.142
 3    -0.857     0.198     0.476
 4   109.685    11.070    -1.427
 4     0.331     0.702     0.631
 4    -0.469     0.702    -0.535
 4    -0.819    -0.119     0.561
 5   131.294    28.641    11.637
 5    -0.779    -0.200     0.594
 5    -0.531     0.713    -0.457
 5    -0.333    -0.671    -0.662
 6   151.806    30.991    -0.952
 6     0.993    -0.069     0.094
 6     0.073     0.996    -0.045
 6    -0.091     0.052     0.994
 7   108.455   -17.878    -5.724
 7    -0.457    -0.674     0.581
 7     0.888    -0.378     0.260
 7     0.044     0.634     0.771
 8   127.026   -37.591     3.446
 8     0.790    -0.305     0.532
 8    -0.605    -0.252     0.755
 8    -0.096    -0.918    -0.383
 9   147.388   -44.930    -5.460
 9     0.942     0.042     0.332
 9    -0.250     0.746     0.616
 9    -0.222    -0.664     0.714
 2    97.538   -19.233    59.142
 2     0.633    -0.774     0.003
 2     0.773     0.632     0.030
 2    -0.024    -0.017     0.999
 3   121.635    -6.882     6.520
 3    -0.496    -0.054    -0.867
 3    -0.147    -0.978     0.145
 3    -0.856     0.199     0.477
 4   109.775    10.888    -1.592
 4     0.313     0.712     0.629
 4    -0.488     0.688    -0.537
 4    -0.815    -0.139     0.562
 5   132.118    28.604     9.743
 5    -0.806    -0.224     0.549
 5    -0.526     0.695    -0.490
 5    -0.272    -0.683    -0.677
 6   151.819    30.126    -3.825
 6     0.987    -0.051     0.151
 6     0.054     0.998    -0.017
 6    -0.150     0.026     0.988
 7   108.406   -17.754    -5.764
 7    -0.462    -0.664     0.589
 7     0.886    -0.373     0.274
 7     0.037     0.648     0.760
 8   127.082   -37.482     1.965
 8     0.787    -0.326     0.523
 8    -0.599    -0.203     0.775
 8    -0.146    -0.923    -0.354
 9   147.311   -44.109    -8.202
 9     0.934     0.007     0.357
 9    -0.231     0.773     0.589
 9    -0.272    -0.634     0.725
 2    97.538   -19.284    59.142
 2     0.633    -0.775     0.003
 2     0.773     0.632     0.029
 2    -0.024    -0.017     0.999
 3   121.638    -6.932     6.439
 3    -0.498    -0.056    -0.866
 3    -0.147    -0.978     0.147
 3    -0.855     0.200     0.478
 4   109.713    10.659    -1.717
 4     0.299     0.719     0.627
 4    -0.504     0.677    -0.536
 4    -0.810    -0.156     0.564
 5   132.465    28.528     8.505
 5    -0.816    -0.242     0.525
 5    -0.527     0.682    -0.507
 5    -0.235    -0.690    -0.684
 6   151.714    29.606    -6.012
 6     0.980    -0.041     0.192
 6     0.042     0.999     0.004
 6    -0.192     0.005     0.981
 7   108.332   -17.687    -5.859
 7    -0.474    -0.651     0.594
 7     0.879    -0.389     0.275
 7     0.052     0.652     0.755
 8   126.909   -37.582     0.517
 8     0.776    -0.349     0.525
 8    -0.598    -0.146     0.788
 8    -0.198    -0.926    -0.321
 9   146.727   -43.726   -11.097
 9     0.921    -0.016     0.389
 9    -0.220     0.805     0.550
 9    -0.322    -0.593     0.738
 2    97.588   -19.284    59.117
 2     0.633    -0.775     0.003
 2     0.773     0.632     0.029
 2    -0.024    -0.017     0.999
 3   121.592    -6.981     6.383
 3    -0.498    -0.054    -0.866
 3    -0.147    -0.978     0.146
 3    -0.854     0.200     0.479
 4   109.670    10.404    -1.992
 4     0.286     0.724     0.628
 4    -0.518     0.668    -0.534
 4    -0.806    -0.172     0.565
 5   132.805    28.433     6.831
 5    -0.826    -0.268     0.496
 5    -0.531     0.665    -0.526
 5    -0.189    -0.697    -0.691
 6   151.300    29.032    -8.241
 6     0.971    -0.037     0.236
 6     0.033     0.999     0.024
 6    -0.237    -0.014     0.971
 7   108.267   -17.690    -5.900
 7    -0.477    -0.646     0.597
 7     0.878    -0.386     0.283
 7     0.047     0.659     0.750
 8   126.600   -37.737    -1.095
 8     0.763    -0.374     0.528
 8    -0.595    -0.085     0.799
 8    -0.254    -0.924    -0.286
 9   146.202   -43.185   -13.756
 9     0.908    -0.036     0.418
 9    -0.203     0.834     0.510
 9    -0.366    -0.550     0.751
 2    97.538   -19.233    59.116
 2     0.632    -0.775     0.003
 2     0.774     0.631     0.030
 2    -0.024    -0.017     0.999
 3   121.565    -7.108     6.209
 3    -0.498    -0.051    -0.866
 3    -0.148    -0.979     0.143
 3    -0.855     0.199     0.479
 4   109.535    10.125    -2.115
 4     0.272     0.726     0.631
 4    -0.533     0.659    -0.530
 4    -0.801    -0.193     0.566
 5   133.196    28.246     4.913
 5    -0.836    -0.302     0.458
 5    -0.533     0.645    -0.548
 5    -0.130    -0.702    -0.700
 6   150.626    28.290   -11.358
 6     0.954    -0.033     0.297
 6     0.020     0.999     0.049
 6    -0.299    -0.039     0.953
 7   108.240   -17.543    -5.963
 7    -0.477    -0.634     0.609
 7     0.876    -0.397     0.273
 7     0.069     0.663     0.744
 8   126.413   -37.508    -2.769
 8     0.756    -0.394     0.523
 8    -0.577    -0.025     0.816
 8    -0.308    -0.919    -0.245
 9   145.532   -42.423   -16.694
 9     0.890    -0.061     0.453
 9    -0.184     0.860     0.474
 9    -0.418    -0.507     0.755
 2    97.588   -19.230    59.139
 2     0.628    -0.778     0.002
 2     0.777     0.627     0.029
 2    -0.023    -0.018     0.999
 3   121.468    -7.109     5.986
 3    -0.498    -0.048    -0.866
 3    -0.146    -0.980     0.138
 3    -0.855     0.195     0.480
 4   109.396     9.772    -2.345
 4     0.261     0.727     0.635
 4    -0.547     0.653    -0.524
 4    -0.796    -0.211     0.568
 5   133.254    28.158     3.023
 5    -0.839    -0.338     0.427
 5    -0.539     0.620    -0.570
 5    -0.073    -0.708    -0.702
 6   149.785    27.755   -14.184
 6     0.935    -0.036     0.353
 6     0.012     0.997     0.075
 6    -0.355    -0.064     0.932
 7   108.198   -17.412    -6.053
 7    -0.477    -0.630     0.615
 7     0.876    -0.398     0.272
 7     0.073     0.667     0.740
 8   126.066   -37.378    -4.274
 8     0.744    -0.416     0.524
 8    -0.565     0.028     0.824
 8    -0.357    -0.909    -0.213
 9   144.638   -41.637   -19.502
 9     0.867    -0.084     0.491
 9    -0.166     0.881     0.440
 9    -0.469    -0.465     0.751
 2    97.589   -19.190    59.086
 2     0.600    -0.801     0.001
 2     0.800     0.599     0.020
 2    -0.016    -0.012     1.000
 3   121.423    -7.161     5.867
 3    -0.499    -0.047    -0.865
 3    -0.143    -0.980     0.136
 3    -0.855     0.191     0.482
 4   109.273     9.545    -2.525
 4     0.251     0.728     0.637
 4    -0.556     0.647    -0.521
 4    -0.792    -0.223     0.567
 5   133.282    28.111     1.773
 5    -0.839    -0.365     0.405
 5    -0.544     0.605    -0.582
 5    -0.033    -0.708    -0.705
 6   149.189    27.367   -15.908
 6     0.921    -0.038     0.387
 6     0.006     0.996     0.087
 6    -0.389    -0.077     0.918
 7   108.146   -17.229    -6.129
 7    -0.465    -0.629     0.625
 7     0.881    -0.393     0.261
 7     0.081     0.671     0.736
 8   125.545   -37.371    -5.428
 8     0.722    -0.445     0.531
 8    -0.564     0.066     0.823
 8    -0.401    -0.893    -0.203
 9   143.291   -41.460   -21.893
 9     0.843    -0.088     0.531
 9    -0.164     0.898     0.405
 9    -0.512    -0.430     0.744
 2    97.692   -19.045    58.878
 2     0.601    -0.800    -0.006
 2     0.798     0.600    -0.039
 2     0.035     0.018     0.999
 3   121.424    -7.291     5.694
 3    -0.499    -0.052    -0.865
 3    -0.140    -0.980     0.139
 3    -0.855     0.190     0.481
 4   109.298     9.344    -2.662
 4     0.243     0.735     0.632
 4    -0.567     0.637    -0.523
 4    -0.787    -0.232     0.572
 5   133.279    28.035     0.581
 5    -0.837    -0.389     0.385
 5    -0.547     0.587    -0.596
 5     0.005    -0.709    -0.704
 6   148.592    26.850   -17.727
 6     0.905    -0.043     0.422
 6    -0.001     0.995     0.106
 6    -0.424    -0.094     0.900
 7   107.945   -17.226    -6.105
 7    -0.448    -0.628     0.637
 7     0.889    -0.384     0.247
 7     0.089     0.676     0.730
 8   124.818   -37.292    -6.666
 8     0.696    -0.481     0.534
 8    -0.560     0.101     0.822
 8    -0.449    -0.871    -0.198
 9   141.807   -41.212   -24.291
 9     0.814    -0.096     0.575
 9    -0.159     0.914     0.371
 9    -0.559    -0.395     0.729
 2    97.548   -19.212    59.117
 2     0.648    -0.762     0.003
 2     0.761     0.647     0.029
 2    -0.023    -0.018     0.999
 3   121.293    -7.419     5.587
 3    -0.499    -0.057    -0.865
 3    -0.141    -0.979     0.146
 3    -0.855     0.195     0.480
 4   109.080     9.015    -2.717
 4     0.231     0.740     0.632
 4    -0.579     0.626    -0.522
 4    -0.782    -0.245     0.572
 5   133.040    27.990    -0.789
 5    -0.833    -0.418     0.364
 5    -0.551     0.567    -0.613
 5     0.050    -0.710    -0.702
 6   147.595    26.357   -19.619
 6     0.888    -0.049     0.457
 6    -0.009     0.992     0.126
 6    -0.459    -0.115     0.880
 7   107.618   -17.172    -6.057
 7    -0.433    -0.625     0.651
 7     0.896    -0.375     0.235
 7     0.097     0.684     0.722
 8   124.110   -37.221    -7.351
 8     0.675    -0.504     0.540
 8    -0.562     0.123     0.817
 8    -0.478    -0.855    -0.200
 9   140.570   -41.071   -25.803
 9     0.794    -0.097     0.601
 9    -0.155     0.923     0.348
 9    -0.588    -0.371     0.719
 2    97.598   -19.238    59.117
 2     0.649    -0.762     0.003
 2     0.760     0.648     0.029
 2    -0.023    -0.017     0.999
 3   121.051    -7.541     5.490
 3    -0.503    -0.061    -0.862
 3    -0.143    -0.978     0.153
 3    -0.852     0.200     0.482
 4   108.926     8.838    -2.792
 4     0.222     0.741     0.633
 4    -0.587     0.620    -0.520
 4    -0.779    -0.256     0.572
 5   132.867    27.728    -1.717
 5    -0.830    -0.435     0.350
 5    -0.552     0.554    -0.623
 5     0.077    -0.710    -0.699
 6   147.004    26.057   -20.619
 6     0.878    -0.053     0.476
 6    -0.013     0.990     0.138
 6    -0.479    -0.126     0.868
 7   107.361   -17.121    -6.026
 7    -0.414    -0.625     0.663
 7     0.904    -0.364     0.222
 7     0.102     0.691     0.715
 8   123.347   -37.356    -8.099
 8     0.652    -0.533     0.541
 8    -0.561     0.141     0.815
 8    -0.510    -0.834    -0.206
 9   139.079   -41.011   -27.352
 9     0.770    -0.096     0.632
 9    -0.155     0.932     0.324
 9    -0.619    -0.350     0.703
 2    97.598   -19.238    59.117
 2     0.649    -0.761     0.003
 2     0.760     0.648     0.029
 2    -0.023    -0.017     0.999
 3   120.952    -7.692     5.380
 3    -0.505    -0.064    -0.861
 3    -0.144    -0.977     0.157
 3    -0.851     0.203     0.484
 4   108.822     8.664    -2.852
 4     0.217     0.742     0.634
 4    -0.593     0.615    -0.519
 4    -0.775    -0.264     0.573
 5   132.820    27.559    -2.275
 5    -0.829    -0.443     0.343
 5    -0.552     0.546    -0.631
 5     0.092    -0.711    -0.696
 6   146.581    25.610   -21.410
 6     0.870    -0.052     0.490
 6    -0.021     0.989     0.146
 6    -0.492    -0.136     0.859
 7   107.161   -17.171    -5.999
 7    -0.390    -0.626     0.676
 7     0.914    -0.349     0.203
 7     0.109     0.697     0.708
 8   122.637   -37.396    -8.976
 8     0.627    -0.562     0.541
 8    -0.553     0.167     0.815
 8    -0.549    -0.810    -0.205
 9   137.545   -40.599   -29.180
 9     0.744    -0.099     0.662
 9    -0.144     0.943     0.296
 9    -0.652    -0.318     0.688
 2    97.596   -19.238    59.119
 2     0.649    -0.761     0.004
 2     0.760     0.648     0.029
 2    -0.024    -0.017     0.999
 3   120.859    -7.766     5.294
 3    -0.509    -0.067    -0.859
 3    -0.144    -0.976     0.161
 3    -0.849     0.205     0.487
 4   108.680     8.586    -2.849
 4     0.212     0.743     0.634
 4    -0.597     0.612    -0.518
 4    -0.774    -0.269     0.573
 5   132.747    27.518    -2.677
 5    -0.827    -0.451     0.336
 5    -0.552     0.539    -0.636
 5     0.106    -0.711    -0.694
 6   146.339    25.321   -21.937
 6     0.865    -0.053     0.499
 6    -0.025     0.988     0.152
 6    -0.501    -0.143     0.853
 7   107.099   -17.045    -6.013
 7    -0.370    -0.626     0.687
 7     0.922    -0.336     0.190
 7     0.112     0.704     0.701
 8   121.959   -37.324    -9.590
 8     0.606    -0.583     0.543
 8    -0.550     0.187     0.813
 8    -0.575    -0.791    -0.207
 9   136.367   -40.429   -30.526
 9     0.724    -0.093     0.685
 9    -0.141     0.950     0.273
 9    -0.675    -0.296     0.675
 2    97.596   -19.238    59.119
 2     0.649    -0.761     0.004
 2     0.760     0.648     0.029
 2    -0.024    -0.017     0.999
 3   120.689    -7.818     5.244
 3    -0.511    -0.071    -0.857
 3    -0.141    -0.976     0.164
 3    -0.848     0.204     0.488
 4   108.573     8.435    -2.954
 4     0.205     0.744     0.636
 4    -0.602     0.608    -0.517
 4    -0.771    -0.277     0.572
 5   132.606    27.401    -3.321
 5    -0.825    -0.461     0.326
 5    -0.551     0.530    -0.645
 5     0.124    -0.711    -0.691
 6   145.838    24.898   -22.724
 6     0.856    -0.054     0.513
 6    -0.033     0.986     0.162
 6    -0.515    -0.154     0.842
 7   107.007   -17.048    -6.019
 7    -0.354    -0.626     0.695
 7     0.928    -0.325     0.180
 7     0.113     0.708     0.696
 8   121.470   -37.328   -10.421
 8     0.586    -0.608     0.537
 8    -0.540     0.201     0.816
 8    -0.604    -0.768    -0.210
 9   135.179   -40.009   -31.962
 9     0.701    -0.097     0.708
 9    -0.133     0.957     0.256
 9    -0.701    -0.275     0.658
 2    97.598   -19.238    59.117
 2     0.649    -0.761     0.004
 2     0.760     0.648     0.029
 2    -0.023    -0.017     0.999
 3   120.688    -7.869     5.192
 3    -0.511    -0.072    -0.857
 3    -0.141    -0.976     0.165
 3    -0.848     0.205     0.488
 4   108.537     8.261    -2.988
 4     0.203     0.744     0.636
 4    -0.607     0.605    -0.515
 4    -0.768    -0.282     0.574
 5   132.623    27.279    -3.604
 5    -0.824    -0.466     0.322
 5    -0.550     0.525    -0.650
 5     0.133    -0.712    -0.688
 6   145.682    24.587   -23.161
 6     0.853    -0.054     0.519
 6    -0.038     0.985     0.168
 6    -0.520    -0.161     0.838
 7   106.961   -16.942    -6.104
 7    -0.333    -0.622     0.709
 7     0.934    -0.316     0.161
 7     0.123     0.716     0.686
 8   120.855   -36.861   -11.397
 8     0.563    -0.638     0.526
 8    -0.520     0.221     0.824
 8    -0.642    -0.737    -0.207
 9   133.581   -39.066   -33.859
 9     0.669    -0.103     0.738
 9    -0.114     0.965     0.232
 9    -0.734    -0.241     0.633
 2    97.596   -19.238    59.119
 2     0.649    -0.761     0.004
 2     0.760     0.648     0.029
 2    -0.024    -0.017     0.999
 3   120.518    -7.954     5.083
 3    -0.514    -0.080    -0.854
 3    -0.132    -0.976     0.170
 3    -0.848     0.200     0.490
 4   108.423     8.258    -2.956
 4     0.194     0.747     0.635
 4    -0.611     0.599    -0.518
 4    -0.767    -0.288     0.572
 5   132.483    27.137    -4.116
 5    -0.824    -0.474     0.310
 5    -0.546     0.520    -0.657
 5     0.150    -0.710    -0.687
 6   145.305    24.215   -23.821
 6     0.844    -0.052     0.533
 6    -0.046     0.984     0.172
 6    -0.534    -0.169     0.828
 7   106.779   -16.627    -6.335
 7    -0.311    -0.614     0.726
 7     0.940    -0.310     0.140
 7     0.139     0.726     0.673
 8   120.139   -36.318   -12.421
 8     0.538    -0.667     0.516
 8    -0.499     0.240     0.831
 8    -0.679    -0.705    -0.203
 9   132.013   -37.969   -35.686
 9     0.638    -0.111     0.764
 9    -0.096     0.971     0.215
 9    -0.764    -0.211     0.608
 2    97.596   -19.238    59.119
 2     0.649    -0.761     0.004
 2     0.760     0.648     0.029
 2    -0.024    -0.017     0.999
 3   120.494    -7.883     5.099
 3    -0.513    -0.083    -0.855
 3    -0.127    -0.977     0.170
 3    -0.849     0.195     0.490
 4   108.299     8.306    -2.946
 4     0.190     0.746     0.638
 4    -0.612     0.598    -0.518
 4    -0.768    -0.292     0.570
 5   132.380    27.195    -4.407
 5    -0.822    -0.482     0.304
 5    -0.546     0.516    -0.660
 5     0.161    -0.708    -0.687
 6   144.985    24.127   -24.221
 6     0.838    -0.051     0.543
 6    -0.050     0.984     0.174
 6    -0.543    -0.172     0.821
 7   106.694   -16.266    -6.430
 7    -0.281    -0.610     0.741
 7     0.947    -0.298     0.113
 7     0.152     0.734     0.661
 8   119.175   -35.832   -13.438
 8     0.506    -0.692     0.516
 8    -0.482     0.268     0.833
 8    -0.715    -0.670    -0.198
 9   130.117   -36.977   -37.407
 9     0.603    -0.107     0.791
 9    -0.083     0.978     0.189
 9    -0.793    -0.180     0.581
 2    97.596   -19.238    59.069
 2     0.649    -0.761     0.004
 2     0.760     0.648     0.029
 2    -0.024    -0.017     0.999
 3   120.349    -7.839     5.039
 3    -0.514    -0.089    -0.853
 3    -0.119    -0.978     0.173
 3    -0.849     0.190     0.492
 4   108.134     8.254    -2.891
 4     0.184     0.747     0.639
 4    -0.615     0.594    -0.518
 4    -0.767    -0.298     0.568
 5   132.240    27.156    -4.820
 5    -0.819    -0.492     0.294
 5    -0.545     0.510    -0.666
 5     0.178    -0.705    -0.686
 6   144.480    23.933   -24.882
 6     0.829    -0.053     0.557
 6    -0.055     0.983     0.179
 6    -0.557    -0.178     0.811
 7   106.451   -16.138    -6.416
 7    -0.248    -0.604     0.758
 7     0.955    -0.283     0.086
 7     0.162     0.745     0.646
 8   118.176   -35.517   -14.142
 8     0.477    -0.715     0.512
