% Calibrated with leiden_pols
% Positions are in centimeters
Data =[
 2    97.538   -19.233    59.142
 2     0.633    -0.775     0.003
 2     0.773     0.632     0.029
 2    -0.024    -0.017     0.999
 3   122.311    -7.062     8.262
 3    -0.508    -0.002    -0.862
 3    -0.171    -0.980     0.103
 3    -0.844     0.200     0.496
 4   111.552    13.897     1.115
 4     0.750     0.454     0.481
 4    -0.193     0.846    -0.496
 4    -0.632     0.279     0.722
 5   110.128    18.695    35.280
 5    -0.077     0.194     0.978
 5    -0.031     0.980    -0.196
 5    -0.996    -0.044    -0.069
 6   127.551    24.550    47.106
 6     0.350    -0.612    -0.713
 6     0.018     0.762    -0.644
 6     0.936     0.211     0.277
 7   109.659   -21.582    -0.159
 7    -0.309    -0.871     0.382
 7     0.849    -0.072     0.522
 7    -0.428     0.486     0.762
 8   115.636   -28.419    23.817
 8     0.252     0.488     0.837
 8    -0.188    -0.823     0.535
 8     0.949    -0.291    -0.115
 9   126.769   -32.310    47.585
 9     0.451     0.886    -0.115
 9    -0.023     0.136     0.990
 9     0.892    -0.443     0.081
 2    97.535   -19.285    59.145
 2     0.633    -0.775     0.004
 2     0.773     0.632     0.029
 2    -0.025    -0.016     0.999
 3   122.212    -7.061     8.185
 3    -0.508    -0.000    -0.861
 3    -0.172    -0.980     0.102
 3    -0.844     0.200     0.497
 4   111.226    13.985     1.203
 4     0.743     0.458     0.490
 4    -0.192     0.844    -0.499
 4    -0.642     0.276     0.715
 5   110.046    18.703    35.419
 5    -0.082     0.182     0.980
 5    -0.026     0.982    -0.184
 5    -0.996    -0.040    -0.076
 6   127.552    24.550    47.081
 6     0.351    -0.611    -0.713
 6     0.018     0.763    -0.644
 6     0.936     0.211     0.278
 7   109.319   -21.496    -0.242
 7    -0.317    -0.863     0.394
 7     0.850    -0.075     0.520
 7    -0.420     0.500     0.757
 8   115.608   -28.424    23.806
 8     0.262     0.487     0.834
 8    -0.193    -0.820     0.538
 8     0.945    -0.301    -0.121
 9   126.912   -32.209    47.464
 9     0.454     0.883    -0.122
 9    -0.021     0.144     0.989
 9     0.891    -0.445     0.083
 2    97.538   -19.233    59.142
 2     0.633    -0.775     0.003
 2     0.773     0.632     0.029
 2    -0.024    -0.017     0.999
 3   121.984    -6.926     7.936
 3    -0.516     0.005    -0.857
 3    -0.172    -0.980     0.098
 3    -0.839     0.198     0.506
 4   111.032    14.051     1.280
 4     0.736     0.460     0.497
 4    -0.191     0.844    -0.499
 4    -0.649     0.273     0.709
 5   110.058    18.679    35.430
 5    -0.086     0.178     0.980
 5    -0.026     0.983    -0.181
 5    -0.996    -0.040    -0.079
 6   127.545    24.547    47.090
 6     0.353    -0.610    -0.713
 6     0.018     0.763    -0.643
 6     0.935     0.212     0.280
 7   109.199   -21.493    -0.253
 7    -0.319    -0.860     0.398
 7     0.851    -0.075     0.519
 7    -0.417     0.504     0.756
 8   115.601   -28.423    23.815
 8     0.266     0.485     0.834
 8    -0.194    -0.820     0.537
 8     0.944    -0.303    -0.123
 9   126.931   -32.211    47.420
 9     0.455     0.882    -0.125
 9    -0.022     0.147     0.989
 9     0.890    -0.447     0.085
 2    97.538   -19.233    59.142
 2     0.633    -0.774     0.003
 2     0.773     0.632     0.030
 2    -0.024    -0.017     0.999
 3   121.988    -6.951     7.857
 3    -0.519     0.005    -0.855
 3    -0.172    -0.980     0.098
 3    -0.838     0.198     0.508
 4   111.033    14.051     1.281
 4     0.736     0.461     0.497
 4    -0.191     0.844    -0.499
 4    -0.649     0.272     0.709
 5   110.039    18.673    35.418
 5    -0.085     0.182     0.980
 5    -0.027     0.982    -0.184
 5    -0.996    -0.042    -0.078
 6   127.545    24.548    47.091
 6     0.354    -0.609    -0.713
 6     0.019     0.764    -0.643
 6     0.935     0.212     0.281
 7   109.199   -21.518    -0.253
 7    -0.319    -0.860     0.399
 7     0.851    -0.075     0.519
 7    -0.417     0.504     0.756
 8   115.601   -28.424    23.789
 8     0.266     0.485     0.834
 8    -0.194    -0.820     0.538
 8     0.944    -0.304    -0.123
 9   126.980   -32.211    47.394
 9     0.455     0.882    -0.125
 9    -0.022     0.148     0.988
 9     0.890    -0.447     0.086
 2    97.538   -19.284    59.142
 2     0.634    -0.774     0.003
 2     0.773     0.633     0.030
 2    -0.024    -0.017     0.999
 3   121.988    -6.950     7.806
 3    -0.519     0.006    -0.855
 3    -0.172    -0.980     0.098
 3    -0.838     0.198     0.509
 4   111.028    14.048     1.238
 4     0.734     0.462     0.499
 4    -0.191     0.844    -0.500
 4    -0.651     0.271     0.708
 5   110.039    18.675    35.364
 5    -0.087     0.180     0.980
 5    -0.028     0.982    -0.183
 5    -0.996    -0.043    -0.080
 6   127.537    24.546    47.047
 6     0.355    -0.610    -0.712
 6     0.019     0.763    -0.643
 6     0.934     0.214     0.282
 7   109.200   -21.440    -0.308
 7    -0.320    -0.859     0.400
 7     0.851    -0.076     0.519
 7    -0.416     0.506     0.755
 8   115.594   -28.374    23.799
 8     0.268     0.485     0.833
 8    -0.195    -0.819     0.538
 8     0.943    -0.306    -0.124
 9   126.974   -32.213    47.401
 9     0.457     0.881    -0.128
 9    -0.022     0.151     0.988
 9     0.889    -0.448     0.087
 2    97.586   -19.285    59.119
 2     0.633    -0.775     0.004
 2     0.773     0.632     0.029
 2    -0.025    -0.016     0.999
 3   121.993    -6.949     7.752
 3    -0.520     0.006    -0.855
 3    -0.171    -0.980     0.098
 3    -0.837     0.197     0.510
 4   111.054    14.037     1.393
 4     0.727     0.467     0.504
 4    -0.190     0.841    -0.505
 4    -0.659     0.272     0.700
 5   109.849    18.688    35.048
 5    -0.071     0.185     0.980
 5    -0.043     0.981    -0.188
 5    -0.996    -0.054    -0.061
 6   127.546    24.547    46.988
 6     0.354    -0.608    -0.713
 6     0.018     0.765    -0.642
 6     0.935     0.213     0.281
 7   109.213   -21.385    -0.348
 7    -0.320    -0.858     0.402
 7     0.853    -0.077     0.515
 7    -0.411     0.508     0.757
 8   115.640   -28.489    23.689
 8     0.275     0.479     0.834
 8    -0.208    -0.817     0.537
 8     0.939    -0.320    -0.125
 9   127.438   -32.452    46.974
 9     0.467     0.872    -0.151
 9    -0.026     0.180     0.983
 9     0.884    -0.454     0.106
 2    97.538   -19.284    59.116
 2     0.633    -0.774     0.004
 2     0.773     0.632     0.029
 2    -0.024    -0.016     0.999
 3   121.991    -6.930     7.766
 3    -0.520    -0.001    -0.854
 3    -0.166    -0.981     0.102
 3    -0.838     0.195     0.509
 4   110.979    14.053     1.544
 4     0.704     0.477     0.528
 4    -0.183     0.838    -0.513
 4    -0.686     0.264     0.677
 5   109.452    19.008    34.361
 5    -0.049     0.190     0.981
 5    -0.082     0.978    -0.193
 5    -0.995    -0.089    -0.031
 6   127.830    24.787    46.468
 6     0.367    -0.562    -0.744
 6     0.019     0.802    -0.595
 6     0.930     0.203     0.304
 7   108.975   -21.139    -0.505
 7    -0.321    -0.850     0.419
 7     0.861    -0.078     0.501
 7    -0.394     0.521     0.757
 8   116.200   -28.830    23.641
 8     0.317     0.445     0.838
 8    -0.246    -0.815     0.524
 8     0.916    -0.372    -0.147
 9   129.093   -33.335    45.760
 9     0.516     0.843    -0.157
 9    -0.045     0.205     0.977
 9     0.855    -0.496     0.143
 2    97.588   -19.284    59.117
 2     0.633    -0.774     0.003
 2     0.773     0.632     0.030
 2    -0.024    -0.017     0.999
 3   121.937    -6.886     7.785
 3    -0.519    -0.005    -0.855
 3    -0.161    -0.982     0.103
 3    -0.840     0.191     0.508
 4   110.656    13.899     1.547
 4     0.686     0.479     0.549
 4    -0.180     0.841    -0.509
 4    -0.705     0.250     0.663
 5   110.452    20.402    33.662
 5    -0.096     0.170     0.981
 5    -0.173     0.968    -0.184
 5    -0.980    -0.186    -0.062
