% Calibrated with leiden_pols
% Positions are in centimeters
Data =[
 2    97.536   -19.253    59.105
 2     0.532    -0.847     0.005
 2     0.846     0.531     0.028
 2    -0.026    -0.011     0.999
 3   121.091    -6.422     5.929
 3    -0.488     0.057    -0.871
 3    -0.185    -0.982     0.039
 3    -0.853     0.180     0.489
 4   106.277     7.522    -2.938
 4     0.371     0.598     0.711
 4    -0.577     0.747    -0.328
 4    -0.727    -0.289     0.622
 5   122.055    34.065    -5.685
 5    -0.836    -0.172     0.521
 5    -0.528    -0.003    -0.849
 5     0.147    -0.985    -0.088
 6   133.863    12.315    -8.325
 6     0.443     0.881     0.163
 6    -0.846     0.351     0.399
 6     0.295    -0.315     0.902
 7   106.929   -15.091    -5.675
 7    -0.148    -0.817     0.557
 7     0.987    -0.087     0.134
 7    -0.062     0.570     0.819
 8   112.843   -40.510    -4.969
 8     0.548     0.002     0.837
 8    -0.799     0.299     0.522
 8    -0.249    -0.954     0.166
 9   132.682   -26.300    -6.713
 9     0.611    -0.704    -0.366
 9     0.746     0.664    -0.034
 9     0.264    -0.251     0.930
 2    97.486   -19.253    59.105
 2     0.532    -0.847     0.005
 2     0.846     0.531     0.028
 2    -0.026    -0.011     0.999
 3   121.131    -6.375     5.936
 3    -0.485     0.053    -0.873
 3    -0.185    -0.982     0.043
 3    -0.855     0.182     0.486
 4   106.371     7.571    -2.986
 4     0.371     0.600     0.709
 4    -0.577     0.747    -0.331
 4    -0.728    -0.286     0.623
 5   122.113    34.059    -5.532
 5    -0.837    -0.165     0.521
 5    -0.529     0.002    -0.849
 5     0.139    -0.986    -0.088
 6   133.986    12.288    -8.224
 6     0.441     0.883     0.159
 6    -0.847     0.351     0.397
 6     0.295    -0.310     0.904
 7   106.974   -15.093    -5.670
 7    -0.150    -0.817     0.557
 7     0.986    -0.087     0.137
 7    -0.064     0.570     0.819
 8   112.850   -40.558    -4.932
 8     0.549     0.006     0.836
 8    -0.799     0.297     0.522
 8    -0.245    -0.955     0.169
 9   132.687   -26.297    -6.590
 9     0.606    -0.705    -0.371
 9     0.749     0.661    -0.033
 9     0.266    -0.256     0.928
 2    97.486   -19.253    59.105
 2     0.532    -0.847     0.004
 2     0.846     0.531     0.028
 2    -0.026    -0.012     0.999
 3   121.166    -6.433     6.052
 3    -0.480     0.048    -0.876
 3    -0.183    -0.982     0.047
 3    -0.858     0.183     0.479
 4   106.401     7.523    -2.996
 4     0.372     0.603     0.706
 4    -0.578     0.745    -0.332
 4    -0.726    -0.285     0.625
 5   122.222    33.974    -5.509
 5    -0.841    -0.156     0.518
 5    -0.524    -0.002    -0.852
 5     0.133    -0.988    -0.080
 6   134.059    12.143    -7.881
 6     0.439     0.881     0.174
 6    -0.846     0.340     0.408
 6     0.301    -0.327     0.896
 7   106.986   -15.115    -5.628
 7    -0.147    -0.819     0.554
 7     0.987    -0.087     0.132
 7    -0.060     0.566     0.821
 8   112.840   -40.411    -5.274
 8     0.548     0.032     0.836
 8    -0.800     0.310     0.512
 8    -0.243    -0.950     0.195
 9   132.760   -26.324    -6.271
 9     0.603    -0.697    -0.391
 9     0.740     0.669    -0.052
 9     0.296    -0.257     0.919
 2    97.488   -19.302    59.102
 2     0.531    -0.847     0.004
 2     0.846     0.531     0.028
 2    -0.025    -0.012     0.999
 3   121.162    -6.435     6.107
 3    -0.478     0.047    -0.877
 3    -0.183    -0.982     0.048
 3    -0.859     0.183     0.478
 4   106.452     7.575    -3.001
 4     0.373     0.604     0.704
 4    -0.578     0.745    -0.332
 4    -0.725    -0.284     0.627
 5   122.208    34.019    -5.494
 5    -0.842    -0.147     0.520
 5    -0.525    -0.005    -0.851
 5     0.128    -0.989    -0.073
 6   134.096    12.251    -7.630
 6     0.445     0.876     0.187
 6    -0.842     0.339     0.418
 6     0.303    -0.344     0.889
 7   107.020   -15.029    -5.710
 7    -0.143    -0.824     0.549
 7     0.988    -0.092     0.118
 7    -0.047     0.559     0.827
 8   112.661   -40.197    -6.233
 8     0.545     0.088     0.834
 8    -0.803     0.341     0.489
 8    -0.241    -0.936     0.256
 9   132.733   -26.224    -5.618
 9     0.590    -0.688    -0.428
 9     0.724     0.682    -0.099
 9     0.357    -0.250     0.898
 2    97.486   -19.304    59.105
 2     0.532    -0.847     0.004
 2     0.846     0.531     0.028
 2    -0.026    -0.012     0.999
 3   121.158    -6.439     6.117
 3    -0.477     0.044    -0.878
 3    -0.180    -0.982     0.048
 3    -0.860     0.182     0.475
 4   106.500     7.626    -3.003
 4     0.375     0.605     0.703
 4    -0.578     0.745    -0.333
 4    -0.725    -0.282     0.628
 5   122.290    34.037    -5.420
 5    -0.843    -0.139     0.519
 5    -0.523    -0.006    -0.852
 5     0.121    -0.990    -0.067
 6   134.155    12.304    -7.456
 6     0.446     0.874     0.194
 6    -0.842     0.335     0.422
 6     0.305    -0.352     0.885
 7   107.021   -14.979    -5.760
 7    -0.142    -0.824     0.548
 7     0.988    -0.092     0.118
 7    -0.047     0.558     0.828
 8   112.933   -40.016    -6.187
 8     0.554     0.087     0.828
 8    -0.797     0.343     0.497
 8    -0.241    -0.935     0.259
 9   132.810   -25.914    -5.584
 9     0.583    -0.698    -0.420
 9     0.727     0.676    -0.114
 9     0.361    -0.238     0.900
 2    97.486   -19.253    59.054
 2     0.532    -0.847     0.005
 2     0.846     0.531     0.028
 2    -0.026    -0.011     0.999
 3   121.158    -6.443     6.154
 3    -0.476     0.042    -0.879
 3    -0.177    -0.983     0.049
 3    -0.861     0.179     0.475
 4   106.498     7.626    -3.005
 4     0.376     0.605     0.702
 4    -0.577     0.745    -0.334
 4    -0.725    -0.280     0.629
 5   122.282    34.034    -5.333
 5    -0.844    -0.134     0.519
 5    -0.523    -0.007    -0.852
 5     0.118    -0.991    -0.064
 6   134.208    12.254    -7.352
 6     0.445     0.873     0.201
 6    -0.842     0.331     0.425
 6     0.305    -0.358     0.882
 7   107.066   -14.927    -5.757
 7    -0.148    -0.824     0.547
 7     0.988    -0.096     0.122
 7    -0.048     0.558     0.828
 8   113.151   -39.987    -6.236
 8     0.563     0.081     0.823
 8    -0.790     0.345     0.506
 8    -0.243    -0.935     0.258
 9   132.974   -25.686    -5.632
 9     0.578    -0.708    -0.411
 9     0.732     0.668    -0.124
 9     0.359    -0.229     0.903
 2    97.486   -19.304    59.105
 2     0.532    -0.847     0.004
 2     0.846     0.531     0.028
 2    -0.026    -0.012     0.999
 3   121.215    -6.492     6.128
 3    -0.479     0.043    -0.877
 3    -0.176    -0.983     0.048
 3    -0.860     0.177     0.478
 4   106.545     7.678    -3.059
 4     0.378     0.605     0.701
 4    -0.576     0.746    -0.334
 4    -0.725    -0.278     0.630
 5   122.336    34.129    -5.123
 5    -0.845    -0.125     0.521
 5    -0.524    -0.002    -0.851
 5     0.108    -0.992    -0.064
 6   134.320    12.325    -7.091
 6     0.443     0.876     0.190
 6    -0.844     0.336     0.416
 6     0.302    -0.345     0.889
 7   107.110   -14.928    -5.777
 7    -0.151    -0.824     0.547
 7     0.987    -0.097     0.125
 7    -0.050     0.558     0.828
 8   113.331   -40.009    -6.134
 8     0.566     0.072     0.821
 8    -0.788     0.340     0.513
 8    -0.243    -0.938     0.249
 9   133.102   -25.564    -5.685
 9     0.577    -0.713    -0.403
 9     0.737     0.664    -0.121
 9     0.351    -0.226     0.907
 2    97.486   -19.253    59.105
 2     0.532    -0.847     0.005
 2     0.846     0.531     0.028
 2    -0.026    -0.011     0.999
 3   121.232    -6.385     6.120
 3    -0.485     0.050    -0.873
 3    -0.175    -0.984     0.042
 3    -0.857     0.173     0.485
 4   106.535     7.674    -2.997
 4     0.377     0.605     0.701
 4    -0.573     0.747    -0.337
 4    -0.728    -0.275     0.628
 5   122.377    34.178    -4.770
 5    -0.844    -0.124     0.521
 5    -0.526     0.008    -0.850
 5     0.101    -0.992    -0.072
 6   134.285    12.365    -7.087
 6     0.444     0.879     0.175
 6    -0.847     0.348     0.400
 6     0.291    -0.326     0.899
 7   107.097   -14.932    -5.764
 7    -0.153    -0.823     0.547
 7     0.986    -0.096     0.130
 7    -0.055     0.559     0.827
 8   113.340   -40.181    -5.771
 8     0.568     0.051     0.821
 8    -0.786     0.329     0.523
 8    -0.244    -0.943     0.227
 9   133.039   -25.584    -6.023
 9     0.581    -0.721    -0.381
 9     0.745     0.657    -0.110
 9     0.327    -0.219     0.918
 2    97.486   -19.253    59.105
 2     0.531    -0.848     0.004
 2     0.847     0.530     0.028
 2    -0.026    -0.012     0.999
 3   121.148    -6.429     5.999
 3    -0.492     0.051    -0.869
 3    -0.176    -0.984     0.042
 3    -0.853     0.174     0.492
 4   106.471     7.692    -2.976
 4     0.374     0.604     0.704
 4    -0.568     0.748    -0.341
 4    -0.733    -0.273     0.623
 5   122.433    34.311    -4.142
 5    -0.844    -0.136     0.520
 5    -0.528     0.036    -0.848
 5     0.096    -0.990    -0.102
 6   134.160    12.336    -7.321
 6     0.443     0.878     0.181
 6    -0.858     0.357     0.369
 6     0.260    -0.319     0.911
 7   106.967   -15.095    -5.711
 7    -0.153    -0.819     0.553
 7     0.986    -0.089     0.141
 7    -0.067     0.567     0.821
 8   113.572   -40.452    -4.815
 8     0.572    -0.031     0.819
 8    -0.777     0.298     0.554
 8    -0.261    -0.954     0.147
 9   132.806   -25.378    -7.368
 9     0.591    -0.751    -0.299
 9     0.771     0.633    -0.066
 9     0.236    -0.190     0.952
 2    97.488   -19.303    59.102
 2     0.532    -0.847     0.004
 2     0.846     0.531     0.028
 2    -0.025    -0.012     0.999
 3   121.157    -6.425     5.989
 3    -0.495     0.055    -0.868
 3    -0.177    -0.983     0.039
 3    -0.851     0.173     0.495
 4   106.488     7.821    -2.803
 4     0.368     0.599     0.712
 4    -0.549     0.757    -0.354
 4    -0.751    -0.261     0.606
 5   122.992    34.218    -2.270
 5    -0.850    -0.198     0.489
 5    -0.517     0.127    -0.847
 5     0.105    -0.972    -0.210
 6   133.724    12.235    -8.270
 6     0.443     0.863     0.246
 6    -0.885     0.377     0.270
 6     0.141    -0.337     0.931
 7   106.971   -15.285    -5.569
 7    -0.159    -0.813     0.561
 7     0.983    -0.082     0.160
 7    -0.084     0.577     0.812
 8   114.048   -40.747    -3.859
 8     0.576    -0.132     0.807
 8    -0.766     0.258     0.588
 8    -0.285    -0.957     0.048
 9   132.749   -25.146    -8.894
 9     0.593    -0.776    -0.216
 9     0.792     0.609    -0.018
 9     0.143    -0.160     0.976
 2    97.488   -19.252    59.102
 2     0.532    -0.847     0.004
 2     0.846     0.531     0.028
 2    -0.025    -0.012     0.999
 3   121.259    -6.425     6.043
 3    -0.495     0.054    -0.868
 3    -0.176    -0.984     0.039
 3    -0.851     0.172     0.496
 4   106.576     7.929    -2.718
 4     0.367     0.589     0.720
 4    -0.524     0.770    -0.363
 4    -0.768    -0.245     0.591
 5   123.472    34.262    -0.110
 5    -0.847    -0.261     0.464
 5    -0.521     0.230    -0.822
 5     0.108    -0.938    -0.330
 6   133.622    12.982    -9.104
 6     0.457     0.835     0.305
 6    -0.889     0.432     0.148
 6    -0.007    -0.339     0.940
 7   107.067   -15.294    -5.542
 7    -0.162    -0.809     0.565
 7     0.982    -0.077     0.170
 7    -0.095     0.582     0.807
 8   114.546   -40.714    -2.840
 8     0.568    -0.200     0.799
 8    -0.768     0.221     0.601
 8    -0.296    -0.955    -0.027
 9   132.625   -25.464   -10.344
 9     0.601    -0.787    -0.144
 9     0.798     0.598     0.064
 9     0.034    -0.152     0.987
 2    97.488   -19.303    59.102
 2     0.532    -0.847     0.004
 2     0.846     0.531     0.028
 2    -0.025    -0.012     0.999
 3   121.332    -6.383     6.144
 3    -0.493     0.049    -0.869
 3    -0.168    -0.985     0.040
 3    -0.853     0.166     0.494
 4   106.671     8.266    -2.511
 4     0.373     0.579     0.725
 4    -0.494     0.785    -0.374
 4    -0.786    -0.219     0.578
 5   124.179    33.990     3.039
 5    -0.836    -0.334     0.435
 5    -0.539     0.355    -0.764
 5     0.101    -0.873    -0.477
 6   133.597    14.436   -10.056
 6     0.484     0.787     0.385
 6    -0.852     0.522     0.001
 6    -0.198    -0.328     0.923
 7   107.262   -15.251    -5.440
 7    -0.166    -0.805     0.570
 7     0.980    -0.072     0.182
 7    -0.106     0.589     0.801
 8   114.938   -40.824    -1.523
 8     0.543    -0.269     0.796
 8    -0.787     0.168     0.593
 8    -0.293    -0.948    -0.119
 9   132.548   -26.781   -12.082
 9     0.622    -0.781    -0.058
 9     0.775     0.605     0.179
 9    -0.107    -0.156     0.982
 2    97.488   -19.303    59.102
 2     0.532    -0.847     0.004
 2     0.846     0.531     0.028
 2    -0.025    -0.012     0.999
 3   121.457    -6.265     6.274
 3    -0.493     0.046    -0.869
 3    -0.160    -0.986     0.038
 3    -0.855     0.158     0.493
 4   106.806     8.609    -2.300
 4     0.380     0.570     0.728
 4    -0.467     0.797    -0.381
 4    -0.799    -0.196     0.569
 5   124.615    33.599     5.272
 5    -0.823    -0.384     0.419
 5    -0.562     0.440    -0.700
 5     0.084    -0.812    -0.578
 6   133.852    16.395   -10.634
 6     0.519     0.740     0.430
 6    -0.789     0.607    -0.096
 6    -0.330    -0.288     0.897
 7   107.313   -15.258    -5.445
 7    -0.168    -0.801     0.575
 7     0.979    -0.067     0.192
 7    -0.115     0.595     0.795
 8   115.198   -40.808    -0.645
 8     0.527    -0.309     0.793
 8    -0.802     0.131     0.583
 8    -0.283    -0.942    -0.177
 9   132.432   -27.907   -12.982
 9     0.635    -0.773    -0.005
 9     0.745     0.612     0.261
 9    -0.200    -0.169     0.965
 2    97.488   -19.252    59.102
 2     0.532    -0.847     0.004
 2     0.846     0.531     0.028
 2    -0.025    -0.012     0.999
 3   121.561    -6.216     6.283
 3    -0.494     0.045    -0.868
 3    -0.156    -0.987     0.038
 3    -0.855     0.154     0.495
 4   106.774     8.731    -2.209
 4     0.382     0.565     0.731
 4    -0.453     0.804    -0.385
 4    -0.805    -0.184     0.563
 5   124.752    33.268     6.551
 5    -0.809    -0.414     0.417
 5    -0.583     0.482    -0.654
 5     0.070    -0.772    -0.631
 6   134.143    18.165   -11.104
 6     0.555     0.702     0.451
 6    -0.721     0.672    -0.162
 6    -0.415    -0.235     0.877
 7   107.296   -15.316    -5.403
 7    -0.166    -0.798     0.580
 7     0.978    -0.060     0.196
 7    -0.122     0.599     0.791
 8   115.166   -40.855    -0.208
 8     0.502    -0.313     0.807
 8    -0.821     0.121     0.557
 8    -0.271    -0.942    -0.195
 9   132.576   -29.584   -13.797
 9     0.668    -0.743     0.036
 9     0.691     0.639     0.334
 9    -0.273    -0.197     0.942
 2    97.536   -19.253    59.105
 2     0.532    -0.847     0.005
 2     0.846     0.531     0.028
 2    -0.026    -0.011     0.999
 3   121.508    -6.219     6.291
 3    -0.494     0.044    -0.869
 3    -0.155    -0.987     0.038
 3    -0.856     0.153     0.494
 4   106.847     8.826    -2.087
 4     0.383     0.561     0.734
 4    -0.442     0.808    -0.388
 4    -0.811    -0.177     0.557
 5   124.941    32.961     7.234
 5    -0.797    -0.442     0.411
 5    -0.600     0.513    -0.613
 5     0.060    -0.735    -0.675
 6   134.523    19.642   -11.707
 6     0.582     0.668     0.468
 6    -0.656     0.722    -0.217
 6    -0.480    -0.180     0.856
 7   107.286   -15.345    -5.344
 7    -0.165    -0.796     0.583
 7     0.978    -0.056     0.199
 7    -0.126     0.603     0.787
 8   115.250   -40.852     0.152
 8     0.479    -0.335     0.812
 8    -0.836     0.108     0.537
 8    -0.267    -0.936    -0.228
 9   132.409   -31.225   -14.893
 9     0.688    -0.720     0.097
 9     0.630     0.658     0.411
 9    -0.361    -0.221     0.906
 2    97.486   -19.304    59.105
 2     0.532    -0.847     0.004
 2     0.846     0.531     0.028
 2    -0.026    -0.012     0.999
 3   121.560    -6.195     6.345
 3    -0.494     0.043    -0.869
 3    -0.153    -0.987     0.038
 3    -0.856     0.152     0.494
 4   106.872     8.897    -1.996
 4     0.384     0.558     0.736
 4    -0.432     0.812    -0.390
 4    -0.816    -0.169     0.553
 5   125.262    32.601     7.886
 5    -0.790    -0.468     0.397
 5    -0.611     0.544    -0.575
 5     0.053    -0.696    -0.715
 6   134.651    21.233   -12.363
 6     0.594     0.642     0.488
 6    -0.586     0.757    -0.286
 6    -0.551    -0.115     0.824
 7   107.373   -15.451    -5.282
 7    -0.164    -0.793     0.587
 7     0.978    -0.051     0.203
 7    -0.131     0.607     0.783
 8   115.321   -40.867     0.787
 8     0.459    -0.372     0.807
 8    -0.849     0.085     0.521
 8    -0.261    -0.924    -0.276
 9   132.074   -33.251   -15.803
 9     0.699    -0.697     0.159
 9     0.557     0.672     0.487
 9    -0.447    -0.252     0.859
 2    97.486   -19.304    59.105
 2     0.532    -0.847     0.005
 2     0.846     0.531     0.028
 2    -0.026    -0.011     0.999
 3   121.559    -6.195     6.345
 3    -0.493     0.042    -0.869
 3    -0.153    -0.987     0.039
 3    -0.856     0.152     0.493
 4   106.799     8.992    -1.877
 4     0.383     0.555     0.739
 4    -0.423     0.816    -0.393
 4    -0.821    -0.162     0.547
 5   125.687    32.271     8.483
 5    -0.781    -0.496     0.379
 5    -0.622     0.573    -0.533
 5     0.047    -0.652    -0.757
 6   134.645    23.083   -12.962
 6     0.605     0.614     0.511
 6    -0.504     0.788    -0.352
 6    -0.617    -0.044     0.784
 7   107.306   -15.533    -5.189
 7    -0.162    -0.790     0.591
 7     0.977    -0.044     0.208
 7    -0.138     0.611     0.779
 8   115.422   -40.956     1.550
 8     0.438    -0.415     0.799
 8    -0.862     0.059     0.502
 8    -0.255    -0.908    -0.331
 9   131.391   -35.534   -16.553
 9     0.701    -0.675     0.229
 9     0.477     0.683     0.553
 9    -0.530    -0.278     0.801
 2    97.488   -19.303    59.102
 2     0.532    -0.847     0.004
 2     0.846     0.531     0.028
 2    -0.025    -0.012     0.999
 3   121.555    -6.222     6.350
 3    -0.492     0.042    -0.870
 3    -0.153    -0.987     0.039
 3    -0.857     0.152     0.492
 4   106.779     8.985    -1.856
 4     0.380     0.552     0.742
 4    -0.415     0.819    -0.396
 4    -0.826    -0.158     0.540
 5   125.841    32.092     8.776
 5    -0.771    -0.524     0.363
 5    -0.635     0.589    -0.500
 5     0.048    -0.616    -0.786
 6   134.286    24.914   -13.760
 6     0.606     0.584     0.545
 6    -0.424     0.812    -0.399
 6    -0.673     0.011     0.737
 7   107.246   -15.537    -5.130
 7    -0.160    -0.788     0.595
 7     0.977    -0.040     0.209
 7    -0.142     0.614     0.776
 8   115.424   -40.993     2.159
 8     0.418    -0.459     0.785
 8    -0.874     0.035     0.484
 8    -0.249    -0.888    -0.386
 9   130.489   -37.638   -17.251
 9     0.686    -0.666     0.293
 9     0.399     0.682     0.613
 9    -0.608    -0.303     0.734
 2    97.488   -19.303    59.102
 2     0.532    -0.847     0.004
 2     0.846     0.531     0.028
 2    -0.025    -0.012     0.999
 3   121.501    -6.271     6.291
 3    -0.491     0.041    -0.870
 3    -0.156    -0.987     0.041
 3    -0.857     0.156     0.491
 4   106.711     9.051    -1.747
 4     0.374     0.548     0.748
 4    -0.409     0.821    -0.397
 4    -0.832    -0.158     0.531
 5   126.058    32.048     8.741
 5    -0.757    -0.557     0.341
 5    -0.651     0.599    -0.466
 5     0.055    -0.574    -0.816
 6   133.834    27.405   -14.773
 6     0.602     0.549     0.584
 6    -0.323     0.831    -0.449
 6    -0.730     0.082     0.676
 7   107.215   -15.641    -5.076
 7    -0.159    -0.785     0.598
 7     0.977    -0.037     0.210
 7    -0.144     0.618     0.773
 8   115.404   -41.004     2.737
 8     0.397    -0.502     0.770
 8    -0.886     0.012     0.463
 8    -0.241    -0.865    -0.439
 9   129.445   -40.073   -17.507
 9     0.668    -0.654     0.356
 9     0.306     0.676     0.670
 9    -0.678    -0.339     0.651
 2    97.488   -19.303    59.102
 2     0.532    -0.847     0.004
 2     0.846     0.531     0.028
 2    -0.025    -0.012     0.999
 3   121.497    -6.269     6.281
 3    -0.490     0.042    -0.871
 3    -0.160    -0.986     0.042
 3    -0.857     0.160     0.490
 4   106.619     8.967    -1.613
 4     0.369     0.539     0.757
 4    -0.402     0.827    -0.393
 4    -0.838    -0.160     0.521
 5   125.942    32.018     8.931
 5    -0.741    -0.585     0.331
 5    -0.670     0.608    -0.426
 5     0.047    -0.537    -0.842
 6   133.225    30.035   -15.030
 6     0.609     0.509     0.613
 6    -0.218     0.845    -0.485
 6    -0.763     0.162     0.624
 7   107.156   -15.694    -5.020
 7    -0.158    -0.782     0.604
 7     0.976    -0.032     0.213
 7    -0.147     0.623     0.768
 8   115.367   -40.987     3.425
 8     0.375    -0.539     0.756
 8    -0.899    -0.010     0.437
 8    -0.228    -0.842    -0.487
 9   128.369   -42.653   -17.574
 9     0.646    -0.644     0.411
 9     0.207     0.664     0.717
 9    -0.735    -0.378     0.562
 2    97.487   -19.302    59.102
 2     0.531    -0.847     0.005
 2     0.847     0.531     0.027
 2    -0.025    -0.011     0.999
 3   121.425    -6.313     6.210
 3    -0.491     0.045    -0.870
 3    -0.165    -0.985     0.042
 3    -0.855     0.164     0.491
 4   106.414     9.005    -1.497
 4     0.364     0.531     0.766
 4    -0.391     0.833    -0.392
 4    -0.846    -0.157     0.510
 5   125.776    32.041     9.298
 5    -0.720    -0.616     0.320
 5    -0.693     0.613    -0.380
 5     0.038    -0.495    -0.868
 6   132.168    32.381   -15.139
 6     0.596     0.490     0.641
 6    -0.125     0.840    -0.525
 6    -0.793     0.233     0.559
 7   107.054   -15.696    -4.944
 7    -0.154    -0.778     0.609
 7     0.977    -0.027     0.211
 7    -0.148     0.627     0.764
 8   115.018   -41.077     3.892
 8     0.353    -0.569     0.744
 8    -0.910    -0.022     0.413
 8    -0.218    -0.822    -0.525
 9   127.154   -45.060   -17.214
 9     0.625    -0.631     0.461
 9     0.111     0.655     0.747
 9    -0.772    -0.416     0.479
 2    97.486   -19.304    59.105
 2     0.532    -0.847     0.004
 2     0.846     0.531     0.028
 2    -0.026    -0.012     0.999
 3   121.276    -6.254     6.133
 3    -0.493     0.050    -0.869
 3    -0.173    -0.984     0.042
 3    -0.853     0.171     0.493
 4   106.171     8.946    -1.337
 4     0.358     0.520     0.776
 4    -0.381     0.839    -0.387
 4    -0.852    -0.158     0.498
 5   125.329    32.185     9.356
 5    -0.701    -0.641     0.314
 5    -0.713     0.610    -0.346
 5     0.031    -0.466    -0.884
 6   131.230    34.992   -14.956
 6     0.592     0.462     0.664
 6    -0.029     0.832    -0.551
 6    -0.805     0.307     0.505
 7   106.851   -15.774    -4.843
 7    -0.150    -0.774     0.616
 7     0.977    -0.022     0.209
 7    -0.149     0.633     0.759
 8   114.826   -41.113     4.549
 8     0.333    -0.598     0.730
 8    -0.921    -0.038     0.387
 8    -0.204    -0.801    -0.562
 9   125.942   -47.252   -16.592
 9     0.599    -0.631     0.495
 9     0.025     0.631     0.774
 9    -0.801    -0.451     0.393
 2    97.485   -19.303    59.105
 2     0.531    -0.847     0.005
 2     0.846     0.531     0.028
 2    -0.026    -0.011     0.999
 3   121.157    -6.346     5.978
 3    -0.495     0.052    -0.867
 3    -0.179    -0.983     0.044
 3    -0.850     0.177     0.495
 4   105.978     8.885    -1.301
 4     0.352     0.513     0.783
 4    -0.375     0.844    -0.384
 4    -0.858    -0.159     0.489
 5   124.939    32.196     9.520
 5    -0.682    -0.662     0.311
 5    -0.731     0.608    -0.308
 5     0.015    -0.437    -0.899
 6   130.426    36.981   -14.775
 6     0.590     0.436     0.684
 6     0.049     0.822    -0.564
 6    -0.806     0.366     0.462
 7   106.703   -15.776    -4.769
 7    -0.142    -0.771     0.621
 7     0.978    -0.015     0.205
 7    -0.149     0.637     0.756
 8   114.462   -41.106     4.888
 8     0.315    -0.613     0.725
 8    -0.929    -0.041     0.367
 8    -0.195    -0.789    -0.582
 9   125.078   -48.929   -16.114
 9     0.583    -0.626     0.519
 9    -0.045     0.611     0.789
 9    -0.811    -0.483     0.327
 2    97.488   -19.303    59.102
 2     0.532    -0.847     0.005
 2     0.846     0.532     0.027
 2    -0.025    -0.011     0.999
 3   121.045    -6.283     5.898
 3    -0.500     0.063    -0.864
 3    -0.186    -0.982     0.037
 3    -0.846     0.180     0.502
 4   105.792     8.877    -1.166
 4     0.345     0.502     0.793
 4    -0.369     0.849    -0.377
 4    -0.863    -0.163     0.478
 5   124.343    32.308     9.738
 5    -0.659    -0.685     0.311
 5    -0.752     0.602    -0.268
 5    -0.003    -0.410    -0.912
 6   129.287    39.180   -14.416
 6     0.578     0.421     0.703
 6     0.134     0.798    -0.585
 6    -0.805     0.432     0.403
 7   106.505   -15.776    -4.723
 7    -0.138    -0.767     0.627
 7     0.979    -0.011     0.201
 7    -0.148     0.641     0.752
 8   114.141   -41.126     5.132
 8     0.301    -0.630     0.718
 8    -0.935    -0.044     0.351
 8    -0.189    -0.775    -0.601
 9   124.124   -50.381   -15.782
 9     0.558    -0.628     0.544
 9    -0.107     0.594     0.796
 9    -0.823    -0.502     0.264
 2    97.486   -19.253    59.105
 2     0.532    -0.847     0.004
 2     0.846     0.531     0.028
 2    -0.026    -0.012     0.999
 3   120.924    -6.216     5.734
 3    -0.509     0.074    -0.858
 3    -0.191    -0.981     0.029
 3    -0.839     0.179     0.513
 4   105.498     8.914    -1.119
 4     0.336     0.494     0.802
 4    -0.363     0.854    -0.373
 4    -0.870    -0.166     0.465
 5   123.865    32.362    10.132
 5    -0.645    -0.700     0.306
 5    -0.764     0.604    -0.228
 5    -0.026    -0.380    -0.924
 6   128.414    41.238   -13.749
 6     0.567     0.410     0.718
 6     0.211     0.768    -0.602
 6    -0.796     0.492     0.349
 7   106.293   -15.695    -4.745
 7    -0.133    -0.760     0.636
 7     0.981    -0.009     0.194
 7    -0.142     0.650     0.747
 8   113.815   -41.048     5.243
 8     0.281    -0.652     0.705
 8    -0.941    -0.043     0.335
 8    -0.188    -0.757    -0.625
 9   122.801   -51.759   -15.536
 9     0.521    -0.638     0.568
 9    -0.168     0.575     0.800
 9    -0.836    -0.513     0.192
 2    97.486   -19.253    59.105
 2     0.531    -0.848     0.004
 2     0.847     0.530     0.028
 2    -0.026    -0.012     0.999
 3   120.762    -6.134     5.644
 3    -0.514     0.080    -0.854
 3    -0.193    -0.981     0.024
 3    -0.836     0.178     0.519
 4   105.257     8.982    -0.910
 4     0.330     0.484     0.811
 4    -0.354     0.859    -0.369
 4    -0.875    -0.166     0.454
 5   123.505    32.372    10.532
 5    -0.630    -0.720     0.291
 5    -0.775     0.604    -0.185
 5    -0.043    -0.342    -0.939
 6   127.378    42.873   -13.091
 6     0.543     0.418     0.732
 6     0.272     0.734    -0.619
 6    -0.794     0.534     0.285
 7   106.148   -15.592    -4.758
 7    -0.129    -0.754     0.645
 7     0.982    -0.005     0.189
 7    -0.139     0.657     0.740
 8   113.586   -40.984     5.760
 8     0.264    -0.680     0.685
 8    -0.948    -0.050     0.313
 8    -0.179    -0.732    -0.657
 9   121.444   -53.387   -14.775
 9     0.470    -0.663     0.584
 9    -0.241     0.539     0.806
 9    -0.849    -0.520     0.093
 2    97.486   -19.253    59.105
 2     0.531    -0.848     0.004
 2     0.847     0.530     0.028
 2    -0.026    -0.012     0.999
 3   120.604    -5.969     5.511
 3    -0.519     0.090    -0.851
 3    -0.199    -0.980     0.019
 3    -0.831     0.180     0.525
 4   104.896     8.973    -0.772
 4     0.323     0.473     0.820
 4    -0.348     0.864    -0.362
 4    -0.880    -0.170     0.443
 5   123.073    32.430    10.759
 5    -0.618    -0.734     0.282
 5    -0.784     0.600    -0.158
 5    -0.053    -0.319    -0.946
 6   126.415    44.077   -12.581
 6     0.530     0.417     0.741
 6     0.318     0.711    -0.625
 6    -0.786     0.566     0.243
 7   105.843   -15.695    -4.685
 7    -0.125    -0.745     0.655
 7     0.982     0.000     0.187
 7    -0.140     0.666     0.732
 8   113.281   -40.973     6.198
 8     0.245    -0.704     0.668
 8    -0.955    -0.054     0.291
 8    -0.169    -0.708    -0.684
 9   120.143   -55.166   -13.790
 9     0.427    -0.677     0.601
 9    -0.320     0.507     0.799
 9    -0.846    -0.533     0.000
 2    97.486   -19.202    59.105
 2     0.531    -0.848     0.004
 2     0.847     0.530     0.029
 2    -0.026    -0.012     0.999
 3   120.429    -6.066     5.395
 3    -0.519     0.092    -0.850
 3    -0.204    -0.979     0.020
 3    -0.830     0.184     0.526
 4   104.646     8.888    -0.665
 4     0.314     0.467     0.827
 4    -0.348     0.866    -0.357
 4    -0.883    -0.176     0.435
 5   122.829    32.330    10.956
 5    -0.608    -0.743     0.278
 5    -0.791     0.598    -0.131
 5    -0.069    -0.299    -0.951
 6   125.954    45.112   -11.989
 6     0.522     0.420     0.745
 6     0.363     0.679    -0.635
 6    -0.772     0.601     0.202
 7   105.662   -15.748    -4.532
 7    -0.121    -0.739     0.663
 7     0.982     0.007     0.186
 7    -0.142     0.674     0.725
 8   113.077   -40.909     6.660
 8     0.231    -0.728     0.646
 8    -0.960    -0.061     0.272
 8    -0.159    -0.683    -0.713
 9   118.946   -57.073   -12.511
 9     0.379    -0.693     0.614
 9    -0.409     0.469     0.782
 9    -0.830    -0.547    -0.106
 2    97.486   -19.253    59.105
 2     0.531    -0.848     0.004
 2     0.847     0.530     0.028
 2    -0.026    -0.012     0.999
 3   120.307    -6.112     5.352
 3    -0.520     0.092    -0.849
 3    -0.208    -0.978     0.022
 3    -0.828     0.189     0.527
 4   104.420     8.832    -0.637
 4     0.308     0.458     0.834
 4    -0.346     0.870    -0.350
 4    -0.886    -0.181     0.426
 5   122.535    32.102    11.216
 5    -0.602    -0.752     0.269
 5    -0.794     0.600    -0.098
 5    -0.088    -0.272    -0.958
 6   125.414    46.254   -11.264
 6     0.509     0.436     0.745
 6     0.411     0.636    -0.650
 6    -0.756     0.636     0.144
 7   105.431   -15.751    -4.455
 7    -0.116    -0.732     0.671
 7     0.983     0.013     0.184
 7    -0.144     0.681     0.718
 8   112.850   -40.818     7.110
 8     0.219    -0.748     0.627
 8    -0.965    -0.069     0.253
 8    -0.146    -0.660    -0.737
 9   117.940   -58.609   -10.978
 9     0.342    -0.703     0.624
 9    -0.487     0.435     0.756
 9    -0.804    -0.562    -0.194
 2    97.486   -19.253    59.105
 2     0.531    -0.848     0.004
 2     0.847     0.530     0.028
 2    -0.026    -0.012     0.999
 3   120.140    -6.105     5.179
 3    -0.523     0.094    -0.847
 3    -0.212    -0.977     0.022
 3    -0.825     0.192     0.531
 4   104.165     8.826    -0.435
 4     0.303     0.449     0.841
 4    -0.342     0.874    -0.344
 4    -0.889    -0.184     0.418
 5   122.347    32.027    11.637
 5    -0.598    -0.757     0.263
 5    -0.795     0.602    -0.075
 5    -0.101    -0.253    -0.962
 6   125.061    46.866   -10.681
 6     0.502     0.446     0.744
 6     0.437     0.611    -0.658
 6    -0.746     0.654     0.112
 7   105.258   -15.752    -4.360
 7    -0.111    -0.726     0.678
 7     0.983     0.018     0.179
 7    -0.143     0.687     0.712
 8   112.596   -40.676     7.581
 8     0.209    -0.764     0.611
 8    -0.969    -0.077     0.234
 8    -0.132    -0.641    -0.756
 9   117.040   -60.028    -9.320
 9     0.313    -0.706     0.636
 9    -0.563     0.400     0.721
 9    -0.764    -0.584    -0.273
 2    97.486   -19.253    59.105
 2     0.532    -0.847     0.004
 2     0.846     0.531     0.028
 2    -0.026    -0.012     0.999
 3   120.068    -6.129     5.148
 3    -0.525     0.094    -0.846
 3    -0.213    -0.977     0.024
 3    -0.824     0.193     0.532
 4   104.018     8.771    -0.411
 4     0.298     0.443     0.846
 4    -0.343     0.876    -0.338
 4    -0.891    -0.190     0.412
 5   122.077    31.925    11.708
 5    -0.588    -0.766     0.258
 5    -0.800     0.597    -0.049
 5    -0.117    -0.235    -0.965
 6   124.646    47.614   -10.243
 6     0.495     0.445     0.749
 6     0.469     0.587    -0.658
 6    -0.731     0.676     0.081
 7   105.130   -15.755    -4.306
 7    -0.104    -0.722     0.684
 7     0.984     0.026     0.176
 7    -0.145     0.691     0.708
 8   112.281   -40.695     7.984
 8     0.194    -0.772     0.607
 8    -0.974    -0.075     0.214
 8    -0.120    -0.632    -0.765
 9   116.239   -61.128    -7.956
 9     0.290    -0.707     0.646
 9    -0.620     0.375     0.688
 9    -0.729    -0.599    -0.330
 2    97.461   -19.253    59.105
 2     0.532    -0.847     0.004
 2     0.846     0.531     0.028
 2    -0.026    -0.012     0.999
 3   120.020    -6.174     5.078
 3    -0.526     0.096    -0.846
 3    -0.218    -0.975     0.025
 3    -0.822     0.198     0.533
 4   103.900     8.565    -0.395
 4     0.293     0.434     0.851
 4    -0.343     0.879    -0.330
 4    -0.892    -0.196     0.407
 5   121.710    31.850    11.838
 5    -0.577    -0.775     0.258
 5    -0.807     0.590    -0.031
 5    -0.128    -0.226    -0.966
 6   124.106    48.096    -9.843
 6     0.489     0.439     0.756
 6     0.491     0.577    -0.651
 6    -0.721     0.688     0.066
 7   104.949   -15.837    -4.225
 7    -0.094    -0.717     0.691
 7     0.984     0.036     0.171
 7    -0.148     0.696     0.702
 8   111.784   -40.692     8.320
 8     0.176    -0.779     0.603
 8    -0.978    -0.068     0.195
 8    -0.111    -0.624    -0.773
 9   115.051   -61.755    -7.144
 9     0.264    -0.706     0.658
 9    -0.646     0.376     0.663
 9    -0.716    -0.599    -0.357
 2    97.485   -19.253    59.105
 2     0.531    -0.848     0.005
 2     0.847     0.530     0.028
 2    -0.026    -0.011     0.999
 3   119.842    -6.273     5.019
 3    -0.525     0.097    -0.845
 3    -0.222    -0.975     0.026
 3    -0.822     0.202     0.533
 4   103.675     8.561    -0.324
 4     0.289     0.426     0.857
 4    -0.342     0.882    -0.323
 4    -0.894    -0.200     0.401
 5   121.429    31.751    12.033
 5    -0.569    -0.782     0.253
 5    -0.811     0.585    -0.016
 5    -0.135    -0.214    -0.967
 6   123.582    48.470    -9.457
 6     0.481     0.440     0.761
 6     0.509     0.566    -0.647
 6    -0.714     0.697     0.049
 7   104.730   -15.763    -4.104
 7    -0.080    -0.711     0.699
 7     0.986     0.047     0.160
 7    -0.147     0.702     0.697
 8   111.130   -40.619     8.595
 8     0.153    -0.785     0.601
 8    -0.983    -0.055     0.177
 8    -0.106    -0.617    -0.779
 9   113.619   -62.113    -6.625
 9     0.231    -0.708     0.668
 9    -0.664     0.387     0.639
 9    -0.711    -0.590    -0.381
 2    97.486   -19.253    59.105
 2     0.531    -0.848     0.004
 2     0.847     0.530     0.028
 2    -0.026    -0.012     0.999
 3   119.755    -6.268     4.958
 3    -0.529     0.099    -0.843
 3    -0.222    -0.975     0.025
 3    -0.819     0.200     0.537
 4   103.406     8.581    -0.125
 4     0.288     0.417     0.862
 4    -0.334     0.887    -0.318
 4    -0.898    -0.197     0.394
 5   120.935    31.801    12.498
 5    -0.558    -0.791     0.252
 5    -0.816     0.577     0.003
 5    -0.147    -0.204    -0.968
 6   123.010    49.032    -8.534
 6     0.478     0.429     0.769
 6     0.531     0.556    -0.638
 6    -0.699     0.712     0.038
 7   104.509   -15.613    -4.008
 7    -0.070    -0.704     0.706
 7     0.987     0.055     0.151
 7    -0.146     0.707     0.691
 8   110.679   -40.492     8.812
 8     0.133    -0.791     0.597
 8    -0.986    -0.045     0.158
 8    -0.099    -0.610    -0.786
 9   112.654   -62.408    -6.070
 9     0.208    -0.710     0.674
 9    -0.686     0.385     0.617
 9    -0.698    -0.589    -0.407
 2    97.486   -19.253    59.105
 2     0.531    -0.848     0.004
 2     0.847     0.530     0.028
 2    -0.026    -0.012     0.999
 3   119.591    -6.268     4.931
 3    -0.533     0.100    -0.841
 3    -0.219    -0.975     0.024
 3    -0.817     0.197     0.541
 4   103.223     8.628    -0.036
 4     0.286     0.411     0.865
 4    -0.330     0.890    -0.314
 4    -0.900    -0.196     0.390
 5   120.369    31.914    12.899
 5    -0.550    -0.790     0.273
 5    -0.819     0.573     0.007
 5    -0.162    -0.219    -0.962
 6   122.959    49.141    -8.069
 6     0.495     0.409     0.769
 6     0.530     0.559    -0.636
 6    -0.688     0.721     0.060
 7   104.437   -15.611    -4.016
 7    -0.070    -0.702     0.709
 7     0.987     0.054     0.150
 7    -0.144     0.710     0.688
 8   110.604   -40.492     8.761
 8     0.132    -0.791     0.598
 8    -0.986    -0.044     0.158
 8    -0.099    -0.610    -0.786
 9   112.742   -62.385    -6.239
 9     0.211    -0.711     0.672
 9    -0.682     0.385     0.621
 9    -0.701    -0.588    -0.403
 2    97.486   -19.253    59.105
 2     0.531    -0.847     0.004
 2     0.847     0.531     0.028
 2    -0.026    -0.012     0.999
 3   119.515    -6.218     4.931
 3    -0.534     0.100    -0.840
 3    -0.219    -0.975     0.024
 3    -0.817     0.197     0.541
 4   103.225     8.628    -0.034
 4     0.285     0.411     0.866
 4    -0.330     0.890    -0.314
 4    -0.900    -0.197     0.389
 5   120.364    31.908    12.767
 5    -0.552    -0.784     0.285
 5    -0.818     0.574    -0.004
 5    -0.160    -0.234    -0.959
 6   123.377    48.772    -8.340
 6     0.510     0.403     0.763
 6     0.513     0.569    -0.641
 6    -0.690     0.717     0.084
 7   104.441   -15.656    -4.075
 7    -0.079    -0.702     0.708
 7     0.987     0.045     0.154
 7    -0.141     0.710     0.689
 8   110.900   -40.683     8.237
 8     0.148    -0.786     0.601
 8    -0.982    -0.042     0.185
 8    -0.121    -0.617    -0.777
 9   113.919   -61.721    -7.616
 9     0.240    -0.715     0.658
 9    -0.644     0.389     0.657
 9    -0.726    -0.581    -0.367
 2    97.486   -19.253    59.105
 2     0.531    -0.848     0.004
 2     0.847     0.530     0.028
 2    -0.026    -0.012     0.999
 3   119.537    -6.220     4.938
 3    -0.532     0.097    -0.842
 3    -0.217    -0.976     0.026
 3    -0.818     0.196     0.539
 4   103.362     8.633    -0.129
 4     0.288     0.418     0.862
 4    -0.336     0.886    -0.318
 4    -0.897    -0.198     0.395
 5   120.545    32.028    12.731
 5    -0.561    -0.771     0.302
 5    -0.814     0.579    -0.035
 5    -0.147    -0.265    -0.953
 6   124.399    47.259    -9.077
 6     0.537     0.415     0.737
 6     0.449     0.599    -0.661
 6    -0.714     0.685     0.135
 7   104.622   -15.750    -4.208
 7    -0.094    -0.711     0.697
 7     0.986     0.030     0.163
 7    -0.137     0.702     0.698
 8   111.361   -41.065     7.438
 8     0.189    -0.754     0.630
 8    -0.969    -0.040     0.241
 8    -0.157    -0.655    -0.738
 9   116.772   -59.806    -9.926
 9     0.346    -0.690     0.637
 9    -0.539     0.409     0.735
 9    -0.768    -0.597    -0.231
 2    97.485   -19.253    59.105
 2     0.531    -0.848     0.005
 2     0.847     0.530     0.028
 2    -0.026    -0.011     0.999
 3   119.678    -6.277     5.082
 3    -0.529     0.093    -0.844
 3    -0.214    -0.976     0.027
 3    -0.821     0.195     0.536
 4   103.630     8.594    -0.300
 4     0.296     0.429     0.853
 4    -0.344     0.881    -0.324
 4    -0.891    -0.198     0.408
 5   120.700    32.350    11.957
 5    -0.578    -0.746     0.334
 5    -0.809     0.576    -0.111
 5    -0.109    -0.333    -0.936
 6   125.799    44.371   -10.718
 6     0.585     0.432     0.689
 6     0.312     0.662    -0.678
 6    -0.748     0.612     0.252
 7   104.984   -15.767    -4.339
 7    -0.111    -0.726     0.678
 7     0.985     0.010     0.171
 7    -0.132     0.687     0.714
 8   111.946   -41.404     6.479
 8     0.245    -0.698     0.673
