% Calibrated with leiden_pols
% Positions are in centimeters
Data =[
 2    97.536   -19.253    59.105
 2     0.532    -0.847     0.005
 2     0.846     0.531     0.028
 2    -0.026    -0.011     0.999
 3   121.091    -6.422     5.929
 3    -0.488     0.057    -0.871
 3    -0.185    -0.982     0.039
 3    -0.853     0.180     0.489
 4   106.277     7.522    -2.938
 4     0.371     0.598     0.711
 4    -0.577     0.747    -0.328
 4    -0.727    -0.289     0.622
 5   122.055    34.065    -5.685
 5    -0.836    -0.172     0.521
 5    -0.528    -0.003    -0.849
 5     0.147    -0.985    -0.088
 6   133.863    12.315    -8.325
 6     0.443     0.881     0.163
 6    -0.846     0.351     0.399
 6     0.295    -0.315     0.902
 7   106.929   -15.091    -5.675
 7    -0.148    -0.817     0.557
 7     0.987    -0.087     0.134
 7    -0.062     0.570     0.819
 8   112.843   -40.510    -4.969
 8     0.548     0.002     0.837
 8    -0.799     0.299     0.522
 8    -0.249    -0.954     0.166
 9   132.682   -26.300    -6.713
 9     0.611    -0.704    -0.366
 9     0.746     0.664    -0.034
 9     0.264    -0.251     0.930
 2    97.486   -19.253    59.105
 2     0.532    -0.847     0.005
 2     0.846     0.531     0.028
 2    -0.026    -0.011     0.999
 3   121.131    -6.375     5.936
 3    -0.485     0.053    -0.873
 3    -0.185    -0.982     0.043
 3    -0.855     0.182     0.486
 4   106.371     7.571    -2.986
 4     0.371     0.600     0.709
 4    -0.577     0.747    -0.331
 4    -0.728    -0.286     0.623
 5   122.113    34.059    -5.532
 5    -0.837    -0.165     0.521
 5    -0.529     0.002    -0.849
 5     0.139    -0.986    -0.088
 6   133.986    12.288    -8.224
 6     0.441     0.883     0.159
 6    -0.847     0.351     0.397
 6     0.295    -0.310     0.904
 7   106.974   -15.093    -5.670
 7    -0.150    -0.817     0.557
 7     0.986    -0.087     0.137
 7    -0.064     0.570     0.819
 8   112.850   -40.558    -4.932
 8     0.549     0.006     0.836
 8    -0.799     0.297     0.522
 8    -0.245    -0.955     0.169
 9   132.687   -26.297    -6.590
 9     0.606    -0.705    -0.371
 9     0.749     0.661    -0.033
 9     0.266    -0.256     0.928
 2    97.486   -19.253    59.105
 2     0.532    -0.847     0.004
 2     0.846     0.531     0.028
 2    -0.026    -0.012     0.999
 3   121.166    -6.433     6.052
 3    -0.480     0.048    -0.876
 3    -0.183    -0.982     0.047
 3    -0.858     0.183     0.479
 4   106.401     7.523    -2.996
 4     0.372     0.603     0.706
 4    -0.578     0.745    -0.332
 4    -0.726    -0.285     0.625
 5   122.222    33.974    -5.509
 5    -0.841    -0.156     0.518
 5    -0.524    -0.002    -0.852
 5     0.133    -0.988    -0.080
 6   134.059    12.143    -7.881
 6     0.439     0.881     0.174
 6    -0.846     0.340     0.408
 6     0.301    -0.327     0.896
 7   106.986   -15.115    -5.628
 7    -0.147    -0.819     0.554
 7     0.987    -0.087     0.132
 7    -0.060     0.566     0.821
 8   112.840   -40.411    -5.274
 8     0.548     0.032     0.836
 8    -0.800     0.310     0.512
 8    -0.243    -0.950     0.195
 9   132.760   -26.324    -6.271
 9     0.603    -0.697    -0.391
 9     0.740     0.669    -0.052
 9     0.296    -0.257     0.919
 2    97.488   -19.302    59.102
 2     0.531    -0.847     0.004
 2     0.846     0.531     0.028
 2    -0.025    -0.012     0.999
 3   121.162    -6.435     6.107
 3    -0.478     0.047    -0.877
 3    -0.183    -0.982     0.048
 3    -0.859     0.183     0.478
 4   106.452     7.575    -3.001
 4     0.373     0.604     0.704
 4    -0.578     0.745    -0.332
 4    -0.725    -0.284     0.627
 5   122.208    34.019    -5.494
 5    -0.842    -0.147     0.520
 5    -0.525    -0.005    -0.851
 5     0.128    -0.989    -0.073
 6   134.096    12.251    -7.630
 6     0.445     0.876     0.187
 6    -0.842     0.339     0.418
 6     0.303    -0.344     0.889
 7   107.020   -15.029    -5.710
 7    -0.143    -0.824     0.549
 7     0.988    -0.092     0.118
 7    -0.047     0.559     0.827
 8   112.661   -40.197    -6.233
 8     0.545     0.088     0.834
 8    -0.803     0.341     0.489
 8    -0.241    -0.936     0.256
 9   132.733   -26.224    -5.618
 9     0.590    -0.688    -0.428
 9     0.724     0.682    -0.099
 9     0.357    -0.250     0.898
 2    97.486   -19.304    59.105
 2     0.532    -0.847     0.004
 2     0.846     0.531     0.028
 2    -0.026    -0.012     0.999
 3   121.158    -6.439     6.117
 3    -0.477     0.044    -0.878
 3    -0.180    -0.982     0.048
 3    -0.860     0.182     0.475
 4   106.500     7.626    -3.003
 4     0.375     0.605     0.703
 4    -0.578     0.745    -0.333
 4    -0.725    -0.282     0.628
 5   122.290    34.037    -5.420
 5    -0.843    -0.139     0.519
 5    -0.523    -0.006    -0.852
 5     0.121    -0.990    -0.067
 6   134.155    12.304    -7.456
 6     0.446     0.874     0.194
 6    -0.842     0.335     0.422
 6     0.305    -0.352     0.885
 7   107.021   -14.979    -5.760
 7    -0.142    -0.824     0.548
 7     0.988    -0.092     0.118
 7    -0.047     0.558     0.828
 8   112.933   -40.016    -6.187
 8     0.554     0.087     0.828
 8    -0.797     0.343     0.497
 8    -0.241    -0.935     0.259
 9   132.810   -25.914    -5.584
 9     0.583    -0.698    -0.420
 9     0.727     0.676    -0.114
 9     0.361    -0.238     0.900
 2    97.486   -19.253    59.054
 2     0.532    -0.847     0.005
 2     0.846     0.531     0.028
 2    -0.026    -0.011     0.999
 3   121.158    -6.443     6.154
 3    -0.476     0.042    -0.879
 3    -0.177    -0.983     0.049
 3    -0.861     0.179     0.475
 4   106.498     7.626    -3.005
 4     0.376     0.605     0.702
 4    -0.577     0.745    -0.334
 4    -0.725    -0.280     0.629
 5   122.282    34.034    -5.333
 5    -0.844    -0.134     0.519
 5    -0.523    -0.007    -0.852
 5     0.118    -0.991    -0.064
 6   134.208    12.254    -7.352
 6     0.445     0.873     0.201
 6    -0.842     0.331     0.425
 6     0.305    -0.358     0.882
 7   107.066   -14.927    -5.757
 7    -0.148    -0.824     0.547
 7     0.988    -0.096     0.122
 7    -0.048     0.558     0.828
 8   113.151   -39.987    -6.236
 8     0.563     0.081     0.823
 8    -0.790     0.345     0.506
 8    -0.243    -0.935     0.258
 9   132.974   -25.686    -5.632
 9     0.578    -0.708    -0.411
 9     0.732     0.668    -0.124
 9     0.359    -0.229     0.903
 2    97.486   -19.304    59.105
 2     0.532    -0.847     0.004
 2     0.846     0.531     0.028
 2    -0.026    -0.012     0.999
 3   121.215    -6.492     6.128
 3    -0.479     0.043    -0.877
 3    -0.176    -0.983     0.048
 3    -0.860     0.177     0.478
 4   106.545     7.678    -3.059
 4     0.378     0.605     0.701
 4    -0.576     0.746    -0.334
 4    -0.725    -0.278     0.630
 5   122.336    34.129    -5.123
 5    -0.845    -0.125     0.521
 5    -0.524    -0.002    -0.851
 5     0.108    -0.992    -0.064
 6   134.320    12.325    -7.091
 6     0.443     0.876     0.190
 6    -0.844     0.336     0.416
 6     0.302    -0.345     0.889
 7   107.110   -14.928    -5.777
 7    -0.151    -0.824     0.547
 7     0.987    -0.097     0.125
 7    -0.050     0.558     0.828
 8   113.331   -40.009    -6.134
 8     0.566     0.072     0.821
 8    -0.788     0.340     0.513
 8    -0.243    -0.938     0.249
 9   133.102   -25.564    -5.685
 9     0.577    -0.713    -0.403
 9     0.737     0.664    -0.121
 9     0.351    -0.226     0.907
 2    97.486   -19.253    59.105
 2     0.532    -0.847     0.005
 2     0.846     0.531     0.028
 2    -0.026    -0.011     0.999
 3   121.232    -6.385     6.120
 3    -0.485     0.050    -0.873
 3    -0.175    -0.984     0.042
 3    -0.857     0.173     0.485
 4   106.535     7.674    -2.997
 4     0.377     0.605     0.701
 4    -0.573     0.747    -0.337
 4    -0.728    -0.275     0.628
 5   122.377    34.178    -4.770
 5    -0.844    -0.124     0.521
 5    -0.526     0.008    -0.850
 5     0.101    -0.992    -0.072
