2 	  33.12	  -8.38	  22.69
	  0.241	  0.952	 -0.187
	 -0.971	  0.235	 -0.051
	 -0.004	  0.193	  0.981

3 	  44.82	  -1.02	  -0.16
	  0.512	  0.186	  0.838
	 -0.135	  0.981	 -0.136
	 -0.848	 -0.043	  0.527

4 	  40.01	   4.64	  -6.47
	  0.602	  0.739	 -0.302
	 -0.554	  0.658	  0.510
	  0.577	 -0.140	  0.805

5 	  47.23	  11.39	   0.14
	  0.779	  0.410	  0.474
	 -0.350	 -0.346	  0.870
	  0.522	 -0.843	 -0.128

6 	  51.22	   3.18	   5.59
	  0.131	 -0.735	  0.666
	  0.985	  0.173	 -0.003
	 -0.113	  0.656	  0.746

7 	  39.92	  -6.73	  -6.54
	  0.607	 -0.682	 -0.408
	  0.432	  0.713	 -0.551
	  0.668	  0.158	  0.727

8 	  47.79	 -14.20	  -2.39
	  0.824	 -0.400	  0.399
	  0.556	  0.443	 -0.703
	  0.103	  0.801	  0.589

9 	  51.21	  -6.43	   5.96
	  0.107	  0.578	  0.809
	 -0.992	  0.113	  0.049
	 -0.063	 -0.808	  0.586

2 	  33.12	  -8.38	  22.69
	  0.241	  0.952	 -0.187
	 -0.971	  0.235	 -0.051
	 -0.004	  0.193	  0.981

3 	  44.74	  -1.04	  -0.18
	  0.518	  0.185	  0.835
	 -0.134	  0.981	 -0.136
	 -0.845	 -0.041	  0.533

4 	  39.87	   4.64	  -6.42
	  0.601	  0.738	 -0.305
	 -0.549	  0.658	  0.514
	  0.582	 -0.142	  0.801

5 	  47.14	  11.41	   0.07
	  0.785	  0.412	  0.463
	 -0.341	 -0.339	  0.876
	  0.520	 -0.845	 -0.128

6 	  51.15	   3.20	   5.50
	  0.136	 -0.732	  0.667
	  0.986	  0.167	 -0.018
	 -0.098	  0.660	  0.745

7 	  39.76	  -6.80	  -6.49
	  0.600	 -0.686	 -0.411
	  0.430	  0.709	 -0.558
	  0.676	  0.158	  0.720

8 	  47.67	 -14.26	  -2.34
	  0.828	 -0.398	  0.395
	  0.549	  0.432	 -0.715
	  0.113	  0.809	  0.577

9 	  51.17	  -6.36	   5.87
	  0.119	  0.590	  0.798
	 -0.991	  0.116	  0.062
	 -0.056	 -0.799	  0.599

2 	  33.12	  -8.37	  22.71
	  0.241	  0.952	 -0.187
	 -0.971	  0.235	 -0.051
	 -0.004	  0.193	  0.981

3 	  44.65	  -1.04	  -0.19
	  0.524	  0.191	  0.829
	 -0.136	  0.980	 -0.141
	 -0.841	 -0.038	  0.540

4 	  39.73	   4.62	  -6.43
	  0.597	  0.738	 -0.316
	 -0.547	  0.661	  0.513
	  0.589	 -0.134	  0.797

5 	  47.02	  11.46	  -0.12
	  0.786	  0.421	  0.453
	 -0.337	 -0.324	  0.884
	  0.521	 -0.846	 -0.114

6 	  50.99	   3.43	   5.41
	  0.133	 -0.722	  0.679
	  0.986	  0.162	 -0.021
	 -0.095	  0.672	  0.734

7 	  39.57	  -6.84	  -6.29
	  0.587	 -0.702	 -0.403
	  0.435	  0.692	 -0.576
	  0.684	  0.163	  0.711

8 	  47.39	 -14.29	  -1.88
	  0.825	 -0.394	  0.404
	  0.548	  0.393	 -0.738
	  0.131	  0.831	  0.541

9 	  51.08	  -6.10	   5.94
	  0.137	  0.621	  0.771
	 -0.989	  0.136	  0.066
	 -0.063	 -0.771	  0.633

2 	  33.12	  -8.38	  22.69
	  0.241	  0.952	 -0.187
	 -0.971	  0.235	 -0.051
	 -0.004	  0.193	  0.981

3 	  44.60	  -0.95	  -0.21
	  0.525	  0.207	  0.825
	 -0.137	  0.978	 -0.159
	 -0.840	 -0.029	  0.542

4 	  39.67	   4.61	  -6.56
	  0.597	  0.729	 -0.334
	 -0.542	  0.673	  0.503
	  0.593	 -0.120	  0.796

5 	  46.99	  11.57	  -0.40
	  0.788	  0.430	  0.441
	 -0.334	 -0.305	  0.891
	  0.520	 -0.848	 -0.099

6 	  51.01	   3.53	   5.29
	  0.134	 -0.714	  0.687
	  0.987	  0.155	 -0.031
	 -0.084	  0.683	  0.726

7 	  39.50	  -6.86	  -6.22
	  0.581	 -0.711	 -0.396
	  0.437	  0.682	 -0.586
	  0.687	  0.167	  0.706

8 	  47.29	 -14.33	  -1.65
	  0.822	 -0.392	  0.413
	  0.553	  0.377	 -0.743
	  0.134	  0.839	  0.527

9 	  50.99	  -5.96	   6.01
	  0.136	  0.634	  0.761
	 -0.989	  0.138	  0.062
	 -0.066	 -0.761	  0.646

2 	  33.12	  -8.38	  22.69
	  0.241	  0.952	 -0.187
	 -0.971	  0.235	 -0.051
	 -0.004	  0.193	  0.981

3 	  44.58	  -0.88	  -0.23
	  0.527	  0.210	  0.823
	 -0.137	  0.977	 -0.162
	 -0.839	 -0.027	  0.543

4 	  39.60	   4.64	  -6.56
	  0.597	  0.728	 -0.338
	 -0.540	  0.674	  0.503
	  0.596	 -0.118	  0.794

5 	  47.00	  11.64	  -0.49
	  0.793	  0.431	  0.430
	 -0.325	 -0.300	  0.896
	  0.517	 -0.850	 -0.100

6 	  51.03	   3.60	   5.19
	  0.137	 -0.712	  0.688
	  0.988	  0.150	 -0.041
	 -0.074	  0.685	  0.724

7 	  39.45	  -6.79	  -6.22
	  0.580	 -0.709	 -0.401
	  0.435	  0.685	 -0.584
	  0.689	  0.165	  0.705

8 	  47.25	 -14.24	  -1.71
	  0.823	 -0.393	  0.409
	  0.551	  0.379	 -0.743
	  0.135	  0.837	  0.529

9 	  50.91	  -5.91	   5.89
	  0.131	  0.634	  0.762
	 -0.990	  0.131	  0.061
	 -0.061	 -0.762	  0.645

2 	  33.12	  -8.37	  22.69
	  0.241	  0.952	 -0.187
	 -0.971	  0.235	 -0.051
	 -0.004	  0.193	  0.981

3 	  44.54	  -0.81	  -0.23
	  0.531	  0.206	  0.821
	 -0.136	  0.978	 -0.158
	 -0.836	 -0.028	  0.547

4 	  39.55	   4.71	  -6.52
	  0.596	  0.729	 -0.338
	 -0.539	  0.673	  0.506
	  0.598	 -0.120	  0.793

5 	  46.99	  11.67	  -0.51
	  0.797	  0.427	  0.427
	 -0.322	 -0.300	  0.898
	  0.513	 -0.852	 -0.104

6 	  50.98	   3.64	   5.13
	  0.137	 -0.716	  0.685
	  0.989	  0.142	 -0.049
	 -0.062	  0.683	  0.727

7 	  39.39	  -6.71	  -6.28
	  0.577	 -0.708	 -0.407
	  0.433	  0.687	 -0.583
	  0.693	  0.160	  0.702

8 	  47.21	 -14.19	  -1.83
	  0.825	 -0.393	  0.406
	  0.549	  0.385	 -0.742
	  0.134	  0.834	  0.534

9 	  50.80	  -5.80	   5.75
	  0.122	  0.636	  0.761
	 -0.991	  0.120	  0.057
	 -0.055	 -0.761	  0.646

2 	  33.12	  -8.37	  22.71
	  0.241	  0.952	 -0.187
	 -0.971	  0.235	 -0.051
	 -0.004	  0.193	  0.981

3 	  44.51	  -0.77	  -0.26
	  0.539	  0.204	  0.817
	 -0.138	  0.978	 -0.153
	 -0.831	 -0.030	  0.555

4 	  39.43	   4.78	  -6.50
	  0.590	  0.732	 -0.341
	 -0.537	  0.670	  0.512
	  0.605	 -0.120	  0.787

5 	  46.93	  11.69	  -0.54
	  0.804	  0.425	  0.415
	 -0.305	 -0.306	  0.902
	  0.512	 -0.850	 -0.118

6 	  51.01	   3.62	   4.90
	  0.147	 -0.723	  0.675
	  0.988	  0.139	 -0.066
	 -0.046	  0.676	  0.735

7 	  39.29	  -6.66	  -6.28
	  0.577	 -0.702	 -0.417
	  0.422	  0.692	 -0.585
	  0.701	  0.161	  0.695

8 	  47.20	 -14.10	  -1.99
	  0.836	 -0.388	  0.389
	  0.530	  0.384	 -0.756
	  0.143	  0.838	  0.526

9 	  50.92	  -5.66	   5.48
	  0.132	  0.646	  0.751
	 -0.990	  0.122	  0.068
	 -0.047	 -0.753	  0.656

2 	  33.12	  -8.37	  22.69
	  0.241	  0.952	 -0.187
	 -0.971	  0.235	 -0.051
	 -0.004	  0.193	  0.981

3 	  44.47	  -0.77	  -0.35
	  0.548	  0.204	  0.811
	 -0.143	  0.978	 -0.151
	 -0.824	 -0.033	  0.565

4 	  39.27	   4.76	  -6.47
	  0.583	  0.734	 -0.346
	 -0.533	  0.667	  0.520
	  0.614	 -0.119	  0.780

5 	  46.76	  11.74	  -0.69
	  0.815	  0.437	  0.380
	 -0.242	 -0.342	  0.908
	  0.528	 -0.831	 -0.175

6 	  51.47	   3.59	   3.96
	  0.219	 -0.746	  0.629
	  0.972	  0.223	 -0.073
	 -0.086	  0.627	  0.774

7 	  39.16	  -6.70	  -6.26
	  0.570	 -0.704	 -0.423
	  0.413	  0.690	 -0.595
	  0.711	  0.164	  0.683

8 	  47.00	 -14.24	  -2.07
	  0.848	 -0.396	  0.352
	  0.492	  0.338	 -0.802
	  0.198	  0.854	  0.482

9 	  51.40	  -5.59	   4.54
	  0.202	  0.681	  0.703
	 -0.977	  0.186	  0.099
	 -0.063	 -0.707	  0.704

2 	  33.12	  -8.37	  22.71
	  0.241	  0.952	 -0.187
	 -0.971	  0.235	 -0.051
	 -0.004	  0.193	  0.981

3 	  44.40	  -0.79	  -0.46
	  0.562	  0.207	  0.801
	 -0.148	  0.977	 -0.150
	 -0.814	 -0.034	  0.579

4 	  39.01	   4.69	  -6.42
	  0.564	  0.744	 -0.358
	 -0.528	  0.657	  0.538
	  0.637	 -0.115	  0.762

5 	  46.55	  11.79	  -0.98
	  0.831	  0.460	  0.313
	 -0.126	 -0.396	  0.910
	  0.543	 -0.794	 -0.272

6 	  52.15	   3.67	   2.30
	  0.327	 -0.774	  0.543
	  0.933	  0.356	 -0.053
	 -0.154	  0.524	  0.837

7 	  38.99	  -6.77	  -6.22
	  0.556	 -0.707	 -0.437
	  0.396	  0.687	 -0.610
	  0.731	  0.166	  0.661

8 	  46.74	 -14.47	  -2.21
	  0.865	 -0.415	  0.282
	  0.409	  0.258	 -0.875
	  0.291	  0.872	  0.392

9 	  52.14	  -5.52	   2.95
	  0.302	  0.734	  0.609
	 -0.951	  0.273	  0.142
	 -0.061	 -0.622	  0.780

2 	  33.12	  -8.37	  22.69
	  0.241	  0.952	 -0.187
	 -0.971	  0.235	 -0.051
	 -0.004	  0.193	  0.981

3 	  44.35	  -0.84	  -0.60
	  0.574	  0.209	  0.791
	 -0.152	  0.977	 -0.150
	 -0.805	 -0.034	  0.593

4 	  38.78	   4.62	  -6.36
	  0.547	  0.753	 -0.367
	 -0.523	  0.648	  0.553
	  0.655	 -0.110	  0.747

5 	  46.35	  11.85	  -1.21
	  0.843	  0.486	  0.229
	  0.035	 -0.476	  0.879
	  0.536	 -0.733	 -0.419

6 	  52.91	   4.04	   0.23
	  0.454	 -0.798	  0.395
	  0.872	  0.489	 -0.013
	 -0.186	  0.352	  0.917

7 	  38.76	  -6.86	  -6.15
	  0.532	 -0.718	 -0.450
	  0.382	  0.676	 -0.630
	  0.757	  0.163	  0.633

8 	  46.32	 -14.71	  -2.14
	  0.874	 -0.448	  0.189
	  0.257	  0.095	 -0.962
	  0.413	  0.889	  0.197

9 	  52.95	  -5.73	   0.28
	  0.456	  0.792	  0.405
	 -0.890	  0.402	  0.213
	  0.007	 -0.458	  0.889

2 	  33.12	  -8.37	  22.71
	  0.241	  0.952	 -0.187
	 -0.971	  0.235	 -0.051
	 -0.004	  0.193	  0.981

3 	  44.31	  -0.88	  -0.63
	  0.580	  0.209	  0.787
	 -0.153	  0.977	 -0.148
	 -0.800	 -0.034	  0.599

4 	  38.64	   4.66	  -6.29
	  0.528	  0.762	 -0.374
	 -0.520	  0.637	  0.569
	  0.673	 -0.106	  0.731

5 	  46.34	  11.99	  -1.58
	  0.851	  0.512	  0.118
	  0.211	 -0.539	  0.815
	  0.481	 -0.669	 -0.566

6 	  53.44	   4.68	  -2.25
	  0.556	 -0.800	  0.223
	  0.824	  0.566	 -0.015
	 -0.117	  0.193	  0.974

7 	  38.65	  -6.86	  -6.13
	  0.514	 -0.727	 -0.456
	  0.376	  0.667	 -0.642
	  0.772	  0.159	  0.616

8 	  46.04	 -14.78	  -1.76
	  0.867	 -0.485	  0.114
	  0.078	 -0.096	 -0.992
	  0.492	  0.869	 -0.046

9 	  53.38	  -6.15	  -2.57
	  0.561	  0.816	  0.137
	 -0.821	  0.523	  0.228
	  0.116	 -0.240	  0.964

2 	  33.12	  -8.37	  22.71
	  0.241	  0.952	 -0.187
	 -0.971	  0.235	 -0.051
	 -0.004	  0.193	  0.981

3 	  44.30	  -0.90	  -0.67
	  0.583	  0.207	  0.786
	 -0.151	  0.977	 -0.146
	 -0.799	 -0.033	  0.600

4 	  38.62	   4.76	  -6.13
	  0.520	  0.767	 -0.377
	 -0.508	  0.630	  0.586
	  0.688	 -0.114	  0.716

5 	  46.46	  12.15	  -1.78
	  0.849	  0.527	  0.035
	  0.332	 -0.583	  0.742
	  0.412	 -0.619	 -0.669

6 	  53.61	   5.31	  -4.36
	  0.605	 -0.795	  0.050
	  0.792	  0.607	  0.067
	 -0.087	  0.001	  0.996

7 	  38.62	  -6.84	  -6.10
	  0.505	 -0.735	 -0.453
	  0.374	  0.658	 -0.653
	  0.779	  0.160	  0.606

8 	  46.07	 -14.50	  -1.04
	  0.861	 -0.503	  0.068
	 -0.096	 -0.293	 -0.951
	  0.498	  0.813	 -0.301

9 	  53.23	  -6.86	  -5.17
	  0.580	  0.797	 -0.169
	 -0.776	  0.601	  0.188
	  0.254	  0.023	  0.967

2 	  33.12	  -8.37	  22.71
	  0.241	  0.952	 -0.187
	 -0.971	  0.235	 -0.051
	 -0.004	  0.193	  0.981

3 	  44.33	  -0.91	  -0.72
	  0.588	  0.201	  0.783
	 -0.151	  0.979	 -0.139
	 -0.795	 -0.036	  0.606

4 	  38.58	   4.96	  -5.82
	  0.516	  0.773	 -0.369
	 -0.482	  0.616	  0.622
	  0.710	 -0.143	  0.689

5 	  46.62	  12.15	  -1.49
	  0.852	  0.523	 -0.004
	  0.394	 -0.637	  0.663
	  0.345	 -0.567	 -0.748

6 	  53.56	   5.75	  -5.54
	  0.592	 -0.799	 -0.103
	  0.800	  0.565	  0.201
	 -0.107	 -0.201	  0.974

7 	  38.60	  -6.87	  -6.10
	  0.489	 -0.754	 -0.439
	  0.381	  0.636	 -0.671
	  0.785	  0.160	  0.598

8 	  46.30	 -13.90	  -0.07
	  0.853	 -0.519	  0.042
	 -0.268	 -0.507	 -0.819
	  0.447	  0.688	 -0.572

9 	  52.45	  -8.23	  -7.51
	  0.518	  0.690	 -0.506
	 -0.752	  0.648	  0.117
	  0.412	  0.321	  0.852

2 	  33.12	  -8.37	  22.71
	  0.241	  0.952	 -0.187
	 -0.971	  0.235	 -0.051
	 -0.004	  0.193	  0.981

3 	  44.42	  -0.98	  -0.76
	  0.593	  0.188	  0.783
	 -0.145	  0.981	 -0.127
	 -0.792	 -0.038	  0.609

4 	  38.60	   5.20	  -5.33
	  0.514	  0.780	 -0.356
	 -0.440	  0.595	  0.672
	  0.738	 -0.189	  0.648

5 	  46.85	  12.25	  -1.44
	  0.845	  0.529	 -0.075
	  0.474	 -0.677	  0.562
	  0.247	 -0.511	 -0.823

6 	  53.14	   6.31	  -7.15
	  0.550	 -0.790	 -0.271
	  0.834	  0.500	  0.231
	 -0.051	 -0.352	  0.935

7 	  38.57	  -6.93	  -6.06
	  0.475	 -0.775	 -0.417
	  0.389	  0.609	 -0.691
	  0.790	  0.166	  0.590

8 	  46.49	 -13.20	   0.79
	  0.829	 -0.558	  0.027
	 -0.423	 -0.659	 -0.622
	  0.365	  0.505	 -0.782

9 	  50.85	 -10.12	  -9.04
	  0.380	  0.503	 -0.776
	 -0.713	  0.693	  0.105
	  0.595	  0.513	  0.618

2 	  33.12	  -8.37	  22.71
	  0.241	  0.952	 -0.187
	 -0.971	  0.235	 -0.051
	 -0.004	  0.193	  0.981

3 	  44.51	  -1.09	  -0.79
	  0.602	  0.172	  0.780
	 -0.135	  0.984	 -0.114
	 -0.787	 -0.037	  0.615

4 	  38.62	   5.31	  -5.01
	  0.508	  0.787	 -0.350
	 -0.411	  0.577	  0.705
	  0.758	 -0.214	  0.616

5 	  46.92	  12.18	  -1.09
	  0.832	  0.546	 -0.102
	  0.525	 -0.714	  0.462
	  0.180	 -0.439	 -0.880

6 	  52.77	   6.94	  -7.86
	  0.517	 -0.756	 -0.400
	  0.856	  0.456	  0.242
	 -0.004	 -0.467	  0.884

7 	  38.46	  -7.07	  -5.99
	  0.463	 -0.793	 -0.397
	  0.389	  0.583	 -0.713
	  0.797	  0.175	  0.577

8 	  46.63	 -12.60	   1.46
	  0.793	 -0.609	  0.031
	 -0.549	 -0.734	 -0.399
	  0.266	  0.300	 -0.916

9 	  48.99	 -12.04	  -9.46
	  0.201	  0.307	 -0.931
	 -0.635	  0.763	  0.116
	  0.747	  0.568	  0.345

2 	  33.12	  -8.37	  22.71
	  0.241	  0.952	 -0.187
	 -0.971	  0.235	 -0.051
	 -0.004	  0.193	  0.981

3 	  44.60	  -1.20	  -0.88
	  0.613	  0.160	  0.773
	 -0.129	  0.986	 -0.103
	 -0.780	 -0.036	  0.625

4 	  38.60	   5.33	  -4.73
	  0.470	  0.817	 -0.333
	 -0.421	  0.538	  0.730
	  0.777	 -0.202	  0.596

5 	  46.51	  12.53	  -0.42
	  0.789	  0.607	 -0.092
	  0.590	 -0.707	  0.389
	  0.172	 -0.362	 -0.916

6 	  52.28	   8.35	  -8.00
	  0.537	 -0.683	 -0.494
	  0.840	  0.482	  0.247
	  0.067	 -0.548	  0.834

7 	  38.20	  -7.10	  -5.78
	  0.413	 -0.817	 -0.402
	  0.384	  0.555	 -0.737
	  0.826	  0.150	  0.543

8 	  46.35	 -12.73	   1.69
	  0.739	 -0.673	  0.020
	 -0.641	 -0.711	 -0.289
	  0.210	  0.201	 -0.956

9 	  47.21	 -12.88	  -9.49
	  0.069	  0.261	 -0.963
	 -0.550	  0.814	  0.183
	  0.832	  0.517	  0.198

2 	  33.12	  -8.37	  22.71
	  0.241	  0.952	 -0.187
	 -0.971	  0.235	 -0.051
	 -0.004	  0.193	  0.981

3 	  44.67	  -1.21	  -0.93
	  0.618	  0.149	  0.771
	 -0.122	  0.988	 -0.094
	 -0.777	 -0.036	  0.629

4 	  38.53	   5.43	  -4.46
	  0.430	  0.846	 -0.314
	 -0.439	  0.499	  0.747
	  0.790	 -0.183	  0.585

5 	  46.00	  12.92	   0.23
	  0.737	  0.672	 -0.076
	  0.659	 -0.687	  0.306
	  0.154	 -0.276	 -0.949

6 	  51.52	   9.93	  -7.98
	  0.548	 -0.591	 -0.592
	  0.822	  0.515	  0.243
	  0.160	 -0.620	  0.768

7 	  37.99	  -6.98	  -5.64
	  0.369	 -0.827	 -0.424
	  0.379	  0.550	 -0.744
	  0.849	  0.113	  0.516

8 	  46.00	 -12.96	   1.65
	  0.693	 -0.720	  0.008
	 -0.696	 -0.672	 -0.252
	  0.188	  0.170	 -0.967

9 	  46.21	 -12.99	  -9.46
	  0.002	  0.273	 -0.962
	 -0.490	  0.839	  0.238
	  0.872	  0.470	  0.134

2 	  33.12	  -8.37	  22.71
	  0.241	  0.952	 -0.187
	 -0.971	  0.235	 -0.051
	 -0.004	  0.193	  0.981

3 	  44.74	  -1.16	  -0.97
	  0.625	  0.132	  0.769
	 -0.112	  0.990	 -0.079
	 -0.772	 -0.036	  0.634

4 	  38.51	   5.48	  -4.27
	  0.394	  0.869	 -0.298
	 -0.450	  0.464	  0.763
	  0.802	 -0.166	  0.573

5 	  45.58	  13.25	   0.65
	  0.681	  0.728	 -0.070
	  0.722	 -0.655	  0.222
	  0.117	 -0.202	 -0.972

6 	  50.78	  11.32	  -8.12
	  0.541	 -0.506	 -0.672
	  0.801	  0.554	  0.228
	  0.256	 -0.662	  0.704

7 	  37.99	  -6.91	  -5.61
	  0.339	 -0.834	 -0.434
	  0.384	  0.543	 -0.746
	  0.859	  0.086	  0.505

8 	  45.76	 -13.20	   1.69
	  0.657	 -0.753	  0.003
	 -0.732	 -0.640	 -0.233
	  0.178	  0.151	 -0.972

9 	  45.49	 -13.01	  -9.30
	 -0.045	  0.287	 -0.957
	 -0.436	  0.856	  0.278
	  0.899	  0.429	  0.086

2 	  33.12	  -8.37	  22.71
	  0.241	  0.952	 -0.187
	 -0.971	  0.235	 -0.051
	 -0.004	  0.193	  0.981

3 	  44.82	  -1.14	  -0.98
	  0.625	  0.127	  0.770
	 -0.110	  0.991	 -0.076
	 -0.773	 -0.037	  0.633

4 	  38.53	   5.48	  -4.18
	  0.380	  0.878	 -0.290
	 -0.454	  0.449	  0.769
	  0.807	 -0.160	  0.569

5 	  45.32	  13.39	   0.90
	  0.640	  0.765	 -0.065
	  0.762	 -0.623	  0.173
	  0.092	 -0.161	 -0.983

6 	  50.27	  12.09	  -8.23
	  0.532	 -0.454	 -0.715
	  0.782	  0.585	  0.211
	  0.324	 -0.672	  0.666

7 	  38.02	  -6.87	  -5.55
	  0.321	 -0.839	 -0.440
	  0.389	  0.540	 -0.747
	  0.864	  0.068	  0.499

8 	  45.49	 -13.50	   1.72
	  0.619	 -0.785	 -0.012
	 -0.768	 -0.602	 -0.221
	  0.167	  0.146	 -0.975

9 	  44.86	 -12.99	  -9.16
	 -0.064	  0.316	 -0.947
	 -0.367	  0.875	  0.317
	  0.928	  0.367	  0.059

2 	  33.12	  -8.37	  22.71
	  0.241	  0.952	 -0.187
	 -0.971	  0.235	 -0.051
	 -0.004	  0.193	  0.981

3 	  44.88	  -1.14	  -0.98
	  0.623	  0.121	  0.772
	 -0.104	  0.992	 -0.072
	 -0.775	 -0.035	  0.630

4 	  38.51	   5.50	  -4.11
	  0.364	  0.887	 -0.283
	 -0.457	  0.434	  0.776
	  0.812	 -0.153	  0.563

5 	  45.04	  13.50	   1.12
	  0.598	  0.799	 -0.062
	  0.799	 -0.590	  0.114
	  0.055	 -0.118	 -0.992

6 	  49.50	  13.10	  -8.33
	  0.510	 -0.381	 -0.771
	  0.759	  0.622	  0.193
	  0.407	 -0.684	  0.604

7 	  37.92	  -6.86	  -5.54
	  0.291	 -0.844	 -0.450
	  0.389	  0.533	 -0.751
	  0.874	  0.044	  0.483

8 	  45.16	 -13.83	   1.65
	  0.579	 -0.815	 -0.030
	 -0.802	 -0.562	 -0.205
	  0.151	  0.143	 -0.978

9 	  44.26	 -13.06	  -9.18
	 -0.083	  0.336	 -0.938
	 -0.292	  0.892	  0.345
	  0.953	  0.302	  0.024

2 	  33.12	  -8.37	  22.69
	  0.241	  0.952	 -0.187
	 -0.971	  0.235	 -0.051
	 -0.004	  0.193	  0.981

3 	  44.88	  -1.16	  -1.05
	  0.628	  0.114	  0.769
	 -0.097	  0.993	 -0.069
	 -0.772	 -0.031	  0.634

4 	  38.44	   5.47	  -4.03
	  0.348	  0.894	 -0.282
	 -0.454	  0.422	  0.784
	  0.821	 -0.145	  0.552

5 	  44.77	  13.61	   1.21
	  0.556	  0.828	 -0.067
	  0.831	 -0.553	  0.059
	  0.012	 -0.089	 -0.996

6 	  48.78	  13.75	  -8.65
	  0.478	 -0.331	 -0.813
	  0.740	  0.651	  0.168
	  0.476	 -0.682	  0.554

7 	  37.79	  -6.80	  -5.47
	  0.269	 -0.848	 -0.457
	  0.385	  0.529	 -0.756
	  0.883	  0.027	  0.468

8 	  44.88	 -14.10	   1.60
	  0.542	 -0.839	 -0.042
	 -0.829	 -0.526	 -0.190
	  0.138	  0.137	 -0.981

9 	  43.72	 -13.11	  -9.12
	 -0.098	  0.352	 -0.931
	 -0.240	  0.899	  0.365
	  0.966	  0.259	 -0.003

2 	  33.12	  -8.37	  22.71
	  0.241	  0.952	 -0.187
	 -0.971	  0.235	 -0.051
	 -0.004	  0.193	  0.981

3 	  44.84	  -1.20	  -1.09
	  0.632	  0.109	  0.767
	 -0.091	  0.993	 -0.068
	 -0.770	 -0.027	  0.638

4 	  38.39	   5.45	  -4.01
	  0.341	  0.897	 -0.281
	 -0.448	  0.416	  0.791
	  0.827	 -0.143	  0.543

5 	  44.60	  13.64	   1.34
	  0.526	  0.848	 -0.064
	  0.850	 -0.527	  0.016
	 -0.021	 -0.063	 -0.998

6 	  48.20	  14.26	  -8.70
	  0.450	 -0.288	 -0.845
	  0.725	  0.671	  0.156
	  0.524	 -0.683	  0.508

7 	  37.71	  -6.82	  -5.47
	  0.249	 -0.851	 -0.462
	  0.383	  0.524	 -0.761
	  0.890	  0.012	  0.455

8 	  44.47	 -14.36	   1.58
	  0.498	 -0.866	 -0.045
	 -0.857	 -0.483	 -0.182
	  0.136	  0.129	 -0.982

9 	  43.22	 -13.24	  -9.11
	 -0.089	  0.362	 -0.928
	 -0.167	  0.913	  0.372
	  0.982	  0.188	 -0.021

2 	  33.12	  -8.37	  22.71
	  0.241	  0.952	 -0.187
	 -0.971	  0.235	 -0.051
	 -0.004	  0.193	  0.981

3 	  44.82	  -1.18	  -1.14
	  0.634	  0.104	  0.766
	 -0.086	  0.994	 -0.064
	 -0.768	 -0.025	  0.639

4 	  38.32	   5.45	  -3.96
	  0.328	  0.902	 -0.281
	 -0.447	  0.409	  0.795
	  0.832	 -0.135	  0.537

5 	  44.31	  13.73	   1.39
	  0.499	  0.864	 -0.064
	  0.866	 -0.500	 -0.002
	 -0.034	 -0.055	 -0.998

6 	  47.71	  14.61	  -8.72
	  0.436	 -0.264	 -0.860
	  0.708	  0.690	  0.145
	  0.558	 -0.672	  0.485

7 	  37.62	  -6.80	  -5.41
	  0.234	 -0.854	 -0.465
	  0.379	  0.520	 -0.766
	  0.895	  0.003	  0.445

8 	  44.16	 -14.55	   1.60
	  0.467	 -0.883	 -0.045
	 -0.874	 -0.452	 -0.179
	  0.138	  0.122	 -0.983

9 	  42.89	 -13.32	  -9.05
	 -0.078	  0.370	 -0.926
	 -0.117	  0.918	  0.377
	  0.990	  0.137	 -0.029

2 	  33.12	  -8.37	  22.69
	  0.241	  0.952	 -0.187
	 -0.971	  0.235	 -0.051
	 -0.004	  0.193	  0.981

3 	  44.79	  -1.20	  -1.16
	  0.637	  0.101	  0.764
	 -0.083	  0.994	 -0.063
	 -0.766	 -0.023	  0.642

4 	  38.21	   5.40	  -3.94
	  0.316	  0.906	 -0.281
	 -0.448	  0.403	  0.797
	  0.836	 -0.126	  0.533

5 	  44.12	  13.75	   1.49
	  0.483	  0.874	 -0.059
	  0.875	 -0.484	 -0.011
	 -0.039	 -0.047	 -0.998

6 	  47.41	  14.80	  -8.67
	  0.431	 -0.247	 -0.868
	  0.698	  0.701	  0.145
	  0.575	 -0.669	  0.471

7 	  37.55	  -6.80	  -5.36
	  0.222	 -0.855	 -0.469
	  0.371	  0.518	 -0.771
	  0.902	 -0.003	  0.432

8 	  43.79	 -14.84	   1.49
	  0.423	 -0.904	 -0.057
	 -0.896	 -0.408	 -0.175
	  0.135	  0.125	 -0.983

9 	  42.47	 -13.43	  -9.09
	 -0.071	  0.382	 -0.921
	 -0.067	  0.920	  0.386
	  0.995	  0.089	 -0.039

2 	  33.12	  -8.37	  22.71
	  0.241	  0.952	 -0.187
	 -0.971	  0.235	 -0.051
	 -0.004	  0.193	  0.981

3 	  44.75	  -1.23	  -1.18
	  0.638	  0.096	  0.763
	 -0.078	  0.995	 -0.061
	 -0.766	 -0.021	  0.643

4 	  38.20	   5.40	  -3.92
	  0.313	  0.907	 -0.280
	 -0.449	  0.400	  0.799
	  0.837	 -0.124	  0.532

5 	  44.03	  13.76	   1.56
	  0.471	  0.880	 -0.054
	  0.881	 -0.473	 -0.021
	 -0.045	 -0.038	 -0.998

6 	  47.23	  14.98	  -8.58
	  0.425	 -0.232	 -0.875
	  0.693	  0.705	  0.148
	  0.586	 -0.669	  0.457

7 	  37.48	  -6.82	  -5.36
	  0.207	 -0.858	 -0.469
	  0.370	  0.512	 -0.775
	  0.906	 -0.013	  0.424

8 	  43.58	 -14.91	   1.58
	  0.404	 -0.913	 -0.055
	 -0.905	 -0.390	 -0.170
	  0.135	  0.118	 -0.984

9 	  42.26	 -13.48	  -9.02
	 -0.069	  0.382	 -0.922
	 -0.032	  0.922	  0.384
	  0.997	  0.056	 -0.052

2 	  33.12	  -8.37	  22.71
	  0.240	  0.952	 -0.187
	 -0.971	  0.235	 -0.051
	 -0.004	  0.193	  0.981

3 	  44.72	  -1.25	  -1.21
	  0.640	  0.094	  0.762
	 -0.076	  0.995	 -0.060
	 -0.765	 -0.019	  0.644

4 	  38.16	   5.36	  -3.92
	  0.309	  0.909	 -0.280
	 -0.448	  0.397	  0.801
	  0.839	 -0.122	  0.529

5 	  43.89	  13.76	   1.60
	  0.458	  0.887	 -0.051
	  0.887	 -0.460	 -0.030
	 -0.050	 -0.032	 -0.998

6 	  46.99	  15.12	  -8.58
	  0.418	 -0.221	 -0.881
	  0.684	  0.715	  0.144
	  0.601	 -0.662	  0.447

7 	  37.48	  -6.84	  -5.33
	  0.205	 -0.859	 -0.469
	  0.368	  0.510	 -0.777
	  0.907	 -0.014	  0.421

8 	  43.47	 -14.98	   1.63
	  0.391	 -0.919	 -0.056
	 -0.911	 -0.378	 -0.167
	  0.132	  0.116	 -0.984

9 	  42.17	 -13.50	  -8.91
	 -0.065	  0.385	 -0.921
	 -0.012	  0.922	  0.386
	  0.998	  0.035	 -0.055

2 	  33.12	  -8.37	  22.71
	  0.241	  0.952	 -0.187
	 -0.971	  0.235	 -0.051
	 -0.004	  0.193	  0.981

3 	  44.70	  -1.27	  -1.21
	  0.642	  0.094	  0.761
	 -0.074	  0.995	 -0.061
	 -0.764	 -0.017	  0.645

4 	  38.13	   5.34	  -3.90
	  0.302	  0.911	 -0.278
	 -0.450	  0.393	  0.802
	  0.841	 -0.117	  0.528

5 	  43.73	  13.82	   1.62
	  0.443	  0.895	 -0.051
	  0.895	 -0.445	 -0.029
	 -0.049	 -0.033	 -0.998

6 	  46.79	  15.22	  -8.54
	  0.419	 -0.215	 -0.882
	  0.676	  0.722	  0.144
	  0.609	 -0.656	  0.445

7 	  37.42	  -6.86	  -5.29
	  0.200	 -0.861	 -0.467
	  0.364	  0.508	 -0.781
	  0.910	 -0.014	  0.414

8 	  43.40	 -15.01	   1.65
	  0.387	 -0.920	 -0.056
	 -0.913	 -0.374	 -0.164
	  0.130	  0.114	 -0.985

9 	  42.08	 -13.54	  -8.91
	 -0.068	  0.385	 -0.920
	 -0.012	  0.922	  0.386
	  0.997	  0.037	 -0.058

2 	  33.12	  -8.37	  22.71
	  0.241	  0.952	 -0.187
	 -0.971	  0.235	 -0.051
	 -0.004	  0.193	  0.981

3 	  44.68	  -1.27	  -1.23
	  0.643	  0.094	  0.760
	 -0.073	  0.995	 -0.063
	 -0.762	 -0.015	  0.647

4 	  38.07	   5.33	  -3.90
	  0.301	  0.912	 -0.278
	 -0.450	  0.392	  0.802
	  0.841	 -0.116	  0.527

5 	  43.66	  13.83	   1.60
	  0.440	  0.896	 -0.053
	  0.896	 -0.442	 -0.023
	 -0.044	 -0.038	 -0.998

6 	  46.81	  15.19	  -8.58
	  0.423	 -0.220	 -0.879
	  0.675	  0.724	  0.142
	  0.608	 -0.653	  0.452

7 	  37.42	  -6.87	  -5.29
	  0.201	 -0.862	 -0.466
	  0.363	  0.507	 -0.782
	  0.910	 -0.012	  0.414

8 	  43.56	 -14.94	   1.63
	  0.407	 -0.911	 -0.059
	 -0.904	 -0.393	 -0.166
	  0.128	  0.120	 -0.984

9 	  42.31	 -13.46	  -8.95
	 -0.073	  0.384	 -0.920
	 -0.043	  0.921	  0.388
	  0.996	  0.068	 -0.051

2 	  33.12	  -8.37	  22.69
	  0.241	  0.952	 -0.187
	 -0.971	  0.235	 -0.051
	 -0.004	  0.193	  0.981

3 	  44.68	  -1.27	  -1.21
	  0.644	  0.097	  0.759
	 -0.073	  0.995	 -0.066
	 -0.762	 -0.013	  0.647

4 	  38.11	   5.31	  -3.94
	  0.312	  0.907	 -0.282
	 -0.449	  0.401	  0.798
	  0.838	 -0.122	  0.532

5 	  44.03	  13.76	   1.32
	  0.484	  0.872	 -0.073
	  0.874	 -0.485	  0.009
	 -0.028	 -0.069	 -0.997

6 	  47.50	  14.47	  -8.79
	  0.434	 -0.278	 -0.857
	  0.708	  0.693	  0.133
	  0.559	 -0.664	  0.496

7 	  37.55	  -6.94	  -5.27
	  0.231	 -0.858	 -0.459
	  0.362	  0.513	 -0.778
	  0.903	  0.014	  0.428

8 	  44.40	 -14.57	   1.56
	  0.506	 -0.860	 -0.066
	 -0.852	 -0.487	 -0.192
	  0.133	  0.154	 -0.979

9 	  43.44	 -13.01	  -9.07
	 -0.088	  0.388	 -0.917
	 -0.148	  0.906	  0.397
	  0.985	  0.170	 -0.022

2 	  33.12	  -8.37	  22.71
	  0.241	  0.952	 -0.187
	 -0.971	  0.235	 -0.051
	 -0.004	  0.193	  0.981

3 	  44.74	  -1.27	  -1.12
	  0.644	  0.117	  0.756
	 -0.087	  0.993	 -0.080
	 -0.760	 -0.014	  0.650

4 	  38.21	   5.29	  -4.04
	  0.334	  0.896	 -0.293
	 -0.449	  0.423	  0.787
	  0.829	 -0.132	  0.543

5 	  44.81	  13.54	   0.86
	  0.578	  0.810	 -0.098
	  0.815	 -0.572	  0.091
	  0.018	 -0.132	 -0.991

6 	  48.97	  12.87	  -8.88
	  0.465	 -0.399	 -0.790
	  0.761	  0.636	  0.125
	  0.455	 -0.660	  0.597

7 	  37.76	  -7.05	  -5.36
	  0.284	 -0.849	 -0.445
	  0.368	  0.525	 -0.768
	  0.885	  0.054	  0.461

8 	  45.42	 -13.90	   1.49
	  0.638	 -0.767	 -0.063
	 -0.752	 -0.603	 -0.267
	  0.168	  0.218	 -0.961

9 	  45.28	 -12.09	  -9.23
	 -0.049	  0.397	 -0.916
	 -0.283	  0.874	  0.394
	  0.958	  0.278	  0.070

2 	  33.12	  -8.37	  22.69
	  0.241	  0.952	 -0.187
	 -0.971	  0.235	 -0.051
	 -0.004	  0.193	  0.981

3 	  44.84	  -1.25	  -1.05
	  0.640	  0.131	  0.757
	 -0.098	  0.991	 -0.089
	 -0.762	 -0.017	  0.647

4 	  38.39	   5.27	  -4.18
	  0.372	  0.875	 -0.309
	 -0.450	  0.460	  0.765
	  0.813	 -0.145	  0.564

5 	  45.42	  13.32	   0.23
	  0.683	  0.722	 -0.107
	  0.717	 -0.635	  0.287
	  0.140	 -0.273	 -0.952

6 	  50.94	  10.41	  -8.00
	  0.550	 -0.588	 -0.593
	  0.786	  0.603	  0.131
	  0.282	 -0.539	  0.793

7 	  38.07	  -7.15	  -5.38
	  0.346	 -0.837	 -0.424
	  0.390	  0.538	 -0.747
	  0.853	  0.093	  0.512

8 	  46.09	 -13.50	   1.49
	  0.750	 -0.661	 -0.036
	 -0.612	 -0.672	 -0.417
	  0.252	  0.335	 -0.908

9 	  47.57	 -10.78	  -9.02
	  0.093	  0.468	 -0.879
	 -0.407	  0.823	  0.396
	  0.909	  0.321	  0.266

2 	  33.12	  -8.38	  22.71
	  0.241	  0.952	 -0.187
	 -0.971	  0.235	 -0.051
	 -0.004	  0.193	  0.981

3 	  44.95	  -1.25	  -0.97
	  0.632	  0.141	  0.761
	 -0.104	  0.990	 -0.098
	 -0.768	 -0.017	  0.640

4 	  38.60	   5.29	  -4.31
	  0.408	  0.854	 -0.321
	 -0.454	  0.494	  0.741
	  0.793	 -0.156	  0.589

5 	  45.90	  13.08	  -0.16
	  0.756	  0.649	 -0.084
	  0.606	 -0.645	  0.465
	  0.249	 -0.403	 -0.881

6 	  52.29	   8.44	  -6.56
	  0.591	 -0.712	 -0.378
	  0.798	  0.584	  0.144
	  0.118	 -0.387	  0.914

7 	  38.27	  -7.22	  -5.40
	  0.379	 -0.827	 -0.416
	  0.403	  0.551	 -0.730
	  0.833	  0.109	  0.542

8 	  46.11	 -13.83	   1.16
	  0.812	 -0.583	 -0.005
	 -0.458	 -0.632	 -0.625
	  0.362	  0.510	 -0.780

9 	  49.78	  -9.09	  -8.05
	  0.290	  0.628	 -0.722
	 -0.526	  0.734	  0.430
	  0.802	  0.256	  0.540

2 	  33.12	  -8.37	  22.69
	  0.241	  0.952	 -0.187
	 -0.971	  0.235	 -0.051
	 -0.004	  0.193	  0.981

3 	  45.02	  -1.30	  -0.88
	  0.626	  0.143	  0.766
	 -0.101	  0.989	 -0.103
	 -0.773	 -0.013	  0.634

4 	  38.74	   5.26	  -4.41
	  0.431	  0.841	 -0.326
	 -0.460	  0.515	  0.723
	  0.777	 -0.162	  0.608

5 	  46.14	  12.87	  -0.21
	  0.797	  0.603	 -0.039
	  0.509	 -0.635	  0.581
	  0.326	 -0.484	 -0.812

6 	  53.00	   7.22	  -4.96
	  0.605	 -0.769	 -0.203
	  0.796	  0.583	  0.159
	 -0.006	 -0.257	  0.966

7 	  38.37	  -7.28	  -5.40
	  0.397	 -0.819	 -0.413
	  0.415	  0.561	 -0.716
	  0.819	  0.113	  0.562

8 	  46.00	 -14.26	   0.81
	  0.850	 -0.524	  0.056
	 -0.267	 -0.521	 -0.811
	  0.454	  0.674	 -0.582

9 	  51.77	  -7.59	  -5.77
	  0.472	  0.757	 -0.453
	 -0.634	  0.645	  0.426
	  0.618	  0.087	  0.781

2 	  33.12	  -8.37	  22.71
	  0.241	  0.952	 -0.187
	 -0.971	  0.235	 -0.051
	 -0.004	  0.193	  0.981

3 	  45.04	  -1.35	  -0.83
	  0.620	  0.145	  0.771
	 -0.098	  0.989	 -0.108
	 -0.778	 -0.008	  0.627

4 	  38.87	   5.22	  -4.54
	  0.456	  0.831	 -0.318
	 -0.473	  0.528	  0.705
	  0.755	 -0.171	  0.632

5 	  46.35	  12.57	   0.16
	  0.825	  0.563	  0.040
	  0.400	 -0.632	  0.664
	  0.400	 -0.532	 -0.746

6 	  53.51	   6.26	  -2.99
	  0.601	 -0.798	 -0.043
	  0.795	  0.591	  0.134
	 -0.085	 -0.114	  0.990

7 	  38.53	  -7.31	  -5.41
	  0.420	 -0.813	 -0.404
	  0.432	  0.569	 -0.700
	  0.799	  0.119	  0.589

8 	  45.95	 -14.43	   0.91
	  0.868	 -0.472	  0.154
	 -0.060	 -0.409	 -0.911
	  0.493	  0.781	 -0.383

9 	  52.93	  -6.64	  -2.74
	  0.565	  0.806	 -0.176
	 -0.717	  0.581	  0.385
	  0.418	 -0.089	  0.904

2 	  33.12	  -8.37	  22.71
	  0.241	  0.952	 -0.187
	 -0.971	  0.235	 -0.051
	 -0.004	  0.193	  0.981

3 	  45.07	  -1.34	  -0.72
	  0.612	  0.147	  0.777
	 -0.098	  0.989	 -0.112
	 -0.785	 -0.007	  0.619

4 	  39.06	   5.31	  -4.66
	  0.484	  0.827	 -0.287
	 -0.500	  0.529	  0.686
	  0.720	 -0.188	  0.668

5 	  46.55	  12.13	   1.09
	  0.842	  0.515	  0.161
	  0.270	 -0.661	  0.700
	  0.468	 -0.546	 -0.695

6 	  53.77	   5.43	  -0.67
	  0.583	 -0.807	  0.087
	  0.798	  0.589	  0.124
	 -0.155	 -0.002	  0.988

7 	  38.74	  -7.42	  -5.43
	  0.440	 -0.815	 -0.377
	  0.456	  0.563	 -0.688
	  0.774	  0.130	  0.619

8 	  45.90	 -14.54	   1.20
	  0.860	 -0.440	  0.258
	  0.125	 -0.310	 -0.943
	  0.494	  0.843	 -0.213

9 	  53.30	  -6.22	  -0.02
	  0.580	  0.813	  0.049
	 -0.780	  0.533	  0.326
	  0.244	 -0.225	  0.943

2 	  33.12	  -8.37	  22.71
	  0.241	  0.952	 -0.187
	 -0.971	  0.235	 -0.051
	 -0.004	  0.193	  0.981

3 	  45.14	  -1.34	  -0.62
	  0.601	  0.146	  0.785
	 -0.094	  0.989	 -0.114
	 -0.794	 -0.005	  0.608

4 	  39.32	   5.33	  -4.73
	  0.520	  0.817	 -0.249
	 -0.515	  0.531	  0.673
	  0.683	 -0.221	  0.696

5 	  46.56	  11.81	   1.78
	  0.835	  0.478	  0.271
	  0.139	 -0.662	  0.736
	  0.532	 -0.577	 -0.619

6 	  53.72	   4.68	   1.53
	  0.538	 -0.816	  0.210
	  0.810	  0.569	  0.144
	 -0.241	  0.095	  0.966

7 	  38.90	  -7.45	  -5.47
	  0.454	 -0.814	 -0.361
	  0.474	  0.563	 -0.677
	  0.755	  0.136	  0.641

8 	  45.69	 -14.82	   1.25
	  0.835	 -0.439	  0.331
	  0.261	 -0.214	 -0.941
	  0.485	  0.872	 -0.065

9 	  52.95	  -6.36	   1.90
	  0.554	  0.805	  0.213
	 -0.824	  0.487	  0.290
	  0.133	 -0.334	  0.933

2 	  33.12	  -8.37	  22.71
	  0.241	  0.952	 -0.187
	 -0.971	  0.235	 -0.051
	 -0.004	  0.193	  0.981

3 	  45.16	  -1.37	  -0.51
	  0.586	  0.147	  0.797
	 -0.088	  0.989	 -0.118
	 -0.806	 -0.001	  0.592

4 	  39.46	   5.34	  -4.78
	  0.535	  0.813	 -0.230
	 -0.528	  0.532	  0.661
	  0.661	 -0.232	  0.713

5 	  46.34	  11.87	   2.02
	  0.815	  0.466	  0.345
	  0.026	 -0.625	  0.780
	  0.580	 -0.625	 -0.522

6 	  53.19	   4.45	   3.25
	  0.476	 -0.815	  0.330
	  0.821	  0.546	  0.165
	 -0.319	  0.195	  0.927

7 	  38.97	  -7.51	  -5.45
	  0.458	 -0.820	 -0.343
	  0.492	  0.554	 -0.671
	  0.741	  0.138	  0.656

8 	  45.26	 -15.22	   1.16
	  0.801	 -0.461	  0.381
	  0.361	 -0.138	 -0.922
	  0.479	  0.876	  0.055

9 	  52.31	  -6.70	   3.38
	  0.504	  0.793	  0.343
	 -0.864	  0.448	  0.229
	  0.030	 -0.411	  0.911

2 	  33.12	  -8.37	  22.71
	  0.241	  0.952	 -0.187
	 -0.971	  0.235	 -0.051
	 -0.004	  0.193	  0.981

3 	  45.12	  -1.39	  -0.46
	  0.580	  0.148	  0.801
	 -0.085	  0.989	 -0.122
	 -0.810	  0.002	  0.586

4 	  39.46	   5.31	  -4.82
	  0.542	  0.810	 -0.222
	 -0.533	  0.534	  0.656
	  0.651	 -0.237	  0.721

5 	  46.12	  12.02	   2.00
	  0.794	  0.467	  0.390
	 -0.068	 -0.570	  0.818
	  0.605	 -0.676	 -0.422

6 	  52.51	   4.41	   4.55
	  0.400	 -0.807	  0.433
	  0.849	  0.504	  0.157
	 -0.348	  0.307	  0.886

7 	  38.97	  -7.52	  -5.45
	  0.463	 -0.818	 -0.341
	  0.497	  0.557	 -0.665
	  0.735	  0.138	  0.664

8 	  45.00	 -15.73	   0.63
	  0.768	 -0.497	  0.402
	  0.450	 -0.028	 -0.893
	  0.456	  0.867	  0.201

9 	  51.50	  -7.21	   4.39
	  0.428	  0.771	  0.471
	 -0.903	  0.390	  0.181
	 -0.043	 -0.502	  0.863

2 	  33.12	  -8.37	  22.69
	  0.241	  0.952	 -0.187
	 -0.971	  0.235	 -0.051
	 -0.004	  0.193	  0.981

3 	  45.11	  -1.39	  -0.40
	  0.571	  0.151	  0.807
	 -0.086	  0.988	 -0.125
	 -0.817	  0.002	  0.577

4 	  39.50	   5.27	  -4.85
	  0.543	  0.811	 -0.215
	 -0.543	  0.533	  0.648
	  0.642	 -0.235	  0.730

5 	  45.83	  12.30	   1.92
	  0.762	  0.492	  0.420
	 -0.123	 -0.528	  0.840
	  0.636	 -0.691	 -0.343

6 	  52.01	   4.80	   5.29
	  0.363	 -0.786	  0.501
	  0.847	  0.502	  0.175
	 -0.391	  0.363	  0.846

7 	  39.06	  -7.51	  -5.47
	  0.464	 -0.815	 -0.346
	  0.506	  0.564	 -0.653
	  0.728	  0.128	  0.673

8 	  44.65	 -16.17	   0.05
	  0.723	 -0.548	  0.421
	  0.539	  0.064	 -0.840
	  0.434	  0.834	  0.341

9 	  50.48	  -7.89	   5.33
	  0.344	  0.735	  0.585
	 -0.931	  0.348	  0.108
	 -0.123	 -0.582	  0.804

2 	  33.12	  -8.37	  22.69
	  0.241	  0.952	 -0.187
	 -0.971	  0.235	 -0.051
	 -0.004	  0.193	  0.981

3 	  45.07	  -1.35	  -0.30
	  0.557	  0.155	  0.815
	 -0.087	  0.988	 -0.130
	 -0.826	  0.001	  0.563

4 	  39.57	   5.26	  -4.97
	  0.546	  0.808	 -0.220
	 -0.551	  0.543	  0.633
	  0.632	 -0.225	  0.741

5 	  45.70	  12.59	   1.67
	  0.741	  0.515	  0.431
	 -0.170	 -0.478	  0.861
	  0.650	 -0.711	 -0.268

6 	  51.63	   5.08	   5.77
	  0.321	 -0.763	  0.560
	  0.856	  0.487	  0.174
	 -0.407	  0.425	  0.808

7 	  39.16	  -7.52	  -5.50
	  0.475	 -0.809	 -0.346
	  0.509	  0.573	 -0.642
	  0.719	  0.129	  0.683

8 	  44.37	 -16.49	  -0.63
	  0.669	 -0.596	  0.443
	  0.641	  0.161	 -0.750
	  0.376	  0.786	  0.490

9 	  49.22	  -8.61	   6.26
	  0.218	  0.687	  0.693
	 -0.954	  0.298	  0.003
	 -0.204	 -0.662	  0.721

2 	  33.12	  -8.37	  22.69
	  0.241	  0.952	 -0.187
	 -0.971	  0.235	 -0.051
	 -0.004	  0.193	  0.981

3 	  45.07	  -1.32	  -0.21
	  0.540	  0.159	  0.826
	 -0.095	  0.987	 -0.129
	 -0.836	 -0.009	  0.548

4 	  39.67	   5.22	  -5.12
	  0.555	  0.801	 -0.225
	 -0.556	  0.557	  0.617
	  0.621	 -0.218	  0.753

5 	  45.72	  12.71	   1.28
	  0.731	  0.529	  0.430
	 -0.202	 -0.436	  0.877
	  0.652	 -0.727	 -0.214

6 	  51.35	   5.22	   5.87
	  0.279	 -0.750	  0.599
	  0.878	  0.451	  0.158
	 -0.391	  0.483	  0.783

7 	  39.50	  -7.47	  -5.59
	  0.490	 -0.801	 -0.345
	  0.518	  0.585	 -0.624
	  0.702	  0.126	  0.700

8 	  43.44	 -16.95	  -1.11
	  0.536	 -0.687	  0.490
	  0.770	  0.159	 -0.618
	  0.347	  0.708	  0.614

9 	  47.62	  -9.98	   7.14
	  0.137	  0.624	  0.769
	 -0.927	  0.355	 -0.124
	 -0.350	 -0.696	  0.627

2 	  33.12	  -8.37	  22.69
	  0.241	  0.952	 -0.187
	 -0.971	  0.235	 -0.051
	 -0.004	  0.193	  0.981

3 	  45.12	  -1.27	  -0.11
	  0.518	  0.161	  0.839
	 -0.106	  0.986	 -0.125
	 -0.849	 -0.024	  0.528

4 	  39.74	   5.17	  -5.20
	  0.556	  0.799	 -0.229
	 -0.565	  0.563	  0.603
	  0.612	 -0.206	  0.763

5 	  45.65	  12.87	   1.05
	  0.716	  0.547	  0.433
	 -0.226	 -0.408	  0.884
	  0.662	 -0.730	 -0.170

6 	  50.99	   5.38	   5.98
	  0.243	 -0.740	  0.626
	  0.888	  0.430	  0.162
	 -0.391	  0.518	  0.761

7 	  39.67	  -7.44	  -5.66
	  0.492	 -0.805	 -0.332
	  0.534	  0.579	 -0.616
	  0.689	  0.126	  0.713

8 	  42.35	 -17.23	  -1.16
	  0.395	 -0.749	  0.532
	  0.858	  0.094	 -0.505
	  0.328	  0.656	  0.679

9 	  46.04	 -10.88	   7.80
	  0.086	  0.580	  0.810
	 -0.891	  0.408	 -0.198
	 -0.446	 -0.705	  0.552

2 	  33.12	  -8.37	  22.69
	  0.241	  0.952	 -0.187
	 -0.971	  0.235	 -0.051
	 -0.004	  0.193	  0.981

3 	  45.09	  -1.23	   0.00
	  0.500	  0.163	  0.850
	 -0.116	  0.986	 -0.122
	 -0.858	 -0.038	  0.512

4 	  39.76	   5.12	  -5.27
	  0.556	  0.797	 -0.235
	 -0.571	  0.571	  0.590
	  0.606	 -0.194	  0.771

5 	  45.63	  12.94	   0.83
	  0.711	  0.555	  0.431
	 -0.247	 -0.379	  0.892
	  0.659	 -0.740	 -0.134

6 	  50.70	   5.40	   5.99
	  0.209	 -0.733	  0.647
	  0.901	  0.402	  0.164
	 -0.382	  0.549	  0.743

7 	  39.73	  -7.47	  -5.61
	  0.491	 -0.814	 -0.310
	  0.551	  0.565	 -0.614
	  0.676	  0.130	  0.725

8 	  41.68	 -17.31	  -0.91
	  0.316	 -0.759	  0.569
	  0.896	  0.043	 -0.440
	  0.310	  0.649	  0.694

9 	  45.18	 -10.99	   8.16
	  0.061	  0.583	  0.810
	 -0.869	  0.430	 -0.245
	 -0.492	 -0.689	  0.532

2 	  33.12	  -8.37	  22.71
	  0.240	  0.952	 -0.187
	 -0.971	  0.235	 -0.051
	 -0.004	  0.193	  0.981

3 	  45.07	  -1.25	   0.04
	  0.495	  0.164	  0.853
	 -0.116	  0.985	 -0.123
	 -0.861	 -0.037	  0.506

4 	  39.74	   5.03	  -5.33
	  0.560	  0.792	 -0.242
	 -0.572	  0.579	  0.581
	  0.602	 -0.187	  0.776

5 	  45.54	  13.03	   0.58
	  0.703	  0.568	  0.427
	 -0.268	 -0.347	  0.898
	  0.661	 -0.745	 -0.093

6 	  50.43	   5.54	   6.06
	  0.183	 -0.716	  0.674
	  0.905	  0.390	  0.168
	 -0.384	  0.580	  0.718

7 	  39.71	  -7.47	  -5.59
	  0.488	 -0.817	 -0.306
	  0.553	  0.560	 -0.616
	  0.676	  0.131	  0.724

8 	  41.50	 -17.31	  -0.83
	  0.294	 -0.760	  0.579
	  0.905	  0.027	 -0.424
	  0.306	  0.649	  0.696

9 	  44.93	 -10.97	   8.24
	  0.053	  0.589	  0.806
	 -0.858	  0.440	 -0.265
	 -0.511	 -0.678	  0.528

2 	  33.12	  -8.38	  22.69
	  0.241	  0.952	 -0.187
	 -0.971	  0.235	 -0.051
	 -0.004	  0.193	  0.981

3 	  45.04	  -1.25	   0.05
	  0.493	  0.168	  0.853
	 -0.118	  0.985	 -0.126
	 -0.862	 -0.038	  0.505

4 	  39.71	   4.99	  -5.41
	  0.555	  0.792	 -0.253
	 -0.573	  0.584	  0.575
	  0.605	 -0.174	  0.777

5 	  45.44	  13.08	   0.39
	  0.699	  0.578	  0.420
	 -0.269	 -0.334	  0.903
	  0.664	 -0.743	 -0.080

6 	  50.27	   5.68	   5.99
	  0.177	 -0.707	  0.685
	  0.906	  0.389	  0.168
	 -0.386	  0.592	  0.708

7 	  39.71	  -7.47	  -5.57
	  0.490	 -0.818	 -0.303
	  0.553	  0.559	 -0.618
	  0.676	  0.135	  0.724

8 	  41.47	 -17.26	  -0.77
	  0.283	 -0.757	  0.589
	  0.913	  0.024	 -0.407
	  0.293	  0.653	  0.698

9 	  44.74	 -10.90	   8.30
	  0.037	  0.594	  0.803
	 -0.855	  0.435	 -0.282
	 -0.518	 -0.677	  0.524

2 	  33.12	  -8.38	  22.69
	  0.241	  0.952	 -0.187
	 -0.971	  0.235	 -0.051
	 -0.004	  0.193	  0.981

3 	  45.02	  -1.23	   0.05
	  0.492	  0.172	  0.853
	 -0.121	  0.984	 -0.129
	 -0.862	 -0.040	  0.505

4 	  39.66	   4.97	  -5.45
	  0.555	  0.790	 -0.260
	 -0.573	  0.588	  0.571
	  0.605	 -0.169	  0.778

5 	  45.39	  13.13	   0.23
	  0.697	  0.584	  0.415
	 -0.275	 -0.319	  0.907
	  0.664	 -0.745	 -0.063

6 	  50.17	   5.73	   5.98
	  0.161	 -0.703	  0.693
	  0.907	  0.382	  0.177
	 -0.390	  0.600	  0.698

7 	  39.69	  -7.47	  -5.59
	  0.489	 -0.818	 -0.303
	  0.552	  0.558	 -0.620
	  0.677	  0.135	  0.723

8 	  41.31	 -17.28	  -0.83
	  0.270	 -0.763	  0.588
	  0.916	  0.015	 -0.401
	  0.297	  0.646	  0.702

9 	  44.61	 -10.92	   8.26
	  0.038	  0.593	  0.804
	 -0.850	  0.442	 -0.286
	 -0.526	 -0.673	  0.521

