2 	  33.12	  -8.37	  22.71
	  0.242	  0.953	 -0.181
	 -0.970	  0.237	 -0.049
	 -0.003	  0.187	  0.982

3 	  43.91	  -1.30	  -0.77
	  0.633	  0.168	  0.755
	 -0.092	  0.985	 -0.143
	 -0.769	  0.021	  0.639

4 	  37.85	   5.84	  -4.08
	  0.374	  0.927	  0.001
	 -0.760	  0.305	  0.574
	  0.533	 -0.215	  0.818

5 	  41.66	   8.28	   7.70
	  0.557	 -0.028	  0.830
	 -0.297	 -0.941	  0.164
	  0.778	 -0.335	 -0.532

6 	  48.22	   0.47	   5.77
	  0.343	 -0.919	 -0.196
	  0.385	 -0.055	  0.921
	 -0.858	 -0.390	  0.334

7 	  37.41	  -8.35	  -4.18
	  0.390	 -0.921	 -0.019
	  0.676	  0.300	 -0.673
	  0.625	  0.249	  0.739

8 	  41.71	 -11.11	   7.93
	  0.583	  0.073	  0.809
	  0.698	 -0.555	 -0.453
	  0.416	  0.828	 -0.374

9 	  49.39	  -2.92	   8.67
	  0.518	  0.852	  0.071
	 -0.299	  0.253	 -0.920
	 -0.805	  0.454	  0.382

2 	  33.12	  -8.37	  22.71
	  0.242	  0.953	 -0.181
	 -0.970	  0.237	 -0.048
	 -0.003	  0.186	  0.982

3 	  43.93	  -1.30	  -0.77
	  0.633	  0.168	  0.755
	 -0.092	  0.985	 -0.144
	 -0.769	  0.022	  0.639

4 	  37.86	   5.84	  -4.08
	  0.375	  0.927	  0.001
	 -0.759	  0.306	  0.574
	  0.533	 -0.216	  0.818

5 	  41.66	   8.30	   7.72
	  0.556	 -0.029	  0.830
	 -0.296	 -0.941	  0.163
	  0.778	 -0.334	 -0.532

6 	  48.23	   0.47	   5.78
	  0.345	 -0.918	 -0.196
	  0.383	 -0.055	  0.922
	 -0.858	 -0.392	  0.331

7 	  37.41	  -8.35	  -4.18
	  0.390	 -0.921	 -0.019
	  0.677	  0.299	 -0.672
	  0.625	  0.249	  0.740

8 	  41.66	 -11.09	   7.95
	  0.582	  0.072	  0.809
	  0.694	 -0.563	 -0.449
	  0.424	  0.823	 -0.378

9 	  49.39	  -2.97	   8.68
	  0.526	  0.847	  0.067
	 -0.293	  0.250	 -0.923
	 -0.802	  0.465	  0.376

2 	  33.12	  -8.37	  22.71
	  0.242	  0.953	 -0.181
	 -0.970	  0.237	 -0.049
	 -0.004	  0.187	  0.982

3 	  43.93	  -1.30	  -0.77
	  0.633	  0.169	  0.755
	 -0.091	  0.985	 -0.145
	 -0.769	  0.023	  0.639

4 	  37.86	   5.84	  -4.10
	  0.375	  0.927	  0.001
	 -0.760	  0.306	  0.573
	  0.532	 -0.216	  0.819

5 	  41.64	   8.24	   7.70
	  0.555	 -0.029	  0.831
	 -0.290	 -0.944	  0.158
	  0.781	 -0.327	 -0.531

6 	  48.25	   0.49	   5.78
	  0.351	 -0.915	 -0.198
	  0.380	 -0.057	  0.923
	 -0.858	 -0.397	  0.327

7 	  37.41	  -8.35	  -4.17
	  0.389	 -0.921	 -0.017
	  0.677	  0.298	 -0.672
	  0.625	  0.249	  0.739

8 	  41.64	 -11.06	   8.00
	  0.582	  0.073	  0.809
	  0.688	 -0.573	 -0.444
	  0.432	  0.816	 -0.384

9 	  49.45	  -3.04	   8.67
	  0.536	  0.841	  0.062
	 -0.287	  0.246	 -0.926
	 -0.796	  0.478	  0.371

2 	  33.12	  -8.37	  22.71
	  0.242	  0.953	 -0.181
	 -0.970	  0.237	 -0.049
	 -0.003	  0.187	  0.982

3 	  43.93	  -1.30	  -0.76
	  0.632	  0.169	  0.756
	 -0.090	  0.985	 -0.146
	 -0.769	  0.024	  0.638

4 	  37.88	   5.82	  -4.10
	  0.376	  0.927	 -0.000
	 -0.760	  0.308	  0.573
	  0.532	 -0.215	  0.819

5 	  41.61	   8.21	   7.72
	  0.554	 -0.029	  0.832
	 -0.282	 -0.947	  0.153
	  0.785	 -0.318	 -0.531

6 	  48.30	   0.53	   5.78
	  0.359	 -0.911	 -0.202
	  0.377	 -0.059	  0.924
	 -0.855	 -0.407	  0.321

7 	  37.42	  -8.38	  -4.15
	  0.387	 -0.922	 -0.015
	  0.678	  0.295	 -0.673
	  0.625	  0.250	  0.739

8 	  41.62	 -11.06	   8.02
	  0.582	  0.072	  0.810
	  0.687	 -0.576	 -0.442
	  0.435	  0.814	 -0.385

9 	  49.45	  -3.08	   8.68
	  0.540	  0.839	  0.061
	 -0.286	  0.246	 -0.926
	 -0.795	  0.481	  0.369

2 	  33.12	  -8.37	  22.71
	  0.242	  0.953	 -0.181
	 -0.970	  0.237	 -0.048
	 -0.003	  0.187	  0.982

3 	  43.93	  -1.32	  -0.77
	  0.632	  0.170	  0.756
	 -0.090	  0.985	 -0.147
	 -0.770	  0.025	  0.637

4 	  37.90	   5.82	  -4.11
	  0.376	  0.926	  0.000
	 -0.760	  0.308	  0.572
	  0.531	 -0.215	  0.819

5 	  41.61	   8.21	   7.72
	  0.553	 -0.029	  0.832
	 -0.283	 -0.947	  0.152
	  0.785	 -0.318	 -0.531

6 	  48.30	   0.53	   5.78
	  0.360	 -0.911	 -0.202
	  0.376	 -0.059	  0.924
	 -0.855	 -0.407	  0.320

7 	  37.42	  -8.37	  -4.15
	  0.387	 -0.922	 -0.014
	  0.679	  0.294	 -0.673
	  0.625	  0.250	  0.739

8 	  41.61	 -11.06	   8.00
	  0.582	  0.071	  0.810
	  0.686	 -0.577	 -0.443
	  0.437	  0.813	 -0.385

9 	  49.45	  -3.08	   8.68
	  0.540	  0.839	  0.060
	 -0.286	  0.245	 -0.927
	 -0.795	  0.482	  0.369

2 	  33.12	  -8.37	  22.71
	  0.242	  0.953	 -0.181
	 -0.970	  0.237	 -0.049
	 -0.003	  0.187	  0.982

3 	  43.93	  -1.34	  -0.77
	  0.632	  0.170	  0.756
	 -0.088	  0.985	 -0.148
	 -0.770	  0.027	  0.637

4 	  37.90	   5.84	  -4.11
	  0.377	  0.926	 -0.000
	 -0.760	  0.309	  0.572
	  0.530	 -0.215	  0.820

5 	  41.59	   8.17	   7.75
	  0.552	 -0.029	  0.833
	 -0.276	 -0.950	  0.147
	  0.789	 -0.309	 -0.531

6 	  48.38	   0.62	   5.80
	  0.376	 -0.904	 -0.204
	  0.370	 -0.058	  0.927
	 -0.851	 -0.423	  0.311

7 	  37.42	  -8.37	  -4.15
	  0.386	 -0.922	 -0.014
	  0.679	  0.294	 -0.673
	  0.625	  0.250	  0.739

8 	  41.54	 -10.99	   8.05
	  0.583	  0.069	  0.809
	  0.675	 -0.595	 -0.435
	  0.453	  0.800	 -0.394

9 	  49.52	  -3.20	   8.63
	  0.559	  0.827	  0.051
	 -0.278	  0.240	 -0.930
	 -0.784	  0.505	  0.361

2 	  33.12	  -8.37	  22.71
	  0.242	  0.953	 -0.181
	 -0.970	  0.237	 -0.048
	 -0.003	  0.187	  0.982

3 	  43.95	  -1.34	  -0.77
	  0.632	  0.170	  0.756
	 -0.088	  0.985	 -0.148
	 -0.770	  0.027	  0.637

4 	  37.92	   5.84	  -4.11
	  0.376	  0.927	  0.000
	 -0.761	  0.307	  0.571
	  0.529	 -0.215	  0.820

5 	  41.52	   8.02	   7.84
	  0.553	 -0.029	  0.833
	 -0.244	 -0.961	  0.126
	  0.798	 -0.271	 -0.538

6 	  48.59	   0.83	   5.73
	  0.414	 -0.882	 -0.223
	  0.367	 -0.065	  0.928
	 -0.835	 -0.464	  0.296

7 	  37.42	  -8.35	  -4.13
	  0.385	 -0.923	 -0.012
	  0.679	  0.291	 -0.673
	  0.625	  0.251	  0.739

8 	  41.47	 -10.88	   8.10
	  0.588	  0.066	  0.806
	  0.654	 -0.625	 -0.425
	  0.477	  0.777	 -0.411

9 	  49.78	  -3.52	   8.54
	  0.599	  0.799	  0.035
	 -0.266	  0.236	 -0.935
	 -0.759	  0.549	  0.350

2 	  33.12	  -8.37	  22.71
	  0.242	  0.953	 -0.181
	 -0.970	  0.237	 -0.048
	 -0.003	  0.187	  0.982

3 	  43.91	  -1.32	  -0.76
	  0.631	  0.170	  0.756
	 -0.089	  0.985	 -0.148
	 -0.771	  0.026	  0.636

4 	  37.88	   5.84	  -4.10
	  0.369	  0.929	  0.010
	 -0.768	  0.298	  0.566
	  0.524	 -0.216	  0.824

5 	  41.47	   7.80	   7.91
	  0.574	 -0.009	  0.818
	 -0.166	 -0.981	  0.103
	  0.803	 -0.193	 -0.564

6 	  49.20	   1.49	   5.59
	  0.500	 -0.828	 -0.253
	  0.383	 -0.054	  0.922
	 -0.779	 -0.557	  0.289

7 	  37.39	  -8.37	  -4.08
	  0.381	 -0.925	 -0.003
	  0.679	  0.281	 -0.677
	  0.628	  0.256	  0.735

8 	  41.36	 -10.62	   8.23
	  0.608	  0.042	  0.793
	  0.576	 -0.712	 -0.402
	  0.549	  0.700	 -0.457

9 	  50.52	  -4.57	   8.38
	  0.712	  0.701	  0.008
	 -0.228	  0.235	 -0.945
	 -0.668	  0.670	  0.323

2 	  33.12	  -8.37	  22.71
	  0.242	  0.953	 -0.181
	 -0.970	  0.237	 -0.048
	 -0.003	  0.187	  0.982

3 	  43.93	  -1.34	  -0.77
	  0.633	  0.168	  0.756
	 -0.088	  0.985	 -0.146
	 -0.769	  0.025	  0.638

4 	  37.86	   5.85	  -4.06
	  0.354	  0.935	  0.027
	 -0.780	  0.278	  0.561
	  0.517	 -0.219	  0.827

5 	  41.36	   7.52	   8.07
	  0.586	  0.024	  0.810
	 -0.049	 -0.997	  0.064
	  0.809	 -0.076	 -0.582

6 	  49.92	   2.64	   5.61
	  0.625	 -0.729	 -0.278
	  0.384	 -0.028	  0.923
	 -0.685	 -0.681	  0.260

7 	  37.42	  -8.37	  -4.06
	  0.375	 -0.927	  0.005
	  0.677	  0.270	 -0.684
	  0.633	  0.259	  0.729

8 	  41.19	 -10.34	   8.33
	  0.618	 -0.001	  0.786
	  0.465	 -0.806	 -0.366
	  0.635	  0.591	 -0.497

9 	  51.08	  -6.12	   8.42
	  0.831	  0.556	 -0.015
	 -0.169	  0.221	 -0.961
	 -0.533	  0.801	  0.273

2 	  33.12	  -8.37	  22.71
	  0.242	  0.953	 -0.181
	 -0.970	  0.237	 -0.048
	 -0.003	  0.187	  0.982

3 	  43.98	  -1.30	  -0.81
	  0.636	  0.158	  0.755
	 -0.081	  0.987	 -0.139
	 -0.768	  0.027	  0.640

4 	  37.83	   5.87	  -4.04
	  0.327	  0.944	  0.047
	 -0.797	  0.248	  0.551
	  0.509	 -0.218	  0.833

5 	  41.22	   7.33	   8.19
	  0.588	  0.071	  0.806
	  0.073	 -0.997	  0.034
	  0.806	  0.040	 -0.591

6 	  50.48	   4.11	   5.78
	  0.740	 -0.606	 -0.291
	  0.373	  0.004	  0.927
	 -0.565	 -0.793	  0.226

7 	  37.44	  -8.37	  -4.06
	  0.364	 -0.931	  0.011
	  0.677	  0.255	 -0.690
	  0.641	  0.259	  0.723

8 	  40.96	 -10.14	   8.44
	  0.622	 -0.068	  0.780
	  0.325	 -0.885	 -0.334
	  0.714	  0.459	 -0.528

9 	  51.33	  -8.12	   8.31
	  0.931	  0.359	 -0.057
	 -0.127	  0.170	 -0.977
	 -0.344	  0.917	  0.200

2 	  33.12	  -8.37	  22.71
	  0.242	  0.953	 -0.180
	 -0.970	  0.237	 -0.048
	 -0.003	  0.185	  0.983

3 	  43.98	  -1.27	  -0.83
	  0.639	  0.150	  0.755
	 -0.075	  0.988	 -0.133
	 -0.766	  0.029	  0.642

4 	  37.71	   5.84	  -4.01
	  0.287	  0.955	  0.072
	 -0.817	  0.205	  0.539
	  0.500	 -0.214	  0.839

5 	  41.03	   7.26	   8.30
	  0.591	  0.131	  0.796
	  0.199	 -0.980	  0.013
	  0.782	  0.151	 -0.604

6 	  50.75	   5.75	   5.96
	  0.831	 -0.468	 -0.298
	  0.360	  0.041	  0.932
	 -0.429	 -0.881	  0.199

7 	  37.44	  -8.37	  -4.04
	  0.348	 -0.937	  0.016
	  0.677	  0.239	 -0.695
	  0.648	  0.252	  0.718

8 	  40.66	  -9.93	   8.54
	  0.613	 -0.137	  0.778
	  0.178	 -0.936	 -0.303
	  0.771	  0.322	 -0.549

9 	  51.03	 -10.46	   8.10
	  0.987	  0.119	 -0.109
	 -0.122	  0.107	 -0.987
	 -0.107	  0.987	  0.118

2 	  33.12	  -8.37	  22.71
	  0.242	  0.953	 -0.180
	 -0.970	  0.237	 -0.048
	 -0.002	  0.185	  0.983

3 	  44.02	  -1.23	  -0.83
	  0.640	  0.140	  0.755
	 -0.070	  0.990	 -0.125
	 -0.765	  0.027	  0.643

4 	  37.62	   5.75	  -4.06
	  0.249	  0.965	  0.086
	 -0.832	  0.167	  0.529
	  0.496	 -0.203	  0.844

5 	  40.89	   7.24	   8.28
	  0.586	  0.189	  0.787
	  0.302	 -0.953	  0.004
	  0.752	  0.235	 -0.616

6 	  50.75	   7.37	   6.15
	  0.895	 -0.326	 -0.303
	  0.344	  0.071	  0.936
	 -0.289	 -0.942	  0.172

7 	  37.46	  -8.37	  -4.04
	  0.329	 -0.944	  0.023
	  0.682	  0.220	 -0.697
	  0.653	  0.244	  0.716

8 	  40.39	  -9.84	   8.60
	  0.587	 -0.213	  0.781
	  0.026	 -0.960	 -0.279
	  0.809	  0.183	 -0.558

9 	  50.31	 -12.71	   8.05
	  0.983	 -0.119	 -0.139
	 -0.131	  0.076	 -0.989
	  0.128	  0.990	  0.059

2 	  33.12	  -8.37	  22.71
	  0.241	  0.953	 -0.179
	 -0.970	  0.237	 -0.047
	 -0.002	  0.184	  0.983

3 	  44.05	  -1.23	  -0.83
	  0.637	  0.130	  0.760
	 -0.066	  0.991	 -0.116
	 -0.768	  0.024	  0.639

4 	  37.56	   5.62	  -4.10
	  0.207	  0.974	  0.088
	 -0.845	  0.133	  0.518
	  0.493	 -0.181	  0.851

5 	  40.64	   7.26	   8.33
	  0.570	  0.244	  0.784
	  0.392	 -0.920	  0.003
	  0.723	  0.305	 -0.620

6 	  50.54	   8.74	   6.42
	  0.935	 -0.199	 -0.292
	  0.314	  0.083	  0.946
	 -0.167	 -0.976	  0.137

7 	  37.53	  -8.37	  -4.06
	  0.308	 -0.951	  0.030
	  0.692	  0.202	 -0.693
	  0.653	  0.234	  0.720

8 	  40.13	  -9.79	   8.63
	  0.548	 -0.282	  0.787
	 -0.115	 -0.958	 -0.263
	  0.828	  0.053	 -0.558

9 	  49.20	 -14.70	   8.03
	  0.932	 -0.327	 -0.155
	 -0.142	  0.064	 -0.988
	  0.333	  0.943	  0.014

2 	  33.12	  -8.37	  22.71
	  0.241	  0.953	 -0.179
	 -0.970	  0.237	 -0.047
	 -0.002	  0.184	  0.983

3 	  44.14	  -1.20	  -0.81
	  0.627	  0.119	  0.769
	 -0.065	  0.992	 -0.102
	 -0.776	  0.014	  0.630

4 	  37.49	   5.54	  -4.13
	  0.163	  0.982	  0.090
	 -0.858	  0.095	  0.505
	  0.488	 -0.160	  0.858

5 	  40.39	   7.29	   8.28
	  0.550	  0.291	  0.783
	  0.468	 -0.884	  0.002
	  0.693	  0.364	 -0.622

6 	  50.17	   9.83	   6.77
	  0.957	 -0.096	 -0.272
	  0.281	  0.091	  0.955
	 -0.069	 -0.991	  0.112

7 	  37.56	  -8.26	  -4.17
	  0.285	 -0.958	  0.030
	  0.705	  0.188	 -0.684
	  0.650	  0.215	  0.728

8 	  39.85	  -9.81	   8.58
	  0.504	 -0.337	  0.795
	 -0.211	 -0.941	 -0.265
	  0.837	 -0.034	 -0.546

9 	  48.13	 -15.93	   8.14
	  0.877	 -0.458	 -0.145
	 -0.130	  0.066	 -0.989
	  0.463	  0.886	  0.001

2 	  33.12	  -8.37	  22.71
	  0.241	  0.954	 -0.179
	 -0.970	  0.237	 -0.048
	 -0.003	  0.185	  0.983

3 	  44.19	  -1.18	  -0.81
	  0.624	  0.112	  0.773
	 -0.067	  0.994	 -0.090
	 -0.779	  0.005	  0.627

4 	  37.41	   5.41	  -4.18
	  0.124	  0.988	  0.091
	 -0.866	  0.062	  0.495
	  0.484	 -0.141	  0.864

5 	  40.17	   7.38	   8.35
	  0.529	  0.333	  0.780
	  0.529	 -0.849	  0.005
	  0.665	  0.409	 -0.624

6 	  49.82	  10.56	   6.94
	  0.965	 -0.028	 -0.258
	  0.260	  0.099	  0.960
	 -0.002	 -0.995	  0.101

7 	  37.53	  -8.21	  -4.24
	  0.261	 -0.965	  0.029
	  0.713	  0.172	 -0.680
	  0.651	  0.198	  0.733

8 	  39.64	  -9.84	   8.51
	  0.476	 -0.371	  0.797
	 -0.262	 -0.925	 -0.275
	  0.839	 -0.078	 -0.538

9 	  47.32	 -16.72	   8.19
	  0.828	 -0.544	 -0.134
	 -0.121	  0.061	 -0.991
	  0.547	  0.837	 -0.013

2 	  33.12	  -8.35	  22.71
	  0.241	  0.954	 -0.179
	 -0.970	  0.237	 -0.048
	 -0.003	  0.185	  0.983

3 	  44.19	  -1.16	  -0.88
	  0.625	  0.104	  0.773
	 -0.075	  0.994	 -0.074
	 -0.777	 -0.011	  0.629

4 	  37.28	   5.34	  -4.13
	  0.098	  0.991	  0.092
	 -0.869	  0.040	  0.494
	  0.485	 -0.128	  0.865

5 	  40.03	   7.35	   8.38
	  0.520	  0.346	  0.781
	  0.553	 -0.833	  0.003
	  0.653	  0.429	 -0.624

6 	  49.59	  10.90	   7.15
	  0.969	  0.011	 -0.246
	  0.244	  0.089	  0.965
	  0.031	 -0.996	  0.082

7 	  37.46	  -8.16	  -4.32
	  0.238	 -0.971	  0.021
	  0.717	  0.160	 -0.678
	  0.656	  0.176	  0.734

8 	  39.38	  -9.88	   8.42
	  0.451	 -0.396	  0.800
	 -0.301	 -0.911	 -0.282
	  0.840	 -0.114	 -0.530

9 	  46.44	 -17.44	   8.79
	  0.760	 -0.643	 -0.095
	 -0.148	 -0.026	 -0.989
	  0.634	  0.765	 -0.113

2 	  33.12	  -8.37	  22.71
	  0.241	  0.953	 -0.179
	 -0.970	  0.237	 -0.047
	 -0.002	  0.184	  0.983

3 	  44.19	  -1.18	  -0.88
	  0.627	  0.097	  0.773
	 -0.075	  0.995	 -0.064
	 -0.775	 -0.018	  0.631

4 	  37.28	   5.34	  -4.08
	  0.087	  0.991	  0.096
	 -0.872	  0.029	  0.488
	  0.481	 -0.126	  0.867

5 	  39.90	   7.31	   8.49
	  0.505	  0.350	  0.789
	  0.565	 -0.825	  0.006
	  0.654	  0.441	 -0.614

6 	  49.46	  10.99	   7.45
	  0.973	  0.030	 -0.227
	  0.225	  0.072	  0.972
	  0.044	 -0.997	  0.062

7 	  37.37	  -8.02	  -4.36
	  0.198	 -0.980	  0.006
	  0.721	  0.141	 -0.678
	  0.664	  0.138	  0.734

8 	  39.16	 -10.02	   8.31
	  0.412	 -0.448	  0.793
	 -0.377	 -0.876	 -0.301
	  0.830	 -0.175	 -0.530

9 	  45.39	 -18.35	   8.77
	  0.661	 -0.745	 -0.095
	 -0.174	 -0.026	 -0.984
	  0.731	  0.666	 -0.144

2 	  33.12	  -8.37	  22.71
	  0.241	  0.954	 -0.179
	 -0.970	  0.237	 -0.047
	 -0.003	  0.184	  0.983

3 	  44.24	  -1.25	  -0.91
	  0.633	  0.084	  0.769
	 -0.069	  0.996	 -0.053
	 -0.771	 -0.020	  0.636

4 	  37.32	   5.33	  -4.06
	  0.082	  0.992	  0.097
	 -0.871	  0.024	  0.490
	  0.484	 -0.125	  0.866

5 	  39.88	   7.21	   8.51
	  0.502	  0.345	  0.793
	  0.564	 -0.826	  0.004
	  0.658	  0.444	 -0.609

6 	  49.46	  10.95	   7.56
	  0.974	  0.036	 -0.225
	  0.222	  0.067	  0.973
	  0.049	 -0.997	  0.056

7 	  37.20	  -7.88	  -4.41
	  0.153	 -0.988	 -0.011
	  0.721	  0.118	 -0.683
	  0.676	  0.096	  0.730

8 	  38.85	 -10.07	   8.24
	  0.371	 -0.491	  0.788
	 -0.436	 -0.841	 -0.320
	  0.821	 -0.224	 -0.525

9 	  44.58	 -18.88	   8.53
	  0.588	 -0.800	 -0.118
	 -0.200	 -0.000	 -0.980
	  0.785	  0.599	 -0.158

2 	  33.12	  -8.37	  22.71
	  0.242	  0.954	 -0.178
	 -0.970	  0.237	 -0.047
	 -0.003	  0.183	  0.983

3 	  44.28	  -1.28	  -0.97
	  0.641	  0.071	  0.764
	 -0.061	  0.997	 -0.042
	 -0.765	 -0.020	  0.643

4 	  37.34	   5.31	  -4.01
	  0.073	  0.992	  0.099
	 -0.871	  0.015	  0.491
	  0.486	 -0.122	  0.865

5 	  39.83	   7.14	   8.58
	  0.493	  0.344	  0.799
	  0.573	 -0.820	  0.001
	  0.656	  0.456	 -0.600

6 	  49.36	  11.06	   7.68
	  0.973	  0.055	 -0.222
	  0.219	  0.057	  0.974
	  0.066	 -0.997	  0.042

7 	  37.09	  -7.68	  -4.52
	  0.120	 -0.992	 -0.028
	  0.724	  0.107	 -0.682
	  0.679	  0.061	  0.731

8 	  38.67	 -10.09	   8.10
	  0.346	 -0.518	  0.782
	 -0.471	 -0.817	 -0.334
	  0.812	 -0.252	 -0.526

9 	  44.05	 -19.11	   8.51
	  0.524	 -0.843	 -0.119
	 -0.266	 -0.027	 -0.963
	  0.811	  0.535	 -0.236

2 	  33.12	  -8.37	  22.71
	  0.242	  0.954	 -0.177
	 -0.970	  0.237	 -0.047
	 -0.002	  0.182	  0.983

3 	  44.31	  -1.23	  -1.00
	  0.645	  0.061	  0.762
	 -0.058	  0.998	 -0.031
	 -0.762	 -0.024	  0.647

4 	  37.34	   5.34	  -3.97
	  0.061	  0.993	  0.100
	 -0.871	  0.004	  0.491
	  0.488	 -0.117	  0.865

5 	  39.80	   7.12	   8.61
	  0.488	  0.342	  0.803
	  0.580	 -0.815	 -0.003
	  0.655	  0.466	 -0.595

6 	  49.27	  11.21	   7.79
	  0.973	  0.073	 -0.220
	  0.218	  0.050	  0.975
	  0.082	 -0.996	  0.031

7 	  36.98	  -7.45	  -4.62
	  0.080	 -0.996	 -0.048
	  0.731	  0.091	 -0.676
	  0.678	  0.018	  0.735

8 	  38.32	 -10.05	   7.93
	  0.302	 -0.544	  0.783
	 -0.512	 -0.785	 -0.349
	  0.804	 -0.296	 -0.515

9 	  43.31	 -19.34	   8.54
	  0.467	 -0.878	 -0.109
	 -0.289	 -0.033	 -0.957
	  0.837	  0.477	 -0.267

2 	  33.12	  -8.37	  22.71
	  0.242	  0.954	 -0.177
	 -0.970	  0.237	 -0.047
	 -0.002	  0.182	  0.983

3 	  44.31	  -1.21	  -1.04
	  0.648	  0.049	  0.760
	 -0.052	  0.998	 -0.021
	 -0.760	 -0.026	  0.650

4 	  37.32	   5.36	  -3.97
	  0.056	  0.993	  0.100
	 -0.870	 -0.001	  0.493
	  0.490	 -0.114	  0.864

5 	  39.76	   7.10	   8.63
	  0.486	  0.340	  0.805
	  0.581	 -0.814	 -0.005
	  0.655	  0.469	 -0.592

6 	  49.24	  11.21	   7.86
	  0.972	  0.078	 -0.219
	  0.216	  0.043	  0.975
	  0.085	 -0.996	  0.024

7 	  36.93	  -7.38	  -4.68
	  0.060	 -0.996	 -0.059
	  0.733	  0.083	 -0.675
	  0.677	 -0.003	  0.735

8 	  38.06	 -10.04	   7.89
	  0.273	 -0.555	  0.786
	 -0.536	 -0.766	 -0.356
	  0.799	 -0.324	 -0.505

9 	  42.87	 -19.44	   8.56
	  0.443	 -0.890	 -0.106
	 -0.297	 -0.031	 -0.955
	  0.848	  0.453	 -0.275

2 	  33.12	  -8.35	  22.71
	  0.242	  0.954	 -0.177
	 -0.970	  0.237	 -0.047
	 -0.002	  0.182	  0.983

3 	  44.31	  -1.23	  -1.05
	  0.650	  0.044	  0.758
	 -0.048	  0.999	 -0.017
	 -0.758	 -0.025	  0.651

4 	  37.30	   5.34	  -3.97
	  0.054	  0.993	  0.100
	 -0.870	 -0.003	  0.493
	  0.490	 -0.114	  0.864

5 	  39.73	   7.10	   8.65
	  0.484	  0.341	  0.806
	  0.584	 -0.811	 -0.005
	  0.653	  0.473	 -0.591

6 	  49.20	  11.25	   7.89
	  0.972	  0.084	 -0.218
	  0.215	  0.037	  0.976
	  0.089	 -0.996	  0.017

7 	  36.91	  -7.37	  -4.73
	  0.042	 -0.997	 -0.064
	  0.736	  0.074	 -0.673
	  0.675	 -0.019	  0.737

8 	  37.79	  -9.98	   7.86
	  0.239	 -0.560	  0.793
	 -0.558	 -0.748	 -0.361
	  0.795	 -0.356	 -0.490

9 	  42.40	 -19.55	   8.68
	  0.423	 -0.901	 -0.095
	 -0.281	 -0.028	 -0.959
	  0.863	  0.431	 -0.264

2 	  33.12	  -8.35	  22.71
	  0.242	  0.954	 -0.176
	 -0.970	  0.237	 -0.047
	 -0.003	  0.182	  0.983

3 	  44.31	  -1.25	  -1.05
	  0.650	  0.040	  0.758
	 -0.044	  0.999	 -0.016
	 -0.758	 -0.023	  0.651

4 	  37.28	   5.31	  -3.97
	  0.050	  0.994	  0.097
	 -0.869	 -0.005	  0.494
	  0.491	 -0.109	  0.864

5 	  39.66	   7.10	   8.61
	  0.481	  0.347	  0.805
	  0.592	 -0.805	 -0.005
	  0.648	  0.478	 -0.593

6 	  49.10	  11.30	   7.91
	  0.972	  0.094	 -0.215
	  0.213	  0.031	  0.976
	  0.098	 -0.995	  0.010

7 	  36.83	  -7.26	  -4.75
	  0.023	 -0.997	 -0.073
	  0.737	  0.065	 -0.673
	  0.675	 -0.039	  0.736

8 	  37.51	  -9.93	   7.82
	  0.205	 -0.564	  0.799
	 -0.580	 -0.727	 -0.366
	  0.789	 -0.389	 -0.476

9 	  41.87	 -19.60	   8.82
	  0.403	 -0.912	 -0.077
	 -0.272	 -0.038	 -0.961
	  0.875	  0.407	 -0.262

2 	  33.12	  -8.35	  22.71
	  0.242	  0.954	 -0.176
	 -0.970	  0.237	 -0.047
	 -0.002	  0.182	  0.983

3 	  44.30	  -1.27	  -1.07
	  0.652	  0.034	  0.757
	 -0.039	  0.999	 -0.013
	 -0.757	 -0.021	  0.653

4 	  37.28	   5.33	  -3.96
	  0.048	  0.994	  0.097
	 -0.868	 -0.007	  0.496
	  0.493	 -0.108	  0.863

5 	  39.62	   7.10	   8.63
	  0.477	  0.350	  0.806
	  0.598	 -0.801	 -0.005
	  0.645	  0.484	 -0.591

6 	  49.08	  11.37	   7.91
	  0.971	  0.099	 -0.216
	  0.214	  0.030	  0.976
	  0.102	 -0.995	  0.007

7 	  36.81	  -7.19	  -4.78
	  0.009	 -0.997	 -0.081
	  0.737	  0.061	 -0.673
	  0.676	 -0.054	  0.735

8 	  37.25	  -9.84	   7.70
	  0.175	 -0.566	  0.805
	 -0.593	 -0.713	 -0.374
	  0.786	 -0.412	 -0.460

9 	  41.48	 -19.56	   9.02
	  0.390	 -0.919	 -0.056
	 -0.256	 -0.048	 -0.965
	  0.885	  0.390	 -0.252

2 	  33.12	  -8.35	  22.71
	  0.242	  0.954	 -0.176
	 -0.970	  0.237	 -0.047
	 -0.002	  0.182	  0.983

3 	  44.31	  -1.25	  -1.09
	  0.652	  0.029	  0.757
	 -0.035	  0.999	 -0.009
	 -0.757	 -0.021	  0.652

4 	  37.28	   5.34	  -3.96
	  0.045	  0.994	  0.096
	 -0.868	 -0.009	  0.496
	  0.494	 -0.106	  0.863

5 	  39.55	   7.14	   8.61
	  0.469	  0.356	  0.808
	  0.608	 -0.794	 -0.001
	  0.643	  0.491	 -0.588

6 	  48.99	  11.44	   7.98
	  0.971	  0.110	 -0.209
	  0.209	  0.022	  0.978
	  0.111	 -0.994	 -0.003

7 	  36.79	  -7.12	  -4.83
	 -0.005	 -0.996	 -0.090
	  0.736	  0.057	 -0.674
	  0.677	 -0.070	  0.733

8 	  36.90	  -9.81	   7.59
	  0.129	 -0.572	  0.810
	 -0.607	 -0.691	 -0.392
	  0.784	 -0.442	 -0.435

9 	  40.89	 -19.67	   9.09
	  0.368	 -0.929	 -0.040
	 -0.250	 -0.056	 -0.966
	  0.896	  0.365	 -0.252

2 	  33.12	  -8.35	  22.71
	  0.242	  0.954	 -0.176
	 -0.970	  0.237	 -0.047
	 -0.002	  0.182	  0.983

3 	  44.30	  -1.25	  -1.09
	  0.650	  0.024	  0.759
	 -0.032	  0.999	 -0.005
	 -0.759	 -0.021	  0.651

4 	  37.27	   5.34	  -3.97
	  0.040	  0.995	  0.095
	 -0.869	 -0.013	  0.494
	  0.493	 -0.102	  0.864

5 	  39.50	   7.12	   8.61
	  0.464	  0.359	  0.810
	  0.615	 -0.789	 -0.001
	  0.640	  0.497	 -0.586

6 	  48.90	  11.53	   8.05
	  0.971	  0.120	 -0.206
	  0.206	  0.018	  0.978
	  0.121	 -0.993	 -0.008

7 	  36.81	  -7.07	  -4.85
	 -0.008	 -0.995	 -0.096
	  0.737	  0.058	 -0.673
	  0.676	 -0.077	  0.733

8 	  36.84	  -9.72	   7.58
	  0.123	 -0.563	  0.817
	 -0.598	 -0.699	 -0.393
	  0.792	 -0.440	 -0.423

9 	  40.94	 -19.51	   9.28
	  0.378	 -0.926	 -0.021
	 -0.247	 -0.078	 -0.966
	  0.893	  0.369	 -0.257

2 	  33.12	  -8.35	  22.71
	  0.242	  0.954	 -0.176
	 -0.970	  0.237	 -0.047
	 -0.002	  0.182	  0.983

3 	  44.31	  -1.20	  -1.09
	  0.649	  0.028	  0.760
	 -0.040	  0.999	 -0.004
	 -0.760	 -0.028	  0.650

4 	  37.21	   5.29	  -4.01
	  0.023	  0.995	  0.091
	 -0.869	 -0.025	  0.495
	  0.495	 -0.091	  0.864

5 	  39.39	   7.10	   8.58
	  0.458	  0.366	  0.810
	  0.630	 -0.777	 -0.003
	  0.630	  0.510	 -0.585

6 	  48.71	  11.72	   8.03
	  0.968	  0.141	 -0.209
	  0.209	  0.015	  0.978
	  0.141	 -0.990	 -0.016

7 	  36.86	  -7.07	  -4.85
	 -0.006	 -0.995	 -0.098
	  0.735	  0.062	 -0.675
	  0.677	 -0.076	  0.731

8 	  36.72	  -9.65	   7.54
	  0.107	 -0.557	  0.823
	 -0.598	 -0.698	 -0.395
	  0.795	 -0.450	 -0.407

9 	  40.80	 -19.42	   9.44
	  0.378	 -0.926	 -0.005
	 -0.243	 -0.093	 -0.965
	  0.894	  0.366	 -0.259

2 	  33.12	  -8.35	  22.71
	  0.242	  0.954	 -0.176
	 -0.970	  0.237	 -0.047
	 -0.002	  0.182	  0.983

3 	  44.33	  -1.18	  -1.09
	  0.649	  0.030	  0.759
	 -0.041	  0.999	 -0.004
	 -0.759	 -0.029	  0.650

4 	  37.21	   5.27	  -4.03
	  0.022	  0.996	  0.088
	 -0.869	 -0.025	  0.494
	  0.494	 -0.088	  0.865

5 	  39.39	   7.10	   8.58
	  0.458	  0.366	  0.810
	  0.629	 -0.777	 -0.003
	  0.630	  0.510	 -0.586

6 	  48.73	  11.71	   7.98
	  0.967	  0.141	 -0.211
	  0.212	  0.014	  0.977
	  0.140	 -0.990	 -0.017

7 	  36.86	  -7.07	  -4.85
	 -0.012	 -0.995	 -0.101
	  0.735	  0.059	 -0.675
	  0.677	 -0.082	  0.731

8 	  36.63	  -9.63	   7.54
	  0.095	 -0.554	  0.827
	 -0.603	 -0.693	 -0.396
	  0.792	 -0.460	 -0.400

9 	  40.71	 -19.42	   9.53
	  0.376	 -0.926	  0.005
	 -0.244	 -0.103	 -0.964
	  0.894	  0.360	 -0.264

2 	  33.12	  -8.35	  22.71
	  0.242	  0.954	 -0.176
	 -0.970	  0.237	 -0.047
	 -0.002	  0.182	  0.983

3 	  44.33	  -1.21	  -1.11
	  0.649	  0.030	  0.760
	 -0.041	  0.999	 -0.005
	 -0.759	 -0.028	  0.650

4 	  37.20	   5.20	  -4.06
	  0.021	  0.996	  0.083
	 -0.869	 -0.023	  0.494
	  0.494	 -0.083	  0.865

5 	  39.38	   7.08	   8.54
	  0.458	  0.368	  0.809
	  0.627	 -0.779	  0.001
	  0.632	  0.506	 -0.586

6 	  48.73	  11.65	   7.98
	  0.968	  0.138	 -0.210
	  0.210	  0.013	  0.977
	  0.138	 -0.990	 -0.018

7 	  36.90	  -7.08	  -4.85
	 -0.007	 -0.995	 -0.102
	  0.735	  0.063	 -0.675
	  0.677	 -0.080	  0.731

8 	  36.54	  -9.67	   7.49
	  0.078	 -0.556	  0.827
	 -0.600	 -0.689	 -0.408
	  0.796	 -0.464	 -0.387

9 	  40.59	 -19.46	   9.54
	  0.377	 -0.926	  0.010
	 -0.240	 -0.107	 -0.965
	  0.895	  0.360	 -0.261

2 	  33.12	  -8.35	  22.71
	  0.242	  0.954	 -0.176
	 -0.970	  0.237	 -0.047
	 -0.002	  0.182	  0.983

3 	  44.37	  -1.20	  -1.09
	  0.646	  0.032	  0.762
	 -0.043	  0.999	 -0.006
	 -0.762	 -0.029	  0.647

4 	  37.25	   5.20	  -4.08
	  0.017	  0.996	  0.082
	 -0.870	 -0.026	  0.491
	  0.492	 -0.080	  0.867

5 	  39.29	   7.10	   8.53
	  0.446	  0.374	  0.813
	  0.636	 -0.771	  0.007
	  0.631	  0.513	 -0.581

6 	  48.64	  11.69	   8.07
	  0.970	  0.140	 -0.198
	  0.199	  0.009	  0.980
	  0.139	 -0.990	 -0.020

7 	  36.97	  -7.05	  -4.89
	 -0.003	 -0.994	 -0.108
	  0.736	  0.071	 -0.672
	  0.676	 -0.082	  0.732

8 	  36.53	  -9.72	   7.42
	  0.077	 -0.566	  0.821
	 -0.598	 -0.685	 -0.417
	  0.798	 -0.459	 -0.390

9 	  40.68	 -19.51	   9.39
	  0.389	 -0.921	  0.004
	 -0.237	 -0.103	 -0.966
	  0.891	  0.374	 -0.257

2 	  33.12	  -8.35	  22.71
	  0.242	  0.954	 -0.176
	 -0.970	  0.237	 -0.047
	 -0.002	  0.182	  0.983

3 	  44.38	  -1.14	  -1.05
	  0.641	  0.032	  0.767
	 -0.047	  0.999	 -0.004
	 -0.766	 -0.034	  0.641

4 	  37.28	   5.26	  -4.08
	  0.015	  0.996	  0.086
	 -0.874	 -0.029	  0.485
	  0.486	 -0.083	  0.870

5 	  39.22	   7.12	   8.54
	  0.438	  0.374	  0.818
	  0.638	 -0.770	  0.012
	  0.635	  0.515	 -0.575

6 	  48.59	  11.72	   8.21
	  0.972	  0.140	 -0.186
	  0.187	  0.007	  0.982
	  0.138	 -0.990	 -0.020

7 	  37.11	  -7.01	  -4.96
	  0.017	 -0.993	 -0.114
	  0.738	  0.089	 -0.669
	  0.675	 -0.073	  0.734

8 	  36.70	  -9.86	   7.37
	  0.095	 -0.573	  0.814
	 -0.581	 -0.696	 -0.422
	  0.808	 -0.433	 -0.399

9 	  41.22	 -19.46	   9.19
	  0.426	 -0.904	 -0.008
	 -0.237	 -0.102	 -0.966
	  0.874	  0.413	 -0.256

2 	  33.12	  -8.37	  22.71
	  0.242	  0.954	 -0.176
	 -0.970	  0.237	 -0.047
	 -0.002	  0.182	  0.983

3 	  44.46	  -1.09	  -1.00
	  0.635	  0.037	  0.772
	 -0.054	  0.998	 -0.004
	 -0.771	 -0.039	  0.635

4 	  37.32	   5.27	  -4.10
	  0.012	  0.996	  0.089
	 -0.875	 -0.033	  0.482
	  0.483	 -0.084	  0.871

5 	  39.22	   7.15	   8.56
	  0.435	  0.373	  0.819
	  0.637	 -0.771	  0.015
	  0.638	  0.515	 -0.572

6 	  48.59	  11.69	   8.30
	  0.974	  0.135	 -0.179
	  0.179	  0.007	  0.984
	  0.133	 -0.991	 -0.018

7 	  37.25	  -7.01	  -4.99
	  0.042	 -0.992	 -0.117
	  0.740	  0.109	 -0.663
	  0.671	 -0.060	  0.739

8 	  37.05	  -9.97	   7.35
	  0.139	 -0.574	  0.807
	 -0.549	 -0.723	 -0.420
	  0.824	 -0.385	 -0.415

9 	  42.33	 -19.18	   8.77
	  0.509	 -0.859	 -0.048
	 -0.219	 -0.074	 -0.973
	  0.833	  0.505	 -0.224

2 	  33.12	  -8.35	  22.71
	  0.242	  0.954	 -0.176
	 -0.970	  0.237	 -0.047
	 -0.002	  0.182	  0.983

3 	  44.53	  -0.97	  -0.95
	  0.628	  0.044	  0.776
	 -0.064	  0.998	 -0.006
	 -0.775	 -0.046	  0.630

4 	  37.35	   5.33	  -4.11
	  0.010	  0.996	  0.089
	 -0.877	 -0.034	  0.479
	  0.480	 -0.083	  0.873

5 	  39.22	   7.15	   8.58
	  0.437	  0.360	  0.824
	  0.618	 -0.786	  0.017
	  0.655	  0.501	 -0.566

6 	  48.71	  11.46	   8.37
	  0.979	  0.109	 -0.170
	  0.171	  0.003	  0.985
	  0.107	 -0.994	 -0.016

7 	  37.42	  -7.00	  -5.04
	  0.081	 -0.990	 -0.118
	  0.742	  0.139	 -0.655
	  0.665	 -0.035	  0.746

8 	  37.56	 -10.00	   7.37
	  0.221	 -0.546	  0.808
	 -0.466	 -0.787	 -0.405
	  0.857	 -0.287	 -0.428

9 	  44.28	 -18.19	   8.23
	  0.654	 -0.750	 -0.102
	 -0.213	 -0.052	 -0.976
	  0.727	  0.659	 -0.192

2 	  33.12	  -8.37	  22.71
	  0.242	  0.954	 -0.176
	 -0.970	  0.237	 -0.047
	 -0.003	  0.182	  0.983

3 	  44.60	  -0.88	  -0.86
	  0.619	  0.058	  0.783
	 -0.076	  0.997	 -0.015
	 -0.782	 -0.050	  0.621

4 	  37.48	   5.36	  -4.17
	  0.012	  0.996	  0.082
	 -0.883	 -0.028	  0.469
	  0.469	 -0.078	  0.879

5 	  39.29	   7.10	   8.51
	  0.450	  0.328	  0.830
	  0.569	 -0.822	  0.018
	  0.689	  0.464	 -0.556

6 	  48.96	  10.63	   8.35
	  0.985	  0.028	 -0.167
	  0.167	  0.011	  0.986
	  0.028	 -1.000	  0.005

7 	  37.65	  -7.08	  -5.10
	  0.131	 -0.985	 -0.110
	  0.741	  0.170	 -0.649
	  0.658	  0.003	  0.752

8 	  38.13	  -9.97	   7.42
	  0.320	 -0.467	  0.824
	 -0.293	 -0.876	 -0.383
	  0.901	 -0.119	 -0.417

9 	  46.71	 -16.08	   7.82
	  0.841	 -0.521	 -0.146
	 -0.178	 -0.010	 -0.984
	  0.512	  0.853	 -0.099

2 	  33.12	  -8.37	  22.71
	  0.242	  0.954	 -0.176
	 -0.970	  0.237	 -0.047
	 -0.003	  0.182	  0.983

3 	  44.67	  -0.84	  -0.83
	  0.611	  0.077	  0.787
	 -0.087	  0.995	 -0.030
	 -0.787	 -0.050	  0.615

4 	  37.62	   5.38	  -4.27
	  0.033	  0.997	  0.072
	 -0.885	 -0.005	  0.464
	  0.464	 -0.079	  0.882

5 	  39.41	   7.15	   8.44
	  0.466	  0.291	  0.836
	  0.493	 -0.869	  0.029
	  0.735	  0.398	 -0.548

6 	  49.31	   9.58	   8.16
	  0.981	 -0.093	 -0.167
	  0.174	  0.073	  0.982
	 -0.080	 -0.993	  0.086

7 	  37.83	  -7.21	  -5.06
	  0.186	 -0.978	 -0.091
	  0.741	  0.200	 -0.641
	  0.645	  0.051	  0.762

8 	  38.72	 -10.25	   7.29
	  0.422	 -0.357	  0.833
	 -0.030	 -0.924	 -0.380
	  0.906	  0.135	 -0.400

9 	  48.99	 -12.74	   7.61
	  0.979	 -0.130	 -0.155
	 -0.148	  0.062	 -0.987
	  0.138	  0.989	  0.042

2 	  33.12	  -8.37	  22.71
	  0.242	  0.954	 -0.177
	 -0.970	  0.237	 -0.047
	 -0.003	  0.182	  0.983

3 	  44.68	  -0.79	  -0.79
	  0.610	  0.104	  0.785
	 -0.104	  0.993	 -0.052
	 -0.785	 -0.050	  0.617

4 	  37.63	   5.41	  -4.31
	  0.062	  0.996	  0.058
	 -0.882	  0.027	  0.470
	  0.467	 -0.080	  0.880

5 	  39.50	   7.38	   8.24
	  0.488	  0.243	  0.838
	  0.377	 -0.925	  0.050
	  0.788	  0.291	 -0.542

6 	  49.62	   7.95	   8.03
	  0.952	 -0.269	 -0.146
	  0.178	  0.092	  0.979
	 -0.252	 -0.958	  0.133

7 	  37.99	  -7.33	  -5.06
	  0.251	 -0.964	 -0.083
	  0.734	  0.244	 -0.634
	  0.632	  0.098	  0.769

8 	  39.53	 -10.79	   7.21
	  0.492	 -0.230	  0.839
	  0.276	 -0.874	 -0.400
	  0.827	  0.427	 -0.366

9 	  50.04	  -9.25	   8.10
	  0.959	  0.268	 -0.088
	 -0.121	  0.102	 -0.988
	 -0.257	  0.958	  0.127

2 	  33.12	  -8.35	  22.71
	  0.242	  0.954	 -0.177
	 -0.970	  0.237	 -0.048
	 -0.003	  0.183	  0.983

3 	  44.63	  -0.86	  -0.79
	  0.612	  0.133	  0.779
	 -0.111	  0.990	 -0.083
	 -0.783	 -0.035	  0.620

4 	  37.69	   5.34	  -4.45
	  0.121	  0.992	  0.031
	 -0.873	  0.091	  0.479
	  0.473	 -0.085	  0.877

5 	  39.80	   7.77	   8.02
	  0.499	  0.190	  0.845
	  0.195	 -0.975	  0.104
	  0.844	  0.113	 -0.524

6 	  49.62	   5.59	   8.00
	  0.854	 -0.512	 -0.090
	  0.198	  0.155	  0.968
	 -0.484	 -0.844	  0.230

7 	  38.00	  -7.59	  -4.99
	  0.301	 -0.952	 -0.060
	  0.735	  0.270	 -0.621
	  0.608	  0.142	  0.781

8 	  40.32	 -11.23	   7.28
	  0.521	 -0.111	  0.846
	  0.519	 -0.746	 -0.417
	  0.679	  0.656	 -0.331

9 	  49.99	  -6.52	   8.68
	  0.819	  0.573	  0.012
	 -0.134	  0.207	 -0.969
	 -0.560	  0.792	  0.243

2 	  33.12	  -8.35	  22.71
	  0.242	  0.954	 -0.177
	 -0.970	  0.237	 -0.048
	 -0.003	  0.182	  0.983

3 	  44.58	  -0.98	  -0.79
	  0.615	  0.143	  0.775
	 -0.107	  0.989	 -0.099
	 -0.781	 -0.022	  0.624

4 	  37.79	   5.31	  -4.46
	  0.160	  0.987	  0.020
	 -0.864	  0.130	  0.487
	  0.478	 -0.095	  0.873

5 	  39.78	   8.17	   7.82
	  0.481	  0.164	  0.861
	  0.069	 -0.987	  0.148
	  0.874	 -0.011	 -0.486

6 	  48.96	   4.04	   7.65
	  0.721	 -0.687	 -0.089
	  0.284	  0.172	  0.943
	 -0.635	 -0.705	  0.316

7 	  37.92	  -7.68	  -4.97
	  0.297	 -0.953	 -0.057
	  0.742	  0.267	 -0.615
	  0.602	  0.140	  0.786

8 	  39.85	 -11.48	   7.26
	  0.471	 -0.092	  0.877
	  0.604	 -0.692	 -0.396
	  0.645	  0.715	 -0.270

9 	  48.97	  -6.13	   9.95
	  0.771	  0.626	  0.116
	  0.012	  0.164	 -0.986
	 -0.638	  0.761	  0.116

2 	  33.12	  -8.37	  22.71
	  0.242	  0.954	 -0.177
	 -0.970	  0.237	 -0.048
	 -0.003	  0.182	  0.983

3 	  44.46	  -1.11	  -0.72
	  0.612	  0.134	  0.779
	 -0.085	  0.991	 -0.104
	 -0.786	 -0.003	  0.618

4 	  37.83	   5.40	  -4.39
	  0.195	  0.980	  0.024
	 -0.857	  0.158	  0.491
	  0.478	 -0.116	  0.870

5 	  39.76	   8.60	   7.73
	  0.462	  0.160	  0.872
	 -0.010	 -0.983	  0.184
	  0.887	 -0.093	 -0.452

6 	  48.46	   3.36	   7.79
	  0.635	 -0.769	 -0.067
	  0.293	  0.157	  0.943
	 -0.717	 -0.618	  0.322

7 	  37.71	  -7.68	  -4.90
	  0.274	 -0.960	 -0.052
	  0.750	  0.247	 -0.614
	  0.603	  0.128	  0.787

8 	  39.60	 -11.79	   7.31
	  0.441	 -0.091	  0.893
	  0.665	 -0.636	 -0.392
	  0.604	  0.766	 -0.219

9 	  48.32	  -5.73	  10.49
	  0.706	  0.688	  0.166
	  0.035	  0.197	 -0.980
	 -0.707	  0.698	  0.113

2 	  33.12	  -8.37	  22.71
	  0.242	  0.954	 -0.177
	 -0.970	  0.237	 -0.048
	 -0.003	  0.182	  0.983

3 	  44.40	  -1.11	  -0.65
	  0.605	  0.138	  0.784
	 -0.080	  0.990	 -0.113
	 -0.792	  0.006	  0.610

4 	  37.83	   5.47	  -4.32
	  0.211	  0.977	  0.022
	 -0.853	  0.172	  0.492
	  0.478	 -0.123	  0.870

5 	  39.73	   8.79	   7.77
	  0.444	  0.152	  0.883
	 -0.056	 -0.979	  0.195
	  0.894	 -0.135	 -0.426

6 	  48.15	   3.11	   8.02
	  0.604	 -0.796	 -0.043
	  0.282	  0.159	  0.946
	 -0.749	 -0.582	  0.317

7 	  37.76	  -7.79	  -4.71
	  0.287	 -0.957	 -0.034
	  0.745	  0.245	 -0.620
	  0.602	  0.152	  0.784

8 	  39.57	 -11.88	   7.38
	  0.432	 -0.090	  0.897
	  0.677	 -0.625	 -0.388
	  0.596	  0.775	 -0.208

9 	  48.25	  -5.70	  10.63
	  0.701	  0.692	  0.172
	  0.053	  0.188	 -0.981
	 -0.711	  0.696	  0.093

2 	  33.12	  -8.37	  22.71
	  0.242	  0.954	 -0.176
	 -0.970	  0.237	 -0.048
	 -0.003	  0.182	  0.983

3 	  44.44	  -1.14	  -0.62
	  0.598	  0.143	  0.788
	 -0.078	  0.989	 -0.121
	 -0.797	  0.012	  0.603

4 	  37.95	   5.48	  -4.34
	  0.221	  0.975	  0.005
	 -0.843	  0.189	  0.503
	  0.490	 -0.115	  0.864

5 	  39.59	   8.65	   7.77
	  0.415	  0.137	  0.899
	 -0.068	 -0.981	  0.179
	  0.907	 -0.134	 -0.398

6 	  48.08	   3.02	   8.23
	  0.609	 -0.792	 -0.039
	  0.257	  0.148	  0.955
	 -0.753	 -0.590	  0.291

7 	  37.79	  -7.82	  -4.68
	  0.288	 -0.957	 -0.027
	  0.747	  0.242	 -0.619
	  0.599	  0.158	  0.784

8 	  39.55	 -11.87	   7.44
	  0.427	 -0.090	  0.900
	  0.680	 -0.625	 -0.384
	  0.598	  0.775	 -0.205

9 	  48.23	  -5.71	  10.72
	  0.700	  0.693	  0.170
	  0.058	  0.181	 -0.982
	 -0.712	  0.697	  0.085

2 	  33.12	  -8.35	  22.71
	  0.243	  0.954	 -0.175
	 -0.970	  0.238	 -0.048
	 -0.004	  0.180	  0.983

3 	  44.46	  -1.14	  -0.56
	  0.593	  0.143	  0.792
	 -0.073	  0.989	 -0.124
	 -0.802	  0.016	  0.597

4 	  37.99	   5.55	  -4.32
	  0.227	  0.974	  0.006
	 -0.843	  0.193	  0.501
	  0.488	 -0.119	  0.865

5 	  39.55	   8.67	   7.82
	  0.404	  0.133	  0.905
	 -0.066	 -0.983	  0.173
	  0.912	 -0.129	 -0.388

6 	  48.06	   3.04	   8.33
	  0.612	 -0.790	 -0.038
	  0.245	  0.139	  0.959
	 -0.755	 -0.595	  0.276

7 	  37.90	  -7.82	  -4.66
	  0.291	 -0.956	 -0.021
	  0.751	  0.242	 -0.615
	  0.593	  0.162	  0.788

8 	  39.55	 -11.88	   7.45
	  0.419	 -0.092	  0.903
	  0.683	 -0.623	 -0.380
	  0.598	  0.776	 -0.198

9 	  48.18	  -5.71	  10.78
	  0.698	  0.694	  0.174
	  0.067	  0.176	 -0.982
	 -0.713	  0.697	  0.074

2 	  33.12	  -8.35	  22.71
	  0.243	  0.954	 -0.174
	 -0.970	  0.238	 -0.048
	 -0.004	  0.180	  0.984

3 	  44.47	  -1.09	  -0.51
	  0.584	  0.144	  0.798
	 -0.073	  0.989	 -0.125
	 -0.808	  0.015	  0.588

4 	  38.07	   5.59	  -4.31
	  0.230	  0.973	  0.008
	 -0.844	  0.195	  0.499
	  0.484	 -0.121	  0.866

5 	  39.48	   8.67	   7.89
	  0.392	  0.128	  0.911
	 -0.069	 -0.984	  0.167
	  0.918	 -0.127	 -0.376

6 	  48.01	   3.06	   8.44
	  0.616	 -0.787	 -0.040
	  0.231	  0.128	  0.964
	 -0.756	 -0.602	  0.258

7 	  37.90	  -7.79	  -4.66
	  0.293	 -0.956	 -0.019
	  0.753	  0.242	 -0.612
	  0.589	  0.165	  0.791

8 	  39.55	 -11.88	   7.45
	  0.415	 -0.093	  0.905
	  0.686	 -0.621	 -0.378
	  0.599	  0.777	 -0.193

9 	  48.15	  -5.70	  10.83
	  0.697	  0.695	  0.178
	  0.073	  0.177	 -0.982
	 -0.714	  0.696	  0.071

2 	  33.12	  -8.35	  22.71
	  0.243	  0.954	 -0.174
	 -0.970	  0.238	 -0.047
	 -0.004	  0.179	  0.984

3 	  44.49	  -1.07	  -0.47
	  0.579	  0.143	  0.802
	 -0.073	  0.989	 -0.124
	 -0.812	  0.013	  0.583

4 	  38.07	   5.62	  -4.29
	  0.229	  0.973	  0.011
	 -0.846	  0.193	  0.497
	  0.482	 -0.123	  0.867

5 	  39.46	   8.67	   7.91
	  0.388	  0.127	  0.912
	 -0.067	 -0.984	  0.164
	  0.919	 -0.124	 -0.374

6 	  47.99	   3.06	   8.46
	  0.618	 -0.785	 -0.041
	  0.223	  0.121	  0.967
	 -0.756	 -0.606	  0.247

7 	  37.95	  -7.79	  -4.64
	  0.297	 -0.955	 -0.017
	  0.754	  0.244	 -0.609
	  0.586	  0.167	  0.792

8 	  39.53	 -11.88	   7.45
	  0.411	 -0.095	  0.906
	  0.688	 -0.620	 -0.376
	  0.599	  0.778	 -0.189

9 	  48.11	  -5.66	  10.88
	  0.693	  0.697	  0.182
	  0.078	  0.177	 -0.981
	 -0.717	  0.694	  0.067

2 	  33.12	  -8.37	  22.71
	  0.243	  0.954	 -0.173
	 -0.970	  0.238	 -0.047
	 -0.003	  0.179	  0.984

3 	  44.49	  -1.05	  -0.42
	  0.575	  0.143	  0.805
	 -0.075	  0.989	 -0.123
	 -0.815	  0.010	  0.579

4 	  38.07	   5.64	  -4.27
	  0.228	  0.973	  0.013
	 -0.847	  0.192	  0.495
	  0.480	 -0.123	  0.868

5 	  39.43	   8.65	   7.93
	  0.385	  0.127	  0.914
	 -0.068	 -0.984	  0.164
	  0.920	 -0.124	 -0.371

6 	  47.94	   3.08	   8.49
	  0.620	 -0.784	 -0.040
	  0.216	  0.118	  0.969
	 -0.757	 -0.608	  0.239

7 	  37.99	  -7.79	  -4.64
	  0.300	 -0.954	 -0.014
	  0.755	  0.246	 -0.607
	  0.583	  0.171	  0.794

8 	  39.53	 -11.88	   7.47
	  0.410	 -0.095	  0.907
	  0.689	 -0.619	 -0.376
	  0.598	  0.779	 -0.188

9 	  48.09	  -5.64	  10.90
	  0.692	  0.698	  0.183
	  0.080	  0.177	 -0.981
	 -0.718	  0.693	  0.065

