2 	  46.93	  -0.93	   5.54
	 -0.254	  0.590	  0.766
	  0.213	  0.806	 -0.551
	 -0.943	  0.023	 -0.331

3 	  46.20	  -1.34	   0.47
	  0.468	  0.202	  0.860
	 -0.071	  0.979	 -0.192
	 -0.881	  0.029	  0.472

4 	  40.87	   5.27	  -4.87
	  0.493	  0.867	 -0.074
	 -0.750	  0.466	  0.469
	  0.443	 -0.175	  0.879

5 	  45.91	   9.11	   6.57
	  0.666	  0.288	  0.688
	 -0.275	 -0.764	  0.584
	  0.695	 -0.576	 -0.430

6 	  54.12	   6.89	  12.34
	  0.618	 -0.198	  0.760
	  0.112	  0.979	  0.167
	 -0.780	 -0.022	  0.625

7 	  40.87	  -7.82	  -5.01
	  0.529	 -0.846	 -0.064
	  0.692	  0.473	 -0.545
	  0.492	  0.243	  0.835

8 	  46.56	 -11.72	   5.94
	  0.665	 -0.175	  0.725
	  0.659	 -0.318	 -0.681
	  0.351	  0.931	 -0.097

9 	  54.65	  -8.93	  12.11
	  0.723	  0.134	  0.677
	  0.056	  0.966	 -0.253
	 -0.689	  0.223	  0.690

2 	  46.79	  -0.14	   5.36
	 -0.357	  0.764	  0.537
	 -0.039	  0.563	 -0.826
	 -0.933	 -0.316	 -0.171

3 	  46.18	  -1.25	   0.47
	  0.469	  0.216	  0.856
	 -0.081	  0.976	 -0.203
	 -0.880	  0.026	  0.474

4 	  40.83	   5.31	  -4.85
	  0.492	  0.867	 -0.072
	 -0.751	  0.464	  0.470
	  0.442	 -0.177	  0.879

5 	  45.88	   9.11	   6.57
	  0.667	  0.287	  0.688
	 -0.275	 -0.764	  0.583
	  0.694	 -0.576	 -0.432

6 	  54.12	   6.91	  12.34
	  0.620	 -0.199	  0.758
	  0.111	  0.979	  0.169
	 -0.778	 -0.025	  0.628

7 	  40.87	  -7.77	  -5.01
	  0.531	 -0.845	 -0.065
	  0.692	  0.476	 -0.542
	  0.491	  0.242	  0.837

8 	  46.58	 -11.69	   5.92
	  0.666	 -0.176	  0.725
	  0.660	 -0.316	 -0.682
	  0.350	  0.932	 -0.095

9 	  54.65	  -8.91	  12.09
	  0.724	  0.131	  0.677
	  0.055	  0.967	 -0.249
	 -0.688	  0.220	  0.691

2 	  46.71	  -1.39	   5.80
	 -0.329	  0.495	  0.804
	  0.378	  0.849	 -0.370
	 -0.866	  0.182	 -0.466

3 	  46.14	  -1.37	   0.49
	  0.464	  0.209	  0.861
	 -0.073	  0.977	 -0.199
	 -0.883	  0.030	  0.468

4 	  40.85	   5.26	  -4.85
	  0.495	  0.866	 -0.072
	 -0.750	  0.466	  0.469
	  0.441	 -0.177	  0.880

5 	  45.90	   9.07	   6.57
	  0.667	  0.289	  0.687
	 -0.275	 -0.763	  0.585
	  0.694	 -0.577	 -0.430

6 	  54.12	   6.91	  12.34
	  0.619	 -0.195	  0.760
	  0.110	  0.980	  0.165
	 -0.779	 -0.022	  0.626

7 	  40.83	  -7.84	  -4.99
	  0.529	 -0.846	 -0.061
	  0.694	  0.473	 -0.543
	  0.490	  0.245	  0.837

8 	  46.55	 -11.72	   5.99
	  0.667	 -0.172	  0.724
	  0.657	 -0.321	 -0.682
	  0.351	  0.931	 -0.101

9 	  54.65	  -8.95	  12.09
	  0.726	  0.134	  0.675
	  0.057	  0.965	 -0.255
	 -0.686	  0.226	  0.692

2 	  46.79	  -0.69	   4.85
	 -0.114	  0.853	  0.509
	 -0.120	  0.497	 -0.859
	 -0.986	 -0.159	  0.045

3 	  46.05	  -1.44	   0.49
	  0.458	  0.200	  0.866
	 -0.066	  0.979	 -0.193
	 -0.886	  0.032	  0.462

4 	  40.83	   5.19	  -4.89
	  0.502	  0.862	 -0.074
	 -0.747	  0.474	  0.465
	  0.437	 -0.178	  0.881

5 	  45.90	   9.02	   6.54
	  0.667	  0.289	  0.686
	 -0.276	 -0.761	  0.587
	  0.693	 -0.580	 -0.428

6 	  54.12	   6.87	  12.34
	  0.618	 -0.190	  0.762
	  0.108	  0.981	  0.161
	 -0.780	 -0.021	  0.625

7 	  40.76	  -7.93	  -4.96
	  0.530	 -0.846	 -0.057
	  0.694	  0.470	 -0.545
	  0.489	  0.249	  0.836

8 	  46.53	 -11.72	   5.99
	  0.669	 -0.170	  0.723
	  0.656	 -0.323	 -0.682
	  0.351	  0.930	 -0.105

9 	  54.63	  -8.96	  12.08
	  0.727	  0.133	  0.673
	  0.058	  0.965	 -0.255
	 -0.684	  0.227	  0.693

2 	  46.53	  -0.83	   5.84
	 -0.448	  0.615	  0.649
	  0.336	  0.787	 -0.517
	 -0.829	 -0.013	 -0.559

3 	  46.09	  -1.34	   0.47
	  0.463	  0.210	  0.861
	 -0.068	  0.977	 -0.203
	 -0.884	  0.035	  0.466

4 	  40.83	   5.24	  -4.89
	  0.503	  0.861	 -0.073
	 -0.748	  0.474	  0.464
	  0.436	 -0.179	  0.882

5 	  45.90	   9.04	   6.52
	  0.668	  0.286	  0.686
	 -0.277	 -0.762	  0.585
	  0.692	 -0.580	 -0.430

6 	  54.12	   6.89	  12.34
	  0.618	 -0.191	  0.762
	  0.107	  0.981	  0.163
	 -0.781	 -0.023	  0.624

7 	  40.80	  -7.88	  -4.99
	  0.535	 -0.843	 -0.060
	  0.690	  0.476	 -0.545
	  0.489	  0.250	  0.835

8 	  46.56	 -11.71	   5.94
	  0.668	 -0.170	  0.724
	  0.658	 -0.319	 -0.682
	  0.348	  0.932	 -0.102

9 	  54.65	  -8.93	  12.11
	  0.724	  0.133	  0.677
	  0.056	  0.966	 -0.252
	 -0.688	  0.223	  0.690

2 	  46.65	  -0.72	  -1.92
	  0.041	  0.981	  0.187
	 -0.559	  0.177	 -0.810
	 -0.828	 -0.072	  0.555

3 	  46.23	  -1.25	   0.39
	  0.490	  0.222	  0.843
	 -0.079	  0.974	 -0.212
	 -0.868	  0.038	  0.494

4 	  40.85	   5.31	  -4.87
	  0.498	  0.864	 -0.071
	 -0.747	  0.468	  0.471
	  0.442	 -0.181	  0.878

5 	  45.91	   9.09	   6.57
	  0.668	  0.286	  0.687
	 -0.271	 -0.768	  0.580
	  0.695	 -0.571	 -0.436

6 	  54.16	   6.91	  12.32
	  0.619	 -0.199	  0.759
	  0.107	  0.979	  0.173
	 -0.779	 -0.030	  0.625

7 	  40.90	  -7.79	  -5.06
	  0.536	 -0.842	 -0.063
	  0.692	  0.480	 -0.539
	  0.485	  0.245	  0.839

8 	  46.62	 -11.67	   5.89
	  0.665	 -0.173	  0.726
	  0.661	 -0.316	 -0.680
	  0.348	  0.932	 -0.096

9 	  54.67	  -8.89	  12.13
	  0.717	  0.135	  0.684
	  0.055	  0.967	 -0.250
	 -0.695	  0.219	  0.684

2 	  46.37	   0.12	  -1.55
	 -0.374	  0.856	  0.357
	 -0.457	  0.167	 -0.874
	 -0.808	 -0.489	  0.329

3 	  46.16	  -1.16	   0.44
	  0.490	  0.211	  0.846
	 -0.056	  0.976	 -0.211
	 -0.870	  0.056	  0.489

4 	  40.78	   5.36	  -4.83
	  0.495	  0.866	 -0.068
	 -0.749	  0.463	  0.474
	  0.444	 -0.184	  0.877

5 	  45.86	   9.11	   6.59
	  0.668	  0.285	  0.687
	 -0.269	 -0.770	  0.578
	  0.695	 -0.570	 -0.438

6 	  54.12	   6.93	  12.34
	  0.621	 -0.199	  0.757
	  0.104	  0.979	  0.175
	 -0.778	 -0.034	  0.627

7 	  40.94	  -7.75	  -5.08
	  0.541	 -0.839	 -0.064
	  0.692	  0.485	 -0.535
	  0.480	  0.245	  0.842

8 	  46.62	 -11.64	   5.87
	  0.665	 -0.173	  0.726
	  0.662	 -0.313	 -0.680
	  0.346	  0.933	 -0.094

9 	  54.67	  -8.88	  12.09
	  0.716	  0.132	  0.685
	  0.055	  0.968	 -0.246
	 -0.696	  0.216	  0.685

2 	  46.76	  -1.09	  -1.44
	  0.140	  0.989	  0.041
	 -0.264	  0.077	 -0.961
	 -0.954	  0.123	  0.272

3 	  46.14	  -1.27	   0.40
	  0.504	  0.222	  0.835
	 -0.075	  0.974	 -0.215
	 -0.861	  0.046	  0.507

4 	  40.80	   5.31	  -4.83
	  0.497	  0.865	 -0.069
	 -0.747	  0.465	  0.475
	  0.444	 -0.184	  0.876

5 	  45.88	   9.05	   6.59
	  0.668	  0.286	  0.687
	 -0.271	 -0.767	  0.581
	  0.694	 -0.572	 -0.436

6 	  54.11	   6.93	  12.32
	  0.621	 -0.193	  0.759
	  0.101	  0.980	  0.169
	 -0.779	 -0.032	  0.627

7 	  40.85	  -7.84	  -5.04
	  0.534	 -0.843	 -0.063
	  0.689	  0.477	 -0.545
	  0.491	  0.247	  0.835

8 	  46.60	 -11.69	   5.91
	  0.666	 -0.170	  0.726
	  0.661	 -0.316	 -0.680
	  0.346	  0.933	 -0.098

9 	  54.65	  -8.88	  12.11
	  0.716	  0.134	  0.684
	  0.056	  0.967	 -0.250
	 -0.695	  0.219	  0.684

2 	  46.14	  -0.77	  -2.25
	 -0.221	  0.971	 -0.091
	 -0.666	 -0.218	 -0.714
	 -0.713	 -0.096	  0.694

3 	  46.05	  -1.35	   0.44
	  0.510	  0.221	  0.831
	 -0.073	  0.974	 -0.215
	 -0.857	  0.049	  0.512

4 	  40.78	   5.22	  -4.89
	  0.504	  0.861	 -0.071
	 -0.743	  0.472	  0.475
	  0.444	 -0.186	  0.876

5 	  45.88	   8.96	   6.54
	  0.670	  0.285	  0.685
	 -0.271	 -0.766	  0.582
	  0.693	 -0.574	 -0.437

6 	  54.12	   6.93	  12.30
	  0.621	 -0.185	  0.761
	  0.098	  0.982	  0.162
	 -0.779	 -0.030	  0.626

7 	  40.78	  -7.91	  -5.04
	  0.536	 -0.842	 -0.065
	  0.683	  0.477	 -0.553
	  0.497	  0.251	  0.830

8 	  46.60	 -11.65	   5.91
	  0.667	 -0.166	  0.726
	  0.660	 -0.318	 -0.680
	  0.345	  0.933	 -0.103

9 	  54.63	  -8.89	  12.13
	  0.716	  0.130	  0.685
	  0.059	  0.967	 -0.248
	 -0.695	  0.220	  0.684

2 	  46.53	  -1.23	  -1.76
	  0.157	  0.987	  0.011
	 -0.376	  0.069	 -0.924
	 -0.913	  0.140	  0.382

3 	  46.07	  -1.35	   0.30
	  0.534	  0.229	  0.814
	 -0.079	  0.971	 -0.223
	 -0.842	  0.055	  0.536

4 	  40.75	   5.26	  -4.90
	  0.510	  0.857	 -0.072
	 -0.737	  0.477	  0.479
	  0.446	 -0.191	  0.874

5 	  45.88	   8.95	   6.50
	  0.671	  0.281	  0.686
	 -0.274	 -0.767	  0.580
	  0.691	 -0.575	 -0.438

6 	  54.14	   6.89	  12.30
	  0.619	 -0.181	  0.764
	  0.097	  0.983	  0.158
	 -0.781	 -0.027	  0.624

7 	  40.75	  -7.93	  -5.08
	  0.541	 -0.838	 -0.067
	  0.676	  0.480	 -0.559
	  0.502	  0.257	  0.826

8 	  46.62	 -11.58	   5.89
	  0.667	 -0.162	  0.727
	  0.663	 -0.318	 -0.678
	  0.342	  0.934	 -0.105

9 	  54.65	  -8.89	  12.11
	  0.715	  0.125	  0.687
	  0.062	  0.968	 -0.243
	 -0.696	  0.219	  0.683

2 	  41.50	  -1.99	  -6.33
	  0.152	  0.951	 -0.268
	 -0.795	  0.278	  0.538
	  0.587	  0.131	  0.799

3 	  47.21	  -1.46	   0.95
	  0.395	  0.298	  0.868
	 -0.128	  0.954	 -0.270
	 -0.910	 -0.004	  0.415

4 	  41.85	   4.38	  -5.22
	  0.444	  0.889	 -0.107
	 -0.808	  0.449	  0.380
	  0.388	 -0.082	  0.918

5 	  45.98	   9.09	   6.29
	  0.609	  0.352	  0.711
	 -0.282	 -0.743	  0.606
	  0.743	 -0.567	 -0.354

6 	  54.16	   6.96	  12.36
	  0.611	 -0.201	  0.766
	  0.093	  0.978	  0.185
	 -0.788	 -0.046	  0.614

7 	  42.47	  -8.60	  -4.50
	  0.535	 -0.845	 -0.013
	  0.725	  0.467	 -0.505
	  0.435	  0.260	  0.862

8 	  47.39	 -11.46	   7.31
	  0.661	 -0.142	  0.737
	  0.566	 -0.552	 -0.612
	  0.496	  0.820	 -0.284

9 	  56.04	  -8.51	  12.22
	  0.756	  0.151	  0.636
	  0.009	  0.970	 -0.244
	 -0.655	  0.193	  0.730

2 	  41.45	  -1.48	  -6.06
	  0.319	  0.946	  0.052
	 -0.678	  0.188	  0.710
	  0.663	 -0.261	  0.701

3 	  47.20	  -1.51	   0.98
	  0.391	  0.300	  0.870
	 -0.126	  0.953	 -0.274
	 -0.912	 -0.002	  0.410

4 	  41.85	   4.32	  -5.22
	  0.444	  0.889	 -0.108
	 -0.809	  0.449	  0.379
	  0.387	 -0.081	  0.918

5 	  45.98	   9.07	   6.29
	  0.609	  0.353	  0.710
	 -0.281	 -0.742	  0.608
	  0.743	 -0.568	 -0.354

6 	  54.16	   6.94	  12.34
	  0.611	 -0.198	  0.766
	  0.093	  0.979	  0.182
	 -0.788	 -0.044	  0.614

7 	  42.47	  -8.65	  -4.46
	  0.536	 -0.844	 -0.006
	  0.728	  0.465	 -0.504
	  0.430	  0.265	  0.863

8 	  47.36	 -11.46	   7.33
	  0.661	 -0.140	  0.737
	  0.565	 -0.554	 -0.611
	  0.496	  0.819	 -0.287

9 	  56.04	  -8.51	  12.23
	  0.757	  0.151	  0.635
	  0.011	  0.969	 -0.247
	 -0.653	  0.197	  0.731

2 	  41.55	  -2.74	  -6.12
	 -0.034	  0.866	 -0.499
	 -0.832	  0.252	  0.494
	  0.553	  0.431	  0.712

3 	  47.18	  -1.60	   1.02
	  0.387	  0.303	  0.870
	 -0.119	  0.952	 -0.280
	 -0.915	  0.005	  0.404

4 	  41.89	   4.24	  -5.24
	  0.447	  0.888	 -0.112
	 -0.808	  0.453	  0.375
	  0.385	 -0.076	  0.919

5 	  46.02	   9.02	   6.26
	  0.609	  0.356	  0.709
	 -0.283	 -0.740	  0.611
	  0.743	 -0.570	 -0.350

6 	  54.16	   6.93	  12.38
	  0.609	 -0.194	  0.769
	  0.093	  0.979	  0.177
	 -0.789	 -0.040	  0.613

7 	  42.43	  -8.70	  -4.41
	  0.531	 -0.847	 -0.005
	  0.731	  0.460	 -0.504
	  0.431	  0.263	  0.863

8 	  47.34	 -11.50	   7.40
	  0.663	 -0.136	  0.736
	  0.562	 -0.559	 -0.609
	  0.497	  0.816	 -0.295

9 	  56.04	  -8.51	  12.23
	  0.759	  0.153	  0.632
	  0.012	  0.968	 -0.252
	 -0.651	  0.202	  0.731

2 	  41.17	  -1.85	  -5.94
	  0.191	  0.962	 -0.197
	 -0.610	  0.273	  0.744
	  0.769	 -0.021	  0.638

3 	  47.16	  -1.58	   1.02
	  0.388	  0.303	  0.870
	 -0.119	  0.952	 -0.280
	 -0.914	  0.005	  0.405

4 	  41.87	   4.24	  -5.22
	  0.446	  0.888	 -0.112
	 -0.809	  0.452	  0.375
	  0.385	 -0.077	  0.919

5 	  46.00	   9.04	   6.26
	  0.609	  0.356	  0.709
	 -0.282	 -0.740	  0.610
	  0.743	 -0.569	 -0.351

6 	  54.16	   6.93	  12.38
	  0.609	 -0.195	  0.768
	  0.093	  0.979	  0.178
	 -0.789	 -0.041	  0.613

7 	  42.45	  -8.68	  -4.41
	  0.533	 -0.846	 -0.000
	  0.732	  0.460	 -0.502
	  0.427	  0.267	  0.864

8 	  47.36	 -11.48	   7.40
	  0.663	 -0.136	  0.736
	  0.563	 -0.558	 -0.609
	  0.496	  0.817	 -0.294

9 	  56.04	  -8.53	  12.22
	  0.759	  0.152	  0.632
	  0.013	  0.968	 -0.251
	 -0.651	  0.202	  0.731

2 	  41.92	  -2.09	  -6.45
	  0.190	  0.979	 -0.062
	 -0.916	  0.199	  0.348
	  0.354	 -0.010	  0.935

3 	  47.23	  -1.65	   0.98
	  0.395	  0.304	  0.867
	 -0.117	  0.952	 -0.282
	 -0.911	  0.010	  0.411

4 	  41.94	   4.15	  -5.29
	  0.451	  0.884	 -0.120
	 -0.806	  0.460	  0.372
	  0.386	 -0.071	  0.920

5 	  46.07	   8.98	   6.19
	  0.607	  0.358	  0.709
	 -0.287	 -0.735	  0.614
	  0.743	 -0.574	 -0.344

6 	  54.16	   6.91	  12.38
	  0.603	 -0.191	  0.774
	  0.095	  0.980	  0.171
	 -0.793	 -0.033	  0.608

7 	  42.45	  -8.77	  -4.41
	  0.532	 -0.847	  0.006
	  0.733	  0.456	 -0.505
	  0.426	  0.273	  0.862

8 	  47.36	 -11.55	   7.42
	  0.663	 -0.134	  0.737
	  0.564	 -0.560	 -0.607
	  0.496	  0.816	 -0.296

9 	  56.04	  -8.54	  12.23
	  0.759	  0.155	  0.631
	  0.012	  0.967	 -0.255
	 -0.651	  0.205	  0.731

2 	  38.32	  -1.79	  -1.42
	 -0.049	  0.985	  0.161
	 -0.484	 -0.165	  0.859
	  0.874	 -0.036	  0.484

3 	  47.23	  -1.62	   0.98
	  0.397	  0.302	  0.866
	 -0.115	  0.953	 -0.281
	 -0.911	  0.012	  0.413

4 	  41.96	   4.22	  -5.27
	  0.452	  0.884	 -0.120
	 -0.807	  0.461	  0.370
	  0.384	 -0.070	  0.921

5 	  46.07	   9.05	   6.17
	  0.608	  0.358	  0.708
	 -0.286	 -0.735	  0.614
	  0.742	 -0.575	 -0.345

6 	  54.16	   6.94	  12.38
	  0.603	 -0.195	  0.773
	  0.096	  0.979	  0.176
	 -0.793	 -0.036	  0.608

7 	  42.45	  -8.72	  -4.39
	  0.533	 -0.846	  0.009
	  0.734	  0.456	 -0.502
	  0.422	  0.274	  0.864

8 	  47.36	 -11.46	   7.42
	  0.663	 -0.134	  0.736
	  0.561	 -0.562	 -0.607
	  0.497	  0.814	 -0.298

9 	  56.04	  -8.53	  12.25
	  0.760	  0.152	  0.631
	  0.018	  0.966	 -0.257
	 -0.650	  0.210	  0.730

2 	  38.46	  -1.27	  -1.35
	  0.208	  0.887	  0.411
	 -0.567	 -0.234	  0.790
	  0.797	 -0.398	  0.453

3 	  47.23	  -1.62	   1.02
	  0.394	  0.303	  0.867
	 -0.113	  0.953	 -0.282
	 -0.912	  0.013	  0.409

4 	  41.96	   4.22	  -5.27
	  0.451	  0.884	 -0.119
	 -0.807	  0.460	  0.369
	  0.383	 -0.070	  0.921

5 	  46.04	   9.05	   6.21
	  0.608	  0.358	  0.708
	 -0.285	 -0.736	  0.614
	  0.742	 -0.574	 -0.346

6 	  54.18	   6.93	  12.39
	  0.604	 -0.196	  0.773
	  0.096	  0.979	  0.176
	 -0.793	 -0.036	  0.608

7 	  42.45	  -8.72	  -4.39
	  0.531	 -0.847	  0.012
	  0.737	  0.454	 -0.501
	  0.421	  0.274	  0.865

8 	  47.34	 -11.44	   7.42
	  0.664	 -0.134	  0.735
	  0.561	 -0.563	 -0.607
	  0.498	  0.814	 -0.299

9 	  56.04	  -8.53	  12.27
	  0.761	  0.151	  0.630
	  0.019	  0.966	 -0.258
	 -0.649	  0.212	  0.731

2 	  38.36	  -2.39	  -1.60
	 -0.258	  0.966	 -0.014
	 -0.518	 -0.126	  0.846
	  0.816	  0.225	  0.532

3 	  47.21	  -1.65	   1.04
	  0.392	  0.304	  0.868
	 -0.111	  0.952	 -0.285
	 -0.913	  0.016	  0.407

4 	  41.94	   4.18	  -5.27
	  0.452	  0.884	 -0.121
	 -0.807	  0.461	  0.368
	  0.382	 -0.068	  0.921

5 	  46.05	   9.02	   6.21
	  0.608	  0.359	  0.708
	 -0.285	 -0.735	  0.615
	  0.743	 -0.573	 -0.345

6 	  54.18	   6.93	  12.38
	  0.604	 -0.193	  0.773
	  0.095	  0.980	  0.173
	 -0.793	 -0.035	  0.608

7 	  42.40	  -8.74	  -4.36
	  0.529	 -0.848	  0.014
	  0.738	  0.451	 -0.502
	  0.421	  0.275	  0.864

8 	  47.32	 -11.48	   7.45
	  0.665	 -0.134	  0.735
	  0.558	 -0.566	 -0.606
	  0.500	  0.812	 -0.302

9 	  56.02	  -8.53	  12.25
	  0.762	  0.152	  0.629
	  0.021	  0.965	 -0.261
	 -0.647	  0.215	  0.731

2 	  38.72	  -1.81	  -1.81
	 -0.107	  0.978	  0.177
	 -0.785	 -0.192	  0.588
	  0.610	 -0.076	  0.788

3 	  47.23	  -1.63	   1.02
	  0.397	  0.304	  0.866
	 -0.111	  0.952	 -0.284
	 -0.911	  0.016	  0.411

4 	  41.99	   4.18	  -5.29
	  0.452	  0.884	 -0.120
	 -0.808	  0.461	  0.367
	  0.381	 -0.068	  0.922

5 	  46.07	   9.04	   6.19
	  0.607	  0.359	  0.709
	 -0.286	 -0.735	  0.614
	  0.743	 -0.574	 -0.344

6 	  54.16	   6.93	  12.39
	  0.603	 -0.194	  0.774
	  0.096	  0.980	  0.174
	 -0.794	 -0.035	  0.607

7 	  42.43	  -8.72	  -4.39
	  0.530	 -0.848	  0.012
	  0.737	  0.453	 -0.501
	  0.421	  0.274	  0.864

8 	  47.34	 -11.48	   7.44
	  0.664	 -0.135	  0.735
	  0.559	 -0.564	 -0.607
	  0.498	  0.813	 -0.299

9 	  56.04	  -8.54	  12.25
	  0.761	  0.152	  0.630
	  0.021	  0.965	 -0.261
	 -0.648	  0.215	  0.730

2 	  38.16	  -1.90	  -0.98
	  0.004	  0.986	  0.164
	 -0.242	 -0.159	  0.957
	  0.970	 -0.044	  0.238

3 	  47.27	  -1.63	   0.95
	  0.404	  0.303	  0.863
	 -0.113	  0.952	 -0.283
	 -0.908	  0.017	  0.419

4 	  41.99	   4.18	  -5.31
	  0.455	  0.882	 -0.123
	 -0.806	  0.466	  0.365
	  0.381	 -0.067	  0.922

5 	  46.09	   9.04	   6.15
	  0.606	  0.358	  0.709
	 -0.289	 -0.734	  0.615
	  0.742	 -0.576	 -0.342

6 	  54.18	   6.93	  12.38
	  0.601	 -0.193	  0.775
	  0.098	  0.980	  0.172
	 -0.795	 -0.031	  0.606

7 	  42.43	  -8.74	  -4.39
	  0.531	 -0.848	  0.011
	  0.736	  0.453	 -0.503
	  0.423	  0.274	  0.863

8 	  47.34	 -11.48	   7.42
	  0.664	 -0.134	  0.735
	  0.560	 -0.564	 -0.607
	  0.498	  0.813	 -0.300

9 	  56.02	  -8.54	  12.25
	  0.761	  0.152	  0.630
	  0.022	  0.964	 -0.263
	 -0.649	  0.217	  0.729

2 	  46.46	  -0.05	  -2.32
	  0.424	 -0.812	  0.400
	  0.466	  0.573	  0.674
	 -0.778	 -0.099	  0.621

3 	  46.25	  -1.21	   0.23
	  0.499	  0.236	  0.834
	 -0.116	  0.971	 -0.207
	 -0.859	  0.007	  0.511

4 	  40.99	   5.64	  -4.43
	  0.497	  0.867	  0.032
	 -0.779	  0.430	  0.456
	  0.383	 -0.251	  0.888

5 	  46.69	   8.35	   7.00
	  0.709	  0.207	  0.673
	 -0.311	 -0.767	  0.561
	  0.634	 -0.606	 -0.480

6 	  55.16	   7.07	  12.48
	  0.651	 -0.112	  0.751
	 -0.021	  0.985	  0.168
	 -0.759	 -0.128	  0.638

7 	  40.99	  -8.54	  -4.50
	  0.545	 -0.838	 -0.033
	  0.683	  0.466	 -0.562
	  0.488	  0.283	  0.825

8 	  47.13	 -11.34	   6.56
	  0.694	 -0.123	  0.709
	  0.605	 -0.434	 -0.667
	  0.391	  0.892	 -0.227

9 	  55.48	  -9.02	  12.18
	  0.739	  0.119	  0.663
	  0.045	  0.973	 -0.227
	 -0.672	  0.200	  0.712

2 	  46.53	  -0.69	  -2.04
	  0.113	 -0.776	  0.620
	  0.491	  0.586	  0.644
	 -0.864	  0.232	  0.447

3 	  46.27	  -1.27	   0.23
	  0.498	  0.236	  0.834
	 -0.109	  0.971	 -0.211
	 -0.860	  0.015	  0.509

4 	  41.01	   5.61	  -4.43
	  0.504	  0.863	  0.027
	 -0.776	  0.438	  0.454
	  0.381	 -0.250	  0.890

5 	  46.72	   8.33	   6.96
	  0.710	  0.208	  0.673
	 -0.312	 -0.765	  0.563
	  0.634	 -0.607	 -0.479

6 	  55.14	   7.05	  12.46
	  0.650	 -0.109	  0.752
	 -0.021	  0.986	  0.164
	 -0.760	 -0.126	  0.637

7 	  40.99	  -8.56	  -4.50
	  0.546	 -0.838	 -0.032
	  0.682	  0.465	 -0.563
	  0.488	  0.285	  0.825

8 	  47.13	 -11.36	   6.56
	  0.694	 -0.121	  0.709
	  0.606	 -0.434	 -0.667
	  0.390	  0.892	 -0.229

9 	  55.48	  -9.02	  12.20
	  0.739	  0.120	  0.663
	  0.045	  0.972	 -0.228
	 -0.672	  0.201	  0.712

2 	  46.05	  -0.11	  -2.74
	  0.606	 -0.733	  0.307
	  0.602	  0.675	  0.427
	 -0.522	 -0.074	  0.849

3 	  46.23	  -1.23	   0.25
	  0.498	  0.235	  0.834
	 -0.108	  0.971	 -0.210
	 -0.860	  0.015	  0.509

4 	  40.99	   5.61	  -4.43
	  0.500	  0.865	  0.030
	 -0.777	  0.432	  0.456
	  0.383	 -0.251	  0.889

5 	  46.69	   8.31	   6.96
	  0.710	  0.208	  0.673
	 -0.312	 -0.766	  0.562
	  0.634	 -0.607	 -0.479

6 	  55.14	   7.05	  12.46
	  0.650	 -0.110	  0.752
	 -0.021	  0.986	  0.164
	 -0.760	 -0.126	  0.637

7 	  40.99	  -8.56	  -4.50
	  0.548	 -0.836	 -0.032
	  0.681	  0.467	 -0.564
	  0.488	  0.286	  0.824

8 	  47.14	 -11.34	   6.54
	  0.694	 -0.121	  0.709
	  0.606	 -0.433	 -0.666
	  0.390	  0.892	 -0.228

9 	  55.48	  -9.02	  12.18
	  0.738	  0.118	  0.663
	  0.046	  0.973	 -0.226
	 -0.673	  0.200	  0.712

2 	  46.51	   0.12	  -2.06
	  0.436	 -0.822	  0.365
	  0.303	  0.516	  0.801
	 -0.848	 -0.239	  0.473

3 	  46.18	  -1.25	   0.23
	  0.496	  0.235	  0.835
	 -0.101	  0.971	 -0.215
	 -0.862	  0.023	  0.505

4 	  40.94	   5.57	  -4.43
	  0.504	  0.863	  0.031
	 -0.774	  0.434	  0.460
	  0.385	 -0.255	  0.886

5 	  46.67	   8.28	   6.94
	  0.710	  0.208	  0.672
	 -0.310	 -0.766	  0.562
	  0.634	 -0.606	 -0.480

6 	  55.12	   7.07	  12.45
	  0.650	 -0.105	  0.753
	 -0.024	  0.987	  0.160
	 -0.760	 -0.125	  0.637

7 	  40.94	  -8.63	  -4.48
	  0.555	 -0.831	 -0.028
	  0.676	  0.470	 -0.567
	  0.486	  0.295	  0.822

8 	  47.13	 -11.39	   6.56
	  0.695	 -0.120	  0.709
	  0.606	 -0.432	 -0.667
	  0.388	  0.893	 -0.228

9 	  55.48	  -9.04	  12.18
	  0.738	  0.119	  0.663
	  0.044	  0.973	 -0.226
	 -0.673	  0.199	  0.712

2 	  46.07	   0.16	  -2.50
	  0.690	 -0.672	  0.268
	  0.404	  0.664	  0.629
	 -0.602	 -0.326	  0.729

3 	  46.11	  -1.35	   0.25
	  0.500	  0.244	  0.830
	 -0.109	  0.969	 -0.220
	 -0.859	  0.020	  0.511

4 	  40.94	   5.48	  -4.50
	  0.510	  0.860	  0.026
	 -0.769	  0.442	  0.461
	  0.386	 -0.255	  0.886

5 	  46.67	   8.21	   6.87
	  0.710	  0.210	  0.672
	 -0.310	 -0.766	  0.563
	  0.635	 -0.606	 -0.479

6 	  55.11	   7.07	  12.41
	  0.648	 -0.097	  0.755
	 -0.026	  0.988	  0.151
	 -0.762	 -0.121	  0.636

7 	  40.94	  -8.74	  -4.46
	  0.558	 -0.830	 -0.024
	  0.674	  0.468	 -0.571
	  0.486	  0.302	  0.820

8 	  47.13	 -11.43	   6.56
	  0.697	 -0.116	  0.708
	  0.607	 -0.432	 -0.667
	  0.384	  0.894	 -0.231

9 	  55.49	  -9.05	  12.18
	  0.738	  0.119	  0.664
	  0.043	  0.973	 -0.225
	 -0.673	  0.197	  0.712

2 	  44.05	   3.27	  -4.04
	  0.515	 -0.490	  0.703
	  0.418	  0.859	  0.293
	 -0.749	  0.142	  0.647

3 	  46.23	  -1.16	   0.49
	  0.458	  0.266	  0.848
	 -0.139	  0.963	 -0.229
	 -0.878	 -0.012	  0.478

4 	  41.10	   5.57	  -4.50
	  0.534	  0.844	  0.047
	 -0.783	  0.472	  0.406
	  0.322	 -0.253	  0.912

5 	  46.60	   8.02	   6.96
	  0.707	  0.208	  0.676
	 -0.286	 -0.791	  0.540
	  0.649	 -0.573	 -0.500

6 	  55.09	   7.12	  12.43
	  0.655	 -0.087	  0.751
	 -0.055	  0.985	  0.164
	 -0.754	 -0.151	  0.639

7 	  41.24	  -8.31	  -4.62
	  0.553	 -0.832	 -0.041
	  0.689	  0.484	 -0.539
	  0.470	  0.269	  0.840

8 	  47.25	 -11.36	   6.42
	  0.688	 -0.134	  0.713
	  0.614	 -0.417	 -0.670
	  0.388	  0.898	 -0.205

9 	  55.53	  -8.98	  12.18
	  0.732	  0.116	  0.671
	  0.032	  0.978	 -0.207
	 -0.681	  0.176	  0.711

2 	  44.14	   2.79	  -3.71
	  0.302	 -0.379	  0.875
	  0.516	  0.836	  0.184
	 -0.802	  0.396	  0.447

3 	  46.23	  -1.16	   0.49
	  0.457	  0.266	  0.848
	 -0.140	  0.963	 -0.228
	 -0.879	 -0.014	  0.477

4 	  41.10	   5.55	  -4.50
	  0.533	  0.844	  0.046
	 -0.783	  0.471	  0.405
	  0.322	 -0.252	  0.912

5 	  46.60	   8.02	   6.96
	  0.707	  0.209	  0.675
	 -0.283	 -0.793	  0.540
	  0.650	 -0.571	 -0.502

6 	  55.07	   7.14	  12.45
	  0.655	 -0.086	  0.750
	 -0.057	  0.985	  0.164
	 -0.753	 -0.153	  0.640

7 	  41.22	  -8.31	  -4.62
	  0.554	 -0.831	 -0.041
	  0.689	  0.485	 -0.539
	  0.469	  0.270	  0.841

8 	  47.25	 -11.34	   6.42
	  0.689	 -0.134	  0.712
	  0.614	 -0.416	 -0.671
	  0.388	  0.898	 -0.205

9 	  55.53	  -9.00	  12.20
	  0.732	  0.115	  0.671
	  0.032	  0.978	 -0.205
	 -0.681	  0.174	  0.711

2 	  44.07	   3.57	  -4.17
	  0.640	 -0.532	  0.554
	  0.297	  0.836	  0.460
	 -0.709	 -0.130	  0.693

3 	  46.23	  -1.18	   0.49
	  0.457	  0.266	  0.848
	 -0.140	  0.963	 -0.228
	 -0.879	 -0.015	  0.477

4 	  41.10	   5.54	  -4.50
	  0.535	  0.843	  0.044
	 -0.782	  0.474	  0.405
	  0.322	 -0.251	  0.913

5 	  46.58	   8.00	   6.96
	  0.707	  0.209	  0.675
	 -0.284	 -0.792	  0.540
	  0.649	 -0.571	 -0.502

6 	  55.07	   7.10	  12.45
	  0.655	 -0.087	  0.751
	 -0.056	  0.985	  0.164
	 -0.754	 -0.152	  0.639

7 	  41.24	  -8.33	  -4.62
	  0.555	 -0.831	 -0.041
	  0.688	  0.485	 -0.539
	  0.469	  0.270	  0.840

8 	  47.23	 -11.36	   6.43
	  0.688	 -0.134	  0.713
	  0.614	 -0.417	 -0.670
	  0.389	  0.898	 -0.205

9 	  55.53	  -8.98	  12.20
	  0.732	  0.115	  0.671
	  0.031	  0.978	 -0.205
	 -0.681	  0.173	  0.711

2 	  44.38	   3.01	  -3.48
	  0.204	 -0.513	  0.833
	  0.278	  0.846	  0.453
	 -0.939	  0.139	  0.315

3 	  46.23	  -1.30	   0.51
	  0.458	  0.268	  0.848
	 -0.135	  0.963	 -0.232
	 -0.879	 -0.008	  0.476

4 	  41.17	   5.40	  -4.57
	  0.538	  0.842	  0.039
	 -0.787	  0.484	  0.383
	  0.304	 -0.237	  0.922

5 	  46.62	   7.95	   6.91
	  0.706	  0.214	  0.675
	 -0.288	 -0.785	  0.548
	  0.648	 -0.580	 -0.493

6 	  55.05	   7.12	  12.45
	  0.652	 -0.081	  0.753
	 -0.056	  0.986	  0.156
	 -0.756	 -0.146	  0.638

7 	  41.17	  -8.46	  -4.55
	  0.551	 -0.834	 -0.035
	  0.690	  0.477	 -0.544
	  0.472	  0.274	  0.838

8 	  47.21	 -11.44	   6.50
	  0.690	 -0.131	  0.712
	  0.611	 -0.423	 -0.669
	  0.390	  0.896	 -0.213

9 	  55.53	  -9.00	  12.20
	  0.734	  0.119	  0.668
	  0.030	  0.977	 -0.209
	 -0.679	  0.176	  0.713

2 	  43.51	   3.11	  -4.57
	  0.864	 -0.405	  0.298
	  0.421	  0.907	  0.013
	 -0.277	  0.113	  0.954

3 	  46.23	  -1.35	   0.53
	  0.458	  0.268	  0.847
	 -0.133	  0.963	 -0.234
	 -0.879	 -0.005	  0.477

4 	  41.15	   5.36	  -4.54
	  0.543	  0.839	  0.043
	 -0.778	  0.482	  0.401
	  0.317	 -0.251	  0.914

5 	  46.62	   7.93	   6.91
	  0.706	  0.215	  0.675
	 -0.287	 -0.786	  0.548
	  0.649	 -0.578	 -0.493

6 	  55.07	   7.10	  12.43
	  0.653	 -0.079	  0.753
	 -0.057	  0.986	  0.154
	 -0.755	 -0.146	  0.639

7 	  41.17	  -8.49	  -4.55
	  0.551	 -0.834	 -0.035
	  0.690	  0.477	 -0.544
	  0.471	  0.275	  0.838

8 	  47.21	 -11.44	   6.50
	  0.690	 -0.130	  0.712
	  0.612	 -0.422	 -0.669
	  0.389	  0.896	 -0.213

9 	  55.53	  -9.00	  12.20
	  0.734	  0.120	  0.668
	  0.027	  0.977	 -0.209
	 -0.679	  0.174	  0.713

2 	  43.91	   4.45	  -5.22
	  0.665	 -0.591	  0.455
	  0.587	  0.791	  0.172
	 -0.464	  0.152	  0.872

3 	  46.27	  -1.49	   0.53
	  0.460	  0.269	  0.846
	 -0.134	  0.963	 -0.234
	 -0.878	 -0.005	  0.479

4 	  41.13	   5.26	  -4.57
	  0.567	  0.823	  0.029
	 -0.754	  0.504	  0.420
	  0.333	 -0.260	  0.906

5 	  46.60	   7.88	   6.87
	  0.705	  0.222	  0.673
	 -0.282	 -0.785	  0.552
	  0.652	 -0.577	 -0.491

6 	  55.05	   7.10	  12.43
	  0.651	 -0.074	  0.755
	 -0.063	  0.986	  0.152
	 -0.756	 -0.149	  0.637

7 	  41.17	  -8.60	  -4.54
	  0.550	 -0.834	 -0.032
	  0.690	  0.475	 -0.546
	  0.472	  0.278	  0.836

8 	  47.23	 -11.51	   6.52
	  0.692	 -0.127	  0.711
	  0.610	 -0.424	 -0.669
	  0.388	  0.896	 -0.216

9 	  55.55	  -9.02	  12.20
	  0.733	  0.125	  0.668
	  0.010	  0.980	 -0.198
	 -0.680	  0.156	  0.716

2 	  44.28	   4.18	  -4.61
	  0.342	 -0.552	  0.760
	  0.576	  0.762	  0.296
	 -0.744	  0.336	  0.578

3 	  46.27	  -1.46	   0.54
	  0.458	  0.266	  0.848
	 -0.136	  0.963	 -0.230
	 -0.879	 -0.010	  0.477

4 	  41.12	   5.33	  -4.52
	  0.554	  0.831	  0.037
	 -0.765	  0.490	  0.418
	  0.331	 -0.260	  0.907

5 	  46.58	   7.91	   6.93
	  0.707	  0.222	  0.672
	 -0.276	 -0.789	  0.548
	  0.654	 -0.571	 -0.497

6 	  55.05	   7.12	  12.39
	  0.656	 -0.079	  0.750
	 -0.065	  0.984	  0.161
	 -0.752	 -0.157	  0.640

7 	  41.22	  -8.53	  -4.59
	  0.553	 -0.832	 -0.036
	  0.689	  0.480	 -0.543
	  0.470	  0.275	  0.838

8 	  47.23	 -11.48	   6.47
	  0.690	 -0.129	  0.712
	  0.612	 -0.420	 -0.669
	  0.387	  0.897	 -0.211

9 	  55.55	  -8.98	  12.20
	  0.731	  0.123	  0.670
	  0.009	  0.981	 -0.194
	 -0.682	  0.151	  0.715

2 	  43.65	   5.17	  -5.15
	  0.769	 -0.627	  0.120
	  0.558	  0.751	  0.352
	 -0.313	 -0.204	  0.927

3 	  46.27	  -1.37	   0.56
	  0.454	  0.264	  0.851
	 -0.143	  0.964	 -0.224
	 -0.880	 -0.020	  0.475

4 	  41.06	   5.36	  -4.50
	  0.561	  0.827	  0.038
	 -0.770	  0.503	  0.391
	  0.306	 -0.249	  0.919

5 	  46.53	   7.95	   6.94
	  0.708	  0.222	  0.669
	 -0.271	 -0.792	  0.547
	  0.653	 -0.567	 -0.501

6 	  55.05	   7.15	  12.41
	  0.659	 -0.083	  0.747
	 -0.066	  0.983	  0.169
	 -0.749	 -0.163	  0.642

7 	  41.27	  -8.47	  -4.61
	  0.556	 -0.830	 -0.039
	  0.688	  0.485	 -0.539
	  0.468	  0.272	  0.840

8 	  47.27	 -11.46	   6.45
	  0.691	 -0.131	  0.711
	  0.613	 -0.416	 -0.671
	  0.385	  0.899	 -0.207

9 	  55.56	  -8.98	  12.20
	  0.729	  0.122	  0.673
	  0.006	  0.982	 -0.188
	 -0.685	  0.144	  0.714

2 	  43.45	   4.29	  -5.13
	  0.770	 -0.553	  0.317
	  0.615	  0.775	 -0.140
	 -0.170	  0.303	  0.938

3 	  46.27	  -1.35	   0.54
	  0.454	  0.263	  0.851
	 -0.144	  0.964	 -0.222
	 -0.879	 -0.021	  0.476

4 	  41.10	   5.38	  -4.48
	  0.556	  0.830	  0.043
	 -0.773	  0.496	  0.396
	  0.308	 -0.253	  0.917

5 	  46.53	   7.96	   6.98
	  0.709	  0.222	  0.669
	 -0.270	 -0.793	  0.546
	  0.654	 -0.566	 -0.503

6 	  55.04	   7.19	  12.39
	  0.661	 -0.084	  0.746
	 -0.068	  0.983	  0.172
	 -0.748	 -0.167	  0.643

7 	  41.27	  -8.44	  -4.62
	  0.559	 -0.828	 -0.041
	  0.687	  0.489	 -0.537
	  0.467	  0.272	  0.841

8 	  47.29	 -11.44	   6.42
	  0.689	 -0.131	  0.712
	  0.616	 -0.412	 -0.672
	  0.383	  0.901	 -0.204

9 	  55.56	  -8.98	  12.18
	  0.728	  0.120	  0.675
	  0.003	  0.983	 -0.182
	 -0.686	  0.138	  0.714

2 	  44.40	   5.24	  -4.45
	  0.536	 -0.693	  0.483
	  0.279	  0.684	  0.673
	 -0.797	 -0.226	  0.559

3 	  46.30	  -1.32	   0.51
	  0.459	  0.260	  0.849
	 -0.146	  0.965	 -0.218
	 -0.876	 -0.024	  0.481

4 	  41.08	   5.45	  -4.45
	  0.561	  0.827	  0.038
	 -0.765	  0.500	  0.406
	  0.317	 -0.257	  0.913

5 	  46.51	   8.00	   6.96
	  0.710	  0.221	  0.669
	 -0.265	 -0.797	  0.542
	  0.655	 -0.560	 -0.508

6 	  55.04	   7.17	  12.39
	  0.662	 -0.088	  0.744
	 -0.067	  0.982	  0.177
	 -0.746	 -0.169	  0.643

7 	  41.33	  -8.40	  -4.66
	  0.562	 -0.826	 -0.044
	  0.684	  0.493	 -0.537
	  0.466	  0.272	  0.842

8 	  47.30	 -11.43	   6.36
	  0.688	 -0.132	  0.713
	  0.619	 -0.406	 -0.672
	  0.380	  0.903	 -0.198

9 	  55.56	  -8.98	  12.18
	  0.725	  0.119	  0.678
	 -0.001	  0.984	 -0.176
	 -0.689	  0.130	  0.712

2 	  40.45	   6.59	  -4.54
	  0.232	 -0.241	 -0.943
	  0.764	  0.644	  0.023
	  0.602	 -0.726	  0.333

3 	  46.53	  -1.56	   0.60
	  0.459	  0.252	  0.852
	 -0.087	  0.967	 -0.240
	 -0.884	  0.036	  0.465

4 	  41.47	   5.12	  -4.78
	  0.552	  0.833	 -0.010
	 -0.755	  0.504	  0.419
	  0.356	 -0.224	  0.907

5 	  46.72	   8.12	   6.68
	  0.691	  0.242	  0.681
	 -0.287	 -0.775	  0.563
	  0.665	 -0.582	 -0.467

6 	  55.09	   7.24	  12.43
	  0.640	 -0.092	  0.762
	 -0.064	  0.982	  0.174
	 -0.766	 -0.163	  0.622

7 	  41.24	  -8.51	  -4.50
	  0.523	 -0.852	 -0.024
	  0.713	  0.453	 -0.535
	  0.468	  0.262	  0.844

8 	  47.11	 -11.57	   6.61
	  0.692	 -0.139	  0.708
	  0.599	 -0.438	 -0.670
	  0.405	  0.887	 -0.220

9 	  55.53	  -8.98	  12.16
	  0.737	  0.135	  0.661
	 -0.029	  0.985	 -0.171
	 -0.676	  0.110	  0.729

2 	  39.83	   5.62	  -4.54
	  0.140	 -0.424	 -0.895
	  0.280	  0.883	 -0.375
	  0.950	 -0.198	  0.243

3 	  46.49	  -1.63	   0.65
	  0.452	  0.255	  0.854
	 -0.082	  0.966	 -0.246
	 -0.888	  0.041	  0.458

4 	  41.38	   4.97	  -4.82
	  0.549	  0.835	 -0.015
	 -0.755	  0.503	  0.420
	  0.360	 -0.219	  0.907

5 	  46.74	   8.09	   6.68
	  0.691	  0.244	  0.680
	 -0.286	 -0.774	  0.565
	  0.666	 -0.583	 -0.465

6 	  55.11	   7.22	  12.41
	  0.640	 -0.089	  0.763
	 -0.065	  0.983	  0.171
	 -0.766	 -0.161	  0.622

7 	  41.20	  -8.54	  -4.46
	  0.521	 -0.853	 -0.021
	  0.715	  0.449	 -0.536
	  0.468	  0.264	  0.843

8 	  47.09	 -11.58	   6.66
	  0.693	 -0.137	  0.708
	  0.596	 -0.444	 -0.669
	  0.407	  0.884	 -0.227

9 	  55.51	  -9.00	  12.18
	  0.740	  0.136	  0.659
	 -0.028	  0.984	 -0.175
	 -0.673	  0.115	  0.730

2 	  41.34	   6.61	  -4.80
	  0.481	 -0.449	 -0.753
	  0.856	  0.425	  0.293
	  0.189	 -0.786	  0.589

3 	  46.46	  -1.67	   0.70
	  0.449	  0.255	  0.856
	 -0.077	  0.965	 -0.248
	 -0.890	  0.045	  0.453

4 	  41.54	   5.10	  -4.73
	  0.549	  0.836	  0.013
	 -0.757	  0.489	  0.433
	  0.357	 -0.248	  0.901

5 	  46.74	   8.07	   6.68
	  0.690	  0.247	  0.681
	 -0.285	 -0.773	  0.567
	  0.667	 -0.583	 -0.464

6 	  55.11	   7.21	  12.41
	  0.641	 -0.089	  0.762
	 -0.064	  0.983	  0.170
	 -0.766	 -0.160	  0.623

7 	  41.17	  -8.58	  -4.43
	  0.517	 -0.856	 -0.018
	  0.718	  0.444	 -0.535
	  0.468	  0.263	  0.844

8 	  47.07	 -11.58	   6.70
	  0.693	 -0.137	  0.707
	  0.594	 -0.448	 -0.668
	  0.410	  0.883	 -0.229

9 	  55.51	  -9.00	  12.18
	  0.742	  0.137	  0.656
	 -0.026	  0.984	 -0.178
	 -0.671	  0.119	  0.732

2 	  40.90	   6.80	  -4.32
	  0.216	 -0.153	 -0.964
	  0.861	  0.495	  0.115
	  0.460	 -0.855	  0.238

3 	  46.48	  -1.67	   0.67
	  0.452	  0.253	  0.855
	 -0.077	  0.966	 -0.246
	 -0.889	  0.045	  0.456

4 	  41.54	   5.10	  -4.78
	  0.579	  0.815	 -0.013
	 -0.731	  0.525	  0.435
	  0.363	 -0.242	  0.900

5 	  46.76	   8.09	   6.66
	  0.690	  0.248	  0.680
	 -0.288	 -0.769	  0.570
	  0.666	 -0.587	 -0.460

6 	  55.11	   7.24	  12.41
	  0.639	 -0.089	  0.763
	 -0.064	  0.984	  0.169
	 -0.766	 -0.159	  0.622

7 	  41.19	  -8.58	  -4.45
	  0.517	 -0.855	 -0.019
	  0.718	  0.445	 -0.536
	  0.468	  0.263	  0.843

8 	  47.07	 -11.62	   6.68
	  0.693	 -0.137	  0.707
	  0.594	 -0.447	 -0.668
	  0.410	  0.883	 -0.229

9 	  55.51	  -9.02	  12.18
	  0.741	  0.137	  0.656
	 -0.027	  0.984	 -0.178
	 -0.671	  0.118	  0.732

2 	  41.70	   6.79	  -4.82
	  0.474	 -0.504	 -0.721
	  0.878	  0.333	  0.344
	  0.067	 -0.797	  0.601

3 	  46.53	  -1.71	   0.62
	  0.462	  0.250	  0.851
	 -0.072	  0.967	 -0.245
	 -0.884	  0.052	  0.464

4 	  41.59	   5.20	  -4.73
	  0.578	  0.816	  0.005
	 -0.733	  0.515	  0.443
	  0.360	 -0.260	  0.896

5 	  46.78	   8.10	   6.64
	  0.689	  0.248	  0.680
	 -0.291	 -0.768	  0.571
	  0.666	 -0.589	 -0.458

6 	  55.11	   7.21	  12.41
	  0.638	 -0.090	  0.765
	 -0.060	  0.984	  0.168
	 -0.768	 -0.155	  0.621

7 	  41.19	  -8.58	  -4.46
	  0.518	 -0.855	 -0.021
	  0.716	  0.446	 -0.537
	  0.470	  0.262	  0.843

8 	  47.07	 -11.60	   6.66
	  0.693	 -0.136	  0.708
	  0.596	 -0.445	 -0.668
	  0.408	  0.884	 -0.228

9 	  55.51	  -9.00	  12.18
	  0.740	  0.138	  0.658
	 -0.029	  0.984	 -0.177
	 -0.673	  0.115	  0.731

2 	  37.86	   2.48	  -2.48
	 -0.006	 -0.615	 -0.789
	  0.692	  0.567	 -0.446
	  0.721	 -0.549	  0.422

3 	  46.83	  -1.86	   0.88
	  0.432	  0.237	  0.870
	 -0.032	  0.968	 -0.248
	 -0.901	  0.079	  0.426

4 	  41.91	   4.68	  -4.97
	  0.540	  0.836	 -0.093
	 -0.750	  0.527	  0.399
	  0.384	 -0.146	  0.912

5 	  46.90	   8.37	   6.50
	  0.669	  0.285	  0.686
	 -0.276	 -0.763	  0.583
	  0.692	 -0.578	 -0.432

6 	  55.18	   7.33	  12.39
	  0.630	 -0.110	  0.769
	 -0.050	  0.981	  0.184
	 -0.775	 -0.157	  0.612

7 	  41.41	  -8.51	  -4.54
	  0.487	 -0.873	 -0.026
	  0.750	  0.432	 -0.501
	  0.450	  0.224	  0.864

8 	  47.09	 -11.78	   6.68
	  0.690	 -0.145	  0.709
	  0.597	 -0.442	 -0.670
	  0.412	  0.884	 -0.219

9 	  55.55	  -9.02	  12.15
	  0.741	  0.151	  0.653
	 -0.062	  0.985	 -0.162
	 -0.669	  0.084	  0.738

2 	  37.55	   1.53	  -2.30
	  0.171	 -0.782	 -0.599
	  0.226	  0.622	 -0.749
	  0.959	 -0.007	  0.283

3 	  46.83	  -1.90	   0.90
	  0.430	  0.238	  0.871
	 -0.031	  0.968	 -0.250
	 -0.902	  0.080	  0.423

4 	  41.92	   4.68	  -4.96
	  0.540	  0.837	 -0.089
	 -0.751	  0.525	  0.399
	  0.382	 -0.149	  0.912

5 	  46.90	   8.33	   6.50
	  0.669	  0.287	  0.686
	 -0.276	 -0.763	  0.585
	  0.693	 -0.578	 -0.431

6 	  55.18	   7.35	  12.39
	  0.630	 -0.109	  0.769
	 -0.052	  0.982	  0.183
	 -0.775	 -0.157	  0.612

7 	  41.41	  -8.54	  -4.52
	  0.484	 -0.875	 -0.024
	  0.751	  0.429	 -0.501
	  0.450	  0.224	  0.864

8 	  47.07	 -11.81	   6.70
	  0.691	 -0.144	  0.708
	  0.595	 -0.445	 -0.670
	  0.413	  0.883	 -0.222

9 	  55.53	  -9.02	  12.15
	  0.742	  0.152	  0.652
	 -0.061	  0.984	 -0.164
	 -0.668	  0.086	  0.739

2 	  38.07	   1.51	  -2.88
	  0.478	 -0.795	 -0.372
	  0.579	  0.604	 -0.548
	  0.661	  0.046	  0.749

3 	  46.83	  -1.90	   0.90
	  0.430	  0.236	  0.871
	 -0.031	  0.968	 -0.248
	 -0.902	  0.080	  0.424

4 	  41.92	   4.75	  -4.94
	  0.540	  0.838	 -0.081
	 -0.751	  0.522	  0.405
	  0.383	 -0.158	  0.910

5 	  46.90	   8.35	   6.50
	  0.669	  0.287	  0.685
	 -0.275	 -0.763	  0.585
	  0.693	 -0.577	 -0.432

6 	  55.18	   7.37	  12.41
	  0.631	 -0.109	  0.768
	 -0.052	  0.981	  0.184
	 -0.774	 -0.159	  0.612

7 	  41.41	  -8.53	  -4.52
	  0.485	 -0.874	 -0.026
	  0.751	  0.431	 -0.500
	  0.449	  0.222	  0.865

8 	  47.09	 -11.78	   6.68
	  0.691	 -0.144	  0.708
	  0.596	 -0.443	 -0.670
	  0.412	  0.884	 -0.220

9 	  55.53	  -9.02	  12.16
	  0.742	  0.152	  0.653
	 -0.062	  0.985	 -0.162
	 -0.669	  0.084	  0.738

2 	  37.72	   2.51	  -1.92
	 -0.272	 -0.524	 -0.807
	  0.382	  0.711	 -0.590
	  0.883	 -0.469	  0.007

3 	  46.88	  -1.90	   0.84
	  0.438	  0.234	  0.867
	 -0.029	  0.968	 -0.248
	 -0.898	  0.084	  0.431

4 	  41.98	   4.75	  -4.97
	  0.543	  0.837	 -0.071
	 -0.751	  0.520	  0.406
	  0.378	 -0.166	  0.910

5 	  46.92	   8.38	   6.49
	  0.668	  0.286	  0.686
	 -0.277	 -0.762	  0.585
	  0.692	 -0.579	 -0.430

6 	  55.18	   7.35	  12.41
	  0.628	 -0.112	  0.770
	 -0.049	  0.982	  0.184
	 -0.776	 -0.156	  0.611

7 	  41.43	  -8.53	  -4.55
	  0.486	 -0.874	 -0.026
	  0.750	  0.431	 -0.501
	  0.451	  0.223	  0.864

8 	  47.11	 -11.81	   6.68
	  0.689	 -0.143	  0.710
	  0.598	 -0.441	 -0.669
	  0.410	  0.885	 -0.219

9 	  55.55	  -9.02	  12.16
	  0.740	  0.153	  0.654
	 -0.063	  0.985	 -0.162
	 -0.670	  0.083	  0.737

2 	  38.27	   2.43	  -2.78
	  0.279	 -0.614	 -0.738
	  0.755	  0.615	 -0.227
	  0.594	 -0.494	  0.634

3 	  46.92	  -1.95	   0.83
	  0.442	  0.232	  0.866
	 -0.021	  0.968	 -0.249
	 -0.897	  0.091	  0.432

4 	  41.99	   4.68	  -4.97
	  0.551	  0.831	 -0.075
	 -0.744	  0.528	  0.408
	  0.380	 -0.169	  0.909

5 	  46.97	   8.38	   6.45
	  0.665	  0.290	  0.688
	 -0.281	 -0.758	  0.589
	  0.693	 -0.583	 -0.423

6 	  55.20	   7.35	  12.39
	  0.627	 -0.112	  0.771
	 -0.045	  0.982	  0.182
	 -0.778	 -0.151	  0.609

7 	  41.43	  -8.56	  -4.55
	  0.484	 -0.875	 -0.027
	  0.750	  0.430	 -0.503
	  0.453	  0.222	  0.863

8 	  47.11	 -11.85	   6.68
	  0.690	 -0.142	  0.710
	  0.598	 -0.442	 -0.668
	  0.410	  0.885	 -0.220

9 	  55.55	  -9.04	  12.15
	  0.740	  0.155	  0.653
	 -0.064	  0.984	 -0.165
	 -0.670	  0.084	  0.737

2 	  37.90	   4.61	   1.72
	 -0.354	 -0.190	 -0.916
	  0.477	  0.806	 -0.350
	  0.805	 -0.561	 -0.194

3 	  46.99	  -2.04	   0.95
	  0.428	  0.232	  0.873
	 -0.004	  0.967	 -0.255
	 -0.904	  0.106	  0.415

4 	  42.24	   4.45	  -5.15
	  0.536	  0.836	 -0.115
	 -0.750	  0.533	  0.391
	  0.390	 -0.124	  0.912

5 	  47.06	   8.37	   6.29
	  0.654	  0.300	  0.694
	 -0.294	 -0.747	  0.596
	  0.699	 -0.592	 -0.401

6 	  55.20	   7.31	  12.43
	  0.616	 -0.107	  0.780
	 -0.042	  0.984	  0.170
	 -0.787	 -0.140	  0.601

7 	  41.52	  -8.58	  -4.55
	  0.471	 -0.882	 -0.028
	  0.762	  0.421	 -0.493
	  0.448	  0.210	  0.869

8 	  47.07	 -11.94	   6.73
	  0.687	 -0.147	  0.711
	  0.598	 -0.443	 -0.668
	  0.415	  0.883	 -0.217

9 	  55.53	  -9.04	  12.16
	  0.743	  0.164	  0.648
	 -0.071	  0.983	 -0.171
	 -0.667	  0.086	  0.740

2 	  37.71	   3.92	   1.86
	 -0.235	 -0.279	 -0.931
	  0.101	  0.946	 -0.309
	  0.967	 -0.166	 -0.193

3 	  47.06	  -2.06	   0.90
	  0.438	  0.230	  0.869
	 -0.000	  0.966	 -0.256
	 -0.899	  0.112	  0.422

4 	  42.24	   4.43	  -5.19
	  0.533	  0.838	 -0.118
	 -0.749	  0.531	  0.396
	  0.396	 -0.123	  0.910

5 	  47.09	   8.35	   6.26
	  0.654	  0.299	  0.695
	 -0.298	 -0.744	  0.598
	  0.698	 -0.595	 -0.398

6 	  55.21	   7.29	  12.41
	  0.613	 -0.107	  0.782
	 -0.039	  0.985	  0.167
	 -0.789	 -0.136	  0.599

7 	  41.52	  -8.60	  -4.55
	  0.472	 -0.881	 -0.028
	  0.760	  0.421	 -0.495
	  0.449	  0.211	  0.868

8 	  47.09	 -11.95	   6.71
	  0.687	 -0.146	  0.712
	  0.599	 -0.443	 -0.667
	  0.414	  0.884	 -0.217

9 	  55.53	  -9.04	  12.15
	  0.742	  0.165	  0.649
	 -0.072	  0.983	 -0.172
	 -0.667	  0.085	  0.740

2 	  38.09	   4.36	   0.60
	  0.413	 -0.224	 -0.883
	  0.411	  0.911	 -0.039
	  0.813	 -0.346	  0.467

3 	  47.04	  -2.07	   0.90
	  0.435	  0.230	  0.870
	 -0.001	  0.967	 -0.255
	 -0.901	  0.110	  0.421

4 	  42.26	   4.43	  -5.17
	  0.535	  0.836	 -0.118
	 -0.748	  0.533	  0.396
	  0.396	 -0.123	  0.910

5 	  47.07	   8.35	   6.24
	  0.654	  0.299	  0.695
	 -0.297	 -0.744	  0.598
	  0.698	 -0.595	 -0.398

6 	  55.20	   7.29	  12.41
	  0.613	 -0.106	  0.782
	 -0.040	  0.985	  0.167
	 -0.789	 -0.137	  0.599

7 	  41.50	  -8.60	  -4.57
	  0.471	 -0.882	 -0.028
	  0.760	  0.421	 -0.494
	  0.449	  0.211	  0.868

8 	  47.07	 -11.95	   6.71
	  0.687	 -0.146	  0.712
	  0.598	 -0.443	 -0.668
	  0.415	  0.883	 -0.217

9 	  55.53	  -9.04	  12.15
	  0.743	  0.165	  0.649
	 -0.072	  0.983	 -0.171
	 -0.667	  0.085	  0.740

2 	  38.06	   4.82	   1.95
	 -0.339	  0.094	 -0.936
	  0.578	  0.806	 -0.128
	  0.743	 -0.584	 -0.327

3 	  47.00	  -2.04	   0.93
	  0.429	  0.230	  0.873
	 -0.004	  0.967	 -0.254
	 -0.903	  0.106	  0.416

4 	  42.21	   4.46	  -5.13
	  0.530	  0.840	 -0.115
	 -0.751	  0.527	  0.397
	  0.396	 -0.124	  0.910

5 	  47.07	   8.38	   6.29
	  0.655	  0.299	  0.694
	 -0.294	 -0.747	  0.596
	  0.698	 -0.592	 -0.402

6 	  55.21	   7.31	  12.41
