2 	  32.82	  -8.19	  22.73
	  0.843	  0.537	 -0.024
	 -0.539	  0.841	 -0.044
	 -0.002	  0.049	  0.998

3 	  42.70	  -0.83	   1.81
	  0.310	  0.314	  0.897
	  0.007	  0.943	 -0.333
	 -0.951	  0.110	  0.290

4 	  38.83	   5.15	  -3.69
	  0.767	  0.641	 -0.000
	 -0.624	  0.746	  0.232
	  0.149	 -0.178	  0.972

5 	  40.89	   8.26	   3.94
	  0.419	  0.289	  0.861
	 -0.853	 -0.201	  0.481
	  0.312	 -0.936	  0.163

6 	  48.23	   0.74	   8.53
	  0.426	 -0.892	 -0.147
	 -0.051	 -0.187	  0.981
	 -0.903	 -0.410	 -0.126

7 	  37.35	  -7.08	  -3.06
	  0.666	 -0.739	 -0.096
	  0.663	  0.646	 -0.378
	  0.342	  0.188	  0.921

8 	  40.85	  -9.67	   5.99
	  0.566	 -0.035	  0.823
	  0.775	 -0.318	 -0.545
	  0.281	  0.947	 -0.153

9 	  46.60	  -0.93	   5.12
	  0.243	  0.899	 -0.363
	 -0.841	  0.008	 -0.540
	 -0.484	  0.435	  0.759

2 	  32.84	  -8.17	  22.73
	  0.843	  0.537	 -0.024
	 -0.539	  0.841	 -0.044
	 -0.002	  0.049	  0.998

3 	  42.71	  -0.77	   1.81
	  0.311	  0.310	  0.898
	  0.004	  0.945	 -0.328
	 -0.950	  0.105	  0.292

4 	  38.85	   5.31	  -3.60
	  0.761	  0.648	  0.033
	 -0.637	  0.736	  0.229
	  0.125	 -0.195	  0.973

5 	  40.82	   8.26	   4.15
	  0.416	  0.251	  0.874
	 -0.861	 -0.201	  0.467
	  0.294	 -0.947	  0.133

6 	  48.27	   0.76	   8.54
	  0.443	 -0.877	 -0.187
	 -0.030	 -0.224	  0.974
	 -0.896	 -0.426	 -0.126

7 	  37.46	  -7.01	  -3.06
	  0.676	 -0.730	 -0.093
	  0.652	  0.653	 -0.386
	  0.343	  0.200	  0.917

8 	  40.83	  -9.53	   5.99
	  0.528	 -0.056	  0.847
	  0.797	 -0.313	 -0.517
	  0.294	  0.948	 -0.121

9 	  46.69	  -0.98	   5.22
	  0.256	  0.897	 -0.359
	 -0.820	  0.004	 -0.572
	 -0.513	  0.439	  0.737

2 	  32.82	  -8.17	  22.73
	  0.843	  0.538	 -0.023
	 -0.540	  0.841	 -0.044
	 -0.003	  0.049	  0.999

3 	  42.77	  -0.70	   1.79
	  0.312	  0.306	  0.899
	  0.000	  0.947	 -0.322
	 -0.950	  0.101	  0.295

4 	  38.90	   5.34	  -3.60
	  0.760	  0.649	  0.036
	 -0.639	  0.734	  0.228
	  0.122	 -0.196	  0.973

5 	  40.82	   8.26	   4.17
	  0.414	  0.247	  0.876
	 -0.864	 -0.199	  0.463
	  0.289	 -0.948	  0.131

6 	  48.30	   0.70	   8.49
	  0.444	 -0.875	 -0.192
	 -0.022	 -0.225	  0.974
	 -0.896	 -0.428	 -0.120

7 	  37.48	  -7.03	  -3.06
	  0.677	 -0.730	 -0.094
	  0.651	  0.653	 -0.387
	  0.344	  0.201	  0.917

8 	  40.85	  -9.60	   6.01
	  0.525	 -0.061	  0.848
	  0.798	 -0.311	 -0.516
	  0.296	  0.948	 -0.115

9 	  46.71	  -1.02	   5.22
	  0.253	  0.899	 -0.356
	 -0.823	  0.004	 -0.569
	 -0.511	  0.435	  0.741

2 	  32.82	  -8.17	  22.73
	  0.843	  0.538	 -0.023
	 -0.540	  0.841	 -0.044
	 -0.003	  0.049	  0.999

3 	  42.84	  -0.74	   1.74
	  0.321	  0.302	  0.897
	 -0.003	  0.948	 -0.318
	 -0.947	  0.099	  0.305

4 	  38.92	   5.34	  -3.62
	  0.760	  0.649	  0.035
	 -0.639	  0.735	  0.225
	  0.120	 -0.194	  0.974

5 	  40.90	   8.19	   4.17
	  0.418	  0.236	  0.877
	 -0.865	 -0.190	  0.463
	  0.277	 -0.953	  0.124

6 	  48.43	   0.62	   8.30
	  0.444	 -0.870	 -0.212
	  0.017	 -0.229	  0.973
	 -0.896	 -0.436	 -0.087

7 	  37.48	  -7.07	  -3.04
	  0.675	 -0.731	 -0.096
	  0.650	  0.651	 -0.392
	  0.349	  0.202	  0.915

8 	  40.87	  -9.62	   6.01
	  0.526	 -0.065	  0.848
	  0.796	 -0.313	 -0.517
	  0.299	  0.947	 -0.113

9 	  46.71	  -1.14	   4.99
	  0.250	  0.895	 -0.370
	 -0.843	  0.012	 -0.538
	 -0.478	  0.444	  0.757

2 	  32.82	  -8.17	  22.73
	  0.843	  0.538	 -0.024
	 -0.539	  0.841	 -0.044
	 -0.002	  0.049	  0.998

3 	  42.86	  -0.76	   1.71
	  0.323	  0.302	  0.897
	 -0.003	  0.948	 -0.318
	 -0.947	  0.100	  0.307

4 	  38.88	   5.33	  -3.62
	  0.760	  0.649	  0.040
	 -0.640	  0.735	  0.224
	  0.116	 -0.197	  0.973

5 	  40.90	   8.16	   4.25
	  0.416	  0.217	  0.883
	 -0.870	 -0.189	  0.455
	  0.266	 -0.958	  0.111

6 	  48.52	   0.60	   8.17
	  0.460	 -0.855	 -0.238
	  0.082	 -0.228	  0.970
	 -0.885	 -0.465	 -0.036

7 	  37.44	  -7.08	  -3.02
	  0.673	 -0.733	 -0.096
	  0.651	  0.649	 -0.392
	  0.350	  0.201	  0.914

8 	  40.89	  -9.63	   6.01
	  0.526	 -0.071	  0.847
	  0.797	 -0.308	 -0.520
	  0.299	  0.948	 -0.105

9 	  46.85	  -1.25	   4.83
	  0.256	  0.879	 -0.401
	 -0.845	  0.000	 -0.535
	 -0.472	  0.475	  0.743

2 	  32.82	  -8.17	  22.73
	  0.842	  0.538	 -0.024
	 -0.540	  0.840	 -0.044
	 -0.002	  0.049	  0.998

3 	  42.84	  -0.74	   1.71
	  0.324	  0.300	  0.897
	 -0.004	  0.948	 -0.316
	 -0.946	  0.099	  0.308

4 	  38.88	   5.47	  -3.55
	  0.746	  0.662	  0.066
	 -0.657	  0.716	  0.234
	  0.108	 -0.219	  0.970

5 	  40.73	   8.03	   4.54
	  0.395	  0.166	  0.903
	 -0.878	 -0.223	  0.424
	  0.272	 -0.961	  0.058

6 	  48.76	   1.04	   7.59
	  0.542	 -0.785	 -0.301
	  0.323	 -0.139	  0.936
	 -0.778	 -0.603	  0.177

7 	  37.46	  -7.10	  -2.99
	  0.672	 -0.734	 -0.093
	  0.651	  0.646	 -0.397
	  0.351	  0.206	  0.913

8 	  40.78	  -9.49	   6.17
	  0.519	 -0.055	  0.853
	  0.794	 -0.338	 -0.505
	  0.316	  0.939	 -0.131

9 	  47.57	  -2.25	   4.45
	  0.400	  0.745	 -0.533
	 -0.814	  0.019	 -0.581
	 -0.425	  0.665	  0.615

2 	  32.82	  -8.19	  22.73
	  0.843	  0.537	 -0.023
	 -0.539	  0.841	 -0.044
	 -0.003	  0.049	  0.999

3 	  42.80	  -0.72	   1.74
	  0.349	  0.286	  0.892
	 -0.034	  0.955	 -0.293
	 -0.937	  0.072	  0.343

4 	  38.85	   5.66	  -3.46
	  0.699	  0.706	  0.109
	 -0.709	  0.664	  0.236
	  0.094	 -0.243	  0.965

5 	  40.31	   7.86	   4.87
	  0.378	  0.098	  0.921
	 -0.866	 -0.314	  0.388
	  0.328	 -0.944	 -0.033

6 	  49.25	   2.55	   7.15
	  0.691	 -0.610	 -0.387
	  0.394	 -0.136	  0.909
	 -0.611	 -0.778	  0.144

7 	  37.46	  -7.17	  -2.95
	  0.663	 -0.744	 -0.083
	  0.656	  0.631	 -0.414
	  0.360	  0.220	  0.906

8 	  40.45	  -9.39	   6.38
	  0.505	 -0.038	  0.862
	  0.771	 -0.429	 -0.470
	  0.388	  0.902	 -0.187

9 	  48.43	  -4.06	   4.04
	  0.563	  0.555	 -0.612
	 -0.785	  0.127	 -0.606
	 -0.261	  0.821	  0.508

2 	  32.82	  -8.17	  22.73
	  0.843	  0.538	 -0.023
	 -0.540	  0.841	 -0.044
	 -0.002	  0.049	  0.999

3 	  42.77	  -0.65	   1.72
	  0.365	  0.276	  0.889
	 -0.068	  0.960	 -0.272
	 -0.929	  0.039	  0.369

4 	  38.90	   5.91	  -3.43
	  0.641	  0.755	  0.140
	 -0.763	  0.605	  0.227
	  0.087	 -0.252	  0.964

5 	  39.90	   7.86	   5.12
	  0.349	  0.057	  0.935
	 -0.840	 -0.425	  0.338
	  0.417	 -0.903	 -0.100

6 	  49.57	   4.39	   7.14
	  0.803	 -0.390	 -0.450
	  0.432	 -0.143	  0.890
	 -0.416	 -0.908	  0.052

7 	  37.49	  -7.22	  -2.94
	  0.650	 -0.757	 -0.075
	  0.666	  0.614	 -0.424
	  0.367	  0.225	  0.902

8 	  40.25	  -9.23	   6.57
	  0.490	 -0.006	  0.872
	  0.762	 -0.482	 -0.432
	  0.423	  0.876	 -0.231

9 	  49.13	  -5.77	   4.34
	  0.697	  0.343	 -0.630
	 -0.699	  0.127	 -0.704
	 -0.165	  0.930	  0.328

2 	  32.82	  -8.17	  22.73
	  0.842	  0.538	 -0.023
	 -0.540	  0.840	 -0.044
	 -0.003	  0.049	  0.999

3 	  42.77	  -0.58	   1.67
	  0.378	  0.266	  0.886
	 -0.098	  0.963	 -0.249
	 -0.921	  0.007	  0.390

4 	  38.92	   6.15	  -3.23
	  0.599	  0.779	  0.188
	 -0.798	  0.560	  0.221
	  0.067	 -0.283	  0.957

5 	  39.73	   7.80	   5.41
	  0.347	  0.013	  0.938
	 -0.817	 -0.487	  0.309
	  0.461	 -0.873	 -0.158

6 	  49.66	   6.28	   7.15
	  0.849	 -0.157	 -0.504
	  0.470	 -0.214	  0.856
	 -0.247	 -0.963	 -0.110

7 	  37.55	  -7.21	  -2.94
	  0.646	 -0.760	 -0.069
	  0.669	  0.607	 -0.428
	  0.367	  0.230	  0.901

8 	  40.15	  -9.09	   6.68
	  0.481	  0.034	  0.876
	  0.761	 -0.512	 -0.398
	  0.436	  0.858	 -0.272

9 	  49.66	  -7.80	   5.17
	  0.810	  0.102	 -0.577
	 -0.586	  0.091	 -0.805
	 -0.032	  0.990	  0.133

2 	  32.82	  -8.17	  22.73
	  0.843	  0.538	 -0.024
	 -0.539	  0.841	 -0.044
	 -0.002	  0.049	  0.998

3 	  42.75	  -0.49	   1.67
	  0.378	  0.253	  0.890
	 -0.106	  0.967	 -0.230
	 -0.920	 -0.008	  0.391

4 	  38.79	   6.36	  -3.06
	  0.544	  0.808	  0.225
	 -0.838	  0.506	  0.203
	  0.050	 -0.299	  0.953

5 	  39.29	   7.70	   5.66
	  0.340	 -0.025	  0.940
	 -0.765	 -0.590	  0.260
	  0.549	 -0.807	 -0.218

6 	  49.31	   8.38	   7.72
	  0.865	  0.089	 -0.494
	  0.499	 -0.277	  0.821
	 -0.067	 -0.956	 -0.285

7 	  37.62	  -7.26	  -2.90
	  0.625	 -0.780	 -0.039
	  0.694	  0.577	 -0.431
	  0.359	  0.242	  0.901

8 	  39.85	  -9.05	   6.86
	  0.475	  0.051	  0.878
	  0.720	 -0.597	 -0.354
	  0.508	  0.800	 -0.320

9 	  49.39	 -10.20	   5.98
	  0.835	 -0.166	 -0.524
	 -0.526	  0.044	 -0.850
	  0.164	  0.985	 -0.050

2 	  32.82	  -8.17	  22.73
	  0.842	  0.538	 -0.023
	 -0.540	  0.840	 -0.044
	 -0.003	  0.049	  0.999

3 	  42.70	  -0.44	   1.67
	  0.373	  0.240	  0.896
	 -0.113	  0.970	 -0.214
	 -0.921	 -0.021	  0.389

4 	  38.74	   6.57	  -2.74
	  0.512	  0.817	  0.263
	 -0.859	  0.479	  0.182
	  0.023	 -0.320	  0.947

5 	  38.87	   7.68	   6.12
	  0.325	 -0.088	  0.941
	 -0.706	 -0.686	  0.179
	  0.630	 -0.722	 -0.284

6 	  48.74	   9.90	   8.61
	  0.847	  0.271	 -0.457
	  0.524	 -0.275	  0.806
	  0.091	 -0.922	 -0.376

7 	  37.65	  -7.40	  -2.85
	  0.594	 -0.804	  0.019
	  0.737	  0.535	 -0.412
	  0.321	  0.259	  0.911

8 	  39.53	  -8.91	   7.07
	  0.469	  0.085	  0.879
	  0.667	 -0.687	 -0.289
	  0.580	  0.721	 -0.378

9 	  48.73	 -11.81	   6.56
	  0.794	 -0.364	 -0.486
	 -0.516	  0.023	 -0.857
	  0.324	  0.931	 -0.168

2 	  32.82	  -8.17	  22.73
	  0.843	  0.538	 -0.024
	 -0.539	  0.841	 -0.044
	 -0.002	  0.049	  0.998

3 	  42.68	  -0.37	   1.53
	  0.372	  0.234	  0.898
	 -0.128	  0.971	 -0.201
	 -0.919	 -0.040	  0.391

4 	  38.69	   6.66	  -2.53
	  0.498	  0.820	  0.282
	 -0.867	  0.467	  0.172
	  0.009	 -0.331	  0.943

5 	  38.55	   7.51	   6.29
	  0.322	 -0.133	  0.937
	 -0.644	 -0.756	  0.113
	  0.695	 -0.640	 -0.328

6 	  48.43	  10.63	   9.16
	  0.820	  0.379	 -0.428
	  0.561	 -0.386	  0.733
	  0.110	 -0.841	 -0.529

7 	  37.71	  -7.51	  -3.02
	  0.557	 -0.828	  0.066
	  0.783	  0.498	 -0.373
	  0.276	  0.260	  0.925

8 	  39.13	  -8.79	   7.10
	  0.473	  0.085	  0.877
	  0.572	 -0.786	 -0.231
	  0.671	  0.611	 -0.420

9 	  48.08	 -13.04	   7.45
	  0.765	 -0.490	 -0.417
	 -0.521	 -0.089	 -0.849
	  0.380	  0.866	 -0.323

2 	  32.82	  -8.17	  22.73
	  0.843	  0.538	 -0.023
	 -0.540	  0.841	 -0.044
	 -0.002	  0.049	  0.999

3 	  42.71	  -0.40	   1.39
	  0.381	  0.224	  0.897
	 -0.125	  0.974	 -0.191
	 -0.917	 -0.039	  0.398

4 	  38.50	   6.71	  -2.44
	  0.464	  0.838	  0.288
	 -0.886	  0.435	  0.158
	  0.006	 -0.329	  0.944

5 	  38.21	   7.35	   6.38
	  0.327	 -0.150	  0.933
	 -0.552	 -0.832	  0.059
	  0.768	 -0.534	 -0.354

6 	  48.13	  11.34	   9.90
	  0.796	  0.485	 -0.361
	  0.592	 -0.504	  0.629
	  0.121	 -0.715	 -0.689

7 	  37.69	  -7.58	  -3.06
	  0.522	 -0.845	  0.112
	  0.819	  0.461	 -0.340
	  0.235	  0.269	  0.933

8 	  38.72	  -8.56	   7.17
	  0.488	  0.098	  0.867
	  0.454	 -0.877	 -0.156
	  0.746	  0.469	 -0.472

9 	  47.30	 -14.24	   8.75
	  0.688	 -0.651	 -0.322
	 -0.638	 -0.328	 -0.697
	  0.348	  0.684	 -0.641

2 	  32.82	  -8.17	  22.73
	  0.843	  0.538	 -0.023
	 -0.540	  0.841	 -0.044
	 -0.003	  0.049	  0.999

3 	  42.71	  -0.33	   1.16
	  0.401	  0.206	  0.892
	 -0.142	  0.976	 -0.162
	 -0.905	 -0.062	  0.420

4 	  38.20	   6.75	  -2.37
	  0.434	  0.853	  0.288
	 -0.901	  0.406	  0.156
	  0.016	 -0.328	  0.944

5 	  37.90	   7.29	   6.47
	  0.340	 -0.143	  0.929
	 -0.475	 -0.879	  0.037
	  0.812	 -0.453	 -0.367

6 	  47.79	  11.62	  10.05
	  0.776	  0.529	 -0.342
	  0.621	 -0.553	  0.554
	  0.101	 -0.643	 -0.759

7 	  37.67	  -7.68	  -2.92
	  0.492	 -0.854	  0.170
	  0.848	  0.426	 -0.314
	  0.195	  0.299	  0.934

8 	  38.50	  -8.33	   7.35
	  0.500	  0.107	  0.859
	  0.363	 -0.927	 -0.094
	  0.787	  0.358	 -0.502

9 	  46.44	 -15.03	   9.47
	  0.593	 -0.756	 -0.277
	 -0.720	 -0.343	 -0.603
	  0.361	  0.557	 -0.748

2 	  32.82	  -8.17	  22.73
	  0.843	  0.538	 -0.023
	 -0.540	  0.841	 -0.044
	 -0.003	  0.049	  0.999

3 	  42.68	  -0.28	   1.02
	  0.411	  0.199	  0.890
	 -0.142	  0.978	 -0.154
	 -0.901	 -0.063	  0.429

4 	  38.02	   6.79	  -2.41
	  0.418	  0.862	  0.286
	 -0.908	  0.386	  0.161
	  0.028	 -0.328	  0.944

5 	  37.67	   7.19	   6.43
	  0.341	 -0.142	  0.929
	 -0.411	 -0.911	  0.010
	  0.846	 -0.385	 -0.369

6 	  47.53	  11.83	  10.71
	  0.782	  0.560	 -0.273
	  0.607	 -0.587	  0.535
	  0.137	 -0.584	 -0.800

7 	  37.55	  -7.68	  -2.92
	  0.461	 -0.866	  0.193
	  0.869	  0.396	 -0.297
	  0.181	  0.304	  0.935

8 	  38.20	  -8.21	   7.40
	  0.504	  0.088	  0.859
	  0.278	 -0.958	 -0.064
	  0.818	  0.270	 -0.507

9 	  45.77	 -15.49	   9.47
	  0.536	 -0.798	 -0.274
	 -0.756	 -0.308	 -0.578
	  0.378	  0.517	 -0.768

2 	  32.82	  -8.17	  22.75
	  0.843	  0.538	 -0.023
	 -0.540	  0.841	 -0.044
	 -0.003	  0.049	  0.999

3 	  42.61	  -0.26	   0.90
	  0.422	  0.189	  0.886
	 -0.141	  0.979	 -0.143
	 -0.896	 -0.065	  0.439

4 	  37.86	   6.86	  -2.36
	  0.405	  0.867	  0.290
	 -0.913	  0.370	  0.168
	  0.037	 -0.334	  0.942

5 	  37.55	   7.12	   6.52
	  0.346	 -0.143	  0.927
	 -0.381	 -0.925	 -0.002
	  0.858	 -0.352	 -0.374

6 	  47.43	  11.85	  10.86
	  0.781	  0.567	 -0.262
	  0.609	 -0.596	  0.523
	  0.138	 -0.568	 -0.812

7 	  37.49	  -7.68	  -2.88
	  0.455	 -0.869	  0.197
	  0.873	  0.390	 -0.293
	  0.177	  0.305	  0.936

8 	  38.13	  -8.23	   7.37
	  0.503	  0.072	  0.861
	  0.243	 -0.968	 -0.060
	  0.830	  0.239	 -0.504

9 	  45.65	 -15.64	   9.51
	  0.503	 -0.819	 -0.276
	 -0.815	 -0.344	 -0.466
	  0.287	  0.459	 -0.840

2 	  32.82	  -8.16	  22.75
	  0.842	  0.538	 -0.023
	 -0.540	  0.840	 -0.044
	 -0.003	  0.049	  0.999

3 	  42.56	  -0.23	   0.90
	  0.426	  0.190	  0.884
	 -0.162	  0.978	 -0.133
	 -0.890	 -0.086	  0.447

4 	  37.67	   6.80	  -2.34
	  0.388	  0.875	  0.287
	 -0.920	  0.350	  0.175
	  0.052	 -0.333	  0.941

5 	  37.35	   6.94	   6.52
	  0.354	 -0.143	  0.924
	 -0.335	 -0.942	 -0.019
	  0.873	 -0.302	 -0.381

6 	  47.11	  12.11	  11.09
	  0.765	  0.600	 -0.233
	  0.622	 -0.593	  0.511
	  0.167	 -0.536	 -0.828

7 	  37.49	  -7.75	  -2.90
	  0.454	 -0.868	  0.200
	  0.874	  0.390	 -0.290
	  0.174	  0.307	  0.936

8 	  38.11	  -8.28	   7.37
	  0.501	  0.065	  0.863
	  0.222	 -0.974	 -0.054
	  0.837	  0.218	 -0.502

9 	  45.47	 -15.84	   9.97
	  0.488	 -0.845	 -0.215
	 -0.836	 -0.382	 -0.394
	  0.250	  0.373	 -0.894

2 	  32.82	  -8.17	  22.75
	  0.843	  0.538	 -0.023
	 -0.540	  0.841	 -0.044
	 -0.003	  0.049	  0.999

3 	  42.50	  -0.26	   0.84
	  0.427	  0.187	  0.884
	 -0.171	  0.977	 -0.125
	 -0.888	 -0.098	  0.448

4 	  37.55	   6.75	  -2.34
	  0.379	  0.879	  0.291
	 -0.924	  0.339	  0.177
	  0.056	 -0.336	  0.940

5 	  37.20	   6.87	   6.50
	  0.354	 -0.144	  0.924
	 -0.309	 -0.951	 -0.031
	  0.883	 -0.274	 -0.380

6 	  46.97	  12.13	  11.34
	  0.763	  0.612	 -0.208
	  0.619	 -0.600	  0.506
	  0.183	 -0.515	 -0.837

7 	  37.48	  -7.79	  -2.90
	  0.452	 -0.869	  0.201
	  0.875	  0.390	 -0.286
	  0.170	  0.305	  0.937

8 	  38.00	  -8.30	   7.37
	  0.488	  0.062	  0.870
	  0.196	 -0.980	 -0.039
	  0.851	  0.189	 -0.490

9 	  45.19	 -16.01	  10.04
	  0.496	 -0.839	 -0.221
	 -0.795	 -0.336	 -0.505
	  0.350	  0.427	 -0.834

2 	  32.80	  -8.17	  22.73
	  0.842	  0.538	 -0.023
	 -0.540	  0.840	 -0.044
	 -0.003	  0.049	  0.999

3 	  42.49	  -0.26	   0.81
	  0.423	  0.187	  0.886
	 -0.181	  0.976	 -0.121
	 -0.888	 -0.109	  0.446

4 	  37.46	   6.73	  -2.32
	  0.366	  0.883	  0.294
	 -0.929	  0.326	  0.174
	  0.058	 -0.338	  0.939

5 	  37.05	   6.82	   6.56
	  0.351	 -0.144	  0.925
	 -0.271	 -0.961	 -0.048
	  0.897	 -0.233	 -0.376

6 	  46.71	  12.25	  11.44
	  0.751	  0.628	 -0.203
	  0.629	 -0.587	  0.509
	  0.199	 -0.510	 -0.837

7 	  37.46	  -7.82	  -2.88
	  0.448	 -0.870	  0.205
	  0.878	  0.385	 -0.284
	  0.168	  0.307	  0.937

8 	  37.95	  -8.30	   7.40
	  0.480	  0.052	  0.875
	  0.180	 -0.983	 -0.039
	  0.859	  0.175	 -0.481

9 	  44.95	 -16.17	   9.70
	  0.486	 -0.836	 -0.256
	 -0.782	 -0.285	 -0.554
	  0.390	  0.469	 -0.792

2 	  32.80	  -8.17	  22.73
	  0.843	  0.537	 -0.023
	 -0.539	  0.841	 -0.044
	 -0.003	  0.049	  0.999

3 	  42.47	  -0.25	   0.81
	  0.423	  0.186	  0.886
	 -0.181	  0.976	 -0.120
	 -0.888	 -0.109	  0.446

4 	  37.44	   6.75	  -2.30
	  0.365	  0.882	  0.296
	 -0.929	  0.325	  0.177
	  0.059	 -0.340	  0.938

5 	  37.05	   6.79	   6.56
	  0.350	 -0.144	  0.925
	 -0.265	 -0.963	 -0.051
	  0.899	 -0.227	 -0.375

6 	  46.63	  12.27	  11.53
	  0.751	  0.631	 -0.195
	  0.628	 -0.590	  0.507
	  0.203	 -0.503	 -0.840

7 	  37.42	  -7.86	  -2.85
	  0.443	 -0.871	  0.211
	  0.881	  0.378	 -0.285
	  0.168	  0.312	  0.935

8 	  37.81	  -8.26	   7.44
	  0.473	  0.040	  0.880
	  0.137	 -0.990	 -0.028
	  0.870	  0.133	 -0.474

9 	  44.65	 -16.31	   9.95
	  0.468	 -0.852	 -0.236
	 -0.792	 -0.285	 -0.540
	  0.393	  0.439	 -0.808

2 	  32.82	  -8.17	  22.73
	  0.843	  0.538	 -0.023
	 -0.540	  0.841	 -0.044
	 -0.003	  0.049	  0.999

3 	  42.43	  -0.28	   0.79
	  0.425	  0.184	  0.886
	 -0.174	  0.977	 -0.120
	 -0.889	 -0.103	  0.447

4 	  37.41	   6.71	  -2.30
	  0.363	  0.884	  0.294
	 -0.930	  0.323	  0.176
	  0.060	 -0.337	  0.939

5 	  36.97	   6.73	   6.54
	  0.350	 -0.140	  0.926
	 -0.243	 -0.968	 -0.055
	  0.905	 -0.205	 -0.373

6 	  46.58	  12.22	  11.62
	  0.753	  0.631	 -0.184
	  0.625	 -0.603	  0.495
	  0.201	 -0.488	 -0.849

7 	  37.28	  -7.89	  -2.81
	  0.424	 -0.878	  0.220
	  0.889	  0.357	 -0.285
	  0.171	  0.317	  0.933

8 	  37.67	  -8.23	   7.45
	  0.472	  0.020	  0.881
	  0.086	 -0.996	 -0.022
	  0.877	  0.085	 -0.472

9 	  44.17	 -16.63	  10.32
	  0.429	 -0.881	 -0.200
	 -0.811	 -0.278	 -0.515
	  0.398	  0.382	 -0.833

2 	  32.82	  -8.17	  22.75
	  0.843	  0.538	 -0.023
	 -0.540	  0.841	 -0.044
	 -0.003	  0.049	  0.999

3 	  42.38	  -0.33	   0.79
	  0.427	  0.184	  0.885
	 -0.168	  0.978	 -0.123
	 -0.889	 -0.095	  0.448

4 	  37.34	   6.64	  -2.34
	  0.358	  0.887	  0.289
	 -0.931	  0.318	  0.177
	  0.065	 -0.333	  0.940

5 	  36.88	   6.68	   6.54
	  0.351	 -0.136	  0.926
	 -0.226	 -0.972	 -0.058
	  0.909	 -0.189	 -0.371

6 	  46.49	  12.25	  11.74
	  0.754	  0.636	 -0.163
	  0.620	 -0.608	  0.496
	  0.215	 -0.475	 -0.853

7 	  37.21	  -7.95	  -2.78
	  0.411	 -0.883	  0.226
	  0.895	  0.344	 -0.282
	  0.172	  0.318	  0.932

8 	  37.55	  -8.24	   7.49
	  0.468	  0.012	  0.884
	  0.054	 -0.998	 -0.015
	  0.882	  0.054	 -0.467

9 	  43.91	 -16.79	  10.53
	  0.423	 -0.888	 -0.181
	 -0.803	 -0.275	 -0.529
	  0.420	  0.369	 -0.829

2 	  32.82	  -8.16	  22.75
	  0.842	  0.538	 -0.023
	 -0.540	  0.840	 -0.044
	 -0.003	  0.049	  0.999

3 	  42.35	  -0.42	   0.81
	  0.430	  0.183	  0.884
	 -0.160	  0.979	 -0.126
	 -0.889	 -0.087	  0.449

4 	  37.32	   6.61	  -2.36
	  0.359	  0.888	  0.286
	 -0.931	  0.319	  0.177
	  0.066	 -0.330	  0.942

5 	  36.86	   6.64	   6.54
	  0.352	 -0.133	  0.926
	 -0.221	 -0.974	 -0.057
	  0.910	 -0.184	 -0.372

6 	  46.49	  12.22	  11.78
	  0.755	  0.635	 -0.161
	  0.618	 -0.609	  0.497
	  0.216	 -0.475	 -0.853

7 	  37.16	  -8.00	  -2.76
	  0.410	 -0.883	  0.227
	  0.895	  0.342	 -0.286
	  0.175	  0.321	  0.931

8 	  37.48	  -8.30	   7.49
	  0.458	  0.009	  0.888
	  0.057	 -0.998	 -0.018
	  0.887	  0.059	 -0.458

9 	  43.86	 -16.84	  10.51
	  0.423	 -0.886	 -0.187
	 -0.804	 -0.272	 -0.528
	  0.418	  0.373	 -0.828

2 	  32.82	  -8.17	  22.73
	  0.842	  0.538	 -0.023
	 -0.540	  0.840	 -0.044
	 -0.003	  0.049	  0.999

3 	  42.35	  -0.44	   0.83
	  0.431	  0.183	  0.884
	 -0.156	  0.979	 -0.128
	 -0.889	 -0.083	  0.450

4 	  37.34	   6.54	  -2.36
	  0.367	  0.886	  0.283
	 -0.928	  0.329	  0.173
	  0.060	 -0.326	  0.943

5 	  36.90	   6.66	   6.54
	  0.348	 -0.131	  0.928
	 -0.232	 -0.971	 -0.051
	  0.909	 -0.198	 -0.367

6 	  46.58	  12.11	  11.71
	  0.763	  0.623	 -0.171
	  0.611	 -0.609	  0.505
	  0.209	 -0.490	 -0.846

7 	  37.12	  -8.02	  -2.71
	  0.403	 -0.885	  0.231
	  0.898	  0.335	 -0.285
	  0.174	  0.322	  0.930

8 	  37.42	  -8.33	   7.56
	  0.440	 -0.003	  0.898
	  0.055	 -0.998	 -0.029
	  0.896	  0.062	 -0.439

9 	  43.86	 -16.86	  10.56
	  0.432	 -0.882	 -0.189
	 -0.804	 -0.281	 -0.525
	  0.410	  0.378	 -0.830

2 	  32.84	  -8.17	  22.75
	  0.843	  0.538	 -0.023
	 -0.540	  0.841	 -0.044
	 -0.003	  0.049	  0.999

3 	  42.42	  -0.58	   0.91
	  0.430	  0.185	  0.883
	 -0.137	  0.981	 -0.140
	 -0.893	 -0.060	  0.447

4 	  37.56	   6.47	  -2.36
	  0.382	  0.879	  0.284
	 -0.923	  0.347	  0.166
	  0.047	 -0.326	  0.944

5 	  37.09	   6.77	   6.50
	  0.334	 -0.120	  0.935
	 -0.282	 -0.959	 -0.024
	  0.900	 -0.256	 -0.354

6 	  46.79	  11.94	  11.71
	  0.785	  0.594	 -0.176
	  0.582	 -0.609	  0.539
	  0.211	 -0.525	 -0.824

7 	  37.18	  -8.05	  -2.62
	  0.404	 -0.883	  0.238
	  0.898	  0.335	 -0.283
	  0.170	  0.328	  0.929

8 	  37.51	  -8.46	   7.58
	  0.436	 -0.015	  0.900
	  0.095	 -0.994	 -0.061
	  0.895	  0.112	 -0.431

9 	  44.74	 -16.44	  10.05
	  0.516	 -0.819	 -0.252
	 -0.777	 -0.323	 -0.540
	  0.361	  0.474	 -0.803

2 	  32.82	  -8.17	  22.73
	  0.843	  0.538	 -0.023
	 -0.540	  0.841	 -0.044
	 -0.003	  0.049	  0.999

3 	  42.52	  -0.56	   1.09
	  0.417	  0.185	  0.889
	 -0.122	  0.981	 -0.148
	 -0.901	 -0.047	  0.432

4 	  37.81	   6.52	  -2.36
	  0.404	  0.868	  0.288
	 -0.914	  0.367	  0.173
	  0.044	 -0.333	  0.942

5 	  37.42	   7.07	   6.50
	  0.319	 -0.092	  0.943
	 -0.367	 -0.929	  0.033
	  0.874	 -0.356	 -0.329

6 	  47.39	  11.51	  11.41
	  0.827	  0.522	 -0.206
	  0.533	 -0.615	  0.580
	  0.175	 -0.590	 -0.788

7 	  37.48	  -7.91	  -2.60
	  0.473	 -0.856	  0.210
	  0.862	  0.399	 -0.313
	  0.183	  0.329	  0.926

8 	  38.00	  -8.77	   7.47
	  0.435	 -0.013	  0.900
	  0.256	 -0.957	 -0.137
	  0.863	  0.290	 -0.413

9 	  46.55	 -15.26	   9.28
	  0.661	 -0.679	 -0.318
	 -0.705	 -0.418	 -0.574
	  0.256	  0.604	 -0.755

2 	  32.82	  -8.17	  22.73
	  0.843	  0.538	 -0.024
	 -0.539	  0.841	 -0.044
	 -0.002	  0.049	  0.998

3 	  42.68	  -0.54	   1.21
	  0.396	  0.183	  0.900
	 -0.106	  0.982	 -0.154
	 -0.913	 -0.034	  0.407

4 	  38.13	   6.47	  -2.37
	  0.448	  0.848	  0.283
	 -0.893	  0.408	  0.187
	  0.043	 -0.337	  0.940

5 	  37.90	   7.28	   6.42
	  0.316	 -0.063	  0.947
	 -0.473	 -0.875	  0.098
	  0.823	 -0.478	 -0.306

6 	  48.34	  10.21	  11.30
	  0.908	  0.362	 -0.208
	  0.410	 -0.670	  0.619
	  0.083	 -0.647	 -0.758

7 	  37.56	  -7.86	  -2.58
	  0.503	 -0.843	  0.190
	  0.839	  0.424	 -0.341
	  0.207	  0.331	  0.921

8 	  38.55	  -9.18	   7.44
	  0.464	 -0.022	  0.885
	  0.397	 -0.888	 -0.230
	  0.792	  0.458	 -0.403

9 	  48.22	 -13.73	   8.37
	  0.777	 -0.483	 -0.403
	 -0.622	 -0.490	 -0.610
	  0.094	  0.725	 -0.682

2 	  32.82	  -8.17	  22.73
	  0.842	  0.538	 -0.024
	 -0.540	  0.840	 -0.044
	 -0.002	  0.049	  0.999

3 	  42.77	  -0.62	   1.32
	  0.391	  0.184	  0.901
	 -0.090	  0.982	 -0.163
	 -0.916	 -0.017	  0.400

4 	  38.43	   6.29	  -2.53
	  0.509	  0.821	  0.256
	 -0.860	  0.474	  0.190
	  0.035	 -0.318	  0.947

5 	  38.41	   7.47	   6.21
	  0.316	 -0.036	  0.948
	 -0.577	 -0.801	  0.161
	  0.754	 -0.597	 -0.273

6 	  49.27	   8.14	  11.02
	  0.971	  0.108	 -0.214
	  0.227	 -0.704	  0.673
	 -0.080	 -0.700	 -0.710

7 	  37.53	  -7.80	  -2.58
	  0.522	 -0.837	  0.165
	  0.822	  0.442	 -0.359
	  0.228	  0.323	  0.918

8 	  38.97	  -9.49	   7.28
	  0.488	 -0.033	  0.872
	  0.505	 -0.804	 -0.312
	  0.713	  0.592	 -0.375

9 	  49.59	 -10.86	   7.26
	  0.859	 -0.131	 -0.495
	 -0.485	 -0.526	 -0.699
	 -0.173	  0.839	 -0.516

2 	  32.82	  -8.17	  22.73
	  0.843	  0.537	 -0.023
	 -0.539	  0.841	 -0.044
	 -0.003	  0.049	  0.998

3 	  42.84	  -0.76	   1.37
	  0.393	  0.186	  0.900
	 -0.067	  0.982	 -0.174
	 -0.917	  0.008	  0.398

4 	  38.71	   6.17	  -2.65
	  0.564	  0.795	  0.223
	 -0.825	  0.532	  0.188
	  0.031	 -0.291	  0.956

5 	  38.85	   7.61	   6.03
	  0.311	 -0.018	  0.950
	 -0.665	 -0.719	  0.203
	  0.680	 -0.695	 -0.234

6 	  49.55	   5.73	  10.83
	  0.959	 -0.182	 -0.215
	  0.039	 -0.671	  0.740
	 -0.280	 -0.718	 -0.638

7 	  37.41	  -7.75	  -2.62
	  0.545	 -0.828	  0.129
	  0.803	  0.472	 -0.362
	  0.239	  0.301	  0.923

8 	  39.53	  -9.95	   6.94
	  0.503	 -0.062	  0.862
	  0.623	 -0.666	 -0.411
	  0.600	  0.743	 -0.296

9 	  49.92	  -6.64	   6.52
	  0.775	  0.358	 -0.520
	 -0.331	 -0.475	 -0.815
	 -0.542	  0.802	 -0.252

2 	  32.82	  -8.17	  22.73
	  0.843	  0.538	 -0.024
	 -0.539	  0.841	 -0.044
	 -0.002	  0.049	  0.998

3 	  42.84	  -0.81	   1.41
	  0.399	  0.192	  0.896
	 -0.065	  0.981	 -0.181
	 -0.915	  0.014	  0.403

4 	  38.78	   6.12	  -2.71
	  0.594	  0.777	  0.207
	 -0.804	  0.564	  0.188
	  0.029	 -0.279	  0.960

5 	  39.15	   7.73	   5.94
	  0.317	  0.007	  0.948
	 -0.708	 -0.664	  0.241
	  0.632	 -0.747	 -0.205

6 	  49.46	   4.13	  10.58
	  0.892	 -0.396	 -0.216
	 -0.074	 -0.601	  0.796
	 -0.446	 -0.694	 -0.566

7 	  37.42	  -7.68	  -2.69
	  0.577	 -0.812	  0.089
	  0.778	  0.513	 -0.362
	  0.248	  0.278	  0.928

8 	  40.43	 -10.30	   6.43
	  0.548	 -0.096	  0.831
	  0.703	 -0.485	 -0.519
	  0.454	  0.868	 -0.198

9 	  49.04	  -3.50	   6.10
	  0.529	  0.705	 -0.470
	 -0.314	 -0.356	 -0.880
	 -0.790	  0.612	  0.032

2 	  32.82	  -8.17	  22.75
	  0.843	  0.538	 -0.023
	 -0.540	  0.841	 -0.044
	 -0.003	  0.049	  0.999

3 	  42.91	  -0.88	   1.44
	  0.394	  0.201	  0.897
	 -0.058	  0.979	 -0.194
	 -0.917	  0.024	  0.397

4 	  39.04	   5.99	  -2.79
	  0.629	  0.752	  0.195
	 -0.777	  0.603	  0.180
	  0.017	 -0.265	  0.964

5 	  39.59	   7.95	   5.73
	  0.319	  0.059	  0.946
	 -0.748	 -0.598	  0.289
	  0.584	 -0.799	 -0.146

6 	  49.15	   2.57	  10.41
	  0.765	 -0.615	 -0.191
	 -0.125	 -0.433	  0.892
	 -0.632	 -0.659	 -0.409

7 	  37.48	  -7.63	  -2.76
	  0.603	 -0.795	  0.057
	  0.757	  0.549	 -0.352
	  0.249	  0.255	  0.934

8 	  41.19	 -10.42	   5.99
	  0.599	 -0.114	  0.792
	  0.718	 -0.362	 -0.594
	  0.355	  0.925	 -0.135

9 	  48.22	  -2.07	   5.91
	  0.329	  0.868	 -0.370
	 -0.545	 -0.148	 -0.826
	 -0.774	  0.471	  0.424

2 	  32.84	  -8.17	  22.75
	  0.843	  0.538	 -0.023
	 -0.540	  0.841	 -0.044
	 -0.003	  0.049	  0.999

3 	  42.94	  -0.95	   1.53
	  0.392	  0.203	  0.897
	 -0.062	  0.979	 -0.195
	 -0.918	  0.021	  0.397

4 	  39.15	   5.84	  -2.78
	  0.657	  0.731	  0.182
	 -0.753	  0.629	  0.191
	  0.025	 -0.262	  0.965

5 	  39.90	   8.07	   5.55
	  0.339	  0.113	  0.934
	 -0.781	 -0.520	  0.345
	  0.526	 -0.846	 -0.088

6 	  48.78	   1.65	  10.18
	  0.630	 -0.758	 -0.171
	 -0.090	 -0.291	  0.953
	 -0.772	 -0.584	 -0.252

7 	  37.42	  -7.58	  -2.81
	  0.613	 -0.790	  0.027
	  0.746	  0.566	 -0.350
	  0.261	  0.234	  0.936

8 	  41.41	 -10.46	   5.71
	  0.621	 -0.133	  0.772
	  0.713	 -0.314	 -0.627
	  0.326	  0.940	 -0.100

9 	  47.25	  -1.32	   6.05
	  0.230	  0.927	 -0.294
	 -0.834	  0.031	 -0.551
	 -0.503	  0.370	  0.781

2 	  32.84	  -8.17	  22.75
	  0.843	  0.538	 -0.023
	 -0.540	  0.841	 -0.044
	 -0.003	  0.049	  0.999

3 	  42.91	  -1.02	   1.63
	  0.403	  0.196	  0.893
	 -0.080	  0.980	 -0.180
	 -0.912	  0.002	  0.411

4 	  39.27	   5.80	  -2.72
	  0.691	  0.703	  0.165
	 -0.722	  0.660	  0.207
	  0.036	 -0.263	  0.964

5 	  40.31	   8.23	   5.43
	  0.351	  0.149	  0.924
	 -0.822	 -0.424	  0.380
	  0.450	 -0.893	 -0.026

6 	  48.53	   1.27	  10.11
	  0.543	 -0.827	 -0.146
	 -0.074	 -0.221	  0.972
	 -0.837	 -0.517	 -0.182

7 	  37.37	  -7.44	  -2.90
	  0.618	 -0.786	  0.007
	  0.740	  0.578	 -0.345
	  0.267	  0.218	  0.938

8 	  41.47	 -10.28	   5.57
	  0.622	 -0.122	  0.773
	  0.736	 -0.246	 -0.630
	  0.267	  0.961	 -0.064

9 	  46.71	  -0.76	   6.22
	  0.169	  0.956	 -0.237
	 -0.903	  0.054	 -0.426
	 -0.395	  0.285	  0.873

2 	  32.80	  -8.17	  22.73
	  0.843	  0.538	 -0.023
	 -0.540	  0.841	 -0.044
	 -0.003	  0.049	  0.999

3 	  42.91	  -0.97	   1.71
	  0.404	  0.189	  0.895
	 -0.101	  0.981	 -0.162
	 -0.909	 -0.025	  0.416

4 	  39.38	   5.80	  -2.62
	  0.719	  0.675	  0.165
	 -0.694	  0.685	  0.222
	  0.036	 -0.275	  0.961

5 	  40.64	   8.26	   5.34
	  0.364	  0.175	  0.915
	 -0.841	 -0.360	  0.403
	  0.401	 -0.916	  0.016

6 	  48.41	   0.84	  10.30
	  0.479	 -0.869	 -0.127
	 -0.133	 -0.216	  0.967
	 -0.868	 -0.446	 -0.219

7 	  37.39	  -7.33	  -2.99
	  0.626	 -0.780	 -0.009
	  0.730	  0.589	 -0.346
	  0.275	  0.210	  0.938

8 	  41.54	 -10.16	   5.50
	  0.625	 -0.111	  0.772
	  0.739	 -0.234	 -0.631
	  0.251	  0.966	 -0.065

9 	  46.67	  -0.37	   6.54
	  0.138	  0.964	 -0.225
	 -0.880	  0.014	 -0.475
	 -0.455	  0.263	  0.851

