2 	  33.56	  -8.09	  22.76
	  0.555	  0.830	 -0.047
	 -0.832	  0.554	 -0.033
	 -0.000	  0.057	  0.998

3 	  39.38	  -0.26	  -0.02
	  0.362	  0.022	 -0.932
	 -0.000	  1.000	  0.023
	  0.932	 -0.009	  0.362

4 	  43.86	   5.66	  -2.51
	  0.656	  0.752	 -0.058
	 -0.690	  0.629	  0.359
	  0.308	 -0.196	  0.931

5 	  51.84	   5.99	   8.28
	  0.830	 -0.536	 -0.154
	  0.108	 -0.122	  0.986
	 -0.550	 -0.834	 -0.047

6 	  42.80	   8.31	   9.19
	 -0.571	 -0.034	 -0.820
	  0.281	  0.931	 -0.233
	  0.772	 -0.362	 -0.522

7 	  43.44	  -6.36	  -3.52
	  0.743	 -0.639	 -0.201
	  0.642	  0.764	 -0.057
	  0.190	 -0.086	  0.978

8 	  51.33	  -7.70	   7.95
	  0.889	  0.414	 -0.193
	 -0.119	 -0.203	 -0.972
	 -0.443	  0.886	 -0.135

9 	  42.47	 -10.44	   7.98
	 -0.528	  0.028	 -0.848
	 -0.539	  0.761	  0.360
	  0.658	  0.646	 -0.387

2 	  33.54	  -8.09	  22.75
	  0.556	  0.830	 -0.047
	 -0.832	  0.554	 -0.033
	 -0.000	  0.057	  0.998

3 	  39.39	  -0.28	  -0.02
	  0.363	  0.022	 -0.931
	 -0.001	  1.000	  0.023
	  0.931	 -0.007	  0.363

4 	  43.89	   5.66	  -2.53
	  0.659	  0.749	 -0.060
	 -0.687	  0.632	  0.359
	  0.309	 -0.196	  0.931

5 	  51.87	   5.89	   8.35
	  0.824	 -0.547	 -0.145
	  0.094	 -0.126	  0.987
	 -0.560	 -0.827	 -0.057

6 	  42.86	   8.38	   9.14
	 -0.567	 -0.035	 -0.823
	  0.297	  0.924	 -0.242
	  0.769	 -0.380	 -0.513

7 	  43.56	  -6.40	  -3.57
	  0.746	 -0.637	 -0.196
	  0.638	  0.767	 -0.064
	  0.192	 -0.077	  0.978

8 	  51.33	  -7.68	   7.98
	  0.890	  0.418	 -0.181
	 -0.106	 -0.201	 -0.974
	 -0.445	  0.885	 -0.138

9 	  42.49	 -10.46	   7.95
	 -0.517	  0.028	 -0.856
	 -0.543	  0.761	  0.353
	  0.663	  0.646	 -0.378

2 	  33.54	  -8.09	  22.75
	  0.556	  0.830	 -0.047
	 -0.832	  0.554	 -0.032
	  0.000	  0.057	  0.998

3 	  39.43	  -0.30	  -0.04
	  0.366	  0.022	 -0.930
	 -0.003	  1.000	  0.023
	  0.930	 -0.006	  0.366

4 	  43.93	   5.62	  -2.57
	  0.661	  0.748	 -0.061
	 -0.686	  0.634	  0.357
	  0.308	 -0.195	  0.931

5 	  51.84	   5.92	   8.35
	  0.829	 -0.538	 -0.149
	  0.104	 -0.119	  0.987
	 -0.551	 -0.833	 -0.047

6 	  42.64	   8.14	   9.18
	 -0.565	 -0.072	 -0.822
	  0.226	  0.945	 -0.236
	  0.794	 -0.318	 -0.517

7 	  43.47	  -6.42	  -3.59
	  0.733	 -0.653	 -0.188
	  0.653	  0.754	 -0.072
	  0.189	 -0.070	  0.979

8 	  51.22	  -8.10	   7.86
	  0.924	  0.303	 -0.232
	 -0.166	 -0.233	 -0.958
	 -0.347	  0.923	 -0.168

9 	  42.21	  -9.86	   8.09
	 -0.533	  0.028	 -0.846
	 -0.473	  0.819	  0.324
	  0.703	  0.572	 -0.423

2 	  33.52	  -8.09	  22.75
	  0.556	  0.830	 -0.047
	 -0.832	  0.554	 -0.033
	 -0.000	  0.057	  0.998

3 	  39.39	  -0.23	  -0.05
	  0.364	  0.029	 -0.931
	 -0.013	  0.999	  0.026
	  0.931	  0.002	  0.365

4 	  43.75	   5.68	  -2.65
	  0.641	  0.765	 -0.055
	 -0.705	  0.615	  0.353
	  0.305	 -0.188	  0.934

5 	  51.59	   6.98	   7.75
	  0.905	 -0.360	 -0.225
	  0.221	 -0.057	  0.973
	 -0.367	 -0.930	  0.024

6 	  42.38	   7.58	   9.16
	 -0.569	 -0.129	 -0.812
	  0.089	  0.972	 -0.216
	  0.818	 -0.194	 -0.541

7 	  43.29	  -6.31	  -3.67
	  0.718	 -0.672	 -0.183
	  0.667	  0.739	 -0.096
	  0.200	 -0.054	  0.978

8 	  51.15	  -9.07	   7.08
	  0.938	  0.110	 -0.329
	 -0.296	 -0.251	 -0.922
	 -0.188	  0.960	 -0.206

9 	  42.22	  -9.39	   8.10
	 -0.580	  0.053	 -0.813
	 -0.397	  0.853	  0.337
	  0.713	  0.517	 -0.473

2 	  33.54	  -8.07	  22.75
	  0.555	  0.830	 -0.047
	 -0.832	  0.553	 -0.033
	 -0.000	  0.057	  0.998

3 	  39.25	  -0.12	  -0.11
	  0.352	  0.024	 -0.936
	 -0.052	  0.998	  0.006
	  0.934	  0.046	  0.352

4 	  43.59	   5.82	  -2.76
	  0.621	  0.783	 -0.027
	 -0.723	  0.585	  0.367
	  0.304	 -0.208	  0.929

5 	  51.61	   7.42	   7.65
	  0.925	 -0.281	 -0.256
	  0.239	 -0.097	  0.966
	 -0.299	 -0.954	 -0.026

6 	  42.43	   7.42	   9.18
	 -0.580	 -0.134	 -0.803
	  0.057	  0.977	 -0.204
	  0.813	 -0.163	 -0.559

7 	  43.15	  -6.17	  -3.76
	  0.706	 -0.684	 -0.184
	  0.676	  0.727	 -0.115
	  0.214	 -0.043	  0.976

8 	  50.98	  -9.62	   6.63
	  0.927	 -0.011	 -0.374
	 -0.369	 -0.206	 -0.906
	 -0.069	  0.978	 -0.198

9 	  42.17	  -9.21	   8.05
	 -0.615	  0.088	 -0.784
	 -0.352	  0.859	  0.371
	  0.707	  0.503	 -0.497

2 	  33.52	  -8.07	  22.73
	  0.555	  0.830	 -0.047
	 -0.832	  0.553	 -0.033
	 -0.000	  0.058	  0.998

3 	  39.15	   0.02	  -0.12
	  0.351	  0.028	 -0.936
	 -0.087	  0.996	 -0.003
	  0.932	  0.082	  0.352

4 	  43.52	   5.92	  -2.74
	  0.626	  0.779	 -0.009
	 -0.719	  0.581	  0.380
	  0.302	 -0.232	  0.924

5 	  51.61	   7.61	   7.72
	  0.932	 -0.235	 -0.277
	  0.253	 -0.135	  0.958
	 -0.265	 -0.962	 -0.071

6 	  42.43	   7.31	   9.26
	 -0.591	 -0.140	 -0.794
	  0.028	  0.980	 -0.194
	  0.806	 -0.136	 -0.576

7 	  43.07	  -6.12	  -3.81
	  0.698	 -0.692	 -0.182
	  0.683	  0.720	 -0.119
	  0.215	 -0.042	  0.976

8 	  50.77	 -10.00	   6.56
	  0.925	 -0.070	 -0.373
	 -0.380	 -0.200	 -0.903
	 -0.013	  0.977	 -0.214

9 	  42.06	  -9.11	   8.05
	 -0.615	  0.111	 -0.781
	 -0.316	  0.873	  0.371
	  0.724	  0.473	 -0.502

2 	  33.54	  -8.07	  22.75
	  0.554	  0.831	 -0.047
	 -0.833	  0.553	 -0.033
	 -0.001	  0.057	  0.998

3 	  39.09	  -0.05	  -0.16
	  0.346	  0.025	 -0.938
	 -0.109	  0.994	 -0.014
	  0.932	  0.106	  0.347

4 	  43.35	   5.96	  -2.71
	  0.608	  0.794	  0.010
	 -0.738	  0.560	  0.376
	  0.294	 -0.236	  0.926

5 	  51.43	   8.02	   7.79
	  0.945	 -0.160	 -0.284
	  0.258	 -0.171	  0.951
	 -0.204	 -0.971	 -0.123

6 	  42.31	   7.14	   9.28
	 -0.591	 -0.173	 -0.788
	 -0.036	  0.981	 -0.187
	  0.806	 -0.082	 -0.587

7 	  43.05	  -6.15	  -3.80
	  0.698	 -0.695	 -0.175
	  0.684	  0.718	 -0.124
	  0.213	 -0.033	  0.976

8 	  50.62	 -10.56	   6.61
	  0.919	 -0.146	 -0.366
	 -0.390	 -0.199	 -0.899
	  0.056	  0.969	 -0.241

9 	  41.99	  -9.05	   8.10
	 -0.622	  0.131	 -0.772
	 -0.281	  0.883	  0.375
	  0.733	  0.448	 -0.512

2 	  33.54	  -8.07	  22.75
	  0.555	  0.830	 -0.047
	 -0.832	  0.553	 -0.033
	 -0.000	  0.057	  0.998

3 	  39.01	  -0.07	  -0.14
	  0.351	  0.002	 -0.936
	 -0.095	  0.995	 -0.033
	  0.931	  0.100	  0.350

4 	  43.29	   5.94	  -2.71
	  0.602	  0.798	  0.016
	 -0.744	  0.553	  0.374
	  0.291	 -0.237	  0.927

5 	  51.40	   8.23	   7.79
	  0.949	 -0.126	 -0.289
	  0.265	 -0.186	  0.946
	 -0.176	 -0.974	 -0.147

6 	  42.31	   7.12	   9.30
	 -0.594	 -0.179	 -0.784
	 -0.054	  0.981	 -0.183
	  0.802	 -0.066	 -0.593

7 	  42.96	  -6.21	  -3.80
	  0.691	 -0.702	 -0.170
	  0.691	  0.711	 -0.133
	  0.216	 -0.025	  0.976

8 	  50.55	 -10.71	   6.63
	  0.916	 -0.168	 -0.363
	 -0.394	 -0.205	 -0.896
	  0.074	  0.964	 -0.255

9 	  42.01	  -9.02	   8.14
	 -0.629	  0.132	 -0.766
	 -0.272	  0.886	  0.375
	  0.730	  0.442	 -0.521

2 	  33.52	  -8.09	  22.75
	  0.556	  0.830	 -0.047
	 -0.832	  0.554	 -0.033
	 -0.000	  0.057	  0.998

3 	  38.95	  -0.07	  -0.14
	  0.356	 -0.021	 -0.934
	 -0.080	  0.995	 -0.053
	  0.931	  0.094	  0.353

4 	  43.21	   5.85	  -2.78
	  0.595	  0.803	  0.010
	 -0.750	  0.550	  0.367
	  0.291	 -0.226	  0.930

5 	  51.33	   8.42	   7.72
	  0.950	 -0.090	 -0.298
	  0.277	 -0.193	  0.941
	 -0.145	 -0.976	 -0.162

6 	  42.26	   7.03	   9.32
	 -0.602	 -0.201	 -0.772
	 -0.096	  0.979	 -0.180
	  0.792	 -0.034	 -0.609

7 	  42.87	  -6.26	  -3.76
	  0.687	 -0.706	 -0.172
	  0.692	  0.707	 -0.147
	  0.226	 -0.017	  0.974

8 	  50.55	 -10.74	   6.64
	  0.915	 -0.176	 -0.361
	 -0.394	 -0.208	 -0.895
	  0.081	  0.962	 -0.261

9 	  41.96	  -8.98	   8.19
	 -0.633	  0.131	 -0.763
	 -0.264	  0.890	  0.370
	  0.730	  0.434	 -0.528

2 	  33.56	  -8.09	  22.75
	  0.556	  0.830	 -0.047
	 -0.832	  0.554	 -0.032
	  0.000	  0.057	  0.998

3 	  38.87	  -0.14	  -0.11
	  0.356	 -0.029	 -0.934
	 -0.081	  0.995	 -0.062
	  0.931	  0.097	  0.352

4 	  43.05	   5.80	  -2.76
	  0.587	  0.809	  0.007
	 -0.757	  0.544	  0.362
	  0.291	 -0.218	  0.931

5 	  51.19	   8.65	   7.61
	  0.948	 -0.058	 -0.311
	  0.297	 -0.187	  0.936
	 -0.115	 -0.980	 -0.163

6 	  42.22	   6.98	   9.35
	 -0.608	 -0.209	 -0.766
	 -0.112	  0.977	 -0.178
	  0.786	 -0.022	 -0.617

7 	  42.79	  -6.33	  -3.74
	  0.685	 -0.708	 -0.173
	  0.691	  0.706	 -0.155
	  0.233	 -0.013	  0.972

8 	  50.52	 -10.79	   6.73
	  0.917	 -0.182	 -0.355
	 -0.390	 -0.213	 -0.896
	  0.086	  0.960	 -0.267

9 	  41.92	  -9.00	   8.23
	 -0.633	  0.132	 -0.763
	 -0.259	  0.893	  0.368
	  0.731	  0.429	 -0.530

2 	  33.54	  -8.07	  22.75
	  0.555	  0.830	 -0.047
	 -0.832	  0.553	 -0.033
	 -0.000	  0.057	  0.998

3 	  38.81	  -0.16	  -0.09
	  0.343	 -0.028	 -0.939
	 -0.083	  0.995	 -0.060
	  0.936	  0.098	  0.339

4 	  43.01	   5.80	  -2.76
	  0.586	  0.810	  0.005
	 -0.757	  0.543	  0.363
	  0.294	 -0.216	  0.931

5 	  51.17	   8.65	   7.61
	  0.948	 -0.055	 -0.313
	  0.300	 -0.184	  0.936
	 -0.112	 -0.981	 -0.161

6 	  42.21	   6.96	   9.35
	 -0.608	 -0.212	 -0.765
	 -0.117	  0.977	 -0.178
	  0.785	 -0.019	 -0.619

7 	  42.75	  -6.33	  -3.76
	  0.684	 -0.708	 -0.176
	  0.690	  0.706	 -0.158
	  0.237	 -0.014	  0.971

8 	  50.48	 -10.83	   6.75
	  0.916	 -0.190	 -0.353
	 -0.390	 -0.214	 -0.896
	  0.094	  0.958	 -0.271

9 	  41.91	  -8.98	   8.21
	 -0.634	  0.135	 -0.761
	 -0.255	  0.894	  0.369
	  0.732	  0.426	 -0.532

2 	  33.54	  -8.07	  22.75
	  0.555	  0.830	 -0.047
	 -0.832	  0.553	 -0.033
	 -0.001	  0.057	  0.998

3 	  38.79	  -0.19	  -0.07
	  0.328	 -0.031	 -0.944
	 -0.082	  0.995	 -0.061
	  0.941	  0.097	  0.324

4 	  42.98	   5.77	  -2.76
	  0.584	  0.812	  0.004
	 -0.758	  0.542	  0.362
	  0.293	 -0.214	  0.931

5 	  51.06	   8.79	   7.58
	  0.949	 -0.031	 -0.314
	  0.305	 -0.172	  0.936
	 -0.086	 -0.984	 -0.156

6 	  42.15	   6.86	   9.37
	 -0.608	 -0.228	 -0.761
	 -0.151	  0.973	 -0.171
	  0.780	  0.011	 -0.626

7 	  42.73	  -6.36	  -3.74
	  0.682	 -0.710	 -0.177
	  0.691	  0.704	 -0.161
	  0.240	 -0.013	  0.971

8 	  50.41	 -10.92	   6.79
	  0.915	 -0.200	 -0.351
	 -0.392	 -0.215	 -0.895
	  0.102	  0.956	 -0.276

9 	  41.85	  -9.00	   8.28
	 -0.632	  0.138	 -0.762
	 -0.244	  0.899	  0.363
	  0.737	  0.413	 -0.535

2 	  33.54	  -8.09	  22.75
	  0.555	  0.830	 -0.047
	 -0.832	  0.553	 -0.033
	 -0.000	  0.057	  0.998

3 	  38.78	  -0.23	  -0.07
	  0.329	 -0.034	 -0.944
	 -0.090	  0.994	 -0.067
	  0.940	  0.106	  0.324

4 	  42.91	   5.73	  -2.79
	  0.578	  0.816	  0.003
	 -0.763	  0.539	  0.356
	  0.291	 -0.208	  0.934

5 	  51.03	   8.93	   7.56
	  0.948	 -0.013	 -0.316
	  0.311	 -0.167	  0.935
	 -0.067	 -0.985	 -0.157

6 	  42.13	   6.86	   9.37
	 -0.608	 -0.235	 -0.758
	 -0.159	  0.972	 -0.173
	  0.778	  0.015	 -0.628

7 	  42.68	  -6.40	  -3.71
	  0.680	 -0.712	 -0.175
	  0.693	  0.702	 -0.164
	  0.241	 -0.010	  0.970

8 	  50.38	 -10.99	   6.79
	  0.911	 -0.208	 -0.354
	 -0.396	 -0.215	 -0.892
	  0.108	  0.954	 -0.280

9 	  41.85	  -8.98	   8.30
	 -0.636	  0.138	 -0.759
	 -0.240	  0.900	  0.363
	  0.735	  0.411	 -0.539

2 	  33.54	  -8.09	  22.75
	  0.556	  0.830	 -0.047
	 -0.832	  0.554	 -0.033
	 -0.000	  0.057	  0.998

3 	  38.78	  -0.21	  -0.07
	  0.329	 -0.035	 -0.944
	 -0.092	  0.993	 -0.069
	  0.940	  0.109	  0.324

4 	  42.91	   5.73	  -2.78
	  0.576	  0.817	  0.002
	 -0.765	  0.538	  0.354
	  0.290	 -0.205	  0.935

5 	  50.99	   9.02	   7.54
	  0.948	 -0.004	 -0.318
	  0.314	 -0.164	  0.935
	 -0.058	 -0.986	 -0.157

6 	  42.13	   6.86	   9.37
	 -0.608	 -0.240	 -0.756
	 -0.166	  0.970	 -0.174
	  0.776	  0.019	 -0.630

7 	  42.66	  -6.43	  -3.71
	  0.678	 -0.715	 -0.174
	  0.695	  0.699	 -0.166
	  0.241	 -0.008	  0.970

8 	  50.34	 -11.00	   6.80
	  0.911	 -0.211	 -0.355
	 -0.398	 -0.216	 -0.891
	  0.110	  0.953	 -0.281

9 	  41.84	  -8.96	   8.30
	 -0.636	  0.138	 -0.759
	 -0.239	  0.901	  0.362
	  0.735	  0.410	 -0.540

2 	  33.56	  -8.09	  22.75
	  0.555	  0.830	 -0.047
	 -0.832	  0.553	 -0.033
	 -0.000	  0.057	  0.998

3 	  38.78	  -0.21	  -0.07
	  0.332	 -0.038	 -0.942
	 -0.088	  0.993	 -0.071
	  0.939	  0.106	  0.327

4 	  42.93	   5.71	  -2.79
	  0.577	  0.817	  0.001
	 -0.765	  0.539	  0.353
	  0.289	 -0.205	  0.935

5 	  50.99	   9.04	   7.56
	  0.949	 -0.004	 -0.314
	  0.310	 -0.160	  0.937
	 -0.056	 -0.987	 -0.153

6 	  42.13	   6.86	   9.37
	 -0.607	 -0.243	 -0.757
	 -0.167	  0.970	 -0.178
	  0.777	  0.018	 -0.629

7 	  42.68	  -6.42	  -3.69
	  0.677	 -0.715	 -0.173
	  0.696	  0.698	 -0.167
	  0.241	 -0.007	  0.970

8 	  50.34	 -11.02	   6.80
	  0.911	 -0.211	 -0.354
	 -0.397	 -0.217	 -0.892
	  0.110	  0.953	 -0.282

9 	  41.82	  -8.96	   8.31
	 -0.634	  0.139	 -0.761
	 -0.238	  0.901	  0.361
	  0.737	  0.408	 -0.539

2 	  33.52	  -8.07	  22.75
	  0.555	  0.830	 -0.047
	 -0.832	  0.553	 -0.033
	 -0.000	  0.057	  0.998

3 	  38.79	  -0.21	  -0.07
	  0.333	 -0.040	 -0.942
	 -0.088	  0.993	 -0.073
	  0.939	  0.106	  0.327

4 	  42.94	   5.70	  -2.81
	  0.575	  0.818	  0.000
	 -0.766	  0.538	  0.349
	  0.287	 -0.201	  0.936

5 	  50.99	   9.07	   7.56
	  0.950	 -0.000	 -0.313
	  0.310	 -0.157	  0.938
	 -0.051	 -0.987	 -0.151

6 	  42.15	   6.86	   9.35
	 -0.605	 -0.253	 -0.755
	 -0.176	  0.967	 -0.183
	  0.776	  0.021	 -0.630

7 	  42.66	  -6.43	  -3.67
	  0.676	 -0.716	 -0.171
	  0.697	  0.697	 -0.168
	  0.240	 -0.006	  0.970

8 	  50.33	 -11.00	   6.84
	  0.911	 -0.211	 -0.353
	 -0.396	 -0.218	 -0.892
	  0.110	  0.952	 -0.283

9 	  41.82	  -8.96	   8.33
	 -0.634	  0.140	 -0.760
	 -0.237	  0.901	  0.361
	  0.737	  0.407	 -0.539

2 	  33.54	  -8.09	  22.76
	  0.556	  0.830	 -0.047
	 -0.832	  0.554	 -0.033
	 -0.000	  0.057	  0.998

3 	  38.79	  -0.21	  -0.07
	  0.333	 -0.040	 -0.942
	 -0.088	  0.993	 -0.073
	  0.938	  0.107	  0.328

4 	  42.94	   5.71	  -2.81
	  0.574	  0.819	  0.000
	 -0.768	  0.537	  0.347
	  0.286	 -0.199	  0.937

5 	  50.96	   9.12	   7.52
	  0.949	  0.006	 -0.315
	  0.312	 -0.156	  0.937
	 -0.046	 -0.987	 -0.152

6 	  42.13	   6.84	   9.39
	 -0.604	 -0.258	 -0.754
	 -0.184	  0.965	 -0.183
	  0.776	  0.028	 -0.630

7 	  42.66	  -6.42	  -3.67
	  0.675	 -0.718	 -0.171
	  0.698	  0.695	 -0.168
	  0.241	 -0.006	  0.970

8 	  50.33	 -11.00	   6.84
	  0.911	 -0.211	 -0.353
	 -0.396	 -0.217	 -0.892
	  0.111	  0.953	 -0.282

9 	  41.84	  -8.98	   8.30
	 -0.635	  0.142	 -0.760
	 -0.238	  0.900	  0.365
	  0.737	  0.411	 -0.537

2 	  33.54	  -8.07	  22.75
	  0.555	  0.830	 -0.047
	 -0.832	  0.554	 -0.033
	  0.000	  0.058	  0.998

3 	  38.83	  -0.18	  -0.05
	  0.333	 -0.032	 -0.942
	 -0.060	  0.996	 -0.055
	  0.941	  0.075	  0.330

4 	  43.00	   5.75	  -2.71
	  0.587	  0.809	  0.006
	 -0.758	  0.545	  0.358
	  0.288	 -0.215	  0.933

5 	  50.99	   8.81	   7.80
	  0.959	 -0.103	 -0.263
	  0.252	 -0.106	  0.962
	 -0.130	 -0.989	 -0.078

6 	  41.98	   7.12	   9.40
	 -0.581	 -0.259	 -0.771
	 -0.174	  0.965	 -0.193
	  0.795	  0.022	 -0.606

7 	  42.84	  -6.33	  -3.64
	  0.700	 -0.693	 -0.174
	  0.679	  0.720	 -0.140
	  0.224	 -0.020	  0.974

8 	  50.62	  -9.72	   7.24
	  0.951	  0.054	 -0.304
	 -0.284	 -0.240	 -0.928
	 -0.126	  0.968	 -0.216

9 	  41.70	  -9.47	   8.21
	 -0.574	  0.128	 -0.809
	 -0.311	  0.880	  0.358
	  0.759	  0.455	 -0.465

2 	  33.52	  -8.09	  22.75
	  0.555	  0.830	 -0.047
	 -0.832	  0.553	 -0.033
	 -0.000	  0.057	  0.998

3 	  38.79	  -0.18	  -0.05
	  0.334	 -0.022	 -0.942
	 -0.032	  0.999	 -0.035
	  0.942	  0.042	  0.333

4 	  43.08	   5.78	  -2.55
	  0.609	  0.793	  0.021
	 -0.744	  0.560	  0.363
	  0.278	 -0.237	  0.931

5 	  51.19	   7.05	   8.28
	  0.904	 -0.380	 -0.195
	  0.151	 -0.148	  0.977
	 -0.403	 -0.912	 -0.081

6 	  42.12	   8.12	   9.33
	 -0.599	 -0.184	 -0.779
	  0.075	  0.956	 -0.283
	  0.797	 -0.228	 -0.559

7 	  42.87	  -6.26	  -3.64
	  0.713	 -0.680	 -0.171
	  0.670	  0.732	 -0.120
	  0.208	 -0.029	  0.978

8 	  50.87	  -8.95	   7.42
	  0.941	  0.252	 -0.225
	 -0.172	 -0.220	 -0.960
	 -0.293	  0.941	 -0.168

9 	  41.82	  -9.83	   8.05
	 -0.561	  0.132	 -0.817
	 -0.365	  0.848	  0.385
	  0.745	  0.512	 -0.427

2 	  33.54	  -8.09	  22.75
	  0.556	  0.830	 -0.047
	 -0.832	  0.554	 -0.033
	 -0.000	  0.057	  0.998

3 	  38.90	  -0.11	  -0.04
	  0.350	 -0.024	 -0.936
	 -0.023	  0.999	 -0.034
	  0.936	  0.033	  0.349

4 	  43.24	   5.82	  -2.50
	  0.621	  0.784	  0.017
	 -0.732	  0.571	  0.371
	  0.283	 -0.243	  0.928

5 	  51.38	   5.92	   8.70
	  0.792	 -0.605	 -0.077
	 -0.043	 -0.183	  0.982
	 -0.610	 -0.774	 -0.173

6 	  42.50	   8.84	   9.07
	 -0.599	 -0.117	 -0.792
	  0.256	  0.910	 -0.326
	  0.760	 -0.397	 -0.515

7 	  43.01	  -6.26	  -3.62
	  0.715	 -0.672	 -0.192
	  0.667	  0.738	 -0.098
	  0.209	 -0.058	  0.976

8 	  50.82	  -7.77	   8.49
	  0.871	  0.488	 -0.052
	  0.074	 -0.236	 -0.969
	 -0.485	  0.840	 -0.243

9 	  41.85	 -10.53	   7.75
	 -0.514	  0.121	 -0.849
	 -0.472	  0.787	  0.397
	  0.718	  0.603	 -0.347

2 	  33.54	  -8.09	  22.75
	  0.556	  0.830	 -0.047
	 -0.832	  0.554	 -0.032
	  0.000	  0.057	  0.998

3 	  39.09	  -0.14	  -0.04
	  0.364	 -0.027	 -0.931
	 -0.020	  0.999	 -0.037
	  0.931	  0.032	  0.363

4 	  43.38	   5.77	  -2.58
	  0.624	  0.781	  0.006
	 -0.727	  0.577	  0.371
	  0.287	 -0.236	  0.928

5 	  51.33	   5.92	   9.04
	  0.791	 -0.610	 -0.048
	 -0.104	 -0.213	  0.971
	 -0.603	 -0.763	 -0.233

6 	  42.40	   8.74	   9.14
	 -0.590	 -0.123	 -0.797
	  0.243	  0.915	 -0.320
	  0.770	 -0.381	 -0.510

7 	  43.10	  -6.31	  -3.64
	  0.714	 -0.672	 -0.196
	  0.668	  0.738	 -0.095
	  0.210	 -0.063	  0.975

8 	  50.85	  -7.73	   8.79
	  0.860	  0.508	 -0.040
	  0.121	 -0.281	 -0.952
	 -0.497	  0.813	 -0.303

9 	  42.01	 -10.69	   7.84
	 -0.517	  0.121	 -0.847
	 -0.479	  0.780	  0.403
	  0.711	  0.613	 -0.345

2 	  33.52	  -8.07	  22.75
	  0.555	  0.830	 -0.047
	 -0.832	  0.554	 -0.033
	 -0.000	  0.058	  0.998

3 	  39.13	  -0.23	  -0.02
	  0.367	 -0.029	 -0.930
	 -0.039	  0.998	 -0.046
	  0.929	  0.053	  0.365

4 	  43.38	   5.71	  -2.57
	  0.622	  0.782	  0.006
	 -0.729	  0.576	  0.369
	  0.286	 -0.234	  0.929

5 	  51.36	   6.01	   9.00
	  0.793	 -0.607	 -0.046
	 -0.093	 -0.196	  0.976
	 -0.604	 -0.768	 -0.213

6 	  42.43	   8.91	   9.11
	 -0.594	 -0.130	 -0.794
	  0.248	  0.909	 -0.333
	  0.766	 -0.394	 -0.508

7 	  43.19	  -6.38	  -3.52
	  0.725	 -0.662	 -0.190
	  0.656	  0.747	 -0.104
	  0.211	 -0.049	  0.976

8 	  50.94	  -7.66	   8.86
	  0.849	  0.527	 -0.039
	  0.131	 -0.282	 -0.950
	 -0.513	  0.801	 -0.308

9 	  42.06	 -10.76	   7.86
	 -0.517	  0.124	 -0.846
	 -0.481	  0.776	  0.407
	  0.709	  0.616	 -0.342

2 	  33.54	  -8.09	  22.76
	  0.555	  0.830	 -0.047
	 -0.832	  0.553	 -0.033
	 -0.001	  0.058	  0.998

3 	  39.15	  -0.23	   0.00
	  0.368	 -0.033	 -0.929
	 -0.030	  0.998	 -0.047
	  0.929	  0.045	  0.367

4 	  43.44	   5.71	  -2.58
	  0.624	  0.781	 -0.002
	 -0.726	  0.580	  0.370
	  0.291	 -0.229	  0.929

5 	  51.42	   6.01	   9.00
	  0.789	 -0.613	 -0.039
	 -0.098	 -0.189	  0.977
	 -0.607	 -0.766	 -0.210

6 	  42.50	   8.98	   9.02
	 -0.589	 -0.135	 -0.797
	  0.251	  0.907	 -0.338
	  0.769	 -0.397	 -0.500

7 	  43.17	  -6.38	  -3.53
	  0.723	 -0.662	 -0.195
	  0.656	  0.747	 -0.102
	  0.214	 -0.055	  0.975

8 	  50.98	  -7.66	   8.81
	  0.846	  0.531	 -0.036
	  0.130	 -0.272	 -0.953
	 -0.517	  0.802	 -0.300

9 	  42.13	 -10.78	   7.77
	 -0.518	  0.134	 -0.845
	 -0.475	  0.777	  0.413
	  0.713	  0.614	 -0.338

2 	  33.54	  -8.09	  22.76
	  0.555	  0.830	 -0.047
	 -0.832	  0.554	 -0.033
	 -0.001	  0.058	  0.998

3 	  39.20	  -0.16	   0.00
	  0.369	 -0.030	 -0.929
	 -0.022	  0.999	 -0.041
	  0.929	  0.036	  0.367

4 	  43.51	   5.75	  -2.58
	  0.628	  0.778	 -0.006
	 -0.721	  0.583	  0.374
	  0.296	 -0.231	  0.927

5 	  51.43	   6.03	   9.04
	  0.786	 -0.617	 -0.033
	 -0.105	 -0.188	  0.976
	 -0.610	 -0.763	 -0.213

6 	  42.54	   9.02	   9.00
	 -0.586	 -0.136	 -0.799
	  0.253	  0.906	 -0.338
	  0.771	 -0.399	 -0.497

7 	  43.22	  -6.33	  -3.59
	  0.724	 -0.659	 -0.204
	  0.655	  0.749	 -0.098
	  0.218	 -0.063	  0.974

8 	  51.01	  -7.63	   8.77
	  0.845	  0.534	 -0.033
	  0.131	 -0.266	 -0.955
	 -0.520	  0.802	 -0.295

9 	  42.17	 -10.78	   7.73
	 -0.518	  0.136	 -0.845
	 -0.476	  0.774	  0.416
	  0.712	  0.616	 -0.336

