2 	  33.40	  -8.14	  22.83
	  0.568	  0.822	 -0.042
	 -0.823	  0.566	 -0.038
	 -0.006	  0.057	  0.998

3 	  40.10	   0.14	  -0.32
	  0.444	  0.029	 -0.895
	 -0.004	  0.999	  0.031
	  0.896	 -0.010	  0.444

4 	  44.42	   6.28	  -1.88
	  0.626	  0.768	  0.132
	 -0.750	  0.547	  0.370
	  0.213	 -0.331	  0.919

5 	  47.88	  11.79	  16.28
	  0.376	  0.073	  0.923
	 -0.643	  0.740	  0.198
	 -0.673	 -0.665	  0.323

6 	  42.50	  10.41	   8.51
	 -0.276	 -0.304	 -0.911
	  0.705	  0.581	 -0.406
	  0.655	 -0.753	  0.054

7 	  44.74	  -5.84	  -2.83
	  0.844	 -0.529	 -0.079
	  0.526	  0.848	 -0.057
	  0.097	  0.006	  0.995

8 	  49.54	 -10.90	  14.96
	  0.528	  0.035	  0.848
	  0.349	  0.902	 -0.255
	 -0.775	  0.429	  0.464

9 	  43.29	 -10.65	   8.19
	 -0.344	  0.188	 -0.920
	 -0.539	  0.763	  0.356
	  0.770	  0.617	 -0.160

2 	  33.40	  -8.16	  22.83
	  0.569	  0.821	 -0.042
	 -0.823	  0.567	 -0.038
	 -0.006	  0.057	  0.998

3 	  40.29	   0.18	  -0.37
	  0.451	  0.017	 -0.892
	  0.008	  1.000	  0.024
	  0.892	 -0.018	  0.451

4 	  44.72	   6.26	  -1.93
	  0.629	  0.764	  0.144
	 -0.752	  0.549	  0.365
	  0.201	 -0.338	  0.919

5 	  47.71	  11.87	  16.15
	  0.337	  0.070	  0.939
	 -0.606	  0.780	  0.154
	 -0.725	 -0.619	  0.303

6 	  42.50	  10.56	   8.03
	 -0.224	 -0.323	 -0.919
	  0.741	  0.556	 -0.375
	  0.634	 -0.765	  0.116

7 	  45.11	  -5.84	  -2.88
	  0.851	 -0.519	 -0.079
	  0.517	  0.855	 -0.041
	  0.089	 -0.006	  0.996

8 	  49.27	 -11.00	  14.70
	  0.512	  0.055	  0.857
	  0.306	  0.921	 -0.241
	 -0.803	  0.385	  0.454

9 	  43.14	 -10.97	   7.66
	 -0.294	  0.246	 -0.924
	 -0.542	  0.753	  0.372
	  0.788	  0.609	 -0.087

2 	  33.40	  -8.14	  22.83
	  0.568	  0.822	 -0.042
	 -0.823	  0.566	 -0.037
	 -0.006	  0.057	  0.998

3 	  40.69	   0.14	  -0.60
	  0.481	  0.004	 -0.876
	  0.014	  1.000	  0.013
	  0.876	 -0.019	  0.481

4 	  45.37	   6.17	  -2.23
	  0.628	  0.764	  0.148
	 -0.760	  0.560	  0.330
	  0.170	 -0.320	  0.932

5 	  46.60	  12.09	  15.73
	  0.190	  0.070	  0.979
	 -0.502	  0.864	  0.032
	 -0.845	 -0.496	  0.197

6 	  42.33	  11.14	   6.75
	 -0.108	 -0.355	 -0.928
	  0.827	  0.486	 -0.282
	  0.552	 -0.797	  0.242

7 	  45.88	  -5.75	  -3.25
	  0.864	 -0.497	 -0.077
	  0.500	  0.866	  0.010
	  0.061	 -0.048	  0.997

8 	  48.02	 -11.53	  14.06
	  0.344	  0.113	  0.932
	  0.067	  0.986	 -0.148
	 -0.937	  0.116	  0.330

9 	  42.87	 -12.06	   5.70
	 -0.162	  0.386	 -0.908
	 -0.649	  0.652	  0.392
	  0.744	  0.652	  0.146

2 	  33.43	  -8.12	  22.80
	  0.567	  0.822	 -0.044
	 -0.824	  0.565	 -0.037
	 -0.005	  0.057	  0.998

3 	  41.38	   0.12	  -0.95
	  0.525	  0.001	 -0.851
	  0.011	  1.000	  0.008
	  0.851	 -0.014	  0.525

4 	  46.21	   6.06	  -2.67
	  0.615	  0.777	  0.136
	 -0.780	  0.572	  0.253
	  0.119	 -0.262	  0.957

5 	  44.96	  12.48	  14.98
	 -0.002	  0.099	  0.995
	 -0.423	  0.901	 -0.093
	 -0.906	 -0.420	  0.039

6 	  42.03	  11.36	   5.47
	  0.038	 -0.371	 -0.928
	  0.859	  0.486	 -0.158
	  0.510	 -0.791	  0.338

7 	  46.74	  -5.54	  -3.60
	  0.866	 -0.496	 -0.062
	  0.500	  0.862	  0.082
	  0.012	 -0.102	  0.995

8 	  46.27	 -12.23	  13.36
	  0.135	  0.074	  0.988
	 -0.055	  0.996	 -0.071
	 -0.990	 -0.044	  0.137

9 	  42.61	 -12.34	   4.04
	 -0.008	  0.468	 -0.883
	 -0.706	  0.624	  0.336
	  0.709	  0.625	  0.326

2 	  33.45	  -8.10	  22.76
	  0.566	  0.823	 -0.045
	 -0.825	  0.564	 -0.035
	 -0.003	  0.057	  0.998

3 	  42.05	   0.05	  -1.34
	  0.562	 -0.001	 -0.827
	  0.003	  1.000	  0.001
	  0.827	 -0.003	  0.562

4 	  46.95	   5.91	  -3.04
	  0.591	  0.794	  0.141
	 -0.805	  0.567	  0.172
	  0.057	 -0.215	  0.975

5 	  43.49	  12.69	  13.96
	 -0.139	  0.126	  0.982
	 -0.424	  0.888	 -0.176
	 -0.895	 -0.441	 -0.071

6 	  41.62	  11.39	   4.66
	  0.129	 -0.329	 -0.935
	  0.832	  0.549	 -0.078
	  0.539	 -0.768	  0.345

7 	  47.53	  -5.40	  -3.90
	  0.863	 -0.503	 -0.040
	  0.503	  0.852	  0.142
	 -0.038	 -0.144	  0.989

8 	  44.58	 -12.53	  12.71
	 -0.042	  0.051	  0.998
	 -0.049	  0.997	 -0.055
	 -0.998	 -0.051	 -0.040

9 	  42.40	 -12.30	   2.79
	  0.135	  0.498	 -0.857
	 -0.736	  0.629	  0.249
	  0.663	  0.596	  0.452

2 	  33.49	  -8.09	  22.76
	  0.565	  0.823	 -0.045
	 -0.825	  0.563	 -0.034
	 -0.001	  0.057	  0.998

3 	  42.50	   0.05	  -1.56
	  0.595	 -0.002	 -0.804
	 -0.009	  1.000	 -0.009
	  0.804	  0.013	  0.595

4 	  47.39	   5.84	  -3.08
	  0.560	  0.813	  0.159
	 -0.829	  0.549	  0.108
	 -0.000	 -0.193	  0.981

5 	  42.06	  12.87	  13.18
	 -0.255	  0.174	  0.951
	 -0.410	  0.871	 -0.270
	 -0.876	 -0.458	 -0.151

6 	  40.92	  11.41	   4.87
	  0.229	 -0.251	 -0.941
	  0.723	  0.690	 -0.009
	  0.652	 -0.678	  0.339

7 	  47.97	  -5.34	  -3.88
	  0.860	 -0.509	 -0.017
	  0.504	  0.846	  0.175
	 -0.076	 -0.160	  0.984

8 	  43.21	 -12.85	  12.01
	 -0.173	  0.009	  0.985
	 -0.070	  0.997	 -0.023
	 -0.982	 -0.073	 -0.172

9 	  42.17	 -12.23	   1.76
	  0.233	  0.516	 -0.824
	 -0.744	  0.640	  0.190
	  0.626	  0.568	  0.533

2 	  33.50	  -8.09	  22.76
	  0.564	  0.824	 -0.045
	 -0.826	  0.562	 -0.035
	 -0.002	  0.057	  0.998

3 	  42.79	   0.04	  -1.71
	  0.616	 -0.004	 -0.788
	  0.010	  1.000	  0.003
	  0.788	 -0.010	  0.616

4 	  47.74	   5.78	  -3.22
	  0.546	  0.823	  0.158
	 -0.837	  0.543	  0.062
	 -0.036	 -0.167	  0.985

5 	  40.48	  13.25	  12.04
	 -0.422	  0.249	  0.872
	 -0.301	  0.868	 -0.394
	 -0.855	 -0.429	 -0.291

6 	  40.43	  11.48	   4.27
	  0.358	 -0.253	 -0.899
	  0.688	  0.722	  0.069
	  0.632	 -0.643	  0.432

7 	  48.29	  -5.20	  -4.08
	  0.847	 -0.532	 -0.016
	  0.519	  0.819	  0.242
	 -0.117	 -0.214	  0.969

8 	  41.31	 -13.76	  10.56
	 -0.331	 -0.085	  0.940
	 -0.066	  0.995	  0.067
	 -0.941	 -0.039	 -0.335

9 	  41.70	 -12.01	   0.62
	  0.354	  0.559	 -0.750
	 -0.723	  0.672	  0.161
	  0.595	  0.485	  0.641

2 	  33.50	  -8.07	  22.75
	  0.564	  0.824	 -0.046
	 -0.826	  0.562	 -0.033
	 -0.000	  0.057	  0.998

3 	  42.96	   0.12	  -1.69
	  0.635	  0.004	 -0.772
	  0.012	  1.000	  0.015
	  0.772	 -0.019	  0.635

4 	  47.94	   5.75	  -3.09
	  0.547	  0.819	  0.170
	 -0.835	  0.549	  0.036
	 -0.065	 -0.162	  0.984

5 	  40.64	  13.85	  11.78
	 -0.430	  0.300	  0.851
	 -0.272	  0.856	 -0.439
	 -0.861	 -0.421	 -0.286

6 	  40.76	  11.79	   4.36
	  0.351	 -0.284	 -0.892
	  0.699	  0.713	  0.048
	  0.623	 -0.641	  0.448

7 	  48.30	  -5.26	  -3.85
	  0.843	 -0.537	  0.018
	  0.520	  0.824	  0.225
	 -0.137	 -0.181	  0.974

8 	  41.59	 -13.43	  11.18
	 -0.311	 -0.066	  0.948
	 -0.084	  0.995	  0.041
	 -0.947	 -0.067	 -0.316

9 	  41.80	 -12.08	   1.28
	  0.329	  0.519	 -0.789
	 -0.733	  0.667	  0.134
	  0.596	  0.534	  0.600

2 	  33.52	  -8.09	  22.75
	  0.564	  0.824	 -0.046
	 -0.826	  0.562	 -0.033
	 -0.000	  0.057	  0.998

3 	  42.94	   0.07	  -1.63
	  0.642	  0.004	 -0.767
	  0.018	  1.000	  0.021
	  0.766	 -0.027	  0.642

4 	  47.90	   5.75	  -3.04
	  0.569	  0.808	  0.151
	 -0.821	  0.569	  0.050
	 -0.047	 -0.153	  0.987

5 	  41.82	  14.82	  11.87
	 -0.350	  0.356	  0.866
	 -0.269	  0.847	 -0.457
	 -0.897	 -0.394	 -0.201

6 	  41.36	  12.41	   4.46
	  0.276	 -0.344	 -0.897
	  0.730	  0.682	 -0.038
	  0.625	 -0.645	  0.439

7 	  48.30	  -5.26	  -3.73
	  0.851	 -0.524	  0.027
	  0.510	  0.839	  0.187
	 -0.122	 -0.146	  0.982

8 	  42.13	 -13.03	  11.65
	 -0.267	 -0.035	  0.963
	 -0.097	  0.995	  0.009
	 -0.959	 -0.091	 -0.270

9 	  41.96	 -12.04	   1.62
	  0.297	  0.496	 -0.816
	 -0.737	  0.662	  0.135
	  0.608	  0.561	  0.562

2 	  33.54	  -8.07	  22.75
	  0.565	  0.824	 -0.045
	 -0.826	  0.563	 -0.033
	 -0.000	  0.056	  0.998

3 	  43.01	   0.18	  -1.60
	  0.635	 -0.004	 -0.772
	  0.038	  0.999	  0.026
	  0.771	 -0.045	  0.634

4 	  48.11	   5.75	  -3.11
	  0.586	  0.797	  0.145
	 -0.808	  0.588	  0.034
	 -0.060	 -0.138	  0.989

5 	  41.61	  15.26	  11.34
	 -0.393	  0.384	  0.836
	 -0.227	  0.840	 -0.493
	 -0.891	 -0.383	 -0.243

6 	  41.43	  12.55	   3.99
	  0.334	 -0.362	 -0.870
	  0.734	  0.679	 -0.001
	  0.592	 -0.638	  0.492

7 	  48.43	  -5.20	  -3.81
	  0.843	 -0.538	  0.013
	  0.522	  0.823	  0.222
	 -0.132	 -0.182	  0.974

8 	  41.43	 -13.17	  11.02
	 -0.323	 -0.047	  0.945
	 -0.083	  0.996	  0.021
	 -0.943	 -0.071	 -0.326

9 	  41.77	 -11.87	   1.02
	  0.349	  0.509	 -0.787
	 -0.721	  0.682	  0.122
	  0.600	  0.524	  0.604

2 	  33.52	  -8.07	  22.73
	  0.564	  0.824	 -0.046
	 -0.826	  0.562	 -0.032
	  0.000	  0.056	  0.998

3 	  43.21	   0.21	  -1.63
	  0.643	 -0.007	 -0.765
	  0.033	  0.999	  0.018
	  0.765	 -0.037	  0.643

4 	  48.30	   5.70	  -3.01
	  0.576	  0.800	  0.169
	 -0.813	  0.582	  0.010
	 -0.092	 -0.144	  0.985

5 	  40.71	  14.40	  11.25
	 -0.461	  0.329	  0.824
	 -0.146	  0.887	 -0.437
	 -0.875	 -0.322	 -0.361

6 	  41.15	  12.18	   3.96
	  0.421	 -0.292	 -0.859
	  0.722	  0.681	  0.121
	  0.550	 -0.671	  0.497

7 	  48.52	  -5.20	  -3.83
	  0.837	 -0.547	  0.016
	  0.528	  0.815	  0.236
	 -0.143	 -0.190	  0.971

8 	  40.87	 -12.60	  10.88
	 -0.371	 -0.009	  0.928
	 -0.186	  0.980	 -0.065
	 -0.910	 -0.196	 -0.366

9 	  41.68	 -11.85	   0.88
	  0.390	  0.477	 -0.788
	 -0.722	  0.689	  0.060
	  0.572	  0.545	  0.612

2 	  33.52	  -8.07	  22.73
	  0.564	  0.824	 -0.046
	 -0.826	  0.562	 -0.032
	  0.000	  0.056	  0.998

3 	  43.37	   0.21	  -1.67
	  0.651	  0.000	 -0.759
	  0.034	  0.999	  0.029
	  0.758	 -0.045	  0.650

4 	  48.52	   5.71	  -2.87
	  0.578	  0.793	  0.192
	 -0.810	  0.587	  0.009
	 -0.107	 -0.161	  0.981

5 	  40.18	  13.71	  11.20
	 -0.515	  0.283	  0.809
	  0.032	  0.949	 -0.313
	 -0.857	 -0.135	 -0.498

6 	  41.29	  12.13	   3.80
	  0.516	 -0.271	 -0.812
	  0.734	  0.629	  0.256
	  0.443	 -0.728	  0.523

7 	  48.64	  -5.29	  -3.71
	  0.819	 -0.571	  0.043
	  0.543	  0.798	  0.260
	 -0.185	 -0.191	  0.964

8 	  39.74	 -12.11	  10.69
	 -0.437	  0.023	  0.899
	 -0.146	  0.984	 -0.096
	 -0.888	 -0.172	 -0.427

9 	  41.26	 -11.55	   0.77
	  0.459	  0.435	 -0.775
	 -0.689	  0.724	 -0.001
	  0.562	  0.534	  0.631

2 	  33.54	  -8.07	  22.73
	  0.564	  0.825	 -0.046
	 -0.827	  0.562	 -0.032
	  0.000	  0.057	  0.998

3 	  43.42	   0.16	  -1.69
	  0.656	 -0.009	 -0.755
	  0.039	  0.999	  0.022
	  0.754	 -0.044	  0.655

4 	  48.60	   5.59	  -2.90
	  0.579	  0.791	  0.193
	 -0.806	  0.591	 -0.008
	 -0.123	 -0.151	  0.981

5 	  39.34	  13.29	  10.62
	 -0.576	  0.267	  0.773
	  0.085	  0.959	 -0.270
	 -0.814	 -0.090	 -0.574

6 	  40.92	  11.94	   3.43
	  0.579	 -0.260	 -0.773
	  0.708	  0.630	  0.318
	  0.406	 -0.731	  0.548

7 	  48.57	  -5.48	  -3.55
	  0.804	 -0.590	  0.070
	  0.556	  0.788	  0.265
	 -0.214	 -0.176	  0.961

8 	  39.22	 -11.74	  10.76
	 -0.462	  0.053	  0.885
	 -0.111	  0.987	 -0.116
	 -0.880	 -0.151	 -0.450

9 	  40.97	 -11.48	   0.91
	  0.484	  0.404	 -0.776
	 -0.668	  0.744	 -0.028
	  0.567	  0.532	  0.629

2 	  33.54	  -8.07	  22.73
	  0.564	  0.825	 -0.046
	 -0.827	  0.562	 -0.032
	  0.000	  0.057	  0.998

3 	  43.33	   0.04	  -1.71
	  0.657	 -0.022	 -0.754
	  0.042	  0.999	  0.008
	  0.753	 -0.037	  0.657

4 	  48.52	   5.50	  -2.90
	  0.579	  0.792	  0.193
	 -0.806	  0.592	 -0.013
	 -0.126	 -0.149	  0.981

5 	  38.97	  12.94	  10.46
	 -0.602	  0.253	  0.757
	  0.124	  0.966	 -0.226
	 -0.789	 -0.042	 -0.613

6 	  40.78	  11.79	   3.29
	  0.610	 -0.252	 -0.751
	  0.698	  0.620	  0.358
	  0.377	 -0.743	  0.553

7 	  48.46	  -5.59	  -3.50
	  0.797	 -0.598	  0.079
	  0.562	  0.784	  0.261
	 -0.221	 -0.165	  0.961

8 	  38.87	 -11.62	  10.76
	 -0.476	  0.064	  0.877
	 -0.087	  0.989	 -0.119
	 -0.875	 -0.132	 -0.465

9 	  40.75	 -11.43	   0.93
	  0.499	  0.392	 -0.773
	 -0.655	  0.754	 -0.040
	  0.569	  0.526	  0.632

2 	  33.54	  -8.07	  22.75
	  0.564	  0.825	 -0.046
	 -0.827	  0.562	 -0.032
	  0.000	  0.057	  0.998

3 	  43.28	   0.00	  -1.74
	  0.657	 -0.031	 -0.753
	  0.042	  0.999	 -0.005
	  0.752	 -0.029	  0.658

4 	  48.43	   5.41	  -2.94
	  0.576	  0.794	  0.193
	 -0.807	  0.590	 -0.021
	 -0.133	 -0.144	  0.980

5 	  38.72	  12.94	  10.30
	 -0.614	  0.258	  0.746
	  0.111	  0.963	 -0.244
	 -0.782	 -0.068	 -0.620

6 	  40.62	  11.74	   3.22
	  0.618	 -0.252	 -0.744
	  0.687	  0.634	  0.355
	  0.383	 -0.731	  0.564

7 	  48.39	  -5.66	  -3.43
	  0.797	 -0.597	  0.090
	  0.563	  0.787	  0.251
	 -0.224	 -0.151	  0.963

8 	  39.20	 -11.65	  11.13
	 -0.453	  0.059	  0.889
	 -0.093	  0.989	 -0.113
	 -0.887	 -0.133	 -0.443

9 	  40.82	 -11.48	   1.30
	  0.473	  0.382	 -0.794
	 -0.667	  0.744	 -0.037
	  0.577	  0.547	  0.606

2 	  33.54	  -8.07	  22.75
	  0.564	  0.825	 -0.046
	 -0.827	  0.562	 -0.033
	 -0.001	  0.057	  0.998

3 	  43.21	  -0.04	  -1.67
	  0.651	 -0.034	 -0.758
	  0.048	  0.999	 -0.004
	  0.757	 -0.034	  0.652

4 	  48.32	   5.45	  -2.94
	  0.583	  0.793	  0.176
	 -0.804	  0.594	 -0.015
	 -0.119	 -0.134	  0.984

5 	  39.88	  14.04	  10.58
	 -0.536	  0.334	  0.775
	  0.106	  0.937	 -0.332
	 -0.838	 -0.096	 -0.537

6 	  41.24	  12.34	   3.50
	  0.528	 -0.344	 -0.776
	  0.746	  0.625	  0.229
	  0.408	 -0.700	  0.586

7 	  48.32	  -5.71	  -3.34
	  0.806	 -0.585	  0.087
	  0.560	  0.802	  0.206
	 -0.192	 -0.119	  0.974

8 	  39.96	 -11.48	  11.85
	 -0.396	  0.076	  0.915
	 -0.103	  0.987	 -0.126
	 -0.913	 -0.144	 -0.383

9 	  40.99	 -11.57	   1.92
	  0.423	  0.365	 -0.829
	 -0.682	  0.731	 -0.025
	  0.598	  0.575	  0.558

2 	  33.54	  -8.07	  22.75
	  0.564	  0.825	 -0.046
	 -0.827	  0.562	 -0.033
	 -0.001	  0.057	  0.998

3 	  43.12	  -0.02	  -1.56
	  0.640	 -0.045	 -0.767
	  0.073	  0.997	  0.002
	  0.765	 -0.058	  0.642

4 	  48.38	   5.36	  -3.11
	  0.625	  0.770	  0.128
	 -0.777	  0.630	  0.000
	 -0.082	 -0.100	  0.991

5 	  41.52	  15.42	  10.34
	 -0.450	  0.435	  0.780
	  0.149	  0.897	 -0.415
	 -0.880	 -0.071	 -0.469

6 	  42.22	  12.97	   3.23
	  0.457	 -0.435	 -0.776
	  0.804	  0.574	  0.151
	  0.381	 -0.693	  0.611

7 	  48.22	  -5.71	  -3.41
	  0.802	 -0.593	  0.075
	  0.571	  0.796	  0.200
	 -0.180	 -0.119	  0.976

8 	  39.60	 -11.51	  11.67
	 -0.401	  0.071	  0.913
	 -0.075	  0.991	 -0.109
	 -0.913	 -0.113	 -0.392

9 	  40.73	 -11.41	   1.65
	  0.438	  0.367	 -0.821
	 -0.659	  0.752	 -0.015
	  0.613	  0.546	  0.571

2 	  33.54	  -8.07	  22.75
	  0.564	  0.825	 -0.046
	 -0.827	  0.562	 -0.033
	 -0.001	  0.057	  0.998

3 	  43.22	   0.00	  -1.60
	  0.638	 -0.056	 -0.768
	  0.081	  0.997	 -0.006
	  0.765	 -0.058	  0.641

4 	  48.59	   5.22	  -3.16
	  0.622	  0.770	  0.140
	 -0.776	  0.631	 -0.023
	 -0.108	 -0.094	  0.990

5 	  40.45	  14.66	  10.07
	 -0.522	  0.387	  0.760
	  0.135	  0.917	 -0.376
	 -0.842	 -0.094	 -0.531

6 	  41.62	  12.30	   2.90
	  0.536	 -0.375	 -0.756
	  0.758	  0.607	  0.236
	  0.372	 -0.700	  0.609

7 	  48.27	  -5.78	  -3.39
	  0.789	 -0.609	  0.077
	  0.583	  0.782	  0.217
	 -0.194	 -0.127	  0.972

8 	  39.32	 -11.34	  11.57
	 -0.415	  0.082	  0.906
	 -0.046	  0.993	 -0.110
	 -0.909	 -0.087	 -0.408

9 	  40.61	 -11.30	   1.60
	  0.458	  0.346	 -0.819
	 -0.637	  0.770	 -0.029
	  0.621	  0.534	  0.573

2 	  33.54	  -8.09	  22.75
	  0.564	  0.825	 -0.046
	 -0.827	  0.562	 -0.032
	  0.000	  0.057	  0.998

3 	  43.21	  -0.11	  -1.71
	  0.635	 -0.070	 -0.769
	  0.083	  0.996	 -0.023
	  0.768	 -0.049	  0.638

4 	  48.45	   5.10	  -3.18
	  0.587	  0.788	  0.182
	 -0.800	  0.600	 -0.025
	 -0.131	 -0.131	  0.983

5 	  38.57	  12.50	  10.14
	 -0.615	  0.242	  0.750
	  0.077	  0.965	 -0.250
	 -0.785	 -0.097	 -0.612

6 	  40.36	  11.18	   3.02
	  0.625	 -0.243	 -0.742
	  0.668	  0.658	  0.347
	  0.405	 -0.712	  0.573

7 	  48.11	  -5.89	  -3.48
	  0.775	 -0.627	  0.076
	  0.600	  0.768	  0.221
	 -0.199	 -0.127	  0.972

8 	  38.69	 -10.90	  11.37
	 -0.434	  0.112	  0.894
	 -0.009	  0.992	 -0.128
	 -0.901	 -0.064	 -0.429

9 	  40.17	 -11.06	   1.44
	  0.483	  0.320	 -0.815
	 -0.611	  0.790	 -0.051
	  0.629	  0.522	  0.576

2 	  33.52	  -8.09	  22.75
	  0.564	  0.824	 -0.046
	 -0.826	  0.562	 -0.033
	 -0.000	  0.057	  0.998

3 	  42.91	  -0.18	  -1.76
	  0.625	 -0.079	 -0.777
	  0.092	  0.995	 -0.028
	  0.775	 -0.053	  0.629

4 	  48.13	   5.06	  -3.15
	  0.578	  0.792	  0.192
	 -0.806	  0.591	 -0.018
	 -0.130	 -0.145	  0.981

5 	  38.39	  12.38	  10.28
	 -0.609	  0.242	  0.755
	  0.062	  0.963	 -0.260
	 -0.791	 -0.111	 -0.602

6 	  40.24	  11.14	   3.15
	  0.613	 -0.250	 -0.749
	  0.677	  0.655	  0.335
	  0.408	 -0.713	  0.570

7 	  47.76	  -5.94	  -3.50
	  0.769	 -0.634	  0.074
	  0.611	  0.764	  0.208
	 -0.191	 -0.116	  0.974

8 	  38.58	 -10.92	  11.60
	 -0.423	  0.106	  0.900
	 -0.014	  0.992	 -0.123
	 -0.906	 -0.064	 -0.418

9 	  39.88	 -11.11	   1.67
	  0.469	  0.313	 -0.826
	 -0.612	  0.789	 -0.048
	  0.638	  0.528	  0.561

2 	  33.54	  -8.07	  22.75
	  0.564	  0.825	 -0.046
	 -0.827	  0.562	 -0.033
	 -0.001	  0.057	  0.998

3 	  42.70	  -0.14	  -1.67
	  0.613	 -0.086	 -0.786
	  0.102	  0.994	 -0.030
	  0.784	 -0.061	  0.618

4 	  47.92	   5.04	  -3.15
	  0.599	  0.781	  0.173
	 -0.793	  0.609	 -0.004
	 -0.110	 -0.135	  0.984

5 	  38.83	  12.78	  10.49
	 -0.576	  0.267	  0.772
	  0.077	  0.958	 -0.275
	 -0.814	 -0.099	 -0.573

6 	  40.39	  11.43	   3.34
	  0.577	 -0.277	 -0.769
	  0.708	  0.639	  0.301
	  0.408	 -0.718	  0.564

7 	  47.50	  -6.03	  -3.46
	  0.770	 -0.635	  0.070
	  0.616	  0.766	  0.180
	 -0.170	 -0.096	  0.981

8 	  38.92	 -10.90	  12.04
	 -0.384	  0.116	  0.916
	  0.004	  0.992	 -0.124
	 -0.923	 -0.044	 -0.382

9 	  39.87	 -11.18	   2.07
	  0.434	  0.306	 -0.847
	 -0.621	  0.782	 -0.035
	  0.653	  0.541	  0.529

2 	  33.52	  -8.09	  22.75
	  0.564	  0.824	 -0.046
	 -0.826	  0.562	 -0.033
	 -0.001	  0.057	  0.998

3 	  42.49	  -0.16	  -1.58
	  0.599	 -0.086	 -0.796
	  0.106	  0.994	 -0.028
	  0.794	 -0.067	  0.604

4 	  47.76	   5.04	  -3.16
	  0.614	  0.774	  0.156
	 -0.785	  0.619	  0.017
	 -0.085	 -0.133	  0.987

5 	  39.41	  13.17	  10.95
	 -0.521	  0.292	  0.802
	  0.002	  0.940	 -0.341
	 -0.854	 -0.176	 -0.490

6 	  40.48	  11.48	   3.74
	  0.520	 -0.286	 -0.805
	  0.719	  0.655	  0.232
	  0.462	 -0.699	  0.545

7 	  47.36	  -6.03	  -3.55
	  0.781	 -0.623	  0.049
	  0.611	  0.777	  0.149
	 -0.132	 -0.087	  0.987

8 	  39.71	 -11.04	  12.46
	 -0.319	  0.108	  0.941
	  0.024	  0.994	 -0.106
	 -0.947	 -0.010	 -0.320

9 	  40.01	 -11.25	   2.44
	  0.385	  0.313	 -0.868
	 -0.631	  0.776	  0.000
	  0.674	  0.547	  0.495

2 	  33.52	  -8.09	  22.75
	  0.564	  0.824	 -0.045
	 -0.826	  0.562	 -0.033
	 -0.001	  0.057	  0.998

3 	  42.35	  -0.18	  -1.48
	  0.587	 -0.082	 -0.805
	  0.088	  0.995	 -0.038
	  0.805	 -0.048	  0.591

4 	  47.53	   5.13	  -3.09
	  0.614	  0.775	  0.150
	 -0.787	  0.615	  0.040
	 -0.062	 -0.144	  0.988

5 	  40.03	  13.59	  11.55
	 -0.438	  0.287	  0.851
	 -0.221	  0.884	 -0.412
	 -0.871	 -0.369	 -0.324

6 	  40.41	  11.57	   4.39
	  0.417	 -0.275	 -0.866
	  0.701	  0.703	  0.114
	  0.579	 -0.655	  0.486

7 	  47.20	  -5.99	  -3.45
	  0.796	 -0.604	  0.031
	  0.598	  0.793	  0.119
	 -0.097	 -0.077	  0.992

8 	  41.47	 -11.36	  13.17
	 -0.167	  0.097	  0.981
	  0.081	  0.993	 -0.085
	 -0.982	  0.065	 -0.174

9 	  40.32	 -11.43	   3.30
	  0.277	  0.356	 -0.892
	 -0.615	  0.779	  0.120
	  0.738	  0.515	  0.435

2 	  33.50	  -8.09	  22.75
	  0.564	  0.824	 -0.046
	 -0.826	  0.562	 -0.033
	 -0.000	  0.057	  0.998

3 	  42.13	  -0.25	  -1.25
	  0.577	 -0.073	 -0.814
	  0.053	  0.997	 -0.052
	  0.815	 -0.014	  0.579

4 	  47.11	   5.27	  -2.90
	  0.608	  0.777	  0.161
	 -0.793	  0.602	  0.085
	 -0.032	 -0.180	  0.983

5 	  42.38	  14.34	  12.76
	 -0.091	  0.301	  0.949
	 -0.785	  0.564	 -0.256
	 -0.614	 -0.768	  0.184

6 	  40.54	  11.48	   6.50
	  0.036	 -0.341	 -0.939
	  0.556	  0.788	 -0.264
	  0.831	 -0.512	  0.218

7 	  46.95	  -6.01	  -3.38
	  0.826	 -0.564	 -0.003
	  0.562	  0.823	  0.082
	 -0.045	 -0.070	  0.996

8 	  45.62	 -12.53	  13.54
	  0.220	  0.034	  0.975
	  0.343	  0.933	 -0.110
	 -0.914	  0.358	  0.192

9 	  41.47	 -11.69	   5.08
	  0.025	  0.432	 -0.901
	 -0.523	  0.774	  0.356
	  0.852	  0.462	  0.246

2 	  33.50	  -8.07	  22.75
	  0.564	  0.824	 -0.045
	 -0.826	  0.562	 -0.033
	 -0.001	  0.057	  0.998

3 	  41.70	  -0.26	  -1.05
	  0.549	 -0.060	 -0.834
	  0.034	  0.998	 -0.049
	  0.835	 -0.002	  0.550

4 	  46.49	   5.50	  -2.65
	  0.625	  0.758	  0.182
	 -0.780	  0.597	  0.186
	  0.032	 -0.259	  0.965

5 	  46.48	  14.59	  13.92
	  0.377	  0.321	  0.869
	 -0.926	  0.169	  0.337
	 -0.041	 -0.932	  0.359

6 	  42.80	  11.48	   9.00
	 -0.463	 -0.314	 -0.829
	  0.406	  0.757	 -0.512
	  0.789	 -0.572	 -0.223

7 	  46.58	  -6.06	  -3.18
	  0.859	 -0.511	 -0.006
	  0.511	  0.858	  0.037
	 -0.014	 -0.035	  0.999

8 	  49.75	 -12.80	  13.01
	  0.570	  0.010	  0.821
	  0.328	  0.914	 -0.239
	 -0.754	  0.405	  0.517

9 	  43.00	 -11.92	   6.57
	 -0.257	  0.420	 -0.870
	 -0.422	  0.762	  0.491
	  0.870	  0.492	 -0.018

2 	  33.50	  -8.07	  22.75
	  0.564	  0.824	 -0.045
	 -0.826	  0.562	 -0.033
	 -0.001	  0.057	  0.998

3 	  41.47	  -0.18	  -0.88
	  0.535	 -0.062	 -0.843
	  0.059	  0.997	 -0.036
	  0.843	 -0.031	  0.537

4 	  46.28	   5.73	  -2.25
	  0.652	  0.723	  0.227
	 -0.757	  0.604	  0.249
	  0.043	 -0.335	  0.941

5 	  49.20	  14.08	  14.20
	  0.627	  0.158	  0.763
	 -0.780	  0.095	  0.618
	  0.021	 -0.983	  0.183

6 	  44.28	  12.01	  10.11
	 -0.673	 -0.184	 -0.716
	  0.426	  0.695	 -0.578
	  0.606	 -0.693	 -0.390

7 	  46.41	  -6.29	  -2.67
	  0.857	 -0.514	  0.029
	  0.514	  0.857	  0.011
	 -0.031	  0.005	  0.999

8 	  52.07	 -11.76	  11.23
	  0.884	  0.173	  0.433
	  0.152	  0.769	 -0.621
	 -0.441	  0.616	  0.652

9 	  43.72	 -12.08	   7.77
	 -0.406	  0.369	 -0.836
	 -0.352	  0.781	  0.515
	  0.844	  0.502	 -0.187

2 	  33.50	  -8.09	  22.75
	  0.564	  0.824	 -0.045
	 -0.826	  0.562	 -0.033
	 -0.001	  0.056	  0.998

3 	  41.13	  -0.32	  -0.67
	  0.515	 -0.039	 -0.856
	  0.043	  0.999	 -0.020
	  0.856	 -0.027	  0.517

4 	  45.77	   5.99	  -1.63
	  0.654	  0.708	  0.265
	 -0.754	  0.582	  0.304
	  0.061	 -0.399	  0.915

5 	  51.64	  12.71	  13.11
	  0.877	 -0.050	  0.477
	 -0.474	  0.068	  0.877
	 -0.078	 -0.996	  0.038

6 	  45.70	  11.88	  10.99
	 -0.893	 -0.027	 -0.450
	  0.315	  0.676	 -0.666
	  0.322	 -0.737	 -0.595

7 	  46.35	  -6.35	  -2.29
	  0.885	 -0.462	  0.050
	  0.464	  0.882	 -0.079
	 -0.008	  0.093	  0.995

8 	  53.75	  -8.03	   9.54
	  0.812	  0.575	  0.099
	 -0.269	  0.515	 -0.813
	 -0.523	  0.635	  0.568

9 	  45.76	 -12.08	   8.40
	 -0.556	  0.150	 -0.817
	 -0.540	  0.682	  0.492
	  0.634	  0.714	 -0.298

2 	  33.50	  -8.09	  22.75
	  0.564	  0.824	 -0.046
	 -0.826	  0.562	 -0.033
	 -0.000	  0.057	  0.998

3 	  40.85	  -0.33	  -0.53
	  0.485	 -0.017	 -0.874
	  0.008	  1.000	 -0.015
	  0.874	 -0.000	  0.486

4 	  45.42	   6.10	  -1.55
	  0.653	  0.715	  0.249
	 -0.752	  0.575	  0.320
	  0.086	 -0.397	  0.914

5 	  53.28	  10.34	  11.16
	  0.935	 -0.296	  0.195
	 -0.139	  0.198	  0.970
	 -0.326	 -0.935	  0.143

6 	  46.99	  11.25	  11.32
	 -0.947	  0.202	 -0.249
	  0.320	  0.653	 -0.686
	  0.022	 -0.731	 -0.682

7 	  46.25	  -6.24	  -2.41
	  0.898	 -0.440	  0.016
	  0.439	  0.892	 -0.108
	  0.033	  0.104	  0.994

8 	  54.07	  -5.87	   9.53
	  0.715	  0.698	  0.033
	 -0.311	  0.354	 -0.882
	 -0.632	  0.620	  0.465

9 	  46.62	 -11.30	   8.86
	 -0.575	 -0.025	 -0.818
	 -0.649	  0.623	  0.436
	  0.500	  0.781	 -0.374

2 	  33.50	  -8.09	  22.75
	  0.564	  0.824	 -0.045
	 -0.826	  0.562	 -0.033
	 -0.001	  0.057	  0.998

3 	  40.75	  -0.25	  -0.46
	  0.460	  0.000	 -0.888
	 -0.017	  1.000	 -0.009
	  0.887	  0.019	  0.460

4 	  45.32	   6.24	  -1.53
	  0.652	  0.724	  0.224
	 -0.751	  0.576	  0.322
	  0.104	 -0.379	  0.919

5 	  53.19	   7.84	  11.25
	  0.846	 -0.509	  0.159
	  0.047	  0.365	  0.929
	 -0.533	 -0.780	  0.329

6 	  46.83	  10.27	  11.69
	 -0.927	  0.304	 -0.220
	  0.371	  0.636	 -0.677
	 -0.068	 -0.710	 -0.700

7 	  46.18	  -6.21	  -2.50
	  0.895	 -0.446	  0.005
	  0.444	  0.891	 -0.092
	  0.036	  0.084	  0.995

8 	  53.63	  -5.22	  11.07
	  0.704	  0.695	  0.143
	 -0.155	  0.342	 -0.927
	 -0.696	  0.631	  0.344

9 	  46.09	 -10.81	   9.18
	 -0.494	 -0.081	 -0.865
	 -0.697	  0.631	  0.339
	  0.521	  0.770	 -0.367

2 	  33.52	  -8.09	  22.75
	  0.564	  0.824	 -0.046
	 -0.826	  0.562	 -0.033
	 -0.000	  0.057	  0.998

3 	  40.73	  -0.19	  -0.46
	  0.456	  0.012	 -0.890
	 -0.034	  0.999	 -0.003
	  0.889	  0.031	  0.456

4 	  45.37	   6.33	  -1.49
	  0.648	  0.736	  0.193
	 -0.750	  0.572	  0.331
	  0.134	 -0.360	  0.923

5 	  52.88	   7.10	  11.37
	  0.829	 -0.529	  0.177
	  0.199	  0.574	  0.794
	 -0.525	 -0.625	  0.578

6 	  46.60	   9.84	  12.18
	 -0.920	  0.317	 -0.230
	  0.388	  0.638	 -0.665
	 -0.066	 -0.703	 -0.708

7 	  45.95	  -6.22	  -2.50
	  0.887	 -0.462	  0.015
	  0.460	  0.881	 -0.103
	  0.034	  0.098	  0.994

8 	  53.47	  -5.24	  11.18
	  0.711	  0.680	  0.176
	 -0.203	  0.435	 -0.877
	 -0.677	  0.588	  0.443

9 	  46.04	 -10.71	   9.25
	 -0.493	 -0.085	 -0.865
	 -0.697	  0.634	  0.334
	  0.522	  0.768	 -0.371

