2 	  32.70	  -6.63	  22.99
	  0.109	  0.993	 -0.033
	 -0.994	  0.109	 -0.003
	  0.001	  0.033	  0.999

3 	  44.70	   0.12	   2.02
	 -0.176	  0.124	 -0.976
	  0.065	 -0.988	 -0.138
	 -0.982	 -0.088	  0.165

4 	  39.41	   6.56	  -3.50
	  0.501	  0.845	  0.185
	 -0.854	  0.448	  0.262
	  0.139	 -0.290	  0.947

5 	  36.39	  10.62	   9.42
	  0.137	  0.311	  0.940
	  0.071	 -0.950	  0.303
	  0.988	  0.025	 -0.153

6 	  42.93	  11.37	  19.79
	  0.537	 -0.021	  0.843
	 -0.832	 -0.176	  0.526
	  0.137	 -0.984	 -0.112

7 	  39.71	  -7.65	  -3.80
	  0.375	 -0.898	  0.227
	  0.905	  0.304	 -0.296
	  0.197	  0.317	  0.927

8 	  37.28	 -10.18	   9.54
	  0.333	 -0.261	  0.906
	 -0.217	 -0.956	 -0.196
	  0.917	 -0.131	 -0.376

9 	  48.94	 -11.95	   8.26
	  0.971	  0.173	  0.166
	  0.043	  0.551	 -0.833
	 -0.236	  0.816	  0.528

2 	  32.70	  -6.61	  22.99
	  0.109	  0.993	 -0.033
	 -0.994	  0.109	 -0.003
	  0.001	  0.033	  0.999

3 	  44.63	   0.12	   2.06
	 -0.183	  0.125	 -0.975
	  0.065	 -0.988	 -0.139
	 -0.981	 -0.089	  0.173

4 	  39.36	   6.59	  -3.41
	  0.500	  0.844	  0.193
	 -0.855	  0.448	  0.261
	  0.134	 -0.296	  0.946

5 	  36.54	  10.09	   9.69
	  0.139	  0.272	  0.952
	  0.073	 -0.962	  0.264
	  0.987	  0.033	 -0.154

6 	  42.56	  11.51	  20.39
	  0.429	  0.008	  0.903
	 -0.884	  0.206	  0.419
	 -0.183	 -0.978	  0.095

7 	  39.66	  -7.72	  -3.74
	  0.372	 -0.897	  0.240
	  0.907	  0.296	 -0.299
	  0.197	  0.329	  0.923

8 	  37.00	 -10.11	   9.56
	  0.316	 -0.271	  0.909
	 -0.240	 -0.950	 -0.199
	  0.917	 -0.156	 -0.365

9 	  48.46	 -12.38	   8.46
	  0.974	  0.135	  0.179
	  0.089	  0.499	 -0.862
	 -0.206	  0.856	  0.474

2 	  32.70	  -6.61	  22.99
	  0.109	  0.993	 -0.033
	 -0.994	  0.109	 -0.003
	  0.000	  0.033	  0.999

3 	  44.60	   0.11	   2.06
	 -0.188	  0.126	 -0.974
	  0.063	 -0.988	 -0.140
	 -0.980	 -0.088	  0.177

4 	  39.38	   6.61	  -3.39
	  0.502	  0.842	  0.196
	 -0.855	  0.449	  0.261
	  0.132	 -0.299	  0.945

5 	  36.67	   9.79	   9.84
	  0.129	  0.245	  0.961
	  0.070	 -0.969	  0.237
	  0.989	  0.036	 -0.142

6 	  42.06	  11.41	  20.72
	  0.289	 -0.020	  0.957
	 -0.745	  0.623	  0.238
	 -0.601	 -0.782	  0.165

7 	  39.66	  -7.70	  -3.71
	  0.368	 -0.894	  0.253
	  0.908	  0.289	 -0.302
	  0.196	  0.341	  0.919

8 	  36.67	 -10.04	   9.44
	  0.283	 -0.287	  0.915
	 -0.262	 -0.941	 -0.214
	  0.922	 -0.180	 -0.341

9 	  47.20	 -13.27	   8.86
	  0.966	  0.050	  0.252
	  0.219	  0.357	 -0.908
	 -0.136	  0.932	  0.334

2 	  32.70	  -6.61	  22.99
	  0.109	  0.993	 -0.033
	 -0.994	  0.108	 -0.003
	  0.000	  0.033	  0.999

3 	  44.58	   0.12	   2.13
	 -0.187	  0.128	 -0.974
	  0.062	 -0.988	 -0.142
	 -0.980	 -0.087	  0.176

4 	  39.38	   6.66	  -3.34
	  0.504	  0.841	  0.196
	 -0.854	  0.450	  0.260
	  0.130	 -0.299	  0.945

5 	  36.49	   9.72	   9.77
	  0.089	  0.220	  0.971
	  0.027	 -0.975	  0.219
	  0.995	  0.007	 -0.094

6 	  41.34	  11.29	  21.16
	  0.167	 -0.046	  0.985
	 -0.692	  0.706	  0.150
	 -0.702	 -0.707	  0.086

7 	  39.67	  -7.68	  -3.69
	  0.369	 -0.893	  0.259
	  0.908	  0.288	 -0.302
	  0.195	  0.347	  0.917

8 	  36.42	 -10.32	   9.19
	  0.233	 -0.303	  0.924
	 -0.250	 -0.937	 -0.245
	  0.939	 -0.174	 -0.294

9 	  44.75	 -13.83	  10.88
	  0.868	 -0.030	  0.495
	  0.488	  0.223	 -0.844
	 -0.085	  0.974	  0.209

2 	  32.70	  -6.61	  22.99
	  0.109	  0.993	 -0.033
	 -0.994	  0.108	 -0.003
	  0.000	  0.033	  0.999

3 	  44.61	   0.12	   2.09
	 -0.183	  0.132	 -0.974
	  0.061	 -0.987	 -0.145
	 -0.981	 -0.086	  0.173

4 	  39.46	   6.70	  -3.34
	  0.505	  0.841	  0.192
	 -0.854	  0.453	  0.256
	  0.129	 -0.294	  0.947

5 	  36.19	   9.65	   9.53
	  0.048	  0.209	  0.976
	  0.010	 -0.978	  0.209
	  0.999	 -0.000	 -0.049

6 	  40.48	  11.25	  21.25
	  0.094	 -0.031	  0.995
	 -0.646	  0.759	  0.085
	 -0.758	 -0.650	  0.051

7 	  39.80	  -7.70	  -3.71
	  0.379	 -0.886	  0.265
	  0.906	  0.298	 -0.301
	  0.188	  0.354	  0.916

8 	  36.18	 -10.69	   8.93
	  0.184	 -0.293	  0.938
	 -0.177	 -0.949	 -0.261
	  0.967	 -0.117	 -0.227

9 	  41.77	 -13.22	  14.77
	  0.587	 -0.028	  0.809
	  0.780	  0.283	 -0.557
	 -0.214	  0.958	  0.188

2 	  32.70	  -6.63	  22.99
	  0.109	  0.993	 -0.033
	 -0.994	  0.109	 -0.003
	  0.000	  0.033	  0.999

3 	  44.65	   0.12	   2.07
	 -0.178	  0.134	 -0.975
	  0.061	 -0.987	 -0.147
	 -0.982	 -0.086	  0.168

4 	  39.48	   6.71	  -3.41
	  0.504	  0.843	  0.187
	 -0.854	  0.453	  0.255
	  0.130	 -0.289	  0.948

5 	  36.04	   9.58	   9.37
	  0.019	  0.203	  0.979
	 -0.004	 -0.979	  0.203
	  1.000	 -0.008	 -0.018

6 	  39.80	  11.32	  21.25
	  0.022	  0.001	  1.000
	 -0.557	  0.830	  0.010
	 -0.830	 -0.557	  0.019

7 	  39.78	  -7.77	  -3.73
	  0.381	 -0.885	  0.268
	  0.905	  0.299	 -0.301
	  0.186	  0.358	  0.915

8 	  36.09	 -10.56	   8.93
	  0.130	 -0.252	  0.959
	 -0.129	 -0.963	 -0.235
	  0.983	 -0.093	 -0.158

9 	  39.55	 -12.59	  17.74
	  0.251	 -0.032	  0.967
	  0.842	  0.500	 -0.202
	 -0.478	  0.865	  0.152

2 	  32.68	  -6.61	  22.99
	  0.108	  0.993	 -0.034
	 -0.994	  0.108	 -0.004
	  0.000	  0.033	  0.999

3 	  44.63	   0.12	   2.06
	 -0.175	  0.133	 -0.975
	  0.059	 -0.988	 -0.145
	 -0.983	 -0.083	  0.165

4 	  39.50	   6.68	  -3.52
	  0.504	  0.845	  0.179
	 -0.854	  0.456	  0.250
	  0.130	 -0.280	  0.951

5 	  36.02	   9.56	   9.14
	  0.001	  0.202	  0.979
	 -0.018	 -0.979	  0.202
	  1.000	 -0.018	  0.002

6 	  39.38	  11.44	  21.18
	  0.000	  0.077	  0.997
	 -0.428	  0.901	 -0.070
	 -0.904	 -0.427	  0.033

7 	  39.81	  -7.89	  -3.67
	  0.376	 -0.881	  0.288
	  0.910	  0.293	 -0.293
	  0.174	  0.372	  0.911

8 	  35.84	 -10.27	   8.91
	  0.072	 -0.215	  0.974
	 -0.122	 -0.971	 -0.205
	  0.990	 -0.104	 -0.096

9 	  38.16	 -12.20	  18.90
	  0.104	 -0.035	  0.994
	  0.831	  0.552	 -0.068
	 -0.547	  0.833	  0.087

2 	  32.70	  -6.61	  22.99
	  0.108	  0.993	 -0.034
	 -0.994	  0.108	 -0.004
	  0.000	  0.033	  0.999

3 	  44.68	   0.04	   2.04
	 -0.168	  0.125	 -0.978
	  0.053	 -0.989	 -0.136
	 -0.984	 -0.075	  0.160

4 	  39.66	   6.64	  -3.62
	  0.510	  0.842	  0.174
	 -0.852	  0.465	  0.241
	  0.122	 -0.271	  0.954

5 	  36.14	   9.67	   9.12
	 -0.008	  0.207	  0.978
	 -0.040	 -0.978	  0.206
	  0.999	 -0.038	  0.016

6 	  39.60	  11.53	  20.92
	  0.061	  0.127	  0.990
	 -0.324	  0.940	 -0.101
	 -0.944	 -0.315	  0.099

7 	  39.81	  -7.93	  -3.66
	  0.367	 -0.883	  0.291
	  0.914	  0.285	 -0.289
	  0.172	  0.372	  0.912

8 	  35.81	 -10.20	   8.95
	  0.062	 -0.203	  0.977
	 -0.109	 -0.974	 -0.196
	  0.992	 -0.095	 -0.083

9 	  38.11	 -11.62	  18.65
	  0.132	 -0.020	  0.991
	  0.791	  0.605	 -0.093
	 -0.598	  0.796	  0.096

2 	  32.70	  -6.61	  22.99
	  0.108	  0.993	 -0.034
	 -0.994	  0.108	 -0.004
	  0.000	  0.034	  0.999

3 	  44.74	   0.00	   2.00
	 -0.167	  0.123	 -0.978
	  0.049	 -0.990	 -0.134
	 -0.985	 -0.071	  0.159

4 	  39.71	   6.63	  -3.64
	  0.516	  0.839	  0.172
	 -0.848	  0.472	  0.241
	  0.121	 -0.271	  0.955

5 	  36.42	   9.65	   9.28
	  0.042	  0.232	  0.972
	  0.034	 -0.972	  0.231
	  0.998	  0.024	 -0.049

6 	  40.69	  12.06	  20.55
	  0.155	  0.052	  0.986
	 -0.753	  0.652	  0.084
	 -0.639	 -0.756	  0.140

7 	  39.80	  -7.93	  -3.64
	  0.369	 -0.885	  0.284
	  0.912	  0.286	 -0.294
	  0.179	  0.368	  0.912

8 	  36.21	 -10.39	   9.09
	  0.136	 -0.231	  0.963
	 -0.134	 -0.968	 -0.213
	  0.981	 -0.101	 -0.163

9 	  40.03	 -12.64	  17.38
	  0.311	 -0.028	  0.950
	  0.878	  0.390	 -0.276
	 -0.363	  0.920	  0.146

2 	  32.70	  -6.61	  22.99
	  0.108	  0.993	 -0.033
	 -0.994	  0.108	 -0.003
	  0.000	  0.033	  0.999

3 	  44.74	   0.00	   1.97
	 -0.168	  0.124	 -0.978
	  0.049	 -0.990	 -0.134
	 -0.984	 -0.070	  0.160

4 	  39.55	   6.63	  -3.64
	  0.521	  0.838	  0.162
	 -0.841	  0.471	  0.265
	  0.145	 -0.275	  0.950

5 	  36.81	   9.60	   9.44
	  0.099	  0.228	  0.968
	  0.053	 -0.973	  0.223
	  0.993	  0.029	 -0.109

6 	  41.80	  11.83	  20.48
	  0.237	  0.013	  0.971
	 -0.812	  0.552	  0.190
	 -0.534	 -0.834	  0.141

7 	  39.64	  -7.91	  -3.74
	  0.388	 -0.884	  0.260
	  0.895	  0.295	 -0.334
	  0.218	  0.363	  0.906

8 	  36.69	 -10.44	   9.23
	  0.211	 -0.231	  0.950
	 -0.119	 -0.970	 -0.210
	  0.970	 -0.068	 -0.232

9 	  41.89	 -12.34	  16.28
	  0.453	  0.004	  0.891
	  0.798	  0.444	 -0.408
	 -0.398	  0.896	  0.198

2 	  32.70	  -6.61	  22.99
	  0.109	  0.993	 -0.034
	 -0.994	  0.109	 -0.004
	  0.000	  0.034	  0.999

3 	  44.70	  -0.02	   1.85
	 -0.195	  0.130	 -0.972
	  0.045	 -0.989	 -0.142
	 -0.980	 -0.071	  0.187

4 	  39.27	   6.57	  -3.50
	  0.523	  0.840	  0.144
	 -0.834	  0.468	  0.292
	  0.178	 -0.273	  0.945

5 	  36.95	   9.77	   9.74
	  0.148	  0.230	  0.962
	  0.060	 -0.973	  0.224
	  0.987	  0.025	 -0.158

6 	  42.49	  11.69	  20.62
	  0.314	 -0.097	  0.944
	 -0.903	  0.276	  0.329
	 -0.292	 -0.956	 -0.001

7 	  39.45	  -7.95	  -3.62
	  0.395	 -0.878	  0.269
	  0.886	  0.288	 -0.362
	  0.240	  0.381	  0.893

8 	  36.97	 -10.46	   9.56
	  0.267	 -0.235	  0.934
	 -0.142	 -0.969	 -0.203
	  0.953	 -0.078	 -0.292

9 	  42.89	 -12.43	  15.79
	  0.538	  0.010	  0.843
	  0.762	  0.422	 -0.491
	 -0.361	  0.906	  0.219

2 	  32.70	  -6.61	  22.99
	  0.109	  0.993	 -0.034
	 -0.994	  0.109	 -0.004
	  0.000	  0.034	  0.999

3 	  44.58	   0.00	   1.83
	 -0.226	  0.126	 -0.966
	  0.051	 -0.989	 -0.141
	 -0.973	 -0.081	  0.217

4 	  39.02	   6.52	  -3.38
	  0.509	  0.848	  0.145
	 -0.839	  0.452	  0.304
	  0.192	 -0.277	  0.941

5 	  36.77	   9.95	   9.84
	  0.175	  0.241	  0.954
	  0.055	 -0.971	  0.234
	  0.983	  0.012	 -0.183

6 	  42.70	  11.46	  20.58
	  0.393	 -0.118	  0.912
	 -0.906	  0.123	  0.406
	 -0.160	 -0.985	 -0.058

7 	  39.38	  -7.98	  -3.45
	  0.407	 -0.867	  0.286
	  0.883	  0.295	 -0.364
	  0.231	  0.401	  0.886

8 	  37.07	 -10.51	   9.69
	  0.284	 -0.231	  0.931
	 -0.128	 -0.971	 -0.202
	  0.950	 -0.062	 -0.305

9 	  43.03	 -12.36	  15.87
	  0.533	  0.012	  0.846
	  0.751	  0.453	 -0.480
	 -0.389	  0.891	  0.232

2 	  32.70	  -6.61	  22.99
	  0.109	  0.993	 -0.034
	 -0.994	  0.109	 -0.004
	  0.000	  0.034	  0.999

3 	  44.42	   0.02	   1.79
	 -0.238	  0.125	 -0.963
	  0.057	 -0.988	 -0.143
	 -0.970	 -0.089	  0.228

4 	  38.88	   6.54	  -3.25
	  0.509	  0.846	  0.159
	 -0.841	  0.449	  0.303
	  0.185	 -0.288	  0.939

5 	  36.65	  10.09	   9.91
	  0.181	  0.249	  0.951
	  0.053	 -0.969	  0.243
	  0.982	  0.007	 -0.189

6 	  42.75	  11.60	  20.55
	  0.393	 -0.103	  0.914
	 -0.898	  0.170	  0.405
	 -0.197	 -0.980	 -0.026

7 	  39.27	  -7.95	  -3.39
	  0.405	 -0.867	  0.291
	  0.885	  0.291	 -0.365
	  0.231	  0.405	  0.884

8 	  36.84	 -10.41	   9.69
	  0.261	 -0.239	  0.935
	 -0.144	 -0.968	 -0.207
	  0.954	 -0.081	 -0.287

9 	  42.33	 -12.43	  16.33
	  0.488	 -0.008	  0.872
	  0.786	  0.439	 -0.436
	 -0.380	  0.898	  0.220

2 	  32.70	  -6.63	  22.99
	  0.109	  0.993	 -0.033
	 -0.994	  0.109	 -0.003
	  0.000	  0.033	  0.999

3 	  44.38	   0.02	   1.83
	 -0.239	  0.125	 -0.963
	  0.056	 -0.988	 -0.143
	 -0.969	 -0.088	  0.229

4 	  39.01	   6.63	  -3.25
	  0.518	  0.838	  0.170
	 -0.838	  0.458	  0.296
	  0.171	 -0.296	  0.940

5 	  36.56	  10.20	   9.74
	  0.144	  0.255	  0.956
	  0.022	 -0.967	  0.255
	  0.989	 -0.016	 -0.145

6 	  42.40	  11.55	  20.71
	  0.288	 -0.053	  0.956
	 -0.780	  0.567	  0.266
	 -0.556	 -0.822	  0.122

7 	  39.29	  -7.93	  -3.45
	  0.394	 -0.871	  0.293
	  0.890	  0.283	 -0.357
	  0.227	  0.402	  0.887

8 	  36.46	 -10.46	   9.42
	  0.202	 -0.227	  0.952
	 -0.096	 -0.973	 -0.212
	  0.974	 -0.049	 -0.218

9 	  40.66	 -11.69	  17.17
	  0.351	  0.007	  0.936
	  0.762	  0.579	 -0.290
	 -0.545	  0.815	  0.198

2 	  32.70	  -6.61	  22.99
	  0.109	  0.993	 -0.033
	 -0.994	  0.108	 -0.003
	  0.000	  0.033	  0.999

3 	  44.42	   0.02	   1.88
	 -0.225	  0.127	 -0.966
	  0.053	 -0.988	 -0.142
	 -0.973	 -0.083	  0.216

4 	  39.20	   6.64	  -3.30
	  0.520	  0.836	  0.174
	 -0.841	  0.465	  0.278
	  0.151	 -0.291	  0.945

5 	  36.16	  10.21	   9.47
	  0.072	  0.250	  0.965
	 -0.028	 -0.967	  0.252
	  0.997	 -0.045	 -0.063

6 	  41.12	  11.55	  20.79
	  0.199	 -0.000	  0.980
	 -0.662	  0.738	  0.134
	 -0.723	 -0.675	  0.147

7 	  39.52	  -7.93	  -3.52
	  0.385	 -0.874	  0.296
	  0.900	  0.285	 -0.329
	  0.203	  0.393	  0.897

8 	  35.96	 -10.60	   9.09
	  0.117	 -0.205	  0.972
	 -0.021	 -0.979	 -0.204
	  0.993	  0.004	 -0.119

9 	  38.85	 -10.86	  18.04
	  0.190	  0.043	  0.981
	  0.690	  0.704	 -0.165
	 -0.698	  0.708	  0.104

2 	  32.68	  -6.61	  22.99
	  0.109	  0.993	 -0.034
	 -0.994	  0.109	 -0.003
	  0.000	  0.034	  0.999

3 	  44.46	   0.05	   2.00
	 -0.210	  0.127	 -0.969
	  0.058	 -0.988	 -0.142
	 -0.976	 -0.086	  0.200

4 	  39.41	   6.64	  -3.30
	  0.514	  0.838	  0.184
	 -0.849	  0.466	  0.248
	  0.122	 -0.284	  0.951

5 	  35.68	  10.25	   9.21
	 -0.007	  0.247	  0.969
	 -0.056	 -0.968	  0.246
	  0.998	 -0.052	  0.021

6 	  39.60	  11.83	  21.04
	  0.067	  0.030	  0.997
	 -0.606	  0.795	  0.016
	 -0.792	 -0.606	  0.071

7 	  39.73	  -7.91	  -3.53
	  0.378	 -0.876	  0.300
	  0.909	  0.291	 -0.297
	  0.173	  0.385	  0.906

8 	  35.53	 -10.78	   8.75
	  0.038	 -0.192	  0.981
	  0.048	 -0.980	 -0.194
	  0.998	  0.054	 -0.028

9 	  37.76	 -10.79	  18.58
	  0.093	  0.063	  0.994
	  0.646	  0.755	 -0.108
	 -0.758	  0.652	  0.029

2 	  32.70	  -6.61	  22.99
	  0.108	  0.993	 -0.034
	 -0.994	  0.108	 -0.003
	  0.000	  0.034	  0.999

3 	  44.53	   0.07	   2.14
	 -0.188	  0.129	 -0.974
	  0.065	 -0.987	 -0.144
	 -0.980	 -0.091	  0.177

4 	  39.64	   6.68	  -3.34
	  0.506	  0.840	  0.195
	 -0.857	  0.465	  0.221
	  0.095	 -0.279	  0.955

5 	  35.19	  10.25	   8.79
	 -0.077	  0.246	  0.966
	 -0.085	 -0.967	  0.240
	  0.993	 -0.064	  0.095

6 	  38.18	  11.99	  21.02
	 -0.038	  0.041	  0.998
	 -0.573	  0.817	 -0.055
	 -0.818	 -0.574	 -0.007

7 	  39.99	  -7.91	  -3.66
	  0.377	 -0.875	  0.303
	  0.914	  0.300	 -0.273
	  0.148	  0.381	  0.913

8 	  35.35	 -10.92	   8.35
	 -0.019	 -0.186	  0.982
	  0.101	 -0.978	 -0.183
	  0.995	  0.096	  0.037

9 	  37.18	 -10.79	  18.93
	  0.014	  0.072	  0.997
	  0.596	  0.800	 -0.066
	 -0.803	  0.595	 -0.032

2 	  32.70	  -6.61	  22.99
	  0.108	  0.993	 -0.034
	 -0.994	  0.108	 -0.003
	  0.000	  0.033	  0.999

3 	  44.58	   0.07	   2.20
	 -0.178	  0.129	 -0.975
	  0.074	 -0.987	 -0.145
	 -0.981	 -0.099	  0.166

4 	  39.80	   6.70	  -3.50
	  0.495	  0.846	  0.197
	 -0.865	  0.458	  0.207
	  0.085	 -0.274	  0.958

5 	  34.66	  10.21	   8.23
	 -0.142	  0.247	  0.958
	 -0.090	 -0.967	  0.236
	  0.985	 -0.053	  0.160

6 	  36.81	  12.13	  20.72
	 -0.133	  0.053	  0.990
	 -0.539	  0.834	 -0.117
	 -0.832	 -0.549	 -0.082

7 	  40.27	  -7.91	  -3.74
	  0.379	 -0.871	  0.312
	  0.917	  0.308	 -0.254
	  0.124	  0.383	  0.915

8 	  35.21	 -10.90	   8.05
	 -0.075	 -0.175	  0.981
	  0.139	 -0.977	 -0.164
	  0.987	  0.125	  0.097

9 	  36.21	 -10.83	  19.46
	 -0.087	  0.073	  0.993
	  0.573	  0.819	 -0.010
	 -0.815	  0.568	 -0.114

2 	  32.68	  -6.61	  22.99
	  0.109	  0.993	 -0.033
	 -0.994	  0.109	 -0.003
	  0.001	  0.033	  0.999

3 	  44.63	   0.11	   2.30
	 -0.162	  0.125	 -0.979
	  0.085	 -0.986	 -0.141
	 -0.983	 -0.106	  0.149

4 	  40.01	   6.68	  -3.64
	  0.474	  0.856	  0.206
	 -0.878	  0.442	  0.183
	  0.066	 -0.268	  0.961

5 	  34.05	  10.16	   7.59
	 -0.223	  0.253	  0.941
	 -0.086	 -0.967	  0.239
	  0.971	 -0.027	  0.237

6 	  35.23	  12.30	  20.30
	 -0.220	  0.061	  0.973
	 -0.518	  0.838	 -0.171
	 -0.826	 -0.542	 -0.153

7 	  40.59	  -7.96	  -3.78
	  0.371	 -0.869	  0.328
	  0.924	  0.310	 -0.225
	  0.094	  0.386	  0.917

8 	  34.89	 -10.88	   7.70
	 -0.143	 -0.164	  0.976
	  0.157	 -0.977	 -0.141
	  0.977	  0.133	  0.165

9 	  34.84	 -11.11	  19.86
	 -0.198	  0.065	  0.978
	  0.567	  0.821	  0.060
	 -0.799	  0.566	 -0.199

2 	  32.68	  -6.61	  22.99
	  0.108	  0.993	 -0.033
	 -0.994	  0.108	 -0.004
	  0.000	  0.033	  0.999

3 	  44.74	   0.16	   2.43
	 -0.144	  0.120	 -0.982
	  0.096	 -0.986	 -0.135
	 -0.985	 -0.114	  0.130

4 	  40.18	   6.63	  -3.71
	  0.453	  0.865	  0.218
	 -0.891	  0.426	  0.158
	  0.044	 -0.266	  0.963

5 	  33.63	  10.09	   7.05
	 -0.286	  0.256	  0.923
	 -0.084	 -0.967	  0.242
	  0.954	 -0.008	  0.298

6 	  34.10	  12.36	  19.81
	 -0.273	  0.062	  0.960
	 -0.510	  0.836	 -0.199
	 -0.815	 -0.544	 -0.197

7 	  40.85	  -7.95	  -3.78
	  0.357	 -0.872	  0.336
	  0.931	  0.306	 -0.195
	  0.067	  0.383	  0.921

8 	  34.59	 -10.83	   7.33
	 -0.205	 -0.156	  0.966
	  0.161	 -0.979	 -0.125
	  0.965	  0.130	  0.226

9 	  33.80	 -11.29	  19.92
	 -0.277	  0.066	  0.958
	  0.567	  0.816	  0.107
	 -0.776	  0.573	 -0.264

2 	  32.68	  -6.61	  22.99
	  0.109	  0.993	 -0.033
	 -0.994	  0.108	 -0.003
	  0.001	  0.033	  0.999

3 	  44.81	   0.18	   2.50
	 -0.130	  0.118	 -0.984
	  0.101	 -0.986	 -0.131
	 -0.986	 -0.117	  0.116

4 	  40.38	   6.64	  -3.73
	  0.443	  0.865	  0.233
	 -0.896	  0.419	  0.147
	  0.029	 -0.274	  0.961

5 	  33.49	   9.90	   6.77
	 -0.326	  0.247	  0.912
	 -0.082	 -0.969	  0.233
	  0.942	  0.001	  0.335

6 	  33.42	  12.27	  19.56
	 -0.323	  0.066	  0.944
	 -0.496	  0.837	 -0.229
	 -0.806	 -0.542	 -0.238

7 	  41.03	  -8.00	  -3.85
	  0.337	 -0.879	  0.337
	  0.940	  0.294	 -0.173
	  0.053	  0.376	  0.925

8 	  34.24	 -10.67	   6.98
	 -0.261	 -0.139	  0.955
	  0.154	 -0.983	 -0.101
	  0.953	  0.120	  0.277

9 	  32.75	 -11.16	  20.02
	 -0.346	  0.081	  0.935
	  0.574	  0.806	  0.143
	 -0.742	  0.586	 -0.325

2 	  32.77	  -6.56	  22.94
	  0.490	  0.871	 -0.035
	 -0.871	  0.490	 -0.015
	  0.004	  0.037	  0.999

3 	  44.86	   0.16	   2.57
	 -0.125	  0.118	 -0.985
	  0.102	 -0.986	 -0.131
	 -0.987	 -0.117	  0.111

4 	  40.55	   6.68	  -3.73
	  0.432	  0.865	  0.254
	 -0.902	  0.412	  0.132
	  0.010	 -0.286	  0.958

5 	  33.29	   9.65	   6.57
	 -0.364	  0.231	  0.902
	 -0.072	 -0.973	  0.220
	  0.928	  0.015	  0.371

6 	  32.54	  12.09	  19.34
	 -0.385	  0.068	  0.920
	 -0.475	  0.840	 -0.261
	 -0.791	 -0.537	 -0.291

7 	  41.13	  -7.98	  -3.85
	  0.320	 -0.883	  0.344
	  0.946	  0.282	 -0.156
	  0.041	  0.375	  0.926

8 	  33.98	 -10.41	   6.75
	 -0.305	 -0.122	  0.944
	  0.128	 -0.988	 -0.087
	  0.943	  0.094	  0.317

9 	  31.87	 -10.97	  20.16
	 -0.401	  0.091	  0.911
	  0.584	  0.792	  0.178
	 -0.706	  0.603	 -0.371

2 	  32.80	  -6.61	  22.96
	  0.577	  0.816	 -0.028
	 -0.816	  0.577	 -0.017
	  0.002	  0.032	  0.999

3 	  44.89	   0.18	   2.58
	 -0.119	  0.118	 -0.986
	  0.103	 -0.986	 -0.130
	 -0.987	 -0.117	  0.105

4 	  40.61	   6.66	  -3.71
	  0.419	  0.868	  0.265
	 -0.908	  0.402	  0.118
	 -0.004	 -0.290	  0.957

5 	  33.03	   9.47	   6.35
	 -0.398	  0.219	  0.891
	 -0.056	 -0.975	  0.214
	  0.915	  0.035	  0.400

6 	  31.62	  12.09	  19.02
	 -0.441	  0.082	  0.894
	 -0.454	  0.839	 -0.301
	 -0.774	 -0.538	 -0.333

7 	  41.19	  -7.96	  -3.85
	  0.311	 -0.884	  0.347
	  0.949	  0.276	 -0.148
	  0.034	  0.376	  0.926

8 	  33.86	 -10.37	   6.56
	 -0.333	 -0.121	  0.935
	  0.127	 -0.988	 -0.083
	  0.934	  0.092	  0.344

9 	  31.36	 -11.14	  20.04
	 -0.439	  0.078	  0.895
	  0.571	  0.793	  0.210
	 -0.694	  0.603	 -0.393

2 	  32.80	  -6.61	  22.96
	  0.577	  0.816	 -0.028
	 -0.817	  0.577	 -0.017
	  0.002	  0.032	  0.999

3 	  44.89	   0.16	   2.62
	 -0.116	  0.118	 -0.986
	  0.104	 -0.986	 -0.130
	 -0.988	 -0.118	  0.102

4 	  40.62	   6.68	  -3.74
	  0.401	  0.875	  0.272
	 -0.916	  0.385	  0.109
	 -0.009	 -0.293	  0.956

5 	  32.77	   9.28	   6.10
	 -0.432	  0.209	  0.877
	 -0.041	 -0.976	  0.212
	  0.901	  0.056	  0.429

6 	  30.74	  12.06	  18.63
	 -0.493	  0.098	  0.865
	 -0.423	  0.841	 -0.337
	 -0.760	 -0.532	 -0.373

7 	  41.27	  -7.96	  -3.87
	  0.309	 -0.885	  0.348
	  0.951	  0.276	 -0.142
	  0.029	  0.375	  0.926

8 	  33.79	 -10.44	   6.29
	 -0.363	 -0.135	  0.922
	  0.131	 -0.987	 -0.092
	  0.922	  0.088	  0.375

9 	  30.71	 -11.72	  19.93
	 -0.492	  0.053	  0.869
	  0.556	  0.787	  0.266
	 -0.670	  0.614	 -0.417

2 	  32.80	  -6.63	  22.96
	  0.577	  0.816	 -0.028
	 -0.817	  0.577	 -0.017
	  0.003	  0.032	  0.999

3 	  44.91	   0.23	   2.64
	 -0.110	  0.118	 -0.987
	  0.110	 -0.985	 -0.130
	 -0.988	 -0.123	  0.095

4 	  40.64	   6.70	  -3.73
	  0.380	  0.882	  0.277
	 -0.925	  0.368	  0.097
	 -0.016	 -0.294	  0.956

5 	  32.54	   9.12	   5.82
	 -0.462	  0.203	  0.863
	 -0.026	 -0.976	  0.215
	  0.886	  0.077	  0.456

6 	  30.01	  12.08	  18.19
	 -0.532	  0.108	  0.840
	 -0.404	  0.839	 -0.364
	 -0.744	 -0.533	 -0.402

7 	  41.43	  -7.96	  -3.87
	  0.304	 -0.886	  0.349
	  0.952	  0.278	 -0.126
	  0.015	  0.370	  0.928

8 	  33.70	 -10.48	   5.98
	 -0.397	 -0.140	  0.907
	  0.136	 -0.986	 -0.093
	  0.908	  0.086	  0.410

9 	  29.97	 -12.27	  19.78
	 -0.552	  0.037	  0.833
	  0.538	  0.778	  0.322
	 -0.637	  0.626	 -0.450

2 	  32.80	  -6.63	  22.96
	  0.577	  0.816	 -0.028
	 -0.816	  0.577	 -0.017
	  0.002	  0.032	  0.999

3 	  44.95	   0.26	   2.65
	 -0.102	  0.117	 -0.988
	  0.118	 -0.984	 -0.129
	 -0.988	 -0.130	  0.087

4 	  40.73	   6.68	  -3.74
	  0.365	  0.887	  0.281
	 -0.931	  0.355	  0.087
	 -0.023	 -0.293	  0.956

5 	  32.47	   9.05	   5.52
	 -0.489	  0.201	  0.849
	 -0.022	 -0.975	  0.219
	  0.872	  0.088	  0.481

6 	  29.43	  12.18	  17.74
	 -0.568	  0.122	  0.814
	 -0.377	  0.840	 -0.389
	 -0.731	 -0.528	 -0.432

7 	  41.61	  -7.91	  -3.90
	  0.298	 -0.889	  0.349
	  0.954	  0.275	 -0.114
	  0.005	  0.367	  0.930

8 	  33.63	 -10.37	   5.75
	 -0.430	 -0.135	  0.893
	  0.128	 -0.988	 -0.087
	  0.894	  0.077	  0.442

9 	  29.41	 -12.32	  19.69
	 -0.595	  0.041	  0.803
	  0.528	  0.773	  0.352
	 -0.606	  0.633	 -0.482

2 	  32.80	  -6.63	  22.96
	  0.577	  0.816	 -0.028
	 -0.816	  0.577	 -0.017
	  0.002	  0.032	  0.999

3 	  45.02	   0.30	   2.76
	 -0.091	  0.113	 -0.989
	  0.125	 -0.984	 -0.125
	 -0.988	 -0.135	  0.076

4 	  40.85	   6.70	  -3.78
	  0.349	  0.893	  0.282
	 -0.936	  0.343	  0.073
	 -0.032	 -0.289	  0.957

5 	  32.34	   9.00	   5.13
	 -0.518	  0.205	  0.830
	 -0.018	 -0.973	  0.229
	  0.855	  0.103	  0.507

6 	  28.86	  12.27	  17.19
	 -0.601	  0.135	  0.787
	 -0.346	  0.844	 -0.409
	 -0.720	 -0.518	 -0.461

7 	  41.77	  -7.93	  -3.92
	  0.287	 -0.891	  0.351
	  0.958	  0.269	 -0.099
	 -0.006	  0.365	  0.931

8 	  33.50	 -10.27	   5.45
	 -0.459	 -0.128	  0.879
	  0.117	 -0.990	 -0.083
	  0.880	  0.065	  0.469

9 	  28.86	 -12.36	  19.44
	 -0.627	  0.049	  0.777
	  0.522	  0.767	  0.372
	 -0.578	  0.639	 -0.507

2 	  32.80	  -6.63	  22.96
	  0.577	  0.816	 -0.028
	 -0.817	  0.577	 -0.017
	  0.002	  0.032	  0.999

3 	  45.09	   0.30	   2.76
	 -0.081	  0.110	 -0.991
	  0.129	 -0.984	 -0.120
	 -0.988	 -0.137	  0.065

4 	  40.99	   6.64	  -3.88
	  0.334	  0.900	  0.281
	 -0.942	  0.332	  0.053
	 -0.046	 -0.282	  0.958

5 	  32.19	   8.88	   4.69
	 -0.552	  0.204	  0.808
	 -0.010	 -0.971	  0.238
	  0.833	  0.123	  0.538

6 	  28.16	  12.23	  16.58
	 -0.638	  0.137	  0.757
	 -0.320	  0.847	 -0.424
	 -0.700	 -0.513	 -0.497

7 	  42.03	  -7.93	  -4.01
	  0.271	 -0.897	  0.350
	  0.962	  0.262	 -0.072
	 -0.028	  0.356	  0.934

8 	  33.42	 -10.12	   5.03
	 -0.495	 -0.124	  0.860
	  0.101	 -0.991	 -0.085
	  0.863	  0.045	  0.503

9 	  28.32	 -12.32	  19.23
	 -0.669	  0.059	  0.740
	  0.516	  0.754	  0.406
	 -0.535	  0.654	 -0.535

2 	  32.80	  -6.64	  22.96
	  0.577	  0.816	 -0.028
	 -0.816	  0.577	 -0.016
	  0.003	  0.032	  0.999

3 	  45.16	   0.32	   2.78
	 -0.068	  0.107	 -0.992
	  0.135	 -0.984	 -0.115
	 -0.988	 -0.142	  0.053

4 	  41.08	   6.63	  -3.92
	  0.312	  0.908	  0.278
	 -0.948	  0.316	  0.033
	 -0.058	 -0.275	  0.960

5 	  32.08	   8.77	   4.45
	 -0.576	  0.198	  0.793
	  0.004	 -0.970	  0.244
	  0.818	  0.144	  0.557

6 	  27.70	  12.13	  16.14
	 -0.664	  0.138	  0.735
	 -0.305	  0.847	 -0.435
	 -0.682	 -0.513	 -0.520

7 	  42.29	  -7.84	  -4.04
	  0.255	 -0.903	  0.346
	  0.965	  0.258	 -0.037
	 -0.056	  0.344	  0.937

8 	  33.31	  -9.97	   4.55
	 -0.535	 -0.120	  0.836
	  0.081	 -0.992	 -0.090
	  0.841	  0.019	  0.541

9 	  27.67	 -12.39	  18.79
	 -0.709	  0.068	  0.701
	  0.508	  0.739	  0.442
	 -0.488	  0.670	 -0.559

2 	  32.82	  -6.64	  22.96
	  0.577	  0.816	 -0.028
	 -0.816	  0.577	 -0.017
	  0.002	  0.032	  0.999

3 	  45.21	   0.33	   2.81
	 -0.055	  0.106	 -0.993
	  0.142	 -0.983	 -0.113
	 -0.988	 -0.148	  0.039

4 	  41.15	   6.64	  -3.92
	  0.299	  0.912	  0.278
	 -0.952	  0.305	  0.024
	 -0.063	 -0.272	  0.960

5 	  32.12	   8.70	   4.32
	 -0.584	  0.198	  0.787
	  0.005	 -0.969	  0.247
	  0.812	  0.149	  0.564

6 	  27.62	  12.13	  15.93
	 -0.674	  0.148	  0.723
	 -0.281	  0.854	 -0.437
	 -0.683	 -0.498	 -0.534

7 	  42.38	  -7.80	  -4.11
	  0.236	 -0.912	  0.334
	  0.969	  0.245	 -0.016
	 -0.068	  0.328	  0.942

8 	  33.13	  -9.86	   4.13
	 -0.567	 -0.120	  0.815
	  0.068	 -0.993	 -0.098
	  0.821	 -0.000	  0.571

9 	  27.21	 -12.53	  18.32
	 -0.737	  0.070	  0.672
	  0.499	  0.728	  0.470
	 -0.456	  0.682	 -0.572

2 	  32.82	  -6.63	  22.96
	  0.577	  0.816	 -0.028
	 -0.817	  0.577	 -0.016
	  0.003	  0.032	  0.999

3 	  45.28	   0.35	   2.87
	 -0.046	  0.107	 -0.993
	  0.143	 -0.983	 -0.113
	 -0.989	 -0.147	  0.030

4 	  41.24	   6.66	  -3.92
	  0.298	  0.912	  0.282
	 -0.952	  0.305	  0.019
	 -0.069	 -0.274	  0.959

5 	  32.13	   8.81	   4.22
	 -0.594	  0.203	  0.778
	 -0.003	 -0.968	  0.250
	  0.804	  0.146	  0.575

6 	  27.44	  12.34	  15.70
	 -0.691	  0.162	  0.704
	 -0.252	  0.859	 -0.445
	 -0.678	 -0.485	 -0.552

7 	  42.40	  -7.73	  -4.11
	  0.224	 -0.918	  0.327
	  0.972	  0.235	 -0.005
	 -0.072	  0.319	  0.945

8 	  32.99	  -9.79	   3.88
	 -0.587	 -0.125	  0.800
	  0.065	 -0.992	 -0.107
	  0.807	 -0.011	  0.591

9 	  26.86	 -12.69	  17.98
	 -0.753	  0.068	  0.654
	  0.490	  0.721	  0.490
	 -0.438	  0.689	 -0.577

2 	  32.82	  -6.64	  22.96
	  0.577	  0.816	 -0.028
	 -0.817	  0.577	 -0.016
	  0.003	  0.032	  0.999

3 	  45.30	   0.33	   2.92
	 -0.036	  0.107	 -0.994
	  0.141	 -0.984	 -0.111
	 -0.989	 -0.144	  0.021

4 	  41.36	   6.68	  -3.92
	  0.294	  0.912	  0.285
	 -0.953	  0.304	  0.008
	 -0.079	 -0.274	  0.958

5 	  32.06	   8.82	   3.92
	 -0.613	  0.205	  0.763
	 -0.005	 -0.967	  0.255
	  0.790	  0.152	  0.594

6 	  27.02	  12.41	  15.28
	 -0.715	  0.169	  0.678
	 -0.227	  0.861	 -0.454
	 -0.660	 -0.479	 -0.578

7 	  42.40	  -7.75	  -4.13
	  0.212	 -0.923	  0.321
	  0.974	  0.225	  0.003
	 -0.075	  0.312	  0.947

8 	  32.92	  -9.76	   3.69
	 -0.604	 -0.124	  0.787
	  0.058	 -0.992	 -0.111
	  0.795	 -0.021	  0.606

9 	  26.58	 -12.67	  17.74
	 -0.767	  0.072	  0.638
	  0.482	  0.720	  0.498
	 -0.424	  0.690	 -0.587

2 	  32.82	  -6.64	  22.96
	  0.577	  0.816	 -0.028
	 -0.817	  0.577	 -0.016
	  0.003	  0.032	  0.999

3 	  45.32	   0.33	   2.95
	 -0.029	  0.106	 -0.994
	  0.139	 -0.984	 -0.109
	 -0.990	 -0.141	  0.014

4 	  41.45	   6.66	  -3.96
	  0.285	  0.915	  0.285
	 -0.954	  0.298	 -0.005
	 -0.090	 -0.271	  0.958

5 	  31.99	   8.70	   3.73
	 -0.631	  0.198	  0.750
	 -0.001	 -0.967	  0.255
	  0.776	  0.160	  0.610

6 	  26.65	  12.30	  14.89
	 -0.735	  0.168	  0.656
	 -0.215	  0.860	 -0.462
	 -0.642	 -0.481	 -0.596

7 	  42.43	  -7.72	  -4.11
	  0.203	 -0.926	  0.318
	  0.976	  0.218	  0.011
	 -0.080	  0.308	  0.948

8 	  32.80	  -9.77	   3.48
	 -0.625	 -0.118	  0.771
	  0.067	 -0.993	 -0.097
	  0.778	 -0.009	  0.628

9 	  26.30	 -12.81	  17.42
	 -0.785	  0.077	  0.614
	  0.462	  0.733	  0.498
	 -0.412	  0.675	 -0.612

2 	  32.82	  -6.64	  22.96
	  0.577	  0.816	 -0.028
	 -0.816	  0.577	 -0.017
	  0.002	  0.032	  0.999

3 	  45.37	   0.35	   2.95
	 -0.025	  0.104	 -0.994
	  0.139	 -0.984	 -0.106
	 -0.990	 -0.141	  0.010

4 	  41.47	   6.63	  -3.99
	  0.273	  0.919	  0.282
	 -0.957	  0.288	 -0.013
	 -0.093	 -0.267	  0.959

5 	  31.96	   8.61	   3.60
	 -0.640	  0.196	  0.743
	  0.007	 -0.965	  0.260
	  0.769	  0.171	  0.616

6 	  26.44	  12.25	  14.62
	 -0.747	  0.174	  0.641
	 -0.198	  0.863	 -0.465
	 -0.635	 -0.474	 -0.610

7 	  42.45	  -7.73	  -4.11
	  0.196	 -0.928	  0.317
	  0.976	  0.213	  0.021
	 -0.088	  0.306	  0.948

8 	  32.75	  -9.77	   3.30
	 -0.643	 -0.116	  0.757
	  0.071	 -0.993	 -0.092
	  0.762	 -0.005	  0.647

9 	  26.07	 -12.96	  17.03
	 -0.801	  0.076	  0.594
	  0.443	  0.741	  0.503
	 -0.402	  0.666	 -0.628

2 	  32.82	  -6.64	  22.96
	  0.577	  0.816	 -0.028
	 -0.817	  0.577	 -0.017
	  0.003	  0.032	  0.999

3 	  45.40	   0.37	   2.97
	 -0.012	  0.100	 -0.995
	  0.139	 -0.985	 -0.101
	 -0.990	 -0.140	 -0.002

4 	  41.55	   6.63	  -3.99
	  0.266	  0.922	  0.282
	 -0.958	  0.284	 -0.024
	 -0.102	 -0.265	  0.959

5 	  31.97	   8.63	   3.45
	 -0.653	  0.197	  0.731
	  0.005	 -0.964	  0.265
	  0.758	  0.176	  0.628

6 	  26.26	  12.32	  14.34
	 -0.761	  0.182	  0.622
	 -0.172	  0.868	 -0.465
	 -0.625	 -0.461	 -0.630

7 	  42.56	  -7.68	  -4.11
	  0.186	 -0.932	  0.310
	  0.977	  0.208	  0.037
	 -0.099	  0.296	  0.950

8 	  32.73	  -9.77	   3.18
	 -0.654	 -0.119	  0.747
	  0.073	 -0.993	 -0.094
	  0.753	 -0.007	  0.658

9 	  26.00	 -13.13	  16.73
	 -0.808	  0.072	  0.584
	  0.434	  0.743	  0.509
	 -0.398	  0.665	 -0.632

2 	  32.82	  -6.63	  22.96
	  0.577	  0.816	 -0.028
	 -0.817	  0.577	 -0.017
	  0.002	  0.033	  0.999

3 	  45.47	   0.35	   3.01
	  0.000	  0.099	 -0.995
	  0.141	 -0.985	 -0.098
	 -0.990	 -0.140	 -0.015

4 	  41.66	   6.61	  -4.03
	  0.261	  0.924	  0.280
	 -0.959	  0.281	 -0.032
	 -0.108	 -0.260	  0.959

5 	  32.04	   8.63	   3.32
	 -0.659	  0.202	  0.724
	  0.002	 -0.963	  0.270
	  0.752	  0.179	  0.634

6 	  26.19	  12.39	  14.12
	 -0.769	  0.195	  0.608
	 -0.146	  0.873	 -0.465
	 -0.622	 -0.447	 -0.643

7 	  42.63	  -7.68	  -4.11
	  0.182	 -0.933	  0.309
	  0.977	  0.205	  0.044
	 -0.105	  0.294	  0.950

8 	  32.78	  -9.81	   3.08
	 -0.662	 -0.120	  0.739
	  0.077	 -0.993	 -0.091
	  0.745	 -0.003	  0.667

9 	  25.95	 -13.31	  16.56
	 -0.816	  0.070	  0.573
	  0.423	  0.749	  0.510
	 -0.394	  0.658	 -0.641

2 	  32.82	  -6.64	  22.96
	  0.577	  0.816	 -0.028
	 -0.817	  0.577	 -0.017
	  0.003	  0.032	  0.999

3 	  45.51	   0.39	   3.02
	  0.006	  0.097	 -0.995
	  0.144	 -0.985	 -0.095
	 -0.990	 -0.142	 -0.020

4 	  41.71	   6.57	  -4.03
	  0.258	  0.925	  0.278
	 -0.959	  0.279	 -0.038
	 -0.112	 -0.257	  0.960

5 	  32.01	   8.60	   3.27
	 -0.663	  0.201	  0.721
	  0.004	 -0.962	  0.272
	  0.749	  0.183	  0.637

6 	  26.07	  12.38	  13.99
	 -0.776	  0.197	  0.599
	 -0.139	  0.873	 -0.467
	 -0.615	 -0.446	 -0.651

7 	  42.70	  -7.68	  -4.08
	  0.181	 -0.933	  0.309
	  0.977	  0.206	  0.049
	 -0.110	  0.294	  0.949

8 	  32.84	  -9.81	   3.09
	 -0.663	 -0.120	  0.738
	  0.082	 -0.993	 -0.088
	  0.744	  0.002	  0.668

9 	  25.98	 -13.32	  16.58
	 -0.818	  0.069	  0.571
	  0.419	  0.752	  0.508
	 -0.395	  0.655	 -0.644

2 	  32.80	  -6.63	  22.96
	  0.577	  0.816	 -0.028
	 -0.817	  0.577	 -0.017
	  0.002	  0.033	  0.999

3 	  45.51	   0.37	   3.04
	  0.008	  0.097	 -0.995
	  0.144	 -0.985	 -0.095
	 -0.990	 -0.143	 -0.022

4 	  41.71	   6.59	  -4.01
	  0.253	  0.927	  0.277
	 -0.961	  0.274	 -0.041
	 -0.114	 -0.256	  0.960

5 	  31.96	   8.54	   3.20
	 -0.668	  0.198	  0.717
	  0.009	 -0.962	  0.274
	  0.744	  0.190	  0.641

6 	  25.84	  12.36	  13.80
	 -0.787	  0.198	  0.584
	 -0.126	  0.875	 -0.468
	 -0.604	 -0.442	 -0.663

7 	  42.68	  -7.68	  -4.08
	  0.182	 -0.933	  0.309
	  0.977	  0.207	  0.050
	 -0.111	  0.293	  0.949

8 	  32.84	  -9.77	   3.09
	 -0.666	 -0.115	  0.737
	  0.083	 -0.993	 -0.081
	  0.741	  0.007	  0.671

9 	  25.93	 -13.20	  16.52
	 -0.822	  0.076	  0.563
	  0.412	  0.762	  0.499
	 -0.392	  0.642	 -0.658

2 	  32.82	  -6.63	  22.96
	  0.577	  0.816	 -0.028
	 -0.817	  0.577	 -0.017
	  0.002	  0.032	  0.999

3 	  45.54	   0.42	   3.08
	  0.011	  0.096	 -0.995
	  0.146	 -0.985	 -0.094
	 -0.989	 -0.145	 -0.025

4 	  41.75	   6.61	  -4.03
	  0.248	  0.928	  0.276
	 -0.961	  0.271	 -0.047
	 -0.119	 -0.254	  0.960

5 	  31.97	   8.56	   3.09
	 -0.677	  0.197	  0.709
	  0.009	 -0.961	  0.276
	  0.736	  0.193	  0.649

6 	  25.73	  12.41	  13.59
	 -0.796	  0.204	  0.570
	 -0.110	  0.876	 -0.469
	 -0.595	 -0.436	 -0.675

7 	  42.73	  -7.66	  -4.04
	  0.178	 -0.934	  0.309
	  0.977	  0.205	  0.056
	 -0.116	  0.292	  0.949

8 	  32.82	  -9.69	   2.99
	 -0.676	 -0.110	  0.729
	  0.082	 -0.994	 -0.074
	  0.732	  0.010	  0.681

9 	  25.84	 -13.25	  16.24
	 -0.831	  0.075	  0.551
	  0.401	  0.767	  0.500
	 -0.385	  0.637	 -0.667

2 	  32.82	  -6.63	  22.96
	  0.577	  0.816	 -0.029
	 -0.817	  0.577	 -0.017
	  0.003	  0.033	  0.999

3 	  45.56	   0.44	   3.11
	  0.016	  0.096	 -0.995
	  0.147	 -0.985	 -0.093
	 -0.989	 -0.145	 -0.031

4 	  41.80	   6.63	  -4.03
	  0.245	  0.929	  0.276
	 -0.962	  0.269	 -0.051
	 -0.122	 -0.254	  0.959

5 	  31.99	   8.58	   3.06
	 -0.682	  0.198	  0.704
	  0.008	 -0.961	  0.277
	  0.732	  0.194	  0.653

6 	  25.63	  12.48	  13.45
	 -0.803	  0.210	  0.557
	 -0.099	  0.875	 -0.473
	 -0.587	 -0.435	 -0.683

7 	  42.79	  -7.61	  -4.04
	  0.174	 -0.935	  0.307
	  0.977	  0.203	  0.063
	 -0.122	  0.290	  0.949

8 	  32.82	  -9.69	   2.88
	 -0.685	 -0.112	  0.720
	  0.086	 -0.994	 -0.073
	  0.724	  0.012	  0.690

9 	  25.68	 -13.57	  15.87
	 -0.843	  0.066	  0.533
	  0.385	  0.767	  0.513
	 -0.375	  0.638	 -0.672

2 	  32.82	  -6.63	  22.96
	  0.577	  0.816	 -0.028
	 -0.817	  0.577	 -0.017
	  0.003	  0.032	  0.999

3 	  45.58	   0.44	   3.11
	  0.019	  0.097	 -0.995
	  0.147	 -0.985	 -0.093
	 -0.989	 -0.144	 -0.033

4 	  41.84	   6.64	  -4.03
	  0.242	  0.930	  0.276
	 -0.962	  0.266	 -0.054
	 -0.124	 -0.253	  0.959

5 	  31.96	   8.54	   2.95
	 -0.688	  0.195	  0.698
	  0.010	 -0.960	  0.278
	  0.725	  0.198	  0.659

6 	  25.42	  12.45	  13.24
	 -0.814	  0.210	  0.541
	 -0.092	  0.873	 -0.478
	 -0.573	 -0.439	 -0.692

7 	  42.80	  -7.59	  -4.06
	  0.173	 -0.936	  0.306
	  0.977	  0.202	  0.067
	 -0.125	  0.287	  0.950

8 	  32.84	  -9.67	   2.87
	 -0.691	 -0.112	  0.714
	  0.092	 -0.993	 -0.067
	  0.717	  0.019	  0.697

9 	  25.59	 -13.78	  15.63
	 -0.852	  0.060	  0.519
	  0.372	  0.768	  0.521
	 -0.367	  0.638	 -0.677

2 	  32.82	  -6.63	  22.96
	  0.577	  0.816	 -0.028
	 -0.817	  0.577	 -0.017
	  0.003	  0.032	  0.999

3 	  45.56	   0.47	   3.13
	  0.021	  0.097	 -0.995
	  0.149	 -0.984	 -0.093
	 -0.989	 -0.146	 -0.035

4 	  41.84	   6.64	  -4.03
	  0.236	  0.932	  0.275
	 -0.964	  0.261	 -0.059
	 -0.127	 -0.252	  0.959

5 	  31.90	   8.49	   2.87
	 -0.694	  0.191	  0.694
	  0.015	 -0.960	  0.279
	  0.720	  0.204	  0.663

6 	  25.31	  12.38	  13.11
	 -0.819	  0.208	  0.534
	 -0.091	  0.873	 -0.479
	 -0.566	 -0.441	 -0.696

7 	  42.80	  -7.58	  -4.04
	  0.172	 -0.937	  0.305
	  0.977	  0.202	  0.069
	 -0.127	  0.286	  0.949

8 	  32.82	  -9.67	   2.83
	 -0.693	 -0.110	  0.713
	  0.094	 -0.994	 -0.063
	  0.715	  0.024	  0.698

9 	  25.56	 -13.82	  15.59
	 -0.854	  0.060	  0.517
	  0.370	  0.769	  0.521
	 -0.366	  0.636	 -0.679

2 	  32.82	  -6.64	  22.96
	  0.577	  0.816	 -0.028
	 -0.817	  0.577	 -0.017
	  0.003	  0.032	  0.999

3 	  45.58	   0.46	   3.13
	  0.022	  0.097	 -0.995
	  0.149	 -0.984	 -0.093
	 -0.989	 -0.146	 -0.036

4 	  41.84	   6.64	  -4.06
	  0.233	  0.933	  0.274
	 -0.964	  0.258	 -0.060
	 -0.127	 -0.250	  0.960

5 	  31.90	   8.47	   2.88
	 -0.695	  0.190	  0.693
	  0.017	 -0.960	  0.280
	  0.719	  0.206	  0.664

6 	  25.37	  12.34	  13.15
	 -0.816	  0.207	  0.539
	 -0.097	  0.871	 -0.481
	 -0.569	 -0.445	 -0.691

7 	  42.80	  -7.58	  -4.06
	  0.171	 -0.937	  0.304
	  0.977	  0.201	  0.069
	 -0.127	  0.285	  0.950

8 	  32.82	  -9.65	   2.94
	 -0.688	 -0.110	  0.717
	  0.092	 -0.994	 -0.064
	  0.720	  0.022	  0.693

9 	  25.59	 -13.76	  15.75
	 -0.850	  0.057	  0.523
	  0.373	  0.767	  0.522
	 -0.371	  0.638	 -0.674

2 	  32.82	  -6.61	  22.96
	  0.577	  0.816	 -0.029
	 -0.817	  0.576	 -0.017
	  0.002	  0.033	  0.999

3 	  45.58	   0.47	   3.11
	  0.021	  0.097	 -0.995
	  0.148	 -0.984	 -0.093
	 -0.989	 -0.146	 -0.035

4 	  41.84	   6.66	  -4.03
	  0.233	  0.933	  0.275
	 -0.964	  0.258	 -0.060
	 -0.127	 -0.251	  0.959

5 	  31.90	   8.44	   2.95
	 -0.689	  0.190	  0.700
	  0.020	 -0.960	  0.279
	  0.725	  0.206	  0.657

6 	  25.40	  12.34	  13.25
	 -0.814	  0.207	  0.543
	 -0.101	  0.869	 -0.484
	 -0.573	 -0.449	 -0.686

7 	  42.79	  -7.56	  -4.08
	  0.169	 -0.938	  0.302
	  0.978	  0.198	  0.068
	 -0.124	  0.284	  0.951

8 	  32.78	  -9.63	   2.94
	 -0.684	 -0.108	  0.721
	  0.090	 -0.994	 -0.064
	  0.724	  0.021	  0.690

9 	  25.52	 -13.64	  15.82
	 -0.851	  0.061	  0.522
	  0.375	  0.767	  0.520
	 -0.369	  0.638	 -0.676

2 	  32.80	  -6.63	  22.96
	  0.577	  0.816	 -0.028
	 -0.817	  0.577	 -0.017
	  0.002	  0.033	  0.999

3 	  45.58	   0.46	   3.11
	  0.020	  0.097	 -0.995
	  0.147	 -0.985	 -0.093
	 -0.989	 -0.145	 -0.034

4 	  41.80	   6.64	  -4.08
	  0.232	  0.933	  0.273
	 -0.965	  0.257	 -0.058
	 -0.125	 -0.250	  0.960

5 	  31.82	   8.37	   2.79
	 -0.698	  0.184	  0.692
	  0.027	 -0.959	  0.283
	  0.716	  0.216	  0.664

6 	  25.12	  12.25	  12.94
	 -0.826	  0.202	  0.525
	 -0.099	  0.866	 -0.489
	 -0.554	 -0.456	 -0.696

7 	  42.71	  -7.56	  -4.11
	  0.164	 -0.940	  0.300
	  0.979	  0.193	  0.068
	 -0.122	  0.282	  0.951

8 	  32.70	  -9.56	   2.83
	 -0.691	 -0.100	  0.716
	  0.082	 -0.995	 -0.060
	  0.719	  0.017	  0.695

9 	  25.45	 -13.61	  15.57
	 -0.856	  0.063	  0.513
	  0.370	  0.768	  0.523
	 -0.361	  0.637	 -0.680

2 	  32.82	  -6.63	  22.96
	  0.577	  0.816	 -0.028
	 -0.817	  0.577	 -0.017
	  0.003	  0.032	  0.999

3 	  45.58	   0.47	   3.09
	  0.020	  0.097	 -0.995
	  0.147	 -0.985	 -0.093
	 -0.989	 -0.145	 -0.034

4 	  41.80	   6.64	  -4.08
	  0.230	  0.934	  0.271
	 -0.965	  0.254	 -0.060
	 -0.125	 -0.249	  0.960

5 	  31.83	   8.37	   2.81
	 -0.699	  0.184	  0.691
	  0.027	 -0.959	  0.283
	  0.715	  0.217	  0.665

6 	  25.26	  12.25	  13.06
	 -0.820	  0.203	  0.534
	 -0.105	  0.865	 -0.490
	 -0.562	 -0.459	 -0.688

7 	  42.73	  -7.54	  -4.08
	  0.163	 -0.940	  0.300
	  0.979	  0.192	  0.069
	 -0.123	  0.282	  0.951

8 	  32.77	  -9.65	   2.88
	 -0.687	 -0.108	  0.718
	  0.091	 -0.994	 -0.063
	  0.720	  0.022	  0.693

9 	  25.52	 -13.89	  15.61
	 -0.854	  0.052	  0.518
	  0.366	  0.767	  0.527
	 -0.370	  0.640	 -0.674

2 	  32.82	  -6.63	  22.96
	  0.577	  0.816	 -0.028
	 -0.817	  0.577	 -0.017
	  0.003	  0.032	  0.999

3 	  45.58	   0.47	   3.11
	  0.019	  0.097	 -0.995
	  0.147	 -0.985	 -0.093
	 -0.989	 -0.145	 -0.033

4 	  41.80	   6.66	  -4.08
	  0.230	  0.934	  0.272
	 -0.965	  0.254	 -0.058
	 -0.124	 -0.249	  0.960

5 	  31.89	   8.31	   3.02
	 -0.684	  0.179	  0.707
	  0.035	 -0.960	  0.277
	  0.729	  0.214	  0.650

6 	  25.49	  12.04	  13.45
	 -0.809	  0.189	  0.556
	 -0.130	  0.865	 -0.484
	 -0.573	 -0.463	 -0.676

7 	  42.71	  -7.54	  -4.11
	  0.165	 -0.940	  0.299
	  0.979	  0.193	  0.066
	 -0.120	  0.282	  0.952

8 	  32.77	  -9.65	   3.01
	 -0.678	 -0.109	  0.727
	  0.094	 -0.994	 -0.062
	  0.729	  0.026	  0.684

9 	  25.61	 -13.73	  15.89
	 -0.847	  0.053	  0.528
	  0.371	  0.771	  0.518
	 -0.380	  0.635	 -0.673

2 	  32.82	  -6.63	  22.96
	  0.577	  0.816	 -0.028
	 -0.817	  0.577	 -0.017
	  0.003	  0.032	  0.999

3 	  45.56	   0.49	   3.08
	  0.017	  0.098	 -0.995
	  0.146	 -0.985	 -0.094
	 -0.989	 -0.144	 -0.031

4 	  41.75	   6.66	  -4.08
	  0.230	  0.934	  0.272
	 -0.966	  0.252	 -0.051
	 -0.116	 -0.252	  0.961

5 	  31.87	   8.26	   3.11
	 -0.679	  0.171	  0.714
	  0.044	 -0.961	  0.272
	  0.733	  0.217	  0.644

6 	  25.51	  11.90	  13.59
	 -0.805	  0.179	  0.565
	 -0.143	  0.866	 -0.479
	 -0.575	 -0.467	 -0.672

7 	  42.59	  -7.54	  -4.11
	  0.168	 -0.940	  0.298
	  0.979	  0.193	  0.057
	 -0.111	  0.282	  0.953

8 	  32.73	  -9.63	   3.16
	 -0.667	 -0.102	  0.738
	  0.090	 -0.994	 -0.056
	  0.739	  0.030	  0.672

9 	  25.72	 -13.48	  16.22
	 -0.839	  0.057	  0.541
	  0.380	  0.773	  0.507
	 -0.389	  0.631	 -0.671

2 	  32.80	  -6.64	  22.96
	  0.577	  0.816	 -0.028
	 -0.817	  0.577	 -0.017
	  0.003	  0.032	  0.999

3 	  45.51	   0.46	   3.06
	  0.013	  0.098	 -0.995
	  0.145	 -0.985	 -0.095
	 -0.989	 -0.143	 -0.027

4 	  41.62	   6.64	  -4.10
	  0.233	  0.934	  0.271
	 -0.966	  0.253	 -0.043
	 -0.109	 -0.252	  0.961

5 	  31.87	   8.21	   3.29
	 -0.667	  0.167	  0.726
	  0.050	 -0.962	  0.268
	  0.744	  0.215	  0.633

6 	  25.80	  11.78	  13.97
