% Calibrated with leiden_pols
% Positions are in centimeters
Data =[
 2    96.609   -18.522    59.769
 2    -0.021    -1.000    -0.006
 2     0.999    -0.021     0.042
 2    -0.042    -0.005     0.999
 3   133.272    -0.897     4.619
 3     0.140     0.107    -0.984
 3     0.116     0.985     0.124
 3     0.983    -0.131     0.125
 4   117.984    13.777   -14.019
 4     0.526    -0.846     0.080
 4     0.834     0.496    -0.239
 4     0.162     0.193     0.968
 5   114.281    22.039    12.927
 5     0.209    -0.184     0.960
 5     0.181    -0.958    -0.223
 5     0.961     0.221    -0.167
 6   128.833    26.676    41.620
 6     0.494    -0.826    -0.271
 6    -0.131     0.237    -0.962
 6     0.859     0.511     0.009
 7   117.769   -19.615   -12.688
 7     0.764     0.620     0.178
 7    -0.638     0.768     0.060
 7    -0.099    -0.160     0.982
 8   115.320   -26.794    14.001
 8     0.156     0.070     0.985
 8    -0.274    -0.955     0.112
 8     0.949    -0.287    -0.130
 9   130.161   -31.348    43.007
 9     0.462     0.740    -0.489
 9     0.235     0.430     0.872
 9     0.855    -0.518     0.025
 2    96.634   -18.471    59.769
 2    -0.021    -1.000    -0.006
 2     0.999    -0.022     0.042
 2    -0.042    -0.005     0.999
 3   133.273    -0.946     4.646
 3     0.138     0.108    -0.984
 3     0.116     0.985     0.124
 3     0.983    -0.132     0.124
 4   117.987    13.803   -13.970
 4     0.525    -0.847     0.079
 4     0.835     0.495    -0.239
 4     0.163     0.191     0.968
 5   114.281    21.989    12.952
 5     0.208    -0.185     0.960
 5     0.181    -0.958    -0.224
 5     0.961     0.220    -0.166
 6   128.833    26.625    41.619
 6     0.494    -0.826    -0.272
 6    -0.132     0.238    -0.962
 6     0.859     0.511     0.008
 7   117.818   -19.564   -12.688
 7     0.764     0.620     0.177
 7    -0.637     0.768     0.061
 7    -0.099    -0.159     0.982
 8   115.319   -26.769    14.001
 8     0.156     0.071     0.985
 8    -0.274    -0.955     0.112
 8     0.949    -0.287    -0.129
 9   130.165   -31.347    43.052
 9     0.461     0.740    -0.490
 9     0.235     0.430     0.871
 9     0.856    -0.517     0.024
 2    96.609   -18.522    59.769
 2    -0.021    -1.000    -0.006
 2     0.999    -0.022     0.042
 2    -0.042    -0.005     0.999
 3   133.286    -0.942     4.679
 3     0.137     0.108    -0.985
 3     0.116     0.985     0.124
 3     0.984    -0.131     0.123
 4   117.984    13.802   -14.018
 4     0.525    -0.847     0.078
 4     0.835     0.495    -0.238
 4     0.162     0.190     0.968
 5   114.330    22.040    12.953
 5     0.208    -0.185     0.960
 5     0.182    -0.958    -0.223
 5     0.961     0.221    -0.166
 6   128.832    26.701    41.619
 6     0.494    -0.826    -0.272
 6    -0.132     0.238    -0.962
 6     0.859     0.511     0.008
 7   117.821   -19.614   -12.640
 7     0.763     0.621     0.176
 7    -0.638     0.767     0.060
 7    -0.098    -0.159     0.982
 8   115.318   -26.769    14.051
 8     0.156     0.071     0.985
 8    -0.274    -0.955     0.112
 8     0.949    -0.288    -0.129
 9   130.215   -31.296    43.052
 9     0.461     0.740    -0.490
 9     0.235     0.430     0.871
 9     0.856    -0.517     0.024
 2    96.607   -18.472    59.772
 2    -0.022    -1.000    -0.006
 2     0.999    -0.022     0.042
 2    -0.043    -0.006     0.999
 3   133.237    -0.891     4.782
 3     0.136     0.108    -0.985
 3     0.116     0.985     0.124
 3     0.984    -0.131     0.121
 4   118.090    13.804   -13.921
 4     0.524    -0.848     0.076
 4     0.835     0.495    -0.238
 4     0.164     0.188     0.968
 5   114.330    21.989    12.953
 5     0.208    -0.185     0.960
 5     0.182    -0.958    -0.224
 5     0.961     0.221    -0.166
 6   128.833    26.675    41.594
 6     0.494    -0.826    -0.272
 6    -0.132     0.238    -0.962
 6     0.859     0.511     0.008
 7   117.825   -19.613   -12.646
 7     0.763     0.622     0.174
 7    -0.639     0.767     0.061
 7    -0.096    -0.158     0.983
 8   115.318   -26.796    14.001
 8     0.155     0.071     0.985
 8    -0.274    -0.955     0.112
 8     0.949    -0.287    -0.128
 9   130.166   -31.296    43.052
 9     0.460     0.740    -0.490
 9     0.235     0.430     0.871
 9     0.856    -0.517     0.023
 2    96.609   -18.522    59.769
 2    -0.021    -1.000    -0.006
 2     0.999    -0.021     0.042
 2    -0.042    -0.005     0.999
 3   133.288    -0.941     4.732
 3     0.136     0.108    -0.985
 3     0.116     0.985     0.125
 3     0.984    -0.132     0.121
 4   118.088    13.778   -13.969
 4     0.524    -0.848     0.075
 4     0.835     0.495    -0.237
 4     0.163     0.187     0.968
 5   114.330    21.990    12.956
 5     0.206    -0.184     0.961
 5     0.182    -0.958    -0.223
 5     0.961     0.221    -0.164
 6   128.832    26.676    41.619
 6     0.494    -0.826    -0.271
 6    -0.131     0.237    -0.963
 6     0.859     0.511     0.008
 7   117.827   -19.612   -12.624
 7     0.763     0.622     0.173
 7    -0.639     0.767     0.060
 7    -0.095    -0.157     0.983
 8   115.318   -26.773    14.054
 8     0.153     0.071     0.985
 8    -0.274    -0.955     0.111
 8     0.949    -0.287    -0.127
 9   130.166   -31.346    43.103
 9     0.460     0.741    -0.489
 9     0.235     0.429     0.872
 9     0.856    -0.516     0.023
 2    96.607   -18.522    59.772
 2    -0.021    -1.000    -0.006
 2     0.999    -0.022     0.042
 2    -0.043    -0.005     0.999
 3   133.287    -0.889     4.733
 3     0.135     0.109    -0.985
 3     0.117     0.985     0.124
 3     0.984    -0.132     0.120
 4   118.115    13.779   -14.022
 4     0.524    -0.848     0.074
 4     0.835     0.496    -0.237
 4     0.164     0.186     0.969
 5   114.339    21.944    12.944
 5     0.205    -0.183     0.961
 5     0.182    -0.958    -0.222
 5     0.962     0.220    -0.164
 6   128.731    26.703    41.592
 6     0.495    -0.827    -0.266
 6    -0.129     0.232    -0.964
 6     0.859     0.511     0.008
 7   117.856   -19.661   -12.629
 7     0.763     0.622     0.172
 7    -0.639     0.767     0.062
 7    -0.093    -0.158     0.983
 8   115.268   -26.773    14.053
 8     0.153     0.071     0.985
 8    -0.274    -0.955     0.111
 8     0.949    -0.287    -0.127
 9   130.141   -31.346    43.154
 9     0.460     0.742    -0.488
 9     0.235     0.427     0.873
 9     0.856    -0.516     0.022
 2    96.607   -18.522    59.772
 2    -0.021    -1.000    -0.006
 2     0.999    -0.022     0.042
 2    -0.043    -0.005     0.999
 3   133.236    -0.887     4.784
 3     0.133     0.109    -0.985
 3     0.117     0.985     0.125
 3     0.984    -0.132     0.119
 4   118.225    13.732   -14.034
 4     0.525    -0.848     0.073
 4     0.834     0.496    -0.241
 4     0.168     0.187     0.968
 5   114.101    21.738    12.772
 5     0.182    -0.164     0.969
 5     0.194    -0.961    -0.199
 5     0.964     0.224    -0.144
 6   128.648    26.939    41.543
 6     0.500    -0.830    -0.246
 6    -0.117     0.217    -0.969
 6     0.858     0.513     0.011
 7   118.203   -19.678   -12.605
 7     0.774     0.609     0.170
 7    -0.629     0.770     0.107
 7    -0.065    -0.190     0.979
 8   114.963   -26.977    13.614
 8     0.114     0.059     0.992
 8    -0.304    -0.948     0.092
 8     0.946    -0.312    -0.090
 9   130.153   -31.633    42.891
 9     0.468     0.739    -0.484
 9     0.231     0.425     0.875
 9     0.853    -0.522     0.028
 2    96.609   -18.522    59.769
 2    -0.021    -1.000    -0.006
 2     0.999    -0.021     0.042
 2    -0.042    -0.005     0.999
 3   133.237    -0.886     4.786
 3     0.133     0.109    -0.985
 3     0.118     0.985     0.125
 3     0.984    -0.133     0.118
 4   118.236    13.637   -14.104
 4     0.521    -0.850     0.074
 4     0.835     0.490    -0.248
 4     0.174     0.191     0.966
 5   113.834    21.789    12.529
 5     0.175    -0.114     0.978
 5     0.236    -0.959    -0.154
 5     0.956     0.257    -0.141
 6   128.462    28.912    40.556
 6     0.534    -0.829    -0.166
 6    -0.054     0.163    -0.985
 6     0.843     0.535     0.042
 7   118.161   -19.574   -12.609
 7     0.776     0.606     0.173
 7    -0.628     0.770     0.116
 7    -0.063    -0.199     0.978
 8   114.919   -27.698    13.557
 8     0.117     0.030     0.992
 8    -0.372    -0.926     0.072
 8     0.921    -0.377    -0.097
 9   130.872   -34.649    41.158
 9     0.504     0.731    -0.459
 9     0.162     0.441     0.882
 9     0.848    -0.520     0.104
 2    96.607   -18.522    59.772
 2    -0.021    -1.000    -0.006
 2     0.999    -0.022     0.042
 2    -0.043    -0.005     0.999
 3   133.225    -0.988     4.704
 3     0.134     0.112    -0.985
 3     0.122     0.984     0.128
 3     0.983    -0.137     0.118
 4   117.901    13.452   -14.202
 4     0.511    -0.855     0.092
 4     0.844     0.479    -0.241
 4     0.162     0.200     0.966
 5   113.573    22.665    12.664
 5     0.216     0.010     0.976
 5     0.337    -0.939    -0.065
 5     0.916     0.343    -0.206
 6   128.952    33.566    38.599
 6     0.587    -0.807    -0.057
 6     0.063     0.116    -0.991
 6     0.807     0.578     0.119
 7   117.886   -19.510   -12.665
 7     0.774     0.604     0.191
 7    -0.629     0.769     0.116
 7    -0.077    -0.210     0.975
 8   115.205   -28.605    13.588
 8     0.137    -0.078     0.987
 8    -0.457    -0.889    -0.007
 8     0.878    -0.451    -0.158
 9   131.651   -39.134    38.907
 9     0.565     0.746    -0.353
 9     0.040     0.403     0.914
 9     0.824    -0.531     0.198
 2    96.609   -18.522    59.769
 2    -0.021    -1.000    -0.006
 2     0.999    -0.022     0.042
 2    -0.042    -0.005     0.999
 3   133.037    -0.886     4.596
 3     0.135     0.113    -0.984
 3     0.127     0.983     0.130
 3     0.982    -0.143     0.119
 4   117.499    13.311   -14.378
 4     0.503    -0.857     0.109
 4     0.852     0.471    -0.226
 4     0.142     0.206     0.968
 5   113.509    23.790    12.375
 5     0.239     0.124     0.963
 5     0.444    -0.896     0.005
 5     0.863     0.426    -0.270
 6   129.245    37.562    36.225
 6     0.620    -0.784     0.014
 6     0.165     0.113    -0.980
 6     0.766     0.610     0.199
 7   117.628   -19.373   -12.865
 7     0.770     0.602     0.209
 7    -0.630     0.768     0.110
 7    -0.094    -0.217     0.972
 8   115.537   -29.527    13.179
 8     0.160    -0.177     0.971
 8    -0.533    -0.843    -0.066
 8     0.831    -0.507    -0.229
 9   132.517   -42.753    36.305
 9     0.619     0.738    -0.269
 9    -0.057     0.383     0.922
 9     0.783    -0.555     0.279
 2    96.609   -18.471    59.769
 2    -0.021    -1.000    -0.006
 2     0.999    -0.022     0.042
 2    -0.042    -0.005     0.999
 3   132.940    -0.860     4.496
 3     0.138     0.113    -0.984
 3     0.131     0.982     0.131
 3     0.982    -0.148     0.120
 4   117.237    13.122   -14.516
 4     0.501    -0.857     0.120
 4     0.856     0.470    -0.214
 4     0.127     0.210     0.969
 5   113.385    25.029    11.753
 5     0.245     0.198     0.949
 5     0.524    -0.851     0.042
 5     0.816     0.486    -0.313
 6   129.474    41.112    33.884
 6     0.647    -0.760     0.062
 6     0.239     0.125    -0.963
 6     0.724     0.638     0.262
 7   117.422   -19.207   -13.130
 7     0.771     0.597     0.220
 7    -0.627     0.771     0.105
 7    -0.108    -0.219     0.970
 8   115.875   -30.319    12.732
 8     0.175    -0.244     0.954
 8    -0.589    -0.802    -0.097
 8     0.789    -0.545    -0.284
 9   133.251   -45.536    33.955
 9     0.656     0.725    -0.208
 9    -0.125     0.375     0.918
 9     0.744    -0.577     0.337
 2    96.609   -18.522    59.769
 2    -0.021    -1.000    -0.006
 2     0.999    -0.021     0.042
 2    -0.042    -0.005     0.999
 3   132.901    -0.761     4.386
 3     0.140     0.112    -0.984
 3     0.134     0.982     0.131
 3     0.981    -0.151     0.122
 4   116.967    13.006   -14.722
 4     0.497    -0.857     0.135
 4     0.860     0.468    -0.201
 4     0.109     0.216     0.970
 5   113.189    26.022    11.183
 5     0.247     0.249     0.936
 5     0.582    -0.811     0.062
 5     0.774     0.530    -0.346
 6   129.713    43.613    31.535
 6     0.672    -0.734     0.096
 6     0.293     0.145    -0.945
 6     0.680     0.663     0.312
 7   117.255   -18.919   -13.404
 7     0.769     0.594     0.234
 7    -0.626     0.775     0.092
 7    -0.127    -0.218     0.968
 8   116.112   -30.873    12.328
 8     0.191    -0.306     0.932
 8    -0.634    -0.764    -0.121
 8     0.749    -0.568    -0.340
 9   133.727   -47.683    31.522
 9     0.692     0.707    -0.145
 9    -0.185     0.368     0.911
 9     0.698    -0.604     0.385
 2    96.609   -18.471    59.769
 2    -0.021    -1.000    -0.006
 2     0.999    -0.022     0.042
 2    -0.042    -0.005     0.999
 3   132.837    -0.688     4.223
 3     0.144     0.111    -0.983
 3     0.138     0.981     0.131
 3     0.980    -0.155     0.126
 4   116.686    12.785   -14.989
 4     0.493    -0.857     0.148
 4     0.865     0.467    -0.181
 4     0.086     0.218     0.972
 5   113.034    26.745    10.495
 5     0.246     0.289     0.925
 5     0.628    -0.774     0.075
 5     0.738     0.562    -0.372
 6   129.654    45.766    29.452
 6     0.687    -0.715     0.131
 6     0.340     0.156    -0.927
 6     0.642     0.681     0.350
 7   117.000   -18.664   -13.636
 7     0.765     0.592     0.251
 7    -0.625     0.777     0.074
 7    -0.152    -0.214     0.965
 8   116.304   -31.504    11.756
 8     0.206    -0.356     0.911
 8    -0.674    -0.727    -0.131
 8     0.709    -0.587    -0.390
 9   134.246   -49.486    29.341
 9     0.720     0.687    -0.099
 9    -0.228     0.368     0.901
 9     0.655    -0.627     0.421
 2    96.609   -18.471    59.769
 2    -0.021    -1.000    -0.006
 2     0.999    -0.022     0.042
 2    -0.042    -0.005     0.999
 3   132.812    -0.514     3.949
 3     0.149     0.105    -0.983
 3     0.145     0.981     0.127
 3     0.978    -0.162     0.130
 4   116.258    12.535   -15.338
 4     0.479    -0.861     0.169
 4     0.876     0.457    -0.154
 4     0.055     0.221     0.973
 5   112.912    27.242     9.827
 5     0.244     0.356     0.902
 5     0.675    -0.730     0.106
 5     0.696     0.583    -0.419
 6   129.017    48.115    26.879
 6     0.696    -0.690     0.199
 6     0.411     0.156    -0.898
 6     0.588     0.707     0.392
 7   116.695   -18.383   -13.866
 7     0.761     0.589     0.270
 7    -0.624     0.779     0.057
 7    -0.177    -0.212     0.961
 8   116.631   -32.213    11.207
 8     0.224    -0.409     0.884
 8    -0.716    -0.685    -0.135
 8     0.661    -0.603    -0.447
 9   134.670   -51.296    26.804
 9     0.749     0.661    -0.047
 9    -0.274     0.372     0.887
 9     0.603    -0.652     0.460
 2    96.609   -18.471    59.769
 2    -0.021    -1.000    -0.006
 2     0.999    -0.022     0.042
 2    -0.042    -0.005     0.999
 3   132.672    -0.285     3.639
 3     0.151     0.092    -0.984
 3     0.160     0.980     0.116
 3     0.975    -0.175     0.134
 4   115.749    12.233   -15.652
 4     0.460    -0.868     0.186
 4     0.888     0.444    -0.120
 4     0.021     0.220     0.975
 5   112.830    27.869     9.188
 5     0.244     0.422     0.873
 5     0.714    -0.687     0.132
 5     0.656     0.592    -0.469
 6   128.404    50.727    23.780
 6     0.702    -0.644     0.304
 6     0.498     0.138    -0.856
 6     0.509     0.753     0.417
 7   116.331   -18.156   -13.933
 7     0.756     0.586     0.291
 7    -0.621     0.783     0.038
 7    -0.206    -0.209     0.956
 8   117.221   -32.814    10.892
 8     0.243    -0.485     0.840
 8    -0.755    -0.639    -0.151
 8     0.609    -0.598    -0.521
 9   135.272   -53.744    23.475
 9     0.786     0.616     0.052
 9    -0.340     0.361     0.868
 9     0.516    -0.700     0.493
 2    96.609   -18.522    59.769
 2    -0.021    -1.000    -0.006
 2     0.999    -0.022     0.042
 2    -0.042    -0.005     0.999
 3   132.560     0.044     3.327
 3     0.154     0.077    -0.985
 3     0.174     0.979     0.104
 3     0.972    -0.188     0.138
 4   115.114    12.033   -15.978
 4     0.441    -0.872     0.214
 4     0.897     0.431    -0.093
 4    -0.011     0.233     0.972
 5   113.282    28.339     8.700
 5     0.260     0.499     0.826
 5     0.749    -0.644     0.153
 5     0.609     0.579    -0.542
 6   127.990    52.608    21.205
 6     0.695    -0.594     0.404
 6     0.573     0.118    -0.811
 6     0.434     0.795     0.423
 7   115.955   -18.004   -13.981
 7     0.747     0.586     0.312
 7    -0.623     0.781     0.023
 7    -0.231    -0.212     0.950
 8   118.024   -33.019    10.901
 8     0.263    -0.577     0.773
 8    -0.784    -0.595    -0.177
 8     0.562    -0.559    -0.609
 9   135.330   -55.394    20.503
 9     0.814     0.547     0.196
 9    -0.418     0.316     0.852
 9     0.404    -0.775     0.486
 2    96.607   -18.472    59.772
 2    -0.021    -1.000    -0.006
 2     0.999    -0.022     0.042
 2    -0.043    -0.005     0.999
 3   132.524     0.347     2.961
 3     0.158     0.058    -0.986
 3     0.188     0.978     0.088
 3     0.969    -0.200     0.143
 4   114.553    11.752   -16.247
 4     0.430    -0.869     0.242
 4     0.901     0.427    -0.068
 4    -0.045     0.248     0.968
 5   113.718    28.864     8.113
 5     0.277     0.555     0.784
 5     0.774    -0.613     0.159
 5     0.569     0.563    -0.600
 6   127.560    54.470    18.701
 6     0.677    -0.535     0.506
 6     0.641     0.090    -0.762
 6     0.362     0.840     0.403
 7   115.655   -17.929   -14.074
 7     0.736     0.586     0.338
 7    -0.626     0.780     0.012
 7    -0.257    -0.220     0.941
 8   119.350   -33.160    10.841
 8     0.287    -0.673     0.682
 8    -0.807    -0.554    -0.207
 8     0.517    -0.490    -0.702
 9   135.512   -57.374    18.101
 9     0.815     0.454     0.359
 9    -0.504     0.249     0.827
 9     0.286    -0.855     0.432
 2    96.609   -18.522    59.769
 2    -0.021    -1.000    -0.006
 2     0.999    -0.022     0.042
 2    -0.042    -0.005     0.999
 3   132.500     0.600     2.758
 3     0.159     0.047    -0.986
 3     0.197     0.977     0.078
 3     0.967    -0.207     0.146
 4   114.250    11.507   -16.373
 4     0.426    -0.866     0.263
 4     0.902     0.427    -0.053
 4    -0.066     0.260     0.963
 5   114.155    29.339     7.465
 5     0.297     0.589     0.751
 5     0.792    -0.592     0.152
 5     0.534     0.550    -0.642
 6   127.407    55.379    17.098
 6     0.663    -0.487     0.567
 6     0.680     0.076    -0.730
 6     0.312     0.870     0.381
 7   115.501   -17.867   -14.101
 7     0.731     0.583     0.353
 7    -0.625     0.780     0.007
 7    -0.272    -0.226     0.935
 8   120.484   -33.097    10.798
 8     0.313    -0.737     0.599
 8    -0.820    -0.528    -0.221
 8     0.479    -0.422    -0.769
 9   135.507   -58.574    15.689
 9     0.804     0.351     0.479
 9    -0.566     0.208     0.797
 9     0.181    -0.913     0.366
 2    96.607   -18.472    59.772
 2    -0.021    -1.000    -0.006
 2     0.999    -0.022     0.042
 2    -0.043    -0.005     0.999
 3   132.479     0.571     2.476
 3     0.163     0.040    -0.986
 3     0.203     0.976     0.073
 3     0.965    -0.213     0.151
 4   113.864    11.309   -16.492
 4     0.422    -0.860     0.287
 4     0.902     0.430    -0.039
 4    -0.090     0.275     0.957
 5   114.728    29.843     6.808
 5     0.312     0.619     0.720
 5     0.806    -0.574     0.143
 5     0.502     0.536    -0.679
 6   127.445    56.416    15.230
 6     0.651    -0.443     0.616
 6     0.711     0.072    -0.699
 6     0.266     0.893     0.362
 7   115.313   -17.783   -14.217
 7     0.725     0.578     0.373
 7    -0.623     0.782     0.000
 7    -0.291    -0.233     0.928
 8   121.747   -33.269    10.475
 8     0.338    -0.788     0.514
 8    -0.835    -0.503    -0.222
 8     0.433    -0.354    -0.829
 9   135.760   -59.584    13.526
 9     0.782     0.255     0.568
 9    -0.616     0.184     0.766
 9     0.091    -0.949     0.301
 2    96.609   -18.471    59.769
 2    -0.021    -1.000    -0.006
 2     0.999    -0.022     0.042
 2    -0.042    -0.005     0.999
 3   132.540     0.776     2.260
 3     0.163     0.030    -0.986
 3     0.211     0.975     0.065
 3     0.964    -0.219     0.153
 4   113.609    11.162   -16.559
 4     0.421    -0.854     0.304
 4     0.900     0.435    -0.023
 4    -0.113     0.284     0.952
 5   115.172    30.562     6.011
 5     0.327     0.645     0.691
 5     0.826    -0.550     0.123
 5     0.459     0.530    -0.713
 6   127.491    57.646    13.060
 6     0.640    -0.401     0.655
 6     0.738     0.086    -0.669
 6     0.211     0.912     0.351
 7   115.134   -17.577   -14.294
 7     0.722     0.570     0.392
 7    -0.616     0.788    -0.011
 7    -0.316    -0.234     0.920
 8   122.659   -33.680     9.788
 8     0.364    -0.819     0.443
 8    -0.850    -0.487    -0.201
 8     0.380    -0.303    -0.874
 9   135.784   -60.542    10.841
 9     0.757     0.162     0.632
 9    -0.653     0.186     0.734
 9     0.002    -0.969     0.247
 2    96.609   -18.471    59.769
 2    -0.021    -1.000    -0.006
 2     0.999    -0.022     0.042
 2    -0.042    -0.005     0.999
 3   132.520     0.925     2.105
 3     0.165     0.023    -0.986
 3     0.216     0.974     0.059
 3     0.962    -0.223     0.156
 4   113.319    10.985   -16.769
 4     0.420    -0.846     0.327
 4     0.896     0.443    -0.006
 4    -0.140     0.295     0.945
 5   115.557    31.179     4.964
 5     0.340     0.675     0.655
 5     0.845    -0.525     0.101
 5     0.412     0.519    -0.749
 6   127.600    58.514    10.321
 6     0.630    -0.352     0.691
 6     0.762     0.109    -0.639
 6     0.149     0.929     0.337
 7   114.894   -17.478   -14.327
 7     0.713     0.562     0.417
 7    -0.609     0.792    -0.027
 7    -0.346    -0.235     0.908
 8   123.668   -34.094     9.032
 8     0.387    -0.846     0.367
 8    -0.863    -0.472    -0.179
 8     0.324    -0.248    -0.913
 9   135.951   -61.671     8.107
 9     0.725     0.073     0.684
 9    -0.684     0.191     0.704
 9    -0.079    -0.979     0.189
 2    96.610   -18.522    59.718
 2    -0.021    -1.000    -0.006
 2     0.999    -0.021     0.042
 2    -0.042    -0.005     0.999
 3   132.485     0.998     1.887
 3     0.168     0.018    -0.986
 3     0.220     0.974     0.055
 3     0.961    -0.227     0.159
 4   113.038    10.759   -16.834
 4     0.424    -0.837     0.347
 4     0.891     0.454     0.008
 4    -0.164     0.305     0.938
 5   115.905    31.722     3.959
 5     0.349     0.699     0.624
 5     0.862    -0.501     0.079
 5     0.368     0.510    -0.778
 6   127.459    59.416     7.985
 6     0.615    -0.313     0.723
 6     0.782     0.129    -0.610
 6     0.097     0.941     0.324
 7   114.523   -17.410   -14.404
 7     0.701     0.560     0.440
 7    -0.604     0.795    -0.049
 7    -0.378    -0.232     0.896
 8   124.444   -34.532     8.068
 8     0.404    -0.864     0.300
 8    -0.872    -0.463    -0.159
 8     0.276    -0.197    -0.941
 9   135.842   -62.435     5.675
 9     0.694     0.007     0.719
 9    -0.705     0.207     0.678
 9    -0.144    -0.978     0.148
 2    96.610   -18.522    59.718
 2    -0.021    -1.000    -0.006
 2     0.999    -0.021     0.042
 2    -0.042    -0.005     0.999
 3   132.455     1.093     1.637
 3     0.173     0.012    -0.985
 3     0.226     0.973     0.052
 3     0.958    -0.231     0.166
 4   112.744    10.403   -17.012
 4     0.421    -0.829     0.367
 4     0.886     0.462     0.028
 4    -0.193     0.313     0.930
 5   115.994    31.947     3.051
 5     0.351     0.713     0.607
 5     0.873    -0.483     0.061
 5     0.337     0.509    -0.792
 6   127.220    59.890     5.681
 6     0.605    -0.282     0.744
 6     0.794     0.152    -0.588
 6     0.053     0.947     0.316
 7   114.285   -17.361   -14.438
 7     0.692     0.551     0.465
 7    -0.596     0.800    -0.063
 7    -0.407    -0.234     0.883
 8   124.773   -35.188     6.994
 8     0.410    -0.877     0.251
 8    -0.884    -0.450    -0.126
 8     0.223    -0.170    -0.960
 9   135.561   -63.296     3.006
 9     0.668    -0.038     0.742
 9    -0.716     0.236     0.657
 9    -0.200    -0.971     0.130
 2    96.609   -18.522    59.769
 2    -0.021    -1.000    -0.006
 2     0.999    -0.021     0.042
 2    -0.042    -0.005     0.999
 3   132.445     1.210     1.194
 3     0.183     0.002    -0.983
 3     0.235     0.971     0.046
 3     0.954    -0.240     0.177
 4   112.436     9.999   -17.224
 4     0.419    -0.824     0.381
 4     0.881     0.470     0.047
 4    -0.218     0.317     0.923
 5   116.005    32.248     2.169
 5     0.351     0.726     0.590
 5     0.885    -0.463     0.043
 5     0.305     0.507    -0.806
 6   126.858    60.296     3.884
 6     0.593    -0.265     0.760
 6     0.805     0.171    -0.568
 6     0.020     0.949     0.314
 7   113.891   -17.289   -14.618
 7     0.683     0.540     0.491
 7    -0.584     0.808    -0.076
 7    -0.438    -0.236     0.867
 8   125.019   -36.001     5.528
 8     0.411    -0.889     0.199
 8    -0.896    -0.435    -0.089
 8     0.165    -0.142    -0.976
 9   134.882   -64.192    -0.303
 9     0.639    -0.079     0.765
 9    -0.723     0.278     0.633
 9    -0.263    -0.957     0.121
 2    96.609   -18.522    59.769
 2    -0.021    -1.000    -0.006
 2     0.999    -0.021     0.042
 2    -0.042    -0.005     0.999
 3   132.429     1.203     0.982
 3     0.191    -0.002    -0.982
 3     0.239     0.970     0.045
 3     0.952    -0.244     0.185
 4   112.059     9.649   -17.470
 4     0.417    -0.818     0.395
 4     0.877     0.477     0.062
 4    -0.240     0.321     0.916
 5   115.946    32.397     1.257
 5     0.354     0.739     0.573
 5     0.894    -0.448     0.024
 5     0.274     0.503    -0.819
 6   126.598    60.497     1.963
 6     0.586    -0.245     0.772
 6     0.810     0.193    -0.554
 6    -0.014     0.950     0.311
 7   113.572   -17.242   -14.826
 7     0.673     0.528     0.517
 7    -0.572     0.815    -0.089
 7    -0.468    -0.236     0.851
 8   124.950   -36.672     4.070
 8     0.409    -0.897     0.165
 8    -0.906    -0.421    -0.039
 8     0.104    -0.134    -0.985
 9   133.981   -64.842    -4.290
 9     0.610    -0.108     0.785
 9    -0.720     0.337     0.606
 9    -0.330    -0.935     0.128
 2    96.609   -18.522    59.769
 2    -0.021    -1.000    -0.006
 2     0.999    -0.022     0.042
 2    -0.042    -0.005     0.999
 3   132.322     1.241     0.610
 3     0.203    -0.005    -0.979
 3     0.242     0.969     0.045
 3     0.948    -0.247     0.197
 4   111.762     9.401   -17.594
 4     0.416    -0.812     0.409
 4     0.871     0.485     0.076
 4    -0.260     0.324     0.909
 5   115.838    32.672     0.449
 5     0.356     0.750     0.558
 5     0.902    -0.431     0.003
 5     0.243     0.502    -0.830
 6   126.288    60.748     0.221
 6     0.580    -0.226     0.782
 6     0.813     0.217    -0.540
 6    -0.048     0.950     0.309
 7   113.176   -16.991   -14.837
 7     0.667     0.516     0.538
 7    -0.555     0.825    -0.103
 7    -0.497    -0.230     0.837
 8   124.746   -37.474     2.157
 8     0.402    -0.908     0.119
 8    -0.915    -0.403     0.015
 8     0.034    -0.115    -0.993
 9   132.838   -65.551    -8.734
 9     0.574    -0.138     0.807
 9    -0.712     0.401     0.576
 9    -0.403    -0.906     0.132
 2    96.610   -18.522    59.718
 2    -0.021    -1.000    -0.006
 2     0.999    -0.021     0.042
 2    -0.042    -0.005     0.999
 3   132.213     1.236     0.412
 3     0.209    -0.006    -0.978
 3     0.242     0.969     0.046
 3     0.947    -0.246     0.204
 4   111.583     9.313   -17.715
 4     0.417    -0.807     0.419
 4     0.867     0.491     0.082
 4    -0.272     0.329     0.904
 5   115.654    32.999    -0.284
 5     0.354     0.760     0.544
 5     0.911    -0.413    -0.017
 5     0.212     0.501    -0.839
 6   125.822    61.020    -1.689
 6     0.572    -0.209     0.793
 6     0.816     0.245    -0.523
 6    -0.085     0.947     0.311
 7   112.899   -16.842   -14.947
 7     0.658     0.504     0.558
 7    -0.536     0.835    -0.121
 7    -0.527    -0.220     0.820
 8   124.602   -38.105     0.200
 8     0.394    -0.915     0.087
 8    -0.918    -0.388     0.079
 8    -0.039    -0.112    -0.993
 9   131.682   -65.502   -13.340
 9     0.545    -0.155     0.823
 9    -0.691     0.472     0.547
 9    -0.474    -0.868     0.151
 2    96.610   -18.471    59.718
 2    -0.021    -1.000    -0.006
 2     0.999    -0.022     0.042
 2    -0.042    -0.005     0.999
 3   132.204     1.305     0.137
 3     0.216    -0.007    -0.976
 3     0.239     0.970     0.046
 3     0.946    -0.243     0.212
 4   111.433     9.253   -17.766
 4     0.415    -0.803     0.427
 4     0.865     0.494     0.088
 4    -0.282     0.333     0.900
 5   115.473    33.208    -0.813
 5     0.351     0.767     0.536
 5     0.917    -0.398    -0.030
 5     0.191     0.502    -0.843
 6   125.357    61.304    -3.021
 6     0.563    -0.199     0.802
 6     0.819     0.264    -0.510
 6    -0.110     0.944     0.312
 7   112.709   -16.696   -15.003
 7     0.652     0.493     0.576
 7    -0.512     0.846    -0.144
 7    -0.559    -0.201     0.804
 8   124.336   -38.873    -2.179
 8     0.382    -0.922     0.056
 8    -0.916    -0.370     0.155
 8    -0.123    -0.110    -0.986
 9   130.083   -65.362   -18.633
 9     0.507    -0.169     0.845
 9    -0.664     0.548     0.508
 9    -0.549    -0.819     0.166
 2    96.609   -18.471    59.769
 2    -0.021    -1.000    -0.006
 2     0.999    -0.022     0.042
 2    -0.042    -0.005     0.999
 3   132.181     1.274    -0.045
 3     0.221    -0.007    -0.975
 3     0.234     0.971     0.046
 3     0.946    -0.239     0.216
 4   111.333     9.066   -17.841
 4     0.413    -0.801     0.434
 4     0.862     0.497     0.095
 4    -0.292     0.335     0.896
 5   115.397    33.250    -1.092
 5     0.349     0.770     0.534
 5     0.919    -0.392    -0.037
 5     0.181     0.503    -0.845
 6   125.147    61.291    -3.870
 6     0.559    -0.195     0.806
 6     0.819     0.277    -0.502
 6    -0.125     0.941     0.315
 7   112.379   -16.507   -15.065
 7     0.639     0.483     0.598
 7    -0.486     0.857    -0.172
 7    -0.596    -0.180     0.783
 8   124.265   -39.335    -4.605
 8     0.376    -0.926     0.017
 8    -0.903    -0.362     0.233
 8    -0.209    -0.103    -0.972
 9   129.190   -64.557   -23.317
 9     0.472    -0.191     0.861
 9    -0.627     0.614     0.480
 9    -0.620    -0.766     0.170
 2    96.609   -18.471    59.718
 2    -0.022    -1.000    -0.006
 2     0.999    -0.022     0.042
 2    -0.042    -0.005     0.999
 3   132.188     1.218    -0.315
 3     0.229    -0.007    -0.973
 3     0.226     0.973     0.046
 3     0.947    -0.231     0.224
 4   111.173     9.010   -17.857
 4     0.414    -0.797     0.439
 4     0.860     0.500     0.095
 4    -0.296     0.339     0.893
 5   115.318    33.365    -1.343
 5     0.351     0.773     0.528
 5     0.921    -0.388    -0.045
 5     0.170     0.502    -0.848
 6   125.026    61.436    -4.280
 6     0.557    -0.193     0.807
 6     0.819     0.283    -0.498
 6    -0.133     0.939     0.316
 7   112.025   -16.339   -15.089
 7     0.629     0.472     0.617
 7    -0.454     0.868    -0.200
 7    -0.630    -0.155     0.760
 8   124.363   -39.231    -6.802
 8     0.374    -0.927    -0.026
 8    -0.882    -0.364     0.300
 8    -0.287    -0.089    -0.954
 9   128.371   -63.338   -27.513
 9     0.438    -0.220     0.872
 9    -0.587     0.665     0.462
 9    -0.681    -0.714     0.163
 2    96.609   -18.471    59.769
 2    -0.021    -1.000    -0.006
 2     0.999    -0.022     0.042
 2    -0.042    -0.005     0.999
 3   132.095     1.159    -0.562
 3     0.235    -0.008    -0.972
 3     0.214     0.976     0.043
 3     0.948    -0.219     0.231
 4   110.992     9.058   -17.828
 4     0.416    -0.793     0.446
 4     0.859     0.503     0.093
 4    -0.298     0.344     0.890
 5   115.280    33.527    -1.559
 5     0.356     0.776     0.520
 5     0.921    -0.385    -0.058
 5     0.155     0.500    -0.852
 6   125.034    61.494    -5.096
 6     0.559    -0.183     0.809
 6     0.815     0.298    -0.496
 6    -0.151     0.937     0.315
 7   111.828   -16.014   -15.105
 7     0.621     0.462     0.632
 7    -0.424     0.877    -0.226
 7    -0.659    -0.127     0.741
 8   124.626   -38.967    -8.866
 8     0.373    -0.925    -0.076
 8    -0.856    -0.374     0.356
 8    -0.358    -0.068    -0.931
 9   127.544   -61.937   -31.378
 9     0.399    -0.256     0.880
 9    -0.546     0.705     0.452
 9    -0.736    -0.662     0.142
 2    96.609   -18.522    59.769
 2    -0.021    -1.000    -0.006
 2     0.999    -0.022     0.042
 2    -0.042    -0.005     0.999
 3   132.026     1.283    -0.576
 3     0.236    -0.009    -0.972
 3     0.207     0.977     0.041
 3     0.949    -0.211     0.232
 4   110.906     9.155   -17.818
 4     0.417    -0.789     0.451
 4     0.857     0.506     0.092
 4    -0.302     0.348     0.887
 5   115.251    33.694    -1.811
 5     0.357     0.780     0.513
 5     0.923    -0.379    -0.066
 5     0.144     0.497    -0.855
 6   124.909    61.612    -5.552
 6     0.557    -0.178     0.811
 6     0.814     0.306    -0.493
 6    -0.161     0.935     0.315
 7   111.670   -15.862   -15.115
 7     0.613     0.461     0.641
 7    -0.398     0.882    -0.253
 7    -0.682    -0.101     0.724
 8   124.683   -38.828   -10.584
 8     0.368    -0.923    -0.108
 8    -0.832    -0.379     0.406
 8    -0.416    -0.059    -0.907
 9   126.826   -60.378   -34.819
 9     0.368    -0.278     0.887
 9    -0.505     0.741     0.442
 9    -0.781    -0.611     0.132
 2    96.609   -18.522    59.769
 2    -0.021    -1.000    -0.006
 2     0.999    -0.022     0.042
 2    -0.042    -0.005     0.999
 3   132.033     1.332    -0.691
 3     0.238    -0.009    -0.971
 3     0.202     0.978     0.040
 3     0.950    -0.206     0.235
 4   110.801     9.178   -17.813
 4     0.417    -0.787     0.454
 4     0.856     0.507     0.093
 4    -0.304     0.350     0.886
 5   115.088    33.909    -2.130
 5     0.354     0.784     0.509
 5     0.926    -0.371    -0.074
 5     0.130     0.498    -0.857
 6   124.690    61.745    -6.541
 6     0.556    -0.172     0.813
 6     0.811     0.325    -0.486
 6    -0.180     0.930     0.320
 7   111.436   -15.737   -15.148
 7     0.603     0.459     0.651
 7    -0.373     0.885    -0.279
 7    -0.705    -0.075     0.705
 8   124.565   -38.463   -12.329
 8     0.361    -0.922    -0.138
 8    -0.804    -0.383     0.454
 8    -0.472    -0.052    -0.880
 9   126.115   -58.881   -37.576
 9     0.344    -0.290     0.893
 9    -0.471     0.769     0.431
 9    -0.812    -0.569     0.128
 2    96.609   -18.522    59.769
 2    -0.021    -1.000    -0.006
 2     0.999    -0.022     0.042
 2    -0.042    -0.005     0.999
 3   131.983     1.276    -0.873
 3     0.242    -0.008    -0.970
 3     0.196     0.980     0.040
 3     0.950    -0.200     0.239
 4   110.712     9.147   -17.797
 4     0.417    -0.785     0.458
 4     0.854     0.510     0.096
 4    -0.310     0.351     0.883
 5   114.858    34.064    -2.603
 5     0.355     0.786     0.505
 5     0.929    -0.359    -0.094
 5     0.108     0.503    -0.858
 6   124.390    61.902    -7.674
 6     0.553    -0.169     0.815
 6     0.808     0.346    -0.477
 6    -0.201     0.923     0.328
 7   111.175   -15.587   -15.025
 7     0.591     0.457     0.664
 7    -0.347     0.888    -0.303
 7    -0.728    -0.052     0.683
 8   124.529   -38.197   -13.904
 8     0.352    -0.920    -0.171
 8    -0.775    -0.389     0.497
 8    -0.524    -0.042    -0.851
 9   125.326   -57.360   -40.268
 9     0.317    -0.308     0.897
 9    -0.434     0.794     0.426
 9    -0.843    -0.524     0.118
 2    96.609   -18.522    59.769
 2    -0.021    -1.000    -0.006
 2     0.999    -0.021     0.042
 2    -0.042    -0.005     0.999
 3   131.983     1.323    -0.951
 3     0.245    -0.008    -0.969
 3     0.193     0.980     0.041
 3     0.950    -0.197     0.241
 4   110.568     9.037   -17.852
 4     0.418    -0.780     0.465
 4     0.851     0.516     0.100
 4    -0.318     0.353     0.880
 5   114.751    34.221    -3.080
 5     0.352     0.792     0.498
 5     0.932    -0.346    -0.109
 5     0.086     0.502    -0.860
 6   124.114    61.729    -8.859
 6     0.550    -0.162     0.819
 6     0.805     0.364    -0.469
 6    -0.223     0.917     0.330
 7   110.896   -15.547   -15.064
 7     0.572     0.460     0.678
 7    -0.318     0.887    -0.333
 7    -0.755    -0.025     0.654
 8   124.411   -37.834   -15.329
 8     0.344    -0.919    -0.193
 8    -0.743    -0.393     0.542
 8    -0.574    -0.044    -0.818
 9   123.960   -55.701   -43.437
 9     0.283    -0.321     0.904
 9    -0.389     0.823     0.414
 9    -0.877    -0.469     0.107
 2    96.607   -18.472    59.772
 2    -0.021    -1.000    -0.006
 2     0.999    -0.022     0.042
 2    -0.043    -0.005     0.999
 3   131.933     1.267    -1.107
 3     0.248    -0.003    -0.969
 3     0.186     0.981     0.045
 3     0.950    -0.191     0.244
 4   110.562     8.982   -17.843
 4     0.420    -0.778     0.467
 4     0.849     0.519     0.101
 4    -0.321     0.353     0.879
 5   114.637    34.381    -3.441
 5     0.352     0.793     0.497
 5     0.933    -0.338    -0.123
 5     0.070     0.507    -0.859
 6   124.023    61.863    -9.923
 6     0.548    -0.161     0.820
 6     0.801     0.384    -0.460
 6    -0.241     0.909     0.339
 7   110.665   -15.481   -15.072
 7     0.552     0.458     0.696
 7    -0.287     0.889    -0.356
 7    -0.782    -0.003     0.623
 8   124.343   -37.163   -16.987
 8     0.341    -0.914    -0.221
 8    -0.705    -0.404     0.583
 8    -0.622    -0.043    -0.782
 9   123.790   -53.809   -45.218
 9     0.268    -0.337     0.902
 9    -0.353     0.837     0.417
 9    -0.896    -0.430     0.106
 2    96.609   -18.522    59.769
 2    -0.021    -1.000    -0.006
 2     0.999    -0.021     0.042
 2    -0.042    -0.005     0.999
 3   131.868     1.186    -1.197
 3     0.252     0.001    -0.968
 3     0.179     0.983     0.047
 3     0.951    -0.185     0.247
 4   110.509     8.954   -17.837
 4     0.423    -0.776     0.467
 4     0.847     0.522     0.101
 4    -0.323     0.353     0.878
 5   114.676    34.376    -3.604
 5     0.352     0.792     0.498
 5     0.933    -0.335    -0.128
 5     0.065     0.510    -0.857
 6   124.117    61.704   -10.260
 6     0.552    -0.164     0.818
 6     0.797     0.392    -0.460
 6    -0.246     0.905     0.347
 7   110.395   -15.386   -15.073
 7     0.534     0.461     0.708
 7    -0.261     0.887    -0.381
 7    -0.804     0.019     0.594
 8   124.349   -36.545   -18.335
 8     0.333    -0.909    -0.250
 8    -0.664    -0.415     0.623
 8    -0.669    -0.042    -0.742
 9   123.255   -51.553   -47.560
 9     0.245    -0.357     0.901
 9    -0.304     0.854     0.421
 9    -0.921    -0.377     0.100
 2    96.609   -18.471    59.769
 2    -0.021    -1.000    -0.006
 2     0.999    -0.022     0.042
 2    -0.042    -0.005     0.999
 3   131.901     1.056    -1.312
 3     0.254     0.006    -0.967
 3     0.172     0.984     0.051
 3     0.952    -0.179     0.249
 4   110.561     8.851   -17.836
 4     0.426    -0.774     0.468
 4     0.845     0.525     0.099
 4    -0.323     0.353     0.878
 5   114.699    34.323    -3.650
 5     0.353     0.791     0.499
 5     0.933    -0.335    -0.130
 5     0.064     0.512    -0.856
 6   124.117    61.755   -10.260
 6     0.551    -0.165     0.818
 6     0.797     0.392    -0.458
 6    -0.246     0.905     0.347
 7   110.211   -15.193   -15.039
 7     0.511     0.464     0.723
 7    -0.230     0.885    -0.405
 7    -0.828     0.041     0.559
 8   124.102   -35.727   -19.707
 8     0.323    -0.905    -0.276
