% Calibrated with leiden_pols
% Positions are in centimeters
Data =[
 2    96.607   -18.523    59.776
 2    -0.021    -1.000    -0.010
 2     0.999    -0.021     0.043
 2    -0.044    -0.010     0.999
 3   133.376    -0.794     5.491
 3     0.122     0.108    -0.987
 3     0.121     0.985     0.122
 3     0.985    -0.135     0.107
 4   118.646    14.227   -12.881
 4     0.502    -0.865     0.015
 4     0.831     0.477    -0.285
 4     0.239     0.156     0.958
 5   113.207    23.233    13.997
 5     0.173    -0.207     0.963
 5     0.240    -0.939    -0.245
 5     0.955     0.273    -0.113
 6   128.193    26.748    42.488
 6     0.410    -0.726    -0.552
 6    -0.207     0.515    -0.832
 6     0.888     0.455     0.061
 7   119.128   -20.344   -11.579
 7     0.777     0.620     0.104
 7    -0.629     0.770     0.109
 7    -0.012    -0.151     0.988
 8   115.003   -26.896    15.104
 8     0.105     0.115     0.988
 8    -0.259    -0.956     0.139
 8     0.960    -0.270    -0.070
 9   128.931   -30.931    44.835
 9     0.384     0.692    -0.611
 9     0.271     0.548     0.791
 9     0.882    -0.470     0.023
 2    96.607   -18.523    59.776
 2    -0.021    -1.000    -0.010
 2     0.999    -0.021     0.043
 2    -0.044    -0.010     0.999
 3   133.352    -0.740     5.519
 3     0.119     0.107    -0.987
 3     0.122     0.985     0.121
 3     0.985    -0.136     0.104
 4   118.871    14.226   -12.876
 4     0.502    -0.865     0.011
 4     0.831     0.479    -0.282
 4     0.238     0.151     0.959
 5   113.291    23.236    13.889
 5     0.170    -0.211     0.962
 5     0.238    -0.939    -0.248
 5     0.956     0.271    -0.110
 6   128.197    26.699    42.530
 6     0.408    -0.729    -0.550
 6    -0.207     0.513    -0.833
 6     0.889     0.454     0.058
 7   119.408   -20.187   -11.594
 7     0.780     0.617     0.097
 7    -0.625     0.773     0.109
 7    -0.008    -0.146     0.989
 8   115.224   -26.900    15.031
 8     0.102     0.121     0.987
 8    -0.259    -0.955     0.144
 8     0.960    -0.271    -0.067
 9   128.892   -30.877    44.873
 9     0.381     0.693    -0.612
 9     0.271     0.548     0.791
 9     0.884    -0.468     0.021
 2    96.607   -18.473    59.776
 2    -0.021    -1.000    -0.010
 2     0.999    -0.021     0.043
 2    -0.044    -0.010     0.999
 3   133.302    -0.684     5.702
 3     0.115     0.108    -0.987
 3     0.124     0.984     0.122
 3     0.985    -0.137     0.099
 4   119.021    14.225   -12.871
 4     0.504    -0.864     0.008
 4     0.830     0.482    -0.279
 4     0.237     0.147     0.960
 5   113.352    23.187    13.859
 5     0.167    -0.217     0.961
 5     0.236    -0.938    -0.253
 5     0.957     0.270    -0.106
 6   128.197    26.647    42.530
 6     0.407    -0.730    -0.550
 6    -0.208     0.512    -0.834
 6     0.889     0.453     0.057
 7   119.459   -20.161   -11.624
 7     0.780     0.618     0.094
 7    -0.625     0.773     0.107
 7    -0.007    -0.143     0.990
 8   115.122   -26.853    15.031
 8     0.101     0.122     0.987
 8    -0.260    -0.955     0.145
 8     0.960    -0.271    -0.065
 9   128.892   -30.851    44.797
 9     0.381     0.693    -0.612
 9     0.272     0.548     0.791
 9     0.884    -0.468     0.020
 2    96.607   -18.523    59.776
 2    -0.021    -1.000    -0.010
 2     0.999    -0.021     0.043
 2    -0.044    -0.010     0.999
 3   133.366    -0.728     5.788
 3     0.112     0.110    -0.988
 3     0.124     0.984     0.124
 3     0.986    -0.136     0.096
 4   119.046    14.225   -12.921
 4     0.504    -0.864     0.006
 4     0.830     0.483    -0.278
 4     0.237     0.145     0.960
 5   113.452    23.238    13.862
 5     0.166    -0.218     0.961
 5     0.236    -0.938    -0.254
 5     0.957     0.269    -0.104
 6   128.201    26.701    42.521
 6     0.406    -0.732    -0.547
 6    -0.207     0.509    -0.835
 6     0.890     0.452     0.055
 7   119.460   -20.186   -11.627
 7     0.780     0.618     0.093
 7    -0.625     0.773     0.106
 7    -0.006    -0.141     0.990
 8   115.170   -26.904    15.032
 8     0.101     0.123     0.987
 8    -0.261    -0.954     0.146
 8     0.960    -0.272    -0.064
 9   128.892   -30.850    44.822
 9     0.380     0.693    -0.612
 9     0.273     0.548     0.790
 9     0.884    -0.468     0.019
 2    96.607   -18.523    59.776
 2    -0.021    -1.000    -0.011
 2     0.999    -0.021     0.043
 2    -0.044    -0.010     0.999
 3   133.366    -0.674     5.841
 3     0.110     0.110    -0.988
 3     0.125     0.984     0.124
 3     0.986    -0.137     0.094
 4   119.047    14.200   -12.870
 4     0.505    -0.863     0.005
 4     0.830     0.483    -0.278
 4     0.237     0.145     0.960
 5   113.100    23.206    13.212
 5     0.098    -0.232     0.968
 5     0.248    -0.936    -0.249
 5     0.964     0.264    -0.035
 6   128.126    26.652    42.469
 6     0.407    -0.734    -0.544
 6    -0.205     0.507    -0.837
 6     0.890     0.452     0.056
 7   119.494   -20.333   -11.610
 7     0.783     0.614     0.094
 7    -0.622     0.775     0.115
 7    -0.003    -0.149     0.989
 8   114.904   -27.209    14.471
 8     0.060     0.147     0.987
 8    -0.269    -0.950     0.158
 8     0.961    -0.275    -0.017
 9   128.968   -31.023    44.407
 9     0.370     0.663    -0.651
 9     0.272     0.592     0.758
 9     0.888    -0.458     0.038
 2    96.607   -18.523    59.776
 2    -0.021    -1.000    -0.010
 2     0.999    -0.021     0.043
 2    -0.044    -0.010     0.999
 3   133.391    -0.673     5.842
 3     0.110     0.111    -0.988
 3     0.126     0.984     0.125
 3     0.986    -0.138     0.094
 4   119.093    14.148   -12.970
 4     0.504    -0.864     0.008
 4     0.830     0.482    -0.278
 4     0.236     0.147     0.960
 5   112.642    23.073    12.530
 5     0.048    -0.236     0.971
 5     0.255    -0.937    -0.240
 5     0.965     0.259     0.015
 6   126.512    27.147    42.308
 6     0.365    -0.748    -0.554
 6    -0.182     0.526    -0.831
 6     0.913     0.403     0.056
 7   119.695   -20.393   -11.659
 7     0.792     0.602     0.100
 7    -0.610     0.779     0.139
 7     0.006    -0.172     0.985
 8   114.723   -27.450    14.116
 8     0.030     0.170     0.985
 8    -0.281    -0.944     0.171
 8     0.959    -0.282     0.019
 9   128.256   -31.570    44.066
 9     0.290     0.577    -0.764
 9     0.266     0.718     0.643
 9     0.919    -0.390     0.054
 2    96.607   -18.473    59.776
 2    -0.021    -1.000    -0.010
 2     0.999    -0.021     0.043
 2    -0.044    -0.010     0.999
 3   133.352    -0.822     5.866
 3     0.108     0.109    -0.988
 3     0.132     0.984     0.122
 3     0.985    -0.144     0.091
 4   119.123    13.741   -13.331
 4     0.492    -0.870     0.012
 4     0.840     0.471    -0.270
 4     0.229     0.143     0.963
 5   111.450    23.005    11.986
 5     0.001    -0.210     0.978
 5     0.275    -0.940    -0.202
 5     0.961     0.269     0.056
 6   124.640    27.763    41.624
 6     0.319    -0.735    -0.598
 6    -0.160     0.580    -0.799
 6     0.934     0.350     0.067
 7   119.953   -20.477   -11.849
 7     0.799     0.593     0.099
 7    -0.601     0.782     0.163
 7     0.019    -0.190     0.982
 8   113.872   -28.339    13.325
 8    -0.029     0.222     0.974
 8    -0.310    -0.929     0.203
 8     0.950    -0.296     0.095
 9   125.780   -31.981    43.853
 9     0.150     0.463    -0.874
 9     0.246     0.838     0.486
 9     0.957    -0.288     0.012
 2    96.607   -18.523    59.726
 2    -0.021    -1.000    -0.010
 2     0.999    -0.021     0.043
 2    -0.044    -0.010     0.999
 3   133.368    -0.581     5.873
 3     0.100     0.091    -0.991
 3     0.138     0.985     0.104
 3     0.985    -0.147     0.086
 4   119.254    13.853   -13.395
 4     0.472    -0.882     0.008
 4     0.850     0.452    -0.270
 4     0.234     0.135     0.963
 5   110.446    23.303    11.381
 5    -0.052    -0.189     0.980
 5     0.299    -0.940    -0.165
 5     0.953     0.285     0.105
 6   122.646    29.419    41.402
 6     0.256    -0.731    -0.632
 6    -0.120     0.624    -0.772
 6     0.959     0.273     0.073
 7   120.517   -20.362   -11.850
 7     0.795     0.600     0.083
 7    -0.605     0.778     0.169
 7     0.037    -0.186     0.982
 8   112.547   -29.018    12.455
 8    -0.107     0.245     0.964
 8    -0.334    -0.922     0.197
 8     0.936    -0.301     0.180
 9   122.347   -33.525    43.441
 9     0.051     0.444    -0.894
 9     0.206     0.871     0.444
 9     0.977    -0.208    -0.047
 2    96.606   -18.523    59.776
 2    -0.021    -1.000    -0.010
 2     0.999    -0.021     0.043
 2    -0.044    -0.009     0.999
 3   133.393    -0.620     5.914
 3     0.090     0.073    -0.993
 3     0.131     0.988     0.085
 3     0.987    -0.138     0.079
 4   119.517    13.996   -13.389
 4     0.463    -0.886    -0.003
 4     0.850     0.445    -0.281
 4     0.250     0.127     0.959
 5   109.651    23.689    10.923
 5    -0.106    -0.222     0.969
 5     0.310    -0.933    -0.180
 5     0.944     0.282     0.167
 6   120.616    30.078    40.906
 6     0.178    -0.696    -0.695
 6    -0.102     0.690    -0.717
 6     0.979     0.198     0.052
 7   120.730   -20.455   -11.850
 7     0.785     0.615     0.065
 7    -0.617     0.768     0.171
 7     0.055    -0.175     0.983
 8   111.065   -29.444    11.679
 8    -0.179     0.254     0.950
 8    -0.348    -0.920     0.180
 8     0.920    -0.298     0.253
 9   119.128   -34.256    42.925
 9    -0.027     0.439    -0.898
 9     0.186     0.885     0.427
 9     0.982    -0.156    -0.105
 2    96.607   -18.523    59.725
 2    -0.021    -1.000    -0.010
 2     0.999    -0.021     0.043
 2    -0.044    -0.009     0.999
 3   133.414    -0.561     5.919
 3     0.083     0.040    -0.996
 3     0.121     0.991     0.050
 3     0.989    -0.125     0.077
 4   119.670    14.137   -13.400
 4     0.451    -0.892    -0.012
 4     0.852     0.435    -0.290
 4     0.263     0.121     0.957
 5   108.760    23.855    10.214
 5    -0.156    -0.238     0.959
 5     0.310    -0.933    -0.181
 5     0.938     0.269     0.219
 6   118.372    30.366    40.835
 6     0.113    -0.686    -0.719
 6    -0.094     0.713    -0.695
 6     0.989     0.146     0.016
 7   120.985   -20.524   -11.885
 7     0.776     0.627     0.057
 7    -0.626     0.759     0.177
 7     0.068    -0.173     0.982
 8   110.161   -29.812    11.030
 8    -0.236     0.257     0.937
 8    -0.356    -0.920     0.163
 8     0.904    -0.295     0.309
 9   116.622   -34.531    42.741
 9    -0.084     0.419    -0.904
 9     0.190     0.897     0.398
 9     0.978    -0.138    -0.155
 2    96.606   -18.473    59.776
 2    -0.021    -1.000    -0.010
 2     0.999    -0.021     0.043
 2    -0.044    -0.009     0.999
 3   133.423    -0.624     6.080
 3     0.074     0.015    -0.997
 3     0.118     0.992     0.024
 3     0.990    -0.120     0.071
 4   119.966    14.096   -13.551
 4     0.443    -0.896    -0.022
 4     0.854     0.429    -0.294
 4     0.272     0.112     0.955
 5   108.047    24.010     9.485
 5    -0.207    -0.272     0.940
 5     0.310    -0.929    -0.200
 5     0.928     0.250     0.276
 6   116.582    30.357    40.168
 6     0.051    -0.665    -0.745
 6    -0.089     0.740    -0.667
 6     0.995     0.100    -0.021
 7   121.313   -20.615   -11.877
 7     0.774     0.631     0.042
 7    -0.627     0.757     0.181
 7     0.082    -0.167     0.982
 8   109.587   -30.185    10.285
 8    -0.281     0.279     0.918
 8    -0.365    -0.916     0.167
 8     0.887    -0.288     0.360
 9   114.965   -34.226    42.248
 9    -0.128     0.400    -0.907
 9     0.204     0.906     0.370
 9     0.970    -0.138    -0.198
 2    96.607   -18.523    59.726
 2    -0.021    -1.000    -0.010
 2     0.999    -0.021     0.043
 2    -0.044    -0.010     0.999
 3   133.432    -0.540     6.107
 3     0.068    -0.003    -0.998
 3     0.113     0.993     0.004
 3     0.991    -0.113     0.068
 4   120.417    14.212   -13.656
 4     0.429    -0.903    -0.034
 4     0.858     0.419    -0.298
 4     0.283     0.098     0.954
 5   107.356    24.160     8.764
 5    -0.258    -0.285     0.923
 5     0.315    -0.928    -0.198
 5     0.913     0.239     0.328
 6   114.402    30.610    39.518
 6    -0.007    -0.657    -0.754
 6    -0.080     0.752    -0.654
 6     0.997     0.056    -0.057
 7   121.767   -20.563   -12.044
 7     0.771     0.636     0.031
 7    -0.631     0.756     0.173
 7     0.086    -0.154     0.984
 8   109.068   -30.425     9.440
 8    -0.325     0.297     0.897
 8    -0.376    -0.912     0.166
 8     0.868    -0.283     0.408
 9   112.988   -34.228    41.725
 9    -0.176     0.389    -0.904
 9     0.212     0.912     0.351
 9     0.961    -0.130    -0.244
 2    96.607   -18.523    59.725
 2    -0.021    -1.000    -0.010
 2     0.999    -0.021     0.043
 2    -0.044    -0.009     0.999
 3   133.546    -0.423     6.273
 3     0.058    -0.008    -0.998
 3     0.111     0.994    -0.002
 3     0.992    -0.111     0.059
 4   120.780    14.221   -13.719
 4     0.413    -0.910    -0.046
 4     0.863     0.407    -0.298
 4     0.289     0.083     0.953
 5   106.750    24.093     8.183
 5    -0.294    -0.280     0.914
 5     0.316    -0.931    -0.183
 5     0.902     0.235     0.361
 6   112.939    30.389    38.976
 6    -0.038    -0.654    -0.756
 6    -0.083     0.755    -0.650
 6     0.996     0.038    -0.083
 7   122.225   -20.511   -12.088
 7     0.764     0.645     0.018
 7    -0.639     0.751     0.165
 7     0.092    -0.138     0.986
 8   108.515   -30.199     8.842
 8    -0.363     0.286     0.887
 8    -0.373    -0.917     0.143
 8     0.854    -0.279     0.439
 9   111.231   -33.956    41.306
 9    -0.213     0.392    -0.895
 9     0.217     0.912     0.348
 9     0.952    -0.121    -0.280
 2    96.610   -18.470    59.714
 2    -0.022    -1.000    -0.002
 2     0.999    -0.022     0.041
 2    -0.041    -0.001     0.999
 3   133.720    -0.290     6.229
 3     0.053    -0.014    -0.999
 3     0.109     0.994    -0.008
 3     0.992    -0.109     0.054
 4   121.005    14.354   -13.827
 4     0.402    -0.915    -0.046
 4     0.868     0.396    -0.298
 4     0.291     0.080     0.953
 5   106.564    24.357     7.730
 5    -0.318    -0.283     0.905
 5     0.317    -0.931    -0.179
 5     0.893     0.230     0.386
 6   112.174    30.116    38.747
 6    -0.063    -0.622    -0.780
 6    -0.092     0.782    -0.616
 6     0.994     0.032    -0.107
 7   122.756   -20.436   -12.206
 7     0.756     0.654     0.006
 7    -0.647     0.747     0.155
 7     0.097    -0.121     0.988
 8   108.208   -29.950     8.246
 8    -0.402     0.274     0.874
 8    -0.366    -0.923     0.121
 8     0.839    -0.271     0.471
 9   109.983   -33.711    40.825
 9    -0.224     0.429    -0.875
 9     0.235     0.895     0.378
 9     0.946    -0.121    -0.302
 2    96.609   -18.470    59.764
 2    -0.022    -1.000    -0.000
 2     0.999    -0.022     0.040
 2    -0.041     0.000     0.999
 3   133.910    -0.269     6.503
 3     0.041    -0.017    -0.999
 3     0.108     0.994    -0.013
 3     0.993    -0.107     0.042
 4   121.593    14.362   -13.862
 4     0.391    -0.919    -0.058
 4     0.871     0.390    -0.298
 4     0.296     0.066     0.953
 5   106.325    23.763     7.290
 5    -0.353    -0.274     0.894
 5     0.304    -0.938    -0.167
 5     0.884     0.213     0.415
 6   110.235    30.571    38.127
 6    -0.038    -0.777    -0.628
 6    -0.071     0.629    -0.774
 6     0.996     0.015    -0.079
 7   123.440   -20.552   -12.159
 7     0.747     0.664    -0.019
 7    -0.655     0.740     0.152
 7     0.115    -0.102     0.988
 8   108.002   -29.709     7.939
 8    -0.443     0.273     0.853
 8    -0.344    -0.931     0.119
 8     0.827    -0.241     0.507
 9   108.078   -32.915    40.770
 9    -0.278     0.423    -0.862
 9     0.242     0.899     0.363
 9     0.929    -0.109    -0.353
 2    96.611   -18.469    59.761
 2    -0.022    -1.000    -0.000
 2     0.999    -0.022     0.040
 2    -0.040     0.001     0.999
 3   134.168    -0.183     6.717
 3     0.021    -0.027    -0.999
 3     0.107     0.994    -0.025
 3     0.994    -0.107     0.024
 4   122.216    14.371   -14.012
 4     0.366    -0.928    -0.066
 4     0.882     0.369    -0.294
 4     0.297     0.049     0.953
 5   106.127    23.397     6.835
 5    -0.382    -0.246     0.891
 5     0.301    -0.944    -0.132
 5     0.873     0.217     0.435
 6   111.027    31.450    38.635
 6    -0.047    -0.842    -0.537
 6    -0.011     0.538    -0.843
 6     0.999    -0.033    -0.035
 7   124.286   -20.662   -12.056
 7     0.739     0.671    -0.049
 7    -0.659     0.736     0.153
 7     0.139    -0.081     0.987
 8   107.994   -29.487     7.730
 8    -0.480     0.280     0.831
 8    -0.326    -0.937     0.127
 8     0.814    -0.210     0.541
 9   106.558   -32.397    40.441
 9    -0.330     0.400    -0.855
 9     0.244     0.911     0.332
 9     0.912    -0.099    -0.399
 2    96.611   -18.469    59.761
 2    -0.022    -1.000    -0.000
 2     0.999    -0.022     0.040
 2    -0.040     0.001     0.999
 3   134.330    -0.086     6.925
 3     0.007    -0.038    -0.999
 3     0.105     0.993    -0.037
 3     0.994    -0.105     0.011
 4   122.574    14.425   -13.860
 4     0.360    -0.930    -0.080
 4     0.884     0.367    -0.291
 4     0.299     0.034     0.953
 5   106.319    23.858     6.559
 5    -0.399    -0.273     0.875
 5     0.314    -0.938    -0.150
 5     0.861     0.215     0.460
 6   110.257    31.996    38.694
 6    -0.125    -0.760    -0.637
 6    -0.002     0.642    -0.766
 6     0.992    -0.095    -0.082
 7   124.911   -20.576   -12.081
 7     0.734     0.674    -0.074
 7    -0.661     0.736     0.147
 7     0.154    -0.059     0.986
 8   107.876   -29.338     7.033
 8    -0.517     0.282     0.808
 8    -0.314    -0.941     0.128
 8     0.796    -0.188     0.575
 9   104.679   -31.818    39.742
 9    -0.396     0.349    -0.849
 9     0.246     0.931     0.268
 9     0.884    -0.102    -0.455
 2    96.613   -18.468    59.758
 2    -0.022    -1.000    -0.000
 2     0.999    -0.022     0.039
 2    -0.039     0.001     0.999
 3   134.340    -0.007     7.265
 3    -0.008    -0.052    -0.999
 3     0.097     0.994    -0.052
 3     0.995    -0.098    -0.004
 4   123.207    14.559   -13.810
 4     0.367    -0.925    -0.097
 4     0.877     0.379    -0.296
 4     0.310     0.023     0.950
 5   106.513    24.200     6.398
 5    -0.418    -0.302     0.857
 5     0.306    -0.935    -0.180
 5     0.855     0.187     0.483
 6   109.676    31.634    39.005
 6    -0.195    -0.682    -0.704
 6    -0.024     0.721    -0.692
 6     0.980    -0.118    -0.157
 7   125.453   -20.292   -12.118
 7     0.727     0.679    -0.098
 7    -0.667     0.733     0.138
 7     0.165    -0.036     0.985
 8   107.694   -28.998     6.477
 8    -0.546     0.287     0.787
 8    -0.311    -0.942     0.128
 8     0.778    -0.175     0.603
 9   103.212   -31.260    38.941
 9    -0.449     0.300    -0.841
 9     0.241     0.948     0.208
 9     0.860    -0.109    -0.498
 2    96.567   -18.470    59.759
 2    -0.014    -1.000    -0.000
 2     0.999    -0.014     0.038
 2    -0.039     0.000     0.999
 3   134.397     0.146     7.449
 3    -0.021    -0.059    -0.998
 3     0.089     0.994    -0.061
 3     0.996    -0.090    -0.016
 4   123.638    14.926   -13.714
 4     0.360    -0.926    -0.113
 4     0.875     0.377    -0.302
 4     0.322     0.010     0.946
 5   106.528    24.240     6.213
 5    -0.441    -0.315     0.840
 5     0.291    -0.936    -0.198
 5     0.849     0.157     0.504
 6   109.002    30.701    39.171
 6    -0.240    -0.620    -0.747
 6    -0.049     0.776    -0.629
 6     0.969    -0.115    -0.217
 7   125.993   -20.030   -12.103
 7     0.726     0.678    -0.118
 7    -0.665     0.735     0.131
 7     0.175    -0.017     0.984
 8   108.015   -29.250     5.877
 8    -0.565     0.312     0.764
 8    -0.321    -0.936     0.145
 8     0.760    -0.163     0.629
 9   102.611   -31.306    38.187
 9    -0.492     0.241    -0.836
 9     0.230     0.962     0.142
 9     0.839    -0.123    -0.530
 2    96.574   -18.522    59.756
 2    -0.003    -1.000    -0.001
 2     0.999    -0.003     0.037
 2    -0.038    -0.001     0.999
 3   134.505     0.164     7.616
 3    -0.032    -0.065    -0.997
 3     0.082     0.994    -0.067
 3     0.996    -0.084    -0.027
 4   124.118    15.119   -13.774
 4     0.346    -0.930    -0.125
 4     0.876     0.368    -0.311
 4     0.335    -0.002     0.942
 5   106.361    24.002     6.008
 5    -0.466    -0.318     0.825
 5     0.271    -0.939    -0.209
 5     0.842     0.126     0.524
 6   107.676    29.929    39.092
 6    -0.282    -0.593    -0.754
 6    -0.059     0.795    -0.604
 6     0.957    -0.126    -0.259
 7   126.617   -19.846   -12.246
 7     0.731     0.670    -0.130
 7    -0.658     0.742     0.123
 7     0.178    -0.005     0.984
 8   108.308   -29.488     5.363
 8    -0.575     0.332     0.747
 8    -0.339    -0.928     0.151
 8     0.744    -0.167     0.646
 9   102.421   -31.692    37.494
 9    -0.508     0.222    -0.832
 9     0.223     0.967     0.122
 9     0.832    -0.124    -0.541
 2    96.627   -18.471    59.754
 2    -0.002    -1.000    -0.001
 2     0.999    -0.002     0.037
 2    -0.037    -0.001     0.999
 3   134.535     0.408     7.784
 3    -0.043    -0.069    -0.997
 3     0.077     0.994    -0.072
 3     0.996    -0.080    -0.038
 4   124.503    15.313   -13.636
 4     0.329    -0.934    -0.139
 4     0.877     0.357    -0.321
 4     0.350    -0.017     0.936
 5   106.149    23.859     5.563
 5    -0.493    -0.321     0.809
 5     0.260    -0.941    -0.215
 5     0.830     0.104     0.547
 6   106.315    29.548    38.886
 6    -0.322    -0.579    -0.749
 6    -0.064     0.803    -0.592
 6     0.944    -0.142    -0.296
 7   126.966   -19.616   -12.308
 7     0.733     0.666    -0.139
 7    -0.656     0.746     0.115
 7     0.180     0.007     0.983
 8   108.382   -29.678     4.821
 8    -0.587     0.338     0.735
 8    -0.351    -0.925     0.145
 8     0.729    -0.173     0.662
 9   101.844   -32.005    36.899
 9    -0.528     0.211    -0.823
 9     0.217     0.970     0.109
 9     0.821    -0.121    -0.558
 2    96.625   -18.472    59.757
 2    -0.002    -1.000    -0.001
 2     0.999    -0.002     0.037
 2    -0.038    -0.001     0.999
 3   134.640     0.422     7.979
 3    -0.055    -0.068    -0.996
 3     0.073     0.995    -0.072
 3     0.996    -0.077    -0.050
 4   124.923    15.425   -13.580
 4     0.317    -0.936    -0.152
 4     0.878     0.350    -0.326
 4     0.358    -0.030     0.933
 5   105.990    23.962     5.184
 5    -0.521    -0.325     0.789
 5     0.261    -0.941    -0.215
 5     0.812     0.094     0.575
 6   105.236    29.696    38.305
 6    -0.356    -0.562    -0.746
 6    -0.064     0.811    -0.581
 6     0.932    -0.159    -0.325
 7   127.374   -19.561   -12.274
 7     0.731     0.666    -0.150
 7    -0.657     0.746     0.111
 7     0.185     0.017     0.982
 8   108.558   -29.646     4.581
 8    -0.602     0.342     0.722
 8    -0.353    -0.924     0.143
 8     0.716    -0.169     0.677
 9   101.367   -31.715    36.481
 9    -0.543     0.203    -0.814
 9     0.226     0.970     0.092
 9     0.808    -0.134    -0.573
 2    96.628   -18.522    59.754
 2    -0.001    -1.000    -0.001
 2     0.999    -0.001     0.037
 2    -0.037    -0.001     0.999
 3   134.795     0.480     8.228
 3    -0.067    -0.067    -0.995
 3     0.070     0.995    -0.072
 3     0.995    -0.075    -0.062
 4   125.309    15.507   -13.485
 4     0.309    -0.937    -0.163
 4     0.879     0.347    -0.326
 4     0.362    -0.043     0.931
 5   105.976    24.272     4.861
 5    -0.543    -0.336     0.770
 5     0.265    -0.938    -0.223
 5     0.797     0.083     0.598
 6   104.423    29.821    37.794
 6    -0.388    -0.528    -0.756
 6    -0.059     0.832    -0.551
 6     0.920    -0.169    -0.354
 7   127.843   -19.426   -12.231
 7     0.730     0.663    -0.164
 7    -0.655     0.748     0.110
 7     0.195     0.026     0.980
 8   108.668   -29.899     4.093
 8    -0.619     0.356     0.700
 8    -0.356    -0.922     0.155
 8     0.700    -0.153     0.697
 9   100.479   -31.156    35.879
 9    -0.569     0.196    -0.798
 9     0.244     0.968     0.064
 9     0.785    -0.158    -0.599
 2    96.628   -18.522    59.754
 2    -0.001    -1.000    -0.001
 2     0.999    -0.001     0.037
 2    -0.037    -0.001     0.999
 3   134.906     0.488     8.334
 3    -0.077    -0.067    -0.995
 3     0.067     0.995    -0.073
 3     0.995    -0.072    -0.072
 4   125.645    15.562   -13.469
 4     0.305    -0.937    -0.171
 4     0.879     0.346    -0.328
 4     0.366    -0.050     0.929
 5   106.068    24.287     4.731
 5    -0.555    -0.342     0.758
 5     0.263    -0.937    -0.230
 5     0.789     0.072     0.610
 6   103.983    29.717    37.758
 6    -0.411    -0.499    -0.763
 6    -0.063     0.850    -0.522
 6     0.909    -0.166    -0.382
 7   128.153   -19.320   -12.204
 7     0.726     0.664    -0.177
 7    -0.657     0.746     0.105
 7     0.202     0.040     0.978
 8   108.468   -29.851     3.666
 8    -0.640     0.357     0.680
 8    -0.362    -0.921     0.143
 8     0.677    -0.155     0.719
 9    99.551   -30.941    35.086
 9    -0.588     0.197    -0.784
 9     0.248     0.967     0.057
 9     0.770    -0.161    -0.617
 2    96.628   -18.471    59.754
 2    -0.001    -1.000    -0.001
 2     0.999    -0.001     0.037
 2    -0.037    -0.002     0.999
 3   134.943     0.542     8.522
 3    -0.086    -0.067    -0.994
 3     0.062     0.995    -0.073
 3     0.994    -0.068    -0.082
 4   125.911    15.669   -13.332
 4     0.302    -0.937    -0.178
 4     0.878     0.346    -0.332
 4     0.372    -0.056     0.926
 5   106.027    24.451     4.439
 5    -0.572    -0.351     0.742
 5     0.257    -0.935    -0.244
 5     0.779     0.051     0.625
 6   103.249    29.245    37.498
 6    -0.440    -0.463    -0.770
 6    -0.076     0.873    -0.481
 6     0.895    -0.153    -0.419
 7   128.206   -19.322   -12.160
 7     0.721     0.667    -0.184
 7    -0.662     0.743     0.101
 7     0.204     0.048     0.977
 8   108.317   -29.762     3.506
 8    -0.650     0.350     0.674
 8    -0.362    -0.923     0.131
 8     0.668    -0.159     0.727
 9    99.089   -30.945    34.850
 9    -0.592     0.201    -0.781
 9     0.250     0.966     0.059
 9     0.766    -0.161    -0.622
 2    96.628   -18.471    59.754
 2    -0.001    -1.000    -0.001
 2     0.999    -0.001     0.037
 2    -0.037    -0.001     0.999
 3   134.939     0.545     8.583
 3    -0.090    -0.064    -0.994
 3     0.061     0.995    -0.070
 3     0.994    -0.067    -0.086
 4   126.065    15.570   -13.332
 4     0.297    -0.937    -0.184
 4     0.879     0.344    -0.331
 4     0.373    -0.063     0.926
 5   105.501    24.252     3.890
 5    -0.595    -0.348     0.724
 5     0.262    -0.936    -0.234
 5     0.760     0.050     0.648
 6   101.785    29.339    36.652
 6    -0.463    -0.465    -0.755
 6    -0.072     0.868    -0.491
 6     0.884    -0.173    -0.435
 7   128.237   -19.320   -12.093
 7     0.719     0.669    -0.188
 7    -0.663     0.741     0.101
 7     0.207     0.052     0.977
 8   108.206   -29.819     3.420
 8    -0.654     0.349     0.671
 8    -0.360    -0.924     0.130
 8     0.665    -0.157     0.729
 9    98.847   -30.848    34.817
 9    -0.596     0.197    -0.779
 9     0.252     0.966     0.051
 9     0.762    -0.167    -0.625
 2    96.628   -18.471    59.754
 2    -0.001    -1.000    -0.001
 2     0.999    -0.001     0.037
 2    -0.037    -0.001     0.999
 3   134.892     0.566     8.561
 3    -0.094    -0.063    -0.994
 3     0.063     0.995    -0.069
 3     0.993    -0.069    -0.090
 4   125.886    15.568   -13.354
 4     0.277    -0.944    -0.180
 4     0.889     0.323    -0.324
 4     0.364    -0.071     0.928
 5   104.879    23.991     3.522
 5    -0.609    -0.327     0.723
 5     0.259    -0.943    -0.208
 5     0.750     0.061     0.659
 6   100.871    29.437    36.060
 6    -0.470    -0.477    -0.743
 6    -0.063     0.857    -0.510
 6     0.880    -0.193    -0.433
 7   128.240   -19.370   -12.096
 7     0.719     0.668    -0.189
 7    -0.663     0.742     0.102
 7     0.208     0.051     0.976
 8   108.203   -29.996     3.545
 8    -0.653     0.354     0.669
 8    -0.361    -0.923     0.136
 8     0.665    -0.153     0.730
 9    98.887   -31.026    34.946
 9    -0.598     0.182    -0.780
 9     0.247     0.968     0.036
 9     0.762    -0.172    -0.624
 2    96.628   -18.522    59.754
 2    -0.001    -1.000    -0.001
 2     0.999    -0.001     0.037
 2    -0.037    -0.001     0.999
 3   134.789     0.566     8.611
 3    -0.097    -0.062    -0.993
 3     0.065     0.995    -0.069
 3     0.993    -0.072    -0.092
 4   125.573    15.490   -13.522
 4     0.273    -0.946    -0.174
 4     0.892     0.317    -0.323
 4     0.360    -0.067     0.930
 5   104.723    23.895     3.553
 5    -0.605    -0.326     0.727
 5     0.255    -0.944    -0.211
 5     0.755     0.058     0.653
 6   100.974    29.099    36.163
 6    -0.467    -0.464    -0.753
 6    -0.068     0.867    -0.493
 6     0.882    -0.179    -0.436
 7   128.040   -19.470   -12.046
 7     0.722     0.665    -0.187
 7    -0.659     0.745     0.104
 7     0.208     0.048     0.977
 8   108.149   -30.113     3.612
 8    -0.646     0.359     0.673
 8    -0.362    -0.921     0.143
 8     0.672    -0.151     0.725
 9    99.214   -31.121    35.086
 9    -0.589     0.178    -0.789
 9     0.245     0.969     0.035
 9     0.770    -0.173    -0.614
 2    96.628   -18.522    59.754
 2    -0.000    -1.000    -0.001
 2     0.999    -0.001     0.037
 2    -0.037    -0.001     0.999
 3   134.660     0.711     7.953
 3    -0.078    -0.061    -0.995
 3     0.069     0.995    -0.066
 3     0.994    -0.074    -0.073
 4   124.714    15.505   -13.909
 4     0.277    -0.950    -0.146
 4     0.894     0.310    -0.322
 4     0.350    -0.042     0.935
 5   104.418    23.864     3.647
 5    -0.583    -0.321     0.746
 5     0.248    -0.945    -0.212
 5     0.773     0.061     0.631
 6   101.434    28.945    36.301
 6    -0.445    -0.466    -0.765
 6    -0.070     0.869    -0.490
 6     0.893    -0.165    -0.419
 7   126.824   -19.575   -12.778
 7     0.726     0.671    -0.146
 7    -0.664     0.741     0.100
 7     0.175     0.024     0.984
 8   107.475   -29.956     3.251
 8    -0.626     0.340     0.702
 8    -0.364    -0.923     0.124
 8     0.690    -0.178     0.701
 9    99.581   -31.179    34.847
 9    -0.558     0.189    -0.808
 9     0.245     0.967     0.057
 9     0.792    -0.167    -0.587
 2    96.628   -18.471    59.754
 2    -0.001    -1.000    -0.001
 2     0.999    -0.001     0.037
 2    -0.037    -0.001     0.999
 3   134.577     0.633     6.580
 3    -0.031    -0.065    -0.997
 3     0.067     0.995    -0.067
 3     0.997    -0.069    -0.027
 4   123.398    15.410   -14.677
 4     0.282    -0.954    -0.102
 4     0.901     0.299    -0.313
 4     0.329    -0.004     0.944
 5   103.717    23.855     3.163
 5    -0.564    -0.309     0.765
 5     0.254    -0.947    -0.196
 5     0.785     0.084     0.613
 6   101.345    29.350    36.009
 6    -0.427    -0.471    -0.771
 6    -0.062     0.866    -0.495
 6     0.902    -0.164    -0.400
 7   125.770   -19.432   -13.416
 7     0.728     0.677    -0.102
 7    -0.672     0.735     0.090
 7     0.136     0.002     0.990
 8   106.904   -29.805     2.792
 8    -0.610     0.325     0.722
 8    -0.369    -0.924     0.104
 8     0.701    -0.203     0.683
 9    99.874   -31.343    34.584
 9    -0.536     0.193    -0.821
 9     0.243     0.967     0.068
 9     0.808    -0.163    -0.566
 2    96.628   -18.471    59.754
 2    -0.001    -1.000    -0.001
 2     0.999    -0.001     0.037
 2    -0.037    -0.001     0.999
 3   134.544     0.824     5.508
 3     0.002    -0.077    -0.997
 3     0.068     0.995    -0.077
 3     0.997    -0.068     0.007
 4   122.367    15.340   -15.320
 4     0.271    -0.960    -0.065
 4     0.914     0.277    -0.296
 4     0.302     0.021     0.953
 5   102.829    23.754     2.440
 5    -0.564    -0.290     0.773
 5     0.261    -0.951    -0.166
 5     0.783     0.109     0.612
 6   100.131    29.859    35.166
 6    -0.423    -0.491    -0.761
 6    -0.053     0.852    -0.521
 6     0.904    -0.180    -0.387
 7   125.375   -19.272   -13.937
 7     0.731     0.677    -0.080
 7    -0.672     0.735     0.083
 7     0.115    -0.007     0.993
 8   106.727   -29.822     2.245
 8    -0.607     0.324     0.725
 8    -0.383    -0.919     0.091
 8     0.697    -0.223     0.682
 9    99.626   -31.743    33.720
 9    -0.531     0.200    -0.823
 9     0.239     0.967     0.081
 9     0.813    -0.153    -0.562
 2    96.626   -18.472    59.757
 2    -0.000    -1.000    -0.002
 2     0.999    -0.001     0.037
 2    -0.038    -0.002     0.999
 3   134.400     0.914     5.260
 3     0.007    -0.082    -0.996
 3     0.068     0.994    -0.082
 3     0.997    -0.068     0.012
 4   122.012    15.385   -15.520
 4     0.258    -0.964    -0.059
 4     0.921     0.264    -0.287
 4     0.292     0.020     0.956
 5   102.391    23.696     1.943
 5    -0.577    -0.276     0.768
 5     0.258    -0.955    -0.149
 5     0.775     0.112     0.622
 6    99.172    29.844    34.503
 6    -0.437    -0.496    -0.750
 6    -0.054     0.847    -0.529
 6     0.898    -0.191    -0.397
 7   125.312   -19.199   -14.000
 7     0.733     0.676    -0.078
 7    -0.671     0.737     0.077
 7     0.110    -0.004     0.994
 8   106.682   -29.983     1.550
 8    -0.614     0.329     0.717
 8    -0.398    -0.914     0.079
 8     0.681    -0.237     0.692
 9    99.157   -31.854    33.040
 9    -0.547     0.199    -0.813
 9     0.241     0.967     0.075
 9     0.802    -0.155    -0.577
 2    96.628   -18.522    59.754
 2    -0.001    -1.000    -0.001
 2     0.999    -0.001     0.037
 2    -0.037    -0.001     0.999
 3   134.358     1.234     5.155
 3     0.000    -0.090    -0.996
 3     0.071     0.993    -0.090
 3     0.997    -0.071     0.007
 4   122.046    15.460   -15.708
 4     0.247    -0.967    -0.059
 4     0.925     0.253    -0.281
 4     0.287     0.015     0.958
 5   102.216    23.742     1.739
 5    -0.585    -0.268     0.765
 5     0.254    -0.957    -0.141
 5     0.770     0.112     0.627
 6    98.911    29.770    34.301
 6    -0.445    -0.490    -0.750
 6    -0.058     0.851    -0.522
 6     0.894    -0.189    -0.407
 7   125.531   -18.970   -14.154
 7     0.737     0.671    -0.082
 7    -0.667     0.741     0.071
 7     0.109     0.002     0.994
 8   106.720   -29.886     1.512
 8    -0.618     0.332     0.713
 8    -0.399    -0.913     0.080
 8     0.678    -0.235     0.697
 9    99.173   -31.327    33.100
 9    -0.546     0.198    -0.814
 9     0.252     0.965     0.066
 9     0.799    -0.169    -0.577
 2    96.628   -18.522    59.754
 2    -0.000    -1.000    -0.001
 2     0.999    -0.001     0.037
 2    -0.037    -0.001     0.999
 3   134.307     1.287     5.159
 3    -0.001    -0.093    -0.996
 3     0.071     0.993    -0.092
 3     0.997    -0.071     0.006
 4   121.993    15.510   -15.756
 4     0.246    -0.967    -0.058
 4     0.926     0.253    -0.281
 4     0.286     0.015     0.958
 5   102.218    23.868     1.738
 5    -0.583    -0.273     0.765
 5     0.257    -0.955    -0.145
 5     0.770     0.112     0.627
 6    99.079    30.017    34.274
 6    -0.448    -0.469    -0.761
 6    -0.051     0.863    -0.503
 6     0.892    -0.187    -0.410
 7   125.481   -18.970   -14.153
 7     0.736     0.671    -0.082
 7    -0.667     0.741     0.071
 7     0.109     0.002     0.994
 8   106.637   -29.761     1.618
 8    -0.618     0.324     0.716
 8    -0.388    -0.918     0.081
 8     0.684    -0.228     0.693
 9    99.231   -30.748    33.369
 9    -0.536     0.206    -0.818
 9     0.271     0.960     0.064
 9     0.799    -0.187    -0.571
 2    96.628   -18.471    59.754
 2    -0.001    -1.000    -0.001
 2     0.999    -0.001     0.037
 2    -0.037    -0.001     0.999
 3   134.359     1.409     5.101
 3     0.001    -0.096    -0.995
 3     0.072     0.993    -0.096
 3     0.997    -0.072     0.008
 4   121.858    15.455   -15.796
 4     0.248    -0.967    -0.055
 4     0.926     0.254    -0.278
 4     0.282     0.018     0.959
 5   102.156    23.971     1.720
 5    -0.576    -0.280     0.768
 5     0.266    -0.953    -0.147
 5     0.772     0.119     0.623
 6    99.163    30.291    34.259
 6    -0.444    -0.465    -0.766
 6    -0.045     0.865    -0.499
 6     0.895    -0.188    -0.405
 7   125.458   -19.021   -14.101
 7     0.735     0.672    -0.082
 7    -0.668     0.740     0.073
 7     0.109     0.000     0.994
 8   106.408   -29.764     1.675
 8    -0.620     0.323     0.715
 8    -0.387    -0.919     0.080
 8     0.683    -0.227     0.694
 9    98.789   -30.650    33.389
 9    -0.542     0.203    -0.816
 9     0.272     0.960     0.058
 9     0.795    -0.190    -0.576
 2    96.628   -18.471    59.754
 2    -0.001    -1.000    -0.001
 2     0.999    -0.001     0.037
 2    -0.037    -0.001     0.999
 3   134.213     1.327     4.988
 3     0.004    -0.099    -0.995
 3     0.074     0.992    -0.098
 3     0.997    -0.073     0.011
 4   121.598    15.325   -15.785
 4     0.248    -0.967    -0.053
 4     0.928     0.253    -0.274
 4     0.278     0.019     0.960
 5   101.838    23.789     1.559
 5    -0.582    -0.274     0.765
 5     0.266    -0.954    -0.139
 5     0.768     0.122     0.628
 6    98.201    30.103    34.032
 6    -0.464    -0.444    -0.766
 6    -0.044     0.876    -0.481
 6     0.885    -0.190    -0.426
 7   125.240   -19.097   -14.007
 7     0.732     0.676    -0.084
 7    -0.672     0.736     0.075
 7     0.112     0.001     0.993
 8   106.021   -29.831     1.503
 8    -0.632     0.319     0.706
 8    -0.388    -0.919     0.068
 8     0.671    -0.231     0.704
 9    97.850   -31.061    32.857
 9    -0.561     0.200    -0.803
 9     0.261     0.963     0.058
 9     0.786    -0.177    -0.593
 2    96.625   -18.472    59.757
 2    -0.001    -1.000    -0.001
 2     0.999    -0.001     0.037
 2    -0.038    -0.001     0.999
 3   134.127     1.392     5.011
 3    -0.003    -0.106    -0.994
 3     0.074     0.991    -0.106
 3     0.997    -0.074     0.005
 4   121.594    15.326   -15.780
 4     0.240    -0.969    -0.056
 4     0.930     0.246    -0.272
 4     0.277     0.014     0.960
 5   101.657    23.656     1.467
 5    -0.593    -0.268     0.759
 5     0.262    -0.956    -0.133
 5     0.761     0.120     0.637
 6    97.800    29.942    33.772
 6    -0.474    -0.442    -0.761
 6    -0.044     0.876    -0.481
 6     0.879    -0.194    -0.435
 7   125.372   -19.094   -13.944
 7     0.731     0.676    -0.090
 7    -0.672     0.736     0.074
 7     0.116     0.006     0.993
 8   106.166   -29.866     1.358
 8    -0.638     0.328     0.697
 8    -0.391    -0.917     0.074
 8     0.663    -0.225     0.713
 9    97.813   -31.068    32.772
 9    -0.572     0.188    -0.798
 9     0.258     0.965     0.043
 9     0.778    -0.182    -0.601
 2    96.628   -18.471    59.754
 2    -0.001    -1.000    -0.001
 2     0.999    -0.001     0.037
 2    -0.037    -0.001     0.999
 3   134.009     1.412     5.228
 3    -0.014    -0.116    -0.993
 3     0.074     0.990    -0.116
 3     0.997    -0.075    -0.005
 4   121.670    15.327   -15.778
 4     0.237    -0.970    -0.059
 4     0.931     0.244    -0.271
 4     0.277     0.009     0.961
 5   101.701    23.830     1.349
 5    -0.594    -0.275     0.756
 5     0.265    -0.954    -0.139
 5     0.759     0.118     0.639
 6    97.911    30.091    33.727
 6    -0.487    -0.401    -0.776
 6    -0.038     0.897    -0.439
 6     0.872    -0.184    -0.452
 7   125.508   -19.037   -13.863
 7     0.733     0.672    -0.098
 7    -0.668     0.740     0.074
 7     0.122     0.011     0.992
 8   106.492   -29.964     1.446
 8    -0.635     0.339     0.694
