% Calibrated with leiden_pols
% Positions are in centimeters
Data =[
 2    96.607   -18.523    59.776
 2    -0.021    -1.000    -0.010
 2     0.999    -0.021     0.043
 2    -0.044    -0.010     0.999
 3   133.376    -0.794     5.491
 3     0.122     0.108    -0.987
 3     0.121     0.985     0.122
 3     0.985    -0.135     0.107
 4   118.646    14.227   -12.881
 4     0.502    -0.865     0.015
 4     0.831     0.477    -0.285
 4     0.239     0.156     0.958
 5   113.207    23.233    13.997
 5     0.173    -0.207     0.963
 5     0.240    -0.939    -0.245
 5     0.955     0.273    -0.113
 6   128.193    26.748    42.488
 6     0.410    -0.726    -0.552
 6    -0.207     0.515    -0.832
 6     0.888     0.455     0.061
 7   119.128   -20.344   -11.579
 7     0.777     0.620     0.104
 7    -0.629     0.770     0.109
 7    -0.012    -0.151     0.988
 8   115.003   -26.896    15.104
 8     0.105     0.115     0.988
 8    -0.259    -0.956     0.139
 8     0.960    -0.270    -0.070
 9   128.931   -30.931    44.835
 9     0.384     0.692    -0.611
 9     0.271     0.548     0.791
 9     0.882    -0.470     0.023
 2    96.607   -18.523    59.776
 2    -0.021    -1.000    -0.010
 2     0.999    -0.021     0.043
 2    -0.044    -0.010     0.999
 3   133.352    -0.740     5.519
 3     0.119     0.107    -0.987
 3     0.122     0.985     0.121
 3     0.985    -0.136     0.104
 4   118.871    14.226   -12.876
 4     0.502    -0.865     0.011
 4     0.831     0.479    -0.282
 4     0.238     0.151     0.959
 5   113.291    23.236    13.889
 5     0.170    -0.211     0.962
 5     0.238    -0.939    -0.248
 5     0.956     0.271    -0.110
 6   128.197    26.699    42.530
 6     0.408    -0.729    -0.550
 6    -0.207     0.513    -0.833
 6     0.889     0.454     0.058
 7   119.408   -20.187   -11.594
 7     0.780     0.617     0.097
 7    -0.625     0.773     0.109
 7    -0.008    -0.146     0.989
 8   115.224   -26.900    15.031
 8     0.102     0.121     0.987
 8    -0.259    -0.955     0.144
 8     0.960    -0.271    -0.067
 9   128.892   -30.877    44.873
 9     0.381     0.693    -0.612
 9     0.271     0.548     0.791
 9     0.884    -0.468     0.021
 2    96.607   -18.473    59.776
 2    -0.021    -1.000    -0.010
 2     0.999    -0.021     0.043
 2    -0.044    -0.010     0.999
 3   133.302    -0.684     5.702
 3     0.115     0.108    -0.987
 3     0.124     0.984     0.122
 3     0.985    -0.137     0.099
 4   119.021    14.225   -12.871
 4     0.504    -0.864     0.008
 4     0.830     0.482    -0.279
 4     0.237     0.147     0.960
 5   113.352    23.187    13.859
 5     0.167    -0.217     0.961
 5     0.236    -0.938    -0.253
 5     0.957     0.270    -0.106
 6   128.197    26.647    42.530
 6     0.407    -0.730    -0.550
 6    -0.208     0.512    -0.834
 6     0.889     0.453     0.057
 7   119.459   -20.161   -11.624
 7     0.780     0.618     0.094
 7    -0.625     0.773     0.107
 7    -0.007    -0.143     0.990
 8   115.122   -26.853    15.031
 8     0.101     0.122     0.987
 8    -0.260    -0.955     0.145
 8     0.960    -0.271    -0.065
 9   128.892   -30.851    44.797
 9     0.381     0.693    -0.612
 9     0.272     0.548     0.791
 9     0.884    -0.468     0.020
 2    96.607   -18.523    59.776
 2    -0.021    -1.000    -0.010
 2     0.999    -0.021     0.043
 2    -0.044    -0.010     0.999
 3   133.366    -0.728     5.788
 3     0.112     0.110    -0.988
 3     0.124     0.984     0.124
 3     0.986    -0.136     0.096
 4   119.046    14.225   -12.921
 4     0.504    -0.864     0.006
 4     0.830     0.483    -0.278
 4     0.237     0.145     0.960
 5   113.452    23.238    13.862
 5     0.166    -0.218     0.961
 5     0.236    -0.938    -0.254
 5     0.957     0.269    -0.104
 6   128.201    26.701    42.521
 6     0.406    -0.732    -0.547
 6    -0.207     0.509    -0.835
 6     0.890     0.452     0.055
 7   119.460   -20.186   -11.627
 7     0.780     0.618     0.093
 7    -0.625     0.773     0.106
 7    -0.006    -0.141     0.990
 8   115.170   -26.904    15.032
 8     0.101     0.123     0.987
 8    -0.261    -0.954     0.146
 8     0.960    -0.272    -0.064
 9   128.892   -30.850    44.822
 9     0.380     0.693    -0.612
 9     0.273     0.548     0.790
 9     0.884    -0.468     0.019
 2    96.607   -18.523    59.776
 2    -0.021    -1.000    -0.011
 2     0.999    -0.021     0.043
 2    -0.044    -0.010     0.999
 3   133.366    -0.674     5.841
 3     0.110     0.110    -0.988
 3     0.125     0.984     0.124
 3     0.986    -0.137     0.094
 4   119.047    14.200   -12.870
 4     0.505    -0.863     0.005
 4     0.830     0.483    -0.278
 4     0.237     0.145     0.960
 5   113.100    23.206    13.212
 5     0.098    -0.232     0.968
 5     0.248    -0.936    -0.249
 5     0.964     0.264    -0.035
 6   128.126    26.652    42.469
 6     0.407    -0.734    -0.544
 6    -0.205     0.507    -0.837
 6     0.890     0.452     0.056
 7   119.494   -20.333   -11.610
 7     0.783     0.614     0.094
 7    -0.622     0.775     0.115
 7    -0.003    -0.149     0.989
 8   114.904   -27.209    14.471
 8     0.060     0.147     0.987
 8    -0.269    -0.950     0.158
 8     0.961    -0.275    -0.017
 9   128.968   -31.023    44.407
 9     0.370     0.663    -0.651
 9     0.272     0.592     0.758
 9     0.888    -0.458     0.038
 2    96.607   -18.523    59.776
 2    -0.021    -1.000    -0.010
 2     0.999    -0.021     0.043
 2    -0.044    -0.010     0.999
 3   133.391    -0.673     5.842
 3     0.110     0.111    -0.988
 3     0.126     0.984     0.125
 3     0.986    -0.138     0.094
 4   119.093    14.148   -12.970
 4     0.504    -0.864     0.008
 4     0.830     0.482    -0.278
 4     0.236     0.147     0.960
 5   112.642    23.073    12.530
 5     0.048    -0.236     0.971
 5     0.255    -0.937    -0.240
 5     0.965     0.259     0.015
 6   126.512    27.147    42.308
 6     0.365    -0.748    -0.554
 6    -0.182     0.526    -0.831
 6     0.913     0.403     0.056
 7   119.695   -20.393   -11.659
 7     0.792     0.602     0.100
 7    -0.610     0.779     0.139
 7     0.006    -0.172     0.985
 8   114.723   -27.450    14.116
 8     0.030     0.170     0.985
 8    -0.281    -0.944     0.171
 8     0.959    -0.282     0.019
 9   128.256   -31.570    44.066
 9     0.290     0.577    -0.764
 9     0.266     0.718     0.643
 9     0.919    -0.390     0.054
 2    96.607   -18.473    59.776
 2    -0.021    -1.000    -0.010
 2     0.999    -0.021     0.043
 2    -0.044    -0.010     0.999
 3   133.352    -0.822     5.866
 3     0.108     0.109    -0.988
 3     0.132     0.984     0.122
 3     0.985    -0.144     0.091
 4   119.123    13.741   -13.331
 4     0.492    -0.870     0.012
 4     0.840     0.471    -0.270
 4     0.229     0.143     0.963
 5   111.450    23.005    11.986
 5     0.001    -0.210     0.978
 5     0.275    -0.940    -0.202
 5     0.961     0.269     0.056
 6   124.640    27.763    41.624
 6     0.319    -0.735    -0.598
 6    -0.160     0.580    -0.799
 6     0.934     0.350     0.067
 7   119.953   -20.477   -11.849
 7     0.799     0.593     0.099
 7    -0.601     0.782     0.163
 7     0.019    -0.190     0.982
 8   113.872   -28.339    13.325
 8    -0.029     0.222     0.974
 8    -0.310    -0.929     0.203
 8     0.950    -0.296     0.095
 9   125.780   -31.981    43.853
 9     0.150     0.463    -0.874
 9     0.246     0.838     0.486
 9     0.957    -0.288     0.012
 2    96.607   -18.523    59.726
 2    -0.021    -1.000    -0.010
 2     0.999    -0.021     0.043
 2    -0.044    -0.010     0.999
 3   133.368    -0.581     5.873
 3     0.100     0.091    -0.991
 3     0.138     0.985     0.104
 3     0.985    -0.147     0.086
 4   119.254    13.853   -13.395
 4     0.472    -0.882     0.008
 4     0.850     0.452    -0.270
 4     0.234     0.135     0.963
 5   110.446    23.303    11.381
 5    -0.052    -0.189     0.980
 5     0.299    -0.940    -0.165
 5     0.953     0.285     0.105
