% Calibrated with leiden_pols
% Positions are in centimeters
Data =[
 2    97.070   -18.702    59.781
 2     0.439    -0.899     0.004
 2     0.898     0.438     0.036
 2    -0.035    -0.012     0.999
 3   124.534    -2.187     2.352
 3     0.321    -0.065    -0.945
 3     0.176     0.984    -0.008
 3     0.930    -0.164     0.328
 4   113.644    14.669   -14.462
 4     0.579    -0.766     0.279
 4     0.815     0.550    -0.181
 4    -0.015     0.332     0.943
 5   114.273    38.824     3.784
 5     0.307    -0.541     0.783
 5     0.744    -0.377    -0.552
 5     0.593     0.752     0.287
 6   135.773    30.817    27.379
 6     0.263     0.738    -0.621
 6    -0.194     0.671     0.715
 6     0.945    -0.068     0.319
 7   112.866   -19.466   -14.809
 7     0.443     0.889     0.115
 7    -0.896     0.441     0.045
 7    -0.010    -0.123     0.992
 8   115.008   -42.113     3.027
 8     0.311     0.378     0.872
 8    -0.748    -0.469     0.470
 8     0.587    -0.798     0.137
 9   135.680   -40.252    24.219
 9     0.378    -0.432    -0.818
 9     0.009     0.886    -0.464
 9     0.925     0.168     0.339
 2    97.045   -18.702    59.832
 2     0.438    -0.899     0.004
 2     0.898     0.438     0.037
 2    -0.035    -0.013     0.999
 3   124.534    -2.186     2.378
 3     0.321    -0.065    -0.945
 3     0.177     0.984    -0.007
 3     0.930    -0.165     0.327
 4   113.643    14.720   -14.463
 4     0.578    -0.766     0.279
 4     0.815     0.549    -0.181
 4    -0.015     0.333     0.943
 5   114.275    38.826     3.779
 5     0.306    -0.540     0.784
 5     0.744    -0.378    -0.551
 5     0.594     0.752     0.286
 6   135.722    30.715    27.430
 6     0.263     0.738    -0.622
 6    -0.195     0.672     0.714
 6     0.945    -0.067     0.320
 7   112.866   -19.466   -14.809
 7     0.443     0.889     0.115
 7    -0.896     0.441     0.046
 7    -0.010    -0.123     0.992
 8   114.958   -42.164     2.976
 8     0.311     0.377     0.872
 8    -0.748    -0.469     0.470
 8     0.587    -0.798     0.136
 9   135.680   -40.151    24.270
 9     0.379    -0.433    -0.818
 9     0.009     0.885    -0.464
 9     0.925     0.168     0.339
 2    97.045   -18.702    59.833
 2     0.439    -0.899     0.004
 2     0.898     0.439     0.037
 2    -0.035    -0.013     0.999
 3   124.534    -2.161     2.378
 3     0.321    -0.065    -0.945
 3     0.176     0.984    -0.008
 3     0.930    -0.164     0.327
 4   113.593    14.720   -14.463
 4     0.578    -0.766     0.280
 4     0.815     0.549    -0.181
 4    -0.015     0.333     0.943
 5   114.200    38.826     3.830
 5     0.306    -0.541     0.784
 5     0.744    -0.379    -0.551
 5     0.594     0.751     0.286
 6   135.714    30.712    27.439
 6     0.263     0.737    -0.622
 6    -0.196     0.672     0.714
 6     0.944    -0.066     0.321
 7   112.868   -19.465   -14.761
 7     0.443     0.889     0.114
 7    -0.896     0.441     0.046
 7    -0.009    -0.123     0.992
 8   114.956   -42.165     2.980
 8     0.310     0.376     0.873
 8    -0.748    -0.470     0.469
 8     0.586    -0.798     0.136
 9   135.680   -40.151    24.270
 9     0.379    -0.432    -0.818
 9     0.009     0.886    -0.464
 9     0.925     0.168     0.340
 2    97.045   -18.702    59.833
 2     0.439    -0.899     0.004
 2     0.898     0.438     0.037
 2    -0.035    -0.013     0.999
 3   124.540    -2.159     2.369
 3     0.320    -0.065    -0.945
 3     0.176     0.984    -0.008
 3     0.931    -0.164     0.327
 4   113.594    14.670   -14.463
 4     0.578    -0.766     0.279
 4     0.815     0.549    -0.182
 4    -0.015     0.333     0.943
 5   114.203    38.827     3.827
 5     0.305    -0.540     0.784
 5     0.743    -0.380    -0.551
 5     0.595     0.751     0.286
 6   135.714    30.711    27.440
 6     0.263     0.737    -0.623
 6    -0.197     0.672     0.713
 6     0.944    -0.066     0.322
 7   112.866   -19.415   -14.860
 7     0.443     0.889     0.115
 7    -0.896     0.441     0.046
 7    -0.010    -0.123     0.992
 8   114.934   -42.113     2.977
 8     0.310     0.377     0.873
 8    -0.748    -0.470     0.468
 8     0.587    -0.798     0.136
 9   135.630   -40.202    24.269
 9     0.379    -0.432    -0.818
 9     0.008     0.886    -0.464
 9     0.925     0.169     0.339
 2    97.045   -18.702    59.833
 2     0.439    -0.899     0.004
 2     0.898     0.438     0.037
 2    -0.035    -0.013     0.999
 3   124.491    -2.185     2.369
 3     0.321    -0.065    -0.945
 3     0.176     0.984    -0.008
 3     0.931    -0.164     0.327
 4   113.595    14.722   -14.415
 4     0.577    -0.767     0.279
 4     0.816     0.548    -0.182
 4    -0.014     0.333     0.943
 5   114.228    38.827     3.827
 5     0.305    -0.541     0.784
 5     0.743    -0.380    -0.551
 5     0.595     0.750     0.286
 6   135.663    30.659    27.490
 6     0.263     0.737    -0.623
 6    -0.198     0.672     0.713
 6     0.944    -0.064     0.322
 7   112.818   -19.414   -14.761
 7     0.444     0.888     0.114
 7    -0.896     0.442     0.046
 7    -0.009    -0.123     0.992
 8   114.934   -42.113     2.951
 8     0.310     0.377     0.873
 8    -0.748    -0.470     0.469
 8     0.587    -0.798     0.136
 9   135.630   -40.201    24.219
 9     0.378    -0.432    -0.818
 9     0.009     0.886    -0.464
 9     0.925     0.168     0.339
 2    97.045   -18.702    59.833
 2     0.439    -0.899     0.004
 2     0.898     0.438     0.037
 2    -0.035    -0.013     0.999
 3   124.584    -2.161     2.353
 3     0.321    -0.066    -0.945
 3     0.176     0.984    -0.009
 3     0.930    -0.164     0.327
 4   113.596    14.721   -14.415
 4     0.577    -0.767     0.279
 4     0.816     0.548    -0.181
 4    -0.014     0.332     0.943
 5   114.153    38.827     3.827
 5     0.304    -0.541     0.784
 5     0.744    -0.380    -0.550
 5     0.595     0.750     0.286
 6   135.663    30.709    27.439
 6     0.262     0.736    -0.623
 6    -0.198     0.673     0.712
 6     0.944    -0.064     0.322
 7   112.968   -19.463   -14.813
 7     0.446     0.887     0.114
 7    -0.895     0.444     0.047
 7    -0.009    -0.123     0.992
 8   115.108   -42.163     2.976
 8     0.311     0.379     0.871
 8    -0.747    -0.469     0.470
 8     0.587    -0.798     0.137
 9   135.686   -40.148    24.261
 9     0.378    -0.435    -0.817
 9     0.010     0.885    -0.466
 9     0.926     0.167     0.338
 2    97.045   -18.702    59.832
 2     0.439    -0.899     0.004
 2     0.898     0.438     0.037
 2    -0.035    -0.012     0.999
 3   124.639    -2.159     2.344
 3     0.320    -0.068    -0.945
 3     0.177     0.984    -0.011
 3     0.931    -0.164     0.327
 4   113.640    14.721   -14.460
 4     0.575    -0.768     0.280
 4     0.817     0.547    -0.179
 4    -0.016     0.332     0.943
 5   114.099    38.827     3.780
 5     0.302    -0.540     0.785
 5     0.745    -0.380    -0.548
 5     0.594     0.751     0.287
 6   135.663    30.711    27.388
 6     0.263     0.736    -0.624
 6    -0.197     0.674     0.712
 6     0.944    -0.065     0.322
 7   112.990   -19.463   -14.811
 7     0.448     0.886     0.114
 7    -0.894     0.446     0.046
 7    -0.010    -0.123     0.992
 8   115.183   -42.111     2.975
 8     0.314     0.379     0.870
 8    -0.746    -0.469     0.473
 8     0.587    -0.798     0.136
 9   135.686   -40.147    24.262
 9     0.377    -0.436    -0.817
 9     0.011     0.884    -0.467
 9     0.926     0.166     0.338
 2    97.046   -18.702    59.782
 2     0.439    -0.899     0.004
 2     0.898     0.438     0.037
 2    -0.035    -0.013     0.999
 3   124.707    -2.109     2.302
 3     0.320    -0.070    -0.945
 3     0.178     0.984    -0.012
 3     0.930    -0.164     0.327
 4   113.637    14.720   -14.458
 4     0.574    -0.769     0.281
 4     0.818     0.547    -0.178
 4    -0.017     0.332     0.943
 5   114.052    38.828     3.726
 5     0.300    -0.540     0.786
 5     0.745    -0.381    -0.547
 5     0.595     0.750     0.288
