% Calibrated with leiden_pols
% Positions are in centimeters
Data =[
 2    97.070   -18.702    59.781
 2     0.439    -0.899     0.004
 2     0.898     0.438     0.036
 2    -0.035    -0.012     0.999
 3   124.534    -2.187     2.352
 3     0.321    -0.065    -0.945
 3     0.176     0.984    -0.008
 3     0.930    -0.164     0.328
 4   113.644    14.669   -14.462
 4     0.579    -0.766     0.279
 4     0.815     0.550    -0.181
 4    -0.015     0.332     0.943
 5   114.273    38.824     3.784
 5     0.307    -0.541     0.783
 5     0.744    -0.377    -0.552
 5     0.593     0.752     0.287
 6   135.773    30.817    27.379
 6     0.263     0.738    -0.621
 6    -0.194     0.671     0.715
 6     0.945    -0.068     0.319
 7   112.866   -19.466   -14.809
 7     0.443     0.889     0.115
 7    -0.896     0.441     0.045
 7    -0.010    -0.123     0.992
 8   115.008   -42.113     3.027
 8     0.311     0.378     0.872
 8    -0.748    -0.469     0.470
 8     0.587    -0.798     0.137
 9   135.680   -40.252    24.219
 9     0.378    -0.432    -0.818
 9     0.009     0.886    -0.464
 9     0.925     0.168     0.339
 2    97.045   -18.702    59.832
 2     0.438    -0.899     0.004
 2     0.898     0.438     0.037
 2    -0.035    -0.013     0.999
 3   124.534    -2.186     2.378
 3     0.321    -0.065    -0.945
 3     0.177     0.984    -0.007
 3     0.930    -0.165     0.327
 4   113.643    14.720   -14.463
 4     0.578    -0.766     0.279
 4     0.815     0.549    -0.181
 4    -0.015     0.333     0.943
 5   114.275    38.826     3.779
 5     0.306    -0.540     0.784
 5     0.744    -0.378    -0.551
 5     0.594     0.752     0.286
 6   135.722    30.715    27.430
 6     0.263     0.738    -0.622
 6    -0.195     0.672     0.714
 6     0.945    -0.067     0.320
 7   112.866   -19.466   -14.809
 7     0.443     0.889     0.115
 7    -0.896     0.441     0.046
 7    -0.010    -0.123     0.992
 8   114.958   -42.164     2.976
 8     0.311     0.377     0.872
 8    -0.748    -0.469     0.470
 8     0.587    -0.798     0.136
 9   135.680   -40.151    24.270
 9     0.379    -0.433    -0.818
 9     0.009     0.885    -0.464
 9     0.925     0.168     0.339
 2    97.045   -18.702    59.833
 2     0.439    -0.899     0.004
 2     0.898     0.439     0.037
 2    -0.035    -0.013     0.999
 3   124.534    -2.161     2.378
 3     0.321    -0.065    -0.945
 3     0.176     0.984    -0.008
 3     0.930    -0.164     0.327
 4   113.593    14.720   -14.463
 4     0.578    -0.766     0.280
 4     0.815     0.549    -0.181
 4    -0.015     0.333     0.943
 5   114.200    38.826     3.830
 5     0.306    -0.541     0.784
 5     0.744    -0.379    -0.551
 5     0.594     0.751     0.286
 6   135.714    30.712    27.439
 6     0.263     0.737    -0.622
 6    -0.196     0.672     0.714
 6     0.944    -0.066     0.321
 7   112.868   -19.465   -14.761
 7     0.443     0.889     0.114
 7    -0.896     0.441     0.046
 7    -0.009    -0.123     0.992
 8   114.956   -42.165     2.980
 8     0.310     0.376     0.873
 8    -0.748    -0.470     0.469
 8     0.586    -0.798     0.136
 9   135.680   -40.151    24.270
 9     0.379    -0.432    -0.818
 9     0.009     0.886    -0.464
 9     0.925     0.168     0.340
 2    97.045   -18.702    59.833
 2     0.439    -0.899     0.004
 2     0.898     0.438     0.037
 2    -0.035    -0.013     0.999
 3   124.540    -2.159     2.369
 3     0.320    -0.065    -0.945
 3     0.176     0.984    -0.008
 3     0.931    -0.164     0.327
 4   113.594    14.670   -14.463
 4     0.578    -0.766     0.279
 4     0.815     0.549    -0.182
 4    -0.015     0.333     0.943
 5   114.203    38.827     3.827
 5     0.305    -0.540     0.784
 5     0.743    -0.380    -0.551
 5     0.595     0.751     0.286
 6   135.714    30.711    27.440
 6     0.263     0.737    -0.623
 6    -0.197     0.672     0.713
 6     0.944    -0.066     0.322
 7   112.866   -19.415   -14.860
 7     0.443     0.889     0.115
 7    -0.896     0.441     0.046
 7    -0.010    -0.123     0.992
 8   114.934   -42.113     2.977
 8     0.310     0.377     0.873
 8    -0.748    -0.470     0.468
 8     0.587    -0.798     0.136
 9   135.630   -40.202    24.269
 9     0.379    -0.432    -0.818
 9     0.008     0.886    -0.464
 9     0.925     0.169     0.339
 2    97.045   -18.702    59.833
 2     0.439    -0.899     0.004
 2     0.898     0.438     0.037
 2    -0.035    -0.013     0.999
 3   124.491    -2.185     2.369
 3     0.321    -0.065    -0.945
 3     0.176     0.984    -0.008
 3     0.931    -0.164     0.327
 4   113.595    14.722   -14.415
 4     0.577    -0.767     0.279
 4     0.816     0.548    -0.182
 4    -0.014     0.333     0.943
 5   114.228    38.827     3.827
 5     0.305    -0.541     0.784
 5     0.743    -0.380    -0.551
 5     0.595     0.750     0.286
 6   135.663    30.659    27.490
 6     0.263     0.737    -0.623
 6    -0.198     0.672     0.713
 6     0.944    -0.064     0.322
 7   112.818   -19.414   -14.761
 7     0.444     0.888     0.114
 7    -0.896     0.442     0.046
 7    -0.009    -0.123     0.992
 8   114.934   -42.113     2.951
 8     0.310     0.377     0.873
 8    -0.748    -0.470     0.469
 8     0.587    -0.798     0.136
 9   135.630   -40.201    24.219
 9     0.378    -0.432    -0.818
 9     0.009     0.886    -0.464
 9     0.925     0.168     0.339
 2    97.045   -18.702    59.833
 2     0.439    -0.899     0.004
 2     0.898     0.438     0.037
 2    -0.035    -0.013     0.999
 3   124.584    -2.161     2.353
 3     0.321    -0.066    -0.945
 3     0.176     0.984    -0.009
 3     0.930    -0.164     0.327
 4   113.596    14.721   -14.415
 4     0.577    -0.767     0.279
 4     0.816     0.548    -0.181
 4    -0.014     0.332     0.943
 5   114.153    38.827     3.827
 5     0.304    -0.541     0.784
 5     0.744    -0.380    -0.550
 5     0.595     0.750     0.286
 6   135.663    30.709    27.439
 6     0.262     0.736    -0.623
 6    -0.198     0.673     0.712
 6     0.944    -0.064     0.322
 7   112.968   -19.463   -14.813
 7     0.446     0.887     0.114
 7    -0.895     0.444     0.047
 7    -0.009    -0.123     0.992
 8   115.108   -42.163     2.976
 8     0.311     0.379     0.871
 8    -0.747    -0.469     0.470
 8     0.587    -0.798     0.137
 9   135.686   -40.148    24.261
 9     0.378    -0.435    -0.817
 9     0.010     0.885    -0.466
 9     0.926     0.167     0.338
 2    97.045   -18.702    59.832
 2     0.439    -0.899     0.004
 2     0.898     0.438     0.037
 2    -0.035    -0.012     0.999
 3   124.639    -2.159     2.344
 3     0.320    -0.068    -0.945
 3     0.177     0.984    -0.011
 3     0.931    -0.164     0.327
 4   113.640    14.721   -14.460
 4     0.575    -0.768     0.280
 4     0.817     0.547    -0.179
 4    -0.016     0.332     0.943
 5   114.099    38.827     3.780
 5     0.302    -0.540     0.785
 5     0.745    -0.380    -0.548
 5     0.594     0.751     0.287
 6   135.663    30.711    27.388
 6     0.263     0.736    -0.624
 6    -0.197     0.674     0.712
 6     0.944    -0.065     0.322
 7   112.990   -19.463   -14.811
 7     0.448     0.886     0.114
 7    -0.894     0.446     0.046
 7    -0.010    -0.123     0.992
 8   115.183   -42.111     2.975
 8     0.314     0.379     0.870
 8    -0.746    -0.469     0.473
 8     0.587    -0.798     0.136
 9   135.686   -40.147    24.262
 9     0.377    -0.436    -0.817
 9     0.011     0.884    -0.467
 9     0.926     0.166     0.338
 2    97.046   -18.702    59.782
 2     0.439    -0.899     0.004
 2     0.898     0.438     0.037
 2    -0.035    -0.013     0.999
 3   124.707    -2.109     2.302
 3     0.320    -0.070    -0.945
 3     0.178     0.984    -0.012
 3     0.930    -0.164     0.327
 4   113.637    14.720   -14.458
 4     0.574    -0.769     0.281
 4     0.818     0.547    -0.178
 4    -0.017     0.332     0.943
 5   114.052    38.828     3.726
 5     0.300    -0.540     0.786
 5     0.745    -0.381    -0.547
 5     0.595     0.750     0.288
 6   135.594    30.763    27.377
 6     0.262     0.734    -0.626
 6    -0.197     0.676     0.710
 6     0.945    -0.063     0.321
 7   113.038   -19.413   -14.859
 7     0.449     0.886     0.115
 7    -0.893     0.446     0.046
 7    -0.011    -0.123     0.992
 8   115.189   -42.108     3.017
 8     0.316     0.379     0.869
 8    -0.744    -0.470     0.475
 8     0.589    -0.797     0.134
 9   135.788   -39.835    24.265
 9     0.376    -0.441    -0.815
 9     0.021     0.883    -0.468
 9     0.926     0.159     0.342
 2    97.045   -18.702    59.832
 2     0.438    -0.899     0.003
 2     0.898     0.438     0.037
 2    -0.035    -0.013     0.999
 3   124.758    -2.109     2.251
 3     0.320    -0.070    -0.945
 3     0.178     0.984    -0.013
 3     0.930    -0.165     0.327
 4   113.585    14.719   -14.455
 4     0.573    -0.769     0.281
 4     0.819     0.546    -0.177
 4    -0.018     0.332     0.943
 5   114.030    38.779     3.773
 5     0.299    -0.541     0.786
 5     0.745    -0.383    -0.547
 5     0.596     0.749     0.288
 6   135.483    30.809    27.385
 6     0.261     0.731    -0.630
 6    -0.199     0.679     0.706
 6     0.944    -0.059     0.322
 7   112.988   -19.464   -14.808
 7     0.448     0.886     0.115
 7    -0.894     0.446     0.046
 7    -0.011    -0.124     0.992
 8   115.294   -41.998     3.065
 8     0.326     0.373     0.868
 8    -0.739    -0.472     0.480
 8     0.589    -0.799     0.121
 9   135.904   -39.215    24.189
 9     0.380    -0.446    -0.810
 9     0.043     0.883    -0.466
 9     0.924     0.142     0.354
 2    97.045   -18.702    59.832
 2     0.438    -0.899     0.003
 2     0.898     0.438     0.037
 2    -0.035    -0.013     0.999
 3   124.807    -2.109     2.302
 3     0.320    -0.070    -0.945
 3     0.178     0.984    -0.013
 3     0.930    -0.164     0.327
 4   113.585    14.719   -14.506
 4     0.573    -0.769     0.282
 4     0.819     0.545    -0.177
 4    -0.018     0.332     0.943
 5   113.985    38.781     3.817
 5     0.297    -0.541     0.786
 5     0.744    -0.385    -0.546
 5     0.598     0.748     0.288
 6   135.431    30.753    27.487
 6     0.260     0.729    -0.632
 6    -0.203     0.682     0.703
 6     0.944    -0.055     0.325
 7   113.037   -19.465   -14.804
 7     0.448     0.886     0.117
 7    -0.894     0.446     0.045
 7    -0.012    -0.125     0.992
 8   115.352   -41.989     3.186
 8     0.337     0.365     0.868
 8    -0.733    -0.477     0.485
 8     0.590    -0.800     0.107
 9   136.280   -38.288    24.118
 9     0.386    -0.452    -0.804
 9     0.078     0.884    -0.460
 9     0.919     0.115     0.377
 2    96.995   -18.702    59.832
 2     0.439    -0.899     0.003
 2     0.898     0.438     0.037
 2    -0.035    -0.013     0.999
 3   124.807    -2.110     2.250
 3     0.321    -0.071    -0.944
 3     0.177     0.984    -0.013
 3     0.930    -0.163     0.328
 4   113.587    14.746   -14.458
 4     0.573    -0.770     0.281
 4     0.819     0.545    -0.177
 4    -0.017     0.332     0.943
 5   113.994    38.835     3.933
 5     0.296    -0.540     0.788
 5     0.742    -0.389    -0.546
 5     0.601     0.746     0.286
 6   135.542    30.436    27.303
 6     0.269     0.725    -0.633
 6    -0.215     0.686     0.695
 6     0.939    -0.051     0.340
 7   112.983   -19.415   -14.798
 7     0.448     0.886     0.119
 7    -0.894     0.446     0.045
 7    -0.014    -0.127     0.992
 8   115.446   -41.849     3.528
 8     0.349     0.350     0.869
 8    -0.725    -0.487     0.487
 8     0.593    -0.800     0.084
 9   136.646   -37.168    23.827
 9     0.402    -0.447    -0.799
 9     0.125     0.891    -0.435
 9     0.907     0.075     0.414
 2    97.045   -18.702    59.832
 2     0.438    -0.899     0.003
 2     0.898     0.438     0.037
 2    -0.035    -0.013     0.999
 3   124.831    -2.110     2.250
 3     0.321    -0.070    -0.944
 3     0.177     0.984    -0.013
 3     0.930    -0.163     0.329
 4   113.638    14.798   -14.359
 4     0.572    -0.770     0.282
 4     0.820     0.543    -0.178
 4    -0.016     0.333     0.942
 5   114.024    38.770     4.246
 5     0.299    -0.535     0.790
 5     0.733    -0.401    -0.550
 5     0.611     0.743     0.272
 6   135.829    29.526    27.136
 6     0.288     0.721    -0.630
 6    -0.255     0.692     0.676
 6     0.923    -0.035     0.383
 7   112.958   -19.468   -14.716
 7     0.446     0.886     0.123
 7    -0.895     0.444     0.046
 7    -0.015    -0.131     0.991
 8   115.522   -41.781     3.867
 8     0.361     0.327     0.873
 8    -0.716    -0.502     0.484
 8     0.597    -0.800     0.053
 9   137.151   -35.523    23.616
 9     0.424    -0.431    -0.797
 9     0.207     0.902    -0.377
 9     0.881    -0.005     0.472
 2    97.045   -18.702    59.832
 2     0.438    -0.899     0.003
 2     0.898     0.438     0.037
 2    -0.035    -0.013     0.999
 3   124.881    -2.110     2.250
 3     0.322    -0.070    -0.944
 3     0.177     0.984    -0.013
 3     0.930    -0.163     0.329
 4   113.487    14.901   -14.238
 4     0.568    -0.771     0.287
 4     0.822     0.539    -0.181
 4    -0.015     0.338     0.941
 5   114.136    38.627     4.720
 5     0.315    -0.521     0.793
 5     0.716    -0.419    -0.559
 5     0.623     0.744     0.241
 6   136.518    27.489    26.311
 6     0.321     0.723    -0.612
 6    -0.331     0.691     0.642
 6     0.887    -0.004     0.461
 7   112.685   -19.472   -14.551
 7     0.440     0.888     0.133
 7    -0.898     0.438     0.047
 7    -0.017    -0.141     0.990
 8   115.444   -41.573     4.425
 8     0.385     0.282     0.878
 8    -0.698    -0.533     0.478
 8     0.603    -0.797    -0.009
 9   138.035   -33.265    22.337
 9     0.475    -0.406    -0.781
 9     0.328     0.905    -0.271
 9     0.816    -0.128     0.563
 2    97.045   -18.702    59.833
 2     0.439    -0.899     0.003
 2     0.898     0.438     0.037
 2    -0.035    -0.013     0.999
 3   124.825    -2.113     2.258
 3     0.324    -0.070    -0.943
 3     0.176     0.984    -0.012
 3     0.929    -0.163     0.331
 4   113.308    14.977   -14.165
 4     0.568    -0.769     0.293
 4     0.823     0.537    -0.186
 4    -0.015     0.347     0.938
 5   114.484    38.452     5.255
 5     0.344    -0.497     0.797
 5     0.695    -0.435    -0.572
 5     0.630     0.751     0.196
 6   137.433    25.578    25.122
 6     0.362     0.727    -0.583
 6    -0.411     0.686     0.601
 6     0.837     0.021     0.547
 7   112.337   -19.555   -14.355
 7     0.429     0.891     0.148
 7    -0.903     0.427     0.048
 7    -0.020    -0.154     0.988
 8   115.633   -41.093     5.500
 8     0.426     0.229     0.875
 8    -0.666    -0.575     0.475
 8     0.612    -0.785    -0.093
 9   139.038   -30.536    20.830
 9     0.533    -0.410    -0.740
 9     0.449     0.878    -0.163
 9     0.716    -0.246     0.653
 2    97.045   -18.702    59.833
 2     0.439    -0.899     0.003
 2     0.898     0.438     0.037
 2    -0.035    -0.013     0.999
 3   124.819    -2.065     2.266
 3     0.328    -0.069    -0.942
 3     0.177     0.984    -0.010
 3     0.928    -0.164     0.335
 4   113.103    15.077   -13.989
 4     0.567    -0.766     0.302
 4     0.823     0.535    -0.190
 4    -0.016     0.356     0.934
 5   114.925    38.072     5.890
 5     0.381    -0.461     0.801
 5     0.672    -0.457    -0.583
 5     0.635     0.760     0.135
 6   138.439    23.382    23.271
 6     0.410     0.733    -0.544
 6    -0.492     0.679     0.545
 6     0.768     0.044     0.638
 7   111.949   -19.735   -14.093
 7     0.419     0.893     0.162
 7    -0.908     0.416     0.055
 7    -0.019    -0.170     0.985
 8   116.054   -40.172     7.063
 8     0.476     0.163     0.864
 8    -0.624    -0.629     0.463
 8     0.619    -0.760    -0.198
 9   140.376   -27.986    18.658
 9     0.597    -0.425    -0.681
 9     0.552     0.833    -0.036
 9     0.582    -0.355     0.731
 2    97.045   -18.702    59.833
 2     0.439    -0.899     0.003
 2     0.898     0.438     0.037
 2    -0.035    -0.013     0.999
 3   124.768    -2.123     2.247
 3     0.335    -0.071    -0.939
 3     0.179     0.983    -0.010
 3     0.924    -0.166     0.343
 4   112.771    15.101   -13.890
 4     0.568    -0.761     0.312
 4     0.823     0.533    -0.197
 4    -0.017     0.369     0.929
 5   115.681    37.480     6.738
 5     0.432    -0.423     0.796
 5     0.639    -0.479    -0.601
 5     0.636     0.769     0.063
 6   139.592    21.096    21.459
 6     0.450     0.744    -0.494
 6    -0.579     0.664     0.472
 6     0.679     0.073     0.730
 7   111.724   -19.957   -13.831
 7     0.414     0.894     0.171
 7    -0.910     0.409     0.066
 7    -0.011    -0.183     0.983
 8   117.093   -39.039     8.795
 8     0.538     0.092     0.838
 8    -0.570    -0.693     0.442
 8     0.621    -0.716    -0.320
 9   141.757   -25.532    16.378
 9     0.651    -0.452    -0.610
 9     0.636     0.763     0.114
 9     0.413    -0.462     0.784
 2    97.045   -18.702    59.833
 2     0.439    -0.899     0.003
 2     0.898     0.438     0.037
 2    -0.035    -0.013     0.999
 3   124.752    -2.176     2.237
 3     0.341    -0.078    -0.937
 3     0.185     0.982    -0.015
 3     0.922    -0.168     0.349
 4   112.603    15.103   -13.778
 4     0.572    -0.756     0.317
 4     0.820     0.533    -0.208
 4    -0.013     0.379     0.925
 5   116.559    36.658     7.760
 5     0.486    -0.378     0.787
 5     0.599    -0.512    -0.616
 5     0.636     0.771    -0.023
 6   140.633    18.489    19.163
 6     0.485     0.758    -0.435
 6    -0.667     0.643     0.376
 6     0.564     0.108     0.818
 7   111.645   -19.999   -13.548
 7     0.417     0.892     0.174
 7    -0.909     0.410     0.077
 7    -0.003    -0.191     0.981
 8   118.072   -37.922    10.252
 8     0.593     0.020     0.805
 8    -0.525    -0.748     0.405
 8     0.610    -0.663    -0.434
 9   142.765   -24.147    13.576
 9     0.694    -0.489    -0.528
 9     0.679     0.687     0.257
 9     0.237    -0.537     0.809
 2    97.045   -18.702    59.832
 2     0.438    -0.899     0.004
 2     0.898     0.438     0.037
 2    -0.035    -0.013     0.999
 3   124.738    -2.127     2.278
 3     0.342    -0.084    -0.936
 3     0.188     0.982    -0.019
 3     0.920    -0.170     0.352
 4   112.594    15.158   -13.697
 4     0.576    -0.753     0.318
 4     0.817     0.534    -0.217
 4    -0.006     0.384     0.923
 5   117.548    35.626     9.111
 5     0.542    -0.311     0.780
 5     0.560    -0.558    -0.612
 5     0.626     0.769    -0.129
 6   141.820    16.606    15.835
 6     0.529     0.766    -0.365
 6    -0.741     0.626     0.243
 6     0.415     0.141     0.899
 7   111.536   -20.124   -13.330
 7     0.412     0.893     0.180
 7    -0.911     0.403     0.083
 7     0.002    -0.198     0.980
 8   119.044   -36.768    11.555
 8     0.645    -0.059     0.762
 8    -0.489    -0.798     0.352
 8     0.587    -0.600    -0.543
 9   143.301   -23.353    10.208
 9     0.721    -0.540    -0.435
 9     0.691     0.606     0.393
 9     0.051    -0.584     0.810
 2    97.043   -18.703    59.835
 2     0.438    -0.899     0.004
 2     0.898     0.438     0.037
 2    -0.036    -0.013     0.999
 3   124.731    -2.179     2.285
 3     0.344    -0.089    -0.935
 3     0.190     0.981    -0.023
 3     0.919    -0.170     0.354
 4   112.383    15.215   -13.516
 4     0.577    -0.753     0.318
 4     0.817     0.531    -0.226
 4     0.001     0.390     0.921
 5   118.659    34.320    10.451
 5     0.609    -0.210     0.764
 5     0.526    -0.615    -0.588
 5     0.593     0.760    -0.265
 6   142.879    15.517    12.029
 6     0.573     0.771    -0.279
 6    -0.787     0.613     0.077
 6     0.231     0.175     0.957
 7   111.371   -20.302   -13.100
 7     0.404     0.895     0.186
 7    -0.915     0.395     0.086
 7     0.004    -0.206     0.979
 8   119.944   -35.677    12.503
 8     0.690    -0.126     0.713
 8    -0.462    -0.835     0.300
 8     0.557    -0.536    -0.634
 9   143.269   -23.483     7.143
 9     0.727    -0.590    -0.350
 9     0.677     0.534     0.506
 9    -0.112    -0.605     0.788
 2    97.043   -18.652    59.835
 2     0.438    -0.899     0.004
 2     0.898     0.437     0.038
 2    -0.036    -0.013     0.999
 3   124.729    -2.204     2.258
 3     0.345    -0.093    -0.934
 3     0.190     0.981    -0.028
 3     0.919    -0.168     0.357
 4   111.989    15.294   -13.302
 4     0.576    -0.751     0.323
 4     0.817     0.527    -0.233
 4     0.005     0.398     0.917
 5   119.835    33.255    11.258
 5     0.671    -0.116     0.732
 5     0.500    -0.658    -0.563
 5     0.547     0.744    -0.383
 6   143.435    15.254     8.340
 6     0.589     0.784    -0.194
 6    -0.805     0.590    -0.060
 6     0.067     0.192     0.979
 7   111.069   -20.309   -13.056
 7     0.396     0.896     0.199
 7    -0.918     0.387     0.086
 7    -0.000    -0.217     0.976
 8   120.726   -34.777    13.087
 8     0.728    -0.184     0.661
 8    -0.445    -0.860     0.250
 8     0.522    -0.476    -0.708
 9   142.852   -23.778     4.234
 9     0.716    -0.645    -0.267
 9     0.651     0.480     0.587
 9    -0.251    -0.595     0.764
 2    97.042   -18.703    59.835
 2     0.437    -0.899     0.004
 2     0.898     0.437     0.038
 2    -0.036    -0.013     0.999
 3   124.615    -2.185     2.270
 3     0.350    -0.100    -0.931
 3     0.188     0.981    -0.034
 3     0.917    -0.164     0.362
 4   111.582    15.393   -13.122
 4     0.576    -0.748     0.330
 4     0.817     0.525    -0.236
 4     0.003     0.405     0.914
 5   120.787    32.572    11.597
 5     0.719    -0.043     0.694
 5     0.484    -0.686    -0.543
 5     0.499     0.726    -0.473
 6   143.423    14.815     5.322
 6     0.578     0.806    -0.122
 6    -0.814     0.560    -0.154
 6    -0.056     0.188     0.980
 7   110.796   -20.389   -12.890
 7     0.388     0.897     0.210
 7    -0.922     0.378     0.086
 7    -0.002    -0.227     0.974
 8   121.485   -33.674    13.654
 8     0.761    -0.245     0.600
 8    -0.431    -0.883     0.187
 8     0.484    -0.401    -0.778
 9   142.274   -24.363     1.368
 9     0.691    -0.701    -0.177
 9     0.607     0.431     0.667
 9    -0.392    -0.568     0.724
 2    97.040   -18.653    59.838
 2     0.437    -0.899     0.004
 2     0.899     0.437     0.039
 2    -0.037    -0.013     0.999
 3   124.600    -2.192     2.180
 3     0.357    -0.104    -0.928
 3     0.185     0.982    -0.039
 3     0.915    -0.158     0.370
 4   110.990    15.516   -12.889
 4     0.572    -0.744     0.345
 4     0.820     0.520    -0.239
 4    -0.001     0.419     0.907
 5   121.842    31.628    11.954
 5     0.766     0.037     0.641
 5     0.465    -0.720    -0.515
 5     0.442     0.693    -0.569
 6   143.266    14.978     2.125
 6     0.565     0.824    -0.039
 6    -0.803     0.538    -0.254
 6    -0.188     0.175     0.966
 7   110.446   -20.370   -12.667
 7     0.381     0.897     0.224
 7    -0.924     0.371     0.086
 7    -0.006    -0.241     0.970
 8   122.505   -32.765    14.008
 8     0.793    -0.314     0.521
 8    -0.433    -0.893     0.121
 8     0.427    -0.322    -0.845
 9   141.436   -25.565    -1.753
 9     0.650    -0.756    -0.070
 9     0.547     0.403     0.733
 9    -0.527    -0.515     0.676
 2    97.040   -18.703    59.838
 2     0.437    -0.899     0.004
 2     0.899     0.436     0.039
 2    -0.037    -0.013     0.999
 3   124.504    -2.101     2.070
 3     0.367    -0.111    -0.923
 3     0.181     0.982    -0.046
 3     0.912    -0.151     0.381
 4   110.402    15.641   -12.607
 4     0.567    -0.742     0.357
 4     0.824     0.513    -0.242
 4    -0.004     0.431     0.902
 5   122.734    31.211    12.062
 5     0.805     0.130     0.578
 5     0.462    -0.749    -0.475
 5     0.371     0.650    -0.663
 6   142.589    16.094    -1.377
 6     0.541     0.839     0.050
 6    -0.775     0.521    -0.358
 6    -0.326     0.155     0.932
 7   110.086   -20.228   -12.528
 7     0.371     0.895     0.244
 7    -0.928     0.363     0.082
 7    -0.015    -0.258     0.966
 8   123.598   -31.835    14.251
 8     0.816    -0.403     0.413
 8    -0.454    -0.890     0.029
 8     0.357    -0.211    -0.910
 9   139.719   -27.977    -5.251
 9     0.585    -0.809     0.058
 9     0.446     0.381     0.810
 9    -0.677    -0.448     0.583
 2    97.040   -18.703    59.838
 2     0.437    -0.899     0.004
 2     0.899     0.437     0.039
 2    -0.037    -0.014     0.999
 3   124.482    -2.060     1.857
 3     0.377    -0.118    -0.919
 3     0.177     0.983    -0.054
 3     0.909    -0.142     0.391
 4   109.959    15.740   -12.422
 4     0.559    -0.742     0.370
 4     0.829     0.504    -0.240
 4    -0.009     0.441     0.897
 5   123.465    30.927    11.805
 5     0.829     0.211     0.517
 5     0.469    -0.766    -0.439
 5     0.303     0.607    -0.734
 6   141.756    17.323    -4.344
 6     0.508     0.852     0.129
 6    -0.740     0.508    -0.440
 6    -0.441     0.128     0.888
 7   109.783   -20.164   -12.392
 7     0.355     0.896     0.264
 7    -0.934     0.348     0.078
 7    -0.022    -0.275     0.961
 8   124.598   -30.904    14.414
 8     0.818    -0.490     0.300
 8    -0.493    -0.867    -0.071
 8     0.295    -0.090    -0.951
 9   137.794   -31.329    -7.734
 9     0.513    -0.840     0.174
 9     0.317     0.374     0.871
 9    -0.797    -0.392     0.459
 2    97.038   -18.704    59.841
 2     0.437    -0.900     0.005
 2     0.899     0.436     0.039
 2    -0.038    -0.013     0.999
 3   124.466    -1.838     1.766
 3     0.383    -0.128    -0.915
 3     0.174     0.982    -0.064
 3     0.907    -0.135     0.398
 4   109.407    15.916   -12.155
 4     0.543    -0.745     0.386
 4     0.839     0.491    -0.234
 4    -0.016     0.451     0.892
 5   123.875    30.882    11.399
 5     0.842     0.278     0.462
 5     0.481    -0.774    -0.411
 5     0.244     0.568    -0.786
 6   140.711    18.604    -6.560
 6     0.479     0.857     0.189
 6    -0.704     0.504    -0.500
 6    -0.524     0.106     0.845
 7   109.452   -20.054   -12.164
 7     0.330     0.898     0.291
 7    -0.943     0.324     0.070
 7    -0.032    -0.298     0.954
 8   122.756   -31.055    12.025
 8     0.800    -0.573     0.178
 8    -0.550    -0.819    -0.161
 8     0.239     0.031    -0.970
 9   135.399   -35.741    -9.619
 9     0.437    -0.854     0.280
 9     0.175     0.387     0.905
 9    -0.882    -0.347     0.319
 2    97.038   -18.704    59.841
 2     0.436    -0.900     0.005
 2     0.899     0.436     0.040
 2    -0.038    -0.013     0.999
 3   124.477    -1.716     1.650
 3     0.388    -0.132    -0.912
 3     0.172     0.982    -0.069
 3     0.905    -0.130     0.404
 4   108.806    16.043   -11.868
 4     0.526    -0.748     0.406
 4     0.850     0.474    -0.228
 4    -0.022     0.465     0.885
 5   124.100    30.998    11.203
 5     0.845     0.340     0.412
 5     0.499    -0.778    -0.381
 5     0.191     0.528    -0.827
 6   139.635    20.366    -8.875
 6     0.450     0.856     0.253
 6    -0.657     0.510    -0.555
 6    -0.604     0.083     0.792
 7   108.928   -20.026   -12.033
 7     0.290     0.900     0.324
 7    -0.956     0.287     0.057
 7    -0.041    -0.326     0.944
 8   122.886   -31.379    11.804
 8     0.766    -0.638     0.076
 8    -0.611    -0.760    -0.219
 8     0.198     0.121    -0.973
 9   132.935   -39.711   -10.365
 9     0.370    -0.849     0.377
 9     0.049     0.423     0.904
 9    -0.928    -0.316     0.199
 2    97.038   -18.704    59.841
 2     0.436    -0.900     0.005
 2     0.899     0.436     0.040
 2    -0.038    -0.013     0.999
 3   124.550    -1.554     1.444
 3     0.402    -0.137    -0.905
 3     0.163     0.983    -0.076
 3     0.901    -0.118     0.418
 4   108.100    16.147   -11.380
 4     0.498    -0.753     0.430
 4     0.867     0.448    -0.219
 4    -0.028     0.482     0.876
 5   124.130    31.143    11.045
 5     0.842     0.402     0.359
 5     0.521    -0.779    -0.348
 5     0.140     0.480    -0.866
 6   138.306    22.182   -10.521
 6     0.425     0.851     0.307
 6    -0.602     0.519    -0.607
 6    -0.677     0.073     0.733
 7   108.471   -20.117   -11.900
 7     0.250     0.902     0.351
 7    -0.967     0.249     0.051
 7    -0.042    -0.353     0.934
 8   122.792   -31.756    11.773
 8     0.721    -0.692    -0.014
 8    -0.669    -0.692    -0.271
 8     0.178     0.205    -0.962
 9   129.920   -43.734   -10.377
 9     0.286    -0.841     0.459
 9    -0.073     0.458     0.886
 9    -0.955    -0.287     0.070
 2    97.035   -18.756    59.844
 2     0.436    -0.900     0.005
 2     0.899     0.436     0.040
 2    -0.039    -0.013     0.999
 3   124.564    -1.520     1.226
 3     0.417    -0.136    -0.899
 3     0.155     0.985    -0.077
 3     0.895    -0.107     0.432
 4   107.547    16.200   -10.890
 4     0.472    -0.758     0.450
 4     0.881     0.425    -0.208
 4    -0.034     0.494     0.868
 5   124.024    31.303    11.055
 5     0.833     0.451     0.320
 5     0.543    -0.777    -0.319
 5     0.104     0.439    -0.892
 6   137.099    23.982   -11.527
 6     0.398     0.853     0.336
 6    -0.550     0.516    -0.657
 6    -0.734     0.077     0.675
 7   107.933   -20.102   -11.587
 7     0.207     0.901     0.379
 7    -0.978     0.205     0.047
 7    -0.035    -0.381     0.924
 8   122.473   -31.804    12.109
 8     0.673    -0.734    -0.092
 8    -0.717    -0.618    -0.321
 8     0.179     0.282    -0.942
 9   127.015   -47.134    -9.413
 9     0.201    -0.831     0.519
 9    -0.185     0.488     0.853
 9    -0.962    -0.267    -0.056
 2    97.061   -18.756    59.793
 2     0.436    -0.900     0.006
 2     0.899     0.436     0.040
 2    -0.039    -0.013     0.999
 3   124.562    -1.509     0.927
 3     0.432    -0.130    -0.892
 3     0.148     0.986    -0.072
 3     0.890    -0.101     0.445
 4   106.964    16.278   -10.418
 4     0.440    -0.766     0.468
 4     0.897     0.399    -0.190
 4    -0.042     0.503     0.863
 5   123.740    31.646    10.950
 5     0.821     0.491     0.291
 5     0.566    -0.768    -0.300
 5     0.076     0.410    -0.909
 6   136.056    25.403   -12.142
 6     0.380     0.848     0.368
 6    -0.512     0.525    -0.680
 6    -0.770     0.070     0.634
 7   107.222   -20.116   -11.268
 7     0.154     0.899     0.409
 7    -0.988     0.152     0.038
 7    -0.028    -0.411     0.911
 8   121.918   -32.256    12.239
 8     0.625    -0.762    -0.167
 8    -0.760    -0.546    -0.352
 8     0.177     0.347    -0.921
 9   124.025   -50.460    -8.179
 9     0.118    -0.819     0.562
 9    -0.290     0.513     0.808
 9    -0.950    -0.259    -0.177
 2    97.035   -18.705    59.844
 2     0.436    -0.900     0.005
 2     0.899     0.436     0.041
 2    -0.039    -0.013     0.999
 3   124.573    -1.656     0.674
 3     0.450    -0.119    -0.885
 3     0.140     0.988    -0.061
 3     0.882    -0.097     0.461
 4   106.356    16.279    -9.870
 4     0.411    -0.771     0.486
 4     0.910     0.376    -0.173
 4    -0.050     0.513     0.856
 5   123.447    31.892    10.906
 5     0.808     0.526     0.264
 5     0.586    -0.760    -0.280
 5     0.054     0.382    -0.923
 6   134.674    27.033   -12.947
 6     0.351     0.851     0.391
 6    -0.464     0.521    -0.717
 6    -0.813     0.070     0.577
 7   106.332   -20.138   -10.933
 7     0.087     0.892     0.442
 7    -0.996     0.089     0.017
 7    -0.024    -0.442     0.896
 8   120.975   -32.746    12.279
 8     0.577    -0.786    -0.223
 8    -0.796    -0.480    -0.370
 8     0.183     0.390    -0.902
 9   121.468   -53.217    -6.886
 9     0.061    -0.819     0.571
 9    -0.372     0.512     0.774
 9    -0.926    -0.260    -0.273
 2    97.033   -18.706    59.846
 2     0.435    -0.900     0.006
 2     0.899     0.435     0.041
 2    -0.040    -0.013     0.999
 3   124.619    -1.807     0.310
 3     0.473    -0.104    -0.875
 3     0.130     0.990    -0.048
 3     0.871    -0.091     0.482
 4   105.933    16.283    -9.283
 4     0.383    -0.776     0.502
 4     0.922     0.352    -0.159
 4    -0.054     0.524     0.850
 5   123.226    31.943    11.397
 5     0.797     0.553     0.243
 5     0.603    -0.755    -0.257
 5     0.041     0.351    -0.935
 6   133.912    28.170   -12.987
 6     0.331     0.855     0.399
 6    -0.420     0.513    -0.749
 6    -0.845     0.080     0.529
 7   105.674   -19.998   -10.658
 7     0.032     0.889     0.457
 7    -0.999     0.034     0.004
 7    -0.012    -0.457     0.889
 8   119.542   -33.183    12.923
 8     0.532    -0.812    -0.239
 8    -0.821    -0.425    -0.381
 8     0.208     0.399    -0.893
 9   119.754   -54.815    -5.264
 9     0.053    -0.816     0.576
 9    -0.433     0.501     0.749
 9    -0.900    -0.289    -0.326
 2    97.031   -18.757    59.849
 2     0.436    -0.900     0.006
 2     0.899     0.435     0.042
 2    -0.041    -0.013     0.999
 3   124.708    -2.002     0.004
 3     0.489    -0.091    -0.867
 3     0.124     0.991    -0.035
 3     0.863    -0.090     0.496
 4   105.680    16.156    -9.037
 4     0.359    -0.780     0.513
 4     0.931     0.336    -0.141
 4    -0.062     0.528     0.847
 5   122.906    32.068    11.413
 5     0.785     0.577     0.223
 5     0.619    -0.747    -0.242
 5     0.027     0.328    -0.944
 6   132.867    29.421   -13.139
 6     0.316     0.857     0.407
 6    -0.380     0.508    -0.773
 6    -0.869     0.090     0.486
 7   105.244   -19.927   -10.327
 7    -0.011     0.886     0.463
 7    -1.000    -0.011    -0.002
 7     0.004    -0.464     0.886
 8   118.661   -33.228    13.429
 8     0.499    -0.830    -0.250
 8    -0.834    -0.382    -0.397
 8     0.234     0.407    -0.883
 9   118.298   -56.524    -3.348
 9     0.040    -0.821     0.570
 9    -0.503     0.476     0.721
 9    -0.864    -0.315    -0.394
 2    97.030   -18.757    59.849
 2     0.435    -0.900     0.006
 2     0.899     0.435     0.042
 2    -0.041    -0.013     0.999
 3   124.813    -2.139    -0.141
 3     0.500    -0.080    -0.862
 3     0.120     0.992    -0.022
 3     0.858    -0.093     0.505
 4   105.486    16.054    -8.793
 4     0.343    -0.784     0.517
 4     0.937     0.325    -0.129
 4    -0.068     0.529     0.846
 5   122.797    32.220    11.398
 5     0.775     0.596     0.209
 5     0.632    -0.740    -0.230
 5     0.017     0.310    -0.951
 6   132.342    30.368   -13.444
 6     0.297     0.862     0.410
 6    -0.349     0.498    -0.794
 6    -0.889     0.093     0.449
 7   104.947   -19.883   -10.158
 7    -0.044     0.881     0.471
 7    -0.999    -0.045    -0.009
 7     0.013    -0.471     0.882
 8   118.142   -33.178    13.808
 8     0.470    -0.840    -0.272
 8    -0.846    -0.340    -0.411
 8     0.253     0.423    -0.870
 9   116.897   -57.708    -1.818
 9     0.003    -0.840     0.542
 9    -0.554     0.450     0.700
 9    -0.833    -0.303    -0.464
 2    96.978   -18.758    59.801
 2     0.435    -0.900     0.007
 2     0.899     0.435     0.043
 2    -0.042    -0.013     0.999
 3   124.896    -2.249    -0.320
 3     0.506    -0.073    -0.859
 3     0.116     0.993    -0.015
 3     0.854    -0.093     0.511
 4   105.440    16.034    -8.726
 4     0.334    -0.788     0.517
 4     0.940     0.316    -0.126
 4    -0.065     0.528     0.846
 5   122.692    32.048    11.512
 5     0.770     0.605     0.200
 5     0.637    -0.740    -0.216
 5     0.017     0.294    -0.956
 6   131.965    30.925   -13.166
 6     0.287     0.870     0.400
 6    -0.325     0.482    -0.814
 6    -0.901     0.104     0.421
 7   104.667   -19.815   -10.028
 7    -0.074     0.875     0.478
 7    -0.997    -0.074    -0.020
 7     0.018    -0.479     0.878
 8   117.493   -33.282    14.110
 8     0.438    -0.850    -0.291
 8    -0.857    -0.298    -0.421
 8     0.271     0.434    -0.859
 9   115.734   -58.256    -0.772
 9    -0.025    -0.854     0.520
 9    -0.581     0.436     0.687
 9    -0.813    -0.285    -0.507
 2    96.978   -18.758    59.801
 2     0.435    -0.901     0.007
 2     0.899     0.434     0.043
 2    -0.042    -0.013     0.999
 3   125.007    -2.254    -0.481
 3     0.512    -0.069    -0.856
 3     0.115     0.993    -0.011
 3     0.851    -0.093     0.517
 4   105.446    15.987    -8.682
 4     0.328    -0.793     0.513
 4     0.943     0.310    -0.123
 4    -0.062     0.524     0.849
 5   122.570    32.053    11.578
 5     0.767     0.609     0.200
 5     0.641    -0.738    -0.211
 5     0.019     0.290    -0.957
 6   131.808    31.353   -12.769
 6     0.293     0.873     0.389
 6    -0.306     0.472    -0.827
 6    -0.906     0.123     0.405
 7   104.520   -19.767   -10.005
 7    -0.101     0.875     0.473
 7    -0.994    -0.103    -0.021
 7     0.031    -0.473     0.880
 8   116.814   -32.910    14.645
 8     0.416    -0.862    -0.289
 8    -0.859    -0.268    -0.437
 8     0.299     0.429    -0.852
 9   114.831   -58.557     0.658
 9    -0.033    -0.856     0.515
 9    -0.609     0.426     0.669
 9    -0.792    -0.292    -0.536
 2    96.978   -18.707    59.801
 2     0.434    -0.901     0.007
 2     0.900     0.434     0.043
 2    -0.042    -0.013     0.999
 3   125.050    -2.307    -0.493
 3     0.515    -0.063    -0.855
 3     0.115     0.993    -0.004
 3     0.849    -0.096     0.519
 4   105.463    15.868    -8.749
 4     0.323    -0.800     0.506
 4     0.944     0.304    -0.124
 4    -0.055     0.518     0.853
 5   122.486    31.963    11.880
 5     0.763     0.613     0.202
 5     0.645    -0.738    -0.198
 5     0.027     0.281    -0.959
 6   131.723    31.560   -12.660
 6     0.286     0.881     0.377
 6    -0.279     0.453    -0.847
 6    -0.917     0.137     0.375
 7   104.469   -19.817    -9.909
 7    -0.118     0.876     0.467
 7    -0.992    -0.124    -0.018
 7     0.043    -0.466     0.884
 8   116.420   -32.720    15.048
 8     0.400    -0.869    -0.290
 8    -0.858    -0.245    -0.450
 8     0.320     0.429    -0.844
 9   114.194   -58.911     1.767
 9    -0.038    -0.861     0.507
 9    -0.633     0.413     0.654
 9    -0.773    -0.296    -0.561
 2    96.978   -18.758    59.801
 2     0.434    -0.901     0.007
 2     0.900     0.434     0.043
 2    -0.042    -0.013     0.999
 3   125.118    -2.386    -0.581
 3     0.519    -0.059    -0.853
 3     0.115     0.993     0.001
 3     0.847    -0.099     0.522
 4   105.577    15.821    -8.761
 4     0.324    -0.803     0.500
 4     0.944     0.302    -0.127
 4    -0.050     0.514     0.856
 5   122.425    31.743    11.987
 5     0.763     0.614     0.203
 5     0.646    -0.740    -0.190
 5     0.033     0.276    -0.960
 6   131.714    31.866   -12.275
 6     0.292     0.883     0.366
 6    -0.259     0.442    -0.859
 6    -0.921     0.156     0.358
 7   104.334   -19.842    -9.825
 7    -0.128     0.877     0.464
 7    -0.990    -0.137    -0.015
 7     0.050    -0.461     0.886
 8   115.999   -32.373    15.394
 8     0.390    -0.875    -0.286
 8    -0.855    -0.229    -0.465
 8     0.341     0.425    -0.838
 9   113.843   -59.064     2.729
 9    -0.036    -0.867     0.498
 9    -0.654     0.397     0.644
 9    -0.756    -0.302    -0.581
 2    96.978   -18.707    59.750
 2     0.434    -0.901     0.007
 2     0.900     0.434     0.043
 2    -0.042    -0.012     0.999
 3   125.116    -2.540    -0.624
 3     0.520    -0.053    -0.852
 3     0.115     0.993     0.009
 3     0.846    -0.103     0.523
 4   105.581    15.771    -8.813
 4     0.325    -0.804     0.498
 4     0.944     0.303    -0.127
 4    -0.049     0.511     0.858
 5   122.377    31.744    11.984
 5     0.762     0.614     0.204
 5     0.646    -0.739    -0.189
 5     0.034     0.276    -0.960
 6   131.770    31.918   -12.235
 6     0.295     0.885     0.360
 6    -0.253     0.436    -0.864
 6    -0.922     0.163     0.352
 7   104.391   -19.891    -9.836
 7    -0.131     0.877     0.461
 7    -0.990    -0.141    -0.013
 7     0.054    -0.459     0.887
 8   115.892   -32.342    15.450
 8     0.387    -0.877    -0.284
