% Calibrated with leiden_pols
% Positions are in centimeters
Data =[
 2    97.063   -18.699    59.766
 2     0.447    -0.895     0.001
 2     0.894     0.447     0.032
 2    -0.029    -0.014     0.999
 3   124.115    -3.054     0.786
 3     0.389    -0.077    -0.918
 3     0.205     0.979     0.005
 3     0.898    -0.190     0.396
 4   110.941    12.440   -16.388
 4     0.633    -0.648     0.422
 4     0.752     0.644    -0.139
 4    -0.182     0.405     0.896
 5   121.518    35.696     0.038
 5     0.659    -0.486     0.573
 5     0.542    -0.222    -0.811
 5     0.521     0.845     0.117
 6   137.170     8.763     9.322
 6     0.082     0.824    -0.561
 6    -0.910     0.292     0.296
 6     0.407     0.485     0.773
 7   108.550   -18.420   -14.576
 7     0.468     0.844     0.262
 7    -0.855     0.507    -0.107
 7    -0.223    -0.174     0.959
 8   123.013   -40.244    -2.530
 8     0.820     0.300     0.487
 8    -0.431    -0.236     0.871
 8     0.377    -0.924    -0.064
 9   136.514   -15.234     6.058
 9     0.181    -0.876    -0.446
 9     0.859     0.361    -0.362
 9     0.478    -0.318     0.818
 2    97.061   -18.700    59.769
 2     0.447    -0.894     0.001
 2     0.894     0.447     0.032
 2    -0.030    -0.014     0.999
 3   124.219    -3.051     0.778
 3     0.386    -0.080    -0.919
 3     0.205     0.979     0.000
 3     0.899    -0.188     0.394
 4   111.127    12.444   -16.271
 4     0.633    -0.652     0.418
 4     0.753     0.642    -0.140
 4    -0.178     0.403     0.897
 5   121.546    35.646     0.085
 5     0.659    -0.486     0.574
 5     0.541    -0.223    -0.811
 5     0.522     0.845     0.115
 6   137.220     8.763     9.373
 6     0.082     0.824    -0.560
 6    -0.910     0.291     0.296
 6     0.407     0.485     0.773
 7   108.601   -18.367   -14.581
 7     0.471     0.843     0.261
 7    -0.854     0.510    -0.106
 7    -0.222    -0.173     0.959
 8   123.116   -40.218    -2.562
 8     0.819     0.304     0.486
 8    -0.431    -0.234     0.872
 8     0.379    -0.923    -0.060
 9   136.526   -15.178     6.220
 9     0.177    -0.877    -0.447
 9     0.858     0.360    -0.368
 9     0.483    -0.318     0.816
 2    97.063   -18.699    59.766
 2     0.447    -0.894     0.001
 2     0.894     0.447     0.032
 2    -0.029    -0.014     0.999
 3   124.275    -2.999     0.823
 3     0.384    -0.079    -0.920
 3     0.204     0.979     0.001
 3     0.900    -0.189     0.392
 4   111.206    12.573   -16.276
 4     0.634    -0.652     0.416
 4     0.753     0.643    -0.141
 4    -0.176     0.402     0.898
 5   121.654    35.801     0.204
 5     0.657    -0.490     0.572
 5     0.540    -0.223    -0.811
 5     0.525     0.843     0.118
 6   137.224     8.864     9.495
 6     0.078     0.823    -0.562
 6    -0.909     0.290     0.299
 6     0.409     0.487     0.771
 7   108.648   -18.242   -14.578
 7     0.471     0.843     0.259
 7    -0.854     0.510    -0.107
 7    -0.223    -0.171     0.960
 8   123.140   -40.117    -2.537
 8     0.819     0.305     0.485
 8    -0.431    -0.232     0.872
 8     0.379    -0.923    -0.058
 9   136.533   -15.074     6.312
 9     0.176    -0.878    -0.446
 9     0.856     0.360    -0.371
 9     0.486    -0.317     0.814
 2    97.086   -18.700    59.769
 2     0.447    -0.894     0.001
 2     0.894     0.447     0.032
 2    -0.030    -0.014     0.999
 3   124.281    -2.871     0.867
 3     0.383    -0.076    -0.921
 3     0.203     0.979     0.003
 3     0.901    -0.188     0.390
 4   111.339    12.702   -16.233
 4     0.636    -0.652     0.413
 4     0.752     0.643    -0.143
 4    -0.173     0.402     0.899
 5   121.738    35.829     0.296
 5     0.657    -0.493     0.570
 5     0.537    -0.224    -0.813
 5     0.528     0.841     0.117
 6   137.269     8.810     9.603
 6     0.076     0.823    -0.563
 6    -0.910     0.288     0.298
 6     0.407     0.490     0.771
 7   108.647   -18.115   -14.630
 7     0.471     0.844     0.258
 7    -0.854     0.510    -0.109
 7    -0.223    -0.169     0.960
 8   123.195   -40.065    -2.492
 8     0.818     0.307     0.486
 8    -0.431    -0.233     0.872
 8     0.381    -0.923    -0.058
 9   136.584   -14.946     6.384
 9     0.174    -0.879    -0.444
 9     0.856     0.358    -0.373
 9     0.487    -0.315     0.814
 2    97.061   -18.700    59.769
 2     0.447    -0.895     0.001
 2     0.894     0.447     0.032
 2    -0.030    -0.014     0.999
 3   124.312    -2.870     0.809
 3     0.382    -0.074    -0.921
 3     0.201     0.979     0.005
 3     0.902    -0.187     0.389
 4   111.444    12.754   -16.187
 4     0.637    -0.652     0.411
 4     0.751     0.644    -0.145
 4    -0.171     0.401     0.900
 5   121.853    35.757     0.506
 5     0.658    -0.494     0.568
 5     0.532    -0.229    -0.815
 5     0.533     0.839     0.112
 6   137.336     8.756     9.639
 6     0.075     0.823    -0.563
 6    -0.911     0.286     0.296
 6     0.404     0.491     0.771
 7   108.649   -18.115   -14.632
 7     0.469     0.844     0.257
 7    -0.855     0.508    -0.108
 7    -0.222    -0.169     0.960
 8   123.158   -39.985    -2.323
 8     0.817     0.305     0.488
 8    -0.429    -0.243     0.870
 8     0.384    -0.921    -0.068
 9   136.661   -14.787     6.190
 9     0.186    -0.879    -0.439
 9     0.864     0.359    -0.353
 9     0.468    -0.313     0.826
 2    97.061   -18.700    59.769
 2     0.447    -0.894     0.001
 2     0.894     0.447     0.032
 2    -0.030    -0.014     0.999
 3   124.313    -2.870     0.886
 3     0.381    -0.073    -0.922
 3     0.201     0.979     0.005
 3     0.902    -0.188     0.388
 4   111.337    12.703   -16.183
 4     0.634    -0.653     0.415
 4     0.754     0.641    -0.143
 4    -0.173     0.403     0.898
 5   121.919    35.469     0.942
 5     0.673    -0.458     0.581
 5     0.522    -0.263    -0.811
 5     0.524     0.849     0.062
 6   138.053     8.383     8.826
 6     0.102     0.838    -0.537
 6    -0.926     0.278     0.257
 6     0.365     0.470     0.803
 7   108.569   -18.188   -14.491
 7     0.463     0.846     0.262
 7    -0.859     0.501    -0.100
 7    -0.216    -0.179     0.960
 8   122.914   -39.852    -1.223
 8     0.825     0.253     0.505
 8    -0.427    -0.306     0.851
 8     0.370    -0.918    -0.144
 9   137.364   -14.805     4.651
 9     0.239    -0.880    -0.410
 9     0.886     0.370    -0.279
 9     0.397    -0.297     0.868
 2    97.063   -18.699    59.766
 2     0.447    -0.894     0.001
 2     0.894     0.447     0.032
 2    -0.029    -0.014     0.999
 3   124.282    -2.820     0.894
 3     0.382    -0.076    -0.921
 3     0.204     0.979     0.004
 3     0.901    -0.190     0.390
 4   111.006    12.673   -16.161
 4     0.619    -0.658     0.429
 4     0.764     0.631    -0.134
 4    -0.183     0.410     0.893
 5   121.822    35.061     1.538
 5     0.700    -0.369     0.611
 5     0.521    -0.323    -0.791
 5     0.489     0.871    -0.034
 6   139.181     8.572     5.795
 6     0.176     0.858    -0.482
 6    -0.945     0.285     0.161
 6     0.275     0.427     0.861
 7   108.397   -18.365   -14.318
 7     0.447     0.851     0.275
 7    -0.870     0.486    -0.089
 7    -0.209    -0.199     0.957
 8   122.132   -40.170    -0.280
 8     0.831     0.149     0.536
 8    -0.449    -0.389     0.804
 8     0.329    -0.909    -0.256
 9   138.260   -15.852     1.906
 9     0.329    -0.870    -0.366
 9     0.900     0.406    -0.156
 9     0.284    -0.279     0.917
 2    97.061   -18.700    59.769
 2     0.447    -0.894     0.001
 2     0.894     0.447     0.032
 2    -0.030    -0.014     0.999
 3   124.295    -2.924     0.831
 3     0.385    -0.078    -0.919
 3     0.206     0.978     0.003
 3     0.899    -0.191     0.393
 4   110.577    12.671   -16.121
 4     0.602    -0.665     0.442
 4     0.775     0.619    -0.125
 4    -0.191     0.418     0.888
 5   121.625    34.794     2.405
 5     0.727    -0.228     0.647
 5     0.534    -0.405    -0.742
 5     0.431     0.885    -0.173
 6   140.417     9.517     1.931
 6     0.260     0.875    -0.409
 6    -0.954     0.297     0.027
 6     0.144     0.383     0.912
 7   108.102   -18.546   -14.117
 7     0.423     0.860     0.285
 7    -0.883     0.461    -0.082
 7    -0.202    -0.218     0.955
 8   121.386   -40.316     0.932
 8     0.834     0.001     0.551
 8    -0.482    -0.486     0.729
 8     0.269    -0.874    -0.405
 9   139.014   -17.524    -1.699
 9     0.429    -0.853    -0.296
 9     0.895     0.446     0.011
 9     0.122    -0.270     0.955
 2    97.061   -18.700    59.769
 2     0.447    -0.894     0.000
 2     0.894     0.447     0.032
 2    -0.030    -0.014     0.999
 3   124.289    -2.824     0.838
 3     0.387    -0.080    -0.918
 3     0.207     0.978     0.002
 3     0.898    -0.192     0.395
 4   110.258    12.696   -16.010
 4     0.588    -0.671     0.451
 4     0.784     0.609    -0.118
 4    -0.196     0.423     0.884
 5   121.911    34.108     3.080
 5     0.756    -0.061     0.651
 5     0.549    -0.482    -0.683
 5     0.355     0.874    -0.331
 6   141.283    10.936    -2.731
 6     0.336     0.891    -0.304
 6    -0.941     0.311    -0.131
 6    -0.022     0.330     0.943
 7   107.946   -18.652   -14.064
 7     0.403     0.866     0.294
 7    -0.893     0.443    -0.079
 7    -0.198    -0.231     0.952
 8   120.815   -40.284     1.972
 8     0.829    -0.151     0.537
 8    -0.519    -0.564     0.643
 8     0.206    -0.812    -0.546
 9   139.056   -19.615    -5.897
 9     0.496    -0.845    -0.199
 9     0.866     0.466     0.181
 9    -0.060    -0.262     0.963
 2    97.011   -18.700    59.820
 2     0.447    -0.895     0.000
 2     0.894     0.446     0.033
 2    -0.030    -0.015     0.999
 3   124.277    -2.828     0.800
 3     0.391    -0.082    -0.917
 3     0.208     0.978     0.001
 3     0.896    -0.191     0.399
 4   109.887    12.746   -15.871
 4     0.573    -0.679     0.460
 4     0.794     0.598    -0.107
 4    -0.202     0.426     0.881
 5   122.110    33.802     3.406
 5     0.772     0.105     0.626
 5     0.573    -0.539    -0.617
 5     0.273     0.835    -0.477
 6   141.254    13.454    -7.075
 6     0.390     0.901    -0.191
 6    -0.900     0.329    -0.285
 6    -0.194     0.283     0.939
 7   107.769   -18.735   -13.933
 7     0.375     0.876     0.303
 7    -0.906     0.415    -0.077
 7    -0.193    -0.246     0.949
 8   120.363   -39.984     3.354
 8     0.814    -0.301     0.496
 8    -0.559    -0.636     0.532
 8     0.155    -0.711    -0.686
 9   138.216   -22.567    -9.780
 9     0.543    -0.836    -0.081
 9     0.798     0.484     0.358
 9    -0.260    -0.259     0.930
 2    97.061   -18.700    59.769
 2     0.447    -0.895     0.001
 2     0.894     0.446     0.033
 2    -0.030    -0.014     0.999
 3   124.244    -2.654     0.728
 3     0.395    -0.089    -0.914
 3     0.206     0.978    -0.006
 3     0.895    -0.187     0.405
 4   109.421    12.979   -15.743
 4     0.552    -0.692     0.465
 4     0.809     0.580    -0.096
 4    -0.204     0.429     0.880
 5   122.242    33.783     3.586
 5     0.777     0.239     0.581
 5     0.596    -0.575    -0.560
 5     0.200     0.782    -0.590
 6   140.720    16.028   -10.659
 6     0.417     0.902    -0.108
 6    -0.832     0.331    -0.446
 6    -0.366     0.276     0.888
 7   107.628   -18.789   -13.837
 7     0.346     0.884     0.314
 7    -0.920     0.386    -0.071
 7    -0.184    -0.265     0.946
 8   120.302   -39.154     5.348
 8     0.789    -0.437     0.431
 8    -0.601    -0.696     0.393
 8     0.128    -0.569    -0.812
 9   136.924   -26.147   -12.463
 9     0.556    -0.831     0.027
 9     0.690     0.480     0.541
 9    -0.463    -0.282     0.840
 2    97.058   -18.701    59.771
 2     0.446    -0.895     0.002
 2     0.894     0.446     0.033
 2    -0.031    -0.014     0.999
 3   124.173    -2.535     0.590
 3     0.403    -0.098    -0.910
 3     0.203     0.979    -0.016
 3     0.892    -0.179     0.414
 4   108.896    13.113   -15.526
 4     0.535    -0.705     0.466
 4     0.820     0.564    -0.089
 4    -0.201     0.430     0.880
 5   122.335    33.892     3.404
 5     0.776     0.335     0.535
 5     0.616    -0.585    -0.528
 5     0.136     0.739    -0.660
 6   140.076    18.058   -12.912
 6     0.428     0.902    -0.041
 6    -0.763     0.337    -0.551
 6    -0.483     0.267     0.833
 7   107.433   -18.741   -13.792
 7     0.321     0.889     0.326
 7    -0.930     0.360    -0.066
 7    -0.176    -0.282     0.943
 8   120.415   -38.170     6.729
 8     0.763    -0.541     0.353
 8    -0.637    -0.721     0.271
 8     0.108    -0.432    -0.895
 9   135.157   -29.625   -14.637
 9     0.537    -0.833     0.131
 9     0.574     0.475     0.666
 9    -0.617    -0.283     0.734
 2    97.058   -18.701    59.771
 2     0.446    -0.895     0.002
 2     0.894     0.446     0.034
 2    -0.031    -0.014     0.999
 3   124.201    -2.316     0.426
 3     0.412    -0.109    -0.904
 3     0.198     0.980    -0.028
 3     0.889    -0.167     0.425
 4   108.539    13.453   -15.211
 4     0.512    -0.717     0.474
 4     0.836     0.543    -0.082
 4    -0.198     0.438     0.877
 5   121.954    34.394     3.221
 5     0.762     0.416     0.495
 5     0.641    -0.585    -0.496
 5     0.083     0.696    -0.713
 6   139.007    20.792   -14.860
 6     0.436     0.900     0.019
 6    -0.695     0.350    -0.628
 6    -0.571     0.260     0.778
 7   107.191   -18.744   -13.774
 7     0.293     0.894     0.337
 7    -0.941     0.332    -0.062
 7    -0.167    -0.299     0.939
 8   120.496   -37.471     7.608
 8     0.732    -0.621     0.280
 8    -0.675    -0.717     0.173
 8     0.093    -0.316    -0.944
 9   133.428   -32.230   -15.593
 9     0.506    -0.831     0.229
 9     0.474     0.490     0.731
 9    -0.720    -0.262     0.642
 2    97.056   -18.651    59.825
 2     0.446    -0.895     0.002
 2     0.894     0.445     0.034
 2    -0.032    -0.014     0.999
 3   124.181    -2.250     0.236
 3     0.421    -0.117    -0.899
 3     0.191     0.981    -0.038
 3     0.886    -0.156     0.436
 4   108.063    13.668   -14.978
 4     0.489    -0.730     0.478
 4     0.851     0.520    -0.076
 4    -0.193     0.444     0.875
 5   121.568    34.733     3.250
 5     0.746     0.479     0.462
 5     0.664    -0.585    -0.466
 5     0.047     0.655    -0.754
 6   138.124    22.725   -15.988
 6     0.434     0.898     0.065
 6    -0.633     0.357    -0.687
 6    -0.641     0.257     0.723
 7   107.138   -18.723   -13.773
 7     0.269     0.898     0.348
 7    -0.949     0.308    -0.061
 7    -0.162    -0.314     0.935
 8   120.488   -36.922     8.201
 8     0.696    -0.686     0.212
 8    -0.713    -0.696     0.086
 8     0.088    -0.212    -0.973
 9   131.372   -35.056   -16.561
 9     0.473    -0.819     0.323
 9     0.371     0.518     0.770
 9    -0.799    -0.244     0.550
 2    97.055   -18.651    59.825
 2     0.445    -0.895     0.002
 2     0.895     0.445     0.034
 2    -0.032    -0.013     0.999
 3   124.192    -2.105     0.143
 3     0.428    -0.123    -0.895
 3     0.186     0.981    -0.046
 3     0.884    -0.147     0.443
 4   107.656    13.728   -14.760
 4     0.464    -0.744     0.481
 4     0.865     0.497    -0.065
 4    -0.191     0.447     0.874
 5   120.915    35.131     3.308
 5     0.726     0.526     0.442
 5     0.687    -0.577    -0.442
 5     0.023     0.625    -0.780
 6   137.174    25.040   -16.880
 6     0.445     0.888     0.116
 6    -0.568     0.380    -0.730
 6    -0.692     0.258     0.674
 7   107.109   -18.753   -13.721
 7     0.244     0.901     0.357
 7    -0.957     0.284    -0.062
 7    -0.157    -0.326     0.932
 8   120.391   -36.549     8.842
 8     0.655    -0.741     0.150
 8    -0.750    -0.661     0.009
 8     0.092    -0.119    -0.989
 9   129.332   -38.332   -16.860
 9     0.442    -0.794     0.418
 9     0.262     0.560     0.786
 9    -0.858    -0.238     0.455
 2    97.052   -18.651    59.827
 2     0.444    -0.896     0.002
 2     0.895     0.444     0.035
 2    -0.033    -0.013     0.999
 3   124.284    -2.059     0.070
 3     0.433    -0.125    -0.892
 3     0.181     0.982    -0.050
 3     0.883    -0.140     0.448
 4   107.300    13.866   -14.596
 4     0.436    -0.757     0.486
 4     0.880     0.472    -0.055
 4    -0.188     0.451     0.872
 5   120.255    35.337     3.418
 5     0.703     0.570     0.425
 5     0.711    -0.570    -0.411
 5     0.007     0.591    -0.806
 6   136.161    27.006   -17.474
 6     0.454     0.877     0.159
 6    -0.505     0.400    -0.765
 6    -0.734     0.267     0.624
 7   107.003   -18.758   -13.716
 7     0.220     0.903     0.367
 7    -0.963     0.260    -0.063
 7    -0.153    -0.340     0.928
 8   120.375   -35.996     9.289
 8     0.616    -0.783     0.083
 8    -0.781    -0.621    -0.061
 8     0.100    -0.028    -0.995
 9   127.311   -41.099   -16.817
 9     0.396    -0.769     0.502
 9     0.156     0.595     0.788
 9    -0.905    -0.234     0.355
 2    97.050   -18.652    59.779
 2     0.443    -0.896     0.003
 2     0.896     0.443     0.036
 2    -0.034    -0.013     0.999
 3   124.267    -1.993    -0.067
 3     0.440    -0.128    -0.889
 3     0.174     0.983    -0.055
 3     0.880    -0.131     0.455
 4   106.847    13.978   -14.257
 4     0.409    -0.770     0.489
 4     0.894     0.446    -0.045
 4    -0.184     0.455     0.871
 5   119.555    35.675     3.714
 5     0.684     0.596     0.420
 5     0.730    -0.562    -0.390
 5     0.003     0.573    -0.819
 6   135.228    28.662   -17.541
 6     0.463     0.866     0.187
 6    -0.460     0.415    -0.785
 6    -0.758     0.277     0.591
 7   106.748   -18.741   -13.705
 7     0.190     0.904     0.382
 7    -0.970     0.232    -0.068
 7    -0.150    -0.358     0.922
 8   118.203   -35.810     7.861
 8     0.572    -0.820    -0.021
 8    -0.813    -0.564    -0.145
 8     0.107     0.099    -0.989
 9   124.084   -44.867   -16.183
 9     0.293    -0.748     0.596
 9     0.011     0.626     0.780
 9    -0.956    -0.222     0.192
 2    97.049   -18.652    59.830
 2     0.442    -0.897     0.003
 2     0.896     0.442     0.036
 2    -0.034    -0.013     0.999
 3   124.304    -1.949    -0.236
 3     0.446    -0.131    -0.885
 3     0.169     0.984    -0.060
 3     0.878    -0.123     0.461
 4   106.542    14.037   -14.139
 4     0.388    -0.779     0.491
 4     0.903     0.427    -0.037
 4    -0.182     0.458     0.870
 5   119.027    35.886     3.980
 5     0.673     0.607     0.422
 5     0.739    -0.557    -0.378
 5     0.005     0.567    -0.824
 6   134.834    29.551   -17.410
 6     0.473     0.858     0.201
 6    -0.437     0.427    -0.792
 6    -0.765     0.286     0.577
 7   106.567   -18.644   -13.667
 7     0.149     0.906     0.396
 7    -0.979     0.191    -0.068
 7    -0.137    -0.378     0.916
 8   118.561   -35.050     8.327
 8     0.527    -0.841    -0.121
 8    -0.841    -0.495    -0.220
 8     0.125     0.218    -0.968
 9   121.093   -48.463   -14.513
 9     0.179    -0.740     0.648
 9    -0.137     0.634     0.761
 9    -0.974    -0.225     0.013
 2    97.047   -18.703    59.782
 2     0.442    -0.897     0.004
 2     0.896     0.441     0.036
 2    -0.035    -0.013     0.999
 3   124.297    -1.826    -0.307
 3     0.450    -0.133    -0.883
 3     0.166     0.984    -0.063
 3     0.877    -0.119     0.465
 4   106.244    14.069   -14.002
 4     0.375    -0.784     0.494
 4     0.910     0.413    -0.034
 4    -0.178     0.463     0.868
 5   118.733    35.870     4.361
 5     0.668     0.616     0.417
 5     0.744    -0.561    -0.363
 5     0.010     0.553    -0.833
 6   134.375    30.200   -17.103
 6     0.475     0.854     0.210
 6    -0.413     0.427    -0.804
 6    -0.777     0.295     0.556
 7   106.253   -18.693   -13.449
 7     0.106     0.907     0.407
 7    -0.988     0.143    -0.063
 7    -0.116    -0.396     0.911
 8   118.374   -34.729     8.909
 8     0.485    -0.855    -0.183
 8    -0.861    -0.432    -0.269
 8     0.151     0.287    -0.946
 9   119.081   -51.771   -12.276
 9     0.108    -0.759     0.642
 9    -0.271     0.599     0.753
 9    -0.956    -0.256    -0.141
 2    97.044   -18.703    59.784
 2     0.440    -0.898     0.005
 2     0.897     0.439     0.037
 2    -0.036    -0.012     0.999
 3   124.402    -1.836    -0.436
 3     0.461    -0.129    -0.878
 3     0.161     0.985    -0.060
 3     0.873    -0.114     0.474
 4   105.912    14.050   -13.755
 4     0.356    -0.790     0.500
 4     0.917     0.396    -0.028
 4    -0.177     0.468     0.866
 5   118.455    35.724     4.702
 5     0.663     0.626     0.409
 5     0.748    -0.563    -0.351
 5     0.011     0.539    -0.842
 6   133.835    30.763   -17.155
 6     0.468     0.856     0.218
 6    -0.392     0.423    -0.817
 6    -0.792     0.297     0.534
 7   105.805   -18.826   -13.137
 7     0.056     0.905     0.422
 7    -0.993     0.092    -0.067
 7    -0.100    -0.415     0.904
 8   117.721   -34.539     9.515
 8     0.456    -0.864    -0.213
 8    -0.871    -0.383    -0.308
 8     0.185     0.326    -0.927
 9   117.775   -54.347    -9.891
 9     0.072    -0.793     0.604
 9    -0.383     0.537     0.751
 9    -0.921    -0.285    -0.265
 2    97.041   -18.704    59.787
 2     0.439    -0.898     0.005
 2     0.897     0.439     0.038
 2    -0.037    -0.013     0.999
 3   124.453    -1.922    -0.584
 3     0.470    -0.125    -0.874
 3     0.159     0.985    -0.055
 3     0.868    -0.113     0.483
 4   105.603    13.877   -13.583
 4     0.339    -0.792     0.508
 4     0.924     0.382    -0.022
 4    -0.177     0.476     0.861
 5   118.140    35.551     4.947
 5     0.655     0.642     0.397
 5     0.755    -0.563    -0.335
 5     0.008     0.520    -0.854
 6   133.016    31.346   -17.335
 6     0.455     0.857     0.242
 6    -0.369     0.429    -0.825
 6    -0.810     0.286     0.511
 7   105.459   -18.924   -12.876
 7     0.023     0.904     0.426
 7    -0.997     0.054    -0.061
 7    -0.079    -0.424     0.902
 8   117.030   -34.297    10.318
 8     0.430    -0.873    -0.230
 8    -0.877    -0.343    -0.338
 8     0.216     0.347    -0.913
 9   116.721   -56.497    -7.614
 9     0.049    -0.835     0.548
 9    -0.473     0.464     0.749
 9    -0.880    -0.297    -0.372
 2    97.041   -18.755    59.838
 2     0.439    -0.898     0.005
 2     0.897     0.439     0.039
 2    -0.037    -0.013     0.999
 3   124.581    -2.083    -0.679
 3     0.480    -0.118    -0.869
 3     0.158     0.986    -0.046
 3     0.863    -0.115     0.492
 4   105.419    13.829   -13.407
 4     0.326    -0.794     0.513
 4     0.928     0.372    -0.016
 4    -0.178     0.481     0.858
 5   117.945    35.550     4.954
 5     0.649     0.653     0.390
 5     0.761    -0.559    -0.330
 5     0.002     0.510    -0.860
 6   132.485    31.612   -17.477
 6     0.448     0.857     0.252
 6    -0.360     0.431    -0.827
 6    -0.818     0.280     0.502
 7   105.149   -18.953   -12.673
 7    -0.015     0.904     0.428
 7    -0.998     0.013    -0.064
 7    -0.064    -0.428     0.901
 8   116.357   -34.260    10.916
 8     0.402    -0.883    -0.241
 8    -0.882    -0.304    -0.360
 8     0.245     0.357    -0.901
 9   115.872   -57.881    -5.419
 9     0.037    -0.857     0.514
 9    -0.545     0.413     0.729
 9    -0.837    -0.307    -0.452
 2    97.039   -18.705    59.790
 2     0.438    -0.899     0.005
 2     0.898     0.438     0.039
 2    -0.038    -0.013     0.999
 3   124.588    -2.116    -0.730
 3     0.487    -0.112    -0.866
 3     0.156     0.987    -0.040
 3     0.859    -0.116     0.498
 4   105.339    13.830   -13.278
 4     0.319    -0.795     0.515
 4     0.930     0.366    -0.012
 4    -0.179     0.483     0.857
 5   117.859    35.602     5.056
 5     0.644     0.662     0.383
 5     0.765    -0.557    -0.324
 5    -0.001     0.502    -0.865
 6   132.212    31.907   -17.374
 6     0.444     0.857     0.261
 6    -0.352     0.435    -0.829
 6    -0.824     0.276     0.495
 7   105.000   -18.832   -12.509
 7    -0.047     0.903     0.426
 7    -0.997    -0.019    -0.068
 7    -0.054    -0.428     0.902
 8   115.744   -34.022    11.398
 8     0.380    -0.891    -0.250
 8    -0.885    -0.272    -0.378
 8     0.268     0.364    -0.892
 9   115.139   -58.760    -3.923
 9     0.025    -0.873     0.487
 9    -0.595     0.378     0.709
 9    -0.803    -0.308    -0.510
 2    97.038   -18.755    59.790
 2     0.438    -0.899     0.005
 2     0.898     0.438     0.039
 2    -0.038    -0.012     0.999
 3   124.686    -2.119    -0.825
 3     0.490    -0.104    -0.865
 3     0.153     0.987    -0.032
 3     0.858    -0.117     0.500
 4   105.337    13.882   -13.228
 4     0.316    -0.796     0.516
 4     0.931     0.363    -0.011
 4    -0.179     0.484     0.856
 5   117.856    35.601     5.082
 5     0.644     0.663     0.382
 5     0.765    -0.557    -0.324
 5    -0.002     0.500    -0.866
 6   132.155    32.008   -17.321
 6     0.444     0.856     0.262
 6    -0.350     0.436    -0.829
 6    -0.825     0.277     0.493
 7   104.889   -18.709   -12.519
 7    -0.065     0.904     0.423
 7    -0.997    -0.038    -0.071
 7    -0.048    -0.426     0.903
 8   115.280   -33.599    11.790
 8     0.365    -0.898    -0.245
 8    -0.884    -0.252    -0.394
 8     0.292     0.360    -0.886
 9   114.709   -59.224    -2.438
 9     0.026    -0.878     0.477
 9    -0.634     0.354     0.687
 9    -0.773    -0.321    -0.548
 2    97.038   -18.705    59.841
 2     0.438    -0.899     0.005
 2     0.898     0.438     0.040
 2    -0.038    -0.013     0.999
 3   124.738    -2.120    -0.874
 3     0.491    -0.098    -0.866
 3     0.152     0.988    -0.026
 3     0.858    -0.119     0.500
 4   105.340    13.908   -13.180
 4     0.315    -0.797     0.515
 4     0.932     0.361    -0.011
 4    -0.178     0.483     0.857
 5   117.857    35.653     5.181
 5     0.643     0.663     0.382
 5     0.765    -0.558    -0.322
 5    -0.001     0.499    -0.866
 6   132.153    32.060   -17.325
 6     0.445     0.856     0.263
 6    -0.348     0.436    -0.830
 6    -0.825     0.278     0.491
 7   104.904   -18.657   -12.409
 7    -0.074     0.904     0.419
 7    -0.996    -0.050    -0.069
 7    -0.041    -0.423     0.905
 8   115.252   -33.415    11.973
 8     0.362    -0.899    -0.246
 8    -0.882    -0.246    -0.401
 8     0.300     0.362    -0.882
 9   114.827   -59.372    -1.854
 9     0.021    -0.887     0.461
 9    -0.656     0.335     0.677
 9    -0.755    -0.317    -0.574
 2    97.036   -18.756    59.793
 2     0.438    -0.899     0.005
 2     0.898     0.438     0.040
 2    -0.039    -0.013     0.999
 3   124.764    -2.121    -0.822
 3     0.490    -0.093    -0.867
 3     0.151     0.988    -0.021
 3     0.858    -0.121     0.498
 4   105.339    13.960   -13.129
 4     0.313    -0.798     0.514
 4     0.933     0.360    -0.010
 4    -0.178     0.483     0.857
 5   117.886    35.602     5.255
 5     0.645     0.662     0.382
 5     0.764    -0.559    -0.322
 5     0.000     0.499    -0.866
 6   132.148    32.135   -17.270
 6     0.445     0.856     0.263
 6    -0.346     0.436    -0.831
 6    -0.826     0.278     0.490
 7   104.816   -18.605   -12.365
 7    -0.081     0.902     0.424
 7    -0.996    -0.058    -0.068
 7    -0.037    -0.428     0.903
 8   115.459   -33.099    11.998
 8     0.363    -0.896    -0.254
 8    -0.878    -0.238    -0.414
 8     0.311     0.373    -0.874
 9   114.885   -59.653    -1.278
 9     0.013    -0.893     0.449
 9    -0.672     0.324     0.665
 9    -0.740    -0.311    -0.597
 2    97.036   -18.756    59.793
 2     0.438    -0.899     0.006
 2     0.898     0.438     0.040
 2    -0.039    -0.013     0.999
 3   124.815    -2.121    -0.872
 3     0.491    -0.091    -0.867
 3     0.151     0.988    -0.018
 3     0.858    -0.122     0.498
 4   105.414    13.909   -13.129
 4     0.313    -0.798     0.514
 4     0.933     0.360    -0.009
 4    -0.178     0.482     0.857
 5   117.936    35.602     5.256
 5     0.646     0.661     0.381
 5     0.763    -0.559    -0.323
 5    -0.000     0.500    -0.866
 6   132.198    32.135   -17.220
 6     0.445     0.856     0.263
 6    -0.346     0.436    -0.831
 6    -0.826     0.279     0.490
 7   104.803   -18.602   -12.303
 7    -0.083     0.901     0.425
 7    -0.996    -0.062    -0.065
 7    -0.032    -0.429     0.903
 8   115.476   -32.991    12.160
 8     0.364    -0.896    -0.254
 8    -0.875    -0.237    -0.421
 8     0.317     0.376    -0.870
 9   115.015   -59.752    -0.595
 9     0.016    -0.900     0.436
 9    -0.692     0.305     0.654
 9    -0.722    -0.312    -0.618
 2    97.037   -18.705    59.793
 2     0.438    -0.899     0.005
 2     0.898     0.438     0.040
 2    -0.039    -0.013     0.999
 3   124.821    -2.093    -0.826
 3     0.489    -0.089    -0.867
 3     0.152     0.988    -0.015
 3     0.859    -0.125     0.497
 4   105.362    13.959   -13.100
 4     0.312    -0.799     0.514
 4     0.933     0.360    -0.008
 4    -0.179     0.482     0.858
 5   117.936    35.653     5.307
 5     0.646     0.661     0.382
 5     0.763    -0.559    -0.323
 5    -0.000     0.500    -0.866
 6   132.246    32.237   -17.197
 6     0.446     0.855     0.264
 6    -0.345     0.437    -0.831
 6    -0.826     0.280     0.490
 7   104.813   -18.600   -12.266
 7    -0.087     0.902     0.423
 7    -0.996    -0.067    -0.062
 7    -0.027    -0.427     0.904
 8   115.419   -32.858    12.317
 8     0.362    -0.897    -0.253
 8    -0.874    -0.232    -0.427
 8     0.324     0.375    -0.868
 9   114.957   -59.922    -0.320
 9     0.016    -0.899     0.437
 9    -0.699     0.303     0.648
 9    -0.715    -0.316    -0.624
 2    97.036   -18.756    59.793
 2     0.438    -0.899     0.005
 2     0.898     0.438     0.040
 2    -0.039    -0.013     0.999
 3   124.827    -2.091    -0.831
 3     0.487    -0.086    -0.869
 3     0.153     0.988    -0.013
 3     0.860    -0.127     0.494
 4   105.412    13.959   -13.049
 4     0.312    -0.800     0.513
 4     0.933     0.359    -0.008
 4    -0.179     0.481     0.858
 5   117.937    35.601     5.308
 5     0.647     0.660     0.382
 5     0.762    -0.560    -0.324
 5     0.000     0.501    -0.865
 6   132.245    32.238   -17.097
 6     0.447     0.854     0.263
 6    -0.344     0.436    -0.832
 6    -0.826     0.281     0.489
 7   104.815   -18.652   -12.267
 7    -0.092     0.902     0.421
 7    -0.995    -0.072    -0.062
 7    -0.026    -0.425     0.905
 8   115.427   -32.855    12.360
 8     0.361    -0.898    -0.253
 8    -0.873    -0.230    -0.429
 8     0.327     0.375    -0.867
 9   114.922   -60.019    -0.212
 9     0.013    -0.899     0.438
 9    -0.704     0.302     0.642
 9    -0.710    -0.317    -0.629
 2    97.062   -18.705    59.793
 2     0.438    -0.899     0.005
 2     0.898     0.437     0.041
 2    -0.039    -0.013     0.999
 3   124.837    -2.088    -0.740
 3     0.484    -0.085    -0.871
 3     0.152     0.988    -0.012
 3     0.862    -0.127     0.491
 4   105.365    13.960   -13.051
 4     0.312    -0.800     0.512
 4     0.933     0.359    -0.008
 4    -0.178     0.480     0.859
 5   117.892    35.653     5.355
 5     0.647     0.658     0.384
 5     0.762    -0.560    -0.324
 5     0.002     0.503    -0.864
 6   132.272    32.240   -17.027
 6     0.448     0.854     0.262
 6    -0.344     0.435    -0.832
 6    -0.825     0.283     0.489
 7   104.814   -18.601   -12.217
 7    -0.091     0.903     0.420
 7    -0.995    -0.072    -0.062
 7    -0.026    -0.424     0.905
 8   115.427   -32.855    12.308
 8     0.361    -0.898    -0.251
 8    -0.873    -0.231    -0.429
 8     0.327     0.374    -0.867
 9   115.092   -59.891    -0.257
 9     0.017    -0.901     0.433
 9    -0.702     0.298     0.647
 9    -0.712    -0.315    -0.628
 2    97.036   -18.705    59.844
 2     0.438    -0.899     0.005
 2     0.898     0.437     0.041
 2    -0.039    -0.013     0.999
 3   124.797    -2.110    -0.675
 3     0.479    -0.085    -0.874
 3     0.152     0.988    -0.013
 3     0.864    -0.128     0.486
 4   105.418    13.910   -13.002
 4     0.312    -0.801     0.511
 4     0.933     0.358    -0.008
 4    -0.177     0.479     0.860
 5   117.946    35.552     5.405
 5     0.649     0.655     0.386
 5     0.761    -0.562    -0.326
 5     0.003     0.505    -0.863
 6   132.321    32.190   -17.029
 6     0.449     0.854     0.260
 6    -0.344     0.434    -0.832
 6    -0.825     0.284     0.489
 7   104.976   -18.701   -12.259
 7    -0.079     0.904     0.419
 7    -0.996    -0.059    -0.062
 7    -0.031    -0.423     0.906
 8   115.953   -33.237    12.006
 8     0.385    -0.887    -0.254
 8    -0.876    -0.265    -0.403
 8     0.289     0.378    -0.879
 9   116.017   -59.285    -1.784
 9     0.019    -0.913     0.408
 9    -0.664     0.293     0.688
 9    -0.747    -0.284    -0.600
 2    97.037   -18.705    59.793
 2     0.438    -0.899     0.005
 2     0.898     0.437     0.041
 2    -0.039    -0.013     0.999
 3   124.810    -2.105    -0.644
 3     0.474    -0.088    -0.876
 3     0.153     0.988    -0.017
 3     0.867    -0.126     0.482
 4   105.418    13.910   -13.002
 4     0.311    -0.802     0.510
 4     0.934     0.358    -0.008
 4    -0.177     0.479     0.860
 5   117.947    35.550     5.407
 5     0.651     0.653     0.386
 5     0.759    -0.562    -0.328
 5     0.003     0.507    -0.862
 6   132.327    32.089   -17.032
 6     0.449     0.855     0.258
 6    -0.346     0.433    -0.832
 6    -0.824     0.284     0.490
 7   105.121   -18.651   -12.278
 7    -0.055     0.904     0.424
 7    -0.997    -0.030    -0.064
 7    -0.045    -0.427     0.903
 8   116.866   -33.729    11.262
 8     0.424    -0.866    -0.265
 8    -0.875    -0.316    -0.367
 8     0.235     0.387    -0.891
 9   117.481   -58.174    -4.622
 9     0.017    -0.925     0.378
 9    -0.595     0.294     0.747
 9    -0.803    -0.238    -0.546
 2    97.062   -18.756    59.793
 2     0.438    -0.899     0.006
 2     0.898     0.437     0.040
 2    -0.039    -0.013     0.999
 3   124.799    -2.101    -0.613
 3     0.469    -0.090    -0.878
 3     0.151     0.988    -0.021
 3     0.870    -0.123     0.477
 4   105.363    13.908   -12.896
 4     0.313    -0.799     0.513
 4     0.932     0.360    -0.008
 4    -0.179     0.481     0.858
 5   118.125    35.519     5.417
 5     0.658     0.645     0.387
 5     0.752    -0.566    -0.337
 5     0.002     0.513    -0.858
 6   132.519    31.888   -17.063
 6     0.448     0.857     0.252
 6    -0.354     0.429    -0.831
 6    -0.821     0.283     0.496
 7   105.165   -18.746   -12.460
 7    -0.017     0.902     0.431
 7    -0.998     0.009    -0.060
 7    -0.058    -0.431     0.900
 8   117.864   -33.865    10.514
 8     0.485    -0.841    -0.240
 8    -0.854    -0.396    -0.337
 8     0.188     0.369    -0.910
 9   120.106   -55.884    -7.130
 9     0.060    -0.936     0.346
 9    -0.503     0.271     0.820
 9    -0.862    -0.223    -0.455
 2    97.062   -18.756    59.793
 2     0.438    -0.899     0.006
 2     0.898     0.437     0.040
 2    -0.039    -0.013     0.999
 3   124.708    -2.021    -0.499
 3     0.464    -0.095    -0.881
 3     0.152     0.988    -0.027
 3     0.872    -0.122     0.473
 4   105.337    13.955   -12.869
 4     0.320    -0.794     0.516
 4     0.930     0.367    -0.012
 4    -0.180     0.484     0.856
 5   118.263    35.461     5.323
 5     0.672     0.629     0.391
 5     0.741    -0.573    -0.350
 5     0.004     0.525    -0.851
 6   133.039    31.162   -16.896
 6     0.451     0.862     0.230
 6    -0.373     0.416    -0.829
 6    -0.811     0.289     0.509
 7   105.485   -18.855   -12.517
 7     0.039     0.904     0.425
 7    -0.997     0.064    -0.043
 7    -0.066    -0.422     0.904
 8   118.906   -33.490    10.084
 8     0.567    -0.802    -0.186
 8    -0.809    -0.501    -0.306
 8     0.152     0.324    -0.934
 9   123.326   -52.721    -9.374
 9     0.130    -0.939     0.317
 9    -0.388     0.246     0.888
 9    -0.912    -0.238    -0.332
 2    97.062   -18.756    59.793
 2     0.438    -0.899     0.006
 2     0.898     0.437     0.040
 2    -0.039    -0.013     0.999
 3   124.639    -1.913    -0.462
 3     0.460    -0.105    -0.881
 3     0.156     0.987    -0.036
 3     0.874    -0.121     0.471
 4   105.191    13.902   -12.893
 4     0.329    -0.790     0.517
 4     0.927     0.374    -0.018
 4    -0.180     0.485     0.856
 5   118.333    35.231     5.319
 5     0.682     0.614     0.395
 5     0.731    -0.581    -0.359
 5     0.009     0.534    -0.845
 6   133.453    30.436   -16.702
 6     0.454     0.866     0.209
 6    -0.388     0.404    -0.829
 6    -0.802     0.295     0.519
 7   105.670   -18.970   -12.559
 7     0.094     0.903     0.418
 7    -0.992     0.119    -0.032
 7    -0.079    -0.412     0.907
 8   120.039   -32.998     9.546
 8     0.652    -0.747    -0.129
 8    -0.748    -0.606    -0.270
 8     0.124     0.272    -0.954
 9   126.807   -48.955   -11.306
 9     0.201    -0.944     0.261
 9    -0.261     0.205     0.943
 9    -0.944    -0.258    -0.205
 2    97.036   -18.705    59.844
 2     0.438    -0.899     0.005
 2     0.898     0.437     0.040
 2    -0.039    -0.013     0.999
 3   124.583    -1.914    -0.432
 3     0.460    -0.113    -0.881
 3     0.158     0.986    -0.044
 3     0.873    -0.120     0.472
 4   105.166    13.876   -12.869
 4     0.332    -0.788     0.519
 4     0.926     0.377    -0.020
 4    -0.180     0.487     0.855
 5   118.353    35.102     5.367
 5     0.691     0.601     0.401
 5     0.722    -0.586    -0.367
 5     0.014     0.544    -0.839
 6   133.566    29.887   -16.505
 6     0.456     0.868     0.194
 6    -0.402     0.396    -0.825
 6    -0.793     0.299     0.530
 7   105.900   -19.061   -12.598
 7     0.149     0.900     0.409
 7    -0.984     0.174    -0.024
 7    -0.093    -0.400     0.912
 8   120.598   -32.760     9.102
 8     0.729    -0.684    -0.035
 8    -0.675    -0.709    -0.201
 8     0.113     0.170    -0.979
 9   130.064   -44.223   -12.687
 9     0.299    -0.929     0.216
 9    -0.099     0.195     0.976
 9    -0.949    -0.313    -0.034
 2    97.036   -18.756    59.844
 2     0.438    -0.899     0.005
 2     0.898     0.438     0.040
 2    -0.039    -0.013     0.999
 3   124.479    -1.834    -0.433
 3     0.460    -0.124    -0.879
 3     0.164     0.985    -0.053
 3     0.873    -0.120     0.473
 4   104.940    13.873   -12.866
 4     0.337    -0.785     0.520
 4     0.924     0.381    -0.023
 4    -0.181     0.488     0.854
 5   118.323    34.972     5.366
 5     0.702     0.584     0.408
 5     0.712    -0.591    -0.379
 5     0.019     0.556    -0.831
 6   133.843    29.164   -16.140
 6     0.460     0.870     0.175
 6    -0.422     0.388    -0.820
 6    -0.781     0.303     0.546
 7   106.110   -19.078   -12.662
 7     0.197     0.893     0.403
 7    -0.974     0.223    -0.017
 7    -0.106    -0.390     0.915
 8   120.863   -32.791     8.612
 8     0.787    -0.613     0.062
 8    -0.605    -0.789    -0.109
 8     0.116     0.048    -0.992
 9   133.284   -39.097   -13.297
 9     0.390    -0.907     0.160
 9     0.072     0.203     0.976
 9    -0.918    -0.370     0.144
 2    97.038   -18.755    59.841
 2     0.438    -0.899     0.005
 2     0.898     0.438     0.040
 2    -0.038    -0.013     0.999
 3   124.472    -1.833    -0.377
 3     0.458    -0.131    -0.879
 3     0.168     0.984    -0.059
 3     0.872    -0.121     0.473
 4   104.946    13.871   -12.868
 4     0.346    -0.781     0.520
 4     0.920     0.389    -0.029
 4    -0.180     0.488     0.854
 5   118.531    34.792     5.486
 5     0.716     0.561     0.415
 5     0.697    -0.599    -0.393
 5     0.028     0.571    -0.820
 6   134.382    28.138   -15.832
 6     0.461     0.874     0.150
 6    -0.448     0.376    -0.811
 6    -0.766     0.307     0.565
 7   106.252   -19.073   -12.652
 7     0.232     0.888     0.395
 7    -0.966     0.259    -0.016
 7    -0.116    -0.378     0.918
 8   123.726   -32.376    10.352
 8     0.833    -0.534     0.142
