% Calibrated with leiden_pols
% Positions are in centimeters
Data =[
 2    97.063   -18.699    59.766
 2     0.447    -0.895     0.001
 2     0.894     0.447     0.032
 2    -0.029    -0.014     0.999
 3   124.115    -3.054     0.786
 3     0.389    -0.077    -0.918
 3     0.205     0.979     0.005
 3     0.898    -0.190     0.396
 4   110.941    12.440   -16.388
 4     0.633    -0.648     0.422
 4     0.752     0.644    -0.139
 4    -0.182     0.405     0.896
 5   121.518    35.696     0.038
 5     0.659    -0.486     0.573
 5     0.542    -0.222    -0.811
 5     0.521     0.845     0.117
 6   137.170     8.763     9.322
 6     0.082     0.824    -0.561
 6    -0.910     0.292     0.296
 6     0.407     0.485     0.773
 7   108.550   -18.420   -14.576
 7     0.468     0.844     0.262
 7    -0.855     0.507    -0.107
 7    -0.223    -0.174     0.959
 8   123.013   -40.244    -2.530
 8     0.820     0.300     0.487
 8    -0.431    -0.236     0.871
 8     0.377    -0.924    -0.064
 9   136.514   -15.234     6.058
 9     0.181    -0.876    -0.446
 9     0.859     0.361    -0.362
 9     0.478    -0.318     0.818
 2    97.061   -18.700    59.769
 2     0.447    -0.894     0.001
 2     0.894     0.447     0.032
 2    -0.030    -0.014     0.999
 3   124.219    -3.051     0.778
 3     0.386    -0.080    -0.919
 3     0.205     0.979     0.000
 3     0.899    -0.188     0.394
 4   111.127    12.444   -16.271
 4     0.633    -0.652     0.418
 4     0.753     0.642    -0.140
 4    -0.178     0.403     0.897
 5   121.546    35.646     0.085
 5     0.659    -0.486     0.574
 5     0.541    -0.223    -0.811
 5     0.522     0.845     0.115
 6   137.220     8.763     9.373
 6     0.082     0.824    -0.560
 6    -0.910     0.291     0.296
 6     0.407     0.485     0.773
 7   108.601   -18.367   -14.581
 7     0.471     0.843     0.261
 7    -0.854     0.510    -0.106
 7    -0.222    -0.173     0.959
 8   123.116   -40.218    -2.562
 8     0.819     0.304     0.486
 8    -0.431    -0.234     0.872
 8     0.379    -0.923    -0.060
 9   136.526   -15.178     6.220
 9     0.177    -0.877    -0.447
 9     0.858     0.360    -0.368
 9     0.483    -0.318     0.816
 2    97.063   -18.699    59.766
 2     0.447    -0.894     0.001
 2     0.894     0.447     0.032
 2    -0.029    -0.014     0.999
 3   124.275    -2.999     0.823
 3     0.384    -0.079    -0.920
 3     0.204     0.979     0.001
 3     0.900    -0.189     0.392
 4   111.206    12.573   -16.276
 4     0.634    -0.652     0.416
 4     0.753     0.643    -0.141
 4    -0.176     0.402     0.898
 5   121.654    35.801     0.204
 5     0.657    -0.490     0.572
 5     0.540    -0.223    -0.811
 5     0.525     0.843     0.118
 6   137.224     8.864     9.495
 6     0.078     0.823    -0.562
 6    -0.909     0.290     0.299
 6     0.409     0.487     0.771
 7   108.648   -18.242   -14.578
 7     0.471     0.843     0.259
 7    -0.854     0.510    -0.107
 7    -0.223    -0.171     0.960
 8   123.140   -40.117    -2.537
 8     0.819     0.305     0.485
 8    -0.431    -0.232     0.872
 8     0.379    -0.923    -0.058
 9   136.533   -15.074     6.312
 9     0.176    -0.878    -0.446
 9     0.856     0.360    -0.371
 9     0.486    -0.317     0.814
 2    97.086   -18.700    59.769
 2     0.447    -0.894     0.001
 2     0.894     0.447     0.032
 2    -0.030    -0.014     0.999
 3   124.281    -2.871     0.867
 3     0.383    -0.076    -0.921
 3     0.203     0.979     0.003
 3     0.901    -0.188     0.390
 4   111.339    12.702   -16.233
 4     0.636    -0.652     0.413
 4     0.752     0.643    -0.143
 4    -0.173     0.402     0.899
 5   121.738    35.829     0.296
 5     0.657    -0.493     0.570
 5     0.537    -0.224    -0.813
 5     0.528     0.841     0.117
 6   137.269     8.810     9.603
 6     0.076     0.823    -0.563
 6    -0.910     0.288     0.298
 6     0.407     0.490     0.771
 7   108.647   -18.115   -14.630
 7     0.471     0.844     0.258
 7    -0.854     0.510    -0.109
 7    -0.223    -0.169     0.960
 8   123.195   -40.065    -2.492
 8     0.818     0.307     0.486
 8    -0.431    -0.233     0.872
 8     0.381    -0.923    -0.058
 9   136.584   -14.946     6.384
 9     0.174    -0.879    -0.444
 9     0.856     0.358    -0.373
 9     0.487    -0.315     0.814
 2    97.061   -18.700    59.769
 2     0.447    -0.895     0.001
 2     0.894     0.447     0.032
 2    -0.030    -0.014     0.999
 3   124.312    -2.870     0.809
 3     0.382    -0.074    -0.921
 3     0.201     0.979     0.005
 3     0.902    -0.187     0.389
 4   111.444    12.754   -16.187
 4     0.637    -0.652     0.411
 4     0.751     0.644    -0.145
 4    -0.171     0.401     0.900
 5   121.853    35.757     0.506
 5     0.658    -0.494     0.568
 5     0.532    -0.229    -0.815
 5     0.533     0.839     0.112
 6   137.336     8.756     9.639
 6     0.075     0.823    -0.563
 6    -0.911     0.286     0.296
 6     0.404     0.491     0.771
 7   108.649   -18.115   -14.632
 7     0.469     0.844     0.257
 7    -0.855     0.508    -0.108
 7    -0.222    -0.169     0.960
 8   123.158   -39.985    -2.323
 8     0.817     0.305     0.488
 8    -0.429    -0.243     0.870
 8     0.384    -0.921    -0.068
 9   136.661   -14.787     6.190
 9     0.186    -0.879    -0.439
 9     0.864     0.359    -0.353
 9     0.468    -0.313     0.826
 2    97.061   -18.700    59.769
 2     0.447    -0.894     0.001
 2     0.894     0.447     0.032
 2    -0.030    -0.014     0.999
 3   124.313    -2.870     0.886
 3     0.381    -0.073    -0.922
 3     0.201     0.979     0.005
 3     0.902    -0.188     0.388
 4   111.337    12.703   -16.183
 4     0.634    -0.653     0.415
 4     0.754     0.641    -0.143
 4    -0.173     0.403     0.898
 5   121.919    35.469     0.942
 5     0.673    -0.458     0.581
 5     0.522    -0.263    -0.811
 5     0.524     0.849     0.062
 6   138.053     8.383     8.826
 6     0.102     0.838    -0.537
 6    -0.926     0.278     0.257
 6     0.365     0.470     0.803
 7   108.569   -18.188   -14.491
 7     0.463     0.846     0.262
 7    -0.859     0.501    -0.100
 7    -0.216    -0.179     0.960
 8   122.914   -39.852    -1.223
 8     0.825     0.253     0.505
 8    -0.427    -0.306     0.851
 8     0.370    -0.918    -0.144
 9   137.364   -14.805     4.651
 9     0.239    -0.880    -0.410
 9     0.886     0.370    -0.279
 9     0.397    -0.297     0.868
 2    97.063   -18.699    59.766
 2     0.447    -0.894     0.001
 2     0.894     0.447     0.032
 2    -0.029    -0.014     0.999
 3   124.282    -2.820     0.894
 3     0.382    -0.076    -0.921
 3     0.204     0.979     0.004
 3     0.901    -0.190     0.390
 4   111.006    12.673   -16.161
 4     0.619    -0.658     0.429
 4     0.764     0.631    -0.134
 4    -0.183     0.410     0.893
 5   121.822    35.061     1.538
 5     0.700    -0.369     0.611
 5     0.521    -0.323    -0.791
 5     0.489     0.871    -0.034
 6   139.181     8.572     5.795
 6     0.176     0.858    -0.482
 6    -0.945     0.285     0.161
 6     0.275     0.427     0.861
 7   108.397   -18.365   -14.318
 7     0.447     0.851     0.275
 7    -0.870     0.486    -0.089
 7    -0.209    -0.199     0.957
 8   122.132   -40.170    -0.280
 8     0.831     0.149     0.536
 8    -0.449    -0.389     0.804
 8     0.329    -0.909    -0.256
 9   138.260   -15.852     1.906
 9     0.329    -0.870    -0.366
 9     0.900     0.406    -0.156
 9     0.284    -0.279     0.917
 2    97.061   -18.700    59.769
 2     0.447    -0.894     0.001
 2     0.894     0.447     0.032
 2    -0.030    -0.014     0.999
 3   124.295    -2.924     0.831
 3     0.385    -0.078    -0.919
 3     0.206     0.978     0.003
 3     0.899    -0.191     0.393
 4   110.577    12.671   -16.121
 4     0.602    -0.665     0.442
 4     0.775     0.619    -0.125
 4    -0.191     0.418     0.888
 5   121.625    34.794     2.405
 5     0.727    -0.228     0.647
 5     0.534    -0.405    -0.742
 5     0.431     0.885    -0.173
