2 	  33.12	  -8.28	  22.82
	  0.752	  0.656	 -0.063
	 -0.659	  0.751	 -0.033
	  0.027	  0.066	  0.997

3 	  44.70	  -1.71	  -0.25
	  0.483	  0.370	  0.793
	 -0.144	  0.927	 -0.346
	 -0.864	  0.053	  0.500

4 	  38.78	   6.42	  -3.48
	  0.484	  0.831	  0.274
	 -0.688	  0.166	  0.706
	  0.542	 -0.530	  0.652

5 	  38.71	   8.16	   8.26
	  0.069	  0.199	  0.977
	 -0.339	 -0.917	  0.210
	  0.938	 -0.346	  0.005

6 	  42.57	  11.21	  17.56
	  0.186	  0.151	  0.970
	 -0.852	  0.517	  0.080
	 -0.493	 -0.841	  0.222

7 	  37.90	  -8.53	  -3.39
	  0.619	 -0.783	  0.060
	  0.556	  0.382	 -0.738
	  0.556	  0.490	  0.671

8 	  38.37	  -9.91	   8.19
	  0.192	 -0.238	  0.952
	  0.097	 -0.961	 -0.259
	  0.976	  0.142	 -0.161

9 	  42.22	 -13.43	  17.88
	  0.378	 -0.158	  0.912
	  0.925	  0.105	 -0.365
	 -0.040	  0.982	  0.185

2 	  33.12	  -8.28	  22.82
	  0.752	  0.656	 -0.063
	 -0.660	  0.751	 -0.032
	  0.027	  0.066	  0.997

3 	  44.63	  -1.69	  -0.23
	  0.484	  0.373	  0.791
	 -0.147	  0.926	 -0.348
	 -0.863	  0.052	  0.502

4 	  38.65	   6.42	  -3.48
	  0.478	  0.838	  0.264
	 -0.681	  0.163	  0.713
	  0.556	 -0.520	  0.648

5 	  38.74	   8.24	   8.24
	  0.081	  0.211	  0.974
	 -0.328	 -0.917	  0.225
	  0.941	 -0.337	 -0.005

6 	  42.66	  11.41	  17.47
	  0.194	  0.162	  0.967
	 -0.855	  0.512	  0.083
	 -0.485	 -0.842	  0.235

7 	  37.86	  -8.53	  -3.36
	  0.618	 -0.784	  0.064
	  0.557	  0.379	 -0.739
	  0.555	  0.492	  0.670

8 	  38.36	  -9.86	   8.24
	  0.192	 -0.233	  0.953
	  0.096	 -0.963	 -0.253
	  0.977	  0.140	 -0.162

9 	  42.21	 -13.34	  17.95
	  0.378	 -0.154	  0.912
	  0.925	  0.103	 -0.365
	 -0.040	  0.983	  0.181

2 	  33.12	  -8.28	  22.82
	  0.752	  0.656	 -0.063
	 -0.659	  0.751	 -0.033
	  0.027	  0.066	  0.997

3 	  44.61	  -1.71	  -0.19
	  0.482	  0.375	  0.791
	 -0.145	  0.925	 -0.351
	 -0.864	  0.055	  0.500

4 	  38.69	   6.36	  -3.53
	  0.480	  0.837	  0.261
	 -0.681	  0.167	  0.713
	  0.555	 -0.520	  0.650

5 	  38.78	   8.24	   8.19
	  0.078	  0.212	  0.974
	 -0.331	 -0.916	  0.225
	  0.940	 -0.339	 -0.001

6 	  42.70	  11.44	  17.46
	  0.193	  0.164	  0.967
	 -0.855	  0.512	  0.081
	 -0.485	 -0.842	  0.236

7 	  37.90	  -8.54	  -3.34
	  0.617	 -0.784	  0.070
	  0.560	  0.374	 -0.739
	  0.553	  0.495	  0.670

8 	  38.36	  -9.86	   8.24
	  0.185	 -0.232	  0.955
	  0.089	 -0.964	 -0.250
	  0.979	  0.131	 -0.157

9 	  42.10	 -13.32	  18.00
	  0.373	 -0.156	  0.914
	  0.927	  0.090	 -0.362
	 -0.028	  0.984	  0.177

2 	  33.12	  -8.28	  22.82
	  0.752	  0.656	 -0.063
	 -0.660	  0.751	 -0.032
	  0.027	  0.066	  0.997

3 	  44.67	  -1.74	  -0.16
	  0.478	  0.376	  0.793
	 -0.139	  0.924	 -0.356
	 -0.868	  0.060	  0.494

4 	  38.78	   6.33	  -3.53
	  0.479	  0.838	  0.261
	 -0.684	  0.169	  0.709
	  0.551	 -0.518	  0.654

5 	  38.76	   8.26	   8.17
	  0.071	  0.216	  0.974
	 -0.330	 -0.916	  0.226
	  0.941	 -0.337	  0.007

6 	  42.61	  11.50	  17.42
	  0.186	  0.168	  0.968
	 -0.857	  0.510	  0.073
	 -0.485	 -0.842	  0.236

7 	  37.95	  -8.56	  -3.34
	  0.618	 -0.783	  0.073
	  0.561	  0.374	 -0.738
	  0.551	  0.497	  0.670

8 	  38.34	  -9.88	   8.23
	  0.179	 -0.238	  0.954
	  0.082	 -0.964	 -0.255
	  0.980	  0.124	 -0.153

9 	  42.03	 -13.41	  17.98
	  0.368	 -0.163	  0.915
	  0.929	  0.080	 -0.360
	 -0.016	  0.983	  0.180

2 	  33.12	  -8.28	  22.82
	  0.752	  0.656	 -0.063
	 -0.660	  0.751	 -0.033
	  0.027	  0.066	  0.997

3 	  44.72	  -1.72	  -0.16
	  0.474	  0.376	  0.796
	 -0.139	  0.924	 -0.355
	 -0.870	  0.057	  0.490

4 	  38.83	   6.35	  -3.57
	  0.481	  0.838	  0.259
	 -0.685	  0.173	  0.708
	  0.549	 -0.517	  0.656

5 	  38.81	   8.37	   8.12
	  0.071	  0.225	  0.972
	 -0.330	 -0.914	  0.234
	  0.941	 -0.337	  0.010

6 	  42.66	  11.65	  17.35
	  0.185	  0.176	  0.966
	 -0.857	  0.510	  0.068
	 -0.484	 -0.840	  0.243

7 	  38.04	  -8.54	  -3.38
	  0.623	 -0.778	  0.076
	  0.562	  0.377	 -0.736
	  0.544	  0.501	  0.672

8 	  38.36	  -9.86	   8.19
	  0.173	 -0.243	  0.954
	  0.084	 -0.962	 -0.259
	  0.981	  0.125	 -0.146

9 	  42.01	 -13.45	  17.96
	  0.364	 -0.167	  0.916
	  0.931	  0.078	 -0.355
	 -0.014	  0.983	  0.183

2 	  33.12	  -8.28	  22.82
	  0.752	  0.656	 -0.063
	 -0.660	  0.751	 -0.033
	  0.027	  0.066	  0.997

3 	  44.74	  -1.71	  -0.14
	  0.469	  0.377	  0.798
	 -0.140	  0.924	 -0.355
	 -0.872	  0.055	  0.486

4 	  38.87	   6.36	  -3.60
	  0.479	  0.839	  0.257
	 -0.686	  0.174	  0.706
	  0.549	 -0.514	  0.659

5 	  38.79	   8.38	   8.09
	  0.067	  0.227	  0.971
	 -0.329	 -0.915	  0.235
	  0.942	 -0.335	  0.013

6 	  42.64	  11.71	  17.33
	  0.184	  0.178	  0.966
	 -0.859	  0.508	  0.067
	 -0.482	 -0.841	  0.244

7 	  38.06	  -8.56	  -3.39
	  0.622	 -0.779	  0.078
	  0.564	  0.376	 -0.735
	  0.544	  0.501	  0.673

8 	  38.37	  -9.84	   8.23
	  0.173	 -0.238	  0.956
	  0.086	 -0.963	 -0.255
	  0.981	  0.126	 -0.146

9 	  42.01	 -13.41	  17.98
	  0.363	 -0.165	  0.917
	  0.932	  0.076	 -0.355
	 -0.012	  0.983	  0.181

2 	  33.12	  -8.26	  22.82
	  0.752	  0.656	 -0.063
	 -0.660	  0.751	 -0.032
	  0.027	  0.066	  0.997

3 	  44.74	  -1.71	  -0.12
	  0.469	  0.378	  0.798
	 -0.139	  0.924	 -0.357
	 -0.873	  0.057	  0.485

4 	  38.87	   6.35	  -3.60
	  0.479	  0.840	  0.255
	 -0.686	  0.176	  0.705
	  0.548	 -0.513	  0.660

5 	  38.78	   8.33	   8.10
	  0.064	  0.222	  0.973
	 -0.331	 -0.915	  0.229
	  0.941	 -0.336	  0.015

6 	  42.59	  11.62	  17.35
	  0.182	  0.174	  0.967
	 -0.859	  0.507	  0.067
	 -0.482	 -0.843	  0.240

7 	  38.06	  -8.56	  -3.38
	  0.621	 -0.779	  0.079
	  0.565	  0.376	 -0.734
	  0.543	  0.500	  0.674

8 	  38.37	  -9.86	   8.21
	  0.174	 -0.240	  0.955
	  0.084	 -0.963	 -0.257
	  0.981	  0.125	 -0.147

9 	  41.99	 -13.43	  17.95
	  0.362	 -0.167	  0.917
	  0.932	  0.075	 -0.354
	 -0.012	  0.983	  0.182

2 	  33.12	  -8.28	  22.82
	  0.752	  0.656	 -0.063
	 -0.660	  0.751	 -0.033
	  0.027	  0.066	  0.997

3 	  44.77	  -1.72	  -0.14
	  0.470	  0.378	  0.797
	 -0.138	  0.923	 -0.358
	 -0.872	  0.058	  0.486

4 	  38.87	   6.35	  -3.60
	  0.479	  0.841	  0.253
	 -0.685	  0.175	  0.707
	  0.551	 -0.511	  0.659

5 	  38.83	   8.60	   7.98
	  0.068	  0.251	  0.965
	 -0.316	 -0.913	  0.259
	  0.946	 -0.322	  0.018

6 	  42.68	  12.22	  17.12
	  0.185	  0.204	  0.961
	 -0.863	  0.503	  0.057
	 -0.475	 -0.839	  0.266

7 	  38.14	  -8.56	  -3.41
	  0.632	 -0.770	  0.084
	  0.559	  0.378	 -0.738
	  0.537	  0.513	  0.669

8 	  38.34	 -10.02	   8.03
	  0.156	 -0.273	  0.949
	  0.063	 -0.957	 -0.285
	  0.986	  0.104	 -0.132

9 	  41.82	 -13.89	  17.75
	  0.349	 -0.196	  0.916
	  0.937	  0.069	 -0.342
	  0.002	  0.978	  0.206

2 	  33.12	  -8.28	  22.82
	  0.752	  0.656	 -0.063
	 -0.660	  0.751	 -0.033
	  0.027	  0.066	  0.997

3 	  44.88	  -1.69	  -0.21
	  0.476	  0.377	  0.795
	 -0.140	  0.924	 -0.356
	 -0.869	  0.058	  0.492

4 	  38.88	   6.36	  -3.66
	  0.479	  0.842	  0.246
	 -0.681	  0.179	  0.710
	  0.555	 -0.508	  0.658

5 	  38.95	   8.89	   7.86
	  0.075	  0.281	  0.957
	 -0.302	 -0.908	  0.290
	  0.951	 -0.310	  0.017

6 	  42.84	  12.76	  16.89
	  0.192	  0.230	  0.954
	 -0.867	  0.496	  0.051
	 -0.464	 -0.836	  0.292

7 	  38.23	  -8.54	  -3.48
	  0.640	 -0.763	  0.086
	  0.554	  0.380	 -0.740
	  0.533	  0.521	  0.666

8 	  38.41	 -10.02	   7.98
	  0.156	 -0.287	  0.945
	  0.039	 -0.954	 -0.296
	  0.987	  0.083	 -0.137

9 	  41.80	 -14.06	  17.61
	  0.349	 -0.208	  0.913
	  0.937	  0.057	 -0.344
	  0.018	  0.976	  0.214

2 	  33.12	  -8.28	  22.82
	  0.752	  0.655	 -0.063
	 -0.659	  0.751	 -0.033
	  0.027	  0.066	  0.997

3 	  44.93	  -1.69	  -0.30
	  0.483	  0.381	  0.788
	 -0.137	  0.922	 -0.362
	 -0.865	  0.067	  0.497

4 	  38.88	   6.24	  -3.80
	  0.483	  0.847	  0.221
	 -0.667	  0.191	  0.720
	  0.569	 -0.495	  0.657

5 	  38.87	   9.51	   7.37
	  0.071	  0.354	  0.932
	 -0.296	 -0.885	  0.358
	  0.953	 -0.300	  0.042

6 	  42.71	  14.17	  16.01
	  0.185	  0.303	  0.934
	 -0.864	  0.503	  0.004
	 -0.473	 -0.808	  0.352

7 	  38.14	  -8.54	  -3.46
	  0.633	 -0.770	  0.077
	  0.554	  0.380	 -0.741
	  0.542	  0.511	  0.667

8 	  38.29	 -11.27	   7.51
	  0.137	 -0.453	  0.881
	 -0.061	 -0.892	 -0.448
	  0.989	  0.008	 -0.150

9 	  41.48	 -17.17	  16.05
	  0.347	 -0.384	  0.856
	  0.933	  0.045	 -0.357
	  0.097	  0.922	  0.373

2 	  33.12	  -8.28	  22.82
	  0.752	  0.656	 -0.063
	 -0.659	  0.751	 -0.033
	  0.027	  0.066	  0.997

3 	  44.91	  -1.76	  -0.32
	  0.493	  0.381	  0.782
	 -0.116	  0.919	 -0.375
	 -0.862	  0.094	  0.497

4 	  38.79	   6.10	  -3.99
	  0.475	  0.862	  0.175
	 -0.648	  0.208	  0.732
	  0.596	 -0.461	  0.657

5 	  39.08	  10.56	   6.57
	  0.102	  0.474	  0.875
	 -0.257	 -0.838	  0.482
	  0.961	 -0.273	  0.036

6 	  43.21	  16.17	  14.43
	  0.214	  0.417	  0.883
	 -0.867	  0.498	 -0.029
	 -0.455	 -0.759	  0.465

7 	  38.04	  -8.49	  -3.55
	  0.621	 -0.782	  0.054
	  0.552	  0.387	 -0.739
	  0.557	  0.488	  0.671

8 	  38.20	 -12.16	   6.94
	  0.131	 -0.560	  0.818
	 -0.114	 -0.828	 -0.548
	  0.985	 -0.021	 -0.172

9 	  41.31	 -19.00	  14.68
	  0.348	 -0.482	  0.804
	  0.930	  0.068	 -0.361
	  0.119	  0.874	  0.471

2 	  33.12	  -8.28	  22.82
	  0.752	  0.656	 -0.063
	 -0.660	  0.751	 -0.032
	  0.027	  0.066	  0.997

3 	  44.93	  -1.79	  -0.33
	  0.498	  0.387	  0.776
	 -0.106	  0.915	 -0.389
	 -0.861	  0.112	  0.497

4 	  38.58	   5.77	  -4.31
	  0.469	  0.876	  0.110
	 -0.619	  0.235	  0.749
	  0.632	 -0.419	  0.652

5 	  39.25	  11.06	   5.80
	  0.137	  0.550	  0.824
	 -0.233	 -0.791	  0.565
	  0.963	 -0.269	  0.020

6 	  43.68	  17.19	  13.03
	  0.250	  0.482	  0.839
	 -0.859	  0.510	 -0.040
	 -0.451	 -0.711	  0.539

7 	  38.02	  -8.51	  -3.66
	  0.614	 -0.788	  0.027
	  0.548	  0.401	 -0.734
	  0.568	  0.466	  0.678

8 	  38.06	 -12.90	   6.38
	  0.121	 -0.632	  0.766
	 -0.122	 -0.775	 -0.620
	  0.985	 -0.019	 -0.171

9 	  41.13	 -20.41	  13.45
	  0.340	 -0.549	  0.763
	  0.935	  0.116	 -0.333
	  0.094	  0.828	  0.552

2 	  33.12	  -8.28	  22.82
	  0.752	  0.656	 -0.063
	 -0.660	  0.751	 -0.033
	  0.027	  0.066	  0.997

3 	  44.95	  -1.83	  -0.35
	  0.495	  0.400	  0.771
	 -0.099	  0.907	 -0.409
	 -0.864	  0.126	  0.488

4 	  38.41	   5.45	  -4.61
	  0.458	  0.888	  0.047
	 -0.593	  0.264	  0.760
	  0.663	 -0.375	  0.647

5 	  39.38	  11.34	   5.06
	  0.166	  0.604	  0.780
	 -0.210	 -0.752	  0.625
	  0.964	 -0.266	  0.002

6 	  44.09	  17.89	  11.69
	  0.281	  0.533	  0.798
	 -0.857	  0.513	 -0.044
	 -0.437	 -0.671	  0.598

7 	  37.93	  -8.47	  -3.92
	  0.596	 -0.802	 -0.028
	  0.551	  0.433	 -0.714
	  0.585	  0.410	  0.699

8 	  38.13	 -13.83	   5.47
	  0.136	 -0.723	  0.677
	 -0.159	 -0.691	 -0.705
	  0.978	 -0.012	 -0.209

9 	  41.36	 -22.06	  11.43
	  0.360	 -0.637	  0.681
	  0.925	  0.152	 -0.347
	  0.116	  0.756	  0.644

2 	  33.12	  -8.28	  22.82
	  0.752	  0.656	 -0.063
	 -0.660	  0.751	 -0.032
	  0.027	  0.066	  0.997

3 	  44.91	  -1.88	  -0.44
	  0.491	  0.408	  0.769
	 -0.090	  0.902	 -0.422
	 -0.866	  0.138	  0.480

4 	  38.20	   5.17	  -4.90
	  0.457	  0.889	 -0.021
	 -0.553	  0.302	  0.776
	  0.698	 -0.342	  0.629

5 	  39.73	  11.64	   4.25
	  0.215	  0.651	  0.727
	 -0.180	 -0.707	  0.684
	  0.960	 -0.277	 -0.035

6 	  44.82	  18.49	  10.18
	  0.331	  0.577	  0.746
	 -0.849	  0.527	 -0.035
	 -0.418	 -0.622	  0.662

7 	  37.92	  -8.40	  -4.20
	  0.590	 -0.804	 -0.073
	  0.549	  0.465	 -0.694
	  0.593	  0.370	  0.715

8 	  38.60	 -14.45	   4.68
	  0.180	 -0.781	  0.598
	 -0.198	 -0.624	 -0.756
	  0.964	  0.017	 -0.267

9 	  42.22	 -23.03	   9.58
	  0.406	 -0.688	  0.601
	  0.903	  0.201	 -0.378
	  0.139	  0.697	  0.703

2 	  33.13	  -8.26	  22.82
	  0.751	  0.656	 -0.063
	 -0.660	  0.750	 -0.033
	  0.027	  0.067	  0.997

3 	  44.89	  -1.85	  -0.51
	  0.486	  0.425	  0.763
	 -0.091	  0.893	 -0.440
	 -0.870	  0.145	  0.472

4 	  37.99	   4.83	  -5.24
	  0.448	  0.888	 -0.101
	 -0.510	  0.345	  0.788
	  0.735	 -0.301	  0.607

5 	  40.01	  11.94	   3.30
	  0.256	  0.703	  0.663
	 -0.132	 -0.656	  0.743
	  0.958	 -0.277	 -0.075

6 	  45.40	  19.12	   8.40
	  0.375	  0.626	  0.683
	 -0.849	  0.528	 -0.022
	 -0.379	 -0.573	  0.727

7 	  37.90	  -8.30	  -4.46
	  0.586	 -0.802	 -0.115
	  0.543	  0.494	 -0.679
	  0.601	  0.335	  0.725

8 	  39.01	 -14.96	   3.90
	  0.224	 -0.822	  0.524
	 -0.240	 -0.568	 -0.787
	  0.944	  0.050	 -0.324

9 	  42.98	 -23.77	   7.91
	  0.446	 -0.725	  0.524
	  0.878	  0.244	 -0.410
	  0.170	  0.643	  0.746

2 	  33.12	  -8.26	  22.80
	  0.752	  0.656	 -0.063
	 -0.660	  0.750	 -0.032
	  0.028	  0.066	  0.997

3 	  44.84	  -1.88	  -0.63
	  0.483	  0.445	  0.754
	 -0.092	  0.882	 -0.463
	 -0.871	  0.154	  0.466

4 	  37.79	   4.48	  -5.57
	  0.433	  0.886	 -0.168
	 -0.477	  0.381	  0.792
	  0.766	 -0.262	  0.586

5 	  40.03	  12.06	   2.46
	  0.273	  0.743	  0.611
	 -0.094	 -0.612	  0.785
	  0.957	 -0.271	 -0.098

6 	  45.54	  19.58	   6.98
	  0.393	  0.666	  0.633
	 -0.854	  0.520	 -0.020
	 -0.346	 -0.534	  0.771

7 	  37.88	  -8.31	  -4.66
	  0.586	 -0.797	 -0.146
	  0.536	  0.516	 -0.668
	  0.609	  0.312	  0.729

8 	  39.22	 -15.42	   3.23
	  0.242	 -0.854	  0.460
	 -0.287	 -0.515	 -0.808
	  0.927	  0.063	 -0.369

9 	  43.21	 -24.38	   6.52
	  0.462	 -0.757	  0.461
	  0.862	  0.262	 -0.433
	  0.207	  0.598	  0.774

2 	  33.12	  -8.24	  22.80
	  0.752	  0.656	 -0.064
	 -0.660	  0.750	 -0.033
	  0.028	  0.067	  0.997

3 	  44.79	  -1.93	  -0.77
	  0.489	  0.462	  0.740
	 -0.095	  0.871	 -0.481
	 -0.867	  0.165	  0.469

4 	  37.62	   4.20	  -5.78
	  0.422	  0.881	 -0.212
	 -0.455	  0.407	  0.792
	  0.785	 -0.237	  0.572

5 	  39.97	  12.09	   1.88
	  0.280	  0.770	  0.573
	 -0.068	 -0.581	  0.811
	  0.958	 -0.266	 -0.111

6 	  45.56	  19.81	   5.92
	  0.406	  0.691	  0.597
	 -0.857	  0.515	 -0.017
	 -0.324	 -0.505	  0.800

7 	  37.74	  -8.28	  -4.85
	  0.581	 -0.794	 -0.179
	  0.525	  0.533	 -0.663
	  0.623	  0.291	  0.726

8 	  39.43	 -15.82	   2.57
	  0.263	 -0.882	  0.391
	 -0.336	 -0.463	 -0.820
	  0.905	  0.084	 -0.417

9 	  43.56	 -24.96	   4.89
	  0.484	 -0.787	  0.382
	  0.839	  0.292	 -0.459
	  0.251	  0.543	  0.801

2 	  33.13	  -8.24	  22.80
	  0.752	  0.656	 -0.064
	 -0.660	  0.750	 -0.033
	  0.028	  0.067	  0.997

3 	  44.77	  -2.00	  -0.95
	  0.503	  0.473	  0.722
	 -0.106	  0.864	 -0.493
	 -0.857	  0.172	  0.485

4 	  37.49	   4.04	  -5.91
	  0.418	  0.875	 -0.243
	 -0.433	  0.425	  0.795
	  0.799	 -0.227	  0.556

5 	  40.18	  12.11	   1.41
	  0.309	  0.785	  0.537
	 -0.041	 -0.554	  0.831
	  0.950	 -0.278	 -0.139

6 	  46.00	  19.90	   4.87
	  0.445	  0.706	  0.550
	 -0.857	  0.515	  0.030
	 -0.266	 -0.485	  0.833

7 	  37.67	  -8.30	  -4.92
	  0.586	 -0.786	 -0.197
	  0.506	  0.544	 -0.669
	  0.633	  0.293	  0.716

8 	  39.73	 -16.03	   2.20
	  0.286	 -0.895	  0.342
	 -0.390	 -0.433	 -0.813
	  0.876	  0.099	 -0.472

9 	  43.91	 -25.24	   3.85
	  0.504	 -0.802	  0.319
	  0.806	  0.303	 -0.509
	  0.313	  0.513	  0.799

2 	  33.13	  -8.24	  22.80
	  0.751	  0.656	 -0.064
	 -0.660	  0.750	 -0.033
	  0.028	  0.067	  0.997

3 	  44.75	  -2.07	  -1.02
	  0.515	  0.480	  0.710
	 -0.112	  0.858	 -0.501
	 -0.850	  0.179	  0.495

4 	  37.49	   3.90	  -6.01
	  0.422	  0.868	 -0.261
	 -0.420	  0.441	  0.793
	  0.804	 -0.225	  0.550

5 	  40.31	  12.09	   1.09
	  0.319	  0.794	  0.516
	 -0.034	 -0.536	  0.843
	  0.947	 -0.286	 -0.145

6 	  46.20	  19.90	   4.29
	  0.461	  0.714	  0.526
	 -0.857	  0.512	  0.052
	 -0.237	 -0.475	  0.847

7 	  37.55	  -8.30	  -4.99
	  0.585	 -0.784	 -0.207
	  0.495	  0.547	 -0.675
	  0.643	  0.293	  0.707

8 	  40.03	 -16.28	   1.67
	  0.304	 -0.912	  0.274
	 -0.482	 -0.394	 -0.783
	  0.823	  0.105	 -0.558

9 	  44.09	 -25.66	   2.16
	  0.517	 -0.830	  0.209
	  0.721	  0.290	 -0.629
	  0.465	  0.475	  0.747

2 	  33.13	  -8.24	  22.80
	  0.751	  0.657	 -0.065
	 -0.661	  0.750	 -0.033
	  0.028	  0.068	  0.997

3 	  44.72	  -2.25	  -1.14
	  0.538	  0.480	  0.692
	 -0.113	  0.854	 -0.507
	 -0.835	  0.195	  0.514

4 	  37.42	   3.69	  -6.13
	  0.428	  0.857	 -0.287
	 -0.399	  0.463	  0.791
	  0.812	 -0.224	  0.539

5 	  40.50	  12.01	   0.76
	  0.339	  0.802	  0.492
	 -0.017	 -0.519	  0.855
	  0.940	 -0.298	 -0.162

6 	  46.58	  19.79	   3.52
	  0.492	  0.719	  0.490
	 -0.853	  0.512	  0.103
	 -0.181	 -0.469	  0.864

7 	  37.41	  -8.26	  -5.20
	  0.582	 -0.771	 -0.257
	  0.460	  0.572	 -0.679
	  0.671	  0.277	  0.687

8 	  40.59	 -16.72	   0.30
	  0.339	 -0.930	  0.139
	 -0.573	 -0.321	 -0.754
	  0.746	  0.176	 -0.641

9 	  44.63	 -25.95	  -0.76
	  0.535	 -0.844	  0.044
	  0.609	  0.347	 -0.713
	  0.589	  0.408	  0.697

2 	  33.13	  -8.23	  22.78
	  0.750	  0.657	 -0.065
	 -0.661	  0.749	 -0.032
	  0.029	  0.068	  0.997

3 	  44.67	  -2.27	  -1.32
	  0.552	  0.477	  0.684
	 -0.133	  0.859	 -0.493
	 -0.824	  0.181	  0.537

4 	  37.30	   3.64	  -6.17
	  0.423	  0.856	 -0.298
	 -0.385	  0.466	  0.796
	  0.821	 -0.222	  0.526

5 	  40.48	  12.02	   0.67
	  0.345	  0.802	  0.486
	 -0.009	 -0.516	  0.856
	  0.938	 -0.299	 -0.171

6 	  46.49	  19.85	   3.43
	  0.495	  0.720	  0.486
	 -0.855	  0.504	  0.120
	 -0.162	 -0.476	  0.864

7 	  37.34	  -8.14	  -5.29
	  0.579	 -0.760	 -0.294
	  0.425	  0.588	 -0.688
	  0.696	  0.274	  0.663

8 	  40.92	 -16.86	  -0.70
	  0.355	 -0.934	  0.035
	 -0.647	 -0.271	 -0.713
	  0.676	  0.229	 -0.700

9 	  44.60	 -26.03	  -3.27
	  0.514	 -0.849	 -0.121
	  0.419	  0.369	 -0.830
	  0.751	  0.376	  0.542

2 	  33.13	  -8.24	  22.78
	  0.750	  0.657	 -0.065
	 -0.661	  0.749	 -0.032
	  0.029	  0.068	  0.997

3 	  44.58	  -2.25	  -1.46
	  0.560	  0.473	  0.679
	 -0.143	  0.863	 -0.485
	 -0.816	  0.175	  0.550

4 	  37.14	   3.60	  -6.21
	  0.414	  0.855	 -0.311
	 -0.372	  0.470	  0.800
	  0.831	 -0.216	  0.512

5 	  40.34	  12.01	   0.53
	  0.345	  0.807	  0.479
	  0.000	 -0.512	  0.859
	  0.939	 -0.295	 -0.177

6 	  46.35	  19.90	   3.16
	  0.499	  0.727	  0.472
	 -0.860	  0.485	  0.159
	 -0.116	 -0.485	  0.866

7 	  37.18	  -8.10	  -5.33
	  0.570	 -0.750	 -0.334
	  0.387	  0.604	 -0.696
	  0.724	  0.268	  0.635

8 	  41.15	 -17.02	  -2.00
	  0.361	 -0.928	 -0.094
	 -0.727	 -0.216	 -0.651
	  0.586	  0.302	 -0.752

9 	  44.37	 -25.91	  -6.08
	  0.468	 -0.835	 -0.290
	  0.207	  0.422	 -0.882
	  0.859	  0.352	  0.369

2 	  33.13	  -8.23	  22.78
	  0.750	  0.657	 -0.065
	 -0.661	  0.749	 -0.032
	  0.029	  0.068	  0.997

3 	  44.53	  -2.27	  -1.63
	  0.572	  0.461	  0.678
	 -0.150	  0.871	 -0.467
	 -0.807	  0.166	  0.567

4 	  37.04	   3.60	  -6.21
	  0.412	  0.854	 -0.316
	 -0.361	  0.471	  0.804
	  0.837	 -0.217	  0.502

5 	  40.32	  12.02	   0.44
	  0.348	  0.808	  0.475
	  0.003	 -0.509	  0.861
	  0.938	 -0.298	 -0.180

6 	  46.32	  19.93	   3.04
	  0.497	  0.730	  0.468
	 -0.860	  0.486	  0.154
	 -0.119	 -0.479	  0.869

7 	  37.02	  -8.00	  -5.48
	  0.559	 -0.728	 -0.396
	  0.339	  0.636	 -0.693
	  0.757	  0.253	  0.602

8 	  41.20	 -17.02	  -3.62
	  0.344	 -0.910	 -0.231
	 -0.793	 -0.148	 -0.591
	  0.505	  0.385	 -0.772

9 	  43.82	 -25.52	  -9.14
	  0.400	 -0.802	 -0.444
	  0.022	  0.493	 -0.870
	  0.917	  0.337	  0.215

2 	  33.13	  -8.23	  22.78
	  0.750	  0.657	 -0.065
	 -0.661	  0.749	 -0.032
	  0.029	  0.067	  0.997

3 	  44.51	  -2.29	  -1.93
	  0.586	  0.439	  0.680
	 -0.173	  0.888	 -0.426
	 -0.792	  0.132	  0.596

4 	  36.97	   3.64	  -6.29
	  0.416	  0.850	 -0.323
	 -0.342	  0.475	  0.811
	  0.843	 -0.227	  0.488

5 	  40.43	  12.08	   0.25
	  0.363	  0.807	  0.466
	  0.001	 -0.501	  0.865
	  0.932	 -0.312	 -0.182

6 	  46.56	  19.86	   2.78
	  0.512	  0.725	  0.460
	 -0.850	  0.504	  0.151
	 -0.125	 -0.469	  0.874

7 	  36.90	  -7.86	  -5.71
	  0.548	 -0.701	 -0.457
	  0.290	  0.671	 -0.682
	  0.785	  0.241	  0.570

8 	  41.41	 -16.75	  -5.29
	  0.350	 -0.859	 -0.372
	 -0.831	 -0.101	 -0.546
	  0.433	  0.500	 -0.750

9 	  43.89	 -24.43	 -12.08
	  0.376	 -0.726	 -0.575
	 -0.080	  0.595	 -0.799
	  0.923	  0.345	  0.167

2 	  33.13	  -8.23	  22.78
	  0.750	  0.657	 -0.065
	 -0.661	  0.749	 -0.032
	  0.029	  0.067	  0.997

3 	  44.56	  -2.18	  -2.09
	  0.595	  0.428	  0.680
	 -0.194	  0.897	 -0.397
	 -0.781	  0.105	  0.616

4 	  37.00	   3.71	  -6.31
	  0.420	  0.847	 -0.324
	 -0.336	  0.476	  0.813
	  0.844	 -0.233	  0.484

5 	  40.52	  12.13	   0.19
	  0.368	  0.804	  0.467
	 -0.007	 -0.501	  0.865
	  0.930	 -0.321	 -0.179

6 	  46.78	  19.83	   2.69
	  0.522	  0.719	  0.457
	 -0.844	  0.514	  0.152
	 -0.129	 -0.466	  0.875

7 	  36.95	  -7.66	  -5.87
	  0.547	 -0.678	 -0.491
	  0.262	  0.695	 -0.669
	  0.795	  0.237	  0.558

8 	  41.77	 -16.26	  -6.70
	  0.360	 -0.793	 -0.491
	 -0.862	 -0.082	 -0.500
	  0.357	  0.602	 -0.714

9 	  44.02	 -23.04	 -14.55
	  0.354	 -0.644	 -0.678
	 -0.174	  0.670	 -0.722
	  0.920	  0.370	  0.127

2 	  33.15	  -8.23	  22.78
	  0.750	  0.657	 -0.066
	 -0.661	  0.749	 -0.031
	  0.031	  0.067	  0.997

3 	  44.63	  -2.07	  -2.16
	  0.595	  0.413	  0.689
	 -0.208	  0.907	 -0.366
	 -0.777	  0.075	  0.625

4 	  37.11	   3.83	  -6.31
	  0.414	  0.857	 -0.306
	 -0.345	  0.458	  0.819
	  0.843	 -0.234	  0.484

5 	  40.39	  12.15	   0.44
	  0.349	  0.797	  0.494
	 -0.022	 -0.521	  0.853
	  0.937	 -0.307	 -0.165

6 	  46.49	  19.86	   3.38
	  0.502	  0.713	  0.489
	 -0.854	  0.498	  0.149
	 -0.141	 -0.493	  0.858

7 	  36.97	  -7.42	  -6.06
	  0.541	 -0.655	 -0.528
	  0.234	  0.719	 -0.654
	  0.808	  0.230	  0.542

8 	  41.91	 -15.70	  -7.95
	  0.357	 -0.729	 -0.584
	 -0.888	 -0.071	 -0.453
	  0.290	  0.680	 -0.673

9 	  43.91	 -21.60	 -16.70
	  0.310	 -0.564	 -0.765
	 -0.314	  0.702	 -0.639
	  0.900	  0.433	  0.042

2 	  33.15	  -8.23	  22.76
	  0.750	  0.657	 -0.066
	 -0.661	  0.749	 -0.031
	  0.031	  0.067	  0.997

3 	  44.60	  -1.95	  -2.25
	  0.601	  0.387	  0.699
	 -0.219	  0.920	 -0.324
	 -0.769	  0.042	  0.637

4 	  37.09	   4.06	  -6.21
	  0.418	  0.863	 -0.283
	 -0.344	  0.438	  0.830
	  0.841	 -0.250	  0.479

5 	  40.39	  12.16	   0.79
	  0.350	  0.778	  0.521
	 -0.036	 -0.546	  0.837
	  0.936	 -0.311	 -0.163

6 	  46.51	  19.76	   3.94
	  0.501	  0.697	  0.511
	 -0.853	  0.499	  0.154
	 -0.151	 -0.514	  0.844

7 	  36.83	  -7.10	  -6.28
	  0.527	 -0.631	 -0.569
	  0.210	  0.746	 -0.632
	  0.823	  0.214	  0.526

8 	  41.78	 -14.99	  -9.11
	  0.344	 -0.659	 -0.669
	 -0.906	 -0.048	 -0.420
	  0.245	  0.750	 -0.614

9 	  43.49	 -20.18	 -18.44
	  0.270	 -0.486	 -0.831
	 -0.390	  0.737	 -0.552
	  0.883	  0.468	  0.009

2 	  33.15	  -8.23	  22.76
	  0.750	  0.658	 -0.066
	 -0.661	  0.749	 -0.031
	  0.031	  0.067	  0.997

3 	  44.49	  -1.72	  -2.37
	  0.611	  0.364	  0.702
	 -0.238	  0.931	 -0.277
	 -0.755	  0.003	  0.655

4 	  36.90	   4.36	  -6.06
	  0.414	  0.871	 -0.265
	 -0.337	  0.415	  0.845
	  0.846	 -0.261	  0.464

5 	  40.25	  12.27	   1.11
	  0.353	  0.764	  0.540
	 -0.037	 -0.566	  0.823
	  0.935	 -0.310	 -0.172

6 	  46.41	  19.76	   4.41
	  0.505	  0.683	  0.527
	 -0.851	  0.496	  0.169
	 -0.150	 -0.535	  0.831

7 	  36.56	  -6.86	  -6.35
	  0.518	 -0.604	 -0.605
	  0.172	  0.767	 -0.618
	  0.838	  0.216	  0.501

8 	  41.71	 -14.33	  -9.98
	  0.339	 -0.593	 -0.730
	 -0.923	 -0.062	 -0.379
	  0.179	  0.803	 -0.568

9 	  43.17	 -18.81	 -19.83
	  0.231	 -0.413	 -0.881
	 -0.487	  0.737	 -0.468
	  0.845	  0.533	 -0.031

2 	  33.15	  -8.23	  22.76
	  0.750	  0.658	 -0.067
	 -0.661	  0.749	 -0.031
	  0.031	  0.067	  0.997

3 	  44.30	  -1.67	  -2.46
	  0.631	  0.341	  0.696
	 -0.251	  0.939	 -0.235
	 -0.734	 -0.026	  0.678

4 	  36.70	   4.52	  -5.92
	  0.417	  0.874	 -0.248
	 -0.322	  0.397	  0.859
	  0.850	 -0.279	  0.447

5 	  40.11	  12.20	   1.48
	  0.358	  0.743	  0.565
	 -0.048	 -0.590	  0.805
	  0.933	 -0.315	 -0.176

6 	  46.35	  19.53	   5.03
	  0.509	  0.662	  0.550
	 -0.847	  0.500	  0.178
	 -0.161	 -0.557	  0.815

7 	  36.19	  -6.57	  -6.43
	  0.495	 -0.583	 -0.645
	  0.146	  0.787	 -0.599
	  0.857	  0.202	  0.474

8 	  41.33	 -13.69	 -10.74
	  0.319	 -0.534	 -0.783
	 -0.936	 -0.050	 -0.347
	  0.146	  0.843	 -0.517

9 	  42.49	 -17.40	 -21.01
	  0.189	 -0.335	 -0.923
	 -0.528	  0.759	 -0.380
	  0.831	  0.554	 -0.035

2 	  33.15	  -8.23	  22.76
	  0.750	  0.658	 -0.066
	 -0.661	  0.749	 -0.031
	  0.031	  0.067	  0.997

3 	  44.07	  -1.44	  -2.57
	  0.644	  0.322	  0.693
	 -0.263	  0.944	 -0.196
	 -0.719	 -0.055	  0.692

4 	  36.44	   4.76	  -5.75
	  0.412	  0.881	 -0.231
	 -0.313	  0.374	  0.873
	  0.856	 -0.287	  0.429

5 	  39.87	  12.25	   1.81
	  0.360	  0.727	  0.584
	 -0.045	 -0.613	  0.789
	  0.932	 -0.309	 -0.187

6 	  46.05	  19.51	   5.64
	  0.504	  0.648	  0.570
	 -0.850	  0.490	  0.192
	 -0.159	 -0.581	  0.798

7 	  35.98	  -6.42	  -6.47
	  0.485	 -0.561	 -0.671
	  0.115	  0.801	 -0.587
	  0.867	  0.207	  0.453

8 	  41.13	 -13.18	 -11.27
	  0.308	 -0.489	 -0.816
	 -0.945	 -0.057	 -0.323
	  0.112	  0.870	 -0.479

9 	  42.10	 -16.40	 -21.81
	  0.162	 -0.283	 -0.945
	 -0.559	  0.765	 -0.320
	  0.816	  0.576	 -0.036

2 	  33.15	  -8.23	  22.76
	  0.750	  0.658	 -0.066
	 -0.661	  0.749	 -0.031
	  0.031	  0.067	  0.997

3 	  43.93	  -1.39	  -2.71
	  0.659	  0.311	  0.684
	 -0.279	  0.946	 -0.164
	 -0.699	 -0.082	  0.710

4 	  36.25	   4.83	  -5.64
	  0.403	  0.888	 -0.219
	 -0.307	  0.356	  0.882
	  0.862	 -0.288	  0.416

5 	  39.66	  12.16	   2.06
	  0.354	  0.715	  0.603
	 -0.052	 -0.629	  0.775
	  0.934	 -0.305	 -0.186

6 	  45.81	  19.39	   6.06
	  0.499	  0.639	  0.585
	 -0.853	  0.484	  0.195
	 -0.162	 -0.596	  0.786

7 	  35.81	  -6.29	  -6.50
	  0.474	 -0.542	 -0.694
	  0.093	  0.815	 -0.572
	  0.875	  0.206	  0.436

8 	  40.96	 -12.71	 -11.76
	  0.299	 -0.439	 -0.847
	 -0.950	 -0.059	 -0.305
	  0.084	  0.896	 -0.435

9 	  41.82	 -15.40	 -22.48
	  0.143	 -0.233	 -0.962
	 -0.578	  0.770	 -0.269
	  0.807	  0.590	 -0.026

2 	  33.15	  -8.23	  22.76
	  0.750	  0.658	 -0.067
	 -0.661	  0.749	 -0.031
	  0.031	  0.067	  0.997

3 	  43.86	  -1.32	  -2.76
	  0.670	  0.302	  0.677
	 -0.291	  0.947	 -0.136
	 -0.683	 -0.105	  0.722

4 	  36.19	   4.92	  -5.57
	  0.405	  0.889	 -0.213
	 -0.300	  0.348	  0.888
	  0.864	 -0.296	  0.407

5 	  39.69	  12.18	   2.18
	  0.363	  0.706	  0.608
	 -0.057	 -0.635	  0.770
	  0.930	 -0.313	 -0.190

6 	  45.93	  19.27	   6.21
	  0.509	  0.628	  0.589
	 -0.846	  0.493	  0.204
	 -0.166	 -0.602	  0.781

7 	  35.68	  -6.17	  -6.57
	  0.461	 -0.520	 -0.719
	  0.068	  0.828	 -0.556
	  0.884	  0.207	  0.418

8 	  40.87	 -12.16	 -12.25
	  0.288	 -0.384	 -0.877
	 -0.956	 -0.062	 -0.287
	  0.055	  0.921	 -0.385

9 	  41.50	 -14.03	 -23.26
	  0.099	 -0.151	 -0.984
	 -0.629	  0.757	 -0.177
	  0.774	  0.633	 -0.022

2 	  33.15	  -8.23	  22.76
	  0.750	  0.658	 -0.067
	 -0.661	  0.749	 -0.031
	  0.031	  0.067	  0.997

3 	  43.77	  -1.23	  -2.85
	  0.679	  0.295	  0.672
	 -0.305	  0.946	 -0.109
	 -0.668	 -0.130	  0.732

4 	  36.09	   5.04	  -5.48
	  0.405	  0.890	 -0.206
	 -0.291	  0.339	  0.895
	  0.867	 -0.303	  0.395

5 	  39.64	  12.18	   2.30
	  0.370	  0.697	  0.614
	 -0.058	 -0.643	  0.763
	  0.927	 -0.317	 -0.198

6 	  45.97	  19.18	   6.36
	  0.517	  0.618	  0.592
	 -0.841	  0.497	  0.212
	 -0.167	 -0.608	  0.776

7 	  35.56	  -6.06	  -6.57
	  0.455	 -0.508	 -0.731
	  0.054	  0.835	 -0.547
	  0.889	  0.209	  0.407

8 	  40.69	 -11.90	 -12.46
	  0.282	 -0.358	 -0.890
	 -0.958	 -0.061	 -0.279
	  0.045	  0.932	 -0.360

9 	  41.19	 -13.36	 -23.64
	  0.072	 -0.103	 -0.992
	 -0.649	  0.750	 -0.122
	  0.759	  0.650	 -0.016

2 	  33.15	  -8.23	  22.78
	  0.750	  0.657	 -0.067
	 -0.661	  0.749	 -0.031
	  0.031	  0.068	  0.997

3 	  43.61	  -1.18	  -2.92
	  0.688	  0.294	  0.663
	 -0.318	  0.944	 -0.090
	 -0.653	 -0.147	  0.743

4 	  35.89	   5.10	  -5.47
	  0.399	  0.892	 -0.213
	 -0.276	  0.337	  0.900
	  0.875	 -0.301	  0.380

5 	  39.60	  12.25	   2.25
	  0.380	  0.695	  0.610
	 -0.062	 -0.640	  0.766
	  0.923	 -0.328	 -0.201

6 	  45.91	  19.21	   6.35
	  0.517	  0.618	  0.591
	 -0.841	  0.498	  0.212
	 -0.167	 -0.607	  0.777

7 	  35.35	  -5.99	  -6.56
	  0.446	 -0.494	 -0.747
	  0.033	  0.843	 -0.537
	  0.894	  0.215	  0.392

8 	  40.52	 -11.58	 -12.71
	  0.274	 -0.328	 -0.904
	 -0.962	 -0.073	 -0.265
	  0.021	  0.942	 -0.335

9 	  40.83	 -12.60	 -23.98
	  0.055	 -0.064	 -0.996
	 -0.667	  0.741	 -0.083
	  0.745	  0.666	 -0.005

2 	  33.15	  -8.23	  22.76
	  0.750	  0.657	 -0.067
	 -0.661	  0.749	 -0.031
	  0.031	  0.068	  0.997

3 	  43.47	  -1.14	  -2.99
	  0.701	  0.291	  0.650
	 -0.328	  0.942	 -0.072
	 -0.636	 -0.161	  0.755

4 	  35.79	   5.13	  -5.45
	  0.405	  0.889	 -0.214
	 -0.260	  0.336	  0.905
	  0.877	 -0.311	  0.367

5 	  39.69	  12.16	   2.34
	  0.396	  0.676	  0.621
	 -0.073	 -0.652	  0.754
	  0.916	 -0.343	 -0.209

6 	  46.07	  19.05	   6.40
	  0.524	  0.611	  0.593
	 -0.836	  0.503	  0.219
	 -0.168	 -0.611	  0.774

7 	  35.17	  -5.91	  -6.56
	  0.432	 -0.483	 -0.762
	  0.021	  0.849	 -0.527
	  0.902	  0.211	  0.377

8 	  40.27	 -11.32	 -12.92
	  0.261	 -0.303	 -0.917
	 -0.965	 -0.073	 -0.251
	  0.009	  0.950	 -0.311

9 	  40.32	 -11.99	 -24.29
	  0.017	 -0.026	 -1.000
	 -0.693	  0.720	 -0.029
	  0.722	  0.691	 -0.009

2 	  33.15	  -8.23	  22.76
	  0.750	  0.658	 -0.067
	 -0.661	  0.749	 -0.031
	  0.031	  0.067	  0.997

3 	  43.37	  -1.04	  -3.04
	  0.710	  0.280	  0.645
	 -0.333	  0.942	 -0.046
	 -0.622	 -0.181	  0.762

4 	  35.75	   5.36	  -5.34
	  0.412	  0.892	 -0.186
	 -0.269	  0.313	  0.911
	  0.871	 -0.325	  0.368

5 	  39.52	  12.02	   2.88
	  0.383	  0.642	  0.664
	 -0.109	 -0.683	  0.722
	  0.918	 -0.348	 -0.192

6 	  45.84	  18.62	   7.56
	  0.507	  0.575	  0.642
	 -0.837	  0.506	  0.206
	 -0.210	 -0.642	  0.737

7 	  35.05	  -5.71	  -6.57
	  0.424	 -0.469	 -0.775
	  0.013	  0.858	 -0.513
	  0.905	  0.208	  0.370

8 	  40.17	 -10.95	 -13.11
	  0.252	 -0.276	 -0.927
	 -0.968	 -0.075	 -0.240
	 -0.005	  0.958	 -0.286

9 	  40.06	 -11.09	 -24.61
	 -0.022	  0.019	 -1.000
	 -0.734	  0.678	  0.031
	  0.680	  0.733	 -0.004

2 	  33.15	  -8.23	  22.78
	  0.750	  0.657	 -0.067
	 -0.661	  0.749	 -0.031
	  0.031	  0.068	  0.997

3 	  43.35	  -0.93	  -3.08
	  0.715	  0.274	  0.642
	 -0.338	  0.941	 -0.028
	 -0.614	 -0.195	  0.765

4 	  35.75	   5.55	  -5.22
	  0.414	  0.894	 -0.169
	 -0.271	  0.297	  0.915
	  0.869	 -0.333	  0.365

5 	  39.59	  12.04	   3.04
	  0.389	  0.629	  0.672
	 -0.117	 -0.692	  0.713
	  0.914	 -0.355	 -0.196

6 	  45.91	  18.53	   7.79
	  0.506	  0.567	  0.649
	 -0.838	  0.505	  0.208
	 -0.214	 -0.649	  0.730

7 	  35.02	  -5.61	  -6.61
	  0.416	 -0.465	 -0.781
	  0.009	  0.861	 -0.507
	  0.909	  0.204	  0.363

8 	  40.01	 -10.83	 -13.25
	  0.239	 -0.268	 -0.933
	 -0.971	 -0.083	 -0.224
	 -0.018	  0.960	 -0.279

9 	  39.45	 -10.81	 -24.80
	 -0.079	  0.050	 -0.996
	 -0.765	  0.636	  0.094
	  0.639	  0.768	 -0.016

2 	  33.17	  -8.23	  22.76
	  0.750	  0.657	 -0.067
	 -0.661	  0.749	 -0.031
	  0.031	  0.067	  0.997

3 	  43.28	  -0.98	  -3.11
	  0.724	  0.263	  0.637
	 -0.329	  0.944	 -0.020
	 -0.609	 -0.194	  0.769

4 	  35.84	   5.61	  -5.24
	  0.432	  0.887	 -0.165
	 -0.265	  0.298	  0.917
	  0.862	 -0.352	  0.363

5 	  39.81	  11.88	   3.11
	  0.401	  0.608	  0.685
	 -0.142	 -0.699	  0.701
	  0.905	 -0.377	 -0.194

6 	  46.11	  18.19	   8.09
	  0.498	  0.556	  0.665
	 -0.834	  0.520	  0.186
	 -0.246	 -0.648	  0.721

7 	  34.79	  -5.59	  -6.54
	  0.395	 -0.471	 -0.788
	  0.015	  0.861	 -0.507
	  0.918	  0.188	  0.348

8 	  39.60	 -10.85	 -13.32
	  0.216	 -0.263	 -0.940
	 -0.976	 -0.075	 -0.203
	 -0.018	  0.962	 -0.273

9 	  38.90	 -10.62	 -24.94
	 -0.115	  0.067	 -0.991
	 -0.775	  0.618	  0.133
	  0.622	  0.782	 -0.022

2 	  33.17	  -8.23	  22.76
	  0.750	  0.658	 -0.067
	 -0.661	  0.749	 -0.031
	  0.031	  0.067	  0.997

3 	  43.21	  -0.98	  -3.16
	  0.729	  0.252	  0.636
	 -0.319	  0.948	 -0.013
	 -0.608	 -0.192	  0.770

4 	  35.81	   5.75	  -5.17
	  0.437	  0.886	 -0.155
	 -0.258	  0.288	  0.922
	  0.862	 -0.362	  0.354

5 	  39.81	  11.85	   3.29
	  0.405	  0.589	  0.699
	 -0.157	 -0.709	  0.687
	  0.901	 -0.386	 -0.195

6 	  46.18	  18.02	   8.35
	  0.499	  0.542	  0.676
	 -0.829	  0.527	  0.186
	 -0.260	 -0.653	  0.711

7 	  34.70	  -5.40	  -6.59
	  0.387	 -0.457	 -0.801
	  0.009	  0.870	 -0.492
	  0.922	  0.183	  0.341

8 	  39.53	 -10.49	 -13.54
	  0.212	 -0.242	 -0.947
	 -0.977	 -0.075	 -0.199
	 -0.024	  0.967	 -0.251

9 	  38.76	  -9.93	 -25.15
	 -0.124	  0.094	 -0.988
	 -0.770	  0.618	  0.156
	  0.626	  0.780	 -0.007

2 	  33.17	  -8.23	  22.76
	  0.750	  0.658	 -0.067
	 -0.661	  0.749	 -0.031
	  0.031	  0.067	  0.997

3 	  43.22	  -0.90	  -3.18
	  0.730	  0.240	  0.639
	 -0.316	  0.948	  0.003
	 -0.608	 -0.203	  0.768

4 	  35.91	   5.89	  -5.12
	  0.443	  0.885	 -0.142
	 -0.261	  0.278	  0.924
	  0.858	 -0.373	  0.354

5 	  39.90	  11.83	   3.48
	  0.403	  0.576	  0.710
	 -0.171	 -0.717	  0.676
	  0.899	 -0.393	 -0.191

6 	  46.27	  17.84	   8.67
	  0.500	  0.525	  0.688
	 -0.825	  0.532	  0.190
	 -0.271	 -0.662	  0.698

7 	  34.73	  -5.31	  -6.63
	  0.384	 -0.453	 -0.804
	  0.012	  0.873	 -0.487
	  0.923	  0.177	  0.340

8 	  39.60	 -10.46	 -13.54
	  0.222	 -0.242	 -0.944
	 -0.975	 -0.073	 -0.210
	 -0.019	  0.968	 -0.252

9 	  39.01	 -10.04	 -25.12
	 -0.112	  0.085	 -0.990
	 -0.775	  0.616	  0.141
	  0.623	  0.782	 -0.006

2 	  33.17	  -8.23	  22.76
	  0.750	  0.658	 -0.067
	 -0.661	  0.749	 -0.031
	  0.031	  0.067	  0.997

3 	  43.21	  -0.91	  -3.15
	  0.732	  0.226	  0.643
	 -0.305	  0.952	  0.010
	 -0.612	 -0.203	  0.765

4 	  36.00	   6.01	  -5.06
	  0.454	  0.881	 -0.134
	 -0.258	  0.272	  0.927
	  0.853	 -0.386	  0.350

5 	  39.96	  11.76	   3.67
	  0.400	  0.555	  0.729
	 -0.194	 -0.728	  0.658
	  0.896	 -0.403	 -0.184

6 	  46.34	  17.56	   9.09
	  0.496	  0.505	  0.706
	 -0.819	  0.543	  0.183
	 -0.296	 -0.669	  0.682

7 	  34.52	  -5.08	  -6.64
	  0.369	 -0.449	 -0.813
	  0.022	  0.879	 -0.476
	  0.929	  0.157	  0.334

8 	  39.11	 -10.21	 -13.75
	  0.198	 -0.229	 -0.953
	 -0.980	 -0.045	 -0.193
	  0.000	  0.972	 -0.233

9 	  38.25	  -9.46	 -25.35
	 -0.139	  0.119	 -0.983
	 -0.758	  0.626	  0.184
	  0.638	  0.770	  0.001

2 	  33.17	  -8.23	  22.76
	  0.750	  0.658	 -0.067
	 -0.661	  0.749	 -0.031
	  0.031	  0.067	  0.997

3 	  43.10	  -0.83	  -3.20
	  0.741	  0.214	  0.636
	 -0.301	  0.953	  0.026
	 -0.602	 -0.210	  0.771

4 	  35.95	   6.19	  -4.92
	  0.462	  0.879	 -0.116
	 -0.258	  0.258	  0.931
	  0.849	 -0.400	  0.345

5 	  39.83	  11.60	   4.03
	  0.396	  0.526	  0.753
	 -0.217	 -0.744	  0.632
	  0.893	 -0.412	 -0.180

6 	  46.21	  17.10	   9.83
	  0.488	  0.469	  0.736
	 -0.808	  0.562	  0.175
	 -0.336	 -0.680	  0.651

7 	  34.58	  -5.08	  -6.68
	  0.375	 -0.449	 -0.811
	  0.024	  0.879	 -0.475
	  0.927	  0.159	  0.340

8 	  39.34	 -10.28	 -13.62
	  0.218	 -0.237	 -0.947
	 -0.976	 -0.035	 -0.215
	  0.017	  0.971	 -0.238

9 	  38.81	  -9.56	 -25.19
	 -0.114	  0.121	 -0.986
	 -0.755	  0.634	  0.166
	  0.646	  0.763	  0.017

2 	  33.17	  -8.23	  22.76
	  0.750	  0.658	 -0.067
	 -0.661	  0.749	 -0.031
	  0.031	  0.067	  0.997

3 	  43.26	  -0.88	  -3.11
	  0.726	  0.222	  0.651
	 -0.305	  0.952	  0.012
	 -0.619	 -0.205	  0.758

4 	  36.07	   6.05	  -4.99
	  0.456	  0.882	 -0.113
	 -0.278	  0.261	  0.924
	  0.846	 -0.390	  0.363

5 	  39.78	  11.58	   3.96
	  0.376	  0.538	  0.754
	 -0.222	 -0.739	  0.635
	  0.900	 -0.405	 -0.159

6 	  46.00	  17.19	   9.86
	  0.469	  0.479	  0.742
	 -0.817	  0.556	  0.155
	 -0.343	 -0.678	  0.651

7 	  34.82	  -5.27	  -6.66
	  0.390	 -0.465	 -0.795
	  0.035	  0.870	 -0.492
	  0.920	  0.164	  0.355

8 	  39.59	 -10.85	 -13.31
	  0.242	 -0.281	 -0.929
	 -0.967	  0.010	 -0.255
	  0.081	  0.960	 -0.269

9 	  39.52	 -10.78	 -24.79
	 -0.045	  0.068	 -0.997
	 -0.683	  0.726	  0.082
	  0.730	  0.683	  0.010

2 	  33.17	  -8.23	  22.76
	  0.750	  0.658	 -0.067
	 -0.661	  0.749	 -0.031
	  0.031	  0.067	  0.997

3 	  43.37	  -1.00	  -2.95
	  0.705	  0.227	  0.672
	 -0.287	  0.958	 -0.026
	 -0.650	 -0.173	  0.739

4 	  36.18	   5.94	  -5.03
	  0.454	  0.884	 -0.111
	 -0.292	  0.265	  0.919
	  0.842	 -0.385	  0.378

5 	  39.64	  11.44	   4.04
	  0.355	  0.538	  0.764
	 -0.228	 -0.744	  0.628
	  0.908	 -0.395	 -0.141

6 	  45.77	  17.03	  10.07
	  0.456	  0.475	  0.752
	 -0.819	  0.556	  0.142
	 -0.355	 -0.681	  0.641

7 	  34.86	  -5.50	  -6.52
	  0.399	 -0.520	 -0.755
	  0.091	  0.842	 -0.531
	  0.912	  0.143	  0.383

8 	  39.71	 -12.08	 -12.22
	  0.293	 -0.393	 -0.871
	 -0.938	  0.057	 -0.341
	  0.184	  0.917	 -0.352

9 	  40.87	 -13.57	 -23.22
	  0.092	 -0.066	 -0.994
	 -0.579	  0.808	 -0.105
	  0.812	  0.583	  0.033

2 	  33.17	  -8.23	  22.76
	  0.750	  0.658	 -0.067
	 -0.661	  0.749	 -0.031
	  0.031	  0.068	  0.997

3 	  43.42	  -1.27	  -2.71
	  0.680	  0.255	  0.686
	 -0.256	  0.961	 -0.106
	 -0.688	 -0.102	  0.718

4 	  36.19	   5.70	  -5.06
	  0.455	  0.884	 -0.107
	 -0.312	  0.270	  0.911
	  0.834	 -0.380	  0.398

5 	  39.32	  11.20	   4.08
	  0.323	  0.537	  0.779
	 -0.246	 -0.748	  0.616
	  0.915	 -0.389	 -0.110

6 	  45.28	  16.82	  10.35
	  0.428	  0.474	  0.769
	 -0.826	  0.551	  0.117
	 -0.372	 -0.685	  0.626

7 	  35.09	  -5.99	  -6.36
	  0.414	 -0.579	 -0.703
	  0.149	  0.804	 -0.575
	  0.898	  0.133	  0.420

8 	  40.34	 -13.32	 -10.81
	  0.366	 -0.510	 -0.779
	 -0.898	  0.024	 -0.438
	  0.243	  0.860	 -0.449

9 	  42.45	 -16.88	 -20.99
	  0.211	 -0.285	 -0.935
	 -0.475	  0.807	 -0.349
	  0.857	  0.514	  0.033

2 	  33.17	  -8.23	  22.76
	  0.750	  0.658	 -0.067
	 -0.661	  0.749	 -0.031
	  0.031	  0.067	  0.997

3 	  43.61	  -1.58	  -2.48
	  0.656	  0.280	  0.700
	 -0.229	  0.958	 -0.170
	 -0.720	 -0.048	  0.693

4 	  36.49	   5.47	  -5.20
	  0.456	  0.883	 -0.107
	 -0.337	  0.282	  0.898
	  0.824	 -0.374	  0.426

5 	  39.34	  11.07	   4.03
	  0.298	  0.543	  0.785
	 -0.256	 -0.748	  0.612
	  0.920	 -0.382	 -0.084

6 	  45.09	  16.82	  10.42
	  0.408	  0.480	  0.776
	 -0.834	  0.543	  0.099
	 -0.378	 -0.687	  0.620

7 	  35.16	  -6.22	  -6.22
	  0.423	 -0.625	 -0.656
	  0.206	  0.771	 -0.602
	  0.882	  0.119	  0.455

8 	  40.99	 -14.29	  -8.74
	  0.464	 -0.632	 -0.621
	 -0.821	 -0.042	 -0.569
	  0.334	  0.773	 -0.538

9 	  44.51	 -19.42	 -17.31
	  0.368	 -0.449	 -0.814
	 -0.366	  0.737	 -0.567
	  0.858	  0.502	  0.108

2 	  33.17	  -8.23	  22.76
	  0.750	  0.658	 -0.067
	 -0.661	  0.749	 -0.031
	  0.031	  0.067	  0.997

3 	  43.65	  -1.58	  -2.29
	  0.640	  0.308	  0.703
	 -0.210	  0.951	 -0.227
	 -0.739	 -0.002	  0.673

4 	  36.47	   5.48	  -5.15
	  0.462	  0.881	 -0.101
	 -0.343	  0.281	  0.896
	  0.818	 -0.380	  0.431

5 	  39.36	  10.92	   4.22
	  0.299	  0.524	  0.798
	 -0.267	 -0.758	  0.595
	  0.917	 -0.389	 -0.087

6 	  45.16	  16.47	  10.76
	  0.408	  0.462	  0.787
	 -0.828	  0.551	  0.103
	 -0.391	 -0.693	  0.606

7 	  35.44	  -6.63	  -5.99
	  0.450	 -0.671	 -0.589
	  0.258	  0.729	 -0.634
	  0.854	  0.134	  0.501

8 	  41.54	 -15.10	  -6.12
	  0.546	 -0.729	 -0.412
	 -0.715	 -0.148	 -0.683
	  0.438	  0.667	 -0.602

9 	  46.28	 -21.46	 -12.76
	  0.518	 -0.576	 -0.632
	 -0.178	  0.652	 -0.737
	  0.838	  0.491	  0.238

2 	  33.17	  -8.23	  22.76
	  0.750	  0.658	 -0.067
	 -0.661	  0.749	 -0.031
	  0.031	  0.067	  0.997

3 	  43.84	  -1.81	  -2.02
	  0.619	  0.335	  0.710
	 -0.182	  0.941	 -0.286
	 -0.765	  0.048	  0.642

4 	  36.86	   5.26	  -5.38
	  0.472	  0.876	 -0.101
	 -0.375	  0.302	  0.876
	  0.799	 -0.375	  0.470

5 	  39.41	  10.74	   4.06
	  0.270	  0.527	  0.806
	 -0.300	 -0.750	  0.589
	  0.916	 -0.399	 -0.044

6 	  45.00	  16.21	  10.90
	  0.381	  0.459	  0.802
	 -0.823	  0.564	  0.065
	 -0.427	 -0.685	  0.591

7 	  35.88	  -7.10	  -5.82
	  0.469	 -0.698	 -0.541
	  0.285	  0.698	 -0.656
	  0.836	  0.153	  0.526

8 	  41.52	 -15.82	  -4.69
	  0.551	 -0.789	 -0.270
	 -0.610	 -0.160	 -0.776
	  0.571	  0.592	 -0.568

9 	  47.06	 -22.61	 -10.05
	  0.631	 -0.624	 -0.460
	  0.163	  0.687	 -0.708
	  0.757	  0.371	  0.536

2 	  33.17	  -8.23	  22.76
	  0.750	  0.658	 -0.067
	 -0.661	  0.749	 -0.031
	  0.031	  0.067	  0.997

3 	  44.09	  -1.92	  -1.88
	  0.603	  0.338	  0.722
	 -0.169	  0.939	 -0.300
	 -0.780	  0.059	  0.623

4 	  37.18	   5.31	  -5.38
	  0.477	  0.875	 -0.081
	 -0.399	  0.297	  0.867
	  0.784	 -0.381	  0.490

5 	  39.50	  10.69	   4.25
	  0.254	  0.516	  0.818
	 -0.313	 -0.757	  0.573
	  0.916	 -0.401	 -0.031

6 	  44.98	  16.08	  11.20
