2 	  32.59	   5.08	  22.97
	  0.771	 -0.632	 -0.084
	  0.631	  0.775	 -0.033
	  0.086	 -0.028	  0.996

3 	  45.93	  -0.44	   1.92
	  0.394	 -0.152	  0.906
	 -0.027	  0.984	  0.176
	 -0.919	 -0.094	  0.383

4 	  42.03	   6.08	  -2.71
	  0.654	  0.728	  0.203
	 -0.739	  0.559	  0.376
	  0.160	 -0.396	  0.904

5 	  39.23	   8.47	   8.88
	  0.169	  0.154	  0.973
	 -0.382	 -0.900	  0.209
	  0.908	 -0.407	 -0.094

6 	  42.80	  10.41	  18.83
	  0.171	  0.035	  0.984
	 -0.878	  0.458	  0.136
	 -0.447	 -0.888	  0.109

7 	  30.29	  -5.13	  29.07
	 -0.312	  0.143	  0.939
	 -0.836	 -0.511	 -0.200
	  0.451	 -0.848	  0.279

8 	  31.36	  -4.43	  28.34
	 -0.083	  0.379	  0.921
	 -0.176	 -0.916	  0.361
	  0.981	 -0.132	  0.143

9 	  30.08	  -4.94	  30.92
	 -0.309	 -0.017	  0.951
	  0.106	 -0.994	  0.016
	  0.945	  0.106	  0.309

2 	  32.57	   5.10	  22.97
	  0.771	 -0.631	 -0.084
	  0.631	  0.775	 -0.033
	  0.086	 -0.028	  0.996

3 	  45.95	  -0.40	   1.90
	  0.395	 -0.153	  0.906
	 -0.029	  0.983	  0.179
	 -0.918	 -0.097	  0.384

4 	  42.03	   6.12	  -2.72
	  0.653	  0.729	  0.203
	 -0.740	  0.558	  0.376
	  0.160	 -0.396	  0.904

5 	  39.23	   8.51	   8.86
	  0.167	  0.152	  0.974
	 -0.380	 -0.902	  0.205
	  0.910	 -0.404	 -0.093

6 	  42.80	  10.42	  18.83
	  0.171	  0.035	  0.984
	 -0.879	  0.457	  0.136
	 -0.445	 -0.889	  0.108

7 	  30.29	  -5.13	  29.09
	 -0.313	  0.143	  0.939
	 -0.836	 -0.511	 -0.201
	  0.451	 -0.848	  0.279

8 	  31.36	  -4.43	  28.35
	 -0.084	  0.380	  0.921
	 -0.177	 -0.916	  0.361
	  0.980	 -0.132	  0.144

9 	  30.08	  -4.94	  30.92
	 -0.309	 -0.017	  0.951
	  0.105	 -0.994	  0.016
	  0.945	  0.105	  0.309

2 	  32.59	   5.10	  22.97
	  0.771	 -0.631	 -0.084
	  0.631	  0.775	 -0.033
	  0.086	 -0.028	  0.996

3 	  45.97	  -0.37	   1.88
	  0.395	 -0.156	  0.905
	 -0.032	  0.982	  0.183
	 -0.918	 -0.101	  0.383

4 	  42.03	   6.12	  -2.71
	  0.653	  0.729	  0.203
	 -0.740	  0.557	  0.377
	  0.161	 -0.397	  0.903

5 	  39.23	   8.49	   8.88
	  0.156	  0.149	  0.976
	 -0.376	 -0.905	  0.198
	  0.913	 -0.398	 -0.086

6 	  42.80	  10.41	  18.84
	  0.170	  0.034	  0.985
	 -0.881	  0.453	  0.136
	 -0.442	 -0.891	  0.107

7 	  30.29	  -5.12	  29.07
	 -0.313	  0.143	  0.939
	 -0.836	 -0.511	 -0.200
	  0.451	 -0.847	  0.279

8 	  31.36	  -4.41	  28.35
	 -0.084	  0.380	  0.921
	 -0.176	 -0.916	  0.361
	  0.981	 -0.131	  0.144

9 	  30.09	  -4.94	  30.90
	 -0.309	 -0.017	  0.951
	  0.106	 -0.994	  0.016
	  0.945	  0.106	  0.309

2 	  32.59	   5.08	  22.97
	  0.770	 -0.632	 -0.084
	  0.631	  0.775	 -0.032
	  0.085	 -0.028	  0.996

3 	  46.00	  -0.37	   1.83
	  0.398	 -0.160	  0.903
	 -0.032	  0.981	  0.188
	 -0.917	 -0.104	  0.385

4 	  42.05	   6.15	  -2.71
	  0.652	  0.730	  0.203
	 -0.740	  0.555	  0.379
	  0.164	 -0.397	  0.903

5 	  39.30	   8.51	   8.84
	  0.144	  0.146	  0.978
	 -0.379	 -0.905	  0.191
	  0.914	 -0.398	 -0.076

6 	  42.80	  10.46	  18.88
	  0.167	  0.037	  0.985
	 -0.888	  0.439	  0.134
	 -0.427	 -0.898	  0.106

7 	  30.29	  -5.13	  29.07
	 -0.312	  0.143	  0.939
	 -0.836	 -0.511	 -0.200
	  0.451	 -0.848	  0.279

8 	  31.34	  -4.43	  28.35
	 -0.084	  0.380	  0.921
	 -0.177	 -0.916	  0.361
	  0.981	 -0.132	  0.144

9 	  30.08	  -4.96	  30.90
	 -0.309	 -0.018	  0.951
	  0.105	 -0.994	  0.016
	  0.945	  0.105	  0.309

2 	  32.59	   5.10	  22.97
	  0.771	 -0.631	 -0.084
	  0.631	  0.775	 -0.033
	  0.085	 -0.028	  0.996

3 	  46.09	  -0.35	   1.85
	  0.398	 -0.163	  0.902
	 -0.032	  0.981	  0.191
	 -0.917	 -0.105	  0.385

4 	  42.13	   6.26	  -2.55
	  0.652	  0.720	  0.236
	 -0.741	  0.541	  0.397
	  0.158	 -0.434	  0.886

5 	  39.69	   8.30	   9.11
	  0.157	  0.154	  0.975
	 -0.342	 -0.918	  0.200
	  0.926	 -0.365	 -0.092

6 	  43.49	  10.63	  18.88
	  0.213	  0.065	  0.975
	 -0.924	  0.337	  0.179
	 -0.317	 -0.939	  0.132

7 	  30.29	  -5.13	  29.07
	 -0.313	  0.143	  0.939
	 -0.836	 -0.511	 -0.201
	  0.451	 -0.848	  0.279

8 	  31.34	  -4.43	  28.35
	 -0.085	  0.380	  0.921
	 -0.177	 -0.916	  0.361
	  0.980	 -0.132	  0.144

9 	  30.09	  -4.94	  30.90
	 -0.309	 -0.018	  0.951
	  0.106	 -0.994	  0.016
	  0.945	  0.105	  0.308

2 	  32.59	   5.08	  22.97
	  0.771	 -0.632	 -0.084
	  0.631	  0.775	 -0.033
	  0.086	 -0.028	  0.996

3 	  46.11	  -0.33	   1.86
	  0.399	 -0.164	  0.902
	 -0.032	  0.980	  0.193
	 -0.916	 -0.106	  0.386

4 	  42.15	   6.22	  -2.48
	  0.658	  0.711	  0.246
	 -0.737	  0.543	  0.401
	  0.151	 -0.446	  0.882

5 	  40.69	   8.79	   9.35
	  0.277	  0.176	  0.944
	 -0.373	 -0.886	  0.274
	  0.885	 -0.428	 -0.181

6 	  45.54	  11.23	  18.56
	  0.308	  0.084	  0.948
	 -0.878	  0.408	  0.249
	 -0.366	 -0.909	  0.199

7 	  30.29	  -5.12	  29.07
	 -0.313	  0.143	  0.939
	 -0.836	 -0.511	 -0.200
	  0.451	 -0.848	  0.279

8 	  31.34	  -4.43	  28.35
	 -0.084	  0.379	  0.921
	 -0.177	 -0.916	  0.361
	  0.980	 -0.132	  0.144

9 	  30.08	  -4.94	  30.90
	 -0.309	 -0.017	  0.951
	  0.106	 -0.994	  0.016
	  0.945	  0.106	  0.309

2 	  32.59	   5.08	  22.97
	  0.771	 -0.632	 -0.084
	  0.631	  0.775	 -0.033
	  0.085	 -0.028	  0.996

3 	  46.00	  -0.37	   1.92
	  0.395	 -0.163	  0.904
	 -0.027	  0.982	  0.188
	 -0.918	 -0.099	  0.384

4 	  42.08	   6.17	  -2.44
	  0.690	  0.685	  0.235
	 -0.709	  0.572	  0.412
	  0.147	 -0.451	  0.880

5 	  42.35	   9.09	   9.32
	  0.446	  0.197	  0.873
	 -0.353	 -0.858	  0.374
	  0.822	 -0.475	 -0.313

6 	  48.64	  11.62	  17.30
	  0.451	  0.112	  0.885
	 -0.806	  0.478	  0.349
	 -0.384	 -0.871	  0.305

7 	  30.29	  -5.12	  29.07
	 -0.313	  0.143	  0.939
	 -0.836	 -0.511	 -0.201
	  0.451	 -0.848	  0.280

8 	  31.36	  -4.43	  28.35
	 -0.083	  0.379	  0.921
	 -0.176	 -0.916	  0.361
	  0.981	 -0.132	  0.143

9 	  30.08	  -4.94	  30.90
	 -0.309	 -0.017	  0.951
	  0.106	 -0.994	  0.016
	  0.945	  0.106	  0.309

2 	  32.59	   5.08	  22.97
	  0.771	 -0.632	 -0.084
	  0.631	  0.775	 -0.033
	  0.085	 -0.028	  0.996

3 	  45.79	  -0.44	   1.90
	  0.387	 -0.163	  0.907
	 -0.012	  0.983	  0.182
	 -0.922	 -0.081	  0.379

4 	  42.03	   6.12	  -2.50
	  0.730	  0.651	  0.204
	 -0.665	  0.611	  0.428
	  0.154	 -0.449	  0.880

5 	  44.26	   9.33	   8.96
	  0.623	  0.195	  0.757
	 -0.306	 -0.830	  0.466
	  0.719	 -0.522	 -0.458

6 	  51.80	  11.87	  15.35
	  0.610	  0.127	  0.781
	 -0.708	  0.531	  0.466
	 -0.356	 -0.838	  0.414

7 	  30.29	  -5.13	  29.07
	 -0.313	  0.143	  0.939
	 -0.836	 -0.511	 -0.201
	  0.451	 -0.848	  0.279

8 	  31.32	  -4.43	  28.35
	 -0.084	  0.379	  0.921
	 -0.177	 -0.916	  0.361
	  0.980	 -0.132	  0.144

9 	  30.08	  -4.92	  30.90
	 -0.309	 -0.017	  0.951
	  0.106	 -0.994	  0.017
	  0.945	  0.106	  0.308

2 	  32.57	   5.08	  22.97
	  0.771	 -0.632	 -0.083
	  0.631	  0.775	 -0.032
	  0.085	 -0.028	  0.996

3 	  45.56	  -0.47	   1.88
	  0.380	 -0.162	  0.911
	 -0.002	  0.984	  0.175
	 -0.925	 -0.068	  0.374

4 	  41.98	   6.05	  -2.58
	  0.772	  0.616	  0.158
	 -0.610	  0.648	  0.456
	  0.178	 -0.448	  0.876

5 	  46.11	   9.00	   8.05
	  0.781	  0.172	  0.599
	 -0.211	 -0.832	  0.514
	  0.587	 -0.528	 -0.614

6 	  54.51	  11.36	  12.52
	  0.757	  0.118	  0.643
	 -0.582	  0.570	  0.580
	 -0.298	 -0.813	  0.500

7 	  30.29	  -5.13	  29.09
	 -0.313	  0.143	  0.939
	 -0.836	 -0.511	 -0.201
	  0.451	 -0.848	  0.279

8 	  31.34	  -4.41	  28.35
	 -0.084	  0.380	  0.921
	 -0.176	 -0.916	  0.361
	  0.981	 -0.132	  0.144

9 	  30.08	  -4.94	  30.90
	 -0.309	 -0.018	  0.951
	  0.106	 -0.994	  0.016
	  0.945	  0.105	  0.309

2 	  32.57	   5.10	  22.97
	  0.771	 -0.631	 -0.084
	  0.631	  0.775	 -0.033
	  0.085	 -0.028	  0.996

3 	  45.40	  -0.51	   1.78
	  0.380	 -0.159	  0.911
	  0.006	  0.985	  0.170
	 -0.925	 -0.059	  0.375

4 	  41.85	   5.91	  -2.78
	  0.809	  0.578	  0.101
	 -0.550	  0.687	  0.474
	  0.204	 -0.440	  0.874

5 	  47.58	   8.77	   6.59
	  0.893	  0.133	  0.428
	 -0.149	 -0.812	  0.564
	  0.423	 -0.568	 -0.706

6 	  56.65	  10.85	   9.18
	  0.874	  0.090	  0.478
	 -0.421	  0.631	  0.651
	 -0.243	 -0.771	  0.589

7 	  30.29	  -5.12	  29.07
	 -0.313	  0.143	  0.939
	 -0.836	 -0.511	 -0.200
	  0.451	 -0.848	  0.279

8 	  31.36	  -4.43	  28.35
	 -0.084	  0.380	  0.921
	 -0.177	 -0.916	  0.361
	  0.981	 -0.132	  0.144

9 	  30.09	  -4.94	  30.92
	 -0.309	 -0.017	  0.951
	  0.105	 -0.994	  0.016
	  0.945	  0.105	  0.309

2 	  32.57	   5.10	  22.97
	  0.771	 -0.631	 -0.084
	  0.631	  0.775	 -0.033
	  0.085	 -0.028	  0.996

3 	  45.19	  -0.53	   1.72
	  0.378	 -0.158	  0.912
	  0.013	  0.986	  0.166
	 -0.926	 -0.051	  0.375

4 	  41.68	   5.75	  -2.94
	  0.839	  0.542	  0.045
	 -0.494	  0.724	  0.480
	  0.228	 -0.426	  0.876

5 	  48.48	   8.61	   5.06
	  0.954	  0.104	  0.279
	 -0.098	 -0.776	  0.623
	  0.281	 -0.622	 -0.731

6 	  57.73	  10.07	   5.68
	  0.945	  0.064	  0.320
	 -0.268	  0.714	  0.646
	 -0.187	 -0.697	  0.692

7 	  30.29	  -5.13	  29.07
	 -0.312	  0.143	  0.939
	 -0.836	 -0.511	 -0.200
	  0.451	 -0.848	  0.279

8 	  31.36	  -4.43	  28.34
	 -0.083	  0.379	  0.921
	 -0.176	 -0.916	  0.361
	  0.981	 -0.132	  0.143

9 	  30.09	  -4.96	  30.90
	 -0.308	 -0.018	  0.951
	  0.105	 -0.994	  0.016
	  0.945	  0.105	  0.308

2 	  32.59	   5.10	  22.97
	  0.771	 -0.631	 -0.084
	  0.631	  0.775	 -0.033
	  0.086	 -0.028	  0.996

3 	  44.98	  -0.58	   1.69
	  0.377	 -0.160	  0.912
	  0.018	  0.986	  0.165
	 -0.926	 -0.046	  0.374

4 	  41.47	   5.57	  -3.18
	  0.862	  0.506	 -0.025
	 -0.436	  0.766	  0.472
	  0.258	 -0.396	  0.881

5 	  49.24	   8.44	   3.41
	  0.989	  0.068	  0.127
	 -0.038	 -0.728	  0.685
	  0.139	 -0.682	 -0.718

6 	  58.54	   9.49	   2.21
	  0.987	  0.032	  0.159
	 -0.123	  0.791	  0.599
	 -0.106	 -0.611	  0.784

7 	  30.29	  -5.12	  29.07
	 -0.312	  0.143	  0.939
	 -0.836	 -0.511	 -0.200
	  0.451	 -0.848	  0.279

8 	  31.36	  -4.45	  28.35
	 -0.084	  0.379	  0.921
	 -0.177	 -0.916	  0.360
	  0.980	 -0.133	  0.144

9 	  30.09	  -4.96	  30.90
	 -0.309	 -0.017	  0.951
	  0.105	 -0.994	  0.016
	  0.945	  0.105	  0.309

2 	  32.57	   5.08	  22.99
	  0.771	 -0.632	 -0.084
	  0.631	  0.775	 -0.032
	  0.085	 -0.028	  0.996

3 	  44.84	  -0.56	   1.58
	  0.386	 -0.155	  0.909
	  0.019	  0.987	  0.160
	 -0.922	 -0.045	  0.384

4 	  41.22	   5.40	  -3.41
	  0.869	  0.483	 -0.103
	 -0.395	  0.804	  0.443
	  0.297	 -0.345	  0.890

5 	  49.41	   8.28	   1.76
	  0.999	  0.041	 -0.020
	  0.042	 -0.699	  0.714
	  0.015	 -0.714	 -0.700

6 	  58.43	   8.70	  -1.12
	  1.000	  0.002	 -0.002
	 -0.001	  0.835	  0.550
	  0.002	 -0.550	  0.835

7 	  30.29	  -5.12	  29.07
	 -0.313	  0.143	  0.939
	 -0.836	 -0.511	 -0.201
	  0.451	 -0.848	  0.279

8 	  31.36	  -4.43	  28.34
	 -0.083	  0.379	  0.921
	 -0.176	 -0.916	  0.361
	  0.981	 -0.132	  0.143

9 	  30.08	  -4.96	  30.90
	 -0.309	 -0.017	  0.951
	  0.105	 -0.994	  0.016
	  0.945	  0.105	  0.309

2 	  32.57	   5.10	  22.97
	  0.771	 -0.631	 -0.084
	  0.631	  0.775	 -0.033
	  0.086	 -0.028	  0.996

3 	  44.72	  -0.49	   1.44
	  0.396	 -0.148	  0.906
	  0.013	  0.988	  0.155
	 -0.918	 -0.050	  0.393

4 	  40.96	   5.20	  -3.66
	  0.869	  0.458	 -0.185
	 -0.358	  0.842	  0.403
	  0.340	 -0.285	  0.896

5 	  49.54	   8.17	  -0.12
	  0.986	  0.012	 -0.165
	  0.134	 -0.647	  0.751
	 -0.098	 -0.762	 -0.639

6 	  58.01	   8.05	  -4.71
	  0.983	 -0.032	 -0.177
	  0.115	  0.870	  0.479
	  0.139	 -0.492	  0.859

7 	  30.29	  -5.12	  29.07
	 -0.313	  0.143	  0.939
	 -0.836	 -0.511	 -0.201
	  0.451	 -0.848	  0.279

8 	  31.34	  -4.43	  28.35
	 -0.084	  0.379	  0.921
	 -0.177	 -0.916	  0.361
	  0.980	 -0.132	  0.144

9 	  30.09	  -4.94	  30.88
	 -0.308	 -0.018	  0.951
	  0.105	 -0.994	  0.016
	  0.945	  0.105	  0.308

2 	  32.59	   5.08	  22.97
	  0.771	 -0.632	 -0.084
	  0.631	  0.775	 -0.033
	  0.085	 -0.028	  0.996

3 	  44.63	  -0.44	   1.34
	  0.404	 -0.141	  0.904
	  0.006	  0.988	  0.151
	 -0.915	 -0.056	  0.400

4 	  40.66	   5.01	  -3.88
	  0.863	  0.431	 -0.262
	 -0.327	  0.873	  0.361
	  0.384	 -0.226	  0.895

5 	  49.34	   7.89	  -1.88
	  0.952	 -0.028	 -0.303
	  0.227	 -0.598	  0.769
	 -0.203	 -0.801	 -0.563

6 	  56.78	   7.15	  -8.33
	  0.931	 -0.077	 -0.356
	  0.215	  0.905	  0.367
	  0.293	 -0.419	  0.859

7 	  30.29	  -5.12	  29.07
	 -0.313	  0.143	  0.939
	 -0.836	 -0.511	 -0.201
	  0.451	 -0.848	  0.279

8 	  31.36	  -4.43	  28.34
	 -0.084	  0.379	  0.921
	 -0.176	 -0.916	  0.360
	  0.981	 -0.132	  0.143

9 	  30.09	  -4.96	  30.90
	 -0.308	 -0.018	  0.951
	  0.106	 -0.994	  0.016
	  0.945	  0.105	  0.308

2 	  32.59	   5.08	  22.97
	  0.771	 -0.631	 -0.084
	  0.631	  0.775	 -0.033
	  0.086	 -0.028	  0.996

3 	  44.56	  -0.42	   1.20
	  0.420	 -0.127	  0.899
	 -0.001	  0.990	  0.140
	 -0.908	 -0.060	  0.415

4 	  40.41	   4.76	  -4.06
	  0.849	  0.401	 -0.343
	 -0.302	  0.902	  0.307
	  0.433	 -0.158	  0.887

5 	  48.78	   7.68	  -4.32
	  0.879	 -0.079	 -0.470
	  0.384	 -0.465	  0.798
	 -0.282	 -0.882	 -0.378

6 	  54.91	   5.96	 -12.30
	  0.828	 -0.141	 -0.543
	  0.274	  0.946	  0.172
	  0.489	 -0.292	  0.822

7 	  30.29	  -5.13	  29.07
	 -0.313	  0.143	  0.939
	 -0.836	 -0.511	 -0.201
	  0.451	 -0.848	  0.279

8 	  31.36	  -4.43	  28.35
	 -0.084	  0.379	  0.921
	 -0.176	 -0.916	  0.361
	  0.981	 -0.132	  0.143

9 	  30.09	  -4.94	  30.90
	 -0.308	 -0.017	  0.951
	  0.106	 -0.994	  0.016
	  0.945	  0.106	  0.308

2 	  32.59	   5.08	  22.97
	  0.771	 -0.632	 -0.084
	  0.631	  0.775	 -0.033
	  0.086	 -0.028	  0.996

3 	  44.58	  -0.37	   1.09
	  0.436	 -0.120	  0.891
	 -0.009	  0.990	  0.137
	 -0.900	 -0.068	  0.431

4 	  40.11	   4.50	  -4.25
	  0.824	  0.391	 -0.410
	 -0.301	  0.915	  0.268
	  0.480	 -0.098	  0.872

5 	  47.74	   7.52	  -6.17
	  0.769	 -0.111	 -0.629
	  0.535	 -0.427	  0.729
	 -0.349	 -0.898	 -0.269

6 	  51.96	   5.22	 -15.82
	  0.656	 -0.190	 -0.730
	  0.353	  0.932	  0.075
	  0.667	 -0.307	  0.679

7 	  30.29	  -5.13	  29.07
	 -0.312	  0.143	  0.939
	 -0.836	 -0.511	 -0.200
	  0.451	 -0.848	  0.279

8 	  31.34	  -4.43	  28.35
	 -0.084	  0.379	  0.921
	 -0.177	 -0.916	  0.361
	  0.981	 -0.132	  0.144

9 	  30.08	  -4.96	  30.90
	 -0.309	 -0.018	  0.951
	  0.105	 -0.994	  0.016
	  0.945	  0.105	  0.309

2 	  32.59	   5.10	  22.97
	  0.771	 -0.631	 -0.084
	  0.631	  0.775	 -0.033
	  0.086	 -0.028	  0.996

3 	  44.58	  -0.30	   0.86
	  0.469	 -0.116	  0.875
	 -0.019	  0.990	  0.141
	 -0.883	 -0.083	  0.462

4 	  39.57	   4.27	  -4.41
	  0.765	  0.402	 -0.503
	 -0.323	  0.915	  0.241
	  0.557	 -0.023	  0.830

5 	  46.46	   7.14	  -7.91
	  0.629	 -0.136	 -0.766
	  0.662	 -0.422	  0.619
	 -0.407	 -0.896	 -0.176

6 	  48.74	   4.41	 -18.49
	  0.460	 -0.246	 -0.853
	  0.425	  0.904	 -0.031
	  0.779	 -0.349	  0.520

7 	  30.29	  -5.13	  29.07
	 -0.312	  0.143	  0.939
	 -0.836	 -0.511	 -0.200
	  0.451	 -0.848	  0.279

8 	  31.36	  -4.43	  28.35
	 -0.084	  0.380	  0.921
	 -0.176	 -0.916	  0.361
	  0.981	 -0.132	  0.144

9 	  30.09	  -4.94	  30.90
	 -0.308	 -0.017	  0.951
	  0.106	 -0.994	  0.016
	  0.945	  0.106	  0.308

2 	  32.57	   5.08	  22.96
	  0.771	 -0.632	 -0.084
	  0.631	  0.775	 -0.033
	  0.085	 -0.028	  0.996

3 	  44.51	  -0.21	   0.56
	  0.495	 -0.106	  0.862
	 -0.038	  0.989	  0.143
	 -0.868	 -0.103	  0.485

4 	  38.92	   3.96	  -4.54
	  0.686	  0.425	 -0.590
	 -0.360	  0.903	  0.232
	  0.632	  0.053	  0.773

5 	  44.98	   6.91	  -9.35
	  0.504	 -0.150	 -0.851
	  0.774	 -0.358	  0.522
	 -0.383	 -0.922	 -0.064

6 	  45.67	   3.74	 -20.04
	  0.295	 -0.293	 -0.910
	  0.413	  0.897	 -0.155
	  0.861	 -0.330	  0.386

7 	  30.29	  -5.13	  29.07
	 -0.312	  0.143	  0.939
	 -0.836	 -0.511	 -0.200
	  0.451	 -0.848	  0.279

8 	  31.36	  -4.43	  28.34
	 -0.083	  0.379	  0.921
	 -0.176	 -0.916	  0.361
	  0.981	 -0.132	  0.143

9 	  30.09	  -4.94	  30.90
	 -0.308	 -0.017	  0.951
	  0.105	 -0.994	  0.016
	  0.945	  0.105	  0.308

2 	  32.59	   5.08	  22.97
	  0.771	 -0.632	 -0.084
	  0.631	  0.775	 -0.032
	  0.085	 -0.028	  0.996

3 	  44.44	  -0.14	   0.26
	  0.509	 -0.103	  0.854
	 -0.046	  0.988	  0.146
	 -0.859	 -0.114	  0.498

4 	  38.43	   3.73	  -4.59
	  0.602	  0.453	 -0.657
	 -0.394	  0.884	  0.249
	  0.694	  0.109	  0.712

5 	  43.61	   6.87	 -10.20
	  0.399	 -0.138	 -0.906
	  0.860	 -0.284	  0.422
	 -0.316	 -0.949	  0.006

6 	  43.05	   3.16	 -20.87
	  0.142	 -0.350	 -0.926
	  0.387	  0.881	 -0.273
	  0.911	 -0.319	  0.260

7 	  30.29	  -5.12	  29.07
	 -0.313	  0.143	  0.939
	 -0.836	 -0.511	 -0.201
	  0.451	 -0.848	  0.279

8 	  31.36	  -4.43	  28.34
	 -0.083	  0.379	  0.921
	 -0.176	 -0.916	  0.361
	  0.981	 -0.132	  0.143

9 	  30.09	  -4.92	  30.90
	 -0.309	 -0.017	  0.951
	  0.106	 -0.994	  0.017
	  0.945	  0.106	  0.308

2 	  32.59	   5.08	  22.97
	  0.771	 -0.631	 -0.084
	  0.631	  0.775	 -0.033
	  0.085	 -0.028	  0.996

3 	  44.38	  -0.12	   0.00
	  0.531	 -0.112	  0.839
	 -0.039	  0.987	  0.156
	 -0.846	 -0.116	  0.520

4 	  38.09	   3.45	  -4.62
	  0.531	  0.465	 -0.707
	 -0.410	  0.872	  0.266
	  0.741	  0.148	  0.655

5 	  42.71	   6.86	 -10.72
	  0.309	 -0.125	 -0.943
	  0.908	 -0.256	  0.332
	 -0.282	 -0.959	  0.034

6 	  40.96	   2.88	 -21.34
	  0.020	 -0.380	 -0.925
	  0.397	  0.851	 -0.342
	  0.917	 -0.361	  0.168

7 	  30.29	  -5.13	  29.07
	 -0.312	  0.143	  0.939
	 -0.836	 -0.511	 -0.200
	  0.451	 -0.848	  0.279

8 	  31.34	  -4.43	  28.35
	 -0.084	  0.379	  0.921
	 -0.177	 -0.916	  0.361
	  0.980	 -0.132	  0.144

9 	  30.08	  -4.96	  30.90
	 -0.309	 -0.018	  0.951
	  0.105	 -0.994	  0.016
	  0.945	  0.105	  0.309

2 	  32.57	   5.10	  22.97
	  0.771	 -0.631	 -0.084
	  0.631	  0.775	 -0.033
	  0.085	 -0.028	  0.996

3 	  44.37	  -0.19	  -0.23
	  0.549	 -0.125	  0.826
	 -0.022	  0.986	  0.164
	 -0.836	 -0.109	  0.538

4 	  37.93	   3.34	  -4.68
	  0.469	  0.483	 -0.739
	 -0.427	  0.856	  0.289
	  0.773	  0.180	  0.608

5 	  41.98	   6.94	 -11.06
	  0.241	 -0.102	 -0.965
	  0.945	 -0.203	  0.257
	 -0.222	 -0.974	  0.047

6 	  39.55	   2.65	 -21.38
	 -0.072	 -0.422	 -0.904
	  0.400	  0.818	 -0.413
	  0.913	 -0.392	  0.110

7 	  30.29	  -5.13	  29.07
	 -0.313	  0.143	  0.939
	 -0.836	 -0.511	 -0.201
	  0.451	 -0.848	  0.279

8 	  31.32	  -4.43	  28.35
	 -0.084	  0.379	  0.921
	 -0.177	 -0.916	  0.361
	  0.981	 -0.132	  0.144

9 	  30.08	  -4.94	  30.92
	 -0.309	 -0.017	  0.951
	  0.105	 -0.994	  0.016
	  0.945	  0.105	  0.309

2 	  32.57	   5.10	  22.97
	  0.771	 -0.631	 -0.084
	  0.631	  0.775	 -0.033
	  0.085	 -0.028	  0.996

3 	  44.42	  -0.25	  -0.39
	  0.562	 -0.136	  0.815
	 -0.007	  0.985	  0.169
	 -0.827	 -0.101	  0.553

4 	  37.81	   3.22	  -4.69
	  0.431	  0.490	 -0.757
	 -0.441	  0.847	  0.297
	  0.787	  0.206	  0.581

5 	  41.47	   7.03	 -11.21
	  0.198	 -0.089	 -0.976
	  0.963	 -0.167	  0.210
	 -0.182	 -0.982	  0.052

6 	  38.72	   2.60	 -21.50
	 -0.116	 -0.427	 -0.897
	  0.401	  0.806	 -0.436
	  0.909	 -0.410	  0.078

7 	  30.29	  -5.13	  29.07
	 -0.312	  0.143	  0.939
	 -0.836	 -0.511	 -0.200
	  0.451	 -0.848	  0.279

8 	  31.34	  -4.43	  28.35
	 -0.084	  0.379	  0.921
	 -0.177	 -0.916	  0.361
	  0.980	 -0.132	  0.144

9 	  30.08	  -4.96	  30.90
	 -0.309	 -0.018	  0.951
	  0.105	 -0.994	  0.016
	  0.945	  0.105	  0.309

2 	  32.57	   5.10	  22.97
	  0.771	 -0.632	 -0.084
	  0.631	  0.775	 -0.033
	  0.086	 -0.028	  0.996

3 	  44.40	  -0.30	  -0.44
	  0.567	 -0.140	  0.812
	  0.000	  0.985	  0.169
	 -0.824	 -0.096	  0.559

4 	  37.79	   3.15	  -4.75
	  0.406	  0.495	 -0.768
	 -0.450	  0.839	  0.303
	  0.795	  0.222	  0.565

5 	  41.20	   7.07	 -11.30
	  0.173	 -0.076	 -0.982
	  0.972	 -0.149	  0.183
	 -0.160	 -0.986	  0.048

6 	  38.37	   2.74	 -21.55
	 -0.135	 -0.420	 -0.898
	  0.413	  0.799	 -0.436
	  0.900	 -0.430	  0.066

7 	  30.29	  -5.12	  29.07
	 -0.313	  0.143	  0.939
	 -0.836	 -0.511	 -0.201
	  0.451	 -0.848	  0.279

8 	  31.34	  -4.43	  28.34
	 -0.084	  0.379	  0.921
	 -0.177	 -0.916	  0.361
	  0.980	 -0.132	  0.144

9 	  30.09	  -4.96	  30.90
	 -0.309	 -0.018	  0.951
	  0.105	 -0.994	  0.016
	  0.945	  0.105	  0.308

2 	  32.57	   5.10	  22.97
	  0.771	 -0.631	 -0.084
	  0.631	  0.775	 -0.033
	  0.085	 -0.028	  0.996

3 	  44.46	  -0.35	  -0.51
	  0.573	 -0.146	  0.806
	  0.009	  0.985	  0.171
	 -0.819	 -0.091	  0.566

4 	  37.81	   3.09	  -4.76
	  0.392	  0.498	 -0.773
	 -0.454	  0.836	  0.309
	  0.800	  0.230	  0.554

5 	  41.06	   7.15	 -11.37
	  0.155	 -0.058	 -0.986
	  0.977	 -0.141	  0.162
	 -0.148	 -0.988	  0.035

6 	  37.97	   3.29	 -21.67
	 -0.158	 -0.385	 -0.909
	  0.467	  0.782	 -0.412
	  0.870	 -0.490	  0.056

7 	  30.29	  -5.13	  29.07
	 -0.313	  0.143	  0.939
	 -0.836	 -0.510	 -0.201
	  0.451	 -0.848	  0.279

8 	  31.34	  -4.43	  28.35
	 -0.084	  0.380	  0.921
	 -0.177	 -0.916	  0.361
	  0.981	 -0.132	  0.144

9 	  30.09	  -4.96	  30.90
	 -0.309	 -0.018	  0.951
	  0.105	 -0.994	  0.016
	  0.945	  0.105	  0.308

2 	  32.57	   5.10	  22.97
	  0.771	 -0.631	 -0.084
	  0.631	  0.775	 -0.033
	  0.085	 -0.028	  0.996

3 	  44.51	  -0.40	  -0.60
	  0.579	 -0.148	  0.801
	  0.013	  0.985	  0.172
	 -0.815	 -0.089	  0.572

4 	  37.83	   3.02	  -4.78
	  0.373	  0.506	 -0.778
	 -0.463	  0.828	  0.317
	  0.804	  0.241	  0.543

5 	  40.83	   7.35	 -11.37
	  0.131	 -0.034	 -0.991
	  0.983	 -0.123	  0.134
	 -0.127	 -0.992	  0.017

6 	  37.63	   3.59	 -21.69
	 -0.173	 -0.374	 -0.911
	  0.473	  0.780	 -0.410
	  0.864	 -0.502	  0.041

7 	  30.29	  -5.12	  29.07
	 -0.313	  0.143	  0.939
	 -0.836	 -0.511	 -0.201
	  0.451	 -0.848	  0.279

8 	  31.36	  -4.43	  28.35
	 -0.084	  0.380	  0.921
	 -0.176	 -0.916	  0.361
	  0.981	 -0.132	  0.144

9 	  30.09	  -4.94	  30.90
	 -0.308	 -0.017	  0.951
	  0.105	 -0.994	  0.016
	  0.945	  0.105	  0.308

2 	  32.59	   5.10	  22.97
	  0.771	 -0.631	 -0.084
	  0.631	  0.775	 -0.033
	  0.086	 -0.028	  0.996

3 	  44.63	  -0.42	  -0.69
	  0.585	 -0.152	  0.796
	  0.019	  0.984	  0.174
	 -0.811	 -0.087	  0.579

4 	  37.90	   3.02	  -4.78
	  0.360	  0.510	 -0.781
	 -0.466	  0.823	  0.323
	  0.808	  0.247	  0.534

5 	  40.80	   7.49	 -11.32
	  0.117	 -0.018	 -0.993
	  0.985	 -0.119	  0.119
	 -0.121	 -0.993	  0.003

6 	  37.48	   4.04	 -21.73
	 -0.188	 -0.346	 -0.919
	  0.505	  0.768	 -0.393
	  0.842	 -0.538	  0.030

7 	  30.29	  -5.13	  29.07
	 -0.313	  0.143	  0.939
	 -0.836	 -0.511	 -0.201
	  0.451	 -0.848	  0.279

8 	  31.32	  -4.41	  28.35
	 -0.084	  0.379	  0.921
	 -0.177	 -0.916	  0.361
	  0.980	 -0.132	  0.144

9 	  30.09	  -4.96	  30.90
	 -0.308	 -0.018	  0.951
	  0.105	 -0.994	  0.016
	  0.945	  0.105	  0.308

2 	  32.59	   5.08	  22.97
	  0.771	 -0.631	 -0.084
	  0.631	  0.775	 -0.033
	  0.085	 -0.028	  0.996

3 	  44.65	  -0.46	  -0.70
	  0.585	 -0.156	  0.795
	  0.024	  0.984	  0.175
	 -0.810	 -0.084	  0.580

4 	  37.90	   3.02	  -4.78
	  0.358	  0.510	 -0.782
	 -0.465	  0.824	  0.324
	  0.809	  0.247	  0.532

5 	  40.82	   7.51	 -11.36
	  0.112	 -0.008	 -0.994
	  0.986	 -0.125	  0.113
	 -0.125	 -0.992	 -0.006

6 	  37.51	   4.20	 -21.78
	 -0.190	 -0.339	 -0.921
	  0.524	  0.759	 -0.387
	  0.830	 -0.556	  0.033

7 	  30.29	  -5.12	  29.07
	 -0.313	  0.143	  0.939
	 -0.836	 -0.511	 -0.201
	  0.451	 -0.848	  0.279

8 	  31.34	  -4.43	  28.35
	 -0.084	  0.379	  0.921
	 -0.177	 -0.916	  0.361
	  0.980	 -0.132	  0.144

9 	  30.09	  -4.96	  30.90
	 -0.309	 -0.018	  0.951
	  0.105	 -0.994	  0.015
	  0.945	  0.105	  0.308

2 	  32.59	   5.08	  22.97
	  0.771	 -0.632	 -0.084
	  0.631	  0.775	 -0.033
	  0.086	 -0.028	  0.996

3 	  44.68	  -0.47	  -0.72
	  0.585	 -0.159	  0.796
	  0.026	  0.984	  0.177
	 -0.811	 -0.083	  0.579

4 	  37.97	   2.97	  -4.82
	  0.357	  0.509	 -0.783
	 -0.470	  0.822	  0.321
	  0.807	  0.253	  0.533

5 	  40.83	   7.58	 -11.32
	  0.117	 -0.001	 -0.993
	  0.987	 -0.112	  0.116
	 -0.111	 -0.994	 -0.012

6 	  37.62	   4.24	 -21.74
	 -0.177	 -0.339	 -0.924
	  0.517	  0.767	 -0.381
	  0.837	 -0.545	  0.039

7 	  30.29	  -5.13	  29.07
	 -0.313	  0.143	  0.939
	 -0.836	 -0.511	 -0.201
	  0.451	 -0.848	  0.279

8 	  31.34	  -4.43	  28.35
	 -0.084	  0.380	  0.921
	 -0.176	 -0.916	  0.361
	  0.981	 -0.132	  0.144

9 	  30.08	  -4.94	  30.90
	 -0.309	 -0.018	  0.951
	  0.106	 -0.994	  0.016
	  0.945	  0.105	  0.309

2 	  32.57	   5.08	  22.97
	  0.771	 -0.631	 -0.084
	  0.631	  0.775	 -0.033
	  0.085	 -0.028	  0.996

3 	  44.70	  -0.47	  -0.72
	  0.584	 -0.156	  0.796
	  0.022	  0.984	  0.176
	 -0.812	 -0.085	  0.578

4 	  37.95	   2.94	  -4.85
	  0.356	  0.508	 -0.784
	 -0.474	  0.821	  0.317
	  0.805	  0.258	  0.534

5 	  40.90	   7.54	 -11.36
	  0.123	 -0.001	 -0.992
	  0.986	 -0.111	  0.122
	 -0.111	 -0.994	 -0.013

6 	  37.93	   4.15	 -21.78
	 -0.162	 -0.340	 -0.926
	  0.522	  0.767	 -0.373
	  0.837	 -0.544	  0.053

7 	  30.29	  -5.12	  29.07
	 -0.312	  0.143	  0.939
	 -0.836	 -0.511	 -0.200
	  0.451	 -0.847	  0.279

8 	  31.34	  -4.43	  28.35
	 -0.084	  0.379	  0.921
	 -0.177	 -0.916	  0.361
	  0.980	 -0.132	  0.144

9 	  30.08	  -4.96	  30.92
	 -0.309	 -0.018	  0.951
	  0.105	 -0.994	  0.016
	  0.945	  0.105	  0.309

2 	  32.59	   5.10	  22.97
	  0.771	 -0.631	 -0.084
	  0.631	  0.775	 -0.033
	  0.086	 -0.028	  0.996

3 	  44.70	  -0.49	  -0.70
	  0.582	 -0.155	  0.798
	  0.021	  0.984	  0.175
	 -0.813	 -0.085	  0.576

4 	  37.99	   2.94	  -4.90
	  0.374	  0.495	 -0.784
	 -0.473	  0.829	  0.297
	  0.797	  0.259	  0.545

5 	  41.36	   7.42	 -11.27
	  0.178	 -0.011	 -0.984
	  0.976	 -0.122	  0.179
	 -0.122	 -0.992	 -0.011

6 	  39.15	   3.97	 -21.81
	 -0.101	 -0.335	 -0.937
	  0.546	  0.768	 -0.334
	  0.831	 -0.545	  0.106

7 	  30.29	  -5.12	  29.07
	 -0.313	  0.143	  0.939
	 -0.836	 -0.511	 -0.200
	  0.451	 -0.847	  0.279

8 	  31.32	  -4.43	  28.35
	 -0.084	  0.379	  0.921
	 -0.177	 -0.916	  0.361
	  0.981	 -0.132	  0.144

9 	  30.08	  -4.94	  30.90
	 -0.309	 -0.017	  0.951
	  0.105	 -0.994	  0.016
	  0.945	  0.105	  0.309

2 	  32.57	   5.08	  22.96
	  0.770	 -0.632	 -0.084
	  0.631	  0.775	 -0.032
	  0.086	 -0.028	  0.996

3 	  44.51	  -0.58	  -0.44
	  0.573	 -0.148	  0.805
	  0.022	  0.986	  0.165
	 -0.819	 -0.077	  0.569

4 	  37.99	   3.20	  -4.90
	  0.479	  0.451	 -0.753
	 -0.409	  0.874	  0.263
	  0.777	  0.181	  0.603

5 	  42.66	   7.21	 -10.78
	  0.320	 -0.040	 -0.946
	  0.930	 -0.174	  0.322
	 -0.177	 -0.984	 -0.018

6 	  42.26	   3.83	 -21.25
	  0.082	 -0.328	 -0.941
	  0.549	  0.803	 -0.231
	  0.831	 -0.498	  0.246

7 	  30.29	  -5.12	  29.07
	 -0.313	  0.143	  0.939
	 -0.836	 -0.511	 -0.201
	  0.451	 -0.848	  0.279

8 	  31.36	  -4.43	  28.34
	 -0.083	  0.379	  0.921
	 -0.176	 -0.916	  0.361
	  0.981	 -0.132	  0.143

9 	  30.08	  -4.94	  30.90
	 -0.309	 -0.018	  0.951
	  0.106	 -0.994	  0.016
	  0.945	  0.106	  0.309

2 	  32.59	   5.08	  22.97
	  0.770	 -0.632	 -0.084
	  0.631	  0.775	 -0.033
	  0.085	 -0.028	  0.996

3 	  44.23	  -0.63	  -0.02
	  0.564	 -0.144	  0.813
	  0.016	  0.986	  0.163
	 -0.825	 -0.079	  0.559

4 	  38.11	   3.59	  -4.68
	  0.592	  0.411	 -0.692
	 -0.334	  0.908	  0.254
	  0.733	  0.080	  0.675

5 	  44.53	   7.15	  -9.37
	  0.515	 -0.057	 -0.856
	  0.818	 -0.266	  0.510
	 -0.256	 -0.962	 -0.090

6 	  46.28	   3.94	 -19.60
	  0.303	 -0.313	 -0.900
	  0.563	  0.821	 -0.095
	  0.769	 -0.478	  0.425

7 	  30.30	  -5.12	  29.07
	 -0.312	  0.143	  0.939
	 -0.836	 -0.511	 -0.200
	  0.451	 -0.847	  0.279

8 	  31.34	  -4.43	  28.35
	 -0.084	  0.379	  0.921
	 -0.177	 -0.916	  0.361
	  0.981	 -0.132	  0.144

9 	  30.06	  -4.92	  30.92
	 -0.309	 -0.017	  0.951
	  0.106	 -0.994	  0.016
	  0.945	  0.106	  0.309

2 	  32.57	   5.08	  22.96
	  0.771	 -0.632	 -0.084
	  0.631	  0.775	 -0.033
	  0.086	 -0.028	  0.996

3 	  44.12	  -0.67	   0.28
	  0.545	 -0.138	  0.826
	  0.016	  0.988	  0.155
	 -0.838	 -0.071	  0.541

4 	  38.44	   3.99	  -4.43
	  0.662	  0.426	 -0.616
	 -0.310	  0.905	  0.292
	  0.682	 -0.003	  0.731

5 	  46.39	   7.38	  -7.10
	  0.720	 -0.047	 -0.692
	  0.636	 -0.354	  0.685
	 -0.278	 -0.934	 -0.225

6 	  50.80	   4.27	 -16.29
	  0.569	 -0.312	 -0.761
	  0.520	  0.853	  0.039
	  0.637	 -0.418	  0.648

7 	  30.29	  -5.13	  29.07
	 -0.312	  0.143	  0.939
	 -0.836	 -0.511	 -0.200
	  0.451	 -0.848	  0.279

8 	  31.34	  -4.41	  28.34
	 -0.084	  0.379	  0.921
	 -0.176	 -0.916	  0.361
	  0.981	 -0.132	  0.143

9 	  30.08	  -4.94	  30.92
	 -0.309	 -0.018	  0.951
	  0.106	 -0.994	  0.016
	  0.945	  0.105	  0.309

2 	  32.59	   5.08	  22.97
	  0.771	 -0.632	 -0.084
	  0.631	  0.775	 -0.033
	  0.085	 -0.028	  0.996

3 	  44.16	  -0.63	   0.51
	  0.530	 -0.138	  0.836
	  0.017	  0.988	  0.152
	 -0.848	 -0.067	  0.526

4 	  38.87	   4.46	  -4.18
	  0.728	  0.472	 -0.497
	 -0.320	  0.875	  0.362
	  0.606	 -0.105	  0.788

5 	  47.74	   8.00	  -3.88
	  0.906	 -0.005	 -0.423
	  0.389	 -0.383	  0.838
	 -0.167	 -0.923	 -0.345

6 	  54.91	   5.08	 -10.51
	  0.832	 -0.290	 -0.473
	  0.397	  0.906	  0.144
	  0.386	 -0.308	  0.869

7 	  30.27	  -5.13	  29.07
	 -0.313	  0.143	  0.939
	 -0.836	 -0.511	 -0.201
	  0.451	 -0.848	  0.280

8 	  31.36	  -4.45	  28.35
	 -0.083	  0.379	  0.921
	 -0.176	 -0.916	  0.361
	  0.981	 -0.132	  0.143

9 	  30.08	  -4.94	  30.92
	 -0.309	 -0.017	  0.951
	  0.105	 -0.994	  0.016
	  0.945	  0.105	  0.309

2 	  32.57	   5.10	  22.97
	  0.771	 -0.631	 -0.084
	  0.631	  0.775	 -0.033
	  0.086	 -0.028	  0.996

3 	  44.31	  -0.58	   0.79
	  0.511	 -0.145	  0.847
	  0.007	  0.986	  0.164
	 -0.859	 -0.078	  0.505

4 	  39.62	   5.01	  -3.88
	  0.790	  0.528	 -0.310
	 -0.353	  0.806	  0.474
	  0.501	 -0.266	  0.823

5 	  48.27	   8.70	   0.53
	  0.993	  0.056	 -0.100
	  0.114	 -0.536	  0.836
	 -0.007	 -0.842	 -0.539

6 	  57.32	   6.57	  -2.46
	  0.967	 -0.240	 -0.088
	  0.255	  0.897	  0.360
	 -0.008	 -0.370	  0.929

7 	  30.29	  -5.12	  29.07
	 -0.313	  0.143	  0.939
	 -0.836	 -0.511	 -0.201
	  0.451	 -0.847	  0.279

8 	  31.36	  -4.43	  28.35
	 -0.083	  0.379	  0.921
	 -0.176	 -0.916	  0.361
	  0.981	 -0.132	  0.143

9 	  30.08	  -4.96	  30.90
	 -0.309	 -0.018	  0.951
	  0.105	 -0.994	  0.016
	  0.945	  0.105	  0.308

2 	  32.59	   5.10	  22.97
	  0.771	 -0.631	 -0.084
	  0.631	  0.775	 -0.033
	  0.085	 -0.028	  0.996

3 	  44.75	  -0.51	   1.11
	  0.488	 -0.165	  0.857
	 -0.004	  0.981	  0.191
	 -0.873	 -0.097	  0.478

4 	  40.61	   5.50	  -3.43
	  0.809	  0.578	 -0.100
	 -0.452	  0.723	  0.522
	  0.374	 -0.377	  0.847

5 	  47.48	   9.56	   4.68
	  0.969	  0.120	  0.217
	 -0.103	 -0.601	  0.793
	  0.225	 -0.790	 -0.569

6 	  56.90	   8.24	   5.82
	  0.930	 -0.196	  0.309
	  0.028	  0.880	  0.473
	 -0.365	 -0.432	  0.824

7 	  30.29	  -5.13	  29.07
	 -0.313	  0.143	  0.939
	 -0.836	 -0.511	 -0.201
	  0.451	 -0.848	  0.279

8 	  31.32	  -4.43	  28.35
	 -0.084	  0.379	  0.921
	 -0.177	 -0.916	  0.361
	  0.980	 -0.132	  0.144

9 	  30.08	  -4.96	  30.90
	 -0.309	 -0.018	  0.951
	  0.105	 -0.994	  0.016
	  0.945	  0.105	  0.308

2 	  32.57	   5.10	  22.97
	  0.771	 -0.631	 -0.084
	  0.631	  0.775	 -0.033
	  0.085	 -0.028	  0.996

3 	  45.18	  -0.46	   1.44
	  0.459	 -0.188	  0.868
	 -0.011	  0.976	  0.217
	 -0.888	 -0.109	  0.446

4 	  41.48	   5.91	  -2.79
	  0.800	  0.594	  0.079
	 -0.545	  0.665	  0.510
	  0.250	 -0.452	  0.856

5 	  45.79	  10.16	   7.40
	  0.851	  0.188	  0.489
	 -0.263	 -0.653	  0.710
	  0.453	 -0.733	 -0.507

6 	  54.51	   9.62	  11.79
	  0.802	 -0.147	  0.579
	 -0.236	  0.812	  0.533
	 -0.549	 -0.565	  0.616

7 	  30.29	  -5.13	  29.07
	 -0.312	  0.143	  0.939
	 -0.836	 -0.511	 -0.200
	  0.451	 -0.848	  0.279

8 	  31.34	  -4.43	  28.35
	 -0.084	  0.379	  0.921
	 -0.177	 -0.916	  0.361
	  0.981	 -0.132	  0.144

9 	  30.08	  -4.96	  30.90
	 -0.309	 -0.018	  0.951
	  0.105	 -0.994	  0.016
	  0.945	  0.105	  0.309

2 	  32.59	   5.10	  22.97
	  0.771	 -0.631	 -0.084
	  0.631	  0.775	 -0.033
	  0.086	 -0.027	  0.996

3 	  45.44	  -0.42	   1.60
	  0.445	 -0.199	  0.873
	 -0.010	  0.974	  0.227
	 -0.895	 -0.109	  0.431

4 	  42.01	   6.19	  -2.36
	  0.776	  0.594	  0.212
	 -0.609	  0.617	  0.498
	  0.165	 -0.516	  0.840

5 	  43.47	  10.25	   9.05
	  0.676	  0.252	  0.692
	 -0.336	 -0.730	  0.595
	  0.656	 -0.635	 -0.409

6 	  51.13	  10.44	  15.59
	  0.661	 -0.110	  0.742
	 -0.498	  0.676	  0.543
	 -0.562	 -0.728	  0.392

7 	  30.29	  -5.13	  29.07
	 -0.312	  0.143	  0.939
	 -0.836	 -0.511	 -0.200
	  0.451	 -0.848	  0.279

8 	  31.34	  -4.43	  28.35
	 -0.084	  0.380	  0.921
	 -0.176	 -0.916	  0.361
	  0.981	 -0.132	  0.144

9 	  30.09	  -4.94	  30.90
	 -0.308	 -0.017	  0.951
	  0.106	 -0.994	  0.016
	  0.945	  0.106	  0.308

2 	  32.59	   5.08	  22.97
	  0.771	 -0.632	 -0.084
	  0.631	  0.775	 -0.033
	  0.086	 -0.028	  0.996

3 	  45.56	  -0.46	   1.72
	  0.443	 -0.211	  0.871
	 -0.007	  0.971	  0.238
	 -0.896	 -0.112	  0.429

4 	  42.13	   6.24	  -2.11
	  0.739	  0.613	  0.279
	 -0.657	  0.565	  0.500
	  0.149	 -0.553	  0.820

5 	  41.17	   9.88	   9.44
	  0.470	  0.301	  0.829
	 -0.346	 -0.802	  0.487
	  0.812	 -0.516	 -0.273

6 	  47.34	  10.90	  17.54
	  0.522	 -0.061	  0.851
	 -0.747	  0.450	  0.490
	 -0.413	 -0.891	  0.189

7 	  30.29	  -5.12	  29.07
	 -0.312	  0.143	  0.939
	 -0.836	 -0.511	 -0.200
	  0.451	 -0.848	  0.279

8 	  31.34	  -4.43	  28.35
	 -0.084	  0.379	  0.921
	 -0.177	 -0.916	  0.361
	  0.981	 -0.132	  0.144

9 	  30.09	  -4.94	  30.90
	 -0.309	 -0.018	  0.951
	  0.106	 -0.994	  0.016
	  0.945	  0.105	  0.309

2 	  32.59	   5.08	  22.97
	  0.771	 -0.632	 -0.084
	  0.631	  0.775	 -0.033
	  0.085	 -0.028	  0.996

3 	  45.79	  -0.44	   1.76
	  0.436	 -0.217	  0.873
	 -0.005	  0.970	  0.243
	 -0.900	 -0.110	  0.422

4 	  42.31	   6.31	  -2.13
	  0.709	  0.647	  0.281
	 -0.687	  0.544	  0.480
	  0.158	 -0.534	  0.831

5 	  39.52	   9.28	   9.09
	  0.264	  0.304	  0.915
	 -0.324	 -0.866	  0.381
	  0.908	 -0.397	 -0.130

6 	  43.61	  11.09	  18.79
	  0.322	 -0.003	  0.947
	 -0.921	  0.230	  0.314
	 -0.219	 -0.973	  0.071

7 	  30.27	  -5.12	  29.07
	 -0.313	  0.143	  0.939
	 -0.836	 -0.511	 -0.201
	  0.451	 -0.848	  0.279

8 	  31.36	  -4.41	  28.32
	 -0.084	  0.379	  0.921
	 -0.176	 -0.916	  0.361
	  0.981	 -0.132	  0.143

9 	  30.09	  -4.94	  30.90
	 -0.308	 -0.017	  0.951
	  0.105	 -0.994	  0.016
	  0.945	  0.105	  0.308

2 	  32.59	   5.08	  22.97
	  0.771	 -0.632	 -0.084
	  0.631	  0.775	 -0.033
	  0.085	 -0.028	  0.996

3 	  45.98	  -0.44	   1.74
	  0.428	 -0.221	  0.876
	  0.003	  0.970	  0.242
	 -0.904	 -0.101	  0.415

4 	  42.56	   6.38	  -2.27
	  0.694	  0.670	  0.262
	 -0.703	  0.555	  0.444
	  0.151	 -0.493	  0.857

5 	  39.08	   8.51	   8.84
	  0.152	  0.218	  0.964
	 -0.337	 -0.905	  0.258
	  0.929	 -0.365	 -0.065

6 	  41.71	  10.60	  19.18
	  0.157	  0.026	  0.987
	 -0.980	  0.125	  0.152
	 -0.120	 -0.992	  0.046

7 	  30.29	  -5.12	  29.07
	 -0.313	  0.144	  0.939
	 -0.836	 -0.511	 -0.200
	  0.451	 -0.847	  0.280

8 	  31.34	  -4.43	  28.34
	 -0.084	  0.380	  0.921
	 -0.176	 -0.916	  0.361
	  0.981	 -0.132	  0.144

9 	  30.09	  -4.94	  30.90
	 -0.308	 -0.018	  0.951
	  0.106	 -0.994	  0.016
	  0.945	  0.105	  0.308

2 	  32.59	   5.08	  22.97
	  0.771	 -0.632	 -0.084
	  0.631	  0.775	 -0.033
	  0.085	 -0.028	  0.996

3 	  46.12	  -0.37	   1.78
	  0.418	 -0.217	  0.882
	  0.007	  0.972	  0.235
	 -0.908	 -0.093	  0.407

4 	  42.75	   6.45	  -2.36
	  0.690	  0.683	  0.237
	 -0.708	  0.572	  0.414
	  0.147	 -0.454	  0.879

5 	  39.20	   8.33	   8.79
	  0.079	  0.181	  0.980
	 -0.353	 -0.914	  0.198
	  0.932	 -0.362	 -0.008

6 	  41.77	  10.48	  19.20
	  0.154	  0.030	  0.987
	 -0.985	  0.079	  0.151
	 -0.074	 -0.996	  0.042

7 	  30.30	  -5.13	  29.07
	 -0.312	  0.143	  0.939
	 -0.836	 -0.511	 -0.200
	  0.451	 -0.847	  0.279

8 	  31.36	  -4.45	  28.34
	 -0.084	  0.379	  0.921
	 -0.177	 -0.916	  0.361
	  0.980	 -0.133	  0.144

9 	  30.08	  -4.94	  30.92
	 -0.310	 -0.017	  0.951
	  0.106	 -0.994	  0.017
	  0.945	  0.106	  0.309

2 	  32.59	   5.10	  22.97
	  0.771	 -0.632	 -0.084
	  0.631	  0.775	 -0.033
	  0.086	 -0.028	  0.996

3 	  46.23	  -0.30	   1.81
	  0.414	 -0.211	  0.885
	  0.000	  0.973	  0.231
	 -0.910	 -0.096	  0.403

4 	  42.77	   6.43	  -2.46
	  0.686	  0.695	  0.216
	 -0.711	  0.576	  0.403
	  0.155	 -0.430	  0.889

5 	  39.30	   8.56	   8.63
	  0.071	  0.182	  0.981
	 -0.389	 -0.900	  0.195
	  0.918	 -0.396	  0.007

6 	  41.99	  10.39	  19.07
	  0.154	  0.012	  0.988
	 -0.977	  0.153	  0.151
	 -0.150	 -0.988	  0.036

7 	  30.30	  -5.12	  29.07
	 -0.312	  0.143	  0.939
	 -0.836	 -0.511	 -0.200
	  0.451	 -0.847	  0.279

8 	  31.34	  -4.41	  28.35
	 -0.084	  0.380	  0.921
	 -0.176	 -0.916	  0.361
	  0.981	 -0.132	  0.144

9 	  30.11	  -4.94	  30.90
	 -0.308	 -0.017	  0.951
	  0.106	 -0.994	  0.016
	  0.945	  0.106	  0.308

2 	  32.57	   5.10	  22.97
	  0.771	 -0.632	 -0.084
	  0.631	  0.775	 -0.033
	  0.086	 -0.028	  0.996

3 	  46.30	  -0.25	   1.83
	  0.411	 -0.210	  0.887
	 -0.003	  0.973	  0.231
	 -0.911	 -0.098	  0.399

4 	  42.84	   6.43	  -2.46
	  0.685	  0.696	  0.214
	 -0.712	  0.578	  0.399
	  0.154	 -0.427	  0.891

5 	  39.30	   8.56	   8.67
	  0.066	  0.178	  0.982
	 -0.389	 -0.901	  0.189
	  0.919	 -0.394	  0.009

6 	  41.82	  10.44	  19.18
	  0.132	  0.010	  0.991
	 -0.983	  0.125	  0.130
	 -0.123	 -0.992	  0.026

7 	  30.29	  -5.13	  29.07
	 -0.313	  0.143	  0.939
	 -0.836	 -0.511	 -0.200
	  0.451	 -0.848	  0.279

8 	  31.34	  -4.43	  28.35
	 -0.084	  0.380	  0.921
	 -0.177	 -0.916	  0.361
	  0.980	 -0.132	  0.144

9 	  30.09	  -4.94	  30.90
	 -0.308	 -0.017	  0.951
	  0.106	 -0.994	  0.016
	  0.945	  0.106	  0.308

2 	  32.57	   5.10	  22.97
	  0.771	 -0.631	 -0.084
	  0.631	  0.775	 -0.033
	  0.085	 -0.028	  0.996

3 	  46.34	  -0.26	   1.83
	  0.411	 -0.213	  0.886
	 -0.000	  0.972	  0.233
	 -0.911	 -0.096	  0.399

4 	  42.87	   6.47	  -2.44
	  0.685	  0.696	  0.214
	 -0.712	  0.578	  0.398
	  0.153	 -0.425	  0.892

5 	  39.39	   8.60	   8.67
	  0.069	  0.175	  0.982
	 -0.400	 -0.897	  0.188
	  0.914	 -0.406	  0.008

6 	  41.98	  10.37	  19.14
	  0.130	  0.003	  0.991
	 -0.977	  0.173	  0.128
	 -0.171	 -0.985	  0.026

7 	  30.29	  -5.12	  29.07
	 -0.313	  0.143	  0.939
	 -0.836	 -0.511	 -0.201
	  0.451	 -0.847	  0.279

8 	  31.36	  -4.43	  28.34
	 -0.083	  0.379	  0.921
	 -0.176	 -0.916	  0.361
	  0.981	 -0.132	  0.143

9 	  30.09	  -4.96	  30.90
	 -0.309	 -0.018	  0.951
	  0.105	 -0.994	  0.016
	  0.945	  0.105	  0.308

2 	  32.57	   5.08	  22.97
	  0.771	 -0.632	 -0.084
	  0.631	  0.775	 -0.033
	  0.086	 -0.028	  0.996

3 	  46.35	  -0.28	   1.81
	  0.411	 -0.214	  0.886
	  0.002	  0.972	  0.234
	 -0.911	 -0.095	  0.400

4 	  42.89	   6.45	  -2.48
	  0.687	  0.695	  0.213
	 -0.711	  0.580	  0.398
	  0.153	 -0.425	  0.892

5 	  39.45	   8.61	   8.68
	  0.069	  0.173	  0.982
	 -0.403	 -0.896	  0.186
	  0.912	 -0.409	  0.008

6 	  41.98	  10.39	  19.18
	  0.129	  0.004	  0.991
	 -0.977	  0.172	  0.126
	 -0.170	 -0.985	  0.026

7 	  30.29	  -5.13	  29.07
	 -0.313	  0.143	  0.939
	 -0.836	 -0.510	 -0.201
	  0.451	 -0.848	  0.279

8 	  31.34	  -4.43	  28.35
	 -0.084	  0.379	  0.921
	 -0.177	 -0.916	  0.361
	  0.980	 -0.132	  0.144

9 	  30.06	  -4.92	  30.92
	 -0.310	 -0.017	  0.950
	  0.106	 -0.994	  0.017
	  0.945	  0.106	  0.310

2 	  32.59	   5.10	  22.97
	  0.771	 -0.631	 -0.084
	  0.631	  0.775	 -0.033
	  0.085	 -0.028	  0.996

3 	  46.34	  -0.30	   1.83
	  0.410	 -0.214	  0.886
	  0.001	  0.972	  0.234
	 -0.912	 -0.095	  0.399

4 	  42.89	   6.45	  -2.46
	  0.686	  0.695	  0.213
	 -0.711	  0.579	  0.399
	  0.154	 -0.425	  0.892

5 	  39.45	   8.58	   8.68
	  0.068	  0.173	  0.982
	 -0.402	 -0.897	  0.186
	  0.913	 -0.407	  0.008

6 	  41.99	  10.37	  19.18
	  0.126	  0.005	  0.992
	 -0.976	  0.178	  0.123
	 -0.176	 -0.984	  0.027

7 	  30.29	  -5.12	  29.09
	 -0.313	  0.144	  0.939
	 -0.836	 -0.511	 -0.201
	  0.451	 -0.847	  0.280

8 	  31.34	  -4.43	  28.35
	 -0.084	  0.379	  0.921
	 -0.177	 -0.916	  0.361
	  0.980	 -0.132	  0.144

9 	  30.08	  -4.96	  30.90
	 -0.309	 -0.018	  0.951
	  0.105	 -0.994	  0.016
	  0.945	  0.105	  0.309

2 	  32.57	   5.10	  22.97
	  0.771	 -0.631	 -0.084
	  0.631	  0.775	 -0.033
	  0.085	 -0.028	  0.996

3 	  46.35	  -0.30	   1.83
	  0.410	 -0.213	  0.887
	  0.000	  0.972	  0.233
	 -0.912	 -0.095	  0.399

4 	  42.91	   6.47	  -2.48
	  0.686	  0.695	  0.213
	 -0.711	  0.579	  0.400
	  0.154	 -0.426	  0.891

5 	  39.48	   8.58	   8.68
	  0.068	  0.173	  0.982
	 -0.406	 -0.895	  0.186
	  0.911	 -0.411	  0.010

6 	  41.99	  10.41	  19.18
