% Calibrated with leiden_pols
% Positions are in centimeters
Data =[
 2    36.397    -7.221    15.729
 2     0.960    -0.281    -0.003
 2     0.280     0.958     0.052
 2    -0.010    -0.052     0.998
 3    40.945     3.172    -2.254
 3     0.751    -0.587     0.305
 3     0.651     0.581    -0.488
 3     0.109     0.564     0.818
 4    40.968    -6.781    -1.604
 4     0.686     0.687     0.240
 4    -0.726     0.620     0.297
 4     0.055    -0.377     0.924
 5    44.942    -7.175     2.833
 5     0.617     0.343     0.710
 5    -0.055    -0.880     0.470
 5     0.785    -0.329    -0.524
 6    47.290    -3.096     6.685
 6     0.440    -0.169    -0.883
 6     0.868     0.328     0.370
 6     0.230    -0.929     0.289
 7    46.577    -1.629    -1.939
 7     0.414     0.281    -0.866
 7    -0.206     0.955     0.211
 7     0.886     0.091     0.453
 8    43.952     4.707     2.288
 8     0.606    -0.460     0.650
 8    -0.042    -0.833    -0.550
 8     0.794     0.306    -0.524
 9    46.014    -2.325     5.975
 9     0.393    -0.049    -0.918
 9    -0.903    -0.211    -0.374
 9    -0.174     0.976    -0.128
 2    36.397    -7.221    15.729
 2     0.960    -0.282    -0.003
 2     0.280     0.958     0.052
 2    -0.010    -0.052     0.998
 3    40.912     3.145    -2.271
 3     0.750    -0.586     0.307
 3     0.652     0.582    -0.485
 3     0.106     0.564     0.818
 4    40.930    -6.828    -1.559
 4     0.685     0.687     0.245
 4    -0.726     0.616     0.304
 4     0.058    -0.386     0.920
 5    44.918    -7.173     2.883
 5     0.617     0.344     0.709
 5    -0.051    -0.881     0.469
 5     0.785    -0.326    -0.526
 6    47.249    -3.153     6.711
 6     0.444    -0.168    -0.881
 6     0.867     0.321     0.376
 6     0.222    -0.932     0.286
 7    46.593    -1.725    -1.949
 7     0.412     0.291    -0.864
 7    -0.202     0.953     0.224
 7     0.888     0.082     0.451
 8    44.057     4.653     2.248
 8     0.605    -0.473     0.642
 8    -0.042    -0.823    -0.565
 8     0.794     0.315    -0.518
 9    46.038    -2.424     5.958
 9     0.381    -0.052    -0.923
 9    -0.910    -0.201    -0.364
 9    -0.165     0.978    -0.124
 2    36.397    -7.221    15.729
 2     0.960    -0.282    -0.003
 2     0.280     0.958     0.051
 2    -0.010    -0.052     0.998
 3    41.003     3.004    -2.291
 3     0.764    -0.574     0.297
 3     0.638     0.600    -0.483
 3     0.098     0.557     0.824
 4    40.926    -6.904    -1.522
 4     0.674     0.696     0.249
 4    -0.736     0.602     0.309
 4     0.065    -0.391     0.918
 5    44.851    -7.195     2.959
 5     0.617     0.335     0.714
 5    -0.050    -0.887     0.457
 5     0.785    -0.317    -0.531
 6    47.220    -3.217     6.789
 6     0.453    -0.163    -0.878
 6     0.867     0.304     0.391
 6     0.206    -0.938     0.277
 7    46.612    -1.824    -1.956
 7     0.408     0.311    -0.859
 7    -0.200     0.947     0.247
 7     0.890     0.071     0.449
 8    44.065     4.537     2.146
 8     0.595    -0.473     0.651
 8    -0.050    -0.829    -0.556
 8     0.802     0.298    -0.516
 9    46.046    -2.479     5.924
 9     0.385    -0.051    -0.922
 9    -0.907    -0.208    -0.367
 9    -0.172     0.977    -0.126
 2    36.397    -7.221    15.729
 2     0.960    -0.281    -0.003
 2     0.280     0.958     0.052
 2    -0.010    -0.052     0.998
 3    41.061     3.005    -2.319
 3     0.766    -0.574     0.290
 3     0.635     0.605    -0.480
 3     0.100     0.552     0.827
 4    40.835    -6.933    -1.559
 4     0.664     0.708     0.240
 4    -0.746     0.610     0.266
 4     0.042    -0.356     0.933
 5    44.668    -6.672     2.884
 5     0.604     0.266     0.753
 5    -0.005    -0.942     0.334
 5     0.797    -0.205    -0.567
 6    47.429    -3.503     6.627
 6     0.601    -0.146    -0.788
 6     0.785     0.285     0.547
 6     0.147    -0.947     0.283
 7    46.603    -1.795    -1.978
 7     0.402     0.308    -0.862
 7    -0.199     0.948     0.245
 7     0.893     0.073     0.442
 8    43.785     4.234     2.023
 8     0.564    -0.407     0.721
 8    -0.068    -0.890    -0.448
 8     0.823     0.203    -0.528
 9    46.195    -1.783     5.722
 9     0.564     0.040    -0.826
 9    -0.773    -0.329    -0.542
 9    -0.291     0.943    -0.156
 2    36.397    -7.221    15.729
 2     0.960    -0.282    -0.003
 2     0.280     0.958     0.052
 2    -0.010    -0.052     0.998
 3    41.118     3.075    -2.303
 3     0.765    -0.585     0.270
 3     0.632     0.603    -0.487
 3     0.122     0.542     0.831
 4    40.607    -6.927    -1.595
 4     0.607     0.754     0.249
 4    -0.794     0.565     0.223
 4     0.028    -0.333     0.942
 5    44.475    -6.365     2.886
 5     0.611     0.196     0.768
 5     0.015    -0.972     0.234
 5     0.791    -0.132    -0.596
 6    47.889    -4.469     6.867
 6     0.771     0.027    -0.636
 6     0.625     0.147     0.765
 6     0.116    -0.989     0.094
 7    46.582    -1.800    -2.036
 7     0.398     0.315    -0.862
 7    -0.206     0.945     0.250
 7     0.894     0.079     0.440
 8    43.592     4.027     1.971
 8     0.555    -0.267     0.789
 8    -0.026    -0.953    -0.302
 8     0.831     0.147    -0.535
 9    46.637     0.045     5.583
 9     0.773     0.190    -0.609
 9    -0.511    -0.381    -0.768
 9    -0.374     0.904    -0.200
 2    36.397    -7.221    15.729
 2     0.960    -0.282    -0.003
 2     0.280     0.958     0.051
 2    -0.010    -0.052     0.998
 3    41.159     3.120    -2.318
 3     0.760    -0.593     0.267
 3     0.634     0.587    -0.503
 3     0.142     0.551     0.822
 4    40.568    -6.840    -1.665
 4     0.584     0.783     0.213
 4    -0.809     0.543     0.223
 4     0.059    -0.302     0.951
 5    44.342    -6.341     2.976
 5     0.623     0.112     0.775
 5    -0.036    -0.985     0.169
 5     0.781    -0.133    -0.609
 6    48.280    -5.660     6.970
 6     0.879     0.099    -0.467
 6     0.457     0.103     0.883
 6     0.136    -0.990     0.044
 7    46.618    -1.757    -2.028
 7     0.402     0.296    -0.867
 7    -0.189     0.953     0.236
 7     0.896     0.069     0.438
 8    43.480     3.849     1.839
 8     0.538    -0.076     0.840
 8     0.056    -0.991    -0.124
 8     0.841     0.113    -0.529
 9    46.517     2.767     5.490
 9     0.902     0.366    -0.234
 9    -0.104    -0.334    -0.935
 9    -0.419     0.868    -0.267
 2    36.397    -7.221    15.729
 2     0.960    -0.282    -0.003
 2     0.280     0.958     0.051
 2    -0.010    -0.052     0.998
 3    41.285     3.195    -2.371
 3     0.754    -0.603     0.263
 3     0.635     0.568    -0.523
 3     0.166     0.560     0.811
 4    40.644    -6.759    -1.720
 4     0.567     0.802     0.190
 4    -0.817     0.518     0.251
 4     0.103    -0.297     0.949
 5    44.303    -6.759     3.180
 5     0.657    -0.012     0.753
 5    -0.175    -0.975     0.137
 5     0.733    -0.222    -0.643
 6    48.532    -7.322     6.621
 6     0.949     0.089    -0.301
 6     0.293     0.082     0.952
 6     0.110    -0.993     0.050
 7    46.615    -1.754    -2.032
 7     0.402     0.283    -0.871
 7    -0.186     0.956     0.224
 7     0.896     0.072     0.437
 8    43.446     3.809     1.781
 8     0.524     0.055     0.850
 8     0.114    -0.994    -0.006
 8     0.844     0.100    -0.526
 9    46.080     4.471     5.503
 9     0.894     0.447     0.031
 9     0.166    -0.260    -0.951
 9    -0.416     0.856    -0.307
 2    36.397    -7.221    15.729
 2     0.960    -0.282    -0.003
 2     0.280     0.958     0.051
 2    -0.010    -0.052     0.998
 3    41.368     3.152    -2.405
 3     0.759    -0.602     0.248
 3     0.626     0.571    -0.531
 3     0.178     0.558     0.810
 4    40.615    -6.692    -1.786
 4     0.554     0.810     0.190
 4    -0.826     0.508     0.244
 4     0.101    -0.292     0.951
 5    44.194    -6.859     3.109
 5     0.650    -0.050     0.758
 5    -0.215    -0.969     0.119
 5     0.729    -0.241    -0.641
 6    48.538    -7.781     6.754
 6     0.962     0.146    -0.232
 6     0.238    -0.033     0.970
 6     0.135    -0.989    -0.067
 7    46.643    -1.776    -2.093
 7     0.402     0.275    -0.874
 7    -0.184     0.958     0.216
 7     0.897     0.074     0.435
 8    43.405     3.819     1.757
 8     0.513     0.135     0.847
 8     0.151    -0.986     0.066
 8     0.844     0.094    -0.526
 9    45.687     5.325     5.534
 9     0.859     0.471     0.200
 9     0.305    -0.158    -0.939
 9    -0.410     0.868    -0.279
 2    36.397    -7.221    15.729
 2     0.960    -0.281    -0.003
 2     0.280     0.958     0.051
 2    -0.010    -0.052     0.998
 3    41.309     3.164    -2.436
 3     0.750    -0.612     0.251
 3     0.634     0.558    -0.536
 3     0.187     0.561     0.806
 4    40.486    -6.654    -1.818
 4     0.535     0.822     0.195
 4    -0.839     0.490     0.236
 4     0.098    -0.290     0.952
 5    44.013    -7.018     3.089
 5     0.633    -0.099     0.767
 5    -0.268    -0.959     0.096
 5     0.726    -0.267    -0.634
 6    48.420    -8.361     6.833
 6     0.968     0.201    -0.151
 6     0.172    -0.099     0.980
 6     0.182    -0.974    -0.130
 7    46.598    -1.810    -2.099
 7     0.405     0.271    -0.874
 7    -0.190     0.959     0.209
 7     0.894     0.081     0.439
 8    43.301     3.866     1.715
 8     0.494     0.231     0.839
 8     0.195    -0.969     0.151
 8     0.847     0.089    -0.523
 9    45.275     6.231     5.605
 9     0.816     0.459     0.354
 9     0.436    -0.090    -0.895
 9    -0.378     0.884    -0.273
 2    36.397    -7.221    15.729
 2     0.960    -0.281    -0.003
 2     0.280     0.958     0.051
 2    -0.010    -0.052     0.998
 3    41.299     3.173    -2.459
 3     0.744    -0.619     0.251
 3     0.639     0.551    -0.537
 3     0.194     0.560     0.805
 4    40.341    -6.627    -1.847
 4     0.507     0.837     0.206
 4    -0.858     0.465     0.218
 4     0.087    -0.287     0.954
 5    43.792    -7.093     3.062
 5     0.615    -0.150     0.774
 5    -0.312    -0.948     0.063
 5     0.724    -0.280    -0.630
 6    48.257    -8.863     6.961
 6     0.967     0.246    -0.064
 6     0.109    -0.181     0.977
 6     0.229    -0.952    -0.201
 7    46.586    -1.836    -2.111
 7     0.410     0.267    -0.872
 7    -0.189     0.960     0.205
 7     0.892     0.081     0.444
 8    43.217     3.922     1.644
 8     0.458     0.305     0.836
 8     0.231    -0.948     0.218
 8     0.858     0.094    -0.504
 9    44.932     6.884     5.757
 9     0.783     0.435     0.449
 9     0.528    -0.080    -0.845
 9    -0.330     0.897    -0.290
 2    36.397    -7.222    15.730
 2     0.960    -0.281    -0.003
 2     0.279     0.958     0.051
 2    -0.010    -0.052     0.998
 3    41.230     3.131    -2.497
 3     0.734    -0.630     0.255
 3     0.650     0.541    -0.534
 3     0.198     0.557     0.806
 4    40.225    -6.617    -1.810
 4     0.491     0.844     0.217
 4    -0.868     0.451     0.208
 4     0.078    -0.290     0.954
 5    43.625    -7.284     3.074
 5     0.604    -0.207     0.770
 5    -0.365    -0.930     0.036
 5     0.709    -0.303    -0.637
 6    48.107    -9.311     6.935
 6     0.966     0.258    -0.006
 6     0.064    -0.221     0.973
 6     0.249    -0.941    -0.229
 7    46.525    -1.834    -2.123
 7     0.417     0.263    -0.870
 7    -0.185     0.961     0.200
 7     0.890     0.078     0.449
 8    43.096     3.991     1.567
 8     0.428     0.362     0.829
 8     0.259    -0.927     0.270
 8     0.866     0.099    -0.490
 9    44.689     7.447     5.921
 9     0.752     0.425     0.508
 9     0.602    -0.130    -0.786
 9    -0.267     0.896    -0.352
 2    36.397    -7.221    15.729
 2     0.960    -0.282    -0.003
 2     0.280     0.958     0.051
 2    -0.010    -0.052     0.998
 3    41.033     3.107    -2.508
 3     0.720    -0.639     0.270
 3     0.666     0.529    -0.525
 3     0.192     0.558     0.807
 4    40.136    -6.603    -1.830
 4     0.481     0.847     0.225
 4    -0.874     0.443     0.200
 4     0.070    -0.292     0.953
 5    43.505    -7.356     3.061
 5     0.593    -0.228     0.773
 5    -0.392    -0.919     0.030
 5     0.703    -0.321    -0.634
 6    47.964    -9.647     6.932
 6     0.956     0.289     0.041
 6     0.025    -0.226     0.974
 6     0.291    -0.930    -0.222
 7    46.467    -1.815    -2.133
 7     0.429     0.256    -0.867
 7    -0.185     0.963     0.193
 7     0.884     0.077     0.460
 8    42.966     4.027     1.513
 8     0.419     0.399     0.816
 8     0.283    -0.911     0.299
 8     0.862     0.106    -0.494
 9    44.445     7.754     5.902
 9     0.727     0.428     0.541
 9     0.637    -0.126    -0.759
 9    -0.257     0.895    -0.361
 2    36.397    -7.221    15.729
 2     0.960    -0.281    -0.003
 2     0.280     0.958     0.051
 2    -0.010    -0.052     0.998
 3    40.908     3.131    -2.512
 3     0.707    -0.648     0.285
 3     0.683     0.520    -0.513
 3     0.184     0.556     0.809
 4    40.108    -6.556    -1.822
 4     0.478     0.849     0.228
 4    -0.876     0.440     0.198
 4     0.068    -0.294     0.953
 5    43.452    -7.455     3.036
 5     0.583    -0.253     0.772
 5    -0.421    -0.907     0.021
 5     0.694    -0.337    -0.635
 6    47.879    -9.963     6.870
 6     0.945     0.316     0.086
 6    -0.015    -0.225     0.974
 6     0.327    -0.922    -0.207
 7    46.445    -1.818    -2.132
 7     0.436     0.253    -0.864
 7    -0.184     0.964     0.189
 7     0.880     0.077     0.467
 8    42.874     4.112     1.528
 8     0.408     0.438     0.802
 8     0.315    -0.891     0.325
 8     0.856     0.120    -0.501
 9    44.205     8.014     5.859
 9     0.707     0.429     0.566
 9     0.657    -0.103    -0.745
 9    -0.260     0.897    -0.352
 2    36.397    -7.221    15.729
 2     0.960    -0.281    -0.003
 2     0.280     0.958     0.052
 2    -0.010    -0.052     0.998
 3    40.841     3.079    -2.519
 3     0.698    -0.654     0.291
 3     0.693     0.517    -0.503
 3     0.178     0.552     0.814
 4    40.031    -6.562    -1.811
 4     0.468     0.853     0.232
 4    -0.881     0.430     0.194
 4     0.066    -0.295     0.953
 5    43.316    -7.575     3.064
 5     0.570    -0.277     0.774
 5    -0.446    -0.895     0.009
 5     0.690    -0.350    -0.633
 6    47.708   -10.354     6.896
 6     0.928     0.345     0.140
 6    -0.061    -0.233     0.971
 6     0.367    -0.909    -0.194
 7    46.446    -1.815    -2.157
 7     0.439     0.253    -0.862
 7    -0.181     0.964     0.190
 7     0.880     0.073     0.469
 8    42.800     4.147     1.527
 8     0.399     0.455     0.797
 8     0.327    -0.881     0.338
 8     0.857     0.127    -0.500
 9    44.074     8.119     5.835
 9     0.698     0.428     0.578
 9     0.667    -0.094    -0.738
 9    -0.261     0.898    -0.349
 2    36.397    -7.221    15.729
 2     0.960    -0.282    -0.003
 2     0.280     0.958     0.052
 2    -0.010    -0.052     0.998
 3    40.808     3.052    -2.536
 3     0.697    -0.655     0.295
 3     0.695     0.516    -0.500
 3     0.175     0.552     0.814
 4    39.999    -6.565    -1.801
 4     0.468     0.852     0.233
 4    -0.881     0.431     0.192
 4     0.063    -0.295     0.953
 5    43.239    -7.634     3.048
 5     0.562    -0.288     0.776
 5    -0.457    -0.889     0.002
 5     0.689    -0.356    -0.631
 6    47.626   -10.454     6.920
 6     0.924     0.351     0.149
 6    -0.071    -0.229     0.971
 6     0.375    -0.908    -0.186
 7    46.417    -1.819    -2.174
 7     0.440     0.259    -0.860
 7    -0.184     0.963     0.195
 7     0.879     0.073     0.471
 8    42.844     4.150     1.564
 8     0.415     0.450     0.792
 8     0.334    -0.883     0.327
 8     0.846     0.129    -0.516
 9    44.278     7.998     5.782
 9     0.715     0.444     0.544
 9     0.645    -0.115    -0.755
 9    -0.271     0.888    -0.366
 2    36.397    -7.221    15.729
 2     0.960    -0.282    -0.003
 2     0.280     0.958     0.052
 2    -0.010    -0.052     0.998
 3    40.783     3.036    -2.524
 3     0.708    -0.642     0.296
 3     0.687     0.529    -0.499
 3     0.163     0.555     0.815
 4    39.946    -6.541    -1.794
 4     0.467     0.852     0.236
 4    -0.882     0.430     0.191
 4     0.061    -0.298     0.953
 5    43.442    -7.317     3.015
 5     0.600    -0.215     0.770
 5    -0.375    -0.927     0.033
 5     0.706    -0.308    -0.637
 6    47.980    -9.079     7.081
 6     0.944     0.330    -0.016
 6     0.083    -0.196     0.977
 6     0.319    -0.923    -0.212
 7    46.399    -1.849    -2.178
 7     0.435     0.270    -0.859
 7    -0.190     0.960     0.204
 7     0.880     0.075     0.469
 8    42.962     4.053     1.518
 8     0.463     0.273     0.844
 8     0.246    -0.953     0.172
 8     0.851     0.128    -0.509
 9    45.715     6.118     5.834
 9     0.886     0.373     0.274
 9     0.374    -0.230    -0.898
 9    -0.272     0.899    -0.343
 2    36.397    -7.221    15.729
 2     0.960    -0.281    -0.003
 2     0.280     0.958     0.052
 2    -0.010    -0.052     0.998
 3    40.773     3.041    -2.496
 3     0.721    -0.627     0.298
 3     0.677     0.546    -0.493
 3     0.146     0.556     0.817
 4    40.010    -6.582    -1.800
 4     0.492     0.840     0.229
 4    -0.869     0.455     0.194
 4     0.059    -0.295     0.953
 5    43.739    -6.619     2.907
 5     0.641    -0.028     0.767
 5    -0.175    -0.979     0.110
 5     0.747    -0.204    -0.632
 6    48.196    -6.651     7.209
 6     0.900     0.308    -0.309
 6     0.356    -0.114     0.927
 6     0.249    -0.944    -0.211
 7    46.426    -1.799    -2.201
 7     0.435     0.276    -0.858
 7    -0.192     0.958     0.210
 7     0.880     0.073     0.469
 8    42.974     4.279     1.644
 8     0.514     0.074     0.855
 8     0.173    -0.985    -0.018
 8     0.840     0.157    -0.518
 9    46.694     3.033     5.796
 9     0.948     0.231    -0.220
 9    -0.152    -0.273    -0.949
 9    -0.277     0.934    -0.227
 2    36.397    -7.221    15.729
 2     0.960    -0.282    -0.003
 2     0.280     0.958     0.051
 2    -0.010    -0.052     0.998
 3    40.757     3.056    -2.495
 3     0.729    -0.618     0.296
 3     0.670     0.556    -0.491
 3     0.138     0.556     0.819
 4    40.177    -6.635    -1.767
 4     0.540     0.811     0.226
 4    -0.840     0.500     0.211
 4     0.058    -0.304     0.951
 5    43.988    -6.614     2.911
 5     0.643     0.086     0.761
 5    -0.108    -0.974     0.200
 5     0.758    -0.210    -0.617
 6    48.053    -5.251     7.059
 6     0.788     0.224    -0.573
 6     0.561     0.119     0.818
 6     0.252    -0.967    -0.031
 7    46.431    -1.776    -2.208
 7     0.430     0.280    -0.859
 7    -0.194     0.957     0.214
 7     0.881     0.075     0.466
 8    43.238     4.471     1.868
 8     0.569    -0.165     0.806
 8     0.088    -0.962    -0.257
 8     0.817     0.217    -0.533
 9    46.543     0.270     5.688
 9     0.772     0.123    -0.626
 9    -0.568    -0.314    -0.760
 9    -0.287     0.941    -0.174
 2    36.397    -7.221    15.729
 2     0.960    -0.282    -0.003
 2     0.280     0.958     0.052
 2    -0.010    -0.052     0.998
 3    40.668     2.966    -2.444
 3     0.751    -0.590     0.299
 3     0.652     0.588    -0.478
 3     0.106     0.553     0.825
 4    40.262    -6.736    -1.662
 4     0.596     0.767     0.238
 4    -0.801     0.549     0.237
 4     0.051    -0.333     0.942
 5    44.198    -6.817     2.930
 5     0.650     0.209     0.731
 5    -0.063    -0.944     0.324
 5     0.757    -0.257    -0.600
 6    47.639    -4.075     6.905
 6     0.630     0.047    -0.775
 6     0.732     0.292     0.614
 6     0.257    -0.955     0.148
 7    46.379    -1.805    -2.172
 7     0.431     0.292    -0.854
 7    -0.197     0.953     0.225
 7     0.880     0.072     0.469
 8    43.659     4.650     2.030
 8     0.601    -0.391     0.699
 8     0.004    -0.872    -0.488
 8     0.799     0.296    -0.522
 9    46.100    -1.751     5.818
 9     0.514     0.023    -0.858
 9    -0.827    -0.254    -0.501
 9    -0.227     0.967    -0.112
 2    36.397    -7.221    15.729
 2     0.960    -0.281    -0.003
 2     0.280     0.958     0.052
 2    -0.010    -0.052     0.998
 3    40.670     2.923    -2.374
 3     0.763    -0.575     0.295
 3     0.639     0.606    -0.473
 3     0.093     0.549     0.830
 4    40.273    -6.872    -1.490
 4     0.626     0.730     0.273
 4    -0.779     0.578     0.241
 4     0.019    -0.364     0.931
 5    44.430    -7.067     2.939
 5     0.659     0.269     0.704
 5    -0.062    -0.912     0.404
 5     0.750    -0.310    -0.584
 6    47.158    -3.426     6.513
 6     0.504    -0.198    -0.843
 6     0.833     0.362     0.414
 6     0.225    -0.911     0.344
 7    46.376    -1.839    -2.111
 7     0.429     0.305    -0.851
 7    -0.206     0.949     0.235
 7     0.879     0.075     0.469
 8    44.014     4.744     2.180
 8     0.631    -0.492     0.601
 8    -0.030    -0.789    -0.613
 8     0.775     0.369    -0.512
 9    45.939    -2.489     5.900
 9     0.357    -0.003    -0.935
 9    -0.919    -0.179    -0.350
 9    -0.165     0.984    -0.067
 2    36.397    -7.222    15.730
 2     0.960    -0.281    -0.003
 2     0.279     0.958     0.051
 2    -0.010    -0.052     0.998
 3    40.738     2.945    -2.359
 3     0.763    -0.576     0.294
 3     0.640     0.610    -0.466
 3     0.089     0.543     0.834
 4    40.465    -6.810    -1.480
 4     0.649     0.706     0.284
 4    -0.760     0.595     0.259
 4     0.014    -0.384     0.923
 5    44.615    -7.193     2.823
 5     0.637     0.313     0.706
 5    -0.067    -0.889     0.452
 5     0.768    -0.335    -0.545
 6    47.032    -3.223     6.639
 6     0.463    -0.210    -0.863
 6     0.861     0.332     0.381
 6     0.209    -0.920     0.331
 7    46.520    -1.783    -2.038
 7     0.422     0.300    -0.856
 7    -0.205     0.951     0.231
 7     0.883     0.078     0.462
 8    44.049     4.825     2.179
 8     0.628    -0.495     0.601
 8    -0.021    -0.782    -0.621
 8     0.777     0.377    -0.502
 9    45.978    -2.448     5.966
 9     0.350    -0.026    -0.936
 9    -0.925    -0.167    -0.341
 9    -0.146     0.985    -0.083
 2    36.397    -7.221    15.729
 2     0.960    -0.281    -0.003
 2     0.280     0.958     0.051
 2    -0.010    -0.052     0.998
 3    40.868     2.982    -2.391
 3     0.761    -0.584     0.284
 3     0.640     0.608    -0.468
 3     0.101     0.537     0.837
 4    40.552    -6.805    -1.496
 4     0.651     0.705     0.281
 4    -0.758     0.595     0.264
 4     0.019    -0.385     0.922
 5    44.691    -7.186     2.806
 5     0.628     0.323     0.709
 5    -0.063    -0.886     0.457
 5     0.776    -0.332    -0.536
 6    47.101    -3.263     6.762
 6     0.468    -0.176    -0.868
 6     0.855     0.332     0.394
 6     0.221    -0.927     0.303
 7    46.555    -1.780    -2.028
 7     0.419     0.298    -0.858
 7    -0.204     0.951     0.230
 7     0.885     0.079     0.458
 8    44.087     4.783     2.224
 8     0.624    -0.486     0.613
 8    -0.023    -0.794    -0.606
 8     0.781     0.364    -0.506
 9    46.065    -2.432     6.025
 9     0.361    -0.044    -0.932
 9    -0.922    -0.165    -0.350
 9    -0.137     0.985    -0.101
 2    36.397    -7.221    15.729
 2     0.960    -0.282    -0.003
 2     0.280     0.958     0.051
 2    -0.010    -0.052     0.998
 3    40.937     2.989    -2.364
 3     0.761    -0.587     0.277
 3     0.639     0.606    -0.473
 3     0.109     0.536     0.836
 4    40.662    -6.825    -1.538
 4     0.653     0.705     0.278
 4    -0.757     0.595     0.268
 4     0.024    -0.385     0.922
 5    44.742    -7.185     2.806
 5     0.628     0.323     0.710
 5    -0.063    -0.887     0.456
 5     0.776    -0.331    -0.536
 6    47.139    -3.259     6.803
 6     0.465    -0.165    -0.871
 6     0.856     0.329     0.395
 6     0.225    -0.930     0.292
 7    46.581    -1.777    -2.002
 7     0.420     0.296    -0.858
 7    -0.201     0.952     0.229
 7     0.885     0.076     0.459
 8    44.085     4.735     2.243
 8     0.624    -0.479     0.619
 8    -0.022    -0.801    -0.598
 8     0.781     0.359    -0.510
 9    46.088    -2.429     6.020
 9     0.367    -0.047    -0.929
 9    -0.920    -0.167    -0.354
 9    -0.137     0.985    -0.105
 2    36.397    -7.221    15.729
 2     0.960    -0.281    -0.003
 2     0.280     0.958     0.052
 2    -0.010    -0.052     0.998
 3    40.943     2.993    -2.374
 3     0.759    -0.589     0.278
 3     0.641     0.603    -0.475
 3     0.112     0.538     0.835
 4    40.662    -6.798    -1.513
 4     0.655     0.703     0.278
 4    -0.755     0.597     0.269
 4     0.024    -0.386     0.922
 5    44.737    -7.186     2.811
 5     0.628     0.324     0.709
 5    -0.063    -0.886     0.458
 5     0.775    -0.332    -0.536
 6    47.138    -3.258     6.773
 6     0.463    -0.169    -0.871
 6     0.857     0.332     0.391
 6     0.226    -0.928     0.296
 7    46.539    -1.757    -1.956
 7     0.425     0.296    -0.856
 7    -0.203     0.952     0.228
 7     0.882     0.077     0.464
 8    44.044     4.731     2.275
 8     0.627    -0.474     0.620
 8    -0.026    -0.807    -0.589
 8     0.778     0.353    -0.518
 9    46.076    -2.431     6.026
 9     0.371    -0.051    -0.927
 9    -0.918    -0.173    -0.357
 9    -0.141     0.983    -0.112
 2    36.397    -7.221    15.729
 2     0.960    -0.282    -0.003
 2     0.280     0.958     0.052
 2    -0.010    -0.052     0.998
 3    40.892     3.044    -2.331
 3     0.759    -0.587     0.283
 3     0.641     0.598    -0.481
 3     0.113     0.546     0.830
 4    40.567    -6.755    -1.511
 4     0.656     0.699     0.283
 4    -0.754     0.601     0.264
 4     0.015    -0.387     0.922
 5    44.716    -7.194     2.812
 5     0.635     0.323     0.704
 5    -0.067    -0.883     0.463
 5     0.770    -0.341    -0.539
 6    47.148    -3.229     6.701
 6     0.462    -0.175    -0.871
 6     0.856     0.340     0.386
 6     0.232    -0.924     0.305
 7    46.496    -1.738    -1.962
 7     0.429     0.296    -0.854
 7    -0.208     0.951     0.224
 7     0.879     0.082     0.469
 8    44.035     4.753     2.307
 8     0.630    -0.471     0.619
 8    -0.029    -0.809    -0.586
 8     0.776     0.351    -0.523
 9    46.063    -2.410     6.039
 9     0.372    -0.051    -0.927
 9    -0.917    -0.178    -0.357
 9    -0.146     0.983    -0.113
 2    36.397    -7.221    15.729
 2     0.960    -0.282    -0.003
 2     0.280     0.958     0.051
 2    -0.010    -0.052     0.998
 3    40.864     3.095    -2.308
 3     0.759    -0.585     0.286
 3     0.640     0.596    -0.485
 3     0.113     0.551     0.826
 4    40.555    -6.733    -1.523
 4     0.658     0.698     0.284
 4    -0.753     0.604     0.260
 4     0.010    -0.385     0.922
 5    44.705    -7.172     2.777
 5     0.638     0.322     0.701
 5    -0.068    -0.882     0.465
 5     0.767    -0.344    -0.541
 6    47.151    -3.202     6.695
 6     0.461    -0.176    -0.871
 6     0.855     0.344     0.384
 6     0.234    -0.922     0.307
 7    46.509    -1.694    -1.949
 7     0.430     0.295    -0.854
 7    -0.213     0.951     0.220
 7     0.877     0.087     0.472
 8    44.051     4.774     2.316
 8     0.632    -0.471     0.617
 8    -0.031    -0.809    -0.585
 8     0.774     0.351    -0.526
 9    46.082    -2.412     6.018
 9     0.371    -0.054    -0.927
 9    -0.917    -0.182    -0.356
 9    -0.148     0.982    -0.118
];