% Calibrated with leiden_pols
% Positions are in centimeters
Data =[
 2    36.397    -7.221    15.729
 2     0.960    -0.281    -0.003
 2     0.280     0.958     0.052
 2    -0.010    -0.052     0.998
 3    40.945     3.172    -2.254
 3     0.751    -0.587     0.305
 3     0.651     0.581    -0.488
 3     0.109     0.564     0.818
 4    40.968    -6.781    -1.604
 4     0.686     0.687     0.240
 4    -0.726     0.620     0.297
 4     0.055    -0.377     0.924
 5    44.942    -7.175     2.833
 5     0.617     0.343     0.710
 5    -0.055    -0.880     0.470
 5     0.785    -0.329    -0.524
 6    47.290    -3.096     6.685
 6     0.440    -0.169    -0.883
 6     0.868     0.328     0.370
 6     0.230    -0.929     0.289
 7    46.577    -1.629    -1.939
 7     0.414     0.281    -0.866
 7    -0.206     0.955     0.211
 7     0.886     0.091     0.453
 8    43.952     4.707     2.288
 8     0.606    -0.460     0.650
 8    -0.042    -0.833    -0.550
 8     0.794     0.306    -0.524
 9    46.014    -2.325     5.975
 9     0.393    -0.049    -0.918
 9    -0.903    -0.211    -0.374
 9    -0.174     0.976    -0.128
 2    36.397    -7.221    15.729
 2     0.960    -0.282    -0.003
 2     0.280     0.958     0.052
 2    -0.010    -0.052     0.998
 3    40.912     3.145    -2.271
 3     0.750    -0.586     0.307
 3     0.652     0.582    -0.485
 3     0.106     0.564     0.818
 4    40.930    -6.828    -1.559
 4     0.685     0.687     0.245
 4    -0.726     0.616     0.304
 4     0.058    -0.386     0.920
 5    44.918    -7.173     2.883
 5     0.617     0.344     0.709
 5    -0.051    -0.881     0.469
 5     0.785    -0.326    -0.526
 6    47.249    -3.153     6.711
 6     0.444    -0.168    -0.881
 6     0.867     0.321     0.376
 6     0.222    -0.932     0.286
 7    46.593    -1.725    -1.949
 7     0.412     0.291    -0.864
 7    -0.202     0.953     0.224
 7     0.888     0.082     0.451
 8    44.057     4.653     2.248
 8     0.605    -0.473     0.642
 8    -0.042    -0.823    -0.565
 8     0.794     0.315    -0.518
 9    46.038    -2.424     5.958
 9     0.381    -0.052    -0.923
 9    -0.910    -0.201    -0.364
 9    -0.165     0.978    -0.124
 2    36.397    -7.221    15.729
 2     0.960    -0.282    -0.003
 2     0.280     0.958     0.051
 2    -0.010    -0.052     0.998
 3    41.003     3.004    -2.291
 3     0.764    -0.574     0.297
 3     0.638     0.600    -0.483
 3     0.098     0.557     0.824
 4    40.926    -6.904    -1.522
 4     0.674     0.696     0.249
 4    -0.736     0.602     0.309
 4     0.065    -0.391     0.918
 5    44.851    -7.195     2.959
 5     0.617     0.335     0.714
 5    -0.050    -0.887     0.457
 5     0.785    -0.317    -0.531
 6    47.220    -3.217     6.789
 6     0.453    -0.163    -0.878
 6     0.867     0.304     0.391
 6     0.206    -0.938     0.277
 7    46.612    -1.824    -1.956
 7     0.408     0.311    -0.859
 7    -0.200     0.947     0.247
 7     0.890     0.071     0.449
 8    44.065     4.537     2.146
 8     0.595    -0.473     0.651
 8    -0.050    -0.829    -0.556
 8     0.802     0.298    -0.516
 9    46.046    -2.479     5.924
 9     0.385    -0.051    -0.922
 9    -0.907    -0.208    -0.367
 9    -0.172     0.977    -0.126
 2    36.397    -7.221    15.729
 2     0.960    -0.281    -0.003
 2     0.280     0.958     0.052
 2    -0.010    -0.052     0.998
 3    41.061     3.005    -2.319
 3     0.766    -0.574     0.290
 3     0.635     0.605    -0.480
 3     0.100     0.552     0.827
 4    40.835    -6.933    -1.559
 4     0.664     0.708     0.240
 4    -0.746     0.610     0.266
 4     0.042    -0.356     0.933
 5    44.668    -6.672     2.884
 5     0.604     0.266     0.753
 5    -0.005    -0.942     0.334
 5     0.797    -0.205    -0.567
 6    47.429    -3.503     6.627
 6     0.601    -0.146    -0.788
 6     0.785     0.285     0.547
 6     0.147    -0.947     0.283
 7    46.603    -1.795    -1.978
 7     0.402     0.308    -0.862
 7    -0.199     0.948     0.245
 7     0.893     0.073     0.442
 8    43.785     4.234     2.023
 8     0.564    -0.407     0.721
 8    -0.068    -0.890    -0.448
 8     0.823     0.203    -0.528
 9    46.195    -1.783     5.722
 9     0.564     0.040    -0.826
 9    -0.773    -0.329    -0.542
 9    -0.291     0.943    -0.156
 2    36.397    -7.221    15.729
 2     0.960    -0.282    -0.003
 2     0.280     0.958     0.052
 2    -0.010    -0.052     0.998
 3    41.118     3.075    -2.303
 3     0.765    -0.585     0.270
 3     0.632     0.603    -0.487
 3     0.122     0.542     0.831
 4    40.607    -6.927    -1.595
 4     0.607     0.754     0.249
 4    -0.794     0.565     0.223
 4     0.028    -0.333     0.942
 5    44.475    -6.365     2.886
 5     0.611     0.196     0.768
 5     0.015    -0.972     0.234
 5     0.791    -0.132    -0.596
 6    47.889    -4.469     6.867
 6     0.771     0.027    -0.636
 6     0.625     0.147     0.765
 6     0.116    -0.989     0.094
 7    46.582    -1.800    -2.036
 7     0.398     0.315    -0.862
 7    -0.206     0.945     0.250
 7     0.894     0.079     0.440
 8    43.592     4.027     1.971
 8     0.555    -0.267     0.789
 8    -0.026    -0.953    -0.302
 8     0.831     0.147    -0.535
 9    46.637     0.045     5.583
 9     0.773     0.190    -0.609
 9    -0.511    -0.381    -0.768
 9    -0.374     0.904    -0.200
 2    36.397    -7.221    15.729
 2     0.960    -0.282    -0.003
 2     0.280     0.958     0.051
 2    -0.010    -0.052     0.998
 3    41.159     3.120    -2.318
 3     0.760    -0.593     0.267
 3     0.634     0.587    -0.503
 3     0.142     0.551     0.822
 4    40.568    -6.840    -1.665
 4     0.584     0.783     0.213
 4    -0.809     0.543     0.223
 4     0.059    -0.302     0.951
 5    44.342    -6.341     2.976
 5     0.623     0.112     0.775
 5    -0.036    -0.985     0.169
 5     0.781    -0.133    -0.609
 6    48.280    -5.660     6.970
 6     0.879     0.099    -0.467
 6     0.457     0.103     0.883
 6     0.136    -0.990     0.044
 7    46.618    -1.757    -2.028
 7     0.402     0.296    -0.867
 7    -0.189     0.953     0.236
 7     0.896     0.069     0.438
 8    43.480     3.849     1.839
 8     0.538    -0.076     0.840
 8     0.056    -0.991    -0.124
 8     0.841     0.113    -0.529
 9    46.517     2.767     5.490
 9     0.902     0.366    -0.234
 9    -0.104    -0.334    -0.935
 9    -0.419     0.868    -0.267
 2    36.397    -7.221    15.729
 2     0.960    -0.282    -0.003
 2     0.280     0.958     0.051
 2    -0.010    -0.052     0.998
 3    41.285     3.195    -2.371
 3     0.754    -0.603     0.263
 3     0.635     0.568    -0.523
 3     0.166     0.560     0.811
 4    40.644    -6.759    -1.720
 4     0.567     0.802     0.190
 4    -0.817     0.518     0.251
 4     0.103    -0.297     0.949
 5    44.303    -6.759     3.180
 5     0.657    -0.012     0.753
 5    -0.175    -0.975     0.137
 5     0.733    -0.222    -0.643
 6    48.532    -7.322     6.621
 6     0.949     0.089    -0.301
 6     0.293     0.082     0.952
 6     0.110    -0.993     0.050
 7    46.615    -1.754    -2.032
 7     0.402     0.283    -0.871
 7    -0.186     0.956     0.224
 7     0.896     0.072     0.437
 8    43.446     3.809     1.781
 8     0.524     0.055     0.850
 8     0.114    -0.994    -0.006
 8     0.844     0.100    -0.526
 9    46.080     4.471     5.503
 9     0.894     0.447     0.031
 9     0.166    -0.260    -0.951
 9    -0.416     0.856    -0.307
 2    36.397    -7.221    15.729
 2     0.960    -0.282    -0.003
 2     0.280     0.958     0.051
 2    -0.010    -0.052     0.998
 3    41.368     3.152    -2.405
 3     0.759    -0.602     0.248
 3     0.626     0.571    -0.531
 3     0.178     0.558     0.810
 4    40.615    -6.692    -1.786
 4     0.554     0.810     0.190
 4    -0.826     0.508     0.244
 4     0.101    -0.292     0.951
 5    44.194    -6.859     3.109
 5     0.650    -0.050     0.758
 5    -0.215    -0.969     0.119
 5     0.729    -0.241    -0.641
