% Calibrated with leiden_pols
% Positions are in centimeters
Data =[
 2    97.233   -22.123    59.155
 2     0.500    -0.866     0.001
 2     0.865     0.499     0.050
 2    -0.044    -0.025     0.999
 3   126.998    -2.011     3.805
 3     0.281    -0.076    -0.957
 3     0.210     0.977    -0.015
 3     0.936    -0.198     0.290
 4   115.292    14.990    -4.707
 4     0.541    -0.835    -0.105
 4     0.755     0.536    -0.377
 4     0.370     0.125     0.920
 5   114.754    22.782    13.152
 5     0.083    -0.921     0.380
 5     0.206    -0.357    -0.911
 5     0.975     0.154     0.160
 6   126.400    26.185    46.746
 6     0.488    -0.710    -0.513
 6     0.035     0.598    -0.798
 6     0.872     0.371     0.317
 7   112.721   -21.135    -3.796
 7     0.552     0.817     0.165
 7    -0.814     0.486     0.317
 7     0.179    -0.310     0.934
 8   114.898   -27.054    16.616
 8     0.169     0.883     0.438
 8    -0.003    -0.444     0.896
 8     0.985    -0.152    -0.072
 9   125.060   -31.101    49.290
 9     0.382     0.868    -0.323
 9    -0.000     0.345     0.937
 9     0.924    -0.357     0.131
 2    97.233   -22.123    59.155
 2     0.500    -0.866     0.001
 2     0.865     0.499     0.050
 2    -0.044    -0.025     0.999
 3   127.395    -1.859     3.663
 3     0.256    -0.062    -0.965
 3     0.214     0.977    -0.006
 3     0.942    -0.206     0.263
 4   115.878    14.971    -4.895
 4     0.536    -0.838    -0.107
 4     0.771     0.536    -0.343
 4     0.343     0.102     0.933
 5   113.056    23.516    12.232
 5    -0.023    -0.865     0.501
 5     0.283    -0.486    -0.826
 5     0.959     0.123     0.256
 6   122.179    27.736    46.807
 6     0.348    -0.698    -0.629
 6     0.040     0.678    -0.731
 6     0.936     0.227     0.264
 7   113.373   -21.202    -4.231
 7     0.550     0.820     0.158
 7    -0.819     0.493     0.293
 7     0.162    -0.290     0.943
 8   113.218   -29.274    14.550
 8     0.015     0.931     0.364
 8    -0.069    -0.362     0.929
 8     0.997    -0.039     0.059
 9   118.653   -33.931    48.472
 9     0.230     0.888    -0.401
 9    -0.016     0.413     0.909
 9     0.973    -0.202     0.108
 2    97.233   -22.123    59.155
 2     0.500    -0.866     0.001
 2     0.865     0.499     0.050
 2    -0.044    -0.025     0.999
 3   127.532    -1.683     3.331
 3     0.231    -0.034    -0.972
 3     0.213     0.977     0.017
 3     0.949    -0.212     0.233
 4   116.043    15.157    -5.366
 4     0.507    -0.854    -0.115
 4     0.791     0.514    -0.331
 4     0.341     0.077     0.937
 5   111.282    24.462    10.587
 5    -0.165    -0.891     0.422
 5     0.331    -0.453    -0.828
 5     0.929     0.003     0.370
 6   116.564    28.180    45.747
 6     0.195    -0.650    -0.736
 6     0.017     0.751    -0.659
 6     0.980     0.114     0.157
 7   113.210   -21.184    -4.879
 7     0.516     0.840     0.167
 7    -0.844     0.466     0.265
 7     0.145    -0.277     0.950
 8   109.161   -30.807    12.419
 8    -0.177     0.915     0.362
 8    -0.134    -0.387     0.912
 8     0.975     0.113     0.191
 9   110.353   -35.694    46.203
 9     0.076     0.913    -0.403
 9    -0.026     0.404     0.914
 9     0.996    -0.057     0.053
 2    97.233   -22.123    59.155
 2     0.500    -0.866     0.001
 2     0.865     0.499     0.050
 2    -0.044    -0.025     0.999
 3   127.528    -1.552     3.061
 3     0.227    -0.015    -0.974
 3     0.210     0.977     0.034
 3     0.951    -0.212     0.225
 4   115.920    15.111    -6.354
 4     0.455    -0.882    -0.122
 4     0.828     0.469    -0.306
 4     0.326     0.038     0.944
 5   108.177    24.806     7.959
 5    -0.344    -0.849     0.401
 5     0.379    -0.516    -0.768
 5     0.859    -0.112     0.499
 6   108.368    30.121    42.713
 6     0.021    -0.650    -0.760
 6     0.039     0.759    -0.649
 6     0.999    -0.018     0.040
 7   112.769   -21.121    -5.635
 7     0.461     0.871     0.170
 7    -0.881     0.426     0.204
 7     0.106    -0.244     0.964
 8   105.159   -30.938    10.027
 8    -0.363     0.834     0.415
 8    -0.176    -0.499     0.849
 8     0.915     0.235     0.328
 9   100.795   -37.989    43.058
 9    -0.078     0.933    -0.352
 9    -0.065     0.347     0.935
 9     0.995     0.096     0.032
 2    97.233   -22.123    59.155
 2     0.500    -0.866     0.002
 2     0.865     0.499     0.050
 2    -0.044    -0.024     0.999
 3   127.583    -1.281     2.669
 3     0.210    -0.021    -0.977
 3     0.210     0.977     0.024
 3     0.955    -0.211     0.210
 4   114.885    14.869    -7.372
 4     0.345    -0.931    -0.120
 4     0.898     0.364    -0.245
 4     0.271    -0.023     0.962
 5   103.960    23.609     4.905
 5    -0.517    -0.699     0.495
 5     0.381    -0.705    -0.598
 5     0.766    -0.120     0.630
 6    99.357    32.067    39.003
 6    -0.104    -0.734    -0.671
 6     0.135     0.657    -0.741
 6     0.985    -0.168     0.030
 7   112.218   -20.653    -6.205
 7     0.369     0.921     0.124
 7    -0.925     0.350     0.146
 7     0.091    -0.169     0.981
 8   101.567   -29.947     7.303
 8    -0.505     0.710     0.492
 8    -0.189    -0.646     0.740
 8     0.842     0.280     0.459
 9    92.719   -37.877    39.462
 9    -0.203     0.931    -0.304
 9    -0.100     0.289     0.952
 9     0.974     0.223     0.033
 2    97.233   -22.123    59.155
 2     0.500    -0.866     0.002
 2     0.865     0.499     0.050
 2    -0.044    -0.024     0.999
 3   127.421    -0.818     2.172
 3     0.202    -0.052    -0.978
 3     0.203     0.979    -0.010
 3     0.958    -0.196     0.208
 4   114.043    14.794    -7.772
 4     0.255    -0.960    -0.115
 4     0.935     0.275    -0.222
 4     0.244    -0.051     0.968
 5   101.513    22.547     2.957
 5    -0.627    -0.578     0.523
 5     0.337    -0.806    -0.486
 5     0.702    -0.128     0.700
 6    92.110    33.384    35.585
 6    -0.265    -0.677    -0.686
 6     0.241     0.642    -0.727
 6     0.933    -0.358    -0.007
 7   112.179   -20.008    -6.765
 7     0.297     0.950     0.091
 7    -0.951     0.285     0.121
 7     0.089    -0.122     0.988
 8    99.647   -28.577     4.683
 8    -0.627     0.594     0.504
 8    -0.190    -0.744     0.641
 8     0.755     0.306     0.579
 9    86.336   -37.579    35.111
 9    -0.337     0.881    -0.332
 9    -0.148     0.298     0.943
 9     0.929     0.367     0.030
 2    97.188   -22.122    59.149
 2     0.500    -0.866     0.000
 2     0.865     0.499     0.049
 2    -0.042    -0.025     0.999
 3   127.558    -0.387     2.158
 3     0.174    -0.062    -0.983
 3     0.179     0.983    -0.031
 3     0.968    -0.171     0.182
 4   114.020    14.980    -7.808
 4     0.210    -0.970    -0.119
 4     0.947     0.232    -0.220
 4     0.240    -0.067     0.968
 5   101.044    22.297     2.143
 5    -0.670    -0.533     0.518
 5     0.311    -0.834    -0.456
 5     0.674    -0.144     0.724
 6    88.541    34.478    33.185
 6    -0.377    -0.611    -0.696
 6     0.296     0.633    -0.715
 6     0.878    -0.476    -0.058
 7   112.804   -19.535    -7.113
 7     0.251     0.967     0.051
 7    -0.962     0.243     0.123
 7     0.106    -0.080     0.991
 8    98.788   -27.636     2.551
 8    -0.723     0.501     0.476
 8    -0.189    -0.806     0.561
 8     0.664     0.316     0.677
 9    80.732   -38.266    30.038
 9    -0.471     0.810    -0.350
 9    -0.236     0.266     0.934
 9     0.850     0.523     0.065
 2    97.327   -22.154    59.085
 2     0.634    -0.774    -0.002
 2     0.772     0.633     0.042
 2    -0.030    -0.029     0.999
 3   127.869    -0.301     2.194
 3     0.140    -0.053    -0.989
 3     0.164     0.986    -0.030
 3     0.976    -0.158     0.146
 4   114.532    14.879    -7.957
 4     0.188    -0.972    -0.143
 4     0.953     0.215    -0.210
 4     0.234    -0.097     0.967
 5   100.903    21.959     1.115
 5    -0.705    -0.503     0.501
 5     0.318    -0.854    -0.411
 5     0.634    -0.131     0.761
 6    86.374    34.818    31.001
 6    -0.438    -0.566    -0.698
 6     0.318     0.629    -0.709
 6     0.841    -0.533    -0.096
 7   113.104   -19.250    -7.526
 7     0.207     0.978     0.018
 7    -0.972     0.203     0.118
 7     0.111    -0.043     0.993
 8    98.131   -26.899     0.709
 8    -0.795     0.418     0.441
 8    -0.187    -0.858     0.477
 8     0.577     0.297     0.760
 9    76.120   -38.804    24.715
 9    -0.596     0.698    -0.398
 9    -0.308     0.259     0.915
 9     0.742     0.668     0.060
 2    97.421   -22.068    58.988
 2     0.729    -0.685    -0.010
 2     0.684     0.728     0.025
 2    -0.008    -0.026     0.999
 3   127.892    -0.263     2.224
 3     0.109    -0.048    -0.993
 3     0.156     0.987    -0.031
 3     0.982    -0.152     0.115
 4   114.574    14.464    -8.339
 4     0.150    -0.976    -0.160
 4     0.966     0.179    -0.188
 4     0.211    -0.126     0.969
 5   100.424    21.098    -0.070
 5    -0.737    -0.456     0.500
 5     0.312    -0.885    -0.346
 5     0.599    -0.099     0.794
 6    84.264    34.229    28.820
 6    -0.492    -0.544    -0.679
 6     0.322     0.611    -0.723
 6     0.809    -0.575    -0.126
 7   113.235   -19.040    -7.782
 7     0.181     0.983     0.004
 7    -0.978     0.180     0.107
 7     0.105    -0.023     0.994
 8    98.133   -26.480     0.022
 8    -0.817     0.386     0.429
 8    -0.176    -0.875     0.452
 8     0.549     0.294     0.782
 9    75.043   -38.750    22.884
 9    -0.646     0.619    -0.447
 9    -0.325     0.306     0.895
 9     0.691     0.723     0.003
 2    97.476   -22.071    59.022
 2     0.753    -0.659    -0.016
 2     0.658     0.752     0.020
 2    -0.000    -0.027     0.999
 3   128.128    -0.294     2.301
 3     0.094    -0.048    -0.995
 3     0.160     0.986    -0.033
 3     0.983    -0.156     0.100
 4   114.889    13.975    -8.596
 4     0.135    -0.976    -0.171
 4     0.971     0.164    -0.173
 4     0.196    -0.142     0.970
 5   100.471    20.523    -0.891
 5    -0.754    -0.436     0.493
 5     0.316    -0.897    -0.308
 5     0.576    -0.077     0.813
 6    83.765    34.283    27.168
 6    -0.522    -0.495    -0.695
 6     0.334     0.631    -0.700
 6     0.785    -0.598    -0.164
 7   113.478   -18.770    -7.971
 7     0.168     0.986     0.000
 7    -0.980     0.167     0.103
 7     0.102    -0.018     0.995
 8    98.060   -26.025    -0.726
 8    -0.832     0.361     0.422
 8    -0.167    -0.887     0.429
 8     0.529     0.286     0.798
 9    73.509   -38.974    20.413
 9    -0.706     0.518    -0.483
 9    -0.346     0.342     0.873
 9     0.618     0.784    -0.063
 2    97.748   -22.037    58.791
 2     0.771    -0.635    -0.060
 2     0.635     0.771     0.000
 2     0.048    -0.039     0.998
 3   128.268    -0.393     2.493
 3     0.090    -0.035    -0.995
 3     0.176     0.984    -0.019
 3     0.980    -0.174     0.094
 4   115.131    13.292    -9.225
 4     0.142    -0.974    -0.177
 4     0.975     0.168    -0.142
 4     0.168    -0.152     0.974
 5   100.785    20.334    -1.763
 5    -0.749    -0.445     0.493
 5     0.351    -0.895    -0.273
 5     0.562    -0.032     0.826
 6    84.370    35.484    25.992
 6    -0.518    -0.488    -0.703
 6     0.368     0.614    -0.698
 6     0.772    -0.620    -0.139
 7   113.268   -18.484    -8.418
 7     0.159     0.987     0.014
 7    -0.984     0.157     0.088
 7     0.084    -0.028     0.996
 8    98.118   -25.994    -0.859
 8    -0.817     0.378     0.436
 8    -0.180    -0.885     0.429
 8     0.548     0.272     0.791
 9    74.161   -39.538    20.901
 9    -0.696     0.502    -0.514
 9    -0.357     0.379     0.854
 9     0.623     0.777    -0.085
 2    97.758   -21.957    58.780
 2     0.770    -0.635    -0.065
 2     0.635     0.771    -0.001
 2     0.052    -0.042     0.998
 3   128.247    -0.575     2.500
 3     0.094    -0.027    -0.995
 3     0.186     0.982    -0.009
 3     0.978    -0.185     0.097
 4   115.049    12.873    -9.462
 4     0.145    -0.974    -0.176
 4     0.977     0.168    -0.127
 4     0.153    -0.153     0.976
 5   100.646    20.128    -1.984
 5    -0.750    -0.440     0.495
 5     0.353    -0.898    -0.261
 5     0.558    -0.021     0.828
 6    84.035    35.424    25.600
 6    -0.527    -0.486    -0.697
 6     0.374     0.603    -0.704
 6     0.763    -0.632    -0.136
 7   113.318   -18.585    -8.473
 7     0.159     0.987     0.010
 7    -0.984     0.158     0.088
 7     0.085    -0.024     0.996
 8    98.302   -26.072    -1.017
 8    -0.820     0.380     0.429
 8    -0.186    -0.884     0.428
 8     0.542     0.271     0.795
 9    74.218   -39.706    20.557
 9    -0.706     0.481    -0.520
 9    -0.356     0.393     0.848
 9     0.612     0.783    -0.106
 2    97.758   -21.983    58.831
 2     0.771    -0.634    -0.066
 2     0.634     0.772    -0.001
 2     0.052    -0.042     0.998
 3   128.382    -0.615     2.519
 3     0.085    -0.028    -0.996
 3     0.186     0.982    -0.012
 3     0.979    -0.185     0.088
 4   115.328    12.823    -9.407
 4     0.144    -0.972    -0.185
 4     0.978     0.168    -0.126
 4     0.153    -0.163     0.974
 5   100.882    20.249    -2.040
 5    -0.752    -0.445     0.486
 5     0.359    -0.895    -0.264
 5     0.552    -0.024     0.833
 6    83.770    35.718    25.192
 6    -0.537    -0.475    -0.697
 6     0.381     0.600    -0.703
 6     0.752    -0.644    -0.141
 7   113.543   -18.584    -8.478
 7     0.160     0.987     0.004
 7    -0.983     0.159     0.088
 7     0.086    -0.018     0.996
 8    98.329   -26.032    -1.085
 8    -0.825     0.374     0.423
 8    -0.183    -0.886     0.426
 8     0.534     0.274     0.799
 9    73.763   -39.753    20.079
 9    -0.718     0.458    -0.524
 9    -0.359     0.400     0.843
 9     0.596     0.793    -0.123
 2    97.766   -21.987    58.831
 2     0.781    -0.622    -0.065
 2     0.622     0.782    -0.001
 2     0.053    -0.041     0.998
 3   128.330    -0.612     2.522
 3     0.081    -0.031    -0.996
 3     0.185     0.982    -0.016
 3     0.979    -0.184     0.085
 4   115.144    12.772    -9.347
 4     0.136    -0.973    -0.187
 4     0.979     0.161    -0.125
 4     0.150    -0.166     0.974
 5   100.577    20.022    -2.092
 5    -0.755    -0.435     0.491
 5     0.353    -0.900    -0.254
 5     0.552    -0.018     0.833
 6    83.510    35.463    25.176
 6    -0.541    -0.482    -0.689
 6     0.379     0.591    -0.712
 6     0.750    -0.646    -0.138
 7   113.441   -18.587    -8.473
 7     0.156     0.987     0.005
 7    -0.984     0.155     0.087
 7     0.085    -0.019     0.996
 8    98.280   -25.900    -0.963
 8    -0.821     0.371     0.435
 8    -0.177    -0.888     0.424
 8     0.543     0.271     0.794
 9    74.021   -39.490    20.587
 9    -0.712     0.476    -0.516
 9    -0.355     0.390     0.849
 9     0.605     0.788    -0.109
 2    97.761   -22.047    58.900
 2     0.793    -0.607    -0.063
 2     0.607     0.794     0.005
 2     0.048    -0.043     0.998
 3   128.255    -0.613     2.521
 3     0.081    -0.032    -0.996
 3     0.184     0.983    -0.017
 3     0.979    -0.182     0.085
 4   115.039    12.771    -9.397
 4     0.134    -0.974    -0.181
 4     0.979     0.157    -0.124
 4     0.149    -0.161     0.975
 5   100.545    20.027    -1.930
 5    -0.753    -0.435     0.494
 5     0.348    -0.900    -0.261
 5     0.558    -0.025     0.829
 6    83.596    35.315    25.515
 6    -0.540    -0.487    -0.686
 6     0.374     0.591    -0.714
 6     0.754    -0.643    -0.137
 7   113.388   -18.588    -8.466
 7     0.157     0.987     0.008
 7    -0.984     0.155     0.085
 7     0.083    -0.022     0.996
 8    98.269   -25.939    -0.496
 8    -0.810     0.380     0.446
 8    -0.170    -0.881     0.441
 8     0.560     0.281     0.778
 9    74.748   -39.132    21.968
 9    -0.696     0.502    -0.513
 9    -0.344     0.394     0.852
 9     0.630     0.769    -0.102
 2    97.666   -22.082    59.165
 2     0.819    -0.573    -0.043
 2     0.573     0.818     0.026
 2     0.021    -0.047     0.999
 3   128.210    -0.620     2.667
 3     0.088    -0.023    -0.996
 3     0.182     0.983    -0.007
 3     0.979    -0.181     0.090
 4   115.071    13.130    -9.078
 4     0.158    -0.972    -0.175
 4     0.974     0.182    -0.134
 4     0.161    -0.149     0.975
 5   101.161    20.811    -0.787
 5    -0.725    -0.474     0.502
 5     0.355    -0.879    -0.317
 5     0.591    -0.052     0.805
 6    86.649    35.598    28.206
 6    -0.467    -0.517    -0.717
 6     0.351     0.636    -0.687
 6     0.812    -0.573    -0.115
 7   112.936   -18.665    -8.270
 7     0.182     0.983     0.031
 7    -0.981     0.180     0.075
 7     0.067    -0.045     0.997
 8    99.104   -26.942     1.702
 8    -0.736     0.483     0.475
 8    -0.187    -0.818     0.543
 8     0.651     0.310     0.692
 9    80.328   -40.402    27.494
 9    -0.574     0.604    -0.553
 9    -0.348     0.431     0.833
 9     0.741     0.670    -0.037
 2    97.600   -22.261    59.109
 2     0.854    -0.521    -0.005
 2     0.519     0.853     0.045
 2    -0.018    -0.043     0.999
 3   128.084    -0.848     2.830
 3     0.133    -0.018    -0.991
 3     0.181     0.983     0.006
 3     0.974    -0.180     0.133
 4   114.923    13.584    -8.502
 4     0.248    -0.958    -0.146
 4     0.950     0.269    -0.154
 4     0.186    -0.100     0.977
 5   102.594    22.779     1.211
 5    -0.634    -0.594     0.496
 5     0.412    -0.802    -0.433
 5     0.655    -0.070     0.752
 6    94.276    35.817    33.275
 6    -0.286    -0.512    -0.810
 6     0.281     0.763    -0.582
 6     0.916    -0.394    -0.075
 7   113.046   -19.359    -7.448
 7     0.295     0.952     0.077
 7    -0.952     0.286     0.106
 7     0.078    -0.104     0.991
 8   101.851   -29.226     5.091
 8    -0.593     0.668     0.450
 8    -0.220    -0.672     0.707
 8     0.775     0.320     0.545
 9    89.752   -42.739    34.318
 9    -0.379     0.683    -0.624
 9    -0.345     0.521     0.780
 9     0.858     0.511     0.037
 2    97.600   -22.261    59.160
 2     0.854    -0.521    -0.005
 2     0.519     0.853     0.046
 2    -0.018    -0.044     0.999
 3   127.832    -0.972     3.195
 3     0.177    -0.038    -0.984
 3     0.182     0.983    -0.005
 3     0.967    -0.179     0.181
 4   114.759    14.111    -7.614
 4     0.356    -0.929    -0.104
 4     0.909     0.370    -0.191
 4     0.215    -0.027     0.976
 5   105.006    24.321     4.222
 5    -0.493    -0.717     0.494
 5     0.444    -0.695    -0.565
 5     0.748    -0.059     0.661
 6   103.152    34.729    38.299
 6    -0.110    -0.483    -0.869
 6     0.204     0.844    -0.495
 6     0.973    -0.232     0.005
 7   112.946   -20.002    -6.658
 7     0.377     0.919     0.117
 7    -0.920     0.357     0.159
 7     0.105    -0.168     0.980
 8   104.755   -30.051     8.524
 8    -0.415     0.794     0.444
 8    -0.198    -0.555     0.808
 8     0.888     0.247     0.387
 9   100.183   -41.434    40.237
 9    -0.151     0.775    -0.614
 9    -0.270     0.565     0.779
 9     0.951     0.284     0.122
 2    97.598   -22.262    59.163
 2     0.855    -0.520    -0.005
 2     0.519     0.853     0.046
 2    -0.019    -0.044     0.999
 3   127.578    -1.317     3.416
 3     0.215    -0.058    -0.975
 3     0.181     0.983    -0.019
 3     0.959    -0.173     0.222
 4   115.387    14.344    -7.070
 4     0.446    -0.891    -0.089
 4     0.859     0.453    -0.237
 4     0.251     0.029     0.967
 5   107.877    24.646     6.695
 5    -0.370    -0.806     0.462
 5     0.425    -0.589    -0.687
 5     0.826    -0.058     0.560
 6   110.025    32.321    41.536
 6    -0.002    -0.427    -0.905
 6     0.133     0.896    -0.423
 6     0.991    -0.122     0.054
 7   113.189   -20.414    -6.017
 7     0.448     0.882     0.145
 7    -0.883     0.411     0.226
 7     0.140    -0.229     0.963
 8   107.841   -30.094    10.931
 8    -0.251     0.869     0.425
 8    -0.166    -0.471     0.866
 8     0.953     0.147     0.262
 9   109.811   -37.603    43.852
 9     0.089     0.840    -0.537
 9    -0.120     0.542     0.831
 9     0.989    -0.009     0.147
 2    97.598   -22.263    59.112
 2     0.855    -0.520    -0.004
 2     0.518     0.853     0.046
 2    -0.019    -0.043     0.999
 3   127.415    -1.520     3.657
 3     0.243    -0.075    -0.967
 3     0.186     0.982    -0.029
 3     0.952    -0.174     0.252
 4   115.305    14.540    -6.381
 4     0.483    -0.872    -0.082
 4     0.826     0.484    -0.288
 4     0.289     0.072     0.954
 5   109.936    24.193     9.244
 5    -0.236    -0.849     0.473
 5     0.377    -0.529    -0.760
 5     0.895    -0.001     0.445
 6   115.774    29.209    44.071
 6     0.140    -0.521    -0.843
 6     0.060     0.853    -0.517
 6     0.988     0.020     0.150
 7   113.033   -20.576    -5.512
 7     0.481     0.861     0.161
 7    -0.861     0.430     0.272
 7     0.165    -0.270     0.949
 8   110.211   -29.473    12.766
 8    -0.120     0.902     0.415
 8    -0.122    -0.428     0.895
 8     0.985     0.056     0.161
 9   115.632   -34.443    46.481
 9     0.250     0.909    -0.336
 9    -0.030     0.352     0.935
 9     0.968    -0.223     0.114
 2    97.598   -22.313    59.163
 2     0.855    -0.520    -0.004
 2     0.518     0.853     0.046
 2    -0.019    -0.043     0.999
 3   127.338    -1.686     3.679
 3     0.256    -0.083    -0.963
 3     0.184     0.982    -0.036
 3     0.949    -0.169     0.266
 4   115.592    14.915    -5.478
 4     0.528    -0.845    -0.087
 4     0.781     0.523    -0.340
 4     0.332     0.112     0.936
 5   112.683    24.185    11.258
 5    -0.095    -0.894     0.438
 5     0.339    -0.443    -0.830
 5     0.936     0.070     0.345
 6   121.564    27.524    45.963
 6     0.283    -0.640    -0.717
 6     0.004     0.746    -0.664
 6     0.959     0.183     0.213
 7   113.503   -20.879    -4.775
 7     0.529     0.833     0.157
 7    -0.826     0.464     0.320
 7     0.194    -0.300     0.934
 8   113.301   -29.441    14.283
 8    -0.034     0.948     0.316
 8    -0.083    -0.318     0.944
 8     0.996     0.006     0.089
 9   120.513   -32.374    48.529
 9     0.350     0.929    -0.122
 9     0.041     0.113     0.992
 9     0.935    -0.352     0.000
 2    97.598   -22.263    59.163
 2     0.855    -0.520    -0.005
 2     0.518     0.853     0.047
 2    -0.019    -0.044     0.999
 3   127.225    -1.693     3.737
 3     0.264    -0.107    -0.959
 3     0.190     0.980    -0.056
 3     0.945    -0.168     0.278
 4   115.524    15.053    -4.895
 4     0.547    -0.833    -0.084
 4     0.758     0.534    -0.373
 4     0.355     0.140     0.924
 5   114.714    23.484    12.756
 5     0.043    -0.913     0.405
 5     0.268    -0.380    -0.885
 5     0.962     0.146     0.229
 6   125.921    26.918    46.638
 6     0.429    -0.761    -0.491
 6     0.020     0.547    -0.835
 6     0.903     0.347     0.249
 7   113.761   -21.366    -3.903
 7     0.551     0.822     0.140
 7    -0.802     0.476     0.361
 7     0.230    -0.311     0.922
 8   115.737   -28.400    16.326
 8     0.107     0.931     0.348
 8    -0.040    -0.346     0.937
 8     0.993    -0.114     0.000
 9   125.845   -30.976    49.627
 9     0.432     0.880    -0.201
 9     0.057     0.191     0.979
 9     0.900    -0.434     0.031
 2    97.596   -22.264    59.166
 2     0.855    -0.520    -0.004
 2     0.518     0.853     0.047
 2    -0.020    -0.044     0.999
 3   127.035    -1.823     3.760
 3     0.270    -0.119    -0.956
 3     0.206     0.976    -0.063
 3     0.940    -0.180     0.288
 4   115.304    14.921    -4.547
 4     0.563    -0.823    -0.077
 4     0.745     0.546    -0.383
 4     0.356     0.158     0.921
 5   115.786    22.960    13.292
 5     0.128    -0.925     0.358
 5     0.228    -0.323    -0.918
 5     0.965     0.199     0.170
 6   128.697    26.161    46.222
 6     0.521    -0.748    -0.418
 6     0.017     0.493    -0.868
 6     0.853     0.444     0.269
 7   113.417   -21.565    -3.559
 7     0.555     0.820     0.137
 7    -0.798     0.479     0.363
 7     0.233    -0.311     0.921
 8   116.296   -27.643    17.582
 8     0.200     0.904     0.377
 8     0.005    -0.386     0.922
 8     0.979    -0.183    -0.082
 9   127.972   -30.354    49.893
 9     0.471     0.864    -0.183
 9     0.040     0.181     0.982
 9     0.881    -0.469     0.050
 2    97.646   -22.263    59.166
 2     0.854    -0.521    -0.004
 2     0.519     0.853     0.047
 2    -0.020    -0.044     0.999
 3   126.809    -2.061     3.692
 3     0.282    -0.118    -0.952
 3     0.210     0.975    -0.058
 3     0.936    -0.185     0.299
 4   115.296    14.914    -4.281
 4     0.573    -0.817    -0.075
 4     0.740     0.553    -0.381
 4     0.352     0.163     0.921
 5   115.949    22.822    13.613
 5     0.151    -0.909     0.388
 5     0.219    -0.352    -0.910
 5     0.964     0.222     0.147
 6   129.398    25.758    46.297
 6     0.540    -0.729    -0.428
 6     0.009     0.508    -0.859
 6     0.841     0.459     0.281
 7   113.094   -21.769    -3.384
 7     0.553     0.822     0.135
 7    -0.799     0.479     0.362
 7     0.234    -0.308     0.922
 8   116.377   -27.290    17.958
 8     0.223     0.900     0.374
 8     0.028    -0.389     0.920
 8     0.974    -0.195    -0.112
 9   128.424   -30.091    49.877
 9     0.483     0.850    -0.217
 9     0.034     0.225     0.973
 9     0.875    -0.477     0.079
 2    97.646   -22.263    59.166
 2     0.854    -0.521    -0.004
 2     0.519     0.853     0.047
 2    -0.020    -0.044     0.999
 3   126.647    -2.141     3.634
 3     0.286    -0.112    -0.952
 3     0.214     0.975    -0.050
 3     0.934    -0.190     0.303
 4   115.058    14.910    -4.216
 4     0.574    -0.816    -0.070
 4     0.741     0.554    -0.378
 4     0.347     0.166     0.923
 5   115.637    22.733    13.736
 5     0.144    -0.905     0.400
 5     0.207    -0.368    -0.906
 5     0.968     0.212     0.135
 6   128.777    25.844    46.537
 6     0.537    -0.738    -0.415
 6     0.021     0.498    -0.865
 6     0.843     0.455     0.283
 7   112.779   -21.853    -3.230
 7     0.552     0.821     0.144
 7    -0.802     0.477     0.359
 7     0.226    -0.313     0.922
 8   116.078   -27.078    18.318
 8     0.240     0.887     0.395
 8     0.041    -0.415     0.909
 8     0.970    -0.202    -0.136
 9   128.196   -30.072    50.045
 9     0.485     0.853    -0.197
 9     0.026     0.206     0.977
 9     0.873    -0.479     0.077
 2    97.643   -22.264    59.169
 2     0.854    -0.521    -0.004
 2     0.519     0.852     0.047
 2    -0.021    -0.043     0.999
 3   126.617    -2.068     3.542
 3     0.289    -0.105    -0.952
 3     0.214     0.976    -0.042
 3     0.933    -0.192     0.304
 4   114.807    15.013    -4.170
 4     0.569    -0.820    -0.064
 4     0.745     0.546    -0.382
 4     0.348     0.169     0.922
 5   115.521    22.682    13.882
 5     0.148    -0.901     0.408
 5     0.197    -0.377    -0.905
 5     0.969     0.214     0.122
 6   128.532    25.841    46.775
 6     0.541    -0.744    -0.399
 6     0.023     0.482    -0.874
 6     0.840     0.463     0.278
 7   112.452   -21.694    -3.239
 7     0.540     0.828     0.149
 7    -0.814     0.469     0.343
 7     0.214    -0.307     0.927
 8   115.756   -26.723    18.421
 8     0.254     0.871     0.420
 8     0.047    -0.445     0.894
 8     0.966    -0.208    -0.154
 9   127.834   -29.972    49.942
 9     0.473     0.862    -0.187
 9     0.010     0.203     0.979
 9     0.881    -0.464     0.087
];