% Calibrated with leiden_pols
% Positions are in centimeters
Data =[
 2    97.233   -22.123    59.155
 2     0.500    -0.866     0.001
 2     0.865     0.499     0.050
 2    -0.044    -0.025     0.999
 3   126.998    -2.011     3.805
 3     0.281    -0.076    -0.957
 3     0.210     0.977    -0.015
 3     0.936    -0.198     0.290
 4   115.292    14.990    -4.707
 4     0.541    -0.835    -0.105
 4     0.755     0.536    -0.377
 4     0.370     0.125     0.920
 5   114.754    22.782    13.152
 5     0.083    -0.921     0.380
 5     0.206    -0.357    -0.911
 5     0.975     0.154     0.160
 6   126.400    26.185    46.746
 6     0.488    -0.710    -0.513
 6     0.035     0.598    -0.798
 6     0.872     0.371     0.317
 7   112.721   -21.135    -3.796
 7     0.552     0.817     0.165
 7    -0.814     0.486     0.317
 7     0.179    -0.310     0.934
 8   114.898   -27.054    16.616
 8     0.169     0.883     0.438
 8    -0.003    -0.444     0.896
 8     0.985    -0.152    -0.072
 9   125.060   -31.101    49.290
 9     0.382     0.868    -0.323
 9    -0.000     0.345     0.937
 9     0.924    -0.357     0.131
 2    97.233   -22.123    59.155
 2     0.500    -0.866     0.001
 2     0.865     0.499     0.050
 2    -0.044    -0.025     0.999
 3   127.395    -1.859     3.663
 3     0.256    -0.062    -0.965
 3     0.214     0.977    -0.006
 3     0.942    -0.206     0.263
 4   115.878    14.971    -4.895
 4     0.536    -0.838    -0.107
 4     0.771     0.536    -0.343
 4     0.343     0.102     0.933
 5   113.056    23.516    12.232
 5    -0.023    -0.865     0.501
 5     0.283    -0.486    -0.826
 5     0.959     0.123     0.256
 6   122.179    27.736    46.807
 6     0.348    -0.698    -0.629
 6     0.040     0.678    -0.731
 6     0.936     0.227     0.264
 7   113.373   -21.202    -4.231
 7     0.550     0.820     0.158
 7    -0.819     0.493     0.293
 7     0.162    -0.290     0.943
 8   113.218   -29.274    14.550
 8     0.015     0.931     0.364
 8    -0.069    -0.362     0.929
 8     0.997    -0.039     0.059
 9   118.653   -33.931    48.472
 9     0.230     0.888    -0.401
 9    -0.016     0.413     0.909
 9     0.973    -0.202     0.108
 2    97.233   -22.123    59.155
 2     0.500    -0.866     0.001
 2     0.865     0.499     0.050
 2    -0.044    -0.025     0.999
 3   127.532    -1.683     3.331
 3     0.231    -0.034    -0.972
 3     0.213     0.977     0.017
 3     0.949    -0.212     0.233
 4   116.043    15.157    -5.366
 4     0.507    -0.854    -0.115
 4     0.791     0.514    -0.331
 4     0.341     0.077     0.937
 5   111.282    24.462    10.587
 5    -0.165    -0.891     0.422
 5     0.331    -0.453    -0.828
 5     0.929     0.003     0.370
 6   116.564    28.180    45.747
 6     0.195    -0.650    -0.736
 6     0.017     0.751    -0.659
 6     0.980     0.114     0.157
 7   113.210   -21.184    -4.879
 7     0.516     0.840     0.167
 7    -0.844     0.466     0.265
 7     0.145    -0.277     0.950
 8   109.161   -30.807    12.419
 8    -0.177     0.915     0.362
 8    -0.134    -0.387     0.912
 8     0.975     0.113     0.191
 9   110.353   -35.694    46.203
 9     0.076     0.913    -0.403
 9    -0.026     0.404     0.914
 9     0.996    -0.057     0.053
 2    97.233   -22.123    59.155
 2     0.500    -0.866     0.001
 2     0.865     0.499     0.050
 2    -0.044    -0.025     0.999
 3   127.528    -1.552     3.061
 3     0.227    -0.015    -0.974
 3     0.210     0.977     0.034
 3     0.951    -0.212     0.225
 4   115.920    15.111    -6.354
 4     0.455    -0.882    -0.122
 4     0.828     0.469    -0.306
 4     0.326     0.038     0.944
 5   108.177    24.806     7.959
 5    -0.344    -0.849     0.401
 5     0.379    -0.516    -0.768
 5     0.859    -0.112     0.499
 6   108.368    30.121    42.713
 6     0.021    -0.650    -0.760
 6     0.039     0.759    -0.649
 6     0.999    -0.018     0.040
 7   112.769   -21.121    -5.635
 7     0.461     0.871     0.170
 7    -0.881     0.426     0.204
 7     0.106    -0.244     0.964
 8   105.159   -30.938    10.027
 8    -0.363     0.834     0.415
 8    -0.176    -0.499     0.849
 8     0.915     0.235     0.328
 9   100.795   -37.989    43.058
 9    -0.078     0.933    -0.352
 9    -0.065     0.347     0.935
 9     0.995     0.096     0.032
 2    97.233   -22.123    59.155
 2     0.500    -0.866     0.002
 2     0.865     0.499     0.050
 2    -0.044    -0.024     0.999
 3   127.583    -1.281     2.669
 3     0.210    -0.021    -0.977
 3     0.210     0.977     0.024
 3     0.955    -0.211     0.210
 4   114.885    14.869    -7.372
 4     0.345    -0.931    -0.120
 4     0.898     0.364    -0.245
 4     0.271    -0.023     0.962
 5   103.960    23.609     4.905
 5    -0.517    -0.699     0.495
 5     0.381    -0.705    -0.598
 5     0.766    -0.120     0.630
 6    99.357    32.067    39.003
 6    -0.104    -0.734    -0.671
 6     0.135     0.657    -0.741
 6     0.985    -0.168     0.030
 7   112.218   -20.653    -6.205
 7     0.369     0.921     0.124
 7    -0.925     0.350     0.146
 7     0.091    -0.169     0.981
 8   101.567   -29.947     7.303
 8    -0.505     0.710     0.492
 8    -0.189    -0.646     0.740
 8     0.842     0.280     0.459
 9    92.719   -37.877    39.462
 9    -0.203     0.931    -0.304
 9    -0.100     0.289     0.952
 9     0.974     0.223     0.033
 2    97.233   -22.123    59.155
 2     0.500    -0.866     0.002
 2     0.865     0.499     0.050
 2    -0.044    -0.024     0.999
 3   127.421    -0.818     2.172
 3     0.202    -0.052    -0.978
 3     0.203     0.979    -0.010
 3     0.958    -0.196     0.208
 4   114.043    14.794    -7.772
 4     0.255    -0.960    -0.115
 4     0.935     0.275    -0.222
 4     0.244    -0.051     0.968
 5   101.513    22.547     2.957
 5    -0.627    -0.578     0.523
 5     0.337    -0.806    -0.486
 5     0.702    -0.128     0.700
 6    92.110    33.384    35.585
 6    -0.265    -0.677    -0.686
 6     0.241     0.642    -0.727
 6     0.933    -0.358    -0.007
 7   112.179   -20.008    -6.765
 7     0.297     0.950     0.091
 7    -0.951     0.285     0.121
 7     0.089    -0.122     0.988
 8    99.647   -28.577     4.683
 8    -0.627     0.594     0.504
 8    -0.190    -0.744     0.641
 8     0.755     0.306     0.579
 9    86.336   -37.579    35.111
 9    -0.337     0.881    -0.332
 9    -0.148     0.298     0.943
 9     0.929     0.367     0.030
 2    97.188   -22.122    59.149
 2     0.500    -0.866     0.000
 2     0.865     0.499     0.049
 2    -0.042    -0.025     0.999
 3   127.558    -0.387     2.158
 3     0.174    -0.062    -0.983
 3     0.179     0.983    -0.031
 3     0.968    -0.171     0.182
 4   114.020    14.980    -7.808
 4     0.210    -0.970    -0.119
 4     0.947     0.232    -0.220
 4     0.240    -0.067     0.968
 5   101.044    22.297     2.143
 5    -0.670    -0.533     0.518
 5     0.311    -0.834    -0.456
 5     0.674    -0.144     0.724
 6    88.541    34.478    33.185
 6    -0.377    -0.611    -0.696
 6     0.296     0.633    -0.715
 6     0.878    -0.476    -0.058
 7   112.804   -19.535    -7.113
 7     0.251     0.967     0.051
 7    -0.962     0.243     0.123
 7     0.106    -0.080     0.991
 8    98.788   -27.636     2.551
 8    -0.723     0.501     0.476
 8    -0.189    -0.806     0.561
 8     0.664     0.316     0.677
 9    80.732   -38.266    30.038
 9    -0.471     0.810    -0.350
 9    -0.236     0.266     0.934
 9     0.850     0.523     0.065
 2    97.327   -22.154    59.085
 2     0.634    -0.774    -0.002
 2     0.772     0.633     0.042
 2    -0.030    -0.029     0.999
 3   127.869    -0.301     2.194
 3     0.140    -0.053    -0.989
 3     0.164     0.986    -0.030
 3     0.976    -0.158     0.146
 4   114.532    14.879    -7.957
 4     0.188    -0.972    -0.143
 4     0.953     0.215    -0.210
 4     0.234    -0.097     0.967
 5   100.903    21.959     1.115
 5    -0.705    -0.503     0.501
 5     0.318    -0.854    -0.411
 5     0.634    -0.131     0.761
