2 	  32.82	  -8.17	  22.73
	  0.827	  0.561	 -0.025
	 -0.563	  0.825	 -0.043
	 -0.002	  0.049	  0.999

3 	  42.80	  -0.86	   2.20
	  0.395	  0.263	  0.880
	 -0.090	  0.964	 -0.249
	 -0.914	  0.019	  0.404

4 	  39.04	   5.45	  -3.02
	  0.761	  0.646	  0.057
	 -0.637	  0.727	  0.256
	  0.124	 -0.231	  0.965

5 	  41.48	   7.80	   4.87
	  0.475	  0.154	  0.866
	 -0.839	 -0.217	  0.498
	  0.266	 -0.964	  0.026

6 	  48.53	  -0.53	   9.28
	  0.370	 -0.922	 -0.112
	  0.035	 -0.109	  0.993
	 -0.928	 -0.371	 -0.009

7 	  37.53	  -7.19	  -2.76
	  0.697	 -0.702	 -0.143
	  0.590	  0.675	 -0.443
	  0.407	  0.224	  0.885

8 	  41.89	  -9.35	   6.01
	  0.576	 -0.019	  0.817
	  0.802	 -0.178	 -0.570
	  0.156	  0.984	 -0.088

9 	  47.32	   0.30	   6.47
	  0.216	  0.922	 -0.319
	 -0.552	 -0.156	 -0.819
	 -0.807	  0.352	  0.474

2 	  32.82	  -8.17	  22.75
	  0.827	  0.561	 -0.025
	 -0.563	  0.825	 -0.043
	 -0.001	  0.049	  0.999

3 	  42.82	  -0.90	   2.14
	  0.404	  0.262	  0.876
	 -0.093	  0.965	 -0.246
	 -0.910	  0.018	  0.413

4 	  39.06	   5.47	  -3.04
	  0.761	  0.646	  0.057
	 -0.637	  0.726	  0.257
	  0.125	 -0.232	  0.964

5 	  41.48	   7.80	   4.87
	  0.478	  0.154	  0.864
	 -0.838	 -0.215	  0.501
	  0.264	 -0.964	  0.026

6 	  48.53	  -0.58	   9.19
	  0.365	 -0.923	 -0.119
	  0.057	 -0.107	  0.992
	 -0.929	 -0.369	  0.012

7 	  37.51	  -7.19	  -2.74
	  0.698	 -0.702	 -0.142
	  0.589	  0.675	 -0.444
	  0.408	  0.226	  0.884

8 	  41.85	  -9.35	   6.03
	  0.576	 -0.022	  0.817
	  0.802	 -0.180	 -0.569
	  0.160	  0.983	 -0.086

9 	  47.30	   0.28	   6.40
	  0.223	  0.919	 -0.324
	 -0.574	 -0.147	 -0.805
	 -0.789	  0.364	  0.495

2 	  32.80	  -8.17	  22.75
	  0.827	  0.561	 -0.025
	 -0.563	  0.825	 -0.043
	 -0.002	  0.049	  0.999

3 	  42.82	  -0.90	   2.16
	  0.407	  0.261	  0.875
	 -0.100	  0.965	 -0.242
	 -0.908	  0.011	  0.419

4 	  39.04	   5.48	  -3.01
	  0.759	  0.649	  0.058
	 -0.639	  0.723	  0.260
	  0.127	 -0.235	  0.964

5 	  41.52	   7.73	   4.90
	  0.478	  0.129	  0.868
	 -0.843	 -0.213	  0.495
	  0.249	 -0.969	  0.006

6 	  48.81	  -0.69	   8.84
	  0.383	 -0.908	 -0.172
	  0.169	 -0.117	  0.979
	 -0.909	 -0.403	  0.108

7 	  37.48	  -7.19	  -2.72
	  0.700	 -0.699	 -0.146
	  0.584	  0.677	 -0.448
	  0.412	  0.228	  0.882

8 	  41.77	  -9.28	   6.03
	  0.572	 -0.030	  0.819
	  0.798	 -0.208	 -0.565
	  0.187	  0.978	 -0.095

9 	  47.55	   0.12	   5.94
	  0.261	  0.895	 -0.362
	 -0.610	 -0.139	 -0.780
	 -0.749	  0.422	  0.510

2 	  32.80	  -8.17	  22.75
	  0.827	  0.561	 -0.025
	 -0.563	  0.825	 -0.043
	 -0.002	  0.049	  0.999

3 	  42.82	  -0.90	   2.07
	  0.413	  0.257	  0.873
	 -0.108	  0.966	 -0.234
	 -0.904	  0.003	  0.427

4 	  39.04	   5.61	  -3.06
	  0.750	  0.659	  0.052
	 -0.646	  0.712	  0.276
	  0.145	 -0.241	  0.959

5 	  41.43	   7.63	   4.97
	  0.473	  0.094	  0.876
	 -0.844	 -0.239	  0.480
	  0.255	 -0.966	 -0.034

6 	  49.57	  -0.14	   8.09
	  0.498	 -0.836	 -0.230
	  0.320	 -0.073	  0.944
	 -0.809	 -0.542	  0.229

7 	  37.49	  -7.19	  -2.72
	  0.702	 -0.696	 -0.150
	  0.576	  0.679	 -0.454
	  0.418	  0.233	  0.878

8 	  41.55	  -9.07	   6.24
	  0.560	  0.007	  0.828
	  0.799	 -0.269	 -0.537
	  0.219	  0.963	 -0.156

9 	  48.32	  -0.72	   5.29
	  0.409	  0.761	 -0.504
	 -0.569	 -0.223	 -0.792
	 -0.717	  0.608	  0.341

2 	  32.80	  -8.17	  22.75
	  0.827	  0.561	 -0.025
	 -0.563	  0.825	 -0.043
	 -0.002	  0.049	  0.999

3 	  42.82	  -0.81	   2.00
	  0.417	  0.254	  0.873
	 -0.102	  0.967	 -0.233
	 -0.904	  0.008	  0.428

4 	  38.97	   5.78	  -3.06
	  0.710	  0.700	  0.076
	 -0.689	  0.668	  0.281
	  0.147	 -0.252	  0.956

5 	  40.85	   7.56	   5.31
	  0.450	  0.051	  0.892
	 -0.813	 -0.390	  0.432
	  0.370	 -0.919	 -0.133

6 	  50.22	   1.65	   7.73
	  0.684	 -0.660	 -0.309
	  0.408	 -0.009	  0.913
	 -0.609	 -0.749	  0.260

7 	  37.56	  -7.15	  -2.74
	  0.703	 -0.696	 -0.145
	  0.572	  0.674	 -0.467
	  0.423	  0.246	  0.872

8 	  41.27	  -8.91	   6.45
	  0.542	  0.024	  0.839
	  0.791	 -0.350	 -0.501
	  0.282	  0.936	 -0.209

9 	  49.18	  -2.39	   4.80
	  0.554	  0.605	 -0.571
	 -0.597	 -0.194	 -0.779
	 -0.586	  0.770	  0.253

2 	  32.80	  -8.17	  22.75
	  0.827	  0.561	 -0.025
	 -0.563	  0.825	 -0.043
	 -0.002	  0.049	  0.999

3 	  42.84	  -0.69	   1.97
	  0.412	  0.246	  0.877
	 -0.080	  0.969	 -0.235
	 -0.908	  0.027	  0.418

4 	  38.79	   6.05	  -3.01
	  0.638	  0.762	  0.109
	 -0.756	  0.594	  0.274
	  0.144	 -0.258	  0.955

5 	  40.10	   7.63	   5.64
	  0.420	  0.021	  0.907
	 -0.743	 -0.567	  0.356
	  0.523	 -0.823	 -0.222

6 	  50.52	   4.18	   7.68
	  0.834	 -0.423	 -0.354
	  0.422	  0.073	  0.903
	 -0.360	 -0.902	  0.237

7 	  37.63	  -7.14	  -2.72
	  0.689	 -0.713	 -0.130
	  0.585	  0.653	 -0.480
	  0.428	  0.255	  0.867

8 	  40.82	  -8.82	   6.70
	  0.522	  0.023	  0.853
	  0.745	 -0.499	 -0.442
	  0.416	  0.866	 -0.277

9 	  50.15	  -5.43	   5.06
	  0.747	  0.301	 -0.592
	 -0.593	 -0.104	 -0.798
	 -0.307	  0.946	  0.099

2 	  32.80	  -8.17	  22.75
	  0.827	  0.561	 -0.025
	 -0.563	  0.825	 -0.043
	 -0.002	  0.049	  0.999

3 	  42.80	  -0.53	   1.86
	  0.411	  0.227	  0.883
	 -0.067	  0.973	 -0.220
	 -0.910	  0.031	  0.414

4 	  38.51	   6.35	  -2.95
	  0.546	  0.824	  0.153
	 -0.827	  0.499	  0.258
	  0.136	 -0.268	  0.954

5 	  39.48	   7.59	   5.84
	  0.410	 -0.009	  0.912
	 -0.661	 -0.693	  0.289
	  0.630	 -0.720	 -0.290

6 	  50.50	   6.77	   8.19
	  0.930	 -0.143	 -0.338
	  0.344	  0.012	  0.939
	 -0.132	 -0.990	  0.058

7 	  37.71	  -7.07	  -2.85
	  0.669	 -0.734	 -0.115
	  0.611	  0.631	 -0.477
	  0.423	  0.249	  0.871

8 	  40.43	  -8.77	   6.75
	  0.521	  0.007	  0.853
	  0.664	 -0.632	 -0.400
	  0.538	  0.774	 -0.333

9 	  50.26	  -8.89	   5.47
	  0.834	 -0.044	 -0.550
	 -0.549	  0.047	 -0.835
	  0.061	  0.998	  0.015

2 	  32.80	  -8.17	  22.75
	  0.827	  0.561	 -0.025
	 -0.563	  0.825	 -0.043
	 -0.002	  0.049	  0.999

3 	  42.80	  -0.37	   1.81
	  0.408	  0.214	  0.888
	 -0.067	  0.976	 -0.205
	 -0.911	  0.024	  0.411

4 	  38.34	   6.79	  -2.76
	  0.455	  0.865	  0.211
	 -0.885	  0.414	  0.210
	  0.094	 -0.283	  0.954

5 	  38.85	   7.51	   6.21
	  0.395	 -0.070	  0.916
	 -0.537	 -0.827	  0.167
	  0.747	 -0.557	 -0.363

6 	  49.87	   9.53	   9.51
	  0.945	  0.165	 -0.281
	  0.304	 -0.136	  0.943
	  0.116	 -0.977	 -0.180

7 	  37.90	  -7.01	  -2.94
	  0.637	 -0.769	 -0.048
	  0.680	  0.590	 -0.434
	  0.363	  0.244	  0.899

8 	  40.03	  -8.61	   6.96
	  0.521	  0.014	  0.853
	  0.529	 -0.791	 -0.309
	  0.671	  0.611	 -0.419

9 	  49.39	 -12.32	   7.28
	  0.819	 -0.423	 -0.388
	 -0.405	  0.057	 -0.913
	  0.410	  0.903	 -0.123

2 	  32.80	  -8.17	  22.75
	  0.827	  0.561	 -0.025
	 -0.563	  0.825	 -0.043
	 -0.002	  0.049	  0.999

3 	  42.89	  -0.12	   1.67
	  0.404	  0.208	  0.891
	 -0.140	  0.976	 -0.165
	 -0.904	 -0.057	  0.423

4 	  38.13	   7.03	  -2.39
	  0.381	  0.885	  0.266
	 -0.923	  0.345	  0.172
	  0.061	 -0.311	  0.948

5 	  38.13	   7.28	   6.57
	  0.380	 -0.123	  0.917
	 -0.341	 -0.940	  0.014
	  0.860	 -0.317	 -0.399

6 	  48.52	  11.57	  10.92
	  0.890	  0.406	 -0.206
	  0.344	 -0.304	  0.888
	  0.299	 -0.862	 -0.410

7 	  37.88	  -7.19	  -2.85
	  0.570	 -0.819	  0.058
	  0.775	  0.513	 -0.368
	  0.272	  0.254	  0.928

8 	  39.20	  -8.38	   7.24
	  0.508	  0.012	  0.861
	  0.311	 -0.935	 -0.169
	  0.804	  0.352	 -0.478

9 	  47.60	 -14.36	   8.38
	  0.708	 -0.634	 -0.311
	 -0.375	  0.039	 -0.926
	  0.602	  0.771	 -0.207

2 	  32.82	  -8.17	  22.76
	  0.827	  0.561	 -0.025
	 -0.563	  0.825	 -0.043
	 -0.002	  0.049	  0.999

3 	  42.84	  -0.09	   1.49
	  0.407	  0.201	  0.891
	 -0.171	  0.975	 -0.144
	 -0.898	 -0.094	  0.430

4 	  37.79	   6.98	  -2.25
	  0.340	  0.900	  0.273
	 -0.939	  0.308	  0.150
	  0.051	 -0.308	  0.950

5 	  37.62	   7.03	   6.68
	  0.385	 -0.131	  0.914
	 -0.200	 -0.978	 -0.057
	  0.901	 -0.160	 -0.402

6 	  47.62	  12.48	  11.50
	  0.829	  0.533	 -0.165
	  0.429	 -0.419	  0.800
	  0.358	 -0.735	 -0.576

7 	  37.76	  -7.37	  -2.78
	  0.521	 -0.845	  0.119
	  0.820	  0.458	 -0.343
	  0.235	  0.276	  0.932

8 	  38.87	  -8.28	   7.38
	  0.513	  0.012	  0.858
	  0.212	 -0.971	 -0.112
	  0.832	  0.239	 -0.501

9 	  46.72	 -15.17	   9.28
	  0.645	 -0.721	 -0.254
	 -0.472	 -0.112	 -0.875
	  0.605	  0.682	 -0.410

2 	  32.80	  -8.19	  22.75
	  0.827	  0.561	 -0.025
	 -0.563	  0.825	 -0.043
	 -0.002	  0.049	  0.999

3 	  42.82	  -0.09	   1.39
	  0.410	  0.201	  0.890
	 -0.182	  0.974	 -0.137
	 -0.894	 -0.106	  0.435

4 	  37.56	   6.86	  -2.32
	  0.302	  0.917	  0.261
	 -0.952	  0.272	  0.141
	  0.058	 -0.291	  0.955

5 	  37.28	   6.89	   6.61
	  0.382	 -0.102	  0.918
	 -0.119	 -0.991	 -0.062
	  0.916	 -0.085	 -0.391

6 	  47.09	  12.78	  11.67
	  0.805	  0.574	 -0.149
	  0.458	 -0.442	  0.771
	  0.377	 -0.689	 -0.619

7 	  37.86	  -7.49	  -2.67
	  0.496	 -0.855	  0.150
	  0.842	  0.432	 -0.323
	  0.212	  0.286	  0.934

8 	  38.74	  -8.30	   7.47
	  0.490	  0.005	  0.871
	  0.170	 -0.981	 -0.089
	  0.855	  0.191	 -0.482

9 	  46.39	 -15.59	   9.81
	  0.620	 -0.756	 -0.210
	 -0.465	 -0.136	 -0.875
	  0.635	  0.639	 -0.434

2 	  32.80	  -8.17	  22.75
	  0.827	  0.561	 -0.024
	 -0.563	  0.825	 -0.043
	 -0.003	  0.049	  0.999

3 	  42.89	  -0.11	   1.39
	  0.397	  0.206	  0.894
	 -0.205	  0.970	 -0.133
	 -0.895	 -0.130	  0.427

4 	  37.48	   6.68	  -2.46
	  0.274	  0.926	  0.257
	 -0.960	  0.247	  0.133
	  0.059	 -0.284	  0.957

5 	  37.18	   6.80	   6.50
	  0.381	 -0.068	  0.922
	 -0.098	 -0.995	 -0.033
	  0.919	 -0.077	 -0.385

6 	  46.86	  12.96	  11.67
	  0.797	  0.587	 -0.138
	  0.462	 -0.447	  0.766
	  0.389	 -0.675	 -0.627

7 	  37.97	  -7.61	  -2.62
	  0.476	 -0.862	  0.176
	  0.859	  0.413	 -0.303
	  0.188	  0.295	  0.937

8 	  38.44	  -8.26	   7.51
	  0.451	 -0.004	  0.892
	  0.102	 -0.993	 -0.055
	  0.887	  0.115	 -0.447

9 	  45.49	 -16.26	  10.39
	  0.570	 -0.803	 -0.174
	 -0.485	 -0.157	 -0.860
	  0.666	  0.573	 -0.476

2 	  32.82	  -8.17	  22.75
	  0.827	  0.561	 -0.025
	 -0.563	  0.825	 -0.043
	 -0.002	  0.050	  0.999

3 	  42.89	  -0.05	   1.35
	  0.397	  0.204	  0.895
	 -0.214	  0.968	 -0.127
	 -0.893	 -0.141	  0.428

4 	  37.30	   6.66	  -2.41
	  0.254	  0.931	  0.263
	 -0.966	  0.227	  0.126
	  0.057	 -0.286	  0.956

5 	  36.97	   6.75	   6.52
	  0.379	 -0.057	  0.923
	 -0.067	 -0.997	 -0.035
	  0.923	 -0.048	 -0.382

6 	  46.56	  13.03	  11.57
	  0.784	  0.601	 -0.151
	  0.495	 -0.460	  0.737
	  0.374	 -0.654	 -0.658

7 	  37.97	  -7.61	  -2.62
	  0.465	 -0.865	  0.185
	  0.867	  0.404	 -0.292
	  0.178	  0.296	  0.938

8 	  38.32	  -8.19	   7.51
	  0.430	 -0.008	  0.902
	  0.072	 -0.996	 -0.042
	  0.900	  0.082	 -0.428

9 	  45.26	 -16.37	  10.69
	  0.553	 -0.819	 -0.152
	 -0.522	 -0.196	 -0.830
	  0.652	  0.538	 -0.534

2 	  32.80	  -8.17	  22.75
	  0.827	  0.561	 -0.025
	 -0.563	  0.825	 -0.043
	 -0.002	  0.049	  0.999

3 	  42.86	  -0.04	   1.34
	  0.395	  0.199	  0.896
	 -0.223	  0.968	 -0.118
	 -0.891	 -0.153	  0.426

4 	  37.16	   6.61	  -2.46
	  0.235	  0.937	  0.258
	 -0.970	  0.207	  0.130
	  0.068	 -0.281	  0.957

5 	  36.79	   6.68	   6.47
	  0.375	 -0.041	  0.926
	 -0.032	 -0.999	 -0.032
	  0.926	 -0.017	 -0.376

6 	  46.34	  12.96	  11.81
	  0.786	  0.607	 -0.116
	  0.492	 -0.500	  0.712
	  0.375	 -0.617	 -0.692

7 	  37.95	  -7.63	  -2.64
	  0.452	 -0.872	  0.186
	  0.874	  0.392	 -0.286
	  0.177	  0.292	  0.940

8 	  38.02	  -8.28	   7.44
	  0.391	 -0.034	  0.919
	  0.037	 -0.998	 -0.052
	  0.919	  0.054	 -0.389

9 	  44.70	 -16.68	  10.95
	  0.538	 -0.833	 -0.127
	 -0.506	 -0.197	 -0.840
	  0.677	  0.515	 -0.525

2 	  32.82	  -8.17	  22.75
	  0.827	  0.561	 -0.025
	 -0.563	  0.825	 -0.043
	 -0.002	  0.049	  0.999

3 	  42.86	  -0.02	   1.32
	  0.394	  0.196	  0.897
	 -0.227	  0.967	 -0.113
	 -0.891	 -0.159	  0.426

4 	  37.05	   6.59	  -2.44
	  0.234	  0.938	  0.254
	 -0.970	  0.205	  0.133
	  0.073	 -0.278	  0.958

5 	  36.77	   6.77	   6.49
	  0.378	 -0.018	  0.925
	 -0.068	 -0.998	  0.008
	  0.923	 -0.065	 -0.378

6 	  46.37	  13.08	  11.76
	  0.786	  0.605	 -0.122
	  0.490	 -0.492	  0.719
	  0.376	 -0.626	 -0.683

7 	  37.93	  -7.61	  -2.64
	  0.448	 -0.874	  0.186
	  0.875	  0.388	 -0.288
	  0.179	  0.292	  0.939

8 	  38.00	  -8.30	   7.44
	  0.386	 -0.047	  0.921
	  0.045	 -0.997	 -0.068
	  0.921	  0.068	 -0.382

9 	  44.49	 -16.86	  10.74
	  0.529	 -0.836	 -0.145
	 -0.490	 -0.159	 -0.857
	  0.696	  0.523	 -0.492

2 	  32.80	  -8.17	  22.75
	  0.827	  0.561	 -0.025
	 -0.563	  0.825	 -0.043
	 -0.002	  0.049	  0.999

3 	  42.80	  -0.04	   1.34
	  0.393	  0.188	  0.900
	 -0.226	  0.968	 -0.104
	 -0.892	 -0.162	  0.422

4 	  37.02	   6.54	  -2.46
	  0.236	  0.938	  0.251
	 -0.969	  0.207	  0.138
	  0.077	 -0.276	  0.958

5 	  36.74	   6.79	   6.45
	  0.376	 -0.006	  0.926
	 -0.070	 -0.997	  0.021
	  0.924	 -0.072	 -0.376

6 	  46.34	  13.13	  11.65
	  0.783	  0.607	 -0.134
	  0.498	 -0.484	  0.719
	  0.371	 -0.630	 -0.682

7 	  37.93	  -7.63	  -2.64
	  0.449	 -0.873	  0.189
	  0.875	  0.387	 -0.289
	  0.179	  0.295	  0.938

8 	  37.93	  -8.37	   7.44
	  0.370	 -0.059	  0.927
	  0.054	 -0.995	 -0.084
	  0.927	  0.081	 -0.364

9 	  44.46	 -16.93	  10.78
	  0.528	 -0.837	 -0.142
	 -0.504	 -0.172	 -0.846
	  0.686	  0.517	 -0.511

2 	  32.82	  -8.17	  22.75
	  0.827	  0.561	 -0.025
	 -0.563	  0.825	 -0.043
	 -0.002	  0.049	  0.999

3 	  42.82	  -0.02	   1.37
	  0.382	  0.175	  0.907
	 -0.223	  0.970	 -0.095
	 -0.897	 -0.165	  0.409

4 	  36.97	   6.52	  -2.46
	  0.230	  0.940	  0.249
	 -0.970	  0.201	  0.135
	  0.076	 -0.273	  0.959

5 	  36.65	   6.82	   6.49
	  0.367	  0.002	  0.930
	 -0.073	 -0.997	  0.029
	  0.927	 -0.078	 -0.365

6 	  46.25	  13.15	  11.71
	  0.784	  0.607	 -0.129
	  0.495	 -0.485	  0.720
	  0.375	 -0.629	 -0.681

7 	  37.97	  -7.58	  -2.64
	  0.445	 -0.873	  0.198
	  0.879	  0.383	 -0.283
	  0.171	  0.300	  0.938

8 	  37.92	  -8.40	   7.40
	  0.355	 -0.078	  0.932
	  0.072	 -0.991	 -0.109
	  0.932	  0.106	 -0.346

9 	  44.38	 -16.98	  10.72
	  0.529	 -0.836	 -0.145
	 -0.498	 -0.165	 -0.851
	  0.690	  0.521	 -0.501

2 	  32.82	  -8.17	  22.75
	  0.827	  0.561	 -0.025
	 -0.563	  0.825	 -0.043
	 -0.002	  0.049	  0.999

3 	  42.84	   0.00	   1.44
	  0.375	  0.168	  0.911
	 -0.215	  0.972	 -0.091
	 -0.902	 -0.162	  0.401

4 	  37.00	   6.57	  -2.44
	  0.229	  0.939	  0.255
	 -0.971	  0.201	  0.128
	  0.069	 -0.277	  0.958

5 	  36.62	   6.84	   6.50
	  0.355	  0.001	  0.935
	 -0.075	 -0.997	  0.028
	  0.932	 -0.080	 -0.354

6 	  46.18	  13.10	  11.81
	  0.791	  0.599	 -0.120
	  0.482	 -0.491	  0.726
	  0.377	 -0.632	 -0.677

7 	  37.99	  -7.51	  -2.64
	  0.440	 -0.875	  0.199
	  0.882	  0.380	 -0.279
	  0.168	  0.298	  0.939

8 	  37.81	  -8.40	   7.38
	  0.337	 -0.093	  0.937
	  0.081	 -0.989	 -0.126
	  0.938	  0.118	 -0.326

9 	  44.31	 -17.00	  10.74
	  0.534	 -0.833	 -0.144
	 -0.495	 -0.168	 -0.853
	  0.689	  0.525	 -0.500

2 	  32.80	  -8.17	  22.73
	  0.827	  0.561	 -0.025
	 -0.563	  0.825	 -0.043
	 -0.002	  0.049	  0.999

3 	  42.86	   0.00	   1.46
	  0.374	  0.167	  0.912
	 -0.215	  0.972	 -0.091
	 -0.902	 -0.162	  0.400

4 	  36.93	   6.56	  -2.48
	  0.218	  0.943	  0.250
	 -0.974	  0.193	  0.119
	  0.064	 -0.269	  0.961

5 	  36.63	   6.98	   6.42
	  0.356	  0.025	  0.934
	 -0.096	 -0.993	  0.063
	  0.929	 -0.112	 -0.351

6 	  46.16	  13.24	  11.74
	  0.791	  0.599	 -0.124
	  0.476	 -0.476	  0.739
	  0.384	 -0.644	 -0.661

7 	  37.99	  -7.47	  -2.65
	  0.441	 -0.875	  0.197
	  0.881	  0.380	 -0.282
	  0.172	  0.298	  0.939

8 	  37.85	  -8.56	   7.37
	  0.336	 -0.121	  0.934
	  0.123	 -0.978	 -0.171
	  0.934	  0.172	 -0.313

9 	  44.61	 -16.95	  10.28
	  0.560	 -0.808	 -0.183
	 -0.502	 -0.154	 -0.851
	  0.662	  0.567	 -0.490

2 	  32.80	  -8.17	  22.75
	  0.827	  0.561	 -0.025
	 -0.563	  0.825	 -0.043
	 -0.002	  0.049	  0.999

3 	  42.91	   0.00	   1.62
	  0.362	  0.168	  0.917
	 -0.171	  0.979	 -0.113
	 -0.917	 -0.116	  0.383

4 	  37.35	   6.57	  -2.48
	  0.301	  0.924	  0.235
	 -0.950	  0.269	  0.158
	  0.083	 -0.272	  0.959

5 	  37.56	   7.51	   6.36
	  0.394	  0.058	  0.917
	 -0.346	 -0.916	  0.205
	  0.852	 -0.397	 -0.340

6 	  47.90	  12.46	  10.39
	  0.855	  0.458	 -0.240
	  0.449	 -0.424	  0.786
	  0.258	 -0.781	 -0.569

7 	  37.99	  -7.40	  -2.58
	  0.480	 -0.856	  0.190
	  0.858	  0.414	 -0.304
	  0.182	  0.309	  0.933

8 	  38.32	  -8.82	   7.47
	  0.397	 -0.122	  0.909
	  0.252	 -0.938	 -0.236
	  0.882	  0.323	 -0.342

9 	  46.41	 -15.91	   9.63
	  0.679	 -0.691	 -0.249
	 -0.496	 -0.180	 -0.849
	  0.544	  0.699	 -0.464

2 	  32.80	  -8.17	  22.75
	  0.827	  0.561	 -0.025
	 -0.563	  0.825	 -0.043
	 -0.002	  0.049	  0.999

3 	  42.98	  -0.19	   1.69
	  0.350	  0.181	  0.919
	 -0.116	  0.982	 -0.150
	 -0.930	 -0.054	  0.365

4 	  37.79	   6.42	  -2.71
	  0.386	  0.899	  0.203
	 -0.919	  0.355	  0.174
	  0.084	 -0.254	  0.963

5 	  38.23	   7.79	   6.08
	  0.404	  0.074	  0.911
	 -0.491	 -0.823	  0.284
	  0.773	 -0.562	 -0.296

6 	  49.15	  10.62	  10.21
	  0.940	  0.248	 -0.232
	  0.322	 -0.425	  0.846
	  0.109	 -0.870	 -0.481

7 	  37.86	  -7.45	  -2.55
	  0.510	 -0.844	  0.166
	  0.836	  0.440	 -0.327
	  0.203	  0.305	  0.930

8 	  38.76	  -9.16	   7.38
	  0.451	 -0.105	  0.886
	  0.407	 -0.860	 -0.307
	  0.795	  0.498	 -0.345

9 	  48.36	 -13.64	   8.46
	  0.826	 -0.433	 -0.361
	 -0.479	 -0.200	 -0.855
	  0.298	  0.879	 -0.372

2 	  32.80	  -8.17	  22.75
	  0.827	  0.561	 -0.025
	 -0.563	  0.825	 -0.043
	 -0.002	  0.049	  0.999

3 	  43.05	  -0.40	   1.79
	  0.342	  0.197	  0.919
	 -0.071	  0.980	 -0.184
	 -0.937	 -0.002	  0.348

4 	  38.27	   6.29	  -2.74
	  0.463	  0.866	  0.187
	 -0.884	  0.435	  0.169
	  0.065	 -0.244	  0.967

5 	  38.76	   7.88	   6.10
	  0.382	  0.052	  0.922
	 -0.601	 -0.745	  0.289
	  0.703	 -0.664	 -0.253

6 	  49.89	   8.53	  10.48
	  0.981	  0.036	 -0.192
	  0.189	 -0.422	  0.886
	 -0.051	 -0.905	 -0.423

7 	  37.72	  -7.40	  -2.58
	  0.534	 -0.836	  0.129
	  0.813	  0.465	 -0.351
	  0.234	  0.292	  0.927

8 	  39.22	  -9.47	   7.19
	  0.489	 -0.099	  0.867
	  0.519	 -0.766	 -0.379
	  0.702	  0.635	 -0.323

9 	  49.76	 -10.62	   7.10
	  0.881	 -0.076	 -0.467
	 -0.472	 -0.228	 -0.852
	 -0.044	  0.970	 -0.239

2 	  32.80	  -8.17	  22.75
	  0.827	  0.561	 -0.025
	 -0.563	  0.825	 -0.043
	 -0.002	  0.049	  0.999

3 	  43.05	  -0.56	   1.79
	  0.344	  0.201	  0.917
	 -0.046	  0.979	 -0.198
	 -0.938	  0.026	  0.345

4 	  38.48	   6.21	  -2.72
	  0.531	  0.833	  0.156
	 -0.845	  0.504	  0.181
	  0.072	 -0.228	  0.971

5 	  39.25	   8.00	   5.96
	  0.388	  0.050	  0.920
	 -0.686	 -0.652	  0.324
	  0.617	 -0.756	 -0.218

6 	  50.24	   6.15	  10.30
	  0.952	 -0.233	 -0.197
	  0.097	 -0.386	  0.917
	 -0.292	 -0.891	 -0.348

7 	  37.51	  -7.31	  -2.58
	  0.566	 -0.821	  0.073
	  0.779	  0.503	 -0.372
	  0.269	  0.268	  0.925

8 	  39.96	  -9.76	   6.84
	  0.540	 -0.100	  0.835
	  0.614	 -0.632	 -0.472
	  0.577	  0.767	 -0.280

9 	  50.15	  -6.28	   6.21
	  0.774	  0.396	 -0.492
	 -0.444	 -0.221	 -0.869
	 -0.458	  0.889	  0.002

2 	  32.80	  -8.17	  22.75
	  0.827	  0.561	 -0.025
	 -0.563	  0.825	 -0.043
	 -0.002	  0.049	  0.999

3 	  43.01	  -0.76	   1.90
	  0.350	  0.210	  0.912
	 -0.034	  0.977	 -0.212
	 -0.936	  0.043	  0.349

4 	  38.78	   6.06	  -2.76
	  0.587	  0.798	  0.134
	 -0.807	  0.562	  0.183
	  0.071	 -0.216	  0.974

5 	  39.80	   8.03	   5.80
	  0.386	  0.056	  0.921
	 -0.763	 -0.542	  0.352
	  0.519	 -0.838	 -0.166

6 	  50.01	   3.60	   9.98
	  0.831	 -0.519	 -0.200
	  0.037	 -0.310	  0.950
	 -0.556	 -0.796	 -0.241

7 	  37.42	  -7.12	  -2.74
	  0.615	 -0.789	 -0.010
	  0.727	  0.571	 -0.381
	  0.306	  0.227	  0.924

8 	  41.29	  -9.72	   6.06
	  0.621	 -0.055	  0.782
	  0.712	 -0.379	 -0.591
	  0.330	  0.923	 -0.196

9 	  49.01	  -1.69	   5.73
	  0.429	  0.793	 -0.432
	 -0.439	 -0.239	 -0.866
	 -0.792	  0.559	  0.245

2 	  32.80	  -8.17	  22.75
	  0.827	  0.561	 -0.025
	 -0.563	  0.825	 -0.043
	 -0.002	  0.049	  0.999

3 	  42.98	  -0.83	   2.00
	  0.359	  0.219	  0.907
	 -0.041	  0.975	 -0.219
	 -0.933	  0.041	  0.359

4 	  38.85	   5.94	  -2.79
	  0.625	  0.771	  0.118
	 -0.778	  0.601	  0.184
	  0.071	 -0.207	  0.976

5 	  40.04	   8.19	   5.66
	  0.396	  0.097	  0.913
	 -0.791	 -0.470	  0.392
	  0.468	 -0.877	 -0.109

6 	  49.32	   2.02	   9.74
	  0.662	 -0.727	 -0.180
	  0.029	 -0.218	  0.975
	 -0.750	 -0.650	 -0.125

7 	  37.39	  -7.01	  -2.88
	  0.652	 -0.756	 -0.055
	  0.688	  0.620	 -0.377
	  0.319	  0.208	  0.924

8 	  41.98	  -9.35	   5.66
	  0.649	 -0.012	  0.760
	  0.738	 -0.234	 -0.633
	  0.185	  0.972	 -0.143

9 	  47.76	   0.30	   6.13
	  0.208	  0.923	 -0.324
	 -0.521	 -0.178	 -0.835
	 -0.829	  0.341	  0.443

2 	  32.80	  -8.17	  22.75
	  0.827	  0.561	 -0.025
	 -0.563	  0.825	 -0.043
	 -0.002	  0.049	  0.999

3 	  42.91	  -0.77	   2.04
	  0.370	  0.220	  0.902
	 -0.049	  0.975	 -0.218
	 -0.928	  0.036	  0.371

4 	  38.88	   5.94	  -2.71
	  0.646	  0.753	  0.119
	 -0.759	  0.619	  0.199
	  0.076	 -0.220	  0.973

5 	  40.45	   8.33	   5.41
	  0.407	  0.143	  0.902
	 -0.823	 -0.371	  0.429
	  0.397	 -0.917	 -0.033

6 	  48.60	   0.97	   9.97
	  0.502	 -0.855	 -0.124
	 -0.010	 -0.151	  0.988
	 -0.865	 -0.495	 -0.085

7 	  37.37	  -6.86	  -3.04
	  0.669	 -0.738	 -0.090
	  0.665	  0.648	 -0.370
	  0.331	  0.187	  0.924

8 	  42.12	  -9.18	   5.45
	  0.638	 -0.007	  0.770
	  0.759	 -0.165	 -0.630
	  0.131	  0.986	 -0.100

9 	  47.16	   0.90	   6.61
	  0.158	  0.960	 -0.228
	 -0.621	 -0.084	 -0.779
	 -0.769	  0.264	  0.583

2 	  32.80	  -8.17	  22.75
	  0.827	  0.561	 -0.025
	 -0.563	  0.825	 -0.043
	 -0.002	  0.049	  0.999

3 	  42.89	  -0.81	   2.09
	  0.391	  0.223	  0.893
	 -0.067	  0.974	 -0.215
	 -0.918	  0.024	  0.396

4 	  39.22	   5.85	  -2.79
	  0.701	  0.705	  0.103
	 -0.708	  0.671	  0.221
	  0.087	 -0.229	  0.969

5 	  41.31	   8.26	   5.10
	  0.415	  0.149	  0.897
	 -0.879	 -0.188	  0.437
	  0.234	 -0.971	  0.053

6 	  48.27	   0.16	  10.34
	  0.403	 -0.913	 -0.061
	 -0.137	 -0.127	  0.982
	 -0.905	 -0.387	 -0.176

7 	  37.44	  -6.82	  -3.11
	  0.672	 -0.733	 -0.100
	  0.658	  0.654	 -0.372
	  0.339	  0.184	  0.922

8 	  42.03	  -9.11	   5.52
	  0.613	  0.001	  0.790
	  0.779	 -0.169	 -0.603
	  0.132	  0.985	 -0.104

9 	  47.25	   0.95	   7.37
	  0.203	  0.960	 -0.192
	 -0.534	 -0.057	 -0.844
	 -0.822	  0.272	  0.500

2 	  32.80	  -8.17	  22.75
	  0.827	  0.561	 -0.024
	 -0.563	  0.825	 -0.043
	 -0.003	  0.049	  0.999

3 	  42.93	  -0.86	   2.18
	  0.404	  0.236	  0.884
	 -0.084	  0.971	 -0.222
	 -0.911	  0.015	  0.411

4 	  39.38	   5.78	  -2.74
	  0.719	  0.683	  0.124
	 -0.692	  0.688	  0.216
	  0.062	 -0.242	  0.968

5 	  41.43	   8.24	   5.13
	  0.407	  0.154	  0.900
	 -0.889	 -0.159	  0.428
	  0.209	 -0.975	  0.072

6 	  48.16	   0.04	  10.58
	  0.396	 -0.917	 -0.044
	 -0.183	 -0.126	  0.975
	 -0.900	 -0.378	 -0.218

7 	  37.60	  -6.89	  -3.02
	  0.681	 -0.728	 -0.079
	  0.656	  0.655	 -0.374
	  0.324	  0.203	  0.924

8 	  41.98	  -9.23	   5.71
	  0.598	 -0.006	  0.801
	  0.789	 -0.174	 -0.589
	  0.143	  0.985	 -0.099

9 	  47.32	   0.86	   7.56
	  0.178	  0.967	 -0.180
	 -0.505	 -0.068	 -0.860
	 -0.845	  0.243	  0.476

2 	  32.80	  -8.17	  22.75
	  0.827	  0.561	 -0.025
	 -0.563	  0.825	 -0.043
	 -0.002	  0.049	  0.999

3 	  43.00	  -0.84	   2.21
	  0.398	  0.251	  0.882
	 -0.102	  0.968	 -0.231
	 -0.912	  0.002	  0.410

4 	  39.34	   5.77	  -2.71
	  0.715	  0.687	  0.125
	 -0.696	  0.685	  0.214
	  0.061	 -0.241	  0.969

5 	  41.36	   8.26	   5.19
	  0.404	  0.163	  0.900
	 -0.887	 -0.171	  0.428
	  0.224	 -0.972	  0.075

6 	  48.16	   0.02	  10.65
	  0.395	 -0.918	 -0.036
	 -0.199	 -0.124	  0.972
	 -0.897	 -0.377	 -0.232

7 	  37.58	  -6.96	  -2.94
	  0.681	 -0.728	 -0.076
	  0.655	  0.652	 -0.382
	  0.328	  0.210	  0.921

8 	  42.01	  -9.30	   5.82
	  0.601	 -0.009	  0.799
	  0.786	 -0.178	 -0.592
	  0.147	  0.984	 -0.101

9 	  47.37	   0.84	   7.58
	  0.176	  0.968	 -0.181
	 -0.493	 -0.074	 -0.867
	 -0.853	  0.240	  0.464

2 	  32.82	  -8.17	  22.75
	  0.827	  0.561	 -0.025
	 -0.563	  0.825	 -0.043
	 -0.002	  0.049	  0.999

3 	  42.98	  -0.86	   2.20
	  0.399	  0.255	  0.881
	 -0.105	  0.967	 -0.234
	 -0.911	  0.001	  0.411

4 	  39.32	   5.75	  -2.71
	  0.715	  0.687	  0.124
	 -0.696	  0.685	  0.216
	  0.063	 -0.241	  0.968

5 	  41.38	   8.26	   5.19
	  0.411	  0.164	  0.897
	 -0.884	 -0.170	  0.435
	  0.224	 -0.972	  0.075

6 	  48.18	   0.02	  10.65
	  0.395	 -0.918	 -0.035
	 -0.202	 -0.124	  0.971
	 -0.897	 -0.376	 -0.234

7 	  37.58	  -7.00	  -2.90
	  0.679	 -0.730	 -0.074
	  0.655	  0.649	 -0.386
	  0.331	  0.214	  0.919

8 	  41.99	  -9.32	   5.85
	  0.601	 -0.009	  0.799
	  0.785	 -0.183	 -0.592
	  0.151	  0.983	 -0.104

9 	  47.39	   0.83	   7.61
	  0.176	  0.967	 -0.184
	 -0.489	 -0.078	 -0.869
	 -0.855	  0.242	  0.459

2 	  32.82	  -8.17	  22.75
	  0.827	  0.561	 -0.025
	 -0.563	  0.825	 -0.043
	 -0.002	  0.049	  0.999

3 	  43.01	  -0.86	   2.20
	  0.400	  0.259	  0.879
	 -0.102	  0.966	 -0.239
	 -0.911	  0.006	  0.412

4 	  39.30	   5.75	  -2.71
	  0.714	  0.689	  0.122
	 -0.698	  0.682	  0.218
	  0.067	 -0.241	  0.968

5 	  41.38	   8.26	   5.20
	  0.411	  0.165	  0.896
	 -0.882	 -0.177	  0.437
	  0.232	 -0.970	  0.073

6 	  48.20	   0.02	  10.65
	  0.395	 -0.918	 -0.033
	 -0.206	 -0.123	  0.971
	 -0.896	 -0.376	 -0.238

7 	  37.58	  -7.01	  -2.85
	  0.677	 -0.732	 -0.069
	  0.659	  0.646	 -0.385
	  0.327	  0.215	  0.920

8 	  42.01	  -9.32	   5.91
	  0.599	 -0.008	  0.800
	  0.785	 -0.189	 -0.590
	  0.155	  0.982	 -0.107

9 	  47.41	   0.83	   7.61
	  0.177	  0.966	 -0.187
	 -0.487	 -0.081	 -0.870
	 -0.856	  0.244	  0.455

2 	  32.80	  -8.17	  22.75
	  0.827	  0.561	 -0.025
	 -0.563	  0.825	 -0.043
	 -0.002	  0.049	  0.999

3 	  43.05	  -0.84	   2.20
	  0.399	  0.259	  0.879
	 -0.101	  0.965	 -0.240
	 -0.912	  0.007	  0.411

4 	  39.32	   5.78	  -2.71
	  0.711	  0.692	  0.121
	 -0.699	  0.680	  0.221
	  0.070	 -0.242	  0.968

5 	  41.38	   8.31	   5.20
	  0.412	  0.168	  0.895
	 -0.880	 -0.183	  0.438
	  0.238	 -0.969	  0.072

6 	  48.20	   0.04	  10.67
	  0.395	 -0.918	 -0.034
	 -0.205	 -0.125	  0.971
	 -0.896	 -0.376	 -0.237

7 	  37.62	  -7.00	  -2.87
	  0.677	 -0.733	 -0.071
	  0.659	  0.646	 -0.384
	  0.327	  0.213	  0.920

8 	  42.06	  -9.30	   5.89
	  0.599	 -0.009	  0.801
	  0.786	 -0.188	 -0.589
	  0.155	  0.982	 -0.106

9 	  47.44	   0.86	   7.61
	  0.178	  0.965	 -0.190
	 -0.483	 -0.083	 -0.871
	 -0.858	  0.246	  0.451

2 	  32.80	  -8.19	  22.75
	  0.827	  0.561	 -0.025
	 -0.563	  0.825	 -0.043
	 -0.002	  0.049	  0.999

3 	  43.07	  -0.81	   2.16
	  0.402	  0.257	  0.879
	 -0.103	  0.966	 -0.236
	 -0.910	  0.004	  0.414

4 	  39.30	   5.84	  -2.69
	  0.710	  0.694	  0.122
	 -0.701	  0.677	  0.224
	  0.073	 -0.245	  0.967

5 	  41.38	   8.35	   5.22
	  0.414	  0.166	  0.895
	 -0.878	 -0.188	  0.440
	  0.242	 -0.968	  0.068

6 	  48.23	   0.05	  10.65
	  0.394	 -0.918	 -0.038
	 -0.200	 -0.126	  0.971
	 -0.897	 -0.375	 -0.234

7 	  37.62	  -6.98	  -2.88
	  0.677	 -0.732	 -0.072
	  0.659	  0.647	 -0.384
	  0.328	  0.213	  0.920

8 	  42.06	  -9.28	   5.89
	  0.598	 -0.010	  0.801
	  0.786	 -0.187	 -0.589
	  0.155	  0.982	 -0.104

9 	  47.43	   0.88	   7.61
	  0.178	  0.965	 -0.189
	 -0.483	 -0.084	 -0.872
	 -0.858	  0.245	  0.451

2 	  32.80	  -8.17	  22.75
	  0.827	  0.561	 -0.024
	 -0.563	  0.825	 -0.043
	 -0.003	  0.049	  0.999

3 	  43.05	  -0.77	   2.16
	  0.404	  0.255	  0.878
	 -0.109	  0.966	 -0.232
	 -0.908	 -0.002	  0.418

4 	  39.27	   5.87	  -2.65
	  0.707	  0.696	  0.124
	 -0.703	  0.674	  0.226
	  0.073	 -0.248	  0.966

5 	  41.34	   8.35	   5.26
	  0.413	  0.165	  0.895
	 -0.877	 -0.192	  0.439
	  0.245	 -0.967	  0.066

6 	  48.22	   0.07	  10.63
	  0.395	 -0.918	 -0.041
	 -0.195	 -0.127	  0.972
	 -0.898	 -0.376	 -0.229

7 	  37.62	  -6.96	  -2.87
	  0.679	 -0.731	 -0.072
	  0.657	  0.648	 -0.384
	  0.328	  0.214	  0.920

8 	  42.06	  -9.26	   5.91
	  0.597	 -0.010	  0.802
	  0.787	 -0.187	 -0.588
	  0.155	  0.982	 -0.104

9 	  47.44	   0.90	   7.63
	  0.178	  0.965	 -0.189
	 -0.484	 -0.083	 -0.871
	 -0.858	  0.245	  0.451

