% Calibrated with leiden_pols
% Positions are in centimeters
Data =[
 2    97.629   -19.431    59.066
 2     0.701    -0.714     0.004
 2     0.713     0.699     0.026
 2    -0.020    -0.016     0.999
 3   125.600    -1.961     0.749
 3     0.333    -0.171    -0.928
 3     0.033     0.985    -0.169
 3     0.942     0.025     0.333
 4   111.031    18.689    -6.583
 4     0.318    -0.890     0.327
 4     0.865     0.132    -0.483
 4     0.387     0.436     0.812
 5   106.001    17.961    31.412
 5    -0.139    -0.053     0.989
 5    -0.075     0.996     0.043
 5    -0.987    -0.068    -0.142
 6   122.527    27.189    50.187
 6     0.252    -0.560    -0.791
 6     0.188     0.828    -0.525
 6     0.949    -0.018     0.313
 7   107.783   -20.878    -6.319
 7     0.224     0.823     0.521
 7    -0.963     0.106     0.246
 7     0.147    -0.557     0.817
 8   110.088   -29.698    18.128
 8     0.189     0.625     0.758
 8    -0.255    -0.714     0.651
 8     0.948    -0.316     0.024
 9   120.222   -34.754    46.526
 9     0.236     0.551    -0.802
 9    -0.132     0.834     0.534
 9     0.962    -0.020     0.269
 2    97.631   -19.430    59.063
 2     0.700    -0.714     0.004
 2     0.713     0.699     0.025
 2    -0.019    -0.016     1.000
 3   125.525    -1.960     0.750
 3     0.332    -0.172    -0.928
 3     0.035     0.985    -0.170
 3     0.942     0.023     0.332
 4   111.031    18.689    -6.583
 4     0.317    -0.890     0.327
 4     0.866     0.131    -0.483
 4     0.387     0.436     0.812
 5   106.000    18.014    31.408
 5    -0.139    -0.058     0.989
 5    -0.076     0.996     0.048
 5    -0.987    -0.068    -0.142
 6   122.501    27.189    50.186
 6     0.252    -0.561    -0.791
 6     0.188     0.828    -0.526
 6     0.949    -0.017     0.312
 7   107.809   -20.877    -6.323
 7     0.225     0.824     0.520
 7    -0.963     0.106     0.246
 7     0.148    -0.556     0.817
 8   110.086   -29.750    18.128
 8     0.189     0.625     0.757
 8    -0.255    -0.714     0.652
 8     0.948    -0.316     0.025
 9   120.231   -34.751    46.513
 9     0.236     0.550    -0.802
 9    -0.131     0.834     0.533
 9     0.963    -0.020     0.268
 2    97.631   -19.430    59.063
 2     0.700    -0.714     0.004
 2     0.713     0.699     0.025
 2    -0.019    -0.016     1.000
 3   125.558    -1.956     0.792
 3     0.330    -0.173    -0.928
 3     0.037     0.984    -0.170
 3     0.943     0.021     0.331
 4   111.107    18.638    -6.633
 4     0.318    -0.891     0.324
 4     0.866     0.133    -0.482
 4     0.387     0.434     0.813
 5   105.984    18.003    31.303
 5    -0.136    -0.044     0.990
 5    -0.087     0.995     0.032
 5    -0.987    -0.081    -0.139
 6   122.453    27.189    50.138
 6     0.250    -0.559    -0.793
 6     0.188     0.829    -0.524
 6     0.949    -0.020     0.311
 7   107.811   -20.877    -6.326
 7     0.225     0.825     0.518
 7    -0.963     0.106     0.248
 7     0.149    -0.555     0.818
 8   110.093   -29.749    18.118
 8     0.187     0.628     0.756
 8    -0.254    -0.712     0.654
 8     0.949    -0.314     0.026
 9   120.232   -34.750    46.513
 9     0.236     0.551    -0.802
 9    -0.130     0.834     0.534
 9     0.963    -0.021     0.267
 2    97.632   -19.431    59.064
 2     0.701    -0.714     0.003
 2     0.713     0.699     0.026
 2    -0.019    -0.016     0.999
 3   125.559    -2.007     0.742
 3     0.330    -0.172    -0.928
 3     0.037     0.985    -0.168
 3     0.943     0.020     0.331
 4   111.209    18.637    -6.632
 4     0.322    -0.890     0.323
 4     0.864     0.137    -0.484
 4     0.387     0.434     0.813
 5   106.080    18.150    31.287
 5    -0.129     0.005     0.991
 5    -0.090     0.996    -0.016
 5    -0.988    -0.091    -0.128
 6   122.727    27.345    50.065
 6     0.249    -0.560    -0.792
 6     0.193     0.828    -0.524
 6     0.949    -0.024     0.313
 7   107.793   -20.925    -6.336
 7     0.225     0.825     0.518
 7    -0.962     0.104     0.250
 7     0.152    -0.555     0.817
 8   110.161   -29.837    18.072
 8     0.190     0.638     0.746
 8    -0.263    -0.699     0.664
 8     0.946    -0.322     0.035
 9   120.412   -35.253    46.225
 9     0.224     0.569    -0.793
 9    -0.145     0.822     0.549
 9     0.964    -0.007     0.265
 2    97.629   -19.431    59.066
 2     0.700    -0.715     0.004
 2     0.714     0.699     0.025
 2    -0.020    -0.016     0.999
 3   125.593    -2.013     0.683
 3     0.335    -0.173    -0.926
 3     0.035     0.984    -0.170
 3     0.941     0.023     0.336
 4   111.167    18.652    -6.521
 4     0.333    -0.889     0.313
 4     0.850     0.139    -0.508
 4     0.408     0.435     0.802
 5   106.705    18.381    31.279
 5    -0.154    -0.061     0.986
 5    -0.202     0.979     0.029
 5    -0.967    -0.195    -0.163
 6   123.549    30.233    49.479
 6     0.257    -0.639    -0.728
 6     0.261     0.768    -0.581
 6     0.930    -0.042     0.363
 7   107.698   -20.693    -6.508
 7     0.228     0.830     0.508
 7    -0.961     0.108     0.255
 7     0.157    -0.546     0.822
 8   109.744   -30.247    17.885
 8     0.188     0.514     0.837
 8    -0.363    -0.756     0.545
 8     0.912    -0.406     0.045
 9   119.763   -39.232    44.962
 9     0.208     0.645    -0.737
 9    -0.246     0.761     0.598
 9     0.946     0.057     0.315
 2    97.629   -19.431    59.066
 2     0.700    -0.715     0.004
 2     0.714     0.699     0.025
 2    -0.020    -0.016     0.999
 3   125.586    -1.866     0.641
 3     0.339    -0.168    -0.926
 3     0.032     0.985    -0.166
 3     0.940     0.025     0.339
 4   111.050    18.830    -6.533
 4     0.338    -0.887     0.314
 4     0.847     0.141    -0.513
 4     0.411     0.439     0.799
 5   107.556    19.354    31.104
 5    -0.187    -0.127     0.974
 5    -0.262     0.962     0.075
 5    -0.947    -0.241    -0.213
 6   124.677    33.012    48.327
 6     0.292    -0.690    -0.667
 6     0.313     0.724    -0.612
 6     0.903    -0.031     0.425
 7   107.428   -20.452    -6.605
 7     0.220     0.833     0.508
 7    -0.964     0.106     0.243
 7     0.148    -0.543     0.826
 8   109.453   -31.301    17.237
 8     0.197     0.419     0.887
 8    -0.443    -0.769     0.461
 8     0.875    -0.483     0.034
 9   120.017   -43.259    42.770
 9     0.235     0.692    -0.685
 9    -0.334     0.716     0.610
 9     0.913     0.086     0.397
 2    97.629   -19.406    59.015
 2     0.700    -0.715     0.004
 2     0.713     0.699     0.025
 2    -0.020    -0.016     0.999
 3   125.573    -1.791     0.559
 3     0.345    -0.167    -0.924
 3     0.036     0.986    -0.164
 3     0.938     0.022     0.345
 4   110.253    18.599    -6.734
 4     0.332    -0.880     0.339
 4     0.865     0.141    -0.481
 4     0.376     0.452     0.808
 5   108.609    21.322    30.019
 5    -0.228    -0.223     0.948
 5    -0.373     0.919     0.126
 5    -0.899    -0.325    -0.293
 6   125.844    38.654    45.343
 6     0.334    -0.761    -0.562
 6     0.423     0.649    -0.630
 6     0.842    -0.028     0.536
 7   107.160   -20.249    -6.756
 7     0.202     0.830     0.520
 7    -0.971     0.101     0.215
 7     0.126    -0.548     0.826
 8   109.394   -33.161    16.257
 8     0.224     0.299     0.928
 8    -0.557    -0.743     0.372
 8     0.800    -0.599     0.000
 9   120.670   -49.097    38.844
 9     0.277     0.762    -0.588
 9    -0.462     0.639     0.613
 9     0.842     0.102     0.528
 2    97.629   -19.406    59.066
 2     0.701    -0.714     0.004
 2     0.713     0.700     0.026
 2    -0.020    -0.016     0.999
 3   125.628    -1.683     0.566
 3     0.344    -0.158    -0.926
 3     0.044     0.987    -0.151
 3     0.938     0.010     0.347
 4   109.222    18.086    -7.218
 4     0.324    -0.869     0.375
 4     0.895     0.153    -0.420
 4     0.307     0.471     0.826
 5   109.540    23.750    28.292
 5    -0.260    -0.331     0.907
 5    -0.487     0.856     0.172
 5    -0.834    -0.397    -0.383
