% Calibrated with leiden_pols
% Positions are in centimeters
Data =[
 2    97.629   -19.431    59.066
 2     0.701    -0.714     0.004
 2     0.713     0.699     0.026
 2    -0.020    -0.016     0.999
 3   125.600    -1.961     0.749
 3     0.333    -0.171    -0.928
 3     0.033     0.985    -0.169
 3     0.942     0.025     0.333
 4   111.031    18.689    -6.583
 4     0.318    -0.890     0.327
 4     0.865     0.132    -0.483
 4     0.387     0.436     0.812
 5   106.001    17.961    31.412
 5    -0.139    -0.053     0.989
 5    -0.075     0.996     0.043
 5    -0.987    -0.068    -0.142
 6   122.527    27.189    50.187
 6     0.252    -0.560    -0.791
 6     0.188     0.828    -0.525
 6     0.949    -0.018     0.313
 7   107.783   -20.878    -6.319
 7     0.224     0.823     0.521
 7    -0.963     0.106     0.246
 7     0.147    -0.557     0.817
 8   110.088   -29.698    18.128
 8     0.189     0.625     0.758
 8    -0.255    -0.714     0.651
 8     0.948    -0.316     0.024
 9   120.222   -34.754    46.526
 9     0.236     0.551    -0.802
 9    -0.132     0.834     0.534
 9     0.962    -0.020     0.269
 2    97.631   -19.430    59.063
 2     0.700    -0.714     0.004
 2     0.713     0.699     0.025
 2    -0.019    -0.016     1.000
 3   125.525    -1.960     0.750
 3     0.332    -0.172    -0.928
 3     0.035     0.985    -0.170
 3     0.942     0.023     0.332
 4   111.031    18.689    -6.583
 4     0.317    -0.890     0.327
 4     0.866     0.131    -0.483
 4     0.387     0.436     0.812
 5   106.000    18.014    31.408
 5    -0.139    -0.058     0.989
 5    -0.076     0.996     0.048
 5    -0.987    -0.068    -0.142
 6   122.501    27.189    50.186
 6     0.252    -0.561    -0.791
 6     0.188     0.828    -0.526
 6     0.949    -0.017     0.312
 7   107.809   -20.877    -6.323
 7     0.225     0.824     0.520
 7    -0.963     0.106     0.246
 7     0.148    -0.556     0.817
 8   110.086   -29.750    18.128
 8     0.189     0.625     0.757
 8    -0.255    -0.714     0.652
 8     0.948    -0.316     0.025
 9   120.231   -34.751    46.513
 9     0.236     0.550    -0.802
 9    -0.131     0.834     0.533
 9     0.963    -0.020     0.268
 2    97.631   -19.430    59.063
 2     0.700    -0.714     0.004
 2     0.713     0.699     0.025
 2    -0.019    -0.016     1.000
 3   125.558    -1.956     0.792
 3     0.330    -0.173    -0.928
 3     0.037     0.984    -0.170
 3     0.943     0.021     0.331
 4   111.107    18.638    -6.633
 4     0.318    -0.891     0.324
 4     0.866     0.133    -0.482
 4     0.387     0.434     0.813
 5   105.984    18.003    31.303
 5    -0.136    -0.044     0.990
 5    -0.087     0.995     0.032
 5    -0.987    -0.081    -0.139
 6   122.453    27.189    50.138
 6     0.250    -0.559    -0.793
 6     0.188     0.829    -0.524
 6     0.949    -0.020     0.311
 7   107.811   -20.877    -6.326
 7     0.225     0.825     0.518
 7    -0.963     0.106     0.248
 7     0.149    -0.555     0.818
 8   110.093   -29.749    18.118
 8     0.187     0.628     0.756
 8    -0.254    -0.712     0.654
 8     0.949    -0.314     0.026
 9   120.232   -34.750    46.513
 9     0.236     0.551    -0.802
 9    -0.130     0.834     0.534
 9     0.963    -0.021     0.267
 2    97.632   -19.431    59.064
 2     0.701    -0.714     0.003
 2     0.713     0.699     0.026
 2    -0.019    -0.016     0.999
 3   125.559    -2.007     0.742
 3     0.330    -0.172    -0.928
 3     0.037     0.985    -0.168
 3     0.943     0.020     0.331
 4   111.209    18.637    -6.632
 4     0.322    -0.890     0.323
 4     0.864     0.137    -0.484
 4     0.387     0.434     0.813
 5   106.080    18.150    31.287
 5    -0.129     0.005     0.991
 5    -0.090     0.996    -0.016
 5    -0.988    -0.091    -0.128
 6   122.727    27.345    50.065
 6     0.249    -0.560    -0.792
 6     0.193     0.828    -0.524
 6     0.949    -0.024     0.313
 7   107.793   -20.925    -6.336
 7     0.225     0.825     0.518
 7    -0.962     0.104     0.250
 7     0.152    -0.555     0.817
 8   110.161   -29.837    18.072
 8     0.190     0.638     0.746
 8    -0.263    -0.699     0.664
 8     0.946    -0.322     0.035
 9   120.412   -35.253    46.225
 9     0.224     0.569    -0.793
 9    -0.145     0.822     0.549
 9     0.964    -0.007     0.265
 2    97.629   -19.431    59.066
 2     0.700    -0.715     0.004
 2     0.714     0.699     0.025
 2    -0.020    -0.016     0.999
 3   125.593    -2.013     0.683
 3     0.335    -0.173    -0.926
 3     0.035     0.984    -0.170
 3     0.941     0.023     0.336
 4   111.167    18.652    -6.521
 4     0.333    -0.889     0.313
 4     0.850     0.139    -0.508
 4     0.408     0.435     0.802
 5   106.705    18.381    31.279
 5    -0.154    -0.061     0.986
 5    -0.202     0.979     0.029
 5    -0.967    -0.195    -0.163
 6   123.549    30.233    49.479
 6     0.257    -0.639    -0.728
 6     0.261     0.768    -0.581
 6     0.930    -0.042     0.363
 7   107.698   -20.693    -6.508
 7     0.228     0.830     0.508
 7    -0.961     0.108     0.255
 7     0.157    -0.546     0.822
 8   109.744   -30.247    17.885
 8     0.188     0.514     0.837
 8    -0.363    -0.756     0.545
 8     0.912    -0.406     0.045
 9   119.763   -39.232    44.962
 9     0.208     0.645    -0.737
 9    -0.246     0.761     0.598
 9     0.946     0.057     0.315
 2    97.629   -19.431    59.066
 2     0.700    -0.715     0.004
 2     0.714     0.699     0.025
 2    -0.020    -0.016     0.999
 3   125.586    -1.866     0.641
 3     0.339    -0.168    -0.926
 3     0.032     0.985    -0.166
 3     0.940     0.025     0.339
 4   111.050    18.830    -6.533
 4     0.338    -0.887     0.314
 4     0.847     0.141    -0.513
 4     0.411     0.439     0.799
 5   107.556    19.354    31.104
 5    -0.187    -0.127     0.974
 5    -0.262     0.962     0.075
 5    -0.947    -0.241    -0.213
 6   124.677    33.012    48.327
 6     0.292    -0.690    -0.667
 6     0.313     0.724    -0.612
 6     0.903    -0.031     0.425
 7   107.428   -20.452    -6.605
 7     0.220     0.833     0.508
 7    -0.964     0.106     0.243
 7     0.148    -0.543     0.826
 8   109.453   -31.301    17.237
 8     0.197     0.419     0.887
 8    -0.443    -0.769     0.461
 8     0.875    -0.483     0.034
 9   120.017   -43.259    42.770
 9     0.235     0.692    -0.685
 9    -0.334     0.716     0.610
 9     0.913     0.086     0.397
 2    97.629   -19.406    59.015
 2     0.700    -0.715     0.004
 2     0.713     0.699     0.025
 2    -0.020    -0.016     0.999
 3   125.573    -1.791     0.559
 3     0.345    -0.167    -0.924
 3     0.036     0.986    -0.164
 3     0.938     0.022     0.345
 4   110.253    18.599    -6.734
 4     0.332    -0.880     0.339
 4     0.865     0.141    -0.481
 4     0.376     0.452     0.808
 5   108.609    21.322    30.019
 5    -0.228    -0.223     0.948
 5    -0.373     0.919     0.126
 5    -0.899    -0.325    -0.293
 6   125.844    38.654    45.343
 6     0.334    -0.761    -0.562
 6     0.423     0.649    -0.630
 6     0.842    -0.028     0.536
 7   107.160   -20.249    -6.756
 7     0.202     0.830     0.520
 7    -0.971     0.101     0.215
 7     0.126    -0.548     0.826
 8   109.394   -33.161    16.257
 8     0.224     0.299     0.928
 8    -0.557    -0.743     0.372
 8     0.800    -0.599     0.000
 9   120.670   -49.097    38.844
 9     0.277     0.762    -0.588
 9    -0.462     0.639     0.613
 9     0.842     0.102     0.528
 2    97.629   -19.406    59.066
 2     0.701    -0.714     0.004
 2     0.713     0.700     0.026
 2    -0.020    -0.016     0.999
 3   125.628    -1.683     0.566
 3     0.344    -0.158    -0.926
 3     0.044     0.987    -0.151
 3     0.938     0.010     0.347
 4   109.222    18.086    -7.218
 4     0.324    -0.869     0.375
 4     0.895     0.153    -0.420
 4     0.307     0.471     0.826
 5   109.540    23.750    28.292
 5    -0.260    -0.331     0.907
 5    -0.487     0.856     0.172
 5    -0.834    -0.397    -0.383
 6   126.169    44.490    41.084
 6     0.358    -0.818    -0.456
 6     0.539     0.575    -0.614
 6     0.762    -0.026     0.644
 7   106.611   -19.978    -6.919
 7     0.174     0.828     0.532
 7    -0.979     0.090     0.180
 7     0.101    -0.553     0.827
 8   109.122   -35.052    14.928
 8     0.243     0.161     0.957
 8    -0.669    -0.687     0.284
 8     0.702    -0.709    -0.059
 9   120.323   -54.819    33.982
 9     0.292     0.831    -0.477
 9    -0.592     0.545     0.592
 9     0.751     0.109     0.649
 2    97.629   -19.406    59.066
 2     0.701    -0.714     0.004
 2     0.713     0.700     0.026
 2    -0.020    -0.016     0.999
 3   125.532    -1.654     0.622
 3     0.343    -0.150    -0.927
 3     0.050     0.989    -0.141
 3     0.938     0.001     0.346
 4   108.293    17.452    -7.808
 4     0.320    -0.856     0.406
 4     0.915     0.168    -0.367
 4     0.246     0.488     0.837
 5   110.157    26.057    26.062
 5    -0.280    -0.416     0.866
 5    -0.586     0.787     0.188
 5    -0.760    -0.455    -0.463
 6   126.160    49.584    36.014
 6     0.375    -0.860    -0.350
 6     0.639     0.509    -0.575
 6     0.671    -0.007     0.740
 7   106.362   -19.856    -7.059
 7     0.152     0.826     0.542
 7    -0.985     0.084     0.147
 7     0.076    -0.557     0.827
 8   108.658   -36.786    13.179
 8     0.248     0.056     0.967
 8    -0.759    -0.610     0.229
 8     0.603    -0.790    -0.109
 9   119.482   -59.436    28.787
 9     0.293     0.874    -0.389
 9    -0.698     0.471     0.538
 9     0.653     0.113     0.747
 2    97.627   -19.432    59.069
 2     0.701    -0.714     0.004
 2     0.713     0.700     0.026
 2    -0.021    -0.016     0.999
 3   125.527    -1.542     0.713
 3     0.337    -0.140    -0.931
 3     0.058     0.990    -0.127
 3     0.940    -0.012     0.341
 4   107.424    16.675    -8.655
 4     0.315    -0.842     0.439
 4     0.934     0.193    -0.300
 4     0.167     0.504     0.847
 5   110.905    28.328    23.166
 5    -0.302    -0.486     0.821
 5    -0.672     0.718     0.179
 5    -0.677    -0.498    -0.542
 6   126.495    54.250    29.469
 6     0.401    -0.883    -0.249
 6     0.730     0.469    -0.496
 6     0.553     0.019     0.832
 7   106.034   -19.584    -7.269
 7     0.127     0.824     0.552
 7    -0.991     0.078     0.111
 7     0.049    -0.561     0.826
 8   108.148   -38.058    11.379
 8     0.243    -0.026     0.969
 8    -0.827    -0.528     0.193
 8     0.506    -0.849    -0.150
 9   118.242   -63.211    23.482
 9     0.278     0.910    -0.308
 9    -0.786     0.398     0.472
 9     0.551     0.109     0.826
 2    97.628   -19.433    59.069
 2     0.702    -0.713     0.004
 2     0.712     0.701     0.026
 2    -0.021    -0.016     0.999
 3   125.557    -1.461     0.618
 3     0.334    -0.128    -0.934
 3     0.064     0.991    -0.112
 3     0.940    -0.023     0.339
 4   106.222    15.621    -9.611
 4     0.299    -0.822     0.486
 4     0.950     0.210    -0.229
 4     0.086     0.530     0.843
 5   111.727    29.990    19.806
 5    -0.332    -0.561     0.760
 5    -0.739     0.653     0.159
 5    -0.586    -0.508    -0.630
 6   126.552    57.315    22.437
 6     0.431    -0.893    -0.135
 6     0.795     0.445    -0.412
 6     0.427     0.071     0.901
 7   105.873   -19.376    -7.381
 7     0.116     0.820     0.561
 7    -0.993     0.079     0.090
 7     0.030    -0.567     0.823
 8   107.938   -38.746    10.153
 8     0.235    -0.120     0.964
 8    -0.873    -0.462     0.155
 8     0.427    -0.879    -0.213
 9   116.898   -65.482    19.525
 9     0.257     0.943    -0.214
 9    -0.844     0.325     0.427
 9     0.471     0.069     0.878
 2    97.628   -19.433    59.069
 2     0.702    -0.713     0.005
 2     0.712     0.701     0.026
 2    -0.021    -0.016     0.999
 3   125.645    -1.177     0.336
 3     0.337    -0.126    -0.933
 3     0.076     0.991    -0.107
 3     0.938    -0.035     0.343
 4   105.135    14.647   -10.368
 4     0.262    -0.801     0.539
 4     0.965     0.215    -0.149
 4     0.004     0.559     0.829
 5   112.222    31.371    16.600
 5    -0.349    -0.611     0.712
 5    -0.790     0.598     0.127
 5    -0.504    -0.518    -0.691
 6   126.231    59.503    15.767
 6     0.443    -0.896    -0.045
 6     0.842     0.432    -0.324
 6     0.308     0.106     0.945
 7   105.836   -19.219    -7.540
 7     0.102     0.815     0.570
 7    -0.995     0.078     0.066
 7     0.010    -0.574     0.819
 8   108.185   -39.502     8.947
 8     0.234    -0.216     0.948
 8    -0.909    -0.395     0.134
 8     0.345    -0.893    -0.288
 9   116.272   -67.209    15.405
 9     0.245     0.963    -0.111
 9    -0.888     0.268     0.375
 9     0.390     0.006     0.920
 2    97.628   -19.407    59.069
 2     0.702    -0.713     0.004
 2     0.712     0.701     0.027
 2    -0.021    -0.016     0.999
 3   125.794    -0.997    -0.207
 3     0.346    -0.129    -0.930
 3     0.092     0.990    -0.102
 3     0.934    -0.051     0.354
 4   104.463    13.536   -11.309
 4     0.236    -0.777     0.583
 4     0.968     0.240    -0.071
 4    -0.085     0.581     0.809
 5   112.635    32.391    13.033
 5    -0.359    -0.651     0.670
 5    -0.835     0.543     0.080
 5    -0.417    -0.530    -0.738
 6   125.632    60.935     9.064
 6     0.445    -0.894     0.045
 6     0.874     0.423    -0.237
 6     0.193     0.145     0.970
 7   105.952   -19.294    -7.613
 7     0.098     0.802     0.589
 7    -0.995     0.091     0.040
 7    -0.022    -0.590     0.807
 8   108.609   -40.686     6.619
 8     0.240    -0.282     0.929
 8    -0.942    -0.299     0.152
 8     0.235    -0.912    -0.337
 9   116.074   -69.250     8.863
 9     0.247     0.969    -0.010
 9    -0.934     0.240     0.263
 9     0.256    -0.056     0.965
 2    97.628   -19.433    59.069
 2     0.702    -0.713     0.004
 2     0.712     0.701     0.027
 2    -0.021    -0.016     0.999
 3   126.012    -0.823    -1.042
 3     0.359    -0.161    -0.920
 3     0.106     0.985    -0.130
 3     0.927    -0.052     0.371
 4   103.551    12.479   -12.088
 4     0.207    -0.752     0.626
 4     0.963     0.267     0.003
 4    -0.169     0.602     0.780
 5   112.828    32.857    10.116
 5    -0.364    -0.686     0.632
 5    -0.862     0.504     0.051
 5    -0.353    -0.525    -0.773
 6   124.963    61.328     3.101
 6     0.454    -0.883     0.125
 6     0.887     0.434    -0.156
 6     0.083     0.181     0.980
 7   105.857   -18.853    -7.904
 7     0.090     0.784     0.614
 7    -0.993     0.115    -0.002
 7    -0.073    -0.610     0.789
 8   108.716   -40.970     4.455
 8     0.235    -0.353     0.906
 8    -0.961    -0.221     0.163
 8     0.143    -0.909    -0.391
 9   114.805   -70.045     4.205
 9     0.214     0.973     0.083
 9    -0.962     0.195     0.191
 9     0.170    -0.120     0.978
 2    97.628   -19.433    59.070
 2     0.702    -0.713     0.005
 2     0.711     0.701     0.027
 2    -0.021    -0.017     0.999
 3   125.954    -0.532    -1.670
 3     0.378    -0.177    -0.909
 3     0.113     0.983    -0.143
 3     0.919    -0.049     0.391
 4   102.635    11.939   -12.487
 4     0.195    -0.721     0.665
 4     0.952     0.300     0.047
 4    -0.234     0.624     0.745
 5   113.502    33.157     7.813
 5    -0.382    -0.712     0.591
 5    -0.874     0.485     0.021
 5    -0.301    -0.508    -0.806
 6   125.287    61.026    -1.158
 6     0.474    -0.857     0.204
 6     0.880     0.461    -0.107
 6    -0.002     0.229     0.973
 7   105.530   -18.868    -8.007
 7     0.084     0.762     0.642
 7    -0.992     0.125    -0.018
 7    -0.094    -0.635     0.766
 8   108.724   -41.166     3.613
 8     0.240    -0.390     0.889
 8    -0.965    -0.193     0.176
 8     0.104    -0.900    -0.422
 9   114.515   -70.353     2.408
 9     0.207     0.972     0.114
 9    -0.969     0.187     0.162
 9     0.137    -0.143     0.980
 2    97.629   -19.433    59.070
 2     0.702    -0.713     0.004
 2     0.711     0.701     0.027
 2    -0.021    -0.018     0.999
 3   125.722    -0.544    -2.285
 3     0.400    -0.197    -0.896
 3     0.134     0.979    -0.154
 3     0.906    -0.059     0.417
 4   101.804    11.087   -12.957
 4     0.171    -0.699     0.695
 4     0.944     0.318     0.088
 4    -0.282     0.641     0.714
 5   113.570    32.343     6.607
 5    -0.399    -0.736     0.549
 5    -0.871     0.490     0.025
 5    -0.287    -0.467    -0.835
 6   125.130    59.797    -3.892
 6     0.495    -0.822     0.284
 6     0.866     0.492    -0.085
 6    -0.070     0.286     0.955
 7   105.077   -19.052    -7.836
 7     0.076     0.740     0.668
 7    -0.992     0.125    -0.027
 7    -0.104    -0.661     0.743
 8   108.775   -41.479     3.204
 8     0.250    -0.429     0.868
 8    -0.965    -0.177     0.190
 8     0.072    -0.886    -0.458
 9   114.108   -70.785     0.718
 9     0.201     0.966     0.164
 9    -0.974     0.179     0.138
 9     0.104    -0.187     0.976
 2    97.629   -19.433    59.070
 2     0.702    -0.713     0.004
 2     0.711     0.701     0.027
 2    -0.021    -0.018     0.999
 3   125.521    -0.562    -2.628
 3     0.425    -0.208    -0.881
 3     0.146     0.976    -0.158
 3     0.893    -0.062     0.445
 4   101.280    10.701   -13.261
 4     0.145    -0.692     0.707
 4     0.944     0.310     0.111
 4    -0.296     0.652     0.698
 5   113.548    31.142     7.435
 5    -0.409    -0.748     0.524
 5    -0.855     0.514     0.067
 5    -0.319    -0.420    -0.849
 6   125.262    58.701    -2.662
 6     0.515    -0.798     0.316
 6     0.854     0.506    -0.114
 6    -0.069     0.326     0.942
 7   104.968   -19.045    -7.660
 7     0.079     0.724     0.685
 7    -0.992     0.127    -0.021
 7    -0.102    -0.678     0.728
 8   108.905   -41.424     3.451
 8     0.251    -0.453     0.856
 8    -0.966    -0.178     0.189
 8     0.067    -0.873    -0.482
 9   113.539   -70.770     1.591
 9     0.182     0.943     0.277
 9    -0.976     0.140     0.163
 9     0.116    -0.300     0.947
 2    97.629   -19.433    59.070
 2     0.702    -0.713     0.004
 2     0.711     0.701     0.027
 2    -0.021    -0.018     0.999
 3   125.592    -0.523    -3.081
 3     0.442    -0.224    -0.870
 3     0.153     0.973    -0.172
 3     0.884    -0.058     0.463
 4   100.967    10.545   -13.436
 4     0.113    -0.693     0.712
 4     0.952     0.279     0.121
 4    -0.283     0.665     0.691
 5   113.606    29.185     9.823
 5    -0.404    -0.772     0.492
 5    -0.823     0.540     0.173
 5    -0.399    -0.335    -0.853
 6   124.595    57.797     1.573
 6     0.529    -0.658     0.539
 6     0.848     0.432    -0.306
 6    -0.032     0.617     0.784
 7   105.041   -18.940    -7.716
 7     0.087     0.705     0.704
 7    -0.990     0.137    -0.016
 7    -0.108    -0.696     0.710
 8   111.207   -40.659     4.881
 8     0.213    -0.721     0.660
 8    -0.977    -0.172     0.126
 8     0.022    -0.671    -0.740
 9   112.128   -69.965     4.436
 9     0.117     0.391     0.913
 9    -0.986    -0.069     0.155
 9     0.122    -0.917     0.376
 2    97.628   -19.433    59.070
 2     0.702    -0.713     0.004
 2     0.712     0.701     0.027
 2    -0.021    -0.017     0.999
 3   125.724     0.048    -3.460
 3     0.454    -0.247    -0.857
 3     0.149     0.968    -0.199
 3     0.878    -0.038     0.476
 4   100.763    10.889   -13.401
 4     0.076    -0.694     0.716
 4     0.964     0.234     0.124
 4    -0.254     0.681     0.687
 5   113.735    27.638    11.999
 5    -0.408    -0.788     0.463
 5    -0.786     0.560     0.262
 5    -0.465    -0.256    -0.847
 6   123.281    57.261     6.119
 6     0.512    -0.318     0.799
 6     0.859     0.207    -0.468
 6    -0.018     0.925     0.378
 7   105.582   -18.565    -7.833
 7     0.114     0.681     0.723
 7    -0.988     0.154     0.010
 7    -0.105    -0.716     0.690
 8   112.942   -39.869     5.556
 8     0.196    -0.800     0.568
 8    -0.981    -0.167     0.101
 8     0.014    -0.576    -0.817
 9   112.975   -69.286     6.409
 9     0.069    -0.092     0.993
 9    -0.990    -0.132     0.057
 9     0.126    -0.987    -0.100
 2    97.626   -19.433    59.073
 2     0.702    -0.713     0.004
 2     0.712     0.701     0.028
 2    -0.022    -0.018     0.999
 3   126.035     0.443    -3.912
 3     0.467    -0.262    -0.846
 3     0.147     0.965    -0.216
 3     0.872    -0.024     0.487
 4   100.769    11.078   -13.505
 4     0.064    -0.688     0.723
 4     0.967     0.222     0.126
 4    -0.247     0.691     0.679
 5   114.800    26.216    12.940
 5    -0.425    -0.807     0.411
 5    -0.748     0.567     0.342
 5    -0.509    -0.161    -0.845
 6   122.760    57.087    10.142
 6     0.436     0.211     0.875
 6     0.899    -0.148    -0.412
 6     0.044     0.966    -0.253
 7   105.666   -18.215    -8.093
 7     0.116     0.661     0.742
 7    -0.986     0.164     0.006
 7    -0.118    -0.732     0.670
 8   114.286   -39.315     5.506
 8     0.194    -0.860     0.473
 8    -0.981    -0.165     0.101
 8    -0.009    -0.483    -0.875
 9   114.554   -68.606     7.541
 9     0.043    -0.442     0.897
 9    -0.989    -0.142    -0.024
 9     0.139    -0.886    -0.442
 2    97.626   -19.433    59.073
 2     0.702    -0.713     0.004
 2     0.712     0.701     0.029
 2    -0.022    -0.018     0.999
 3   126.072     0.791    -4.132
 3     0.472    -0.265    -0.842
 3     0.141     0.964    -0.222
 3     0.870    -0.015     0.492
 4   100.413    11.309   -13.337
 4     0.057    -0.679     0.732
 4     0.967     0.218     0.126
 4    -0.246     0.701     0.669
 5   115.895    25.856    13.008
 5    -0.448    -0.835     0.323
 5    -0.739     0.547     0.391
 5    -0.503    -0.063    -0.862
 6   122.292    57.065    10.519
 6     0.377     0.521     0.768
 6     0.926    -0.229    -0.298
 6     0.021     0.822    -0.567
 7   105.191   -17.935    -8.178
 7     0.090     0.634     0.768
 7    -0.986     0.166    -0.022
 7    -0.141    -0.755     0.640
 8   115.204   -39.156     5.218
 8     0.187    -0.920     0.346
 8    -0.982    -0.164     0.092
 8    -0.029    -0.356    -0.934
 9   116.371   -68.380     7.883
 9     0.015    -0.726     0.688
 9    -0.989    -0.111    -0.099
 9     0.147    -0.679    -0.718
 2    97.629   -19.433    59.071
 2     0.702    -0.713     0.003
 2     0.712     0.701     0.029
 2    -0.021    -0.019     0.999
 3   125.795     0.831    -4.361
 3     0.483    -0.267    -0.835
 3     0.137     0.964    -0.228
 3     0.865    -0.005     0.501
 4    99.855    11.197   -13.241
 4     0.054    -0.664     0.746
 4     0.965     0.226     0.132
 4    -0.257     0.712     0.652
 5   116.373    25.577    12.595
 5    -0.477    -0.832     0.286
 5    -0.734     0.554     0.391
 5    -0.483    -0.023    -0.875
 6   122.676    56.932     8.933
 6     0.376     0.634     0.679
 6     0.926    -0.226    -0.299
 6    -0.036     0.739    -0.670
 7   104.713   -17.995    -8.081
 7     0.074     0.611     0.788
 7    -0.986     0.164    -0.035
 7    -0.151    -0.774     0.615
 8   115.417   -39.278     4.866
 8     0.191    -0.934     0.303
 8    -0.980    -0.167     0.103
 8    -0.047    -0.316    -0.947
 9   116.872   -68.410     7.211
 9     0.024    -0.770     0.639
 9    -0.990    -0.108    -0.096
 9     0.142    -0.629    -0.763
 2    97.629   -19.433    59.071
 2     0.702    -0.713     0.003
 2     0.712     0.700     0.028
 2    -0.021    -0.019     0.999
 3   125.598     0.620    -4.558
 3     0.491    -0.262    -0.832
 3     0.139     0.965    -0.220
 3     0.860    -0.008     0.509
 4    99.677    10.931   -13.286
 4     0.057    -0.659     0.750
 4     0.961     0.238     0.136
 4    -0.269     0.713     0.646
 5   116.596    25.462    12.232
 5    -0.492    -0.823     0.284
 5    -0.740     0.566     0.362
 5    -0.458    -0.031    -0.888
 6   122.880    56.621     7.246
 6     0.375     0.688     0.626
 6     0.921    -0.199    -0.331
 6    -0.104     0.698    -0.706
 7   104.577   -18.129    -8.052
 7     0.069     0.604     0.794
 7    -0.985     0.168    -0.042
 7    -0.159    -0.779     0.606
 8   115.468   -39.779     4.215
 8     0.200    -0.937     0.288
 8    -0.976    -0.164     0.140
 8    -0.084    -0.309    -0.947
 9   117.156   -68.957     5.313
 9     0.032    -0.783     0.622
 9    -0.994    -0.089    -0.066
 9     0.106    -0.615    -0.780
 2    97.629   -19.433    59.071
 2     0.702    -0.713     0.003
 2     0.712     0.700     0.028
 2    -0.021    -0.019     0.999
 3   125.541     0.361    -4.494
 3     0.495    -0.253    -0.832
 3     0.135     0.967    -0.213
 3     0.858    -0.008     0.512
 4    99.771    11.024   -13.081
 4     0.060    -0.660     0.749
 4     0.966     0.227     0.122
 4    -0.251     0.716     0.651
 5   116.467    25.041    13.111
 5    -0.509    -0.805     0.306
 5    -0.728     0.591     0.345
 5    -0.458    -0.046    -0.887
 6   123.011    56.083     7.079
 6     0.382     0.704     0.602
 6     0.911    -0.176    -0.371
 6    -0.157     0.688    -0.706
 7   104.378   -17.920    -8.148
 7     0.070     0.593     0.802
 7    -0.980     0.190    -0.055
 7    -0.185    -0.782     0.595
 8   115.580   -39.913     2.833
 8     0.214    -0.938     0.272
 8    -0.967    -0.164     0.196
 8    -0.140    -0.305    -0.942
 9   117.696   -69.103     1.732
 9     0.044    -0.800     0.600
 9    -0.999    -0.047     0.006
 9     0.022    -0.598    -0.800
 2    97.629   -19.433    59.071
 2     0.702    -0.713     0.003
 2     0.712     0.700     0.028
 2    -0.021    -0.019     0.999
 3   125.471     0.770    -4.288
 3     0.486    -0.257    -0.836
 3     0.120     0.966    -0.226
 3     0.865     0.008     0.499
 4    99.872    11.729   -12.860
 4     0.062    -0.664     0.746
 4     0.971     0.211     0.108
 4    -0.229     0.717     0.657
 5   116.390    25.077    13.927
 5    -0.513    -0.798     0.318
 5    -0.718     0.601     0.351
 5    -0.471    -0.048    -0.880
 6   123.148    55.903     7.630
 6     0.390     0.697     0.605
 6     0.903    -0.163    -0.395
 6    -0.177     0.698    -0.692
 7   104.449   -17.398    -8.400
 7     0.072     0.603     0.794
 7    -0.978     0.199    -0.062
 7    -0.195    -0.773     0.604
 8   115.446   -39.569     2.708
 8     0.224    -0.931     0.289
 8    -0.963    -0.165     0.211
 8    -0.150    -0.325    -0.933
 9   117.608   -68.889     1.204
 9     0.043    -0.798     0.602
 9    -0.999    -0.036     0.020
 9     0.004    -0.601    -0.798
 2    97.629   -19.433    59.071
 2     0.702    -0.713     0.003
 2     0.712     0.700     0.028
 2    -0.021    -0.019     0.999
 3   125.465     0.773    -4.212
 3     0.481    -0.254    -0.840
 3     0.115     0.967    -0.225
 3     0.869     0.011     0.493
 4   100.030    11.913   -12.710
 4     0.079    -0.662     0.746
 4     0.973     0.215     0.087
 4    -0.218     0.718     0.660
 5   116.976    24.436    14.169
 5    -0.538    -0.781     0.320
 5    -0.696     0.624     0.355
 5    -0.476    -0.031    -0.878
 6   124.723    54.416     5.808
 6     0.423     0.688     0.593
 6     0.865    -0.112    -0.487
 6    -0.269     0.717    -0.640
 7   104.327   -17.526    -8.351
 7     0.068     0.605     0.793
 7    -0.979     0.195    -0.066
 7    -0.194    -0.772     0.605
 8   115.272   -40.080     1.975
 8     0.244    -0.921     0.303
 8    -0.952    -0.167     0.257
 8    -0.187    -0.351    -0.917
 9   117.511   -69.435    -2.299
 9     0.051    -0.798     0.603
 9    -0.995     0.016     0.099
 9    -0.089    -0.603    -0.792
 2    97.629   -19.433    59.071
 2     0.702    -0.713     0.003
 2     0.712     0.700     0.028
 2    -0.021    -0.019     0.999
 3   125.600     0.138    -4.204
 3     0.480    -0.230    -0.847
 3     0.113     0.973    -0.199
 3     0.869    -0.001     0.493
 4   100.506    11.713   -12.787
 4     0.104    -0.659     0.745
 4     0.966     0.243     0.080
 4    -0.234     0.711     0.662
 5   117.900    24.392    13.701
 5    -0.563    -0.761     0.325
 5    -0.694     0.647     0.314
 5    -0.448    -0.048    -0.892
 6   125.453    54.282     5.037
 6     0.425     0.696     0.583
 6     0.861    -0.112    -0.493
 6    -0.278     0.709    -0.646
 7   103.856   -17.755    -8.299
 7     0.022     0.578     0.815
 7    -0.970     0.208    -0.122
 7    -0.241    -0.788     0.566
 8   114.424   -41.064    -2.436
 8     0.217    -0.940     0.266
 8    -0.912    -0.098     0.397
 8    -0.348    -0.328    -0.878
 9   115.762   -69.265   -12.730
 9     0.024    -0.803     0.598
 9    -0.967     0.135     0.215
 9    -0.255    -0.581    -0.772
 2    97.629   -19.433    59.071
 2     0.702    -0.713     0.003
 2     0.712     0.700     0.028
 2    -0.021    -0.019     0.999
 3   125.823    -0.481    -4.264
 3     0.502    -0.185    -0.846
 3     0.073     0.982    -0.170
 3     0.862     0.023     0.506
 4   101.114    12.120   -12.693
 4     0.124    -0.662     0.739
 4     0.971     0.232     0.046
 4    -0.202     0.712     0.672
 5   118.056    23.462    15.122
 5    -0.578    -0.734     0.359
 5    -0.653     0.678     0.336
 5    -0.490    -0.039    -0.871
 6   126.741    53.204     7.834
 6     0.453     0.661     0.601
 6     0.861    -0.150    -0.484
 6    -0.231     0.735    -0.635
 7   103.031   -16.558    -8.648
 7    -0.007     0.506     0.862
 7    -0.933     0.306    -0.188
 7    -0.359    -0.806     0.470
 8   113.713   -39.702    -9.283
 8     0.202    -0.961     0.188
 8    -0.807    -0.055     0.588
 8    -0.555    -0.270    -0.787
 9   114.467   -64.747   -26.663
 9    -0.005    -0.843     0.540
 9    -0.876     0.265     0.401
 9    -0.482    -0.469    -0.740
 2    97.629   -19.433    59.071
 2     0.702    -0.713     0.003
 2     0.712     0.700     0.028
 2    -0.021    -0.019     0.999
 3   125.708    -0.164    -4.249
 3     0.519    -0.158    -0.840
 3     0.029     0.985    -0.166
 3     0.854     0.061     0.516
 4   101.283    13.020   -12.219
 4     0.127    -0.667     0.734
 4     0.979     0.204     0.016
 4    -0.161     0.716     0.678
 5   117.703    22.836    16.834
 5    -0.581    -0.715     0.391
 5    -0.613     0.698     0.368
 5    -0.535    -0.026    -0.844
 6   127.050    52.542    10.132
 6     0.469     0.641     0.612
 6     0.860    -0.172    -0.478
 6    -0.201     0.748    -0.630
 7   102.576   -15.609    -9.016
 7    -0.005     0.453     0.891
 7    -0.896     0.394    -0.205
 7    -0.444    -0.800     0.404
 8   113.861   -37.300   -14.315
 8     0.209    -0.973     0.094
 8    -0.690    -0.079     0.719
 8    -0.693    -0.215    -0.688
 9   114.823   -59.033   -35.861
 9     0.003    -0.864     0.506
 9    -0.781     0.314     0.538
 9    -0.625    -0.394    -0.674
 2    97.626   -19.433    59.073
 2     0.702    -0.713     0.004
 2     0.712     0.700     0.028
 2    -0.022    -0.018     0.999
 3   125.549    -0.087    -4.303
 3     0.532    -0.133    -0.837
 3     0.008     0.988    -0.151
 3     0.846     0.073     0.526
 4   101.293    13.398   -11.935
 4     0.131    -0.668     0.732
 4     0.982     0.188    -0.004
 4    -0.135     0.720     0.680
 5   117.407    22.045    17.763
 5    -0.586    -0.699     0.412
 5    -0.579     0.715     0.390
 5    -0.567    -0.009    -0.823
 6   127.414    51.506    12.769
 6     0.488     0.605     0.633
 6     0.858    -0.198    -0.472
 6    -0.161     0.771    -0.614
 7   102.023   -15.242    -9.108
 7     0.005     0.413     0.911
 7    -0.867     0.455    -0.202
 7    -0.498    -0.789     0.360
 8   113.689   -35.006   -17.840
 8     0.213    -0.977     0.017
 8    -0.578    -0.112     0.808
 8    -0.787    -0.182    -0.589
 9   114.257   -53.704   -42.396
 9    -0.004    -0.888     0.462
 9    -0.684     0.339     0.644
 9    -0.729    -0.312    -0.610
 2    97.626   -19.433    59.073
 2     0.701    -0.714     0.003
 2     0.712     0.700     0.029
 2    -0.022    -0.019     0.999
 3   125.198    -0.285    -4.158
 3     0.543    -0.104    -0.833
 3    -0.010     0.991    -0.130
 3     0.839     0.078     0.537
 4   101.315    13.666   -11.733
 4     0.142    -0.667     0.732
 4     0.983     0.181    -0.026
 4    -0.116     0.723     0.681
 5   113.834    19.975    16.694
 5    -0.590    -0.679     0.438
 5    -0.544     0.733     0.406
 5    -0.596     0.002    -0.802
 6   127.694    50.653    14.676
 6     0.502     0.585     0.640
 6     0.856    -0.232    -0.460
 6    -0.121     0.777    -0.615
 7   101.435   -14.790    -9.089
 7     0.002     0.374     0.927
 7    -0.844     0.498    -0.198
 7    -0.536    -0.783     0.316
 8   112.946   -33.031   -20.010
 8     0.207    -0.978    -0.031
 8    -0.486    -0.129     0.864
 8    -0.849    -0.163    -0.502
 9   112.988   -48.918   -46.697
 9    -0.024    -0.901     0.434
 9    -0.599     0.360     0.713
 9    -0.800    -0.241    -0.550
 2    97.628   -19.432    59.070
 2     0.701    -0.714     0.003
 2     0.712     0.700     0.029
 2    -0.021    -0.019     0.999
 3   124.903    -0.180    -4.207
 3     0.558    -0.094    -0.825
 3    -0.024     0.991    -0.129
 3     0.829     0.092     0.550
 4   100.990    13.854   -11.540
 4     0.142    -0.663     0.734
 4     0.984     0.172    -0.034
 4    -0.104     0.728     0.677
 5   113.426    19.639    17.120
 5    -0.590    -0.676     0.444
 5    -0.529     0.737     0.419
 5    -0.610     0.013    -0.792
 6   127.342    50.328    15.994
 6     0.502     0.572     0.652
 6     0.860    -0.250    -0.443
 6    -0.090     0.781    -0.615
 7   100.769   -14.655    -8.893
 7    -0.012     0.356     0.934
 7    -0.835     0.511    -0.206
 7    -0.551    -0.782     0.291
 8   111.801   -32.090   -21.159
 8     0.179    -0.982    -0.058
 8    -0.439    -0.132     0.889
 8    -0.881    -0.134    -0.454
 9   110.921   -46.900   -48.596
 9    -0.052    -0.905     0.423
 9    -0.562     0.376     0.734
 9    -0.825    -0.198    -0.530
 2    97.626   -19.433    59.073
 2     0.701    -0.714     0.004
 2     0.713     0.700     0.029
 2    -0.022    -0.018     0.999
 3   124.602    -0.601    -4.335
 3     0.570    -0.067    -0.819
 3    -0.033     0.994    -0.104
 3     0.821     0.086     0.564
 4   100.807    13.772   -11.430
 4     0.150    -0.656     0.740
 4     0.983     0.180    -0.039
 4    -0.108     0.733     0.672
 5   113.322    19.455    17.233
 5    -0.591    -0.673     0.447
 5    -0.525     0.739     0.420
 5    -0.612     0.014    -0.790
 6   127.432    50.053    16.211
 6     0.505     0.568     0.653
 6     0.859    -0.255    -0.442
 6    -0.085     0.782    -0.615
 7   100.246   -14.669    -8.724
 7    -0.036     0.353     0.935
 7    -0.830     0.510    -0.225
 7    -0.557    -0.784     0.274
 8   110.655   -31.597   -21.784
 8     0.158    -0.986    -0.060
 8    -0.403    -0.120     0.907
 8    -0.901    -0.119    -0.416
 9   109.191   -45.236   -49.919
 9    -0.081    -0.904     0.421
 9    -0.527     0.397     0.750
 9    -0.846    -0.160    -0.510
 2    97.630   -19.431    59.067
 2     0.701    -0.714     0.003
 2     0.713     0.700     0.027
 2    -0.020    -0.017     0.999
 3   124.401    -0.794    -4.423
 3     0.579    -0.054    -0.814
 3    -0.043     0.994    -0.096
 3     0.814     0.090     0.573
 4   100.771    13.852   -11.322
 4     0.156    -0.651     0.743
 4     0.982     0.180    -0.049
 4    -0.102     0.737     0.667
 5   113.203    18.945    17.520
 5    -0.597    -0.663     0.453
 5    -0.508     0.748     0.426
 5    -0.621     0.025    -0.783
 6   127.696    49.455    16.836
 6     0.514     0.561     0.652
 6     0.855    -0.270    -0.442
 6    -0.071     0.782    -0.616
 7   100.004   -14.479    -8.751
 7    -0.045     0.346     0.937
 7    -0.822     0.520    -0.232
 7    -0.568    -0.781     0.261
 8   110.090   -31.138   -22.260
 8     0.146    -0.987    -0.063
 8    -0.384    -0.115     0.917
 8    -0.912    -0.110    -0.395
 9   108.527   -44.135   -50.609
 9    -0.091    -0.905     0.416
 9    -0.509     0.401     0.760
 9    -0.856    -0.141    -0.499
 2    97.632   -19.431    59.064
 2     0.701    -0.714     0.003
 2     0.713     0.699     0.026
 2    -0.019    -0.016     0.999
 3   124.314    -0.800    -4.457
 3     0.583    -0.047    -0.812
 3    -0.047     0.995    -0.091
 3     0.811     0.091     0.577
 4   100.723    13.904   -11.274
 4     0.157    -0.650     0.744
 4     0.982     0.179    -0.051
 4    -0.101     0.738     0.666
 5   113.070    18.886    17.610
 5    -0.598    -0.659     0.458
 5    -0.503     0.752     0.425
 5    -0.624     0.024    -0.781
 6   127.762    49.280    17.056
 6     0.518     0.555     0.654
 6     0.853    -0.275    -0.443
 6    -0.066     0.785    -0.613
 7    99.953   -14.430    -8.746
 7    -0.047     0.345     0.937
 7    -0.821     0.521    -0.233
 7    -0.569    -0.780     0.259
 8   110.117   -30.865   -22.415
 8     0.147    -0.987    -0.070
 8    -0.373    -0.120     0.920
 8    -0.916    -0.109    -0.385
 9   108.517   -43.734   -50.787
 9    -0.091    -0.907     0.411
 9    -0.503     0.398     0.766
 9    -0.860    -0.136    -0.493
 2    97.631   -19.430    59.063
 2     0.700    -0.715     0.004
 2     0.714     0.699     0.025
 2    -0.019    -0.015     0.999
 3   124.345    -0.798    -4.462
 3     0.582    -0.045    -0.812
 3    -0.047     0.995    -0.089
 3     0.812     0.089     0.576
 4   100.830    13.904   -11.278
 4     0.161    -0.651     0.741
 4     0.982     0.180    -0.055
 4    -0.099     0.737     0.669
 5   113.051    18.642    17.794
 5    -0.598    -0.653     0.467
 5    -0.495     0.757     0.426
 5    -0.631     0.024    -0.775
 6   127.942    48.948    17.235
 6     0.524     0.553     0.652
 6     0.849    -0.278    -0.447
 6    -0.066     0.785    -0.613
 7   100.005   -14.431    -8.697
 7    -0.050     0.349     0.936
 7    -0.822     0.518    -0.238
 7    -0.568    -0.781     0.261
 8   110.176   -30.962   -22.354
 8     0.149    -0.986    -0.071
 8    -0.377    -0.122     0.918
 8    -0.914    -0.110    -0.390
 9   108.723   -43.956   -50.632
 9    -0.087    -0.909     0.409
 9    -0.507     0.393     0.765
 9    -0.857    -0.140    -0.496
 2    97.631   -19.430    59.063
 2     0.700    -0.715     0.003
 2     0.714     0.699     0.024
 2    -0.019    -0.015     0.999
 3   124.396    -0.824    -4.461
 3     0.582    -0.042    -0.812
 3    -0.048     0.995    -0.085
 3     0.812     0.088     0.577
 4   100.833    13.905   -11.280
 4     0.161    -0.652     0.741
 4     0.982     0.180    -0.055
 4    -0.098     0.736     0.669
 5   112.992    18.454    17.842
 5    -0.598    -0.650     0.471
 5    -0.488     0.759     0.428
 5    -0.635     0.027    -0.771
 6   128.014    48.639    17.321
 6     0.528     0.552     0.648
 6     0.846    -0.279    -0.452
 6    -0.069     0.786    -0.612
 7    99.962   -14.479    -8.683
 7    -0.050     0.349     0.935
 7    -0.823     0.516    -0.237
 7    -0.565    -0.782     0.262
 8   110.313   -31.080   -22.150
 8     0.154    -0.985    -0.076
 8    -0.382    -0.130     0.915
 8    -0.911    -0.112    -0.396
 9   108.875   -44.181   -50.438
 9    -0.085    -0.909     0.408
 9    -0.510     0.391     0.765
 9    -0.856    -0.142    -0.498
 2    97.631   -19.405    59.012
 2     0.700    -0.715     0.003
 2     0.714     0.699     0.024
 2    -0.019    -0.015     0.999
 3   124.389    -0.877    -4.449
 3     0.584    -0.038    -0.811
 3    -0.047     0.995    -0.081
 3     0.810     0.085     0.579
 4   100.836    13.906   -11.257
 4     0.162    -0.653     0.740
 4     0.982     0.180    -0.055
 4    -0.097     0.736     0.670
 5   112.986    18.396    18.007
 5    -0.600    -0.645     0.475
 5    -0.484     0.763     0.427
 5    -0.637     0.027    -0.770
 6   128.098    48.502    17.344
 6     0.532     0.553     0.645
 6     0.843    -0.276    -0.459
 6    -0.077     0.786    -0.611
 7    99.893   -14.477    -8.586
 7    -0.052     0.349     0.935
 7    -0.825     0.512    -0.237
 7    -0.563    -0.784     0.261
 8   110.372   -31.150   -21.946
 8     0.159    -0.984    -0.076
