% Calibrated with leiden_pols
% Positions are in centimeters
Data =[
 2    96.772   -19.425    58.972
 2    -0.262    -0.965     0.004
 2     0.964    -0.261     0.033
 2    -0.033     0.011     0.999
 3   134.482    -1.423     1.869
 3     0.102    -0.186    -0.977
 3     0.039     0.982    -0.183
 3     0.994    -0.020     0.107
 4   123.411    19.100    -7.708
 4     0.324    -0.938     0.126
 4     0.835     0.220    -0.503
 4     0.443     0.268     0.855
 5   117.515    16.193    30.675
 5    -0.095    -0.059     0.994
 5    -0.113     0.992     0.048
 5    -0.989    -0.107    -0.100
 6   131.446    27.410    50.378
 6     0.171    -0.833    -0.533
 6     0.212     0.553    -0.803
 6     0.962     0.021     0.266
 7   119.249   -20.399    -7.330
 7     0.095     0.957     0.275
 7    -0.943    -0.002     0.332
 7     0.318    -0.290     0.902
 8   120.796   -25.314    19.916
 8     0.236     0.429     0.873
 8    -0.203    -0.857     0.474
 8     0.950    -0.287    -0.115
 9   129.906   -31.064    48.262
 9     0.215     0.740    -0.642
 9    -0.114     0.667     0.733
 9     0.969    -0.083     0.224
 2    96.772   -19.425    59.023
 2    -0.262    -0.965     0.004
 2     0.964    -0.261     0.033
 2    -0.033     0.011     0.999
 3   134.457    -1.324     1.867
 3     0.103    -0.185    -0.977
 3     0.038     0.982    -0.182
 3     0.994    -0.019     0.108
 4   123.319    19.256    -7.620
 4     0.321    -0.939     0.127
 4     0.835     0.216    -0.506
 4     0.447     0.268     0.853
 5   117.397    16.195    30.781
 5    -0.095    -0.064     0.993
 5    -0.112     0.992     0.054
 5    -0.989    -0.106    -0.101
 6   131.369    27.410    50.424
 6     0.171    -0.836    -0.527
 6     0.209     0.548    -0.807
 6     0.962     0.025     0.264
 7   119.198   -20.323    -7.327
 7     0.098     0.956     0.275
 7    -0.943     0.001     0.331
 7     0.317    -0.292     0.902
 8   120.843   -25.210    19.812
 8     0.239     0.435     0.869
 8    -0.201    -0.853     0.481
 8     0.950    -0.288    -0.115
 9   129.905   -31.066    48.236
 9     0.215     0.739    -0.642
 9    -0.115     0.668     0.733
 9     0.969    -0.082     0.225
 2    96.772   -19.425    58.972
 2    -0.262    -0.965     0.004
 2     0.964    -0.261     0.033
 2    -0.033     0.011     0.999
 3   134.457    -1.276     1.917
 3     0.103    -0.184    -0.977
 3     0.037     0.983    -0.181
 3     0.994    -0.018     0.108
 4   123.276    19.336    -7.605
 4     0.319    -0.939     0.129
 4     0.834     0.212    -0.509
 4     0.450     0.269     0.851
 5   117.404    16.248    30.913
 5    -0.097    -0.068     0.993
 5    -0.113     0.992     0.057
 5    -0.989    -0.106    -0.103
 6   131.318    27.408    50.420
 6     0.174    -0.837    -0.525
 6     0.208     0.546    -0.809
 6     0.962     0.029     0.264
 7   119.191   -20.146    -7.369
 7     0.101     0.956     0.276
 7    -0.944     0.004     0.330
 7     0.314    -0.294     0.903
 8   120.842   -25.210    19.812
 8     0.240     0.437     0.867
 8    -0.201    -0.851     0.484
 8     0.950    -0.289    -0.115
 9   129.904   -30.964    48.236
 9     0.216     0.739    -0.642
 9    -0.115     0.668     0.733
 9     0.969    -0.082     0.226
 2    96.772   -19.425    58.972
 2    -0.262    -0.965     0.004
 2     0.964    -0.261     0.033
 2    -0.033     0.011     0.999
 3   134.457    -1.250     1.917
 3     0.103    -0.185    -0.977
 3     0.037     0.982    -0.182
 3     0.994    -0.018     0.108
 4   123.236    19.390    -7.566
 4     0.317    -0.940     0.126
 4     0.832     0.211    -0.512
 4     0.454     0.267     0.849
 5   117.562    16.210    31.009
 5    -0.102    -0.076     0.992
 5    -0.115     0.991     0.065
 5    -0.988    -0.107    -0.110
 6   131.367    27.460    50.473
 6     0.172    -0.839    -0.522
 6     0.209     0.543    -0.811
 6     0.962     0.027     0.264
 7   119.212   -20.009    -7.309
 7     0.107     0.958     0.264
 7    -0.940     0.011     0.341
 7     0.325    -0.285     0.902
 8   121.346   -25.914    19.934
 8     0.254     0.466     0.849
 8    -0.217    -0.827     0.518
 8     0.943    -0.314    -0.108
 9   131.431   -31.499    47.841
 9     0.245     0.663    -0.712
 9    -0.119     0.745     0.653
 9     0.962    -0.073     0.259
 2    96.772   -19.425    58.972
 2    -0.262    -0.965     0.004
 2     0.964    -0.261     0.033
 2    -0.033     0.011     0.999
 3   134.283    -1.083     2.104
 3     0.095    -0.189    -0.977
 3     0.041     0.981    -0.186
 3     0.994    -0.023     0.101
 4   123.216    19.353    -7.390
 4     0.319    -0.942     0.105
 4     0.821     0.219    -0.526
 4     0.472     0.254     0.844
 5   119.632    18.048    31.312
 5    -0.178    -0.028     0.983
 5    -0.172     0.985    -0.003
 5    -0.969    -0.169    -0.180
 6   136.101    29.605    49.305
 6     0.260    -0.770    -0.590
 6     0.245     0.636    -0.727
 6     0.934     0.042     0.350
 7   119.088   -20.007    -7.229
 7     0.111     0.956     0.270
 7    -0.939     0.012     0.343
 7     0.324    -0.292     0.899
 8   123.290   -27.928    19.975
 8     0.359     0.445     0.822
 8    -0.287    -0.784     0.548
 8     0.888    -0.432    -0.154
 9   137.211   -34.389    45.101
 9     0.388     0.585    -0.717
 9    -0.162     0.804     0.568
 9     0.907    -0.104     0.404
 2    96.772   -19.425    59.023
 2    -0.262    -0.965     0.004
 2     0.964    -0.261     0.033
 2    -0.033     0.011     0.999
 3   134.109    -1.078     2.058
 3     0.100    -0.195    -0.976
 3     0.046     0.980    -0.191
 3     0.994    -0.027     0.106
 4   122.911    19.187    -7.578
 4     0.362    -0.924     0.125
 4     0.822     0.252    -0.511
 4     0.440     0.287     0.850
 5   123.284    19.860    30.699
 5    -0.318     0.007     0.948
 5    -0.222     0.971    -0.081
 5    -0.922    -0.236    -0.307
 6   142.940    30.771    46.397
 6     0.429    -0.686    -0.594
 6     0.258     0.717    -0.643
 6     0.865     0.123     0.483
 7   118.845   -20.088    -7.263
 7     0.118     0.949     0.292
 7    -0.943     0.014     0.333
 7     0.312    -0.315     0.896
 8   125.461   -29.143    19.617
 8     0.471     0.366     0.803
 8    -0.339    -0.766     0.546
 8     0.814    -0.529    -0.237
 9   142.106   -35.752    42.123
 9     0.516     0.551    -0.659
 9    -0.182     0.819     0.541
 9     0.837    -0.160     0.522
 2    96.772   -19.425    59.023
 2    -0.262    -0.965     0.004
 2     0.964    -0.261     0.033
 2    -0.033     0.011     0.999
 3   133.910    -1.083     2.006
 3     0.106    -0.202    -0.974
 3     0.049     0.979    -0.197
 3     0.993    -0.028     0.113
 4   122.729    19.027    -7.813
 4     0.406    -0.904     0.138
 4     0.814     0.288    -0.504
 4     0.415     0.316     0.852
 5   125.882    19.984    30.175
 5    -0.417     0.018     0.909
 5    -0.210     0.971    -0.115
 5    -0.884    -0.238    -0.401
 6   147.526    29.372    43.882
 6     0.542    -0.606    -0.589
 6     0.226     0.773    -0.587
 6     0.809     0.186     0.555
 7   118.580   -20.143    -7.236
 7     0.122     0.945     0.302
 7    -0.945     0.017     0.327
 7     0.304    -0.325     0.895
 8   126.774   -29.565    19.468
 8     0.540     0.333     0.774
 8    -0.345    -0.751     0.562
 8     0.768    -0.570    -0.291
 9   145.059   -35.966    39.963
 9     0.590     0.504    -0.634
 9    -0.175     0.842     0.506
 9     0.788    -0.188     0.585
 2    96.772   -19.425    59.023
 2    -0.262    -0.965     0.004
 2     0.964    -0.261     0.033
 2    -0.033     0.011     0.999
 3   133.683    -1.136     1.901
 3     0.109    -0.205    -0.973
 3     0.049     0.978    -0.200
 3     0.993    -0.027     0.117
 4   122.500    18.897    -7.974
 4     0.435    -0.889     0.146
 4     0.810     0.315    -0.493
 4     0.392     0.333     0.857
 5   127.413    20.028    29.609
 5    -0.474     0.026     0.880
 5    -0.205     0.969    -0.138
 5    -0.856    -0.245    -0.454
 6   150.691    28.495    41.453
 6     0.633    -0.539    -0.560
 6     0.199     0.808    -0.551
 6     0.748     0.239     0.618
 7   118.269   -20.234    -7.302
 7     0.121     0.941     0.316
 7    -0.951     0.018     0.309
 7     0.286    -0.338     0.896
 8   128.038   -29.969    19.009
 8     0.601     0.304     0.741
 8    -0.349    -0.733     0.582
 8     0.719    -0.608    -0.335
 9   147.777   -35.647    37.778
 9     0.654     0.453    -0.609
 9    -0.164     0.867     0.467
 9     0.738    -0.207     0.641
 2    96.772   -19.425    59.023
 2    -0.262    -0.965     0.004
 2     0.964    -0.261     0.033
 2    -0.033     0.011     0.999
 3   133.536    -1.145     1.897
 3     0.111    -0.208    -0.972
 3     0.048     0.978    -0.204
 3     0.992    -0.025     0.118
 4   122.251    18.917    -8.065
 4     0.457    -0.874     0.164
 4     0.812     0.335    -0.477
 4     0.362     0.351     0.863
 5   128.784    20.557    28.811
 5    -0.517     0.011     0.856
 5    -0.220     0.965    -0.144
 5    -0.827    -0.262    -0.496
 6   153.688    28.375    37.839
 6     0.740    -0.459    -0.495
 6     0.169     0.835    -0.520
 6     0.651     0.303     0.696
 7   118.129   -20.171    -7.388
 7     0.126     0.935     0.332
 7    -0.956     0.024     0.292
 7     0.266    -0.354     0.896
 8   130.023   -30.512    18.132
 8     0.675     0.272     0.687
 8    -0.350    -0.701     0.620
 8     0.650    -0.659    -0.379
 9   151.619   -35.528    34.177
 9     0.734     0.379    -0.565
 9    -0.153     0.901     0.403
 9     0.661    -0.211     0.719
 2    96.772   -19.425    59.023
 2    -0.262    -0.965     0.004
 2     0.964    -0.261     0.033
 2    -0.033     0.011     0.999
 3   133.362    -1.091     1.924
 3     0.111    -0.209    -0.972
 3     0.050     0.977    -0.205
 3     0.992    -0.027     0.119
 4   122.023    18.717    -8.333
 4     0.503    -0.841     0.198
 4     0.803     0.370    -0.467
 4     0.320     0.394     0.861
 5   131.152    20.969    27.295
 5    -0.583     0.013     0.813
 5    -0.226     0.958    -0.175
 5    -0.781    -0.286    -0.555
 6   157.263    27.713    32.873
 6     0.838    -0.360    -0.412
 6     0.134     0.864    -0.483
 6     0.529     0.351     0.772
 7   117.955   -20.265    -7.376
 7     0.128     0.926     0.356
 7    -0.962     0.029     0.269
 7     0.240    -0.377     0.894
 8   132.135   -31.233    16.627
 8     0.758     0.208     0.619
 8    -0.357    -0.662     0.658
 8     0.546    -0.720    -0.428
 9   155.427   -35.688    29.027
 9     0.820     0.307    -0.484
 9    -0.146     0.928     0.341
 9     0.553    -0.210     0.806
 2    96.772   -19.425    58.972
 2    -0.262    -0.965     0.004
 2     0.964    -0.261     0.033
 2    -0.033     0.011     0.999
 3   133.263    -1.133     1.980
 3     0.110    -0.207    -0.972
 3     0.054     0.978    -0.202
 3     0.992    -0.031     0.119
 4   121.855    18.406    -8.597
 4     0.552    -0.802     0.230
 4     0.789     0.413    -0.454
 4     0.269     0.431     0.861
 5   133.066    21.329    25.546
 5    -0.642     0.009     0.767
 5    -0.232     0.951    -0.203
 5    -0.731    -0.308    -0.608
 6   159.955    26.953    27.838
 6     0.911    -0.262    -0.318
 6     0.097     0.886    -0.452
 6     0.400     0.381     0.833
 7   117.636   -20.267    -7.489
 7     0.128     0.916     0.380
 7    -0.970     0.036     0.238
 7     0.205    -0.399     0.894
 8   133.734   -31.877    14.802
 8     0.818     0.132     0.560
 8    -0.365    -0.632     0.682
 8     0.444    -0.763    -0.470
 9   157.958   -36.235    23.581
 9     0.885     0.262    -0.384
 9    -0.149     0.942     0.300
 9     0.440    -0.209     0.873
 2    96.772   -19.425    59.023
 2    -0.262    -0.965     0.004
 2     0.964    -0.261     0.033
 2    -0.033     0.011     0.999
 3   133.091    -1.228     2.038
 3     0.109    -0.201    -0.974
 3     0.058     0.979    -0.195
 3     0.992    -0.036     0.119
 4   121.432    18.072    -8.858
 4     0.588    -0.766     0.264
 4     0.779     0.448    -0.437
 4     0.216     0.461     0.860
 5   134.454    21.524    23.996
 5    -0.687     0.006     0.726
 5    -0.232     0.946    -0.225
 5    -0.688    -0.323    -0.649
 6   161.572    26.367    23.404
 6     0.955    -0.187    -0.229
 6     0.068     0.893    -0.445
 6     0.287     0.408     0.866
 7   117.394   -20.188    -7.690
 7     0.135     0.908     0.398
 7    -0.976     0.051     0.212
 7     0.172    -0.417     0.892
 8   134.703   -31.999    13.312
 8     0.857     0.074     0.510
 8    -0.364    -0.614     0.700
 8     0.365    -0.786    -0.500
 9   159.531   -36.000    19.399
 9     0.927     0.224    -0.299
 9    -0.140     0.950     0.277
 9     0.346    -0.216     0.913
 2    96.772   -19.425    59.023
 2    -0.262    -0.965     0.004
 2     0.964    -0.261     0.033
 2    -0.033     0.011     0.999
 3   132.950    -1.178     2.018
 3     0.113    -0.193    -0.975
 3     0.063     0.980    -0.186
 3     0.991    -0.041     0.122
 4   120.900    17.757    -9.232
 4     0.623    -0.724     0.297
 4     0.766     0.488    -0.418
 4     0.158     0.487     0.858
 5   135.880    21.518    21.993
 5    -0.736     0.004     0.677
 5    -0.228     0.940    -0.252
 5    -0.637    -0.340    -0.691
 6   162.949    25.631    18.378
 6     0.984    -0.111    -0.138
 6     0.041     0.900    -0.434
 6     0.172     0.421     0.890
 7   117.042   -20.036    -7.750
 7     0.144     0.898     0.417
 7    -0.981     0.072     0.182
 7     0.134    -0.435     0.890
 8   135.575   -32.324    11.665
 8     0.888     0.013     0.460
 8    -0.362    -0.597     0.715
 8     0.284    -0.802    -0.526
 9   160.914   -35.675    14.521
 9     0.965     0.172    -0.197
 9    -0.120     0.961     0.251
 9     0.232    -0.218     0.948
 2    96.772   -19.425    58.972
 2    -0.262    -0.965     0.004
 2     0.964    -0.261     0.033
 2    -0.033     0.011     0.999
 3   132.776    -1.250     1.970
 3     0.115    -0.185    -0.976
 3     0.067     0.981    -0.178
 3     0.991    -0.045     0.126
 4   120.497    17.239    -9.702
 4     0.655    -0.683     0.325
 4     0.749     0.529    -0.398
 4     0.099     0.503     0.858
 5   137.212    21.440    19.638
 5    -0.783    -0.004     0.622
 5    -0.228     0.933    -0.278
 5    -0.579    -0.360    -0.732
 6   163.819    24.961    13.631
 6     0.997    -0.050    -0.057
 6     0.022     0.908    -0.419
 6     0.073     0.416     0.906
 7   116.708   -19.989    -7.849
 7     0.153     0.886     0.437
 7    -0.984     0.095     0.150
 7     0.092    -0.453     0.887
 8   136.307   -32.555     9.605
 8     0.914    -0.052     0.402
 8    -0.357    -0.577     0.735
 8     0.194    -0.815    -0.546
 9   161.714   -35.615     8.993
 9     0.988     0.128    -0.084
 9    -0.107     0.968     0.227
 9     0.110    -0.215     0.970
 2    96.772   -19.425    58.972
 2    -0.262    -0.965     0.004
 2     0.964    -0.261     0.033
 2    -0.033     0.011     0.999
 3   132.589    -1.358     1.970
 3     0.121    -0.177    -0.977
 3     0.070     0.983    -0.169
 3     0.990    -0.049     0.131
 4   119.639    16.818   -10.119
 4     0.668    -0.649     0.367
 4     0.743     0.561    -0.362
 4     0.029     0.514     0.856
 5   138.098    21.747    17.155
 5    -0.825    -0.025     0.565
 5    -0.236     0.923    -0.303
 5    -0.513    -0.384    -0.768
 6   164.000    24.679     8.248
 6     0.999     0.015     0.042
 6     0.003     0.917    -0.399
 6    -0.045     0.399     0.916
 7   116.341   -19.734    -8.124
 7     0.177     0.871     0.459
 7    -0.983     0.134     0.123
 7     0.047    -0.473     0.880
 8   136.747   -32.749     7.276
 8     0.927    -0.136     0.349
 8    -0.363    -0.554     0.749
 8     0.091    -0.821    -0.563
 9   161.876   -36.112     2.659
 9     0.993     0.102     0.057
 9    -0.112     0.972     0.206
 9    -0.034    -0.211     0.977
 2    96.813   -19.357    59.003
 2    -0.198    -0.980     0.012
 2     0.979    -0.197     0.028
 2    -0.027     0.017     0.999
 3   132.524    -1.312     1.841
 3     0.126    -0.174    -0.977
 3     0.073     0.983    -0.165
 3     0.989    -0.052     0.136
 4   118.712    16.264   -10.714
 4     0.672    -0.617     0.413
 4     0.739     0.594    -0.317
 4    -0.050     0.517     0.854
 5   138.845    22.135    14.094
 5    -0.865    -0.055     0.499
 5    -0.253     0.907    -0.337
 5    -0.434    -0.418    -0.798
 6   163.765    24.530     2.490
 6     0.987     0.066     0.144
 6    -0.006     0.925    -0.378
 6    -0.157     0.374     0.914
 7   116.124   -19.544    -8.420
 7     0.192     0.860     0.473
 7    -0.981     0.172     0.084
 7    -0.008    -0.480     0.877
 8   136.891   -33.225     4.460
 8     0.928    -0.221     0.298
 8    -0.371    -0.527     0.765
 8    -0.012    -0.821    -0.571
 9   161.181   -36.890    -3.747
 9     0.977     0.089     0.192
 9    -0.125     0.974     0.184
 9    -0.170    -0.206     0.964
 2    96.997   -19.346    59.008
 2    -0.011    -1.000     0.010
 2     0.999    -0.010     0.026
 2    -0.027     0.010     0.999
 3   132.411    -1.365     1.662
 3     0.130    -0.156    -0.979
 3     0.077     0.986    -0.146
 3     0.988    -0.057     0.140
 4   117.880    15.473   -11.023
 4     0.681    -0.569     0.464
 4     0.720     0.633    -0.283
 4    -0.132     0.525     0.840
 5   139.817    22.403    10.396
 5    -0.902    -0.091     0.421
 5    -0.269     0.882    -0.386
 5    -0.336    -0.462    -0.821
 6   163.214    24.245    -3.873
 6     0.961     0.108     0.257
 6    -0.012     0.938    -0.344
 6    -0.277     0.330     0.903
 7   115.751   -19.444    -8.625
 7     0.198     0.856     0.478
 7    -0.979     0.193     0.059
 7    -0.042    -0.480     0.876
 8   136.735   -33.327     2.447
 8     0.924    -0.291     0.246
 8    -0.369    -0.522     0.769
 8    -0.095    -0.802    -0.590
 9   160.097   -37.750    -8.547
 9     0.950     0.090     0.300
 9    -0.154     0.969     0.191
 9    -0.273    -0.229     0.934
 2    97.042   -19.313    59.003
 2     0.079    -0.997     0.012
 2     0.996     0.079     0.023
 2    -0.024     0.010     1.000
 3   132.329    -1.436     1.517
 3     0.134    -0.133    -0.982
 3     0.087     0.989    -0.122
 3     0.987    -0.070     0.144
 4   117.020    14.876   -11.423
 4     0.675    -0.533     0.512
 4     0.710     0.656    -0.254
 4    -0.201     0.534     0.820
 5   140.376    22.743     7.007
 5    -0.926    -0.136     0.352
 5    -0.287     0.860    -0.422
 5    -0.245    -0.492    -0.835
 6   162.106    24.612    -9.883
 6     0.925     0.120     0.362
 6     0.002     0.948    -0.312
 6    -0.379     0.294     0.878
 7   115.337   -19.413    -8.790
 7     0.210     0.846     0.490
 7    -0.975     0.218     0.039
 7    -0.073    -0.486     0.870
 8   136.652   -33.287     0.133
 8     0.914    -0.362     0.187
 8    -0.360    -0.508     0.782
 8    -0.188    -0.782    -0.594
 9   158.659   -37.357   -14.263
 9     0.906     0.055     0.419
 9    -0.141     0.974     0.171
 9    -0.398    -0.217     0.891
 2    97.217   -19.250    58.953
 2     0.212    -0.977     0.012
 2     0.977     0.212     0.001
 2    -0.004     0.011     1.000
 3   132.188    -1.448     1.193
 3     0.147    -0.125    -0.981
 3     0.095     0.989    -0.112
 3     0.984    -0.078     0.157
 4   115.769    14.239   -11.721
 4     0.651    -0.513     0.562
 4     0.713     0.666    -0.218
 4    -0.262     0.541     0.798
 5   140.049    23.155     4.049
 5    -0.938    -0.187     0.291
 5    -0.307     0.837    -0.452
 5    -0.160    -0.514    -0.843
 6   160.082    24.643   -15.366
 6     0.881     0.137     0.456
 6     0.004     0.956    -0.288
 6    -0.474     0.259     0.842
 7   114.763   -19.018    -9.265
 7     0.219     0.823     0.525
 7    -0.968     0.252     0.008
 7    -0.125    -0.510     0.851
 8   136.068   -33.151    -2.573
 8     0.891    -0.437     0.124
 8    -0.354    -0.497     0.792
 8    -0.284    -0.750    -0.598
 9   156.314   -36.821   -20.320
 9     0.844     0.018     0.535
 9    -0.129     0.978     0.162
 9    -0.520    -0.209     0.829
 2    97.565   -19.100    58.867
 2     0.439    -0.899     0.002
 2     0.898     0.438    -0.036
 2     0.032     0.017     0.999
 3   131.964    -1.440     0.826
 3     0.166    -0.106    -0.980
 3     0.104     0.990    -0.090
 3     0.980    -0.087     0.175
 4   114.689    13.652   -12.096
 4     0.623    -0.491     0.611
 4     0.712     0.676    -0.184
 4    -0.323     0.549     0.770
 5   139.867    23.572     0.355
 5    -0.943    -0.246     0.226
 5    -0.329     0.803    -0.496
 5    -0.060    -0.542    -0.838
 6   157.787    24.601   -21.109
 6     0.827     0.143     0.548
 6     0.009     0.965    -0.255
 6    -0.562     0.219     0.796
 7   114.065   -18.723    -9.532
 7     0.211     0.802     0.559
 7    -0.963     0.268    -0.022
 7    -0.167    -0.534     0.828
 8   134.965   -33.354    -5.089
 8     0.850    -0.521     0.078
 8    -0.366    -0.477     0.799
 8    -0.379    -0.708    -0.597
 9   152.776   -37.017   -26.107
 9     0.756    -0.010     0.655
 9    -0.127     0.979     0.153
 9    -0.642    -0.200     0.740
 2    97.716   -18.958    58.648
 2     0.590    -0.808    -0.002
 2     0.804     0.587    -0.090
 2     0.075     0.050     0.996
 3   131.900    -1.548     0.452
 3     0.198    -0.089    -0.976
 3     0.109     0.992    -0.068
 3     0.974    -0.094     0.205
 4   113.712    13.106   -12.231
 4     0.591    -0.476     0.653
 4     0.716     0.679    -0.155
 4    -0.370     0.558     0.741
 5   139.407    23.681    -2.588
 5    -0.940    -0.300     0.162
 5    -0.339     0.781    -0.525
 5     0.030    -0.548    -0.836
 6   154.939    24.544   -26.248
 6     0.758     0.157     0.636
 6     0.011     0.968    -0.242
 6    -0.652     0.193     0.732
 7   113.225   -18.452    -9.611
 7     0.201     0.769     0.607
 7    -0.957     0.286    -0.048
 7    -0.210    -0.571     0.793
 8   133.288   -33.614    -7.558
 8     0.793    -0.609     0.032
 8    -0.381    -0.453     0.805
 8    -0.475    -0.651    -0.592
 9   148.203   -37.410   -31.598
 9     0.641    -0.032     0.768
 9    -0.130     0.981     0.141
 9    -0.757    -0.191     0.624
 2    97.807   -19.049    58.673
 2     0.696    -0.719    -0.009
 2     0.714     0.693    -0.090
 2     0.072     0.054     0.996
 3   131.535    -1.677     0.109
 3     0.225    -0.063    -0.972
 3     0.114     0.993    -0.038
 3     0.967    -0.103     0.231
 4   112.609    12.823   -12.273
 4     0.562    -0.462     0.687
 4     0.721     0.679    -0.134
 4    -0.405     0.570     0.714
 5   138.807    23.910    -5.354
 5    -0.931    -0.349     0.106
 5    -0.347     0.758    -0.552
 5     0.112    -0.551    -0.827
 6   152.161    24.639   -30.383
 6     0.700     0.175     0.696
 6     0.018     0.966    -0.251
 6    -0.714     0.190     0.672
 7   111.981   -18.085    -9.659
 7     0.166     0.749     0.642
 7    -0.956     0.281    -0.083
 7    -0.243    -0.599     0.762
 8   130.904   -33.828    -9.982
 8     0.723    -0.691     0.000
 8    -0.402    -0.419     0.814
 8    -0.562    -0.589    -0.581
 9   142.878   -37.875   -36.317
 9     0.521    -0.030     0.854
 9    -0.137     0.984     0.112
 9    -0.842    -0.175     0.508
 2    97.871   -19.020    58.693
 2     0.744    -0.669    -0.010
 2     0.665     0.741    -0.089
 2     0.068     0.058     0.996
 3   131.083    -1.656    -0.336
 3     0.254    -0.045    -0.966
 3     0.111     0.993    -0.018
 3     0.961    -0.103     0.257
 4   111.556    12.696   -12.366
 4     0.545    -0.440     0.715
 4     0.719     0.682    -0.129
 4    -0.431     0.584     0.687
 5   138.011    23.947    -7.644
 5    -0.922    -0.384     0.055
 5    -0.342     0.739    -0.581
 5     0.182    -0.554    -0.812
 6   149.630    24.238   -33.786
 6     0.648     0.186     0.742
 6     0.018     0.967    -0.248
 6    -0.761     0.175     0.622
 7   111.133   -17.705    -9.563
 7     0.140     0.726     0.674
 7    -0.954     0.281    -0.106
 7    -0.266    -0.628     0.731
 8   128.942   -34.078   -11.743
 8     0.657    -0.754    -0.003
 8    -0.426    -0.373     0.824
 8    -0.623    -0.541    -0.566
 9   138.472   -39.077   -39.486
 9     0.417    -0.005     0.909
 9    -0.175     0.981     0.081
 9    -0.892    -0.191     0.408
 2    97.940   -19.160    58.728
 2     0.814    -0.582    -0.010
 2     0.577     0.811    -0.089
 2     0.061     0.065     0.996
 3   131.090    -1.733    -0.669
 3     0.275    -0.036    -0.961
 3     0.102     0.995    -0.008
 3     0.956    -0.096     0.277
 4   111.256    12.509   -12.334
 4     0.526    -0.433     0.733
 4     0.724     0.678    -0.119
 4    -0.446     0.593     0.670
 5   137.596    24.291    -9.670
 5    -0.902    -0.431     0.026
 5    -0.355     0.708    -0.610
 5     0.244    -0.560    -0.792
 6   147.414    24.321   -36.497
 6     0.596     0.186     0.784
 6     0.014     0.971    -0.232
 6    -0.803     0.149     0.575
 7   110.742   -17.485    -9.676
 7     0.108     0.690     0.715
 7    -0.947     0.289    -0.137
 7    -0.301    -0.663     0.685
 8   126.853   -34.904   -13.202
 8     0.585    -0.811     0.033
 8    -0.465    -0.301     0.832
 8    -0.664    -0.503    -0.553
 9   134.455   -40.756   -41.590
 9     0.338     0.046     0.940
 9    -0.202     0.980     0.020
 9    -0.919    -0.194     0.340
 2    97.932   -19.171    58.749
 2     0.826    -0.565    -0.006
 2     0.561     0.822    -0.087
 2     0.055     0.067     0.996
 3   131.076    -1.942    -1.103
 3     0.303    -0.022    -0.953
 3     0.094     0.995     0.007
 3     0.948    -0.091     0.304
 4   110.745    12.239   -12.342
 4     0.508    -0.419     0.753
 4     0.725     0.678    -0.112
 4    -0.465     0.603     0.648
 5   137.070    24.566   -11.568
 5    -0.880    -0.476    -0.012
 5    -0.365     0.690    -0.625
 5     0.305    -0.546    -0.781
 6   144.682    24.735   -39.225
 6     0.536     0.187     0.826
 6     0.028     0.971    -0.230
 6    -0.844     0.145     0.514
 7   109.994   -17.107    -9.741
 7     0.076     0.659     0.748
 7    -0.942     0.293    -0.163
 7    -0.327    -0.693     0.642
 8   124.902   -35.235   -14.214
 8     0.521    -0.852     0.041
 8    -0.485    -0.257     0.836
 8    -0.701    -0.456    -0.548
 9   130.239   -41.407   -43.599
 9     0.247     0.064     0.967
 9    -0.197     0.981    -0.018
 9    -0.949    -0.184     0.253
 2    97.936   -19.188    58.746
 2     0.849    -0.529    -0.007
 2     0.525     0.846    -0.083
 2     0.050     0.065     0.996
 3   130.960    -2.048    -1.505
 3     0.331    -0.013    -0.943
 3     0.087     0.996     0.017
 3     0.939    -0.088     0.331
 4   110.020    11.946   -12.300
 4     0.477    -0.409     0.779
 4     0.732     0.673    -0.095
 4    -0.486     0.616     0.620
 5   135.938    25.033   -13.474
 5    -0.843    -0.536    -0.045
 5    -0.390     0.667    -0.634
 5     0.370    -0.518    -0.772
 6   140.924    25.491   -42.023
 6     0.462     0.180     0.871
 6     0.040     0.975    -0.216
 6    -0.886     0.132     0.442
 7   109.333   -16.874    -9.881
 7     0.047     0.628     0.777
 7    -0.937     0.297    -0.183
 7    -0.346    -0.720     0.602
 8   123.045   -35.483   -15.102
 8     0.462    -0.885     0.057
 8    -0.505    -0.209     0.837
 8    -0.729    -0.416    -0.543
 9   126.698   -41.900   -44.918
 9     0.173     0.073     0.982
 9    -0.204     0.979    -0.040
 9    -0.963    -0.191     0.184
 2    97.944   -19.249    58.785
 2     0.865    -0.503    -0.011
 2     0.499     0.862    -0.076
 2     0.048     0.059     0.997
 3   130.681    -2.176    -1.973
 3     0.357    -0.003    -0.934
 3     0.079     0.996     0.027
 3     0.931    -0.084     0.356
 4   109.208    11.684   -12.171
 4     0.448    -0.399     0.801
 4     0.740     0.667    -0.081
 4    -0.502     0.629     0.593
 5   134.772    25.489   -15.075
 5    -0.807    -0.587    -0.064
 5    -0.416     0.640    -0.645
 5     0.419    -0.495    -0.761
 6   137.886    26.178   -43.916
 6     0.408     0.168     0.899
 6     0.057     0.977    -0.202
 6    -0.911     0.131     0.387
 7   108.560   -16.694    -9.967
 7     0.025     0.602     0.797
 7    -0.929     0.307    -0.204
 7    -0.368    -0.737     0.567
 8   121.542   -35.577   -16.142
 8     0.415    -0.908     0.055
 8    -0.502    -0.178     0.846
 8    -0.759    -0.379    -0.530
 9   123.746   -41.525   -46.261
 9     0.108     0.063     0.992
 9    -0.186     0.982    -0.045
 9    -0.977    -0.178     0.116
 2    97.971   -19.254    58.791
 2     0.873    -0.490    -0.011
 2     0.486     0.870    -0.075
 2     0.047     0.059     0.997
 3   130.409    -2.452    -2.327
 3     0.375    -0.001    -0.927
 3     0.070     0.997     0.028
 3     0.924    -0.076     0.374
 4   108.691    11.396   -12.103
 4     0.435    -0.380     0.817
 4     0.740     0.667    -0.083
 4    -0.513     0.641     0.570
 5   133.951    25.425   -16.367
 5    -0.781    -0.618    -0.093
 5    -0.419     0.627    -0.656
 5     0.463    -0.474    -0.749
 6   135.169    25.827   -45.575
 6     0.350     0.178     0.921
 6     0.049     0.977    -0.202
 6    -0.936     0.112     0.332
 7   107.956   -16.633    -9.956
 7    -0.000     0.580     0.814
 7    -0.925     0.309    -0.221
 7    -0.380    -0.753     0.537
 8   120.071   -35.657   -16.853
 8     0.377    -0.924     0.062
 8    -0.505    -0.149     0.850
 8    -0.776    -0.352    -0.523
 9   121.511   -42.034   -47.011
 9     0.059     0.056     0.996
 9    -0.207     0.978    -0.044
 9    -0.976    -0.202     0.069
 2    97.935   -19.352    58.836
 2     0.892    -0.453    -0.007
 2     0.451     0.890    -0.062
 2     0.035     0.051     0.998
 3   130.053    -2.750    -2.665
 3     0.396     0.001    -0.918
 3     0.069     0.997     0.031
 3     0.915    -0.076     0.395
 4   107.883    10.894   -12.105
 4     0.420    -0.367     0.831
 4     0.735     0.673    -0.075
 4    -0.532     0.642     0.551
 5   132.990    25.153   -17.765
 5    -0.755    -0.646    -0.114
 5    -0.423     0.611    -0.669
 5     0.500    -0.458    -0.735
 6   132.695    25.192   -47.108
 6     0.306     0.184     0.936
 6     0.043     0.978    -0.199
 6    -0.951     0.096     0.289
 7   107.208   -16.770    -9.908
 7    -0.017     0.559     0.829
 7    -0.921     0.313    -0.231
 7    -0.389    -0.768     0.509
 8   118.905   -35.753   -17.376
 8     0.354    -0.932     0.071
 8    -0.506    -0.127     0.853
 8    -0.786    -0.338    -0.517
 9   119.603   -42.500   -47.579
 9     0.030     0.060     0.998
 9    -0.225     0.973    -0.053
 9    -0.974    -0.221     0.042
 2    97.956   -19.358    58.851
 2     0.895    -0.447    -0.007
 2     0.445     0.893    -0.055
 2     0.031     0.045     0.998
 3   129.696    -2.948    -3.087
 3     0.418    -0.004    -0.908
 3     0.064     0.997     0.025
 3     0.906    -0.069     0.417
 4   107.085    10.653   -11.972
 4     0.405    -0.354     0.844
 4     0.734     0.675    -0.070
 4    -0.546     0.647     0.532
 5   132.046    25.005   -18.544
 5    -0.736    -0.663    -0.143
 5    -0.424     0.612    -0.667
 5     0.528    -0.431    -0.732
 6   130.404    25.260   -48.069
 6     0.264     0.195     0.946
 6     0.054     0.976    -0.210
 6    -0.963     0.100     0.245
 7   106.406   -16.707    -9.852
 7    -0.037     0.535     0.844
 7    -0.916     0.320    -0.243
 7    -0.400    -0.782     0.478
 8   117.499   -35.754   -17.922
 8     0.334    -0.938     0.091
 8    -0.503    -0.096     0.859
 8    -0.797    -0.332    -0.504
 9   117.914   -42.805   -48.035
 9     0.016     0.077     0.997
 9    -0.242     0.968    -0.072
 9    -0.970    -0.238     0.034
 2    97.927   -19.361    58.862
 2     0.896    -0.445    -0.007
 2     0.443     0.895    -0.049
 2     0.028     0.039     0.999
 3   129.271    -3.025    -3.305
 3     0.445    -0.008    -0.896
 3     0.059     0.998     0.021
 3     0.893    -0.063     0.444
 4   106.440    10.704   -11.797
 4     0.392    -0.347     0.852
 4     0.738     0.670    -0.067
 4    -0.549     0.656     0.518
 5   131.383    25.199   -18.696
 5    -0.725    -0.672    -0.156
 5    -0.429     0.615    -0.661
 5     0.539    -0.413    -0.734
 6   129.136    25.725   -48.197
 6     0.244     0.200     0.951
 6     0.057     0.974    -0.214
 6    -0.968     0.101     0.224
 7   106.171   -16.603    -9.618
 7    -0.043     0.520     0.853
 7    -0.916     0.320    -0.242
 7    -0.399    -0.792     0.462
 8   117.242   -35.761   -17.850
 8     0.332    -0.937     0.111
 8    -0.505    -0.076     0.859
 8    -0.796    -0.341    -0.499
 9   117.551   -42.902   -47.926
 9     0.022     0.092     0.995
 9    -0.248     0.965    -0.085
 9    -0.968    -0.243     0.044
 2    97.919   -19.555    58.992
 2     0.896    -0.445    -0.005
 2     0.443     0.896    -0.001
 2     0.006    -0.002     1.000
 3   129.431    -2.628    -3.411
 3     0.458    -0.016    -0.889
 3     0.064     0.998     0.015
 3     0.886    -0.065     0.458
 4   106.356    10.914   -11.782
 4     0.376    -0.356     0.856
 4     0.747     0.661    -0.053
 4    -0.548     0.660     0.514
 5   131.200    25.815   -18.518
 5    -0.718    -0.682    -0.145
 5    -0.444     0.607    -0.658
 5     0.536    -0.409    -0.738
 6   128.997    26.365   -48.031
 6     0.245     0.189     0.953
 6     0.063     0.976    -0.204
 6    -0.968     0.104     0.224
 7   106.624   -16.585    -9.298
 7    -0.032     0.504     0.863
 7    -0.921     0.321    -0.222
 7    -0.389    -0.802     0.453
 8   118.064   -35.766   -17.024
 8     0.336    -0.937     0.097
 8    -0.517    -0.098     0.850
 8    -0.787    -0.336    -0.517
 9   118.028   -43.534   -47.050
 9     0.025     0.061     0.998
 9    -0.266     0.963    -0.053
 9    -0.964    -0.263     0.039
 2    97.862   -19.551    59.092
 2     0.864    -0.504     0.002
 2     0.503     0.863     0.024
 2    -0.013    -0.021     0.999
 3   129.647    -2.216    -3.302
 3     0.459    -0.029    -0.888
 3     0.076     0.997     0.006
 3     0.885    -0.071     0.460
 4   106.531    11.125   -11.815
 4     0.364    -0.371     0.855
 4     0.754     0.654    -0.038
 4    -0.546     0.659     0.517
 5   130.941    26.527   -18.129
 5    -0.713    -0.692    -0.119
 5    -0.466     0.592    -0.656
 5     0.524    -0.413    -0.745
 6   129.173    27.454   -47.625
 6     0.252     0.168     0.954
 6     0.075     0.979    -0.186
 6    -0.965     0.113     0.232
 7   107.045   -16.797    -9.164
 7    -0.019     0.501     0.865
 7    -0.926     0.318    -0.205
 7    -0.378    -0.805     0.458
 8   119.025   -36.137   -16.260
 8     0.363    -0.926     0.105
 8    -0.536    -0.115     0.836
 8    -0.762    -0.360    -0.538
 9   119.793   -44.816   -46.025
 9     0.070     0.067     0.995
 9    -0.303     0.953    -0.044
 9    -0.950    -0.297     0.086
 2    97.850   -19.433    58.970
 2     0.816    -0.578    -0.014
 2     0.577     0.815     0.011
 2     0.006    -0.019     1.000
 3   129.871    -2.081    -3.249
 3     0.457    -0.036    -0.889
 3     0.087     0.996     0.004
 3     0.885    -0.079     0.458
 4   106.661    11.079   -11.870
 4     0.360    -0.380     0.852
 4     0.758     0.651    -0.030
 4    -0.544     0.657     0.522
 5   131.045    26.752   -17.821
 5    -0.714    -0.692    -0.109
 5    -0.473     0.590    -0.653
 5     0.516    -0.416    -0.749
 6   129.531    28.062   -47.278
 6     0.263     0.158     0.953
 6     0.087     0.979    -0.181
 6    -0.961     0.125     0.241
 7   107.280   -16.889    -9.185
 7    -0.011     0.497     0.867
 7    -0.928     0.318    -0.195
 7    -0.373    -0.807     0.457
 8   119.441   -36.186   -16.223
 8     0.377    -0.918     0.124
 8    -0.535    -0.107     0.838
 8    -0.756    -0.382    -0.531
 9   120.513   -45.024   -45.914
 9     0.095     0.070     0.993
 9    -0.310     0.950    -0.039
 9    -0.946    -0.302     0.111
 2    97.790   -19.407    58.967
 2     0.745    -0.668    -0.002
 2     0.667     0.744     0.005
 2    -0.001    -0.006     1.000
 3   129.926    -2.028    -3.256
 3     0.455    -0.039    -0.890
 3     0.088     0.996     0.001
 3     0.886    -0.079     0.456
 4   106.667    11.134   -11.829
 4     0.357    -0.385     0.852
 4     0.761     0.647    -0.027
 4    -0.541     0.658     0.523
 5   131.080    26.980   -17.539
 5    -0.715    -0.692    -0.104
 5    -0.480     0.593    -0.646
 5     0.508    -0.412    -0.756
 6   129.650    28.559   -47.063
 6     0.266     0.154     0.953
 6     0.096     0.979    -0.179
 6    -0.959     0.134     0.243
 7   107.282   -16.693    -9.227
 7    -0.006     0.493     0.870
 7    -0.923     0.331    -0.194
 7    -0.384    -0.804     0.453
 8   119.448   -35.717   -16.629
 8     0.381    -0.916     0.127
 8    -0.520    -0.099     0.848
 8    -0.764    -0.390    -0.514
 9   120.522   -43.876   -46.588
 9     0.098     0.067     0.993
 9    -0.287     0.957    -0.038
 9    -0.953    -0.280     0.113
 2    97.725   -19.407    59.032
 2     0.733    -0.681    -0.003
 2     0.680     0.732     0.013
 2    -0.006    -0.013     1.000
 3   129.874    -1.854    -3.233
 3     0.456    -0.042    -0.889
 3     0.083     0.996    -0.005
 3     0.886    -0.072     0.457
 4   106.547    11.397   -11.673
 4     0.351    -0.384     0.854
 4     0.768     0.639    -0.029
 4    -0.536     0.666     0.519
 5   130.888    27.389   -17.161
 5    -0.712    -0.696    -0.096
 5    -0.493     0.591    -0.638
 5     0.500    -0.408    -0.764
 6   129.440    29.413   -46.758
 6     0.265     0.148     0.954
 6     0.112     0.978    -0.177
 6    -0.958     0.149     0.240
 7   107.024   -16.333    -9.519
 7     0.003     0.480     0.877
 7    -0.911     0.362    -0.196
 7    -0.412    -0.799     0.438
 8   119.110   -34.718   -18.080
 8     0.372    -0.921     0.115
 8    -0.481    -0.086     0.872
 8    -0.794    -0.380    -0.475
 9   119.861   -41.282   -48.414
 9     0.083     0.053     0.995
 9    -0.243     0.970    -0.033
 9    -0.966    -0.237     0.093
 2    97.782   -19.204    58.885
 2     0.733    -0.681    -0.007
 2     0.679     0.732    -0.027
 2     0.024     0.014     0.999
 3   129.680    -1.638    -3.294
 3     0.463    -0.041    -0.885
 3     0.072     0.997    -0.009
 3     0.883    -0.060     0.465
 4   106.216    11.625   -11.503
 4     0.350    -0.371     0.860
 4     0.768     0.638    -0.037
 4    -0.536     0.674     0.508
 5   130.531    27.480   -17.526
 5    -0.703    -0.702    -0.115
 5    -0.490     0.593    -0.638
 5     0.515    -0.393    -0.762
 6   128.367    29.738   -47.169
 6     0.247     0.155     0.958
 6     0.119     0.976    -0.182
 6    -0.962     0.153     0.220
 7   106.610   -15.852    -9.601
 7     0.005     0.457     0.889
 7    -0.895     0.399    -0.201
 7    -0.447    -0.795     0.410
 8   118.358   -33.533   -19.655
 8     0.358    -0.927     0.113
 8    -0.431    -0.056     0.901
 8    -0.829    -0.371    -0.419
 9   118.574   -38.282   -50.447
 9     0.058     0.046     0.997
 9    -0.182     0.983    -0.036
 9    -0.981    -0.178     0.065
 2    97.952   -18.988    58.611
 2     0.705    -0.709    -0.031
 2     0.703     0.704    -0.090
 2     0.087     0.040     0.995
 3   129.429    -1.602    -3.493
 3     0.474    -0.037    -0.879
 3     0.063     0.998    -0.008
 3     0.878    -0.052     0.476
 4   105.845    11.567   -11.416
 4     0.348    -0.357     0.867
 4     0.765     0.642    -0.042
 4    -0.542     0.678     0.495
 5   129.953    27.375   -18.353
 5    -0.686    -0.716    -0.137
 5    -0.484     0.587    -0.648
 5     0.543    -0.379    -0.749
 6   126.352    29.110   -48.173
 6     0.205     0.162     0.966
 6     0.105     0.978    -0.181
 6    -0.973     0.134     0.181
 7   106.182   -15.690    -9.710
 7     0.000     0.438     0.899
 7    -0.885     0.417    -0.203
 7    -0.465    -0.796     0.388
 8   117.644   -32.862   -20.521
 8     0.336    -0.936     0.103
