% Calibrated with leiden_pols
% Positions are in centimeters
Data =[
 2    96.772   -19.425    58.972
 2    -0.262    -0.965     0.004
 2     0.964    -0.261     0.033
 2    -0.033     0.011     0.999
 3   134.482    -1.423     1.869
 3     0.102    -0.186    -0.977
 3     0.039     0.982    -0.183
 3     0.994    -0.020     0.107
 4   123.411    19.100    -7.708
 4     0.324    -0.938     0.126
 4     0.835     0.220    -0.503
 4     0.443     0.268     0.855
 5   117.515    16.193    30.675
 5    -0.095    -0.059     0.994
 5    -0.113     0.992     0.048
 5    -0.989    -0.107    -0.100
 6   131.446    27.410    50.378
 6     0.171    -0.833    -0.533
 6     0.212     0.553    -0.803
 6     0.962     0.021     0.266
 7   119.249   -20.399    -7.330
 7     0.095     0.957     0.275
 7    -0.943    -0.002     0.332
 7     0.318    -0.290     0.902
 8   120.796   -25.314    19.916
 8     0.236     0.429     0.873
 8    -0.203    -0.857     0.474
 8     0.950    -0.287    -0.115
 9   129.906   -31.064    48.262
 9     0.215     0.740    -0.642
 9    -0.114     0.667     0.733
 9     0.969    -0.083     0.224
 2    96.772   -19.425    59.023
 2    -0.262    -0.965     0.004
 2     0.964    -0.261     0.033
 2    -0.033     0.011     0.999
 3   134.457    -1.324     1.867
 3     0.103    -0.185    -0.977
 3     0.038     0.982    -0.182
 3     0.994    -0.019     0.108
 4   123.319    19.256    -7.620
 4     0.321    -0.939     0.127
 4     0.835     0.216    -0.506
 4     0.447     0.268     0.853
 5   117.397    16.195    30.781
 5    -0.095    -0.064     0.993
 5    -0.112     0.992     0.054
 5    -0.989    -0.106    -0.101
 6   131.369    27.410    50.424
 6     0.171    -0.836    -0.527
 6     0.209     0.548    -0.807
 6     0.962     0.025     0.264
 7   119.198   -20.323    -7.327
 7     0.098     0.956     0.275
 7    -0.943     0.001     0.331
 7     0.317    -0.292     0.902
 8   120.843   -25.210    19.812
 8     0.239     0.435     0.869
 8    -0.201    -0.853     0.481
 8     0.950    -0.288    -0.115
 9   129.905   -31.066    48.236
 9     0.215     0.739    -0.642
 9    -0.115     0.668     0.733
 9     0.969    -0.082     0.225
 2    96.772   -19.425    58.972
 2    -0.262    -0.965     0.004
 2     0.964    -0.261     0.033
 2    -0.033     0.011     0.999
 3   134.457    -1.276     1.917
 3     0.103    -0.184    -0.977
 3     0.037     0.983    -0.181
 3     0.994    -0.018     0.108
 4   123.276    19.336    -7.605
 4     0.319    -0.939     0.129
 4     0.834     0.212    -0.509
 4     0.450     0.269     0.851
 5   117.404    16.248    30.913
 5    -0.097    -0.068     0.993
 5    -0.113     0.992     0.057
 5    -0.989    -0.106    -0.103
 6   131.318    27.408    50.420
 6     0.174    -0.837    -0.525
 6     0.208     0.546    -0.809
 6     0.962     0.029     0.264
 7   119.191   -20.146    -7.369
 7     0.101     0.956     0.276
 7    -0.944     0.004     0.330
 7     0.314    -0.294     0.903
 8   120.842   -25.210    19.812
 8     0.240     0.437     0.867
 8    -0.201    -0.851     0.484
 8     0.950    -0.289    -0.115
 9   129.904   -30.964    48.236
 9     0.216     0.739    -0.642
 9    -0.115     0.668     0.733
 9     0.969    -0.082     0.226
 2    96.772   -19.425    58.972
 2    -0.262    -0.965     0.004
 2     0.964    -0.261     0.033
 2    -0.033     0.011     0.999
 3   134.457    -1.250     1.917
 3     0.103    -0.185    -0.977
 3     0.037     0.982    -0.182
 3     0.994    -0.018     0.108
 4   123.236    19.390    -7.566
 4     0.317    -0.940     0.126
 4     0.832     0.211    -0.512
 4     0.454     0.267     0.849
 5   117.562    16.210    31.009
 5    -0.102    -0.076     0.992
 5    -0.115     0.991     0.065
 5    -0.988    -0.107    -0.110
 6   131.367    27.460    50.473
 6     0.172    -0.839    -0.522
 6     0.209     0.543    -0.811
 6     0.962     0.027     0.264
 7   119.212   -20.009    -7.309
 7     0.107     0.958     0.264
 7    -0.940     0.011     0.341
 7     0.325    -0.285     0.902
 8   121.346   -25.914    19.934
 8     0.254     0.466     0.849
 8    -0.217    -0.827     0.518
 8     0.943    -0.314    -0.108
 9   131.431   -31.499    47.841
 9     0.245     0.663    -0.712
 9    -0.119     0.745     0.653
 9     0.962    -0.073     0.259
 2    96.772   -19.425    58.972
 2    -0.262    -0.965     0.004
 2     0.964    -0.261     0.033
 2    -0.033     0.011     0.999
 3   134.283    -1.083     2.104
 3     0.095    -0.189    -0.977
 3     0.041     0.981    -0.186
 3     0.994    -0.023     0.101
 4   123.216    19.353    -7.390
 4     0.319    -0.942     0.105
 4     0.821     0.219    -0.526
 4     0.472     0.254     0.844
 5   119.632    18.048    31.312
 5    -0.178    -0.028     0.983
 5    -0.172     0.985    -0.003
 5    -0.969    -0.169    -0.180
 6   136.101    29.605    49.305
 6     0.260    -0.770    -0.590
 6     0.245     0.636    -0.727
 6     0.934     0.042     0.350
 7   119.088   -20.007    -7.229
 7     0.111     0.956     0.270
 7    -0.939     0.012     0.343
 7     0.324    -0.292     0.899
 8   123.290   -27.928    19.975
 8     0.359     0.445     0.822
 8    -0.287    -0.784     0.548
 8     0.888    -0.432    -0.154
 9   137.211   -34.389    45.101
 9     0.388     0.585    -0.717
 9    -0.162     0.804     0.568
 9     0.907    -0.104     0.404
 2    96.772   -19.425    59.023
 2    -0.262    -0.965     0.004
 2     0.964    -0.261     0.033
 2    -0.033     0.011     0.999
 3   134.109    -1.078     2.058
 3     0.100    -0.195    -0.976
 3     0.046     0.980    -0.191
 3     0.994    -0.027     0.106
 4   122.911    19.187    -7.578
 4     0.362    -0.924     0.125
 4     0.822     0.252    -0.511
 4     0.440     0.287     0.850
 5   123.284    19.860    30.699
 5    -0.318     0.007     0.948
 5    -0.222     0.971    -0.081
 5    -0.922    -0.236    -0.307
 6   142.940    30.771    46.397
 6     0.429    -0.686    -0.594
 6     0.258     0.717    -0.643
 6     0.865     0.123     0.483
 7   118.845   -20.088    -7.263
 7     0.118     0.949     0.292
 7    -0.943     0.014     0.333
 7     0.312    -0.315     0.896
 8   125.461   -29.143    19.617
 8     0.471     0.366     0.803
 8    -0.339    -0.766     0.546
 8     0.814    -0.529    -0.237
 9   142.106   -35.752    42.123
 9     0.516     0.551    -0.659
 9    -0.182     0.819     0.541
 9     0.837    -0.160     0.522
 2    96.772   -19.425    59.023
 2    -0.262    -0.965     0.004
 2     0.964    -0.261     0.033
 2    -0.033     0.011     0.999
 3   133.910    -1.083     2.006
 3     0.106    -0.202    -0.974
 3     0.049     0.979    -0.197
 3     0.993    -0.028     0.113
 4   122.729    19.027    -7.813
 4     0.406    -0.904     0.138
 4     0.814     0.288    -0.504
 4     0.415     0.316     0.852
 5   125.882    19.984    30.175
 5    -0.417     0.018     0.909
 5    -0.210     0.971    -0.115
 5    -0.884    -0.238    -0.401
 6   147.526    29.372    43.882
 6     0.542    -0.606    -0.589
 6     0.226     0.773    -0.587
 6     0.809     0.186     0.555
 7   118.580   -20.143    -7.236
 7     0.122     0.945     0.302
 7    -0.945     0.017     0.327
 7     0.304    -0.325     0.895
 8   126.774   -29.565    19.468
 8     0.540     0.333     0.774
 8    -0.345    -0.751     0.562
 8     0.768    -0.570    -0.291
 9   145.059   -35.966    39.963
 9     0.590     0.504    -0.634
 9    -0.175     0.842     0.506
 9     0.788    -0.188     0.585
 2    96.772   -19.425    59.023
 2    -0.262    -0.965     0.004
 2     0.964    -0.261     0.033
 2    -0.033     0.011     0.999
 3   133.683    -1.136     1.901
 3     0.109    -0.205    -0.973
 3     0.049     0.978    -0.200
 3     0.993    -0.027     0.117
 4   122.500    18.897    -7.974
 4     0.435    -0.889     0.146
 4     0.810     0.315    -0.493
 4     0.392     0.333     0.857
 5   127.413    20.028    29.609
 5    -0.474     0.026     0.880
 5    -0.205     0.969    -0.138
 5    -0.856    -0.245    -0.454
