% Calibrated with leiden_pols
% Positions are in centimeters
Data =[
 2    97.619   -19.427    59.070
 2     0.686    -0.728     0.003
 2     0.727     0.685     0.029
 2    -0.022    -0.019     0.999
 3   125.502    -1.363     0.894
 3     0.337    -0.264    -0.904
 3     0.153     0.962    -0.223
 3     0.929    -0.065     0.365
 4   108.093    16.690    -9.583
 4     0.420    -0.789     0.449
 4     0.902     0.308    -0.301
 4     0.099     0.531     0.841
 5   114.784    17.191    27.399
 5    -0.493     0.019     0.870
 5    -0.085     0.994    -0.069
 5    -0.866    -0.107    -0.488
 6   134.587    28.224    41.515
 6     0.461    -0.842    -0.288
 6     0.234     0.422    -0.875
 6     0.856     0.335     0.390
 7   107.571   -20.344    -5.412
 7     0.184     0.831     0.525
 7    -0.968     0.059     0.244
 7     0.172    -0.553     0.815
 8   116.012   -27.585    21.319
 8     0.477     0.336     0.813
 8    -0.296    -0.809     0.507
 8     0.828    -0.482    -0.286
 9   132.283   -35.080    44.622
 9     0.534     0.804    -0.266
 9    -0.140     0.389     0.909
 9     0.833    -0.449     0.320
 2    97.619   -19.427    59.070
 2     0.686    -0.728     0.003
 2     0.727     0.685     0.029
 2    -0.022    -0.019     0.999
 3   125.451    -1.311     0.894
 3     0.336    -0.266    -0.904
 3     0.155     0.962    -0.224
 3     0.929    -0.066     0.364
 4   108.043    16.690    -9.532
 4     0.419    -0.789     0.450
 4     0.902     0.307    -0.301
 4     0.099     0.531     0.841
 5   114.738    17.140    27.453
 5    -0.493     0.019     0.870
 5    -0.083     0.994    -0.068
 5    -0.866    -0.105    -0.489
 6   134.506    28.147    41.492
 6     0.461    -0.844    -0.282
 6     0.234     0.416    -0.877
 6     0.855     0.339     0.388
 7   107.569   -20.344    -5.409
 7     0.184     0.831     0.525
 7    -0.968     0.059     0.243
 7     0.171    -0.553     0.815
 8   116.104   -27.482    21.355
 8     0.481     0.339     0.809
 8    -0.292    -0.808     0.511
 8     0.826    -0.482    -0.290
 9   132.400   -34.852    44.633
 9     0.538     0.802    -0.267
 9    -0.138     0.390     0.909
 9     0.831    -0.452     0.320
 2    97.619   -19.427    59.070
 2     0.686    -0.728     0.003
 2     0.727     0.685     0.029
 2    -0.022    -0.019     0.999
 3   125.418    -1.263     0.901
 3     0.338    -0.268    -0.903
 3     0.155     0.961    -0.226
 3     0.928    -0.064     0.366
 4   107.917    16.691    -9.534
 4     0.417    -0.789     0.452
 4     0.903     0.305    -0.301
 4     0.099     0.533     0.840
 5   114.797    17.143    27.445
 5    -0.497     0.021     0.868
 5    -0.081     0.994    -0.070
 5    -0.864    -0.104    -0.492
 6   134.555    28.147    41.516
 6     0.463    -0.844    -0.280
 6     0.234     0.414    -0.879
 6     0.855     0.341     0.387
 7   107.569   -20.344    -5.409
 7     0.184     0.831     0.525
 7    -0.968     0.061     0.243
 7     0.171    -0.553     0.815
 8   116.225   -27.479    21.359
 8     0.485     0.341     0.806
 8    -0.289    -0.807     0.514
 8     0.825    -0.482    -0.293
 9   132.666   -34.649    44.619
 9     0.542     0.797    -0.270
 9    -0.134     0.394     0.908
 9     0.829    -0.456     0.320
 2    97.618   -19.402    59.070
 2     0.686    -0.728     0.003
 2     0.727     0.685     0.029
 2    -0.022    -0.018     0.999
 3   125.368    -1.262     0.901
 3     0.338    -0.270    -0.902
 3     0.156     0.960    -0.228
 3     0.928    -0.065     0.366
 4   107.966    16.716    -9.534
 4     0.417    -0.788     0.453
 4     0.903     0.305    -0.301
 4     0.099     0.534     0.839
 5   114.749    17.194    27.439
 5    -0.498     0.023     0.867
 5    -0.081     0.994    -0.072
 5    -0.863    -0.105    -0.493
 6   134.550    28.146    41.521
 6     0.464    -0.844    -0.278
 6     0.234     0.413    -0.879
 6     0.854     0.343     0.388
 7   107.514   -20.295    -5.352
 7     0.185     0.831     0.525
 7    -0.968     0.062     0.242
 7     0.169    -0.553     0.816
 8   116.266   -27.481    21.294
 8     0.488     0.342     0.804
 8    -0.290    -0.805     0.517
 8     0.823    -0.485    -0.294
 9   133.066   -34.598    44.276
 9     0.556     0.788    -0.272
 9    -0.125     0.396     0.908
 9     0.822    -0.470     0.318
 2    97.619   -19.402    59.070
 2     0.686    -0.728     0.003
 2     0.727     0.685     0.029
 2    -0.022    -0.019     0.999
 3   125.412    -1.264     0.858
 3     0.339    -0.268    -0.902
 3     0.156     0.961    -0.225
 3     0.927    -0.065     0.368
 4   108.148    16.713    -9.587
 4     0.431    -0.783     0.449
 4     0.896     0.316    -0.309
 4     0.100     0.536     0.838
 5   114.764    17.630    27.271
 5    -0.492     0.045     0.869
 5    -0.099     0.989    -0.106
 5    -0.865    -0.138    -0.482
 6   135.095    29.210    40.931
 6     0.484    -0.815    -0.326
 6     0.250     0.480    -0.839
 6     0.838     0.324     0.435
 7   107.511   -20.270    -5.418
 7     0.188     0.825     0.532
 7    -0.968     0.064     0.242
 7     0.166    -0.561     0.811
 8   115.941   -28.563    20.765
 8     0.476     0.340     0.812
 8    -0.332    -0.786     0.521
 8     0.815    -0.517    -0.261
 9   133.152   -36.089    43.359
 9     0.568     0.768    -0.301
 9    -0.137     0.442     0.885
 9     0.811    -0.462     0.356
 2    97.619   -19.427    59.070
 2     0.686    -0.728     0.003
 2     0.727     0.685     0.029
 2    -0.022    -0.019     0.999
 3   125.480    -1.448     0.802
 3     0.346    -0.250    -0.904
 3     0.155     0.965    -0.207
 3     0.925    -0.070     0.373
 4   108.515    16.693    -9.779
 4     0.433    -0.786     0.442
 4     0.895     0.317    -0.312
 4     0.106     0.530     0.841
 5   113.664    18.327    27.033
 5    -0.437    -0.023     0.899
 5    -0.161     0.985    -0.053
 5    -0.885    -0.167    -0.434
 6   133.255    31.030    41.256
 6     0.454    -0.816    -0.366
 6     0.281     0.515    -0.808
 6     0.845     0.264     0.461
 7   107.434   -20.347    -5.411
 7     0.187     0.823     0.536
 7    -0.969     0.063     0.240
 7     0.164    -0.564     0.809
 8   114.534   -30.092    20.137
 8     0.422     0.324     0.848
 8    -0.392    -0.778     0.491
 8     0.818    -0.538    -0.201
 9   130.674   -39.131    42.884
 9     0.516     0.783    -0.351
 9    -0.191     0.499     0.844
 9     0.834    -0.369     0.407
 2    97.619   -19.427    59.070
 2     0.686    -0.728     0.003
 2     0.727     0.685     0.029
 2    -0.022    -0.019     0.999
 3   125.624    -1.630     0.774
 3     0.350    -0.233    -0.908
 3     0.157     0.969    -0.187
 3     0.923    -0.079     0.375
 4   108.907    16.541   -10.118
 4     0.423    -0.796     0.433
 4     0.900     0.315    -0.300
 4     0.102     0.516     0.850
 5   112.204    19.218    26.516
 5    -0.370    -0.027     0.929
 5    -0.211     0.976    -0.054
 5    -0.905    -0.215    -0.367
 6   131.107    32.961    41.583
 6     0.413    -0.819    -0.406
 6     0.311     0.539    -0.780
 6     0.856     0.195     0.476
 7   107.388   -20.527    -5.511
 7     0.178     0.822     0.540
 7    -0.970     0.054     0.236
 7     0.165    -0.566     0.807
 8   113.028   -31.207    19.486
 8     0.371     0.308     0.876
 8    -0.435    -0.776     0.456
 8     0.820    -0.550    -0.153
 9   128.194   -41.672    42.619
 9     0.479     0.808    -0.349
 9    -0.239     0.497     0.832
 9     0.844    -0.316     0.431
 2    97.619   -19.428    59.070
 2     0.687    -0.728     0.003
 2     0.726     0.686     0.029
 2    -0.022    -0.019     0.999
 3   125.639    -1.810     0.691
 3     0.355    -0.225    -0.908
 3     0.161     0.971    -0.176
 3     0.921    -0.085     0.380
 4   108.781    16.338   -10.343
 4     0.395    -0.811     0.433
 4     0.914     0.298    -0.274
 4     0.093     0.503     0.859
 5   110.279    20.134    25.952
 5    -0.310    -0.048     0.950
 5    -0.259     0.965    -0.036
 5    -0.915    -0.256    -0.311
 6   128.168    35.088    41.472
 6     0.373    -0.832    -0.417
 6     0.344     0.536    -0.769
 6     0.861     0.144     0.484
 7   107.347   -20.702    -5.570
 7     0.178     0.820     0.545
 7    -0.970     0.051     0.239
 7     0.168    -0.570     0.804
 8   111.513   -31.911    18.903
 8     0.317     0.283     0.906
 8    -0.469    -0.783     0.408
 8     0.824    -0.553    -0.115
 9   125.743   -43.814    42.195
 9     0.449     0.832    -0.330
 9    -0.284     0.479     0.829
 9     0.847    -0.279     0.451
 2    97.619   -19.428    59.070
 2     0.687    -0.728     0.003
 2     0.726     0.686     0.029
 2    -0.022    -0.019     0.999
 3   125.542    -1.866     0.547
 3     0.361    -0.217    -0.907
 3     0.166     0.972    -0.166
 3     0.917    -0.092     0.387
 4   108.722    16.348   -10.575
 4     0.362    -0.824     0.436
 4     0.927     0.271    -0.257
 4     0.094     0.497     0.862
 5   107.749    21.081    25.111
 5    -0.231    -0.073     0.970
 5    -0.307     0.951    -0.002
 5    -0.923    -0.298    -0.242
 6   124.074    37.783    41.334
 6     0.314    -0.856    -0.416
 6     0.386     0.511    -0.766
 6     0.867     0.080     0.489
 7   107.028   -20.767    -5.764
 7     0.162     0.821     0.548
 7    -0.974     0.043     0.222
 7     0.159    -0.569     0.806
 8   109.479   -32.557    18.139
 8     0.249     0.257     0.934
 8    -0.506    -0.788     0.351
 8     0.825    -0.560    -0.065
 9   122.040   -46.129    41.540
 9     0.396     0.867    -0.306
 9    -0.344     0.446     0.826
 9     0.851    -0.222     0.474
 2    97.619   -19.428    59.070
 2     0.687    -0.728     0.003
 2     0.726     0.686     0.029
 2    -0.022    -0.018     0.999
 3   125.541    -1.973     0.532
 3     0.365    -0.201    -0.909
 3     0.163     0.975    -0.149
 3     0.916    -0.095     0.388
 4   108.709    16.369   -10.734
 4     0.322    -0.841     0.436
 4     0.941     0.233    -0.245
 4     0.105     0.489     0.866
 5   105.466    21.138    24.232
 5    -0.143    -0.131     0.981
 5    -0.338     0.938     0.076
 5    -0.930    -0.320    -0.179
 6   119.650    39.524    41.371
 6     0.230    -0.892    -0.393
 6     0.427     0.452    -0.783
 6     0.874     0.012     0.483
 7   106.938   -20.778    -5.950
 7     0.151     0.827     0.542
 7    -0.976     0.039     0.211
 7     0.154    -0.561     0.813
 8   107.716   -32.958    17.107
 8     0.181     0.243     0.953
 8    -0.543    -0.784     0.302
 8     0.820    -0.572    -0.010
 9   118.925   -48.296    40.602
 9     0.352     0.893    -0.284
 9    -0.399     0.415     0.817
 9     0.847    -0.174     0.501
 2    97.619   -19.428    59.070
 2     0.687    -0.728     0.003
 2     0.726     0.686     0.029
 2    -0.022    -0.019     0.999
 3   125.613    -1.867     0.538
 3     0.360    -0.190    -0.914
 3     0.160     0.977    -0.139
 3     0.919    -0.097     0.381
 4   108.629    16.418   -10.824
 4     0.282    -0.855     0.435
 4     0.952     0.193    -0.237
 4     0.119     0.481     0.868
 5   103.498    21.023    23.417
 5    -0.059    -0.182     0.981
 5    -0.352     0.923     0.150
 5    -0.934    -0.337    -0.119
 6   115.364    40.672    41.240
 6     0.146    -0.909    -0.392
 6     0.458     0.411    -0.788
 6     0.877    -0.064     0.474
 7   106.795   -20.576    -6.435
 7     0.130     0.842     0.524
 7    -0.982     0.035     0.186
 7     0.139    -0.539     0.831
 8   105.505   -33.230    15.719
 8     0.091     0.236     0.967
 8    -0.576    -0.780     0.244
 8     0.812    -0.579     0.065
 9   114.112   -50.339    39.322
 9     0.262     0.917    -0.301
 9    -0.458     0.391     0.798
 9     0.849    -0.072     0.521
 2    97.619   -19.427    59.070
 2     0.686    -0.728     0.003
 2     0.727     0.685     0.029
 2    -0.022    -0.019     0.999
 3   125.732    -1.864     0.594
 3     0.351    -0.167    -0.922
 3     0.145     0.982    -0.121
 3     0.925    -0.092     0.368
 4   108.755    16.416   -11.014
 4     0.243    -0.872     0.425
 4     0.961     0.155    -0.230
 4     0.134     0.464     0.875
 5   101.300    21.047    22.022
 5     0.036    -0.216     0.975
 5    -0.362     0.907     0.214
 5    -0.932    -0.361    -0.046
 6   110.476    41.930    40.508
 6     0.049    -0.908    -0.417
 6     0.491     0.384    -0.782
 6     0.869    -0.167     0.463
 7   106.678   -20.512    -6.934
 7     0.116     0.854     0.506
 7    -0.984     0.029     0.176
 7     0.136    -0.518     0.844
 8   103.547   -33.130    14.618
 8     0.008     0.238     0.971
 8    -0.585    -0.787     0.197
 8     0.811    -0.569     0.133
 9   109.797   -51.184    38.497
 9     0.169     0.917    -0.363
 9    -0.491     0.396     0.776
 9     0.854     0.046     0.516
 2    97.619   -19.428    59.070
 2     0.687    -0.727     0.003
 2     0.726     0.686     0.029
 2    -0.022    -0.018     0.999
 3   125.685    -1.823     0.464
 3     0.355    -0.151    -0.923
 3     0.132     0.985    -0.110
 3     0.925    -0.084     0.370
 4   108.812    16.566   -11.411
 4     0.207    -0.888     0.411
 4     0.966     0.120    -0.226
 4     0.151     0.444     0.883
 5    99.090    21.037    20.184
 5     0.133    -0.223     0.966
 5    -0.365     0.895     0.256
 5    -0.921    -0.387     0.038
 6   105.664    42.523    39.395
 6    -0.044    -0.897    -0.440
 6     0.507     0.357    -0.785
 6     0.860    -0.259     0.437
 7   106.855   -20.467    -7.350
 7     0.120     0.860     0.495
 7    -0.984     0.038     0.172
 7     0.129    -0.508     0.851
 8   102.010   -32.935    13.233
 8    -0.078     0.283     0.956
 8    -0.574    -0.797     0.189
 8     0.815    -0.533     0.225
 9   106.089   -51.070    37.874
 9     0.085     0.891    -0.447
 9    -0.492     0.425     0.759
 9     0.866     0.155     0.473
 2    97.618   -19.428    59.070
 2     0.686    -0.728     0.003
 2     0.727     0.685     0.029
 2    -0.022    -0.018     0.999
 3   125.923    -1.747     0.269
 3     0.351    -0.148    -0.925
 3     0.126     0.986    -0.109
 3     0.927    -0.079     0.365
 4   109.253    16.535   -11.879
 4     0.184    -0.905     0.383
 4     0.968     0.100    -0.228
 4     0.168     0.413     0.895
 5    97.723    20.788    18.615
 5     0.205    -0.204     0.957
 5    -0.358     0.895     0.267
 5    -0.911    -0.397     0.110
 6   102.316    42.525    38.363
 6    -0.123    -0.864    -0.490
 6     0.512     0.366    -0.777
 6     0.850    -0.347     0.396
 7   107.197   -20.475    -7.958
 7     0.125     0.866     0.484
 7    -0.985     0.051     0.164
 7     0.118    -0.497     0.859
 8   100.992   -33.150    11.716
 8    -0.152     0.334     0.930
 8    -0.573    -0.796     0.192
 8     0.805    -0.504     0.312
 9   102.928   -51.791    36.439
 9     0.009     0.871    -0.493
 9    -0.511     0.425     0.746
 9     0.859     0.246     0.447
 2    97.619   -19.428    59.070
 2     0.687    -0.728     0.003
 2     0.726     0.686     0.029
 2    -0.022    -0.019     0.999
 3   126.076    -1.796     0.082
 3     0.346    -0.137    -0.929
 3     0.116     0.988    -0.102
 3     0.931    -0.073     0.357
 4   109.585    16.473   -12.358
 4     0.169    -0.919     0.356
 4     0.969     0.089    -0.230
 4     0.180     0.383     0.906
 5    96.550    20.654    17.074
 5     0.266    -0.197     0.943
 5    -0.357     0.889     0.286
 5    -0.895    -0.413     0.167
 6    98.788    42.740    37.046
 6    -0.199    -0.833    -0.516
 6     0.522     0.355    -0.776
 6     0.829    -0.424     0.363
 7   107.554   -20.486    -8.555
 7     0.131     0.872     0.471
 7    -0.986     0.065     0.153
 7     0.103    -0.484     0.869
 8   100.178   -33.558     9.946
 8    -0.213     0.383     0.899
 8    -0.578    -0.791     0.201
 8     0.788    -0.477     0.390
 9    99.746   -53.020    34.399
 9    -0.078     0.832    -0.549
 9    -0.540     0.426     0.725
 9     0.838     0.353     0.415
 2    97.619   -19.428    59.070
 2     0.687    -0.727     0.003
 2     0.726     0.686     0.029
 2    -0.022    -0.019     0.999
 3   126.256    -1.792    -0.130
 3     0.339    -0.127    -0.932
 3     0.108     0.989    -0.095
 3     0.935    -0.069     0.348
 4   109.693    16.306   -12.942
 4     0.138    -0.934     0.330
 4     0.973     0.066    -0.220
 4     0.184     0.351     0.918
 5    95.394    20.224    15.420
 5     0.324    -0.210     0.922
 5    -0.356     0.876     0.325
 5    -0.876    -0.434     0.209
 6    95.305    42.546    35.323
 6    -0.271    -0.804    -0.529
 6     0.527     0.335    -0.781
 6     0.805    -0.491     0.332
 7   107.853   -20.402    -9.112
 7     0.132     0.880     0.457
 7    -0.988     0.077     0.136
 7     0.084    -0.469     0.879
 8    99.308   -33.816     8.193
 8    -0.274     0.421     0.865
 8    -0.580    -0.789     0.201
 8     0.767    -0.446     0.460
 9    96.189   -53.989    32.151
 9    -0.177     0.785    -0.594
 9    -0.569     0.410     0.713
 9     0.803     0.464     0.373
 2    97.619   -19.428    59.070
 2     0.687    -0.727     0.003
 2     0.726     0.686     0.029
 2    -0.022    -0.019     0.999
 3   126.486    -1.735    -0.189
 3     0.327    -0.121    -0.937
 3     0.103     0.990    -0.091
 3     0.939    -0.068     0.336
 4   109.966    15.981   -13.409
 4     0.110    -0.947     0.302
 4     0.977     0.046    -0.209
 4     0.183     0.318     0.930
 5    94.632    19.814    14.111
 5     0.369    -0.224     0.902
 5    -0.358     0.861     0.361
 5    -0.858    -0.456     0.237
 6    92.643    42.523    33.697
 6    -0.329    -0.779    -0.534
 6     0.535     0.312    -0.785
 6     0.778    -0.545     0.313
 7   108.223   -20.412    -9.487
 7     0.130     0.884     0.448
 7    -0.989     0.083     0.124
 7     0.073    -0.460     0.885
 8    98.623   -33.792     6.784
 8    -0.336     0.454     0.825
 8    -0.572    -0.794     0.204
 8     0.748    -0.404     0.526
 9    93.199   -54.209    30.466
 9    -0.251     0.736    -0.628
 9    -0.575     0.408     0.709
 9     0.779     0.539     0.320
 2    97.619   -19.428    59.070
 2     0.687    -0.727     0.003
 2     0.726     0.686     0.029
 2    -0.022    -0.019     0.999
 3   126.616    -1.774    -0.146
 3     0.314    -0.119    -0.942
 3     0.104     0.990    -0.090
 3     0.943    -0.071     0.323
 4   110.127    15.623   -13.813
 4     0.096    -0.954     0.285
 4     0.980     0.039    -0.196
 4     0.176     0.298     0.938
 5    94.297    19.777    12.848
 5     0.399    -0.226     0.888
 5    -0.372     0.846     0.382
 5    -0.838    -0.483     0.253
 6    90.765    43.029    31.928
 6    -0.380    -0.753    -0.537
 6     0.546     0.285    -0.787
 6     0.746    -0.593     0.303
 7   108.315   -20.252    -9.802
 7     0.119     0.889     0.441
 7    -0.991     0.079     0.107
 7     0.060    -0.450     0.891
 8    97.521   -33.391     5.530
 8    -0.402     0.464     0.790
 8    -0.554    -0.810     0.194
 8     0.729    -0.359     0.582
 9    89.882   -53.639    28.804
 9    -0.321     0.699    -0.639
 9    -0.570     0.396     0.720
 9     0.756     0.595     0.271
 2    97.619   -19.428    59.121
 2     0.687    -0.727     0.003
 2     0.726     0.686     0.029
 2    -0.022    -0.019     0.999
 3   126.733    -1.760    -0.240
 3     0.301    -0.109    -0.947
 3     0.104     0.991    -0.081
 3     0.948    -0.075     0.309
 4   110.283    15.368   -14.189
 4     0.076    -0.960     0.268
 4     0.983     0.026    -0.182
 4     0.168     0.277     0.946
 5    93.791    19.508    11.834
 5     0.429    -0.239     0.871
 5    -0.374     0.831     0.412
 5    -0.822    -0.502     0.267
 6    88.493    42.782    30.393
 6    -0.430    -0.739    -0.519
 6     0.542     0.248    -0.803
 6     0.722    -0.627     0.294
 7   108.633   -20.261   -10.125
 7     0.122     0.893     0.433
 7    -0.991     0.088     0.097
 7     0.048    -0.441     0.896
 8    97.190   -33.504     4.221
 8    -0.448     0.488     0.749
 8    -0.548    -0.812     0.202
 8     0.707    -0.320     0.630
 9    88.067   -54.020    26.945
 9    -0.374     0.658    -0.653
 9    -0.578     0.384     0.719
 9     0.724     0.647     0.237
 2    97.619   -19.478    59.019
 2     0.686    -0.728     0.004
 2     0.727     0.685     0.028
 2    -0.022    -0.018     0.999
 3   126.848    -1.757    -0.438
 3     0.296    -0.110    -0.949
 3     0.101     0.991    -0.083
 3     0.950    -0.072     0.304
 4   110.174    15.267   -14.361
 4     0.064    -0.962     0.267
 4     0.984     0.016    -0.177
 4     0.166     0.274     0.947
 5    93.312    19.026    11.105
 5     0.453    -0.253     0.855
 5    -0.367     0.821     0.437
 5    -0.812    -0.512     0.279
 6    86.769    42.513    29.380
 6    -0.477    -0.732    -0.486
 6     0.533     0.198    -0.823
 6     0.699    -0.651     0.295
 7   108.526   -20.148   -10.489
 7     0.119     0.894     0.432
 7    -0.992     0.092     0.082
 7     0.034    -0.439     0.898
 8    96.663   -33.442     3.240
 8    -0.475     0.503     0.722
 8    -0.547    -0.812     0.205
 8     0.689    -0.298     0.660
 9    86.277   -54.208    25.313
 9    -0.417     0.621    -0.664
 9    -0.584     0.376     0.719
 9     0.696     0.687     0.206
 2    97.617   -19.530    58.971
 2     0.687    -0.727     0.005
 2     0.726     0.686     0.028
 2    -0.023    -0.017     0.999
 3   126.873    -1.753    -0.723
 3     0.287    -0.099    -0.953
 3     0.095     0.993    -0.075
 3     0.953    -0.069     0.294
 4   110.157    15.086   -14.567
 4     0.055    -0.964     0.261
 4     0.985     0.010    -0.168
 4     0.159     0.267     0.950
 5    93.018    19.024    10.432
 5     0.467    -0.258     0.846
 5    -0.380     0.805     0.455
 5    -0.798    -0.534     0.278
 6    85.718    42.973    27.958
 6    -0.505    -0.727    -0.465
 6     0.540     0.154    -0.827
 6     0.673    -0.669     0.315
 7   108.503   -20.110   -10.765
 7     0.110     0.898     0.426
 7    -0.994     0.089     0.069
 7     0.025    -0.431     0.902
 8    87.185   -28.004     1.877
 8    -0.474     0.566     0.675
 8    -0.568    -0.782     0.257
 8     0.673    -0.261     0.691
 9    84.971   -54.600    23.793
 9    -0.458     0.572    -0.680
 9    -0.592     0.374     0.714
 9     0.663     0.729     0.167
 2    97.619   -19.478    58.968
 2     0.687    -0.728     0.004
 2     0.727     0.686     0.027
 2    -0.022    -0.017     0.999
 3   126.943    -1.875    -0.868
 3     0.280    -0.093    -0.955
 3     0.094     0.993    -0.069
 3     0.955    -0.071     0.287
 4   109.944    14.670   -14.882
 4     0.046    -0.964     0.263
 4     0.988     0.006    -0.151
 4     0.144     0.267     0.953
 5    92.850    19.045     9.803
 5     0.475    -0.266     0.839
 5    -0.396     0.786     0.473
 5    -0.786    -0.557     0.268
 6    84.934    43.587    26.662
 6    -0.520    -0.728    -0.447
 6     0.553     0.111    -0.826
 6     0.651    -0.677     0.345
 7   108.563   -20.112   -11.085
 7     0.115     0.900     0.420
 7    -0.993     0.095     0.066
 7     0.020    -0.425     0.905
 8    96.312   -34.041     1.453
 8    -0.517     0.548     0.657
 8    -0.551    -0.801     0.234
 8     0.655    -0.241     0.716
 9    84.017   -55.303    22.254
 9    -0.482     0.542    -0.688
 9    -0.604     0.363     0.709
 9     0.634     0.758     0.152
 2    97.619   -19.529    58.968
 2     0.687    -0.728     0.005
 2     0.726     0.686     0.027
 2    -0.022    -0.016     0.999
 3   126.852    -1.819    -0.979
 3     0.275    -0.094    -0.957
 3     0.096     0.993    -0.069
 3     0.956    -0.073     0.282
 4   109.677    14.402   -15.194
 4     0.046    -0.961     0.272
 4     0.991     0.009    -0.135
 4     0.127     0.276     0.953
 5    92.891    19.230     9.444
 5     0.469    -0.273     0.839
 5    -0.412     0.773     0.482
 5    -0.781    -0.573     0.250
 6    84.904    44.335    25.989
 6    -0.523    -0.737    -0.427
 6     0.565     0.075    -0.822
 6     0.638    -0.671     0.377
 7   108.532   -20.115   -11.155
 7     0.114     0.901     0.419
 7    -0.993     0.095     0.064
 7     0.018    -0.423     0.906
 8    96.062   -34.198     0.870
 8    -0.535     0.568     0.626
 8    -0.556    -0.794     0.246
 8     0.636    -0.217     0.740
 9    83.002   -55.852    20.874
 9    -0.523     0.506    -0.686
 9    -0.613     0.336     0.715
 9     0.592     0.794     0.134
 2    97.619   -19.529    58.968
 2     0.687    -0.728     0.005
 2     0.726     0.686     0.027
 2    -0.022    -0.016     0.999
 3   126.786    -1.870    -1.093
 3     0.274    -0.092    -0.957
 3     0.092     0.993    -0.068
 3     0.957    -0.070     0.281
 4   109.534    14.243   -15.331
 4     0.049    -0.959     0.280
 4     0.991     0.013    -0.129
 4     0.120     0.284     0.951
 5    92.909    19.234     9.291
 5     0.467    -0.281     0.838
 5    -0.418     0.765     0.489
 5    -0.779    -0.579     0.240
 6    84.705    44.332    25.649
 6    -0.531    -0.741    -0.412
 6     0.563     0.054    -0.825
 6     0.633    -0.670     0.388
 7   108.473   -19.941   -11.271
 7     0.115     0.901     0.418
 7    -0.993     0.098     0.061
 7     0.014    -0.423     0.906
 8    95.934   -34.134     0.573
 8    -0.542     0.572     0.616
 8    -0.558    -0.793     0.245
 8     0.628    -0.211     0.748
 9    82.710   -55.924    20.347
 9    -0.535     0.498    -0.682
 9    -0.615     0.323     0.719
 9     0.578     0.805     0.133
 2    97.669   -19.529    58.967
 2     0.687    -0.727     0.005
 2     0.726     0.686     0.026
 2    -0.022    -0.015     0.999
 3   126.745    -1.869    -1.129
 3     0.271    -0.090    -0.958
 3     0.090     0.993    -0.067
 3     0.958    -0.069     0.277
 4   109.646    14.288   -15.391
 4     0.054    -0.958     0.281
 4     0.992     0.019    -0.125
 4     0.114     0.286     0.951
 5    93.189    19.538     9.163
 5     0.464    -0.275     0.842
 5    -0.423     0.766     0.484
 5    -0.778    -0.581     0.239
 6    85.364    44.884    25.442
 6    -0.527    -0.737    -0.423
 6     0.573     0.059    -0.818
 6     0.627    -0.674     0.391
 7   108.413   -19.870   -11.410
 7     0.111     0.902     0.416
 7    -0.994     0.096     0.056
 7     0.010    -0.420     0.907
 8    95.794   -34.042     0.413
 8    -0.549     0.572     0.610
 8    -0.556    -0.794     0.245
 8     0.624    -0.205     0.754
 9    82.138   -55.823    19.919
 9    -0.552     0.482    -0.680
 9    -0.614     0.317     0.723
 9     0.564     0.816     0.120
 2    97.619   -19.529    58.968
 2     0.687    -0.728     0.005
 2     0.726     0.686     0.027
 2    -0.022    -0.016     0.999
 3   126.829    -1.870    -1.115
 3     0.268    -0.087    -0.959
 3     0.085     0.994    -0.066
 3     0.959    -0.065     0.273
 4   109.824    14.388   -15.390
 4     0.062    -0.958     0.280
 4     0.991     0.027    -0.127
 4     0.114     0.285     0.952
 5    93.365    19.715     9.210
 5     0.464    -0.269     0.844
 5    -0.426     0.768     0.478
 5    -0.777    -0.581     0.242
 6    85.389    44.985    25.520
 6    -0.528    -0.735    -0.425
 6     0.573     0.061    -0.818
 6     0.627    -0.675     0.388
 7   108.409   -19.772   -11.403
 7     0.108     0.903     0.414
 7    -0.994     0.095     0.052
 7     0.008    -0.418     0.908
 8    95.733   -34.021     0.350
 8    -0.552     0.574     0.605
 8    -0.556    -0.794     0.246
 8     0.621    -0.201     0.757
 9    81.953   -55.891    19.630
 9    -0.563     0.469    -0.680
 9    -0.615     0.313     0.724
 9     0.553     0.826     0.112
 2    97.669   -19.529    58.968
 2     0.687    -0.728     0.005
 2     0.726     0.686     0.027
 2    -0.022    -0.016     0.999
 3   126.837    -1.870    -1.077
 3     0.267    -0.086    -0.960
 3     0.082     0.994    -0.067
 3     0.960    -0.062     0.272
 4   109.878    14.466   -15.344
 4     0.061    -0.958     0.279
 4     0.991     0.025    -0.128
 4     0.116     0.284     0.951
 5    93.296    19.486     9.340
 5     0.469    -0.276     0.839
 5    -0.414     0.771     0.484
 5    -0.780    -0.575     0.247
 6    85.345    44.363    26.194
 6    -0.530    -0.741    -0.411
 6     0.558     0.060    -0.828
 6     0.638    -0.669     0.381
 7   108.403   -19.696   -11.345
 7     0.113     0.902     0.417
 7    -0.994     0.100     0.052
 7     0.005    -0.420     0.907
 8    96.210   -34.059     1.385
 8    -0.525     0.580     0.623
 8    -0.555    -0.788     0.266
 8     0.645    -0.207     0.735
 9    83.877   -55.653    21.950
 9    -0.529     0.508    -0.680
 9    -0.608     0.332     0.721
 9     0.592     0.794     0.133
 2    97.669   -19.529    58.968
 2     0.687    -0.728     0.005
 2     0.726     0.686     0.027
 2    -0.022    -0.016     0.999
 3   126.824    -1.764    -0.727
 3     0.291    -0.091    -0.952
 3     0.084     0.994    -0.069
 3     0.953    -0.060     0.297
 4   109.916    15.107   -14.739
 4     0.090    -0.948     0.304
 4     0.987     0.045    -0.154
 4     0.132     0.314     0.940
 5    94.856    19.884    11.897
 5     0.394    -0.279     0.876
 5    -0.402     0.805     0.437
 5    -0.827    -0.524     0.205
 6    90.969    44.400    30.091
 6    -0.423    -0.795    -0.434
 6     0.557     0.149    -0.817
 6     0.714    -0.588     0.380
 7   108.729   -19.166   -10.655
 7     0.142     0.885     0.444
 7    -0.990     0.122     0.074
 7     0.011    -0.450     0.893
 8   106.339   -24.550     4.939
 8    -0.273     0.729     0.626
 8    -0.625    -0.631     0.464
 8     0.731    -0.265     0.627
 9    90.172   -54.606    27.098
 9    -0.410     0.606    -0.681
 9    -0.598     0.384     0.703
 9     0.688     0.696     0.205
 2    97.618   -19.428    59.070
 2     0.686    -0.728     0.003
 2     0.727     0.685     0.029
 2    -0.022    -0.018     0.999
 3   126.734    -1.631    -0.367
 3     0.321    -0.111    -0.941
 3     0.097     0.992    -0.083
 3     0.942    -0.066     0.329
 4   110.271    15.829   -14.173
 4     0.148    -0.935     0.322
 4     0.975     0.084    -0.202
 4     0.162     0.344     0.925
 5    97.024    20.902    14.417
 5     0.304    -0.232     0.924
 5    -0.393     0.853     0.344
 5    -0.868    -0.468     0.168
 6    97.243    44.650    33.362
 6    -0.306    -0.828    -0.471
 6     0.555     0.246    -0.795
 6     0.773    -0.505     0.383
 7   108.248   -19.719    -9.928
 7     0.155     0.877     0.455
 7    -0.987     0.119     0.105
 7     0.039    -0.465     0.884
 8   100.548   -34.649     6.686
 8    -0.293     0.588     0.754
 8    -0.584    -0.734     0.346
 8     0.757    -0.339     0.558
 9    95.400   -56.101    29.505
 9    -0.313     0.672    -0.671
 9    -0.609     0.400     0.685
 9     0.729     0.623     0.283
 2    97.619   -19.428    59.070
 2     0.687    -0.727     0.003
 2     0.726     0.686     0.029
 2    -0.022    -0.019     0.999
 3   126.853    -1.548    -0.013
 3     0.317    -0.130    -0.939
 3     0.104     0.989    -0.102
 3     0.942    -0.066     0.327
 4   110.943    16.421   -13.430
 4     0.200    -0.926     0.321
 4     0.962     0.123    -0.244
 4     0.186     0.357     0.915
 5    99.368    21.741    16.608
 5     0.223    -0.188     0.956
 5    -0.390     0.882     0.264
 5    -0.893    -0.432     0.123
 6   103.305    44.508    35.968
 6    -0.189    -0.858    -0.478
 6     0.541     0.313    -0.780
 6     0.819    -0.407     0.404
 7   108.681   -19.865    -9.352
 7     0.174     0.873     0.456
 7    -0.983     0.123     0.139
 7     0.065    -0.472     0.879
 8   103.129   -34.731     8.919
 8    -0.171     0.538     0.825
 8    -0.595    -0.724     0.349
 8     0.785    -0.432     0.444
 9   101.653   -55.803    32.258
 9    -0.201     0.759    -0.620
 9    -0.602     0.402     0.690
 9     0.773     0.512     0.374
 2    97.619   -19.427    59.070
 2     0.686    -0.728     0.003
 2     0.727     0.685     0.029
 2    -0.022    -0.019     0.999
 3   126.926    -1.336     0.286
 3     0.297    -0.171    -0.940
 3     0.130     0.982    -0.136
 3     0.946    -0.083     0.313
 4   110.956    16.663   -12.997
 4     0.256    -0.901     0.349
 4     0.948     0.163    -0.273
 4     0.189     0.400     0.896
 5   102.275    22.121    19.100
 5     0.096    -0.137     0.986
 5    -0.373     0.913     0.163
 5    -0.923    -0.383     0.037
 6   111.536    43.334    38.078
 6    -0.020    -0.884    -0.467
 6     0.509     0.391    -0.766
 6     0.860    -0.254     0.441
 7   108.840   -20.107    -8.718
 7     0.205     0.858     0.471
 7    -0.975     0.136     0.176
 7     0.088    -0.495     0.864
 8   105.979   -34.340    11.711
 8    -0.038     0.474     0.880
 8    -0.578    -0.729     0.367
 8     0.815    -0.494     0.302
 9   107.799   -54.701    35.176
 9    -0.077     0.851    -0.520
 9    -0.570     0.389     0.723
 9     0.818     0.352     0.454
 2    97.619   -19.428    59.070
 2     0.687    -0.728     0.003
 2     0.726     0.686     0.029
 2    -0.022    -0.019     0.999
 3   126.750    -1.404     0.365
 3     0.293    -0.183    -0.939
 3     0.139     0.979    -0.147
 3     0.946    -0.089     0.311
 4   110.821    16.640   -12.018
 4     0.316    -0.873     0.372
 4     0.931     0.211    -0.297
 4     0.180     0.440     0.879
 5   106.106    22.236    21.870
 5    -0.048    -0.079     0.996
 5    -0.354     0.933     0.057
 5    -0.934    -0.350    -0.073
 6   119.392    41.790    39.768
 6     0.127    -0.894    -0.432
 6     0.475     0.434    -0.765
 6     0.870    -0.109     0.478
 7   108.740   -20.228    -8.275
 7     0.202     0.852     0.484
 7    -0.975     0.127     0.183
 7     0.095    -0.509     0.856
 8   108.663   -33.619    13.733
 8     0.091     0.349     0.933
 8    -0.572    -0.749     0.335
 8     0.815    -0.563     0.131
 9   113.724   -52.913    37.012
 9     0.034     0.908    -0.419
 9    -0.537     0.369     0.759
 9     0.843     0.199     0.498
 2    97.619   -19.428    59.070
 2     0.687    -0.727     0.003
 2     0.726     0.686     0.029
 2    -0.022    -0.019     0.999
 3   127.043    -1.444     0.437
 3     0.283    -0.197    -0.939
 3     0.140     0.977    -0.162
 3     0.949    -0.087     0.303
 4   110.502    16.595   -11.414
 4     0.359    -0.836     0.416
 4     0.923     0.250    -0.292
 4     0.140     0.489     0.861
 5   109.526    21.420    23.403
 5    -0.175    -0.081     0.981
 5    -0.310     0.951     0.024
 5    -0.935    -0.299    -0.191
 6   125.488    39.394    39.992
 6     0.252    -0.895    -0.373
 6     0.423     0.444    -0.789
 6     0.870     0.040     0.488
 7   109.265   -19.991    -8.183
 7     0.217     0.849     0.481
 7    -0.971     0.139     0.192
 7     0.096    -0.509     0.855
 8   111.190   -32.640    15.208
 8     0.184     0.264     0.947
 8    -0.557    -0.766     0.322
 8     0.810    -0.586     0.006
 9   119.185   -50.407    38.314
 9     0.160     0.923    -0.353
 9    -0.486     0.382     0.786
 9     0.859     0.046     0.508
 2    97.619   -19.428    59.070
 2     0.687    -0.727     0.003
 2     0.726     0.686     0.029
 2    -0.022    -0.019     0.999
 3   127.296    -1.213     0.373
 3     0.279    -0.210    -0.938
 3     0.138     0.974    -0.177
 3     0.950    -0.082     0.300
 4   110.521    16.573   -11.475
 4     0.390    -0.817     0.426
 4     0.912     0.280    -0.298
 4     0.124     0.504     0.854
 5   112.106    20.794    24.225
 5    -0.270    -0.069     0.961
 5    -0.283     0.959    -0.010
 5    -0.920    -0.275    -0.278
 6   130.111    36.759    39.767
 6     0.350    -0.872    -0.348
 6     0.370     0.465    -0.804
 6     0.860     0.153     0.483
 7   109.678   -19.958    -8.084
 7     0.221     0.854     0.472
 7    -0.970     0.140     0.199
 7     0.104    -0.502     0.859
 8   113.551   -31.061    16.913
 8     0.279     0.183     0.943
 8    -0.511    -0.803     0.306
 8     0.813    -0.567    -0.130
 9   124.695   -46.300    40.176
 9     0.289     0.917    -0.280
 9    -0.405     0.378     0.832
 9     0.867    -0.127     0.479
 2    97.619   -19.428    59.121
 2     0.687    -0.727     0.003
 2     0.726     0.686     0.029
 2    -0.022    -0.019     0.999
 3   127.438    -1.182     0.319
 3     0.276    -0.234    -0.933
 3     0.142     0.969    -0.200
 3     0.950    -0.079     0.301
 4   110.516    16.535   -11.534
 4     0.416    -0.805     0.423
 4     0.901     0.304    -0.307
 4     0.118     0.509     0.852
 5   114.070    19.243    25.014
 5    -0.370    -0.060     0.927
 5    -0.225     0.974    -0.026
 5    -0.901    -0.218    -0.373
 6   133.685    33.107    39.518
 6     0.433    -0.842    -0.329
 6     0.299     0.472    -0.828
 6     0.850     0.261     0.454
 7   109.796   -20.118    -7.791
 7     0.222     0.857     0.465
 7    -0.967     0.133     0.216
 7     0.124    -0.498     0.858
 8   115.399   -29.368    18.553
 8     0.369     0.164     0.915
 8    -0.450    -0.830     0.329
 8     0.813    -0.533    -0.233
 9   129.957   -41.532    41.416
 9     0.454     0.870    -0.196
 9    -0.297     0.351     0.888
 9     0.840    -0.346     0.416
 2    97.619   -19.428    59.121
 2     0.687    -0.727     0.003
 2     0.726     0.686     0.029
 2    -0.022    -0.019     0.999
 3   127.307    -1.031     0.292
 3     0.282    -0.259    -0.924
 3     0.151     0.963    -0.223
 3     0.947    -0.078     0.310
 4   110.205    16.355   -11.629
 4     0.447    -0.788     0.424
 4     0.889     0.339    -0.307
 4     0.098     0.513     0.852
 5   116.502    18.109    25.009
 5    -0.476     0.030     0.879
 5    -0.130     0.986    -0.103
 5    -0.870    -0.162    -0.465
 6   137.387    29.830    38.383
 6     0.503    -0.806    -0.320
 6     0.244     0.481    -0.840
 6     0.829     0.344     0.438
 7   109.566   -20.179    -7.310
 7     0.221     0.854     0.471
 7    -0.965     0.121     0.233
 7     0.142    -0.505     0.851
 8   117.305   -28.226    19.633
 8     0.472     0.213     0.856
 8    -0.374    -0.831     0.411
 8     0.798    -0.514    -0.313
 9   133.241   -38.082    42.034
 9     0.537     0.835    -0.130
 9    -0.222     0.283     0.932
 9     0.814    -0.471     0.337
 2    97.619   -19.427    59.070
 2     0.686    -0.728     0.003
 2     0.727     0.685     0.029
 2    -0.022    -0.019     0.999
 3   127.037    -1.144     0.433
 3     0.296    -0.280    -0.914
 3     0.156     0.957    -0.242
 3     0.942    -0.072     0.326
 4   109.873    16.255   -11.347
 4     0.471    -0.774     0.424
 4     0.878     0.367    -0.304
 4     0.080     0.516     0.853
 5   118.081    17.572    25.019
 5    -0.552     0.171     0.817
 5    -0.050     0.971    -0.234
 5    -0.833    -0.169    -0.526
 6   139.728    27.136    38.006
 6     0.537    -0.786    -0.317
 6     0.198     0.475    -0.855
 6     0.819     0.397     0.410
 7   109.114   -20.179    -6.793
 7     0.208     0.854     0.476
 7    -0.967     0.104     0.233
 7     0.150    -0.509     0.848
 8   117.959   -27.492    20.234
 8     0.510     0.300     0.807
 8    -0.304    -0.815     0.493
 8     0.804    -0.496    -0.324
 9   135.001   -34.967    42.691
 9     0.565     0.799    -0.215
 9    -0.145     0.346     0.926
 9     0.812    -0.491     0.311
 2    97.619   -19.428    59.070
 2     0.687    -0.727     0.003
 2     0.726     0.686     0.029
 2    -0.022    -0.019     0.999
 3   126.726    -1.231     0.737
 3     0.305    -0.287    -0.909
 3     0.146     0.956    -0.251
 3     0.941    -0.057     0.333
 4   109.817    16.382   -10.779
 4     0.486    -0.766     0.421
 4     0.869     0.377    -0.319
 4     0.086     0.520     0.849
 5   118.282    17.287    25.570
 5    -0.557     0.199     0.807
 5    -0.025     0.967    -0.254
 5    -0.830    -0.161    -0.533
 6   139.876    26.427    38.356
 6     0.536    -0.784    -0.322
 6     0.183     0.473    -0.860
 6     0.824     0.402     0.396
 7   108.989   -20.219    -6.334
 7     0.191     0.868     0.458
 7    -0.966     0.083     0.245
 7     0.175    -0.490     0.854
 8   118.482   -26.178    21.030
 8     0.537     0.365     0.761
