% Calibrated with leiden_pols
% Positions are in centimeters
Data =[
 2    97.619   -19.427    59.070
 2     0.686    -0.728     0.003
 2     0.727     0.685     0.029
 2    -0.022    -0.019     0.999
 3   125.502    -1.363     0.894
 3     0.337    -0.264    -0.904
 3     0.153     0.962    -0.223
 3     0.929    -0.065     0.365
 4   108.093    16.690    -9.583
 4     0.420    -0.789     0.449
 4     0.902     0.308    -0.301
 4     0.099     0.531     0.841
 5   114.784    17.191    27.399
 5    -0.493     0.019     0.870
 5    -0.085     0.994    -0.069
 5    -0.866    -0.107    -0.488
 6   134.587    28.224    41.515
 6     0.461    -0.842    -0.288
 6     0.234     0.422    -0.875
 6     0.856     0.335     0.390
 7   107.571   -20.344    -5.412
 7     0.184     0.831     0.525
 7    -0.968     0.059     0.244
 7     0.172    -0.553     0.815
 8   116.012   -27.585    21.319
 8     0.477     0.336     0.813
 8    -0.296    -0.809     0.507
 8     0.828    -0.482    -0.286
 9   132.283   -35.080    44.622
 9     0.534     0.804    -0.266
 9    -0.140     0.389     0.909
 9     0.833    -0.449     0.320
 2    97.619   -19.427    59.070
 2     0.686    -0.728     0.003
 2     0.727     0.685     0.029
 2    -0.022    -0.019     0.999
 3   125.451    -1.311     0.894
 3     0.336    -0.266    -0.904
 3     0.155     0.962    -0.224
 3     0.929    -0.066     0.364
 4   108.043    16.690    -9.532
 4     0.419    -0.789     0.450
 4     0.902     0.307    -0.301
 4     0.099     0.531     0.841
 5   114.738    17.140    27.453
 5    -0.493     0.019     0.870
 5    -0.083     0.994    -0.068
 5    -0.866    -0.105    -0.489
 6   134.506    28.147    41.492
 6     0.461    -0.844    -0.282
 6     0.234     0.416    -0.877
 6     0.855     0.339     0.388
 7   107.569   -20.344    -5.409
 7     0.184     0.831     0.525
 7    -0.968     0.059     0.243
 7     0.171    -0.553     0.815
 8   116.104   -27.482    21.355
 8     0.481     0.339     0.809
 8    -0.292    -0.808     0.511
 8     0.826    -0.482    -0.290
 9   132.400   -34.852    44.633
 9     0.538     0.802    -0.267
 9    -0.138     0.390     0.909
 9     0.831    -0.452     0.320
 2    97.619   -19.427    59.070
 2     0.686    -0.728     0.003
 2     0.727     0.685     0.029
 2    -0.022    -0.019     0.999
 3   125.418    -1.263     0.901
 3     0.338    -0.268    -0.903
 3     0.155     0.961    -0.226
 3     0.928    -0.064     0.366
 4   107.917    16.691    -9.534
 4     0.417    -0.789     0.452
 4     0.903     0.305    -0.301
 4     0.099     0.533     0.840
 5   114.797    17.143    27.445
 5    -0.497     0.021     0.868
 5    -0.081     0.994    -0.070
 5    -0.864    -0.104    -0.492
 6   134.555    28.147    41.516
 6     0.463    -0.844    -0.280
 6     0.234     0.414    -0.879
 6     0.855     0.341     0.387
 7   107.569   -20.344    -5.409
 7     0.184     0.831     0.525
 7    -0.968     0.061     0.243
 7     0.171    -0.553     0.815
 8   116.225   -27.479    21.359
 8     0.485     0.341     0.806
 8    -0.289    -0.807     0.514
 8     0.825    -0.482    -0.293
 9   132.666   -34.649    44.619
 9     0.542     0.797    -0.270
 9    -0.134     0.394     0.908
 9     0.829    -0.456     0.320
 2    97.618   -19.402    59.070
 2     0.686    -0.728     0.003
 2     0.727     0.685     0.029
 2    -0.022    -0.018     0.999
 3   125.368    -1.262     0.901
 3     0.338    -0.270    -0.902
 3     0.156     0.960    -0.228
 3     0.928    -0.065     0.366
 4   107.966    16.716    -9.534
 4     0.417    -0.788     0.453
 4     0.903     0.305    -0.301
 4     0.099     0.534     0.839
 5   114.749    17.194    27.439
 5    -0.498     0.023     0.867
 5    -0.081     0.994    -0.072
 5    -0.863    -0.105    -0.493
 6   134.550    28.146    41.521
 6     0.464    -0.844    -0.278
 6     0.234     0.413    -0.879
 6     0.854     0.343     0.388
 7   107.514   -20.295    -5.352
 7     0.185     0.831     0.525
 7    -0.968     0.062     0.242
 7     0.169    -0.553     0.816
 8   116.266   -27.481    21.294
 8     0.488     0.342     0.804
 8    -0.290    -0.805     0.517
 8     0.823    -0.485    -0.294
 9   133.066   -34.598    44.276
 9     0.556     0.788    -0.272
 9    -0.125     0.396     0.908
 9     0.822    -0.470     0.318
 2    97.619   -19.402    59.070
 2     0.686    -0.728     0.003
 2     0.727     0.685     0.029
 2    -0.022    -0.019     0.999
 3   125.412    -1.264     0.858
 3     0.339    -0.268    -0.902
 3     0.156     0.961    -0.225
 3     0.927    -0.065     0.368
 4   108.148    16.713    -9.587
 4     0.431    -0.783     0.449
 4     0.896     0.316    -0.309
 4     0.100     0.536     0.838
 5   114.764    17.630    27.271
 5    -0.492     0.045     0.869
 5    -0.099     0.989    -0.106
 5    -0.865    -0.138    -0.482
 6   135.095    29.210    40.931
 6     0.484    -0.815    -0.326
 6     0.250     0.480    -0.839
 6     0.838     0.324     0.435
 7   107.511   -20.270    -5.418
 7     0.188     0.825     0.532
 7    -0.968     0.064     0.242
 7     0.166    -0.561     0.811
 8   115.941   -28.563    20.765
 8     0.476     0.340     0.812
 8    -0.332    -0.786     0.521
 8     0.815    -0.517    -0.261
 9   133.152   -36.089    43.359
 9     0.568     0.768    -0.301
 9    -0.137     0.442     0.885
 9     0.811    -0.462     0.356
 2    97.619   -19.427    59.070
 2     0.686    -0.728     0.003
 2     0.727     0.685     0.029
 2    -0.022    -0.019     0.999
 3   125.480    -1.448     0.802
 3     0.346    -0.250    -0.904
 3     0.155     0.965    -0.207
 3     0.925    -0.070     0.373
 4   108.515    16.693    -9.779
 4     0.433    -0.786     0.442
 4     0.895     0.317    -0.312
 4     0.106     0.530     0.841
 5   113.664    18.327    27.033
 5    -0.437    -0.023     0.899
 5    -0.161     0.985    -0.053
 5    -0.885    -0.167    -0.434
 6   133.255    31.030    41.256
 6     0.454    -0.816    -0.366
 6     0.281     0.515    -0.808
 6     0.845     0.264     0.461
 7   107.434   -20.347    -5.411
 7     0.187     0.823     0.536
 7    -0.969     0.063     0.240
 7     0.164    -0.564     0.809
 8   114.534   -30.092    20.137
 8     0.422     0.324     0.848
 8    -0.392    -0.778     0.491
 8     0.818    -0.538    -0.201
 9   130.674   -39.131    42.884
 9     0.516     0.783    -0.351
 9    -0.191     0.499     0.844
 9     0.834    -0.369     0.407
 2    97.619   -19.427    59.070
 2     0.686    -0.728     0.003
 2     0.727     0.685     0.029
 2    -0.022    -0.019     0.999
 3   125.624    -1.630     0.774
 3     0.350    -0.233    -0.908
 3     0.157     0.969    -0.187
 3     0.923    -0.079     0.375
 4   108.907    16.541   -10.118
 4     0.423    -0.796     0.433
 4     0.900     0.315    -0.300
 4     0.102     0.516     0.850
 5   112.204    19.218    26.516
 5    -0.370    -0.027     0.929
 5    -0.211     0.976    -0.054
 5    -0.905    -0.215    -0.367
 6   131.107    32.961    41.583
 6     0.413    -0.819    -0.406
 6     0.311     0.539    -0.780
 6     0.856     0.195     0.476
 7   107.388   -20.527    -5.511
 7     0.178     0.822     0.540
 7    -0.970     0.054     0.236
 7     0.165    -0.566     0.807
 8   113.028   -31.207    19.486
 8     0.371     0.308     0.876
 8    -0.435    -0.776     0.456
 8     0.820    -0.550    -0.153
 9   128.194   -41.672    42.619
 9     0.479     0.808    -0.349
 9    -0.239     0.497     0.832
 9     0.844    -0.316     0.431
 2    97.619   -19.428    59.070
 2     0.687    -0.728     0.003
 2     0.726     0.686     0.029
 2    -0.022    -0.019     0.999
 3   125.639    -1.810     0.691
 3     0.355    -0.225    -0.908
 3     0.161     0.971    -0.176
 3     0.921    -0.085     0.380
 4   108.781    16.338   -10.343
 4     0.395    -0.811     0.433
 4     0.914     0.298    -0.274
 4     0.093     0.503     0.859
 5   110.279    20.134    25.952
 5    -0.310    -0.048     0.950
 5    -0.259     0.965    -0.036
 5    -0.915    -0.256    -0.311
