% Calibrated with leiden_pols
% Positions are in centimeters
Data =[
 2    96.624   -18.651    59.855
 2    -0.131    -0.991    -0.025
 2     0.989    -0.133     0.069
 2    -0.072    -0.016     0.997
 3   131.213    -2.204     4.599
 3     0.569    -0.618    -0.542
 3     0.317     0.773    -0.549
 3     0.759     0.141     0.636
 4   111.834    13.306    -5.873
 4     0.625    -0.709     0.327
 4     0.778     0.601    -0.183
 4    -0.067     0.368     0.927
 5   118.340    23.199    19.544
 5     0.702    -0.084     0.706
 5     0.354    -0.820    -0.450
 5     0.617     0.566    -0.546
 6   143.855    24.883    31.799
 6     0.652    -0.111    -0.750
 6     0.041     0.993    -0.110
 6     0.756     0.041     0.652
 7   114.121   -20.821    -2.888
 7     0.765     0.583     0.271
 7    -0.626     0.773     0.103
 7    -0.150    -0.249     0.957
 8   128.159   -28.391    22.600
 8     0.946    -0.042     0.320
 8    -0.173    -0.902     0.394
 8     0.272    -0.429    -0.861
 9   150.399   -30.115    21.755
 9     0.953     0.076    -0.293
 9     0.017     0.952     0.304
 9     0.302    -0.295     0.906
 2    96.623   -18.650    59.855
 2    -0.132    -0.991    -0.025
 2     0.988    -0.133     0.069
 2    -0.072    -0.016     0.997
 3   131.005    -2.255     4.516
 3     0.567    -0.616    -0.546
 3     0.325     0.777    -0.539
 3     0.756     0.128     0.641
 4   111.371    12.930    -6.206
 4     0.614    -0.711     0.344
 4     0.784     0.600    -0.159
 4    -0.094     0.367     0.925
 5   118.722    23.107    19.119
 5     0.731    -0.075     0.678
 5     0.349    -0.813    -0.465
 5     0.586     0.577    -0.569
 6   145.113    24.536    29.415
 6     0.716    -0.089    -0.692
 6     0.027     0.995    -0.100
 6     0.697     0.052     0.715
 7   113.858   -20.629    -3.126
 7     0.760     0.577     0.300
 7    -0.622     0.779     0.076
 7    -0.190    -0.244     0.951
 8   129.561   -29.069    20.979
 8     0.968    -0.081     0.237
 8    -0.181    -0.881     0.437
 8     0.173    -0.466    -0.867
 9   151.643   -30.761    17.096
 9     0.980     0.041    -0.192
 9     0.009     0.967     0.255
 9     0.196    -0.252     0.947
 2    96.623   -18.650    59.804
 2    -0.132    -0.991    -0.025
 2     0.988    -0.133     0.069
 2    -0.072    -0.015     0.997
 3   130.830    -2.379     4.400
 3     0.563    -0.615    -0.552
 3     0.336     0.781    -0.527
 3     0.755     0.111     0.646
 4   110.863    12.370    -6.468
 4     0.599    -0.711     0.367
 4     0.790     0.599    -0.129
 4    -0.129     0.367     0.921
 5   119.318    22.917    18.557
 5     0.770    -0.049     0.635
 5     0.348    -0.803    -0.484
 5     0.534     0.594    -0.602
 6   146.228    23.597    25.842
 6     0.798    -0.065    -0.599
 6    -0.001     0.994    -0.109
 6     0.602     0.088     0.793
 7   113.395   -20.549    -3.381
 7     0.750     0.568     0.336
 7    -0.615     0.787     0.041
 7    -0.241    -0.238     0.941
 8   130.732   -29.545    18.725
 8     0.981    -0.129     0.141
 8    -0.181    -0.868     0.462
 8     0.062    -0.479    -0.876
 9   152.216   -30.919    11.691
 9     0.998     0.006    -0.065
 9     0.008     0.976     0.217
 9     0.064    -0.218     0.974
 2    96.623   -18.650    59.855
 2    -0.132    -0.991    -0.025
 2     0.988    -0.133     0.069
 2    -0.072    -0.016     0.997
 3   130.673    -2.557     4.191
 3     0.561    -0.613    -0.556
 3     0.345     0.784    -0.516
 3     0.752     0.097     0.651
 4   110.432    11.835    -6.910
 4     0.589    -0.707     0.391
 4     0.791     0.602    -0.103
 4    -0.163     0.370     0.915
 5   120.060    22.735    17.789
 5     0.804    -0.025     0.594
 5     0.341    -0.799    -0.495
 5     0.487     0.600    -0.634
 6   147.328    22.808    22.494
 6     0.866    -0.026    -0.500
 6    -0.036     0.993    -0.114
 6     0.499     0.116     0.859
 7   113.062   -20.364    -3.697
 7     0.743     0.558     0.369
 7    -0.604     0.797     0.009
 7    -0.289    -0.229     0.929
 8   132.164   -29.926    16.254
 8     0.983    -0.180     0.040
 8    -0.176    -0.852     0.493
 8    -0.055    -0.492    -0.869
 9   152.750   -30.857     5.964
 9     0.997    -0.022     0.072
 9     0.009     0.984     0.176
 9    -0.075    -0.175     0.982
 2    96.623   -18.650    59.855
 2    -0.132    -0.991    -0.025
 2     0.988    -0.133     0.069
 2    -0.072    -0.016     0.997
 3   130.578    -2.560     4.095
 3     0.561    -0.615    -0.554
 3     0.359     0.784    -0.507
 3     0.746     0.085     0.660
 4   110.112    11.566    -7.088
 4     0.581    -0.706     0.404
 4     0.793     0.603    -0.087
 4    -0.182     0.371     0.911
 5   120.385    22.468    17.272
 5     0.827    -0.022     0.561
 5     0.326    -0.796    -0.511
 5     0.458     0.605    -0.651
 6   147.636    21.477    19.838
 6     0.909     0.014    -0.417
 6    -0.071     0.990    -0.122
 6     0.410     0.140     0.901
 7   112.678   -20.151    -4.024
 7     0.726     0.549     0.414
 7    -0.587     0.808    -0.042
 7    -0.358    -0.213     0.909
 8   132.987   -30.284    13.231
 8     0.970    -0.237    -0.050
 8    -0.177    -0.833     0.523
 8    -0.166    -0.499    -0.850
 9   152.064   -30.944    -1.142
 9     0.973    -0.036     0.228
 9     0.007     0.992     0.126
 9    -0.231    -0.121     0.965
 2    96.623   -18.650    59.855
 2    -0.132    -0.991    -0.025
 2     0.989    -0.133     0.069
 2    -0.072    -0.016     0.997
 3   130.374    -2.665     3.828
 3     0.562    -0.620    -0.548
 3     0.374     0.781    -0.500
 3     0.738     0.076     0.670
 4   109.513    10.957    -7.436
 4     0.568    -0.707     0.423
 4     0.795     0.603    -0.060
 4    -0.213     0.370     0.904
 5   120.677    22.205    16.641
 5     0.846    -0.027     0.532
 5     0.308    -0.790    -0.530
 5     0.434     0.612    -0.660
 6   147.948    20.427    17.046
 6     0.942     0.053    -0.331
 6    -0.103     0.985    -0.136
 6     0.319     0.162     0.933
 7   111.998   -19.739    -4.303
 7     0.701     0.548     0.456
 7    -0.573     0.814    -0.097
 7    -0.424    -0.194     0.884
 8   133.237   -30.774     9.765
 8     0.944    -0.303    -0.126
 8    -0.183    -0.805     0.564
 8    -0.272    -0.510    -0.816
 9   150.508   -30.914    -7.907
 9     0.922    -0.042     0.385
 9     0.013     0.997     0.076
 9    -0.388    -0.065     0.919
 2    96.623   -18.650    59.855
 2    -0.132    -0.991    -0.025
 2     0.988    -0.133     0.069
 2    -0.072    -0.016     0.997
 3   130.064    -2.571     3.688
 3     0.565    -0.627    -0.536
 3     0.386     0.775    -0.500
 3     0.729     0.076     0.680
 4   108.800    10.632    -7.650
 4     0.553    -0.708     0.440
 4     0.798     0.601    -0.037
 4    -0.238     0.372     0.897
 5   120.871    22.037    15.979
 5     0.867    -0.022     0.497
 5     0.294    -0.784    -0.546
 5     0.402     0.620    -0.674
 6   147.633    19.475    14.172
 6     0.967     0.095    -0.237
 6    -0.128     0.983    -0.131
 6     0.220     0.157     0.963
 7   111.027   -19.366    -4.475
 7     0.664     0.555     0.500
 7    -0.559     0.813    -0.160
 7    -0.496    -0.173     0.851
 8   132.810   -30.922     6.845
 8     0.916    -0.358    -0.181
 8    -0.188    -0.781     0.595
 8    -0.355    -0.511    -0.783
 9   147.983   -30.560   -13.681
 9     0.859    -0.042     0.510
 9     0.027     0.999     0.037
 9    -0.512    -0.019     0.859
 2    96.623   -18.650    59.855
 2    -0.132    -0.991    -0.025
 2     0.989    -0.133     0.069
 2    -0.072    -0.015     0.997
 3   129.615    -2.580     3.427
 3     0.575    -0.629    -0.523
 3     0.383     0.772    -0.507
 3     0.723     0.091     0.685
 4   108.134    10.391    -7.684
 4     0.541    -0.710     0.451
 4     0.802     0.597    -0.022
 4    -0.254     0.373     0.892
 5   120.821    21.913    15.626
 5     0.878    -0.013     0.478
 5     0.286    -0.787    -0.547
 5     0.383     0.617    -0.687
