% Calibrated with leiden_pols
% Positions are in centimeters
Data =[
 2    96.624   -18.651    59.855
 2    -0.131    -0.991    -0.025
 2     0.989    -0.133     0.069
 2    -0.072    -0.016     0.997
 3   131.213    -2.204     4.599
 3     0.569    -0.618    -0.542
 3     0.317     0.773    -0.549
 3     0.759     0.141     0.636
 4   111.834    13.306    -5.873
 4     0.625    -0.709     0.327
 4     0.778     0.601    -0.183
 4    -0.067     0.368     0.927
 5   118.340    23.199    19.544
 5     0.702    -0.084     0.706
 5     0.354    -0.820    -0.450
 5     0.617     0.566    -0.546
 6   143.855    24.883    31.799
 6     0.652    -0.111    -0.750
 6     0.041     0.993    -0.110
 6     0.756     0.041     0.652
 7   114.121   -20.821    -2.888
 7     0.765     0.583     0.271
 7    -0.626     0.773     0.103
 7    -0.150    -0.249     0.957
 8   128.159   -28.391    22.600
 8     0.946    -0.042     0.320
 8    -0.173    -0.902     0.394
 8     0.272    -0.429    -0.861
 9   150.399   -30.115    21.755
 9     0.953     0.076    -0.293
 9     0.017     0.952     0.304
 9     0.302    -0.295     0.906
 2    96.623   -18.650    59.855
 2    -0.132    -0.991    -0.025
 2     0.988    -0.133     0.069
 2    -0.072    -0.016     0.997
 3   131.005    -2.255     4.516
 3     0.567    -0.616    -0.546
 3     0.325     0.777    -0.539
 3     0.756     0.128     0.641
 4   111.371    12.930    -6.206
 4     0.614    -0.711     0.344
 4     0.784     0.600    -0.159
 4    -0.094     0.367     0.925
 5   118.722    23.107    19.119
 5     0.731    -0.075     0.678
 5     0.349    -0.813    -0.465
 5     0.586     0.577    -0.569
 6   145.113    24.536    29.415
 6     0.716    -0.089    -0.692
 6     0.027     0.995    -0.100
 6     0.697     0.052     0.715
 7   113.858   -20.629    -3.126
 7     0.760     0.577     0.300
 7    -0.622     0.779     0.076
 7    -0.190    -0.244     0.951
 8   129.561   -29.069    20.979
 8     0.968    -0.081     0.237
 8    -0.181    -0.881     0.437
 8     0.173    -0.466    -0.867
 9   151.643   -30.761    17.096
 9     0.980     0.041    -0.192
 9     0.009     0.967     0.255
 9     0.196    -0.252     0.947
 2    96.623   -18.650    59.804
 2    -0.132    -0.991    -0.025
 2     0.988    -0.133     0.069
 2    -0.072    -0.015     0.997
 3   130.830    -2.379     4.400
 3     0.563    -0.615    -0.552
 3     0.336     0.781    -0.527
 3     0.755     0.111     0.646
 4   110.863    12.370    -6.468
 4     0.599    -0.711     0.367
 4     0.790     0.599    -0.129
 4    -0.129     0.367     0.921
 5   119.318    22.917    18.557
 5     0.770    -0.049     0.635
 5     0.348    -0.803    -0.484
 5     0.534     0.594    -0.602
 6   146.228    23.597    25.842
 6     0.798    -0.065    -0.599
 6    -0.001     0.994    -0.109
 6     0.602     0.088     0.793
 7   113.395   -20.549    -3.381
 7     0.750     0.568     0.336
 7    -0.615     0.787     0.041
 7    -0.241    -0.238     0.941
 8   130.732   -29.545    18.725
 8     0.981    -0.129     0.141
 8    -0.181    -0.868     0.462
 8     0.062    -0.479    -0.876
 9   152.216   -30.919    11.691
 9     0.998     0.006    -0.065
 9     0.008     0.976     0.217
 9     0.064    -0.218     0.974
 2    96.623   -18.650    59.855
 2    -0.132    -0.991    -0.025
 2     0.988    -0.133     0.069
 2    -0.072    -0.016     0.997
 3   130.673    -2.557     4.191
 3     0.561    -0.613    -0.556
 3     0.345     0.784    -0.516
 3     0.752     0.097     0.651
 4   110.432    11.835    -6.910
 4     0.589    -0.707     0.391
 4     0.791     0.602    -0.103
 4    -0.163     0.370     0.915
 5   120.060    22.735    17.789
 5     0.804    -0.025     0.594
 5     0.341    -0.799    -0.495
 5     0.487     0.600    -0.634
 6   147.328    22.808    22.494
 6     0.866    -0.026    -0.500
 6    -0.036     0.993    -0.114
 6     0.499     0.116     0.859
 7   113.062   -20.364    -3.697
 7     0.743     0.558     0.369
 7    -0.604     0.797     0.009
 7    -0.289    -0.229     0.929
 8   132.164   -29.926    16.254
 8     0.983    -0.180     0.040
 8    -0.176    -0.852     0.493
 8    -0.055    -0.492    -0.869
 9   152.750   -30.857     5.964
 9     0.997    -0.022     0.072
 9     0.009     0.984     0.176
 9    -0.075    -0.175     0.982
 2    96.623   -18.650    59.855
 2    -0.132    -0.991    -0.025
 2     0.988    -0.133     0.069
 2    -0.072    -0.016     0.997
 3   130.578    -2.560     4.095
 3     0.561    -0.615    -0.554
 3     0.359     0.784    -0.507
 3     0.746     0.085     0.660
 4   110.112    11.566    -7.088
 4     0.581    -0.706     0.404
 4     0.793     0.603    -0.087
 4    -0.182     0.371     0.911
 5   120.385    22.468    17.272
 5     0.827    -0.022     0.561
 5     0.326    -0.796    -0.511
 5     0.458     0.605    -0.651
 6   147.636    21.477    19.838
 6     0.909     0.014    -0.417
 6    -0.071     0.990    -0.122
 6     0.410     0.140     0.901
 7   112.678   -20.151    -4.024
 7     0.726     0.549     0.414
 7    -0.587     0.808    -0.042
 7    -0.358    -0.213     0.909
 8   132.987   -30.284    13.231
 8     0.970    -0.237    -0.050
 8    -0.177    -0.833     0.523
 8    -0.166    -0.499    -0.850
 9   152.064   -30.944    -1.142
 9     0.973    -0.036     0.228
 9     0.007     0.992     0.126
 9    -0.231    -0.121     0.965
 2    96.623   -18.650    59.855
 2    -0.132    -0.991    -0.025
 2     0.989    -0.133     0.069
 2    -0.072    -0.016     0.997
 3   130.374    -2.665     3.828
 3     0.562    -0.620    -0.548
 3     0.374     0.781    -0.500
 3     0.738     0.076     0.670
 4   109.513    10.957    -7.436
 4     0.568    -0.707     0.423
 4     0.795     0.603    -0.060
 4    -0.213     0.370     0.904
 5   120.677    22.205    16.641
 5     0.846    -0.027     0.532
 5     0.308    -0.790    -0.530
 5     0.434     0.612    -0.660
 6   147.948    20.427    17.046
 6     0.942     0.053    -0.331
 6    -0.103     0.985    -0.136
 6     0.319     0.162     0.933
 7   111.998   -19.739    -4.303
 7     0.701     0.548     0.456
 7    -0.573     0.814    -0.097
 7    -0.424    -0.194     0.884
 8   133.237   -30.774     9.765
 8     0.944    -0.303    -0.126
 8    -0.183    -0.805     0.564
 8    -0.272    -0.510    -0.816
 9   150.508   -30.914    -7.907
 9     0.922    -0.042     0.385
 9     0.013     0.997     0.076
 9    -0.388    -0.065     0.919
 2    96.623   -18.650    59.855
 2    -0.132    -0.991    -0.025
 2     0.988    -0.133     0.069
 2    -0.072    -0.016     0.997
 3   130.064    -2.571     3.688
 3     0.565    -0.627    -0.536
 3     0.386     0.775    -0.500
 3     0.729     0.076     0.680
 4   108.800    10.632    -7.650
 4     0.553    -0.708     0.440
 4     0.798     0.601    -0.037
 4    -0.238     0.372     0.897
 5   120.871    22.037    15.979
 5     0.867    -0.022     0.497
 5     0.294    -0.784    -0.546
 5     0.402     0.620    -0.674
 6   147.633    19.475    14.172
 6     0.967     0.095    -0.237
 6    -0.128     0.983    -0.131
 6     0.220     0.157     0.963
 7   111.027   -19.366    -4.475
 7     0.664     0.555     0.500
 7    -0.559     0.813    -0.160
 7    -0.496    -0.173     0.851
 8   132.810   -30.922     6.845
 8     0.916    -0.358    -0.181
 8    -0.188    -0.781     0.595
 8    -0.355    -0.511    -0.783
 9   147.983   -30.560   -13.681
 9     0.859    -0.042     0.510
 9     0.027     0.999     0.037
 9    -0.512    -0.019     0.859
 2    96.623   -18.650    59.855
 2    -0.132    -0.991    -0.025
 2     0.989    -0.133     0.069
 2    -0.072    -0.015     0.997
 3   129.615    -2.580     3.427
 3     0.575    -0.629    -0.523
 3     0.383     0.772    -0.507
 3     0.723     0.091     0.685
 4   108.134    10.391    -7.684
 4     0.541    -0.710     0.451
 4     0.802     0.597    -0.022
 4    -0.254     0.373     0.892
 5   120.821    21.913    15.626
 5     0.878    -0.013     0.478
 5     0.286    -0.787    -0.547
 5     0.383     0.617    -0.687
 6   147.057    18.490    11.940
 6     0.981     0.138    -0.138
 6    -0.158     0.976    -0.146
 6     0.115     0.165     0.979
 7   110.233   -18.902    -4.586
 7     0.633     0.559     0.535
 7    -0.540     0.814    -0.212
 7    -0.554    -0.155     0.818
 8   132.175   -31.117     3.890
 8     0.883    -0.416    -0.216
 8    -0.197    -0.748     0.634
 8    -0.425    -0.517    -0.743
 9   145.786   -29.778   -18.410
 9     0.794    -0.037     0.606
 9     0.042     0.999     0.005
 9    -0.606     0.021     0.795
 2    96.624   -18.651    59.855
 2    -0.131    -0.991    -0.025
 2     0.988    -0.133     0.069
 2    -0.072    -0.016     0.997
 3   129.380    -2.587     3.300
 3     0.584    -0.629    -0.513
 3     0.373     0.769    -0.519
 3     0.721     0.111     0.684
 4   107.527    10.282    -7.607
 4     0.527    -0.714     0.462
 4     0.807     0.590    -0.010
 4    -0.265     0.378     0.887
 5   120.689    21.717    15.434
 5     0.888    -0.013     0.460
 5     0.274    -0.789    -0.550
 5     0.370     0.614    -0.697
 6   146.412    17.573    10.067
 6     0.980     0.183    -0.067
 6    -0.192     0.967    -0.165
 6     0.034     0.174     0.984
 7   109.435   -18.439    -4.694
 7     0.602     0.559     0.570
 7    -0.514     0.817    -0.260
 7    -0.611    -0.137     0.780
 8   131.449   -30.881     1.096
 8     0.845    -0.472    -0.252
 8    -0.207    -0.722     0.661
 8    -0.494    -0.506    -0.707
 9   143.056   -29.121   -23.055
 9     0.725    -0.019     0.688
 9     0.048     0.998    -0.024
 9    -0.687     0.050     0.725
 2    96.623   -18.650    59.855
 2    -0.132    -0.991    -0.025
 2     0.989    -0.133     0.069
 2    -0.072    -0.015     0.997
 3   129.080    -2.471     3.038
 3     0.595    -0.629    -0.500
 3     0.367     0.766    -0.528
 3     0.715     0.130     0.687
 4   107.138    10.197    -7.729
 4     0.515    -0.713     0.476
 4     0.811     0.585    -0.000
 4    -0.278     0.386     0.879
 5   120.684    21.693    15.086
 5     0.898    -0.003     0.439
 5     0.267    -0.790    -0.551
 5     0.349     0.612    -0.709
 6   145.795    16.960     8.117
 6     0.974     0.225     0.006
 6    -0.221     0.958    -0.183
 6    -0.047     0.176     0.983
 7   108.789   -18.026    -4.777
 7     0.568     0.556     0.606
 7    -0.484     0.822    -0.300
 7    -0.665    -0.123     0.736
 8   130.708   -30.473    -1.884
 8     0.797    -0.530    -0.290
 8    -0.210    -0.693     0.690
 8    -0.566    -0.489    -0.663
 9   140.367   -28.694   -27.473
 9     0.651     0.009     0.759
 9     0.043     0.998    -0.049
 9    -0.758     0.064     0.650
 2    96.624   -18.651    59.855
 2    -0.131    -0.991    -0.025
 2     0.989    -0.133     0.069
 2    -0.072    -0.016     0.997
 3   129.027    -2.485     2.829
 3     0.610    -0.627    -0.484
 3     0.354     0.762    -0.541
 3     0.708     0.158     0.687
 4   106.863    10.091    -7.737
 4     0.503    -0.716     0.485
 4     0.816     0.578     0.007
 4    -0.286     0.392     0.874
 5   120.614    21.737    14.975
 5     0.901     0.004     0.434
 5     0.267    -0.794    -0.547
 5     0.342     0.608    -0.716
 6   144.987    16.905     7.026
 6     0.964     0.259     0.050
 6    -0.245     0.949    -0.198
 6    -0.099     0.178     0.979
 7   108.170   -17.512    -5.062
 7     0.531     0.554     0.641
 7    -0.453     0.825    -0.338
 7    -0.716    -0.111     0.689
 8   129.539   -30.217    -4.782
 8     0.745    -0.594    -0.303
 8    -0.226    -0.652     0.724
 8    -0.627    -0.471    -0.620
 9   136.897   -27.674   -31.556
 9     0.575     0.039     0.817
 9     0.054     0.995    -0.086
 9    -0.816     0.093     0.570
 2    96.623   -18.650    59.855
 2    -0.132    -0.991    -0.025
 2     0.989    -0.133     0.069
 2    -0.072    -0.015     0.997
 3   128.806    -2.324     2.513
 3     0.626    -0.627    -0.463
 3     0.351     0.757    -0.551
 3     0.696     0.182     0.694
 4   106.331    10.059    -7.868
 4     0.491    -0.714     0.499
 4     0.819     0.573     0.014
 4    -0.296     0.401     0.867
 5   120.570    21.755    14.482
 5     0.912     0.033     0.407
 5     0.270    -0.797    -0.541
 5     0.307     0.603    -0.736
 6   143.986    16.177     4.647
 6     0.940     0.315     0.126
 6    -0.284     0.934    -0.219
 6    -0.187     0.170     0.967
 7   107.407   -17.123    -5.098
 7     0.503     0.558     0.660
 7    -0.445     0.822    -0.356
 7    -0.741    -0.115     0.661
 8   128.413   -30.082    -6.023
 8     0.713    -0.629    -0.308
 8    -0.235    -0.629     0.740
 8    -0.660    -0.456    -0.597
 9   134.457   -27.020   -33.494
 9     0.524     0.051     0.850
 9     0.070     0.992    -0.103
 9    -0.849     0.113     0.517
 2    96.623   -18.650    59.855
 2    -0.132    -0.991    -0.025
 2     0.988    -0.133     0.069
 2    -0.072    -0.016     0.997
 3   128.498    -2.160     2.366
 3     0.639    -0.623    -0.451
 3     0.345     0.756    -0.556
 3     0.687     0.200     0.698
 4   105.885    10.082    -7.810
 4     0.479    -0.716     0.508
 4     0.824     0.565     0.019
 4    -0.301     0.410     0.861
 5   120.335    21.863    14.361
 5     0.917     0.054     0.394
 5     0.277    -0.798    -0.535
 5     0.285     0.600    -0.747
 6   142.883    15.881     3.487
 6     0.919     0.351     0.179
 6    -0.305     0.922    -0.240
 6    -0.249     0.166     0.954
 7   106.980   -16.943    -5.106
 7     0.485     0.557     0.673
 7    -0.443     0.821    -0.361
 7    -0.754    -0.123     0.645
 8   127.603   -30.087    -6.815
 8     0.690    -0.651    -0.317
 8    -0.236    -0.616     0.751
 8    -0.684    -0.444    -0.579
 9   132.990   -26.647   -34.672
 9     0.494     0.058     0.867
 9     0.076     0.991    -0.110
 9    -0.866     0.121     0.485
 2    96.623   -18.651    59.855
 2    -0.131    -0.991    -0.025
 2     0.989    -0.133     0.069
 2    -0.072    -0.015     0.997
 3   128.356    -2.170     2.306
 3     0.649    -0.617    -0.445
 3     0.337     0.757    -0.560
 3     0.682     0.213     0.699
 4   105.742    10.085    -7.769
 4     0.480    -0.715     0.508
 4     0.825     0.564     0.015
 4    -0.298     0.412     0.861
 5   120.290    21.737    14.352
 5     0.918     0.052     0.392
 5     0.273    -0.801    -0.533
 5     0.287     0.596    -0.750
 6   142.883    15.444     3.594
 6     0.914     0.365     0.173
 6    -0.318     0.915    -0.249
 6    -0.250     0.172     0.953
 7   106.662   -16.714    -5.158
 7     0.470     0.550     0.689
 7    -0.431     0.825    -0.365
 7    -0.770    -0.126     0.625
 8   127.299   -29.832    -7.681
 8     0.673    -0.664    -0.326
 8    -0.231    -0.607     0.760
 8    -0.703    -0.437    -0.562
 9   131.917   -26.269   -35.835
 9     0.471     0.071     0.879
 9     0.077     0.989    -0.121
 9    -0.879     0.125     0.460
 2    96.623   -18.650    59.855
 2    -0.132    -0.991    -0.025
 2     0.988    -0.133     0.069
 2    -0.072    -0.015     0.997
 3   128.376    -2.228     2.211
 3     0.657    -0.607    -0.447
 3     0.325     0.763    -0.558
 3     0.680     0.221     0.699
 4   105.935    10.060    -7.830
 4     0.494    -0.709     0.503
 4     0.819     0.574     0.006
 4    -0.293     0.409     0.864
 5   120.570    21.414    14.490
 5     0.919     0.016     0.392
 5     0.247    -0.800    -0.546
 5     0.305     0.599    -0.740
 6   143.341    14.287     4.032
 6     0.910     0.386     0.151
 6    -0.345     0.907    -0.240
 6    -0.230     0.165     0.959
 7   106.474   -16.467    -5.391
 7     0.450     0.544     0.708
 7    -0.414     0.829    -0.374
 7    -0.791    -0.125     0.599
 8   126.588   -29.086    -9.300
 8     0.640    -0.688    -0.343
 8    -0.225    -0.594     0.772
 8    -0.735    -0.417    -0.535
 9   130.046   -25.430   -37.793
 9     0.429     0.091     0.899
 9     0.076     0.987    -0.137
 9    -0.900     0.127     0.416
 2    96.623   -18.650    59.855
 2    -0.132    -0.991    -0.025
 2     0.989    -0.133     0.069
 2    -0.072    -0.015     0.997
 3   128.418    -2.311     2.095
 3     0.664    -0.599    -0.448
 3     0.318     0.768    -0.556
 3     0.677     0.226     0.700
 4   105.978     9.903    -7.894
 4     0.496    -0.707     0.504
 4     0.816     0.578     0.007
 4    -0.297     0.408     0.863
 5   120.932    21.263    14.020
 5     0.927     0.013     0.373
 5     0.239    -0.790    -0.565
 5     0.287     0.613    -0.736
 6   143.318    13.787     3.185
 6     0.900     0.405     0.159
 6    -0.361     0.899    -0.247
 6    -0.243     0.165     0.956
 7   106.103   -16.309    -5.407
 7     0.434     0.541     0.720
 7    -0.411     0.830    -0.376
 7    -0.801    -0.132     0.583
 8   126.071   -28.906    -9.884
 8     0.620    -0.702    -0.350
 8    -0.225    -0.587     0.778
 8    -0.752    -0.403    -0.522
 9   128.776   -25.050   -38.576
 9     0.404     0.095     0.909
 9     0.078     0.987    -0.138
 9    -0.911     0.127     0.392
 2    96.623   -18.650    59.855
 2    -0.132    -0.991    -0.025
 2     0.988    -0.133     0.069
 2    -0.072    -0.016     0.997
 3   128.159    -2.272     1.903
 3     0.674    -0.596    -0.437
 3     0.318     0.768    -0.557
 3     0.667     0.236     0.707
 4   105.423     9.817    -7.866
 4     0.490    -0.703     0.515
 4     0.815     0.579     0.013
 4    -0.308     0.413     0.857
 5   120.846    21.300    13.883
 5     0.931     0.024     0.364
 5     0.243    -0.786    -0.568
 5     0.273     0.617    -0.738
 6   143.154    13.845     2.644
 6     0.894     0.415     0.167
 6    -0.365     0.893    -0.263
 6    -0.259     0.174     0.950
 7   105.757   -16.287    -5.318
 7     0.431     0.539     0.723
 7    -0.414     0.830    -0.372
 7    -0.802    -0.139     0.581
 8   125.713   -29.064    -9.971
 8     0.615    -0.707    -0.349
 8    -0.226    -0.583     0.780
 8    -0.755    -0.401    -0.518
 9   128.362   -25.052   -38.680
 9     0.401     0.098     0.911
 9     0.081     0.986    -0.142
 9    -0.912     0.131     0.388
 2    96.623   -18.650    59.855
 2    -0.132    -0.991    -0.025
 2     0.988    -0.133     0.069
 2    -0.072    -0.016     0.997
 3   127.950    -2.328     1.913
 3     0.678    -0.593    -0.434
 3     0.315     0.768    -0.558
 3     0.664     0.241     0.707
 4   105.201     9.819    -7.798
 4     0.489    -0.703     0.516
 4     0.817     0.577     0.011
 4    -0.306     0.416     0.856
 5   120.554    21.204    13.968
 5     0.929     0.026     0.369
 5     0.245    -0.792    -0.560
 5     0.277     0.611    -0.742
 6   143.012    13.772     2.809
 6     0.895     0.415     0.163
 6    -0.365     0.892    -0.266
 6    -0.255     0.178     0.950
 7   105.635   -16.315    -5.256
 7     0.427     0.536     0.727
 7    -0.415     0.831    -0.369
 7    -0.803    -0.144     0.578
 8   125.394   -29.124   -10.112
 8     0.605    -0.712    -0.356
 8    -0.225    -0.582     0.781
 8    -0.763    -0.393    -0.513
 9   127.726   -24.991   -38.849
 9     0.387     0.101     0.916
 9     0.081     0.986    -0.143
 9    -0.918     0.129     0.374
 2    96.573   -18.651    59.855
 2    -0.132    -0.991    -0.025
 2     0.988    -0.133     0.069
 2    -0.072    -0.016     0.997
 3   128.024    -2.434     1.867
 3     0.683    -0.584    -0.439
 3     0.306     0.774    -0.555
 3     0.663     0.244     0.707
 4   105.537     9.820    -7.855
 4     0.495    -0.701     0.513
 4     0.814     0.580     0.007
 4    -0.303     0.414     0.858
 5   120.540    21.142    14.130
 5     0.926     0.016     0.378
 5     0.242    -0.794    -0.557
 5     0.291     0.607    -0.739
 6   143.283    13.690     3.460
 6     0.900     0.411     0.142
 6    -0.367     0.893    -0.260
 6    -0.234     0.181     0.955
 7   105.512   -16.160    -5.315
 7     0.408     0.537     0.737
 7    -0.412     0.829    -0.376
 7    -0.814    -0.151     0.561
 8   124.761   -29.055   -10.896
 8     0.577    -0.733    -0.361
 8    -0.226    -0.567     0.792
 8    -0.785    -0.375    -0.493
 9   125.973   -24.569   -39.908
 9     0.347     0.115     0.930
 9     0.090     0.984    -0.155
 9    -0.933     0.137     0.332
 2    96.623   -18.650    59.804
 2    -0.132    -0.991    -0.025
 2     0.988    -0.133     0.069
 2    -0.072    -0.015     0.997
 3   128.023    -2.566     1.847
 3     0.687    -0.576    -0.443
 3     0.298     0.779    -0.551
 3     0.662     0.246     0.707
 4   105.613     9.819    -7.879
 4     0.499    -0.698     0.513
 4     0.811     0.584     0.005
 4    -0.303     0.414     0.858
 5   120.758    21.084    14.020
 5     0.928     0.011     0.371
 5     0.235    -0.791    -0.565
 5     0.287     0.611    -0.737
 6   143.330    13.561     3.386
 6     0.899     0.414     0.141
 6    -0.369     0.891    -0.263
 6    -0.235     0.184     0.954
 7   105.208   -16.152    -5.318
 7     0.392     0.541     0.743
 7    -0.416     0.825    -0.382
 7    -0.820    -0.160     0.549
 8   124.094   -29.131   -11.475
 8     0.554    -0.749    -0.364
 8    -0.227    -0.556     0.799
 8    -0.801    -0.360    -0.478
 9   124.548   -24.408   -40.522
 9     0.319     0.117     0.940
 9     0.102     0.982    -0.158
 9    -0.942     0.146     0.302
 2    96.573   -18.651    59.855
 2    -0.132    -0.991    -0.025
 2     0.989    -0.133     0.069
 2    -0.072    -0.016     0.997
 3   127.888    -2.701     1.761
 3     0.695    -0.566    -0.444
 3     0.291     0.786    -0.546
 3     0.658     0.250     0.710
 4   105.489     9.767    -7.854
 4     0.501    -0.696     0.514
 4     0.810     0.586     0.003
 4    -0.303     0.415     0.858
 5   120.711    21.033    14.068
 5     0.929     0.008     0.370
 5     0.232    -0.792    -0.564
 5     0.288     0.610    -0.738
 6   143.383    13.410     3.460
 6     0.899     0.415     0.140
 6    -0.371     0.891    -0.263
 6    -0.234     0.185     0.954
 7   104.912   -16.106    -5.252
 7     0.386     0.543     0.745
 7    -0.420     0.823    -0.382
 7    -0.821    -0.165     0.546
 8   123.639   -29.315   -11.462
 8     0.549    -0.756    -0.357
 8    -0.231    -0.547     0.804
 8    -0.803    -0.359    -0.475
 9   124.125   -24.410   -40.581
 9     0.315     0.126     0.941
 9     0.105     0.980    -0.167
 9    -0.943     0.152     0.295
 2    96.623   -18.650    59.855
 2    -0.132    -0.991    -0.025
 2     0.988    -0.133     0.069
 2    -0.072    -0.016     0.997
 3   127.779    -2.705     1.721
 3     0.698    -0.564    -0.442
 3     0.289     0.786    -0.547
 3     0.655     0.253     0.711
 4   105.359     9.716    -7.803
 4     0.498    -0.696     0.517
 4     0.812     0.584     0.002
 4    -0.304     0.418     0.856
 5   120.499    20.913    14.120
 5     0.927     0.009     0.375
 5     0.232    -0.798    -0.556
 5     0.294     0.602    -0.742
 6   143.204    13.459     3.440
 6     0.899     0.413     0.142
 6    -0.369     0.892    -0.262
 6    -0.236     0.183     0.954
 7   104.763   -16.112    -5.233
 7     0.380     0.544     0.748
 7    -0.422     0.822    -0.383
 7    -0.823    -0.170     0.542
 8   123.268   -29.329   -11.598
 8     0.538    -0.765    -0.355
 8    -0.232    -0.539     0.809
 8    -0.811    -0.353    -0.468
 9   123.386   -24.524   -40.918
 9     0.302     0.142     0.942
 9     0.104     0.978    -0.181
 9    -0.947     0.152     0.281
 2    96.623   -18.650    59.855
 2    -0.132    -0.991    -0.025
 2     0.988    -0.133     0.069
 2    -0.072    -0.015     0.997
 3   127.772    -2.683     1.652
 3     0.701    -0.561    -0.440
 3     0.286     0.786    -0.547
 3     0.653     0.257     0.712
 4   105.306     9.715    -7.801
 4     0.498    -0.695     0.519
 4     0.812     0.584     0.002
 4    -0.305     0.420     0.855
 5   120.641    20.907    14.109
 5     0.929     0.007     0.369
 5     0.228    -0.797    -0.559
 5     0.290     0.604    -0.742
 6   143.197    13.457     3.300
 6     0.899     0.411     0.149
 6    -0.366     0.894    -0.258
 6    -0.240     0.177     0.954
 7   104.564   -15.995    -5.306
 7     0.369     0.546     0.751
 7    -0.425     0.818    -0.386
 7    -0.826    -0.177     0.535
 8   122.827   -29.239   -11.787
 8     0.526    -0.771    -0.358
 8    -0.233    -0.536     0.811
 8    -0.818    -0.344    -0.462
 9   122.386   -24.309   -41.285
 9     0.283     0.150     0.947
 9     0.110     0.976    -0.188
 9    -0.953     0.157     0.260
 2    96.623   -18.650    59.855
 2    -0.132    -0.991    -0.025
 2     0.988    -0.133     0.069
 2    -0.072    -0.015     0.997
 3   127.696    -2.763     1.656
 3     0.705    -0.555    -0.442
 3     0.280     0.790    -0.545
 3     0.652     0.260     0.712
 4   105.257     9.715    -7.801
 4     0.499    -0.694     0.519
 4     0.811     0.584     0.002
 4    -0.305     0.420     0.855
 5   120.590    20.958    14.109
 5     0.929     0.007     0.369
 5     0.228    -0.797    -0.559
 5     0.290     0.604    -0.742
 6   143.099    13.280     3.276
 6     0.900     0.409     0.152
 6    -0.364     0.896    -0.254
 6    -0.240     0.173     0.955
 7   104.238   -16.006    -5.228
 7     0.359     0.551     0.753
 7    -0.427     0.814    -0.392
 7    -0.829    -0.181     0.528
 8   122.137   -29.484   -12.144
 8     0.509    -0.787    -0.349
 8    -0.241    -0.520     0.819
 8    -0.826    -0.333    -0.454
 9   121.584   -24.583   -41.476
 9     0.272     0.164     0.948
 9     0.102     0.975    -0.198
 9    -0.957     0.151     0.249
 2    96.623   -18.650    59.804
 2    -0.132    -0.991    -0.025
 2     0.988    -0.133     0.069
 2    -0.072    -0.015     0.997
 3   127.637    -2.768     1.616
 3     0.708    -0.552    -0.441
 3     0.277     0.791    -0.545
 3     0.649     0.263     0.713
 4   105.209     9.715    -7.753
 4     0.500    -0.693     0.520
 4     0.811     0.585     0.000
 4    -0.304     0.421     0.854
 5   120.590    20.959    14.108
 5     0.929     0.008     0.369
 5     0.229    -0.798    -0.558
 5     0.290     0.603    -0.743
 6   143.155    13.386     3.394
 6     0.902     0.404     0.151
 6    -0.361     0.898    -0.250
 6    -0.237     0.171     0.956
 7   104.161   -15.964    -5.253
 7     0.351     0.553     0.755
 7    -0.430     0.812    -0.395
 7    -0.832    -0.186     0.523
 8   121.966   -29.590   -12.248
 8     0.501    -0.792    -0.350
 8    -0.247    -0.519     0.818
 8    -0.829    -0.324    -0.455
 9   121.082   -24.876   -41.671
 9     0.266     0.167     0.949
 9     0.094     0.975    -0.198
 9    -0.959     0.142     0.244
 2    96.623   -18.650    59.855
 2    -0.132    -0.991    -0.025
 2     0.988    -0.133     0.069
 2    -0.072    -0.015     0.997
 3   127.584    -2.820     1.569
 3     0.709    -0.550    -0.440
 3     0.276     0.792    -0.544
 3     0.648     0.264     0.714
 4   105.073     9.636    -7.794
 4     0.497    -0.692     0.523
 4     0.811     0.585     0.003
 4    -0.308     0.422     0.852
 5   120.587    20.907    14.059
 5     0.929     0.009     0.368
 5     0.229    -0.797    -0.558
 5     0.289     0.603    -0.744
 6   143.052    13.334     3.273
 6     0.902     0.403     0.155
 6    -0.360     0.899    -0.248
 6    -0.239     0.167     0.956
 7   104.058   -15.919    -5.263
 7     0.346     0.555     0.756
 7    -0.430     0.810    -0.398
 7    -0.834    -0.188     0.519
 8   121.594   -29.731   -12.488
 8     0.490    -0.801    -0.344
 8    -0.248    -0.507     0.826
 8    -0.836    -0.319    -0.447
 9   120.617   -24.702   -41.807
 9     0.257     0.177     0.950
 9     0.098     0.973    -0.208
 9    -0.961     0.147     0.232
 2    96.623   -18.650    59.804
 2    -0.132    -0.991    -0.025
 2     0.988    -0.133     0.069
 2    -0.072    -0.015     0.997
 3   127.578    -2.822     1.500
 3     0.711    -0.550    -0.439
 3     0.276     0.792    -0.544
 3     0.646     0.265     0.715
 4   105.013     9.531    -7.834
 4     0.496    -0.691     0.526
 4     0.810     0.586     0.005
 4    -0.312     0.424     0.850
 5   120.578    20.903    13.944
 5     0.930     0.011     0.366
 5     0.230    -0.796    -0.560
 5     0.285     0.605    -0.744
 6   143.099    13.332     3.127
 6     0.901     0.403     0.157
 6    -0.360     0.900    -0.246
 6    -0.241     0.165     0.956
 7   103.828   -15.882    -5.222
 7     0.333     0.556     0.761
 7    -0.430     0.808    -0.402
 7    -0.839    -0.193     0.509
 8   121.334   -29.740   -12.755
 8     0.479    -0.806    -0.348
 8    -0.250    -0.505     0.826
 8    -0.842    -0.309    -0.443
 9   119.762   -24.609   -42.198
 9     0.242     0.177     0.954
 9     0.101     0.973    -0.207
 9    -0.965     0.146     0.218
 2    96.623   -18.650    59.855
 2    -0.132    -0.991    -0.025
 2     0.988    -0.133     0.069
 2    -0.072    -0.015     0.997
 3   127.487    -2.905     1.340
 3     0.716    -0.545    -0.436
 3     0.274     0.794    -0.542
 3     0.641     0.269     0.718
 4   104.934     9.530    -7.833
 4     0.495    -0.689     0.529
 4     0.810     0.586     0.004
 4    -0.313     0.426     0.849
 5   120.573    20.849    13.900
 5     0.932     0.011     0.363
 5     0.228    -0.796    -0.561
 5     0.283     0.605    -0.744
 6   143.018    13.201     2.939
 6     0.899     0.406     0.161
 6    -0.363     0.899    -0.244
 6    -0.245     0.160     0.956
 7   103.646   -15.892    -5.243
 7     0.325     0.557     0.764
 7    -0.430     0.806    -0.406
 7    -0.843    -0.196     0.502
 8   120.806   -29.823   -12.860
 8     0.470    -0.813    -0.343
 8    -0.254    -0.497     0.830
 8    -0.845    -0.303    -0.440
 9   119.341   -24.664   -42.303
 9     0.236     0.184     0.954
 9     0.101     0.972    -0.213
 9    -0.966     0.147     0.210
 2    96.623   -18.650    59.804
 2    -0.132    -0.991    -0.025
 2     0.989    -0.133     0.069
 2    -0.072    -0.015     0.997
 3   127.482    -3.009     1.221
 3     0.719    -0.543    -0.434
 3     0.273     0.795    -0.542
 3     0.639     0.270     0.720
 4   104.501     9.343    -7.879
 4     0.485    -0.689     0.538
 4     0.812     0.583     0.016
 4    -0.325     0.429     0.843
 5   120.629    20.973    13.398
 5     0.939     0.027     0.342
 5     0.230    -0.790    -0.568
 5     0.255     0.612    -0.748
 6   142.249    13.047     1.296
 6     0.879     0.425     0.215
 6    -0.375     0.895    -0.241
 6    -0.295     0.131     0.946
 7   103.627   -15.942    -5.245
 7     0.323     0.558     0.764
 7    -0.432     0.806    -0.406
 7    -0.842    -0.198     0.501
 8   120.808   -29.874   -12.834
 8     0.470    -0.813    -0.342
 8    -0.255    -0.496     0.830
 8    -0.845    -0.303    -0.441
 9   119.345   -24.842   -42.298
 9     0.237     0.185     0.954
 9     0.100     0.972    -0.214
 9    -0.966     0.146     0.211
 2    96.623   -18.650    59.855
 2    -0.132    -0.991    -0.025
 2     0.988    -0.133     0.069
 2    -0.072    -0.016     0.997
 3   127.345    -2.908     1.079
 3     0.719    -0.549    -0.427
 3     0.281     0.791    -0.543
 3     0.636     0.270     0.723
 4   104.178     9.163    -7.964
 4     0.470    -0.696     0.543
 4     0.818     0.574     0.028
 4    -0.332     0.431     0.839
 5   120.320    20.957    13.046
 5     0.941     0.054     0.334
 5     0.245    -0.790    -0.562
 5     0.233     0.611    -0.756
 6   141.390    13.236     0.292
 6     0.864     0.437     0.249
 6    -0.376     0.890    -0.256
 6    -0.333     0.128     0.934
 7   103.648   -16.161    -5.218
 7     0.327     0.557     0.763
 7    -0.438     0.805    -0.400
 7    -0.837    -0.203     0.507
 8   121.085   -30.165   -12.414
 8     0.480    -0.807    -0.344
 8    -0.259    -0.505     0.823
 8    -0.838    -0.306    -0.451
 9   119.785   -25.429   -41.869
 9     0.245     0.179     0.953
 9     0.094     0.974    -0.208
 9    -0.965     0.140     0.222
 2    96.573   -18.651    59.855
 2    -0.132    -0.991    -0.025
 2     0.989    -0.133     0.069
 2    -0.072    -0.015     0.997
 3   127.337    -2.832     1.085
 3     0.718    -0.553    -0.423
 3     0.285     0.788    -0.545
 3     0.634     0.271     0.724
 4   104.180     9.113    -7.968
 4     0.469    -0.697     0.543
 4     0.819     0.573     0.028
 4    -0.331     0.432     0.839
 5   120.320    21.036    13.090
 5     0.940     0.058     0.336
 5     0.248    -0.792    -0.558
 5     0.234     0.608    -0.759
 6   141.390    13.351     0.367
 6     0.860     0.446     0.249
 6    -0.380     0.884    -0.272
 6    -0.342     0.139     0.929
 7   103.725   -16.153    -5.243
 7     0.335     0.557     0.760
 7    -0.438     0.806    -0.398
 7    -0.834    -0.199     0.514
 8   121.372   -30.155   -12.088
 8     0.490    -0.800    -0.346
 8    -0.258    -0.512     0.819
 8    -0.833    -0.312    -0.457
 9   120.289   -25.467   -41.665
 9     0.254     0.174     0.951
 9     0.096     0.974    -0.204
 9    -0.962     0.143     0.230
 2    96.573   -18.651    59.855
 2    -0.131    -0.991    -0.025
 2     0.989    -0.133     0.068
 2    -0.072    -0.015     0.997
 3   127.361    -2.832     1.084
 3     0.719    -0.554    -0.420
 3     0.285     0.786    -0.548
 3     0.634     0.274     0.723
 4   104.518     9.453    -7.851
 4     0.483    -0.694     0.534
 4     0.816     0.577     0.012
 4    -0.317     0.430     0.845
 5   120.337    20.829    13.550
 5     0.937     0.032     0.347
 5     0.232    -0.800    -0.553
 5     0.260     0.599    -0.757
 6   142.133    12.695     1.905
 6     0.879     0.432     0.198
 6    -0.379     0.889    -0.257
 6    -0.288     0.151     0.946
 7   103.912   -16.182    -5.318
 7     0.355     0.563     0.746
 7    -0.440     0.805    -0.398
 7    -0.824    -0.187     0.534
 8   122.356   -30.162   -11.290
 8     0.532    -0.771    -0.350
 8    -0.252    -0.539     0.804
 8    -0.808    -0.340    -0.481
 9   122.481   -24.858   -40.405
 9     0.289     0.133     0.948
 9     0.134     0.975    -0.178
 9    -0.948     0.178     0.264
 2    96.574   -18.651    59.855
 2    -0.131    -0.991    -0.025
 2     0.989    -0.133     0.069
 2    -0.072    -0.016     0.997
 3   127.463    -2.830     1.130
 3     0.717    -0.556    -0.420
 3     0.285     0.784    -0.550
 3     0.635     0.275     0.721
 4   104.759     9.482    -7.836
 4     0.488    -0.696     0.527
 4     0.815     0.579     0.010
 4    -0.312     0.425     0.850
 5   120.181    20.909    13.874
 5     0.929     0.018     0.370
 5     0.233    -0.805    -0.545
 5     0.288     0.593    -0.752
 6   142.753    13.333     3.346
 6     0.902     0.404     0.152
 6    -0.361     0.898    -0.250
 6    -0.238     0.171     0.956
 7   104.522   -16.447    -5.323
 7     0.390     0.575     0.719
 7    -0.450     0.800    -0.396
 7    -0.804    -0.169     0.570
 8   123.908   -30.688    -9.549
 8     0.591    -0.740    -0.322
 8    -0.256    -0.550     0.795
 8    -0.765    -0.388    -0.515
 9   126.029   -25.555   -38.182
 9     0.359     0.112     0.926
 9     0.134     0.976    -0.170
 9    -0.923     0.185     0.336
 2    96.574   -18.651    59.855
 2    -0.131    -0.991    -0.025
 2     0.989    -0.133     0.069
 2    -0.072    -0.016     0.997
 3   127.685    -2.758     1.611
 3     0.700    -0.569    -0.432
 3     0.296     0.781    -0.550
 3     0.650     0.257     0.715
 4   105.193     9.774    -7.767
 4     0.491    -0.704     0.513
 4     0.818     0.575     0.005
 4    -0.299     0.417     0.858
 5   119.949    20.995    14.364
 5     0.917     0.012     0.397
 5     0.239    -0.815    -0.527
 5     0.317     0.579    -0.751
 6   143.121    13.857     4.742
 6     0.917     0.381     0.112
 6    -0.344     0.903    -0.258
 6    -0.199     0.198     0.959
 7   105.242   -16.650    -5.404
 7     0.424     0.587     0.689
 7    -0.468     0.794    -0.388
 7    -0.775    -0.158     0.612
 8   125.769   -30.644    -7.058
 8     0.656    -0.679    -0.329
 8    -0.265    -0.616     0.742
 8    -0.706    -0.400    -0.584
 9   129.666   -26.765   -35.295
 9     0.430     0.068     0.900
 9     0.120     0.984    -0.132
 9    -0.895     0.164     0.415
 2    96.574   -18.651    59.855
 2    -0.131    -0.991    -0.025
 2     0.989    -0.133     0.069
 2    -0.072    -0.016     0.997
 3   127.989    -2.483     1.955
 3     0.681    -0.580    -0.446
 3     0.301     0.778    -0.551
 3     0.667     0.241     0.705
 4   105.656    10.091    -7.674
 4     0.500    -0.708     0.499
 4     0.818     0.575    -0.003
 4    -0.285     0.410     0.866
 5   119.841    21.205    14.706
 5     0.907     0.005     0.421
 5     0.242    -0.825    -0.511
 5     0.345     0.565    -0.749
 6   143.765    14.312     6.374
 6     0.932     0.355     0.067
 6    -0.329     0.910    -0.252
 6    -0.151     0.212     0.965
 7   105.885   -17.141    -5.335
 7     0.465     0.605     0.646
 7    -0.501     0.782    -0.371
 7    -0.730    -0.151     0.666
 8   127.207   -31.155    -3.635
 8     0.728    -0.618    -0.295
 8    -0.279    -0.661     0.697
 8    -0.626    -0.426    -0.654
 9   133.771   -28.110   -30.736
 9     0.517     0.012     0.855
 9     0.118     0.989    -0.086
 9    -0.847     0.146     0.510
 2    96.574   -18.651    59.804
 2    -0.131    -0.991    -0.025
 2     0.988    -0.133     0.069
 2    -0.072    -0.016     0.997
 3   128.175    -2.467     2.219
 3     0.667    -0.590    -0.455
 3     0.307     0.774    -0.553
 3     0.678     0.229     0.698
 4   106.142    10.277    -7.599
 4     0.512    -0.709     0.485
 4     0.814     0.580    -0.012
 4    -0.273     0.402     0.874
 5   119.606    21.197    15.173
 5     0.891    -0.004     0.454
 5     0.247    -0.836    -0.490
 5     0.381     0.549    -0.743
 6   144.424    14.805     8.629
 6     0.949     0.314    -0.011
 6    -0.308     0.924    -0.227
 6    -0.062     0.219     0.974
 7   106.822   -17.751    -5.222
 7     0.521     0.610     0.597
 7    -0.543     0.777    -0.320
 7    -0.659    -0.157     0.736
 8   128.937   -30.719     1.163
 8     0.809    -0.523    -0.268
 8    -0.277    -0.741     0.611
 8    -0.518    -0.421    -0.745
 9   138.903   -29.527   -24.241
 9     0.639    -0.059     0.767
 9     0.075     0.997     0.014
 9    -0.765     0.048     0.642
 2    96.623   -18.650    59.855
 2    -0.132    -0.991    -0.025
 2     0.988    -0.133     0.069
 2    -0.072    -0.015     0.997
 3   128.571    -2.522     2.395
 3     0.649    -0.601    -0.466
 3     0.315     0.771    -0.554
 3     0.692     0.212     0.690
 4   106.885    10.466    -7.609
 4     0.525    -0.710     0.469
 4     0.811     0.585    -0.022
 4    -0.258     0.392     0.883
 5   119.578    21.243    15.686
 5     0.872    -0.011     0.489
 5     0.253    -0.845    -0.471
 5     0.419     0.535    -0.734
 6   145.439    15.334    11.278
 6     0.958     0.268    -0.102
 6    -0.284     0.938    -0.200
 6     0.041     0.220     0.974
 7   108.243   -18.317    -5.014
 7     0.597     0.598     0.535
 7    -0.583     0.781    -0.223
 7    -0.551    -0.179     0.815
 8   130.331   -29.938     6.161
 8     0.872    -0.434    -0.224
 8    -0.269    -0.809     0.523
 8    -0.408    -0.396    -0.822
 9   144.196   -30.373   -15.751
 9     0.790    -0.062     0.609
 9     0.021     0.997     0.074
 9    -0.612    -0.046     0.789
 2    96.623   -18.650    59.855
 2    -0.132    -0.991    -0.025
 2     0.989    -0.133     0.069
 2    -0.072    -0.015     0.997
 3   129.204    -2.367     2.970
 3     0.623    -0.614    -0.484
 3     0.329     0.768    -0.550
 3     0.709     0.183     0.680
 4   107.949    10.837    -7.609
 4     0.546    -0.711     0.443
 4     0.804     0.593    -0.038
 4    -0.236     0.377     0.895
 5   119.543    21.257    16.270
 5     0.843    -0.023     0.536
 5     0.257    -0.860    -0.441
 5     0.472     0.510    -0.719
 6   145.957    15.597    14.695
 6     0.949     0.224    -0.220
 6    -0.266     0.946    -0.183
 6     0.167     0.232     0.958
 7   109.643   -18.900    -4.805
 7     0.658     0.597     0.459
 7    -0.610     0.780    -0.140
 7    -0.442    -0.188     0.877
 8   130.887   -28.774    11.796
 8     0.933    -0.330    -0.140
