% Calibrated with leiden_pols
% Positions are in centimeters
Data =[
 2    96.623   -18.650    59.855
 2    -0.132    -0.991    -0.024
 2     0.988    -0.133     0.069
 2    -0.072    -0.015     0.997
 3   131.447    -1.804     4.150
 3     0.579    -0.620    -0.529
 3     0.284     0.762    -0.582
 3     0.764     0.186     0.617
 4   112.271    14.448    -5.026
 4     0.645    -0.710     0.282
 4     0.764     0.586    -0.271
 4     0.028     0.390     0.920
 5   114.819    22.932    20.623
 5     0.514    -0.037     0.857
 5     0.352    -0.902    -0.250
 5     0.782     0.430    -0.450
 6   136.638    24.935    40.018
 6     0.370    -0.113    -0.922
 6     0.038     0.993    -0.106
 6     0.928     0.003     0.372
 7   114.739   -20.969    -2.839
 7     0.782     0.570     0.251
 7    -0.610     0.782     0.121
 7    -0.127    -0.248     0.960
 8   121.029   -26.242    24.766
 8     0.660     0.029     0.751
 8    -0.178    -0.965     0.194
 8     0.730    -0.261    -0.631
 9   141.413   -26.934    37.193
 9     0.665     0.162    -0.729
 9     0.112     0.943     0.312
 9     0.738    -0.289     0.609
 2    96.623   -18.651    59.855
 2    -0.131    -0.991    -0.024
 2     0.989    -0.133     0.068
 2    -0.072    -0.015     0.997
 3   131.396    -1.803     4.150
 3     0.578    -0.621    -0.529
 3     0.285     0.761    -0.583
 3     0.764     0.186     0.617
 4   112.218    14.447    -5.023
 4     0.643    -0.712     0.282
 4     0.765     0.585    -0.270
 4     0.027     0.389     0.921
 5   114.711    22.928    20.707
 5     0.518    -0.039     0.854
 5     0.350    -0.902    -0.253
 5     0.780     0.430    -0.454
 6   136.678    24.957    40.074
 6     0.374    -0.119    -0.920
 6     0.037     0.993    -0.114
 6     0.927     0.008     0.375
 7   114.738   -20.970    -2.784
 7     0.781     0.570     0.252
 7    -0.611     0.782     0.122
 7    -0.128    -0.249     0.960
 8   121.029   -26.242    24.766
 8     0.659     0.029     0.751
 8    -0.178    -0.965     0.194
 8     0.730    -0.261    -0.631
 9   141.362   -26.935    37.244
 9     0.665     0.160    -0.729
 9     0.112     0.944     0.309
 9     0.738    -0.288     0.610
 2    96.573   -18.651    59.855
 2    -0.132    -0.991    -0.025
 2     0.989    -0.133     0.069
 2    -0.072    -0.015     0.997
 3   131.375    -1.803     4.145
 3     0.577    -0.622    -0.530
 3     0.284     0.761    -0.583
 3     0.765     0.186     0.616
 4   112.167    14.370    -4.968
 4     0.644    -0.712     0.281
 4     0.765     0.586    -0.268
 4     0.026     0.387     0.921
 5   114.758    22.924    20.714
 5     0.522    -0.044     0.852
 5     0.348    -0.901    -0.260
 5     0.779     0.432    -0.455
 6   136.628    24.931    39.997
 6     0.374    -0.118    -0.920
 6     0.036     0.993    -0.113
 6     0.927     0.009     0.375
 7   114.638   -20.970    -2.784
 7     0.781     0.571     0.252
 7    -0.611     0.782     0.122
 7    -0.128    -0.250     0.960
 8   120.979   -26.293    24.863
 8     0.659     0.033     0.751
 8    -0.177    -0.964     0.198
 8     0.731    -0.264    -0.630
 9   141.357   -26.936    37.196
 9     0.666     0.156    -0.729
 9     0.112     0.945     0.305
 9     0.737    -0.285     0.612
 2    96.623   -18.650    59.855
 2    -0.132    -0.991    -0.025
 2     0.988    -0.133     0.069
 2    -0.072    -0.015     0.997
 3   131.333    -1.799     4.213
 3     0.574    -0.623    -0.531
 3     0.285     0.760    -0.584
 3     0.767     0.183     0.614
 4   112.219    14.447    -4.970
 4     0.643    -0.713     0.279
 4     0.765     0.585    -0.268
 4     0.027     0.386     0.922
 5   114.713    22.974    20.813
 5     0.521    -0.050     0.852
 5     0.345    -0.901    -0.264
 5     0.780     0.432    -0.452
 6   136.585    24.881    40.116
 6     0.369    -0.117    -0.922
 6     0.034     0.993    -0.112
 6     0.928     0.009     0.371
 7   114.690   -20.969    -2.787
 7     0.781     0.571     0.251
 7    -0.611     0.782     0.121
 7    -0.127    -0.248     0.960
 8   120.928   -26.294    24.914
 8     0.658     0.035     0.752
 8    -0.177    -0.964     0.200
 8     0.731    -0.265    -0.628
 9   141.331   -26.885    37.246
 9     0.666     0.155    -0.729
 9     0.113     0.946     0.303
 9     0.737    -0.285     0.613
 2    96.623   -18.650    59.855
 2    -0.132    -0.991    -0.025
 2     0.988    -0.133     0.069
 2    -0.072    -0.015     0.997
 3   131.244    -1.770     4.301
 3     0.570    -0.625    -0.534
 3     0.285     0.760    -0.584
 3     0.770     0.181     0.611
 4   112.179    14.502    -4.929
 4     0.642    -0.716     0.275
 4     0.766     0.584    -0.268
 4     0.031     0.382     0.923
 5   114.722    22.975    20.856
 5     0.521    -0.057     0.852
 5     0.342    -0.900    -0.269
 5     0.782     0.431    -0.450
 6   136.600    24.784    40.177
 6     0.366    -0.114    -0.923
 6     0.035     0.993    -0.109
 6     0.930     0.007     0.368
 7   114.695   -20.916    -2.746
 7     0.781     0.572     0.247
 7    -0.611     0.782     0.121
 7    -0.124    -0.246     0.961
 8   120.931   -26.243    24.935
 8     0.657     0.035     0.752
 8    -0.178    -0.963     0.200
 8     0.732    -0.266    -0.627
 9   141.327   -26.835    37.301
 9     0.667     0.153    -0.729
 9     0.114     0.946     0.303
 9     0.736    -0.285     0.613
 2    96.623   -18.650    59.855
 2    -0.132    -0.991    -0.025
 2     0.989    -0.133     0.069
 2    -0.072    -0.015     0.997
 3   131.248    -1.718     4.347
 3     0.569    -0.625    -0.534
 3     0.286     0.759    -0.584
 3     0.771     0.180     0.611
 4   112.231    14.553    -4.906
 4     0.642    -0.716     0.274
 4     0.766     0.584    -0.268
 4     0.032     0.382     0.923
 5   114.672    22.975    20.857
 5     0.520    -0.057     0.852
 5     0.342    -0.900    -0.269
 5     0.782     0.431    -0.449
 6   136.481    24.888    40.347
 6     0.361    -0.114    -0.925
 6     0.036     0.993    -0.108
 6     0.931     0.005     0.363
 7   114.697   -20.864    -2.724
 7     0.782     0.572     0.245
 7    -0.610     0.783     0.121
 7    -0.123    -0.245     0.962
 8   120.859   -26.243    24.981
 8     0.656     0.034     0.754
 8    -0.179    -0.963     0.199
 8     0.733    -0.266    -0.626
 9   141.324   -26.836    37.331
 9     0.668     0.152    -0.729
 9     0.114     0.946     0.302
 9     0.735    -0.285     0.614
 2    96.624   -18.651    59.804
 2    -0.131    -0.991    -0.024
 2     0.989    -0.133     0.069
 2    -0.072    -0.015     0.997
 3   131.248    -1.718     4.398
 3     0.569    -0.625    -0.534
 3     0.285     0.760    -0.584
 3     0.771     0.180     0.611
 4   112.234    14.554    -4.858
 4     0.643    -0.715     0.273
 4     0.765     0.585    -0.270
 4     0.033     0.382     0.923
 5   114.680    22.979    20.875
 5     0.517    -0.056     0.854
 5     0.344    -0.900    -0.267
 5     0.784     0.432    -0.446
 6   136.431    24.837    40.322
 6     0.361    -0.114    -0.925
 6     0.036     0.993    -0.108
 6     0.931     0.005     0.363
 7   114.653   -20.837    -2.631
 7     0.782     0.574     0.242
 7    -0.612     0.782     0.121
 7    -0.120    -0.243     0.963
 8   120.851   -26.297    25.042
 8     0.658     0.035     0.752
 8    -0.181    -0.962     0.204
 8     0.731    -0.270    -0.627
 9   141.319   -26.837    37.310
 9     0.669     0.149    -0.728
 9     0.115     0.947     0.300
 9     0.734    -0.285     0.616
 2    96.623   -18.650    59.855
 2    -0.132    -0.991    -0.025
 2     0.989    -0.133     0.069
 2    -0.072    -0.015     0.997
 3   131.219    -1.719     4.429
 3     0.571    -0.624    -0.534
 3     0.286     0.760    -0.583
 3     0.770     0.180     0.612
 4   112.289    14.580    -4.762
 4     0.646    -0.713     0.273
 4     0.763     0.586    -0.273
 4     0.035     0.384     0.922
 5   114.969    23.084    20.981
 5     0.531    -0.072     0.844
 5     0.344    -0.892    -0.292
 5     0.774     0.446    -0.450
