% Calibrated with leiden_pols
% Positions are in centimeters
Data =[
 2    96.623   -18.650    59.855
 2    -0.132    -0.991    -0.024
 2     0.988    -0.133     0.069
 2    -0.072    -0.015     0.997
 3   131.447    -1.804     4.150
 3     0.579    -0.620    -0.529
 3     0.284     0.762    -0.582
 3     0.764     0.186     0.617
 4   112.271    14.448    -5.026
 4     0.645    -0.710     0.282
 4     0.764     0.586    -0.271
 4     0.028     0.390     0.920
 5   114.819    22.932    20.623
 5     0.514    -0.037     0.857
 5     0.352    -0.902    -0.250
 5     0.782     0.430    -0.450
 6   136.638    24.935    40.018
 6     0.370    -0.113    -0.922
 6     0.038     0.993    -0.106
 6     0.928     0.003     0.372
 7   114.739   -20.969    -2.839
 7     0.782     0.570     0.251
 7    -0.610     0.782     0.121
 7    -0.127    -0.248     0.960
 8   121.029   -26.242    24.766
 8     0.660     0.029     0.751
 8    -0.178    -0.965     0.194
 8     0.730    -0.261    -0.631
 9   141.413   -26.934    37.193
 9     0.665     0.162    -0.729
 9     0.112     0.943     0.312
 9     0.738    -0.289     0.609
 2    96.623   -18.651    59.855
 2    -0.131    -0.991    -0.024
 2     0.989    -0.133     0.068
 2    -0.072    -0.015     0.997
 3   131.396    -1.803     4.150
 3     0.578    -0.621    -0.529
 3     0.285     0.761    -0.583
 3     0.764     0.186     0.617
 4   112.218    14.447    -5.023
 4     0.643    -0.712     0.282
 4     0.765     0.585    -0.270
 4     0.027     0.389     0.921
 5   114.711    22.928    20.707
 5     0.518    -0.039     0.854
 5     0.350    -0.902    -0.253
 5     0.780     0.430    -0.454
 6   136.678    24.957    40.074
 6     0.374    -0.119    -0.920
 6     0.037     0.993    -0.114
 6     0.927     0.008     0.375
 7   114.738   -20.970    -2.784
 7     0.781     0.570     0.252
 7    -0.611     0.782     0.122
 7    -0.128    -0.249     0.960
 8   121.029   -26.242    24.766
 8     0.659     0.029     0.751
 8    -0.178    -0.965     0.194
 8     0.730    -0.261    -0.631
 9   141.362   -26.935    37.244
 9     0.665     0.160    -0.729
 9     0.112     0.944     0.309
 9     0.738    -0.288     0.610
 2    96.573   -18.651    59.855
 2    -0.132    -0.991    -0.025
 2     0.989    -0.133     0.069
 2    -0.072    -0.015     0.997
 3   131.375    -1.803     4.145
 3     0.577    -0.622    -0.530
 3     0.284     0.761    -0.583
 3     0.765     0.186     0.616
 4   112.167    14.370    -4.968
 4     0.644    -0.712     0.281
 4     0.765     0.586    -0.268
 4     0.026     0.387     0.921
 5   114.758    22.924    20.714
 5     0.522    -0.044     0.852
 5     0.348    -0.901    -0.260
 5     0.779     0.432    -0.455
 6   136.628    24.931    39.997
 6     0.374    -0.118    -0.920
 6     0.036     0.993    -0.113
 6     0.927     0.009     0.375
 7   114.638   -20.970    -2.784
 7     0.781     0.571     0.252
 7    -0.611     0.782     0.122
 7    -0.128    -0.250     0.960
 8   120.979   -26.293    24.863
 8     0.659     0.033     0.751
 8    -0.177    -0.964     0.198
 8     0.731    -0.264    -0.630
 9   141.357   -26.936    37.196
 9     0.666     0.156    -0.729
 9     0.112     0.945     0.305
 9     0.737    -0.285     0.612
 2    96.623   -18.650    59.855
 2    -0.132    -0.991    -0.025
 2     0.988    -0.133     0.069
 2    -0.072    -0.015     0.997
 3   131.333    -1.799     4.213
 3     0.574    -0.623    -0.531
 3     0.285     0.760    -0.584
 3     0.767     0.183     0.614
 4   112.219    14.447    -4.970
 4     0.643    -0.713     0.279
 4     0.765     0.585    -0.268
 4     0.027     0.386     0.922
 5   114.713    22.974    20.813
 5     0.521    -0.050     0.852
 5     0.345    -0.901    -0.264
 5     0.780     0.432    -0.452
 6   136.585    24.881    40.116
 6     0.369    -0.117    -0.922
 6     0.034     0.993    -0.112
 6     0.928     0.009     0.371
 7   114.690   -20.969    -2.787
 7     0.781     0.571     0.251
 7    -0.611     0.782     0.121
 7    -0.127    -0.248     0.960
 8   120.928   -26.294    24.914
 8     0.658     0.035     0.752
 8    -0.177    -0.964     0.200
 8     0.731    -0.265    -0.628
 9   141.331   -26.885    37.246
 9     0.666     0.155    -0.729
 9     0.113     0.946     0.303
 9     0.737    -0.285     0.613
 2    96.623   -18.650    59.855
 2    -0.132    -0.991    -0.025
 2     0.988    -0.133     0.069
 2    -0.072    -0.015     0.997
 3   131.244    -1.770     4.301
 3     0.570    -0.625    -0.534
 3     0.285     0.760    -0.584
 3     0.770     0.181     0.611
 4   112.179    14.502    -4.929
 4     0.642    -0.716     0.275
 4     0.766     0.584    -0.268
 4     0.031     0.382     0.923
 5   114.722    22.975    20.856
 5     0.521    -0.057     0.852
 5     0.342    -0.900    -0.269
 5     0.782     0.431    -0.450
 6   136.600    24.784    40.177
 6     0.366    -0.114    -0.923
 6     0.035     0.993    -0.109
 6     0.930     0.007     0.368
 7   114.695   -20.916    -2.746
 7     0.781     0.572     0.247
 7    -0.611     0.782     0.121
 7    -0.124    -0.246     0.961
 8   120.931   -26.243    24.935
 8     0.657     0.035     0.752
 8    -0.178    -0.963     0.200
 8     0.732    -0.266    -0.627
 9   141.327   -26.835    37.301
 9     0.667     0.153    -0.729
 9     0.114     0.946     0.303
 9     0.736    -0.285     0.613
 2    96.623   -18.650    59.855
 2    -0.132    -0.991    -0.025
 2     0.989    -0.133     0.069
 2    -0.072    -0.015     0.997
 3   131.248    -1.718     4.347
 3     0.569    -0.625    -0.534
 3     0.286     0.759    -0.584
 3     0.771     0.180     0.611
 4   112.231    14.553    -4.906
 4     0.642    -0.716     0.274
 4     0.766     0.584    -0.268
 4     0.032     0.382     0.923
 5   114.672    22.975    20.857
 5     0.520    -0.057     0.852
 5     0.342    -0.900    -0.269
 5     0.782     0.431    -0.449
 6   136.481    24.888    40.347
 6     0.361    -0.114    -0.925
 6     0.036     0.993    -0.108
 6     0.931     0.005     0.363
 7   114.697   -20.864    -2.724
 7     0.782     0.572     0.245
 7    -0.610     0.783     0.121
 7    -0.123    -0.245     0.962
 8   120.859   -26.243    24.981
 8     0.656     0.034     0.754
 8    -0.179    -0.963     0.199
 8     0.733    -0.266    -0.626
 9   141.324   -26.836    37.331
 9     0.668     0.152    -0.729
 9     0.114     0.946     0.302
 9     0.735    -0.285     0.614
 2    96.624   -18.651    59.804
 2    -0.131    -0.991    -0.024
 2     0.989    -0.133     0.069
 2    -0.072    -0.015     0.997
 3   131.248    -1.718     4.398
 3     0.569    -0.625    -0.534
 3     0.285     0.760    -0.584
 3     0.771     0.180     0.611
 4   112.234    14.554    -4.858
 4     0.643    -0.715     0.273
 4     0.765     0.585    -0.270
 4     0.033     0.382     0.923
 5   114.680    22.979    20.875
 5     0.517    -0.056     0.854
 5     0.344    -0.900    -0.267
 5     0.784     0.432    -0.446
 6   136.431    24.837    40.322
 6     0.361    -0.114    -0.925
 6     0.036     0.993    -0.108
 6     0.931     0.005     0.363
 7   114.653   -20.837    -2.631
 7     0.782     0.574     0.242
 7    -0.612     0.782     0.121
 7    -0.120    -0.243     0.963
 8   120.851   -26.297    25.042
 8     0.658     0.035     0.752
 8    -0.181    -0.962     0.204
 8     0.731    -0.270    -0.627
 9   141.319   -26.837    37.310
 9     0.669     0.149    -0.728
 9     0.115     0.947     0.300
 9     0.734    -0.285     0.616
 2    96.623   -18.650    59.855
 2    -0.132    -0.991    -0.025
 2     0.989    -0.133     0.069
 2    -0.072    -0.015     0.997
 3   131.219    -1.719     4.429
 3     0.571    -0.624    -0.534
 3     0.286     0.760    -0.583
 3     0.770     0.180     0.612
 4   112.289    14.580    -4.762
 4     0.646    -0.713     0.273
 4     0.763     0.586    -0.273
 4     0.035     0.384     0.922
 5   114.969    23.084    20.981
 5     0.531    -0.072     0.844
 5     0.344    -0.892    -0.292
 5     0.774     0.446    -0.450
 6   137.221    25.093    39.904
 6     0.392    -0.131    -0.911
 6     0.034     0.991    -0.129
 6     0.919     0.019     0.392
 7   114.534   -20.734    -2.589
 7     0.781     0.576     0.240
 7    -0.613     0.781     0.121
 7    -0.117    -0.242     0.963
 8   121.548   -26.433    25.259
 8     0.711     0.069     0.699
 8    -0.169    -0.949     0.266
 8     0.682    -0.308    -0.663
 9   142.249   -27.036    36.293
 9     0.690     0.129    -0.712
 9     0.110     0.954     0.279
 9     0.715    -0.271     0.644
 2    96.623   -18.650    59.855
 2    -0.132    -0.991    -0.025
 2     0.988    -0.133     0.069
 2    -0.072    -0.016     0.997
 3   131.221    -1.669     4.430
 3     0.570    -0.621    -0.537
 3     0.285     0.763    -0.580
 3     0.770     0.177     0.612
 4   112.222    14.661    -4.868
 4     0.638    -0.711     0.295
 4     0.770     0.585    -0.254
 4     0.008     0.389     0.921
 5   116.255    23.479    20.853
 5     0.595    -0.111     0.796
 5     0.340    -0.863    -0.374
 5     0.728     0.494    -0.476
 6   140.016    25.194    37.458
 6     0.487    -0.130    -0.863
 6     0.027     0.990    -0.134
 6     0.872     0.041     0.486
 7   114.307   -20.456    -2.737
 7     0.773     0.577     0.262
 7    -0.617     0.779     0.107
 7    -0.143    -0.245     0.959
 8   123.351   -26.999    25.047
 8     0.808     0.031     0.587
 8    -0.185    -0.935     0.303
 8     0.559    -0.354    -0.750
 9   145.436   -27.917    32.303
 9     0.792     0.102    -0.602
 9     0.076     0.961     0.264
 9     0.605    -0.255     0.754
 2    96.624   -18.651    59.855
 2    -0.131    -0.991    -0.025
 2     0.989    -0.133     0.069
 2    -0.072    -0.016     0.997
 3   131.185    -1.588     4.472
 3     0.564    -0.620    -0.546
 3     0.289     0.767    -0.573
 3     0.773     0.165     0.612
 4   111.962    14.581    -5.126
 4     0.632    -0.705     0.321
 4     0.774     0.590    -0.229
 4    -0.028     0.393     0.919
 5   117.645    23.713    20.458
 5     0.666    -0.132     0.734
 5     0.322    -0.837    -0.443
 5     0.672     0.531    -0.515
 6   142.446    25.174    34.693
 6     0.575    -0.135    -0.807
 6     0.026     0.989    -0.146
 6     0.817     0.062     0.572
 7   114.026   -20.152    -2.963
 7     0.767     0.576     0.281
 7    -0.619     0.780     0.089
 7    -0.169    -0.243     0.955
 8   125.159   -27.547    24.025
 8     0.884    -0.024     0.465
 8    -0.203    -0.919     0.338
 8     0.420    -0.394    -0.818
 9   147.529   -28.492    27.542
 9     0.878     0.058    -0.476
 9     0.066     0.968     0.240
 9     0.474    -0.242     0.846
 2    96.624   -18.651    59.855
 2    -0.131    -0.991    -0.025
 2     0.989    -0.133     0.069
 2    -0.072    -0.016     0.997
 3   131.040    -1.575     4.175
 3     0.550    -0.618    -0.562
 3     0.301     0.774    -0.556
 3     0.779     0.137     0.612
 4   111.192    14.003    -5.823
 4     0.605    -0.711     0.357
 4     0.791     0.587    -0.171
 4    -0.089     0.386     0.918
 5   118.519    23.479    19.580
 5     0.726    -0.081     0.683
 5     0.331    -0.829    -0.450
 5     0.603     0.553    -0.575
 6   144.679    25.421    30.239
 6     0.694    -0.145    -0.705
 6     0.027     0.984    -0.176
 6     0.719     0.102     0.687
 7   113.789   -19.765    -3.351
 7     0.761     0.566     0.315
 7    -0.611     0.790     0.054
 7    -0.219    -0.234     0.947
 8   126.961   -28.591    22.384
 8     0.936    -0.083     0.342
 8    -0.225    -0.888     0.401
 8     0.271    -0.452    -0.850
 9   149.680   -29.080    20.522
 9     0.956    -0.034    -0.290
 9     0.084     0.983     0.161
 9     0.279    -0.178     0.943
 2    96.623   -18.650    59.855
 2    -0.132    -0.991    -0.025
 2     0.988    -0.133     0.069
 2    -0.072    -0.016     0.997
 3   130.861    -1.417     4.170
 3     0.541    -0.619    -0.569
 3     0.321     0.778    -0.540
 3     0.777     0.109     0.620
 4   110.379    13.258    -6.407
 4     0.577    -0.720     0.385
 4     0.805     0.580    -0.122
 4    -0.136     0.380     0.914
 5   118.847    23.514    18.868
 5     0.766    -0.024     0.642
 5     0.349    -0.823    -0.447
 5     0.540     0.567    -0.622
 6   145.788    25.166    25.582
 6     0.823    -0.123    -0.554
 6     0.011     0.979    -0.201
 6     0.567     0.159     0.808
 7   113.180   -19.526    -3.873
 7     0.747     0.552     0.369
 7    -0.597     0.802     0.009
 7    -0.291    -0.227     0.929
 8   129.024   -30.221    19.004
 8     0.963    -0.187     0.191
 8    -0.256    -0.849     0.462
 8     0.076    -0.494    -0.866
 9   150.578   -29.980    11.550
 9     0.994    -0.089    -0.054
 9     0.093     0.992     0.085
 9     0.046    -0.090     0.995
 2    96.623   -18.650    59.855
 2    -0.132    -0.991    -0.025
 2     0.988    -0.133     0.069
 2    -0.072    -0.016     0.997
 3   130.556    -1.599     3.864
 3     0.541    -0.619    -0.570
 3     0.341     0.780    -0.524
 3     0.768     0.089     0.633
 4   109.437    12.364    -7.000
 4     0.543    -0.728     0.418
 4     0.820     0.568    -0.076
 4    -0.182     0.384     0.905
 5   119.049    23.130    17.925
 5     0.799     0.013     0.600
 5     0.348    -0.825    -0.446
 5     0.489     0.565    -0.664
 6   146.417    23.807    19.696
 6     0.932    -0.054    -0.359
 6    -0.029     0.975    -0.222
 6     0.362     0.217     0.906
 7   112.403   -19.155    -4.385
 7     0.724     0.534     0.437
 7    -0.575     0.817    -0.046
 7    -0.381    -0.218     0.898
 8   130.767   -31.243    14.771
 8     0.959    -0.281     0.032
 8    -0.256    -0.812     0.525
 8    -0.122    -0.512    -0.851
 9   150.285   -30.112     1.355
 9     0.971    -0.121     0.205
 9     0.120     0.992     0.017
 9    -0.206     0.007     0.978
 2    96.573   -18.651    59.855
 2    -0.132    -0.991    -0.025
 2     0.988    -0.133     0.069
 2    -0.072    -0.016     0.997
 3   130.235    -1.486     3.259
 3     0.551    -0.631    -0.547
 3     0.365     0.771    -0.522
 3     0.750     0.087     0.655
 4   108.334    11.618    -7.458
 4     0.506    -0.734     0.454
 4     0.831     0.555    -0.030
 4    -0.231     0.392     0.890
 5   119.767    22.732    16.619
 5     0.848     0.039     0.528
 5     0.334    -0.813    -0.477
 5     0.411     0.581    -0.703
 6   146.519    22.493    13.849
 6     0.983     0.031    -0.181
 6    -0.070     0.975    -0.209
 6     0.170     0.218     0.961
 7   111.319   -18.716    -4.868
 7     0.691     0.524     0.498
 7    -0.550     0.828    -0.109
 7    -0.470    -0.198     0.860
 8   131.789   -31.587    10.239
 8     0.924    -0.367    -0.102
 8    -0.251    -0.788     0.562
 8    -0.287    -0.494    -0.821
 9   148.088   -29.209    -8.446
 9     0.888    -0.120     0.444
 9     0.144     0.989    -0.021
 9    -0.437     0.083     0.896
 2    96.573   -18.651    59.855
 2    -0.132    -0.991    -0.025
 2     0.989    -0.133     0.069
 2    -0.072    -0.016     0.997
 3   129.835    -1.556     2.632
 3     0.566    -0.637    -0.523
 3     0.382     0.765    -0.519
 3     0.730     0.093     0.676
 4   107.290    10.793    -7.946
 4     0.480    -0.729     0.487
 4     0.832     0.555     0.010
 4    -0.278     0.400     0.873
 5   120.520    22.520    15.028
 5     0.883     0.090     0.460
 5     0.335    -0.807    -0.486
 5     0.327     0.583    -0.743
 6   145.842    21.234     7.876
 6     0.992     0.121     0.014
 6    -0.115     0.966    -0.229
 6    -0.042     0.226     0.973
 7   110.233   -18.185    -5.063
 7     0.642     0.532     0.551
 7    -0.527     0.829    -0.186
 7    -0.556    -0.171     0.813
 8   131.773   -31.270     5.844
 8     0.884    -0.424    -0.196
 8    -0.239    -0.770     0.592
 8    -0.402    -0.477    -0.782
 9   144.680   -27.923   -16.924
 9     0.772    -0.095     0.629
 9     0.170     0.983    -0.061
 9    -0.613     0.153     0.775
 2    96.573   -18.651    59.855
 2    -0.131    -0.991    -0.025
 2     0.988    -0.133     0.069
 2    -0.072    -0.016     0.997
 3   129.506    -1.708     2.059
 3     0.588    -0.636    -0.499
 3     0.391     0.764    -0.514
 3     0.708     0.107     0.698
 4   106.353    10.321    -8.075
 4     0.456    -0.731     0.507
 4     0.838     0.544     0.031
 4    -0.299     0.411     0.861
 5   120.440    22.427    14.327
 5     0.898     0.114     0.423
 5     0.333    -0.806    -0.490
 5     0.286     0.581    -0.762
 6   143.944    19.439     4.400
 6     0.961     0.234     0.144
 6    -0.183     0.936    -0.301
 6    -0.205     0.263     0.943
 7   108.992   -17.900    -5.130
 7     0.579     0.539     0.611
 7    -0.492     0.829    -0.265
 7    -0.650    -0.147     0.746
 8   131.040   -30.942     1.168
 8     0.829    -0.490    -0.269
 8    -0.225    -0.733     0.642
 8    -0.512    -0.472    -0.718
 9   140.632   -26.563   -24.190
 9     0.647    -0.042     0.761
 9     0.185     0.977    -0.104
 9    -0.740     0.208     0.640
 2    96.623   -18.651    59.855
 2    -0.131    -0.991    -0.025
 2     0.989    -0.133     0.069
 2    -0.072    -0.015     0.997
 3   128.875    -1.692     1.459
 3     0.617    -0.638    -0.460
 3     0.399     0.758    -0.516
 3     0.678     0.134     0.722
 4   105.388    10.008    -7.976
 4     0.443    -0.725     0.528
 4     0.841     0.540     0.035
 4    -0.311     0.428     0.848
 5   120.479    21.796    13.834
 5     0.920     0.095     0.380
 5     0.295    -0.807    -0.512
 5     0.257     0.583    -0.771
 6   143.124    16.736     2.066
 6     0.918     0.353     0.179
 6    -0.270     0.889    -0.370
 6    -0.290     0.292     0.911
 7   107.941   -17.602    -5.123
 7     0.530     0.539     0.654
 7    -0.465     0.830    -0.307
 7    -0.708    -0.142     0.691
 8   130.005   -30.231    -2.967
 8     0.763    -0.557    -0.328
 8    -0.216    -0.697     0.684
 8    -0.609    -0.451    -0.652
 9   136.372   -25.171   -30.179
 9     0.527     0.009     0.850
 9     0.195     0.972    -0.131
 9    -0.827     0.235     0.510
 2    96.623   -18.650    59.855
 2    -0.132    -0.991    -0.025
 2     0.988    -0.133     0.069
 2    -0.072    -0.016     0.997
 3   128.776    -1.867     1.284
 3     0.639    -0.628    -0.444
 3     0.389     0.762    -0.517
 3     0.663     0.157     0.732
 4   105.478     9.946    -8.029
 4     0.454    -0.716     0.530
 4     0.832     0.553     0.035
 4    -0.318     0.425     0.847
 5   121.039    21.539    13.458
 5     0.933     0.067     0.353
 5     0.263    -0.797    -0.544
 5     0.245     0.600    -0.761
 6   143.404    16.121     1.786
 6     0.913     0.363     0.185
 6    -0.282     0.891    -0.355
 6    -0.294     0.272     0.916
 7   107.088   -16.945    -5.191
 7     0.471     0.541     0.696
 7    -0.420     0.832    -0.362
 7    -0.776    -0.122     0.619
 8   127.897   -29.594    -7.462
 8     0.684    -0.648    -0.334
 8    -0.213    -0.615     0.759
 8    -0.697    -0.449    -0.559
 9   132.004   -23.564   -35.546
 9     0.443     0.098     0.891
 9     0.193     0.960    -0.202
 9    -0.875     0.262     0.406
 2    96.623   -18.650    59.855
 2    -0.132    -0.991    -0.025
 2     0.989    -0.133     0.069
 2    -0.072    -0.015     0.997
 3   128.711    -2.235     1.218
 3     0.658    -0.604    -0.451
 3     0.353     0.775    -0.523
 3     0.665     0.185     0.723
 4   105.619     9.716    -8.084
 4     0.469    -0.709     0.526
 4     0.825     0.564     0.026
 4    -0.315     0.422     0.850
 5   121.073    21.244    13.377
 5     0.931     0.054     0.359
 5     0.257    -0.797    -0.547
 5     0.257     0.602    -0.756
 6   143.864    15.066     2.527
 6     0.920     0.366     0.139
 6    -0.303     0.890    -0.342
 6    -0.249     0.272     0.929
 7   106.328   -16.433    -5.337
 7     0.421     0.536     0.731
 7    -0.396     0.834    -0.384
 7    -0.816    -0.128     0.564
 8   126.067   -29.205   -10.484
 8     0.611    -0.713    -0.343
 8    -0.214    -0.566     0.796
 8    -0.762    -0.414    -0.499
 9   128.123   -22.635   -39.178
 9     0.372     0.161     0.914
 9     0.176     0.954    -0.240
 9    -0.911     0.251     0.327
 2    96.623   -18.650    59.855
 2    -0.132    -0.991    -0.025
 2     0.988    -0.133     0.069
 2    -0.072    -0.016     0.997
 3   128.571    -2.152     1.081
 3     0.676    -0.594    -0.437
 3     0.342     0.777    -0.528
 3     0.653     0.207     0.728
 4   105.295     9.657    -8.112
 4     0.465    -0.706     0.535
 4     0.824     0.566     0.030
 4    -0.324     0.426     0.844
 5   121.118    21.240    13.264
 5     0.932     0.052     0.358
 5     0.258    -0.791    -0.554
 5     0.254     0.609    -0.751
 6   143.814    15.217     2.355
 6     0.919     0.367     0.142
 6    -0.304     0.891    -0.335
 6    -0.250     0.265     0.931
 7   105.585   -16.162    -5.234
 7     0.392     0.532     0.750
 7    -0.397     0.834    -0.384
 7    -0.830    -0.147     0.538
 8   124.899   -28.666   -11.542
 8     0.575    -0.735    -0.358
 8    -0.203    -0.552     0.808
 8    -0.792    -0.393    -0.467
 9   126.079   -22.033   -40.409
 9     0.342     0.171     0.924
 9     0.171     0.955    -0.241
 9    -0.924     0.241     0.298
 2    96.623   -18.650    59.855
 2    -0.132    -0.991    -0.025
 2     0.988    -0.133     0.069
 2    -0.072    -0.016     0.997
 3   128.069    -2.092     1.054
 3     0.690    -0.584    -0.428
 3     0.327     0.779    -0.535
 3     0.645     0.229     0.728
 4   104.657     9.654    -7.982
 4     0.460    -0.703     0.542
 4     0.825     0.564     0.030
 4    -0.327     0.434     0.839
 5   120.784    21.345    13.101
 5     0.936     0.070     0.345
 5     0.266    -0.785    -0.560
 5     0.231     0.615    -0.753
 6   143.485    15.435     1.803
 6     0.917     0.366     0.155
 6    -0.299     0.892    -0.340
 6    -0.262     0.265     0.927
 7   105.045   -15.996    -5.190
 7     0.383     0.521     0.762
 7    -0.391     0.839    -0.378
 7    -0.837    -0.153     0.525
 8   124.341   -28.247   -12.016
 8     0.568    -0.739    -0.363
 8    -0.195    -0.549     0.812
 8    -0.800    -0.391    -0.456
 9   125.330   -21.748   -41.001
 9     0.339     0.176     0.924
 9     0.157     0.958    -0.240
 9    -0.927     0.227     0.297
 2    96.623   -18.650    59.855
 2    -0.132    -0.991    -0.025
 2     0.989    -0.133     0.069
 2    -0.072    -0.015     0.997
 3   127.960    -2.052     1.104
 3     0.702    -0.573    -0.423
 3     0.304     0.778    -0.549
 3     0.643     0.256     0.721
 4   104.776     9.762    -7.827
 4     0.464    -0.701     0.540
 4     0.826     0.563     0.021
 4    -0.319     0.437     0.841
 5   120.542    21.344    13.561
 5     0.930     0.057     0.361
 5     0.262    -0.794    -0.548
 5     0.255     0.605    -0.754
 6   143.604    15.454     2.507
 6     0.923     0.359     0.136
 6    -0.299     0.894    -0.334
 6    -0.242     0.267     0.932
 7   104.947   -15.827    -5.340
 7     0.379     0.513     0.770
 7    -0.381     0.845    -0.375
 7    -0.843    -0.151     0.516
 8   124.101   -27.499   -12.553
 8     0.556    -0.739    -0.381
 8    -0.182    -0.555     0.811
 8    -0.811    -0.381    -0.443
 9   124.279   -21.146   -41.918
 9     0.314     0.147     0.938
 9     0.145     0.969    -0.200
 9    -0.938     0.199     0.283
 2    96.623   -18.650    59.855
 2    -0.132    -0.991    -0.025
 2     0.989    -0.133     0.069
 2    -0.072    -0.015     0.997
 3   128.015    -2.059     1.149
 3     0.709    -0.559    -0.429
 3     0.286     0.784    -0.550
 3     0.644     0.268     0.716
 4   105.045     9.893    -7.841
 4     0.473    -0.699     0.536
 4     0.823     0.567     0.013
 4    -0.313     0.435     0.844
 5   120.646    21.201    13.607
 5     0.929     0.048     0.367
 5     0.257    -0.797    -0.547
 5     0.266     0.603    -0.752
 6   143.753    15.298     3.155
 6     0.929     0.351     0.117
 6    -0.298     0.897    -0.327
 6    -0.220     0.268     0.938
 7   104.824   -15.438    -5.562
 7     0.366     0.505     0.781
 7    -0.374     0.849    -0.373
 7    -0.852    -0.156     0.500
 8   123.278   -26.903   -13.838
 8     0.517    -0.758    -0.399
 8    -0.178    -0.551     0.815
 8    -0.837    -0.350    -0.420
 9   122.378   -21.063   -43.235
 9     0.277     0.139     0.951
 9     0.133     0.974    -0.181
 9    -0.952     0.176     0.251
 2    96.623   -18.650    59.855
 2    -0.132    -0.991    -0.025
 2     0.988    -0.133     0.069
 2    -0.072    -0.015     0.997
 3   128.002    -1.966     1.060
 3     0.717    -0.552    -0.425
 3     0.275     0.785    -0.556
 3     0.640     0.281     0.715
 4   105.044     9.893    -7.867
 4     0.473    -0.699     0.536
 4     0.823     0.567     0.012
 4    -0.313     0.436     0.844
 5   120.643    21.251    13.609
 5     0.929     0.049     0.367
 5     0.258    -0.796    -0.548
 5     0.265     0.603    -0.752
 6   143.748    15.373     3.110
 6     0.929     0.350     0.120
 6    -0.296     0.898    -0.326
 6    -0.222     0.267     0.938
 7   104.358   -15.179    -5.494
 7     0.344     0.503     0.792
 7    -0.381     0.846    -0.372
 7    -0.858    -0.174     0.483
 8   122.261   -26.882   -14.301
 8     0.482    -0.772    -0.414
 8    -0.181    -0.551     0.814
 8    -0.857    -0.318    -0.406
 9   119.785   -21.180   -44.018
 9     0.222     0.100     0.970
 9     0.142     0.980    -0.135
 9    -0.964     0.168     0.203
 2    96.623   -18.651    59.855
 2    -0.131    -0.991    -0.025
 2     0.988    -0.133     0.069
 2    -0.072    -0.015     0.997
 3   127.704    -2.080     1.057
 3     0.728    -0.544    -0.418
 3     0.265     0.785    -0.560
 3     0.633     0.296     0.715
 4   104.795     9.893    -7.796
 4     0.473    -0.697     0.539
 4     0.824     0.566     0.009
 4    -0.312     0.440     0.842
 5   120.592    21.302    13.608
 5     0.929     0.050     0.367
 5     0.259    -0.797    -0.547
 5     0.265     0.602    -0.753
 6   143.646    15.321     3.062
 6     0.929     0.350     0.121
 6    -0.296     0.898    -0.326
 6    -0.223     0.267     0.937
 7   103.836   -15.120    -5.492
 7     0.327     0.505     0.799
 7    -0.385     0.843    -0.375
 7    -0.863    -0.185     0.470
 8   121.356   -27.059   -14.598
 8     0.458    -0.784    -0.418
 8    -0.185    -0.544     0.818
 8    -0.870    -0.298    -0.394
 9   117.728   -20.826   -44.625
 9     0.176     0.066     0.982
 9     0.166     0.981    -0.096
 9    -0.970     0.180     0.161
 2    96.623   -18.650    59.855
 2    -0.132    -0.991    -0.025
 2     0.988    -0.133     0.069
 2    -0.072    -0.016     0.997
 3   127.560    -2.166     0.924
 3     0.735    -0.536    -0.415
 3     0.256     0.786    -0.563
 3     0.627     0.308     0.715
 4   104.594     9.996    -7.700
 4     0.472    -0.695     0.542
 4     0.825     0.565     0.006
 4    -0.311     0.445     0.840
 5   120.517    21.200    13.808
 5     0.930     0.050     0.365
 5     0.255    -0.801    -0.541
 5     0.265     0.596    -0.757
 6   143.558    15.316     3.028
 6     0.928     0.351     0.126
 6    -0.295     0.898    -0.327
 6    -0.229     0.266     0.936
 7   103.564   -15.082    -5.347
 7     0.313     0.504     0.804
 7    -0.387     0.841    -0.377
 7    -0.867    -0.194     0.459
 8   120.672   -27.209   -14.969
 8     0.431    -0.797    -0.423
 8    -0.184    -0.537     0.823
 8    -0.883    -0.277    -0.378
 9   116.466   -20.442   -44.850
 9     0.150     0.076     0.986
 9     0.183     0.977    -0.103
 9    -0.971     0.196     0.133
 2    96.573   -18.651    59.855
 2    -0.132    -0.991    -0.025
 2     0.988    -0.133     0.069
 2    -0.072    -0.016     0.997
 3   127.479    -2.143     0.931
 3     0.737    -0.534    -0.413
 3     0.255     0.786    -0.563
 3     0.625     0.310     0.716
 4   104.465     9.995    -7.699
 4     0.470    -0.694     0.545
 4     0.825     0.564     0.006
 4    -0.312     0.447     0.838
 5   120.409    21.247    13.766
 5     0.931     0.050     0.362
 5     0.254    -0.801    -0.542
 5     0.262     0.596    -0.758
 6   143.400    15.287     2.964
 6     0.927     0.351     0.131
 6    -0.294     0.898    -0.327
 6    -0.233     0.264     0.936
 7   103.435   -15.039    -5.423
 7     0.306     0.503     0.808
 7    -0.386     0.842    -0.377
 7    -0.870    -0.197     0.452
 8   120.025   -27.535   -15.167
 8     0.420    -0.819    -0.390
 8    -0.191    -0.500     0.844
 8    -0.887    -0.280    -0.367
 9   116.195   -20.369   -45.096
 9     0.156     0.114     0.981
 9     0.183     0.973    -0.142
 9    -0.970     0.202     0.131
 2    96.623   -18.650    59.855
 2    -0.132    -0.991    -0.025
 2     0.988    -0.133     0.069
 2    -0.072    -0.016     0.997
 3   127.370    -2.147     0.814
 3     0.740    -0.533    -0.411
 3     0.254     0.787    -0.563
 3     0.622     0.312     0.717
 4   104.388     9.995    -7.676
 4     0.469    -0.693     0.548
 4     0.826     0.563     0.004
 4    -0.312     0.451     0.836
 5   120.403    21.245    13.718
 5     0.932     0.052     0.358
 5     0.252    -0.803    -0.540
 5     0.260     0.594    -0.762
 6   143.370    15.310     2.919
 6     0.926     0.352     0.133
 6    -0.294     0.898    -0.327
 6    -0.235     0.264     0.935
 7   103.247   -14.972    -5.397
 7     0.301     0.501     0.811
 7    -0.382     0.843    -0.379
 7    -0.874    -0.196     0.445
 8   119.932   -27.305   -15.327
 8     0.415    -0.815    -0.404
 8    -0.192    -0.513     0.836
 8    -0.889    -0.270    -0.370
 9   115.717   -20.703   -45.319
 9     0.152     0.103     0.983
 9     0.166     0.978    -0.128
 9    -0.974     0.182     0.132
 2    96.623   -18.650    59.855
 2    -0.132    -0.991    -0.025
 2     0.989    -0.133     0.069
 2    -0.072    -0.015     0.997
 3   127.304    -2.180     0.704
 3     0.746    -0.528    -0.406
 3     0.250     0.787    -0.564
 3     0.617     0.319     0.719
 4   104.390    10.072    -7.629
 4     0.471    -0.690     0.550
 4     0.826     0.564     0.000
 4    -0.311     0.454     0.835
 5   120.408    21.195    13.811
 5     0.933     0.048     0.357
 5     0.247    -0.807    -0.536
 5     0.262     0.588    -0.765
 6   143.323    15.133     2.922
 6     0.926     0.353     0.135
 6    -0.296     0.899    -0.323
 6    -0.235     0.259     0.937
 7   103.165   -14.981    -5.500
 7     0.294     0.503     0.813
 7    -0.380     0.842    -0.384
 7    -0.877    -0.196     0.438
 8   119.545   -27.317   -15.602
 8     0.406    -0.824    -0.395
 8    -0.195    -0.500     0.844
 8    -0.893    -0.266    -0.364
 9   115.306   -20.713   -45.462
 9     0.151     0.123     0.981
 9     0.161     0.976    -0.147
 9    -0.975     0.180     0.128
 2    96.573   -18.651    59.855
 2    -0.132    -0.991    -0.025
 2     0.988    -0.133     0.069
 2    -0.072    -0.015     0.997
 3   127.273    -2.233     0.609
 3     0.748    -0.526    -0.404
 3     0.248     0.787    -0.564
 3     0.615     0.322     0.719
 4   104.392    10.072    -7.632
 4     0.473    -0.688     0.551
 4     0.825     0.565    -0.002
 4    -0.310     0.455     0.834
 5   120.389    21.068    13.754
 5     0.934     0.044     0.355
 5     0.241    -0.810    -0.535
 5     0.264     0.585    -0.767
 6   143.379    14.827     2.927
 6     0.924     0.357     0.136
 6    -0.301     0.900    -0.316
 6    -0.235     0.251     0.939
 7   103.112   -14.933    -5.492
 7     0.291     0.502     0.814
 7    -0.379     0.842    -0.384
 7    -0.878    -0.196     0.436
 8   119.493   -27.319   -15.645
 8     0.404    -0.826    -0.394
 8    -0.195    -0.499     0.844
 8    -0.894    -0.264    -0.363
 9   115.122   -20.819   -45.576
 9     0.148     0.121     0.981
 9     0.158     0.977    -0.144
 9    -0.976     0.176     0.126
 2    96.573   -18.651    59.855
 2    -0.132    -0.991    -0.025
 2     0.988    -0.133     0.069
 2    -0.072    -0.015     0.997
 3   127.270    -2.235     0.562
 3     0.749    -0.525    -0.404
 3     0.248     0.787    -0.564
 3     0.614     0.323     0.720
 4   104.229     9.992    -7.695
 4     0.470    -0.687     0.554
 4     0.824     0.566     0.002
 4    -0.315     0.456     0.832
 5   120.387    21.067    13.707
 5     0.934     0.042     0.353
 5     0.240    -0.809    -0.537
 5     0.263     0.586    -0.766
 6   143.222    14.771     2.715
 6     0.922     0.358     0.142
 6    -0.302     0.901    -0.311
 6    -0.240     0.244     0.940
 7   103.009   -14.935    -5.485
 7     0.290     0.503     0.814
 7    -0.378     0.842    -0.385
 7    -0.879    -0.196     0.434
 8   119.373   -27.370   -15.642
 8     0.402    -0.827    -0.394
 8    -0.198    -0.498     0.844
 8    -0.894    -0.262    -0.364
 9   115.042   -20.852   -45.560
 9     0.148     0.117     0.982
 9     0.156     0.977    -0.140
 9    -0.977     0.174     0.126
 2    96.573   -18.651    59.855
 2    -0.132    -0.991    -0.025
 2     0.988    -0.133     0.069
 2    -0.072    -0.015     0.997
 3   127.220    -2.235     0.537
 3     0.749    -0.526    -0.404
 3     0.248     0.787    -0.565
 3     0.614     0.322     0.720
 4   104.010     9.885    -7.677
 4     0.463    -0.688     0.559
 4     0.826     0.564     0.010
 4    -0.322     0.457     0.829
 5   120.363    21.107    13.509
 5     0.937     0.048     0.346
 5     0.242    -0.805    -0.541
 5     0.253     0.591    -0.766
 6   143.073    14.940     2.316
 6     0.921     0.357     0.156
 6    -0.298     0.903    -0.309
 6    -0.251     0.238     0.938
 7   102.990   -14.933    -5.490
 7     0.291     0.502     0.814
 7    -0.380     0.842    -0.384
 7    -0.878    -0.198     0.435
 8   119.404   -27.469   -15.528
 8     0.405    -0.827    -0.391
 8    -0.199    -0.497     0.845
 8    -0.892    -0.265    -0.366
 9   115.498   -21.032   -45.190
 9     0.160     0.122     0.979
 9     0.154     0.977    -0.147
 9    -0.975     0.174     0.138
 2    96.623   -18.650    59.855
 2    -0.132    -0.991    -0.025
 2     0.989    -0.133     0.069
 2    -0.072    -0.015     0.997
 3   127.166    -2.286     0.564
 3     0.750    -0.528    -0.400
 3     0.249     0.784    -0.568
 3     0.613     0.326     0.719
 4   104.031     9.988    -7.603
 4     0.459    -0.689     0.561
 4     0.828     0.560     0.010
 4    -0.322     0.460     0.827
 5   120.265    21.162    13.676
 5     0.935     0.053     0.350
 5     0.246    -0.809    -0.534
 5     0.255     0.586    -0.769
 6   143.009    15.349     2.536
 6     0.925     0.348     0.155
 6    -0.285     0.902    -0.324
 6    -0.252     0.255     0.933
 7   103.004   -15.053    -5.463
 7     0.295     0.505     0.810
 7    -0.386     0.839    -0.383
 7    -0.874    -0.200     0.443
 8   119.519   -27.590   -15.316
 8     0.409    -0.825    -0.389
 8    -0.203    -0.498     0.843
 8    -0.889    -0.267    -0.371
 9   115.581   -21.315   -45.081
 9     0.162     0.123     0.979
 9     0.152     0.977    -0.148
 9    -0.975     0.173     0.139
 2    96.623   -18.650    59.804
 2    -0.132    -0.991    -0.025
 2     0.988    -0.133     0.069
 2    -0.072    -0.015     0.997
 3   127.115    -2.286     0.614
 3     0.750    -0.528    -0.398
 3     0.249     0.783    -0.570
 3     0.613     0.328     0.719
 4   104.002    10.066    -7.606
 4     0.454    -0.689     0.564
 4     0.831     0.556     0.011
 4    -0.322     0.464     0.825
 5   120.134    21.115    13.723
 5     0.933     0.062     0.353
 5     0.252    -0.813    -0.525
 5     0.254     0.579    -0.774
 6   142.903    15.928     2.451
 6     0.926     0.339     0.163
 6    -0.271     0.902    -0.336
 6    -0.261     0.266     0.928
 7   103.012   -15.049    -5.424
 7     0.297     0.506     0.810
 7    -0.388     0.839    -0.382
 7    -0.872    -0.201     0.445
 8   119.521   -27.641   -15.264
 8     0.409    -0.826    -0.386
 8    -0.204    -0.496     0.844
 8    -0.889    -0.267    -0.372
 9   115.572   -21.412   -45.065
 9     0.160     0.121     0.979
 9     0.154     0.977    -0.146
 9    -0.975     0.174     0.137
 2    96.623   -18.650    59.855
 2    -0.132    -0.991    -0.025
 2     0.989    -0.133     0.069
 2    -0.072    -0.015     0.997
 3   127.108    -2.236     0.570
 3     0.750    -0.530    -0.396
 3     0.251     0.782    -0.570
 3     0.611     0.328     0.720
 4   103.840     9.991    -7.605
 4     0.442    -0.693     0.570
 4     0.836     0.548     0.018
 4    -0.324     0.469     0.821
 5   119.819    21.298    13.771
 5     0.929     0.083     0.359
 5     0.271    -0.815    -0.512
 5     0.251     0.573    -0.780
 6   142.662    16.409     2.461
 6     0.928     0.328     0.172
 6    -0.259     0.906    -0.336
 6    -0.266     0.267     0.926
 7   102.968   -15.098    -5.427
 7     0.297     0.506     0.810
 7    -0.391     0.838    -0.381
 7    -0.871    -0.203     0.447
 8   119.425   -27.818   -15.135
 8     0.408    -0.828    -0.385
 8    -0.206    -0.494     0.844
 8    -0.889    -0.266    -0.373
 9   115.367   -21.527   -44.995
 9     0.154     0.120     0.980
 9     0.161     0.976    -0.145
 9    -0.975     0.180     0.131
 2    96.623   -18.650    59.855
 2    -0.132    -0.991    -0.025
 2     0.989    -0.133     0.069
 2    -0.072    -0.015     0.997
 3   127.032    -2.236     0.569
 3     0.750    -0.531    -0.394
 3     0.252     0.780    -0.572
 3     0.611     0.330     0.719
 4   103.717    10.048    -7.566
 4     0.432    -0.699     0.569
 4     0.843     0.538     0.021
 4    -0.321     0.471     0.822
 5   119.236    21.548    13.993
 5     0.917     0.120     0.379
 5     0.306    -0.822    -0.480
 5     0.254     0.556    -0.791
 6   142.028    17.696     2.243
 6     0.932     0.304     0.197
 6    -0.225     0.911    -0.345
 6    -0.284     0.277     0.918
 7   102.924   -15.148    -5.404
 7     0.296     0.509     0.808
 7    -0.393     0.836    -0.382
 7    -0.870    -0.205     0.448
 8   119.303   -28.179   -14.951
 8     0.406    -0.836    -0.369
 8    -0.213    -0.479     0.852
 8    -0.889    -0.267    -0.372
 9   115.292   -21.699   -44.942
 9     0.154     0.129     0.979
 9     0.163     0.974    -0.154
 9    -0.974     0.184     0.129
 2    96.573   -18.651    59.855
 2    -0.132    -0.991    -0.025
 2     0.989    -0.133     0.069
 2    -0.072    -0.016     0.997
 3   126.983    -2.107     0.615
 3     0.748    -0.536    -0.391
 3     0.256     0.777    -0.575
 3     0.612     0.330     0.718
 4   103.676    10.130    -7.581
 4     0.429    -0.702     0.569
 4     0.846     0.532     0.018
 4    -0.316     0.473     0.822
 5   118.929    21.595    14.294
 5     0.910     0.118     0.396
 5     0.311    -0.826    -0.470
 5     0.272     0.551    -0.789
 6   141.988    17.891     2.852
 6     0.938     0.295     0.182
 6    -0.221     0.913    -0.343
 6    -0.267     0.282     0.921
 7   102.870   -15.099    -5.399
 7     0.296     0.507     0.809
 7    -0.392     0.837    -0.381
 7    -0.871    -0.204     0.446
 8   119.305   -28.178   -14.951
 8     0.406    -0.835    -0.371
 8    -0.213    -0.481     0.850
 8    -0.889    -0.266    -0.373
 9   115.318   -21.606   -44.996
 9     0.155     0.127     0.979
 9     0.160     0.975    -0.152
 9    -0.975     0.180     0.130
 2    96.623   -18.600    59.855
 2    -0.132    -0.991    -0.025
 2     0.988    -0.133     0.069
 2    -0.072    -0.016     0.997
 3   126.976    -1.930     0.545
 3     0.748    -0.539    -0.387
 3     0.260     0.774    -0.577
 3     0.610     0.331     0.719
 4   103.654    10.184    -7.589
 4     0.426    -0.703     0.570
 4     0.848     0.529     0.018
 4    -0.314     0.475     0.822
 5   118.996    21.587    14.233
 5     0.913     0.113     0.391
 5     0.306    -0.824    -0.477
 5     0.268     0.555    -0.787
 6   142.000    17.843     2.970
 6     0.938     0.296     0.177
 6    -0.224     0.914    -0.339
 6    -0.263     0.278     0.924
 7   102.960   -15.050    -5.416
 7     0.296     0.501     0.812
 7    -0.387     0.841    -0.378
 7    -0.873    -0.202     0.443
 8   119.430   -27.896   -15.003
 8     0.407    -0.831    -0.378
