% Calibrated with leiden_pols
% Positions are in centimeters
Data =[
 2    96.625   -18.650    59.852
 2    -0.132    -0.991    -0.024
 2     0.989    -0.133     0.068
 2    -0.071    -0.015     0.997
 3   130.849    -2.241     5.415
 3     0.651    -0.565    -0.507
 3     0.283     0.801    -0.528
 3     0.704     0.200     0.681
 4   114.332    14.889    -2.961
 4     0.707    -0.689     0.161
 4     0.689     0.619    -0.377
 4     0.159     0.377     0.912
 5   114.691    23.641    22.966
 5     0.452    -0.200     0.869
 5     0.302    -0.882    -0.360
 5     0.839     0.426    -0.339
 6   133.190    25.358    45.153
 6     0.371    -0.671    -0.642
 6    -0.192     0.621    -0.760
 6     0.909     0.405     0.101
 7   113.808   -21.526    -1.756
 7     0.741     0.647     0.179
 7    -0.671     0.725     0.154
 7    -0.030    -0.234     0.972
 8   115.591   -28.033    26.166
 8     0.591     0.313     0.743
 8    -0.065    -0.900     0.431
 8     0.804    -0.303    -0.512
 9   132.675   -31.253    43.320
 9     0.549     0.759    -0.349
 9     0.057     0.382     0.922
 9     0.833    -0.527     0.166
 2    96.623   -18.650    59.855
 2    -0.132    -0.991    -0.024
 2     0.988    -0.133     0.069
 2    -0.072    -0.015     0.997
 3   130.821    -2.292     5.419
 3     0.651    -0.565    -0.506
 3     0.285     0.801    -0.527
 3     0.703     0.199     0.682
 4   114.325    14.836    -3.003
 4     0.708    -0.687     0.163
 4     0.688     0.621    -0.375
 4     0.156     0.377     0.913
 5   114.691    23.641    22.966
 5     0.453    -0.200     0.869
 5     0.303    -0.882    -0.361
 5     0.839     0.426    -0.339
 6   133.191    25.357    45.103
 6     0.370    -0.670    -0.644
 6    -0.192     0.623    -0.758
 6     0.909     0.404     0.102
 7   113.707   -21.527    -1.752
 7     0.741     0.646     0.180
 7    -0.671     0.725     0.155
 7    -0.031    -0.236     0.971
 8   115.589   -28.034    26.172
 8     0.592     0.310     0.744
 8    -0.066    -0.901     0.428
 8     0.803    -0.302    -0.513
 9   132.675   -31.228    43.371
 9     0.550     0.759    -0.349
 9     0.057     0.382     0.922
 9     0.833    -0.527     0.166
 2    96.623   -18.650    59.855
 2    -0.132    -0.991    -0.024
 2     0.989    -0.133     0.069
 2    -0.072    -0.015     0.997
 3   130.818    -2.293     5.373
 3     0.652    -0.565    -0.506
 3     0.286     0.801    -0.526
 3     0.702     0.198     0.683
 4   114.263    14.804    -3.062
 4     0.711    -0.684     0.166
 4     0.687     0.625    -0.371
 4     0.150     0.377     0.914
 5   114.687    23.640    22.921
 5     0.453    -0.200     0.868
 5     0.304    -0.881    -0.361
 5     0.838     0.427    -0.339
 6   133.198    25.435    45.046
 6     0.368    -0.669    -0.646
 6    -0.190     0.626    -0.756
 6     0.910     0.401     0.103
 7   113.705   -21.630    -1.799
 7     0.740     0.647     0.183
 7    -0.672     0.724     0.156
 7    -0.032    -0.238     0.971
 8   115.587   -28.034    26.177
 8     0.592     0.308     0.744
 8    -0.066    -0.902     0.425
 8     0.802    -0.301    -0.515
 9   132.673   -31.228    43.319
 9     0.550     0.757    -0.351
 9     0.058     0.385     0.921
 9     0.833    -0.528     0.168
 2    96.624   -18.651    59.855
 2    -0.131    -0.991    -0.025
 2     0.989    -0.133     0.069
 2    -0.072    -0.016     0.997
 3   130.815    -2.344     5.328
 3     0.652    -0.565    -0.506
 3     0.288     0.802    -0.523
 3     0.701     0.195     0.686
 4   114.354    14.740    -3.203
 4     0.717    -0.674     0.178
 4     0.684     0.629    -0.370
 4     0.136     0.387     0.912
 5   114.773    23.612    21.958
 5     0.406    -0.216     0.888
 5     0.360    -0.855    -0.373
 5     0.840     0.470    -0.270
 6   133.324    25.195    44.379
 6     0.358    -0.655    -0.665
 6    -0.179     0.651    -0.738
 6     0.916     0.383     0.115
 7   113.735   -21.620    -1.869
 7     0.739     0.646     0.191
 7    -0.673     0.718     0.177
 7    -0.023    -0.259     0.965
 8   114.965   -27.898    25.607
 8     0.570     0.280     0.772
 8    -0.107    -0.907     0.407
 8     0.815    -0.315    -0.487
 9   132.285   -31.986    42.747
 9     0.557     0.739    -0.378
 9     0.036     0.433     0.901
 9     0.829    -0.516     0.214
 2    96.624   -18.651    59.855
 2    -0.131    -0.991    -0.025
 2     0.989    -0.133     0.069
 2    -0.072    -0.016     0.997
 3   130.937    -2.522     5.111
 3     0.652    -0.561    -0.510
 3     0.293     0.807    -0.513
 3     0.699     0.185     0.691
 4   114.397    14.720    -3.612
 4     0.725    -0.656     0.209
 4     0.679     0.630    -0.377
 4     0.115     0.416     0.902
 5   114.261    24.248    21.041
 5     0.379    -0.212     0.901
 5     0.403    -0.838    -0.367
 5     0.833     0.502    -0.232
 6   132.675    26.400    43.753
 6     0.275    -0.569    -0.775
 6    -0.131     0.776    -0.617
 6     0.952     0.271     0.139
 7   113.677   -21.537    -2.199
 7     0.731     0.651     0.203
 7    -0.681     0.714     0.163
 7    -0.039    -0.258     0.965
 8   112.823   -29.034    24.303
 8     0.511     0.210     0.833
 8    -0.220    -0.905     0.363
 8     0.831    -0.369    -0.417
 9   129.336   -34.212    41.770
 9     0.515     0.726    -0.457
 9     0.007     0.529     0.849
 9     0.857    -0.440     0.267
 2    96.624   -18.651    59.855
 2    -0.131    -0.991    -0.025
 2     0.989    -0.133     0.069
 2    -0.072    -0.016     0.997
 3   130.942    -2.470     5.161
 3     0.650    -0.560    -0.514
 3     0.294     0.809    -0.508
 3     0.700     0.179     0.691
 4   114.473    14.700    -3.956
 4     0.731    -0.646     0.222
 4     0.676     0.640    -0.365
 4     0.093     0.417     0.904
 5   112.296    25.211    19.600
 5     0.286    -0.216     0.934
 5     0.482    -0.810    -0.334
 5     0.828     0.546    -0.128
 6   129.902    28.392    42.990
 6     0.163    -0.460    -0.873
 6    -0.054     0.879    -0.473
 6     0.985     0.124     0.118
 7   113.250   -21.398    -2.796
 7     0.715     0.667     0.209
 7    -0.695     0.709     0.117
 7    -0.070    -0.229     0.971
 8   110.005   -31.273    21.720
 8     0.387     0.269     0.881
 8    -0.299    -0.868     0.397
 8     0.872    -0.418    -0.256
 9   125.136   -35.784    40.845
 9     0.427     0.719    -0.547
 9     0.004     0.604     0.797
 9     0.904    -0.343     0.255
 2    96.624   -18.701    59.855
 2    -0.131    -0.991    -0.025
 2     0.989    -0.133     0.069
 2    -0.072    -0.016     0.997
 3   130.825    -2.520     5.101
 3     0.650    -0.558    -0.516
 3     0.291     0.810    -0.509
 3     0.702     0.180     0.689
 4   114.402    14.690    -4.345
 4     0.729    -0.650     0.217
 4     0.680     0.649    -0.342
 4     0.081     0.396     0.914
 5   109.637    26.500    17.922
 5     0.177    -0.245     0.953
 5     0.561    -0.771    -0.303
 5     0.808     0.588     0.001
 6   125.718    31.797    42.484
 6     0.043    -0.385    -0.922
 6     0.014     0.923    -0.385
 6     0.999     0.003     0.045
 7   113.178   -21.230    -3.182
 7     0.712     0.671     0.206
 7    -0.697     0.709     0.101
 7    -0.078    -0.216     0.973
 8   107.549   -31.583    19.544
 8     0.223     0.293     0.929
 8    -0.362    -0.860     0.358
 8     0.905    -0.417    -0.086
 9   120.983   -36.502    40.245
 9     0.335     0.772    -0.541
 9    -0.012     0.577     0.816
 9     0.942    -0.267     0.203
 2    96.624   -18.651    59.855
 2    -0.131    -0.991    -0.025
 2     0.989    -0.133     0.069
 2    -0.072    -0.016     0.997
 3   130.649    -2.292     5.092
 3     0.649    -0.562    -0.512
 3     0.288     0.805    -0.518
 3     0.703     0.189     0.685
 4   114.201    14.681    -4.823
 4     0.719    -0.664     0.206
 4     0.692     0.655    -0.303
 4     0.066     0.360     0.930
 5   106.738    26.793    16.162
 5     0.051    -0.218     0.974
 5     0.629    -0.751    -0.201
 5     0.775     0.623     0.099
