% Calibrated with leiden_pols
% Positions are in centimeters
Data =[
 2    96.625   -18.650    59.852
 2    -0.132    -0.991    -0.024
 2     0.989    -0.133     0.068
 2    -0.071    -0.015     0.997
 3   130.849    -2.241     5.415
 3     0.651    -0.565    -0.507
 3     0.283     0.801    -0.528
 3     0.704     0.200     0.681
 4   114.332    14.889    -2.961
 4     0.707    -0.689     0.161
 4     0.689     0.619    -0.377
 4     0.159     0.377     0.912
 5   114.691    23.641    22.966
 5     0.452    -0.200     0.869
 5     0.302    -0.882    -0.360
 5     0.839     0.426    -0.339
 6   133.190    25.358    45.153
 6     0.371    -0.671    -0.642
 6    -0.192     0.621    -0.760
 6     0.909     0.405     0.101
 7   113.808   -21.526    -1.756
 7     0.741     0.647     0.179
 7    -0.671     0.725     0.154
 7    -0.030    -0.234     0.972
 8   115.591   -28.033    26.166
 8     0.591     0.313     0.743
 8    -0.065    -0.900     0.431
 8     0.804    -0.303    -0.512
 9   132.675   -31.253    43.320
 9     0.549     0.759    -0.349
 9     0.057     0.382     0.922
 9     0.833    -0.527     0.166
 2    96.623   -18.650    59.855
 2    -0.132    -0.991    -0.024
 2     0.988    -0.133     0.069
 2    -0.072    -0.015     0.997
 3   130.821    -2.292     5.419
 3     0.651    -0.565    -0.506
 3     0.285     0.801    -0.527
 3     0.703     0.199     0.682
 4   114.325    14.836    -3.003
 4     0.708    -0.687     0.163
 4     0.688     0.621    -0.375
 4     0.156     0.377     0.913
 5   114.691    23.641    22.966
 5     0.453    -0.200     0.869
 5     0.303    -0.882    -0.361
 5     0.839     0.426    -0.339
 6   133.191    25.357    45.103
 6     0.370    -0.670    -0.644
 6    -0.192     0.623    -0.758
 6     0.909     0.404     0.102
 7   113.707   -21.527    -1.752
 7     0.741     0.646     0.180
 7    -0.671     0.725     0.155
 7    -0.031    -0.236     0.971
 8   115.589   -28.034    26.172
 8     0.592     0.310     0.744
 8    -0.066    -0.901     0.428
 8     0.803    -0.302    -0.513
 9   132.675   -31.228    43.371
 9     0.550     0.759    -0.349
 9     0.057     0.382     0.922
 9     0.833    -0.527     0.166
 2    96.623   -18.650    59.855
 2    -0.132    -0.991    -0.024
 2     0.989    -0.133     0.069
 2    -0.072    -0.015     0.997
 3   130.818    -2.293     5.373
 3     0.652    -0.565    -0.506
 3     0.286     0.801    -0.526
 3     0.702     0.198     0.683
 4   114.263    14.804    -3.062
 4     0.711    -0.684     0.166
 4     0.687     0.625    -0.371
 4     0.150     0.377     0.914
 5   114.687    23.640    22.921
 5     0.453    -0.200     0.868
 5     0.304    -0.881    -0.361
 5     0.838     0.427    -0.339
 6   133.198    25.435    45.046
 6     0.368    -0.669    -0.646
 6    -0.190     0.626    -0.756
 6     0.910     0.401     0.103
 7   113.705   -21.630    -1.799
 7     0.740     0.647     0.183
 7    -0.672     0.724     0.156
 7    -0.032    -0.238     0.971
 8   115.587   -28.034    26.177
 8     0.592     0.308     0.744
 8    -0.066    -0.902     0.425
 8     0.802    -0.301    -0.515
 9   132.673   -31.228    43.319
 9     0.550     0.757    -0.351
 9     0.058     0.385     0.921
 9     0.833    -0.528     0.168
 2    96.624   -18.651    59.855
 2    -0.131    -0.991    -0.025
 2     0.989    -0.133     0.069
 2    -0.072    -0.016     0.997
 3   130.815    -2.344     5.328
 3     0.652    -0.565    -0.506
 3     0.288     0.802    -0.523
 3     0.701     0.195     0.686
 4   114.354    14.740    -3.203
 4     0.717    -0.674     0.178
 4     0.684     0.629    -0.370
 4     0.136     0.387     0.912
 5   114.773    23.612    21.958
 5     0.406    -0.216     0.888
 5     0.360    -0.855    -0.373
 5     0.840     0.470    -0.270
 6   133.324    25.195    44.379
 6     0.358    -0.655    -0.665
 6    -0.179     0.651    -0.738
 6     0.916     0.383     0.115
 7   113.735   -21.620    -1.869
 7     0.739     0.646     0.191
 7    -0.673     0.718     0.177
 7    -0.023    -0.259     0.965
 8   114.965   -27.898    25.607
 8     0.570     0.280     0.772
 8    -0.107    -0.907     0.407
 8     0.815    -0.315    -0.487
 9   132.285   -31.986    42.747
 9     0.557     0.739    -0.378
 9     0.036     0.433     0.901
 9     0.829    -0.516     0.214
 2    96.624   -18.651    59.855
 2    -0.131    -0.991    -0.025
 2     0.989    -0.133     0.069
 2    -0.072    -0.016     0.997
 3   130.937    -2.522     5.111
 3     0.652    -0.561    -0.510
 3     0.293     0.807    -0.513
 3     0.699     0.185     0.691
 4   114.397    14.720    -3.612
 4     0.725    -0.656     0.209
 4     0.679     0.630    -0.377
 4     0.115     0.416     0.902
 5   114.261    24.248    21.041
 5     0.379    -0.212     0.901
 5     0.403    -0.838    -0.367
 5     0.833     0.502    -0.232
 6   132.675    26.400    43.753
 6     0.275    -0.569    -0.775
 6    -0.131     0.776    -0.617
 6     0.952     0.271     0.139
 7   113.677   -21.537    -2.199
 7     0.731     0.651     0.203
 7    -0.681     0.714     0.163
 7    -0.039    -0.258     0.965
 8   112.823   -29.034    24.303
 8     0.511     0.210     0.833
 8    -0.220    -0.905     0.363
 8     0.831    -0.369    -0.417
 9   129.336   -34.212    41.770
 9     0.515     0.726    -0.457
 9     0.007     0.529     0.849
 9     0.857    -0.440     0.267
 2    96.624   -18.651    59.855
 2    -0.131    -0.991    -0.025
 2     0.989    -0.133     0.069
 2    -0.072    -0.016     0.997
 3   130.942    -2.470     5.161
 3     0.650    -0.560    -0.514
 3     0.294     0.809    -0.508
 3     0.700     0.179     0.691
 4   114.473    14.700    -3.956
 4     0.731    -0.646     0.222
 4     0.676     0.640    -0.365
 4     0.093     0.417     0.904
 5   112.296    25.211    19.600
 5     0.286    -0.216     0.934
 5     0.482    -0.810    -0.334
 5     0.828     0.546    -0.128
 6   129.902    28.392    42.990
 6     0.163    -0.460    -0.873
 6    -0.054     0.879    -0.473
 6     0.985     0.124     0.118
 7   113.250   -21.398    -2.796
 7     0.715     0.667     0.209
 7    -0.695     0.709     0.117
 7    -0.070    -0.229     0.971
 8   110.005   -31.273    21.720
 8     0.387     0.269     0.881
 8    -0.299    -0.868     0.397
 8     0.872    -0.418    -0.256
 9   125.136   -35.784    40.845
 9     0.427     0.719    -0.547
 9     0.004     0.604     0.797
 9     0.904    -0.343     0.255
 2    96.624   -18.701    59.855
 2    -0.131    -0.991    -0.025
 2     0.989    -0.133     0.069
 2    -0.072    -0.016     0.997
 3   130.825    -2.520     5.101
 3     0.650    -0.558    -0.516
 3     0.291     0.810    -0.509
 3     0.702     0.180     0.689
 4   114.402    14.690    -4.345
 4     0.729    -0.650     0.217
 4     0.680     0.649    -0.342
 4     0.081     0.396     0.914
 5   109.637    26.500    17.922
 5     0.177    -0.245     0.953
 5     0.561    -0.771    -0.303
 5     0.808     0.588     0.001
 6   125.718    31.797    42.484
 6     0.043    -0.385    -0.922
 6     0.014     0.923    -0.385
 6     0.999     0.003     0.045
 7   113.178   -21.230    -3.182
 7     0.712     0.671     0.206
 7    -0.697     0.709     0.101
 7    -0.078    -0.216     0.973
 8   107.549   -31.583    19.544
 8     0.223     0.293     0.929
 8    -0.362    -0.860     0.358
 8     0.905    -0.417    -0.086
 9   120.983   -36.502    40.245
 9     0.335     0.772    -0.541
 9    -0.012     0.577     0.816
 9     0.942    -0.267     0.203
 2    96.624   -18.651    59.855
 2    -0.131    -0.991    -0.025
 2     0.989    -0.133     0.069
 2    -0.072    -0.016     0.997
 3   130.649    -2.292     5.092
 3     0.649    -0.562    -0.512
 3     0.288     0.805    -0.518
 3     0.703     0.189     0.685
 4   114.201    14.681    -4.823
 4     0.719    -0.664     0.206
 4     0.692     0.655    -0.303
 4     0.066     0.360     0.930
 5   106.738    26.793    16.162
 5     0.051    -0.218     0.974
 5     0.629    -0.751    -0.201
 5     0.775     0.623     0.099
 6   121.067    33.804    41.998
 6    -0.030    -0.393    -0.919
 6     0.035     0.918    -0.394
 6     0.999    -0.044    -0.014
 7   113.133   -20.973    -3.460
 7     0.713     0.674     0.191
 7    -0.697     0.711     0.094
 7    -0.072    -0.201     0.977
 8   105.483   -31.383    18.334
 8     0.092     0.292     0.952
 8    -0.404    -0.863     0.304
 8     0.910    -0.413     0.038
 9   116.845   -37.024    40.100
 9     0.221     0.811    -0.541
 9    -0.045     0.562     0.825
 9     0.974    -0.158     0.161
 2    96.624   -18.651    59.855
 2    -0.131    -0.991    -0.025
 2     0.989    -0.133     0.069
 2    -0.072    -0.016     0.997
 3   130.482    -1.863     5.021
 3     0.652    -0.572    -0.497
 3     0.289     0.794    -0.535
 3     0.700     0.205     0.683
 4   113.938    14.817    -4.998
 4     0.701    -0.688     0.184
 4     0.709     0.649    -0.275
 4     0.069     0.324     0.943
 5   104.441    26.146    15.307
 5    -0.067    -0.174     0.982
 5     0.646    -0.758    -0.090
 5     0.760     0.628     0.162
 6   116.292    34.224    42.690
 6    -0.117    -0.411    -0.904
 6     0.048     0.906    -0.419
 6     0.992    -0.093    -0.087
 7   113.064   -20.833    -3.515
 7     0.714     0.678     0.170
 7    -0.697     0.710     0.097
 7    -0.055    -0.188     0.980
 8   103.698   -30.715    17.553
 8    -0.023     0.265     0.964
 8    -0.417    -0.879     0.232
 8     0.909    -0.396     0.130
 9   113.292   -36.853    40.036
 9     0.122     0.824    -0.552
 9    -0.068     0.562     0.824
 9     0.990    -0.063     0.125
 2    96.624   -18.651    59.855
 2    -0.131    -0.991    -0.025
 2     0.989    -0.133     0.069
 2    -0.072    -0.016     0.997
 3   130.296    -1.539     4.921
 3     0.658    -0.573    -0.489
 3     0.282     0.789    -0.546
 3     0.698     0.221     0.681
 4   113.753    14.892    -4.935
 4     0.692    -0.706     0.151
 4     0.716     0.643    -0.272
 4     0.095     0.296     0.950
 5   102.743    24.879    15.014
 5    -0.170    -0.137     0.976
 5     0.625    -0.781    -0.001
 5     0.762     0.609     0.218
 6   112.236    33.115    43.321
 6    -0.212    -0.346    -0.914
 6     0.067     0.927    -0.367
 6     0.975    -0.139    -0.173
 7   112.976   -20.644    -3.624
 7     0.710     0.688     0.149
 7    -0.703     0.704     0.099
 7    -0.036    -0.175     0.984
 8   102.187   -29.488    17.365
 8    -0.113     0.204     0.972
 8    -0.414    -0.899     0.141
 8     0.903    -0.387     0.186
 9   110.429   -36.523    39.854
 9     0.062     0.807    -0.587
 9    -0.099     0.590     0.801
 9     0.993     0.008     0.116
 2    96.624   -18.651    59.855
 2    -0.131    -0.991    -0.025
 2     0.989    -0.133     0.068
 2    -0.072    -0.016     0.997
 3   130.145    -1.348     4.742
 3     0.668    -0.568    -0.481
 3     0.275     0.789    -0.549
 3     0.691     0.235     0.683
 4   113.699    15.038    -5.034
 4     0.682    -0.720     0.127
 4     0.722     0.636    -0.271
 4     0.114     0.277     0.954
 5   101.555    23.861    14.501
 5    -0.242    -0.102     0.965
 5     0.596    -0.800     0.065
 5     0.765     0.591     0.254
 6   109.180    32.275    43.481
 6    -0.274    -0.325    -0.905
 6     0.069     0.932    -0.356
 6     0.959    -0.161    -0.233
 7   112.948   -20.487    -3.838
 7     0.702     0.699     0.132
 7    -0.711     0.696     0.097
 7    -0.024    -0.162     0.986
 8   100.934   -28.745    16.610
 8    -0.182     0.157     0.970
 8    -0.414    -0.907     0.070
 8     0.892    -0.389     0.230
 9   108.397   -35.888    39.247
 9     0.032     0.750    -0.661
 9    -0.104     0.660     0.744
 9     0.994     0.044     0.099
 2    96.624   -18.651    59.855
 2    -0.131    -0.991    -0.025
 2     0.989    -0.133     0.069
 2    -0.072    -0.016     0.997
 3   130.063    -1.200     4.646
 3     0.672    -0.566    -0.477
 3     0.271     0.788    -0.553
 3     0.689     0.242     0.683
 4   113.528    15.001    -5.185
 4     0.669    -0.735     0.107
 4     0.733     0.628    -0.261
 4     0.125     0.253     0.959
 5   100.258    23.075    13.847
 5    -0.293    -0.081     0.953
 5     0.584    -0.804     0.111
 5     0.757     0.589     0.283
 6   106.796    31.650    43.058
 6    -0.307    -0.327    -0.893
 6     0.065     0.929    -0.363
 6     0.949    -0.169    -0.264
 7   112.677   -20.199    -4.228
 7     0.689     0.715     0.118
 7    -0.724     0.686     0.072
 7    -0.030    -0.136     0.990
 8    99.778   -27.878    15.862
 8    -0.236     0.102     0.966
 8    -0.408    -0.913    -0.003
 8     0.882    -0.395     0.257
 9   106.401   -35.205    38.517
 9     0.000     0.734    -0.679
 9    -0.106     0.675     0.730
 9     0.994     0.071     0.078
 2    96.623   -18.651    59.855
 2    -0.131    -0.991    -0.025
 2     0.989    -0.133     0.069
 2    -0.072    -0.015     0.997
 3   129.911    -1.130     4.412
 3     0.678    -0.560    -0.477
 3     0.257     0.787    -0.560
 3     0.689     0.257     0.677
 4   113.210    14.984    -5.417
 4     0.651    -0.753     0.092
 4     0.748     0.616    -0.246
 4     0.128     0.229     0.965
 5    99.093    22.540    13.296
 5    -0.338    -0.077     0.938
 5     0.568    -0.811     0.138
 5     0.750     0.580     0.317
 6   103.998    31.041    42.979
 6    -0.360    -0.288    -0.887
 6     0.067     0.940    -0.333
 6     0.930    -0.179    -0.319
 7   112.489   -20.085    -4.520
 7     0.675     0.729     0.110
 7    -0.736     0.674     0.055
 7    -0.034    -0.119     0.992
 8    98.946   -27.047    15.307
 8    -0.275     0.079     0.958
 8    -0.389    -0.921    -0.036
 8     0.879    -0.382     0.284
 9   104.477   -34.401    38.225
 9    -0.044     0.702    -0.710
 9    -0.100     0.704     0.703
 9     0.994     0.102     0.039
 2    96.624   -18.651    59.855
 2    -0.131    -0.991    -0.025
 2     0.989    -0.133     0.069
 2    -0.072    -0.016     0.997
 3   129.741    -0.953     4.323
 3     0.678    -0.560    -0.476
 3     0.250     0.784    -0.568
 3     0.691     0.266     0.671
 4   112.741    14.942    -5.421
 4     0.632    -0.771     0.082
 4     0.764     0.601    -0.234
 4     0.131     0.210     0.969
 5    98.077    21.852    12.941
 5    -0.374    -0.064     0.925
 5     0.556    -0.814     0.168
 5     0.742     0.577     0.339
 6   101.698    30.734    42.584
 6    -0.405    -0.248    -0.880
 6     0.090     0.947    -0.308
 6     0.910    -0.205    -0.361
 7   112.242   -19.869    -4.782
 7     0.667     0.738     0.101
 7    -0.744     0.667     0.036
 7    -0.041    -0.099     0.994
 8    98.144   -26.435    14.636
 8    -0.306     0.067     0.949
 8    -0.370    -0.927    -0.054
 8     0.877    -0.368     0.308
 9   102.684   -33.703    37.816
 9    -0.089     0.659    -0.747
 9    -0.089     0.741     0.665
 9     0.992     0.125    -0.007
 2    96.624   -18.651    59.855
 2    -0.131    -0.991    -0.025
 2     0.989    -0.133     0.069
 2    -0.072    -0.016     0.997
 3   129.628    -0.849     4.126
 3     0.677    -0.560    -0.478
 3     0.243     0.782    -0.573
 3     0.695     0.272     0.665
 4   112.522    14.950    -5.484
 4     0.619    -0.781     0.079
 4     0.773     0.589    -0.233
 4     0.135     0.205     0.969
 5    97.661    21.473    12.856
 5    -0.393    -0.050     0.918
 5     0.546    -0.816     0.189
 5     0.740     0.575     0.347
 6    99.809    31.025    42.300
 6    -0.454    -0.216    -0.864
 6     0.129     0.944    -0.304
 6     0.881    -0.250    -0.400
 7   112.168   -19.772    -5.047
 7     0.658     0.747     0.086
 7    -0.751     0.659     0.025
 7    -0.038    -0.081     0.996
 8    97.551   -25.728    14.199
 8    -0.337     0.056     0.940
 8    -0.338    -0.939    -0.065
 8     0.879    -0.340     0.335
 9   100.638   -32.719    37.916
 9    -0.152     0.586    -0.796
 9    -0.081     0.795     0.601
 9     0.985     0.156    -0.074
 2    96.624   -18.651    59.855
 2    -0.131    -0.991    -0.025
 2     0.989    -0.133     0.069
 2    -0.072    -0.016     0.997
 3   129.635    -0.799     4.066
 3     0.677    -0.557    -0.480
 3     0.236     0.783    -0.575
 3     0.697     0.276     0.662
 4   112.272    14.906    -5.490
 4     0.604    -0.793     0.078
 4     0.785     0.575    -0.229
 4     0.137     0.199     0.970
 5    97.169    21.014    12.649
 5    -0.405    -0.045     0.913
 5     0.542    -0.816     0.200
 5     0.736     0.575     0.355
 6    97.942    31.520    41.854
 6    -0.499    -0.210    -0.841
 6     0.161     0.930    -0.329
 6     0.851    -0.299    -0.430
 7   112.128   -19.822    -5.196
 7     0.651     0.755     0.070
 7    -0.758     0.652     0.019
 7    -0.031    -0.065     0.997
 8    97.121   -25.362    13.930
 8    -0.358     0.051     0.932
 8    -0.318    -0.945    -0.070
 8     0.877    -0.322     0.355
 9    99.093   -32.100    37.797
 9    -0.199     0.512    -0.836
 9    -0.078     0.842     0.534
 9     0.977     0.171    -0.128
 2    96.623   -18.650    59.855
 2    -0.132    -0.991    -0.025
 2     0.988    -0.133     0.069
 2    -0.072    -0.016     0.997
 3   129.521    -0.851     3.874
 3     0.677    -0.552    -0.487
 3     0.226     0.785    -0.577
 3     0.700     0.280     0.656
 4   112.050    14.785    -5.520
 4     0.590    -0.804     0.073
 4     0.795     0.563    -0.224
 4     0.139     0.190     0.972
 5    96.783    20.653    12.511
 5    -0.424    -0.038     0.905
 5     0.539    -0.813     0.219
 5     0.728     0.580     0.365
 6    96.341    31.970    41.315
 6    -0.538    -0.200    -0.818
 6     0.187     0.918    -0.348
 6     0.822    -0.341    -0.457
 7   112.143   -19.815    -5.226
 7     0.652     0.756     0.057
 7    -0.758     0.652     0.020
 7    -0.022    -0.056     0.998
 8    97.066   -25.251    13.874
 8    -0.365     0.058     0.929
 8    -0.307    -0.950    -0.061
 8     0.879    -0.307     0.364
 9    98.445   -32.011    37.872
 9    -0.236     0.458    -0.857
 9    -0.088     0.868     0.489
 9     0.968     0.190    -0.165
 2    96.624   -18.651    59.855
 2    -0.131    -0.991    -0.025
 2     0.988    -0.133     0.069
 2    -0.072    -0.016     0.997
 3   129.527    -0.849     3.814
 3     0.676    -0.552    -0.488
 3     0.224     0.785    -0.578
 3     0.702     0.281     0.654
 4   111.946    14.685    -5.567
 4     0.583    -0.810     0.071
 4     0.801     0.557    -0.219
 4     0.138     0.185     0.973
 5    96.490    20.520    12.329
 5    -0.428    -0.041     0.903
 5     0.542    -0.811     0.220
 5     0.723     0.583     0.369
 6    95.579    32.230    40.854
 6    -0.554    -0.194    -0.810
 6     0.207     0.909    -0.360
 6     0.806    -0.367    -0.464
 7   112.207   -19.859    -5.173
 7     0.654     0.754     0.050
 7    -0.756     0.654     0.023
 7    -0.015    -0.053     0.998
 8    97.112   -25.330    13.814
 8    -0.364     0.074     0.928
 8    -0.304    -0.951    -0.043
 8     0.880    -0.298     0.369
 9    97.109   -32.895    37.832
 9    -0.303     0.405    -0.862
 9    -0.128     0.879     0.458
 9     0.944     0.250    -0.215
 2    96.623   -18.651    59.855
 2    -0.131    -0.991    -0.025
 2     0.989    -0.133     0.069
 2    -0.072    -0.015     0.997
 3   129.484    -0.898     3.856
 3     0.673    -0.553    -0.490
 3     0.223     0.784    -0.579
 3     0.704     0.280     0.652
 4   111.815    14.507    -5.659
 4     0.577    -0.813     0.071
 4     0.805     0.553    -0.214
 4     0.135     0.180     0.974
 5    96.357    20.291    12.185
 5    -0.433    -0.039     0.901
 5     0.541    -0.810     0.225
 5     0.721     0.585     0.371
 6    94.950    32.238    40.529
 6    -0.571    -0.161    -0.805
 6     0.229     0.910    -0.344
 6     0.788    -0.381    -0.483
 7   112.406   -20.075    -5.224
 7     0.654     0.755     0.026
 7    -0.756     0.654     0.022
 7     0.000    -0.034     0.999
 8    96.659   -25.118    13.475
 8    -0.390     0.074     0.918
 8    -0.293    -0.955    -0.047
 8     0.873    -0.288     0.394
 9    95.241   -32.900    37.578
 9    -0.365     0.366    -0.856
 9    -0.137     0.888     0.439
 9     0.920     0.278    -0.274
 2    96.624   -18.651    59.855
 2    -0.131    -0.991    -0.025
 2     0.989    -0.133     0.069
 2    -0.072    -0.016     0.997
 3   129.503    -1.021     3.735
 3     0.670    -0.550    -0.499
 3     0.219     0.788    -0.576
 3     0.709     0.276     0.648
 4   111.939    14.380    -5.680
 4     0.575    -0.816     0.067
 4     0.807     0.551    -0.210
 4     0.134     0.175     0.975
 5    96.283    20.181    11.910
 5    -0.438    -0.044     0.898
 5     0.545    -0.807     0.227
 5     0.714     0.589     0.377
 6    94.445    32.626    40.002
 6    -0.587    -0.125    -0.800
 6     0.253     0.910    -0.328
 6     0.769    -0.395    -0.503
 7   112.390   -20.192    -5.178
 7     0.647     0.762     0.001
 7    -0.762     0.647     0.024
 7     0.018    -0.017     1.000
 8    96.174   -24.756    13.343
 8    -0.413     0.064     0.908
 8    -0.271    -0.961    -0.055
 8     0.870    -0.269     0.414
 9    93.651   -32.310    37.504
 9    -0.410     0.331    -0.849
 9    -0.129     0.901     0.414
 9     0.902     0.279    -0.327
 2    96.624   -18.701    59.855
 2    -0.131    -0.991    -0.025
 2     0.989    -0.133     0.069
 2    -0.072    -0.016     0.997
 3   129.523    -1.350     3.722
 3     0.669    -0.540    -0.512
 3     0.210     0.797    -0.566
 3     0.713     0.271     0.646
 4   112.038    14.251    -5.773
 4     0.578    -0.814     0.063
 4     0.805     0.556    -0.206
 4     0.132     0.169     0.976
 5    96.369    20.173    11.802
 5    -0.436    -0.054     0.898
 5     0.553    -0.803     0.220
 5     0.709     0.593     0.380
 6    94.418    32.894    39.766
 6    -0.592    -0.098    -0.800
 6     0.274     0.909    -0.314
 6     0.758    -0.405    -0.511
 7   112.313   -20.313    -5.031
 7     0.641     0.767    -0.010
 7    -0.767     0.641     0.029
 7     0.029    -0.012     0.999
 8    95.969   -24.826    13.299
 8    -0.423     0.072     0.903
 8    -0.266    -0.963    -0.048
 8     0.866    -0.261     0.426
 9    92.528   -32.825    37.289
 9    -0.454     0.268    -0.850
 9    -0.155     0.915     0.371
 9     0.877     0.300    -0.375
 2    96.624   -18.701    59.855
 2    -0.131    -0.991    -0.025
 2     0.989    -0.133     0.069
 2    -0.072    -0.016     0.997
 3   129.526    -1.529     3.827
 3     0.670    -0.533    -0.517
 3     0.207     0.803    -0.559
 3     0.713     0.267     0.648
 4   112.088    14.071    -5.846
 4     0.583    -0.810     0.061
 4     0.802     0.561    -0.204
 4     0.131     0.168     0.977
 5    96.442    20.172    11.754
 5    -0.435    -0.055     0.899
 5     0.556    -0.802     0.220
 5     0.708     0.595     0.379
 6    94.323    33.066    39.532
 6    -0.595    -0.100    -0.797
 6     0.280     0.904    -0.323
 6     0.753    -0.416    -0.510
 7   112.246   -20.438    -5.023
 7     0.638     0.770    -0.020
 7    -0.769     0.638     0.028
 7     0.034    -0.003     0.999
 8    95.663   -24.923    13.058
 8    -0.439     0.091     0.894
 8    -0.272    -0.962    -0.036
 8     0.856    -0.259     0.447
 9    91.266   -33.512    36.927
 9    -0.504     0.238    -0.830
 9    -0.181     0.911     0.371
 9     0.844     0.337    -0.416
 2    96.573   -18.651    59.855
 2    -0.131    -0.991    -0.025
 2     0.988    -0.133     0.069
 2    -0.072    -0.016     0.997
 3   129.528    -1.606     3.829
 3     0.670    -0.529    -0.521
 3     0.205     0.806    -0.554
 3     0.713     0.264     0.649
 4   112.115    13.969    -5.896
 4     0.585    -0.809     0.059
 4     0.800     0.563    -0.204
 4     0.131     0.167     0.977
 5    96.432    19.969    11.630
 5    -0.438    -0.047     0.898
 5     0.557    -0.798     0.230
 5     0.706     0.601     0.375
 6    94.060    33.232    39.169
 6    -0.603    -0.098    -0.792
 6     0.293     0.896    -0.334
 6     0.742    -0.434    -0.511
 7   112.309   -20.535    -4.994
 7     0.636     0.770    -0.030
 7    -0.770     0.637     0.029
 7     0.041     0.004     0.999
 8    95.776   -25.027    13.061
 8    -0.441     0.106     0.891
 8    -0.274    -0.962    -0.021
 8     0.855    -0.253     0.453
 9    91.071   -33.882    36.809
 9    -0.523     0.221    -0.823
 9    -0.200     0.907     0.370
 9     0.828     0.358    -0.431
 2    96.624   -18.651    59.855
 2    -0.131    -0.991    -0.025
 2     0.988    -0.133     0.069
 2    -0.072    -0.016     0.997
 3   129.532    -1.656     3.825
 3     0.670    -0.528    -0.522
 3     0.205     0.807    -0.553
 3     0.714     0.263     0.649
 4   112.275    13.843    -5.903
 4     0.590    -0.805     0.055
 4     0.796     0.569    -0.206
 4     0.134     0.165     0.977
 5    96.417    19.965    11.644
 5    -0.440    -0.045     0.897
 5     0.560    -0.794     0.235
 5     0.702     0.606     0.374
 6    93.845    33.652    38.989
 6    -0.610    -0.089    -0.787
 6     0.307     0.889    -0.338
 6     0.730    -0.448    -0.515
 7   112.339   -20.582    -4.954
 7     0.637     0.769    -0.034
 7    -0.769     0.639     0.029
 7     0.044     0.007     0.999
 8    95.707   -25.204    12.978
 8    -0.442     0.121     0.889
 8    -0.282    -0.959    -0.010
 8     0.851    -0.255     0.458
 9    90.704   -34.502    36.555
 9    -0.539     0.197    -0.818
 9    -0.221     0.905     0.363
 9     0.812     0.376    -0.445
 2    96.573   -18.651    59.855
 2    -0.131    -0.991    -0.025
 2     0.988    -0.133     0.069
 2    -0.072    -0.016     0.997
 3   129.582    -1.706     3.876
 3     0.670    -0.527    -0.523
 3     0.205     0.808    -0.553
 3     0.714     0.263     0.649
 4   112.300    13.843    -5.954
 4     0.591    -0.805     0.056
 4     0.795     0.570    -0.207
 4     0.134     0.166     0.977
 5    96.510    19.913    11.698
 5    -0.438    -0.041     0.898
 5     0.564    -0.791     0.239
 5     0.700     0.611     0.369
 6    93.841    33.750    38.893
 6    -0.610    -0.083    -0.788
 6     0.314     0.888    -0.337
 6     0.728    -0.453    -0.515
 7   112.340   -20.580    -5.014
 7     0.639     0.768    -0.040
 7    -0.768     0.640     0.026
 7     0.046     0.014     0.999
 8    95.561   -25.210    12.780
 8    -0.449     0.122     0.885
 8    -0.287    -0.958    -0.014
 8     0.846    -0.261     0.465
 9    90.111   -34.624    36.254
 9    -0.553     0.193    -0.810
 9    -0.223     0.903     0.367
 9     0.802     0.384    -0.457
 2    96.624   -18.701    59.855
 2    -0.131    -0.991    -0.025
 2     0.988    -0.133     0.069
 2    -0.072    -0.016     0.997
 3   129.587    -1.731     3.872
 3     0.669    -0.525    -0.526
 3     0.203     0.809    -0.551
 3     0.715     0.262     0.648
 4   112.303    13.793    -5.957
 4     0.593    -0.803     0.056
 4     0.794     0.571    -0.208
 4     0.135     0.167     0.976
 5    96.509    19.964    11.697
 5    -0.438    -0.041     0.898
 5     0.564    -0.790     0.239
 5     0.700     0.612     0.368
 6    93.905    33.874    38.883
 6    -0.610    -0.076    -0.788
 6     0.320     0.886    -0.333
 6     0.724    -0.456    -0.517
 7   112.344   -20.529    -4.974
 7     0.637     0.769    -0.047
 7    -0.769     0.638     0.024
 7     0.049     0.021     0.998
 8    95.368   -25.044    12.683
 8    -0.457     0.114     0.882
 8    -0.285    -0.958    -0.023
 8     0.842    -0.262     0.471
 9    89.721   -34.586    36.037
 9    -0.561     0.206    -0.802
 9    -0.224     0.894     0.387
 9     0.797     0.396    -0.455
 2    96.624   -18.651    59.855
 2    -0.131    -0.991    -0.025
 2     0.989    -0.133     0.069
 2    -0.072    -0.016     0.997
 3   129.546    -1.884     3.942
 3     0.668    -0.521    -0.532
 3     0.198     0.813    -0.547
 3     0.717     0.260     0.646
 4   112.403    13.740    -5.954
 4     0.597    -0.800     0.055
 4     0.791     0.576    -0.208
 4     0.134     0.167     0.976
 5    96.630    20.087    11.700
 5    -0.432    -0.042     0.901
 5     0.570    -0.786     0.237
 5     0.698     0.616     0.363
 6    94.226    34.200    38.785
 6    -0.608    -0.069    -0.791
 6     0.331     0.883    -0.331
 6     0.722    -0.464    -0.514
 7   112.158   -20.486    -5.063
 7     0.630     0.774    -0.052
 7    -0.775     0.632     0.016
 7     0.045     0.030     0.998
 8    94.838   -25.232    12.107
 8    -0.472     0.120     0.873
 8    -0.304    -0.952    -0.034
 8     0.827    -0.282     0.485
 9    88.425   -35.455    35.124
 9    -0.587     0.193    -0.786
 9    -0.246     0.883     0.400
 9     0.771     0.428    -0.471
 2    96.624   -18.651    59.855
 2    -0.131    -0.991    -0.025
 2     0.989    -0.133     0.069
 2    -0.072    -0.016     0.997
 3   129.505    -1.960     3.935
 3     0.667    -0.515    -0.538
 3     0.193     0.817    -0.542
 3     0.719     0.258     0.645
 4   112.401    13.738    -5.951
 4     0.598    -0.799     0.055
 4     0.790     0.577    -0.207
 4     0.133     0.167     0.977
 5    96.630    20.087    11.698
 5    -0.431    -0.041     0.901
 5     0.572    -0.785     0.238
 5     0.698     0.618     0.362
 6    94.118    34.274    38.742
 6    -0.609    -0.070    -0.790
 6     0.333     0.881    -0.335
 6     0.720    -0.467    -0.513
 7   112.123   -20.440    -5.086
 7     0.628     0.776    -0.062
 7    -0.777     0.629     0.005
 7     0.043     0.045     0.998
 8    94.575   -25.372    11.873
 8    -0.483     0.128     0.866
 8    -0.309    -0.951    -0.031
 8     0.819    -0.282     0.499
 9    88.093   -35.692    34.853
 9    -0.595     0.181    -0.782
 9    -0.252     0.882     0.396
 9     0.763     0.433    -0.480
 2    96.624   -18.651    59.855
 2    -0.131    -0.991    -0.025
 2     0.989    -0.133     0.069
 2    -0.072    -0.016     0.997
 3   129.456    -2.062     3.986
 3     0.668    -0.513    -0.539
 3     0.192     0.818    -0.542
 3     0.719     0.258     0.645
 4   112.477    13.738    -5.950
 4     0.599    -0.798     0.055
 4     0.789     0.578    -0.207
 4     0.133     0.167     0.977
 5    96.630    20.037    11.723
 5    -0.431    -0.040     0.901
 5     0.571    -0.785     0.238
 5     0.698     0.618     0.361
 6    94.110    34.323    38.725
 6    -0.610    -0.072    -0.789
 6     0.334     0.879    -0.338
 6     0.718    -0.470    -0.512
 7   112.066   -20.418    -5.077
 7     0.627     0.776    -0.061
 7    -0.778     0.628     0.003
 7     0.040     0.045     0.998
 8    94.842   -25.255    12.041
 8    -0.469     0.130     0.873
 8    -0.304    -0.952    -0.021
 8     0.829    -0.276     0.486
 9    88.921   -35.547    35.222
 9    -0.582     0.210    -0.786
 9    -0.250     0.873     0.419
 9     0.774     0.440    -0.455
 2    96.624   -18.651    59.855
 2    -0.131    -0.991    -0.025
 2     0.989    -0.133     0.069
 2    -0.072    -0.016     0.997
 3   129.449    -1.962     4.046
 3     0.669    -0.514    -0.537
 3     0.193     0.818    -0.541
 3     0.717     0.258     0.647
 4   112.454    13.789    -5.953
 4     0.601    -0.797     0.055
 4     0.788     0.579    -0.208
 4     0.134     0.168     0.977
 5    96.683    20.139    11.821
 5    -0.430    -0.039     0.902
 5     0.571    -0.786     0.238
 5     0.699     0.617     0.360
 6    94.101    34.447    38.736
 6    -0.612    -0.066    -0.788
 6     0.339     0.878    -0.337
 6     0.715    -0.474    -0.514
 7   112.104   -20.322    -5.058
 7     0.626     0.778    -0.055
 7    -0.779     0.627    -0.000
 7     0.034     0.043     0.998
 8    94.911   -25.294    12.146
 8    -0.462     0.125     0.878
 8    -0.307    -0.951    -0.026
 8     0.832    -0.281     0.478
 9    89.168   -35.896    35.281
 9    -0.577     0.241    -0.780
 9    -0.255     0.855     0.452
 9     0.776     0.459    -0.432
 2    96.574   -18.651    59.855
 2    -0.131    -0.991    -0.025
 2     0.989    -0.133     0.069
 2    -0.072    -0.016     0.997
 3   129.442    -1.964     4.054
 3     0.671    -0.514    -0.535
 3     0.195     0.818    -0.541
 3     0.715     0.259     0.649
 4   112.481    13.841    -5.905
 4     0.601    -0.797     0.054
 4     0.787     0.580    -0.209
 4     0.135     0.168     0.976
 5    96.711    20.166    11.867
 5    -0.429    -0.037     0.902
 5     0.570    -0.786     0.239
 5     0.700     0.617     0.359
 6    94.149    34.497    38.765
 6    -0.612    -0.064    -0.788
 6     0.341     0.878    -0.336
 6     0.714    -0.474    -0.516
 7   112.094   -20.276    -5.092
 7     0.625     0.779    -0.050
 7    -0.780     0.625    -0.003
 7     0.029     0.041     0.999
 8    94.950   -25.210    12.260
 8    -0.456     0.120     0.881
 8    -0.308    -0.951    -0.030
 8     0.834    -0.286     0.471
 9    89.351   -35.945    35.368
 9    -0.572     0.288    -0.768
 9    -0.252     0.829     0.498
 9     0.780     0.479    -0.402
 2    96.624   -18.651    59.855
 2    -0.131    -0.991    -0.025
 2     0.988    -0.133     0.069
 2    -0.072    -0.016     0.997
 3   129.488    -1.914     4.058
 3     0.672    -0.514    -0.533
 3     0.196     0.818    -0.541
 3     0.714     0.259     0.650
 4   112.482    13.840    -5.905
 4     0.602    -0.797     0.054
 4     0.787     0.580    -0.209
 4     0.135     0.168     0.976
 5    96.716    20.167    11.862
 5    -0.427    -0.038     0.903
 5     0.571    -0.786     0.237
 5     0.701     0.617     0.358
 6    94.195    34.547    38.769
 6    -0.612    -0.063    -0.788
 6     0.342     0.877    -0.336
 6     0.713    -0.476    -0.515
 7   111.990   -20.280    -5.030
 7     0.622     0.781    -0.046
 7    -0.782     0.623    -0.003
 7     0.026     0.037     0.999
 8    94.974   -25.049    12.390
 8    -0.451     0.107     0.886
 8    -0.306    -0.951    -0.040
 8     0.838    -0.289     0.461
 9    89.460   -36.020    35.499
 9    -0.569     0.334    -0.752
 9    -0.247     0.802     0.543
 9     0.785     0.494    -0.374
 2    96.624   -18.651    59.855
 2    -0.131    -0.991    -0.025
 2     0.988    -0.133     0.069
 2    -0.072    -0.016     0.997
 3   129.478    -1.918     4.072
 3     0.675    -0.511    -0.532
 3     0.196     0.819    -0.539
 3     0.711     0.259     0.653
 4   112.532    13.840    -5.906
 4     0.604    -0.795     0.054
 4     0.785     0.582    -0.211
 4     0.135     0.170     0.976
 5    96.765    20.218    11.887
 5    -0.427    -0.038     0.903
 5     0.571    -0.786     0.237
 5     0.701     0.617     0.357
 6    94.189    34.570    38.777
 6    -0.613    -0.062    -0.788
 6     0.344     0.876    -0.337
 6     0.711    -0.478    -0.516
 7   111.989   -20.281    -5.077
 7     0.621     0.782    -0.043
 7    -0.783     0.621    -0.003
 7     0.025     0.036     0.999
 8    95.001   -24.740    12.543
 8    -0.446     0.089     0.890
 8    -0.299    -0.953    -0.055
 8     0.843    -0.290     0.451
 9    89.582   -35.846    35.735
 9    -0.568     0.368    -0.737
 9    -0.240     0.782     0.575
 9     0.788     0.503    -0.356
 2    96.624   -18.651    59.855
 2    -0.131    -0.991    -0.025
 2     0.988    -0.133     0.069
 2    -0.072    -0.016     0.997
 3   129.508    -1.848     3.996
 3     0.680    -0.510    -0.527
 3     0.198     0.820    -0.537
 3     0.705     0.260     0.659
 4   112.587    13.841    -5.912
 4     0.606    -0.793     0.055
 4     0.783     0.584    -0.213
 4     0.137     0.172     0.975
 5    96.764    20.218    11.887
 5    -0.428    -0.036     0.903
 5     0.571    -0.786     0.239
 5     0.701     0.617     0.356
 6    94.133    34.619    38.760
 6    -0.614    -0.060    -0.787
 6     0.346     0.875    -0.338
 6     0.709    -0.480    -0.517
 7   111.937   -20.283    -5.017
 7     0.620     0.784    -0.038
 7    -0.784     0.620    -0.001
 7     0.023     0.030     0.999
 8    95.137   -24.630    12.750
 8    -0.437     0.081     0.896
 8    -0.290    -0.955    -0.055
 8     0.851    -0.284     0.441
 9    89.907   -35.661    35.989
 9    -0.561     0.378    -0.736
 9    -0.235     0.780     0.579
 9     0.794     0.498    -0.349
 2    96.573   -18.651    59.855
 2    -0.131    -0.991    -0.025
 2     0.988    -0.133     0.069
 2    -0.072    -0.016     0.997
 3   129.567    -1.929     3.941
 3     0.685    -0.506    -0.524
 3     0.199     0.822    -0.533
 3     0.700     0.261     0.664
 4   112.590    13.891    -5.864
 4     0.610    -0.790     0.054
 4     0.780     0.587    -0.216
 4     0.138     0.174     0.975
 5    96.812    20.217    11.863
 5    -0.426    -0.036     0.904
 5     0.573    -0.784     0.238
 5     0.700     0.620     0.355
 6    94.197    34.843    38.545
 6    -0.615    -0.054    -0.787
 6     0.354     0.872    -0.336
 6     0.705    -0.486    -0.517
 7   111.936   -20.335    -5.009
 7     0.619     0.785    -0.032
 7    -0.785     0.619     0.002
 7     0.021     0.024     0.999
 8    95.200   -24.548    12.736
 8    -0.434     0.076     0.898
 8    -0.291    -0.955    -0.059
 8     0.853    -0.287     0.436
 9    89.907   -35.716    36.012
 9    -0.563     0.395    -0.726
 9    -0.237     0.765     0.599
 9     0.792     0.509    -0.337
 2    96.624   -18.651    59.855
 2    -0.131    -0.991    -0.025
 2     0.989    -0.133     0.069
 2    -0.072    -0.016     0.997
 3   129.624    -1.851     3.934
 3     0.683    -0.505    -0.527
 3     0.199     0.823    -0.531
 3     0.702     0.258     0.663
 4   112.771    13.891    -5.971
 4     0.614    -0.787     0.054
 4     0.776     0.591    -0.218
 4     0.140     0.175     0.974
 5    96.907    20.317    11.866
 5    -0.426    -0.036     0.904
 5     0.574    -0.783     0.239
 5     0.699     0.621     0.354
 6    94.239    34.917    38.502
 6    -0.615    -0.056    -0.786
 6     0.355     0.870    -0.340
 6     0.703    -0.489    -0.516
 7   111.930   -20.289    -5.040
 7     0.616     0.787    -0.021
 7    -0.787     0.616     0.004
 7     0.016     0.014     1.000
 8    95.321   -24.258    12.962
 8    -0.422     0.058     0.904
 8    -0.280    -0.957    -0.069
 8     0.862    -0.283     0.421
 9    90.435   -35.299    36.379
 9    -0.551     0.427    -0.717
 9    -0.227     0.750     0.621
 9     0.803     0.504    -0.316
 2    96.624   -18.651    59.855
 2    -0.131    -0.991    -0.025
 2     0.989    -0.133     0.069
 2    -0.072    -0.016     0.997
 3   129.579    -1.850     3.931
 3     0.682    -0.505    -0.528
 3     0.199     0.824    -0.531
 3     0.703     0.256     0.663
 4   112.773    13.917    -5.924
 4     0.615    -0.787     0.054
 4     0.776     0.591    -0.220
 4     0.141     0.177     0.974
 5    97.003    20.325    11.966
 5    -0.421    -0.029     0.906
 5     0.571    -0.785     0.240
 5     0.705     0.618     0.347
 6    94.372    34.920    38.658
 6    -0.612    -0.072    -0.788
 6     0.352     0.866    -0.353
 6     0.708    -0.494    -0.505
 7   111.896   -20.218    -5.069
 7     0.615     0.788    -0.009
 7    -0.788     0.615     0.005
 7     0.010     0.004     1.000
 8    95.539   -24.213    13.133
 8    -0.406     0.055     0.912
 8    -0.277    -0.958    -0.065
 8     0.870    -0.280     0.405
 9    90.922   -35.282    36.594
 9    -0.539     0.438    -0.719
 9    -0.226     0.748     0.624
 9     0.811     0.499    -0.304
 2    96.624   -18.651    59.855
 2    -0.131    -0.991    -0.025
 2     0.989    -0.133     0.069
 2    -0.072    -0.016     0.997
 3   129.625    -1.800     3.884
 3     0.683    -0.505    -0.527
 3     0.200     0.824    -0.530
 3     0.702     0.257     0.664
 4   112.721    13.968    -5.874
 4     0.615    -0.786     0.056
 4     0.776     0.591    -0.222
 4     0.141     0.180     0.973
 5    96.955    20.276    12.039
 5    -0.422    -0.025     0.906
 5     0.568    -0.786     0.243
 5     0.706     0.617     0.346
 6    94.191    34.793    38.765
 6    -0.615    -0.077    -0.785
 6     0.349     0.866    -0.358
 6     0.707    -0.494    -0.505
 7   111.894   -20.218    -5.117
 7     0.616     0.787    -0.008
 7    -0.787     0.616     0.005
 7     0.009     0.002     1.000
 8    95.595   -24.160    13.126
 8    -0.406     0.053     0.912
