% Calibrated with leiden_pols
% Positions are in centimeters
Data =[
 2    98.057   -18.692    59.918
 2     0.999     0.036    -0.011
 2    -0.036     0.999     0.031
 2     0.011    -0.031     0.999
 3   127.379    -5.629     4.022
 3     0.624    -0.102    -0.775
 3     0.228     0.972     0.055
 3     0.747    -0.211     0.630
 4   105.822     7.471    -3.593
 4     0.495    -0.731     0.470
 4     0.834     0.551    -0.023
 4    -0.242     0.403     0.882
 5   112.286    18.755    22.591
 5     0.387    -0.328     0.862
 5     0.236    -0.869    -0.436
 5     0.891     0.372    -0.259
 6   128.172    24.425    46.831
 6     0.344    -0.414    -0.843
 6     0.038     0.903    -0.428
 6     0.938     0.115     0.326
 7   108.934   -23.412    -2.845
 7     0.392     0.895     0.211
 7    -0.916     0.361     0.173
 7     0.079    -0.262     0.962
 8   114.088   -28.756    26.404
 8     0.452     0.209     0.867
 8    -0.148    -0.941     0.304
 8     0.879    -0.266    -0.395
 9   131.482   -27.806    47.302
 9     0.514     0.121    -0.849
 9     0.161     0.958     0.234
 9     0.843    -0.257     0.473
 2    98.007   -18.692    59.918
 2     0.999     0.036    -0.010
 2    -0.036     0.999     0.031
 2     0.011    -0.031     0.999
 3   127.383    -5.678     4.018
 3     0.623    -0.102    -0.775
 3     0.228     0.972     0.055
 3     0.748    -0.212     0.629
 4   105.873     7.420    -3.592
 4     0.496    -0.731     0.469
 4     0.834     0.551    -0.023
 4    -0.242     0.402     0.883
 5   112.242    18.757    22.637
 5     0.385    -0.328     0.862
 5     0.237    -0.869    -0.436
 5     0.892     0.372    -0.257
 6   128.172    24.374    46.831
 6     0.345    -0.414    -0.842
 6     0.037     0.902    -0.429
 6     0.938     0.116     0.326
 7   108.986   -23.462    -2.797
 7     0.392     0.895     0.210
 7    -0.916     0.360     0.174
 7     0.080    -0.261     0.962
 8   114.093   -28.730    26.448
 8     0.452     0.209     0.867
 8    -0.148    -0.941     0.304
 8     0.880    -0.266    -0.394
 9   131.483   -27.754    47.380
 9     0.513     0.124    -0.849
 9     0.163     0.957     0.238
 9     0.843    -0.261     0.471
 2    98.009   -18.691    59.915
 2     0.999     0.036    -0.011
 2    -0.036     0.999     0.032
 2     0.012    -0.031     0.999
 3   127.383    -5.678     4.069
 3     0.623    -0.102    -0.776
 3     0.228     0.972     0.056
 3     0.748    -0.212     0.629
 4   105.875     7.421    -3.620
 4     0.496    -0.731     0.468
 4     0.834     0.551    -0.023
 4    -0.241     0.402     0.883
 5   112.341    18.758    22.636
 5     0.384    -0.327     0.863
 5     0.237    -0.869    -0.435
 5     0.892     0.371    -0.257
 6   128.147    24.373    46.830
 6     0.345    -0.415    -0.842
 6     0.036     0.902    -0.430
 6     0.938     0.117     0.326
 7   108.986   -23.462    -2.900
 7     0.393     0.895     0.210
 7    -0.916     0.361     0.175
 7     0.080    -0.261     0.962
 8   114.083   -28.763    25.902
 8     0.401     0.222     0.888
 8    -0.163    -0.937     0.308
 8     0.901    -0.269    -0.340
 9   131.375   -27.708    47.400
 9     0.518     0.135    -0.845
 9     0.163     0.954     0.252
 9     0.840    -0.269     0.472
 2    98.009   -18.691    59.940
 2     0.999     0.037    -0.011
 2    -0.036     0.999     0.031
 2     0.012    -0.031     0.999
 3   127.412    -5.677     4.064
 3     0.622    -0.101    -0.776
 3     0.228     0.972     0.056
 3     0.749    -0.212     0.628
 4   105.958     7.474    -3.602
 4     0.498    -0.732     0.465
 4     0.833     0.552    -0.026
 4    -0.238     0.401     0.885
 5   112.333    18.710    22.591
 5     0.382    -0.316     0.868
 5     0.243    -0.872    -0.424
 5     0.891     0.373    -0.257
 6   128.175    24.425    46.834
 6     0.343    -0.409    -0.845
 6     0.038     0.905    -0.423
 6     0.938     0.112     0.326
 7   109.171   -23.477    -2.821
 7     0.403     0.892     0.204
 7    -0.911     0.370     0.182
 7     0.086    -0.259     0.962
 8   114.410   -29.101    25.824
 8     0.390     0.252     0.885
 8    -0.167    -0.926     0.338
 8     0.905    -0.280    -0.319
 9   131.706   -27.823    47.223
 9     0.526     0.121    -0.841
 9     0.143     0.963     0.228
 9     0.838    -0.240     0.490
 2    98.009   -18.691    59.915
 2     0.999     0.036    -0.011
 2    -0.036     0.999     0.032
 2     0.012    -0.031     0.999
 3   127.419    -5.623     4.107
 3     0.618    -0.101    -0.779
 3     0.229     0.971     0.056
 3     0.751    -0.214     0.624
 4   105.965     7.475    -3.606
 4     0.500    -0.733     0.461
 4     0.833     0.552    -0.026
 4    -0.236     0.397     0.887
 5   112.430    18.688    22.439
 5     0.380    -0.292     0.877
 5     0.260    -0.877    -0.404
 5     0.887     0.382    -0.258
 6   128.594    24.459    46.662
 6     0.339    -0.381    -0.860
 6     0.047     0.920    -0.390
 6     0.939     0.092     0.330
 7   109.225   -23.448    -2.804
 7     0.408     0.890     0.202
 7    -0.908     0.375     0.184
 7     0.088    -0.259     0.962
 8   115.228   -29.240    25.816
 8     0.409     0.266     0.873
 8    -0.174    -0.916     0.361
 8     0.896    -0.299    -0.329
 9   132.895   -27.899    46.746
 9     0.549     0.096    -0.830
 9     0.126     0.972     0.196
 9     0.826    -0.213     0.521
 2    98.009   -18.691    59.915
 2     0.999     0.036    -0.011
 2    -0.036     0.999     0.032
 2     0.012    -0.031     0.999
 3   127.483    -5.566     4.165
 3     0.613    -0.103    -0.783
 3     0.232     0.971     0.054
 3     0.755    -0.215     0.620
 4   105.959     7.522    -3.610
 4     0.498    -0.740     0.452
 4     0.833     0.553    -0.013
 4    -0.241     0.383     0.892
 5   113.100    19.016    22.399
 5     0.410    -0.221     0.885
 5     0.299    -0.884    -0.359
 5     0.861     0.412    -0.297
 6   130.197    25.657    45.626
 6     0.381    -0.391    -0.838
 6     0.071     0.916    -0.395
 6     0.921     0.091     0.377
 7   109.213   -23.400    -2.739
 7     0.411     0.888     0.203
 7    -0.908     0.379     0.180
 7     0.083    -0.259     0.962
 8   116.186   -29.941    25.566
 8     0.453     0.237     0.859
 8    -0.208    -0.910     0.360
 8     0.867    -0.341    -0.363
 9   134.982   -29.421    45.363
 9     0.596     0.105    -0.796
 9     0.092     0.976     0.197
 9     0.798    -0.191     0.572
 2    98.009   -18.691    59.940
 2     0.999     0.036    -0.011
 2    -0.036     0.999     0.031
 2     0.012    -0.031     0.999
 3   127.483    -5.616     4.115
 3     0.613    -0.103    -0.784
 3     0.233     0.971     0.054
 3     0.755    -0.216     0.619
 4   105.901     7.517    -3.572
 4     0.499    -0.739     0.452
 4     0.831     0.556    -0.009
 4    -0.245     0.380     0.892
 5   114.029    19.405    22.256
 5     0.452    -0.163     0.877
 5     0.333    -0.881    -0.335
 5     0.828     0.443    -0.344
 6   132.091    26.687    44.215
 6     0.436    -0.405    -0.804
 6     0.089     0.908    -0.409
 6     0.895     0.106     0.432
 7   109.085   -23.259    -2.776
 7     0.411     0.887     0.208
 7    -0.909     0.381     0.168
 7     0.070    -0.259     0.963
 8   117.209   -30.612    25.308
 8     0.502     0.200     0.841
 8    -0.238    -0.903     0.357
 8     0.831    -0.379    -0.406
 9   137.074   -30.846    43.635
 9     0.646     0.118    -0.754
 9     0.061     0.976     0.206
 9     0.761    -0.179     0.624
 2    98.009   -18.691    59.915
 2     0.999     0.036    -0.011
 2    -0.036     0.999     0.032
 2     0.012    -0.031     0.999
 3   127.441    -5.563     4.106
 3     0.610    -0.102    -0.786
 3     0.233     0.970     0.055
 3     0.757    -0.217     0.616
 4   105.928     7.452    -3.709
 4     0.506    -0.734     0.453
 4     0.823     0.568    -0.000
 4    -0.258     0.373     0.891
 5   115.071    19.710    21.936
 5     0.495    -0.128     0.859
 5     0.355    -0.873    -0.334
 5     0.793     0.471    -0.387
 6   134.167    27.287    42.680
 6     0.484    -0.391    -0.783
 6     0.099     0.913    -0.396
 6     0.870     0.114     0.480
 7   108.919   -23.150    -2.819
 7     0.408     0.887     0.215
 7    -0.911     0.383     0.151
 7     0.051    -0.258     0.965
 8   118.743   -31.467    24.781
 8     0.565     0.154     0.810
 8    -0.270    -0.894     0.358
 8     0.779    -0.421    -0.464
 9   139.609   -32.386    41.066
 9     0.708     0.120    -0.695
 9     0.035     0.978     0.204
 9     0.704    -0.169     0.689
 2    98.009   -18.691    59.915
 2     0.999     0.036    -0.011
 2    -0.036     0.999     0.032
 2     0.012    -0.031     0.999
 3   127.442    -5.613     4.081
 3     0.609    -0.102    -0.787
 3     0.235     0.970     0.057
 3     0.757    -0.220     0.615
 4   105.899     7.335    -3.845
 4     0.510    -0.727     0.459
 4     0.816     0.578     0.009
 4    -0.272     0.370     0.888
 5   116.007    20.284    21.427
 5     0.541    -0.089     0.836
 5     0.386    -0.857    -0.340
 5     0.747     0.507    -0.429
 6   136.412    27.839    40.378
 6     0.549    -0.373    -0.748
 6     0.104     0.918    -0.382
 6     0.829     0.132     0.543
 7   108.790   -23.046    -2.971
 7     0.406     0.885     0.226
 7    -0.914     0.386     0.128
 7     0.026    -0.259     0.965
 8   120.301   -32.067    23.955
 8     0.629     0.105     0.770
 8    -0.296    -0.884     0.362
 8     0.719    -0.456    -0.525
 9   142.267   -33.213    38.194
 9     0.767     0.114    -0.631
 9     0.016     0.980     0.197
 9     0.641    -0.161     0.750
 2    98.009   -18.691    59.915
 2     0.999     0.036    -0.011
 2    -0.036     0.999     0.031
 2     0.012    -0.031     0.999
 3   127.445    -5.559     4.026
 3     0.607    -0.103    -0.788
 3     0.238     0.969     0.056
 3     0.758    -0.222     0.613
 4   105.809     7.139    -3.921
 4     0.510    -0.721     0.468
 4     0.809     0.586     0.021
 4    -0.290     0.369     0.883
 5   116.841    20.702    20.919
 5     0.588    -0.049     0.807
 5     0.411    -0.841    -0.351
 5     0.696     0.538    -0.474
 6   138.419    28.425    38.465
 6     0.601    -0.348    -0.719
 6     0.102     0.926    -0.363
 6     0.792     0.144     0.593
 7   108.634   -22.892    -3.096
 7     0.404     0.884     0.235
 7    -0.915     0.391     0.104
 7     0.000    -0.257     0.966
 8   121.640   -32.380    23.079
 8     0.681     0.068     0.729
 8    -0.310    -0.875     0.371
 8     0.664    -0.479    -0.575
 9   144.278   -33.955    35.416
 9     0.813     0.110    -0.572
 9     0.001     0.981     0.191
 9     0.582    -0.157     0.797
 2    98.009   -18.691    59.915
 2     0.999     0.036    -0.011
 2    -0.036     0.999     0.031
 2     0.012    -0.031     0.999
 3   127.421    -5.608     3.925
 3     0.605    -0.105    -0.789
 3     0.243     0.968     0.057
 3     0.758    -0.227     0.612
 4   105.617     6.908    -4.143
 4     0.505    -0.715     0.484
 4     0.802     0.596     0.043
 4    -0.319     0.366     0.874
 5   117.426    21.498    20.188
 5     0.630    -0.012     0.776
 5     0.438    -0.820    -0.369
 5     0.641     0.573    -0.511
 6   140.107    28.975    35.871
 6     0.660    -0.311    -0.684
 6     0.096     0.938    -0.333
 6     0.745     0.154     0.649
 7   108.445   -22.692    -3.236
 7     0.398     0.884     0.244
 7    -0.917     0.392     0.075
 7    -0.029    -0.253     0.967
 8   122.993   -32.644    22.150
 8     0.733     0.024     0.680
 8    -0.321    -0.869     0.377
 8     0.599    -0.495    -0.629
 9   146.599   -34.369    32.403
 9     0.858     0.101    -0.504
 9    -0.005     0.982     0.189
 9     0.514    -0.160     0.843
 2    98.009   -18.691    59.915
 2     0.999     0.036    -0.011
 2    -0.036     0.999     0.032
 2     0.012    -0.031     0.999
 3   127.413    -5.530     3.910
 3     0.604    -0.110    -0.789
 3     0.251     0.966     0.057
 3     0.756    -0.232     0.611
 4   105.408     6.646    -4.374
 4     0.495    -0.708     0.504
 4     0.793     0.604     0.070
 4    -0.354     0.365     0.861
 5   118.408    21.981    19.026
 5     0.673     0.038     0.738
 5     0.466    -0.797    -0.384
 5     0.573     0.603    -0.554
 6   141.899    30.190    32.762
 6     0.715    -0.294    -0.634
 6     0.112     0.944    -0.311
 6     0.689     0.151     0.708
 7   108.208   -22.465    -3.377
 7     0.395     0.883     0.253
 7    -0.917     0.396     0.047
 7    -0.058    -0.251     0.966
 8   124.266   -32.914    20.946
 8     0.781    -0.019     0.624
 8    -0.333    -0.859     0.390
 8     0.528    -0.512    -0.677
 9   148.284   -34.687    28.816
 9     0.898     0.089    -0.430
 9    -0.012     0.983     0.179
 9     0.438    -0.156     0.885
 2    98.007   -18.692    59.918
 2     0.999     0.036    -0.011
 2    -0.036     0.999     0.032
 2     0.011    -0.032     0.999
 3   127.405    -5.428     3.869
 3     0.604    -0.115    -0.789
 3     0.258     0.964     0.056
 3     0.754    -0.238     0.612
 4   105.100     6.257    -4.477
 4     0.485    -0.701     0.523
 4     0.783     0.615     0.096
 4    -0.389     0.363     0.847
 5   119.022    22.720    17.884
 5     0.708     0.089     0.701
 5     0.495    -0.770    -0.403
 5     0.503     0.632    -0.589
 6   143.516    30.841    29.504
 6     0.769    -0.271    -0.579
 6     0.119     0.951    -0.286
 6     0.627     0.151     0.763
 7   107.970   -22.264    -3.466
 7     0.390     0.882     0.262
 7    -0.917     0.399     0.020
 7    -0.087    -0.248     0.964
 8   125.371   -33.313    19.629
 8     0.820    -0.064     0.568
 8    -0.346    -0.847     0.403
 8     0.456    -0.527    -0.717
 9   149.656   -35.512    25.159
 9     0.931     0.083    -0.355
 9    -0.025     0.986     0.166
 9     0.364    -0.146     0.920
 2    98.009   -18.691    59.915
 2     0.999     0.036    -0.011
 2    -0.036     0.999     0.032
 2     0.012    -0.031     0.999
 3   127.340    -5.379     3.710
 3     0.605    -0.121    -0.787
 3     0.265     0.962     0.056
 3     0.750    -0.243     0.614
 4   104.897     5.946    -4.714
 4     0.476    -0.693     0.541
 4     0.772     0.624     0.119
 4    -0.421     0.361     0.832
 5   119.718    23.290    16.786
 5     0.736     0.130     0.664
 5     0.515    -0.745    -0.425
 5     0.440     0.654    -0.615
 6   145.001    31.384    25.901
 6     0.822    -0.240    -0.517
 6     0.119     0.959    -0.257
 6     0.557     0.150     0.816
 7   107.685   -22.115    -3.558
 7     0.382     0.883     0.270
 7    -0.917     0.399    -0.008
 7    -0.115    -0.245     0.963
 8   126.178   -33.894    18.160
 8     0.849    -0.115     0.515
 8    -0.365    -0.833     0.416
 8     0.381    -0.541    -0.749
 9   150.660   -36.057    21.569
 9     0.956     0.079    -0.282
 9    -0.036     0.987     0.154
 9     0.290    -0.138     0.947
 2    98.009   -18.691    59.915
 2     0.999     0.036    -0.011
 2    -0.036     0.999     0.032
 2     0.012    -0.031     0.999
 3   127.287    -5.429     3.664
 3     0.605    -0.123    -0.786
 3     0.269     0.961     0.057
 3     0.749    -0.247     0.615
 4   104.709     5.612    -4.836
 4     0.472    -0.685     0.555
 4     0.759     0.636     0.139
 4    -0.448     0.356     0.820
 5   120.461    23.531    15.492
 5     0.763     0.161     0.626
 5     0.522    -0.724    -0.450
 5     0.381     0.670    -0.636
 6   146.213    31.255    23.076
 6     0.858    -0.209    -0.468
 6     0.110     0.967    -0.231
 6     0.501     0.146     0.853
 7   107.405   -21.965    -3.653
 7     0.371     0.886     0.277
 7    -0.918     0.396    -0.036
 7    -0.141    -0.241     0.960
 8   126.903   -34.420    16.691
 8     0.870    -0.163     0.465
 8    -0.382    -0.819     0.427
 8     0.311    -0.550    -0.775
 9   151.424   -37.057    18.041
 9     0.974     0.082    -0.211
 9    -0.053     0.988     0.142
 9     0.219    -0.127     0.967
 2    98.009   -18.691    59.915
 2     0.999     0.036    -0.011
 2    -0.036     0.999     0.032
 2     0.012    -0.031     0.999
 3   127.227    -5.533     3.551
 3     0.607    -0.123    -0.785
 3     0.273     0.960     0.061
 3     0.746    -0.252     0.616
 4   104.500     5.355    -4.963
 4     0.470    -0.674     0.570
 4     0.745     0.649     0.153
 4    -0.473     0.353     0.807
 5   121.061    23.710    14.513
 5     0.782     0.187     0.594
 5     0.526    -0.709    -0.469
 5     0.333     0.679    -0.654
 6   147.302    31.033    20.422
 6     0.886    -0.181    -0.427
 6     0.100     0.974    -0.203
 6     0.453     0.136     0.881
 7   107.106   -21.812    -3.682
 7     0.362     0.888     0.283
 7    -0.918     0.393    -0.060
 7    -0.164    -0.238     0.957
 8   127.389   -34.818    15.313
 8     0.886    -0.211     0.413
 8    -0.396    -0.808     0.436
 8     0.242    -0.550    -0.799
 9   151.876   -37.706    14.274
 9     0.988     0.082    -0.132
 9    -0.064     0.989     0.130
 9     0.141    -0.120     0.983
 2    98.009   -18.691    59.915
 2     0.999     0.036    -0.011
 2    -0.036     0.999     0.032
 2     0.012    -0.031     0.999
 3   127.136    -5.613     3.448
 3     0.611    -0.123    -0.782
 3     0.277     0.958     0.065
 3     0.741    -0.257     0.620
 4   104.308     4.968    -5.130
 4     0.466    -0.663     0.586
 4     0.729     0.663     0.169
 4    -0.501     0.348     0.792
 5   121.368    23.908    13.402
 5     0.798     0.222     0.559
 5     0.534    -0.690    -0.488
 5     0.277     0.689    -0.670
 6   147.949    30.782    16.967
 6     0.924    -0.136    -0.358
 6     0.078     0.982    -0.171
 6     0.375     0.130     0.918
 7   106.890   -21.680    -3.699
 7     0.355     0.889     0.287
 7    -0.916     0.392    -0.079
 7    -0.183    -0.235     0.954
 8   127.949   -35.036    13.826
 8     0.900    -0.249     0.357
 8    -0.400    -0.797     0.452
 8     0.173    -0.550    -0.817
 9   152.252   -38.040    10.983
 9     0.995     0.075    -0.065
 9    -0.067     0.990     0.122
 9     0.073    -0.117     0.990
 2    98.007   -18.692    59.867
 2     0.999     0.036    -0.010
 2    -0.036     0.999     0.031
 2     0.011    -0.031     0.999
 3   127.064    -5.667     3.297
 3     0.614    -0.130    -0.779
 3     0.287     0.955     0.067
 3     0.735    -0.265     0.624
 4   104.010     4.452    -5.264
 4     0.457    -0.657     0.600
 4     0.714     0.673     0.193
 4    -0.531     0.340     0.776
 5   121.741    23.900    12.019
 5     0.813     0.262     0.520
 5     0.541    -0.671    -0.507
 5     0.216     0.693    -0.687
 6   148.827    30.008    13.757
 6     0.950    -0.095    -0.296
 6     0.054     0.988    -0.143
 6     0.306     0.119     0.944
 7   106.706   -21.696    -3.700
 7     0.352     0.889     0.292
 7    -0.915     0.393    -0.094
 7    -0.199    -0.234     0.952
 8   128.530   -35.197    12.609
 8     0.910    -0.277     0.309
 8    -0.399    -0.789     0.467
 8     0.114    -0.548    -0.828
 9   152.568   -37.816     7.516
 9     0.998     0.058     0.004
 9    -0.059     0.992     0.108
 9     0.002    -0.108     0.994
 2    98.009   -18.691    59.915
 2     0.999     0.036    -0.011
 2    -0.036     0.999     0.032
 2     0.012    -0.031     0.999
 3   126.975    -5.846     3.112
 3     0.615    -0.136    -0.777
 3     0.295     0.953     0.067
 3     0.731    -0.271     0.626
 4   103.680     3.831    -5.516
 4     0.447    -0.648     0.616
 4     0.695     0.686     0.216
 4    -0.563     0.332     0.757
 5   121.998    24.023    10.525
 5     0.819     0.301     0.489
 5     0.552    -0.647    -0.526
 5     0.158     0.701    -0.696
 6   149.099    29.410    10.171
 6     0.972    -0.059    -0.228
 6     0.034     0.993    -0.113
 6     0.233     0.102     0.967
 7   106.551   -21.684    -3.783
 7     0.349     0.888     0.298
 7    -0.912     0.394    -0.108
 7    -0.213    -0.235     0.948
 8   128.886   -35.334    11.110
 8     0.917    -0.303     0.259
 8    -0.395    -0.780     0.485
 8     0.055    -0.547    -0.835
 9   152.706   -37.788     4.452
 9     0.997     0.045     0.063
 9    -0.051     0.994     0.097
 9    -0.059    -0.100     0.993
 2    98.007   -18.692    59.918
 2     0.999     0.036    -0.010
 2    -0.036     0.999     0.031
 2     0.011    -0.031     0.999
 3   126.910    -6.076     2.874
 3     0.617    -0.141    -0.774
 3     0.301     0.951     0.066
 3     0.727    -0.274     0.629
 4   103.353     3.351    -5.630
 4     0.438    -0.644     0.627
 4     0.684     0.691     0.232
 4    -0.583     0.327     0.743
 5   122.001    24.207     9.358
 5     0.820     0.336     0.463
 5     0.562    -0.628    -0.539
 5     0.109     0.701    -0.704
 6   149.002    28.612     6.349
 6     0.990    -0.014    -0.141
 6    -0.002     0.994    -0.111
 6     0.141     0.109     0.984
 7   106.400   -21.772    -3.844
 7     0.347     0.886     0.306
 7    -0.910     0.397    -0.118
 7    -0.226    -0.238     0.944
 8   129.179   -35.494     9.821
 8     0.919    -0.329     0.217
 8    -0.394    -0.770     0.502
 8     0.002    -0.547    -0.837
 9   152.652   -37.554     1.479
 9     0.992     0.030     0.119
 9    -0.041     0.995     0.089
 9    -0.116    -0.093     0.989
 2    98.009   -18.691    59.915
 2     0.999     0.036    -0.011
 2    -0.036     0.999     0.032
 2     0.012    -0.031     0.999
 3   126.790    -6.156     2.588
 3     0.620    -0.152    -0.770
 3     0.306     0.950     0.058
 3     0.722    -0.272     0.635
 4   102.989     2.918    -5.837
 4     0.425    -0.639     0.641
 4     0.672     0.697     0.248
 4    -0.606     0.325     0.726
 5   121.843    24.243     8.251
 5     0.819     0.369     0.438
 5     0.569    -0.611    -0.550
 5     0.065     0.700    -0.711
 6   148.761    27.531     2.983
 6     0.997     0.044    -0.055
 6    -0.050     0.992    -0.118
 6     0.049     0.120     0.991
 7   106.203   -21.781    -3.830
 7     0.347     0.882     0.318
 7    -0.907     0.402    -0.125
 7    -0.238    -0.245     0.940
 8   129.350   -35.632     8.482
 8     0.916    -0.359     0.178
 8    -0.398    -0.758     0.517
 8    -0.051    -0.545    -0.837
 9   152.352   -37.729    -1.448
 9     0.984     0.026     0.173
 9    -0.040     0.996     0.076
 9    -0.171    -0.082     0.982
 2    98.009   -18.691    59.915
 2     0.999     0.036    -0.011
 2    -0.036     0.999     0.032
 2     0.012    -0.031     0.999
 3   126.745    -6.210     2.252
 3     0.623    -0.163    -0.765
 3     0.313     0.948     0.053
 3     0.717    -0.273     0.641
 4   102.656     2.641    -5.899
 4     0.413    -0.636     0.652
 4     0.662     0.701     0.264
 4    -0.626     0.322     0.710
 5   121.806    24.522     6.746
 5     0.815     0.408     0.410
 5     0.578    -0.586    -0.568
 5     0.009     0.700    -0.714
 6   148.052    26.631    -0.593
 6     0.995     0.093     0.030
 6    -0.089     0.989    -0.119
 6    -0.041     0.116     0.992
 7   106.084   -21.788    -3.900
 7     0.349     0.877     0.329
 7    -0.903     0.408    -0.129
 7    -0.248    -0.252     0.935
 8   129.492   -35.796     7.001
 8     0.909    -0.393     0.137
 8    -0.402    -0.745     0.531
 8    -0.107    -0.539    -0.836
 9   151.911   -37.656    -4.761
 9     0.971     0.018     0.235
 9    -0.036     0.997     0.069
 9    -0.233    -0.076     0.969
 2    98.009   -18.691    59.915
 2     0.999     0.036    -0.011
 2    -0.036     0.999     0.031
 2     0.012    -0.031     0.999
 3   126.578    -6.110     2.089
 3     0.623    -0.173    -0.763
 3     0.320     0.946     0.047
 3     0.713    -0.273     0.645
 4   102.358     2.214    -5.969
 4     0.403    -0.632     0.662
 4     0.650     0.707     0.278
 4    -0.643     0.318     0.696
 5   121.598    24.661     5.386
 5     0.806     0.441     0.394
 5     0.591    -0.560    -0.581
 5    -0.035     0.701    -0.712
 6   147.466    26.160    -3.516
 6     0.988     0.123     0.097
 6    -0.112     0.988    -0.109
 6    -0.109     0.096     0.989
 7   105.937   -21.846    -3.939
 7     0.353     0.870     0.343
 7    -0.899     0.418    -0.134
 7    -0.260    -0.261     0.930
 8   129.440   -35.961     5.406
 8     0.900    -0.425     0.101
 8    -0.406    -0.730     0.549
 8    -0.159    -0.535    -0.830
 9   151.203   -37.758    -7.790
 9     0.957     0.019     0.290
 9    -0.035     0.998     0.051
 9    -0.288    -0.059     0.956
 2    98.007   -18.641    59.918
 2     0.999     0.036    -0.010
 2    -0.036     0.999     0.031
 2     0.011    -0.031     0.999
 3   126.480    -6.165     1.834
 3     0.627    -0.183    -0.757
 3     0.328     0.944     0.043
 3     0.707    -0.275     0.651
 4   101.931     1.775    -6.111
 4     0.388    -0.624     0.678
 4     0.633     0.715     0.295
 4    -0.669     0.315     0.673
 5   121.305    24.624     4.067
 5     0.800     0.465     0.378
 5     0.595    -0.538    -0.597
 5    -0.074     0.703    -0.708
 6   146.969    25.950    -5.641
 6     0.982     0.130     0.135
 6    -0.118     0.989    -0.092
 6    -0.146     0.074     0.986
 7   105.677   -21.858    -3.985
 7     0.359     0.860     0.362
 7    -0.891     0.432    -0.141
 7    -0.278    -0.272     0.921
 8   129.396   -36.193     3.435
 8     0.883    -0.466     0.057
 8    -0.410    -0.706     0.578
 8    -0.229    -0.534    -0.814
 9   150.186   -37.705   -12.111
 9     0.931     0.024     0.364
 9    -0.032     0.999     0.014
 9    -0.364    -0.025     0.931
 2    98.007   -18.692    59.918
 2     0.999     0.036    -0.010
 2    -0.036     0.999     0.031
 2     0.011    -0.031     0.999
 3   126.350    -6.222     1.586
 3     0.631    -0.195    -0.751
 3     0.336     0.941     0.037
 3     0.699    -0.276     0.659
 4   101.602     1.393    -6.221
 4     0.381    -0.615     0.691
 4     0.617     0.725     0.304
 4    -0.688     0.310     0.656
 5   121.070    24.667     2.642
 5     0.789     0.488     0.372
 5     0.604    -0.509    -0.613
 5    -0.110     0.709    -0.697
 6   146.216    25.738    -8.235
 6     0.975     0.128     0.180
 6    -0.118     0.991    -0.062
 6    -0.187     0.039     0.981
 7   105.501   -21.826    -3.984
 7     0.362     0.851     0.380
 7    -0.881     0.445    -0.157
 7    -0.303    -0.278     0.911
 8   128.995   -36.441     0.810
 8     0.853    -0.522     0.004
 8    -0.415    -0.673     0.612
 8    -0.316    -0.524    -0.791
 9   148.278   -37.465   -17.202
 9     0.891     0.030     0.452
 9    -0.023     0.999    -0.020
 9    -0.453     0.007     0.891
 2    98.007   -18.692    59.918
 2     0.999     0.036    -0.011
 2    -0.036     0.999     0.031
 2     0.011    -0.031     0.999
 3   126.256    -6.303     1.350
 3     0.635    -0.202    -0.745
 3     0.338     0.940     0.033
 3     0.694    -0.273     0.666
 4   101.310     1.065    -6.293
 4     0.378    -0.603     0.703
 4     0.602     0.736     0.307
 4    -0.703     0.307     0.641
 5   120.963    24.639     1.405
 5     0.777     0.513     0.363
 5     0.612    -0.486    -0.623
 5    -0.143     0.707    -0.693
 6   145.678    25.635   -10.149
 6     0.969     0.124     0.214
 6    -0.117     0.992    -0.045
 6    -0.218     0.018     0.976
 7   105.163   -21.624    -4.067
 7     0.361     0.843     0.398
 7    -0.871     0.458    -0.179
 7    -0.333    -0.282     0.900
 8   128.304   -36.436    -1.797
 8     0.816    -0.576    -0.043
 8    -0.419    -0.641     0.643
 8    -0.398    -0.507    -0.765
 9   146.198   -36.971   -22.128
 9     0.844     0.041     0.533
 9    -0.014     0.998    -0.055
 9    -0.535     0.039     0.844
 2    98.007   -18.692    59.918
 2     0.999     0.036    -0.010
 2    -0.036     0.999     0.031
 2     0.011    -0.031     0.999
 3   126.183    -6.232     1.066
 3     0.640    -0.213    -0.738
 3     0.342     0.939     0.026
 3     0.688    -0.269     0.674
 4   101.082     0.761    -6.410
 4     0.370    -0.592     0.716
 4     0.587     0.746     0.314
 4    -0.720     0.304     0.624
 5   120.469    24.786     0.025
 5     0.759     0.543     0.358
 5     0.625    -0.457    -0.633
 5    -0.180     0.704    -0.687
 6   144.655    25.593   -13.119
 6     0.956     0.114     0.269
 6    -0.116     0.993    -0.008
 6    -0.268    -0.024     0.963
 7   104.924   -21.446    -4.126
 7     0.364     0.833     0.417
 7    -0.858     0.474    -0.198
 7    -0.363    -0.286     0.887
 8   127.627   -36.194    -4.128
 8     0.776    -0.622    -0.104
 8    -0.414    -0.627     0.660
 8    -0.476    -0.470    -0.744
 9   143.632   -36.307   -26.842
 9     0.784     0.036     0.619
 9    -0.000     0.998    -0.059
 9    -0.620     0.046     0.783
 2    98.007   -18.692    59.918
 2     0.999     0.036    -0.010
 2    -0.036     0.999     0.031
 2     0.011    -0.031     0.999
 3   126.120    -6.185     0.930
 3     0.643    -0.216    -0.735
 3     0.344     0.938     0.026
 3     0.684    -0.270     0.677
 4   100.971     0.705    -6.444
 4     0.367    -0.594     0.716
 4     0.583     0.746     0.320
 4    -0.724     0.300     0.621
 5   120.025    25.089    -1.008
 5     0.739     0.574     0.353
 5     0.639    -0.430    -0.638
 5    -0.215     0.696    -0.685
 6   143.635    25.728   -15.222
 6     0.942     0.114     0.315
 6    -0.121     0.992     0.002
 6    -0.312    -0.040     0.949
 7   104.752   -21.183    -4.242
 7     0.369     0.824     0.428
 7    -0.846     0.489    -0.212
 7    -0.384    -0.285     0.878
 8   127.292   -35.655    -5.768
 8     0.745    -0.650    -0.151
 8    -0.404    -0.619     0.673
 8    -0.531    -0.441    -0.724
 9   141.734   -35.459   -30.069
 9     0.737     0.027     0.675
 9     0.016     0.998    -0.058
 9    -0.675     0.054     0.736
 2    98.009   -18.691    59.915
 2     0.999     0.036    -0.011
 2    -0.036     0.999     0.031
 2     0.012    -0.031     0.999
 3   126.111    -6.137     0.860
 3     0.645    -0.219    -0.733
 3     0.344     0.938     0.023
 3     0.682    -0.267     0.680
 4   100.909     0.702    -6.485
 4     0.363    -0.595     0.717
 4     0.583     0.745     0.323
 4    -0.727     0.300     0.617
 5   119.608    25.450    -1.833
 5     0.720     0.596     0.354
 5     0.650    -0.404    -0.643
 5    -0.240     0.694    -0.679
 6   142.685    25.868   -16.937
 6     0.928     0.116     0.353
 6    -0.130     0.991     0.014
 6    -0.348    -0.059     0.936
 7   104.761   -20.915    -4.321
 7     0.378     0.814     0.439
 7    -0.834     0.506    -0.220
 7    -0.401    -0.283     0.871
 8   126.792   -35.422    -7.469
 8     0.708    -0.682    -0.184
 8    -0.402    -0.604     0.688
 8    -0.580    -0.414    -0.701
 9   140.017   -34.652   -32.569
 9     0.696     0.028     0.717
 9     0.026     0.997    -0.064
 9    -0.717     0.063     0.694
 2    98.007   -18.641    59.918
 2     0.999     0.036    -0.010
 2    -0.036     0.999     0.031
 2     0.011    -0.031     0.999
 3   126.154    -5.959     0.735
 3     0.644    -0.228    -0.730
 3     0.347     0.938     0.014
 3     0.681    -0.263     0.683
 4   100.897     0.750    -6.476
 4     0.357    -0.598     0.717
 4     0.582     0.743     0.330
 4    -0.730     0.300     0.614
 5   119.035    25.871    -3.123
 5     0.691     0.634     0.345
 5     0.664    -0.370    -0.650
 5    -0.285     0.679    -0.677
 6   141.487    26.258   -19.264
 6     0.911     0.102     0.398
 6    -0.127     0.991     0.034
 6    -0.392    -0.082     0.916
 7   104.685   -20.798    -4.461
 7     0.379     0.809     0.448
 7    -0.828     0.513    -0.226
 7    -0.413    -0.285     0.865
 8   126.012   -35.516    -8.617
 8     0.673    -0.713    -0.197
 8    -0.407    -0.578     0.707
 8    -0.618    -0.396    -0.679
 9   138.044   -34.398   -34.596
 9     0.661     0.050     0.748
 9     0.029     0.995    -0.092
 9    -0.749     0.082     0.657
 2    98.009   -18.640    59.915
 2     0.999     0.036    -0.011
 2    -0.036     0.999     0.031
 2     0.012    -0.031     0.999
 3   126.103    -5.883     0.734
 3     0.644    -0.230    -0.730
 3     0.348     0.937     0.012
 3     0.681    -0.261     0.683
 4   100.816     0.747    -6.468
 4     0.356    -0.598     0.718
 4     0.580     0.744     0.331
 4    -0.732     0.299     0.612
 5   118.496    26.232    -4.369
 5     0.660     0.673     0.332
 5     0.672    -0.332    -0.662
 5    -0.336     0.660    -0.672
 6   140.156    26.728   -21.626
 6     0.893     0.077     0.442
 6    -0.111     0.992     0.051
 6    -0.435    -0.095     0.895
 7   104.486   -20.633    -4.419
 7     0.375     0.807     0.456
 7    -0.824     0.516    -0.235
 7    -0.425    -0.288     0.858
 8   124.960   -35.816    -9.789
 8     0.632    -0.749    -0.199
 8    -0.416    -0.544     0.729
 8    -0.654    -0.378    -0.655
 9   135.868   -34.760   -36.643
 9     0.625     0.090     0.775
 9     0.022     0.991    -0.134
 9    -0.780     0.101     0.617
 2    98.007   -18.641    59.918
 2     0.999     0.036    -0.011
 2    -0.036     0.999     0.031
 2     0.011    -0.031     0.999
 3   126.107    -5.934     0.679
 3     0.644    -0.229    -0.730
 3     0.346     0.938     0.011
 3     0.682    -0.260     0.683
 4   100.816     0.744    -6.462
 4     0.358    -0.596     0.718
 4     0.578     0.746     0.330
 4    -0.733     0.297     0.612
 5   118.070    26.315    -5.596
 5     0.634     0.705     0.317
 5     0.672    -0.299    -0.678
 5    -0.383     0.642    -0.664
 6   138.958    26.867   -24.032
 6     0.873     0.052     0.485
 6    -0.102     0.991     0.078
 6    -0.477    -0.118     0.871
 7   104.288   -20.519    -4.477
 7     0.369     0.804     0.465
 7    -0.820     0.517    -0.244
 7    -0.437    -0.292     0.850
 8   123.830   -36.095   -10.970
 8     0.585    -0.786    -0.199
 8    -0.423    -0.506     0.752
 8    -0.692    -0.355    -0.629
 9   133.535   -34.998   -38.659
 9     0.585     0.132     0.800
 9     0.018     0.984    -0.176
 9    -0.811     0.117     0.573
 2    98.007   -18.641    59.867
 2     0.999     0.036    -0.010
 2    -0.036     0.999     0.031
 2     0.011    -0.031     0.999
 3   126.084    -6.010     0.674
 3     0.646    -0.228    -0.729
 3     0.342     0.939     0.009
 3     0.683    -0.255     0.684
 4   100.944     0.790    -6.402
 4     0.365    -0.590     0.720
 4     0.573     0.752     0.325
 4    -0.734     0.294     0.613
 5   117.812    26.317    -6.766
 5     0.608     0.737     0.294
 5     0.666    -0.273    -0.694
 5    -0.432     0.618    -0.657
 6   137.662    27.138   -26.421
 6     0.852     0.014     0.523
 6    -0.085     0.990     0.113
 6    -0.516    -0.141     0.845
 7   104.212   -20.356    -4.502
 7     0.363     0.799     0.478
 7    -0.815     0.521    -0.252
 7    -0.451    -0.298     0.841
 8   122.509   -36.205   -12.414
 8     0.528    -0.823    -0.209
 8    -0.423    -0.468     0.776
 8    -0.737    -0.321    -0.595
 9   130.524   -34.488   -41.180
 9     0.528     0.168     0.832
 9     0.027     0.976    -0.214
 9    -0.849     0.135     0.511
 2    98.009   -18.691    59.915
 2     0.999     0.036    -0.011
 2    -0.036     0.999     0.031
 2     0.012    -0.031     0.999
 3   126.037    -6.114     0.668
 3     0.648    -0.224    -0.728
 3     0.333     0.943     0.006
 3     0.684    -0.247     0.686
 4   100.946     0.789    -6.350
 4     0.367    -0.588     0.721
 4     0.571     0.754     0.323
 4    -0.734     0.293     0.613
 5   117.356    26.168    -8.043
 5     0.580     0.767     0.273
 5     0.659    -0.245    -0.711
 5    -0.479     0.592    -0.648
 6   136.446    27.103   -28.584
 6     0.830    -0.018     0.558
 6    -0.075     0.987     0.142
 6    -0.553    -0.160     0.818
 7   103.992   -20.240    -4.512
 7     0.360     0.793     0.490
 7    -0.811     0.526    -0.256
 7    -0.462    -0.306     0.833
 8   121.280   -36.155   -13.628
 8     0.475    -0.852    -0.219
 8    -0.417    -0.438     0.796
 8    -0.774    -0.287    -0.564
 9   127.821   -34.530   -43.025
 9     0.476     0.201     0.856
 9     0.027     0.969    -0.243
 9    -0.879     0.139     0.456
 2    98.007   -18.641    59.918
 2     0.999     0.036    -0.010
 2    -0.036     0.999     0.031
 2     0.011    -0.031     0.999
 3   125.939    -6.143     0.661
 3     0.652    -0.223    -0.725
 3     0.324     0.946     0.001
 3     0.685    -0.236     0.689
 4   100.896     0.788    -6.274
 4     0.368    -0.586     0.722
 4     0.571     0.755     0.321
 4    -0.734     0.294     0.613
 5   116.819    26.230    -9.013
 5     0.553     0.792     0.257
 5     0.653    -0.222    -0.724
 5    -0.517     0.568    -0.640
 6   134.931    27.246   -30.370
 6     0.806    -0.051     0.589
 6    -0.063     0.983     0.170
 6    -0.588    -0.174     0.790
 7   103.881   -20.016    -4.538
 7     0.360     0.786     0.502
 7    -0.806     0.533    -0.256
 7    -0.469    -0.313     0.826
 8   120.041   -35.947   -14.654
 8     0.427    -0.876    -0.226
 8    -0.412    -0.411     0.813
 8    -0.805    -0.254    -0.536
 9   125.307   -33.849   -44.393
 9     0.430     0.225     0.874
 9     0.034     0.963    -0.265
 9    -0.902     0.144     0.407
 2    97.959   -18.640    59.864
 2     0.999     0.036    -0.011
 2    -0.036     0.999     0.031
 2     0.012    -0.031     0.999
 3   125.931    -6.123     0.564
 3     0.658    -0.221    -0.719
 3     0.316     0.949    -0.002
 3     0.683    -0.226     0.695
 4   100.867     0.916    -6.125
 4     0.366    -0.583     0.725
 4     0.572     0.756     0.318
 4    -0.734     0.298     0.610
 5   116.430    26.143    -9.890
 5     0.526     0.819     0.230
 5     0.645    -0.207    -0.735
 5    -0.554     0.535    -0.637
 6   133.525    27.120   -32.402
 6     0.774    -0.068     0.629
 6    -0.065     0.980     0.186
 6    -0.630    -0.185     0.754
 7   103.654   -19.792    -4.468
 7     0.357     0.780     0.514
 7    -0.805     0.536    -0.253
 7    -0.473    -0.323     0.819
 8   119.095   -36.028   -15.162
 8     0.384    -0.894    -0.230
 8    -0.415    -0.389     0.822
 8    -0.825    -0.220    -0.520
 9   122.863   -34.006   -45.595
 9     0.385     0.245     0.890
 9     0.032     0.960    -0.279
 9    -0.922     0.135     0.362
 2    98.007   -18.692    59.918
 2     0.999     0.036    -0.010
 2    -0.036     0.999     0.031
 2     0.011    -0.031     0.999
 3   125.836    -6.032     0.510
 3     0.668    -0.219    -0.711
 3     0.309     0.951    -0.003
 3     0.677    -0.218     0.703
 4   100.706     0.964    -6.096
 4     0.363    -0.580     0.729
 4     0.572     0.756     0.317
 4    -0.736     0.302     0.606
 5   115.822    26.066   -10.588
 5     0.503     0.836     0.217
 5     0.640    -0.193    -0.744
 5    -0.580     0.513    -0.632
 6   132.128    26.907   -33.642
 6     0.750    -0.083     0.656
 6    -0.066     0.977     0.200
 6    -0.658    -0.193     0.728
 7   103.416   -19.666    -4.355
 7     0.350     0.774     0.528
 7    -0.809     0.534    -0.247
 7    -0.473    -0.340     0.812
 8   117.988   -36.051   -15.539
 8     0.346    -0.908    -0.235
 8    -0.418    -0.374     0.828
 8    -0.840    -0.189    -0.508
 9   120.752   -34.180   -46.233
 9     0.349     0.262     0.899
 9     0.027     0.956    -0.290
 9    -0.936     0.125     0.327
 2    98.009   -18.691    59.915
 2     0.999     0.036    -0.011
 2    -0.036     0.999     0.031
 2     0.012    -0.031     0.999
 3   125.672    -6.092     0.531
 3     0.676    -0.213    -0.706
 3     0.303     0.953     0.002
 3     0.672    -0.216     0.708
 4   100.642     0.879    -6.077
 4     0.363    -0.571     0.736
 4     0.565     0.763     0.313
 4    -0.741     0.302     0.600
 5   115.447    25.865   -11.244
 5     0.482     0.852     0.203
 5     0.635    -0.180    -0.751
 5    -0.603     0.491    -0.628
 6   131.060    26.776   -34.848
 6     0.729    -0.101     0.677
 6    -0.062     0.975     0.212
 6    -0.682    -0.196     0.705
 7   103.107   -19.619    -4.215
 7     0.334     0.773     0.538
 7    -0.815     0.524    -0.246
 7    -0.472    -0.356     0.806
 8   116.883   -36.252   -16.056
 8     0.304    -0.922    -0.242
