% Calibrated with leiden_pols
% Positions are in centimeters
Data =[
 2    98.009   -18.695    59.945
 2     0.999     0.046    -0.010
 2    -0.046     0.998     0.029
 2     0.011    -0.029     0.999
 3   129.623    -5.197     5.023
 3     0.553    -0.084    -0.829
 3     0.243     0.968     0.064
 3     0.797    -0.237     0.556
 4   109.736     6.111    -6.355
 4     0.649    -0.489     0.582
 4     0.551     0.830     0.083
 4    -0.525     0.266     0.808
 5   128.376    27.324     6.307
 5     0.869    -0.222     0.441
 5     0.384    -0.258    -0.886
 5     0.311     0.940    -0.139
 6   138.552     1.685     9.872
 6    -0.018     0.988    -0.155
 6    -0.960     0.026     0.278
 6     0.279     0.153     0.948
 7   110.876   -18.867    -5.686
 7     0.567     0.768     0.298
 7    -0.730     0.636    -0.250
 7    -0.382    -0.076     0.921
 8   135.479   -32.306    -1.035
 8     0.997    -0.019     0.077
 8    -0.079    -0.152     0.985
 8    -0.007    -0.988    -0.153
 9   141.105    -7.283     6.068
 9    -0.138    -0.960    -0.242
 9     0.826     0.022    -0.563
 9     0.546    -0.278     0.790
 2    97.959   -18.695    59.920
 2     0.999     0.046    -0.010
 2    -0.046     0.998     0.029
 2     0.011    -0.029     0.999
 3   129.683    -5.114     5.008
 3     0.547    -0.090    -0.833
 3     0.248     0.967     0.058
 3     0.800    -0.238     0.551
 4   109.735     6.112    -6.355
 4     0.647    -0.494     0.581
 4     0.554     0.828     0.088
 4    -0.525     0.265     0.809
 5   128.282    27.327     6.373
 5     0.867    -0.224     0.444
 5     0.386    -0.260    -0.885
 5     0.314     0.939    -0.140
 6   138.543     1.863     9.974
 6    -0.011     0.986    -0.165
 6    -0.961     0.035     0.275
 6     0.277     0.161     0.947
 7   111.038   -18.910    -5.605
 7     0.571     0.766     0.293
 7    -0.729     0.638    -0.246
 7    -0.376    -0.074     0.924
 8   135.482   -32.355    -0.860
 8     0.997    -0.018     0.077
 8    -0.079    -0.154     0.985
 8    -0.006    -0.988    -0.155
 9   141.175    -7.208     6.257
 9    -0.142    -0.958    -0.248
 9     0.827     0.023    -0.562
 9     0.544    -0.285     0.789
 2    98.009   -18.695    59.920
 2     0.999     0.046    -0.010
 2    -0.046     0.998     0.030
 2     0.011    -0.029     0.999
 3   129.620    -5.108     5.120
 3     0.540    -0.094    -0.836
 3     0.252     0.966     0.054
 3     0.803    -0.240     0.545
 4   109.712     6.036    -6.303
 4     0.646    -0.496     0.580
 4     0.554     0.827     0.091
 4    -0.525     0.262     0.810
 5   128.160    27.278     6.472
 5     0.866    -0.224     0.447
 5     0.388    -0.261    -0.884
 5     0.315     0.939    -0.139
 6   138.539     1.940    10.046
 6    -0.008     0.985    -0.174
 6    -0.961     0.041     0.274
 6     0.277     0.169     0.946
 7   111.091   -18.959    -5.588
 7     0.573     0.766     0.290
 7    -0.729     0.638    -0.246
 7    -0.374    -0.071     0.924
 8   135.584   -32.405    -0.863
 8     0.997    -0.018     0.078
 8    -0.080    -0.155     0.984
 8    -0.005    -0.988    -0.155
 9   141.225    -7.208     6.307
 9    -0.142    -0.958    -0.248
 9     0.827     0.022    -0.562
 9     0.544    -0.285     0.789
 2    97.959   -18.721    59.920
 2     0.999     0.047    -0.010
 2    -0.047     0.998     0.029
 2     0.011    -0.029     0.999
 3   129.624    -5.106     5.166
 3     0.538    -0.093    -0.838
 3     0.252     0.966     0.054
 3     0.804    -0.241     0.543
 4   109.741     6.037    -6.304
 4     0.647    -0.497     0.578
 4     0.553     0.828     0.091
 4    -0.524     0.260     0.811
 5   128.212    27.280     6.494
 5     0.865    -0.225     0.447
 5     0.389    -0.262    -0.883
 5     0.316     0.938    -0.140
 6   138.580     1.911    10.104
 6    -0.008     0.984    -0.180
 6    -0.961     0.041     0.271
 6     0.274     0.175     0.945
 7   111.090   -18.985    -5.588
 7     0.571     0.768     0.288
 7    -0.730     0.636    -0.248
 7    -0.374    -0.069     0.925
 8   135.535   -32.482    -0.786
 8     0.996    -0.017     0.080
 8    -0.082    -0.155     0.984
 8    -0.005    -0.988    -0.156
 9   141.176    -7.284     6.359
 9    -0.142    -0.958    -0.250
 9     0.827     0.024    -0.562
 9     0.544    -0.287     0.789
 2    98.009   -18.695    59.920
 2     0.999     0.047    -0.010
 2    -0.047     0.998     0.030
 2     0.011    -0.029     0.999
 3   129.578    -5.105     5.187
 3     0.537    -0.093    -0.839
 3     0.253     0.966     0.055
 3     0.805    -0.242     0.542
 4   109.745     5.987    -6.255
 4     0.649    -0.497     0.575
 4     0.552     0.828     0.092
 4    -0.523     0.258     0.812
 5   128.161    27.280     6.492
 5     0.865    -0.224     0.449
 5     0.390    -0.265    -0.882
 5     0.316     0.938    -0.142
 6   138.597     1.859    10.112
 6    -0.006     0.983    -0.183
 6    -0.962     0.044     0.268
 6     0.271     0.177     0.946
 7   110.942   -18.986    -5.540
 7     0.570     0.770     0.285
 7    -0.732     0.634    -0.249
 7    -0.373    -0.067     0.925
 8   135.458   -32.586    -0.728
 8     0.996    -0.021     0.084
 8    -0.086    -0.157     0.984
 8    -0.007    -0.987    -0.158
 9   141.172    -7.389     6.262
 9    -0.137    -0.958    -0.250
 9     0.829     0.028    -0.559
 9     0.542    -0.284     0.790
 2    97.959   -18.721    59.920
 2     0.999     0.047    -0.010
 2    -0.047     0.998     0.029
 2     0.011    -0.029     0.999
 3   129.530    -5.180     5.239
 3     0.536    -0.089    -0.840
 3     0.255     0.965     0.060
 3     0.805    -0.246     0.540
 4   109.719     5.934    -6.251
 4     0.649    -0.497     0.576
 4     0.551     0.829     0.093
 4    -0.524     0.257     0.812
 5   127.629    27.377     7.021
 5     0.863    -0.184     0.470
 5     0.407    -0.299    -0.863
 5     0.300     0.936    -0.183
 6   138.980     2.264     9.129
 6     0.043     0.985    -0.165
 6    -0.970     0.081     0.229
 6     0.239     0.150     0.959
 7   110.697   -18.986    -5.417
 7     0.568     0.773     0.282
 7    -0.735     0.631    -0.249
 7    -0.371    -0.067     0.926
 8   134.510   -33.508    -0.715
 8     0.990    -0.074     0.122
 8    -0.135    -0.196     0.971
 8    -0.048    -0.978    -0.203
 9   141.788    -8.270     4.345
 9    -0.062    -0.970    -0.233
 9     0.860     0.067    -0.506
 9     0.506    -0.232     0.830
 2    97.959   -18.695    59.920
 2     0.999     0.046    -0.010
 2    -0.046     0.998     0.030
 2     0.011    -0.029     0.999
 3   129.357    -5.279     5.241
 3     0.533    -0.088    -0.841
 3     0.260     0.963     0.063
 3     0.805    -0.252     0.536
 4   109.383     5.986    -6.122
 4     0.640    -0.506     0.578
 4     0.559     0.823     0.100
 4    -0.526     0.259     0.810
 5   126.863    27.470     7.713
 5     0.858    -0.098     0.504
 5     0.438    -0.374    -0.817
 5     0.268     0.922    -0.278
 6   139.791     3.374     6.827
 6     0.126     0.983    -0.128
 6    -0.980     0.144     0.136
 6     0.152     0.108     0.982
 7   110.572   -18.982    -5.286
 7     0.562     0.779     0.278
 7    -0.744     0.623    -0.243
 7    -0.362    -0.071     0.929
 8   133.305   -35.275    -0.529
 8     0.969    -0.158     0.187
 8    -0.224    -0.267     0.937
 8    -0.098    -0.950    -0.295
 9   142.768   -10.122     1.727
 9     0.048    -0.972    -0.232
 9     0.911     0.138    -0.390
 9     0.410    -0.192     0.891
 2    97.959   -18.695    59.920
 2     0.999     0.046    -0.010
 2    -0.046     0.998     0.030
 2     0.011    -0.029     0.999
 3   129.290    -5.271     5.182
 3     0.525    -0.092    -0.846
 3     0.269     0.961     0.062
 3     0.807    -0.260     0.529
 4   109.061     5.986    -5.985
 4     0.626    -0.519     0.582
 4     0.571     0.813     0.110
 4    -0.531     0.263     0.805
 5   125.962    27.540     8.557
 5     0.847     0.025     0.531
 5     0.481    -0.463    -0.745
 5     0.227     0.886    -0.405
