% Calibrated with leiden_pols
% Positions are in centimeters
Data =[
 2    98.009   -18.695    59.945
 2     0.999     0.046    -0.010
 2    -0.046     0.998     0.029
 2     0.011    -0.029     0.999
 3   129.623    -5.197     5.023
 3     0.553    -0.084    -0.829
 3     0.243     0.968     0.064
 3     0.797    -0.237     0.556
 4   109.736     6.111    -6.355
 4     0.649    -0.489     0.582
 4     0.551     0.830     0.083
 4    -0.525     0.266     0.808
 5   128.376    27.324     6.307
 5     0.869    -0.222     0.441
 5     0.384    -0.258    -0.886
 5     0.311     0.940    -0.139
 6   138.552     1.685     9.872
 6    -0.018     0.988    -0.155
 6    -0.960     0.026     0.278
 6     0.279     0.153     0.948
 7   110.876   -18.867    -5.686
 7     0.567     0.768     0.298
 7    -0.730     0.636    -0.250
 7    -0.382    -0.076     0.921
 8   135.479   -32.306    -1.035
 8     0.997    -0.019     0.077
 8    -0.079    -0.152     0.985
 8    -0.007    -0.988    -0.153
 9   141.105    -7.283     6.068
 9    -0.138    -0.960    -0.242
 9     0.826     0.022    -0.563
 9     0.546    -0.278     0.790
 2    97.959   -18.695    59.920
 2     0.999     0.046    -0.010
 2    -0.046     0.998     0.029
 2     0.011    -0.029     0.999
 3   129.683    -5.114     5.008
 3     0.547    -0.090    -0.833
 3     0.248     0.967     0.058
 3     0.800    -0.238     0.551
 4   109.735     6.112    -6.355
 4     0.647    -0.494     0.581
 4     0.554     0.828     0.088
 4    -0.525     0.265     0.809
 5   128.282    27.327     6.373
 5     0.867    -0.224     0.444
 5     0.386    -0.260    -0.885
 5     0.314     0.939    -0.140
 6   138.543     1.863     9.974
 6    -0.011     0.986    -0.165
 6    -0.961     0.035     0.275
 6     0.277     0.161     0.947
 7   111.038   -18.910    -5.605
 7     0.571     0.766     0.293
 7    -0.729     0.638    -0.246
 7    -0.376    -0.074     0.924
 8   135.482   -32.355    -0.860
 8     0.997    -0.018     0.077
 8    -0.079    -0.154     0.985
 8    -0.006    -0.988    -0.155
 9   141.175    -7.208     6.257
 9    -0.142    -0.958    -0.248
 9     0.827     0.023    -0.562
 9     0.544    -0.285     0.789
 2    98.009   -18.695    59.920
 2     0.999     0.046    -0.010
 2    -0.046     0.998     0.030
 2     0.011    -0.029     0.999
 3   129.620    -5.108     5.120
 3     0.540    -0.094    -0.836
 3     0.252     0.966     0.054
 3     0.803    -0.240     0.545
 4   109.712     6.036    -6.303
 4     0.646    -0.496     0.580
 4     0.554     0.827     0.091
 4    -0.525     0.262     0.810
 5   128.160    27.278     6.472
 5     0.866    -0.224     0.447
 5     0.388    -0.261    -0.884
 5     0.315     0.939    -0.139
 6   138.539     1.940    10.046
 6    -0.008     0.985    -0.174
 6    -0.961     0.041     0.274
 6     0.277     0.169     0.946
 7   111.091   -18.959    -5.588
 7     0.573     0.766     0.290
 7    -0.729     0.638    -0.246
 7    -0.374    -0.071     0.924
 8   135.584   -32.405    -0.863
 8     0.997    -0.018     0.078
 8    -0.080    -0.155     0.984
 8    -0.005    -0.988    -0.155
 9   141.225    -7.208     6.307
 9    -0.142    -0.958    -0.248
 9     0.827     0.022    -0.562
 9     0.544    -0.285     0.789
 2    97.959   -18.721    59.920
 2     0.999     0.047    -0.010
 2    -0.047     0.998     0.029
 2     0.011    -0.029     0.999
 3   129.624    -5.106     5.166
 3     0.538    -0.093    -0.838
 3     0.252     0.966     0.054
 3     0.804    -0.241     0.543
 4   109.741     6.037    -6.304
 4     0.647    -0.497     0.578
 4     0.553     0.828     0.091
 4    -0.524     0.260     0.811
 5   128.212    27.280     6.494
 5     0.865    -0.225     0.447
 5     0.389    -0.262    -0.883
 5     0.316     0.938    -0.140
 6   138.580     1.911    10.104
 6    -0.008     0.984    -0.180
 6    -0.961     0.041     0.271
 6     0.274     0.175     0.945
 7   111.090   -18.985    -5.588
 7     0.571     0.768     0.288
 7    -0.730     0.636    -0.248
 7    -0.374    -0.069     0.925
 8   135.535   -32.482    -0.786
 8     0.996    -0.017     0.080
 8    -0.082    -0.155     0.984
 8    -0.005    -0.988    -0.156
 9   141.176    -7.284     6.359
 9    -0.142    -0.958    -0.250
 9     0.827     0.024    -0.562
 9     0.544    -0.287     0.789
 2    98.009   -18.695    59.920
 2     0.999     0.047    -0.010
 2    -0.047     0.998     0.030
 2     0.011    -0.029     0.999
 3   129.578    -5.105     5.187
 3     0.537    -0.093    -0.839
 3     0.253     0.966     0.055
 3     0.805    -0.242     0.542
 4   109.745     5.987    -6.255
 4     0.649    -0.497     0.575
 4     0.552     0.828     0.092
 4    -0.523     0.258     0.812
 5   128.161    27.280     6.492
 5     0.865    -0.224     0.449
 5     0.390    -0.265    -0.882
 5     0.316     0.938    -0.142
 6   138.597     1.859    10.112
 6    -0.006     0.983    -0.183
 6    -0.962     0.044     0.268
 6     0.271     0.177     0.946
 7   110.942   -18.986    -5.540
 7     0.570     0.770     0.285
 7    -0.732     0.634    -0.249
 7    -0.373    -0.067     0.925
 8   135.458   -32.586    -0.728
 8     0.996    -0.021     0.084
 8    -0.086    -0.157     0.984
 8    -0.007    -0.987    -0.158
 9   141.172    -7.389     6.262
 9    -0.137    -0.958    -0.250
 9     0.829     0.028    -0.559
 9     0.542    -0.284     0.790
 2    97.959   -18.721    59.920
 2     0.999     0.047    -0.010
 2    -0.047     0.998     0.029
 2     0.011    -0.029     0.999
 3   129.530    -5.180     5.239
 3     0.536    -0.089    -0.840
 3     0.255     0.965     0.060
 3     0.805    -0.246     0.540
 4   109.719     5.934    -6.251
 4     0.649    -0.497     0.576
 4     0.551     0.829     0.093
 4    -0.524     0.257     0.812
 5   127.629    27.377     7.021
 5     0.863    -0.184     0.470
 5     0.407    -0.299    -0.863
 5     0.300     0.936    -0.183
 6   138.980     2.264     9.129
 6     0.043     0.985    -0.165
 6    -0.970     0.081     0.229
 6     0.239     0.150     0.959
 7   110.697   -18.986    -5.417
 7     0.568     0.773     0.282
 7    -0.735     0.631    -0.249
 7    -0.371    -0.067     0.926
 8   134.510   -33.508    -0.715
 8     0.990    -0.074     0.122
 8    -0.135    -0.196     0.971
 8    -0.048    -0.978    -0.203
 9   141.788    -8.270     4.345
 9    -0.062    -0.970    -0.233
 9     0.860     0.067    -0.506
 9     0.506    -0.232     0.830
 2    97.959   -18.695    59.920
 2     0.999     0.046    -0.010
 2    -0.046     0.998     0.030
 2     0.011    -0.029     0.999
 3   129.357    -5.279     5.241
 3     0.533    -0.088    -0.841
 3     0.260     0.963     0.063
 3     0.805    -0.252     0.536
 4   109.383     5.986    -6.122
 4     0.640    -0.506     0.578
 4     0.559     0.823     0.100
 4    -0.526     0.259     0.810
 5   126.863    27.470     7.713
 5     0.858    -0.098     0.504
 5     0.438    -0.374    -0.817
 5     0.268     0.922    -0.278
 6   139.791     3.374     6.827
 6     0.126     0.983    -0.128
 6    -0.980     0.144     0.136
 6     0.152     0.108     0.982
 7   110.572   -18.982    -5.286
 7     0.562     0.779     0.278
 7    -0.744     0.623    -0.243
 7    -0.362    -0.071     0.929
 8   133.305   -35.275    -0.529
 8     0.969    -0.158     0.187
 8    -0.224    -0.267     0.937
 8    -0.098    -0.950    -0.295
 9   142.768   -10.122     1.727
 9     0.048    -0.972    -0.232
 9     0.911     0.138    -0.390
 9     0.410    -0.192     0.891
 2    97.959   -18.695    59.920
 2     0.999     0.046    -0.010
 2    -0.046     0.998     0.030
 2     0.011    -0.029     0.999
 3   129.290    -5.271     5.182
 3     0.525    -0.092    -0.846
 3     0.269     0.961     0.062
 3     0.807    -0.260     0.529
 4   109.061     5.986    -5.985
 4     0.626    -0.519     0.582
 4     0.571     0.813     0.110
 4    -0.531     0.263     0.805
 5   125.962    27.540     8.557
 5     0.847     0.025     0.531
 5     0.481    -0.463    -0.745
 5     0.227     0.886    -0.405
 6   140.347     5.293     4.095
 6     0.238     0.969    -0.058
 6    -0.971     0.239     0.003
 6     0.016     0.055     0.998
 7   110.476   -19.032    -5.271
 7     0.547     0.788     0.280
 7    -0.758     0.609    -0.233
 7    -0.354    -0.085     0.931
 8   131.759   -37.100     0.471
 8     0.935    -0.258     0.241
 8    -0.326    -0.370     0.870
 8    -0.135    -0.893    -0.430
 9   143.688   -12.707    -1.781
 9     0.197    -0.964    -0.177
 9     0.953     0.230    -0.195
 9     0.229    -0.131     0.964
 2    97.959   -18.696    59.945
 2     0.999     0.047    -0.010
 2    -0.047     0.998     0.030
 2     0.011    -0.029     0.999
 3   129.241    -5.221     5.106
 3     0.526    -0.092    -0.845
 3     0.268     0.961     0.063
 3     0.807    -0.260     0.530
 4   108.573     6.128    -5.730
 4     0.601    -0.547     0.582
 4     0.599     0.790     0.124
 4    -0.528     0.274     0.803
 5   124.623    27.493     9.848
 5     0.816     0.146     0.559
 5     0.537    -0.549    -0.641
 5     0.213     0.823    -0.526
 6   140.738     8.545     1.458
 6     0.356     0.932    -0.061
 6    -0.917     0.336    -0.215
 6    -0.180     0.132     0.975
 7   110.340   -19.154    -5.135
 7     0.533     0.795     0.288
 7    -0.773     0.596    -0.216
 7    -0.343    -0.108     0.933
 8   130.381   -38.555     2.907
 8     0.897    -0.358     0.260
 8    -0.419    -0.501     0.757
 8    -0.141    -0.788    -0.599
 9   143.674   -16.958    -5.734
 9     0.330    -0.934    -0.138
 9     0.943     0.321     0.085
 9    -0.036    -0.158     0.987
 2    97.959   -18.695    59.920
 2     0.999     0.046    -0.010
 2    -0.046     0.998     0.029
 2     0.011    -0.029     0.999
 3   129.127    -5.049     4.941
 3     0.531    -0.093    -0.842
 3     0.266     0.962     0.061
 3     0.804    -0.256     0.535
 4   108.146     6.180    -5.616
 4     0.580    -0.568     0.584
 4     0.615     0.775     0.143
 4    -0.534     0.276     0.799
 5   123.948    27.611     9.912
 5     0.801     0.243     0.546
 5     0.572    -0.581    -0.580
 5     0.176     0.777    -0.605
 6   140.271    10.662    -0.601
 6     0.395     0.917    -0.044
 6    -0.870     0.358    -0.340
 6    -0.297     0.173     0.939
 7   110.334   -19.320    -5.089
 7     0.526     0.797     0.296
 7    -0.784     0.589    -0.194
 7    -0.329    -0.130     0.935
 8   129.835   -38.780     5.133
 8     0.872    -0.431     0.230
 8    -0.467    -0.598     0.651
 8    -0.143    -0.676    -0.723
 9   143.337   -20.474    -8.793
 9     0.392    -0.912    -0.122
 9     0.878     0.331     0.346
 9    -0.276    -0.242     0.930
 2    97.959   -18.695    59.920
 2     0.999     0.046    -0.010
 2    -0.046     0.998     0.030
 2     0.011    -0.029     0.999
 3   129.063    -4.826     4.725
 3     0.537    -0.099    -0.838
 3     0.265     0.962     0.057
 3     0.801    -0.253     0.543
 4   107.407     6.051    -5.414
 4     0.552    -0.592     0.586
 4     0.631     0.757     0.169
 4    -0.544     0.277     0.792
 5   122.966    27.743    10.375
 5     0.780     0.320     0.538
 5     0.606    -0.600    -0.522
 5     0.155     0.733    -0.662
 6   139.433    13.212    -2.340
 6     0.427     0.901    -0.071
 6    -0.798     0.339    -0.499
 6    -0.426     0.270     0.864
 7   110.370   -19.502    -4.968
 7     0.524     0.796     0.301
 7    -0.794     0.585    -0.165
 7    -0.307    -0.153     0.939
 8   129.374   -38.806     6.974
 8     0.848    -0.494     0.191
 8    -0.509    -0.661     0.551
 8    -0.146    -0.565    -0.812
 9   142.848   -24.193   -10.568
 9     0.421    -0.897    -0.137
 9     0.774     0.276     0.570
 9    -0.474    -0.346     0.810
 2    98.009   -18.695    59.920
 2     0.999     0.046    -0.010
 2    -0.046     0.998     0.029
 2     0.011    -0.029     0.999
 3   129.000    -4.532     4.294
 3     0.547    -0.123    -0.828
 3     0.265     0.964     0.032
 3     0.794    -0.237     0.560
 4   106.617     5.958    -5.238
 4     0.514    -0.622     0.590
 4     0.659     0.727     0.192
 4    -0.549     0.290     0.784
 5   121.674    28.028    10.777
 5     0.758     0.386     0.526
 5     0.637    -0.610    -0.471
 5     0.139     0.692    -0.709
 6   138.095    15.422    -2.885
 6     0.450     0.891    -0.051
 6    -0.734     0.336    -0.590
 6    -0.509     0.303     0.805
 7   110.133   -19.446    -4.860
 7     0.513     0.800     0.310
 7    -0.806     0.574    -0.148
 7    -0.296    -0.174     0.939
 8   128.317   -39.206     8.214
 8     0.807    -0.565     0.172
 8    -0.571    -0.672     0.471
 8    -0.151    -0.479    -0.865
 9   141.632   -28.413   -11.454
 9     0.464    -0.879    -0.106
 9     0.663     0.266     0.699
 9    -0.587    -0.395     0.707
 2    97.959   -18.695    59.920
 2     0.999     0.046    -0.010
 2    -0.046     0.998     0.030
 2     0.011    -0.029     0.999
 3   128.661    -4.098     4.089
 3     0.569    -0.151    -0.808
 3     0.257     0.966     0.000
 3     0.781    -0.208     0.589
 4   105.724     6.336    -4.854
 4     0.475    -0.648     0.596
 4     0.693     0.692     0.200
 4    -0.542     0.318     0.777
 5   120.509    28.111    11.552
 5     0.741     0.450     0.497
 5     0.659    -0.626    -0.416
 5     0.124     0.636    -0.761
 6   136.415    18.011    -4.100
 6     0.445     0.894    -0.036
 6    -0.640     0.290    -0.712
 6    -0.626     0.340     0.701
 7   109.532   -19.216    -4.706
 7     0.488     0.814     0.315
 7    -0.826     0.548    -0.134
 7    -0.281    -0.195     0.939
 8   126.724   -39.376     9.426
 8     0.762    -0.629     0.152
 8    -0.630    -0.668     0.394
 8    -0.147    -0.396    -0.906
 9   139.637   -32.408   -11.690
 9     0.486    -0.871    -0.070
 9     0.536     0.235     0.810
 9    -0.690    -0.432     0.582
 2    97.959   -18.644    59.920
 2     0.999     0.046    -0.010
 2    -0.046     0.998     0.030
 2     0.011    -0.029     0.999
 3   128.302    -3.719     3.782
 3     0.594    -0.166    -0.787
 3     0.240     0.970    -0.024
 3     0.768    -0.175     0.616
 4   105.101     6.640    -4.581
 4     0.445    -0.667     0.598
 4     0.721     0.662     0.201
 4    -0.530     0.341     0.776
 5   119.605    28.236    12.387
 5     0.719     0.507     0.475
 5     0.683    -0.639    -0.353
 5     0.124     0.579    -0.806
 6   135.300    20.218    -4.469
 6     0.444     0.896    -0.001
 6    -0.561     0.278    -0.780
 6    -0.698     0.346     0.626
 7   109.094   -18.933    -4.648
 7     0.456     0.834     0.309
 7    -0.851     0.510    -0.121
 7    -0.259    -0.208     0.943
 8   125.167   -39.582    11.142
 8     0.714    -0.688     0.131
 8    -0.689    -0.657     0.307
 8    -0.125    -0.309    -0.943
 9   137.425   -36.185   -10.866
 9     0.486    -0.874    -0.008
 9     0.417     0.224     0.880
 9    -0.768    -0.432     0.474
 2    97.959   -18.644    59.920
 2     0.999     0.046    -0.010
 2    -0.046     0.998     0.030
 2     0.011    -0.030     0.999
 3   128.208    -3.612     3.591
 3     0.611    -0.173    -0.772
 3     0.225     0.973    -0.039
 3     0.758    -0.150     0.634
 4   104.741     6.984    -4.319
 4     0.420    -0.692     0.588
 4     0.754     0.626     0.198
 4    -0.505     0.360     0.784
 5   118.547    28.239    13.733
 5     0.688     0.552     0.471
 5     0.709    -0.648    -0.276
 5     0.153     0.524    -0.838
 6   133.729    22.588    -3.708
 6     0.447     0.894     0.035
 6    -0.471     0.268    -0.840
 6    -0.760     0.359     0.541
 7   108.863   -18.796    -4.589
 7     0.429     0.853     0.297
 7    -0.873     0.476    -0.104
 7    -0.231    -0.215     0.949
 8   123.966   -39.141    13.086
 8     0.661    -0.745     0.086
 8    -0.744    -0.637     0.201
 8    -0.095    -0.197    -0.976
 9   134.416   -39.891    -9.698
 9     0.449    -0.890     0.074
 9     0.275     0.216     0.937
 9    -0.850    -0.400     0.342
 2    97.959   -18.695    59.920
 2     0.999     0.046    -0.010
 2    -0.046     0.998     0.030
 2     0.011    -0.029     0.999
 3   128.107    -3.446     3.428
 3     0.621    -0.182    -0.762
 3     0.214     0.975    -0.058
 3     0.753    -0.127     0.645
 4   104.453     7.207    -4.069
 4     0.396    -0.723     0.567
 4     0.787     0.585     0.196
 4    -0.473     0.368     0.800
 5   117.351    27.892    15.084
 5     0.661     0.581     0.475
 5     0.725    -0.657    -0.205
 5     0.193     0.480    -0.856
 6   132.293    24.849    -2.469
 6     0.469     0.881     0.054
 6    -0.380     0.257    -0.889
 6    -0.797     0.396     0.455
 7   108.757   -18.830    -4.508
 7     0.411     0.863     0.292
 7    -0.888     0.452    -0.083
 7    -0.203    -0.225     0.953
 8   122.988   -38.692    14.855
 8     0.605    -0.795     0.042
 8    -0.795    -0.599     0.095
 8    -0.050    -0.091    -0.995
 9   131.954   -43.826    -7.710
 9     0.417    -0.897     0.146
 9     0.117     0.213     0.970
 9    -0.901    -0.387     0.194
 2    97.959   -18.644    59.945
 2     0.999     0.046    -0.010
 2    -0.046     0.998     0.030
 2     0.011    -0.030     0.999
 3   127.963    -2.976     3.052
 3     0.633    -0.205    -0.746
 3     0.214     0.973    -0.086
 3     0.744    -0.105     0.660
 4   103.817     7.417    -3.832
 4     0.355    -0.747     0.562
 4     0.816     0.541     0.203
 4    -0.456     0.387     0.802
 5   116.087    27.640    16.223
 5     0.635     0.614     0.468
 5     0.738    -0.661    -0.135
 5     0.226     0.432    -0.873
 6   130.992    26.711    -1.495
 6     0.478     0.874     0.085
 6    -0.291     0.249    -0.924
 6    -0.829     0.417     0.374
 7   108.408   -18.932    -4.351
 7     0.388     0.873     0.295
 7    -0.907     0.419    -0.046
 7    -0.164    -0.250     0.954
 8   119.835   -38.015    15.245
 8     0.568    -0.823    -0.014
 8    -0.823    -0.567    -0.020
 8     0.008     0.023    -1.000
 9   129.508   -46.693    -4.849
 9     0.355    -0.912     0.206
 9    -0.035     0.207     0.978
 9    -0.934    -0.355     0.042
 2    97.959   -18.695    59.920
 2     0.999     0.046    -0.010
 2    -0.046     0.998     0.030
 2     0.011    -0.029     0.999
 3   127.782    -2.662     2.803
 3     0.647    -0.221    -0.729
 3     0.218     0.971    -0.101
 3     0.730    -0.094     0.677
 4   103.262     7.494    -3.763
 4     0.326    -0.764     0.557
 4     0.836     0.507     0.206
 4    -0.440     0.399     0.804
 5   115.004    26.993    17.284
 5     0.608     0.643     0.466
 5     0.747    -0.662    -0.061
 5     0.269     0.385    -0.883
 6   129.689    28.320     0.080
 6     0.488     0.867     0.099
 6    -0.193     0.219    -0.956
 6    -0.851     0.448     0.275
 7   108.012   -18.998    -4.016
 7     0.362     0.887     0.285
 7    -0.926     0.378    -0.002
 7    -0.109    -0.263     0.958
 8   119.243   -36.770    17.230
 8     0.544    -0.837    -0.061
 8    -0.837    -0.535    -0.114
 8     0.063     0.113    -0.991
 9   127.810   -48.265    -1.890
 9     0.307    -0.922     0.237
 9    -0.150     0.199     0.968
 9    -0.940    -0.333    -0.077
 2    97.959   -18.695    59.920
 2     0.999     0.046    -0.009
 2    -0.046     0.998     0.029
 2     0.011    -0.029     0.999
 3   127.427    -2.509     2.442
 3     0.670    -0.228    -0.706
 3     0.225     0.969    -0.099
 3     0.707    -0.093     0.701
 4   102.830     7.514    -3.631
 4     0.306    -0.774     0.554
 4     0.851     0.483     0.205
 4    -0.427     0.408     0.807
 5   113.732    26.543    18.162
 5     0.577     0.657     0.484
 5     0.754    -0.656    -0.008
 5     0.313     0.370    -0.875
 6   128.532    29.111     1.388
 6     0.504     0.852     0.139
 6    -0.145     0.242    -0.959
 6    -0.852     0.463     0.245
 7   107.395   -19.272    -3.425
 7     0.325     0.904     0.275
 7    -0.944     0.327     0.041
 7    -0.053    -0.273     0.960
 8   118.445   -35.348    19.430
 8     0.529    -0.844    -0.080
 8    -0.838    -0.507    -0.201
 8     0.130     0.173    -0.976
 9   126.368   -49.350     1.547
 9     0.275    -0.927     0.257
 9    -0.251     0.188     0.949
 9    -0.928    -0.326    -0.181
 2    97.959   -18.695    59.920
 2     0.999     0.046    -0.010
 2    -0.046     0.998     0.029
 2     0.011    -0.029     0.999
 3   126.882    -2.584     2.331
 3     0.691    -0.224    -0.687
 3     0.229     0.969    -0.086
 3     0.685    -0.098     0.721
 4   102.140     7.604    -3.340
 4     0.290    -0.777     0.559
 4     0.861     0.466     0.201
 4    -0.417     0.423     0.804
 5   113.019    25.989    18.763
 5     0.570     0.661     0.488
 5     0.749    -0.662     0.023
 5     0.338     0.352    -0.873
 6   127.895    29.754     2.539
 6     0.515     0.844     0.147
 6    -0.096     0.227    -0.969
 6    -0.851     0.485     0.198
 7   106.516   -19.391    -2.918
 7     0.292     0.911     0.290
 7    -0.956     0.287     0.061
 7    -0.028    -0.295     0.955
 8   117.894   -33.873    20.939
 8     0.511    -0.851    -0.116
 8    -0.835    -0.461    -0.300
 8     0.202     0.250    -0.947
 9   125.015   -50.059     4.035
 9     0.243    -0.938     0.246
 9    -0.335     0.156     0.929
 9    -0.910    -0.308    -0.276
 2    97.959   -18.644    59.920
 2     0.999     0.046    -0.010
 2    -0.046     0.998     0.030
 2     0.011    -0.030     0.999
 3   126.338    -2.790     2.019
 3     0.715    -0.214    -0.666
 3     0.225     0.972    -0.070
 3     0.662    -0.100     0.743
 4   101.587     7.709    -3.156
 4     0.285    -0.768     0.573
 4     0.864     0.464     0.191
 4    -0.414     0.441     0.796
 5   112.771    25.750    19.027
 5     0.566     0.666     0.486
 5     0.747    -0.664     0.040
 5     0.349     0.340    -0.873
 6   127.289    29.988     2.987
 6     0.514     0.841     0.166
 6    -0.076     0.237    -0.969
 6    -0.854     0.485     0.186
 7   105.985   -19.561    -2.726
 7     0.276     0.913     0.301
 7    -0.961     0.266     0.074
 7    -0.012    -0.310     0.951
 8   116.766   -32.655    22.257
 8     0.497    -0.862    -0.101
 8    -0.828    -0.436    -0.353
 8     0.260     0.259    -0.930
 9   124.008   -49.955     6.190
 9     0.250    -0.933     0.260
 9    -0.372     0.155     0.915
 9    -0.894    -0.325    -0.308
 2    97.959   -18.695    59.920
 2     0.999     0.046    -0.010
 2    -0.046     0.998     0.029
 2     0.011    -0.029     0.999
 3   126.026    -2.802     1.914
 3     0.724    -0.213    -0.656
 3     0.228     0.971    -0.063
 3     0.650    -0.104     0.752
 4   101.193     7.614    -3.024
 4     0.278    -0.768     0.577
 4     0.869     0.457     0.189
 4    -0.409     0.449     0.794
 5   111.855    25.416    19.559
 5     0.552     0.676     0.488
 5     0.750    -0.658     0.064
 5     0.364     0.331    -0.871
 6   126.452    30.595     3.730
 6     0.517     0.839     0.168
 6    -0.036     0.218    -0.975
 6    -0.855     0.498     0.143
 7   105.700   -19.615    -2.733
 7     0.260     0.917     0.303
 7    -0.966     0.249     0.075
 7    -0.007    -0.312     0.950
 8   116.187   -32.177    22.619
 8     0.486    -0.868    -0.099
 8    -0.825    -0.419    -0.378
 8     0.287     0.266    -0.920
 9   123.167   -50.064     7.309
 9     0.242    -0.929     0.281
 9    -0.406     0.166     0.899
 9    -0.881    -0.332    -0.337
 2    97.959   -18.644    59.920
 2     0.999     0.045    -0.010
 2    -0.046     0.998     0.030
 2     0.011    -0.030     0.999
 3   125.932    -2.810     1.816
 3     0.731    -0.209    -0.649
 3     0.228     0.972    -0.055
 3     0.643    -0.108     0.758
 4   101.111     7.657    -2.938
 4     0.276    -0.779     0.562
 4     0.887     0.431     0.162
 4    -0.369     0.454     0.810
 5   111.212    24.577    20.620
 5     0.535     0.680     0.501
 5     0.741    -0.662     0.108
 5     0.405     0.313    -0.859
 6   125.886    31.056     5.545
 6     0.526     0.831     0.180
 6     0.029     0.194    -0.980
 6    -0.850     0.521     0.078
 7   105.536   -19.667    -2.693
 7     0.249     0.921     0.300
 7    -0.968     0.237     0.075
 7    -0.002    -0.310     0.951
 8   116.176   -31.865    22.827
 8     0.480    -0.870    -0.115
 8    -0.824    -0.402    -0.398
 8     0.300     0.286    -0.910
 9   122.791   -50.240     7.582
 9     0.221    -0.931     0.291
 9    -0.422     0.177     0.889
 9    -0.879    -0.319    -0.354
 2    97.959   -18.695    59.920
 2     0.999     0.046    -0.010
 2    -0.046     0.998     0.029
 2     0.011    -0.029     0.999
 3   125.868    -2.917     1.785
 3     0.735    -0.205    -0.646
 3     0.226     0.973    -0.052
 3     0.638    -0.108     0.762
 4   101.158     7.779    -2.716
 4     0.278    -0.782     0.557
 4     0.895     0.422     0.145
 4    -0.349     0.458     0.817
 5   111.091    23.792    21.338
 5     0.542     0.655     0.526
 5     0.716    -0.687     0.118
 5     0.439     0.313    -0.842
 6   126.151    31.145     6.565
 6     0.537     0.825     0.175
 6     0.060     0.170    -0.984
 6    -0.842     0.538     0.042
 7   105.506   -19.710    -2.592
 7     0.248     0.921     0.299
 7    -0.969     0.233     0.084
 7     0.007    -0.311     0.950
 8   116.379   -31.392    23.104
 8     0.489    -0.865    -0.115
 8    -0.815    -0.406    -0.412
 8     0.310     0.295    -0.904
 9   122.827   -49.881     8.004
 9     0.207    -0.935     0.287
 9    -0.431     0.176     0.885
 9    -0.878    -0.307    -0.366
 2    97.959   -18.695    59.920
 2     0.999     0.046    -0.010
 2    -0.046     0.998     0.029
 2     0.011    -0.029     0.999
 3   125.812    -2.869     1.767
 3     0.738    -0.205    -0.643
 3     0.226     0.973    -0.051
 3     0.636    -0.108     0.764
 4   101.117     7.833    -2.677
 4     0.278    -0.783     0.557
 4     0.896     0.420     0.142
 4    -0.345     0.459     0.818
 5   111.088    23.897    21.335
 5     0.536     0.662     0.524
 5     0.721    -0.682     0.124
 5     0.439     0.311    -0.843
 6   126.423    32.169     7.023
 6     0.560     0.810     0.173
 6     0.096     0.144    -0.985
 6    -0.823     0.568     0.003
 7   105.763   -19.653    -2.688
 7     0.254     0.922     0.291
 7    -0.967     0.239     0.089
 7     0.012    -0.305     0.952
 8   116.442   -31.131    23.191
 8     0.492    -0.863    -0.113
 8    -0.811    -0.408    -0.419
 8     0.315     0.297    -0.901
 9   123.268   -49.762     8.401
 9     0.224    -0.933     0.281
 9    -0.439     0.161     0.884
 9    -0.870    -0.322    -0.374
 2    97.959   -18.695    59.920
 2     0.999     0.046    -0.010
 2    -0.046     0.998     0.030
 2     0.011    -0.029     0.999
 3   125.914    -2.766     1.789
 3     0.736    -0.207    -0.645
 3     0.228     0.972    -0.052
 3     0.637    -0.109     0.763
 4   101.295     7.860    -2.780
 4     0.278    -0.785     0.553
 4     0.897     0.418     0.143
 4    -0.344     0.457     0.820
 5   111.098    24.265    21.287
 5     0.526     0.683     0.506
 5     0.739    -0.662     0.124
 5     0.419     0.309    -0.854
 6   126.578    32.517     7.075
 6     0.567     0.807     0.164
 6     0.106     0.126    -0.986
 6    -0.817     0.577    -0.014
 7   105.913   -19.600    -2.694
 7     0.259     0.922     0.288
 7    -0.966     0.243     0.091
 7     0.013    -0.302     0.953
 8   116.409   -31.021    23.165
 8     0.491    -0.865    -0.104
 8    -0.809    -0.409    -0.421
 8     0.322     0.291    -0.901
 9   123.454   -50.030     8.485
 9     0.235    -0.931     0.281
 9    -0.446     0.153     0.882
 9    -0.864    -0.332    -0.379
 2    97.959   -18.695    59.945
 2     0.999     0.046    -0.010
 2    -0.046     0.998     0.029
 2     0.011    -0.029     0.999
 3   126.049    -2.736     1.829
 3     0.733    -0.208    -0.648
 3     0.229     0.972    -0.052
 3     0.640    -0.111     0.760
 4   101.422     7.860    -2.854
 4     0.279    -0.787     0.550
 4     0.896     0.419     0.144
 4    -0.344     0.453     0.822
 5   111.160    24.482    21.071
 5     0.526     0.690     0.497
 5     0.747    -0.654     0.117
 5     0.406     0.310    -0.859
 6   126.666    32.716     6.730
 6     0.569     0.805     0.166
 6     0.098     0.134    -0.986
 6    -0.816     0.578    -0.003
 7   106.036   -19.649    -2.748
 7     0.262     0.922     0.285
 7    -0.965     0.247     0.090
 7     0.013    -0.299     0.954
 8   116.396   -31.178    23.225
 8     0.489    -0.866    -0.099
 8    -0.812    -0.411    -0.415
 8     0.318     0.284    -0.904
 9   123.629   -50.121     7.996
 9     0.240    -0.926     0.290
 9    -0.430     0.167     0.887
 9    -0.870    -0.338    -0.358
 2    97.959   -18.695    59.920
 2     0.999     0.046    -0.010
 2    -0.046     0.998     0.029
 2     0.011    -0.029     0.999
 3   126.193    -2.728     1.909
 3     0.727    -0.209    -0.654
 3     0.232     0.971    -0.052
 3     0.646    -0.115     0.755
 4   101.667     7.766    -2.955
 4     0.286    -0.786     0.548
 4     0.888     0.432     0.157
 4    -0.360     0.442     0.822
 5   111.534    25.154    20.340
 5     0.536     0.681     0.498
 5     0.756    -0.650     0.076
 5     0.376     0.336    -0.864
 6   127.353    32.247     5.654
 6     0.575     0.804     0.149
 6     0.042     0.152    -0.987
 6    -0.817     0.574     0.053
 7   106.464   -19.873    -2.789
 7     0.284     0.917     0.280
 7    -0.958     0.270     0.089
 7     0.006    -0.294     0.956
 8   116.593   -32.395    22.607
 8     0.502    -0.862    -0.073
 8    -0.818    -0.445    -0.366
 8     0.283     0.243    -0.928
 9   125.133   -49.496     6.514
 9     0.295    -0.912     0.284
 9    -0.354     0.172     0.919
 9    -0.887    -0.372    -0.272
 2    97.959   -18.695    59.945
 2     0.999     0.046    -0.010
 2    -0.046     0.998     0.030
 2     0.011    -0.029     0.999
 3   126.526    -2.883     2.274
 3     0.708    -0.208    -0.674
 3     0.239     0.970    -0.048
 3     0.664    -0.127     0.737
 4   102.055     7.511    -3.185
 4     0.302    -0.782     0.545
 4     0.874     0.455     0.170
 4    -0.382     0.424     0.821
 5   111.999    25.993    19.355
 5     0.548     0.663     0.509
 5     0.764    -0.645     0.018
 5     0.341     0.379    -0.860
 6   128.437    31.092     4.276
 6     0.587     0.801     0.116
 6    -0.046     0.177    -0.983
 6    -0.808     0.572     0.141
 7   107.054   -19.984    -2.762
 7     0.319     0.910     0.263
 7    -0.948     0.304     0.095
 7     0.007    -0.280     0.960
 8   116.794   -33.672    22.014
 8     0.558    -0.829     0.028
 8    -0.791    -0.543    -0.282
 8     0.249     0.135    -0.959
 9   128.795   -46.982     5.520
 9     0.425    -0.877     0.224
 9    -0.214     0.143     0.966
 9    -0.879    -0.459    -0.127
 2    97.959   -18.644    59.920
 2     0.999     0.046    -0.010
 2    -0.046     0.998     0.030
 2     0.011    -0.030     0.999
 3   126.822    -2.889     2.583
 3     0.691    -0.207    -0.692
 3     0.250     0.967    -0.039
 3     0.677    -0.146     0.720
 4   102.505     7.300    -3.452
 4     0.318    -0.775     0.546
 4     0.855     0.483     0.187
 4    -0.409     0.407     0.816
 5   112.708    26.871    18.064
 5     0.573     0.632     0.521
 5     0.763    -0.644    -0.057
 5     0.300     0.430    -0.851
 6   129.970    29.602     2.957
 6     0.601     0.795     0.080
 6    -0.157     0.216    -0.964
 6    -0.783     0.567     0.255
 7   107.667   -20.148    -2.878
 7     0.351     0.901     0.253
 7    -0.936     0.336     0.101
 7     0.006    -0.273     0.962
 8   117.592   -34.706    21.077
 8     0.632    -0.765     0.123
 8    -0.745    -0.644    -0.176
 8     0.214     0.019    -0.977
 9   132.815   -43.359     4.482
 9     0.541    -0.833     0.117
 9    -0.037     0.116     0.992
 9    -0.840    -0.542     0.032
 2    97.959   -18.644    59.920
 2     0.999     0.046    -0.010
 2    -0.046     0.998     0.030
 2     0.011    -0.029     0.999
 3   127.215    -2.920     2.897
 3     0.676    -0.203    -0.709
 3     0.262     0.965    -0.027
 3     0.689    -0.167     0.705
 4   103.069     7.143    -3.733
 4     0.341    -0.762     0.550
 4     0.835     0.514     0.194
 4    -0.431     0.393     0.812
 5   114.020    27.398    16.900
 5     0.609     0.591     0.528
 5     0.746    -0.653    -0.131
 5     0.267     0.474    -0.839
 6   131.858    27.470     1.838
 6     0.604     0.796     0.025
 6    -0.269     0.233    -0.934
 6    -0.750     0.558     0.355
 7   108.164   -20.194    -2.943
 7     0.378     0.893     0.245
 7    -0.926     0.365     0.097
 7    -0.003    -0.264     0.964
 8   121.281   -35.356    21.622
 8     0.701    -0.685     0.198
 8    -0.692    -0.721    -0.041
 8     0.171    -0.108    -0.979
 9   136.355   -39.064     3.667
 9     0.612    -0.790    -0.021
 9     0.156     0.095     0.983
 9    -0.775    -0.605     0.182
 2    97.959   -18.695    59.945
 2     0.999     0.046    -0.010
 2    -0.046     0.998     0.030
 2     0.011    -0.030     0.999
 3   127.474    -3.009     3.145
 3     0.664    -0.196    -0.721
 3     0.265     0.964    -0.018
 3     0.698    -0.180     0.692
 4   103.668     7.012    -4.022
 4     0.372    -0.742     0.558
 4     0.811     0.552     0.192
 4    -0.450     0.381     0.807
 5   115.456    27.624    15.822
 5     0.650     0.539     0.534
 5     0.720    -0.662    -0.209
 5     0.241     0.520    -0.819
 6   133.956    24.758     1.120
 6     0.603     0.796    -0.038
 6    -0.383     0.247    -0.890
 6    -0.699     0.552     0.454
 7   108.514   -20.152    -3.127
 7     0.397     0.885     0.242
 7    -0.918     0.389     0.081
 7    -0.022    -0.254     0.967
 8   122.009   -37.035    19.571
 8     0.748    -0.614     0.251
 8    -0.652    -0.750     0.109
 8     0.122    -0.245    -0.962
 9   138.607   -35.583     2.353
 9     0.635    -0.762    -0.127
 9     0.341     0.129     0.931
 9    -0.693    -0.634     0.342
 2    97.959   -18.721    59.920
 2     0.999     0.047    -0.010
 2    -0.047     0.998     0.029
 2     0.011    -0.029     0.999
 3   127.812    -3.251     3.293
 3     0.654    -0.181    -0.734
 3     0.267     0.963     0.000
 3     0.707    -0.197     0.679
 4   104.342     6.954    -4.354
 4     0.404    -0.721     0.563
 4     0.785     0.589     0.191
 4    -0.470     0.364     0.804
 5   116.609    27.988    14.869
 5     0.685     0.472     0.554
 5     0.691    -0.662    -0.290
 5     0.230     0.582    -0.780
 6   136.122    22.331     1.203
 6     0.610     0.780    -0.138
 6    -0.482     0.227    -0.846
 6    -0.629     0.582     0.515
 7   108.837   -20.163    -3.307
 7     0.411     0.880     0.236
 7    -0.911     0.409     0.061
 7    -0.042    -0.240     0.970
 8   122.874   -38.056    17.463
 8     0.781    -0.553     0.289
 8    -0.620    -0.743     0.252
 8     0.075    -0.376    -0.923
 9   140.229   -32.478     0.941
 9     0.630    -0.746    -0.214
 9     0.502     0.182     0.845
 9    -0.592    -0.640     0.489
 2    97.959   -18.695    59.920
 2     0.999     0.046    -0.010
 2    -0.046     0.998     0.029
 2     0.011    -0.029     0.999
 3   128.092    -3.511     3.520
 3     0.638    -0.166    -0.751
 3     0.270     0.963     0.017
 3     0.721    -0.214     0.659
 4   104.902     6.928    -4.605
 4     0.434    -0.698     0.569
 4     0.760     0.623     0.184
 4    -0.484     0.353     0.801
 5   117.879    27.954    14.028
 5     0.715     0.422     0.557
 5     0.664    -0.659    -0.354
 5     0.218     0.622    -0.752
 6   137.643    20.457     1.790
 6     0.609     0.764    -0.210
 6    -0.556     0.223    -0.801
 6    -0.566     0.605     0.561
 7   108.948   -20.053    -3.447
 7     0.424     0.875     0.231
 7    -0.903     0.428     0.036
 7    -0.067    -0.224     0.972
 8   123.473   -39.459    14.771
 8     0.801    -0.509     0.314
 8    -0.597    -0.706     0.380
 8     0.028    -0.492    -0.870
 9   141.587   -30.243     0.182
 9     0.623    -0.732    -0.275
 9     0.620     0.249     0.744
 9    -0.477    -0.634     0.609
 2    97.959   -18.721    59.920
 2     0.999     0.047    -0.010
 2    -0.047     0.998     0.029
 2     0.011    -0.029     0.999
 3   128.308    -3.751     3.559
 3     0.625    -0.152    -0.765
 3     0.271     0.962     0.031
 3     0.731    -0.227     0.643
 4   105.456     6.748    -4.946
 4     0.460    -0.676     0.576
 4     0.733     0.655     0.183
 4    -0.501     0.338     0.797
 5   118.966    28.118    12.826
 5     0.741     0.370     0.560
 5     0.640    -0.641    -0.424
 5     0.202     0.673    -0.712
 6   138.856    18.278     1.708
 6     0.587     0.770    -0.250
 6    -0.642     0.255    -0.723
 6    -0.494     0.585     0.644
 7   109.196   -20.026    -3.644
 7     0.432     0.872     0.229
 7    -0.896     0.443     0.004
 7    -0.098    -0.207     0.973
 8   124.152   -40.355    12.055
 8     0.815    -0.475     0.331
 8    -0.579    -0.649     0.494
 8    -0.020    -0.595    -0.804
 9   142.418   -27.982    -0.789
 9     0.600    -0.733    -0.321
 9     0.720     0.320     0.616
 9    -0.349    -0.600     0.720
 2    97.959   -18.695    59.920
 2     0.999     0.046    -0.010
 2    -0.046     0.998     0.029
 2     0.011    -0.029     0.999
 3   128.525    -4.092     3.648
 3     0.613    -0.137    -0.778
 3     0.274     0.960     0.046
 3     0.741    -0.242     0.626
 4   105.830     6.465    -5.234
 4     0.480    -0.656     0.583
 4     0.707     0.682     0.185
 4    -0.519     0.323     0.791
 5   119.786    28.311    11.745
 5     0.762     0.317     0.565
 5     0.619    -0.611    -0.493
 5     0.189     0.725    -0.662
 6   139.769    16.113     2.076
 6     0.559     0.774    -0.297
 6    -0.724     0.281    -0.630
 6    -0.404     0.567     0.717
 7   109.295   -20.101    -3.790
 7     0.441     0.867     0.229
 7    -0.888     0.459    -0.027
 7    -0.129    -0.191     0.973
 8   124.910   -40.917     9.398
 8     0.831    -0.437     0.344
 8    -0.552    -0.578     0.601
 8    -0.064    -0.689    -0.722
 9   143.223   -25.571    -0.991
 9     0.565    -0.742    -0.360
 9     0.797     0.378     0.470
 9    -0.213    -0.553     0.805
 2    97.959   -18.695    59.920
 2     0.999     0.046    -0.010
 2    -0.046     0.998     0.029
 2     0.011    -0.029     0.999
 3   128.732    -4.360     3.674
 3     0.603    -0.124    -0.788
 3     0.276     0.959     0.061
 3     0.748    -0.255     0.613
 4   106.248     6.296    -5.474
 4     0.498    -0.642     0.583
 4     0.688     0.702     0.184
 4    -0.528     0.310     0.791
 5   120.571    28.222    11.186
 5     0.777     0.267     0.570
 5     0.599    -0.593    -0.538
 5     0.194     0.760    -0.620
 6   140.185    14.383     2.338
 6     0.529     0.788    -0.316
 6    -0.778     0.302    -0.551
 6    -0.339     0.536     0.773
 7   109.413   -20.067    -3.912
 7     0.448     0.865     0.224
 7    -0.881     0.470    -0.053
 7    -0.151    -0.173     0.973
 8   125.737   -40.903     7.166
 8     0.849    -0.394     0.351
 8    -0.520    -0.512     0.684
 8    -0.090    -0.763    -0.640
 9   144.220   -22.851    -0.433
 9     0.515    -0.773    -0.370
 9     0.854     0.430     0.290
 9    -0.065    -0.466     0.882
 2    97.959   -18.721    59.920
 2     0.999     0.047    -0.010
 2    -0.047     0.998     0.029
 2     0.011    -0.029     0.999
 3   128.941    -4.477     3.871
 3     0.593    -0.108    -0.798
 3     0.274     0.958     0.074
 3     0.756    -0.263     0.598
 4   107.098     6.259    -5.813
 4     0.530    -0.620     0.579
 4     0.664     0.728     0.171
 4    -0.528     0.294     0.797
 5   121.453    28.305    10.632
 5     0.784     0.199     0.588
 5     0.581    -0.568    -0.583
 5     0.218     0.798    -0.561
 6   141.166    12.302     4.101
 6     0.497     0.805    -0.323
 6    -0.840     0.355    -0.411
 6    -0.216     0.475     0.853
 7   109.636   -19.864    -4.087
 7     0.454     0.863     0.218
 7    -0.872     0.481    -0.088
 7    -0.181    -0.151     0.972
 8   126.705   -40.636     4.587
 8     0.871    -0.340     0.355
