% Calibrated with leiden_pols
% Positions are in centimeters
Data =[
 2    97.336   -18.793    59.797
 2     0.829    -0.555     0.061
 2     0.555     0.831     0.022
 2    -0.063     0.016     0.998
 3   126.733    -2.910     8.848
 3    -0.302     0.026    -0.953
 3     0.089    -0.994    -0.056
 3    -0.949    -0.102     0.298
 4   115.221    12.918   -13.003
 4     0.540    -0.807     0.241
 4     0.834     0.474    -0.280
 4     0.112     0.352     0.929
 5   115.317    20.047    16.769
 5     0.259    -0.005     0.965
 5     0.222    -0.973    -0.064
 5     0.940     0.231    -0.251
 6   127.427    25.559    44.704
 6     0.129    -0.615    -0.778
 6    -0.060     0.778    -0.625
 6     0.990     0.127     0.063
 7   120.985   -24.546   -12.795
 7     0.286     0.958    -0.032
 7    -0.875     0.274     0.399
 7     0.391    -0.087     0.916
 8   120.253   -28.972    17.161
 8     0.341     0.251     0.906
 8    -0.155    -0.935     0.318
 8     0.927    -0.249    -0.280
 9   134.478   -30.239    42.627
 9     0.172     0.402    -0.899
 9     0.141     0.893     0.427
 9     0.975    -0.201     0.097
 2    97.335   -18.794    59.749
 2     0.829    -0.555     0.062
 2     0.555     0.831     0.022
 2    -0.064     0.016     0.998
 3   126.656    -2.990     9.113
 3    -0.298     0.026    -0.954
 3     0.089    -0.994    -0.055
 3    -0.950    -0.102     0.294
 4   115.342    13.004   -12.803
 4     0.535    -0.810     0.238
 4     0.836     0.467    -0.288
 4     0.122     0.353     0.927
 5   115.309    20.095    17.060
 5     0.259    -0.005     0.966
 5     0.223    -0.973    -0.065
 5     0.939     0.233    -0.251
 6   127.476    25.587    44.857
 6     0.130    -0.615    -0.777
 6    -0.059     0.778    -0.626
 6     0.990     0.127     0.064
 7   120.996   -24.493   -12.660
 7     0.283     0.958    -0.038
 7    -0.873     0.274     0.402
 7     0.396    -0.081     0.915
 8   120.178   -28.922    17.391
 8     0.342     0.251     0.905
 8    -0.156    -0.935     0.318
 8     0.927    -0.250    -0.281
 9   134.444   -30.242    42.820
 9     0.174     0.404    -0.898
 9     0.142     0.892     0.429
 9     0.974    -0.203     0.097
 2    97.337   -18.793    59.797
 2     0.829    -0.555     0.061
 2     0.555     0.831     0.022
 2    -0.063     0.015     0.998
 3   126.467    -2.997     9.535
 3    -0.292     0.026    -0.956
 3     0.087    -0.995    -0.054
 3    -0.952    -0.099     0.288
 4   115.269    12.991   -12.609
 4     0.529    -0.816     0.234
 4     0.838     0.458    -0.296
 4     0.134     0.352     0.926
 5   115.150    20.018    17.243
 5     0.262    -0.002     0.965
 5     0.226    -0.972    -0.064
 5     0.938     0.234    -0.255
 6   127.408    25.639    44.954
 6     0.136    -0.620    -0.773
 6    -0.059     0.773    -0.631
 6     0.989     0.132     0.068
 7   120.891   -24.487   -12.386
 7     0.279     0.959    -0.047
 7    -0.871     0.273     0.409
 7     0.405    -0.073     0.911
 8   119.999   -28.848    17.680
 8     0.342     0.246     0.906
 8    -0.158    -0.936     0.314
 8     0.926    -0.250    -0.282
 9   134.259   -30.195    43.088
 9     0.177     0.413    -0.893
 9     0.143     0.887     0.438
 9     0.973    -0.206     0.098
 2    97.337   -18.793    59.797
 2     0.829    -0.555     0.061
 2     0.555     0.831     0.022
 2    -0.063     0.015     0.998
 3   126.322    -3.055     9.904
 3    -0.288     0.025    -0.957
 3     0.084    -0.995    -0.051
 3    -0.954    -0.095     0.285
 4   115.212    12.947   -12.556
 4     0.526    -0.818     0.230
 4     0.838     0.454    -0.302
 4     0.142     0.352     0.925
 5   114.965    19.968    17.379
 5     0.262     0.008     0.965
 5     0.232    -0.971    -0.055
 5     0.937     0.238    -0.257
 6   127.338    25.763    45.152
 6     0.139    -0.626    -0.768
 6    -0.059     0.769    -0.637
 6     0.988     0.133     0.069
 7   120.832   -24.585   -12.230
 7     0.274     0.960    -0.052
 7    -0.869     0.271     0.415
 7     0.412    -0.069     0.908
 8   119.776   -28.849    17.858
 8     0.341     0.239     0.909
 8    -0.159    -0.939     0.306
 8     0.926    -0.249    -0.282
 9   134.037   -30.246    43.369
 9     0.178     0.422    -0.889
 9     0.144     0.882     0.448
 9     0.973    -0.208     0.096
 2    97.287   -18.742    59.797
 2     0.829    -0.555     0.061
 2     0.555     0.831     0.022
 2    -0.063     0.015     0.998
 3   126.082    -3.101    10.067
 3    -0.292     0.025    -0.956
 3     0.078    -0.995    -0.050
 3    -0.953    -0.090     0.289
 4   115.113    12.728   -12.461
 4     0.526    -0.820     0.226
 4     0.837     0.450    -0.311
 4     0.153     0.353     0.923
 5   114.925    19.909    17.473
 5     0.267     0.018     0.963
 5     0.243    -0.969    -0.049
 5     0.932     0.247    -0.264
 6   127.918    25.742    45.025
 6     0.150    -0.583    -0.799
 6    -0.055     0.802    -0.595
 6     0.987     0.133     0.088
 7   120.746   -24.683   -12.018
 7     0.272     0.961    -0.052
 7    -0.867     0.268     0.420
 7     0.417    -0.069     0.906
 8   119.722   -28.798    17.942
 8     0.345     0.236     0.908
 8    -0.159    -0.939     0.304
 8     0.925    -0.250    -0.287
 9   134.037   -30.298    43.368
 9     0.180     0.424    -0.887
 9     0.143     0.881     0.450
 9     0.973    -0.208     0.098
 2    97.335   -18.743    59.749
 2     0.829    -0.555     0.062
 2     0.555     0.831     0.022
 2    -0.064     0.016     0.998
 3   125.907    -3.120    10.174
 3    -0.299     0.025    -0.954
 3     0.076    -0.996    -0.050
 3    -0.951    -0.088     0.296
 4   114.908    12.787   -12.335
 4     0.524    -0.822     0.224
 4     0.836     0.446    -0.319
 4     0.162     0.354     0.921
 5   115.106    20.072    17.600
 5     0.278     0.019     0.960
 5     0.253    -0.966    -0.054
 5     0.926     0.258    -0.274
 6   128.379    25.994    45.140
 6     0.163    -0.542    -0.825
 6    -0.052     0.830    -0.555
 6     0.985     0.133     0.107
 7   120.450   -24.757   -11.944
 7     0.274     0.960    -0.048
 7    -0.866     0.268     0.422
 7     0.418    -0.074     0.905
 8   119.693   -28.900    18.084
 8     0.358     0.236     0.903
 8    -0.159    -0.938     0.308
 8     0.920    -0.254    -0.298
 9   134.249   -30.336    43.223
 9     0.190     0.416    -0.889
 9     0.139     0.885     0.444
 9     0.972    -0.208     0.110
 2    97.335   -18.743    59.749
 2     0.829    -0.555     0.062
 2     0.555     0.831     0.022
 2    -0.064     0.016     0.998
 3   125.740    -3.114    10.028
 3    -0.306     0.022    -0.952
 3     0.077    -0.996    -0.048
 3    -0.949    -0.088     0.303
 4   114.686    12.788   -12.343
 4     0.525    -0.820     0.227
 4     0.835     0.444    -0.324
 4     0.164     0.359     0.918
 5   115.080    20.110    17.624
 5     0.290     0.017     0.957
 5     0.254    -0.965    -0.060
 5     0.922     0.260    -0.284
 6   128.863    25.811    44.834
 6     0.175    -0.514    -0.840
 6    -0.053     0.847    -0.529
 6     0.983     0.137     0.121
 7   120.275   -24.681   -11.966
 7     0.276     0.960    -0.044
 7    -0.866     0.268     0.422
 7     0.417    -0.079     0.905
 8   119.727   -28.750    18.108
 8     0.365     0.234     0.901
 8    -0.160    -0.938     0.309
 8     0.917    -0.257    -0.305
 9   134.412   -30.343    43.157
 9     0.196     0.414    -0.889
 9     0.138     0.885     0.443
 9     0.971    -0.209     0.116
 2    97.285   -18.743    59.800
 2     0.829    -0.555     0.061
 2     0.555     0.831     0.022
 2    -0.064     0.015     0.998
 3   125.656    -3.032    10.015
 3    -0.312     0.022    -0.950
 3     0.080    -0.995    -0.049
 3    -0.947    -0.091     0.308
 4   114.451    12.844   -12.289
 4     0.525    -0.820     0.227
 4     0.833     0.442    -0.331
 4     0.171     0.363     0.916
 5   115.169    20.226    17.827
 5     0.303     0.029     0.952
 5     0.257    -0.965    -0.052
 5     0.917     0.261    -0.300
 6   129.213    25.911    44.872
 6     0.186    -0.508    -0.841
 6    -0.052     0.849    -0.525
 6     0.981     0.141     0.131
 7   120.049   -24.630   -11.963
 7     0.279     0.959    -0.041
 7    -0.865     0.270     0.422
 7     0.416    -0.082     0.905
 8   119.909   -28.808    18.198
 8     0.381     0.226     0.896
 8    -0.166    -0.937     0.307
 8     0.909    -0.266    -0.320
 9   134.973   -30.519    42.846
 9     0.217     0.412    -0.885
 9     0.134     0.885     0.445
 9     0.967    -0.215     0.136
 2    97.284   -18.794    59.800
 2     0.829    -0.555     0.061
 2     0.555     0.831     0.022
 2    -0.064     0.015     0.998
 3   125.420    -3.023     9.865
 3    -0.320     0.023    -0.947
 3     0.080    -0.995    -0.051
 3    -0.944    -0.093     0.317
 4   114.074    12.852   -12.166
 4     0.523    -0.823     0.223
 4     0.833     0.438    -0.339
 4     0.181     0.363     0.914
 5   115.386    20.305    18.060
 5     0.325     0.031     0.945
 5     0.262    -0.963    -0.059
 5     0.908     0.267    -0.322
 6   129.975    26.034    44.595
 6     0.207    -0.487    -0.848
 6    -0.049     0.861    -0.506
 6     0.977     0.146     0.155
 7   119.699   -24.527   -11.935
 7     0.284     0.958    -0.038
 7    -0.864     0.273     0.423
 7     0.415    -0.088     0.905
 8   120.156   -28.740    18.281
 8     0.404     0.212     0.890
 8    -0.172    -0.938     0.301
 8     0.898    -0.275    -0.343
 9   135.892   -30.497    42.453
 9     0.243     0.409    -0.880
 9     0.131     0.884     0.447
 9     0.961    -0.224     0.161
 2    97.337   -18.742    59.797
 2     0.829    -0.555     0.061
 2     0.555     0.831     0.022
 2    -0.063     0.015     0.998
 3   125.255    -2.912     9.738
 3    -0.330     0.024    -0.944
 3     0.080    -0.995    -0.054
 3    -0.941    -0.093     0.326
 4   113.744    12.858   -12.163
 4     0.521    -0.825     0.217
 4     0.832     0.435    -0.344
 4     0.189     0.360     0.913
 5   115.769    20.979    18.217
 5     0.354     0.024     0.934
 5     0.278    -0.957    -0.081
 5     0.893     0.288    -0.346
 6   131.438    27.060    44.191
 6     0.234    -0.443    -0.865
 6    -0.030     0.886    -0.462
 6     0.972     0.134     0.193
 7   119.340   -24.579   -11.822
 7     0.291     0.956    -0.035
 7    -0.864     0.278     0.420
 7     0.411    -0.092     0.907
 8   121.043   -28.936    18.594
 8     0.448     0.198     0.871
 8    -0.183    -0.934     0.307
 8     0.875    -0.298    -0.382
 9   137.732   -31.074    41.749
 9     0.282     0.390    -0.876
 9     0.115     0.893     0.435
 9     0.952    -0.223     0.207
 2    97.335   -18.743    59.800
 2     0.829    -0.555     0.061
 2     0.555     0.831     0.022
 2    -0.064     0.015     0.998
 3   125.120    -2.948     9.622
 3    -0.342     0.025    -0.939
 3     0.078    -0.995    -0.055
 3    -0.936    -0.092     0.338
 4   113.540    12.814   -12.132
 4     0.519    -0.829     0.208
 4     0.832     0.433    -0.347
 4     0.197     0.353     0.914
 5   116.432    21.687    18.252
 5     0.396     0.016     0.918
 5     0.300    -0.947    -0.113
 5     0.868     0.320    -0.380
 6   133.433    27.861    43.083
 6     0.284    -0.405    -0.869
 6    -0.011     0.905    -0.426
 6     0.959     0.130     0.252
 7   119.093   -24.582   -11.846
 7     0.301     0.953    -0.032
 7    -0.865     0.287     0.412
 7     0.402    -0.097     0.910
 8   121.934   -29.268    18.685
 8     0.494     0.181     0.850
 8    -0.201    -0.927     0.315
 8     0.845    -0.327    -0.422
 9   139.747   -31.759    40.652
 9     0.330     0.372    -0.867
 9     0.099     0.900     0.424
 9     0.938    -0.226     0.260
 2    97.335   -18.743    59.800
 2     0.829    -0.556     0.061
 2     0.555     0.831     0.022
 2    -0.064     0.015     0.998
 3   125.059    -2.940     9.550
 3    -0.351     0.027    -0.936
 3     0.079    -0.995    -0.058
 3    -0.933    -0.094     0.347
 4   113.433    12.820   -12.049
 4     0.517    -0.832     0.201
 4     0.831     0.432    -0.350
 4     0.204     0.348     0.915
 5   117.220    22.598    18.362
 5     0.436     0.009     0.900
 5     0.320    -0.936    -0.146
 5     0.841     0.351    -0.411
 6   135.439    29.212    42.174
 6     0.333    -0.377    -0.864
 6     0.008     0.918    -0.397
 6     0.943     0.125     0.309
 7   118.900   -24.536   -11.825
 7     0.307     0.951    -0.032
 7    -0.866     0.293     0.405
 7     0.395    -0.097     0.913
 8   122.915   -29.752    18.551
 8     0.534     0.162     0.830
 8    -0.220    -0.921     0.321
 8     0.816    -0.354    -0.456
 9   141.741   -32.387    39.399
 9     0.376     0.354    -0.856
 9     0.082     0.907     0.411
 9     0.923    -0.225     0.312
 2    97.285   -18.743    59.800
 2     0.829    -0.556     0.061
 2     0.555     0.831     0.022
 2    -0.064     0.015     0.998
 3   124.961    -2.876     9.467
 3    -0.364     0.025    -0.931
 3     0.082    -0.995    -0.059
 3    -0.928    -0.098     0.360
 4   113.303    12.877   -11.867
 4     0.516    -0.835     0.193
 4     0.830     0.431    -0.354
 4     0.212     0.343     0.915
 5   117.911    23.307    18.261
 5     0.476     0.010     0.879
 5     0.337    -0.926    -0.172
 5     0.812     0.378    -0.444
 6   137.068    30.046    41.057
 6     0.382    -0.350    -0.855
 6     0.021     0.929    -0.370
 6     0.924     0.123     0.362
 7   118.577   -24.417   -11.797
 7     0.309     0.950    -0.033
 7    -0.869     0.297     0.396
 7     0.386    -0.094     0.917
 8   123.668   -30.274    18.082
 8     0.565     0.149     0.811
 8    -0.251    -0.906     0.341
 8     0.786    -0.396    -0.475
 9   143.539   -33.224    37.965
 9     0.426     0.331    -0.842
 9     0.060     0.918     0.391
 9     0.903    -0.218     0.371
 2    97.335   -18.794    59.800
 2     0.829    -0.555     0.061
 2     0.555     0.831     0.022
 2    -0.064     0.015     0.998
 3   124.955    -2.862     9.354
 3    -0.375     0.016    -0.927
 3     0.091    -0.994    -0.054
 3    -0.922    -0.105     0.372
 4   113.232    12.903   -11.818
 4     0.517    -0.834     0.191
 4     0.829     0.432    -0.355
 4     0.213     0.342     0.915
 5   118.712    24.020    18.229
 5     0.511     0.010     0.859
 5     0.353    -0.914    -0.200
 5     0.783     0.405    -0.471
 6   139.151    31.085    39.835
 6     0.428    -0.321    -0.845
 6     0.036     0.940    -0.339
 6     0.903     0.115     0.413
 7   118.342   -24.236   -11.840
 7     0.324     0.945    -0.035
 7    -0.865     0.311     0.393
 7     0.382    -0.098     0.919
 8   124.571   -30.939    17.398
 8     0.583     0.173     0.793
 8    -0.269    -0.881     0.390
 8     0.766    -0.441    -0.468
 9   145.316   -33.543    36.498
 9     0.468     0.298    -0.832
 9     0.048     0.931     0.361
 9     0.882    -0.209     0.422
 2    97.284   -18.794    59.800
 2     0.829    -0.555     0.061
 2     0.555     0.831     0.022
 2    -0.064     0.015     0.998
 3   124.886    -2.853     9.230
 3    -0.384     0.012    -0.923
 3     0.098    -0.994    -0.054
 3    -0.918    -0.111     0.380
 4   112.999    12.951   -11.690
 4     0.520    -0.830     0.201
 4     0.827     0.431    -0.359
 4     0.211     0.353     0.911
 5   119.186    24.387    18.011
 5     0.542     0.016     0.840
 5     0.362    -0.907    -0.216
 5     0.758     0.421    -0.497
 6   140.331    31.107    38.904
 6     0.466    -0.300    -0.832
 6     0.038     0.947    -0.320
 6     0.884     0.118     0.453
 7   118.159   -24.184   -11.855
 7     0.334     0.942    -0.031
 7    -0.863     0.319     0.391
 7     0.378    -0.105     0.919
 8   124.950   -31.030    17.261
 8     0.606     0.172     0.776
 8    -0.274    -0.871     0.407
 8     0.747    -0.460    -0.481
 9   146.053   -33.817    35.527
 9     0.490     0.284    -0.824
 9     0.042     0.937     0.347
 9     0.870    -0.205     0.448
 2    97.284   -18.794    59.800
 2     0.829    -0.555     0.061
 2     0.555     0.831     0.022
 2    -0.064     0.015     0.998
 3   124.778    -2.900     9.144
 3    -0.389     0.008    -0.921
 3     0.103    -0.993    -0.053
 3    -0.916    -0.115     0.385
 4   112.900    12.950   -11.589
 4     0.522    -0.829     0.202
 4     0.826     0.432    -0.361
 4     0.211     0.355     0.910
 5   119.852    24.608    17.928
 5     0.568     0.020     0.822
 5     0.367    -0.901    -0.232
 5     0.736     0.433    -0.519
 6   141.544    31.385    37.682
 6     0.500    -0.285    -0.818
 6     0.041     0.951    -0.306
 6     0.865     0.119     0.487
 7   117.980   -24.133   -11.854
 7     0.339     0.940    -0.031
 7    -0.862     0.323     0.390
 7     0.377    -0.105     0.920
 8   125.414   -31.273    16.996
 8     0.625     0.158     0.764
 8    -0.283    -0.867     0.411
 8     0.728    -0.473    -0.497
 9   147.034   -33.993    34.770
 9     0.516     0.272    -0.812
 9     0.033     0.941     0.336
 9     0.856    -0.200     0.476
 2    97.335   -18.794    59.800
 2     0.829    -0.555     0.061
 2     0.555     0.831     0.023
 2    -0.064     0.015     0.998
 3   124.800    -2.947     9.135
 3    -0.391     0.004    -0.920
 3     0.109    -0.993    -0.050
 3    -0.914    -0.120     0.387
 4   112.899    13.049   -11.516
 4     0.530    -0.822     0.208
 4     0.821     0.437    -0.367
 4     0.211     0.365     0.907
 5   120.619    25.304    17.573
 5     0.594     0.027     0.804
 5     0.384    -0.888    -0.254
 5     0.707     0.459    -0.538
 6   142.903    32.177    36.469
 6     0.532    -0.271    -0.802
 6     0.058     0.957    -0.284
 6     0.844     0.105     0.525
 7   117.799   -24.054   -11.847
 7     0.349     0.936    -0.030
 7    -0.859     0.333     0.389
 7     0.374    -0.111     0.920
 8   126.010   -31.552    16.557
 8     0.654     0.142     0.742
 8    -0.296    -0.856     0.424
 8     0.696    -0.497    -0.518
 9   148.417   -34.514    33.084
 9     0.558     0.258    -0.789
 9     0.020     0.946     0.324
 9     0.830    -0.197     0.522
 2    97.285   -18.743    59.800
 2     0.829    -0.556     0.061
 2     0.555     0.831     0.023
 2    -0.064     0.015     0.998
 3   124.716    -3.020     9.023
 3    -0.393    -0.001    -0.919
 3     0.113    -0.992    -0.048
 3    -0.912    -0.123     0.390
 4   112.815    12.993   -11.404
 4     0.535    -0.818     0.212
 4     0.819     0.440    -0.368
 4     0.207     0.370     0.905
 5   121.313    25.519    17.206
 5     0.622     0.043     0.782
 5     0.393    -0.880    -0.265
 5     0.677     0.472    -0.565
 6   144.079    32.914    35.098
 6     0.566    -0.271    -0.778
 6     0.070     0.957    -0.282
 6     0.821     0.104     0.561
 7   117.615   -23.998   -11.709
 7     0.370     0.929    -0.024
 7    -0.852     0.349     0.389
 7     0.369    -0.123     0.921
 8   126.789   -32.083    16.285
 8     0.680     0.124     0.722
 8    -0.307    -0.846     0.435
 8     0.665    -0.518    -0.537
 9   149.876   -34.956    31.627
 9     0.596     0.246    -0.764
 9     0.011     0.949     0.315
 9     0.802    -0.197     0.563
 2    97.335   -18.743    59.749
 2     0.829    -0.555     0.061
 2     0.555     0.831     0.023
 2    -0.064     0.015     0.998
 3   124.724    -3.068     9.018
 3    -0.395    -0.002    -0.918
 3     0.115    -0.992    -0.047
 3    -0.911    -0.125     0.392
 4   112.573    12.886   -11.391
 4     0.538    -0.813     0.223
 4     0.818     0.441    -0.369
 4     0.201     0.381     0.902
 5   121.862    25.658    16.911
 5     0.649     0.055     0.758
 5     0.400    -0.873    -0.278
 5     0.647     0.484    -0.589
 6   145.589    33.057    33.628
 6     0.607    -0.256    -0.752
 6     0.072     0.961    -0.268
 6     0.791     0.108     0.602
 7   117.364   -23.996   -11.717
 7     0.396     0.918    -0.002
 7    -0.847     0.366     0.386
 7     0.355    -0.151     0.922
 8   127.405   -32.048    16.052
 8     0.708     0.109     0.697
 8    -0.308    -0.841     0.445
 8     0.635    -0.530    -0.562
 9   151.034   -34.759    30.075
 9     0.636     0.228    -0.738
 9     0.016     0.951     0.308
 9     0.771    -0.208     0.601
 2    97.335   -18.794    59.749
 2     0.829    -0.555     0.062
 2     0.555     0.831     0.023
 2    -0.064     0.015     0.998
 3   124.604    -3.117     8.934
 3    -0.398    -0.006    -0.917
 3     0.117    -0.992    -0.045
 3    -0.910    -0.125     0.396
 4   112.420    12.798   -11.467
 4     0.546    -0.803     0.238
 4     0.816     0.445    -0.369
 4     0.190     0.396     0.898
 5   122.475    25.751    16.374
 5     0.672     0.064     0.737
 5     0.404    -0.867    -0.292
 5     0.620     0.494    -0.609
 6   146.599    32.851    31.900
 6     0.639    -0.242    -0.730
 6     0.075     0.964    -0.255
 6     0.765     0.108     0.634
 7   117.317   -23.989   -11.622
 7     0.408     0.912    -0.002
 7    -0.840     0.377     0.389
 7     0.356    -0.158     0.921
 8   128.072   -32.192    15.638
 8     0.733     0.094     0.674
 8    -0.311    -0.835     0.455
 8     0.605    -0.543    -0.583
 9   152.281   -34.736    28.682
 9     0.670     0.211    -0.712
 9     0.019     0.953     0.300
 9     0.742    -0.215     0.635
 2    97.335   -18.743    59.749
 2     0.829    -0.555     0.061
 2     0.555     0.831     0.023
 2    -0.064     0.015     0.998
 3   124.607    -3.115     8.876
 3    -0.401    -0.008    -0.916
 3     0.117    -0.992    -0.043
 3    -0.909    -0.125     0.398
 4   112.274    12.664   -11.525
 4     0.548    -0.798     0.250
 4     0.816     0.445    -0.368
 4     0.182     0.406     0.895
 5   122.693    25.830    16.210
 5     0.686     0.072     0.724
 5     0.408    -0.862    -0.301
 5     0.602     0.502    -0.621
 6   147.158    33.416    31.119
 6     0.660    -0.242    -0.711
 6     0.080     0.964    -0.253
 6     0.747     0.109     0.656
 7   117.235   -23.986   -11.667
 7     0.419     0.907    -0.001
 7    -0.836     0.387     0.388
 7     0.353    -0.162     0.921
 8   128.414   -32.358    15.359
 8     0.748     0.089     0.657
 8    -0.312    -0.827     0.467
 8     0.585    -0.555    -0.591
 9   152.894   -34.881    27.686
 9     0.688     0.198    -0.698
 9     0.017     0.957     0.288
 9     0.725    -0.210     0.656
 2    97.335   -18.794    59.749
 2     0.829    -0.555     0.061
 2     0.555     0.831     0.023
 2    -0.064     0.015     0.998
 3   124.496    -3.187     8.789
 3    -0.403    -0.009    -0.915
 3     0.120    -0.992    -0.043
 3    -0.907    -0.127     0.401
 4   112.089    12.662   -11.519
 4     0.548    -0.796     0.257
 4     0.817     0.444    -0.369
 4     0.179     0.412     0.893
 5   122.786    25.896    16.039
 5     0.693     0.080     0.716
 5     0.411    -0.860    -0.302
 5     0.592     0.504    -0.629
 6   147.397    33.252    30.507
 6     0.672    -0.237    -0.702
 6     0.080     0.965    -0.249
 6     0.736     0.111     0.667
 7   117.178   -23.909   -11.660
 7     0.427     0.904    -0.001
 7    -0.834     0.393     0.387
 7     0.350    -0.165     0.922
 8   128.722   -32.392    15.247
 8     0.761     0.076     0.644
 8    -0.314    -0.826     0.468
 8     0.568    -0.558    -0.605
 9   153.361   -34.872    26.772
 9     0.707     0.191    -0.681
 9     0.018     0.957     0.288
 9     0.707    -0.216     0.673
 2    97.335   -18.743    59.749
 2     0.829    -0.556     0.062
 2     0.555     0.831     0.023
 2    -0.064     0.015     0.998
 3   124.449    -3.061     8.791
 3    -0.404    -0.010    -0.915
 3     0.122    -0.992    -0.043
 3    -0.907    -0.129     0.401
 4   111.981    12.734   -11.436
 4     0.551    -0.792     0.263
 4     0.816     0.444    -0.370
 4     0.176     0.418     0.891
 5   123.162    26.027    15.916
 5     0.707     0.084     0.702
 5     0.410    -0.858    -0.310
 5     0.576     0.507    -0.641
 6   148.215    33.182    29.724
 6     0.691    -0.224    -0.687
 6     0.077     0.968    -0.238
 6     0.718     0.112     0.686
 7   117.125   -23.805   -11.659
 7     0.434     0.901    -0.002
 7    -0.831     0.401     0.386
 7     0.349    -0.166     0.922
 8   129.183   -32.329    14.984
 8     0.779     0.063     0.623
 8    -0.313    -0.822     0.475
 8     0.543    -0.565    -0.621
 9   154.313   -34.671    25.425
 9     0.737     0.174    -0.653
 9     0.024     0.958     0.283
 9     0.676    -0.225     0.702
 2    97.335   -18.743    59.749
 2     0.829    -0.555     0.062
 2     0.555     0.831     0.023
 2    -0.064     0.015     0.998
 3   124.457    -3.109     8.785
 3    -0.404    -0.013    -0.915
 3     0.124    -0.991    -0.041
 3    -0.906    -0.130     0.402
 4   111.965    12.678   -11.448
 4     0.554    -0.787     0.271
 4     0.814     0.446    -0.370
 4     0.170     0.426     0.888
 5   123.608    26.006    15.645
 5     0.722     0.091     0.686
 5     0.409    -0.855    -0.318
 5     0.558     0.510    -0.655
 6   149.093    32.902    28.455
 6     0.717    -0.209    -0.666
 6     0.072     0.971    -0.227
 6     0.694     0.115     0.711
 7   117.051   -23.682   -11.642
 7     0.466     0.884     0.019
 7    -0.822     0.425     0.378
 7     0.326    -0.192     0.925
 8   129.745   -32.393    14.490
 8     0.796     0.049     0.603
 8    -0.313    -0.819     0.481
 8     0.518    -0.572    -0.636
 9   155.104   -34.465    24.107
 9     0.760     0.158    -0.630
 9     0.030     0.960     0.278
 9     0.649    -0.230     0.725
 2    97.335   -18.794    59.749
 2     0.829    -0.555     0.062
 2     0.555     0.831     0.023
 2    -0.064     0.015     0.998
 3   124.460    -3.110     8.733
 3    -0.404    -0.017    -0.914
 3     0.126    -0.991    -0.037
 3    -0.906    -0.130     0.403
 4   111.875    12.647   -11.434
 4     0.557    -0.782     0.279
 4     0.813     0.448    -0.371
 4     0.164     0.434     0.886
 5   123.958    26.061    15.397
 5     0.734     0.095     0.672
 5     0.409    -0.852    -0.327
 5     0.541     0.514    -0.665
 6   149.662    33.061    27.666
 6     0.734    -0.201    -0.649
 6     0.071     0.972    -0.222
 6     0.676     0.116     0.728
 7   117.053   -23.730   -11.646
 7     0.469     0.883     0.018
 7    -0.821     0.428     0.379
 7     0.327    -0.193     0.925
 8   130.064   -32.245    14.413
 8     0.806     0.042     0.589
 8    -0.309    -0.820     0.481
 8     0.504    -0.570    -0.649
 9   155.727   -34.302    23.364
 9     0.775     0.150    -0.614
 9     0.034     0.959     0.279
 9     0.631    -0.238     0.738
 2    97.335   -18.794    59.749
 2     0.829    -0.555     0.062
 2     0.555     0.831     0.023
 2    -0.064     0.015     0.998
 3   124.464    -3.108     8.778
 3    -0.405    -0.019    -0.914
 3     0.126    -0.991    -0.035
 3    -0.905    -0.130     0.404
 4   111.815    12.592   -11.423
 4     0.558    -0.780     0.282
 4     0.814     0.449    -0.369
 4     0.160     0.435     0.885
 5   124.291    25.966    15.090
 5     0.747     0.099     0.657
 5     0.406    -0.851    -0.333
 5     0.526     0.516    -0.676
 6   150.027    32.819    27.009
 6     0.745    -0.190    -0.640
 6     0.068     0.975    -0.211
 6     0.663     0.113     0.739
 7   117.054   -23.725   -11.551
 7     0.477     0.879     0.015
 7    -0.815     0.436     0.381
 7     0.328    -0.194     0.924
 8   130.581   -32.360    14.045
 8     0.821     0.025     0.569
 8    -0.310    -0.819     0.483
 8     0.479    -0.573    -0.665
 9   156.307   -34.069    22.335
 9     0.793     0.140    -0.593
 9     0.036     0.960     0.275
 9     0.607    -0.240     0.757
 2    97.285   -18.794    59.800
 2     0.829    -0.555     0.061
 2     0.554     0.832     0.022
 2    -0.064     0.015     0.998
 3   124.472    -3.106     8.721
 3    -0.407    -0.023    -0.913
 3     0.129    -0.991    -0.033
 3    -0.904    -0.131     0.406
 4   111.675    12.526   -11.433
 4     0.564    -0.769     0.300
 4     0.813     0.454    -0.364
 4     0.144     0.449     0.882
 5   124.825    26.364    14.556
 5     0.764     0.114     0.635
 5     0.414    -0.842    -0.346
 5     0.495     0.527    -0.691
 6   151.036    33.376    25.354
 6     0.771    -0.183    -0.610
 6     0.076     0.978    -0.196
 6     0.632     0.104     0.767
 7   116.999   -23.671   -11.599
 7     0.487     0.873     0.015
 7    -0.810     0.445     0.381
 7     0.326    -0.198     0.924
 8   131.161   -32.147    13.734
 8     0.839     0.018     0.544
 8    -0.305    -0.813     0.496
 8     0.451    -0.582    -0.677
 9   157.211   -34.047    20.596
 9     0.817     0.122    -0.563
 9     0.038     0.963     0.265
 9     0.574    -0.238     0.783
 2    97.284   -18.794    59.800
 2     0.829    -0.555     0.061
 2     0.555     0.831     0.022
 2    -0.064     0.015     0.998
 3   124.429    -3.104     8.665
 3    -0.408    -0.027    -0.912
 3     0.131    -0.991    -0.029
 3    -0.903    -0.132     0.408
 4   111.629    12.467   -11.460
 4     0.566    -0.765     0.307
 4     0.813     0.457    -0.360
 4     0.135     0.453     0.881
 5   125.070    26.317    14.135
 5     0.776     0.123     0.619
 5     0.415    -0.839    -0.353
 5     0.475     0.530    -0.702
 6   151.505    33.000    24.266
 6     0.788    -0.170    -0.591
 6     0.071     0.979    -0.187
 6     0.611     0.105     0.785
 7   116.991   -23.619   -11.542
 7     0.496     0.868     0.013
 7    -0.806     0.454     0.380
 7     0.323    -0.199     0.925
 8   131.562   -32.054    13.500
 8     0.852     0.010     0.524
 8    -0.299    -0.812     0.501
 8     0.430    -0.583    -0.689
 9   157.775   -33.479    19.631
 9     0.832     0.105    -0.544
 9     0.048     0.964     0.260
 9     0.552    -0.243     0.797
 2    97.284   -18.794    59.800
 2     0.829    -0.555     0.061
 2     0.555     0.831     0.022
 2    -0.064     0.015     0.998
 3   124.407    -3.102     8.607
 3    -0.410    -0.030    -0.912
 3     0.132    -0.991    -0.027
 3    -0.902    -0.131     0.410
 4   111.463    12.462   -11.496
 4     0.567    -0.762     0.313
 4     0.813     0.458    -0.358
 4     0.129     0.458     0.880
 5   125.228    26.385    14.104
 5     0.781     0.124     0.612
 5     0.413    -0.838    -0.357
 5     0.469     0.531    -0.705
 6   151.890    32.933    23.560
 6     0.800    -0.161    -0.578
 6     0.066     0.981    -0.181
 6     0.596     0.106     0.795
 7   117.040   -23.566   -11.544
 7     0.500     0.866     0.011
 7    -0.804     0.459     0.378
 7     0.323    -0.199     0.925
 8   131.832   -32.161    13.184
 8     0.859     0.007     0.511
 8    -0.295    -0.810     0.507
 8     0.418    -0.586    -0.694
 9   158.183   -33.209    18.970
 9     0.842     0.091    -0.532
 9     0.057     0.965     0.256
 9     0.537    -0.247     0.807
 2    97.285   -18.794    59.800
 2     0.829    -0.555     0.061
 2     0.554     0.831     0.023
 2    -0.064     0.015     0.998
 3   124.402    -3.054     8.713
 3    -0.409    -0.032    -0.912
 3     0.132    -0.991    -0.024
 3    -0.903    -0.130     0.410
 4   111.451    12.457   -11.432
 4     0.568    -0.759     0.317
 4     0.813     0.460    -0.356
 4     0.124     0.460     0.879
 5   125.426    26.297    13.880
 5     0.788     0.126     0.602
 5     0.410    -0.837    -0.361
 5     0.459     0.531    -0.712
 6   152.187    32.694    23.068
 6     0.808    -0.154    -0.568
 6     0.063     0.982    -0.176
 6     0.585     0.106     0.803
 7   116.980   -23.542   -11.457
 7     0.505     0.863     0.013
 7    -0.802     0.464     0.376
 7     0.319    -0.200     0.926
 8   131.989   -31.936    13.160
 8     0.864     0.005     0.503
 8    -0.291    -0.811     0.508
 8     0.410    -0.585    -0.699
 9   158.289   -33.036    18.638
 9     0.845     0.087    -0.527
 9     0.060     0.965     0.255
 9     0.530    -0.247     0.811
 2    97.335   -18.794    59.800
 2     0.829    -0.555     0.061
 2     0.555     0.831     0.023
 2    -0.064     0.015     0.998
 3   124.359    -3.052     8.657
 3    -0.410    -0.035    -0.911
 3     0.134    -0.991    -0.022
 3    -0.902    -0.131     0.411
 4   111.405    12.449   -11.458
 4     0.572    -0.754     0.324
 4     0.812     0.464    -0.353
 4     0.115     0.464     0.878
 5   125.788    26.458    13.646
 5     0.796     0.130     0.590
 5     0.409    -0.835    -0.369
 5     0.445     0.535    -0.718
 6   152.581    32.784    22.350
 6     0.817    -0.146    -0.557
 6     0.060     0.984    -0.170
 6     0.573     0.105     0.813
 7   116.894   -23.396   -11.481
 7     0.522     0.852     0.028
 7    -0.798     0.476     0.370
 7     0.302    -0.215     0.929
 8   132.300   -31.868    12.813
 8     0.873    -0.005     0.487
 8    -0.289    -0.810     0.510
 8     0.392    -0.586    -0.709
 9   158.665   -32.797    17.808
 9     0.857     0.077    -0.510
 9     0.063     0.966     0.252
 9     0.512    -0.248     0.822
 2    97.335   -18.794    59.749
 2     0.829    -0.555     0.061
 2     0.555     0.831     0.023
 2    -0.064     0.015     0.998
 3   124.362    -3.002     8.709
 3    -0.409    -0.037    -0.912
 3     0.135    -0.990    -0.021
 3    -0.902    -0.132     0.410
 4   111.405    12.488   -11.377
 4     0.576    -0.747     0.330
 4     0.810     0.471    -0.348
 4     0.104     0.468     0.877
 5   126.182    26.562    13.229
 5     0.807     0.137     0.573
 5     0.410    -0.830    -0.379
 5     0.424     0.541    -0.726
 6   153.093    32.634    21.120
 6     0.834    -0.133    -0.535
 6     0.057     0.986    -0.157
 6     0.548     0.100     0.830
 7   116.889   -23.396   -11.527
 7     0.525     0.850     0.028
 7    -0.796     0.480     0.369
 7     0.300    -0.216     0.929
 8   132.690   -31.909    12.467
 8     0.884    -0.020     0.466
 8    -0.290    -0.806     0.516
 8     0.366    -0.592    -0.718
 9   159.030   -32.544    16.209
 9     0.875     0.061    -0.481
 9     0.067     0.967     0.245
 9     0.480    -0.247     0.842
 2    97.335   -18.743    59.800
 2     0.829    -0.555     0.061
 2     0.555     0.831     0.023
 2    -0.064     0.015     0.998
 3   124.358    -3.005     8.714
 3    -0.408    -0.039    -0.912
 3     0.136    -0.990    -0.018
 3    -0.903    -0.131     0.409
 4   111.373    12.425   -11.390
 4     0.580    -0.740     0.340
 4     0.809     0.477    -0.341
 4     0.090     0.473     0.876
 5   126.484    26.669    12.751
 5     0.816     0.143     0.559
 5     0.410    -0.826    -0.387
 5     0.406     0.545    -0.733
 6   153.664    32.615    20.026
 6     0.848    -0.123    -0.516
 6     0.053     0.987    -0.149
 6     0.527     0.099     0.843
 7   116.932   -23.317   -11.474
 7     0.535     0.844     0.024
 7    -0.790     0.490     0.368
 7     0.298    -0.216     0.929
 8   133.123   -31.792    12.173
 8     0.893    -0.028     0.448
 8    -0.286    -0.805     0.520
 8     0.347    -0.593    -0.727
 9   159.702   -32.338    14.882
 9     0.890     0.046    -0.454
 9     0.073     0.968     0.241
 9     0.450    -0.248     0.858
 2    97.335   -18.743    59.749
 2     0.829    -0.555     0.062
 2     0.555     0.831     0.023
 2    -0.064     0.015     0.998
 3   124.306    -3.005     8.713
 3    -0.408    -0.041    -0.912
 3     0.135    -0.991    -0.016
 3    -0.903    -0.130     0.409
 4   111.316    12.335   -11.428
 4     0.584    -0.733     0.349
 4     0.808     0.484    -0.335
 4     0.076     0.477     0.875
 5   126.797    26.780    12.464
 5     0.823     0.148     0.548
 5     0.410    -0.823    -0.394
 5     0.392     0.549    -0.738
 6   154.042    32.444    18.928
 6     0.860    -0.113    -0.497
 6     0.050     0.989    -0.139
 6     0.507     0.094     0.856
 7   116.930   -23.315   -11.472
 7     0.539     0.841     0.024
 7    -0.788     0.494     0.368
 7     0.297    -0.218     0.929
 8   133.317   -31.926    11.888
 8     0.898    -0.035     0.437
 8    -0.286    -0.803     0.523
 8     0.333    -0.595    -0.732
 9   159.851   -32.321    14.329
 9     0.895     0.041    -0.444
 9     0.073     0.968     0.238
 9     0.440    -0.246     0.864
 2    97.335   -18.743    59.749
 2     0.829    -0.555     0.062
 2     0.555     0.831     0.023
 2    -0.064     0.015     0.998
 3   124.305    -3.005     8.712
 3    -0.408    -0.043    -0.912
 3     0.135    -0.991    -0.014
 3    -0.903    -0.129     0.409
 4   111.244    12.226   -11.532
 4     0.586    -0.728     0.356
 4     0.808     0.488    -0.331
 4     0.067     0.482     0.874
 5   126.940    26.819    12.143
 5     0.828     0.153     0.538
 5     0.411    -0.820    -0.399
 5     0.380     0.551    -0.743
 6   154.450    32.224    17.975
 6     0.871    -0.101    -0.480
 6     0.043     0.990    -0.129
 6     0.489     0.091     0.867
 7   116.925   -23.366   -11.518
 7     0.543     0.839     0.026
 7    -0.786     0.497     0.367
 7     0.295    -0.220     0.930
 8   133.371   -31.932    11.666
 8     0.902    -0.041     0.430
 8    -0.286    -0.802     0.524
 8     0.323    -0.595    -0.735
 9   159.999   -32.355    13.825
 9     0.899     0.037    -0.435
 9     0.073     0.969     0.233
 9     0.430    -0.242     0.869
 2    97.335   -18.743    59.749
 2     0.829    -0.555     0.062
 2     0.555     0.831     0.023
 2    -0.064     0.015     0.998
 3   124.254    -3.005     8.762
 3    -0.407    -0.045    -0.912
 3     0.135    -0.991    -0.012
 3    -0.903    -0.128     0.410
 4   111.120    12.267   -11.556
 4     0.587    -0.724     0.363
 4     0.807     0.491    -0.326
 4     0.057     0.485     0.872
 5   127.126    26.904    11.833
 5     0.835     0.160     0.526
 5     0.411    -0.817    -0.405
 5     0.365     0.554    -0.748
 6   154.714    32.160    17.264
 6     0.879    -0.094    -0.467
 6     0.041     0.991    -0.122
 6     0.474     0.088     0.876
 7   116.870   -23.317   -11.512
 7     0.544     0.838     0.027
 7    -0.786     0.499     0.366
 7     0.293    -0.220     0.930
 8   133.493   -31.991    11.353
 8     0.906    -0.050     0.420
 8    -0.289    -0.800     0.526
 8     0.310    -0.598    -0.739
 9   160.145   -32.365    13.222
 9     0.905     0.032    -0.424
 9     0.071     0.971     0.226
 9     0.419    -0.235     0.877
 2    97.335   -18.743    59.749
 2     0.829    -0.555     0.062
 2     0.555     0.831     0.023
 2    -0.064     0.015     0.998
 3   124.228    -3.005     8.710
 3    -0.408    -0.047    -0.912
 3     0.135    -0.991    -0.009
 3    -0.903    -0.127     0.410
 4   111.029    12.252   -11.614
 4     0.589    -0.714     0.378
 4     0.807     0.497    -0.320
 4     0.040     0.493     0.869
 5   127.427    27.062    11.358
 5     0.842     0.168     0.513
 5     0.414    -0.810    -0.414
 5     0.346     0.561    -0.752
 6   155.142    32.133    15.590
 6     0.896    -0.080    -0.437
 6     0.037     0.993    -0.107
 6     0.443     0.079     0.893
 7   116.831   -23.273   -11.407
 7     0.561     0.826     0.041
 7    -0.780     0.512     0.358
 7     0.275    -0.234     0.932
 8   133.811   -31.948    11.117
 8     0.911    -0.055     0.408
 8    -0.286    -0.797     0.531
 8     0.296    -0.601    -0.743
 9   160.407   -32.377    12.476
 9     0.911     0.026    -0.410
 9     0.071     0.973     0.219
 9     0.405    -0.229     0.885
 2    97.335   -18.743    59.749
 2     0.829    -0.555     0.062
 2     0.555     0.831     0.023
 2    -0.064     0.015     0.998
 3   124.254    -3.005     8.710
 3    -0.407    -0.048    -0.912
 3     0.135    -0.991    -0.009
 3    -0.903    -0.127     0.410
 4   110.926    12.191   -11.612
 4     0.590    -0.708     0.389
 4     0.807     0.499    -0.316
 4     0.029     0.500     0.865
 5   127.523    27.177    11.137
 5     0.845     0.172     0.505
 5     0.416    -0.807    -0.420
 5     0.335     0.565    -0.754
 6   155.307    32.119    14.928
 6     0.903    -0.073    -0.423
 6     0.033     0.994    -0.101
 6     0.428     0.076     0.900
 7   116.823   -23.275   -11.547
 7     0.564     0.824     0.046
 7    -0.780     0.514     0.358
 7     0.271    -0.238     0.932
 8   133.913   -31.878    10.923
 8     0.915    -0.060     0.397
