% Calibrated with leiden_pols
% Positions are in centimeters
Data =[
 2    97.335   -18.794    59.749
 2     0.829    -0.555     0.062
 2     0.555     0.831     0.023
 2    -0.064     0.016     0.998
 3   126.317    -1.890    12.345
 3    -0.313    -0.053    -0.948
 3     0.198    -0.980    -0.011
 3    -0.929    -0.191     0.317
 4   117.473    14.689   -11.433
 4     0.603    -0.769     0.211
 4     0.781     0.516    -0.350
 4     0.160     0.376     0.912
 5   119.463    22.596    20.028
 5     0.454    -0.278     0.846
 5     0.128    -0.920    -0.371
 5     0.882     0.277    -0.382
 6   142.620     8.472    29.264
 6     0.678     0.624    -0.388
 6    -0.641     0.761     0.104
 6     0.360     0.177     0.915
 7   123.781   -22.196   -12.101
 7     0.522     0.847    -0.096
 7    -0.773     0.518     0.366
 7     0.359    -0.117     0.926
 8   129.996   -30.647    17.595
 8     0.623     0.528     0.577
 8    -0.085    -0.688     0.721
 8     0.777    -0.498    -0.384
 9   145.711   -10.595    29.520
 9     0.327    -0.770    -0.547
 9     0.744     0.567    -0.353
 9     0.582    -0.292     0.759
 2    97.335   -18.794    59.749
 2     0.829    -0.555     0.062
 2     0.555     0.831     0.023
 2    -0.064     0.015     0.998
 3   126.317    -1.890    12.345
 3    -0.313    -0.054    -0.948
 3     0.198    -0.980    -0.010
 3    -0.929    -0.191     0.317
 4   117.475    14.639   -11.436
 4     0.603    -0.769     0.212
 4     0.781     0.516    -0.352
 4     0.161     0.377     0.912
 5   119.512    22.699    19.954
 5     0.453    -0.278     0.847
 5     0.131    -0.919    -0.371
 5     0.882     0.279    -0.380
 6   142.623     8.573    29.135
 6     0.675     0.627    -0.388
 6    -0.643     0.759     0.107
 6     0.361     0.177     0.915
 7   123.756   -22.196   -12.101
 7     0.522     0.847    -0.095
 7    -0.773     0.517     0.366
 7     0.359    -0.118     0.925
 8   130.116   -30.677    17.372
 8     0.624     0.526     0.578
 8    -0.091    -0.686     0.722
 8     0.776    -0.504    -0.380
 9   145.666   -10.716    29.254
 9     0.316    -0.777    -0.545
 9     0.746     0.558    -0.363
 9     0.585    -0.292     0.756
 2    97.284   -18.794    59.800
 2     0.829    -0.555     0.061
 2     0.555     0.831     0.023
 2    -0.064     0.015     0.998
 3   126.207    -1.887    12.383
 3    -0.318    -0.057    -0.947
 3     0.195    -0.981    -0.007
 3    -0.928    -0.187     0.322
 4   117.411    14.635   -11.527
 4     0.604    -0.766     0.219
 4     0.782     0.515    -0.351
 4     0.156     0.383     0.910
 5   120.197    24.118    18.974
 5     0.449    -0.300     0.841
 5     0.159    -0.900    -0.406
 5     0.879     0.316    -0.357
 6   142.754     8.744    28.814
 6     0.631     0.667    -0.396
 6    -0.676     0.724     0.141
 6     0.380     0.178     0.907
 7   123.598   -22.145   -12.211
 7     0.529     0.844    -0.085
 7    -0.771     0.520     0.368
 7     0.354    -0.130     0.926
 8   130.700   -31.097    16.624
 8     0.632     0.531     0.564
 8    -0.099    -0.667     0.739
 8     0.768    -0.523    -0.369
 9   145.529   -10.524    28.781
 9     0.278    -0.809    -0.518
 9     0.759     0.515    -0.397
 9     0.588    -0.283     0.757
 2    97.284   -18.794    59.800
 2     0.829    -0.555     0.062
 2     0.555     0.831     0.023
 2    -0.064     0.015     0.998
 3   126.128    -1.834    12.474
 3    -0.320    -0.060    -0.945
 3     0.193    -0.981    -0.004
 3    -0.927    -0.184     0.326
 4   117.331    14.425   -11.860
 4     0.612    -0.754     0.239
 4     0.781     0.530    -0.329
 4     0.121     0.388     0.913
 5   120.429    24.549    17.886
 5     0.443    -0.322     0.836
 5     0.174    -0.884    -0.433
 5     0.879     0.338    -0.336
 6   142.343     8.556    28.011
 6     0.605     0.682    -0.409
 6    -0.696     0.704     0.145
 6     0.386     0.197     0.901
 7   123.480   -21.801   -12.735
 7     0.543     0.837    -0.067
 7    -0.770     0.528     0.358
 7     0.335    -0.144     0.931
 8   130.922   -31.389    15.479
 8     0.638     0.537     0.552
 8    -0.108    -0.647     0.755
 8     0.763    -0.541    -0.355
 9   145.402   -10.339    27.762
 9     0.254    -0.818    -0.516
 9     0.767     0.495    -0.408
 9     0.589    -0.292     0.753
 2    97.285   -18.794    59.749
 2     0.829    -0.555     0.062
 2     0.555     0.831     0.023
 2    -0.064     0.015     0.998
 3   126.026    -1.936    12.497
 3    -0.320    -0.066    -0.945
 3     0.193    -0.981     0.003
 3    -0.927    -0.182     0.326
 4   117.181    13.780   -12.963
 4     0.627    -0.730     0.272
 4     0.777     0.562    -0.282
 4     0.053     0.388     0.920
 5   120.496    25.133    15.762
 5     0.436    -0.347     0.830
 5     0.206    -0.860    -0.467
 5     0.876     0.374    -0.304
 6   142.229     8.616    26.813
 6     0.578     0.689    -0.436
 6    -0.705     0.692     0.159
 6     0.411     0.214     0.886
 7   122.733   -21.045   -14.206
 7     0.568     0.823    -0.014
 7    -0.780     0.544     0.309
 7     0.261    -0.165     0.951
 8   131.466   -31.366    13.372
 8     0.654     0.548     0.521
 8    -0.119    -0.605     0.787
 8     0.746    -0.577    -0.331
 9   145.487   -10.038    26.091
 9     0.229    -0.840    -0.492
 9     0.761     0.469    -0.447
 9     0.606    -0.272     0.747
 2    97.335   -18.794    59.749
 2     0.829    -0.555     0.061
 2     0.555     0.831     0.023
 2    -0.064     0.015     0.998
 3   125.979    -1.962    12.371
 3    -0.320    -0.067    -0.945
 3     0.195    -0.981     0.004
 3    -0.927    -0.183     0.326
 4   116.751    12.588   -14.431
 4     0.640    -0.703     0.311
 4     0.768     0.600    -0.224
 4    -0.030     0.382     0.923
 5   120.533    26.061    13.130
 5     0.431    -0.365     0.825
 5     0.265    -0.823    -0.503
 5     0.863     0.435    -0.258
 6   141.924     9.235    24.898
 6     0.550     0.700    -0.454
 6    -0.711     0.678     0.185
 6     0.438     0.221     0.871
 7   121.635   -20.298   -15.193
 7     0.580     0.813     0.034
 7    -0.793     0.555     0.251
 7     0.185    -0.173     0.967
 8   131.693   -31.815    11.352
 8     0.684     0.539     0.491
 8    -0.142    -0.562     0.815
 8     0.715    -0.627    -0.309
 9   145.328   -10.029    23.547
 9     0.211    -0.870    -0.445
 9     0.764     0.431    -0.480
 9     0.609    -0.239     0.756
 2    97.284   -18.794    59.800
 2     0.829    -0.555     0.061
 2     0.555     0.831     0.023
 2    -0.064     0.015     0.998
 3   125.866    -2.067    12.028
 3    -0.314    -0.061    -0.947
 3     0.198    -0.980    -0.002
 3    -0.928    -0.188     0.320
 4   116.315    11.828   -15.231
 4     0.650    -0.678     0.342
 4     0.755     0.625    -0.196
 4    -0.081     0.385     0.919
 5   121.133    27.239    11.429
 5     0.445    -0.401     0.800
 5     0.307    -0.771    -0.557
 5     0.841     0.494    -0.220
 6   141.930     9.289    23.311
 6     0.507     0.738    -0.446
 6    -0.727     0.644     0.239
 6     0.463     0.202     0.862
 7   120.453   -19.618   -15.369
 7     0.579     0.812     0.065
 7    -0.805     0.558     0.200
 7     0.126    -0.169     0.977
 8   131.992   -32.327     9.787
 8     0.727     0.511     0.457
 8    -0.167    -0.514     0.841
 8     0.665    -0.688    -0.289
 9   145.421   -10.016    21.366
 9     0.195    -0.904    -0.380
 9     0.764     0.383    -0.519
 9     0.615    -0.189     0.766
 2    97.335   -18.743    59.800
 2     0.829    -0.555     0.061
 2     0.555     0.831     0.023
 2    -0.064     0.015     0.998
 3   125.825    -2.023    11.704
 3    -0.302    -0.057    -0.952
 3     0.208    -0.978    -0.008
 3    -0.930    -0.201     0.307
 4   116.216    11.013   -16.076
 4     0.672    -0.646     0.363
 4     0.729     0.663    -0.171
 4    -0.131     0.379     0.916
 5   122.122    27.927     9.529
 5     0.471    -0.434     0.768
 5     0.340    -0.714    -0.612
 5     0.814     0.549    -0.189
 6   142.031     8.742    21.467
 6     0.456     0.783    -0.424
 6    -0.752     0.593     0.286
 6     0.475     0.188     0.859
 7   119.308   -19.072   -15.728
 7     0.583     0.807     0.087
 7    -0.808     0.566     0.165
 7     0.084    -0.167     0.982
 8   132.012   -32.819     7.714
 8     0.754     0.499     0.426
 8    -0.205    -0.438     0.875
 8     0.624    -0.747    -0.228
 9   145.168   -10.357    19.611
 9     0.182    -0.919    -0.348
 9     0.758     0.356    -0.546
 9     0.626    -0.165     0.762
 2    97.284   -18.794    59.800
 2     0.829    -0.555     0.061
 2     0.555     0.831     0.023
 2    -0.064     0.015     0.998
 3   125.860    -2.198    11.184
 3    -0.305    -0.108    -0.946
 3     0.219    -0.975     0.041
 3    -0.927    -0.194     0.321
 4   115.914    10.403   -16.616
 4     0.679    -0.629     0.377
 4     0.717     0.679    -0.159
 4    -0.156     0.378     0.912
 5   122.411    28.641     8.241
 5     0.496    -0.434     0.752
 5     0.379    -0.671    -0.637
 5     0.781     0.600    -0.168
 6   142.355     9.075    19.086
 6     0.446     0.814    -0.372
 6    -0.770     0.561     0.304
 6     0.456     0.151     0.877
 7   118.496   -18.751   -15.577
 7     0.581     0.808     0.095
 7    -0.810     0.564     0.161
 7     0.077    -0.171     0.982
 8   131.758   -33.029     7.106
 8     0.768     0.477     0.427
 8    -0.230    -0.417     0.879
 8     0.598    -0.774    -0.211
 9   145.227   -10.469    18.272
 9     0.188    -0.927    -0.324
 9     0.766     0.345    -0.542
 9     0.614    -0.147     0.775
 2    97.285   -18.743    59.800
 2     0.829    -0.555     0.062
 2     0.555     0.831     0.023
 2    -0.064     0.015     0.998
 3   125.839    -2.295    11.064
 3    -0.308    -0.119    -0.944
 3     0.220    -0.974     0.051
 3    -0.925    -0.192     0.327
 4   115.361    10.320   -16.592
 4     0.671    -0.631     0.389
 4     0.722     0.674    -0.153
 4    -0.166     0.384     0.908
 5   121.641    29.599     7.941
 5     0.509    -0.364     0.780
 5     0.434    -0.674    -0.597
 5     0.743     0.643    -0.185
 6   142.390    10.366    16.945
 6     0.484     0.800    -0.354
 6    -0.786     0.575     0.226
 6     0.384     0.168     0.907
 7   118.194   -18.807   -15.390
 7     0.575     0.812     0.098
 7    -0.815     0.557     0.160
 7     0.075    -0.172     0.982
 8   131.046   -34.066     6.549
 8     0.789     0.397     0.468
 8    -0.278    -0.449     0.849
 8     0.547    -0.801    -0.244
 9   145.400   -11.567    14.849
 9     0.236    -0.922    -0.307
 9     0.815     0.360    -0.454
 9     0.529    -0.143     0.836
 2    97.284   -18.794    59.800
 2     0.829    -0.555     0.061
 2     0.555     0.831     0.023
 2    -0.064     0.015     0.998
 3   125.852    -2.366    11.052
 3    -0.312    -0.120    -0.942
 3     0.224    -0.973     0.050
 3    -0.923    -0.196     0.331
 4   115.276    10.533   -16.208
 4     0.659    -0.651     0.377
 4     0.740     0.650    -0.173
 4    -0.133     0.393     0.910
 5   120.106    29.841     8.166
 5     0.482    -0.253     0.839
 5     0.494    -0.712    -0.499
 5     0.723     0.655    -0.219
 6   142.387    13.048    13.853
 6     0.581     0.754    -0.305
 6    -0.775     0.627     0.074
 6     0.246     0.193     0.949
 7   118.199   -18.757   -15.394
 7     0.570     0.815     0.097
 7    -0.818     0.553     0.160
 7     0.077    -0.171     0.982
 8   130.177   -34.803     6.220
 8     0.783     0.318     0.534
 8    -0.335    -0.507     0.794
 8     0.524    -0.801    -0.290
 9   145.897   -12.468    10.574
 9     0.311    -0.913    -0.264
 9     0.873     0.384    -0.301
 9     0.376    -0.136     0.916
 2    97.284   -18.794    59.800
 2     0.829    -0.555     0.061
 2     0.555     0.831     0.023
 2    -0.064     0.015     0.998
 3   125.954    -2.283    11.140
 3    -0.316    -0.119    -0.941
 3     0.232    -0.971     0.045
 3    -0.920    -0.205     0.335
 4   115.291    10.860   -15.866
 4     0.651    -0.661     0.373
 4     0.750     0.633    -0.188
 4    -0.112     0.402     0.908
 5   119.114    29.742     8.574
 5     0.468    -0.135     0.873
 5     0.541    -0.738    -0.404
 5     0.699     0.661    -0.272
 6   141.838    15.267    11.101
 6     0.647     0.728    -0.227
 6    -0.754     0.655    -0.052
 6     0.111     0.204     0.972
 7   118.409   -18.671   -15.207
 7     0.564     0.821     0.090
 7    -0.821     0.545     0.172
 7     0.092    -0.171     0.981
 8   129.264   -35.042     6.653
 8     0.775     0.232     0.587
 8    -0.375    -0.579     0.724
 8     0.508    -0.782    -0.361
 9   145.186   -13.908     6.683
 9     0.367    -0.910    -0.194
 9     0.906     0.396    -0.146
 9     0.209    -0.122     0.970
 2    97.284   -18.794    59.800
 2     0.829    -0.555     0.062
 2     0.555     0.831     0.023
 2    -0.064     0.015     0.998
 3   125.880    -2.177    11.122
 3    -0.320    -0.125    -0.939
 3     0.232    -0.971     0.050
 3    -0.918    -0.202     0.340
 4   115.197    10.940   -15.829
 4     0.649    -0.662     0.374
 4     0.753     0.629    -0.193
 4    -0.108     0.407     0.907
 5   118.964    30.240     8.118
 5     0.482    -0.069     0.873
 5     0.576    -0.726    -0.375
 5     0.660     0.684    -0.311
 6   141.255    16.369     7.793
 6     0.655     0.743    -0.133
 6    -0.755     0.645    -0.114
 6     0.001     0.175     0.984
 7   118.376   -18.667   -15.098
 7     0.560     0.823     0.089
 7    -0.822     0.540     0.178
 7     0.099    -0.173     0.980
 8   128.977   -35.265     6.516
 8     0.775     0.181     0.605
 8    -0.404    -0.594     0.695
 8     0.485    -0.784    -0.388
 9   144.931   -14.782     4.413
 9     0.383    -0.914    -0.131
 9     0.914     0.396    -0.090
 9     0.134    -0.085     0.987
 2    97.284   -18.794    59.800
 2     0.829    -0.555     0.061
 2     0.555     0.831     0.023
 2    -0.064     0.015     0.998
 3   125.893    -2.101    11.065
 3    -0.323    -0.131    -0.937
 3     0.230    -0.972     0.057
 3    -0.918    -0.197     0.344
 4   115.125    10.992   -15.759
 4     0.651    -0.659     0.376
 4     0.751     0.629    -0.198
 4    -0.106     0.411     0.905
 5   119.048    30.725     7.848
 5     0.489    -0.037     0.871
 5     0.598    -0.714    -0.365
 5     0.635     0.699    -0.327
 6   141.222    17.269     6.595
 6     0.656     0.745    -0.115
 6    -0.753     0.638    -0.157
 6    -0.044     0.190     0.980
 7   118.379   -18.666   -15.100
 7     0.560     0.823     0.090
 7    -0.823     0.539     0.180
 7     0.100    -0.175     0.979
 8   129.019   -35.507     6.162
 8     0.777     0.164     0.607
 8    -0.417    -0.588     0.693
 8     0.471    -0.792    -0.389
 9   144.903   -15.044     3.666
 9     0.387    -0.916    -0.104
 9     0.913     0.397    -0.092
 9     0.125    -0.059     0.990
 2    97.284   -18.794    59.800
 2     0.829    -0.555     0.061
 2     0.555     0.831     0.023
 2    -0.064     0.015     0.998
 3   125.808    -2.156    11.156
 3    -0.320    -0.125    -0.939
 3     0.226    -0.973     0.052
 3    -0.920    -0.196     0.339
 4   115.137    11.046   -15.672
 4     0.654    -0.658     0.374
 4     0.749     0.630    -0.204
 4    -0.101     0.413     0.905
 5   119.152    30.222     8.333
 5     0.495    -0.017     0.868
 5     0.590    -0.727    -0.351
 5     0.637     0.687    -0.350
 6   141.302    16.939     6.180
 6     0.659     0.746    -0.092
 6    -0.748     0.638    -0.181
 6    -0.077     0.188     0.979
 7   118.379   -18.716   -14.999
 7     0.560     0.823     0.089
 7    -0.822     0.540     0.180
 7     0.100    -0.175     0.979
 8   128.969   -35.610     6.293
 8     0.776     0.134     0.616
 8    -0.427    -0.607     0.670
 8     0.464    -0.783    -0.414
 9   145.243   -15.427     3.135
 9     0.407    -0.909    -0.088
 9     0.908     0.413    -0.066
 9     0.096    -0.053     0.994
 2    97.284   -18.794    59.800
 2     0.829    -0.555     0.061
 2     0.555     0.831     0.023
 2    -0.064     0.015     0.998
 3   125.855    -2.107    11.216
 3    -0.319    -0.120    -0.940
 3     0.225    -0.973     0.047
 3    -0.921    -0.197     0.337
 4   115.178    11.103   -15.564
 4     0.654    -0.660     0.370
 4     0.750     0.627    -0.209
 4    -0.094     0.414     0.905
 5   119.317    30.198     8.507
 5     0.498    -0.001     0.867
 5     0.590    -0.732    -0.340
 5     0.635     0.681    -0.365
 6   141.290    17.232     5.994
 6     0.663     0.744    -0.081
 6    -0.742     0.641    -0.195
 6    -0.093     0.189     0.977
 7   118.666   -18.791   -15.011
 7     0.554     0.828     0.086
 7    -0.826     0.534     0.182
 7     0.105    -0.173     0.979
 8   128.793   -34.873     7.504
 8     0.772     0.091     0.629
 8    -0.421    -0.669     0.613
 8     0.476    -0.738    -0.479
 9   144.938   -16.098     2.246
 9     0.433    -0.899    -0.058
 9     0.901     0.432     0.031
 9    -0.003    -0.065     0.998
 2    97.284   -18.794    59.800
 2     0.829    -0.555     0.061
 2     0.555     0.831     0.023
 2    -0.064     0.015     0.998
 3   125.850    -2.109    11.324
 3    -0.317    -0.118    -0.941
 3     0.224    -0.974     0.047
 3    -0.922    -0.196     0.335
 4   115.293    11.134   -15.528
 4     0.654    -0.664     0.363
 4     0.751     0.625    -0.210
 4    -0.088     0.410     0.908
 5   119.273    30.258     8.648
 5     0.503     0.060     0.862
 5     0.612    -0.729    -0.307
 5     0.610     0.682    -0.404
 6   140.945    18.118     3.986
 6     0.669     0.743    -0.010
 6    -0.725     0.650    -0.227
 6    -0.162     0.159     0.974
 7   118.813   -18.913   -14.861
 7     0.545     0.834     0.080
 7    -0.830     0.525     0.188
 7     0.115    -0.169     0.979
 8   128.750   -34.946     8.017
 8     0.772     0.051     0.633
 8    -0.428    -0.694     0.578
 8     0.469    -0.718    -0.514
 9   144.656   -16.870     0.968
 9     0.438    -0.899    -0.023
 9     0.896     0.434     0.094
 9    -0.075    -0.062     0.995
 2    97.335   -18.794    59.749
 2     0.829    -0.555     0.062
 2     0.555     0.831     0.023
 2    -0.064     0.015     0.998
 3   125.856    -2.108    11.342
 3    -0.320    -0.118    -0.940
 3     0.217    -0.975     0.048
 3    -0.922    -0.188     0.337
 4   115.368    11.059   -15.527
 4     0.652    -0.666     0.361
 4     0.753     0.624    -0.208
 4    -0.088     0.407     0.909
 5   119.643    30.567     8.310
 5     0.525     0.114     0.843
 5     0.637    -0.709    -0.301
 5     0.563     0.696    -0.445
 6   140.810    18.843     2.582
 6     0.662     0.749     0.024
 6    -0.722     0.646    -0.248
 6    -0.202     0.146     0.968
 7   118.895   -19.062   -14.794
 7     0.546     0.834     0.078
 7    -0.829     0.525     0.191
 7     0.118    -0.169     0.978
 8   129.241   -35.143     7.861
 8     0.792     0.002     0.610
 8    -0.436    -0.699     0.568
 8     0.427    -0.715    -0.553
 9   144.390   -17.470    -0.912
 9     0.423    -0.905     0.038
 9     0.897     0.424     0.124
 9    -0.129    -0.019     0.991
 2    97.285   -18.794    59.749
 2     0.829    -0.555     0.061
 2     0.555     0.831     0.023
 2    -0.064     0.015     0.998
 3   125.659    -2.158    11.307
 3    -0.324    -0.122    -0.938
 3     0.210    -0.976     0.054
 3    -0.922    -0.180     0.342
 4   115.182    10.877   -15.564
 4     0.651    -0.666     0.363
 4     0.753     0.626    -0.203
 4    -0.093     0.406     0.909
 5   119.827    30.849     7.918
 5     0.552     0.180     0.814
 5     0.659    -0.693    -0.294
 5     0.511     0.698    -0.502
 6   140.002    19.460    -0.226
 6     0.638     0.760     0.119
 6    -0.719     0.644    -0.260
 6    -0.275     0.080     0.958
 7   118.732   -19.285   -14.652
 7     0.548     0.832     0.083
 7    -0.827     0.526     0.199
 7     0.122    -0.178     0.976
 8   129.515   -35.161     7.840
 8     0.809    -0.064     0.584
 8    -0.446    -0.713     0.540
 8     0.382    -0.698    -0.606
 9   143.460   -18.562    -3.638
 9     0.406    -0.905     0.128
 9     0.887     0.423     0.182
 9    -0.220     0.039     0.975
 2    97.335   -18.794    59.749
 2     0.829    -0.555     0.062
 2     0.555     0.831     0.023
 2    -0.064     0.015     0.998
 3   125.623    -2.105    11.192
 3    -0.329    -0.126    -0.936
 3     0.207    -0.977     0.058
 3    -0.921    -0.175     0.347
 4   115.045    10.822   -15.552
 4     0.650    -0.665     0.369
 4     0.754     0.626    -0.200
 4    -0.098     0.408     0.907
 5   120.067    30.445     8.645
 5     0.571     0.281     0.771
 5     0.672    -0.700    -0.242
 5     0.471     0.657    -0.589
 6   138.561    20.353    -2.536
 6     0.601     0.761     0.242
 6    -0.690     0.648    -0.323
 6    -0.403     0.028     0.915
 7   118.711   -19.310   -14.628
 7     0.547     0.832     0.085
 7    -0.828     0.523     0.201
 7     0.123    -0.181     0.976
 8   129.616   -34.809     8.450
 8     0.815    -0.152     0.558
 8    -0.463    -0.750     0.472
 8     0.347    -0.643    -0.682
 9   142.309   -20.099    -6.061
 9     0.384    -0.902     0.196
 9     0.855     0.427     0.292
 9    -0.348     0.056     0.936
 2    97.284   -18.794    59.800
 2     0.829    -0.555     0.061
 2     0.555     0.831     0.023
 2    -0.064     0.015     0.998
 3   125.558    -2.053    11.134
 3    -0.332    -0.131    -0.934
 3     0.203    -0.977     0.065
 3    -0.921    -0.169     0.351
 4   114.988    10.769   -15.493
 4     0.647    -0.666     0.371
 4     0.755     0.625    -0.198
 4    -0.101     0.408     0.907
 5   120.856    30.405     8.488
 5     0.588     0.384     0.711
 5     0.696    -0.689    -0.204
 5     0.412     0.615    -0.672
 6   137.567    21.618    -5.070
 6     0.572     0.743     0.348
 6    -0.661     0.669    -0.341
 6    -0.486    -0.035     0.873
 7   118.725   -19.412   -14.532
 7     0.538     0.838     0.091
 7    -0.833     0.512     0.207
 7     0.127    -0.187     0.974
 8   130.253   -34.470     8.699
 8     0.822    -0.257     0.507
 8    -0.489    -0.775     0.401
 8     0.290    -0.578    -0.763
 9   141.386   -21.780    -8.592
 9     0.369    -0.883     0.291
 9     0.809     0.459     0.365
 9    -0.456     0.100     0.884
 2    97.284   -18.794    59.800
 2     0.829    -0.555     0.061
 2     0.555     0.831     0.023
 2    -0.064     0.015     0.998
 3   125.576    -1.925    10.992
 3    -0.337    -0.136    -0.932
 3     0.193    -0.978     0.072
 3    -0.921    -0.155     0.356
 4   114.833    10.735   -15.410
 4     0.642    -0.666     0.380
 4     0.758     0.624    -0.188
 4    -0.113     0.409     0.905
 5   121.261    30.192     8.807
 5     0.589     0.476     0.652
 5     0.714    -0.684    -0.146
 5     0.377     0.552    -0.744
 6   136.318    23.146    -6.805
 6     0.526     0.749     0.403
 6    -0.611     0.662    -0.434
 6    -0.592    -0.018     0.806
 7   118.741   -19.485   -14.415
 7     0.532     0.841     0.096
 7    -0.836     0.505     0.215
 7     0.132    -0.195     0.972
 8   130.792   -33.936     9.353
 8     0.821    -0.340     0.459
 8    -0.510    -0.797     0.322
 8     0.256    -0.498    -0.828
 9   140.356   -23.723   -10.187
 9     0.345    -0.863     0.369
 9     0.751     0.489     0.442
 9    -0.563     0.124     0.817
 2    97.284   -18.794    59.800
 2     0.829    -0.555     0.061
 2     0.555     0.831     0.023
 2    -0.064     0.015     0.998
 3   125.566    -1.950    10.988
 3    -0.340    -0.138    -0.930
 3     0.190    -0.979     0.076
 3    -0.921    -0.152     0.359
 4   114.455    10.629   -15.182
 4     0.627    -0.673     0.391
 4     0.769     0.614    -0.176
 4    -0.123     0.411     0.903
 5   121.577    29.762     8.881
 5     0.595     0.548     0.587
 5     0.731    -0.673    -0.113
 5     0.333     0.496    -0.802
 6   134.880    23.920    -8.142
 6     0.491     0.715     0.497
 6    -0.582     0.694    -0.424
 6    -0.649    -0.081     0.757
 7   118.796   -19.706   -14.163
 7     0.525     0.845     0.099
 7    -0.839     0.494     0.228
 7     0.143    -0.203     0.969
 8   131.058   -33.523     9.917
 8     0.812    -0.414     0.411
 8    -0.534    -0.811     0.240
 8     0.234    -0.414    -0.880
 9   139.145   -25.836   -11.207
 9     0.328    -0.837     0.437
 9     0.685     0.530     0.500
 9    -0.650     0.135     0.747
 2    97.284   -18.794    59.800
 2     0.829    -0.555     0.061
 2     0.555     0.831     0.023
 2    -0.064     0.015     0.998
 3   125.567    -1.922    10.801
 3    -0.344    -0.135    -0.929
 3     0.181    -0.980     0.075
 3    -0.921    -0.143     0.361
 4   113.955    10.542   -14.909
 4     0.609    -0.679     0.411
 4     0.781     0.604    -0.158
 4    -0.141     0.417     0.898
 5   121.530    30.278     8.670
 5     0.580     0.611     0.538
 5     0.759    -0.646    -0.086
 5     0.295     0.458    -0.839
 6   133.695    25.329    -9.603
 6     0.462     0.703     0.540
 6    -0.547     0.706    -0.450
 6    -0.698    -0.088     0.711
 7   118.796   -19.934   -13.999
 7     0.510     0.853     0.106
 7    -0.846     0.477     0.237
 7     0.151    -0.211     0.965
 8   130.835   -33.624    10.235
 8     0.790    -0.474     0.387
 8    -0.569    -0.803     0.179
 8     0.226    -0.362    -0.904
 9   138.258   -27.736   -11.845
 9     0.327    -0.812     0.483
 9     0.635     0.567     0.525
 9    -0.700     0.135     0.701
 2    97.335   -18.794    59.749
 2     0.829    -0.555     0.062
 2     0.555     0.831     0.023
 2    -0.064     0.015     0.998
 3   125.551    -1.822    10.754
 3    -0.346    -0.128    -0.930
 3     0.176    -0.982     0.069
 3    -0.922    -0.140     0.362
 4   113.688    10.617   -14.721
 4     0.597    -0.684     0.418
 4     0.788     0.596    -0.151
 4    -0.146     0.420     0.895
 5   121.251    30.502     8.740
 5     0.574     0.624     0.529
 5     0.767    -0.637    -0.082
 5     0.286     0.453    -0.844
 6   133.391    25.596    -9.582
 6     0.459     0.710     0.534
 6    -0.541     0.700    -0.465
 6    -0.705    -0.076     0.705
 7   118.661   -19.987   -13.880
 7     0.496     0.861     0.109
 7    -0.854     0.462     0.240
 7     0.156    -0.213     0.964
 8   130.602   -33.262    10.653
 8     0.770    -0.523     0.364
 8    -0.596    -0.794     0.120
 8     0.226    -0.309    -0.924
 9   137.027   -29.408   -11.974
 9     0.320    -0.791     0.522
 9     0.584     0.598     0.548
 9    -0.746     0.130     0.653
 2    97.335   -18.794    59.749
 2     0.829    -0.555     0.062
 2     0.555     0.831     0.023
 2    -0.064     0.015     0.998
 3   125.552    -1.822    10.806
 3    -0.346    -0.124    -0.930
 3     0.176    -0.982     0.065
 3    -0.922    -0.141     0.361
 4   113.460    10.720   -14.443
 4     0.592    -0.687     0.422
 4     0.792     0.591    -0.151
 4    -0.146     0.423     0.894
 5   121.426    30.285     9.291
 5     0.574     0.643     0.506
 5     0.766    -0.641    -0.055
 5     0.289     0.419    -0.861
 6   132.855    26.490    -9.398
 6     0.442     0.702     0.558
 6    -0.507     0.709    -0.490
 6    -0.740    -0.067     0.670
 7   118.588   -20.067   -13.926
 7     0.487     0.865     0.114
 7    -0.859     0.452     0.239
 7     0.156    -0.215     0.964
 8   130.433   -33.442    10.682
 8     0.763    -0.536     0.362
 8    -0.606    -0.788     0.111
 8     0.226    -0.304    -0.926
 9   136.889   -29.822   -12.054
 9     0.321    -0.787     0.527
 9     0.577     0.604     0.550
 9    -0.751     0.127     0.648
 2    97.335   -18.794    59.800
 2     0.829    -0.555     0.061
 2     0.555     0.831     0.023
 2    -0.064     0.015     0.998
 3   125.550    -1.872    10.806
 3    -0.346    -0.123    -0.930
 3     0.175    -0.982     0.065
 3    -0.922    -0.141     0.362
 4   113.241    10.903   -14.157
 4     0.588    -0.687     0.427
 4     0.796     0.584    -0.158
 4    -0.141     0.433     0.890
 5   121.512    29.937     9.895
 5     0.581     0.650     0.489
 5     0.759    -0.651    -0.037
 5     0.294     0.393    -0.871
 6   132.081    26.749    -9.043
 6     0.415     0.702     0.578
 6    -0.489     0.708    -0.509
 6    -0.767    -0.071     0.637
 7   118.447   -20.078   -13.974
 7     0.479     0.870     0.120
 7    -0.865     0.444     0.231
 7     0.148    -0.215     0.965
 8   130.251   -33.651    10.527
 8     0.755    -0.549     0.357
 8    -0.617    -0.780     0.106
 8     0.220    -0.300    -0.928
 9   136.630   -30.133   -12.220
 9     0.322    -0.783     0.531
 9     0.572     0.608     0.550
 9    -0.754     0.127     0.644
 2    97.335   -18.794    59.800
 2     0.829    -0.555     0.061
 2     0.555     0.831     0.023
 2    -0.064     0.015     0.998
 3   125.699    -2.089    10.656
 3    -0.352    -0.123    -0.928
 3     0.188    -0.980     0.059
 3    -0.917    -0.154     0.368
 4   113.185    11.168   -13.787
 4     0.584    -0.688     0.430
 4     0.801     0.574    -0.170
 4    -0.130     0.443     0.886
 5   121.857    29.322    10.600
 5     0.585     0.665     0.464
 5     0.752    -0.660    -0.003
 5     0.304     0.350    -0.886
 6   132.049    26.881    -8.528
 6     0.396     0.718     0.572
 6    -0.460     0.694    -0.554
 6    -0.795    -0.044     0.605
 7   118.328   -20.013   -14.070
 7     0.472     0.872     0.126
 7    -0.870     0.438     0.223
 7     0.139    -0.216     0.966
 8   129.966   -33.711    10.317
 8     0.743    -0.576     0.342
 8    -0.636    -0.766     0.092
 8     0.208    -0.286    -0.935
 9   135.910   -30.969   -12.758
 9     0.321    -0.767     0.555
 9     0.555     0.628     0.546
 9    -0.767     0.132     0.627
 2    97.284   -18.794    59.800
 2     0.829    -0.555     0.061
 2     0.555     0.831     0.023
 2    -0.064     0.015     0.998
 3   125.655    -2.039    10.659
 3    -0.351    -0.122    -0.928
 3     0.190    -0.980     0.057
 3    -0.917    -0.157     0.368
 4   112.935    11.212   -13.683
 4     0.576    -0.691     0.436
 4     0.805     0.572    -0.158
 4    -0.140     0.442     0.886
 5   121.443    30.065    10.155
 5     0.574     0.680     0.456
 5     0.768    -0.640    -0.014
 5     0.282     0.359    -0.890
 6   131.495    27.419    -9.271
 6     0.395     0.710     0.582
 6    -0.467     0.701    -0.539
 6    -0.791    -0.059     0.609
 7   118.167   -19.964   -14.050
 7     0.460     0.877     0.133
 7    -0.876     0.425     0.228
 7     0.143    -0.222     0.964
 8   129.827   -33.578    10.682
 8     0.724    -0.613     0.314
 8    -0.657    -0.753     0.047
 8     0.208    -0.240    -0.948
 9   135.021   -32.435   -12.938
 9     0.312    -0.752     0.581
 9     0.503     0.649     0.569
 9    -0.806     0.115     0.581
 2    97.284   -18.794    59.800
 2     0.829    -0.555     0.062
 2     0.555     0.831     0.023
 2    -0.064     0.015     0.998
 3   125.522    -1.924    10.400
 3    -0.365    -0.103    -0.925
 3     0.181    -0.983     0.038
 3    -0.913    -0.154     0.378
 4   112.622    11.074   -13.847
 4     0.565    -0.694     0.445
 4     0.810     0.569    -0.141
 4    -0.155     0.441     0.884
 5   120.409    30.739     9.500
 5     0.549     0.698     0.458
 5     0.793    -0.609    -0.022
 5     0.263     0.375    -0.889
 6   130.710    28.183   -10.048
 6     0.403     0.724     0.559
 6    -0.468     0.688    -0.554
 6    -0.786    -0.038     0.617
 7   118.135   -20.137   -14.064
 7     0.457     0.878     0.140
 7    -0.877     0.418     0.236
 7     0.149    -0.231     0.961
 8   130.188   -33.158    10.984
 8     0.716    -0.638     0.284
 8    -0.666    -0.746     0.002
 8     0.210    -0.191    -0.959
 9   134.141   -33.748   -12.784
 9     0.286    -0.745     0.602
 9     0.453     0.659     0.601
 9    -0.844     0.100     0.526
 2    97.285   -18.743    59.800
 2     0.829    -0.555     0.061
 2     0.555     0.831     0.023
 2    -0.064     0.015     0.998
 3   125.507    -1.793    10.337
 3    -0.371    -0.099    -0.923
 3     0.174    -0.984     0.035
 3    -0.912    -0.148     0.382
 4   112.481    11.021   -13.881
 4     0.557    -0.699     0.449
 4     0.814     0.565    -0.132
 4    -0.161     0.439     0.884
 5   120.464    30.517     9.759
 5     0.550     0.705     0.446
 5     0.792    -0.611    -0.010
 5     0.266     0.359    -0.895
 6   130.144    28.534    -9.821
 6     0.378     0.761     0.527
 6    -0.443     0.649    -0.619
 6    -0.812     0.000     0.583
 7   118.075   -20.210   -13.923
 7     0.454     0.879     0.144
 7    -0.877     0.413     0.243
 7     0.154    -0.237     0.959
 8   130.465   -32.788    11.279
 8     0.718    -0.644     0.263
 8    -0.662    -0.749    -0.026
 8     0.213    -0.155    -0.965
 9   133.644   -34.219   -12.774
 9     0.258    -0.757     0.601
 9     0.426     0.647     0.632
 9    -0.867     0.093     0.490
 2    97.285   -18.743    59.800
 2     0.829    -0.555     0.061
 2     0.555     0.831     0.023
 2    -0.064     0.015     0.998
 3   125.459    -1.791    10.330
 3    -0.373    -0.098    -0.923
 3     0.174    -0.984     0.034
 3    -0.911    -0.147     0.384
 4   112.429    11.022   -13.831
 4     0.554    -0.701     0.449
 4     0.817     0.562    -0.130
 4    -0.161     0.439     0.884
 5   120.381    30.352     9.978
 5     0.547     0.713     0.437
 5     0.791    -0.612     0.008
 5     0.274     0.341    -0.899
 6   129.754    28.903    -9.514
 6     0.365     0.774     0.517
 6    -0.419     0.633    -0.651
 6    -0.832     0.021     0.555
 7   118.027   -20.213   -13.916
 7     0.448     0.881     0.151
 7    -0.881     0.406     0.243
 7     0.153    -0.243     0.958
 8   130.413   -32.605    11.320
 8     0.709    -0.658     0.251
 8    -0.670    -0.740    -0.047
 8     0.217    -0.135    -0.967
 9   133.434   -34.573   -12.529
 9     0.250    -0.762     0.598
 9     0.407     0.642     0.648
 9    -0.878     0.082     0.471
 2    97.285   -18.794    59.800
 2     0.829    -0.555     0.061
 2     0.554     0.831     0.023
 2    -0.064     0.015     0.998
 3   125.552    -1.739    10.327
 3    -0.375    -0.101    -0.921
 3     0.172    -0.984     0.038
 3    -0.911    -0.145     0.387
 4   112.483    11.101   -13.836
 4     0.551    -0.705     0.447
 4     0.819     0.559    -0.129
 4    -0.159     0.437     0.885
 5   120.360    30.143    10.463
 5     0.541     0.722     0.432
 5     0.791    -0.611     0.031
 5     0.287     0.324    -0.901
 6   129.545    29.067    -9.275
 6     0.359     0.776     0.519
 6    -0.408     0.630    -0.661
 6    -0.840     0.025     0.542
 7   117.979   -20.268   -13.885
 7     0.439     0.885     0.156
 7    -0.885     0.397     0.242
 7     0.153    -0.245     0.957
 8   130.328   -32.602    11.484
 8     0.705    -0.664     0.250
 8    -0.674    -0.737    -0.056
 8     0.222    -0.130    -0.966
 9   132.921   -35.172   -12.498
 9     0.242    -0.753     0.611
 9     0.396     0.652     0.646
 9    -0.885     0.086     0.457
 2    97.335   -18.743    59.800
 2     0.829    -0.555     0.061
 2     0.555     0.831     0.023
 2    -0.064     0.015     0.998
 3   125.555    -1.788    10.295
 3    -0.376    -0.102    -0.921
 3     0.172    -0.984     0.039
 3    -0.910    -0.144     0.387
 4   112.412    11.079   -13.757
 4     0.541    -0.719     0.437
 4     0.826     0.551    -0.116
 4    -0.158     0.423     0.892
 5   119.994    29.872    10.548
 5     0.534     0.728     0.430
 5     0.794    -0.607     0.041
 5     0.291     0.320    -0.902
 6   129.054    29.358    -9.076
 6     0.356     0.780     0.514
 6    -0.394     0.624    -0.675
 6    -0.847     0.037     0.530
 7   117.963   -20.446   -13.737
 7     0.430     0.889     0.158
 7    -0.889     0.387     0.244
 7     0.156    -0.246     0.957
 8   130.283   -32.593    11.791
 8     0.698    -0.673     0.243
 8    -0.678    -0.731    -0.077
 8     0.230    -0.111    -0.967
 9   132.660   -35.630   -12.069
 9     0.236    -0.754     0.613
 9     0.376     0.652     0.658
 9    -0.896     0.075     0.438
 2    97.284   -18.794    59.800
 2     0.829    -0.555     0.061
 2     0.555     0.831     0.023
 2    -0.064     0.015     0.998
 3   125.570    -1.891    10.323
 3    -0.375    -0.102    -0.921
 3     0.169    -0.985     0.040
 3    -0.911    -0.141     0.387
 4   112.658    10.995   -13.617
 4     0.538    -0.735     0.412
 4     0.831     0.544    -0.114
 4    -0.141     0.403     0.904
 5   119.709    29.687    11.034
 5     0.527     0.729     0.437
 5     0.792    -0.607     0.057
 5     0.307     0.316    -0.898
 6   128.901    29.302    -8.435
 6     0.358     0.783     0.508
 6    -0.385     0.620    -0.684
 6    -0.851     0.050     0.523
 7   118.491   -20.620   -13.577
 7     0.432     0.890     0.143
 7    -0.887     0.392     0.242
 7     0.160    -0.232     0.959
 8   130.470   -32.639    12.062
 8     0.700    -0.665     0.259
 8    -0.672    -0.737    -0.074
 8     0.240    -0.122    -0.963
 9   133.480   -35.384   -11.564
 9     0.245    -0.766     0.594
 9     0.387     0.639     0.664
 9    -0.889     0.067     0.453
 2    97.284   -18.794    59.800
 2     0.829    -0.555     0.061
 2     0.555     0.831     0.023
 2    -0.064     0.015     0.998
 3   125.764    -2.035    10.723
 3    -0.362    -0.099    -0.927
 3     0.164    -0.986     0.041
 3    -0.918    -0.137     0.373
 4   113.199    11.010   -13.529
 4     0.541    -0.743     0.395
 4     0.832     0.542    -0.121
 4    -0.125     0.393     0.911
 5   120.387    28.946    11.781
 5     0.537     0.724     0.431
 5     0.777    -0.624     0.079
 5     0.326     0.292    -0.899
 6   129.196    28.958    -7.520
 6     0.334     0.811     0.481
 6    -0.376     0.582    -0.721
 6    -0.865     0.060     0.499
 7   118.954   -20.624   -13.726
 7     0.428     0.894     0.130
 7    -0.889     0.392     0.234
 7     0.158    -0.217     0.963
 8   130.647   -32.690    12.125
 8     0.701    -0.661     0.268
 8    -0.670    -0.739    -0.069
 8     0.244    -0.131    -0.961
 9   133.861   -35.300   -11.472
 9     0.253    -0.773     0.581
 9     0.391     0.631     0.670
 9    -0.885     0.058     0.462
 2    97.284   -18.794    59.800
 2     0.829    -0.555     0.061
 2     0.555     0.831     0.023
 2    -0.064     0.015     0.998
 3   125.893    -2.040    10.920
 3    -0.355    -0.098    -0.929
 3     0.167    -0.985     0.040
 3    -0.920    -0.141     0.366
 4   113.505    11.111   -13.421
 4     0.543    -0.747     0.384
 4     0.830     0.545    -0.114
 4    -0.125     0.381     0.916
 5   120.800    29.069    11.737
 5     0.543     0.725     0.422
 5     0.775    -0.627     0.079
 5     0.322     0.284    -0.903
 6   129.313    29.027    -7.701
 6     0.327     0.812     0.483
 6    -0.373     0.580    -0.724
 6    -0.868     0.056     0.493
 7   119.206   -20.546   -13.637
 7     0.429     0.895     0.119
 7    -0.889     0.395     0.233
 7     0.161    -0.206     0.965
 8   130.721   -32.690    12.264
 8     0.703    -0.653     0.281
 8    -0.666    -0.743    -0.060
 8     0.248    -0.145    -0.958
 9   134.403   -34.927   -11.246
 9     0.260    -0.784     0.563
 9     0.400     0.619     0.676
 9    -0.878     0.049     0.475
 2    97.335   -18.743    59.800
 2     0.829    -0.555     0.062
 2     0.555     0.831     0.023
 2    -0.064     0.015     0.998
 3   125.960    -1.865    11.042
 3    -0.350    -0.079    -0.933
 3     0.170    -0.985     0.020
 3    -0.921    -0.152     0.358
 4   113.521    11.197   -13.365
 4     0.533    -0.757     0.377
 4     0.838     0.534    -0.112
 4    -0.117     0.375     0.919
 5   120.263    29.083    11.892
 5     0.526     0.735     0.426
 5     0.784    -0.614     0.092
 5     0.329     0.285    -0.900
 6   128.767    29.386    -7.351
 6     0.336     0.801     0.494
 6    -0.362     0.595    -0.718
 6    -0.870     0.062     0.490
 7   119.354   -20.493   -13.640
 7     0.434     0.893     0.115
 7    -0.886     0.401     0.233
 7     0.161    -0.203     0.965
 8   130.836   -32.456    12.371
 8     0.704    -0.652     0.282
