% Calibrated with leiden_pols
% Positions are in centimeters
Data =[
 2    97.335   -18.794    59.749
 2     0.829    -0.555     0.062
 2     0.555     0.831     0.023
 2    -0.064     0.016     0.998
 3   126.317    -1.890    12.345
 3    -0.313    -0.053    -0.948
 3     0.198    -0.980    -0.011
 3    -0.929    -0.191     0.317
 4   117.473    14.689   -11.433
 4     0.603    -0.769     0.211
 4     0.781     0.516    -0.350
 4     0.160     0.376     0.912
 5   119.463    22.596    20.028
 5     0.454    -0.278     0.846
 5     0.128    -0.920    -0.371
 5     0.882     0.277    -0.382
 6   142.620     8.472    29.264
 6     0.678     0.624    -0.388
 6    -0.641     0.761     0.104
 6     0.360     0.177     0.915
 7   123.781   -22.196   -12.101
 7     0.522     0.847    -0.096
 7    -0.773     0.518     0.366
 7     0.359    -0.117     0.926
 8   129.996   -30.647    17.595
 8     0.623     0.528     0.577
 8    -0.085    -0.688     0.721
 8     0.777    -0.498    -0.384
 9   145.711   -10.595    29.520
 9     0.327    -0.770    -0.547
 9     0.744     0.567    -0.353
 9     0.582    -0.292     0.759
 2    97.335   -18.794    59.749
 2     0.829    -0.555     0.062
 2     0.555     0.831     0.023
 2    -0.064     0.015     0.998
 3   126.317    -1.890    12.345
 3    -0.313    -0.054    -0.948
 3     0.198    -0.980    -0.010
 3    -0.929    -0.191     0.317
 4   117.475    14.639   -11.436
 4     0.603    -0.769     0.212
 4     0.781     0.516    -0.352
 4     0.161     0.377     0.912
 5   119.512    22.699    19.954
 5     0.453    -0.278     0.847
 5     0.131    -0.919    -0.371
 5     0.882     0.279    -0.380
 6   142.623     8.573    29.135
 6     0.675     0.627    -0.388
 6    -0.643     0.759     0.107
 6     0.361     0.177     0.915
 7   123.756   -22.196   -12.101
 7     0.522     0.847    -0.095
 7    -0.773     0.517     0.366
 7     0.359    -0.118     0.925
 8   130.116   -30.677    17.372
 8     0.624     0.526     0.578
 8    -0.091    -0.686     0.722
 8     0.776    -0.504    -0.380
 9   145.666   -10.716    29.254
 9     0.316    -0.777    -0.545
 9     0.746     0.558    -0.363
 9     0.585    -0.292     0.756
 2    97.284   -18.794    59.800
 2     0.829    -0.555     0.061
 2     0.555     0.831     0.023
 2    -0.064     0.015     0.998
 3   126.207    -1.887    12.383
 3    -0.318    -0.057    -0.947
 3     0.195    -0.981    -0.007
 3    -0.928    -0.187     0.322
 4   117.411    14.635   -11.527
 4     0.604    -0.766     0.219
 4     0.782     0.515    -0.351
 4     0.156     0.383     0.910
 5   120.197    24.118    18.974
 5     0.449    -0.300     0.841
 5     0.159    -0.900    -0.406
 5     0.879     0.316    -0.357
 6   142.754     8.744    28.814
 6     0.631     0.667    -0.396
 6    -0.676     0.724     0.141
 6     0.380     0.178     0.907
 7   123.598   -22.145   -12.211
 7     0.529     0.844    -0.085
 7    -0.771     0.520     0.368
 7     0.354    -0.130     0.926
 8   130.700   -31.097    16.624
 8     0.632     0.531     0.564
 8    -0.099    -0.667     0.739
 8     0.768    -0.523    -0.369
 9   145.529   -10.524    28.781
 9     0.278    -0.809    -0.518
 9     0.759     0.515    -0.397
 9     0.588    -0.283     0.757
 2    97.284   -18.794    59.800
 2     0.829    -0.555     0.062
 2     0.555     0.831     0.023
 2    -0.064     0.015     0.998
 3   126.128    -1.834    12.474
 3    -0.320    -0.060    -0.945
 3     0.193    -0.981    -0.004
 3    -0.927    -0.184     0.326
 4   117.331    14.425   -11.860
 4     0.612    -0.754     0.239
 4     0.781     0.530    -0.329
 4     0.121     0.388     0.913
 5   120.429    24.549    17.886
 5     0.443    -0.322     0.836
 5     0.174    -0.884    -0.433
 5     0.879     0.338    -0.336
 6   142.343     8.556    28.011
 6     0.605     0.682    -0.409
 6    -0.696     0.704     0.145
 6     0.386     0.197     0.901
 7   123.480   -21.801   -12.735
 7     0.543     0.837    -0.067
 7    -0.770     0.528     0.358
 7     0.335    -0.144     0.931
 8   130.922   -31.389    15.479
 8     0.638     0.537     0.552
 8    -0.108    -0.647     0.755
 8     0.763    -0.541    -0.355
 9   145.402   -10.339    27.762
 9     0.254    -0.818    -0.516
 9     0.767     0.495    -0.408
 9     0.589    -0.292     0.753
 2    97.285   -18.794    59.749
 2     0.829    -0.555     0.062
 2     0.555     0.831     0.023
 2    -0.064     0.015     0.998
 3   126.026    -1.936    12.497
 3    -0.320    -0.066    -0.945
 3     0.193    -0.981     0.003
 3    -0.927    -0.182     0.326
 4   117.181    13.780   -12.963
 4     0.627    -0.730     0.272
 4     0.777     0.562    -0.282
 4     0.053     0.388     0.920
 5   120.496    25.133    15.762
 5     0.436    -0.347     0.830
 5     0.206    -0.860    -0.467
 5     0.876     0.374    -0.304
 6   142.229     8.616    26.813
 6     0.578     0.689    -0.436
 6    -0.705     0.692     0.159
 6     0.411     0.214     0.886
 7   122.733   -21.045   -14.206
 7     0.568     0.823    -0.014
 7    -0.780     0.544     0.309
 7     0.261    -0.165     0.951
 8   131.466   -31.366    13.372
 8     0.654     0.548     0.521
 8    -0.119    -0.605     0.787
 8     0.746    -0.577    -0.331
 9   145.487   -10.038    26.091
 9     0.229    -0.840    -0.492
 9     0.761     0.469    -0.447
 9     0.606    -0.272     0.747
 2    97.335   -18.794    59.749
 2     0.829    -0.555     0.061
 2     0.555     0.831     0.023
 2    -0.064     0.015     0.998
 3   125.979    -1.962    12.371
 3    -0.320    -0.067    -0.945
 3     0.195    -0.981     0.004
 3    -0.927    -0.183     0.326
 4   116.751    12.588   -14.431
 4     0.640    -0.703     0.311
 4     0.768     0.600    -0.224
 4    -0.030     0.382     0.923
 5   120.533    26.061    13.130
 5     0.431    -0.365     0.825
 5     0.265    -0.823    -0.503
 5     0.863     0.435    -0.258
 6   141.924     9.235    24.898
 6     0.550     0.700    -0.454
 6    -0.711     0.678     0.185
 6     0.438     0.221     0.871
 7   121.635   -20.298   -15.193
 7     0.580     0.813     0.034
 7    -0.793     0.555     0.251
 7     0.185    -0.173     0.967
 8   131.693   -31.815    11.352
 8     0.684     0.539     0.491
 8    -0.142    -0.562     0.815
 8     0.715    -0.627    -0.309
 9   145.328   -10.029    23.547
 9     0.211    -0.870    -0.445
 9     0.764     0.431    -0.480
 9     0.609    -0.239     0.756
 2    97.284   -18.794    59.800
 2     0.829    -0.555     0.061
 2     0.555     0.831     0.023
 2    -0.064     0.015     0.998
 3   125.866    -2.067    12.028
 3    -0.314    -0.061    -0.947
 3     0.198    -0.980    -0.002
 3    -0.928    -0.188     0.320
 4   116.315    11.828   -15.231
 4     0.650    -0.678     0.342
 4     0.755     0.625    -0.196
 4    -0.081     0.385     0.919
 5   121.133    27.239    11.429
 5     0.445    -0.401     0.800
 5     0.307    -0.771    -0.557
 5     0.841     0.494    -0.220
 6   141.930     9.289    23.311
 6     0.507     0.738    -0.446
 6    -0.727     0.644     0.239
 6     0.463     0.202     0.862
 7   120.453   -19.618   -15.369
 7     0.579     0.812     0.065
 7    -0.805     0.558     0.200
 7     0.126    -0.169     0.977
 8   131.992   -32.327     9.787
 8     0.727     0.511     0.457
 8    -0.167    -0.514     0.841
 8     0.665    -0.688    -0.289
 9   145.421   -10.016    21.366
 9     0.195    -0.904    -0.380
 9     0.764     0.383    -0.519
 9     0.615    -0.189     0.766
 2    97.335   -18.743    59.800
 2     0.829    -0.555     0.061
 2     0.555     0.831     0.023
 2    -0.064     0.015     0.998
 3   125.825    -2.023    11.704
 3    -0.302    -0.057    -0.952
 3     0.208    -0.978    -0.008
 3    -0.930    -0.201     0.307
 4   116.216    11.013   -16.076
 4     0.672    -0.646     0.363
 4     0.729     0.663    -0.171
 4    -0.131     0.379     0.916
 5   122.122    27.927     9.529
 5     0.471    -0.434     0.768
 5     0.340    -0.714    -0.612
 5     0.814     0.549    -0.189
