% Calibrated with leiden_pols
% Positions are in centimeters
Data =[
 2    97.284   -18.794    59.800
 2     0.829    -0.555     0.062
 2     0.555     0.831     0.023
 2    -0.064     0.015     0.998
 3   122.316    -1.873     9.168
 3    -0.425    -0.008    -0.905
 3     0.144    -0.988    -0.059
 3    -0.894    -0.155     0.421
 4   107.906    13.807   -10.660
 4     0.535    -0.741     0.406
 4     0.845     0.464    -0.265
 4     0.007     0.484     0.875
 5   109.472    20.283    18.918
 5     0.263     0.086     0.961
 5     0.231    -0.973     0.024
 5     0.937     0.215    -0.276
 6   122.340    26.091    46.715
 6     0.223    -0.715    -0.662
 6    -0.109     0.657    -0.746
 6     0.969     0.238     0.069
 7   114.008   -23.552   -11.156
 7     0.302     0.949     0.091
 7    -0.880     0.241     0.408
 7     0.365    -0.204     0.908
 8   113.902   -27.791    18.980
 8     0.365     0.110     0.924
 8    -0.216    -0.956     0.199
 8     0.905    -0.272    -0.326
 9   129.082   -30.962    43.561
 9     0.243     0.497    -0.833
 9     0.126     0.835     0.535
 9     0.962    -0.235     0.140
 2    97.285   -18.794    59.749
 2     0.829    -0.555     0.062
 2     0.554     0.832     0.023
 2    -0.064     0.015     0.998
 3   122.316    -1.873     9.219
 3    -0.424    -0.008    -0.905
 3     0.144    -0.988    -0.059
 3    -0.894    -0.155     0.420
 4   107.908    13.808   -10.663
 4     0.535    -0.741     0.406
 4     0.845     0.464    -0.265
 4     0.008     0.484     0.875
 5   109.465    20.229    18.902
 5     0.263     0.085     0.961
 5     0.231    -0.973     0.023
 5     0.936     0.216    -0.276
 6   122.290    26.093    46.663
 6     0.223    -0.715    -0.662
 6    -0.108     0.657    -0.746
 6     0.969     0.238     0.069
 7   114.007   -23.552   -11.157
 7     0.303     0.948     0.091
 7    -0.880     0.242     0.408
 7     0.365    -0.204     0.908
 8   113.901   -27.791    18.979
 8     0.365     0.110     0.924
 8    -0.215    -0.956     0.199
 8     0.905    -0.272    -0.325
 9   129.132   -30.962    43.561
 9     0.243     0.496    -0.833
 9     0.126     0.835     0.535
 9     0.962    -0.235     0.140
 2    97.335   -18.794    59.749
 2     0.829    -0.555     0.062
 2     0.555     0.831     0.023
 2    -0.064     0.015     0.998
 3   122.315    -1.873     9.219
 3    -0.424    -0.008    -0.906
 3     0.143    -0.988    -0.059
 3    -0.894    -0.155     0.420
 4   107.908    13.833   -10.714
 4     0.534    -0.741     0.405
 4     0.845     0.464    -0.265
 4     0.008     0.484     0.875
 5   109.472    20.282    18.894
 5     0.263     0.085     0.961
 5     0.231    -0.973     0.023
 5     0.937     0.216    -0.276
 6   122.290    26.091    46.664
 6     0.223    -0.715    -0.663
 6    -0.109     0.657    -0.746
 6     0.969     0.238     0.069
 7   114.055   -23.603   -11.154
 7     0.304     0.948     0.090
 7    -0.880     0.243     0.407
 7     0.364    -0.204     0.909
 8   113.951   -27.790    18.928
 8     0.366     0.112     0.924
 8    -0.215    -0.956     0.201
 8     0.905    -0.272    -0.325
 9   129.157   -30.911    43.561
 9     0.242     0.494    -0.835
 9     0.126     0.837     0.532
 9     0.962    -0.235     0.140
 2    97.285   -18.794    59.749
 2     0.829    -0.555     0.062
 2     0.555     0.831     0.023
 2    -0.064     0.015     0.998
 3   122.316    -1.873     9.168
 3    -0.424    -0.007    -0.906
 3     0.144    -0.988    -0.059
 3    -0.894    -0.155     0.420
 4   107.956    13.807   -10.711
 4     0.535    -0.741     0.405
 4     0.845     0.465    -0.264
 4     0.007     0.484     0.875
 5   109.490    20.279    18.903
 5     0.264     0.084     0.961
 5     0.231    -0.973     0.022
 5     0.936     0.216    -0.276
 6   122.340    26.091    46.663
 6     0.222    -0.715    -0.663
 6    -0.109     0.658    -0.745
 6     0.969     0.238     0.068
 7   114.077   -23.603   -11.202
 7     0.305     0.948     0.090
 7    -0.880     0.245     0.407
 7     0.363    -0.204     0.909
 8   113.976   -27.841    18.929
 8     0.365     0.113     0.924
 8    -0.215    -0.956     0.202
 8     0.905    -0.272    -0.325
 9   129.157   -30.909    43.536
 9     0.241     0.493    -0.836
 9     0.127     0.838     0.530
 9     0.962    -0.235     0.139
 2    97.284   -18.794    59.800
 2     0.829    -0.555     0.062
 2     0.555     0.831     0.023
 2    -0.064     0.015     0.998
 3   122.341    -1.872     9.170
 3    -0.424    -0.006    -0.906
 3     0.143    -0.988    -0.060
 3    -0.894    -0.156     0.419
 4   107.957    13.807   -10.711
 4     0.536    -0.741     0.405
 4     0.844     0.466    -0.264
 4     0.007     0.483     0.875
 5   109.490    20.330    18.852
 5     0.264     0.083     0.961
 5     0.231    -0.973     0.020
 5     0.936     0.216    -0.276
 6   122.341    26.143    46.588
 6     0.222    -0.714    -0.664
 6    -0.108     0.659    -0.744
 6     0.969     0.237     0.069
 7   114.077   -23.603   -11.202
 7     0.306     0.948     0.090
 7    -0.880     0.245     0.406
 7     0.363    -0.204     0.909
 8   113.980   -27.839    18.920
 8     0.366     0.114     0.924
 8    -0.214    -0.955     0.203
 8     0.906    -0.272    -0.325
 9   129.205   -30.960    43.535
 9     0.241     0.491    -0.837
 9     0.127     0.839     0.529
 9     0.962    -0.234     0.140
 2    97.284   -18.794    59.800
 2     0.829    -0.555     0.061
 2     0.555     0.831     0.023
 2    -0.064     0.015     0.998
 3   122.344    -1.873     9.119
 3    -0.424    -0.006    -0.906
 3     0.144    -0.988    -0.061
 3    -0.894    -0.157     0.419
 4   107.955    13.806   -10.759
 4     0.536    -0.741     0.404
 4     0.844     0.467    -0.264
 4     0.006     0.483     0.876
 5   109.540    20.329    18.801
 5     0.265     0.082     0.961
 5     0.231    -0.973     0.019
 5     0.936     0.216    -0.276
 6   122.342    26.039    46.589
 6     0.221    -0.713    -0.666
 6    -0.109     0.660    -0.743
 6     0.969     0.237     0.069
 7   114.077   -23.603   -11.202
 7     0.306     0.948     0.091
 7    -0.880     0.245     0.406
 7     0.363    -0.204     0.909
 8   114.030   -27.890    18.920
 8     0.365     0.114     0.923
 8    -0.214    -0.955     0.203
 8     0.906    -0.272    -0.325
 9   129.156   -30.909    43.536
 9     0.241     0.491    -0.837
 9     0.127     0.839     0.529
 9     0.962    -0.234     0.139
 2    97.285   -18.794    59.800
 2     0.829    -0.555     0.062
 2     0.554     0.831     0.023
 2    -0.064     0.015     0.998
 3   122.343    -1.873     9.118
 3    -0.423    -0.006    -0.906
 3     0.144    -0.988    -0.061
 3    -0.894    -0.156     0.419
 4   107.955    13.806   -10.758
 4     0.537    -0.741     0.404
 4     0.844     0.468    -0.263
 4     0.006     0.482     0.876
 5   109.490    20.329    18.800
 5     0.265     0.082     0.961
 5     0.231    -0.973     0.020
 5     0.936     0.216    -0.277
 6   122.341    26.143    46.589
 6     0.222    -0.713    -0.665
 6    -0.108     0.660    -0.744
 6     0.969     0.236     0.069
 7   114.077   -23.552   -11.202
 7     0.306     0.948     0.091
 7    -0.880     0.245     0.406
 7     0.363    -0.204     0.909
 8   114.031   -27.839    18.971
 8     0.365     0.113     0.924
 8    -0.214    -0.956     0.202
 8     0.906    -0.271    -0.325
 9   129.156   -30.909    43.536
 9     0.241     0.492    -0.836
 9     0.127     0.838     0.530
 9     0.962    -0.234     0.139
 2    97.284   -18.794    59.800
 2     0.829    -0.555     0.061
 2     0.555     0.831     0.023
 2    -0.064     0.015     0.998
 3   122.337    -1.875     9.124
 3    -0.423    -0.005    -0.906
 3     0.143    -0.988    -0.061
 3    -0.895    -0.156     0.419
 4   107.955    13.806   -10.758
 4     0.536    -0.741     0.404
 4     0.844     0.468    -0.263
 4     0.006     0.482     0.876
 5   109.491    20.278    18.802
 5     0.264     0.084     0.961
 5     0.231    -0.973     0.021
 5     0.936     0.217    -0.276
