% Calibrated with leiden_pols
% Positions are in centimeters
Data =[
 2    97.284   -18.794    59.800
 2     0.829    -0.555     0.062
 2     0.555     0.831     0.023
 2    -0.064     0.015     0.998
 3   122.316    -1.873     9.168
 3    -0.425    -0.008    -0.905
 3     0.144    -0.988    -0.059
 3    -0.894    -0.155     0.421
 4   107.906    13.807   -10.660
 4     0.535    -0.741     0.406
 4     0.845     0.464    -0.265
 4     0.007     0.484     0.875
 5   109.472    20.283    18.918
 5     0.263     0.086     0.961
 5     0.231    -0.973     0.024
 5     0.937     0.215    -0.276
 6   122.340    26.091    46.715
 6     0.223    -0.715    -0.662
 6    -0.109     0.657    -0.746
 6     0.969     0.238     0.069
 7   114.008   -23.552   -11.156
 7     0.302     0.949     0.091
 7    -0.880     0.241     0.408
 7     0.365    -0.204     0.908
 8   113.902   -27.791    18.980
 8     0.365     0.110     0.924
 8    -0.216    -0.956     0.199
 8     0.905    -0.272    -0.326
 9   129.082   -30.962    43.561
 9     0.243     0.497    -0.833
 9     0.126     0.835     0.535
 9     0.962    -0.235     0.140
 2    97.285   -18.794    59.749
 2     0.829    -0.555     0.062
 2     0.554     0.832     0.023
 2    -0.064     0.015     0.998
 3   122.316    -1.873     9.219
 3    -0.424    -0.008    -0.905
 3     0.144    -0.988    -0.059
 3    -0.894    -0.155     0.420
 4   107.908    13.808   -10.663
 4     0.535    -0.741     0.406
 4     0.845     0.464    -0.265
 4     0.008     0.484     0.875
 5   109.465    20.229    18.902
 5     0.263     0.085     0.961
 5     0.231    -0.973     0.023
 5     0.936     0.216    -0.276
 6   122.290    26.093    46.663
 6     0.223    -0.715    -0.662
 6    -0.108     0.657    -0.746
 6     0.969     0.238     0.069
 7   114.007   -23.552   -11.157
 7     0.303     0.948     0.091
 7    -0.880     0.242     0.408
 7     0.365    -0.204     0.908
 8   113.901   -27.791    18.979
 8     0.365     0.110     0.924
 8    -0.215    -0.956     0.199
 8     0.905    -0.272    -0.325
 9   129.132   -30.962    43.561
 9     0.243     0.496    -0.833
 9     0.126     0.835     0.535
 9     0.962    -0.235     0.140
 2    97.335   -18.794    59.749
 2     0.829    -0.555     0.062
 2     0.555     0.831     0.023
 2    -0.064     0.015     0.998
 3   122.315    -1.873     9.219
 3    -0.424    -0.008    -0.906
 3     0.143    -0.988    -0.059
 3    -0.894    -0.155     0.420
 4   107.908    13.833   -10.714
 4     0.534    -0.741     0.405
 4     0.845     0.464    -0.265
 4     0.008     0.484     0.875
 5   109.472    20.282    18.894
 5     0.263     0.085     0.961
 5     0.231    -0.973     0.023
 5     0.937     0.216    -0.276
 6   122.290    26.091    46.664
 6     0.223    -0.715    -0.663
 6    -0.109     0.657    -0.746
 6     0.969     0.238     0.069
 7   114.055   -23.603   -11.154
 7     0.304     0.948     0.090
 7    -0.880     0.243     0.407
 7     0.364    -0.204     0.909
 8   113.951   -27.790    18.928
 8     0.366     0.112     0.924
 8    -0.215    -0.956     0.201
 8     0.905    -0.272    -0.325
 9   129.157   -30.911    43.561
 9     0.242     0.494    -0.835
 9     0.126     0.837     0.532
 9     0.962    -0.235     0.140
 2    97.285   -18.794    59.749
 2     0.829    -0.555     0.062
 2     0.555     0.831     0.023
 2    -0.064     0.015     0.998
 3   122.316    -1.873     9.168
 3    -0.424    -0.007    -0.906
 3     0.144    -0.988    -0.059
 3    -0.894    -0.155     0.420
 4   107.956    13.807   -10.711
 4     0.535    -0.741     0.405
 4     0.845     0.465    -0.264
 4     0.007     0.484     0.875
 5   109.490    20.279    18.903
 5     0.264     0.084     0.961
 5     0.231    -0.973     0.022
 5     0.936     0.216    -0.276
 6   122.340    26.091    46.663
 6     0.222    -0.715    -0.663
 6    -0.109     0.658    -0.745
 6     0.969     0.238     0.068
 7   114.077   -23.603   -11.202
 7     0.305     0.948     0.090
 7    -0.880     0.245     0.407
 7     0.363    -0.204     0.909
 8   113.976   -27.841    18.929
 8     0.365     0.113     0.924
 8    -0.215    -0.956     0.202
 8     0.905    -0.272    -0.325
 9   129.157   -30.909    43.536
 9     0.241     0.493    -0.836
 9     0.127     0.838     0.530
 9     0.962    -0.235     0.139
 2    97.284   -18.794    59.800
 2     0.829    -0.555     0.062
 2     0.555     0.831     0.023
 2    -0.064     0.015     0.998
 3   122.341    -1.872     9.170
 3    -0.424    -0.006    -0.906
 3     0.143    -0.988    -0.060
 3    -0.894    -0.156     0.419
 4   107.957    13.807   -10.711
 4     0.536    -0.741     0.405
 4     0.844     0.466    -0.264
 4     0.007     0.483     0.875
 5   109.490    20.330    18.852
 5     0.264     0.083     0.961
 5     0.231    -0.973     0.020
 5     0.936     0.216    -0.276
 6   122.341    26.143    46.588
 6     0.222    -0.714    -0.664
 6    -0.108     0.659    -0.744
 6     0.969     0.237     0.069
 7   114.077   -23.603   -11.202
 7     0.306     0.948     0.090
 7    -0.880     0.245     0.406
 7     0.363    -0.204     0.909
 8   113.980   -27.839    18.920
 8     0.366     0.114     0.924
 8    -0.214    -0.955     0.203
 8     0.906    -0.272    -0.325
 9   129.205   -30.960    43.535
 9     0.241     0.491    -0.837
 9     0.127     0.839     0.529
 9     0.962    -0.234     0.140
 2    97.284   -18.794    59.800
 2     0.829    -0.555     0.061
 2     0.555     0.831     0.023
 2    -0.064     0.015     0.998
 3   122.344    -1.873     9.119
 3    -0.424    -0.006    -0.906
 3     0.144    -0.988    -0.061
 3    -0.894    -0.157     0.419
 4   107.955    13.806   -10.759
 4     0.536    -0.741     0.404
 4     0.844     0.467    -0.264
 4     0.006     0.483     0.876
 5   109.540    20.329    18.801
 5     0.265     0.082     0.961
 5     0.231    -0.973     0.019
 5     0.936     0.216    -0.276
 6   122.342    26.039    46.589
 6     0.221    -0.713    -0.666
 6    -0.109     0.660    -0.743
 6     0.969     0.237     0.069
 7   114.077   -23.603   -11.202
 7     0.306     0.948     0.091
 7    -0.880     0.245     0.406
 7     0.363    -0.204     0.909
 8   114.030   -27.890    18.920
 8     0.365     0.114     0.923
 8    -0.214    -0.955     0.203
 8     0.906    -0.272    -0.325
 9   129.156   -30.909    43.536
 9     0.241     0.491    -0.837
 9     0.127     0.839     0.529
 9     0.962    -0.234     0.139
 2    97.285   -18.794    59.800
 2     0.829    -0.555     0.062
 2     0.554     0.831     0.023
 2    -0.064     0.015     0.998
 3   122.343    -1.873     9.118
 3    -0.423    -0.006    -0.906
 3     0.144    -0.988    -0.061
 3    -0.894    -0.156     0.419
 4   107.955    13.806   -10.758
 4     0.537    -0.741     0.404
 4     0.844     0.468    -0.263
 4     0.006     0.482     0.876
 5   109.490    20.329    18.800
 5     0.265     0.082     0.961
 5     0.231    -0.973     0.020
 5     0.936     0.216    -0.277
 6   122.341    26.143    46.589
 6     0.222    -0.713    -0.665
 6    -0.108     0.660    -0.744
 6     0.969     0.236     0.069
 7   114.077   -23.552   -11.202
 7     0.306     0.948     0.091
 7    -0.880     0.245     0.406
 7     0.363    -0.204     0.909
 8   114.031   -27.839    18.971
 8     0.365     0.113     0.924
 8    -0.214    -0.956     0.202
 8     0.906    -0.271    -0.325
 9   129.156   -30.909    43.536
 9     0.241     0.492    -0.836
 9     0.127     0.838     0.530
 9     0.962    -0.234     0.139
 2    97.284   -18.794    59.800
 2     0.829    -0.555     0.061
 2     0.555     0.831     0.023
 2    -0.064     0.015     0.998
 3   122.337    -1.875     9.124
 3    -0.423    -0.005    -0.906
 3     0.143    -0.988    -0.061
 3    -0.895    -0.156     0.419
 4   107.955    13.806   -10.758
 4     0.536    -0.741     0.404
 4     0.844     0.468    -0.263
 4     0.006     0.482     0.876
 5   109.491    20.278    18.802
 5     0.264     0.084     0.961
 5     0.231    -0.973     0.021
 5     0.936     0.217    -0.276
 6   122.291    26.091    46.614
 6     0.221    -0.714    -0.664
 6    -0.108     0.658    -0.745
 6     0.969     0.236     0.069
 7   114.079   -23.602   -11.205
 7     0.305     0.948     0.090
 7    -0.880     0.244     0.407
 7     0.364    -0.204     0.909
 8   113.956   -27.839    18.971
 8     0.365     0.112     0.924
 8    -0.214    -0.956     0.200
 8     0.906    -0.271    -0.325
 9   129.156   -30.909    43.561
 9     0.241     0.494    -0.835
 9     0.127     0.837     0.532
 9     0.962    -0.235     0.139
 2    97.285   -18.794    59.800
 2     0.829    -0.555     0.061
 2     0.554     0.832     0.023
 2    -0.064     0.015     0.998
 3   122.337    -1.875     9.174
 3    -0.423    -0.005    -0.906
 3     0.143    -0.988    -0.061
 3    -0.895    -0.155     0.419
 4   107.957    13.807   -10.761
 4     0.536    -0.741     0.403
 4     0.844     0.467    -0.263
 4     0.007     0.482     0.876
 5   109.422    20.283    18.792
 5     0.262     0.085     0.961
 5     0.232    -0.972     0.023
 5     0.937     0.216    -0.275
 6   122.240    26.042    46.612
 6     0.222    -0.715    -0.662
 6    -0.108     0.657    -0.746
 6     0.969     0.237     0.068
 7   114.079   -23.603   -11.205
 7     0.304     0.948     0.090
 7    -0.880     0.243     0.407
 7     0.364    -0.204     0.909
 8   113.957   -27.788    18.971
 8     0.365     0.111     0.924
 8    -0.214    -0.956     0.200
 8     0.906    -0.271    -0.326
 9   129.132   -30.961    43.561
 9     0.242     0.495    -0.834
 9     0.127     0.836     0.533
 9     0.962    -0.235     0.139
 2    97.285   -18.794    59.800
 2     0.829    -0.555     0.062
 2     0.554     0.831     0.023
 2    -0.064     0.015     0.998
 3   122.337    -1.875     9.174
 3    -0.423    -0.006    -0.906
 3     0.143    -0.988    -0.061
 3    -0.895    -0.155     0.419
 4   107.957    13.807   -10.761
 4     0.536    -0.742     0.403
 4     0.844     0.467    -0.264
 4     0.007     0.482     0.876
 5   109.422    20.233    18.846
 5     0.261     0.089     0.961
 5     0.234    -0.972     0.026
 5     0.937     0.218    -0.274
 6   122.240    26.091    46.612
 6     0.222    -0.717    -0.661
 6    -0.109     0.655    -0.748
 6     0.969     0.238     0.068
 7   114.057   -23.602   -11.208
 7     0.303     0.948     0.091
 7    -0.880     0.243     0.408
 7     0.365    -0.204     0.908
 8   113.907   -27.840    18.972
 8     0.365     0.111     0.924
 8    -0.215    -0.956     0.199
 8     0.906    -0.271    -0.325
 9   129.132   -30.961    43.561
 9     0.242     0.496    -0.834
 9     0.127     0.836     0.534
 9     0.962    -0.235     0.139
 2    97.285   -18.794    59.800
 2     0.829    -0.555     0.061
 2     0.554     0.831     0.023
 2    -0.064     0.015     0.998
 3   122.337    -1.875     9.174
 3    -0.423    -0.006    -0.906
 3     0.143    -0.988    -0.060
 3    -0.895    -0.155     0.419
 4   107.959    13.808   -10.764
 4     0.536    -0.742     0.403
 4     0.844     0.466    -0.265
 4     0.008     0.482     0.876
 5   109.269    20.237    18.898
 5     0.256     0.094     0.962
 5     0.236    -0.971     0.033
 5     0.937     0.218    -0.271
 6   122.102    26.091    46.724
 6     0.224    -0.722    -0.655
 6    -0.108     0.649    -0.753
 6     0.968     0.239     0.068
 7   114.057   -23.602   -11.158
 7     0.304     0.948     0.090
 7    -0.880     0.243     0.408
 7     0.365    -0.203     0.908
 8   113.957   -27.789    18.972
 8     0.365     0.111     0.924
 8    -0.215    -0.956     0.200
 8     0.906    -0.271    -0.325
 9   129.133   -30.960    43.562
 9     0.242     0.496    -0.834
 9     0.127     0.836     0.534
 9     0.962    -0.236     0.139
 2    97.284   -18.794    59.800
 2     0.829    -0.555     0.061
 2     0.555     0.831     0.023
 2    -0.064     0.015     0.998
 3   122.312    -1.875     9.174
 3    -0.423    -0.006    -0.906
 3     0.143    -0.988    -0.060
 3    -0.895    -0.155     0.419
 4   107.964    13.809   -10.718
 4     0.536    -0.742     0.403
 4     0.844     0.465    -0.266
 4     0.010     0.482     0.876
 5   109.276    20.215    18.841
 5     0.254     0.096     0.962
 5     0.237    -0.971     0.035
 5     0.938     0.219    -0.270
 6   122.052    26.091    46.671
 6     0.226    -0.723    -0.652
 6    -0.109     0.647    -0.755
 6     0.968     0.242     0.068
 7   114.057   -23.552   -11.157
 7     0.303     0.948     0.090
 7    -0.880     0.243     0.408
 7     0.365    -0.204     0.908
 8   113.906   -27.790    18.972
 8     0.364     0.110     0.925
 8    -0.215    -0.956     0.199
 8     0.906    -0.272    -0.324
 9   129.082   -30.961    43.612
 9     0.242     0.497    -0.833
 9     0.127     0.835     0.535
 9     0.962    -0.235     0.139
 2    97.285   -18.794    59.800
 2     0.830    -0.555     0.061
 2     0.554     0.832     0.023
 2    -0.064     0.015     0.998
 3   122.305    -1.875     9.222
 3    -0.424    -0.010    -0.906
 3     0.141    -0.988    -0.056
 3    -0.895    -0.151     0.420
 4   108.101    13.839   -10.733
 4     0.538    -0.741     0.400
 4     0.842     0.465    -0.272
 4     0.015     0.484     0.875
 5   109.156    20.264    18.481
 5     0.215     0.072     0.974
 5     0.243    -0.970     0.018
 5     0.945     0.233    -0.227
 6   122.026    26.093    46.618
 6     0.226    -0.724    -0.651
 6    -0.108     0.646    -0.756
 6     0.968     0.241     0.067
 7   114.010   -23.551   -11.109
 7     0.302     0.949     0.090
 7    -0.880     0.241     0.409
 7     0.366    -0.203     0.908
 8   113.643   -27.866    18.500
 8     0.306     0.092     0.947
 8    -0.232    -0.958     0.168
 8     0.923    -0.271    -0.272
 9   128.852   -31.040    43.574
 9     0.245     0.506    -0.827
 9     0.127     0.829     0.545
 9     0.961    -0.239     0.139
 2    97.285   -18.794    59.800
 2     0.829    -0.555     0.061
 2     0.554     0.832     0.023
 2    -0.064     0.015     0.998
 3   122.300    -1.925     9.270
 3    -0.423    -0.011    -0.906
 3     0.139    -0.989    -0.053
 3    -0.895    -0.148     0.420
 4   108.245    13.819   -10.857
 4     0.543    -0.740     0.396
 4     0.839     0.465    -0.281
 4     0.023     0.485     0.874
 5   108.989    20.202    18.115
 5     0.196     0.064     0.978
 5     0.244    -0.969     0.015
 5     0.949     0.236    -0.206
 6   121.533    26.149    46.451
 6     0.213    -0.728    -0.652
 6    -0.104     0.647    -0.755
 6     0.971     0.228     0.062
 7   114.012   -23.551   -11.112
 7     0.301     0.949     0.090
 7    -0.880     0.240     0.410
 7     0.367    -0.203     0.908
 8   113.448   -27.929    18.269
 8     0.282     0.105     0.953
 8    -0.234    -0.957     0.174
 8     0.930    -0.272    -0.246
 9   128.136   -31.075    43.680
 9     0.227     0.502    -0.834
 9     0.126     0.834     0.537
 9     0.965    -0.227     0.126
 2    97.285   -18.794    59.800
 2     0.829    -0.555     0.061
 2     0.554     0.832     0.023
 2    -0.064     0.015     0.998
 3   122.288    -1.874     9.266
 3    -0.425    -0.010    -0.905
 3     0.134    -0.990    -0.052
 3    -0.895    -0.143     0.422
 4   108.367    13.826   -10.957
 4     0.546    -0.742     0.389
 4     0.837     0.465    -0.288
 4     0.032     0.483     0.875
 5   108.503    20.652    17.594
 5     0.162     0.036     0.986
 5     0.250    -0.968    -0.006
 5     0.954     0.247    -0.167
 6   120.164    26.615    46.292
 6     0.164    -0.713    -0.682
 6    -0.096     0.676    -0.730
 6     0.982     0.185     0.043
 7   114.087   -23.602   -11.111
 7     0.299     0.950     0.091
 7    -0.880     0.238     0.410
 7     0.367    -0.203     0.907
 8   112.838   -28.132    17.871
 8     0.246     0.110     0.963
 8    -0.240    -0.956     0.170
 8     0.939    -0.273    -0.209
 9   126.937   -31.454    43.781
 9     0.197     0.501    -0.843
 9     0.119     0.841     0.527
 9     0.973    -0.204     0.106
 2    97.285   -18.794    59.800
 2     0.829    -0.555     0.061
 2     0.554     0.831     0.023
 2    -0.064     0.015     0.998
 3   122.225    -1.974     9.262
 3    -0.427    -0.009    -0.904
 3     0.128    -0.990    -0.051
 3    -0.895    -0.138     0.424
 4   108.618    13.831   -11.081
 4     0.556    -0.740     0.379
 4     0.830     0.471    -0.297
 4     0.041     0.480     0.876
 5   107.801    21.294    17.118
 5     0.125    -0.011     0.992
 5     0.262    -0.964    -0.043
 5     0.957     0.265    -0.118
 6   118.785    27.221    46.010
 6     0.114    -0.689    -0.715
 6    -0.084     0.711    -0.698
 6     0.990     0.140     0.023
 7   114.182   -23.608   -11.153
 7     0.292     0.952     0.092
 7    -0.884     0.232     0.406
 7     0.365    -0.200     0.909
 8   112.442   -28.524    17.443
 8     0.217     0.119     0.969
 8    -0.253    -0.952     0.174
 8     0.943    -0.283    -0.176
 9   125.960   -32.223    43.595
 9     0.169     0.495    -0.853
 9     0.101     0.851     0.514
 9     0.980    -0.173     0.094
 2    97.285   -18.794    59.800
 2     0.829    -0.555     0.061
 2     0.554     0.831     0.023
 2    -0.064     0.015     0.998
 3   122.263    -1.871     9.258
 3    -0.430    -0.004    -0.903
 3     0.122    -0.991    -0.054
 3    -0.895    -0.134     0.426
 4   108.809    13.911   -11.224
 4     0.560    -0.740     0.372
 4     0.827     0.473    -0.302
 4     0.047     0.477     0.877
 5   107.054    21.756    16.797
 5     0.088    -0.028     0.995
 5     0.279    -0.959    -0.052
 5     0.956     0.282    -0.077
 6   117.026    28.154    45.811
 6     0.073    -0.690    -0.720
 6    -0.067     0.717    -0.694
 6     0.995     0.098     0.006
 7   114.450   -23.608   -11.275
 7     0.295     0.951     0.088
 7    -0.884     0.237     0.404
 7     0.363    -0.197     0.910
 8   112.141   -29.180    16.998
 8     0.187     0.176     0.966
 8    -0.263    -0.939     0.222
 8     0.946    -0.296    -0.129
 9   125.080   -32.637    43.501
 9     0.125     0.456    -0.881
 9     0.087     0.879     0.468
 9     0.988    -0.135     0.070
 2    97.285   -18.794    59.800
 2     0.829    -0.555     0.061
 2     0.554     0.831     0.023
 2    -0.064     0.015     0.998
 3   122.208    -1.842     9.277
 3    -0.433     0.005    -0.901
 3     0.117    -0.991    -0.062
 3    -0.894    -0.132     0.428
 4   109.006    13.917   -11.369
 4     0.562    -0.744     0.360
 4     0.825     0.476    -0.305
 4     0.055     0.468     0.881
 5   106.358    22.064    16.355
 5     0.058    -0.039     0.997
 5     0.290    -0.956    -0.054
 5     0.955     0.292    -0.045
 6   115.706    28.595    45.455
 6     0.043    -0.690    -0.723
 6    -0.057     0.720    -0.691
 6     0.997     0.070    -0.009
 7   114.620   -23.455   -11.326
 7     0.298     0.951     0.081
 7    -0.883     0.242     0.402
 7     0.362    -0.192     0.912
 8   111.725   -29.498    16.535
 8     0.163     0.205     0.965
 8    -0.272    -0.931     0.244
 8     0.948    -0.303    -0.096
 9   124.221   -33.089    43.414
 9     0.097     0.443    -0.891
 9     0.076     0.889     0.450
 9     0.992    -0.112     0.052
 2    97.284   -18.794    59.800
 2     0.829    -0.555     0.061
 2     0.555     0.831     0.023
 2    -0.064     0.015     0.998
 3   122.264    -1.789     9.274
 3    -0.434     0.012    -0.901
 3     0.117    -0.991    -0.069
 3    -0.893    -0.135     0.429
 4   109.283    14.026   -11.571
 4     0.567    -0.747     0.347
 4     0.821     0.479    -0.310
 4     0.065     0.461     0.885
 5   105.755    22.249    16.053
 5     0.024    -0.052     0.998
 5     0.293    -0.954    -0.057
 5     0.956     0.294    -0.008
 6   114.115    28.807    45.313
 6     0.011    -0.693    -0.720
 6    -0.055     0.719    -0.693
 6     0.998     0.047    -0.030
 7   114.810   -23.461   -11.574
 7     0.292     0.953     0.075
 7    -0.886     0.240     0.397
 7     0.360    -0.182     0.915
 8   111.197   -29.620    16.094
 8     0.130     0.210     0.969
 8    -0.280    -0.930     0.239
 8     0.951    -0.302    -0.062
 9   122.988   -33.372    43.296
 9     0.069     0.450    -0.891
 9     0.072     0.888     0.454
 9     0.995    -0.096     0.029
 2    97.284   -18.794    59.800
 2     0.829    -0.555     0.061
 2     0.555     0.831     0.023
 2    -0.064     0.015     0.998
 3   122.225    -1.789     9.281
 3    -0.433     0.017    -0.901
 3     0.120    -0.990    -0.076
 3    -0.893    -0.142     0.427
 4   109.593    14.112   -11.728
 4     0.571    -0.752     0.329
 4     0.817     0.482    -0.315
 4     0.078     0.449     0.890
 5   104.932    22.428    15.647
 5    -0.012    -0.067     0.998
 5     0.297    -0.953    -0.060
 5     0.955     0.296     0.031
 6   112.227    28.763    44.983
 6    -0.022    -0.698    -0.716
 6    -0.053     0.716    -0.696
 6     0.998     0.022    -0.053
 7   115.136   -23.386   -11.631
 7     0.286     0.956     0.066
 7    -0.887     0.239     0.395
 7     0.362    -0.172     0.916
 8   110.657   -29.655    15.645
 8     0.091     0.212     0.973
 8    -0.289    -0.929     0.230
 8     0.953    -0.302    -0.024
 9   121.500   -33.509    43.161
 9     0.036     0.464    -0.885
 9     0.063     0.883     0.465
 9     0.997    -0.073     0.002
 2    97.284   -18.794    59.800
 2     0.829    -0.555     0.062
 2     0.555     0.831     0.023
 2    -0.064     0.015     0.998
 3   122.281    -1.738     9.285
 3    -0.433     0.024    -0.901
 3     0.122    -0.989    -0.085
 3    -0.893    -0.146     0.425
 4   109.751    14.173   -11.908
 4     0.571    -0.760     0.311
 4     0.816     0.483    -0.316
 4     0.090     0.434     0.896
 5   103.913    22.503    15.211
 5    -0.052    -0.070     0.996
 5     0.300    -0.952    -0.051
 5     0.952     0.296     0.071
 6   112.245    29.094    46.220
 6    -0.061    -0.707    -0.705
 6    -0.049     0.707    -0.705
 6     0.997    -0.008    -0.077
 7   115.305   -23.340   -11.750
 7     0.279     0.958     0.065
 7    -0.890     0.232     0.392
 7     0.360    -0.168     0.917
 8   109.638   -29.809    15.121
 8     0.047     0.189     0.981
 8    -0.304    -0.932     0.195
 8     0.951    -0.307     0.013
 9   119.654   -34.407    42.997
 9     0.007     0.502    -0.865
 9     0.047     0.864     0.501
 9     0.999    -0.045    -0.018
 2    97.284   -18.794    59.800
 2     0.829    -0.555     0.061
 2     0.555     0.831     0.023
 2    -0.064     0.015     0.998
 3   122.229    -1.842     9.294
 3    -0.432     0.031    -0.901
 3     0.121    -0.988    -0.092
 3    -0.894    -0.149     0.423
 4   109.937    14.083   -12.140
 4     0.568    -0.771     0.289
 4     0.817     0.483    -0.316
 4     0.103     0.415     0.904
 5   102.868    22.248    14.668
 5    -0.094    -0.069     0.993
 5     0.301    -0.953    -0.038
 5     0.949     0.295     0.110
 6   110.014    28.875    46.026
 6    -0.097    -0.721    -0.686
 6    -0.049     0.692    -0.720
 6     0.994    -0.036    -0.102
 7   115.423   -23.450   -11.918
 7     0.267     0.961     0.063
 7    -0.895     0.223     0.387
 7     0.358    -0.160     0.920
 8   108.864   -29.808    14.709
 8     0.004     0.165     0.986
 8    -0.318    -0.935     0.158
 8     0.948    -0.314     0.048
 9   117.747   -35.267    42.829
 9    -0.021     0.542    -0.840
 9     0.026     0.840     0.542
 9     0.999    -0.010    -0.032
 2    97.285   -18.794    59.800
 2     0.829    -0.555     0.061
 2     0.554     0.832     0.023
 2    -0.064     0.015     0.998
 3   122.227    -1.867     9.269
 3    -0.431     0.035    -0.902
 3     0.119    -0.988    -0.096
 3    -0.894    -0.149     0.422
 4   110.043    14.019   -12.320
 4     0.563    -0.780     0.271
 4     0.818     0.481    -0.314
 4     0.115     0.399     0.909
 5   102.068    22.067    14.166
 5    -0.127    -0.061     0.990
 5     0.300    -0.954    -0.020
 5     0.945     0.294     0.139
 6   108.188    28.775    45.753
 6    -0.120    -0.732    -0.671
 6    -0.049     0.679    -0.732
 6     0.991    -0.055    -0.118
 7   115.517   -23.482   -12.061
 7     0.257     0.964     0.063
 7    -0.898     0.214     0.383
 7     0.356    -0.155     0.921
 8   108.199   -29.759    14.411
 8    -0.026     0.145     0.989
 8    -0.325    -0.937     0.129
 8     0.945    -0.318     0.072
 9   114.800   -34.892    40.623
 9    -0.034     0.581    -0.813
 9     0.011     0.814     0.581
 9     0.999     0.010    -0.035
 2    97.285   -18.794    59.800
 2     0.829    -0.555     0.061
 2     0.554     0.832     0.023
 2    -0.064     0.015     0.998
 3   122.219    -1.868     9.172
 3    -0.430     0.037    -0.902
 3     0.117    -0.988    -0.097
 3    -0.895    -0.147     0.421
 4   110.110    13.924   -12.460
 4     0.559    -0.787     0.260
 4     0.820     0.479    -0.313
 4     0.121     0.388     0.914
 5   101.368    21.830    13.760
 5    -0.154    -0.058     0.986
 5     0.305    -0.952    -0.008
 5     0.940     0.299     0.164
 6   106.703    28.694    45.275
 6    -0.142    -0.741    -0.656
 6    -0.043     0.667    -0.744
 6     0.989    -0.078    -0.127
 7   115.592   -23.485   -12.084
 7     0.251     0.966     0.063
 7    -0.900     0.209     0.382
 7     0.356    -0.153     0.921
 8   107.756   -29.859    14.160
 8    -0.054     0.142     0.988
 8    -0.330    -0.937     0.116
 8     0.942    -0.320     0.097
 9   114.544   -38.198    42.021
 9    -0.057     0.625    -0.778
 9    -0.012     0.779     0.627
 9     0.998     0.045    -0.038
 2    97.285   -18.794    59.800
 2     0.829    -0.555     0.061
 2     0.554     0.832     0.023
 2    -0.064     0.015     0.998
 3   122.208    -1.973     9.133
 3    -0.427     0.041    -0.903
 3     0.114    -0.988    -0.099
 3    -0.897    -0.146     0.417
 4   110.117    13.799   -12.641
 4     0.557    -0.791     0.253
 4     0.821     0.479    -0.309
 4     0.123     0.380     0.917
 5   100.629    21.868    13.238
 5    -0.181    -0.056     0.982
 5     0.311    -0.950     0.003
 5     0.933     0.306     0.190
 6   105.015    29.036    44.888
 6    -0.171    -0.747    -0.642
 6    -0.034     0.656    -0.754
 6     0.985    -0.107    -0.137
 7   115.693   -23.537   -12.187
 7     0.245     0.967     0.062
 7    -0.901     0.204     0.382
 7     0.357    -0.150     0.922
 8   107.476   -30.030    13.821
 8    -0.078     0.144     0.986
 8    -0.339    -0.934     0.109
 8     0.937    -0.326     0.122
 9   113.191   -39.008    41.710
 9    -0.101     0.604    -0.791
 9    -0.035     0.792     0.609
 9     0.994     0.089    -0.059
 2    97.285   -18.794    59.800
 2     0.829    -0.555     0.062
 2     0.554     0.831     0.023
 2    -0.064     0.015     0.998
 3   122.196    -1.978     9.142
 3    -0.423     0.043    -0.905
 3     0.112    -0.989    -0.100
 3    -0.899    -0.143     0.414
 4   110.166    13.723   -12.813
 4     0.555    -0.794     0.249
 4     0.823     0.480    -0.304
 4     0.122     0.373     0.920
 5   100.045    21.728    12.639
 5    -0.209    -0.060     0.976
 5     0.314    -0.949     0.009
 5     0.926     0.308     0.217
 6   103.543    29.031    44.318
 6    -0.198    -0.747    -0.634
 6    -0.029     0.651    -0.758
 6     0.979    -0.132    -0.151
 7   115.882   -23.634   -12.334
 7     0.244     0.968     0.059
 7    -0.899     0.203     0.388
 7     0.363    -0.148     0.920
 8   106.785   -30.281    13.328
 8    -0.119     0.175     0.977
 8    -0.347    -0.930     0.125
 8     0.930    -0.324     0.172
 9   110.926   -39.319    41.523
 9    -0.161     0.556    -0.815
 9    -0.044     0.821     0.568
 9     0.986     0.127    -0.108
 2    97.284   -18.794    59.800
 2     0.829    -0.555     0.061
 2     0.555     0.831     0.023
 2    -0.064     0.015     0.998
 3   122.134    -1.982     9.128
 3    -0.419     0.047    -0.907
 3     0.109    -0.989    -0.101
 3    -0.901    -0.141     0.409
 4   110.185    13.670   -12.981
 4     0.552    -0.797     0.245
 4     0.825     0.479    -0.298
 4     0.119     0.367     0.922
 5    99.508    21.738    12.021
 5    -0.238    -0.071     0.969
 5     0.317    -0.948     0.008
 5     0.918     0.309     0.248
 6   101.922    29.204    43.695
 6    -0.235    -0.741    -0.629
 6    -0.023     0.651    -0.758
 6     0.972    -0.164    -0.170
 7   116.138   -23.635   -12.448
 7     0.235     0.970     0.052
 7    -0.900     0.197     0.389
 7     0.367    -0.138     0.919
 8   105.953   -30.305    12.797
 8    -0.164     0.174     0.971
 8    -0.349    -0.931     0.108
 8     0.922    -0.321     0.213
 9   108.688   -39.727    41.154
 9    -0.209     0.551    -0.808
 9    -0.055     0.818     0.572
 9     0.976     0.163    -0.141
 2    97.284   -18.794    59.800
 2     0.829    -0.555     0.061
 2     0.555     0.831     0.023
 2    -0.064     0.015     0.998
 3   122.177    -2.040     9.148
 3    -0.413     0.049    -0.909
 3     0.110    -0.989    -0.103
 3    -0.904    -0.142     0.403
 4   110.360    13.568   -13.102
 4     0.553    -0.797     0.240
 4     0.824     0.483    -0.294
 4     0.118     0.361     0.925
 5    98.874    21.722    11.479
 5    -0.268    -0.084     0.959
 5     0.317    -0.948     0.005
 5     0.910     0.305     0.281
 6   100.205    29.168    43.080
 6    -0.272    -0.731    -0.626
 6    -0.021     0.655    -0.755
 6     0.962    -0.192    -0.194
 7   116.262   -23.588   -12.522
 7     0.227     0.972     0.050
 7    -0.902     0.190     0.387
 7     0.367    -0.134     0.920
 8   105.167   -30.426    12.113
 8    -0.208     0.181     0.961
 8    -0.351    -0.931     0.099
 8     0.913    -0.317     0.257
 9   106.685   -40.130    40.568
 9    -0.249     0.548    -0.798
 9    -0.060     0.814     0.577
 9     0.967     0.192    -0.170
 2    97.284   -18.794    59.800
 2     0.829    -0.555     0.062
 2     0.555     0.831     0.023
 2    -0.064     0.015     0.998
 3   122.171    -2.046     9.120
 3    -0.406     0.055    -0.912
 3     0.110    -0.988    -0.109
 3    -0.907    -0.145     0.395
 4   110.458    13.569   -13.276
 4     0.550    -0.800     0.238
 4     0.827     0.482    -0.290
 4     0.117     0.356     0.927
 5    98.232    21.631    10.863
 5    -0.299    -0.085     0.950
 5     0.312    -0.950     0.013
 5     0.901     0.300     0.311
 6    98.446    28.915    42.549
 6    -0.307    -0.725    -0.616
 6    -0.024     0.653    -0.757
 6     0.951    -0.218    -0.218
 7   116.706   -23.464   -12.671
 7     0.223     0.974     0.046
 7    -0.903     0.189     0.385
 7     0.366    -0.127     0.922
 8   104.483   -30.319    11.393
 8    -0.254     0.183     0.950
 8    -0.359    -0.929     0.083
 8     0.898    -0.320     0.301
 9   104.371   -40.541    39.874
 9    -0.298     0.541    -0.786
 9    -0.069     0.809     0.583
 9     0.952     0.228    -0.204
 2    97.284   -18.794    59.800
 2     0.829    -0.555     0.062
 2     0.555     0.831     0.023
 2    -0.064     0.015     0.998
 3   122.205    -2.005     9.197
 3    -0.397     0.061    -0.916
 3     0.108    -0.988    -0.113
 3    -0.911    -0.144     0.386
 4   110.815    13.676   -13.432
 4     0.541    -0.810     0.228
 4     0.832     0.476    -0.283
 4     0.120     0.343     0.932
 5    97.935    21.739    10.352
 5    -0.329    -0.095     0.939
 5     0.313    -0.949     0.014
 5     0.890     0.299     0.342
 6    97.079    29.128    41.828
 6    -0.342    -0.713    -0.611
 6    -0.018     0.656    -0.755
 6     0.939    -0.248    -0.237
 7   116.875   -23.420   -12.691
 7     0.212     0.976     0.038
 7    -0.906     0.182     0.382
 7     0.365    -0.116     0.923
 8   103.722   -30.485    10.834
 8    -0.298     0.179     0.937
 8    -0.368    -0.928     0.060
 8     0.880    -0.327     0.342
 9   102.411   -41.111    39.027
 9    -0.340     0.534    -0.774
 9    -0.083     0.803     0.590
 9     0.937     0.265    -0.228
 2    97.285   -18.794    59.800
 2     0.829    -0.555     0.061
 2     0.554     0.831     0.023
 2    -0.064     0.015     0.998
 3   122.224    -2.009     9.236
 3    -0.393     0.063    -0.917
 3     0.108    -0.988    -0.114
 3    -0.913    -0.144     0.381
 4   110.893    13.728   -13.510
 4     0.540    -0.811     0.225
 4     0.833     0.476    -0.282
 4     0.121     0.340     0.932
 5    97.618    21.946     9.925
 5    -0.349    -0.109     0.931
 5     0.327    -0.945     0.012
 5     0.878     0.309     0.365
 6    94.134    31.423    40.458
 6    -0.370    -0.702    -0.609
 6     0.000     0.655    -0.755
 6     0.929    -0.280    -0.242
 7   117.000   -23.422   -12.791
 7     0.207     0.977     0.038
 7    -0.908     0.178     0.380
 7     0.365    -0.114     0.924
 8   103.069   -30.531    10.311
 8    -0.332     0.173     0.927
 8    -0.374    -0.927     0.039
 8     0.866    -0.334     0.372
 9   100.786   -41.473    38.336
 9    -0.367     0.533    -0.762
 9    -0.088     0.795     0.599
 9     0.926     0.287    -0.245
 2    97.284   -18.794    59.800
 2     0.829    -0.555     0.062
 2     0.555     0.831     0.023
 2    -0.064     0.015     0.998
 3   122.190    -2.014     9.250
 3    -0.388     0.068    -0.919
 3     0.106    -0.987    -0.119
 3    -0.915    -0.144     0.376
 4   110.943    13.728   -13.509
 4     0.540    -0.811     0.224
 4     0.833     0.477    -0.281
 4     0.121     0.338     0.933
 5    97.209    22.056     9.511
 5    -0.367    -0.114     0.923
 5     0.338    -0.941     0.018
 5     0.867     0.319     0.383
 6    92.958    31.890    39.648
 6    -0.392    -0.696    -0.601
 6     0.012     0.649    -0.760
 6     0.920    -0.306    -0.246
 7   117.003   -23.423   -12.741
 7     0.204     0.978     0.041
 7    -0.908     0.174     0.382
 7     0.366    -0.115     0.923
 8   102.437   -30.464    10.015
 8    -0.357     0.166     0.919
 8    -0.375    -0.927     0.022
 8     0.855    -0.337     0.392
 9    99.317   -41.635    37.965
 9    -0.392     0.533    -0.750
 9    -0.087     0.790     0.607
 9     0.916     0.303    -0.263
 2    97.284   -18.794    59.800
 2     0.829    -0.555     0.062
 2     0.555     0.831     0.023
 2    -0.064     0.015     0.998
 3   122.131    -2.120     9.238
 3    -0.385     0.072    -0.920
 3     0.105    -0.987    -0.121
 3    -0.917    -0.143     0.372
 4   110.885    13.548   -13.675
 4     0.538    -0.813     0.223
 4     0.834     0.477    -0.276
 4     0.117     0.335     0.935
 5    96.751    21.990     8.942
 5    -0.384    -0.116     0.916
 5     0.345    -0.938     0.026
 5     0.856     0.327     0.400
 6    91.924    32.102    38.932
 6    -0.415    -0.687    -0.597
 6     0.020     0.649    -0.761
 6     0.909    -0.328    -0.255
 7   116.937   -23.549   -12.697
 7     0.198     0.979     0.045
 7    -0.908     0.166     0.385
 7     0.369    -0.117     0.922
 8   101.938   -30.492     9.749
 8    -0.378     0.167     0.910
 8    -0.377    -0.926     0.014
 8     0.846    -0.338     0.413
 9    98.102   -41.713    37.506
 9    -0.414     0.522    -0.745
 9    -0.089     0.791     0.604
 9     0.906     0.317    -0.281
 2    97.284   -18.794    59.800
 2     0.829    -0.555     0.062
 2     0.555     0.831     0.023
 2    -0.064     0.015     0.998
 3   122.119    -2.150     9.199
 3    -0.380     0.074    -0.922
 3     0.103    -0.987    -0.122
 3    -0.919    -0.141     0.368
 4   110.931    13.496   -13.770
 4     0.536    -0.814     0.222
 4     0.836     0.476    -0.272
 4     0.115     0.331     0.936
 5    96.380    22.122     8.365
 5    -0.406    -0.123     0.906
 5     0.355    -0.934     0.032
 5     0.842     0.335     0.422
 6    90.808    32.616    38.096
 6    -0.443    -0.673    -0.592
 6     0.031     0.649    -0.760
 6     0.896    -0.355    -0.267
 7   116.893   -23.500   -12.676
 7     0.192     0.980     0.047
 7    -0.908     0.160     0.387
 7     0.371    -0.117     0.921
 8   101.595   -30.564     9.453
 8    -0.392     0.169     0.904
 8    -0.380    -0.925     0.008
 8     0.837    -0.341     0.427
 9    97.225   -41.985    37.137
 9    -0.432     0.515    -0.740
 9    -0.094     0.791     0.605
 9     0.897     0.331    -0.293
 2    97.284   -18.794    59.800
 2     0.829    -0.555     0.061
 2     0.555     0.831     0.023
 2    -0.064     0.015     0.998
 3   122.101    -2.157     9.167
 3    -0.375     0.076    -0.924
 3     0.100    -0.987    -0.122
 3    -0.922    -0.138     0.362
 4   110.974    13.393   -13.887
 4     0.534    -0.816     0.221
 4     0.838     0.476    -0.267
 4     0.112     0.327     0.938
 5    96.039    22.229     7.783
 5    -0.425    -0.131     0.896
 5     0.365    -0.930     0.038
 5     0.828     0.343     0.443
 6    89.693    33.054    37.056
 6    -0.469    -0.657    -0.590
 6     0.044     0.649    -0.759
 6     0.882    -0.382    -0.276
 7   116.946   -23.551   -12.677
 7     0.188     0.981     0.048
 7    -0.909     0.156     0.387
 7     0.372    -0.117     0.920
 8   101.439   -30.627     9.262
 8    -0.402     0.177     0.898
 8    -0.384    -0.923     0.010
 8     0.831    -0.341     0.439
 9    96.696   -42.177    36.860
 9    -0.449     0.495    -0.744
 9    -0.100     0.799     0.592
 9     0.888     0.341    -0.309
 2    97.284   -18.794    59.800
 2     0.829    -0.555     0.061
 2     0.555     0.831     0.023
 2    -0.064     0.015     0.998
 3   122.146    -2.134     9.173
 3    -0.371     0.077    -0.925
 3     0.099    -0.987    -0.122
 3    -0.923    -0.137     0.359
 4   111.019    13.392   -13.982
 4     0.531    -0.818     0.221
 4     0.840     0.475    -0.263
 4     0.110     0.325     0.939
 5    95.722    22.267     7.477
 5    -0.439    -0.135     0.888
 5     0.370    -0.928     0.042
 5     0.819     0.347     0.457
 6    88.976    33.347    36.574
 6    -0.485    -0.648    -0.587
 6     0.049     0.650    -0.758
 6     0.873    -0.397    -0.284
 7   116.948   -23.500   -12.680
 7     0.187     0.981     0.047
 7    -0.908     0.155     0.388
 7     0.373    -0.116     0.920
 8   101.319   -30.588     9.154
 8    -0.409     0.185     0.893
 8    -0.383    -0.923     0.016
 8     0.828    -0.336     0.449
 9    96.015   -42.171    36.615
 9    -0.467     0.480    -0.742
 9    -0.105     0.804     0.585
 9     0.878     0.351    -0.325
 2    97.284   -18.794    59.800
 2     0.829    -0.555     0.061
 2     0.555     0.831     0.023
 2    -0.064     0.015     0.998
 3   122.086    -2.165     9.187
 3    -0.368     0.078    -0.927
 3     0.098    -0.988    -0.122
 3    -0.925    -0.136     0.355
 4   111.039    13.391   -14.053
 4     0.530    -0.818     0.221
 4     0.841     0.474    -0.261
 4     0.108     0.324     0.940
 5    95.678    22.211     7.348
 5    -0.445    -0.136     0.885
 5     0.370    -0.928     0.044
 5     0.815     0.347     0.463
 6    88.538    33.235    36.324
 6    -0.501    -0.635    -0.588
 6     0.051     0.656    -0.753
 6     0.864    -0.407    -0.297
 7   116.953   -23.500   -12.686
 7     0.185     0.981     0.047
 7    -0.908     0.152     0.389
 7     0.375    -0.115     0.920
 8   101.170   -30.553     9.107
 8    -0.419     0.188     0.888
 8    -0.380    -0.925     0.017
 8     0.824    -0.330     0.459
 9    95.370   -42.270    36.336
 9    -0.490     0.460    -0.741
 9    -0.111     0.809     0.576
 9     0.865     0.364    -0.345
 2    97.285   -18.794    59.800
 2     0.829    -0.555     0.061
 2     0.554     0.832     0.023
 2    -0.064     0.015     0.998
 3   122.135    -2.164     9.186
 3    -0.367     0.078    -0.927
 3     0.097    -0.988    -0.121
 3    -0.925    -0.135     0.354
 4   111.040    13.366   -14.052
 4     0.530    -0.819     0.221
 4     0.841     0.474    -0.260
 4     0.108     0.323     0.940
 5    95.512    22.158     7.293
 5    -0.454    -0.134     0.881
 5     0.367    -0.929     0.048
 5     0.812     0.345     0.470
 6    87.973    33.150    36.149
 6    -0.516    -0.624    -0.587
 6     0.050     0.662    -0.748
 6     0.855    -0.415    -0.310
 7   116.903   -23.501   -12.634
 7     0.183     0.982     0.047
 7    -0.909     0.150     0.389
 7     0.375    -0.115     0.920
 8   101.061   -30.608     9.069
 8    -0.423     0.188     0.886
