2 	  32.64	  -6.87	  22.97
	 -0.053	  0.996	 -0.068
	 -0.998	 -0.054	 -0.012
	 -0.016	  0.067	  0.997

3 	  43.91	  -0.97	   3.34
	  0.527	  0.317	  0.788
	 -0.515	  0.857	 -0.000
	 -0.676	 -0.406	  0.615

4 	  37.00	   4.18	  -2.21
	  0.569	  0.769	 -0.291
	 -0.703	  0.638	  0.314
	  0.427	  0.026	  0.904

5 	  37.41	   7.47	  10.28
	  0.480	  0.126	  0.868
	 -0.228	 -0.938	  0.262
	  0.847	 -0.324	 -0.422

6 	  43.26	  10.48	  17.70
	  0.501	  0.067	  0.863
	 -0.832	  0.312	  0.458
	 -0.239	 -0.948	  0.212

7 	  38.36	  -7.54	  -1.92
	  0.611	 -0.775	  0.160
	  0.788	  0.580	 -0.205
	  0.065	  0.251	  0.966

8 	  37.63	  -9.23	   9.79
	  0.399	 -0.253	  0.881
	 -0.235	 -0.957	 -0.168
	  0.886	 -0.140	 -0.442

9 	  44.21	 -12.76	  17.54
	  0.360	 -0.098	  0.928
	  0.728	  0.651	 -0.214
	 -0.584	  0.752	  0.305

2 	  32.64	  -6.87	  22.97
	 -0.053	  0.996	 -0.068
	 -0.998	 -0.054	 -0.012
	 -0.016	  0.067	  0.997

3 	  43.91	  -0.97	   3.34
	  0.527	  0.316	  0.789
	 -0.515	  0.857	  0.001
	 -0.676	 -0.407	  0.614

4 	  37.02	   4.20	  -2.20
	  0.569	  0.770	 -0.289
	 -0.704	  0.638	  0.313
	  0.425	  0.025	  0.905

5 	  37.41	   7.47	  10.32
	  0.478	  0.114	  0.871
	 -0.241	 -0.936	  0.255
	  0.844	 -0.332	 -0.420

6 	  43.33	  10.41	  17.79
	  0.485	  0.045	  0.873
	 -0.824	  0.358	  0.439
	 -0.293	 -0.932	  0.210

7 	  38.41	  -7.54	  -1.92
	  0.617	 -0.770	  0.163
	  0.785	  0.587	 -0.198
	  0.057	  0.250	  0.966

8 	  37.72	  -9.21	   9.83
	  0.409	 -0.229	  0.883
	 -0.191	 -0.968	 -0.163
	  0.892	 -0.102	 -0.440

9 	  44.47	 -12.34	  17.58
	  0.371	 -0.071	  0.926
	  0.686	  0.692	 -0.222
	 -0.625	  0.718	  0.306

2 	  32.64	  -6.87	  22.97
	 -0.053	  0.996	 -0.068
	 -0.998	 -0.054	 -0.012
	 -0.016	  0.067	  0.997

3 	  43.91	  -0.97	   3.38
	  0.525	  0.316	  0.790
	 -0.517	  0.856	  0.000
	 -0.676	 -0.409	  0.613

4 	  37.00	   4.20	  -2.20
	  0.570	  0.770	 -0.288
	 -0.705	  0.638	  0.310
	  0.422	  0.026	  0.906

5 	  37.42	   7.47	  10.34
	  0.478	  0.111	  0.871
	 -0.245	 -0.936	  0.254
	  0.843	 -0.334	 -0.421

6 	  43.38	  10.28	  17.77
	  0.483	  0.035	  0.874
	 -0.818	  0.375	  0.437
	 -0.312	 -0.926	  0.210

7 	  38.41	  -7.52	  -1.92
	  0.619	 -0.768	  0.163
	  0.783	  0.589	 -0.197
	  0.055	  0.250	  0.966

8 	  37.74	  -9.23	   9.83
	  0.411	 -0.225	  0.883
	 -0.172	 -0.971	 -0.167
	  0.895	 -0.083	 -0.438

9 	  44.51	 -12.30	  17.54
	  0.367	 -0.070	  0.927
	  0.667	  0.714	 -0.211
	 -0.648	  0.696	  0.309

2 	  32.64	  -6.87	  22.97
	 -0.053	  0.996	 -0.068
	 -0.998	 -0.054	 -0.012
	 -0.016	  0.067	  0.997

3 	  43.89	  -0.97	   3.39
	  0.524	  0.316	  0.790
	 -0.518	  0.855	  0.001
	 -0.676	 -0.410	  0.612

4 	  37.00	   4.18	  -2.20
	  0.569	  0.770	 -0.288
	 -0.706	  0.637	  0.309
	  0.421	  0.027	  0.906

5 	  37.42	   7.47	  10.34
	  0.478	  0.111	  0.871
	 -0.245	 -0.936	  0.254
	  0.843	 -0.335	 -0.421

6 	  43.42	  10.25	  17.79
	  0.482	  0.031	  0.875
	 -0.815	  0.381	  0.435
	 -0.320	 -0.924	  0.209

7 	  38.39	  -7.54	  -1.92
	  0.619	 -0.768	  0.163
	  0.783	  0.589	 -0.198
	  0.056	  0.250	  0.966

8 	  37.72	  -9.25	   9.81
	  0.408	 -0.225	  0.884
	 -0.175	 -0.970	 -0.166
	  0.896	 -0.087	 -0.436

9 	  44.49	 -12.29	  17.58
	  0.364	 -0.069	  0.929
	  0.668	  0.714	 -0.208
	 -0.650	  0.696	  0.306

2 	  32.64	  -6.87	  22.97
	 -0.053	  0.996	 -0.068
	 -0.998	 -0.054	 -0.012
	 -0.016	  0.067	  0.997

3 	  43.89	  -0.95	   3.39
	  0.524	  0.317	  0.791
	 -0.519	  0.855	  0.001
	 -0.676	 -0.411	  0.612

4 	  37.00	   4.18	  -2.20
	  0.569	  0.769	 -0.288
	 -0.706	  0.638	  0.307
	  0.420	  0.028	  0.907

5 	  37.42	   7.45	  10.35
	  0.479	  0.108	  0.871
	 -0.249	 -0.935	  0.253
	  0.842	 -0.338	 -0.421

6 	  43.44	  10.20	  17.77
	  0.480	  0.027	  0.876
	 -0.813	  0.388	  0.433
	 -0.329	 -0.921	  0.208

7 	  38.41	  -7.54	  -1.92
	  0.619	 -0.768	  0.163
	  0.783	  0.589	 -0.198
	  0.055	  0.250	  0.966

8 	  37.72	  -9.25	   9.83
	  0.406	 -0.225	  0.885
	 -0.175	 -0.970	 -0.166
	  0.897	 -0.088	 -0.434

9 	  44.46	 -12.29	  17.60
	  0.361	 -0.069	  0.930
	  0.669	  0.714	 -0.208
	 -0.650	  0.697	  0.304

2 	  32.64	  -6.87	  22.97
	 -0.053	  0.996	 -0.068
	 -0.998	 -0.054	 -0.012
	 -0.016	  0.067	  0.997

3 	  43.88	  -0.97	   3.39
	  0.522	  0.316	  0.792
	 -0.519	  0.855	  0.000
	 -0.677	 -0.411	  0.610

4 	  37.02	   4.17	  -2.20
	  0.569	  0.769	 -0.289
	 -0.707	  0.638	  0.306
	  0.420	  0.030	  0.907

5 	  37.42	   7.45	  10.34
	  0.479	  0.108	  0.871
	 -0.250	 -0.935	  0.253
	  0.841	 -0.339	 -0.421

6 	  43.44	  10.20	  17.79
	  0.479	  0.025	  0.877
	 -0.813	  0.391	  0.432
	 -0.332	 -0.920	  0.208

7 	  38.41	  -7.54	  -1.92
	  0.619	 -0.768	  0.163
	  0.783	  0.589	 -0.197
	  0.055	  0.250	  0.966

8 	  37.71	  -9.23	   9.81
	  0.406	 -0.225	  0.885
	 -0.175	 -0.971	 -0.166
	  0.897	 -0.087	 -0.434

9 	  44.46	 -12.27	  17.60
	  0.362	 -0.068	  0.930
	  0.668	  0.714	 -0.208
	 -0.650	  0.697	  0.303

2 	  32.62	  -6.87	  22.99
	 -0.054	  0.996	 -0.068
	 -0.998	 -0.055	 -0.012
	 -0.016	  0.067	  0.997

3 	  43.86	  -0.97	   3.41
	  0.518	  0.316	  0.794
	 -0.519	  0.854	 -0.002
	 -0.680	 -0.412	  0.607

4 	  37.02	   4.18	  -2.18
	  0.570	  0.769	 -0.289
	 -0.707	  0.638	  0.305
	  0.418	  0.030	  0.907

5 	  37.42	   7.45	  10.35
	  0.478	  0.108	  0.871
	 -0.250	 -0.934	  0.253
	  0.841	 -0.339	 -0.420

6 	  43.42	  10.18	  17.81
	  0.477	  0.025	  0.878
	 -0.813	  0.392	  0.430
	 -0.334	 -0.919	  0.207

7 	  38.41	  -7.54	  -1.92
	  0.619	 -0.768	  0.164
	  0.783	  0.589	 -0.197
	  0.054	  0.250	  0.967

8 	  37.71	  -9.25	   9.83
	  0.406	 -0.224	  0.886
	 -0.174	 -0.971	 -0.166
	  0.897	 -0.087	 -0.433

9 	  44.46	 -12.25	  17.61
	  0.361	 -0.068	  0.930
	  0.669	  0.714	 -0.208
	 -0.650	  0.697	  0.303

2 	  32.64	  -6.87	  22.97
	 -0.053	  0.996	 -0.068
	 -0.998	 -0.054	 -0.012
	 -0.016	  0.067	  0.997

3 	  43.88	  -0.98	   3.43
	  0.516	  0.316	  0.796
	 -0.519	  0.855	 -0.003
	 -0.682	 -0.411	  0.605

4 	  37.02	   4.17	  -2.20
	  0.570	  0.769	 -0.289
	 -0.707	  0.638	  0.304
	  0.418	  0.031	  0.907

5 	  37.42	   7.45	  10.34
	  0.479	  0.107	  0.871
	 -0.251	 -0.934	  0.253
	  0.841	 -0.340	 -0.421

6 	  43.42	  10.18	  17.79
	  0.477	  0.025	  0.878
	 -0.813	  0.392	  0.430
	 -0.334	 -0.919	  0.207

7 	  38.41	  -7.56	  -1.90
	  0.618	 -0.769	  0.164
	  0.784	  0.589	 -0.195
	  0.053	  0.250	  0.967

8 	  37.71	  -9.23	   9.83
	  0.405	 -0.224	  0.886
	 -0.174	 -0.971	 -0.166
	  0.897	 -0.087	 -0.433

9 	  44.44	 -12.30	  17.61
	  0.361	 -0.068	  0.930
	  0.671	  0.712	 -0.208
	 -0.648	  0.699	  0.302

2 	  32.64	  -6.87	  22.97
	 -0.053	  0.996	 -0.068
	 -0.998	 -0.054	 -0.012
	 -0.016	  0.067	  0.997

3 	  43.86	  -0.97	   3.46
	  0.512	  0.316	  0.798
	 -0.519	  0.855	 -0.006
	 -0.685	 -0.411	  0.602

4 	  37.00	   4.17	  -2.20
	  0.571	  0.768	 -0.289
	 -0.707	  0.639	  0.303
	  0.418	  0.031	  0.908

5 	  37.44	   7.47	  10.35
	  0.479	  0.108	  0.871
	 -0.252	 -0.934	  0.254
	  0.841	 -0.341	 -0.420

6 	  43.42	  10.18	  17.81
	  0.477	  0.025	  0.878
	 -0.813	  0.391	  0.430
	 -0.333	 -0.920	  0.207

7 	  38.41	  -7.56	  -1.90
	  0.618	 -0.769	  0.165
	  0.784	  0.589	 -0.194
	  0.052	  0.249	  0.967

8 	  37.71	  -9.25	   9.83
	  0.405	 -0.224	  0.886
	 -0.174	 -0.971	 -0.166
	  0.897	 -0.087	 -0.432

9 	  44.42	 -12.29	  17.61
	  0.360	 -0.068	  0.930
	  0.675	  0.707	 -0.210
	 -0.644	  0.703	  0.301

2 	  32.64	  -6.87	  22.97
	 -0.053	  0.996	 -0.068
	 -0.998	 -0.054	 -0.012
	 -0.016	  0.067	  0.997

3 	  43.88	  -0.98	   3.46
	  0.509	  0.315	  0.801
	 -0.518	  0.855	 -0.008
	 -0.688	 -0.411	  0.598

4 	  37.04	   4.17	  -2.18
	  0.573	  0.767	 -0.289
	 -0.705	  0.641	  0.303
	  0.418	  0.029	  0.908

5 	  37.42	   7.44	  10.32
	  0.489	  0.116	  0.864
	 -0.246	 -0.933	  0.264
	  0.837	 -0.341	 -0.428

6 	  43.40	  10.23	  17.77
	  0.476	  0.030	  0.878
	 -0.817	  0.385	  0.430
	 -0.325	 -0.922	  0.207

7 	  38.41	  -7.54	  -1.90
	  0.618	 -0.769	  0.165
	  0.785	  0.589	 -0.193
	  0.051	  0.248	  0.967

8 	  37.71	  -9.21	   9.83
	  0.407	 -0.235	  0.882
	 -0.186	 -0.967	 -0.172
	  0.894	 -0.094	 -0.438

9 	  44.35	 -12.53	  17.56
	  0.362	 -0.082	  0.928
	  0.707	  0.673	 -0.216
	 -0.608	  0.734	  0.301

2 	  32.64	  -6.87	  22.97
	 -0.054	  0.996	 -0.068
	 -0.998	 -0.055	 -0.012
	 -0.016	  0.067	  0.997

3 	  43.89	  -0.95	   3.46
	  0.505	  0.315	  0.803
	 -0.520	  0.854	 -0.009
	 -0.689	 -0.414	  0.595

4 	  37.05	   4.18	  -2.20
	  0.571	  0.767	 -0.292
	 -0.705	  0.640	  0.304
	  0.420	  0.032	  0.906

5 	  37.44	   7.54	  10.23
	  0.505	  0.140	  0.851
	 -0.226	 -0.931	  0.287
	  0.832	 -0.338	 -0.439

6 	  43.38	  10.42	  17.67
	  0.479	  0.041	  0.877
	 -0.822	  0.371	  0.431
	 -0.307	 -0.928	  0.211

7 	  38.44	  -7.51	  -1.92
	  0.621	 -0.766	  0.161
	  0.781	  0.593	 -0.194
	  0.053	  0.247	  0.967

8 	  37.81	  -9.25	   9.77
	  0.421	 -0.276	  0.864
	 -0.225	 -0.954	 -0.195
	  0.878	 -0.113	 -0.464

9 	  44.30	 -13.18	  17.28
	  0.368	 -0.123	  0.922
	  0.754	  0.619	 -0.218
	 -0.544	  0.776	  0.321

2 	  32.62	  -6.89	  22.97
	 -0.053	  0.996	 -0.068
	 -0.998	 -0.054	 -0.012
	 -0.016	  0.067	  0.997

3 	  43.91	  -0.90	   3.39
	  0.501	  0.319	  0.804
	 -0.528	  0.849	 -0.009
	 -0.686	 -0.420	  0.594

4 	  36.95	   4.11	  -2.34
	  0.554	  0.768	 -0.320
	 -0.711	  0.637	  0.297
	  0.433	  0.062	  0.899

5 	  37.55	   7.98	   9.84
	  0.527	  0.203	  0.825
	 -0.196	 -0.916	  0.350
	  0.827	 -0.346	 -0.443

6 	  43.56	  11.46	  16.95
	  0.507	  0.100	  0.856
	 -0.826	  0.339	  0.450
	 -0.245	 -0.935	  0.255

7 	  38.50	  -7.42	  -1.97
	  0.629	 -0.762	  0.151
	  0.775	  0.600	 -0.197
	  0.059	  0.241	  0.969

8 	  38.09	  -9.53	   9.63
	  0.439	 -0.368	  0.819
	 -0.310	 -0.918	 -0.247
	  0.843	 -0.146	 -0.517

9 	  44.46	 -14.55	  16.42
	  0.394	 -0.216	  0.893
	  0.802	  0.554	 -0.220
	 -0.448	  0.803	  0.392

2 	  32.64	  -6.87	  22.97
	 -0.053	  0.996	 -0.068
	 -0.998	 -0.054	 -0.012
	 -0.016	  0.067	  0.997

3 	  43.93	  -0.70	   3.30
	  0.492	  0.332	  0.804
	 -0.547	  0.837	 -0.011
	 -0.677	 -0.435	  0.594

4 	  36.79	   3.99	  -2.53
	  0.528	  0.769	 -0.360
	 -0.724	  0.629	  0.283
	  0.444	  0.111	  0.889

5 	  37.60	   8.72	   9.26
	  0.549	  0.292	  0.783
	 -0.153	 -0.886	  0.438
	  0.822	 -0.360	 -0.442

6 	  43.79	  13.01	  15.64
	  0.563	  0.198	  0.802
	 -0.818	  0.272	  0.507
	 -0.118	 -0.942	  0.315

7 	  38.55	  -7.22	  -2.07
	  0.642	 -0.755	  0.131
	  0.763	  0.614	 -0.203
	  0.073	  0.230	  0.970

8 	  38.44	 -10.02	   9.37
	  0.452	 -0.486	  0.748
	 -0.423	 -0.855	 -0.300
	  0.785	 -0.181	 -0.592

9 	  44.56	 -16.10	  15.19
	  0.425	 -0.329	  0.843
	  0.843	  0.481	 -0.238
	 -0.328	  0.812	  0.482

2 	  32.64	  -6.87	  22.97
	 -0.053	  0.996	 -0.068
	 -0.998	 -0.054	 -0.012
	 -0.016	  0.067	  0.997

3 	  43.91	  -0.54	   3.13
	  0.486	  0.344	  0.803
	 -0.566	  0.824	 -0.011
	 -0.667	 -0.449	  0.595

4 	  36.60	   3.87	  -2.76
	  0.495	  0.770	 -0.401
	 -0.738	  0.617	  0.274
	  0.458	  0.160	  0.874

5 	  37.60	   9.35	   8.65
	  0.561	  0.373	  0.739
	 -0.097	 -0.857	  0.506
	  0.822	 -0.356	 -0.444

6 	  43.82	  14.52	  14.40
	  0.614	  0.301	  0.729
	 -0.786	  0.151	  0.600
	  0.070	 -0.942	  0.329

7 	  38.58	  -7.07	  -2.18
	  0.652	 -0.750	  0.107
	  0.752	  0.625	 -0.210
	  0.090	  0.217	  0.972

8 	  38.99	 -10.51	   9.04
	  0.453	 -0.617	  0.643
	 -0.554	 -0.760	 -0.338
	  0.698	 -0.203	 -0.687

9 	  44.44	 -18.18	  13.31
	  0.456	 -0.478	  0.751
	  0.887	  0.306	 -0.344
	 -0.066	  0.823	  0.563

2 	  32.64	  -6.87	  22.97
	 -0.053	  0.996	 -0.068
	 -0.998	 -0.054	 -0.012
	 -0.016	  0.067	  0.997

3 	  43.91	  -0.39	   3.04
	  0.481	  0.355	  0.802
	 -0.576	  0.817	 -0.017
	 -0.661	 -0.454	  0.597

4 	  36.40	   3.78	  -2.94
	  0.462	  0.771	 -0.437
	 -0.752	  0.602	  0.269
	  0.471	  0.204	  0.858

5 	  37.49	   9.81	   8.19
	  0.565	  0.435	  0.701
	 -0.046	 -0.832	  0.552
	  0.824	 -0.344	 -0.450

6 	  43.66	  15.31	  13.64
	  0.635	  0.365	  0.680
	 -0.748	  0.075	  0.658
	  0.189	 -0.928	  0.321

7 	  38.51	  -6.87	  -2.36
	  0.657	 -0.752	  0.051
	  0.743	  0.635	 -0.212
	  0.127	  0.177	  0.976

8 	  39.43	 -11.62	   8.07
	  0.445	 -0.765	  0.466
	 -0.679	 -0.628	 -0.381
	  0.584	 -0.147	 -0.798

9 	  44.10	 -20.57	  10.35
	  0.468	 -0.646	  0.603
	  0.866	  0.201	 -0.457
	  0.173	  0.736	  0.654

2 	  32.64	  -6.87	  22.97
	 -0.053	  0.996	 -0.068
	 -0.998	 -0.054	 -0.012
	 -0.016	  0.067	  0.997

3 	  43.84	  -0.21	   2.90
	  0.478	  0.362	  0.800
	 -0.581	  0.814	 -0.021
	 -0.659	 -0.455	  0.599

4 	  36.26	   3.67	  -3.08
	  0.434	  0.774	 -0.462
	 -0.763	  0.588	  0.269
	  0.480	  0.235	  0.845

5 	  37.41	  10.07	   7.82
	  0.567	  0.476	  0.672
	 -0.008	 -0.813	  0.582
	  0.823	 -0.336	 -0.457

6 	  43.49	  15.94	  12.90
	  0.649	  0.417	  0.636
	 -0.703	  0.011	  0.710
	  0.289	 -0.909	  0.300

7 	  38.41	  -6.66	  -2.57
	  0.653	 -0.756	 -0.035
	  0.736	  0.645	 -0.205
	  0.177	  0.108	  0.978

8 	  39.78	 -12.94	   6.52
	  0.417	 -0.875	  0.247
	 -0.775	 -0.484	 -0.407
	  0.475	 -0.021	 -0.880

9 	  43.68	 -22.54	   6.29
	  0.465	 -0.796	  0.388
	  0.800	  0.190	 -0.570
	  0.379	  0.575	  0.725

2 	  32.64	  -6.87	  22.97
	 -0.054	  0.996	 -0.068
	 -0.998	 -0.055	 -0.012
	 -0.016	  0.067	  0.997

3 	  43.80	  -0.12	   2.78
	  0.478	  0.361	  0.801
	 -0.579	  0.814	 -0.021
	 -0.660	 -0.454	  0.598

4 	  36.11	   3.60	  -3.16
	  0.411	  0.774	 -0.481
	 -0.769	  0.578	  0.272
	  0.489	  0.257	  0.833

5 	  37.34	  10.25	   7.58
	  0.567	  0.502	  0.653
	  0.013	 -0.799	  0.601
	  0.823	 -0.332	 -0.459

6 	  43.40	  16.33	  12.43
	  0.657	  0.450	  0.604
	 -0.665	 -0.032	  0.746
	  0.355	 -0.892	  0.278

7 	  38.20	  -6.40	  -2.78
	  0.645	 -0.755	 -0.119
	  0.728	  0.654	 -0.205
	  0.233	  0.046	  0.971

8 	  39.88	 -13.87	   4.71
	  0.377	 -0.924	  0.062
	 -0.850	 -0.372	 -0.374
	  0.368	  0.088	 -0.926

9 	  43.00	 -23.57	   2.29
	  0.435	 -0.884	  0.169
	  0.719	  0.229	 -0.656
	  0.542	  0.407	  0.735

2 	  32.64	  -6.87	  22.97
	 -0.054	  0.996	 -0.068
	 -0.998	 -0.055	 -0.012
	 -0.016	  0.067	  0.997

3 	  43.75	  -0.07	   2.57
	  0.485	  0.354	  0.799
	 -0.574	  0.819	 -0.015
	 -0.660	 -0.452	  0.600

4 	  35.96	   3.55	  -3.25
	  0.396	  0.771	 -0.500
	 -0.770	  0.575	  0.278
	  0.501	  0.274	  0.821

5 	  37.37	  10.44	   7.26
	  0.577	  0.523	  0.627
	  0.032	 -0.782	  0.622
	  0.816	 -0.339	 -0.468

6 	  43.54	  16.73	  11.81
	  0.674	  0.477	  0.563
	 -0.612	 -0.066	  0.788
	  0.413	 -0.876	  0.248

7 	  38.04	  -6.24	  -3.01
	  0.638	 -0.749	 -0.178
	  0.719	  0.662	 -0.212
	  0.276	  0.007	  0.961

8 	  40.03	 -14.22	   3.38
	  0.359	 -0.931	 -0.064
	 -0.884	 -0.317	 -0.344
	  0.299	  0.180	 -0.937

9 	  42.68	 -23.73	  -0.19
	  0.417	 -0.908	  0.031
	  0.647	  0.273	 -0.711
	  0.637	  0.317	  0.702

2 	  32.64	  -6.87	  22.97
	 -0.054	  0.996	 -0.068
	 -0.998	 -0.055	 -0.012
	 -0.016	  0.067	  0.997

3 	  43.75	   0.00	   2.44
	  0.490	  0.352	  0.797
	 -0.574	  0.818	 -0.009
	 -0.656	 -0.454	  0.604

4 	  35.81	   3.52	  -3.32
	  0.376	  0.765	 -0.522
	 -0.770	  0.572	  0.284
	  0.516	  0.294	  0.804

5 	  37.46	  10.65	   7.00
	  0.590	  0.542	  0.598
	  0.057	 -0.767	  0.639
	  0.805	 -0.344	 -0.484

6 	  43.61	  16.98	  11.46
	  0.684	  0.494	  0.537
	 -0.579	 -0.080	  0.811
	  0.444	 -0.866	  0.231

7 	  37.92	  -6.06	  -3.11
	  0.635	 -0.742	 -0.214
	  0.709	  0.670	 -0.217
	  0.304	 -0.014	  0.952

8 	  40.18	 -14.31	   2.48
	  0.354	 -0.923	 -0.152
	 -0.905	 -0.298	 -0.305
	  0.236	  0.245	 -0.940

9 	  42.63	 -23.57	  -1.90
	  0.413	 -0.909	 -0.062
	  0.569	  0.311	 -0.761
	  0.710	  0.279	  0.646

2 	  32.64	  -6.87	  22.97
	 -0.053	  0.996	 -0.068
	 -0.998	 -0.054	 -0.012
	 -0.016	  0.067	  0.997

3 	  43.70	   0.07	   2.30
	  0.499	  0.350	  0.792
	 -0.575	  0.818	  0.001
	 -0.648	 -0.457	  0.609

4 	  35.74	   3.50	  -3.38
	  0.367	  0.761	 -0.535
	 -0.766	  0.573	  0.290
	  0.527	  0.303	  0.794

5 	  37.49	  10.72	   6.84
	  0.599	  0.551	  0.580
	  0.071	 -0.759	  0.647
	  0.797	 -0.347	 -0.494

6 	  43.82	  17.09	  10.95
	  0.705	  0.513	  0.490
	 -0.496	 -0.137	  0.857
	  0.506	 -0.848	  0.158

7 	  37.74	  -5.98	  -3.20
	  0.628	 -0.736	 -0.252
	  0.703	  0.675	 -0.222
	  0.334	 -0.038	  0.942

8 	  40.50	 -14.29	   1.93
	  0.354	 -0.908	 -0.225
	 -0.923	 -0.302	 -0.237
	  0.148	  0.291	 -0.945

9 	  42.57	 -23.48	  -2.46
	  0.427	 -0.882	 -0.199
	  0.013	  0.226	 -0.974
	  0.904	  0.413	  0.108

2 	  32.64	  -6.87	  22.97
	 -0.053	  0.996	 -0.068
	 -0.998	 -0.055	 -0.012
	 -0.016	  0.067	  0.997

3 	  43.66	   0.11	   2.21
	  0.507	  0.346	  0.789
	 -0.575	  0.818	  0.011
	 -0.642	 -0.459	  0.614

4 	  35.58	   3.46	  -3.36
	  0.355	  0.761	 -0.542
	 -0.765	  0.570	  0.299
	  0.537	  0.309	  0.785

5 	  37.49	  10.71	   6.82
	  0.604	  0.551	  0.576
	  0.075	 -0.759	  0.646
	  0.793	 -0.347	 -0.500

6 	  43.73	  17.05	  11.07
	  0.705	  0.515	  0.487
	 -0.480	 -0.159	  0.863
	  0.522	 -0.842	  0.135

7 	  37.56	  -5.91	  -3.23
	  0.617	 -0.731	 -0.292
	  0.693	  0.680	 -0.239
	  0.372	 -0.055	  0.926

8 	  41.12	 -14.08	   1.48
	  0.340	 -0.902	 -0.267
	 -0.940	 -0.331	 -0.079
	 -0.017	  0.277	 -0.960

9 	  42.68	 -23.62	  -3.29
	  0.358	 -0.867	 -0.347
	 -0.607	  0.066	 -0.792
	  0.709	  0.495	 -0.503

2 	  32.62	  -6.87	  22.99
	 -0.054	  0.996	 -0.068
	 -0.998	 -0.055	 -0.012
	 -0.016	  0.067	  0.997

3 	  43.58	   0.12	   2.09
	  0.517	  0.341	  0.784
	 -0.575	  0.818	  0.023
	 -0.634	 -0.463	  0.619

4 	  35.46	   3.45	  -3.36
	  0.344	  0.763	 -0.547
	 -0.764	  0.566	  0.309
	  0.546	  0.312	  0.778

5 	  37.44	  10.63	   6.84
	  0.609	  0.547	  0.574
	  0.080	 -0.763	  0.641
	  0.789	 -0.345	 -0.508

6 	  43.70	  16.91	  11.02
	  0.710	  0.515	  0.480
	 -0.458	 -0.182	  0.870
	  0.535	 -0.838	  0.106

7 	  37.46	  -5.85	  -3.32
	  0.614	 -0.719	 -0.325
	  0.677	  0.691	 -0.251
	  0.405	 -0.066	  0.912

8 	  41.41	 -13.97	   0.90
	  0.341	 -0.893	 -0.294
	 -0.935	 -0.355	 -0.009
	 -0.097	  0.278	 -0.956

9 	  43.15	 -23.31	  -4.01
	  0.334	 -0.853	 -0.400
	 -0.761	  0.006	 -0.648
	  0.555	  0.521	 -0.648

2 	  32.64	  -6.87	  22.97
	 -0.053	  0.996	 -0.068
	 -0.998	 -0.054	 -0.012
	 -0.016	  0.067	  0.997

3 	  43.52	   0.16	   2.02
	  0.523	  0.341	  0.781
	 -0.578	  0.815	  0.031
	 -0.626	 -0.468	  0.624

4 	  35.37	   3.46	  -3.38
	  0.332	  0.763	 -0.555
	 -0.765	  0.562	  0.315
	  0.552	  0.320	  0.770

5 	  37.39	  10.67	   6.79
	  0.610	  0.552	  0.568
	  0.091	 -0.761	  0.642
	  0.786	 -0.341	 -0.515

6 	  43.58	  17.14	  10.99
	  0.706	  0.534	  0.466
	 -0.416	 -0.220	  0.882
	  0.573	 -0.817	  0.067

7 	  37.39	  -5.77	  -3.36
	  0.612	 -0.709	 -0.351
	  0.663	  0.702	 -0.261
	  0.431	 -0.073	  0.899

8 	  41.62	 -13.83	   0.44
	  0.347	 -0.880	 -0.325
	 -0.925	 -0.378	  0.033
	 -0.152	  0.289	 -0.945

9 	  43.37	 -23.10	  -4.68
	  0.317	 -0.844	 -0.432
	 -0.827	 -0.024	 -0.561
	  0.464	  0.535	 -0.706

2 	  32.64	  -6.87	  22.97
	 -0.054	  0.996	 -0.068
	 -0.998	 -0.055	 -0.012
	 -0.016	  0.067	  0.997

3 	  43.49	   0.19	   1.92
	  0.529	  0.343	  0.776
	 -0.583	  0.811	  0.039
	 -0.617	 -0.473	  0.629

4 	  35.28	   3.45	  -3.39
	  0.322	  0.760	 -0.564
	 -0.764	  0.561	  0.320
	  0.560	  0.328	  0.761

5 	  37.41	  10.72	   6.68
	  0.615	  0.559	  0.556
	  0.105	 -0.757	  0.644
	  0.781	 -0.338	 -0.525

6 	  43.72	  17.09	  10.71
	  0.716	  0.552	  0.427
	 -0.321	 -0.282	  0.904
	  0.620	 -0.784	 -0.025

7 	  37.30	  -5.73	  -3.41
	  0.609	 -0.701	 -0.372
	  0.651	  0.709	 -0.269
	  0.452	 -0.078	  0.888

8 	  41.80	 -13.73	   0.07
	  0.351	 -0.870	 -0.345
	 -0.916	 -0.395	  0.064
	 -0.192	  0.293	 -0.936

9 	  43.51	 -22.96	  -5.06
	  0.306	 -0.838	 -0.451
	 -0.865	 -0.046	 -0.500
	  0.398	  0.543	 -0.739

2 	  32.64	  -6.87	  22.97
	 -0.054	  0.996	 -0.068
	 -0.998	 -0.055	 -0.012
	 -0.016	  0.067	  0.997

3 	  43.47	   0.25	   1.86
	  0.535	  0.344	  0.772
	 -0.586	  0.809	  0.045
	 -0.609	 -0.476	  0.634

4 	  35.21	   3.43	  -3.39
	  0.316	  0.757	 -0.571
	 -0.761	  0.562	  0.325
	  0.567	  0.331	  0.754

5 	  37.42	  10.74	   6.61
	  0.621	  0.562	  0.547
	  0.116	 -0.755	  0.645
	  0.775	 -0.337	 -0.534

6 	  43.72	  17.14	  10.69
	  0.715	  0.566	  0.411
	 -0.270	 -0.319	  0.908
	  0.645	 -0.760	 -0.075

7 	  37.25	  -5.68	  -3.41
	  0.606	 -0.697	 -0.384
	  0.644	  0.713	 -0.276
	  0.466	 -0.080	  0.881

8 	  41.85	 -13.68	  -0.09
	  0.352	 -0.867	 -0.354
	 -0.910	 -0.406	  0.089
	 -0.220	  0.290	 -0.931

9 	  43.52	 -22.87	  -5.24
	  0.296	 -0.839	 -0.456
	 -0.885	 -0.061	 -0.462
	  0.360	  0.540	 -0.760

2 	  32.64	  -6.87	  22.97
	 -0.054	  0.996	 -0.068
	 -0.998	 -0.055	 -0.012
	 -0.016	  0.067	  0.997

3 	  43.44	   0.26	   1.83
	  0.537	  0.344	  0.770
	 -0.587	  0.808	  0.048
	 -0.606	 -0.478	  0.636

4 	  35.16	   3.39	  -3.41
	  0.312	  0.756	 -0.575
	 -0.760	  0.562	  0.327
	  0.570	  0.335	  0.750

5 	  37.42	  10.72	   6.59
	  0.623	  0.562	  0.544
	  0.119	 -0.755	  0.644
	  0.773	 -0.337	 -0.537

6 	  43.72	  17.07	  10.67
	  0.716	  0.566	  0.408
	 -0.261	 -0.326	  0.908
	  0.647	 -0.757	 -0.086

7 	  37.20	  -5.70	  -3.43
	  0.602	 -0.697	 -0.390
	  0.642	  0.713	 -0.282
	  0.474	 -0.081	  0.877

8 	  41.87	 -13.64	  -0.16
	  0.351	 -0.865	 -0.359
	 -0.906	 -0.411	  0.104
	 -0.238	  0.288	 -0.927

9 	  43.49	 -22.90	  -5.26
	  0.286	 -0.843	 -0.456
	 -0.897	 -0.068	 -0.437
	  0.337	  0.534	 -0.775

2 	  32.64	  -6.87	  22.97
	 -0.054	  0.996	 -0.068
	 -0.998	 -0.055	 -0.012
	 -0.016	  0.067	  0.997

3 	  43.42	   0.26	   1.79
	  0.539	  0.344	  0.769
	 -0.587	  0.808	  0.049
	 -0.604	 -0.478	  0.637

4 	  35.12	   3.39	  -3.43
	  0.308	  0.755	 -0.578
	 -0.759	  0.561	  0.329
	  0.573	  0.337	  0.746

5 	  37.44	  10.72	   6.57
	  0.624	  0.562	  0.543
	  0.120	 -0.755	  0.644
	  0.772	 -0.337	 -0.538

6 	  43.70	  17.09	  10.65
	  0.715	  0.567	  0.408
	 -0.260	 -0.327	  0.909
	  0.648	 -0.756	 -0.087

7 	  37.16	  -5.70	  -3.45
	  0.599	 -0.696	 -0.396
	  0.640	  0.713	 -0.286
	  0.481	 -0.082	  0.873

8 	  41.89	 -13.64	  -0.21
	  0.351	 -0.863	 -0.363
	 -0.903	 -0.414	  0.113
	 -0.248	  0.288	 -0.925

9 	  43.51	 -22.89	  -5.33
	  0.283	 -0.842	 -0.458
	 -0.901	 -0.070	 -0.428
	  0.328	  0.534	 -0.779

2 	  32.64	  -6.87	  22.97
	 -0.054	  0.996	 -0.068
	 -0.998	 -0.055	 -0.012
	 -0.016	  0.067	  0.997

3 	  43.42	   0.26	   1.79
	  0.540	  0.344	  0.768
	 -0.587	  0.808	  0.050
	 -0.604	 -0.478	  0.638

4 	  35.10	   3.36	  -3.43
	  0.308	  0.754	 -0.580
	 -0.758	  0.563	  0.330
	  0.575	  0.337	  0.745

5 	  37.44	  10.72	   6.57
	  0.624	  0.561	  0.543
	  0.119	 -0.755	  0.644
	  0.772	 -0.338	 -0.539

6 	  43.72	  17.05	  10.65
	  0.716	  0.566	  0.408
	 -0.260	 -0.327	  0.908
	  0.647	 -0.757	 -0.088

7 	  37.12	  -5.70	  -3.43
	  0.598	 -0.696	 -0.397
	  0.639	  0.714	 -0.287
	  0.483	 -0.083	  0.872

8 	  41.87	 -13.64	  -0.25
	  0.350	 -0.862	 -0.365
	 -0.903	 -0.415	  0.114
	 -0.250	  0.290	 -0.924

9 	  43.47	 -22.90	  -5.38
	  0.280	 -0.842	 -0.461
	 -0.901	 -0.066	 -0.428
	  0.330	  0.535	 -0.778

2 	  32.64	  -6.87	  22.97
	 -0.053	  0.996	 -0.068
	 -0.998	 -0.054	 -0.012
	 -0.016	  0.067	  0.997

3 	  43.42	   0.25	   1.79
	  0.540	  0.344	  0.767
	 -0.587	  0.808	  0.050
	 -0.603	 -0.477	  0.639

4 	  35.10	   3.36	  -3.43
	  0.307	  0.754	 -0.581
	 -0.757	  0.563	  0.330
	  0.576	  0.338	  0.744

5 	  37.44	  10.72	   6.56
	  0.625	  0.561	  0.543
	  0.117	 -0.755	  0.645
	  0.771	 -0.339	 -0.538

6 	  43.72	  17.05	  10.63
	  0.717	  0.564	  0.409
	 -0.263	 -0.325	  0.908
	  0.645	 -0.759	 -0.085

7 	  37.14	  -5.70	  -3.43
	  0.598	 -0.695	 -0.398
	  0.639	  0.714	 -0.287
	  0.484	 -0.083	  0.871

8 	  41.85	 -13.66	  -0.26
	  0.350	 -0.862	 -0.366
	 -0.903	 -0.414	  0.112
	 -0.248	  0.291	 -0.924

9 	  43.42	 -22.92	  -5.45
	  0.278	 -0.842	 -0.462
	 -0.899	 -0.058	 -0.435
	  0.339	  0.536	 -0.773

2 	  32.64	  -6.87	  22.97
	 -0.053	  0.996	 -0.068
	 -0.998	 -0.054	 -0.012
	 -0.016	  0.067	  0.997

3 	  43.40	   0.23	   1.78
	  0.543	  0.344	  0.766
	 -0.584	  0.810	  0.051
	 -0.603	 -0.475	  0.641

4 	  35.09	   3.36	  -3.43
	  0.306	  0.753	 -0.583
	 -0.756	  0.564	  0.332
	  0.579	  0.339	  0.742

5 	  37.42	  10.69	   6.54
	  0.625	  0.558	  0.544
	  0.113	 -0.756	  0.645
	  0.772	 -0.343	 -0.536

6 	  43.68	  16.98	  10.69
	  0.716	  0.560	  0.416
	 -0.276	 -0.322	  0.906
	  0.641	 -0.764	 -0.076

7 	  37.11	  -5.71	  -3.45
	  0.596	 -0.697	 -0.398
	  0.639	  0.712	 -0.289
	  0.485	 -0.083	  0.870

8 	  41.82	 -13.64	  -0.26
	  0.350	 -0.862	 -0.365
	 -0.903	 -0.414	  0.112
	 -0.248	  0.290	 -0.924

9 	  43.40	 -22.94	  -5.41
	  0.277	 -0.844	 -0.460
	 -0.897	 -0.057	 -0.438
	  0.343	  0.534	 -0.773

2 	  32.64	  -6.87	  22.97
	 -0.053	  0.996	 -0.068
	 -0.998	 -0.054	 -0.012
	 -0.016	  0.067	  0.997

3 	  43.40	   0.23	   1.74
	  0.550	  0.344	  0.761
	 -0.581	  0.812	  0.052
	 -0.600	 -0.471	  0.646

4 	  35.09	   3.36	  -3.43
	  0.306	  0.753	 -0.583
	 -0.754	  0.565	  0.334
	  0.581	  0.337	  0.740

5 	  37.35	  10.67	   6.57
	  0.622	  0.552	  0.556
	  0.097	 -0.759	  0.644
	  0.777	 -0.347	 -0.525

6 	  43.65	  16.91	  10.83
	  0.715	  0.553	  0.428
	 -0.292	 -0.320	  0.901
	  0.635	 -0.769	 -0.067

7 	  37.09	  -5.71	  -3.41
	  0.594	 -0.700	 -0.396
	  0.641	  0.709	 -0.292
	  0.485	 -0.081	  0.870

8 	  41.80	 -13.68	  -0.21
	  0.349	 -0.864	 -0.362
	 -0.904	 -0.412	  0.111
	 -0.246	  0.288	 -0.925

9 	  43.35	 -22.97	  -5.33
	  0.276	 -0.846	 -0.455
	 -0.894	 -0.054	 -0.444
	  0.351	  0.530	 -0.772

2 	  32.64	  -6.87	  22.97
	 -0.053	  0.996	 -0.068
	 -0.998	 -0.054	 -0.012
	 -0.016	  0.067	  0.997

3 	  43.40	   0.21	   1.76
	  0.559	  0.345	  0.754
	 -0.580	  0.813	  0.057
	 -0.593	 -0.469	  0.654

4 	  35.05	   3.34	  -3.43
	  0.303	  0.753	 -0.584
	 -0.752	  0.565	  0.338
	  0.585	  0.337	  0.737

5 	  37.34	  10.62	   6.57
	  0.622	  0.548	  0.558
	  0.092	 -0.760	  0.643
	  0.777	 -0.349	 -0.524

6 	  43.63	  16.82	  10.88
	  0.716	  0.548	  0.432
	 -0.299	 -0.319	  0.899
	  0.631	 -0.773	 -0.065

7 	  37.05	  -5.75	  -3.41
	  0.591	 -0.703	 -0.395
	  0.642	  0.707	 -0.298
	  0.489	 -0.078	  0.869

8 	  41.75	 -13.69	  -0.18
	  0.348	 -0.866	 -0.359
	 -0.904	 -0.411	  0.115
	 -0.248	  0.284	 -0.926

9 	  43.29	 -22.99	  -5.24
	  0.276	 -0.849	 -0.451
	 -0.894	 -0.054	 -0.445
	  0.354	  0.526	 -0.773

2 	  32.64	  -6.87	  22.97
	 -0.053	  0.996	 -0.068
	 -0.998	 -0.054	 -0.012
	 -0.016	  0.067	  0.997

3 	  43.38	   0.19	   1.72
	  0.565	  0.345	  0.749
	 -0.578	  0.814	  0.061
	 -0.589	 -0.467	  0.659

4 	  35.02	   3.29	  -3.46
	  0.298	  0.750	 -0.590
	 -0.750	  0.566	  0.342
	  0.591	  0.340	  0.731

5 	  37.35	  10.60	   6.57
	  0.624	  0.548	  0.557
	  0.092	 -0.759	  0.644
	  0.776	 -0.351	 -0.524

6 	  43.63	  16.80	  10.85
	  0.718	  0.547	  0.430
	 -0.299	 -0.315	  0.900
	  0.628	 -0.776	 -0.063

7 	  37.02	  -5.77	  -3.39
	  0.591	 -0.704	 -0.394
	  0.638	  0.707	 -0.304
	  0.493	 -0.072	  0.867

8 	  41.73	 -13.71	  -0.14
	  0.347	 -0.867	 -0.358
	 -0.904	 -0.411	  0.118
	 -0.249	  0.283	 -0.926

9 	  43.29	 -23.03	  -5.20
	  0.274	 -0.851	 -0.448
	 -0.894	 -0.055	 -0.444
	  0.353	  0.522	 -0.776

2 	  32.62	  -6.87	  22.99
	 -0.053	  0.996	 -0.068
	 -0.998	 -0.054	 -0.012
	 -0.016	  0.067	  0.997

3 	  43.35	   0.18	   1.74
	  0.570	  0.347	  0.745
	 -0.578	  0.814	  0.062
	 -0.585	 -0.466	  0.664

4 	  35.00	   3.27	  -3.45
	  0.297	  0.750	 -0.590
	 -0.750	  0.566	  0.343
	  0.591	  0.341	  0.731

5 	  37.30	  10.62	   6.52
	  0.623	  0.551	  0.555
	  0.092	 -0.757	  0.647
	  0.776	 -0.352	 -0.523

6 	  43.63	  16.82	  10.79
	  0.719	  0.546	  0.429
	 -0.302	 -0.311	  0.901
	  0.625	 -0.778	 -0.059

7 	  37.00	  -5.78	  -3.39
	  0.591	 -0.704	 -0.395
	  0.638	  0.707	 -0.306
	  0.494	 -0.071	  0.866

8 	  41.75	 -13.68	  -0.14
	  0.348	 -0.867	 -0.356
	 -0.902	 -0.413	  0.124
	 -0.255	  0.278	 -0.926

9 	  43.28	 -23.08	  -5.15
	  0.273	 -0.854	 -0.443
	 -0.896	 -0.057	 -0.441
	  0.351	  0.517	 -0.781

2 	  32.64	  -6.87	  22.97
	 -0.053	  0.996	 -0.068
	 -0.998	 -0.054	 -0.012
	 -0.016	  0.067	  0.997

3 	  43.35	   0.18	   1.74
	  0.569	  0.347	  0.746
	 -0.578	  0.813	  0.062
	 -0.585	 -0.467	  0.663

4 	  35.00	   3.27	  -3.45
	  0.297	  0.751	 -0.590
	 -0.750	  0.566	  0.343
	  0.591	  0.340	  0.731

5 	  37.28	  10.62	   6.52
	  0.621	  0.550	  0.557
	  0.087	 -0.756	  0.649
	  0.778	 -0.355	 -0.518

6 	  43.59	  16.80	  10.83
	  0.720	  0.544	  0.430
	 -0.305	 -0.309	  0.901
	  0.623	 -0.780	 -0.056

7 	  37.00	  -5.78	  -3.39
	  0.590	 -0.704	 -0.395
	  0.638	  0.707	 -0.306
	  0.494	 -0.071	  0.866

8 	  41.75	 -13.68	  -0.14
	  0.348	 -0.867	 -0.356
	 -0.902	 -0.413	  0.124
	 -0.255	  0.278	 -0.926

9 	  43.26	 -23.10	  -5.15
	  0.272	 -0.855	 -0.442
	 -0.896	 -0.057	 -0.440
	  0.351	  0.516	 -0.782

2 	  32.62	  -6.89	  22.99
	 -0.053	  0.996	 -0.068
	 -0.998	 -0.054	 -0.012
	 -0.016	  0.067	  0.997

3 	  43.33	   0.18	   1.78
	  0.565	  0.345	  0.749
	 -0.578	  0.813	  0.061
	 -0.589	 -0.468	  0.659

4 	  34.98	   3.29	  -3.45
	  0.298	  0.751	 -0.589
	 -0.750	  0.566	  0.342
	  0.590	  0.340	  0.732

5 	  37.21	  10.60	   6.52
	  0.619	  0.549	  0.561
	  0.083	 -0.756	  0.649
	  0.780	 -0.356	 -0.514

6 	  43.58	  16.80	  10.85
	  0.719	  0.544	  0.432
	 -0.307	 -0.309	  0.900
	  0.623	 -0.780	 -0.056

7 	  37.00	  -5.77	  -3.41
	  0.590	 -0.704	 -0.395
	  0.638	  0.707	 -0.305
	  0.493	 -0.073	  0.866

8 	  41.71	 -13.68	  -0.14
	  0.346	 -0.868	 -0.355
	 -0.903	 -0.411	  0.125
	 -0.255	  0.277	 -0.926

9 	  43.21	 -23.10	  -5.12
	  0.269	 -0.857	 -0.440
	 -0.897	 -0.057	 -0.438
	  0.350	  0.512	 -0.784

2 	  32.62	  -6.89	  22.99
	 -0.053	  0.996	 -0.068
	 -0.998	 -0.054	 -0.012
	 -0.016	  0.067	  0.997

3 	  43.29	   0.18	   1.78
	  0.567	  0.345	  0.747
	 -0.576	  0.815	  0.060
	 -0.589	 -0.465	  0.661

4 	  35.00	   3.27	  -3.46
	  0.298	  0.751	 -0.589
	 -0.750	  0.566	  0.342
	  0.591	  0.339	  0.732

5 	  37.20	  10.62	   6.52
	  0.619	  0.551	  0.560
	  0.083	 -0.755	  0.650
	  0.781	 -0.356	 -0.513

6 	  43.56	  16.80	  10.83
	  0.719	  0.544	  0.432
	 -0.307	 -0.309	  0.900
	  0.623	 -0.780	 -0.055

7 	  36.93	  -5.77	  -3.38
	  0.588	 -0.706	 -0.395
	  0.640	  0.704	 -0.306
	  0.494	 -0.072	  0.866

8 	  41.66	 -13.71	  -0.11
	  0.343	 -0.870	 -0.354
	 -0.903	 -0.409	  0.129
	 -0.257	  0.275	 -0.926

9 	  43.10	 -23.17	  -5.06
	  0.263	 -0.860	 -0.437
	 -0.900	 -0.057	 -0.432
	  0.347	  0.507	 -0.789

2 	  32.62	  -6.89	  22.99
	 -0.053	  0.996	 -0.068
	 -0.998	 -0.054	 -0.012
	 -0.016	  0.067	  0.997

3 	  43.26	   0.16	   1.79
	  0.569	  0.345	  0.745
	 -0.574	  0.817	  0.060
	 -0.588	 -0.462	  0.663

4 	  34.95	   3.27	  -3.45
	  0.298	  0.750	 -0.590
	 -0.748	  0.567	  0.343
	  0.592	  0.339	  0.731

5 	  37.18	  10.62	   6.49
	  0.619	  0.552	  0.558
	  0.084	 -0.753	  0.652
	  0.780	 -0.358	 -0.513

6 	  43.56	  16.82	  10.79
	  0.720	  0.544	  0.430
	 -0.305	 -0.308	  0.901
	  0.623	 -0.780	 -0.055

7 	  36.90	  -5.78	  -3.36
	  0.587	 -0.708	 -0.393
	  0.641	  0.703	 -0.308
	  0.494	 -0.071	  0.866

8 	  41.61	 -13.73	  -0.11
	  0.340	 -0.872	 -0.353
	 -0.904	 -0.406	  0.131
	 -0.257	  0.275	 -0.926

9 	  43.03	 -23.15	  -5.01
	  0.262	 -0.862	 -0.435
	 -0.900	 -0.056	 -0.431
	  0.347	  0.504	 -0.790

2 	  32.62	  -6.89	  22.99
	 -0.053	  0.996	 -0.068
	 -0.998	 -0.054	 -0.013
	 -0.016	  0.067	  0.997

3 	  43.24	   0.16	   1.79
	  0.569	  0.347	  0.745
	 -0.575	  0.816	  0.059
	 -0.588	 -0.462	  0.664

4 	  34.93	   3.23	  -3.46
	  0.297	  0.749	 -0.592
	 -0.748	  0.568	  0.343
	  0.594	  0.341	  0.729

5 	  37.18	  10.63	   6.43
	  0.621	  0.555	  0.553
	  0.085	 -0.749	  0.657
	  0.779	 -0.361	 -0.513

6 	  43.54	  16.86	  10.71
	  0.722	  0.546	  0.425
	 -0.302	 -0.304	  0.903
	  0.623	 -0.780	 -0.055

7 	  36.90	  -5.80	  -3.38
	  0.586	 -0.708	 -0.393
	  0.641	  0.702	 -0.310
	  0.495	 -0.071	  0.866

8 	  41.59	 -13.75	  -0.07
	  0.338	 -0.873	 -0.351
	 -0.905	 -0.404	  0.132
	 -0.257	  0.273	 -0.927

9 	  43.00	 -23.22	  -4.97
	  0.259	 -0.864	 -0.432
	 -0.901	 -0.055	 -0.430
	  0.348	  0.501	 -0.792

2 	  32.62	  -6.89	  22.99
	 -0.053	  0.996	 -0.068
	 -0.998	 -0.054	 -0.013
	 -0.016	  0.067	  0.997

3 	  43.22	   0.16	   1.79
	  0.568	  0.350	  0.745
	 -0.574	  0.816	  0.055
	 -0.589	 -0.459	  0.665

4 	  34.91	   3.22	  -3.50
	  0.297	  0.747	 -0.595
	 -0.748	  0.569	  0.342
	  0.594	  0.343	  0.727

5 	  37.18	  10.67	   6.36
	  0.622	  0.560	  0.547
	  0.088	 -0.744	  0.662
	  0.778	 -0.364	 -0.512

6 	  43.56	  16.91	  10.58
	  0.724	  0.548	  0.417
	 -0.297	 -0.299	  0.907
	  0.622	 -0.781	 -0.054

7 	  36.90	  -5.82	  -3.34
	  0.587	 -0.710	 -0.389
	  0.641	  0.701	 -0.311
	  0.493	 -0.067	  0.867

8 	  41.57	 -13.75	  -0.07
	  0.338	 -0.874	 -0.350
	 -0.905	 -0.404	  0.133
	 -0.257	  0.271	 -0.927

9 	  42.98	 -23.24	  -4.92
	  0.258	 -0.865	 -0.430
	 -0.901	 -0.055	 -0.431
	  0.349	  0.499	 -0.793

2 	  32.62	  -6.89	  22.99
	 -0.053	  0.996	 -0.068
	 -0.998	 -0.054	 -0.013
	 -0.016	  0.067	  0.997

3 	  43.21	   0.12	   1.79
	  0.567	  0.353	  0.744
	 -0.574	  0.817	  0.049
	 -0.591	 -0.455	  0.666

4 	  34.91	   3.20	  -3.50
	  0.297	  0.745	 -0.598
	 -0.747	  0.571	  0.341
	  0.595	  0.345	  0.726

5 	  37.18	  10.71	   6.29
	  0.623	  0.564	  0.541
	  0.090	 -0.740	  0.666
	  0.776	 -0.366	 -0.513

6 	  43.61	  16.95	  10.41
	  0.728	  0.550	  0.409
	 -0.291	 -0.293	  0.911
	  0.620	 -0.782	 -0.054

7 	  36.88	  -5.85	  -3.34
	  0.587	 -0.712	 -0.385
	  0.641	  0.699	 -0.315
	  0.494	 -0.062	  0.867

8 	  41.57	 -13.76	  -0.04
	  0.338	 -0.874	 -0.348
	 -0.905	 -0.403	  0.133
	 -0.257	  0.270	 -0.928

9 	  42.96	 -23.26	  -4.87
	  0.258	 -0.866	 -0.428
	 -0.901	 -0.055	 -0.431
	  0.350	  0.496	 -0.794

2 	  32.62	  -6.89	  22.99
	 -0.053	  0.996	 -0.068
	 -0.998	 -0.054	 -0.013
	 -0.016	  0.067	  0.997

3 	  43.17	   0.12	   1.79
	  0.565	  0.356	  0.745
	 -0.575	  0.817	  0.045
	 -0.592	 -0.454	  0.666

4 	  34.88	   3.16	  -3.52
	  0.296	  0.743	 -0.600
	 -0.746	  0.572	  0.340
	  0.596	  0.347	  0.724

5 	  37.18	  10.72	   6.26
	  0.624	  0.565	  0.539
	  0.090	 -0.738	  0.669
	  0.776	 -0.369	 -0.512

6 	  43.61	  16.98	  10.32
	  0.730	  0.551	  0.404
	 -0.288	 -0.289	  0.913
	  0.620	 -0.783	 -0.053

7 	  36.88	  -5.87	  -3.32
	  0.588	 -0.713	 -0.382
	  0.641	  0.698	 -0.317
	  0.493	 -0.058	  0.868

8 	  41.57	 -13.78	  -0.02
	  0.338	 -0.875	 -0.346
	 -0.906	 -0.402	  0.134
	 -0.256	  0.268	 -0.929

9 	  42.94	 -23.27	  -4.82
	  0.257	 -0.868	 -0.424
	 -0.900	 -0.056	 -0.432
	  0.351	  0.493	 -0.796

2 	  32.62	  -6.89	  22.97
	 -0.053	  0.996	 -0.068
	 -0.998	 -0.054	 -0.013
	 -0.016	  0.067	  0.997

3 	  43.15	   0.12	   1.81
	  0.563	  0.357	  0.745
	 -0.576	  0.816	  0.043
	 -0.593	 -0.454	  0.665

4 	  34.86	   3.15	  -3.53
	  0.296	  0.743	 -0.601
	 -0.746	  0.572	  0.340
	  0.596	  0.347	  0.724

5 	  37.16	  10.72	   6.24
	  0.624	  0.567	  0.538
	  0.091	 -0.737	  0.670
	  0.776	 -0.369	 -0.511

6 	  43.61	  17.00	  10.30
	  0.730	  0.551	  0.403
	 -0.286	 -0.289	  0.913
	  0.620	 -0.783	 -0.054

7 	  36.88	  -5.87	  -3.32
	  0.589	 -0.713	 -0.381
	  0.641	  0.699	 -0.317
	  0.492	 -0.057	  0.868

8 	  41.57	 -13.78	   0.00
	  0.338	 -0.876	 -0.345
	 -0.906	 -0.402	  0.133
	 -0.255	  0.267	 -0.929

9 	  42.96	 -23.29	  -4.78
	  0.258	 -0.869	 -0.422
	 -0.900	 -0.057	 -0.433
	  0.352	  0.491	 -0.797

2 	  32.62	  -6.89	  22.97
	 -0.053	  0.996	 -0.068
	 -0.998	 -0.054	 -0.012
	 -0.016	  0.067	  0.997

3 	  43.15	   0.12	   1.83
	  0.562	  0.356	  0.746
	 -0.575	  0.817	  0.044
	 -0.594	 -0.454	  0.664

4 	  34.86	   3.16	  -3.53
	  0.295	  0.744	 -0.600
	 -0.747	  0.571	  0.340
	  0.596	  0.347	  0.724

5 	  37.12	  10.72	   6.26
	  0.621	  0.566	  0.541
	  0.090	 -0.738	  0.669
	  0.778	 -0.367	 -0.510

6 	  43.58	  17.00	  10.35
	  0.729	  0.551	  0.404
	 -0.284	 -0.293	  0.913
	  0.622	 -0.781	 -0.057

7 	  36.88	  -5.85	  -3.30
	  0.589	 -0.712	 -0.381
	  0.640	  0.700	 -0.318
	  0.492	 -0.057	  0.868

8 	  41.57	 -13.76	   0.00
	  0.337	 -0.876	 -0.345
	 -0.906	 -0.402	  0.133
	 -0.256	  0.267	 -0.929

9 	  42.93	 -23.31	  -4.75
	  0.257	 -0.870	 -0.420
	 -0.900	 -0.057	 -0.432
	  0.353	  0.489	 -0.798

2 	  32.62	  -6.89	  22.97
	 -0.053	  0.996	 -0.068
	 -0.998	 -0.054	 -0.012
	 -0.016	  0.067	  0.997

3 	  43.14	   0.12	   1.85
	  0.562	  0.355	  0.747
	 -0.575	  0.817	  0.044
	 -0.595	 -0.454	  0.663

4 	  34.86	   3.16	  -3.53
	  0.296	  0.744	 -0.599
	 -0.747	  0.571	  0.340
	  0.595	  0.346	  0.725

5 	  37.09	  10.71	   6.28
	  0.620	  0.566	  0.544
	  0.087	 -0.739	  0.668
	  0.780	 -0.367	 -0.507

6 	  43.56	  16.98	  10.37
	  0.729	  0.551	  0.405
	 -0.283	 -0.295	  0.912
	  0.622	 -0.780	 -0.059

7 	  36.86	  -5.85	  -3.32
	  0.589	 -0.712	 -0.381
	  0.641	  0.699	 -0.317
	  0.492	 -0.058	  0.868

8 	  41.54	 -13.76	   0.00
	  0.336	 -0.876	 -0.345
	 -0.906	 -0.401	  0.134
	 -0.256	  0.268	 -0.929

9 	  42.93	 -23.29	  -4.71
	  0.255	 -0.872	 -0.418
	 -0.901	 -0.058	 -0.430
	  0.350	  0.486	 -0.800

2 	  32.62	  -6.89	  22.97
	 -0.053	  0.996	 -0.068
	 -0.998	 -0.054	 -0.012
	 -0.016	  0.067	  0.997

3 	  43.14	   0.12	   1.85
	  0.560	  0.354	  0.749
	 -0.573	  0.818	  0.042
	 -0.598	 -0.453	  0.661

4 	  34.86	   3.16	  -3.53
	  0.296	  0.744	 -0.599
	 -0.747	  0.571	  0.340
	  0.595	  0.346	  0.725

5 	  37.09	  10.71	   6.26
	  0.619	  0.565	  0.545
	  0.084	 -0.738	  0.669
	  0.781	 -0.368	 -0.505

6 	  43.52	  16.98	  10.37
	  0.729	  0.551	  0.405
	 -0.284	 -0.296	  0.912
	  0.623	 -0.780	 -0.059

7 	  36.86	  -5.84	  -3.32
	  0.589	 -0.713	 -0.381
	  0.641	  0.699	 -0.318
	  0.492	 -0.057	  0.868

8 	  41.54	 -13.76	   0.00
	  0.335	 -0.877	 -0.344
	 -0.906	 -0.399	  0.136
	 -0.257	  0.266	 -0.929

9 	  42.89	 -23.31	  -4.68
	  0.254	 -0.874	 -0.415
	 -0.902	 -0.059	 -0.427
	  0.348	  0.483	 -0.803

2 	  32.62	  -6.89	  22.97
	 -0.053	  0.996	 -0.068
	 -0.998	 -0.054	 -0.012
	 -0.016	  0.067	  0.997

3 	  43.12	   0.12	   1.85
	  0.557	  0.354	  0.751
	 -0.572	  0.819	  0.038
	 -0.602	 -0.451	  0.659

4 	  34.86	   3.16	  -3.53
	  0.296	  0.743	 -0.599
	 -0.747	  0.571	  0.339
	  0.595	  0.347	  0.725

5 	  37.09	  10.71	   6.24
	  0.618	  0.566	  0.546
	  0.082	 -0.737	  0.671
	  0.782	 -0.370	 -0.502

6 	  43.52	  16.96	  10.35
	  0.729	  0.551	  0.405
	 -0.283	 -0.295	  0.912
	  0.622	 -0.781	 -0.060

7 	  36.86	  -5.85	  -3.32
	  0.589	 -0.713	 -0.379
	  0.640	  0.698	 -0.321
	  0.493	 -0.054	  0.868

8 	  41.54	 -13.76	   0.02
	  0.334	 -0.878	 -0.343
	 -0.906	 -0.399	  0.138
	 -0.259	  0.264	 -0.929

9 	  42.89	 -23.33	  -4.66
	  0.253	 -0.874	 -0.414
	 -0.903	 -0.060	 -0.425
	  0.347	  0.482	 -0.805

2 	  32.62	  -6.89	  22.97
	 -0.053	  0.996	 -0.068
	 -0.998	 -0.054	 -0.012
	 -0.016	  0.067	  0.997

3 	  43.10	   0.14	   1.85
	  0.555	  0.357	  0.751
	 -0.572	  0.819	  0.033
	 -0.604	 -0.448	  0.659

4 	  34.86	   3.15	  -3.53
	  0.296	  0.742	 -0.602
	 -0.747	  0.572	  0.339
	  0.596	  0.349	  0.723

5 	  37.02	  10.72	   6.19
	  0.616	  0.567	  0.547
	  0.079	 -0.735	  0.673
	  0.783	 -0.372	 -0.498

6 	  43.49	  17.00	  10.35
	  0.728	  0.552	  0.405
	 -0.284	 -0.295	  0.912
	  0.623	 -0.780	 -0.058

7 	  36.86	  -5.85	  -3.32
	  0.591	 -0.713	 -0.376
	  0.636	  0.699	 -0.325
	  0.495	 -0.047	  0.867

8 	  41.54	 -13.75	   0.04
	  0.335	 -0.878	 -0.340
	 -0.905	 -0.400	  0.141
	 -0.260	  0.261	 -0.930

9 	  42.89	 -23.33	  -4.59
	  0.252	 -0.876	 -0.412
	 -0.904	 -0.062	 -0.422
	  0.344	  0.479	 -0.808

2 	  32.62	  -6.89	  22.97
	 -0.053	  0.996	 -0.067
	 -0.998	 -0.054	 -0.012
	 -0.016	  0.066	  0.997

3 	  43.08	   0.12	   1.83
	  0.556	  0.359	  0.750
	 -0.574	  0.818	  0.034
	 -0.601	 -0.449	  0.661

4 	  34.80	   3.11	  -3.60
	  0.291	  0.739	 -0.608
	 -0.745	  0.574	  0.341
	  0.600	  0.353	  0.717

5 	  37.02	  10.72	   6.15
	  0.616	  0.568	  0.546
	  0.079	 -0.734	  0.674
	  0.783	 -0.372	 -0.498

6 	  43.47	  17.00	  10.30
