2 	  33.13	  -8.38	  22.69
	  0.263	  0.946	 -0.187
	 -0.965	  0.258	 -0.055
	 -0.004	  0.194	  0.981

3 	  44.82	  -0.97	   0.23
	  0.499	  0.128	  0.857
	 -0.043	  0.991	 -0.124
	 -0.866	  0.025	  0.499

4 	  39.11	   6.06	  -4.15
	  0.281	  0.953	  0.113
	 -0.880	  0.208	  0.427
	  0.384	 -0.219	  0.897

5 	  38.62	   8.51	   8.31
	  0.136	  0.278	  0.951
	 -0.115	 -0.949	  0.292
	  0.984	 -0.149	 -0.097

6 	  42.84	   9.67	  18.47
	  0.123	  0.067	  0.990
	 -0.024	  0.998	 -0.063
	 -0.992	 -0.017	  0.124

7 	  38.64	  -7.84	  -4.34
	  0.316	 -0.947	  0.053
	  0.803	  0.237	 -0.546
	  0.505	  0.215	  0.835

8 	  38.81	 -10.76	   8.07
	  0.169	 -0.199	  0.965
	  0.559	 -0.787	 -0.259
	  0.812	  0.583	 -0.021

9 	  43.03	 -11.74	  18.16
	  0.180	 -0.057	  0.982
	  0.538	  0.841	 -0.048
	 -0.825	  0.536	  0.181

2 	  33.12	  -8.37	  22.69
	  0.263	  0.946	 -0.187
	 -0.965	  0.258	 -0.055
	 -0.004	  0.194	  0.981

3 	  44.82	  -0.97	   0.23
	  0.498	  0.128	  0.857
	 -0.042	  0.991	 -0.124
	 -0.866	  0.026	  0.499

4 	  39.09	   6.05	  -4.15
	  0.281	  0.953	  0.113
	 -0.880	  0.208	  0.426
	  0.383	 -0.219	  0.897

5 	  38.62	   8.51	   8.31
	  0.137	  0.277	  0.951
	 -0.115	 -0.949	  0.292
	  0.984	 -0.149	 -0.098

6 	  42.84	   9.67	  18.47
	  0.123	  0.066	  0.990
	 -0.024	  0.998	 -0.063
	 -0.992	 -0.017	  0.124

7 	  38.64	  -7.84	  -4.34
	  0.317	 -0.947	  0.053
	  0.803	  0.237	 -0.546
	  0.505	  0.215	  0.836

8 	  38.81	 -10.76	   8.07
	  0.169	 -0.198	  0.965
	  0.560	 -0.787	 -0.259
	  0.812	  0.583	 -0.021

9 	  43.01	 -11.72	  18.14
	  0.180	 -0.057	  0.982
	  0.538	  0.841	 -0.048
	 -0.825	  0.536	  0.181

2 	  33.12	  -8.37	  22.69
	  0.263	  0.946	 -0.187
	 -0.965	  0.258	 -0.055
	 -0.003	  0.194	  0.981

3 	  44.82	  -0.97	   0.23
	  0.498	  0.128	  0.857
	 -0.042	  0.991	 -0.124
	 -0.866	  0.026	  0.499

4 	  39.09	   6.06	  -4.15
	  0.281	  0.953	  0.113
	 -0.880	  0.208	  0.426
	  0.383	 -0.219	  0.897

5 	  38.62	   8.51	   8.31
	  0.136	  0.277	  0.951
	 -0.115	 -0.949	  0.292
	  0.984	 -0.149	 -0.098

6 	  42.86	   9.65	  18.47
	  0.123	  0.066	  0.990
	 -0.024	  0.998	 -0.063
	 -0.992	 -0.017	  0.124

7 	  38.64	  -7.84	  -4.34
	  0.317	 -0.947	  0.052
	  0.803	  0.238	 -0.546
	  0.505	  0.214	  0.836

8 	  38.81	 -10.76	   8.07
	  0.169	 -0.198	  0.965
	  0.560	 -0.787	 -0.259
	  0.812	  0.583	 -0.021

9 	  43.01	 -11.74	  18.14
	  0.180	 -0.057	  0.982
	  0.538	  0.841	 -0.048
	 -0.825	  0.535	  0.181

2 	  33.12	  -8.37	  22.69
	  0.263	  0.946	 -0.187
	 -0.965	  0.258	 -0.055
	 -0.003	  0.194	  0.981

3 	  44.82	  -0.97	   0.25
	  0.498	  0.128	  0.857
	 -0.042	  0.991	 -0.124
	 -0.866	  0.026	  0.499

4 	  39.09	   6.06	  -4.15
	  0.280	  0.953	  0.112
	 -0.880	  0.208	  0.426
	  0.383	 -0.218	  0.897

5 	  38.62	   8.51	   8.31
	  0.136	  0.277	  0.951
	 -0.115	 -0.949	  0.292
	  0.984	 -0.149	 -0.097

6 	  42.86	   9.65	  18.47
	  0.123	  0.066	  0.990
	 -0.024	  0.998	 -0.063
	 -0.992	 -0.017	  0.124

7 	  38.65	  -7.84	  -4.34
	  0.317	 -0.947	  0.053
	  0.803	  0.237	 -0.546
	  0.504	  0.215	  0.836

8 	  38.85	 -10.76	   8.07
	  0.169	 -0.198	  0.965
	  0.560	 -0.787	 -0.259
	  0.812	  0.583	 -0.021

9 	  43.03	 -11.74	  18.16
	  0.180	 -0.056	  0.982
	  0.537	  0.842	 -0.048
	 -0.825	  0.535	  0.180

2 	  33.12	  -8.37	  22.69
	  0.263	  0.946	 -0.187
	 -0.965	  0.258	 -0.055
	 -0.003	  0.194	  0.981

3 	  44.82	  -0.97	   0.23
	  0.498	  0.129	  0.857
	 -0.043	  0.991	 -0.125
	 -0.866	  0.026	  0.499

4 	  39.11	   6.06	  -4.17
	  0.280	  0.953	  0.113
	 -0.881	  0.208	  0.425
	  0.382	 -0.218	  0.898

5 	  38.62	   8.51	   8.31
	  0.137	  0.277	  0.951
	 -0.115	 -0.949	  0.292
	  0.984	 -0.149	 -0.098

6 	  42.86	   9.65	  18.46
	  0.124	  0.066	  0.990
	 -0.024	  0.998	 -0.062
	 -0.992	 -0.017	  0.124

7 	  38.65	  -7.84	  -4.34
	  0.317	 -0.947	  0.053
	  0.803	  0.238	 -0.546
	  0.504	  0.215	  0.836

8 	  38.85	 -10.76	   8.07
	  0.170	 -0.198	  0.965
	  0.562	 -0.786	 -0.259
	  0.810	  0.585	 -0.022

9 	  43.05	 -11.72	  18.14
	  0.180	 -0.056	  0.982
	  0.536	  0.843	 -0.048
	 -0.826	  0.533	  0.181

2 	  33.12	  -8.37	  22.69
	  0.263	  0.946	 -0.187
	 -0.965	  0.258	 -0.055
	 -0.003	  0.194	  0.981

3 	  44.82	  -0.97	   0.23
	  0.499	  0.129	  0.857
	 -0.043	  0.991	 -0.125
	 -0.866	  0.026	  0.500

4 	  39.13	   6.06	  -4.17
	  0.282	  0.953	  0.110
	 -0.880	  0.211	  0.425
	  0.383	 -0.216	  0.898

5 	  38.64	   8.53	   8.30
	  0.138	  0.278	  0.951
	 -0.115	 -0.949	  0.293
	  0.984	 -0.149	 -0.099

6 	  42.89	   9.67	  18.44
	  0.125	  0.066	  0.990
	 -0.023	  0.998	 -0.063
	 -0.992	 -0.016	  0.126

7 	  38.67	  -7.84	  -4.34
	  0.321	 -0.946	  0.053
	  0.802	  0.241	 -0.546
	  0.504	  0.217	  0.835

8 	  38.90	 -10.78	   8.05
	  0.172	 -0.196	  0.965
	  0.565	 -0.783	 -0.259
	  0.807	  0.589	 -0.024

9 	  43.12	 -11.71	  18.14
	  0.181	 -0.054	  0.982
	  0.527	  0.848	 -0.049
	 -0.832	  0.525	  0.181

2 	  33.12	  -8.37	  22.69
	  0.263	  0.946	 -0.187
	 -0.965	  0.258	 -0.055
	 -0.003	  0.194	  0.981

3 	  44.84	  -0.95	   0.18
	  0.502	  0.130	  0.855
	 -0.042	  0.991	 -0.126
	 -0.864	  0.027	  0.503

4 	  39.13	   6.08	  -4.18
	  0.285	  0.953	  0.107
	 -0.879	  0.214	  0.426
	  0.383	 -0.215	  0.898

5 	  38.81	   8.61	   8.28
	  0.150	  0.278	  0.948
	 -0.119	 -0.948	  0.296
	  0.982	 -0.156	 -0.109

6 	  43.21	   9.74	  18.37
	  0.134	  0.071	  0.988
	 -0.007	  0.997	 -0.070
	 -0.991	  0.001	  0.134

7 	  38.72	  -7.86	  -4.38
	  0.330	 -0.943	  0.049
	  0.796	  0.250	 -0.551
	  0.508	  0.220	  0.832

8 	  39.22	 -10.90	   8.03
	  0.189	 -0.198	  0.962
	  0.589	 -0.761	 -0.272
	  0.786	  0.617	 -0.027

9 	  43.66	 -11.67	  17.98
	  0.195	 -0.056	  0.979
	  0.447	  0.894	 -0.036
	 -0.874	  0.443	  0.199

2 	  33.12	  -8.37	  22.69
	  0.263	  0.946	 -0.187
	 -0.965	  0.258	 -0.055
	 -0.003	  0.194	  0.981

3 	  44.86	  -0.91	   0.12
	  0.508	  0.133	  0.850
	 -0.048	  0.991	 -0.127
	 -0.860	  0.024	  0.510

4 	  39.13	   6.15	  -4.18
	  0.293	  0.950	  0.105
	 -0.877	  0.223	  0.425
	  0.381	 -0.217	  0.898

5 	  39.53	   8.91	   8.31
	  0.216	  0.293	  0.931
	 -0.134	 -0.936	  0.324
	  0.967	 -0.194	 -0.163

6 	  44.46	  10.18	  18.07
	  0.187	  0.099	  0.977
	  0.025	  0.994	 -0.104
	 -0.982	  0.042	  0.182

7 	  38.76	  -7.84	  -4.36
	  0.355	 -0.934	  0.043
	  0.786	  0.273	 -0.554
	  0.506	  0.229	  0.831

8 	  40.27	 -11.34	   7.88
	  0.274	 -0.227	  0.934
	  0.621	 -0.700	 -0.352
	  0.735	  0.676	 -0.050

9 	  45.40	 -12.13	  17.28
	  0.268	 -0.094	  0.959
	  0.312	  0.950	  0.007
	 -0.912	  0.297	  0.283

2 	  33.12	  -8.37	  22.69
	  0.264	  0.946	 -0.187
	 -0.965	  0.258	 -0.055
	 -0.004	  0.194	  0.981

3 	  44.86	  -0.86	   0.04
	  0.520	  0.141	  0.842
	 -0.062	  0.990	 -0.127
	 -0.852	  0.014	  0.524

4 	  39.13	   6.22	  -4.15
	  0.313	  0.944	  0.101
	 -0.870	  0.242	  0.428
	  0.381	 -0.222	  0.898

5 	  40.94	   9.26	   8.26
	  0.347	  0.318	  0.882
	 -0.124	 -0.917	  0.378
	  0.930	 -0.239	 -0.278

6 	  47.06	  10.63	  17.07
	  0.307	  0.144	  0.941
	  0.051	  0.985	 -0.164
	 -0.951	  0.095	  0.293

7 	  38.81	  -7.84	  -4.45
	  0.401	 -0.916	  0.010
	  0.755	  0.324	 -0.570
	  0.519	  0.236	  0.821

8 	  41.84	 -11.88	   7.42
	  0.408	 -0.258	  0.876
	  0.627	 -0.618	 -0.474
	  0.664	  0.742	 -0.090

9 	  48.02	 -12.62	  15.94
	  0.385	 -0.132	  0.913
	  0.182	  0.981	  0.064
	 -0.905	  0.141	  0.401

2 	  33.12	  -8.37	  22.69
	  0.264	  0.946	 -0.187
	 -0.965	  0.258	 -0.055
	 -0.004	  0.194	  0.981

3 	  44.81	  -0.84	  -0.02
	  0.531	  0.148	  0.834
	 -0.073	  0.989	 -0.130
	 -0.845	  0.008	  0.535

4 	  39.06	   6.22	  -4.20
	  0.357	  0.931	  0.074
	 -0.846	  0.288	  0.448
	  0.396	 -0.222	  0.891

5 	  42.75	   9.58	   7.73
	  0.508	  0.339	  0.791
	 -0.095	 -0.892	  0.442
	  0.856	 -0.299	 -0.421

6 	  49.92	  11.20	  15.28
	  0.450	  0.184	  0.873
	  0.057	  0.971	 -0.231
	 -0.892	  0.151	  0.426

7 	  38.74	  -7.80	  -4.57
	  0.441	 -0.897	 -0.039
	  0.715	  0.377	 -0.588
	  0.543	  0.231	  0.807

8 	  43.47	 -12.30	   6.47
	  0.568	 -0.287	  0.771
	  0.564	 -0.547	 -0.618
	  0.601	  0.785	 -0.149

9 	  50.73	 -13.08	  13.71
	  0.531	 -0.172	  0.829
	  0.134	  0.984	  0.116
	 -0.836	  0.050	  0.546

2 	  33.12	  -8.37	  22.69
	  0.263	  0.946	 -0.187
	 -0.965	  0.258	 -0.055
	 -0.004	  0.194	  0.981

3 	  44.65	  -0.88	  -0.14
	  0.549	  0.153	  0.821
	 -0.076	  0.988	 -0.135
	 -0.832	  0.012	  0.554

4 	  38.92	   6.19	  -4.32
	  0.403	  0.915	  0.020
	 -0.810	  0.345	  0.474
	  0.428	 -0.207	  0.880

5 	  44.31	   9.79	   6.71
	  0.655	  0.347	  0.671
	 -0.055	 -0.864	  0.500
	  0.754	 -0.364	 -0.547

6 	  52.40	  11.44	  12.83
	  0.590	  0.205	  0.780
	  0.044	  0.958	 -0.283
	 -0.807	  0.199	  0.556

7 	  38.51	  -7.75	  -4.76
	  0.476	 -0.873	 -0.103
	  0.665	  0.433	 -0.608
	  0.577	  0.220	  0.786

8 	  45.05	 -12.52	   5.08
	  0.725	 -0.300	  0.620
	  0.443	 -0.486	 -0.753
	  0.529	  0.819	 -0.220

9 	  53.42	 -13.25	  10.53
	  0.689	 -0.190	  0.699
	  0.146	  0.982	  0.122
	 -0.710	  0.018	  0.704

2 	  33.12	  -8.37	  22.69
	  0.264	  0.946	 -0.187
	 -0.965	  0.258	 -0.056
	 -0.004	  0.194	  0.981

3 	  44.44	  -0.91	  -0.32
	  0.575	  0.156	  0.803
	 -0.081	  0.988	 -0.134
	 -0.814	  0.012	  0.580

4 	  38.67	   6.08	  -4.50
	  0.462	  0.885	 -0.057
	 -0.747	  0.422	  0.514
	  0.480	 -0.194	  0.855

5 	  45.86	   9.77	   5.17
	  0.790	  0.342	  0.509
	  0.014	 -0.841	  0.541
	  0.613	 -0.419	 -0.669

6 	  54.79	  11.46	   9.35
	  0.735	  0.209	  0.644
	 -0.010	  0.954	 -0.297
	 -0.678	  0.210	  0.704

7 	  38.30	  -7.61	  -4.99
	  0.512	 -0.839	 -0.182
	  0.599	  0.500	 -0.624
	  0.616	  0.210	  0.759

8 	  46.46	 -12.45	   3.23
	  0.851	 -0.291	  0.437
	  0.298	 -0.418	 -0.858
	  0.433	  0.860	 -0.270

9 	  55.69	 -12.76	   6.71
	  0.827	 -0.177	  0.533
	  0.124	  0.983	  0.132
	 -0.548	 -0.043	  0.835

2 	  33.12	  -8.37	  22.69
	  0.264	  0.946	 -0.187
	 -0.964	  0.258	 -0.056
	 -0.004	  0.194	  0.981

3 	  44.30	  -0.84	  -0.44
	  0.592	  0.161	  0.789
	 -0.096	  0.987	 -0.131
	 -0.800	  0.002	  0.599

4 	  38.48	   5.96	  -4.76
	  0.512	  0.845	 -0.153
	 -0.670	  0.504	  0.545
	  0.538	 -0.177	  0.824

5 	  47.18	   9.67	   3.13
	  0.889	  0.329	  0.317
	  0.102	 -0.819	  0.564
	  0.445	 -0.469	 -0.763

6 	  56.53	  11.25	   5.20
	  0.854	  0.209	  0.475
	 -0.062	  0.950	 -0.306
	 -0.516	  0.230	  0.825

7 	  38.25	  -7.42	  -5.24
	  0.542	 -0.797	 -0.267
	  0.534	  0.571	 -0.623
	  0.650	  0.195	  0.734

8 	  47.57	 -12.22	   1.27
	  0.927	 -0.271	  0.259
	  0.158	 -0.344	 -0.925
	  0.340	  0.898	 -0.277

9 	  57.11	 -12.22	   2.92
	  0.915	 -0.163	  0.368
	  0.105	  0.979	  0.171
	 -0.389	 -0.117	  0.914

2 	  33.12	  -8.37	  22.69
	  0.264	  0.946	 -0.187
	 -0.964	  0.258	 -0.056
	 -0.004	  0.194	  0.981

3 	  44.19	  -0.81	  -0.51
	  0.597	  0.168	  0.784
	 -0.107	  0.985	 -0.130
	 -0.795	 -0.006	  0.606

4 	  38.36	   5.70	  -5.08
	  0.550	  0.799	 -0.242
	 -0.599	  0.579	  0.553
	  0.583	 -0.159	  0.796

5 	  47.95	   9.56	   1.25
	  0.936	  0.317	  0.151
	  0.169	 -0.785	  0.595
	  0.307	 -0.532	 -0.789

6 	  57.45	  10.79	   1.58
	  0.925	  0.199	  0.323
	 -0.086	  0.939	 -0.331
	 -0.371	  0.277	  0.886

7 	  38.23	  -7.24	  -5.47
	  0.560	 -0.749	 -0.353
	  0.474	  0.639	 -0.606
	  0.680	  0.172	  0.712

8 	  48.29	 -12.06	  -0.81
	  0.965	 -0.250	  0.077
	  0.005	 -0.277	 -0.961
	  0.261	  0.927	 -0.266

9 	  57.88	 -11.64	  -0.95
	  0.971	 -0.141	  0.192
	  0.102	  0.975	  0.197
	 -0.216	 -0.171	  0.961

2 	  33.12	  -8.38	  22.69
	  0.264	  0.946	 -0.187
	 -0.964	  0.258	 -0.056
	 -0.004	  0.194	  0.981

3 	  44.14	  -0.84	  -0.56
	  0.600	  0.176	  0.780
	 -0.117	  0.984	 -0.132
	 -0.792	 -0.012	  0.611

4 	  38.25	   5.38	  -5.31
	  0.568	  0.760	 -0.316
	 -0.544	  0.633	  0.550
	  0.619	 -0.141	  0.772

5 	  48.43	   9.44	  -0.47
	  0.949	  0.314	  0.001
	  0.249	 -0.757	  0.604
	  0.191	 -0.573	 -0.797

6 	  57.73	  10.56	  -2.04
	  0.966	  0.198	  0.165
	 -0.135	  0.933	 -0.331
	 -0.220	  0.297	  0.929

7 	  38.21	  -7.07	  -5.66
	  0.563	 -0.700	 -0.438
	  0.416	  0.698	 -0.582
	  0.714	  0.146	  0.684

8 	  48.64	 -11.88	  -2.95
	  0.966	 -0.234	 -0.111
	 -0.164	 -0.220	 -0.962
	  0.201	  0.947	 -0.251

9 	  58.01	 -11.21	  -5.10
	  0.992	 -0.128	 -0.005
	  0.126	  0.970	  0.209
	 -0.022	 -0.208	  0.978

2 	  33.12	  -8.38	  22.69
	  0.264	  0.946	 -0.187
	 -0.964	  0.258	 -0.056
	 -0.004	  0.194	  0.981

3 	  44.10	  -0.88	  -0.62
	  0.602	  0.182	  0.777
	 -0.128	  0.983	 -0.132
	 -0.788	 -0.019	  0.615

4 	  38.11	   5.12	  -5.45
	  0.573	  0.728	 -0.376
	 -0.496	  0.672	  0.549
	  0.654	 -0.128	  0.745

5 	  48.59	   9.30	  -2.25
	  0.939	  0.309	 -0.146
	  0.333	 -0.732	  0.593
	  0.076	 -0.607	 -0.791

6 	  57.48	  10.32	  -5.55
	  0.982	  0.190	 -0.005
	 -0.182	  0.931	 -0.315
	 -0.056	  0.310	  0.949

7 	  38.14	  -6.94	  -5.77
	  0.553	 -0.663	 -0.504
	  0.370	  0.737	 -0.565
	  0.747	  0.126	  0.653

8 	  48.64	 -11.62	  -4.82
	  0.939	 -0.214	 -0.270
	 -0.308	 -0.170	 -0.936
	  0.154	  0.962	 -0.225

9 	  57.46	 -10.67	  -8.67
	  0.978	 -0.105	 -0.180
	  0.143	  0.966	  0.216
	  0.151	 -0.238	  0.959

2 	  33.12	  -8.38	  22.69
	  0.264	  0.946	 -0.187
	 -0.964	  0.258	 -0.056
	 -0.004	  0.194	  0.981

3 	  44.05	  -0.88	  -0.67
	  0.600	  0.192	  0.776
	 -0.144	  0.981	 -0.132
	 -0.787	 -0.032	  0.615

4 	  38.00	   4.96	  -5.52
	  0.576	  0.702	 -0.419
	 -0.454	  0.700	  0.551
	  0.681	 -0.128	  0.721

5 	  48.59	   9.14	  -3.87
	  0.913	  0.294	 -0.282
	  0.407	 -0.711	  0.573
	 -0.032	 -0.638	 -0.770

6 	  56.87	   9.81	  -8.89
	  0.972	  0.157	 -0.172
	 -0.204	  0.931	 -0.301
	  0.113	  0.328	  0.938

7 	  38.06	  -6.84	  -5.77
	  0.543	 -0.637	 -0.547
	  0.328	  0.760	 -0.561
	  0.773	  0.125	  0.622

8 	  48.38	 -11.37	  -6.45
	  0.891	 -0.191	 -0.411
	 -0.438	 -0.130	 -0.890
	  0.116	  0.973	 -0.199

9 	  56.58	 -10.11	 -11.83
	  0.937	 -0.076	 -0.342
	  0.154	  0.965	  0.210
	  0.314	 -0.250	  0.916

2 	  33.12	  -8.38	  22.69
	  0.264	  0.946	 -0.187
	 -0.965	  0.258	 -0.056
	 -0.004	  0.194	  0.981

3 	  43.98	  -0.90	  -0.74
	  0.603	  0.198	  0.772
	 -0.155	  0.979	 -0.132
	 -0.783	 -0.039	  0.621

4 	  37.83	   4.80	  -5.55
	  0.571	  0.683	 -0.455
	 -0.415	  0.718	  0.558
	  0.709	 -0.131	  0.693

5 	  48.36	   9.00	  -5.12
	  0.879	  0.287	 -0.379
	  0.465	 -0.691	  0.553
	 -0.104	 -0.663	 -0.742

6 	  56.04	   9.44	 -11.29
	  0.945	  0.129	 -0.299
	 -0.221	  0.929	 -0.296
	  0.240	  0.345	  0.907

7 	  37.88	  -6.77	  -5.78
	  0.525	 -0.623	 -0.580
	  0.294	  0.772	 -0.564
	  0.799	  0.125	  0.588

8 	  47.90	 -11.20	  -7.82
	  0.837	 -0.173	 -0.519
	 -0.538	 -0.089	 -0.838
	  0.098	  0.981	 -0.168

9 	  55.42	  -9.65	 -14.26
	  0.884	 -0.055	 -0.464
	  0.173	  0.960	  0.218
	  0.433	 -0.274	  0.859

2 	  33.12	  -8.37	  22.69
	  0.264	  0.946	 -0.187
	 -0.964	  0.258	 -0.056
	 -0.004	  0.194	  0.981

3 	  43.95	  -0.93	  -0.81
	  0.607	  0.203	  0.768
	 -0.166	  0.977	 -0.129
	 -0.777	 -0.049	  0.627

4 	  37.76	   4.71	  -5.52
	  0.565	  0.673	 -0.476
	 -0.386	  0.725	  0.570
	  0.730	 -0.139	  0.669

5 	  48.06	   8.95	  -6.12
	  0.840	  0.283	 -0.463
	  0.517	 -0.675	  0.525
	 -0.165	 -0.680	 -0.714

6 	  55.02	   9.07	 -13.45
	  0.903	  0.086	 -0.421
	 -0.220	  0.934	 -0.279
	  0.370	  0.344	  0.863

7 	  37.81	  -6.64	  -5.82
	  0.512	 -0.612	 -0.603
	  0.263	  0.780	 -0.568
	  0.818	  0.132	  0.559

8 	  47.41	 -11.04	  -8.96
	  0.778	 -0.163	 -0.606
	 -0.621	 -0.054	 -0.782
	  0.094	  0.985	 -0.144

9 	  54.16	  -9.32	 -16.37
	  0.823	 -0.043	 -0.565
	  0.198	  0.956	  0.216
	  0.531	 -0.291	  0.795

2 	  33.12	  -8.37	  22.69
	  0.264	  0.946	 -0.187
	 -0.964	  0.258	 -0.056
	 -0.004	  0.194	  0.981

3 	  43.91	  -0.90	  -0.86
	  0.605	  0.211	  0.767
	 -0.181	  0.975	 -0.127
	 -0.775	 -0.062	  0.628

4 	  37.63	   4.68	  -5.47
	  0.555	  0.671	 -0.492
	 -0.363	  0.726	  0.583
	  0.749	 -0.146	  0.646

5 	  47.69	   8.95	  -7.15
	  0.789	  0.277	 -0.548
	  0.570	 -0.663	  0.485
	 -0.231	 -0.695	 -0.681

6 	  53.82	   8.84	 -15.36
	  0.846	  0.057	 -0.531
	 -0.223	  0.941	 -0.254
	  0.485	  0.333	  0.808

7 	  37.67	  -6.54	  -5.78
	  0.493	 -0.608	 -0.622
	  0.238	  0.781	 -0.577
	  0.837	  0.137	  0.530

8 	  46.63	 -10.99	 -10.04
	  0.707	 -0.160	 -0.688
	 -0.698	 -0.002	 -0.716
	  0.112	  0.987	 -0.113

9 	  52.63	  -9.05	 -18.25
	  0.750	 -0.024	 -0.661
	  0.229	  0.947	  0.224
	  0.621	 -0.320	  0.715

2 	  33.12	  -8.37	  22.69
	  0.264	  0.946	 -0.187
	 -0.964	  0.258	 -0.056
	 -0.004	  0.194	  0.981

3 	  43.88	  -0.90	  -0.93
	  0.609	  0.215	  0.763
	 -0.193	  0.973	 -0.122
	 -0.770	 -0.073	  0.634

4 	  37.53	   4.62	  -5.38
	  0.543	  0.672	 -0.503
	 -0.338	  0.723	  0.603
	  0.769	 -0.158	  0.619

5 	  47.16	   9.05	  -8.00
	  0.729	  0.282	 -0.623
	  0.624	 -0.649	  0.435
	 -0.284	 -0.705	 -0.650

6 	  52.38	   8.75	 -17.16
	  0.770	  0.022	 -0.637
	 -0.203	  0.956	 -0.212
	  0.604	  0.293	  0.741

7 	  37.48	  -6.45	  -5.75
	  0.464	 -0.614	 -0.639
	  0.217	  0.778	 -0.590
	  0.859	  0.135	  0.494

8 	  45.81	 -10.99	 -10.86
	  0.636	 -0.165	 -0.754
	 -0.759	  0.040	 -0.649
	  0.137	  0.985	 -0.100

9 	  51.06	  -9.00	 -19.72
	  0.676	 -0.020	 -0.736
	  0.254	  0.945	  0.207
	  0.691	 -0.327	  0.644

2 	  33.12	  -8.37	  22.69
	  0.264	  0.946	 -0.187
	 -0.964	  0.258	 -0.056
	 -0.004	  0.194	  0.981

3 	  43.86	  -0.88	  -1.02
	  0.614	  0.215	  0.759
	 -0.203	  0.972	 -0.113
	 -0.763	 -0.084	  0.641

4 	  37.42	   4.68	  -5.27
	  0.527	  0.680	 -0.510
	 -0.318	  0.713	  0.624
	  0.789	 -0.167	  0.591

5 	  46.72	   9.25	  -8.47
	  0.681	  0.293	 -0.670
	  0.660	 -0.643	  0.389
	 -0.319	 -0.706	 -0.632

6 	  51.21	   8.93	 -18.14
	  0.711	  0.002	 -0.703
	 -0.186	  0.965	 -0.186
	  0.677	  0.264	  0.686

7 	  37.35	  -6.33	  -5.73
	  0.443	 -0.617	 -0.650
	  0.200	  0.775	 -0.600
	  0.874	  0.135	  0.466

8 	  45.05	 -10.99	 -11.53
	  0.569	 -0.171	 -0.804
	 -0.807	  0.073	 -0.586
	  0.159	  0.982	 -0.096

9 	  49.62	  -8.95	 -20.90
	  0.607	 -0.017	 -0.794
	  0.271	  0.944	  0.186
	  0.747	 -0.328	  0.578

2 	  33.12	  -8.37	  22.69
	  0.264	  0.946	 -0.187
	 -0.964	  0.258	 -0.056
	 -0.004	  0.194	  0.981

3 	  43.88	  -0.86	  -1.11
	  0.616	  0.214	  0.758
	 -0.212	  0.972	 -0.103
	 -0.759	 -0.096	  0.643

4 	  37.39	   4.73	  -5.15
	  0.508	  0.694	 -0.510
	 -0.308	  0.699	  0.646
	  0.805	 -0.171	  0.568

5 	  46.21	   9.69	  -8.93
	  0.623	  0.319	 -0.714
	  0.708	 -0.619	  0.340
	 -0.336	 -0.716	 -0.612

6 	  49.90	   9.40	 -18.97
	  0.644	 -0.005	 -0.765
	 -0.190	  0.968	 -0.166
	  0.741	  0.252	  0.622

7 	  37.28	  -6.22	  -5.66
	  0.422	 -0.622	 -0.660
	  0.183	  0.771	 -0.610
	  0.888	  0.136	  0.439

8 	  44.44	 -11.02	 -12.01
	  0.504	 -0.178	 -0.845
	 -0.847	  0.091	 -0.523
	  0.170	  0.980	 -0.104

9 	  48.23	  -8.93	 -21.87
	  0.535	 -0.010	 -0.845
	  0.263	  0.952	  0.155
	  0.804	 -0.305	  0.509

2 	  33.12	  -8.37	  22.69
	  0.264	  0.946	 -0.187
	 -0.964	  0.258	 -0.056
	 -0.004	  0.194	  0.981

3 	  43.91	  -0.81	  -1.20
	  0.616	  0.215	  0.757
	 -0.222	  0.970	 -0.096
	 -0.756	 -0.109	  0.645

4 	  37.28	   4.69	  -5.04
	  0.473	  0.712	 -0.519
	 -0.303	  0.684	  0.663
	  0.827	 -0.157	  0.539

5 	  45.49	  10.11	  -9.33
	  0.557	  0.351	 -0.752
	  0.760	 -0.580	  0.291
	 -0.337	 -0.734	 -0.590

6 	  48.46	   9.84	 -19.81
	  0.576	  0.003	 -0.817
	 -0.218	  0.964	 -0.151
	  0.787	  0.266	  0.556

7 	  37.21	  -6.22	  -5.59
	  0.403	 -0.626	 -0.668
	  0.160	  0.766	 -0.622
	  0.901	  0.143	  0.409

8 	  43.86	 -11.11	 -12.32
	  0.442	 -0.189	 -0.877
	 -0.882	  0.085	 -0.463
	  0.162	  0.978	 -0.129

9 	  46.90	  -9.09	 -22.57
	  0.463	 -0.009	 -0.886
	  0.235	  0.965	  0.113
	  0.855	 -0.261	  0.448

2 	  33.12	  -8.37	  22.69
	  0.264	  0.946	 -0.187
	 -0.964	  0.258	 -0.056
	 -0.004	  0.194	  0.981

3 	  43.89	  -0.79	  -1.30
	  0.622	  0.215	  0.752
	 -0.230	  0.969	 -0.089
	 -0.749	 -0.117	  0.652

4 	  37.11	   4.69	  -4.89
	  0.443	  0.727	 -0.525
	 -0.294	  0.670	  0.682
	  0.847	 -0.148	  0.510

5 	  44.86	  10.44	  -9.56
	  0.502	  0.375	 -0.779
	  0.796	 -0.552	  0.247
	 -0.340	 -0.744	 -0.575

6 	  47.25	  10.11	 -20.30
	  0.518	 -0.011	 -0.855
	 -0.229	  0.961	 -0.152
	  0.824	  0.275	  0.495

7 	  37.05	  -6.19	  -5.52
	  0.378	 -0.631	 -0.677
	  0.143	  0.762	 -0.631
	  0.914	  0.141	  0.379

8 	  43.29	 -11.25	 -12.57
	  0.387	 -0.202	 -0.900
	 -0.908	  0.084	 -0.409
	  0.158	  0.976	 -0.151

9 	  45.72	  -9.28	 -23.08
	  0.404	 -0.008	 -0.915
	  0.209	  0.974	  0.085
	  0.891	 -0.227	  0.394

2 	  33.12	  -8.37	  22.69
	  0.264	  0.946	 -0.187
	 -0.965	  0.258	 -0.056
	 -0.004	  0.194	  0.981

3 	  43.86	  -0.79	  -1.37
	  0.626	  0.212	  0.750
	 -0.231	  0.969	 -0.083
	 -0.745	 -0.121	  0.656

4 	  37.00	   4.75	  -4.75
	  0.417	  0.741	 -0.526
	 -0.286	  0.656	  0.698
	  0.863	 -0.140	  0.485

5 	  44.46	  10.76	  -9.60
	  0.468	  0.393	 -0.791
	  0.816	 -0.537	  0.215
	 -0.343	 -0.746	 -0.571

6 	  46.48	  10.21	 -20.51
	  0.478	 -0.037	 -0.878
	 -0.227	  0.960	 -0.165
	  0.849	  0.278	  0.449

7 	  36.97	  -6.17	  -5.45
	  0.358	 -0.636	 -0.683
	  0.129	  0.758	 -0.639
	  0.925	  0.140	  0.353

8 	  42.80	 -11.34	 -12.74
	  0.341	 -0.211	 -0.916
	 -0.926	  0.093	 -0.366
	  0.162	  0.973	 -0.164

9 	  44.79	  -9.33	 -23.41
	  0.354	  0.001	 -0.935
	  0.206	  0.975	  0.080
	  0.912	 -0.222	  0.344

2 	  33.12	  -8.38	  22.69
	  0.264	  0.946	 -0.187
	 -0.965	  0.258	 -0.055
	 -0.004	  0.194	  0.981

3 	  43.84	  -0.79	  -1.46
	  0.633	  0.207	  0.746
	 -0.230	  0.970	 -0.076
	 -0.740	 -0.123	  0.661

4 	  36.95	   4.73	  -4.71
	  0.403	  0.745	 -0.532
	 -0.273	  0.651	  0.708
	  0.874	 -0.140	  0.465

5 	  44.09	  10.88	  -9.77
	  0.432	  0.402	 -0.807
	  0.834	 -0.519	  0.187
	 -0.346	 -0.754	 -0.559

6 	  45.74	  10.23	 -20.87
	  0.441	 -0.044	 -0.897
	 -0.240	  0.956	 -0.165
	  0.865	  0.288	  0.410

7 	  36.88	  -6.17	  -5.43
	  0.343	 -0.639	 -0.688
	  0.115	  0.755	 -0.645
	  0.932	  0.142	  0.333

8 	  42.47	 -11.39	 -12.87
	  0.310	 -0.213	 -0.927
	 -0.937	  0.098	 -0.335
	  0.162	  0.972	 -0.169

9 	  44.12	  -9.35	 -23.64
	  0.319	  0.006	 -0.948
	  0.207	  0.975	  0.076
	  0.925	 -0.222	  0.308

2 	  33.12	  -8.37	  22.69
	  0.264	  0.946	 -0.187
	 -0.965	  0.258	 -0.056
	 -0.004	  0.194	  0.981

3 	  43.79	  -0.83	  -1.56
	  0.643	  0.209	  0.737
	 -0.232	  0.970	 -0.074
	 -0.730	 -0.123	  0.672

4 	  36.79	   4.62	  -4.68
	  0.384	  0.747	 -0.543
	 -0.261	  0.651	  0.713
	  0.886	 -0.132	  0.444

5 	  43.68	  10.85	 -10.00
	  0.399	  0.403	 -0.823
	  0.849	 -0.500	  0.167
	 -0.347	 -0.766	 -0.542

6 	  44.96	  10.05	 -21.18
	  0.408	 -0.059	 -0.911
	 -0.251	  0.952	 -0.174
	  0.878	  0.300	  0.373

7 	  36.74	  -6.28	  -5.33
	  0.329	 -0.644	 -0.691
	  0.099	  0.751	 -0.653
	  0.939	  0.146	  0.311

8 	  42.10	 -11.53	 -12.90
	  0.278	 -0.216	 -0.936
	 -0.948	  0.095	 -0.304
	  0.155	  0.971	 -0.178

9 	  43.35	  -9.42	 -23.80
	  0.281	  0.019	 -0.960
	  0.194	  0.978	  0.077
	  0.940	 -0.209	  0.270

2 	  33.12	  -8.37	  22.69
	  0.264	  0.946	 -0.187
	 -0.964	  0.258	 -0.056
	 -0.004	  0.194	  0.981

3 	  43.72	  -0.88	  -1.63
	  0.650	  0.211	  0.729
	 -0.234	  0.969	 -0.073
	 -0.723	 -0.123	  0.679

4 	  36.67	   4.57	  -4.61
	  0.367	  0.752	 -0.546
	 -0.253	  0.645	  0.721
	  0.895	 -0.127	  0.427

5 	  43.40	  10.95	 -10.02
	  0.379	  0.413	 -0.828
	  0.858	 -0.491	  0.147
	 -0.348	 -0.767	 -0.540

6 	  44.47	  10.05	 -21.25
	  0.386	 -0.070	 -0.920
	 -0.252	  0.951	 -0.179
	  0.887	  0.301	  0.349

7 	  36.60	  -6.33	  -5.26
	  0.313	 -0.650	 -0.692
	  0.088	  0.745	 -0.660
	  0.945	  0.146	  0.291

8 	  41.75	 -11.72	 -12.92
	  0.251	 -0.226	 -0.941
	 -0.955	  0.101	 -0.279
	  0.158	  0.969	 -0.191

9 	  42.66	  -9.46	 -23.85
	  0.248	  0.040	 -0.968
	  0.189	  0.978	  0.090
	  0.950	 -0.207	  0.234

2 	  33.12	  -8.37	  22.69
	  0.264	  0.946	 -0.187
	 -0.964	  0.258	 -0.056
	 -0.004	  0.194	  0.981

3 	  43.65	  -0.93	  -1.71
	  0.660	  0.209	  0.721
	 -0.232	  0.970	 -0.071
	 -0.716	 -0.120	  0.688

4 	  36.58	   4.55	  -4.54
	  0.356	  0.757	 -0.547
	 -0.241	  0.639	  0.730
	  0.903	 -0.128	  0.409

5 	  43.01	  11.07	 -10.07
	  0.349	  0.425	 -0.835
	  0.870	 -0.477	  0.120
	 -0.349	 -0.769	 -0.536

6 	  43.77	   9.98	 -21.38
	  0.352	 -0.095	 -0.931
	 -0.255	  0.947	 -0.194
	  0.901	  0.305	  0.308

7 	  36.49	  -6.36	  -5.22
	  0.301	 -0.653	 -0.695
	  0.080	  0.743	 -0.664
	  0.950	  0.144	  0.276

8 	  41.48	 -11.78	 -12.96
	  0.231	 -0.228	 -0.946
	 -0.960	  0.103	 -0.260
	  0.157	  0.968	 -0.195

9 	  42.21	  -9.42	 -23.92
	  0.224	  0.050	 -0.973
	  0.186	  0.978	  0.094
	  0.956	 -0.203	  0.208

2 	  33.12	  -8.37	  22.69
	  0.264	  0.946	 -0.187
	 -0.965	  0.258	 -0.056
	 -0.004	  0.194	  0.981

3 	  43.58	  -0.93	  -1.78
	  0.668	  0.209	  0.714
	 -0.233	  0.970	 -0.069
	 -0.707	 -0.119	  0.696

4 	  36.47	   4.55	  -4.50
	  0.339	  0.763	 -0.550
	 -0.233	  0.634	  0.737
	  0.912	 -0.122	  0.392

5 	  42.75	  11.20	 -10.09
	  0.329	  0.434	 -0.838
	  0.879	 -0.464	  0.104
	 -0.345	 -0.772	 -0.534

6 	  43.37	  10.05	 -21.41
	  0.337	 -0.099	 -0.936
	 -0.263	  0.945	 -0.195
	  0.904	  0.312	  0.292

7 	  36.42	  -6.33	  -5.17
	  0.293	 -0.652	 -0.699
	  0.069	  0.744	 -0.665
	  0.953	  0.146	  0.263

8 	  41.29	 -11.76	 -12.99
	  0.217	 -0.227	 -0.949
	 -0.964	  0.102	 -0.245
	  0.152	  0.968	 -0.197

9 	  41.84	  -9.32	 -24.05
	  0.205	  0.057	 -0.977
	  0.183	  0.978	  0.096
	  0.961	 -0.199	  0.189

2 	  33.12	  -8.37	  22.69
	  0.264	  0.946	 -0.187
	 -0.965	  0.258	 -0.055
	 -0.004	  0.194	  0.981

3 	  43.58	  -0.91	  -1.79
	  0.671	  0.207	  0.712
	 -0.233	  0.970	 -0.066
	 -0.705	 -0.120	  0.698

4 	  36.44	   4.57	  -4.46
	  0.334	  0.766	 -0.549
	 -0.227	  0.630	  0.743
	  0.915	 -0.124	  0.384

5 	  42.64	  11.29	 -10.05
	  0.321	  0.439	 -0.839
	  0.883	 -0.459	  0.096
	 -0.345	 -0.772	 -0.535

6 	  43.21	  10.14	 -21.39
	  0.330	 -0.100	 -0.939
	 -0.269	  0.943	 -0.196
	  0.905	  0.318	  0.283

7 	  36.39	  -6.31	  -5.17
	  0.288	 -0.651	 -0.702
	  0.068	  0.745	 -0.663
	  0.955	  0.144	  0.259

8 	  41.24	 -11.69	 -13.03
	  0.211	 -0.224	 -0.951
	 -0.965	  0.106	 -0.239
	  0.155	  0.968	 -0.194

9 	  41.75	  -9.23	 -24.05
	  0.201	  0.061	 -0.978
	  0.189	  0.977	  0.100
	  0.961	 -0.206	  0.184

2 	  33.12	  -8.38	  22.69
	  0.264	  0.946	 -0.187
	 -0.965	  0.258	 -0.056
	 -0.004	  0.194	  0.981

3 	  43.56	  -0.88	  -1.79
	  0.671	  0.206	  0.712
	 -0.233	  0.970	 -0.063
	 -0.705	 -0.122	  0.699

4 	  36.46	   4.62	  -4.43
	  0.332	  0.769	 -0.546
	 -0.228	  0.626	  0.745
	  0.915	 -0.123	  0.383

5 	  42.64	  11.36	 -10.02
	  0.319	  0.443	 -0.837
	  0.884	 -0.456	  0.095
	 -0.342	 -0.771	 -0.537

6 	  43.21	  10.23	 -21.36
	  0.330	 -0.100	 -0.939
	 -0.271	  0.942	 -0.196
	  0.904	  0.319	  0.283

7 	  36.42	  -6.24	  -5.17
	  0.289	 -0.650	 -0.703
	  0.067	  0.746	 -0.662
	  0.955	  0.144	  0.259

8 	  41.29	 -11.64	 -13.04
	  0.214	 -0.224	 -0.951
	 -0.964	  0.108	 -0.242
	  0.157	  0.968	 -0.193

9 	  41.84	  -9.19	 -24.05
	  0.204	  0.061	 -0.977
	  0.195	  0.975	  0.102
	  0.959	 -0.213	  0.187

2 	  33.13	  -8.37	  22.71
	  0.264	  0.946	 -0.187
	 -0.964	  0.258	 -0.056
	 -0.004	  0.194	  0.981

3 	  43.61	  -0.84	  -1.79
	  0.671	  0.204	  0.712
	 -0.233	  0.971	 -0.062
	 -0.704	 -0.123	  0.699

4 	  36.53	   4.68	  -4.43
	  0.333	  0.771	 -0.543
	 -0.229	  0.624	  0.747
	  0.915	 -0.125	  0.383

5 	  42.68	  11.44	  -9.98
	  0.319	  0.447	 -0.835
	  0.886	 -0.452	  0.095
	 -0.337	 -0.771	 -0.540

6 	  43.26	  10.30	 -21.30
	  0.332	 -0.099	 -0.938
	 -0.272	  0.942	 -0.196
	  0.903	  0.320	  0.286

7 	  36.49	  -6.22	  -5.19
	  0.290	 -0.650	 -0.702
	  0.069	  0.746	 -0.662
	  0.954	  0.143	  0.261

8 	  41.34	 -11.64	 -13.03
	  0.216	 -0.226	 -0.950
	 -0.963	  0.110	 -0.245
	  0.160	  0.968	 -0.194

9 	  41.94	  -9.21	 -24.03
	  0.207	  0.059	 -0.977
	  0.198	  0.975	  0.102
	  0.958	 -0.215	  0.190

2 	  33.12	  -8.37	  22.71
	  0.264	  0.946	 -0.187
	 -0.964	  0.258	 -0.056
	 -0.004	  0.194	  0.981

3 	  43.65	  -0.81	  -1.79
	  0.668	  0.205	  0.715
	 -0.233	  0.970	 -0.063
	 -0.708	 -0.124	  0.695

4 	  36.54	   4.68	  -4.43
	  0.332	  0.772	 -0.542
	 -0.229	  0.623	  0.748
	  0.915	 -0.124	  0.383

5 	  42.68	  11.48	  -9.95
	  0.318	  0.449	 -0.835
	  0.888	 -0.449	  0.095
	 -0.334	 -0.772	 -0.541

6 	  43.26	  10.34	 -21.29
	  0.332	 -0.098	 -0.938
	 -0.274	  0.942	 -0.196
	  0.902	  0.322	  0.286

7 	  36.49	  -6.24	  -5.17
	  0.289	 -0.652	 -0.701
	  0.070	  0.745	 -0.663
	  0.954	  0.142	  0.261

8 	  41.36	 -11.67	 -12.99
	  0.218	 -0.230	 -0.948
	 -0.962	  0.112	 -0.249
	  0.163	  0.966	 -0.197

9 	  41.98	  -9.30	 -23.99
	  0.209	  0.055	 -0.976
	  0.201	  0.974	  0.099
	  0.957	 -0.218	  0.192

2 	  33.12	  -8.38	  22.69
	  0.264	  0.946	 -0.187
	 -0.964	  0.258	 -0.056
	 -0.004	  0.194	  0.981

3 	  43.65	  -0.83	  -1.78
	  0.668	  0.205	  0.715
	 -0.231	  0.971	 -0.065
	 -0.709	 -0.121	  0.695

4 	  36.54	   4.66	  -4.43
	  0.330	  0.772	 -0.543
	 -0.229	  0.623	  0.748
	  0.916	 -0.123	  0.382

5 	  42.66	  11.48	  -9.93
	  0.317	  0.451	 -0.834
	  0.890	 -0.445	  0.096
	 -0.330	 -0.773	 -0.542

6 	  43.26	  10.35	 -21.27
	  0.333	 -0.099	 -0.938
	 -0.277	  0.940	 -0.198
	  0.901	  0.326	  0.286

7 	  36.47	  -6.26	  -5.15
	  0.286	 -0.655	 -0.699
	  0.071	  0.742	 -0.666
	  0.955	  0.141	  0.259

8 	  41.36	 -11.71	 -12.96
	  0.218	 -0.232	 -0.948
	 -0.962	  0.113	 -0.249
	  0.164	  0.966	 -0.199

9 	  41.98	  -9.35	 -23.96
	  0.210	  0.053	 -0.976
	  0.202	  0.974	  0.098
	  0.956	 -0.219	  0.193

2 	  33.12	  -8.37	  22.69
	  0.264	  0.946	 -0.187
	 -0.965	  0.258	 -0.056
	 -0.004	  0.194	  0.981

3 	  43.65	  -0.86	  -1.78
	  0.670	  0.205	  0.713
	 -0.228	  0.971	 -0.068
	 -0.708	 -0.116	  0.696

4 	  36.54	   4.64	  -4.43
	  0.328	  0.773	 -0.543
	 -0.230	  0.622	  0.748
	  0.916	 -0.121	  0.381

5 	  42.70	  11.50	  -9.93
	  0.318	  0.453	 -0.833
	  0.891	 -0.442	  0.098
	 -0.325	 -0.774	 -0.543

6 	  43.38	  10.37	 -21.22
	  0.339	 -0.098	 -0.936
	 -0.278	  0.939	 -0.200
	  0.899	  0.328	  0.291

7 	  36.49	  -6.26	  -5.13
	  0.286	 -0.657	 -0.698
	  0.074	  0.741	 -0.667
	  0.955	  0.138	  0.261

8 	  41.41	 -11.79	 -12.88
	  0.225	 -0.239	 -0.944
	 -0.959	  0.116	 -0.258
	  0.171	  0.964	 -0.203

9 	  42.24	  -9.49	 -23.85
	  0.223	  0.049	 -0.974
	  0.207	  0.973	  0.097
	  0.952	 -0.224	  0.206

2 	  33.12	  -8.37	  22.69
	  0.264	  0.946	 -0.187
	 -0.964	  0.258	 -0.056
	 -0.004	  0.194	  0.981

3 	  43.68	  -0.88	  -1.74
	  0.667	  0.205	  0.716
	 -0.222	  0.972	 -0.073
	 -0.712	 -0.110	  0.693

4 	  36.60	   4.68	  -4.45
	  0.329	  0.776	 -0.537
	 -0.242	  0.619	  0.747
	  0.913	 -0.116	  0.390

5 	  43.12	  11.55	  -9.62
	  0.361	  0.458	 -0.812
	  0.880	 -0.455	  0.134
	 -0.310	 -0.763	 -0.567

6 	  44.44	  10.53	 -20.74
	  0.390	 -0.089	 -0.916
	 -0.259	  0.944	 -0.203
	  0.883	  0.316	  0.345

7 	  36.54	  -6.28	  -5.15
	  0.292	 -0.663	 -0.689
	  0.091	  0.736	 -0.670
	  0.952	  0.133	  0.276

8 	  41.98	 -11.95	 -12.55
	  0.282	 -0.255	 -0.925
	 -0.942	  0.110	 -0.318
	  0.182	  0.961	 -0.208

9 	  43.58	  -9.74	 -23.36
	  0.289	  0.038	 -0.957
	  0.204	  0.974	  0.102
	  0.935	 -0.225	  0.273

2 	  33.12	  -8.37	  22.69
	  0.264	  0.946	 -0.187
	 -0.964	  0.258	 -0.056
	 -0.004	  0.194	  0.981

3 	  43.73	  -0.88	  -1.65
	  0.666	  0.203	  0.717
	 -0.214	  0.973	 -0.078
	 -0.715	 -0.101	  0.692

4 	  36.74	   4.76	  -4.50
	  0.342	  0.779	 -0.524
	 -0.267	  0.615	  0.742
	  0.901	 -0.114	  0.418

5 	  44.03	  11.50	  -9.04
	  0.458	  0.454	 -0.764
	  0.847	 -0.483	  0.219
	 -0.272	 -0.748	 -0.606

6 	  46.65	  10.69	 -19.72
	  0.502	 -0.074	 -0.862
	 -0.241	  0.944	 -0.223
	  0.830	  0.320	  0.456

7 	  36.72	  -6.31	  -5.20
	  0.316	 -0.673	 -0.669
	  0.118	  0.727	 -0.676
	  0.941	  0.134	  0.309

8 	  43.17	 -12.30	 -11.67
	  0.404	 -0.293	 -0.867
	 -0.895	  0.072	 -0.441
	  0.192	  0.953	 -0.233

9 	  46.34	 -10.41	 -22.01
	  0.424	  0.016	 -0.906
	  0.170	  0.980	  0.098
	  0.889	 -0.197	  0.412

2 	  33.12	  -8.37	  22.69
	  0.264	  0.946	 -0.187
	 -0.964	  0.258	 -0.056
	 -0.004	  0.194	  0.981

3 	  43.80	  -0.83	  -1.46
	  0.666	  0.203	  0.718
	 -0.203	  0.975	 -0.090
	 -0.719	 -0.085	  0.690

4 	  36.91	   4.87	  -4.61
	  0.378	  0.772	 -0.511
	 -0.294	  0.623	  0.725
	  0.878	 -0.124	  0.462

5 	  45.28	  11.30	  -7.98
	  0.594	  0.440	 -0.673
	  0.776	 -0.532	  0.337
	 -0.212	 -0.723	 -0.658

6 	  49.64	  10.62	 -17.84
	  0.651	 -0.067	 -0.757
	 -0.182	  0.953	 -0.243
	  0.738	  0.297	  0.605

7 	  36.91	  -6.47	  -5.26
	  0.334	 -0.683	 -0.650
	  0.155	  0.719	 -0.677
	  0.930	  0.126	  0.346

8 	  44.79	 -12.78	  -9.91
	  0.578	 -0.341	 -0.741
	 -0.791	 -0.012	 -0.611
	  0.200	  0.940	 -0.277

9 	  49.92	 -11.50	 -19.25
	  0.614	 -0.030	 -0.788
	  0.134	  0.988	  0.068
	  0.777	 -0.149	  0.611

2 	  33.12	  -8.37	  22.69
	  0.264	  0.946	 -0.187
	 -0.964	  0.258	 -0.056
	 -0.004	  0.194	  0.981

3 	  43.91	  -0.88	  -1.23
	  0.658	  0.197	  0.726
	 -0.173	  0.979	 -0.109
	 -0.733	 -0.054	  0.678

4 	  37.18	   4.92	  -4.75
	  0.420	  0.763	 -0.491
	 -0.336	  0.633	  0.697
	  0.843	 -0.128	  0.522

5 	  46.60	  11.02	  -6.06
	  0.750	  0.419	 -0.511
	  0.654	 -0.586	  0.479
	 -0.100	 -0.693	 -0.714

6 	  53.05	  10.27	 -14.17
	  0.822	 -0.079	 -0.564
	 -0.094	  0.958	 -0.273
	  0.561	  0.279	  0.779

7 	  37.32	  -6.70	  -5.29
	  0.384	 -0.689	 -0.614
	  0.213	  0.713	 -0.667
	  0.898	  0.126	  0.421

8 	  46.49	 -13.08	  -7.28
	  0.758	 -0.369	 -0.538
	 -0.616	 -0.130	 -0.777
	  0.217	  0.920	 -0.325

9 	  53.68	 -12.27	 -14.73
	  0.810	 -0.057	 -0.583
	  0.101	  0.994	  0.044
	  0.577	 -0.098	  0.811

2 	  33.12	  -8.37	  22.69
	  0.264	  0.946	 -0.187
	 -0.964	  0.258	 -0.056
	 -0.004	  0.194	  0.981

3 	  44.19	  -0.91	  -1.00
	  0.640	  0.186	  0.745
	 -0.144	  0.982	 -0.123
	 -0.755	 -0.028	  0.655

4 	  37.74	   5.06	  -4.90
	  0.482	  0.756	 -0.442
	 -0.397	  0.638	  0.660
	  0.781	 -0.143	  0.607

5 	  47.67	  10.76	  -3.73
	  0.863	  0.399	 -0.310
	  0.505	 -0.651	  0.566
	  0.024	 -0.645	 -0.764

6 	  55.72	  10.00	  -9.65
	  0.941	 -0.083	 -0.327
	 -0.008	  0.962	 -0.271
	  0.338	  0.260	  0.904

7 	  37.92	  -6.96	  -5.31
	  0.458	 -0.708	 -0.537
	  0.294	  0.690	 -0.661
	  0.839	  0.145	  0.524

8 	  47.62	 -13.20	  -4.11
	  0.878	 -0.380	 -0.291
	 -0.402	 -0.258	 -0.878
	  0.259	  0.888	 -0.379

9 	  56.32	 -12.71	  -9.09
	  0.947	 -0.074	 -0.313
	  0.084	  0.996	  0.020
	  0.311	 -0.047	  0.949

2 	  33.12	  -8.37	  22.69
	  0.264	  0.946	 -0.187
	 -0.964	  0.258	 -0.056
	 -0.004	  0.194	  0.981

3 	  44.37	  -0.91	  -0.74
	  0.614	  0.187	  0.767
	 -0.129	  0.982	 -0.137
	 -0.779	 -0.015	  0.626

4 	  38.16	   5.17	  -5.01
	  0.526	  0.769	 -0.363
	 -0.472	  0.618	  0.628
	  0.708	 -0.160	  0.687

5 	  47.95	  10.56	  -1.28
	  0.915	  0.390	 -0.103
	  0.368	 -0.702	  0.609
	  0.166	 -0.595	 -0.786

6 	  57.06	  10.18	  -4.68
	  0.997	 -0.047	 -0.063
	  0.031	  0.972	 -0.234
	  0.072	  0.232	  0.970

7 	  38.29	  -7.29	  -5.24
	  0.512	 -0.747	 -0.424
	  0.391	  0.642	 -0.659
	  0.765	  0.172	  0.620

8 	  47.76	 -13.11	  -0.63
	  0.931	 -0.365	 -0.013
	 -0.169	 -0.399	 -0.901
	  0.324	  0.841	 -0.433

9 	  57.38	 -12.81	  -2.57
	  0.997	 -0.074	  0.005
	  0.074	  0.995	 -0.067
	 -0.000	  0.067	  0.998

2 	  33.12	  -8.37	  22.69
	  0.264	  0.946	 -0.187
	 -0.965	  0.258	 -0.056
	 -0.004	  0.194	  0.981

3 	  44.49	  -0.95	  -0.53
	  0.584	  0.182	  0.791
	 -0.109	  0.983	 -0.147
	 -0.804	 -0.000	  0.594

4 	  38.60	   5.45	  -4.99
	  0.551	  0.798	 -0.245
	 -0.558	  0.569	  0.603
	  0.621	 -0.196	  0.758

5 	  47.58	  10.53	   1.34
	  0.913	  0.392	  0.111
	  0.252	 -0.757	  0.603
	  0.321	 -0.523	 -0.789

6 	  57.15	  10.67	   0.93
	  0.974	  0.005	  0.226
	  0.034	  0.985	 -0.167
	 -0.224	  0.168	  0.960

7 	  38.67	  -7.56	  -5.01
	  0.534	 -0.796	 -0.284
	  0.497	  0.567	 -0.656
	  0.684	  0.210	  0.698

8 	  47.16	 -12.97	   2.07
	  0.909	 -0.349	  0.225
	  0.038	 -0.469	 -0.883
	  0.414	  0.811	 -0.413

9 	  56.92	 -12.71	   2.81
	  0.958	 -0.073	  0.275
	  0.095	  0.993	 -0.071
	 -0.269	  0.095	  0.958

2 	  33.12	  -8.37	  22.69
	  0.264	  0.946	 -0.187
	 -0.965	  0.258	 -0.056
	 -0.004	  0.194	  0.981

3 	  44.61	  -0.88	  -0.35
	  0.563	  0.178	  0.807
	 -0.104	  0.984	 -0.145
	 -0.820	 -0.003	  0.572

4 	  38.94	   5.77	  -4.82
	  0.536	  0.835	 -0.120
	 -0.641	  0.494	  0.587
	  0.551	 -0.238	  0.800

5 	  46.48	  10.55	   3.85
	  0.858	  0.392	  0.333
	  0.133	 -0.794	  0.592
	  0.497	 -0.464	 -0.733

6 	  55.86	  10.79	   6.33
	  0.875	  0.013	  0.484
	  0.057	  0.990	 -0.129
	 -0.482	  0.137	  0.865

7 	  38.85	  -7.58	  -4.87
	  0.522	 -0.834	 -0.178
	  0.584	  0.501	 -0.638
	  0.622	  0.229	  0.748

8 	  45.84	 -12.85	   4.17
	  0.822	 -0.350	  0.449
	  0.230	 -0.518	 -0.824
	  0.522	  0.779	 -0.347

9 	  55.09	 -12.99	   7.82
	  0.840	 -0.103	  0.532
	  0.135	  0.990	 -0.024
	 -0.525	  0.094	  0.846

2 	  33.12	  -8.37	  22.69
	  0.264	  0.946	 -0.187
	 -0.964	  0.258	 -0.056
	 -0.004	  0.194	  0.981

3 	  44.67	  -0.81	  -0.25
	  0.546	  0.173	  0.819
	 -0.102	  0.984	 -0.141
	 -0.832	 -0.006	  0.555

4 	  38.94	   5.98	  -4.55
	  0.479	  0.877	 -0.016
	 -0.720	  0.403	  0.564
	  0.503	 -0.258	  0.825

5 	  44.60	  10.63	   5.84
	  0.738	  0.397	  0.546
	 -0.001	 -0.808	  0.589
	  0.675	 -0.434	 -0.596

6 	  53.14	  10.99	  11.13
	  0.708	  0.023	  0.705
	  0.091	  0.988	 -0.121
	 -0.701	  0.146	  0.698

7 	  38.90	  -7.79	  -4.64
	  0.484	 -0.872	 -0.071
	  0.667	  0.418	 -0.617
	  0.569	  0.250	  0.783

8 	  43.91	 -12.69	   6.06
	  0.672	 -0.342	  0.657
	  0.398	 -0.582	 -0.709
	  0.627	  0.736	 -0.255

9 	  51.93	 -13.31	  12.29
	  0.661	 -0.119	  0.740
	  0.191	  0.981	 -0.013
	 -0.725	  0.151	  0.671

2 	  33.12	  -8.37	  22.69
	  0.264	  0.946	 -0.187
	 -0.964	  0.258	 -0.056
	 -0.004	  0.194	  0.981

3 	  44.68	  -0.84	  -0.12
	  0.529	  0.167	  0.831
	 -0.093	  0.986	 -0.140
	 -0.843	 -0.004	  0.537

4 	  39.01	   6.12	  -4.29
	  0.427	  0.902	  0.065
	 -0.775	  0.327	  0.540
	  0.467	 -0.281	  0.838

5 	  42.77	  10.46	   7.19
	  0.592	  0.395	  0.702
	 -0.077	 -0.840	  0.536
	  0.802	 -0.371	 -0.467

6 	  50.34	  10.81	  14.31
	  0.554	  0.019	  0.832
	  0.085	  0.993	 -0.075
	 -0.830	  0.108	  0.548

7 	  38.85	  -7.82	  -4.46
	  0.434	 -0.901	  0.000
	  0.726	  0.348	 -0.593
	  0.535	  0.257	  0.804

8 	  41.89	 -12.46	   7.08
	  0.505	 -0.343	  0.792
	  0.492	 -0.641	 -0.589
	  0.710	  0.686	 -0.155

9 	  48.83	 -13.27	  14.87
	  0.517	 -0.107	  0.849
	  0.239	  0.970	 -0.023
	 -0.823	  0.215	  0.526

2 	  33.12	  -8.38	  22.69
	  0.264	  0.946	 -0.187
	 -0.964	  0.258	 -0.056
	 -0.004	  0.194	  0.981

3 	  44.68	  -0.79	  -0.04
	  0.521	  0.152	  0.839
	 -0.081	  0.988	 -0.130
	 -0.850	 -0.000	  0.527

4 	  39.04	   6.28	  -4.08
	  0.390	  0.913	  0.115
	 -0.807	  0.279	  0.520
	  0.444	 -0.295	  0.846

5 	  41.31	  10.23	   7.89
	  0.452	  0.383	  0.806
	 -0.125	 -0.868	  0.480
	  0.884	 -0.316	 -0.345

6 	  47.94	  10.53	  16.26
	  0.420	  0.015	  0.907
	  0.078	  0.995	 -0.050
	 -0.905	  0.088	  0.416

7 	  38.78	  -7.79	  -4.38
	  0.395	 -0.918	  0.040
	  0.756	  0.300	 -0.581
	  0.522	  0.259	  0.812

8 	  40.32	 -12.11	   7.52
	  0.356	 -0.335	  0.872
	  0.548	 -0.682	 -0.484
	  0.758	  0.649	 -0.058

9 	  46.18	 -12.99	  16.40
	  0.389	 -0.089	  0.917
	  0.251	  0.968	 -0.012
	 -0.887	  0.234	  0.399

2 	  33.12	  -8.38	  22.69
	  0.264	  0.946	 -0.187
	 -0.964	  0.258	 -0.056
	 -0.004	  0.194	  0.981

3 	  44.75	  -0.79	  -0.02
	  0.516	  0.136	  0.846
	 -0.064	  0.990	 -0.121
	 -0.854	  0.009	  0.519

4 	  39.16	   6.36	  -3.96
	  0.367	  0.918	  0.146
	 -0.825	  0.248	  0.507
	  0.431	 -0.307	  0.849

5 	  39.94	  10.27	   8.09
	  0.300	  0.382	  0.874
	 -0.183	 -0.877	  0.444
	  0.937	 -0.291	 -0.194

6 	  45.32	  10.56	  17.40
