% Calibrated with leiden_pols
% Positions are in centimeters
Data =[
 2    98.675   -18.109    59.099
 2    -0.022    -1.000     0.000
 2     0.999    -0.021     0.038
 2    -0.039     0.000     0.999
 3   100.836    -5.078    11.750
 3     0.169    -0.153     0.974
 3     0.021     0.988     0.151
 3    -0.985    -0.005     0.170
 4   111.618    14.803     0.886
 4     0.832    -0.431     0.350
 4     0.551     0.567    -0.612
 4     0.065     0.702     0.709
 5   109.150    18.850    33.615
 5    -0.198     0.048     0.979
 5    -0.244     0.965    -0.097
 5    -0.949    -0.258    -0.179
 6   127.509    26.500    47.096
 6     0.430    -0.673    -0.606
 6    -0.121     0.620    -0.774
 6     0.895     0.404     0.185
 7   111.527   -18.374     0.446
 7     0.730     0.424     0.537
 7    -0.680     0.529     0.507
 7    -0.069    -0.735     0.674
 8   107.901   -26.362    27.673
 8    -0.232    -0.111     0.966
 8     0.352     0.917     0.189
 8    -0.907     0.383    -0.173
 9   131.718   -29.616    44.711
 9     0.352     0.424    -0.836
 9     0.018     0.888     0.456
 9     0.936    -0.175     0.305
 2    98.725   -18.109    59.124
 2    -0.022    -1.000     0.000
 2     0.999    -0.021     0.038
 2    -0.039     0.000     0.999
 3   100.832    -5.086    11.772
 3     0.167    -0.151     0.974
 3     0.019     0.988     0.149
 3    -0.986    -0.006     0.168
 4   111.609    14.699     0.770
 4     0.831    -0.431     0.353
 4     0.552     0.569    -0.609
 4     0.061     0.700     0.710
 5   109.067    18.985    33.255
 5    -0.200    -0.016     0.980
 5    -0.294     0.955    -0.044
 5    -0.935    -0.297    -0.195
 6   127.042    29.633    46.388
 6     0.453    -0.732    -0.514
 6    -0.022     0.563    -0.824
 6     0.891     0.382     0.239
 7   111.639   -18.419     0.409
 7     0.733     0.419     0.537
 7    -0.677     0.523     0.516
 7    -0.065    -0.742     0.667
 8   107.808   -26.233    27.592
 8    -0.223    -0.060     0.973
 8     0.368     0.919     0.140
 8    -0.903     0.389    -0.183
 9   131.486   -30.760    44.644
 9     0.365     0.505    -0.785
 9    -0.006     0.842     0.537
 9     0.931    -0.190     0.308
 2    98.725   -18.058    59.099
 2    -0.022    -1.000     0.000
 2     0.999    -0.022     0.038
 2    -0.039     0.000     0.999
 3   100.844    -5.087    11.733
 3     0.167    -0.150     0.974
 3     0.017     0.988     0.149
 3    -0.986    -0.009     0.168
 4   111.510    14.699     0.771
 4     0.831    -0.431     0.353
 4     0.553     0.569    -0.608
 4     0.061     0.699     0.711
 5   109.183    18.991    33.085
 5    -0.203    -0.051     0.978
 5    -0.311     0.950    -0.015
 5    -0.928    -0.307    -0.209
 6   126.827    30.824    45.985
 6     0.462    -0.761    -0.462
 6     0.024     0.526    -0.848
 6     0.886     0.379     0.260
 7   111.595   -18.417     0.404
 7     0.733     0.418     0.536
 7    -0.677     0.522     0.519
 7    -0.063    -0.744     0.665
 8   107.818   -26.278    27.555
 8    -0.225    -0.057     0.973
 8     0.372     0.918     0.139
 8    -0.901     0.393    -0.185
 9   131.537   -31.305    44.416
 9     0.364     0.521    -0.774
 9    -0.022     0.833     0.549
 9     0.931    -0.182     0.314
 2    98.725   -18.058    59.124
 2    -0.022    -1.000     0.000
 2     0.999    -0.022     0.038
 2    -0.039     0.000     0.999
 3   100.844    -5.113    11.733
 3     0.166    -0.150     0.974
 3     0.017     0.988     0.149
 3    -0.986    -0.009     0.167
 4   111.614    14.676     0.714
 4     0.831    -0.432     0.352
 4     0.553     0.568    -0.610
 4     0.063     0.700     0.710
 5   109.339    18.861    32.911
 5    -0.204    -0.115     0.972
 5    -0.339     0.940     0.040
 5    -0.918    -0.321    -0.230
 6   126.281    32.988    45.332
 6     0.469    -0.803    -0.374
 6     0.103     0.465    -0.878
 6     0.877     0.371     0.300
 7   111.647   -18.365     0.350
 7     0.733     0.418     0.537
 7    -0.677     0.520     0.520
 7    -0.062    -0.744     0.664
 8   108.082   -26.500    27.227
 8    -0.222     0.011     0.975
 8     0.408     0.909     0.082
 8    -0.885     0.416    -0.207
 9   131.484   -34.150    43.339
 9     0.376     0.603    -0.708
 9    -0.101     0.782     0.612
 9     0.921    -0.158     0.353
 2    98.675   -18.109    59.099
 2    -0.022    -1.000     0.000
 2     0.999    -0.021     0.038
 2    -0.039     0.000     0.999
 3   100.846    -5.114    11.684
 3     0.165    -0.150     0.975
 3     0.016     0.988     0.149
 3    -0.986    -0.009     0.166
 4   111.497    14.491     0.464
 4     0.828    -0.435     0.354
 4     0.557     0.578    -0.596
 4     0.054     0.690     0.720
 5   109.360    20.291    31.854
 5    -0.199    -0.211     0.957
 5    -0.434     0.894     0.106
 5    -0.878    -0.395    -0.270
 6   125.507    37.638    42.793
 6     0.486    -0.831    -0.277
 6     0.233     0.424    -0.874
 6     0.842     0.360     0.399
 7   111.566   -18.203     0.165
 7     0.726     0.419     0.545
 7    -0.683     0.527     0.505
 7    -0.076    -0.739     0.669
 8   108.844   -26.920    26.463
 8    -0.243     0.168     0.955
 8     0.489     0.871    -0.029
 8    -0.837     0.461    -0.294
 9   132.080   -39.254    40.224
 9     0.436     0.684    -0.590
 9    -0.238     0.714     0.655
 9     0.868    -0.145     0.473
 2    98.675   -18.058    59.099
 2    -0.022    -1.000     0.000
 2     0.999    -0.021     0.038
 2    -0.039     0.000     0.999
 3   100.814    -5.178    11.656
 3     0.151    -0.161     0.975
 3     0.013     0.987     0.161
 3    -0.988    -0.012     0.151
 4   110.928    14.197     0.054
 4     0.817    -0.446     0.365
 4     0.575     0.597    -0.559
 4     0.032     0.666     0.744
 5   109.617    22.076    30.239
 5    -0.208    -0.349     0.914
 5    -0.555     0.811     0.183
 5    -0.805    -0.470    -0.362
 6   124.582    43.056    38.583
 6     0.526    -0.841    -0.130
 6     0.391     0.373    -0.841
 6     0.755     0.391     0.525
 7   111.212   -17.826    -0.362
 7     0.702     0.433     0.566
 7    -0.702     0.554     0.447
 7    -0.120    -0.711     0.692
 8   110.110   -27.218    25.135
 8    -0.268     0.406     0.874
 8     0.584     0.789    -0.186
 8    -0.766     0.462    -0.448
 9   132.131   -44.289    35.967
 9     0.505     0.780    -0.375
 9    -0.385     0.587     0.710
 9     0.772    -0.216     0.596
 2    98.725   -18.109    59.099
 2    -0.022    -1.000     0.000
 2     0.999    -0.021     0.038
 2    -0.039     0.000     0.999
 3   100.635    -5.180    11.538
 3     0.136    -0.169     0.976
 3     0.021     0.986     0.167
 3    -0.990    -0.002     0.138
 4   110.500    13.864    -0.309
 4     0.806    -0.453     0.382
 4     0.591     0.623    -0.512
 4    -0.006     0.638     0.769
 5   110.153    23.996    28.463
 5    -0.217    -0.452     0.866
 5    -0.661     0.719     0.209
 5    -0.718    -0.528    -0.454
 6   123.687    47.641    33.785
 6     0.547    -0.837    -0.008
 6     0.527     0.350    -0.774
 6     0.650     0.419     0.633
 7   110.961   -17.509    -0.799
 7     0.685     0.444     0.578
 7    -0.713     0.573     0.404
 7    -0.152    -0.689     0.708
 8   111.179   -28.280    23.681
 8    -0.280     0.531     0.801
 8     0.662     0.709    -0.239
 8    -0.694     0.464    -0.549
 9   131.814   -48.064    32.026
 9     0.529     0.815    -0.243
 9    -0.497     0.525     0.690
 9     0.688    -0.246     0.682
 2    98.675   -18.058    59.124
 2    -0.022    -1.000     0.000
 2     0.999    -0.021     0.038
 2    -0.039     0.000     0.999
 3   100.509    -5.180    11.445
 3     0.129    -0.170     0.977
 3     0.026     0.985     0.167
 3    -0.991     0.004     0.132
 4   110.017    13.427    -0.586
 4     0.791    -0.465     0.399
 4     0.610     0.649    -0.455
 4    -0.047     0.602     0.796
 5   110.246    25.813    26.356
 5    -0.209    -0.526     0.825
 5    -0.746     0.630     0.213
 5    -0.632    -0.571    -0.523
 6   122.286    51.311    28.790
 6     0.549    -0.832     0.084
 6     0.636     0.350    -0.688
 6     0.542     0.431     0.721
 7   110.695   -17.253    -0.975
 7     0.672     0.453     0.586
 7    -0.721     0.581     0.377
 7    -0.169    -0.676     0.717
 8   111.856   -29.470    22.242
 8    -0.276     0.619     0.738
 8     0.729     0.632    -0.259
 8    -0.626     0.466    -0.624
 9   130.986   -51.527    28.088
 9     0.530     0.836    -0.148
 9    -0.597     0.489     0.636
 9     0.603    -0.249     0.757
 2    98.675   -18.058    59.099
 2    -0.022    -1.000     0.000
 2     0.999    -0.021     0.038
 2    -0.039     0.000     0.999
 3   100.385    -5.185    11.405
 3     0.120    -0.172     0.978
 3     0.026     0.985     0.170
 3    -0.992     0.005     0.123
 4   109.676    12.938    -0.856
 4     0.771    -0.481     0.419
 4     0.630     0.669    -0.394
 4    -0.091     0.566     0.818
 5   110.287    27.277    24.173
 5    -0.203    -0.575     0.793
 5    -0.810     0.552     0.194
 5    -0.550    -0.603    -0.577
 6   121.189    53.817    23.846
 6     0.546    -0.824     0.149
 6     0.713     0.364    -0.599
 6     0.439     0.433     0.787
 7   110.506   -17.215    -1.077
 7     0.661     0.462     0.592
 7    -0.730     0.579     0.363
 7    -0.176    -0.672     0.719
 8   112.294   -30.942    20.567
 8    -0.268     0.673     0.691
 8     0.790     0.562    -0.243
 8    -0.552     0.480    -0.681
 9   130.138   -54.584    23.659
 9     0.528     0.844    -0.095
 9    -0.680     0.486     0.548
 9     0.508    -0.225     0.831
 2    98.725   -18.058    59.124
 2    -0.022    -1.000     0.000
 2     0.999    -0.021     0.038
 2    -0.039     0.000     0.999
 3   100.296    -5.307    11.416
 3     0.111    -0.171     0.979
 3     0.022     0.985     0.169
 3    -0.994     0.002     0.113
 4   108.999    12.322    -1.197
 4     0.745    -0.500     0.442
 4     0.652     0.682    -0.329
 4    -0.138     0.532     0.834
 5   110.043    28.584    21.849
 5    -0.185    -0.621     0.762
 5    -0.865     0.470     0.174
 5    -0.467    -0.627    -0.623
 6   119.451    55.840    18.918
 6     0.531    -0.823     0.206
 6     0.780     0.379    -0.498
 6     0.332     0.424     0.842
 7   110.010   -16.990    -1.284
 7     0.643     0.468     0.606
 7    -0.739     0.584     0.334
 7    -0.198    -0.663     0.721
 8   112.196   -32.401    18.194
 8    -0.237     0.720     0.654
 8     0.848     0.479    -0.223
 8    -0.474     0.501    -0.723
 9   128.415   -57.419    18.626
 9     0.509     0.860    -0.042
 9    -0.760     0.470     0.449
 9     0.405    -0.197     0.893
 2    98.725   -18.109    59.124
 2    -0.022    -1.000     0.000
 2     0.999    -0.021     0.038
 2    -0.039     0.000     0.999
 3   100.092    -5.315    11.431
 3     0.099    -0.178     0.979
 3     0.021     0.984     0.177
 3    -0.995     0.003     0.101
 4   108.380    11.986    -1.430
 4     0.722    -0.513     0.465
 4     0.668     0.690    -0.277
 4    -0.180     0.510     0.840
 5   110.318    29.613    19.656
 5    -0.182    -0.680     0.711
 5    -0.905     0.398     0.150
 5    -0.385    -0.616    -0.687
 6   118.525    56.981    13.815
 6     0.531    -0.797     0.291
 6     0.822     0.401    -0.403
 6     0.204     0.452     0.867
 7   109.549   -16.733    -1.398
 7     0.630     0.467     0.621
 7    -0.746     0.586     0.315
 7    -0.217    -0.662     0.717
 8   112.200   -33.411    16.047
 8    -0.218     0.762     0.611
 8     0.887     0.413    -0.202
 8    -0.406     0.498    -0.765
 9   126.965   -59.313    13.617
 9     0.491     0.871     0.001
 9    -0.819     0.461     0.339
 9     0.295    -0.167     0.941
 2    98.725   -18.109    59.124
 2    -0.022    -1.000     0.000
 2     0.999    -0.021     0.038
 2    -0.039     0.000     0.999
 3    99.986    -5.411    11.422
 3     0.088    -0.163     0.983
 3     0.016     0.986     0.162
 3    -0.996     0.002     0.089
 4   108.068    11.365    -1.810
 4     0.710    -0.514     0.482
 4     0.667     0.707    -0.231
 4    -0.222     0.485     0.845
 5   110.810    30.342    17.213
 5    -0.181    -0.711     0.681
 5    -0.933     0.341     0.109
 5    -0.309    -0.615    -0.724
 6   118.043    57.476     8.763
 6     0.526    -0.782     0.337
 6     0.845     0.436    -0.308
 6     0.094     0.445     0.890
 7   109.148   -16.637    -1.543
 7     0.611     0.470     0.637
 7    -0.754     0.591     0.287
 7    -0.242    -0.656     0.715
 8   112.188   -34.858    13.009
 8    -0.186     0.799     0.574
 8     0.931     0.329    -0.159
 8    -0.315     0.503    -0.804
 9   125.239   -61.101     7.391
 9     0.469     0.881     0.064
 9    -0.869     0.448     0.208
 9     0.155    -0.153     0.976
 2    98.725   -18.058    59.124
 2    -0.022    -1.000     0.000
 2     0.999    -0.022     0.038
 2    -0.039     0.000     0.999
 3    99.985    -5.482    11.475
 3     0.081    -0.149     0.985
 3     0.012     0.989     0.148
 3    -0.997    -0.000     0.082
 4   107.929    10.929    -2.092
 4     0.705    -0.512     0.492
 4     0.662     0.722    -0.198
 4    -0.254     0.465     0.847
 5   111.521    30.927    15.138
 5    -0.189    -0.735     0.652
 5    -0.950     0.305     0.069
 5    -0.249    -0.606    -0.755
 6   118.189    57.449     4.649
 6     0.528    -0.766     0.368
 6     0.849     0.474    -0.231
 6     0.002     0.433     0.900
 7   108.880   -16.381    -1.703
 7     0.599     0.468     0.651
 7    -0.756     0.596     0.267
 7    -0.263    -0.652     0.710
 8   112.079   -35.372    10.685
 8    -0.161     0.824     0.545
 8     0.955     0.268    -0.126
 8    -0.250     0.499    -0.829
 9   123.801   -61.560     2.933
 9     0.448     0.888     0.106
 9    -0.892     0.437     0.107
 9     0.049    -0.142     0.988
 2    98.725   -18.058    59.124
 2    -0.022    -1.000     0.000
 2     0.999    -0.022     0.038
 2    -0.039     0.000     0.999
 3    99.954    -5.423    11.418
 3     0.079    -0.142     0.987
 3     0.015     0.990     0.141
 3    -0.997     0.003     0.080
 4   107.716    10.723    -2.229
 4     0.699    -0.507     0.505
 4     0.656     0.735    -0.172
 4    -0.284     0.450     0.846
 5   112.385    31.560    13.248
 5    -0.207    -0.760     0.617
 5    -0.960     0.278     0.023
 5    -0.189    -0.587    -0.786
 6   118.524    57.196     0.949
 6     0.534    -0.744     0.405
 6     0.841     0.514    -0.166
 6    -0.085     0.428     0.899
 7   108.622   -16.195    -1.727
 7     0.591     0.465     0.659
 7    -0.757     0.601     0.254
 7    -0.279    -0.649     0.707
 8   112.124   -35.723     8.602
 8    -0.143     0.845     0.516
 8     0.969     0.224    -0.102
 8    -0.201     0.484    -0.851
 9   122.759   -61.604    -1.293
 9     0.432     0.889     0.152
 9    -0.900     0.434     0.016
 9    -0.051    -0.142     0.988
 2    98.725   -18.058    59.099
 2    -0.022    -1.000     0.000
 2     0.999    -0.022     0.038
 2    -0.039     0.000     0.999
 3    99.884    -5.335    11.376
 3     0.077    -0.134     0.988
 3     0.021     0.991     0.133
 3    -0.997     0.010     0.079
 4   107.473    10.336    -2.347
 4     0.688    -0.514     0.513
 4     0.652     0.747    -0.126
 4    -0.318     0.421     0.849
 5   112.789    31.913    11.513
 5    -0.211    -0.783     0.586
 5    -0.969     0.246    -0.017
 5    -0.131    -0.570    -0.810
 6   118.041    56.746    -2.789
 6     0.523    -0.733     0.438
 6     0.836     0.540    -0.094
 6    -0.167     0.413     0.894
 7   108.419   -15.931    -1.859
 7     0.585     0.461     0.667
 7    -0.756     0.607     0.243
 7    -0.293    -0.647     0.703
 8   112.046   -35.912     6.367
 8    -0.124     0.864     0.489
 8     0.982     0.176    -0.064
 8    -0.141     0.471    -0.870
 9   121.396   -61.346    -5.471
 9     0.408     0.893     0.191
 9    -0.901     0.427    -0.077
 9    -0.149    -0.140     0.978
 2    98.725   -18.058    59.124
 2    -0.022    -1.000     0.000
 2     0.999    -0.022     0.038
 2    -0.039     0.000     0.999
 3    99.760    -5.361    11.428
 3     0.070    -0.138     0.988
 3     0.019     0.990     0.137
 3    -0.997     0.009     0.072
 4   106.804     9.946    -2.452
 4     0.663    -0.527     0.532
 4     0.656     0.750    -0.076
 4    -0.359     0.399     0.843
 5   112.814    32.014     9.764
 5    -0.206    -0.812     0.546
 5    -0.975     0.214    -0.048
 5    -0.078    -0.542    -0.836
 6   116.764    56.203    -5.849
 6     0.498    -0.724     0.479
 6     0.833     0.551    -0.033
 6    -0.240     0.413     0.877
 7   107.909   -15.720    -1.901
 7     0.578     0.452     0.680
 7    -0.754     0.613     0.234
 7    -0.311    -0.648     0.695
 8   111.950   -36.000     4.468
 8    -0.115     0.884     0.454
 8     0.989     0.141    -0.026
 8    -0.086     0.446    -0.891
 9   120.291   -60.870    -9.061
 9     0.389     0.894     0.223
 9    -0.892     0.425    -0.154
 9    -0.231    -0.138     0.962
 2    98.675   -18.058    59.124
 2    -0.022    -1.000    -0.000
 2     0.999    -0.021     0.038
 2    -0.039     0.000     0.999
 3    99.504    -5.331    11.515
 3     0.060    -0.138     0.988
 3     0.023     0.990     0.136
 3    -0.998     0.014     0.063
 4   106.501     9.701    -2.440
 4     0.643    -0.530     0.553
 4     0.650     0.758    -0.030
 4    -0.404     0.379     0.832
 5   113.220    32.241     8.013
 5    -0.208    -0.839     0.504
 5    -0.978     0.189    -0.086
 5    -0.023    -0.510    -0.860
 6   116.292    55.478    -9.056
 6     0.482    -0.711     0.516
 6     0.818     0.573     0.025
 6    -0.313     0.408     0.856
 7   107.662   -15.478    -1.890
 7     0.573     0.448     0.686
 7    -0.753     0.617     0.226
 7    -0.322    -0.647     0.691
 8   112.085   -35.934     2.314
 8    -0.105     0.900     0.424
 8     0.994     0.107     0.017
 8    -0.029     0.423    -0.905
 9   119.226   -60.019   -12.863
 9     0.366     0.895     0.256
 9    -0.875     0.423    -0.234
 9    -0.317    -0.138     0.937
 2    98.725   -18.058    59.124
 2    -0.022    -1.000     0.000
 2     0.999    -0.022     0.038
 2    -0.039     0.000     0.999
 3    99.452    -5.271    11.464
 3     0.058    -0.132     0.989
 3     0.026     0.991     0.131
 3    -0.998     0.018     0.061
 4   106.239     9.335    -2.448
 4     0.625    -0.534     0.570
 4     0.644     0.764     0.010
 4    -0.442     0.361     0.821
 5   113.836    32.290     6.226
 5    -0.217    -0.863     0.457
 5    -0.976     0.173    -0.133
 5     0.036    -0.474    -0.879
 6   115.951    54.525   -11.995
 6     0.469    -0.685     0.560
 6     0.796     0.600     0.067
 6    -0.382     0.412     0.826
 7   107.420   -15.360    -1.911
 7     0.570     0.443     0.692
 7    -0.752     0.620     0.223
 7    -0.331    -0.648     0.686
 8   112.026   -35.827     0.663
 8    -0.095     0.914     0.395
 8     0.995     0.078     0.054
 8     0.020     0.397    -0.917
 9   118.283   -59.149   -15.603
 9     0.347     0.894     0.285
 9    -0.857     0.424    -0.293
 9    -0.382    -0.142     0.912
 2    98.675   -18.058    59.099
 2    -0.022    -1.000     0.000
 2     0.999    -0.021     0.038
 2    -0.039     0.000     0.999
 3    99.471    -5.276    11.533
 3     0.057    -0.127     0.990
 3     0.024     0.992     0.125
 3    -0.998     0.016     0.059
 4   105.998     9.076    -2.533
 4     0.614    -0.531     0.585
 4     0.633     0.772     0.035
 4    -0.471     0.348     0.810
 5   114.382    32.193     4.930
 5    -0.229    -0.875     0.428
 5    -0.970     0.170    -0.170
 5     0.077    -0.454    -0.887
 6   116.089    53.535   -14.218
 6     0.467    -0.664     0.586
 6     0.772     0.627     0.095
 6    -0.431     0.407     0.804
 7   107.329   -15.264    -1.936
 7     0.570     0.436     0.697
 7    -0.749     0.624     0.222
 7    -0.339    -0.649     0.681
 8   112.354   -35.721    -0.925
 8    -0.097     0.925     0.368
 8     0.993     0.065     0.096
 8     0.065     0.374    -0.925
 9   118.017   -58.042   -18.310
 9     0.340     0.888     0.313
 9    -0.830     0.438    -0.346
 9    -0.443    -0.141     0.884
 2    98.677   -18.108    59.096
 2    -0.022    -1.000     0.000
 2     0.999    -0.021     0.037
 2    -0.038     0.000     0.999
 3    99.525    -5.277    11.588
 3     0.058    -0.124     0.990
 3     0.024     0.992     0.123
 3    -0.998     0.016     0.060
 4   105.824     8.868    -2.535
 4     0.596    -0.537     0.598
 4     0.627     0.775     0.071
 4    -0.502     0.332     0.798
 5   114.792    32.180     3.457
 5    -0.232    -0.889     0.395
 5    -0.965     0.158    -0.209
 5     0.124    -0.429    -0.895
 6   115.612    52.545   -16.588
 6     0.450    -0.651     0.613
 6     0.751     0.645     0.133
 6    -0.482     0.400     0.778
 7   107.210   -15.143    -1.990
 7     0.573     0.427     0.699
 7    -0.742     0.632     0.223
 7    -0.347    -0.647     0.679
 8   112.625   -35.416    -2.345
 8    -0.101     0.933     0.346
 8     0.989     0.056     0.134
 8     0.106     0.356    -0.928
 9   117.669   -56.852   -20.685
 9     0.333     0.882     0.336
 9    -0.803     0.450    -0.391
 9    -0.495    -0.139     0.856
 2    98.675   -18.058    59.099
 2    -0.022    -1.000     0.000
 2     0.999    -0.021     0.038
 2    -0.039     0.000     0.999
 3    99.531    -5.278    11.594
 3     0.059    -0.124     0.990
 3     0.024     0.992     0.123
 3    -0.998     0.016     0.062
 4   105.535     8.715    -2.533
 4     0.580    -0.537     0.613
 4     0.620     0.778     0.094
 4    -0.527     0.325     0.784
 5   115.029    32.107     2.453
 5    -0.237    -0.901     0.365
 5    -0.958     0.155    -0.240
 5     0.160    -0.406    -0.900
 6   115.272    51.823   -18.215
 6     0.439    -0.637     0.636
 6     0.734     0.660     0.154
 6    -0.517     0.398     0.756
 7   107.057   -14.973    -2.053
 7     0.577     0.413     0.705
 7    -0.733     0.641     0.224
 7    -0.360    -0.646     0.673
 8   112.684   -35.083    -3.859
 8    -0.099     0.942     0.322
 8     0.983     0.043     0.175
 8     0.152     0.333    -0.930
 9   117.109   -55.392   -23.220
 9     0.320     0.879     0.358
 9    -0.772     0.458    -0.440
 9    -0.550    -0.135     0.823
 2    98.725   -18.109    59.124
 2    -0.022    -1.000     0.000
 2     0.999    -0.021     0.038
 2    -0.039     0.000     0.999
 3    99.483    -5.217    11.674
 3     0.059    -0.127     0.990
 3     0.028     0.992     0.125
 3    -0.998     0.020     0.062
 4   105.298     8.689    -2.506
 4     0.566    -0.537     0.626
 4     0.613     0.781     0.115
 4    -0.551     0.318     0.771
 5   115.427    32.111     1.280
 5    -0.246    -0.912     0.331
 5    -0.948     0.155    -0.276
 5     0.201    -0.381    -0.902
 6   115.117    50.837   -20.145
 6     0.431    -0.618     0.659
 6     0.708     0.682     0.177
 6    -0.559     0.390     0.730
 7   106.880   -14.803    -2.069
 7     0.581     0.399     0.709
 7    -0.724     0.651     0.226
 7    -0.372    -0.645     0.667
 8   112.927   -34.566    -5.484
 8    -0.103     0.950     0.295
 8     0.974     0.036     0.223
 8     0.201     0.310    -0.929
 9   116.818   -53.675   -25.734
 9     0.314     0.871     0.381
 9    -0.733     0.474    -0.487
 9    -0.604    -0.125     0.785
 2    98.725   -18.109    59.099
 2    -0.022    -1.000     0.000
 2     0.999    -0.021     0.038
 2    -0.039     0.000     0.999
 3    99.421    -5.214    11.764
 3     0.059    -0.129     0.990
 3     0.029     0.991     0.127
 3    -0.998     0.021     0.062
 4   105.057     8.532    -2.547
 4     0.554    -0.532     0.641
 4     0.600     0.788     0.135
 4    -0.577     0.310     0.755
 5   116.157    31.919    -0.261
 5    -0.263    -0.922     0.285
 5    -0.931     0.165    -0.326
 5     0.254    -0.350    -0.901
 6   115.239    49.351   -22.520
 6     0.425    -0.587     0.691
 6     0.667     0.717     0.197
 6    -0.611     0.377     0.695
 7   106.824   -14.708    -2.109
 7     0.588     0.383     0.712
 7    -0.711     0.664     0.230
 7    -0.385    -0.642     0.662
 8   113.514   -34.109    -7.262
 8    -0.120     0.957     0.263
 8     0.958     0.041     0.281
 8     0.259     0.286    -0.923
 9   116.989   -51.577   -28.391
 9     0.314     0.857     0.412
 9    -0.682     0.503    -0.530
 9    -0.660    -0.115     0.741
 2    98.725   -18.109    59.124
 2    -0.022    -1.000    -0.000
 2     0.999    -0.021     0.038
 2    -0.039     0.000     0.999
 3    99.536    -5.209    11.790
 3     0.065    -0.131     0.989
 3     0.028     0.991     0.130
 3    -0.997     0.020     0.069
 4   104.954     8.326    -2.566
 4     0.546    -0.528     0.651
 4     0.584     0.796     0.154
 4    -0.600     0.296     0.743
 5   116.850    31.671    -1.634
 5    -0.280    -0.929     0.243
 5    -0.911     0.177    -0.371
 5     0.302    -0.325    -0.896
 6   115.587    47.771   -24.481
 6     0.423    -0.557     0.716
 6     0.628     0.748     0.211
 6    -0.654     0.360     0.665
 7   106.799   -14.636    -2.210
 7     0.595     0.369     0.714
 7    -0.700     0.674     0.234
 7    -0.395    -0.639     0.659
 8   113.973   -33.543    -8.671
 8    -0.133     0.962     0.238
 8     0.943     0.049     0.328
 8     0.304     0.268    -0.914
 9   117.040   -49.745   -30.360
 9     0.315     0.844     0.436
 9    -0.640     0.525    -0.560
 9    -0.701    -0.102     0.704
 2    98.674   -18.058    59.099
 2    -0.023    -1.000     0.000
 2     0.999    -0.022     0.038
 2    -0.039     0.000     0.999
 3    99.598    -5.263    11.853
 3     0.070    -0.133     0.989
 3     0.029     0.991     0.131
 3    -0.997     0.020     0.073
 4   104.925     8.312    -2.521
 4     0.539    -0.531     0.654
 4     0.578     0.797     0.169
 4    -0.612     0.287     0.737
 5   117.232    31.482    -2.296
 5    -0.288    -0.931     0.225
 5    -0.900     0.182    -0.395
 5     0.326    -0.316    -0.891
 6   115.615    47.135   -25.352
 6     0.420    -0.546     0.726
 6     0.609     0.761     0.219
 6    -0.673     0.350     0.651
 7   106.736   -14.486    -2.197
 7     0.599     0.361     0.714
 7    -0.693     0.680     0.238
 7    -0.400    -0.638     0.658
 8   114.306   -33.103    -9.407
 8    -0.144     0.964     0.223
 8     0.933     0.056     0.353
 8     0.328     0.258    -0.909
 9   117.140   -48.579   -31.445
 9     0.316     0.836     0.451
 9    -0.612     0.540    -0.576
 9    -0.725    -0.094     0.681
 2    98.725   -18.058    59.099
 2    -0.023    -1.000     0.000
 2     0.999    -0.022     0.038
 2    -0.039     0.000     0.999
 3    99.681    -5.211    11.911
 3     0.073    -0.135     0.988
 3     0.030     0.990     0.132
 3    -0.997     0.020     0.077
 4   104.889     8.295    -2.471
 4     0.532    -0.531     0.661
 4     0.571     0.800     0.183
 4    -0.626     0.280     0.728
 5   117.660    31.325    -3.191
 5    -0.295    -0.935     0.199
 5    -0.886     0.189    -0.423
 5     0.358    -0.301    -0.884
 6   115.693    45.978   -26.724
 6     0.415    -0.523     0.746
 6     0.579     0.782     0.225
 6    -0.701     0.338     0.627
 7   106.678   -14.486    -2.242
 7     0.604     0.354     0.714
 7    -0.687     0.684     0.243
 7    -0.403    -0.637     0.656
 8   114.651   -32.673   -10.543
 8    -0.154     0.968     0.200
 8     0.918     0.065     0.391
 8     0.366     0.243    -0.898
 9   117.160   -46.866   -32.979
 9     0.314     0.823     0.475
 9    -0.572     0.560    -0.597
 9    -0.757    -0.084     0.646
 2    98.725   -18.058    59.124
 2    -0.022    -1.000     0.000
 2     0.999    -0.022     0.038
 2    -0.039     0.000     0.999
 3    99.725    -5.203    11.901
 3     0.079    -0.135     0.988
 3     0.030     0.990     0.133
 3    -0.996     0.019     0.082
 4   104.781     8.147    -2.496
 4     0.529    -0.521     0.671
 4     0.557     0.808     0.188
 4    -0.640     0.274     0.717
 5   118.268    30.962    -4.052
 5    -0.313    -0.936     0.163
 5    -0.866     0.210    -0.453
 5     0.389    -0.282    -0.877
 6   115.995    44.712   -27.986
 6     0.415    -0.488     0.769
 6     0.543     0.809     0.219
 6    -0.730     0.327     0.600
 7   106.667   -14.459    -2.233
 7     0.611     0.343     0.714
 7    -0.679     0.690     0.250
 7    -0.407    -0.638     0.654
 8   115.045   -32.162   -11.556
 8    -0.169     0.971     0.169
 8     0.899     0.081     0.430
 8     0.404     0.224    -0.887
 9   117.227   -45.128   -34.380
 9     0.312     0.807     0.505
 9    -0.529     0.585    -0.613
 9    -0.789    -0.076     0.608
 2    98.725   -18.109    59.124
 2    -0.022    -1.000     0.000
 2     0.999    -0.021     0.038
 2    -0.039     0.000     0.999
 3    99.788    -5.208    11.990
 3     0.084    -0.136     0.987
 3     0.030     0.990     0.133
 3    -0.996     0.019     0.087
 4   104.706     8.080    -2.453
 4     0.528    -0.512     0.678
 4     0.545     0.816     0.190
 4    -0.651     0.269     0.709
 5   118.930    30.624    -5.049
 5    -0.331    -0.936     0.124
 5    -0.844     0.234    -0.483
 5     0.422    -0.265    -0.867
 6   116.335    43.425   -29.230
 6     0.414    -0.455     0.789
 6     0.507     0.834     0.213
 6    -0.755     0.312     0.575
 7   106.580   -14.411    -2.220
 7     0.614     0.335     0.715
 7    -0.673     0.694     0.253
 7    -0.412    -0.636     0.652
 8   115.538   -31.451   -12.589
 8    -0.183     0.973     0.141
 8     0.879     0.097     0.466
 8     0.440     0.208    -0.873
 9   117.115   -43.213   -35.810
 9     0.308     0.789     0.534
 9    -0.483     0.610    -0.626
 9    -0.819    -0.066     0.568
 2    98.725   -18.058    59.124
 2    -0.022    -1.000     0.000
 2     0.999    -0.021     0.038
 2    -0.039     0.000     0.999
 3    99.851    -5.209    12.054
 3     0.087    -0.137     0.986
 3     0.030     0.990     0.135
 3    -0.996     0.018     0.091
 4   104.666     7.954    -2.386
 4     0.522    -0.508     0.686
 4     0.530     0.822     0.205
 4    -0.668     0.257     0.698
 5   119.515    30.216    -6.136
 5    -0.345    -0.935     0.084
 5    -0.815     0.253    -0.521
 5     0.465    -0.248    -0.849
 6   116.393    41.585   -30.805
 6     0.406    -0.415     0.815
 6     0.459     0.863     0.209
 6    -0.790     0.289     0.540
 7   106.467   -14.311    -2.207
 7     0.619     0.325     0.715
 7    -0.665     0.700     0.258
 7    -0.417    -0.636     0.649
 8   115.934   -30.754   -13.856
 8    -0.193     0.975     0.107
 8     0.853     0.112     0.509
 8     0.485     0.190    -0.854
 9   116.798   -40.852   -37.420
 9     0.299     0.771     0.564
 9    -0.428     0.634    -0.643
 9    -0.853    -0.050     0.518
 2    98.725   -18.058    59.099
 2    -0.022    -1.000     0.000
 2     0.999    -0.021     0.038
 2    -0.039     0.000     0.999
 3    99.876    -5.200    12.082
 3     0.090    -0.137     0.986
 3     0.030     0.990     0.135
 3    -0.995     0.018     0.093
 4   104.549     7.851    -2.313
 4     0.516    -0.501     0.695
 4     0.512     0.830     0.217
 4    -0.686     0.244     0.685
 5   120.074    29.704    -7.270
 5    -0.359    -0.932     0.041
 5    -0.784     0.277    -0.556
 5     0.506    -0.232    -0.830
 6   116.521    39.748   -32.188
 6     0.400    -0.374     0.837
 6     0.411     0.889     0.199
 6    -0.819     0.264     0.509
 7   106.381   -14.287    -2.142
 7     0.623     0.315     0.716
 7    -0.659     0.704     0.263
 7    -0.422    -0.636     0.646
 8   116.207   -30.119   -14.766
 8    -0.203     0.976     0.078
 8     0.829     0.128     0.544
 8     0.521     0.175    -0.836
 9   116.621   -39.134   -38.468
 9     0.292     0.757     0.587
 9    -0.387     0.652    -0.651
 9    -0.875    -0.038     0.482
 2    98.675   -18.058    59.099
 2    -0.022    -1.000     0.000
 2     0.999    -0.021     0.038
 2    -0.039     0.000     0.999
 3    99.887    -5.252    12.144
 3     0.093    -0.139     0.986
 3     0.030     0.990     0.136
 3    -0.995     0.017     0.096
 4   104.424     7.835    -2.246
 4     0.513    -0.496     0.701
 4     0.502     0.835     0.222
 4    -0.696     0.238     0.677
 5   120.436    29.435    -7.934
 5    -0.369    -0.930     0.016
 5    -0.764     0.292    -0.575
 5     0.529    -0.224    -0.818
 6   116.638    38.777   -32.977
 6     0.397    -0.352     0.848
 6     0.384     0.902     0.194
 6    -0.833     0.249     0.493
 7   106.316   -14.240    -2.176
 7     0.625     0.308     0.718
 7    -0.653     0.709     0.265
 7    -0.428    -0.634     0.644
 8   116.512   -29.546   -15.570
 8    -0.212     0.975     0.059
 8     0.808     0.140     0.571
 8     0.549     0.169    -0.818
 9   116.533   -37.481   -39.405
 9     0.289     0.748     0.600
 9    -0.351     0.663    -0.659
 9    -0.890    -0.021     0.453
 2    98.725   -18.109    59.124
 2    -0.022    -1.000     0.000
 2     0.999    -0.021     0.038
 2    -0.039     0.000     0.999
 3    99.936    -5.252    12.168
 3     0.096    -0.139     0.985
 3     0.031     0.990     0.136
 3    -0.995     0.018     0.100
 4   104.397     7.819    -2.201
 4     0.507    -0.495     0.707
 4     0.492     0.838     0.233
 4    -0.707     0.230     0.668
 5   120.683    29.093    -8.644
 5    -0.374    -0.927    -0.009
 5    -0.742     0.304    -0.597
 5     0.556    -0.217    -0.802
 6   116.488    37.330   -33.922
 6     0.390    -0.325     0.862
 6     0.345     0.919     0.189
 6    -0.854     0.224     0.470
 7   106.255   -14.140    -2.166
 7     0.628     0.301     0.717
 7    -0.647     0.714     0.267
 7    -0.432    -0.632     0.643
 8   116.730   -28.841   -16.440
 8    -0.221     0.975     0.038
 8     0.783     0.153     0.603
 8     0.581     0.162    -0.797
 9   116.277   -35.707   -40.354
 9     0.284     0.738     0.615
 9    -0.312     0.674    -0.667
 9    -0.907    -0.004     0.420
 2    98.725   -18.109    59.099
 2    -0.022    -1.000     0.000
 2     0.999    -0.021     0.038
 2    -0.039     0.000     0.999
 3    99.950    -5.190    12.190
 3     0.100    -0.142     0.985
 3     0.033     0.990     0.139
 3    -0.994     0.019     0.104
 4   104.289     7.749    -2.095
 4     0.500    -0.494     0.712
 4     0.481     0.841     0.245
 4    -0.720     0.220     0.658
 5   120.939    28.622    -9.491
 5    -0.383    -0.924    -0.038
 5    -0.714     0.320    -0.623
 5     0.586    -0.211    -0.781
 6   116.502    35.940   -34.827
 6     0.383    -0.299     0.874
 6     0.308     0.933     0.184
 6    -0.871     0.198     0.449
 7   106.172   -14.115    -2.159
 7     0.631     0.295     0.717
 7    -0.642     0.717     0.270
 7    -0.435    -0.631     0.642
 8   116.888   -28.448   -17.116
 8    -0.225     0.974     0.024
 8     0.762     0.159     0.628
 8     0.608     0.159    -0.778
 9   116.196   -34.349   -40.966
 9     0.283     0.730     0.624
 9    -0.280     0.682    -0.673
 9    -0.917     0.014     0.396
 2    98.725   -18.058    59.124
 2    -0.022    -1.000    -0.000
 2     0.999    -0.022     0.038
 2    -0.039     0.000     0.999
 3    99.959    -5.243    12.250
 3     0.101    -0.142     0.984
 3     0.032     0.990     0.139
 3    -0.994     0.018     0.104
 4   104.217     7.634    -2.106
 4     0.495    -0.494     0.715
 4     0.472     0.843     0.255
 4    -0.729     0.212     0.650
 5   121.220    28.225   -10.130
 5    -0.386    -0.921    -0.055
 5    -0.695     0.328    -0.640
 5     0.607    -0.209    -0.766
 6   116.436    34.815   -35.557
 6     0.379    -0.285     0.880
 6     0.280     0.942     0.184
 6    -0.882     0.177     0.437
 7   106.197   -14.115    -2.210
 7     0.632     0.293     0.718
 7    -0.641     0.717     0.272
 7    -0.435    -0.632     0.641
 8   116.987   -28.069   -17.452
 8    -0.229     0.973     0.009
 8     0.746     0.169     0.643
 8     0.624     0.155    -0.766
 9   116.014   -33.474   -41.389
 9     0.278     0.723     0.635
 9    -0.260     0.690    -0.673
 9    -0.925     0.021     0.378
 2    98.725   -18.109    59.124
 2    -0.022    -1.000     0.000
 2     0.999    -0.021     0.038
 2    -0.039     0.000     0.999
 3    99.967    -5.244    12.258
 3     0.101    -0.142     0.984
 3     0.031     0.990     0.139
 3    -0.994     0.017     0.105
 4   104.197     7.594    -2.090
 4     0.492    -0.492     0.719
 4     0.462     0.846     0.262
 4    -0.738     0.203     0.643
 5   121.299    27.877   -10.742
 5    -0.389    -0.919    -0.069
 5    -0.675     0.333    -0.658
 5     0.627    -0.209    -0.750
 6   116.427    33.565   -36.236
 6     0.375    -0.273     0.886
 6     0.252     0.950     0.185
 6    -0.892     0.154     0.424
 7   106.072   -14.114    -2.156
 7     0.633     0.287     0.719
 7    -0.639     0.717     0.277
 7    -0.436    -0.635     0.638
 8   116.993   -27.711   -17.954
 8    -0.231     0.973    -0.010
 8     0.731     0.179     0.658
 8     0.642     0.145    -0.752
 9   115.600   -32.452   -41.827
 9     0.268     0.714     0.649
 9    -0.236     0.699    -0.673
 9    -0.934     0.026     0.354
 2    98.725   -18.109    59.099
 2    -0.022    -1.000     0.000
 2     0.999    -0.021     0.038
 2    -0.039     0.000     0.999
 3    99.974    -5.246    12.265
 3     0.101    -0.144     0.984
 3     0.030     0.989     0.141
 3    -0.994     0.016     0.105
 4   104.077     7.428    -2.028
 4     0.489    -0.488     0.724
 4     0.453     0.850     0.267
 4    -0.746     0.197     0.636
 5   121.336    27.653   -11.128
 5    -0.390    -0.918    -0.080
 5    -0.661     0.338    -0.671
 5     0.641    -0.209    -0.737
 6   116.294    32.700   -36.649
 6     0.371    -0.261     0.891
 6     0.230     0.955     0.184
 6    -0.900     0.137     0.414
 7   105.994   -14.115    -2.148
 7     0.633     0.283     0.720
 7    -0.638     0.717     0.279
 7    -0.438    -0.637     0.635
 8   117.013   -27.435   -18.289
 8    -0.232     0.973    -0.023
 8     0.719     0.186     0.670
 8     0.656     0.138    -0.742
 9   115.253   -31.702   -42.153
 9     0.261     0.709     0.657
 9    -0.219     0.704    -0.674
 9    -0.940     0.030     0.338
 2    98.725   -18.109    59.124
 2    -0.022    -1.000     0.000
 2     0.999    -0.021     0.038
 2    -0.039     0.000     0.999
 3    99.924    -5.297    12.316
 3     0.101    -0.145     0.984
 3     0.030     0.989     0.143
 3    -0.994     0.016     0.104
 4   103.936     7.417    -2.028
 4     0.485    -0.485     0.728
 4     0.446     0.853     0.270
 4    -0.752     0.194     0.630
 5   121.480    27.355   -11.594
 5    -0.392    -0.916    -0.095
 5    -0.645     0.345    -0.682
 5     0.656    -0.206    -0.725
 6   116.166    31.811   -37.114
 6     0.366    -0.249     0.897
 6     0.207     0.961     0.182
 6    -0.907     0.119     0.403
 7   105.890   -14.115    -2.142
 7     0.635     0.277     0.721
 7    -0.635     0.718     0.283
 7    -0.440    -0.638     0.632
 8   117.123   -27.138   -18.585
 8    -0.235     0.971    -0.036
 8     0.706     0.195     0.680
 8     0.667     0.134    -0.732
 9   115.113   -31.047   -42.371
 9     0.258     0.701     0.667
 9    -0.204     0.712    -0.670
 9    -0.944     0.035     0.325
 2    98.725   -18.109    59.124
 2    -0.022    -1.000     0.000
 2     0.999    -0.021     0.038
 2    -0.039     0.000     0.999
 3    99.936    -5.296    12.353
 3     0.103    -0.148     0.983
 3     0.030     0.989     0.146
 3    -0.994     0.014     0.106
 4   103.915     7.403    -1.965
 4     0.481    -0.482     0.733
 4     0.436     0.856     0.275
 4    -0.760     0.188     0.622
 5   121.617    27.008   -12.214
 5    -0.394    -0.912    -0.117
 5    -0.622     0.356    -0.697
 5     0.677    -0.202    -0.707
 6   116.054    30.580   -37.783
 6     0.356    -0.228     0.906
 6     0.177     0.969     0.173
 6    -0.917     0.099     0.385
 7   105.933   -14.116    -2.185
 7     0.637     0.270     0.722
 7    -0.630     0.721     0.287
 7    -0.443    -0.638     0.629
 8   117.169   -26.811   -18.970
 8    -0.236     0.970    -0.049
