% Calibrated with leiden_pols
% Positions are in centimeters
Data =[
 2    98.675   -18.109    59.099
 2    -0.022    -1.000     0.000
 2     0.999    -0.021     0.038
 2    -0.039     0.000     0.999
 3   100.836    -5.078    11.750
 3     0.169    -0.153     0.974
 3     0.021     0.988     0.151
 3    -0.985    -0.005     0.170
 4   111.618    14.803     0.886
 4     0.832    -0.431     0.350
 4     0.551     0.567    -0.612
 4     0.065     0.702     0.709
 5   109.150    18.850    33.615
 5    -0.198     0.048     0.979
 5    -0.244     0.965    -0.097
 5    -0.949    -0.258    -0.179
 6   127.509    26.500    47.096
 6     0.430    -0.673    -0.606
 6    -0.121     0.620    -0.774
 6     0.895     0.404     0.185
 7   111.527   -18.374     0.446
 7     0.730     0.424     0.537
 7    -0.680     0.529     0.507
 7    -0.069    -0.735     0.674
 8   107.901   -26.362    27.673
 8    -0.232    -0.111     0.966
 8     0.352     0.917     0.189
 8    -0.907     0.383    -0.173
 9   131.718   -29.616    44.711
 9     0.352     0.424    -0.836
 9     0.018     0.888     0.456
 9     0.936    -0.175     0.305
 2    98.725   -18.109    59.124
 2    -0.022    -1.000     0.000
 2     0.999    -0.021     0.038
 2    -0.039     0.000     0.999
 3   100.832    -5.086    11.772
 3     0.167    -0.151     0.974
 3     0.019     0.988     0.149
 3    -0.986    -0.006     0.168
 4   111.609    14.699     0.770
 4     0.831    -0.431     0.353
 4     0.552     0.569    -0.609
 4     0.061     0.700     0.710
 5   109.067    18.985    33.255
 5    -0.200    -0.016     0.980
 5    -0.294     0.955    -0.044
 5    -0.935    -0.297    -0.195
 6   127.042    29.633    46.388
 6     0.453    -0.732    -0.514
 6    -0.022     0.563    -0.824
 6     0.891     0.382     0.239
 7   111.639   -18.419     0.409
 7     0.733     0.419     0.537
 7    -0.677     0.523     0.516
 7    -0.065    -0.742     0.667
 8   107.808   -26.233    27.592
 8    -0.223    -0.060     0.973
 8     0.368     0.919     0.140
 8    -0.903     0.389    -0.183
 9   131.486   -30.760    44.644
 9     0.365     0.505    -0.785
 9    -0.006     0.842     0.537
 9     0.931    -0.190     0.308
 2    98.725   -18.058    59.099
 2    -0.022    -1.000     0.000
 2     0.999    -0.022     0.038
 2    -0.039     0.000     0.999
 3   100.844    -5.087    11.733
 3     0.167    -0.150     0.974
 3     0.017     0.988     0.149
 3    -0.986    -0.009     0.168
 4   111.510    14.699     0.771
 4     0.831    -0.431     0.353
 4     0.553     0.569    -0.608
 4     0.061     0.699     0.711
 5   109.183    18.991    33.085
 5    -0.203    -0.051     0.978
 5    -0.311     0.950    -0.015
 5    -0.928    -0.307    -0.209
 6   126.827    30.824    45.985
 6     0.462    -0.761    -0.462
 6     0.024     0.526    -0.848
 6     0.886     0.379     0.260
 7   111.595   -18.417     0.404
 7     0.733     0.418     0.536
 7    -0.677     0.522     0.519
 7    -0.063    -0.744     0.665
 8   107.818   -26.278    27.555
 8    -0.225    -0.057     0.973
 8     0.372     0.918     0.139
 8    -0.901     0.393    -0.185
 9   131.537   -31.305    44.416
 9     0.364     0.521    -0.774
 9    -0.022     0.833     0.549
 9     0.931    -0.182     0.314
 2    98.725   -18.058    59.124
 2    -0.022    -1.000     0.000
 2     0.999    -0.022     0.038
 2    -0.039     0.000     0.999
 3   100.844    -5.113    11.733
 3     0.166    -0.150     0.974
 3     0.017     0.988     0.149
 3    -0.986    -0.009     0.167
 4   111.614    14.676     0.714
 4     0.831    -0.432     0.352
 4     0.553     0.568    -0.610
 4     0.063     0.700     0.710
 5   109.339    18.861    32.911
 5    -0.204    -0.115     0.972
 5    -0.339     0.940     0.040
 5    -0.918    -0.321    -0.230
 6   126.281    32.988    45.332
 6     0.469    -0.803    -0.374
 6     0.103     0.465    -0.878
 6     0.877     0.371     0.300
 7   111.647   -18.365     0.350
 7     0.733     0.418     0.537
 7    -0.677     0.520     0.520
 7    -0.062    -0.744     0.664
 8   108.082   -26.500    27.227
 8    -0.222     0.011     0.975
 8     0.408     0.909     0.082
 8    -0.885     0.416    -0.207
 9   131.484   -34.150    43.339
 9     0.376     0.603    -0.708
 9    -0.101     0.782     0.612
 9     0.921    -0.158     0.353
 2    98.675   -18.109    59.099
 2    -0.022    -1.000     0.000
 2     0.999    -0.021     0.038
 2    -0.039     0.000     0.999
 3   100.846    -5.114    11.684
 3     0.165    -0.150     0.975
 3     0.016     0.988     0.149
 3    -0.986    -0.009     0.166
 4   111.497    14.491     0.464
 4     0.828    -0.435     0.354
 4     0.557     0.578    -0.596
 4     0.054     0.690     0.720
 5   109.360    20.291    31.854
 5    -0.199    -0.211     0.957
 5    -0.434     0.894     0.106
 5    -0.878    -0.395    -0.270
 6   125.507    37.638    42.793
 6     0.486    -0.831    -0.277
 6     0.233     0.424    -0.874
 6     0.842     0.360     0.399
 7   111.566   -18.203     0.165
 7     0.726     0.419     0.545
 7    -0.683     0.527     0.505
 7    -0.076    -0.739     0.669
 8   108.844   -26.920    26.463
 8    -0.243     0.168     0.955
 8     0.489     0.871    -0.029
 8    -0.837     0.461    -0.294
 9   132.080   -39.254    40.224
 9     0.436     0.684    -0.590
 9    -0.238     0.714     0.655
 9     0.868    -0.145     0.473
 2    98.675   -18.058    59.099
 2    -0.022    -1.000     0.000
 2     0.999    -0.021     0.038
 2    -0.039     0.000     0.999
 3   100.814    -5.178    11.656
 3     0.151    -0.161     0.975
 3     0.013     0.987     0.161
 3    -0.988    -0.012     0.151
 4   110.928    14.197     0.054
 4     0.817    -0.446     0.365
 4     0.575     0.597    -0.559
 4     0.032     0.666     0.744
 5   109.617    22.076    30.239
 5    -0.208    -0.349     0.914
 5    -0.555     0.811     0.183
 5    -0.805    -0.470    -0.362
 6   124.582    43.056    38.583
 6     0.526    -0.841    -0.130
 6     0.391     0.373    -0.841
 6     0.755     0.391     0.525
 7   111.212   -17.826    -0.362
 7     0.702     0.433     0.566
 7    -0.702     0.554     0.447
 7    -0.120    -0.711     0.692
 8   110.110   -27.218    25.135
 8    -0.268     0.406     0.874
 8     0.584     0.789    -0.186
 8    -0.766     0.462    -0.448
 9   132.131   -44.289    35.967
 9     0.505     0.780    -0.375
 9    -0.385     0.587     0.710
 9     0.772    -0.216     0.596
 2    98.725   -18.109    59.099
 2    -0.022    -1.000     0.000
 2     0.999    -0.021     0.038
 2    -0.039     0.000     0.999
 3   100.635    -5.180    11.538
 3     0.136    -0.169     0.976
 3     0.021     0.986     0.167
 3    -0.990    -0.002     0.138
 4   110.500    13.864    -0.309
 4     0.806    -0.453     0.382
 4     0.591     0.623    -0.512
 4    -0.006     0.638     0.769
 5   110.153    23.996    28.463
 5    -0.217    -0.452     0.866
 5    -0.661     0.719     0.209
 5    -0.718    -0.528    -0.454
 6   123.687    47.641    33.785
 6     0.547    -0.837    -0.008
 6     0.527     0.350    -0.774
 6     0.650     0.419     0.633
 7   110.961   -17.509    -0.799
 7     0.685     0.444     0.578
 7    -0.713     0.573     0.404
 7    -0.152    -0.689     0.708
 8   111.179   -28.280    23.681
 8    -0.280     0.531     0.801
 8     0.662     0.709    -0.239
 8    -0.694     0.464    -0.549
 9   131.814   -48.064    32.026
 9     0.529     0.815    -0.243
 9    -0.497     0.525     0.690
 9     0.688    -0.246     0.682
 2    98.675   -18.058    59.124
 2    -0.022    -1.000     0.000
 2     0.999    -0.021     0.038
 2    -0.039     0.000     0.999
 3   100.509    -5.180    11.445
 3     0.129    -0.170     0.977
 3     0.026     0.985     0.167
 3    -0.991     0.004     0.132
 4   110.017    13.427    -0.586
 4     0.791    -0.465     0.399
 4     0.610     0.649    -0.455
 4    -0.047     0.602     0.796
 5   110.246    25.813    26.356
 5    -0.209    -0.526     0.825
 5    -0.746     0.630     0.213
 5    -0.632    -0.571    -0.523
