% Calibrated with leiden_pols
% Positions are in centimeters
Data =[
 2    98.838   -18.032    59.113
 2     0.106    -0.994     0.008
 2     0.994     0.107     0.033
 2    -0.034     0.004     0.999
 3   100.327    -5.050    11.789
 3     0.141    -0.136     0.980
 3     0.029     0.990     0.133
 3    -0.990     0.010     0.144
 4   110.938    14.753     0.821
 4     0.832    -0.423     0.359
 4     0.550     0.552    -0.626
 4     0.066     0.718     0.692
 5   107.248    21.223    31.761
 5    -0.154     0.195     0.969
 5    -0.307     0.923    -0.233
 5    -0.939    -0.332    -0.082
 6   125.422    27.642    46.313
 6     0.336    -0.545    -0.770
 6    -0.144     0.777    -0.612
 6     0.930     0.315     0.182
 7   111.010   -18.069     0.216
 7     0.715     0.440     0.544
 7    -0.697     0.511     0.503
 7    -0.057    -0.738     0.671
 8   104.785   -28.350    26.263
 8    -0.132    -0.163     0.978
 8     0.390     0.898     0.201
 8    -0.911     0.408    -0.055
 9   127.414   -31.551    43.692
 9     0.295     0.322    -0.900
 9     0.000     0.941     0.336
 9     0.955    -0.099     0.276
 2    98.839   -18.032    59.088
 2     0.106    -0.994     0.008
 2     0.994     0.107     0.033
 2    -0.034     0.004     0.999
 3   100.362    -4.992    11.691
 3     0.144    -0.130     0.981
 3     0.030     0.991     0.127
 3    -0.989     0.011     0.147
 4   111.042    14.754     0.687
 4     0.834    -0.421     0.357
 4     0.547     0.552    -0.629
 4     0.068     0.720     0.690
 5   106.703    21.528    31.389
 5    -0.128     0.201     0.971
 5    -0.320     0.919    -0.232
 5    -0.939    -0.340    -0.053
 6   124.742    28.061    46.300
 6     0.321    -0.554    -0.770
 6    -0.138     0.776    -0.614
 6     0.937     0.301     0.172
 7   111.096   -18.064     0.150
 7     0.716     0.441     0.542
 7    -0.696     0.508     0.506
 7    -0.052    -0.740     0.670
 8   104.657   -28.283    26.232
 8    -0.127    -0.165     0.978
 8     0.386     0.900     0.201
 8    -0.913     0.403    -0.050
 9   127.302   -31.363    43.813
 9     0.293     0.329    -0.898
 9     0.008     0.938     0.345
 9     0.956    -0.108     0.272
 2    98.838   -18.032    59.113
 2     0.106    -0.994     0.008
 2     0.994     0.107     0.032
 2    -0.034     0.004     0.999
 3   100.406    -4.991    11.686
 3     0.144    -0.132     0.980
 3     0.031     0.991     0.128
 3    -0.989     0.012     0.147
 4   111.097    14.705     0.681
 4     0.835    -0.421     0.355
 4     0.546     0.550    -0.631
 4     0.070     0.721     0.689
 5   106.753    21.572    31.483
 5    -0.131     0.210     0.969
 5    -0.315     0.918    -0.241
 5    -0.940    -0.336    -0.054
 6   124.827    27.927    46.316
 6     0.324    -0.553    -0.769
 6    -0.143     0.774    -0.615
 6     0.935     0.308     0.172
 7   111.093   -18.015     0.152
 7     0.716     0.441     0.542
 7    -0.696     0.509     0.506
 7    -0.053    -0.739     0.671
 8   104.702   -28.230    26.228
 8    -0.130    -0.167     0.977
 8     0.386     0.900     0.204
 8    -0.913     0.403    -0.052
 9   127.352   -31.362    43.711
 9     0.294     0.328    -0.898
 9     0.009     0.938     0.345
 9     0.956    -0.109     0.273
 2    98.788   -18.032    59.113
 2     0.106    -0.994     0.008
 2     0.994     0.107     0.033
 2    -0.034     0.004     0.999
 3   100.351    -4.990    11.681
 3     0.144    -0.133     0.980
 3     0.032     0.991     0.130
 3    -0.989     0.013     0.147
 4   111.099    14.756     0.679
 4     0.835    -0.422     0.354
 4     0.546     0.550    -0.632
 4     0.071     0.720     0.689
 5   106.482    21.829    31.034
 5    -0.113     0.221     0.969
 5    -0.327     0.912    -0.245
 5    -0.938    -0.344    -0.030
 6   124.160    28.191    46.244
 6     0.292    -0.543    -0.789
 6    -0.141     0.790    -0.595
 6     0.946     0.284     0.154
 7   111.094   -18.066     0.048
 7     0.714     0.444     0.541
 7    -0.698     0.509     0.503
 7    -0.052    -0.737     0.673
 8   104.204   -28.609    25.699
 8    -0.099    -0.181     0.978
 8     0.400     0.893     0.205
 8    -0.911     0.411    -0.016
 9   126.055   -31.994    43.763
 9     0.257     0.323    -0.911
 9    -0.009     0.943     0.332
 9     0.966    -0.077     0.244
 2    98.839   -18.032    59.088
 2     0.106    -0.994     0.008
 2     0.994     0.107     0.032
 2    -0.034     0.004     0.999
 3   100.397    -4.914    11.575
 3     0.143    -0.125     0.982
 3     0.032     0.992     0.121
 3    -0.989     0.014     0.146
 4   111.418    14.760     0.299
 4     0.841    -0.417     0.345
 4     0.535     0.547    -0.643
 4     0.079     0.725     0.683
 5   105.393    23.623    28.941
 5    -0.038     0.335     0.942
 5    -0.363     0.874    -0.324
 5    -0.931    -0.353     0.089
 6   121.443    29.033    45.836
 6     0.166    -0.482    -0.861
 6    -0.146     0.851    -0.504
 6     0.975     0.208     0.070
 7   111.219   -17.993    -0.082
 7     0.709     0.454     0.540
 7    -0.703     0.510     0.495
 7    -0.051    -0.731     0.680
 8   103.506   -28.897    25.047
 8    -0.047    -0.206     0.977
 8     0.419     0.884     0.206
 8    -0.907     0.419     0.045
 9   123.937   -32.697    43.599
 9     0.197     0.303    -0.932
 9    -0.027     0.952     0.304
 9     0.980    -0.035     0.195
 2    98.788   -18.032    59.113
 2     0.106    -0.994     0.008
 2     0.994     0.107     0.033
 2    -0.034     0.004     0.999
 3   100.571    -4.729    11.366
 3     0.150    -0.110     0.982
 3     0.035     0.994     0.105
 3    -0.988     0.018     0.153
 4   111.881    14.957    -0.003
 4     0.848    -0.422     0.320
 4     0.519     0.542    -0.661
 4     0.105     0.726     0.679
 5   104.711    24.793    26.939
 5     0.046     0.420     0.906
 5    -0.393     0.842    -0.370
 5    -0.918    -0.338     0.205
 6   118.474    29.828    45.370
 6     0.040    -0.433    -0.901
 6    -0.136     0.890    -0.434
 6     0.990     0.139    -0.024
 7   111.400   -17.816    -0.355
 7     0.703     0.470     0.535
 7    -0.710     0.510     0.485
 7    -0.045    -0.720     0.692
 8   102.602   -29.322    23.886
 8     0.022    -0.242     0.970
 8     0.447     0.870     0.206
 8    -0.894     0.428     0.128
 9   121.043   -33.488    43.278
 9     0.120     0.285    -0.951
 9    -0.046     0.958     0.281
 9     0.991     0.010     0.127
 2    98.788   -18.032    59.113
 2     0.106    -0.994     0.008
 2     0.994     0.107     0.033
 2    -0.034     0.004     0.999
 3   100.752    -4.497    11.163
 3     0.162    -0.105     0.981
 3     0.030     0.994     0.101
 3    -0.986     0.013     0.165
 4   112.443    15.033    -0.409
 4     0.856    -0.431     0.286
 4     0.497     0.534    -0.683
 4     0.141     0.727     0.671
 5   103.726    25.016    25.618
 5     0.132     0.455     0.880
 5    -0.403     0.836    -0.371
 5    -0.906    -0.305     0.294
 6   115.304    29.776    45.116
 6    -0.048    -0.424    -0.905
 6    -0.130     0.901    -0.415
 6     0.990     0.096    -0.099
 7   111.505   -17.769    -0.522
 7     0.693     0.489     0.530
 7    -0.719     0.510     0.471
 7    -0.040    -0.707     0.705
 8   101.463   -29.615    22.900
 8     0.097    -0.258     0.961
 8     0.467     0.865     0.185
 8    -0.879     0.431     0.204
 9   117.991   -34.518    42.836
 9     0.050     0.292    -0.955
 9    -0.062     0.955     0.289
 9     0.997     0.044     0.066
 2    98.789   -18.032    59.113
 2     0.106    -0.994     0.007
 2     0.994     0.107     0.033
 2    -0.034     0.003     0.999
 3   100.773    -4.503    11.184
 3     0.166    -0.103     0.981
 3     0.026     0.994     0.100
 3    -0.986     0.009     0.167
 4   112.483    14.916    -0.450
 4     0.859    -0.435     0.270
 4     0.487     0.534    -0.691
 4     0.156     0.724     0.671
 5   103.433    24.907    24.972
 5     0.158     0.466     0.871
 5    -0.407     0.834    -0.372
 5    -0.900    -0.295     0.322
