% Calibrated with leiden_pols
% Positions are in centimeters
Data =[
 2    98.838   -18.032    59.113
 2     0.106    -0.994     0.008
 2     0.994     0.107     0.033
 2    -0.034     0.004     0.999
 3   100.327    -5.050    11.789
 3     0.141    -0.136     0.980
 3     0.029     0.990     0.133
 3    -0.990     0.010     0.144
 4   110.938    14.753     0.821
 4     0.832    -0.423     0.359
 4     0.550     0.552    -0.626
 4     0.066     0.718     0.692
 5   107.248    21.223    31.761
 5    -0.154     0.195     0.969
 5    -0.307     0.923    -0.233
 5    -0.939    -0.332    -0.082
 6   125.422    27.642    46.313
 6     0.336    -0.545    -0.770
 6    -0.144     0.777    -0.612
 6     0.930     0.315     0.182
 7   111.010   -18.069     0.216
 7     0.715     0.440     0.544
 7    -0.697     0.511     0.503
 7    -0.057    -0.738     0.671
 8   104.785   -28.350    26.263
 8    -0.132    -0.163     0.978
 8     0.390     0.898     0.201
 8    -0.911     0.408    -0.055
 9   127.414   -31.551    43.692
 9     0.295     0.322    -0.900
 9     0.000     0.941     0.336
 9     0.955    -0.099     0.276
 2    98.839   -18.032    59.088
 2     0.106    -0.994     0.008
 2     0.994     0.107     0.033
 2    -0.034     0.004     0.999
 3   100.362    -4.992    11.691
 3     0.144    -0.130     0.981
 3     0.030     0.991     0.127
 3    -0.989     0.011     0.147
 4   111.042    14.754     0.687
 4     0.834    -0.421     0.357
 4     0.547     0.552    -0.629
 4     0.068     0.720     0.690
 5   106.703    21.528    31.389
 5    -0.128     0.201     0.971
 5    -0.320     0.919    -0.232
 5    -0.939    -0.340    -0.053
 6   124.742    28.061    46.300
 6     0.321    -0.554    -0.770
 6    -0.138     0.776    -0.614
 6     0.937     0.301     0.172
 7   111.096   -18.064     0.150
 7     0.716     0.441     0.542
 7    -0.696     0.508     0.506
 7    -0.052    -0.740     0.670
 8   104.657   -28.283    26.232
 8    -0.127    -0.165     0.978
 8     0.386     0.900     0.201
 8    -0.913     0.403    -0.050
 9   127.302   -31.363    43.813
 9     0.293     0.329    -0.898
 9     0.008     0.938     0.345
 9     0.956    -0.108     0.272
 2    98.838   -18.032    59.113
 2     0.106    -0.994     0.008
 2     0.994     0.107     0.032
 2    -0.034     0.004     0.999
 3   100.406    -4.991    11.686
 3     0.144    -0.132     0.980
 3     0.031     0.991     0.128
 3    -0.989     0.012     0.147
 4   111.097    14.705     0.681
 4     0.835    -0.421     0.355
 4     0.546     0.550    -0.631
 4     0.070     0.721     0.689
 5   106.753    21.572    31.483
 5    -0.131     0.210     0.969
 5    -0.315     0.918    -0.241
 5    -0.940    -0.336    -0.054
 6   124.827    27.927    46.316
 6     0.324    -0.553    -0.769
 6    -0.143     0.774    -0.615
 6     0.935     0.308     0.172
 7   111.093   -18.015     0.152
 7     0.716     0.441     0.542
 7    -0.696     0.509     0.506
 7    -0.053    -0.739     0.671
 8   104.702   -28.230    26.228
 8    -0.130    -0.167     0.977
 8     0.386     0.900     0.204
 8    -0.913     0.403    -0.052
 9   127.352   -31.362    43.711
 9     0.294     0.328    -0.898
 9     0.009     0.938     0.345
 9     0.956    -0.109     0.273
 2    98.788   -18.032    59.113
 2     0.106    -0.994     0.008
 2     0.994     0.107     0.033
 2    -0.034     0.004     0.999
 3   100.351    -4.990    11.681
 3     0.144    -0.133     0.980
 3     0.032     0.991     0.130
 3    -0.989     0.013     0.147
 4   111.099    14.756     0.679
 4     0.835    -0.422     0.354
 4     0.546     0.550    -0.632
 4     0.071     0.720     0.689
 5   106.482    21.829    31.034
 5    -0.113     0.221     0.969
 5    -0.327     0.912    -0.245
 5    -0.938    -0.344    -0.030
 6   124.160    28.191    46.244
 6     0.292    -0.543    -0.789
 6    -0.141     0.790    -0.595
 6     0.946     0.284     0.154
 7   111.094   -18.066     0.048
 7     0.714     0.444     0.541
 7    -0.698     0.509     0.503
 7    -0.052    -0.737     0.673
 8   104.204   -28.609    25.699
 8    -0.099    -0.181     0.978
 8     0.400     0.893     0.205
 8    -0.911     0.411    -0.016
 9   126.055   -31.994    43.763
 9     0.257     0.323    -0.911
 9    -0.009     0.943     0.332
 9     0.966    -0.077     0.244
 2    98.839   -18.032    59.088
 2     0.106    -0.994     0.008
 2     0.994     0.107     0.032
 2    -0.034     0.004     0.999
 3   100.397    -4.914    11.575
 3     0.143    -0.125     0.982
 3     0.032     0.992     0.121
 3    -0.989     0.014     0.146
 4   111.418    14.760     0.299
 4     0.841    -0.417     0.345
 4     0.535     0.547    -0.643
 4     0.079     0.725     0.683
 5   105.393    23.623    28.941
 5    -0.038     0.335     0.942
 5    -0.363     0.874    -0.324
 5    -0.931    -0.353     0.089
 6   121.443    29.033    45.836
 6     0.166    -0.482    -0.861
 6    -0.146     0.851    -0.504
 6     0.975     0.208     0.070
 7   111.219   -17.993    -0.082
 7     0.709     0.454     0.540
 7    -0.703     0.510     0.495
 7    -0.051    -0.731     0.680
 8   103.506   -28.897    25.047
 8    -0.047    -0.206     0.977
 8     0.419     0.884     0.206
 8    -0.907     0.419     0.045
 9   123.937   -32.697    43.599
 9     0.197     0.303    -0.932
 9    -0.027     0.952     0.304
 9     0.980    -0.035     0.195
 2    98.788   -18.032    59.113
 2     0.106    -0.994     0.008
 2     0.994     0.107     0.033
 2    -0.034     0.004     0.999
 3   100.571    -4.729    11.366
 3     0.150    -0.110     0.982
 3     0.035     0.994     0.105
 3    -0.988     0.018     0.153
 4   111.881    14.957    -0.003
 4     0.848    -0.422     0.320
 4     0.519     0.542    -0.661
 4     0.105     0.726     0.679
 5   104.711    24.793    26.939
 5     0.046     0.420     0.906
 5    -0.393     0.842    -0.370
 5    -0.918    -0.338     0.205
 6   118.474    29.828    45.370
 6     0.040    -0.433    -0.901
 6    -0.136     0.890    -0.434
 6     0.990     0.139    -0.024
 7   111.400   -17.816    -0.355
 7     0.703     0.470     0.535
 7    -0.710     0.510     0.485
 7    -0.045    -0.720     0.692
 8   102.602   -29.322    23.886
 8     0.022    -0.242     0.970
 8     0.447     0.870     0.206
 8    -0.894     0.428     0.128
 9   121.043   -33.488    43.278
 9     0.120     0.285    -0.951
 9    -0.046     0.958     0.281
 9     0.991     0.010     0.127
 2    98.788   -18.032    59.113
 2     0.106    -0.994     0.008
 2     0.994     0.107     0.033
 2    -0.034     0.004     0.999
 3   100.752    -4.497    11.163
 3     0.162    -0.105     0.981
 3     0.030     0.994     0.101
 3    -0.986     0.013     0.165
 4   112.443    15.033    -0.409
 4     0.856    -0.431     0.286
 4     0.497     0.534    -0.683
 4     0.141     0.727     0.671
 5   103.726    25.016    25.618
 5     0.132     0.455     0.880
 5    -0.403     0.836    -0.371
 5    -0.906    -0.305     0.294
 6   115.304    29.776    45.116
 6    -0.048    -0.424    -0.905
 6    -0.130     0.901    -0.415
 6     0.990     0.096    -0.099
 7   111.505   -17.769    -0.522
 7     0.693     0.489     0.530
 7    -0.719     0.510     0.471
 7    -0.040    -0.707     0.705
 8   101.463   -29.615    22.900
 8     0.097    -0.258     0.961
 8     0.467     0.865     0.185
 8    -0.879     0.431     0.204
 9   117.991   -34.518    42.836
 9     0.050     0.292    -0.955
 9    -0.062     0.955     0.289
 9     0.997     0.044     0.066
 2    98.789   -18.032    59.113
 2     0.106    -0.994     0.007
 2     0.994     0.107     0.033
 2    -0.034     0.003     0.999
 3   100.773    -4.503    11.184
 3     0.166    -0.103     0.981
 3     0.026     0.994     0.100
 3    -0.986     0.009     0.167
 4   112.483    14.916    -0.450
 4     0.859    -0.435     0.270
 4     0.487     0.534    -0.691
 4     0.156     0.724     0.671
 5   103.433    24.907    24.972
 5     0.158     0.466     0.871
 5    -0.407     0.834    -0.372
 5    -0.900    -0.295     0.322
 6   114.251    29.292    45.081
 6    -0.088    -0.381    -0.920
 6    -0.130     0.920    -0.369
 6     0.987     0.087    -0.131
 7   111.389   -17.844    -0.558
 7     0.689     0.495     0.530
 7    -0.724     0.506     0.469
 7    -0.036    -0.706     0.706
 8   100.818   -29.621    22.230
 8     0.141    -0.268     0.953
 8     0.472     0.864     0.173
 8    -0.870     0.425     0.248
 9   115.946   -34.224    42.759
 9     0.009     0.281    -0.960
 9    -0.049     0.958     0.280
 9     0.999     0.045     0.022
 2    98.788   -18.032    59.113
 2     0.106    -0.994     0.008
 2     0.994     0.107     0.033
 2    -0.034     0.004     0.999
 3   100.828    -4.504    11.087
 3     0.166    -0.103     0.981
 3     0.025     0.995     0.100
 3    -0.986     0.008     0.167
 4   112.904    14.941    -0.766
 4     0.859    -0.447     0.248
 4     0.476     0.524    -0.706
 4     0.186     0.724     0.663
 5   102.799    25.134    23.790
 5     0.223     0.492     0.841
 5    -0.413     0.829    -0.376
 5    -0.883    -0.263     0.388
 6   111.352    28.861    44.798
 6    -0.180    -0.283    -0.942
 6    -0.117     0.957    -0.266
 6     0.976     0.062    -0.206
 7   111.528   -17.664    -0.768
 7     0.684     0.513     0.520
 7    -0.729     0.505     0.461
 7    -0.026    -0.694     0.719
 8   100.066   -29.664    21.149
 8     0.207    -0.290     0.934
 8     0.484     0.860     0.160
 8    -0.850     0.419     0.319
 9   112.666   -35.135    42.421
 9    -0.061     0.262    -0.963
 9    -0.060     0.962     0.265
 9     0.996     0.073    -0.044
 2    98.839   -18.032    59.113
 2     0.106    -0.994     0.007
 2     0.994     0.107     0.033
 2    -0.034     0.003     0.999
 3   101.006    -4.354    10.883
 3     0.172    -0.105     0.979
 3     0.017     0.994     0.103
 3    -0.985    -0.001     0.173
 4   113.232    14.979    -1.024
 4     0.854    -0.470     0.221
 4     0.465     0.505    -0.726
 4     0.230     0.723     0.651
 5   101.859    25.136    22.726
 5     0.288     0.497     0.818
 5    -0.411     0.836    -0.363
 5    -0.865    -0.232     0.445
 6   108.533    28.473    44.562
 6    -0.249    -0.242    -0.938
 6    -0.116     0.969    -0.219
 6     0.961     0.054    -0.269
 7   111.608   -17.541    -0.964
 7     0.673     0.535     0.511
 7    -0.739     0.505     0.445
 7    -0.020    -0.677     0.735
 8    99.129   -29.595    19.752
 8     0.271    -0.296     0.916
 8     0.494     0.859     0.131
 8    -0.826     0.417     0.379
 9   109.364   -35.506    41.780
 9    -0.125     0.265    -0.956
 9    -0.065     0.959     0.274
 9     0.990     0.096    -0.103
 2    98.839   -18.032    59.113
 2     0.106    -0.994     0.007
 2     0.994     0.107     0.033
 2    -0.034     0.003     0.999
 3   101.016    -4.330    10.765
 3     0.172    -0.108     0.979
 3     0.015     0.994     0.106
 3    -0.985    -0.003     0.173
 4   113.320    15.042    -1.089
 4     0.843    -0.497     0.205
 4     0.466     0.486    -0.740
 4     0.268     0.719     0.641
 5   100.785    24.666    21.882
 5     0.350     0.469     0.811
 5    -0.406     0.856    -0.320
 5    -0.844    -0.218     0.490
 6   105.653    28.208    44.041
 6    -0.301    -0.255    -0.919
 6    -0.110     0.966    -0.232
 6     0.947     0.031    -0.319
 7   111.663   -17.264    -1.505
 7     0.665     0.562     0.493
 7    -0.747     0.509     0.427
 7    -0.011    -0.652     0.758
 8    98.094   -29.041    18.183
 8     0.350    -0.292     0.890
 8     0.496     0.864     0.088
 8    -0.795     0.410     0.447
 9   105.540   -35.689    40.812
 9    -0.199     0.277    -0.940
 9    -0.075     0.952     0.296
 9     0.977     0.129    -0.169
 2    98.788   -18.032    59.113
 2     0.106    -0.994     0.008
 2     0.994     0.107     0.033
 2    -0.034     0.004     0.999
 3   101.015    -4.279    10.638
 3     0.170    -0.110     0.979
 3     0.015     0.994     0.109
 3    -0.985    -0.003     0.171
 4   113.341    14.996    -1.358
 4     0.831    -0.522     0.193
 4     0.469     0.472    -0.747
 4     0.298     0.711     0.636
 5    99.756    24.705    20.494
 5     0.404     0.456     0.793
 5    -0.416     0.863    -0.284
 5    -0.814    -0.215     0.539
 6   105.675    29.441    44.362
 6    -0.348    -0.264    -0.900
 6    -0.088     0.964    -0.249
 6     0.933    -0.008    -0.358
 7   111.807   -17.005    -1.865
 7     0.659     0.590     0.467
 7    -0.752     0.512     0.414
 7     0.005    -0.624     0.781
 8    97.332   -28.509    16.806
 8     0.418    -0.284     0.863
 8     0.492     0.869     0.047
 8    -0.764     0.405     0.502
 9   102.565   -35.731    39.900
 9    -0.262     0.283    -0.922
 9    -0.081     0.946     0.313
 9     0.962     0.156    -0.225
 2    98.838   -18.032    59.113
 2     0.106    -0.994     0.008
 2     0.994     0.107     0.033
 2    -0.034     0.004     0.999
 3   100.967    -4.278    10.388
 3     0.166    -0.107     0.980
 3     0.022     0.994     0.104
 3    -0.986     0.005     0.167
 4   113.452    14.895    -1.639
 4     0.820    -0.542     0.184
 4     0.472     0.459    -0.753
 4     0.323     0.704     0.632
 5    98.951    24.195    19.435
 5     0.450     0.439     0.777
 5    -0.413     0.874    -0.255
 5    -0.792    -0.206     0.575
 6   103.037    29.705    43.346
 6    -0.398    -0.274    -0.875
 6    -0.056     0.960    -0.275
 6     0.916    -0.061    -0.397
 7   112.116   -16.890    -2.248
 7     0.657     0.615     0.435
 7    -0.753     0.514     0.410
 7     0.028    -0.597     0.801
 8    96.885   -28.003    15.611
 8     0.480    -0.281     0.831
 8     0.481     0.876     0.018
 8    -0.733     0.392     0.555
 9    99.474   -35.701    39.014
 9    -0.336     0.272    -0.902
 9    -0.091     0.943     0.318
 9     0.937     0.189    -0.293
 2    98.788   -18.032    59.113
 2     0.106    -0.994     0.008
 2     0.994     0.107     0.033
 2    -0.034     0.004     0.999
 3   101.024    -4.315    10.166
 3     0.163    -0.117     0.979
 3     0.032     0.993     0.113
 3    -0.986     0.013     0.166
 4   113.440    14.813    -1.865
 4     0.808    -0.561     0.182
 4     0.482     0.451    -0.751
 4     0.339     0.694     0.634
 5    98.478    23.979    18.723
 5     0.479     0.427     0.767
 5    -0.416     0.880    -0.231
 5    -0.773    -0.209     0.598
 6   101.645    30.252    42.693
 6    -0.427    -0.276    -0.861
 6    -0.023     0.955    -0.294
 6     0.904    -0.106    -0.414
 7   112.275   -16.851    -2.554
 7     0.656     0.638     0.404
 7    -0.753     0.516     0.407
 7     0.051    -0.571     0.819
 8    96.281   -27.449    14.771
 8     0.532    -0.265     0.805
 8     0.470     0.882    -0.021
 8    -0.705     0.389     0.593
 9    96.927   -35.589    38.266
 9    -0.390     0.279    -0.877
 9    -0.101     0.934     0.341
 9     0.915     0.221    -0.337
 2    98.788   -18.032    59.113
 2     0.106    -0.994     0.008
 2     0.994     0.107     0.033
 2    -0.034     0.004     0.999
 3   100.964    -4.334    10.032
 3     0.156    -0.124     0.980
 3     0.041     0.992     0.119
 3    -0.987     0.022     0.160
 4   113.437    14.696    -1.969
 4     0.802    -0.569     0.180
 4     0.485     0.446    -0.753
 4     0.348     0.691     0.633
 5    98.068    23.541    18.341
 5     0.497     0.414     0.762
 5    -0.409     0.886    -0.215
 5    -0.765    -0.205     0.610
 6    98.391    31.660    41.675
 6    -0.453    -0.272    -0.849
 6     0.001     0.952    -0.306
 6     0.891    -0.140    -0.431
 7   112.285   -16.737    -2.775
 7     0.652     0.658     0.379
 7    -0.755     0.514     0.406
 7     0.072    -0.550     0.831
 8    95.780   -26.722    14.018
 8     0.574    -0.244     0.781
 8     0.455     0.888    -0.057
 8    -0.681     0.388     0.621
 9    94.715   -35.422    37.563
 9    -0.440     0.282    -0.853
 9    -0.111     0.925     0.363
 9     0.891     0.254    -0.376
 2    98.788   -18.032    59.113
 2     0.106    -0.994     0.008
 2     0.994     0.107     0.033
 2    -0.034     0.004     0.999
 3   100.755    -4.421     9.901
 3     0.146    -0.137     0.979
 3     0.054     0.990     0.130
 3    -0.988     0.034     0.152
 4   113.253    14.578    -2.119
 4     0.796    -0.577     0.181
 4     0.490     0.439    -0.753
 4     0.355     0.688     0.632
 5    97.639    23.130    17.984
 5     0.515     0.401     0.758
 5    -0.404     0.893    -0.198
 5    -0.756    -0.204     0.622
 6    97.290    31.745    41.144
 6    -0.474    -0.274    -0.837
 6     0.019     0.947    -0.321
 6     0.880    -0.169    -0.444
 7   112.395   -16.850    -2.968
 7     0.651     0.671     0.355
 7    -0.753     0.514     0.410
 7     0.092    -0.534     0.840
 8    95.541   -26.477    13.432
 8     0.606    -0.243     0.757
 8     0.443     0.894    -0.069
 8    -0.660     0.377     0.649
 9    92.695   -35.558    36.828
 9    -0.496     0.252    -0.831
 9    -0.131     0.924     0.358
 9     0.858     0.287    -0.426
 2    98.838   -18.032    59.113
 2     0.106    -0.994     0.008
 2     0.994     0.107     0.033
 2    -0.034     0.004     0.999
 3   100.678    -4.401     9.724
 3     0.140    -0.142     0.980
 3     0.068     0.989     0.133
 3    -0.988     0.048     0.149
 4   113.317    14.482    -2.286
 4     0.793    -0.583     0.178
 4     0.491     0.438    -0.753
 4     0.360     0.684     0.633
 5    97.532    22.918    17.679
 5     0.530     0.399     0.748
 5    -0.402     0.895    -0.193
 5    -0.747    -0.199     0.635
 6    96.517    31.781    40.721
 6    -0.496    -0.264    -0.827
 6     0.036     0.946    -0.323
 6     0.868    -0.190    -0.459
 7   112.429   -16.813    -3.106
 7     0.647     0.685     0.335
 7    -0.754     0.511     0.411
 7     0.111    -0.518     0.847
 8    95.240   -26.183    12.848
 8     0.634    -0.240     0.735
 8     0.433     0.897    -0.081
 8    -0.641     0.370     0.673
 9    91.167   -35.656    36.167
 9    -0.538     0.230    -0.811
 9    -0.144     0.923     0.357
 9     0.831     0.308    -0.463
 2    98.788   -18.032    59.113
 2     0.106    -0.994     0.008
 2     0.994     0.107     0.033
 2    -0.034     0.004     0.999
 3   100.572    -4.436     9.592
 3     0.135    -0.146     0.980
 3     0.078     0.987     0.136
 3    -0.988     0.058     0.145
 4   113.388    14.312    -2.437
 4     0.789    -0.589     0.173
 4     0.491     0.437    -0.754
 4     0.368     0.679     0.634
 5    97.282    22.583    17.219
 5     0.546     0.390     0.742
 5    -0.398     0.899    -0.179
 5    -0.737    -0.198     0.646
 6    95.687    31.766    40.227
 6    -0.514    -0.267    -0.815
 6     0.043     0.941    -0.335
 6     0.856    -0.207    -0.472
 7   112.553   -16.830    -3.300
 7     0.644     0.695     0.320
 7    -0.755     0.510     0.413
 7     0.124    -0.507     0.852
 8    95.113   -26.042    12.375
 8     0.650    -0.241     0.721
 8     0.430     0.898    -0.088
 8    -0.627     0.367     0.687
 9    90.104   -35.816    35.561
 9    -0.565     0.213    -0.797
 9    -0.152     0.922     0.354
 9     0.811     0.321    -0.489
 2    98.788   -18.032    59.113
 2     0.106    -0.994     0.008
 2     0.994     0.107     0.033
 2    -0.034     0.004     0.999
 3   100.562    -4.420     9.406
 3     0.128    -0.146     0.981
 3     0.087     0.987     0.135
 3    -0.988     0.068     0.139
 4   113.507    14.218    -2.533
 4     0.786    -0.595     0.167
 4     0.491     0.437    -0.754
 4     0.375     0.674     0.635
 5    97.234    22.500    16.810
 5     0.560     0.388     0.733
 5    -0.399     0.900    -0.171
 5    -0.726    -0.197     0.658
 6    95.017    31.931    39.722
 6    -0.531    -0.261    -0.806
 6     0.054     0.939    -0.340
 6     0.845    -0.225    -0.485
 7   112.598   -16.799    -3.461
 7     0.638     0.705     0.309
 7    -0.758     0.504     0.413
 7     0.135    -0.498     0.856
 8    94.897   -25.846    11.808
 8     0.668    -0.241     0.704
 8     0.428     0.898    -0.099
 8    -0.608     0.368     0.703
 9    88.912   -35.903    34.858
 9    -0.593     0.197    -0.781
 9    -0.160     0.921     0.353
 9     0.789     0.334    -0.515
 2    98.788   -18.032    59.113
 2     0.106    -0.994     0.008
 2     0.994     0.107     0.033
 2    -0.034     0.004     0.999
 3   100.548    -4.417     9.340
 3     0.127    -0.146     0.981
 3     0.089     0.987     0.135
 3    -0.988     0.071     0.138
 4   113.599    14.199    -2.651
 4     0.783    -0.601     0.163
 4     0.491     0.437    -0.753
 4     0.381     0.669     0.637
 5    96.967    22.135    16.434
 5     0.576     0.380     0.724
 5    -0.389     0.906    -0.165
 5    -0.719    -0.187     0.669
 6    94.011    31.461    39.387
 6    -0.552    -0.263    -0.791
 6     0.053     0.936    -0.348
 6     0.832    -0.234    -0.503
 7   112.621   -16.819    -3.545
 7     0.632     0.714     0.302
 7    -0.761     0.498     0.415
 7     0.146    -0.492     0.858
 8    94.755   -25.763    11.530
 8     0.681    -0.237     0.693
 8     0.422     0.900    -0.107
 8    -0.599     0.365     0.713
 9    88.066   -35.857    34.456
 9    -0.615     0.183    -0.767
 9    -0.162     0.922     0.350
 9     0.772     0.339    -0.538
 2    98.788   -18.032    59.113
 2     0.106    -0.994     0.008
 2     0.994     0.107     0.033
 2    -0.034     0.004     0.999
 3   100.490    -4.415     9.231
 3     0.124    -0.143     0.982
 3     0.089     0.987     0.132
 3    -0.988     0.071     0.135
 4   113.713    14.053    -2.791
 4     0.778    -0.608     0.158
 4     0.495     0.439    -0.750
 4     0.386     0.662     0.642
 5    96.819    21.875    16.025
 5     0.591     0.373     0.715
 5    -0.387     0.909    -0.154
 5    -0.708    -0.186     0.681
 6    93.339    31.550    38.860
 6    -0.569    -0.260    -0.780
 6     0.062     0.932    -0.356
 6     0.820    -0.251    -0.514
 7   112.616   -16.790    -3.651
 7     0.624     0.724     0.294
 7    -0.765     0.491     0.415
 7     0.156    -0.484     0.861
 8    94.565   -25.576    11.142
 8     0.693    -0.234     0.682
 8     0.418     0.901    -0.116
 8    -0.588     0.365     0.722
 9    87.381   -35.731    34.045
 9    -0.633     0.173    -0.755
 9    -0.163     0.923     0.348
 9     0.757     0.343    -0.556
 2    98.838   -18.032    59.113
 2     0.106    -0.994     0.008
 2     0.994     0.107     0.033
 2    -0.034     0.004     0.999
 3   100.470    -4.410     9.134
 3     0.121    -0.137     0.983
 3     0.091     0.988     0.126
 3    -0.988     0.074     0.132
 4   113.754    14.031    -2.855
 4     0.777    -0.611     0.150
 4     0.493     0.443    -0.749
 4     0.391     0.656     0.645
 5    96.780    21.807    15.816
 5     0.598     0.375     0.708
 5    -0.386     0.909    -0.154
 5    -0.702    -0.181     0.688
 6    92.900    31.615    38.554
 6    -0.583    -0.250    -0.773
 6     0.073     0.931    -0.356
 6     0.809    -0.264    -0.525
 7   112.628   -16.814    -3.719
 7     0.617     0.732     0.289
 7    -0.770     0.486     0.413
 7     0.162    -0.478     0.863
 8    94.464   -25.517    10.888
 8     0.699    -0.235     0.675
 8     0.417     0.900    -0.120
 8    -0.580     0.365     0.728
 9    86.910   -35.847    33.738
 9    -0.645     0.157    -0.748
 9    -0.169     0.925     0.340
 9     0.745     0.345    -0.570
 2    98.838   -18.032    59.113
 2     0.106    -0.994     0.008
 2     0.994     0.107     0.033
 2    -0.034     0.004     0.999
 3   100.354    -4.417     9.098
 3     0.120    -0.135     0.983
 3     0.091     0.988     0.124
 3    -0.989     0.074     0.131
 4   113.861    13.932    -2.935
 4     0.777    -0.613     0.145
 4     0.492     0.446    -0.748
 4     0.393     0.652     0.648
 5    96.667    21.616    15.606
 5     0.609     0.370     0.702
 5    -0.382     0.912    -0.149
 5    -0.696    -0.178     0.696
 6    92.392    31.428    38.292
 6    -0.595    -0.247    -0.764
 6     0.077     0.929    -0.361
 6     0.800    -0.274    -0.535
 7   112.638   -16.811    -3.734
 7     0.615     0.735     0.286
 7    -0.771     0.484     0.414
 7     0.167    -0.475     0.864
 8    94.311   -25.513    10.747
 8     0.707    -0.233     0.667
 8     0.412     0.903    -0.122
 8    -0.574     0.361     0.734
 9    86.470   -35.763    33.442
 9    -0.656     0.143    -0.741
 9    -0.167     0.930     0.327
 9     0.736     0.338    -0.586
 2    98.838   -18.032    59.113
 2     0.106    -0.994     0.009
 2     0.994     0.107     0.033
 2    -0.034     0.005     0.999
 3   100.350    -4.418     9.093
 3     0.119    -0.133     0.984
 3     0.090     0.988     0.122
 3    -0.989     0.075     0.130
 4   113.924    13.859    -2.944
 4     0.775    -0.617     0.139
 4     0.491     0.450    -0.746
 4     0.397     0.646     0.651
 5    96.631    21.499    15.452
 5     0.616     0.369     0.697
 5    -0.381     0.912    -0.146
 5    -0.690    -0.177     0.702
 6    92.092    31.472    38.044
 6    -0.603    -0.243    -0.759
 6     0.082     0.928    -0.363
 6     0.793    -0.281    -0.540
 7   112.667   -16.862    -3.795
 7     0.612     0.740     0.280
 7    -0.772     0.483     0.412
 7     0.170    -0.469     0.866
 8    94.333   -25.454    10.492
 8     0.713    -0.235     0.660
 8     0.413     0.901    -0.127
 8    -0.566     0.363     0.740
 9    86.038   -35.774    33.124
 9    -0.665     0.135    -0.735
 9    -0.171     0.930     0.325
 9     0.727     0.342    -0.595
 2    98.838   -18.032    59.113
 2     0.106    -0.994     0.008
 2     0.994     0.107     0.033
 2    -0.034     0.004     0.999
 3   100.349    -4.418     9.041
 3     0.119    -0.130     0.984
 3     0.090     0.989     0.119
 3    -0.989     0.075     0.129
 4   113.957    13.887    -3.003
 4     0.774    -0.619     0.135
 4     0.490     0.450    -0.746
 4     0.400     0.643     0.652
 5    96.565    21.429    15.357
 5     0.621     0.366     0.694
 5    -0.380     0.914    -0.142
 5    -0.686    -0.176     0.706
 6    91.898    31.517    37.887
 6    -0.609    -0.243    -0.755
 6     0.087     0.926    -0.368
 6     0.788    -0.290    -0.543
 7   112.670   -16.811    -3.827
 7     0.610     0.742     0.277
 7    -0.773     0.482     0.412
 7     0.172    -0.465     0.868
 8    94.222   -25.398    10.349
 8     0.717    -0.236     0.656
 8     0.414     0.901    -0.129
 8    -0.561     0.364     0.743
 9    85.894   -35.780    33.015
 9    -0.670     0.126    -0.732
 9    -0.173     0.932     0.319
 9     0.722     0.340    -0.602
 2    98.838   -18.032    59.113
 2     0.106    -0.994     0.008
 2     0.994     0.107     0.033
 2    -0.034     0.004     0.999
 3   100.321    -4.417     8.987
 3     0.118    -0.130     0.984
 3     0.090     0.989     0.119
 3    -0.989     0.075     0.128
 4   113.937    13.761    -3.105
 4     0.772    -0.621     0.132
 4     0.492     0.454    -0.742
 4     0.401     0.638     0.657
 5    96.465    21.339    14.996
 5     0.627     0.363     0.689
 5    -0.383     0.914    -0.132
 5    -0.678    -0.181     0.712
 6    91.442    31.685    37.466
 6    -0.619    -0.237    -0.749
 6     0.098     0.922    -0.374
 6     0.779    -0.305    -0.547
 7   112.681   -16.910    -3.842
 7     0.607     0.746     0.273
 7    -0.775     0.479     0.413
 7     0.177    -0.462     0.869
 8    94.155   -25.404    10.450
 8     0.709    -0.245     0.661
 8     0.416     0.902    -0.114
 8    -0.568     0.356     0.741
 9    85.838   -35.782    33.093
 9    -0.671     0.123    -0.731
 9    -0.173     0.933     0.316
 9     0.721     0.338    -0.605
 2    98.839   -18.032    59.113
 2     0.106    -0.994     0.007
 2     0.994     0.107     0.033
 2    -0.034     0.003     0.999
 3   100.342    -4.474     8.983
 3     0.119    -0.125     0.985
 3     0.086     0.989     0.115
 3    -0.989     0.071     0.129
 4   113.938    13.761    -3.105
 4     0.773    -0.621     0.131
 4     0.492     0.455    -0.742
 4     0.401     0.637     0.658
 5    96.526    21.284    15.187
 5     0.625     0.363     0.692
 5    -0.379     0.915    -0.137
 5    -0.682    -0.177     0.709
 6    91.391    31.507    37.517
 6    -0.619    -0.241    -0.748
 6     0.097     0.921    -0.377
 6     0.779    -0.306    -0.547
 7   112.686   -16.959    -3.847
 7     0.606     0.746     0.274
 7    -0.775     0.476     0.415
 7     0.179    -0.464     0.867
 8    94.162   -25.453    10.369
 8     0.712    -0.245     0.658
 8     0.415     0.902    -0.115
 8    -0.566     0.355     0.744
 9    85.593   -35.715    32.987
 9    -0.676     0.119    -0.727
 9    -0.172     0.934     0.312
 9     0.716     0.336    -0.611
 2    98.838   -18.032    59.113
 2     0.106    -0.994     0.008
 2     0.994     0.107     0.032
 2    -0.034     0.004     0.999
 3   100.341    -4.499     8.981
 3     0.119    -0.124     0.985
 3     0.086     0.990     0.114
 3    -0.989     0.071     0.128
 4   113.937    13.762    -3.104
 4     0.771    -0.623     0.131
 4     0.493     0.456    -0.741
 4     0.401     0.636     0.659
 5    96.452    21.110    15.128
 5     0.629     0.358     0.690
 5    -0.375     0.917    -0.134
 5    -0.681    -0.175     0.711
 6    91.391    31.355    37.569
 6    -0.619    -0.241    -0.747
 6     0.096     0.921    -0.377
 6     0.779    -0.306    -0.547
 7   112.693   -16.956    -3.831
 7     0.606     0.747     0.273
 7    -0.774     0.476     0.417
 7     0.182    -0.464     0.867
 8    94.154   -25.405    10.404
 8     0.709    -0.246     0.661
 8     0.416     0.902    -0.111
 8    -0.569     0.353     0.742
 9    85.646   -35.764    33.032
 9    -0.676     0.117    -0.728
 9    -0.172     0.935     0.310
 9     0.717     0.335    -0.612
 2    98.788   -18.032    59.113
 2     0.106    -0.994     0.008
 2     0.994     0.107     0.032
 2    -0.034     0.004     0.999
 3   100.245    -4.501     8.986
 3     0.119    -0.124     0.985
 3     0.085     0.990     0.114
 3    -0.989     0.070     0.128
 4   113.941    13.712    -3.107
 4     0.771    -0.624     0.130
 4     0.494     0.456    -0.740
 4     0.402     0.634     0.660
 5    96.359    21.039    15.089
 5     0.633     0.354     0.689
 5    -0.373     0.918    -0.129
 5    -0.678    -0.176     0.713
 6    91.204    31.327    37.455
 6    -0.623    -0.242    -0.744
 6     0.097     0.919    -0.381
 6     0.776    -0.310    -0.549
 7   112.693   -16.956    -3.831
 7     0.607     0.746     0.273
 7    -0.774     0.476     0.418
 7     0.182    -0.465     0.866
 8    94.204   -25.554    10.400
 8     0.707    -0.252     0.661
 8     0.420     0.901    -0.107
 8    -0.568     0.353     0.743
 9    85.719   -35.938    32.931
 9    -0.675     0.111    -0.729
 9    -0.177     0.935     0.307
 9     0.716     0.337    -0.612
 2    98.788   -18.032    59.113
 2     0.106    -0.994     0.008
 2     0.994     0.107     0.033
 2    -0.034     0.004     0.999
 3   100.297    -4.501     8.988
 3     0.118    -0.123     0.985
 3     0.084     0.990     0.113
 3    -0.989     0.069     0.127
 4   113.943    13.713    -3.109
 4     0.770    -0.625     0.130
 4     0.495     0.456    -0.739
 4     0.403     0.633     0.661
 5    96.316    21.044    14.974
 5     0.637     0.352     0.686
 5    -0.372     0.919    -0.125
 5    -0.675    -0.176     0.716
 6    90.961    31.347    37.299
 6    -0.629    -0.242    -0.739
 6     0.100     0.917    -0.385
 6     0.771    -0.316    -0.552
 7   112.695   -16.955    -3.835
 7     0.607     0.747     0.272
 7    -0.773     0.476     0.418
 7     0.183    -0.463     0.867
 8    94.169   -25.499    10.206
 8     0.713    -0.249     0.656
 8     0.418     0.901    -0.113
 8    -0.563     0.355     0.746
 9    85.523   -35.896    32.780
 9    -0.681     0.109    -0.724
 9    -0.178     0.934     0.308
 9     0.710     0.339    -0.617
 2    98.788   -18.032    59.113
 2     0.106    -0.994     0.008
 2     0.994     0.107     0.033
 2    -0.034     0.004     0.999
 3   100.289    -4.560     8.959
 3     0.118    -0.121     0.985
 3     0.083     0.990     0.112
 3    -0.990     0.068     0.127
 4   113.944    13.714    -3.134
 4     0.769    -0.626     0.128
 4     0.495     0.458    -0.738
 4     0.403     0.631     0.662
 5    96.314    21.042    15.029
 5     0.636     0.354     0.687
 5    -0.373     0.919    -0.127
 5    -0.676    -0.176     0.716
 6    91.275    31.401    37.406
 6    -0.623    -0.245    -0.743
 6     0.101     0.916    -0.387
 6     0.775    -0.316    -0.547
 7   112.699   -16.953    -3.841
 7     0.608     0.747     0.270
 7    -0.772     0.476     0.419
 7     0.185    -0.463     0.866
 8    94.234   -25.578    10.373
 8     0.709    -0.254     0.658
 8     0.420     0.901    -0.105
 8    -0.567     0.351     0.745
 9    85.677   -35.968    32.920
 9    -0.679     0.104    -0.727
 9    -0.178     0.937     0.301
 9     0.712     0.334    -0.617
 2    98.839   -18.032    59.113
 2     0.106    -0.994     0.007
 2     0.994     0.107     0.033
 2    -0.034     0.003     0.999
 3   100.287    -4.562     8.957
 3     0.119    -0.119     0.986
 3     0.083     0.990     0.110
 3    -0.990     0.069     0.127
 4   113.940    13.686    -3.127
 4     0.770    -0.625     0.127
 4     0.495     0.460    -0.737
 4     0.401     0.631     0.664
 5    96.400    21.109    15.183
 5     0.628     0.356     0.692
 5    -0.374     0.917    -0.133
 5    -0.682    -0.176     0.709
 6    91.709    31.359    37.665
 6    -0.611    -0.254    -0.749
 6     0.097     0.916    -0.390
 6     0.785    -0.311    -0.535
 7   112.699   -16.977    -3.787
 7     0.610     0.744     0.273
 7    -0.771     0.476     0.423
 7     0.184    -0.468     0.864
 8    94.293   -25.746    10.855
 8     0.696    -0.257     0.670
 8     0.420     0.903    -0.091
 8    -0.582     0.345     0.737
 9    86.513   -35.862    33.673
 9    -0.660     0.106    -0.744
 9    -0.176     0.941     0.290
 9     0.730     0.322    -0.603
 2    98.839   -17.981    59.113
 2     0.106    -0.994     0.008
 2     0.994     0.107     0.033
 2    -0.034     0.004     0.999
 3   100.330    -4.576     9.127
 3     0.120    -0.109     0.987
 3     0.074     0.992     0.101
 3    -0.990     0.061     0.127
 4   113.913    13.699    -3.091
 4     0.778    -0.614     0.129
 4     0.492     0.469    -0.734
 4     0.390     0.634     0.667
 5    96.737    21.298    15.879
 5     0.600     0.367     0.711
 5    -0.376     0.913    -0.155
 5    -0.707    -0.175     0.685
 6    93.366    31.437    38.519
 6    -0.575    -0.264    -0.774
 6     0.093     0.919    -0.383
 6     0.813    -0.292    -0.504
 7   112.376   -17.164    -3.451
 7     0.614     0.729     0.302
 7    -0.771     0.472     0.426
 7     0.168    -0.494     0.852
 8    94.557   -26.176    12.314
 8     0.653    -0.269     0.708
 8     0.420     0.906    -0.045
 8    -0.630     0.327     0.705
 9    88.923   -35.685    35.569
 9    -0.610     0.116    -0.784
 9    -0.169     0.948     0.271
 9     0.774     0.297    -0.559
 2    98.788   -18.032    59.113
 2     0.106    -0.994     0.008
 2     0.994     0.107     0.033
 2    -0.034     0.004     0.999
 3   100.261    -4.517     9.413
 3     0.122    -0.098     0.988
 3     0.063     0.994     0.090
 3    -0.990     0.051     0.127
 4   113.763    13.825    -2.897
 4     0.795    -0.592     0.131
 4     0.481     0.484    -0.730
 4     0.369     0.644     0.670
 5    97.278    21.761    17.290
 5     0.548     0.389     0.740
 5    -0.375     0.905    -0.198
 5    -0.748    -0.169     0.642
 6    96.162    31.404    40.085
 6    -0.515    -0.274    -0.812
 6     0.078     0.928    -0.362
 6     0.854    -0.250    -0.457
 7   112.118   -17.399    -2.984
 7     0.630     0.695     0.347
 7    -0.763     0.471     0.441
 7     0.143    -0.543     0.827
 8    95.142   -27.144    14.158
 8     0.583    -0.301     0.755
 8     0.431     0.901     0.026
 8    -0.688     0.311     0.656
 9    92.473   -36.114    37.571
 9    -0.543     0.116    -0.832
 9    -0.171     0.954     0.245
 9     0.822     0.275    -0.498
 2    98.788   -18.032    59.113
 2     0.106    -0.994     0.008
 2     0.994     0.107     0.033
 2    -0.034     0.004     0.999
 3   100.443    -4.619     9.817
 3     0.141    -0.108     0.984
 3     0.045     0.994     0.103
 3    -0.989     0.029     0.145
 4   113.809    14.051    -2.595
 4     0.812    -0.568     0.132
 4     0.469     0.502    -0.726
 4     0.346     0.652     0.674
 5    98.443    22.565    18.702
 5     0.481     0.435     0.761
 5    -0.382     0.885    -0.265
 5    -0.789    -0.164     0.592
 6    99.753    31.703    41.433
 6    -0.446    -0.265    -0.855
 6     0.069     0.942    -0.328
 6     0.892    -0.205    -0.402
 7   112.137   -17.803    -2.449
 7     0.658     0.647     0.386
 7    -0.744     0.476     0.468
 7     0.119    -0.595     0.794
 8    96.315   -28.211    16.107
 8     0.501    -0.352     0.791
 8     0.441     0.889     0.116
 8    -0.744     0.291     0.601
 9    96.648   -36.180    39.628
 9    -0.465     0.104    -0.879
 9    -0.159     0.967     0.199
 9     0.871     0.232    -0.433
 2    98.788   -18.032    59.113
 2     0.106    -0.994     0.008
 2     0.994     0.107     0.033
 2    -0.034     0.004     0.999
 3   100.631    -4.567    10.029
 3     0.151    -0.113     0.982
 3     0.043     0.993     0.107
 3    -0.988     0.026     0.155
 4   113.798    14.237    -2.299
 4     0.836    -0.531     0.136
 4     0.453     0.529    -0.718
 4     0.309     0.662     0.682
 5    99.958    23.639    20.212
 5     0.392     0.479     0.785
 5    -0.405     0.856    -0.320
 5    -0.826    -0.193     0.530
 6   104.374    32.292    42.789
 6    -0.356    -0.249    -0.901
 6     0.056     0.956    -0.286
 6     0.933    -0.152    -0.327
 7   112.095   -18.037    -2.089
 7     0.678     0.607     0.415
 7    -0.729     0.483     0.483
 7     0.093    -0.630     0.770
 8    97.458   -29.358    17.732
 8     0.410    -0.399     0.820
 8     0.460     0.866     0.191
 8    -0.787     0.299     0.539
 9   101.136   -36.555    41.069
 9    -0.379     0.076    -0.922
 9    -0.158     0.976     0.146
 9     0.912     0.201    -0.358
 2    98.838   -18.032    59.113
 2     0.106    -0.994     0.009
 2     0.994     0.107     0.032
 2    -0.034     0.005     0.999
 3   100.597    -4.612    10.245
 3     0.157    -0.112     0.981
 3     0.044     0.993     0.106
 3    -0.987     0.026     0.161
 4   113.844    14.273    -1.987
 4     0.857    -0.496     0.144
 4     0.437     0.550    -0.712
 4     0.274     0.672     0.687
 5   101.881    24.401    22.106
 5     0.284     0.509     0.812
 5    -0.420     0.827    -0.372
 5    -0.862    -0.235     0.449
 6   109.584    32.528    43.865
 6    -0.248    -0.235    -0.940
 6     0.046     0.966    -0.254
 6     0.968    -0.106    -0.229
 7   112.181   -18.119    -1.954
 7     0.693     0.581     0.427
 7    -0.717     0.495     0.490
 7     0.073    -0.646     0.760
 8    99.069   -30.319    19.092
 8     0.305    -0.431     0.849
 8     0.474     0.842     0.256
 8    -0.826     0.324     0.461
 9   106.237   -36.450    42.110
 9    -0.273     0.068    -0.960
 9    -0.143     0.984     0.110
 9     0.951     0.167    -0.259
 2    98.838   -18.032    59.113
 2     0.106    -0.994     0.008
 2     0.994     0.107     0.033
 2    -0.034     0.004     0.999
 3   100.595    -4.546    10.418
 3     0.165    -0.101     0.981
 3     0.050     0.994     0.094
 3    -0.985     0.034     0.169
 4   113.964    14.475    -1.638
 4     0.870    -0.471     0.150
 4     0.425     0.559    -0.712
 4     0.251     0.683     0.686
 5   103.785    24.754    23.815
 5     0.185     0.516     0.836
 5    -0.424     0.809    -0.406
 5    -0.886    -0.279     0.369
 6   114.318    32.352    44.540
 6    -0.146    -0.234    -0.961
 6     0.029     0.970    -0.241
 6     0.989    -0.063    -0.135
 7   112.259   -18.224    -1.824
 7     0.700     0.570     0.431
 7    -0.711     0.503     0.490
 7     0.063    -0.649     0.757
 8   100.435   -30.755    20.313
 8     0.221    -0.446     0.867
