% Calibrated with leiden_pols
% Positions are in centimeters
Data =[
 2    99.348   -21.840    59.186
 2     0.681    -0.733    -0.003
 2     0.731     0.679     0.050
 2    -0.034    -0.037     0.999
 3   101.402    -5.845    11.086
 3     0.157    -0.114     0.981
 3     0.079     0.991     0.103
 3    -0.984     0.061     0.165
 4   113.347    13.747     0.481
 4     0.835    -0.435     0.336
 4     0.547     0.607    -0.576
 4     0.046     0.665     0.745
 5   113.603    21.585    25.868
 5     0.507    -0.226     0.832
 5     0.233    -0.893    -0.383
 5     0.829     0.388    -0.400
 6   127.367    27.402    46.873
 6     0.503    -0.864     0.026
 6     0.005    -0.031    -1.000
 6     0.864     0.503    -0.012
 7   112.499   -19.806    -0.146
 7     0.719     0.443     0.536
 7    -0.693     0.510     0.509
 7    -0.048    -0.737     0.674
 8   108.717   -25.994    27.670
 8    -0.256    -0.053     0.965
 8     0.265     0.957     0.122
 8    -0.930     0.286    -0.230
 9   131.427   -31.756    45.891
 9     0.520     0.853    -0.052
 9    -0.020     0.068     0.997
 9     0.854    -0.517     0.051
 2    99.398   -21.840    59.237
 2     0.681    -0.733    -0.003
 2     0.731     0.679     0.050
 2    -0.034    -0.037     0.999
 3   101.406    -5.853    11.040
 3     0.146    -0.109     0.983
 3     0.078     0.992     0.098
 3    -0.986     0.063     0.154
 4   113.403    13.750     0.420
 4     0.836    -0.435     0.336
 4     0.547     0.604    -0.580
 4     0.049     0.667     0.742
 5   113.528    21.688    25.794
 5     0.528    -0.161     0.834
 5     0.289    -0.890    -0.353
 5     0.798     0.427    -0.424
 6   126.906    29.716    46.025
 6     0.538    -0.807     0.244
 6     0.101    -0.226    -0.969
 6     0.837     0.545    -0.040
 7   112.664   -19.798    -0.185
 7     0.723     0.438     0.536
 7    -0.690     0.504     0.520
 7    -0.043    -0.745     0.665
 8   109.317   -25.952    27.414
 8    -0.266     0.046     0.963
 8     0.306     0.951     0.038
 8    -0.914     0.304    -0.267
 9   131.745   -34.245    44.783
 9     0.550     0.828     0.107
 9    -0.120    -0.051     0.992
 9     0.826    -0.557     0.071
 2    99.348   -21.815    59.186
 2     0.681    -0.733    -0.003
 2     0.731     0.679     0.050
 2    -0.034    -0.037     0.999
 3   101.310    -5.869    11.011
 3     0.122    -0.105     0.987
 3     0.074     0.992     0.096
 3    -0.990     0.062     0.129
 4   113.262    13.535     0.014
 4     0.829    -0.437     0.350
 4     0.558     0.610    -0.562
 4     0.031     0.661     0.749
 5   113.310    22.480    25.221
 5     0.518    -0.004     0.855
 5     0.429    -0.864    -0.263
 5     0.740     0.503    -0.446
 6   126.659    33.940    43.873
 6     0.576    -0.714     0.400
 6     0.248    -0.312    -0.916
 6     0.778     0.627    -0.004
 7   112.683   -19.749    -0.329
 7     0.723     0.434     0.538
 7    -0.689     0.504     0.520
 7    -0.046    -0.746     0.663
 8   110.188   -26.382    26.803
 8    -0.292     0.213     0.933
 8     0.396     0.914    -0.085
 8    -0.871     0.345    -0.350
 9   131.929   -38.869    42.095
 9     0.590     0.748     0.304
 9    -0.277    -0.165     0.946
 9     0.758    -0.642     0.110
 2    99.348   -21.840    59.186
 2     0.681    -0.733    -0.003
 2     0.731     0.679     0.050
 2    -0.034    -0.037     0.999
 3   101.211    -5.967    10.995
 3     0.108    -0.109     0.988
 3     0.073     0.992     0.101
 3    -0.991     0.061     0.115
 4   112.896    13.235    -0.372
 4     0.816    -0.445     0.369
 4     0.577     0.629    -0.521
 4    -0.000     0.637     0.770
 5   113.225    23.828    24.351
 5     0.489     0.158     0.858
 5     0.573    -0.799    -0.180
 5     0.658     0.579    -0.481
 6   126.407    38.523    40.494
 6     0.609    -0.597     0.525
 6     0.396    -0.343    -0.851
 6     0.687     0.725     0.026
 7   112.374   -19.476    -0.625
 7     0.708     0.436     0.555
 7    -0.702     0.516     0.491
 7    -0.073    -0.737     0.671
 8   111.330   -27.059    25.813
 8    -0.305     0.430     0.851
 8     0.507     0.828    -0.236
 8    -0.806     0.360    -0.470
 9   131.420   -44.199    38.215
 9     0.605     0.612     0.514
 9    -0.458    -0.260     0.849
 9     0.652    -0.747     0.121
 2    99.348   -21.840    59.186
 2     0.682    -0.732    -0.003
 2     0.731     0.680     0.050
 2    -0.034    -0.037     0.999
 3   100.972    -5.864    10.916
 3     0.085    -0.119     0.989
 3     0.074     0.991     0.113
 3    -0.994     0.063     0.093
 4   112.554    12.898    -0.694
 4     0.801    -0.453     0.391
 4     0.597     0.653    -0.467
 4    -0.044     0.607     0.793
 5   113.367    25.757    23.374
 5     0.473     0.311     0.825
 5     0.701    -0.698    -0.140
 5     0.533     0.645    -0.547
 6   126.020    43.975    35.497
 6     0.625    -0.446     0.642
 6     0.556    -0.323    -0.765
 6     0.548     0.834     0.045
 7   112.000   -19.057    -1.036
 7     0.693     0.442     0.570
 7    -0.714     0.535     0.452
 7    -0.105    -0.720     0.685
 8   112.539   -28.947    23.735
 8    -0.309     0.582     0.754
 8     0.637     0.713    -0.290
 8    -0.706     0.391    -0.589
 9   130.430   -50.169    32.739
 9     0.589     0.484     0.649
 9    -0.619    -0.246     0.744
 9     0.519    -0.839     0.154
 2    99.348   -21.840    59.186
 2     0.682    -0.732    -0.003
 2     0.731     0.680     0.050
 2    -0.034    -0.037     0.999
 3   100.802    -5.827    10.772
 3     0.070    -0.128     0.989
 3     0.083     0.989     0.122
 3    -0.994     0.073     0.080
 4   111.980    12.445    -0.946
 4     0.781    -0.464     0.420
 4     0.616     0.681    -0.396
 4    -0.103     0.567     0.817
 5   113.242    27.961    21.470
 5     0.451     0.450     0.772
 5     0.809    -0.570    -0.141
 5     0.377     0.688    -0.620
 6   124.831    48.677    29.622
 6     0.612    -0.320     0.724
 6     0.685    -0.244    -0.686
 6     0.395     0.916     0.068
 7   111.430   -18.744    -1.289
 7     0.668     0.455     0.589
 7    -0.732     0.546     0.407
 7    -0.137    -0.703     0.697
 8   112.923   -30.819    21.555
 8    -0.284     0.688     0.669
 8     0.739     0.599    -0.305
 8    -0.610     0.408    -0.678
 9   128.316   -54.797    27.405
 9     0.549     0.387     0.743
 9    -0.736    -0.197     0.646
 9     0.395    -0.901     0.175
 2    99.348   -21.840    59.186
 2     0.682    -0.732    -0.003
 2     0.731     0.680     0.050
 2    -0.034    -0.037     0.999
 3   100.536    -5.848    10.708
 3     0.058    -0.135     0.989
 3     0.088     0.987     0.130
 3    -0.994     0.079     0.070
 4   111.354    12.002    -1.276
 4     0.759    -0.480     0.441
 4     0.632     0.702    -0.327
 4    -0.152     0.526     0.836
 5   112.941    29.342    19.759
 5     0.431     0.522     0.737
 5     0.861    -0.480    -0.163
 5     0.269     0.704    -0.656
 6   123.646    51.304    24.861
 6     0.594    -0.240     0.768
 6     0.753    -0.171    -0.635
 6     0.283     0.955     0.078
 7   110.891   -18.476    -1.501
 7     0.647     0.463     0.606
 7    -0.744     0.555     0.370
 7    -0.166    -0.690     0.704
 8   113.003   -32.539    19.169
 8    -0.260     0.745     0.616
 8     0.811     0.512    -0.281
 8    -0.524     0.426    -0.736
 9   126.707   -58.133    22.150
 9     0.517     0.325     0.793
 9    -0.809    -0.120     0.575
 9     0.281    -0.938     0.198
 2    99.348   -21.840    59.186
 2     0.682    -0.732    -0.003
 2     0.731     0.680     0.050
 2    -0.034    -0.037     0.999
 3   100.333    -5.874    10.598
 3     0.044    -0.138     0.989
 3     0.092     0.986     0.134
 3    -0.995     0.085     0.057
 4   110.862    11.535    -1.523
 4     0.741    -0.491     0.459
 4     0.642     0.717    -0.271
 4    -0.196     0.494     0.846
 5   113.059    30.541    17.803
 5     0.421     0.582     0.698
 5     0.892    -0.401    -0.203
 5     0.162     0.707    -0.687
