% Calibrated with leiden_pols
% Positions are in centimeters
Data =[
 2    99.348   -21.840    59.186
 2     0.681    -0.733    -0.003
 2     0.731     0.679     0.050
 2    -0.034    -0.037     0.999
 3   101.402    -5.845    11.086
 3     0.157    -0.114     0.981
 3     0.079     0.991     0.103
 3    -0.984     0.061     0.165
 4   113.347    13.747     0.481
 4     0.835    -0.435     0.336
 4     0.547     0.607    -0.576
 4     0.046     0.665     0.745
 5   113.603    21.585    25.868
 5     0.507    -0.226     0.832
 5     0.233    -0.893    -0.383
 5     0.829     0.388    -0.400
 6   127.367    27.402    46.873
 6     0.503    -0.864     0.026
 6     0.005    -0.031    -1.000
 6     0.864     0.503    -0.012
 7   112.499   -19.806    -0.146
 7     0.719     0.443     0.536
 7    -0.693     0.510     0.509
 7    -0.048    -0.737     0.674
 8   108.717   -25.994    27.670
 8    -0.256    -0.053     0.965
 8     0.265     0.957     0.122
 8    -0.930     0.286    -0.230
 9   131.427   -31.756    45.891
 9     0.520     0.853    -0.052
 9    -0.020     0.068     0.997
 9     0.854    -0.517     0.051
 2    99.398   -21.840    59.237
 2     0.681    -0.733    -0.003
 2     0.731     0.679     0.050
 2    -0.034    -0.037     0.999
 3   101.406    -5.853    11.040
 3     0.146    -0.109     0.983
 3     0.078     0.992     0.098
 3    -0.986     0.063     0.154
 4   113.403    13.750     0.420
 4     0.836    -0.435     0.336
 4     0.547     0.604    -0.580
 4     0.049     0.667     0.742
 5   113.528    21.688    25.794
 5     0.528    -0.161     0.834
 5     0.289    -0.890    -0.353
 5     0.798     0.427    -0.424
 6   126.906    29.716    46.025
 6     0.538    -0.807     0.244
 6     0.101    -0.226    -0.969
 6     0.837     0.545    -0.040
 7   112.664   -19.798    -0.185
 7     0.723     0.438     0.536
 7    -0.690     0.504     0.520
 7    -0.043    -0.745     0.665
 8   109.317   -25.952    27.414
 8    -0.266     0.046     0.963
 8     0.306     0.951     0.038
 8    -0.914     0.304    -0.267
 9   131.745   -34.245    44.783
 9     0.550     0.828     0.107
 9    -0.120    -0.051     0.992
 9     0.826    -0.557     0.071
 2    99.348   -21.815    59.186
 2     0.681    -0.733    -0.003
 2     0.731     0.679     0.050
 2    -0.034    -0.037     0.999
 3   101.310    -5.869    11.011
 3     0.122    -0.105     0.987
 3     0.074     0.992     0.096
 3    -0.990     0.062     0.129
 4   113.262    13.535     0.014
 4     0.829    -0.437     0.350
 4     0.558     0.610    -0.562
 4     0.031     0.661     0.749
 5   113.310    22.480    25.221
 5     0.518    -0.004     0.855
 5     0.429    -0.864    -0.263
 5     0.740     0.503    -0.446
 6   126.659    33.940    43.873
 6     0.576    -0.714     0.400
 6     0.248    -0.312    -0.916
 6     0.778     0.627    -0.004
 7   112.683   -19.749    -0.329
 7     0.723     0.434     0.538
 7    -0.689     0.504     0.520
 7    -0.046    -0.746     0.663
 8   110.188   -26.382    26.803
 8    -0.292     0.213     0.933
 8     0.396     0.914    -0.085
 8    -0.871     0.345    -0.350
 9   131.929   -38.869    42.095
 9     0.590     0.748     0.304
 9    -0.277    -0.165     0.946
 9     0.758    -0.642     0.110
 2    99.348   -21.840    59.186
 2     0.681    -0.733    -0.003
 2     0.731     0.679     0.050
 2    -0.034    -0.037     0.999
 3   101.211    -5.967    10.995
 3     0.108    -0.109     0.988
 3     0.073     0.992     0.101
 3    -0.991     0.061     0.115
 4   112.896    13.235    -0.372
 4     0.816    -0.445     0.369
 4     0.577     0.629    -0.521
 4    -0.000     0.637     0.770
 5   113.225    23.828    24.351
 5     0.489     0.158     0.858
 5     0.573    -0.799    -0.180
 5     0.658     0.579    -0.481
 6   126.407    38.523    40.494
 6     0.609    -0.597     0.525
 6     0.396    -0.343    -0.851
 6     0.687     0.725     0.026
 7   112.374   -19.476    -0.625
 7     0.708     0.436     0.555
 7    -0.702     0.516     0.491
 7    -0.073    -0.737     0.671
 8   111.330   -27.059    25.813
 8    -0.305     0.430     0.851
 8     0.507     0.828    -0.236
 8    -0.806     0.360    -0.470
 9   131.420   -44.199    38.215
 9     0.605     0.612     0.514
 9    -0.458    -0.260     0.849
 9     0.652    -0.747     0.121
 2    99.348   -21.840    59.186
 2     0.682    -0.732    -0.003
 2     0.731     0.680     0.050
 2    -0.034    -0.037     0.999
 3   100.972    -5.864    10.916
 3     0.085    -0.119     0.989
 3     0.074     0.991     0.113
 3    -0.994     0.063     0.093
 4   112.554    12.898    -0.694
 4     0.801    -0.453     0.391
 4     0.597     0.653    -0.467
 4    -0.044     0.607     0.793
 5   113.367    25.757    23.374
 5     0.473     0.311     0.825
 5     0.701    -0.698    -0.140
 5     0.533     0.645    -0.547
 6   126.020    43.975    35.497
 6     0.625    -0.446     0.642
 6     0.556    -0.323    -0.765
 6     0.548     0.834     0.045
 7   112.000   -19.057    -1.036
 7     0.693     0.442     0.570
 7    -0.714     0.535     0.452
 7    -0.105    -0.720     0.685
 8   112.539   -28.947    23.735
 8    -0.309     0.582     0.754
 8     0.637     0.713    -0.290
 8    -0.706     0.391    -0.589
 9   130.430   -50.169    32.739
 9     0.589     0.484     0.649
 9    -0.619    -0.246     0.744
 9     0.519    -0.839     0.154
 2    99.348   -21.840    59.186
 2     0.682    -0.732    -0.003
 2     0.731     0.680     0.050
 2    -0.034    -0.037     0.999
 3   100.802    -5.827    10.772
 3     0.070    -0.128     0.989
 3     0.083     0.989     0.122
 3    -0.994     0.073     0.080
 4   111.980    12.445    -0.946
 4     0.781    -0.464     0.420
 4     0.616     0.681    -0.396
 4    -0.103     0.567     0.817
 5   113.242    27.961    21.470
 5     0.451     0.450     0.772
 5     0.809    -0.570    -0.141
 5     0.377     0.688    -0.620
 6   124.831    48.677    29.622
 6     0.612    -0.320     0.724
 6     0.685    -0.244    -0.686
 6     0.395     0.916     0.068
 7   111.430   -18.744    -1.289
 7     0.668     0.455     0.589
 7    -0.732     0.546     0.407
 7    -0.137    -0.703     0.697
 8   112.923   -30.819    21.555
 8    -0.284     0.688     0.669
 8     0.739     0.599    -0.305
 8    -0.610     0.408    -0.678
 9   128.316   -54.797    27.405
 9     0.549     0.387     0.743
 9    -0.736    -0.197     0.646
 9     0.395    -0.901     0.175
 2    99.348   -21.840    59.186
 2     0.682    -0.732    -0.003
 2     0.731     0.680     0.050
 2    -0.034    -0.037     0.999
 3   100.536    -5.848    10.708
 3     0.058    -0.135     0.989
 3     0.088     0.987     0.130
 3    -0.994     0.079     0.070
 4   111.354    12.002    -1.276
 4     0.759    -0.480     0.441
 4     0.632     0.702    -0.327
 4    -0.152     0.526     0.836
 5   112.941    29.342    19.759
 5     0.431     0.522     0.737
 5     0.861    -0.480    -0.163
 5     0.269     0.704    -0.656
 6   123.646    51.304    24.861
 6     0.594    -0.240     0.768
 6     0.753    -0.171    -0.635
 6     0.283     0.955     0.078
 7   110.891   -18.476    -1.501
 7     0.647     0.463     0.606
 7    -0.744     0.555     0.370
 7    -0.166    -0.690     0.704
 8   113.003   -32.539    19.169
 8    -0.260     0.745     0.616
 8     0.811     0.512    -0.281
 8    -0.524     0.426    -0.736
 9   126.707   -58.133    22.150
 9     0.517     0.325     0.793
 9    -0.809    -0.120     0.575
 9     0.281    -0.938     0.198
 2    99.348   -21.840    59.186
 2     0.682    -0.732    -0.003
 2     0.731     0.680     0.050
 2    -0.034    -0.037     0.999
 3   100.333    -5.874    10.598
 3     0.044    -0.138     0.989
 3     0.092     0.986     0.134
 3    -0.995     0.085     0.057
 4   110.862    11.535    -1.523
 4     0.741    -0.491     0.459
 4     0.642     0.717    -0.271
 4    -0.196     0.494     0.846
 5   113.059    30.541    17.803
 5     0.421     0.582     0.698
 5     0.892    -0.401    -0.203
 5     0.162     0.707    -0.687
 6   123.090    53.365    19.821
 6     0.578    -0.162     0.800
 6     0.799    -0.086    -0.594
 6     0.165     0.983     0.080
 7   110.551   -18.284    -1.808
 7     0.628     0.466     0.624
 7    -0.753     0.565     0.336
 7    -0.197    -0.681     0.705
 8   113.544   -34.128    16.373
 8    -0.242     0.791     0.563
 8     0.867     0.435    -0.241
 8    -0.435     0.429    -0.790
 9   125.637   -60.681    16.351
 9     0.489     0.260     0.833
 9    -0.858    -0.029     0.512
 9     0.156    -0.965     0.208
 2    99.348   -21.840    59.186
 2     0.682    -0.732    -0.003
 2     0.731     0.680     0.050
 2    -0.034    -0.037     0.999
 3   100.344    -5.863    10.557
 3     0.040    -0.138     0.990
 3     0.094     0.986     0.134
 3    -0.995     0.087     0.052
 4   110.481    11.036    -1.720
 4     0.721    -0.503     0.477
 4     0.647     0.733    -0.206
 4    -0.247     0.457     0.854
 5   113.538    31.589    15.652
 5     0.416     0.640     0.648
 5     0.908    -0.334    -0.250
 5     0.056     0.691    -0.719
 6   122.737    54.739    14.650
 6     0.555    -0.085     0.827
 6     0.830     0.005    -0.557
 6     0.044     0.996     0.074
 7   110.352   -17.962    -1.978
 7     0.617     0.456     0.642
 7    -0.752     0.582     0.310
 7    -0.232    -0.674     0.701
 8   114.445   -35.161    13.717
 8    -0.241     0.830     0.504
 8     0.904     0.379    -0.196
 8    -0.353     0.407    -0.841
 9   125.450   -61.941    11.055
 9     0.472     0.184     0.863
 9    -0.881     0.057     0.469
 9     0.037    -0.981     0.188
 2    99.348   -21.815    59.186
 2     0.681    -0.733    -0.003
 2     0.731     0.679     0.050
 2    -0.034    -0.037     0.999
 3   100.357    -5.883    10.494
 3     0.038    -0.140     0.989
 3     0.094     0.986     0.136
 3    -0.995     0.088     0.051
 4   110.133    10.716    -1.827
 4     0.702    -0.515     0.494
 4     0.649     0.746    -0.146
 4    -0.294     0.422     0.857
 5   113.857    32.428    13.796
 5     0.410     0.680     0.610
 5     0.912    -0.285    -0.294
 5    -0.026     0.676    -0.735
 6   122.388    55.550    10.367
 6     0.536    -0.037     0.843
 6     0.843     0.081    -0.532
 6    -0.048     0.996     0.076
 7   110.057   -17.641    -2.178
 7     0.603     0.450     0.659
 7    -0.752     0.594     0.282
 7    -0.265    -0.666     0.697
 8   114.921   -35.470    11.665
 8    -0.243     0.854     0.463
 8     0.922     0.348    -0.164
 8    -0.300     0.386    -0.871
 9   125.041   -62.413     7.262
 9     0.455     0.138     0.879
 9    -0.889     0.119     0.442
 9    -0.043    -0.983     0.177
 2    99.348   -21.815    59.186
 2     0.682    -0.732    -0.003
 2     0.731     0.680     0.050
 2    -0.034    -0.037     0.999
 3   100.317    -5.869    10.454
 3     0.034    -0.141     0.989
 3     0.098     0.985     0.137
 3    -0.995     0.093     0.048
 4   109.760    10.372    -1.867
 4     0.682    -0.522     0.513
 4     0.647     0.755    -0.094
 4    -0.339     0.396     0.853
 5   114.150    33.064    12.024
 5     0.417     0.711     0.569
 5     0.903    -0.254    -0.344
 5    -0.101     0.656    -0.747
 6   122.301    55.824     6.232
 6     0.525     0.010     0.851
 6     0.840     0.157    -0.519
 6    -0.138     0.987     0.074
 7   109.762   -17.335    -2.183
 7     0.593     0.445     0.671
 7    -0.752     0.603     0.266
 7    -0.287    -0.662     0.692
 8   115.130   -35.895     9.945
 8    -0.239     0.872     0.429
 8     0.937     0.320    -0.134
 8    -0.254     0.369    -0.893
 9   124.511   -62.705     3.787
 9     0.440     0.098     0.893
 9    -0.890     0.181     0.418
 9    -0.120    -0.979     0.167
 2    99.349   -21.840    59.186
 2     0.682    -0.732    -0.003
 2     0.730     0.680     0.050
 2    -0.034    -0.037     0.999
 3   100.328    -5.840    10.498
 3     0.040    -0.140     0.989
 3     0.107     0.985     0.134
 3    -0.994     0.100     0.054
 4   109.476    10.157    -1.871
 4     0.669    -0.523     0.529
 4     0.640     0.766    -0.053
 4    -0.378     0.373     0.847
 5   114.728    33.392    10.101
 5     0.430     0.735     0.527
 5     0.886    -0.231    -0.401
 5    -0.174     0.638    -0.749
 6   122.505    55.669     2.216
 6     0.515     0.051     0.856
 6     0.828     0.231    -0.511
 6    -0.223     0.971     0.077
 7   109.518   -17.220    -2.148
 7     0.586     0.443     0.678
 7    -0.754     0.605     0.256
 7    -0.297    -0.661     0.688
 8   115.399   -36.073     8.753
 8    -0.239     0.885     0.401
 8     0.947     0.302    -0.106
 8    -0.214     0.353    -0.910
 9   124.046   -62.780     1.248
 9     0.425     0.067     0.903
 9    -0.888     0.227     0.400
 9    -0.178    -0.972     0.156
 2    99.348   -21.840    59.186
 2     0.682    -0.732    -0.003
 2     0.731     0.680     0.050
 2    -0.034    -0.037     0.999
 3   100.390    -5.838    10.443
 3     0.043    -0.131     0.990
 3     0.105     0.986     0.125
 3    -0.993     0.099     0.056
 4   109.287     9.759    -2.066
 4     0.656    -0.524     0.545
 4     0.627     0.778    -0.008
 4    -0.420     0.347     0.838
 5   114.810    33.535     8.292
 5     0.426     0.757     0.498
 5     0.874    -0.202    -0.440
 5    -0.233     0.621    -0.748
 6   121.835    55.326    -1.488
 6     0.491     0.083     0.867
 6     0.820     0.292    -0.491
 6    -0.293     0.953     0.077
 7   109.261   -17.111    -2.146
 7     0.576     0.443     0.688
 7    -0.755     0.609     0.240
 7    -0.313    -0.658     0.685
 8   115.449   -36.378     7.252
 8    -0.232     0.900     0.370
 8     0.957     0.276    -0.078
 8    -0.172     0.336    -0.926
 9   123.195   -62.888    -1.628
 9     0.402     0.037     0.915
 9    -0.883     0.279     0.376
 9    -0.241    -0.959     0.145
 2    99.348   -21.815    59.186
 2     0.682    -0.732    -0.003
 2     0.731     0.680     0.050
 2    -0.034    -0.037     0.999
 3   100.384    -5.877    10.528
 3     0.044    -0.131     0.990
 3     0.104     0.987     0.125
 3    -0.994     0.097     0.057
 4   108.920     9.450    -2.147
 4     0.643    -0.526     0.558
 4     0.620     0.783     0.024
 4    -0.450     0.330     0.829
 5   114.792    33.536     6.835
 5     0.423     0.777     0.468
 5     0.861    -0.184    -0.472
 5    -0.281     0.602    -0.747
 6   121.346    54.970    -4.168
 6     0.474     0.119     0.873
 6     0.809     0.334    -0.484
 6    -0.348     0.935     0.063
 7   108.922   -16.954    -2.079
 7     0.567     0.434     0.701
 7    -0.753     0.617     0.227
 7    -0.333    -0.657     0.676
 8   115.378   -36.503     5.643
 8    -0.226     0.913     0.340
 8     0.965     0.255    -0.046
 8    -0.128     0.317    -0.939
 9   122.311   -62.643    -4.726
 9     0.382     0.007     0.924
 9    -0.872     0.334     0.357
 9    -0.306    -0.942     0.135
 2    99.348   -21.840    59.237
 2     0.682    -0.732    -0.003
 2     0.731     0.680     0.050
 2    -0.034    -0.037     0.999
 3   100.339    -5.781    10.507
 3     0.048    -0.132     0.990
 3     0.114     0.985     0.125
 3    -0.992     0.107     0.062
 4   108.586     9.348    -2.246
 4     0.631    -0.526     0.571
 4     0.613     0.787     0.047
 4    -0.475     0.320     0.819
 5   114.892    33.620     5.637
 5     0.422     0.794     0.440
 5     0.848    -0.173    -0.500
 5    -0.321     0.583    -0.746
 6   121.024    54.568    -6.584
 6     0.459     0.150     0.876
 6     0.795     0.371    -0.478
 6    -0.396     0.916     0.052
 7   108.698   -16.619    -2.238
 7     0.562     0.426     0.709
 7    -0.747     0.628     0.215
 7    -0.355    -0.651     0.671
 8   115.637   -36.448     3.936
 8    -0.229     0.920     0.320
 8     0.970     0.242    -0.005
 8    -0.082     0.308    -0.947
 9   122.188   -62.007    -7.553
 9     0.376    -0.012     0.927
 9    -0.853     0.386     0.350
 9    -0.362    -0.922     0.135
 2    99.348   -21.840    59.186
 2     0.682    -0.732    -0.003
 2     0.731     0.680     0.050
 2    -0.034    -0.037     0.999
 3   100.325    -5.725    10.494
 3     0.047    -0.131     0.990
 3     0.118     0.985     0.124
 3    -0.992     0.111     0.062
 4   108.460     9.224    -2.301
 4     0.620    -0.529     0.581
 4     0.608     0.790     0.071
 4    -0.497     0.308     0.811
 5   114.904    33.583     4.533
 5     0.417     0.807     0.420
 5     0.836    -0.159    -0.524
 5    -0.356     0.569    -0.741
 6   120.582    54.117    -8.879
 6     0.442     0.177     0.880
 6     0.781     0.407    -0.473
 6    -0.441     0.896     0.043
 7   108.662   -16.456    -2.366
 7     0.559     0.418     0.716
 7    -0.741     0.639     0.206
 7    -0.371    -0.646     0.667
 8   115.897   -36.304     2.638
 8    -0.230     0.925     0.302
 8     0.972     0.233     0.025
 8    -0.046     0.299    -0.953
 9   121.945   -61.515    -9.880
 9     0.364    -0.031     0.931
 9    -0.838     0.425     0.341
 9    -0.405    -0.905     0.130
 2    99.348   -21.815    59.237
 2     0.682    -0.732    -0.003
 2     0.731     0.680     0.050
 2    -0.034    -0.037     0.999
 3   100.361    -5.721    10.480
 3     0.046    -0.129     0.990
 3     0.121     0.985     0.123
 3    -0.992     0.114     0.061
 4   108.252     9.021    -2.319
 4     0.605    -0.535     0.591
 4     0.601     0.792     0.101
 4    -0.522     0.293     0.800
 5   114.796    33.519     3.330
 5     0.403     0.827     0.393
 5     0.825    -0.143    -0.545
 5    -0.396     0.543    -0.740
 6   119.752    53.540   -11.128
 6     0.417     0.215     0.884
 6     0.767     0.439    -0.467
 6    -0.487     0.872     0.020
 7   108.479   -16.292    -2.446
 7     0.557     0.411     0.722
 7    -0.735     0.647     0.199
 7    -0.386    -0.642     0.662
 8   115.996   -36.177     1.115
 8    -0.228     0.934     0.276
 8     0.974     0.219     0.060
 8    -0.004     0.281    -0.959
 9   121.309   -60.856   -12.547
 9     0.344    -0.057     0.937
 9    -0.819     0.470     0.328
 9    -0.458    -0.881     0.116
 2    99.348   -21.840    59.237
 2     0.682    -0.732    -0.003
 2     0.731     0.680     0.050
 2    -0.034    -0.037     0.999
 3   100.318    -5.708    10.454
 3     0.046    -0.139     0.989
 3     0.127     0.983     0.132
 3    -0.991     0.119     0.063
 4   107.832     8.815    -2.411
 4     0.588    -0.536     0.607
 4     0.593     0.794     0.126
 4    -0.549     0.286     0.785
 5   114.671    33.439     2.456
 5     0.396     0.841     0.370
 5     0.814    -0.135    -0.563
 5    -0.424     0.523    -0.739
 6   119.183    53.049   -12.746
 6     0.402     0.243     0.884
 6     0.754     0.462    -0.467
 6    -0.520     0.853     0.004
 7   108.335   -16.122    -2.417
 7     0.556     0.404     0.726
 7    -0.731     0.652     0.197
 7    -0.395    -0.641     0.658
 8   116.086   -36.031    -0.166
 8    -0.226     0.940     0.254
 8     0.973     0.208     0.092
 8     0.034     0.268    -0.963
 9   120.915   -60.186   -14.643
 9     0.334    -0.077     0.940
 9    -0.799     0.507     0.324
 9    -0.500    -0.858     0.108
 2    99.348   -21.840    59.186
 2     0.682    -0.732    -0.003
 2     0.731     0.680     0.050
 2    -0.034    -0.037     0.999
 3   100.264    -5.656    10.450
 3     0.046    -0.142     0.989
 3     0.128     0.982     0.134
 3    -0.991     0.121     0.063
 4   107.660     8.718    -2.423
 4     0.578    -0.536     0.616
 4     0.586     0.797     0.143
 4    -0.568     0.278     0.774
 5   114.710    33.309     1.630
 5     0.394     0.849     0.354
 5     0.802    -0.130    -0.582
 5    -0.448     0.512    -0.732
 6   118.972    52.428   -14.358
 6     0.393     0.265     0.882
 6     0.736     0.485    -0.471
 6    -0.552     0.833    -0.003
 7   108.246   -15.975    -2.501
 7     0.556     0.400     0.729
 7    -0.728     0.657     0.195
 7    -0.401    -0.639     0.656
 8   116.249   -35.809    -1.393
 8    -0.227     0.946     0.233
 8     0.971     0.202     0.124
 8     0.071     0.254    -0.964
 9   120.543   -59.443   -16.806
 9     0.320    -0.097     0.943
 9    -0.777     0.544     0.318
 9    -0.543    -0.833     0.099
 2    99.348   -21.840    59.237
 2     0.681    -0.733    -0.003
 2     0.731     0.679     0.050
 2    -0.034    -0.037     0.999
 3   100.269    -5.658    10.455
 3     0.047    -0.142     0.989
 3     0.129     0.982     0.134
 3    -0.991     0.121     0.064
 4   107.529     8.513    -2.522
 4     0.566    -0.535     0.627
 4     0.574     0.801     0.164
 4    -0.591     0.267     0.761
 5   114.845    33.064     0.428
 5     0.391     0.861     0.328
 5     0.783    -0.125    -0.608
 5    -0.483     0.494    -0.723
 6   118.777    51.549   -16.215
 6     0.383     0.294     0.877
 6     0.713     0.510    -0.480
 6    -0.587     0.808    -0.013
 7   108.185   -15.954    -2.511
 7     0.556     0.396     0.731
 7    -0.725     0.660     0.194
 7    -0.406    -0.638     0.654
 8   116.339   -35.688    -2.571
 8    -0.228     0.950     0.214
 8     0.967     0.196     0.158
 8     0.109     0.242    -0.964
 9   120.145   -58.498   -18.943
 9     0.307    -0.117     0.945
 9    -0.751     0.581     0.314
 9    -0.585    -0.805     0.091
 2    99.348   -21.840    59.237
 2     0.682    -0.732    -0.003
 2     0.731     0.680     0.050
 2    -0.034    -0.037     0.999
 3   100.297    -5.654    10.449
 3     0.050    -0.143     0.988
 3     0.130     0.982     0.135
 3    -0.990     0.122     0.067
 4   107.327     8.259    -2.575
 4     0.557    -0.532     0.639
 4     0.562     0.806     0.181
 4    -0.612     0.258     0.747
 5   114.974    32.697    -0.435
 5     0.392     0.869     0.303
 5     0.765    -0.125    -0.632
 5    -0.511     0.479    -0.713
 6   118.680    50.692   -17.940
 6     0.374     0.323     0.870
 6     0.688     0.533    -0.491
 6    -0.622     0.781    -0.022
 7   108.047   -15.806    -2.543
 7     0.557     0.391     0.733
 7    -0.721     0.664     0.194
 7    -0.412    -0.637     0.651
 8   116.563   -35.408    -3.888
 8    -0.235     0.953     0.191
 8     0.960     0.196     0.198
 8     0.151     0.230    -0.961
 9   120.040   -57.474   -21.086
 9     0.302    -0.139     0.944
 9    -0.719     0.618     0.319
 9    -0.626    -0.774     0.087
 2    99.348   -21.840    59.237
 2     0.682    -0.732    -0.003
 2     0.731     0.680     0.050
 2    -0.034    -0.037     0.999
 3   100.319    -5.711    10.524
 3     0.054    -0.145     0.988
 3     0.131     0.982     0.136
 3    -0.990     0.122     0.072
 4   107.164     8.114    -2.522
 4     0.548    -0.530     0.648
 4     0.553     0.809     0.194
 4    -0.627     0.252     0.736
 5   115.068    32.490    -1.185
 5     0.392     0.875     0.285
 5     0.749    -0.125    -0.650
 5    -0.533     0.468    -0.704
 6   118.612    49.947   -19.258
 6     0.369     0.344     0.865
 6     0.667     0.551    -0.501
 6    -0.647     0.760    -0.025
 7   107.979   -15.785    -2.575
 7     0.560     0.384     0.734
 7    -0.715     0.671     0.195
 7    -0.419    -0.634     0.650
 8   117.113   -35.073    -5.129
 8    -0.251     0.953     0.169
 8     0.948     0.206     0.240
 8     0.194     0.220    -0.956
 9   120.387   -56.166   -23.134
 9     0.302    -0.167     0.939
 9    -0.683     0.651     0.332
 9    -0.665    -0.741     0.083
 2    99.348   -21.840    59.237
 2     0.682    -0.732    -0.003
 2     0.731     0.680     0.050
 2    -0.034    -0.037     0.999
 3   100.326    -5.663    10.532
 3     0.056    -0.147     0.987
 3     0.133     0.981     0.138
 3    -0.990     0.124     0.075
 4   106.991     8.042    -2.508
 4     0.534    -0.536     0.655
 4     0.546     0.809     0.215
 4    -0.645     0.243     0.724
 5   115.061    32.274    -2.167
 5     0.386     0.884     0.265
 5     0.731    -0.118    -0.672
 5    -0.563     0.452    -0.692
 6   118.333    48.958   -20.998
 6     0.357     0.372     0.858
 6     0.637     0.575    -0.511
 6    -0.683     0.728    -0.031
 7   107.907   -15.613    -2.604
 7     0.564     0.375     0.735
 7    -0.706     0.680     0.194
 7    -0.427    -0.629     0.649
 8   117.518   -34.585    -6.429
 8    -0.263     0.954     0.140
 8     0.935     0.216     0.281
 8     0.238     0.205    -0.949
 9   120.457   -54.634   -25.218
 9     0.296    -0.201     0.934
 9    -0.644     0.681     0.348
 9    -0.705    -0.703     0.073
 2    99.348   -21.815    59.186
 2     0.682    -0.732    -0.003
 2     0.731     0.680     0.050
 2    -0.034    -0.037     0.999
 3   100.360    -5.598    10.506
 3     0.060    -0.151     0.987
 3     0.140     0.980     0.141
 3    -0.988     0.129     0.080
 4   106.766     7.944    -2.545
 4     0.521    -0.536     0.664
 4     0.537     0.810     0.232
 4    -0.663     0.236     0.710
 5   115.198    31.976    -3.143
 5     0.383     0.894     0.234
 5     0.707    -0.121    -0.696
 5    -0.595     0.431    -0.679
 6   118.059    47.973   -22.699
 6     0.345     0.404     0.849
 6     0.608     0.593    -0.527
 6    -0.715     0.696    -0.040
 7   107.837   -15.516    -2.633
 7     0.568     0.368     0.736
 7    -0.699     0.688     0.195
 7    -0.435    -0.626     0.647
 8   117.982   -34.013    -7.818
 8    -0.282     0.953     0.107
 8     0.916     0.234     0.327
 8     0.286     0.190    -0.939
 9   120.596   -53.001   -27.251
 9     0.292    -0.237     0.927
 9    -0.601     0.710     0.368
 9    -0.744    -0.663     0.066
 2    99.348   -21.840    59.237
 2     0.681    -0.733    -0.003
 2     0.731     0.679     0.050
 2    -0.034    -0.037     0.999
 3   100.374    -5.654    10.570
 3     0.063    -0.152     0.986
 3     0.140     0.980     0.141
 3    -0.988     0.129     0.083
 4   106.689     7.775    -2.522
 4     0.517    -0.535     0.669
 4     0.526     0.814     0.244
 4    -0.675     0.226     0.701
 5   115.431    31.609    -4.007
 5     0.382     0.901     0.208
 5     0.685    -0.125    -0.717
 5    -0.620     0.416    -0.665
 6   118.157    46.814   -24.107
 6     0.339     0.432     0.837
 6     0.579     0.606    -0.544
 6    -0.741     0.667    -0.045
 7   107.749   -15.470    -2.644
 7     0.569     0.365     0.737
 7    -0.695     0.692     0.194
 7    -0.440    -0.623     0.647
 8   118.517   -33.408    -9.277
 8    -0.298     0.952     0.072
 8     0.891     0.250     0.377
 8     0.341     0.177    -0.923
 9   120.614   -51.020   -29.569
 9     0.285    -0.276     0.919
 9    -0.548     0.741     0.389
 9    -0.786    -0.613     0.061
 2    99.348   -21.840    59.237
 2     0.681    -0.733    -0.003
 2     0.731     0.679     0.050
 2    -0.034    -0.037     0.999
 3   100.397    -5.575    10.565
 3     0.068    -0.148     0.986
 3     0.145     0.980     0.137
 3    -0.987     0.133     0.088
 4   106.609     7.706    -2.525
 4     0.513    -0.530     0.677
 4     0.515     0.819     0.251
 4    -0.687     0.220     0.692
 5   115.769    31.221    -4.706
 5     0.382     0.907     0.175
 5     0.664    -0.138    -0.734
 5    -0.642     0.397    -0.656
 6   118.247    45.807   -25.467
 6     0.330     0.468     0.823
 6     0.550     0.613    -0.566
 6    -0.767     0.637    -0.055
 7   107.629   -15.298    -2.625
 7     0.571     0.361     0.737
 7    -0.688     0.699     0.192
 7    -0.447    -0.617     0.648
 8   118.808   -32.763   -10.482
 8    -0.312     0.949     0.042
 8     0.868     0.266     0.420
 8     0.387     0.167    -0.907
 9   120.680   -49.207   -31.311
 9     0.280    -0.307     0.911
 9    -0.503     0.761     0.408
 9    -0.818    -0.571     0.058
 2    99.348   -21.840    59.237
 2     0.682    -0.732    -0.003
 2     0.731     0.680     0.050
 2    -0.034    -0.037     0.999
 3   100.411    -5.569    10.551
 3     0.070    -0.147     0.986
 3     0.148     0.979     0.135
 3    -0.986     0.137     0.091
 4   106.507     7.692    -2.486
 4     0.506    -0.529     0.682
 4     0.507     0.821     0.259
 4    -0.697     0.215     0.683
 5   115.885    30.937    -5.308
 5     0.378     0.913     0.151
 5     0.647    -0.144    -0.749
 5    -0.662     0.381    -0.645
 6   118.070    44.907   -26.583
 6     0.319     0.495     0.811
 6     0.525     0.620    -0.581
 6    -0.789     0.609    -0.062
 7   107.621   -15.221    -2.674
 7     0.576     0.356     0.736
 7    -0.683     0.704     0.194
 7    -0.449    -0.614     0.649
 8   119.377   -32.038   -11.668
 8    -0.331     0.944     0.004
 8     0.838     0.291     0.462
 8     0.434     0.156    -0.887
 9   120.740   -47.318   -33.099
 9     0.272    -0.347     0.899
 9    -0.453     0.778     0.434
 9    -0.849    -0.524     0.054
 2    99.348   -21.840    59.186
 2     0.681    -0.733    -0.003
 2     0.731     0.679     0.050
 2    -0.034    -0.037     0.999
 3   100.362    -5.577    10.577
 3     0.076    -0.149     0.986
 3     0.149     0.979     0.136
 3    -0.986     0.136     0.097
 4   106.301     7.495    -2.432
 4     0.501    -0.526     0.688
 4     0.495     0.825     0.270
 4    -0.710     0.206     0.673
 5   116.101    30.353    -6.275
 5     0.377     0.919     0.114
 5     0.615    -0.155    -0.773
 5    -0.692     0.361    -0.624
 6   118.023    43.328   -28.220
 6     0.308     0.531     0.792
 6     0.485     0.627    -0.607
 6    -0.818     0.569    -0.065
 7   107.489   -15.221    -2.620
 7     0.581     0.352     0.734
 7    -0.677     0.708     0.196
 7    -0.451    -0.612     0.649
 8   119.861   -31.205   -12.942
 8    -0.351     0.936    -0.037
 8     0.800     0.319     0.506
 8     0.485     0.149    -0.861
 9   120.731   -44.952   -34.907
 9     0.264    -0.390     0.884
 9    -0.395     0.792     0.464
 9    -0.880    -0.469     0.054
 2    99.348   -21.815    59.237
 2     0.681    -0.733    -0.003
 2     0.731     0.679     0.050
 2    -0.034    -0.037     0.999
 3   100.398    -5.605    10.638
 3     0.083    -0.149     0.985
 3     0.150     0.979     0.135
 3    -0.985     0.136     0.103
 4   106.219     7.398    -2.426
 4     0.495    -0.523     0.694
 4     0.482     0.829     0.280
 4    -0.723     0.196     0.663
 5   116.594    29.535    -7.438
 5     0.381     0.922     0.069
 5     0.577    -0.178    -0.797
 5    -0.722     0.343    -0.600
 6   118.196    41.536   -29.991
 6     0.297     0.571     0.768
 6     0.439     0.631    -0.637
 6    -0.848     0.524    -0.064
 7   107.476   -15.171    -2.663
 7     0.586     0.345     0.733
 7    -0.670     0.715     0.199
 7    -0.455    -0.608     0.650
 8   120.330   -30.381   -13.966
 8    -0.369     0.927    -0.071
 8     0.764     0.345     0.545
 8     0.529     0.147    -0.835
 9   120.834   -42.805   -36.373
 9     0.258    -0.424     0.870
 9    -0.343     0.801     0.489
 9    -0.903    -0.423     0.060
 2    99.348   -21.840    59.186
 2     0.682    -0.732    -0.003
 2     0.731     0.680     0.050
 2    -0.034    -0.037     0.999
 3   100.437    -5.609    10.651
 3     0.086    -0.150     0.985
 3     0.150     0.979     0.136
 3    -0.985     0.136     0.107
 4   106.202     7.336    -2.447
 4     0.493    -0.520     0.698
 4     0.474     0.832     0.285
 4    -0.730     0.191     0.656
 5   116.851    29.099    -7.943
 5     0.383     0.923     0.040
 5     0.557    -0.195    -0.808
 5    -0.737     0.331    -0.588
 6   118.393    40.560   -30.808
 6     0.293     0.597     0.750
 6     0.413     0.627    -0.659
 6    -0.863     0.500    -0.064
 7   107.396   -15.120    -2.663
 7     0.590     0.343     0.731
 7    -0.666     0.717     0.202
 7    -0.456    -0.606     0.651
 8   120.634   -29.755   -14.767
 8    -0.383     0.919    -0.095
 8     0.736     0.364     0.570
 8     0.558     0.148    -0.816
 9   120.869   -41.356   -37.272
 9     0.254    -0.448     0.859
 9    -0.307     0.804     0.507
 9    -0.917    -0.390     0.066
 2    99.348   -21.815    59.186
 2     0.681    -0.733    -0.003
 2     0.731     0.679     0.050
 2    -0.034    -0.037     0.999
 3   100.501    -5.614    10.665
 3     0.089    -0.150     0.984
 3     0.149     0.979     0.135
 3    -0.985     0.135     0.110
 4   106.149     7.281    -2.437
 4     0.493    -0.517     0.701
 4     0.470     0.835     0.285
 4    -0.732     0.189     0.654
 5   117.153    28.774    -8.288
 5     0.386     0.922     0.021
 5     0.543    -0.207    -0.814
 5    -0.746     0.326    -0.580
 6   118.586    39.720   -31.440
 6     0.291     0.616     0.735
 6     0.393     0.623    -0.674
 6    -0.873     0.483    -0.062
 7   107.390   -15.067    -2.665
 7     0.596     0.338     0.728
 7    -0.660     0.722     0.205
 7    -0.457    -0.603     0.653
 8   121.048   -28.963   -15.704
 8    -0.392     0.911    -0.127
 8     0.700     0.384     0.602
 8     0.597     0.147    -0.788
 9   120.704   -39.332   -38.579
 9     0.243    -0.481     0.845
 9    -0.261     0.806     0.530
 9    -0.934    -0.346     0.069
 2    99.348   -21.840    59.186
 2     0.681    -0.733    -0.003
 2     0.731     0.679     0.050
 2    -0.034    -0.037     0.999
 3   100.525    -5.611    10.664
 3     0.092    -0.154     0.984
 3     0.149     0.979     0.139
 3    -0.984     0.134     0.113
 4   106.079     7.270    -2.401
 4     0.487    -0.519     0.703
 4     0.463     0.835     0.296
 4    -0.740     0.181     0.647
 5   117.273    28.222    -8.989
 5     0.386     0.922    -0.003
 5     0.514    -0.217    -0.830
 5    -0.766     0.319    -0.558
 6   118.576    38.297   -32.676
 6     0.283     0.637     0.719
 6     0.356     0.625    -0.692
 6    -0.891     0.450    -0.051
 7   107.400   -14.940    -2.710
 7     0.604     0.329     0.726
 7    -0.650     0.730     0.210
 7    -0.461    -0.599     0.655
 8   121.370   -28.177   -16.652
 8    -0.402     0.902    -0.160
 8     0.665     0.406     0.626
 8     0.630     0.145    -0.762
 9   120.595   -37.454   -39.567
 9     0.232    -0.516     0.826
 9    -0.219     0.799     0.558
 9    -0.948    -0.308     0.070
 2    99.348   -21.815    59.186
 2     0.682    -0.732    -0.003
 2     0.731     0.680     0.050
 2    -0.034    -0.037     0.999
 3   100.479    -5.586    10.670
 3     0.094    -0.158     0.983
 3     0.152     0.978     0.142
 3    -0.984     0.136     0.117
 4   106.035     7.181    -2.313
 4     0.483    -0.520     0.705
 4     0.455     0.836     0.305
 4    -0.748     0.173     0.640
 5   117.406    27.709    -9.617
 5     0.384     0.922    -0.026
 5     0.493    -0.229    -0.839
 5    -0.780     0.310    -0.543
 6   118.479    37.270   -33.492
 6     0.274     0.656     0.706
 6     0.330     0.624    -0.707
 6    -0.903     0.424    -0.047
 7   107.372   -14.938    -2.713
 7     0.609     0.326     0.724
 7    -0.646     0.733     0.213
 7    -0.461    -0.597     0.656
 8   121.568   -27.581   -17.215
 8    -0.408     0.894    -0.187
 8     0.637     0.424     0.643
 8     0.654     0.144    -0.742
 9   120.347   -36.203   -40.180
 9     0.222    -0.539     0.815
 9    -0.192     0.794     0.574
 9    -0.956    -0.282     0.071
 2    99.348   -21.815    59.186
 2     0.682    -0.732    -0.003
 2     0.731     0.680     0.050
 2    -0.034    -0.037     0.999
 3   100.538    -5.589    10.678
 3     0.097    -0.157     0.983
 3     0.152     0.978     0.141
 3    -0.984     0.136     0.119
 4   106.025     7.174    -2.346
 4     0.482    -0.518     0.708
 4     0.450     0.838     0.307
 4    -0.752     0.171     0.636
 5   117.615    27.414    -9.947
 5     0.386     0.922    -0.042
 5     0.482    -0.239    -0.843
 5    -0.786     0.305    -0.536
 6   118.507    36.641   -33.937
 6     0.271     0.669     0.695
 6     0.316     0.619    -0.717
 6    -0.909     0.411    -0.046
 7   107.319   -14.888    -2.711
 7     0.610     0.324     0.723
 7    -0.644     0.734     0.214
 7    -0.462    -0.596     0.657
 8   121.560   -27.334   -17.591
 8    -0.407     0.892    -0.197
 8     0.624     0.428     0.653
 8     0.667     0.143    -0.730
 9   120.182   -35.606   -40.561
 9     0.216    -0.544     0.812
 9    -0.180     0.794     0.578
 9    -0.960    -0.269     0.072
 2    99.348   -21.840    59.186
 2     0.682    -0.732    -0.003
 2     0.731     0.680     0.050
 2    -0.034    -0.037     0.999
 3   100.593    -5.590    10.708
 3     0.098    -0.158     0.982
 3     0.152     0.978     0.141
 3    -0.984     0.135     0.120
 4   106.019     7.120    -2.388
 4     0.481    -0.517     0.709
 4     0.448     0.839     0.307
 4    -0.754     0.170     0.635
 5   117.681    27.286   -10.072
 5     0.384     0.922    -0.048
 5     0.481    -0.244    -0.843
 5    -0.788     0.300    -0.536
 6   118.543    36.460   -34.110
 6     0.267     0.675     0.690
 6     0.314     0.615    -0.721
 6    -0.911     0.408    -0.049
 7   107.319   -14.885    -2.768
 7     0.614     0.320     0.721
 7    -0.641     0.736     0.218
 7    -0.461    -0.596     0.657
 8   121.695   -27.087   -17.834
 8    -0.409     0.888    -0.212
 8     0.610     0.437     0.660
 8     0.678     0.141    -0.720
 9   120.021   -34.982   -40.886
 9     0.208    -0.556     0.807
 9    -0.167     0.791     0.586
 9    -0.964    -0.255     0.070
 2    99.348   -21.815    59.186
 2     0.682    -0.732    -0.003
 2     0.731     0.680     0.050
 2    -0.034    -0.037     0.999
 3   100.617    -5.588    10.682
 3     0.101    -0.159     0.982
 3     0.151     0.978     0.143
 3    -0.983     0.134     0.123
 4   106.015     7.065    -2.378
 4     0.480    -0.515     0.711
 4     0.444     0.840     0.308
 4    -0.756     0.168     0.632
 5   117.715    27.047   -10.282
 5     0.382     0.922    -0.056
 5     0.475    -0.247    -0.845
 5    -0.793     0.296    -0.532
 6   118.425    36.122   -34.376
 6     0.262     0.680     0.687
 6     0.308     0.614    -0.724
 6    -0.914     0.400    -0.051
 7   107.317   -14.856    -2.772
 7     0.619     0.316     0.719
 7    -0.635     0.739     0.223
 7    -0.461    -0.595     0.658
 8   121.818   -26.659   -18.238
 8    -0.412     0.884    -0.224
 8     0.591     0.444     0.673
 8     0.693     0.145    -0.705
 9   119.969   -33.977   -41.343
 9     0.205    -0.565     0.801
 9    -0.145     0.791     0.592
 9    -0.968    -0.235     0.079
 2    99.348   -21.840    59.186
 2     0.682    -0.732    -0.003
 2     0.731     0.680     0.050
 2    -0.034    -0.037     0.999
 3   100.620    -5.614    10.685
 3     0.102    -0.160     0.982
 3     0.152     0.978     0.143
 3    -0.983     0.135     0.125
 4   106.009     7.062    -2.369
 4     0.479    -0.515     0.712
 4     0.443     0.841     0.309
 4    -0.758     0.167     0.630
 5   117.751    26.963   -10.468
 5     0.379     0.923    -0.062
 5     0.469    -0.249    -0.848
 5    -0.797     0.293    -0.527
 6   118.362    35.858   -34.610
 6     0.260     0.685     0.683
 6     0.302     0.612    -0.729
 6    -0.917     0.393    -0.050
 7   107.359   -14.806    -2.795
 7     0.623     0.312     0.717
 7    -0.630     0.743     0.225
 7    -0.463    -0.592     0.659
 8   121.998   -26.392   -18.492
 8    -0.415     0.881    -0.229
 8     0.579     0.448     0.681
 8     0.702     0.150    -0.695
 9   119.983   -33.391   -41.613
 9     0.206    -0.569     0.798
 9    -0.133     0.790     0.596
 9    -0.969    -0.227     0.084
 2    99.348   -21.815    59.186
 2     0.682    -0.732    -0.003
 2     0.731     0.680     0.050
 2    -0.034    -0.037     0.999
 3   100.622    -5.589    10.713
 3     0.104    -0.162     0.981
 3     0.154     0.977     0.145
 3    -0.983     0.136     0.127
 4   106.004     7.058    -2.360
 4     0.478    -0.514     0.714
 4     0.440     0.842     0.311
 4    -0.760     0.166     0.628
 5   117.757    26.771   -10.722
 5     0.377     0.923    -0.070
 5     0.460    -0.252    -0.851
 5    -0.803     0.289    -0.520
 6   118.310    35.331   -35.028
 6     0.254     0.694     0.676
 6     0.290     0.610    -0.735
 6    -0.923     0.380    -0.048
 7   107.378   -14.703    -2.796
 7     0.628     0.307     0.715
 7    -0.624     0.747     0.227
 7    -0.464    -0.589     0.661
 8   122.208   -25.969   -18.750
 8    -0.422     0.875    -0.238
