% Calibrated with leiden_pols
% Positions are in centimeters
Data =[
 2    99.348   -21.840    59.186
 2     0.681    -0.733    -0.003
 2     0.731     0.679     0.050
 2    -0.034    -0.037     0.999
 3   106.001    -5.322     9.464
 3     0.225    -0.132     0.965
 3     0.016     0.991     0.131
 3    -0.974    -0.014     0.225
 4   117.998    14.257    -0.667
 4     0.834    -0.512     0.207
 4     0.527     0.629    -0.570
 4     0.162     0.584     0.795
 5   116.701    22.502    25.488
 5     0.470    -0.331     0.820
 5     0.195    -0.866    -0.459
 5     0.861     0.375    -0.342
 6   130.874    26.716    46.258
 6     0.465    -0.853    -0.245
 6    -0.043     0.249    -0.966
 6     0.884     0.458     0.078
 7   117.204   -18.781    -0.981
 7     0.728     0.537     0.427
 7    -0.683     0.514     0.519
 7     0.060    -0.668     0.741
 8   110.759   -27.177    27.185
 8    -0.212    -0.213     0.954
 8     0.305     0.913     0.270
 8    -0.928     0.348    -0.128
 9   133.519   -29.640    45.778
 9     0.452     0.720    -0.534
 9     0.158     0.519     0.837
 9     0.878    -0.460     0.120
 2    99.398   -21.840    59.237
 2     0.682    -0.732    -0.003
 2     0.731     0.680     0.050
 2    -0.034    -0.037     0.999
 3   105.997    -5.378     9.479
 3     0.223    -0.133     0.966
 3     0.015     0.991     0.133
 3    -0.975    -0.015     0.223
 4   117.944    14.205    -0.661
 4     0.833    -0.513     0.208
 4     0.529     0.630    -0.568
 4     0.160     0.582     0.796
 5   116.691    22.474    25.575
 5     0.473    -0.330     0.819
 5     0.197    -0.865    -0.460
 5     0.859     0.377    -0.344
 6   130.818    26.714    46.264
 6     0.466    -0.853    -0.245
 6    -0.044     0.248    -0.966
 6     0.883     0.459     0.077
 7   117.202   -18.782    -0.927
 7     0.728     0.538     0.427
 7    -0.683     0.514     0.518
 7     0.059    -0.668     0.741
 8   110.761   -27.172    27.202
 8    -0.215    -0.213     0.953
 8     0.307     0.912     0.271
 8    -0.927     0.350    -0.130
 9   133.510   -29.641    45.791
 9     0.454     0.719    -0.534
 9     0.161     0.518     0.837
 9     0.876    -0.464     0.119
 2    99.348   -21.840    59.237
 2     0.681    -0.733    -0.003
 2     0.731     0.679     0.050
 2    -0.034    -0.037     0.999
 3   105.997    -5.378     9.479
 3     0.222    -0.134     0.966
 3     0.015     0.991     0.134
 3    -0.975    -0.015     0.222
 4   117.919    14.205    -0.661
 4     0.833    -0.514     0.208
 4     0.530     0.630    -0.568
 4     0.160     0.582     0.797
 5   116.690    22.474    25.575
 5     0.473    -0.328     0.819
 5     0.198    -0.866    -0.459
 5     0.859     0.377    -0.344
 6   130.818    26.713    46.263
 6     0.467    -0.853    -0.245
 6    -0.045     0.248    -0.966
 6     0.883     0.460     0.076
 7   117.202   -18.782    -0.927
 7     0.727     0.538     0.427
 7    -0.684     0.514     0.518
 7     0.059    -0.668     0.741
 8   110.765   -27.168    27.167
 8    -0.217    -0.213     0.953
 8     0.308     0.911     0.273
 8    -0.926     0.352    -0.132
 9   133.555   -29.592    45.747
 9     0.455     0.716    -0.536
 9     0.161     0.520     0.836
 9     0.875    -0.465     0.120
 2    99.348   -21.840    59.186
 2     0.681    -0.733    -0.003
 2     0.731     0.679     0.050
 2    -0.034    -0.037     0.999
 3   105.997    -5.327     9.479
 3     0.221    -0.135     0.966
 3     0.015     0.990     0.135
 3    -0.975    -0.015     0.221
 4   117.946    14.257    -0.664
 4     0.833    -0.514     0.208
 4     0.530     0.630    -0.568
 4     0.161     0.582     0.796
 5   116.665    22.424    25.626
 5     0.472    -0.328     0.819
 5     0.198    -0.866    -0.458
 5     0.859     0.377    -0.344
 6   130.792    26.713    46.262
 6     0.467    -0.853    -0.244
 6    -0.046     0.247    -0.967
 6     0.883     0.461     0.075
 7   117.202   -18.782    -0.978
 7     0.728     0.538     0.427
 7    -0.683     0.514     0.518
 7     0.059    -0.668     0.741
 8   110.716   -27.169    27.116
 8    -0.217    -0.212     0.953
 8     0.309     0.912     0.271
 8    -0.926     0.352    -0.132
 9   133.554   -29.592    45.695
 9     0.455     0.716    -0.537
 9     0.161     0.521     0.835
 9     0.875    -0.464     0.121
 2    99.348   -21.840    59.186
 2     0.681    -0.733    -0.003
 2     0.731     0.679     0.050
 2    -0.034    -0.037     0.999
 3   105.995    -5.326     9.478
 3     0.221    -0.135     0.966
 3     0.016     0.990     0.135
 3    -0.975    -0.015     0.221
 4   117.948    14.257    -0.615
 4     0.833    -0.514     0.207
 4     0.529     0.629    -0.568
 4     0.162     0.582     0.796
 5   116.659    22.473    25.628
 5     0.474    -0.325     0.819
 5     0.197    -0.868    -0.456
 5     0.858     0.376    -0.348
 6   130.793    26.713    46.263
 6     0.467    -0.853    -0.244
 6    -0.045     0.247    -0.967
 6     0.883     0.461     0.076
 7   117.202   -18.782    -0.978
 7     0.728     0.538     0.427
 7    -0.683     0.514     0.518
 7     0.059    -0.668     0.741
 8   110.763   -27.229    27.010
 8    -0.212    -0.212     0.954
 8     0.308     0.912     0.269
 8    -0.928     0.350    -0.127
 9   133.608   -29.591    45.689
 9     0.453     0.716    -0.538
 9     0.161     0.523     0.834
 9     0.876    -0.462     0.121
 2    99.348   -21.840    59.186
 2     0.682    -0.732    -0.003
 2     0.731     0.680     0.050
 2    -0.034    -0.037     0.999
 3   105.990    -5.325     9.472
 3     0.220    -0.135     0.966
 3     0.017     0.990     0.135
 3    -0.975    -0.013     0.220
 4   117.947    14.309    -0.667
 4     0.832    -0.515     0.208
 4     0.530     0.628    -0.569
 4     0.162     0.583     0.795
 5   116.654    22.470    25.581
 5     0.477    -0.324     0.818
 5     0.195    -0.869    -0.454
 5     0.857     0.375    -0.351
 6   130.792    26.663    46.262
 6     0.466    -0.853    -0.244
 6    -0.045     0.247    -0.967
 6     0.883     0.460     0.075
 7   117.251   -18.731    -1.030
 7     0.729     0.537     0.426
 7    -0.682     0.515     0.518
 7     0.059    -0.667     0.741
 8   110.872   -27.283    26.866
 8    -0.207    -0.215     0.955
 8     0.308     0.912     0.271
 8    -0.928     0.349    -0.122
 9   133.572   -29.588    45.618
 9     0.450     0.716    -0.541
 9     0.159     0.527     0.832
 9     0.879    -0.458     0.122
 2    99.348   -21.840    59.186
 2     0.682    -0.732    -0.003
 2     0.731     0.680     0.050
 2    -0.034    -0.037     0.999
 3   106.008    -5.274     9.441
 3     0.219    -0.131     0.967
 3     0.018     0.991     0.129
 3    -0.975    -0.011     0.220
 4   118.102    14.361    -0.704
 4     0.834    -0.511     0.207
 4     0.526     0.625    -0.578
 4     0.165     0.590     0.789
 5   116.525    22.735    25.117
 5     0.461    -0.343     0.819
 5     0.194    -0.861    -0.468
 5     0.865     0.374    -0.330
 6   130.017    27.201    46.190
 6     0.419    -0.872    -0.261
 6    -0.014     0.276    -0.960
 6     0.908     0.404     0.101
 7   117.557   -18.673    -1.168
 7     0.735     0.532     0.421
 7    -0.675     0.517     0.526
 7     0.062    -0.670     0.739
 8   110.477   -27.980    25.781
 8    -0.140    -0.268     0.953
 8     0.329     0.896     0.299
 8    -0.934     0.354    -0.037
 9   131.012   -31.489    45.326
 9     0.351     0.745    -0.573
 9     0.103     0.573     0.811
 9     0.930    -0.340     0.123
 2    99.348   -21.840    59.186
 2     0.682    -0.732    -0.003
 2     0.731     0.680     0.050
 2    -0.034    -0.037     0.999
 3   106.146    -5.227     9.348
 3     0.219    -0.132     0.967
 3     0.019     0.991     0.131
 3    -0.976    -0.010     0.219
 4   118.281    14.443    -0.944
 4     0.829    -0.517     0.211
 4     0.532     0.618    -0.578
 4     0.168     0.591     0.788
 5   114.609    24.447    22.950
 5     0.325    -0.386     0.865
 5     0.280    -0.833    -0.476
 5     0.903     0.395    -0.162
 6   125.478    30.124    45.338
 6     0.261    -0.905    -0.341
 6     0.050     0.361    -0.930
 6     0.964     0.223     0.137
 7   117.856   -18.589    -1.479
 7     0.731     0.540     0.418
 7    -0.678     0.509     0.529
 7     0.073    -0.670     0.738
 8   108.158   -28.906    24.043
 8     0.009    -0.297     0.955
 8     0.377     0.886     0.270
 8    -0.926     0.356     0.120
 9   124.711   -34.279    44.593
 9     0.179     0.786    -0.594
 9     0.034     0.596     0.800
 9     0.983    -0.161     0.078
 2    99.348   -21.840    59.186
 2     0.681    -0.733    -0.003
 2     0.731     0.679     0.050
 2    -0.034    -0.037     0.999
 3   106.237    -5.195     9.214
 3     0.219    -0.142     0.965
 3     0.019     0.990     0.141
 3    -0.975    -0.013     0.219
 4   118.317    14.326    -1.243
 4     0.821    -0.531     0.214
 4     0.544     0.611    -0.575
 4     0.174     0.588     0.789
 5   112.410    26.420    20.108
 5     0.143    -0.506     0.851
 5     0.335    -0.784    -0.521
 5     0.931     0.359     0.058
 6   120.073    32.001    44.259
 6     0.064    -0.887    -0.459
 6     0.080     0.461    -0.883
 6     0.994     0.017     0.098
 7   117.945   -18.582    -1.704
 7     0.719     0.558     0.417
 7    -0.689     0.493     0.530
 7     0.090    -0.667     0.738
 8   106.219   -29.035    22.140
 8     0.157    -0.337     0.928
 8     0.391     0.884     0.255
 8    -0.907     0.322     0.271
 9   119.033   -35.153    43.327
 9     0.020     0.797    -0.605
 9     0.003     0.604     0.796
 9     1.000    -0.017     0.008
 2    99.348   -21.840    59.186
 2     0.681    -0.733    -0.003
 2     0.731     0.679     0.050
 2    -0.034    -0.037     0.999
 3   106.215    -5.144     9.163
 3     0.215    -0.151     0.964
 3     0.023     0.988     0.149
 3    -0.976    -0.010     0.216
 4   118.193    14.336    -1.482
 4     0.807    -0.548     0.222
 4     0.563     0.600    -0.568
 4     0.177     0.583     0.792
 5   110.899    26.989    18.594
 5     0.018    -0.567     0.823
 5     0.351    -0.768    -0.536
 5     0.936     0.297     0.186
 6   115.970    32.502    43.913
 6    -0.054    -0.874    -0.484
 6     0.088     0.477    -0.874
 6     0.994    -0.092     0.049
 7   117.872   -18.403    -1.921
 7     0.705     0.580     0.410
 7    -0.702     0.485     0.521
 7     0.104    -0.655     0.748
 8   104.942   -28.854    20.841
 8     0.252    -0.339     0.906
 8     0.393     0.891     0.224
 8    -0.884     0.300     0.358
 9   114.258   -36.800    42.969
 9    -0.069     0.806    -0.588
 9    -0.010     0.588     0.808
 9     0.997     0.063    -0.034
 2    99.348   -21.840    59.186
 2     0.682    -0.732    -0.003
 2     0.731     0.680     0.050
 2    -0.034    -0.037     0.999
 3   106.200    -5.090     9.097
 3     0.214    -0.153     0.964
 3     0.027     0.988     0.151
 3    -0.976    -0.006     0.216
 4   118.212    14.451    -1.634
 4     0.796    -0.564     0.220
 4     0.575     0.593    -0.563
 4     0.186     0.574     0.796
 5   109.570    27.217    17.378
 5    -0.081    -0.583     0.808
 5     0.368    -0.771    -0.520
 5     0.926     0.255     0.277
 6   112.396    32.692    43.285
 6    -0.149    -0.853    -0.500
 6     0.095     0.490    -0.866
 6     0.984    -0.179     0.006
 7   117.943   -18.249    -2.215
 7     0.693     0.602     0.398
 7    -0.711     0.481     0.511
 7     0.117    -0.637     0.761
 8   104.139   -28.482    19.600
 8     0.319    -0.330     0.888
 8     0.393     0.899     0.192
 8    -0.862     0.288     0.416
 9   111.095   -36.871    42.296
 9    -0.142     0.811    -0.568
 9    -0.018     0.571     0.820
 9     0.990     0.128    -0.068
 2    99.348   -21.840    59.186
 2     0.682    -0.732    -0.003
 2     0.731     0.680     0.050
 2    -0.034    -0.037     0.999
 3   106.300    -5.014     8.919
 3     0.216    -0.152     0.964
 3     0.027     0.988     0.150
 3    -0.976    -0.006     0.217
 4   118.387    14.421    -1.985
 4     0.783    -0.589     0.200
 4     0.586     0.594    -0.551
 4     0.205     0.548     0.810
 5   108.106    27.490    15.777
 5    -0.180    -0.587     0.789
 5     0.394    -0.778    -0.488
 5     0.901     0.223     0.372
 6   108.486    33.556    41.801
 6    -0.243    -0.838    -0.489
 6     0.118     0.473    -0.872
 6     0.963    -0.271    -0.017
 7   118.191   -18.169    -2.445
 7     0.681     0.629     0.377
 7    -0.720     0.481     0.500
 7     0.133    -0.611     0.779
 8   103.590   -28.279    18.591
 8     0.377    -0.328     0.866
 8     0.395     0.902     0.169
 8    -0.838     0.279     0.469
 9   108.592   -37.013    41.523
 9    -0.204     0.799    -0.565
 9    -0.024     0.573     0.819
 9     0.978     0.181    -0.099
 2    99.348   -21.840    59.186
 2     0.682    -0.732    -0.003
 2     0.731     0.680     0.050
 2    -0.034    -0.037     0.999
 3   106.382    -4.904     8.731
 3     0.223    -0.160     0.962
 3     0.025     0.987     0.158
 3    -0.974    -0.011     0.224
 4   118.399    14.261    -2.189
 4     0.769    -0.614     0.181
 4     0.601     0.597    -0.531
 4     0.218     0.517     0.828
 5   106.706    27.111    14.892
 5    -0.248    -0.560     0.791
 5     0.406    -0.801    -0.439
 5     0.879     0.212     0.426
 6   105.871    33.629    40.895
 6    -0.290    -0.839    -0.459
 6     0.126     0.442    -0.888
 6     0.948    -0.317    -0.024
 7   118.270   -17.991    -2.646
 7     0.678     0.640     0.362
 7    -0.721     0.487     0.492
 7     0.139    -0.594     0.792
 8   103.321   -28.037    17.966
 8     0.397    -0.325     0.858
 8     0.398     0.903     0.157
 8    -0.827     0.280     0.488
 9   107.343   -36.928    41.086
 9    -0.234     0.800    -0.553
 9    -0.021     0.563     0.825
 9     0.972     0.205    -0.116
 2    99.348   -21.840    59.186
 2     0.682    -0.732    -0.003
 2     0.731     0.680     0.050
 2    -0.034    -0.037     0.999
 3   106.364    -4.905     8.657
 3     0.221    -0.165     0.961
 3     0.028     0.986     0.162
 3    -0.975    -0.009     0.223
 4   118.321    14.348    -2.160
 4     0.760    -0.627     0.172
 4     0.609     0.594    -0.526
 4     0.227     0.503     0.833
 5   106.122    26.900    14.552
 5    -0.275    -0.543     0.794
 5     0.408    -0.813    -0.415
 5     0.870     0.210     0.445
 6   104.952    33.443    40.590
 6    -0.307    -0.838    -0.451
 6     0.126     0.434    -0.892
 6     0.943    -0.331    -0.028
 7   118.322   -17.813    -2.792
 7     0.675     0.652     0.347
 7    -0.724     0.493     0.482
 7     0.144    -0.576     0.804
 8   102.842   -27.763    17.141
 8     0.424    -0.315     0.849
 8     0.403     0.905     0.134
 8    -0.811     0.285     0.510
 9   105.895   -36.906    40.481
 9    -0.264     0.800    -0.538
 9    -0.025     0.552     0.833
 9     0.964     0.234    -0.126
 2    99.348   -21.815    59.237
 2     0.682    -0.732    -0.003
 2     0.731     0.680     0.050
 2    -0.034    -0.037     0.999
 3   106.294    -4.851     8.536
 3     0.220    -0.163     0.962
 3     0.033     0.987     0.159
 3    -0.975    -0.003     0.222
 4   118.351    14.410    -2.244
 4     0.755    -0.636     0.162
 4     0.611     0.591    -0.526
 4     0.239     0.495     0.834
 5   105.719    26.738    14.191
 5    -0.302    -0.538     0.787
 5     0.409    -0.819    -0.403
 5     0.861     0.200     0.466
 6   103.784    33.328    40.147
 6    -0.333    -0.828    -0.450
 6     0.124     0.434    -0.892
 6     0.934    -0.354    -0.042
 7   118.426   -17.815    -3.012
 7     0.667     0.665     0.336
 7    -0.729     0.493     0.473
 7     0.149    -0.561     0.814
 8   102.577   -27.521    16.611
 8     0.448    -0.304     0.841
 8     0.403     0.908     0.113
 8    -0.798     0.288     0.529
 9   104.659   -36.820    40.056
 9    -0.294     0.796    -0.529
 9    -0.022     0.547     0.836
 9     0.955     0.258    -0.144
 2    99.348   -21.815    59.237
 2     0.682    -0.732    -0.003
 2     0.731     0.680     0.050
 2    -0.034    -0.037     0.999
 3   106.303    -4.821     8.448
 3     0.222    -0.162     0.961
 3     0.033     0.987     0.159
 3    -0.974    -0.003     0.224
 4   118.429    14.320    -2.501
 4     0.748    -0.647     0.150
 4     0.615     0.590    -0.523
 4     0.250     0.483     0.839
 5   105.107    26.643    13.429
 5    -0.335    -0.527     0.781
 5     0.417    -0.826    -0.379
 5     0.845     0.198     0.496
 6   102.415    33.488    39.242
 6    -0.361    -0.819    -0.446
 6     0.133     0.428    -0.894
 6     0.923    -0.383    -0.047
 7   118.518   -17.710    -3.070
 7     0.661     0.677     0.323
 7    -0.733     0.492     0.469
 7     0.159    -0.547     0.821
 8   102.276   -27.247    16.069
 8     0.475    -0.298     0.828
 8     0.404     0.909     0.095
 8    -0.781     0.289     0.553
 9   103.178   -36.628    39.577
 9    -0.325     0.790    -0.519
 9    -0.021     0.542     0.839
 9     0.945     0.284    -0.160
 2    99.348   -21.840    59.186
 2     0.682    -0.732    -0.003
 2     0.731     0.680     0.050
 2    -0.034    -0.037     0.999
 3   106.307    -4.823     8.299
 3     0.225    -0.161     0.961
 3     0.032     0.987     0.158
 3    -0.974    -0.004     0.227
 4   118.509    14.255    -2.655
 4     0.743    -0.656     0.135
 4     0.616     0.591    -0.520
 4     0.261     0.469     0.843
 5   104.807    26.575    12.907
 5    -0.360    -0.522     0.774
 5     0.426    -0.829    -0.361
 5     0.830     0.199     0.520
 6   101.635    33.702    38.648
 6    -0.380    -0.810    -0.447
 6     0.140     0.427    -0.893
 6     0.914    -0.402    -0.049
 7   118.481   -17.683    -3.145
 7     0.654     0.688     0.315
 7    -0.738     0.488     0.466
 7     0.167    -0.536     0.827
 8   101.996   -27.086    15.809
 8     0.494    -0.291     0.819
 8     0.401     0.912     0.081
 8    -0.771     0.288     0.567
 9   102.245   -36.456    39.394
 9    -0.345     0.787    -0.511
 9    -0.016     0.539     0.842
 9     0.938     0.298    -0.174
 2    99.348   -21.840    59.186
 2     0.682    -0.732    -0.003
 2     0.731     0.680     0.050
 2    -0.034    -0.037     0.999
 3   106.255    -4.771     8.298
 3     0.225    -0.162     0.961
 3     0.033     0.987     0.158
 3    -0.974    -0.004     0.228
 4   118.556    14.211    -2.728
 4     0.742    -0.659     0.126
 4     0.614     0.592    -0.522
 4     0.269     0.464     0.844
 5   104.571    26.391    12.721
 5    -0.375    -0.515     0.771
 5     0.426    -0.834    -0.350
 5     0.823     0.197     0.532
 6   100.951    33.466    38.392
 6    -0.395    -0.802    -0.448
 6     0.139     0.429    -0.892
 6     0.908    -0.415    -0.059
 7   118.493   -17.579    -3.274
 7     0.649     0.698     0.303
 7    -0.740     0.488     0.461
 7     0.175    -0.523     0.834
 8   101.661   -26.865    15.169
 8     0.518    -0.288     0.805
 8     0.402     0.913     0.067
 8    -0.755     0.289     0.589
 9   100.894   -36.263    38.809
 9    -0.375     0.781    -0.500
 9    -0.014     0.534     0.845
 9     0.927     0.324    -0.190
 2    99.348   -21.815    59.186
 2     0.682    -0.732    -0.003
 2     0.731     0.680     0.050
 2    -0.034    -0.037     0.999
 3   106.250    -4.718     8.217
 3     0.226    -0.164     0.960
 3     0.035     0.986     0.160
 3    -0.974    -0.003     0.228
 4   118.644    14.277    -2.825
 4     0.736    -0.668     0.114
 4     0.614     0.587    -0.527
 4     0.285     0.458     0.842
 5   104.063    26.102    12.281
 5    -0.403    -0.500     0.766
 5     0.422    -0.845    -0.330
 5     0.812     0.190     0.551
 6    99.894    33.250    37.934
 6    -0.417    -0.792    -0.445
 6     0.138     0.428    -0.893
 6     0.898    -0.434    -0.070
 7   118.634   -17.520    -3.401
 7     0.635     0.714     0.296
 7    -0.748     0.472     0.466
 7     0.193    -0.517     0.834
 8   101.462   -26.750    14.828
 8     0.536    -0.290     0.793
 8     0.400     0.914     0.063
 8    -0.743     0.284     0.606
 9   100.190   -36.109    38.521
 9    -0.394     0.773    -0.497
 9    -0.012     0.536     0.844
 9     0.919     0.339    -0.202
 2    99.348   -21.815    59.186
 2     0.682    -0.732    -0.003
 2     0.731     0.680     0.050
 2    -0.034    -0.037     0.999
 3   106.255    -4.713     8.100
 3     0.227    -0.167     0.959
 3     0.036     0.986     0.163
 3    -0.973    -0.002     0.230
 4   118.770    14.185    -2.853
 4     0.732    -0.673     0.105
 4     0.614     0.585    -0.530
 4     0.295     0.452     0.841
 5   103.849    25.841    12.070
 5    -0.418    -0.491     0.765
 5     0.422    -0.850    -0.315
 5     0.804     0.191     0.562
 6    99.418    33.066    37.611
 6    -0.426    -0.789    -0.441
 6     0.140     0.424    -0.895
 6     0.893    -0.443    -0.071
 7   118.605   -17.567    -3.426
 7     0.627     0.721     0.294
 7    -0.752     0.463     0.468
 7     0.202    -0.515     0.833
 8   101.195   -26.467    14.632
 8     0.550    -0.282     0.786
 8     0.394     0.917     0.052
 8    -0.736     0.281     0.616
 9    99.155   -35.788    38.296
 9    -0.414     0.771    -0.484
 9    -0.004     0.530     0.848
 9     0.910     0.353    -0.216
 2    99.348   -21.840    59.237
 2     0.682    -0.732    -0.003
 2     0.731     0.680     0.050
 2    -0.034    -0.037     0.999
 3   106.141    -4.711     8.006
 3     0.220    -0.167     0.961
 3     0.043     0.986     0.161
 3    -0.974     0.007     0.224
 4   118.684    14.191    -2.947
 4     0.729    -0.677     0.100
 4     0.614     0.583    -0.532
 4     0.301     0.449     0.841
 5   103.544    25.556    11.823
 5    -0.431    -0.482     0.763
 5     0.420    -0.855    -0.302
 5     0.798     0.190     0.571
 6    98.680    32.880    37.305
 6    -0.442    -0.782    -0.439
 6     0.139     0.424    -0.895
 6     0.886    -0.457    -0.079
 7   118.630   -17.563    -3.512
 7     0.617     0.733     0.286
 7    -0.757     0.454     0.469
 7     0.214    -0.506     0.835
 8   100.922   -26.279    14.191
 8     0.571    -0.276     0.773
 8     0.387     0.921     0.041
 8    -0.724     0.276     0.632
 9    98.119   -35.638    37.888
 9    -0.436     0.763    -0.478
 9    -0.001     0.530     0.847
 9     0.900     0.370    -0.231
 2    99.348   -21.815    59.186
 2     0.681    -0.733    -0.003
 2     0.731     0.679     0.050
 2    -0.034    -0.037     0.999
 3   106.117    -4.711     8.002
 3     0.219    -0.168     0.961
 3     0.048     0.986     0.161
 3    -0.975     0.011     0.224
 4   118.710    14.123    -3.027
 4     0.727    -0.680     0.092
 4     0.611     0.582    -0.536
 4     0.311     0.446     0.839
 5   103.315    25.323    11.654
 5    -0.445    -0.474     0.760
 5     0.418    -0.860    -0.292
 5     0.792     0.188     0.581
 6    98.120    32.719    37.020
 6    -0.456    -0.776    -0.437
 6     0.140     0.422    -0.896
 6     0.879    -0.469    -0.084
 7   118.647   -17.557    -3.487
 7     0.616     0.737     0.280
 7    -0.756     0.452     0.473
 7     0.222    -0.502     0.835
 8   100.996   -26.372    13.995
 8     0.577    -0.283     0.766
 8     0.389     0.920     0.047
 8    -0.718     0.271     0.640
 9    97.859   -35.819    37.650
 9    -0.450     0.751    -0.483
 9    -0.009     0.537     0.843
 9     0.893     0.383    -0.235
 2    99.348   -21.840    59.237
 2     0.682    -0.732    -0.003
 2     0.731     0.680     0.050
 2    -0.034    -0.037     0.999
 3   106.109    -4.709     7.943
 3     0.217    -0.173     0.961
 3     0.050     0.985     0.165
 3    -0.975     0.013     0.223
 4   118.777    14.080    -3.048
 4     0.723    -0.686     0.087
 4     0.613     0.578    -0.538
 4     0.318     0.442     0.838
 5   103.053    25.112    11.364
 5    -0.459    -0.467     0.756
 5     0.418    -0.864    -0.279
 5     0.784     0.188     0.591
 6    97.450    32.758    36.641
 6    -0.472    -0.768    -0.433
 6     0.145     0.417    -0.897
 6     0.870    -0.486    -0.085
 7   118.756   -17.604    -3.554
 7     0.614     0.741     0.275
 7    -0.756     0.451     0.474
 7     0.227    -0.498     0.836
 8   100.916   -26.266    13.803
 8     0.584    -0.283     0.761
 8     0.387     0.920     0.044
 8    -0.713     0.269     0.647
 9    97.482   -35.677    37.455
 9    -0.459     0.747    -0.481
 9    -0.009     0.537     0.843
 9     0.888     0.391    -0.241
 2    99.398   -21.840    59.237
 2     0.681    -0.733    -0.003
 2     0.731     0.679     0.050
 2    -0.034    -0.037     0.999
 3   106.185    -4.752     7.873
 3     0.219    -0.172     0.960
 3     0.053     0.985     0.164
 3    -0.974     0.015     0.224
 4   118.795    14.035    -3.170
 4     0.721    -0.688     0.081
 4     0.612     0.577    -0.541
 4     0.325     0.439     0.837
 5   102.986    25.057    11.207
 5    -0.465    -0.465     0.753
 5     0.419    -0.865    -0.275
 5     0.780     0.188     0.597
 6    97.204    32.701    36.391
 6    -0.479    -0.761    -0.436
 6     0.148     0.419    -0.896
 6     0.865    -0.494    -0.088
 7   118.789   -17.603    -3.617
 7     0.611     0.744     0.271
 7    -0.757     0.449     0.474
 7     0.231    -0.494     0.838
 8   100.910   -26.260    13.558
 8     0.591    -0.283     0.755
 8     0.387     0.921     0.041
 8    -0.708     0.268     0.653
 9    97.073   -35.790    37.197
 9    -0.472     0.740    -0.479
 9    -0.012     0.538     0.842
 9     0.881     0.403    -0.245
 2    99.348   -21.815    59.186
 2     0.681    -0.733    -0.003
 2     0.731     0.679     0.050
 2    -0.034    -0.037     0.999
 3   106.172    -4.750     7.810
 3     0.221    -0.171     0.960
 3     0.057     0.985     0.162
 3    -0.974     0.019     0.227
 4   118.865    14.093    -3.194
 4     0.719    -0.691     0.075
 4     0.610     0.576    -0.544
 4     0.333     0.437     0.835
 5   102.885    24.874    11.060
 5    -0.475    -0.461     0.750
 5     0.418    -0.868    -0.268
 5     0.774     0.186     0.605
 6    96.688    32.742    36.191
 6    -0.495    -0.751    -0.438
 6     0.151     0.422    -0.894
 6     0.856    -0.508    -0.095
 7   118.844   -17.551    -3.627
 7     0.609     0.747     0.266
 7    -0.758     0.448     0.473
 7     0.234    -0.490     0.839
 8   100.875   -26.228    13.464
 8     0.595    -0.284     0.752
 8     0.388     0.920     0.040
 8    -0.703     0.269     0.658
 9    96.889   -35.791    37.030
 9    -0.477     0.737    -0.479
 9    -0.014     0.538     0.842
 9     0.879     0.408    -0.247
 2    99.348   -21.840    59.186
 2     0.681    -0.733    -0.003
 2     0.731     0.679     0.050
 2    -0.034    -0.037     0.999
 3   106.177    -4.745     7.795
 3     0.222    -0.172     0.960
 3     0.058     0.985     0.163
 3    -0.973     0.020     0.229
 4   118.867    14.094    -3.223
 4     0.719    -0.691     0.074
 4     0.609     0.575    -0.546
 4     0.334     0.437     0.834
 5   102.830    24.823    11.015
 5    -0.478    -0.460     0.749
 5     0.417    -0.868    -0.267
 5     0.773     0.185     0.606
 6    96.547    32.687    36.114
 6    -0.501    -0.745    -0.442
 6     0.152     0.426    -0.892
 6     0.852    -0.514    -0.100
 7   118.850   -17.549    -3.662
 7     0.607     0.750     0.264
 7    -0.758     0.447     0.474
 7     0.237    -0.488     0.840
 8   100.790   -26.224    13.299
 8     0.601    -0.282     0.748
 8     0.387     0.921     0.036
 8    -0.699     0.268     0.662
 9    96.590   -35.851    36.834
 9    -0.485     0.733    -0.477
 9    -0.015     0.538     0.842
 9     0.874     0.415    -0.250
 2    99.348   -21.840    59.186
 2     0.682    -0.732    -0.003
 2     0.731     0.680     0.050
 2    -0.034    -0.037     0.999
 3   106.122    -4.742     7.791
 3     0.222    -0.174     0.959
 3     0.060     0.984     0.165
 3    -0.973     0.021     0.229
 4   118.876    14.045    -3.206
 4     0.719    -0.692     0.071
 4     0.608     0.575    -0.547
 4     0.337     0.436     0.834
 5   102.771    24.770    10.999
 5    -0.480    -0.459     0.748
 5     0.417    -0.869    -0.265
 5     0.771     0.185     0.608
 6    96.489    32.684    36.073
 6    -0.503    -0.743    -0.442
 6     0.154     0.426    -0.891
 6     0.850    -0.517    -0.100
 7   118.857   -17.597    -3.672
 7     0.607     0.750     0.262
 7    -0.757     0.446     0.476
 7     0.240    -0.487     0.839
 8   100.766   -26.224    13.300
 8     0.601    -0.285     0.747
 8     0.388     0.920     0.038
 8    -0.699     0.267     0.664
 9    96.589   -35.875    36.832
 9    -0.486     0.731    -0.479
 9    -0.016     0.540     0.841
 9     0.874     0.416    -0.251
 2    99.348   -21.815    59.237
 2     0.681    -0.733    -0.003
 2     0.731     0.679     0.050
 2    -0.034    -0.037     0.999
 3   106.122    -4.793     7.790
 3     0.221    -0.176     0.959
 3     0.060     0.984     0.166
 3    -0.973     0.021     0.229
 4   118.828    14.021    -3.209
 4     0.719    -0.692     0.070
 4     0.608     0.575    -0.547
 4     0.338     0.436     0.834
 5   102.993    24.832    11.382
 5    -0.468    -0.464     0.752
 5     0.412    -0.867    -0.279
 5     0.782     0.180     0.596
 6    97.473    32.572    36.718
 6    -0.483    -0.749    -0.453
 6     0.150     0.440    -0.885
 6     0.862    -0.496    -0.100
 7   118.727   -17.649    -3.585
 7     0.610     0.746     0.267
 7    -0.755     0.447     0.478
 7     0.237    -0.493     0.836
 8   100.997   -26.552    14.095
 8     0.574    -0.301     0.761
 8     0.387     0.919     0.071
 8    -0.721     0.254     0.644
 9    98.005   -35.987    37.748
 9    -0.451     0.742    -0.496
 9    -0.017     0.548     0.836
 9     0.892     0.385    -0.235
 2    99.348   -21.815    59.237
 2     0.681    -0.733    -0.003
 2     0.731     0.679     0.050
 2    -0.034    -0.037     0.999
 3   106.043    -4.792     7.889
 3     0.221    -0.174     0.959
 3     0.061     0.984     0.165
 3    -0.973     0.022     0.228
 4   118.687    14.181    -2.935
 4     0.729    -0.679     0.085
 4     0.603     0.580    -0.547
 4     0.322     0.450     0.833
 5   103.666    25.333    12.264
 5    -0.429    -0.486     0.762
 5     0.413    -0.855    -0.313
 5     0.803     0.180     0.567
 6    99.254    32.825    37.856
 6    -0.444    -0.763    -0.470
 6     0.150     0.453    -0.879
 6     0.883    -0.461    -0.086
 7   118.532   -17.854    -3.361
 7     0.623     0.727     0.291
 7    -0.750     0.448     0.486
 7     0.223    -0.520     0.824
 8   101.321   -27.227    15.161
 8     0.523    -0.346     0.779
 8     0.388     0.910     0.143
 8    -0.759     0.228     0.610
 9   100.147   -36.195    38.904
 9    -0.404     0.755    -0.516
 9    -0.012     0.560     0.828
 9     0.914     0.341    -0.218
 2    99.398   -21.815    59.237
 2     0.681    -0.733    -0.003
 2     0.731     0.679     0.050
 2    -0.034    -0.037     0.999
 3   105.947    -4.796     8.121
 3     0.222    -0.167     0.960
 3     0.059     0.985     0.157
 3    -0.973     0.022     0.229
 4   118.624    14.241    -2.742
 4     0.740    -0.665     0.099
 4     0.598     0.584    -0.549
 4     0.307     0.465     0.830
 5   104.535    25.815    13.117
 5    -0.381    -0.507     0.773
 5     0.413    -0.841    -0.348
 5     0.827     0.187     0.530
 6   101.542    33.085    39.004
 6    -0.394    -0.783    -0.481
 6     0.145     0.464    -0.874
 6     0.908    -0.414    -0.069
 7   118.511   -17.955    -3.194
 7     0.641     0.704     0.308
 7    -0.738     0.455     0.497
 7     0.210    -0.545     0.811
 8   101.911   -27.908    15.989
 8     0.474    -0.386     0.791
 8     0.399     0.895     0.197
 8    -0.785     0.222     0.578
 9   102.400   -36.481    39.686
 9    -0.363     0.755    -0.546
 9    -0.008     0.583     0.812
 9     0.932     0.299    -0.206
 2    99.348   -21.815    59.186
 2     0.681    -0.733    -0.003
 2     0.731     0.679     0.050
 2    -0.034    -0.037     0.999
 3   106.050    -4.818     8.181
 3     0.226    -0.158     0.961
 3     0.060     0.987     0.147
 3    -0.972     0.025     0.233
 4   118.665    14.351    -2.580
 4     0.754    -0.647     0.110
 4     0.587     0.590    -0.555
 4     0.294     0.483     0.824
 5   105.707    26.368    14.116
 5    -0.324    -0.534     0.781
 5     0.417    -0.822    -0.389
 5     0.849     0.199     0.489
 6   104.365    33.421    40.118
 6    -0.336    -0.795    -0.505
 6     0.145     0.486    -0.862
 6     0.930    -0.364    -0.049
 7   118.605   -18.082    -3.097
 7     0.661     0.680     0.319
 7    -0.725     0.468     0.505
 7     0.194    -0.564     0.802
 8   102.723   -28.634    16.639
 8     0.424    -0.418     0.803
 8     0.411     0.879     0.240
 8    -0.807     0.229     0.545
 9   104.872   -37.032    40.296
 9    -0.323     0.744    -0.585
 9    -0.015     0.614     0.789
 9     0.946     0.263    -0.188
 2    99.348   -21.840    59.237
 2     0.682    -0.732    -0.003
 2     0.731     0.680     0.050
 2    -0.034    -0.037     0.999
 3   106.141    -4.734     8.338
 3     0.235    -0.153     0.960
 3     0.062     0.988     0.142
 3    -0.970     0.026     0.242
 4   118.914    14.614    -2.372
 4     0.771    -0.626     0.116
 4     0.570     0.598    -0.563
 4     0.283     0.500     0.818
 5   107.191    27.026    15.344
 5    -0.257    -0.557     0.790
 5     0.415    -0.802    -0.430
 5     0.872     0.217     0.437
 6   107.710    33.684    41.350
 6    -0.271    -0.812    -0.517
 6     0.140     0.498    -0.856
 6     0.952    -0.306    -0.022
 7   118.754   -18.080    -2.879
 7     0.682     0.654     0.329
 7    -0.709     0.480     0.516
 7     0.180    -0.584     0.791
 8   103.862   -29.238    17.758
 8     0.366    -0.444     0.818
 8     0.416     0.864     0.282
 8    -0.832     0.237     0.501
 9   107.895   -37.278    41.229
 9    -0.272     0.731    -0.625
 9    -0.014     0.646     0.762
 9     0.962     0.217    -0.166
 2    99.398   -21.840    59.237
 2     0.681    -0.733    -0.003
 2     0.731     0.679     0.050
 2    -0.034    -0.037     0.999
 3   106.206    -4.781     8.384
 3     0.238    -0.153     0.959
 3     0.061     0.988     0.142
 3    -0.969     0.024     0.244
 4   119.066    14.699    -2.092
 4     0.789    -0.603     0.120
 4     0.550     0.606    -0.574
 4     0.273     0.519     0.810
 5   108.955    27.182    16.848
 5    -0.171    -0.566     0.806
 5     0.407    -0.786    -0.466
 5     0.897     0.248     0.365
 6   111.598    33.496    42.799
 6    -0.190    -0.832    -0.521
 6     0.131     0.503    -0.853
 6     0.973    -0.233     0.012
 7   118.854   -18.207    -2.664
 7     0.699     0.632     0.335
 7    -0.695     0.491     0.525
 7     0.167    -0.599     0.782
 8   104.922   -29.565    19.026
 8     0.299    -0.466     0.833
 8     0.418     0.848     0.324
 8    -0.858     0.251     0.448
 9   111.379   -36.958    42.251
 9    -0.206     0.725    -0.657
 9    -0.011     0.669     0.742
 9     0.978     0.161    -0.131
 2    99.348   -21.840    59.186
 2     0.682    -0.732    -0.003
 2     0.731     0.680     0.050
 2    -0.034    -0.037     0.999
 3   106.269    -4.779     8.558
 3     0.244    -0.154     0.957
 3     0.060     0.988     0.143
 3    -0.968     0.023     0.250
 4   119.094    14.810    -1.740
 4     0.805    -0.579     0.126
 4     0.531     0.610    -0.588
 4     0.264     0.540     0.799
 5   110.445    27.127    18.453
 5    -0.081    -0.558     0.825
 5     0.393    -0.779    -0.488
 5     0.916     0.285     0.282
 6   115.356    33.121    43.943
 6    -0.102    -0.855    -0.508
 6     0.117     0.496    -0.860
 6     0.988    -0.149     0.047
 7   118.798   -18.210    -2.466
 7     0.716     0.608     0.345
 7    -0.682     0.501     0.532
 7     0.151    -0.615     0.773
 8   106.039   -29.513    20.510
 8     0.221    -0.465     0.857
 8     0.410     0.842     0.350
 8    -0.885     0.273     0.377
 9   115.205   -36.580    43.135
 9    -0.120     0.736    -0.666
 9    -0.004     0.670     0.742
 9     0.993     0.093    -0.079
 2    99.348   -21.815    59.186
 2     0.681    -0.733    -0.003
 2     0.731     0.679     0.050
 2    -0.034    -0.037     0.999
 3   106.305    -4.675     8.684
 3     0.252    -0.151     0.956
 3     0.055     0.988     0.141
 3    -0.966     0.017     0.257
 4   119.099    14.845    -1.411
 4     0.821    -0.558     0.127
 4     0.511     0.616    -0.599
 4     0.255     0.556     0.791
 5   112.140    26.622    19.954
 5     0.021    -0.531     0.847
 5     0.377    -0.781    -0.498
 5     0.926     0.330     0.184
 6   119.484    32.324    44.736
 6     0.005    -0.881    -0.475
 6     0.095     0.472    -0.876
 6     0.995    -0.042     0.084
 7   118.668   -18.367    -2.218
 7     0.727     0.590     0.353
 7    -0.673     0.509     0.536
 7     0.136    -0.626     0.767
 8   107.114   -29.688    21.830
 8     0.135    -0.447     0.884
 8     0.407     0.839     0.361
 8    -0.903     0.311     0.295
 9   118.486   -33.760    42.313
 9    -0.017     0.753    -0.658
 9     0.002     0.657     0.753
 9     1.000     0.014    -0.014
 2    99.398   -21.840    59.237
 2     0.682    -0.732    -0.003
 2     0.731     0.680     0.050
 2    -0.034    -0.037     0.999
 3   106.233    -4.680     8.848
 3     0.257    -0.138     0.956
 3     0.047     0.990     0.129
 3    -0.965     0.012     0.262
 4   119.177    14.778    -1.155
 4     0.835    -0.536     0.127
 4     0.492     0.623    -0.608
 4     0.245     0.570     0.784
 5   114.081    26.105    21.615
 5     0.150    -0.495     0.856
 5     0.353    -0.782    -0.513
 5     0.924     0.377     0.058
 6   123.664    31.198    45.275
 6     0.132    -0.897    -0.426
 6     0.069     0.434    -0.897
 6     0.989     0.086     0.117
 7   118.609   -18.390    -2.019
 7     0.737     0.572     0.361
 7    -0.663     0.510     0.548
 7     0.129    -0.642     0.755
 8   108.510   -29.317    23.341
 8     0.036    -0.413     0.910
 8     0.387     0.845     0.368
 8    -0.921     0.339     0.190
 9   124.383   -33.849    44.473
 9     0.093     0.760    -0.645
 9     0.027     0.644     0.763
 9     0.995    -0.086     0.037
 2    99.348   -21.840    59.186
 2     0.681    -0.733    -0.003
 2     0.731     0.679     0.050
 2    -0.034    -0.037     0.999
 3   106.215    -4.733     8.881
 3     0.258    -0.133     0.957
 3     0.044     0.991     0.126
 3    -0.965     0.010     0.262
 4   119.177    14.851    -0.928
 4     0.841    -0.527     0.126
 4     0.482     0.623    -0.616
 4     0.245     0.578     0.778
 5   115.709    25.325    23.172
 5     0.281    -0.461     0.843
 5     0.304    -0.790    -0.531
 5     0.910     0.405    -0.081
 6   127.311    30.101    45.922
 6     0.252    -0.898    -0.367
 6     0.042     0.384    -0.921
 6     0.967     0.214     0.132
 7   118.657   -18.386    -1.735
 7     0.746     0.560     0.360
 7    -0.653     0.513     0.556
 7     0.127    -0.650     0.748
 8   109.833   -29.336    24.345
 8    -0.045    -0.398     0.917
 8     0.383     0.841     0.383
 8    -0.923     0.367     0.115
 9   127.718   -33.736    44.874
 9     0.179     0.755    -0.635
 9     0.039     0.636     0.769
 9     0.983    -0.159     0.082
 2    99.348   -21.840    59.186
 2     0.682    -0.732    -0.003
 2     0.731     0.680     0.050
 2    -0.034    -0.037     0.999
 3   106.236    -4.740     9.003
 3     0.259    -0.123     0.958
 3     0.036     0.992     0.117
 3    -0.965     0.004     0.261
 4   119.226    14.769    -0.722
 4     0.849    -0.515     0.121
 4     0.469     0.627    -0.622
 4     0.244     0.585     0.773
 5   117.431    24.606    24.452
 5     0.391    -0.418     0.822
 5     0.272    -0.800    -0.534
 5     0.879     0.431    -0.199
 6   130.762    29.188    46.005
 6     0.361    -0.878    -0.321
 6     0.018     0.345    -0.937
 6     0.932     0.330     0.139
 7   118.582   -18.561    -1.503
 7     0.750     0.554     0.362
 7    -0.649     0.513     0.562
 7     0.126    -0.656     0.744
 8   111.142   -28.847    25.352
 8    -0.134    -0.342     0.930
