% Calibrated with leiden_pols
% Positions are in centimeters
Data =[
 2    99.348   -21.840    59.186
 2     0.681    -0.733    -0.003
 2     0.731     0.679     0.050
 2    -0.034    -0.037     0.999
 3   106.001    -5.322     9.464
 3     0.225    -0.132     0.965
 3     0.016     0.991     0.131
 3    -0.974    -0.014     0.225
 4   117.998    14.257    -0.667
 4     0.834    -0.512     0.207
 4     0.527     0.629    -0.570
 4     0.162     0.584     0.795
 5   116.701    22.502    25.488
 5     0.470    -0.331     0.820
 5     0.195    -0.866    -0.459
 5     0.861     0.375    -0.342
 6   130.874    26.716    46.258
 6     0.465    -0.853    -0.245
 6    -0.043     0.249    -0.966
 6     0.884     0.458     0.078
 7   117.204   -18.781    -0.981
 7     0.728     0.537     0.427
 7    -0.683     0.514     0.519
 7     0.060    -0.668     0.741
 8   110.759   -27.177    27.185
 8    -0.212    -0.213     0.954
 8     0.305     0.913     0.270
 8    -0.928     0.348    -0.128
 9   133.519   -29.640    45.778
 9     0.452     0.720    -0.534
 9     0.158     0.519     0.837
 9     0.878    -0.460     0.120
 2    99.398   -21.840    59.237
 2     0.682    -0.732    -0.003
 2     0.731     0.680     0.050
 2    -0.034    -0.037     0.999
 3   105.997    -5.378     9.479
 3     0.223    -0.133     0.966
 3     0.015     0.991     0.133
 3    -0.975    -0.015     0.223
 4   117.944    14.205    -0.661
 4     0.833    -0.513     0.208
 4     0.529     0.630    -0.568
 4     0.160     0.582     0.796
 5   116.691    22.474    25.575
 5     0.473    -0.330     0.819
 5     0.197    -0.865    -0.460
 5     0.859     0.377    -0.344
 6   130.818    26.714    46.264
 6     0.466    -0.853    -0.245
 6    -0.044     0.248    -0.966
 6     0.883     0.459     0.077
 7   117.202   -18.782    -0.927
 7     0.728     0.538     0.427
 7    -0.683     0.514     0.518
 7     0.059    -0.668     0.741
 8   110.761   -27.172    27.202
 8    -0.215    -0.213     0.953
 8     0.307     0.912     0.271
 8    -0.927     0.350    -0.130
 9   133.510   -29.641    45.791
 9     0.454     0.719    -0.534
 9     0.161     0.518     0.837
 9     0.876    -0.464     0.119
 2    99.348   -21.840    59.237
 2     0.681    -0.733    -0.003
 2     0.731     0.679     0.050
 2    -0.034    -0.037     0.999
 3   105.997    -5.378     9.479
 3     0.222    -0.134     0.966
 3     0.015     0.991     0.134
 3    -0.975    -0.015     0.222
 4   117.919    14.205    -0.661
 4     0.833    -0.514     0.208
 4     0.530     0.630    -0.568
 4     0.160     0.582     0.797
 5   116.690    22.474    25.575
 5     0.473    -0.328     0.819
 5     0.198    -0.866    -0.459
 5     0.859     0.377    -0.344
 6   130.818    26.713    46.263
 6     0.467    -0.853    -0.245
 6    -0.045     0.248    -0.966
 6     0.883     0.460     0.076
 7   117.202   -18.782    -0.927
 7     0.727     0.538     0.427
 7    -0.684     0.514     0.518
 7     0.059    -0.668     0.741
 8   110.765   -27.168    27.167
 8    -0.217    -0.213     0.953
 8     0.308     0.911     0.273
 8    -0.926     0.352    -0.132
 9   133.555   -29.592    45.747
 9     0.455     0.716    -0.536
 9     0.161     0.520     0.836
 9     0.875    -0.465     0.120
 2    99.348   -21.840    59.186
 2     0.681    -0.733    -0.003
 2     0.731     0.679     0.050
 2    -0.034    -0.037     0.999
 3   105.997    -5.327     9.479
 3     0.221    -0.135     0.966
 3     0.015     0.990     0.135
 3    -0.975    -0.015     0.221
 4   117.946    14.257    -0.664
 4     0.833    -0.514     0.208
 4     0.530     0.630    -0.568
 4     0.161     0.582     0.796
 5   116.665    22.424    25.626
 5     0.472    -0.328     0.819
 5     0.198    -0.866    -0.458
 5     0.859     0.377    -0.344
 6   130.792    26.713    46.262
 6     0.467    -0.853    -0.244
 6    -0.046     0.247    -0.967
 6     0.883     0.461     0.075
 7   117.202   -18.782    -0.978
 7     0.728     0.538     0.427
 7    -0.683     0.514     0.518
 7     0.059    -0.668     0.741
 8   110.716   -27.169    27.116
 8    -0.217    -0.212     0.953
 8     0.309     0.912     0.271
 8    -0.926     0.352    -0.132
 9   133.554   -29.592    45.695
 9     0.455     0.716    -0.537
 9     0.161     0.521     0.835
 9     0.875    -0.464     0.121
 2    99.348   -21.840    59.186
 2     0.681    -0.733    -0.003
 2     0.731     0.679     0.050
 2    -0.034    -0.037     0.999
 3   105.995    -5.326     9.478
 3     0.221    -0.135     0.966
 3     0.016     0.990     0.135
 3    -0.975    -0.015     0.221
 4   117.948    14.257    -0.615
 4     0.833    -0.514     0.207
 4     0.529     0.629    -0.568
 4     0.162     0.582     0.796
 5   116.659    22.473    25.628
 5     0.474    -0.325     0.819
 5     0.197    -0.868    -0.456
 5     0.858     0.376    -0.348
 6   130.793    26.713    46.263
 6     0.467    -0.853    -0.244
 6    -0.045     0.247    -0.967
 6     0.883     0.461     0.076
 7   117.202   -18.782    -0.978
 7     0.728     0.538     0.427
 7    -0.683     0.514     0.518
 7     0.059    -0.668     0.741
 8   110.763   -27.229    27.010
 8    -0.212    -0.212     0.954
 8     0.308     0.912     0.269
 8    -0.928     0.350    -0.127
 9   133.608   -29.591    45.689
 9     0.453     0.716    -0.538
 9     0.161     0.523     0.834
 9     0.876    -0.462     0.121
 2    99.348   -21.840    59.186
 2     0.682    -0.732    -0.003
 2     0.731     0.680     0.050
 2    -0.034    -0.037     0.999
 3   105.990    -5.325     9.472
 3     0.220    -0.135     0.966
 3     0.017     0.990     0.135
 3    -0.975    -0.013     0.220
 4   117.947    14.309    -0.667
 4     0.832    -0.515     0.208
 4     0.530     0.628    -0.569
 4     0.162     0.583     0.795
 5   116.654    22.470    25.581
 5     0.477    -0.324     0.818
 5     0.195    -0.869    -0.454
 5     0.857     0.375    -0.351
 6   130.792    26.663    46.262
 6     0.466    -0.853    -0.244
 6    -0.045     0.247    -0.967
 6     0.883     0.460     0.075
 7   117.251   -18.731    -1.030
 7     0.729     0.537     0.426
 7    -0.682     0.515     0.518
 7     0.059    -0.667     0.741
 8   110.872   -27.283    26.866
 8    -0.207    -0.215     0.955
 8     0.308     0.912     0.271
 8    -0.928     0.349    -0.122
 9   133.572   -29.588    45.618
 9     0.450     0.716    -0.541
 9     0.159     0.527     0.832
 9     0.879    -0.458     0.122
 2    99.348   -21.840    59.186
 2     0.682    -0.732    -0.003
 2     0.731     0.680     0.050
 2    -0.034    -0.037     0.999
 3   106.008    -5.274     9.441
 3     0.219    -0.131     0.967
 3     0.018     0.991     0.129
 3    -0.975    -0.011     0.220
 4   118.102    14.361    -0.704
 4     0.834    -0.511     0.207
 4     0.526     0.625    -0.578
 4     0.165     0.590     0.789
 5   116.525    22.735    25.117
 5     0.461    -0.343     0.819
 5     0.194    -0.861    -0.468
 5     0.865     0.374    -0.330
 6   130.017    27.201    46.190
 6     0.419    -0.872    -0.261
 6    -0.014     0.276    -0.960
 6     0.908     0.404     0.101
 7   117.557   -18.673    -1.168
 7     0.735     0.532     0.421
 7    -0.675     0.517     0.526
 7     0.062    -0.670     0.739
 8   110.477   -27.980    25.781
 8    -0.140    -0.268     0.953
 8     0.329     0.896     0.299
 8    -0.934     0.354    -0.037
 9   131.012   -31.489    45.326
 9     0.351     0.745    -0.573
 9     0.103     0.573     0.811
 9     0.930    -0.340     0.123
 2    99.348   -21.840    59.186
 2     0.682    -0.732    -0.003
 2     0.731     0.680     0.050
 2    -0.034    -0.037     0.999
 3   106.146    -5.227     9.348
 3     0.219    -0.132     0.967
 3     0.019     0.991     0.131
 3    -0.976    -0.010     0.219
 4   118.281    14.443    -0.944
 4     0.829    -0.517     0.211
 4     0.532     0.618    -0.578
 4     0.168     0.591     0.788
 5   114.609    24.447    22.950
 5     0.325    -0.386     0.865
 5     0.280    -0.833    -0.476
 5     0.903     0.395    -0.162
