% Calibrated with leiden_pols
% Positions are in centimeters
Data =[
 2    96.775   -19.300    59.023
 2    -0.255    -0.967     0.003
 2     0.966    -0.254     0.033
 2    -0.033     0.011     0.999
 3   133.928    -4.934     3.292
 3     0.333    -0.075    -0.940
 3     0.246     0.969     0.010
 3     0.910    -0.235     0.341
 4   124.629    12.282    -3.485
 4     0.633    -0.774     0.036
 4     0.687     0.538    -0.488
 4     0.357     0.333     0.872
 5   121.197    17.989    20.430
 5     0.155    -0.528     0.836
 5     0.135    -0.826    -0.546
 5     0.979     0.196    -0.055
 6   126.579    24.131    43.174
 6     0.131    -0.965    -0.229
 6     0.104     0.240    -0.965
 6     0.986     0.102     0.129
 7   121.708   -22.343    -3.085
 7     0.188     0.938     0.291
 7    -0.937     0.081     0.339
 7     0.295    -0.336     0.894
 8   122.645   -24.849    22.503
 8     0.324     0.408     0.855
 8    -0.050    -0.894     0.444
 8     0.945    -0.185    -0.268
 9   129.462   -30.317    44.068
 9     0.211     0.964    -0.164
 9    -0.088     0.183     0.979
 9     0.973    -0.192     0.121
 2    96.776   -19.300    59.023
 2    -0.255    -0.967     0.003
 2     0.966    -0.255     0.033
 2    -0.033     0.010     0.999
 3   133.897    -4.937     3.273
 3     0.336    -0.076    -0.939
 3     0.244     0.969     0.010
 3     0.909    -0.234     0.344
 4   124.552    12.282    -3.487
 4     0.631    -0.775     0.040
 4     0.688     0.535    -0.489
 4     0.357     0.336     0.871
 5   121.045    17.917    20.385
 5     0.150    -0.524     0.839
 5     0.137    -0.829    -0.541
 5     0.979     0.194    -0.051
 6   126.384    24.232    43.189
 6     0.131    -0.969    -0.210
 6     0.106     0.222    -0.969
 6     0.985     0.104     0.130
 7   121.639   -22.394    -2.988
 7     0.184     0.938     0.292
 7    -0.937     0.078     0.340
 7     0.297    -0.336     0.894
 8   122.556   -24.797    22.544
 8     0.321     0.401     0.859
 8    -0.051    -0.897     0.437
 8     0.946    -0.182    -0.267
 9   129.412   -30.367    44.119
 9     0.214     0.963    -0.164
 9    -0.089     0.183     0.979
 9     0.973    -0.194     0.122
 2    96.825   -19.300    59.023
 2    -0.256    -0.967     0.003
 2     0.966    -0.255     0.033
 2    -0.033     0.011     0.999
 3   133.897    -4.938     3.273
 3     0.337    -0.075    -0.938
 3     0.244     0.969     0.010
 3     0.909    -0.234     0.345
 4   124.497    12.281    -3.430
 4     0.631    -0.775     0.042
 4     0.689     0.534    -0.489
 4     0.355     0.337     0.871
 5   121.018    17.920    20.391
 5     0.147    -0.519     0.843
 5     0.139    -0.832    -0.536
 5     0.979     0.194    -0.048
 6   126.383    24.233    43.238
 6     0.132    -0.970    -0.207
 6     0.107     0.219    -0.970
 6     0.985     0.105     0.130
 7   121.565   -22.386    -2.891
 7     0.182     0.937     0.298
 7    -0.934     0.070     0.350
 7     0.307    -0.341     0.888
 8   122.492   -24.734    22.421
 8     0.300     0.388     0.873
 8    -0.049    -0.906     0.418
 8     0.953    -0.166    -0.252
 9   129.281   -30.432    44.240
 9     0.213     0.968    -0.138
 9    -0.097     0.159     0.982
 9     0.972    -0.196     0.125
 2    96.775   -19.300    59.023
 2    -0.255    -0.967     0.003
 2     0.966    -0.255     0.033
 2    -0.033     0.011     0.999
 3   133.825    -4.946     3.326
 3     0.346    -0.073    -0.935
 3     0.246     0.969     0.015
 3     0.905    -0.236     0.353
 4   124.162    12.246    -3.159
 4     0.637    -0.768     0.074
 4     0.689     0.523    -0.500
 4     0.345     0.369     0.863
 5   121.243    17.698    20.138
 5     0.143    -0.489     0.861
 5     0.173    -0.844    -0.506
 5     0.974     0.220    -0.035
 6   125.933    25.430    42.669
 6     0.087    -0.973    -0.217
 6     0.155     0.226    -0.962
 6     0.984     0.049     0.168
 7   121.416   -22.307    -2.566
 7     0.185     0.930     0.318
 7    -0.924     0.054     0.378
 7     0.334    -0.363     0.869
 8   122.574   -26.150    22.328
 8     0.287     0.274     0.918
 8    -0.165    -0.930     0.327
 8     0.943    -0.244    -0.221
 9   128.799   -34.851    43.096
 9     0.197     0.974    -0.111
 9    -0.211     0.150     0.966
 9     0.957    -0.166     0.233
 2    96.775   -19.300    59.023
 2    -0.255    -0.967     0.003
 2     0.966    -0.255     0.033
 2    -0.033     0.011     0.999
 3   133.718    -5.055     3.392
 3     0.354    -0.060    -0.933
 3     0.243     0.969     0.030
 3     0.903    -0.238     0.357
 4   124.037    12.239    -3.135
 4     0.638    -0.765     0.086
 4     0.692     0.522    -0.498
 4     0.336     0.377     0.863
 5   120.126    20.010    19.445
 5     0.122    -0.383     0.916
 5     0.336    -0.853    -0.400
 5     0.934     0.354     0.025
 6   124.643    31.239    40.504
 6     0.071    -0.977    -0.204
 6     0.293     0.214    -0.932
 6     0.953     0.005     0.299
 7   120.851   -22.156    -2.303
 7     0.167     0.924     0.345
 7    -0.935     0.037     0.351
 7     0.312    -0.381     0.870
 8   121.840   -29.760    21.552
 8     0.302     0.108     0.948
 8    -0.379    -0.899     0.221
 8     0.875    -0.425    -0.229
 9   127.857   -42.840    39.523
 9     0.204     0.978    -0.027
 9    -0.405     0.108     0.908
 9     0.891    -0.175     0.417
 2    96.750   -19.300    59.023
 2    -0.256    -0.967     0.003
 2     0.966    -0.255     0.033
 2    -0.033     0.010     0.999
 3   133.647    -5.109     3.443
 3     0.357    -0.050    -0.933
 3     0.238     0.970     0.039
 3     0.903    -0.237     0.358
 4   123.808    11.993    -3.151
 4     0.640    -0.762     0.106
 4     0.701     0.521    -0.487
 4     0.315     0.385     0.867
 5   119.770    22.621    17.997
 5     0.135    -0.293     0.947
 5     0.510    -0.800    -0.319
 5     0.849     0.524     0.041
 6   125.393    37.215    36.579
 6     0.099    -0.965    -0.245
 6     0.438     0.261    -0.861
 6     0.893    -0.022     0.446
 7   120.432   -22.053    -2.414
 7     0.174     0.910     0.375
 7    -0.945     0.047     0.323
 7     0.277    -0.411     0.869
 8   121.482   -32.775    20.129
 8     0.305     0.016     0.952
 8    -0.530    -0.828     0.182
 8     0.791    -0.560    -0.244
 9   127.305   -48.779    35.215
 9     0.202     0.979    -0.016
 9    -0.550     0.125     0.826
 9     0.810    -0.158     0.562
 2    96.751   -19.300    59.023
 2    -0.255    -0.967     0.002
 2     0.966    -0.255     0.033
 2    -0.033     0.010     0.999
 3   133.712    -5.236     3.328
 3     0.357    -0.038    -0.933
 3     0.232     0.971     0.050
 3     0.905    -0.235     0.355
 4   123.608    11.608    -3.607
 4     0.659    -0.738     0.149
 4     0.708     0.541    -0.452
 4     0.253     0.403     0.879
 5   119.774    25.147    15.812
 5     0.154    -0.243     0.958
 5     0.652    -0.704    -0.282
 5     0.742     0.667     0.050
 6   126.165    42.627    31.188
 6     0.130    -0.952    -0.281
 6     0.576     0.300    -0.761
 6     0.807    -0.063     0.584
 7   120.097   -21.856    -2.525
 7     0.178     0.896     0.407
 7    -0.956     0.059     0.288
 7     0.234    -0.440     0.867
 8   120.836   -35.264    18.281
 8     0.301    -0.055     0.952
 8    -0.659    -0.734     0.165
 8     0.689    -0.677    -0.257
 9   126.333   -53.633    30.317
 9     0.198     0.980    -0.006
 9    -0.671     0.139     0.729
 9     0.714    -0.140     0.685
 2    96.776   -19.300    59.023
 2    -0.255    -0.967     0.002
 2     0.966    -0.255     0.033
 2    -0.033     0.010     0.999
 3   133.787    -5.313     3.302
 3     0.357    -0.034    -0.933
 3     0.230     0.972     0.053
 3     0.905    -0.234     0.355
 4   123.322    11.161    -4.161
 4     0.682    -0.709     0.185
 4     0.708     0.575    -0.407
 4     0.182     0.407     0.894
 5   119.736    27.365    12.819
 5     0.169    -0.216     0.962
 5     0.768    -0.584    -0.264
 5     0.617     0.783     0.067
 6   127.090    46.752    25.042
 6     0.162    -0.930    -0.333
 6     0.686     0.345    -0.641
 6     0.709    -0.125     0.692
 7   119.845   -21.558    -2.767
 7     0.195     0.875     0.444
 7    -0.964     0.086     0.251
 7     0.182    -0.476     0.860
 8   120.444   -37.384    15.960
 8     0.304    -0.105     0.947
 8    -0.762    -0.623     0.175
 8     0.571    -0.775    -0.269
 9   126.015   -57.460    24.490
 9     0.211     0.977     0.013
 9    -0.774     0.158     0.614
 9     0.597    -0.141     0.789
 2    96.776   -19.351    59.023
 2    -0.255    -0.967     0.003
 2     0.966    -0.254     0.033
 2    -0.033     0.010     0.999
 3   133.831    -5.319     3.027
 3     0.363    -0.036    -0.931
 3     0.225     0.973     0.051
 3     0.904    -0.229     0.361
 4   122.936    10.751    -4.696
 4     0.693    -0.688     0.217
 4     0.711     0.601    -0.365
 4     0.121     0.406     0.905
 5   119.946    29.104     9.851
 5     0.199    -0.157     0.967
 5     0.853    -0.458    -0.250
 5     0.481     0.875     0.042
 6   128.282    49.859    18.695
 6     0.211    -0.922    -0.329
 6     0.776     0.359    -0.519
 6     0.594    -0.145     0.789
 7   119.363   -21.119    -3.195
 7     0.215     0.849     0.484
 7    -0.970     0.126     0.207
 7     0.115    -0.513     0.850
 8   120.344   -39.059    13.202
 8     0.321    -0.145     0.936
 8    -0.836    -0.507     0.208
 8     0.444    -0.850    -0.284
 9   126.040   -60.162    18.236
 9     0.234     0.971     0.038
 9    -0.852     0.185     0.490
 9     0.469    -0.147     0.871
 2    96.776   -19.300    59.023
 2    -0.255    -0.967     0.003
 2     0.966    -0.254     0.033
 2    -0.033     0.010     0.999
 3   133.978    -5.028     2.692
 3     0.376    -0.045    -0.926
 3     0.218     0.975     0.041
 3     0.900    -0.218     0.376
 4   122.386    10.509    -5.239
 4     0.691    -0.674     0.262
 4     0.721     0.621    -0.306
 4     0.044     0.400     0.915
 5   120.139    30.233     7.071
 5     0.223    -0.099     0.970
 5     0.905    -0.349    -0.243
 5     0.361     0.932     0.011
 6   129.035    51.637    12.714
 6     0.250    -0.915    -0.321
 6     0.838     0.367    -0.403
 6     0.485    -0.167     0.857
 7   119.277   -20.579    -3.467
 7     0.234     0.821     0.522
 7    -0.971     0.171     0.164
 7     0.046    -0.544     0.837
 8   120.582   -40.213    10.413
 8     0.340    -0.180     0.923
 8    -0.883    -0.397     0.248
 8     0.322    -0.900    -0.294
 9   126.797   -61.837    12.106
 9     0.260     0.964     0.050
 9    -0.902     0.224     0.368
 9     0.344    -0.141     0.928
 2    96.751   -19.300    59.023
 2    -0.255    -0.967     0.002
 2     0.966    -0.254     0.033
 2    -0.033     0.009     0.999
 3   134.082    -4.912     2.350
 3     0.388    -0.054    -0.920
 3     0.211     0.977     0.032
 3     0.897    -0.208     0.390
 4   122.055    10.117    -5.750
 4     0.693    -0.656     0.302
 4     0.720     0.644    -0.255
 4    -0.027     0.393     0.918
 5   120.332    30.736     4.895
 5     0.237    -0.051     0.970
 5     0.932    -0.269    -0.242
 5     0.273     0.961    -0.017
 6   129.574    52.353     8.447
 6     0.275    -0.915    -0.301
 6     0.872     0.366    -0.324
 6     0.403    -0.172     0.897
 7   119.346   -20.019    -3.921
 7     0.259     0.788     0.558
 7    -0.965     0.229     0.121
 7    -0.032    -0.570     0.820
 8   121.360   -40.866     7.626
 8     0.370    -0.204     0.906
 8    -0.904    -0.304     0.301
 8     0.214    -0.931    -0.296
 9   128.127   -62.333     6.324
 9     0.299     0.952     0.065
 9    -0.928     0.274     0.250
 9     0.220    -0.135     0.966
 2    96.776   -19.300    59.023
 2    -0.255    -0.967     0.003
 2     0.966    -0.254     0.033
 2    -0.033     0.010     0.999
 3   134.226    -4.641     2.204
 3     0.396    -0.064    -0.916
 3     0.215     0.976     0.025
 3     0.892    -0.208     0.400
 4   121.714     9.664    -6.338
 4     0.673    -0.659     0.338
 4     0.734     0.648    -0.198
 4    -0.089     0.380     0.920
 5   119.923    31.017     2.632
 5     0.229     0.006     0.973
 5     0.956    -0.190    -0.224
 5     0.184     0.981    -0.049
 6   128.663    53.045     3.806
 6     0.270    -0.927    -0.264
 6     0.910     0.332    -0.246
 6     0.313    -0.173     0.932
 7   119.290   -19.556    -4.277
 7     0.273     0.758     0.594
 7    -0.957     0.276     0.084
 7    -0.099    -0.591     0.800
 8   121.661   -41.098     5.360
 8     0.382    -0.231     0.895
 8    -0.914    -0.233     0.331
 8     0.133    -0.944    -0.300
 9   128.520   -62.304     1.936
 9     0.311     0.947     0.081
 9    -0.941     0.294     0.162
 9     0.130    -0.127     0.983
 2    96.776   -19.300    59.023
 2    -0.255    -0.967     0.003
 2     0.966    -0.254     0.033
 2    -0.033     0.010     0.999
 3   134.341    -4.418     1.964
 3     0.404    -0.076    -0.912
 3     0.225     0.974     0.019
 3     0.886    -0.214     0.410
 4   121.333     9.328    -6.753
 4     0.649    -0.667     0.368
 4     0.749     0.644    -0.155
 4    -0.133     0.374     0.917
 5   119.463    31.093     0.911
 5     0.214     0.033     0.976
 5     0.969    -0.132    -0.208
 5     0.122     0.991    -0.060
 6   127.905    53.328     0.553
 6     0.261    -0.935    -0.246
 6     0.932     0.308    -0.190
 6     0.251    -0.178     0.950
 7   119.474   -19.174    -4.504
 7     0.296     0.731     0.616
 7    -0.944     0.320     0.072
 7    -0.144    -0.602     0.784
 8   122.454   -41.134     3.700
 8     0.402    -0.239     0.884
 8    -0.912    -0.183     0.366
 8     0.075    -0.954    -0.291
 9   129.804   -61.718    -1.156
 9     0.334     0.941     0.044
 9    -0.940     0.330     0.086
 9     0.066    -0.070     0.995
 2    96.776   -19.351    59.023
 2    -0.255    -0.967     0.003
 2     0.966    -0.254     0.033
 2    -0.033     0.010     0.999
 3   134.437    -4.113     1.974
 3     0.405    -0.090    -0.910
 3     0.242     0.970     0.012
 3     0.881    -0.226     0.414
 4   121.167     8.893    -7.103
 4     0.631    -0.672     0.391
 4     0.756     0.642    -0.117
 4    -0.172     0.368     0.913
 5   119.446    30.795    -0.084
 5     0.214     0.088     0.973
 5     0.974    -0.088    -0.207
 5     0.067     0.992    -0.104
 6   126.996    53.116    -2.058
 6     0.265    -0.962    -0.077
 6     0.948     0.273    -0.162
 6     0.175    -0.029     0.984
 7   119.533   -18.992    -4.554
 7     0.305     0.710     0.635
 7    -0.935     0.347     0.059
 7    -0.178    -0.612     0.770
 8   123.009   -40.981     2.913
 8     0.414    -0.304     0.859
 8    -0.910    -0.155     0.384
 8     0.017    -0.940    -0.339
 9   129.424   -61.568    -2.803
 9     0.327     0.910     0.259
 9    -0.945     0.310     0.098
 9     0.010    -0.275     0.961
 2    96.776   -19.300    59.023
 2    -0.255    -0.967     0.003
 2     0.966    -0.254     0.033
 2    -0.033     0.010     0.999
 3   134.614    -4.073     1.852
 3     0.419    -0.099    -0.903
 3     0.252     0.967     0.011
 3     0.872    -0.233     0.430
 4   120.704     8.490    -6.989
 4     0.615    -0.654     0.445
 4     0.755     0.647    -0.093
 4    -0.227     0.392     0.890
 5   119.533    30.400     0.104
 5     0.203     0.300     0.932
 5     0.979    -0.052    -0.196
 5    -0.010     0.952    -0.304
 6   123.159    52.819    -3.659
 6     0.241    -0.784     0.576
 6     0.970     0.191    -0.142
 6     0.002     0.591     0.805
 7   119.349   -18.776    -4.219
 7     0.289     0.694     0.661
 7    -0.938     0.341     0.050
 7    -0.191    -0.634     0.749
 8   123.744   -40.645     4.071
 8     0.408    -0.467     0.785
 8    -0.912    -0.171     0.372
 8    -0.038    -0.867    -0.495
 9   126.704   -62.178    -1.518
 9     0.270     0.344     0.901
 9    -0.962     0.145     0.231
 9    -0.053    -0.927     0.368
 2    96.776   -19.300    59.023
 2    -0.255    -0.967     0.003
 2     0.966    -0.254     0.033
 2    -0.033     0.010     0.999
 3   134.633    -4.011     1.740
 3     0.434    -0.111    -0.894
 3     0.262     0.964     0.009
 3     0.861    -0.239     0.448
 4   120.133     8.333    -6.901
 4     0.599    -0.639     0.486
 4     0.756     0.648    -0.079
 4    -0.263     0.413     0.870
 5   119.613    30.171     0.615
 5     0.195     0.461     0.866
 5     0.980    -0.053    -0.191
 5    -0.041     0.885    -0.462
 6   121.140    52.747    -2.864
 6     0.178    -0.444     0.879
 6     0.981     0.144    -0.124
 6    -0.074     0.884     0.460
 7   119.195   -18.771    -3.968
 7     0.285     0.682     0.675
 7    -0.940     0.334     0.057
 7    -0.187    -0.651     0.735
 8   124.641   -40.233     5.263
 8     0.409    -0.587     0.700
 8    -0.911    -0.213     0.352
 8    -0.057    -0.781    -0.621
 9   126.604   -62.313     0.719
 9     0.229    -0.131     0.965
 9    -0.971     0.032     0.234
 9    -0.060    -0.991    -0.119
 2    96.776   -19.300    59.023
 2    -0.255    -0.967     0.003
 2     0.966    -0.254     0.033
 2    -0.033     0.010     0.999
 3   134.538    -3.896     1.739
 3     0.448    -0.122    -0.886
 3     0.270     0.962     0.005
 3     0.852    -0.242     0.464
 4   119.585     8.072    -6.799
 4     0.600    -0.615     0.515
 4     0.745     0.661    -0.077
 4    -0.293     0.429     0.853
 5   120.327    29.884     0.661
 5     0.207     0.566     0.798
 5     0.976    -0.062    -0.207
 5    -0.067     0.822    -0.565
 6   121.403    52.368    -2.440
 6     0.158    -0.151     0.976
 6     0.981     0.136    -0.137
 6    -0.113     0.979     0.169
 7   118.688   -18.732    -3.573
 7     0.252     0.663     0.706
 7    -0.949     0.311     0.043
 7    -0.191    -0.680     0.707
 8   125.249   -39.968     6.509
 8     0.405    -0.704     0.585
 8    -0.911    -0.256     0.322
 8    -0.077    -0.662    -0.744
 9   127.090   -62.114     3.253
 9     0.202    -0.449     0.872
 9    -0.979    -0.055     0.196
 9    -0.039    -0.892    -0.448
 2    96.775   -19.300    59.074
 2    -0.255    -0.967     0.003
 2     0.966    -0.254     0.033
 2    -0.033     0.010     0.999
 3   134.266    -4.178     1.647
 3     0.477    -0.124    -0.870
 3     0.269     0.963     0.011
 3     0.836    -0.240     0.492
 4   119.202     7.789    -6.873
 4     0.613    -0.572     0.548
 4     0.724     0.681    -0.100
 4    -0.316     0.457     0.830
 5   121.233    29.591     0.981
 5     0.229     0.644     0.731
 5     0.971    -0.097    -0.217
 5    -0.068     0.758    -0.647
 6   122.161    52.209    -1.439
 6     0.157     0.044     0.986
 6     0.980     0.114    -0.161
 6    -0.119     0.992    -0.025
 7   117.679   -18.416    -3.265
 7     0.185     0.629     0.755
 7    -0.958     0.284    -0.004
 7    -0.217    -0.723     0.655
 8   125.814   -39.200     7.537
 8     0.389    -0.818     0.425
 8    -0.917    -0.302     0.257
 8    -0.083    -0.489    -0.868
 9   127.424   -61.596     5.773
 9     0.164    -0.682     0.716
 9    -0.986    -0.121     0.105
 9     0.015    -0.722    -0.690
 2    96.776   -19.300    59.023
 2    -0.255    -0.967     0.003
 2     0.966    -0.254     0.033
 2    -0.033     0.010     0.999
 3   133.880    -4.127     1.378
 3     0.503    -0.135    -0.854
 3     0.262     0.965     0.003
 3     0.823    -0.226     0.520
 4   118.635     7.958    -6.737
 4     0.603    -0.553     0.578
 4     0.728     0.674    -0.115
 4    -0.326     0.489     0.808
 5   120.781    29.713     1.384
 5     0.215     0.682     0.700
 5     0.974    -0.104    -0.196
 5    -0.061     0.723    -0.687
 6   120.916    52.537    -0.713
 6     0.122     0.107     0.987
 6     0.986     0.100    -0.133
 6    -0.112     0.989    -0.093
 7   117.281   -18.302    -3.111
 7     0.160     0.607     0.778
 7    -0.961     0.276    -0.019
 7    -0.227    -0.745     0.627
 8   125.738   -38.906     7.593
 8     0.374    -0.840     0.394
 8    -0.924    -0.304     0.229
 8    -0.074    -0.449    -0.890
 9   127.112   -61.383     6.663
 9     0.142    -0.723     0.679
 9    -0.989    -0.136     0.057
 9     0.052    -0.678    -0.731
 2    96.776   -19.300    59.023
 2    -0.255    -0.967     0.003
 2     0.966    -0.254     0.033
 2    -0.033     0.010     0.999
 3   133.652    -3.993     1.309
 3     0.522    -0.144    -0.841
 3     0.262     0.964    -0.002
 3     0.811    -0.220     0.541
 4   118.295     7.951    -6.714
 4     0.589    -0.549     0.596
 4     0.734     0.669    -0.110
 4    -0.338     0.501     0.795
 5   120.331    29.668     1.377
 5     0.196     0.703     0.684
 5     0.978    -0.092    -0.183
 5    -0.066     0.705    -0.705
 6   120.072    52.625    -0.639
 6     0.099     0.143     0.985
 6     0.989     0.097    -0.113
 6    -0.111     0.985    -0.131
 7   116.704   -18.145    -2.980
 7     0.122     0.577     0.808
 7    -0.962     0.267    -0.046
 7    -0.243    -0.772     0.587
 8   125.229   -39.033     7.470
 8     0.343    -0.874     0.346
 8    -0.935    -0.284     0.211
 8    -0.087    -0.395    -0.914
 9   126.155   -61.492     6.906
 9     0.110    -0.777     0.622
 9    -0.992    -0.123     0.018
 9     0.061    -0.617    -0.783
 2    96.776   -19.300    59.023
 2    -0.255    -0.967     0.003
 2     0.966    -0.254     0.033
 2    -0.033     0.010     0.999
 3   133.441    -4.211     0.880
 3     0.562    -0.135    -0.816
 3     0.246     0.969     0.011
 3     0.789    -0.208     0.578
 4   117.876     8.203    -6.495
 4     0.585    -0.531     0.616
 4     0.736     0.663    -0.128
 4    -0.340     0.528     0.777
 5   120.423    29.770     2.135
 5     0.203     0.727     0.656
 5     0.978    -0.119    -0.169
 5    -0.045     0.676    -0.735
 6   120.465    52.653     0.823
 6     0.104     0.190     0.976
 6     0.990     0.069    -0.118
 6    -0.088     0.979    -0.181
 7   115.872   -18.032    -2.702
 7     0.083     0.550     0.831
 7    -0.965     0.251    -0.071
 7    -0.249    -0.797     0.551
 8   124.746   -38.897     7.604
 8     0.336    -0.895     0.295
 8    -0.937    -0.286     0.201
 8    -0.096    -0.343    -0.934
 9   125.749   -61.402     6.953
 9     0.094    -0.813     0.577
 9    -0.993    -0.112    -0.001
 9     0.065    -0.571    -0.817
 2    96.776   -19.300    59.023
 2    -0.255    -0.967     0.003
 2     0.966    -0.254     0.033
 2    -0.033     0.010     0.999
 3   133.172    -4.280     0.625
 3     0.580    -0.133    -0.804
 3     0.240     0.970     0.014
 3     0.778    -0.201     0.595
 4   117.406     8.189    -6.367
 4     0.580    -0.509     0.639
 4     0.734     0.663    -0.138
 4    -0.354     0.548     0.757
 5   120.378    29.855     1.692
 5     0.207     0.737     0.644
 5     0.976    -0.112    -0.184
 5    -0.063     0.666    -0.742
 6   120.458    52.772    -0.641
 6     0.108     0.199     0.974
 6     0.986     0.100    -0.129
 6    -0.122     0.975    -0.185
 7   115.670   -17.937    -2.763
 7     0.092     0.539     0.837
 7    -0.960     0.269    -0.069
 7    -0.263    -0.798     0.542
 8   124.378   -39.104     6.704
 8     0.330    -0.894     0.304
 8    -0.936    -0.267     0.229
 8    -0.125    -0.360    -0.924
 9   125.332   -61.605     5.446
 9     0.089    -0.809     0.582
 9    -0.995    -0.091     0.021
 9     0.035    -0.580    -0.812
 2    96.776   -19.300    59.023
 2    -0.255    -0.967     0.003
 2     0.966    -0.254     0.033
 2    -0.033     0.010     0.999
 3   133.039    -4.230     0.642
 3     0.581    -0.132    -0.804
 3     0.247     0.968     0.021
 3     0.775    -0.211     0.594
 4   117.360     8.037    -6.408
 4     0.585    -0.487     0.651
 4     0.719     0.680    -0.139
 4    -0.375     0.548     0.746
 5   120.934    29.704     0.611
 5     0.229     0.742     0.631
 5     0.967    -0.101    -0.229
 5    -0.106     0.662    -0.741
 6   121.394    52.399    -2.692
 6     0.127     0.210     0.970
 6     0.978     0.136    -0.156
 6    -0.164     0.968    -0.188
 7   115.941   -17.998    -2.730
 7     0.114     0.511     0.852
 7    -0.950     0.307    -0.058
 7    -0.292    -0.803     0.520
 8   123.889   -39.775     4.278
 8     0.311    -0.893     0.328
 8    -0.925    -0.205     0.319
 8    -0.218    -0.402    -0.889
 9   124.063   -62.069    -0.452
 9     0.065    -0.791     0.610
 9    -0.994     0.004     0.105
 9    -0.086    -0.611    -0.785
 2    96.776   -19.300    59.023
 2    -0.255    -0.967     0.003
 2     0.966    -0.254     0.033
 2    -0.033     0.010     0.999
 3   133.074    -4.229     0.612
 3     0.581    -0.139    -0.803
 3     0.260     0.965     0.022
 3     0.771    -0.222     0.596
 4   116.949     7.662    -6.472
 4     0.591    -0.424     0.688
 4     0.680     0.717    -0.143
 4    -0.433     0.552     0.711
 5   121.752    29.670    -3.998
 5     0.279     0.754     0.596
 5     0.916    -0.024    -0.398
 5    -0.286     0.656    -0.697
 6   123.578    50.546   -13.029
 6     0.200     0.222     0.955
 6     0.899     0.348    -0.267
 6    -0.390     0.911    -0.129
 7   115.559   -17.767    -2.665
 7     0.144     0.458     0.877
 7    -0.917     0.393    -0.055
 7    -0.371    -0.797     0.477
 8   123.251   -39.606    -1.581
 8     0.334    -0.868     0.368
 8    -0.843    -0.101     0.527
 8    -0.421    -0.486    -0.766
 9   123.813   -59.848   -12.986
 9     0.089    -0.739     0.669
 9    -0.925     0.188     0.327
 9    -0.368    -0.647    -0.667
 2    96.776   -19.300    59.023
 2    -0.255    -0.967     0.003
 2     0.966    -0.254     0.033
 2    -0.033     0.010     0.999
 3   132.730    -4.153     0.510
 3     0.581    -0.147    -0.801
 3     0.274     0.961     0.024
 3     0.766    -0.234     0.598
 4   116.392     7.306    -6.607
 4     0.625    -0.360     0.695
 4     0.615     0.772    -0.155
 4    -0.481     0.524     0.702
 5   123.120    27.897    -9.481
 5     0.383     0.751     0.540
 5     0.782     0.047    -0.620
 5    -0.492     0.658    -0.569
 6   127.135    44.684   -24.208
 6     0.313     0.244     0.919
 6     0.718     0.573    -0.394
 6    -0.621     0.782     0.005
 7   114.856   -17.254    -2.821
 7     0.188     0.387     0.902
 7    -0.858     0.511    -0.040
 7    -0.477    -0.767     0.428
 8   124.333   -37.330    -6.965
 8     0.417    -0.845     0.334
 8    -0.701    -0.066     0.710
 8    -0.578    -0.530    -0.620
 9   126.643   -54.314   -22.714
 9     0.181    -0.725     0.668
 9    -0.795     0.292     0.529
 9    -0.578    -0.624    -0.523
 2    96.775   -19.300    59.074
 2    -0.255    -0.967     0.003
 2     0.966    -0.254     0.033
 2    -0.033     0.010     0.999
 3   132.351    -3.845     0.427
 3     0.576    -0.182    -0.797
 3     0.298     0.954    -0.001
 3     0.761    -0.237     0.604
 4   115.952     7.017    -6.875
 4     0.656    -0.313     0.688
 4     0.553     0.818    -0.157
 4    -0.514     0.483     0.708
 5   124.645    25.290   -13.094
 5     0.462     0.775     0.433
 5     0.638     0.047    -0.767
 5    -0.615     0.629    -0.473
 6   129.612    38.618   -30.583
 6     0.376     0.337     0.866
 6     0.551     0.671    -0.495
 6    -0.744     0.661     0.068
 7   114.746   -16.805    -3.150
 7     0.225     0.353     0.908
 7    -0.818     0.574    -0.021
 7    -0.530    -0.738     0.418
 8   125.265   -35.334    -9.428
 8     0.469    -0.831     0.300
 8    -0.606    -0.056     0.793
 8    -0.643    -0.553    -0.530
 9   128.313   -50.443   -27.103
 9     0.227    -0.720     0.659
 9    -0.709     0.342     0.615
 9    -0.668    -0.604    -0.433
 2    96.778   -19.299    59.020
 2    -0.255    -0.967     0.003
 2     0.966    -0.254     0.032
 2    -0.032     0.010     0.999
 3   132.433    -3.637     0.371
 3     0.571    -0.202    -0.797
 3     0.318     0.947    -0.011
 3     0.757    -0.248     0.604
 4   115.915     6.546    -7.205
 4     0.665    -0.292     0.689
 4     0.518     0.843    -0.144
 4    -0.539     0.452     0.710
 5   125.220    23.216   -15.390
 5     0.490     0.796     0.358
 5     0.537     0.046    -0.841
 5    -0.686     0.604    -0.405
 6   130.390    33.621   -34.612
 6     0.395     0.401     0.830
 6     0.418     0.726    -0.544
 6    -0.818     0.559     0.120
 7   114.657   -16.727    -3.333
 7     0.247     0.334     0.910
 7    -0.788     0.614    -0.012
 7    -0.563    -0.715     0.415
 8   125.897   -33.783   -11.465
 8     0.510    -0.819     0.265
 8    -0.512    -0.043     0.857
 8    -0.691    -0.573    -0.441
 9   129.796   -46.072   -30.991
 9     0.274    -0.718     0.644
 9    -0.598     0.396     0.694
 9    -0.753    -0.572    -0.320
 2    96.777   -19.299    59.071
 2    -0.255    -0.967     0.004
 2     0.966    -0.254     0.032
 2    -0.032     0.011     0.999
 3   132.111    -3.617     0.087
 3     0.573    -0.228    -0.788
 3     0.338     0.940    -0.024
 3     0.746    -0.253     0.615
 4   115.351     6.152    -7.386
 4     0.669    -0.271     0.693
 4     0.485     0.864    -0.132
 4    -0.563     0.424     0.708
 5   125.263    21.206   -17.017
 5     0.513     0.817     0.267
 5     0.437     0.019    -0.899
 5    -0.739     0.577    -0.347
 6   130.488    29.048   -37.347
 6     0.403     0.476     0.787
 6     0.294     0.745    -0.595
 6    -0.867     0.468     0.159
 7   114.129   -16.579    -3.565
 7     0.265     0.305     0.915
 7    -0.754     0.657    -0.001
 7    -0.602    -0.689     0.403
 8   126.088   -31.991   -13.163
 8     0.542    -0.811     0.220
 8    -0.424    -0.038     0.905
 8    -0.726    -0.584    -0.364
 9   130.328   -41.792   -34.064
 9     0.304    -0.729     0.618
 9    -0.487     0.437     0.754
 9    -0.819    -0.527    -0.223
 2    96.778   -19.299    59.020
 2    -0.255    -0.967     0.005
 2     0.966    -0.254     0.032
 2    -0.032     0.011     0.999
 3   131.665    -3.530    -0.355
 3     0.586    -0.246    -0.773
 3     0.340     0.939    -0.039
 3     0.735    -0.241     0.633
 4   114.385     6.120    -7.444
 4     0.669    -0.245     0.702
 4     0.462     0.875    -0.136
 4    -0.582     0.416     0.698
 5   125.150    19.874   -17.908
 5     0.524     0.833     0.177
 5     0.365    -0.033    -0.930
 5    -0.769     0.552    -0.322
 6   130.376    25.385   -39.076
 6     0.396     0.567     0.728
 6     0.188     0.722    -0.662
 6    -0.899     0.396     0.178
 7   113.432   -16.424    -3.746
 7     0.276     0.270     0.922
 7    -0.725     0.688     0.016
 7    -0.631    -0.673     0.385
 8   126.112   -30.388   -14.478
 8     0.569    -0.804     0.175
 8    -0.342    -0.038     0.939
 8    -0.748    -0.594    -0.296
 9   130.793   -37.510   -36.660
 9     0.330    -0.740     0.592
 9    -0.359     0.479     0.798
 9    -0.873    -0.473    -0.109
 2    96.781   -19.297    59.013
 2    -0.255    -0.967     0.006
 2     0.966    -0.254     0.031
 2    -0.030     0.013     0.999
 3   131.106    -3.461    -0.630
 3     0.591    -0.263    -0.763
 3     0.348     0.935    -0.051
 3     0.727    -0.236     0.644
 4   113.446     5.864    -7.433
 4     0.675    -0.227     0.702
 4     0.436     0.890    -0.132
 4    -0.595     0.395     0.699
 5   125.131    17.806   -18.899
 5     0.545     0.835     0.074
 5     0.262    -0.086    -0.961
 5    -0.796     0.543    -0.266
 6   130.590    20.036   -40.674
 6     0.395     0.660     0.645
 6     0.028     0.687    -0.722
 6    -0.918     0.301     0.250
 7   112.987   -16.605    -3.910
 7     0.297     0.241     0.924
 7    -0.703     0.709     0.041
 7    -0.646    -0.663     0.379
 8   126.559   -29.242   -15.224
 8     0.601    -0.790     0.124
 8    -0.266    -0.051     0.962
 8    -0.754    -0.611    -0.241
 9   131.388   -33.184   -38.276
 9     0.348    -0.774     0.532
 9    -0.200     0.490     0.846
 9    -0.916    -0.400     0.013
 2    96.756   -19.297    59.013
 2    -0.255    -0.967     0.007
 2     0.966    -0.254     0.031
 2    -0.030     0.014     0.999
 3   130.666    -3.413    -0.800
 3     0.593    -0.276    -0.757
 3     0.351     0.933    -0.063
 3     0.724    -0.229     0.650
 4   112.913     5.753    -7.461
 4     0.676    -0.222     0.703
 4     0.428     0.894    -0.130
 4    -0.600     0.389     0.699
 5   125.151    16.847   -19.135
 5     0.559     0.828     0.013
 5     0.211    -0.126    -0.969
 5    -0.801     0.545    -0.246
 6   130.683    17.282   -41.214
 6     0.382     0.724     0.580
 6    -0.065     0.641    -0.762
 6    -0.922     0.252     0.288
 7   112.743   -16.536    -4.206
 7     0.313     0.220     0.924
 7    -0.684     0.727     0.058
 7    -0.659    -0.650     0.378
 8   126.563   -27.859   -16.232
 8     0.610    -0.788     0.082
 8    -0.196    -0.049     0.979
 8    -0.768    -0.614    -0.184
 9   131.053   -29.158   -39.922
 9     0.344    -0.790     0.513
 9    -0.083     0.514     0.851
 9    -0.935    -0.334     0.109
 2    96.783   -19.297    59.061
 2    -0.255    -0.967     0.007
 2     0.966    -0.254     0.031
 2    -0.029     0.014     0.999
 3   130.154    -3.368    -1.154
 3     0.598    -0.286    -0.750
 3     0.348     0.934    -0.077
 3     0.722    -0.216     0.657
 4   112.139     5.889    -7.330
 4     0.674    -0.203     0.711
 4     0.417     0.897    -0.141
 4    -0.609     0.391     0.689
 5   124.866    16.087   -19.378
 5     0.567     0.823    -0.036
 5     0.160    -0.152    -0.975
 5    -0.808     0.547    -0.218
 6   130.219    14.099   -41.768
 6     0.355     0.787     0.508
 6    -0.185     0.588    -0.786
 6    -0.917     0.185     0.351
 7   111.850   -16.371    -4.294
 7     0.321     0.212     0.923
 7    -0.667     0.742     0.061
 7    -0.672    -0.636     0.379
 8   126.178   -26.496   -16.922
 8     0.620    -0.782     0.055
 8    -0.127    -0.030     0.991
 8    -0.774    -0.622    -0.118
 9   130.510   -24.957   -41.085
 9     0.337    -0.818     0.469
 9     0.040     0.507     0.859
 9    -0.941    -0.271     0.201
 2    96.783   -19.297    59.061
 2    -0.254    -0.967     0.007
 2     0.966    -0.253     0.031
 2    -0.029     0.014     0.999
 3   129.396    -3.246    -1.412
 3     0.600    -0.312    -0.738
 3     0.357     0.928    -0.100
 3     0.715    -0.204     0.668
 4   111.138     5.695    -7.219
 4     0.669    -0.194     0.718
 4     0.411     0.900    -0.140
 4    -0.619     0.389     0.682
 5   124.369    15.072   -19.593
 5     0.573     0.815    -0.083
 5     0.105    -0.172    -0.979
 5    -0.813     0.552    -0.184
 6   129.679    10.639   -42.014
 6     0.326     0.835     0.445
 6    -0.294     0.534    -0.792
 6    -0.899     0.127     0.417
 7   111.341   -16.425    -4.273
 7     0.336     0.195     0.921
 7    -0.651     0.755     0.077
 7    -0.681    -0.626     0.380
 8   126.075   -25.326   -17.468
 8     0.626    -0.780     0.017
 8    -0.067    -0.030     0.997
 8    -0.776    -0.626    -0.071
 9   130.112   -21.742   -41.540
 9     0.330    -0.838     0.438
 9     0.128     0.497     0.857
 9    -0.935    -0.227     0.270
 2    96.758   -19.297    59.010
 2    -0.254    -0.967     0.008
 2     0.966    -0.253     0.031
 2    -0.029     0.015     0.999
 3   128.972    -3.306    -1.646
 3     0.609    -0.320    -0.728
 3     0.356     0.927    -0.108
 3     0.709    -0.193     0.677
 4   110.552     5.685    -7.225
 4     0.669    -0.184     0.720
 4     0.403     0.903    -0.145
 4    -0.624     0.387     0.678
 5   124.233    14.360   -19.672
 5     0.579     0.807    -0.111
 5     0.067    -0.182    -0.981
 5    -0.812     0.561    -0.159
 6   129.461     8.338   -42.065
 6     0.310     0.859     0.410
 6    -0.369     0.503    -0.781
 6    -0.876     0.090     0.471
 7   110.803   -16.455    -4.260
 7     0.338     0.192     0.922
 7    -0.646     0.759     0.079
 7    -0.685    -0.622     0.380
 8   125.444   -24.679   -17.866
 8     0.618    -0.786     0.004
 8    -0.028    -0.016     0.999
 8    -0.785    -0.618    -0.032
 9   129.084   -19.519   -42.116
 9     0.305    -0.860     0.411
 9     0.205     0.479     0.853
 9    -0.930    -0.176     0.321
 2    96.759   -19.297    59.010
 2    -0.253    -0.968     0.008
 2     0.967    -0.252     0.031
 2    -0.029     0.015     0.999
 3   128.555    -3.388    -1.779
 3     0.613    -0.322    -0.723
 3     0.357     0.927    -0.108
 3     0.704    -0.192     0.682
 4   110.070     5.499    -7.132
 4     0.669    -0.178     0.722
 4     0.397     0.906    -0.146
 4    -0.628     0.384     0.676
 5   123.935    13.676   -19.850
 5     0.581     0.805    -0.122
 5     0.038    -0.175    -0.984
 5    -0.813     0.566    -0.132
 6   129.074     5.942   -42.160
 6     0.283     0.882     0.379
 6    -0.448     0.469    -0.761
 6    -0.848     0.046     0.526
 7   110.402   -16.608    -4.204
 7     0.338     0.187     0.922
 7    -0.645     0.760     0.082
 7    -0.686    -0.623     0.377
 8   125.052   -24.329   -18.043
 8     0.614    -0.790    -0.003
 8    -0.008    -0.009     1.000
 8    -0.789    -0.613    -0.011
 9   128.455   -18.479   -42.386
 9     0.293    -0.870     0.398
 9     0.241     0.469     0.849
 9    -0.925    -0.152     0.346
 2    96.759   -19.297    59.010
 2    -0.253    -0.968     0.008
 2     0.967    -0.252     0.030
 2    -0.029     0.015     0.999
 3   128.236    -3.444    -1.938
 3     0.617    -0.328    -0.716
 3     0.361     0.925    -0.111
 3     0.699    -0.191     0.689
 4   109.769     5.341    -7.171
 4     0.671    -0.174     0.721
 4     0.391     0.908    -0.146
 4    -0.630     0.380     0.677
 5   123.925    13.132   -19.929
 5     0.587     0.799    -0.129
 5     0.014    -0.168    -0.986
 5    -0.809     0.576    -0.110
 6   129.194     4.318   -41.939
 6     0.274     0.897     0.348
 6    -0.498     0.441    -0.747
 6    -0.823     0.032     0.566
 7   110.278   -16.733    -4.155
 7     0.341     0.180     0.923
 7    -0.643     0.760     0.089
 7    -0.686    -0.624     0.375
 8   124.911   -24.280   -18.072
 8     0.613    -0.790    -0.008
 8     0.002    -0.007     1.000
 8    -0.790    -0.613    -0.002
 9   128.117   -17.638   -42.426
 9     0.280    -0.882     0.382
 9     0.276     0.453     0.847
 9    -0.919    -0.131     0.369
 2    96.759   -19.297    59.010
 2    -0.253    -0.968     0.008
 2     0.967    -0.252     0.030
 2    -0.029     0.015     0.999
 3   128.136    -3.495    -1.939
 3     0.617    -0.328    -0.716
 3     0.360     0.925    -0.111
 3     0.699    -0.190     0.689
 4   109.677     5.393    -7.202
 4     0.674    -0.172     0.718
 4     0.389     0.909    -0.149
 4    -0.628     0.379     0.679
 5   124.191    12.906   -19.785
 5     0.597     0.791    -0.137
 5    -0.001    -0.168    -0.986
 5    -0.802     0.588    -0.099
 6   129.563     3.473   -41.699
 6     0.270     0.908     0.320
 6    -0.527     0.417    -0.741
 6    -0.806     0.031     0.590
 7   110.110   -16.738    -4.241
 7     0.343     0.178     0.922
 7    -0.636     0.766     0.089
 7    -0.691    -0.618     0.376
 8   125.167   -23.685   -18.275
 8     0.620    -0.784    -0.020
 8     0.030     0.000     0.999
 8    -0.784    -0.621     0.024
 9   128.616   -15.943   -42.378
 9     0.286    -0.885     0.369
 9     0.318     0.450     0.834
 9    -0.904    -0.121     0.409
 2    96.759   -19.297    59.010
 2    -0.253    -0.968     0.008
 2     0.967    -0.252     0.031
 2    -0.029     0.015     0.999
 3   128.093    -3.442    -1.947
 3     0.615    -0.328    -0.718
 3     0.360     0.925    -0.112
 3     0.701    -0.190     0.686
 4   109.687     5.449    -7.190
 4     0.677    -0.175     0.715
 4     0.391     0.908    -0.149
 4    -0.624     0.380     0.682
 5   124.445    12.861   -19.621
 5     0.605     0.784    -0.140
 5    -0.009    -0.167    -0.986
 5    -0.796     0.598    -0.094
 6   130.123     2.882   -41.248
 6     0.268     0.916     0.300
 6    -0.551     0.401    -0.732
 6    -0.791     0.030     0.611
 7   110.145   -16.613    -4.287
 7     0.349     0.176     0.920
 7    -0.630     0.771     0.092
 7    -0.694    -0.612     0.380
 8   125.369   -23.269   -18.389
 8     0.626    -0.779    -0.029
