% Calibrated with leiden_pols
% Positions are in centimeters
Data =[
 2    96.775   -19.300    59.023
 2    -0.255    -0.967     0.003
 2     0.966    -0.254     0.033
 2    -0.033     0.011     0.999
 3   133.928    -4.934     3.292
 3     0.333    -0.075    -0.940
 3     0.246     0.969     0.010
 3     0.910    -0.235     0.341
 4   124.629    12.282    -3.485
 4     0.633    -0.774     0.036
 4     0.687     0.538    -0.488
 4     0.357     0.333     0.872
 5   121.197    17.989    20.430
 5     0.155    -0.528     0.836
 5     0.135    -0.826    -0.546
 5     0.979     0.196    -0.055
 6   126.579    24.131    43.174
 6     0.131    -0.965    -0.229
 6     0.104     0.240    -0.965
 6     0.986     0.102     0.129
 7   121.708   -22.343    -3.085
 7     0.188     0.938     0.291
 7    -0.937     0.081     0.339
 7     0.295    -0.336     0.894
 8   122.645   -24.849    22.503
 8     0.324     0.408     0.855
 8    -0.050    -0.894     0.444
 8     0.945    -0.185    -0.268
 9   129.462   -30.317    44.068
 9     0.211     0.964    -0.164
 9    -0.088     0.183     0.979
 9     0.973    -0.192     0.121
 2    96.776   -19.300    59.023
 2    -0.255    -0.967     0.003
 2     0.966    -0.255     0.033
 2    -0.033     0.010     0.999
 3   133.897    -4.937     3.273
 3     0.336    -0.076    -0.939
 3     0.244     0.969     0.010
 3     0.909    -0.234     0.344
 4   124.552    12.282    -3.487
 4     0.631    -0.775     0.040
 4     0.688     0.535    -0.489
 4     0.357     0.336     0.871
 5   121.045    17.917    20.385
 5     0.150    -0.524     0.839
 5     0.137    -0.829    -0.541
 5     0.979     0.194    -0.051
 6   126.384    24.232    43.189
 6     0.131    -0.969    -0.210
 6     0.106     0.222    -0.969
 6     0.985     0.104     0.130
 7   121.639   -22.394    -2.988
 7     0.184     0.938     0.292
 7    -0.937     0.078     0.340
 7     0.297    -0.336     0.894
 8   122.556   -24.797    22.544
 8     0.321     0.401     0.859
 8    -0.051    -0.897     0.437
 8     0.946    -0.182    -0.267
 9   129.412   -30.367    44.119
 9     0.214     0.963    -0.164
 9    -0.089     0.183     0.979
 9     0.973    -0.194     0.122
 2    96.825   -19.300    59.023
 2    -0.256    -0.967     0.003
 2     0.966    -0.255     0.033
 2    -0.033     0.011     0.999
 3   133.897    -4.938     3.273
 3     0.337    -0.075    -0.938
 3     0.244     0.969     0.010
 3     0.909    -0.234     0.345
 4   124.497    12.281    -3.430
 4     0.631    -0.775     0.042
 4     0.689     0.534    -0.489
 4     0.355     0.337     0.871
 5   121.018    17.920    20.391
 5     0.147    -0.519     0.843
 5     0.139    -0.832    -0.536
 5     0.979     0.194    -0.048
 6   126.383    24.233    43.238
 6     0.132    -0.970    -0.207
 6     0.107     0.219    -0.970
 6     0.985     0.105     0.130
 7   121.565   -22.386    -2.891
 7     0.182     0.937     0.298
 7    -0.934     0.070     0.350
 7     0.307    -0.341     0.888
 8   122.492   -24.734    22.421
 8     0.300     0.388     0.873
 8    -0.049    -0.906     0.418
 8     0.953    -0.166    -0.252
 9   129.281   -30.432    44.240
 9     0.213     0.968    -0.138
 9    -0.097     0.159     0.982
 9     0.972    -0.196     0.125
 2    96.775   -19.300    59.023
 2    -0.255    -0.967     0.003
 2     0.966    -0.255     0.033
 2    -0.033     0.011     0.999
 3   133.825    -4.946     3.326
 3     0.346    -0.073    -0.935
 3     0.246     0.969     0.015
 3     0.905    -0.236     0.353
 4   124.162    12.246    -3.159
 4     0.637    -0.768     0.074
 4     0.689     0.523    -0.500
 4     0.345     0.369     0.863
 5   121.243    17.698    20.138
 5     0.143    -0.489     0.861
 5     0.173    -0.844    -0.506
 5     0.974     0.220    -0.035
 6   125.933    25.430    42.669
 6     0.087    -0.973    -0.217
 6     0.155     0.226    -0.962
 6     0.984     0.049     0.168
 7   121.416   -22.307    -2.566
 7     0.185     0.930     0.318
 7    -0.924     0.054     0.378
 7     0.334    -0.363     0.869
 8   122.574   -26.150    22.328
 8     0.287     0.274     0.918
 8    -0.165    -0.930     0.327
 8     0.943    -0.244    -0.221
 9   128.799   -34.851    43.096
 9     0.197     0.974    -0.111
 9    -0.211     0.150     0.966
 9     0.957    -0.166     0.233
 2    96.775   -19.300    59.023
 2    -0.255    -0.967     0.003
 2     0.966    -0.255     0.033
 2    -0.033     0.011     0.999
 3   133.718    -5.055     3.392
 3     0.354    -0.060    -0.933
 3     0.243     0.969     0.030
 3     0.903    -0.238     0.357
 4   124.037    12.239    -3.135
 4     0.638    -0.765     0.086
 4     0.692     0.522    -0.498
 4     0.336     0.377     0.863
 5   120.126    20.010    19.445
 5     0.122    -0.383     0.916
 5     0.336    -0.853    -0.400
 5     0.934     0.354     0.025
 6   124.643    31.239    40.504
 6     0.071    -0.977    -0.204
 6     0.293     0.214    -0.932
 6     0.953     0.005     0.299
 7   120.851   -22.156    -2.303
 7     0.167     0.924     0.345
 7    -0.935     0.037     0.351
 7     0.312    -0.381     0.870
 8   121.840   -29.760    21.552
 8     0.302     0.108     0.948
 8    -0.379    -0.899     0.221
 8     0.875    -0.425    -0.229
 9   127.857   -42.840    39.523
 9     0.204     0.978    -0.027
 9    -0.405     0.108     0.908
 9     0.891    -0.175     0.417
 2    96.750   -19.300    59.023
 2    -0.256    -0.967     0.003
 2     0.966    -0.255     0.033
 2    -0.033     0.010     0.999
 3   133.647    -5.109     3.443
 3     0.357    -0.050    -0.933
 3     0.238     0.970     0.039
 3     0.903    -0.237     0.358
 4   123.808    11.993    -3.151
 4     0.640    -0.762     0.106
 4     0.701     0.521    -0.487
 4     0.315     0.385     0.867
 5   119.770    22.621    17.997
 5     0.135    -0.293     0.947
 5     0.510    -0.800    -0.319
 5     0.849     0.524     0.041
 6   125.393    37.215    36.579
 6     0.099    -0.965    -0.245
 6     0.438     0.261    -0.861
 6     0.893    -0.022     0.446
 7   120.432   -22.053    -2.414
 7     0.174     0.910     0.375
 7    -0.945     0.047     0.323
 7     0.277    -0.411     0.869
 8   121.482   -32.775    20.129
 8     0.305     0.016     0.952
 8    -0.530    -0.828     0.182
 8     0.791    -0.560    -0.244
 9   127.305   -48.779    35.215
 9     0.202     0.979    -0.016
 9    -0.550     0.125     0.826
 9     0.810    -0.158     0.562
 2    96.751   -19.300    59.023
 2    -0.255    -0.967     0.002
 2     0.966    -0.255     0.033
 2    -0.033     0.010     0.999
 3   133.712    -5.236     3.328
 3     0.357    -0.038    -0.933
 3     0.232     0.971     0.050
 3     0.905    -0.235     0.355
 4   123.608    11.608    -3.607
 4     0.659    -0.738     0.149
 4     0.708     0.541    -0.452
 4     0.253     0.403     0.879
 5   119.774    25.147    15.812
 5     0.154    -0.243     0.958
 5     0.652    -0.704    -0.282
 5     0.742     0.667     0.050
 6   126.165    42.627    31.188
 6     0.130    -0.952    -0.281
 6     0.576     0.300    -0.761
 6     0.807    -0.063     0.584
 7   120.097   -21.856    -2.525
 7     0.178     0.896     0.407
 7    -0.956     0.059     0.288
 7     0.234    -0.440     0.867
 8   120.836   -35.264    18.281
 8     0.301    -0.055     0.952
 8    -0.659    -0.734     0.165
 8     0.689    -0.677    -0.257
 9   126.333   -53.633    30.317
 9     0.198     0.980    -0.006
 9    -0.671     0.139     0.729
 9     0.714    -0.140     0.685
 2    96.776   -19.300    59.023
 2    -0.255    -0.967     0.002
 2     0.966    -0.255     0.033
 2    -0.033     0.010     0.999
 3   133.787    -5.313     3.302
 3     0.357    -0.034    -0.933
 3     0.230     0.972     0.053
 3     0.905    -0.234     0.355
 4   123.322    11.161    -4.161
 4     0.682    -0.709     0.185
 4     0.708     0.575    -0.407
 4     0.182     0.407     0.894
 5   119.736    27.365    12.819
 5     0.169    -0.216     0.962
 5     0.768    -0.584    -0.264
 5     0.617     0.783     0.067
