% Calibrated with leiden_pols
% Positions are in centimeters
Data =[
 2    96.957   -19.286    59.026
 2    -0.078    -0.997     0.002
 2     0.996    -0.078     0.032
 2    -0.033     0.005     0.999
 3   133.222    -5.519     2.060
 3     0.474    -0.109    -0.874
 3     0.300     0.952     0.045
 3     0.828    -0.285     0.483
 4   120.064     7.175    -6.936
 4     0.776    -0.428     0.467
 4     0.569     0.791    -0.223
 4    -0.274     0.437     0.856
 5   129.585    28.018    -3.393
 5     0.711    -0.321     0.628
 5     0.696     0.195    -0.690
 5     0.098     0.927     0.360
 6   144.270    12.649     5.429
 6     0.186     0.921    -0.342
 6    -0.749     0.358     0.558
 6     0.636     0.152     0.755
 7   119.355   -20.465    -5.246
 7     0.390     0.622     0.682
 7    -0.897     0.422     0.125
 7    -0.210    -0.659     0.721
 8   131.929   -39.945     0.986
 8     0.775     0.382     0.505
 8    -0.595     0.172     0.784
 8     0.212    -0.908     0.359
 9   145.066   -21.692     7.206
 9     0.314    -0.891    -0.327
 9     0.838     0.422    -0.347
 9     0.446    -0.165     0.879
 2    96.907   -19.287    59.026
 2    -0.078    -0.997     0.002
 2     0.996    -0.078     0.032
 2    -0.033     0.005     0.999
 3   133.233    -5.411     2.172
 3     0.466    -0.110    -0.878
 3     0.302     0.952     0.042
 3     0.831    -0.285     0.477
 4   120.075     7.231    -6.848
 4     0.776    -0.430     0.463
 4     0.570     0.790    -0.224
 4    -0.269     0.436     0.857
 5   129.656    28.077    -3.063
 5     0.711    -0.324     0.625
 5     0.694     0.188    -0.694
 5     0.107     0.927     0.357
 6   144.198    12.538     5.686
 6     0.184     0.921    -0.343
 6    -0.755     0.355     0.551
 6     0.629     0.157     0.760
 7   119.364   -20.436    -5.211
 7     0.391     0.624     0.678
 7    -0.897     0.420     0.129
 7    -0.205    -0.658     0.723
 8   132.013   -39.865     1.151
 8     0.776     0.383     0.503
 8    -0.593     0.169     0.787
 8     0.216    -0.908     0.357
 9   145.052   -21.519     7.354
 9     0.312    -0.892    -0.329
 9     0.842     0.419    -0.341
 9     0.440    -0.170     0.881
 2    96.957   -19.236    59.077
 2    -0.078    -0.997     0.002
 2     0.996    -0.078     0.032
 2    -0.033     0.005     0.999
 3   133.192    -5.408     2.263
 3     0.463    -0.110    -0.880
 3     0.302     0.952     0.041
 3     0.833    -0.286     0.474
 4   120.083     7.233    -6.856
 4     0.779    -0.430     0.460
 4     0.568     0.790    -0.227
 4    -0.266     0.437     0.858
 5   129.782    27.976    -2.596
 5     0.718    -0.309     0.625
 5     0.687     0.172    -0.705
 5     0.109     0.935     0.334
 6   144.530    12.220     5.457
 6     0.205     0.924    -0.323
 6    -0.771     0.355     0.529
 6     0.603     0.140     0.785
 7   119.326   -20.507    -5.099
 7     0.392     0.625     0.677
 7    -0.898     0.417     0.133
 7    -0.200    -0.660     0.723
 8   131.945   -39.859     2.057
 8     0.783     0.341     0.521
 8    -0.587     0.128     0.799
 8     0.206    -0.931     0.299
 9   145.552   -21.636     6.345
 9     0.354    -0.890    -0.288
 9     0.859     0.430    -0.277
 9     0.369    -0.149     0.916
 2    96.907   -19.287    59.077
 2    -0.078    -0.997     0.002
 2     0.996    -0.077     0.032
 2    -0.033     0.004     0.999
 3   133.120    -5.404     2.334
 3     0.458    -0.115    -0.882
 3     0.306     0.951     0.036
 3     0.834    -0.287     0.470
 4   119.917     7.305    -6.618
 4     0.775    -0.426     0.469
 4     0.570     0.787    -0.230
 4    -0.271     0.444     0.853
 5   129.662    27.757    -1.810
 5     0.732    -0.166     0.661
 5     0.679     0.098    -0.727
 5     0.054     0.981     0.183
 6   145.696    11.872     2.668
 6     0.328     0.919    -0.222
 6    -0.810     0.393     0.435
 6     0.486     0.037     0.872
 7   119.230   -20.627    -4.948
 7     0.384     0.626     0.681
 7    -0.904     0.404     0.137
 7    -0.189    -0.667     0.719
 8   131.800   -39.813     3.188
 8     0.790     0.220     0.572
 8    -0.591     0.027     0.806
 8     0.162    -0.975     0.150
 9   146.139   -22.033     3.661
 9     0.439    -0.879    -0.187
 9     0.872     0.466    -0.145
 9     0.213    -0.099     0.971
 2    96.907   -19.287    59.026
 2    -0.078    -0.997     0.003
 2     0.996    -0.077     0.032
 2    -0.033     0.005     0.999
 3   133.069    -5.403     2.334
 3     0.457    -0.118    -0.882
 3     0.308     0.950     0.033
 3     0.834    -0.287     0.470
 4   119.706     7.238    -6.501
 4     0.773    -0.415     0.482
 4     0.565     0.791    -0.229
 4    -0.286     0.449     0.845
 5   129.789    27.454    -1.704
 5     0.740    -0.039     0.671
 5     0.672     0.052    -0.739
 5    -0.007     0.998     0.064
 6   146.460    11.662    -0.453
 6     0.410     0.901    -0.138
 6    -0.831     0.431     0.351
 6     0.375    -0.030     0.926
 7   119.324   -20.844    -4.714
 7     0.372     0.631     0.683
 7    -0.912     0.382     0.143
 7    -0.171    -0.675     0.716
 8   131.956   -39.387     5.836
 8     0.802     0.029     0.597
 8    -0.587    -0.156     0.795
 8     0.116    -0.987    -0.108
 9   146.974   -24.515    -0.656
 9     0.564    -0.824    -0.058
 9     0.817     0.547     0.177
 9    -0.116    -0.147     0.982
 2    96.907   -19.287    59.026
 2    -0.078    -0.997     0.003
 2     0.996    -0.077     0.032
 2    -0.033     0.005     0.999
 3   133.125    -5.398     2.373
 3     0.451    -0.125    -0.884
 3     0.310     0.950     0.024
 3     0.836    -0.286     0.467
 4   119.710     7.211    -6.315
 4     0.781    -0.381     0.497
 4     0.544     0.802    -0.243
 4    -0.307     0.459     0.833
 5   129.559    27.469    -2.482
 5     0.723     0.094     0.684
 5     0.685     0.031    -0.728
 5    -0.090     0.995    -0.041
 6   146.892    12.800    -4.489
 6     0.501     0.860    -0.106
 6    -0.832     0.510     0.217
 6     0.239    -0.022     0.970
 7   119.569   -20.991    -4.347
 7     0.380     0.626     0.682
 7    -0.914     0.365     0.172
 7    -0.141    -0.689     0.710
 8   132.994   -38.659     7.577
 8     0.820    -0.154     0.551
 8    -0.569    -0.311     0.761
 8     0.054    -0.938    -0.342
 9   146.677   -27.997    -5.093
 9     0.585    -0.807     0.085
 9     0.680     0.545     0.488
 9    -0.441    -0.227     0.869
 2    96.957   -19.286    59.026
 2    -0.078    -0.997     0.003
 2     0.996    -0.077     0.032
 2    -0.033     0.005     0.999
 3   133.021    -5.390     2.285
 3     0.444    -0.139    -0.886
 3     0.307     0.951     0.005
 3     0.842    -0.275     0.464
 4   119.742     7.176    -6.260
 4     0.791    -0.316     0.526
 4     0.514     0.806    -0.291
 4    -0.332     0.499     0.799
 5   129.136    27.499    -2.507
 5     0.697     0.206     0.687
 5     0.704    -0.015    -0.710
 5    -0.135     0.978    -0.154
 6   146.131    13.603    -8.240
 6     0.545     0.838     0.016
 6    -0.836     0.543     0.075
 6     0.054    -0.055     0.997
 7   119.419   -21.288    -4.227
 7     0.390     0.609     0.692
 7    -0.914     0.345     0.209
 7    -0.112    -0.714     0.690
 8   134.391   -37.158     9.385
 8     0.843    -0.310     0.440
 8    -0.538    -0.472     0.698
 8    -0.008    -0.825    -0.564
 9   144.358   -32.412    -8.248
 9     0.489    -0.828     0.277
 9     0.466     0.514     0.719
 9    -0.737    -0.222     0.637
 2    96.957   -19.286    59.026
 2    -0.078    -0.997     0.003
 2     0.996    -0.077     0.032
 2    -0.033     0.005     0.999
 3   132.886    -5.450     2.253
 3     0.453    -0.142    -0.880
 3     0.314     0.949     0.009
 3     0.834    -0.281     0.474
 4   119.774     7.256    -6.318
 4     0.798    -0.263     0.543
 4     0.493     0.800    -0.341
 4    -0.345     0.539     0.767
 5   129.219    27.454    -1.265
 5     0.673     0.377     0.638
 5     0.721    -0.141    -0.678
 5    -0.165     0.915    -0.365
