% Calibrated with leiden_pols
% Positions are in centimeters
Data =[
 2    96.957   -19.286    59.026
 2    -0.078    -0.997     0.002
 2     0.996    -0.078     0.032
 2    -0.033     0.005     0.999
 3   133.222    -5.519     2.060
 3     0.474    -0.109    -0.874
 3     0.300     0.952     0.045
 3     0.828    -0.285     0.483
 4   120.064     7.175    -6.936
 4     0.776    -0.428     0.467
 4     0.569     0.791    -0.223
 4    -0.274     0.437     0.856
 5   129.585    28.018    -3.393
 5     0.711    -0.321     0.628
 5     0.696     0.195    -0.690
 5     0.098     0.927     0.360
 6   144.270    12.649     5.429
 6     0.186     0.921    -0.342
 6    -0.749     0.358     0.558
 6     0.636     0.152     0.755
 7   119.355   -20.465    -5.246
 7     0.390     0.622     0.682
 7    -0.897     0.422     0.125
 7    -0.210    -0.659     0.721
 8   131.929   -39.945     0.986
 8     0.775     0.382     0.505
 8    -0.595     0.172     0.784
 8     0.212    -0.908     0.359
 9   145.066   -21.692     7.206
 9     0.314    -0.891    -0.327
 9     0.838     0.422    -0.347
 9     0.446    -0.165     0.879
 2    96.907   -19.287    59.026
 2    -0.078    -0.997     0.002
 2     0.996    -0.078     0.032
 2    -0.033     0.005     0.999
 3   133.233    -5.411     2.172
 3     0.466    -0.110    -0.878
 3     0.302     0.952     0.042
 3     0.831    -0.285     0.477
 4   120.075     7.231    -6.848
 4     0.776    -0.430     0.463
 4     0.570     0.790    -0.224
 4    -0.269     0.436     0.857
 5   129.656    28.077    -3.063
 5     0.711    -0.324     0.625
 5     0.694     0.188    -0.694
 5     0.107     0.927     0.357
 6   144.198    12.538     5.686
 6     0.184     0.921    -0.343
 6    -0.755     0.355     0.551
 6     0.629     0.157     0.760
 7   119.364   -20.436    -5.211
 7     0.391     0.624     0.678
 7    -0.897     0.420     0.129
 7    -0.205    -0.658     0.723
 8   132.013   -39.865     1.151
 8     0.776     0.383     0.503
 8    -0.593     0.169     0.787
 8     0.216    -0.908     0.357
 9   145.052   -21.519     7.354
 9     0.312    -0.892    -0.329
 9     0.842     0.419    -0.341
 9     0.440    -0.170     0.881
 2    96.957   -19.236    59.077
 2    -0.078    -0.997     0.002
 2     0.996    -0.078     0.032
 2    -0.033     0.005     0.999
 3   133.192    -5.408     2.263
 3     0.463    -0.110    -0.880
 3     0.302     0.952     0.041
 3     0.833    -0.286     0.474
 4   120.083     7.233    -6.856
 4     0.779    -0.430     0.460
 4     0.568     0.790    -0.227
 4    -0.266     0.437     0.858
 5   129.782    27.976    -2.596
 5     0.718    -0.309     0.625
 5     0.687     0.172    -0.705
 5     0.109     0.935     0.334
 6   144.530    12.220     5.457
 6     0.205     0.924    -0.323
 6    -0.771     0.355     0.529
 6     0.603     0.140     0.785
 7   119.326   -20.507    -5.099
 7     0.392     0.625     0.677
 7    -0.898     0.417     0.133
 7    -0.200    -0.660     0.723
 8   131.945   -39.859     2.057
 8     0.783     0.341     0.521
 8    -0.587     0.128     0.799
 8     0.206    -0.931     0.299
 9   145.552   -21.636     6.345
 9     0.354    -0.890    -0.288
 9     0.859     0.430    -0.277
 9     0.369    -0.149     0.916
 2    96.907   -19.287    59.077
 2    -0.078    -0.997     0.002
 2     0.996    -0.077     0.032
 2    -0.033     0.004     0.999
 3   133.120    -5.404     2.334
 3     0.458    -0.115    -0.882
 3     0.306     0.951     0.036
 3     0.834    -0.287     0.470
 4   119.917     7.305    -6.618
 4     0.775    -0.426     0.469
 4     0.570     0.787    -0.230
 4    -0.271     0.444     0.853
 5   129.662    27.757    -1.810
 5     0.732    -0.166     0.661
 5     0.679     0.098    -0.727
 5     0.054     0.981     0.183
 6   145.696    11.872     2.668
 6     0.328     0.919    -0.222
 6    -0.810     0.393     0.435
 6     0.486     0.037     0.872
 7   119.230   -20.627    -4.948
 7     0.384     0.626     0.681
 7    -0.904     0.404     0.137
 7    -0.189    -0.667     0.719
 8   131.800   -39.813     3.188
 8     0.790     0.220     0.572
 8    -0.591     0.027     0.806
 8     0.162    -0.975     0.150
 9   146.139   -22.033     3.661
 9     0.439    -0.879    -0.187
 9     0.872     0.466    -0.145
 9     0.213    -0.099     0.971
 2    96.907   -19.287    59.026
 2    -0.078    -0.997     0.003
 2     0.996    -0.077     0.032
 2    -0.033     0.005     0.999
 3   133.069    -5.403     2.334
 3     0.457    -0.118    -0.882
 3     0.308     0.950     0.033
 3     0.834    -0.287     0.470
 4   119.706     7.238    -6.501
 4     0.773    -0.415     0.482
 4     0.565     0.791    -0.229
 4    -0.286     0.449     0.845
 5   129.789    27.454    -1.704
 5     0.740    -0.039     0.671
 5     0.672     0.052    -0.739
 5    -0.007     0.998     0.064
 6   146.460    11.662    -0.453
 6     0.410     0.901    -0.138
 6    -0.831     0.431     0.351
 6     0.375    -0.030     0.926
 7   119.324   -20.844    -4.714
 7     0.372     0.631     0.683
 7    -0.912     0.382     0.143
 7    -0.171    -0.675     0.716
 8   131.956   -39.387     5.836
 8     0.802     0.029     0.597
 8    -0.587    -0.156     0.795
 8     0.116    -0.987    -0.108
 9   146.974   -24.515    -0.656
 9     0.564    -0.824    -0.058
 9     0.817     0.547     0.177
 9    -0.116    -0.147     0.982
 2    96.907   -19.287    59.026
 2    -0.078    -0.997     0.003
 2     0.996    -0.077     0.032
 2    -0.033     0.005     0.999
 3   133.125    -5.398     2.373
 3     0.451    -0.125    -0.884
 3     0.310     0.950     0.024
 3     0.836    -0.286     0.467
 4   119.710     7.211    -6.315
 4     0.781    -0.381     0.497
 4     0.544     0.802    -0.243
 4    -0.307     0.459     0.833
 5   129.559    27.469    -2.482
 5     0.723     0.094     0.684
 5     0.685     0.031    -0.728
 5    -0.090     0.995    -0.041
 6   146.892    12.800    -4.489
 6     0.501     0.860    -0.106
 6    -0.832     0.510     0.217
 6     0.239    -0.022     0.970
 7   119.569   -20.991    -4.347
 7     0.380     0.626     0.682
 7    -0.914     0.365     0.172
 7    -0.141    -0.689     0.710
 8   132.994   -38.659     7.577
 8     0.820    -0.154     0.551
 8    -0.569    -0.311     0.761
 8     0.054    -0.938    -0.342
 9   146.677   -27.997    -5.093
 9     0.585    -0.807     0.085
 9     0.680     0.545     0.488
 9    -0.441    -0.227     0.869
 2    96.957   -19.286    59.026
 2    -0.078    -0.997     0.003
 2     0.996    -0.077     0.032
 2    -0.033     0.005     0.999
 3   133.021    -5.390     2.285
 3     0.444    -0.139    -0.886
 3     0.307     0.951     0.005
 3     0.842    -0.275     0.464
 4   119.742     7.176    -6.260
 4     0.791    -0.316     0.526
 4     0.514     0.806    -0.291
 4    -0.332     0.499     0.799
 5   129.136    27.499    -2.507
 5     0.697     0.206     0.687
 5     0.704    -0.015    -0.710
 5    -0.135     0.978    -0.154
 6   146.131    13.603    -8.240
 6     0.545     0.838     0.016
 6    -0.836     0.543     0.075
 6     0.054    -0.055     0.997
 7   119.419   -21.288    -4.227
 7     0.390     0.609     0.692
 7    -0.914     0.345     0.209
 7    -0.112    -0.714     0.690
 8   134.391   -37.158     9.385
 8     0.843    -0.310     0.440
 8    -0.538    -0.472     0.698
 8    -0.008    -0.825    -0.564
 9   144.358   -32.412    -8.248
 9     0.489    -0.828     0.277
 9     0.466     0.514     0.719
 9    -0.737    -0.222     0.637
 2    96.957   -19.286    59.026
 2    -0.078    -0.997     0.003
 2     0.996    -0.077     0.032
 2    -0.033     0.005     0.999
 3   132.886    -5.450     2.253
 3     0.453    -0.142    -0.880
 3     0.314     0.949     0.009
 3     0.834    -0.281     0.474
 4   119.774     7.256    -6.318
 4     0.798    -0.263     0.543
 4     0.493     0.800    -0.341
 4    -0.345     0.539     0.767
 5   129.219    27.454    -1.265
 5     0.673     0.377     0.638
 5     0.721    -0.141    -0.678
 5    -0.165     0.915    -0.365
 6   144.401    16.012   -12.251
 6     0.548     0.818     0.174
 6    -0.798     0.573    -0.184
 6    -0.249    -0.038     0.967
 7   119.394   -21.422    -3.717
 7     0.403     0.597     0.695
 7    -0.912     0.319     0.254
 7    -0.070    -0.736     0.672
 8   136.180   -35.383    10.606
 8     0.855    -0.419     0.306
 8    -0.514    -0.603     0.610
 8    -0.071    -0.679    -0.730
 9   141.500   -36.044    -9.806
 9     0.311    -0.861     0.404
 9     0.246     0.483     0.840
 9    -0.918    -0.162     0.360
 2    96.907   -19.287    59.026
 2    -0.077    -0.997     0.002
 2     0.996    -0.077     0.032
 2    -0.033     0.005     0.999
 3   132.719    -5.350     2.082
 3     0.480    -0.157    -0.863
 3     0.329     0.944     0.012
 3     0.813    -0.290     0.504
 4   119.298     7.479    -6.129
 4     0.782    -0.254     0.570
 4     0.510     0.783    -0.354
 4    -0.357     0.567     0.741
 5   128.297    27.770    -0.858
 5     0.631     0.468     0.621
 5     0.754    -0.178    -0.632
 5    -0.185     0.865    -0.464
 6   142.283    19.217   -14.658
 6     0.542     0.813     0.214
 6    -0.705     0.578    -0.410
 6    -0.456     0.071     0.886
 7   118.992   -21.535    -3.035
 7     0.396     0.581     0.713
 7    -0.916     0.295     0.268
 7    -0.056    -0.759     0.648
 8   136.849   -34.356    11.183
 8     0.855    -0.468     0.223
 8    -0.507    -0.665     0.548
 8    -0.108    -0.582    -0.806
 9   139.988   -38.698    -9.482
 9     0.207    -0.881     0.426
 9     0.101     0.451     0.886
 9    -0.973    -0.140     0.181
 2    96.907   -19.236    59.026
 2    -0.078    -0.997     0.003
 2     0.996    -0.077     0.032
 2    -0.033     0.005     0.999
 3   132.601    -5.245     1.981
 3     0.502    -0.170    -0.848
 3     0.333     0.942     0.010
 3     0.797    -0.288     0.529
 4   118.751     7.553    -6.035
 4     0.760    -0.261     0.596
 4     0.534     0.771    -0.345
 4    -0.369     0.580     0.725
 5   126.906    28.274     0.036
 5     0.574     0.524     0.632
 5     0.801    -0.196    -0.565
 5    -0.172     0.828    -0.531
 6   140.350    23.374   -15.324
 6     0.570     0.781     0.256
 6    -0.555     0.595    -0.582
 6    -0.606     0.190     0.772
 7   118.739   -21.499    -2.427
 7     0.353     0.579     0.737
 7    -0.934     0.262     0.240
 7    -0.055    -0.772     0.632
 8   136.527   -34.762    11.576
 8     0.833    -0.511     0.213
 8    -0.541    -0.672     0.505
 8    -0.115    -0.536    -0.836
 9   139.103   -41.970    -8.214
 9     0.172    -0.874     0.456
 9    -0.028     0.457     0.888
 9    -0.985    -0.165     0.053
 2    96.907   -19.287    59.026
 2    -0.077    -0.997     0.002
 2     0.996    -0.077     0.032
 2    -0.033     0.005     0.999
 3   132.587    -5.271     1.698
 3     0.530    -0.176    -0.830
 3     0.329     0.943     0.011
 3     0.781    -0.280     0.557
 4   118.265     7.620    -6.128
 4     0.736    -0.297     0.610
 4     0.569     0.757    -0.321
 4    -0.367     0.582     0.724
 5   125.532    28.527     1.165
 5     0.522     0.547     0.657
 5     0.844    -0.217    -0.490
 5    -0.125     0.808    -0.573
 6   138.689    27.576   -14.293
 6     0.604     0.750     0.272
 6    -0.396     0.577    -0.714
 6    -0.692     0.323     0.645
 7   118.086   -21.353    -2.104
 7     0.293     0.575     0.764
 7    -0.954     0.231     0.190
 7    -0.067    -0.785     0.615
 8   135.444   -35.357    11.928
 8     0.801    -0.560     0.214
 8    -0.586    -0.658     0.473
 8    -0.124    -0.504    -0.854
 9   137.678   -44.386    -7.541
 9     0.151    -0.854     0.498
 9    -0.114     0.485     0.866
 9    -0.982    -0.187    -0.026
 2    96.907   -19.287    59.026
 2    -0.077    -0.997     0.002
 2     0.996    -0.077     0.032
 2    -0.033     0.005     0.999
 3   132.547    -5.295     1.441
 3     0.556    -0.165    -0.815
 3     0.313     0.949     0.023
 3     0.770    -0.269     0.579
 4   118.385     7.953    -5.966
 4     0.729    -0.326     0.603
 4     0.590     0.743    -0.315
 4    -0.345     0.585     0.733
 5   125.074    28.877     2.719
 5     0.506     0.527     0.685
 5     0.860    -0.250    -0.442
 5    -0.061     0.812    -0.579
 6   138.694    29.729   -11.881
 6     0.626     0.749     0.216
 6    -0.308     0.493    -0.814
 6    -0.716     0.442     0.539
 7   117.336   -21.075    -1.891
 7     0.242     0.567     0.788
 7    -0.967     0.204     0.149
 7    -0.077    -0.798     0.597
 8   134.729   -35.549    11.746
 8     0.780    -0.594     0.198
 8    -0.608    -0.647     0.459
 8    -0.144    -0.478    -0.866
 9   136.356   -45.352    -7.593
 9     0.098    -0.859     0.503
 9    -0.156     0.485     0.860
 9    -0.983    -0.162    -0.088
 2    96.907   -19.236    59.026
 2    -0.078    -0.997     0.002
 2     0.996    -0.078     0.032
 2    -0.033     0.005     0.999
 3   132.347    -5.321     1.324
 3     0.582    -0.157    -0.799
 3     0.300     0.953     0.032
 3     0.756    -0.259     0.601
 4   118.324     8.191    -5.815
 4     0.730    -0.328     0.601
 4     0.595     0.736    -0.322
 4    -0.337     0.592     0.731
 5   125.162    28.754     3.549
 5     0.510     0.527     0.681
 5     0.859    -0.281    -0.426
 5    -0.033     0.802    -0.595
 6   138.345    30.406   -10.900
 6     0.611     0.770     0.180
 6    -0.266     0.417    -0.869
 6    -0.745     0.482     0.460
 7   116.996   -20.978    -1.932
 7     0.227     0.559     0.798
 7    -0.971     0.193     0.139
 7    -0.077    -0.806     0.586
 8   134.811   -34.959    11.808
 8     0.784    -0.595     0.175
 8    -0.602    -0.663     0.444
 8    -0.148    -0.454    -0.878
 9   136.360   -45.203    -7.329
 9     0.074    -0.870     0.489
 9    -0.181     0.470     0.863
 9    -0.981    -0.152    -0.124
 2    96.907   -19.287    59.026
 2    -0.077    -0.997     0.002
 2     0.996    -0.077     0.032
 2    -0.033     0.005     0.999
 3   132.336    -5.323     1.288
 3     0.584    -0.159    -0.797
 3     0.303     0.952     0.033
 3     0.753    -0.262     0.604
 4   118.218     8.194    -5.865
 4     0.720    -0.341     0.606
 4     0.605     0.732    -0.310
 4    -0.338     0.589     0.732
 5   124.724    28.724     3.810
 5     0.496     0.521     0.697
 5     0.868    -0.281    -0.408
 5    -0.016     0.806    -0.590
 6   138.240    30.858   -10.554
 6     0.627     0.759     0.174
 6    -0.248     0.408    -0.878
 6    -0.738     0.506     0.445
 7   117.101   -21.082    -1.833
 7     0.218     0.562     0.798
 7    -0.973     0.187     0.132
 7    -0.075    -0.805     0.587
 8   134.783   -35.004    12.037
 8     0.781    -0.597     0.182
 8    -0.608    -0.663     0.435
 8    -0.139    -0.451    -0.881
 9   136.471   -45.886    -6.886
 9     0.088    -0.868     0.489
 9    -0.206     0.464     0.861
 9    -0.975    -0.176    -0.140
 2    96.907   -19.287    59.026
 2    -0.077    -0.997     0.002
 2     0.996    -0.077     0.032
 2    -0.033     0.005     0.999
 3   132.505    -5.320     1.351
 3     0.580    -0.163    -0.799
 3     0.314     0.948     0.036
 3     0.751    -0.273     0.600
 4   118.371     8.070    -6.038
 4     0.716    -0.354     0.603
 4     0.611     0.734    -0.296
 4    -0.338     0.579     0.740
 5   124.510    28.726     3.536
 5     0.489     0.505     0.713
 5     0.872    -0.269    -0.408
 5    -0.013     0.820    -0.570
 6   138.605    30.821   -10.404
 6     0.653     0.740     0.159
 6    -0.251     0.412    -0.876
 6    -0.714     0.531     0.455
 7   117.313   -21.201    -1.738
 7     0.224     0.572     0.790
 7    -0.972     0.184     0.140
 7    -0.066    -0.799     0.597
 8   134.856   -35.020    12.454
 8     0.785    -0.589     0.191
 8    -0.606    -0.668     0.431
 8    -0.126    -0.454    -0.882
 9   137.003   -45.822    -6.316
 9     0.111    -0.874     0.475
 9    -0.208     0.446     0.870
 9    -0.972    -0.195    -0.133
 2    96.908   -19.287    59.026
 2    -0.077    -0.997     0.002
 2     0.996    -0.077     0.032
 2    -0.033     0.004     0.999
 3   132.513    -5.340     1.471
 3     0.575    -0.162    -0.803
 3     0.319     0.946     0.039
 3     0.753    -0.280     0.595
 4   118.466     8.026    -6.105
 4     0.719    -0.361     0.595
 4     0.611     0.734    -0.294
 4    -0.331     0.574     0.748
 5   124.795    28.644     3.543
 5     0.502     0.491     0.713
 5     0.865    -0.272    -0.421
 5    -0.012     0.827    -0.560
 6   139.243    30.068   -10.210
 6     0.656     0.745     0.123
 6    -0.283     0.397    -0.873
 6    -0.699     0.536     0.472
 7   117.398   -21.204    -1.778
 7     0.229     0.575     0.786
 7    -0.971     0.192     0.140
 7    -0.071    -0.795     0.602
 8   134.978   -35.069    12.493
 8     0.791    -0.580     0.196
 8    -0.600    -0.670     0.438
 8    -0.123    -0.463    -0.877
 9   137.235   -45.619    -6.413
 9     0.119    -0.878     0.464
 9    -0.197     0.437     0.877
 9    -0.973    -0.194    -0.122
 2    96.907   -19.236    59.026
 2    -0.078    -0.997     0.002
 2     0.996    -0.078     0.032
 2    -0.033     0.005     0.999
 3   132.559    -5.339     1.477
 3     0.573    -0.163    -0.804
 3     0.324     0.945     0.041
 3     0.752    -0.284     0.594
 4   118.598     7.977    -6.159
 4     0.721    -0.363     0.592
 4     0.609     0.736    -0.293
 4    -0.329     0.571     0.751
 5   125.010    28.635     3.386
 5     0.508     0.489     0.711
 5     0.861    -0.269    -0.430
 5    -0.018     0.830    -0.556
 6   139.628    29.310   -10.301
 6     0.655     0.748     0.104
 6    -0.314     0.399    -0.861
 6    -0.687     0.530     0.497
 7   117.474   -21.251    -1.792
 7     0.235     0.582     0.779
 7    -0.970     0.195     0.145
 7    -0.068    -0.790     0.609
 8   134.878   -35.355    12.494
 8     0.803    -0.554     0.220
 8    -0.584    -0.658     0.474
 8    -0.118    -0.509    -0.852
 9   138.092   -43.965    -7.039
 9     0.190    -0.875     0.445
 9    -0.101     0.433     0.895
 9    -0.977    -0.215    -0.007
 2    96.907   -19.287    59.026
 2    -0.078    -0.997     0.002
 2     0.996    -0.078     0.032
 2    -0.033     0.005     0.999
 3   132.627    -5.432     1.641
 3     0.565    -0.159    -0.810
 3     0.329     0.943     0.047
 3     0.756    -0.294     0.584
 4   118.799     7.936    -6.046
 4     0.739    -0.362     0.571
 4     0.598     0.740    -0.306
 4    -0.312     0.566     0.762
 5   126.835    28.246     2.938
 5     0.599     0.445     0.667
 5     0.798    -0.268    -0.538
 5    -0.060     0.854    -0.514
 6   142.287    22.136    -9.393
 6     0.611     0.791     0.043
 6    -0.619     0.512    -0.594
 6    -0.493     0.334     0.803
 7   117.863   -21.587    -1.801
 7     0.261     0.596     0.760
 7    -0.964     0.203     0.170
 7    -0.054    -0.777     0.627
 8   134.319   -36.393    12.485
 8     0.843    -0.445     0.301
 8    -0.529    -0.591     0.609
 8    -0.093    -0.673    -0.734
 9   140.882   -38.089    -7.535
 9     0.358    -0.868     0.347
 9     0.210     0.436     0.875
 9    -0.910    -0.240     0.337
 2    96.907   -19.287    59.026
 2    -0.078    -0.997     0.002
 2     0.996    -0.078     0.032
 2    -0.033     0.005     0.999
 3   132.795    -5.710     1.895
 3     0.539    -0.133    -0.832
 3     0.319     0.945     0.057
 3     0.779    -0.297     0.552
 4   119.476     8.001    -5.795
 4     0.766    -0.359     0.535
 4     0.575     0.751    -0.322
 4    -0.287     0.554     0.781
 5   129.047    27.671     2.894
 5     0.682     0.367     0.633
 5     0.728    -0.273    -0.628
 5    -0.057     0.889    -0.452
 6   143.875    17.266    -7.966
 6     0.509     0.860    -0.041
 6    -0.785     0.445    -0.428
 6    -0.352     0.249     0.903
 7   118.148   -21.711    -1.759
 7     0.278     0.607     0.745
 7    -0.959     0.218     0.179
 7    -0.055    -0.764     0.642
 8   133.884   -37.720    10.904
 8     0.870    -0.349     0.350
 8    -0.486    -0.481     0.729
 8    -0.086    -0.804    -0.588
 9   144.116   -32.060    -7.098
 9     0.467    -0.873     0.147
 9     0.511     0.402     0.759
 9    -0.721    -0.277     0.635
 2    96.907   -19.236    59.026
 2    -0.078    -0.997     0.002
 2     0.996    -0.078     0.032
 2    -0.033     0.005     0.999
 3   133.001    -5.795     2.116
 3     0.524    -0.115    -0.844
 3     0.314     0.947     0.066
 3     0.792    -0.300     0.532
 4   119.933     8.118    -5.714
 4     0.779    -0.366     0.511
 4     0.567     0.755    -0.326
 4    -0.267     0.543     0.795
 5   129.887    27.632     2.498
 5     0.733     0.188     0.654
 5     0.680    -0.208    -0.703
 5     0.004     0.960    -0.279
 6   145.638    14.332    -4.061
 6     0.460     0.861    -0.223
 6    -0.878     0.402    -0.256
 6    -0.134     0.312     0.941
 7   118.203   -21.763    -1.799
 7     0.289     0.610     0.739
 7    -0.955     0.231     0.180
 7    -0.061    -0.758     0.649
 8   133.325   -38.297    10.244
 8     0.876    -0.243     0.417
 8    -0.481    -0.396     0.782
 8    -0.025    -0.886    -0.463
 9   145.435   -29.271    -4.664
 9     0.518    -0.855     0.020
 9     0.643     0.407     0.647
 9    -0.563    -0.321     0.762
 2    96.907   -19.287    59.026
 2    -0.078    -0.997     0.003
 2     0.996    -0.077     0.032
 2    -0.033     0.005     0.999
 3   133.058    -5.813     2.288
 3     0.516    -0.103    -0.851
 3     0.309     0.948     0.073
 3     0.799    -0.302     0.520
 4   120.191     8.206    -5.645
 4     0.783    -0.374     0.498
 4     0.567     0.755    -0.328
 4    -0.254     0.538     0.802
 5   129.644    28.073     2.123
 5     0.728     0.062     0.682
 5     0.682    -0.148    -0.715
 5     0.057     0.987    -0.150
 6   145.949    13.503    -0.975
 6     0.442     0.833    -0.338
 6    -0.896     0.423    -0.124
 6     0.036     0.356     0.933
 7   118.303   -21.811    -1.733
 7     0.294     0.615     0.732
 7    -0.954     0.234     0.184
 7    -0.059    -0.753     0.655
 8   132.471   -39.104     9.833
 8     0.860    -0.140     0.490
 8    -0.508    -0.312     0.802
 8     0.041    -0.939    -0.340
 9   146.399   -28.181    -2.031
 9     0.571    -0.818    -0.091
 9     0.708     0.434     0.554
 9    -0.416    -0.378     0.828
 2    96.907   -19.236    59.026
 2    -0.078    -0.997     0.002
 2     0.996    -0.078     0.032
 2    -0.033     0.004     0.999
 3   133.073    -5.910     2.428
 3     0.511    -0.095    -0.855
 3     0.308     0.947     0.080
 3     0.802    -0.305     0.513
 4   120.407     8.169    -5.603
 4     0.788    -0.387     0.481
 4     0.568     0.756    -0.324
 4    -0.239     0.527     0.814
 5   129.587    28.234     1.555
 5     0.720    -0.088     0.688
 5     0.684    -0.069    -0.725
 5     0.110     0.993     0.009
 6   145.978    13.011     2.646
 6     0.384     0.806    -0.455
 6    -0.893     0.446     0.041
 6     0.232     0.390     0.889
 7   118.369   -21.888    -1.731
 7     0.299     0.619     0.727
 7    -0.952     0.240     0.185
 7    -0.061    -0.748     0.660
 8   131.698   -39.850     8.928
 8     0.840    -0.041     0.540
 8    -0.535    -0.218     0.816
 8     0.085    -0.975    -0.205
 9   146.748   -26.668     0.616
 9     0.578    -0.796    -0.190
 9     0.781     0.471     0.406
 9    -0.237    -0.379     0.894
 2    96.907   -19.287    59.026
 2    -0.078    -0.997     0.002
 2     0.996    -0.078     0.032
 2    -0.033     0.004     0.999
 3   133.153    -5.950     2.472
 3     0.501    -0.087    -0.861
 3     0.307     0.948     0.084
 3     0.809    -0.307     0.501
 4   120.489     8.230    -5.530
 4     0.791    -0.396     0.468
 4     0.567     0.757    -0.322
 4    -0.227     0.519     0.823
 5   129.576    28.561     1.140
 5     0.711    -0.196     0.676
 5     0.687    -0.005    -0.726
 5     0.145     0.980     0.130
 6   145.571    12.738     4.961
 6     0.328     0.809    -0.491
 6    -0.876     0.453     0.165
 6     0.353     0.374     0.856
 7   118.272   -21.845    -1.732
 7     0.301     0.620     0.725
 7    -0.951     0.249     0.179
 7    -0.070    -0.743     0.664
 8   131.142   -40.178     8.337
 8     0.825     0.041     0.563
 8    -0.551    -0.164     0.818
 8     0.126    -0.985    -0.113
 9   146.644   -25.703     3.199
 9     0.566    -0.785    -0.261
 9     0.819     0.499     0.276
 9    -0.091    -0.367     0.925
 2    96.907   -19.287    59.026
 2    -0.078    -0.997     0.002
 2     0.996    -0.078     0.032
 2    -0.033     0.005     0.999
 3   133.006    -5.893     2.535
 3     0.494    -0.086    -0.866
 3     0.299     0.951     0.077
 3     0.816    -0.298     0.494
 4   120.429     8.343    -5.566
 4     0.799    -0.399     0.451
 4     0.562     0.759    -0.326
 4    -0.212     0.513     0.830
 5   129.647    28.642     0.330
 5     0.697    -0.330     0.638
 5     0.691     0.073    -0.718
 5     0.189     0.941     0.277
 6   144.823    12.954     8.242
 6     0.240     0.812    -0.534
 6    -0.819     0.463     0.339
 6     0.520     0.355     0.775
 7   118.281   -21.697    -2.838
 7     0.329     0.624     0.711
 7    -0.938     0.305     0.164
 7    -0.115    -0.720     0.684
 8   130.753   -40.514     6.665
 8     0.793     0.238     0.561
 8    -0.566    -0.050     0.822
 8     0.223    -0.970     0.094
 9   146.248   -24.071     7.793
 9     0.509    -0.784    -0.362
 9     0.838     0.542    -0.001
 9     0.193    -0.302     0.932
 2    96.907   -19.287    59.026
 2    -0.078    -0.997     0.002
 2     0.996    -0.078     0.032
 2    -0.033     0.005     0.999
 3   132.653    -5.934     2.500
 3     0.482    -0.079    -0.873
 3     0.287     0.955     0.073
 3     0.827    -0.287     0.483
 4   120.331     8.297    -5.637
 4     0.806    -0.400     0.437
 4     0.555     0.764    -0.328
 4    -0.203     0.506     0.837
 5   129.500    28.734    -0.478
 5     0.671    -0.433     0.604
 5     0.711     0.144    -0.688
 5     0.209     0.890     0.402
 6   143.979    13.832    10.299
 6     0.173     0.829    -0.533
 6    -0.745     0.463     0.480
 6     0.643     0.314     0.696
 7   118.690   -21.528    -3.992
 7     0.360     0.646     0.674
 7    -0.924     0.346     0.160
 7    -0.130    -0.680     0.720
 8   131.042   -40.735     4.315
 8     0.759     0.417     0.501
 8    -0.579     0.082     0.811
 8     0.297    -0.905     0.303
 9   145.014   -23.442    11.672
 9     0.391    -0.850    -0.356
 9     0.807     0.500    -0.314
 9     0.443    -0.163     0.880
 2    96.907   -19.236    59.026
 2    -0.078    -0.997     0.002
 2     0.996    -0.078     0.032
 2    -0.033     0.005     0.999
 3   132.523    -5.873     2.437
 3     0.471    -0.079    -0.879
 3     0.274     0.959     0.061
 3     0.838    -0.271     0.473
 4   120.280     8.193    -5.754
 4     0.808    -0.401     0.434
 4     0.553     0.768    -0.321
 4    -0.205     0.498     0.841
 5   129.378    28.854    -0.920
 5     0.643    -0.498     0.584
 5     0.732     0.174    -0.658
 5     0.225     0.849     0.474
 6   143.368    14.693    11.446
 6     0.135     0.848    -0.514
 6    -0.693     0.450     0.563
 6     0.708     0.279     0.647
 7   119.195   -21.183    -4.868
 7     0.368     0.669     0.647
 7    -0.919     0.364     0.144
 7    -0.140    -0.648     0.748
 8   130.485   -40.911     3.626
 8     0.702     0.518     0.489
 8    -0.618     0.104     0.779
 8     0.353    -0.849     0.392
 9   144.404   -24.478    13.182
 9     0.395    -0.864    -0.314
 9     0.740     0.500    -0.450
 9     0.544    -0.055     0.836
 2    96.907   -19.236    59.026
 2    -0.078    -0.997     0.002
 2     0.996    -0.078     0.032
 2    -0.033     0.005     0.999
 3   132.636    -5.858     2.330
 3     0.455    -0.070    -0.888
 3     0.258     0.964     0.057
 3     0.852    -0.256     0.457
 4   120.446     8.247    -5.897
 4     0.797    -0.417     0.438
 4     0.566     0.765    -0.305
 4    -0.208     0.490     0.846
 5   128.369    29.243    -1.011
 5     0.586    -0.555     0.594
 5     0.772     0.160    -0.613
 5     0.245     0.816     0.521
 6   142.457    16.488    12.836
 6     0.138     0.838    -0.530
 6    -0.630     0.485     0.606
 6     0.764     0.250     0.593
 7   119.511   -21.067    -5.443
 7     0.370     0.690     0.623
 7    -0.917     0.375     0.126
 7    -0.147    -0.618     0.771
 8   129.542   -41.518     2.528
 8     0.642     0.591     0.490
 8    -0.666     0.115     0.736
 8     0.379    -0.798     0.467
 9   143.135   -26.034    14.123
 9     0.375    -0.869    -0.325
 9     0.690     0.495    -0.529
 9     0.619    -0.026     0.784
 2    96.907   -19.236    59.026
 2    -0.078    -0.997     0.002
 2     0.996    -0.078     0.032
 2    -0.033     0.005     0.999
 3   132.483    -5.855     2.247
 3     0.450    -0.070    -0.891
 3     0.249     0.967     0.050
 3     0.857    -0.245     0.452
 4   120.250     8.168    -6.054
 4     0.786    -0.429     0.447
 4     0.579     0.761    -0.290
 4    -0.216     0.485     0.846
 5   127.463    29.483    -1.805
 5     0.539    -0.597     0.597
 5     0.806     0.158    -0.569
 5     0.244     0.786     0.565
 6   141.509    17.986    13.064
 6     0.137     0.833    -0.537
 6    -0.578     0.507     0.640
 6     0.804     0.222     0.549
 7   119.688   -20.893    -5.870
 7     0.378     0.698     0.610
 7    -0.913     0.387     0.121
 7    -0.152    -0.602     0.782
 8   129.521   -41.597     1.544
 8     0.612     0.652     0.450
 8    -0.679     0.142     0.719
 8     0.405    -0.745     0.529
 9   142.011   -26.350    14.969
 9     0.320    -0.896    -0.309
 9     0.665     0.444    -0.601
 9     0.675    -0.014     0.737
 2    96.907   -19.287    59.076
 2    -0.078    -0.997     0.002
 2     0.996    -0.078     0.032
 2    -0.033     0.005     0.999
 3   132.444    -5.799     2.125
 3     0.445    -0.079    -0.892
 3     0.249     0.967     0.039
 3     0.860    -0.241     0.450
 4   120.342     8.066    -6.350
 4     0.782    -0.435     0.449
 4     0.584     0.760    -0.282
 4    -0.219     0.481     0.848
 5   127.303    29.495    -2.047
 5     0.518    -0.617     0.596
 5     0.818     0.151    -0.553
 5     0.251     0.772     0.582
 6   141.433    18.548    13.412
 6     0.132     0.845    -0.519
 6    -0.548     0.497     0.672
 6     0.826     0.195     0.528
 7   119.873   -20.886    -5.942
 7     0.383     0.699     0.606
 7    -0.912     0.388     0.126
 7    -0.146    -0.600     0.785
 8   129.439   -41.592     1.729
 8     0.591     0.678     0.438
 8    -0.685     0.135     0.716
 8     0.426    -0.722     0.543
 9   141.710   -26.663    15.512
 9     0.314    -0.898    -0.310
 9     0.651     0.440    -0.619
 9     0.691    -0.008     0.722
 2    96.957   -19.236    59.026
 2    -0.078    -0.997     0.002
 2     0.996    -0.078     0.032
 2    -0.033     0.005     0.999
 3   132.534    -5.748     2.138
 3     0.445    -0.082    -0.892
 3     0.255     0.966     0.039
 3     0.858    -0.245     0.450
 4   120.466     8.015    -6.524
 4     0.781    -0.437     0.448
 4     0.584     0.763    -0.277
 4    -0.220     0.477     0.850
 5   127.317    29.452    -2.232
 5     0.503    -0.635     0.590
 5     0.826     0.149    -0.542
 5     0.256     0.758     0.598
 6   141.413    18.789    13.497
 6     0.134     0.844    -0.521
 6    -0.536     0.502     0.678
 6     0.833     0.189     0.518
 7   119.882   -20.986    -5.897
 7     0.379     0.700     0.607
 7    -0.914     0.382     0.128
 7    -0.143    -0.603     0.784
 8   129.285   -41.641     1.853
 8     0.579     0.688     0.439
 8    -0.689     0.126     0.713
 8     0.435    -0.714     0.547
 9   141.619   -26.971    15.687
 9     0.325    -0.889    -0.323
 9     0.644     0.457    -0.614
 9     0.692    -0.009     0.720
 2    96.907   -19.287    59.026
 2    -0.078    -0.997     0.002
 2     0.996    -0.078     0.032
 2    -0.033     0.005     0.999
 3   132.584    -5.797     2.139
 3     0.444    -0.083    -0.892
 3     0.258     0.965     0.039
 3     0.858    -0.248     0.449
 4   120.570     7.940    -6.526
 4     0.782    -0.438     0.446
 4     0.584     0.762    -0.276
 4    -0.219     0.475     0.851
 5   127.336    29.411    -2.099
 5     0.493    -0.645     0.587
 5     0.829     0.142    -0.539
 5     0.264     0.751     0.603
 6   141.385    19.002    13.764
 6     0.135     0.835    -0.534
 6    -0.526     0.516     0.676
 6     0.839     0.189     0.508
 7   119.991   -21.008    -5.858
 7     0.379     0.701     0.606
 7    -0.915     0.380     0.130
 7    -0.139    -0.604     0.784
 8   129.193   -41.693     1.871
 8     0.573     0.691     0.443
 8    -0.693     0.120     0.710
 8     0.438    -0.712     0.547
 9   141.663   -27.103    15.692
 9     0.334    -0.886    -0.321
 9     0.642     0.463    -0.611
 9     0.690    -0.002     0.723
 2    96.907   -19.287    59.026
 2    -0.078    -0.997     0.002
 2     0.996    -0.078     0.032
 2    -0.033     0.005     0.999
 3   132.609    -5.744     2.242
 3     0.442    -0.085    -0.893
 3     0.261     0.964     0.038
 3     0.858    -0.251     0.448
 4   120.701     7.894    -6.534
 4     0.779    -0.445     0.444
 4     0.588     0.760    -0.273
 4    -0.216     0.473     0.853
 5   127.221    29.468    -2.087
 5     0.485    -0.650     0.588
 5     0.832     0.135    -0.536
 5     0.269     0.747     0.605
 6   141.266    19.110    13.926
 6     0.139     0.829    -0.542
 6    -0.523     0.525     0.671
 6     0.841     0.190     0.505
 7   120.050   -21.004    -5.793
 7     0.379     0.700     0.607
 7    -0.915     0.378     0.134
 7    -0.135    -0.606     0.783
 8   129.246   -41.691     1.974
 8     0.573     0.688     0.446
 8    -0.692     0.116     0.711
 8     0.438    -0.716     0.543
 9   141.811   -27.114    15.599
 9     0.346    -0.884    -0.317
 9     0.645     0.468    -0.604
 9     0.681     0.004     0.731
];