% Calibrated with leiden_pols
% Positions are in centimeters
Data =[
 2    96.777   -19.301    59.022
 2    -0.251    -0.968     0.003
 2     0.967    -0.250     0.033
 2    -0.033     0.011     0.999
 3   132.097    -4.732     2.768
 3     0.573    -0.228    -0.788
 3     0.331     0.942    -0.030
 3     0.749    -0.244     0.615
 4   121.813    10.347    -5.801
 4     0.791    -0.584     0.184
 4     0.600     0.682    -0.417
 4     0.118     0.440     0.890
 5   131.351    16.091    17.663
 5     0.507    -0.846     0.167
 5    -0.126    -0.264    -0.956
 5     0.852     0.464    -0.240
 6   138.254    -6.934    26.025
 6     0.093     0.024    -0.995
 6    -0.994     0.060    -0.091
 6     0.058     0.998     0.029
 7   118.294   -20.635    -4.540
 7     0.381     0.797     0.470
 7    -0.920     0.276     0.276
 7     0.091    -0.537     0.838
 8   135.105   -23.007    18.112
 8     0.651     0.710    -0.273
 8     0.406    -0.025     0.912
 8     0.640    -0.703    -0.305
 9   139.937    -0.280    19.773
 9     0.072    -0.227    -0.971
 9     0.990    -0.100     0.096
 9    -0.118    -0.969     0.217
 2    96.778   -19.301    59.023
 2    -0.251    -0.968     0.003
 2     0.967    -0.250     0.033
 2    -0.033     0.010     0.999
 3   132.126    -4.731     2.713
 3     0.572    -0.229    -0.789
 3     0.332     0.942    -0.031
 3     0.750    -0.245     0.614
 4   121.818    10.298    -5.858
 4     0.792    -0.584     0.182
 4     0.599     0.682    -0.419
 4     0.120     0.440     0.889
 5   131.306    16.093    17.656
 5     0.507    -0.846     0.167
 5    -0.125    -0.265    -0.956
 5     0.853     0.463    -0.240
 6   138.151    -6.935    26.199
 6     0.091     0.015    -0.996
 6    -0.994     0.058    -0.090
 6     0.058     0.998     0.020
 7   118.343   -20.635    -4.541
 7     0.382     0.798     0.468
 7    -0.920     0.278     0.276
 7     0.091    -0.535     0.839
 8   135.040   -23.106    18.151
 8     0.650     0.712    -0.271
 8     0.405    -0.026     0.913
 8     0.643    -0.701    -0.306
 9   139.939    -0.280    19.824
 9     0.073    -0.225    -0.972
 9     0.990    -0.100     0.097
 9    -0.118    -0.969     0.215
 2    96.777   -19.352    59.022
 2    -0.251    -0.968     0.003
 2     0.967    -0.250     0.033
 2    -0.033     0.011     0.999
 3   132.109    -4.754     2.807
 3     0.569    -0.226    -0.791
 3     0.331     0.943    -0.029
 3     0.752    -0.246     0.610
 4   121.881    10.251    -5.769
 4     0.792    -0.586     0.177
 4     0.598     0.682    -0.421
 4     0.125     0.438     0.889
 5   131.374    16.016    17.598
 5     0.511    -0.844     0.162
 5    -0.120    -0.257    -0.959
 5     0.851     0.470    -0.233
 6   137.937    -7.111    26.273
 6     0.079    -0.007    -0.997
 6    -0.995     0.065    -0.079
 6     0.066     0.998    -0.002
 7   118.098   -20.831    -4.400
 7     0.375     0.802     0.466
 7    -0.921     0.265     0.283
 7     0.104    -0.535     0.838
 8   134.689   -23.233    18.393
 8     0.652     0.715    -0.259
 8     0.406    -0.044     0.911
 8     0.640    -0.697    -0.319
 9   139.851    -0.517    19.799
 9     0.083    -0.224    -0.971
 9     0.988    -0.107     0.109
 9    -0.127    -0.969     0.212
 2    96.777   -19.352    59.023
 2    -0.251    -0.968     0.002
 2     0.967    -0.250     0.033
 2    -0.033     0.010     0.999
 3   131.870    -5.089     2.823
 3     0.575    -0.226    -0.787
 3     0.330     0.943    -0.028
 3     0.748    -0.244     0.616
 4   121.598     9.967    -5.809
 4     0.794    -0.581     0.179
 4     0.595     0.685    -0.419
 4     0.121     0.439     0.890
 5   131.342    15.912    17.564
 5     0.514    -0.844     0.156
 5    -0.117    -0.250    -0.961
 5     0.849     0.475    -0.227
 6   137.908    -7.292    26.230
 6     0.075    -0.007    -0.997
 6    -0.995     0.063    -0.076
 6     0.064     0.998    -0.002
 7   118.046   -20.831    -4.422
 7     0.376     0.801     0.467
 7    -0.921     0.266     0.283
 7     0.103    -0.536     0.837
 8   134.643   -23.181    18.415
 8     0.651     0.716    -0.258
 8     0.406    -0.045     0.911
 8     0.641    -0.696    -0.320
 9   139.854    -0.516    19.797
 9     0.084    -0.223    -0.971
 9     0.988    -0.106     0.109
 9    -0.126    -0.969     0.211
 2    96.780   -19.351    59.020
 2    -0.250    -0.968     0.003
 2     0.967    -0.250     0.032
 2    -0.032     0.010     0.999
 3   131.940    -4.854     2.872
 3     0.568    -0.230    -0.791
 3     0.329     0.943    -0.036
 3     0.754    -0.241     0.610
 4   121.720    10.263    -5.742
 4     0.781    -0.600     0.176
 4     0.610     0.672    -0.419
 4     0.133     0.434     0.890
 5   130.426    15.224    18.421
 5     0.510    -0.833     0.214
 5    -0.176    -0.345    -0.922
 5     0.841     0.432    -0.323
 6   139.457    -6.675    26.270
 6     0.213     0.032    -0.977
 6    -0.976     0.057    -0.210
 6     0.051     0.998     0.042
 7   118.309   -20.654    -4.520
 7     0.382     0.803     0.459
 7    -0.919     0.275     0.281
 7     0.100    -0.528     0.843
 8   134.886   -22.956    18.436
 8     0.684     0.693    -0.232
 8     0.388    -0.080     0.917
 8     0.617    -0.716    -0.324
 9   142.847    -1.733    19.301
 9     0.227    -0.290    -0.930
 9     0.965    -0.059     0.253
 9    -0.125    -0.955     0.266
 2    96.777   -19.352    59.023
 2    -0.251    -0.968     0.003
 2     0.967    -0.250     0.033
 2    -0.033     0.010     0.999
 3   132.039    -4.848     2.973
 3     0.563    -0.221    -0.797
 3     0.325     0.945    -0.030
 3     0.760    -0.242     0.603
 4   121.256    10.404    -5.705
 4     0.743    -0.644     0.182
 4     0.656     0.648    -0.386
 4     0.130     0.405     0.904
 5   129.816    14.901    18.894
 5     0.530    -0.809     0.254
 5    -0.194    -0.407    -0.893
 5     0.826     0.423    -0.372
 6   142.628    -4.142    25.853
 6     0.450     0.051    -0.892
 6    -0.891     0.073    -0.446
 6     0.046     0.996     0.076
 7   118.139   -20.482    -4.241
 7     0.368     0.810     0.458
 7    -0.924     0.263     0.274
 7     0.102    -0.524     0.845
 8   134.368   -23.295    18.692
 8     0.733     0.665    -0.150
 8     0.346    -0.178     0.921
 8     0.586    -0.725    -0.360
 9   145.671    -4.678    18.523
 9     0.430    -0.337    -0.841
 9     0.884    -0.034     0.463
 9    -0.180    -0.941     0.280
 2    96.778   -19.301    59.023
 2    -0.251    -0.968     0.003
 2     0.967    -0.250     0.033
 2    -0.033     0.010     0.999
 3   132.185    -4.740     2.876
 3     0.557    -0.214    -0.803
 3     0.323     0.945    -0.026
 3     0.765    -0.246     0.595
 4   120.653    10.651    -5.582
 4     0.684    -0.705     0.190
 4     0.719     0.606    -0.339
 4     0.124     0.367     0.921
 5   128.713    14.806    19.277
 5     0.592    -0.716     0.372
 5    -0.148    -0.549    -0.822
 5     0.792     0.432    -0.430
 6   144.802     0.759    25.343
 6     0.665     0.080    -0.744
 6    -0.747     0.071    -0.660
 6     0.004     0.994     0.103
 7   117.878   -20.277    -4.103
 7     0.312     0.829     0.464
 7    -0.944     0.215     0.248
 7     0.106    -0.515     0.850
 8   132.196   -23.736    20.242
 8     0.807     0.573     0.142
 8     0.198    -0.490     0.849
 8     0.556    -0.657    -0.509
 9   148.544   -13.390    17.734
 9     0.746    -0.374    -0.560
 9     0.598     0.004     0.798
 9    -0.291    -0.928     0.221
 2    96.778   -19.301    59.023
 2    -0.251    -0.968     0.003
 2     0.967    -0.250     0.033
 2    -0.033     0.010     0.999
 3   132.259    -4.517     2.805
 3     0.536    -0.184    -0.825
 3     0.316     0.948    -0.005
 3     0.782    -0.259     0.566
 4   119.863    10.832    -5.849
 4     0.568    -0.804     0.175
 4     0.811     0.511    -0.285
 4     0.140     0.303     0.942
 5   125.944    15.479    19.316
 5     0.596    -0.504     0.627
 5    -0.002    -0.780    -0.625
 5     0.803     0.371    -0.465
