% Calibrated with leiden_pols
% Positions are in centimeters
Data =[
 2    96.777   -19.301    59.022
 2    -0.251    -0.968     0.003
 2     0.967    -0.250     0.033
 2    -0.033     0.011     0.999
 3   132.097    -4.732     2.768
 3     0.573    -0.228    -0.788
 3     0.331     0.942    -0.030
 3     0.749    -0.244     0.615
 4   121.813    10.347    -5.801
 4     0.791    -0.584     0.184
 4     0.600     0.682    -0.417
 4     0.118     0.440     0.890
 5   131.351    16.091    17.663
 5     0.507    -0.846     0.167
 5    -0.126    -0.264    -0.956
 5     0.852     0.464    -0.240
 6   138.254    -6.934    26.025
 6     0.093     0.024    -0.995
 6    -0.994     0.060    -0.091
 6     0.058     0.998     0.029
 7   118.294   -20.635    -4.540
 7     0.381     0.797     0.470
 7    -0.920     0.276     0.276
 7     0.091    -0.537     0.838
 8   135.105   -23.007    18.112
 8     0.651     0.710    -0.273
 8     0.406    -0.025     0.912
 8     0.640    -0.703    -0.305
 9   139.937    -0.280    19.773
 9     0.072    -0.227    -0.971
 9     0.990    -0.100     0.096
 9    -0.118    -0.969     0.217
 2    96.778   -19.301    59.023
 2    -0.251    -0.968     0.003
 2     0.967    -0.250     0.033
 2    -0.033     0.010     0.999
 3   132.126    -4.731     2.713
 3     0.572    -0.229    -0.789
 3     0.332     0.942    -0.031
 3     0.750    -0.245     0.614
 4   121.818    10.298    -5.858
 4     0.792    -0.584     0.182
 4     0.599     0.682    -0.419
 4     0.120     0.440     0.889
 5   131.306    16.093    17.656
 5     0.507    -0.846     0.167
 5    -0.125    -0.265    -0.956
 5     0.853     0.463    -0.240
 6   138.151    -6.935    26.199
 6     0.091     0.015    -0.996
 6    -0.994     0.058    -0.090
 6     0.058     0.998     0.020
 7   118.343   -20.635    -4.541
 7     0.382     0.798     0.468
 7    -0.920     0.278     0.276
 7     0.091    -0.535     0.839
 8   135.040   -23.106    18.151
 8     0.650     0.712    -0.271
 8     0.405    -0.026     0.913
 8     0.643    -0.701    -0.306
 9   139.939    -0.280    19.824
 9     0.073    -0.225    -0.972
 9     0.990    -0.100     0.097
 9    -0.118    -0.969     0.215
 2    96.777   -19.352    59.022
 2    -0.251    -0.968     0.003
 2     0.967    -0.250     0.033
 2    -0.033     0.011     0.999
 3   132.109    -4.754     2.807
 3     0.569    -0.226    -0.791
 3     0.331     0.943    -0.029
 3     0.752    -0.246     0.610
 4   121.881    10.251    -5.769
 4     0.792    -0.586     0.177
 4     0.598     0.682    -0.421
 4     0.125     0.438     0.889
 5   131.374    16.016    17.598
 5     0.511    -0.844     0.162
 5    -0.120    -0.257    -0.959
 5     0.851     0.470    -0.233
 6   137.937    -7.111    26.273
 6     0.079    -0.007    -0.997
 6    -0.995     0.065    -0.079
 6     0.066     0.998    -0.002
 7   118.098   -20.831    -4.400
 7     0.375     0.802     0.466
 7    -0.921     0.265     0.283
 7     0.104    -0.535     0.838
 8   134.689   -23.233    18.393
 8     0.652     0.715    -0.259
 8     0.406    -0.044     0.911
 8     0.640    -0.697    -0.319
 9   139.851    -0.517    19.799
 9     0.083    -0.224    -0.971
 9     0.988    -0.107     0.109
 9    -0.127    -0.969     0.212
 2    96.777   -19.352    59.023
 2    -0.251    -0.968     0.002
 2     0.967    -0.250     0.033
 2    -0.033     0.010     0.999
 3   131.870    -5.089     2.823
 3     0.575    -0.226    -0.787
 3     0.330     0.943    -0.028
 3     0.748    -0.244     0.616
 4   121.598     9.967    -5.809
 4     0.794    -0.581     0.179
 4     0.595     0.685    -0.419
 4     0.121     0.439     0.890
 5   131.342    15.912    17.564
 5     0.514    -0.844     0.156
 5    -0.117    -0.250    -0.961
 5     0.849     0.475    -0.227
 6   137.908    -7.292    26.230
 6     0.075    -0.007    -0.997
 6    -0.995     0.063    -0.076
 6     0.064     0.998    -0.002
 7   118.046   -20.831    -4.422
 7     0.376     0.801     0.467
 7    -0.921     0.266     0.283
 7     0.103    -0.536     0.837
 8   134.643   -23.181    18.415
 8     0.651     0.716    -0.258
 8     0.406    -0.045     0.911
 8     0.641    -0.696    -0.320
 9   139.854    -0.516    19.797
 9     0.084    -0.223    -0.971
 9     0.988    -0.106     0.109
 9    -0.126    -0.969     0.211
 2    96.780   -19.351    59.020
 2    -0.250    -0.968     0.003
 2     0.967    -0.250     0.032
 2    -0.032     0.010     0.999
 3   131.940    -4.854     2.872
 3     0.568    -0.230    -0.791
 3     0.329     0.943    -0.036
 3     0.754    -0.241     0.610
 4   121.720    10.263    -5.742
 4     0.781    -0.600     0.176
 4     0.610     0.672    -0.419
 4     0.133     0.434     0.890
 5   130.426    15.224    18.421
 5     0.510    -0.833     0.214
 5    -0.176    -0.345    -0.922
 5     0.841     0.432    -0.323
 6   139.457    -6.675    26.270
 6     0.213     0.032    -0.977
 6    -0.976     0.057    -0.210
 6     0.051     0.998     0.042
 7   118.309   -20.654    -4.520
 7     0.382     0.803     0.459
 7    -0.919     0.275     0.281
 7     0.100    -0.528     0.843
 8   134.886   -22.956    18.436
 8     0.684     0.693    -0.232
 8     0.388    -0.080     0.917
 8     0.617    -0.716    -0.324
 9   142.847    -1.733    19.301
 9     0.227    -0.290    -0.930
 9     0.965    -0.059     0.253
 9    -0.125    -0.955     0.266
 2    96.777   -19.352    59.023
 2    -0.251    -0.968     0.003
 2     0.967    -0.250     0.033
 2    -0.033     0.010     0.999
 3   132.039    -4.848     2.973
 3     0.563    -0.221    -0.797
 3     0.325     0.945    -0.030
 3     0.760    -0.242     0.603
 4   121.256    10.404    -5.705
 4     0.743    -0.644     0.182
 4     0.656     0.648    -0.386
 4     0.130     0.405     0.904
 5   129.816    14.901    18.894
 5     0.530    -0.809     0.254
 5    -0.194    -0.407    -0.893
 5     0.826     0.423    -0.372
 6   142.628    -4.142    25.853
 6     0.450     0.051    -0.892
 6    -0.891     0.073    -0.446
 6     0.046     0.996     0.076
 7   118.139   -20.482    -4.241
 7     0.368     0.810     0.458
 7    -0.924     0.263     0.274
 7     0.102    -0.524     0.845
 8   134.368   -23.295    18.692
 8     0.733     0.665    -0.150
 8     0.346    -0.178     0.921
 8     0.586    -0.725    -0.360
 9   145.671    -4.678    18.523
 9     0.430    -0.337    -0.841
 9     0.884    -0.034     0.463
 9    -0.180    -0.941     0.280
 2    96.778   -19.301    59.023
 2    -0.251    -0.968     0.003
 2     0.967    -0.250     0.033
 2    -0.033     0.010     0.999
 3   132.185    -4.740     2.876
 3     0.557    -0.214    -0.803
 3     0.323     0.945    -0.026
 3     0.765    -0.246     0.595
 4   120.653    10.651    -5.582
 4     0.684    -0.705     0.190
 4     0.719     0.606    -0.339
 4     0.124     0.367     0.921
 5   128.713    14.806    19.277
 5     0.592    -0.716     0.372
 5    -0.148    -0.549    -0.822
 5     0.792     0.432    -0.430
 6   144.802     0.759    25.343
 6     0.665     0.080    -0.744
 6    -0.747     0.071    -0.660
 6     0.004     0.994     0.103
 7   117.878   -20.277    -4.103
 7     0.312     0.829     0.464
 7    -0.944     0.215     0.248
 7     0.106    -0.515     0.850
 8   132.196   -23.736    20.242
 8     0.807     0.573     0.142
 8     0.198    -0.490     0.849
 8     0.556    -0.657    -0.509
 9   148.544   -13.390    17.734
 9     0.746    -0.374    -0.560
 9     0.598     0.004     0.798
 9    -0.291    -0.928     0.221
 2    96.778   -19.301    59.023
 2    -0.251    -0.968     0.003
 2     0.967    -0.250     0.033
 2    -0.033     0.010     0.999
 3   132.259    -4.517     2.805
 3     0.536    -0.184    -0.825
 3     0.316     0.948    -0.005
 3     0.782    -0.259     0.566
 4   119.863    10.832    -5.849
 4     0.568    -0.804     0.175
 4     0.811     0.511    -0.285
 4     0.140     0.303     0.942
 5   125.944    15.479    19.316
 5     0.596    -0.504     0.627
 5    -0.002    -0.780    -0.625
 5     0.803     0.371    -0.465
 6   144.588     7.285    25.497
 6     0.834     0.087    -0.547
 6    -0.551     0.134    -0.823
 6     0.004     0.987     0.155
 7   117.882   -20.280    -3.929
 7     0.263     0.850     0.458
 7    -0.956     0.165     0.241
 7     0.130    -0.500     0.855
 8   130.202   -23.772    21.438
 8     0.813     0.438     0.385
 8     0.065    -0.724     0.686
 8     0.578    -0.533    -0.618
 9   148.588   -21.047    19.466
 9     0.910    -0.323    -0.265
 9     0.281     0.015     0.959
 9    -0.303    -0.947     0.099
 2    96.778   -19.301    59.023
 2    -0.251    -0.968     0.003
 2     0.967    -0.250     0.033
 2    -0.033     0.010     0.999
 3   132.452    -4.271     2.653
 3     0.518    -0.181    -0.836
 3     0.318     0.947    -0.007
 3     0.793    -0.263     0.548
 4   119.314    10.724    -6.098
 4     0.501    -0.847     0.179
 4     0.854     0.450    -0.258
 4     0.138     0.282     0.949
 5   124.571    15.818    19.118
 5     0.583    -0.403     0.707
 5     0.067    -0.842    -0.533
 5     0.809     0.358    -0.464
 6   144.025    10.865    25.383
 6     0.907     0.066    -0.417
 6    -0.420     0.125    -0.899
 6    -0.005     0.990     0.137
 7   117.995   -20.327    -3.753
 7     0.220     0.869     0.444
 7    -0.962     0.118     0.244
 7     0.160    -0.481     0.862
 8   128.699   -23.470    22.260
 8     0.789     0.308     0.533
 8    -0.031    -0.845     0.532
 8     0.614    -0.437    -0.658
 9   146.857   -27.752    21.076
 9     0.958    -0.284     0.044
 9    -0.031     0.053     0.998
 9    -0.285    -0.957     0.041
 2    96.778   -19.301    59.023
 2    -0.251    -0.968     0.003
 2     0.967    -0.250     0.033
 2    -0.033     0.010     0.999
 3   132.547    -4.163     2.502
 3     0.511    -0.180    -0.841
 3     0.317     0.948    -0.009
 3     0.798    -0.263     0.541
 4   118.659    10.426    -6.516
 4     0.439    -0.878     0.192
 4     0.890     0.395    -0.227
 4     0.123     0.270     0.955
 5   123.178    15.922    18.547
 5     0.566    -0.310     0.766
 5     0.126    -0.884    -0.448
 5     0.815     0.350    -0.461
 6   142.808    14.345    24.649
 6     0.961     0.071    -0.270
 6    -0.275     0.111    -0.955
 6    -0.037     0.991     0.123
 7   117.824   -20.251    -3.664
 7     0.179     0.883     0.435
 7    -0.966     0.074     0.245
 7     0.185    -0.464     0.866
 8   127.547   -23.374    22.511
 8     0.762     0.168     0.625
 8    -0.131    -0.906     0.402
 8     0.633    -0.389    -0.669
 9   144.522   -32.154    21.935
 9     0.937    -0.237     0.257
 9    -0.237     0.107     0.965
 9    -0.256    -0.965     0.045
 2    96.778   -19.301    59.023
 2    -0.251    -0.968     0.003
 2     0.967    -0.250     0.033
 2    -0.033     0.010     0.999
 3   132.655    -3.957     2.068
 3     0.510    -0.197    -0.838
 3     0.311     0.949    -0.032
 3     0.802    -0.246     0.544
 4   117.967    10.341    -6.808
 4     0.385    -0.900     0.206
 4     0.914     0.341    -0.217
 4     0.125     0.271     0.954
 5   121.874    15.871    18.518
 5     0.542    -0.227     0.810
 5     0.165    -0.916    -0.364
 5     0.824     0.330    -0.459
 6   141.492    16.947    24.022
 6     0.985     0.092    -0.149
 6    -0.160     0.141    -0.977
 6    -0.067     0.985     0.151
 7   117.946   -19.898    -3.674
 7     0.157     0.894     0.419
 7    -0.968     0.054     0.246
 7     0.198    -0.444     0.874
 8   126.952   -23.637    22.780
 8     0.742     0.043     0.669
 8    -0.231    -0.920     0.315
 8     0.629    -0.389    -0.673
 9   142.726   -35.062    21.945
 9     0.899    -0.202     0.390
 9    -0.359     0.167     0.917
 9    -0.249    -0.965     0.080
 2    96.778   -19.301    59.023
 2    -0.251    -0.968     0.003
 2     0.967    -0.250     0.033
 2    -0.033     0.010     0.999
 3   132.601    -3.496     1.932
 3     0.503    -0.216    -0.838
 3     0.318     0.946    -0.052
 3     0.803    -0.241     0.544
 4   117.396    10.352    -6.988
 4     0.341    -0.915     0.217
 4     0.932     0.298    -0.206
 4     0.124     0.272     0.954
 5   120.744    15.854    18.333
 5     0.522    -0.171     0.837
 5     0.190    -0.933    -0.306
 5     0.831     0.318    -0.454
 6   140.012    18.807    23.750
 6     0.993     0.100    -0.062
 6    -0.075     0.138    -0.988
 6    -0.090     0.985     0.143
 7   118.060   -19.701    -3.483
 7     0.147     0.900     0.411
 7    -0.963     0.034     0.267
 7     0.227    -0.435     0.871
 8   126.541   -24.219    23.112
 8     0.714    -0.094     0.693
 8    -0.341    -0.912     0.227
 8     0.611    -0.398    -0.683
 9   140.534   -38.406    21.941
 9     0.834    -0.197     0.517
 9    -0.488     0.173     0.854
 9    -0.256    -0.965     0.052
 2    96.778   -19.301    59.023
 2    -0.251    -0.968     0.003
 2     0.967    -0.250     0.033
 2    -0.033     0.010     0.999
 3   132.485    -3.322     1.952
 3     0.506    -0.220    -0.835
 3     0.323     0.944    -0.051
 3     0.799    -0.245     0.548
 4   117.209    10.405    -6.985
 4     0.324    -0.920     0.223
 4     0.938     0.281    -0.201
 4     0.122     0.274     0.954
 5   120.151    15.817    18.313
 5     0.497    -0.132     0.858
 5     0.196    -0.946    -0.257
 5     0.845     0.295    -0.444
 6   139.343    19.816    24.029
 6     0.995     0.092    -0.015
 6    -0.026     0.128    -0.992
 6    -0.089     0.987     0.128
 7   117.717   -19.372    -3.309
 7     0.107     0.903     0.417
 7    -0.962    -0.012     0.271
 7     0.250    -0.430     0.867
 8   125.611   -24.299    23.277
 8     0.678    -0.193     0.709
 8    -0.414    -0.897     0.153
 8     0.607    -0.397    -0.688
 9   137.986   -40.721    22.171
 9     0.764    -0.205     0.614
 9    -0.592     0.157     0.789
 9    -0.256    -0.966     0.003
 2    96.778   -19.301    59.023
 2    -0.251    -0.968     0.003
 2     0.967    -0.250     0.033
 2    -0.033     0.010     0.999
 3   132.452    -3.202     2.096
 3     0.513    -0.207    -0.833
 3     0.319     0.946    -0.037
 3     0.796    -0.247     0.551
 4   117.251    10.592    -6.860
 4     0.320    -0.921     0.225
 4     0.938     0.275    -0.209
 4     0.131     0.278     0.951
 5   119.853    15.663    18.343
 5     0.480    -0.118     0.870
 5     0.192    -0.953    -0.234
 5     0.856     0.279    -0.434
 6   138.691    20.325    24.549
 6     0.997     0.072     0.013
 6     0.005     0.114    -0.994
 6    -0.072     0.991     0.112
 7   117.461   -19.349    -3.329
 7     0.069     0.906     0.417
 7    -0.961    -0.053     0.272
 7     0.269    -0.419     0.867
 8   124.545   -24.048    23.424
 8     0.633    -0.243     0.735
 8    -0.448    -0.889     0.093
 8     0.631    -0.388    -0.671
 9   135.804   -42.017    23.072
 9     0.712    -0.199     0.676
 9    -0.664     0.126     0.735
 9    -0.230    -0.972    -0.039
 2    96.778   -19.301    59.023
 2    -0.251    -0.968     0.003
 2     0.967    -0.250     0.033
 2    -0.033     0.010     0.999
 3   132.353    -3.152     2.147
 3     0.515    -0.205    -0.833
 3     0.318     0.947    -0.034
 3     0.796    -0.248     0.552
 4   116.822    10.541    -6.821
 4     0.295    -0.924     0.243
 4     0.947     0.249    -0.199
 4     0.124     0.288     0.949
 5   119.235    15.800    18.227
 5     0.473    -0.106     0.875
 5     0.200    -0.954    -0.222
 5     0.858     0.279    -0.430
 6   138.156    20.969    24.662
 6     0.997     0.067     0.037
 6     0.030     0.107    -0.994
 6    -0.071     0.992     0.104
 7   117.327   -19.167    -3.141
 7     0.050     0.904     0.424
 7    -0.957    -0.077     0.278
 7     0.285    -0.420     0.862
 8   123.877   -24.523    23.499
 8     0.590    -0.322     0.741
 8    -0.519    -0.853     0.043
 8     0.619    -0.410    -0.670
 9   133.825   -43.702    22.814
 9     0.650    -0.231     0.727
 9    -0.718     0.130     0.682
 9    -0.250    -0.964    -0.078
 2    96.778   -19.301    59.023
 2    -0.251    -0.968     0.003
 2     0.967    -0.250     0.033
 2    -0.033     0.010     0.999
 3   132.296    -3.054     2.106
 3     0.518    -0.203    -0.831
 3     0.317     0.947    -0.032
 3     0.794    -0.248     0.555
 4   116.644    10.545    -6.777
 4     0.286    -0.925     0.249
 4     0.950     0.239    -0.199
 4     0.125     0.294     0.947
 5   118.910    15.809    18.197
 5     0.464    -0.105     0.880
 5     0.198    -0.956    -0.217
 5     0.863     0.274    -0.423
 6   137.774    21.160    24.903
 6     0.997     0.056     0.044
 6     0.039     0.097    -0.995
 6    -0.060     0.994     0.094
 7   117.335   -19.169    -3.099
 7     0.039     0.905     0.422
 7    -0.956    -0.089     0.278
 7     0.289    -0.415     0.863
 8   122.979   -24.450    23.579
 8     0.544    -0.340     0.768
 8    -0.535    -0.844     0.007
 8     0.646    -0.414    -0.641
 9   132.564   -44.071    23.707
 9     0.632    -0.213     0.747
 9    -0.742     0.112     0.659
 9    -0.222    -0.971    -0.085
 2    96.778   -19.301    59.023
 2    -0.251    -0.968     0.003
 2     0.967    -0.250     0.033
 2    -0.033     0.010     0.999
 3   132.266    -3.028     2.086
 3     0.516    -0.207    -0.831
 3     0.321     0.946    -0.035
 3     0.793    -0.250     0.554
 4   116.422    10.365    -6.810
 4     0.271    -0.928     0.256
 4     0.955     0.226    -0.189
 4     0.118     0.296     0.948
 5   118.616    15.762    18.118
 5     0.460    -0.104     0.882
 5     0.202    -0.955    -0.216
 5     0.864     0.277    -0.418
 6   137.423    21.394    24.942
 6     0.997     0.054     0.055
 6     0.050     0.091    -0.995
 6    -0.058     0.994     0.087
 7   117.223   -19.163    -3.039
 7     0.025     0.903     0.428
 7    -0.952    -0.109     0.285
 7     0.304    -0.415     0.857
 8   122.580   -23.850    23.728
 8     0.525    -0.339     0.781
 8    -0.523    -0.851    -0.016
 8     0.671    -0.401    -0.624
 9   131.909   -43.758    24.377
 9     0.621    -0.210     0.757
 9    -0.756     0.095     0.646
 9    -0.205    -0.973    -0.097
 2    96.778   -19.301    59.023
 2    -0.251    -0.968     0.003
 2     0.967    -0.250     0.033
 2    -0.033     0.010     0.999
 3   132.166    -3.033     2.117
 3     0.522    -0.196    -0.830
 3     0.316     0.948    -0.024
 3     0.792    -0.250     0.556
 4   116.449    10.466    -6.763
 4     0.275    -0.926     0.260
 4     0.954     0.229    -0.192
 4     0.119     0.300     0.946
 5   118.638    15.816    18.118
 5     0.457    -0.111     0.883
 5     0.194    -0.956    -0.219
 5     0.868     0.271    -0.415
 6   137.434    21.168    25.053
 6     0.998     0.050     0.046
 6     0.042     0.082    -0.996
 6    -0.053     0.995     0.079
 7   117.097   -19.121    -3.181
 7     0.008     0.902     0.432
 7    -0.953    -0.124     0.276
 7     0.303    -0.413     0.858
 8   122.028   -23.758    23.655
 8     0.502    -0.355     0.790
 8    -0.536    -0.843    -0.037
 8     0.678    -0.405    -0.612
 9   131.051   -43.897    24.272
 9     0.606    -0.209     0.770
 9    -0.767     0.105     0.631
 9    -0.210    -0.972    -0.094
 2    96.778   -19.301    59.023
 2    -0.251    -0.968     0.003
 2     0.967    -0.250     0.033
 2    -0.033     0.010     0.999
 3   132.176    -3.058     2.159
 3     0.522    -0.187    -0.833
 3     0.311     0.950    -0.017
 3     0.794    -0.250     0.553
 4   116.553    10.517    -6.765
 4     0.280    -0.925     0.257
 4     0.952     0.234    -0.194
 4     0.120     0.299     0.946
 5   118.655    15.870    18.155
 5     0.452    -0.120     0.884
 5     0.190    -0.955    -0.226
 5     0.871     0.270    -0.409
 6   137.500    20.941    25.217
 6     0.998     0.045     0.033
 6     0.030     0.079    -0.996
 6    -0.047     0.996     0.077
 7   117.206   -19.251    -3.215
 7     0.013     0.904     0.427
 7    -0.955    -0.116     0.274
 7     0.297    -0.411     0.861
 8   122.544   -23.732    23.592
 8     0.540    -0.284     0.793
 8    -0.493    -0.869     0.025
 8     0.682    -0.405    -0.609
 9   133.763   -41.915    23.912
 9     0.697    -0.217     0.686
 9    -0.681     0.101     0.723
 9    -0.225    -0.971    -0.075
 2    96.778   -19.301    59.023
 2    -0.251    -0.968     0.003
 2     0.967    -0.250     0.033
 2    -0.033     0.010     0.999
 3   132.235    -3.155     2.202
 3     0.518    -0.185    -0.836
 3     0.313     0.949    -0.015
 3     0.796    -0.254     0.549
 4   116.795    10.412    -6.669
 4     0.303    -0.920     0.250
 4     0.945     0.256    -0.203
 4     0.123     0.298     0.946
 5   119.192    15.962    18.136
 5     0.466    -0.203     0.862
 5     0.158    -0.939    -0.305
 5     0.870     0.278    -0.405
 6   138.604    18.236    25.143
 6     0.994     0.050    -0.093
 6    -0.096     0.081    -0.992
 6    -0.042     0.995     0.084
 7   117.277   -19.314    -3.514
 7     0.044     0.909     0.413
 7    -0.963    -0.072     0.260
 7     0.266    -0.409     0.873
 8   124.090   -22.731    23.226
 8     0.664     0.004     0.747
 8    -0.274    -0.929     0.248
 8     0.695    -0.369    -0.617
 9   139.752   -34.953    23.734
 9     0.874    -0.231     0.429
 9    -0.423     0.070     0.902
 9    -0.237    -0.970    -0.035
 2    96.778   -19.301    59.023
 2    -0.251    -0.968     0.003
 2     0.967    -0.250     0.033
 2    -0.033     0.010     0.999
 3   132.202    -3.273     2.312
 3     0.508    -0.186    -0.841
 3     0.317     0.948    -0.016
 3     0.800    -0.260     0.540
 4   117.193    10.389    -6.689
 4     0.359    -0.901     0.245
 4     0.926     0.311    -0.210
 4     0.113     0.302     0.946
 5   120.590    16.374    18.212
 5     0.486    -0.368     0.794
 5     0.096    -0.879    -0.465
 5     0.868     0.302    -0.391
 6   140.068    13.191    24.889
 6     0.943     0.081    -0.323
 6    -0.328     0.087    -0.941
 6    -0.047     0.993     0.106
 7   117.497   -19.374    -3.606
 7     0.084     0.910     0.405
 7    -0.969    -0.021     0.246
 7     0.233    -0.413     0.880
 8   125.139   -23.221    22.767
 8     0.707     0.268     0.654
 8    -0.115    -0.869     0.479
 8     0.697    -0.415    -0.584
 9   143.643   -27.551    23.079
 9     0.970    -0.237     0.055
 9    -0.041     0.069     0.997
 9    -0.240    -0.969     0.056
 2    96.778   -19.301    59.023
 2    -0.251    -0.968     0.002
 2     0.967    -0.250     0.033
 2    -0.033     0.010     0.999
 3   132.250    -3.667     2.546
 3     0.496    -0.165    -0.853
 3     0.310     0.950    -0.003
 3     0.810    -0.264     0.522
 4   117.921    10.354    -6.695
 4     0.444    -0.866     0.231
 4     0.890     0.397    -0.222
 4     0.100     0.304     0.947
 5   122.441    16.695    18.056
 5     0.501    -0.548     0.673
 5     0.019    -0.767    -0.639
 5     0.865     0.332    -0.372
 6   140.875     7.817    24.441
 6     0.832     0.108    -0.545
 6    -0.552     0.084    -0.829
 6    -0.042     0.990     0.126
 7   117.364   -19.554    -3.672
 7     0.103     0.909     0.404
 7    -0.970     0.002     0.241
 7     0.219    -0.417     0.882
 8   125.963   -23.737    22.778
 8     0.725     0.421     0.546
 8    -0.012    -0.784     0.620
 8     0.689    -0.456    -0.563
 9   144.672   -21.544    22.799
 9     0.934    -0.261    -0.249
 9     0.263     0.038     0.963
 9    -0.241    -0.965     0.099
 2    96.778   -19.301    59.023
 2    -0.251    -0.968     0.003
 2     0.967    -0.250     0.033
 2    -0.033     0.010     0.999
 3   132.255    -3.972     2.625
 3     0.497    -0.154    -0.854
 3     0.310     0.950     0.010
 3     0.810    -0.271     0.520
 4   118.173     9.969    -6.768
 4     0.494    -0.838     0.233
 4     0.865     0.448    -0.222
 4     0.082     0.311     0.947
 5   123.619    16.873    17.711
 5     0.501    -0.652     0.572
 5    -0.025    -0.670    -0.741
 5     0.865     0.356    -0.350
 6   140.499     3.987    24.469
 6     0.710     0.103    -0.699
 6    -0.704     0.091    -0.703
 6    -0.006     0.990     0.133
 7   117.208   -19.810    -3.584
 7     0.122     0.905     0.407
 7    -0.971     0.024     0.237
 7     0.205    -0.425     0.882
 8   126.305   -24.316    22.483
 8     0.728     0.493     0.476
 8     0.038    -0.723     0.689
 8     0.684    -0.484    -0.546
 9   144.248   -18.044    21.981
 9     0.858    -0.299    -0.422
 9     0.444     0.023     0.894
 9    -0.256    -0.954     0.148
 2    96.780   -19.300    59.020
 2    -0.251    -0.968     0.003
 2     0.967    -0.250     0.032
 2    -0.032     0.010     0.999
 3   132.173    -4.435     2.642
 3     0.504    -0.139    -0.853
 3     0.306     0.951     0.026
 3     0.807    -0.274     0.522
 4   118.386     9.720    -6.735
 4     0.531    -0.815     0.234
 4     0.844     0.485    -0.226
 4     0.071     0.317     0.945
 5   124.470    17.032    17.559
 5     0.496    -0.700     0.515
 5    -0.040    -0.609    -0.791
 5     0.867     0.372    -0.330
 6   139.883     1.423    24.817
 6     0.594     0.099    -0.800
 6    -0.804     0.118    -0.581
 6     0.039     0.988     0.147
 7   116.936   -19.874    -3.742
 7     0.132     0.898     0.419
 7    -0.974     0.040     0.220
 7     0.182    -0.438     0.880
 8   127.035   -25.142    21.811
 8     0.736     0.556     0.386
 8     0.074    -0.633     0.770
 8     0.672    -0.539    -0.507
 9   143.353   -14.409    20.370
 9     0.723    -0.355    -0.598
 9     0.637     0.009     0.768
 9    -0.264    -0.935     0.229
 2    96.778   -19.301    59.023
 2    -0.251    -0.968     0.003
 2     0.967    -0.250     0.033
 2    -0.033     0.010     0.999
 3   132.174    -4.694     2.649
 3     0.511    -0.126    -0.850
 3     0.299     0.953     0.040
 3     0.806    -0.275     0.524
 4   119.006     9.595    -6.662
 4     0.616    -0.750     0.245
 4     0.786     0.566    -0.246
 4     0.046     0.343     0.938
 5   126.898    17.157    17.139
 5     0.520    -0.755     0.401
 5    -0.052    -0.496    -0.866
 5     0.852     0.429    -0.297
 6   139.835    -1.855    24.968
 6     0.401     0.129    -0.908
 6    -0.912     0.147    -0.382
 6     0.087     0.981     0.174
 7   116.893   -19.770    -4.227
 7     0.198     0.878     0.435
 7    -0.973     0.123     0.194
 7     0.117    -0.462     0.879
 8   131.096   -26.023    19.180
 8     0.757     0.648     0.085
 8     0.173    -0.327     0.929
 8     0.630    -0.688    -0.359
 9   142.842    -7.877    18.478
 9     0.426    -0.383    -0.823
 9     0.888     0.001     0.456
 9    -0.170    -0.924     0.338
 2    96.778   -19.301    59.023
 2    -0.251    -0.968     0.003
 2     0.967    -0.250     0.033
 2    -0.033     0.010     0.999
 3   132.289    -5.097     2.764
 3     0.534    -0.136    -0.834
 3     0.294     0.955     0.034
 3     0.792    -0.264     0.550
 4   120.000     9.507    -6.591
 4     0.706    -0.668     0.236
 4     0.706     0.645    -0.289
 4     0.041     0.370     0.928
 5   130.198    16.287    16.792
 5     0.549    -0.814     0.189
 5    -0.128    -0.305    -0.944
 5     0.826     0.493    -0.271
 6   139.885    -5.237    24.657
 6     0.222     0.192    -0.957
 6    -0.971     0.132    -0.198
 6     0.091     0.972     0.214
 7   116.851   -19.515    -4.485
 7     0.241     0.860     0.449
 7    -0.968     0.182     0.168
 7     0.063    -0.476     0.877
 8   133.476   -25.200    17.187
 8     0.751     0.649    -0.125
 8     0.259    -0.119     0.958
 8     0.606    -0.751    -0.257
 9   142.102    -4.079    17.665
 9     0.250    -0.378    -0.893
 9     0.960    -0.024     0.275
 9    -0.122    -0.926     0.356
 2    96.778   -19.301    59.023
 2    -0.251    -0.968     0.003
 2     0.967    -0.250     0.033
 2    -0.033     0.010     0.999
 3   132.288    -5.196     2.564
 3     0.558    -0.158    -0.815
 3     0.299     0.954     0.021
 3     0.774    -0.256     0.579
 4   120.398     9.380    -6.488
 4     0.750    -0.620     0.231
 4     0.660     0.684    -0.309
 4     0.033     0.383     0.923
 5   131.738    15.893    16.406
 5     0.555    -0.828     0.081
 5    -0.152    -0.198    -0.969
 5     0.818     0.524    -0.236
 6   139.269    -6.680    24.633
 6     0.097     0.229    -0.969
 6    -0.990     0.125    -0.068
 6     0.107     0.965     0.238
 7   116.943   -19.467    -4.698
 7     0.281     0.842     0.462
 7    -0.959     0.228     0.167
 7     0.036    -0.489     0.871
 8   134.788   -23.947    16.379
 8     0.729     0.642    -0.243
 8     0.326    -0.018     0.944
 8     0.601    -0.766    -0.222
 9   141.199    -1.642    17.280
 9     0.142    -0.394    -0.909
 9     0.984    -0.045     0.171
 9    -0.106    -0.918     0.380
 2    96.777   -19.352    59.023
 2    -0.251    -0.968     0.003
 2     0.967    -0.250     0.033
 2    -0.033     0.010     0.999
 3   132.198    -4.970     2.572
 3     0.558    -0.189    -0.808
 3     0.317     0.948    -0.001
 3     0.766    -0.256     0.589
 4   120.542     9.427    -6.509
 4     0.771    -0.596     0.227
 4     0.635     0.696    -0.332
 4     0.040     0.399     0.915
 5   132.318    15.890    16.091
 5     0.560    -0.827     0.047
 5    -0.140    -0.152    -0.978
 5     0.816     0.541    -0.201
 6   138.582    -7.283    24.270
 6     0.016     0.274    -0.962
 6    -0.995     0.102     0.013
 6     0.103     0.956     0.273
 7   117.296   -19.509    -4.947
 7     0.314     0.833     0.456
 7    -0.949     0.260     0.177
 7     0.029    -0.488     0.872
 8   134.947   -23.519    16.421
 8     0.705     0.658    -0.269
 8     0.350     0.003     0.936
 8     0.616    -0.753    -0.228
 9   140.575    -1.164    17.872
 9     0.102    -0.371    -0.924
 9     0.990    -0.047     0.127
 9    -0.089    -0.927     0.362
 2    96.778   -19.301    59.023
 2    -0.251    -0.968     0.003
 2     0.967    -0.250     0.033
 2    -0.033     0.010     0.999
 3   132.120    -5.018     2.596
 3     0.557    -0.200    -0.807
 3     0.322     0.946    -0.011
 3     0.766    -0.254     0.590
 4   120.427     9.377    -6.420
 4     0.777    -0.589     0.223
 4     0.628     0.700    -0.340
 4     0.044     0.404     0.913
 5   132.393    16.001    15.880
 5     0.568    -0.822     0.049
 5    -0.117    -0.141    -0.983
 5     0.815     0.552    -0.176
 6   138.147    -7.442    24.259
 6    -0.010     0.268    -0.964
 6    -0.994     0.103     0.039
 6     0.110     0.958     0.265
 7   117.308   -19.670    -4.944
 7     0.319     0.830     0.458
 7    -0.947     0.255     0.195
 7     0.045    -0.496     0.867
 8   134.626   -23.586    16.705
 8     0.700     0.671    -0.250
 8     0.350    -0.021     0.936
 8     0.622    -0.741    -0.249
 9   140.302    -1.090    18.119
 9     0.102    -0.347    -0.933
 9     0.990    -0.054     0.126
 9    -0.093    -0.936     0.338
 2    96.778   -19.301    59.023
 2    -0.251    -0.968     0.003
 2     0.967    -0.250     0.033
 2    -0.033     0.010     0.999
 3   131.995    -4.837     2.610
 3     0.550    -0.230    -0.803
 3     0.340     0.939    -0.035
 3     0.762    -0.254     0.594
 4   120.026     9.306    -6.354
 4     0.768    -0.599     0.230
 4     0.639     0.689    -0.342
 4     0.046     0.409     0.911
 5   131.871    16.220    15.912
 5     0.568    -0.819     0.081
 5    -0.096    -0.165    -0.981
 5     0.817     0.549    -0.173
 6   138.002    -7.081    24.473
 6     0.010     0.237    -0.972
 6    -0.994     0.105     0.016
 6     0.107     0.965     0.237
 7   117.705   -19.752    -4.990
 7     0.339     0.827     0.450
 7    -0.939     0.267     0.213
 7     0.057    -0.495     0.867
 8   134.819   -23.321    16.962
 8     0.689     0.681    -0.255
 8     0.362    -0.022     0.931
 8     0.628    -0.732    -0.261
 9   140.228    -0.682    18.516
 9     0.092    -0.320    -0.943
 9     0.991    -0.064     0.117
 9    -0.096    -0.945     0.311
 2    96.778   -19.301    59.023
 2    -0.251    -0.968     0.003
 2     0.967    -0.250     0.033
 2    -0.033     0.010     0.999
 3   131.970    -4.706     2.707
 3     0.545    -0.242    -0.804
 3     0.347     0.936    -0.045
 3     0.763    -0.255     0.593
 4   119.984     9.362    -6.264
 4     0.765    -0.603     0.229
 4     0.642     0.684    -0.344
 4     0.050     0.409     0.910
 5   131.744    16.323    15.986
 5     0.569    -0.818     0.087
 5    -0.094    -0.171    -0.981
 5     0.817     0.549    -0.175
 6   137.948    -7.031    24.500
 6     0.010     0.235    -0.972
 6    -0.994     0.105     0.016
 6     0.106     0.966     0.234
 7   117.680   -19.752    -4.965
 7     0.339     0.827     0.450
 7    -0.939     0.267     0.214
 7     0.057    -0.495     0.867
 8   134.729   -23.344    17.032
 8     0.688     0.685    -0.246
 8     0.358    -0.029     0.932
 8     0.630    -0.728    -0.265
 9   140.229    -0.733    18.572
 9     0.093    -0.315    -0.945
 9     0.991    -0.065     0.118
 9    -0.097    -0.947     0.305
 2    96.778   -19.301    59.023
 2    -0.251    -0.968     0.003
 2     0.967    -0.250     0.033
 2    -0.033     0.010     0.999
 3   131.969    -4.604     2.706
 3     0.545    -0.245    -0.803
 3     0.347     0.936    -0.048
 3     0.763    -0.253     0.594
 4   119.916     9.391    -6.276
 4     0.763    -0.605     0.229
 4     0.644     0.682    -0.346
 4     0.054     0.410     0.910
 5   131.740    16.321    16.042
 5     0.570    -0.817     0.088
 5    -0.095    -0.173    -0.980
 5     0.816     0.550    -0.176
 6   137.949    -7.031    24.552
 6     0.010     0.237    -0.972
 6    -0.994     0.105     0.016
 6     0.106     0.966     0.236
 7   117.755   -19.750    -4.991
 7     0.342     0.825     0.451
 7    -0.938     0.269     0.215
 7     0.057    -0.496     0.866
 8   134.732   -23.317    17.079
 8     0.687     0.686    -0.245
 8     0.359    -0.031     0.932
 8     0.631    -0.727    -0.267
 9   140.228    -0.631    18.623
 9     0.091    -0.313    -0.946
 9     0.991    -0.066     0.115
 9    -0.097    -0.948     0.303
];