% Calibrated with leiden_pols
% Positions are in centimeters
Data =[
 2    96.907   -19.287    59.026
 2    -0.078    -0.997     0.003
 2     0.996    -0.078     0.032
 2    -0.033     0.005     0.999
 3   134.360    -5.199     3.682
 3     0.320    -0.084    -0.944
 3     0.272     0.962     0.007
 3     0.907    -0.260     0.330
 4   125.059    11.901    -3.506
 4     0.619    -0.785     0.036
 4     0.703     0.533    -0.471
 4     0.349     0.317     0.881
 5   120.108    17.693    19.764
 5     0.072    -0.470     0.880
 5     0.171    -0.863    -0.474
 5     0.983     0.183     0.019
 6   124.546    24.463    42.610
 6     0.091    -0.978    -0.192
 6     0.120     0.200    -0.972
 6     0.988     0.065     0.133
 7   122.710   -22.856    -2.552
 7     0.201     0.906     0.374
 7    -0.951     0.087     0.297
 7     0.237    -0.415     0.878
 8   123.461   -26.417    21.184
 8     0.189     0.585     0.790
 8    -0.011    -0.802     0.596
 8     0.982    -0.119    -0.144
 9   129.046   -30.486    43.907
 9     0.180     0.975    -0.128
 9    -0.057     0.138     0.989
 9     0.982    -0.170     0.078
 2    96.907   -19.287    59.026
 2    -0.078    -0.997     0.003
 2     0.996    -0.077     0.032
 2    -0.033     0.005     0.999
 3   134.315    -5.197     3.726
 3     0.318    -0.084    -0.944
 3     0.272     0.962     0.007
 3     0.908    -0.260     0.329
 4   125.012    11.851    -3.458
 4     0.618    -0.785     0.035
 4     0.703     0.532    -0.470
 4     0.350     0.315     0.882
 5   120.043    17.639    19.779
 5     0.072    -0.470     0.880
 5     0.172    -0.863    -0.474
 5     0.982     0.184     0.019
 6   124.546    24.488    42.659
 6     0.092    -0.978    -0.191
 6     0.120     0.199    -0.973
 6     0.988     0.066     0.133
 7   122.762   -22.853    -2.607
 7     0.204     0.905     0.375
 7    -0.950     0.089     0.299
 7     0.238    -0.416     0.877
 8   123.460   -26.418    21.235
 8     0.188     0.584     0.791
 8    -0.011    -0.803     0.595
 8     0.982    -0.119    -0.143
 9   129.046   -30.434    43.907
 9     0.179     0.976    -0.128
 9    -0.056     0.138     0.989
 9     0.982    -0.169     0.077
 2    96.907   -19.287    59.026
 2    -0.078    -0.997     0.003
 2     0.996    -0.077     0.032
 2    -0.033     0.005     0.999
 3   134.291    -5.197     3.777
 3     0.318    -0.084    -0.945
 3     0.273     0.962     0.007
 3     0.908    -0.261     0.328
 4   125.017    11.854    -3.464
 4     0.617    -0.786     0.034
 4     0.704     0.532    -0.471
 4     0.352     0.314     0.881
 5   120.042    17.640    19.832
 5     0.071    -0.469     0.880
 5     0.173    -0.863    -0.473
 5     0.982     0.185     0.020
 6   124.547    24.461    42.708
 6     0.093    -0.978    -0.190
 6     0.119     0.199    -0.973
 6     0.988     0.067     0.133
 7   122.771   -22.901    -2.569
 7     0.203     0.906     0.373
 7    -0.949     0.087     0.302
 7     0.242    -0.415     0.877
 8   123.462   -26.417    21.260
 8     0.187     0.583     0.791
 8    -0.011    -0.804     0.594
 8     0.982    -0.118    -0.143
 9   129.049   -30.433    43.933
 9     0.179     0.976    -0.127
 9    -0.056     0.137     0.989
 9     0.982    -0.170     0.076
 2    96.907   -19.236    59.026
 2    -0.078    -0.997     0.003
 2     0.996    -0.078     0.032
 2    -0.033     0.005     0.999
 3   134.247    -5.195     3.897
 3     0.316    -0.083    -0.945
 3     0.272     0.962     0.007
 3     0.909    -0.260     0.326
 4   125.018    11.803    -3.413
 4     0.617    -0.786     0.033
 4     0.703     0.532    -0.471
 4     0.352     0.314     0.881
 5   119.991    17.641    19.837
 5     0.070    -0.469     0.881
 5     0.175    -0.863    -0.473
 5     0.982     0.186     0.022
 6   124.496    24.460    42.703
 6     0.095    -0.978    -0.188
 6     0.119     0.196    -0.973
 6     0.988     0.069     0.132
 7   122.816   -22.779    -2.453
 7     0.211     0.904     0.373
 7    -0.942     0.086     0.323
 7     0.261    -0.419     0.869
 8   123.252   -26.678    20.924
 8     0.158     0.600     0.785
 8    -0.027    -0.792     0.610
 8     0.987    -0.117    -0.108
 9   128.685   -30.575    43.930
 9     0.178     0.974    -0.139
 9    -0.063     0.150     0.987
 9     0.982    -0.166     0.086
 2    96.957   -19.236    59.077
 2    -0.078    -0.997     0.002
 2     0.996    -0.078     0.032
 2    -0.033     0.005     0.999
 3   134.246    -5.144     3.897
 3     0.315    -0.085    -0.945
 3     0.273     0.962     0.005
 3     0.909    -0.260     0.326
 4   124.772    11.800    -3.203
 4     0.616    -0.786     0.054
 4     0.707     0.521    -0.479
 4     0.347     0.333     0.876
 5   119.734    17.872    19.330
 5     0.042    -0.470     0.882
 5     0.199    -0.861    -0.468
 5     0.979     0.194     0.059
 6   123.160    25.414    42.267
 6     0.019    -0.956    -0.293
 6     0.145     0.291    -0.946
 6     0.989    -0.026     0.141
 7   123.005   -22.750    -2.466
 7     0.221     0.902     0.372
 7    -0.932     0.082     0.352
 7     0.288    -0.424     0.859
 8   121.515   -27.625    19.786
 8     0.046     0.581     0.813
 8    -0.082    -0.809     0.582
 8     0.995    -0.092     0.011
 9   123.315   -34.073    43.029
 9     0.014     0.982    -0.189
 9    -0.162     0.187     0.969
 9     0.986     0.017     0.159
 2    96.907   -19.236    59.026
 2    -0.078    -0.997     0.002
 2     0.996    -0.078     0.032
 2    -0.033     0.005     0.999
 3   134.515    -5.134     4.110
 3     0.304    -0.080    -0.950
 3     0.274     0.961     0.007
 3     0.912    -0.263     0.313
 4   125.282    11.856    -3.212
 4     0.611    -0.790     0.050
 4     0.709     0.518    -0.477
 4     0.351     0.327     0.877
 5   118.073    18.562    18.390
 5    -0.066    -0.435     0.898
 5     0.274    -0.873    -0.402
 5     0.959     0.219     0.177
 6   119.328    27.653    41.241
 6    -0.111    -0.917    -0.384
 6     0.196     0.358    -0.913
 6     0.974    -0.178     0.137
 7   123.738   -22.786    -2.509
 7     0.218     0.923     0.316
 7    -0.925     0.090     0.369
 7     0.313    -0.372     0.874
 8   118.358   -30.658    18.009
 8    -0.159     0.727     0.668
 8    -0.121    -0.685     0.718
 8     0.980     0.033     0.196
 9   116.890   -36.296    41.860
 9    -0.151     0.928    -0.341
 9    -0.164     0.316     0.934
 9     0.974     0.198     0.102
 2    96.957   -19.286    59.026
 2    -0.078    -0.997     0.002
 2     0.996    -0.078     0.032
 2    -0.033     0.005     0.999
 3   134.819    -5.120     4.203
 3     0.289    -0.080    -0.954
 3     0.273     0.962     0.002
 3     0.917    -0.262     0.299
 4   125.847    11.714    -3.227
 4     0.600    -0.799     0.043
 4     0.716     0.512    -0.475
 4     0.357     0.316     0.879
 5   116.024    19.427    16.449
 5    -0.187    -0.412     0.892
 5     0.353    -0.875    -0.330
 5     0.916     0.253     0.309
 6   114.715    30.175    38.642
 6    -0.239    -0.885    -0.398
 6     0.258     0.336    -0.906
 6     0.936    -0.321     0.146
 7   124.292   -22.770    -2.506
 7     0.223     0.934     0.279
 7    -0.917     0.104     0.385
 7     0.332    -0.341     0.879
 8   115.964   -31.900    16.793
 8    -0.338     0.802     0.492
 8    -0.124    -0.556     0.822
 8     0.933     0.216     0.287
 9   111.343   -36.900    40.037
 9    -0.281     0.903    -0.325
 9    -0.140     0.296     0.945
 9     0.949     0.311     0.041
 2    96.907   -19.287    59.026
 2    -0.078    -0.997     0.003
 2     0.996    -0.077     0.032
 2    -0.033     0.005     0.999
 3   135.166    -5.101     4.259
 3     0.270    -0.068    -0.961
 3     0.272     0.962     0.009
 3     0.924    -0.264     0.277
 4   127.026    11.722    -3.634
 4     0.603    -0.797     0.026
 4     0.708     0.520    -0.478
 4     0.367     0.307     0.878
 5   114.535    20.610    13.127
 5    -0.343    -0.497     0.797
 5     0.404    -0.844    -0.352
 5     0.848     0.201     0.490
