% Calibrated with leiden_pols
% Positions are in centimeters
Data =[
 2    96.907   -19.287    59.026
 2    -0.078    -0.997     0.003
 2     0.996    -0.078     0.032
 2    -0.033     0.005     0.999
 3   134.360    -5.199     3.682
 3     0.320    -0.084    -0.944
 3     0.272     0.962     0.007
 3     0.907    -0.260     0.330
 4   125.059    11.901    -3.506
 4     0.619    -0.785     0.036
 4     0.703     0.533    -0.471
 4     0.349     0.317     0.881
 5   120.108    17.693    19.764
 5     0.072    -0.470     0.880
 5     0.171    -0.863    -0.474
 5     0.983     0.183     0.019
 6   124.546    24.463    42.610
 6     0.091    -0.978    -0.192
 6     0.120     0.200    -0.972
 6     0.988     0.065     0.133
 7   122.710   -22.856    -2.552
 7     0.201     0.906     0.374
 7    -0.951     0.087     0.297
 7     0.237    -0.415     0.878
 8   123.461   -26.417    21.184
 8     0.189     0.585     0.790
 8    -0.011    -0.802     0.596
 8     0.982    -0.119    -0.144
 9   129.046   -30.486    43.907
 9     0.180     0.975    -0.128
 9    -0.057     0.138     0.989
 9     0.982    -0.170     0.078
 2    96.907   -19.287    59.026
 2    -0.078    -0.997     0.003
 2     0.996    -0.077     0.032
 2    -0.033     0.005     0.999
 3   134.315    -5.197     3.726
 3     0.318    -0.084    -0.944
 3     0.272     0.962     0.007
 3     0.908    -0.260     0.329
 4   125.012    11.851    -3.458
 4     0.618    -0.785     0.035
 4     0.703     0.532    -0.470
 4     0.350     0.315     0.882
 5   120.043    17.639    19.779
 5     0.072    -0.470     0.880
 5     0.172    -0.863    -0.474
 5     0.982     0.184     0.019
 6   124.546    24.488    42.659
 6     0.092    -0.978    -0.191
 6     0.120     0.199    -0.973
 6     0.988     0.066     0.133
 7   122.762   -22.853    -2.607
 7     0.204     0.905     0.375
 7    -0.950     0.089     0.299
 7     0.238    -0.416     0.877
 8   123.460   -26.418    21.235
 8     0.188     0.584     0.791
 8    -0.011    -0.803     0.595
 8     0.982    -0.119    -0.143
 9   129.046   -30.434    43.907
 9     0.179     0.976    -0.128
 9    -0.056     0.138     0.989
 9     0.982    -0.169     0.077
 2    96.907   -19.287    59.026
 2    -0.078    -0.997     0.003
 2     0.996    -0.077     0.032
 2    -0.033     0.005     0.999
 3   134.291    -5.197     3.777
 3     0.318    -0.084    -0.945
 3     0.273     0.962     0.007
 3     0.908    -0.261     0.328
 4   125.017    11.854    -3.464
 4     0.617    -0.786     0.034
 4     0.704     0.532    -0.471
 4     0.352     0.314     0.881
 5   120.042    17.640    19.832
 5     0.071    -0.469     0.880
 5     0.173    -0.863    -0.473
 5     0.982     0.185     0.020
 6   124.547    24.461    42.708
 6     0.093    -0.978    -0.190
 6     0.119     0.199    -0.973
 6     0.988     0.067     0.133
 7   122.771   -22.901    -2.569
 7     0.203     0.906     0.373
 7    -0.949     0.087     0.302
 7     0.242    -0.415     0.877
 8   123.462   -26.417    21.260
 8     0.187     0.583     0.791
 8    -0.011    -0.804     0.594
 8     0.982    -0.118    -0.143
 9   129.049   -30.433    43.933
 9     0.179     0.976    -0.127
 9    -0.056     0.137     0.989
 9     0.982    -0.170     0.076
 2    96.907   -19.236    59.026
 2    -0.078    -0.997     0.003
 2     0.996    -0.078     0.032
 2    -0.033     0.005     0.999
 3   134.247    -5.195     3.897
 3     0.316    -0.083    -0.945
 3     0.272     0.962     0.007
 3     0.909    -0.260     0.326
 4   125.018    11.803    -3.413
 4     0.617    -0.786     0.033
 4     0.703     0.532    -0.471
 4     0.352     0.314     0.881
 5   119.991    17.641    19.837
 5     0.070    -0.469     0.881
 5     0.175    -0.863    -0.473
 5     0.982     0.186     0.022
 6   124.496    24.460    42.703
 6     0.095    -0.978    -0.188
 6     0.119     0.196    -0.973
 6     0.988     0.069     0.132
 7   122.816   -22.779    -2.453
 7     0.211     0.904     0.373
 7    -0.942     0.086     0.323
 7     0.261    -0.419     0.869
 8   123.252   -26.678    20.924
 8     0.158     0.600     0.785
 8    -0.027    -0.792     0.610
 8     0.987    -0.117    -0.108
 9   128.685   -30.575    43.930
 9     0.178     0.974    -0.139
 9    -0.063     0.150     0.987
 9     0.982    -0.166     0.086
 2    96.957   -19.236    59.077
 2    -0.078    -0.997     0.002
 2     0.996    -0.078     0.032
 2    -0.033     0.005     0.999
 3   134.246    -5.144     3.897
 3     0.315    -0.085    -0.945
 3     0.273     0.962     0.005
 3     0.909    -0.260     0.326
 4   124.772    11.800    -3.203
 4     0.616    -0.786     0.054
 4     0.707     0.521    -0.479
 4     0.347     0.333     0.876
 5   119.734    17.872    19.330
 5     0.042    -0.470     0.882
 5     0.199    -0.861    -0.468
 5     0.979     0.194     0.059
 6   123.160    25.414    42.267
 6     0.019    -0.956    -0.293
 6     0.145     0.291    -0.946
 6     0.989    -0.026     0.141
 7   123.005   -22.750    -2.466
 7     0.221     0.902     0.372
 7    -0.932     0.082     0.352
 7     0.288    -0.424     0.859
 8   121.515   -27.625    19.786
 8     0.046     0.581     0.813
 8    -0.082    -0.809     0.582
 8     0.995    -0.092     0.011
 9   123.315   -34.073    43.029
 9     0.014     0.982    -0.189
 9    -0.162     0.187     0.969
 9     0.986     0.017     0.159
 2    96.907   -19.236    59.026
 2    -0.078    -0.997     0.002
 2     0.996    -0.078     0.032
 2    -0.033     0.005     0.999
 3   134.515    -5.134     4.110
 3     0.304    -0.080    -0.950
 3     0.274     0.961     0.007
 3     0.912    -0.263     0.313
 4   125.282    11.856    -3.212
 4     0.611    -0.790     0.050
 4     0.709     0.518    -0.477
 4     0.351     0.327     0.877
 5   118.073    18.562    18.390
 5    -0.066    -0.435     0.898
 5     0.274    -0.873    -0.402
 5     0.959     0.219     0.177
 6   119.328    27.653    41.241
 6    -0.111    -0.917    -0.384
 6     0.196     0.358    -0.913
 6     0.974    -0.178     0.137
 7   123.738   -22.786    -2.509
 7     0.218     0.923     0.316
 7    -0.925     0.090     0.369
 7     0.313    -0.372     0.874
 8   118.358   -30.658    18.009
 8    -0.159     0.727     0.668
 8    -0.121    -0.685     0.718
 8     0.980     0.033     0.196
 9   116.890   -36.296    41.860
 9    -0.151     0.928    -0.341
 9    -0.164     0.316     0.934
 9     0.974     0.198     0.102
 2    96.957   -19.286    59.026
 2    -0.078    -0.997     0.002
 2     0.996    -0.078     0.032
 2    -0.033     0.005     0.999
 3   134.819    -5.120     4.203
 3     0.289    -0.080    -0.954
 3     0.273     0.962     0.002
 3     0.917    -0.262     0.299
 4   125.847    11.714    -3.227
 4     0.600    -0.799     0.043
 4     0.716     0.512    -0.475
 4     0.357     0.316     0.879
 5   116.024    19.427    16.449
 5    -0.187    -0.412     0.892
 5     0.353    -0.875    -0.330
 5     0.916     0.253     0.309
 6   114.715    30.175    38.642
 6    -0.239    -0.885    -0.398
 6     0.258     0.336    -0.906
 6     0.936    -0.321     0.146
 7   124.292   -22.770    -2.506
 7     0.223     0.934     0.279
 7    -0.917     0.104     0.385
 7     0.332    -0.341     0.879
 8   115.964   -31.900    16.793
 8    -0.338     0.802     0.492
 8    -0.124    -0.556     0.822
 8     0.933     0.216     0.287
 9   111.343   -36.900    40.037
 9    -0.281     0.903    -0.325
 9    -0.140     0.296     0.945
 9     0.949     0.311     0.041
 2    96.907   -19.287    59.026
 2    -0.078    -0.997     0.003
 2     0.996    -0.077     0.032
 2    -0.033     0.005     0.999
 3   135.166    -5.101     4.259
 3     0.270    -0.068    -0.961
 3     0.272     0.962     0.009
 3     0.924    -0.264     0.277
 4   127.026    11.722    -3.634
 4     0.603    -0.797     0.026
 4     0.708     0.520    -0.478
 4     0.367     0.307     0.878
 5   114.535    20.610    13.127
 5    -0.343    -0.497     0.797
 5     0.404    -0.844    -0.352
 5     0.848     0.201     0.490
 6   110.009    32.043    34.849
 6    -0.389    -0.802    -0.453
 6     0.299     0.355    -0.885
 6     0.871    -0.480     0.101
 7   124.755   -22.591    -2.677
 7     0.212     0.946     0.245
 7    -0.914     0.104     0.391
 7     0.344    -0.307     0.887
 8   114.167   -32.425    14.872
 8    -0.457     0.778     0.432
 8    -0.159    -0.549     0.820
 8     0.875     0.306     0.374
 9   106.513   -37.674    37.423
 9    -0.394     0.868    -0.303
 9    -0.142     0.267     0.953
 9     0.908     0.418     0.017
 2    96.908   -19.287    59.026
 2    -0.077    -0.997     0.001
 2     0.996    -0.077     0.032
 2    -0.033     0.003     0.999
 3   135.528    -4.913     4.403
 3     0.258    -0.048    -0.965
 3     0.265     0.964     0.023
 3     0.929    -0.262     0.261
 4   127.976    11.956    -4.031
 4     0.578    -0.816    -0.018
 4     0.714     0.516    -0.473
 4     0.394     0.260     0.881
 5   112.369    21.251     9.284
 5    -0.531    -0.560     0.637
 5     0.428    -0.825    -0.368
 5     0.731     0.077     0.677
 6   103.694    33.004    29.594
 6    -0.553    -0.706    -0.442
 6     0.319     0.310    -0.895
 6     0.770    -0.636     0.054
 7   124.833   -22.195    -2.854
 7     0.183     0.966     0.181
 7    -0.916     0.100     0.388
 7     0.357    -0.237     0.903
 8   111.790   -32.984    12.471
 8    -0.596     0.727     0.342
 8    -0.193    -0.542     0.818
 8     0.780     0.421     0.463
 9   101.375   -38.202    33.891
 9    -0.517     0.789    -0.332
 9    -0.133     0.309     0.942
 9     0.846     0.530    -0.054
 2    96.905   -19.287    59.029
 2    -0.078    -0.997     0.001
 2     0.996    -0.077     0.033
 2    -0.034     0.004     0.999
 3   135.724    -4.765     4.270
 3     0.236    -0.039    -0.971
 3     0.249     0.968     0.022
 3     0.939    -0.248     0.237
 4   128.036    12.237    -4.291
 4     0.514    -0.857    -0.038
 4     0.757     0.474    -0.448
 4     0.401     0.202     0.893
 5   110.390    20.680     6.775
 5    -0.637    -0.512     0.578
 5     0.437    -0.856    -0.275
 5     0.634     0.077     0.768
 6    99.305    33.035    25.143
 6    -0.641    -0.663    -0.387
 6     0.328     0.218    -0.919
 6     0.693    -0.716     0.078
 7   125.297   -21.768    -3.333
 7     0.154     0.982     0.110
 7    -0.914     0.099     0.394
 7     0.376    -0.161     0.912
 8   109.921   -32.937     9.550
 8    -0.703     0.644     0.302
 8    -0.222    -0.602     0.767
 8     0.675     0.472     0.566
 9    96.621   -38.491    29.442
 9    -0.620     0.721    -0.311
 9    -0.140     0.288     0.947
 9     0.772     0.630    -0.078
 2    96.908   -19.287    59.026
 2    -0.077    -0.997     0.001
 2     0.996    -0.077     0.032
 2    -0.033     0.003     0.999
 3   136.008    -4.601     4.119
 3     0.223    -0.028    -0.974
 3     0.229     0.973     0.025
 3     0.947    -0.229     0.223
 4   127.604    12.010    -4.865
 4     0.434    -0.900    -0.052
 4     0.820     0.418    -0.390
 4     0.372     0.127     0.919
 5   108.713    19.536     3.703
 5    -0.726    -0.449     0.522
 5     0.431    -0.887    -0.163
 5     0.536     0.106     0.837
 6    95.250    32.328    19.987
 6    -0.726    -0.596    -0.345
 6     0.325     0.145    -0.934
 6     0.606    -0.790     0.088
 7   125.139   -21.634    -3.589
 7     0.105     0.992     0.059
 7    -0.926     0.076     0.369
 7     0.362    -0.094     0.927
 8   108.200   -32.353     7.083
 8    -0.786     0.551     0.281
 8    -0.215    -0.669     0.711
 8     0.579     0.498     0.644
 9    93.175   -38.023    25.601
 9    -0.700     0.657    -0.282
 9    -0.145     0.255     0.956
 9     0.699     0.709    -0.083
 2    96.908   -19.287    59.077
 2    -0.077    -0.997     0.001
 2     0.996    -0.077     0.032
 2    -0.033     0.003     0.999
 3   136.050    -4.596     3.949
 3     0.219    -0.024    -0.976
 3     0.227     0.973     0.027
 3     0.949    -0.228     0.218
 4   127.416    11.403    -5.753
 4     0.366    -0.928    -0.064
 4     0.874     0.366    -0.320
 4     0.319     0.062     0.945
 5   107.852    18.854     0.069
 5    -0.799    -0.434     0.417
 5     0.432    -0.896    -0.103
 5     0.418     0.098     0.903
 6    92.690    32.065    14.165
 6    -0.805    -0.468    -0.367
 6     0.329     0.161    -0.930
 6     0.494    -0.869     0.024
 7   125.476   -21.491    -3.755
 7     0.074     0.997     0.024
 7    -0.937     0.061     0.345
 7     0.343    -0.049     0.938
 8   107.825   -31.837     5.581
 8    -0.828     0.495     0.264
 8    -0.212    -0.712     0.669
 8     0.519     0.498     0.694
 9    91.298   -38.098    22.598
 9    -0.756     0.591    -0.283
 9    -0.170     0.239     0.956
 9     0.632     0.770    -0.080
 2    96.908   -19.287    59.026
 2    -0.077    -0.997     0.001
 2     0.996    -0.077     0.032
 2    -0.033     0.004     0.999
 3   136.308    -4.567     4.076
 3     0.214    -0.027    -0.976
 3     0.237     0.971     0.025
 3     0.947    -0.237     0.214
 4   127.534    10.771    -6.262
 4     0.320    -0.943    -0.088
 4     0.907     0.332    -0.260
 4     0.274     0.003     0.961
 5   107.650    18.108    -2.511
 5    -0.844    -0.429     0.322
 5     0.435    -0.898    -0.054
 5     0.312     0.094     0.945
 6    91.229    31.758     9.527
 6    -0.856    -0.360    -0.370
 6     0.341     0.143    -0.929
 6     0.387    -0.922    -0.000
 7   125.881   -21.518    -3.818
 7     0.047     0.999    -0.012
 7    -0.942     0.048     0.331
 7     0.331    -0.005     0.943
 8   107.599   -31.489     4.534
 8    -0.859     0.451     0.242
 8    -0.205    -0.736     0.645
 8     0.469     0.504     0.724
 9    90.003   -38.343    20.118
 9    -0.801     0.519    -0.298
 9    -0.195     0.245     0.949
 9     0.566     0.819    -0.095
 2    96.908   -19.287    59.026
 2    -0.077    -0.997     0.001
 2     0.996    -0.077     0.032
 2    -0.033     0.004     0.999
 3   136.417    -4.515     4.098
 3     0.214    -0.030    -0.976
 3     0.247     0.969     0.024
 3     0.945    -0.246     0.214
 4   127.396    10.293    -6.779
 4     0.289    -0.952    -0.103
 4     0.927     0.305    -0.218
 4     0.237    -0.032     0.970
 5   107.424    17.252    -4.117
 5    -0.873    -0.411     0.265
 5     0.417    -0.908    -0.032
 5     0.254     0.082     0.963
 6    90.073    30.597     6.641
 6    -0.890    -0.289    -0.353
 6     0.324     0.143    -0.935
 6     0.320    -0.947    -0.035
 7   126.075   -21.448    -3.890
 7     0.019     0.999    -0.048
 7    -0.949     0.032     0.313
 7     0.314     0.039     0.948
 8   107.411   -31.087     3.321
 8    -0.886     0.407     0.223
 8    -0.194    -0.761     0.620
 8     0.422     0.505     0.752
 9    88.664   -38.427    17.399
 9    -0.847     0.441    -0.298
 9    -0.212     0.234     0.948
 9     0.488     0.866    -0.105
 2    96.908   -19.287    59.026
 2    -0.077    -0.997     0.001
 2     0.996    -0.077     0.032
 2    -0.033     0.004     0.999
 3   136.511    -4.461     4.113
 3     0.210    -0.029    -0.977
 3     0.254     0.966     0.026
 3     0.944    -0.255     0.210
 4   127.675     9.927    -7.062
 4     0.265    -0.956    -0.125
 4     0.939     0.285    -0.190
 4     0.216    -0.067     0.974
 5   107.547    16.856    -5.313
 5    -0.888    -0.407     0.214
 5     0.413    -0.911    -0.019
 5     0.202     0.071     0.977
 6    89.785    30.420     4.057
 6    -0.909    -0.217    -0.356
 6     0.334     0.130    -0.933
 6     0.248    -0.968    -0.046
 7   126.352   -21.345    -4.071
 7    -0.000     0.997    -0.075
 7    -0.954     0.021     0.299
 7     0.299     0.071     0.951
 8   107.486   -30.922     2.325
 8    -0.903     0.384     0.191
 8    -0.199    -0.770     0.605
 8     0.380     0.508     0.772
 9    87.705   -39.033    14.833
 9    -0.881     0.362    -0.303
 9    -0.243     0.204     0.948
 9     0.405     0.909    -0.092
 2    96.908   -19.236    59.026
 2    -0.078    -0.997     0.001
 2     0.996    -0.077     0.032
 2    -0.033     0.003     0.999
 3   136.587    -4.555     4.197
 3     0.201    -0.023    -0.979
 3     0.261     0.965     0.031
 3     0.944    -0.262     0.200
 4   128.033     9.523    -7.281
 4     0.236    -0.959    -0.154
 4     0.949     0.261    -0.176
 4     0.208    -0.104     0.972
 5   107.838    16.413    -6.370
 5    -0.901    -0.402     0.163
 5     0.404    -0.914    -0.018
 5     0.156     0.050     0.986
 6    89.686    29.926     2.195
 6    -0.924    -0.156    -0.348
 6     0.330     0.131    -0.935
 6     0.191    -0.979    -0.070
 7   126.851   -21.435    -4.004
 7    -0.015     0.994    -0.103
 7    -0.956     0.016     0.293
 7     0.293     0.103     0.950
 8   107.767   -30.778     2.013
 8    -0.916     0.360     0.175
 8    -0.188    -0.772     0.607
 8     0.354     0.524     0.775
 9    87.808   -38.967    14.107
 9    -0.895     0.318    -0.314
 9    -0.245     0.239     0.940
 9     0.373     0.918    -0.136
 2    96.908   -19.287    59.026
 2    -0.077    -0.997     0.001
 2     0.996    -0.077     0.032
 2    -0.033     0.004     0.999
 3   136.959    -4.615     4.458
 3     0.184    -0.020    -0.983
 3     0.262     0.964     0.029
 3     0.947    -0.264     0.183
 4   128.345     9.588    -7.156
 4     0.237    -0.960    -0.147
 4     0.945     0.263    -0.196
 4     0.225    -0.093     0.969
 5   108.232    16.836    -5.687
 5    -0.894    -0.414     0.173
 5     0.410    -0.910    -0.055
 5     0.180     0.021     0.983
 6    90.474    30.677     3.420
 6    -0.913    -0.174    -0.370
 6     0.347     0.145    -0.926
 6     0.215    -0.974    -0.072
 7   126.825   -21.528    -3.898
 7    -0.014     0.996    -0.090
 7    -0.954     0.013     0.301
 7     0.301     0.090     0.949
 8   107.699   -30.792     2.611
 8    -0.910     0.372     0.183
 8    -0.183    -0.757     0.627
 8     0.371     0.537     0.757
 9    87.790   -39.013    15.022
 9    -0.893     0.302    -0.335
 9    -0.252     0.282     0.925
 9     0.373     0.910    -0.177
 2    96.905   -19.287    59.029
 2    -0.078    -0.997     0.001
 2     0.996    -0.077     0.033
 2    -0.034     0.003     0.999
 3   136.896    -4.628     4.343
 3     0.199    -0.018    -0.980
 3     0.259     0.965     0.035
 3     0.945    -0.261     0.196
 4   127.993     9.758    -7.135
 4     0.260    -0.957    -0.130
 4     0.939     0.281    -0.198
 4     0.224    -0.070     0.971
 5   108.210    17.621    -5.529
 5    -0.879    -0.443     0.175
 5     0.438    -0.896    -0.066
 5     0.186     0.019     0.982
 6    90.751    31.822     3.846
 6    -0.901    -0.180    -0.396
 6     0.372     0.151    -0.916
 6     0.224    -0.972    -0.069
 7   126.382   -21.350    -3.915
 7    -0.013     0.997    -0.070
 7    -0.954     0.008     0.300
 7     0.300     0.070     0.951
 8   107.313   -30.528     2.916
 8    -0.905     0.376     0.199
 8    -0.176    -0.757     0.629
 8     0.387     0.534     0.751
 9    87.613   -38.598    15.630
 9    -0.889     0.305    -0.341
 9    -0.246     0.310     0.918
 9     0.386     0.900    -0.201
 2    96.905   -19.237    59.029
 2    -0.078    -0.997     0.001
 2     0.996    -0.078     0.033
 2    -0.034     0.004     0.999
 3   136.763    -4.513     4.165
 3     0.211    -0.020    -0.977
 3     0.252     0.967     0.035
 3     0.944    -0.254     0.209
 4   127.652     9.991    -7.107
 4     0.260    -0.959    -0.118
 4     0.938     0.279    -0.206
 4     0.230    -0.057     0.971
 5   107.748    17.685    -5.108
 5    -0.882    -0.434     0.183
 5     0.426    -0.901    -0.085
 5     0.202     0.003     0.979
 6    90.211    31.479     4.649
 6    -0.904    -0.189    -0.384
 6     0.355     0.171    -0.919
 6     0.239    -0.967    -0.088
 7   126.202   -21.171    -3.958
 7    -0.003     0.998    -0.065
 7    -0.955     0.016     0.297
 7     0.297     0.062     0.952
 8   107.511   -30.737     3.027
 8    -0.898     0.394     0.197
 8    -0.191    -0.751     0.632
 8     0.396     0.530     0.749
 9    88.199   -39.437    16.092
 9    -0.881     0.300    -0.367
 9    -0.266     0.328     0.906
 9     0.393     0.895    -0.210
 2    96.907   -19.287    59.026
 2    -0.078    -0.997     0.001
 2     0.996    -0.078     0.032
 2    -0.033     0.004     0.999
 3   136.612    -4.391     4.191
 3     0.215    -0.033    -0.976
 3     0.259     0.965     0.024
 3     0.941    -0.259     0.216
 4   127.249    10.041    -7.015
 4     0.264    -0.959    -0.100
 4     0.936     0.279    -0.212
 4     0.231    -0.038     0.972
 5   107.808    18.078    -3.766
 5    -0.867    -0.448     0.217
 5     0.429    -0.894    -0.131
 5     0.253    -0.020     0.967
 6    91.323    31.811     8.427
 6    -0.879    -0.246    -0.408
 6     0.359     0.220    -0.907
 6     0.313    -0.944    -0.105
 7   126.380   -21.555    -3.605
 7     0.040     0.999    -0.018
 7    -0.946     0.043     0.321
 7     0.321     0.003     0.947
 8   108.899   -31.810     6.105
 8    -0.841     0.492     0.227
 8    -0.213    -0.685     0.696
 8     0.498     0.537     0.681
 9    92.245   -40.194    22.236
 9    -0.800     0.425    -0.424
 9    -0.269     0.377     0.886
 9     0.536     0.823    -0.187
 2    96.907   -19.236    59.026
 2    -0.078    -0.997     0.001
 2     0.996    -0.078     0.032
 2    -0.033     0.004     0.999
 3   136.748    -4.467     4.495
 3     0.214    -0.043    -0.976
 3     0.279     0.960     0.019
 3     0.936    -0.277     0.218
 4   127.464    10.580    -6.385
 4     0.376    -0.925    -0.050
 4     0.885     0.374    -0.278
 4     0.275     0.061     0.959
 5   109.698    20.782     1.509
 5    -0.764    -0.562     0.317
 5     0.462    -0.819    -0.340
 5     0.450    -0.113     0.885
 6    97.428    33.751    18.856
 6    -0.753    -0.397    -0.525
 6     0.380     0.388    -0.839
 6     0.537    -0.831    -0.141
 7   126.134   -21.765    -3.188
 7     0.115     0.991     0.069
 7    -0.930     0.083     0.357
 7     0.348    -0.105     0.931
 8   111.571   -33.036    10.467
 8    -0.693     0.669     0.269
 8    -0.252    -0.575     0.778
 8     0.675     0.471     0.567
 9    99.898   -41.205    30.273
 9    -0.621     0.604    -0.500
 9    -0.273     0.431     0.860
 9     0.735     0.670    -0.103
 2    96.905   -19.287    59.029
 2    -0.078    -0.997     0.001
 2     0.996    -0.077     0.033
 2    -0.034     0.004     0.999
 3   136.404    -4.420     4.720
 3     0.246    -0.041    -0.968
 3     0.276     0.960     0.030
 3     0.929    -0.275     0.247
 4   127.166    11.405    -5.641
 4     0.515    -0.857    -0.001
 4     0.798     0.479    -0.365
 4     0.312     0.187     0.931
 5   113.555    23.675     7.680
 5    -0.552    -0.735     0.395
 5     0.482    -0.667    -0.568
 5     0.680    -0.122     0.722
 6   107.315    34.864    29.250
 6    -0.537    -0.499    -0.681
 6     0.383     0.575    -0.723
 6     0.752    -0.649    -0.118
 7   125.193   -21.760    -2.885
 7     0.180     0.971     0.159
 7    -0.914     0.104     0.392
 7     0.365    -0.216     0.906
 8   114.832   -33.754    14.052
 8    -0.502     0.818     0.282
 8    -0.275    -0.460     0.845
 8     0.820     0.346     0.455
 9   107.978   -41.497    35.965
 9    -0.425     0.711    -0.560
 9    -0.272     0.489     0.828
 9     0.863     0.505    -0.015
 2    96.958   -19.286    59.026
 2    -0.078    -0.997     0.001
 2     0.996    -0.077     0.032
 2    -0.033     0.003     0.999
 3   135.817    -4.364     4.294
 3     0.296    -0.040    -0.954
 3     0.260     0.964     0.041
 3     0.919    -0.261     0.296
 4   126.692    12.116    -4.564
 4     0.597    -0.802     0.012
 4     0.721     0.530    -0.447
 4     0.351     0.275     0.895
 5   117.395    24.234    13.226
 5    -0.333    -0.831     0.445
 5     0.429    -0.554    -0.714
 5     0.839    -0.047     0.541
 6   115.795    33.213    36.514
 6    -0.340    -0.575    -0.744
 6     0.333     0.666    -0.667
 6     0.879    -0.475    -0.036
 7   124.565   -21.724    -2.456
 7     0.210     0.954     0.214
 7    -0.899     0.103     0.424
 7     0.383    -0.282     0.880
 8   118.118   -33.354    16.816
 8    -0.333     0.900     0.280
 8    -0.247    -0.370     0.895
 8     0.910     0.228     0.345
 9   114.797   -40.073    39.817
 9    -0.268     0.778    -0.568
 9    -0.243     0.516     0.821
 9     0.932     0.359     0.050
 2    96.905   -19.287    59.029
 2    -0.078    -0.997     0.001
 2     0.996    -0.077     0.033
 2    -0.034     0.003     0.999
 3   135.561    -4.328     4.226
 3     0.312    -0.043    -0.949
 3     0.259     0.965     0.041
 3     0.914    -0.260     0.312
 4   126.496    12.488    -3.563
 4     0.619    -0.785     0.016
 4     0.684     0.530    -0.500
 4     0.384     0.320     0.866
 5   119.870    23.405    16.545
 5    -0.188    -0.841     0.507
 5     0.347    -0.540    -0.767
 5     0.919     0.032     0.393
 6   120.676    30.653    40.283
 6    -0.214    -0.650    -0.729
 6     0.267     0.678    -0.684
 6     0.939    -0.342     0.027
 7   124.097   -21.756    -1.996
 7     0.212     0.946     0.244
 7    -0.891     0.084     0.444
 7     0.400    -0.312     0.862
 8   119.939   -32.349    18.538
 8    -0.225     0.927     0.301
 8    -0.202    -0.347     0.916
 8     0.953     0.145     0.265
 9   118.616   -38.044    41.990
 9    -0.173     0.818    -0.548
 9    -0.207     0.513     0.833
 9     0.963     0.259     0.079
 2    96.908   -19.287    59.026
 2    -0.077    -0.997     0.001
 2     0.996    -0.077     0.032
 2    -0.033     0.004     0.999
 3   135.260    -4.340     4.249
 3     0.324    -0.052    -0.945
 3     0.258     0.965     0.036
 3     0.910    -0.256     0.326
 4   125.983    12.492    -3.189
 4     0.625    -0.780     0.028
 4     0.676     0.522    -0.520
 4     0.391     0.344     0.853
 5   120.856    21.855    18.415
 5    -0.085    -0.791     0.606
 5     0.282    -0.602    -0.746
 5     0.956     0.107     0.275
 6   123.365    28.645    41.743
 6    -0.108    -0.787    -0.608
 6     0.217     0.577    -0.787
 6     0.970    -0.219     0.107
 7   123.880   -21.820    -1.717
 7     0.216     0.940     0.263
 7    -0.886     0.076     0.456
 7     0.409    -0.332     0.850
 8   121.140   -31.291    19.612
 8    -0.129     0.908     0.398
 8    -0.169    -0.416     0.893
 8     0.977     0.048     0.207
 9   121.690   -36.795    43.036
 9    -0.084     0.898    -0.432
 9    -0.193     0.409     0.891
 9     0.977     0.160     0.137
 2    96.908   -19.287    59.026
 2    -0.077    -0.997     0.001
 2     0.996    -0.077     0.032
 2    -0.033     0.003     0.999
 3   135.020    -4.318     4.185
 3     0.328    -0.062    -0.943
 3     0.262     0.964     0.027
 3     0.908    -0.256     0.332
 4   125.538    12.538    -2.928
 4     0.625    -0.779     0.049
 4     0.677     0.511    -0.529
 4     0.386     0.364     0.847
 5   121.842    19.881    19.715
 5     0.019    -0.684     0.729
 5     0.213    -0.710    -0.671
 5     0.977     0.166     0.133
 6   125.940    26.173    42.747
 6    -0.007    -0.892    -0.454
 6     0.164     0.445    -0.880
 6     0.986    -0.082     0.140
 7   123.076   -21.705    -1.590
 7     0.204     0.928     0.312
 7    -0.894     0.046     0.445
 7     0.399    -0.369     0.839
 8   122.642   -28.746    20.614
 8     0.019     0.821     0.571
 8    -0.125    -0.564     0.815
 8     0.992    -0.086     0.093
 9   125.733   -33.924    44.051
 9     0.049     0.979    -0.199
 9    -0.156     0.202     0.967
 9     0.986    -0.016     0.161
 2    96.905   -19.287    59.029
 2    -0.078    -0.997     0.001
 2     0.996    -0.077     0.033
 2    -0.034     0.004     0.999
 3   134.755    -4.330     4.101
 3     0.340    -0.058    -0.939
 3     0.255     0.966     0.033
 3     0.905    -0.252     0.343
 4   125.275    12.665    -2.719
 4     0.633    -0.772     0.050
 4     0.667     0.512    -0.540
 4     0.391     0.375     0.840
 5   122.704    18.783    20.257
 5     0.082    -0.658     0.750
 5     0.163    -0.733    -0.660
 5     0.983     0.175     0.048
 6   127.598    24.495    43.374
 6     0.051    -0.921    -0.389
 6     0.129     0.390    -0.911
 6     0.990    -0.005     0.135
 7   122.683   -21.707    -1.529
 7     0.199     0.923     0.331
 7    -0.895     0.033     0.443
 7     0.398    -0.384     0.833
 8   124.193   -27.103    21.646
 8     0.141     0.736     0.662
 8    -0.084    -0.658     0.748
 8     0.986    -0.161    -0.031
 9   129.302   -31.804    44.675
 9     0.160     0.984    -0.078
 9    -0.119     0.095     0.988
 9     0.980    -0.148     0.130
 2    96.908   -19.287    59.026
 2    -0.077    -0.997     0.001
 2     0.996    -0.077     0.032
 2    -0.033     0.004     0.999
 3   134.453    -4.337     3.998
 3     0.348    -0.071    -0.935
 3     0.259     0.965     0.024
 3     0.901    -0.251     0.354
 4   124.761    12.652    -2.725
 4     0.636    -0.769     0.062
 4     0.673     0.514    -0.532
 4     0.376     0.380     0.844
 5   123.186    18.259    20.655
 5     0.141    -0.621     0.772
 5     0.147    -0.758    -0.635
 5     0.979     0.201    -0.015
 6   128.764    24.248    43.420
 6     0.117    -0.949    -0.295
 6     0.129     0.306    -0.943
 6     0.984     0.071     0.155
 7   122.551   -21.772    -1.509
 7     0.212     0.920     0.331
 7    -0.902     0.053     0.427
 7     0.375    -0.388     0.841
 8   125.401   -26.839    22.333
 8     0.232     0.713     0.662
 8    -0.069    -0.667     0.741
 8     0.970    -0.217    -0.104
 9   132.002   -30.897    44.881
 9     0.243     0.969    -0.051
 9    -0.093     0.073     0.993
 9     0.965    -0.237     0.105
 2    96.905   -19.287    59.029
 2    -0.078    -0.997     0.002
 2     0.996    -0.077     0.033
 2    -0.034     0.004     0.999
 3   134.265    -4.187     4.011
 3     0.349    -0.079    -0.934
 3     0.264     0.964     0.017
 3     0.899    -0.254     0.357
 4   124.521    12.719    -2.906
 4     0.645    -0.761     0.073
 4     0.685     0.533    -0.496
 4     0.338     0.369     0.865
 5   123.021    18.190    20.865
 5     0.165    -0.589     0.792
 5     0.139    -0.781    -0.608
 5     0.976     0.209    -0.046
 6   129.006    24.056    43.481
 6     0.151    -0.953    -0.265
 6     0.110     0.280    -0.953
 6     0.982     0.114     0.144
 7   122.075   -21.813    -1.575
 7     0.187     0.924     0.335
 7    -0.920     0.045     0.388
 7     0.344    -0.380     0.859
 8   124.581   -26.081    23.071
 8     0.282     0.617     0.735
 8    -0.060    -0.753     0.655
 8     0.957    -0.228    -0.175
 9   131.740   -30.296    45.016
 9     0.281     0.959     0.019
 9    -0.081     0.002     0.997
 9     0.956    -0.281     0.076
 2    96.907   -19.287    59.026
 2    -0.078    -0.997     0.002
 2     0.996    -0.077     0.032
 2    -0.033     0.004     0.999
 3   134.178    -4.425     3.853
 3     0.360    -0.067    -0.931
 3     0.260     0.965     0.032
 3     0.896    -0.254     0.364
 4   124.593    12.604    -2.992
 4     0.653    -0.753     0.075
 4     0.683     0.544    -0.486
 4     0.325     0.368     0.871
 5   122.698    18.215    21.095
 5     0.195    -0.568     0.801
 5     0.133    -0.793    -0.594
 5     0.972     0.220    -0.077
 6   129.008    24.015    43.408
 6     0.160    -0.951    -0.268
 6     0.098     0.282    -0.954
 6     0.982     0.125     0.135
 7   121.813   -21.909    -1.695
 7     0.174     0.923     0.342
 7    -0.928     0.038     0.369
 7     0.328    -0.381     0.864
 8   124.041   -26.083    23.389
 8     0.329     0.592     0.736
 8    -0.054    -0.766     0.640
 8     0.943    -0.250    -0.219
 9   131.636   -30.152    44.925
 9     0.298     0.954    -0.005
 9    -0.062     0.022     0.998
 9     0.952    -0.297     0.064
 2    96.905   -19.287    59.029
 2    -0.078    -0.997     0.001
 2     0.996    -0.077     0.033
 2    -0.034     0.003     0.999
 3   134.129    -4.527     3.802
 3     0.361    -0.064    -0.930
 3     0.259     0.965     0.035
 3     0.896    -0.254     0.365
 4   124.586    12.576    -3.033
 4     0.654    -0.753     0.076
 4     0.684     0.545    -0.484
 4     0.322     0.368     0.872
 5   122.627    18.255    21.056
 5     0.203    -0.566     0.800
 5     0.130    -0.794    -0.593
 5     0.970     0.223    -0.086
 6   128.906    24.012    43.350
 6     0.163    -0.952    -0.262
 6     0.096     0.276    -0.956
 6     0.982     0.129     0.133
 7   121.990   -22.021    -1.822
 7     0.185     0.925     0.332
 7    -0.932     0.058     0.355
 7     0.310    -0.375     0.873
 8   124.374   -26.255    23.243
 8     0.331     0.619     0.713
 8    -0.044    -0.744     0.666
 8     0.942    -0.251    -0.218
 9   131.866   -30.094    44.810
 9     0.292     0.955    -0.058
 9    -0.056     0.075     0.996
 9     0.955    -0.286     0.073
];