% Calibrated with leiden_pols
% Positions are in centimeters
Data =[
 2    96.105   -19.368    59.872
 2    -0.210    -0.975    -0.065
 2     0.947    -0.220     0.233
 2    -0.242    -0.012     0.970
 3   131.908    -3.871     5.432
 3     0.465    -0.042    -0.884
 3     0.225     0.971     0.073
 3     0.856    -0.233     0.461
 4   119.700    10.470    -3.783
 4     0.753    -0.593     0.286
 4     0.631     0.773    -0.059
 4    -0.187     0.225     0.956
 5   120.927    18.667    11.243
 5     0.511    -0.572     0.642
 5     0.248    -0.617    -0.747
 5     0.823     0.540    -0.174
 6   134.177    22.125    36.155
 6     0.269    -0.538    -0.798
 6     0.071     0.838    -0.541
 6     0.960     0.088     0.264
 7   120.326   -20.557    -2.114
 7     0.763     0.645     0.018
 7    -0.637     0.749     0.181
 7     0.103    -0.150     0.983
 8   119.668   -22.942    18.226
 8     0.396     0.185     0.899
 8    -0.222    -0.931     0.290
 8     0.891    -0.315    -0.327
 9   127.356   -28.624    34.851
 9     0.405     0.849     0.339
 9    -0.112    -0.322     0.940
 9     0.907    -0.419    -0.035
 2    96.105   -19.368    59.872
 2    -0.210    -0.975    -0.065
 2     0.947    -0.220     0.234
 2    -0.242    -0.012     0.970
 3   131.854    -3.923     5.439
 3     0.466    -0.041    -0.884
 3     0.225     0.971     0.074
 3     0.855    -0.234     0.462
 4   119.752    10.471    -3.735
 4     0.753    -0.593     0.286
 4     0.631     0.773    -0.059
 4    -0.186     0.225     0.956
 5   120.927    18.693    11.244
 5     0.510    -0.572     0.642
 5     0.248    -0.617    -0.747
 5     0.823     0.540    -0.173
 6   134.151    22.126    36.154
 6     0.269    -0.538    -0.799
 6     0.072     0.838    -0.541
 6     0.960     0.088     0.264
 7   120.278   -20.557    -2.117
 7     0.763     0.646     0.017
 7    -0.638     0.749     0.181
 7     0.104    -0.149     0.983
 8   119.668   -22.942    18.227
 8     0.395     0.185     0.899
 8    -0.222    -0.931     0.290
 8     0.891    -0.315    -0.327
 9   127.306   -28.649    34.851
 9     0.405     0.848     0.340
 9    -0.112    -0.323     0.940
 9     0.907    -0.419    -0.036
 2    96.105   -19.368    59.872
 2    -0.211    -0.975    -0.065
 2     0.947    -0.220     0.233
 2    -0.242    -0.012     0.970
 3   131.855    -3.923     5.439
 3     0.467    -0.040    -0.883
 3     0.225     0.971     0.075
 3     0.855    -0.234     0.462
 4   119.752    10.446    -3.786
 4     0.753    -0.592     0.286
 4     0.630     0.774    -0.060
 4    -0.186     0.225     0.956
 5   120.932    18.668    11.290
 5     0.510    -0.573     0.641
 5     0.247    -0.616    -0.748
 5     0.824     0.540    -0.173
 6   134.176    22.152    36.206
 6     0.268    -0.538    -0.799
 6     0.072     0.838    -0.541
 6     0.960     0.087     0.264
 7   120.278   -20.608    -2.116
 7     0.762     0.646     0.017
 7    -0.638     0.748     0.181
 7     0.104    -0.149     0.983
 8   119.643   -22.916    18.226
 8     0.396     0.185     0.899
 8    -0.222    -0.931     0.290
 8     0.891    -0.315    -0.327
 9   127.306   -28.573    34.902
 9     0.405     0.849     0.340
 9    -0.112    -0.323     0.940
 9     0.907    -0.419    -0.036
 2    96.105   -19.368    59.872
 2    -0.210    -0.975    -0.065
 2     0.947    -0.220     0.233
 2    -0.242    -0.012     0.970
 3   131.855    -4.000     5.464
 3     0.467    -0.039    -0.884
 3     0.224     0.971     0.076
 3     0.855    -0.234     0.462
 4   119.757    10.473    -3.740
 4     0.754    -0.593     0.284
 4     0.630     0.774    -0.060
 4    -0.184     0.224     0.957
 5   120.882    18.668    11.239
 5     0.510    -0.574     0.641
 5     0.247    -0.616    -0.748
 5     0.824     0.540    -0.173
 6   134.176    22.076    36.205
 6     0.269    -0.538    -0.799
 6     0.072     0.838    -0.540
 6     0.960     0.088     0.264
 7   120.279   -20.557    -2.065
 7     0.762     0.646     0.017
 7    -0.638     0.748     0.181
 7     0.104    -0.150     0.983
 8   119.668   -22.916    18.176
 8     0.396     0.186     0.899
 8    -0.222    -0.931     0.291
 8     0.891    -0.315    -0.327
 9   127.257   -28.573    34.851
 9     0.405     0.849     0.339
 9    -0.112    -0.323     0.940
 9     0.907    -0.419    -0.036
 2    96.105   -19.368    59.872
 2    -0.210    -0.975    -0.064
 2     0.947    -0.220     0.233
 2    -0.242    -0.012     0.970
 3   131.854    -3.948     5.464
 3     0.466    -0.040    -0.884
 3     0.225     0.971     0.075
 3     0.855    -0.234     0.462
 4   119.757    10.447    -3.689
 4     0.754    -0.592     0.284
 4     0.630     0.774    -0.061
 4    -0.184     0.224     0.957
 5   120.932    18.693    11.240
 5     0.510    -0.574     0.641
 5     0.247    -0.616    -0.748
 5     0.824     0.540    -0.172
 6   134.151    22.126    36.205
 6     0.269    -0.538    -0.799
 6     0.072     0.838    -0.540
 6     0.960     0.088     0.264
 7   120.279   -20.557    -2.065
 7     0.763     0.646     0.017
 7    -0.638     0.748     0.182
 7     0.104    -0.150     0.983
 8   119.642   -22.917    18.227
 8     0.395     0.187     0.899
 8    -0.222    -0.931     0.291
 8     0.891    -0.315    -0.326
 9   127.306   -28.573    34.902
 9     0.405     0.849     0.340
 9    -0.112    -0.323     0.940
 9     0.907    -0.419    -0.036
 2    96.105   -19.317    59.872
 2    -0.211    -0.975    -0.065
 2     0.947    -0.220     0.234
 2    -0.242    -0.012     0.970
 3   131.854    -3.948     5.464
 3     0.466    -0.040    -0.884
 3     0.225     0.971     0.075
 3     0.855    -0.234     0.462
 4   119.810    10.448    -3.743
 4     0.755    -0.592     0.283
 4     0.630     0.774    -0.061
 4    -0.183     0.224     0.957
 5   120.932    18.693    11.240
 5     0.510    -0.574     0.640
 5     0.247    -0.615    -0.748
 5     0.824     0.540    -0.172
 6   134.152    22.126    36.206
 6     0.268    -0.538    -0.799
 6     0.072     0.838    -0.540
 6     0.960     0.087     0.264
 7   120.278   -20.557    -2.065
 7     0.762     0.646     0.017
 7    -0.638     0.748     0.182
 7     0.104    -0.149     0.983
 8   119.642   -22.917    18.227
 8     0.395     0.187     0.899
 8    -0.222    -0.930     0.291
 8     0.891    -0.315    -0.326
 9   127.257   -28.624    34.851
 9     0.405     0.848     0.340
 9    -0.113    -0.323     0.939
 9     0.907    -0.419    -0.036
 2    96.105   -19.368    59.872
 2    -0.210    -0.975    -0.065
 2     0.947    -0.220     0.234
 2    -0.242    -0.012     0.970
 3   131.834    -3.947     5.458
 3     0.466    -0.040    -0.884
 3     0.224     0.971     0.074
 3     0.856    -0.233     0.461
 4   119.812    10.449    -3.695
 4     0.754    -0.592     0.282
 4     0.630     0.774    -0.061
 4    -0.182     0.224     0.957
 5   120.932    18.668    11.291
 5     0.510    -0.575     0.640
 5     0.247    -0.615    -0.749
 5     0.824     0.540    -0.172
 6   134.151    22.126    36.256
 6     0.269    -0.538    -0.799
 6     0.072     0.838    -0.540
 6     0.960     0.088     0.264
 7   120.256   -20.556    -2.068
 7     0.763     0.646     0.016
 7    -0.638     0.748     0.182
 7     0.105    -0.150     0.983
 8   119.643   -22.943    18.227
 8     0.395     0.187     0.899
 8    -0.223    -0.930     0.291
 8     0.891    -0.315    -0.326
 9   127.256   -28.573    34.902
 9     0.405     0.848     0.340
 9    -0.112    -0.323     0.939
 9     0.907    -0.419    -0.036
 2    96.105   -19.368    59.923
 2    -0.210    -0.975    -0.065
 2     0.947    -0.220     0.234
 2    -0.242    -0.012     0.970
 3   131.784    -3.998     5.458
 3     0.466    -0.040    -0.884
 3     0.225     0.971     0.075
 3     0.856    -0.234     0.461
 4   119.762    10.449    -3.695
 4     0.754    -0.593     0.282
 4     0.630     0.773    -0.062
 4    -0.182     0.224     0.957
 5   120.933    18.667    11.291
 5     0.510    -0.575     0.639
 5     0.246    -0.615    -0.749
 5     0.824     0.540    -0.172
 6   134.152    22.075    36.257
 6     0.269    -0.538    -0.799
 6     0.071     0.838    -0.540
 6     0.960     0.088     0.264
 7   120.253   -20.557    -2.117
 7     0.763     0.645     0.017
 7    -0.637     0.749     0.182
 7     0.104    -0.150     0.983
 8   119.642   -22.918    18.227
 8     0.395     0.188     0.899
 8    -0.223    -0.930     0.292
 8     0.891    -0.316    -0.326
 9   127.306   -28.573    34.902
 9     0.405     0.848     0.340
 9    -0.112    -0.323     0.939
 9     0.907    -0.419    -0.036
 2    96.105   -19.368    59.872
 2    -0.210    -0.975    -0.065
 2     0.947    -0.220     0.233
 2    -0.242    -0.012     0.970
 3   131.785    -3.998     5.509
 3     0.465    -0.040    -0.884
 3     0.224     0.971     0.074
 3     0.856    -0.234     0.461
 4   119.764    10.450    -3.698
 4     0.754    -0.593     0.282
 4     0.631     0.773    -0.062
 4    -0.181     0.224     0.957
 5   120.883    18.668    11.291
 5     0.510    -0.575     0.640
 5     0.247    -0.615    -0.749
 5     0.824     0.540    -0.172
 6   134.151    22.125    36.256
 6     0.270    -0.538    -0.798
 6     0.071     0.838    -0.541
 6     0.960     0.089     0.265
 7   120.254   -20.557    -2.116
 7     0.763     0.646     0.017
 7    -0.638     0.748     0.182
 7     0.104    -0.150     0.983
 8   119.666   -22.917    18.227
 8     0.395     0.189     0.899
 8    -0.222    -0.930     0.293
 8     0.891    -0.316    -0.325
 9   127.307   -28.573    34.851
 9     0.405     0.848     0.340
 9    -0.112    -0.324     0.939
 9     0.907    -0.419    -0.036
 2    96.105   -19.368    59.872
 2    -0.210    -0.975    -0.065
 2     0.947    -0.219     0.234
 2    -0.242    -0.012     0.970
 3   131.784    -3.870     5.560
 3     0.464    -0.042    -0.885
 3     0.226     0.971     0.072
 3     0.856    -0.234     0.460
 4   119.818    10.478    -3.653
 4     0.754    -0.594     0.280
 4     0.631     0.773    -0.063
 4    -0.179     0.224     0.958
 5   120.883    18.668    11.291
 5     0.510    -0.575     0.640
 5     0.247    -0.615    -0.749
 5     0.824     0.540    -0.172
 6   134.101    22.125    36.256
 6     0.270    -0.539    -0.798
 6     0.071     0.838    -0.541
 6     0.960     0.089     0.265
 7   120.254   -20.557    -2.116
 7     0.763     0.646     0.017
 7    -0.638     0.748     0.182
 7     0.104    -0.150     0.983
 8   119.666   -22.918    18.227
 8     0.395     0.189     0.899
 8    -0.223    -0.929     0.294
 8     0.891    -0.317    -0.325
 9   127.257   -28.624    34.851
 9     0.405     0.848     0.340
 9    -0.113    -0.323     0.939
 9     0.907    -0.419    -0.036
 2    96.105   -19.317    59.872
 2    -0.210    -0.975    -0.065
 2     0.947    -0.220     0.234
 2    -0.242    -0.012     0.970
 3   131.839    -3.946     5.554
 3     0.464    -0.040    -0.885
 3     0.224     0.971     0.073
 3     0.857    -0.233     0.459
 4   119.821    10.478    -3.655
 4     0.755    -0.594     0.279
 4     0.631     0.773    -0.064
 4    -0.178     0.224     0.958
 5   120.932    18.667    11.342
 5     0.509    -0.575     0.640
 5     0.246    -0.615    -0.749
 5     0.824     0.539    -0.172
 6   134.175    22.150    36.281
 6     0.271    -0.538    -0.798
 6     0.071     0.838    -0.541
 6     0.960     0.090     0.265
 7   120.330   -20.556    -2.120
 7     0.763     0.646     0.016
 7    -0.638     0.749     0.182
 7     0.105    -0.149     0.983
 8   119.715   -22.918    18.227
 8     0.396     0.190     0.898
 8    -0.223    -0.929     0.295
 8     0.891    -0.317    -0.325
 9   127.306   -28.573    34.902
 9     0.404     0.849     0.340
 9    -0.112    -0.323     0.940
 9     0.907    -0.418    -0.035
 2    96.105   -19.317    59.872
 2    -0.210    -0.975    -0.065
 2     0.947    -0.220     0.234
 2    -0.242    -0.012     0.970
 3   131.788    -3.920     5.605
 3     0.463    -0.041    -0.885
 3     0.225     0.971     0.072
 3     0.857    -0.233     0.459
 4   119.854    10.583    -3.642
 4     0.756    -0.594     0.277
 4     0.631     0.772    -0.068
 4    -0.174     0.226     0.958
 5   121.157    18.784    11.427
 5     0.516    -0.588     0.623
 5     0.234    -0.603    -0.763
 5     0.823     0.540    -0.173
 6   134.317    22.146    36.292
 6     0.273    -0.534    -0.800
 6     0.069     0.840    -0.537
 6     0.959     0.091     0.266
 7   120.460   -20.475    -2.081
 7     0.766     0.642     0.011
 7    -0.633     0.752     0.181
 7     0.108    -0.146     0.983
 8   120.076   -23.052    18.269
 8     0.406     0.206     0.890
 8    -0.226    -0.921     0.317
 8     0.885    -0.330    -0.328
 9   128.141   -28.655    34.768
 9     0.419     0.849     0.320
 9    -0.113    -0.302     0.947
 9     0.901    -0.433    -0.031
 2    96.105   -19.368    59.872
 2    -0.210    -0.975    -0.065
 2     0.947    -0.220     0.234
 2    -0.242    -0.012     0.970
 3   131.838    -3.869     5.605
 3     0.463    -0.042    -0.885
 3     0.225     0.971     0.072
 3     0.857    -0.233     0.459
 4   120.027    10.667    -3.573
 4     0.762    -0.588     0.273
 4     0.627     0.774    -0.082
 4    -0.163     0.234     0.958
 5   121.575    19.020    11.498
 5     0.529    -0.605     0.595
 5     0.216    -0.582    -0.784
 5     0.820     0.543    -0.178
 6   135.553    22.523    36.354
 6     0.302    -0.510    -0.805
 6     0.064     0.854    -0.517
 6     0.951     0.104     0.291
 7   120.600   -20.270    -2.153
 7     0.775     0.631     0.010
 7    -0.623     0.761     0.179
 7     0.105    -0.146     0.984
 8   121.123   -23.148    18.534
 8     0.451     0.220     0.865
 8    -0.236    -0.905     0.353
 8     0.860    -0.363    -0.357
 9   130.059   -29.102    34.266
 9     0.471     0.824     0.312
 9    -0.134    -0.283     0.949
 9     0.871    -0.490    -0.023
 2    96.105   -19.317    59.872
 2    -0.210    -0.975    -0.065
 2     0.947    -0.220     0.234
 2    -0.242    -0.012     0.970
 3   131.862    -3.818     5.553
 3     0.464    -0.043    -0.885
 3     0.225     0.971     0.071
 3     0.857    -0.232     0.460
 4   120.161    10.771    -3.509
 4     0.766    -0.583     0.272
 4     0.623     0.777    -0.090
 4    -0.159     0.238     0.958
 5   122.436    19.200    11.591
 5     0.566    -0.622     0.541
 5     0.185    -0.544    -0.818
 5     0.803     0.563    -0.193
 6   137.401    22.408    35.767
 6     0.346    -0.474    -0.810
 6     0.063     0.873    -0.484
 6     0.936     0.116     0.332
 7   120.742   -20.146    -2.121
 7     0.788     0.615     0.016
 7    -0.608     0.775     0.171
 7     0.092    -0.145     0.985
 8   122.395   -23.356    18.635
 8     0.517     0.196     0.833
 8    -0.255    -0.894     0.369
 8     0.817    -0.403    -0.412
 9   132.658   -29.431    33.319
 9     0.541     0.785     0.300
 9    -0.156    -0.258     0.953
 9     0.826    -0.563    -0.018
 2    96.105   -19.317    59.872
 2    -0.210    -0.975    -0.065
 2     0.947    -0.220     0.234
 2    -0.242    -0.012     0.970
 3   131.912    -3.743     5.553
 3     0.464    -0.043    -0.885
 3     0.224     0.972     0.070
 3     0.857    -0.231     0.461
 4   120.195    10.888    -3.486
 4     0.770    -0.573     0.279
 4     0.615     0.783    -0.090
 4    -0.167     0.241     0.956
 5   123.344    19.425    11.516
 5     0.609    -0.615     0.501
 5     0.177    -0.511    -0.841
 5     0.773     0.601    -0.203
 6   139.856    22.757    34.806
 6     0.414    -0.432    -0.801
 6     0.063     0.892    -0.448
 6     0.908     0.135     0.397
 7   120.647   -19.929    -2.167
 7     0.798     0.601     0.033
 7    -0.598     0.784     0.163
 7     0.072    -0.150     0.986
 8   123.806   -23.541    18.673
 8     0.588     0.144     0.796
 8    -0.273    -0.891     0.363
 8     0.761    -0.430    -0.485
 9   135.096   -30.138    32.146
 9     0.616     0.728     0.299
 9    -0.171    -0.247     0.954
 9     0.769    -0.639    -0.028
 2    96.105   -19.317    59.872
 2    -0.210    -0.975    -0.065
 2     0.947    -0.220     0.234
 2    -0.242    -0.012     0.970
 3   132.007    -3.695     5.558
 3     0.466    -0.044    -0.884
 3     0.222     0.972     0.069
 3     0.856    -0.229     0.463
 4   120.104    10.918    -3.431
 4     0.774    -0.560     0.295
 4     0.605     0.792    -0.086
 4    -0.186     0.244     0.952
 5   124.072    19.371    11.252
 5     0.647    -0.615     0.450
 5     0.160    -0.468    -0.869
 5     0.745     0.634    -0.205
 6   141.810    22.276    33.495
 6     0.493    -0.384    -0.781
 6     0.045     0.907    -0.417
 6     0.869     0.170     0.465
 7   120.515   -19.922    -2.266
 7     0.805     0.590     0.057
 7    -0.591     0.792     0.153
 7     0.045    -0.158     0.986
 8   125.185   -23.594    18.616
 8     0.663     0.099     0.742
 8    -0.274    -0.890     0.364
 8     0.696    -0.445    -0.563
 9   137.898   -30.111    30.564
 9     0.693     0.659     0.292
 9    -0.174    -0.240     0.955
 9     0.699    -0.713    -0.052
 2    96.105   -19.317    59.872
 2    -0.210    -0.975    -0.065
 2     0.947    -0.220     0.234
 2    -0.242    -0.012     0.970
 3   132.077    -3.646     5.513
 3     0.468    -0.044    -0.883
 3     0.221     0.972     0.068
 3     0.855    -0.228     0.465
 4   119.838    10.775    -3.576
 4     0.775    -0.538     0.333
 4     0.590     0.803    -0.078
 4    -0.226     0.257     0.940
 5   124.534    18.620    11.390
 5     0.694    -0.507     0.510
 5     0.219    -0.527    -0.821
 5     0.685     0.682    -0.255
 6   144.471    22.270    31.225
 6     0.581    -0.332    -0.743
 6     0.031     0.921    -0.387
 6     0.813     0.202     0.546
 7   120.206   -19.721    -2.377
 7     0.814     0.572     0.096
 7    -0.580     0.802     0.144
 7     0.005    -0.173     0.985
 8   127.023   -23.515    18.326
 8     0.751     0.044     0.659
 8    -0.277    -0.885     0.374
 8     0.600    -0.464    -0.652
 9   141.245   -30.312    28.005
 9     0.786     0.551     0.279
 9    -0.181    -0.228     0.957
 9     0.591    -0.803    -0.080
 2    96.103   -19.318    59.875
 2    -0.211    -0.975    -0.065
 2     0.947    -0.220     0.234
 2    -0.243    -0.012     0.970
 3   131.992    -3.478     5.298
 3     0.479    -0.052    -0.876
 3     0.226     0.971     0.066
 3     0.848    -0.230     0.477
 4   119.342    10.612    -3.703
 4     0.767    -0.521     0.375
 4     0.585     0.808    -0.074
 4    -0.265     0.276     0.924
 5   125.131    18.631    10.909
 5     0.746    -0.439     0.500
 5     0.227    -0.539    -0.811
 5     0.626     0.718    -0.303
 6   146.870    21.882    28.768
 6     0.668    -0.284    -0.688
 6     0.021     0.931    -0.363
 6     0.744     0.228     0.628
 7   119.778   -19.576    -2.442
 7     0.826     0.547     0.139
 7    -0.563     0.816     0.129
 7    -0.043    -0.185     0.982
 8   128.716   -23.571    17.291
 8     0.822    -0.011     0.569
 8    -0.280    -0.878     0.387
 8     0.496    -0.478    -0.725
 9   143.617   -30.260    24.968
 9     0.856     0.446     0.259
 9    -0.185    -0.203     0.961
 9     0.482    -0.871    -0.092
 2    96.105   -19.317    59.872
 2    -0.210    -0.975    -0.065
 2     0.947    -0.220     0.234
 2    -0.242    -0.012     0.970
 3   131.775    -3.440     5.118
 3     0.492    -0.060    -0.868
 3     0.230     0.971     0.064
 3     0.839    -0.232     0.491
 4   118.756    10.487    -3.929
 4     0.760    -0.496     0.419
 4     0.570     0.819    -0.064
 4    -0.312     0.287     0.905
 5   125.512    18.521    10.198
 5     0.784    -0.405     0.470
 5     0.227    -0.518    -0.824
 5     0.578     0.753    -0.314
 6   148.605    21.813    26.046
 6     0.731    -0.228    -0.643
 6     0.011     0.946    -0.323
 6     0.682     0.229     0.694
 7   119.297   -19.437    -2.674
 7     0.830     0.525     0.187
 7    -0.550     0.827     0.115
 7    -0.094    -0.199     0.975
 8   130.112   -23.546    16.268
 8     0.876    -0.060     0.479
 8    -0.277    -0.875     0.397
 8     0.395    -0.480    -0.783
 9   145.748   -29.928    21.640
 9     0.912     0.335     0.234
 9    -0.180    -0.184     0.966
 9     0.367    -0.924    -0.107
 2    96.105   -19.317    59.872
 2    -0.210    -0.975    -0.065
 2     0.947    -0.220     0.234
 2    -0.242    -0.012     0.970
 3   131.606    -3.453     4.943
 3     0.507    -0.063    -0.860
 3     0.235     0.969     0.067
 3     0.829    -0.236     0.506
 4   118.298    10.106    -4.247
 4     0.753    -0.471     0.460
 4     0.550     0.833    -0.049
 4    -0.360     0.289     0.887
 5   125.876    18.485     9.562
 5     0.806    -0.371     0.461
 5     0.240    -0.509    -0.827
 5     0.541     0.777    -0.322
 6   149.763    21.445    23.573
 6     0.783    -0.176    -0.596
 6    -0.002     0.958    -0.286
 6     0.622     0.225     0.750
 7   118.840   -19.297    -2.909
 7     0.832     0.504     0.232
 7    -0.536     0.838     0.100
 7    -0.144    -0.208     0.967
 8   130.989   -23.680    14.847
 8     0.916    -0.103     0.387
 8    -0.274    -0.867     0.417
 8     0.293    -0.488    -0.822
 9   147.088   -30.135    17.889
 9     0.950     0.223     0.215
 9    -0.183    -0.158     0.970
 9     0.250    -0.962    -0.110
 2    96.105   -19.368    59.872
 2    -0.210    -0.975    -0.065
 2     0.947    -0.220     0.234
 2    -0.242    -0.012     0.970
 3   131.441    -3.416     4.683
 3     0.521    -0.069    -0.850
 3     0.236     0.969     0.065
 3     0.820    -0.235     0.522
 4   117.875     9.936    -4.561
 4     0.743    -0.449     0.496
 4     0.535     0.844    -0.039
 4    -0.401     0.294     0.867
 5   126.238    18.303     8.760
 5     0.837    -0.329     0.437
 5     0.240    -0.497    -0.834
 5     0.492     0.803    -0.336
 6   151.055    21.158    20.981
 6     0.827    -0.132    -0.546
 6    -0.015     0.966    -0.256
 6     0.562     0.220     0.797
 7   118.400   -19.008    -3.214
 7     0.833     0.477     0.278
 7    -0.516     0.852     0.084
 7    -0.197    -0.214     0.957
 8   131.950   -23.482    13.388
 8     0.945    -0.143     0.294
 8    -0.265    -0.861     0.434
 8     0.191    -0.488    -0.852
 9   148.320   -29.958    14.216
 9     0.974     0.112     0.198
 9    -0.182    -0.137     0.974
 9     0.136    -0.984    -0.113
 2    96.105   -19.317    59.872
 2    -0.210    -0.975    -0.065
 2     0.947    -0.220     0.234
 2    -0.242    -0.012     0.970
 3   131.273    -3.405     4.504
 3     0.535    -0.077    -0.841
 3     0.237     0.969     0.063
 3     0.810    -0.234     0.537
 4   117.352     9.530    -4.838
 4     0.736    -0.419     0.531
 4     0.511     0.859    -0.031
 4    -0.444     0.294     0.846
 5   126.541    18.203     7.797
 5     0.861    -0.297     0.413
 5     0.243    -0.473    -0.847
 5     0.446     0.830    -0.335
 6   151.962    20.824    18.325
 6     0.864    -0.092    -0.496
 6    -0.023     0.975    -0.221
 6     0.503     0.202     0.840
 7   118.057   -18.871    -3.413
 7     0.833     0.447     0.326
 7    -0.493     0.867     0.070
 7    -0.251    -0.219     0.942
 8   132.688   -23.485    11.734
 8     0.960    -0.179     0.213
 8    -0.259    -0.853     0.453
 8     0.100    -0.490    -0.866
 9   149.050   -29.708    10.156
 9     0.984     0.001     0.176
 9    -0.176    -0.108     0.978
 9     0.020    -0.994    -0.106
 2    96.105   -19.317    59.872
 2    -0.211    -0.975    -0.065
 2     0.947    -0.220     0.234
 2    -0.242    -0.012     0.970
 3   131.106    -3.451     4.098
 3     0.558    -0.087    -0.825
 3     0.241     0.968     0.061
 3     0.794    -0.233     0.562
 4   116.895     8.889    -5.345
 4     0.725    -0.390     0.568
 4     0.482     0.875    -0.014
 4    -0.492     0.284     0.823
 5   126.814    17.898     6.616
 5     0.883    -0.260     0.391
 5     0.252    -0.442    -0.861
 5     0.396     0.859    -0.325
 6   152.835    20.012    15.375
 6     0.894    -0.051    -0.445
 6    -0.034     0.983    -0.181
 6     0.446     0.177     0.877
 7   117.658   -18.540    -3.706
 7     0.830     0.406     0.382
 7    -0.459     0.886     0.054
 7    -0.317    -0.220     0.922
 8   133.509   -23.273     9.572
 8     0.969    -0.217     0.113
 8    -0.244    -0.841     0.483
 8    -0.010    -0.496    -0.868
 9   149.509   -29.452     5.465
 9     0.979    -0.130     0.155
 9    -0.165    -0.073     0.983
 9    -0.117    -0.989    -0.093
 2    96.074   -19.306    59.841
 2    -0.265    -0.962    -0.065
 2     0.933    -0.272     0.233
 2    -0.242     0.001     0.970
 3   130.991    -3.625     3.765
 3     0.580    -0.097    -0.809
 3     0.242     0.968     0.058
 3     0.778    -0.230     0.585
 4   116.307     8.258    -5.726
 4     0.713    -0.368     0.597
 4     0.458     0.889    -0.000
 4    -0.531     0.274     0.802
 5   126.946    17.541     5.433
 5     0.902    -0.226     0.368
 5     0.257    -0.404    -0.878
 5     0.347     0.886    -0.306
 6   153.281    19.608    12.448
 6     0.921    -0.022    -0.388
 6    -0.037     0.989    -0.143
 6     0.387     0.146     0.910
 7   117.019   -18.242    -4.044
 7     0.819     0.374     0.435
 7    -0.425     0.905     0.023
 7    -0.385    -0.204     0.900
 8   133.702   -23.394     7.144
 8     0.964    -0.263     0.034
 8    -0.242    -0.819     0.519
 8    -0.108    -0.509    -0.854
 9   149.201   -29.078     0.245
 9     0.955    -0.263     0.135
 9    -0.146    -0.025     0.989
 9    -0.256    -0.964    -0.062
 2    95.991   -19.356    59.986
 2    -0.408    -0.906    -0.108
 2     0.879    -0.422     0.222
 2    -0.247    -0.005     0.969
 3   130.888    -3.711     3.516
 3     0.590    -0.099    -0.801
 3     0.239     0.969     0.056
 3     0.771    -0.225     0.596
 4   115.939     7.738    -6.055
 4     0.702    -0.352     0.619
 4     0.438     0.899     0.013
 4    -0.561     0.262     0.785
 5   126.947    17.297     4.495
 5     0.915    -0.194     0.354
 5     0.263    -0.378    -0.887
 5     0.306     0.905    -0.295
 6   153.696    19.313     9.972
 6     0.941    -0.003    -0.339
 6    -0.039     0.993    -0.115
 6     0.336     0.121     0.934
 7   116.482   -17.905    -4.327
 7     0.798     0.343     0.496
 7    -0.388     0.921    -0.012
 7    -0.461    -0.183     0.868
 8   133.836   -23.343     4.632
 8     0.948    -0.315    -0.045
 8    -0.239    -0.797     0.555
 8    -0.211    -0.515    -0.831
 9   148.507   -28.657    -4.557
 9     0.912    -0.387     0.134
 9    -0.136     0.021     0.990
 9    -0.386    -0.922    -0.034
 2    95.972   -19.276    59.892
 2    -0.436    -0.892    -0.118
 2     0.865    -0.451     0.219
 2    -0.249    -0.007     0.968
 3   130.864    -3.720     3.237
 3     0.598    -0.103    -0.795
 3     0.238     0.969     0.053
 3     0.765    -0.221     0.604
 4   115.454     7.234    -6.330
 4     0.685    -0.340     0.644
 4     0.416     0.908     0.036
 4    -0.598     0.244     0.763
 5   126.918    17.086     3.614
 5     0.924    -0.169     0.343
 5     0.269    -0.350    -0.897
 5     0.272     0.921    -0.278
 6   153.860    19.163     8.138
 6     0.951     0.009    -0.308
 6    -0.038     0.995    -0.089
 6     0.306     0.096     0.947
 7   115.915   -17.391    -4.774
 7     0.772     0.315     0.551
 7    -0.345     0.937    -0.052
 7    -0.533    -0.151     0.833
 8   133.480   -23.381     2.139
 8     0.917    -0.381    -0.116
 8    -0.241    -0.762     0.600
 8    -0.318    -0.523    -0.791
 9   146.600   -28.103    -9.907
 9     0.844    -0.517     0.141
 9    -0.119     0.077     0.990
 9    -0.522    -0.853     0.003
 2    95.973   -19.276    59.892
 2    -0.435    -0.892    -0.118
 2     0.865    -0.451     0.219
 2    -0.249    -0.007     0.968
 3   130.685    -3.660     2.765
 3     0.614    -0.114    -0.781
 3     0.242     0.969     0.049
 3     0.751    -0.220     0.622
 4   115.147     6.847    -6.649
 4     0.673    -0.328     0.663
 4     0.400     0.915     0.047
 4    -0.622     0.233     0.747
 5   126.946    16.790     2.600
 5     0.934    -0.137     0.328
 5     0.271    -0.323    -0.907
 5     0.230     0.936    -0.265
 6   154.039    18.427     5.132
 6     0.968     0.036    -0.248
 6    -0.050     0.997    -0.047
 6     0.245     0.058     0.968
 7   115.376   -16.871    -5.124
 7     0.742     0.303     0.598
 7    -0.314     0.945    -0.090
 7    -0.592    -0.121     0.796
 8   132.789   -23.328    -0.439
 8     0.878    -0.450    -0.162
 8    -0.261    -0.734     0.626
 8    -0.401    -0.508    -0.762
 9   144.581   -27.924   -14.654
 9     0.763    -0.625     0.165
 9    -0.113     0.122     0.986
 9    -0.636    -0.771     0.022
 2    95.975   -19.275    59.889
 2    -0.435    -0.893    -0.118
 2     0.865    -0.451     0.218
 2    -0.248    -0.007     0.969
 3   130.655    -3.621     2.493
 3     0.625    -0.117    -0.772
 3     0.239     0.970     0.046
 3     0.743    -0.214     0.634
 4   114.838     6.623    -6.846
 4     0.665    -0.325     0.672
 4     0.389     0.919     0.058
 4    -0.637     0.223     0.738
 5   126.978    16.699     1.832
 5     0.943    -0.105     0.316
 5     0.274    -0.299    -0.914
 5     0.190     0.948    -0.253
 6   154.165    18.260     3.049
 6     0.979     0.052    -0.198
 6    -0.056     0.998    -0.018
 6     0.196     0.028     0.980
 7   114.814   -16.383    -5.328
 7     0.719     0.296     0.629
 7    -0.292     0.949    -0.114
 7    -0.631    -0.102     0.769
 8   131.968   -23.259    -2.117
 8     0.842    -0.504    -0.190
 8    -0.278    -0.709     0.648
 8    -0.461    -0.493    -0.737
 9   142.488   -27.944   -17.956
 9     0.694    -0.695     0.186
 9    -0.105     0.157     0.982
 9    -0.712    -0.701     0.036
 2    95.954   -19.316    59.886
 2    -0.475    -0.871    -0.124
 2     0.844    -0.491     0.214
 2    -0.247    -0.003     0.969
 3   130.536    -3.627     2.285
 3     0.631    -0.119    -0.766
 3     0.239     0.970     0.046
 3     0.738    -0.213     0.641
 4   114.539     6.316    -7.050
 4     0.654    -0.313     0.688
 4     0.374     0.925     0.064
 4    -0.657     0.215     0.722
 5   126.996    16.482     0.955
 5     0.951    -0.077     0.300
 5     0.269    -0.274    -0.923
 5     0.153     0.958    -0.240
 6   154.175    17.509     0.781
 6     0.986     0.069    -0.148
 6    -0.069     0.997     0.010
 6     0.149    -0.000     0.989
 7   114.445   -16.074    -5.549
 7     0.692     0.286     0.663
 7    -0.267     0.954    -0.133
 7    -0.671    -0.085     0.736
 8   131.279   -23.348    -3.713
 8     0.804    -0.554    -0.214
 8    -0.284    -0.675     0.681
 8    -0.522    -0.487    -0.700
 9   140.746   -27.394   -20.502
 9     0.632    -0.745     0.213
 9    -0.093     0.201     0.975
 9    -0.769    -0.636     0.058
 2    95.965   -19.320    59.885
 2    -0.456    -0.882    -0.120
 2     0.855    -0.471     0.215
 2    -0.247    -0.004     0.969
 3   130.525    -3.630     2.196
 3     0.634    -0.121    -0.764
 3     0.239     0.970     0.045
 3     0.735    -0.211     0.643
 4   114.420     6.076    -7.198
 4     0.649    -0.310     0.694
 4     0.368     0.927     0.069
 4    -0.665     0.211     0.716
 5   127.023    16.423     0.680
 5     0.951    -0.068     0.301
 5     0.273    -0.266    -0.924
 5     0.143     0.961    -0.234
 6   154.085    17.365    -0.144
 6     0.989     0.076    -0.127
 6    -0.073     0.997     0.025
 6     0.128    -0.016     0.991
 7   114.036   -15.903    -5.700
 7     0.655     0.286     0.698
 7    -0.244     0.956    -0.162
 7    -0.714    -0.064     0.697
 8   130.329   -23.302    -5.401
 8     0.750    -0.614    -0.246
 8    -0.284    -0.635     0.718
 8    -0.597    -0.469    -0.651
 9   137.935   -27.333   -23.848
 9     0.539    -0.805     0.248
 9    -0.076     0.247     0.966
 9    -0.839    -0.539     0.072
 2    96.283   -18.690    59.856
 2    -0.409    -0.893    -0.189
 2     0.894    -0.434     0.113
 2    -0.183    -0.123     0.975
 3   130.563    -3.685     2.005
 3     0.638    -0.124    -0.760
 3     0.238     0.970     0.042
 3     0.732    -0.208     0.648
 4   114.133     5.558    -7.404
 4     0.633    -0.302     0.713
 4     0.351     0.932     0.083
 4    -0.690     0.198     0.696
 5   126.993    16.042     0.119
 5     0.955    -0.048     0.292
 5     0.272    -0.252    -0.929
 5     0.118     0.966    -0.227
 6   153.937    16.784    -1.436
 6     0.991     0.084    -0.099
 6    -0.080     0.996     0.042
 6     0.102    -0.034     0.994
 7   113.240   -15.499    -5.855
 7     0.604     0.301     0.738
 7    -0.221     0.953    -0.208
 7    -0.766    -0.038     0.642
 8   128.818   -23.444    -7.315
 8     0.688    -0.679    -0.256
 8    -0.283    -0.576     0.767
 8    -0.668    -0.455    -0.589
 9   134.546   -26.584   -26.814
 9     0.448    -0.843     0.295
 9    -0.050     0.306     0.950
 9    -0.892    -0.441     0.095
 2    96.336   -19.024    60.122
 2    -0.424    -0.899    -0.106
 2     0.891    -0.435     0.130
 2    -0.163    -0.039     0.986
 3   130.481    -3.879     1.354
 3     0.653    -0.120    -0.748
 3     0.227     0.973     0.042
 3     0.723    -0.197     0.662
 4   113.868     5.503    -7.443
 4     0.627    -0.303     0.717
 4     0.352     0.932     0.085
 4    -0.694     0.199     0.691
 5   126.745    15.986    -0.430
 5     0.958    -0.020     0.285
 5     0.272    -0.241    -0.931
 5     0.087     0.970    -0.226
 6   153.778    16.674    -3.119
 6     0.994     0.089    -0.057
 6    -0.086     0.995     0.054
 6     0.061    -0.049     0.997
 7   112.274   -15.033    -6.049
 7     0.558     0.316     0.767
 7    -0.201     0.948    -0.245
 7    -0.805    -0.018     0.593
 8   127.210   -23.247    -8.753
 8     0.622    -0.733    -0.275
 8    -0.279    -0.536     0.797
 8    -0.731    -0.419    -0.538
 9   131.431   -25.855   -29.166
 9     0.350    -0.881     0.317
 9    -0.022     0.330     0.943
 9    -0.936    -0.338     0.096
 2    96.132   -18.960    59.841
 2    -0.485    -0.867    -0.114
 2     0.859    -0.496     0.122
 2    -0.162    -0.039     0.986
 3   130.295    -3.888     0.932
 3     0.660    -0.114    -0.743
 3     0.215     0.975     0.041
 3     0.720    -0.187     0.668
 4   113.496     5.499    -7.558
 4     0.618    -0.309     0.722
 4     0.358     0.929     0.091
 4    -0.699     0.202     0.685
 5   126.576    15.867    -0.860
 5     0.959    -0.002     0.281
 5     0.273    -0.236    -0.933
 5     0.068     0.972    -0.226
 6   153.432    16.554    -4.123
 6     0.995     0.088    -0.035
 6    -0.086     0.994     0.059
 6     0.039    -0.056     0.997
 7   111.501   -14.685    -6.033
 7     0.516     0.327     0.791
 7    -0.182     0.945    -0.272
 7    -0.837    -0.004     0.548
 8   125.850   -22.885    -9.871
 8     0.564    -0.772    -0.293
 8    -0.268    -0.507     0.819
 8    -0.781    -0.384    -0.493
 9   128.552   -24.999   -30.834
 9     0.274    -0.901     0.336
 9     0.009     0.351     0.936
 9    -0.962    -0.254     0.104
 2    95.994   -19.100    59.854
 2    -0.471    -0.879    -0.075
 2     0.865    -0.477     0.158
 2    -0.174     0.009     0.984
 3   130.120    -3.842     0.479
 3     0.664    -0.103    -0.740
 3     0.206     0.977     0.048
 3     0.719    -0.185     0.670
 4   112.923     5.435    -7.619
 4     0.601    -0.315     0.734
 4     0.363     0.926     0.100
 4    -0.712     0.206     0.671
 5   126.145    15.936    -1.403
 5     0.960     0.030     0.277
 5     0.277    -0.226    -0.934
 5     0.034     0.974    -0.225
 6   152.941    16.391    -5.952
 6     0.996     0.089     0.011
 6    -0.089     0.993     0.069
 6    -0.005    -0.070     0.997
 7   110.682   -14.379    -5.885
 7     0.480     0.336     0.810
 7    -0.170     0.942    -0.290
 7    -0.861     0.002     0.509
 8   124.513   -22.614   -10.681
 8     0.509    -0.801    -0.316
 8    -0.255    -0.491     0.833
 8    -0.822    -0.344    -0.454
 9   125.777   -24.363   -31.979
 9     0.198    -0.920     0.338
 9     0.024     0.349     0.936
 9    -0.980    -0.178     0.092
 2    96.198   -18.724    59.694
 2    -0.380    -0.921    -0.089
 2     0.912    -0.389     0.132
 2    -0.157    -0.032     0.987
 3   129.783    -3.847     0.124
 3     0.666    -0.075    -0.742
 3     0.194     0.978     0.075
 3     0.720    -0.194     0.666
 4   112.542     5.297    -7.595
 4     0.591    -0.313     0.743
 4     0.363     0.926     0.100
 4    -0.720     0.211     0.661
 5   125.809    15.861    -1.815
 5     0.960     0.055     0.273
 5     0.279    -0.218    -0.935
 5     0.008     0.974    -0.225
 6   152.397    16.287    -7.428
 6     0.995     0.085     0.046
 6    -0.089     0.992     0.082
 6    -0.039    -0.086     0.995
 7   110.033   -14.321    -5.727
 7     0.447     0.355     0.820
 7    -0.174     0.935    -0.310
 7    -0.877    -0.004     0.480
 8   123.342   -22.660   -11.174
 8     0.461    -0.824    -0.328
 8    -0.251    -0.476     0.843
 8    -0.851    -0.307    -0.427
 9   123.525   -24.594   -32.793
 9     0.133    -0.931     0.341
 9     0.034     0.348     0.937
 9    -0.990    -0.113     0.078
 2    96.281   -18.899    59.844
 2    -0.339    -0.935    -0.102
 2     0.930    -0.349     0.115
 2    -0.144    -0.056     0.988
 3   129.764    -3.894     0.048
 3     0.660    -0.055    -0.749
 3     0.185     0.978     0.092
 3     0.727    -0.200     0.656
 4   112.340     5.234    -7.611
 4     0.582    -0.311     0.751
 4     0.359     0.927     0.106
 4    -0.729     0.208     0.652
 5   125.664    15.831    -2.336
 5     0.959     0.082     0.271
 5     0.283    -0.201    -0.938
 5    -0.023     0.976    -0.216
 6   152.053    16.388    -8.929
 6     0.993     0.077     0.082
 6    -0.085     0.991     0.100
 6    -0.073    -0.107     0.991
 7   109.657   -14.277    -5.549
 7     0.425     0.374     0.824
 7    -0.181     0.927    -0.328
 7    -0.887    -0.010     0.462
 8   122.642   -22.736   -11.436
 8     0.433    -0.839    -0.329
 8    -0.255    -0.464     0.848
 8    -0.865    -0.284    -0.415
 9   122.092   -24.583   -33.019
 9     0.098    -0.934     0.344
 9     0.034     0.349     0.936
 9    -0.995    -0.080     0.067
 2    96.446   -18.882    59.774
 2    -0.387    -0.908    -0.161
 2     0.911    -0.403     0.079
 2    -0.137    -0.117     0.983
 3   129.688    -3.946    -0.023
 3     0.662    -0.050    -0.748
 3     0.184     0.978     0.098
 3     0.726    -0.203     0.656
 4   112.068     5.033    -7.572
 4     0.568    -0.309     0.763
 4     0.350     0.929     0.115
 4    -0.745     0.202     0.636
 5   125.428    15.707    -2.825
 5     0.955     0.108     0.274
 5     0.290    -0.189    -0.938
 5    -0.049     0.976    -0.212
 6   151.508    16.233   -10.426
 6     0.990     0.070     0.117
 6    -0.085     0.989     0.118
 6    -0.108    -0.127     0.986
 7   109.406   -14.251    -5.539
 7     0.406     0.387     0.827
 7    -0.183     0.922    -0.342
 7    -0.895    -0.013     0.445
 8   121.969   -22.887   -11.743
 8     0.402    -0.854    -0.330
 8    -0.257    -0.451     0.854
 8    -0.879    -0.258    -0.401
 9   120.669   -24.840   -33.499
 9     0.058    -0.935     0.349
 9     0.030     0.351     0.936
 9    -0.998    -0.044     0.049
 2    96.301   -19.044    59.870
 2    -0.369    -0.922    -0.112
 2     0.913    -0.382     0.139
 2    -0.172    -0.051     0.984
 3   129.682    -3.948    -0.166
 3     0.664    -0.049    -0.746
 3     0.185     0.977     0.100
 3     0.724    -0.205     0.658
 4   111.838     4.778    -7.726
 4     0.549    -0.308     0.776
 4     0.340     0.931     0.129
 4    -0.763     0.193     0.616
 5   125.258    15.604    -3.581
 5     0.952     0.135     0.275
 5     0.296    -0.174    -0.939
 5    -0.079     0.975    -0.206
 6   151.194    16.225   -12.182
 6     0.985     0.057     0.161
 6    -0.080     0.988     0.133
 6    -0.151    -0.145     0.978
 7   109.115   -14.221    -5.489
 7     0.391     0.399     0.829
 7    -0.186     0.917    -0.353
 7    -0.901    -0.017     0.432
 8   121.556   -23.002   -11.819
 8     0.386    -0.861    -0.330
