% Calibrated with leiden_pols
% Positions are in centimeters
Data =[
 2    95.962   -19.314    59.899
 2    -0.444    -0.891    -0.094
 2     0.864    -0.453     0.217
 2    -0.237     0.015     0.971
 3   131.382    -5.911     3.555
 3     0.605     0.111    -0.788
 3     0.185     0.943     0.276
 3     0.774    -0.313     0.550
 4   119.287     3.894    -8.705
 4     0.782    -0.168     0.599
 4     0.231     0.972    -0.030
 4    -0.578     0.162     0.800
 5   129.066    16.681     0.689
 5     0.753    -0.541     0.374
 5     0.424    -0.036    -0.905
 5     0.503     0.840     0.203
 6   139.312     2.158    12.481
 6    -0.198     0.976    -0.091
 6    -0.905    -0.147     0.398
 6     0.375     0.161     0.912
 7   115.165   -15.681    -6.540
 7     0.671     0.458     0.583
 7    -0.387     0.887    -0.252
 7    -0.632    -0.057     0.772
 8   128.532   -28.333     2.354
 8     0.893     0.047     0.448
 8    -0.420    -0.269     0.866
 8     0.161    -0.962    -0.221
 9   144.613   -22.248     6.261
 9     0.123    -0.134    -0.983
 9     0.721     0.693    -0.005
 9     0.682    -0.708     0.182
 2    95.962   -19.263    59.899
 2    -0.444    -0.891    -0.094
 2     0.864    -0.454     0.218
 2    -0.237     0.015     0.971
 3   131.107    -5.963     3.707
 3     0.605     0.111    -0.788
 3     0.184     0.943     0.275
 3     0.774    -0.312     0.551
 4   119.060     3.996    -8.630
 4     0.782    -0.170     0.599
 4     0.234     0.971    -0.029
 4    -0.578     0.163     0.800
 5   129.023    16.682     0.759
 5     0.753    -0.544     0.371
 5     0.422    -0.034    -0.906
 5     0.505     0.838     0.204
 6   139.137     2.155    12.611
 6    -0.204     0.975    -0.089
 6    -0.904    -0.153     0.399
 6     0.375     0.162     0.912
 7   114.953   -15.783    -6.366
 7     0.669     0.465     0.580
 7    -0.396     0.883    -0.252
 7    -0.629    -0.061     0.775
 8   128.224   -28.329     2.591
 8     0.891     0.049     0.451
 8    -0.422    -0.277     0.863
 8     0.167    -0.960    -0.226
 9   144.350   -22.278     6.587
 9     0.126    -0.130    -0.984
 9     0.725     0.688     0.002
 9     0.677    -0.714     0.181
 2    95.962   -19.314    59.899
 2    -0.444    -0.891    -0.094
 2     0.864    -0.453     0.218
 2    -0.237     0.015     0.971
 3   131.029    -5.915     3.788
 3     0.607     0.113    -0.786
 3     0.181     0.944     0.276
 3     0.773    -0.310     0.553
 4   118.990     3.995    -8.480
 4     0.784    -0.164     0.599
 4     0.229     0.972    -0.035
 4    -0.577     0.164     0.800
 5   129.115    16.621     0.875
 5     0.762    -0.539     0.358
 5     0.409    -0.027    -0.912
 5     0.501     0.842     0.200
 6   139.200     1.927    12.710
 6    -0.210     0.975    -0.076
 6    -0.901    -0.163     0.401
 6     0.378     0.152     0.913
 7   114.835   -15.785    -6.313
 7     0.666     0.470     0.578
 7    -0.403     0.880    -0.252
 7    -0.628    -0.065     0.776
 8   127.988   -28.351     2.861
 8     0.889     0.047     0.455
 8    -0.425    -0.287     0.858
 8     0.171    -0.957    -0.235
 9   144.157   -22.439     6.843
 9     0.135    -0.125    -0.983
 9     0.730     0.683     0.013
 9     0.670    -0.719     0.183
 2    95.962   -19.314    59.899
 2    -0.444    -0.891    -0.094
 2     0.864    -0.453     0.217
 2    -0.237     0.015     0.971
 3   130.983    -5.914     3.783
 3     0.607     0.113    -0.786
 3     0.180     0.944     0.275
 3     0.774    -0.309     0.552
 4   118.941     3.996    -8.433
 4     0.784    -0.164     0.598
 4     0.230     0.972    -0.036
 4    -0.576     0.165     0.800
 5   129.068    16.596     0.923
 5     0.763    -0.539     0.356
 5     0.407    -0.027    -0.913
 5     0.502     0.842     0.199
 6   139.201     1.851    12.787
 6    -0.210     0.975    -0.073
 6    -0.901    -0.164     0.400
 6     0.378     0.150     0.913
 7   114.844   -15.807    -6.221
 7     0.667     0.471     0.576
 7    -0.405     0.879    -0.251
 7    -0.625    -0.066     0.778
 8   127.994   -28.324     2.983
 8     0.889     0.047     0.456
 8    -0.425    -0.291     0.857
 8     0.173    -0.956    -0.238
 9   144.176   -22.441     6.927
 9     0.136    -0.123    -0.983
 9     0.731     0.682     0.016
 9     0.668    -0.721     0.183
 2    95.962   -19.314    59.899
 2    -0.444    -0.891    -0.094
 2     0.864    -0.453     0.217
 2    -0.237     0.015     0.971
 3   130.942    -5.909     3.945
 3     0.602     0.108    -0.791
 3     0.183     0.945     0.268
 3     0.777    -0.307     0.549
 4   118.896     4.131    -8.324
 4     0.785    -0.172     0.595
 4     0.239     0.970    -0.036
 4    -0.572     0.170     0.803
 5   128.970    16.623     1.096
 5     0.762    -0.539     0.358
 5     0.407    -0.031    -0.913
 5     0.503     0.841     0.196
 6   139.042     1.901    12.900
 6    -0.206     0.976    -0.074
 6    -0.904    -0.161     0.395
 6     0.374     0.148     0.915
 7   114.976   -15.903    -6.157
 7     0.671     0.468     0.575
 7    -0.403     0.881    -0.247
 7    -0.622    -0.067     0.780
 8   128.023   -28.347     3.161
 8     0.889     0.044     0.455
 8    -0.423    -0.298     0.855
 8     0.173    -0.954    -0.246
 9   144.149   -22.449     6.962
 9     0.141    -0.125    -0.982
 9     0.739     0.674     0.020
 9     0.659    -0.728     0.188
 2    95.912   -19.314    59.899
 2    -0.444    -0.891    -0.094
 2     0.864    -0.453     0.218
 2    -0.237     0.015     0.971
 3   130.867    -5.904     3.990
 3     0.598     0.096    -0.796
 3     0.191     0.947     0.258
 3     0.778    -0.307     0.548
 4   118.582     4.269    -8.113
 4     0.776    -0.200     0.598
 4     0.268     0.963    -0.026
 4    -0.571     0.180     0.801
 5   128.350    16.731     1.437
 5     0.755    -0.524     0.394
 5     0.422    -0.071    -0.904
 5     0.501     0.849     0.167
 6   139.036     2.335    12.607
 6    -0.163     0.983    -0.078
 6    -0.923    -0.124     0.365
 6     0.349     0.131     0.927
 7   114.974   -16.081    -6.051
 7     0.670     0.465     0.577
 7    -0.402     0.882    -0.245
 7    -0.623    -0.068     0.779
 8   128.062   -28.555     3.349
 8     0.888     0.025     0.458
 8    -0.429    -0.309     0.848
 8     0.163    -0.951    -0.264
 9   144.318   -22.664     6.978
 9     0.152    -0.126    -0.980
 9     0.746     0.665     0.031
 9     0.648    -0.736     0.195
 2    95.962   -19.314    59.899
 2    -0.444    -0.891    -0.094
 2     0.864    -0.453     0.218
 2    -0.237     0.015     0.971
 3   130.894    -5.876     3.984
 3     0.596     0.090    -0.798
 3     0.195     0.947     0.252
 3     0.779    -0.306     0.547
 4   118.574     4.188    -8.143
 4     0.772    -0.205     0.601
 4     0.267     0.964    -0.015
 4    -0.576     0.171     0.799
 5   128.341    16.860     1.393
 5     0.751    -0.522     0.403
 5     0.431    -0.073    -0.899
 5     0.499     0.849     0.170
 6   139.086     2.438    12.428
 6    -0.160     0.984    -0.077
 6    -0.923    -0.121     0.365
 6     0.349     0.129     0.928
 7   115.052   -16.033    -6.089
 7     0.673     0.456     0.582
 7    -0.390     0.887    -0.246
 7    -0.629    -0.062     0.775
 8   128.249   -28.513     2.631
 8     0.894     0.035     0.445
 8    -0.420    -0.277     0.864
 8     0.154    -0.960    -0.233
 9   144.289   -22.291     6.201
 9     0.118    -0.142    -0.983
 9     0.743     0.669    -0.007
 9     0.659    -0.729     0.184
 2    95.912   -19.314    59.899
 2    -0.444    -0.891    -0.094
 2     0.864    -0.453     0.217
 2    -0.237     0.015     0.971
 3   130.891    -5.877     3.989
 3     0.596     0.091    -0.797
 3     0.195     0.947     0.254
 3     0.778    -0.308     0.547
 4   118.665     3.896    -8.335
 4     0.771    -0.196     0.605
 4     0.252     0.967    -0.008
 4    -0.584     0.158     0.796
 5   128.659    16.705     0.839
 5     0.769    -0.507     0.389
 5     0.426    -0.047    -0.904
 5     0.476     0.860     0.180
