% Calibrated with leiden_pols
% Positions are in centimeters
Data =[
 2    95.962   -19.314    59.899
 2    -0.444    -0.891    -0.094
 2     0.864    -0.453     0.217
 2    -0.237     0.015     0.971
 3   131.382    -5.911     3.555
 3     0.605     0.111    -0.788
 3     0.185     0.943     0.276
 3     0.774    -0.313     0.550
 4   119.287     3.894    -8.705
 4     0.782    -0.168     0.599
 4     0.231     0.972    -0.030
 4    -0.578     0.162     0.800
 5   129.066    16.681     0.689
 5     0.753    -0.541     0.374
 5     0.424    -0.036    -0.905
 5     0.503     0.840     0.203
 6   139.312     2.158    12.481
 6    -0.198     0.976    -0.091
 6    -0.905    -0.147     0.398
 6     0.375     0.161     0.912
 7   115.165   -15.681    -6.540
 7     0.671     0.458     0.583
 7    -0.387     0.887    -0.252
 7    -0.632    -0.057     0.772
 8   128.532   -28.333     2.354
 8     0.893     0.047     0.448
 8    -0.420    -0.269     0.866
 8     0.161    -0.962    -0.221
 9   144.613   -22.248     6.261
 9     0.123    -0.134    -0.983
 9     0.721     0.693    -0.005
 9     0.682    -0.708     0.182
 2    95.962   -19.263    59.899
 2    -0.444    -0.891    -0.094
 2     0.864    -0.454     0.218
 2    -0.237     0.015     0.971
 3   131.107    -5.963     3.707
 3     0.605     0.111    -0.788
 3     0.184     0.943     0.275
 3     0.774    -0.312     0.551
 4   119.060     3.996    -8.630
 4     0.782    -0.170     0.599
 4     0.234     0.971    -0.029
 4    -0.578     0.163     0.800
 5   129.023    16.682     0.759
 5     0.753    -0.544     0.371
 5     0.422    -0.034    -0.906
 5     0.505     0.838     0.204
 6   139.137     2.155    12.611
 6    -0.204     0.975    -0.089
 6    -0.904    -0.153     0.399
 6     0.375     0.162     0.912
 7   114.953   -15.783    -6.366
 7     0.669     0.465     0.580
 7    -0.396     0.883    -0.252
 7    -0.629    -0.061     0.775
 8   128.224   -28.329     2.591
 8     0.891     0.049     0.451
 8    -0.422    -0.277     0.863
 8     0.167    -0.960    -0.226
 9   144.350   -22.278     6.587
 9     0.126    -0.130    -0.984
 9     0.725     0.688     0.002
 9     0.677    -0.714     0.181
 2    95.962   -19.314    59.899
 2    -0.444    -0.891    -0.094
 2     0.864    -0.453     0.218
 2    -0.237     0.015     0.971
 3   131.029    -5.915     3.788
 3     0.607     0.113    -0.786
 3     0.181     0.944     0.276
 3     0.773    -0.310     0.553
 4   118.990     3.995    -8.480
 4     0.784    -0.164     0.599
 4     0.229     0.972    -0.035
 4    -0.577     0.164     0.800
 5   129.115    16.621     0.875
 5     0.762    -0.539     0.358
 5     0.409    -0.027    -0.912
 5     0.501     0.842     0.200
 6   139.200     1.927    12.710
 6    -0.210     0.975    -0.076
 6    -0.901    -0.163     0.401
 6     0.378     0.152     0.913
 7   114.835   -15.785    -6.313
 7     0.666     0.470     0.578
 7    -0.403     0.880    -0.252
 7    -0.628    -0.065     0.776
 8   127.988   -28.351     2.861
 8     0.889     0.047     0.455
 8    -0.425    -0.287     0.858
 8     0.171    -0.957    -0.235
 9   144.157   -22.439     6.843
 9     0.135    -0.125    -0.983
 9     0.730     0.683     0.013
 9     0.670    -0.719     0.183
 2    95.962   -19.314    59.899
 2    -0.444    -0.891    -0.094
 2     0.864    -0.453     0.217
 2    -0.237     0.015     0.971
 3   130.983    -5.914     3.783
 3     0.607     0.113    -0.786
 3     0.180     0.944     0.275
 3     0.774    -0.309     0.552
 4   118.941     3.996    -8.433
 4     0.784    -0.164     0.598
 4     0.230     0.972    -0.036
 4    -0.576     0.165     0.800
 5   129.068    16.596     0.923
 5     0.763    -0.539     0.356
 5     0.407    -0.027    -0.913
 5     0.502     0.842     0.199
 6   139.201     1.851    12.787
 6    -0.210     0.975    -0.073
 6    -0.901    -0.164     0.400
 6     0.378     0.150     0.913
 7   114.844   -15.807    -6.221
 7     0.667     0.471     0.576
 7    -0.405     0.879    -0.251
 7    -0.625    -0.066     0.778
 8   127.994   -28.324     2.983
 8     0.889     0.047     0.456
 8    -0.425    -0.291     0.857
 8     0.173    -0.956    -0.238
 9   144.176   -22.441     6.927
 9     0.136    -0.123    -0.983
 9     0.731     0.682     0.016
 9     0.668    -0.721     0.183
 2    95.962   -19.314    59.899
 2    -0.444    -0.891    -0.094
 2     0.864    -0.453     0.217
 2    -0.237     0.015     0.971
 3   130.942    -5.909     3.945
 3     0.602     0.108    -0.791
 3     0.183     0.945     0.268
 3     0.777    -0.307     0.549
 4   118.896     4.131    -8.324
 4     0.785    -0.172     0.595
 4     0.239     0.970    -0.036
 4    -0.572     0.170     0.803
 5   128.970    16.623     1.096
 5     0.762    -0.539     0.358
 5     0.407    -0.031    -0.913
 5     0.503     0.841     0.196
 6   139.042     1.901    12.900
 6    -0.206     0.976    -0.074
 6    -0.904    -0.161     0.395
 6     0.374     0.148     0.915
 7   114.976   -15.903    -6.157
 7     0.671     0.468     0.575
 7    -0.403     0.881    -0.247
 7    -0.622    -0.067     0.780
 8   128.023   -28.347     3.161
 8     0.889     0.044     0.455
 8    -0.423    -0.298     0.855
 8     0.173    -0.954    -0.246
 9   144.149   -22.449     6.962
 9     0.141    -0.125    -0.982
 9     0.739     0.674     0.020
 9     0.659    -0.728     0.188
 2    95.912   -19.314    59.899
 2    -0.444    -0.891    -0.094
 2     0.864    -0.453     0.218
 2    -0.237     0.015     0.971
 3   130.867    -5.904     3.990
 3     0.598     0.096    -0.796
 3     0.191     0.947     0.258
 3     0.778    -0.307     0.548
 4   118.582     4.269    -8.113
 4     0.776    -0.200     0.598
 4     0.268     0.963    -0.026
 4    -0.571     0.180     0.801
 5   128.350    16.731     1.437
 5     0.755    -0.524     0.394
 5     0.422    -0.071    -0.904
 5     0.501     0.849     0.167
 6   139.036     2.335    12.607
 6    -0.163     0.983    -0.078
 6    -0.923    -0.124     0.365
 6     0.349     0.131     0.927
 7   114.974   -16.081    -6.051
 7     0.670     0.465     0.577
 7    -0.402     0.882    -0.245
 7    -0.623    -0.068     0.779
 8   128.062   -28.555     3.349
 8     0.888     0.025     0.458
 8    -0.429    -0.309     0.848
 8     0.163    -0.951    -0.264
 9   144.318   -22.664     6.978
 9     0.152    -0.126    -0.980
 9     0.746     0.665     0.031
 9     0.648    -0.736     0.195
 2    95.962   -19.314    59.899
 2    -0.444    -0.891    -0.094
 2     0.864    -0.453     0.218
 2    -0.237     0.015     0.971
 3   130.894    -5.876     3.984
 3     0.596     0.090    -0.798
 3     0.195     0.947     0.252
 3     0.779    -0.306     0.547
 4   118.574     4.188    -8.143
 4     0.772    -0.205     0.601
 4     0.267     0.964    -0.015
 4    -0.576     0.171     0.799
 5   128.341    16.860     1.393
 5     0.751    -0.522     0.403
 5     0.431    -0.073    -0.899
 5     0.499     0.849     0.170
 6   139.086     2.438    12.428
 6    -0.160     0.984    -0.077
 6    -0.923    -0.121     0.365
 6     0.349     0.129     0.928
 7   115.052   -16.033    -6.089
 7     0.673     0.456     0.582
 7    -0.390     0.887    -0.246
 7    -0.629    -0.062     0.775
 8   128.249   -28.513     2.631
 8     0.894     0.035     0.445
 8    -0.420    -0.277     0.864
 8     0.154    -0.960    -0.233
 9   144.289   -22.291     6.201
 9     0.118    -0.142    -0.983
 9     0.743     0.669    -0.007
 9     0.659    -0.729     0.184
 2    95.912   -19.314    59.899
 2    -0.444    -0.891    -0.094
 2     0.864    -0.453     0.217
 2    -0.237     0.015     0.971
 3   130.891    -5.877     3.989
 3     0.596     0.091    -0.797
 3     0.195     0.947     0.254
 3     0.778    -0.308     0.547
 4   118.665     3.896    -8.335
 4     0.771    -0.196     0.605
 4     0.252     0.967    -0.008
 4    -0.584     0.158     0.796
 5   128.659    16.705     0.839
 5     0.769    -0.507     0.389
 5     0.426    -0.047    -0.904
 5     0.476     0.860     0.180
 6   139.358     2.247    11.226
 6    -0.184     0.980    -0.069
 6    -0.919    -0.147     0.365
 6     0.347     0.131     0.928
 7   114.916   -15.864    -6.119
 7     0.666     0.463     0.585
 7    -0.393     0.884    -0.252
 7    -0.634    -0.062     0.771
 8   127.602   -28.707     3.089
 8     0.875    -0.021     0.484
 8    -0.465    -0.318     0.826
 8     0.136    -0.948    -0.287
 9   144.016   -23.350     5.703
 9     0.189    -0.131    -0.973
 9     0.783     0.618     0.069
 9     0.593    -0.775     0.219
 2    95.912   -19.314    59.899
 2    -0.444    -0.891    -0.095
 2     0.864    -0.454     0.218
 2    -0.237     0.015     0.971
 3   130.977    -5.780     3.883
 3     0.602     0.092    -0.793
 3     0.197     0.945     0.259
 3     0.774    -0.313     0.551
 4   118.422     4.059    -8.408
 4     0.757    -0.211     0.618
 4     0.259     0.965     0.012
 4    -0.600     0.151     0.786
 5   128.231    16.935     0.942
 5     0.766    -0.471     0.438
 5     0.444    -0.106    -0.890
 5     0.465     0.876     0.128
 6   139.799     2.809     9.892
 6    -0.113     0.992    -0.052
 6    -0.955    -0.094     0.280
 6     0.272     0.081     0.958
 7   114.687   -15.758    -6.023
 7     0.647     0.485     0.588
 7    -0.413     0.871    -0.266
 7    -0.641    -0.071     0.764
 8   126.758   -28.900     3.439
 8     0.852    -0.097     0.513
 8    -0.510    -0.368     0.778
 8     0.113    -0.925    -0.363
 9   143.271   -24.557     4.656
 9     0.281    -0.141    -0.949
 9     0.817     0.555     0.159
 9     0.504    -0.820     0.271
 2    95.912   -19.314    59.899
 2    -0.444    -0.891    -0.094
 2     0.864    -0.454     0.218
 2    -0.237     0.015     0.971
 3   130.965    -5.732     3.743
 3     0.606     0.089    -0.791
 3     0.198     0.945     0.258
 3     0.771    -0.313     0.555
 4   118.230     4.156    -8.395
 4     0.751    -0.215     0.624
 4     0.263     0.964     0.015
 4    -0.605     0.153     0.781
 5   128.162    16.934     1.066
 5     0.769    -0.453     0.451
 5     0.443    -0.131    -0.887
 5     0.461     0.881     0.099
 6   140.160     2.785     8.805
 6    -0.078     0.996    -0.037
 6    -0.973    -0.068     0.221
 6     0.218     0.053     0.974
 7   114.563   -15.767    -6.052
 7     0.638     0.493     0.591
 7    -0.423     0.866    -0.267
 7    -0.644    -0.079     0.761
 8   126.514   -29.133     3.674
 8     0.840    -0.147     0.522
 8    -0.533    -0.400     0.745
 8     0.099    -0.905    -0.415
 9   143.045   -25.325     4.046
 9     0.329    -0.156    -0.931
 9     0.835     0.508     0.210
 9     0.441    -0.847     0.298
 2    95.912   -19.314    59.899
 2    -0.444    -0.891    -0.094
 2     0.864    -0.453     0.218
 2    -0.237     0.015     0.971
 3   130.960    -5.708     3.748
 3     0.606     0.087    -0.790
 3     0.199     0.946     0.256
 3     0.770    -0.313     0.556
 4   118.270     4.202    -8.431
 4     0.748    -0.216     0.627
 4     0.263     0.964     0.018
 4    -0.609     0.151     0.778
 5   128.195    16.830     1.065
 5     0.773    -0.438     0.459
 5     0.440    -0.152    -0.885
 5     0.457     0.886     0.075
 6   140.556     2.938     8.069
 6    -0.050     0.998    -0.041
 6    -0.984    -0.042     0.174
 6     0.172     0.049     0.984
 7   114.567   -15.769    -5.996
 7     0.635     0.496     0.592
 7    -0.427     0.864    -0.267
 7    -0.644    -0.083     0.760
 8   126.404   -29.216     3.829
 8     0.834    -0.182     0.521
 8    -0.546    -0.416     0.728
 8     0.084    -0.891    -0.446
 9   142.978   -25.663     3.498
 9     0.355    -0.179    -0.917
 9     0.843     0.486     0.231
 9     0.404    -0.855     0.324
 2    95.912   -19.314    59.899
 2    -0.443    -0.891    -0.094
 2     0.864    -0.453     0.218
 2    -0.237     0.015     0.971
 3   130.992    -5.663     3.586
 3     0.612     0.079    -0.787
 3     0.197     0.948     0.249
 3     0.766    -0.308     0.564
 4   118.172     4.139    -8.495
 4     0.741    -0.217     0.635
 4     0.259     0.965     0.027
 4    -0.619     0.144     0.772
 5   128.322    16.738     0.977
 5     0.785    -0.413     0.463
 5     0.435    -0.165    -0.885
 5     0.441     0.896     0.050
 6   140.856     2.874     6.958
 6    -0.039     0.999    -0.018
 6    -0.989    -0.036     0.146
 6     0.145     0.023     0.989
 7   114.568   -15.728    -6.065
 7     0.630     0.490     0.602
 7    -0.420     0.867    -0.267
 7    -0.653    -0.084     0.752
 8   126.460   -29.282     3.504
 8     0.833    -0.211     0.510
 8    -0.549    -0.415     0.725
 8     0.058    -0.885    -0.462
 9   142.885   -26.151     2.206
 9     0.390    -0.231    -0.892
 9     0.870     0.409     0.274
 9     0.302    -0.883     0.360
 2    95.962   -19.314    59.950
 2    -0.444    -0.891    -0.094
 2     0.864    -0.454     0.218
 2    -0.237     0.015     0.971
 3   131.164    -5.542     3.305
 3     0.618     0.065    -0.783
 3     0.199     0.951     0.237
 3     0.760    -0.302     0.574
 4   118.074     4.205    -8.532
 4     0.725    -0.230     0.649
 4     0.272     0.961     0.037
 4    -0.633     0.149     0.760
 5   128.028    16.936     0.989
 5     0.788    -0.360     0.499
 5     0.446    -0.225    -0.867
 5     0.424     0.905    -0.017
 6   141.159     4.323     4.636
 6     0.035     0.999     0.002
 6    -0.999     0.035    -0.015
 6    -0.015    -0.002     1.000
 7   114.674   -15.611    -6.108
 7     0.618     0.495     0.611
 7    -0.433     0.863    -0.262
 7    -0.657    -0.102     0.747
 8   125.736   -28.902     5.500
 8     0.788    -0.344     0.510
 8    -0.612    -0.520     0.595
 8     0.060    -0.782    -0.620
 9   141.024   -28.117     2.384
 9     0.499    -0.310    -0.809
 9     0.865     0.223     0.448
 9     0.042    -0.924     0.380
 2    95.962   -19.314    59.950
 2    -0.444    -0.891    -0.094
 2     0.864    -0.454     0.218
 2    -0.237     0.015     0.971
 3   131.300    -5.369     3.190
 3     0.622     0.057    -0.781
 3     0.199     0.953     0.229
 3     0.757    -0.298     0.581
 4   117.925     4.374    -8.625
 4     0.707    -0.248     0.662
 4     0.288     0.956     0.050
 4    -0.646     0.155     0.748
 5   127.791    16.998     1.180
 5     0.785    -0.330     0.523
 5     0.449    -0.278    -0.849
 5     0.426     0.902    -0.070
 6   141.134     5.984     2.408
 6     0.094     0.995     0.022
 6    -0.974     0.096    -0.206
 6    -0.208    -0.003     0.978
 7   114.661   -15.563    -6.151
 7     0.605     0.506     0.614
 7    -0.456     0.853    -0.253
 7    -0.652    -0.127     0.747
 8   125.621   -27.975     7.283
 8     0.754    -0.461     0.468
 8    -0.653    -0.602     0.460
 8     0.069    -0.653    -0.755
 9   139.636   -29.672     2.285
 9     0.545    -0.464    -0.698
 9     0.794     0.017     0.607
 9    -0.270    -0.885     0.378
 2    95.962   -19.314    59.950
 2    -0.444    -0.891    -0.094
 2     0.864    -0.454     0.218
 2    -0.237     0.015     0.971
 3   131.403    -5.223     2.982
 3     0.629     0.050    -0.776
 3     0.198     0.954     0.222
 3     0.752    -0.294     0.590
 4   117.782     4.551    -8.623
 4     0.700    -0.251     0.668
 4     0.296     0.954     0.048
 4    -0.649     0.164     0.743
 5   127.666    16.960     1.656
 5     0.792    -0.333     0.511
 5     0.416    -0.319    -0.852
 5     0.446     0.887    -0.114
 6   140.979     6.853     1.603
 6     0.116     0.993     0.031
 6    -0.919     0.120    -0.375
 6    -0.376     0.015     0.926
 7   114.514   -15.614    -6.040
 7     0.597     0.505     0.623
 7    -0.471     0.850    -0.237
 7    -0.649    -0.151     0.745
 8   126.113   -27.026     8.070
 8     0.754    -0.523     0.396
 8    -0.653    -0.658     0.374
 8     0.064    -0.541    -0.839
 9   138.645   -30.186     1.368
 9     0.481    -0.615    -0.625
 9     0.719    -0.132     0.682
 9    -0.502    -0.778     0.378
 2    95.962   -19.314    59.950
 2    -0.444    -0.891    -0.094
 2     0.864    -0.453     0.218
 2    -0.237     0.015     0.971
 3   131.380    -5.231     2.880
 3     0.636     0.044    -0.771
 3     0.198     0.955     0.219
 3     0.746    -0.292     0.598
 4   117.533     4.595    -8.710
 4     0.694    -0.250     0.675
 4     0.299     0.953     0.044
 4    -0.655     0.171     0.736
 5   127.762    16.594     1.627
 5     0.808    -0.327     0.490
 5     0.386    -0.334    -0.860
 5     0.444     0.884    -0.144
 6   140.650     7.433     0.625
 6     0.101     0.994     0.029
 6    -0.874     0.103    -0.475
 6    -0.475     0.022     0.879
 7   114.283   -15.671    -5.983
 7     0.592     0.495     0.636
 7    -0.470     0.853    -0.227
 7    -0.655    -0.165     0.738
 8   126.868   -26.753     8.094
 8     0.768    -0.547     0.333
 8    -0.638    -0.692     0.336
 8     0.047    -0.471    -0.881
 9   138.226   -30.521     0.042
 9     0.392    -0.718    -0.575
 9     0.647    -0.228     0.727
 9    -0.653    -0.657     0.375
 2    95.962   -19.314    59.899
 2    -0.444    -0.891    -0.094
 2     0.864    -0.453     0.218
 2    -0.237     0.015     0.971
 3   131.407    -5.236     2.754
 3     0.641     0.038    -0.766
 3     0.201     0.955     0.216
 3     0.740    -0.293     0.605
 4   117.438     4.510    -8.737
 4     0.688    -0.248     0.682
 4     0.297     0.953     0.046
 4    -0.662     0.171     0.730
 5   128.023    16.395     1.440
 5     0.825    -0.312     0.471
 5     0.368    -0.337    -0.867
 5     0.429     0.888    -0.163
 6   140.808     7.676    -0.070
 6     0.081     0.996     0.015
 6    -0.848     0.077    -0.524
 6    -0.524     0.029     0.851
 7   114.232   -15.749    -5.915
 7     0.589     0.488     0.644
 7    -0.470     0.855    -0.218
 7    -0.658    -0.174     0.733
 8   127.698   -25.963     8.283
 8     0.784    -0.555     0.276
 8    -0.619    -0.731     0.287
 8     0.042    -0.396    -0.917
 9   137.865   -30.777    -0.307
 9     0.311    -0.777    -0.548
 9     0.571    -0.308     0.761
 9    -0.760    -0.550     0.348
 2    95.912   -19.314    59.899
 2    -0.444    -0.891    -0.094
 2     0.864    -0.453     0.217
 2    -0.237     0.015     0.971
 3   131.514    -5.291     2.598
 3     0.646     0.033    -0.762
 3     0.205     0.955     0.215
 3     0.735    -0.296     0.610
 4   117.379     4.454    -8.797
 4     0.685    -0.246     0.685
 4     0.294     0.954     0.047
 4    -0.666     0.169     0.726
 5   128.322    15.933     1.223
 5     0.845    -0.297     0.444
 5     0.345    -0.332    -0.878
 5     0.408     0.895    -0.179
 6   140.856     7.392    -0.941
 6     0.046     0.999     0.007
 6    -0.827     0.042    -0.560
 6    -0.560     0.020     0.828
 7   114.243   -15.848    -5.917
 7     0.588     0.485     0.647
 7    -0.473     0.855    -0.211
 7    -0.656    -0.182     0.732
 8   128.373   -25.150     8.726
 8     0.815    -0.526     0.242
 8    -0.575    -0.784     0.234
 8     0.067    -0.330    -0.942
 9   137.963   -30.314     0.618
 9     0.228    -0.788    -0.572
 9     0.478    -0.421     0.771
 9    -0.848    -0.449     0.281
 2    95.912   -19.314    59.899
 2    -0.444    -0.891    -0.094
 2     0.864    -0.453     0.218
 2    -0.237     0.015     0.971
 3   131.546    -5.345     2.544
 3     0.650     0.030    -0.759
 3     0.209     0.953     0.216
 3     0.730    -0.299     0.614
 4   117.245     4.348    -8.837
 4     0.683    -0.243     0.688
 4     0.292     0.955     0.047
 4    -0.669     0.169     0.723
 5   128.478    15.866     1.118
 5     0.858    -0.292     0.422
 5     0.321    -0.337    -0.885
 5     0.400     0.895    -0.196
 6   140.491     7.304    -1.364
 6     0.010     1.000    -0.011
 6    -0.785     0.002    -0.620
 6    -0.620     0.015     0.785
 7   114.094   -16.268    -5.638
 7     0.587     0.485     0.648
 7    -0.491     0.850    -0.191
 7    -0.644    -0.207     0.737
 8   128.924   -24.033     9.427
 8     0.858    -0.466     0.213
 8    -0.505    -0.840     0.196
 8     0.088    -0.276    -0.957
 9   137.913   -29.848     1.441
 9     0.134    -0.773    -0.620
 9     0.401    -0.530     0.747
 9    -0.906    -0.349     0.239
 2    95.912   -19.314    59.899
 2    -0.444    -0.891    -0.094
 2     0.864    -0.453     0.218
 2    -0.237     0.015     0.971
 3   131.522    -5.350     2.473
 3     0.656     0.023    -0.754
 3     0.216     0.951     0.218
 3     0.723    -0.306     0.619
 4   116.775     4.320    -8.730
 4     0.675    -0.251     0.693
 4     0.302     0.952     0.050
 4    -0.673     0.176     0.719
 5   128.253    15.632     1.235
 5     0.865    -0.289     0.409
 5     0.301    -0.354    -0.885
 5     0.400     0.890    -0.219
 6   139.806     8.155    -1.614
 6    -0.005     1.000    -0.007
 6    -0.729    -0.008    -0.684
 6    -0.684     0.002     0.729
 7   113.831   -16.498    -5.296
 7     0.581     0.483     0.655
 7    -0.498     0.847    -0.184
 7    -0.644    -0.219     0.733
 8   129.109   -23.428     9.598
 8     0.878    -0.440     0.186
 8    -0.470    -0.866     0.168
 8     0.087    -0.235    -0.968
 9   137.605   -29.172     1.715
 9     0.062    -0.765    -0.641
 9     0.345    -0.586     0.733
 9    -0.936    -0.267     0.227
 2    95.912   -19.314    59.899
 2    -0.444    -0.891    -0.094
 2     0.864    -0.453     0.218
 2    -0.237     0.015     0.971
 3   131.503    -5.404     2.290
 3     0.659     0.016    -0.752
 3     0.221     0.951     0.214
 3     0.718    -0.307     0.624
 4   116.267     4.503    -8.657
 4     0.659    -0.274     0.700
 4     0.327     0.943     0.061
 4    -0.677     0.189     0.711
 5   127.974    15.723     1.572
 5     0.874    -0.271     0.402
 5     0.286    -0.383    -0.879
 5     0.392     0.883    -0.257
 6   139.098     9.262    -1.751
 6    -0.027     0.999     0.019
 6    -0.670    -0.004    -0.742
 6    -0.741    -0.033     0.670
 7   113.360   -16.873    -4.629
 7     0.557     0.492     0.669
 7    -0.514     0.837    -0.187
 7    -0.652    -0.240     0.719
 8   129.290   -23.003    10.026
 8     0.892    -0.426     0.149
 8    -0.445    -0.887     0.126
 8     0.078    -0.179    -0.981
 9   137.032   -29.329     1.627
 9    -0.009    -0.762    -0.648
 9     0.283    -0.623     0.729
 9    -0.959    -0.177     0.221
 2    95.912   -19.314    59.899
 2    -0.444    -0.891    -0.094
 2     0.864    -0.453     0.218
 2    -0.237     0.015     0.971
 3   131.510    -5.255     2.127
 3     0.662     0.003    -0.750
 3     0.226     0.952     0.204
 3     0.714    -0.305     0.630
 4   115.538     5.001    -8.383
 4     0.640    -0.307     0.704
 4     0.365     0.928     0.072
 4    -0.676     0.210     0.706
 5   127.437    15.830     1.894
 5     0.888    -0.254     0.383
 5     0.259    -0.413    -0.873
 5     0.380     0.875    -0.301
 6   137.844     9.911    -1.906
 6    -0.072     0.996     0.052
 6    -0.614    -0.003    -0.789
 6    -0.786    -0.089     0.611
 7   112.847   -17.194    -4.124
 7     0.534     0.500     0.682
 7    -0.532     0.825    -0.189
 7    -0.657    -0.262     0.706
 8   129.366   -22.684    10.276
 8     0.903    -0.411     0.119
 8    -0.422    -0.902     0.092
 8     0.069    -0.133    -0.989
 9   136.442   -29.239     1.546
 9    -0.066    -0.750    -0.658
 9     0.244    -0.651     0.718
 9    -0.967    -0.113     0.226
 2    95.912   -19.314    59.899
 2    -0.444    -0.891    -0.094
 2     0.864    -0.453     0.218
 2    -0.237     0.015     0.971
 3   131.485    -5.133     1.869
 3     0.667    -0.010    -0.745
 3     0.230     0.954     0.192
 3     0.708    -0.300     0.639
 4   115.015     5.290    -8.249
 4     0.625    -0.327     0.708
 4     0.390     0.917     0.079
 4    -0.676     0.226     0.701
 5   127.153    15.995     2.144
 5     0.895    -0.240     0.374
 5     0.248    -0.431    -0.868
 5     0.369     0.870    -0.327
 6   137.477    10.538    -2.073
 6    -0.094     0.993     0.072
 6    -0.591     0.002    -0.807
 6    -0.801    -0.118     0.586
 7   112.679   -17.302    -3.873
 7     0.524     0.501     0.689
 7    -0.540     0.821    -0.187
 7    -0.659    -0.274     0.700
 8   129.464   -22.501    10.391
 8     0.908    -0.405     0.104
 8    -0.413    -0.907     0.076
 8     0.064    -0.113    -0.992
 9   136.381   -29.035     1.390
 9    -0.090    -0.745    -0.661
 9     0.232    -0.661     0.713
 9    -0.969    -0.089     0.232
 2    95.962   -19.314    59.950
 2    -0.444    -0.891    -0.094
 2     0.864    -0.453     0.218
 2    -0.237     0.015     0.971
 3   131.588    -4.953     1.681
 3     0.664    -0.017    -0.747
 3     0.231     0.955     0.184
 3     0.710    -0.295     0.639
 4   114.763     5.554    -8.047
 4     0.619    -0.340     0.708
 4     0.406     0.910     0.081
 4    -0.672     0.237     0.701
 5   127.029    16.082     2.293
 5     0.903    -0.232     0.360
 5     0.233    -0.441    -0.867
 5     0.360     0.867    -0.344
 6   137.141    10.758    -2.097
 6    -0.106     0.991     0.074
 6    -0.567     0.001    -0.824
 6    -0.817    -0.129     0.562
 7   112.637   -17.303    -3.688
 7     0.520     0.499     0.693
 7    -0.543     0.819    -0.182
 7    -0.659    -0.282     0.697
 8   129.591   -22.214    10.521
 8     0.914    -0.395     0.094
 8    -0.401    -0.914     0.062
 8     0.062    -0.095    -0.994
 9   136.211   -28.854     1.588
 9    -0.112    -0.736    -0.667
 9     0.211    -0.674     0.708
 9    -0.971    -0.062     0.230
 2    95.962   -19.314    59.899
 2    -0.444    -0.891    -0.094
 2     0.864    -0.453     0.218
 2    -0.237     0.015     0.971
 3   131.599    -4.822     1.560
 3     0.661    -0.021    -0.750
 3     0.231     0.956     0.177
 3     0.714    -0.291     0.637
 4   114.665     5.873    -7.883
 4     0.614    -0.349     0.708
 4     0.424     0.902     0.076
 4    -0.665     0.254     0.702
 5   126.981    16.259     2.584
 5     0.906    -0.233     0.354
 5     0.220    -0.455    -0.863
 5     0.362     0.859    -0.361
 6   137.051    11.054    -1.529
 6    -0.114     0.990     0.078
 6    -0.540     0.004    -0.842
 6    -0.834    -0.138     0.534
 7   112.653   -17.478    -3.514
 7     0.517     0.498     0.696
 7    -0.549     0.817    -0.176
 7    -0.656    -0.291     0.696
 8   129.770   -22.028    10.648
 8     0.919    -0.383     0.086
 8    -0.388    -0.920     0.048
 8     0.061    -0.078    -0.995
 9   136.220   -28.665     1.669
 9    -0.133    -0.725    -0.675
 9     0.199    -0.687     0.699
 9    -0.971    -0.041     0.236
 2    95.962   -19.314    59.950
 2    -0.444    -0.891    -0.094
 2     0.864    -0.453     0.218
 2    -0.237     0.015     0.971
 3   131.657    -4.717     1.546
 3     0.657    -0.024    -0.753
 3     0.230     0.958     0.171
 3     0.717    -0.286     0.635
 4   114.637     6.113    -7.732
 4     0.608    -0.358     0.709
 4     0.440     0.895     0.074
 4    -0.661     0.266     0.701
 5   127.081    16.206     2.929
 5     0.908    -0.233     0.348
 5     0.208    -0.469    -0.858
 5     0.363     0.851    -0.378
 6   136.770    11.208    -1.371
 6    -0.129     0.988     0.088
 6    -0.523     0.007    -0.852
 6    -0.843    -0.156     0.515
 7   112.735   -17.550    -3.393
 7     0.519     0.495     0.697
 7    -0.551     0.817    -0.171
 7    -0.654    -0.295     0.696
 8   129.892   -21.999    10.756
 8     0.923    -0.375     0.079
 8    -0.379    -0.925     0.039
 8     0.058    -0.067    -0.996
 9   136.230   -28.365     1.431
 9    -0.154    -0.716    -0.681
 9     0.197    -0.698     0.688
 9    -0.968    -0.028     0.248
 2    95.912   -19.314    59.899
 2    -0.444    -0.891    -0.094
 2     0.864    -0.453     0.218
 2    -0.237     0.015     0.971
 3   131.736    -4.664     1.459
 3     0.655    -0.030    -0.755
 3     0.231     0.959     0.163
 3     0.719    -0.281     0.635
 4   114.573     6.243    -7.560
 4     0.600    -0.364     0.713
 4     0.450     0.890     0.075
 4    -0.662     0.275     0.697
 5   127.158    16.195     3.015
 5     0.914    -0.209     0.348
 5     0.212    -0.487    -0.847
 5     0.347     0.848    -0.401
 6   136.692    11.448    -1.654
 6    -0.163     0.980     0.110
 6    -0.511     0.011    -0.859
 6    -0.844    -0.197     0.499
 7   112.779   -17.602    -3.438
 7     0.519     0.493     0.698
 7    -0.548     0.819    -0.171
 7    -0.656    -0.294     0.695
 8   130.103   -21.898    10.670
 8     0.927    -0.367     0.073
 8    -0.370    -0.928     0.041
 8     0.052    -0.065    -0.996
 9   136.350   -28.226     1.276
 9    -0.164    -0.709    -0.685
 9     0.199    -0.704     0.681
 9    -0.966    -0.025     0.257
 2    95.912   -19.314    59.899
 2    -0.444    -0.891    -0.094
 2     0.864    -0.453     0.218
 2    -0.237     0.015     0.971
 3   131.837    -4.663     1.403
 3     0.654    -0.033    -0.756
 3     0.231     0.960     0.157
 3     0.720    -0.278     0.635
 4   114.522     6.349    -7.522
 4     0.597    -0.366     0.714
 4     0.456     0.887     0.073
 4    -0.660     0.282     0.696
 5   127.148    16.191     3.196
 5     0.916    -0.205     0.345
 5     0.207    -0.496    -0.844
 5     0.344     0.844    -0.412
 6   136.527    11.585    -1.725
 6    -0.179     0.977     0.117
 6    -0.499     0.012    -0.866
 6    -0.848    -0.214     0.485
 7   112.901   -17.728    -3.385
 7     0.521     0.487     0.700
 7    -0.545     0.822    -0.166
 7    -0.657    -0.295     0.694
 8   130.312   -21.846    10.612
 8     0.933    -0.352     0.063
 8    -0.355    -0.934     0.040
 8     0.045    -0.060    -0.997
 9   136.448   -27.984     1.061
 9    -0.179    -0.698    -0.693
 9     0.196    -0.716     0.670
 9    -0.964    -0.016     0.265
 2    95.912   -19.314    59.899
 2    -0.443    -0.891    -0.094
 2     0.864    -0.453     0.218
 2    -0.237     0.015     0.971
 3   131.841    -4.584     1.392
 3     0.651    -0.041    -0.758
 3     0.232     0.961     0.148
 3     0.722    -0.273     0.635
 4   114.527     6.462    -7.426
 4     0.594    -0.371     0.714
 4     0.468     0.881     0.067
 4    -0.654     0.294     0.697
 5   127.028    16.064     3.287
 5     0.917    -0.208     0.341
 5     0.198    -0.505    -0.840
 5     0.346     0.837    -0.422
 6   136.395    11.598    -1.505
 6    -0.183     0.976     0.119
 6    -0.488     0.015    -0.872
 6    -0.853    -0.218     0.474
 7   113.081   -18.075    -3.269
 7     0.529     0.475     0.703
 7    -0.540     0.828    -0.154
 7    -0.655    -0.298     0.694
 8   130.657   -21.713    10.636
 8     0.940    -0.335     0.060
 8    -0.338    -0.941     0.036
 8     0.044    -0.054    -0.997
 9   136.866   -27.668     1.213
 9    -0.191    -0.684    -0.704
 9     0.189    -0.729     0.657
 9    -0.963    -0.007     0.269
 2    95.962   -19.314    59.899
 2    -0.444    -0.891    -0.094
 2     0.864    -0.453     0.218
 2    -0.237     0.015     0.971
 3   131.960    -4.629     1.440
 3     0.647    -0.058    -0.760
 3     0.244     0.960     0.134
 3     0.722    -0.273     0.636
 4   114.341     6.243    -7.264
 4     0.580    -0.389     0.715
 4     0.486     0.870     0.079
 4    -0.653     0.302     0.694
 5   126.905    15.920     3.573
 5     0.914    -0.201     0.353
 5     0.206    -0.520    -0.829
 5     0.349     0.830    -0.433
 6   136.057    11.921    -1.161
 6    -0.179     0.974     0.137
 6    -0.479     0.035    -0.877
 6    -0.859    -0.222     0.461
 7   113.314   -18.473    -3.176
 7     0.533     0.465     0.706
 7    -0.537     0.831    -0.142
 7    -0.653    -0.304     0.693
 8   130.933   -21.935    10.735
 8     0.943    -0.326     0.057
 8    -0.328    -0.944     0.029
 8     0.044    -0.046    -0.998
 9   137.074   -27.788     1.144
 9    -0.201    -0.675    -0.710
 9     0.180    -0.738     0.650
 9    -0.963     0.003     0.270
 2    95.912   -19.314    59.899
 2    -0.444    -0.891    -0.094
 2     0.864    -0.453     0.218
 2    -0.237     0.015     0.971
 3   131.880    -4.703     1.393
 3     0.645    -0.067    -0.761
 3     0.252     0.959     0.130
 3     0.721    -0.276     0.635
 4   114.207     6.096    -7.221
 4     0.571    -0.400     0.717
 4     0.497     0.863     0.085
 4    -0.653     0.308     0.692
 5   126.675    15.847     3.519
 5     0.913    -0.193     0.360
 5     0.213    -0.526    -0.823
 5     0.348     0.828    -0.439
 6   135.878    11.866    -1.089
 6    -0.178     0.973     0.145
 6    -0.474     0.044    -0.879
 6    -0.862    -0.225     0.453
 7   113.299   -18.751    -3.051
 7     0.532     0.464     0.708
 7    -0.542     0.829    -0.137
 7    -0.651    -0.311     0.693
 8   131.112   -22.006    10.915
 8     0.945    -0.322     0.051
 8    -0.323    -0.946     0.017
 8     0.043    -0.032    -0.999
 9   136.939   -27.953     1.279
 9    -0.215    -0.670    -0.710
 9     0.166    -0.741     0.650
 9    -0.962     0.022     0.271
 2    95.912   -19.314    59.899
 2    -0.443    -0.891    -0.094
 2     0.864    -0.453     0.218
 2    -0.237     0.015     0.971
 3   131.905    -4.753     1.393
 3     0.645    -0.068    -0.761
 3     0.253     0.959     0.128
 3     0.721    -0.276     0.635
 4   113.927     6.386    -6.918
 4     0.562    -0.405     0.721
 4     0.511     0.855     0.080
 4    -0.649     0.323     0.688
 5   126.497    15.924     3.960
 5     0.914    -0.188     0.358
 5     0.205    -0.547    -0.812
 5     0.349     0.816    -0.461
 6   135.491    12.318    -0.721
 6    -0.190     0.969     0.155
 6    -0.448     0.055    -0.892
 6    -0.874    -0.239     0.423
 7   113.168   -18.926    -2.778
 7     0.528     0.467     0.709
 7    -0.550     0.824    -0.133
 7    -0.647    -0.320     0.692
 8   131.020   -21.975    11.044
 8     0.946    -0.320     0.044
 8    -0.321    -0.947    -0.001
 8     0.042    -0.014    -0.999
 9   136.703   -28.118     1.312
 9    -0.229    -0.669    -0.707
 9     0.152    -0.742     0.653
 9    -0.961     0.042     0.272
 2    95.912   -19.314    59.899
 2    -0.444    -0.891    -0.095
 2     0.864    -0.453     0.218
 2    -0.237     0.015     0.971
 3   131.779    -4.702     1.341
 3     0.644    -0.071    -0.761
 3     0.254     0.959     0.126
 3     0.721    -0.275     0.636
 4   113.736     6.513    -6.895
 4     0.554    -0.408     0.725
 4     0.519     0.850     0.081
 4    -0.651     0.332     0.683
 5   126.366    15.924     4.084
 5     0.915    -0.184     0.358
 5     0.204    -0.556    -0.806
 5     0.348     0.811    -0.471
 6   135.315    12.465    -0.599
 6    -0.191     0.968     0.159
 6    -0.442     0.060    -0.895
 6    -0.876    -0.242     0.417
 7   113.173   -19.001    -2.753
 7     0.527     0.467     0.710
 7    -0.552     0.823    -0.132
 7    -0.646    -0.323     0.692
 8   131.013   -21.873    10.982
 8     0.948    -0.316     0.037
 8    -0.316    -0.949    -0.006
 8     0.037    -0.006    -0.999
 9   136.741   -27.827     1.105
 9    -0.241    -0.662    -0.709
 9     0.150    -0.747     0.647
 9    -0.959     0.050     0.279
 2    95.912   -19.314    59.950
 2    -0.443    -0.891    -0.095
 2     0.864    -0.453     0.218
 2    -0.237     0.015     0.971
 3   131.682    -4.470     1.254
 3     0.641    -0.080    -0.763
 3     0.258     0.959     0.117
 3     0.723    -0.272     0.635
 4   113.476     6.852    -6.685
 4     0.542    -0.418     0.729
 4     0.534     0.841     0.085
 4    -0.649     0.343     0.679
 5   126.029    16.205     4.357
 5     0.914    -0.172     0.367
 5     0.211    -0.571    -0.793
 5     0.346     0.803    -0.486
 6   134.910    13.062    -0.313
 6    -0.194     0.965     0.175
 6    -0.429     0.077    -0.900
 6    -0.882    -0.250     0.399
 7   113.124   -19.000    -2.702
 7     0.528     0.464     0.711
 7    -0.552     0.824    -0.128
 7    -0.646    -0.325     0.691
 8   131.111   -21.795    11.012
 8     0.949    -0.312     0.034
 8    -0.312    -0.950    -0.011
 8     0.035    -0.000    -0.999
 9   136.684   -27.639     1.054
 9    -0.249    -0.657    -0.712
 9     0.146    -0.752     0.643
 9    -0.957     0.056     0.283
 2    95.962   -19.314    59.899
 2    -0.444    -0.891    -0.094
 2     0.864    -0.453     0.218
 2    -0.237     0.015     0.971
 3   131.491    -4.271     1.204
 3     0.644    -0.098    -0.759
 3     0.256     0.962     0.092
 3     0.721    -0.254     0.645
 4   113.134     7.220    -6.310
 4     0.524    -0.426     0.738
 4     0.555     0.827     0.084
 4    -0.646     0.365     0.670
 5   125.666    16.437     4.772
 5     0.915    -0.159     0.371
 5     0.210    -0.599    -0.773
 5     0.345     0.785    -0.515
 6   134.403    13.661     0.183
 6    -0.206     0.960     0.189
 6    -0.396     0.095    -0.913
 6    -0.895    -0.264     0.360
 7   113.100   -18.974    -2.702
 7     0.528     0.462     0.713
 7    -0.551     0.825    -0.127
 7    -0.646    -0.326     0.690
 8   128.506   -22.114     8.872
 8     0.950    -0.309     0.031
 8    -0.309    -0.951    -0.017
 8     0.034     0.006    -0.999
 9   136.572   -27.425     1.027
 9    -0.259    -0.651    -0.714
 9     0.142    -0.756     0.638
 9    -0.955     0.064     0.288
 2    95.912   -19.314    59.899
 2    -0.443    -0.891    -0.095
 2     0.864    -0.453     0.218
 2    -0.237     0.015     0.971
 3   131.462    -4.095     1.150
 3     0.645    -0.106    -0.757
 3     0.254     0.964     0.081
 3     0.721    -0.245     0.648
 4   112.928     7.486    -6.090
 4     0.512    -0.431     0.743
 4     0.571     0.817     0.079
 4    -0.641     0.384     0.664
 5   125.490    16.466     5.210
 5     0.914    -0.153     0.374
 5     0.207    -0.618    -0.759
 5     0.347     0.771    -0.533
 6   134.222    13.952     0.642
 6    -0.208     0.958     0.196
 6    -0.383     0.104    -0.918
 6    -0.900    -0.266     0.345
 7   113.047   -18.925    -2.597
 7     0.528     0.461     0.713
 7    -0.550     0.826    -0.126
 7    -0.647    -0.325     0.690
 8   128.577   -21.988     8.830
 8     0.952    -0.306     0.027
 8    -0.305    -0.952    -0.021
 8     0.032     0.012    -0.999
 9   136.547   -27.264     1.006
 9    -0.267    -0.648    -0.713
 9     0.141    -0.759     0.636
 9    -0.953     0.069     0.294
 2    95.912   -19.314    59.899
 2    -0.444    -0.891    -0.094
 2     0.864    -0.453     0.218
 2    -0.237     0.015     0.971
 3   131.465    -4.094     1.145
 3     0.644    -0.107    -0.758
 3     0.253     0.964     0.079
 3     0.722    -0.243     0.647
 4   112.878     7.671    -5.878
 4     0.506    -0.437     0.744
 4     0.580     0.810     0.080
 4    -0.638     0.391     0.663
 5   125.439    16.621     5.379
 5     0.914    -0.149     0.377
 5     0.208    -0.626    -0.751
 5     0.348     0.765    -0.541
 6   134.051    14.246     1.050
 6    -0.212     0.955     0.206
 6    -0.370     0.117    -0.922
 6    -0.904    -0.272     0.329
 7   113.102   -18.923    -2.579
 7     0.529     0.463     0.710
 7    -0.551     0.824    -0.127
 7    -0.645    -0.325     0.692
 8   128.566   -21.935     8.975
 8     0.951    -0.309     0.029
 8    -0.308    -0.951    -0.030
 8     0.037     0.019    -0.999
 9   136.485   -27.364     1.025
 9    -0.269    -0.649    -0.711
 9     0.138    -0.757     0.638
 9    -0.953     0.073     0.294
 2    95.912   -19.314    59.899
 2    -0.444    -0.891    -0.094
 2     0.864    -0.453     0.218
 2    -0.237     0.015     0.971
 3   131.496    -3.990     1.136
 3     0.641    -0.107    -0.760
 3     0.252     0.964     0.077
 3     0.724    -0.241     0.646
 4   112.940     7.862    -5.679
 4     0.502    -0.444     0.742
 4     0.591     0.802     0.080
 4    -0.631     0.398     0.666
 5   125.373    16.654     5.761
 5     0.912    -0.146     0.383
 5     0.208    -0.639    -0.740
 5     0.353     0.755    -0.553
 6   133.863    14.641     1.586
 6    -0.209     0.953     0.218
 6    -0.359     0.132    -0.924
 6    -0.910    -0.272     0.314
 7   113.246   -18.966    -2.507
 7     0.531     0.472     0.703
 7    -0.558     0.820    -0.128
 7    -0.637    -0.324     0.699
 8   128.488   -21.931     9.215
 8     0.948    -0.315     0.034
