% Calibrated with leiden_pols
% Positions are in centimeters
Data =[
 2    95.962   -19.314    59.899
 2    -0.444    -0.891    -0.094
 2     0.864    -0.453     0.217
 2    -0.237     0.015     0.971
 3   132.151    -4.739     4.712
 3     0.501    -0.039    -0.864
 3     0.238     0.966     0.094
 3     0.831    -0.253     0.494
 4   117.934     7.701    -5.498
 4     0.740    -0.482     0.469
 4     0.566     0.823    -0.048
 4    -0.363     0.301     0.882
 5   125.334    16.451     8.810
 5     0.648    -0.680     0.342
 5     0.079    -0.386    -0.919
 5     0.757     0.622    -0.197
 6   140.158     2.352    17.089
 6     0.375     0.660    -0.652
 6    -0.849    -0.039    -0.528
 6    -0.374     0.750     0.545
 7   118.061   -19.342    -3.744
 7     0.771     0.530     0.352
 7    -0.571     0.821     0.015
 7    -0.281    -0.213     0.936
 8   124.580   -23.271    16.765
 8     0.727     0.010     0.686
 8    -0.237    -0.934     0.265
 8     0.644    -0.356    -0.677
 9   139.790   -22.050    27.057
 9     0.808     0.364    -0.463
 9     0.588    -0.539     0.603
 9    -0.030    -0.759    -0.650
 2    95.962   -19.314    59.899
 2    -0.444    -0.891    -0.094
 2     0.864    -0.454     0.218
 2    -0.237     0.015     0.971
 3   132.197    -4.695     4.512
 3     0.508    -0.036    -0.861
 3     0.231     0.968     0.096
 3     0.830    -0.248     0.500
 4   117.769     7.851    -5.561
 4     0.733    -0.488     0.473
 4     0.572     0.819    -0.041
 4    -0.368     0.301     0.880
 5   125.132    16.632     8.795
 5     0.653    -0.662     0.368
 5     0.092    -0.413    -0.906
 5     0.752     0.625    -0.208
 6   140.291     4.349    15.785
 6     0.424     0.705    -0.568
 6    -0.778    -0.037    -0.627
 6    -0.464     0.708     0.533
 7   117.829   -19.450    -3.693
 7     0.756     0.551     0.353
 7    -0.593     0.805     0.014
 7    -0.277    -0.220     0.935
 8   124.304   -23.026    17.030
 8     0.717    -0.079     0.693
 8    -0.281    -0.942     0.184
 8     0.638    -0.327    -0.697
 9   139.901   -24.352    26.375
 9     0.893     0.146    -0.425
 9     0.405    -0.671     0.621
 9    -0.194    -0.727    -0.658
 2    95.962   -19.314    59.899
 2    -0.444    -0.891    -0.094
 2     0.864    -0.453     0.217
 2    -0.237     0.015     0.971
 3   132.297    -4.698     4.410
 3     0.510    -0.029    -0.859
 3     0.224     0.969     0.100
 3     0.830    -0.243     0.501
 4   117.622     7.922    -5.589
 4     0.724    -0.496     0.478
 4     0.578     0.815    -0.029
 4    -0.376     0.297     0.878
 5   124.892    16.634     8.763
 5     0.659    -0.638     0.398
 5     0.109    -0.443    -0.890
 5     0.744     0.629    -0.223
 6   140.014     6.114    14.990
 6     0.462     0.749    -0.474
 6    -0.694    -0.027    -0.720
 6    -0.552     0.661     0.507
 7   117.427   -19.465    -3.568
 7     0.738     0.572     0.356
 7    -0.613     0.790     0.002
 7    -0.281    -0.220     0.934
 8   123.922   -23.447    17.030
 8     0.714    -0.184     0.676
 8    -0.352    -0.928     0.120
 8     0.605    -0.324    -0.727
 9   139.076   -26.928    25.009
 9     0.904    -0.061    -0.424
 9     0.260    -0.707     0.657
 9    -0.340    -0.704    -0.623
 2    95.962   -19.314    59.899
 2    -0.444    -0.891    -0.094
 2     0.864    -0.454     0.218
 2    -0.237     0.015     0.971
 3   132.319    -4.757     4.235
 3     0.516    -0.022    -0.856
 3     0.212     0.971     0.103
 3     0.829    -0.235     0.506
 4   117.613     7.924    -5.683
 4     0.715    -0.510     0.478
 4     0.587     0.809    -0.017
 4    -0.379     0.292     0.878
 5   124.597    16.773     8.751
 5     0.657    -0.612     0.439
 5     0.127    -0.485    -0.865
 5     0.742     0.625    -0.241
 6   139.335     8.591    13.946
 6     0.499     0.794    -0.346
 6    -0.583     0.013    -0.812
 6    -0.641     0.607     0.469
 7   117.125   -19.354    -3.649
 7     0.718     0.598     0.356
 7    -0.636     0.772    -0.014
 7    -0.284    -0.216     0.934
 8   123.646   -23.634    17.299
 8     0.693    -0.294     0.658
 8    -0.427    -0.903     0.046
 8     0.581    -0.313    -0.751
 9   138.165   -29.799    23.851
 9     0.875    -0.255    -0.411
 9     0.115    -0.716     0.688
 9    -0.470    -0.650    -0.598
 2    95.962   -19.314    59.899
 2    -0.444    -0.891    -0.094
 2     0.864    -0.453     0.218
 2    -0.237     0.015     0.971
 3   132.461    -4.815     3.965
 3     0.523    -0.016    -0.852
 3     0.203     0.973     0.107
 3     0.827    -0.229     0.512
 4   117.574     8.039    -5.775
 4     0.702    -0.539     0.465
 4     0.606     0.795     0.006
 4    -0.373     0.278     0.885
 5   124.098    16.975     8.952
 5     0.652    -0.566     0.504
 5     0.161    -0.547    -0.822
 5     0.741     0.617    -0.265
 6   138.529    11.190    13.771
 6     0.526     0.821    -0.222
 6    -0.469     0.063    -0.881
 6    -0.709     0.568     0.418
 7   116.736   -19.369    -3.586
 7     0.693     0.627     0.355
 7    -0.663     0.748    -0.027
 7    -0.283    -0.217     0.934
 8   123.179   -23.896    17.310
 8     0.660    -0.407     0.631
 8    -0.502    -0.864    -0.032
 8     0.558    -0.296    -0.775
 9   136.570   -32.344    22.804
 9     0.826    -0.413    -0.383
 9    -0.010    -0.690     0.723
 9    -0.563    -0.594    -0.574
 2    95.962   -19.314    59.899
 2    -0.444    -0.891    -0.094
 2     0.864    -0.454     0.218
 2    -0.237     0.015     0.971
 3   132.521    -4.877     3.731
 3     0.534    -0.008    -0.845
 3     0.193     0.974     0.113
 3     0.823    -0.224     0.522
 4   117.459     8.130    -5.735
 4     0.684    -0.575     0.448
 4     0.630     0.776     0.034
 4    -0.368     0.259     0.893
 5   123.534    16.937     8.949
 5     0.651    -0.521     0.552
 5     0.186    -0.595    -0.782
 5     0.735     0.612    -0.291
 6   137.491    13.288    13.162
 6     0.531     0.841    -0.099
 6    -0.373     0.127    -0.919
 6    -0.761     0.525     0.381
 7   116.337   -19.107    -3.511
 7     0.668     0.652     0.356
 7    -0.686     0.726    -0.042
 7    -0.286    -0.216     0.933
 8   122.813   -23.997    17.341
 8     0.634    -0.479     0.607
 8    -0.552    -0.830    -0.078
 8     0.541    -0.286    -0.791
 9   135.239   -33.980    22.250
 9     0.785    -0.509    -0.353
 9    -0.097    -0.664     0.741
 9    -0.612    -0.548    -0.571
 2    95.962   -19.314    59.899
 2    -0.444    -0.891    -0.094
 2     0.864    -0.454     0.217
 2    -0.237     0.015     0.971
 3   132.601    -4.836     3.631
 3     0.543    -0.003    -0.840
 3     0.189     0.975     0.119
 3     0.818    -0.223     0.529
 4   117.333     8.317    -5.792
 4     0.669    -0.599     0.440
 4     0.647     0.761     0.051
 4    -0.366     0.250     0.896
 5   123.123    17.128     9.008
 5     0.646    -0.494     0.582
 5     0.205    -0.623    -0.755
 5     0.735     0.607    -0.302
 6   136.838    14.624    13.159
 6     0.534     0.844    -0.041
 6    -0.318     0.155    -0.935
 6    -0.783     0.513     0.351
 7   116.156   -19.016    -3.417
 7     0.657     0.664     0.356
 7    -0.696     0.716    -0.052
 7    -0.290    -0.214     0.933
 8   122.503   -23.963    17.314
 8     0.615    -0.520     0.593
 8    -0.582    -0.806    -0.103
 8     0.531    -0.282    -0.799
 9   134.475   -34.998    21.857
 9     0.762    -0.557    -0.330
 9    -0.145    -0.643     0.752
 9    -0.631    -0.526    -0.571
 2    95.962   -19.314    59.899
 2    -0.444    -0.891    -0.094
 2     0.864    -0.454     0.218
 2    -0.237     0.015     0.971
 3   132.613    -4.713     3.494
 3     0.547    -0.002    -0.837
 3     0.189     0.974     0.121
 3     0.815    -0.224     0.534
 4   116.983     8.326    -5.799
 4     0.652    -0.623     0.431
 4     0.664     0.744     0.069
 4    -0.364     0.242     0.899
 5   122.438    17.273     9.035
 5     0.637    -0.457     0.620
 5     0.228    -0.657    -0.719
 5     0.736     0.599    -0.314
