% Calibrated with leiden_pols
% Positions are in centimeters
Data =[
 2    95.962   -19.314    59.899
 2    -0.444    -0.891    -0.094
 2     0.864    -0.453     0.217
 2    -0.237     0.015     0.971
 3   132.151    -4.739     4.712
 3     0.501    -0.039    -0.864
 3     0.238     0.966     0.094
 3     0.831    -0.253     0.494
 4   117.934     7.701    -5.498
 4     0.740    -0.482     0.469
 4     0.566     0.823    -0.048
 4    -0.363     0.301     0.882
 5   125.334    16.451     8.810
 5     0.648    -0.680     0.342
 5     0.079    -0.386    -0.919
 5     0.757     0.622    -0.197
 6   140.158     2.352    17.089
 6     0.375     0.660    -0.652
 6    -0.849    -0.039    -0.528
 6    -0.374     0.750     0.545
 7   118.061   -19.342    -3.744
 7     0.771     0.530     0.352
 7    -0.571     0.821     0.015
 7    -0.281    -0.213     0.936
 8   124.580   -23.271    16.765
 8     0.727     0.010     0.686
 8    -0.237    -0.934     0.265
 8     0.644    -0.356    -0.677
 9   139.790   -22.050    27.057
 9     0.808     0.364    -0.463
 9     0.588    -0.539     0.603
 9    -0.030    -0.759    -0.650
 2    95.962   -19.314    59.899
 2    -0.444    -0.891    -0.094
 2     0.864    -0.454     0.218
 2    -0.237     0.015     0.971
 3   132.197    -4.695     4.512
 3     0.508    -0.036    -0.861
 3     0.231     0.968     0.096
 3     0.830    -0.248     0.500
 4   117.769     7.851    -5.561
 4     0.733    -0.488     0.473
 4     0.572     0.819    -0.041
 4    -0.368     0.301     0.880
 5   125.132    16.632     8.795
 5     0.653    -0.662     0.368
 5     0.092    -0.413    -0.906
 5     0.752     0.625    -0.208
 6   140.291     4.349    15.785
 6     0.424     0.705    -0.568
 6    -0.778    -0.037    -0.627
 6    -0.464     0.708     0.533
 7   117.829   -19.450    -3.693
 7     0.756     0.551     0.353
 7    -0.593     0.805     0.014
 7    -0.277    -0.220     0.935
 8   124.304   -23.026    17.030
 8     0.717    -0.079     0.693
 8    -0.281    -0.942     0.184
 8     0.638    -0.327    -0.697
 9   139.901   -24.352    26.375
 9     0.893     0.146    -0.425
 9     0.405    -0.671     0.621
 9    -0.194    -0.727    -0.658
 2    95.962   -19.314    59.899
 2    -0.444    -0.891    -0.094
 2     0.864    -0.453     0.217
 2    -0.237     0.015     0.971
 3   132.297    -4.698     4.410
 3     0.510    -0.029    -0.859
 3     0.224     0.969     0.100
 3     0.830    -0.243     0.501
 4   117.622     7.922    -5.589
 4     0.724    -0.496     0.478
 4     0.578     0.815    -0.029
 4    -0.376     0.297     0.878
 5   124.892    16.634     8.763
 5     0.659    -0.638     0.398
 5     0.109    -0.443    -0.890
 5     0.744     0.629    -0.223
 6   140.014     6.114    14.990
 6     0.462     0.749    -0.474
 6    -0.694    -0.027    -0.720
 6    -0.552     0.661     0.507
 7   117.427   -19.465    -3.568
 7     0.738     0.572     0.356
 7    -0.613     0.790     0.002
 7    -0.281    -0.220     0.934
 8   123.922   -23.447    17.030
 8     0.714    -0.184     0.676
 8    -0.352    -0.928     0.120
 8     0.605    -0.324    -0.727
 9   139.076   -26.928    25.009
 9     0.904    -0.061    -0.424
 9     0.260    -0.707     0.657
 9    -0.340    -0.704    -0.623
 2    95.962   -19.314    59.899
 2    -0.444    -0.891    -0.094
 2     0.864    -0.454     0.218
 2    -0.237     0.015     0.971
 3   132.319    -4.757     4.235
 3     0.516    -0.022    -0.856
 3     0.212     0.971     0.103
 3     0.829    -0.235     0.506
 4   117.613     7.924    -5.683
 4     0.715    -0.510     0.478
 4     0.587     0.809    -0.017
 4    -0.379     0.292     0.878
 5   124.597    16.773     8.751
 5     0.657    -0.612     0.439
 5     0.127    -0.485    -0.865
 5     0.742     0.625    -0.241
 6   139.335     8.591    13.946
 6     0.499     0.794    -0.346
 6    -0.583     0.013    -0.812
 6    -0.641     0.607     0.469
 7   117.125   -19.354    -3.649
 7     0.718     0.598     0.356
 7    -0.636     0.772    -0.014
 7    -0.284    -0.216     0.934
 8   123.646   -23.634    17.299
 8     0.693    -0.294     0.658
 8    -0.427    -0.903     0.046
 8     0.581    -0.313    -0.751
 9   138.165   -29.799    23.851
 9     0.875    -0.255    -0.411
 9     0.115    -0.716     0.688
 9    -0.470    -0.650    -0.598
 2    95.962   -19.314    59.899
 2    -0.444    -0.891    -0.094
 2     0.864    -0.453     0.218
 2    -0.237     0.015     0.971
 3   132.461    -4.815     3.965
 3     0.523    -0.016    -0.852
 3     0.203     0.973     0.107
 3     0.827    -0.229     0.512
 4   117.574     8.039    -5.775
 4     0.702    -0.539     0.465
 4     0.606     0.795     0.006
 4    -0.373     0.278     0.885
 5   124.098    16.975     8.952
 5     0.652    -0.566     0.504
 5     0.161    -0.547    -0.822
 5     0.741     0.617    -0.265
 6   138.529    11.190    13.771
 6     0.526     0.821    -0.222
 6    -0.469     0.063    -0.881
 6    -0.709     0.568     0.418
 7   116.736   -19.369    -3.586
 7     0.693     0.627     0.355
 7    -0.663     0.748    -0.027
 7    -0.283    -0.217     0.934
 8   123.179   -23.896    17.310
 8     0.660    -0.407     0.631
 8    -0.502    -0.864    -0.032
 8     0.558    -0.296    -0.775
 9   136.570   -32.344    22.804
 9     0.826    -0.413    -0.383
 9    -0.010    -0.690     0.723
 9    -0.563    -0.594    -0.574
 2    95.962   -19.314    59.899
 2    -0.444    -0.891    -0.094
 2     0.864    -0.454     0.218
 2    -0.237     0.015     0.971
 3   132.521    -4.877     3.731
 3     0.534    -0.008    -0.845
 3     0.193     0.974     0.113
 3     0.823    -0.224     0.522
 4   117.459     8.130    -5.735
 4     0.684    -0.575     0.448
 4     0.630     0.776     0.034
 4    -0.368     0.259     0.893
 5   123.534    16.937     8.949
 5     0.651    -0.521     0.552
 5     0.186    -0.595    -0.782
 5     0.735     0.612    -0.291
 6   137.491    13.288    13.162
 6     0.531     0.841    -0.099
 6    -0.373     0.127    -0.919
 6    -0.761     0.525     0.381
 7   116.337   -19.107    -3.511
 7     0.668     0.652     0.356
 7    -0.686     0.726    -0.042
 7    -0.286    -0.216     0.933
 8   122.813   -23.997    17.341
 8     0.634    -0.479     0.607
 8    -0.552    -0.830    -0.078
 8     0.541    -0.286    -0.791
 9   135.239   -33.980    22.250
 9     0.785    -0.509    -0.353
 9    -0.097    -0.664     0.741
 9    -0.612    -0.548    -0.571
 2    95.962   -19.314    59.899
 2    -0.444    -0.891    -0.094
 2     0.864    -0.454     0.217
 2    -0.237     0.015     0.971
 3   132.601    -4.836     3.631
 3     0.543    -0.003    -0.840
 3     0.189     0.975     0.119
 3     0.818    -0.223     0.529
 4   117.333     8.317    -5.792
 4     0.669    -0.599     0.440
 4     0.647     0.761     0.051
 4    -0.366     0.250     0.896
 5   123.123    17.128     9.008
 5     0.646    -0.494     0.582
 5     0.205    -0.623    -0.755
 5     0.735     0.607    -0.302
 6   136.838    14.624    13.159
 6     0.534     0.844    -0.041
 6    -0.318     0.155    -0.935
 6    -0.783     0.513     0.351
 7   116.156   -19.016    -3.417
 7     0.657     0.664     0.356
 7    -0.696     0.716    -0.052
 7    -0.290    -0.214     0.933
 8   122.503   -23.963    17.314
 8     0.615    -0.520     0.593
 8    -0.582    -0.806    -0.103
 8     0.531    -0.282    -0.799
 9   134.475   -34.998    21.857
 9     0.762    -0.557    -0.330
 9    -0.145    -0.643     0.752
 9    -0.631    -0.526    -0.571
 2    95.962   -19.314    59.899
 2    -0.444    -0.891    -0.094
 2     0.864    -0.454     0.218
 2    -0.237     0.015     0.971
 3   132.613    -4.713     3.494
 3     0.547    -0.002    -0.837
 3     0.189     0.974     0.121
 3     0.815    -0.224     0.534
 4   116.983     8.326    -5.799
 4     0.652    -0.623     0.431
 4     0.664     0.744     0.069
 4    -0.364     0.242     0.899
 5   122.438    17.273     9.035
 5     0.637    -0.457     0.620
 5     0.228    -0.657    -0.719
 5     0.736     0.599    -0.314
 6   135.964    15.697    13.171
 6     0.543     0.839     0.019
 6    -0.267     0.195    -0.944
 6    -0.796     0.508     0.330
 7   115.791   -18.908    -3.379
 7     0.638     0.679     0.361
 7    -0.709     0.702    -0.066
 7    -0.299    -0.214     0.930
 8   122.269   -24.024    17.296
 8     0.604    -0.544     0.583
 8    -0.600    -0.791    -0.116
 8     0.524    -0.280    -0.804
 9   133.805   -35.630    21.714
 9     0.737    -0.600    -0.310
 9    -0.194    -0.628     0.753
 9    -0.647    -0.496    -0.580
 2    95.962   -19.314    59.899
 2    -0.444    -0.891    -0.094
 2     0.864    -0.453     0.217
 2    -0.237     0.015     0.971
 3   132.573    -4.617     3.388
 3     0.554    -0.003    -0.833
 3     0.190     0.974     0.123
 3     0.811    -0.227     0.539
 4   116.756     8.436    -5.807
 4     0.636    -0.645     0.424
 4     0.682     0.727     0.082
 4    -0.362     0.237     0.902
 5   122.009    17.260     9.245
 5     0.631    -0.434     0.643
 5     0.242    -0.678    -0.694
 5     0.737     0.593    -0.323
 6   135.173    16.578    13.194
 6     0.537     0.839     0.085
 6    -0.217     0.235    -0.947
 6    -0.815     0.490     0.308
 7   115.568   -18.870    -3.260
 7     0.619     0.697     0.361
 7    -0.725     0.684    -0.077
 7    -0.301    -0.215     0.929
 8   122.099   -24.026    17.412
 8     0.597    -0.564     0.570
 8    -0.610    -0.781    -0.135
 8     0.521    -0.267    -0.810
 9   133.245   -36.195    21.722
 9     0.696    -0.651    -0.302
 9    -0.246    -0.612     0.752
 9    -0.674    -0.449    -0.586
 2    95.962   -19.314    59.899
 2    -0.444    -0.891    -0.094
 2     0.864    -0.454     0.218
 2    -0.237     0.015     0.971
 3   132.537    -4.628     3.180
 3     0.565    -0.003    -0.825
 3     0.193     0.973     0.128
 3     0.802    -0.232     0.550
 4   116.467     8.389    -5.749
 4     0.618    -0.664     0.420
 4     0.696     0.711     0.099
 4    -0.365     0.232     0.902
 5   121.652    17.091     9.179
 5     0.627    -0.411     0.662
 5     0.250    -0.698    -0.670
 5     0.737     0.586    -0.335
 6   134.382    17.150    13.088
 6     0.525     0.840     0.133
 6    -0.175     0.260    -0.950
 6    -0.833     0.476     0.283
 7   115.279   -19.028    -3.230
 7     0.604     0.709     0.363
 7    -0.738     0.670    -0.079
 7    -0.299    -0.221     0.928
 8   122.187   -23.725    17.681
 8     0.605    -0.572     0.554
 8    -0.595    -0.787    -0.163
 8     0.529    -0.231    -0.816
 9   133.223   -35.748    22.311
 9     0.642    -0.696    -0.322
 9    -0.286    -0.607     0.741
 9    -0.711    -0.384    -0.589
 2    95.962   -19.314    59.899
 2    -0.444    -0.891    -0.094
 2     0.864    -0.454     0.218
 2    -0.237     0.015     0.971
 3   132.527    -4.688     2.947
 3     0.576    -0.003    -0.817
 3     0.198     0.970     0.136
 3     0.793    -0.240     0.560
 4   116.282     8.275    -5.864
 4     0.603    -0.690     0.400
 4     0.712     0.692     0.119
 4    -0.359     0.213     0.908
 5   121.050    16.963     9.115
 5     0.614    -0.382     0.690
 5     0.256    -0.731    -0.632
 5     0.746     0.565    -0.351
 6   133.346    17.792    13.264
 6     0.519     0.833     0.190
 6    -0.112     0.287    -0.951
 6    -0.848     0.472     0.242
 7   115.134   -19.316    -2.929
 7     0.584     0.734     0.346
 7    -0.767     0.639    -0.062
 7    -0.267    -0.229     0.936
 8   122.633   -22.433    18.004
 8     0.656    -0.523     0.544
 8    -0.490    -0.844    -0.220
 8     0.574    -0.122    -0.810
 9   134.128   -33.560    23.414
 9     0.570    -0.706    -0.420
 9    -0.341    -0.668     0.661
 9    -0.747    -0.234    -0.622
 2    95.912   -19.314    59.899
 2    -0.444    -0.891    -0.094
 2     0.864    -0.453     0.218
 2    -0.237     0.015     0.971
 3   132.466    -4.830     2.678
 3     0.594    -0.005    -0.805
 3     0.212     0.966     0.150
 3     0.776    -0.260     0.574
 4   116.141     7.830    -6.266
 4     0.582    -0.726     0.367
 4     0.730     0.665     0.155
 4    -0.357     0.178     0.917
 5   120.510    16.341     8.699
 5     0.592    -0.354     0.723
 5     0.255    -0.770    -0.585
 5     0.764     0.531    -0.366
 6   132.338    17.935    13.211
 6     0.503     0.828     0.244
 6    -0.039     0.304    -0.952
 6    -0.863     0.470     0.186
 7   115.171   -19.748    -2.861
 7     0.570     0.757     0.318
 7    -0.789     0.612    -0.044
 7    -0.228    -0.226     0.947
 8   122.645   -21.465    17.905
 8     0.676    -0.460     0.575
 8    -0.394    -0.886    -0.245
 8     0.623    -0.061    -0.780
 9   134.348   -31.725    24.172
 9     0.537    -0.696    -0.477
 9    -0.361    -0.700     0.617
 9    -0.763    -0.159    -0.627
 2    95.962   -19.314    59.899
 2    -0.444    -0.891    -0.094
 2     0.864    -0.453     0.217
 2    -0.237     0.015     0.971
 3   132.649    -4.943     2.424
 3     0.606    -0.013    -0.795
 3     0.216     0.965     0.149
 3     0.765    -0.263     0.587
 4   116.219     7.622    -6.475
 4     0.566    -0.751     0.340
 4     0.749     0.641     0.169
 4    -0.345     0.159     0.925
 5   120.227    15.964     8.734
 5     0.578    -0.323     0.749
 5     0.248    -0.806    -0.538
 5     0.777     0.497    -0.386
 6   131.671    17.839    13.558
 6     0.486     0.829     0.274
 6     0.003     0.311    -0.950
 6    -0.874     0.463     0.149
 7   115.225   -19.826    -3.026
 7     0.562     0.769     0.304
 7    -0.796     0.603    -0.052
 7    -0.224    -0.213     0.951
 8   122.603   -21.132    17.740
 8     0.676    -0.443     0.589
 8    -0.361    -0.896    -0.259
 8     0.642    -0.037    -0.766
 9   134.239   -31.162    23.887
 9     0.504    -0.697    -0.510
 9    -0.356    -0.706     0.613
 9    -0.787    -0.128    -0.604
 2    95.912   -19.314    59.899
 2    -0.443    -0.891    -0.094
 2     0.864    -0.453     0.218
 2    -0.237     0.015     0.971
 3   132.676    -5.026     2.266
 3     0.613    -0.021    -0.790
 3     0.215     0.966     0.141
 3     0.760    -0.257     0.597
 4   116.249     7.795    -6.467
 4     0.552    -0.770     0.319
 4     0.766     0.620     0.171
 4    -0.330     0.150     0.932
 5   119.698    15.745     8.889
 5     0.559    -0.283     0.780
 5     0.248    -0.840    -0.482
 5     0.791     0.463    -0.399
 6   130.613    18.387    13.756
 6     0.471     0.826     0.308
 6     0.046     0.326    -0.944
 6    -0.881     0.459     0.115
 7   115.230   -19.776    -3.115
 7     0.557     0.776     0.293
 7    -0.800     0.597    -0.058
 7    -0.220    -0.203     0.954
 8   122.568   -21.025    17.604
 8     0.662    -0.469     0.584
 8    -0.371    -0.882    -0.289
 8     0.651    -0.025    -0.759
 9   133.811   -31.268    23.740
 9     0.476    -0.710    -0.519
 9    -0.347    -0.694     0.631
 9    -0.808    -0.120    -0.577
 2    95.962   -19.314    59.899
 2    -0.444    -0.891    -0.094
 2     0.864    -0.453     0.217
 2    -0.237     0.015     0.971
 3   132.717    -4.977     2.121
 3     0.615    -0.026    -0.788
 3     0.217     0.966     0.138
 3     0.758    -0.256     0.600
 4   116.182     7.982    -6.486
 4     0.541    -0.781     0.312
 4     0.776     0.606     0.172
 4    -0.324     0.148     0.934
 5   119.574    15.883     8.867
 5     0.554    -0.261     0.790
 5     0.253    -0.852    -0.459
 5     0.793     0.454    -0.406
 6   130.014    18.969    13.788
 6     0.451     0.829     0.331
 6     0.071     0.337    -0.939
 6    -0.890     0.447     0.093
 7   115.297   -19.770    -3.066
 7     0.555     0.782     0.282
 7    -0.804     0.591    -0.056
 7    -0.211    -0.197     0.957
 8   122.334   -20.767    17.738
 8     0.647    -0.491     0.584
 8    -0.379    -0.871    -0.313
 8     0.662    -0.019    -0.749
 9   133.508   -31.450    23.881
 9     0.471    -0.715    -0.516
 9    -0.350    -0.689     0.635
 9    -0.810    -0.119    -0.575
 2    95.912   -19.314    59.899
 2    -0.444    -0.891    -0.094
 2     0.864    -0.454     0.217
 2    -0.237     0.015     0.971
 3   132.659    -4.851     2.105
 3     0.615    -0.030    -0.788
 3     0.220     0.966     0.135
 3     0.756    -0.257     0.601
 4   115.976     8.200    -6.417
 4     0.529    -0.794     0.300
 4     0.788     0.590     0.171
 4    -0.313     0.146     0.938
 5   118.991    15.724     9.043
 5     0.545    -0.229     0.806
 5     0.254    -0.872    -0.419
 5     0.799     0.433    -0.417
 6   129.217    19.261    13.941
 6     0.440     0.823     0.359
 6     0.097     0.354    -0.930
 6    -0.893     0.444     0.075
 7   115.205   -19.744    -3.077
 7     0.551     0.787     0.277
 7    -0.808     0.586    -0.057
 7    -0.207    -0.193     0.959
 8   122.129   -20.768    17.827
 8     0.635    -0.512     0.577
 8    -0.391    -0.859    -0.332
 8     0.666    -0.015    -0.746
 9   132.956   -31.803    23.997
 9     0.468    -0.724    -0.507
 9    -0.363    -0.680     0.636
 9    -0.806    -0.114    -0.581
 2    95.962   -19.314    59.899
 2    -0.444    -0.891    -0.094
 2     0.864    -0.453     0.218
 2    -0.237     0.015     0.971
 3   132.415    -4.602     2.069
 3     0.620    -0.042    -0.783
 3     0.223     0.966     0.125
 3     0.752    -0.253     0.609
 4   115.739     8.425    -6.270
 4     0.518    -0.807     0.284
 4     0.803     0.572     0.162
 4    -0.294     0.144     0.945
 5   118.570    15.647     9.325
 5     0.533    -0.195     0.823
 5     0.249    -0.894    -0.373
 5     0.808     0.403    -0.428
 6   128.598    20.210    14.508
 6     0.439     0.814     0.379
 6     0.153     0.349    -0.925
 6    -0.885     0.464     0.029
 7   115.046   -19.742    -2.994
 7     0.546     0.792     0.272
 7    -0.814     0.579    -0.054
 7    -0.200    -0.192     0.960
 8   121.873   -20.607    18.005
 8     0.622    -0.527     0.578
 8    -0.391    -0.849    -0.354
 8     0.678    -0.006    -0.735
 9   132.597   -31.883    24.393
 9     0.474    -0.727    -0.497
 9    -0.387    -0.679     0.623
 9    -0.791    -0.103    -0.603
 2    95.962   -19.314    59.899
 2    -0.444    -0.891    -0.094
 2     0.864    -0.453     0.218
 2    -0.237     0.015     0.971
 3   132.352    -4.453     2.081
 3     0.623    -0.048    -0.780
 3     0.224     0.967     0.120
 3     0.749    -0.250     0.613
 4   115.684     8.513    -6.248
 4     0.513    -0.812     0.276
 4     0.809     0.565     0.157
 4    -0.284     0.143     0.948
 5   118.292    15.485     9.382
 5     0.525    -0.175     0.832
 5     0.248    -0.904    -0.347
 5     0.814     0.389    -0.432
 6   128.350    20.357    14.787
 6     0.444     0.811     0.380
 6     0.167     0.342    -0.924
 6    -0.880     0.475     0.016
 7   114.993   -19.760    -2.972
 7     0.544     0.796     0.266
 7    -0.817     0.574    -0.047
 7    -0.190    -0.192     0.963
 8   119.159   -20.572    16.027
 8     0.599    -0.550     0.582
 8    -0.393    -0.835    -0.385
 8     0.698     0.002    -0.716
 9   131.845   -32.025    24.935
 9     0.492    -0.726    -0.481
 9    -0.420    -0.681     0.599
 9    -0.763    -0.093    -0.640
 2    95.962   -19.314    59.899
 2    -0.444    -0.891    -0.094
 2     0.864    -0.454     0.217
 2    -0.237     0.015     0.971
 3   132.166    -4.508     1.916
 3     0.627    -0.050    -0.777
 3     0.225     0.967     0.119
 3     0.746    -0.250     0.617
 4   115.532     8.575    -6.280
 4     0.509    -0.818     0.268
 4     0.816     0.558     0.151
 4    -0.273     0.141     0.951
 5   117.713    15.388     9.373
 5     0.506    -0.144     0.850
 5     0.245    -0.921    -0.302
 5     0.826     0.361    -0.431
 6   128.390    21.307    15.815
 6     0.509     0.780     0.362
 6     0.235     0.278    -0.931
 6    -0.828     0.559    -0.042
 7   114.902   -19.810    -2.981
 7     0.539     0.800     0.262
 7    -0.821     0.569    -0.045
 7    -0.186    -0.191     0.964
 8   120.853   -20.420    17.972
 8     0.567    -0.575     0.589
 8    -0.407    -0.818    -0.406
 8     0.716    -0.010    -0.698
 9   131.046   -32.612    25.540
 9     0.527    -0.731    -0.433
 9    -0.461    -0.674     0.577
 9    -0.714    -0.105    -0.693
 2    95.962   -19.314    59.899
 2    -0.444    -0.891    -0.094
 2     0.864    -0.453     0.218
 2    -0.237     0.015     0.971
 3   132.140    -4.508     1.915
 3     0.627    -0.051    -0.777
 3     0.223     0.968     0.117
 3     0.746    -0.247     0.618
 4   115.656     8.823    -6.058
 4     0.513    -0.820     0.252
 4     0.820     0.555     0.136
 4    -0.252     0.137     0.958
 5   117.544    15.191     9.587
 5     0.486    -0.133     0.864
 5     0.227    -0.935    -0.271
 5     0.844     0.328    -0.424
 6   128.781    21.855    16.864
 6     0.567     0.741     0.359
 6     0.308     0.213    -0.927
 6    -0.764     0.636    -0.108
 7   114.736   -19.811    -3.046
 7     0.532     0.808     0.253
 7    -0.827     0.560    -0.049
 7    -0.181    -0.184     0.966
 8   120.398   -20.340    17.875
 8     0.536    -0.589     0.605
 8    -0.409    -0.808    -0.424
 8     0.738    -0.020    -0.674
 9   130.478   -32.562    26.384
 9     0.562    -0.734    -0.381
 9    -0.500    -0.669     0.550
 9    -0.658    -0.119    -0.743
 2    95.912   -19.314    59.899
 2    -0.444    -0.891    -0.094
 2     0.864    -0.453     0.218
 2    -0.237     0.015     0.971
 3   132.044    -4.510     1.909
 3     0.627    -0.049    -0.777
 3     0.218     0.969     0.115
 3     0.747    -0.242     0.618
 4   115.786     9.038    -6.017
 4     0.513    -0.824     0.242
 4     0.824     0.551     0.128
 4    -0.239     0.134     0.962
 5   117.319    15.141     9.510
 5     0.468    -0.116     0.876
 5     0.221    -0.945    -0.243
 5     0.855     0.307    -0.417
 6   129.383    23.245    18.755
 6     0.649     0.658     0.381
 6     0.397     0.135    -0.908
 6    -0.649     0.741    -0.174
 7   114.863   -19.685    -3.154
 7     0.528     0.812     0.247
 7    -0.830     0.556    -0.052
 7    -0.179    -0.178     0.968
 8   120.217   -20.161    17.684
 8     0.516    -0.596     0.615
 8    -0.409    -0.802    -0.434
 8     0.752    -0.028    -0.658
 9   130.158   -32.549    26.863
 9     0.589    -0.736    -0.333
 9    -0.530    -0.663     0.528
 9    -0.610    -0.135    -0.781
 2    95.912   -19.314    59.899
 2    -0.444    -0.891    -0.094
 2     0.864    -0.453     0.218
 2    -0.237     0.015     0.971
 3   132.152    -4.380     1.945
 3     0.625    -0.051    -0.779
 3     0.216     0.970     0.110
 3     0.750    -0.237     0.617
 4   115.891     9.282    -5.877
 4     0.508    -0.830     0.228
 4     0.831     0.542     0.121
 4    -0.225     0.128     0.966
 5   117.097    15.115     9.642
 5     0.450    -0.104     0.887
 5     0.217    -0.951    -0.222
 5     0.866     0.292    -0.405
 6   129.501    24.115    20.721
 6     0.695     0.595     0.404
 6     0.471     0.048    -0.881
 6    -0.543     0.802    -0.247
 7   115.092   -19.553    -3.247
 7     0.533     0.812     0.237
 7    -0.828     0.559    -0.052
 7    -0.175    -0.169     0.970
 8   120.088   -19.969    17.420
 8     0.496    -0.591     0.636
 8    -0.394    -0.806    -0.442
 8     0.774    -0.032    -0.633
 9   129.939   -32.303    27.408
 9     0.621    -0.728    -0.290
 9    -0.551    -0.669     0.500
 9    -0.558    -0.151    -0.816
 2    95.962   -19.314    59.899
 2    -0.444    -0.891    -0.094
 2     0.864    -0.453     0.218
 2    -0.237     0.015     0.971
 3   132.188    -4.095     1.950
 3     0.619    -0.060    -0.783
 3     0.219     0.970     0.098
 3     0.754    -0.233     0.614
 4   115.949     9.288    -5.887
 4     0.501    -0.837     0.220
 4     0.836     0.534     0.123
 4    -0.221     0.123     0.967
 5   116.934    15.203     9.546
 5     0.441    -0.091     0.893
 5     0.223    -0.953    -0.207
 5     0.869     0.290    -0.400
 6   129.648    24.528    21.165
 6     0.710     0.567     0.418
 6     0.495     0.020    -0.868
 6    -0.501     0.823    -0.266
 7   115.402   -19.544    -3.371
 7     0.539     0.809     0.232
 7    -0.825     0.563    -0.048
 7    -0.169    -0.166     0.971
 8   120.004   -19.674    17.370
 8     0.478    -0.586     0.654
 8    -0.376    -0.810    -0.450
 8     0.793    -0.031    -0.608
 9   129.824   -31.666    28.362
 9     0.656    -0.717    -0.234
 9    -0.574    -0.676     0.463
 9    -0.490    -0.170    -0.855
 2    95.962   -19.314    59.899
 2    -0.444    -0.891    -0.094
 2     0.864    -0.453     0.218
 2    -0.237     0.015     0.971
 3   132.201    -4.012     2.084
 3     0.613    -0.065    -0.787
 3     0.223     0.970     0.093
 3     0.758    -0.233     0.609
 4   116.009     9.343    -5.896
 4     0.499    -0.840     0.213
 4     0.839     0.530     0.124
 4    -0.217     0.116     0.969
 5   116.835    15.191     9.596
 5     0.429    -0.088     0.898
 5     0.226    -0.953    -0.201
 5     0.874     0.289    -0.390
 6   129.542    24.754    22.224
 6     0.724     0.537     0.431
 6     0.526    -0.026    -0.850
 6    -0.446     0.843    -0.302
 7   115.632   -19.614    -3.392
 7     0.545     0.808     0.222
 7    -0.822     0.567    -0.047
 7    -0.164    -0.157     0.974
 8   119.960   -19.671    17.267
 8     0.465    -0.581     0.668
 8    -0.371    -0.813    -0.449
 8     0.803    -0.039    -0.594
 9   129.867   -31.806    28.672
 9     0.681    -0.707    -0.192
 9    -0.585    -0.682     0.438
 9    -0.440    -0.186    -0.878
 2    95.962   -19.314    59.899
 2    -0.444    -0.891    -0.094
 2     0.864    -0.453     0.218
 2    -0.237     0.015     0.971
 3   132.309    -3.955     2.094
 3     0.607    -0.073    -0.791
 3     0.228     0.970     0.085
 3     0.761    -0.232     0.605
 4   116.011     9.245    -5.948
 4     0.492    -0.846     0.206
 4     0.843     0.522     0.128
 4    -0.216     0.110     0.970
 5   116.765    15.044     9.467
 5     0.424    -0.082     0.901
 5     0.232    -0.953    -0.196
 5     0.875     0.292    -0.385
 6   129.548    24.862    22.374
 6     0.730     0.522     0.440
 6     0.538    -0.042    -0.842
 6    -0.421     0.852    -0.311
 7   115.913   -19.733    -3.408
 7     0.553     0.803     0.219
 7    -0.818     0.574    -0.042
 7    -0.160    -0.156     0.975
 8   120.039   -19.712    17.316
 8     0.460    -0.571     0.680
 8    -0.359    -0.820    -0.445
 8     0.812    -0.040    -0.582
 9   130.199   -31.481    29.085
 9     0.704    -0.690    -0.165
 9    -0.593    -0.700     0.397
 9    -0.389    -0.182    -0.903
 2    95.962   -19.314    59.899
 2    -0.444    -0.891    -0.094
 2     0.864    -0.454     0.218
 2    -0.237     0.015     0.971
 3   132.368    -3.896     2.259
 3     0.600    -0.080    -0.796
 3     0.237     0.968     0.081
 3     0.764    -0.237     0.600
 4   116.003     9.167    -5.961
 4     0.488    -0.849     0.203
 4     0.844     0.518     0.135
 4    -0.220     0.105     0.970
 5   116.594    15.049     9.416
 5     0.419    -0.079     0.904
 5     0.240    -0.951    -0.194
 5     0.876     0.298    -0.380
 6   129.410    25.216    23.011
 6     0.737     0.498     0.456
 6     0.557    -0.068    -0.828
 6    -0.381     0.865    -0.328
 7   116.101   -19.875    -3.383
 7     0.561     0.800     0.214
 7    -0.813     0.580    -0.036
 7    -0.153    -0.154     0.976
 8   120.017   -19.703    17.320
 8     0.454    -0.562     0.691
 8    -0.348    -0.826    -0.443
 8     0.820    -0.039    -0.571
 9   130.175   -31.398    29.645
 9     0.721    -0.678    -0.142
 9    -0.597    -0.713     0.367
 9    -0.351    -0.180    -0.919
 2    95.962   -19.314    59.899
 2    -0.444    -0.891    -0.094
 2     0.864    -0.453     0.218
 2    -0.237     0.015     0.971
 3   132.447    -3.867     2.255
 3     0.597    -0.084    -0.798
 3     0.241     0.967     0.079
 3     0.765    -0.240     0.598
 4   116.025     9.039    -6.106
 4     0.486    -0.851     0.199
 4     0.845     0.516     0.139
 4    -0.222     0.100     0.970
 5   116.544    15.051     9.245
 5     0.414    -0.080     0.906
 5     0.245    -0.950    -0.195
 5     0.876     0.303    -0.374
 6   129.496    25.232    23.044
 6     0.744     0.487     0.457
 6     0.559    -0.080    -0.825
 6    -0.366     0.870    -0.332
 7   116.234   -19.869    -3.452
 7     0.565     0.798     0.208
 7    -0.812     0.583    -0.033
 7    -0.148    -0.151     0.977
 8   120.043   -19.647    17.279
 8     0.447    -0.559     0.698
 8    -0.342    -0.828    -0.444
 8     0.827    -0.040    -0.561
 9   130.187   -31.078    29.833
 9     0.731    -0.670    -0.129
 9    -0.597    -0.720     0.354
 9    -0.331    -0.182    -0.926
 2    95.962   -19.314    59.899
 2    -0.444    -0.891    -0.094
 2     0.864    -0.453     0.217
 2    -0.237     0.015     0.971
 3   132.554    -3.862     2.349
 3     0.591    -0.085    -0.802
 3     0.247     0.966     0.080
 3     0.767    -0.245     0.592
 4   116.251     8.860    -6.172
 4     0.488    -0.852     0.191
 4     0.844     0.516     0.147
 4    -0.224     0.089     0.970
 5   116.631    15.057     9.067
 5     0.406    -0.085     0.910
 5     0.252    -0.947    -0.201
 5     0.878     0.311    -0.363
 6   129.585    25.318    23.363
 6     0.757     0.453     0.470
 6     0.563    -0.089    -0.821
 6    -0.331     0.887    -0.323
 7   116.555   -20.035    -3.386
 7     0.569     0.798     0.198
 7    -0.811     0.584    -0.026
 7    -0.137    -0.146     0.979
 8   120.082   -19.637    17.245
 8     0.435    -0.558     0.707
 8    -0.332    -0.829    -0.450
 8     0.837    -0.039    -0.546
 9   130.094   -31.006    30.249
 9     0.739    -0.665    -0.108
 9    -0.602    -0.724     0.336
 9    -0.302    -0.183    -0.936
 2    95.912   -19.314    59.899
 2    -0.444    -0.891    -0.094
 2     0.864    -0.453     0.217
 2    -0.237     0.015     0.971
 3   132.688    -3.932     2.418
 3     0.587    -0.085    -0.805
 3     0.252     0.964     0.081
 3     0.769    -0.251     0.587
 4   116.347     8.680    -6.289
 4     0.488    -0.852     0.188
 4     0.842     0.516     0.152
 4    -0.227     0.084     0.970
 5   116.687    14.984     9.042
 5     0.402    -0.086     0.911
 5     0.256    -0.945    -0.203
 5     0.879     0.315    -0.358
 6   129.833    25.415    23.703
 6     0.766     0.421     0.485
 6     0.574    -0.110    -0.811
 6    -0.289     0.900    -0.326
 7   116.663   -20.157    -3.348
 7     0.571     0.797     0.196
 7    -0.810     0.586    -0.022
 7    -0.133    -0.146     0.980
 8   120.102   -19.633    17.316
 8     0.429    -0.557     0.711
 8    -0.327    -0.830    -0.452
 8     0.842    -0.039    -0.539
 9   130.198   -30.961    30.523
 9     0.744    -0.661    -0.091
 9    -0.608    -0.728     0.317
 9    -0.276    -0.181    -0.944
 2    95.962   -19.314    59.899
 2    -0.444    -0.891    -0.094
 2     0.864    -0.453     0.218
 2    -0.237     0.015     0.971
 3   132.763    -3.983     2.419
 3     0.587    -0.085    -0.805
 3     0.253     0.964     0.083
 3     0.769    -0.253     0.587
 4   116.418     8.576    -6.282
 4     0.488    -0.853     0.188
 4     0.842     0.516     0.155
 4    -0.229     0.082     0.970
 5   116.807    14.932     8.952
 5     0.402    -0.088     0.911
 5     0.260    -0.943    -0.206
 5     0.878     0.320    -0.356
 6   130.004    25.561    24.172
 6     0.774     0.390     0.498
 6     0.583    -0.132    -0.802
 6    -0.247     0.911    -0.329
 7   116.717   -20.156    -3.328
 7     0.570     0.798     0.195
 7    -0.811     0.585    -0.021
 7    -0.131    -0.146     0.980
 8   120.107   -19.633    17.260
 8     0.427    -0.559     0.711
 8    -0.328    -0.828    -0.454
 8     0.843    -0.039    -0.536
 9   130.038   -30.968    30.680
 9     0.744    -0.665    -0.063
 9    -0.621    -0.724     0.299
 9    -0.244    -0.183    -0.952
 2    95.962   -19.263    59.899
 2    -0.444    -0.891    -0.094
 2     0.864    -0.454     0.218
 2    -0.237     0.015     0.971
 3   132.814    -4.058     2.420
 3     0.586    -0.083    -0.806
 3     0.254     0.963     0.086
 3     0.769    -0.255     0.586
 4   116.510     8.497    -6.423
 4     0.488    -0.852     0.188
 4     0.841     0.517     0.159
 4    -0.233     0.080     0.969
 5   116.891    14.929     8.725
 5     0.402    -0.090     0.911
 5     0.270    -0.939    -0.212
 5     0.875     0.331    -0.354
 6   130.063    25.637    24.349
 6     0.779     0.353     0.517
 6     0.594    -0.153    -0.790
 6    -0.200     0.923    -0.329
 7   116.746   -20.157    -3.405
 7     0.566     0.800     0.196
 7    -0.814     0.581    -0.021
 7    -0.130    -0.147     0.980
 8   119.998   -19.589    17.166
 8     0.412    -0.571     0.710
 8    -0.335    -0.820    -0.465
 8     0.847    -0.046    -0.529
 9   129.534   -31.230    30.795
 9     0.741    -0.670    -0.022
 9    -0.639    -0.716     0.283
 9    -0.206    -0.196    -0.959
 2    95.962   -19.314    59.899
 2    -0.444    -0.891    -0.094
 2     0.864    -0.453     0.218
 2    -0.237     0.015     0.971
 3   132.912    -4.108     2.426
 3     0.586    -0.083    -0.806
 3     0.257     0.962     0.089
 3     0.768    -0.260     0.585
 4   116.562     8.158    -6.741
 4     0.483    -0.856     0.182
 4     0.840     0.512     0.176
 4    -0.245     0.068     0.967
 5   116.619    14.865     8.330
 5     0.385    -0.082     0.919
 5     0.290    -0.935    -0.205
 5     0.876     0.345    -0.336
 6   129.476    26.025    24.870
 6     0.772     0.312     0.553
 6     0.618    -0.166    -0.769
 6    -0.148     0.935    -0.321
 7   116.925   -20.234    -3.536
 7     0.560     0.806     0.191
 7    -0.818     0.574    -0.022
 7    -0.128    -0.145     0.981
 8   119.715   -19.653    16.932
 8     0.381    -0.586     0.715
 8    -0.344    -0.807    -0.479
 8     0.858    -0.064    -0.510
 9   128.790   -31.440    31.195
 9     0.735    -0.677     0.029
 9    -0.658    -0.704     0.267
 9    -0.161    -0.215    -0.963
 2    95.912   -19.263    59.899
 2    -0.444    -0.891    -0.094
 2     0.864    -0.454     0.218
 2    -0.237     0.015     0.971
 3   132.987    -4.232     2.350
 3     0.584    -0.085    -0.807
 3     0.262     0.961     0.089
 3     0.768    -0.264     0.584
 4   116.716     8.033    -6.741
 4     0.481    -0.859     0.175
 4     0.842     0.509     0.180
 4    -0.244     0.061     0.968
 5   116.569    14.727     8.252
 5     0.371    -0.076     0.925
 5     0.292    -0.936    -0.194
 5     0.881     0.342    -0.326
 6   129.285    25.861    25.013
 6     0.772     0.298     0.561
 6     0.621    -0.168    -0.765
 6    -0.134     0.939    -0.315
 7   117.089   -20.382    -3.556
 7     0.557     0.809     0.185
 7    -0.821     0.570    -0.019
 7    -0.121    -0.142     0.982
 8   119.671   -19.649    16.914
 8     0.370    -0.590     0.718
 8    -0.340    -0.805    -0.486
 8     0.865    -0.064    -0.498
 9   128.651   -31.507    31.444
 9     0.732    -0.680     0.047
 9    -0.666    -0.700     0.257
 9    -0.142    -0.220    -0.965
 2    95.912   -19.314    59.899
 2    -0.444    -0.891    -0.094
 2     0.864    -0.454     0.218
 2    -0.237     0.015     0.971
 3   133.037    -4.231     2.402
 3     0.583    -0.085    -0.808
 3     0.265     0.960     0.089
 3     0.768    -0.266     0.582
 4   116.841     7.931    -6.788
 4     0.482    -0.858     0.174
 4     0.841     0.509     0.182
 4    -0.245     0.058     0.968
 5   116.570    14.727     8.257
 5     0.369    -0.079     0.926
 5     0.294    -0.935    -0.198
 5     0.881     0.345    -0.322
 6   129.379    25.950    25.205
 6     0.777     0.277     0.565
 6     0.618    -0.170    -0.767
 6    -0.117     0.946    -0.303
 7   117.281   -20.501    -3.504
 7     0.558     0.810     0.180
 7    -0.822     0.569    -0.013
 7    -0.113    -0.141     0.983
 8   119.643   -19.567    16.981
 8     0.364    -0.586     0.724
 8    -0.331    -0.808    -0.488
 8     0.870    -0.062    -0.488
 9   128.449   -31.314    31.822
 9     0.734    -0.676     0.069
 9    -0.669    -0.702     0.244
 9    -0.116    -0.225    -0.967
 2    95.962   -19.314    59.950
 2    -0.444    -0.891    -0.094
 2     0.864    -0.454     0.218
 2    -0.237     0.015     0.971
 3   133.170    -4.402     2.471
 3     0.578    -0.087    -0.812
 3     0.272     0.958     0.091
 3     0.770    -0.274     0.577
 4   116.958     7.572    -6.969
 4     0.480    -0.861     0.165
 4     0.840     0.506     0.194
 4    -0.251     0.045     0.967
 5   116.620    14.604     7.992
 5     0.362    -0.081     0.928
 5     0.305    -0.931    -0.200
 5     0.881     0.356    -0.312
 6   129.232    26.086    25.225
 6     0.773     0.243     0.586
 6     0.629    -0.172    -0.758
 6    -0.084     0.954    -0.286
 7   117.771   -20.667    -3.587
 7     0.566     0.807     0.171
 7    -0.818     0.575    -0.007
 7    -0.104    -0.136     0.985
 8   119.775   -19.759    16.838
 8     0.347    -0.586     0.732
 8    -0.339    -0.806    -0.485
 8     0.874    -0.080    -0.478
 9   128.195   -31.718    31.834
 9     0.733    -0.671     0.108
 9    -0.673    -0.695     0.253
 9    -0.095    -0.258    -0.961
 2    95.962   -19.263    59.899
 2    -0.444    -0.891    -0.094
 2     0.864    -0.453     0.217
 2    -0.237     0.015     0.971
 3   133.596    -4.310     2.671
 3     0.562    -0.091    -0.822
 3     0.284     0.955     0.088
 3     0.777    -0.283     0.562
 4   117.489     7.448    -7.064
 4     0.476    -0.867     0.147
 4     0.843     0.497     0.205
 4    -0.251     0.026     0.967
 5   116.829    14.615     7.694
 5     0.345    -0.083     0.935
 5     0.318    -0.927    -0.199
 5     0.883     0.366    -0.294
 6   129.045    26.570    25.709
 6     0.763     0.196     0.615
 6     0.645    -0.182    -0.742
 6    -0.034     0.963    -0.266
 7   118.488   -20.553    -3.652
 7     0.572     0.806     0.154
 7    -0.815     0.579    -0.004
 7    -0.093    -0.124     0.988
 8   119.948   -19.678    16.799
 8     0.318    -0.589     0.743
 8    -0.348    -0.801    -0.487
 8     0.882    -0.104    -0.460
 9   127.589   -31.983    32.063
 9     0.717    -0.670     0.192
 9    -0.696    -0.675     0.245
 9    -0.035    -0.309    -0.950
 2    95.912   -19.314    59.899
 2    -0.444    -0.891    -0.094
 2     0.864    -0.453     0.218
 2    -0.237     0.015     0.971
 3   134.020    -4.198     2.721
 3     0.552    -0.088    -0.829
 3     0.286     0.954     0.089
 3     0.783    -0.287     0.552
 4   118.122     7.400    -7.193
 4     0.478    -0.867     0.139
 4     0.842     0.497     0.207
 4    -0.249     0.018     0.968
 5   117.189    14.546     7.467
 5     0.333    -0.085     0.939
 5     0.325    -0.925    -0.199
 5     0.885     0.371    -0.280
 6   129.255    26.537    25.872
 6     0.763     0.154     0.628
 6     0.646    -0.200    -0.736
 6     0.012     0.967    -0.252
 7   118.901   -20.474    -3.819
 7     0.565     0.811     0.150
 7    -0.820     0.571    -0.001
 7    -0.087    -0.123     0.988
 8   119.840   -19.625    16.394
 8     0.277    -0.611     0.741
 8    -0.356    -0.782    -0.512
 8     0.892    -0.122    -0.434
 9   126.546   -32.144    32.212
 9     0.694    -0.668     0.267
 9    -0.719    -0.658     0.222
 9     0.027    -0.347    -0.938
 2    95.912   -19.314    59.899
 2    -0.444    -0.891    -0.094
 2     0.864    -0.454     0.218
 2    -0.237     0.015     0.971
 3   134.432    -4.296     2.767
 3     0.549    -0.076    -0.832
 3     0.286     0.953     0.101
 3     0.785    -0.294     0.545
 4   118.694     7.268    -7.401
 4     0.484    -0.865     0.130
 4     0.837     0.502     0.217
 4    -0.254     0.004     0.967
 5   117.525    14.680     7.171
 5     0.319    -0.096     0.942
 5     0.333    -0.920    -0.207
 5     0.887     0.380    -0.262
 6   129.302    26.780    26.304
 6     0.757     0.113     0.643
 6     0.651    -0.211    -0.729
 6     0.053     0.971    -0.233
 7   119.211   -20.425    -3.958
 7     0.554     0.819     0.143
 7    -0.828     0.561    -0.002
 7    -0.082    -0.117     0.990
 8   119.486   -19.775    16.386
 8     0.230    -0.645     0.728
