% Calibrated with leiden_pols
% Positions are in centimeters
Data =[
 2    95.960   -19.315    59.902
 2    -0.443    -0.891    -0.094
 2     0.864    -0.453     0.219
 2    -0.238     0.015     0.971
 3   133.345    -5.152     5.852
 3     0.404    -0.040    -0.914
 3     0.255     0.964     0.071
 3     0.878    -0.262     0.399
 4   120.955     7.787    -4.880
 4     0.787    -0.502     0.358
 4     0.566     0.818    -0.097
 4    -0.244     0.279     0.928
 5   126.656    16.400    10.531
 5     0.566    -0.716     0.408
 5     0.066    -0.454    -0.888
 5     0.821     0.530    -0.210
 6   145.010    14.382    31.996
 6     0.460    -0.116    -0.880
 6    -0.110     0.976    -0.187
 6     0.881     0.183     0.436
 7   122.040   -21.170    -3.050
 7     0.826     0.509     0.239
 7    -0.544     0.833     0.104
 7    -0.146    -0.217     0.965
 8   125.926   -23.353    17.785
 8     0.575     0.352     0.738
 8    -0.031    -0.892     0.450
 8     0.817    -0.282    -0.503
 9   137.483   -26.050    32.640
 9     0.579     0.815     0.028
 9     0.061    -0.078     0.995
 9     0.813    -0.574    -0.095
 2    95.960   -19.315    59.902
 2    -0.443    -0.891    -0.094
 2     0.864    -0.453     0.219
 2    -0.238     0.015     0.971
 3   133.397    -5.153     5.904
 3     0.405    -0.033    -0.914
 3     0.254     0.964     0.078
 3     0.878    -0.264     0.399
 4   121.260     7.789    -4.896
 4     0.792    -0.492     0.361
 4     0.561     0.819    -0.114
 4    -0.240     0.293     0.925
 5   126.762    16.550    10.428
 5     0.572    -0.710     0.410
 5     0.076    -0.452    -0.889
 5     0.817     0.539    -0.205
 6   145.041    14.482    32.042
 6     0.457    -0.109    -0.882
 6    -0.114     0.977    -0.180
 6     0.882     0.183     0.434
 7   122.117   -21.020    -3.051
 7     0.823     0.515     0.238
 7    -0.549     0.830     0.101
 7    -0.145    -0.214     0.966
 8   125.926   -23.207    17.787
 8     0.576     0.346     0.740
 8    -0.040    -0.893     0.448
 8     0.817    -0.287    -0.500
 9   137.533   -26.101    32.563
 9     0.578     0.815     0.027
 9     0.061    -0.077     0.995
 9     0.813    -0.574    -0.094
 2    95.960   -19.315    59.902
 2    -0.443    -0.891    -0.095
 2     0.864    -0.453     0.219
 2    -0.238     0.015     0.971
 3   133.472    -5.154     5.930
 3     0.406    -0.031    -0.913
 3     0.253     0.964     0.080
 3     0.878    -0.264     0.399
 4   121.339     7.919    -4.907
 4     0.791    -0.493     0.361
 4     0.563     0.817    -0.119
 4    -0.237     0.297     0.925
 5   126.758    16.576    10.434
 5     0.572    -0.708     0.413
 5     0.080    -0.454    -0.887
 5     0.816     0.541    -0.203
 6   145.016    14.481    32.093
 6     0.456    -0.110    -0.883
 6    -0.115     0.977    -0.181
 6     0.882     0.183     0.432
 7   122.214   -20.944    -3.125
 7     0.823     0.516     0.238
 7    -0.549     0.829     0.100
 7    -0.146    -0.213     0.966
 8   125.972   -23.261    17.692
 8     0.576     0.341     0.743
 8    -0.044    -0.894     0.446
 8     0.816    -0.290    -0.500
 9   137.540   -26.099    32.501
 9     0.576     0.817     0.025
 9     0.061    -0.074     0.995
 9     0.815    -0.572    -0.093
 2    95.960   -19.315    59.902
 2    -0.443    -0.891    -0.095
 2     0.864    -0.453     0.219
 2    -0.238     0.015     0.971
 3   133.522    -5.154     5.929
 3     0.406    -0.031    -0.913
 3     0.252     0.964     0.080
 3     0.878    -0.263     0.400
 4   121.390     7.972    -4.911
 4     0.790    -0.495     0.361
 4     0.565     0.816    -0.120
 4    -0.236     0.299     0.924
 5   126.807    16.577    10.485
 5     0.572    -0.708     0.415
 5     0.081    -0.455    -0.887
 5     0.816     0.541    -0.203
 6   145.089    14.608    32.040
 6     0.456    -0.114    -0.882
 6    -0.115     0.976    -0.186
 6     0.882     0.186     0.432
 7   122.266   -20.893    -3.128
 7     0.823     0.516     0.236
 7    -0.549     0.830     0.099
 7    -0.145    -0.212     0.966
 8   126.001   -23.210    17.687
 8     0.575     0.342     0.743
 8    -0.045    -0.894     0.446
 8     0.817    -0.290    -0.499
 9   137.544   -26.047    32.496
 9     0.575     0.817     0.024
 9     0.062    -0.073     0.995
 9     0.816    -0.571    -0.093
 2    95.960   -19.315    59.902
 2    -0.443    -0.891    -0.094
 2     0.864    -0.453     0.219
 2    -0.238     0.015     0.971
 3   133.572    -5.103     5.981
 3     0.406    -0.030    -0.913
 3     0.252     0.964     0.081
 3     0.878    -0.263     0.399
 4   121.440     7.997    -4.911
 4     0.790    -0.496     0.361
 4     0.566     0.816    -0.119
 4    -0.236     0.298     0.925
 5   126.807    16.577    10.434
 5     0.572    -0.707     0.416
 5     0.081    -0.455    -0.887
 5     0.816     0.541    -0.203
 6   145.088    14.685    32.091
 6     0.456    -0.116    -0.882
 6    -0.114     0.976    -0.187
 6     0.882     0.186     0.432
 7   122.291   -20.893    -3.129
 7     0.823     0.516     0.235
 7    -0.549     0.830     0.099
 7    -0.145    -0.211     0.967
 8   126.050   -23.261    17.661
 8     0.575     0.343     0.742
 8    -0.045    -0.893     0.448
 8     0.817    -0.291    -0.498
 9   137.543   -26.047    32.496
 9     0.575     0.818     0.023
 9     0.062    -0.072     0.995
 9     0.816    -0.571    -0.092
 2    95.960   -19.315    59.902
 2    -0.443    -0.891    -0.095
 2     0.864    -0.453     0.219
 2    -0.238     0.015     0.971
 3   133.522    -5.053     5.980
 3     0.407    -0.031    -0.913
 3     0.252     0.964     0.080
 3     0.878    -0.263     0.400
 4   121.442     7.973    -4.914
 4     0.789    -0.497     0.360
 4     0.567     0.815    -0.119
 4    -0.235     0.298     0.925
 5   126.832    16.628    10.434
 5     0.572    -0.708     0.415
 5     0.081    -0.455    -0.887
 5     0.816     0.541    -0.203
 6   145.093    14.686    32.084
 6     0.456    -0.117    -0.882
 6    -0.114     0.975    -0.188
 6     0.883     0.186     0.431
 7   122.389   -20.841    -3.130
 7     0.824     0.515     0.234
 7    -0.547     0.831     0.098
 7    -0.145    -0.209     0.967
 8   126.144   -23.212    17.616
 8     0.575     0.345     0.741
 8    -0.046    -0.891     0.451
 8     0.816    -0.294    -0.497
 9   137.596   -26.021    32.439
 9     0.573     0.819     0.021
 9     0.061    -0.069     0.996
 9     0.817    -0.570    -0.089
 2    95.960   -19.315    59.902
 2    -0.443    -0.891    -0.095
 2     0.864    -0.453     0.219
 2    -0.238     0.015     0.971
 3   133.572    -5.053     5.980
 3     0.407    -0.031    -0.913
 3     0.252     0.964     0.080
 3     0.878    -0.263     0.400
 4   121.617     8.050    -4.823
 4     0.792    -0.490     0.365
 4     0.565     0.814    -0.132
 4    -0.233     0.311     0.921
 5   126.966    16.727    10.336
 5     0.576    -0.705     0.413
 5     0.092    -0.446    -0.890
 5     0.812     0.551    -0.193
 6   145.092    14.838    32.083
 6     0.454    -0.118    -0.883
 6    -0.114     0.975    -0.189
 6     0.883     0.187     0.429
 7   122.502   -20.668    -3.299
 7     0.824     0.515     0.235
 7    -0.547     0.832     0.089
 7    -0.149    -0.202     0.968
 8   126.338   -23.382    17.373
 8     0.583     0.345     0.735
 8    -0.061    -0.884     0.464
 8     0.810    -0.315    -0.495
 9   137.829   -26.403    31.939
 9     0.569     0.822     0.015
 9     0.055    -0.057     0.997
 9     0.820    -0.567    -0.078
 2    95.910   -19.315    59.902
 2    -0.443    -0.891    -0.095
 2     0.864    -0.453     0.219
 2    -0.238     0.015     0.971
 3   134.049    -5.055     5.855
 3     0.409    -0.021    -0.912
 3     0.247     0.965     0.089
 3     0.878    -0.262     0.400
 4   122.960     8.044    -5.218
 4     0.800    -0.472     0.369
 4     0.550     0.823    -0.142
 4    -0.237     0.317     0.918
 5   128.107    16.868     9.545
 5     0.567    -0.716     0.408
 5     0.126    -0.414    -0.901
 5     0.814     0.562    -0.145
 6   145.655    16.374    32.031
 6     0.404    -0.120    -0.906
 6    -0.073     0.984    -0.163
 6     0.911     0.131     0.389
 7   123.662   -19.902    -4.111
 7     0.821     0.522     0.232
 7    -0.545     0.837     0.046
 7    -0.171    -0.164     0.971
 8   127.063   -24.013    16.068
 8     0.564     0.325     0.759
 8    -0.134    -0.871     0.473
 8     0.815    -0.368    -0.448
 9   138.399   -28.177    30.644
 9     0.551     0.833     0.041
 9    -0.009    -0.043     0.999
 9     0.834    -0.551    -0.016
 2    95.960   -19.315    59.902
 2    -0.443    -0.891    -0.095
 2     0.864    -0.453     0.219
 2    -0.238     0.015     0.971
 3   135.638    -5.096     6.044
 3     0.400    -0.002    -0.917
 3     0.237     0.966     0.101
 3     0.885    -0.258     0.387
 4   125.500     8.013    -5.619
 4     0.823    -0.449     0.347
 4     0.527     0.832    -0.174
 4    -0.211     0.326     0.921
 5   129.661    17.658     8.532
 5     0.503    -0.734     0.456
 5     0.212    -0.407    -0.889
 5     0.838     0.544    -0.049
 6   145.428    19.050    32.260
 6     0.311    -0.077    -0.947
 6     0.020     0.997    -0.074
 6     0.950     0.004     0.311
 7   125.391   -19.452    -4.801
 7     0.826     0.515     0.226
 7    -0.532     0.847     0.015
 7    -0.184    -0.133     0.974
 8   128.244   -24.815    14.438
 8     0.533     0.296     0.793
 8    -0.226    -0.853     0.470
 8     0.816    -0.429    -0.388
 9   138.831   -30.939    28.598
 9     0.523     0.848     0.086
 9    -0.130    -0.020     0.991
 9     0.842    -0.530     0.100
 2    95.910   -19.315    59.902
 2    -0.444    -0.891    -0.095
 2     0.864    -0.453     0.219
 2    -0.238     0.015     0.971
 3   136.887    -4.959     5.913
 3     0.390    -0.002    -0.921
 3     0.234     0.967     0.097
 3     0.890    -0.254     0.377
 4   127.806     7.711    -6.248
 4     0.842    -0.424     0.333
 4     0.500     0.845    -0.188
 4    -0.202     0.325     0.924
 5   130.775    18.626     6.791
 5     0.408    -0.774     0.484
 5     0.314    -0.378    -0.871
 5     0.857     0.507     0.089
 6   144.738    22.331    32.019
 6     0.202    -0.044    -0.978
 6     0.107     0.994    -0.023
 6     0.973    -0.100     0.206
 7   127.132   -18.823    -5.560
 7     0.836     0.500     0.224
 7    -0.509     0.860    -0.017
 7    -0.201    -0.099     0.974
 8   128.870   -25.337    12.674
 8     0.448     0.325     0.833
 8    -0.303    -0.821     0.484
 8     0.841    -0.469    -0.269
 9   138.282   -32.958    27.116
 9     0.451     0.886     0.106
 9    -0.231     0.000     0.973
 9     0.862    -0.464     0.204
 2    95.910   -19.315    59.902
 2    -0.443    -0.891    -0.095
 2     0.864    -0.453     0.219
 2    -0.238     0.015     0.971
 3   138.344    -4.736     5.789
 3     0.369     0.001    -0.929
 3     0.225     0.970     0.090
 3     0.901    -0.243     0.358
 4   130.651     7.466    -6.561
 4     0.865    -0.411     0.288
 4     0.466     0.871    -0.156
 4    -0.187     0.269     0.945
 5   131.788    19.413     5.218
 5     0.274    -0.816     0.508
 5     0.414    -0.377    -0.829
 5     0.868     0.437     0.234
 6   142.698    25.091    32.048
 6     0.070    -0.043    -0.997
 6     0.168     0.985    -0.031
 6     0.983    -0.166     0.076
 7   129.048   -17.852    -6.167
 7     0.841     0.499     0.206
 7    -0.503     0.863    -0.040
 7    -0.198    -0.070     0.978
 8   128.741   -25.726    10.886
 8     0.315     0.332     0.889
 8    -0.392    -0.807     0.441
 8     0.864    -0.488    -0.125
 9   136.215   -34.875    25.654
 9     0.340     0.930     0.134
 9    -0.322    -0.019     0.947
 9     0.883    -0.366     0.293
 2    95.910   -19.315    59.902
 2    -0.443    -0.891    -0.095
 2     0.864    -0.453     0.219
 2    -0.238     0.015     0.971
 3   139.695    -4.538     5.864
 3     0.347     0.031    -0.937
 3     0.212     0.971     0.110
 3     0.913    -0.237     0.330
 4   133.158     7.327    -7.049
 4     0.887    -0.394     0.240
 4     0.431     0.893    -0.126
 4    -0.165     0.215     0.962
 5   132.650    20.135     3.590
 5     0.141    -0.862     0.488
 5     0.483    -0.370    -0.793
 5     0.864     0.347     0.364
 6   139.937    27.486    31.942
 6    -0.067    -0.028    -0.997
 6     0.213     0.976    -0.041
 6     0.974    -0.215    -0.060
 7   130.946   -17.164    -6.770
 7     0.839     0.508     0.190
 7    -0.507     0.860    -0.060
 7    -0.194    -0.046     0.980
 8   128.385   -25.282     9.213
 8     0.177     0.293     0.939
 8    -0.465    -0.816     0.342
 8     0.867    -0.497    -0.008
 9   133.784   -36.202    23.979
 9     0.219     0.956     0.192
 9    -0.410    -0.088     0.908
 9     0.885    -0.278     0.372
 2    95.960   -19.315    59.953
 2    -0.443    -0.891    -0.095
 2     0.864    -0.453     0.219
 2    -0.238     0.015     0.971
 3   141.081    -4.318     5.816
 3     0.328     0.041    -0.943
 3     0.200     0.973     0.112
 3     0.923    -0.226     0.311
 4   135.288     7.327    -7.145
 4     0.895    -0.402     0.194
 4     0.423     0.901    -0.088
 4    -0.140     0.161     0.977
 5   132.290    20.211     2.695
 5    -0.026    -0.880     0.474
 5     0.552    -0.408    -0.727
 5     0.833     0.242     0.497
 6   135.566    28.788    31.217
 6    -0.199    -0.044    -0.979
 6     0.223     0.970    -0.089
 6     0.954    -0.236    -0.184
 7   132.674   -16.842    -6.933
 7     0.842     0.514     0.162
 7    -0.509     0.858    -0.072
 7    -0.176    -0.022     0.984
 8   127.884   -25.547     7.788
 8     0.013     0.315     0.949
 8    -0.522    -0.807     0.275
 8     0.853    -0.499     0.153
 9   130.616   -37.462    22.183
 9     0.075     0.984     0.163
 9    -0.472    -0.109     0.875
 9     0.878    -0.143     0.456
 2    95.910   -19.315    59.902
 2    -0.443    -0.891    -0.095
 2     0.864    -0.453     0.219
 2    -0.238     0.015     0.971
 3   142.130    -4.280     6.157
 3     0.288     0.048    -0.956
 3     0.193     0.975     0.107
 3     0.938    -0.216     0.272
 4   137.223     7.514    -6.820
 4     0.888    -0.442     0.120
 4     0.450     0.891    -0.049
 4    -0.086     0.098     0.991
 5   131.405    20.181     1.890
 5    -0.203    -0.856     0.475
 5     0.594    -0.494    -0.635
 5     0.778     0.153     0.609
 6   130.357    30.008    30.001
 6    -0.340    -0.089    -0.936
 6     0.240     0.954    -0.178
 6     0.909    -0.286    -0.303
 7   134.836   -16.541    -6.809
 7     0.854     0.509     0.104
 7    -0.504     0.860    -0.076
 7    -0.128     0.012     0.991
 8   127.231   -25.585     6.575
 8    -0.162     0.331     0.930
 8    -0.569    -0.801     0.186
 8     0.806    -0.499     0.318
 9   127.499   -38.774    20.262
 9    -0.081     0.990     0.118
 9    -0.519    -0.144     0.843
 9     0.851     0.007     0.525
 2    95.910   -19.315    59.902
 2    -0.443    -0.891    -0.095
 2     0.864    -0.453     0.219
 2    -0.238     0.015     0.971
 3   142.881    -3.605     6.882
 3     0.245     0.039    -0.969
 3     0.195     0.976     0.089
 3     0.949    -0.211     0.232
 4   138.525     7.891    -5.960
 4     0.870    -0.493     0.034
 4     0.493     0.870    -0.013
 4    -0.023     0.027     0.999
 5   130.390    19.784     1.174
 5    -0.347    -0.821     0.454
 5     0.603    -0.566    -0.562
 5     0.718     0.078     0.691
 6   125.481    30.381    28.415
 6    -0.462    -0.116    -0.879
 6     0.248     0.935    -0.254
 6     0.851    -0.335    -0.403
 7   136.135   -16.227    -6.528
 7     0.858     0.509     0.055
 7    -0.505     0.859    -0.080
 7    -0.088     0.041     0.995
 8   126.570   -25.406     5.162
 8    -0.301     0.370     0.879
 8    -0.594    -0.793     0.131
 8     0.746    -0.483     0.459
 9   124.575   -39.129    17.807
 9    -0.218     0.974     0.050
 9    -0.544    -0.164     0.823
 9     0.810     0.151     0.566
 2    95.910   -19.315    59.902
 2    -0.443    -0.891    -0.095
 2     0.864    -0.453     0.219
 2    -0.238     0.015     0.971
 3   143.303    -3.572     7.283
 3     0.214     0.039    -0.976
 3     0.191     0.978     0.081
 3     0.958    -0.204     0.202
 4   139.393     8.305    -5.679
 4     0.845    -0.532    -0.042
 4     0.533     0.846     0.016
 4     0.027    -0.036     0.999
 5   129.502    19.501     0.826
 5    -0.463    -0.781     0.418
 5     0.604    -0.624    -0.497
 5     0.649     0.023     0.760
 6   121.570    30.779    26.489
 6    -0.561    -0.142    -0.816
 6     0.250     0.910    -0.330
 6     0.789    -0.390    -0.475
 7   137.378   -16.142    -6.236
 7     0.852     0.523    -0.004
 7    -0.522     0.849    -0.084
 7    -0.041     0.073     0.996
 8   125.982   -25.084     3.852
 8    -0.428     0.387     0.817
 8    -0.606    -0.793     0.058
 8     0.671    -0.470     0.574
 9   121.926   -39.251    15.694
 9    -0.352     0.936    -0.021
 9    -0.552    -0.189     0.812
 9     0.756     0.297     0.583
 2    95.960   -19.315    59.902
 2    -0.443    -0.891    -0.095
 2     0.864    -0.453     0.219
 2    -0.238     0.015     0.971
 3   143.899    -3.167     8.288
 3     0.166     0.043    -0.985
 3     0.197     0.977     0.076
 3     0.966    -0.207     0.154
 4   140.609     8.659    -4.680
 4     0.813    -0.564    -0.146
 4     0.575     0.817     0.042
 4     0.095    -0.118     0.988
 5   128.979    19.263     0.515
 5    -0.575    -0.731     0.367
 5     0.587    -0.681    -0.438
 5     0.570    -0.037     0.820
 6   117.842    30.433    24.295
 6    -0.661    -0.141    -0.737
 6     0.247     0.886    -0.391
 6     0.708    -0.441    -0.551
 7   138.841   -16.020    -5.575
 7     0.835     0.542    -0.089
 7    -0.549     0.831    -0.084
 7     0.028     0.119     0.992
 8   125.451   -24.563     3.031
 8    -0.553     0.403     0.729
 8    -0.597    -0.802    -0.010
 8     0.580    -0.441     0.684
 9   119.183   -38.793    13.328
 9    -0.483     0.872    -0.074
 9    -0.545    -0.234     0.805
 9     0.685     0.429     0.588
 2    95.910   -19.315    59.902
 2    -0.443    -0.891    -0.095
 2     0.864    -0.453     0.219
 2    -0.238     0.015     0.971
 3   144.374    -2.951     8.739
 3     0.129     0.044    -0.990
 3     0.209     0.975     0.070
 3     0.969    -0.216     0.117
 4   141.231     9.120    -4.292
 4     0.766    -0.599    -0.230
 4     0.628     0.775     0.072
 4     0.135    -0.200     0.970
 5   128.283    18.603    -0.462
 5    -0.667    -0.667     0.332
 5     0.555    -0.743    -0.375
 5     0.496    -0.066     0.866
 6   114.156    29.775    21.067
 6    -0.753    -0.133    -0.644
 6     0.241     0.855    -0.459
 6     0.612    -0.501    -0.612
 7   139.564   -16.313    -5.380
 7     0.805     0.573    -0.152
 7    -0.589     0.802    -0.097
 7     0.066     0.168     0.983
 8   125.104   -23.868     1.827
 8    -0.657     0.383     0.649
 8    -0.580    -0.807    -0.111
 8     0.481    -0.449     0.752
 9   116.755   -38.116    10.646
 9    -0.596     0.797    -0.101
 9    -0.529    -0.295     0.796
 9     0.604     0.527     0.597
 2    95.910   -19.315    59.902
 2    -0.443    -0.891    -0.095
 2     0.864    -0.453     0.219
 2    -0.238     0.015     0.971
 3   144.815    -2.914     9.460
 3     0.091     0.047    -0.995
 3     0.218     0.973     0.065
 3     0.971    -0.224     0.078
 4   141.759     9.346    -3.700
 4     0.715    -0.626    -0.312
 4     0.679     0.727     0.097
 4     0.166    -0.281     0.945
 5   127.702    17.793    -0.977
 5    -0.746    -0.597     0.294
 5     0.513    -0.798    -0.316
 5     0.423    -0.085     0.902
 6   110.955    28.636    18.126
 6    -0.831    -0.122    -0.543
 6     0.224     0.820    -0.526
 6     0.510    -0.559    -0.654
 7   140.356   -16.698    -4.635
 7     0.773     0.591    -0.230
 7    -0.624     0.774    -0.108
 7     0.114     0.226     0.967
 8   125.084   -23.530     1.061
 8    -0.732     0.380     0.566
 8    -0.563    -0.805    -0.188
 8     0.384    -0.456     0.803
 9   115.295   -37.744     8.445
 9    -0.682     0.719    -0.137
 9    -0.515    -0.338     0.788
 9     0.520     0.607     0.600
 2    95.910   -19.315    59.902
 2    -0.443    -0.891    -0.095
 2     0.864    -0.453     0.219
 2    -0.238     0.015     0.971
 3   145.364    -2.769    10.291
 3     0.037     0.043    -0.998
 3     0.241     0.969     0.050
 3     0.970    -0.242     0.025
 4   142.583     9.238    -3.207
 4     0.666    -0.638    -0.386
 4     0.719     0.685     0.109
 4     0.195    -0.351     0.916
 5   127.874    16.890    -1.544
 5    -0.801    -0.542     0.254
 5     0.475    -0.834    -0.279
 5     0.363    -0.103     0.926
 6   109.129    27.228    15.482
 6    -0.886    -0.105    -0.452
 6     0.202     0.789    -0.580
 6     0.418    -0.605    -0.678
 7   141.475   -17.321    -3.751
 7     0.743     0.592    -0.313
 7    -0.647     0.755    -0.106
 7     0.174     0.281     0.944
 8   125.628   -23.424     0.780
 8    -0.784     0.387     0.485
 8    -0.543    -0.807    -0.233
 8     0.301    -0.446     0.843
 9   114.834   -37.496     7.059
 9    -0.743     0.646    -0.174
 9    -0.496    -0.357     0.791
 9     0.449     0.674     0.586
 2    95.910   -19.315    59.902
 2    -0.443    -0.891    -0.095
 2     0.864    -0.453     0.219
 2    -0.238     0.015     0.971
 3   145.910    -2.719    11.355
 3    -0.016     0.038    -0.999
 3     0.264     0.964     0.033
 3     0.964    -0.264    -0.025
 4   143.462     9.270    -2.403
 4     0.624    -0.636    -0.454
 4     0.751     0.647     0.126
 4     0.214    -0.420     0.882
 5   128.146    16.236    -1.704
 5    -0.842    -0.498     0.208
 5     0.449    -0.860    -0.242
 5     0.299    -0.111     0.947
 6   108.046    26.058    13.273
 6    -0.923    -0.078    -0.375
 6     0.184     0.768    -0.613
 6     0.336    -0.636    -0.695
 7   142.477   -17.794    -2.869
 7     0.720     0.580    -0.379
 7    -0.656     0.748    -0.101
 7     0.225     0.321     0.919
 8   126.277   -23.454     1.145
 8    -0.818     0.406     0.407
 8    -0.526    -0.815    -0.245
 8     0.232    -0.415     0.880
 9   114.673   -37.507     6.390
 9    -0.787     0.579    -0.215
 9    -0.482    -0.359     0.799
 9     0.385     0.732     0.561
 2    95.960   -19.315    59.902
 2    -0.443    -0.891    -0.095
 2     0.864    -0.453     0.219
 2    -0.238     0.015     0.971
 3   146.104    -2.475    12.642
 3    -0.084     0.045    -0.995
 3     0.288     0.957     0.019
 3     0.954    -0.285    -0.094
 4   144.465     8.924    -1.440
 4     0.592    -0.614    -0.522
 4     0.770     0.623     0.140
 4     0.240    -0.485     0.841
 5   128.970    15.778    -1.851
 5    -0.871    -0.469     0.145
 5     0.434    -0.874    -0.218
 5     0.229    -0.127     0.965
 6   107.735    25.467    11.001
 6    -0.953    -0.030    -0.302
 6     0.177     0.753    -0.634
 6     0.246    -0.657    -0.712
 7   143.805   -17.992    -1.373
 7     0.692     0.552    -0.464
 7    -0.657     0.749    -0.089
 7     0.298     0.366     0.881
 8   127.244   -23.613     1.330
 8    -0.848     0.423     0.319
 8    -0.505    -0.828    -0.244
 8     0.161    -0.368     0.916
 9   114.932   -37.291     5.344
 9    -0.826     0.503    -0.255
 9    -0.466    -0.356     0.810
 9     0.317     0.788     0.528
 2    95.960   -19.315    59.902
 2    -0.443    -0.891    -0.095
 2     0.864    -0.453     0.219
 2    -0.238     0.015     0.971
 3   146.298    -2.236    14.305
 3    -0.154     0.060    -0.986
 3     0.293     0.956     0.012
 3     0.943    -0.288    -0.165
 4   145.936     9.164    -0.300
 4     0.569    -0.580    -0.583
 4     0.775     0.614     0.145
 4     0.274    -0.535     0.799
 5   130.192    15.906    -1.607
 5    -0.889    -0.450     0.080
 5     0.427    -0.880    -0.209
 5     0.164    -0.152     0.974
 6   108.016    25.751     8.778
 6    -0.973     0.051    -0.227
 6     0.190     0.737    -0.648
 6     0.134    -0.673    -0.727
 7   144.930   -17.737    -0.388
 7     0.670     0.528    -0.522
 7    -0.661     0.744    -0.097
 7     0.337     0.410     0.847
 8   128.042   -23.324     1.527
 8    -0.864     0.434     0.254
 8    -0.494    -0.827    -0.268
 8     0.093    -0.357     0.929
 9   115.384   -36.907     4.267
 9    -0.849     0.441    -0.290
 9    -0.466    -0.369     0.805
 9     0.248     0.818     0.518
 2    95.910   -19.315    59.902
 2    -0.443    -0.891    -0.095
 2     0.864    -0.453     0.219
 2    -0.238     0.015     0.971
 3   146.656    -1.979    15.186
 3    -0.183     0.070    -0.980
 3     0.295     0.955     0.013
 3     0.938    -0.287    -0.196
 4   146.682     9.104     0.384
 4     0.559    -0.554    -0.617
 4     0.777     0.609     0.158
 4     0.288    -0.568     0.771
 5   130.953    15.690    -1.702
 5    -0.894    -0.446     0.036
 5     0.433    -0.883    -0.183
 5     0.114    -0.148     0.982
 6   108.550    26.056     7.251
 6    -0.978     0.114    -0.173
 6     0.201     0.732    -0.651
 6     0.053    -0.672    -0.739
 7   145.491   -17.702     0.233
 7     0.654     0.515    -0.554
 7    -0.667     0.738    -0.102
 7     0.356     0.436     0.826
 8   128.633   -23.055     1.422
 8    -0.871     0.439     0.218
 8    -0.488    -0.826    -0.284
 8     0.055    -0.353     0.934
 9   115.655   -36.662     3.808
 9    -0.859     0.411    -0.306
 9    -0.464    -0.372     0.804
 9     0.216     0.832     0.510
 2    95.960   -19.315    59.902
 2    -0.443    -0.891    -0.095
 2     0.864    -0.453     0.219
 2    -0.238     0.015     0.971
 3   146.915    -2.107    15.259
 3    -0.190     0.075    -0.979
 3     0.297     0.954     0.015
 3     0.936    -0.288    -0.203
 4   147.064     9.106     0.462
 4     0.558    -0.547    -0.625
 4     0.778     0.606     0.164
 4     0.289    -0.578     0.763
 5   131.284    15.582    -1.758
 5    -0.894    -0.446     0.031
 5     0.434    -0.883    -0.177
 5     0.106    -0.145     0.984
 6   108.885    26.101     7.322
 6    -0.977     0.125    -0.175
 6     0.210     0.725    -0.656
 6     0.045    -0.677    -0.734
 7   145.672   -17.725     0.300
 7     0.652     0.514    -0.558
 7    -0.668     0.737    -0.102
 7     0.359     0.439     0.823
 8   128.758   -23.157     1.469
 8    -0.872     0.439     0.217
 8    -0.487    -0.828    -0.280
 8     0.056    -0.349     0.935
 9   115.931   -37.052     4.320
 9    -0.853     0.421    -0.308
 9    -0.468    -0.359     0.807
 9     0.229     0.833     0.503
 2    95.960   -19.315    59.902
 2    -0.443    -0.891    -0.095
 2     0.864    -0.453     0.219
 2    -0.238     0.015     0.971
 3   146.936    -2.159    15.292
 3    -0.189     0.076    -0.979
 3     0.299     0.954     0.016
 3     0.935    -0.289    -0.203
 4   147.104     9.001     0.396
 4     0.561    -0.550    -0.619
 4     0.777     0.607     0.165
 4     0.285    -0.574     0.768
 5   131.192    15.566    -1.847
 5    -0.889    -0.455     0.043
 5     0.441    -0.879    -0.179
 5     0.119    -0.140     0.983
 6   109.024    26.060     7.550
 6    -0.973     0.120    -0.196
 6     0.221     0.720    -0.658
 6     0.062    -0.683    -0.727
 7   145.488   -17.881     0.139
 7     0.655     0.518    -0.551
 7    -0.668     0.737    -0.100
 7     0.354     0.433     0.829
 8   128.430   -23.502     1.630
 8    -0.869     0.442     0.224
 8    -0.490    -0.830    -0.266
 8     0.068    -0.341     0.938
 9   115.639   -37.273     4.280
 9    -0.849     0.427    -0.312
 9    -0.475    -0.356     0.804
 9     0.232     0.831     0.505
 2    95.960   -19.315    59.902
 2    -0.443    -0.891    -0.095
 2     0.864    -0.453     0.219
 2    -0.238     0.015     0.971
 3   146.868    -2.287    15.024
 3    -0.184     0.072    -0.980
 3     0.301     0.953     0.013
 3     0.936    -0.293    -0.197
 4   146.821     8.684    -0.150
 4     0.567    -0.556    -0.608
 4     0.778     0.604     0.173
 4     0.271    -0.572     0.775
 5   130.797    15.200    -2.530
 5    -0.890    -0.455     0.042
 5     0.445    -0.884    -0.144
 5     0.103    -0.109     0.989
 6   108.304    26.004     5.591
 6    -0.973     0.145    -0.179
 6     0.229     0.688    -0.688
 6     0.023    -0.711    -0.703
 7   145.101   -18.066    -0.072
 7     0.652     0.523    -0.548
 7    -0.673     0.733    -0.101
 7     0.349     0.434     0.830
 8   127.995   -23.469     1.163
 8    -0.873     0.438     0.212
 8    -0.484    -0.826    -0.286
 8     0.049    -0.353     0.934
 9   114.929   -37.130     3.352
 9    -0.855     0.400    -0.330
 9    -0.481    -0.372     0.794
 9     0.195     0.837     0.511
 2    95.910   -19.315    59.902
 2    -0.443    -0.891    -0.095
 2     0.864    -0.453     0.219
 2    -0.238     0.015     0.971
 3   146.572    -2.341    15.001
 3    -0.190     0.072    -0.979
 3     0.304     0.952     0.011
 3     0.933    -0.296    -0.203
 4   146.546     8.506    -0.136
 4     0.564    -0.547    -0.618
 4     0.781     0.597     0.184
 4     0.268    -0.587     0.764
 5   130.647    14.903    -2.702
 5    -0.891    -0.453     0.025
 5     0.447    -0.885    -0.130
 5     0.081    -0.105     0.991
 6   108.168    26.010     5.032
 6    -0.973     0.165    -0.161
 6     0.230     0.680    -0.696
 6    -0.005    -0.714    -0.700
 7   144.832   -18.144     0.060
 7     0.642     0.518    -0.565
 7    -0.680     0.725    -0.108
 7     0.354     0.453     0.818
 8   127.864   -23.494     0.992
 8    -0.877     0.443     0.187
 8    -0.480    -0.825    -0.297
 8     0.023    -0.350     0.936
 9   114.954   -37.159     2.782
 9    -0.859     0.375    -0.349
 9    -0.485    -0.377     0.789
 9     0.164     0.847     0.505
 2    95.960   -19.315    59.902
 2    -0.443    -0.891    -0.095
 2     0.864    -0.453     0.219
 2    -0.238     0.015     0.971
 3   146.326    -2.544    15.085
 3    -0.203     0.079    -0.976
 3     0.304     0.952     0.013
 3     0.930    -0.295    -0.218
 4   146.675     8.567     0.141
 4     0.557    -0.537    -0.634
 4     0.782     0.596     0.182
 4     0.279    -0.597     0.752
 5   130.997    14.834    -2.581
 5    -0.895    -0.446    -0.003
 5     0.442    -0.886    -0.136
 5     0.058    -0.123     0.990
 6   108.275    25.787     4.284
 6    -0.974     0.183    -0.133
 6     0.224     0.680    -0.698
 6    -0.037    -0.710    -0.703
 7   145.218   -18.053     0.347
 7     0.633     0.498    -0.593
 7    -0.679     0.725    -0.115
 7     0.373     0.475     0.797
 8   128.471   -23.425     1.006
 8    -0.874     0.463     0.147
 8    -0.486    -0.821    -0.299
 8    -0.017    -0.333     0.943
 9   115.548   -37.295     2.189
 9    -0.860     0.339    -0.382
 9    -0.496    -0.377     0.782
 9     0.121     0.862     0.492
 2    95.960   -19.315    59.902
 2    -0.443    -0.891    -0.095
 2     0.864    -0.453     0.219
 2    -0.238     0.015     0.971
 3   146.249    -2.241    15.923
 3    -0.233     0.085    -0.969
 3     0.307     0.952     0.010
 3     0.923    -0.295    -0.248
 4   147.149     8.587     0.685
 4     0.542    -0.515    -0.664
 4     0.786     0.589     0.185
 4     0.296    -0.622     0.724
 5   131.433    14.728    -2.526
 5    -0.898    -0.438    -0.038
 5     0.440    -0.890    -0.119
 5     0.019    -0.124     0.992
 6   108.598    25.756     3.065
 6    -0.970     0.217    -0.106
 6     0.226     0.667    -0.710
 6    -0.084    -0.713    -0.696
 7   145.421   -18.068     0.831
 7     0.625     0.484    -0.612
 7    -0.677     0.726    -0.117
 7     0.387     0.488     0.782
 8   128.684   -23.489     1.007
 8    -0.873     0.468     0.134
 8    -0.486    -0.819    -0.306
 8    -0.034    -0.332     0.943
 9   115.759   -37.308     2.004
 9    -0.860     0.325    -0.394
 9    -0.500    -0.376     0.780
 9     0.105     0.867     0.486
 2    95.960   -19.315    59.902
 2    -0.443    -0.891    -0.094
 2     0.864    -0.453     0.219
 2    -0.238     0.015     0.971
 3   146.262    -2.294    15.940
 3    -0.236     0.089    -0.968
 3     0.309     0.951     0.012
 3     0.921    -0.297    -0.252
 4   147.486     8.539     0.680
 4     0.543    -0.505    -0.671
 4     0.784     0.590     0.191
 4     0.299    -0.630     0.716
 5   131.722    14.849    -2.509
 5    -0.896    -0.441    -0.044
 5     0.443    -0.888    -0.118
 5     0.013    -0.126     0.992
 6   109.021    26.293     4.073
 6    -0.968     0.224    -0.112
 6     0.238     0.679    -0.694
 6    -0.080    -0.699    -0.711
 7   145.524   -18.118     0.829
 7     0.624     0.485    -0.612
 7    -0.678     0.726    -0.116
 7     0.388     0.487     0.782
 8   128.805   -23.534     1.433
 8    -0.876     0.462     0.139
 8    -0.482    -0.824    -0.297
 8    -0.023    -0.327     0.945
 9   115.633   -37.218     3.820
 9    -0.862     0.362    -0.353
 9    -0.481    -0.370     0.795
 9     0.157     0.855     0.493
 2    95.960   -19.315    59.902
 2    -0.443    -0.891    -0.094
 2     0.864    -0.453     0.219
 2    -0.238     0.015     0.971
 3   146.437    -2.471    15.959
 3    -0.222     0.095    -0.970
 3     0.310     0.950     0.022
 3     0.924    -0.296    -0.240
 4   147.507     8.655     0.986
 4     0.575    -0.523    -0.629
 4     0.760     0.625     0.175
 4     0.302    -0.580     0.757
 5   131.661    15.821    -0.910
 5    -0.880    -0.474     0.022
 5     0.458    -0.860    -0.227
 5     0.127    -0.190     0.974
 6   110.096    27.328     9.216
 6    -0.962     0.152    -0.227
 6     0.266     0.713    -0.648
 6     0.063    -0.684    -0.727
 7   145.218   -18.118     0.694
 7     0.664     0.513    -0.544
 7    -0.653     0.752    -0.087
 7     0.364     0.413     0.834
 8   128.198   -24.042     3.016
 8    -0.866     0.426     0.262
 8    -0.484    -0.847    -0.220
 8     0.128    -0.318     0.939
 9   115.941   -37.582     8.220
 9    -0.820     0.503    -0.272
 9    -0.469    -0.320     0.823
 9     0.327     0.803     0.498
 2    95.960   -19.315    59.902
 2    -0.443    -0.891    -0.094
 2     0.864    -0.453     0.219
 2    -0.238     0.015     0.971
 3   146.679    -2.595    15.463
 3    -0.159     0.089    -0.983
 3     0.305     0.951     0.037
 3     0.939    -0.294    -0.178
 4   146.903     8.361     0.081
 4     0.630    -0.563    -0.535
 4     0.724     0.674     0.145
 4     0.279    -0.479     0.832
 5   131.454    16.695     0.401
 5    -0.832    -0.541     0.123
 5     0.479    -0.812    -0.335
 5     0.281    -0.219     0.934
 6   112.081    28.241    15.140
 6    -0.924     0.044    -0.380
 6     0.281     0.750    -0.598
 6     0.258    -0.659    -0.706
 7   144.586   -18.174    -0.116
 7     0.712     0.531    -0.458
 7    -0.620     0.783    -0.056
 7     0.328     0.323     0.887
 8   127.694   -24.457     4.415
 8    -0.824     0.401     0.399
 8    -0.491    -0.858    -0.151
 8     0.282    -0.320     0.904
 9   116.666   -37.525    12.415
 9    -0.742     0.644    -0.186
 9    -0.448    -0.270     0.852
 9     0.499     0.716     0.488
 2    95.910   -19.315    59.902
 2    -0.443    -0.891    -0.095
 2     0.864    -0.453     0.219
 2    -0.238     0.015     0.971
 3   146.958    -3.093    13.924
 3    -0.077     0.071    -0.994
 3     0.301     0.952     0.045
 3     0.950    -0.296    -0.095
 4   145.661     7.945    -1.137
 4     0.679    -0.590    -0.436
 4     0.698     0.703     0.136
 4     0.226    -0.397     0.890
 5   131.077    17.101     0.676
 5    -0.762    -0.605     0.232
 5     0.497    -0.776    -0.388
 5     0.414    -0.181     0.892
 6   114.581    28.341    19.612
 6    -0.850    -0.071    -0.522
 6     0.274     0.786    -0.554
 6     0.449    -0.614    -0.649
 7   143.255   -18.465    -1.344
 7     0.744     0.560    -0.365
 7    -0.611     0.791    -0.031
 7     0.271     0.246     0.930
 8   126.897   -24.874     5.359
 8    -0.781     0.351     0.517
 8    -0.464    -0.879    -0.104
 8     0.418    -0.322     0.849
 9   117.217   -37.033    15.783
 9    -0.665     0.740    -0.094
 9    -0.404    -0.252     0.879
 9     0.627     0.623     0.467
 2    95.910   -19.315    59.902
 2    -0.443    -0.891    -0.095
 2     0.864    -0.453     0.219
 2    -0.238     0.015     0.971
 3   146.941    -3.811    12.472
 3     0.001     0.067    -0.998
 3     0.300     0.951     0.064
 3     0.954    -0.300    -0.020
 4   144.361     7.182    -2.890
 4     0.732    -0.600    -0.323
 4     0.663     0.736     0.136
 4     0.155    -0.314     0.936
 5   131.124    17.278     0.860
 5    -0.673    -0.672     0.309
 5     0.530    -0.730    -0.431
 5     0.515    -0.127     0.848
 6   117.946    28.396    22.625
 6    -0.751    -0.135    -0.647
 6     0.276     0.825    -0.493
 6     0.600    -0.549    -0.582
 7   141.813   -19.200    -2.428
 7     0.759     0.590    -0.275
 7    -0.617     0.787    -0.013
 7     0.208     0.179     0.961
 8   126.136   -25.322     6.349
 8    -0.723     0.306     0.620
 8    -0.452    -0.887    -0.089
 8     0.523    -0.345     0.779
 9   118.043   -37.171    18.144
 9    -0.570     0.821     0.001
 9    -0.364    -0.254     0.896
 9     0.736     0.511     0.443
 2    95.910   -19.315    59.902
 2    -0.443    -0.891    -0.095
 2     0.864    -0.453     0.219
 2    -0.238     0.015     0.971
 3   146.731    -4.277    11.256
 3     0.059     0.065    -0.996
 3     0.293     0.953     0.079
 3     0.954    -0.297     0.037
 4   143.111     6.092    -4.091
 4     0.782    -0.582    -0.221
 4     0.616     0.775     0.140
 4     0.089    -0.246     0.965
 5   131.238    17.024     0.978
 5    -0.567    -0.738     0.365
 5     0.579    -0.673    -0.461
 5     0.586    -0.050     0.809
 6   121.924    28.534    24.826
 6    -0.636    -0.163    -0.754
 6     0.288     0.857    -0.428
 6     0.716    -0.490    -0.498
 7   139.885   -20.193    -3.601
 7     0.773     0.609    -0.176
 7    -0.619     0.785     0.001
 7     0.139     0.108     0.984
 8   125.471   -26.033     7.199
 8    -0.641     0.268     0.719
 8    -0.444    -0.894    -0.062
 8     0.626    -0.359     0.692
 9   119.543   -37.270    20.663
 9    -0.456     0.888     0.062
 9    -0.327    -0.232     0.916
 9     0.828     0.397     0.396
 2    95.960   -19.315    59.902
 2    -0.443    -0.891    -0.095
 2     0.864    -0.453     0.219
 2    -0.238     0.015     0.971
 3   146.133    -5.598     9.424
 3     0.130     0.066    -0.989
 3     0.285     0.953     0.101
 3     0.949    -0.296     0.105
 4   141.438     4.940    -5.476
 4     0.828    -0.551    -0.104
 4     0.560     0.818     0.128
 4     0.014    -0.164     0.986
 5   131.610    16.842     0.858
 5    -0.441    -0.797     0.413
 5     0.615    -0.604    -0.507
 5     0.653     0.030     0.756
 6   125.954    28.602    26.621
 6    -0.523    -0.143    -0.840
 6     0.299     0.892    -0.339
 6     0.798    -0.429    -0.424
 7   137.877   -21.030    -4.089
 7     0.790     0.608    -0.079
 7    -0.609     0.793     0.010
 7     0.068     0.040     0.997
 8   125.345   -26.942     8.192
 8    -0.529     0.234     0.815
 8    -0.455    -0.890    -0.039
 8     0.716    -0.391     0.577
 9   122.008   -37.713    22.712
 9    -0.318     0.943     0.101
 9    -0.299    -0.201     0.933
 9     0.900     0.266     0.345
 2    95.910   -19.315    59.902
 2    -0.443    -0.891    -0.095
 2     0.864    -0.453     0.219
 2    -0.238     0.015     0.971
 3   145.059    -6.227     8.438
 3     0.183     0.051    -0.982
 3     0.282     0.954     0.102
 3     0.942    -0.296     0.160
 4   139.318     4.045    -6.418
 4     0.860    -0.510     0.011
 4     0.507     0.857     0.093
 4    -0.057    -0.074     0.995
 5   131.930    16.953     1.266
 5    -0.286    -0.847     0.448
 5     0.642    -0.517    -0.567
 5     0.712     0.126     0.691
 6   130.436    28.208    28.303
 6    -0.384    -0.109    -0.916
 6     0.307     0.921    -0.239
 6     0.870    -0.374    -0.320
 7   135.892   -21.404    -4.662
 7     0.814     0.579     0.018
 7    -0.580     0.814     0.020
 7    -0.003    -0.027     1.000
 8   125.442   -27.825     9.032
 8    -0.388     0.238     0.890
