% Calibrated with leiden_pols
% Positions are in centimeters
Data =[
 2    95.960   -19.315    59.902
 2    -0.443    -0.891    -0.094
 2     0.864    -0.453     0.219
 2    -0.238     0.015     0.971
 3   133.345    -5.152     5.852
 3     0.404    -0.040    -0.914
 3     0.255     0.964     0.071
 3     0.878    -0.262     0.399
 4   120.955     7.787    -4.880
 4     0.787    -0.502     0.358
 4     0.566     0.818    -0.097
 4    -0.244     0.279     0.928
 5   126.656    16.400    10.531
 5     0.566    -0.716     0.408
 5     0.066    -0.454    -0.888
 5     0.821     0.530    -0.210
 6   145.010    14.382    31.996
 6     0.460    -0.116    -0.880
 6    -0.110     0.976    -0.187
 6     0.881     0.183     0.436
 7   122.040   -21.170    -3.050
 7     0.826     0.509     0.239
 7    -0.544     0.833     0.104
 7    -0.146    -0.217     0.965
 8   125.926   -23.353    17.785
 8     0.575     0.352     0.738
 8    -0.031    -0.892     0.450
 8     0.817    -0.282    -0.503
 9   137.483   -26.050    32.640
 9     0.579     0.815     0.028
 9     0.061    -0.078     0.995
 9     0.813    -0.574    -0.095
 2    95.960   -19.315    59.902
 2    -0.443    -0.891    -0.094
 2     0.864    -0.453     0.219
 2    -0.238     0.015     0.971
 3   133.397    -5.153     5.904
 3     0.405    -0.033    -0.914
 3     0.254     0.964     0.078
 3     0.878    -0.264     0.399
 4   121.260     7.789    -4.896
 4     0.792    -0.492     0.361
 4     0.561     0.819    -0.114
 4    -0.240     0.293     0.925
 5   126.762    16.550    10.428
 5     0.572    -0.710     0.410
 5     0.076    -0.452    -0.889
 5     0.817     0.539    -0.205
 6   145.041    14.482    32.042
 6     0.457    -0.109    -0.882
 6    -0.114     0.977    -0.180
 6     0.882     0.183     0.434
 7   122.117   -21.020    -3.051
 7     0.823     0.515     0.238
 7    -0.549     0.830     0.101
 7    -0.145    -0.214     0.966
 8   125.926   -23.207    17.787
 8     0.576     0.346     0.740
 8    -0.040    -0.893     0.448
 8     0.817    -0.287    -0.500
 9   137.533   -26.101    32.563
 9     0.578     0.815     0.027
 9     0.061    -0.077     0.995
 9     0.813    -0.574    -0.094
 2    95.960   -19.315    59.902
 2    -0.443    -0.891    -0.095
 2     0.864    -0.453     0.219
 2    -0.238     0.015     0.971
 3   133.472    -5.154     5.930
 3     0.406    -0.031    -0.913
 3     0.253     0.964     0.080
 3     0.878    -0.264     0.399
 4   121.339     7.919    -4.907
 4     0.791    -0.493     0.361
 4     0.563     0.817    -0.119
 4    -0.237     0.297     0.925
 5   126.758    16.576    10.434
 5     0.572    -0.708     0.413
 5     0.080    -0.454    -0.887
 5     0.816     0.541    -0.203
 6   145.016    14.481    32.093
 6     0.456    -0.110    -0.883
 6    -0.115     0.977    -0.181
 6     0.882     0.183     0.432
 7   122.214   -20.944    -3.125
 7     0.823     0.516     0.238
 7    -0.549     0.829     0.100
 7    -0.146    -0.213     0.966
 8   125.972   -23.261    17.692
 8     0.576     0.341     0.743
 8    -0.044    -0.894     0.446
 8     0.816    -0.290    -0.500
 9   137.540   -26.099    32.501
 9     0.576     0.817     0.025
 9     0.061    -0.074     0.995
 9     0.815    -0.572    -0.093
 2    95.960   -19.315    59.902
 2    -0.443    -0.891    -0.095
 2     0.864    -0.453     0.219
 2    -0.238     0.015     0.971
 3   133.522    -5.154     5.929
 3     0.406    -0.031    -0.913
 3     0.252     0.964     0.080
 3     0.878    -0.263     0.400
 4   121.390     7.972    -4.911
 4     0.790    -0.495     0.361
 4     0.565     0.816    -0.120
 4    -0.236     0.299     0.924
 5   126.807    16.577    10.485
 5     0.572    -0.708     0.415
 5     0.081    -0.455    -0.887
 5     0.816     0.541    -0.203
 6   145.089    14.608    32.040
 6     0.456    -0.114    -0.882
 6    -0.115     0.976    -0.186
 6     0.882     0.186     0.432
 7   122.266   -20.893    -3.128
 7     0.823     0.516     0.236
 7    -0.549     0.830     0.099
 7    -0.145    -0.212     0.966
 8   126.001   -23.210    17.687
 8     0.575     0.342     0.743
 8    -0.045    -0.894     0.446
 8     0.817    -0.290    -0.499
 9   137.544   -26.047    32.496
 9     0.575     0.817     0.024
 9     0.062    -0.073     0.995
 9     0.816    -0.571    -0.093
 2    95.960   -19.315    59.902
 2    -0.443    -0.891    -0.094
 2     0.864    -0.453     0.219
 2    -0.238     0.015     0.971
 3   133.572    -5.103     5.981
 3     0.406    -0.030    -0.913
 3     0.252     0.964     0.081
 3     0.878    -0.263     0.399
 4   121.440     7.997    -4.911
 4     0.790    -0.496     0.361
 4     0.566     0.816    -0.119
 4    -0.236     0.298     0.925
 5   126.807    16.577    10.434
 5     0.572    -0.707     0.416
 5     0.081    -0.455    -0.887
 5     0.816     0.541    -0.203
 6   145.088    14.685    32.091
 6     0.456    -0.116    -0.882
 6    -0.114     0.976    -0.187
 6     0.882     0.186     0.432
 7   122.291   -20.893    -3.129
 7     0.823     0.516     0.235
 7    -0.549     0.830     0.099
 7    -0.145    -0.211     0.967
 8   126.050   -23.261    17.661
 8     0.575     0.343     0.742
 8    -0.045    -0.893     0.448
 8     0.817    -0.291    -0.498
 9   137.543   -26.047    32.496
 9     0.575     0.818     0.023
 9     0.062    -0.072     0.995
 9     0.816    -0.571    -0.092
 2    95.960   -19.315    59.902
 2    -0.443    -0.891    -0.095
 2     0.864    -0.453     0.219
 2    -0.238     0.015     0.971
 3   133.522    -5.053     5.980
 3     0.407    -0.031    -0.913
 3     0.252     0.964     0.080
 3     0.878    -0.263     0.400
 4   121.442     7.973    -4.914
 4     0.789    -0.497     0.360
 4     0.567     0.815    -0.119
 4    -0.235     0.298     0.925
 5   126.832    16.628    10.434
 5     0.572    -0.708     0.415
 5     0.081    -0.455    -0.887
 5     0.816     0.541    -0.203
 6   145.093    14.686    32.084
 6     0.456    -0.117    -0.882
 6    -0.114     0.975    -0.188
 6     0.883     0.186     0.431
 7   122.389   -20.841    -3.130
 7     0.824     0.515     0.234
 7    -0.547     0.831     0.098
 7    -0.145    -0.209     0.967
 8   126.144   -23.212    17.616
 8     0.575     0.345     0.741
 8    -0.046    -0.891     0.451
 8     0.816    -0.294    -0.497
 9   137.596   -26.021    32.439
 9     0.573     0.819     0.021
 9     0.061    -0.069     0.996
 9     0.817    -0.570    -0.089
 2    95.960   -19.315    59.902
 2    -0.443    -0.891    -0.095
 2     0.864    -0.453     0.219
 2    -0.238     0.015     0.971
 3   133.572    -5.053     5.980
 3     0.407    -0.031    -0.913
 3     0.252     0.964     0.080
 3     0.878    -0.263     0.400
 4   121.617     8.050    -4.823
 4     0.792    -0.490     0.365
 4     0.565     0.814    -0.132
 4    -0.233     0.311     0.921
 5   126.966    16.727    10.336
 5     0.576    -0.705     0.413
 5     0.092    -0.446    -0.890
 5     0.812     0.551    -0.193
 6   145.092    14.838    32.083
 6     0.454    -0.118    -0.883
 6    -0.114     0.975    -0.189
 6     0.883     0.187     0.429
 7   122.502   -20.668    -3.299
 7     0.824     0.515     0.235
 7    -0.547     0.832     0.089
 7    -0.149    -0.202     0.968
 8   126.338   -23.382    17.373
 8     0.583     0.345     0.735
 8    -0.061    -0.884     0.464
 8     0.810    -0.315    -0.495
 9   137.829   -26.403    31.939
 9     0.569     0.822     0.015
 9     0.055    -0.057     0.997
 9     0.820    -0.567    -0.078
 2    95.910   -19.315    59.902
 2    -0.443    -0.891    -0.095
 2     0.864    -0.453     0.219
 2    -0.238     0.015     0.971
 3   134.049    -5.055     5.855
 3     0.409    -0.021    -0.912
 3     0.247     0.965     0.089
 3     0.878    -0.262     0.400
 4   122.960     8.044    -5.218
 4     0.800    -0.472     0.369
 4     0.550     0.823    -0.142
 4    -0.237     0.317     0.918
 5   128.107    16.868     9.545
 5     0.567    -0.716     0.408
 5     0.126    -0.414    -0.901
 5     0.814     0.562    -0.145
