% Calibrated with leiden_pols
% Positions are in centimeters
Data =[
 2    97.335   -18.794    59.749
 2     0.829    -0.555     0.062
 2     0.555     0.831     0.023
 2    -0.064     0.015     0.998
 3   122.682    -1.888     9.425
 3    -0.436    -0.082    -0.896
 3     0.233    -0.972    -0.024
 3    -0.869    -0.219     0.443
 4   108.638    13.678   -11.654
 4     0.601    -0.607     0.520
 4     0.791     0.545    -0.277
 4    -0.116     0.578     0.807
 5   119.770    20.196    17.335
 5     0.605    -0.419     0.677
 5    -0.081    -0.878    -0.471
 5     0.792     0.231    -0.566
 6   134.755    -1.421    12.751
 6     0.295     0.913    -0.281
 6    -0.896     0.163    -0.412
 6    -0.331     0.373     0.867
 7   116.821   -22.489   -12.189
 7     0.577     0.815     0.048
 7    -0.764     0.517     0.386
 7     0.289    -0.260     0.921
 8   126.143   -25.577    18.043
 8     0.664     0.541     0.515
 8     0.191    -0.790     0.583
 8     0.722    -0.289    -0.628
 9   141.001    -3.129    20.249
 9     0.251    -0.212    -0.944
 9     0.966    -0.005     0.258
 9    -0.059    -0.977     0.204
 2    97.335   -18.794    59.800
 2     0.829    -0.555     0.062
 2     0.554     0.831     0.023
 2    -0.064     0.015     0.998
 3   122.678    -1.839     9.481
 3    -0.436    -0.081    -0.896
 3     0.232    -0.972    -0.025
 3    -0.870    -0.219     0.442
 4   108.588    13.703   -11.603
 4     0.601    -0.606     0.521
 4     0.791     0.545    -0.278
 4    -0.116     0.579     0.807
 5   119.770    20.222    17.387
 5     0.605    -0.420     0.676
 5    -0.080    -0.877    -0.473
 5     0.792     0.232    -0.565
 6   134.725    -1.441    12.786
 6     0.293     0.915    -0.276
 6    -0.900     0.166    -0.404
 6    -0.324     0.366     0.872
 7   116.797   -22.436   -12.139
 7     0.581     0.812     0.050
 7    -0.761     0.520     0.388
 7     0.289    -0.264     0.920
 8   126.478   -25.585    17.977
 8     0.671     0.556     0.490
 8     0.200    -0.772     0.603
 8     0.714    -0.307    -0.630
 9   140.994    -2.878    20.516
 9     0.224    -0.163    -0.961
 9     0.974    -0.004     0.228
 9    -0.042    -0.986     0.158
 2    97.335   -18.794    59.800
 2     0.829    -0.555     0.061
 2     0.555     0.831     0.023
 2    -0.064     0.015     0.998
 3   122.576    -1.837     9.525
 3    -0.438    -0.081    -0.895
 3     0.230    -0.973    -0.024
 3    -0.869    -0.217     0.444
 4   108.535    13.676   -11.602
 4     0.601    -0.604     0.523
 4     0.790     0.546    -0.279
 4    -0.117     0.581     0.805
 5   119.772    20.218    17.343
 5     0.605    -0.429     0.671
 5    -0.082    -0.872    -0.483
 5     0.792     0.237    -0.563
 6   134.674    -1.576    12.864
 6     0.288     0.918    -0.271
 6    -0.908     0.171    -0.383
 6    -0.305     0.356     0.883
 7   116.815   -22.425   -12.117
 7     0.587     0.808     0.043
 7    -0.753     0.526     0.395
 7     0.297    -0.265     0.917
 8   127.163   -25.899    17.923
 8     0.674     0.581     0.456
 8     0.206    -0.741     0.639
 8     0.709    -0.337    -0.620
 9   141.089    -2.396    21.130
 9     0.191    -0.118    -0.974
 9     0.981     0.000     0.192
 9    -0.022    -0.993     0.116
 2    97.284   -18.794    59.800
 2     0.829    -0.555     0.061
 2     0.555     0.831     0.023
 2    -0.064     0.015     0.998
 3   122.570    -1.839     9.530
 3    -0.437    -0.080    -0.896
 3     0.228    -0.973    -0.025
 3    -0.870    -0.215     0.443
 4   108.583    13.701   -11.598
 4     0.602    -0.604     0.523
 4     0.790     0.547    -0.279
 4    -0.118     0.580     0.806
 5   119.852    20.269    17.290
 5     0.604    -0.432     0.670
 5    -0.083    -0.870    -0.486
 5     0.793     0.238    -0.561
 6   134.869    -1.590    13.105
 6     0.293     0.914    -0.280
 6    -0.910     0.176    -0.376
 6    -0.294     0.365     0.883
 7   116.908   -22.467   -12.046
 7     0.588     0.808     0.032
 7    -0.748     0.528     0.401
 7     0.306    -0.260     0.915
 8   127.328   -25.901    17.932
 8     0.676     0.584     0.449
 8     0.208    -0.736     0.644
 8     0.707    -0.341    -0.619
 9   141.099    -2.392    21.459
 9     0.188    -0.099    -0.977
 9     0.982    -0.001     0.189
 9    -0.020    -0.995     0.097
 2    97.284   -18.794    59.800
 2     0.829    -0.555     0.062
 2     0.555     0.831     0.023
 2    -0.064     0.015     0.998
 3   122.560    -1.893     9.565
 3    -0.435    -0.079    -0.897
 3     0.226    -0.974    -0.024
 3    -0.872    -0.213     0.441
 4   108.657    13.623   -11.696
 4     0.604    -0.602     0.521
 4     0.787     0.549    -0.279
 4    -0.119     0.579     0.806
 5   119.953    20.216    17.240
 5     0.603    -0.437     0.667
 5    -0.086    -0.868    -0.490
 5     0.793     0.238    -0.561
 6   134.873    -1.690    13.176
 6     0.292     0.914    -0.282
 6    -0.911     0.176    -0.373
 6    -0.292     0.366     0.883
 7   116.910   -22.467   -12.050
 7     0.587     0.809     0.031
 7    -0.749     0.528     0.400
 7     0.307    -0.258     0.916
 8   127.327   -25.952    17.830
 8     0.676     0.584     0.449
 8     0.208    -0.736     0.644
 8     0.707    -0.342    -0.619
 9   141.103    -2.442    21.483
 9     0.188    -0.095    -0.978
 9     0.982    -0.001     0.189
 9    -0.019    -0.995     0.093
 2    97.285   -18.794    59.800
 2     0.829    -0.555     0.061
 2     0.554     0.831     0.023
 2    -0.064     0.015     0.998
 3   122.562    -1.893     9.617
 3    -0.434    -0.079    -0.897
 3     0.226    -0.974    -0.024
 3    -0.872    -0.214     0.440
 4   108.710    13.674   -11.648
 4     0.605    -0.602     0.521
 4     0.787     0.550    -0.280
 4    -0.118     0.579     0.807
 5   119.953    20.267    17.291
 5     0.603    -0.438     0.667
 5    -0.087    -0.867    -0.491
 5     0.793     0.237    -0.561
 6   134.925    -1.689    13.147
 6     0.291     0.913    -0.284
 6    -0.911     0.175    -0.373
 6    -0.291     0.367     0.883
 7   116.957   -22.416   -12.047
 7     0.588     0.808     0.031
 7    -0.749     0.529     0.399
 7     0.306    -0.258     0.916
 8   127.331   -25.951    17.775
 8     0.675     0.584     0.450
 8     0.207    -0.736     0.644
 8     0.708    -0.342    -0.619
 9   141.100    -2.392    21.486
 9     0.187    -0.096    -0.978
 9     0.982    -0.002     0.188
 9    -0.020    -0.995     0.094
 2    97.284   -18.794    59.800
 2     0.829    -0.555     0.061
 2     0.555     0.831     0.023
 2    -0.064     0.015     0.998
 3   122.616    -1.843     9.567
 3    -0.433    -0.078    -0.898
 3     0.228    -0.973    -0.026
 3    -0.872    -0.216     0.439
 4   108.760    13.700   -11.699
 4     0.605    -0.602     0.521
 4     0.787     0.550    -0.280
 4    -0.118     0.579     0.806
 5   119.953    20.266    17.291
 5     0.602    -0.438     0.667
 5    -0.088    -0.867    -0.490
 5     0.793     0.237    -0.561
 6   135.077    -1.650    13.007
 6     0.284     0.908    -0.307
 6    -0.912     0.156    -0.379
 6    -0.297     0.388     0.872
 7   116.952   -22.392   -12.092
 7     0.589     0.807     0.032
 7    -0.749     0.530     0.398
 7     0.304    -0.258     0.917
 8   127.238   -25.899    17.770
 8     0.674     0.581     0.456
 8     0.206    -0.741     0.639
 8     0.709    -0.336    -0.620
 9   141.096    -2.319    21.414
 9     0.192    -0.102    -0.976
 9     0.981    -0.002     0.193
 9    -0.022    -0.995     0.100
 2    97.284   -18.794    59.800
 2     0.829    -0.555     0.061
 2     0.555     0.831     0.023
 2    -0.064     0.015     0.998
 3   122.620    -1.769     9.575
 3    -0.430    -0.077    -0.900
 3     0.231    -0.973    -0.027
 3    -0.873    -0.219     0.436
 4   108.757    13.800   -11.646
 4     0.606    -0.600     0.522
 4     0.787     0.550    -0.280
 4    -0.119     0.581     0.805
 5   119.999    20.316    17.296
 5     0.604    -0.438     0.666
 5    -0.087    -0.867    -0.490
 5     0.792     0.238    -0.562
 6   135.166    -1.579    12.992
 6     0.282     0.907    -0.312
 6    -0.911     0.151    -0.384
 6    -0.301     0.392     0.869
 7   116.946   -22.344   -12.132
 7     0.589     0.807     0.035
 7    -0.750     0.530     0.396
 7     0.301    -0.260     0.917
 8   127.166   -25.848    17.745
 8     0.674     0.578     0.460
 8     0.205    -0.745     0.635
 8     0.709    -0.334    -0.621
 9   141.168    -2.398    21.419
 9     0.199    -0.107    -0.974
 9     0.979    -0.003     0.200
 9    -0.024    -0.994     0.104
 2    97.285   -18.794    59.800
 2     0.829    -0.555     0.061
 2     0.554     0.831     0.023
 2    -0.064     0.015     0.998
 3   122.681    -1.823     9.510
 3    -0.425    -0.078    -0.902
 3     0.237    -0.971    -0.027
 3    -0.874    -0.225     0.431
 4   108.800    13.796   -11.689
 4     0.608    -0.597     0.524
 4     0.784     0.553    -0.281
 4    -0.122     0.582     0.804
 5   120.074    20.315    17.245
 5     0.604    -0.438     0.666
 5    -0.089    -0.867    -0.490
 5     0.792     0.237    -0.562
 6   135.115    -1.606    13.022
 6     0.279     0.908    -0.313
 6    -0.911     0.148    -0.384
 6    -0.302     0.392     0.869
 7   116.888   -22.399   -12.220
 7     0.589     0.807     0.040
 7    -0.752     0.528     0.394
 7     0.297    -0.263     0.918
 8   127.027   -25.896    17.762
 8     0.672     0.574     0.467
 8     0.203    -0.751     0.628
 8     0.711    -0.327    -0.622
 9   141.209    -2.531    21.126
 9     0.212    -0.118    -0.970
 9     0.977    -0.004     0.214
 9    -0.029    -0.993     0.114
 2    97.284   -18.794    59.800
 2     0.829    -0.555     0.061
 2     0.555     0.831     0.023
 2    -0.064     0.015     0.998
 3   122.741    -1.846     9.456
 3    -0.424    -0.078    -0.902
 3     0.239    -0.971    -0.029
 3    -0.873    -0.228     0.430
 4   108.748    13.745   -11.635
 4     0.607    -0.597     0.524
 4     0.785     0.553    -0.280
 4    -0.123     0.582     0.804
 5   120.041    20.318    17.344
 5     0.606    -0.427     0.672
 5    -0.086    -0.874    -0.478
 5     0.791     0.232    -0.566
 6   135.230    -1.447    12.902
 6     0.288     0.904    -0.315
 6    -0.901     0.144    -0.410
 6    -0.325     0.402     0.856
 7   116.887   -22.401   -12.214
 7     0.585     0.809     0.044
 7    -0.755     0.524     0.394
 7     0.296    -0.265     0.918
 8   126.323   -25.656    17.913
 8     0.668     0.545     0.505
 8     0.196    -0.785     0.587
 8     0.717    -0.293    -0.632
 9   141.488    -3.010    20.845
 9     0.257    -0.131    -0.957
 9     0.965    -0.014     0.261
 9    -0.047    -0.991     0.123
 2    97.335   -18.794    59.800
 2     0.829    -0.555     0.061
 2     0.554     0.832     0.023
 2    -0.064     0.015     0.998
 3   122.683    -1.888     9.527
 3    -0.436    -0.082    -0.896
 3     0.233    -0.972    -0.025
 3    -0.869    -0.220     0.443
 4   108.789    13.685   -11.603
 4     0.605    -0.610     0.511
 4     0.789     0.545    -0.284
 4    -0.106     0.575     0.811
 5   119.486    19.754    17.584
 5     0.606    -0.379     0.699
 5    -0.075    -0.903    -0.424
 5     0.792     0.205    -0.575
 6   135.443    -0.510    12.580
 6     0.334     0.891    -0.307
 6    -0.865     0.160    -0.476
 6    -0.375     0.424     0.824
 7   116.838   -22.525   -12.139
 7     0.573     0.818     0.043
 7    -0.760     0.511     0.401
 7     0.306    -0.264     0.915
 8   125.517   -25.285    18.275
 8     0.662     0.501     0.557
 8     0.182    -0.829     0.529
 8     0.727    -0.249    -0.640
 9   141.867    -4.045    20.409
 9     0.319    -0.137    -0.938
 9     0.943    -0.056     0.328
 9    -0.098    -0.989     0.111
 2    97.335   -18.794    59.800
 2     0.829    -0.555     0.062
 2     0.555     0.831     0.023
 2    -0.064     0.015     0.998
 3   122.676    -1.886     9.543
 3    -0.440    -0.083    -0.894
 3     0.229    -0.973    -0.023
 3    -0.868    -0.215     0.447
 4   108.768    13.596   -11.583
 4     0.603    -0.620     0.502
 4     0.792     0.539    -0.286
 4    -0.094     0.570     0.816
 5   119.171    19.718    17.763
 5     0.608    -0.336     0.719
 5    -0.064    -0.924    -0.377
 5     0.791     0.184    -0.584
 6   135.815     0.291    12.479
 6     0.364     0.881    -0.302
 6    -0.841     0.172    -0.514
 6    -0.401     0.440     0.803
 7   116.946   -22.567   -12.081
 7     0.566     0.824     0.034
 7    -0.760     0.504     0.410
 7     0.320    -0.259     0.911
 8   124.989   -24.550    18.630
 8     0.649     0.466     0.601
 8     0.184    -0.863     0.471
 8     0.738    -0.195    -0.646
 9   142.241    -4.387    20.407
 9     0.371    -0.135    -0.919
 9     0.918    -0.095     0.385
 9    -0.139    -0.986     0.088
 2    97.335   -18.794    59.800
 2     0.829    -0.555     0.061
 2     0.554     0.832     0.023
 2    -0.064     0.015     0.998
 3   122.678    -1.801     9.261
 3    -0.477    -0.093    -0.874
 3     0.215    -0.976    -0.014
 3    -0.852    -0.194     0.485
 4   108.717    13.529   -11.558
 4     0.602    -0.627     0.495
 4     0.794     0.535    -0.288
 4    -0.084     0.566     0.820
 5   118.926    19.242    17.927
 5     0.612    -0.302     0.730
 5    -0.063    -0.940    -0.336
 5     0.788     0.160    -0.594
 6   136.107     0.768    12.319
 6     0.392     0.876    -0.281
 6    -0.817     0.192    -0.543
 6    -0.422     0.442     0.791
 7   117.098   -22.638   -12.046
 7     0.553     0.832     0.021
 7    -0.763     0.496     0.413
 7     0.333    -0.245     0.910
 8   124.174   -23.676    18.896
 8     0.628     0.413     0.659
 8     0.186    -0.902     0.388
 8     0.756    -0.121    -0.644
 9   142.736    -5.564    19.649
 9     0.451    -0.159    -0.878
 9     0.870    -0.142     0.472
 9    -0.200    -0.977     0.075
 2    97.285   -18.794    59.749
 2     0.829    -0.555     0.061
 2     0.555     0.831     0.023
 2    -0.064     0.015     0.998
 3   122.724    -1.774     9.176
 3    -0.480    -0.096    -0.872
 3     0.213    -0.977    -0.010
 3    -0.851    -0.190     0.489
 4   108.747    13.618   -11.516
 4     0.599    -0.637     0.485
 4     0.797     0.528    -0.292
 4    -0.071     0.562     0.824
 5   118.543    19.089    18.064
 5     0.612    -0.245     0.751
 5    -0.046    -0.960    -0.276
 5     0.789     0.134    -0.599
 6   136.455     2.167    12.249
 6     0.441     0.861    -0.253
 6    -0.780     0.228    -0.583
 6    -0.445     0.455     0.772
 7   117.138   -22.680   -11.966
 7     0.540     0.841     0.017
 7    -0.766     0.482     0.426
 7     0.349    -0.243     0.905
 8   123.738   -23.385    19.020
 8     0.618     0.371     0.693
 8     0.170    -0.924     0.343
 8     0.767    -0.094    -0.634
 9   143.400    -6.605    19.542
 9     0.506    -0.170    -0.846
 9     0.833    -0.156     0.530
 9    -0.222    -0.973     0.063
 2    97.335   -18.794    59.800
 2     0.829    -0.555     0.061
 2     0.555     0.831     0.023
 2    -0.064     0.015     0.998
 3   122.724    -1.674     9.184
 3    -0.478    -0.094    -0.873
 3     0.213    -0.977    -0.011
 3    -0.852    -0.192     0.486
 4   108.629    13.734   -11.457
 4     0.595    -0.644     0.480
 4     0.801     0.517    -0.300
 4    -0.056     0.563     0.824
 5   118.143    18.753    18.204
 5     0.611    -0.201     0.765
 5    -0.034    -0.973    -0.228
 5     0.791     0.113    -0.602
 6   136.632     2.934    12.361
 6     0.475     0.848    -0.234
 6    -0.751     0.252    -0.610
 6    -0.458     0.466     0.757
 7   117.167   -22.621   -11.954
 7     0.535     0.844     0.009
 7    -0.764     0.479     0.433
 7     0.361    -0.239     0.901
 8   123.561   -23.284    19.007
 8     0.619     0.343     0.706
 8     0.154    -0.935     0.319
 8     0.770    -0.089    -0.632
 9   143.781    -7.985    18.973
 9     0.551    -0.206    -0.809
 9     0.795    -0.164     0.583
 9    -0.253    -0.965     0.073
 2    97.335   -18.794    59.800
 2     0.829    -0.555     0.061
 2     0.555     0.831     0.023
 2    -0.064     0.015     0.998
 3   122.723    -1.553     9.256
 3    -0.471    -0.085    -0.878
 3     0.214    -0.977    -0.021
 3    -0.855    -0.198     0.478
 4   108.656    13.747   -11.367
 4     0.591    -0.651     0.476
 4     0.805     0.508    -0.306
 4    -0.043     0.564     0.824
 5   117.965    18.489    18.327
 5     0.609    -0.163     0.776
 5    -0.026    -0.982    -0.186
 5     0.792     0.093    -0.603
 6   136.793     3.694    12.288
 6     0.507     0.835    -0.212
 6    -0.718     0.274    -0.640
 6    -0.477     0.476     0.739
 7   117.167   -22.539   -11.882
 7     0.527     0.850     0.007
 7    -0.765     0.470     0.441
 7     0.371    -0.238     0.897
 8   123.372   -23.281    19.090
 8     0.619     0.299     0.726
 8     0.136    -0.952     0.276
 8     0.774    -0.072    -0.629
 9   144.475    -9.554    18.426
 9     0.605    -0.258    -0.753
 9     0.740    -0.164     0.651
 9    -0.291    -0.952     0.092
 2    97.335   -18.794    59.800
 2     0.829    -0.555     0.061
 2     0.555     0.831     0.023
 2    -0.064     0.015     0.998
 3   122.719    -1.504     9.286
 3    -0.471    -0.084    -0.878
 3     0.214    -0.977    -0.022
 3    -0.856    -0.198     0.478
 4   108.673    13.755   -11.441
 4     0.589    -0.655     0.472
 4     0.807     0.503    -0.310
 4    -0.035     0.564     0.825
 5   117.777    18.300    18.509
 5     0.612    -0.122     0.781
 5    -0.017    -0.990    -0.141
 5     0.791     0.073    -0.608
 6   137.196     4.818    12.133
 6     0.550     0.817    -0.172
 6    -0.671     0.310    -0.673
 6    -0.497     0.486     0.719
 7   117.028   -22.661   -11.847
 7     0.512     0.859     0.004
 7    -0.767     0.456     0.451
 7     0.385    -0.234     0.892
 8   122.948   -23.155    19.346
 8     0.622     0.247     0.743
 8     0.115    -0.968     0.225
 8     0.774    -0.054    -0.631
 9   144.477   -11.903    17.302
 9     0.654    -0.342    -0.675
 9     0.675    -0.140     0.724
 9    -0.342    -0.929     0.140
 2    97.335   -18.794    59.800
 2     0.829    -0.555     0.061
 2     0.554     0.831     0.023
 2    -0.064     0.015     0.998
 3   122.719    -1.603     9.254
 3    -0.472    -0.084    -0.877
 3     0.212    -0.977    -0.021
 3    -0.855    -0.196     0.479
 4   108.627    13.614   -11.372
 4     0.589    -0.660     0.465
 4     0.807     0.498    -0.316
 4    -0.023     0.562     0.827
 5   117.548    17.918    18.475
 5     0.610    -0.067     0.789
 5     0.003    -0.996    -0.087
 5     0.792     0.055    -0.608
 6   137.804     6.214    12.191
 6     0.607     0.779    -0.155
 6    -0.614     0.337    -0.714
 6    -0.505     0.529     0.682
 7   116.737   -22.785   -11.777
 7     0.495     0.869     0.010
 7    -0.773     0.435     0.462
 7     0.397    -0.236     0.887
 8   122.833   -23.207    19.337
 8     0.629     0.203     0.750
 8     0.100    -0.978     0.181
 8     0.771    -0.039    -0.636
 9   144.754   -13.916    16.514
 9     0.695    -0.383    -0.609
 9     0.601    -0.156     0.784
 9    -0.396    -0.910     0.121
 2    97.335   -18.743    59.800
 2     0.829    -0.555     0.061
 2     0.555     0.831     0.023
 2    -0.064     0.015     0.998
 3   122.711    -1.731     9.207
 3    -0.473    -0.083    -0.877
 3     0.210    -0.977    -0.020
 3    -0.856    -0.194     0.479
 4   108.689    13.592   -11.437
 4     0.591    -0.661     0.462
 4     0.806     0.497    -0.321
 4    -0.018     0.563     0.826
 5   117.540    17.596    18.567
 5     0.611    -0.043     0.790
 5     0.009    -0.998    -0.061
 5     0.791     0.044    -0.610
 6   138.358     7.404    12.362
 6     0.649     0.750    -0.128
 6    -0.565     0.363    -0.741
 6    -0.510     0.553     0.659
 7   116.686   -22.906   -11.729
 7     0.488     0.873     0.008
 7    -0.772     0.427     0.470
 7     0.406    -0.236     0.883
 8   122.784   -23.259    19.378
 8     0.633     0.181     0.752
 8     0.093    -0.983     0.158
 8     0.768    -0.030    -0.640
 9   144.632   -15.515    15.527
 9     0.716    -0.433    -0.547
 9     0.544    -0.144     0.826
 9    -0.437    -0.890     0.132
 2    97.285   -18.794    59.800
 2     0.829    -0.555     0.061
 2     0.554     0.831     0.023
 2    -0.064     0.015     0.998
 3   122.734    -1.807     9.206
 3    -0.472    -0.082    -0.878
 3     0.208    -0.978    -0.021
 3    -0.856    -0.193     0.479
 4   108.739    13.373   -11.413
 4     0.592    -0.664     0.456
 4     0.805     0.494    -0.327
 4    -0.008     0.561     0.828
 5   117.466    17.229    18.435
 5     0.616     0.006     0.787
 5     0.028    -0.999    -0.014
 5     0.787     0.031    -0.617
 6   138.887     9.316    12.205
 6     0.699     0.712    -0.059
 6    -0.494     0.422    -0.760
 6    -0.516     0.560     0.647
 7   116.431   -23.111   -11.691
 7     0.474     0.880     0.017
 7    -0.778     0.410     0.476
 7     0.412    -0.240     0.879
 8   122.372   -23.345    19.550
 8     0.641     0.123     0.757
 8     0.062    -0.992     0.109
 8     0.765    -0.022    -0.644
 9   144.523   -18.134    14.706
 9     0.748    -0.488    -0.451
 9     0.466    -0.098     0.879
 9    -0.473    -0.867     0.155
 2    97.335   -18.743    59.749
 2     0.829    -0.555     0.062
 2     0.555     0.831     0.023
 2    -0.064     0.015     0.998
 3   122.706    -1.908     9.155
 3    -0.474    -0.077    -0.877
 3     0.206    -0.978    -0.026
 3    -0.856    -0.193     0.479
 4   108.761    13.382   -11.441
 4     0.590    -0.670     0.451
 4     0.807     0.488    -0.332
 4     0.002     0.560     0.828
 5   117.293    17.155    18.702
 5     0.611     0.059     0.789
 5     0.051    -0.998     0.036
 5     0.790     0.018    -0.613
 6   139.189    12.112    12.270
 6     0.749     0.662     0.000
 6    -0.397     0.450    -0.800
 6    -0.530     0.599     0.600
 7   116.399   -23.108   -11.630
 7     0.467     0.884     0.023
 7    -0.779     0.399     0.483
 7     0.418    -0.244     0.875
 8   122.222   -23.455    19.599
 8     0.647     0.085     0.757
 8     0.040    -0.996     0.078
 8     0.761    -0.020    -0.649
 9   144.433   -20.484    14.217
 9     0.776    -0.512    -0.368
 9     0.388    -0.072     0.918
 9    -0.497    -0.856     0.143
 2    97.335   -18.743    59.800
 2     0.829    -0.555     0.062
 2     0.555     0.831     0.023
 2    -0.064     0.015     0.998
 3   122.732    -1.958     9.156
 3    -0.474    -0.074    -0.877
 3     0.206    -0.978    -0.029
 3    -0.856    -0.194     0.479
 4   108.830    13.339   -11.462
 4     0.590    -0.673     0.446
 4     0.807     0.485    -0.336
 4     0.010     0.558     0.829
 5   117.515    16.891    18.751
 5     0.625     0.077     0.777
 5     0.060    -0.997     0.051
 5     0.778     0.014    -0.628
 6   139.225    13.845    11.935
 6     0.768     0.637     0.063
 6    -0.326     0.475    -0.817
 6    -0.551     0.607     0.572
 7   116.334   -23.133   -11.587
 7     0.462     0.886     0.025
 7    -0.780     0.393     0.486
 7     0.421    -0.245     0.873
 8   122.266   -23.361    19.631
 8     0.654     0.051     0.754
 8     0.023    -0.999     0.048
 8     0.755    -0.014    -0.655
 9   144.160   -22.459    13.423
 9     0.787    -0.547    -0.282
 9     0.324    -0.021     0.946
 9    -0.524    -0.836     0.161
 2    97.285   -18.794    59.749
 2     0.829    -0.555     0.062
 2     0.555     0.831     0.023
 2    -0.064     0.015     0.998
 3   122.784    -2.009     9.107
 3    -0.474    -0.071    -0.878
 3     0.206    -0.978    -0.032
 3    -0.856    -0.196     0.478
 4   108.771    13.220   -11.431
 4     0.584    -0.680     0.443
 4     0.811     0.478    -0.337
 4     0.017     0.556     0.831
 5   117.340    16.755    18.750
 5     0.626     0.131     0.768
 5     0.087    -0.991     0.097
 5     0.774     0.006    -0.633
 6   138.959    16.089    11.839
 6     0.783     0.609     0.125
 6    -0.250     0.493    -0.833
 6    -0.569     0.621     0.538
 7   116.223   -23.235   -11.544
 7     0.452     0.891     0.034
 7    -0.784     0.379     0.491
 7     0.425    -0.249     0.870
 8   121.938   -23.365    19.727
 8     0.653     0.012     0.757
 8     0.001    -1.000     0.015
 8     0.757    -0.009    -0.653
 9   143.870   -24.028    13.467
 9     0.802    -0.553    -0.225
 9     0.269     0.000     0.963
 9    -0.532    -0.833     0.149
 2    97.335   -18.794    59.749
 2     0.829    -0.555     0.062
 2     0.555     0.831     0.023
 2    -0.064     0.015     0.998
 3   122.742    -2.009     9.112
 3    -0.473    -0.064    -0.878
 3     0.208    -0.977    -0.041
 3    -0.856    -0.202     0.476
 4   108.608    13.178   -11.377
 4     0.576    -0.686     0.444
 4     0.817     0.467    -0.338
 4     0.024     0.558     0.829
 5   117.315    16.743    18.807
 5     0.628     0.174     0.758
 5     0.115    -0.985     0.130
 5     0.770     0.005    -0.638
 6   138.591    17.801    11.537
 6     0.791     0.583     0.182
 6    -0.187     0.515    -0.837
 6    -0.582     0.628     0.517
 7   116.125   -23.136   -11.592
 7     0.447     0.893     0.039
 7    -0.786     0.372     0.493
 7     0.425    -0.252     0.869
 8   121.726   -23.477    19.605
 8     0.652    -0.033     0.757
 8    -0.029    -0.999    -0.018
 8     0.757    -0.011    -0.652
 9   143.339   -25.882    13.152
 9     0.813    -0.562    -0.153
 9     0.215     0.046     0.975
 9    -0.541    -0.826     0.158
 2    97.335   -18.794    59.749
 2     0.829    -0.555     0.062
 2     0.555     0.831     0.023
 2    -0.064     0.015     0.998
 3   122.794    -2.009     9.114
 3    -0.473    -0.062    -0.879
 3     0.209    -0.977    -0.044
 3    -0.856    -0.204     0.475
 4   108.513    13.131   -11.335
 4     0.573    -0.688     0.445
 4     0.819     0.463    -0.340
 4     0.027     0.559     0.828
 5   117.285    16.751    18.723
 5     0.629     0.210     0.748
 5     0.138    -0.978     0.158
 5     0.764     0.004    -0.645
 6   138.435    18.952    11.534
 6     0.795     0.566     0.217
 6    -0.152     0.532    -0.833
 6    -0.587     0.629     0.509
 7   115.954   -23.190   -11.638
 7     0.441     0.896     0.049
 7    -0.791     0.362     0.494
 7     0.425    -0.257     0.868
 8   121.660   -23.484    19.640
 8     0.653    -0.066     0.755
 8    -0.051    -0.998    -0.043
 8     0.756    -0.010    -0.655
 9   143.047   -27.253    12.880
 9     0.814    -0.572    -0.099
 9     0.170     0.073     0.982
 9    -0.555    -0.817     0.157
 2    97.284   -18.794    59.800
 2     0.829    -0.555     0.061
 2     0.555     0.831     0.023
 2    -0.064     0.015     0.998
 3   122.798    -2.085     9.091
 3    -0.473    -0.061    -0.879
 3     0.210    -0.976    -0.046
 3    -0.856    -0.207     0.474
 4   108.335    13.057   -11.287
 4     0.567    -0.690     0.450
 4     0.823     0.456    -0.338
 4     0.027     0.562     0.826
 5   117.390    16.646    18.759
 5     0.638     0.235     0.733
 5     0.155    -0.972     0.176
 5     0.754     0.001    -0.657
 6   137.998    20.108    10.997
 6     0.784     0.563     0.259
 6    -0.109     0.537    -0.836
 6    -0.610     0.628     0.483
 7   115.876   -23.246   -11.653
 7     0.434     0.899     0.056
 7    -0.795     0.354     0.493
 7     0.423    -0.259     0.868
 8   121.401   -23.722    19.621
 8     0.649    -0.116     0.751
 8    -0.083    -0.993    -0.082
 8     0.756    -0.009    -0.655
 9   142.286   -28.986    12.640
 9     0.815    -0.579    -0.027
 9     0.111     0.111     0.987
 9    -0.569    -0.808     0.155
 2    97.285   -18.794    59.749
 2     0.829    -0.555     0.062
 2     0.555     0.831     0.023
 2    -0.064     0.015     0.998
 3   122.804    -2.083     8.984
 3    -0.473    -0.059    -0.879
 3     0.211    -0.976    -0.048
 3    -0.855    -0.208     0.474
 4   108.205    13.008   -11.261
 4     0.561    -0.691     0.455
 4     0.827     0.451    -0.335
 4     0.026     0.564     0.825
 5   119.497    16.714    20.681
 5     0.638     0.267     0.722
 5     0.176    -0.964     0.201
 5     0.749    -0.001    -0.662
 6   137.756    21.227    10.825
 6     0.782     0.554     0.284
 6    -0.080     0.541    -0.837
 6    -0.618     0.632     0.467
 7   115.729   -23.202   -11.697
 7     0.422     0.904     0.067
 7    -0.802     0.338     0.493
 7     0.423    -0.261     0.867
 8   121.239   -23.679    19.631
 8     0.646    -0.160     0.746
 8    -0.108    -0.987    -0.117
 8     0.755    -0.005    -0.656
 9   141.628   -30.381    12.332
 9     0.813    -0.581     0.031
 9     0.065     0.143     0.987
 9    -0.579    -0.801     0.154
 2    97.284   -18.794    59.800
 2     0.829    -0.555     0.061
 2     0.555     0.831     0.023
 2    -0.064     0.015     0.998
 3   122.806    -2.134     8.986
 3    -0.473    -0.057    -0.879
 3     0.211    -0.976    -0.050
 3    -0.855    -0.210     0.473
 4   108.156    12.958   -11.265
 4     0.560    -0.692     0.456
 4     0.828     0.449    -0.336
 4     0.027     0.565     0.824
 5   119.443    16.537    20.680
 5     0.637     0.278     0.719
 5     0.182    -0.960     0.211
 5     0.749    -0.004    -0.662
 6   137.640    21.712    10.708
 6     0.780     0.556     0.287
 6    -0.056     0.519    -0.853
 6    -0.623     0.649     0.436
 7   115.653   -23.207   -11.690
 7     0.414     0.907     0.071
 7    -0.806     0.329     0.491
 7     0.422    -0.261     0.868
 8   121.070   -23.736    19.666
 8     0.644    -0.188     0.741
 8    -0.126    -0.982    -0.140
 8     0.754    -0.004    -0.656
 9   141.115   -31.441    12.133
 9     0.809    -0.583     0.072
 9     0.037     0.174     0.984
 9    -0.586    -0.794     0.163
 2    97.285   -18.794    59.749
 2     0.829    -0.555     0.062
 2     0.555     0.831     0.023
 2    -0.064     0.015     0.998
 3   122.808    -2.133     8.937
 3    -0.473    -0.054    -0.880
 3     0.212    -0.976    -0.054
 3    -0.855    -0.212     0.472
 4   108.059    12.961   -11.221
 4     0.556    -0.693     0.458
 4     0.830     0.444    -0.336
 4     0.029     0.567     0.823
 5   119.308    16.642    20.750
 5     0.631     0.307     0.712
 5     0.197    -0.951     0.236
 5     0.750    -0.009    -0.661
 6   137.268    22.399    10.813
 6     0.778     0.549     0.305
 6    -0.038     0.526    -0.850
 6    -0.627     0.649     0.430
 7   115.505   -23.212   -11.609
 7     0.404     0.911     0.076
 7    -0.811     0.319     0.490
 7     0.422    -0.260     0.868
 8   120.832   -23.769    19.722
 8     0.639    -0.225     0.735
 8    -0.149    -0.974    -0.168
 8     0.754    -0.003    -0.656
 9   140.315   -32.533    11.750
 9     0.801    -0.585     0.122
 9     0.005     0.210     0.978
 9    -0.598    -0.783     0.171
 2    97.284   -18.794    59.800
 2     0.829    -0.555     0.061
 2     0.555     0.831     0.023
 2    -0.064     0.015     0.998
 3   122.809    -2.133     8.939
 3    -0.473    -0.049    -0.880
 3     0.211    -0.975    -0.059
 3    -0.855    -0.214     0.472
 4   107.991    12.966   -11.106
 4     0.552    -0.696     0.459
 4     0.833     0.438    -0.337
 4     0.033     0.568     0.822
 5   119.247    16.542    20.748
 5     0.627     0.334     0.703
 5     0.210    -0.942     0.260
 5     0.750    -0.015    -0.661
 6   136.669    23.411    10.599
 6     0.767     0.547     0.335
 6     0.001     0.520    -0.854
 6    -0.642     0.655     0.398
 7   115.433   -23.267   -11.731
 7     0.395     0.915     0.085
 7    -0.816     0.307     0.490
 7     0.422    -0.263     0.867
 8   118.552   -23.817    17.761
 8     0.640    -0.260     0.723
 8    -0.170    -0.966    -0.196
 8     0.749     0.003    -0.662
 9   139.968   -33.488    11.638
 9     0.796    -0.585     0.155
 9    -0.029     0.219     0.975
 9    -0.605    -0.781     0.157
 2    97.335   -18.794    59.800
 2     0.829    -0.555     0.061
 2     0.555     0.831     0.023
 2    -0.064     0.015     0.998
 3   122.761    -2.184     8.914
 3    -0.473    -0.048    -0.880
 3     0.212    -0.975    -0.060
 3    -0.855    -0.215     0.471
 4   107.941    12.917   -11.111
 4     0.549    -0.697     0.462
 4     0.835     0.434    -0.337
 4     0.034     0.570     0.820
 5   119.103    16.597    20.746
 5     0.618     0.377     0.689
 5     0.234    -0.926     0.296
 5     0.750    -0.021    -0.661
 6   136.244    24.461    10.690
 6     0.764     0.532     0.363
 6     0.031     0.532    -0.846
 6    -0.644     0.658     0.390
 7   115.257   -23.325   -11.718
 7     0.385     0.917     0.096
 7    -0.822     0.294     0.488
 7     0.420    -0.268     0.867
 8   118.531   -23.846    17.780
 8     0.640    -0.299     0.707
 8    -0.196    -0.954    -0.226
 8     0.742     0.006    -0.670
 9   139.208   -34.810    11.308
 9     0.784    -0.581     0.217
 9    -0.076     0.257     0.963
 9    -0.615    -0.772     0.158
 2    97.285   -18.743    59.800
 2     0.829    -0.555     0.061
 2     0.555     0.831     0.023
 2    -0.064     0.015     0.998
 3   122.757    -2.135     8.920
 3    -0.472    -0.045    -0.880
 3     0.211    -0.975    -0.064
 3    -0.856    -0.216     0.470
 4   107.823    12.925   -10.974
 4     0.538    -0.703     0.464
 4     0.842     0.423    -0.335
 4     0.039     0.571     0.820
 5   118.986    16.597    20.749
 5     0.615     0.404     0.677
 5     0.248    -0.914     0.320
 5     0.749    -0.029    -0.662
 6   135.422    25.573    10.540
 6     0.748     0.528     0.402
 6     0.069     0.540    -0.839
 6    -0.660     0.655     0.368
 7   115.082   -23.228   -11.660
 7     0.378     0.920     0.101
 7    -0.825     0.285     0.487
 7     0.419    -0.268     0.867
 8   118.468   -23.843    17.820
 8     0.641    -0.331     0.692
 8    -0.212    -0.943    -0.255
 8     0.737     0.017    -0.676
 9   138.306   -35.860    10.933
 9     0.765    -0.584     0.270
 9    -0.117     0.287     0.951
 9    -0.633    -0.759     0.151
 2    97.335   -18.743    59.800
 2     0.829    -0.555     0.061
 2     0.555     0.831     0.023
 2    -0.064     0.015     0.998
 3   122.758    -2.135     8.870
 3    -0.472    -0.044    -0.880
 3     0.211    -0.975    -0.065
 3    -0.856    -0.217     0.470
 4   107.777    12.927   -10.955
 4     0.536    -0.705     0.464
 4     0.843     0.421    -0.335
 4     0.041     0.571     0.820
 5   118.909    16.601    20.836
 5     0.606     0.429     0.670
 5     0.259    -0.902     0.344
 5     0.752    -0.035    -0.658
 6   135.091    25.821    10.382
 6     0.740     0.529     0.416
 6     0.080     0.544    -0.835
 6    -0.668     0.651     0.359
 7   115.031   -23.183   -11.652
 7     0.369     0.923     0.108
 7    -0.830     0.275     0.485
 7     0.418    -0.269     0.868
 8   118.622   -23.717    17.892
 8     0.643    -0.365     0.673
 8    -0.233    -0.931    -0.282
 8     0.730     0.024    -0.683
 9   137.585   -36.837    10.310
 9     0.743    -0.589     0.318
 9    -0.146     0.321     0.936
 9    -0.654    -0.741     0.153
 2    97.335   -18.743    59.800
 2     0.829    -0.555     0.061
 2     0.555     0.831     0.023
 2    -0.064     0.015     0.998
 3   122.762    -2.133     8.866
 3    -0.474    -0.041    -0.880
 3     0.211    -0.975    -0.068
 3    -0.855    -0.218     0.470
 4   107.551    12.982   -10.857
 4     0.526    -0.712     0.466
 4     0.850     0.412    -0.329
 4     0.042     0.569     0.821
 5   118.698    16.604    20.905
 5     0.597     0.460     0.656
 5     0.275    -0.887     0.371
 5     0.753    -0.041    -0.657
 6   134.337    26.810    10.240
 6     0.726     0.524     0.445
 6     0.111     0.549    -0.828
 6    -0.678     0.651     0.341
 7   114.854   -23.190   -11.640
 7     0.358     0.926     0.116
 7    -0.836     0.263     0.482
 7     0.416    -0.270     0.868
 8   118.338   -23.829    17.941
 8     0.633    -0.393     0.667
 8    -0.249    -0.919    -0.306
 8     0.733     0.027    -0.679
 9   137.080   -37.499    10.493
 9     0.740    -0.585     0.333
 9    -0.166     0.321     0.932
 9    -0.652    -0.745     0.141
 2    97.285   -18.743    59.800
 2     0.829    -0.555     0.061
 2     0.555     0.831     0.023
 2    -0.064     0.015     0.998
 3   122.758    -2.079     8.734
 3    -0.478    -0.032    -0.878
 3     0.206    -0.975    -0.077
 3    -0.854    -0.218     0.472
 4   107.474    12.933   -10.857
 4     0.519    -0.715     0.467
 4     0.853     0.407    -0.325
 4     0.042     0.567     0.822
 5   118.657    16.604    20.736
 5     0.594     0.479     0.645
 5     0.287    -0.877     0.387
 5     0.751    -0.045    -0.659
 6   133.800    27.418    10.173
 6     0.717     0.521     0.462
 6     0.129     0.552    -0.824
 6    -0.685     0.651     0.328
 7   114.805   -23.246   -11.559
 7     0.348     0.929     0.119
 7    -0.840     0.253     0.480
 7     0.416    -0.268     0.869
 8   118.284   -23.842    18.013
 8     0.630    -0.415     0.656
 8    -0.260    -0.909    -0.325
 8     0.731     0.034    -0.681
 9   136.647   -38.074    10.438
 9     0.726    -0.587     0.357
 9    -0.187     0.330     0.925
 9    -0.661    -0.739     0.130
 2    97.335   -18.743    59.749
 2     0.829    -0.555     0.062
 2     0.555     0.831     0.023
 2    -0.064     0.015     0.998
 3   122.755    -2.002     8.735
 3    -0.479    -0.026    -0.878
 3     0.203    -0.976    -0.083
 3    -0.854    -0.218     0.472
 4   107.424    12.935   -10.856
 4     0.515    -0.719     0.467
 4     0.856     0.404    -0.321
 4     0.042     0.565     0.824
 5   118.433    16.608    20.822
 5     0.587     0.498     0.638
 5     0.295    -0.866     0.404
 5     0.754    -0.049    -0.655
 6   133.331    27.871    10.130
 6     0.706     0.527     0.474
 6     0.147     0.545    -0.826
 6    -0.693     0.652     0.307
 7   114.626   -23.252   -11.549
 7     0.341     0.932     0.124
 7    -0.844     0.245     0.478
 7     0.414    -0.268     0.870
 8   118.232   -23.798    18.022
 8     0.629    -0.425     0.650
 8    -0.266    -0.904    -0.333
 8     0.730     0.036    -0.683
 9   136.131   -38.520    10.174
 9     0.715    -0.591     0.372
 9    -0.198     0.339     0.919
 9    -0.670    -0.732     0.125
 2    97.335   -18.794    59.749
 2     0.829    -0.555     0.062
 2     0.555     0.831     0.023
 2    -0.064     0.015     0.998
 3   122.755    -2.002     8.735
 3    -0.479    -0.024    -0.877
 3     0.203    -0.975    -0.084
 3    -0.854    -0.219     0.472
 4   107.343    12.933   -10.850
 4     0.513    -0.720     0.467
 4     0.858     0.404    -0.318
 4     0.040     0.564     0.824
 5   118.372    16.609    20.720
 5     0.580     0.520     0.626
 5     0.306    -0.853     0.423
 5     0.754    -0.054    -0.654
 6   132.909    28.275     9.963
 6     0.698     0.524     0.487
 6     0.157     0.552    -0.819
 6    -0.698     0.649     0.303
 7   114.545   -23.208   -11.662
 7     0.333     0.933     0.130
 7    -0.848     0.237     0.474
 7     0.411    -0.269     0.871
 8   118.106   -23.912    18.033
 8     0.624    -0.445     0.642
 8    -0.282    -0.895    -0.346
 8     0.729     0.035    -0.684
 9   135.770   -38.887     9.968
 9     0.708    -0.590     0.387
 9    -0.207     0.351     0.913
 9    -0.675    -0.727     0.126
 2    97.285   -18.794    59.749
 2     0.829    -0.555     0.061
 2     0.555     0.831     0.023
 2    -0.064     0.015     0.998
 3   122.726    -1.950     8.686
 3    -0.480    -0.015    -0.877
 3     0.199    -0.975    -0.093
 3    -0.854    -0.219     0.471
 4   107.164    12.910   -10.796
 4     0.504    -0.726     0.468
 4     0.863     0.398    -0.311
 4     0.039     0.561     0.827
 5   118.117    16.690    20.713
 5     0.572     0.540     0.617
 5     0.319    -0.840     0.438
 5     0.755    -0.054    -0.653
 6   132.246    28.935     9.915
 6     0.687     0.523     0.503
 6     0.177     0.552    -0.815
 6    -0.704     0.649     0.287
 7   114.593   -23.209   -11.658
 7     0.332     0.934     0.132
 7    -0.849     0.235     0.473
 7     0.410    -0.269     0.871
 8   118.003   -23.944    18.039
 8     0.621    -0.453     0.639
