2 	  33.13	  -8.37	  22.71
	  0.242	  0.953	 -0.181
	 -0.970	  0.237	 -0.049
	 -0.004	  0.187	  0.982

3 	  44.95	  -1.05	   0.09
	  0.505	  0.155	  0.849
	 -0.062	  0.987	 -0.144
	 -0.861	  0.020	  0.508

4 	  39.01	   5.82	  -4.15
	  0.251	  0.963	  0.099
	 -0.872	  0.180	  0.454
	  0.420	 -0.200	  0.885

5 	  38.23	   8.02	   8.28
	  0.116	  0.309	  0.944
	  0.063	 -0.951	  0.303
	  0.991	  0.025	 -0.130

6 	  42.42	  10.78	  18.30
	  0.164	  0.064	  0.984
	 -0.736	  0.673	  0.075
	 -0.660	 -0.735	  0.156

7 	  38.94	  -8.26	  -4.06
	  0.332	 -0.939	  0.093
	  0.791	  0.223	 -0.569
	  0.514	  0.262	  0.816

8 	  38.87	 -10.65	   8.38
	  0.170	 -0.216	  0.962
	  0.401	 -0.877	 -0.266
	  0.901	  0.430	 -0.062

9 	  43.14	 -12.46	  18.40
	  0.202	 -0.070	  0.976
	  0.750	  0.652	 -0.106
	 -0.633	  0.753	  0.182

2 	  33.12	  -8.37	  22.69
	  0.242	  0.953	 -0.181
	 -0.970	  0.237	 -0.049
	 -0.004	  0.187	  0.982

3 	  44.95	  -1.07	   0.11
	  0.504	  0.155	  0.849
	 -0.062	  0.987	 -0.144
	 -0.861	  0.020	  0.507

4 	  39.01	   5.80	  -4.15
	  0.252	  0.962	  0.100
	 -0.873	  0.181	  0.453
	  0.418	 -0.201	  0.885

5 	  38.23	   8.00	   8.28
	  0.116	  0.308	  0.944
	  0.061	 -0.951	  0.303
	  0.991	  0.023	 -0.130

6 	  42.42	  10.76	  18.32
	  0.163	  0.064	  0.984
	 -0.736	  0.673	  0.075
	 -0.660	 -0.735	  0.155

7 	  38.94	  -8.28	  -4.06
	  0.331	 -0.939	  0.095
	  0.792	  0.221	 -0.570
	  0.515	  0.262	  0.816

8 	  38.85	 -10.65	   8.40
	  0.168	 -0.215	  0.962
	  0.398	 -0.878	 -0.265
	  0.902	  0.427	 -0.062

9 	  43.12	 -12.48	  18.40
	  0.203	 -0.070	  0.976
	  0.751	  0.651	 -0.107
	 -0.631	  0.754	  0.182

2 	  33.12	  -8.37	  22.69
	  0.242	  0.953	 -0.181
	 -0.970	  0.237	 -0.050
	 -0.004	  0.187	  0.982

3 	  44.93	  -1.09	   0.11
	  0.504	  0.156	  0.849
	 -0.060	  0.987	 -0.146
	 -0.862	  0.022	  0.507

4 	  39.01	   5.78	  -4.15
	  0.253	  0.962	  0.099
	 -0.873	  0.182	  0.452
	  0.418	 -0.201	  0.886

5 	  38.25	   7.98	   8.28
	  0.117	  0.309	  0.943
	  0.061	 -0.951	  0.304
	  0.991	  0.022	 -0.130

6 	  42.42	  10.76	  18.30
	  0.163	  0.065	  0.984
	 -0.735	  0.673	  0.074
	 -0.660	 -0.735	  0.155

7 	  38.90	  -8.30	  -4.04
	  0.328	 -0.940	  0.096
	  0.792	  0.218	 -0.570
	  0.515	  0.263	  0.815

8 	  38.81	 -10.65	   8.42
	  0.168	 -0.215	  0.962
	  0.396	 -0.880	 -0.264
	  0.903	  0.424	 -0.062

9 	  43.08	 -12.48	  18.42
	  0.202	 -0.071	  0.977
	  0.754	  0.648	 -0.106
	 -0.629	  0.756	  0.182

2 	  33.12	  -8.37	  22.71
	  0.242	  0.953	 -0.181
	 -0.970	  0.237	 -0.049
	 -0.004	  0.187	  0.982

3 	  44.93	  -1.11	   0.11
	  0.504	  0.156	  0.849
	 -0.060	  0.987	 -0.146
	 -0.862	  0.023	  0.507

4 	  39.01	   5.75	  -4.15
	  0.254	  0.962	  0.100
	 -0.873	  0.183	  0.453
	  0.417	 -0.202	  0.886

5 	  38.25	   7.98	   8.28
	  0.117	  0.310	  0.943
	  0.060	 -0.950	  0.305
	  0.991	  0.021	 -0.130

6 	  42.43	  10.78	  18.28
	  0.163	  0.066	  0.984
	 -0.736	  0.673	  0.074
	 -0.660	 -0.735	  0.156

7 	  38.90	  -8.30	  -4.03
	  0.327	 -0.940	  0.098
	  0.792	  0.216	 -0.571
	  0.516	  0.264	  0.815

8 	  38.81	 -10.71	   8.40
	  0.167	 -0.218	  0.961
	  0.394	 -0.880	 -0.267
	  0.904	  0.423	 -0.060

9 	  43.03	 -12.57	  18.42
	  0.199	 -0.075	  0.977
	  0.756	  0.646	 -0.102
	 -0.627	  0.757	  0.183

2 	  33.12	  -8.37	  22.71
	  0.242	  0.953	 -0.181
	 -0.970	  0.237	 -0.049
	 -0.004	  0.187	  0.982

3 	  44.93	  -1.12	   0.12
	  0.503	  0.156	  0.850
	 -0.059	  0.987	 -0.147
	 -0.862	  0.024	  0.506

4 	  39.02	   5.75	  -4.13
	  0.260	  0.959	  0.112
	 -0.869	  0.182	  0.460
	  0.421	 -0.216	  0.881

5 	  38.20	   8.21	   8.14
	  0.104	  0.362	  0.926
	  0.102	 -0.930	  0.352
	  0.989	  0.058	 -0.134

6 	  42.26	  11.79	  17.98
	  0.156	  0.130	  0.979
	 -0.766	  0.642	  0.033
	 -0.627	 -0.753	  0.198

7 	  38.92	  -8.30	  -4.01
	  0.339	 -0.936	  0.098
	  0.782	  0.221	 -0.583
	  0.524	  0.274	  0.806

8 	  38.87	 -11.37	   8.12
	  0.162	 -0.298	  0.940
	  0.372	 -0.865	 -0.337
	  0.914	  0.404	 -0.029

9 	  43.00	 -14.27	  17.82
	  0.196	 -0.168	  0.966
	  0.768	  0.639	 -0.042
	 -0.613	  0.749	  0.251

2 	  33.12	  -8.37	  22.69
	  0.242	  0.953	 -0.181
	 -0.970	  0.237	 -0.049
	 -0.004	  0.187	  0.982

3 	  44.93	  -1.11	   0.12
	  0.504	  0.158	  0.849
	 -0.060	  0.987	 -0.149
	 -0.862	  0.024	  0.506

4 	  38.95	   5.70	  -4.17
	  0.271	  0.955	  0.120
	 -0.859	  0.183	  0.478
	  0.436	 -0.232	  0.870

5 	  38.25	   9.07	   7.75
	  0.085	  0.484	  0.871
	  0.192	 -0.866	  0.462
	  0.978	  0.127	 -0.167

6 	  42.10	  14.31	  16.95
	  0.153	  0.273	  0.949
	 -0.810	  0.585	 -0.041
	 -0.569	 -0.763	  0.308

7 	  38.90	  -8.24	  -4.08
	  0.358	 -0.931	  0.069
	  0.758	  0.246	 -0.604
	  0.546	  0.268	  0.794

8 	  39.13	 -12.67	   7.47
	  0.188	 -0.449	  0.874
	  0.306	 -0.819	 -0.485
	  0.934	  0.357	 -0.016

9 	  43.42	 -17.21	  16.21
	  0.219	 -0.331	  0.917
	  0.794	  0.606	  0.031
	 -0.570	  0.721	  0.393

2 	  33.12	  -8.37	  22.69
	  0.242	  0.953	 -0.181
	 -0.970	  0.237	 -0.049
	 -0.004	  0.187	  0.982

3 	  44.91	  -1.09	   0.09
	  0.510	  0.160	  0.844
	 -0.059	  0.986	 -0.152
	 -0.858	  0.028	  0.513

4 	  38.94	   5.62	  -4.24
	  0.282	  0.953	  0.114
	 -0.848	  0.192	  0.494
	  0.449	 -0.235	  0.862

5 	  38.43	  10.18	   7.07
	  0.081	  0.613	  0.786
	  0.275	 -0.771	  0.574
	  0.958	  0.169	 -0.231

6 	  42.15	  16.96	  15.24
	  0.157	  0.423	  0.892
	 -0.842	  0.529	 -0.106
	 -0.520	 -0.734	  0.437

7 	  38.87	  -8.07	  -4.22
	  0.372	 -0.928	  0.014
	  0.731	  0.284	 -0.620
	  0.572	  0.240	  0.784

8 	  39.48	 -13.99	   6.38
	  0.230	 -0.600	  0.766
	  0.210	 -0.739	 -0.640
	  0.950	  0.307	 -0.044

9 	  43.98	 -20.06	  13.78
	  0.254	 -0.496	  0.830
	  0.827	  0.556	  0.081
	 -0.506	  0.666	  0.549

2 	  33.12	  -8.37	  22.71
	  0.242	  0.953	 -0.181
	 -0.970	  0.237	 -0.049
	 -0.004	  0.187	  0.982

3 	  44.95	  -1.11	   0.04
	  0.518	  0.159	  0.840
	 -0.056	  0.986	 -0.153
	 -0.854	  0.032	  0.520

4 	  38.90	   5.55	  -4.36
	  0.292	  0.952	  0.092
	 -0.838	  0.207	  0.505
	  0.462	 -0.224	  0.858

5 	  38.64	  11.21	   6.26
	  0.088	  0.719	  0.689
	  0.340	 -0.672	  0.658
	  0.936	  0.176	 -0.303

6 	  42.35	  19.18	  13.25
	  0.171	  0.548	  0.818
	 -0.859	  0.489	 -0.150
	 -0.485	 -0.678	  0.552

7 	  38.87	  -7.96	  -4.41
	  0.384	 -0.922	 -0.049
	  0.704	  0.326	 -0.630
	  0.598	  0.207	  0.774

8 	  39.78	 -15.08	   5.17
	  0.264	 -0.716	  0.646
	  0.143	 -0.635	 -0.759
	  0.954	  0.292	 -0.065

9 	  44.49	 -22.27	  11.16
	  0.284	 -0.625	  0.727
	  0.842	  0.525	  0.125
	 -0.464	  0.577	  0.672

2 	  33.12	  -8.37	  22.71
	  0.242	  0.953	 -0.181
	 -0.970	  0.237	 -0.049
	 -0.004	  0.187	  0.982

3 	  44.95	  -1.11	  -0.05
	  0.525	  0.156	  0.836
	 -0.054	  0.987	 -0.151
	 -0.849	  0.034	  0.527

4 	  38.88	   5.47	  -4.50
	  0.303	  0.951	  0.064
	 -0.829	  0.229	  0.510
	  0.471	 -0.207	  0.857

5 	  38.79	  12.13	   5.36
	  0.098	  0.804	  0.587
	  0.390	 -0.573	  0.721
	  0.916	  0.158	 -0.369

6 	  42.54	  20.92	  11.16
	  0.184	  0.651	  0.736
	 -0.865	  0.462	 -0.195
	 -0.470	 -0.602	  0.645

7 	  38.78	  -7.80	  -4.61
	  0.389	 -0.912	 -0.126
	  0.674	  0.374	 -0.637
	  0.629	  0.163	  0.760

8 	  40.01	 -16.01	   3.74
	  0.288	 -0.807	  0.515
	  0.091	 -0.513	 -0.854
	  0.953	  0.292	 -0.075

9 	  44.89	 -23.92	   8.30
	  0.312	 -0.728	  0.611
	  0.849	  0.500	  0.167
	 -0.432	  0.467	  0.771

2 	  33.12	  -8.37	  22.71
	  0.242	  0.953	 -0.182
	 -0.970	  0.237	 -0.050
	 -0.004	  0.188	  0.982

3 	  44.96	  -1.12	  -0.14
	  0.534	  0.151	  0.831
	 -0.053	  0.988	 -0.146
	 -0.844	  0.034	  0.535

4 	  38.87	   5.29	  -4.68
	  0.313	  0.949	  0.016
	 -0.816	  0.260	  0.515
	  0.485	 -0.174	  0.856

5 	  39.13	  12.97	   4.24
	  0.119	  0.875	  0.468
	  0.434	 -0.469	  0.769
	  0.893	  0.111	 -0.436

6 	  43.03	  22.39	   8.60
	  0.206	  0.745	  0.634
	 -0.866	  0.439	 -0.238
	 -0.459	 -0.502	  0.733

7 	  38.67	  -7.65	  -4.75
	  0.385	 -0.901	 -0.198
	  0.648	  0.416	 -0.638
	  0.658	  0.117	  0.744

8 	  40.20	 -16.88	   2.06
	  0.309	 -0.886	  0.346
	  0.002	 -0.364	 -0.931
	  0.951	  0.287	 -0.111

9 	  45.14	 -25.51	   4.55
	  0.332	 -0.829	  0.450
	  0.871	  0.451	  0.193
	 -0.368	  0.329	  0.870

2 	  33.12	  -8.37	  22.69
	  0.242	  0.953	 -0.182
	 -0.970	  0.237	 -0.050
	 -0.004	  0.188	  0.982

3 	  44.96	  -1.16	  -0.21
	  0.539	  0.147	  0.829
	 -0.051	  0.988	 -0.143
	 -0.841	  0.035	  0.540

4 	  38.90	   5.13	  -4.83
	  0.333	  0.942	 -0.031
	 -0.801	  0.299	  0.519
	  0.499	 -0.148	  0.854

5 	  39.48	  13.69	   2.97
	  0.145	  0.929	  0.339
	  0.476	 -0.365	  0.800
	  0.868	  0.046	 -0.494

6 	  43.47	  23.52	   5.87
	  0.230	  0.821	  0.522
	 -0.874	  0.409	 -0.262
	 -0.433	 -0.398	  0.809

7 	  38.60	  -7.51	  -4.90
	  0.386	 -0.882	 -0.269
	  0.621	  0.463	 -0.632
	  0.682	  0.077	  0.726

8 	  40.39	 -17.53	   0.02
	  0.320	 -0.934	  0.156
	 -0.083	 -0.192	 -0.978
	  0.943	  0.300	 -0.139

9 	  45.28	 -26.47	   0.42
	  0.345	 -0.900	  0.266
	  0.891	  0.403	  0.210
	 -0.301	  0.166	  0.939

2 	  33.12	  -8.37	  22.69
	  0.242	  0.953	 -0.182
	 -0.970	  0.237	 -0.050
	 -0.004	  0.188	  0.982

3 	  44.96	  -1.23	  -0.28
	  0.541	  0.142	  0.829
	 -0.049	  0.989	 -0.138
	 -0.840	  0.034	  0.541

4 	  38.87	   4.92	  -4.96
	  0.347	  0.934	 -0.076
	 -0.785	  0.334	  0.521
	  0.513	 -0.121	  0.849

5 	  39.69	  14.12	   1.81
	  0.167	  0.960	  0.225
	  0.503	 -0.278	  0.818
	  0.849	 -0.023	 -0.528

6 	  43.80	  24.10	   3.32
	  0.252	  0.873	  0.417
	 -0.872	  0.391	 -0.296
	 -0.425	 -0.291	  0.857

7 	  38.53	  -7.31	  -5.04
	  0.391	 -0.852	 -0.348
	  0.578	  0.520	 -0.629
	  0.718	  0.045	  0.695

8 	  40.59	 -17.79	  -2.29
	  0.329	 -0.943	 -0.054
	 -0.168	 -0.002	 -0.986
	  0.929	  0.333	 -0.159

9 	  45.40	 -26.53	  -4.27
	  0.361	 -0.931	  0.049
	  0.907	  0.362	  0.214
	 -0.221	 -0.032	  0.975

2 	  33.12	  -8.37	  22.69
	  0.242	  0.953	 -0.183
	 -0.970	  0.237	 -0.050
	 -0.004	  0.189	  0.982

3 	  44.95	  -1.30	  -0.40
	  0.543	  0.133	  0.828
	 -0.056	  0.991	 -0.123
	 -0.838	  0.021	  0.546

4 	  38.83	   4.75	  -5.12
	  0.358	  0.925	 -0.126
	 -0.766	  0.367	  0.528
	  0.535	 -0.092	  0.839

5 	  39.96	  14.50	   0.58
	  0.184	  0.977	  0.103
	  0.553	 -0.187	  0.812
	  0.814	 -0.091	 -0.574

6 	  44.03	  24.52	   0.67
	  0.272	  0.914	  0.300
	 -0.887	  0.357	 -0.292
	 -0.378	 -0.188	  0.906

7 	  38.48	  -7.07	  -5.20
	  0.392	 -0.822	 -0.413
	  0.535	  0.568	 -0.625
	  0.749	  0.023	  0.662

8 	  40.66	 -17.60	  -4.22
	  0.324	 -0.920	 -0.222
	 -0.248	  0.145	 -0.958
	  0.913	  0.365	 -0.181

9 	  45.25	 -25.93	  -7.98
	  0.359	 -0.925	 -0.123
	  0.923	  0.332	  0.194
	 -0.141	 -0.183	  0.973

2 	  33.12	  -8.37	  22.69
	  0.242	  0.953	 -0.183
	 -0.970	  0.237	 -0.050
	 -0.004	  0.189	  0.982

3 	  44.95	  -1.27	  -0.47
	  0.540	  0.130	  0.831
	 -0.065	  0.991	 -0.114
	 -0.839	  0.007	  0.544

4 	  38.81	   4.68	  -5.17
	  0.371	  0.913	 -0.168
	 -0.745	  0.400	  0.533
	  0.554	 -0.072	  0.829

5 	  40.29	  14.77	  -0.54
	  0.205	  0.979	 -0.002
	  0.588	 -0.120	  0.800
	  0.783	 -0.164	 -0.599

6 	  44.40	  24.61	  -1.65
	  0.294	  0.935	  0.195
	 -0.893	  0.339	 -0.295
	 -0.347	 -0.089	  0.933

7 	  38.41	  -6.86	  -5.36
	  0.388	 -0.796	 -0.465
	  0.499	  0.604	 -0.620
	  0.775	  0.009	  0.631

8 	  40.76	 -17.30	  -5.66
	  0.322	 -0.883	 -0.340
	 -0.316	  0.240	 -0.918
	  0.893	  0.402	 -0.201

9 	  45.14	 -25.10	 -10.65
	  0.358	 -0.900	 -0.248
	  0.931	  0.323	  0.168
	 -0.072	 -0.291	  0.954

2 	  33.12	  -8.37	  22.71
	  0.242	  0.953	 -0.183
	 -0.970	  0.237	 -0.050
	 -0.004	  0.189	  0.982

3 	  44.95	  -1.30	  -0.53
	  0.537	  0.133	  0.833
	 -0.072	  0.991	 -0.112
	 -0.841	  0.001	  0.541

4 	  38.76	   4.46	  -5.26
	  0.375	  0.902	 -0.214
	 -0.727	  0.428	  0.536
	  0.576	 -0.045	  0.816

5 	  40.48	  14.75	  -1.69
	  0.222	  0.970	 -0.095
	  0.611	 -0.060	  0.789
	  0.762	 -0.231	 -0.605

6 	  44.61	  24.38	  -3.88
	  0.311	  0.945	  0.094
	 -0.893	  0.322	 -0.313
	 -0.331	  0.011	  0.943

7 	  38.36	  -6.80	  -5.43
	  0.384	 -0.773	 -0.505
	  0.460	  0.633	 -0.622
	  0.801	  0.007	  0.598

8 	  40.92	 -17.02	  -6.86
	  0.321	 -0.837	 -0.442
	 -0.377	  0.316	 -0.870
	  0.869	  0.446	 -0.213

9 	  45.07	 -24.22	 -12.94
	  0.352	 -0.866	 -0.355
	  0.936	  0.322	  0.143
	 -0.010	 -0.383	  0.924

2 	  33.12	  -8.37	  22.71
	  0.242	  0.953	 -0.183
	 -0.970	  0.237	 -0.050
	 -0.004	  0.189	  0.982

3 	  44.93	  -1.41	  -0.60
	  0.538	  0.146	  0.830
	 -0.084	  0.989	 -0.121
	 -0.839	 -0.005	  0.544

4 	  38.69	   4.15	  -5.41
	  0.377	  0.887	 -0.266
	 -0.706	  0.461	  0.537
	  0.600	 -0.014	  0.800

5 	  40.62	  14.61	  -2.81
	  0.232	  0.955	 -0.184
	  0.638	 -0.004	  0.770
	  0.736	 -0.295	 -0.609

6 	  44.77	  23.91	  -6.03
	  0.327	  0.945	 -0.004
	 -0.896	  0.306	 -0.321
	 -0.307	  0.106	  0.946

7 	  38.32	  -6.77	  -5.50
	  0.384	 -0.748	 -0.541
	  0.407	  0.662	 -0.629
	  0.829	  0.021	  0.558

8 	  41.15	 -16.54	  -8.03
	  0.323	 -0.776	 -0.541
	 -0.446	  0.380	 -0.810
	  0.835	  0.502	 -0.223

9 	  45.09	 -22.92	 -15.12
	  0.354	 -0.815	 -0.460
	  0.933	  0.341	  0.110
	  0.068	 -0.469	  0.880

2 	  33.12	  -8.37	  22.69
	  0.242	  0.953	 -0.183
	 -0.970	  0.237	 -0.050
	 -0.004	  0.189	  0.982

3 	  44.95	  -1.42	  -0.67
	  0.539	  0.162	  0.826
	 -0.100	  0.986	 -0.129
	 -0.836	 -0.013	  0.548

4 	  38.69	   3.99	  -5.48
	  0.383	  0.872	 -0.303
	 -0.688	  0.487	  0.538
	  0.618	  0.002	  0.786

5 	  40.87	  14.48	  -3.67
	  0.247	  0.935	 -0.253
	  0.655	  0.034	  0.755
	  0.716	 -0.351	 -0.603

6 	  45.09	  23.47	  -7.61
	  0.343	  0.936	 -0.077
	 -0.897	  0.300	 -0.323
	 -0.284	  0.178	  0.942

7 	  38.27	  -6.56	  -5.59
	  0.378	 -0.718	 -0.585
	  0.351	  0.695	 -0.627
	  0.857	  0.031	  0.514

8 	  41.36	 -15.86	  -9.28
	  0.317	 -0.701	 -0.638
	 -0.532	  0.427	 -0.731
	  0.786	  0.570	 -0.238

9 	  44.93	 -21.30	 -17.33
	  0.343	 -0.751	 -0.565
	  0.925	  0.374	  0.063
	  0.167	 -0.545	  0.821

2 	  33.12	  -8.37	  22.71
	  0.242	  0.953	 -0.183
	 -0.970	  0.237	 -0.050
	 -0.004	  0.189	  0.982

3 	  44.98	  -1.46	  -0.72
	  0.552	  0.168	  0.816
	 -0.110	  0.985	 -0.130
	 -0.827	 -0.018	  0.562

4 	  38.74	   3.92	  -5.54
	  0.395	  0.859	 -0.326
	 -0.667	  0.511	  0.543
	  0.634	  0.003	  0.773

5 	  41.24	  14.34	  -4.38
	  0.268	  0.912	 -0.311
	  0.675	  0.054	  0.736
	  0.689	 -0.406	 -0.600

6 	  45.54	  22.89	  -9.04
	  0.365	  0.919	 -0.147
	 -0.897	  0.302	 -0.323
	 -0.257	  0.248	  0.934

7 	  38.21	  -6.33	  -5.73
	  0.372	 -0.678	 -0.633
	  0.291	  0.733	 -0.615
	  0.881	  0.045	  0.470

8 	  41.55	 -14.98	 -10.56
	  0.308	 -0.613	 -0.727
	 -0.606	  0.464	 -0.646
	  0.734	  0.638	 -0.229

9 	  44.68	 -19.39	 -19.44
	  0.325	 -0.678	 -0.660
	  0.911	  0.411	  0.024
	  0.259	 -0.610	  0.749

2 	  33.12	  -8.37	  22.69
	  0.242	  0.953	 -0.183
	 -0.970	  0.237	 -0.051
	 -0.004	  0.189	  0.982

3 	  45.00	  -1.39	  -0.79
	  0.563	  0.169	  0.808
	 -0.122	  0.985	 -0.122
	 -0.817	 -0.029	  0.575

4 	  38.76	   3.96	  -5.55
	  0.405	  0.842	 -0.355
	 -0.636	  0.537	  0.554
	  0.659	  0.002	  0.752

5 	  41.68	  14.19	  -5.47
	  0.293	  0.867	 -0.402
	  0.706	  0.088	  0.702
	  0.646	 -0.489	 -0.586

6 	  45.98	  22.01	 -11.25
	  0.381	  0.888	 -0.255
	 -0.898	  0.290	 -0.331
	 -0.225	  0.354	  0.908

7 	  38.18	  -6.06	  -5.89
	  0.368	 -0.642	 -0.672
	  0.232	  0.763	 -0.603
	  0.900	  0.066	  0.430

8 	  41.82	 -14.04	 -11.51
	  0.307	 -0.528	 -0.792
	 -0.678	  0.463	 -0.570
	  0.669	  0.710	 -0.216

9 	  44.74	 -17.40	 -20.95
	  0.331	 -0.592	 -0.735
	  0.876	  0.482	  0.003
	  0.357	 -0.645	  0.675

2 	  33.12	  -8.37	  22.69
	  0.242	  0.953	 -0.183
	 -0.970	  0.237	 -0.051
	 -0.004	  0.189	  0.982

3 	  45.04	  -1.37	  -0.90
	  0.570	  0.177	  0.802
	 -0.135	  0.983	 -0.122
	 -0.810	 -0.038	  0.584

4 	  38.74	   3.83	  -5.59
	  0.410	  0.822	 -0.396
	 -0.597	  0.569	  0.566
	  0.691	  0.005	  0.722

5 	  42.10	  13.75	  -6.61
	  0.313	  0.812	 -0.493
	  0.743	  0.116	  0.659
	  0.594	 -0.571	 -0.566

6 	  46.28	  20.79	 -13.29
	  0.397	  0.846	 -0.355
	 -0.903	  0.289	 -0.319
	 -0.171	  0.446	  0.878

7 	  38.23	  -6.03	  -5.92
	  0.375	 -0.616	 -0.693
	  0.182	  0.781	 -0.596
	  0.909	  0.098	  0.405

8 	  42.12	 -13.38	 -12.22
	  0.301	 -0.447	 -0.843
	 -0.745	  0.443	 -0.499
	  0.597	  0.776	 -0.200

9 	  44.68	 -15.73	 -22.11
	  0.327	 -0.510	 -0.796
	  0.828	  0.559	 -0.023
	  0.463	 -0.650	  0.602

2 	  33.12	  -8.37	  22.71
	  0.242	  0.953	 -0.183
	 -0.970	  0.237	 -0.051
	 -0.004	  0.189	  0.982

3 	  45.09	  -1.48	  -1.00
	  0.583	  0.190	  0.789
	 -0.143	  0.981	 -0.132
	 -0.799	 -0.036	  0.599

4 	  38.72	   3.60	  -5.70
	  0.412	  0.802	 -0.431
	 -0.562	  0.596	  0.573
	  0.718	  0.006	  0.695

5 	  42.35	  13.34	  -7.33
	  0.321	  0.776	 -0.543
	  0.769	  0.122	  0.627
	  0.555	 -0.618	 -0.557

6 	  46.44	  19.95	 -14.47
	  0.406	  0.816	 -0.410
	 -0.906	  0.296	 -0.303
	 -0.130	  0.494	  0.860

7 	  38.07	  -6.13	  -5.92
	  0.361	 -0.599	 -0.715
	  0.141	  0.792	 -0.593
	  0.922	  0.114	  0.370

8 	  42.33	 -12.71	 -12.83
	  0.297	 -0.358	 -0.885
	 -0.813	  0.391	 -0.430
	  0.501	  0.847	 -0.176

9 	  44.65	 -13.94	 -23.04
	  0.331	 -0.414	 -0.848
	  0.758	  0.651	 -0.027
	  0.569	 -0.632	  0.526

2 	  33.12	  -8.37	  22.71
	  0.242	  0.953	 -0.183
	 -0.970	  0.237	 -0.050
	 -0.004	  0.189	  0.982

3 	  45.09	  -1.62	  -1.16
	  0.609	  0.190	  0.770
	 -0.145	  0.981	 -0.129
	 -0.781	 -0.032	  0.624

4 	  38.71	   3.50	  -5.68
	  0.421	  0.786	 -0.453
	 -0.523	  0.617	  0.588
	  0.742	 -0.010	  0.670

5 	  42.63	  12.94	  -7.89
	  0.335	  0.737	 -0.587
	  0.792	  0.118	  0.599
	  0.512	 -0.664	 -0.544

6 	  46.63	  19.07	 -15.47
	  0.417	  0.784	 -0.459
	 -0.905	  0.309	 -0.293
	 -0.091	  0.537	  0.838

7 	  37.90	  -6.13	  -5.87
	  0.338	 -0.574	 -0.746
	  0.099	  0.809	 -0.578
	  0.936	  0.121	  0.331

8 	  42.49	 -11.60	 -13.59
	  0.279	 -0.230	 -0.932
	 -0.891	  0.300	 -0.340
	  0.359	  0.925	 -0.122

9 	  44.33	 -11.16	 -24.06
	  0.320	 -0.263	 -0.911
	  0.640	  0.768	 -0.003
	  0.704	 -0.579	  0.410

2 	  33.12	  -8.37	  22.71
	  0.242	  0.953	 -0.183
	 -0.970	  0.237	 -0.050
	 -0.004	  0.189	  0.982

3 	  45.02	  -1.76	  -1.35
	  0.633	  0.189	  0.750
	 -0.139	  0.981	 -0.132
	 -0.762	 -0.020	  0.647

4 	  38.57	   3.48	  -5.57
	  0.426	  0.776	 -0.465
	 -0.480	  0.628	  0.612
	  0.767	 -0.038	  0.640

5 	  42.86	  12.57	  -8.44
	  0.348	  0.686	 -0.638
	  0.823	  0.103	  0.558
	  0.450	 -0.719	 -0.530

6 	  46.67	  18.04	 -16.65
	  0.425	  0.739	 -0.522
	 -0.906	  0.329	 -0.267
	 -0.028	  0.586	  0.809

7 	  37.60	  -5.99	  -5.92
	  0.313	 -0.546	 -0.777
	  0.066	  0.828	 -0.556
	  0.947	  0.123	  0.296

8 	  42.42	 -10.56	 -14.13
	  0.273	 -0.125	 -0.954
	 -0.920	  0.254	 -0.297
	  0.280	  0.958	 -0.046

9 	  44.09	  -8.74	 -24.64
	  0.303	 -0.113	 -0.946
	  0.568	  0.819	  0.079
	  0.769	 -0.558	  0.310

2 	  33.12	  -8.37	  22.71
	  0.242	  0.953	 -0.183
	 -0.970	  0.237	 -0.050
	 -0.004	  0.189	  0.982

3 	  44.88	  -1.71	  -1.51
	  0.652	  0.180	  0.736
	 -0.136	  0.983	 -0.121
	 -0.746	 -0.021	  0.665

4 	  38.37	   3.66	  -5.48
	  0.428	  0.770	 -0.473
	 -0.442	  0.634	  0.635
	  0.789	 -0.063	  0.611

5 	  43.03	  12.30	  -8.89
	  0.360	  0.636	 -0.682
	  0.851	  0.076	  0.519
	  0.384	 -0.766	 -0.515

6 	  46.69	  17.26	 -17.47
	  0.430	  0.700	 -0.569
	 -0.903	  0.353	 -0.245
	  0.029	  0.620	  0.784

7 	  37.44	  -5.82	  -5.96
	  0.302	 -0.529	 -0.793
	  0.052	  0.839	 -0.541
	  0.952	  0.122	  0.281

8 	  42.35	  -9.83	 -14.45
	  0.268	 -0.063	 -0.961
	 -0.932	  0.236	 -0.275
	  0.245	  0.969	  0.004

9 	  43.93	  -7.22	 -24.82
	  0.292	 -0.031	 -0.956
	  0.537	  0.833	  0.132
	  0.795	 -0.548	  0.259

2 	  33.12	  -8.37	  22.71
	  0.242	  0.953	 -0.183
	 -0.970	  0.237	 -0.050
	 -0.004	  0.189	  0.982

3 	  44.84	  -1.67	  -1.55
	  0.656	  0.179	  0.733
	 -0.140	  0.983	 -0.116
	 -0.742	 -0.026	  0.670

4 	  38.37	   3.67	  -5.47
	  0.431	  0.758	 -0.489
	 -0.413	  0.646	  0.642
	  0.803	 -0.075	  0.590

5 	  43.26	  11.79	  -9.69
	  0.360	  0.564	 -0.743
	  0.875	  0.072	  0.477
	  0.324	 -0.822	 -0.469

6 	  46.60	  15.94	 -18.74
	  0.421	  0.645	 -0.638
	 -0.902	  0.369	 -0.221
	  0.094	  0.669	  0.737

7 	  37.42	  -5.77	  -6.01
	  0.299	 -0.522	 -0.799
	  0.048	  0.844	 -0.534
	  0.953	  0.121	  0.277

8 	  42.36	  -9.49	 -14.62
	  0.262	 -0.030	 -0.964
	 -0.938	  0.226	 -0.262
	  0.227	  0.973	  0.031

9 	  43.82	  -6.56	 -24.89
	  0.283	  0.009	 -0.959
	  0.516	  0.842	  0.155
	  0.811	 -0.536	  0.232

2 	  33.12	  -8.37	  22.71
	  0.242	  0.953	 -0.183
	 -0.970	  0.237	 -0.051
	 -0.004	  0.189	  0.982

3 	  44.84	  -1.72	  -1.58
	  0.655	  0.182	  0.733
	 -0.138	  0.983	 -0.122
	 -0.743	 -0.021	  0.668

4 	  38.39	   3.57	  -5.48
	  0.444	  0.741	 -0.504
	 -0.386	  0.665	  0.640
	  0.809	 -0.090	  0.580

5 	  43.49	  11.14	 -10.27
	  0.363	  0.496	 -0.789
	  0.892	  0.061	  0.448
	  0.272	 -0.865	 -0.421

6 	  46.56	  14.68	 -19.74
	  0.418	  0.592	 -0.689
	 -0.896	  0.395	 -0.201
	  0.155	  0.702	  0.695

7 	  37.41	  -5.80	  -5.99
	  0.294	 -0.525	 -0.799
	  0.053	  0.843	 -0.535
	  0.954	  0.115	  0.276

8 	  42.31	  -9.49	 -14.64
	  0.262	 -0.021	 -0.965
	 -0.938	  0.227	 -0.260
	  0.225	  0.973	  0.040

9 	  43.79	  -6.28	 -24.86
	  0.277	  0.042	 -0.960
	  0.506	  0.844	  0.178
	  0.819	 -0.533	  0.211

2 	  33.12	  -8.37	  22.71
	  0.242	  0.953	 -0.183
	 -0.970	  0.237	 -0.050
	 -0.004	  0.189	  0.982

3 	  44.86	  -1.83	  -1.60
	  0.655	  0.183	  0.732
	 -0.135	  0.983	 -0.126
	 -0.743	 -0.016	  0.668

4 	  38.43	   3.46	  -5.50
	  0.448	  0.730	 -0.516
	 -0.369	  0.676	  0.638
	  0.815	 -0.096	  0.571

5 	  43.66	  10.83	 -10.53
	  0.365	  0.469	 -0.804
	  0.898	  0.049	  0.436
	  0.245	 -0.881	 -0.404

6 	  46.69	  14.08	 -20.11
	  0.422	  0.567	 -0.707
	 -0.890	  0.411	 -0.198
	  0.182	  0.712	  0.677

7 	  37.41	  -5.89	  -5.96
	  0.289	 -0.528	 -0.799
	  0.054	  0.842	 -0.537
	  0.956	  0.111	  0.272

8 	  42.29	  -9.46	 -14.66
	  0.259	 -0.008	 -0.966
	 -0.941	  0.222	 -0.254
	  0.216	  0.975	  0.050

9 	  43.68	  -6.03	 -24.89
	  0.265	  0.066	 -0.962
	  0.490	  0.851	  0.190
	  0.833	 -0.519	  0.191

2 	  33.12	  -8.37	  22.71
	  0.242	  0.953	 -0.183
	 -0.970	  0.237	 -0.050
	 -0.004	  0.189	  0.982

3 	  44.84	  -1.88	  -1.62
	  0.657	  0.184	  0.730
	 -0.136	  0.982	 -0.126
	 -0.741	 -0.016	  0.671

4 	  38.39	   3.46	  -5.48
	  0.450	  0.725	 -0.520
	 -0.358	  0.679	  0.640
	  0.819	 -0.103	  0.564

5 	  43.72	  10.63	 -10.72
	  0.362	  0.443	 -0.820
	  0.908	  0.031	  0.418
	  0.212	 -0.896	 -0.391

6 	  46.63	  13.52	 -20.50
	  0.424	  0.538	 -0.728
	 -0.880	  0.435	 -0.188
	  0.219	  0.721	  0.657

7 	  37.37	  -5.87	  -5.96
	  0.285	 -0.525	 -0.802
	  0.051	  0.844	 -0.534
	  0.957	  0.112	  0.267

8 	  42.28	  -9.32	 -14.70
	  0.257	  0.004	 -0.966
	 -0.943	  0.221	 -0.250
	  0.212	  0.975	  0.060

9 	  43.65	  -5.78	 -24.89
	  0.263	  0.080	 -0.962
	  0.484	  0.852	  0.199
	  0.836	 -0.515	  0.185

2 	  33.12	  -8.37	  22.71
	  0.242	  0.953	 -0.183
	 -0.970	  0.237	 -0.050
	 -0.004	  0.189	  0.982

3 	  44.82	  -1.83	  -1.63
	  0.655	  0.188	  0.731
	 -0.145	  0.981	 -0.124
	 -0.741	 -0.025	  0.670

4 	  38.32	   3.52	  -5.47
	  0.448	  0.722	 -0.527
	 -0.345	  0.682	  0.645
	  0.826	 -0.107	  0.553

5 	  43.70	  10.48	 -10.92
	  0.354	  0.419	 -0.836
	  0.918	  0.014	  0.395
	  0.178	 -0.907	 -0.380

6 	  46.42	  13.13	 -20.85
	  0.416	  0.516	 -0.748
	 -0.875	  0.453	 -0.172
	  0.254	  0.726	  0.639

7 	  37.41	  -5.82	  -5.99
	  0.289	 -0.520	 -0.803
	  0.046	  0.846	 -0.531
	  0.956	  0.116	  0.269

8 	  42.38	  -9.14	 -14.71
	  0.263	  0.014	 -0.965
	 -0.943	  0.214	 -0.254
	  0.203	  0.976	  0.069

9 	  43.75	  -5.55	 -24.87
	  0.266	  0.086	 -0.960
	  0.480	  0.852	  0.205
	  0.838	 -0.514	  0.184

2 	  33.12	  -8.37	  22.71
	  0.242	  0.953	 -0.183
	 -0.970	  0.237	 -0.050
	 -0.004	  0.189	  0.982

3 	  44.84	  -1.78	  -1.62
	  0.652	  0.190	  0.734
	 -0.151	  0.981	 -0.121
	 -0.744	 -0.031	  0.668

4 	  38.36	   3.53	  -5.47
	  0.448	  0.719	 -0.531
	 -0.339	  0.685	  0.645
	  0.828	 -0.109	  0.550

5 	  43.73	  10.34	 -11.07
	  0.349	  0.400	 -0.848
	  0.923	  0.010	  0.384
	  0.162	 -0.916	 -0.366

6 	  46.35	  12.83	 -21.06
	  0.411	  0.503	 -0.761
	 -0.872	  0.461	 -0.164
	  0.273	  0.730	  0.626

7 	  37.48	  -5.78	  -6.03
	  0.294	 -0.518	 -0.803
	  0.048	  0.847	 -0.529
	  0.954	  0.117	  0.274

8 	  42.52	  -9.07	 -14.73
	  0.268	  0.018	 -0.963
	 -0.943	  0.210	 -0.258
	  0.198	  0.977	  0.074

9 	  43.93	  -5.43	 -24.86
	  0.271	  0.089	 -0.958
	  0.476	  0.854	  0.210
	  0.839	 -0.511	  0.188

2 	  33.12	  -8.37	  22.71
	  0.242	  0.953	 -0.183
	 -0.970	  0.237	 -0.050
	 -0.004	  0.189	  0.982

3 	  44.89	  -1.76	  -1.58
	  0.643	  0.193	  0.741
	 -0.156	  0.980	 -0.122
	 -0.750	 -0.036	  0.660

4 	  38.41	   3.50	  -5.45
	  0.449	  0.713	 -0.538
	 -0.330	  0.691	  0.642
	  0.831	 -0.111	  0.545

5 	  43.80	  10.14	 -11.23
	  0.343	  0.380	 -0.859
	  0.928	  0.005	  0.373
	  0.147	 -0.925	 -0.351

6 	  46.30	  12.45	 -21.30
	  0.407	  0.485	 -0.774
	 -0.868	  0.470	 -0.159
	  0.292	  0.736	  0.610

7 	  37.53	  -5.84	  -6.03
	  0.300	 -0.519	 -0.801
	  0.049	  0.846	 -0.530
	  0.953	  0.120	  0.279

8 	  42.70	  -9.12	 -14.68
	  0.276	  0.018	 -0.961
	 -0.942	  0.204	 -0.267
	  0.191	  0.978	  0.074

9 	  44.16	  -5.47	 -24.77
	  0.281	  0.088	 -0.956
	  0.471	  0.856	  0.212
	  0.839	 -0.507	  0.198

2 	  33.12	  -8.37	  22.71
	  0.242	  0.953	 -0.183
	 -0.970	  0.237	 -0.050
	 -0.004	  0.189	  0.982

3 	  44.93	  -1.79	  -1.56
	  0.638	  0.197	  0.744
	 -0.157	  0.979	 -0.126
	 -0.754	 -0.036	  0.655

4 	  38.44	   3.45	  -5.48
	  0.451	  0.707	 -0.545
	 -0.323	  0.697	  0.640
	  0.833	 -0.113	  0.542

5 	  43.86	  10.02	 -11.32
	  0.342	  0.369	 -0.864
	  0.929	  0.003	  0.369
	  0.139	 -0.929	 -0.342

6 	  46.32	  12.27	 -21.41
	  0.407	  0.478	 -0.779
	 -0.865	  0.475	 -0.158
	  0.300	  0.738	  0.604

7 	  37.60	  -5.87	  -6.03
	  0.301	 -0.521	 -0.798
	  0.052	  0.845	 -0.532
	  0.952	  0.119	  0.281

8 	  42.73	  -9.18	 -14.64
	  0.278	  0.014	 -0.960
	 -0.942	  0.202	 -0.270
	  0.190	  0.979	  0.070

9 	  44.23	  -5.59	 -24.77
	  0.282	  0.081	 -0.956
	  0.471	  0.857	  0.207
	  0.838	 -0.506	  0.203

2 	  33.12	  -8.37	  22.71
	  0.242	  0.953	 -0.183
	 -0.970	  0.237	 -0.050
	 -0.004	  0.189	  0.982

3 	  44.96	  -1.79	  -1.53
	  0.633	  0.198	  0.748
	 -0.159	  0.979	 -0.126
	 -0.758	 -0.038	  0.651

4 	  38.48	   3.45	  -5.47
	  0.451	  0.705	 -0.547
	 -0.320	  0.699	  0.639
	  0.834	 -0.113	  0.540

5 	  43.88	   9.86	 -11.44
	  0.332	  0.353	 -0.875
	  0.935	 -0.003	  0.353
	  0.123	 -0.935	 -0.332

6 	  46.16	  11.88	 -21.69
	  0.399	  0.458	 -0.794
	 -0.861	  0.486	 -0.148
	  0.324	  0.743	  0.586

7 	  37.67	  -5.85	  -6.03
	  0.306	 -0.521	 -0.797
	  0.052	  0.845	 -0.532
	  0.951	  0.121	  0.285

8 	  42.84	  -9.14	 -14.62
	  0.282	  0.015	 -0.959
	 -0.941	  0.198	 -0.274
	  0.186	  0.980	  0.070

9 	  44.35	  -5.57	 -24.75
	  0.285	  0.082	 -0.955
	  0.468	  0.858	  0.209
	  0.838	 -0.505	  0.204

2 	  33.12	  -8.37	  22.71
	  0.242	  0.953	 -0.183
	 -0.970	  0.237	 -0.050
	 -0.004	  0.189	  0.982

3 	  44.98	  -1.79	  -1.51
	  0.625	  0.201	  0.754
	 -0.160	  0.978	 -0.130
	 -0.765	 -0.039	  0.643

4 	  38.48	   3.43	  -5.45
	  0.447	  0.705	 -0.551
	 -0.318	  0.699	  0.639
	  0.836	 -0.111	  0.536

5 	  43.82	   9.83	 -11.53
	  0.327	  0.346	 -0.879
	  0.937	 -0.003	  0.348
	  0.118	 -0.938	 -0.326

6 	  46.09	  11.74	 -21.78
	  0.395	  0.453	 -0.800
	 -0.860	  0.489	 -0.144
	  0.331	  0.744	  0.580

7 	  37.67	  -5.89	  -6.03
	  0.307	 -0.521	 -0.796
	  0.050	  0.844	 -0.533
	  0.950	  0.124	  0.286

8 	  42.89	  -9.23	 -14.61
	  0.284	  0.012	 -0.958
	 -0.941	  0.194	 -0.276
	  0.183	  0.981	  0.067

9 	  44.42	  -5.68	 -24.71
	  0.289	  0.078	 -0.954
	  0.466	  0.860	  0.208
	  0.839	 -0.502	  0.210

2 	  33.12	  -8.37	  22.71
	  0.242	  0.953	 -0.183
	 -0.970	  0.237	 -0.050
	 -0.004	  0.189	  0.982

3 	  44.96	  -1.83	  -1.49
	  0.623	  0.201	  0.756
	 -0.158	  0.979	 -0.131
	 -0.767	 -0.038	  0.641

4 	  38.50	   3.41	  -5.47
	  0.448	  0.704	 -0.550
	 -0.318	  0.699	  0.640
	  0.836	 -0.112	  0.537

5 	  43.95	   9.77	 -11.48
	  0.335	  0.348	 -0.875
	  0.935	 -0.008	  0.354
	  0.116	 -0.937	 -0.328

6 	  46.27	  11.72	 -21.71
	  0.403	  0.452	 -0.796
	 -0.857	  0.493	 -0.151
	  0.329	  0.742	  0.583

7 	  37.71	  -5.94	  -6.03
	  0.310	 -0.523	 -0.794
	  0.050	  0.843	 -0.536
	  0.949	  0.126	  0.287

8 	  42.96	  -9.30	 -14.54
	  0.289	  0.008	 -0.957
	 -0.941	  0.190	 -0.282
	  0.179	  0.982	  0.063

9 	  44.54	  -5.77	 -24.71
	  0.291	  0.076	 -0.954
	  0.461	  0.863	  0.205
	  0.840	 -0.497	  0.216

2 	  33.12	  -8.37	  22.71
	  0.242	  0.953	 -0.183
	 -0.970	  0.237	 -0.050
	 -0.004	  0.189	  0.982

3 	  45.00	  -1.85	  -1.48
	  0.619	  0.203	  0.758
	 -0.161	  0.978	 -0.132
	 -0.769	 -0.040	  0.638

4 	  38.53	   3.39	  -5.48
	  0.450	  0.703	 -0.551
	 -0.318	  0.701	  0.638
	  0.835	 -0.113	  0.538

5 	  44.00	   9.70	 -11.51
	  0.337	  0.340	 -0.878
	  0.935	 -0.013	  0.353
	  0.109	 -0.940	 -0.322

6 	  46.30	  11.62	 -21.73
	  0.403	  0.448	 -0.798
	 -0.855	  0.496	 -0.151
	  0.334	  0.742	  0.581

7 	  37.78	  -5.96	  -6.03
	  0.317	 -0.522	 -0.792
	  0.048	  0.842	 -0.536
	  0.947	  0.132	  0.292

8 	  43.12	  -9.30	 -14.50
	  0.296	  0.010	 -0.955
	 -0.939	  0.185	 -0.289
	  0.174	  0.982	  0.064

9 	  44.74	  -5.73	 -24.66
	  0.297	  0.078	 -0.952
	  0.455	  0.865	  0.209
	  0.842	 -0.493	  0.220

2 	  33.12	  -8.37	  22.71
	  0.242	  0.953	 -0.183
	 -0.970	  0.237	 -0.051
	 -0.004	  0.189	  0.982

3 	  45.04	  -1.86	  -1.44
	  0.613	  0.205	  0.763
	 -0.163	  0.977	 -0.134
	 -0.774	 -0.042	  0.632

4 	  38.60	   3.38	  -5.47
	  0.453	  0.703	 -0.548
	 -0.321	  0.701	  0.636
	  0.832	 -0.113	  0.542

5 	  44.09	   9.69	 -11.48
	  0.342	  0.339	 -0.876
	  0.933	 -0.017	  0.358
	  0.107	 -0.941	 -0.322

6 	  46.48	  11.57	 -21.67
	  0.411	  0.445	 -0.795
	 -0.852	  0.500	 -0.156
	  0.333	  0.741	  0.583

7 	  37.81	  -5.98	  -6.05
	  0.319	 -0.521	 -0.791
	  0.049	  0.843	 -0.536
	  0.946	  0.133	  0.295

8 	  43.24	  -9.33	 -14.47
	  0.304	  0.007	 -0.953
	 -0.937	  0.184	 -0.297
	  0.173	  0.983	  0.062

9 	  44.91	  -5.82	 -24.61
	  0.306	  0.076	 -0.949
	  0.452	  0.866	  0.211
	  0.840	 -0.491	  0.228

2 	  33.12	  -8.37	  22.69
	  0.242	  0.953	 -0.183
	 -0.970	  0.237	 -0.050
	 -0.004	  0.189	  0.982

3 	  45.07	  -1.85	  -1.42
	  0.608	  0.205	  0.766
	 -0.163	  0.977	 -0.134
	 -0.777	 -0.043	  0.628

4 	  38.64	   3.38	  -5.48
	  0.453	  0.704	 -0.547
	 -0.324	  0.700	  0.636
	  0.831	 -0.112	  0.544

5 	  44.16	   9.70	 -11.46
	  0.345	  0.340	 -0.875
	  0.932	 -0.017	  0.361
	  0.108	 -0.940	 -0.323

6 	  46.55	  11.57	 -21.64
	  0.414	  0.446	 -0.794
	 -0.851	  0.501	 -0.158
	  0.332	  0.740	  0.584

7 	  37.90	  -5.98	  -6.05
	  0.325	 -0.521	 -0.789
	  0.049	  0.842	 -0.536
	  0.944	  0.135	  0.299

8 	  43.35	  -9.33	 -14.45
	  0.309	  0.005	 -0.951
	 -0.936	  0.180	 -0.303
	  0.170	  0.983	  0.060

9 	  45.07	  -5.87	 -24.56
	  0.310	  0.073	 -0.948
	  0.448	  0.869	  0.209
	  0.841	 -0.487	  0.235

2 	  33.12	  -8.37	  22.69
	  0.242	  0.953	 -0.183
	 -0.970	  0.237	 -0.051
	 -0.004	  0.189	  0.982

3 	  45.11	  -1.83	  -1.39
	  0.605	  0.205	  0.769
	 -0.166	  0.977	 -0.131
	 -0.779	 -0.048	  0.625

4 	  38.65	   3.39	  -5.47
	  0.451	  0.710	 -0.541
	 -0.331	  0.695	  0.638
	  0.830	 -0.109	  0.547

5 	  44.17	   9.77	 -11.34
	  0.349	  0.346	 -0.871
	  0.930	 -0.014	  0.367
	  0.115	 -0.938	 -0.327

6 	  46.63	  11.74	 -21.52
	  0.416	  0.454	 -0.788
	 -0.853	  0.496	 -0.161
	  0.323	  0.738	  0.592

7 	  37.95	  -5.98	  -6.06
	  0.328	 -0.519	 -0.789
	  0.048	  0.843	 -0.535
	  0.943	  0.138	  0.302

8 	  43.47	  -9.37	 -14.40
	  0.316	  0.002	 -0.948
	 -0.933	  0.180	 -0.311
	  0.170	  0.983	  0.059

9 	  45.25	  -5.91	 -24.52
	  0.318	  0.070	 -0.946
	  0.446	  0.870	  0.210
	  0.839	 -0.487	  0.243

2 	  33.12	  -8.37	  22.69
	  0.242	  0.953	 -0.183
	 -0.970	  0.237	 -0.051
	 -0.004	  0.189	  0.982

3 	  45.12	  -1.81	  -1.34
	  0.601	  0.203	  0.773
	 -0.171	  0.977	 -0.126
	 -0.781	 -0.056	  0.621

4 	  38.62	   3.45	  -5.41
	  0.442	  0.724	 -0.530
	 -0.346	  0.681	  0.645
	  0.828	 -0.102	  0.550

5 	  44.16	  10.09	 -11.07
	  0.357	  0.373	 -0.856
	  0.923	 -0.004	  0.384
	  0.141	 -0.927	 -0.346

6 	  46.71	  12.36	 -21.13
	  0.419	  0.483	 -0.769
	 -0.862	  0.479	 -0.166
	  0.294	  0.731	  0.615

7 	  37.95	  -5.96	  -6.08
	  0.332	 -0.517	 -0.789
	  0.046	  0.844	 -0.534
	  0.942	  0.141	  0.304

8 	  43.63	  -9.44	 -14.34
	  0.332	 -0.010	 -0.943
	 -0.927	  0.182	 -0.329
	  0.175	  0.983	  0.051

9 	  45.65	  -6.12	 -24.38
	  0.339	  0.056	 -0.939
	  0.449	  0.868	  0.209
	  0.829	 -0.490	  0.267

2 	  33.12	  -8.37	  22.71
	  0.242	  0.953	 -0.183
	 -0.970	  0.237	 -0.050
	 -0.004	  0.189	  0.982

3 	  45.11	  -1.72	  -1.32
	  0.599	  0.200	  0.775
	 -0.177	  0.977	 -0.118
	 -0.782	 -0.066	  0.620

4 	  38.62	   3.59	  -5.34
	  0.432	  0.743	 -0.511
	 -0.367	  0.662	  0.654
	  0.825	 -0.095	  0.557

5 	  44.09	  10.69	 -10.58
	  0.372	  0.422	 -0.826
	  0.909	  0.014	  0.417
	  0.188	 -0.906	 -0.379

6 	  46.93	  13.55	 -20.25
	  0.428	  0.536	 -0.727
	 -0.873	  0.452	 -0.180
	  0.236	  0.712	  0.660

7 	  37.99	  -5.92	  -6.12
	  0.336	 -0.516	 -0.788
	  0.045	  0.844	 -0.534
	  0.941	  0.143	  0.307

8 	  43.84	  -9.63	 -14.17
	  0.358	 -0.033	 -0.933
	 -0.913	  0.197	 -0.357
	  0.196	  0.980	  0.040

9 	  46.16	  -6.49	 -24.15
	  0.364	  0.042	 -0.931
	  0.466	  0.858	  0.215
	  0.809	 -0.509	  0.292

2 	  33.12	  -8.37	  22.71
	  0.242	  0.953	 -0.183
	 -0.970	  0.237	 -0.050
	 -0.004	  0.189	  0.982

3 	  45.12	  -1.67	  -1.27
	  0.598	  0.196	  0.777
	 -0.179	  0.977	 -0.110
	 -0.782	 -0.072	  0.619

4 	  38.60	   3.76	  -5.24
	  0.412	  0.771	 -0.485
	 -0.400	  0.630	  0.666
	  0.819	 -0.081	  0.567

5 	  44.05	  11.51	  -9.54
	  0.395	  0.507	 -0.766
	  0.882	  0.022	  0.469
	  0.257	 -0.861	 -0.439

6 	  47.32	  15.36	 -18.72
	  0.442	  0.619	 -0.650
	 -0.885	  0.420	 -0.199
	  0.152	  0.663	  0.733

7 	  38.04	  -5.87	  -6.15
	  0.337	 -0.520	 -0.785
	  0.054	  0.843	 -0.535
	  0.940	  0.138	  0.312

8 	  44.00	  -9.97	 -13.92
	  0.384	 -0.070	 -0.921
	 -0.896	  0.210	 -0.390
	  0.221	  0.975	  0.018

9 	  46.63	  -7.10	 -23.89
	  0.392	  0.018	 -0.920
	  0.475	  0.854	  0.213
	  0.792	 -0.517	  0.324

2 	  33.12	  -8.37	  22.71
	  0.242	  0.953	 -0.183
	 -0.970	  0.237	 -0.050
	 -0.004	  0.189	  0.982

3 	  45.11	  -1.58	  -1.21
	  0.599	  0.187	  0.778
	 -0.175	  0.979	 -0.102
	 -0.782	 -0.075	  0.619

4 	  38.58	   3.96	  -5.13
	  0.405	  0.796	 -0.450
	 -0.438	  0.599	  0.670
	  0.804	 -0.074	  0.590

5 	  44.14	  12.27	  -8.37
	  0.428	  0.592	 -0.683
	  0.851	 -0.009	  0.525
	  0.306	 -0.805	 -0.507

6 	  47.97	  17.17	 -16.70
	  0.470	  0.694	 -0.546
	 -0.880	  0.421	 -0.220
	  0.078	  0.583	  0.808

7 	  38.00	  -5.91	  -6.15
	  0.337	 -0.534	 -0.776
	  0.070	  0.835	 -0.545
	  0.939	  0.129	  0.319

8 	  44.21	 -10.74	 -13.36
	  0.429	 -0.140	 -0.892
	 -0.864	  0.226	 -0.451
	  0.265	  0.964	 -0.024

9 	  47.58	  -8.44	 -23.17
	  0.446	 -0.026	 -0.895
	  0.489	  0.845	  0.214
	  0.754	 -0.530	  0.388

2 	  33.12	  -8.37	  22.71
	  0.242	  0.953	 -0.183
	 -0.970	  0.237	 -0.050
	 -0.004	  0.189	  0.982

3 	  45.05	  -1.53	  -1.14
	  0.607	  0.180	  0.774
	 -0.167	  0.981	 -0.099
	 -0.778	 -0.069	  0.625

4 	  38.55	   4.08	  -5.12
	  0.408	  0.809	 -0.422
	 -0.469	  0.581	  0.665
	  0.784	 -0.074	  0.616

5 	  44.28	  12.87	  -7.01
	  0.463	  0.669	 -0.582
	  0.815	 -0.062	  0.576
	  0.351	 -0.740	 -0.574

6 	  48.66	  18.67	 -14.34
	  0.502	  0.755	 -0.422
	 -0.865	  0.445	 -0.233
	  0.011	  0.482	  0.876

7 	  38.02	  -6.06	  -6.08
	  0.346	 -0.575	 -0.741
	  0.113	  0.810	 -0.576
	  0.931	  0.115	  0.345

8 	  44.56	 -12.15	 -12.11
	  0.496	 -0.273	 -0.824
	 -0.802	  0.220	 -0.555
	  0.334	  0.936	 -0.110

9 	  48.92	 -11.30	 -21.55
	  0.528	 -0.152	 -0.835
	  0.531	  0.828	  0.181
	  0.667	 -0.536	  0.517

2 	  33.12	  -8.37	  22.71
	  0.242	  0.953	 -0.183
	 -0.970	  0.237	 -0.051
	 -0.004	  0.189	  0.982

3 	  45.07	  -1.53	  -1.05
	  0.607	  0.173	  0.775
	 -0.145	  0.983	 -0.107
	 -0.781	 -0.047	  0.622

4 	  38.67	   4.15	  -5.08
	  0.411	  0.830	 -0.378
	 -0.520	  0.552	  0.652
	  0.750	 -0.071	  0.657

5 	  44.35	  13.38	  -5.13
	  0.486	  0.758	 -0.435
	  0.775	 -0.143	  0.616
	  0.407	 -0.635	 -0.656

6 	  49.18	  20.43	 -10.97
	  0.513	  0.821	 -0.251
	 -0.856	  0.464	 -0.229
	 -0.073	  0.331	  0.940

7 	  38.13	  -6.24	  -5.98
	  0.348	 -0.630	 -0.695
	  0.188	  0.772	 -0.607
	  0.919	  0.080	  0.387

8 	  44.44	 -13.90	 -10.35
	  0.525	 -0.461	 -0.715
	 -0.729	  0.192	 -0.657
	  0.442	  0.865	 -0.235

9 	  49.48	 -15.36	 -19.18
	  0.575	 -0.359	 -0.736
	  0.613	  0.784	  0.093
	  0.548	 -0.501	  0.669

2 	  33.12	  -8.37	  22.71
	  0.242	  0.953	 -0.183
	 -0.970	  0.237	 -0.050
	 -0.004	  0.189	  0.982

3 	  45.11	  -1.53	  -0.93
	  0.597	  0.152	  0.788
	 -0.113	  0.988	 -0.106
	 -0.795	 -0.026	  0.606

4 	  38.78	   4.39	  -5.01
	  0.415	  0.856	 -0.308
	 -0.581	  0.509	  0.634
	  0.701	 -0.084	  0.708

5 	  44.19	  13.85	  -2.87
	  0.487	  0.837	 -0.249
	  0.730	 -0.232	  0.642
	  0.482	 -0.494	 -0.723

6 	  49.27	  22.01	  -6.43
	  0.500	  0.865	 -0.031
	 -0.849	  0.482	 -0.215
	 -0.174	  0.133	  0.975

7 	  38.11	  -6.31	  -5.87
	  0.343	 -0.709	 -0.615
	  0.322	  0.704	 -0.633
	  0.882	  0.019	  0.469

8 	  43.80	 -15.68	  -7.42
	  0.524	 -0.680	 -0.513
	 -0.628	  0.101	 -0.772
	  0.578	  0.725	 -0.373

9 	  49.36	 -20.36	 -14.26
	  0.593	 -0.629	 -0.504
	  0.722	  0.692	 -0.017
	  0.363	 -0.352	  0.862

2 	  33.12	  -8.37	  22.71
	  0.242	  0.953	 -0.183
	 -0.970	  0.237	 -0.050
	 -0.004	  0.189	  0.982

3 	  45.14	  -1.49	  -0.70
	  0.577	  0.113	  0.808
	 -0.046	  0.993	 -0.107
	 -0.815	  0.025	  0.578

4 	  38.94	   4.68	  -4.90
	  0.414	  0.879	 -0.236
	 -0.643	  0.465	  0.609
	  0.646	 -0.100	  0.756

5 	  43.93	  13.83	  -0.16
	  0.470	  0.882	 -0.023
	  0.683	 -0.346	  0.643
	  0.562	 -0.318	 -0.764

6 	  49.17	  22.68	  -1.12
	  0.466	  0.857	  0.217
	 -0.846	  0.502	 -0.182
	 -0.271	 -0.100	  0.957

7 	  38.11	  -6.61	  -5.54
	  0.325	 -0.825	 -0.463
	  0.526	  0.563	 -0.637
	  0.786	 -0.037	  0.616

8 	  42.98	 -16.79	  -3.18
	  0.512	 -0.834	 -0.208
	 -0.517	 -0.105	 -0.849
	  0.688	  0.541	 -0.483

9 	  48.85	 -23.82	  -6.56
	  0.579	 -0.805	 -0.131
	  0.799	  0.592	 -0.106
	  0.165	 -0.043	  0.985

2 	  33.12	  -8.37	  22.71
	  0.242	  0.953	 -0.183
	 -0.970	  0.237	 -0.051
	 -0.004	  0.189	  0.982

3 	  45.19	  -1.62	  -0.51
	  0.563	  0.084	  0.822
	  0.009	  0.994	 -0.108
	 -0.826	  0.068	  0.559

4 	  39.22	   5.01	  -4.71
	  0.420	  0.898	 -0.128
	 -0.708	  0.412	  0.573
	  0.569	 -0.149	  0.808

5 	  43.66	  13.01	   2.87
	  0.461	  0.851	  0.249
	  0.589	 -0.502	  0.633
	  0.666	 -0.145	 -0.732

6 	  49.13	  21.64	   5.10
	  0.424	  0.761	  0.491
	 -0.813	  0.558	 -0.167
	 -0.407	 -0.328	  0.852

7 	  38.21	  -7.10	  -5.15
	  0.296	 -0.916	 -0.271
	  0.666	  0.401	 -0.629
	  0.685	  0.005	  0.728

8 	  42.19	 -16.38	   1.65
	  0.477	 -0.858	  0.188
	 -0.400	 -0.402	 -0.823
	  0.783	  0.318	 -0.534

9 	  47.85	 -24.35	   2.72
	  0.521	 -0.795	  0.311
	  0.854	  0.484	 -0.189
	 -0.002	  0.364	  0.931

2 	  33.12	  -8.37	  22.71
	  0.242	  0.953	 -0.183
	 -0.970	  0.237	 -0.051
	 -0.005	  0.189	  0.982

3 	  45.26	  -1.62	  -0.25
	  0.532	  0.078	  0.843
	  0.025	  0.994	 -0.109
	 -0.846	  0.079	  0.527

4 	  39.60	   5.41	  -4.39
	  0.424	  0.905	  0.020
	 -0.771	  0.349	  0.532
	  0.476	 -0.240	  0.846

5 	  43.35	  11.87	   5.24
	  0.433	  0.768	  0.471
	  0.497	 -0.639	  0.587
	  0.753	 -0.021	 -0.658

6 	  48.69	  19.81	   9.88
