2 	  33.13	  -6.98	  22.85
	  0.676	  0.736	 -0.019
	 -0.737	  0.675	 -0.025
	 -0.004	  0.031	  0.999

3 	  45.62	  -1.20	   0.14
	  0.558	  0.281	  0.781
	 -0.245	  0.954	 -0.171
	 -0.794	 -0.095	  0.600

4 	  41.47	   4.96	  -3.11
	  0.659	  0.736	 -0.156
	 -0.635	  0.653	  0.412
	  0.406	 -0.173	  0.897

5 	  44.98	   6.08	   8.49
	  0.387	 -0.188	  0.903
	 -0.846	 -0.462	  0.266
	  0.368	 -0.867	 -0.337

6 	  48.13	  -2.87	   5.80
	  0.112	 -0.950	 -0.292
	  0.083	 -0.285	  0.955
	 -0.990	 -0.131	  0.047

7 	  41.54	  -7.05	  -2.72
	  0.647	 -0.746	 -0.157
	  0.636	  0.641	 -0.430
	  0.423	  0.178	  0.888

8 	  45.40	  -8.70	   7.80
	  0.494	  0.095	  0.864
	  0.809	 -0.414	 -0.417
	  0.319	  0.905	 -0.282

9 	  49.39	   0.44	   7.33
	  0.217	  0.964	 -0.151
	 -0.206	 -0.109	 -0.973
	 -0.955	  0.241	  0.174

2 	  33.13	  -6.98	  22.85
	  0.677	  0.736	 -0.019
	 -0.737	  0.675	 -0.025
	 -0.004	  0.031	  0.999

3 	  45.62	  -1.21	   0.16
	  0.555	  0.283	  0.782
	 -0.244	  0.954	 -0.174
	 -0.796	 -0.093	  0.598

4 	  41.50	   4.94	  -3.11
	  0.661	  0.734	 -0.155
	 -0.634	  0.655	  0.411
	  0.405	 -0.174	  0.897

5 	  44.98	   6.06	   8.49
	  0.386	 -0.188	  0.903
	 -0.846	 -0.462	  0.265
	  0.368	 -0.867	 -0.336

6 	  48.13	  -2.88	   5.80
	  0.111	 -0.950	 -0.292
	  0.083	 -0.285	  0.955
	 -0.990	 -0.130	  0.047

7 	  41.54	  -7.05	  -2.72
	  0.646	 -0.747	 -0.157
	  0.637	  0.640	 -0.429
	  0.422	  0.178	  0.889

8 	  45.40	  -8.70	   7.80
	  0.494	  0.095	  0.864
	  0.809	 -0.414	 -0.417
	  0.319	  0.905	 -0.281

9 	  49.38	   0.44	   7.33
	  0.217	  0.964	 -0.152
	 -0.205	 -0.109	 -0.973
	 -0.955	  0.241	  0.173

2 	  33.13	  -6.98	  22.85
	  0.676	  0.736	 -0.020
	 -0.737	  0.675	 -0.024
	 -0.003	  0.031	  0.999

3 	  45.62	  -1.21	   0.16
	  0.555	  0.283	  0.781
	 -0.245	  0.954	 -0.174
	 -0.796	 -0.093	  0.599

4 	  41.50	   4.94	  -3.11
	  0.660	  0.735	 -0.154
	 -0.635	  0.654	  0.411
	  0.405	 -0.174	  0.897

5 	  44.98	   6.08	   8.49
	  0.386	 -0.188	  0.903
	 -0.846	 -0.463	  0.265
	  0.369	 -0.866	 -0.337

6 	  48.13	  -2.88	   5.80
	  0.112	 -0.950	 -0.292
	  0.084	 -0.285	  0.955
	 -0.990	 -0.131	  0.048

7 	  41.54	  -7.05	  -2.72
	  0.646	 -0.747	 -0.159
	  0.636	  0.641	 -0.429
	  0.423	  0.176	  0.888

8 	  45.39	  -8.70	   7.80
	  0.494	  0.094	  0.864
	  0.809	 -0.414	 -0.417
	  0.319	  0.905	 -0.281

9 	  49.38	   0.44	   7.33
	  0.217	  0.964	 -0.150
	 -0.204	 -0.108	 -0.973
	 -0.955	  0.241	  0.173

2 	  33.13	  -6.98	  22.85
	  0.676	  0.736	 -0.019
	 -0.737	  0.675	 -0.025
	 -0.004	  0.031	  0.999

3 	  45.62	  -1.20	   0.12
	  0.562	  0.278	  0.779
	 -0.242	  0.955	 -0.169
	 -0.792	 -0.093	  0.603

4 	  41.52	   4.99	  -3.08
	  0.662	  0.734	 -0.150
	 -0.632	  0.653	  0.417
	  0.405	 -0.181	  0.896

5 	  45.02	   6.06	   8.53
	  0.384	 -0.191	  0.903
	 -0.847	 -0.461	  0.262
	  0.367	 -0.866	 -0.338

6 	  48.13	  -2.88	   5.78
	  0.109	 -0.950	 -0.293
	  0.079	 -0.287	  0.955
	 -0.991	 -0.128	  0.043

7 	  41.52	  -7.03	  -2.78
	  0.644	 -0.747	 -0.164
	  0.637	  0.641	 -0.428
	  0.426	  0.171	  0.888

8 	  45.39	  -8.70	   7.79
	  0.494	  0.094	  0.864
	  0.807	 -0.420	 -0.415
	  0.325	  0.902	 -0.283

9 	  49.41	   0.44	   7.35
	  0.224	  0.963	 -0.147
	 -0.202	 -0.105	 -0.974
	 -0.954	  0.247	  0.170

2 	  33.13	  -6.96	  22.85
	  0.676	  0.736	 -0.019
	 -0.737	  0.675	 -0.025
	 -0.004	  0.031	  0.999

3 	  45.62	  -1.16	   0.09
	  0.567	  0.276	  0.775
	 -0.243	  0.956	 -0.164
	 -0.787	 -0.095	  0.609

4 	  41.54	   5.03	  -3.08
	  0.662	  0.734	 -0.150
	 -0.631	  0.652	  0.419
	  0.408	 -0.183	  0.894

5 	  45.05	   6.06	   8.49
	  0.387	 -0.193	  0.902
	 -0.847	 -0.460	  0.265
	  0.365	 -0.866	 -0.340

6 	  48.15	  -2.88	   5.77
	  0.109	 -0.950	 -0.294
	  0.079	 -0.287	  0.954
	 -0.991	 -0.128	  0.044

7 	  41.52	  -7.01	  -2.79
	  0.644	 -0.746	 -0.168
	  0.636	  0.644	 -0.426
	  0.427	  0.167	  0.888

8 	  45.39	  -8.67	   7.75
	  0.493	  0.098	  0.864
	  0.807	 -0.422	 -0.412
	  0.325	  0.901	 -0.287

9 	  49.45	   0.44	   7.31
	  0.227	  0.962	 -0.148
	 -0.200	 -0.105	 -0.974
	 -0.954	  0.249	  0.168

2 	  33.13	  -6.98	  22.85
	  0.677	  0.736	 -0.019
	 -0.737	  0.675	 -0.025
	 -0.004	  0.031	  0.999

3 	  45.62	  -1.16	   0.09
	  0.568	  0.277	  0.775
	 -0.245	  0.955	 -0.163
	 -0.786	 -0.096	  0.610

4 	  41.48	   5.06	  -3.04
	  0.654	  0.740	 -0.156
	 -0.636	  0.648	  0.420
	  0.414	 -0.175	  0.893

5 	  45.11	   6.08	   8.44
	  0.395	 -0.188	  0.899
	 -0.844	 -0.461	  0.274
	  0.364	 -0.867	 -0.340

6 	  48.20	  -2.83	   5.73
	  0.096	 -0.954	 -0.284
	  0.068	 -0.279	  0.958
	 -0.993	 -0.111	  0.038

7 	  41.50	  -7.01	  -2.79
	  0.644	 -0.747	 -0.166
	  0.637	  0.642	 -0.425
	  0.426	  0.168	  0.889

8 	  45.05	  -8.47	   7.93
	  0.493	  0.134	  0.859
	  0.774	 -0.519	 -0.363
	  0.398	  0.844	 -0.359

9 	  49.85	   0.35	   7.65
	  0.328	  0.935	 -0.135
	 -0.127	 -0.101	 -0.987
	 -0.937	  0.340	  0.084

2 	  33.13	  -6.98	  22.83
	  0.676	  0.736	 -0.019
	 -0.737	  0.675	 -0.024
	 -0.004	  0.030	  0.999

3 	  45.54	  -1.16	   0.05
	  0.570	  0.280	  0.772
	 -0.251	  0.954	 -0.162
	 -0.783	 -0.101	  0.613

4 	  41.33	   5.06	  -2.97
	  0.624	  0.762	 -0.170
	 -0.653	  0.627	  0.424
	  0.432	 -0.154	  0.888

5 	  44.63	   5.78	   8.54
	  0.413	 -0.210	  0.886
	 -0.756	 -0.622	  0.203
	  0.510	 -0.753	 -0.415

6 	  48.97	  -2.27	   5.43
	  0.233	 -0.901	 -0.366
	  0.064	 -0.363	  0.930
	 -0.971	 -0.239	 -0.027

7 	  41.36	  -7.05	  -2.71
	  0.624	 -0.768	 -0.143
	  0.653	  0.613	 -0.445
	  0.431	  0.184	  0.883

8 	  44.35	  -7.98	   8.17
	  0.488	  0.152	  0.859
	  0.647	 -0.724	 -0.237
	  0.589	  0.671	 -0.450

9 	  51.50	  -1.42	   7.56
	  0.654	  0.736	 -0.174
	 -0.085	 -0.161	 -0.983
	 -0.754	  0.656	 -0.045

2 	  33.13	  -6.98	  22.85
	  0.676	  0.736	 -0.019
	 -0.737	  0.675	 -0.024
	 -0.004	  0.030	  0.999

3 	  45.49	  -1.11	   0.04
	  0.569	  0.282	  0.772
	 -0.241	  0.955	 -0.173
	 -0.787	 -0.087	  0.610

4 	  41.17	   5.15	  -2.85
	  0.576	  0.805	 -0.141
	 -0.704	  0.576	  0.415
	  0.417	 -0.140	  0.898

5 	  44.05	   5.50	   8.82
	  0.450	 -0.209	  0.868
	 -0.594	 -0.797	  0.114
	  0.670	 -0.566	 -0.481

6 	  50.15	  -0.09	   4.61
	  0.477	 -0.702	 -0.528
	  0.286	 -0.448	  0.847
	 -0.833	 -0.553	 -0.013

7 	  41.26	  -7.03	  -2.67
	  0.577	 -0.808	 -0.118
	  0.693	  0.559	 -0.455
	  0.436	  0.181	  0.882

8 	  43.52	  -7.84	   8.42
	  0.457	  0.096	  0.884
	  0.418	 -0.901	 -0.116
	  0.786	  0.422	 -0.450

9 	  52.42	  -4.96	   7.72
	  0.902	  0.386	 -0.193
	 -0.134	 -0.182	 -0.974
	 -0.414	  0.903	 -0.116

2 	  33.13	  -6.96	  22.85
	  0.676	  0.736	 -0.019
	 -0.737	  0.675	 -0.024
	 -0.004	  0.030	  0.999

3 	  45.58	  -1.12	   0.05
	  0.566	  0.273	  0.777
	 -0.211	  0.960	 -0.185
	 -0.797	 -0.058	  0.601

4 	  41.17	   5.15	  -2.72
	  0.530	  0.842	 -0.100
	 -0.758	  0.522	  0.391
	  0.383	 -0.131	  0.914

5 	  43.65	   5.38	   8.96
	  0.481	 -0.151	  0.863
	 -0.363	 -0.931	  0.037
	  0.799	 -0.330	 -0.502

6 	  51.08	   2.83	   4.61
	  0.691	 -0.432	 -0.579
	  0.440	 -0.391	  0.808
	 -0.581	 -0.810	 -0.082

7 	  41.27	  -7.08	  -2.58
	  0.533	 -0.841	 -0.097
	  0.729	  0.513	 -0.452
	  0.432	  0.169	  0.886

8 	  43.07	  -7.68	   8.60
	  0.446	  0.057	  0.893
	  0.193	 -0.980	 -0.032
	  0.874	  0.186	 -0.448

9 	  51.86	  -8.67	   6.66
	  0.941	 -0.020	 -0.337
	 -0.338	 -0.140	 -0.931
	 -0.030	  0.990	 -0.141

2 	  33.13	  -6.96	  22.83
	  0.676	  0.736	 -0.020
	 -0.737	  0.675	 -0.025
	 -0.003	  0.031	  0.999

3 	  45.65	  -1.18	   0.07
	  0.565	  0.274	  0.778
	 -0.190	  0.961	 -0.202
	 -0.803	 -0.033	  0.594

4 	  41.06	   5.04	  -2.71
	  0.448	  0.890	 -0.082
	 -0.831	  0.448	  0.329
	  0.331	 -0.079	  0.940

5 	  43.21	   5.29	   9.09
	  0.494	 -0.053	  0.868
	 -0.087	 -0.996	 -0.013
	  0.865	 -0.068	 -0.497

6 	  51.08	   5.64	   5.03
	  0.800	 -0.163	 -0.576
	  0.527	 -0.273	  0.804
	 -0.295	 -0.946	 -0.134

7 	  41.20	  -7.12	  -2.55
	  0.474	 -0.876	 -0.093
	  0.777	  0.464	 -0.426
	  0.417	  0.129	  0.899

8 	  42.89	  -7.47	   8.67
	  0.455	  0.003	  0.890
	 -0.057	 -0.998	  0.033
	  0.888	 -0.066	 -0.454

9 	  50.15	 -11.76	   5.68
	  0.800	 -0.388	 -0.458
	 -0.499	 -0.005	 -0.866
	  0.336	  0.921	 -0.196

2 	  33.13	  -6.96	  22.83
	  0.676	  0.736	 -0.020
	 -0.737	  0.675	 -0.024
	 -0.003	  0.031	  0.999

3 	  45.72	  -1.16	   0.00
	  0.578	  0.274	  0.768
	 -0.186	  0.961	 -0.204
	 -0.795	 -0.025	  0.606

4 	  40.90	   4.94	  -2.62
	  0.376	  0.923	 -0.085
	 -0.874	  0.383	  0.300
	  0.310	 -0.039	  0.950

5 	  42.77	   5.26	   9.16
	  0.479	  0.001	  0.877
	  0.054	 -0.998	 -0.029
	  0.876	  0.061	 -0.479

6 	  50.66	   6.82	   5.29
	  0.820	 -0.041	 -0.570
	  0.552	 -0.213	  0.806
	 -0.160	 -0.975	 -0.153

7 	  41.08	  -7.15	  -2.48
	  0.426	 -0.901	 -0.081
	  0.814	  0.420	 -0.400
	  0.396	  0.104	  0.912

8 	  42.80	  -7.44	   8.65
	  0.455	 -0.063	  0.888
	 -0.261	 -0.963	  0.065
	  0.851	 -0.261	 -0.455

9 	  48.52	 -13.46	   5.12
	  0.642	 -0.569	 -0.515
	 -0.560	  0.114	 -0.821
	  0.529	  0.812	 -0.244

2 	  33.13	  -6.98	  22.85
	  0.676	  0.736	 -0.019
	 -0.737	  0.675	 -0.025
	 -0.004	  0.031	  0.999

3 	  45.74	  -1.16	  -0.07
	  0.590	  0.267	  0.761
	 -0.182	  0.963	 -0.198
	 -0.787	 -0.021	  0.617

4 	  40.66	   4.82	  -2.58
	  0.307	  0.947	 -0.093
	 -0.901	  0.320	  0.294
	  0.309	 -0.006	  0.951

5 	  42.21	   5.24	   9.18
	  0.453	  0.058	  0.890
	  0.192	 -0.981	 -0.033
	  0.871	  0.186	 -0.455

6 	  49.94	   7.96	   5.55
	  0.823	  0.076	 -0.562
	  0.566	 -0.181	  0.804
	 -0.044	 -0.980	 -0.193

7 	  40.94	  -7.05	  -2.57
	  0.386	 -0.918	 -0.089
	  0.833	  0.388	 -0.394
	  0.397	  0.077	  0.914

8 	  42.50	  -7.58	   8.54
	  0.422	 -0.142	  0.895
	 -0.397	 -0.917	  0.041
	  0.815	 -0.372	 -0.443

9 	  47.27	 -14.40	   4.71
	  0.543	 -0.640	 -0.544
	 -0.578	  0.187	 -0.794
	  0.612	  0.743	 -0.267

2 	  33.13	  -6.98	  22.85
	  0.676	  0.736	 -0.019
	 -0.737	  0.675	 -0.025
	 -0.004	  0.031	  0.999

3 	  45.74	  -1.09	  -0.19
	  0.599	  0.267	  0.754
	 -0.192	  0.963	 -0.191
	 -0.778	 -0.029	  0.628

4 	  40.34	   4.75	  -2.60
	  0.234	  0.966	 -0.109
	 -0.917	  0.257	  0.306
	  0.324	  0.028	  0.945

5 	  41.50	   5.13	   9.16
	  0.410	  0.096	  0.907
	  0.296	 -0.954	 -0.032
	  0.863	  0.281	 -0.420

6 	  49.17	   8.63	   5.96
	  0.828	  0.162	 -0.535
	  0.559	 -0.182	  0.809
	  0.032	 -0.970	 -0.242

7 	  40.80	  -6.91	  -2.67
	  0.356	 -0.929	 -0.105
	  0.844	  0.367	 -0.391
	  0.403	  0.049	  0.914

8 	  41.80	  -7.93	   8.35
	  0.336	 -0.245	  0.909
	 -0.521	 -0.852	 -0.039
	  0.785	 -0.460	 -0.414

9 	  45.91	 -15.38	   4.73
	  0.483	 -0.699	 -0.527
	 -0.572	  0.206	 -0.794
	  0.666	  0.683	 -0.300

2 	  33.13	  -6.98	  22.83
	  0.676	  0.736	 -0.020
	 -0.737	  0.675	 -0.024
	 -0.003	  0.031	  0.999

3 	  45.63	  -0.97	  -0.33
	  0.608	  0.261	  0.749
	 -0.202	  0.964	 -0.174
	 -0.768	 -0.045	  0.638

4 	  40.10	   4.76	  -2.58
	  0.198	  0.973	 -0.116
	 -0.917	  0.226	  0.329
	  0.347	  0.041	  0.937

5 	  41.19	   5.06	   9.12
	  0.392	  0.106	  0.913
	  0.345	 -0.938	 -0.037
	  0.853	  0.329	 -0.404

6 	  48.76	   8.89	   6.01
	  0.818	  0.203	 -0.538
	  0.570	 -0.156	  0.806
	  0.078	 -0.967	 -0.244

7 	  40.48	  -6.71	  -2.81
	  0.304	 -0.942	 -0.142
	  0.851	  0.335	 -0.403
	  0.428	  0.001	  0.903

8 	  40.97	  -8.31	   8.17
	  0.234	 -0.358	  0.904
	 -0.642	 -0.755	 -0.135
	  0.731	 -0.548	 -0.405

9 	  43.93	 -16.52	   4.61
	  0.375	 -0.765	 -0.524
	 -0.528	  0.290	 -0.798
	  0.764	  0.574	 -0.295

2 	  33.13	  -6.98	  22.83
	  0.676	  0.736	 -0.019
	 -0.737	  0.675	 -0.024
	 -0.004	  0.030	  0.999

3 	  45.62	  -0.97	  -0.44
	  0.621	  0.235	  0.747
	 -0.172	  0.971	 -0.164
	 -0.765	 -0.026	  0.643

4 	  40.11	   4.80	  -2.58
	  0.201	  0.971	 -0.124
	 -0.912	  0.232	  0.339
	  0.358	  0.045	  0.932

5 	  41.19	   5.03	   9.09
	  0.381	  0.094	  0.919
	  0.341	 -0.939	 -0.044
	  0.860	  0.329	 -0.390

6 	  48.80	   8.89	   6.19
	  0.830	  0.206	 -0.518
	  0.553	 -0.178	  0.814
	  0.074	 -0.962	 -0.262

7 	  40.22	  -6.52	  -2.95
	  0.242	 -0.957	 -0.162
	  0.867	  0.287	 -0.406
	  0.435	 -0.043	  0.899

8 	  40.32	  -8.28	   8.02
	  0.166	 -0.391	  0.905
	 -0.720	 -0.675	 -0.161
	  0.675	 -0.625	 -0.392

9 	  42.49	 -17.05	   4.82
	  0.289	 -0.819	 -0.495
	 -0.558	  0.278	 -0.782
	  0.780	  0.500	 -0.376

2 	  33.13	  -6.98	  22.83
	  0.677	  0.736	 -0.019
	 -0.737	  0.675	 -0.025
	 -0.004	  0.030	  0.999

3 	  45.60	  -1.04	  -0.53
	  0.632	  0.219	  0.743
	 -0.152	  0.975	 -0.160
	 -0.760	 -0.012	  0.649

4 	  40.13	   4.76	  -2.60
	  0.198	  0.971	 -0.135
	 -0.906	  0.233	  0.352
	  0.374	  0.052	  0.926

5 	  41.10	   4.97	   9.05
	  0.375	  0.101	  0.921
	  0.349	 -0.936	 -0.038
	  0.859	  0.335	 -0.385

6 	  48.76	   8.79	   6.15
	  0.829	  0.200	 -0.521
	  0.554	 -0.169	  0.815
	  0.073	 -0.965	 -0.252

7 	  40.10	  -6.47	  -3.08
	  0.209	 -0.962	 -0.178
	  0.872	  0.265	 -0.411
	  0.443	 -0.070	  0.893

8 	  40.03	  -8.30	   7.91
	  0.128	 -0.404	  0.906
	 -0.744	 -0.642	 -0.183
	  0.656	 -0.650	 -0.382

9 	  42.01	 -17.19	   4.80
	  0.267	 -0.832	 -0.486
	 -0.559	  0.279	 -0.781
	  0.786	  0.479	 -0.390

2 	  33.13	  -6.98	  22.83
	  0.676	  0.736	 -0.019
	 -0.737	  0.675	 -0.024
	 -0.004	  0.030	  0.999

3 	  45.54	  -1.07	  -0.56
	  0.631	  0.219	  0.744
	 -0.155	  0.975	 -0.157
	 -0.761	 -0.016	  0.648

4 	  40.03	   4.69	  -2.62
	  0.179	  0.974	 -0.140
	 -0.909	  0.217	  0.355
	  0.376	  0.064	  0.924

5 	  40.94	   4.92	   9.04
	  0.363	  0.106	  0.925
	  0.369	 -0.929	 -0.037
	  0.856	  0.354	 -0.376

6 	  48.55	   8.93	   6.24
	  0.832	  0.220	 -0.509
	  0.546	 -0.161	  0.822
	  0.098	 -0.962	 -0.255

7 	  40.10	  -6.47	  -3.06
	  0.214	 -0.961	 -0.177
	  0.870	  0.269	 -0.412
	  0.443	 -0.067	  0.893

8 	  40.11	  -8.23	   7.95
	  0.142	 -0.389	  0.910
	 -0.728	 -0.663	 -0.172
	  0.671	 -0.638	 -0.377

9 	  42.24	 -17.10	   4.96
	  0.281	 -0.833	 -0.475
	 -0.578	  0.249	 -0.777
	  0.767	  0.492	 -0.411

2 	  33.13	  -6.98	  22.83
	  0.676	  0.736	 -0.019
	 -0.737	  0.675	 -0.024
	 -0.004	  0.030	  0.999

3 	  45.54	  -1.05	  -0.56
	  0.628	  0.223	  0.745
	 -0.160	  0.974	 -0.158
	 -0.762	 -0.019	  0.647

4 	  40.01	   4.68	  -2.65
	  0.170	  0.975	 -0.143
	 -0.911	  0.210	  0.354
	  0.375	  0.071	  0.924

5 	  40.85	   4.92	   9.04
	  0.356	  0.111	  0.927
	  0.376	 -0.926	 -0.032
	  0.856	  0.359	 -0.371

6 	  48.48	   8.95	   6.26
	  0.832	  0.223	 -0.507
	  0.545	 -0.161	  0.823
	  0.101	 -0.962	 -0.256

7 	  40.06	  -6.42	  -3.09
	  0.200	 -0.963	 -0.184
	  0.874	  0.259	 -0.410
	  0.443	 -0.079	  0.893

8 	  39.96	  -8.19	   7.88
	  0.124	 -0.397	  0.909
	 -0.747	 -0.640	 -0.179
	  0.654	 -0.657	 -0.375

9 	  41.82	 -17.17	   4.90
	  0.256	 -0.843	 -0.474
	 -0.563	  0.270	 -0.781
	  0.787	  0.465	 -0.405

2 	  33.13	  -6.98	  22.85
	  0.676	  0.736	 -0.019
	 -0.737	  0.675	 -0.025
	 -0.004	  0.031	  0.999

3 	  45.54	  -1.05	  -0.56
	  0.626	  0.220	  0.748
	 -0.156	  0.975	 -0.158
	 -0.765	 -0.017	  0.644

4 	  40.01	   4.64	  -2.67
	  0.167	  0.975	 -0.149
	 -0.911	  0.210	  0.354
	  0.377	  0.077	  0.923

5 	  40.78	   4.90	   9.02
	  0.350	  0.109	  0.930
	  0.372	 -0.928	 -0.030
	  0.860	  0.355	 -0.365

6 	  48.45	   8.88	   6.28
	  0.835	  0.217	 -0.505
	  0.541	 -0.161	  0.825
	  0.097	 -0.963	 -0.253

7 	  39.99	  -6.36	  -3.11
	  0.188	 -0.964	 -0.186
	  0.875	  0.250	 -0.414
	  0.446	 -0.085	  0.891

8 	  39.85	  -8.12	   7.86
	  0.113	 -0.398	  0.910
	 -0.756	 -0.629	 -0.182
	  0.646	 -0.667	 -0.371

9 	  41.61	 -17.17	   4.90
	  0.247	 -0.847	 -0.471
	 -0.554	  0.276	 -0.785
	  0.796	  0.453	 -0.401

2 	  33.13	  -6.96	  22.85
	  0.676	  0.736	 -0.019
	 -0.737	  0.675	 -0.024
	 -0.004	  0.030	  0.999

3 	  45.53	  -1.05	  -0.56
	  0.626	  0.219	  0.748
	 -0.155	  0.975	 -0.157
	 -0.765	 -0.017	  0.644

4 	  39.96	   4.62	  -2.65
	  0.163	  0.975	 -0.151
	 -0.911	  0.207	  0.355
	  0.378	  0.079	  0.922

5 	  40.76	   4.90	   9.00
	  0.353	  0.110	  0.929
	  0.373	 -0.927	 -0.031
	  0.858	  0.357	 -0.368

6 	  48.39	   8.88	   6.26
	  0.834	  0.218	 -0.506
	  0.542	 -0.159	  0.825
	  0.098	 -0.963	 -0.252

7 	  39.97	  -6.36	  -3.11
	  0.187	 -0.965	 -0.186
	  0.874	  0.249	 -0.416
	  0.448	 -0.086	  0.890

8 	  39.83	  -8.10	   7.88
	  0.112	 -0.395	  0.911
	 -0.753	 -0.632	 -0.183
	  0.649	 -0.666	 -0.368

9 	  41.66	 -17.17	   5.01
	  0.255	 -0.851	 -0.459
	 -0.560	  0.259	 -0.787
	  0.789	  0.456	 -0.410

2 	  33.12	  -6.96	  22.83
	  0.676	  0.736	 -0.020
	 -0.737	  0.675	 -0.024
	 -0.003	  0.031	  0.999

3 	  45.53	  -1.05	  -0.58
	  0.621	  0.222	  0.751
	 -0.158	  0.974	 -0.159
	 -0.768	 -0.020	  0.640

4 	  39.92	   4.61	  -2.67
	  0.158	  0.976	 -0.151
	 -0.913	  0.202	  0.354
	  0.377	  0.082	  0.923

5 	  40.71	   4.87	   9.02
	  0.350	  0.107	  0.930
	  0.377	 -0.926	 -0.034
	  0.858	  0.362	 -0.364

6 	  48.38	   8.91	   6.31
	  0.835	  0.226	 -0.501
	  0.540	 -0.161	  0.826
	  0.105	 -0.961	 -0.257

7 	  40.04	  -6.38	  -3.11
	  0.197	 -0.962	 -0.187
	  0.874	  0.258	 -0.412
	  0.445	 -0.083	  0.892

8 	  39.90	  -8.12	   7.88
	  0.121	 -0.388	  0.914
	 -0.737	 -0.651	 -0.181
	  0.666	 -0.651	 -0.364

9 	  41.96	 -17.12	   5.10
	  0.275	 -0.848	 -0.454
	 -0.568	  0.239	 -0.787
	  0.777	  0.473	 -0.416

2 	  33.13	  -6.96	  22.85
	  0.676	  0.736	 -0.019
	 -0.737	  0.675	 -0.025
	 -0.004	  0.031	  0.999

3 	  45.53	  -1.00	  -0.54
	  0.614	  0.228	  0.755
	 -0.165	  0.973	 -0.161
	 -0.772	 -0.026	  0.635

4 	  39.90	   4.62	  -2.67
	  0.153	  0.977	 -0.150
	 -0.915	  0.197	  0.351
	  0.373	  0.083	  0.924

5 	  40.66	   4.85	   9.00
	  0.348	  0.107	  0.931
	  0.379	 -0.925	 -0.034
	  0.858	  0.364	 -0.362

6 	  48.32	   8.91	   6.33
	  0.838	  0.229	 -0.495
	  0.534	 -0.162	  0.830
	  0.109	 -0.960	 -0.258

7 	  40.10	  -6.38	  -3.09
	  0.207	 -0.961	 -0.181
	  0.874	  0.265	 -0.407
	  0.440	 -0.074	  0.895

8 	  39.92	  -8.09	   7.93
	  0.124	 -0.379	  0.917
	 -0.727	 -0.663	 -0.177
	  0.676	 -0.644	 -0.357

9 	  42.12	 -17.10	   5.24
	  0.289	 -0.849	 -0.442
	 -0.570	  0.220	 -0.792
	  0.771	  0.479	 -0.420

2 	  33.13	  -6.98	  22.85
	  0.676	  0.736	 -0.019
	 -0.737	  0.675	 -0.024
	 -0.004	  0.030	  0.999

3 	  45.54	  -1.04	  -0.49
	  0.606	  0.232	  0.761
	 -0.164	  0.972	 -0.167
	 -0.779	 -0.023	  0.626

4 	  40.03	   4.68	  -2.69
	  0.188	  0.970	 -0.156
	 -0.914	  0.230	  0.332
	  0.359	  0.080	  0.930

5 	  40.96	   5.12	   8.98
	  0.372	  0.091	  0.924
	  0.287	 -0.958	 -0.020
	  0.883	  0.272	 -0.382

6 	  49.06	   8.42	   6.45
	  0.876	  0.143	 -0.460
	  0.480	 -0.180	  0.858
	  0.038	 -0.973	 -0.227

7 	  40.11	  -6.45	  -3.01
	  0.238	 -0.954	 -0.179
	  0.873	  0.291	 -0.392
	  0.427	 -0.064	  0.902

8 	  40.54	  -8.00	   8.12
	  0.233	 -0.314	  0.920
	 -0.596	 -0.793	 -0.122
	  0.769	 -0.520	 -0.371

9 	  44.75	 -16.05	   5.62
	  0.463	 -0.782	 -0.417
	 -0.558	  0.109	 -0.823
	  0.691	  0.611	 -0.385

2 	  33.13	  -6.96	  22.85
	  0.676	  0.736	 -0.020
	 -0.738	  0.675	 -0.025
	 -0.003	  0.031	  0.999

3 	  45.49	  -1.00	  -0.37
	  0.602	  0.247	  0.759
	 -0.174	  0.968	 -0.179
	 -0.780	 -0.024	  0.625

4 	  40.11	   4.90	  -2.60
	  0.290	  0.941	 -0.174
	 -0.871	  0.334	  0.360
	  0.398	  0.048	  0.916

5 	  41.91	   5.84	   9.02
	  0.439	  0.006	  0.898
	 -0.082	 -0.995	  0.045
	  0.895	 -0.093	 -0.436

6 	  50.43	   5.19	   6.10
	  0.855	 -0.260	 -0.448
	  0.415	 -0.181	  0.891
	 -0.318	 -0.947	 -0.049

7 	  40.59	  -6.73	  -2.74
	  0.395	 -0.908	 -0.140
	  0.816	  0.416	 -0.401
	  0.423	  0.043	  0.905

8 	  41.85	  -7.89	   8.42
	  0.412	 -0.098	  0.906
	 -0.066	 -0.995	 -0.078
	  0.909	 -0.028	 -0.416

9 	  49.78	 -12.06	   6.31
	  0.834	 -0.415	 -0.363
	 -0.445	 -0.114	 -0.888
	  0.329	  0.902	 -0.279

2 	  33.13	  -6.98	  22.85
	  0.676	  0.736	 -0.019
	 -0.737	  0.675	 -0.024
	 -0.004	  0.030	  0.999

3 	  45.44	  -0.95	  -0.25
	  0.602	  0.264	  0.753
	 -0.199	  0.963	 -0.180
	 -0.774	 -0.041	  0.632

4 	  40.45	   5.20	  -2.53
	  0.447	  0.876	 -0.179
	 -0.782	  0.479	  0.399
	  0.437	 -0.038	  0.898

5 	  43.70	   6.38	   8.86
	  0.483	 -0.115	  0.868
	 -0.545	 -0.815	  0.194
	  0.687	 -0.566	 -0.456

6 	  50.38	   0.67	   5.70
	  0.567	 -0.719	 -0.401
	  0.450	 -0.143	  0.881
	 -0.696	 -0.677	  0.241

7 	  40.96	  -6.96	  -2.51
	  0.547	 -0.829	 -0.115
	  0.716	  0.534	 -0.449
	  0.435	  0.162	  0.885

8 	  43.54	  -8.88	   8.30
	  0.445	 -0.001	  0.895
	  0.573	 -0.768	 -0.284
	  0.689	  0.639	 -0.341

9 	  52.19	  -4.73	   7.80
	  0.862	  0.482	 -0.155
	 -0.155	 -0.046	 -0.987
	 -0.485	  0.874	  0.030

2 	  33.13	  -6.98	  22.83
	  0.676	  0.736	 -0.020
	 -0.737	  0.675	 -0.024
	 -0.003	  0.031	  0.999

3 	  45.30	  -0.97	  -0.28
	  0.620	  0.274	  0.735
	 -0.239	  0.958	 -0.157
	 -0.748	 -0.077	  0.659

4 	  40.66	   5.33	  -2.55
	  0.540	  0.820	 -0.186
	 -0.719	  0.564	  0.406
	  0.440	 -0.086	  0.894

5 	  44.84	   6.22	   8.58
	  0.481	 -0.207	  0.852
	 -0.775	 -0.555	  0.302
	  0.411	 -0.805	 -0.427

6 	  49.08	  -1.99	   5.64
	  0.253	 -0.908	 -0.334
	  0.503	 -0.175	  0.846
	 -0.828	 -0.380	  0.412

7 	  41.24	  -7.08	  -2.60
	  0.654	 -0.746	 -0.122
	  0.620	  0.620	 -0.481
	  0.436	  0.239	  0.868

8 	  45.46	  -8.84	   7.84
	  0.500	  0.070	  0.863
	  0.829	 -0.324	 -0.454
	  0.248	  0.943	 -0.221

9 	  50.73	  -0.30	   8.70
	  0.437	  0.899	  0.017
	 -0.119	  0.072	 -0.990
	 -0.892	  0.430	  0.135

2 	  33.13	  -6.98	  22.85
	  0.677	  0.736	 -0.019
	 -0.737	  0.675	 -0.025
	 -0.004	  0.031	  0.999

3 	  45.19	  -0.91	  -0.33
	  0.620	  0.300	  0.724
	 -0.286	  0.946	 -0.150
	 -0.731	 -0.113	  0.672

4 	  40.61	   5.31	  -2.64
	  0.560	  0.805	 -0.197
	 -0.692	  0.584	  0.424
	  0.458	 -0.101	  0.883

5 	  44.95	   6.29	   8.35
	  0.476	 -0.193	  0.858
	 -0.806	 -0.488	  0.336
	  0.354	 -0.851	 -0.387

6 	  48.52	  -2.30	   5.66
	  0.175	 -0.953	 -0.248
	  0.453	 -0.148	  0.879
	 -0.875	 -0.265	  0.405

7 	  41.29	  -7.08	  -2.71
	  0.678	 -0.721	 -0.142
	  0.586	  0.646	 -0.489
	  0.446	  0.249	  0.859

8 	  45.44	  -8.88	   7.63
	  0.481	  0.081	  0.873
	  0.861	 -0.229	 -0.453
	  0.163	  0.970	 -0.180

9 	  49.41	   0.33	   9.47
	  0.274	  0.960	  0.057
	  0.128	  0.022	 -0.991
	 -0.953	  0.279	 -0.117

2 	  33.13	  -6.98	  22.85
	  0.676	  0.736	 -0.019
	 -0.737	  0.675	 -0.024
	 -0.004	  0.030	  0.999

3 	  45.19	  -0.91	  -0.35
	  0.618	  0.299	  0.727
	 -0.287	  0.946	 -0.148
	 -0.733	 -0.116	  0.670

4 	  40.69	   5.29	  -2.72
	  0.583	  0.791	 -0.184
	 -0.676	  0.597	  0.432
	  0.453	 -0.128	  0.882

5 	  44.81	   6.40	   8.40
	  0.432	 -0.181	  0.883
	 -0.825	 -0.475	  0.306
	  0.365	 -0.861	 -0.354

6 	  48.43	  -2.57	   6.40
	  0.157	 -0.968	 -0.194
	  0.249	 -0.153	  0.956
	 -0.956	 -0.197	  0.216

7 	  41.27	  -7.10	  -2.71
	  0.671	 -0.732	 -0.122
	  0.599	  0.630	 -0.494
	  0.439	  0.257	  0.860

8 	  44.72	  -8.82	   8.02
	  0.411	  0.084	  0.907
	  0.883	 -0.285	 -0.373
	  0.227	  0.955	 -0.192

9 	  49.20	   0.12	   9.91
	  0.305	  0.950	  0.061
	  0.206	 -0.003	 -0.979
	 -0.930	  0.310	 -0.197

2 	  33.13	  -6.96	  22.83
	  0.676	  0.736	 -0.019
	 -0.737	  0.675	 -0.024
	 -0.004	  0.030	  0.999

3 	  45.23	  -0.95	  -0.30
	  0.616	  0.289	  0.732
	 -0.269	  0.951	 -0.151
	 -0.741	 -0.103	  0.663

4 	  40.82	   5.29	  -2.72
	  0.600	  0.783	 -0.164
	 -0.657	  0.598	  0.459
	  0.459	 -0.168	  0.872

5 	  44.72	   6.33	   8.63
	  0.404	 -0.189	  0.895
	 -0.838	 -0.470	  0.278
	  0.369	 -0.862	 -0.347

6 	  48.38	  -2.67	   6.68
	  0.160	 -0.969	 -0.191
	  0.165	 -0.166	  0.972
	 -0.973	 -0.186	  0.133

7 	  41.29	  -7.10	  -2.71
	  0.668	 -0.734	 -0.122
	  0.600	  0.628	 -0.496
	  0.442	  0.258	  0.859

8 	  44.56	  -8.93	   8.02
	  0.388	  0.070	  0.919
	  0.899	 -0.247	 -0.361
	  0.202	  0.966	 -0.159

9 	  49.03	   0.00	  10.16
	  0.313	  0.947	  0.073
	  0.240	 -0.004	 -0.971
	 -0.919	  0.321	 -0.229

2 	  33.13	  -6.98	  22.85
	  0.676	  0.736	 -0.019
	 -0.737	  0.675	 -0.025
	 -0.004	  0.030	  0.999

3 	  45.28	  -0.95	  -0.25
	  0.611	  0.287	  0.737
	 -0.263	  0.952	 -0.155
	 -0.748	 -0.098	  0.656

4 	  40.83	   5.27	  -2.69
	  0.602	  0.784	 -0.154
	 -0.654	  0.593	  0.470
	  0.461	 -0.182	  0.868

5 	  44.70	   6.36	   8.65
	  0.402	 -0.181	  0.897
	 -0.839	 -0.464	  0.282
	  0.366	 -0.867	 -0.338

6 	  48.39	  -2.60	   6.79
	  0.174	 -0.966	 -0.191
	  0.146	 -0.168	  0.975
	 -0.974	 -0.197	  0.111

7 	  41.38	  -7.10	  -2.69
	  0.672	 -0.731	 -0.119
	  0.598	  0.629	 -0.496
	  0.439	  0.262	  0.859

8 	  44.63	  -8.93	   8.02
	  0.385	  0.070	  0.920
	  0.907	 -0.211	 -0.363
	  0.169	  0.975	 -0.145

9 	  48.96	   0.04	  10.25
	  0.302	  0.950	  0.078
	  0.251	  0.000	 -0.968
	 -0.920	  0.311	 -0.238

2 	  33.13	  -6.98	  22.85
	  0.677	  0.736	 -0.019
	 -0.737	  0.675	 -0.025
	 -0.004	  0.031	  0.999

3 	  45.32	  -0.95	  -0.18
	  0.602	  0.294	  0.742
	 -0.265	  0.950	 -0.164
	 -0.754	 -0.097	  0.649

4 	  40.83	   5.22	  -2.71
	  0.603	  0.783	 -0.153
	 -0.652	  0.592	  0.473
	  0.463	 -0.185	  0.867

5 	  44.70	   6.40	   8.63
	  0.399	 -0.173	  0.900
	 -0.846	 -0.450	  0.288
	  0.356	 -0.876	 -0.325

6 	  48.36	  -2.64	   6.84
	  0.167	 -0.969	 -0.182
	  0.129	 -0.163	  0.978
	 -0.978	 -0.186	  0.097

7 	  41.40	  -7.10	  -2.67
	  0.669	 -0.734	 -0.115
	  0.602	  0.625	 -0.497
	  0.438	  0.263	  0.859

8 	  44.51	  -8.93	   8.07
	  0.375	  0.071	  0.924
	  0.910	 -0.218	 -0.353
	  0.176	  0.973	 -0.147

9 	  48.94	   0.02	  10.30
	  0.311	  0.947	  0.076
	  0.264	 -0.009	 -0.964
	 -0.913	  0.319	 -0.253

2 	  33.13	  -6.98	  22.85
	  0.676	  0.736	 -0.019
	 -0.737	  0.675	 -0.025
	 -0.004	  0.031	  0.999

3 	  45.35	  -0.97	  -0.14
	  0.598	  0.293	  0.746
	 -0.260	  0.951	 -0.168
	 -0.759	 -0.093	  0.644

4 	  40.90	   5.20	  -2.72
	  0.607	  0.780	 -0.151
	 -0.650	  0.595	  0.472
	  0.460	 -0.189	  0.867

5 	  44.72	   6.42	   8.65
	  0.396	 -0.173	  0.902
	 -0.849	 -0.443	  0.287
	  0.351	 -0.880	 -0.321

6 	  48.32	  -2.67	   6.89
	  0.164	 -0.970	 -0.180
	  0.121	 -0.162	  0.979
	 -0.979	 -0.182	  0.090

7 	  41.43	  -7.08	  -2.67
	  0.666	 -0.737	 -0.114
	  0.608	  0.624	 -0.491
	  0.434	  0.258	  0.863

8 	  44.47	  -8.93	   8.10
	  0.364	  0.072	  0.928
	  0.915	 -0.211	 -0.342
	  0.171	  0.975	 -0.144

9 	  48.87	   0.00	  10.37
	  0.313	  0.947	  0.076
	  0.273	 -0.012	 -0.962
	 -0.910	  0.321	 -0.262

