% Calibrated with leiden_pols
% Positions are in centimeters
Data =[
 2    99.398   -21.840    59.237
 2     0.682    -0.732    -0.002
 2     0.731     0.680     0.049
 2    -0.034    -0.036     0.999
 3   101.538    -5.945    11.021
 3     0.152    -0.115     0.982
 3     0.083     0.991     0.103
 3    -0.985     0.066     0.160
 4   113.238    13.934     0.789
 4     0.822    -0.464     0.330
 4     0.566     0.617    -0.547
 4     0.050     0.635     0.770
 5   113.662    21.294    26.326
 5     0.467    -0.177     0.867
 5     0.226    -0.924    -0.308
 5     0.855     0.339    -0.392
 6   127.806    26.713    47.114
 6     0.555    -0.818    -0.162
 6    -0.050     0.157    -0.986
 6     0.830     0.554     0.047
 7   112.730   -19.590     0.120
 7     0.724     0.443     0.529
 7    -0.687     0.532     0.494
 7    -0.063    -0.721     0.689
 8   109.538   -26.831    27.846
 8    -0.273    -0.138     0.952
 8     0.294     0.930     0.218
 8    -0.916     0.339    -0.213
 9   133.684   -29.563    45.421
 9     0.467     0.672    -0.580
 9     0.145     0.584     0.796
 9     0.872    -0.453     0.175
 2    99.398   -21.840    59.237
 2     0.682    -0.732    -0.003
 2     0.731     0.680     0.050
 2    -0.034    -0.037     0.999
 3   101.540    -5.945    11.022
 3     0.153    -0.115     0.981
 3     0.083     0.991     0.103
 3    -0.985     0.066     0.161
 4   113.192    13.936     0.783
 4     0.822    -0.465     0.328
 4     0.566     0.617    -0.546
 4     0.052     0.635     0.770
 5   113.662    21.294    26.326
 5     0.467    -0.176     0.867
 5     0.226    -0.924    -0.308
 5     0.855     0.339    -0.392
 6   127.805    26.765    47.113
 6     0.556    -0.818    -0.160
 6    -0.048     0.156    -0.986
 6     0.830     0.554     0.047
 7   112.732   -19.589     0.117
 7     0.724     0.444     0.529
 7    -0.687     0.532     0.494
 7    -0.062    -0.721     0.690
 8   109.541   -26.858    27.849
 8    -0.271    -0.138     0.953
 8     0.294     0.931     0.217
 8    -0.916     0.339    -0.211
 9   133.635   -29.513    45.396
 9     0.468     0.674    -0.578
 9     0.144     0.582     0.797
 9     0.872    -0.454     0.175
 2    99.348   -21.815    59.237
 2     0.681    -0.733    -0.003
 2     0.731     0.679     0.050
 2    -0.034    -0.037     0.999
 3   101.540    -5.945    11.022
 3     0.153    -0.117     0.981
 3     0.083     0.991     0.105
 3    -0.985     0.066     0.161
 4   113.247    13.937     0.777
 4     0.824    -0.464     0.326
 4     0.564     0.616    -0.549
 4     0.054     0.636     0.769
 5   113.658    21.391    26.336
 5     0.468    -0.182     0.865
 5     0.226    -0.922    -0.314
 5     0.854     0.342    -0.390
 6   127.979    26.763    47.022
 6     0.557    -0.815    -0.168
 6    -0.048     0.166    -0.984
 6     0.829     0.555     0.053
 7   112.785   -19.537     0.114
 7     0.724     0.444     0.528
 7    -0.687     0.531     0.496
 7    -0.061    -0.722     0.689
 8   109.637   -26.841    27.820
 8    -0.267    -0.149     0.952
 8     0.292     0.929     0.225
 8    -0.918     0.338    -0.204
 9   133.684   -29.564    45.395
 9     0.468     0.674    -0.578
 9     0.143     0.583     0.797
 9     0.872    -0.453     0.177
 2    99.348   -21.840    59.237
 2     0.682    -0.732    -0.003
 2     0.731     0.680     0.050
 2    -0.034    -0.037     0.999
 3   101.579    -5.942    11.011
 3     0.148    -0.117     0.982
 3     0.083     0.991     0.105
 3    -0.985     0.067     0.157
 4   113.305    13.938     0.820
 4     0.826    -0.463     0.322
 4     0.560     0.617    -0.553
 4     0.057     0.636     0.768
 5   113.779    21.465    26.345
 5     0.470    -0.187     0.863
 5     0.227    -0.919    -0.321
 5     0.853     0.346    -0.390
 6   128.151    26.865    46.982
 6     0.559    -0.813    -0.172
 6    -0.043     0.173    -0.983
 6     0.828     0.556     0.062
 7   112.792   -19.585     0.105
 7     0.725     0.444     0.527
 7    -0.686     0.530     0.498
 7    -0.058    -0.723     0.688
 8   109.688   -26.866    27.770
 8    -0.267    -0.151     0.952
 8     0.292     0.928     0.228
 8    -0.918     0.339    -0.204
 9   133.733   -29.566    45.344
 9     0.468     0.672    -0.579
 9     0.140     0.586     0.795
 9     0.872    -0.452     0.180
 2    99.348   -21.840    59.237
 2     0.682    -0.732    -0.003
 2     0.731     0.680     0.050
 2    -0.034    -0.037     0.999
 3   101.568    -5.947    11.027
 3     0.147    -0.118     0.982
 3     0.083     0.991     0.106
 3    -0.986     0.066     0.156
 4   113.335    13.990     0.814
 4     0.827    -0.463     0.320
 4     0.559     0.616    -0.555
 4     0.059     0.637     0.768
 5   113.875    21.513    26.353
 5     0.472    -0.190     0.862
 5     0.227    -0.918    -0.324
 5     0.852     0.348    -0.390
 6   128.478    26.992    46.933
 6     0.567    -0.809    -0.161
 6    -0.032     0.168    -0.985
 6     0.823     0.563     0.069
 7   112.823   -19.581     0.095
 7     0.727     0.443     0.525
 7    -0.684     0.529     0.501
 7    -0.055    -0.723     0.687
 8   110.079   -27.073    27.609
 8    -0.282    -0.163     0.946
 8     0.296     0.923     0.246
 8    -0.913     0.348    -0.211
 9   134.697   -29.863    44.802
 9     0.485     0.662    -0.576
 9     0.128     0.594     0.792
 9     0.865    -0.456     0.203
 2    99.348   -21.815    59.186
 2     0.682    -0.732    -0.003
 2     0.731     0.680     0.050
 2    -0.034    -0.037     0.999
 3   101.558    -5.895    11.017
 3     0.142    -0.113     0.983
 3     0.082     0.991     0.102
 3    -0.986     0.066     0.150
 4   113.435    13.932     0.772
 4     0.838    -0.449     0.312
 4     0.543     0.624    -0.562
 4     0.057     0.639     0.766
 5   115.685    22.187    26.483
 5     0.544    -0.193     0.818
 5     0.238    -0.898    -0.368
 5     0.805     0.394    -0.442
 6   131.729    27.951    45.556
 6     0.635    -0.759    -0.155
 6    -0.012     0.186    -0.982
 6     0.772     0.624     0.110
 7   113.050   -19.624     0.038
 7     0.738     0.432     0.520
 7    -0.673     0.531     0.515
 7    -0.054    -0.729     0.681
 8   111.784   -27.584    27.170
 8    -0.322    -0.167     0.932
 8     0.323     0.906     0.272
 8    -0.890     0.388    -0.237
 9   137.387   -31.059    43.242
 9     0.539     0.636    -0.558
 9     0.099     0.605     0.787
 9     0.836    -0.479     0.263
 2    99.348   -21.840    59.237
 2     0.681    -0.733    -0.003
 2     0.731     0.679     0.050
 2    -0.034    -0.037     0.999
 3   101.551    -5.903    11.037
 3     0.142    -0.113     0.983
 3     0.081     0.991     0.102
 3    -0.987     0.065     0.150
 4   113.545    13.897     0.670
 4     0.842    -0.441     0.311
 4     0.537     0.633    -0.558
 4     0.049     0.636     0.769
 5   118.429    22.936    26.524
 5     0.656    -0.127     0.745
 5     0.274    -0.879    -0.389
 5     0.703     0.459    -0.542
 6   136.866    29.805    41.918
 6     0.765    -0.638    -0.103
 6     0.031     0.192    -0.980
 6     0.643     0.746     0.168
 7   113.193   -19.531     0.000
 7     0.742     0.421     0.522
 7    -0.667     0.542     0.511
 7    -0.068    -0.727     0.682
 8   115.366   -27.811    26.103
 8    -0.451    -0.069     0.890
 8     0.378     0.889     0.258
 8    -0.809     0.453    -0.374
 9   143.499   -33.102    37.887
 9     0.708     0.554    -0.443
 9     0.036     0.593     0.802
 9     0.705    -0.584     0.400
 2    99.398   -21.815    59.237
 2     0.681    -0.733    -0.003
 2     0.731     0.679     0.050
 2    -0.034    -0.037     0.999
 3   101.601    -5.750    10.984
 3     0.146    -0.105     0.984
 3     0.079     0.992     0.094
 3    -0.986     0.064     0.153
 4   113.622    13.669     0.458
 4     0.856    -0.401     0.326
 4     0.516     0.663    -0.542
 4     0.001     0.632     0.775
 5   122.739    24.481    25.125
 5     0.803    -0.029     0.595
 5     0.309    -0.834    -0.457
 5     0.509     0.551    -0.661
