% Calibrated with leiden_pols
% Positions are in centimeters
Data =[
 2    99.398   -21.840    59.237
 2     0.682    -0.732    -0.002
 2     0.731     0.680     0.049
 2    -0.034    -0.036     0.999
 3   101.538    -5.945    11.021
 3     0.152    -0.115     0.982
 3     0.083     0.991     0.103
 3    -0.985     0.066     0.160
 4   113.238    13.934     0.789
 4     0.822    -0.464     0.330
 4     0.566     0.617    -0.547
 4     0.050     0.635     0.770
 5   113.662    21.294    26.326
 5     0.467    -0.177     0.867
 5     0.226    -0.924    -0.308
 5     0.855     0.339    -0.392
 6   127.806    26.713    47.114
 6     0.555    -0.818    -0.162
 6    -0.050     0.157    -0.986
 6     0.830     0.554     0.047
 7   112.730   -19.590     0.120
 7     0.724     0.443     0.529
 7    -0.687     0.532     0.494
 7    -0.063    -0.721     0.689
 8   109.538   -26.831    27.846
 8    -0.273    -0.138     0.952
 8     0.294     0.930     0.218
 8    -0.916     0.339    -0.213
 9   133.684   -29.563    45.421
 9     0.467     0.672    -0.580
 9     0.145     0.584     0.796
 9     0.872    -0.453     0.175
 2    99.398   -21.840    59.237
 2     0.682    -0.732    -0.003
 2     0.731     0.680     0.050
 2    -0.034    -0.037     0.999
 3   101.540    -5.945    11.022
 3     0.153    -0.115     0.981
 3     0.083     0.991     0.103
 3    -0.985     0.066     0.161
 4   113.192    13.936     0.783
 4     0.822    -0.465     0.328
 4     0.566     0.617    -0.546
 4     0.052     0.635     0.770
 5   113.662    21.294    26.326
 5     0.467    -0.176     0.867
 5     0.226    -0.924    -0.308
 5     0.855     0.339    -0.392
 6   127.805    26.765    47.113
 6     0.556    -0.818    -0.160
 6    -0.048     0.156    -0.986
 6     0.830     0.554     0.047
 7   112.732   -19.589     0.117
 7     0.724     0.444     0.529
 7    -0.687     0.532     0.494
 7    -0.062    -0.721     0.690
 8   109.541   -26.858    27.849
 8    -0.271    -0.138     0.953
 8     0.294     0.931     0.217
 8    -0.916     0.339    -0.211
 9   133.635   -29.513    45.396
 9     0.468     0.674    -0.578
 9     0.144     0.582     0.797
 9     0.872    -0.454     0.175
 2    99.348   -21.815    59.237
 2     0.681    -0.733    -0.003
 2     0.731     0.679     0.050
 2    -0.034    -0.037     0.999
 3   101.540    -5.945    11.022
 3     0.153    -0.117     0.981
 3     0.083     0.991     0.105
 3    -0.985     0.066     0.161
 4   113.247    13.937     0.777
 4     0.824    -0.464     0.326
 4     0.564     0.616    -0.549
 4     0.054     0.636     0.769
 5   113.658    21.391    26.336
 5     0.468    -0.182     0.865
 5     0.226    -0.922    -0.314
 5     0.854     0.342    -0.390
 6   127.979    26.763    47.022
 6     0.557    -0.815    -0.168
 6    -0.048     0.166    -0.984
 6     0.829     0.555     0.053
 7   112.785   -19.537     0.114
 7     0.724     0.444     0.528
 7    -0.687     0.531     0.496
 7    -0.061    -0.722     0.689
 8   109.637   -26.841    27.820
 8    -0.267    -0.149     0.952
 8     0.292     0.929     0.225
 8    -0.918     0.338    -0.204
 9   133.684   -29.564    45.395
 9     0.468     0.674    -0.578
 9     0.143     0.583     0.797
 9     0.872    -0.453     0.177
 2    99.348   -21.840    59.237
 2     0.682    -0.732    -0.003
 2     0.731     0.680     0.050
 2    -0.034    -0.037     0.999
 3   101.579    -5.942    11.011
 3     0.148    -0.117     0.982
 3     0.083     0.991     0.105
 3    -0.985     0.067     0.157
 4   113.305    13.938     0.820
 4     0.826    -0.463     0.322
 4     0.560     0.617    -0.553
 4     0.057     0.636     0.768
 5   113.779    21.465    26.345
 5     0.470    -0.187     0.863
 5     0.227    -0.919    -0.321
 5     0.853     0.346    -0.390
 6   128.151    26.865    46.982
 6     0.559    -0.813    -0.172
 6    -0.043     0.173    -0.983
 6     0.828     0.556     0.062
 7   112.792   -19.585     0.105
 7     0.725     0.444     0.527
 7    -0.686     0.530     0.498
 7    -0.058    -0.723     0.688
 8   109.688   -26.866    27.770
 8    -0.267    -0.151     0.952
 8     0.292     0.928     0.228
 8    -0.918     0.339    -0.204
 9   133.733   -29.566    45.344
 9     0.468     0.672    -0.579
 9     0.140     0.586     0.795
 9     0.872    -0.452     0.180
 2    99.348   -21.840    59.237
 2     0.682    -0.732    -0.003
 2     0.731     0.680     0.050
 2    -0.034    -0.037     0.999
 3   101.568    -5.947    11.027
 3     0.147    -0.118     0.982
 3     0.083     0.991     0.106
 3    -0.986     0.066     0.156
 4   113.335    13.990     0.814
 4     0.827    -0.463     0.320
 4     0.559     0.616    -0.555
 4     0.059     0.637     0.768
 5   113.875    21.513    26.353
 5     0.472    -0.190     0.862
 5     0.227    -0.918    -0.324
 5     0.852     0.348    -0.390
 6   128.478    26.992    46.933
 6     0.567    -0.809    -0.161
 6    -0.032     0.168    -0.985
 6     0.823     0.563     0.069
 7   112.823   -19.581     0.095
 7     0.727     0.443     0.525
 7    -0.684     0.529     0.501
 7    -0.055    -0.723     0.687
 8   110.079   -27.073    27.609
 8    -0.282    -0.163     0.946
 8     0.296     0.923     0.246
 8    -0.913     0.348    -0.211
 9   134.697   -29.863    44.802
 9     0.485     0.662    -0.576
 9     0.128     0.594     0.792
 9     0.865    -0.456     0.203
 2    99.348   -21.815    59.186
 2     0.682    -0.732    -0.003
 2     0.731     0.680     0.050
 2    -0.034    -0.037     0.999
 3   101.558    -5.895    11.017
 3     0.142    -0.113     0.983
 3     0.082     0.991     0.102
 3    -0.986     0.066     0.150
 4   113.435    13.932     0.772
 4     0.838    -0.449     0.312
 4     0.543     0.624    -0.562
 4     0.057     0.639     0.766
 5   115.685    22.187    26.483
 5     0.544    -0.193     0.818
 5     0.238    -0.898    -0.368
 5     0.805     0.394    -0.442
 6   131.729    27.951    45.556
 6     0.635    -0.759    -0.155
 6    -0.012     0.186    -0.982
 6     0.772     0.624     0.110
 7   113.050   -19.624     0.038
 7     0.738     0.432     0.520
 7    -0.673     0.531     0.515
 7    -0.054    -0.729     0.681
 8   111.784   -27.584    27.170
 8    -0.322    -0.167     0.932
 8     0.323     0.906     0.272
 8    -0.890     0.388    -0.237
 9   137.387   -31.059    43.242
 9     0.539     0.636    -0.558
 9     0.099     0.605     0.787
 9     0.836    -0.479     0.263
 2    99.348   -21.840    59.237
 2     0.681    -0.733    -0.003
 2     0.731     0.679     0.050
 2    -0.034    -0.037     0.999
 3   101.551    -5.903    11.037
 3     0.142    -0.113     0.983
 3     0.081     0.991     0.102
 3    -0.987     0.065     0.150
 4   113.545    13.897     0.670
 4     0.842    -0.441     0.311
 4     0.537     0.633    -0.558
 4     0.049     0.636     0.769
 5   118.429    22.936    26.524
 5     0.656    -0.127     0.745
 5     0.274    -0.879    -0.389
 5     0.703     0.459    -0.542
 6   136.866    29.805    41.918
 6     0.765    -0.638    -0.103
 6     0.031     0.192    -0.980
 6     0.643     0.746     0.168
 7   113.193   -19.531     0.000
 7     0.742     0.421     0.522
 7    -0.667     0.542     0.511
 7    -0.068    -0.727     0.682
 8   115.366   -27.811    26.103
 8    -0.451    -0.069     0.890
 8     0.378     0.889     0.258
 8    -0.809     0.453    -0.374
 9   143.499   -33.102    37.887
 9     0.708     0.554    -0.443
 9     0.036     0.593     0.802
 9     0.705    -0.584     0.400
 2    99.398   -21.815    59.237
 2     0.681    -0.733    -0.003
 2     0.731     0.679     0.050
 2    -0.034    -0.037     0.999
 3   101.601    -5.750    10.984
 3     0.146    -0.105     0.984
 3     0.079     0.992     0.094
 3    -0.986     0.064     0.153
 4   113.622    13.669     0.458
 4     0.856    -0.401     0.326
 4     0.516     0.663    -0.542
 4     0.001     0.632     0.775
 5   122.739    24.481    25.125
 5     0.803    -0.029     0.595
 5     0.309    -0.834    -0.457
 5     0.509     0.551    -0.661
 6   143.481    31.731    34.641
 6     0.903    -0.425    -0.062
 6     0.055     0.256    -0.965
 6     0.425     0.868     0.255
 7   113.019   -19.401    -0.326
 7     0.739     0.402     0.542
 7    -0.663     0.578     0.476
 7    -0.122    -0.710     0.693
 8   120.591   -27.707    23.172
 8    -0.646     0.079     0.759
 8     0.406     0.877     0.254
 8    -0.646     0.473    -0.599
 9   149.870   -34.071    29.037
 9     0.882     0.386    -0.271
 9    -0.008     0.586     0.809
 9     0.471    -0.712     0.521
 2    99.398   -21.815    59.237
 2     0.681    -0.733    -0.003
 2     0.731     0.679     0.050
 2    -0.034    -0.037     0.999
 3   101.706    -5.677    10.938
 3     0.146    -0.095     0.985
 3     0.077     0.993     0.084
 3    -0.986     0.063     0.152
 4   113.440    13.377     0.243
 4     0.864    -0.361     0.352
 4     0.500     0.700    -0.510
 4    -0.063     0.616     0.785
 5   126.218    25.265    22.822
 5     0.896     0.074     0.438
 5     0.313    -0.805    -0.504
 5     0.315     0.589    -0.744
 6   147.735    32.250    26.761
 6     0.976    -0.218    -0.012
 6     0.057     0.308    -0.950
 6     0.210     0.926     0.312
 7   112.904   -19.089    -0.644
 7     0.735     0.387     0.557
 7    -0.656     0.612     0.441
 7    -0.171    -0.689     0.703
 8   124.249   -27.522    19.899
 8    -0.750     0.183     0.636
 8     0.427     0.868     0.254
 8    -0.505     0.462    -0.729
 9   153.267   -34.524    20.673
 9     0.968     0.220    -0.119
 9    -0.034     0.584     0.810
 9     0.248    -0.781     0.573
 2    99.398   -21.815    59.237
 2     0.681    -0.733    -0.003
 2     0.731     0.679     0.050
 2    -0.034    -0.037     0.999
 3   101.887    -5.630    10.917
 3     0.147    -0.083     0.985
 3     0.075     0.994     0.072
 3    -0.986     0.063     0.153
 4   113.068    12.942     0.034
 4     0.861    -0.321     0.396
 4     0.488     0.742    -0.459
 4    -0.146     0.588     0.795
 5   128.708    25.855    19.646
 5     0.939     0.161     0.304
 5     0.312    -0.773    -0.553
 5     0.146     0.614    -0.776
 6   150.479    32.009    18.089
 6     0.999    -0.015     0.027
 6     0.031     0.370    -0.929
 6     0.004     0.928     0.370
 7   112.440   -18.910    -0.850
 7     0.723     0.376     0.580
 7    -0.655     0.640     0.401
 7    -0.221    -0.670     0.708
 8   126.861   -27.405    16.456
 8    -0.805     0.261     0.533
 8     0.446     0.857     0.256
 8    -0.390     0.444    -0.807
 9   154.705   -34.819    11.977
 9     0.998     0.057     0.025
 9    -0.054     0.599     0.799
 9     0.031    -0.799     0.600
 2    99.398   -21.815    59.237
 2     0.681    -0.733    -0.003
 2     0.731     0.679     0.050
 2    -0.034    -0.037     0.999
 3   101.948    -5.583    10.928
 3     0.151    -0.078     0.985
 3     0.074     0.995     0.068
 3    -0.986     0.062     0.156
 4   112.538    12.355    -0.246
 4     0.847    -0.289     0.447
 4     0.479     0.778    -0.406
 4    -0.231     0.557     0.797
 5   130.248    26.142    16.101
 5     0.952     0.237     0.191
 5     0.305    -0.747    -0.591
 5     0.002     0.621    -0.784
 6   151.406    31.171     9.846
 6     0.984     0.164     0.068
 6    -0.005     0.411    -0.912
 6    -0.178     0.896     0.404
 7   111.936   -18.659    -1.087
 7     0.710     0.358     0.606
 7    -0.646     0.672     0.361
 7    -0.278    -0.649     0.708
 8   128.853   -27.061    12.204
 8    -0.853     0.314     0.417
 8     0.448     0.849     0.277
 8    -0.267     0.423    -0.865
 9   155.068   -34.098     2.814
 9     0.982    -0.116     0.148
 9    -0.044     0.626     0.778
 9    -0.183    -0.771     0.610
 2    99.348   -21.815    59.237
 2     0.681    -0.733    -0.003
 2     0.731     0.679     0.050
 2    -0.034    -0.037     0.999
 3   101.879    -5.498    10.933
 3     0.161    -0.077     0.984
 3     0.076     0.995     0.065
 3    -0.984     0.064     0.166
 4   111.791    11.964    -0.511
 4     0.821    -0.260     0.508
 4     0.471     0.810    -0.348
 4    -0.321     0.524     0.788
 5   131.211    26.301    12.460
 5     0.945     0.312     0.097
 5     0.304    -0.728    -0.614
 5    -0.121     0.610    -0.783
 6   150.900    30.450     1.408
 6     0.933     0.339     0.123
 6    -0.041     0.441    -0.897
 6    -0.358     0.831     0.425
 7   111.444   -18.359    -1.258
 7     0.701     0.328     0.633
 7    -0.627     0.706     0.328
 7    -0.340    -0.627     0.701
 8   130.397   -26.222     7.796
 8    -0.884     0.356     0.303
 8     0.445     0.839     0.312
 8    -0.143     0.410    -0.901
 9   154.168   -32.425    -5.593
 9     0.930    -0.270     0.250
 9    -0.013     0.652     0.756
 9    -0.367    -0.708     0.604
 2    99.348   -21.840    59.186
 2     0.682    -0.732    -0.003
 2     0.731     0.680     0.050
 2    -0.034    -0.037     0.999
 3   101.871    -5.392    10.977
 3     0.172    -0.075     0.982
 3     0.075     0.995     0.062
 3    -0.982     0.063     0.176
 4   111.149    11.411    -0.770
 4     0.792    -0.245     0.559
 4     0.466     0.834    -0.295
 4    -0.395     0.494     0.774
 5   131.518    26.012     8.691
 5     0.922     0.386     0.015
 5     0.307    -0.707    -0.637
 5    -0.235     0.593    -0.771
 6   149.291    29.564    -6.413
 6     0.857     0.475     0.196
 6    -0.067     0.480    -0.875
 6    -0.510     0.737     0.443
 7   111.054   -18.100    -1.389
 7     0.691     0.305     0.655
 7    -0.609     0.734     0.300
 7    -0.389    -0.606     0.693
 8   131.235   -25.998     3.514
 8    -0.895     0.403     0.191
 8     0.445     0.821     0.356
 8    -0.013     0.404    -0.915
 9   151.915   -31.229   -13.560
 9     0.853    -0.391     0.349
 9     0.018     0.685     0.726
 9    -0.522    -0.614     0.592
 2    99.348   -21.840    59.186
 2     0.682    -0.732    -0.003
 2     0.731     0.680     0.050
 2    -0.034    -0.037     0.999
 3   101.879    -5.367    11.038
 3     0.179    -0.072     0.981
 3     0.072     0.995     0.060
 3    -0.981     0.060     0.184
 4   110.892    11.073    -0.943
 4     0.774    -0.239     0.587
 4     0.464     0.843    -0.271
 4    -0.430     0.481     0.763
 5   131.462    25.877     5.295
 5     0.885     0.464    -0.034
 5     0.330    -0.676    -0.658
 5    -0.328     0.572    -0.752
 6   147.500    28.199   -12.219
 6     0.780     0.574     0.250
 6    -0.100     0.508    -0.855
 6    -0.618     0.642     0.454
 7   110.689   -17.802    -1.482
 7     0.688     0.282     0.669
 7    -0.588     0.757     0.286
 7    -0.426    -0.590     0.686
 8   131.576   -25.471    -0.003
 8    -0.893     0.439     0.095
 8     0.439     0.806     0.395
 8     0.097     0.395    -0.913
 9   149.766   -29.945   -19.171
 9     0.781    -0.464     0.423
 9     0.042     0.708     0.702
 9    -0.624    -0.532     0.573
 2    99.348   -21.840    59.186
 2     0.682    -0.732    -0.003
 2     0.731     0.680     0.050
 2    -0.034    -0.037     0.999
 3   101.885    -5.368    11.043
 3     0.182    -0.074     0.980
 3     0.072     0.995     0.061
 3    -0.981     0.059     0.186
 4   110.596    10.852    -1.120
 4     0.764    -0.235     0.601
 4     0.464     0.846    -0.261
 4    -0.448     0.479     0.755
 5   131.231    25.578     3.364
 5     0.859     0.509    -0.061
 5     0.344    -0.659    -0.669
 5    -0.379     0.554    -0.741
 6   145.869    27.335   -15.990
 6     0.719     0.633     0.287
 6    -0.124     0.522    -0.844
 6    -0.684     0.571     0.453
 7   110.562   -17.591    -1.597
 7     0.687     0.264     0.677
 7    -0.573     0.770     0.282
 7    -0.447    -0.581     0.680
 8   131.702   -24.927    -2.456
 8    -0.882     0.470     0.026
 8     0.435     0.793     0.424
 8     0.178     0.386    -0.905
 9   147.695   -29.066   -23.011
 9     0.719    -0.508     0.479
 9     0.055     0.724     0.685
 9    -0.693    -0.467     0.549
 2    99.348   -21.840    59.186
 2     0.682    -0.732    -0.003
 2     0.731     0.680     0.050
 2    -0.034    -0.037     0.999
 3   101.912    -5.370    11.045
 3     0.182    -0.074     0.980
 3     0.071     0.995     0.061
 3    -0.981     0.059     0.187
 4   110.379    10.630    -1.267
 4     0.755    -0.228     0.614
 4     0.460     0.851    -0.250
 4    -0.466     0.472     0.748
 5   131.022    25.113     1.506
 5     0.834     0.544    -0.095
 5     0.342    -0.642    -0.685
 5    -0.433     0.540    -0.722
 6   144.326    26.361   -19.022
 6     0.665     0.678     0.316
 6    -0.144     0.529    -0.836
 6    -0.733     0.510     0.449
 7   110.442   -17.418    -1.677
 7     0.689     0.253     0.679
 7    -0.564     0.776     0.283
 7    -0.455    -0.578     0.677
 8   131.531   -24.758    -4.884
 8    -0.860     0.509    -0.044
 8     0.435     0.774     0.458
 8     0.267     0.375    -0.888
 9   144.885   -28.471   -26.862
 9     0.651    -0.534     0.545
 9     0.068     0.750     0.654
 9    -0.756    -0.390     0.524
 2    99.348   -21.840    59.186
 2     0.682    -0.732    -0.003
 2     0.731     0.680     0.050
 2    -0.034    -0.037     0.999
 3   101.982    -5.323    11.116
 3     0.184    -0.073     0.980
 3     0.067     0.996     0.062
 3    -0.981     0.054     0.188
 4   110.290    10.254    -1.430
 4     0.748    -0.227     0.624
 4     0.453     0.860    -0.232
 4    -0.485     0.456     0.746
 5   130.933    24.737     0.297
 5     0.817     0.565    -0.118
 5     0.334    -0.627    -0.703
 5    -0.470     0.536    -0.702
 6   143.493    25.529   -21.007
 6     0.634     0.698     0.339
 6    -0.154     0.539    -0.827
 6    -0.758     0.471     0.448
 7   110.169   -17.303    -1.690
 7     0.683     0.248     0.687
 7    -0.562     0.779     0.278
 7    -0.466    -0.576     0.671
 8   130.922   -24.753    -7.244
 8    -0.829     0.551    -0.102
 8     0.438     0.750     0.493
 8     0.347     0.365    -0.864
 9   142.016   -27.790   -30.267
 9     0.586    -0.551     0.602
 9     0.083     0.772     0.625
 9    -0.806    -0.317     0.496
 2    99.348   -21.840    59.186
 2     0.682    -0.732    -0.003
 2     0.731     0.680     0.050
 2    -0.034    -0.037     0.999
 3   101.983    -5.325    11.118
 3     0.184    -0.072     0.980
 3     0.066     0.996     0.061
 3    -0.981     0.054     0.188
 4   110.017    10.079    -1.481
 4     0.735    -0.232     0.637
 4     0.450     0.869    -0.203
 4    -0.507     0.436     0.743
 5   130.586    24.455    -0.898
 5     0.800     0.586    -0.130
 5     0.336    -0.615    -0.713
 5    -0.497     0.527    -0.690
 6   142.337    24.591   -22.910
 6     0.600     0.718     0.357
 6    -0.167     0.545    -0.821
 6    -0.782     0.432     0.446
 7   109.932   -17.131    -1.668
 7     0.681     0.242     0.691
 7    -0.560     0.780     0.279
 7    -0.472    -0.577     0.666
 8   130.447   -24.520    -8.695
 8    -0.806     0.577    -0.141
 8     0.436     0.735     0.518
 8     0.401     0.357    -0.844
 9   140.093   -27.279   -32.047
 9     0.548    -0.555     0.634
 9     0.088     0.784     0.609
 9    -0.832    -0.277     0.475
 2    99.398   -21.840    59.237
 2     0.682    -0.732    -0.003
 2     0.730     0.680     0.050
 2    -0.034    -0.037     0.999
 3   101.923    -5.370    11.135
 3     0.186    -0.074     0.980
 3     0.066     0.996     0.062
 3    -0.980     0.053     0.190
 4   109.658     9.875    -1.537
 4     0.716    -0.248     0.653
 4     0.449     0.879    -0.160
 4    -0.534     0.407     0.740
 5   130.007    24.177    -2.327
 5     0.776     0.612    -0.153
 5     0.331    -0.599    -0.728
 5    -0.537     0.516    -0.668
 6   140.769    24.081   -24.977
 6     0.563     0.733     0.389
 6    -0.172     0.559    -0.809
 6    -0.808     0.387     0.440
 7   109.698   -17.060    -1.650
 7     0.678     0.237     0.696
 7    -0.559     0.781     0.279
 7    -0.477    -0.578     0.661
 8   130.138   -24.487    -9.629
 8    -0.790     0.592    -0.163
 8     0.434     0.725     0.532
 8     0.433     0.351    -0.830
 9   138.782   -26.980   -33.282
 9     0.522    -0.554     0.656
 9     0.093     0.794     0.596
 9    -0.848    -0.249     0.462
 2    99.348   -21.840    59.186
 2     0.682    -0.732    -0.003
 2     0.731     0.680     0.050
 2    -0.034    -0.037     0.999
 3   101.879    -5.372    11.141
 3     0.188    -0.076     0.979
 3     0.065     0.996     0.065
 3    -0.980     0.052     0.192
 4   109.433     9.647    -1.624
 4     0.700    -0.265     0.663
 4     0.446     0.887    -0.117
 4    -0.558     0.377     0.739
 5   129.571    23.905    -3.387
 5     0.754     0.636    -0.166
 5     0.325    -0.578    -0.747
 5    -0.570     0.511    -0.643
 6   139.368    23.503   -26.533
 6     0.532     0.741     0.414
 6    -0.179     0.572    -0.800
 6    -0.828     0.351     0.434
 7   109.462   -17.017    -1.628
 7     0.674     0.234     0.701
 7    -0.559     0.781     0.277
 7    -0.483    -0.578     0.657
 8   129.832   -24.426   -10.592
 8    -0.774     0.606    -0.188
 8     0.428     0.716     0.549
 8     0.466     0.345    -0.814
 9   137.550   -26.705   -34.339
 9     0.496    -0.556     0.674
 9     0.097     0.800     0.586
 9    -0.863    -0.225     0.448
 2    99.348   -21.840    59.186
 2     0.682    -0.732    -0.003
 2     0.731     0.680     0.050
 2    -0.034    -0.037     0.999
 3   101.828    -5.396    11.191
 3     0.188    -0.077     0.979
 3     0.066     0.995     0.065
 3    -0.980     0.052     0.193
 4   109.232     9.481    -1.624
 4     0.692    -0.275     0.668
 4     0.442     0.892    -0.092
 4    -0.571     0.359     0.738
 5   129.187    23.747    -4.028
 5     0.740     0.649    -0.180
 5     0.318    -0.570    -0.756
 5    -0.592     0.503    -0.629
 6   138.401    23.188   -27.609
 6     0.507     0.749     0.430
 6    -0.182     0.577    -0.795
 6    -0.843     0.325     0.426
 7   109.334   -16.969    -1.619
 7     0.671     0.234     0.703
 7    -0.560     0.781     0.276
 7    -0.485    -0.579     0.655
 8   129.590   -24.252   -11.059
 8    -0.764     0.613    -0.203
 8     0.424     0.712     0.557
 8     0.486     0.341    -0.805
 9   136.812   -26.594   -34.969
 9     0.483    -0.552     0.687
 9     0.096     0.806     0.579
 9    -0.870    -0.213     0.439
 2    99.398   -21.815    59.237
 2     0.681    -0.733    -0.003
 2     0.731     0.679     0.050
 2    -0.034    -0.037     0.999
 3   101.830    -5.448    11.193
 3     0.190    -0.078     0.979
 3     0.066     0.995     0.066
 3    -0.980     0.052     0.194
 4   109.106     9.338    -1.592
 4     0.683    -0.285     0.673
 4     0.437     0.897    -0.065
 4    -0.585     0.338     0.737
 5   128.910    23.580    -4.748
 5     0.722     0.664    -0.199
 5     0.308    -0.563    -0.766
 5    -0.620     0.492    -0.611
 6   137.496    22.620   -28.683
 6     0.481     0.759     0.443
 6    -0.190     0.579    -0.792
 6    -0.856     0.297     0.420
 7   109.286   -16.970    -1.566
 7     0.669     0.234     0.705
 7    -0.562     0.780     0.275
 7    -0.485    -0.581     0.654
 8   129.425   -24.180   -11.502
 8    -0.753     0.622    -0.217
 8     0.420     0.706     0.568
 8     0.506     0.337    -0.793
 9   136.121   -26.613   -35.463
 9     0.471    -0.546     0.699
 9     0.093     0.813     0.570
 9    -0.878    -0.202     0.430
 2    99.348   -21.840    59.186
 2     0.681    -0.733    -0.003
 2     0.731     0.679     0.050
 2    -0.034    -0.037     0.999
 3   101.840    -5.443    11.181
 3     0.191    -0.076     0.978
 3     0.066     0.995     0.065
 3    -0.979     0.052     0.195
 4   109.005     9.221    -1.591
 4     0.676    -0.291     0.677
 4     0.431     0.901    -0.044
 4    -0.598     0.321     0.734
 5   128.623    23.317    -5.327
 5     0.705     0.676    -0.214
 5     0.298    -0.554    -0.776
 5    -0.643     0.485    -0.593
 6   136.494    22.279   -29.555
 6     0.456     0.767     0.455
 6    -0.198     0.582    -0.788
 6    -0.868     0.270     0.414
 7   109.213   -16.920    -1.564
 7     0.668     0.235     0.706
 7    -0.565     0.778     0.275
 7    -0.485    -0.583     0.652
 8   129.143   -24.258   -12.080
 8    -0.738     0.635    -0.230
 8     0.419     0.697     0.580
 8     0.528     0.332    -0.781
 9   135.096   -26.586   -36.180
 9     0.453    -0.538     0.716
 9     0.089     0.821     0.559
 9    -0.887    -0.188     0.417
 2    99.348   -21.815    59.186
 2     0.681    -0.733    -0.003
 2     0.731     0.679     0.050
 2    -0.034    -0.037     0.999
 3   101.838    -5.442    11.230
 3     0.192    -0.076     0.978
 3     0.067     0.995     0.064
 3    -0.979     0.053     0.197
 4   108.825     9.077    -1.530
 4     0.666    -0.302     0.683
 4     0.425     0.905    -0.016
 4    -0.613     0.301     0.730
 5   128.057    23.236    -6.017
 5     0.685     0.694    -0.223
 5     0.296    -0.542    -0.786
 5    -0.665     0.473    -0.577
 6   135.190    22.064   -30.566
 6     0.428     0.770     0.478
 6    -0.202     0.592    -0.779
 6    -0.881     0.237     0.406
 7   109.032   -16.847    -1.503
 7     0.667     0.232     0.708
 7    -0.563     0.779     0.275
 7    -0.488    -0.583     0.650
 8   128.951   -24.059   -12.571
 8    -0.728     0.642    -0.245
 8     0.413     0.692     0.590
 8     0.547     0.329    -0.769
 9   134.301   -26.145   -36.683
 9     0.438    -0.539     0.725
 9     0.092     0.823     0.554
 9    -0.894    -0.176     0.408
 2    99.348   -21.815    59.186
 2     0.682    -0.732    -0.003
 2     0.731     0.680     0.050
 2    -0.034    -0.037     0.999
 3   101.709    -5.433    11.152
 3     0.195    -0.080     0.977
 3     0.072     0.995     0.066
 3    -0.978     0.057     0.199
 4   108.552     9.117    -1.439
 4     0.657    -0.313     0.686
 4     0.424     0.905     0.005
 4    -0.623     0.288     0.727
 5   127.633    23.343    -6.375
 5     0.671     0.707    -0.227
 5     0.296    -0.532    -0.792
 5    -0.680     0.464    -0.567
 6   134.421    22.120   -31.017
 6     0.414     0.769     0.490
 6    -0.202     0.599    -0.774
 6    -0.888     0.220     0.401
 7   108.922   -16.749    -1.541
 7     0.666     0.228     0.710
 7    -0.560     0.781     0.275
 7    -0.492    -0.581     0.648
 8   128.758   -23.742   -12.935
 8    -0.723     0.644    -0.254
 8     0.407     0.691     0.596
 8     0.558     0.328    -0.762
 9   133.798   -25.774   -37.123
 9     0.431    -0.537     0.731
 9     0.093     0.826     0.550
 9    -0.898    -0.167     0.402
 2    99.348   -21.840    59.186
 2     0.682    -0.732    -0.003
 2     0.731     0.680     0.050
 2    -0.034    -0.037     0.999
 3   101.700    -5.431    11.194
 3     0.196    -0.082     0.977
 3     0.075     0.995     0.068
 3    -0.978     0.060     0.201
 4   108.531     9.056    -1.448
 4     0.648    -0.324     0.689
 4     0.422     0.905     0.027
 4    -0.633     0.273     0.724
 5   127.260    23.297    -6.859
 5     0.655     0.720    -0.233
 5     0.295    -0.524    -0.798
 5    -0.695     0.455    -0.556
 6   133.434    21.786   -31.826
 6     0.392     0.773     0.503
 6    -0.208     0.603    -0.769
 6    -0.896     0.196     0.395
 7   108.843   -16.675    -1.534
 7     0.665     0.226     0.711
 7    -0.559     0.782     0.275
 7    -0.494    -0.581     0.647
 8   128.429   -23.718   -13.542
 8    -0.707     0.656    -0.268
 8     0.404     0.682     0.608
 8     0.580     0.322    -0.747
 9   132.760   -25.516   -37.804
 9     0.411    -0.531     0.746
 9     0.096     0.834     0.538
 9    -0.906    -0.147     0.391
 2    99.348   -21.840    59.237
 2     0.682    -0.732    -0.003
 2     0.731     0.680     0.050
 2    -0.034    -0.037     0.999
 3   101.655    -5.424    11.229
 3     0.197    -0.084     0.977
 3     0.077     0.994     0.069
 3    -0.977     0.061     0.202
 4   108.161     8.856    -1.501
 4     0.634    -0.334     0.698
 4     0.416     0.907     0.055
 4    -0.652     0.255     0.713
 5   126.624    23.223    -7.411
 5     0.635     0.737    -0.235
 5     0.297    -0.511    -0.806
 5    -0.713     0.442    -0.543
 6   132.185    21.707   -32.531
 6     0.371     0.770     0.522
 6    -0.208     0.613    -0.761
 6    -0.905     0.173     0.384
 7   108.570   -16.679    -1.471
 7     0.661     0.225     0.716
 7    -0.564     0.778     0.276
 7    -0.496    -0.586     0.641
 8   128.042   -23.722   -14.016
 8    -0.692     0.666    -0.281
 8     0.402     0.676     0.616
 8     0.599     0.314    -0.736
 9   131.701   -25.539   -38.291
 9     0.393    -0.525     0.760
 9     0.096     0.840     0.529
 9    -0.915    -0.133     0.377
 2    99.348   -21.840    59.237
 2     0.681    -0.733    -0.003
 2     0.731     0.679     0.050
 2    -0.034    -0.037     0.999
 3   101.529    -5.475    11.229
 3     0.199    -0.085     0.976
 3     0.078     0.994     0.070
 3    -0.977     0.062     0.205
 4   107.959     8.790    -1.375
 4     0.625    -0.341     0.702
 4     0.410     0.908     0.074
 4    -0.664     0.242     0.708
 5   126.199    23.205    -7.826
 5     0.618     0.750    -0.240
 5     0.299    -0.503    -0.810
 5    -0.727     0.430    -0.535
 6   131.341    21.602   -33.088
 6     0.350     0.772     0.534
 6    -0.209     0.617    -0.758
 6    -0.913     0.153     0.374
 7   108.497   -16.628    -1.418
 7     0.659     0.224     0.718
 7    -0.565     0.777     0.276
 7    -0.496    -0.588     0.638
 8   127.750   -23.677   -14.458
 8    -0.678     0.677    -0.291
 8     0.401     0.669     0.625
 8     0.616     0.307    -0.724
 9   130.710   -25.251   -38.902
 9     0.374    -0.522     0.772
 9     0.102     0.845     0.520
 9    -0.922    -0.114     0.366
 2    99.348   -21.840    59.186
 2     0.681    -0.733    -0.003
 2     0.731     0.679     0.050
 2    -0.034    -0.037     0.999
 3   101.529    -5.468    11.233
 3     0.200    -0.088     0.976
 3     0.081     0.994     0.072
 3    -0.976     0.065     0.206
 4   107.865     8.780    -1.393
 4     0.618    -0.348     0.706
 4     0.408     0.908     0.090
 4    -0.672     0.232     0.702
 5   125.811    23.244    -8.102
 5     0.605     0.760    -0.242
 5     0.301    -0.496    -0.814
 5    -0.737     0.420    -0.529
 6   130.612    21.706   -33.487
 6     0.334     0.775     0.540
 6    -0.205     0.616    -0.760
 6    -0.920     0.142     0.361
 7   108.447   -16.528    -1.413
 7     0.658     0.222     0.720
 7    -0.566     0.776     0.278
 7    -0.497    -0.590     0.636
 8   127.438   -23.607   -15.031
 8    -0.661     0.690    -0.299
 8     0.400     0.658     0.636
 8     0.634     0.301    -0.711
 9   129.770   -24.937   -39.445
 9     0.355    -0.515     0.784
 9     0.108     0.852     0.508
 9    -0.928    -0.094     0.355
 2    99.348   -21.840    59.186
 2     0.682    -0.732    -0.003
 2     0.731     0.680     0.050
 2    -0.034    -0.037     0.999
 3   101.518    -5.463    11.222
 3     0.200    -0.091     0.975
 3     0.085     0.993     0.075
 3    -0.976     0.068     0.207
 4   107.664     8.692    -1.302
 4     0.609    -0.354     0.710
 4     0.405     0.907     0.104
 4    -0.682     0.224     0.696
 5   125.366    23.232    -8.429
 5     0.589     0.770    -0.246
 5     0.304    -0.491    -0.816
 5    -0.748     0.406    -0.524
 6   129.678    21.809   -33.862
 6     0.318     0.778     0.545
 6    -0.199     0.613    -0.763
 6    -0.927     0.133     0.347
 7   108.327   -16.453    -1.333
 7     0.655     0.221     0.722
 7    -0.569     0.773     0.280
 7    -0.497    -0.594     0.632
 8   127.212   -23.539   -15.339
 8    -0.649     0.696    -0.310
 8     0.398     0.655     0.641
 8     0.648     0.293    -0.702
 9   128.837   -24.880   -39.817
 9     0.338    -0.513     0.793
 9     0.109     0.854     0.504
 9    -0.935    -0.081     0.342
 2    99.348   -21.815    59.186
 2     0.681    -0.733    -0.003
 2     0.731     0.679     0.050
 2    -0.034    -0.037     0.999
 3   101.474    -5.457    11.258
 3     0.202    -0.093     0.975
 3     0.087     0.993     0.077
 3    -0.975     0.069     0.209
 4   107.509     8.629    -1.259
 4     0.598    -0.362     0.716
 4     0.403     0.907     0.120
 4    -0.693     0.216     0.688
 5   125.004    23.167    -8.752
 5     0.577     0.779    -0.250
 5     0.304    -0.485    -0.819
 5    -0.758     0.397    -0.516
 6   128.948    21.607   -34.201
 6     0.300     0.781     0.550
 6    -0.202     0.612    -0.763
 6    -0.932     0.117     0.339
 7   108.154   -16.455    -1.274
 7     0.652     0.220     0.726
 7    -0.572     0.770     0.281
 7    -0.498    -0.598     0.628
 8   126.908   -23.574   -15.747
 8    -0.636     0.704    -0.319
 8     0.397     0.650     0.646
 8     0.661     0.284    -0.693
 9   127.990   -24.844   -40.199
 9     0.322    -0.509     0.802
 9     0.109     0.858     0.498
 9    -0.940    -0.070     0.328
 2    99.348   -21.815    59.186
 2     0.681    -0.733    -0.003
 2     0.731     0.679     0.050
 2    -0.034    -0.037     0.999
 3   101.365    -5.506    11.250
 3     0.203    -0.094     0.974
 3     0.090     0.993     0.077
 3    -0.975     0.072     0.210
 4   107.341     8.569    -1.231
 4     0.592    -0.365     0.719
 4     0.400     0.907     0.131
 4    -0.700     0.210     0.682
 5   124.723    23.105    -9.006
 5     0.567     0.785    -0.254
 5     0.303    -0.483    -0.821
 5    -0.766     0.388    -0.511
 6   128.308    21.559   -34.551
 6     0.286     0.784     0.553
 6    -0.202     0.611    -0.765
 6    -0.937     0.106     0.330
 7   107.982   -16.407    -1.266
 7     0.647     0.219     0.730
 7    -0.576     0.767     0.280
 7    -0.499    -0.602     0.623
 8   126.566   -23.427   -16.038
 8    -0.622     0.711    -0.330
 8     0.393     0.646     0.653
 8     0.677     0.276    -0.681
 9   126.765   -24.635   -40.703
 9     0.300    -0.505     0.812
 9     0.113     0.861     0.491
 9    -0.947    -0.054     0.312
 2    99.348   -21.815    59.186
 2     0.682    -0.732    -0.003
 2     0.731     0.680     0.050
 2    -0.034    -0.037     0.999
 3   101.349    -5.501    11.289
 3     0.207    -0.096     0.974
 3     0.092     0.993     0.078
 3    -0.974     0.073     0.214
 4   107.117     8.532    -1.143
 4     0.583    -0.370     0.724
 4     0.396     0.906     0.144
 4    -0.709     0.203     0.675
 5   124.335    23.091    -9.328
 5     0.553     0.793    -0.258
 5     0.302    -0.477    -0.825
 5    -0.776     0.379    -0.503
 6   127.504    21.436   -34.898
 6     0.270     0.785     0.560
 6    -0.203     0.613    -0.763
 6    -0.941     0.092     0.321
 7   107.836   -16.335    -1.205
 7     0.641     0.221     0.735
 7    -0.583     0.763     0.278
 7    -0.500    -0.607     0.618
 8   126.125   -23.424   -16.610
 8    -0.601     0.723    -0.345
 8     0.385     0.637     0.666
 8     0.700     0.267    -0.661
 9   125.743   -24.395   -41.151
 9     0.281    -0.499     0.822
 9     0.118     0.865     0.483
 9    -0.952    -0.036     0.300
 2    99.348   -21.840    59.237
 2     0.681    -0.733    -0.003
 2     0.731     0.679     0.050
 2    -0.034    -0.037     0.999
 3   101.293    -5.448    11.284
 3     0.207    -0.098     0.973
 3     0.094     0.992     0.079
 3    -0.974     0.075     0.215
 4   106.944     8.420    -1.112
 4     0.575    -0.374     0.728
 4     0.394     0.905     0.153
 4    -0.717     0.199     0.668
 5   124.004    23.083    -9.487
 5     0.542     0.801    -0.258
 5     0.305    -0.471    -0.827
 5    -0.783     0.370    -0.499
 6   126.891    21.520   -35.155
 6     0.258     0.784     0.567
 6    -0.200     0.615    -0.762
 6    -0.945     0.083     0.312
 7   107.662   -16.287    -1.172
 7     0.637     0.221     0.738
 7    -0.586     0.761     0.277
 7    -0.501    -0.609     0.615
 8   125.883   -23.330   -17.050
 8    -0.585     0.732    -0.352
 8     0.381     0.629     0.676
 8     0.715     0.262    -0.647
 9   124.751   -24.101   -41.556
 9     0.266    -0.492     0.832
 9     0.124     0.870     0.473
 9    -0.956    -0.020     0.289
 2    99.398   -21.815    59.237
 2     0.681    -0.733    -0.003
 2     0.731     0.679     0.050
 2    -0.034    -0.037     0.999
 3   101.180    -5.496    11.271
 3     0.207    -0.100     0.973
 3     0.098     0.992     0.081
 3    -0.974     0.079     0.215
 4   106.794     8.411    -1.081
 4     0.565    -0.382     0.732
 4     0.394     0.903     0.167
 4    -0.725     0.194     0.660
 5   123.573    23.076    -9.747
 5     0.530     0.809    -0.256
 5     0.308    -0.462    -0.831
 5    -0.790     0.362    -0.494
 6   126.217    21.536   -35.425
 6     0.250     0.780     0.576
 6    -0.199     0.621    -0.757
 6    -0.947     0.073     0.308
 7   107.542   -16.187    -1.112
 7     0.633     0.219     0.743
 7    -0.590     0.758     0.279
 7    -0.502    -0.615     0.608
 8   125.452   -23.310   -17.477
 8    -0.566     0.744    -0.359
 8     0.379     0.618     0.687
 8     0.732     0.253    -0.631
 9   123.652   -23.908   -41.939
 9     0.247    -0.483     0.843
 9     0.129     0.876     0.462
 9    -0.960    -0.003     0.276
 2    99.348   -21.815    59.237
 2     0.681    -0.733    -0.003
 2     0.731     0.679     0.050
 2    -0.034    -0.037     0.999
 3   101.173    -5.486    11.300
 3     0.211    -0.104     0.972
 3     0.100     0.991     0.084
 3    -0.972     0.080     0.220
 4   106.601     8.353    -1.057
 4     0.558    -0.385     0.735
 4     0.392     0.903     0.174
 4    -0.731     0.191     0.655
 5   123.284    23.174    -9.864
 5     0.524     0.814    -0.252
 5     0.309    -0.456    -0.834
 5    -0.793     0.359    -0.491
 6   125.913    21.584   -35.514
 6     0.248     0.775     0.583
 6    -0.198     0.627    -0.752
 6    -0.948     0.070     0.306
 7   107.377   -16.188    -1.007
 7     0.627     0.218     0.747
 7    -0.596     0.752     0.280
 7    -0.501    -0.621     0.602
 8   125.116   -23.425   -17.698
 8    -0.554     0.752    -0.361
 8     0.380     0.611     0.693
 8     0.741     0.246    -0.624
 9   122.909   -23.919   -42.106
 9     0.237    -0.474     0.850
 9     0.129     0.880     0.453
 9    -0.963     0.005     0.267
 2    99.348   -21.815    59.186
 2     0.682    -0.732    -0.003
 2     0.731     0.680     0.050
 2    -0.034    -0.037     0.999
 3   101.138    -5.483    11.322
 3     0.215    -0.103     0.971
 3     0.100     0.991     0.083
 3    -0.971     0.079     0.224
 4   106.497     8.324    -1.047
 4     0.557    -0.385     0.736
 4     0.389     0.903     0.177
 4    -0.733     0.188     0.653
 5   123.204    23.072    -9.915
 5     0.523     0.815    -0.254
 5     0.311    -0.457    -0.833
 5    -0.794     0.357    -0.492
 6   125.787    21.768   -35.622
 6     0.253     0.774     0.583
 6    -0.181     0.627    -0.757
 6    -0.950     0.085     0.296
 7   107.159   -16.191    -0.923
 7     0.620     0.220     0.753
 7    -0.603     0.747     0.278
 7    -0.501    -0.627     0.596
 8   124.601   -23.407   -18.018
 8    -0.535     0.762    -0.368
 8     0.379     0.603     0.700
 8     0.755     0.235    -0.611
 9   121.883   -24.039   -42.412
 9     0.222    -0.460     0.862
 9     0.124     0.888     0.440
 9    -0.967     0.012     0.251
 2    99.348   -21.815    59.186
 2     0.681    -0.733    -0.003
 2     0.731     0.679     0.050
 2    -0.034    -0.037     0.999
 3   101.087    -5.484    11.371
 3     0.217    -0.103     0.971
 3     0.101     0.991     0.082
 3    -0.971     0.080     0.225
 4   106.412     8.216    -1.080
 4     0.555    -0.384     0.738
 4     0.386     0.904     0.179
 4    -0.737     0.185     0.650
 5   123.103    22.946   -10.045
 5     0.521     0.814    -0.257
 5     0.310    -0.459    -0.832
 5    -0.794     0.354    -0.492
 6   125.725    21.766   -35.671
 6     0.254     0.774     0.583
 6    -0.179     0.627    -0.757
 6    -0.951     0.087     0.295
 7   107.039   -16.115    -0.873
 7     0.618     0.222     0.754
 7    -0.606     0.745     0.277
 7    -0.500    -0.629     0.595
 8   124.435   -23.406   -18.078
 8    -0.532     0.765    -0.366
