% Calibrated with leiden_pols
% Positions are in centimeters
Data =[
 2    98.548   -18.091    59.125
 2    -0.237    -0.972    -0.002
 2     0.971    -0.236     0.040
 2    -0.041     0.006     0.999
 3   101.138    -4.961    11.449
 3     0.172    -0.135     0.976
 3     0.032     0.991     0.131
 3    -0.984     0.009     0.175
 4   112.662    15.117     1.014
 4     0.845    -0.423     0.328
 4     0.528     0.564    -0.634
 4     0.083     0.709     0.700
 5   111.559    18.030    34.612
 5    -0.260     0.027     0.965
 5    -0.222     0.971    -0.086
 5    -0.940    -0.236    -0.247
 6   130.657    26.086    46.801
 6     0.472    -0.632    -0.619
 6    -0.096     0.658    -0.745
 6     0.876     0.409     0.249
 7   112.371   -18.471     0.495
 7     0.738     0.417     0.531
 7    -0.671     0.536     0.512
 7    -0.070    -0.734     0.675
 8   109.666   -26.046    27.966
 8    -0.274    -0.117     0.955
 8     0.346     0.914     0.210
 8    -0.897     0.387    -0.210
 9   134.544   -28.196    44.348
 9     0.380     0.296    -0.877
 9     0.082     0.933     0.350
 9     0.921    -0.205     0.329
 2    98.548   -18.142    59.125
 2    -0.236    -0.972    -0.003
 2     0.971    -0.235     0.040
 2    -0.041     0.006     0.999
 3   101.139    -4.962    11.449
 3     0.173    -0.133     0.976
 3     0.032     0.991     0.129
 3    -0.984     0.009     0.176
 4   112.665    15.067     0.960
 4     0.846    -0.422     0.326
 4     0.526     0.564    -0.636
 4     0.084     0.709     0.699
 5   111.696    18.135    34.588
 5    -0.266     0.034     0.963
 5    -0.225     0.970    -0.096
 5    -0.937    -0.241    -0.250
 6   130.900    26.109    46.768
 6     0.475    -0.626    -0.622
 6    -0.094     0.664    -0.739
 6     0.874     0.408     0.257
 7   112.380   -18.517     0.534
 7     0.739     0.418     0.528
 7    -0.670     0.533     0.516
 7    -0.066    -0.735     0.674
 8   110.213   -26.366    27.903
 8    -0.297    -0.124     0.947
 8     0.351     0.908     0.228
 8    -0.888     0.400    -0.226
 9   135.589   -28.547    43.668
 9     0.398     0.253    -0.882
 9     0.068     0.950     0.304
 9     0.915    -0.181     0.361
 2    98.548   -18.142    59.100
 2    -0.236    -0.972    -0.002
 2     0.971    -0.235     0.040
 2    -0.041     0.006     0.999
 3   101.145    -4.965    11.404
 3     0.173    -0.127     0.977
 3     0.030     0.992     0.124
 3    -0.984     0.008     0.175
 4   112.714    14.987     0.945
 4     0.849    -0.420     0.321
 4     0.521     0.572    -0.633
 4     0.082     0.704     0.704
 5   113.460    18.865    34.272
 5    -0.334     0.021     0.942
 5    -0.260     0.959    -0.113
 5    -0.906    -0.282    -0.315
 6   133.844    27.700    44.806
 6     0.551    -0.583    -0.600
 6    -0.057     0.689    -0.720
 6     0.832     0.431     0.347
 7   112.566   -18.534     0.618
 7     0.746     0.413     0.523
 7    -0.663     0.532     0.526
 7    -0.061    -0.739     0.670
 8   111.964   -26.958    27.202
 8    -0.364    -0.091     0.927
 8     0.384     0.892     0.237
 8    -0.849     0.442    -0.290
 9   138.213   -29.678    41.949
 9     0.465     0.236    -0.854
 9     0.043     0.956     0.288
 9     0.884    -0.171     0.433
 2    98.549   -18.091    59.100
 2    -0.236    -0.972    -0.002
 2     0.971    -0.235     0.040
 2    -0.041     0.006     0.999
 3   101.312    -5.072    11.371
 3     0.173    -0.118     0.978
 3     0.025     0.993     0.115
 3    -0.984     0.005     0.175
 4   112.919    14.873     0.802
 4     0.854    -0.411     0.319
 4     0.515     0.584    -0.628
 4     0.071     0.700     0.710
 5   115.920    20.151    33.549
 5    -0.424    -0.034     0.905
 5    -0.321     0.940    -0.115
 5    -0.847    -0.339    -0.410
 6   138.114    29.833    40.903
 6     0.682    -0.506    -0.531
 6    -0.019     0.711    -0.701
 6     0.730     0.489     0.476
 7   112.559   -18.530     0.411
 7     0.744     0.404     0.532
 7    -0.662     0.549     0.510
 7    -0.086    -0.732     0.676
 8   114.894   -27.338    26.156
 8    -0.482     0.063     0.875
 8     0.440     0.880     0.178
 8    -0.758     0.471    -0.451
 9   143.205   -33.332    36.456
 9     0.634     0.287    -0.719
 9    -0.043     0.940     0.338
 9     0.771    -0.184     0.607
 2    98.548   -18.091    59.100
 2    -0.237    -0.972    -0.002
 2     0.971    -0.236     0.040
 2    -0.041     0.006     0.999
 3   101.382    -5.030    11.366
 3     0.170    -0.110     0.979
 3     0.023     0.994     0.107
 3    -0.985     0.004     0.171
 4   112.960    14.523     0.421
 4     0.870    -0.372     0.326
 4     0.493     0.614    -0.617
 4     0.029     0.696     0.716
 5   119.982    22.374    30.995
 5    -0.557    -0.100     0.824
 5    -0.402     0.901    -0.163
 5    -0.726    -0.422    -0.542
 6   143.410    32.402    33.904
 6     0.823    -0.382    -0.421
 6     0.029     0.767    -0.641
 6     0.566     0.515     0.642
 7   112.268   -18.301    -0.026
 7     0.733     0.397     0.553
 7    -0.667     0.581     0.466
 7    -0.136    -0.710     0.690
 8   118.776   -27.847    23.408
 8    -0.592     0.227     0.774
 8     0.505     0.851     0.137
 8    -0.628     0.472    -0.618
 9   147.797   -35.767    28.337
 9     0.800     0.265    -0.539
 9    -0.124     0.951     0.283
 9     0.587    -0.160     0.793
 2    98.548   -18.091    59.099
 2    -0.237    -0.972    -0.002
 2     0.971    -0.236     0.041
 2    -0.041     0.007     0.999
 3   101.484    -5.031    11.266
 3     0.169    -0.107     0.980
 3     0.022     0.994     0.104
 3    -0.985     0.004     0.170
 4   112.743    14.121     0.131
 4     0.876    -0.344     0.339
 4     0.482     0.647    -0.590
 4    -0.017     0.680     0.732
 5   122.882    23.662    28.383
 5    -0.645    -0.156     0.748
 5    -0.451     0.868    -0.208
 5    -0.617    -0.471    -0.630
 6   146.437    34.097    27.256
 6     0.911    -0.286    -0.297
 6     0.060     0.805    -0.591
 6     0.408     0.520     0.750
 7   111.990   -18.040    -0.431
 7     0.723     0.392     0.570
 7    -0.667     0.609     0.428
 7    -0.180    -0.689     0.701
 8   121.284   -28.240    20.731
 8    -0.639     0.312     0.704
 8     0.545     0.828     0.129
 8    -0.542     0.466    -0.699
 9   150.180   -37.217    21.253
 9     0.891     0.250    -0.379
 9    -0.175     0.959     0.222
 9     0.419    -0.132     0.898
 2    98.573   -18.091    59.125
 2    -0.237    -0.972    -0.002
 2     0.971    -0.236     0.040
 2    -0.041     0.006     0.999
 3   101.529    -4.975    11.186
 3     0.172    -0.100     0.980
 3     0.028     0.995     0.097
 3    -0.985     0.011     0.174
 4   112.276    13.653    -0.238
 4     0.869    -0.324     0.374
 4     0.486     0.693    -0.532
 4    -0.087     0.643     0.760
 5   125.613    25.315    24.603
 5    -0.726    -0.260     0.637
 5    -0.509     0.826    -0.244
 5    -0.463    -0.501    -0.731
 6   148.458    35.736    17.698
 6     0.980    -0.167    -0.104
 6     0.089     0.848    -0.523
 6     0.176     0.503     0.846
 7   111.647   -17.686    -0.766
 7     0.708     0.389     0.589
 7    -0.667     0.641     0.379
 7    -0.230    -0.662     0.713
 8   123.986   -28.633    16.742
 8    -0.687     0.418     0.596
 8     0.579     0.808     0.102
 8    -0.439     0.414    -0.796
 9   151.693   -38.043    11.572
 9     0.962     0.238    -0.134
 9    -0.218     0.964     0.150
 9     0.165    -0.116     0.979
 2    98.573   -18.091    59.099
 2    -0.237    -0.972    -0.001
 2     0.971    -0.236     0.040
 2    -0.041     0.007     0.999
 3   101.645    -4.971    11.175
 3     0.173    -0.099     0.980
 3     0.027     0.995     0.096
 3    -0.984     0.010     0.175
 4   111.579    13.042    -0.738
 4     0.857    -0.303     0.417
 4     0.485     0.744    -0.459
 4    -0.172     0.595     0.784
 5   127.723    26.624    19.750
 5    -0.772    -0.360     0.524
 5    -0.558     0.779    -0.288
 5    -0.304    -0.514    -0.802
 6   148.501    36.255     8.217
 6     0.994    -0.057     0.087
 6     0.090     0.890    -0.447
 6    -0.052     0.453     0.890
 7   111.123   -17.435    -0.939
 7     0.694     0.382     0.610
 7    -0.662     0.672     0.332
 7    -0.283    -0.634     0.719
 8   125.563   -28.655    12.476
 8    -0.649     0.497     0.578
 8     0.621     0.782     0.027
 8    -0.438     0.375    -0.816
 9   151.279   -38.071     1.568
 9     0.966     0.223     0.130
 9    -0.235     0.968     0.084
 9    -0.107    -0.112     0.988
 2    98.826   -17.674    58.836
 2    -0.264    -0.965     0.007
 2     0.961    -0.263    -0.086
 2     0.084    -0.017     0.996
 3   101.558    -5.030    11.316
 3     0.173    -0.107     0.979
 3     0.023     0.994     0.104
 3    -0.985     0.004     0.175
 4   110.879    12.443    -0.981
 4     0.841    -0.284     0.460
 4     0.483     0.776    -0.405
 4    -0.243     0.562     0.790
 5   128.672    27.356    15.912
 5    -0.794    -0.428     0.432
 5    -0.580     0.746    -0.329
 5    -0.182    -0.511    -0.840
 6   147.546    35.781     0.340
 6     0.969     0.036     0.242
 6     0.063     0.918    -0.390
 6    -0.236     0.394     0.888
 7   110.491   -17.203    -1.041
 7     0.680     0.363     0.636
 7    -0.653     0.694     0.302
 7    -0.332    -0.621     0.709
 8   126.410   -28.451     8.377
 8    -0.627     0.543     0.561
 8     0.662     0.748     0.017
 8    -0.410     0.381    -0.828
 9   150.024   -36.965    -6.091
 9     0.933     0.185     0.309
 9    -0.204     0.978     0.030
 9    -0.297    -0.092     0.950
 2    98.755   -17.906    56.856
 2    -0.284    -0.959     0.008
 2     0.956    -0.283    -0.076
 2     0.073    -0.014     0.997
 3   101.498    -4.976    11.382
 3     0.169    -0.109     0.979
 3     0.025     0.994     0.106
 3    -0.985     0.006     0.171
 4   110.305    11.926    -1.279
 4     0.829    -0.262     0.494
 4     0.470     0.804    -0.362
 4    -0.303     0.532     0.790
 5   129.556    27.442    12.200
 5    -0.807    -0.484     0.340
 5    -0.587     0.725    -0.360
 5    -0.072    -0.489    -0.869
 6   146.086    34.517    -6.706
 6     0.922     0.103     0.374
 6     0.035     0.938    -0.341
 6    -0.385     0.329     0.862
 7   110.193   -16.994    -1.183
 7     0.676     0.326     0.661
 7    -0.628     0.724     0.284
 7    -0.386    -0.607     0.694
 8   127.381   -28.354     3.929
 8    -0.685     0.574     0.450
 8     0.682     0.721     0.120
 8    -0.255     0.388    -0.885
 9   148.180   -35.515   -14.002
 9     0.876     0.172     0.450
 9    -0.169     0.984    -0.050
 9    -0.452    -0.033     0.891
 2   100.566   -24.016    57.313
 2    -0.680    -0.631     0.374
 2     0.355    -0.729    -0.585
 2     0.641    -0.265     0.719
 3   101.570    -5.031    11.556
 3     0.173    -0.111     0.979
 3     0.021     0.994     0.109
 3    -0.985     0.001     0.174
 4   109.744    11.390    -1.595
 4     0.815    -0.245     0.525
 4     0.457     0.828    -0.324
 4    -0.356     0.504     0.786
 5   129.986    27.731     7.695
 5    -0.799    -0.560     0.220
 5    -0.596     0.691    -0.409
 5     0.076    -0.458    -0.886
 6   142.889    33.353   -14.264
 6     0.839     0.147     0.527
 6     0.006     0.961    -0.270
 6    -0.544     0.233     0.805
 7   109.592   -16.702    -1.277
 7     0.670     0.295     0.681
 7    -0.605     0.748     0.272
 7    -0.430    -0.594     0.679
 8   127.407   -28.267    -0.465
 8    -0.709     0.632     0.316
 8     0.702     0.673     0.231
 8    -0.066     0.384    -0.920
 9   144.813   -34.114   -20.737
 9     0.800     0.185     0.570
 9    -0.138     0.982    -0.127
 9    -0.583     0.023     0.812
 2   112.066   -27.544    55.219
 2    -0.041    -0.997     0.059
 2     0.476    -0.071    -0.876
 2     0.878    -0.010     0.479
 3   101.324    -5.042    11.791
 3     0.166    -0.116     0.979
 3     0.017     0.993     0.114
 3    -0.986    -0.002     0.167
 4   109.120    10.949    -1.769
 4     0.803    -0.234     0.548
 4     0.450     0.840    -0.302
 4    -0.390     0.489     0.780
 5   129.826    27.653     4.473
 5    -0.782    -0.608     0.142
 5    -0.597     0.663    -0.452
 5     0.180    -0.438    -0.881
 6   140.338    31.902   -19.081
 6     0.779     0.159     0.611
 6    -0.023     0.975    -0.215
 6    -0.627     0.155     0.761
 7   109.130   -16.543    -1.189
 7     0.662     0.284     0.694
 7    -0.601     0.754     0.265
 7    -0.448    -0.593     0.669
 8   127.205   -28.005    -3.279
 8    -0.717     0.662     0.218
 8     0.695     0.656     0.292
 8     0.051     0.360    -0.931
 9   141.897   -33.485   -25.159
 9     0.738     0.222     0.638
 9    -0.131     0.973    -0.189
 9    -0.662     0.055     0.746
 2   121.305   -26.356    54.842
 2     0.528    -0.399    -0.752
 2     0.196     0.916    -0.347
 2     0.826     0.036     0.560
 3   101.227    -5.102    11.923
 3     0.162    -0.120     0.979
 3     0.014     0.993     0.120
 3    -0.987    -0.005     0.163
 4   108.564    10.487    -1.853
 4     0.793    -0.232     0.564
 4     0.443     0.854    -0.273
 4    -0.418     0.466     0.779
 5   129.684    27.358     1.865
 5    -0.762    -0.643     0.075
 5    -0.590     0.642    -0.489
 5     0.266    -0.418    -0.869
 6   138.225    30.754   -22.522
 6     0.726     0.161     0.672
 6    -0.043     0.981    -0.180
 6    -0.687     0.103     0.718
 7   108.700   -16.505    -1.142
 7     0.657     0.273     0.703
 7    -0.595     0.759     0.262
 7    -0.462    -0.591     0.661
 8   126.777   -27.689    -5.609
 8    -0.711     0.686     0.156
 8     0.691     0.638     0.338
 8     0.132     0.348    -0.928
 9   139.413   -32.192   -28.485
 9     0.687     0.237     0.688
 9    -0.101     0.967    -0.233
 9    -0.720     0.090     0.687
 2   119.141   -25.218    54.798
 2     0.189    -0.864    -0.467
 2     0.393     0.502    -0.770
 2     0.899    -0.039     0.435
 3   101.165    -5.189    12.092
 3     0.156    -0.123     0.980
 3     0.009     0.992     0.123
 3    -0.988    -0.010     0.156
 4   108.111    10.183    -1.897
 4     0.781    -0.233     0.579
 4     0.439     0.864    -0.247
 4    -0.443     0.447     0.777
 5   129.539    26.974    -0.204
 5    -0.746    -0.666     0.015
 5    -0.576     0.632    -0.518
 5     0.335    -0.395    -0.855
 6   136.130    29.431   -25.326
 6     0.673     0.170     0.723
 6    -0.064     0.983    -0.164
 6    -0.737     0.065     0.671
 7   108.321   -16.338    -1.177
 7     0.656     0.258     0.709
 7    -0.586     0.765     0.264
 7    -0.475    -0.589     0.653
 8   126.147   -27.173    -7.791
 8    -0.684     0.719     0.124
 8     0.703     0.603     0.376
 8     0.196     0.344    -0.918
 9   136.905   -30.868   -31.290
 9     0.639     0.272     0.720
 9    -0.081     0.954    -0.289
 9    -0.765     0.126     0.631
 2   116.658   -26.322    53.674
 2     0.134    -0.828    -0.545
 2     0.277     0.558    -0.782
 2     0.951    -0.046     0.303
 3   101.055    -5.135    12.184
 3     0.152    -0.128     0.980
 3     0.011     0.992     0.127
 3    -0.988    -0.008     0.152
 4   107.678     9.916    -1.915
 4     0.759    -0.246     0.602
 4     0.437     0.878    -0.193
 4    -0.482     0.410     0.774
 5   129.380    26.679    -2.505
 5    -0.718    -0.694    -0.059
 5    -0.558     0.623    -0.548
 5     0.416    -0.362    -0.834
 6   133.568    28.042   -28.283
 6     0.605     0.173     0.780
 6    -0.087     0.985    -0.144
 6    -0.792     0.018     0.609
 7   108.015   -16.215    -1.157
 7     0.654     0.246     0.715
 7    -0.584     0.765     0.271
 7    -0.480    -0.595     0.644
 8   125.291   -27.025    -9.704
 8    -0.649     0.756     0.080
 8     0.711     0.566     0.415
 8     0.269     0.326    -0.906
 9   133.842   -29.983   -33.892
 9     0.582     0.308     0.753
 9    -0.066     0.940    -0.333
 9    -0.810     0.143     0.567
 2   117.119   -25.861    52.434
 2     0.167    -0.721    -0.673
 2     0.193     0.692    -0.695
 2     0.967    -0.015     0.253
 3   100.978    -5.195    12.288
 3     0.149    -0.130     0.980
 3     0.009     0.991     0.130
 3    -0.989    -0.010     0.149
 4   107.191     9.622    -1.775
 4     0.734    -0.261     0.626
 4     0.434     0.890    -0.139
 4    -0.522     0.373     0.767
 5   129.097    26.275    -4.413
 5    -0.687    -0.717    -0.119
 5    -0.543     0.614    -0.572
 5     0.483    -0.329    -0.811
 6   131.082    27.029   -30.608
 6     0.546     0.154     0.825
 6    -0.094     0.988    -0.116
 6    -0.832    -0.016     0.552
 7   107.615   -16.093    -1.086
 7     0.649     0.238     0.722
 7    -0.586     0.761     0.276
 7    -0.484    -0.603     0.634
 8   124.405   -26.816   -11.702
 8    -0.608     0.793     0.023
 8     0.713     0.533     0.454
 8     0.348     0.293    -0.891
 9   130.462   -29.366   -36.463
 9     0.517     0.355     0.780
 9    -0.066     0.924    -0.375
 9    -0.853     0.141     0.500
 2   117.587   -25.530    52.083
 2     0.121    -0.790    -0.602
 2     0.199     0.613    -0.764
 2     0.972    -0.028     0.230
 3   100.816    -5.201    12.435
 3     0.144    -0.135     0.980
 3     0.009     0.991     0.135
 3    -0.990    -0.010     0.144
 4   106.760     9.462    -1.658
 4     0.708    -0.278     0.649
 4     0.434     0.896    -0.091
 4    -0.556     0.346     0.755
 5   128.521    26.141    -5.881
 5    -0.655    -0.739    -0.158
 5    -0.537     0.601    -0.591
 5     0.531    -0.303    -0.791
 6   128.884    26.672   -32.056
 6     0.502     0.129     0.856
 6    -0.087     0.991    -0.093
 6    -0.860    -0.029     0.507
 7   107.251   -15.823    -1.101
 7     0.643     0.229     0.731
 7    -0.586     0.761     0.278
 7    -0.493    -0.607     0.623
 8   123.612   -26.391   -13.232
 8    -0.573     0.819    -0.025
 8     0.708     0.510     0.489
 8     0.413     0.262    -0.872
 9   127.801   -28.344   -38.143
 9     0.464     0.376     0.803
 9    -0.051     0.916    -0.398
 9    -0.885     0.142     0.443
 2   119.074   -26.046    52.191
 2     0.108    -0.761    -0.641
 2     0.138     0.648    -0.748
 2     0.984    -0.008     0.174
 3   100.714    -5.203    12.491
 3     0.136    -0.146     0.980
 3     0.012     0.989     0.145
 3    -0.991    -0.008     0.137
 4   106.178     9.319    -1.538
 4     0.672    -0.306     0.675
 4     0.438     0.898    -0.030
 4    -0.598     0.316     0.737
 5   127.772    26.189    -7.095
 5    -0.618    -0.762    -0.196
 5    -0.535     0.588    -0.605
 5     0.576    -0.270    -0.771
 6   126.283    26.377   -33.445
 6     0.449     0.116     0.887
 6    -0.089     0.992    -0.080
 6    -0.889    -0.045     0.454
 7   106.982   -15.622    -1.015
 7     0.639     0.223     0.736
 7    -0.590     0.756     0.283
 7    -0.494    -0.615     0.615
 8   122.790   -26.240   -14.200
 8    -0.541     0.839    -0.063
 8     0.706     0.492     0.509
 8     0.457     0.231    -0.858
 9   125.295   -27.923   -39.307
 9     0.416     0.393     0.821
 9    -0.042     0.909    -0.413
 9    -0.909     0.136     0.394
 2   119.957   -26.316    51.992
 2     0.163    -0.655    -0.740
 2     0.099     0.755    -0.647
 2     0.981     0.031     0.185
 3   100.593    -5.200    12.647
 3     0.130    -0.155     0.979
 3     0.012     0.988     0.155
 3    -0.991    -0.009     0.130
 4   105.669     9.109    -1.399
 4     0.641    -0.326     0.695
 4     0.438     0.898     0.016
 4    -0.630     0.294     0.718
 5   127.049    26.152    -8.202
 5    -0.585    -0.781    -0.222
 5    -0.533     0.573    -0.621
 5     0.612    -0.246    -0.751
 6   124.147    25.890   -34.532
 6     0.406     0.103     0.909
 6    -0.096     0.993    -0.066
 6    -0.909    -0.063     0.411
 7   106.471   -15.476    -0.895
 7     0.626     0.223     0.747
 7    -0.603     0.746     0.282
 7    -0.495    -0.628     0.601
 8   121.654   -26.245   -15.307
 8    -0.491     0.866    -0.094
 8     0.712     0.461     0.529
 8     0.501     0.193    -0.843
 9   122.270   -27.818   -40.353
 9     0.363     0.425     0.830
 9    -0.042     0.896    -0.440
 9    -0.931     0.124     0.342
 2   117.046   -25.667    51.768
 2     0.084    -0.762    -0.643
 2     0.110     0.647    -0.754
 2     0.990    -0.008     0.136
 3   100.392    -5.214    12.745
 3     0.120    -0.160     0.980
 3     0.014     0.987     0.159
 3    -0.993    -0.005     0.121
 4   105.181     8.949    -1.239
 4     0.610    -0.342     0.715
 4     0.436     0.898     0.056
 4    -0.661     0.278     0.696
 5   126.335    26.185    -9.104
 5    -0.555    -0.797    -0.241
 5    -0.530     0.560    -0.636
 5     0.641    -0.225    -0.733
 6   122.245    25.617   -35.242
 6     0.370     0.091     0.925
 6    -0.098     0.993    -0.056
 6    -0.924    -0.073     0.375
 7   106.084   -15.278    -0.755
 7     0.614     0.223     0.757
 7    -0.614     0.737     0.281
 7    -0.495    -0.638     0.590
 8   120.599   -26.167   -16.035
 8    -0.448     0.888    -0.115
 8     0.721     0.432     0.541
 8     0.529     0.160    -0.833
 9   119.879   -27.799   -41.044
 9     0.320     0.449     0.835
 9    -0.042     0.886    -0.459
 9    -0.946     0.110     0.302
 2   113.439   -25.430    52.397
 2    -0.033    -0.861    -0.507
 2     0.098     0.502    -0.859
 2     0.994    -0.078     0.067
 3   100.179    -5.167    12.876
 3     0.110    -0.164     0.980
 3     0.016     0.986     0.163
 3    -0.994    -0.002     0.111
 4   104.778     8.880    -1.079
 4     0.590    -0.351     0.727
 4     0.437     0.895     0.077
 4    -0.678     0.273     0.682
 5   125.747    26.212    -9.556
 5    -0.532    -0.808    -0.257
 5    -0.530     0.552    -0.642
 5     0.660    -0.206    -0.722
 6   120.746    25.582   -35.681
 6     0.342     0.083     0.936
 6    -0.096     0.994    -0.050
 6    -0.935    -0.075     0.347
 7   105.745   -15.179    -0.694
 7     0.606     0.222     0.764
 7    -0.623     0.730     0.282
 7    -0.495    -0.647     0.580
 8   119.689   -26.192   -16.605
 8    -0.407     0.904    -0.133
 8     0.726     0.407     0.555
 8     0.555     0.129    -0.821
 9   117.616   -27.526   -41.509
 9     0.279     0.469     0.839
 9    -0.041     0.878    -0.476
 9    -0.959     0.097     0.263
 2   113.886   -25.411    52.186
 2     0.007    -0.869    -0.496
 2     0.083     0.494    -0.865
 2     0.996    -0.036     0.075
 3   100.036    -5.176    12.951
 3     0.100    -0.168     0.981
 3     0.015     0.986     0.167
 3    -0.995    -0.002     0.101
 4   104.398     8.761    -1.021
 4     0.569    -0.363     0.738
 4     0.439     0.892     0.099
 4    -0.695     0.268     0.667
 5   125.103    26.264   -10.132
 5    -0.507    -0.821    -0.266
 5    -0.533     0.539    -0.651
 5     0.677    -0.188    -0.710
 6   119.369    25.451   -36.104
 6     0.318     0.071     0.945
 6    -0.097     0.994    -0.040
 6    -0.943    -0.081     0.323
 7   105.410   -15.054    -0.559
 7     0.597     0.220     0.771
 7    -0.632     0.720     0.284
 7    -0.494    -0.657     0.569
 8   118.730   -26.163   -17.205
 8    -0.366     0.918    -0.156
 8     0.726     0.385     0.569
 8     0.581     0.095    -0.807
 9   115.174   -27.513   -42.037
 9     0.235     0.490     0.840
 9    -0.040     0.867    -0.495
 9    -0.971     0.082     0.223
 2   115.867   -25.853    51.820
 2     0.074    -0.735    -0.675
 2     0.074     0.678    -0.730
 2     0.994     0.003     0.103
 3    99.856    -5.179    13.073
 3     0.092    -0.171     0.981
 3     0.018     0.985     0.170
 3    -0.996     0.002     0.094
 4   104.052     8.747    -0.851
 4     0.552    -0.370     0.748
 4     0.441     0.889     0.114
 4    -0.708     0.267     0.654
 5   124.521    26.441   -10.377
 5    -0.485    -0.831    -0.276
 5    -0.539     0.530    -0.654
 5     0.688    -0.168    -0.704
 6   117.936    25.776   -36.153
 6     0.292     0.063     0.954
 6    -0.088     0.995    -0.037
 6    -0.952    -0.075     0.296
 7   105.029   -14.902    -0.507
 7     0.588     0.219     0.778
 7    -0.642     0.711     0.286
 7    -0.491    -0.668     0.559
 8   117.714   -26.191   -17.718
 8    -0.324     0.931    -0.171
 8     0.728     0.359     0.584
 8     0.604     0.065    -0.794
 9   113.311   -27.513   -42.294
 9     0.207     0.525     0.826
 9    -0.046     0.848    -0.527
 9    -0.977     0.070     0.198
 2   115.354   -25.929    51.983
 2     0.058    -0.757    -0.652
 2     0.070     0.654    -0.753
 2     0.995    -0.003     0.090
 3    99.565    -5.159    13.215
 3     0.076    -0.176     0.981
 3     0.019     0.984     0.174
 3    -0.997     0.006     0.079
 4   103.618     8.712    -0.721
 4     0.538    -0.374     0.756
 4     0.443     0.887     0.124
 4    -0.717     0.268     0.643
 5   123.981    26.535   -10.765
 5    -0.470    -0.838    -0.284
 5    -0.541     0.523    -0.658
 5     0.698    -0.155    -0.697
 6   116.995    25.733   -36.333
 6     0.279     0.056     0.959
 6    -0.088     0.995    -0.031
 6    -0.956    -0.077     0.282
 7   104.746   -14.875    -0.330
 7     0.583     0.215     0.783
 7    -0.649     0.703     0.290
 7    -0.488    -0.678     0.550
 8   117.077   -26.176   -17.911
 8    -0.299     0.935    -0.194
 8     0.730     0.354     0.584
 8     0.614     0.033    -0.788
 9   111.524   -28.049   -42.364
 9     0.169     0.538     0.826
 9    -0.070     0.842    -0.534
 9    -0.983     0.031     0.179
 2   113.052   -25.528    52.130
 2     0.002    -0.840    -0.543
 2     0.078     0.541    -0.837
 2     0.997    -0.041     0.065
 3    99.441    -5.156    13.292
 3     0.070    -0.177     0.982
 3     0.018     0.984     0.176
 3    -0.997     0.005     0.072
 4   103.358     8.596    -0.680
 4     0.526    -0.376     0.763
 4     0.439     0.888     0.134
 4    -0.728     0.264     0.632
 5   123.669    26.371   -11.027
 5    -0.457    -0.842    -0.291
 5    -0.537     0.518    -0.665
 5     0.709    -0.147    -0.688
 6   116.223    25.307   -36.620
 6     0.264     0.052     0.963
 6    -0.093     0.995    -0.026
 6    -0.960    -0.085     0.266
 7   104.459   -14.825    -0.197
 7     0.576     0.212     0.789
 7    -0.656     0.695     0.292
 7    -0.487    -0.687     0.539
 8   116.380   -25.995   -18.424
 8    -0.270     0.938    -0.219
 8     0.723     0.346     0.598
 8     0.636     0.003    -0.771
 9   109.875   -27.593   -42.516
 9     0.136     0.542     0.829
 9    -0.062     0.839    -0.539
 9    -0.989     0.021     0.148
 2   112.395   -25.433    52.219
 2    -0.009    -0.866    -0.500
 2     0.073     0.497    -0.864
 2     0.997    -0.044     0.057
 3    99.282    -5.189    13.400
 3     0.063    -0.180     0.982
 3     0.019     0.984     0.179
 3    -0.998     0.007     0.065
 4   103.209     8.537    -0.577
 4     0.518    -0.379     0.767
 4     0.437     0.887     0.142
 4    -0.735     0.262     0.625
 5   123.398    26.383   -11.300
 5    -0.446    -0.846    -0.299
 5    -0.535     0.516    -0.668
 5     0.717    -0.138    -0.681
 6   115.530    25.186   -36.746
 6     0.251     0.048     0.967
 6    -0.093     0.995    -0.024
 6    -0.964    -0.085     0.253
 7   104.290   -14.776    -0.141
 7     0.572     0.208     0.793
 7    -0.660     0.691     0.294
 7    -0.487    -0.692     0.533
 8   117.820   -26.371   -16.508
 8    -0.249     0.940    -0.235
 8     0.718     0.341     0.607
 8     0.650    -0.018    -0.759
 9   108.643   -27.275   -42.663
 9     0.112     0.545     0.831
 9    -0.058     0.838    -0.541
 9    -0.992     0.011     0.125
 2   113.711   -25.707    51.857
 2     0.038    -0.800    -0.600
 2     0.064     0.600    -0.797
 2     0.997    -0.009     0.073
 3    99.253    -5.181    13.372
 3     0.061    -0.181     0.981
 3     0.021     0.983     0.180
 3    -0.998     0.009     0.064
 4   103.105     8.529    -0.549
 4     0.506    -0.385     0.772
 4     0.438     0.885     0.154
 4    -0.743     0.260     0.616
 5   123.105    26.347   -11.631
 5    -0.434    -0.849    -0.306
 5    -0.534     0.512    -0.672
 5     0.726    -0.129    -0.674
 6   114.860    25.175   -36.940
 6     0.238     0.041     0.970
 6    -0.088     0.996    -0.019
 6    -0.967    -0.083     0.240
 7   104.196   -14.648    -0.193
 7     0.570     0.207     0.795
 7    -0.662     0.688     0.296
 7    -0.486    -0.695     0.530
 8   117.563   -26.136   -16.898
 8    -0.234     0.942    -0.242
 8     0.709     0.334     0.620
 8     0.664    -0.026    -0.746
 9   108.157   -26.936   -42.810
 9     0.106     0.560     0.822
 9    -0.057     0.828    -0.556
 9    -0.993     0.010     0.118
 2   113.907   -25.831    51.795
 2     0.053    -0.770    -0.637
 2     0.052     0.638    -0.767
 2     0.997     0.007     0.072
 3    99.134    -5.146    13.329
 3     0.057    -0.179     0.982
 3     0.023     0.984     0.178
 3    -0.998     0.012     0.061
 4   102.839     8.440    -0.510
 4     0.490    -0.393     0.778
 4     0.437     0.883     0.169
 4    -0.754     0.257     0.604
 5   122.717    26.288   -11.919
 5    -0.418    -0.856    -0.310
 5    -0.533     0.504    -0.679
 5     0.736    -0.119    -0.665
 6   113.859    24.923   -37.219
 6     0.219     0.030     0.975
 6    -0.090     0.996    -0.009
 6    -0.971    -0.087     0.220
 7   104.041   -14.594    -0.232
 7     0.566     0.210     0.797
 7    -0.670     0.680     0.297
 7    -0.480    -0.702     0.526
 8   117.143   -26.231   -16.972
 8    -0.214     0.945    -0.248
 8     0.701     0.324     0.636
 8     0.681    -0.038    -0.731
 9   107.434   -27.275   -42.732
 9     0.094     0.572     0.815
 9    -0.070     0.820    -0.567
 9    -0.993    -0.006     0.116
 2   111.025   -25.388    52.188
 2    -0.096    -0.945    -0.312
 2     0.000     0.313    -0.950
 2     0.995    -0.092    -0.030
 3    98.894    -5.181    13.400
 3     0.048    -0.180     0.982
 3     0.023     0.983     0.179
 3    -0.999     0.014     0.052
 4   102.568     8.324    -0.417
 4     0.472    -0.399     0.786
 4     0.436     0.880     0.184
 4    -0.766     0.256     0.589
 5   122.242    26.261   -12.355
 5    -0.396    -0.863    -0.317
 5    -0.531     0.494    -0.687
 5     0.749    -0.104    -0.653
 6   112.771    24.642   -37.378
 6     0.200     0.017     0.979
 6    -0.095     0.995     0.003
 6    -0.975    -0.095     0.201
 7   103.923   -14.541    -0.212
 7     0.566     0.209     0.797
 7    -0.672     0.678     0.299
 7    -0.478    -0.705     0.524
 8   116.994   -26.323   -17.478
 8    -0.185     0.942    -0.279
 8     0.649     0.329     0.685
 8     0.738    -0.055    -0.672
 9   106.990   -27.401   -42.709
 9     0.087     0.583     0.808
 9    -0.078     0.812    -0.578
 9    -0.993    -0.014     0.115
 2   113.029   -25.047    47.282
 2     0.023    -0.993    -0.119
 2     0.050     0.120    -0.991
 2     0.998     0.016     0.053
 3    98.761    -5.164    13.394
 3     0.043    -0.182     0.982
 3     0.025     0.983     0.181
 3    -0.999     0.016     0.047
 4   102.367     8.293    -0.321
 4     0.460    -0.406     0.790
 4     0.437     0.877     0.195
 4    -0.772     0.256     0.581
 5   121.810    26.374   -12.466
 5    -0.384    -0.869    -0.315
 5    -0.533     0.485    -0.693
 5     0.754    -0.098    -0.648
 6   112.090    24.526   -37.469
 6     0.189     0.009     0.982
 6    -0.099     0.995     0.011
 6    -0.977    -0.101     0.188
 7   103.826   -14.515    -0.215
 7     0.566     0.207     0.797
 7    -0.672     0.677     0.301
 7    -0.477    -0.706     0.523
 8   117.011   -26.243   -17.603
 8    -0.182     0.943    -0.281
 8     0.644     0.329     0.691
 8     0.743    -0.055    -0.666
 9   106.931   -27.356   -42.815
 9     0.087     0.592     0.802
 9    -0.082     0.805    -0.586
 9    -0.993    -0.017     0.118
 2   112.987   -24.987    44.851
 2     0.060    -0.997    -0.040
 2     0.092     0.047    -0.994
 2     0.994     0.055     0.096
 3    98.664    -5.150    13.400
 3     0.036    -0.185     0.982
 3     0.024     0.983     0.184
 3    -0.999     0.016     0.040
 4   102.055     8.182    -0.237
 4     0.446    -0.415     0.794
 4     0.438     0.874     0.210
 4    -0.781     0.254     0.571
 5   121.316    26.338   -12.746
 5    -0.369    -0.876    -0.316
 5    -0.532     0.474    -0.701
 5     0.762    -0.090    -0.640
 6   111.190    24.254   -37.601
 6     0.177     0.001     0.984
 6    -0.105     0.994     0.018
 6    -0.979    -0.108     0.175
 7   103.707   -14.537    -0.170
 7     0.568     0.205     0.797
 7    -0.672     0.674     0.306
 7    -0.475    -0.709     0.521
 8   116.823   -26.241   -17.617
 8    -0.181     0.943    -0.279
 8     0.641     0.327     0.694
 8     0.746    -0.053    -0.663
 9   106.759   -27.414   -42.806
 9     0.087     0.600     0.796
 9    -0.085     0.799    -0.594
 9    -0.993    -0.017     0.119
 2   111.122   -24.930    42.219
 2     0.038    -0.986     0.162
 2     0.081    -0.158    -0.984
 2     0.996     0.049     0.076
 3    98.620    -5.254    13.431
 3     0.029    -0.185     0.982
 3     0.019     0.982     0.185
 3    -0.999     0.013     0.033
 4   101.854     7.994    -0.261
 4     0.435    -0.417     0.798
 4     0.434     0.873     0.219
 4    -0.788     0.252     0.561
 5   121.047    26.225   -13.050
 5    -0.356    -0.880    -0.319
 5    -0.529     0.468    -0.707
 5     0.770    -0.083    -0.631
 6   110.646    23.834   -37.774
 6     0.167    -0.002     0.986
 6    -0.111     0.993     0.021
 6    -0.980    -0.114     0.165
 7   103.592   -14.636    -0.127
 7     0.568     0.204     0.797
 7    -0.675     0.670     0.308
 7    -0.472    -0.713     0.518
 8   116.578   -26.415   -17.606
 8    -0.171     0.945    -0.279
 8     0.634     0.321     0.703
 8     0.754    -0.057    -0.654
 9   106.423   -27.650   -42.690
 9     0.081     0.611     0.787
 9    -0.091     0.791    -0.604
 9    -0.992    -0.025     0.119
 2   110.239   -23.044    41.320
 2     0.054    -0.951     0.307
 2     0.143    -0.296    -0.944
 2     0.988     0.093     0.121
 3    98.383    -5.332    13.573
 3     0.021    -0.189     0.982
 3     0.017     0.982     0.188
 3    -1.000     0.012     0.024
 4   101.656     7.938    -0.193
 4     0.427    -0.420     0.801
 4     0.435     0.871     0.225
 4    -0.793     0.252     0.554
 5   120.662    26.184   -13.125
 5    -0.347    -0.883    -0.320
 5    -0.531     0.464    -0.709
 5     0.773    -0.076    -0.628
 6   109.954    23.868   -37.767
 6     0.154    -0.006     0.988
 6    -0.110     0.993     0.024
 6    -0.982    -0.114     0.152
 7   103.427   -14.634    -0.053
 7     0.565     0.202     0.800
 7    -0.678     0.665     0.311
 7    -0.470    -0.718     0.513
 8   116.281   -26.494   -17.664
 8    -0.160     0.945    -0.286
 8     0.635     0.319     0.703
 8     0.755    -0.069    -0.651
 9   105.800   -27.857   -42.533
 9     0.072     0.615     0.786
 9    -0.098     0.788    -0.607
 9    -0.993    -0.035     0.115
 2   109.007   -21.311    41.031
 2     0.056    -0.956     0.289
 2     0.168    -0.276    -0.946
 2     0.984     0.100     0.146
 3    98.093    -5.298    13.458
 3     0.013    -0.192     0.981
 3     0.015     0.981     0.191
 3    -1.000     0.013     0.016
 4   101.430     7.908    -0.128
 4     0.416    -0.424     0.805
 4     0.436     0.869     0.232
 4    -0.798     0.255     0.546
 5   120.233    26.251   -13.311
 5    -0.332    -0.888    -0.322
 5    -0.534     0.455    -0.712
 5     0.777    -0.064    -0.624
 6   109.281    23.804   -37.766
 6     0.144    -0.012     0.989
 6    -0.108     0.993     0.029
 6    -0.984    -0.113     0.141
 7   103.307   -14.684     0.047
 7     0.564     0.199     0.801
 7    -0.679     0.663     0.313
 7    -0.469    -0.721     0.510
 8   116.010   -26.497   -17.671
 8    -0.153     0.945    -0.288
 8     0.636     0.316     0.704
 8     0.756    -0.076    -0.649
 9   105.465   -27.922   -42.479
 9     0.065     0.620     0.782
 9    -0.101     0.783    -0.612
 9    -0.993    -0.041     0.113
 2   106.771   -21.603    40.949
 2    -0.043    -0.913     0.406
 2     0.218    -0.405    -0.887
 2     0.975     0.050     0.217
 3    97.883    -5.277    13.376
 3     0.008    -0.194     0.981
 3     0.014     0.981     0.193
 3    -1.000     0.012     0.010
 4   101.229     7.799    -0.055
 4     0.405    -0.427     0.808
 4     0.435     0.867     0.240
 4    -0.804     0.255     0.538
 5   119.883    26.264   -13.531
 5    -0.320    -0.891    -0.325
 5    -0.533     0.450    -0.716
 5     0.783    -0.056    -0.618
 6   108.720    23.616   -37.852
 6     0.137    -0.018     0.990
 6    -0.109     0.993     0.034
 6    -0.985    -0.115     0.134
 7   103.212   -14.683     0.046
 7     0.564     0.197     0.802
 7    -0.681     0.661     0.316
 7    -0.468    -0.724     0.507
 8   115.889   -26.447   -17.626
 8    -0.149     0.945    -0.290
 8     0.636     0.315     0.704
 8     0.757    -0.080    -0.648
 9   105.307   -27.953   -42.457
 9     0.062     0.624     0.779
 9    -0.102     0.780    -0.616
 9    -0.993    -0.043     0.111
 2   105.640   -21.050    40.593
 2     0.126    -0.903     0.411
 2     0.587    -0.266    -0.764
 2     0.799     0.337     0.497
 3    97.410    -5.211    13.047
 3     0.001    -0.195     0.981
 3     0.013     0.980     0.195
 3    -1.000     0.013     0.003
 4   101.126     7.750    -0.032
 4     0.402    -0.432     0.808
 4     0.438     0.865     0.244
 4    -0.804     0.255     0.536
 5   119.729    26.291   -13.479
 5    -0.316    -0.895    -0.318
 5    -0.537     0.443    -0.718
 5     0.782    -0.056    -0.619
 6   108.589    23.755   -37.834
 6     0.141    -0.028     0.990
 6    -0.106     0.993     0.044
 6    -0.984    -0.113     0.136
 7   103.143   -14.681     0.040
 7     0.564     0.197     0.802
 7    -0.681     0.659     0.317
 7    -0.466    -0.725     0.506
 8   115.769   -26.421   -17.682
 8    -0.146     0.946    -0.289
 8     0.636     0.312     0.706
 8     0.758    -0.081    -0.647
 9   105.168   -27.933   -42.442
 9     0.061     0.631     0.774
 9    -0.105     0.774    -0.623
 9    -0.993    -0.045     0.112
 2   105.023   -22.241    40.246
 2     0.163    -0.931     0.327
 2     0.929     0.033    -0.367
 2     0.331     0.364     0.870
 3    97.254    -5.143    12.909
 3    -0.002    -0.195     0.981
 3     0.013     0.981     0.194
 3    -1.000     0.013     0.001
 4   101.071     7.749    -0.054
 4     0.400    -0.434     0.807
 4     0.438     0.864     0.247
 4    -0.805     0.255     0.535
 5   119.652    26.293   -13.481
 5    -0.313    -0.897    -0.314
 5    -0.539     0.438    -0.719
 5     0.782    -0.057    -0.620
 6   108.581    23.757   -37.894
 6     0.142    -0.032     0.989
 6    -0.104     0.993     0.048
 6    -0.984    -0.112     0.137
 7   103.102   -14.628     0.083
 7     0.563     0.198     0.802
 7    -0.684     0.656     0.318
 7    -0.463    -0.728     0.505
 8   115.548   -26.601   -17.685
 8    -0.137     0.949    -0.285
 8     0.638     0.303     0.708
 8     0.758    -0.085    -0.646
 9   104.888   -28.123   -42.360
 9     0.057     0.639     0.767
 9    -0.108     0.767    -0.631
 9    -0.993    -0.048     0.112
 2   104.812   -22.643    37.064
 2     0.078    -0.971     0.224
 2     0.996     0.084     0.016
 2    -0.035     0.222     0.974
 3    97.132    -5.098    12.784
 3    -0.004    -0.193     0.981
 3     0.013     0.981     0.192
 3    -1.000     0.013    -0.001
 4   101.068     7.722    -0.049
 4     0.399    -0.435     0.807
 4     0.437     0.864     0.248
 4    -0.806     0.254     0.535
 5   119.602    26.293   -13.481
 5    -0.313    -0.898    -0.313
 5    -0.539     0.437    -0.720
 5     0.782    -0.057    -0.620
 6   108.507    23.754   -37.892
 6     0.143    -0.034     0.989
 6    -0.101     0.993     0.050
 6    -0.985    -0.109     0.138
 7   103.013   -14.676     0.072
 7     0.562     0.200     0.802
 7    -0.688     0.652     0.319
 7    -0.459    -0.731     0.504
 8   115.447   -26.603   -17.681
 8    -0.133     0.950    -0.283
