% Calibrated with leiden_pols
% Positions are in centimeters
Data =[
 2    98.548   -18.091    59.125
 2    -0.237    -0.972    -0.002
 2     0.971    -0.236     0.040
 2    -0.041     0.006     0.999
 3   101.138    -4.961    11.449
 3     0.172    -0.135     0.976
 3     0.032     0.991     0.131
 3    -0.984     0.009     0.175
 4   112.662    15.117     1.014
 4     0.845    -0.423     0.328
 4     0.528     0.564    -0.634
 4     0.083     0.709     0.700
 5   111.559    18.030    34.612
 5    -0.260     0.027     0.965
 5    -0.222     0.971    -0.086
 5    -0.940    -0.236    -0.247
 6   130.657    26.086    46.801
 6     0.472    -0.632    -0.619
 6    -0.096     0.658    -0.745
 6     0.876     0.409     0.249
 7   112.371   -18.471     0.495
 7     0.738     0.417     0.531
 7    -0.671     0.536     0.512
 7    -0.070    -0.734     0.675
 8   109.666   -26.046    27.966
 8    -0.274    -0.117     0.955
 8     0.346     0.914     0.210
 8    -0.897     0.387    -0.210
 9   134.544   -28.196    44.348
 9     0.380     0.296    -0.877
 9     0.082     0.933     0.350
 9     0.921    -0.205     0.329
 2    98.548   -18.142    59.125
 2    -0.236    -0.972    -0.003
 2     0.971    -0.235     0.040
 2    -0.041     0.006     0.999
 3   101.139    -4.962    11.449
 3     0.173    -0.133     0.976
 3     0.032     0.991     0.129
 3    -0.984     0.009     0.176
 4   112.665    15.067     0.960
 4     0.846    -0.422     0.326
 4     0.526     0.564    -0.636
 4     0.084     0.709     0.699
 5   111.696    18.135    34.588
 5    -0.266     0.034     0.963
 5    -0.225     0.970    -0.096
 5    -0.937    -0.241    -0.250
 6   130.900    26.109    46.768
 6     0.475    -0.626    -0.622
 6    -0.094     0.664    -0.739
 6     0.874     0.408     0.257
 7   112.380   -18.517     0.534
 7     0.739     0.418     0.528
 7    -0.670     0.533     0.516
 7    -0.066    -0.735     0.674
 8   110.213   -26.366    27.903
 8    -0.297    -0.124     0.947
 8     0.351     0.908     0.228
 8    -0.888     0.400    -0.226
 9   135.589   -28.547    43.668
 9     0.398     0.253    -0.882
 9     0.068     0.950     0.304
 9     0.915    -0.181     0.361
 2    98.548   -18.142    59.100
 2    -0.236    -0.972    -0.002
 2     0.971    -0.235     0.040
 2    -0.041     0.006     0.999
 3   101.145    -4.965    11.404
 3     0.173    -0.127     0.977
 3     0.030     0.992     0.124
 3    -0.984     0.008     0.175
 4   112.714    14.987     0.945
 4     0.849    -0.420     0.321
 4     0.521     0.572    -0.633
 4     0.082     0.704     0.704
 5   113.460    18.865    34.272
 5    -0.334     0.021     0.942
 5    -0.260     0.959    -0.113
 5    -0.906    -0.282    -0.315
 6   133.844    27.700    44.806
 6     0.551    -0.583    -0.600
 6    -0.057     0.689    -0.720
 6     0.832     0.431     0.347
 7   112.566   -18.534     0.618
 7     0.746     0.413     0.523
 7    -0.663     0.532     0.526
 7    -0.061    -0.739     0.670
 8   111.964   -26.958    27.202
 8    -0.364    -0.091     0.927
 8     0.384     0.892     0.237
 8    -0.849     0.442    -0.290
 9   138.213   -29.678    41.949
 9     0.465     0.236    -0.854
 9     0.043     0.956     0.288
 9     0.884    -0.171     0.433
 2    98.549   -18.091    59.100
 2    -0.236    -0.972    -0.002
 2     0.971    -0.235     0.040
 2    -0.041     0.006     0.999
 3   101.312    -5.072    11.371
 3     0.173    -0.118     0.978
 3     0.025     0.993     0.115
 3    -0.984     0.005     0.175
 4   112.919    14.873     0.802
 4     0.854    -0.411     0.319
 4     0.515     0.584    -0.628
 4     0.071     0.700     0.710
 5   115.920    20.151    33.549
 5    -0.424    -0.034     0.905
 5    -0.321     0.940    -0.115
 5    -0.847    -0.339    -0.410
 6   138.114    29.833    40.903
 6     0.682    -0.506    -0.531
 6    -0.019     0.711    -0.701
 6     0.730     0.489     0.476
 7   112.559   -18.530     0.411
 7     0.744     0.404     0.532
 7    -0.662     0.549     0.510
 7    -0.086    -0.732     0.676
 8   114.894   -27.338    26.156
 8    -0.482     0.063     0.875
 8     0.440     0.880     0.178
 8    -0.758     0.471    -0.451
 9   143.205   -33.332    36.456
 9     0.634     0.287    -0.719
 9    -0.043     0.940     0.338
 9     0.771    -0.184     0.607
 2    98.548   -18.091    59.100
 2    -0.237    -0.972    -0.002
 2     0.971    -0.236     0.040
 2    -0.041     0.006     0.999
 3   101.382    -5.030    11.366
 3     0.170    -0.110     0.979
 3     0.023     0.994     0.107
 3    -0.985     0.004     0.171
 4   112.960    14.523     0.421
 4     0.870    -0.372     0.326
 4     0.493     0.614    -0.617
 4     0.029     0.696     0.716
 5   119.982    22.374    30.995
 5    -0.557    -0.100     0.824
 5    -0.402     0.901    -0.163
 5    -0.726    -0.422    -0.542
 6   143.410    32.402    33.904
 6     0.823    -0.382    -0.421
 6     0.029     0.767    -0.641
 6     0.566     0.515     0.642
 7   112.268   -18.301    -0.026
 7     0.733     0.397     0.553
 7    -0.667     0.581     0.466
 7    -0.136    -0.710     0.690
 8   118.776   -27.847    23.408
 8    -0.592     0.227     0.774
 8     0.505     0.851     0.137
 8    -0.628     0.472    -0.618
 9   147.797   -35.767    28.337
 9     0.800     0.265    -0.539
 9    -0.124     0.951     0.283
 9     0.587    -0.160     0.793
 2    98.548   -18.091    59.099
 2    -0.237    -0.972    -0.002
 2     0.971    -0.236     0.041
 2    -0.041     0.007     0.999
 3   101.484    -5.031    11.266
 3     0.169    -0.107     0.980
 3     0.022     0.994     0.104
 3    -0.985     0.004     0.170
 4   112.743    14.121     0.131
 4     0.876    -0.344     0.339
 4     0.482     0.647    -0.590
 4    -0.017     0.680     0.732
 5   122.882    23.662    28.383
 5    -0.645    -0.156     0.748
 5    -0.451     0.868    -0.208
 5    -0.617    -0.471    -0.630
 6   146.437    34.097    27.256
 6     0.911    -0.286    -0.297
 6     0.060     0.805    -0.591
 6     0.408     0.520     0.750
 7   111.990   -18.040    -0.431
 7     0.723     0.392     0.570
 7    -0.667     0.609     0.428
 7    -0.180    -0.689     0.701
 8   121.284   -28.240    20.731
 8    -0.639     0.312     0.704
 8     0.545     0.828     0.129
 8    -0.542     0.466    -0.699
 9   150.180   -37.217    21.253
 9     0.891     0.250    -0.379
 9    -0.175     0.959     0.222
 9     0.419    -0.132     0.898
 2    98.573   -18.091    59.125
 2    -0.237    -0.972    -0.002
 2     0.971    -0.236     0.040
 2    -0.041     0.006     0.999
 3   101.529    -4.975    11.186
 3     0.172    -0.100     0.980
 3     0.028     0.995     0.097
 3    -0.985     0.011     0.174
 4   112.276    13.653    -0.238
 4     0.869    -0.324     0.374
 4     0.486     0.693    -0.532
 4    -0.087     0.643     0.760
 5   125.613    25.315    24.603
 5    -0.726    -0.260     0.637
 5    -0.509     0.826    -0.244
 5    -0.463    -0.501    -0.731
 6   148.458    35.736    17.698
 6     0.980    -0.167    -0.104
 6     0.089     0.848    -0.523
 6     0.176     0.503     0.846
 7   111.647   -17.686    -0.766
 7     0.708     0.389     0.589
 7    -0.667     0.641     0.379
 7    -0.230    -0.662     0.713
 8   123.986   -28.633    16.742
 8    -0.687     0.418     0.596
 8     0.579     0.808     0.102
 8    -0.439     0.414    -0.796
 9   151.693   -38.043    11.572
 9     0.962     0.238    -0.134
 9    -0.218     0.964     0.150
 9     0.165    -0.116     0.979
 2    98.573   -18.091    59.099
 2    -0.237    -0.972    -0.001
 2     0.971    -0.236     0.040
 2    -0.041     0.007     0.999
 3   101.645    -4.971    11.175
 3     0.173    -0.099     0.980
 3     0.027     0.995     0.096
 3    -0.984     0.010     0.175
 4   111.579    13.042    -0.738
 4     0.857    -0.303     0.417
 4     0.485     0.744    -0.459
 4    -0.172     0.595     0.784
 5   127.723    26.624    19.750
 5    -0.772    -0.360     0.524
 5    -0.558     0.779    -0.288
 5    -0.304    -0.514    -0.802
