2  1087.64  -42.86  177.25  
   -0.02  0.18  -0.98  
   0.54  -0.82  -0.16  
   -0.84  -0.54  -0.08  

3  1027.81  -55.81  19.20  
   -0.56  -0.03  -0.83  
   -0.02  -1.00  0.05  
   -0.83  0.04  0.56  

2  1084.96  -48.22  174.13  
   -0.07  -0.01  -1.00  
   0.40  -0.92  -0.02  
   -0.91  -0.40  0.07  

3  1026.02  -57.15  19.20  
   -0.58  -0.03  -0.81  
   -0.02  -1.00  0.05  
   -0.81  0.05  0.58  

2  1082.72  -54.92  172.79  
   -0.09  -0.14  -0.99  
   0.28  -0.95  0.11  
   -0.96  -0.27  0.12  

3  1025.57  -56.70  18.75  
   -0.58  -0.03  -0.81  
   -0.02  -1.00  0.06  
   -0.81  0.05  0.58  

2  1085.40  -61.17  175.02  
   0.05  -0.25  -0.97  
   0.22  -0.94  0.26  
   -0.97  -0.23  0.01  

3  1026.47  -57.15  17.86  
   -0.59  -0.04  -0.81  
   -0.02  -1.00  0.06  
   -0.81  0.05  0.59  

2  1085.40  -47.33  181.72  
   0.10  0.11  -0.99  
   0.42  -0.91  -0.06  
   -0.90  -0.40  -0.14  

3  1026.91  -56.26  19.65  
   -0.54  -0.02  -0.84  
   -0.02  -1.00  0.04  
   -0.84  0.04  0.54  

2  1026.47  -49.11  -37.95  
   -0.51  0.45  -0.73  
   -0.37  -0.88  -0.28  
   -0.77  0.13  0.62  

3  1031.83  -58.94  18.75  
   -0.58  -0.05  -0.81  
   -0.01  -1.00  0.06  
   -0.81  0.04  0.58  

2  1017.54  -56.26  -44.65  
   -0.74  0.36  -0.56  
   -0.38  -0.92  -0.09  
   -0.55  0.15  0.82  

3  1031.38  -58.94  19.20  
   -0.58  -0.05  -0.81  
   -0.01  -1.00  0.06  
   -0.81  0.04  0.58  

2  1018.88  -75.90  -40.63  
   -0.79  0.17  -0.59  
   -0.46  -0.81  0.38  
   -0.42  0.57  0.71  

3  1031.38  -58.49  18.75  
   -0.58  -0.05  -0.81  
   -0.00  -1.00  0.06  
   -0.81  0.04  0.58  

2  1029.59  -75.01  -35.72  
   -0.62  0.06  -0.78  
   -0.50  -0.80  0.33  
   -0.61  0.60  0.52  

3  1032.27  -58.94  17.86  
   -0.59  -0.05  -0.81  
   -0.00  -1.00  0.06  
   -0.81  0.04  0.58  

2  1033.61  -62.95  -31.25  
   -0.43  0.09  -0.90  
   -0.33  -0.94  0.06  
   -0.84  0.32  0.43  

3  1032.27  -59.83  17.86  
   -0.58  -0.05  -0.81  
   -0.01  -1.00  0.07  
   -0.81  0.04  0.58  

2  913.95  -56.70  -113.85  
   0.25  -0.26  0.93  
   0.53  0.84  0.10  
   -0.81  0.47  0.35  

3  1045.22  -55.81  29.47  
   -0.57  -0.08  -0.82  
   0.01  -1.00  0.09  
   -0.82  0.05  0.57  

2  926.46  -55.81  -131.27  
   0.62  -0.43  0.65  
   0.49  0.86  0.10  
   -0.61  0.26  0.75  

3  1044.33  -55.36  29.91  
   -0.57  -0.07  -0.82  
   0.00  -1.00  0.08  
   -0.82  0.04  0.57  

2  922.88  -29.91  -112.51  
   0.65  -0.11  0.75  
   0.63  0.63  -0.46  
   -0.42  0.77  0.48  

3  1043.88  -54.92  30.36  
   -0.57  -0.07  -0.82  
   0.00  -1.00  0.08  
   -0.82  0.04  0.57  

2  911.72  -43.31  -103.14  
   0.28  0.02  0.96  
   0.66  0.72  -0.20  
   -0.70  0.69  0.19  

3  1043.88  -55.81  30.36  
   -0.57  -0.07  -0.82  
   0.00  -1.00  0.08  
   -0.82  0.05  0.57  

2  909.94  -48.67  -95.99  
   0.08  0.03  1.00  
   0.64  0.77  -0.08  
   -0.77  0.64  0.04  

3  1045.22  -55.36  29.47  
   -0.57  -0.07  -0.82  
   0.01  -1.00  0.08  
   -0.82  0.04  0.57  

2  964.85  -47.33  56.70  
   0.01  -0.11  0.99  
   0.69  0.72  0.07  
   -0.72  0.69  0.08  

3  1186.76  -45.54  53.13  
   -0.19  -0.07  -0.98  
   -0.00  -1.00  0.07  
   -0.98  0.01  0.19  

2  969.32  -62.06  39.29  
   0.13  -0.44  0.89  
   0.54  0.78  0.31  
   -0.83  0.44  0.34  

3  1187.20  -45.54  51.79  
   -0.20  -0.06  -0.98  
   -0.00  -1.00  0.06  
   -0.98  0.01  0.19  

2  973.78  -54.02  30.81  
   0.40  -0.44  0.81  
   0.62  0.77  0.11  
   -0.67  0.46  0.58  

3  1187.20  -46.43  52.24  
   -0.20  -0.06  -0.98  
   -0.00  -1.00  0.07  
   -0.98  0.01  0.19  

2  972.00  -32.59  44.20  
   0.40  -0.23  0.89  
   0.77  0.62  -0.18  
   -0.51  0.75  0.42  

3  1186.76  -45.54  52.69  
   -0.19  -0.07  -0.98  
   -0.00  -1.00  0.07  
   -0.98  0.01  0.19  

2  967.53  -32.15  60.72  
   0.22  0.01  0.97  
   0.82  0.53  -0.19  
   -0.52  0.85  0.11  

3  1187.20  -45.99  53.58  
   -0.19  -0.07  -0.98  
   0.00  -1.00  0.07  
   -0.98  0.01  0.19  

2  1069.33  -58.94  -18.31  
   -0.17  0.10  -0.98  
   -0.78  -0.62  0.07  
   -0.60  0.78  0.18  

3  1050.13  -64.29  24.11  
   -0.53  -0.06  -0.84  
   -0.01  -1.00  0.08  
   -0.85  0.05  0.53  

2  1069.78  -45.54  -19.20  
   0.11  0.35  -0.93  
   -0.77  -0.56  -0.30  
   -0.63  0.75  0.21  

3  1050.58  -64.74  25.00  
   -0.53  -0.06  -0.84  
   -0.02  -1.00  0.09  
   -0.85  0.06  0.53  

2  1060.40  -62.06  -29.91  
   -0.28  0.51  -0.81  
   -0.83  -0.55  -0.06  
   -0.48  0.66  0.58  

3  1052.36  -69.21  25.45  
   -0.52  -0.06  -0.85  
   -0.05  -0.99  0.10  
   -0.85  0.09  0.52  

2  1055.04  -80.81  -27.24  
   -0.53  0.28  -0.80  
   -0.81  -0.46  0.37  
   -0.27  0.84  0.47  

3  1051.02  -70.54  25.45  
   -0.51  -0.05  -0.86  
   -0.06  -0.99  0.09  
   -0.86  0.10  0.51  

2  1054.60  -83.49  -14.73  
   -0.38  -0.01  -0.92  
   -0.85  -0.38  0.36  
   -0.36  0.92  0.13  

3  1051.47  -69.65  25.45  
   -0.51  -0.04  -0.86  
   -0.06  -0.99  0.08  
   -0.86  0.09  0.51  

2  1048.35  50.45  -9.82  
   -0.09  -0.00  -1.00  
   -0.68  -0.73  0.06  
   -0.73  0.68  0.06  

4  960.39  96.89  -42.86  
   0.81  -0.38  0.45  
   0.55  0.75  -0.36  
   -0.20  0.54  0.82  

2  1048.35  69.21  -0.45  
   0.31  0.15  -0.94  
   -0.57  -0.76  -0.31  
   -0.76  0.64  -0.15  

4  959.94  96.89  -42.42  
   0.80  -0.39  0.45  
   0.57  0.74  -0.36  
   -0.19  0.54  0.82  

2  1045.67  65.63  -17.41  
   0.00  0.37  -0.93  
   -0.59  -0.75  -0.30  
   -0.81  0.55  0.22  

4  960.83  96.44  -43.31  
   0.81  -0.38  0.45  
   0.55  0.75  -0.36  
   -0.20  0.54  0.82  

2  1039.86  53.58  -23.66  
   -0.31  0.35  -0.88  
   -0.70  -0.72  -0.04  
   -0.65  0.60  0.47  

4  961.28  95.99  -43.31  
   0.82  -0.37  0.43  
   0.54  0.76  -0.36  
   -0.19  0.53  0.83  

2  1038.97  44.65  -22.77  
   -0.46  0.20  -0.87  
   -0.68  -0.71  0.20  
   -0.57  0.68  0.46  

4  962.62  96.89  -42.86  
   0.83  -0.37  0.42  
   0.53  0.76  -0.36  
   -0.19  0.52  0.83  

2  1008.16  87.96  -68.31  
   -0.61  0.11  -0.79  
   -0.15  -0.99  -0.03  
   -0.78  0.10  0.62  

4  957.71  102.24  -37.95  
   0.78  -0.42  0.47  
   0.60  0.70  -0.38  
   -0.17  0.57  0.80  

2  995.21  112.51  -67.87  
   -0.81  0.24  -0.54  
   0.12  -0.83  -0.55  
   -0.58  -0.50  0.64  

4  956.82  102.24  -39.29  
   0.78  -0.42  0.47  
   0.60  0.70  -0.39  
   -0.17  0.58  0.80  

2  976.46  112.51  -77.24  
   -0.98  0.14  -0.11  
   -0.05  -0.82  -0.57  
   -0.17  -0.56  0.81  

4  957.26  102.24  -41.52  
   0.78  -0.42  0.47  
   0.60  0.70  -0.39  
   -0.16  0.58  0.79  

2  972.44  91.08  -80.81  
   -0.99  0.15  0.00  
   -0.15  -0.98  -0.15  
   -0.02  -0.15  0.99  

4  958.16  100.91  -40.63  
   0.78  -0.41  0.47  
   0.60  0.69  -0.40  
   -0.16  0.59  0.79  

2  986.73  74.12  -78.58  
   -0.95  0.07  -0.30  
   -0.15  -0.95  0.27  
   -0.27  0.30  0.92  

4  959.05  100.91  -38.84  
   0.78  -0.42  0.46  
   0.60  0.69  -0.40  
   -0.15  0.59  0.80  

2  950.12  132.61  -9.38  
   0.43  0.87  0.25  
   0.37  0.09  -0.93  
   -0.82  0.49  -0.28  

4  973.34  96.44  -43.31  
   0.80  -0.43  0.41  
   0.58  0.73  -0.37  
   -0.14  0.54  0.83  

2  932.26  123.23  -9.38  
   0.20  0.71  0.67  
   0.41  0.56  -0.72  
   -0.89  0.42  -0.18  

4  972.44  98.67  -41.97  
   0.80  -0.42  0.43  
   0.58  0.72  -0.38  
   -0.15  0.56  0.82  

2  929.58  118.32  -28.13  
   0.44  0.43  0.79  
   0.31  0.75  -0.58  
   -0.84  0.50  0.20  

4  972.89  98.67  -43.76  
   0.80  -0.41  0.43  
   0.58  0.72  -0.38  
   -0.16  0.55  0.82  

2  935.83  122.78  -31.25  
   0.67  0.40  0.63  
   0.26  0.67  -0.70  
   -0.70  0.63  0.35  

4  972.00  97.78  -42.42  
   0.80  -0.41  0.43  
   0.58  0.72  -0.39  
   -0.15  0.56  0.82  

2  938.06  128.14  -13.39  
   0.75  0.39  0.53  
   0.34  0.45  -0.82  
   -0.56  0.80  0.20  

4  972.00  99.12  -41.97  
   0.80  -0.42  0.42  
   0.58  0.72  -0.38  
   -0.14  0.55  0.82  

2  888.06  3.57  -58.94  
   0.05  0.55  0.84  
   -0.92  0.35  -0.17  
   -0.39  -0.76  0.52  

4  984.50  104.03  -43.31  
   0.83  -0.40  0.39  
   0.54  0.75  -0.37  
   -0.14  0.52  0.84  

2  900.11  17.86  -63.85  
   0.01  0.81  0.58  
   -0.78  0.37  -0.51  
   -0.63  -0.45  0.64  

4  984.50  104.03  -43.31  
   0.83  -0.41  0.38  
   0.54  0.75  -0.37  
   -0.14  0.52  0.84  

2  909.04  14.29  -73.67  
   0.11  0.89  0.44  
   -0.86  0.31  -0.42  
   -0.51  -0.33  0.80  

4  985.84  105.37  -42.86  
   0.83  -0.40  0.38  
   0.54  0.75  -0.38  
   -0.14  0.52  0.84  

2  912.61  4.02  -75.01  
   0.20  0.90  0.37  
   -0.94  0.29  -0.19  
   -0.28  -0.31  0.91  

4  986.73  105.82  -42.86  
   0.83  -0.40  0.38  
   0.54  0.76  -0.38  
   -0.14  0.52  0.84  

2  908.15  -11.16  -70.99  
   0.26  0.84  0.47  
   -0.97  0.23  0.13  
   -0.00  -0.49  0.87  

4  986.28  106.26  -42.42  
   0.83  -0.41  0.38  
   0.54  0.75  -0.38  
   -0.13  0.52  0.84  

2  871.98  23.66  113.85  
   -0.24  -0.51  0.82  
   -0.96  0.01  -0.28  
   0.13  -0.86  -0.49  

4  1005.48  107.16  -41.97  
   0.86  -0.39  0.33  
   0.49  0.78  -0.39  
   -0.10  0.50  0.86  

2  867.97  14.73  108.94  
   -0.06  -0.34  0.94  
   -0.98  -0.18  -0.13  
   0.21  -0.92  -0.32  

4  1004.59  107.60  -41.97  
   0.86  -0.39  0.33  
   0.50  0.78  -0.39  
   -0.11  0.50  0.86  

2  865.29  13.39  83.49  
   -0.05  0.14  0.99  
   -0.99  -0.15  -0.03  
   0.14  -0.98  0.15  

4  1004.14  108.05  -41.52  
   0.86  -0.39  0.32  
   0.50  0.78  -0.39  
   -0.10  0.50  0.86  

2  869.75  24.11  70.10  
   -0.25  0.46  0.85  
   -0.97  -0.09  -0.24  
   -0.04  -0.88  0.47  

4  1004.59  108.50  -41.52  
   0.86  -0.39  0.33  
   0.49  0.78  -0.39  
   -0.10  0.50  0.86  

2  872.43  36.17  74.12  
   -0.45  0.50  0.74  
   -0.87  -0.03  -0.50  
   -0.23  -0.87  0.45  

4  1005.04  108.05  -41.52  
   0.86  -0.39  0.33  
   0.49  0.78  -0.39  
   -0.10  0.50  0.86  

2  1121.12  210.29  216.54  
   0.78  0.17  -0.60  
   -0.63  0.19  -0.75  
   -0.01  0.97  0.26  

5  1038.52  195.56  217.44  
   -0.36  0.76  0.55  
   -0.26  0.48  -0.84  
   -0.90  -0.44  0.02  

2  1117.55  212.08  213.42  
   0.80  0.28  -0.54  
   -0.59  0.20  -0.78  
   -0.11  0.94  0.32  

5  1037.63  195.11  217.44  
   -0.36  0.76  0.55  
   -0.26  0.48  -0.83  
   -0.90  -0.44  0.03  

2  1132.73  187.97  219.22  
   0.30  0.10  -0.95  
   -0.93  0.24  -0.28  
   0.20  0.97  0.16  

5  1039.86  196.01  215.65  
   -0.38  0.74  0.55  
   -0.28  0.47  -0.84  
   -0.88  -0.48  0.03  

2  1134.52  177.25  219.22  
   0.14  0.26  -0.96  
   -0.96  0.25  -0.07  
   0.22  0.93  0.29  

5  1039.86  195.56  216.54  
   -0.32  0.75  0.58  
   -0.25  0.52  -0.82  
   -0.91  -0.40  0.02  

2  1125.59  168.77  206.28  
   0.12  0.61  -0.78  
   -0.89  0.41  0.18  
   0.43  0.68  0.59  

5  1038.08  195.11  217.44  
   -0.30  0.73  0.61  
   -0.25  0.56  -0.79  
   -0.92  -0.39  0.02  

2  1067.54  145.55  257.18  
   0.74  -0.48  0.48  
   -0.60  -0.13  0.79  
   -0.32  -0.87  -0.38  

5  1073.35  206.28  198.69  
   -0.33  0.81  0.48  
   -0.32  0.38  -0.87  
   -0.89  -0.44  0.13  

2  1055.94  158.95  237.53  
   0.50  -0.13  0.85  
   -0.83  0.21  0.52  
   -0.25  -0.97  -0.01  

5  1076.47  207.62  196.01  
   -0.34  0.83  0.44  
   -0.32  0.34  -0.88  
   -0.89  -0.44  0.15  

2  1051.47  180.83  249.14  
   0.02  -0.22  0.98  
   -0.92  0.38  0.11  
   -0.39  -0.90  -0.19  

5  1079.60  207.17  197.35  
   -0.43  0.82  0.37  
   -0.33  0.24  -0.91  
   -0.84  -0.52  0.17  

2  1058.17  188.86  271.02  
   -0.22  -0.47  0.85  
   -0.91  0.42  0.00  
   -0.35  -0.78  -0.52  

5  1083.17  208.95  200.03  
   -0.46  0.82  0.33  
   -0.32  0.19  -0.93  
   -0.83  -0.53  0.18  

2  1065.31  178.59  279.95  
   -0.06  -0.74  0.67  
   -0.93  0.28  0.22  
   -0.35  -0.62  -0.70  

5  1082.28  209.40  200.47  
   -0.46  0.83  0.33  
   -0.33  0.18  -0.93  
   -0.82  -0.53  0.19  

2  1319.36  64.29  152.25  
   0.08  0.99  -0.07  
   -0.99  0.09  0.13  
   0.13  0.06  0.99  

6  1298.38  128.14  197.79  
   0.85  0.06  -0.53  
   -0.51  0.38  -0.77  
   0.16  0.92  0.36  

2  1305.97  59.38  150.91  
   0.03  0.94  0.35  
   -0.98  -0.05  0.21  
   0.22  -0.34  0.91  

6  1302.39  127.25  191.10  
   0.86  0.08  -0.51  
   -0.50  0.39  -0.77  
   0.14  0.92  0.38  

2  1310.43  54.92  161.63  
   0.20  0.95  0.25  
   -0.88  0.05  0.48  
   0.44  -0.31  0.84  

6  1301.50  131.27  192.43  
   0.87  0.08  -0.50  
   -0.47  0.44  -0.76  
   0.16  0.89  0.42  

2  1309.99  53.13  154.93  
   0.28  0.92  0.26  
   -0.82  0.08  0.57  
   0.50  -0.37  0.78  

6  1300.61  134.84  190.65  
   0.88  0.07  -0.48  
   -0.46  0.44  -0.77  
   0.16  0.90  0.41  

2  1340.79  68.31  144.21  
   0.25  0.84  -0.48  
   -0.89  0.39  0.22  
   0.37  0.37  0.85  

6  1299.72  139.30  188.42  
   0.87  0.07  -0.49  
   -0.48  0.36  -0.80  
   0.12  0.93  0.35  

2  1318.91  141.09  292.89  
   0.89  -0.20  -0.42  
   -0.45  -0.60  -0.66  
   -0.12  0.77  -0.63  

6  1272.93  118.32  221.46  
   0.94  0.18  -0.28  
   -0.29  0.85  -0.44  
   0.15  0.49  0.86  

2  1318.02  157.16  270.57  
   0.86  0.33  -0.40  
   -0.25  -0.41  -0.88  
   -0.45  0.85  -0.27  

6  1271.59  124.12  218.33  
   0.95  0.16  -0.26  
   -0.27  0.85  -0.45  
   0.15  0.50  0.85  

2  1326.95  148.68  258.51  
   0.66  0.19  -0.73  
   -0.68  -0.27  -0.68  
   -0.33  0.94  -0.05  

6  1268.91  123.23  218.33  
   0.95  0.16  -0.26  
   -0.27  0.85  -0.46  
   0.14  0.50  0.85  

2  1324.72  148.23  261.19  
   0.70  -0.14  -0.70  
   -0.70  -0.36  -0.62  
   -0.17  0.92  -0.35  

6  1265.78  129.03  210.74  
   0.95  0.19  -0.24  
   -0.28  0.83  -0.48  
   0.11  0.53  0.84  

2  1322.04  144.66  271.91  
   0.68  -0.46  -0.57  
   -0.74  -0.44  -0.51  
   -0.02  0.77  -0.64  

6  1267.57  129.93  204.49  
   0.95  0.20  -0.23  
   -0.29  0.81  -0.50  
   0.09  0.54  0.83  

2  1039.42  -54.47  -36.61  
   -0.55  -0.20  -0.81  
   0.65  -0.71  -0.27  
   -0.52  -0.67  0.52  

3  1044.77  -54.02  20.54  
   -0.53  -0.03  -0.85  
   0.03  -1.00  0.01  
   -0.85  -0.01  0.53  

2  1042.09  -67.87  -37.95  
   -0.33  -0.40  -0.86  
   0.68  -0.73  0.07  
   -0.66  -0.56  0.51  

3  1044.33  -54.02  20.54  
   -0.53  -0.03  -0.85  
   0.03  -1.00  0.01  
   -0.85  -0.02  0.53  

2  1029.59  -72.78  -47.77  
   -0.58  -0.53  -0.61  
   0.54  -0.82  0.20  
   -0.61  -0.21  0.76  

3  1043.43  -51.79  20.98  
   -0.53  -0.03  -0.85  
   0.03  -1.00  0.01  
   -0.84  -0.02  0.53  

2  1029.59  -58.04  -50.90  
   -0.69  -0.45  -0.57  
   0.60  -0.79  -0.10  
   -0.40  -0.41  0.82  

3  1043.43  -50.90  20.09  
   -0.54  -0.03  -0.84  
   0.03  -1.00  0.02  
   -0.84  -0.02  0.55  

2  1035.40  -44.20  -37.06  
   -0.68  -0.20  -0.70  
   0.65  -0.60  -0.46  
   -0.33  -0.77  0.54  

3  1043.88  -51.79  20.54  
   -0.54  -0.03  -0.84  
   0.03  -1.00  0.02  
   -0.84  -0.02  0.54  

2  1056.83  -178.59  18.31  
   0.09  0.17  -0.98  
   0.65  -0.76  -0.08  
   -0.76  -0.63  -0.18  

7  970.21  -229.94  -23.66  
   0.87  0.16  0.46  
   -0.43  0.71  0.56  
   -0.24  -0.68  0.69  

2  1051.47  -170.56  0.89  
   -0.45  0.04  -0.89  
   0.59  -0.74  -0.34  
   -0.67  -0.68  0.31  

7  972.44  -230.39  -24.11  
   0.88  0.16  0.45  
   -0.42  0.72  0.56  
   -0.24  -0.68  0.69  

2  1045.67  -183.51  -11.16  
   -0.58  -0.24  -0.77  
   0.43  -0.90  -0.04  
   -0.69  -0.36  0.63  

7  971.10  -229.49  -23.66  
   0.88  0.17  0.44  
   -0.42  0.72  0.55  
   -0.23  -0.67  0.70  

2  1046.11  -196.01  -3.57  
   -0.46  -0.39  -0.80  
   0.37  -0.90  0.22  
   -0.81  -0.19  0.56  

7  970.21  -228.60  -23.22  
   0.89  0.18  0.42  
   -0.40  0.74  0.55  
   -0.21  -0.65  0.73  

2  1048.79  -201.81  2.23  
   -0.23  -0.48  -0.85  
   0.35  -0.85  0.38  
   -0.91  -0.21  0.37  

7  969.76  -229.49  -23.22  
   0.89  0.18  0.41  
   -0.40  0.74  0.54  
   -0.21  -0.65  0.73  

2  1004.59  -230.39  -62.95  
   0.03  -0.99  -0.16  
   0.75  -0.08  0.66  
   -0.66  -0.14  0.74  

7  973.78  -225.03  -27.68  
   0.92  0.17  0.36  
   -0.35  0.77  0.54  
   -0.19  -0.62  0.76  

2  1028.25  -222.35  -50.01  
   0.22  -0.73  -0.65  
   0.88  -0.14  0.46  
   -0.42  -0.67  0.61  

7  974.23  -228.15  -24.56  
   0.91  0.18  0.38  
   -0.38  0.75  0.54  
   -0.19  -0.64  0.75  

2  1019.32  -203.60  -58.04  
   -0.05  -0.88  -0.46  
   1.00  -0.06  0.01  
   -0.04  -0.46  0.89  

7  973.78  -228.60  -23.22  
   0.90  0.19  0.39  
   -0.40  0.74  0.55  
   -0.18  -0.65  0.74  

2  998.34  -211.63  -64.29  
   0.07  -0.99  0.12  
   0.97  0.09  0.20  
   -0.21  0.10  0.97  

7  975.57  -228.60  -24.11  
   0.90  0.19  0.38  
   -0.39  0.74  0.55  
   -0.18  -0.64  0.74  

2  1005.04  -229.05  -55.81  
   0.26  -0.96  0.12  
   0.67  0.27  0.69  
   -0.69  -0.10  0.71  

7  972.00  -229.05  -25.45  
   0.88  0.20  0.42  
   -0.43  0.71  0.56  
   -0.19  -0.68  0.71  

2  932.26  -241.99  14.73  
   -0.51  -0.28  0.81  
   0.28  0.84  0.46  
   -0.82  0.46  -0.35  

7  977.35  -224.14  -27.24  
   0.86  0.19  0.47  
   -0.46  0.70  0.55  
   -0.22  -0.69  0.69  

2  944.31  -258.96  3.13  
   -0.19  -0.76  0.62  
   -0.02  0.64  0.77  
   -0.98  0.14  -0.13  

7  978.25  -224.58  -26.34  
   0.87  0.18  0.46  
   -0.45  0.69  0.57  
   -0.22  -0.70  0.68  

2  958.60  -263.43  -7.14  
   0.23  -0.90  0.37  
   0.08  0.40  0.91  
   -0.97  -0.18  0.16  

7  978.69  -225.92  -25.00  
   0.87  0.19  0.46  
   -0.46  0.68  0.58  
   -0.21  -0.71  0.67  

2  941.19  -241.10  -12.50  
   0.13  -0.62  0.77  
   0.41  0.74  0.53  
   -0.90  0.25  0.35  

7  977.80  -223.24  -25.45  
   0.87  0.19  0.46  
   -0.46  0.67  0.58  
   -0.20  -0.72  0.67  

2  935.83  -235.30  -0.45  
   -0.08  -0.41  0.91  
   0.50  0.77  0.40  
   -0.86  0.48  0.14  

7  977.80  -225.03  -25.00  
   0.86  0.19  0.47  
   -0.47  0.66  0.59  
   -0.20  -0.73  0.66  

2  891.63  -111.17  -31.70  
   0.45  0.06  0.89  
   0.73  0.54  -0.41  
   -0.51  0.84  0.20  

7  992.09  -225.03  -25.45  
   0.89  0.21  0.40  
   -0.42  0.69  0.58  
   -0.16  -0.69  0.71  

2  890.74  -136.62  -45.99  
   0.26  -0.29  0.92  
   0.50  0.86  0.13  
   -0.83  0.42  0.37  

7  992.53  -225.03  -25.45  
   0.89  0.20  0.40  
   -0.42  0.70  0.58  
   -0.16  -0.69  0.71  

2  906.81  -134.39  -63.40  
   0.65  -0.50  0.58  
   0.49  0.85  0.18  
   -0.58  0.16  0.80  

7  991.64  -225.03  -25.00  
   0.89  0.20  0.40  
   -0.42  0.70  0.58  
   -0.16  -0.69  0.71  

2  911.72  -113.41  -56.70  
   0.77  -0.46  0.45  
   0.60  0.76  -0.25  
   -0.22  0.46  0.86  

7  991.20  -225.03  -24.56  
   0.89  0.20  0.40  
   -0.42  0.70  0.58  
   -0.16  -0.69  0.71  

2  904.58  -106.71  -43.31  
   0.73  -0.31  0.62  
   0.64  0.64  -0.43  
   -0.26  0.70  0.66  

7  990.75  -226.37  -24.11  
   0.89  0.20  0.41  
   -0.42  0.69  0.59  
   -0.17  -0.69  0.70  

2  865.73  -149.57  125.91  
   -0.26  0.63  0.73  
   0.96  0.09  0.27  
   0.10  0.77  -0.62  

7  992.98  -226.81  -24.11  
   0.89  0.20  0.41  
   -0.43  0.69  0.59  
   -0.16  -0.70  0.70  

2  869.75  -167.88  117.43  
   -0.81  0.19  0.56  
   0.58  0.43  0.69  
   -0.11  0.88  -0.46  

7  993.43  -226.37  -24.56  
   0.89  0.20  0.41  
   -0.43  0.69  0.59  
   -0.16  -0.70  0.70  

2  862.16  -156.72  90.19  
   -0.47  -0.31  0.82  
   0.76  0.32  0.56  
   -0.44  0.89  0.08  

7  993.87  -226.81  -24.56  
   0.89  0.20  0.41  
   -0.43  0.69  0.59  
   -0.16  -0.70  0.70  

2  864.84  -140.64  80.37  
   0.05  -0.49  0.87  
   0.86  0.46  0.21  
   -0.51  0.74  0.44  

7  994.32  -227.71  -24.11  
   0.89  0.20  0.41  
   -0.42  0.68  0.59  
   -0.16  -0.70  0.69  

2  859.93  -129.93  100.91  
   0.08  -0.06  0.99  
   0.86  0.52  -0.04  
   -0.51  0.85  0.09  

7  992.98  -228.60  -22.77  
   0.89  0.19  0.41  
   -0.43  0.68  0.60  
   -0.17  -0.71  0.69  

2  1094.33  -275.03  238.42  
   0.80  0.40  -0.44  
   -0.16  0.85  0.50  
   0.57  -0.33  0.75  

8  1016.64  -258.07  258.07  
   -0.29  -0.70  0.66  
   0.09  0.66  0.74  
   -0.95  0.27  -0.12  

2  1104.16  -276.37  259.41  
   0.56  0.44  -0.70  
   0.12  0.79  0.60  
   0.82  -0.42  0.39  

8  1019.77  -260.75  257.62  
   -0.24  -0.76  0.61  
   0.06  0.61  0.79  
   -0.97  0.23  -0.10  

2  1109.51  -256.28  268.78  
   0.28  0.05  -0.96  
   0.39  0.91  0.16  
   0.88  -0.42  0.24  

8  1018.43  -259.85  258.07  
   -0.24  -0.75  0.61  
   0.07  0.61  0.79  
   -0.97  0.24  -0.09  

2  1107.28  -252.26  251.37  
   0.48  -0.16  -0.86  
   0.42  0.90  0.07  
   0.77  -0.40  0.51  

8  1019.32  -259.41  256.28  
   -0.25  -0.75  0.61  
   0.09  0.62  0.78  
   -0.96  0.25  -0.09  

2  1105.94  -249.58  251.37  
   0.46  -0.23  -0.86  
   0.46  0.89  0.01  
   0.75  -0.40  0.52  

8  1018.43  -260.30  256.28  
   -0.26  -0.74  0.61  
   0.11  0.61  0.79  
   -0.96  0.28  -0.08  

2  1004.14  -215.65  312.09  
   0.42  0.19  0.89  
   0.89  -0.28  -0.36  
   0.18  0.94  -0.29  

8  1024.68  -267.44  261.19  
   -0.32  -0.77  0.55  
   0.03  0.58  0.82  
   -0.95  0.28  -0.16  

2  997.45  -225.47  299.14  
   0.07  0.04  1.00  
   1.00  0.00  -0.07  
   -0.01  1.00  -0.04  

8  1023.79  -267.44  262.09  
   -0.33  -0.76  0.57  
   0.03  0.59  0.81  
   -0.94  0.28  -0.17  

2  1004.14  -210.74  298.70  
   0.40  -0.07  0.91  
   0.91  -0.06  -0.40  
   0.08  1.00  0.04  

8  1023.79  -268.34  262.53  
   -0.32  -0.76  0.57  
   0.03  0.59  0.81  
   -0.95  0.28  -0.17  

2  1014.41  -202.26  307.63  
   0.67  -0.18  0.72  
   0.67  -0.28  -0.69  
   0.32  0.94  -0.07  

8  1026.47  -269.23  262.53  
   -0.32  -0.78  0.54  
   0.03  0.56  0.83  
   -0.95  0.28  -0.15  

2  1020.22  -208.95  321.02  
   0.78  -0.00  0.62  
   0.54  -0.51  -0.67  
   0.32  0.86  -0.40  

8  1028.25  -270.57  262.98  
   -0.32  -0.79  0.52  
   0.03  0.54  0.84  
   -0.95  0.29  -0.15  

2  1256.41  -266.10  203.15  
   0.94  -0.32  0.12  
   0.28  0.51  -0.81  
   0.20  0.79  0.57  

9  1230.96  -342.90  235.30  
   0.98  -0.06  0.18  
   -0.15  0.33  0.93  
   -0.11  -0.94  0.31  

2  1257.75  -281.73  193.33  
   0.96  -0.21  0.20  
   0.28  0.88  -0.38  
   -0.10  0.42  0.90  

9  1234.08  -341.11  238.87  
   0.99  -0.02  0.16  
   -0.14  0.37  0.92  
   -0.08  -0.93  0.36  

2  1264.89  -300.93  186.63  
   1.00  -0.09  0.01  
   0.09  1.00  0.03  
   -0.01  -0.03  1.00  

9  1233.19  -343.35  236.64  
   0.99  0.00  0.15  
   -0.14  0.40  0.90  
   -0.06  -0.91  0.40  

2  1280.96  -304.06  184.40  
   0.93  -0.01  -0.36  
   0.05  0.99  0.11  
   0.35  -0.12  0.93  

9  1235.42  -341.56  232.17  
   0.99  0.02  0.15  
   -0.15  0.42  0.89  
   -0.05  -0.91  0.42  

2  1284.09  -287.98  204.94  
   0.77  -0.21  -0.60  
   -0.03  0.93  -0.36  
   0.64  0.30  0.71  

9  1230.96  -346.92  235.30  
   0.98  0.02  0.17  
   -0.17  0.42  0.89  
   -0.06  -0.91  0.42  

2  1307.31  -375.49  136.62  
   0.74  0.59  -0.32  
   -0.22  0.66  0.71  
   0.64  -0.46  0.62  

9  1272.03  -331.74  135.28  
   0.96  -0.25  0.11  
   0.23  0.96  0.14  
   -0.14  -0.11  0.98  

2  1308.65  -379.07  153.59  
   0.61  0.72  -0.33  
   0.03  0.39  0.92  
   0.79  -0.57  0.22  

9  1274.27  -327.72  135.28  
   0.96  -0.26  0.11  
   0.24  0.96  0.13  
   -0.14  -0.10  0.98  

2  1315.34  -374.60  157.61  
   0.50  0.58  -0.64  
   0.19  0.65  0.73  
   0.84  -0.49  0.22  

9  1272.48  -330.40  135.28  
   0.96  -0.25  0.11  
   0.24  0.96  0.11  
   -0.14  -0.08  0.99  

2  1319.36  -365.22  147.34  
   0.57  0.33  -0.75  
   0.10  0.88  0.46  
   0.81  -0.34  0.47  

9  1272.03  -332.63  136.18  
   0.96  -0.24  0.11  
   0.23  0.97  0.10  
   -0.13  -0.07  0.99  

2  1318.02  -356.74  141.54  
   0.68  0.19  -0.71  
   -0.04  0.97  0.23  
   0.73  -0.13  0.67  

9  1271.59  -334.42  137.52  
   0.97  -0.24  0.11  
   0.23  0.97  0.09  
   -0.12  -0.06  0.99  

