2 	  32.87	  -7.07	  22.75
	  0.657	  0.753	 -0.023
	 -0.754	  0.656	 -0.018
	  0.003	  0.029	  0.999

3 	  46.78	  -1.83	   2.21
	  0.424	  0.161	  0.891
	  0.023	  0.982	 -0.189
	 -0.905	  0.101	  0.412

4 	  41.99	   4.46	  -3.64
	  0.547	  0.810	 -0.211
	 -0.719	  0.582	  0.379
	  0.432	 -0.055	  0.900

5 	  45.19	  10.69	   5.06
	  0.737	  0.514	  0.440
	 -0.176	 -0.484	  0.857
	  0.654	 -0.708	 -0.267

6 	  51.06	   4.78	   2.20
	  0.390	 -0.883	 -0.261
	  0.918	  0.350	  0.183
	 -0.071	 -0.311	  0.948

7 	  41.26	  -7.26	  -3.22
	  0.518	 -0.773	 -0.366
	  0.643	  0.633	 -0.431
	  0.567	 -0.012	  0.824

8 	  45.83	 -15.19	   1.46
	  0.797	 -0.598	  0.087
	 -0.058	 -0.219	 -0.974
	  0.601	  0.771	 -0.210

9 	  51.08	  -8.86	  -0.56
	  0.260	  0.965	  0.028
	 -0.958	  0.261	 -0.118
	 -0.121	  0.003	  0.993

2 	  32.87	  -7.07	  22.75
	  0.657	  0.753	 -0.023
	 -0.754	  0.656	 -0.018
	  0.003	  0.029	  0.999

3 	  46.79	  -1.85	   2.20
	  0.425	  0.163	  0.890
	  0.025	  0.981	 -0.192
	 -0.905	  0.104	  0.413

4 	  42.01	   4.46	  -3.64
	  0.547	  0.810	 -0.213
	 -0.718	  0.583	  0.380
	  0.433	 -0.055	  0.899

5 	  45.26	  10.71	   5.01
	  0.739	  0.513	  0.436
	 -0.174	 -0.482	  0.859
	  0.651	 -0.710	 -0.268

6 	  51.10	   4.78	   2.16
	  0.390	 -0.883	 -0.261
	  0.918	  0.351	  0.183
	 -0.071	 -0.310	  0.948

7 	  41.27	  -7.26	  -3.22
	  0.516	 -0.773	 -0.369
	  0.643	  0.633	 -0.431
	  0.568	 -0.015	  0.822

8 	  45.84	 -15.19	   1.44
	  0.797	 -0.598	  0.085
	 -0.060	 -0.219	 -0.974
	  0.601	  0.771	 -0.211

9 	  51.10	  -8.86	  -0.62
	  0.260	  0.965	  0.027
	 -0.958	  0.261	 -0.115
	 -0.119	  0.003	  0.993

2 	  32.87	  -7.07	  22.75
	  0.657	  0.753	 -0.022
	 -0.754	  0.656	 -0.018
	  0.002	  0.029	  0.999

3 	  46.83	  -1.85	   2.18
	  0.425	  0.164	  0.890
	  0.025	  0.981	 -0.193
	 -0.905	  0.104	  0.413

4 	  42.05	   4.46	  -3.66
	  0.547	  0.809	 -0.213
	 -0.718	  0.583	  0.380
	  0.433	 -0.055	  0.899

5 	  45.28	  10.72	   4.99
	  0.738	  0.514	  0.436
	 -0.174	 -0.482	  0.858
	  0.652	 -0.709	 -0.268

6 	  51.13	   4.82	   2.14
	  0.392	 -0.882	 -0.261
	  0.917	  0.353	  0.185
	 -0.072	 -0.312	  0.947

7 	  41.31	  -7.26	  -3.23
	  0.516	 -0.772	 -0.371
	  0.642	  0.634	 -0.430
	  0.569	 -0.016	  0.822

8 	  45.88	 -15.17	   1.42
	  0.797	 -0.597	  0.086
	 -0.059	 -0.220	 -0.974
	  0.601	  0.771	 -0.210

9 	  51.13	  -8.86	  -0.60
	  0.259	  0.965	  0.027
	 -0.958	  0.261	 -0.117
	 -0.120	  0.003	  0.993

2 	  32.87	  -7.07	  22.75
	  0.657	  0.753	 -0.022
	 -0.755	  0.656	 -0.018
	  0.002	  0.029	  0.999

3 	  46.85	  -1.83	   2.18
	  0.425	  0.164	  0.890
	  0.025	  0.981	 -0.193
	 -0.905	  0.104	  0.413

4 	  42.05	   4.48	  -3.66
	  0.546	  0.810	 -0.212
	 -0.719	  0.582	  0.380
	  0.433	 -0.055	  0.899

5 	  45.30	  10.72	   5.01
	  0.738	  0.515	  0.435
	 -0.170	 -0.483	  0.858
	  0.653	 -0.707	 -0.271

6 	  51.17	   4.85	   2.13
	  0.396	 -0.880	 -0.262
	  0.915	  0.356	  0.188
	 -0.073	 -0.314	  0.947

7 	  41.31	  -7.22	  -3.23
	  0.517	 -0.771	 -0.371
	  0.641	  0.635	 -0.430
	  0.569	 -0.015	  0.822

8 	  45.90	 -15.15	   1.44
	  0.797	 -0.598	  0.085
	 -0.062	 -0.221	 -0.973
	  0.601	  0.770	 -0.213

9 	  51.13	  -8.86	  -0.65
	  0.263	  0.964	  0.020
	 -0.958	  0.264	 -0.115
	 -0.117	  0.010	  0.993

2 	  32.87	  -7.07	  22.73
	  0.657	  0.753	 -0.022
	 -0.754	  0.656	 -0.018
	  0.002	  0.029	  0.999

3 	  46.85	  -1.79	   2.14
	  0.422	  0.169	  0.891
	  0.026	  0.979	 -0.199
	 -0.906	  0.107	  0.408

4 	  42.03	   4.48	  -3.67
	  0.544	  0.809	 -0.220
	 -0.716	  0.584	  0.382
	  0.440	 -0.050	  0.896

5 	  45.37	  10.83	   4.78
	  0.744	  0.533	  0.402
	 -0.130	 -0.476	  0.869
	  0.656	 -0.698	 -0.286

6 	  51.26	   5.03	   1.78
	  0.405	 -0.874	 -0.268
	  0.912	  0.366	  0.182
	 -0.062	 -0.318	  0.946

7 	  41.29	  -7.24	  -3.25
	  0.513	 -0.776	 -0.367
	  0.641	  0.630	 -0.438
	  0.573	 -0.011	  0.819

8 	  45.77	 -15.13	   1.71
	  0.788	 -0.610	  0.079
	 -0.104	 -0.259	 -0.960
	  0.606	  0.749	 -0.267

9 	  51.12	  -9.16	  -0.98
	  0.293	  0.954	 -0.056
	 -0.954	  0.287	 -0.087
	 -0.068	  0.078	  0.995

2 	  32.87	  -7.07	  22.75
	  0.657	  0.753	 -0.023
	 -0.754	  0.656	 -0.018
	  0.003	  0.029	  0.999

3 	  46.83	  -1.78	   2.13
	  0.416	  0.177	  0.891
	  0.026	  0.978	 -0.207
	 -0.909	  0.109	  0.402

4 	  41.96	   4.41	  -3.78
	  0.538	  0.810	 -0.233
	 -0.717	  0.583	  0.381
	  0.446	 -0.038	  0.894

5 	  45.23	  10.81	   4.75
	  0.737	  0.548	  0.395
	 -0.104	 -0.487	  0.867
	  0.668	 -0.680	 -0.302

6 	  51.28	   5.29	   1.49
	  0.433	 -0.854	 -0.290
	  0.900	  0.389	  0.197
	 -0.056	 -0.345	  0.937

7 	  41.31	  -7.31	  -3.18
	  0.513	 -0.782	 -0.355
	  0.642	  0.622	 -0.448
	  0.573	  0.001	  0.820

8 	  45.70	 -15.08	   2.14
	  0.782	 -0.617	  0.079
	 -0.150	 -0.309	 -0.939
	  0.604	  0.723	 -0.334

9 	  51.10	  -9.54	  -1.23
	  0.317	  0.938	 -0.136
	 -0.948	  0.309	 -0.074
	 -0.028	  0.151	  0.988

2 	  32.87	  -7.07	  22.75
	  0.657	  0.753	 -0.022
	 -0.754	  0.656	 -0.018
	  0.002	  0.029	  0.999

3 	  46.83	  -1.78	   2.13
	  0.413	  0.185	  0.892
	  0.024	  0.976	 -0.214
	 -0.911	  0.109	  0.398

4 	  41.92	   4.34	  -3.81
	  0.536	  0.809	 -0.240
	 -0.717	  0.585	  0.378
	  0.449	 -0.030	  0.893

5 	  45.25	  10.76	   4.66
	  0.740	  0.554	  0.381
	 -0.081	 -0.490	  0.868
	  0.668	 -0.672	 -0.319

6 	  51.28	   5.40	   1.18
	  0.442	 -0.841	 -0.312
	  0.896	  0.397	  0.197
	 -0.042	 -0.366	  0.929

7 	  41.31	  -7.37	  -3.16
	  0.510	 -0.786	 -0.348
	  0.642	  0.616	 -0.456
	  0.575	  0.009	  0.818

8 	  45.76	 -15.05	   2.50
	  0.787	 -0.612	  0.074
	 -0.189	 -0.353	 -0.916
	  0.587	  0.707	 -0.393

9 	  51.06	  -9.91	  -1.62
	  0.333	  0.916	 -0.224
	 -0.943	  0.329	 -0.052
	  0.026	  0.228	  0.973

2 	  32.87	  -7.07	  22.73
	  0.657	  0.753	 -0.022
	 -0.754	  0.656	 -0.018
	  0.002	  0.029	  0.999

3 	  46.83	  -1.83	   2.09
	  0.413	  0.190	  0.890
	  0.025	  0.975	 -0.220
	 -0.910	  0.113	  0.398

4 	  41.87	   4.27	  -3.88
	  0.533	  0.808	 -0.252
	 -0.714	  0.588	  0.380
	  0.457	 -0.023	  0.889

5 	  45.28	  10.69	   4.59
	  0.746	  0.557	  0.363
	 -0.049	 -0.499	  0.865
	  0.664	 -0.663	 -0.345

6 	  51.31	   5.48	   0.81
	  0.447	 -0.827	 -0.341
	  0.894	  0.400	  0.201
	 -0.030	 -0.394	  0.918

7 	  41.26	  -7.44	  -3.09
	  0.507	 -0.792	 -0.341
	  0.639	  0.609	 -0.469
	  0.581	  0.019	  0.813

8 	  45.83	 -14.92	   2.78
	  0.798	 -0.599	  0.071
	 -0.213	 -0.389	 -0.896
	  0.564	  0.700	 -0.437

9 	  51.08	 -10.09	  -1.79
	  0.340	  0.895	 -0.289
	 -0.939	  0.341	 -0.050
	  0.053	  0.287	  0.956

2 	  32.87	  -7.07	  22.73
	  0.657	  0.753	 -0.023
	 -0.754	  0.656	 -0.018
	  0.003	  0.029	  0.999

3 	  46.78	  -1.81	   2.06
	  0.415	  0.198	  0.888
	  0.022	  0.973	 -0.227
	 -0.910	  0.114	  0.399

4 	  41.77	   4.24	  -3.94
	  0.530	  0.806	 -0.264
	 -0.710	  0.591	  0.383
	  0.467	 -0.015	  0.884

5 	  45.30	  10.58	   4.55
	  0.755	  0.557	  0.345
	 -0.018	 -0.510	  0.860
	  0.656	 -0.655	 -0.376

6 	  51.31	   5.66	   0.33
	  0.455	 -0.804	 -0.383
	  0.891	  0.408	  0.200
	 -0.005	 -0.432	  0.902

7 	  41.20	  -7.47	  -3.09
	  0.504	 -0.795	 -0.339
	  0.638	  0.605	 -0.475
	  0.584	  0.023	  0.811

8 	  45.97	 -14.68	   3.29
	  0.818	 -0.569	  0.080
	 -0.230	 -0.451	 -0.862
	  0.528	  0.687	 -0.499

9 	  51.21	 -10.30	  -1.83
	  0.350	  0.849	 -0.395
	 -0.934	  0.349	 -0.076
	  0.073	  0.395	  0.915

2 	  32.87	  -7.07	  22.75
	  0.657	  0.753	 -0.022
	 -0.754	  0.656	 -0.018
	  0.002	  0.029	  0.999

3 	  46.74	  -1.83	   2.02
	  0.419	  0.199	  0.885
	  0.021	  0.973	 -0.229
	 -0.908	  0.114	  0.403

4 	  41.73	   4.24	  -3.92
	  0.531	  0.805	 -0.267
	 -0.708	  0.592	  0.385
	  0.470	 -0.015	  0.882

5 	  45.40	  10.39	   4.68
	  0.767	  0.548	  0.333
	  0.018	 -0.538	  0.843
	  0.641	 -0.640	 -0.422

6 	  51.36	   5.87	  -0.04
	  0.460	 -0.768	 -0.446
	  0.888	  0.406	  0.215
	  0.015	 -0.495	  0.868

7 	  41.15	  -7.52	  -3.09
	  0.500	 -0.799	 -0.335
	  0.642	  0.599	 -0.478
	  0.584	  0.023	  0.811

8 	  46.25	 -14.17	   4.13
	  0.842	 -0.530	  0.096
	 -0.252	 -0.545	 -0.799
	  0.476	  0.649	 -0.592

9 	  51.21	 -10.65	  -1.86
	  0.339	  0.768	 -0.543
	 -0.933	  0.349	 -0.087
	  0.122	  0.536	  0.835

2 	  32.87	  -7.07	  22.75
	  0.657	  0.753	 -0.022
	 -0.754	  0.656	 -0.018
	  0.002	  0.029	  0.999

3 	  46.74	  -1.85	   1.99
	  0.420	  0.200	  0.885
	  0.020	  0.973	 -0.230
	 -0.907	  0.114	  0.404

4 	  41.71	   4.22	  -3.94
	  0.530	  0.804	 -0.270
	 -0.706	  0.593	  0.387
	  0.473	 -0.014	  0.881

5 	  45.53	  10.11	   4.96
	  0.777	  0.534	  0.332
	  0.053	 -0.581	  0.812
	  0.627	 -0.614	 -0.480

6 	  51.38	   6.17	  -0.42
	  0.457	 -0.710	 -0.536
	  0.888	  0.398	  0.228
	  0.051	 -0.581	  0.812

7 	  41.17	  -7.52	  -3.09
	  0.497	 -0.802	 -0.332
	  0.645	  0.596	 -0.479
	  0.583	  0.023	  0.812

8 	  46.39	 -13.76	   4.64
	  0.847	 -0.522	  0.093
	 -0.298	 -0.613	 -0.731
	  0.439	  0.593	 -0.675

9 	  50.99	 -11.34	  -2.14
	  0.324	  0.664	 -0.674
	 -0.922	  0.381	 -0.067
	  0.212	  0.643	  0.736

2 	  32.85	  -7.07	  22.75
	  0.657	  0.753	 -0.022
	 -0.754	  0.656	 -0.018
	  0.002	  0.029	  0.999

3 	  46.76	  -1.85	   1.97
	  0.421	  0.197	  0.885
	  0.020	  0.974	 -0.227
	 -0.907	  0.112	  0.406

4 	  41.73	   4.29	  -3.92
	  0.527	  0.807	 -0.265
	 -0.709	  0.588	  0.389
	  0.472	 -0.017	  0.881

5 	  45.62	   9.84	   5.26
	  0.784	  0.524	  0.332
	  0.092	 -0.628	  0.772
	  0.614	 -0.575	 -0.541

6 	  51.33	   6.68	  -0.74
	  0.455	 -0.634	 -0.625
	  0.887	  0.389	  0.250
	  0.084	 -0.668	  0.739

7 	  41.20	  -7.52	  -3.09
	  0.494	 -0.805	 -0.327
	  0.649	  0.591	 -0.479
	  0.580	  0.024	  0.814

8 	  46.56	 -13.31	   5.10
	  0.843	 -0.531	  0.083
	 -0.362	 -0.674	 -0.644
	  0.398	  0.513	 -0.760

9 	  50.64	 -12.09	  -2.36
	  0.293	  0.546	 -0.785
	 -0.906	  0.421	 -0.044
	  0.307	  0.724	  0.618

2 	  32.85	  -7.07	  22.75
	  0.657	  0.753	 -0.022
	 -0.754	  0.656	 -0.018
	  0.002	  0.029	  0.999

3 	  46.76	  -1.85	   1.95
	  0.421	  0.194	  0.886
	  0.019	  0.975	 -0.223
	 -0.907	  0.110	  0.406

4 	  41.71	   4.32	  -3.90
	  0.523	  0.811	 -0.261
	 -0.712	  0.583	  0.391
	  0.472	 -0.018	  0.881

5 	  45.60	   9.72	   5.40
	  0.785	  0.521	  0.334
	  0.109	 -0.649	  0.753
	  0.609	 -0.556	 -0.566

6 	  51.19	   6.96	  -0.84
	  0.450	 -0.591	 -0.670
	  0.886	  0.391	  0.250
	  0.114	 -0.706	  0.698

7 	  41.20	  -7.52	  -3.08
	  0.492	 -0.808	 -0.324
	  0.651	  0.587	 -0.480
	  0.579	  0.025	  0.814

8 	  46.48	 -13.04	   5.40
	  0.833	 -0.546	  0.089
	 -0.397	 -0.702	 -0.592
	  0.386	  0.458	 -0.801

9 	  50.34	 -12.71	  -2.21
	  0.275	  0.447	 -0.851
	 -0.895	  0.442	 -0.057
	  0.351	  0.777	  0.521

2 	  32.85	  -7.07	  22.75
	  0.657	  0.753	 -0.022
	 -0.754	  0.656	 -0.018
	  0.002	  0.029	  0.999

3 	  46.81	  -1.83	   1.92
	  0.422	  0.190	  0.886
	  0.019	  0.975	 -0.218
	 -0.906	  0.109	  0.408

4 	  41.73	   4.38	  -3.88
	  0.519	  0.816	 -0.255
	 -0.716	  0.577	  0.393
	  0.470	 -0.021	  0.882

5 	  45.56	   9.69	   5.50
	  0.782	  0.520	  0.342
	  0.113	 -0.659	  0.743
	  0.612	 -0.543	 -0.575

6 	  51.19	   7.10	  -0.84
	  0.456	 -0.564	 -0.688
	  0.882	  0.390	  0.265
	  0.119	 -0.728	  0.674

7 	  41.22	  -7.54	  -3.08
	  0.490	 -0.812	 -0.317
	  0.655	  0.581	 -0.484
	  0.578	  0.029	  0.815

8 	  46.42	 -12.78	   5.80
	  0.822	 -0.558	  0.113
	 -0.419	 -0.725	 -0.547
	  0.388	  0.403	 -0.829

9 	  50.10	 -13.32	  -1.88
	  0.265	  0.338	 -0.903
	 -0.892	  0.442	 -0.096
	  0.367	  0.831	  0.418

2 	  32.85	  -7.07	  22.75
	  0.657	  0.753	 -0.022
	 -0.754	  0.656	 -0.018
	  0.002	  0.029	  0.999

3 	  46.83	  -1.81	   1.92
	  0.420	  0.187	  0.888
	  0.017	  0.976	 -0.214
	 -0.907	  0.105	  0.407

4 	  41.78	   4.41	  -3.83
	  0.517	  0.820	 -0.247
	 -0.722	  0.571	  0.391
	  0.463	 -0.024	  0.886

5 	  45.49	   9.60	   5.66
	  0.779	  0.518	  0.353
	  0.114	 -0.671	  0.733
	  0.617	 -0.531	 -0.581

6 	  51.15	   7.22	  -0.79
	  0.462	 -0.541	 -0.702
	  0.878	  0.388	  0.279
	  0.122	 -0.746	  0.654

7 	  41.29	  -7.56	  -3.06
	  0.492	 -0.816	 -0.304
	  0.657	  0.576	 -0.486
	  0.574	  0.038	  0.818

8 	  46.48	 -12.64	   5.96
	  0.820	 -0.558	  0.124
	 -0.424	 -0.739	 -0.524
	  0.385	  0.378	 -0.842

9 	  50.13	 -13.69	  -1.71
	  0.251	  0.264	 -0.931
	 -0.906	  0.404	 -0.130
	  0.342	  0.876	  0.340

2 	  32.85	  -7.07	  22.75
	  0.657	  0.753	 -0.022
	 -0.754	  0.656	 -0.018
	  0.002	  0.029	  0.999

3 	  46.85	  -1.83	   1.86
	  0.418	  0.178	  0.891
	  0.019	  0.978	 -0.205
	 -0.908	  0.103	  0.405

4 	  41.78	   4.43	  -3.81
	  0.513	  0.825	 -0.238
	 -0.727	  0.564	  0.391
	  0.459	 -0.027	  0.888

5 	  45.56	   9.35	   5.82
	  0.783	  0.503	  0.364
	  0.118	 -0.696	  0.708
	  0.610	 -0.512	 -0.604

6 	  50.98	   7.31	  -0.86
	  0.440	 -0.496	 -0.749
	  0.882	  0.395	  0.256
	  0.169	 -0.774	  0.610

7 	  41.36	  -7.63	  -3.04
	  0.498	 -0.816	 -0.295
	  0.653	  0.574	 -0.493
	  0.573	  0.052	  0.818

8 	  46.62	 -12.39	   6.17
	  0.822	 -0.552	  0.138
	 -0.430	 -0.760	 -0.487
	  0.375	  0.342	 -0.861

9 	  50.08	 -13.96	  -1.49
	  0.231	  0.202	 -0.952
	 -0.909	  0.392	 -0.138
	  0.346	  0.897	  0.274

2 	  32.85	  -7.07	  22.75
	  0.657	  0.753	 -0.022
	 -0.754	  0.656	 -0.018
	  0.002	  0.029	  0.999

3 	  46.86	  -1.79	   1.97
	  0.411	  0.181	  0.893
	  0.007	  0.979	 -0.202
	 -0.912	  0.089	  0.401

4 	  41.84	   4.46	  -3.81
	  0.511	  0.828	 -0.228
	 -0.734	  0.558	  0.388
	  0.450	 -0.031	  0.892

5 	  45.56	   9.25	   6.01
	  0.776	  0.507	  0.374
	  0.131	 -0.711	  0.690
	  0.616	 -0.487	 -0.619

6 	  50.96	   7.56	  -0.76
	  0.444	 -0.454	 -0.772
	  0.876	  0.401	  0.267
	  0.189	 -0.796	  0.575

7 	  41.43	  -7.61	  -3.01
	  0.502	 -0.815	 -0.289
	  0.654	  0.575	 -0.491
	  0.569	  0.057	  0.820

8 	  46.35	 -12.52	   6.28
	  0.800	 -0.579	  0.159
	 -0.439	 -0.745	 -0.502
	  0.410	  0.332	 -0.849

9 	  50.01	 -14.29	  -1.27
	  0.259	  0.169	 -0.951
	 -0.914	  0.360	 -0.185
	  0.311	  0.917	  0.247

2 	  32.85	  -7.07	  22.75
	  0.657	  0.753	 -0.022
	 -0.754	  0.656	 -0.018
	  0.002	  0.029	  0.999

3 	  46.83	  -1.76	   2.02
	  0.409	  0.171	  0.896
	  0.005	  0.982	 -0.190
	 -0.912	  0.082	  0.400

4 	  41.91	   4.62	  -3.67
	  0.514	  0.833	 -0.205
	 -0.739	  0.550	  0.390
	  0.440	 -0.048	  0.897

5 	  45.49	   9.12	   6.29
	  0.773	  0.496	  0.394
	  0.127	 -0.730	  0.671
	  0.621	 -0.469	 -0.627

6 	  50.96	   7.75	  -0.53
	  0.451	 -0.424	 -0.785
	  0.872	  0.396	  0.286
	  0.190	 -0.814	  0.548

7 	  41.45	  -7.54	  -3.04
	  0.502	 -0.815	 -0.290
	  0.655	  0.576	 -0.489
	  0.567	  0.055	  0.822

8 	  46.28	 -12.38	   6.38
	  0.789	 -0.591	  0.166
	 -0.457	 -0.745	 -0.486
	  0.412	  0.308	 -0.857

9 	  49.75	 -14.43	  -1.12
	  0.241	  0.127	 -0.962
	 -0.915	  0.360	 -0.181
	  0.324	  0.924	  0.203

2 	  32.85	  -7.07	  22.75
	  0.657	  0.753	 -0.022
	 -0.754	  0.656	 -0.018
	  0.002	  0.029	  0.999

3 	  46.81	  -1.67	   2.06
	  0.411	  0.160	  0.897
	  0.003	  0.984	 -0.177
	 -0.912	  0.076	  0.404

4 	  41.92	   4.76	  -3.60
	  0.514	  0.836	 -0.192
	 -0.740	  0.544	  0.395
	  0.436	 -0.061	  0.897

5 	  45.44	   9.12	   6.47
	  0.769	  0.492	  0.407
	  0.127	 -0.743	  0.657
	  0.626	 -0.455	 -0.633

6 	  50.89	   7.93	  -0.39
	  0.456	 -0.401	 -0.794
	  0.868	  0.399	  0.296
	  0.199	 -0.825	  0.529

7 	  41.45	  -7.42	  -3.06
	  0.501	 -0.815	 -0.290
	  0.657	  0.576	 -0.486
	  0.565	  0.053	  0.823

8 	  46.21	 -12.22	   6.47
	  0.784	 -0.595	  0.177
	 -0.460	 -0.748	 -0.479
	  0.418	  0.294	 -0.859

9 	  49.64	 -14.71	  -0.91
	  0.231	  0.068	 -0.971
	 -0.926	  0.321	 -0.198
	  0.298	  0.944	  0.137

2 	  32.85	  -7.07	  22.75
	  0.657	  0.753	 -0.022
	 -0.754	  0.656	 -0.018
	  0.002	  0.029	  0.999

3 	  46.83	  -1.63	   2.04
	  0.413	  0.154	  0.897
	  0.003	  0.985	 -0.171
	 -0.911	  0.073	  0.406

4 	  41.96	   4.83	  -3.57
	  0.511	  0.840	 -0.181
	 -0.745	  0.537	  0.396
	  0.432	 -0.067	  0.899

5 	  45.35	   9.05	   6.66
	  0.763	  0.490	  0.421
	  0.129	 -0.754	  0.644
	  0.633	 -0.438	 -0.638

6 	  50.89	   8.05	  -0.26
	  0.462	 -0.374	 -0.804
	  0.862	  0.402	  0.307
	  0.209	 -0.836	  0.507

7 	  41.47	  -7.40	  -3.06
	  0.498	 -0.818	 -0.287
	  0.662	  0.571	 -0.485
	  0.563	  0.051	  0.825

8 	  46.21	 -12.08	   6.57
	  0.782	 -0.593	  0.188
	 -0.465	 -0.757	 -0.458
	  0.415	  0.272	 -0.868

9 	  49.57	 -14.92	  -0.69
	  0.215	  0.013	 -0.976
	 -0.938	  0.281	 -0.203
	  0.271	  0.959	  0.073

2 	  32.85	  -7.07	  22.75
	  0.657	  0.753	 -0.022
	 -0.754	  0.656	 -0.018
	  0.002	  0.029	  0.999

3 	  46.86	  -1.67	   2.02
	  0.408	  0.153	  0.900
	  0.008	  0.985	 -0.172
	 -0.913	  0.078	  0.400

4 	  42.01	   4.83	  -3.57
	  0.508	  0.843	 -0.177
	 -0.748	  0.533	  0.395
	  0.429	 -0.068	  0.901

5 	  45.33	   8.98	   6.66
	  0.761	  0.489	  0.427
	  0.127	 -0.757	  0.641
	  0.636	 -0.434	 -0.638

6 	  50.89	   8.07	  -0.19
	  0.471	 -0.366	 -0.803
	  0.856	  0.411	  0.314
	  0.216	 -0.835	  0.505

7 	  41.54	  -7.45	  -3.02
	  0.497	 -0.821	 -0.280
	  0.666	  0.567	 -0.484
	  0.558	  0.053	  0.828

8 	  46.21	 -11.99	   6.73
	  0.780	 -0.591	  0.203
	 -0.466	 -0.766	 -0.443
	  0.419	  0.252	 -0.872

9 	  49.57	 -15.03	  -0.42
	  0.209	 -0.015	 -0.978
	 -0.940	  0.274	 -0.205
	  0.271	  0.961	  0.044

2 	  32.85	  -7.07	  22.75
	  0.657	  0.753	 -0.022
	 -0.754	  0.656	 -0.018
	  0.002	  0.029	  0.999

3 	  46.93	  -1.71	   1.99
	  0.406	  0.155	  0.900
	  0.011	  0.984	 -0.175
	 -0.914	  0.081	  0.397

4 	  42.06	   4.80	  -3.59
	  0.505	  0.844	 -0.178
	 -0.751	  0.531	  0.391
	  0.427	 -0.063	  0.902

5 	  45.37	   8.95	   6.70
	  0.761	  0.488	  0.427
	  0.127	 -0.758	  0.639
	  0.636	 -0.433	 -0.639

6 	  50.91	   8.09	  -0.25
	  0.469	 -0.357	 -0.808
	  0.846	  0.443	  0.294
	  0.255	 -0.822	  0.508

7 	  41.55	  -7.51	  -3.02
	  0.495	 -0.824	 -0.274
	  0.670	  0.562	 -0.484
	  0.555	  0.056	  0.830

8 	  46.30	 -11.90	   6.84
	  0.783	 -0.585	  0.212
	 -0.467	 -0.777	 -0.423
	  0.413	  0.233	 -0.880

9 	  49.55	 -15.12	  -0.35
	  0.191	 -0.042	 -0.981
	 -0.948	  0.253	 -0.195
	  0.256	  0.966	  0.009

2 	  32.85	  -7.07	  22.75
	  0.657	  0.753	 -0.022
	 -0.754	  0.656	 -0.018
	  0.002	  0.029	  0.999

3 	  47.00	  -1.71	   1.93
	  0.406	  0.155	  0.900
	  0.017	  0.984	 -0.177
	 -0.914	  0.087	  0.397

4 	  42.13	   4.87	  -3.53
	  0.504	  0.848	 -0.167
	 -0.756	  0.524	  0.391
	  0.421	 -0.070	  0.904

5 	  45.51	   8.75	   6.89
	  0.762	  0.473	  0.441
	  0.124	 -0.776	  0.618
	  0.635	 -0.417	 -0.650

6 	  50.92	   8.16	  -0.14
	  0.461	 -0.326	 -0.825
	  0.835	  0.475	  0.277
	  0.304	 -0.817	  0.489

7 	  41.61	  -7.54	  -3.02
	  0.492	 -0.829	 -0.266
	  0.677	  0.555	 -0.483
	  0.550	  0.057	  0.833

8 	  46.30	 -11.81	   6.91
	  0.785	 -0.579	  0.219
	 -0.462	 -0.782	 -0.417
	  0.414	  0.227	 -0.881

9 	  49.59	 -15.17	  -0.16
	  0.202	 -0.067	 -0.977
	 -0.950	  0.229	 -0.212
	  0.238	  0.971	 -0.017

2 	  32.85	  -7.07	  22.75
	  0.657	  0.753	 -0.022
	 -0.754	  0.656	 -0.018
	  0.002	  0.029	  0.999

3 	  47.02	  -1.69	   1.93
	  0.406	  0.150	  0.901
	  0.020	  0.985	 -0.173
	 -0.914	  0.087	  0.396

4 	  42.19	   4.94	  -3.46
	  0.504	  0.850	 -0.154
	 -0.759	  0.520	  0.391
	  0.414	 -0.080	  0.906

5 	  45.53	   8.70	   7.00
	  0.763	  0.464	  0.449
	  0.116	 -0.783	  0.611
	  0.635	 -0.415	 -0.651

6 	  50.98	   8.19	   0.00
	  0.469	 -0.320	 -0.823
	  0.831	  0.476	  0.288
	  0.302	 -0.819	  0.487

7 	  41.64	  -7.51	  -3.06
	  0.493	 -0.828	 -0.267
	  0.679	  0.556	 -0.478
	  0.546	  0.053	  0.836

8 	  46.28	 -11.78	   6.94
	  0.784	 -0.578	  0.225
	 -0.458	 -0.783	 -0.420
	  0.420	  0.228	 -0.878

9 	  49.62	 -15.21	  -0.11
	  0.203	 -0.074	 -0.976
	 -0.951	  0.222	 -0.214
	  0.232	  0.972	 -0.025

2 	  32.87	  -7.07	  22.75
	  0.657	  0.753	 -0.022
	 -0.754	  0.656	 -0.018
	  0.002	  0.029	  0.999

3 	  47.06	  -1.71	   1.95
	  0.404	  0.149	  0.902
	  0.020	  0.985	 -0.172
	 -0.915	  0.088	  0.394

4 	  42.24	   4.92	  -3.46
	  0.505	  0.849	 -0.153
	 -0.759	  0.521	  0.390
	  0.412	 -0.080	  0.907

5 	  45.54	   8.68	   7.01
	  0.764	  0.462	  0.450
	  0.114	 -0.784	  0.610
	  0.634	 -0.416	 -0.652

6 	  50.99	   8.10	   0.02
	  0.472	 -0.319	 -0.822
	  0.828	  0.482	  0.287
	  0.307	 -0.816	  0.490

7 	  41.64	  -7.56	  -2.95
	  0.490	 -0.835	 -0.248
	  0.691	  0.544	 -0.476
	  0.534	  0.061	  0.843

8 	  46.37	 -11.62	   7.10
	  0.793	 -0.563	  0.230
	 -0.451	 -0.798	 -0.400
	  0.410	  0.214	 -0.886

9 	  49.64	 -15.17	   0.12
	  0.185	 -0.102	 -0.977
	 -0.957	  0.206	 -0.203
	  0.222	  0.973	 -0.059

2 	  32.85	  -7.07	  22.75
	  0.657	  0.753	 -0.022
	 -0.754	  0.656	 -0.018
	  0.002	  0.029	  0.999

3 	  47.00	  -1.79	   2.02
	  0.411	  0.146	  0.900
	  0.015	  0.986	 -0.167
	 -0.912	  0.082	  0.403

4 	  42.21	   4.89	  -3.41
	  0.510	  0.847	 -0.152
	 -0.758	  0.524	  0.387
	  0.410	 -0.082	  0.908

5 	  45.54	   8.46	   7.14
	  0.771	  0.442	  0.457
	  0.100	 -0.794	  0.599
	  0.628	 -0.416	 -0.657

6 	  50.98	   7.95	   0.07
	  0.464	 -0.311	 -0.830
	  0.832	  0.475	  0.286
	  0.308	 -0.823	  0.477

7 	  41.59	  -7.58	  -2.90
	  0.490	 -0.837	 -0.243
	  0.691	  0.541	 -0.479
	  0.534	  0.066	  0.842

8 	  46.48	 -11.48	   7.21
	  0.805	 -0.546	  0.232
	 -0.441	 -0.812	 -0.383
	  0.398	  0.207	 -0.893

9 	  49.64	 -15.10	   0.18
	  0.168	 -0.113	 -0.979
	 -0.962	  0.200	 -0.188
	  0.216	  0.973	 -0.074

2 	  32.85	  -7.07	  22.75
	  0.657	  0.753	 -0.022
	 -0.755	  0.656	 -0.018
	  0.002	  0.029	  0.999

3 	  46.99	  -1.79	   2.04
	  0.412	  0.144	  0.900
	  0.015	  0.986	 -0.166
	 -0.911	  0.082	  0.403

4 	  42.21	   4.87	  -3.39
	  0.513	  0.845	 -0.149
	 -0.758	  0.526	  0.386
	  0.407	 -0.084	  0.909

5 	  45.60	   8.31	   7.21
	  0.775	  0.428	  0.464
	  0.092	 -0.803	  0.588
	  0.624	 -0.414	 -0.662

6 	  51.01	   7.91	   0.11
	  0.464	 -0.288	 -0.838
	  0.829	  0.475	  0.294
	  0.316	 -0.831	  0.457

7 	  41.61	  -7.63	  -2.87
	  0.490	 -0.838	 -0.240
	  0.691	  0.540	 -0.479
	  0.533	  0.069	  0.843

8 	  46.55	 -11.44	   7.22
	  0.813	 -0.532	  0.237
	 -0.427	 -0.820	 -0.380
	  0.398	  0.209	 -0.893

9 	  49.75	 -15.01	   0.23
	  0.169	 -0.115	 -0.979
	 -0.964	  0.188	 -0.189
	  0.205	  0.975	 -0.078

2 	  32.85	  -7.07	  22.75
	  0.658	  0.753	 -0.022
	 -0.754	  0.656	 -0.018
	  0.002	  0.029	  0.999

3 	  46.97	  -1.85	   2.09
	  0.407	  0.144	  0.902
	  0.015	  0.986	 -0.165
	 -0.914	  0.081	  0.398

4 	  42.21	   4.80	  -3.41
	  0.514	  0.844	 -0.151
	 -0.757	  0.528	  0.384
	  0.406	 -0.083	  0.910

5 	  45.51	   8.37	   7.08
	  0.774	  0.433	  0.462
	  0.083	 -0.792	  0.604
	  0.628	 -0.430	 -0.649

6 	  51.12	   7.70	   0.14
	  0.491	 -0.336	 -0.804
	  0.826	  0.472	  0.306
	  0.279	 -0.815	  0.508

7 	  41.62	  -7.66	  -2.90
	  0.496	 -0.833	 -0.243
	  0.687	  0.547	 -0.479
	  0.533	  0.070	  0.843

8 	  46.20	 -12.09	   6.98
	  0.800	 -0.552	  0.235
	 -0.399	 -0.781	 -0.480
	  0.450	  0.291	 -0.844

9 	  50.24	 -14.70	   0.00
	  0.297	  0.031	 -0.954
	 -0.938	  0.195	 -0.285
	  0.176	  0.980	  0.088

2 	  32.87	  -7.07	  22.75
	  0.657	  0.753	 -0.022
	 -0.754	  0.656	 -0.018
	  0.002	  0.029	  0.999

3 	  46.95	  -1.85	   2.11
	  0.405	  0.155	  0.901
	  0.013	  0.984	 -0.176
	 -0.914	  0.083	  0.397

4 	  42.13	   4.68	  -3.53
	  0.517	  0.839	 -0.168
	 -0.749	  0.537	  0.387
	  0.417	 -0.074	  0.906

5 	  45.58	   8.58	   6.77
	  0.783	  0.439	  0.440
	  0.079	 -0.773	  0.629
	  0.617	 -0.457	 -0.641

6 	  51.17	   7.42	  -0.04
	  0.484	 -0.387	 -0.785
	  0.841	  0.455	  0.292
	  0.246	 -0.802	  0.544

7 	  41.57	  -7.63	  -2.94
	  0.499	 -0.827	 -0.258
	  0.678	  0.557	 -0.479
	  0.542	  0.064	  0.838

8 	  46.34	 -12.16	   6.73
	  0.801	 -0.562	  0.203
	 -0.423	 -0.773	 -0.473
	  0.423	  0.294	 -0.857

9 	  50.34	 -14.41	  -0.76
	  0.291	  0.116	 -0.949
	 -0.940	  0.220	 -0.260
	  0.177	  0.968	  0.174

2 	  32.85	  -7.07	  22.75
	  0.657	  0.753	 -0.022
	 -0.754	  0.656	 -0.018
	  0.002	  0.029	  0.999

3 	  46.88	  -1.88	   2.11
	  0.411	  0.167	  0.896
	  0.014	  0.981	 -0.190
	 -0.912	  0.090	  0.401

4 	  42.06	   4.55	  -3.67
	  0.526	  0.829	 -0.189
	 -0.734	  0.553	  0.393
	  0.432	 -0.068	  0.899

5 	  45.70	   8.77	   6.47
	  0.797	  0.438	  0.415
	  0.069	 -0.749	  0.659
	  0.600	 -0.497	 -0.627

6 	  51.24	   6.98	  -0.19
	  0.472	 -0.461	 -0.751
	  0.857	  0.441	  0.265
	  0.211	 -0.770	  0.602

7 	  41.45	  -7.61	  -2.97
	  0.500	 -0.822	 -0.272
	  0.670	  0.565	 -0.481
	  0.552	  0.058	  0.832

8 	  46.05	 -12.83	   6.29
	  0.812	 -0.552	  0.188
	 -0.357	 -0.726	 -0.588
	  0.462	  0.411	 -0.786

9 	  50.84	 -13.54	  -0.97
	  0.375	  0.306	 -0.875
	 -0.923	  0.212	 -0.321
	  0.086	  0.928	  0.363

2 	  32.85	  -7.07	  22.75
	  0.657	  0.753	 -0.022
	 -0.754	  0.656	 -0.018
	  0.002	  0.029	  0.999

3 	  46.81	  -1.90	   2.09
	  0.417	  0.170	  0.892
	  0.016	  0.981	 -0.195
	 -0.909	  0.095	  0.406

4 	  41.98	   4.54	  -3.67
	  0.526	  0.828	 -0.193
	 -0.732	  0.555	  0.395
	  0.436	 -0.066	  0.897

5 	  45.53	   8.93	   6.33
	  0.792	  0.437	  0.425
	  0.033	 -0.728	  0.684
	  0.609	 -0.528	 -0.592

6 	  51.28	   6.59	   0.02
	  0.479	 -0.527	 -0.702
	  0.865	  0.418	  0.275
	  0.149	 -0.740	  0.656

7 	  41.38	  -7.63	  -2.99
	  0.501	 -0.819	 -0.280
	  0.665	  0.569	 -0.482
	  0.556	  0.055	  0.829

8 	  46.00	 -13.45	   5.68
	  0.833	 -0.527	  0.169
	 -0.287	 -0.672	 -0.682
	  0.474	  0.520	 -0.710

9 	  51.29	 -12.59	  -1.02
	  0.404	  0.467	 -0.786
	 -0.915	  0.191	 -0.355
	 -0.019	  0.862	  0.506

2 	  32.85	  -7.07	  22.75
	  0.657	  0.753	 -0.022
	 -0.754	  0.656	 -0.018
	  0.002	  0.029	  0.999

3 	  46.83	  -1.92	   2.07
	  0.419	  0.173	  0.891
	  0.018	  0.979	 -0.200
	 -0.908	  0.100	  0.407

4 	  41.98	   4.50	  -3.73
	  0.527	  0.826	 -0.199
	 -0.728	  0.558	  0.397
	  0.441	 -0.064	  0.895

5 	  45.60	   9.04	   6.10
	  0.797	  0.425	  0.428
	 -0.005	 -0.706	  0.708
	  0.603	 -0.566	 -0.561

6 	  51.36	   6.08	   0.09
	  0.468	 -0.593	 -0.655
	  0.880	  0.385	  0.277
	  0.088	 -0.707	  0.702

7 	  41.40	  -7.65	  -2.99
	  0.503	 -0.817	 -0.282
	  0.662	  0.572	 -0.483
	  0.557	  0.056	  0.828

8 	  46.42	 -13.55	   5.36
	  0.868	 -0.468	  0.163
	 -0.214	 -0.651	 -0.729
	  0.448	  0.598	 -0.665

9 	  52.00	 -11.41	  -0.90
	  0.409	  0.606	 -0.682
	 -0.906	  0.171	 -0.388
	 -0.122	  0.775	  0.620

2 	  32.87	  -7.07	  22.75
	  0.657	  0.753	 -0.022
	 -0.754	  0.656	 -0.018
	  0.002	  0.029	  0.999

3 	  46.83	  -1.95	   2.04
	  0.419	  0.184	  0.889
	  0.020	  0.977	 -0.212
	 -0.908	  0.106	  0.406

4 	  41.99	   4.45	  -3.81
	  0.528	  0.822	 -0.211
	 -0.724	  0.565	  0.397
	  0.447	 -0.057	  0.892

5 	  45.70	   9.11	   5.96
	  0.802	  0.411	  0.434
	 -0.044	 -0.684	  0.728
	  0.596	 -0.602	 -0.531

6 	  51.40	   5.62	   0.30
	  0.451	 -0.639	 -0.623
	  0.891	  0.371	  0.262
	  0.063	 -0.673	  0.736

7 	  41.41	  -7.66	  -2.94
	  0.508	 -0.813	 -0.284
	  0.658	  0.578	 -0.483
	  0.558	  0.058	  0.827

8 	  46.63	 -13.73	   4.97
	  0.890	 -0.410	  0.198
	 -0.100	 -0.602	 -0.793
	  0.444	  0.686	 -0.577

9 	  52.42	  -9.97	   0.07
	  0.410	  0.768	 -0.492
	 -0.899	  0.247	 -0.362
	 -0.159	  0.588	  0.793

2 	  32.87	  -7.07	  22.75
	  0.657	  0.753	 -0.022
	 -0.754	  0.656	 -0.018
	  0.002	  0.029	  0.999

3 	  46.85	  -1.95	   2.04
	  0.419	  0.185	  0.889
	  0.018	  0.977	 -0.212
	 -0.908	  0.105	  0.406

4 	  41.99	   4.41	  -3.83
	  0.532	  0.820	 -0.212
	 -0.721	  0.568	  0.396
	  0.447	 -0.058	  0.892

5 	  45.77	   9.21	   5.84
	  0.808	  0.386	  0.443
	 -0.088	 -0.667	  0.740
	  0.582	 -0.637	 -0.506

6 	  51.33	   5.08	   0.49
	  0.416	 -0.700	 -0.581
	  0.909	  0.338	  0.243
	  0.026	 -0.629	  0.777

7 	  41.47	  -7.65	  -2.95
	  0.519	 -0.806	 -0.285
	  0.649	  0.587	 -0.483
	  0.558	  0.066	  0.827

8 	  47.04	 -13.61	   4.75
	  0.907	 -0.349	  0.234
	  0.004	 -0.551	 -0.835
	  0.420	  0.758	 -0.499

9 	  52.54	  -8.49	   0.72
	  0.331	  0.879	 -0.342
	 -0.924	  0.227	 -0.307
	 -0.194	  0.415	  0.889

2 	  32.87	  -7.07	  22.75
	  0.657	  0.753	 -0.022
	 -0.755	  0.656	 -0.018
	  0.002	  0.029	  0.999

3 	  46.85	  -1.92	   2.04
	  0.417	  0.188	  0.889
	  0.009	  0.977	 -0.211
	 -0.909	  0.096	  0.405

4 	  41.99	   4.43	  -3.83
	  0.532	  0.819	 -0.213
	 -0.720	  0.569	  0.396
	  0.448	 -0.057	  0.892

5 	  45.77	   9.28	   5.80
	  0.806	  0.366	  0.465
	 -0.141	 -0.646	  0.750
	  0.575	 -0.669	 -0.470

6 	  51.21	   4.57	   0.76
	  0.380	 -0.753	 -0.537
	  0.925	  0.303	  0.230
	 -0.011	 -0.584	  0.812

7 	  41.48	  -7.61	  -2.99
	  0.525	 -0.800	 -0.291
	  0.643	  0.596	 -0.481
	  0.559	  0.065	  0.826

8 	  47.29	 -13.64	   4.36
	  0.916	 -0.318	  0.244
	  0.061	 -0.492	 -0.869
	  0.396	  0.810	 -0.431

9 	  52.38	  -7.68	   0.95
	  0.251	  0.935	 -0.249
	 -0.950	  0.189	 -0.248
	 -0.185	  0.298	  0.936

2 	  32.87	  -7.05	  22.75
	  0.657	  0.753	 -0.023
	 -0.755	  0.656	 -0.019
	  0.002	  0.030	  0.999

3 	  46.85	  -1.92	   2.04
	  0.415	  0.186	  0.890
	  0.008	  0.978	 -0.209
	 -0.910	  0.094	  0.404

4 	  42.01	   4.48	  -3.85
	  0.536	  0.818	 -0.211
	 -0.718	  0.571	  0.397
	  0.447	 -0.061	  0.892

5 	  45.76	   9.30	   5.85
	  0.799	  0.345	  0.492
	 -0.194	 -0.628	  0.753
	  0.570	 -0.696	 -0.436

6 	  51.12	   4.18	   1.21
	  0.361	 -0.786	 -0.501
	  0.929	  0.254	  0.269
	 -0.085	 -0.562	  0.822

7 	  41.48	  -7.58	  -2.97
	  0.526	 -0.799	 -0.293
	  0.645	  0.597	 -0.476
	  0.557	  0.061	  0.828

8 	  47.36	 -13.62	   4.24
	  0.917	 -0.301	  0.262
	  0.102	 -0.459	 -0.883
	  0.386	  0.836	 -0.390

9 	  52.21	  -7.19	   1.28
	  0.201	  0.960	 -0.193
	 -0.958	  0.152	 -0.242
	 -0.204	  0.232	  0.951

2 	  32.87	  -7.07	  22.75
	  0.657	  0.753	 -0.022
	 -0.754	  0.656	 -0.018
	  0.002	  0.029	  0.999

3 	  46.85	  -1.90	   2.07
	  0.414	  0.182	  0.891
	  0.008	  0.979	 -0.204
	 -0.910	  0.091	  0.404

4 	  42.01	   4.48	  -3.83
	  0.538	  0.817	 -0.209
	 -0.717	  0.573	  0.396
	  0.445	 -0.063	  0.893

5 	  45.74	   9.26	   5.82
	  0.799	  0.321	  0.508
	 -0.238	 -0.608	  0.757
	  0.554	 -0.724	 -0.410

6 	  50.92	   3.80	   1.42
	  0.325	 -0.815	 -0.480
	  0.938	  0.211	  0.276
	 -0.124	 -0.539	  0.833

7 	  41.47	  -7.58	  -2.99
	  0.530	 -0.797	 -0.290
	  0.646	  0.599	 -0.473
	  0.552	  0.063	  0.831

8 	  47.50	 -13.50	   4.29
	  0.919	 -0.263	  0.291
	  0.158	 -0.431	 -0.888
	  0.359	  0.862	 -0.356

9 	  51.94	  -6.59	   1.67
	  0.122	  0.979	 -0.164
	 -0.959	  0.074	 -0.273
	 -0.256	  0.190	  0.948

2 	  32.87	  -7.07	  22.75
	  0.657	  0.753	 -0.022
	 -0.754	  0.656	 -0.018
	  0.002	  0.029	  0.999

3 	  46.81	  -1.92	   2.09
	  0.412	  0.182	  0.892
	  0.007	  0.979	 -0.203
	 -0.911	  0.090	  0.402

4 	  42.01	   4.48	  -3.83
	  0.539	  0.816	 -0.210
	 -0.717	  0.573	  0.396
	  0.445	 -0.062	  0.893

5 	  45.77	   9.28	   5.80
	  0.794	  0.307	  0.524
	 -0.273	 -0.592	  0.758
	  0.544	 -0.744	 -0.388

6 	  50.84	   3.55	   1.58
	  0.304	 -0.832	 -0.464
	  0.939	  0.181	  0.291
	 -0.159	 -0.523	  0.837

7 	  41.48	  -7.58	  -3.01
	  0.530	 -0.795	 -0.295
	  0.645	  0.602	 -0.470
	  0.553	  0.059	  0.831

8 	  47.58	 -13.38	   4.32
	  0.915	 -0.231	  0.330
	  0.222	 -0.397	 -0.891
	  0.337	  0.888	 -0.312

9 	  51.73	  -6.03	   2.18
	  0.074	  0.989	 -0.130
	 -0.939	  0.025	 -0.344
	 -0.337	  0.148	  0.930

2 	  32.87	  -7.05	  22.75
	  0.657	  0.753	 -0.022
	 -0.754	  0.656	 -0.018
	  0.002	  0.029	  0.999

3 	  46.83	  -1.92	   2.09
	  0.412	  0.179	  0.893
	  0.008	  0.980	 -0.200
	 -0.911	  0.089	  0.402

4 	  42.03	   4.48	  -3.83
	  0.542	  0.815	 -0.207
	 -0.716	  0.575	  0.396
	  0.444	 -0.066	  0.893

5 	  45.81	   9.28	   5.85
	  0.793	  0.294	  0.534
	 -0.292	 -0.587	  0.755
	  0.536	 -0.753	 -0.380

6 	  50.77	   3.36	   1.67
	  0.279	 -0.843	 -0.459
	  0.944	  0.152	  0.292
	 -0.177	 -0.514	  0.839

7 	  41.48	  -7.56	  -3.02
	  0.532	 -0.793	 -0.296
	  0.645	  0.605	 -0.466
	  0.550	  0.057	  0.833

8 	  47.57	 -13.10	   4.69
	  0.903	 -0.183	  0.389
	  0.297	 -0.387	 -0.873
	  0.310	  0.903	 -0.296

9 	  51.50	  -5.50	   2.78
	  0.014	  0.988	 -0.156
	 -0.861	 -0.066	 -0.503
	 -0.509	  0.142	  0.849

2 	  32.87	  -7.07	  22.75
	  0.657	  0.753	 -0.022
	 -0.754	  0.656	 -0.018
	  0.002	  0.029	  0.999

3 	  46.83	  -1.90	   2.13
	  0.415	  0.177	  0.892
	 -0.003	  0.981	 -0.193
	 -0.910	  0.077	  0.408

4 	  42.03	   4.50	  -3.81
	  0.542	  0.814	 -0.207
	 -0.716	  0.575	  0.395
	  0.443	 -0.066	  0.894

5 	  45.81	   9.25	   5.85
	  0.794	  0.278	  0.540
	 -0.311	 -0.580	  0.753
	  0.524	 -0.765	 -0.375

6 	  50.57	   3.20	   1.72
	  0.248	 -0.852	 -0.460
	  0.951	  0.126	  0.280
	 -0.182	 -0.507	  0.843

7 	  41.48	  -7.54	  -3.02
	  0.538	 -0.790	 -0.293
	  0.646	  0.609	 -0.460
	  0.543	  0.058	  0.837

8 	  47.50	 -12.99	   4.82
	  0.888	 -0.146	  0.435
	  0.367	 -0.345	 -0.864
	  0.276	  0.927	 -0.253

9 	  51.19	  -5.10	   3.43
	 -0.027	  0.986	 -0.166
	 -0.745	 -0.129	 -0.655
	 -0.668	  0.107	  0.736

2 	  32.87	  -7.05	  22.75
	  0.657	  0.753	 -0.022
	 -0.755	  0.656	 -0.018
	  0.002	  0.029	  0.999

3 	  46.81	  -1.92	   2.13
	  0.419	  0.174	  0.891
	 -0.006	  0.982	 -0.189
	 -0.908	  0.074	  0.412

4 	  42.03	   4.52	  -3.80
	  0.544	  0.813	 -0.205
	 -0.716	  0.576	  0.394
	  0.441	 -0.068	  0.895

5 	  45.70	   9.26	   5.91
	  0.784	  0.266	  0.561
	 -0.347	 -0.563	  0.749
	  0.517	 -0.781	 -0.350

6 	  50.41	   2.99	   1.97
	  0.232	 -0.866	 -0.442
	  0.943	  0.088	  0.322
	 -0.241	 -0.491	  0.837

7 	  41.45	  -7.54	  -3.01
	  0.538	 -0.791	 -0.291
	  0.650	  0.608	 -0.457
	  0.539	  0.057	  0.840

8 	  47.48	 -12.97	   4.83
	  0.878	 -0.136	  0.459
	  0.401	 -0.315	 -0.860
	  0.262	  0.939	 -0.222

9 	  50.99	  -5.04	   3.66
	 -0.061	  0.985	 -0.160
	 -0.703	 -0.154	 -0.695
	 -0.710	  0.071	  0.701

2 	  32.85	  -7.07	  22.75
	  0.657	  0.753	 -0.022
	 -0.754	  0.656	 -0.018
	  0.002	  0.029	  0.999

3 	  46.81	  -1.92	   2.13
	  0.421	  0.172	  0.890
	 -0.006	  0.982	 -0.188
	 -0.907	  0.073	  0.415

4 	  42.01	   4.52	  -3.78
	  0.544	  0.814	 -0.204
	 -0.716	  0.576	  0.393
	  0.439	 -0.068	  0.896

5 	  45.63	   9.28	   5.92
	  0.770	  0.250	  0.586
	 -0.389	 -0.546	  0.742
	  0.508	 -0.798	 -0.324

6 	  50.22	   2.81	   2.27
	  0.217	 -0.878	 -0.428
	  0.932	  0.055	  0.357
	 -0.291	 -0.475	  0.831

7 	  41.45	  -7.52	  -3.02
	  0.538	 -0.790	 -0.295
	  0.649	  0.610	 -0.454
	  0.540	  0.053	  0.840

8 	  47.44	 -12.97	   4.80
	  0.865	 -0.131	  0.485
	  0.437	 -0.280	 -0.855
	  0.248	  0.951	 -0.185

9 	  50.62	  -4.90	   3.96
	 -0.109	  0.982	 -0.156
	 -0.661	 -0.187	 -0.726
	 -0.743	  0.026	  0.668

