2 	  32.89	  -7.05	  22.75
	  0.658	  0.752	 -0.023
	 -0.754	  0.657	 -0.018
	  0.003	  0.029	  0.999

3 	  47.67	  -1.92	   2.55
	  0.396	  0.123	  0.909
	 -0.033	  0.992	 -0.121
	 -0.918	  0.018	  0.397

4 	  43.42	   5.12	  -2.64
	  0.461	  0.878	  0.127
	 -0.867	  0.416	  0.273
	  0.187	 -0.236	  0.953

5 	  43.93	   8.46	   8.82
	  0.502	  0.270	  0.821
	 -0.500	 -0.685	  0.529
	  0.708	 -0.675	 -0.208

6 	  50.78	   8.82	  16.15
	  0.524	  0.013	  0.852
	 -0.167	  0.982	  0.089
	 -0.836	 -0.190	  0.515

7 	  42.77	  -7.95	  -2.44
	  0.542	 -0.841	  0.001
	  0.811	  0.521	 -0.264
	  0.222	  0.143	  0.964

8 	  44.77	 -11.60	   8.79
	  0.523	 -0.084	  0.848
	  0.646	 -0.611	 -0.458
	  0.558	  0.786	 -0.265

9 	  51.05	 -10.85	  15.89
	  0.447	  0.096	  0.889
	  0.030	  0.992	 -0.126
	 -0.894	  0.085	  0.439

2 	  32.87	  -7.05	  22.73
	  0.658	  0.753	 -0.023
	 -0.754	  0.657	 -0.018
	  0.003	  0.029	  0.999

3 	  47.65	  -1.92	   2.55
	  0.397	  0.123	  0.909
	 -0.034	  0.992	 -0.120
	 -0.917	  0.017	  0.397

4 	  43.40	   5.12	  -2.62
	  0.460	  0.878	  0.129
	 -0.869	  0.415	  0.271
	  0.185	 -0.237	  0.954

5 	  43.89	   8.46	   8.88
	  0.501	  0.272	  0.821
	 -0.497	 -0.688	  0.529
	  0.711	 -0.672	 -0.209

6 	  50.78	   8.82	  16.17
	  0.523	  0.011	  0.852
	 -0.168	  0.981	  0.090
	 -0.836	 -0.192	  0.514

7 	  42.79	  -7.93	  -2.46
	  0.542	 -0.840	  0.000
	  0.811	  0.522	 -0.263
	  0.222	  0.142	  0.964

8 	  44.77	 -11.60	   8.81
	  0.524	 -0.086	  0.847
	  0.645	 -0.611	 -0.459
	  0.559	  0.786	 -0.264

9 	  51.03	 -10.86	  15.87
	  0.447	  0.095	  0.889
	  0.030	  0.992	 -0.125
	 -0.894	  0.085	  0.439

2 	  32.87	  -7.07	  22.73
	  0.658	  0.752	 -0.023
	 -0.754	  0.657	 -0.018
	  0.003	  0.029	  0.999

3 	  47.62	  -1.92	   2.57
	  0.397	  0.122	  0.909
	 -0.034	  0.992	 -0.119
	 -0.917	  0.016	  0.397

4 	  43.38	   5.13	  -2.62
	  0.459	  0.878	  0.130
	 -0.869	  0.414	  0.271
	  0.184	 -0.238	  0.953

5 	  43.89	   8.46	   8.86
	  0.502	  0.272	  0.821
	 -0.496	 -0.688	  0.528
	  0.711	 -0.671	 -0.210

6 	  50.77	   8.84	  16.17
	  0.525	  0.011	  0.850
	 -0.168	  0.981	  0.091
	 -0.835	 -0.192	  0.516

7 	  42.77	  -7.93	  -2.44
	  0.541	 -0.841	  0.001
	  0.812	  0.521	 -0.263
	  0.222	  0.143	  0.964

8 	  44.75	 -11.58	   8.79
	  0.525	 -0.086	  0.846
	  0.644	 -0.611	 -0.460
	  0.559	  0.785	 -0.265

9 	  51.03	 -10.85	  15.86
	  0.448	  0.095	  0.888
	  0.030	  0.992	 -0.124
	 -0.894	  0.084	  0.441

2 	  32.87	  -7.07	  22.73
	  0.658	  0.752	 -0.023
	 -0.754	  0.657	 -0.018
	  0.003	  0.029	  0.999

3 	  47.60	  -1.92	   2.58
	  0.398	  0.121	  0.909
	 -0.035	  0.992	 -0.118
	 -0.917	  0.016	  0.399

4 	  43.35	   5.13	  -2.60
	  0.460	  0.878	  0.131
	 -0.869	  0.414	  0.270
	  0.184	 -0.238	  0.954

5 	  43.89	   8.46	   8.86
	  0.503	  0.272	  0.820
	 -0.496	 -0.688	  0.529
	  0.711	 -0.671	 -0.211

6 	  50.77	   8.82	  16.17
	  0.526	  0.010	  0.850
	 -0.167	  0.982	  0.091
	 -0.835	 -0.191	  0.516

7 	  42.75	  -7.93	  -2.44
	  0.540	 -0.842	  0.001
	  0.812	  0.520	 -0.263
	  0.222	  0.143	  0.964

8 	  44.75	 -11.58	   8.79
	  0.526	 -0.087	  0.846
	  0.642	 -0.612	 -0.461
	  0.560	  0.785	 -0.266

9 	  51.03	 -10.86	  15.86
	  0.450	  0.094	  0.888
	  0.031	  0.992	 -0.125
	 -0.893	  0.086	  0.442

2 	  32.87	  -7.07	  22.73
	  0.658	  0.752	 -0.023
	 -0.754	  0.657	 -0.018
	  0.003	  0.029	  0.999

3 	  47.58	  -1.90	   2.60
	  0.397	  0.122	  0.909
	 -0.036	  0.992	 -0.118
	 -0.917	  0.015	  0.398

4 	  43.35	   5.13	  -2.60
	  0.460	  0.878	  0.131
	 -0.869	  0.414	  0.270
	  0.183	 -0.238	  0.954

5 	  43.89	   8.46	   8.88
	  0.503	  0.272	  0.820
	 -0.494	 -0.689	  0.530
	  0.711	 -0.670	 -0.212

6 	  50.77	   8.82	  16.15
	  0.526	  0.010	  0.850
	 -0.167	  0.982	  0.092
	 -0.834	 -0.191	  0.517

7 	  42.75	  -7.93	  -2.44
	  0.540	 -0.842	  0.001
	  0.812	  0.520	 -0.264
	  0.223	  0.143	  0.964

8 	  44.75	 -11.58	   8.81
	  0.526	 -0.087	  0.846
	  0.642	 -0.613	 -0.460
	  0.561	  0.783	 -0.266

9 	  51.03	 -10.86	  15.87
	  0.450	  0.095	  0.888
	  0.034	  0.991	 -0.127
	 -0.893	  0.090	  0.442

2 	  32.87	  -7.05	  22.73
	  0.658	  0.752	 -0.023
	 -0.754	  0.657	 -0.018
	  0.003	  0.029	  0.999

3 	  47.60	  -1.90	   2.64
	  0.394	  0.124	  0.910
	 -0.043	  0.992	 -0.117
	 -0.918	  0.007	  0.396

4 	  43.35	   5.13	  -2.60
	  0.459	  0.879	  0.130
	 -0.870	  0.415	  0.266
	  0.181	 -0.235	  0.955

5 	  43.89	   8.46	   8.89
	  0.503	  0.273	  0.820
	 -0.494	 -0.689	  0.530
	  0.712	 -0.670	 -0.212

6 	  50.77	   8.82	  16.17
	  0.527	  0.009	  0.849
	 -0.167	  0.982	  0.093
	 -0.834	 -0.192	  0.517

7 	  42.79	  -7.91	  -2.43
	  0.542	 -0.840	 -0.001
	  0.810	  0.522	 -0.266
	  0.225	  0.143	  0.964

8 	  44.74	 -11.57	   8.82
	  0.524	 -0.089	  0.847
	  0.639	 -0.617	 -0.459
	  0.565	  0.780	 -0.266

9 	  51.01	 -10.92	  15.91
	  0.449	  0.093	  0.888
	  0.053	  0.990	 -0.133
	 -0.892	  0.109	  0.439

2 	  32.87	  -7.05	  22.73
	  0.658	  0.753	 -0.023
	 -0.754	  0.657	 -0.018
	  0.003	  0.029	  0.999

3 	  47.60	  -1.90	   2.64
	  0.395	  0.123	  0.910
	 -0.044	  0.992	 -0.116
	 -0.918	  0.006	  0.397

4 	  43.35	   5.13	  -2.60
	  0.458	  0.879	  0.130
	 -0.870	  0.414	  0.266
	  0.181	 -0.235	  0.955

5 	  43.86	   8.46	   8.88
	  0.504	  0.273	  0.819
	 -0.492	 -0.691	  0.530
	  0.712	 -0.668	 -0.214

6 	  50.77	   8.82	  16.19
	  0.528	  0.009	  0.849
	 -0.167	  0.981	  0.094
	 -0.833	 -0.193	  0.518

7 	  42.79	  -7.89	  -2.43
	  0.543	 -0.840	 -0.007
	  0.808	  0.524	 -0.269
	  0.230	  0.140	  0.963

8 	  44.75	 -11.55	   8.82
	  0.525	 -0.089	  0.846
	  0.639	 -0.616	 -0.460
	  0.565	  0.781	 -0.266

9 	  51.01	 -10.90	  15.89
	  0.449	  0.092	  0.888
	  0.053	  0.990	 -0.132
	 -0.892	  0.109	  0.439

2 	  32.87	  -7.05	  22.73
	  0.658	  0.753	 -0.023
	 -0.754	  0.657	 -0.018
	  0.003	  0.029	  0.999

3 	  47.58	  -1.86	   2.64
	  0.396	  0.122	  0.910
	 -0.044	  0.992	 -0.115
	 -0.917	  0.005	  0.398

4 	  43.35	   5.15	  -2.58
	  0.458	  0.879	  0.131
	 -0.870	  0.414	  0.265
	  0.180	 -0.236	  0.955

5 	  43.86	   8.47	   8.91
	  0.503	  0.273	  0.819
	 -0.490	 -0.692	  0.530
	  0.713	 -0.667	 -0.214

6 	  50.75	   8.84	  16.19
	  0.528	  0.008	  0.849
	 -0.168	  0.981	  0.095
	 -0.833	 -0.194	  0.518

7 	  42.79	  -7.88	  -2.43
	  0.543	 -0.839	 -0.008
	  0.807	  0.524	 -0.270
	  0.232	  0.140	  0.962

8 	  44.75	 -11.55	   8.81
	  0.524	 -0.090	  0.847
	  0.638	 -0.618	 -0.459
	  0.566	  0.780	 -0.266

9 	  51.01	 -10.92	  15.87
	  0.449	  0.091	  0.889
	  0.055	  0.990	 -0.132
	 -0.892	  0.110	  0.439

2 	  32.87	  -7.05	  22.73
	  0.658	  0.753	 -0.023
	 -0.754	  0.657	 -0.018
	  0.003	  0.029	  0.999

3 	  47.58	  -1.86	   2.64
	  0.395	  0.121	  0.910
	 -0.043	  0.992	 -0.114
	 -0.917	  0.005	  0.397

4 	  43.35	   5.17	  -2.58
	  0.458	  0.879	  0.131
	 -0.870	  0.414	  0.265
	  0.180	 -0.236	  0.955

5 	  43.86	   8.47	   8.91
	  0.504	  0.274	  0.819
	 -0.490	 -0.692	  0.530
	  0.714	 -0.667	 -0.214

6 	  50.75	   8.84	  16.19
	  0.528	  0.008	  0.849
	 -0.169	  0.981	  0.096
	 -0.833	 -0.195	  0.518

7 	  42.79	  -7.88	  -2.44
	  0.543	 -0.840	 -0.008
	  0.807	  0.524	 -0.271
	  0.233	  0.140	  0.962

8 	  44.74	 -11.53	   8.81
	  0.524	 -0.091	  0.847
	  0.637	 -0.618	 -0.460
	  0.567	  0.779	 -0.265

9 	  51.01	 -10.90	  15.87
	  0.449	  0.091	  0.889
	  0.056	  0.990	 -0.132
	 -0.892	  0.111	  0.439

2 	  32.87	  -7.05	  22.73
	  0.658	  0.753	 -0.023
	 -0.754	  0.657	 -0.018
	  0.003	  0.029	  0.999

3 	  47.60	  -1.86	   2.62
	  0.396	  0.120	  0.910
	 -0.043	  0.993	 -0.113
	 -0.917	  0.005	  0.398

4 	  43.37	   5.19	  -2.58
	  0.458	  0.879	  0.131
	 -0.871	  0.414	  0.266
	  0.180	 -0.236	  0.955

5 	  43.82	   8.51	   8.89
	  0.502	  0.281	  0.818
	 -0.481	 -0.697	  0.532
	  0.721	 -0.659	 -0.214

6 	  50.75	   8.88	  16.17
	  0.529	  0.008	  0.848
	 -0.169	  0.981	  0.097
	 -0.832	 -0.195	  0.519

7 	  42.80	  -7.88	  -2.46
	  0.544	 -0.839	 -0.012
	  0.805	  0.526	 -0.274
	  0.238	  0.139	  0.961

8 	  44.72	 -11.55	   8.77
	  0.522	 -0.097	  0.847
	  0.633	 -0.623	 -0.460
	  0.574	  0.775	 -0.264

9 	  51.01	 -10.92	  15.86
	  0.450	  0.091	  0.888
	  0.059	  0.989	 -0.135
	 -0.891	  0.116	  0.439

2 	  32.87	  -7.05	  22.73
	  0.658	  0.753	 -0.023
	 -0.754	  0.657	 -0.018
	  0.003	  0.029	  0.999

3 	  47.60	  -1.83	   2.62
	  0.392	  0.121	  0.912
	 -0.049	  0.992	 -0.111
	 -0.919	 -0.001	  0.395

4 	  43.38	   5.19	  -2.60
	  0.458	  0.879	  0.130
	 -0.870	  0.413	  0.267
	  0.181	 -0.236	  0.954

5 	  43.82	   8.54	   8.82
	  0.499	  0.297	  0.814
	 -0.469	 -0.699	  0.540
	  0.731	 -0.650	 -0.210

6 	  50.75	   8.95	  16.10
	  0.533	  0.010	  0.846
	 -0.169	  0.981	  0.095
	 -0.830	 -0.195	  0.523

7 	  42.84	  -7.88	  -2.50
	  0.543	 -0.839	 -0.015
	  0.805	  0.525	 -0.276
	  0.240	  0.137	  0.961

8 	  44.68	 -11.60	   8.68
	  0.518	 -0.115	  0.847
	  0.619	 -0.633	 -0.464
	  0.592	  0.764	 -0.257

9 	  50.98	 -11.14	  15.77
	  0.454	  0.083	  0.887
	  0.081	  0.987	 -0.137
	 -0.887	  0.136	  0.441

2 	  32.87	  -7.05	  22.73
	  0.658	  0.753	 -0.023
	 -0.754	  0.657	 -0.018
	  0.003	  0.029	  0.999

3 	  47.60	  -1.81	   2.64
	  0.384	  0.127	  0.914
	 -0.054	  0.992	 -0.116
	 -0.922	 -0.004	  0.388

4 	  43.45	   5.17	  -2.69
	  0.453	  0.883	  0.124
	 -0.874	  0.410	  0.261
	  0.180	 -0.227	  0.957

5 	  43.58	   8.68	   8.63
	  0.470	  0.340	  0.814
	 -0.447	 -0.706	  0.550
	  0.763	 -0.620	 -0.180

6 	  50.34	   9.70	  16.05
	  0.513	  0.062	  0.855
	 -0.220	  0.973	  0.061
	 -0.830	 -0.220	  0.513

7 	  42.93	  -7.86	  -2.53
	  0.543	 -0.839	 -0.019
	  0.805	  0.525	 -0.275
	  0.242	  0.133	  0.961

8 	  44.40	 -11.81	   8.58
	  0.491	 -0.154	  0.857
	  0.606	 -0.648	 -0.461
	  0.629	  0.744	 -0.224

9 	  50.52	 -11.74	  15.86
	  0.433	  0.054	  0.900
	  0.111	  0.987	 -0.115
	 -0.895	  0.151	  0.420

2 	  32.87	  -7.05	  22.73
	  0.658	  0.753	 -0.023
	 -0.754	  0.657	 -0.018
	  0.003	  0.029	  0.999

3 	  47.67	  -1.81	   2.71
	  0.377	  0.136	  0.916
	 -0.054	  0.990	 -0.125
	 -0.924	 -0.002	  0.381

4 	  43.52	   5.13	  -2.72
	  0.441	  0.889	  0.123
	 -0.881	  0.402	  0.248
	  0.171	 -0.218	  0.961

5 	  43.28	   8.75	   8.51
	  0.433	  0.364	  0.824
	 -0.445	 -0.710	  0.545
	  0.786	 -0.601	 -0.145

6 	  49.85	  10.09	  16.21
	  0.481	  0.089	  0.872
	 -0.243	  0.969	  0.033
	 -0.843	 -0.227	  0.487

7 	  43.05	  -7.88	  -2.53
	  0.544	 -0.839	 -0.013
	  0.805	  0.527	 -0.271
	  0.235	  0.137	  0.962

8 	  44.03	 -11.99	   8.56
	  0.449	 -0.185	  0.874
	  0.602	 -0.661	 -0.447
	  0.662	  0.725	 -0.185

9 	  49.92	 -12.27	  16.08
	  0.399	  0.029	  0.916
	  0.142	  0.985	 -0.095
	 -0.906	  0.170	  0.386

2 	  32.87	  -7.07	  22.73
	  0.658	  0.752	 -0.023
	 -0.754	  0.657	 -0.018
	  0.003	  0.029	  0.999

3 	  47.71	  -1.81	   2.74
	  0.370	  0.145	  0.917
	 -0.062	  0.989	 -0.132
	 -0.927	 -0.008	  0.375

4 	  43.59	   5.06	  -2.79
	  0.435	  0.892	  0.122
	 -0.885	  0.399	  0.237
	  0.163	 -0.211	  0.964

5 	  43.21	   8.72	   8.46
	  0.423	  0.366	  0.829
	 -0.452	 -0.709	  0.541
	  0.787	 -0.602	 -0.135

6 	  49.73	  10.00	  16.22
	  0.475	  0.085	  0.875
	 -0.235	  0.971	  0.033
	 -0.849	 -0.222	  0.480

7 	  43.21	  -7.93	  -2.57
	  0.546	 -0.838	 -0.010
	  0.806	  0.528	 -0.266
	  0.228	  0.137	  0.964

8 	  43.84	 -12.15	   8.44
	  0.417	 -0.207	  0.885
	  0.601	 -0.668	 -0.438
	  0.683	  0.713	 -0.154

9 	  49.55	 -12.55	  16.21
	  0.374	  0.018	  0.927
	  0.159	  0.983	 -0.085
	 -0.914	  0.181	  0.364

2 	  32.87	  -7.05	  22.73
	  0.658	  0.752	 -0.023
	 -0.754	  0.657	 -0.018
	  0.003	  0.029	  0.999

3 	  47.78	  -1.85	   2.81
	  0.361	  0.153	  0.920
	 -0.067	  0.988	 -0.139
	 -0.930	 -0.011	  0.367

4 	  43.72	   4.96	  -2.85
	  0.428	  0.895	  0.121
	 -0.891	  0.396	  0.222
	  0.151	 -0.203	  0.967

5 	  43.03	   8.72	   8.28
	  0.395	  0.379	  0.837
	 -0.463	 -0.706	  0.536
	  0.795	 -0.597	 -0.103

6 	  49.38	  10.02	  16.26
	  0.448	  0.090	  0.889
	 -0.229	  0.973	  0.016
	 -0.865	 -0.211	  0.455

7 	  43.40	  -7.96	  -2.64
	  0.550	 -0.835	 -0.007
	  0.806	  0.533	 -0.256
	  0.218	  0.135	  0.966

8 	  43.52	 -12.39	   8.23
	  0.373	 -0.236	  0.897
	  0.606	 -0.671	 -0.427
	  0.704	  0.701	 -0.106

9 	  48.96	 -12.92	  16.21
	  0.344	  0.009	  0.939
	  0.168	  0.983	 -0.073
	 -0.924	  0.184	  0.334

2 	  32.87	  -7.05	  22.73
	  0.658	  0.753	 -0.023
	 -0.754	  0.657	 -0.018
	  0.003	  0.029	  0.999

3 	  47.88	  -1.85	   2.81
	  0.355	  0.158	  0.921
	 -0.068	  0.987	 -0.144
	 -0.933	 -0.011	  0.360

4 	  43.79	   4.90	  -3.01
	  0.416	  0.902	  0.113
	 -0.898	  0.387	  0.211
	  0.147	 -0.190	  0.971

5 	  42.77	   8.82	   8.03
	  0.354	  0.402	  0.844
	 -0.465	 -0.709	  0.530
	  0.812	 -0.579	 -0.064

6 	  48.88	  10.28	  16.24
	  0.417	  0.105	  0.902
	 -0.237	  0.971	 -0.004
	 -0.878	 -0.212	  0.429

7 	  43.58	  -7.98	  -2.76
	  0.550	 -0.835	 -0.005
	  0.809	  0.535	 -0.243
	  0.206	  0.130	  0.970

8 	  43.17	 -12.66	   7.89
	  0.314	 -0.264	  0.912
	  0.627	 -0.664	 -0.407
	  0.714	  0.698	 -0.042

9 	  48.22	 -13.48	  16.22
	  0.295	 -0.015	  0.955
	  0.192	  0.980	 -0.045
	 -0.936	  0.197	  0.290

2 	  32.87	  -7.05	  22.73
	  0.658	  0.752	 -0.023
	 -0.754	  0.657	 -0.018
	  0.003	  0.029	  0.999

3 	  48.01	  -1.85	   2.81
	  0.344	  0.166	  0.924
	 -0.072	  0.986	 -0.152
	 -0.936	 -0.013	  0.351

4 	  43.91	   4.83	  -3.11
	  0.403	  0.908	  0.111
	 -0.905	  0.377	  0.196
	  0.136	 -0.180	  0.974

5 	  42.61	   8.84	   7.84
	  0.324	  0.422	  0.847
	 -0.465	 -0.710	  0.529
	  0.825	 -0.564	 -0.033

6 	  48.53	  10.48	  16.24
	  0.393	  0.120	  0.911
	 -0.246	  0.969	 -0.023
	 -0.887	 -0.216	  0.409

7 	  43.82	  -8.03	  -2.79
	  0.556	 -0.831	  0.005
	  0.809	  0.539	 -0.234
	  0.192	  0.134	  0.972

8 	  42.68	 -13.01	   7.52
	  0.229	 -0.284	  0.931
	  0.675	 -0.643	 -0.361
	  0.702	  0.710	  0.045

9 	  47.09	 -13.94	  16.38
	  0.214	 -0.029	  0.976
	  0.193	  0.981	 -0.015
	 -0.957	  0.193	  0.215

2 	  32.87	  -7.05	  22.73
	  0.658	  0.752	 -0.023
	 -0.754	  0.657	 -0.018
	  0.003	  0.029	  0.999

3 	  48.04	  -1.88	   2.85
	  0.335	  0.170	  0.926
	 -0.068	  0.985	 -0.158
	 -0.940	 -0.010	  0.341

4 	  44.02	   4.78	  -3.15
	  0.399	  0.909	  0.115
	 -0.908	  0.374	  0.187
	  0.127	 -0.179	  0.975

5 	  42.42	   8.77	   7.70
	  0.292	  0.425	  0.856
	 -0.475	 -0.714	  0.514
	  0.831	 -0.556	 -0.006

6 	  48.16	  10.42	  16.28
	  0.373	  0.117	  0.920
	 -0.245	  0.969	 -0.026
	 -0.896	 -0.216	  0.388

7 	  43.91	  -8.07	  -2.88
	  0.552	 -0.834	  0.005
	  0.813	  0.537	 -0.223
	  0.184	  0.127	  0.974

8 	  42.24	 -13.18	   7.12
	  0.163	 -0.308	  0.937
	  0.684	 -0.649	 -0.332
	  0.711	  0.694	  0.105

9 	  46.20	 -14.43	  16.26
	  0.158	 -0.053	  0.986
	  0.219	  0.975	  0.016
	 -0.963	  0.214	  0.165

2 	  32.87	  -7.07	  22.73
	  0.658	  0.752	 -0.023
	 -0.754	  0.657	 -0.018
	  0.003	  0.029	  0.999

3 	  48.11	  -1.92	   2.87
	  0.334	  0.168	  0.927
	 -0.052	  0.985	 -0.161
	 -0.941	  0.005	  0.337

4 	  44.17	   4.71	  -3.18
	  0.394	  0.911	  0.120
	 -0.912	  0.371	  0.174
	  0.114	 -0.178	  0.977

5 	  42.28	   8.75	   7.63
	  0.259	  0.435	  0.862
	 -0.478	 -0.719	  0.504
	  0.840	 -0.542	  0.022

6 	  47.78	  10.51	  16.38
	  0.342	  0.126	  0.931
	 -0.252	  0.967	 -0.040
	 -0.906	 -0.221	  0.362

7 	  44.16	  -8.14	  -2.90
	  0.558	 -0.829	  0.018
	  0.812	  0.542	 -0.215
	  0.169	  0.135	  0.976

8 	  42.21	 -13.73	   6.54
	  0.058	 -0.311	  0.948
	  0.812	 -0.537	 -0.226
	  0.580	  0.783	  0.222

9 	  44.98	 -14.13	  16.49
	  0.018	 -0.016	  0.999
	  0.041	  0.999	  0.012
	 -0.999	  0.042	  0.018

2 	  32.87	  -7.05	  22.73
	  0.658	  0.752	 -0.023
	 -0.754	  0.657	 -0.018
	  0.003	  0.029	  0.999

3 	  48.18	  -2.00	   2.97
	  0.318	  0.180	  0.931
	 -0.060	  0.983	 -0.171
	 -0.946	 -0.001	  0.323

4 	  44.33	   4.54	  -3.25
	  0.387	  0.914	  0.119
	 -0.917	  0.368	  0.153
	  0.096	 -0.169	  0.981

5 	  42.21	   8.68	   7.40
	  0.240	  0.447	  0.861
	 -0.488	 -0.712	  0.504
	  0.840	 -0.540	  0.048

6 	  47.57	  10.49	  16.28
	  0.326	  0.135	  0.935
	 -0.249	  0.967	 -0.054
	 -0.912	 -0.215	  0.349

7 	  44.30	  -8.30	  -2.85
	  0.553	 -0.833	  0.032
	  0.819	  0.536	 -0.205
	  0.154	  0.139	  0.978

8 	  41.71	 -13.80	   6.38
	 -0.054	 -0.329	  0.943
	  0.835	 -0.533	 -0.138
	  0.547	  0.779	  0.304

9 	  43.84	 -14.38	  16.54
	 -0.058	 -0.028	  0.998
	  0.035	  0.999	  0.027
	 -0.998	  0.037	 -0.058

2 	  32.87	  -7.05	  22.73
	  0.658	  0.752	 -0.023
	 -0.754	  0.657	 -0.018
	  0.003	  0.029	  0.999

3 	  48.22	  -2.09	   3.04
	  0.309	  0.187	  0.932
	 -0.050	  0.982	 -0.181
	 -0.950	  0.010	  0.313

4 	  44.49	   4.39	  -3.34
	  0.384	  0.916	  0.117
	 -0.919	  0.368	  0.138
	  0.084	 -0.161	  0.983

5 	  42.06	   8.67	   7.15
	  0.205	  0.462	  0.863
	 -0.501	 -0.709	  0.496
	  0.842	 -0.532	  0.086

6 	  47.20	  10.58	  16.22
	  0.296	  0.151	  0.943
	 -0.247	  0.966	 -0.078
	 -0.923	 -0.210	  0.322

7 	  44.47	  -8.40	  -2.83
	  0.555	 -0.831	  0.041
	  0.819	  0.537	 -0.198
	  0.143	  0.144	  0.979

8 	  41.43	 -14.06	   5.96
	 -0.152	 -0.344	  0.926
	  0.866	 -0.498	 -0.043
	  0.476	  0.796	  0.374

9 	  42.50	 -14.45	  16.45
	 -0.167	 -0.022	  0.985
	 -0.014	  1.000	  0.018
	 -0.986	 -0.010	 -0.168

2 	  32.87	  -7.05	  22.73
	  0.658	  0.753	 -0.023
	 -0.754	  0.657	 -0.018
	  0.003	  0.029	  0.999

3 	  48.25	  -2.14	   3.11
	  0.296	  0.194	  0.935
	 -0.054	  0.981	 -0.188
	 -0.954	  0.005	  0.301

4 	  44.58	   4.29	  -3.39
	  0.378	  0.918	  0.115
	 -0.923	  0.364	  0.126
	  0.074	 -0.154	  0.985

5 	  41.94	   8.61	   6.94
	  0.174	  0.474	  0.863
	 -0.507	 -0.709	  0.490
	  0.845	 -0.521	  0.118

6 	  46.85	  10.69	  16.17
	  0.269	  0.164	  0.949
	 -0.250	  0.963	 -0.096
	 -0.930	 -0.211	  0.299

7 	  44.56	  -8.46	  -2.83
	  0.550	 -0.833	  0.046
	  0.824	  0.533	 -0.191
	  0.134	  0.143	  0.980

8 	  40.99	 -14.06	   5.64
	 -0.216	 -0.353	  0.910
	  0.846	 -0.532	 -0.006
	  0.487	  0.769	  0.414

9 	  41.64	 -14.57	  16.21
	 -0.209	 -0.014	  0.978
	  0.026	  0.999	  0.018
	 -0.977	  0.030	 -0.209

2 	  32.87	  -7.05	  22.73
	  0.658	  0.752	 -0.023
	 -0.754	  0.657	 -0.018
	  0.003	  0.029	  0.999

3 	  48.29	  -2.18	   3.15
	  0.289	  0.195	  0.937
	 -0.050	  0.980	 -0.190
	 -0.956	  0.009	  0.293

4 	  44.67	   4.22	  -3.43
	  0.373	  0.920	  0.116
	 -0.925	  0.360	  0.116
	  0.065	 -0.151	  0.986

5 	  41.80	   8.58	   6.84
	  0.144	  0.480	  0.865
	 -0.512	 -0.714	  0.478
	  0.848	 -0.510	  0.144

6 	  46.48	  10.72	  16.22
	  0.242	  0.169	  0.955
	 -0.253	  0.961	 -0.107
	 -0.937	 -0.216	  0.275

7 	  44.67	  -8.47	  -2.87
	  0.549	 -0.834	  0.047
	  0.826	  0.533	 -0.180
	  0.126	  0.137	  0.982

8 	  40.82	 -14.06	   5.40
	 -0.249	 -0.356	  0.901
	  0.840	 -0.541	  0.018
	  0.481	  0.762	  0.434

9 	  41.13	 -14.33	  16.03
	 -0.236	  0.010	  0.971
	 -0.031	  0.999	 -0.020
	 -0.971	 -0.034	 -0.236

2 	  32.87	  -7.05	  22.73
	  0.658	  0.753	 -0.023
	 -0.754	  0.657	 -0.018
	  0.003	  0.029	  0.999

3 	  48.30	  -2.18	   3.16
	  0.284	  0.194	  0.939
	 -0.050	  0.981	 -0.189
	 -0.958	  0.007	  0.288

4 	  44.68	   4.24	  -3.43
	  0.369	  0.922	  0.117
	 -0.927	  0.357	  0.112
	  0.062	 -0.150	  0.987

5 	  41.77	   8.56	   6.86
	  0.139	  0.480	  0.866
	 -0.509	 -0.716	  0.477
	  0.850	 -0.506	  0.145

6 	  46.46	  10.71	  16.22
	  0.242	  0.169	  0.955
	 -0.256	  0.961	 -0.107
	 -0.937	 -0.219	  0.274

7 	  44.72	  -8.44	  -2.87
	  0.552	 -0.832	  0.051
	  0.825	  0.535	 -0.179
	  0.121	  0.141	  0.982

8 	  40.89	 -14.06	   5.36
	 -0.281	 -0.347	  0.894
	  0.861	 -0.502	  0.076
	  0.423	  0.792	  0.440

9 	  40.80	 -13.71	  16.03
	 -0.278	  0.029	  0.960
	 -0.168	  0.982	 -0.080
	 -0.946	 -0.183	 -0.269

2 	  32.87	  -7.05	  22.73
	  0.658	  0.752	 -0.023
	 -0.754	  0.657	 -0.018
	  0.003	  0.029	  0.999

3 	  48.32	  -2.14	   3.15
	  0.283	  0.194	  0.939
	 -0.057	  0.981	 -0.187
	 -0.958	 -0.000	  0.288

4 	  44.68	   4.25	  -3.43
	  0.367	  0.923	  0.117
	 -0.928	  0.355	  0.111
	  0.061	 -0.150	  0.987

5 	  41.75	   8.56	   6.84
	  0.133	  0.479	  0.868
	 -0.507	 -0.720	  0.473
	  0.852	 -0.501	  0.148

6 	  46.37	  10.74	  16.24
	  0.234	  0.173	  0.956
	 -0.264	  0.958	 -0.110
	 -0.936	 -0.227	  0.270

7 	  44.75	  -8.40	  -2.87
	  0.551	 -0.832	  0.058
	  0.826	  0.535	 -0.177
	  0.116	  0.145	  0.982

8 	  40.75	 -13.92	   5.38
	 -0.299	 -0.334	  0.893
	  0.851	 -0.517	  0.091
	  0.432	  0.788	  0.439

9 	  40.41	 -13.45	  16.01
	 -0.309	  0.051	  0.949
	 -0.175	  0.978	 -0.111
	 -0.935	 -0.201	 -0.294

2 	  32.87	  -7.07	  22.73
	  0.658	  0.752	 -0.023
	 -0.754	  0.657	 -0.018
	  0.003	  0.029	  0.999

3 	  48.34	  -2.13	   3.13
	  0.283	  0.194	  0.939
	 -0.058	  0.981	 -0.186
	 -0.958	 -0.002	  0.288

4 	  44.68	   4.27	  -3.45
	  0.363	  0.924	  0.117
	 -0.930	  0.351	  0.110
	  0.060	 -0.149	  0.987

5 	  41.66	   8.49	   6.80
	  0.121	  0.473	  0.872
	 -0.509	 -0.726	  0.462
	  0.854	 -0.498	  0.153

6 	  46.23	  10.62	  16.26
	  0.225	  0.169	  0.959
	 -0.265	  0.958	 -0.108
	 -0.938	 -0.230	  0.259

7 	  44.77	  -8.44	  -2.85
	  0.549	 -0.833	  0.065
	  0.828	  0.532	 -0.175
	  0.111	  0.150	  0.982

8 	  40.66	 -13.92	   5.38
	 -0.319	 -0.318	  0.893
	  0.861	 -0.491	  0.132
	  0.397	  0.811	  0.430

9 	  40.08	 -13.24	  16.10
	 -0.334	  0.075	  0.939
	 -0.143	  0.981	 -0.130
	 -0.932	 -0.178	 -0.317

2 	  32.87	  -7.05	  22.73
	  0.658	  0.752	 -0.023
	 -0.754	  0.657	 -0.018
	  0.003	  0.029	  0.999

3 	  48.34	  -2.14	   3.13
	  0.280	  0.197	  0.939
	 -0.059	  0.980	 -0.189
	 -0.958	 -0.002	  0.286

4 	  44.68	   4.22	  -3.46
	  0.362	  0.925	  0.115
	 -0.930	  0.351	  0.107
	  0.058	 -0.147	  0.987

5 	  41.55	   8.44	   6.70
	  0.110	  0.479	  0.871
	 -0.510	 -0.726	  0.461
	  0.853	 -0.494	  0.165

6 	  46.02	  10.65	  16.24
	  0.212	  0.174	  0.961
	 -0.266	  0.957	 -0.116
	 -0.941	 -0.230	  0.249

7 	  44.75	  -8.53	  -2.79
	  0.544	 -0.835	  0.079
	  0.833	  0.526	 -0.173
	  0.102	  0.160	  0.982

8 	  40.38	 -13.92	   5.36
	 -0.352	 -0.301	  0.886
	  0.846	 -0.507	  0.164
	  0.400	  0.808	  0.433

9 	  39.52	 -13.15	  16.03
	 -0.355	  0.085	  0.931
	 -0.097	  0.987	 -0.128
	 -0.930	 -0.136	 -0.343

2 	  32.87	  -7.07	  22.73
	  0.658	  0.752	 -0.023
	 -0.754	  0.657	 -0.018
	  0.003	  0.029	  0.999

3 	  48.32	  -2.20	   3.15
	  0.276	  0.204	  0.939
	 -0.054	  0.979	 -0.198
	 -0.960	  0.004	  0.281

4 	  44.67	   4.11	  -3.52
	  0.362	  0.925	  0.110
	 -0.930	  0.352	  0.102
	  0.056	 -0.140	  0.988

5 	  41.47	   8.35	   6.57
	  0.099	  0.482	  0.870
	 -0.513	 -0.726	  0.459
	  0.853	 -0.491	  0.176

6 	  45.83	  10.58	  16.15
	  0.203	  0.178	  0.963
	 -0.264	  0.956	 -0.123
	 -0.943	 -0.229	  0.240

7 	  44.70	  -8.61	  -2.72
	  0.537	 -0.839	  0.089
	  0.838	  0.518	 -0.171
	  0.097	  0.167	  0.981

8 	  40.20	 -13.87	   5.36
	 -0.368	 -0.292	  0.883
	  0.836	 -0.518	  0.177
	  0.406	  0.804	  0.434

9 	  39.27	 -13.18	  16.05
	 -0.365	  0.096	  0.926
	 -0.056	  0.990	 -0.125
	 -0.929	 -0.097	 -0.357

2 	  32.87	  -7.05	  22.73
	  0.658	  0.753	 -0.023
	 -0.754	  0.657	 -0.018
	  0.003	  0.029	  0.999

3 	  48.29	  -2.27	   3.15
	  0.275	  0.208	  0.938
	 -0.049	  0.978	 -0.204
	 -0.960	  0.010	  0.278

4 	  44.67	   4.01	  -3.57
	  0.361	  0.926	  0.107
	 -0.931	  0.352	  0.097
	  0.052	 -0.135	  0.989

5 	  41.34	   8.28	   6.50
	  0.082	  0.486	  0.870
	 -0.514	 -0.729	  0.453
	  0.855	 -0.483	  0.190

6 	  45.58	  10.62	  16.17
	  0.184	  0.183	  0.966
	 -0.269	  0.954	 -0.131
	 -0.946	 -0.235	  0.224

7 	  44.72	  -8.67	  -2.69
	  0.534	 -0.840	  0.093
	  0.840	  0.515	 -0.168
	  0.093	  0.168	  0.981

8 	  40.11	 -13.85	   5.29
	 -0.386	 -0.293	  0.874
	  0.832	 -0.520	  0.193
	  0.398	  0.802	  0.444

9 	  39.06	 -13.32	  15.96
	 -0.380	  0.091	  0.920
	 -0.045	  0.992	 -0.117
	 -0.924	 -0.086	 -0.373

2 	  32.87	  -7.05	  22.73
	  0.658	  0.752	 -0.023
	 -0.754	  0.657	 -0.018
	  0.003	  0.029	  0.999

3 	  48.32	  -2.25	   3.20
	  0.269	  0.209	  0.940
	 -0.050	  0.977	 -0.205
	 -0.962	  0.009	  0.273

4 	  44.75	   4.01	  -3.59
	  0.360	  0.926	  0.110
	 -0.932	  0.351	  0.092
	  0.047	 -0.136	  0.989

5 	  41.38	   8.28	   6.50
	  0.080	  0.484	  0.871
	 -0.519	 -0.727	  0.449
	  0.851	 -0.487	  0.193

6 	  45.58	  10.60	  16.19
	  0.183	  0.181	  0.966
	 -0.269	  0.954	 -0.129
	 -0.946	 -0.236	  0.222

7 	  44.79	  -8.67	  -2.69
	  0.533	 -0.841	  0.096
	  0.842	  0.515	 -0.162
	  0.087	  0.167	  0.982

8 	  40.11	 -13.85	   5.24
	 -0.398	 -0.291	  0.870
	  0.829	 -0.519	  0.205
	  0.392	  0.803	  0.447

9 	  38.90	 -13.25	  15.93
	 -0.394	  0.092	  0.914
	 -0.043	  0.992	 -0.119
	 -0.918	 -0.087	 -0.387

2 	  32.87	  -7.05	  22.73
	  0.658	  0.753	 -0.023
	 -0.754	  0.657	 -0.018
	  0.003	  0.029	  0.999

3 	  48.34	  -2.23	   3.22
	  0.265	  0.209	  0.941
	 -0.053	  0.977	 -0.204
	 -0.963	  0.004	  0.269

4 	  44.81	   4.01	  -3.59
	  0.359	  0.926	  0.111
	 -0.932	  0.350	  0.090
	  0.044	 -0.136	  0.989

5 	  41.36	   8.28	   6.47
	  0.072	  0.485	  0.871
	 -0.518	 -0.729	  0.447
	  0.853	 -0.482	  0.199

6 	  45.51	  10.62	  16.19
	  0.177	  0.184	  0.967
	 -0.271	  0.953	 -0.133
	 -0.947	 -0.238	  0.217

7 	  44.82	  -8.67	  -2.65
	  0.531	 -0.841	  0.102
	  0.843	  0.513	 -0.159
	  0.081	  0.170	  0.982

8 	  40.10	 -13.83	   5.27
	 -0.403	 -0.286	  0.869
	  0.828	 -0.518	  0.213
	  0.390	  0.806	  0.446

9 	  38.88	 -13.17	  15.96
	 -0.395	  0.098	  0.913
	 -0.040	  0.991	 -0.124
	 -0.918	 -0.086	 -0.387

2 	  32.87	  -7.07	  22.73
	  0.658	  0.752	 -0.023
	 -0.754	  0.657	 -0.018
	  0.003	  0.029	  0.999

3 	  48.38	  -2.25	   3.23
	  0.263	  0.210	  0.941
	 -0.054	  0.977	 -0.205
	 -0.963	  0.003	  0.268

4 	  44.82	   3.97	  -3.60
	  0.359	  0.927	  0.109
	 -0.932	  0.350	  0.089
	  0.044	 -0.134	  0.990

5 	  41.29	   8.21	   6.36
	  0.052	  0.487	  0.872
	 -0.519	 -0.734	  0.439
	  0.854	 -0.474	  0.215

6 	  45.16	  10.63	  16.17
	  0.145	  0.197	  0.969
	 -0.274	  0.949	 -0.153
	 -0.951	 -0.243	  0.191

7 	  44.84	  -8.72	  -2.64
	  0.529	 -0.842	  0.105
	  0.844	  0.511	 -0.160
	  0.080	  0.173	  0.981

8 	  40.04	 -13.80	   5.31
	 -0.411	 -0.280	  0.867
	  0.824	 -0.520	  0.223
	  0.389	  0.807	  0.444

9 	  38.72	 -13.17	  15.96
	 -0.404	  0.100	  0.909
	 -0.033	  0.992	 -0.124
	 -0.914	 -0.080	 -0.398

2 	  32.87	  -7.05	  22.73
	  0.658	  0.753	 -0.023
	 -0.754	  0.657	 -0.018
	  0.003	  0.029	  0.999

3 	  48.39	  -2.27	   3.23
	  0.264	  0.213	  0.940
	 -0.054	  0.977	 -0.207
	 -0.963	  0.004	  0.269

4 	  44.86	   3.96	  -3.62
	  0.357	  0.927	  0.109
	 -0.933	  0.349	  0.088
	  0.043	 -0.133	  0.990

5 	  41.24	   8.21	   6.28
	  0.037	  0.491	  0.870
	 -0.521	 -0.734	  0.434
	  0.853	 -0.469	  0.229

6 	  44.95	  10.74	  16.17
	  0.124	  0.207	  0.970
	 -0.276	  0.946	 -0.168
	 -0.953	 -0.246	  0.175

7 	  44.86	  -8.75	  -2.64
	  0.525	 -0.844	  0.108
	  0.847	  0.507	 -0.157
	  0.078	  0.174	  0.981

8 	  39.99	 -13.76	   5.24
	 -0.423	 -0.276	  0.863
	  0.819	 -0.525	  0.233
	  0.389	  0.805	  0.447

9 	  38.57	 -13.15	  15.91
	 -0.415	  0.098	  0.904
	 -0.029	  0.992	 -0.121
	 -0.909	 -0.076	 -0.409

2 	  32.87	  -7.05	  22.73
	  0.658	  0.753	 -0.023
	 -0.754	  0.657	 -0.018
	  0.003	  0.029	  0.999

3 	  48.45	  -2.27	   3.22
	  0.263	  0.213	  0.941
	 -0.055	  0.977	 -0.206
	 -0.963	  0.002	  0.269

4 	  44.89	   3.97	  -3.62
	  0.352	  0.929	  0.108
	 -0.935	  0.344	  0.085
	  0.042	 -0.131	  0.990

5 	  41.20	   8.17	   6.26
	  0.028	  0.485	  0.874
	 -0.520	 -0.740	  0.426
	  0.854	 -0.465	  0.232

6 	  44.82	  10.71	  16.21
	  0.115	  0.206	  0.971
	 -0.281	  0.945	 -0.169
	 -0.953	 -0.253	  0.165

7 	  44.89	  -8.72	  -2.64
	  0.525	 -0.844	  0.110
	  0.848	  0.507	 -0.154
	  0.074	  0.174	  0.982

8 	  39.94	 -13.71	   5.19
	 -0.439	 -0.271	  0.856
	  0.813	 -0.525	  0.250
	  0.382	  0.807	  0.450

9 	  38.30	 -13.04	  15.84
	 -0.432	  0.102	  0.896
	 -0.022	  0.992	 -0.123
	 -0.901	 -0.072	 -0.427

2 	  32.87	  -7.05	  22.73
	  0.658	  0.752	 -0.023
	 -0.754	  0.657	 -0.018
	  0.003	  0.029	  0.999

3 	  48.50	  -2.27	   3.22
	  0.259	  0.210	  0.943
	 -0.052	  0.977	 -0.205
	 -0.965	  0.005	  0.263

4 	  45.05	   4.03	  -3.57
	  0.354	  0.928	  0.116
	 -0.935	  0.346	  0.083
	  0.036	 -0.138	  0.990

5 	  41.33	   8.17	   6.31
	  0.023	  0.475	  0.879
	 -0.537	 -0.737	  0.411
	  0.843	 -0.481	  0.239

6 	  44.81	  10.60	  16.35
	  0.097	  0.200	  0.975
	 -0.269	  0.948	 -0.169
	 -0.959	 -0.245	  0.145

7 	  44.91	  -8.72	  -2.58
	  0.510	 -0.852	  0.115
	  0.858	  0.495	 -0.137
	  0.060	  0.169	  0.984

8 	  39.78	 -13.66	   5.17
	 -0.453	 -0.261	  0.852
	  0.798	 -0.545	  0.257
	  0.398	  0.796	  0.455

9 	  38.20	 -13.06	  15.82
	 -0.434	  0.105	  0.895
	 -0.004	  0.993	 -0.118
	 -0.901	 -0.055	 -0.430

2 	  32.87	  -7.05	  22.73
	  0.658	  0.753	 -0.023
	 -0.754	  0.657	 -0.018
	  0.003	  0.029	  0.999

3 	  48.52	  -2.37	   3.32
	  0.249	  0.210	  0.945
	 -0.038	  0.977	 -0.208
	 -0.968	  0.016	  0.251

4 	  45.16	   3.96	  -3.52
	  0.368	  0.922	  0.117
	 -0.929	  0.360	  0.087
	  0.038	 -0.142	  0.989

5 	  41.57	   8.21	   6.40
	  0.043	  0.467	  0.883
	 -0.564	 -0.719	  0.406
	  0.825	 -0.515	  0.233

6 	  45.21	  10.46	  16.37
	  0.112	  0.194	  0.974
	 -0.250	  0.954	 -0.163
	 -0.962	 -0.226	  0.155

7 	  44.93	  -8.77	  -2.58
	  0.514	 -0.851	  0.108
	  0.855	  0.498	 -0.142
	  0.067	  0.165	  0.984

8 	  39.97	 -13.85	   5.29
	 -0.430	 -0.268	  0.862
	  0.815	 -0.526	  0.242
	  0.389	  0.807	  0.444

9 	  38.57	 -13.32	  15.93
	 -0.410	  0.094	  0.907
	  0.009	  0.995	 -0.099
	 -0.912	 -0.032	 -0.409

2 	  32.87	  -7.07	  22.73
	  0.658	  0.752	 -0.023
	 -0.754	  0.657	 -0.018
	  0.003	  0.029	  0.999

3 	  48.50	  -2.43	   3.36
	  0.251	  0.208	  0.945
	 -0.033	  0.978	 -0.207
	 -0.968	  0.021	  0.251

4 	  45.26	   4.01	  -3.38
	  0.391	  0.911	  0.126
	 -0.919	  0.381	  0.097
	  0.040	 -0.154	  0.987

5 	  42.10	   8.31	   6.77
	  0.086	  0.448	  0.890
	 -0.585	 -0.701	  0.408
	  0.807	 -0.555	  0.202

6 	  46.12	  10.30	  16.63
	  0.154	  0.176	  0.972
	 -0.226	  0.964	 -0.140
	 -0.962	 -0.198	  0.187

7 	  44.88	  -8.72	  -2.57
	  0.509	 -0.854	  0.106
	  0.858	  0.494	 -0.139
	  0.066	  0.161	  0.984

8 	  40.04	 -13.76	   5.40
	 -0.402	 -0.271	  0.875
	  0.822	 -0.528	  0.214
	  0.404	  0.805	  0.434

9 	  39.09	 -13.27	  16.10
	 -0.375	  0.091	  0.922
	  0.022	  0.995	 -0.090
	 -0.927	 -0.014	 -0.375

2 	  32.87	  -7.05	  22.73
	  0.658	  0.753	 -0.023
	 -0.754	  0.657	 -0.018
	  0.003	  0.029	  0.999

3 	  48.46	  -2.43	   3.36
	  0.264	  0.193	  0.945
	 -0.023	  0.980	 -0.194
	 -0.964	  0.030	  0.263

4 	  45.11	   4.17	  -3.27
	  0.398	  0.906	  0.140
	 -0.917	  0.385	  0.105
	  0.041	 -0.171	  0.984

5 	  42.45	   8.40	   7.22
	  0.150	  0.430	  0.890
	 -0.577	 -0.694	  0.431
	  0.803	 -0.577	  0.145

6 	  47.02	  10.14	  16.79
	  0.215	  0.157	  0.964
	 -0.220	  0.969	 -0.110
	 -0.952	 -0.189	  0.243

7 	  44.70	  -8.58	  -2.69
	  0.516	 -0.852	  0.088
	  0.853	  0.501	 -0.145
	  0.080	  0.150	  0.985

8 	  40.06	 -13.64	   5.57
	 -0.359	 -0.268	  0.894
	  0.827	 -0.536	  0.171
	  0.433	  0.801	  0.414

9 	  39.73	 -13.32	  16.24
	 -0.316	  0.094	  0.944
	  0.096	  0.993	 -0.067
	 -0.944	  0.070	 -0.323

2 	  32.87	  -7.05	  22.73
	  0.658	  0.753	 -0.023
	 -0.754	  0.657	 -0.018
	  0.003	  0.029	  0.999

3 	  48.39	  -2.37	   3.20
	  0.278	  0.180	  0.943
	 -0.025	  0.983	 -0.181
	 -0.960	  0.027	  0.278

4 	  44.81	   4.29	  -3.27
	  0.399	  0.906	  0.142
	 -0.915	  0.383	  0.125
	  0.059	 -0.180	  0.982

5 	  42.59	   8.38	   7.37
	  0.197	  0.412	  0.889
	 -0.564	 -0.695	  0.445
	  0.802	 -0.589	  0.096

6 	  47.50	   9.93	  16.70
	  0.259	  0.143	  0.955
	 -0.222	  0.971	 -0.086
	 -0.940	 -0.190	  0.282

7 	  44.53	  -8.49	  -2.87
	  0.531	 -0.845	  0.061
	  0.840	  0.516	 -0.165
	  0.108	  0.139	  0.984

8 	  40.62	 -13.64	   5.89
	 -0.255	 -0.277	  0.926
	  0.843	 -0.532	  0.072
	  0.473	  0.800	  0.369

9 	  41.50	 -13.62	  16.51
	 -0.200	  0.079	  0.977
	  0.177	  0.983	 -0.044
	 -0.964	  0.164	 -0.210

2 	  32.87	  -7.05	  22.73
	  0.658	  0.752	 -0.023
	 -0.754	  0.657	 -0.018
	  0.003	  0.029	  0.999

3 	  48.36	  -2.32	   3.04
	  0.291	  0.180	  0.940
	 -0.041	  0.983	 -0.177
	 -0.956	  0.012	  0.292

4 	  44.65	   4.31	  -3.30
	  0.395	  0.908	  0.135
	 -0.916	  0.378	  0.135
	  0.071	 -0.178	  0.981

5 	  42.68	   8.30	   7.45
	  0.223	  0.397	  0.890
	 -0.560	 -0.696	  0.448
	  0.799	 -0.598	  0.068

6 	  47.72	   9.77	  16.66
	  0.273	  0.137	  0.952
	 -0.219	  0.972	 -0.078
	 -0.937	 -0.187	  0.294

7 	  44.54	  -8.49	  -2.94
	  0.550	 -0.833	  0.049
	  0.826	  0.534	 -0.179
	  0.123	  0.139	  0.982

8 	  41.64	 -13.68	   6.56
	 -0.106	 -0.275	  0.955
	  0.853	 -0.520	 -0.055
	  0.512	  0.809	  0.290

9 	  43.95	 -13.85	  16.80
	 -0.042	  0.069	  0.996
	  0.249	  0.967	 -0.057
	 -0.968	  0.246	 -0.059

2 	  32.87	  -7.07	  22.73
	  0.658	  0.752	 -0.023
	 -0.754	  0.657	 -0.018
	  0.003	  0.029	  0.999

3 	  48.34	  -2.30	   3.02
	  0.296	  0.182	  0.937
	 -0.052	  0.983	 -0.176
	 -0.954	  0.004	  0.300

4 	  44.53	   4.32	  -3.27
	  0.397	  0.907	  0.137
	 -0.914	  0.379	  0.142
	  0.077	 -0.182	  0.980

5 	  42.93	   8.24	   7.70
	  0.266	  0.375	  0.888
	 -0.555	 -0.694	  0.457
	  0.789	 -0.613	  0.024

6 	  48.27	   9.58	  16.68
	  0.312	  0.121	  0.942
	 -0.215	  0.975	 -0.055
	 -0.926	 -0.186	  0.329

7 	  44.38	  -8.42	  -2.95
	  0.560	 -0.828	  0.031
	  0.817	  0.546	 -0.184
	  0.136	  0.129	  0.982

8 	  42.50	 -13.18	   7.52
	  0.087	 -0.245	  0.965
	  0.772	 -0.596	 -0.221
	  0.630	  0.764	  0.139

9 	  46.60	 -13.59	  16.88
	  0.157	  0.036	  0.987
	  0.285	  0.955	 -0.080
	 -0.946	  0.294	  0.140

2 	  32.87	  -7.07	  22.73
	  0.658	  0.752	 -0.023
	 -0.754	  0.657	 -0.018
	  0.003	  0.029	  0.999

3 	  48.16	  -2.25	   3.01
	  0.302	  0.174	  0.937
	 -0.059	  0.984	 -0.166
	 -0.952	 -0.005	  0.307

4 	  44.28	   4.43	  -3.20
	  0.406	  0.903	  0.139
	 -0.909	  0.384	  0.160
	  0.092	 -0.192	  0.977

5 	  43.15	   8.24	   7.93
	  0.316	  0.361	  0.877
	 -0.539	 -0.693	  0.477
	  0.782	 -0.623	 -0.024

6 	  48.88	   9.49	  16.59
	  0.356	  0.116	  0.927
	 -0.213	  0.976	 -0.042
	 -0.911	 -0.182	  0.371

7 	  44.02	  -8.40	  -2.83
	  0.552	 -0.833	  0.027
	  0.821	  0.537	 -0.191
	  0.144	  0.127	  0.981

8 	  43.58	 -12.60	   8.26
	  0.304	 -0.224	  0.926
	  0.630	 -0.682	 -0.371
	  0.716	  0.695	 -0.065

9 	  49.03	 -13.17	  16.44
	  0.337	  0.035	  0.941
	  0.275	  0.952	 -0.134
	 -0.901	  0.303	  0.310

2 	  32.87	  -7.05	  22.73
	  0.658	  0.752	 -0.023
	 -0.754	  0.657	 -0.018
	  0.003	  0.029	  0.999

3 	  47.95	  -2.21	   2.83
	  0.313	  0.162	  0.935
	 -0.053	  0.986	 -0.155
	 -0.948	 -0.001	  0.317

4 	  43.98	   4.54	  -3.16
	  0.413	  0.901	  0.133
	 -0.903	  0.386	  0.185
	  0.115	 -0.197	  0.973

5 	  43.29	   8.30	   7.95
	  0.362	  0.361	  0.859
	 -0.514	 -0.693	  0.505
	  0.779	 -0.623	 -0.065

6 	  49.27	   9.62	  16.33
	  0.391	  0.118	  0.913
	 -0.218	  0.975	 -0.033
	 -0.895	 -0.186	  0.405

7 	  43.68	  -8.28	  -3.02
	  0.555	 -0.832	 -0.008
	  0.813	  0.544	 -0.208
	  0.178	  0.109	  0.978

8 	  44.12	 -12.53	   8.00
	  0.400	 -0.207	  0.893
	  0.604	 -0.674	 -0.425
	  0.692	  0.708	 -0.143

9 	  50.04	 -12.80	  15.66
	  0.409	  0.046	  0.911
	  0.230	  0.961	 -0.153
	 -0.883	  0.273	  0.382

2 	  32.87	  -7.05	  22.73
	  0.658	  0.753	 -0.023
	 -0.754	  0.657	 -0.018
	  0.003	  0.029	  0.999

3 	  47.87	  -2.16	   2.62
	  0.320	  0.151	  0.935
	 -0.045	  0.988	 -0.145
	 -0.947	  0.005	  0.322

4 	  43.86	   4.61	  -3.29
	  0.422	  0.898	  0.124
	 -0.896	  0.391	  0.210
	  0.140	 -0.200	  0.969

5 	  43.42	   8.37	   7.84
	  0.378	  0.354	  0.855
	 -0.515	 -0.688	  0.510
	  0.771	 -0.632	 -0.077

6 	  49.45	   9.65	  16.21
	  0.399	  0.119	  0.909
	 -0.217	  0.975	 -0.033
	 -0.891	 -0.184	  0.415

7 	  43.65	  -8.17	  -3.13
	  0.556	 -0.831	 -0.019
	  0.811	  0.547	 -0.205
	  0.181	  0.098	  0.978

8 	  43.96	 -12.34	   8.00
	  0.371	 -0.192	  0.908
	  0.625	 -0.672	 -0.395
	  0.688	  0.714	 -0.128

9 	  49.43	 -12.92	  16.01
	  0.351	  0.013	  0.936
	  0.264	  0.958	 -0.112
	 -0.900	  0.286	  0.331

2 	  32.87	  -7.05	  22.73
	  0.658	  0.753	 -0.023
	 -0.754	  0.657	 -0.018
	  0.003	  0.029	  0.999

3 	  47.81	  -2.11	   2.81
	  0.333	  0.151	  0.931
	 -0.053	  0.988	 -0.142
	 -0.942	 -0.002	  0.336

4 	  43.77	   4.69	  -3.06
	  0.427	  0.894	  0.136
	 -0.894	  0.395	  0.210
	  0.135	 -0.212	  0.968

5 	  43.52	   8.14	   8.35
	  0.407	  0.320	  0.855
	 -0.494	 -0.712	  0.499
	  0.770	 -0.624	 -0.132

6 	  49.68	   9.46	  16.49
	  0.417	  0.120	  0.901
	 -0.250	  0.968	 -0.014
	 -0.874	 -0.219	  0.433

7 	  43.31	  -8.19	  -2.88
	  0.541	 -0.841	 -0.010
	  0.821	  0.531	 -0.207
	  0.179	  0.104	  0.978

8 	  44.12	 -11.69	   8.49
	  0.433	 -0.103	  0.896
	  0.612	 -0.697	 -0.374
	  0.664	  0.708	 -0.237

9 	  50.12	 -12.02	  16.19
	  0.446	  0.074	  0.892
	  0.479	  0.822	 -0.306
	 -0.758	  0.561	  0.331

2 	  32.87	  -7.05	  22.73
	  0.658	  0.753	 -0.023
	 -0.754	  0.657	 -0.018
	  0.003	  0.029	  0.999

3 	  47.57	  -2.07	   2.69
	  0.366	  0.145	  0.919
	 -0.075	  0.989	 -0.127
	 -0.928	 -0.023	  0.373

4 	  43.33	   4.80	  -2.85
	  0.430	  0.892	  0.138
	 -0.889	  0.392	  0.236
	  0.157	 -0.224	  0.962

5 	  43.49	   8.02	   8.63
	  0.455	  0.292	  0.841
	 -0.467	 -0.728	  0.502
	  0.760	 -0.620	 -0.194

6 	  49.87	   9.39	  16.40
	  0.448	  0.120	  0.886
	 -0.267	  0.964	  0.002
	 -0.855	 -0.236	  0.462

7 	  43.14	  -8.12	  -2.87
	  0.557	 -0.831	 -0.017
	  0.808	  0.546	 -0.222
	  0.194	  0.109	  0.975

8 	  44.46	 -11.34	   8.70
	  0.493	 -0.031	  0.869
	  0.642	 -0.662	 -0.386
	  0.590	  0.747	 -0.306

9 	  50.64	 -11.14	  15.96
	  0.513	  0.145	  0.846
	  0.483	  0.767	 -0.422
	 -0.712	  0.623	  0.324

2 	  32.87	  -7.05	  22.75
	  0.658	  0.753	 -0.023
	 -0.754	  0.657	 -0.018
	  0.003	  0.029	  0.999

3 	  47.43	  -1.95	   2.60
	  0.375	  0.131	  0.917
	 -0.086	  0.990	 -0.107
	 -0.923	 -0.038	  0.382

4 	  43.17	   4.96	  -2.79
	  0.431	  0.891	  0.141
	 -0.886	  0.387	  0.253
	  0.172	 -0.234	  0.957

5 	  43.45	   8.05	   8.68
	  0.465	  0.286	  0.838
	 -0.465	 -0.728	  0.504
	  0.755	 -0.622	 -0.205

6 	  50.01	   9.32	  16.26
	  0.469	  0.105	  0.877
	 -0.244	  0.969	  0.014
	 -0.849	 -0.220	  0.479

7 	  42.94	  -8.00	  -2.94
	  0.558	 -0.829	 -0.031
	  0.804	  0.549	 -0.227
	  0.206	  0.101	  0.973

8 	  44.68	 -11.43	   8.56
	  0.485	 -0.016	  0.874
	  0.708	 -0.581	 -0.402
	  0.516	  0.813	 -0.270

9 	  50.89	 -10.44	  15.82
	  0.470	  0.191	  0.861
	  0.285	  0.891	 -0.353
	 -0.836	  0.411	  0.364

2 	  32.87	  -7.05	  22.73
	  0.658	  0.753	 -0.023
	 -0.754	  0.657	 -0.018
	  0.003	  0.029	  0.999

3 	  47.39	  -1.90	   2.58
	  0.376	  0.123	  0.918
	 -0.089	  0.991	 -0.097
	 -0.922	 -0.044	  0.383

4 	  43.12	   5.04	  -2.76
	  0.434	  0.890	  0.139
	 -0.883	  0.389	  0.261
	  0.179	 -0.236	  0.955

5 	  43.70	   8.12	   8.84
	  0.505	  0.258	  0.823
	 -0.466	 -0.723	  0.510
	  0.729	 -0.640	 -0.245

6 	  50.64	   8.74	  16.10
	  0.521	  0.051	  0.852
	 -0.210	  0.975	  0.070
	 -0.828	 -0.215	  0.518

7 	  42.98	  -7.89	  -3.01
	  0.554	 -0.831	 -0.054
	  0.807	  0.552	 -0.210
	  0.205	  0.073	  0.976

8 	  44.61	 -11.64	   8.37
	  0.478	 -0.046	  0.877
	  0.708	 -0.571	 -0.415
	  0.521	  0.819	 -0.239

9 	  50.98	 -10.02	  15.54
	  0.482	  0.216	  0.849
	  0.167	  0.928	 -0.332
	 -0.860	  0.302	  0.410

