2 	  32.87	  -7.07	  22.73
	  0.657	  0.753	 -0.023
	 -0.754	  0.656	 -0.018
	  0.003	  0.029	  0.999

3 	  47.34	  -1.69	   1.83
	  0.413	  0.122	  0.902
	  0.008	  0.990	 -0.138
	 -0.911	  0.064	  0.407

4 	  42.86	   5.57	  -2.62
	  0.472	  0.879	  0.069
	 -0.833	  0.417	  0.364
	  0.293	 -0.228	  0.928

5 	  41.98	   8.23	   8.67
	  0.320	  0.262	  0.910
	 -0.389	 -0.841	  0.376
	  0.865	 -0.472	 -0.167

6 	  47.46	  10.46	  17.37
	  0.419	  0.061	  0.906
	 -0.724	  0.627	  0.287
	 -0.556	 -0.773	  0.306

7 	  42.08	  -7.89	  -2.53
	  0.511	 -0.858	 -0.046
	  0.773	  0.481	 -0.414
	  0.379	  0.176	  0.908

8 	  41.89	 -11.30	   8.74
	  0.295	 -0.092	  0.951
	  0.598	 -0.759	 -0.258
	  0.746	  0.644	 -0.168

9 	  46.27	 -12.62	  17.38
	  0.352	  0.046	  0.935
	  0.801	  0.504	 -0.322
	 -0.493	  0.859	  0.138

2 	  32.87	  -7.07	  22.75
	  0.657	  0.753	 -0.023
	 -0.754	  0.656	 -0.018
	  0.003	  0.029	  0.999

3 	  47.34	  -1.69	   1.83
	  0.412	  0.123	  0.902
	  0.007	  0.990	 -0.139
	 -0.911	  0.064	  0.407

4 	  42.93	   5.54	  -2.60
	  0.470	  0.880	  0.071
	 -0.835	  0.416	  0.358
	  0.287	 -0.227	  0.930

5 	  41.94	   8.26	   8.61
	  0.304	  0.273	  0.913
	 -0.402	 -0.833	  0.380
	  0.865	 -0.481	 -0.142

6 	  47.23	  10.42	  17.47
	  0.387	  0.058	  0.920
	 -0.697	  0.673	  0.246
	 -0.609	 -0.734	  0.300

7 	  42.17	  -7.93	  -2.46
	  0.512	 -0.859	 -0.030
	  0.778	  0.477	 -0.409
	  0.367	  0.185	  0.911

8 	  41.87	 -11.32	   8.81
	  0.278	 -0.087	  0.956
	  0.607	 -0.756	 -0.245
	  0.745	  0.648	 -0.156

9 	  46.09	 -12.59	  17.56
	  0.322	  0.049	  0.945
	  0.791	  0.537	 -0.292
	 -0.528	  0.839	  0.132

2 	  32.87	  -7.07	  22.75
	  0.657	  0.753	 -0.022
	 -0.754	  0.656	 -0.018
	  0.002	  0.029	  0.999

3 	  47.39	  -1.71	   1.99
	  0.399	  0.127	  0.908
	  0.010	  0.990	 -0.142
	 -0.917	  0.065	  0.393

4 	  43.07	   5.48	  -2.60
	  0.471	  0.878	  0.079
	 -0.843	  0.420	  0.336
	  0.263	 -0.224	  0.938

5 	  42.10	   8.31	   8.67
	  0.314	  0.287	  0.905
	 -0.415	 -0.816	  0.401
	  0.855	 -0.500	 -0.137

6 	  47.60	  10.35	  17.38
	  0.395	  0.053	  0.917
	 -0.641	  0.732	  0.229
	 -0.663	 -0.675	  0.322

7 	  42.28	  -7.98	  -2.39
	  0.513	 -0.858	 -0.019
	  0.783	  0.474	 -0.403
	  0.356	  0.191	  0.914

8 	  42.03	 -11.39	   8.88
	  0.281	 -0.095	  0.955
	  0.619	 -0.742	 -0.255
	  0.734	  0.662	 -0.149

9 	  46.37	 -12.60	  17.56
	  0.319	  0.048	  0.946
	  0.744	  0.608	 -0.278
	 -0.594	  0.790	  0.156

2 	  32.87	  -7.07	  22.73
	  0.657	  0.753	 -0.023
	 -0.754	  0.656	 -0.018
	  0.003	  0.029	  0.999

3 	  47.43	  -1.72	   2.04
	  0.396	  0.125	  0.909
	  0.012	  0.990	 -0.141
	 -0.918	  0.067	  0.390

4 	  43.12	   5.50	  -2.53
	  0.480	  0.873	  0.090
	 -0.841	  0.427	  0.332
	  0.252	 -0.234	  0.939

5 	  42.45	   8.46	   8.74
	  0.341	  0.297	  0.892
	 -0.427	 -0.798	  0.426
	  0.839	 -0.525	 -0.145

6 	  48.13	  10.39	  17.35
	  0.408	  0.051	  0.911
	 -0.598	  0.771	  0.219
	 -0.696	 -0.631	  0.343

7 	  42.29	  -7.95	  -2.37
	  0.513	 -0.858	 -0.016
	  0.783	  0.474	 -0.403
	  0.354	  0.193	  0.915

8 	  42.33	 -11.46	   8.91
	  0.314	 -0.110	  0.943
	  0.610	 -0.738	 -0.289
	  0.728	  0.665	 -0.164

9 	  47.07	 -12.62	  17.42
	  0.336	  0.047	  0.941
	  0.680	  0.680	 -0.271
	 -0.659	  0.727	  0.194

2 	  32.87	  -7.07	  22.73
	  0.657	  0.753	 -0.023
	 -0.754	  0.656	 -0.018
	  0.003	  0.029	  0.999

3 	  47.44	  -1.71	   2.07
	  0.397	  0.121	  0.909
	  0.012	  0.990	 -0.138
	 -0.918	  0.066	  0.391

4 	  43.15	   5.54	  -2.51
	  0.481	  0.872	  0.094
	 -0.842	  0.428	  0.327
	  0.245	 -0.236	  0.940

5 	  42.84	   8.54	   8.74
	  0.376	  0.299	  0.877
	 -0.438	 -0.778	  0.450
	  0.818	 -0.552	 -0.161

6 	  48.71	  10.39	  17.12
	  0.434	  0.050	  0.899
	 -0.568	  0.791	  0.226
	 -0.704	 -0.605	  0.371

7 	  42.31	  -7.89	  -2.36
	  0.522	 -0.853	 -0.012
	  0.775	  0.479	 -0.411
	  0.358	  0.205	  0.911

8 	  43.01	 -11.72	   8.67
	  0.341	 -0.129	  0.931
	  0.648	 -0.686	 -0.331
	  0.682	  0.715	 -0.150

9 	  47.95	 -12.88	  16.91
	  0.376	  0.027	  0.926
	  0.638	  0.719	 -0.274
	 -0.679	  0.690	  0.251

2 	  32.87	  -7.07	  22.75
	  0.657	  0.753	 -0.022
	 -0.754	  0.656	 -0.018
	  0.002	  0.029	  0.999

3 	  47.50	  -1.71	   2.06
	  0.400	  0.118	  0.909
	  0.015	  0.990	 -0.136
	 -0.917	  0.068	  0.394

4 	  43.26	   5.54	  -2.53
	  0.485	  0.869	  0.095
	 -0.839	  0.431	  0.333
	  0.249	 -0.241	  0.938

5 	  42.50	   8.63	   8.56
	  0.320	  0.331	  0.887
	 -0.438	 -0.780	  0.447
	  0.841	 -0.530	 -0.104

6 	  47.76	  10.86	  17.33
	  0.353	  0.098	  0.930
	 -0.569	  0.812	  0.125
	 -0.747	 -0.571	  0.341

7 	  42.50	  -7.86	  -2.43
	  0.528	 -0.849	 -0.014
	  0.771	  0.485	 -0.413
	  0.359	  0.207	  0.910

8 	  42.36	 -11.92	   8.44
	  0.266	 -0.167	  0.949
	  0.643	 -0.704	 -0.302
	  0.720	  0.689	 -0.079

9 	  46.51	 -13.45	  17.16
	  0.278	 -0.005	  0.960
	  0.646	  0.742	 -0.178
	 -0.716	  0.667	  0.208

2 	  32.85	  -7.07	  22.75
	  0.657	  0.753	 -0.022
	 -0.754	  0.656	 -0.018
	  0.002	  0.029	  0.999

3 	  47.60	  -1.69	   2.13
	  0.387	  0.122	  0.914
	  0.022	  0.990	 -0.141
	 -0.922	  0.075	  0.380

4 	  43.40	   5.52	  -2.57
	  0.479	  0.871	  0.103
	 -0.845	  0.427	  0.321
	  0.236	 -0.241	  0.941

5 	  42.05	   8.75	   8.35
	  0.258	  0.365	  0.894
	 -0.427	 -0.788	  0.443
	  0.867	 -0.495	 -0.047

6 	  47.00	  11.13	  17.44
	  0.305	  0.109	  0.946
	 -0.561	  0.823	  0.081
	 -0.773	 -0.553	  0.311

7 	  42.59	  -7.89	  -2.48
	  0.528	 -0.850	 -0.013
	  0.775	  0.485	 -0.405
	  0.351	  0.203	  0.914

8 	  41.87	 -12.41	   8.05
	  0.204	 -0.212	  0.955
	  0.682	 -0.669	 -0.294
	  0.702	  0.711	  0.009

9 	  45.76	 -13.83	  17.00
	  0.225	  0.001	  0.974
	  0.583	  0.801	 -0.131
	 -0.784	  0.595	  0.177

2 	  32.87	  -7.07	  22.75
	  0.657	  0.753	 -0.022
	 -0.754	  0.656	 -0.018
	  0.002	  0.029	  0.999

3 	  47.62	  -1.71	   2.13
	  0.388	  0.121	  0.913
	  0.033	  0.989	 -0.145
	 -0.921	  0.086	  0.380

4 	  43.42	   5.50	  -2.60
	  0.482	  0.869	  0.107
	 -0.844	  0.428	  0.323
	  0.235	 -0.246	  0.940

5 	  42.05	   8.86	   8.21
	  0.252	  0.376	  0.892
	 -0.447	 -0.773	  0.450
	  0.859	 -0.511	 -0.026

6 	  47.06	  10.95	  17.35
	  0.304	  0.088	  0.948
	 -0.520	  0.850	  0.083
	 -0.801	 -0.516	  0.303

7 	  42.59	  -7.89	  -2.51
	  0.528	 -0.849	 -0.014
	  0.774	  0.487	 -0.404
	  0.352	  0.201	  0.914

8 	  41.70	 -12.69	   7.75
	  0.181	 -0.237	  0.954
	  0.713	 -0.637	 -0.292
	  0.678	  0.733	  0.054

9 	  45.63	 -13.68	  16.86
	  0.214	  0.030	  0.976
	  0.522	  0.841	 -0.137
	 -0.828	  0.537	  0.163

2 	  32.87	  -7.07	  22.75
	  0.657	  0.753	 -0.022
	 -0.754	  0.656	 -0.018
	  0.002	  0.029	  0.999

3 	  47.64	  -1.72	   2.09
	  0.388	  0.124	  0.913
	  0.039	  0.988	 -0.151
	 -0.921	  0.094	  0.378

4 	  43.54	   5.45	  -2.71
	  0.482	  0.869	  0.110
	 -0.847	  0.429	  0.312
	  0.225	 -0.244	  0.943

5 	  41.77	   8.88	   7.98
	  0.203	  0.390	  0.898
	 -0.452	 -0.777	  0.438
	  0.869	 -0.494	  0.020

6 	  46.48	  10.95	  17.38
	  0.258	  0.085	  0.962
	 -0.499	  0.865	  0.054
	 -0.830	 -0.492	  0.264

7 	  42.71	  -7.91	  -2.62
	  0.529	 -0.848	 -0.015
	  0.776	  0.490	 -0.398
	  0.346	  0.198	  0.917

8 	  41.59	 -12.81	   7.54
	  0.140	 -0.250	  0.958
	  0.730	 -0.627	 -0.270
	  0.669	  0.737	  0.096

9 	  45.21	 -13.71	  16.88
	  0.170	  0.034	  0.985
	  0.474	  0.873	 -0.110
	 -0.865	  0.484	  0.132

2 	  32.85	  -7.07	  22.75
	  0.657	  0.753	 -0.022
	 -0.754	  0.656	 -0.018
	  0.002	  0.029	  0.999

3 	  47.71	  -1.72	   2.13
	  0.383	  0.128	  0.915
	  0.037	  0.987	 -0.154
	 -0.923	  0.093	  0.373

4 	  43.65	   5.47	  -2.76
	  0.473	  0.872	  0.120
	 -0.856	  0.423	  0.295
	  0.207	 -0.242	  0.948

5 	  41.47	   9.00	   7.70
	  0.159	  0.410	  0.898
	 -0.469	 -0.770	  0.432
	  0.869	 -0.489	  0.071

6 	  45.84	  11.07	  17.37
	  0.216	  0.087	  0.972
	 -0.491	  0.870	  0.028
	 -0.846	 -0.482	  0.229

7 	  42.75	  -7.91	  -2.65
	  0.529	 -0.849	 -0.016
	  0.779	  0.492	 -0.389
	  0.339	  0.193	  0.921

8 	  41.33	 -12.96	   7.26
	  0.096	 -0.270	  0.958
	  0.751	 -0.612	 -0.247
	  0.653	  0.743	  0.145

9 	  44.63	 -13.80	  16.80
	  0.126	  0.035	  0.991
	  0.441	  0.893	 -0.085
	 -0.889	  0.447	  0.096

2 	  32.85	  -7.07	  22.75
	  0.657	  0.753	 -0.022
	 -0.754	  0.656	 -0.018
	  0.002	  0.029	  0.999

3 	  47.74	  -1.72	   2.13
	  0.381	  0.129	  0.915
	  0.037	  0.987	 -0.155
	 -0.924	  0.092	  0.371

4 	  43.72	   5.47	  -2.81
	  0.468	  0.875	  0.124
	 -0.861	  0.420	  0.286
	  0.198	 -0.241	  0.950

5 	  41.17	   9.04	   7.54
	  0.115	  0.418	  0.901
	 -0.485	 -0.769	  0.417
	  0.868	 -0.483	  0.115

6 	  45.23	  11.06	  17.35
	  0.175	  0.088	  0.980
	 -0.484	  0.875	  0.005
	 -0.859	 -0.473	  0.194

7 	  42.82	  -7.91	  -2.69
	  0.527	 -0.850	 -0.018
	  0.783	  0.493	 -0.379
	  0.332	  0.185	  0.925

8 	  41.03	 -13.06	   7.03
	  0.055	 -0.283	  0.957
	  0.761	 -0.609	 -0.223
	  0.646	  0.740	  0.183

9 	  44.05	 -13.89	  16.75
	  0.090	  0.039	  0.995
	  0.430	  0.900	 -0.073
	 -0.899	  0.434	  0.063

2 	  32.87	  -7.07	  22.75
	  0.657	  0.753	 -0.022
	 -0.754	  0.656	 -0.018
	  0.002	  0.029	  0.999

3 	  47.79	  -1.71	   2.14
	  0.377	  0.129	  0.917
	  0.039	  0.987	 -0.155
	 -0.925	  0.094	  0.367

4 	  43.77	   5.47	  -2.83
	  0.464	  0.876	  0.128
	 -0.865	  0.417	  0.278
	  0.191	 -0.240	  0.952

5 	  41.12	   9.04	   7.49
	  0.102	  0.421	  0.901
	 -0.489	 -0.769	  0.412
	  0.867	 -0.482	  0.128

6 	  45.09	  11.06	  17.37
	  0.163	  0.086	  0.983
	 -0.482	  0.876	 -0.000
	 -0.862	 -0.472	  0.183

7 	  42.89	  -7.88	  -2.74
	  0.528	 -0.849	 -0.016
	  0.787	  0.495	 -0.369
	  0.323	  0.181	  0.928

8 	  40.90	 -13.03	   6.91
	  0.022	 -0.285	  0.958
	  0.770	 -0.607	 -0.198
	  0.638	  0.741	  0.207

9 	  43.70	 -13.80	  16.75
	  0.061	  0.046	  0.997
	  0.419	  0.905	 -0.066
	 -0.906	  0.421	  0.035

2 	  32.87	  -7.05	  22.75
	  0.657	  0.753	 -0.022
	 -0.754	  0.656	 -0.018
	  0.002	  0.029	  0.999

3 	  47.88	  -1.69	   2.18
	  0.371	  0.128	  0.920
	  0.039	  0.987	 -0.153
	 -0.928	  0.092	  0.361

4 	  43.95	   5.47	  -2.81
	  0.463	  0.875	  0.138
	 -0.868	  0.416	  0.270
	  0.179	 -0.244	  0.953

5 	  41.10	   9.04	   7.38
	  0.076	  0.422	  0.903
	 -0.506	 -0.765	  0.399
	  0.860	 -0.486	  0.156

6 	  44.79	  10.97	  17.44
	  0.133	  0.078	  0.988
	 -0.470	  0.882	 -0.009
	 -0.874	 -0.462	  0.152

7 	  43.07	  -7.82	  -2.78
	  0.529	 -0.849	 -0.015
	  0.790	  0.498	 -0.355
	  0.310	  0.175	  0.934

8 	  40.92	 -13.11	   6.77
	 -0.003	 -0.296	  0.955
	  0.781	 -0.598	 -0.182
	  0.625	  0.744	  0.233

9 	  43.52	 -13.96	  16.68
	  0.036	  0.037	  0.998
	  0.408	  0.911	 -0.048
	 -0.912	  0.409	  0.017

2 	  32.87	  -7.07	  22.75
	  0.657	  0.753	 -0.022
	 -0.754	  0.656	 -0.018
	  0.002	  0.029	  0.999

3 	  47.97	  -1.67	   2.23
	  0.363	  0.128	  0.923
	  0.038	  0.987	 -0.152
	 -0.931	  0.090	  0.353

4 	  44.09	   5.48	  -2.83
	  0.456	  0.878	  0.143
	 -0.874	  0.412	  0.255
	  0.166	 -0.242	  0.956

5 	  40.97	   9.07	   7.26
	  0.047	  0.428	  0.902
	 -0.518	 -0.763	  0.387
	  0.854	 -0.485	  0.186

6 	  44.44	  10.97	  17.42
	  0.102	  0.078	  0.991
	 -0.461	  0.887	 -0.025
	 -0.882	 -0.454	  0.125

7 	  43.19	  -7.82	  -2.74
	  0.531	 -0.847	 -0.009
	  0.793	  0.501	 -0.346
	  0.299	  0.176	  0.938

8 	  41.03	 -13.18	   6.68
	 -0.015	 -0.303	  0.953
	  0.794	 -0.583	 -0.173
	  0.608	  0.753	  0.250

9 	  43.52	 -14.03	  16.65
	  0.026	  0.032	  0.999
	  0.399	  0.916	 -0.039
	 -0.917	  0.399	  0.010

2 	  32.87	  -7.07	  22.73
	  0.657	  0.753	 -0.023
	 -0.754	  0.656	 -0.018
	  0.003	  0.029	  0.999

3 	  48.06	  -1.67	   2.27
	  0.357	  0.128	  0.925
	  0.037	  0.988	 -0.151
	 -0.934	  0.088	  0.347

4 	  44.17	   5.48	  -2.81
	  0.454	  0.879	  0.146
	 -0.877	  0.411	  0.250
	  0.160	 -0.242	  0.957

5 	  40.96	   9.09	   7.21
	  0.033	  0.432	  0.901
	 -0.522	 -0.762	  0.383
	  0.852	 -0.483	  0.201

6 	  44.30	  10.99	  17.44
	  0.089	  0.079	  0.993
	 -0.461	  0.887	 -0.032
	 -0.884	 -0.454	  0.114

7 	  43.29	  -7.82	  -2.78
	  0.532	 -0.847	 -0.006
	  0.795	  0.501	 -0.340
	  0.292	  0.175	  0.940

8 	  41.04	 -13.18	   6.64
	 -0.028	 -0.305	  0.952
	  0.794	 -0.585	 -0.163
	  0.607	  0.751	  0.259

9 	  43.42	 -14.04	  16.65
	  0.014	  0.029	  0.999
	  0.400	  0.916	 -0.032
	 -0.917	  0.399	  0.000

2 	  32.87	  -7.05	  22.75
	  0.657	  0.753	 -0.022
	 -0.754	  0.656	 -0.018
	  0.002	  0.029	  0.999

3 	  48.13	  -1.69	   2.29
	  0.352	  0.128	  0.927
	  0.037	  0.988	 -0.151
	 -0.935	  0.088	  0.343

4 	  44.30	   5.48	  -2.81
	  0.453	  0.879	  0.148
	 -0.878	  0.411	  0.244
	  0.154	 -0.241	  0.958

5 	  41.03	   9.11	   7.14
	  0.023	  0.435	  0.900
	 -0.532	 -0.758	  0.378
	  0.847	 -0.487	  0.215

6 	  44.23	  10.99	  17.42
	  0.076	  0.081	  0.994
	 -0.458	  0.888	 -0.040
	 -0.886	 -0.451	  0.104

7 	  43.42	  -7.84	  -2.79
	  0.531	 -0.847	 -0.004
	  0.797	  0.502	 -0.334
	  0.286	  0.173	  0.942

8 	  41.10	 -13.22	   6.61
	 -0.037	 -0.307	  0.951
	  0.798	 -0.581	 -0.156
	  0.601	  0.753	  0.267

9 	  43.42	 -14.10	  16.65
	  0.005	  0.026	  1.000
	  0.399	  0.916	 -0.025
	 -0.917	  0.398	 -0.006

2 	  32.87	  -7.05	  22.75
	  0.657	  0.753	 -0.022
	 -0.754	  0.656	 -0.018
	  0.002	  0.029	  0.999

3 	  48.20	  -1.69	   2.34
	  0.346	  0.131	  0.929
	  0.036	  0.988	 -0.152
	 -0.938	  0.086	  0.336

4 	  44.37	   5.45	  -2.83
	  0.452	  0.879	  0.149
	 -0.880	  0.411	  0.240
	  0.150	 -0.239	  0.959

5 	  40.97	   9.09	   7.05
	  0.005	  0.435	  0.900
	 -0.542	 -0.756	  0.367
	  0.841	 -0.489	  0.232

6 	  43.98	  10.95	  17.42
	  0.054	  0.083	  0.995
	 -0.450	  0.891	 -0.052
	 -0.892	 -0.444	  0.084

7 	  43.47	  -7.86	  -2.81
	  0.532	 -0.847	 -0.003
	  0.798	  0.503	 -0.331
	  0.283	  0.173	  0.943

8 	  41.19	 -13.27	   6.57
	 -0.038	 -0.312	  0.949
	  0.806	 -0.571	 -0.155
	  0.591	  0.758	  0.274

9 	  43.47	 -14.24	  16.59
	  0.001	  0.015	  1.000
	  0.395	  0.918	 -0.014
	 -0.919	  0.394	 -0.006

2 	  32.85	  -7.05	  22.75
	  0.657	  0.753	 -0.022
	 -0.754	  0.656	 -0.018
	  0.002	  0.029	  0.999

3 	  48.22	  -1.69	   2.37
	  0.343	  0.131	  0.930
	  0.034	  0.988	 -0.152
	 -0.939	  0.084	  0.334

4 	  44.42	   5.47	  -2.81
	  0.447	  0.881	  0.152
	 -0.883	  0.407	  0.234
	  0.145	 -0.240	  0.960

5 	  40.89	   9.04	   7.01
	 -0.012	  0.432	  0.902
	 -0.540	 -0.762	  0.356
	  0.842	 -0.482	  0.243

6 	  43.77	  10.92	  17.46
	  0.036	  0.081	  0.996
	 -0.453	  0.890	 -0.058
	 -0.891	 -0.448	  0.068

7 	  43.52	  -7.80	  -2.78
	  0.535	 -0.845	 -0.000
	  0.799	  0.505	 -0.325
	  0.275	  0.173	  0.945

8 	  41.12	 -13.22	   6.50
	 -0.056	 -0.314	  0.948
	  0.803	 -0.579	 -0.144
	  0.594	  0.752	  0.285

9 	  43.26	 -14.24	  16.58
	 -0.014	  0.014	  1.000
	  0.401	  0.916	 -0.007
	 -0.916	  0.401	 -0.018

2 	  32.87	  -7.07	  22.73
	  0.657	  0.753	 -0.022
	 -0.754	  0.656	 -0.018
	  0.002	  0.029	  0.999

3 	  48.23	  -1.67	   2.41
	  0.339	  0.130	  0.932
	  0.033	  0.988	 -0.151
	 -0.940	  0.082	  0.330

4 	  44.51	   5.48	  -2.81
	  0.444	  0.882	  0.157
	 -0.886	  0.404	  0.228
	  0.137	 -0.241	  0.961

5 	  40.83	   8.96	   6.94
	 -0.029	  0.429	  0.902
	 -0.544	 -0.765	  0.345
	  0.839	 -0.480	  0.256

6 	  43.52	  10.86	  17.49
	  0.015	  0.077	  0.997
	 -0.450	  0.891	 -0.065
	 -0.893	 -0.447	  0.048

7 	  43.66	  -7.80	  -2.79
	  0.534	 -0.845	  0.003
	  0.803	  0.506	 -0.314
	  0.264	  0.170	  0.949

8 	  40.99	 -13.11	   6.40
	 -0.083	 -0.316	  0.945
	  0.797	 -0.590	 -0.126
	  0.598	  0.742	  0.302

9 	  42.91	 -14.15	  16.58
	 -0.039	  0.018	  0.999
	  0.404	  0.914	 -0.000
	 -0.914	  0.403	 -0.043

2 	  32.87	  -7.07	  22.75
	  0.657	  0.753	 -0.022
	 -0.754	  0.656	 -0.018
	  0.002	  0.029	  0.999

3 	  48.30	  -1.63	   2.48
	  0.330	  0.131	  0.935
	  0.029	  0.988	 -0.149
	 -0.944	  0.076	  0.322

4 	  44.61	   5.52	  -2.79
	  0.440	  0.883	  0.161
	 -0.888	  0.402	  0.222
	  0.132	 -0.241	  0.961

5 	  40.87	   9.02	   6.91
	 -0.038	  0.433	  0.901
	 -0.550	 -0.762	  0.342
	  0.834	 -0.482	  0.267

6 	  43.44	  10.95	  17.46
	  0.004	  0.085	  0.996
	 -0.450	  0.890	 -0.076
	 -0.893	 -0.448	  0.041

7 	  43.79	  -7.77	  -2.87
	  0.535	 -0.845	 -0.000
	  0.805	  0.510	 -0.304
	  0.257	  0.162	  0.953

8 	  40.90	 -13.13	   6.21
	 -0.113	 -0.322	  0.940
	  0.798	 -0.593	 -0.107
	  0.592	  0.738	  0.324

9 	  42.54	 -14.29	  16.44
	 -0.063	  0.009	  0.998
	  0.414	  0.910	  0.019
	 -0.908	  0.413	 -0.062

2 	  32.87	  -7.07	  22.75
	  0.657	  0.753	 -0.022
	 -0.754	  0.656	 -0.018
	  0.002	  0.029	  0.999

3 	  48.39	  -1.62	   2.51
	  0.326	  0.130	  0.936
	  0.027	  0.989	 -0.146
	 -0.945	  0.073	  0.318

4 	  44.72	   5.54	  -2.78
	  0.436	  0.885	  0.166
	 -0.891	  0.398	  0.215
	  0.125	 -0.242	  0.962

5 	  40.80	   8.98	   6.87
	 -0.057	  0.431	  0.900
	 -0.548	 -0.768	  0.332
	  0.835	 -0.474	  0.280

6 	  43.21	  10.93	  17.47
	 -0.017	  0.089	  0.996
	 -0.448	  0.889	 -0.089
	 -0.894	 -0.448	  0.024

7 	  43.91	  -7.73	  -2.88
	  0.537	 -0.844	  0.002
	  0.806	  0.512	 -0.296
	  0.249	  0.160	  0.955

8 	  40.66	 -13.03	   5.99
	 -0.157	 -0.319	  0.935
	  0.792	 -0.605	 -0.073
	  0.589	  0.729	  0.347

9 	  41.73	 -14.24	  16.40
	 -0.088	  0.020	  0.996
	  0.520	  0.854	  0.030
	 -0.850	  0.520	 -0.086

2 	  32.87	  -7.05	  22.75
	  0.657	  0.753	 -0.022
	 -0.755	  0.656	 -0.018
	  0.002	  0.029	  0.999

3 	  48.41	  -1.60	   2.53
	  0.323	  0.129	  0.937
	  0.024	  0.989	 -0.145
	 -0.946	  0.069	  0.316

4 	  44.72	   5.54	  -2.78
	  0.433	  0.885	  0.167
	 -0.893	  0.397	  0.213
	  0.122	 -0.241	  0.963

5 	  40.80	   8.96	   6.86
	 -0.059	  0.432	  0.900
	 -0.547	 -0.768	  0.332
	  0.835	 -0.472	  0.282

6 	  43.19	  10.93	  17.46
	 -0.019	  0.091	  0.995
	 -0.453	  0.887	 -0.092
	 -0.892	 -0.452	  0.024

7 	  43.95	  -7.75	  -2.88
	  0.535	 -0.845	  0.007
	  0.810	  0.510	 -0.290
	  0.242	  0.161	  0.957

8 	  40.46	 -13.01	   5.89
	 -0.189	 -0.321	  0.928
	  0.786	 -0.615	 -0.052
	  0.588	  0.720	  0.369

9 	  41.48	 -14.29	  16.24
	 -0.109	  0.011	  0.994
	  0.510	  0.858	  0.047
	 -0.853	  0.512	 -0.100

2 	  32.87	  -7.07	  22.75
	  0.657	  0.753	 -0.022
	 -0.755	  0.656	 -0.018
	  0.002	  0.029	  0.999

3 	  48.45	  -1.62	   2.55
	  0.319	  0.130	  0.938
	  0.020	  0.989	 -0.144
	 -0.948	  0.064	  0.313

4 	  44.75	   5.54	  -2.79
	  0.427	  0.888	  0.168
	 -0.896	  0.391	  0.208
	  0.119	 -0.240	  0.963

5 	  40.71	   8.91	   6.79
	 -0.073	  0.432	  0.899
	 -0.540	 -0.775	  0.328
	  0.838	 -0.461	  0.291

6 	  42.93	  10.99	  17.42
	 -0.035	  0.100	  0.994
	 -0.457	  0.883	 -0.107
	 -0.889	 -0.458	  0.015

7 	  44.09	  -7.77	  -2.90
	  0.541	 -0.841	  0.011
	  0.807	  0.516	 -0.286
	  0.235	  0.164	  0.958

8 	  40.55	 -13.01	   5.84
	 -0.203	 -0.317	  0.926
	  0.792	 -0.609	 -0.035
	  0.575	  0.727	  0.375

9 	  41.43	 -14.26	  16.28
	 -0.120	  0.013	  0.993
	  0.529	  0.846	  0.054
	 -0.840	  0.531	 -0.109

2 	  32.87	  -7.05	  22.75
	  0.657	  0.754	 -0.022
	 -0.755	  0.656	 -0.018
	  0.002	  0.029	  0.999

3 	  48.50	  -1.58	   2.57
	  0.313	  0.134	  0.940
	  0.012	  0.989	 -0.145
	 -0.950	  0.056	  0.308

4 	  44.81	   5.52	  -2.81
	  0.422	  0.891	  0.167
	 -0.899	  0.388	  0.202
	  0.116	 -0.236	  0.965

5 	  40.69	   8.89	   6.73
	 -0.081	  0.437	  0.895
	 -0.541	 -0.774	  0.328
	  0.837	 -0.457	  0.299

6 	  42.84	  11.06	  17.35
	 -0.043	  0.109	  0.993
	 -0.457	  0.882	 -0.118
	 -0.889	 -0.458	  0.011

7 	  44.19	  -7.77	  -2.90
	  0.544	 -0.839	  0.014
	  0.807	  0.518	 -0.283
	  0.231	  0.165	  0.959

8 	  40.43	 -12.96	   5.73
	 -0.228	 -0.319	  0.920
	  0.782	 -0.623	 -0.022
	  0.580	  0.714	  0.391

9 	  41.04	 -14.40	  16.17
	 -0.138	  0.006	  0.990
	  0.570	  0.818	  0.075
	 -0.810	  0.574	 -0.117

2 	  32.87	  -7.05	  22.75
	  0.657	  0.753	 -0.022
	 -0.755	  0.656	 -0.018
	  0.002	  0.029	  0.999

3 	  48.52	  -1.58	   2.58
	  0.311	  0.135	  0.941
	  0.011	  0.989	 -0.146
	 -0.950	  0.055	  0.306

4 	  44.82	   5.50	  -2.81
	  0.421	  0.891	  0.167
	 -0.900	  0.387	  0.199
	  0.113	 -0.235	  0.965

5 	  40.62	   8.82	   6.66
	 -0.092	  0.435	  0.896
	 -0.541	 -0.777	  0.321
	  0.836	 -0.455	  0.307

6 	  42.66	  11.00	  17.31
	 -0.056	  0.109	  0.992
	 -0.457	  0.880	 -0.124
	 -0.888	 -0.460	 -0.000

7 	  44.24	  -7.79	  -2.92
	  0.546	 -0.838	  0.017
	  0.807	  0.520	 -0.280
	  0.227	  0.166	  0.959

8 	  40.45	 -12.96	   5.70
	 -0.245	 -0.310	  0.918
	  0.786	 -0.619	  0.001
	  0.568	  0.721	  0.395

9 	  40.92	 -14.24	  16.19
	 -0.158	  0.016	  0.987
	  0.544	  0.835	  0.075
	 -0.824	  0.549	 -0.141

2 	  32.87	  -7.07	  22.75
	  0.657	  0.753	 -0.022
	 -0.755	  0.656	 -0.018
	  0.002	  0.029	  0.999

3 	  48.55	  -1.56	   2.62
	  0.307	  0.137	  0.942
	  0.005	  0.989	 -0.146
	 -0.952	  0.050	  0.302

4 	  44.86	   5.48	  -2.83
	  0.416	  0.894	  0.168
	 -0.903	  0.384	  0.192
	  0.107	 -0.232	  0.967

5 	  40.57	   8.79	   6.61
	 -0.104	  0.435	  0.894
	 -0.538	 -0.781	  0.317
	  0.836	 -0.448	  0.315

6 	  42.49	  11.00	  17.30
	 -0.069	  0.111	  0.991
	 -0.458	  0.879	 -0.132
	 -0.886	 -0.463	 -0.010

7 	  44.31	  -7.79	  -2.88
	  0.548	 -0.836	  0.021
	  0.806	  0.521	 -0.278
	  0.222	  0.170	  0.960

8 	  40.43	 -12.92	   5.70
	 -0.254	 -0.307	  0.917
	  0.786	 -0.618	  0.010
	  0.564	  0.723	  0.398

9 	  40.87	 -14.20	  16.21
	 -0.167	  0.019	  0.985
	  0.540	  0.838	  0.076
	 -0.825	  0.545	 -0.151

2 	  32.87	  -7.07	  22.75
	  0.657	  0.753	 -0.022
	 -0.754	  0.656	 -0.018
	  0.002	  0.029	  0.999

3 	  48.57	  -1.58	   2.64
	  0.304	  0.138	  0.942
	  0.003	  0.989	 -0.146
	 -0.953	  0.047	  0.300

4 	  44.88	   5.48	  -2.83
	  0.414	  0.894	  0.168
	 -0.904	  0.382	  0.190
	  0.106	 -0.231	  0.967

5 	  40.57	   8.77	   6.61
	 -0.104	  0.434	  0.895
	 -0.538	 -0.781	  0.316
	  0.836	 -0.448	  0.315

6 	  42.49	  11.00	  17.31
	 -0.068	  0.111	  0.991
	 -0.459	  0.878	 -0.132
	 -0.886	 -0.464	 -0.010

7 	  44.35	  -7.80	  -2.88
	  0.549	 -0.835	  0.023
	  0.807	  0.522	 -0.277
	  0.220	  0.171	  0.960

8 	  40.43	 -12.96	   5.68
	 -0.256	 -0.307	  0.916
	  0.787	 -0.617	  0.012
	  0.562	  0.724	  0.399

9 	  40.85	 -14.22	  16.21
	 -0.170	  0.018	  0.985
	  0.538	  0.839	  0.078
	 -0.825	  0.543	 -0.153

2 	  32.87	  -7.07	  22.75
	  0.657	  0.753	 -0.022
	 -0.754	  0.656	 -0.018
	  0.002	  0.029	  0.999

3 	  48.59	  -1.58	   2.65
	  0.301	  0.139	  0.943
	  0.002	  0.989	 -0.147
	 -0.954	  0.046	  0.297

4 	  44.89	   5.47	  -2.83
	  0.414	  0.894	  0.168
	 -0.904	  0.383	  0.189
	  0.105	 -0.231	  0.967

5 	  40.66	   8.79	   6.64
	 -0.095	  0.433	  0.896
	 -0.545	 -0.776	  0.317
	  0.833	 -0.458	  0.310

6 	  42.63	  10.97	  17.33
	 -0.062	  0.111	  0.992
	 -0.459	  0.879	 -0.129
	 -0.886	 -0.463	 -0.005

7 	  44.40	  -7.80	  -2.87
	  0.552	 -0.834	  0.025
	  0.805	  0.524	 -0.276
	  0.218	  0.172	  0.960

8 	  40.68	 -13.01	   5.87
	 -0.237	 -0.305	  0.922
	  0.801	 -0.599	  0.008
	  0.550	  0.741	  0.385

9 	  41.38	 -14.26	  16.33
	 -0.147	  0.019	  0.989
	  0.533	  0.843	  0.064
	 -0.833	  0.536	 -0.135

2 	  32.87	  -7.07	  22.75
	  0.657	  0.753	 -0.022
	 -0.754	  0.656	 -0.018
	  0.002	  0.029	  0.999

3 	  48.60	  -1.58	   2.67
	  0.300	  0.140	  0.943
	  0.001	  0.989	 -0.147
	 -0.954	  0.045	  0.296

4 	  44.89	   5.45	  -2.81
	  0.416	  0.893	  0.169
	 -0.904	  0.385	  0.189
	  0.103	 -0.232	  0.967

5 	  40.80	   8.82	   6.82
	 -0.066	  0.430	  0.900
	 -0.551	 -0.768	  0.326
	  0.832	 -0.473	  0.288

6 	  43.14	  10.93	  17.38
	 -0.030	  0.107	  0.994
	 -0.453	  0.884	 -0.111
	 -0.891	 -0.453	  0.021

7 	  44.30	  -7.86	  -2.85
	  0.554	 -0.832	  0.028
	  0.802	  0.525	 -0.284
	  0.222	  0.180	  0.958

8 	  41.03	 -13.17	   6.12
	 -0.182	 -0.304	  0.935
	  0.827	 -0.562	 -0.022
	  0.532	  0.769	  0.353

9 	  42.22	 -14.27	  16.49
	 -0.098	  0.019	  0.995
	  0.504	  0.863	  0.034
	 -0.859	  0.504	 -0.095

2 	  32.87	  -7.05	  22.75
	  0.657	  0.753	 -0.023
	 -0.755	  0.656	 -0.019
	  0.002	  0.030	  0.999

3 	  48.50	  -1.65	   2.64
	  0.308	  0.138	  0.941
	  0.007	  0.989	 -0.147
	 -0.951	  0.052	  0.304

4 	  44.74	   5.40	  -2.83
	  0.430	  0.888	  0.164
	 -0.895	  0.396	  0.204
	  0.116	 -0.234	  0.965

5 	  41.01	   8.89	   6.96
	 -0.024	  0.424	  0.905
	 -0.566	 -0.752	  0.336
	  0.824	 -0.503	  0.259

6 	  43.66	  10.90	  17.46
	  0.003	  0.104	  0.994
	 -0.440	  0.893	 -0.094
	 -0.899	 -0.436	  0.048

7 	  44.07	  -7.88	  -2.83
	  0.554	 -0.832	  0.025
	  0.799	  0.522	 -0.298
	  0.235	  0.185	  0.954

8 	  41.33	 -13.32	   6.29
	 -0.120	 -0.310	  0.943
	  0.845	 -0.531	 -0.067
	  0.521	  0.788	  0.326

9 	  43.10	 -14.36	  16.61
	 -0.051	  0.009	  0.999
	  0.448	  0.894	  0.016
	 -0.893	  0.448	 -0.050

2 	  32.85	  -7.07	  22.75
	  0.657	  0.753	 -0.022
	 -0.754	  0.656	 -0.018
	  0.002	  0.029	  0.999

3 	  48.34	  -1.71	   2.53
	  0.323	  0.136	  0.936
	  0.012	  0.989	 -0.148
	 -0.946	  0.059	  0.318

4 	  44.49	   5.38	  -2.83
	  0.438	  0.884	  0.159
	 -0.890	  0.401	  0.218
	  0.129	 -0.237	  0.963

5 	  41.20	   9.00	   7.24
	  0.027	  0.411	  0.911
	 -0.575	 -0.740	  0.349
	  0.818	 -0.532	  0.217

6 	  44.38	  10.74	  17.60
	  0.054	  0.091	  0.994
	 -0.416	  0.907	 -0.063
	 -0.908	 -0.410	  0.086

7 	  43.75	  -7.89	  -2.79
	  0.555	 -0.831	  0.026
	  0.793	  0.520	 -0.316
	  0.250	  0.196	  0.948

8 	  41.75	 -13.38	   6.70
	 -0.039	 -0.306	  0.951
	  0.861	 -0.493	 -0.123
	  0.506	  0.814	  0.282

9 	  44.16	 -14.26	  16.68
	  0.017	  0.010	  1.000
	  0.389	  0.921	 -0.015
	 -0.921	  0.388	  0.011

2 	  32.85	  -7.07	  22.75
	  0.657	  0.753	 -0.023
	 -0.754	  0.656	 -0.019
	  0.002	  0.030	  0.999

3 	  48.16	  -1.67	   2.44
	  0.339	  0.130	  0.932
	  0.016	  0.989	 -0.144
	 -0.941	  0.064	  0.332

4 	  44.21	   5.45	  -2.79
	  0.443	  0.882	  0.161
	 -0.886	  0.403	  0.231
	  0.139	 -0.245	  0.959

5 	  41.61	   9.09	   7.73
	  0.116	  0.392	  0.912
	 -0.577	 -0.722	  0.382
	  0.809	 -0.570	  0.144

6 	  45.69	  10.53	  17.67
	  0.146	  0.067	  0.987
	 -0.386	  0.922	 -0.008
	 -0.911	 -0.379	  0.160

7 	  43.42	  -7.84	  -2.78
	  0.555	 -0.832	  0.018
	  0.788	  0.518	 -0.331
	  0.266	  0.197	  0.943

8 	  42.17	 -13.41	   7.00
	  0.065	 -0.304	  0.950
	  0.846	 -0.487	 -0.214
	  0.528	  0.818	  0.226

9 	  45.51	 -14.03	  16.58
	  0.108	  0.012	  0.994
	  0.318	  0.947	 -0.045
	 -0.942	  0.320	  0.098

2 	  32.85	  -7.07	  22.75
	  0.657	  0.753	 -0.022
	 -0.754	  0.656	 -0.018
	  0.002	  0.029	  0.999

3 	  47.94	  -1.65	   2.32
	  0.350	  0.120	  0.929
	  0.018	  0.991	 -0.135
	 -0.937	  0.064	  0.344

4 	  43.89	   5.54	  -2.76
	  0.454	  0.876	  0.161
	 -0.878	  0.408	  0.249
	  0.153	 -0.255	  0.955

5 	  42.21	   9.19	   8.12
	  0.217	  0.382	  0.898
	 -0.560	 -0.706	  0.433
	  0.800	 -0.596	  0.061

6 	  47.06	  10.48	  17.61
	  0.235	  0.055	  0.970
	 -0.343	  0.939	  0.027
	 -0.910	 -0.339	  0.239

7 	  43.12	  -7.75	  -2.81
	  0.555	 -0.832	  0.006
	  0.783	  0.520	 -0.342
	  0.282	  0.194	  0.939

8 	  42.61	 -13.24	   7.19
	  0.167	 -0.303	  0.938
	  0.814	 -0.495	 -0.305
	  0.557	  0.814	  0.165

9 	  46.79	 -13.83	  16.29
	  0.201	  0.010	  0.979
	  0.276	  0.959	 -0.066
	 -0.940	  0.283	  0.189

2 	  32.87	  -7.05	  22.75
	  0.657	  0.753	 -0.022
	 -0.754	  0.656	 -0.018
	  0.002	  0.029	  0.999

3 	  47.76	  -1.60	   2.21
	  0.359	  0.113	  0.926
	  0.013	  0.992	 -0.127
	 -0.934	  0.057	  0.354

4 	  43.65	   5.64	  -2.69
	  0.461	  0.874	  0.156
	 -0.872	  0.413	  0.262
	  0.165	 -0.257	  0.952

5 	  42.80	   9.23	   8.42
	  0.314	  0.375	  0.872
	 -0.521	 -0.701	  0.487
	  0.795	 -0.606	 -0.025

6 	  48.43	  10.34	  17.30
	  0.328	  0.040	  0.944
	 -0.314	  0.947	  0.067
	 -0.892	 -0.318	  0.321

7 	  42.89	  -7.66	  -2.76
	  0.550	 -0.835	 -0.004
	  0.783	  0.516	 -0.348
	  0.294	  0.188	  0.937

8 	  42.64	 -12.53	   7.88
	  0.271	 -0.284	  0.919
	  0.652	 -0.649	 -0.392
	  0.709	  0.705	  0.010

9 	  47.79	 -13.69	  16.14
	  0.339	 -0.004	  0.940
	  0.418	  0.896	 -0.145
	 -0.844	  0.440	  0.306

2 	  32.87	  -7.05	  22.75
	  0.657	  0.753	 -0.022
	 -0.754	  0.656	 -0.018
	  0.002	  0.029	  0.999

3 	  47.65	  -1.60	   2.21
	  0.366	  0.112	  0.923
	  0.015	  0.992	 -0.127
	 -0.931	  0.060	  0.361

4 	  43.54	   5.62	  -2.67
	  0.476	  0.867	  0.146
	 -0.861	  0.425	  0.278
	  0.179	 -0.258	  0.949

5 	  43.29	   9.16	   8.58
	  0.395	  0.360	  0.845
	 -0.494	 -0.693	  0.524
	  0.776	 -0.623	 -0.095

6 	  49.50	   9.97	  16.89
	  0.404	  0.009	  0.914
	 -0.251	  0.962	  0.101
	 -0.880	 -0.271	  0.389

7 	  42.66	  -7.75	  -2.60
	  0.534	 -0.845	  0.001
	  0.790	  0.497	 -0.357
	  0.303	  0.191	  0.933

8 	  42.91	 -12.15	   8.42
	  0.368	 -0.233	  0.900
	  0.590	 -0.690	 -0.418
	  0.720	  0.684	 -0.115

9 	  48.59	 -12.76	  16.24
	  0.399	  0.059	  0.915
	  0.340	  0.917	 -0.207
	 -0.852	  0.393	  0.346

2 	  32.87	  -7.07	  22.75
	  0.657	  0.753	 -0.022
	 -0.754	  0.656	 -0.018
	  0.002	  0.029	  0.999

3 	  47.53	  -1.67	   2.25
	  0.377	  0.114	  0.919
	  0.017	  0.991	 -0.130
	 -0.926	  0.065	  0.372

4 	  43.38	   5.57	  -2.60
	  0.484	  0.864	  0.138
	 -0.854	  0.432	  0.290
	  0.191	 -0.258	  0.947

5 	  43.49	   9.05	   8.68
	  0.435	  0.358	  0.826
	 -0.467	 -0.696	  0.545
	  0.771	 -0.621	 -0.135

6 	  50.01	   9.84	  16.66
	  0.447	  0.011	  0.894
	 -0.200	  0.976	  0.088
	 -0.873	 -0.219	  0.436

7 	  42.45	  -7.79	  -2.44
	  0.531	 -0.847	  0.003
	  0.788	  0.492	 -0.369
	  0.313	  0.198	  0.929

8 	  43.26	 -11.95	   8.70
	  0.421	 -0.190	  0.887
	  0.611	 -0.664	 -0.431
	  0.672	  0.722	 -0.163

9 	  49.18	 -12.18	  16.21
	  0.428	  0.091	  0.899
	  0.259	  0.941	 -0.219
	 -0.867	  0.327	  0.376

2 	  32.87	  -7.07	  22.75
	  0.657	  0.753	 -0.022
	 -0.754	  0.656	 -0.018
	  0.002	  0.029	  0.999

3 	  47.39	  -1.65	   2.29
	  0.389	  0.113	  0.914
	  0.011	  0.992	 -0.127
	 -0.921	  0.059	  0.385

4 	  43.17	   5.59	  -2.53
	  0.489	  0.862	  0.130
	 -0.849	  0.436	  0.298
	  0.202	 -0.256	  0.945

5 	  43.58	   9.09	   8.77
	  0.473	  0.369	  0.800
	 -0.422	 -0.704	  0.572
	  0.775	 -0.606	 -0.178

6 	  50.38	  10.18	  16.35
	  0.489	  0.029	  0.871
	 -0.228	  0.969	  0.096
	 -0.843	 -0.246	  0.478

7 	  42.31	  -7.73	  -2.43
	  0.531	 -0.847	 -0.017
	  0.782	  0.497	 -0.376
	  0.328	  0.186	  0.926

8 	  43.42	 -11.94	   8.61
	  0.459	 -0.204	  0.865
	  0.578	 -0.671	 -0.464
	  0.677	  0.711	 -0.189

9 	  49.57	 -12.46	  15.82
	  0.464	  0.064	  0.883
	  0.290	  0.931	 -0.220
	 -0.837	  0.358	  0.413

2 	  32.85	  -7.07	  22.75
	  0.657	  0.753	 -0.022
	 -0.754	  0.656	 -0.018
	  0.002	  0.029	  0.999

3 	  47.36	  -1.63	   2.29
	  0.398	  0.106	  0.911
	  0.008	  0.993	 -0.119
	 -0.917	  0.055	  0.394

4 	  43.15	   5.62	  -2.50
	  0.495	  0.859	  0.130
	 -0.844	  0.439	  0.306
	  0.207	 -0.261	  0.943

5 	  43.61	   8.98	   8.86
	  0.478	  0.357	  0.802
	 -0.417	 -0.713	  0.564
	  0.775	 -0.602	 -0.192

6 	  50.38	  10.07	  16.42
	  0.492	  0.025	  0.870
	 -0.236	  0.966	  0.105
	 -0.839	 -0.258	  0.479

7 	  42.26	  -7.70	  -2.46
	  0.528	 -0.849	 -0.023
	  0.782	  0.496	 -0.377
	  0.333	  0.180	  0.925

8 	  43.44	 -11.85	   8.65
	  0.464	 -0.196	  0.864
	  0.574	 -0.677	 -0.460
	  0.677	  0.708	 -0.201

9 	  49.50	 -12.39	  15.93
	  0.456	  0.058	  0.888
	  0.307	  0.926	 -0.218
	 -0.836	  0.371	  0.405

2 	  32.87	  -7.07	  22.75
	  0.657	  0.753	 -0.022
	 -0.754	  0.656	 -0.018
	  0.002	  0.029	  0.999

3 	  47.32	  -1.65	   2.29
	  0.401	  0.105	  0.910
	  0.004	  0.993	 -0.116
	 -0.916	  0.050	  0.398

4 	  43.15	   5.61	  -2.50
	  0.495	  0.859	  0.130
	 -0.845	  0.439	  0.305
	  0.206	 -0.261	  0.943

5 	  43.56	   8.89	   8.89
	  0.476	  0.345	  0.809
	 -0.424	 -0.717	  0.553
	  0.773	 -0.604	 -0.195

6 	  50.27	   9.95	  16.47
	  0.484	  0.020	  0.874
	 -0.234	  0.966	  0.107
	 -0.843	 -0.256	  0.472

7 	  42.28	  -7.73	  -2.43
	  0.529	 -0.849	 -0.019
	  0.781	  0.495	 -0.380
	  0.333	  0.186	  0.924

8 	  43.47	 -11.78	   8.75
	  0.463	 -0.181	  0.868
	  0.586	 -0.673	 -0.451
	  0.667	  0.716	 -0.205

9 	  49.52	 -12.27	  16.01
	  0.454	  0.069	  0.888
	  0.297	  0.928	 -0.224
	 -0.841	  0.364	  0.400

2 	  32.85	  -7.07	  22.75
	  0.657	  0.753	 -0.022
	 -0.755	  0.656	 -0.018
	  0.002	  0.029	  0.999

3 	  47.32	  -1.65	   2.30
	  0.401	  0.108	  0.910
	 -0.001	  0.993	 -0.118
	 -0.916	  0.047	  0.398

4 	  43.15	   5.57	  -2.51
	  0.495	  0.859	  0.124
	 -0.844	  0.442	  0.303
	  0.206	 -0.255	  0.944

5 	  43.52	   8.89	   8.86
	  0.478	  0.349	  0.805
	 -0.420	 -0.716	  0.557
	  0.773	 -0.603	 -0.196

6 	  50.26	   9.98	  16.45
	  0.484	  0.023	  0.875
	 -0.236	  0.966	  0.104
	 -0.843	 -0.257	  0.472

7 	  42.29	  -7.73	  -2.41
	  0.529	 -0.848	 -0.017
	  0.781	  0.495	 -0.381
	  0.333	  0.187	  0.924

8 	  43.49	 -11.79	   8.77
	  0.466	 -0.180	  0.866
	  0.583	 -0.674	 -0.453
	  0.667	  0.715	 -0.208

9 	  49.52	 -12.25	  16.05
	  0.452	  0.070	  0.889
	  0.297	  0.928	 -0.223
	 -0.842	  0.364	  0.399

