% Calibrated with leiden_pols
% Positions are in centimeters
Data =[
 2    96.570   -18.547    59.818
 2    -0.087    -0.996    -0.016
 2     0.994    -0.088     0.057
 2    -0.059    -0.011     0.998
 3   131.827    -0.806     5.130
 3     0.156     0.123    -0.980
 3     0.096     0.985     0.139
 3     0.983    -0.116     0.142
 4   116.048    14.133   -12.955
 4     0.550    -0.830     0.089
 4     0.816     0.511    -0.270
 4     0.178     0.221     0.958
 5   115.014    23.132    14.668
 5     0.271    -0.316     0.909
 5     0.180    -0.911    -0.370
 5     0.945     0.264    -0.190
 6   131.781    23.552    42.181
 6     0.216    -0.047    -0.975
 6    -0.109     0.991    -0.071
 6     0.970     0.121     0.209
 7   117.058   -20.200   -10.953
 7     0.790     0.595     0.150
 7    -0.613     0.777     0.144
 7    -0.031    -0.206     0.978
 8   117.180   -27.129    16.489
 8     0.278     0.237     0.931
 8    -0.226    -0.926     0.303
 8     0.933    -0.295    -0.204
 9   133.661   -27.250    43.329
 9     0.183    -0.027    -0.983
 9     0.198     0.980     0.010
 9     0.963    -0.197     0.184
 2    96.570   -18.547    59.818
 2    -0.087    -0.996    -0.016
 2     0.994    -0.088     0.057
 2    -0.059    -0.011     0.998
 3   131.879    -0.729     5.133
 3     0.156     0.127    -0.979
 3     0.097     0.985     0.144
 3     0.983    -0.118     0.141
 4   116.147    14.334   -12.900
 4     0.554    -0.828     0.088
 4     0.813     0.516    -0.269
 4     0.177     0.220     0.959
 5   115.281    23.362    14.603
 5     0.269    -0.327     0.906
 5     0.176    -0.908    -0.380
 5     0.947     0.262    -0.187
 6   131.976    23.390    42.103
 6     0.207    -0.004    -0.978
 6    -0.113     0.993    -0.028
 6     0.971     0.116     0.205
 7   116.825   -20.079   -10.859
 7     0.786     0.597     0.157
 7    -0.616     0.774     0.143
 7    -0.036    -0.209     0.977
 8   117.182   -27.076    16.540
 8     0.280     0.234     0.931
 8    -0.226    -0.926     0.301
 8     0.933    -0.295    -0.207
 9   133.783   -27.201    43.274
 9     0.185    -0.033    -0.982
 9     0.196     0.980     0.003
 9     0.963    -0.193     0.188
 2    96.545   -18.548    59.767
 2    -0.087    -0.996    -0.016
 2     0.994    -0.087     0.057
 2    -0.059    -0.011     0.998
 3   131.980    -0.744     4.984
 3     0.166     0.138    -0.976
 3     0.095     0.983     0.155
 3     0.981    -0.119     0.150
 4   116.264    14.426   -12.937
 4     0.568    -0.818     0.091
 4     0.804     0.529    -0.269
 4     0.172     0.226     0.959
 5   115.634    23.761    14.615
 5     0.270    -0.349     0.897
 5     0.173    -0.899    -0.402
 5     0.947     0.264    -0.182
 6   132.348    23.189    42.258
 6     0.198     0.048    -0.979
 6    -0.112     0.993     0.026
 6     0.974     0.104     0.202
 7   116.709   -20.039   -10.777
 7     0.781     0.601     0.167
 7    -0.622     0.770     0.138
 7    -0.045    -0.212     0.976
 8   117.131   -27.023    16.446
 8     0.283     0.224     0.932
 8    -0.226    -0.929     0.292
 8     0.932    -0.294    -0.212
 9   133.735   -27.251    43.276
 9     0.184    -0.030    -0.982
 9     0.197     0.980     0.007
 9     0.963    -0.195     0.186
 2    96.570   -18.547    59.818
 2    -0.087    -0.996    -0.016
 2     0.994    -0.088     0.057
 2    -0.059    -0.011     0.998
 3   132.068    -0.743     4.917
 3     0.165     0.137    -0.977
 3     0.093     0.983     0.154
 3     0.982    -0.117     0.149
 4   116.214    14.426   -12.937
 4     0.569    -0.817     0.092
 4     0.804     0.529    -0.270
 4     0.172     0.227     0.958
 5   115.636    23.708    14.615
 5     0.271    -0.353     0.896
 5     0.172    -0.898    -0.405
 5     0.947     0.264    -0.182
 6   132.299    23.188    42.260
 6     0.195     0.053    -0.979
 6    -0.111     0.993     0.031
 6     0.974     0.102     0.199
 7   117.207   -20.081   -10.964
 7     0.792     0.588     0.163
 7    -0.609     0.781     0.142
 7    -0.044    -0.213     0.976
 8   117.478   -27.206    16.211
 8     0.278     0.238     0.930
 8    -0.227    -0.925     0.304
 8     0.933    -0.296    -0.203
 9   133.783   -27.247    43.253
 9     0.179    -0.036    -0.983
 9     0.199     0.980     0.000
 9     0.963    -0.196     0.182
 2    96.545   -18.548    59.767
 2    -0.087    -0.996    -0.016
 2     0.994    -0.088     0.057
 2    -0.059    -0.011     0.998
 3   132.255    -0.734     4.724
 3     0.156     0.133    -0.979
 3     0.092     0.984     0.148
 3     0.983    -0.114     0.141
 4   116.446    14.329   -13.021
 4     0.565    -0.820     0.086
 4     0.806     0.527    -0.269
 4     0.175     0.222     0.959
 5   115.693    23.663    14.583
 5     0.267    -0.352     0.897
 5     0.173    -0.898    -0.404
 5     0.948     0.263    -0.179
 6   132.261    23.141    42.195
 6     0.194     0.052    -0.979
 6    -0.110     0.993     0.031
 6     0.975     0.101     0.198
 7   117.528   -20.067   -10.946
 7     0.800     0.579     0.156
 7    -0.599     0.786     0.153
 7    -0.034    -0.217     0.975
 8   117.654   -27.262    16.306
 8     0.273     0.244     0.930
 8    -0.229    -0.923     0.310
 8     0.934    -0.298    -0.196
 9   133.964   -27.190    43.320
 9     0.173    -0.041    -0.984
 9     0.199     0.980    -0.006
 9     0.964    -0.195     0.178
 2    96.570   -18.547    59.818
 2    -0.087    -0.996    -0.016
 2     0.994    -0.087     0.057
 2    -0.059    -0.011     0.998
 3   132.266    -0.549     4.784
 3     0.150     0.126    -0.980
 3     0.092     0.985     0.141
 3     0.984    -0.112     0.136
 4   116.358    14.437   -12.961
 4     0.558    -0.825     0.083
 4     0.809     0.520    -0.272
 4     0.181     0.219     0.958
 5   115.466    23.589    14.653
 5     0.268    -0.344     0.900
 5     0.174    -0.902    -0.396
 5     0.948     0.262    -0.182
 6   132.069    23.265    42.382
 6     0.195     0.038    -0.980
 6    -0.110     0.994     0.016
 6     0.974     0.104     0.198
 7   117.527   -20.015   -10.948
 7     0.803     0.575     0.156
 7    -0.595     0.789     0.154
 7    -0.034    -0.217     0.975
 8   117.653   -27.262    16.306
 8     0.273     0.246     0.930
 8    -0.229    -0.922     0.312
 8     0.934    -0.298    -0.195
 9   133.915   -27.165    43.320
 9     0.173    -0.041    -0.984
 9     0.198     0.980    -0.006
 9     0.964    -0.194     0.177
 2    96.545   -18.598    59.817
 2    -0.086    -0.996    -0.016
 2     0.994    -0.087     0.057
 2    -0.059    -0.011     0.998
 3   132.240    -0.548     4.835
 3     0.150     0.125    -0.981
 3     0.093     0.985     0.140
 3     0.984    -0.112     0.136
 4   116.330    14.437   -12.960
 4     0.558    -0.825     0.086
 4     0.810     0.519    -0.273
 4     0.180     0.222     0.958
 5   115.509    23.585    14.663
 5     0.269    -0.344     0.899
 5     0.174    -0.901    -0.397
 5     0.947     0.263    -0.182
 6   132.069    23.267    42.382
 6     0.197     0.037    -0.980
 6    -0.110     0.994     0.015
 6     0.974     0.104     0.199
 7   117.444   -20.069   -10.910
 7     0.802     0.575     0.159
 7    -0.596     0.788     0.152
 7    -0.038    -0.217     0.975
 8   117.654   -27.262    16.306
 8     0.273     0.247     0.929
 8    -0.229    -0.922     0.312
 8     0.934    -0.298    -0.196
 9   133.875   -27.239    43.309
 9     0.173    -0.040    -0.984
 9     0.198     0.980    -0.005
 9     0.965    -0.195     0.177
 2    96.545   -18.548    59.818
 2    -0.086    -0.996    -0.016
 2     0.994    -0.087     0.057
 2    -0.059    -0.011     0.998
 3   132.189    -0.548     4.834
 3     0.151     0.121    -0.981
 3     0.094     0.986     0.136
 3     0.984    -0.113     0.138
 4   116.225    14.258   -12.904
 4     0.557    -0.826     0.090
 4     0.811     0.517    -0.272
 4     0.178     0.224     0.958
 5   115.509    23.535    14.716
 5     0.270    -0.344     0.899
 5     0.176    -0.901    -0.397
 5     0.947     0.265    -0.182
 6   132.070    23.269    42.433
 6     0.197     0.037    -0.980
 6    -0.108     0.994     0.016
 6     0.974     0.102     0.199
 7   117.378   -20.178   -10.835
 7     0.801     0.574     0.167
 7    -0.596     0.789     0.149
 7    -0.046    -0.219     0.974
 8   117.626   -27.438    16.355
 8     0.275     0.252     0.928
 8    -0.228    -0.920     0.318
 8     0.934    -0.299    -0.196
 9   133.848   -27.236    43.412
 9     0.170    -0.043    -0.984
 9     0.200     0.979    -0.008
 9     0.965    -0.196     0.175
 2    96.545   -18.548    59.818
 2    -0.087    -0.996    -0.017
 2     0.994    -0.087     0.057
 2    -0.059    -0.012     0.998
 3   132.227    -0.677     4.903
 3     0.154     0.121    -0.980
 3     0.096     0.986     0.137
 3     0.983    -0.116     0.140
 4   116.222    14.155   -12.902
 4     0.557    -0.826     0.091
 4     0.811     0.517    -0.271
 4     0.177     0.225     0.958
 5   115.451    23.432    14.674
 5     0.270    -0.344     0.899
 5     0.177    -0.900    -0.398
 5     0.946     0.267    -0.183
 6   132.124    23.198    42.282
 6     0.198     0.041    -0.979
 6    -0.105     0.994     0.020
 6     0.974     0.099     0.201
 7   117.224   -20.309   -10.773
 7     0.798     0.577     0.171
 7    -0.600     0.786     0.149
 7    -0.049    -0.222     0.974
 8   117.626   -27.487    16.431
 8     0.276     0.253     0.927
 8    -0.227    -0.920     0.319
 8     0.934    -0.298    -0.196
 9   133.869   -27.338    43.409
 9     0.171    -0.053    -0.984
 9     0.199     0.979    -0.018
 9     0.965    -0.193     0.178
 2    96.545   -18.548    59.818
 2    -0.087    -0.996    -0.016
 2     0.994    -0.088     0.058
 2    -0.059    -0.012     0.998
 3   132.212    -0.759     4.917
 3     0.161     0.117    -0.980
 3     0.098     0.986     0.134
 3     0.982    -0.118     0.147
 4   116.175    14.080   -12.956
 4     0.556    -0.826     0.091
 4     0.811     0.516    -0.273
 4     0.178     0.225     0.958
 5   115.502    23.405    14.626
 5     0.271    -0.345     0.898
 5     0.177    -0.899    -0.399
 5     0.946     0.268    -0.182
 6   132.088    23.231    42.322
 6     0.197     0.045    -0.979
 6    -0.101     0.995     0.025
 6     0.975     0.094     0.200
 7   117.022   -20.391   -10.809
 7     0.792     0.582     0.180
 7    -0.608     0.779     0.151
 7    -0.052    -0.229     0.972
 8   117.308   -27.383    16.431
 8     0.275     0.240     0.931
 8    -0.226    -0.925     0.305
 8     0.934    -0.294    -0.200
 9   133.672   -27.365    43.460
 9     0.172    -0.044    -0.984
 9     0.198     0.980    -0.009
 9     0.965    -0.194     0.177
 2    96.545   -18.548    59.817
 2    -0.087    -0.996    -0.017
 2     0.994    -0.087     0.057
 2    -0.059    -0.011     0.998
 3   132.096    -0.811     4.831
 3     0.162     0.110    -0.980
 3     0.100     0.987     0.127
 3     0.981    -0.119     0.149
 4   116.107    13.983   -13.045
 4     0.553    -0.828     0.090
 4     0.813     0.512    -0.276
 4     0.182     0.226     0.957
 5   115.427    23.255    14.677
 5     0.270    -0.343     0.900
 5     0.179    -0.900    -0.397
 5     0.946     0.268    -0.181
 6   132.015    23.160    42.093
 6     0.198     0.038    -0.979
 6    -0.097     0.995     0.019
 6     0.975     0.091     0.201
 7   117.100   -20.361   -10.766
 7     0.796     0.579     0.177
 7    -0.603     0.783     0.153
 7    -0.050    -0.229     0.972
 8   117.527   -27.385    16.379
 8     0.276     0.255     0.926
 8    -0.226    -0.920     0.321
 8     0.934    -0.298    -0.197
 9   133.678   -27.360    43.398
 9     0.167    -0.051    -0.984
 9     0.197     0.980    -0.017
 9     0.966    -0.191     0.174
 2    96.545   -18.548    59.817
 2    -0.087    -0.996    -0.016
 2     0.994    -0.088     0.058
 2    -0.059    -0.011     0.998
 3   132.060    -0.731     4.917
 3     0.159     0.108    -0.981
 3     0.099     0.987     0.124
 3     0.982    -0.118     0.146
 4   116.166    14.037   -13.032
 4     0.554    -0.828     0.089
 4     0.811     0.513    -0.281
 4     0.186     0.228     0.955
 5   115.562    23.257    14.605
 5     0.264    -0.358     0.895
 5     0.181    -0.894    -0.411
 5     0.947     0.270    -0.172
 6   132.155    23.164    42.260
 6     0.195     0.051    -0.979
 6    -0.095     0.995     0.032
 6     0.976     0.087     0.199
 7   117.151   -20.307   -10.771
 7     0.800     0.574     0.175
 7    -0.598     0.786     0.155
 7    -0.049    -0.229     0.972
 8   117.629   -27.372    16.273
 8     0.276     0.268     0.923
 8    -0.233    -0.913     0.335
 8     0.932    -0.307    -0.190
 9   133.929   -27.002    43.381
 9     0.163    -0.078    -0.984
 9     0.193     0.980    -0.046
 9     0.967    -0.182     0.175
 2    96.545   -18.548    59.817
 2    -0.087    -0.996    -0.016
 2     0.994    -0.088     0.058
 2    -0.059    -0.011     0.998
 3   132.047    -0.726     4.951
 3     0.156     0.107    -0.982
 3     0.099     0.987     0.124
 3     0.983    -0.117     0.144
 4   116.073    14.140   -12.990
 4     0.556    -0.827     0.089
 4     0.809     0.513    -0.285
 4     0.189     0.230     0.954
 5   115.563    23.357    14.556
 5     0.264    -0.362     0.894
 5     0.180    -0.892    -0.415
 5     0.947     0.271    -0.171
 6   132.107    23.111    42.237
 6     0.195     0.057    -0.979
 6    -0.096     0.995     0.039
 6     0.976     0.086     0.199
 7   117.197   -20.180   -10.821
 7     0.802     0.571     0.175
 7    -0.595     0.788     0.154
 7    -0.050    -0.227     0.972
 8   117.725   -27.403    16.199
 8     0.274     0.270     0.923
 8    -0.237    -0.911     0.337
 8     0.932    -0.311    -0.186
 9   133.937   -26.999    43.317
 9     0.161    -0.083    -0.983
 9     0.191     0.980    -0.051
 9     0.968    -0.180     0.174
 2    96.545   -18.548    59.817
 2    -0.087    -0.996    -0.016
 2     0.994    -0.088     0.058
 2    -0.059    -0.011     0.998
 3   131.997    -0.626     4.976
 3     0.155     0.106    -0.982
 3     0.097     0.987     0.122
 3     0.983    -0.115     0.143
 4   116.035    14.272   -12.908
 4     0.554    -0.827     0.091
 4     0.809     0.510    -0.292
 4     0.195     0.235     0.952
 5   115.545    23.552    14.317
 5     0.245    -0.369     0.896
 5     0.189    -0.889    -0.417
 5     0.951     0.271    -0.148
 6   132.158    23.164    42.187
 6     0.196     0.058    -0.979
 6    -0.095     0.994     0.040
 6     0.976     0.085     0.200
 7   117.148   -20.180   -10.821
 7     0.802     0.570     0.174
 7    -0.595     0.789     0.154
 7    -0.050    -0.228     0.972
 8   117.621   -27.332    16.150
 8     0.271     0.272     0.923
 8    -0.239    -0.910     0.338
 8     0.932    -0.312    -0.181
 9   133.984   -26.978    43.209
 9     0.165    -0.093    -0.982
 9     0.189     0.980    -0.061
 9     0.968    -0.175     0.179
 2    96.570   -18.547    59.767
 2    -0.087    -0.996    -0.016
 2     0.994    -0.088     0.057
 2    -0.059    -0.011     0.998
 3   131.995    -0.626     4.949
 3     0.155     0.107    -0.982
 3     0.097     0.988     0.123
 3     0.983    -0.114     0.143
 4   115.935    14.357   -12.871
 4     0.558    -0.824     0.093
 4     0.803     0.509    -0.309
 4     0.207     0.247     0.946
 5   115.688    23.635    14.189
 5     0.235    -0.382     0.894
 5     0.192    -0.883    -0.428
 5     0.953     0.272    -0.135
 6   132.996    23.246    41.893
 6     0.215     0.059    -0.975
 6    -0.091     0.995     0.040
 6     0.972     0.080     0.219
 7   117.063   -20.071   -10.889
 7     0.806     0.566     0.173
 7    -0.591     0.790     0.165
 7    -0.044    -0.235     0.971
 8   117.950   -27.576    15.986
 8     0.268     0.290     0.919
 8    -0.249    -0.901     0.356
 8     0.931    -0.324    -0.169
 9   135.242   -26.894    42.621
 9     0.182    -0.153    -0.971
 9     0.173     0.977    -0.122
 9     0.968    -0.146     0.204
 2    96.545   -18.548    59.817
 2    -0.087    -0.996    -0.016
 2     0.994    -0.088     0.057
 2    -0.059    -0.011     0.998
 3   131.874    -0.629     4.950
 3     0.157     0.111    -0.981
 3     0.096     0.987     0.127
 3     0.983    -0.115     0.144
 4   115.899    14.460   -12.791
 4     0.568    -0.817     0.098
 4     0.795     0.514    -0.323
 4     0.213     0.261     0.941
 5   116.891    23.641    14.529
 5     0.281    -0.364     0.887
 5     0.201    -0.882    -0.426
 5     0.938     0.299    -0.175
 6   135.528    23.839    41.035
 6     0.276     0.056    -0.959
 6    -0.075     0.996     0.036
 6     0.958     0.062     0.280
 7   116.956   -19.933   -11.037
 7     0.813     0.555     0.173
 7    -0.581     0.794     0.181
 7    -0.037    -0.248     0.968
 8   118.769   -27.708    15.863
 8     0.299     0.297     0.906
 8    -0.260    -0.889     0.377
 8     0.918    -0.349    -0.189
 9   136.683   -27.162    41.573
 9     0.219    -0.171    -0.961
 9     0.162     0.977    -0.137
 9     0.962    -0.126     0.242
 2    96.545   -18.548    59.817
 2    -0.087    -0.996    -0.016
 2     0.994    -0.088     0.057
 2    -0.059    -0.011     0.998
 3   131.800    -0.743     4.752
 3     0.166     0.121    -0.979
 3     0.096     0.985     0.138
 3     0.981    -0.117     0.151
 4   115.930    14.345   -12.870
 4     0.585    -0.804     0.107
 4     0.784     0.528    -0.324
 4     0.204     0.274     0.940
 5   118.445    23.703    14.435
 5     0.351    -0.332     0.875
 5     0.218    -0.880    -0.422
 5     0.910     0.339    -0.237
 6   138.791    24.360    39.153
 6     0.351     0.068    -0.934
 6    -0.055     0.997     0.052
 6     0.934     0.033     0.354
 7   116.815   -19.888   -11.241
 7     0.813     0.552     0.183
 7    -0.580     0.794     0.182
 7    -0.045    -0.254     0.966
 8   119.802   -28.030    15.718
 8     0.353     0.271     0.895
 8    -0.287    -0.880     0.379
 8     0.890    -0.391    -0.233
 9   139.206   -28.113    39.891
 9     0.280    -0.173    -0.944
 9     0.140     0.980    -0.139
 9     0.950    -0.093     0.298
 2    96.545   -18.548    59.817
 2    -0.087    -0.996    -0.016
 2     0.994    -0.088     0.057
 2    -0.059    -0.011     0.998
 3   131.739    -0.773     4.666
 3     0.170     0.130    -0.977
 3     0.097     0.984     0.148
 3     0.980    -0.120     0.155
 4   115.890    14.246   -13.070
 4     0.607    -0.786     0.118
 4     0.773     0.549    -0.318
 4     0.185     0.284     0.941
 5   120.120    23.960    14.172
 5     0.428    -0.289     0.856
 5     0.238    -0.878    -0.415
 5     0.872     0.381    -0.307
 6   141.881    25.630    37.339
 6     0.426     0.049    -0.903
 6    -0.034     0.999     0.038
 6     0.904     0.014     0.427
 7   116.494   -19.779   -11.476
 7     0.814     0.543     0.205
 7    -0.577     0.797     0.177
 7    -0.068    -0.263     0.962
 8   120.872   -28.582    15.311
 8     0.413     0.240     0.878
 8    -0.312    -0.869     0.384
 8     0.855    -0.433    -0.284
 9   141.575   -29.058    38.133
 9     0.337    -0.178    -0.925
 9     0.127     0.981    -0.142
 9     0.932    -0.070     0.353
 2    96.545   -18.548    59.817
 2    -0.087    -0.996    -0.016
 2     0.994    -0.088     0.058
 2    -0.059    -0.011     0.998
 3   131.731    -0.927     4.558
 3     0.174     0.136    -0.975
 3     0.101     0.983     0.155
 3     0.979    -0.126     0.157
 4   115.779    13.939   -13.347
 4     0.623    -0.770     0.135
 4     0.766     0.567    -0.303
 4     0.157     0.292     0.943
 5   121.414    24.119    13.673
 5     0.494    -0.253     0.831
 5     0.254    -0.873    -0.417
 5     0.831     0.417    -0.367
 6   144.273    25.872    34.839
 6     0.488     0.053    -0.871
 6    -0.028     0.998     0.045
 6     0.872     0.003     0.489
 7   116.327   -19.844   -11.646
 7     0.816     0.533     0.224
 7    -0.572     0.802     0.173
 7    -0.088    -0.270     0.959
 8   122.066   -29.181    14.885
 8     0.465     0.224     0.856
 8    -0.326    -0.856     0.402
 8     0.823    -0.466    -0.325
 9   143.717   -29.375    36.392
 9     0.383    -0.201    -0.902
 9     0.121     0.978    -0.166
 9     0.916    -0.046     0.399
 2    96.545   -18.548    59.818
 2    -0.086    -0.996    -0.016
 2     0.994    -0.087     0.057
 2    -0.059    -0.011     0.998
 3   131.721    -1.004     4.448
 3     0.179     0.140    -0.974
 3     0.105     0.981     0.161
 3     0.978    -0.132     0.161
 4   115.709    13.739   -13.566
 4     0.638    -0.756     0.147
 4     0.758     0.582    -0.293
 4     0.136     0.298     0.945
 5   122.352    24.383    13.265
 5     0.531    -0.244     0.812
 5     0.262    -0.864    -0.431
 5     0.806     0.441    -0.395
 6   145.902    26.255    33.547
 6     0.524     0.054    -0.850
 6    -0.024     0.998     0.049
 6     0.851    -0.005     0.524
 7   116.241   -19.853   -11.856
 7     0.821     0.519     0.238
 7    -0.561     0.810     0.171
 7    -0.104    -0.274     0.956
 8   123.061   -29.241    14.519
 8     0.508     0.221     0.832
 8    -0.328    -0.844     0.425
 8     0.796    -0.489    -0.356
 9   145.537   -29.358    34.903
 9     0.421    -0.222    -0.879
 9     0.116     0.975    -0.190
 9     0.899    -0.022     0.437
 2    96.545   -18.548    59.818
 2    -0.086    -0.996    -0.016
 2     0.994    -0.087     0.057
 2    -0.059    -0.011     0.998
 3   131.660    -1.057     4.361
 3     0.182     0.142    -0.973
 3     0.108     0.980     0.163
 3     0.977    -0.135     0.163
 4   115.678    13.648   -13.705
 4     0.645    -0.748     0.155
 4     0.754     0.591    -0.286
 4     0.122     0.302     0.945
 5   122.892    24.479    12.951
 5     0.558    -0.231     0.797
 5     0.267    -0.860    -0.436
 5     0.786     0.456    -0.418
 6   146.724    26.138    32.504
 6     0.545     0.059    -0.836
 6    -0.026     0.998     0.053
 6     0.838    -0.007     0.545
 7   116.207   -19.710   -12.044
 7     0.826     0.505     0.249
 7    -0.551     0.818     0.167
 7    -0.119    -0.275     0.954
 8   123.857   -29.480    14.019
 8     0.539     0.213     0.815
 8    -0.332    -0.835     0.438
 8     0.774    -0.507    -0.380
 9   146.920   -29.249    33.812
 9     0.445    -0.234    -0.864
 9     0.119     0.972    -0.202
 9     0.887    -0.013     0.460
 2    96.545   -18.548    59.817
 2    -0.087    -0.996    -0.016
 2     0.994    -0.088     0.057
 2    -0.059    -0.011     0.998
 3   131.711    -1.055     4.312
 3     0.182     0.143    -0.973
 3     0.110     0.980     0.165
 3     0.977    -0.138     0.163
 4   115.485    13.631   -13.777
 4     0.648    -0.743     0.166
 4     0.754     0.597    -0.272
 4     0.103     0.302     0.948
 5   123.235    24.728    12.684
 5     0.583    -0.220     0.782
 5     0.270    -0.855    -0.442
 5     0.766     0.469    -0.439
 6   147.479    26.301    31.804
 6     0.561     0.065    -0.825
 6    -0.030     0.998     0.058
 6     0.827    -0.008     0.561
 7   116.264   -19.466   -12.277
 7     0.832     0.488     0.260
 7    -0.536     0.828     0.161
 7    -0.137    -0.274     0.952
 8   124.785   -29.545    13.462
 8     0.574     0.211     0.791
 8    -0.334    -0.822     0.462
 8     0.747    -0.530    -0.402
 9   148.395   -29.119    32.292
 9     0.473    -0.251    -0.844
 9     0.118     0.968    -0.221
 9     0.873     0.005     0.488
 2    96.547   -18.598    59.814
 2    -0.086    -0.996    -0.015
 2     0.994    -0.087     0.057
 2    -0.058    -0.010     0.998
 3   131.650    -0.954     4.252
 3     0.183     0.143    -0.973
 3     0.113     0.979     0.166
 3     0.976    -0.141     0.163
 4   115.196    13.504   -14.030
 4     0.654    -0.734     0.185
 4     0.753     0.606    -0.256
 4     0.075     0.307     0.948
 5   124.007    24.891    12.116
 5     0.615    -0.210     0.759
 5     0.274    -0.846    -0.456
 5     0.739     0.489    -0.463
 6   148.836    26.427    29.831
 6     0.597     0.076    -0.799
 6    -0.029     0.997     0.073
 6     0.802    -0.021     0.597
 7   116.073   -19.257   -12.501
 7     0.837     0.469     0.281
 7    -0.522     0.840     0.151
 7    -0.166    -0.274     0.947
 8   125.841   -29.741    12.791
 8     0.617     0.191     0.763
 8    -0.339    -0.811     0.477
 8     0.710    -0.553    -0.436
 9   150.085   -29.308    30.287
 9     0.514    -0.257    -0.818
 9     0.112     0.966    -0.233
 9     0.850     0.027     0.525
 2    96.502   -18.542    59.795
 2    -0.089    -0.996    -0.001
 2     0.994    -0.089     0.053
 2    -0.053     0.004     0.998
 3   131.638    -0.955     4.140
 3     0.188     0.144    -0.972
 3     0.118     0.978     0.168
 3     0.975    -0.146     0.167
 4   114.954    13.348   -14.151
 4     0.663    -0.719     0.208
 4     0.747     0.619    -0.241
 4     0.045     0.315     0.948
 5   124.854    25.223    11.475
 5     0.652    -0.196     0.732
 5     0.280    -0.836    -0.472
 5     0.704     0.513    -0.490
 6   150.408    26.702    28.023
 6     0.634     0.087    -0.768
 6    -0.029     0.995     0.090
 6     0.773    -0.035     0.633
 7   115.786   -19.100   -12.782
 7     0.839     0.453     0.302
 7    -0.509     0.849     0.141
 7    -0.193    -0.272     0.943
 8   126.934   -29.662    12.039
 8     0.663     0.168     0.729
 8    -0.341    -0.799     0.494
 8     0.666    -0.577    -0.473
 9   152.026   -29.070    27.926
 9     0.562    -0.268    -0.782
 9     0.110     0.962    -0.250
 9     0.820     0.054     0.570
 2    96.507   -18.540    59.784
 2    -0.087    -0.996     0.005
 2     0.995    -0.086     0.050
 2    -0.050     0.010     0.999
 3   131.567    -0.934     4.015
 3     0.193     0.145    -0.970
 3     0.122     0.978     0.170
 3     0.973    -0.151     0.171
 4   114.827    13.197   -14.363
 4     0.673    -0.705     0.223
 4     0.739     0.633    -0.230
 4     0.021     0.319     0.947
 5   125.514    25.133    10.823
 5     0.681    -0.191     0.707
 5     0.278    -0.825    -0.491
 5     0.677     0.531    -0.509
 6   151.500    26.268    26.216
 6     0.663     0.103    -0.741
 6    -0.035     0.993     0.107
 6     0.747    -0.045     0.662
 7   115.498   -18.891   -13.012
 7     0.841     0.434     0.322
 7    -0.494     0.859     0.131
 7    -0.220    -0.269     0.937
 8   127.856   -29.788    11.057
 8     0.705     0.139     0.695
 8    -0.344    -0.791     0.506
 8     0.620    -0.596    -0.510
 9   153.856   -29.167    25.252
 9     0.612    -0.270    -0.744
 9     0.105     0.959    -0.261
 9     0.784     0.081     0.615
 2    96.510   -18.539    59.781
 2    -0.085    -0.996     0.006
 2     0.995    -0.085     0.050
 2    -0.049     0.010     0.999
 3   131.548    -1.015     3.839
 3     0.201     0.145    -0.969
 3     0.127     0.977     0.172
 3     0.971    -0.158     0.177
 4   114.707    12.836   -14.524
 4     0.681    -0.690     0.243
 4     0.732     0.648    -0.211
 4    -0.012     0.321     0.947
 5   126.084    25.330    10.206
 5     0.703    -0.184     0.687
 5     0.280    -0.817    -0.505
 5     0.653     0.547    -0.523
 6   152.543    26.248    24.883
 6     0.684     0.118    -0.720
 6    -0.040     0.991     0.124
 6     0.728    -0.056     0.683
 7   115.314   -18.782   -13.273
 7     0.842     0.418     0.341
 7    -0.481     0.868     0.122
 7    -0.245    -0.267     0.932
 8   128.774   -29.886    10.322
 8     0.737     0.113     0.666
 8    -0.347    -0.783     0.517
 8     0.580    -0.612    -0.538
 9   155.219   -29.278    23.151
 9     0.648    -0.268    -0.713
 9     0.103     0.958    -0.266
 9     0.754     0.099     0.648
 2    96.511   -18.540    59.781
 2    -0.084    -0.996     0.006
 2     0.995    -0.084     0.049
 2    -0.049     0.010     0.999
 3   131.502    -1.069     3.636
 3     0.207     0.144    -0.968
 3     0.133     0.976     0.173
 3     0.969    -0.165     0.183
 4   114.409    12.603   -14.716
 4     0.684    -0.679     0.266
 4     0.728     0.658    -0.193
 4    -0.044     0.326     0.944
 5   126.663    25.319     9.557
 5     0.728    -0.168     0.665
 5     0.285    -0.807    -0.517
 5     0.623     0.565    -0.540
 6   153.279    25.922    23.279
 6     0.707     0.130    -0.695
 6    -0.044     0.989     0.141
 6     0.706    -0.069     0.704
 7   114.881   -18.687   -13.470
 7     0.836     0.404     0.370
 7    -0.470     0.876     0.106
 7    -0.282    -0.263     0.923
 8   129.374   -30.034     9.451
 8     0.765     0.088     0.638
 8    -0.350    -0.775     0.526
 8     0.541    -0.625    -0.562
 9   156.196   -29.233    20.957
 9     0.679    -0.267    -0.683
 9     0.102     0.957    -0.272
 9     0.726     0.115     0.677
 2    96.514   -18.539    59.778
 2    -0.081    -0.997     0.006
 2     0.995    -0.081     0.048
 2    -0.048     0.010     0.999
 3   131.424    -1.204     3.393
 3     0.216     0.143    -0.966
 3     0.138     0.975     0.175
 3     0.966    -0.171     0.190
 4   114.167    12.296   -14.913
 4     0.686    -0.668     0.288
 4     0.723     0.667    -0.177
 4    -0.074     0.330     0.941
 5   127.038    25.459     8.810
 5     0.752    -0.151     0.642
 5     0.292    -0.797    -0.530
 5     0.591     0.585    -0.555
 6   154.308    26.019    21.185
 6     0.738     0.143    -0.660
 6    -0.046     0.986     0.162
 6     0.673    -0.089     0.734
 7   114.531   -18.487   -13.682
 7     0.831     0.391     0.395
 7    -0.459     0.884     0.091
 7    -0.314    -0.257     0.914
 8   130.165   -30.218     8.295
 8     0.798     0.057     0.599
 8    -0.353    -0.762     0.542
 8     0.488    -0.645    -0.589
 9   157.633   -29.328    18.027
 9     0.722    -0.258    -0.642
 9     0.099     0.957    -0.273
 9     0.684     0.133     0.716
 2    96.518   -18.539    59.776
 2    -0.078    -0.997     0.006
 2     0.996    -0.078     0.048
 2    -0.047     0.010     0.999
 3   131.280    -1.312     3.187
 3     0.224     0.140    -0.964
 3     0.141     0.974     0.174
 3     0.964    -0.176     0.198
 4   113.804    12.196   -15.018
 4     0.684    -0.660     0.310
 4     0.722     0.672    -0.163
 4    -0.101     0.335     0.936
 5   127.318    25.533     8.230
 5     0.768    -0.138     0.625
 5     0.296    -0.789    -0.538
 5     0.568     0.598    -0.565
 6   154.755    25.900    19.941
 6     0.754     0.147    -0.639
 6    -0.048     0.984     0.170
 6     0.654    -0.098     0.749
 7   114.144   -18.241   -13.980
 7     0.823     0.377     0.424
 7    -0.446     0.892     0.073
 7    -0.351    -0.249     0.902
 8   130.901   -30.278     6.971
 8     0.829     0.021     0.559
 8    -0.357    -0.749     0.558
 8     0.430    -0.662    -0.613
 9   158.594   -29.221    15.067
 9     0.762    -0.251    -0.597
 9     0.096     0.955    -0.279
 9     0.640     0.155     0.752
 2    96.490   -18.508    59.807
 2    -0.072    -0.997     0.000
 2     0.996    -0.072     0.039
 2    -0.039     0.003     0.999
 3   131.160    -1.319     2.901
 3     0.233     0.135    -0.963
 3     0.143     0.974     0.171
 3     0.962    -0.178     0.207
 4   113.467    12.071   -15.127
 4     0.681    -0.653     0.332
 4     0.721     0.676    -0.150
 4    -0.127     0.342     0.931
 5   127.659    25.748     7.586
 5     0.791    -0.114     0.600
 5     0.300    -0.784    -0.543
 5     0.532     0.610    -0.587
 6   155.385    25.977    18.414
 6     0.775     0.155    -0.612
 6    -0.055     0.982     0.180
 6     0.629    -0.106     0.770
 7   113.757   -17.917   -14.180
 7     0.816     0.360     0.452
 7    -0.429     0.901     0.056
 7    -0.387    -0.240     0.890
 8   131.751   -30.239     5.539
 8     0.860    -0.023     0.510
 8    -0.358    -0.739     0.571
 8     0.364    -0.674    -0.643
 9   160.158   -29.204    11.144
 9     0.811    -0.240    -0.534
 9     0.091     0.953    -0.290
 9     0.578     0.186     0.794
 2    96.541   -18.508    59.807
 2    -0.072    -0.997    -0.000
 2     0.996    -0.071     0.039
 2    -0.039     0.002     0.999
 3   131.090    -1.273     2.744
 3     0.238     0.129    -0.963
 3     0.146     0.975     0.167
 3     0.960    -0.181     0.214
 4   113.147    11.866   -15.300
 4     0.678    -0.643     0.357
 4     0.718     0.683    -0.135
 4    -0.157     0.347     0.924
 5   127.965    25.773     7.005
 5     0.805    -0.098     0.584
 5     0.305    -0.777    -0.551
 5     0.508     0.621    -0.596
 6   155.990    25.639    16.317
 6     0.802     0.167    -0.573
 6    -0.064     0.978     0.195
 6     0.593    -0.120     0.796
 7   113.458   -17.716   -14.473
 7     0.808     0.347     0.475
 7    -0.415     0.909     0.042
 7    -0.417    -0.231     0.879
 8   132.651   -29.990     4.245
 8     0.883    -0.053     0.465
 8    -0.353    -0.729     0.587
 8     0.308    -0.683    -0.663
 9   160.987   -28.947     7.780
 9     0.845    -0.233    -0.482
 9     0.090     0.949    -0.302
 9     0.527     0.211     0.823
 2    96.592   -18.508    59.807
 2    -0.071    -0.997    -0.001
 2     0.996    -0.071     0.038
 2    -0.039     0.002     0.999
 3   131.071    -1.356     2.509
 3     0.245     0.124    -0.961
 3     0.147     0.975     0.164
 3     0.958    -0.182     0.221
 4   112.960    11.664   -15.506
 4     0.675    -0.635     0.377
 4     0.715     0.689    -0.120
 4    -0.184     0.350     0.918
 5   128.323    25.917     6.243
 5     0.822    -0.076     0.564
 5     0.311    -0.771    -0.556
 5     0.476     0.633    -0.610
 6   156.537    25.817    14.644
 6     0.823     0.167    -0.543
 6    -0.066     0.977     0.201
 6     0.564    -0.130     0.815
 7   113.108   -17.540   -14.638
 7     0.800     0.333     0.498
 7    -0.399     0.916     0.029
 7    -0.447    -0.222     0.866
 8   133.352   -29.945     2.921
 8     0.903    -0.084     0.420
 8    -0.347    -0.719     0.602
 8     0.252    -0.690    -0.679
 9   161.748   -28.719     4.077
 9     0.879    -0.226    -0.420
 9     0.092     0.944    -0.316
 9     0.468     0.239     0.851
 2    96.592   -18.508    59.807
 2    -0.071    -0.997    -0.000
 2     0.996    -0.071     0.038
 2    -0.039     0.002     0.999
 3   131.026    -1.284     2.198
 3     0.251     0.114    -0.961
 3     0.151     0.976     0.156
 3     0.956    -0.185     0.228
 4   112.634    11.418   -15.679
 4     0.669    -0.630     0.394
 4     0.714     0.692    -0.107
 4    -0.205     0.353     0.913
 5   128.385    25.947     5.725
 5     0.832    -0.057     0.551
 5     0.317    -0.767    -0.558
 5     0.454     0.639    -0.620
 6   156.727    25.719    13.252
 6     0.838     0.171    -0.518
 6    -0.072     0.976     0.205
 6     0.541    -0.134     0.830
 7   112.895   -17.400   -14.721
 7     0.798     0.320     0.511
 7    -0.388     0.921     0.028
 7    -0.462    -0.220     0.859
 8   133.833   -29.739     1.886
 8     0.918    -0.106     0.381
 8    -0.336    -0.715     0.612
 8     0.208    -0.691    -0.693
 9   162.231   -27.994     1.670
 9     0.900    -0.224    -0.375
 9     0.099     0.941    -0.323
 9     0.424     0.253     0.869
 2    96.594   -18.507    59.805
 2    -0.071    -0.997    -0.001
 2     0.996    -0.071     0.038
 2    -0.038     0.002     0.999
 3   130.900    -1.238     1.973
 3     0.257     0.106    -0.960
 3     0.156     0.976     0.150
 3     0.953    -0.189     0.234
 4   112.234    11.274   -15.830
 4     0.660    -0.629     0.411
 4     0.717     0.691    -0.094
 4    -0.225     0.357     0.906
 5   128.415    25.998     5.189
 5     0.844    -0.036     0.535
 5     0.322    -0.764    -0.559
 5     0.429     0.644    -0.633
 6   156.936    25.771    11.819
 6     0.853     0.175    -0.491
 6    -0.080     0.974     0.209
 6     0.515    -0.140     0.845
 7   112.626   -17.339   -14.843
 7     0.792     0.306     0.527
 7    -0.376     0.926     0.027
 7    -0.480    -0.220     0.849
 8   134.124   -29.345     1.206
 8     0.929    -0.115     0.351
 8    -0.322    -0.716     0.619
 8     0.180    -0.688    -0.703
 9   162.501   -27.406    -0.121
 9     0.912    -0.227    -0.341
 9     0.112     0.939    -0.325
 9     0.394     0.258     0.882
 2    96.594   -18.507    59.805
 2    -0.071    -0.997    -0.000
 2     0.996    -0.071     0.038
 2    -0.038     0.002     0.999
 3   130.822    -1.194     1.594
 3     0.267     0.097    -0.958
 3     0.162     0.976     0.144
 3     0.950    -0.194     0.245
 4   111.720    11.021   -16.112
 4     0.654    -0.620     0.433
 4     0.713     0.697    -0.079
 4    -0.252     0.360     0.898
 5   128.435    26.062     4.409
 5     0.860    -0.008     0.510
 5     0.327    -0.760    -0.562
 5     0.391     0.650    -0.651
 6   157.062    25.668    10.066
 6     0.870     0.179    -0.459
 6    -0.088     0.973     0.214
 6     0.485    -0.146     0.862
 7   112.156   -17.181   -14.929
 7     0.784     0.294     0.546
 7    -0.368     0.929     0.028
 7    -0.500    -0.224     0.837
 8   134.344   -28.950     0.571
 8     0.938    -0.125     0.322
 8    -0.309    -0.718     0.624
 8     0.154    -0.685    -0.712
 9   162.690   -26.492    -1.956
 9     0.924    -0.230    -0.305
 9     0.125     0.936    -0.328
 9     0.361     0.265     0.894
 2    96.594   -18.507    59.805
 2    -0.071    -0.997    -0.000
 2     0.997    -0.071     0.038
 2    -0.038     0.002     0.999
 3   130.716    -1.125     1.276
 3     0.277     0.091    -0.957
 3     0.169     0.975     0.141
 3     0.946    -0.201     0.254
 4   111.285    10.769   -16.323
 4     0.648    -0.614     0.451
 4     0.709     0.702    -0.064
 4    -0.277     0.361     0.890
 5   128.521    26.132     3.461
 5     0.872     0.019     0.489
 5     0.334    -0.755    -0.565
 5     0.358     0.656    -0.664
 6   157.244    25.330     6.532
 6     0.904     0.182    -0.388
 6    -0.100     0.970     0.221
 6     0.416    -0.161     0.895
 7   111.844   -17.069   -14.957
 7     0.778     0.284     0.560
 7    -0.360     0.932     0.026
 7    -0.515    -0.222     0.828
 8   134.574   -28.662    -0.268
 8     0.947    -0.140     0.289
 8    -0.298    -0.719     0.628
 8     0.120    -0.681    -0.722
 9   162.898   -25.936    -3.987
 9     0.936    -0.230    -0.267
 9     0.135     0.934    -0.329
 9     0.325     0.272     0.906
 2    96.594   -18.507    59.805
 2    -0.071    -0.997    -0.000
 2     0.997    -0.071     0.038
 2    -0.038     0.002     0.999
 3   130.567    -1.028     1.075
 3     0.283     0.085    -0.955
 3     0.174     0.975     0.139
 3     0.943    -0.206     0.261
 4   110.791    10.576   -16.507
 4     0.639    -0.613     0.466
 4     0.711     0.701    -0.053
 4    -0.294     0.365     0.883
 5   128.367    26.055     2.876
 5     0.881     0.046     0.470
 5     0.339    -0.755    -0.561
 5     0.329     0.654    -0.681
 6   157.199    25.186     5.551
 6     0.912     0.182    -0.368
 6    -0.104     0.969     0.221
 6     0.397    -0.163     0.903
 7   111.457   -17.111   -15.004
 7     0.769     0.277     0.575
 7    -0.355     0.935     0.025
 7    -0.531    -0.223     0.817
 8   134.598   -28.555    -1.149
 8     0.953    -0.159     0.256
 8    -0.290    -0.717     0.633
 8     0.083    -0.678    -0.730
 9   162.666   -25.564    -6.229
 9     0.948    -0.225    -0.223
 9     0.143     0.933    -0.329
 9     0.282     0.280     0.917
 2    96.594   -18.507    59.805
 2    -0.071    -0.997    -0.000
 2     0.997    -0.071     0.038
 2    -0.038     0.002     0.999
 3   130.386    -0.959     0.856
 3     0.291     0.078    -0.953
 3     0.180     0.974     0.135
 3     0.939    -0.211     0.269
 4   110.456    10.387   -16.647
 4     0.632    -0.611     0.475
 4     0.711     0.702    -0.043
 4    -0.308     0.365     0.878
 5   128.269    26.038     2.441
 5     0.887     0.060     0.458
 5     0.341    -0.754    -0.561
 5     0.311     0.654    -0.690
 6   157.195    24.985     4.257
 6     0.920     0.190    -0.342
 6    -0.116     0.967     0.225
 6     0.373    -0.168     0.912
 7   111.243   -17.052   -15.077
 7     0.761     0.269     0.589
 7    -0.349     0.937     0.021
 7    -0.547    -0.222     0.807
 8   134.856   -28.404    -2.264
 8     0.958    -0.184     0.220
