% Calibrated with leiden_pols
% Positions are in centimeters
Data =[
 2    96.615   -18.519    59.781
 2    -0.050    -0.999    -0.013
 2     0.998    -0.051     0.045
 2    -0.046    -0.010     0.999
 3   131.406    -0.661     4.634
 3     0.183     0.066    -0.981
 3     0.093     0.992     0.084
 3     0.979    -0.107     0.175
 4   113.884    13.625   -12.935
 4     0.471    -0.874     0.115
 4     0.869     0.438    -0.231
 4     0.151     0.209     0.966
 5   113.764    22.577    14.826
 5     0.305    -0.259     0.916
 5     0.190    -0.926    -0.325
 5     0.933     0.273    -0.234
 6   131.157    24.150    41.797
 6     0.259    -0.167    -0.951
 6    -0.117     0.972    -0.203
 6     0.958     0.164     0.232
 7   115.599   -20.253   -10.583
 7     0.768     0.605     0.210
 7    -0.636     0.760     0.132
 7    -0.080    -0.236     0.968
 8   115.378   -26.806    16.503
 8     0.212     0.136     0.968
 8    -0.236    -0.954     0.186
 8     0.948    -0.268    -0.170
 9   131.477   -29.364    44.017
 9     0.245     0.296    -0.923
 9     0.214     0.912     0.349
 9     0.945    -0.283     0.160
 2    96.590   -18.519    59.781
 2    -0.050    -0.999    -0.012
 2     0.997    -0.051     0.045
 2    -0.046    -0.010     0.999
 3   131.405    -0.660     4.711
 3     0.179     0.065    -0.982
 3     0.092     0.992     0.082
 3     0.979    -0.105     0.171
 4   113.988    13.601   -12.962
 4     0.472    -0.874     0.112
 4     0.868     0.439    -0.231
 4     0.152     0.206     0.966
 5   113.765    22.577    14.829
 5     0.304    -0.261     0.916
 5     0.190    -0.926    -0.326
 5     0.933     0.273    -0.232
 6   131.164    24.202    41.836
 6     0.258    -0.170    -0.951
 6    -0.118     0.971    -0.205
 6     0.959     0.165     0.230
 7   115.654   -20.352   -10.542
 7     0.768     0.605     0.206
 7    -0.635     0.761     0.132
 7    -0.077    -0.233     0.969
 8   115.376   -26.811    16.505
 8     0.209     0.137     0.968
 8    -0.237    -0.953     0.187
 8     0.948    -0.269    -0.167
 9   131.485   -29.361    44.008
 9     0.243     0.296    -0.924
 9     0.214     0.912     0.348
 9     0.946    -0.283     0.158
 2    96.615   -18.519    59.781
 2    -0.050    -0.999    -0.013
 2     0.997    -0.051     0.045
 2    -0.046    -0.010     0.999
 3   131.366    -0.575     4.825
 3     0.172     0.061    -0.983
 3     0.093     0.992     0.078
 3     0.980    -0.105     0.165
 4   114.075    13.630   -12.944
 4     0.470    -0.877     0.102
 4     0.869     0.439    -0.229
 4     0.156     0.196     0.968
 5   113.772    22.580    14.821
 5     0.302    -0.261     0.916
 5     0.190    -0.926    -0.327
 5     0.934     0.273    -0.231
 6   131.114    24.150    41.861
 6     0.258    -0.172    -0.951
 6    -0.119     0.971    -0.208
 6     0.959     0.166     0.230
 7   115.966   -20.240   -10.627
 7     0.775     0.602     0.191
 7    -0.628     0.767     0.131
 7    -0.068    -0.222     0.973
 8   115.402   -26.815    16.421
 8     0.206     0.144     0.968
 8    -0.239    -0.951     0.193
 8     0.949    -0.271    -0.161
 9   131.441   -29.307    44.127
 9     0.239     0.295    -0.925
 9     0.214     0.913     0.346
 9     0.947    -0.281     0.155
 2    96.590   -18.519    59.781
 2    -0.050    -0.999    -0.013
 2     0.997    -0.051     0.045
 2    -0.046    -0.010     0.999
 3   131.355    -0.503     4.961
 3     0.158     0.056    -0.986
 3     0.096     0.992     0.072
 3     0.983    -0.106     0.151
 4   114.235    13.556   -12.944
 4     0.468    -0.879     0.087
 4     0.869     0.441    -0.224
 4     0.158     0.181     0.971
 5   113.697    22.681    14.724
 5     0.300    -0.264     0.917
 5     0.191    -0.925    -0.329
 5     0.934     0.274    -0.227
 6   131.052    24.145    41.793
 6     0.259    -0.176    -0.950
 6    -0.122     0.969    -0.213
 6     0.958     0.171     0.230
 7   116.325   -20.051   -10.685
 7     0.783     0.595     0.176
 7    -0.618     0.775     0.129
 7    -0.060    -0.210     0.976
 8   115.594   -26.825    16.272
 8     0.200     0.152     0.968
 8    -0.241    -0.950     0.199
 8     0.949    -0.273    -0.153
 9   131.406   -29.301    44.032
 9     0.232     0.293    -0.927
 9     0.211     0.915     0.342
 9     0.949    -0.276     0.150
 2    96.590   -18.519    59.781
 2    -0.050    -0.999    -0.012
 2     0.997    -0.051     0.045
 2    -0.046    -0.010     0.999
 3   131.354    -0.343     5.066
 3     0.151     0.051    -0.987
 3     0.098     0.993     0.066
 3     0.983    -0.107     0.145
 4   114.189    13.634   -12.948
 4     0.466    -0.881     0.084
 4     0.870     0.439    -0.224
 4     0.160     0.177     0.971
 5   113.646    22.887    14.432
 5     0.272    -0.259     0.926
 5     0.199    -0.927    -0.318
 5     0.941     0.271    -0.201
 6   130.847    24.501    41.788
 6     0.260    -0.189    -0.947
 6    -0.122     0.966    -0.226
 6     0.958     0.174     0.228
 7   116.424   -20.049   -10.687
 7     0.787     0.591     0.175
 7    -0.614     0.779     0.130
 7    -0.060    -0.210     0.976
 8   115.932   -26.889    16.074
 8     0.196     0.168     0.966
 8    -0.248    -0.945     0.214
 8     0.949    -0.281    -0.144
 9   131.692   -29.113    43.846
 9     0.221     0.262    -0.939
 9     0.211     0.927     0.308
 9     0.952    -0.266     0.150
 2    96.589   -18.468    59.781
 2    -0.051    -0.999    -0.013
 2     0.997    -0.051     0.045
 2    -0.046    -0.010     0.999
 3   131.368    -0.339     5.049
 3     0.150     0.052    -0.987
 3     0.098     0.993     0.067
 3     0.984    -0.107     0.144
 4   114.327    13.688   -12.963
 4     0.471    -0.878     0.082
 4     0.866     0.443    -0.230
 4     0.165     0.179     0.969
 5   114.016    23.093    14.159
 5     0.264    -0.284     0.922
 5     0.202    -0.918    -0.340
 5     0.943     0.276    -0.185
 6   131.381    24.371    41.620
 6     0.258    -0.161    -0.953
 6    -0.123     0.972    -0.198
 6     0.958     0.168     0.231
 7   116.494   -19.971   -10.785
 7     0.792     0.584     0.177
 7    -0.607     0.784     0.132
 7    -0.062    -0.212     0.975
 8   116.109   -27.085    15.913
 8     0.189     0.181     0.965
 8    -0.255    -0.940     0.226
 8     0.948    -0.289    -0.131
 9   132.351   -28.926    43.616
 9     0.211     0.196    -0.958
 9     0.204     0.949     0.240
 9     0.956    -0.246     0.160
 2    96.589   -18.519    59.781
 2    -0.051    -0.999    -0.013
 2     0.998    -0.051     0.045
 2    -0.046    -0.010     0.999
 3   131.493    -0.313     4.949
 3     0.149     0.053    -0.987
 3     0.098     0.993     0.068
 3     0.984    -0.107     0.143
 4   114.528    13.871   -12.997
 4     0.483    -0.871     0.083
 4     0.857     0.452    -0.245
 4     0.176     0.190     0.966
 5   114.671    23.626    13.999
 5     0.251    -0.336     0.907
 5     0.205    -0.898    -0.389
 5     0.946     0.284    -0.157
 6   132.652    24.441    41.192
 6     0.263    -0.077    -0.962
 6    -0.105     0.989    -0.107
 6     0.959     0.128     0.251
 7   116.669   -19.829   -10.895
 7     0.800     0.573     0.173
 7    -0.597     0.788     0.150
 7    -0.051    -0.223     0.973
 8   116.426   -27.229    15.708
 8     0.188     0.213     0.958
 8    -0.264    -0.929     0.258
 8     0.946    -0.302    -0.119
 9   133.322   -28.851    42.884
 9     0.208     0.084    -0.974
 9     0.185     0.974     0.123
 9     0.960    -0.207     0.187
 2    96.615   -18.468    59.781
 2    -0.050    -0.999    -0.013
 2     0.997    -0.051     0.045
 2    -0.046    -0.010     0.999
 3   131.545    -0.262     4.925
 3     0.150     0.059    -0.987
 3     0.099     0.992     0.074
 3     0.984    -0.109     0.143
 4   114.644    13.922   -12.916
 4     0.497    -0.863     0.087
 4     0.848     0.462    -0.258
 4     0.182     0.202     0.962
 5   115.613    23.741    14.112
 5     0.286    -0.327     0.900
 5     0.220    -0.892    -0.394
 5     0.932     0.311    -0.183
