% Calibrated with leiden_pols
% Positions are in centimeters
Data =[
 2    96.615   -18.519    59.781
 2    -0.050    -0.999    -0.013
 2     0.998    -0.051     0.045
 2    -0.046    -0.010     0.999
 3   131.406    -0.661     4.634
 3     0.183     0.066    -0.981
 3     0.093     0.992     0.084
 3     0.979    -0.107     0.175
 4   113.884    13.625   -12.935
 4     0.471    -0.874     0.115
 4     0.869     0.438    -0.231
 4     0.151     0.209     0.966
 5   113.764    22.577    14.826
 5     0.305    -0.259     0.916
 5     0.190    -0.926    -0.325
 5     0.933     0.273    -0.234
 6   131.157    24.150    41.797
 6     0.259    -0.167    -0.951
 6    -0.117     0.972    -0.203
 6     0.958     0.164     0.232
 7   115.599   -20.253   -10.583
 7     0.768     0.605     0.210
 7    -0.636     0.760     0.132
 7    -0.080    -0.236     0.968
 8   115.378   -26.806    16.503
 8     0.212     0.136     0.968
 8    -0.236    -0.954     0.186
 8     0.948    -0.268    -0.170
 9   131.477   -29.364    44.017
 9     0.245     0.296    -0.923
 9     0.214     0.912     0.349
 9     0.945    -0.283     0.160
 2    96.590   -18.519    59.781
 2    -0.050    -0.999    -0.012
 2     0.997    -0.051     0.045
 2    -0.046    -0.010     0.999
 3   131.405    -0.660     4.711
 3     0.179     0.065    -0.982
 3     0.092     0.992     0.082
 3     0.979    -0.105     0.171
 4   113.988    13.601   -12.962
 4     0.472    -0.874     0.112
 4     0.868     0.439    -0.231
 4     0.152     0.206     0.966
 5   113.765    22.577    14.829
 5     0.304    -0.261     0.916
 5     0.190    -0.926    -0.326
 5     0.933     0.273    -0.232
 6   131.164    24.202    41.836
 6     0.258    -0.170    -0.951
 6    -0.118     0.971    -0.205
 6     0.959     0.165     0.230
 7   115.654   -20.352   -10.542
 7     0.768     0.605     0.206
 7    -0.635     0.761     0.132
 7    -0.077    -0.233     0.969
 8   115.376   -26.811    16.505
 8     0.209     0.137     0.968
 8    -0.237    -0.953     0.187
 8     0.948    -0.269    -0.167
 9   131.485   -29.361    44.008
 9     0.243     0.296    -0.924
 9     0.214     0.912     0.348
 9     0.946    -0.283     0.158
 2    96.615   -18.519    59.781
 2    -0.050    -0.999    -0.013
 2     0.997    -0.051     0.045
 2    -0.046    -0.010     0.999
 3   131.366    -0.575     4.825
 3     0.172     0.061    -0.983
 3     0.093     0.992     0.078
 3     0.980    -0.105     0.165
 4   114.075    13.630   -12.944
 4     0.470    -0.877     0.102
 4     0.869     0.439    -0.229
 4     0.156     0.196     0.968
 5   113.772    22.580    14.821
 5     0.302    -0.261     0.916
 5     0.190    -0.926    -0.327
 5     0.934     0.273    -0.231
 6   131.114    24.150    41.861
 6     0.258    -0.172    -0.951
 6    -0.119     0.971    -0.208
 6     0.959     0.166     0.230
 7   115.966   -20.240   -10.627
 7     0.775     0.602     0.191
 7    -0.628     0.767     0.131
 7    -0.068    -0.222     0.973
 8   115.402   -26.815    16.421
 8     0.206     0.144     0.968
 8    -0.239    -0.951     0.193
 8     0.949    -0.271    -0.161
 9   131.441   -29.307    44.127
 9     0.239     0.295    -0.925
 9     0.214     0.913     0.346
 9     0.947    -0.281     0.155
 2    96.590   -18.519    59.781
 2    -0.050    -0.999    -0.013
 2     0.997    -0.051     0.045
 2    -0.046    -0.010     0.999
 3   131.355    -0.503     4.961
 3     0.158     0.056    -0.986
 3     0.096     0.992     0.072
 3     0.983    -0.106     0.151
 4   114.235    13.556   -12.944
 4     0.468    -0.879     0.087
 4     0.869     0.441    -0.224
 4     0.158     0.181     0.971
 5   113.697    22.681    14.724
 5     0.300    -0.264     0.917
 5     0.191    -0.925    -0.329
 5     0.934     0.274    -0.227
 6   131.052    24.145    41.793
 6     0.259    -0.176    -0.950
 6    -0.122     0.969    -0.213
 6     0.958     0.171     0.230
 7   116.325   -20.051   -10.685
 7     0.783     0.595     0.176
 7    -0.618     0.775     0.129
 7    -0.060    -0.210     0.976
 8   115.594   -26.825    16.272
 8     0.200     0.152     0.968
 8    -0.241    -0.950     0.199
 8     0.949    -0.273    -0.153
 9   131.406   -29.301    44.032
 9     0.232     0.293    -0.927
 9     0.211     0.915     0.342
 9     0.949    -0.276     0.150
 2    96.590   -18.519    59.781
 2    -0.050    -0.999    -0.012
 2     0.997    -0.051     0.045
 2    -0.046    -0.010     0.999
 3   131.354    -0.343     5.066
 3     0.151     0.051    -0.987
 3     0.098     0.993     0.066
 3     0.983    -0.107     0.145
 4   114.189    13.634   -12.948
 4     0.466    -0.881     0.084
 4     0.870     0.439    -0.224
 4     0.160     0.177     0.971
 5   113.646    22.887    14.432
 5     0.272    -0.259     0.926
 5     0.199    -0.927    -0.318
 5     0.941     0.271    -0.201
 6   130.847    24.501    41.788
 6     0.260    -0.189    -0.947
 6    -0.122     0.966    -0.226
 6     0.958     0.174     0.228
 7   116.424   -20.049   -10.687
 7     0.787     0.591     0.175
 7    -0.614     0.779     0.130
 7    -0.060    -0.210     0.976
 8   115.932   -26.889    16.074
 8     0.196     0.168     0.966
 8    -0.248    -0.945     0.214
 8     0.949    -0.281    -0.144
 9   131.692   -29.113    43.846
 9     0.221     0.262    -0.939
 9     0.211     0.927     0.308
 9     0.952    -0.266     0.150
 2    96.589   -18.468    59.781
 2    -0.051    -0.999    -0.013
 2     0.997    -0.051     0.045
 2    -0.046    -0.010     0.999
 3   131.368    -0.339     5.049
 3     0.150     0.052    -0.987
 3     0.098     0.993     0.067
 3     0.984    -0.107     0.144
 4   114.327    13.688   -12.963
 4     0.471    -0.878     0.082
 4     0.866     0.443    -0.230
 4     0.165     0.179     0.969
 5   114.016    23.093    14.159
 5     0.264    -0.284     0.922
 5     0.202    -0.918    -0.340
 5     0.943     0.276    -0.185
 6   131.381    24.371    41.620
 6     0.258    -0.161    -0.953
 6    -0.123     0.972    -0.198
 6     0.958     0.168     0.231
 7   116.494   -19.971   -10.785
 7     0.792     0.584     0.177
 7    -0.607     0.784     0.132
 7    -0.062    -0.212     0.975
 8   116.109   -27.085    15.913
 8     0.189     0.181     0.965
 8    -0.255    -0.940     0.226
 8     0.948    -0.289    -0.131
 9   132.351   -28.926    43.616
 9     0.211     0.196    -0.958
 9     0.204     0.949     0.240
 9     0.956    -0.246     0.160
 2    96.589   -18.519    59.781
 2    -0.051    -0.999    -0.013
 2     0.998    -0.051     0.045
 2    -0.046    -0.010     0.999
 3   131.493    -0.313     4.949
 3     0.149     0.053    -0.987
 3     0.098     0.993     0.068
 3     0.984    -0.107     0.143
 4   114.528    13.871   -12.997
 4     0.483    -0.871     0.083
 4     0.857     0.452    -0.245
 4     0.176     0.190     0.966
 5   114.671    23.626    13.999
 5     0.251    -0.336     0.907
 5     0.205    -0.898    -0.389
 5     0.946     0.284    -0.157
 6   132.652    24.441    41.192
 6     0.263    -0.077    -0.962
 6    -0.105     0.989    -0.107
 6     0.959     0.128     0.251
 7   116.669   -19.829   -10.895
 7     0.800     0.573     0.173
 7    -0.597     0.788     0.150
 7    -0.051    -0.223     0.973
 8   116.426   -27.229    15.708
 8     0.188     0.213     0.958
 8    -0.264    -0.929     0.258
 8     0.946    -0.302    -0.119
 9   133.322   -28.851    42.884
 9     0.208     0.084    -0.974
 9     0.185     0.974     0.123
 9     0.960    -0.207     0.187
 2    96.615   -18.468    59.781
 2    -0.050    -0.999    -0.013
 2     0.997    -0.051     0.045
 2    -0.046    -0.010     0.999
 3   131.545    -0.262     4.925
 3     0.150     0.059    -0.987
 3     0.099     0.992     0.074
 3     0.984    -0.109     0.143
 4   114.644    13.922   -12.916
 4     0.497    -0.863     0.087
 4     0.848     0.462    -0.258
 4     0.182     0.202     0.962
 5   115.613    23.741    14.112
 5     0.286    -0.327     0.900
 5     0.220    -0.892    -0.394
 5     0.932     0.311    -0.183
 6   134.501    25.124    40.065
 6     0.302    -0.058    -0.951
 6    -0.075     0.993    -0.085
 6     0.950     0.096     0.296
 7   116.646   -19.815   -11.024
 7     0.806     0.565     0.174
 7    -0.590     0.789     0.170
 7    -0.041    -0.240     0.970
 8   117.085   -27.669    15.513
 8     0.215     0.235     0.948
 8    -0.285    -0.913     0.291
 8     0.934    -0.332    -0.130
 9   134.747   -29.405    42.108
 9     0.226     0.036    -0.974
 9     0.167     0.983     0.075
 9     0.959    -0.180     0.216
 2    96.590   -18.519    59.781
 2    -0.050    -0.999    -0.013
 2     0.998    -0.051     0.045
 2    -0.046    -0.010     0.999
 3   131.583    -0.319     4.713
 3     0.155     0.066    -0.986
 3     0.100     0.991     0.082
 3     0.983    -0.111     0.147
 4   114.584    13.917   -13.009
 4     0.505    -0.858     0.096
 4     0.844     0.468    -0.260
 4     0.178     0.212     0.961
 5   116.429    23.998    14.147
 5     0.341    -0.269     0.901
 5     0.250    -0.898    -0.362
 5     0.906     0.348    -0.239
 6   136.545    26.881    38.995
 6     0.360    -0.086    -0.929
 6    -0.040     0.993    -0.108
 6     0.932     0.075     0.354
 7   116.541   -19.817   -11.086
 7     0.807     0.560     0.182
 7    -0.588     0.790     0.176
 7    -0.045    -0.250     0.967
 8   117.767   -28.264    15.459
 8     0.256     0.214     0.942
 8    -0.316    -0.903     0.291
 8     0.913    -0.373    -0.164
 9   136.268   -30.284    40.980
 9     0.263     0.027    -0.964
 9     0.146     0.987     0.067
 9     0.953    -0.159     0.256
 2    96.590   -18.519    59.782
 2    -0.050    -0.999    -0.013
 2     0.997    -0.051     0.045
 2    -0.046    -0.011     0.999
 3   131.571    -0.398     4.679
 3     0.158     0.069    -0.985
 3     0.102     0.991     0.085
 3     0.982    -0.114     0.150
 4   114.434    13.780   -13.188
 4     0.510    -0.853     0.107
 4     0.843     0.472    -0.257
 4     0.168     0.221     0.960
 5   117.228    24.128    13.953
 5     0.391    -0.216     0.894
 5     0.277    -0.899    -0.339
 5     0.877     0.380    -0.292
 6   138.358    27.648    37.344
 6     0.413    -0.100    -0.905
 6    -0.023     0.992    -0.120
 6     0.910     0.070     0.407
 7   116.450   -19.770   -11.161
 7     0.812     0.550     0.194
 7    -0.581     0.793     0.182
 7    -0.054    -0.261     0.964
 8   118.814   -28.596    15.323
 8     0.300     0.210     0.930
 8    -0.336    -0.890     0.309
 8     0.893    -0.405    -0.196
 9   138.352   -30.957    39.655
 9     0.299    -0.004    -0.954
 9     0.125     0.991     0.035
 9     0.946    -0.130     0.297
 2    96.590   -18.519    59.781
 2    -0.050    -0.999    -0.013
 2     0.998    -0.051     0.045
 2    -0.046    -0.010     0.999
 3   131.546    -0.404     4.585
 3     0.164     0.071    -0.984
 3     0.106     0.990     0.089
 3     0.980    -0.119     0.155
 4   114.354    13.715   -13.383
 4     0.521    -0.845     0.120
 4     0.839     0.482    -0.252
 4     0.155     0.232     0.960
 5   118.269    24.374    13.775
 5     0.450    -0.175     0.875
 5     0.297    -0.896    -0.332
 5     0.842     0.409    -0.351
 6   140.417    28.533    35.996
 6     0.465    -0.109    -0.879
 6    -0.014     0.991    -0.130
 6     0.885     0.073     0.459
 7   116.287   -19.780   -11.464
 7     0.817     0.535     0.212
 7    -0.572     0.800     0.182
 7    -0.072    -0.271     0.960
 8   120.092   -28.975    14.902
 8     0.357     0.215     0.909
 8    -0.346    -0.873     0.343
 8     0.867    -0.437    -0.238
 9   140.626   -30.943    38.167
 9     0.337    -0.055    -0.940
 9     0.114     0.993    -0.017
 9     0.934    -0.102     0.341
 2    96.590   -18.519    59.782
 2    -0.050    -0.999    -0.013
 2     0.997    -0.051     0.045
 2    -0.046    -0.011     0.999
 3   131.436    -0.461     4.320
 3     0.173     0.076    -0.982
 3     0.109     0.989     0.096
 3     0.979    -0.124     0.163
 4   114.140    13.592   -13.513
 4     0.542    -0.829     0.136
 4     0.829     0.501    -0.248
 4     0.137     0.248     0.959
 5   119.485    24.486    13.552
 5     0.512    -0.146     0.846
 5     0.305    -0.890    -0.338
 5     0.802     0.432    -0.412
 6   142.879    28.434    33.758
 6     0.527    -0.090    -0.845
 6    -0.018     0.993    -0.117
 6     0.849     0.077     0.521
 7   116.050   -19.568   -11.743
 7     0.827     0.511     0.234
 7    -0.554     0.813     0.177
 7    -0.100    -0.276     0.956
 8   121.689   -29.309    14.168
 8     0.428     0.216     0.877
 8    -0.355    -0.853     0.383
 8     0.831    -0.476    -0.289
 9   143.627   -31.097    35.695
 9     0.396    -0.106    -0.912
 9     0.100     0.992    -0.072
 9     0.913    -0.063     0.403
 2    96.590   -18.519    59.781
 2    -0.050    -0.999    -0.013
 2     0.997    -0.051     0.045
 2    -0.046    -0.010     0.999
 3   131.403    -0.472     4.186
 3     0.183     0.081    -0.980
 3     0.113     0.988     0.103
 3     0.976    -0.130     0.172
 4   113.856    13.488   -13.774
 4     0.561    -0.812     0.160
 4     0.820     0.520    -0.239
 4     0.111     0.265     0.958
 5   120.721    24.710    13.068
 5     0.562    -0.135     0.816
 5     0.307    -0.882    -0.357
 5     0.768     0.451    -0.455
 6   144.927    28.584    32.016
 6     0.570    -0.061    -0.820
 6    -0.012     0.996    -0.082
 6     0.822     0.056     0.567
 7   115.654   -19.412   -12.009
 7     0.832     0.490     0.259
 7    -0.539     0.825     0.168
 7    -0.132    -0.280     0.951
 8   123.119   -29.443    13.672
 8     0.495     0.188     0.848
 8    -0.360    -0.844     0.398
 8     0.790    -0.502    -0.351
 9   146.240   -31.150    33.474
 9     0.457    -0.120    -0.881
 9     0.094     0.992    -0.086
 9     0.884    -0.044     0.465
 2    96.590   -18.519    59.781
 2    -0.050    -0.999    -0.013
 2     0.997    -0.051     0.045
 2    -0.046    -0.010     0.999
 3   131.358    -0.529     3.986
 3     0.193     0.083    -0.978
 3     0.118     0.987     0.108
 3     0.974    -0.137     0.180
 4   113.651    13.274   -14.032
 4     0.581    -0.792     0.186
 4     0.810     0.542    -0.222
 4     0.075     0.280     0.957
 5   121.778    24.772    12.235
 5     0.615    -0.116     0.780
 5     0.312    -0.873    -0.375
 5     0.724     0.474    -0.501
 6   146.866    28.188    29.218
 6     0.620    -0.039    -0.783
 6    -0.012     0.998    -0.059
 6     0.784     0.045     0.618
 7   115.325   -19.261   -12.262
 7     0.835     0.468     0.289
 7    -0.524     0.837     0.158
 7    -0.168    -0.284     0.944
 8   124.626   -29.402    12.993
 8     0.562     0.162     0.811
 8    -0.358    -0.836     0.415
 8     0.746    -0.524    -0.412
 9   148.963   -31.026    30.685
 9     0.522    -0.139    -0.841
 9     0.090     0.990    -0.107
 9     0.848    -0.020     0.529
 2    96.590   -18.519    59.781
 2    -0.050    -0.999    -0.013
 2     0.998    -0.051     0.045
 2    -0.046    -0.010     0.999
 3   131.227    -0.587     3.772
 3     0.203     0.084    -0.976
 3     0.125     0.986     0.111
 3     0.971    -0.145     0.189
 4   113.284    12.955   -14.302
 4     0.596    -0.773     0.216
 4     0.802     0.562    -0.201
 4     0.034     0.294     0.955
 5   122.819    25.007    11.624
 5     0.668    -0.089     0.739
 5     0.319    -0.863    -0.392
 5     0.672     0.498    -0.548
 6   148.826    28.398    27.001
 6     0.668    -0.019    -0.743
 6    -0.016     0.999    -0.040
 6     0.743     0.038     0.667
 7   114.967   -19.209   -12.620
 7     0.840     0.440     0.316
 7    -0.502     0.852     0.148
 7    -0.204    -0.284     0.937
 8   126.051   -29.418    12.138
 8     0.622     0.142     0.770
 8    -0.354    -0.826     0.439
 8     0.698    -0.546    -0.463
 9   151.397   -30.694    27.883
 9     0.579    -0.159    -0.800
 9     0.091     0.987    -0.130
 9     0.810     0.002     0.586
 2    96.590   -18.519    59.781
 2    -0.050    -0.999    -0.013
 2     0.998    -0.051     0.045
 2    -0.046    -0.010     0.999
 3   131.121    -0.593     3.531
 3     0.213     0.080    -0.974
 3     0.133     0.985     0.110
 3     0.968    -0.154     0.199
 4   112.745    12.553   -14.522
 4     0.604    -0.755     0.253
 4     0.796     0.579    -0.174
 4    -0.016     0.307     0.951
 5   123.847    24.938    10.575
 5     0.717    -0.071     0.693
 5     0.319    -0.851    -0.417
 5     0.619     0.520    -0.588
 6   150.524    27.915    23.869
 6     0.720     0.010    -0.694
 6    -0.026     0.999    -0.012
 6     0.693     0.027     0.719
 7   114.661   -19.082   -12.877
 7     0.842     0.417     0.342
 7    -0.484     0.864     0.137
 7    -0.239    -0.282     0.929
 8   127.357   -29.542    11.118
 8     0.673     0.125     0.728
 8    -0.352    -0.812     0.465
 8     0.650    -0.570    -0.503
 9   153.447   -30.356    25.054
 9     0.627    -0.183    -0.757
 9     0.091     0.982    -0.161
 9     0.773     0.032     0.632
 2    96.590   -18.519    59.781
 2    -0.050    -0.999    -0.013
 2     0.997    -0.051     0.045
 2    -0.046    -0.010     0.999
 3   131.080    -0.551     3.272
 3     0.223     0.075    -0.972
 3     0.140     0.984     0.108
 3     0.964    -0.160     0.209
 4   112.361    12.332   -14.727
 4     0.608    -0.738     0.291
 4     0.791     0.593    -0.149
 4    -0.063     0.320     0.945
 5   124.722    25.251     9.699
 5     0.761    -0.042     0.647
 5     0.321    -0.842    -0.432
 5     0.563     0.537    -0.628
 6   152.098    28.094    21.003
 6     0.766     0.028    -0.642
 6    -0.034     0.999     0.004
 6     0.642     0.019     0.766
 7   114.407   -18.804   -13.086
 7     0.840     0.398     0.368
 7    -0.469     0.874     0.124
 7    -0.273    -0.277     0.921
 8   128.216   -29.468    10.126
 8     0.719     0.098     0.688
 8    -0.354    -0.801     0.484
 8     0.599    -0.591    -0.541
 9   154.786   -29.701    22.822
 9     0.662    -0.196    -0.723
 9     0.099     0.979    -0.175
 9     0.743     0.044     0.668
 2    96.590   -18.519    59.781
 2    -0.050    -0.999    -0.013
 2     0.998    -0.051     0.045
 2    -0.046    -0.010     0.999
 3   131.003    -0.505     2.951
 3     0.233     0.067    -0.970
 3     0.149     0.983     0.104
 3     0.961    -0.170     0.219
 4   111.949    11.932   -15.077
 4     0.611    -0.720     0.328
 4     0.783     0.609    -0.122
 4    -0.112     0.331     0.937
 5   125.488    25.368     8.579
 5     0.797    -0.013     0.603
 5     0.325    -0.834    -0.447
 5     0.509     0.552    -0.661
 6   153.412    27.299    17.476
 6     0.812     0.055    -0.581
 6    -0.050     0.998     0.025
 6     0.581     0.008     0.813
 7   114.006   -18.535   -13.420
 7     0.835     0.375     0.401
 7    -0.449     0.887     0.107
 7    -0.316    -0.270     0.909
 8   129.174   -29.676     8.788
 8     0.757     0.085     0.648
 8    -0.355    -0.780     0.516
 8     0.549    -0.620    -0.560
 9   156.345   -29.435    19.774
 9     0.702    -0.218    -0.678
 9     0.102     0.973    -0.207
 9     0.704     0.075     0.705
 2    96.590   -18.519    59.781
 2    -0.050    -0.999    -0.013
 2     0.997    -0.051     0.045
 2    -0.046    -0.010     0.999
 3   130.965    -0.511     2.588
 3     0.243     0.057    -0.968
 3     0.160     0.982     0.098
 3     0.957    -0.179     0.229
 4   111.544    11.766   -15.240
 4     0.605    -0.708     0.364
 4     0.781     0.617    -0.097
 4    -0.156     0.342     0.926
 5   126.082    25.616     7.577
 5     0.826     0.022     0.563
 5     0.332    -0.827    -0.454
 5     0.455     0.562    -0.690
 6   154.333    27.756    14.604
 6     0.850     0.065    -0.523
 6    -0.057     0.998     0.032
 6     0.524     0.002     0.852
 7   113.653   -18.283   -13.681
 7     0.831     0.356     0.427
 7    -0.433     0.896     0.094
 7    -0.349    -0.264     0.899
 8   129.987   -29.623     7.929
 8     0.788     0.062     0.612
 8    -0.352    -0.770     0.532
 8     0.505    -0.635    -0.585
 9   157.562   -29.111    17.431
 9     0.733    -0.226    -0.642
 9     0.104     0.969    -0.222
 9     0.672     0.096     0.734
 2    96.590   -18.519    59.782
 2    -0.050    -0.999    -0.013
 2     0.998    -0.051     0.045
 2    -0.046    -0.011     0.999
 3   130.829    -0.414     2.324
 3     0.250     0.045    -0.967
 3     0.170     0.981     0.089
 3     0.953    -0.188     0.238
 4   110.993    11.371   -15.481
 4     0.601    -0.693     0.398
 4     0.774     0.629    -0.074
 4    -0.199     0.352     0.914
 5   126.485    25.569     6.544
 5     0.848     0.047     0.527
 5     0.335    -0.819    -0.466
 5     0.410     0.572    -0.711
 6   154.819    27.538    12.221
 6     0.876     0.078    -0.476
 6    -0.065     0.997     0.043
 6     0.478    -0.007     0.878
 7   113.283   -18.080   -13.821
 7     0.825     0.338     0.452
 7    -0.418     0.904     0.087
 7    -0.379    -0.261     0.888
 8   130.680   -29.493     6.964
 8     0.817     0.040     0.575
 8    -0.347    -0.763     0.545
 8     0.461    -0.645    -0.610
 9   158.708   -28.693    14.628
 9     0.768    -0.234    -0.597
 9     0.106     0.964    -0.242
 9     0.632     0.122     0.765
 2    96.590   -18.468    59.782
 2    -0.051    -0.999    -0.013
 2     0.998    -0.051     0.045
 2    -0.046    -0.011     0.999
 3   130.794    -0.292     1.905
 3     0.259     0.033    -0.965
 3     0.180     0.980     0.082
 3     0.949    -0.195     0.247
 4   110.650    11.106   -15.732
 4     0.596    -0.679     0.428
 4     0.766     0.640    -0.053
 4    -0.238     0.359     0.902
 5   126.983    25.699     5.386
 5     0.867     0.075     0.491
 5     0.339    -0.812    -0.475
 5     0.363     0.579    -0.730
 6   155.597    27.384     8.768
 6     0.906     0.092    -0.413
 6    -0.074     0.995     0.059
 6     0.416    -0.024     0.909
 7   112.918   -17.978   -13.938
 7     0.818     0.323     0.476
 7    -0.407     0.910     0.081
 7    -0.407    -0.260     0.875
 8   131.359   -29.130     6.037
 8     0.844     0.019     0.536
 8    -0.335    -0.762     0.554
 8     0.419    -0.647    -0.637
 9   159.578   -27.885    12.562
 9     0.793    -0.243    -0.559
 9     0.115     0.960    -0.254
 9     0.598     0.137     0.789
 2    96.590   -18.468    59.782
 2    -0.051    -0.999    -0.013
 2     0.997    -0.051     0.045
 2    -0.046    -0.011     0.999
 3   130.754    -0.301     1.545
 3     0.269     0.024    -0.963
 3     0.189     0.979     0.077
 3     0.944    -0.203     0.258
 4   110.069    10.768   -15.996
 4     0.592    -0.666     0.454
 4     0.759     0.650    -0.036
 4    -0.272     0.366     0.890
 5   127.244    25.603     4.215
 5     0.884     0.100     0.456
 5     0.341    -0.805    -0.485
 5     0.319     0.584    -0.746
 6   155.755    26.488     5.443
 6     0.931     0.117    -0.345
 6    -0.096     0.992     0.077
 6     0.352    -0.039     0.935
 7   112.390   -17.883   -14.162
 7     0.807     0.305     0.506
 7    -0.394     0.916     0.075
 7    -0.441    -0.260     0.859
 8   131.975   -29.053     4.892
 8     0.868    -0.001     0.496
 8    -0.327    -0.754     0.569
 8     0.373    -0.657    -0.655
 9   160.315   -27.291     9.485
 9     0.825    -0.250    -0.507
 9     0.120     0.954    -0.275
 9     0.552     0.166     0.817
 2    96.590   -18.468    59.781
 2    -0.050    -0.999    -0.013
 2     0.997    -0.051     0.045
 2    -0.046    -0.010     0.999
 3   130.688    -0.233     1.105
 3     0.280     0.010    -0.960
 3     0.198     0.977     0.068
 3     0.939    -0.210     0.272
 4   109.573    10.410   -16.275
 4     0.587    -0.652     0.480
 4     0.752     0.659    -0.024
 4    -0.301     0.375     0.877
 5   127.632    25.381     3.194
 5     0.900     0.123     0.418
 5     0.339    -0.802    -0.493
 5     0.275     0.585    -0.763
 6   156.256    25.804     2.751
 6     0.948     0.136    -0.286
 6    -0.115     0.989     0.089
 6     0.295    -0.051     0.954
 7   111.879   -17.767   -14.298
 7     0.791     0.290     0.539
 7    -0.382     0.922     0.065
 7    -0.478    -0.257     0.840
 8   132.405   -29.031     3.614
 8     0.891    -0.031     0.453
 8    -0.322    -0.746     0.583
 8     0.320    -0.665    -0.674
 9   161.066   -27.024     6.624
 9     0.852    -0.251    -0.460
 9     0.124     0.949    -0.289
 9     0.509     0.189     0.840
 2    96.590   -18.519    59.782
 2    -0.051    -0.999    -0.013
 2     0.997    -0.051     0.045
 2    -0.046    -0.011     0.999
 3   130.550    -0.268     0.663
 3     0.292     0.002    -0.956
 3     0.205     0.976     0.065
 3     0.934    -0.215     0.285
 4   109.228    10.077   -16.450
 4     0.582    -0.639     0.503
 4     0.743     0.669    -0.010
 4    -0.330     0.379     0.864
 5   127.812    25.277     2.458
 5     0.908     0.138     0.396
 5     0.338    -0.798    -0.498
 5     0.247     0.586    -0.772
 6   156.172    25.185     0.740
 6     0.958     0.149    -0.244
 6    -0.129     0.987     0.097
 6     0.255    -0.062     0.965
 7   111.349   -17.805   -14.510
 7     0.771     0.280     0.570
 7    -0.376     0.925     0.053
 7    -0.513    -0.255     0.819
 8   132.852   -29.117     2.250
 8     0.910    -0.068     0.408
 8    -0.321    -0.738     0.593
 8     0.261    -0.672    -0.693
 9   161.430   -27.128     2.969
 9     0.884    -0.240    -0.400
 9     0.122     0.946    -0.299
 9     0.450     0.215     0.866
 2    96.590   -18.468    59.781
 2    -0.050    -0.999    -0.013
 2     0.997    -0.051     0.045
 2    -0.046    -0.010     0.999
 3   130.516    -0.328     0.247
 3     0.303    -0.003    -0.953
 3     0.212     0.975     0.064
 3     0.929    -0.222     0.296
 4   108.942     9.645   -16.757
 4     0.576    -0.632     0.518
 4     0.736     0.677     0.007
 4    -0.356     0.377     0.855
 5   127.848    25.193     1.383
 5     0.915     0.160     0.369
 5     0.342    -0.793    -0.504
 5     0.212     0.587    -0.781
 6   156.207    24.694    -2.358
 6     0.970     0.169    -0.173
 6    -0.151     0.982     0.112
 6     0.188    -0.083     0.979
 7   111.028   -17.659   -14.616
 7     0.756     0.272     0.595
 7    -0.367     0.929     0.042
 7    -0.542    -0.250     0.802
 8   133.309   -28.970     0.899
 8     0.926    -0.101     0.364
 8    -0.317    -0.732     0.603
 8     0.205    -0.674    -0.710
 9   161.914   -26.945    -0.304
 9     0.910    -0.231    -0.345
 9     0.121     0.943    -0.310
 9     0.397     0.239     0.886
 2    96.590   -18.468    59.781
 2    -0.050    -0.999    -0.013
 2     0.997    -0.051     0.045
 2    -0.046    -0.010     0.999
 3   130.432    -0.386    -0.120
 3     0.313    -0.008    -0.949
 3     0.220     0.973     0.064
 3     0.924    -0.229     0.307
 4   108.479     9.264   -17.039
 4     0.568    -0.624     0.536
 4     0.729     0.684     0.024
 4    -0.382     0.377     0.844
 5   127.819    25.111     0.403
 5     0.921     0.179     0.345
 5     0.345    -0.786    -0.513
 5     0.180     0.591    -0.786
 6   155.972    23.903    -4.062
 6     0.973     0.184    -0.136
 6    -0.168     0.978     0.124
 6     0.156    -0.099     0.983
 7   110.614   -17.612   -14.858
 7     0.740     0.263     0.618
 7    -0.359     0.932     0.032
 7    -0.568    -0.246     0.785
 8   133.594   -29.003    -0.596
 8     0.937    -0.129     0.323
 8    -0.312    -0.720     0.619
 8     0.153    -0.682    -0.716
 9   161.916   -26.706    -3.352
 9     0.928    -0.225    -0.297
 9     0.122     0.937    -0.326
 9     0.351     0.266     0.897
 2    96.590   -18.468    59.781
 2    -0.050    -0.999    -0.013
 2     0.997    -0.051     0.045
 2    -0.046    -0.010     0.999
 3   130.444    -0.448    -0.456
 3     0.325    -0.013    -0.945
 3     0.226     0.972     0.064
 3     0.918    -0.235     0.319
 4   108.119     8.882   -17.323
 4     0.563    -0.614     0.553
 4     0.718     0.694     0.038
 4    -0.407     0.376     0.832
 5   128.064    25.027    -0.573
 5     0.926     0.196     0.321
 5     0.346    -0.780    -0.522
 5     0.147     0.595    -0.790
 6   155.891    23.566    -6.254
 6     0.977     0.190    -0.093
 6    -0.176     0.974     0.138
 6     0.116    -0.118     0.986
 7   110.205   -17.419   -14.953
 7     0.722     0.250     0.645
 7    -0.344     0.939     0.021
 7    -0.600    -0.237     0.764
 8   134.073   -28.975    -2.683
 8     0.951    -0.164     0.263
 8    -0.300    -0.698     0.650
 8     0.077    -0.697    -0.713
 9   162.246   -25.747    -8.070
 9     0.950    -0.223    -0.216
 9     0.133     0.921    -0.365
 9     0.280     0.318     0.906
 2    96.590   -18.519    59.781
 2    -0.050    -0.999    -0.013
 2     0.997    -0.051     0.045
 2    -0.046    -0.010     0.999
 3   130.355    -0.357    -0.870
 3     0.337    -0.021    -0.941
 3     0.233     0.970     0.061
 3     0.912    -0.240     0.332
 4   107.834     8.602   -17.554
 4     0.559    -0.604     0.569
 4     0.708     0.704     0.051
 4    -0.432     0.374     0.821
 5   128.154    24.866    -1.649
 5     0.931     0.215     0.293
 5     0.346    -0.774    -0.531
 5     0.112     0.595    -0.795
 6   155.648    23.183    -8.287
 6     0.980     0.191    -0.055
 6    -0.182     0.972     0.149
 6     0.082    -0.137     0.987
 7   109.718   -17.278   -15.167
 7     0.701     0.232     0.674
 7    -0.327     0.945     0.014
 7    -0.633    -0.230     0.739
 8   134.419   -28.671    -4.949
 8     0.958    -0.210     0.193
 8    -0.285    -0.686     0.669
 8    -0.008    -0.696    -0.718
 9   161.847   -24.700   -13.080
 9     0.970    -0.209    -0.124
 9     0.146     0.908    -0.392
 9     0.194     0.362     0.912
 2    96.590   -18.519    59.781
 2    -0.050    -0.999    -0.013
 2     0.997    -0.051     0.045
 2    -0.046    -0.010     0.999
 3   130.187    -0.320    -1.356
 3     0.353    -0.029    -0.935
 3     0.238     0.969     0.060
 3     0.905    -0.244     0.349
 4   107.300     8.172   -17.767
 4     0.549    -0.596     0.586
 4     0.701     0.710     0.066
 4    -0.455     0.374     0.808
 5   128.022    24.833    -2.676
 5     0.933     0.236     0.269
 5     0.349    -0.766    -0.540
 5     0.078     0.598    -0.797
 6   155.041    22.722   -11.499
 6     0.980     0.195     0.015
 6    -0.195     0.967     0.164
 6     0.017    -0.164     0.986
 7   109.220   -17.079   -15.330
 7     0.685     0.216     0.695
 7    -0.310     0.951     0.009
 7    -0.659    -0.222     0.718
 8   134.604   -28.442    -6.957
 8     0.958    -0.254     0.130
 8    -0.272    -0.674     0.687
 8    -0.086    -0.694    -0.715
 9   161.143   -23.885   -18.166
 9     0.982    -0.186    -0.031
 9     0.156     0.894    -0.418
 9     0.105     0.406     0.907
 2    96.590   -18.519    59.781
 2    -0.050    -0.999    -0.012
 2     0.997    -0.051     0.045
 2    -0.046    -0.010     0.999
 3   130.113    -0.303    -1.559
 3     0.361    -0.034    -0.932
 3     0.239     0.969     0.058
 3     0.901    -0.244     0.358
 4   106.995     8.059   -17.814
 4     0.543    -0.592     0.595
 4     0.698     0.712     0.071
 4    -0.466     0.377     0.800
 5   127.960    24.732    -3.325
 5     0.936     0.250     0.246
 5     0.347    -0.766    -0.541
 5     0.053     0.592    -0.804
 6   154.583    22.366   -12.765
 6     0.979     0.199     0.044
 6    -0.204     0.965     0.161
 6    -0.011    -0.167     0.986
 7   108.883   -16.926   -15.484
 7     0.670     0.207     0.713
 7    -0.297     0.955     0.001
 7    -0.680    -0.213     0.701
 8   134.463   -28.260    -8.773
 8     0.953    -0.292     0.083
 8    -0.264    -0.658     0.705
 8    -0.151    -0.694    -0.704
 9   160.084   -22.876   -22.062
 9     0.985    -0.168     0.045
 9     0.170     0.880    -0.444
 9     0.035     0.445     0.895
 2    96.590   -18.519    59.781
 2    -0.050    -0.999    -0.013
 2     0.997    -0.051     0.045
 2    -0.046    -0.010     0.999
 3   130.059    -0.161    -1.882
 3     0.371    -0.037    -0.928
 3     0.240     0.969     0.057
 3     0.896    -0.245     0.369
 4   106.662     7.971   -18.007
 4     0.536    -0.591     0.602
 4     0.696     0.714     0.081
 4    -0.478     0.376     0.794
 5   127.873    24.714    -3.865
 5     0.938     0.255     0.232
 5     0.343    -0.763    -0.547
 5     0.037     0.593    -0.804
 6   154.228    21.777   -14.272
 6     0.973     0.214     0.080
 6    -0.225     0.960     0.167
 6    -0.041    -0.181     0.983
 7   108.612   -16.716   -15.607
 7     0.659     0.200     0.724
 7    -0.287     0.958    -0.004
 7    -0.695    -0.206     0.689
 8   134.536   -27.938   -10.186
 8     0.946    -0.319     0.047
 8    -0.254    -0.648     0.717
 8    -0.198    -0.691    -0.695
 9   159.591   -21.880   -25.110
 9     0.983    -0.151     0.102
 9     0.181     0.868    -0.463
 9    -0.019     0.473     0.880
 2    96.614   -18.468    59.781
 2    -0.051    -0.999    -0.013
 2     0.998    -0.051     0.045
 2    -0.046    -0.010     0.999
 3   129.997    -0.038    -1.997
 3     0.377    -0.040    -0.925
 3     0.241     0.968     0.057
 3     0.894    -0.245     0.375
 4   106.602     7.992   -18.047
 4     0.534    -0.590     0.606
 4     0.694     0.714     0.083
 4    -0.482     0.376     0.791
 5   127.874    24.771    -4.398
 5     0.939     0.267     0.216
 5     0.344    -0.761    -0.550
 5     0.017     0.591    -0.806
 6   153.956    21.653   -15.267
 6     0.970     0.217     0.106
 6    -0.233     0.957     0.171
 6    -0.065    -0.191     0.979
 7   108.624   -16.546   -15.707
 7     0.656     0.185     0.732
 7    -0.270     0.963    -0.002
 7    -0.705    -0.196     0.681
 8   134.453   -27.737   -11.249
 8     0.940    -0.340     0.023
 8    -0.247    -0.635     0.731
 8    -0.234    -0.693    -0.682
 9   158.759   -21.126   -27.333
 9     0.980    -0.136     0.144
 9     0.189     0.856    -0.482
 9    -0.058     0.499     0.864
 2    96.590   -18.468    59.781
 2    -0.050    -0.999    -0.013
 2     0.997    -0.051     0.045
 2    -0.046    -0.010     0.999
 3   129.936    -0.042    -2.138
 3     0.381    -0.042    -0.924
 3     0.242     0.968     0.056
 3     0.892    -0.245     0.379
 4   106.405     7.908   -18.150
 4     0.530    -0.589     0.611
 4     0.692     0.716     0.089
 4    -0.490     0.375     0.786
 5   127.773    24.750    -5.004
 5     0.939     0.280     0.199
 5     0.344    -0.757    -0.555
 5    -0.004     0.590    -0.807
 6   153.563    21.403   -16.415
 6     0.966     0.221     0.134
 6    -0.243     0.953     0.178
 6    -0.088    -0.204     0.975
 7   108.541   -16.558   -15.818
 7     0.647     0.173     0.742
 7    -0.261     0.965     0.002
 7    -0.716    -0.194     0.670
 8   134.423   -27.586   -12.304
 8     0.932    -0.363    -0.007
 8    -0.241    -0.633     0.736
 8    -0.272    -0.684    -0.677
 9   158.229   -20.880   -29.422
 9     0.975    -0.119     0.184
 9     0.196     0.849    -0.490
 9    -0.098     0.514     0.852
 2    96.590   -18.519    59.781
 2    -0.050    -0.999    -0.013
 2     0.997    -0.051     0.045
 2    -0.046    -0.010     0.999
 3   129.868     0.029    -2.322
 3     0.386    -0.046    -0.921
 3     0.244     0.968     0.054
 3     0.889    -0.246     0.385
 4   106.210     7.772   -18.177
 4     0.525    -0.587     0.616
 4     0.689     0.718     0.095
 4    -0.498     0.374     0.782
 5   127.744    24.688    -5.379
 5     0.939     0.286     0.192
 5     0.344    -0.755    -0.558
 5    -0.016     0.590    -0.807
 6   153.196    21.179   -17.414
 6     0.961     0.224     0.159
 6    -0.252     0.950     0.183
 6    -0.110    -0.216     0.970
 7   108.288   -16.583   -15.948
 7     0.629     0.168     0.758
 7    -0.253     0.967    -0.005
 7    -0.734    -0.189     0.652
 8   134.151   -27.775   -13.640
 8     0.917    -0.398    -0.033
 8    -0.242    -0.619     0.747
 8    -0.317    -0.677    -0.664
 9   156.898   -20.697   -32.228
 9     0.969    -0.089     0.229
 9     0.196     0.839    -0.507
 9    -0.147     0.537     0.831
 2    96.594   -18.517    59.775
 2    -0.050    -0.999    -0.010
 2     0.998    -0.051     0.044
 2    -0.044    -0.008     0.999
 3   129.832    -0.103    -2.489
 3     0.392    -0.048    -0.919
 3     0.242     0.969     0.053
 3     0.887    -0.244     0.391
 4   106.067     7.486   -18.232
 4     0.523    -0.585     0.620
 4     0.687     0.719     0.099
 4    -0.505     0.374     0.778
 5   127.731    24.605    -5.565
 5     0.939     0.288     0.187
 5     0.343    -0.752    -0.563
 5    -0.022     0.592    -0.805
 6   153.062    20.765   -17.797
 6     0.958     0.229     0.169
 6    -0.259     0.947     0.187
 6    -0.117    -0.223     0.968
 7   108.022   -16.656   -16.092
 7     0.614     0.169     0.770
 7    -0.250     0.968    -0.014
 7    -0.748    -0.184     0.637
 8   133.548   -28.028   -15.235
 8     0.894    -0.444    -0.064
 8    -0.244    -0.600     0.761
 8    -0.376    -0.665    -0.645
 9   155.190   -20.734   -35.851
 9     0.956    -0.043     0.288
 9     0.197     0.826    -0.529
 9    -0.215     0.562     0.798
 2    96.593   -18.516    59.821
 2    -0.051    -0.999    -0.005
 2     0.998    -0.051     0.043
 2    -0.043    -0.003     0.999
 3   129.821    -0.184    -2.655
 3     0.397    -0.048    -0.916
 3     0.242     0.969     0.054
 3     0.885    -0.244     0.397
 4   105.869     7.298   -18.332
 4     0.519    -0.583     0.625
 4     0.683     0.723     0.106
 4    -0.514     0.372     0.773
 5   127.713    24.495    -5.922
 5     0.939     0.292     0.181
 5     0.343    -0.749    -0.567
 5    -0.030     0.595    -0.803
 6   152.872    20.477   -18.377
 6     0.956     0.231     0.180
 6    -0.265     0.945     0.192
 6    -0.126    -0.232     0.965
 7   107.815   -16.622   -16.075
 7     0.603     0.173     0.778
 7    -0.247     0.969    -0.024
 7    -0.758    -0.178     0.627
 8   132.890   -28.233   -16.872
 8     0.866    -0.491    -0.096
 8    -0.244    -0.582     0.776
 8    -0.436    -0.649    -0.624
 9   153.018   -20.218   -39.260
 9     0.936     0.001     0.352
 9     0.205     0.812    -0.547
 9    -0.287     0.584     0.759
 2    96.593   -18.516    59.770
 2    -0.051    -0.999    -0.005
 2     0.998    -0.052     0.042
 2    -0.043    -0.002     0.999
 3   129.755    -0.187    -2.864
 3     0.402    -0.050    -0.914
 3     0.246     0.967     0.055
 3     0.882    -0.247     0.401
 4   105.663     7.107   -18.447
 4     0.514    -0.579     0.632
 4     0.677     0.726     0.113
 4    -0.526     0.370     0.766
 5   127.603    24.391    -6.765
 5     0.938     0.306     0.163
 5     0.342    -0.740    -0.579
 5    -0.056     0.599    -0.799
 6   152.340    19.914   -19.983
 6     0.947     0.235     0.216
 6    -0.279     0.939     0.199
 6    -0.157    -0.249     0.956
 7   107.682   -16.609   -16.016
 7     0.594     0.172     0.785
 7    -0.240     0.970    -0.031
 7    -0.767    -0.170     0.618
 8   132.308   -28.107   -18.373
 8     0.834    -0.534    -0.137
 8    -0.238    -0.574     0.783
 8    -0.497    -0.621    -0.606
 9   150.979   -19.752   -42.388
 9     0.910     0.045     0.411
 9     0.210     0.805    -0.555
 9    -0.356     0.591     0.723
 2    96.593   -18.516    59.770
 2    -0.051    -0.999    -0.005
 2     0.998    -0.052     0.042
 2    -0.043    -0.002     0.999
 3   129.700    -0.162    -2.908
 3     0.403    -0.051    -0.914
 3     0.249     0.967     0.055
 3     0.881    -0.250     0.402
 4   105.655     7.104   -18.463
 4     0.512    -0.579     0.634
 4     0.676     0.727     0.117
 4    -0.529     0.369     0.764
 5   127.551    24.431    -7.116
 5     0.937     0.311     0.155
 5     0.342    -0.737    -0.583
 5    -0.067     0.599    -0.797
 6   152.086    19.772   -20.571
 6     0.942     0.240     0.234
 6    -0.288     0.937     0.197
 6    -0.172    -0.253     0.952
 7   107.691   -16.516   -15.940
 7     0.590     0.161     0.791
 7    -0.223     0.974    -0.032
 7    -0.776    -0.157     0.611
 8   131.928   -27.288   -19.712
 8     0.805    -0.561    -0.194
