% Calibrated with leiden_pols
% Positions are in centimeters
Data =[
 2    96.686   -18.531    59.787
 2     0.001    -1.000    -0.013
 2     0.999     0.000     0.047
 2    -0.047    -0.014     0.999
 3   131.340    -1.076     3.704
 3     0.250     0.172    -0.953
 3     0.110     0.972     0.205
 3     0.962    -0.156     0.224
 4   116.122    14.751   -13.198
 4     0.720    -0.682     0.127
 4     0.663     0.623    -0.415
 4     0.204     0.383     0.901
 5   122.482    20.972    16.110
 5     0.562    -0.611     0.558
 5    -0.170    -0.745    -0.645
 5     0.809     0.267    -0.523
 6   136.082    -4.994    18.685
 6     0.162     0.446    -0.880
 6    -0.970    -0.092    -0.225
 6    -0.181     0.890     0.418
 7   118.184   -21.224   -10.637
 7     0.896     0.394     0.201
 7    -0.439     0.853     0.281
 7    -0.061    -0.341     0.938
 8   126.409   -25.730    18.009
 8     0.525     0.568     0.633
 8     0.065    -0.769     0.636
 8     0.849    -0.293    -0.440
 9   138.108    -0.284    28.429
 9     0.029    -0.324    -0.945
 9     0.999     0.033     0.019
 9     0.025    -0.945     0.325
 2    96.684   -18.531    59.790
 2     0.001    -1.000    -0.014
 2     0.999     0.000     0.047
 2    -0.048    -0.014     0.999
 3   131.291    -1.075     3.781
 3     0.249     0.173    -0.953
 3     0.110     0.972     0.206
 3     0.962    -0.156     0.223
 4   116.072    14.801   -13.249
 4     0.720    -0.682     0.126
 4     0.663     0.623    -0.415
 4     0.204     0.383     0.901
 5   122.483    20.920    16.110
 5     0.562    -0.611     0.557
 5    -0.171    -0.745    -0.645
 5     0.809     0.267    -0.523
 6   136.031    -5.046    18.686
 6     0.160     0.445    -0.881
 6    -0.970    -0.093    -0.224
 6    -0.181     0.890     0.417
 7   118.186   -21.223   -10.589
 7     0.896     0.395     0.200
 7    -0.439     0.853     0.282
 7    -0.060    -0.341     0.938
 8   126.361   -25.730    18.009
 8     0.524     0.568     0.635
 8     0.065    -0.770     0.635
 8     0.849    -0.291    -0.441
 9   138.058    -0.285    28.479
 9     0.031    -0.325    -0.945
 9     0.999     0.033     0.021
 9     0.025    -0.945     0.326
 2    96.684   -18.531    59.790
 2     0.001    -1.000    -0.014
 2     0.999     0.000     0.047
 2    -0.048    -0.014     0.999
 3   131.292    -1.127     3.781
 3     0.249     0.175    -0.952
 3     0.109     0.972     0.207
 3     0.962    -0.156     0.223
 4   116.127    14.752   -13.204
 4     0.720    -0.682     0.125
 4     0.662     0.623    -0.416
 4     0.206     0.382     0.901
 5   122.512    20.922    16.155
 5     0.561    -0.611     0.558
 5    -0.172    -0.746    -0.644
 5     0.810     0.265    -0.524
 6   136.028    -5.046    18.738
 6     0.162     0.444    -0.881
 6    -0.970    -0.093    -0.226
 6    -0.182     0.891     0.416
 7   118.139   -21.222   -10.591
 7     0.896     0.396     0.200
 7    -0.440     0.852     0.282
 7    -0.059    -0.341     0.938
 8   126.311   -25.730    18.009
 8     0.524     0.567     0.635
 8     0.065    -0.771     0.634
 8     0.849    -0.291    -0.441
 9   137.957    -0.235    28.508
 9     0.032    -0.324    -0.945
 9     0.999     0.033     0.022
 9     0.024    -0.945     0.325
 2    96.634   -18.532    59.739
 2     0.001    -1.000    -0.014
 2     0.999     0.000     0.047
 2    -0.048    -0.014     0.999
 3   131.267    -1.075     3.781
 3     0.249     0.175    -0.952
 3     0.110     0.972     0.207
 3     0.962    -0.157     0.223
 4   116.240    14.807   -13.166
 4     0.719    -0.684     0.119
 4     0.661     0.623    -0.417
 4     0.211     0.378     0.901
 5   122.268    20.747    16.160
 5     0.557    -0.607     0.567
 5    -0.175    -0.753    -0.634
 5     0.812     0.254    -0.526
 6   136.016    -4.997    18.672
 6     0.168     0.444    -0.880
 6    -0.968    -0.095    -0.233
 6    -0.187     0.891     0.414
 7   118.186   -21.223   -10.588
 7     0.896     0.396     0.201
 7    -0.441     0.853     0.281
 7    -0.060    -0.340     0.938
 8   126.263   -25.731    17.984
 8     0.524     0.565     0.637
 8     0.063    -0.772     0.632
 8     0.849    -0.291    -0.441
 9   138.010    -0.235    28.505
 9     0.035    -0.324    -0.945
 9     0.999     0.035     0.024
 9     0.025    -0.945     0.325
 2    96.634   -18.481    59.790
 2     0.001    -1.000    -0.014
 2     0.999     0.000     0.048
 2    -0.048    -0.014     0.999
 3   131.267    -1.076     3.781
 3     0.249     0.176    -0.952
 3     0.109     0.972     0.208
 3     0.962    -0.156     0.223
 4   116.244    14.860   -13.223
 4     0.719    -0.685     0.118
 4     0.661     0.622    -0.418
 4     0.213     0.379     0.900
 5   122.268    20.747    16.210
 5     0.557    -0.607     0.567
 5    -0.177    -0.753    -0.633
 5     0.812     0.252    -0.527
 6   135.964    -5.049    18.700
 6     0.168     0.444    -0.880
 6    -0.968    -0.096    -0.233
 6    -0.188     0.891     0.413
 7   118.132   -21.226   -10.633
 7     0.895     0.397     0.202
 7    -0.442     0.853     0.279
 7    -0.062    -0.339     0.939
 8   126.243   -25.653    17.978
 8     0.523     0.563     0.640
 8     0.064    -0.774     0.629
 8     0.850    -0.289    -0.441
 9   138.063    -0.235    28.556
 9     0.041    -0.322    -0.946
 9     0.999     0.037     0.031
 9     0.025    -0.946     0.323
 2    96.634   -18.481    59.739
 2     0.001    -1.000    -0.014
 2     0.999     0.000     0.047
 2    -0.048    -0.014     0.999
 3   131.267    -1.077     3.781
 3     0.250     0.178    -0.952
 3     0.109     0.971     0.210
 3     0.962    -0.156     0.223
 4   116.196    14.886   -13.175
 4     0.719    -0.685     0.118
 4     0.661     0.622    -0.420
 4     0.214     0.380     0.900
 5   122.138    20.669    16.263
 5     0.557    -0.605     0.569
 5    -0.179    -0.756    -0.629
 5     0.811     0.249    -0.529
 6   136.056    -4.873    18.579
 6     0.171     0.443    -0.880
 6    -0.966    -0.098    -0.237
 6    -0.191     0.891     0.412
 7   118.047   -21.054   -10.673
 7     0.893     0.401     0.204
 7    -0.445     0.853     0.272
 7    -0.066    -0.334     0.940
 8   125.207   -25.370    17.938
 8     0.514     0.508     0.691
 8     0.041    -0.819     0.572
 8     0.857    -0.265    -0.442
 9   138.688    -1.008    28.558
 9     0.129    -0.300    -0.945
 9     0.991     0.064     0.115
 9     0.026    -0.952     0.306
 2    96.636   -18.531    59.736
 2     0.001    -1.000    -0.014
 2     0.999     0.001     0.047
 2    -0.047    -0.014     0.999
 3   131.168    -1.030     3.831
 3     0.250     0.182    -0.951
 3     0.105     0.971     0.213
 3     0.962    -0.154     0.224
 4   116.263    15.071   -13.175
 4     0.715    -0.689     0.115
 4     0.662     0.616    -0.426
 4     0.222     0.381     0.897
 5   121.480    20.179    16.584
 5     0.542    -0.575     0.613
 5    -0.190    -0.794    -0.577
 5     0.818     0.196    -0.540
 6   136.902    -3.901    17.927
 6     0.247     0.430    -0.868
 6    -0.936    -0.124    -0.328
 6    -0.249     0.894     0.372
 7   117.726   -20.916   -10.822
 7     0.886     0.412     0.213
 7    -0.458     0.851     0.257
 7    -0.075    -0.325     0.943
 8   124.513   -24.983    17.895
 8     0.502     0.469     0.726
 8     0.029    -0.849     0.528
 8     0.864    -0.244    -0.440
 9   139.118    -1.428    28.208
 9     0.182    -0.323    -0.929
 9     0.983     0.081     0.164
 9     0.022    -0.943     0.332
 2    96.634   -18.532    59.739
 2     0.001    -1.000    -0.014
 2     0.999     0.000     0.047
 2    -0.048    -0.014     0.999
 3   131.093    -1.037     3.828
 3     0.253     0.186    -0.949
 3     0.099     0.971     0.217
 3     0.962    -0.149     0.227
 4   116.222    15.228   -13.089
 4     0.713    -0.692     0.115
 4     0.663     0.612    -0.431
 4     0.227     0.384     0.895
 5   121.221    19.925    16.823
 5     0.541    -0.562     0.626
 5    -0.198    -0.808    -0.554
 5     0.817     0.176    -0.549
 6   137.328    -3.078    17.313
 6     0.297     0.453    -0.840
 6    -0.909    -0.134    -0.394
 6    -0.291     0.881     0.372
 7   117.622   -20.743   -10.994
 7     0.883     0.417     0.214
 7    -0.463     0.849     0.252
 7    -0.077    -0.322     0.943
 8   123.505   -24.384    17.672
 8     0.484     0.401     0.778
 8     0.015    -0.893     0.451
 8     0.875    -0.207    -0.438
 9   140.189    -2.608    27.643
 9     0.293    -0.298    -0.909
 9     0.956     0.083     0.281
 9    -0.009    -0.951     0.309
 2    96.634   -18.532    59.790
 2     0.001    -1.000    -0.014
 2     0.999     0.000     0.047
 2    -0.048    -0.014     0.999
 3   131.045    -1.015     3.828
 3     0.254     0.194    -0.948
 3     0.095     0.970     0.224
 3     0.962    -0.147     0.227
 4   116.138    15.418   -13.043
 4     0.703    -0.702     0.118
 4     0.671     0.598    -0.438
 4     0.236     0.386     0.891
 5   120.344    19.644    16.826
 5     0.543    -0.513     0.665
 5    -0.185    -0.845    -0.502
 5     0.819     0.150    -0.553
 6   138.633    -0.732    16.855
 6     0.408     0.470    -0.783
 6    -0.846    -0.127    -0.518
 6    -0.342     0.874     0.346
 7   117.515   -20.540   -11.141
 7     0.876     0.433     0.209
 7    -0.476     0.844     0.248
 7    -0.069    -0.317     0.946
 8   122.367   -23.260    17.839
 8     0.453     0.307     0.836
 8     0.008    -0.940     0.340
 8     0.891    -0.147    -0.429
 9   141.946    -4.662    27.331
 9     0.441    -0.243    -0.864
 9     0.896     0.063     0.440
 9    -0.052    -0.968     0.246
 2    96.634   -18.532    59.790
 2     0.001    -1.000    -0.014
 2     0.999     0.000     0.048
 2    -0.048    -0.014     0.999
 3   130.930    -1.015     3.867
 3     0.253     0.199    -0.947
 3     0.093     0.969     0.229
 3     0.963    -0.146     0.227
 4   115.900    15.635   -13.073
 4     0.684    -0.719     0.123
 4     0.687     0.578    -0.440
 4     0.245     0.385     0.890
 5   119.722    19.218    16.900
 5     0.546    -0.457     0.702
 5    -0.163    -0.880    -0.445
 5     0.822     0.128    -0.555
 6   139.692     2.132    16.142
 6     0.523     0.488    -0.699
 6    -0.760    -0.106    -0.642
 6    -0.387     0.866     0.315
 7   117.485   -20.485   -11.267
 7     0.873     0.444     0.202
 7    -0.484     0.839     0.248
 7    -0.060    -0.315     0.947
 8   121.847   -22.622    17.569
 8     0.430     0.234     0.872
 8     0.008    -0.967     0.256
 8     0.903    -0.103    -0.418
 9   143.149    -6.857    27.256
 9     0.563    -0.201    -0.802
 9     0.822     0.042     0.567
 9    -0.080    -0.979     0.189
 2    96.634   -18.532    59.790
 2     0.001    -1.000    -0.014
 2     0.999     0.000     0.047
 2    -0.048    -0.014     0.999
 3   130.882    -0.914     3.919
 3     0.252     0.203    -0.946
 3     0.092     0.968     0.232
 3     0.963    -0.146     0.225
 4   115.861    15.699   -13.094
 4     0.667    -0.735     0.124
 4     0.701     0.562    -0.438
 4     0.252     0.379     0.890
 5   118.871    18.988    16.867
 5     0.543    -0.376     0.750
 5    -0.127    -0.920    -0.370
 5     0.830     0.106    -0.547
 6   140.504     4.763    16.172
 6     0.613     0.500    -0.611
 6    -0.681    -0.059    -0.730
 6    -0.401     0.864     0.304
 7   117.524   -20.372   -11.344
 7     0.868     0.458     0.188
 7    -0.493     0.833     0.251
 7    -0.042    -0.311     0.949
 8   121.489   -22.250    17.640
 8     0.414     0.181     0.892
 8     0.005    -0.980     0.196
 8     0.910    -0.077    -0.407
 9   144.279    -8.966    27.285
 9     0.656    -0.169    -0.735
 9     0.748     0.016     0.663
 9    -0.100    -0.985     0.137
 2    96.634   -18.481    59.790
 2     0.001    -1.000    -0.014
 2     0.999     0.000     0.048
 2    -0.048    -0.014     0.999
 3   130.881    -0.839     3.817
 3     0.254     0.203    -0.946
 3     0.092     0.968     0.232
 3     0.963    -0.146     0.227
 4   115.770    15.836   -13.113
 4     0.652    -0.747     0.125
 4     0.712     0.548    -0.438
 4     0.258     0.375     0.890
 5   118.165    18.839    16.815
 5     0.531    -0.302     0.792
 5    -0.093    -0.950    -0.299
 5     0.842     0.086    -0.532
 6   140.865     7.936    16.258
 6     0.702     0.500    -0.507
 6    -0.582    -0.008    -0.813
 6    -0.411     0.866     0.286
 7   117.393   -20.233   -11.371
 7     0.865     0.468     0.175
 7    -0.500     0.826     0.260
 7    -0.023    -0.313     0.949
 8   121.019   -22.122    17.684
 8     0.413     0.125     0.902
 8    -0.007    -0.990     0.140
 8     0.911    -0.064    -0.408
 9   144.875   -11.689    27.119
 9     0.742    -0.156    -0.652
 9     0.659    -0.009     0.752
 9    -0.123    -0.988     0.096
 2    96.634   -18.532    59.790
 2     0.001    -1.000    -0.014
 2     0.999     0.000     0.047
 2    -0.048    -0.014     0.999
 3   130.872    -0.792     3.879
 3     0.257     0.203    -0.945
 3     0.092     0.968     0.234
 3     0.962    -0.147     0.230
 4   115.648    15.896   -13.153
 4     0.638    -0.759     0.133
 4     0.724     0.532    -0.439
 4     0.262     0.376     0.889
 5   118.040    18.515    16.593
 5     0.531    -0.237     0.813
 5    -0.071    -0.969    -0.236
 5     0.844     0.068    -0.531
 6   141.357    11.202    15.992
 6     0.774     0.507    -0.379
 6    -0.466     0.051    -0.883
 6    -0.429     0.860     0.275
 7   117.295   -20.227   -11.344
 7     0.861     0.477     0.173
 7    -0.508     0.818     0.269
 7    -0.013    -0.320     0.947
 8   120.763   -21.980    17.675
 8     0.421     0.073     0.904
 8    -0.022    -0.995     0.091
 8     0.906    -0.058    -0.418
 9   145.609   -14.222    26.437
 9     0.812    -0.169    -0.559
 9     0.561    -0.038     0.827
 9    -0.161    -0.985     0.064
 2    96.634   -18.481    59.790
 2     0.001    -1.000    -0.014
 2     0.999    -0.000     0.048
 2    -0.048    -0.014     0.999
 3   130.903    -0.697     3.798
 3     0.263     0.203    -0.943
 3     0.092     0.968     0.234
 3     0.960    -0.148     0.236
 4   115.553    16.002   -13.247
 4     0.617    -0.773     0.147
 4     0.743     0.511    -0.432
 4     0.258     0.376     0.890
 5   117.657    18.332    16.526
 5     0.525    -0.157     0.836
 5    -0.037    -0.986    -0.162
 5     0.850     0.054    -0.524
 6   141.344    14.622    16.039
 6     0.826     0.501    -0.257
 6    -0.354     0.108    -0.929
 6    -0.438     0.859     0.266
 7   117.256   -20.174   -11.404
 7     0.859     0.481     0.173
 7    -0.512     0.814     0.275
 7    -0.009    -0.325     0.946
 8   120.592   -21.813    17.644
 8     0.425     0.028     0.905
 8    -0.040    -0.998     0.049
 8     0.904    -0.057    -0.423
 9   145.780   -17.541    25.791
 9     0.872    -0.189    -0.451
 9     0.449    -0.055     0.892
 9    -0.193    -0.980     0.036
 2    96.634   -18.481    59.790
 2     0.001    -1.000    -0.014
 2     0.999    -0.000     0.048
 2    -0.048    -0.014     0.999
 3   130.895    -0.700     3.784
 3     0.266     0.200    -0.943
 3     0.092     0.968     0.232
 3     0.959    -0.149     0.239
 4   115.386    15.956   -13.312
 4     0.595    -0.788     0.157
 4     0.762     0.491    -0.421
 4     0.254     0.370     0.893
 5   117.223    18.044    16.189
 5     0.519    -0.082     0.851
 5    -0.004    -0.995    -0.093
 5     0.855     0.045    -0.517
 6   140.960    17.588    15.998
 6     0.864     0.485    -0.135
 6    -0.249     0.178    -0.952
 6    -0.438     0.856     0.274
 7   117.217   -20.173   -11.540
 7     0.855     0.488     0.174
 7    -0.518     0.809     0.277
 7    -0.005    -0.327     0.945
 8   120.441   -21.768    17.542
 8     0.429    -0.010     0.903
 8    -0.051    -0.999     0.013
 8     0.901    -0.052    -0.429
 9   146.046   -20.353    25.134
 9     0.915    -0.213    -0.343
 9     0.333    -0.080     0.939
 9    -0.228    -0.974    -0.002
 2    96.634   -18.481    59.790
 2     0.001    -1.000    -0.014
 2     0.999     0.000     0.048
 2    -0.048    -0.014     0.999
 3   130.918    -0.674     3.783
 3     0.267     0.198    -0.943
 3     0.093     0.969     0.230
 3     0.959    -0.149     0.240
 4   115.365    16.069   -13.425
 4     0.573    -0.804     0.158
 4     0.777     0.473    -0.414
 4     0.258     0.360     0.896
 5   117.019    17.778    16.179
 5     0.508    -0.017     0.861
 5     0.020    -0.999    -0.032
 5     0.861     0.033    -0.508
 6   140.298    20.222    16.250
 6     0.887     0.459    -0.032
 6    -0.148     0.219    -0.964
 6    -0.436     0.860     0.262
 7   117.185   -20.119   -11.557
 7     0.852     0.495     0.171
 7    -0.524     0.804     0.282
 7     0.002    -0.330     0.944
 8   120.247   -21.748    17.559
 8     0.433    -0.051     0.900
 8    -0.064    -0.998    -0.026
 8     0.899    -0.046    -0.435
 9   145.756   -23.114    24.321
 9     0.938    -0.246    -0.243
 9     0.226    -0.096     0.969
 9    -0.262    -0.964    -0.035
 2    96.634   -18.481    59.790
 2     0.001    -1.000    -0.014
 2     0.999     0.000     0.048
 2    -0.048    -0.014     0.999
 3   130.966    -0.701     3.781
 3     0.269     0.193    -0.944
 3     0.092     0.970     0.225
 3     0.959    -0.147     0.243
 4   114.890    15.845   -13.454
 4     0.540    -0.825     0.166
 4     0.803     0.446    -0.395
 4     0.251     0.346     0.904
 5   116.361    17.765    16.096
 5     0.504     0.068     0.861
 5     0.058    -0.997     0.044
 5     0.862     0.028    -0.507
 6   139.332    22.743    16.148
 6     0.898     0.434     0.063
 6    -0.069     0.283    -0.957
 6    -0.433     0.855     0.284
 7   117.167   -20.121   -11.610
 7     0.847     0.503     0.172
 7    -0.532     0.798     0.282
 7     0.004    -0.331     0.943
 8   119.907   -21.840    17.338
 8     0.428    -0.090     0.899
 8    -0.087    -0.995    -0.058
 8     0.899    -0.053    -0.434
 9   145.218   -25.797    24.209
 9     0.956    -0.251    -0.151
 9     0.135    -0.078     0.988
 9    -0.260    -0.965    -0.041
 2    96.634   -18.481    59.790
 2     0.001    -1.000    -0.014
 2     0.999     0.000     0.048
 2    -0.048    -0.014     0.999
 3   130.904    -0.627     3.789
 3     0.270     0.182    -0.945
 3     0.092     0.972     0.213
 3     0.958    -0.145     0.246
 4   114.438    15.750   -13.602
 4     0.499    -0.851     0.164
 4     0.832     0.417    -0.366
 4     0.243     0.319     0.916
 5   115.301    17.792    15.756
 5     0.481     0.147     0.864
 5     0.091    -0.989     0.117
 5     0.872     0.022    -0.489
 6   138.011    25.163    16.703
 6     0.916     0.375     0.141
 6     0.004     0.343    -0.939
 6    -0.401     0.861     0.312
 7   116.999   -20.097   -11.817
 7     0.842     0.510     0.175
 7    -0.539     0.793     0.283
 7     0.006    -0.333     0.943
 8   119.390   -21.803    17.131
 8     0.413    -0.126     0.902
 8    -0.109    -0.990    -0.088
 8     0.904    -0.062    -0.423
 9   144.309   -28.491    24.216
 9     0.969    -0.239    -0.054
 9     0.031    -0.098     0.995
 9    -0.243    -0.966    -0.087
 2    96.684   -18.531    59.790
 2     0.001    -1.000    -0.014
 2     0.999     0.001     0.047
 2    -0.048    -0.014     0.999
 3   130.715    -0.580     3.617
 3     0.275     0.167    -0.947
 3     0.092     0.976     0.198
 3     0.957    -0.142     0.253
 4   114.238    15.811   -13.737
 4     0.474    -0.865     0.165
 4     0.845     0.395    -0.359
 4     0.246     0.309     0.918
 5   114.921    17.646    15.557
 5     0.467     0.196     0.862
 5     0.110    -0.980     0.164
 5     0.877     0.018    -0.480
 6   137.081    26.723    16.750
 6     0.917     0.339     0.208
 6     0.074     0.367    -0.927
 6    -0.391     0.866     0.311
 7   116.759   -19.857   -12.036
 7     0.840     0.515     0.166
 7    -0.541     0.787     0.296
 7     0.021    -0.339     0.941
 8   119.023   -21.818    16.910
 8     0.408    -0.161     0.898
 8    -0.130    -0.984    -0.117
 8     0.904    -0.069    -0.423
 9   143.574   -31.168    24.274
 9     0.969    -0.242     0.045
 9    -0.073    -0.110     0.991
 9    -0.235    -0.964    -0.124
 2    96.634   -18.481    59.739
 2     0.001    -1.000    -0.014
 2     0.999     0.000     0.048
 2    -0.048    -0.014     0.999
 3   130.705    -0.533     3.576
 3     0.277     0.162    -0.947
 3     0.091     0.976     0.194
 3     0.956    -0.141     0.256
 4   113.786    15.711   -13.790
 4     0.445    -0.879     0.171
 4     0.863     0.370    -0.343
 4     0.238     0.301     0.923
 5   114.478    17.687    15.384
 5     0.464     0.240     0.852
 5     0.135    -0.970     0.200
 5     0.875     0.022    -0.483
 6   136.053    28.348    16.721
 6     0.918     0.299     0.261
 6     0.120     0.419    -0.900
 6    -0.379     0.857     0.349
 7   116.693   -19.754   -12.149
 7     0.839     0.519     0.164
 7    -0.544     0.785     0.297
 7     0.025    -0.338     0.941
 8   119.003   -21.887    16.777
 8     0.411    -0.193     0.891
 8    -0.151    -0.978    -0.142
 8     0.899    -0.076    -0.431
 9   142.899   -32.937    23.957
 9     0.959    -0.257     0.113
 9    -0.147    -0.116     0.982
 9    -0.240    -0.959    -0.149
 2    96.634   -18.481    59.790
 2     0.001    -1.000    -0.014
 2     0.999     0.000     0.048
 2    -0.048    -0.014     0.999
 3   130.744    -0.587     3.456
 3     0.282     0.155    -0.947
 3     0.091     0.978     0.187
 3     0.955    -0.139     0.261
 4   113.409    15.536   -14.050
 4     0.415    -0.891     0.180
 4     0.880     0.344    -0.328
 4     0.231     0.295     0.927
 5   113.931    17.462    15.027
 5     0.449     0.281     0.848
 5     0.147    -0.960     0.240
 5     0.881     0.017    -0.472
 6   135.286    29.195    16.647
 6     0.920     0.263     0.289
 6     0.158     0.426    -0.891
 6    -0.358     0.865     0.351
 7   116.452   -19.767   -12.371
 7     0.831     0.527     0.177
 7    -0.556     0.778     0.292
 7     0.016    -0.341     0.940
 8   118.879   -22.007    16.473
 8     0.416    -0.224     0.881
 8    -0.172    -0.971    -0.165
 8     0.893    -0.083    -0.443
 9   142.341   -34.829    23.333
 9     0.947    -0.275     0.164
 9    -0.205    -0.127     0.970
 9    -0.246    -0.953    -0.176
 2    96.634   -18.532    59.790
 2     0.001    -1.000    -0.014
 2     0.999     0.000     0.047
 2    -0.048    -0.014     0.999
 3   130.702    -0.472     3.159
 3     0.294     0.129    -0.947
 3     0.090     0.982     0.162
 3     0.951    -0.134     0.277
 4   112.981    15.413   -14.133
 4     0.383    -0.904     0.191
 4     0.896     0.313    -0.315
 4     0.224     0.292     0.929
 5   113.322    17.362    14.765
 5     0.434     0.321     0.841
 5     0.165    -0.947     0.276
 5     0.885     0.019    -0.464
 6   134.360    30.395    16.750
 6     0.920     0.231     0.315
 6     0.197     0.422    -0.885
 6    -0.338     0.876     0.343
 7   116.200   -19.707   -12.605
 7     0.824     0.532     0.193
 7    -0.566     0.774     0.284
 7     0.002    -0.343     0.939
 8   118.789   -22.075    16.255
 8     0.416    -0.251     0.874
 8    -0.192    -0.964    -0.185
 8     0.889    -0.091    -0.449
 9   141.822   -36.084    22.830
 9     0.937    -0.288     0.197
 9    -0.242    -0.128     0.962
 9    -0.252    -0.949    -0.190
 2    96.634   -18.532    59.790
 2     0.001    -1.000    -0.014
 2     0.999     0.000     0.047
 2    -0.048    -0.014     0.999
 3   130.789    -0.371     2.988
 3     0.297     0.116    -0.948
 3     0.093     0.984     0.150
 3     0.950    -0.133     0.282
 4   112.680    15.237   -14.368
 4     0.355    -0.913     0.198
 4     0.909     0.288    -0.301
 4     0.217     0.287     0.933
 5   112.851    17.412    14.351
 5     0.418     0.360     0.834
 5     0.193    -0.932     0.306
 5     0.887     0.033    -0.460
 6   133.363    31.621    16.724
 6     0.919     0.199     0.339
 6     0.234     0.417    -0.878
 6    -0.317     0.886     0.337
 7   116.138   -19.614   -12.813
 7     0.819     0.537     0.199
 7    -0.573     0.771     0.278
 7    -0.004    -0.342     0.940
 8   118.451   -22.094    15.845
 8     0.400    -0.280     0.873
 8    -0.213    -0.955    -0.208
 8     0.891    -0.103    -0.441
 9   141.156   -37.050    22.532
 9     0.929    -0.286     0.235
 9    -0.280    -0.126     0.952
 9    -0.242    -0.950    -0.197
 2    96.634   -18.532    59.790
 2     0.001    -1.000    -0.014
 2     0.999     0.000     0.047
 2    -0.048    -0.014     0.999
 3   130.850    -0.147     2.815
 3     0.300     0.100    -0.948
 3     0.091     0.987     0.133
 3     0.949    -0.127     0.287
 4   112.587    15.190   -14.586
 4     0.332    -0.921     0.204
 4     0.919     0.267    -0.291
 4     0.213     0.284     0.935
 5   112.412    17.587    14.163
 5     0.401     0.389     0.829
 5     0.216    -0.920     0.327
 5     0.890     0.047    -0.454
 6   132.683    32.947    17.028
 6     0.916     0.173     0.362
 6     0.270     0.400    -0.875
 6    -0.297     0.899     0.320
 7   116.167   -19.271   -13.090
 7     0.813     0.544     0.204
 7    -0.582     0.769     0.266
 7    -0.013    -0.335     0.942
 8   118.292   -22.106    15.526
 8     0.386    -0.297     0.873
 8    -0.226    -0.948    -0.222
 8     0.894    -0.111    -0.433
 9   140.468   -38.158    22.581
 9     0.921    -0.275     0.275
 9    -0.321    -0.137     0.937
 9    -0.220    -0.952    -0.214
 2    96.634   -18.532    59.790
 2     0.001    -1.000    -0.014
 2     0.999     0.001     0.047
 2    -0.048    -0.014     0.999
 3   130.937    -0.126     2.643
 3     0.304     0.089    -0.948
 3     0.089     0.988     0.122
 3     0.948    -0.122     0.293
 4   112.448    15.166   -14.757
 4     0.315    -0.926     0.209
 4     0.925     0.251    -0.284
 4     0.210     0.283     0.936
 5   112.090    17.426    13.750
 5     0.388     0.403     0.829
 5     0.220    -0.914     0.341
 5     0.895     0.050    -0.444
 6   132.259    33.338    17.336
 6     0.918     0.147     0.367
 6     0.291     0.377    -0.879
 6    -0.268     0.914     0.304
 7   116.023   -19.258   -13.290
 7     0.807     0.550     0.214
 7    -0.590     0.765     0.257
 7    -0.022    -0.334     0.942
 8   118.280   -22.146    15.283
 8     0.384    -0.328     0.863
 8    -0.244    -0.938    -0.247
 8     0.890    -0.115    -0.441
 9   139.959   -39.103    22.353
 9     0.910    -0.278     0.306
 9    -0.352    -0.132     0.927
 9    -0.217    -0.951    -0.218
 2    96.634   -18.532    59.790
 2     0.001    -1.000    -0.014
 2     0.999     0.001     0.048
 2    -0.048    -0.014     0.999
 3   131.091     0.045     2.352
 3     0.312     0.073    -0.947
 3     0.088     0.990     0.105
 3     0.946    -0.117     0.303
 4   112.210    15.068   -14.932
 4     0.298    -0.929     0.219
 4     0.931     0.233    -0.279
 4     0.208     0.287     0.935
 5   111.886    17.461    13.599
 5     0.380     0.421     0.823
 5     0.231    -0.905     0.356
 5     0.895     0.055    -0.442
 6   131.682    34.351    17.553
 6     0.911     0.139     0.387
 6     0.322     0.344    -0.882
 6    -0.256     0.928     0.268
 7   115.885   -19.130   -13.532
 7     0.793     0.563     0.231
 7    -0.607     0.758     0.239
 7    -0.041    -0.330     0.943
 8   118.080   -22.316    14.995
 8     0.373    -0.360     0.855
 8    -0.264    -0.925    -0.274
 8     0.889    -0.123    -0.440
 9   139.185   -40.224    22.158
 9     0.898    -0.274     0.342
 9    -0.386    -0.125     0.914
 9    -0.208    -0.953    -0.218
 2    96.634   -18.481    59.790
 2     0.001    -1.000    -0.014
 2     0.999     0.000     0.048
 2    -0.048    -0.014     0.999
 3   131.097     0.042     2.241
 3     0.316     0.062    -0.947
 3     0.089     0.991     0.095
 3     0.944    -0.115     0.307
 4   112.095    14.990   -14.994
 4     0.288    -0.932     0.221
 4     0.936     0.224    -0.271
 4     0.203     0.285     0.937
 5   111.713    17.617    13.499
 5     0.376     0.438     0.816
 5     0.250    -0.896     0.365
 5     0.892     0.066    -0.447
 6   131.201    35.081    17.728
 6     0.904     0.138     0.403
 6     0.348     0.308    -0.885
 6    -0.247     0.941     0.231
 7   115.801   -19.191   -13.640
 7     0.785     0.572     0.237
 7    -0.618     0.752     0.231
 7    -0.046    -0.328     0.943
 8   117.845   -22.349    14.937
 8     0.362    -0.382     0.850
 8    -0.274    -0.916    -0.295
 8     0.891    -0.126    -0.436
 9   138.522   -41.083    22.256
 9     0.890    -0.270     0.368
 9    -0.413    -0.131     0.901
 9    -0.195    -0.954    -0.228
 2    96.634   -18.481    59.790
 2     0.001    -1.000    -0.014
 2     0.999     0.000     0.048
 2    -0.048    -0.014     0.999
 3   131.187     0.092     2.071
 3     0.318     0.058    -0.946
 3     0.091     0.991     0.091
 3     0.943    -0.115     0.310
 4   112.076    14.758   -15.203
 4     0.281    -0.933     0.224
 4     0.939     0.220    -0.263
 4     0.196     0.284     0.938
 5   111.530    17.646    13.161
 5     0.370     0.447     0.814
 5     0.264    -0.891     0.370
 5     0.891     0.078    -0.448
 6   130.983    35.577    17.714
 6     0.901     0.134     0.412
 6     0.362     0.290    -0.886
 6    -0.238     0.947     0.213
 7   115.698   -19.249   -13.681
 7     0.776     0.583     0.240
 7    -0.629     0.744     0.224
 7    -0.048    -0.325     0.944
 8   117.812   -22.276    14.850
 8     0.352    -0.403     0.844
 8    -0.278    -0.907    -0.317
 8     0.893    -0.123    -0.432
 9   137.872   -41.840    22.447
 9     0.876    -0.266     0.402
 9    -0.448    -0.141     0.883
 9    -0.178    -0.953    -0.242
 2    96.634   -18.481    59.790
 2     0.001    -1.000    -0.014
 2     0.999    -0.000     0.048
 2    -0.048    -0.014     0.999
 3   131.187     0.092     2.020
 3     0.320     0.056    -0.946
 3     0.092     0.991     0.090
 3     0.943    -0.116     0.312
 4   111.877    14.575   -15.459
 4     0.274    -0.934     0.230
 4     0.943     0.215    -0.253
 4     0.187     0.286     0.940
 5   111.410    17.652    12.931
 5     0.363     0.454     0.813
 5     0.270    -0.887     0.375
 5     0.892     0.084    -0.445
 6   130.777    35.823    17.768
 6     0.899     0.125     0.418
 6     0.374     0.272    -0.886
 6    -0.225     0.954     0.198
 7   115.457   -19.311   -13.878
 7     0.769     0.588     0.251
 7    -0.637     0.739     0.219
 7    -0.057    -0.329     0.943
 8   117.864   -22.221    14.754
 8     0.356    -0.411     0.839
 8    -0.278    -0.904    -0.325
 8     0.892    -0.117    -0.437
 9   137.667   -42.194    22.436
 9     0.868    -0.267     0.418
 9    -0.465    -0.146     0.873
 9    -0.172    -0.953    -0.251
 2    96.634   -18.481    59.790
 2     0.001    -1.000    -0.014
 2     0.999     0.000     0.048
 2    -0.048    -0.014     0.999
 3   131.240     0.036     1.692
 3     0.328     0.054    -0.943
 3     0.094     0.991     0.089
 3     0.940    -0.119     0.320
 4   111.595    14.337   -15.658
 4     0.272    -0.931     0.242
 4     0.946     0.213    -0.244
 4     0.175     0.295     0.939
 5   111.335    17.647    12.780
 5     0.365     0.458     0.810
 5     0.278    -0.884     0.375
 5     0.888     0.088    -0.451
 6   130.710    36.136    17.645
 6     0.898     0.119     0.424
 6     0.382     0.267    -0.885
 6    -0.219     0.956     0.194
 7   115.261   -19.325   -13.892
 7     0.761     0.593     0.262
 7    -0.646     0.734     0.210
 7    -0.068    -0.329     0.942
 8   117.917   -22.355    14.621
 8     0.361    -0.432     0.826
 8    -0.289    -0.894    -0.341
 8     0.886    -0.115    -0.448
 9   137.500   -42.628    22.256
 9     0.861    -0.268     0.431
 9    -0.479    -0.143     0.866
 9    -0.170    -0.953    -0.251
 2    96.634   -18.481    59.790
 2     0.001    -1.000    -0.014
 2     0.999     0.000     0.048
 2    -0.048    -0.014     0.999
 3   131.216     0.080     1.385
 3     0.336     0.045    -0.941
 3     0.095     0.992     0.082
 3     0.937    -0.118     0.329
 4   111.302    14.209   -15.851
 4     0.262    -0.932     0.251
 4     0.950     0.203    -0.238
 4     0.170     0.301     0.938
 5   110.909    17.759    12.553
 5     0.352     0.491     0.797
 5     0.304    -0.865     0.399
 5     0.885     0.102    -0.454
 6   129.711    37.110    17.965
 6     0.887     0.100     0.450
 6     0.418     0.239    -0.877
 6    -0.196     0.966     0.170
 7   114.938   -19.341   -14.079
 7     0.750     0.601     0.275
 7    -0.656     0.728     0.200
 7    -0.080    -0.331     0.940
 8   117.789   -22.361    14.461
 8     0.359    -0.450     0.817
 8    -0.298    -0.885    -0.357
 8     0.884    -0.115    -0.452
 9   136.999   -43.390    22.237
 9     0.849    -0.264     0.457
 9    -0.503    -0.142     0.853
 9    -0.161    -0.954    -0.253
 2    96.634   -18.481    59.790
 2     0.001    -1.000    -0.014
 2     0.999     0.000     0.048
 2    -0.048    -0.014     0.999
 3   131.250     0.025     1.223
 3     0.342     0.042    -0.939
 3     0.096     0.992     0.079
 3     0.935    -0.117     0.335
 4   111.071    14.210   -15.850
 4     0.256    -0.932     0.256
 4     0.952     0.197    -0.235
 4     0.169     0.304     0.937
 5   110.731    17.841    12.502
 5     0.347     0.500     0.793
 5     0.310    -0.859     0.407
 5     0.885     0.104    -0.454
 6   129.348    37.720    18.350
 6     0.884     0.083     0.460
 6     0.434     0.219    -0.874
 6    -0.174     0.972     0.157
 7   114.750   -19.299   -14.132
 7     0.745     0.603     0.282
 7    -0.661     0.725     0.195
 7    -0.087    -0.332     0.939
 8   117.732   -22.362    14.398
 8     0.362    -0.455     0.813
 8    -0.300    -0.883    -0.360
 8     0.882    -0.113    -0.456
 9   136.891   -43.564    22.215
 9     0.847    -0.259     0.464
 9    -0.509    -0.144     0.848
 9    -0.153    -0.955    -0.253
 2    96.634   -18.532    59.790
 2     0.001    -1.000    -0.014
 2     0.999     0.000     0.047
 2    -0.048    -0.014     0.999
 3   131.238     0.020     1.063
 3     0.347     0.046    -0.937
 3     0.096     0.992     0.084
 3     0.933    -0.120     0.339
 4   111.066    14.157   -15.845
 4     0.256    -0.932     0.257
 4     0.952     0.198    -0.234
 4     0.167     0.305     0.937
 5   110.616    17.897    12.496
 5     0.339     0.502     0.795
 5     0.312    -0.858     0.409
 5     0.887     0.109    -0.448
 6   129.230    37.878    19.031
 6     0.883     0.058     0.465
 6     0.445     0.204    -0.872
 6    -0.146     0.977     0.154
 7   114.668   -19.254   -14.224
 7     0.742     0.607     0.284
 7    -0.665     0.723     0.190
 7    -0.090    -0.329     0.940
 8   117.532   -22.474    14.303
 8     0.354    -0.467     0.810
 8    -0.310    -0.876    -0.369
 8     0.882    -0.120    -0.455
 9   136.361   -43.856    22.449
 9     0.845    -0.236     0.480
 9    -0.519    -0.145     0.842
 9    -0.129    -0.961    -0.245
 2    96.634   -18.532    59.790
 2     0.001    -1.000    -0.014
 2     0.999     0.000     0.047
 2    -0.048    -0.014     0.999
 3   131.189     0.070     1.064
 3     0.346     0.047    -0.937
 3     0.095     0.992     0.086
 3     0.933    -0.120     0.338
 4   111.113    14.105   -15.889
 4     0.257    -0.932     0.256
 4     0.952     0.199    -0.232
 4     0.165     0.303     0.938
 5   110.362    17.911    12.383
 5     0.323     0.509     0.797
 5     0.320    -0.852     0.415
 5     0.891     0.121    -0.439
 6   128.894    38.129    19.404
 6     0.881     0.040     0.472
 6     0.457     0.193    -0.868
 6    -0.126     0.980     0.151
 7   114.689   -19.258   -14.220
 7     0.736     0.615     0.281
 7    -0.671     0.719     0.181
 7    -0.091    -0.322     0.942
 8   117.195   -22.568    14.235
 8     0.334    -0.479     0.812
 8    -0.322    -0.867    -0.379
 8     0.886    -0.135    -0.444
 9   135.919   -44.203    22.847
 9     0.843    -0.213     0.494
 9    -0.527    -0.141     0.838
 9    -0.109    -0.967    -0.231
 2    96.634   -18.481    59.790
 2     0.001    -1.000    -0.014
 2     0.999     0.000     0.048
 2    -0.048    -0.014     0.999
 3   131.242     0.175     1.053
 3     0.343     0.040    -0.938
 3     0.096     0.992     0.077
 3     0.934    -0.117     0.336
 4   111.049    14.050   -15.921
 4     0.252    -0.934     0.253
 4     0.954     0.197    -0.224
 4     0.159     0.298     0.941
 5   110.092    18.095    12.333
 5     0.308     0.527     0.792
 5     0.338    -0.839     0.427
 5     0.889     0.135    -0.437
 6   128.157    38.858    19.694
 6     0.870     0.027     0.492
 6     0.479     0.184    -0.858
 6    -0.114     0.982     0.147
 7   114.561   -19.138   -14.164
 7     0.728     0.626     0.279
 7    -0.679     0.714     0.171
 7    -0.092    -0.314     0.945
 8   116.622   -22.590    14.191
 8     0.314    -0.497     0.808
 8    -0.338    -0.854    -0.395
 8     0.887    -0.149    -0.437
 9   134.802   -44.783    23.001
 9     0.834    -0.196     0.516
 9    -0.544    -0.137     0.828
 9    -0.091    -0.971    -0.221
 2    96.634   -18.532    59.790
 2     0.001    -1.000    -0.014
 2     0.999     0.000     0.047
 2    -0.048    -0.014     0.999
 3   131.178     0.309     1.085
 3     0.337     0.030    -0.941
 3     0.098     0.993     0.067
 3     0.936    -0.115     0.332
 4   110.732    14.049   -15.983
 4     0.238    -0.937     0.255
 4     0.959     0.185    -0.215
 4     0.154     0.296     0.943
 5   109.630    18.230    12.189
 5     0.296     0.548     0.782
 5     0.350    -0.824     0.445
 5     0.888     0.141    -0.436
 6   127.318    39.585    19.782
 6     0.859     0.015     0.511
 6     0.501     0.175    -0.847
 6    -0.103     0.984     0.143
 7   114.325   -19.046   -14.220
 7     0.722     0.631     0.284
 7    -0.685     0.709     0.165
 7    -0.098    -0.313     0.944
 8   116.519   -22.645    14.200
 8     0.312    -0.505     0.804
 8    -0.342    -0.850    -0.401
 8     0.886    -0.150    -0.438
 9   134.589   -44.960    23.141
 9     0.830    -0.193     0.523
 9    -0.551    -0.138     0.823
 9    -0.086    -0.971    -0.221
 2    96.634   -18.532    59.790
 2     0.001    -1.000    -0.014
 2     0.999     0.000     0.047
 2    -0.048    -0.014     0.999
 3   131.128     0.308     1.034
 3     0.338     0.028    -0.941
 3     0.098     0.993     0.065
 3     0.936    -0.115     0.333
 4   110.495    14.048   -15.977
 4     0.230    -0.937     0.262
 4     0.961     0.177    -0.211
 4     0.151     0.301     0.941
 5   109.370    18.335    12.174
 5     0.290     0.559     0.776
 5     0.359    -0.816     0.453
 5     0.887     0.147    -0.438
 6   126.753    39.973    19.843
 6     0.854     0.005     0.519
 6     0.510     0.179    -0.841
 6    -0.097     0.984     0.150
 7   114.268   -18.973   -14.185
 7     0.720     0.632     0.285
 7    -0.686     0.710     0.160
 7    -0.101    -0.312     0.945
 8   116.557   -22.598    14.197
 8     0.314    -0.513     0.798
 8    -0.348    -0.845    -0.405
 8     0.883    -0.151    -0.445
 9   134.536   -44.962    22.992
 9     0.828    -0.192     0.526
 9    -0.553    -0.136     0.822
 9    -0.087    -0.972    -0.219
 2    96.634   -18.532    59.790
 2     0.001    -1.000    -0.014
 2     0.999     0.000     0.047
 2    -0.048    -0.014     0.999
 3   131.024     0.487     0.955
 3     0.337     0.018    -0.941
 3     0.099     0.993     0.055
 3     0.936    -0.112     0.333
 4   110.363    14.048   -16.023
 4     0.224    -0.938     0.265
 4     0.963     0.171    -0.208
 4     0.149     0.301     0.941
 5   109.229    18.387    12.139
 5     0.284     0.569     0.771
 5     0.368    -0.808     0.460
 5     0.885     0.152    -0.439
 6   126.453    40.282    19.709
 6     0.850     0.000     0.527
 6     0.518     0.180    -0.836
 6    -0.095     0.984     0.152
 7   114.301   -18.830   -14.240
 7     0.716     0.636     0.287
 7    -0.690     0.708     0.150
 7    -0.108    -0.306     0.946
 8   116.452   -22.586    14.059
 8     0.306    -0.526     0.793
