% Calibrated with leiden_pols
% Positions are in centimeters
Data =[
 2    96.686   -18.531    59.787
 2     0.001    -1.000    -0.013
 2     0.999     0.000     0.047
 2    -0.047    -0.014     0.999
 3   131.340    -1.076     3.704
 3     0.250     0.172    -0.953
 3     0.110     0.972     0.205
 3     0.962    -0.156     0.224
 4   116.122    14.751   -13.198
 4     0.720    -0.682     0.127
 4     0.663     0.623    -0.415
 4     0.204     0.383     0.901
 5   122.482    20.972    16.110
 5     0.562    -0.611     0.558
 5    -0.170    -0.745    -0.645
 5     0.809     0.267    -0.523
 6   136.082    -4.994    18.685
 6     0.162     0.446    -0.880
 6    -0.970    -0.092    -0.225
 6    -0.181     0.890     0.418
 7   118.184   -21.224   -10.637
 7     0.896     0.394     0.201
 7    -0.439     0.853     0.281
 7    -0.061    -0.341     0.938
 8   126.409   -25.730    18.009
 8     0.525     0.568     0.633
 8     0.065    -0.769     0.636
 8     0.849    -0.293    -0.440
 9   138.108    -0.284    28.429
 9     0.029    -0.324    -0.945
 9     0.999     0.033     0.019
 9     0.025    -0.945     0.325
 2    96.684   -18.531    59.790
 2     0.001    -1.000    -0.014
 2     0.999     0.000     0.047
 2    -0.048    -0.014     0.999
 3   131.291    -1.075     3.781
 3     0.249     0.173    -0.953
 3     0.110     0.972     0.206
 3     0.962    -0.156     0.223
 4   116.072    14.801   -13.249
 4     0.720    -0.682     0.126
 4     0.663     0.623    -0.415
 4     0.204     0.383     0.901
 5   122.483    20.920    16.110
 5     0.562    -0.611     0.557
 5    -0.171    -0.745    -0.645
 5     0.809     0.267    -0.523
 6   136.031    -5.046    18.686
 6     0.160     0.445    -0.881
 6    -0.970    -0.093    -0.224
 6    -0.181     0.890     0.417
 7   118.186   -21.223   -10.589
 7     0.896     0.395     0.200
 7    -0.439     0.853     0.282
 7    -0.060    -0.341     0.938
 8   126.361   -25.730    18.009
 8     0.524     0.568     0.635
 8     0.065    -0.770     0.635
 8     0.849    -0.291    -0.441
 9   138.058    -0.285    28.479
 9     0.031    -0.325    -0.945
 9     0.999     0.033     0.021
 9     0.025    -0.945     0.326
 2    96.684   -18.531    59.790
 2     0.001    -1.000    -0.014
 2     0.999     0.000     0.047
 2    -0.048    -0.014     0.999
 3   131.292    -1.127     3.781
 3     0.249     0.175    -0.952
 3     0.109     0.972     0.207
 3     0.962    -0.156     0.223
 4   116.127    14.752   -13.204
 4     0.720    -0.682     0.125
 4     0.662     0.623    -0.416
 4     0.206     0.382     0.901
 5   122.512    20.922    16.155
 5     0.561    -0.611     0.558
 5    -0.172    -0.746    -0.644
 5     0.810     0.265    -0.524
 6   136.028    -5.046    18.738
 6     0.162     0.444    -0.881
 6    -0.970    -0.093    -0.226
 6    -0.182     0.891     0.416
 7   118.139   -21.222   -10.591
 7     0.896     0.396     0.200
 7    -0.440     0.852     0.282
 7    -0.059    -0.341     0.938
 8   126.311   -25.730    18.009
 8     0.524     0.567     0.635
 8     0.065    -0.771     0.634
 8     0.849    -0.291    -0.441
 9   137.957    -0.235    28.508
 9     0.032    -0.324    -0.945
 9     0.999     0.033     0.022
 9     0.024    -0.945     0.325
 2    96.634   -18.532    59.739
 2     0.001    -1.000    -0.014
 2     0.999     0.000     0.047
 2    -0.048    -0.014     0.999
 3   131.267    -1.075     3.781
 3     0.249     0.175    -0.952
 3     0.110     0.972     0.207
 3     0.962    -0.157     0.223
 4   116.240    14.807   -13.166
 4     0.719    -0.684     0.119
 4     0.661     0.623    -0.417
 4     0.211     0.378     0.901
 5   122.268    20.747    16.160
 5     0.557    -0.607     0.567
 5    -0.175    -0.753    -0.634
 5     0.812     0.254    -0.526
 6   136.016    -4.997    18.672
 6     0.168     0.444    -0.880
 6    -0.968    -0.095    -0.233
 6    -0.187     0.891     0.414
 7   118.186   -21.223   -10.588
 7     0.896     0.396     0.201
 7    -0.441     0.853     0.281
 7    -0.060    -0.340     0.938
 8   126.263   -25.731    17.984
 8     0.524     0.565     0.637
 8     0.063    -0.772     0.632
 8     0.849    -0.291    -0.441
 9   138.010    -0.235    28.505
 9     0.035    -0.324    -0.945
 9     0.999     0.035     0.024
 9     0.025    -0.945     0.325
 2    96.634   -18.481    59.790
 2     0.001    -1.000    -0.014
 2     0.999     0.000     0.048
 2    -0.048    -0.014     0.999
 3   131.267    -1.076     3.781
 3     0.249     0.176    -0.952
 3     0.109     0.972     0.208
 3     0.962    -0.156     0.223
 4   116.244    14.860   -13.223
 4     0.719    -0.685     0.118
 4     0.661     0.622    -0.418
 4     0.213     0.379     0.900
 5   122.268    20.747    16.210
 5     0.557    -0.607     0.567
 5    -0.177    -0.753    -0.633
 5     0.812     0.252    -0.527
 6   135.964    -5.049    18.700
 6     0.168     0.444    -0.880
 6    -0.968    -0.096    -0.233
 6    -0.188     0.891     0.413
 7   118.132   -21.226   -10.633
 7     0.895     0.397     0.202
 7    -0.442     0.853     0.279
 7    -0.062    -0.339     0.939
 8   126.243   -25.653    17.978
 8     0.523     0.563     0.640
 8     0.064    -0.774     0.629
 8     0.850    -0.289    -0.441
 9   138.063    -0.235    28.556
 9     0.041    -0.322    -0.946
 9     0.999     0.037     0.031
 9     0.025    -0.946     0.323
 2    96.634   -18.481    59.739
 2     0.001    -1.000    -0.014
 2     0.999     0.000     0.047
 2    -0.048    -0.014     0.999
 3   131.267    -1.077     3.781
 3     0.250     0.178    -0.952
 3     0.109     0.971     0.210
 3     0.962    -0.156     0.223
 4   116.196    14.886   -13.175
 4     0.719    -0.685     0.118
 4     0.661     0.622    -0.420
 4     0.214     0.380     0.900
 5   122.138    20.669    16.263
 5     0.557    -0.605     0.569
 5    -0.179    -0.756    -0.629
 5     0.811     0.249    -0.529
 6   136.056    -4.873    18.579
 6     0.171     0.443    -0.880
 6    -0.966    -0.098    -0.237
 6    -0.191     0.891     0.412
 7   118.047   -21.054   -10.673
 7     0.893     0.401     0.204
 7    -0.445     0.853     0.272
 7    -0.066    -0.334     0.940
 8   125.207   -25.370    17.938
 8     0.514     0.508     0.691
 8     0.041    -0.819     0.572
 8     0.857    -0.265    -0.442
 9   138.688    -1.008    28.558
 9     0.129    -0.300    -0.945
 9     0.991     0.064     0.115
 9     0.026    -0.952     0.306
 2    96.636   -18.531    59.736
 2     0.001    -1.000    -0.014
 2     0.999     0.001     0.047
 2    -0.047    -0.014     0.999
 3   131.168    -1.030     3.831
 3     0.250     0.182    -0.951
 3     0.105     0.971     0.213
 3     0.962    -0.154     0.224
 4   116.263    15.071   -13.175
 4     0.715    -0.689     0.115
 4     0.662     0.616    -0.426
 4     0.222     0.381     0.897
 5   121.480    20.179    16.584
 5     0.542    -0.575     0.613
 5    -0.190    -0.794    -0.577
 5     0.818     0.196    -0.540
 6   136.902    -3.901    17.927
 6     0.247     0.430    -0.868
 6    -0.936    -0.124    -0.328
 6    -0.249     0.894     0.372
 7   117.726   -20.916   -10.822
 7     0.886     0.412     0.213
 7    -0.458     0.851     0.257
 7    -0.075    -0.325     0.943
 8   124.513   -24.983    17.895
 8     0.502     0.469     0.726
 8     0.029    -0.849     0.528
 8     0.864    -0.244    -0.440
 9   139.118    -1.428    28.208
 9     0.182    -0.323    -0.929
 9     0.983     0.081     0.164
 9     0.022    -0.943     0.332
 2    96.634   -18.532    59.739
 2     0.001    -1.000    -0.014
 2     0.999     0.000     0.047
 2    -0.048    -0.014     0.999
 3   131.093    -1.037     3.828
 3     0.253     0.186    -0.949
 3     0.099     0.971     0.217
 3     0.962    -0.149     0.227
 4   116.222    15.228   -13.089
 4     0.713    -0.692     0.115
 4     0.663     0.612    -0.431
 4     0.227     0.384     0.895
 5   121.221    19.925    16.823
 5     0.541    -0.562     0.626
 5    -0.198    -0.808    -0.554
 5     0.817     0.176    -0.549
