2 	  32.77	  -6.79	  22.94
	  0.829	  0.555	 -0.064
	 -0.555	  0.831	  0.016
	  0.062	  0.023	  0.998

3 	  44.07	   0.04	   2.21
	 -0.469	  0.187	 -0.863
	 -0.092	 -0.982	 -0.163
	 -0.879	  0.003	  0.477

4 	  37.74	   6.06	  -4.87
	  0.633	  0.766	 -0.109
	 -0.591	  0.569	  0.572
	  0.500	 -0.297	  0.813

5 	  41.66	   8.58	   7.95
	  0.613	 -0.069	  0.787
	 -0.468	 -0.834	  0.292
	  0.636	 -0.548	 -0.543

6 	  48.62	   0.18	   4.83
	  0.270	 -0.928	 -0.255
	  0.792	  0.065	  0.606
	 -0.547	 -0.366	  0.753

7 	  40.55	  -8.30	  -4.85
	  0.557	 -0.753	  0.349
	  0.830	  0.500	 -0.247
	  0.011	  0.428	  0.904

8 	  43.80	 -10.21	   7.54
	  0.637	  0.199	  0.745
	  0.625	 -0.698	 -0.348
	  0.451	  0.687	 -0.570

9 	  50.24	  -0.53	   8.77
	  0.162	  0.986	  0.023
	 -0.036	  0.029	 -0.999
	 -0.986	  0.161	  0.040

2 	  32.77	  -6.79	  22.96
	  0.829	  0.555	 -0.064
	 -0.555	  0.831	  0.015
	  0.062	  0.023	  0.998

3 	  44.05	   0.04	   2.21
	 -0.470	  0.189	 -0.862
	 -0.092	 -0.982	 -0.165
	 -0.878	  0.001	  0.479

4 	  37.72	   6.08	  -4.85
	  0.632	  0.767	 -0.109
	 -0.591	  0.568	  0.574
	  0.502	 -0.298	  0.812

5 	  41.62	   8.56	   7.98
	  0.614	 -0.070	  0.786
	 -0.466	 -0.836	  0.289
	  0.637	 -0.544	 -0.547

6 	  48.60	   0.19	   4.87
	  0.272	 -0.928	 -0.255
	  0.790	  0.065	  0.609
	 -0.548	 -0.367	  0.751

7 	  40.54	  -8.24	  -4.85
	  0.557	 -0.754	  0.348
	  0.830	  0.501	 -0.243
	  0.009	  0.424	  0.905

8 	  43.82	 -10.20	   7.54
	  0.637	  0.198	  0.744
	  0.625	 -0.698	 -0.349
	  0.450	  0.688	 -0.569

9 	  50.24	  -0.53	   8.77
	  0.162	  0.986	  0.024
	 -0.035	  0.030	 -0.999
	 -0.986	  0.161	  0.039

2 	  32.77	  -6.79	  22.96
	  0.829	  0.555	 -0.064
	 -0.555	  0.831	  0.015
	  0.062	  0.023	  0.998

3 	  44.03	   0.05	   2.23
	 -0.472	  0.188	 -0.861
	 -0.092	 -0.982	 -0.164
	 -0.877	  0.002	  0.481

4 	  37.72	   6.10	  -4.83
	  0.631	  0.768	 -0.108
	 -0.591	  0.567	  0.573
	  0.501	 -0.299	  0.812

5 	  41.62	   8.56	   8.00
	  0.614	 -0.071	  0.786
	 -0.466	 -0.837	  0.288
	  0.637	 -0.543	 -0.547

6 	  48.60	   0.18	   4.85
	  0.272	 -0.928	 -0.255
	  0.789	  0.064	  0.610
	 -0.550	 -0.367	  0.750

7 	  40.54	  -8.24	  -4.85
	  0.557	 -0.754	  0.348
	  0.830	  0.502	 -0.241
	  0.007	  0.423	  0.906

8 	  43.80	 -10.20	   7.54
	  0.637	  0.198	  0.744
	  0.625	 -0.698	 -0.349
	  0.450	  0.688	 -0.569

9 	  50.24	  -0.53	   8.81
	  0.162	  0.986	  0.024
	 -0.033	  0.030	 -0.999
	 -0.986	  0.161	  0.037

2 	  32.77	  -6.79	  22.94
	  0.829	  0.555	 -0.064
	 -0.555	  0.831	  0.015
	  0.062	  0.023	  0.998

3 	  44.03	   0.05	   2.25
	 -0.472	  0.186	 -0.861
	 -0.092	 -0.982	 -0.162
	 -0.876	  0.003	  0.481

4 	  37.72	   6.08	  -4.83
	  0.632	  0.767	 -0.107
	 -0.592	  0.568	  0.572
	  0.500	 -0.299	  0.813

5 	  41.61	   8.54	   8.00
	  0.613	 -0.071	  0.786
	 -0.465	 -0.837	  0.288
	  0.638	 -0.543	 -0.547

6 	  48.59	   0.18	   4.89
	  0.273	 -0.928	 -0.254
	  0.788	  0.064	  0.612
	 -0.552	 -0.367	  0.749

7 	  40.52	  -8.26	  -4.83
	  0.557	 -0.754	  0.350
	  0.831	  0.501	 -0.242
	  0.007	  0.425	  0.905

8 	  43.79	 -10.18	   7.58
	  0.637	  0.199	  0.744
	  0.625	 -0.699	 -0.348
	  0.451	  0.687	 -0.570

9 	  50.24	  -0.53	   8.79
	  0.162	  0.986	  0.024
	 -0.032	  0.029	 -0.999
	 -0.986	  0.161	  0.037

2 	  32.77	  -6.79	  22.94
	  0.829	  0.555	 -0.064
	 -0.555	  0.831	  0.015
	  0.062	  0.023	  0.998

3 	  44.02	   0.04	   2.23
	 -0.475	  0.186	 -0.860
	 -0.092	 -0.982	 -0.162
	 -0.875	  0.002	  0.483

4 	  37.71	   6.06	  -4.83
	  0.632	  0.767	 -0.108
	 -0.591	  0.567	  0.574
	  0.501	 -0.299	  0.812

5 	  41.61	   8.54	   8.00
	  0.614	 -0.070	  0.786
	 -0.465	 -0.837	  0.288
	  0.638	 -0.543	 -0.547

6 	  48.59	   0.18	   4.89
	  0.273	 -0.928	 -0.254
	  0.788	  0.065	  0.612
	 -0.551	 -0.367	  0.749

7 	  40.46	  -8.28	  -4.80
	  0.559	 -0.751	  0.350
	  0.829	  0.501	 -0.248
	  0.010	  0.429	  0.903

8 	  43.77	 -10.20	   7.58
	  0.638	  0.199	  0.744
	  0.624	 -0.699	 -0.349
	  0.450	  0.687	 -0.571

9 	  50.22	  -0.53	   8.79
	  0.162	  0.986	  0.023
	 -0.034	  0.029	 -0.999
	 -0.986	  0.161	  0.038

2 	  32.75	  -6.79	  22.96
	  0.829	  0.555	 -0.064
	 -0.555	  0.831	  0.015
	  0.061	  0.023	  0.998

3 	  44.00	   0.02	   2.23
	 -0.478	  0.186	 -0.858
	 -0.092	 -0.982	 -0.161
	 -0.873	  0.002	  0.487

4 	  37.67	   6.06	  -4.82
	  0.631	  0.768	 -0.108
	 -0.591	  0.567	  0.574
	  0.502	 -0.299	  0.812

5 	  41.61	   8.53	   8.02
	  0.614	 -0.070	  0.786
	 -0.465	 -0.837	  0.288
	  0.638	 -0.542	 -0.547

6 	  48.57	   0.18	   4.89
	  0.272	 -0.928	 -0.253
	  0.789	  0.065	  0.611
	 -0.551	 -0.366	  0.750

7 	  40.45	  -8.30	  -4.80
	  0.559	 -0.751	  0.351
	  0.829	  0.501	 -0.249
	  0.010	  0.430	  0.902

8 	  43.79	 -10.20	   7.59
	  0.638	  0.200	  0.743
	  0.624	 -0.699	 -0.348
	  0.450	  0.686	 -0.571

9 	  50.20	  -0.54	   8.79
	  0.163	  0.986	  0.023
	 -0.034	  0.029	 -0.999
	 -0.986	  0.162	  0.038

2 	  32.75	  -6.79	  22.96
	  0.829	  0.555	 -0.064
	 -0.555	  0.831	  0.015
	  0.061	  0.023	  0.998

3 	  44.00	   0.00	   2.23
	 -0.477	  0.186	 -0.859
	 -0.093	 -0.983	 -0.162
	 -0.874	  0.002	  0.485

4 	  37.69	   6.05	  -4.82
	  0.632	  0.767	 -0.107
	 -0.592	  0.567	  0.572
	  0.499	 -0.299	  0.813

5 	  41.57	   8.54	   8.02
	  0.611	 -0.068	  0.788
	 -0.463	 -0.838	  0.288
	  0.641	 -0.541	 -0.544

6 	  48.57	   0.21	   4.87
	  0.275	 -0.926	 -0.259
	  0.789	  0.064	  0.611
	 -0.549	 -0.372	  0.748

7 	  40.45	  -8.30	  -4.80
	  0.558	 -0.751	  0.352
	  0.829	  0.500	 -0.249
	  0.011	  0.431	  0.902

8 	  43.75	 -10.20	   7.59
	  0.638	  0.200	  0.743
	  0.624	 -0.700	 -0.348
	  0.450	  0.686	 -0.572

9 	  50.20	  -0.60	   8.77
	  0.176	  0.984	  0.017
	 -0.054	  0.027	 -0.998
	 -0.983	  0.174	  0.058

2 	  32.75	  -6.79	  22.96
	  0.829	  0.555	 -0.064
	 -0.555	  0.831	  0.015
	  0.061	  0.023	  0.998

3 	  43.98	   0.00	   2.23
	 -0.477	  0.187	 -0.859
	 -0.092	 -0.982	 -0.163
	 -0.874	  0.001	  0.486

4 	  37.65	   6.03	  -4.78
	  0.630	  0.770	 -0.100
	 -0.597	  0.563	  0.572
	  0.497	 -0.301	  0.814

5 	  41.38	   8.51	   8.07
	  0.605	 -0.063	  0.794
	 -0.450	 -0.849	  0.275
	  0.657	 -0.524	 -0.542

6 	  48.50	   0.35	   4.82
	  0.290	 -0.912	 -0.289
	  0.786	  0.055	  0.615
	 -0.545	 -0.406	  0.733

7 	  40.36	  -8.33	  -4.76
	  0.545	 -0.761	  0.353
	  0.838	  0.489	 -0.240
	  0.010	  0.427	  0.904

8 	  43.45	 -10.14	   7.72
	  0.642	  0.190	  0.743
	  0.598	 -0.730	 -0.330
	  0.479	  0.656	 -0.583

9 	  50.22	  -0.70	   8.56
	  0.209	  0.978	  0.000
	 -0.104	  0.022	 -0.994
	 -0.972	  0.208	  0.107

2 	  32.77	  -6.79	  22.96
	  0.829	  0.555	 -0.064
	 -0.555	  0.831	  0.015
	  0.061	  0.023	  0.998

3 	  43.98	   0.00	   2.23
	 -0.477	  0.188	 -0.858
	 -0.092	 -0.982	 -0.164
	 -0.874	  0.001	  0.486

4 	  37.71	   6.05	  -4.78
	  0.626	  0.775	 -0.087
	 -0.609	  0.556	  0.565
	  0.487	 -0.301	  0.820

5 	  41.19	   8.56	   8.17
	  0.593	 -0.052	  0.803
	 -0.429	 -0.865	  0.260
	  0.681	 -0.499	 -0.536

6 	  48.50	   0.67	   4.87
	  0.314	 -0.895	 -0.317
	  0.774	  0.048	  0.631
	 -0.549	 -0.444	  0.708

7 	  40.36	  -8.35	  -4.75
	  0.528	 -0.769	  0.360
	  0.849	  0.477	 -0.228
	  0.003	  0.426	  0.905

8 	  43.21	 -10.04	   7.88
	  0.640	  0.186	  0.745
	  0.569	 -0.767	 -0.297
	  0.516	  0.615	 -0.596

9 	  50.41	  -0.88	   8.44
	  0.255	  0.966	 -0.026
	 -0.124	  0.006	 -0.992
	 -0.959	  0.256	  0.121

2 	  32.75	  -6.79	  22.96
	  0.829	  0.555	 -0.064
	 -0.555	  0.831	  0.015
	  0.061	  0.023	  0.998

3 	  43.98	   0.00	   2.23
	 -0.477	  0.188	 -0.858
	 -0.093	 -0.982	 -0.163
	 -0.874	  0.002	  0.486

4 	  37.72	   6.03	  -4.73
	  0.623	  0.779	 -0.075
	 -0.620	  0.550	  0.559
	  0.477	 -0.302	  0.825

5 	  40.94	   8.38	   8.24
	  0.580	 -0.049	  0.813
	 -0.399	 -0.888	  0.231
	  0.710	 -0.458	 -0.534

6 	  48.55	   0.91	   4.94
	  0.356	 -0.868	 -0.346
	  0.745	  0.040	  0.666
	 -0.564	 -0.495	  0.661

7 	  40.32	  -8.35	  -4.73
	  0.523	 -0.772	  0.361
	  0.852	  0.477	 -0.216
	 -0.006	  0.421	  0.907

8 	  42.87	  -9.72	   7.93
	  0.632	  0.200	  0.748
	  0.536	 -0.810	 -0.236
	  0.559	  0.550	 -0.620

9 	  50.41	  -0.86	   8.17
	  0.295	  0.953	 -0.064
	 -0.162	 -0.016	 -0.987
	 -0.942	  0.301	  0.150

2 	  32.75	  -6.79	  22.96
	  0.829	  0.554	 -0.064
	 -0.555	  0.831	  0.015
	  0.061	  0.023	  0.998

3 	  44.02	   0.00	   2.14
	 -0.518	  0.170	 -0.839
	 -0.104	 -0.985	 -0.136
	 -0.849	  0.017	  0.527

4 	  37.72	   6.01	  -4.75
	  0.618	  0.783	 -0.070
	 -0.627	  0.544	  0.557
	  0.474	 -0.301	  0.827

5 	  40.73	   8.30	   8.37
	  0.571	 -0.049	  0.819
	 -0.362	 -0.911	  0.197
	  0.737	 -0.409	 -0.538

6 	  48.67	   1.23	   4.90
	  0.387	 -0.838	 -0.384
	  0.719	  0.014	  0.694
	 -0.577	 -0.545	  0.608

7 	  40.32	  -8.38	  -4.73
	  0.521	 -0.773	  0.360
	  0.853	  0.476	 -0.213
	 -0.007	  0.419	  0.908

8 	  42.80	  -9.46	   8.07
	  0.628	  0.210	  0.749
	  0.522	 -0.827	 -0.206
	  0.576	  0.521	 -0.630

9 	  50.57	  -0.95	   7.82
	  0.329	  0.940	 -0.092
	 -0.233	 -0.013	 -0.972
	 -0.915	  0.341	  0.214

2 	  32.75	  -6.79	  22.96
	  0.829	  0.554	 -0.064
	 -0.555	  0.831	  0.015
	  0.061	  0.023	  0.998

3 	  44.00	   0.00	   2.13
	 -0.517	  0.168	 -0.839
	 -0.102	 -0.985	 -0.135
	 -0.850	  0.016	  0.526

4 	  37.67	   6.01	  -4.71
	  0.608	  0.792	 -0.057
	 -0.643	  0.533	  0.550
	  0.466	 -0.298	  0.833

5 	  40.18	   7.95	   8.53
	  0.555	 -0.042	  0.831
	 -0.274	 -0.952	  0.135
	  0.785	 -0.303	 -0.539

6 	  48.67	   1.81	   4.82
	  0.459	 -0.780	 -0.426
	  0.705	  0.028	  0.708
	 -0.541	 -0.625	  0.563

7 	  40.29	  -8.42	  -4.71
	  0.520	 -0.771	  0.369
	  0.854	  0.472	 -0.217
	 -0.007	  0.428	  0.904

8 	  42.29	  -9.30	   8.14
	  0.619	  0.177	  0.765
	  0.438	 -0.886	 -0.149
	  0.651	  0.427	 -0.627

9 	  50.89	  -1.67	   7.89
	  0.431	  0.894	 -0.120
	 -0.195	 -0.038	 -0.980
	 -0.881	  0.446	  0.158

2 	  32.75	  -6.79	  22.96
	  0.829	  0.554	 -0.064
	 -0.555	  0.832	  0.015
	  0.061	  0.023	  0.998

3 	  44.02	   0.04	   2.07
	 -0.495	  0.170	 -0.852
	 -0.091	 -0.985	 -0.143
	 -0.864	  0.007	  0.503

4 	  37.62	   5.99	  -4.71
	  0.596	  0.802	 -0.040
	 -0.663	  0.520	  0.538
	  0.452	 -0.294	  0.842

5 	  39.85	   7.70	   8.63
	  0.546	 -0.015	  0.838
	 -0.162	 -0.983	  0.088
	  0.822	 -0.184	 -0.539

6 	  48.87	   2.51	   5.01
	  0.529	 -0.719	 -0.450
	  0.677	  0.038	  0.735
	 -0.512	 -0.693	  0.507

7 	  40.27	  -8.47	  -4.64
	  0.504	 -0.769	  0.393
	  0.863	  0.453	 -0.220
	 -0.009	  0.450	  0.893

8 	  41.94	  -9.26	   8.17
	  0.608	  0.138	  0.781
	  0.352	 -0.930	 -0.109
	  0.711	  0.341	 -0.614

9 	  51.22	  -2.41	   7.65
	  0.515	  0.841	 -0.165
	 -0.219	 -0.057	 -0.974
	 -0.829	  0.537	  0.155

2 	  32.77	  -6.79	  22.96
	  0.829	  0.555	 -0.064
	 -0.555	  0.831	  0.015
	  0.061	  0.023	  0.998

3 	  44.05	   0.05	   2.13
	 -0.485	  0.171	 -0.858
	 -0.085	 -0.985	 -0.148
	 -0.870	  0.000	  0.492

4 	  37.58	   5.98	  -4.66
	  0.592	  0.806	 -0.018
	 -0.677	  0.509	  0.531
	  0.437	 -0.302	  0.847

5 	  39.71	   7.45	   8.68
	  0.542	  0.014	  0.840
	 -0.081	 -0.994	  0.068
	  0.836	 -0.105	 -0.539

6 	  49.03	   3.16	   4.99
	  0.581	 -0.667	 -0.467
	  0.676	  0.076	  0.733
	 -0.453	 -0.741	  0.495

7 	  40.22	  -8.49	  -4.61
	  0.496	 -0.768	  0.406
	  0.868	  0.445	 -0.221
	 -0.011	  0.462	  0.887

8 	  41.75	  -9.23	   8.23
	  0.593	  0.119	  0.796
	  0.305	 -0.948	 -0.085
	  0.745	  0.293	 -0.599

9 	  51.36	  -3.01	   7.26
	  0.576	  0.792	 -0.201
	 -0.262	 -0.055	 -0.964
	 -0.774	  0.608	  0.176

2 	  32.75	  -6.79	  22.96
	  0.829	  0.555	 -0.064
	 -0.555	  0.831	  0.015
	  0.061	  0.023	  0.998

3 	  44.07	   0.02	   2.09
	 -0.485	  0.172	 -0.857
	 -0.085	 -0.985	 -0.150
	 -0.870	  0.001	  0.492

4 	  37.58	   5.98	  -4.64
	  0.594	  0.804	 -0.005
	 -0.676	  0.502	  0.539
	  0.436	 -0.317	  0.842

5 	  39.76	   7.29	   8.70
	  0.544	  0.029	  0.838
	 -0.038	 -0.997	  0.059
	  0.838	 -0.064	 -0.542

6 	  49.13	   3.45	   4.83
	  0.602	 -0.634	 -0.485
	  0.692	  0.112	  0.712
	 -0.398	 -0.765	  0.507

7 	  40.17	  -8.49	  -4.62
	  0.492	 -0.769	  0.407
	  0.870	  0.438	 -0.223
	 -0.008	  0.464	  0.885

8 	  41.62	  -9.09	   8.21
	  0.587	  0.105	  0.802
	  0.264	 -0.962	 -0.068
	  0.765	  0.252	 -0.593

9 	  51.61	  -3.59	   7.05
	  0.630	  0.743	 -0.224
	 -0.298	 -0.035	 -0.954
	 -0.717	  0.668	  0.199

2 	  32.75	  -6.79	  22.96
	  0.829	  0.555	 -0.064
	 -0.555	  0.831	  0.015
	  0.061	  0.023	  0.998

3 	  44.09	   0.02	   2.09
	 -0.472	  0.188	 -0.861
	 -0.078	 -0.982	 -0.172
	 -0.878	 -0.014	  0.478

4 	  37.46	   5.98	  -4.57
	  0.584	  0.812	  0.011
	 -0.684	  0.484	  0.545
	  0.437	 -0.326	  0.838

5 	  39.50	   7.14	   8.77
	  0.538	  0.065	  0.840
	  0.057	 -0.997	  0.040
	  0.841	  0.026	 -0.541

6 	  49.27	   4.46	   4.87
	  0.667	 -0.559	 -0.492
	  0.682	  0.191	  0.706
	 -0.301	 -0.806	  0.509

7 	  40.08	  -8.44	  -4.59
	  0.481	 -0.772	  0.415
	  0.876	  0.426	 -0.224
	 -0.004	  0.472	  0.881

8 	  41.36	  -9.16	   8.26
	  0.584	  0.066	  0.809
	  0.200	 -0.978	 -0.065
	  0.786	  0.199	 -0.585

9 	  51.71	  -4.73	   6.86
	  0.701	  0.666	 -0.253
	 -0.324	 -0.018	 -0.946
	 -0.635	  0.745	  0.203

2 	  32.75	  -6.79	  22.96
	  0.829	  0.555	 -0.064
	 -0.555	  0.831	  0.015
	  0.062	  0.023	  0.998

3 	  44.07	   0.02	   2.11
	 -0.463	  0.196	 -0.864
	 -0.065	 -0.980	 -0.188
	 -0.884	 -0.031	  0.466

4 	  37.42	   6.01	  -4.54
	  0.576	  0.817	  0.027
	 -0.689	  0.467	  0.553
	  0.439	 -0.337	  0.832

5 	  39.43	   7.07	   8.81
	  0.523	  0.104	  0.846
	  0.142	 -0.989	  0.034
	  0.840	  0.102	 -0.532

6 	  49.43	   5.54	   5.03
	  0.732	 -0.467	 -0.495
	  0.644	  0.240	  0.726
	 -0.220	 -0.851	  0.476

7 	  40.03	  -8.46	  -4.61
	  0.471	 -0.775	  0.422
	  0.882	  0.412	 -0.228
	  0.002	  0.479	  0.878

8 	  41.24	  -9.14	   8.24
	  0.584	  0.049	  0.810
	  0.159	 -0.986	 -0.055
	  0.796	  0.161	 -0.584

9 	  51.87	  -5.55	   6.38
	  0.746	  0.594	 -0.300
	 -0.358	 -0.021	 -0.933
	 -0.561	  0.804	  0.197

2 	  32.75	  -6.79	  22.96
	  0.829	  0.555	 -0.064
	 -0.555	  0.831	  0.015
	  0.062	  0.023	  0.998

3 	  44.09	   0.04	   2.09
	 -0.464	  0.196	 -0.864
	 -0.063	 -0.980	 -0.189
	 -0.883	 -0.033	  0.468

4 	  37.42	   6.01	  -4.52
	  0.572	  0.819	  0.037
	 -0.690	  0.456	  0.562
	  0.443	 -0.347	  0.826

5 	  39.43	   7.00	   8.82
	  0.523	  0.125	  0.843
	  0.185	 -0.982	  0.030
	  0.831	  0.140	 -0.537

6 	  49.54	   6.33	   5.06
	  0.770	 -0.400	 -0.497
	  0.623	  0.305	  0.720
	 -0.136	 -0.864	  0.484

7 	  40.04	  -8.42	  -4.59
	  0.467	 -0.776	  0.424
	  0.884	  0.408	 -0.225
	  0.001	  0.480	  0.877

8 	  41.19	  -9.07	   8.24
	  0.584	  0.045	  0.810
	  0.131	 -0.990	 -0.040
	  0.801	  0.130	 -0.584

9 	  51.84	  -6.12	   6.15
	  0.774	  0.541	 -0.329
	 -0.384	 -0.014	 -0.923
	 -0.504	  0.841	  0.197

2 	  32.75	  -6.79	  22.96
	  0.829	  0.555	 -0.064
	 -0.555	  0.831	  0.015
	  0.061	  0.023	  0.998

3 	  44.10	   0.04	   2.07
	 -0.468	  0.198	 -0.861
	 -0.059	 -0.979	 -0.194
	 -0.882	 -0.040	  0.470

4 	  37.30	   6.01	  -4.46
	  0.561	  0.826	  0.044
	 -0.695	  0.441	  0.568
	  0.450	 -0.349	  0.822

5 	  39.36	   6.84	   8.84
	  0.522	  0.145	  0.840
	  0.242	 -0.970	  0.017
	  0.818	  0.194	 -0.542

6 	  49.52	   7.22	   5.06
	  0.803	 -0.322	 -0.501
	  0.592	  0.341	  0.730
	 -0.064	 -0.883	  0.464

7 	  39.99	  -8.44	  -4.61
	  0.452	 -0.783	  0.426
	  0.891	  0.392	 -0.226
	  0.009	  0.482	  0.876

8 	  41.03	  -9.05	   8.26
	  0.580	  0.020	  0.814
	  0.076	 -0.997	 -0.029
	  0.811	  0.079	 -0.580

9 	  51.80	  -6.96	   5.84
	  0.807	  0.467	 -0.361
	 -0.409	  0.002	 -0.912
	 -0.425	  0.884	  0.193

2 	  32.75	  -6.77	  22.96
	  0.829	  0.555	 -0.064
	 -0.555	  0.831	  0.015
	  0.061	  0.023	  0.998

3 	  44.10	   0.05	   2.06
	 -0.470	  0.200	 -0.860
	 -0.057	 -0.979	 -0.196
	 -0.881	 -0.043	  0.471

4 	  37.27	   6.05	  -4.43
	  0.553	  0.831	  0.053
	 -0.700	  0.430	  0.569
	  0.451	 -0.353	  0.820

5 	  39.34	   6.82	   8.86
	  0.517	  0.167	  0.839
	  0.294	 -0.956	  0.010
	  0.804	  0.241	 -0.543

6 	  49.50	   8.19	   5.27
	  0.837	 -0.234	 -0.494
	  0.546	  0.380	  0.746
	  0.013	 -0.895	  0.446

7 	  39.96	  -8.38	  -4.59
	  0.443	 -0.786	  0.431
	  0.896	  0.381	 -0.228
	  0.014	  0.488	  0.873

8 	  40.90	  -9.09	   8.23
	  0.582	 -0.005	  0.813
	  0.031	 -0.999	 -0.028
	  0.812	  0.041	 -0.581

9 	  51.73	  -7.98	   5.68
	  0.844	  0.380	 -0.377
	 -0.420	  0.035	 -0.907
	 -0.331	  0.924	  0.190

2 	  32.75	  -6.79	  22.96
	  0.829	  0.555	 -0.064
	 -0.555	  0.831	  0.015
	  0.062	  0.023	  0.998

3 	  44.09	   0.05	   2.06
	 -0.471	  0.199	 -0.859
	 -0.055	 -0.979	 -0.198
	 -0.880	 -0.046	  0.472

4 	  37.27	   6.03	  -4.41
	  0.549	  0.833	  0.065
	 -0.706	  0.419	  0.571
	  0.448	 -0.360	  0.818

5 	  39.34	   6.82	   8.88
	  0.514	  0.188	  0.836
	  0.337	 -0.941	  0.004
	  0.788	  0.280	 -0.548

6 	  49.39	   8.89	   5.29
	  0.853	 -0.166	 -0.495
	  0.517	  0.399	  0.757
	  0.072	 -0.902	  0.427

7 	  39.90	  -8.38	  -4.59
	  0.435	 -0.788	  0.435
	  0.900	  0.369	 -0.233
	  0.023	  0.492	  0.870

8 	  40.85	  -9.14	   8.23
	  0.589	 -0.032	  0.807
	 -0.005	 -0.999	 -0.036
	  0.808	  0.017	 -0.589

9 	  51.68	  -8.82	   5.54
	  0.867	  0.314	 -0.387
	 -0.428	  0.071	 -0.901
	 -0.255	  0.947	  0.196

2 	  32.77	  -6.77	  22.96
	  0.829	  0.555	 -0.064
	 -0.555	  0.831	  0.015
	  0.061	  0.023	  0.998

3 	  44.10	   0.07	   2.04
	 -0.473	  0.197	 -0.859
	 -0.046	 -0.979	 -0.199
	 -0.880	 -0.055	  0.472

4 	  37.23	   6.03	  -4.39
	  0.545	  0.836	  0.070
	 -0.708	  0.413	  0.572
	  0.449	 -0.362	  0.817

5 	  39.25	   6.84	   8.91
	  0.506	  0.214	  0.835
	  0.388	 -0.921	  0.000
	  0.770	  0.324	 -0.550

6 	  49.18	   9.77	   5.33
	  0.859	 -0.098	 -0.501
	  0.491	  0.426	  0.760
	  0.139	 -0.900	  0.414

7 	  39.81	  -8.38	  -4.61
	  0.423	 -0.797	  0.431
	  0.905	  0.352	 -0.238
	  0.037	  0.491	  0.870

8 	  40.59	  -9.33	   8.21
	  0.586	 -0.087	  0.806
	 -0.076	 -0.996	 -0.053
	  0.807	 -0.030	 -0.590

9 	  51.36	  -9.84	   5.43
	  0.887	  0.242	 -0.393
	 -0.430	  0.120	 -0.895
	 -0.169	  0.963	  0.211

2 	  32.75	  -6.79	  22.96
	  0.829	  0.555	 -0.064
	 -0.555	  0.831	  0.015
	  0.061	  0.023	  0.998

3 	  44.09	   0.09	   2.06
	 -0.475	  0.193	 -0.858
	 -0.037	 -0.979	 -0.200
	 -0.879	 -0.063	  0.473

4 	  37.20	   6.03	  -4.38
	  0.539	  0.839	  0.077
	 -0.714	  0.406	  0.571
	  0.447	 -0.363	  0.817

5 	  39.23	   6.75	   8.95
	  0.499	  0.222	  0.837
	  0.425	 -0.905	 -0.014
	  0.755	  0.363	 -0.546

6 	  48.94	  10.46	   5.41
	  0.860	 -0.019	 -0.509
	  0.471	  0.411	  0.781
	  0.194	 -0.911	  0.362

7 	  39.74	  -8.38	  -4.59
	  0.412	 -0.802	  0.432
	  0.910	  0.339	 -0.238
	  0.045	  0.491	  0.870

8 	  40.43	  -9.32	   8.23
	  0.578	 -0.110	  0.809
	 -0.121	 -0.991	 -0.049
	  0.807	 -0.069	 -0.586

9 	  51.06	 -10.78	   5.31
	  0.898	  0.162	 -0.408
	 -0.431	  0.153	 -0.889
	 -0.081	  0.974	  0.208

2 	  32.75	  -6.79	  22.96
	  0.829	  0.554	 -0.064
	 -0.555	  0.831	  0.015
	  0.061	  0.023	  0.998

3 	  44.09	   0.07	   2.04
	 -0.476	  0.194	 -0.858
	 -0.036	 -0.979	 -0.201
	 -0.879	 -0.065	  0.473

4 	  37.16	   6.01	  -4.36
	  0.529	  0.844	  0.082
	 -0.723	  0.398	  0.565
	  0.445	 -0.358	  0.821

5 	  39.22	   6.77	   8.89
	  0.499	  0.242	  0.832
	  0.463	 -0.886	 -0.020
	  0.732	  0.395	 -0.555

6 	  48.73	  11.09	   5.41
	  0.860	  0.032	 -0.510
	  0.447	  0.436	  0.781
	  0.247	 -0.899	  0.360

7 	  39.76	  -8.40	  -4.59
	  0.398	 -0.810	  0.432
	  0.916	  0.323	 -0.238
	  0.052	  0.490	  0.870

8 	  40.27	  -9.32	   8.30
	  0.565	 -0.139	  0.813
	 -0.181	 -0.982	 -0.042
	  0.805	 -0.123	 -0.581

9 	  50.70	 -11.57	   5.27
	  0.904	  0.086	 -0.418
	 -0.427	  0.179	 -0.886
	 -0.002	  0.980	  0.199

2 	  32.75	  -6.79	  22.96
	  0.829	  0.555	 -0.064
	 -0.555	  0.831	  0.015
	  0.061	  0.023	  0.998

3 	  44.07	   0.11	   2.04
	 -0.478	  0.188	 -0.858
	 -0.028	 -0.979	 -0.200
	 -0.878	 -0.072	  0.474

4 	  37.12	   5.99	  -4.34
	  0.522	  0.849	  0.085
	 -0.729	  0.392	  0.562
	  0.443	 -0.356	  0.823

5 	  39.20	   6.80	   8.89
	  0.492	  0.258	  0.831
	  0.492	 -0.870	 -0.021
	  0.718	  0.419	 -0.556

6 	  48.59	  11.44	   5.40
	  0.857	  0.065	 -0.511
	  0.435	  0.439	  0.786
	  0.276	 -0.896	  0.348

7 	  39.66	  -8.42	  -4.57
	  0.381	 -0.818	  0.432
	  0.922	  0.303	 -0.239
	  0.064	  0.489	  0.870

8 	  40.18	  -9.28	   8.31
	  0.563	 -0.166	  0.809
	 -0.228	 -0.973	 -0.042
	  0.794	 -0.161	 -0.586

9 	  50.36	 -12.23	   5.19
	  0.903	  0.022	 -0.429
	 -0.425	  0.199	 -0.883
	  0.065	  0.979	  0.189

2 	  32.75	  -6.79	  22.96
	  0.829	  0.555	 -0.064
	 -0.555	  0.831	  0.015
	  0.062	  0.023	  0.998

3 	  44.07	   0.12	   2.02
	 -0.479	  0.186	 -0.858
	 -0.025	 -0.980	 -0.198
	 -0.878	 -0.074	  0.473

4 	  37.11	   6.01	  -4.34
	  0.522	  0.849	  0.086
	 -0.729	  0.391	  0.562
	  0.444	 -0.356	  0.822

5 	  39.18	   6.86	   8.91
	  0.487	  0.273	  0.829
	  0.512	 -0.858	 -0.018
	  0.707	  0.434	 -0.558

6 	  48.43	  11.92	   5.41
	  0.855	  0.099	 -0.509
	  0.414	  0.458	  0.786
	  0.311	 -0.883	  0.350

7 	  39.57	  -8.42	  -4.57
	  0.367	 -0.824	  0.431
	  0.927	  0.285	 -0.245
	  0.079	  0.489	  0.868

8 	  40.01	  -9.37	   8.31
	  0.557	 -0.209	  0.803
	 -0.286	 -0.957	 -0.050
	  0.779	 -0.202	 -0.593

9 	  49.89	 -13.08	   4.99
	  0.895	 -0.043	 -0.444
	 -0.423	  0.231	 -0.876
	  0.140	  0.972	  0.188

2 	  32.75	  -6.77	  22.96
	  0.829	  0.555	 -0.064
	 -0.555	  0.831	  0.015
	  0.061	  0.023	  0.998

3 	  44.05	   0.11	   2.04
	 -0.480	  0.182	 -0.858
	 -0.023	 -0.980	 -0.195
	 -0.877	 -0.074	  0.475

4 	  37.11	   5.99	  -4.34
	  0.523	  0.848	  0.087
	 -0.728	  0.391	  0.563
	  0.443	 -0.358	  0.822

5 	  39.18	   6.87	   8.86
	  0.486	  0.283	  0.827
	  0.520	 -0.854	 -0.013
	  0.702	  0.437	 -0.562

6 	  48.39	  11.99	   5.43
	  0.856	  0.106	 -0.506
	  0.409	  0.460	  0.788
	  0.316	 -0.882	  0.350

7 	  39.50	  -8.44	  -4.55
	  0.360	 -0.826	  0.433
	  0.928	  0.275	 -0.249
	  0.087	  0.492	  0.866

8 	  40.06	  -9.39	   8.35
	  0.556	 -0.230	  0.798
	 -0.322	 -0.945	 -0.049
	  0.766	 -0.230	 -0.600

9 	  49.71	 -13.54	   4.92
	  0.888	 -0.081	 -0.452
	 -0.421	  0.251	 -0.872
	  0.184	  0.964	  0.189

2 	  32.75	  -6.79	  22.96
	  0.829	  0.555	 -0.064
	 -0.555	  0.831	  0.015
	  0.061	  0.023	  0.998

3 	  44.05	   0.05	   2.00
	 -0.480	  0.177	 -0.859
	 -0.019	 -0.981	 -0.192
	 -0.877	 -0.075	  0.474

4 	  37.11	   5.96	  -4.36
	  0.522	  0.848	  0.087
	 -0.729	  0.391	  0.561
	  0.442	 -0.356	  0.823

5 	  39.11	   6.94	   8.84
	  0.472	  0.303	  0.828
	  0.539	 -0.842	  0.000
	  0.697	  0.446	 -0.561

6 	  48.27	  12.23	   5.36
	  0.858	  0.115	 -0.501
	  0.392	  0.482	  0.783
	  0.332	 -0.869	  0.368

7 	  39.50	  -8.47	  -4.54
	  0.355	 -0.828	  0.433
	  0.930	  0.268	 -0.251
	  0.091	  0.491	  0.866

8 	  40.03	  -9.40	   8.37
	  0.551	 -0.255	  0.794
	 -0.354	 -0.933	 -0.054
	  0.755	 -0.252	 -0.605

9 	  49.55	 -13.83	   4.83
	  0.884	 -0.102	 -0.456
	 -0.418	  0.264	 -0.869
	  0.209	  0.959	  0.191

2 	  32.75	  -6.79	  22.96
	  0.829	  0.554	 -0.064
	 -0.555	  0.831	  0.015
	  0.061	  0.023	  0.998

3 	  44.05	   0.09	   2.04
	 -0.478	  0.173	 -0.861
	 -0.013	 -0.981	 -0.191
	 -0.878	 -0.081	  0.472

4 	  37.07	   5.91	  -4.34
	  0.520	  0.849	  0.089
	 -0.732	  0.389	  0.559
	  0.440	 -0.357	  0.824

5 	  39.11	   6.94	   8.84
	  0.471	  0.309	  0.826
	  0.551	 -0.835	 -0.002
	  0.689	  0.455	 -0.564

6 	  48.16	  12.39	   5.36
	  0.854	  0.131	 -0.504
	  0.390	  0.479	  0.786
	  0.344	 -0.868	  0.358

7 	  39.45	  -8.47	  -4.55
	  0.350	 -0.832	  0.431
	  0.931	  0.260	 -0.254
	  0.099	  0.490	  0.866

8 	  39.96	  -9.51	   8.30
	  0.550	 -0.277	  0.788
	 -0.378	 -0.924	 -0.061
	  0.744	 -0.264	 -0.613

9 	  49.36	 -14.13	   4.71
	  0.879	 -0.118	 -0.462
	 -0.417	  0.279	 -0.865
	  0.231	  0.953	  0.197

2 	  32.75	  -6.79	  22.96
	  0.829	  0.555	 -0.064
	 -0.555	  0.831	  0.015
	  0.061	  0.023	  0.998

3 	  44.05	   0.07	   2.04
	 -0.478	  0.174	 -0.861
	 -0.011	 -0.981	 -0.192
	 -0.878	 -0.082	  0.471

4 	  37.05	   5.92	  -4.34
	  0.520	  0.849	  0.091
	 -0.732	  0.388	  0.559
	  0.439	 -0.358	  0.823

5 	  39.13	   7.00	   8.84
	  0.472	  0.320	  0.821
	  0.567	 -0.823	 -0.005
	  0.674	  0.468	 -0.571

6 	  48.02	  12.80	   5.29
	  0.842	  0.160	 -0.515
	  0.386	  0.485	  0.784
	  0.375	 -0.860	  0.347

7 	  39.41	  -8.46	  -4.57
	  0.346	 -0.835	  0.426
	  0.932	  0.256	 -0.257
	  0.105	  0.486	  0.867

8 	  39.85	  -9.56	   8.26
	  0.540	 -0.304	  0.785
	 -0.405	 -0.911	 -0.075
	  0.738	 -0.277	 -0.615

9 	  49.11	 -14.41	   4.61
	  0.878	 -0.132	 -0.460
	 -0.407	  0.303	 -0.862
	  0.253	  0.944	  0.213

2 	  32.75	  -6.79	  22.96
	  0.829	  0.555	 -0.064
	 -0.555	  0.831	  0.015
	  0.061	  0.023	  0.998

3 	  44.05	   0.09	   2.04
	 -0.474	  0.174	 -0.863
	 -0.002	 -0.980	 -0.197
	 -0.880	 -0.092	  0.465

4 	  37.04	   5.91	  -4.31
	  0.520	  0.849	  0.097
	 -0.734	  0.386	  0.558
	  0.437	 -0.361	  0.824

5 	  39.11	   7.05	   8.86
	  0.464	  0.338	  0.818
	  0.590	 -0.807	 -0.001
	  0.660	  0.483	 -0.575

6 	  47.83	  13.06	   5.26
	  0.833	  0.180	 -0.522
	  0.385	  0.488	  0.783
	  0.396	 -0.854	  0.337

7 	  39.36	  -8.46	  -4.59
	  0.341	 -0.839	  0.423
	  0.933	  0.248	 -0.260
	  0.113	  0.483	  0.868

8 	  39.64	  -9.70	   8.21
	  0.523	 -0.333	  0.785
	 -0.431	 -0.897	 -0.093
	  0.735	 -0.290	 -0.613

9 	  48.83	 -14.73	   4.59
	  0.881	 -0.143	 -0.450
	 -0.388	  0.323	 -0.863
	  0.269	  0.935	  0.230

2 	  32.75	  -6.79	  22.96
	  0.829	  0.555	 -0.064
	 -0.555	  0.831	  0.015
	  0.061	  0.023	  0.998

3 	  44.02	   0.05	   2.00
	 -0.473	  0.174	 -0.864
	  0.004	 -0.980	 -0.200
	 -0.881	 -0.099	  0.463

4 	  37.04	   5.92	  -4.27
	  0.519	  0.848	  0.103
	 -0.737	  0.383	  0.557
	  0.433	 -0.366	  0.824

5 	  39.09	   7.08	   8.89
	  0.460	  0.348	  0.816
	  0.601	 -0.799	  0.002
	  0.653	  0.490	 -0.577

6 	  47.65	  13.18	   5.13
	  0.821	  0.192	 -0.538
	  0.393	  0.492	  0.776
	  0.413	 -0.849	  0.329

7 	  39.32	  -8.46	  -4.59
	  0.335	 -0.844	  0.418
	  0.935	  0.242	 -0.260
	  0.118	  0.478	  0.870

8 	  39.52	  -9.83	   8.21
	  0.504	 -0.367	  0.782
	 -0.469	 -0.876	 -0.109
	  0.725	 -0.312	 -0.614

9 	  48.62	 -15.08	   4.59
	  0.882	 -0.160	 -0.444
	 -0.369	  0.352	 -0.860
	  0.294	  0.922	  0.252

2 	  32.75	  -6.79	  22.96
	  0.829	  0.555	 -0.064
	 -0.555	  0.831	  0.015
	  0.061	  0.023	  0.998

3 	  44.03	   0.05	   2.02
	 -0.470	  0.169	 -0.866
	  0.017	 -0.979	 -0.200
	 -0.882	 -0.109	  0.457

4 	  37.05	   5.92	  -4.22
	  0.518	  0.848	  0.114
	 -0.743	  0.379	  0.552
	  0.424	 -0.371	  0.826

5 	  39.02	   7.19	   8.93
	  0.447	  0.370	  0.814
	  0.617	 -0.787	  0.019
	  0.647	  0.494	 -0.580

6 	  47.41	  13.48	   5.06
	  0.808	  0.204	 -0.552
	  0.400	  0.497	  0.770
	  0.431	 -0.843	  0.320

7 	  39.32	  -8.46	  -4.59
	  0.329	 -0.847	  0.418
	  0.936	  0.236	 -0.259
	  0.121	  0.477	  0.871

8 	  39.46	  -9.91	   8.19
	  0.493	 -0.385	  0.780
	 -0.487	 -0.865	 -0.119
	  0.720	 -0.322	 -0.614

9 	  48.50	 -15.28	   4.57
	  0.881	 -0.172	 -0.440
	 -0.359	  0.362	 -0.860
	  0.307	  0.916	  0.257

2 	  32.75	  -6.79	  22.96
	  0.829	  0.555	 -0.064
	 -0.555	  0.831	  0.015
	  0.061	  0.023	  0.998

3 	  44.03	   0.04	   2.02
	 -0.468	  0.168	 -0.867
	  0.021	 -0.979	 -0.201
	 -0.883	 -0.112	  0.455

4 	  37.07	   5.92	  -4.18
	  0.518	  0.847	  0.120
	 -0.745	  0.378	  0.549
	  0.420	 -0.374	  0.827

5 	  38.95	   7.29	   8.93
	  0.436	  0.387	  0.812
	  0.628	 -0.778	  0.033
	  0.644	  0.495	 -0.582

6 	  47.18	  13.69	   4.87
	  0.798	  0.208	 -0.565
	  0.395	  0.527	  0.752
	  0.454	 -0.824	  0.339

7 	  39.34	  -8.42	  -4.59
	  0.325	 -0.850	  0.413
	  0.938	  0.234	 -0.256
	  0.121	  0.471	  0.874

8 	  39.38	 -10.05	   8.16
	  0.478	 -0.408	  0.778
	 -0.507	 -0.852	 -0.135
	  0.717	 -0.330	 -0.614

9 	  48.36	 -15.54	   4.57
	  0.883	 -0.182	 -0.432
	 -0.343	  0.379	 -0.860
	  0.320	  0.907	  0.272

2 	  32.75	  -6.79	  22.96
	  0.829	  0.555	 -0.064
	 -0.555	  0.831	  0.015
	  0.061	  0.023	  0.998

3 	  44.03	   0.05	   2.04
	 -0.466	  0.167	 -0.869
	  0.028	 -0.979	 -0.203
	 -0.884	 -0.119	  0.451

4 	  37.07	   5.92	  -4.15
	  0.515	  0.847	  0.127
	 -0.749	  0.373	  0.547
	  0.416	 -0.377	  0.827

5 	  38.92	   7.31	   8.98
	  0.429	  0.392	  0.813
	  0.636	 -0.771	  0.035
	  0.641	  0.502	 -0.580

6 	  47.09	  13.78	   4.97
	  0.796	  0.217	 -0.565
	  0.396	  0.518	  0.758
	  0.457	 -0.827	  0.327

7 	  39.29	  -8.38	  -4.61
	  0.320	 -0.855	  0.408
	  0.939	  0.231	 -0.254
	  0.123	  0.465	  0.877

8 	  39.32	 -10.12	   8.12
	  0.469	 -0.427	  0.773
	 -0.524	 -0.839	 -0.145
	  0.711	 -0.338	 -0.617

9 	  48.22	 -15.70	   4.55
	  0.883	 -0.189	 -0.430
	 -0.338	  0.380	 -0.861
	  0.326	  0.905	  0.271

2 	  32.75	  -6.79	  22.96
	  0.829	  0.555	 -0.064
	 -0.555	  0.831	  0.015
	  0.061	  0.023	  0.998

3 	  44.02	   0.07	   2.04
	 -0.461	  0.172	 -0.870
	  0.035	 -0.977	 -0.211
	 -0.886	 -0.128	  0.444

4 	  37.07	   5.96	  -4.11
	  0.513	  0.848	  0.131
	 -0.751	  0.369	  0.547
	  0.416	 -0.380	  0.826

5 	  38.88	   7.29	   9.09
	  0.423	  0.397	  0.814
	  0.652	 -0.758	  0.031
	  0.629	  0.518	 -0.580

6 	  46.86	  13.97	   4.96
	  0.781	  0.240	 -0.577
	  0.400	  0.518	  0.756
	  0.480	 -0.821	  0.308

7 	  39.29	  -8.37	  -4.62
	  0.312	 -0.862	  0.399
	  0.941	  0.224	 -0.252
	  0.127	  0.454	  0.881

8 	  39.23	 -10.23	   8.09
	  0.451	 -0.453	  0.769
	 -0.557	 -0.816	 -0.153
	  0.697	 -0.359	 -0.621

9 	  47.87	 -16.22	   4.38
	  0.873	 -0.222	 -0.434
	 -0.325	  0.400	 -0.857
	  0.364	  0.889	  0.277

2 	  32.75	  -6.79	  22.96
	  0.829	  0.555	 -0.064
	 -0.555	  0.831	  0.015
	  0.061	  0.023	  0.998

3 	  44.02	   0.07	   2.04
	 -0.460	  0.172	 -0.871
	  0.039	 -0.976	 -0.214
	 -0.887	 -0.132	  0.442

4 	  37.00	   5.96	  -4.06
	  0.507	  0.850	  0.138
	 -0.755	  0.361	  0.547
	  0.415	 -0.382	  0.826

5 	  38.85	   7.26	   9.11
	  0.419	  0.398	  0.816
	  0.657	 -0.753	  0.029
	  0.626	  0.524	 -0.578

6 	  46.72	  14.04	   4.96
	  0.772	  0.249	 -0.584
	  0.409	  0.508	  0.758
	  0.485	 -0.825	  0.290

7 	  39.25	  -8.37	  -4.61
	  0.307	 -0.864	  0.399
	  0.943	  0.219	 -0.252
	  0.130	  0.453	  0.881

8 	  39.22	 -10.20	   8.14
	  0.447	 -0.457	  0.768
	 -0.573	 -0.806	 -0.146
	  0.686	 -0.375	 -0.623

9 	  47.62	 -16.45	   4.34
	  0.859	 -0.250	 -0.446
	 -0.327	  0.401	 -0.855
	  0.392	  0.881	  0.264

2 	  32.75	  -6.79	  22.96
	  0.829	  0.555	 -0.064
	 -0.555	  0.831	  0.015
	  0.061	  0.023	  0.998

3 	  44.03	   0.04	   2.02
	 -0.460	  0.168	 -0.872
	  0.043	 -0.976	 -0.212
	 -0.887	 -0.135	  0.441

4 	  37.02	   5.92	  -4.06
	  0.507	  0.851	  0.137
	 -0.757	  0.363	  0.543
	  0.413	 -0.380	  0.828

5 	  38.81	   7.24	   9.07
	  0.418	  0.400	  0.815
	  0.659	 -0.752	  0.030
	  0.625	  0.525	 -0.578

6 	  46.65	  14.06	   4.89
	  0.768	  0.253	 -0.589
	  0.413	  0.507	  0.756
	  0.490	 -0.824	  0.285

7 	  39.15	  -8.44	  -4.59
	  0.284	 -0.873	  0.396
	  0.948	  0.196	 -0.250
	  0.140	  0.447	  0.883

8 	  39.06	 -10.09	   8.24
	  0.436	 -0.455	  0.776
	 -0.594	 -0.794	 -0.131
	  0.676	 -0.404	 -0.617

9 	  47.18	 -16.72	   4.46
	  0.843	 -0.291	 -0.452
	 -0.319	  0.405	 -0.857
	  0.432	  0.866	  0.249

2 	  32.75	  -6.79	  22.96
	  0.829	  0.554	 -0.064
	 -0.555	  0.831	  0.015
	  0.062	  0.023	  0.998

3 	  44.02	   0.02	   2.00
	 -0.459	  0.161	 -0.873
	  0.047	 -0.977	 -0.206
	 -0.887	 -0.136	  0.441

4 	  37.02	   5.92	  -4.08
	  0.508	  0.851	  0.134
	 -0.758	  0.368	  0.538
	  0.409	 -0.375	  0.832

5 	  38.81	   7.26	   9.05
	  0.418	  0.401	  0.815
	  0.657	 -0.753	  0.034
	  0.628	  0.521	 -0.578

6 	  46.65	  14.08	   4.90
	  0.768	  0.254	 -0.587
	  0.415	  0.500	  0.760
	  0.487	 -0.828	  0.278

7 	  39.09	  -8.46	  -4.55
	  0.275	 -0.876	  0.396
	  0.950	  0.187	 -0.248
	  0.143	  0.444	  0.884

8 	  39.04	 -10.09	   8.28
	  0.437	 -0.455	  0.775
	 -0.599	 -0.791	 -0.127
	  0.671	 -0.409	 -0.619

9 	  47.13	 -16.73	   4.39
	  0.838	 -0.290	 -0.462
	 -0.328	  0.408	 -0.852
	  0.435	  0.866	  0.247

2 	  32.75	  -6.79	  22.96
	  0.829	  0.555	 -0.064
	 -0.555	  0.831	  0.015
	  0.062	  0.023	  0.998

3 	  44.03	   0.00	   2.00
	 -0.458	  0.161	 -0.874
	  0.048	 -0.977	 -0.206
	 -0.888	 -0.136	  0.440

4 	  37.04	   5.92	  -4.08
	  0.509	  0.850	  0.133
	 -0.759	  0.370	  0.536
	  0.406	 -0.375	  0.833

5 	  38.76	   7.08	   9.12
	  0.416	  0.383	  0.825
	  0.656	 -0.754	  0.019
	  0.629	  0.533	 -0.565

6 	  46.56	  13.96	   5.08
	  0.762	  0.267	 -0.590
	  0.431	  0.471	  0.769
	  0.484	 -0.841	  0.244

7 	  39.08	  -8.46	  -4.59
	  0.266	 -0.883	  0.386
	  0.953	  0.181	 -0.243
	  0.144	  0.432	  0.890

8 	  39.02	 -10.09	   8.24
	  0.435	 -0.457	  0.776
	 -0.599	 -0.790	 -0.129
	  0.672	 -0.409	 -0.618

9 	  47.07	 -16.72	   4.32
	  0.836	 -0.285	 -0.468
	 -0.340	  0.399	 -0.851
	  0.429	  0.871	  0.237

2 	  32.75	  -6.79	  22.96
	  0.829	  0.555	 -0.064
	 -0.555	  0.831	  0.015
	  0.061	  0.023	  0.998

3 	  44.03	   0.00	   1.99
	 -0.457	  0.164	 -0.874
	  0.050	 -0.976	 -0.210
	 -0.888	 -0.140	  0.438

4 	  37.00	   5.96	  -4.04
	  0.505	  0.851	  0.139
	 -0.762	  0.365	  0.534
	  0.404	 -0.376	  0.833

5 	  38.74	   7.00	   9.14
	  0.411	  0.378	  0.829
	  0.670	 -0.742	  0.006
	  0.618	  0.553	 -0.559

6 	  46.41	  14.12	   5.15
	  0.751	  0.289	 -0.594
	  0.438	  0.455	  0.775
	  0.494	 -0.842	  0.215

7 	  39.08	  -8.44	  -4.62
	  0.266	 -0.885	  0.383
	  0.953	  0.182	 -0.243
	  0.145	  0.430	  0.891

8 	  39.08	 -10.11	   8.19
	  0.431	 -0.468	  0.771
	 -0.611	 -0.781	 -0.132
	  0.664	 -0.415	 -0.622

9 	  47.06	 -16.73	   4.27
	  0.834	 -0.286	 -0.472
	 -0.343	  0.401	 -0.849
	  0.432	  0.870	  0.237

2 	  32.75	  -6.79	  22.96
	  0.829	  0.555	 -0.064
	 -0.555	  0.831	  0.015
	  0.062	  0.023	  0.998

3 	  44.03	   0.00	   2.00
	 -0.456	  0.165	 -0.874
	  0.052	 -0.976	 -0.211
	 -0.888	 -0.142	  0.437

4 	  36.98	   5.96	  -4.04
	  0.502	  0.854	  0.139
	 -0.764	  0.362	  0.533
	  0.405	 -0.374	  0.834

5 	  38.69	   7.10	   9.07
	  0.406	  0.395	  0.824
	  0.681	 -0.732	  0.016
	  0.610	  0.555	 -0.566

6 	  46.30	  14.24	   5.06
	  0.746	  0.292	 -0.598
	  0.435	  0.464	  0.771
	  0.503	 -0.836	  0.219

7 	  39.08	  -8.44	  -4.61
	  0.266	 -0.885	  0.383
	  0.953	  0.181	 -0.243
	  0.145	  0.429	  0.891

8 	  39.09	 -10.09	   8.19
	  0.427	 -0.477	  0.768
	 -0.625	 -0.770	 -0.130
	  0.653	 -0.425	 -0.627

9 	  46.97	 -16.86	   4.15
	  0.824	 -0.297	 -0.482
	 -0.348	  0.404	 -0.845
	  0.446	  0.865	  0.230

2 	  32.75	  -6.79	  22.96
	  0.829	  0.555	 -0.064
	 -0.555	  0.831	  0.015
	  0.061	  0.023	  0.998

3 	  44.03	   0.04	   1.99
	 -0.457	  0.163	 -0.874
	  0.054	 -0.976	 -0.211
	 -0.888	 -0.143	  0.437

4 	  36.90	   5.94	  -4.06
	  0.496	  0.858	  0.134
	 -0.768	  0.360	  0.530
	  0.406	 -0.366	  0.837

5 	  38.65	   7.15	   9.07
	  0.403	  0.405	  0.820
	  0.690	 -0.724	  0.018
	  0.601	  0.559	 -0.571

6 	  46.09	  14.41	   4.89
	  0.733	  0.302	 -0.610
	  0.444	  0.466	  0.765
	  0.515	 -0.832	  0.207

7 	  39.02	  -8.42	  -4.61
	  0.266	 -0.885	  0.381
	  0.952	  0.181	 -0.247
	  0.149	  0.428	  0.891

8 	  39.06	 -10.12	   8.21
	  0.426	 -0.480	  0.767
	 -0.629	 -0.766	 -0.130
	  0.650	 -0.427	 -0.628

9 	  46.93	 -16.89	   4.13
	  0.823	 -0.298	 -0.483
	 -0.348	  0.407	 -0.845
	  0.448	  0.863	  0.231

2 	  32.75	  -6.79	  22.94
	  0.829	  0.554	 -0.064
	 -0.555	  0.831	  0.015
	  0.062	  0.023	  0.998

3 	  44.02	   0.04	   1.99
	 -0.457	  0.163	 -0.874
	  0.060	 -0.975	 -0.214
	 -0.887	 -0.151	  0.436

4 	  36.86	   5.92	  -4.06
	  0.491	  0.860	  0.137
	 -0.772	  0.357	  0.525
	  0.402	 -0.364	  0.840

5 	  38.57	   7.05	   9.11
	  0.396	  0.403	  0.825
	  0.702	 -0.712	  0.010
	  0.592	  0.575	 -0.565

6 	  45.83	  14.45	   4.90
	  0.721	  0.317	 -0.616
	  0.448	  0.464	  0.764
	  0.528	 -0.827	  0.193

7 	  39.04	  -8.40	  -4.62
	  0.267	 -0.887	  0.378
	  0.952	  0.182	 -0.245
	  0.149	  0.425	  0.893

8 	  39.06	 -10.14	   8.17
	  0.425	 -0.483	  0.765
	 -0.630	 -0.766	 -0.133
	  0.650	 -0.425	 -0.630

9 	  46.92	 -16.91	   4.08
	  0.824	 -0.297	 -0.483
	 -0.347	  0.411	 -0.843
	  0.448	  0.862	  0.236

2 	  32.75	  -6.79	  22.96
	  0.829	  0.555	 -0.064
	 -0.555	  0.831	  0.015
	  0.061	  0.023	  0.998

3 	  44.00	   0.07	   1.97
	 -0.458	  0.163	 -0.874
	  0.064	 -0.974	 -0.216
	 -0.887	 -0.155	  0.435

4 	  36.84	   5.96	  -4.04
	  0.484	  0.863	  0.141
	 -0.779	  0.352	  0.519
	  0.398	 -0.361	  0.843

5 	  38.48	   7.05	   9.12
	  0.391	  0.403	  0.827
	  0.707	 -0.707	  0.009
	  0.588	  0.582	 -0.562

6 	  45.72	  14.55	   4.94
	  0.715	  0.327	 -0.618
	  0.454	  0.455	  0.766
	  0.531	 -0.828	  0.177

7 	  39.04	  -8.37	  -4.64
	  0.263	 -0.888	  0.375
	  0.953	  0.181	 -0.241
	  0.146	  0.421	  0.895

8 	  39.06	 -10.14	   8.17
	  0.425	 -0.482	  0.766
	 -0.628	 -0.766	 -0.134
	  0.652	 -0.424	 -0.629

9 	  46.92	 -16.89	   4.08
	  0.824	 -0.296	 -0.483
	 -0.345	  0.413	 -0.843
	  0.449	  0.861	  0.239

2 	  32.75	  -6.79	  22.96
	  0.829	  0.555	 -0.064
	 -0.555	  0.831	  0.015
	  0.061	  0.023	  0.998

3 	  44.00	   0.09	   1.97
	 -0.458	  0.163	 -0.874
	  0.066	 -0.974	 -0.216
	 -0.886	 -0.157	  0.435

4 	  36.83	   5.96	  -4.04
	  0.484	  0.864	  0.141
	 -0.780	  0.352	  0.518
	  0.397	 -0.361	  0.843

5 	  38.44	   7.05	   9.12
	  0.387	  0.406	  0.828
	  0.713	 -0.701	  0.010
	  0.584	  0.586	 -0.561

6 	  45.58	  14.62	   4.92
	  0.709	  0.335	 -0.621
	  0.460	  0.447	  0.767
	  0.535	 -0.829	  0.163

7 	  39.01	  -8.37	  -4.66
	  0.261	 -0.890	  0.373
	  0.954	  0.179	 -0.240
	  0.147	  0.419	  0.896

8 	  39.04	 -10.14	   8.16
	  0.424	 -0.483	  0.766
	 -0.630	 -0.765	 -0.135
	  0.651	 -0.425	 -0.629

9 	  46.88	 -16.93	   4.08
	  0.823	 -0.297	 -0.484
	 -0.347	  0.411	 -0.843
	  0.449	  0.861	  0.236

2 	  32.75	  -6.79	  22.96
	  0.829	  0.555	 -0.064
	 -0.555	  0.831	  0.015
	  0.061	  0.023	  0.998

3 	  43.98	   0.09	   1.97
	 -0.459	  0.163	 -0.874
	  0.066	 -0.974	 -0.216
	 -0.886	 -0.157	  0.436

4 	  36.81	   5.96	  -4.04
	  0.483	  0.864	  0.141
	 -0.782	  0.353	  0.513
	  0.394	 -0.358	  0.846

5 	  38.37	   7.08	   9.11
	  0.378	  0.416	  0.827
	  0.723	 -0.691	  0.017
	  0.578	  0.591	 -0.562

6 	  45.40	  14.73	   4.87
	  0.700	  0.343	 -0.627
	  0.465	  0.447	  0.764
	  0.542	 -0.826	  0.153

7 	  38.99	  -8.38	  -4.66
	  0.255	 -0.892	  0.373
	  0.955	  0.174	 -0.239
	  0.149	  0.417	  0.896

8 	  39.01	 -10.12	   8.17
	  0.422	 -0.484	  0.767
	 -0.633	 -0.763	 -0.134
	  0.650	 -0.429	 -0.628

9 	  46.83	 -16.95	   4.10
	  0.821	 -0.303	 -0.484
	 -0.349	  0.404	 -0.845
	  0.452	  0.863	  0.226

2 	  32.75	  -6.79	  22.96
	  0.829	  0.555	 -0.064
	 -0.555	  0.831	  0.015
	  0.061	  0.023	  0.998

3 	  43.98	   0.11	   1.97
	 -0.461	  0.160	 -0.873
	  0.069	 -0.974	 -0.215
	 -0.885	 -0.160	  0.437

4 	  36.79	   5.96	  -4.01
	  0.480	  0.865	  0.142
	 -0.787	  0.353	  0.505
	  0.387	 -0.355	  0.851

5 	  38.34	   7.08	   9.12
	  0.373	  0.421	  0.827
	  0.728	 -0.685	  0.020
	  0.574	  0.595	 -0.562

6 	  45.21	  14.80	   4.80
	  0.690	  0.347	 -0.635
	  0.468	  0.454	  0.758
	  0.551	 -0.821	  0.151

7 	  38.97	  -8.37	  -4.66
	  0.254	 -0.893	  0.372
	  0.956	  0.172	 -0.238
	  0.148	  0.416	  0.897

8 	  38.94	 -10.11	   8.17
	  0.420	 -0.483	  0.768
	 -0.630	 -0.765	 -0.136
	  0.653	 -0.426	 -0.626

9 	  46.83	 -16.91	   4.13
	  0.823	 -0.300	 -0.482
	 -0.349	  0.402	 -0.847
	  0.448	  0.865	  0.227

2 	  32.75	  -6.79	  22.96
	  0.829	  0.555	 -0.064
	 -0.555	  0.831	  0.015
	  0.061	  0.023	  0.998

3 	  43.96	   0.11	   1.95
	 -0.461	  0.160	 -0.873
	  0.070	 -0.974	 -0.216
	 -0.884	 -0.161	  0.438

4 	  36.79	   5.98	  -4.01
	  0.476	  0.867	  0.143
	 -0.793	  0.353	  0.497
	  0.380	 -0.350	  0.856

5 	  38.18	   7.05	   9.12
	  0.359	  0.420	  0.833
	  0.738	 -0.674	  0.022
	  0.571	  0.607	 -0.552

6 	  45.05	  14.85	   4.85
