2 	  32.68	  -7.37	  22.75
	  0.418	  0.908	 -0.029
	 -0.909	  0.417	 -0.010
	  0.004	  0.030	  0.999

3 	  45.14	  -0.95	   1.44
	  0.514	 -0.093	  0.853
	  0.061	  0.995	  0.072
	 -0.856	  0.014	  0.517

4 	  39.85	   6.38	  -3.41
	  0.225	  0.948	  0.224
	 -0.903	  0.116	  0.412
	  0.365	 -0.295	  0.883

5 	  40.82	   8.67	   8.91
	  0.428	  0.125	  0.895
	 -0.567	 -0.735	  0.372
	  0.706	 -0.665	 -0.242

6 	  46.85	   9.63	  19.00
	  0.438	 -0.016	  0.898
	 -0.760	  0.530	  0.375
	 -0.488	 -0.845	  0.219

7 	  39.36	  -8.44	  -2.60
	  0.137	 -0.912	  0.386
	  0.950	  0.010	 -0.312
	  0.281	  0.409	  0.868

8 	  39.45	 -10.35	   9.91
	  0.449	 -0.149	  0.881
	  0.290	 -0.909	 -0.300
	  0.846	  0.389	 -0.364

9 	  45.14	 -12.48	  19.42
	  0.542	 -0.090	  0.835
	  0.839	  0.123	 -0.530
	 -0.059	  0.988	  0.142

2 	  32.68	  -7.37	  22.73
	  0.418	  0.908	 -0.029
	 -0.909	  0.417	 -0.009
	  0.005	  0.030	  0.999

3 	  45.14	  -0.95	   1.46
	  0.513	 -0.094	  0.853
	  0.060	  0.995	  0.073
	 -0.856	  0.013	  0.516

4 	  39.83	   6.38	  -3.41
	  0.224	  0.948	  0.226
	 -0.904	  0.115	  0.412
	  0.365	 -0.296	  0.882

5 	  40.82	   8.65	   8.93
	  0.428	  0.125	  0.895
	 -0.568	 -0.734	  0.372
	  0.705	 -0.666	 -0.242

6 	  46.83	   9.63	  19.00
	  0.438	 -0.016	  0.898
	 -0.761	  0.529	  0.376
	 -0.487	 -0.846	  0.219

7 	  39.38	  -8.44	  -2.60
	  0.137	 -0.912	  0.386
	  0.950	  0.011	 -0.312
	  0.280	  0.409	  0.868

8 	  39.45	 -10.35	   9.91
	  0.448	 -0.151	  0.881
	  0.289	 -0.909	 -0.301
	  0.847	  0.388	 -0.363

9 	  45.14	 -12.50	  19.42
	  0.542	 -0.091	  0.835
	  0.839	  0.126	 -0.529
	 -0.061	  0.988	  0.144

2 	  32.68	  -7.37	  22.73
	  0.418	  0.908	 -0.029
	 -0.909	  0.417	 -0.009
	  0.004	  0.030	  0.999

3 	  45.12	  -0.93	   1.46
	  0.512	 -0.094	  0.853
	  0.059	  0.995	  0.074
	 -0.857	  0.012	  0.515

4 	  39.83	   6.40	  -3.39
	  0.224	  0.948	  0.226
	 -0.904	  0.115	  0.412
	  0.365	 -0.296	  0.882

5 	  40.82	   8.67	   8.93
	  0.429	  0.125	  0.894
	 -0.568	 -0.734	  0.373
	  0.705	 -0.666	 -0.243

6 	  46.83	   9.63	  19.00
	  0.439	 -0.017	  0.898
	 -0.761	  0.528	  0.377
	 -0.487	 -0.846	  0.218

7 	  39.38	  -8.44	  -2.60
	  0.136	 -0.912	  0.386
	  0.950	  0.010	 -0.311
	  0.280	  0.409	  0.868

8 	  39.45	 -10.35	   9.91
	  0.449	 -0.152	  0.880
	  0.288	 -0.909	 -0.302
	  0.847	  0.388	 -0.364

9 	  45.16	 -12.50	  19.41
	  0.544	 -0.092	  0.834
	  0.838	  0.127	 -0.531
	 -0.061	  0.987	  0.145

2 	  32.66	  -7.37	  22.75
	  0.418	  0.908	 -0.029
	 -0.909	  0.417	 -0.009
	  0.004	  0.030	  0.999

3 	  45.11	  -0.91	   1.49
	  0.512	 -0.094	  0.854
	  0.058	  0.995	  0.076
	 -0.857	  0.010	  0.515

4 	  39.80	   6.43	  -3.30
	  0.223	  0.944	  0.241
	 -0.905	  0.108	  0.411
	  0.362	 -0.310	  0.879

5 	  40.62	   8.72	   8.86
	  0.380	  0.162	  0.911
	 -0.567	 -0.738	  0.366
	  0.733	 -0.653	 -0.188

6 	  46.88	   9.76	  19.00
	  0.457	 -0.003	  0.889
	 -0.735	  0.564	  0.375
	 -0.509	 -0.822	  0.255

7 	  39.32	  -8.38	  -2.58
	  0.145	 -0.905	  0.400
	  0.949	  0.012	 -0.315
	  0.280	  0.425	  0.860

8 	  39.50	 -10.41	   9.77
	  0.430	 -0.177	  0.885
	  0.269	 -0.911	 -0.311
	  0.863	  0.371	 -0.344

9 	  45.07	 -13.22	  19.14
	  0.536	 -0.157	  0.829
	  0.845	  0.109	 -0.524
	 -0.011	  0.982	  0.190

2 	  32.68	  -7.37	  22.73
	  0.418	  0.908	 -0.029
	 -0.909	  0.417	 -0.009
	  0.005	  0.030	  0.999

3 	  45.09	  -0.88	   1.49
	  0.514	 -0.097	  0.852
	  0.051	  0.995	  0.083
	 -0.856	  0.000	  0.516

4 	  39.45	   6.36	  -3.29
	  0.190	  0.943	  0.273
	 -0.913	  0.067	  0.402
	  0.361	 -0.326	  0.873

5 	  40.22	   9.11	   8.67
	  0.391	  0.302	  0.869
	 -0.410	 -0.790	  0.456
	  0.826	 -0.532	 -0.185

6 	  46.51	  12.57	  18.26
	  0.485	  0.174	  0.856
	 -0.820	  0.434	  0.374
	 -0.313	 -0.882	  0.352

7 	  39.15	  -8.16	  -2.74
	  0.185	 -0.913	  0.364
	  0.934	  0.048	 -0.354
	  0.306	  0.406	  0.861

8 	  39.73	 -11.20	   9.16
	  0.449	 -0.360	  0.817
	  0.079	 -0.896	 -0.437
	  0.890	  0.260	 -0.373

9 	  44.95	 -16.49	  17.30
	  0.522	 -0.387	  0.760
	  0.818	 -0.026	 -0.575
	  0.243	  0.921	  0.303

2 	  32.68	  -7.37	  22.73
	  0.418	  0.908	 -0.029
	 -0.909	  0.417	 -0.009
	  0.004	  0.030	  0.999

3 	  44.95	  -0.65	   1.39
	  0.519	 -0.103	  0.848
	  0.016	  0.994	  0.111
	 -0.854	 -0.045	  0.517

4 	  38.67	   6.29	  -3.39
	  0.137	  0.961	  0.240
	 -0.903	  0.021	  0.429
	  0.408	 -0.276	  0.870

5 	  40.20	  10.27	   8.02
	  0.450	  0.480	  0.753
	 -0.164	 -0.786	  0.597
	  0.879	 -0.390	 -0.275

6 	  47.07	  16.00	  15.77
	  0.576	  0.378	  0.724
	 -0.818	  0.274	  0.505
	 -0.010	 -0.884	  0.468

7 	  38.60	  -7.58	  -3.18
	  0.237	 -0.941	  0.240
	  0.892	  0.112	 -0.439
	  0.386	  0.318	  0.866

8 	  39.90	 -12.30	   7.93
	  0.472	 -0.561	  0.680
	 -0.137	 -0.809	 -0.572
	  0.871	  0.177	 -0.458

9 	  44.79	 -19.72	  14.03
	  0.510	 -0.612	  0.604
	  0.698	 -0.118	 -0.706
	  0.506	  0.780	  0.366

2 	  32.68	  -7.37	  22.73
	  0.418	  0.908	 -0.029
	 -0.909	  0.417	 -0.009
	  0.004	  0.030	  0.999

3 	  44.65	  -0.30	   1.16
	  0.551	 -0.111	  0.827
	 -0.037	  0.987	  0.157
	 -0.834	 -0.117	  0.539

4 	  37.62	   6.21	  -3.48
	  0.084	  0.980	  0.181
	 -0.876	 -0.014	  0.482
	  0.475	 -0.199	  0.857

5 	  40.29	  11.25	   7.10
	  0.514	  0.609	  0.604
	  0.075	 -0.733	  0.676
	  0.855	 -0.301	 -0.422

6 	  47.34	  18.76	  12.74
	  0.631	  0.553	  0.544
	 -0.710	  0.125	  0.693
	  0.318	 -0.823	  0.470

7 	  37.90	  -7.07	  -3.55
	  0.269	 -0.958	  0.098
	  0.839	  0.182	 -0.513
	  0.474	  0.220	  0.852

8 	  39.96	 -13.32	   6.35
	  0.491	 -0.710	  0.504
	 -0.314	 -0.684	 -0.658
	  0.813	  0.165	 -0.558

9 	  44.17	 -22.25	  10.35
	  0.456	 -0.777	  0.433
	  0.590	 -0.103	 -0.801
	  0.670	  0.619	  0.409

2 	  32.66	  -7.37	  22.75
	  0.418	  0.908	 -0.029
	 -0.909	  0.417	 -0.009
	  0.004	  0.030	  0.999

3 	  44.14	  -0.09	   0.74
	  0.599	 -0.114	  0.793
	 -0.076	  0.977	  0.197
	 -0.797	 -0.178	  0.576

4 	  36.53	   6.05	  -3.52
	  0.042	  0.992	  0.120
	 -0.840	 -0.031	  0.542
	  0.541	 -0.123	  0.831

5 	  40.36	  11.99	   6.10
	  0.563	  0.691	  0.454
	  0.266	 -0.671	  0.692
	  0.783	 -0.269	 -0.560

6 	  47.76	  20.25	   9.47
	  0.674	  0.652	  0.346
	 -0.508	  0.066	  0.859
	  0.540	 -0.754	  0.373

7 	  36.93	  -6.56	  -3.80
	  0.286	 -0.956	 -0.058
	  0.764	  0.264	 -0.588
	  0.578	  0.124	  0.806

8 	  39.92	 -14.33	   4.39
	  0.519	 -0.806	  0.285
	 -0.455	 -0.542	 -0.707
	  0.725	  0.237	 -0.646

9 	  43.82	 -24.05	   5.89
	  0.428	 -0.877	  0.221
	  0.464	  0.000	 -0.886
	  0.778	  0.480	  0.404

2 	  32.68	  -7.35	  22.73
	  0.418	  0.908	 -0.029
	 -0.909	  0.417	 -0.009
	  0.004	  0.030	  0.999

3 	  43.65	   0.07	   0.44
	  0.630	 -0.113	  0.768
	 -0.098	  0.970	  0.222
	 -0.770	 -0.215	  0.600

4 	  35.67	   5.98	  -3.53
	  0.031	  0.998	  0.054
	 -0.794	 -0.008	  0.608
	  0.607	 -0.061	  0.792

5 	  40.61	  12.64	   4.85
	  0.622	  0.722	  0.303
	  0.371	 -0.612	  0.698
	  0.690	 -0.322	 -0.647

6 	  48.23	  21.18	   6.01
	  0.713	  0.682	  0.159
	 -0.352	  0.151	  0.924
	  0.608	 -0.714	  0.346

7 	  36.07	  -6.06	  -3.92
	  0.298	 -0.933	 -0.203
	  0.664	  0.354	 -0.658
	  0.686	  0.061	  0.724

8 	  40.03	 -14.92	   2.16
	  0.544	 -0.837	  0.061
	 -0.558	 -0.414	 -0.719
	  0.628	  0.356	 -0.691

9 	  43.75	 -24.82	   1.02
	  0.413	 -0.911	 -0.009
	  0.349	  0.165	 -0.922
	  0.842	  0.377	  0.384

2 	  32.68	  -7.35	  22.75
	  0.418	  0.908	 -0.029
	 -0.909	  0.417	 -0.009
	  0.004	  0.030	  0.999

3 	  43.21	   0.25	   0.07
	  0.679	 -0.117	  0.725
	 -0.107	  0.961	  0.254
	 -0.727	 -0.249	  0.639

4 	  34.93	   5.85	  -3.53
	  0.029	  0.999	 -0.011
	 -0.735	  0.028	  0.677
	  0.677	 -0.011	  0.735

5 	  40.83	  13.10	   3.38
	  0.667	  0.729	  0.156
	  0.449	 -0.559	  0.697
	  0.596	 -0.395	 -0.699

6 	  48.57	  21.41	   2.57
	  0.736	  0.677	 -0.013
	 -0.203	  0.238	  0.950
	  0.646	 -0.696	  0.312

7 	  35.44	  -5.82	  -3.85
	  0.321	 -0.893	 -0.314
	  0.541	  0.445	 -0.713
	  0.777	  0.059	  0.626

8 	  40.18	 -15.22	   0.00
	  0.552	 -0.822	 -0.144
	 -0.653	 -0.317	 -0.688
	  0.521	  0.473	 -0.710

9 	  43.56	 -24.80	  -3.50
	  0.385	 -0.896	 -0.221
	  0.209	  0.317	 -0.925
	  0.899	  0.309	  0.308

2 	  32.66	  -7.37	  22.75
	  0.418	  0.908	 -0.029
	 -0.909	  0.417	 -0.009
	  0.004	  0.030	  0.999

3 	  42.89	   0.23	  -0.14
	  0.695	 -0.123	  0.708
	 -0.103	  0.958	  0.266
	 -0.713	 -0.258	  0.652

4 	  34.45	   5.71	  -3.53
	  0.036	  0.997	 -0.072
	 -0.684	  0.077	  0.725
	  0.729	  0.023	  0.684

5 	  41.03	  13.29	   2.13
	  0.690	  0.723	  0.041
	  0.504	 -0.519	  0.690
	  0.522	 -0.456	 -0.721

6 	  48.71	  21.30	  -0.33
	  0.738	  0.656	 -0.155
	 -0.069	  0.303	  0.950
	  0.671	 -0.691	  0.270

7 	  34.98	  -5.70	  -3.80
	  0.314	 -0.860	 -0.402
	  0.455	  0.507	 -0.732
	  0.833	  0.047	  0.551

8 	  40.17	 -15.17	  -1.58
	  0.546	 -0.791	 -0.276
	 -0.715	 -0.265	 -0.647
	  0.440	  0.550	 -0.709

9 	  43.17	 -24.40	  -6.42
	  0.343	 -0.874	 -0.343
	  0.134	  0.407	 -0.904
	  0.930	  0.264	  0.256

2 	  32.66	  -7.37	  22.75
	  0.418	  0.908	 -0.029
	 -0.909	  0.417	 -0.009
	  0.004	  0.030	  0.999

3 	  42.68	   0.21	  -0.26
	  0.702	 -0.128	  0.700
	 -0.094	  0.959	  0.268
	 -0.707	 -0.253	  0.661

4 	  34.17	   5.59	  -3.57
	  0.057	  0.990	 -0.127
	 -0.634	  0.133	  0.762
	  0.772	  0.038	  0.635

5 	  41.29	  13.27	   1.05
	  0.718	  0.694	 -0.050
	  0.529	 -0.496	  0.688
	  0.454	 -0.521	 -0.722

6 	  49.10	  20.53	  -3.04
	  0.756	  0.594	 -0.275
	 -0.001	  0.422	  0.907
	  0.656	 -0.683	  0.320

7 	  34.66	  -5.70	  -3.67
	  0.310	 -0.836	 -0.453
	  0.397	  0.546	 -0.738
	  0.864	  0.049	  0.501

8 	  40.57	 -14.92	  -2.60
	  0.563	 -0.737	 -0.374
	 -0.757	 -0.277	 -0.592
	  0.333	  0.616	 -0.713

9 	  43.61	 -23.57	  -8.58
	  0.343	 -0.831	 -0.438
	 -0.030	  0.458	 -0.888
	  0.939	  0.317	  0.133

2 	  32.68	  -7.35	  22.73
	  0.418	  0.908	 -0.029
	 -0.909	  0.417	 -0.009
	  0.004	  0.030	  0.999

3 	  42.56	   0.14	  -0.35
	  0.713	 -0.120	  0.691
	 -0.091	  0.961	  0.260
	 -0.696	 -0.248	  0.674

4 	  34.00	   5.36	  -3.67
	  0.071	  0.980	 -0.185
	 -0.594	  0.190	  0.782
	  0.802	  0.055	  0.595

5 	  41.64	  13.03	  -0.07
	  0.744	  0.654	 -0.135
	  0.544	 -0.475	  0.692
	  0.390	 -0.588	 -0.708

6 	  49.57	  19.27	  -5.47
	  0.758	  0.517	 -0.397
	  0.141	  0.466	  0.873
	  0.638	 -0.716	  0.282

7 	  34.58	  -5.82	  -3.66
	  0.309	 -0.821	 -0.479
	  0.363	  0.567	 -0.739
	  0.879	  0.054	  0.473

8 	  41.43	 -14.45	  -3.08
	  0.581	 -0.673	 -0.457
	 -0.798	 -0.362	 -0.482
	  0.159	  0.645	 -0.748

9 	  44.75	 -22.89	  -9.35
	  0.325	 -0.804	 -0.499
	 -0.542	  0.277	 -0.793
	  0.779	  0.525	 -0.344

2 	  32.68	  -7.35	  22.75
	  0.418	  0.908	 -0.029
	 -0.909	  0.417	 -0.009
	  0.004	  0.030	  0.999

3 	  42.50	   0.11	  -0.37
	  0.719	 -0.116	  0.685
	 -0.082	  0.965	  0.248
	 -0.691	 -0.234	  0.684

4 	  33.98	   5.29	  -3.74
	  0.093	  0.970	 -0.223
	 -0.560	  0.235	  0.794
	  0.823	  0.051	  0.565

5 	  42.31	  12.48	  -0.84
	  0.780	  0.596	 -0.190
	  0.552	 -0.512	  0.658
	  0.295	 -0.619	 -0.728

6 	  50.45	  18.05	  -6.75
	  0.731	  0.465	 -0.498
	  0.549	  0.036	  0.835
	  0.409	 -0.884	 -0.228

7 	  34.56	  -5.91	  -3.66
	  0.308	 -0.806	 -0.506
	  0.335	  0.589	 -0.735
	  0.890	  0.057	  0.452

8 	  42.03	 -14.03	  -3.87
	  0.583	 -0.623	 -0.522
	 -0.812	 -0.431	 -0.393
	  0.019	  0.653	 -0.757

9 	  45.54	 -22.11	 -10.69
	  0.292	 -0.789	 -0.540
	 -0.813	  0.095	 -0.575
	  0.509	  0.604	 -0.613

2 	  32.68	  -7.35	  22.75
	  0.418	  0.908	 -0.029
	 -0.909	  0.417	 -0.009
	  0.004	  0.030	  0.999

3 	  42.49	   0.07	  -0.40
	  0.720	 -0.116	  0.684
	 -0.075	  0.967	  0.243
	 -0.690	 -0.226	  0.687

4 	  33.98	   5.27	  -3.78
	  0.111	  0.961	 -0.252
	 -0.536	  0.271	  0.799
	  0.837	  0.047	  0.545

5 	  42.66	  12.20	  -1.42
	  0.792	  0.563	 -0.234
	  0.569	 -0.543	  0.618
	  0.221	 -0.623	 -0.750

6 	  50.48	  17.49	  -7.80
	  0.694	  0.448	 -0.563
	  0.683	 -0.162	  0.712
	  0.228	 -0.879	 -0.418

7 	  34.47	  -5.85	  -3.67
	  0.299	 -0.783	 -0.545
	  0.307	  0.620	 -0.722
	  0.903	  0.048	  0.425

8 	  42.33	 -13.48	  -4.80
	  0.574	 -0.574	 -0.583
	 -0.811	 -0.493	 -0.314
	 -0.109	  0.653	 -0.749

9 	  45.84	 -21.27	 -11.76
	  0.281	 -0.778	 -0.562
	 -0.887	  0.014	 -0.461
	  0.370	  0.626	 -0.686

2 	  32.68	  -7.35	  22.73
	  0.418	  0.908	 -0.029
	 -0.909	  0.417	 -0.009
	  0.004	  0.030	  0.999

3 	  42.43	   0.07	  -0.44
	  0.724	 -0.115	  0.680
	 -0.067	  0.969	  0.235
	 -0.687	 -0.216	  0.694

4 	  33.91	   5.24	  -3.80
	  0.117	  0.955	 -0.273
	 -0.515	  0.292	  0.805
	  0.849	  0.046	  0.526

5 	  42.75	  12.06	  -1.83
	  0.803	  0.534	 -0.263
	  0.563	 -0.537	  0.628
	  0.195	 -0.653	 -0.732

6 	  50.50	  16.84	  -8.79
	  0.684	  0.398	 -0.611
	  0.705	 -0.143	  0.694
	  0.189	 -0.906	 -0.378

7 	  34.44	  -5.85	  -3.69
	  0.302	 -0.766	 -0.567
	  0.292	  0.641	 -0.710
	  0.907	  0.048	  0.417

8 	  42.57	 -13.03	  -5.33
	  0.584	 -0.524	 -0.619
	 -0.795	 -0.523	 -0.307
	 -0.164	  0.672	 -0.722

9 	  46.18	 -20.34	 -12.83
	  0.292	 -0.744	 -0.601
	 -0.896	  0.009	 -0.444
	  0.339	  0.666	 -0.664

2 	  32.68	  -7.35	  22.73
	  0.418	  0.908	 -0.029
	 -0.909	  0.417	 -0.009
	  0.004	  0.030	  0.999

3 	  42.42	   0.05	  -0.44
	  0.725	 -0.113	  0.679
	 -0.064	  0.971	  0.229
	 -0.686	 -0.209	  0.697

4 	  33.87	   5.19	  -3.87
	  0.122	  0.948	 -0.293
	 -0.501	  0.312	  0.807
	  0.857	  0.048	  0.513

5 	  42.84	  11.90	  -2.23
	  0.813	  0.503	 -0.292
	  0.555	 -0.520	  0.649
	  0.175	 -0.690	 -0.702

6 	  50.45	  15.82	 -10.00
	  0.680	  0.298	 -0.670
	  0.694	  0.040	  0.718
	  0.241	 -0.954	 -0.180

7 	  34.40	  -5.85	  -3.71
	  0.302	 -0.750	 -0.588
	  0.288	  0.659	 -0.694
	  0.908	  0.040	  0.415

8 	  42.63	 -12.66	  -5.89
	  0.602	 -0.445	 -0.663
	 -0.776	 -0.523	 -0.352
	 -0.192	  0.726	 -0.660

9 	  46.30	 -18.81	 -14.73
	  0.306	 -0.620	 -0.722
	 -0.860	  0.146	 -0.488
	  0.412	  0.768	 -0.489

2 	  32.68	  -7.35	  22.73
	  0.419	  0.907	 -0.029
	 -0.908	  0.419	 -0.009
	  0.004	  0.030	  0.999

3 	  42.38	   0.00	  -0.46
	  0.728	 -0.109	  0.677
	 -0.056	  0.975	  0.216
	 -0.684	 -0.195	  0.703

4 	  33.87	   5.10	  -3.92
	  0.134	  0.939	 -0.315
	 -0.485	  0.338	  0.806
	  0.864	  0.045	  0.501

5 	  42.94	  11.65	  -2.79
	  0.822	  0.466	 -0.328
	  0.548	 -0.487	  0.680
	  0.157	 -0.739	 -0.655

6 	  50.40	  14.03	 -11.41
	  0.665	  0.132	 -0.735
	  0.694	  0.257	  0.672
	  0.278	 -0.957	  0.079

7 	  34.42	  -5.87	  -3.76
	  0.311	 -0.723	 -0.617
	  0.287	  0.690	 -0.665
	  0.906	  0.029	  0.422

8 	  42.82	 -12.08	  -6.56
	  0.621	 -0.347	 -0.703
	 -0.748	 -0.530	 -0.399
	 -0.235	  0.773	 -0.588

9 	  46.53	 -16.65	 -16.61
	  0.310	 -0.469	 -0.827
	 -0.869	  0.216	 -0.445
	  0.390	  0.855	 -0.341

2 	  32.68	  -7.35	  22.73
	  0.420	  0.907	 -0.029
	 -0.907	  0.420	 -0.010
	  0.004	  0.030	  0.999

3 	  42.38	  -0.04	  -0.49
	  0.728	 -0.106	  0.677
	 -0.052	  0.976	  0.209
	 -0.684	 -0.188	  0.705

4 	  33.89	   5.01	  -4.01
	  0.145	  0.931	 -0.336
	 -0.473	  0.363	  0.803
	  0.870	  0.042	  0.492

5 	  43.03	  11.41	  -3.15
	  0.827	  0.435	 -0.354
	  0.543	 -0.465	  0.699
	  0.140	 -0.771	 -0.621

6 	  50.22	  12.25	 -12.59
	  0.613	 -0.028	 -0.789
	  0.755	  0.321	  0.572
	  0.237	 -0.947	  0.218

7 	  34.38	  -5.82	  -3.80
	  0.313	 -0.705	 -0.636
	  0.292	  0.709	 -0.642
	  0.904	  0.016	  0.427

8 	  42.80	 -11.65	  -7.07
	  0.628	 -0.268	 -0.730
	 -0.734	 -0.516	 -0.441
	 -0.261	  0.812	 -0.521

9 	  46.23	 -14.73	 -18.09
	  0.276	 -0.318	 -0.907
	 -0.884	  0.288	 -0.369
	  0.381	  0.901	 -0.203

2 	  32.68	  -7.37	  22.73
	  0.421	  0.906	 -0.029
	 -0.907	  0.420	 -0.010
	  0.004	  0.030	  0.999

3 	  42.38	  -0.04	  -0.49
	  0.726	 -0.104	  0.679
	 -0.052	  0.977	  0.205
	 -0.685	 -0.184	  0.704

4 	  33.89	   5.03	  -4.01
	  0.150	  0.927	 -0.343
	 -0.467	  0.372	  0.802
	  0.872	  0.040	  0.488

5 	  43.19	  11.18	  -3.36
	  0.835	  0.405	 -0.371
	  0.538	 -0.464	  0.703
	  0.113	 -0.787	 -0.606

6 	  49.89	  10.78	 -13.32
	  0.548	 -0.149	 -0.823
	  0.819	  0.298	  0.491
	  0.170	 -0.943	  0.286

7 	  34.31	  -5.75	  -3.83
	  0.311	 -0.693	 -0.650
	  0.293	  0.720	 -0.629
	  0.904	  0.005	  0.427

8 	  42.77	 -11.41	  -7.44
	  0.632	 -0.217	 -0.744
	 -0.731	 -0.485	 -0.480
	 -0.258	  0.847	 -0.465

9 	  46.11	 -13.11	 -18.88
	  0.256	 -0.187	 -0.948
	 -0.904	  0.302	 -0.302
	  0.344	  0.934	 -0.093

2 	  32.68	  -7.37	  22.73
	  0.421	  0.906	 -0.028
	 -0.907	  0.421	 -0.010
	  0.004	  0.030	  0.999

3 	  42.35	  -0.05	  -0.49
	  0.728	 -0.106	  0.677
	 -0.045	  0.978	  0.201
	 -0.685	 -0.177	  0.707

4 	  33.87	   5.01	  -4.04
	  0.158	  0.921	 -0.357
	 -0.456	  0.388	  0.801
	  0.876	  0.036	  0.480

5 	  43.33	  10.83	  -3.66
	  0.842	  0.371	 -0.390
	  0.531	 -0.458	  0.712
	  0.086	 -0.808	 -0.583

6 	  49.75	   9.77	 -13.80
	  0.514	 -0.219	 -0.829
	  0.845	  0.295	  0.446
	  0.144	 -0.930	  0.338

7 	  34.31	  -5.75	  -3.83
	  0.317	 -0.683	 -0.658
	  0.292	  0.730	 -0.618
	  0.902	  0.003	  0.431

8 	  43.01	 -11.02	  -7.54
	  0.651	 -0.165	 -0.740
	 -0.710	 -0.479	 -0.516
	 -0.271	  0.861	 -0.429

9 	  46.41	 -11.32	 -19.21
	  0.247	 -0.047	 -0.968
	 -0.934	  0.256	 -0.250
	  0.260	  0.965	  0.019

2 	  32.68	  -7.35	  22.73
	  0.421	  0.906	 -0.028
	 -0.907	  0.421	 -0.010
	  0.004	  0.030	  0.999

3 	  42.38	  -0.09	  -0.49
	  0.728	 -0.102	  0.678
	 -0.044	  0.980	  0.193
	 -0.685	 -0.171	  0.709

4 	  33.96	   4.96	  -4.11
	  0.175	  0.912	 -0.372
	 -0.450	  0.409	  0.794
	  0.876	  0.029	  0.481

5 	  43.58	  10.51	  -3.85
	  0.854	  0.339	 -0.395
	  0.517	 -0.458	  0.723
	  0.064	 -0.821	 -0.567

6 	  49.80	   8.58	 -14.03
	  0.483	 -0.295	 -0.824
	  0.870	  0.271	  0.412
	  0.099	 -0.916	  0.388

7 	  34.37	  -5.77	  -3.88
	  0.321	 -0.674	 -0.665
	  0.291	  0.738	 -0.609
	  0.901	  0.002	  0.433

8 	  43.19	 -10.78	  -7.66
	  0.661	 -0.132	 -0.738
	 -0.701	 -0.461	 -0.545
	 -0.270	  0.877	 -0.397

9 	  46.14	  -9.28	 -19.53
	  0.180	  0.148	 -0.972
	 -0.963	  0.228	 -0.143
	  0.199	  0.962	  0.184

2 	  32.68	  -7.35	  22.73
	  0.421	  0.906	 -0.028
	 -0.907	  0.421	 -0.009
	  0.004	  0.029	  0.999

3 	  42.42	  -0.12	  -0.47
	  0.725	 -0.101	  0.681
	 -0.040	  0.981	  0.188
	 -0.688	 -0.164	  0.707

4 	  34.00	   4.96	  -4.15
	  0.181	  0.910	 -0.372
	 -0.451	  0.412	  0.791
	  0.874	  0.024	  0.484

5 	  43.66	  10.42	  -3.83
	  0.858	  0.328	 -0.394
	  0.510	 -0.460	  0.727
	  0.057	 -0.825	 -0.563

6 	  49.50	   7.68	 -14.08
	  0.437	 -0.376	 -0.817
	  0.896	  0.259	  0.359
	  0.073	 -0.889	  0.452

7 	  34.31	  -5.75	  -3.87
	  0.321	 -0.667	 -0.672
	  0.292	  0.744	 -0.601
	  0.901	 -0.004	  0.433

8 	  43.12	 -10.62	  -7.75
	  0.660	 -0.117	 -0.741
	 -0.711	 -0.415	 -0.567
	 -0.243	  0.901	 -0.358

9 	  45.44	  -7.58	 -19.67
	  0.103	  0.305	 -0.947
	 -0.975	  0.221	 -0.033
	  0.198	  0.926	  0.322

2 	  32.68	  -7.35	  22.73
	  0.421	  0.906	 -0.028
	 -0.907	  0.421	 -0.009
	  0.004	  0.029	  0.999

3 	  42.38	  -0.12	  -0.46
	  0.726	 -0.102	  0.680
	 -0.038	  0.981	  0.187
	 -0.687	 -0.162	  0.709

4 	  33.96	   4.97	  -4.13
	  0.184	  0.909	 -0.373
	 -0.448	  0.414	  0.792
	  0.875	  0.021	  0.482

5 	  43.66	  10.34	  -3.83
	  0.860	  0.320	 -0.396
	  0.506	 -0.453	  0.734
	  0.055	 -0.832	 -0.552

6 	  49.08	   7.00	 -14.13
	  0.390	 -0.441	 -0.808
	  0.917	  0.270	  0.293
	  0.086	 -0.855	  0.511

7 	  34.28	  -5.64	  -3.88
	  0.321	 -0.655	 -0.684
	  0.296	  0.755	 -0.585
	  0.900	 -0.015	  0.436

8 	  43.01	 -10.35	  -8.03
	  0.649	 -0.100	 -0.754
	 -0.722	 -0.394	 -0.568
	 -0.242	  0.913	 -0.328

9 	  44.96	  -6.70	 -19.86
	  0.055	  0.368	 -0.928
	 -0.976	  0.214	  0.027
	  0.208	  0.904	  0.372

2 	  32.68	  -7.35	  22.73
	  0.421	  0.906	 -0.027
	 -0.907	  0.421	 -0.009
	  0.004	  0.028	  0.999

3 	  42.36	  -0.09	  -0.47
	  0.726	 -0.105	  0.679
	 -0.038	  0.980	  0.192
	 -0.686	 -0.166	  0.708

4 	  33.96	   5.01	  -4.11
	  0.182	  0.911	 -0.370
	 -0.448	  0.411	  0.793
	  0.875	  0.022	  0.483

5 	  43.59	  10.41	  -3.80
	  0.858	  0.328	 -0.395
	  0.509	 -0.451	  0.733
	  0.062	 -0.830	 -0.554

6 	  49.11	   7.56	 -14.08
	  0.410	 -0.408	 -0.816
	  0.906	  0.286	  0.311
	  0.104	 -0.867	  0.488

7 	  34.24	  -5.59	  -3.92
	  0.322	 -0.651	 -0.687
	  0.298	  0.758	 -0.579
	  0.899	 -0.018	  0.438

8 	  42.82	 -10.42	  -8.07
	  0.640	 -0.130	 -0.757
	 -0.735	 -0.390	 -0.554
	 -0.225	  0.911	 -0.345

9 	  45.00	  -8.03	 -20.09
	  0.092	  0.256	 -0.962
	 -0.958	  0.288	 -0.014
	  0.273	  0.923	  0.272

2 	  32.68	  -7.35	  22.73
	  0.422	  0.906	 -0.027
	 -0.907	  0.421	 -0.009
	  0.004	  0.028	  0.999

3 	  42.35	   0.02	  -0.46
	  0.729	 -0.113	  0.675
	 -0.036	  0.978	  0.203
	 -0.684	 -0.172	  0.709

4 	  33.86	   5.15	  -3.97
	  0.156	  0.927	 -0.340
	 -0.468	  0.371	  0.802
	  0.870	  0.034	  0.491

5 	  43.19	  11.04	  -3.13
	  0.845	  0.399	 -0.356
	  0.521	 -0.461	  0.718
	  0.122	 -0.793	 -0.597

6 	  49.46	   9.74	 -13.20
	  0.500	 -0.269	 -0.823
	  0.852	  0.329	  0.407
	  0.159	 -0.905	  0.394

7 	  34.26	  -5.55	  -3.88
	  0.311	 -0.680	 -0.664
	  0.306	  0.733	 -0.608
	  0.900	 -0.015	  0.435

8 	  42.66	 -11.25	  -7.42
	  0.639	 -0.242	 -0.730
	 -0.747	 -0.424	 -0.513
	 -0.187	  0.872	 -0.451

9 	  45.58	 -11.74	 -19.27
	  0.188	 -0.006	 -0.982
	 -0.911	  0.372	 -0.176
	  0.368	  0.927	  0.063

2 	  32.68	  -7.35	  22.73
	  0.422	  0.906	 -0.027
	 -0.907	  0.422	 -0.009
	  0.004	  0.028	  0.999

3 	  42.38	   0.07	  -0.44
	  0.729	 -0.115	  0.675
	 -0.039	  0.977	  0.208
	 -0.684	 -0.177	  0.708

4 	  33.89	   5.15	  -3.88
	  0.122	  0.951	 -0.285
	 -0.513	  0.305	  0.802
	  0.850	  0.048	  0.525

5 	  42.70	  11.76	  -1.86
	  0.826	  0.498	 -0.262
	  0.513	 -0.475	  0.715
	  0.232	 -0.725	 -0.648

6 	  50.12	  12.55	 -10.99
	  0.641	 -0.069	 -0.765
	  0.714	  0.420	  0.560
	  0.282	 -0.905	  0.318

7 	  34.45	  -5.73	  -3.80
	  0.310	 -0.733	 -0.605
	  0.322	  0.680	 -0.659
	  0.894	  0.010	  0.447

8 	  42.63	 -12.30	  -6.22
	  0.654	 -0.369	 -0.660
	 -0.749	 -0.439	 -0.496
	 -0.108	  0.818	 -0.564

9 	  46.41	 -15.63	 -17.03
	  0.290	 -0.280	 -0.915
	 -0.825	  0.413	 -0.385
	  0.488	  0.865	 -0.113

2 	  32.68	  -7.35	  22.73
	  0.423	  0.906	 -0.028
	 -0.906	  0.422	 -0.009
	  0.004	  0.029	  0.999

3 	  42.52	   0.09	  -0.37
	  0.719	 -0.114	  0.685
	 -0.049	  0.976	  0.213
	 -0.694	 -0.187	  0.695

4 	  34.03	   5.19	  -3.87
	  0.101	  0.968	 -0.228
	 -0.562	  0.245	  0.790
	  0.821	  0.048	  0.568

5 	  42.22	  12.20	  -0.54
	  0.807	  0.570	 -0.153
	  0.486	 -0.495	  0.720
	  0.336	 -0.656	 -0.676

6 	  50.64	  14.98	  -8.03
	  0.755	  0.121	 -0.645
	  0.543	  0.439	  0.716
	  0.372	 -0.889	  0.266

7 	  34.70	  -5.92	  -3.73
	  0.314	 -0.781	 -0.539
	  0.346	  0.623	 -0.701
	  0.884	  0.034	  0.466

8 	  42.66	 -13.15	  -4.83
	  0.664	 -0.485	 -0.569
	 -0.748	 -0.454	 -0.485
	 -0.024	  0.747	 -0.664

9 	  46.92	 -18.63	 -14.22
	  0.353	 -0.491	 -0.797
	 -0.729	  0.391	 -0.562
	  0.592	  0.775	 -0.220

2 	  32.68	  -7.35	  22.75
	  0.423	  0.906	 -0.029
	 -0.906	  0.422	 -0.010
	  0.004	  0.030	  0.999

3 	  42.61	   0.07	  -0.26
	  0.709	 -0.115	  0.696
	 -0.058	  0.974	  0.219
	 -0.703	 -0.196	  0.683

4 	  34.24	   5.26	  -3.80
	  0.084	  0.981	 -0.173
	 -0.601	  0.188	  0.777
	  0.795	  0.038	  0.605

5 	  41.84	  12.48	   0.81
	  0.782	  0.621	 -0.043
	  0.459	 -0.528	  0.715
	  0.422	 -0.579	 -0.697

6 	  50.70	  17.16	  -4.80
	  0.815	  0.307	 -0.492
	  0.358	  0.404	  0.842
	  0.459	 -0.860	  0.221

7 	  34.93	  -6.06	  -3.64
	  0.317	 -0.823	 -0.470
	  0.383	  0.565	 -0.731
	  0.867	  0.051	  0.494

8 	  42.57	 -13.87	  -3.29
	  0.674	 -0.575	 -0.464
	 -0.733	 -0.445	 -0.515
	  0.089	  0.687	 -0.721

9 	  47.21	 -20.65	 -11.14
	  0.404	 -0.617	 -0.675
	 -0.627	  0.355	 -0.694
	  0.672	  0.699	 -0.243

2 	  32.68	  -7.35	  22.75
	  0.423	  0.905	 -0.029
	 -0.906	  0.423	 -0.010
	  0.004	  0.030	  0.999

3 	  42.75	   0.09	  -0.16
	  0.701	 -0.110	  0.704
	 -0.069	  0.973	  0.219
	 -0.710	 -0.202	  0.674

4 	  34.56	   5.50	  -3.66
	  0.075	  0.993	 -0.095
	 -0.646	  0.120	  0.754
	  0.760	  0.005	  0.650

5 	  41.40	  12.55	   2.65
	  0.755	  0.647	  0.101
	  0.411	 -0.588	  0.696
	  0.512	 -0.484	 -0.709

6 	  50.66	  18.40	  -0.42
	  0.861	  0.424	 -0.281
	  0.149	  0.318	  0.936
	  0.487	 -0.847	  0.212

7 	  35.31	  -6.17	  -3.60
	  0.324	 -0.867	 -0.378
	  0.450	  0.493	 -0.744
	  0.832	  0.071	  0.550

8 	  42.70	 -14.08	  -1.07
	  0.703	 -0.645	 -0.298
	 -0.679	 -0.484	 -0.552
	  0.212	  0.591	 -0.778

9 	  47.97	 -22.15	  -6.21
	  0.486	 -0.743	 -0.460
	 -0.464	  0.231	 -0.855
	  0.745	  0.626	 -0.230

2 	  32.66	  -7.35	  22.75
	  0.423	  0.906	 -0.029
	 -0.906	  0.422	 -0.010
	  0.004	  0.030	  0.999

3 	  43.10	   0.12	   0.05
	  0.697	 -0.093	  0.710
	 -0.069	  0.978	  0.196
	 -0.714	 -0.185	  0.675

4 	  35.35	   5.96	  -3.55
	  0.088	  0.996	  0.019
	 -0.707	  0.049	  0.705
	  0.701	 -0.076	  0.708

5 	  41.17	  12.13	   4.85
	  0.719	  0.628	  0.296
	  0.314	 -0.674	  0.668
	  0.620	 -0.388	 -0.682

6 	  50.45	  18.60	   5.41
	  0.877	  0.479	  0.032
	 -0.144	  0.199	  0.969
	  0.458	 -0.855	  0.244

7 	  36.07	  -6.45	  -3.57
	  0.340	 -0.907	 -0.248
	  0.555	  0.406	 -0.725
	  0.759	  0.109	  0.642

8 	  42.89	 -14.01	   1.78
	  0.729	 -0.682	 -0.061
	 -0.576	 -0.561	 -0.594
	  0.372	  0.469	 -0.801

9 	  48.59	 -22.55	   0.40
	  0.559	 -0.817	 -0.143
	 -0.213	  0.029	 -0.977
	  0.803	  0.574	 -0.155

2 	  32.68	  -7.37	  22.75
	  0.423	  0.906	 -0.029
	 -0.906	  0.422	 -0.009
	  0.004	  0.030	  0.999

3 	  43.73	   0.14	   0.37
	  0.668	 -0.078	  0.740
	 -0.047	  0.988	  0.145
	 -0.743	 -0.132	  0.656

4 	  36.67	   6.59	  -3.38
	  0.123	  0.979	  0.164
	 -0.799	 -0.001	  0.602
	  0.589	 -0.205	  0.781

5 	  40.62	  11.02	   7.35
	  0.637	  0.526	  0.563
	  0.094	 -0.778	  0.620
	  0.765	 -0.342	 -0.546

6 	  49.39	  16.35	  12.52
	  0.818	  0.364	  0.445
	 -0.528	  0.167	  0.832
	  0.229	 -0.916	  0.328

7 	  37.25	  -6.87	  -3.53
	  0.356	 -0.933	 -0.055
	  0.687	  0.301	 -0.662
	  0.634	  0.197	  0.747

8 	  42.68	 -12.94	   5.34
	  0.715	 -0.645	  0.270
	 -0.408	 -0.698	 -0.588
	  0.568	  0.310	 -0.762

9 	  48.30	 -20.72	   8.54
	  0.595	 -0.760	  0.262
	  0.166	 -0.204	 -0.965
	  0.788	  0.616	  0.004

2 	  32.66	  -7.35	  22.75
	  0.423	  0.905	 -0.029
	 -0.906	  0.423	 -0.010
	  0.004	  0.030	  0.999

3 	  44.31	   0.12	   1.02
	  0.586	 -0.102	  0.803
	 -0.016	  0.990	  0.137
	 -0.810	 -0.093	  0.578

4 	  37.97	   7.07	  -3.01
	  0.154	  0.946	  0.284
	 -0.871	 -0.006	  0.492
	  0.467	 -0.323	  0.823

5 	  40.08	   9.60	   9.00
	  0.549	  0.327	  0.769
	 -0.200	 -0.843	  0.499
	  0.813	 -0.426	 -0.398

6 	  48.08	  12.30	  17.09
	  0.700	  0.115	  0.705
	 -0.705	  0.278	  0.653
	 -0.124	 -0.953	  0.277

7 	  38.50	  -7.26	  -3.27
	  0.334	 -0.925	  0.179
	  0.835	  0.203	 -0.511
	  0.436	  0.320	  0.841

8 	  41.61	 -11.13	   8.26
	  0.659	 -0.443	  0.608
	 -0.086	 -0.848	 -0.523
	  0.747	  0.292	 -0.597

9 	  47.16	 -16.59	  15.31
	  0.604	 -0.486	  0.632
	  0.647	 -0.167	 -0.744
	  0.471	  0.856	  0.211

2 	  32.68	  -7.35	  22.75
	  0.424	  0.905	 -0.029
	 -0.906	  0.423	 -0.010
	  0.004	  0.030	  0.999

3 	  44.58	   0.02	   1.28
	  0.563	 -0.117	  0.818
	 -0.000	  0.990	  0.141
	 -0.827	 -0.080	  0.557

4 	  38.55	   7.14	  -2.76
	  0.162	  0.933	  0.319
	 -0.896	  0.003	  0.444
	  0.414	 -0.358	  0.837

5 	  39.66	   9.04	   9.53
	  0.473	  0.194	  0.859
	 -0.405	 -0.820	  0.405
	  0.784	 -0.538	 -0.309

6 	  47.09	  10.16	  18.58
	  0.646	 -0.013	  0.763
	 -0.758	  0.111	  0.643
	 -0.097	 -0.993	  0.063

7 	  39.08	  -7.59	  -2.99
	  0.269	 -0.909	  0.318
	  0.906	  0.127	 -0.403
	  0.327	  0.396	  0.858

8 	  40.50	 -10.46	   9.28
	  0.568	 -0.201	  0.798
	  0.310	 -0.847	 -0.432
	  0.764	  0.491	 -0.418

9 	  46.60	 -12.83	  18.21
	  0.614	 -0.144	  0.776
	  0.784	 -0.007	 -0.621
	  0.093	  0.990	  0.109

2 	  32.68	  -7.37	  22.73
	  0.424	  0.905	 -0.029
	 -0.906	  0.424	 -0.010
	  0.004	  0.030	  0.999

3 	  44.67	  -0.02	   1.41
	  0.552	 -0.107	  0.827
	 -0.009	  0.991	  0.134
	 -0.834	 -0.082	  0.546

4 	  38.71	   7.08	  -2.83
	  0.143	  0.950	  0.277
	 -0.897	  0.006	  0.442
	  0.418	 -0.311	  0.853

5 	  39.55	   8.96	   9.56
	  0.441	  0.161	  0.883
	 -0.447	 -0.815	  0.369
	  0.780	 -0.556	 -0.286

6 	  46.32	   9.77	  19.32
	  0.604	 -0.032	  0.796
	 -0.791	 -0.149	  0.593
	  0.097	 -0.989	 -0.115

7 	  39.23	  -7.72	  -2.83
	  0.219	 -0.915	  0.339
	  0.931	  0.092	 -0.353
	  0.291	  0.393	  0.872

8 	  40.27	 -10.32	   9.54
	  0.532	 -0.167	  0.830
	  0.341	 -0.856	 -0.388
	  0.776	  0.488	 -0.398

9 	  46.51	 -12.18	  18.51
	  0.611	 -0.076	  0.787
	  0.788	 -0.024	 -0.615
	  0.064	  0.997	  0.045

2 	  32.68	  -7.37	  22.73
	  0.427	  0.904	 -0.029
	 -0.905	  0.426	 -0.010
	  0.004	  0.030	  0.999

3 	  44.72	  -0.14	   1.44
	  0.547	 -0.100	  0.831
	  0.000	  0.993	  0.119
	 -0.837	 -0.065	  0.543

4 	  38.90	   6.98	  -2.87
	  0.150	  0.951	  0.271
	 -0.902	  0.019	  0.431
	  0.406	 -0.308	  0.860

5 	  39.59	   8.88	   9.54
	  0.424	  0.161	  0.891
	 -0.458	 -0.811	  0.363
	  0.783	 -0.561	 -0.269

6 	  46.05	   9.83	  19.48
	  0.560	 -0.027	  0.828
	 -0.827	 -0.084	  0.555
	  0.051	 -0.996	 -0.070

7 	  39.13	  -7.95	  -2.76
	  0.180	 -0.921	  0.345
	  0.939	  0.055	 -0.339
	  0.294	  0.384	  0.875

8 	  39.92	 -10.35	   9.69
	  0.513	 -0.143	  0.846
	  0.360	 -0.860	 -0.362
	  0.781	  0.488	 -0.390

9 	  45.93	 -12.22	  18.91
	  0.592	 -0.072	  0.802
	  0.803	 -0.032	 -0.594
	  0.066	  0.997	  0.038

