2 	  42.89	   0.04	   4.55
	 -0.098	 -0.638	 -0.763
	  0.093	 -0.770	  0.631
	 -0.991	 -0.009	  0.135

3 	  41.59	   0.42	   2.92
	  0.353	 -0.138	  0.925
	 -0.029	  0.987	  0.158
	 -0.935	 -0.082	  0.344

4 	  36.77	  -6.31	  -2.25
	  0.599	 -0.799	  0.053
	  0.669	  0.463	 -0.581
	  0.440	  0.383	  0.812

5 	  39.59	  -7.51	   8.47
	  0.570	 -0.015	  0.822
	  0.663	 -0.582	 -0.471
	  0.485	  0.813	 -0.322

6 	  47.90	  -3.92	  13.08
	  0.818	  0.332	  0.470
	 -0.165	  0.918	 -0.361
	 -0.551	  0.217	  0.805

7 	  37.39	   7.22	  -1.56
	  0.531	  0.818	  0.221
	 -0.707	  0.284	  0.648
	  0.467	 -0.501	  0.729

8 	  39.73	   7.68	   9.88
	  0.559	 -0.051	  0.827
	 -0.707	 -0.551	  0.443
	  0.433	 -0.833	 -0.345

9 	  47.95	   4.10	  13.27
	  0.777	 -0.483	  0.404
	  0.028	  0.667	  0.744
	 -0.629	 -0.567	  0.532

2 	  42.64	  -0.53	   4.22
	 -0.494	 -0.589	 -0.640
	  0.012	 -0.740	  0.672
	 -0.870	  0.324	  0.372

3 	  41.57	   0.37	   2.92
	  0.355	 -0.140	  0.924
	 -0.025	  0.987	  0.159
	 -0.934	 -0.079	  0.347

4 	  36.77	  -6.31	  -2.27
	  0.599	 -0.799	  0.052
	  0.668	  0.463	 -0.582
	  0.441	  0.384	  0.811

5 	  39.60	  -7.49	   8.46
	  0.570	 -0.015	  0.821
	  0.664	 -0.580	 -0.472
	  0.483	  0.814	 -0.321

6 	  47.94	  -3.90	  13.08
	  0.817	  0.332	  0.470
	 -0.166	  0.918	 -0.359
	 -0.552	  0.215	  0.806

7 	  37.37	   7.22	  -1.56
	  0.532	  0.817	  0.221
	 -0.705	  0.283	  0.649
	  0.468	 -0.502	  0.727

8 	  39.74	   7.68	   9.88
	  0.561	 -0.053	  0.826
	 -0.708	 -0.548	  0.446
	  0.429	 -0.835	 -0.345

9 	  47.94	   4.10	  13.27
	  0.774	 -0.484	  0.407
	  0.030	  0.671	  0.740
	 -0.632	 -0.562	  0.534

2 	  42.77	   0.35	   4.46
	 -0.102	 -0.603	 -0.791
	  0.366	 -0.762	  0.534
	 -0.925	 -0.235	  0.299

3 	  41.52	   0.44	   2.95
	  0.358	 -0.135	  0.923
	 -0.029	  0.987	  0.156
	 -0.933	 -0.083	  0.350

4 	  36.76	  -6.28	  -2.27
	  0.600	 -0.798	  0.052
	  0.667	  0.463	 -0.583
	  0.441	  0.385	  0.810

5 	  39.60	  -7.49	   8.46
	  0.571	 -0.015	  0.821
	  0.664	 -0.579	 -0.473
	  0.483	  0.815	 -0.321

6 	  47.95	  -3.92	  13.06
	  0.818	  0.330	  0.471
	 -0.166	  0.919	 -0.357
	 -0.551	  0.214	  0.807

7 	  37.34	   7.24	  -1.55
	  0.530	  0.817	  0.225
	 -0.703	  0.275	  0.655
	  0.473	 -0.506	  0.721

8 	  39.73	   7.66	   9.90
	  0.561	 -0.054	  0.826
	 -0.707	 -0.550	  0.444
	  0.431	 -0.833	 -0.347

9 	  47.94	   4.08	  13.29
	  0.775	 -0.483	  0.406
	  0.030	  0.671	  0.741
	 -0.631	 -0.562	  0.535

2 	  42.61	  -0.46	   4.27
	 -0.475	 -0.660	 -0.583
	  0.115	 -0.703	  0.702
	 -0.873	  0.266	  0.410

3 	  41.48	   0.42	   2.99
	  0.359	 -0.135	  0.923
	 -0.027	  0.987	  0.155
	 -0.933	 -0.080	  0.351

4 	  36.74	  -6.26	  -2.27
	  0.600	 -0.798	  0.053
	  0.665	  0.461	 -0.588
	  0.444	  0.388	  0.807

5 	  39.60	  -7.47	   8.46
	  0.571	 -0.015	  0.821
	  0.665	 -0.578	 -0.473
	  0.482	  0.816	 -0.320

6 	  47.94	  -3.92	  13.06
	  0.818	  0.329	  0.471
	 -0.164	  0.919	 -0.357
	 -0.551	  0.214	  0.807

7 	  37.32	   7.26	  -1.55
	  0.530	  0.817	  0.226
	 -0.702	  0.274	  0.657
	  0.475	 -0.507	  0.719

8 	  39.71	   7.65	   9.88
	  0.563	 -0.056	  0.824
	 -0.708	 -0.548	  0.446
	  0.427	 -0.835	 -0.348

9 	  47.94	   4.08	  13.25
	  0.775	 -0.483	  0.406
	  0.032	  0.673	  0.738
	 -0.631	 -0.560	  0.538

2 	  42.36	   0.14	   4.29
	 -0.424	 -0.499	 -0.756
	  0.462	 -0.837	  0.293
	 -0.779	 -0.225	  0.586

3 	  41.34	   0.40	   3.18
	  0.342	 -0.131	  0.930
	 -0.023	  0.989	  0.148
	 -0.939	 -0.072	  0.335

4 	  36.70	  -6.26	  -2.27
	  0.599	 -0.799	  0.053
	  0.663	  0.458	 -0.592
	  0.448	  0.390	  0.804

5 	  39.59	  -7.47	   8.44
	  0.572	 -0.015	  0.820
	  0.665	 -0.577	 -0.474
	  0.480	  0.816	 -0.320

6 	  47.94	  -3.92	  13.06
	  0.818	  0.327	  0.472
	 -0.162	  0.920	 -0.357
	 -0.551	  0.216	  0.806

7 	  37.30	   7.28	  -1.53
	  0.530	  0.817	  0.227
	 -0.701	  0.271	  0.660
	  0.478	 -0.509	  0.716

8 	  39.73	   7.61	   9.90
	  0.563	 -0.058	  0.824
	 -0.707	 -0.549	  0.445
	  0.427	 -0.833	 -0.350

9 	  47.94	   4.08	  13.27
	  0.776	 -0.482	  0.406
	  0.033	  0.674	  0.738
	 -0.630	 -0.560	  0.539

2 	  40.82	   0.53	  -1.14
	 -0.449	 -0.442	 -0.777
	  0.417	 -0.872	  0.255
	 -0.790	 -0.209	  0.575

3 	  41.73	   0.47	   2.57
	  0.381	 -0.139	  0.914
	 -0.000	  0.988	  0.151
	 -0.925	 -0.058	  0.376

4 	  36.79	  -6.28	  -2.32
	  0.609	 -0.792	  0.037
	  0.659	  0.479	 -0.580
	  0.441	  0.377	  0.814

5 	  39.62	  -7.49	   8.38
	  0.567	 -0.020	  0.823
	  0.660	 -0.587	 -0.469
	  0.492	  0.809	 -0.320

6 	  47.95	  -3.94	  13.08
	  0.816	  0.330	  0.475
	 -0.150	  0.914	 -0.378
	 -0.559	  0.237	  0.795

7 	  37.44	   7.28	  -1.60
	  0.542	  0.812	  0.216
	 -0.704	  0.298	  0.644
	  0.459	 -0.501	  0.733

8 	  39.76	   7.66	   9.90
	  0.567	 -0.058	  0.821
	 -0.703	 -0.554	  0.446
	  0.430	 -0.830	 -0.355

9 	  47.94	   4.06	  13.27
	  0.773	 -0.486	  0.408
	  0.029	  0.670	  0.741
	 -0.634	 -0.561	  0.532

2 	  40.69	   0.12	  -1.18
	 -0.583	 -0.505	 -0.637
	  0.258	 -0.858	  0.444
	 -0.771	  0.095	  0.630

3 	  41.68	   0.49	   2.62
	  0.379	 -0.142	  0.914
	 -0.002	  0.988	  0.154
	 -0.925	 -0.061	  0.375

4 	  36.76	  -6.26	  -2.32
	  0.607	 -0.793	  0.039
	  0.658	  0.476	 -0.583
	  0.444	  0.379	  0.812

5 	  39.60	  -7.47	   8.40
	  0.569	 -0.019	  0.822
	  0.661	 -0.584	 -0.472
	  0.489	  0.811	 -0.320

6 	  47.95	  -3.96	  13.08
	  0.817	  0.327	  0.475
	 -0.149	  0.915	 -0.375
	 -0.557	  0.235	  0.796

7 	  37.37	   7.31	  -1.55
	  0.539	  0.813	  0.221
	 -0.705	  0.291	  0.647
	  0.462	 -0.505	  0.729

8 	  39.76	   7.68	   9.91
	  0.568	 -0.058	  0.821
	 -0.701	 -0.556	  0.446
	  0.431	 -0.829	 -0.357

9 	  47.94	   4.06	  13.27
	  0.774	 -0.485	  0.406
	  0.029	  0.669	  0.743
	 -0.632	 -0.563	  0.532

2 	  40.62	   0.65	  -1.25
	 -0.560	 -0.387	 -0.732
	  0.421	 -0.894	  0.151
	 -0.713	 -0.224	  0.664

3 	  41.61	   0.51	   2.64
	  0.374	 -0.145	  0.916
	 -0.016	  0.986	  0.162
	 -0.927	 -0.075	  0.367

4 	  36.74	  -6.22	  -2.30
	  0.607	 -0.794	  0.039
	  0.659	  0.475	 -0.583
	  0.444	  0.380	  0.811

5 	  39.59	  -7.47	   8.40
	  0.570	 -0.020	  0.821
	  0.661	 -0.582	 -0.473
	  0.487	  0.813	 -0.319

6 	  47.95	  -3.96	  13.06
	  0.818	  0.326	  0.474
	 -0.149	  0.916	 -0.372
	 -0.556	  0.233	  0.798

7 	  37.34	   7.33	  -1.51
	  0.535	  0.814	  0.224
	 -0.706	  0.284	  0.649
	  0.465	 -0.505	  0.727

8 	  39.73	   7.66	   9.93
	  0.568	 -0.059	  0.820
	 -0.700	 -0.559	  0.444
	  0.432	 -0.827	 -0.359

9 	  47.92	   4.08	  13.29
	  0.776	 -0.484	  0.404
	  0.029	  0.668	  0.743
	 -0.630	 -0.565	  0.532

2 	  40.96	   0.72	  -0.81
	 -0.187	 -0.539	 -0.821
	  0.443	 -0.792	  0.419
	 -0.877	 -0.286	  0.387

3 	  41.61	   0.53	   2.67
	  0.379	 -0.156	  0.912
	 -0.021	  0.984	  0.176
	 -0.925	 -0.086	  0.370

4 	  36.72	  -6.24	  -2.29
	  0.603	 -0.796	  0.043
	  0.661	  0.470	 -0.585
	  0.445	  0.381	  0.810

5 	  39.59	  -7.45	   8.42
	  0.570	 -0.019	  0.821
	  0.661	 -0.582	 -0.473
	  0.486	  0.813	 -0.320

6 	  47.95	  -3.94	  13.06
	  0.819	  0.325	  0.473
	 -0.149	  0.916	 -0.372
	 -0.554	  0.234	  0.799

7 	  37.32	   7.31	  -1.51
	  0.534	  0.815	  0.225
	 -0.706	  0.283	  0.650
	  0.466	 -0.506	  0.726

8 	  39.71	   7.65	   9.93
	  0.570	 -0.059	  0.819
	 -0.698	 -0.560	  0.445
	  0.433	 -0.826	 -0.360

9 	  47.94	   4.10	  13.29
	  0.777	 -0.484	  0.403
	  0.030	  0.668	  0.743
	 -0.629	 -0.566	  0.534

2 	  40.71	  -0.07	  -0.95
	 -0.533	 -0.654	 -0.537
	  0.222	 -0.721	  0.656
	 -0.816	  0.231	  0.530

3 	  41.57	   0.53	   2.65
	  0.377	 -0.149	  0.914
	 -0.020	  0.985	  0.169
	 -0.926	 -0.082	  0.368

4 	  36.70	  -6.24	  -2.27
	  0.603	 -0.797	  0.045
	  0.661	  0.468	 -0.586
	  0.445	  0.383	  0.809

5 	  39.57	  -7.45	   8.44
	  0.570	 -0.018	  0.821
	  0.661	 -0.582	 -0.472
	  0.486	  0.812	 -0.321

6 	  47.95	  -3.96	  13.04
	  0.820	  0.324	  0.471
	 -0.148	  0.916	 -0.372
	 -0.552	  0.235	  0.799

7 	  37.32	   7.31	  -1.51
	  0.533	  0.815	  0.224
	 -0.705	  0.282	  0.651
	  0.467	 -0.505	  0.725

8 	  39.69	   7.65	   9.93
	  0.573	 -0.058	  0.817
	 -0.698	 -0.557	  0.450
	  0.429	 -0.829	 -0.360

9 	  47.94	   4.10	  13.27
	  0.777	 -0.484	  0.403
	  0.031	  0.669	  0.742
	 -0.629	 -0.565	  0.535

2 	  35.19	   0.91	  -4.94
	  0.665	 -0.095	 -0.740
	  0.209	  0.976	  0.062
	  0.717	 -0.196	  0.669

3 	  41.78	   0.44	   2.69
	  0.367	 -0.144	  0.919
	 -0.017	  0.987	  0.161
	 -0.930	 -0.075	  0.360

4 	  36.84	  -6.31	  -2.27
	  0.601	 -0.798	  0.047
	  0.669	  0.470	 -0.575
	  0.437	  0.377	  0.816

5 	  39.60	  -7.49	   8.47
	  0.564	 -0.017	  0.825
	  0.662	 -0.588	 -0.465
	  0.493	  0.809	 -0.321

6 	  47.95	  -3.94	  13.10
	  0.819	  0.328	  0.469
	 -0.153	  0.915	 -0.373
	 -0.552	  0.234	  0.800

7 	  37.49	   7.22	  -1.56
	  0.530	  0.817	  0.225
	 -0.714	  0.287	  0.638
	  0.457	 -0.500	  0.736

8 	  39.74	   7.63	   9.93
	  0.570	 -0.054	  0.820
	 -0.697	 -0.560	  0.447
	  0.435	 -0.826	 -0.357

9 	  47.94	   4.10	  13.27
	  0.775	 -0.484	  0.406
	  0.030	  0.670	  0.741
	 -0.631	 -0.563	  0.534

2 	  35.46	   0.07	  -5.15
	  0.822	 -0.199	 -0.532
	  0.019	  0.945	 -0.325
	  0.568	  0.257	  0.782

3 	  41.77	   0.42	   2.71
	  0.365	 -0.144	  0.920
	 -0.019	  0.986	  0.162
	 -0.931	 -0.077	  0.357

4 	  36.84	  -6.31	  -2.27
	  0.601	 -0.798	  0.047
	  0.669	  0.470	 -0.576
	  0.437	  0.378	  0.816

5 	  39.62	  -7.49	   8.47
	  0.565	 -0.016	  0.824
	  0.661	 -0.588	 -0.465
	  0.492	  0.809	 -0.322

6 	  47.97	  -3.96	  13.10
	  0.820	  0.328	  0.469
	 -0.153	  0.915	 -0.373
	 -0.552	  0.234	  0.800

7 	  37.49	   7.22	  -1.56
	  0.529	  0.818	  0.225
	 -0.714	  0.286	  0.639
	  0.458	 -0.499	  0.735

8 	  39.74	   7.63	   9.93
	  0.570	 -0.054	  0.819
	 -0.696	 -0.561	  0.448
	  0.435	 -0.826	 -0.357

9 	  47.95	   4.08	  13.27
	  0.775	 -0.484	  0.406
	  0.031	  0.671	  0.740
	 -0.631	 -0.562	  0.535

2 	  34.72	   0.32	  -4.41
	  0.331	 -0.131	 -0.934
	 -0.149	  0.970	 -0.189
	  0.932	  0.201	  0.302

3 	  41.80	   0.46	   2.65
	  0.366	 -0.148	  0.918
	 -0.019	  0.986	  0.166
	 -0.930	 -0.078	  0.358

4 	  36.86	  -6.24	  -2.32
	  0.608	 -0.793	  0.037
	  0.664	  0.483	 -0.570
	  0.434	  0.371	  0.821

5 	  39.66	  -7.47	   8.42
	  0.566	 -0.018	  0.824
	  0.663	 -0.584	 -0.468
	  0.490	  0.811	 -0.318

6 	  47.95	  -3.92	  13.08
	  0.817	  0.329	  0.472
	 -0.155	  0.916	 -0.370
	 -0.554	  0.229	  0.800

7 	  37.46	   7.28	  -1.53
	  0.528	  0.818	  0.226
	 -0.713	  0.283	  0.641
	  0.461	 -0.500	  0.733

8 	  39.74	   7.63	   9.95
	  0.571	 -0.057	  0.818
	 -0.695	 -0.563	  0.446
	  0.436	 -0.824	 -0.361

9 	  47.95	   4.08	  13.27
	  0.775	 -0.484	  0.407
	  0.030	  0.671	  0.741
	 -0.631	 -0.562	  0.534

2 	  34.68	   1.27	  -4.17
	  0.249	  0.149	 -0.957
	  0.233	  0.950	  0.209
	  0.940	 -0.275	  0.202

3 	  41.82	   0.49	   2.64
	  0.367	 -0.151	  0.918
	 -0.019	  0.985	  0.169
	 -0.930	 -0.079	  0.359

4 	  36.88	  -6.22	  -2.34
	  0.608	 -0.793	  0.035
	  0.664	  0.484	 -0.568
	  0.434	  0.369	  0.822

5 	  39.66	  -7.47	   8.40
	  0.566	 -0.020	  0.824
	  0.663	 -0.583	 -0.470
	  0.489	  0.812	 -0.317

6 	  47.97	  -3.90	  13.08
	  0.817	  0.329	  0.474
	 -0.157	  0.917	 -0.367
	 -0.556	  0.225	  0.800

7 	  37.46	   7.31	  -1.51
	  0.529	  0.818	  0.228
	 -0.713	  0.282	  0.642
	  0.461	 -0.502	  0.732

8 	  39.74	   7.63	   9.97
	  0.572	 -0.059	  0.818
	 -0.694	 -0.565	  0.444
	  0.437	 -0.823	 -0.364

9 	  47.97	   4.08	  13.27
	  0.775	 -0.484	  0.406
	  0.030	  0.670	  0.741
	 -0.631	 -0.562	  0.534

2 	  35.30	   1.49	  -4.78
	  0.646	 -0.083	 -0.759
	  0.418	  0.870	  0.260
	  0.639	 -0.485	  0.597

3 	  41.82	   0.49	   2.64
	  0.365	 -0.152	  0.918
	 -0.020	  0.985	  0.171
	 -0.931	 -0.080	  0.356

4 	  36.88	  -6.22	  -2.34
	  0.609	 -0.792	  0.034
	  0.664	  0.486	 -0.568
	  0.433	  0.368	  0.823

5 	  39.66	  -7.47	   8.38
	  0.565	 -0.020	  0.824
	  0.664	 -0.581	 -0.470
	  0.488	  0.814	 -0.315

6 	  47.97	  -3.90	  13.08
	  0.816	  0.329	  0.475
	 -0.157	  0.917	 -0.366
	 -0.556	  0.224	  0.800

7 	  37.48	   7.31	  -1.51
	  0.529	  0.818	  0.228
	 -0.713	  0.282	  0.641
	  0.460	 -0.502	  0.732

8 	  39.74	   7.63	   9.97
	  0.571	 -0.059	  0.818
	 -0.695	 -0.565	  0.444
	  0.437	 -0.823	 -0.364

9 	  47.97	   4.06	  13.27
	  0.775	 -0.484	  0.406
	  0.030	  0.670	  0.741
	 -0.632	 -0.562	  0.534

2 	  33.66	   1.02	   0.67
	  0.171	 -0.625	 -0.762
	  0.296	  0.770	 -0.565
	  0.939	 -0.129	  0.316

3 	  43.15	   0.86	   3.08
	  0.220	 -0.187	  0.957
	 -0.003	  0.981	  0.192
	 -0.975	 -0.045	  0.216

4 	  38.69	  -5.43	  -2.92
	  0.573	 -0.818	  0.043
	  0.736	  0.491	 -0.466
	  0.360	  0.299	  0.884

5 	  39.94	  -7.33	   8.10
	  0.460	 -0.079	  0.884
	  0.692	 -0.591	 -0.414
	  0.555	  0.803	 -0.217

6 	  48.02	  -3.88	  13.22
	  0.804	  0.327	  0.496
	 -0.165	  0.925	 -0.343
	 -0.571	  0.193	  0.797

7 	  39.92	   7.95	  -1.78
	  0.549	  0.780	  0.300
	 -0.771	  0.335	  0.541
	  0.321	 -0.528	  0.786

8 	  40.04	   8.05	  10.02
	  0.435	 -0.072	  0.897
	 -0.751	 -0.579	  0.318
	  0.497	 -0.812	 -0.307

9 	  48.04	   4.11	  13.36
	  0.763	 -0.520	  0.384
	  0.046	  0.637	  0.769
	 -0.645	 -0.569	  0.510

2 	  33.98	   0.86	   0.46
	  0.510	 -0.473	 -0.719
	  0.337	  0.878	 -0.339
	  0.791	 -0.069	  0.607

3 	  43.14	   0.76	   3.02
	  0.226	 -0.180	  0.957
	 -0.001	  0.983	  0.185
	 -0.974	 -0.043	  0.221

4 	  38.60	  -5.68	  -2.81
	  0.562	 -0.824	  0.063
	  0.742	  0.469	 -0.479
	  0.365	  0.316	  0.876

5 	  39.87	  -7.37	   8.19
	  0.461	 -0.068	  0.885
	  0.686	 -0.605	 -0.404
	  0.563	  0.793	 -0.232

6 	  48.02	  -3.85	  13.18
	  0.810	  0.331	  0.483
	 -0.169	  0.922	 -0.348
	 -0.561	  0.200	  0.803

7 	  39.88	   7.80	  -1.85
	  0.551	  0.781	  0.292
	 -0.770	  0.341	  0.539
	  0.321	 -0.522	  0.790

8 	  40.08	   8.00	   9.93
	  0.438	 -0.065	  0.896
	 -0.752	 -0.573	  0.326
	  0.492	 -0.817	 -0.300

9 	  48.04	   4.10	  13.36
	  0.760	 -0.517	  0.392
	  0.046	  0.646	  0.762
	 -0.648	 -0.562	  0.515

2 	  33.50	   0.98	   1.27
	 -0.014	 -0.713	 -0.701
	  0.271	  0.672	 -0.688
	  0.962	 -0.200	  0.184

3 	  43.05	   0.74	   3.02
	  0.233	 -0.178	  0.956
	  0.000	  0.983	  0.182
	 -0.972	 -0.042	  0.229

4 	  38.53	  -5.70	  -2.76
	  0.564	 -0.823	  0.065
	  0.740	  0.469	 -0.482
	  0.366	  0.320	  0.874

5 	  39.87	  -7.35	   8.21
	  0.464	 -0.066	  0.883
	  0.687	 -0.603	 -0.406
	  0.559	  0.795	 -0.235

6 	  48.02	  -3.87	  13.18
	  0.811	  0.330	  0.482
	 -0.169	  0.922	 -0.346
	 -0.559	  0.199	  0.804

7 	  39.78	   7.79	  -1.83
	  0.551	  0.782	  0.290
	 -0.768	  0.339	  0.543
	  0.326	 -0.522	  0.788

8 	  40.06	   8.00	   9.95
	  0.441	 -0.064	  0.895
	 -0.751	 -0.573	  0.329
	  0.491	 -0.817	 -0.301

9 	  48.02	   4.10	  13.34
	  0.761	 -0.516	  0.392
	  0.046	  0.647	  0.761
	 -0.647	 -0.562	  0.516

2 	  33.59	   1.55	   1.63
	 -0.259	 -0.362	 -0.896
	  0.401	  0.803	 -0.440
	  0.879	 -0.473	 -0.063

3 	  43.05	   0.76	   3.01
	  0.234	 -0.179	  0.955
	 -0.002	  0.983	  0.184
	 -0.972	 -0.045	  0.230

4 	  38.53	  -5.70	  -2.79
	  0.564	 -0.823	  0.064
	  0.739	  0.469	 -0.483
	  0.367	  0.320	  0.873

5 	  39.87	  -7.35	   8.19
	  0.466	 -0.065	  0.882
	  0.687	 -0.601	 -0.408
	  0.557	  0.796	 -0.236

6 	  48.02	  -3.87	  13.20
	  0.811	  0.330	  0.483
	 -0.170	  0.923	 -0.345
	 -0.560	  0.198	  0.805

7 	  39.78	   7.79	  -1.83
	  0.551	  0.782	  0.290
	 -0.768	  0.339	  0.543
	  0.327	 -0.522	  0.788

8 	  40.06	   8.00	   9.95
	  0.443	 -0.064	  0.894
	 -0.750	 -0.573	  0.330
	  0.491	 -0.817	 -0.302

9 	  48.02	   4.11	  13.36
	  0.762	 -0.515	  0.392
	  0.046	  0.647	  0.761
	 -0.646	 -0.562	  0.517

2 	  33.68	   1.39	   1.09
	  0.065	 -0.537	 -0.841
	  0.476	  0.757	 -0.447
	  0.877	 -0.371	  0.305

3 	  43.03	   0.74	   3.01
	  0.234	 -0.179	  0.955
	 -0.001	  0.983	  0.184
	 -0.972	 -0.044	  0.230

4 	  38.55	  -5.68	  -2.79
	  0.566	 -0.822	  0.064
	  0.739	  0.471	 -0.481
	  0.365	  0.320	  0.874

5 	  39.87	  -7.35	   8.19
	  0.466	 -0.065	  0.882
	  0.688	 -0.600	 -0.408
	  0.556	  0.797	 -0.235

6 	  48.02	  -3.87	  13.20
	  0.811	  0.330	  0.483
	 -0.170	  0.923	 -0.345
	 -0.560	  0.198	  0.804

7 	  39.78	   7.79	  -1.81
	  0.551	  0.782	  0.291
	 -0.769	  0.339	  0.542
	  0.325	 -0.523	  0.788

8 	  40.06	   7.98	   9.95
	  0.442	 -0.065	  0.894
	 -0.751	 -0.572	  0.330
	  0.491	 -0.817	 -0.302

9 	  48.04	   4.10	  13.36
	  0.762	 -0.515	  0.393
	  0.046	  0.648	  0.760
	 -0.646	 -0.561	  0.517

2 	  41.19	   2.25	  -1.16
	  0.477	 -0.559	  0.679
	  0.345	  0.829	  0.440
	 -0.808	  0.024	  0.588

3 	  41.78	   0.76	   2.48
	  0.387	 -0.168	  0.906
	 -0.007	  0.982	  0.185
	 -0.922	 -0.078	  0.379

4 	  36.74	  -5.98	  -2.44
	  0.622	 -0.783	 -0.001
	  0.644	  0.513	 -0.568
	  0.445	  0.352	  0.823

5 	  39.69	  -7.40	   8.21
	  0.572	 -0.031	  0.820
	  0.670	 -0.558	 -0.489
	  0.472	  0.829	 -0.299

6 	  47.95	  -3.92	  13.11
	  0.811	  0.319	  0.490
	 -0.143	  0.920	 -0.365
	 -0.568	  0.225	  0.792

7 	  37.25	   7.61	  -1.37
	  0.489	  0.845	  0.213
	 -0.725	  0.259	  0.638
	  0.484	 -0.467	  0.740

8 	  39.69	   7.75	  10.14
	  0.579	 -0.074	  0.812
	 -0.690	 -0.575	  0.439
	  0.435	 -0.814	 -0.384

9 	  47.97	   4.15	  13.29
	  0.784	 -0.490	  0.380
	  0.026	  0.638	  0.769
	 -0.620	 -0.594	  0.513

2 	  41.17	   2.11	  -0.83
	  0.315	 -0.547	  0.776
	  0.407	  0.816	  0.410
	 -0.858	  0.186	  0.479

3 	  41.73	   0.77	   2.50
	  0.388	 -0.171	  0.905
	 -0.006	  0.982	  0.187
	 -0.921	 -0.079	  0.380

4 	  36.70	  -5.94	  -2.44
	  0.623	 -0.782	 -0.001
	  0.643	  0.513	 -0.568
	  0.445	  0.353	  0.823

5 	  39.69	  -7.37	   8.21
	  0.572	 -0.032	  0.820
	  0.672	 -0.555	 -0.490
	  0.470	  0.831	 -0.296

6 	  47.95	  -3.90	  13.11
	  0.811	  0.319	  0.490
	 -0.144	  0.921	 -0.362
	 -0.568	  0.223	  0.792

7 	  37.21	   7.63	  -1.35
	  0.488	  0.846	  0.214
	 -0.725	  0.255	  0.640
	  0.487	 -0.468	  0.737

8 	  39.67	   7.75	  10.14
	  0.580	 -0.075	  0.811
	 -0.689	 -0.577	  0.439
	  0.434	 -0.813	 -0.387

9 	  47.97	   4.17	  13.29
	  0.785	 -0.490	  0.379
	  0.026	  0.637	  0.770
	 -0.619	 -0.595	  0.513

2 	  40.83	   2.16	  -1.41
	  0.592	 -0.553	  0.586
	  0.455	  0.830	  0.323
	 -0.665	  0.075	  0.743

3 	  41.64	   0.81	   2.53
	  0.393	 -0.166	  0.904
	 -0.016	  0.982	  0.187
	 -0.919	 -0.089	  0.383

4 	  36.65	  -5.94	  -2.39
	  0.624	 -0.781	  0.002
	  0.640	  0.511	 -0.574
	  0.447	  0.359	  0.819

5 	  39.67	  -7.37	   8.23
	  0.573	 -0.031	  0.818
	  0.672	 -0.553	 -0.492
	  0.468	  0.833	 -0.296

6 	  47.94	  -3.92	  13.11
	  0.811	  0.318	  0.491
	 -0.144	  0.922	 -0.360
	 -0.567	  0.221	  0.793

7 	  37.11	   7.63	  -1.30
	  0.499	  0.838	  0.221
	 -0.716	  0.255	  0.649
	  0.488	 -0.483	  0.727

8 	  39.66	   7.73	  10.18
	  0.585	 -0.077	  0.807
	 -0.687	 -0.575	  0.443
	  0.430	 -0.814	 -0.389

9 	  47.94	   4.17	  13.31
	  0.786	 -0.488	  0.378
	  0.027	  0.639	  0.769
	 -0.617	 -0.595	  0.515

2 	  40.69	   2.81	  -1.41
	  0.784	 -0.404	  0.471
	  0.188	  0.878	  0.441
	 -0.592	 -0.257	  0.764

3 	  41.59	   0.84	   2.55
	  0.395	 -0.167	  0.903
	 -0.019	  0.981	  0.189
	 -0.918	 -0.092	  0.385

4 	  36.65	  -5.91	  -2.39
	  0.625	 -0.781	  0.003
	  0.639	  0.509	 -0.576
	  0.448	  0.362	  0.817

5 	  39.67	  -7.35	   8.24
	  0.575	 -0.031	  0.817
	  0.672	 -0.551	 -0.494
	  0.465	  0.834	 -0.296

6 	  47.94	  -3.90	  13.08
	  0.812	  0.316	  0.489
	 -0.144	  0.923	 -0.357
	 -0.565	  0.219	  0.795

7 	  37.05	   7.65	  -1.28
	  0.495	  0.840	  0.220
	 -0.715	  0.250	  0.653
	  0.493	 -0.482	  0.724

8 	  39.64	   7.72	  10.20
	  0.587	 -0.078	  0.806
	 -0.687	 -0.575	  0.444
	  0.428	 -0.814	 -0.391

9 	  47.94	   4.18	  13.31
	  0.787	 -0.488	  0.377
	  0.027	  0.639	  0.768
	 -0.616	 -0.595	  0.516

2 	  40.99	   2.87	  -0.93
	  0.570	 -0.565	  0.596
	  0.120	  0.775	  0.620
	 -0.812	 -0.282	  0.510

3 	  41.59	   0.83	   2.58
	  0.395	 -0.168	  0.903
	 -0.019	  0.981	  0.190
	 -0.918	 -0.092	  0.385

4 	  36.62	  -5.91	  -2.37
	  0.623	 -0.782	  0.005
	  0.640	  0.506	 -0.578
	  0.449	  0.363	  0.816

5 	  39.66	  -7.33	   8.26
	  0.575	 -0.030	  0.817
	  0.673	 -0.551	 -0.494
	  0.465	  0.834	 -0.297

6 	  47.94	  -3.92	  13.10
	  0.813	  0.315	  0.489
	 -0.143	  0.923	 -0.357
	 -0.564	  0.220	  0.796

7 	  37.07	   7.65	  -1.27
	  0.486	  0.846	  0.218
	 -0.718	  0.244	  0.652
	  0.499	 -0.474	  0.726

8 	  39.64	   7.72	  10.18
	  0.587	 -0.078	  0.805
	 -0.686	 -0.575	  0.445
	  0.428	 -0.814	 -0.391

9 	  47.94	   4.18	  13.31
	  0.787	 -0.487	  0.377
	  0.028	  0.640	  0.768
	 -0.616	 -0.594	  0.518

2 	  39.92	   5.33	  -0.63
	  0.625	 -0.119	  0.771
	  0.188	  0.982	 -0.001
	 -0.757	  0.145	  0.636

3 	  41.54	   0.97	   2.67
	  0.396	 -0.176	  0.901
	 -0.036	  0.978	  0.206
	 -0.917	 -0.114	  0.380

4 	  36.67	  -5.75	  -2.39
	  0.622	 -0.783	  0.004
	  0.644	  0.509	 -0.570
	  0.444	  0.358	  0.821

5 	  39.66	  -7.26	   8.26
	  0.577	 -0.036	  0.816
	  0.669	 -0.551	 -0.497
	  0.467	  0.833	 -0.294

6 	  47.95	  -3.88	  13.11
	  0.814	  0.311	  0.490
	 -0.143	  0.926	 -0.350
	 -0.562	  0.214	  0.798

7 	  36.84	   7.77	  -1.09
	  0.487	  0.834	  0.257
	 -0.707	  0.204	  0.677
	  0.513	 -0.512	  0.689

8 	  39.59	   7.77	  10.30
	  0.603	 -0.083	  0.793
	 -0.674	 -0.586	  0.450
	  0.427	 -0.806	 -0.409

9 	  47.92	   4.20	  13.32
	  0.793	 -0.486	  0.367
	  0.028	  0.631	  0.775
	 -0.609	 -0.604	  0.514

2 	  40.04	   5.15	  -0.19
	  0.395	 -0.121	  0.910
	  0.255	  0.966	  0.017
	 -0.882	  0.226	  0.413

3 	  41.54	   0.97	   2.65
	  0.397	 -0.176	  0.900
	 -0.039	  0.977	  0.208
	 -0.917	 -0.117	  0.381

4 	  36.67	  -5.75	  -2.39
	  0.623	 -0.782	  0.004
	  0.643	  0.510	 -0.570
	  0.444	  0.358	  0.821

5 	  39.66	  -7.26	   8.24
	  0.577	 -0.036	  0.816
	  0.669	 -0.551	 -0.498
	  0.467	  0.833	 -0.294

6 	  47.95	  -3.87	  13.11
	  0.814	  0.311	  0.490
	 -0.144	  0.926	 -0.349
	 -0.563	  0.213	  0.798

7 	  36.84	   7.77	  -1.09
	  0.488	  0.834	  0.256
	 -0.706	  0.204	  0.678
	  0.513	 -0.511	  0.689

8 	  39.59	   7.75	  10.30
	  0.604	 -0.084	  0.792
	 -0.674	 -0.585	  0.452
	  0.425	 -0.807	 -0.410

9 	  47.94	   4.22	  13.32
	  0.794	 -0.485	  0.366
	  0.028	  0.630	  0.776
	 -0.608	 -0.606	  0.514

2 	  39.87	   5.12	  -0.63
	  0.607	 -0.039	  0.793
	  0.221	  0.967	 -0.122
	 -0.763	  0.249	  0.596

3 	  41.54	   0.97	   2.67
	  0.399	 -0.174	  0.900
	 -0.041	  0.977	  0.207
	 -0.916	 -0.119	  0.383

4 	  36.67	  -5.77	  -2.37
	  0.624	 -0.781	  0.004
	  0.643	  0.510	 -0.571
	  0.444	  0.359	  0.821

5 	  39.66	  -7.26	   8.26
	  0.576	 -0.036	  0.816
	  0.670	 -0.551	 -0.497
	  0.468	  0.833	 -0.294

6 	  47.95	  -3.87	  13.10
	  0.814	  0.311	  0.490
	 -0.144	  0.926	 -0.349
	 -0.563	  0.214	  0.798

7 	  36.83	   7.73	  -1.11
	  0.497	  0.836	  0.232
	 -0.692	  0.221	  0.687
	  0.523	 -0.502	  0.688

8 	  39.59	   7.75	  10.28
	  0.606	 -0.082	  0.791
	 -0.674	 -0.582	  0.455
	  0.423	 -0.809	 -0.408

9 	  47.90	   4.22	  13.32
	  0.793	 -0.485	  0.367
	  0.027	  0.631	  0.775
	 -0.608	 -0.605	  0.513

2 	  39.80	   5.55	  -0.97
	  0.743	 -0.005	  0.669
	  0.021	  0.999	 -0.016
	 -0.669	  0.025	  0.742

3 	  41.59	   1.00	   2.62
	  0.398	 -0.174	  0.901
	 -0.037	  0.978	  0.205
	 -0.917	 -0.115	  0.382

4 	  36.70	  -5.75	  -2.43
	  0.627	 -0.778	 -0.002
	  0.641	  0.518	 -0.566
	  0.441	  0.354	  0.824

5 	  39.67	  -7.26	   8.24
	  0.576	 -0.036	  0.816
	  0.669	 -0.552	 -0.497
	  0.469	  0.833	 -0.294

6 	  47.95	  -3.87	  13.10
	  0.813	  0.312	  0.491
	 -0.145	  0.926	 -0.349
	 -0.564	  0.212	  0.798

7 	  36.86	   7.77	  -1.12
	  0.496	  0.837	  0.228
	 -0.695	  0.225	  0.682
	  0.520	 -0.498	  0.694

8 	  39.60	   7.75	  10.27
	  0.604	 -0.084	  0.792
	 -0.676	 -0.581	  0.454
	  0.422	 -0.810	 -0.408

9 	  47.92	   4.20	  13.31
	  0.792	 -0.487	  0.368
	  0.026	  0.630	  0.776
	 -0.609	 -0.605	  0.512

2 	  40.04	   5.61	  -0.69
	  0.570	 -0.153	  0.807
	  0.028	  0.985	  0.166
	 -0.821	 -0.072	  0.566

3 	  41.66	   0.97	   2.53
	  0.394	 -0.179	  0.901
	 -0.034	  0.977	  0.208
	 -0.918	 -0.113	  0.379

4 	  36.72	  -5.75	  -2.44
	  0.629	 -0.777	 -0.005
	  0.642	  0.523	 -0.561
	  0.438	  0.350	  0.828

5 	  39.69	  -7.28	   8.19
	  0.575	 -0.037	  0.817
	  0.669	 -0.553	 -0.497
	  0.470	  0.832	 -0.293

6 	  47.95	  -3.87	  13.08
	  0.811	  0.313	  0.493
	 -0.146	  0.926	 -0.348
	 -0.566	  0.210	  0.797

7 	  36.93	   7.79	  -1.14
	  0.498	  0.836	  0.229
	 -0.697	  0.229	  0.679
	  0.516	 -0.498	  0.697

8 	  39.64	   7.77	  10.25
	  0.603	 -0.084	  0.793
	 -0.676	 -0.581	  0.453
	  0.423	 -0.810	 -0.407

9 	  47.94	   4.18	  13.31
	  0.791	 -0.487	  0.369
	  0.026	  0.630	  0.776
	 -0.611	 -0.605	  0.511

2 	  39.27	   7.14	  -1.79
	  0.867	 -0.036	  0.497
	 -0.022	  0.994	  0.110
	 -0.498	 -0.106	  0.861

3 	  41.52	   1.02	   2.64
	  0.402	 -0.181	  0.898
	 -0.050	  0.974	  0.218
	 -0.914	 -0.132	  0.382

4 	  36.69	  -5.71	  -2.44
	  0.630	 -0.776	 -0.004
	  0.639	  0.521	 -0.566
	  0.441	  0.354	  0.825

5 	  39.69	  -7.28	   8.19
	  0.578	 -0.037	  0.815
	  0.672	 -0.545	 -0.502
	  0.462	  0.838	 -0.290

6 	  47.95	  -3.87	  13.08
	  0.812	  0.312	  0.493
	 -0.147	  0.927	 -0.344
	 -0.565	  0.206	  0.799

7 	  36.72	   7.79	  -1.00
	  0.492	  0.834	  0.249
	 -0.695	  0.204	  0.689
	  0.524	 -0.513	  0.680

8 	  39.53	   7.73	  10.39
	  0.610	 -0.085	  0.788
	 -0.666	 -0.593	  0.452
	  0.429	 -0.801	 -0.419

9 	  47.90	   4.24	  13.31
	  0.798	 -0.484	  0.359
	  0.028	  0.625	  0.780
	 -0.602	 -0.613	  0.512

2 	  39.55	   7.01	  -1.46
	  0.715	 -0.038	  0.698
	  0.033	  0.999	  0.020
	 -0.698	  0.009	  0.716

3 	  41.52	   1.02	   2.64
	  0.403	 -0.180	  0.897
	 -0.049	  0.974	  0.218
	 -0.914	 -0.132	  0.384

4 	  36.69	  -5.71	  -2.44
	  0.630	 -0.776	 -0.004
	  0.638	  0.521	 -0.566
	  0.441	  0.354	  0.824

5 	  39.69	  -7.28	   8.19
	  0.578	 -0.038	  0.815
	  0.672	 -0.544	 -0.502
	  0.462	  0.838	 -0.289

6 	  47.95	  -3.87	  13.08
	  0.812	  0.311	  0.494
	 -0.148	  0.928	 -0.342
	 -0.565	  0.205	  0.799

7 	  36.69	   7.79	  -0.98
	  0.492	  0.837	  0.240
	 -0.690	  0.206	  0.694
	  0.531	 -0.507	  0.678

8 	  39.53	   7.75	  10.39
	  0.612	 -0.085	  0.786
	 -0.665	 -0.593	  0.453
	  0.427	 -0.801	 -0.419

9 	  47.92	   4.22	  13.31
	  0.798	 -0.484	  0.358
	  0.028	  0.624	  0.781
	 -0.601	 -0.614	  0.512

2 	  39.22	   6.47	  -1.67
	  0.874	  0.088	  0.478
	  0.086	  0.939	 -0.331
	 -0.478	  0.330	  0.813

3 	  41.50	   1.02	   2.64
	  0.404	 -0.180	  0.896
	 -0.049	  0.974	  0.217
	 -0.913	 -0.132	  0.385

4 	  36.69	  -5.71	  -2.43
	  0.630	 -0.776	 -0.003
	  0.638	  0.521	 -0.567
	  0.441	  0.355	  0.824

5 	  39.69	  -7.28	   8.19
	  0.577	 -0.038	  0.815
	  0.672	 -0.544	 -0.502
	  0.463	  0.838	 -0.289

6 	  47.95	  -3.85	  13.10
	  0.811	  0.312	  0.495
	 -0.148	  0.928	 -0.343
	 -0.566	  0.204	  0.798

7 	  36.70	   7.77	  -1.00
	  0.492	  0.840	  0.230
	 -0.688	  0.213	  0.694
	  0.534	 -0.500	  0.682

8 	  39.53	   7.75	  10.37
	  0.613	 -0.084	  0.785
	 -0.665	 -0.592	  0.455
	  0.427	 -0.801	 -0.419

9 	  47.90	   4.24	  13.32
	  0.798	 -0.484	  0.358
	  0.028	  0.625	  0.780
	 -0.602	 -0.613	  0.512

2 	  38.83	   7.17	  -2.07
	  0.951	  0.113	  0.287
	 -0.133	  0.990	  0.050
	 -0.278	 -0.086	  0.956

3 	  41.50	   1.02	   2.65
	  0.404	 -0.179	  0.897
	 -0.050	  0.975	  0.217
	 -0.913	 -0.132	  0.385

4 	  36.69	  -5.73	  -2.43
	  0.630	 -0.776	 -0.003
	  0.638	  0.520	 -0.567
	  0.441	  0.355	  0.824

5 	  39.67	  -7.26	   8.21
	  0.577	 -0.037	  0.815
	  0.673	 -0.544	 -0.501
	  0.462	  0.838	 -0.289

6 	  47.95	  -3.87	  13.08
	  0.812	  0.311	  0.494
	 -0.148	  0.928	 -0.342
	 -0.565	  0.204	  0.799

7 	  36.67	   7.75	  -1.02
	  0.491	  0.841	  0.228
	 -0.688	  0.213	  0.694
	  0.535	 -0.498	  0.683

8 	  39.53	   7.75	  10.39
	  0.613	 -0.084	  0.785
	 -0.665	 -0.592	  0.456
	  0.426	 -0.802	 -0.419

9 	  47.90	   4.22	  13.32
	  0.798	 -0.484	  0.358
	  0.029	  0.625	  0.780
	 -0.601	 -0.613	  0.513

2 	  39.39	   7.44	  -1.74
	  0.813	 -0.067	  0.577
	 -0.119	  0.953	  0.278
	 -0.569	 -0.295	  0.767

3 	  41.50	   1.02	   2.65
	  0.405	 -0.179	  0.896
	 -0.049	  0.975	  0.217
	 -0.913	 -0.132	  0.386

4 	  36.69	  -5.73	  -2.44
	  0.630	 -0.776	 -0.003
	  0.638	  0.520	 -0.567
	  0.442	  0.355	  0.824

5 	  39.67	  -7.26	   8.21
	  0.577	 -0.037	  0.815
	  0.673	 -0.544	 -0.501
	  0.462	  0.838	 -0.289

6 	  47.95	  -3.87	  13.10
	  0.811	  0.312	  0.495
	 -0.148	  0.928	 -0.342
	 -0.566	  0.204	  0.799

7 	  36.70	   7.80	  -0.98
	  0.501	  0.830	  0.245
	 -0.688	  0.211	  0.694
	  0.524	 -0.517	  0.677

8 	  39.55	   7.75	  10.39
	  0.614	 -0.085	  0.784
	 -0.664	 -0.593	  0.456
	  0.426	 -0.801	 -0.420

9 	  47.90	   4.24	  13.31
	  0.799	 -0.484	  0.358
	  0.028	  0.624	  0.780
	 -0.601	 -0.613	  0.512

2 	  35.47	   8.77	  -0.95
	  0.315	 -0.064	 -0.947
	  0.683	  0.708	  0.179
	  0.659	 -0.703	  0.267

3 	  41.54	   0.88	   2.65
	  0.399	 -0.174	  0.900
	 -0.038	  0.978	  0.206
	 -0.916	 -0.117	  0.383

4 	  36.65	  -5.85	  -2.37
	  0.619	 -0.785	  0.007
	  0.646	  0.505	 -0.573
	  0.446	  0.359	  0.820

5 	  39.67	  -7.31	   8.28
	  0.577	 -0.033	  0.816
	  0.670	 -0.552	 -0.496
	  0.466	  0.833	 -0.297

6 	  47.95	  -3.90	  13.10
	  0.814	  0.312	  0.490
	 -0.142	  0.925	 -0.353
	 -0.563	  0.217	  0.797

7 	  36.86	   7.58	  -1.14
	  0.504	  0.835	  0.221
	 -0.695	  0.240	  0.677
	  0.513	 -0.496	  0.701

8 	  39.59	   7.72	  10.32
	  0.609	 -0.082	  0.789
	 -0.669	 -0.586	  0.456
	  0.425	 -0.806	 -0.412

9 	  47.92	   4.22	  13.32
	  0.794	 -0.485	  0.366
	  0.029	  0.632	  0.774
	 -0.607	 -0.604	  0.516

2 	  35.67	   8.53	  -1.20
	  0.566	 -0.138	 -0.813
	  0.595	  0.751	  0.286
	  0.571	 -0.646	  0.507

3 	  41.55	   0.88	   2.64
	  0.399	 -0.174	  0.900
	 -0.038	  0.978	  0.206
	 -0.916	 -0.116	  0.383

4 	  36.65	  -5.84	  -2.37
	  0.619	 -0.785	  0.007
	  0.646	  0.504	 -0.573
	  0.445	  0.359	  0.820

5 	  39.67	  -7.31	   8.26
	  0.578	 -0.032	  0.815
	  0.670	 -0.552	 -0.496
	  0.466	  0.833	 -0.298

6 	  47.94	  -3.90	  13.10
	  0.814	  0.312	  0.490
	 -0.142	  0.925	 -0.352
	 -0.563	  0.217	  0.797

7 	  36.86	   7.54	  -1.11
	  0.505	  0.834	  0.223
	 -0.696	  0.240	  0.677
	  0.511	 -0.497	  0.701

8 	  39.59	   7.72	  10.32
	  0.609	 -0.082	  0.789
	 -0.669	 -0.586	  0.456
	  0.425	 -0.806	 -0.412

9 	  47.92	   4.20	  13.32
	  0.793	 -0.485	  0.367
	  0.029	  0.633	  0.774
	 -0.608	 -0.604	  0.516

2 	  34.93	   8.12	  -0.93
	  0.356	  0.004	 -0.934
	  0.272	  0.956	  0.108
	  0.893	 -0.293	  0.340

3 	  41.54	   0.90	   2.65
	  0.398	 -0.174	  0.900
	 -0.040	  0.977	  0.207
	 -0.916	 -0.119	  0.382

4 	  36.65	  -5.84	  -2.37
	  0.619	 -0.785	  0.007
	  0.646	  0.505	 -0.572
	  0.445	  0.359	  0.820

5 	  39.66	  -7.31	   8.26
	  0.578	 -0.032	  0.815
	  0.670	 -0.552	 -0.497
	  0.466	  0.833	 -0.298

6 	  47.94	  -3.90	  13.08
	  0.814	  0.312	  0.490
	 -0.143	  0.925	 -0.352
	 -0.563	  0.216	  0.798

7 	  36.77	   7.58	  -1.11
	  0.497	  0.838	  0.223
	 -0.698	  0.234	  0.676
	  0.514	 -0.493	  0.702

8 	  39.57	   7.70	  10.30
	  0.609	 -0.082	  0.788
	 -0.669	 -0.586	  0.456
	  0.425	 -0.806	 -0.412

9 	  47.90	   4.22	  13.32
	  0.794	 -0.485	  0.367
	  0.028	  0.633	  0.774
	 -0.607	 -0.604	  0.516

2 	  35.07	   8.67	  -0.33
	  0.161	  0.308	 -0.938
	  0.517	  0.782	  0.346
	  0.840	 -0.541	 -0.033

3 	  41.54	   0.91	   2.67
	  0.399	 -0.175	  0.900
	 -0.040	  0.977	  0.207
	 -0.916	 -0.119	  0.383

4 	  36.65	  -5.84	  -2.39
	  0.620	 -0.784	  0.006
	  0.646	  0.506	 -0.571
	  0.445	  0.358	  0.821

5 	  39.66	  -7.29	   8.26
	  0.578	 -0.032	  0.815
	  0.670	 -0.551	 -0.497
	  0.465	  0.833	 -0.297

6 	  47.95	  -3.88	  13.11
	  0.813	  0.312	  0.491
	 -0.144	  0.925	 -0.351
	 -0.564	  0.214	  0.797

7 	  36.77	   7.61	  -1.12
	  0.494	  0.840	  0.222
	 -0.698	  0.231	  0.677
	  0.517	 -0.490	  0.701

8 	  39.55	   7.72	  10.34
	  0.609	 -0.082	  0.788
	 -0.668	 -0.588	  0.455
	  0.426	 -0.805	 -0.413

9 	  47.90	   4.20	  13.34
	  0.794	 -0.485	  0.366
	  0.028	  0.631	  0.775
	 -0.607	 -0.605	  0.515

2 	  35.91	   9.09	  -0.58
	  0.478	  0.127	 -0.869
	  0.768	  0.420	  0.484
	  0.426	 -0.899	  0.103

3 	  41.55	   0.91	   2.65
	  0.399	 -0.174	  0.900
	 -0.041	  0.977	  0.207
	 -0.916	 -0.120	  0.383

4 	  36.65	  -5.84	  -2.39
	  0.621	 -0.784	  0.006
	  0.646	  0.506	 -0.571
	  0.444	  0.358	  0.821

5 	  39.66	  -7.29	   8.26
	  0.578	 -0.032	  0.815
	  0.670	 -0.551	 -0.497
	  0.465	  0.834	 -0.297

6 	  47.94	  -3.90	  13.11
	  0.813	  0.312	  0.491
	 -0.144	  0.925	 -0.350
	 -0.564	  0.214	  0.797

7 	  36.84	   7.63	  -1.12
	  0.499	  0.837	  0.223
	 -0.697	  0.235	  0.678
	  0.515	 -0.494	  0.700

8 	  39.57	   7.72	  10.34
	  0.609	 -0.082	  0.789
	 -0.669	 -0.588	  0.455
	  0.426	 -0.805	 -0.413

9 	  47.92	   4.20	  13.31
	  0.794	 -0.485	  0.366
	  0.029	  0.632	  0.774
	 -0.607	 -0.604	  0.516

2 	  32.73	   2.74	  -0.67
	  0.284	 -0.929	 -0.236
	  0.195	  0.297	 -0.935
	  0.938	  0.220	  0.266

3 	  41.55	   0.98	   2.69
	  0.396	 -0.181	  0.900
	 -0.036	  0.976	  0.212
	 -0.917	 -0.116	  0.381

4 	  36.70	  -5.71	  -2.44
	  0.623	 -0.782	  0.002
	  0.647	  0.514	 -0.563
	  0.439	  0.352	  0.826

5 	  39.69	  -7.26	   8.21
	  0.577	 -0.036	  0.816
	  0.672	 -0.545	 -0.500
	  0.463	  0.837	 -0.290

6 	  47.97	  -3.87	  13.10
	  0.811	  0.310	  0.495
	 -0.146	  0.928	 -0.343
	 -0.566	  0.206	  0.798

7 	  37.00	   7.88	  -1.09
	  0.499	  0.831	  0.245
	 -0.710	  0.230	  0.666
	  0.497	 -0.506	  0.704

8 	  39.59	   7.75	  10.37
	  0.602	 -0.090	  0.793
	 -0.672	 -0.594	  0.442
	  0.431	 -0.799	 -0.418

9 	  47.92	   4.20	  13.32
	  0.794	 -0.487	  0.363
	  0.029	  0.628	  0.778
	 -0.607	 -0.607	  0.512

2 	  32.99	   2.21	  -0.63
	  0.577	 -0.809	 -0.111
	  0.218	  0.283	 -0.934
	  0.787	  0.515	  0.340

3 	  41.55	   1.00	   2.69
	  0.397	 -0.182	  0.899
	 -0.037	  0.976	  0.213
	 -0.917	 -0.118	  0.381

4 	  36.70	  -5.70	  -2.44
	  0.623	 -0.782	  0.001
	  0.646	  0.515	 -0.563
	  0.439	  0.351	  0.826

5 	  39.69	  -7.26	   8.21
	  0.576	 -0.037	  0.816
	  0.673	 -0.544	 -0.500
	  0.462	  0.838	 -0.289

6 	  47.95	  -3.85	  13.08
	  0.811	  0.310	  0.496
	 -0.146	  0.928	 -0.342
	 -0.566	  0.204	  0.798

7 	  36.98	   7.88	  -1.09
	  0.501	  0.831	  0.241
	 -0.707	  0.233	  0.667
	  0.498	 -0.506	  0.704

8 	  39.60	   7.75	  10.37
	  0.602	 -0.091	  0.793
	 -0.672	 -0.594	  0.442
	  0.431	 -0.800	 -0.418

9 	  47.94	   4.18	  13.32
	  0.794	 -0.488	  0.362
	  0.030	  0.627	  0.778
	 -0.607	 -0.607	  0.513

2 	  32.85	   2.29	  -0.44
	  0.504	 -0.830	 -0.238
	  0.026	  0.290	 -0.956
	  0.863	  0.476	  0.168

3 	  41.55	   1.00	   2.69
	  0.397	 -0.181	  0.900
	 -0.037	  0.976	  0.212
	 -0.917	 -0.117	  0.381

4 	  36.70	  -5.70	  -2.44
	  0.623	 -0.782	  0.001
	  0.646	  0.514	 -0.563
	  0.440	  0.352	  0.826

5 	  39.69	  -7.26	   8.21
	  0.576	 -0.037	  0.816
	  0.673	 -0.544	 -0.501
	  0.462	  0.838	 -0.288

6 	  47.95	  -3.85	  13.08
	  0.811	  0.310	  0.495
	 -0.147	  0.928	 -0.342
	 -0.566	  0.204	  0.798

7 	  36.98	   7.88	  -1.09
	  0.503	  0.830	  0.241
	 -0.706	  0.234	  0.668
	  0.498	 -0.506	  0.704

8 	  39.59	   7.75	  10.35
	  0.602	 -0.090	  0.793
	 -0.672	 -0.593	  0.443
	  0.431	 -0.800	 -0.417

9 	  47.94	   4.18	  13.29
	  0.794	 -0.488	  0.362
	  0.031	  0.627	  0.778
	 -0.607	 -0.607	  0.513

2 	  32.62	   3.29	  -0.58
	  0.049	 -0.802	 -0.595
	  0.236	  0.588	 -0.773
	  0.970	 -0.103	  0.218

3 	  41.55	   0.98	   2.69
	  0.398	 -0.180	  0.899
	 -0.035	  0.977	  0.211
	 -0.917	 -0.116	  0.382

4 	  36.69	  -5.71	  -2.43
	  0.623	 -0.782	  0.002
	  0.646	  0.513	 -0.565
	  0.441	  0.353	  0.825

5 	  39.69	  -7.26	   8.21
	  0.576	 -0.037	  0.816
	  0.673	 -0.544	 -0.500
	  0.463	  0.838	 -0.289

6 	  47.95	  -3.87	  13.10
	  0.811	  0.311	  0.495
	 -0.146	  0.928	 -0.343
	 -0.566	  0.205	  0.798

7 	  37.00	   7.86	  -1.11
	  0.506	  0.828	  0.241
	 -0.706	  0.237	  0.667
	  0.496	 -0.508	  0.704

8 	  39.60	   7.73	  10.35
	  0.601	 -0.089	  0.794
	 -0.673	 -0.592	  0.443
	  0.430	 -0.801	 -0.416

9 	  47.94	   4.18	  13.31
	  0.793	 -0.488	  0.363
	  0.030	  0.628	  0.777
	 -0.608	 -0.606	  0.513

2 	  33.05	   3.74	  -0.97
	  0.188	 -0.715	 -0.674
	  0.668	  0.596	 -0.445
	  0.720	 -0.366	  0.590

3 	  41.55	   0.95	   2.65
	  0.397	 -0.178	  0.900
	 -0.035	  0.977	  0.209
	 -0.917	 -0.114	  0.382

4 	  36.69	  -5.75	  -2.43
	  0.621	 -0.783	  0.004
	  0.647	  0.510	 -0.566
	  0.442	  0.354	  0.824

5 	  39.66	  -7.26	   8.24
	  0.576	 -0.036	  0.817
	  0.673	 -0.547	 -0.499
	  0.464	  0.836	 -0.291

6 	  47.95	  -3.87	  13.08
	  0.812	  0.311	  0.493
	 -0.146	  0.927	 -0.344
	 -0.564	  0.207	  0.799

7 	  37.02	   7.82	  -1.14
	  0.511	  0.825	  0.239
	 -0.706	  0.244	  0.665
	  0.491	 -0.509	  0.707

8 	  39.62	   7.73	  10.32
	  0.600	 -0.088	  0.795
	 -0.675	 -0.589	  0.444
	  0.429	 -0.803	 -0.413

9 	  47.92	   4.18	  13.32
	  0.792	 -0.488	  0.366
	  0.029	  0.630	  0.776
	 -0.610	 -0.604	  0.513

2 	  32.70	   3.94	   5.12
	  0.007	 -0.960	  0.281
	 -0.525	 -0.243	 -0.816
	  0.851	 -0.141	 -0.505

3 	  41.75	   0.97	   2.53
	  0.380	 -0.183	  0.907
	 -0.021	  0.978	  0.206
	 -0.925	 -0.097	  0.367

4 	  36.79	  -5.73	  -2.50
	  0.626	 -0.780	 -0.005
	  0.648	  0.525	 -0.552
	  0.433	  0.342	  0.834

5 	  39.71	  -7.26	   8.17
	  0.574	 -0.036	  0.817
	  0.671	 -0.551	 -0.496
	  0.468	  0.834	 -0.292

6 	  47.97	  -3.87	  13.10
	  0.809	  0.312	  0.497
	 -0.146	  0.927	 -0.345
	 -0.569	  0.207	  0.796

7 	  37.30	   7.93	  -1.23
	  0.516	  0.819	  0.250
	 -0.719	  0.255	  0.646
	  0.465	 -0.513	  0.721

8 	  39.67	   7.79	  10.27
	  0.589	 -0.091	  0.802
	 -0.683	 -0.586	  0.435
	  0.431	 -0.805	 -0.407

9 	  47.95	   4.18	  13.31
	  0.787	 -0.492	  0.372
	  0.027	  0.630	  0.776
	 -0.616	 -0.601	  0.509

2 	  32.61	   3.55	   4.94
	  0.174	 -0.956	  0.236
	 -0.370	 -0.286	 -0.884
	  0.912	  0.066	 -0.403

3 	  41.78	   0.98	   2.53
	  0.380	 -0.183	  0.907
	 -0.020	  0.978	  0.205
	 -0.925	 -0.096	  0.368

4 	  36.79	  -5.71	  -2.48
	  0.626	 -0.780	 -0.004
	  0.649	  0.524	 -0.552
	  0.432	  0.342	  0.834

5 	  39.71	  -7.26	   8.17
	  0.573	 -0.037	  0.818
	  0.672	 -0.550	 -0.496
	  0.469	  0.834	 -0.291

6 	  47.97	  -3.87	  13.10
	  0.809	  0.311	  0.498
	 -0.145	  0.927	 -0.345
	 -0.569	  0.207	  0.795

7 	  37.30	   7.91	  -1.23
	  0.519	  0.817	  0.251
	 -0.718	  0.257	  0.646
	  0.463	 -0.516	  0.720

8 	  39.67	   7.79	  10.28
	  0.588	 -0.090	  0.804
	 -0.684	 -0.586	  0.435
	  0.432	 -0.805	 -0.406

9 	  47.95	   4.18	  13.31
	  0.786	 -0.493	  0.372
	  0.027	  0.629	  0.776
	 -0.617	 -0.601	  0.508

2 	  32.55	   4.13	   4.68
	 -0.083	 -0.984	  0.157
	 -0.391	 -0.113	 -0.914
	  0.917	 -0.137	 -0.375

3 	  41.77	   0.98	   2.55
	  0.380	 -0.182	  0.906
	 -0.022	  0.978	  0.205
	 -0.925	 -0.098	  0.368

4 	  36.77	  -5.73	  -2.48
	  0.625	 -0.780	 -0.004
	  0.649	  0.523	 -0.553
	  0.433	  0.343	  0.833

5 	  39.71	  -7.26	   8.17
	  0.573	 -0.038	  0.818
	  0.672	 -0.549	 -0.496
	  0.468	  0.835	 -0.290

6 	  47.97	  -3.85	  13.08
	  0.809	  0.312	  0.498
	 -0.146	  0.927	 -0.344
	 -0.569	  0.206	  0.796

7 	  37.30	   7.91	  -1.21
	  0.518	  0.817	  0.253
	 -0.719	  0.255	  0.646
	  0.463	 -0.517	  0.720

8 	  39.67	   7.79	  10.28
	  0.588	 -0.090	  0.804
	 -0.684	 -0.586	  0.435
	  0.432	 -0.806	 -0.406

9 	  47.95	   4.20	  13.31
	  0.787	 -0.492	  0.371
	  0.027	  0.629	  0.777
	 -0.616	 -0.602	  0.508

2 	  32.40	   4.29	   4.03
	 -0.194	 -0.971	 -0.139
	 -0.014	  0.144	 -0.989
	  0.981	 -0.190	 -0.042

3 	  41.71	   0.97	   2.60
	  0.380	 -0.180	  0.907
	 -0.021	  0.979	  0.203
	 -0.925	 -0.096	  0.368

4 	  36.76	  -5.71	  -2.46
	  0.625	 -0.781	 -0.003
	  0.649	  0.521	 -0.554
	  0.434	  0.344	  0.832

5 	  39.71	  -7.26	   8.19
	  0.573	 -0.038	  0.818
	  0.673	 -0.547	 -0.497
	  0.466	  0.836	 -0.289

6 	  47.95	  -3.85	  13.10
