2 	  32.61	  -6.75	  23.12
	  0.159	  0.986	 -0.036
	 -0.987	  0.159	 -0.010
	 -0.004	  0.037	  0.999

3 	  42.87	  -0.42	   2.44
	  0.319	 -0.177	  0.931
	  0.031	  0.984	  0.176
	 -0.947	 -0.027	  0.319

4 	  37.65	  -6.64	  -3.04
	  0.538	 -0.839	 -0.076
	  0.659	  0.475	 -0.583
	  0.525	  0.263	  0.809

5 	  38.43	  -8.95	   7.66
	  0.367	 -0.362	  0.856
	  0.358	 -0.794	 -0.490
	  0.858	  0.487	 -0.162

6 	  43.98	 -10.56	  16.22
	  0.507	 -0.068	  0.859
	  0.849	  0.212	 -0.485
	 -0.149	  0.975	  0.165

7 	  38.88	   6.54	  -2.04
	  0.542	  0.823	  0.170
	 -0.690	  0.319	  0.650
	  0.480	 -0.470	  0.740

8 	  38.94	   7.37	   9.35
	  0.356	  0.246	  0.901
	 -0.356	 -0.856	  0.374
	  0.864	 -0.454	 -0.218

9 	  44.58	   9.49	  16.86
	  0.641	  0.119	  0.758
	 -0.738	 -0.175	  0.651
	  0.210	 -0.977	 -0.025

2 	  32.61	  -6.75	  23.12
	  0.159	  0.986	 -0.036
	 -0.987	  0.159	 -0.010
	 -0.004	  0.037	  0.999

3 	  42.87	  -0.42	   2.44
	  0.319	 -0.177	  0.931
	  0.032	  0.984	  0.175
	 -0.947	 -0.026	  0.319

4 	  37.65	  -6.64	  -3.04
	  0.538	 -0.839	 -0.076
	  0.659	  0.475	 -0.583
	  0.525	  0.264	  0.809

5 	  38.41	  -8.95	   7.66
	  0.367	 -0.362	  0.856
	  0.358	 -0.795	 -0.490
	  0.858	  0.487	 -0.162

6 	  43.96	 -10.56	  16.21
	  0.507	 -0.068	  0.859
	  0.849	  0.211	 -0.485
	 -0.149	  0.975	  0.164

7 	  38.88	   6.52	  -2.06
	  0.542	  0.823	  0.169
	 -0.689	  0.320	  0.650
	  0.481	 -0.470	  0.740

8 	  38.94	   7.38	   9.33
	  0.356	  0.246	  0.901
	 -0.356	 -0.856	  0.375
	  0.864	 -0.454	 -0.218

9 	  44.56	   9.49	  16.86
	  0.640	  0.119	  0.759
	 -0.739	 -0.175	  0.651
	  0.210	 -0.977	 -0.024

2 	  32.61	  -6.75	  23.10
	  0.159	  0.986	 -0.036
	 -0.987	  0.159	 -0.009
	 -0.003	  0.037	  0.999

3 	  42.87	  -0.42	   2.44
	  0.318	 -0.176	  0.931
	  0.033	  0.984	  0.175
	 -0.947	 -0.025	  0.319

4 	  37.65	  -6.64	  -3.04
	  0.538	 -0.839	 -0.075
	  0.659	  0.475	 -0.583
	  0.524	  0.264	  0.809

5 	  38.41	  -8.95	   7.66
	  0.367	 -0.362	  0.857
	  0.359	 -0.794	 -0.490
	  0.858	  0.488	 -0.162

6 	  43.96	 -10.56	  16.21
	  0.507	 -0.067	  0.859
	  0.848	  0.212	 -0.485
	 -0.150	  0.975	  0.164

7 	  38.88	   6.52	  -2.06
	  0.542	  0.823	  0.169
	 -0.689	  0.321	  0.649
	  0.480	 -0.469	  0.741

8 	  38.94	   7.38	   9.33
	  0.356	  0.247	  0.901
	 -0.356	 -0.856	  0.375
	  0.864	 -0.454	 -0.217

9 	  44.56	   9.49	  16.86
	  0.640	  0.118	  0.759
	 -0.740	 -0.174	  0.650
	  0.209	 -0.978	 -0.024

2 	  32.59	  -6.75	  23.10
	  0.159	  0.986	 -0.036
	 -0.987	  0.159	 -0.010
	 -0.004	  0.037	  0.999

3 	  42.87	  -0.42	   2.43
	  0.318	 -0.176	  0.932
	  0.032	  0.984	  0.175
	 -0.948	 -0.026	  0.318

4 	  37.71	  -6.66	  -3.04
	  0.540	 -0.838	 -0.076
	  0.660	  0.478	 -0.580
	  0.522	  0.263	  0.811

5 	  38.48	  -9.12	   7.54
	  0.369	 -0.361	  0.856
	  0.379	 -0.783	 -0.494
	  0.848	  0.507	 -0.152

6 	  44.02	 -10.65	  16.14
	  0.503	 -0.060	  0.862
	  0.845	  0.241	 -0.477
	 -0.179	  0.968	  0.172

7 	  38.94	   6.50	  -2.09
	  0.543	  0.823	  0.166
	 -0.691	  0.325	  0.646
	  0.478	 -0.465	  0.745

8 	  38.94	   7.40	   9.30
	  0.356	  0.249	  0.901
	 -0.355	 -0.856	  0.376
	  0.864	 -0.454	 -0.216

9 	  44.60	   9.62	  16.77
	  0.637	  0.115	  0.761
	 -0.752	 -0.120	  0.648
	  0.166	 -0.986	  0.010

2 	  32.59	  -6.75	  23.10
	  0.159	  0.986	 -0.036
	 -0.987	  0.159	 -0.010
	 -0.004	  0.037	  0.999

3 	  42.93	  -0.42	   2.43
	  0.314	 -0.176	  0.932
	  0.031	  0.984	  0.175
	 -0.949	 -0.026	  0.315

4 	  37.86	  -6.66	  -3.09
	  0.553	 -0.829	 -0.087
	  0.651	  0.495	 -0.575
	  0.520	  0.261	  0.813

5 	  38.60	  -9.46	   7.31
	  0.370	 -0.374	  0.850
	  0.415	 -0.752	 -0.512
	  0.831	  0.542	 -0.123

6 	  44.17	 -11.02	  15.93
	  0.497	 -0.051	  0.866
	  0.818	  0.359	 -0.449
	 -0.288	  0.932	  0.220

7 	  38.99	   6.49	  -2.13
	  0.545	  0.822	  0.162
	 -0.690	  0.330	  0.644
	  0.476	 -0.463	  0.748

8 	  38.94	   7.75	   9.14
	  0.349	  0.277	  0.895
	 -0.371	 -0.836	  0.403
	  0.860	 -0.473	 -0.189

9 	  44.74	  10.02	  16.49
	  0.635	  0.102	  0.766
	 -0.771	  0.016	  0.637
	  0.052	 -0.995	  0.089

2 	  32.59	  -6.75	  23.10
	  0.159	  0.986	 -0.036
	 -0.987	  0.158	 -0.010
	 -0.004	  0.037	  0.999

3 	  43.01	  -0.46	   2.41
	  0.311	 -0.180	  0.933
	  0.029	  0.983	  0.180
	 -0.950	 -0.029	  0.311

4 	  37.92	  -6.66	  -3.18
	  0.553	 -0.827	 -0.097
	  0.649	  0.501	 -0.572
	  0.522	  0.253	  0.814

5 	  38.50	  -9.63	   7.17
	  0.349	 -0.401	  0.847
	  0.401	 -0.753	 -0.521
	  0.847	  0.521	 -0.102

6 	  43.91	 -11.39	  15.86
	  0.479	 -0.072	  0.874
	  0.831	  0.358	 -0.427
	 -0.282	  0.931	  0.231

7 	  39.08	   6.47	  -2.18
	  0.549	  0.820	  0.157
	 -0.687	  0.336	  0.644
	  0.475	 -0.462	  0.749

8 	  38.85	   8.12	   8.95
	  0.337	  0.303	  0.891
	 -0.408	 -0.806	  0.428
	  0.848	 -0.508	 -0.148

9 	  44.58	  10.41	  16.38
	  0.618	  0.099	  0.780
	 -0.786	  0.101	  0.610
	 -0.019	 -0.990	  0.141

2 	  32.59	  -6.75	  23.10
	  0.159	  0.986	 -0.037
	 -0.987	  0.159	 -0.010
	 -0.004	  0.037	  0.999

3 	  43.08	  -0.51	   2.39
	  0.306	 -0.182	  0.934
	  0.032	  0.983	  0.181
	 -0.951	 -0.026	  0.307

4 	  37.99	  -6.68	  -3.27
	  0.548	 -0.830	 -0.100
	  0.657	  0.502	 -0.562
	  0.516	  0.242	  0.821

5 	  38.21	  -9.76	   7.00
	  0.311	 -0.416	  0.854
	  0.411	 -0.752	 -0.516
	  0.857	  0.512	 -0.063

6 	  43.17	 -11.87	  15.98
	  0.430	 -0.106	  0.896
	  0.858	  0.354	 -0.371
	 -0.279	  0.929	  0.243

7 	  39.16	   6.43	  -2.18
	  0.555	  0.817	  0.155
	 -0.685	  0.343	  0.643
	  0.472	 -0.463	  0.750

8 	  38.53	   8.47	   8.77
	  0.300	  0.338	  0.892
	 -0.428	 -0.788	  0.442
	  0.852	 -0.515	 -0.092

9 	  44.12	  10.95	  16.29
	  0.593	  0.117	  0.796
	 -0.804	  0.136	  0.578
	 -0.041	 -0.984	  0.175

2 	  32.59	  -6.75	  23.10
	  0.159	  0.986	 -0.037
	 -0.987	  0.158	 -0.010
	 -0.004	  0.037	  0.999

3 	  43.14	  -0.49	   2.41
	  0.300	 -0.184	  0.936
	  0.034	  0.982	  0.182
	 -0.953	 -0.023	  0.301

4 	  38.06	  -6.64	  -3.29
	  0.547	 -0.831	 -0.100
	  0.664	  0.504	 -0.552
	  0.509	  0.235	  0.828

5 	  37.97	 -10.04	   6.82
	  0.270	 -0.440	  0.856
	  0.430	 -0.740	 -0.517
	  0.861	  0.508	 -0.011

6 	  42.43	 -12.64	  15.87
	  0.375	 -0.150	  0.915
	  0.877	  0.376	 -0.298
	 -0.299	  0.914	  0.272

7 	  39.22	   6.43	  -2.21
	  0.556	  0.817	  0.154
	 -0.684	  0.344	  0.642
	  0.472	 -0.463	  0.750

8 	  38.13	   9.00	   8.44
	  0.252	  0.376	  0.892
	 -0.474	 -0.755	  0.452
	  0.843	 -0.537	 -0.012

9 	  43.37	  11.51	  16.29
	  0.541	  0.126	  0.831
	 -0.834	  0.208	  0.511
	 -0.108	 -0.970	  0.218

2 	  32.59	  -6.75	  23.10
	  0.159	  0.986	 -0.036
	 -0.987	  0.159	 -0.010
	 -0.004	  0.037	  0.999

3 	  43.14	  -0.47	   2.44
	  0.294	 -0.187	  0.937
	  0.036	  0.982	  0.184
	 -0.955	 -0.021	  0.295

4 	  38.11	  -6.61	  -3.29
	  0.548	 -0.830	 -0.102
	  0.668	  0.508	 -0.544
	  0.503	  0.229	  0.833

5 	  37.74	 -10.32	   6.61
	  0.229	 -0.470	  0.852
	  0.449	 -0.726	 -0.521
	  0.863	  0.502	  0.044

6 	  41.87	 -13.22	  15.80
	  0.323	 -0.183	  0.928
	  0.882	  0.412	 -0.226
	 -0.342	  0.892	  0.295

7 	  39.27	   6.47	  -2.23
	  0.556	  0.816	  0.156
	 -0.686	  0.345	  0.640
	  0.469	 -0.463	  0.752

8 	  37.76	   9.47	   8.07
	  0.196	  0.398	  0.896
	 -0.551	 -0.711	  0.436
	  0.811	 -0.579	  0.079

9 	  42.75	  11.92	  16.17
	  0.497	  0.116	  0.860
	 -0.846	  0.286	  0.450
	 -0.194	 -0.951	  0.241

2 	  32.59	  -6.75	  23.10
	  0.159	  0.986	 -0.036
	 -0.987	  0.159	 -0.010
	 -0.004	  0.037	  0.999

3 	  43.17	  -0.47	   2.48
	  0.289	 -0.191	  0.938
	  0.037	  0.981	  0.188
	 -0.957	 -0.019	  0.290

4 	  38.20	  -6.57	  -3.34
	  0.549	 -0.829	 -0.103
	  0.673	  0.512	 -0.532
	  0.494	  0.223	  0.840

5 	  37.41	 -10.44	   6.42
	  0.188	 -0.486	  0.853
	  0.472	 -0.717	 -0.513
	  0.861	  0.499	  0.094

6 	  41.12	 -13.46	  15.71
	  0.273	 -0.203	  0.940
	  0.889	  0.426	 -0.166
	 -0.368	  0.881	  0.296

7 	  39.36	   6.49	  -2.25
	  0.559	  0.814	  0.158
	 -0.687	  0.348	  0.638
	  0.464	 -0.465	  0.754

8 	  37.37	   9.86	   7.72
	  0.127	  0.412	  0.902
	 -0.623	 -0.675	  0.396
	  0.772	 -0.613	  0.171

9 	  41.99	  12.16	  16.24
	  0.443	  0.102	  0.891
	 -0.857	  0.340	  0.387
	 -0.264	 -0.935	  0.238

2 	  32.59	  -6.75	  23.12
	  0.159	  0.986	 -0.037
	 -0.987	  0.159	 -0.010
	 -0.004	  0.037	  0.999

3 	  43.19	  -0.47	   2.50
	  0.283	 -0.193	  0.939
	  0.039	  0.981	  0.189
	 -0.958	 -0.017	  0.285

4 	  38.25	  -6.56	  -3.36
	  0.551	 -0.828	 -0.100
	  0.675	  0.514	 -0.530
	  0.490	  0.224	  0.842

5 	  37.20	 -10.39	   6.28
	  0.145	 -0.485	  0.862
	  0.507	 -0.712	 -0.486
	  0.849	  0.508	  0.142

6 	  40.36	 -13.43	  15.89
	  0.197	 -0.207	  0.958
	  0.882	  0.464	 -0.081
	 -0.428	  0.861	  0.273

7 	  39.48	   6.49	  -2.29
	  0.563	  0.811	  0.160
	 -0.689	  0.353	  0.633
	  0.457	 -0.467	  0.757

8 	  37.02	  10.04	   7.40
	  0.070	  0.422	  0.904
	 -0.673	 -0.648	  0.355
	  0.736	 -0.634	  0.239

9 	  41.17	  12.38	  16.21
	  0.387	  0.101	  0.916
	 -0.871	  0.365	  0.328
	 -0.301	 -0.926	  0.229

2 	  32.59	  -6.75	  23.10
	  0.159	  0.986	 -0.037
	 -0.987	  0.159	 -0.010
	 -0.004	  0.037	  0.999

3 	  43.17	  -0.46	   2.57
	  0.274	 -0.192	  0.942
	  0.038	  0.981	  0.188
	 -0.961	 -0.016	  0.276

4 	  38.36	  -6.52	  -3.41
	  0.557	 -0.826	 -0.090
	  0.678	  0.515	 -0.524
	  0.479	  0.231	  0.847

5 	  36.90	 -10.28	   6.21
	  0.100	 -0.475	  0.874
	  0.539	 -0.713	 -0.449
	  0.836	  0.517	  0.185

6 	  39.57	 -13.32	  15.98
	  0.135	 -0.203	  0.970
	  0.875	  0.483	 -0.021
	 -0.465	  0.851	  0.242

7 	  39.64	   6.50	  -2.34
	  0.570	  0.805	  0.167
	 -0.697	  0.365	  0.617
	  0.436	 -0.468	  0.768

8 	  36.77	  10.32	   7.01
	  0.008	  0.429	  0.903
	 -0.735	 -0.609	  0.296
	  0.677	 -0.667	  0.311

9 	  40.32	  12.55	  16.19
	  0.311	  0.092	  0.946
	 -0.878	  0.408	  0.249
	 -0.363	 -0.908	  0.207

2 	  32.59	  -6.75	  23.10
	  0.159	  0.986	 -0.036
	 -0.987	  0.159	 -0.010
	 -0.004	  0.037	  0.999

3 	  43.19	  -0.46	   2.64
	  0.259	 -0.192	  0.946
	  0.040	  0.981	  0.187
	 -0.965	 -0.011	  0.262

4 	  38.55	  -6.52	  -3.43
	  0.561	 -0.825	 -0.074
	  0.688	  0.514	 -0.513
	  0.461	  0.237	  0.855

5 	  36.77	 -10.28	   6.12
	  0.068	 -0.465	  0.883
	  0.577	 -0.703	 -0.415
	  0.813	  0.538	  0.220

6 	  39.16	 -13.15	  16.08
	  0.091	 -0.191	  0.977
	  0.858	  0.512	  0.019
	 -0.505	  0.837	  0.210

7 	  39.80	   6.45	  -2.36
	  0.572	  0.802	  0.173
	 -0.705	  0.372	  0.603
	  0.420	 -0.467	  0.778

8 	  36.54	  10.46	   6.68
	 -0.050	  0.432	  0.900
	 -0.769	 -0.592	  0.241
	  0.637	 -0.680	  0.362

9 	  39.48	  12.66	  16.12
	  0.241	  0.095	  0.966
	 -0.888	  0.422	  0.180
	 -0.391	 -0.901	  0.186

2 	  32.59	  -6.75	  23.12
	  0.159	  0.986	 -0.036
	 -0.987	  0.159	 -0.010
	 -0.004	  0.037	  0.999

3 	  43.21	  -0.46	   2.71
	  0.250	 -0.189	  0.949
	  0.040	  0.982	  0.185
	 -0.967	 -0.008	  0.253

4 	  38.67	  -6.52	  -3.43
	  0.565	 -0.823	 -0.059
	  0.694	  0.513	 -0.505
	  0.445	  0.244	  0.861

5 	  36.74	 -10.35	   6.05
	  0.047	 -0.458	  0.888
	  0.619	 -0.684	 -0.385
	  0.784	  0.568	  0.251

6 	  38.85	 -13.13	  16.07
	  0.056	 -0.181	  0.982
	  0.822	  0.566	  0.057
	 -0.566	  0.804	  0.181

7 	  39.88	   6.49	  -2.37
	  0.569	  0.802	  0.180
	 -0.714	  0.374	  0.591
	  0.406	 -0.465	  0.786

8 	  36.40	  10.60	   6.43
	 -0.094	  0.426	  0.899
	 -0.815	 -0.552	  0.176
	  0.571	 -0.717	  0.399

9 	  38.88	  12.62	  16.07
	  0.174	  0.076	  0.981
	 -0.875	  0.468	  0.119
	 -0.451	 -0.880	  0.148

2 	  32.59	  -6.75	  23.10
	  0.159	  0.986	 -0.037
	 -0.987	  0.159	 -0.010
	 -0.004	  0.037	  0.999

3 	  43.21	  -0.44	   2.76
	  0.245	 -0.188	  0.951
	  0.042	  0.982	  0.183
	 -0.968	 -0.005	  0.249

4 	  38.78	  -6.57	  -3.43
	  0.568	 -0.821	 -0.047
	  0.701	  0.514	 -0.494
	  0.429	  0.248	  0.868

5 	  36.65	 -10.46	   5.98
	  0.033	 -0.454	  0.890
	  0.650	 -0.667	 -0.364
	  0.759	  0.591	  0.273

6 	  38.55	 -13.10	  16.10
	  0.034	 -0.178	  0.983
	  0.811	  0.580	  0.076
	 -0.585	  0.794	  0.164

7 	  39.94	   6.47	  -2.43
	  0.566	  0.803	  0.183
	 -0.721	  0.375	  0.583
	  0.400	 -0.462	  0.791

8 	  36.25	  10.71	   6.24
	 -0.128	  0.418	  0.899
	 -0.842	 -0.525	  0.124
	  0.524	 -0.741	  0.419

9 	  38.25	  12.55	  16.01
	  0.123	  0.061	  0.990
	 -0.871	  0.484	  0.078
	 -0.475	 -0.873	  0.112

2 	  32.59	  -6.75	  23.10
	  0.159	  0.986	 -0.037
	 -0.987	  0.159	 -0.010
	 -0.004	  0.037	  0.999

3 	  43.21	  -0.44	   2.76
	  0.244	 -0.188	  0.951
	  0.045	  0.982	  0.182
	 -0.969	 -0.002	  0.248

4 	  38.85	  -6.56	  -3.41
	  0.571	 -0.820	 -0.041
	  0.704	  0.514	 -0.490
	  0.422	  0.250	  0.871

5 	  36.47	 -10.48	   5.91
	  0.008	 -0.458	  0.889
	  0.649	 -0.673	 -0.354
	  0.760	  0.580	  0.292

6 	  38.13	 -13.20	  16.10
	  0.007	 -0.180	  0.983
	  0.822	  0.561	  0.096
	 -0.569	  0.808	  0.152

7 	  39.94	   6.45	  -2.44
	  0.563	  0.805	  0.186
	 -0.727	  0.374	  0.576
	  0.394	 -0.460	  0.796

8 	  36.05	  10.72	   6.10
	 -0.165	  0.406	  0.899
	 -0.859	 -0.507	  0.072
	  0.485	 -0.760	  0.432

9 	  37.65	  12.36	  16.01
	  0.072	  0.042	  0.996
	 -0.866	  0.497	  0.042
	 -0.494	 -0.866	  0.072

2 	  32.59	  -6.75	  23.10
	  0.159	  0.986	 -0.037
	 -0.987	  0.158	 -0.010
	 -0.004	  0.037	  0.999

3 	  43.21	  -0.44	   2.78
	  0.242	 -0.188	  0.952
	  0.047	  0.982	  0.182
	 -0.969	  0.000	  0.247

4 	  38.85	  -6.56	  -3.43
	  0.568	 -0.822	 -0.038
	  0.709	  0.513	 -0.483
	  0.416	  0.247	  0.875

5 	  36.37	 -10.48	   5.85
	 -0.008	 -0.465	  0.885
	  0.649	 -0.676	 -0.349
	  0.760	  0.572	  0.307

6 	  37.95	 -13.34	  16.00
	 -0.005	 -0.193	  0.981
	  0.826	  0.551	  0.112
	 -0.563	  0.812	  0.156

7 	  39.94	   6.47	  -2.44
	  0.555	  0.809	  0.194
	 -0.738	  0.371	  0.563
	  0.384	 -0.456	  0.803

8 	  35.88	  10.69	   5.98
	 -0.195	  0.393	  0.898
	 -0.871	 -0.491	  0.026
	  0.451	 -0.777	  0.438

9 	  37.04	  12.18	  16.03
	  0.025	  0.027	  0.999
	 -0.859	  0.511	  0.008
	 -0.511	 -0.859	  0.036

2 	  32.61	  -6.75	  23.10
	  0.159	  0.986	 -0.037
	 -0.987	  0.158	 -0.010
	 -0.004	  0.037	  0.999

3 	  43.21	  -0.46	   2.79
	  0.240	 -0.190	  0.952
	  0.049	  0.982	  0.183
	 -0.969	  0.002	  0.245

4 	  38.85	  -6.56	  -3.43
	  0.568	 -0.822	 -0.036
	  0.713	  0.513	 -0.478
	  0.411	  0.246	  0.877

5 	  36.28	 -10.51	   5.78
	 -0.024	 -0.472	  0.881
	  0.647	 -0.679	 -0.347
	  0.762	  0.562	  0.322

6 	  37.63	 -13.55	  15.93
	 -0.026	 -0.208	  0.978
	  0.839	  0.527	  0.134
	 -0.544	  0.823	  0.160

7 	  39.94	   6.47	  -2.44
	  0.549	  0.812	  0.200
	 -0.748	  0.369	  0.551
	  0.374	 -0.452	  0.810

8 	  35.74	  10.63	   5.91
	 -0.221	  0.384	  0.896
	 -0.876	 -0.482	 -0.010
	  0.428	 -0.788	  0.443

9 	  36.65	  12.09	  15.96
	 -0.005	  0.020	  1.000
	 -0.858	  0.514	 -0.014
	 -0.514	 -0.858	  0.014

2 	  32.59	  -6.75	  23.10
	  0.159	  0.986	 -0.037
	 -0.987	  0.159	 -0.010
	 -0.004	  0.037	  0.999

3 	  43.22	  -0.47	   2.83
	  0.238	 -0.191	  0.952
	  0.050	  0.981	  0.184
	 -0.970	  0.004	  0.243

4 	  38.88	  -6.56	  -3.41
	  0.565	 -0.825	 -0.027
	  0.721	  0.509	 -0.470
	  0.401	  0.246	  0.882

5 	  36.12	 -10.49	   5.73
	 -0.051	 -0.467	  0.883
	  0.654	 -0.684	 -0.324
	  0.755	  0.561	  0.340

6 	  37.21	 -13.43	  15.91
	 -0.058	 -0.201	  0.978
	  0.797	  0.580	  0.166
	 -0.601	  0.789	  0.127

7 	  39.99	   6.49	  -2.44
	  0.545	  0.813	  0.205
	 -0.755	  0.369	  0.542
	  0.365	 -0.451	  0.815

8 	  35.67	  10.62	   5.84
	 -0.242	  0.379	  0.893
	 -0.878	 -0.477	 -0.035
	  0.413	 -0.793	  0.448

9 	  36.30	  12.06	  15.89
	 -0.034	  0.020	  0.999
	 -0.856	  0.516	 -0.039
	 -0.516	 -0.856	 -0.000

2 	  32.59	  -6.75	  23.10
	  0.159	  0.986	 -0.037
	 -0.987	  0.158	 -0.010
	 -0.004	  0.037	  0.999

3 	  43.22	  -0.46	   2.85
	  0.234	 -0.193	  0.953
	  0.051	  0.981	  0.186
	 -0.971	  0.005	  0.240

4 	  38.94	  -6.59	  -3.43
	  0.562	 -0.827	 -0.021
	  0.728	  0.507	 -0.462
	  0.392	  0.245	  0.887

5 	  36.00	 -10.55	   5.66
	 -0.066	 -0.462	  0.884
	  0.678	 -0.671	 -0.300
	  0.731	  0.581	  0.357

6 	  36.98	 -13.34	  15.91
	 -0.071	 -0.190	  0.979
	  0.745	  0.643	  0.178
	 -0.663	  0.742	  0.096

7 	  40.04	   6.47	  -2.43
	  0.543	  0.813	  0.211
	 -0.761	  0.370	  0.532
	  0.355	 -0.449	  0.820

8 	  35.61	  10.58	   5.77
	 -0.257	  0.377	  0.889
	 -0.877	 -0.477	 -0.051
	  0.405	 -0.793	  0.454

9 	  36.07	  12.08	  15.80
	 -0.050	  0.023	  0.998
	 -0.862	  0.503	 -0.055
	 -0.504	 -0.864	 -0.006

2 	  32.59	  -6.75	  23.10
	  0.159	  0.986	 -0.037
	 -0.987	  0.158	 -0.010
	 -0.004	  0.037	  0.999

3 	  43.24	  -0.51	   2.85
	  0.231	 -0.195	  0.953
	  0.055	  0.981	  0.187
	 -0.971	  0.009	  0.237

4 	  38.95	  -6.61	  -3.41
	  0.560	 -0.828	 -0.017
	  0.731	  0.505	 -0.458
	  0.388	  0.244	  0.889

5 	  35.96	 -10.58	   5.62
	 -0.072	 -0.460	  0.885
	  0.684	 -0.669	 -0.292
	  0.726	  0.584	  0.362

6 	  36.95	 -13.32	  15.94
	 -0.076	 -0.188	  0.979
	  0.740	  0.648	  0.181
	 -0.669	  0.738	  0.089

7 	  40.04	   6.42	  -2.48
	  0.541	  0.814	  0.211
	 -0.764	  0.372	  0.527
	  0.350	 -0.447	  0.823

8 	  35.54	  10.58	   5.66
	 -0.272	  0.373	  0.886
	 -0.880	 -0.469	 -0.072
	  0.389	 -0.800	  0.456

9 	  35.77	  12.01	  15.73
	 -0.076	  0.019	  0.997
	 -0.854	  0.516	 -0.075
	 -0.516	 -0.857	 -0.023

2 	  32.61	  -6.75	  23.10
	  0.159	  0.986	 -0.037
	 -0.987	  0.158	 -0.010
	 -0.004	  0.037	  0.999

3 	  43.24	  -0.51	   2.87
	  0.229	 -0.195	  0.953
	  0.057	  0.980	  0.187
	 -0.972	  0.012	  0.236

4 	  38.95	  -6.61	  -3.41
	  0.560	 -0.828	 -0.015
	  0.733	  0.504	 -0.457
	  0.386	  0.245	  0.889

5 	  35.91	 -10.60	   5.62
	 -0.076	 -0.460	  0.885
	  0.684	 -0.669	 -0.289
	  0.725	  0.584	  0.365

6 	  36.86	 -13.32	  15.94
	 -0.079	 -0.184	  0.980
	  0.740	  0.648	  0.181
	 -0.668	  0.739	  0.085

7 	  40.03	   6.42	  -2.48
	  0.537	  0.816	  0.212
	 -0.769	  0.371	  0.520
	  0.345	 -0.442	  0.827

8 	  35.42	  10.58	   5.55
	 -0.290	  0.370	  0.882
	 -0.884	 -0.456	 -0.099
	  0.366	 -0.809	  0.460

9 	  35.38	  11.99	  15.66
	 -0.106	  0.015	  0.994
	 -0.841	  0.531	 -0.098
	 -0.530	 -0.847	 -0.044

2 	  32.59	  -6.75	  23.10
	  0.159	  0.986	 -0.036
	 -0.987	  0.159	 -0.010
	 -0.004	  0.037	  0.999

3 	  43.21	  -0.53	   2.87
	  0.228	 -0.196	  0.953
	  0.061	  0.980	  0.186
	 -0.972	  0.016	  0.236

4 	  38.95	  -6.64	  -3.41
	  0.557	 -0.830	 -0.010
	  0.736	  0.500	 -0.455
	  0.383	  0.246	  0.890

5 	  35.82	 -10.58	   5.61
	 -0.085	 -0.458	  0.885
	  0.687	 -0.670	 -0.280
	  0.721	  0.585	  0.372

6 	  36.67	 -13.25	  15.94
	 -0.089	 -0.179	  0.979
	  0.734	  0.653	  0.186
	 -0.673	  0.735	  0.073

7 	  40.01	   6.42	  -2.50
	  0.531	  0.819	  0.215
	 -0.777	  0.369	  0.510
	  0.338	 -0.438	  0.833

8 	  35.30	  10.60	   5.52
	 -0.307	  0.367	  0.878
	 -0.881	 -0.458	 -0.116
	  0.360	 -0.809	  0.464

9 	  35.09	  12.01	  15.57
	 -0.126	  0.016	  0.992
	 -0.838	  0.533	 -0.116
	 -0.531	 -0.846	 -0.054

2 	  32.59	  -6.75	  23.10
	  0.159	  0.986	 -0.037
	 -0.987	  0.158	 -0.010
	 -0.004	  0.037	  0.999

3 	  43.21	  -0.54	   2.87
	  0.227	 -0.197	  0.953
	  0.063	  0.980	  0.187
	 -0.972	  0.018	  0.235

4 	  38.95	  -6.63	  -3.39
	  0.557	 -0.831	 -0.007
	  0.740	  0.500	 -0.450
	  0.377	  0.245	  0.893

5 	  35.77	 -10.56	   5.59
	 -0.092	 -0.458	  0.884
	  0.688	 -0.671	 -0.276
	  0.719	  0.583	  0.376

6 	  36.56	 -13.20	  15.96
	 -0.094	 -0.176	  0.980
	  0.737	  0.649	  0.187
	 -0.670	  0.739	  0.068

7 	  39.99	   6.42	  -2.51
	  0.526	  0.822	  0.219
	 -0.783	  0.367	  0.502
	  0.332	 -0.436	  0.837

8 	  35.21	  10.56	   5.47
	 -0.321	  0.360	  0.875
	 -0.879	 -0.457	 -0.134
	  0.352	 -0.813	  0.464

9 	  34.82	  11.92	  15.56
	 -0.146	  0.010	  0.989
	 -0.835	  0.535	 -0.128
	 -0.531	 -0.844	 -0.070

2 	  32.59	  -6.75	  23.10
	  0.159	  0.986	 -0.036
	 -0.987	  0.159	 -0.010
	 -0.004	  0.037	  0.999

3 	  43.21	  -0.53	   2.88
	  0.226	 -0.197	  0.954
	  0.064	  0.980	  0.187
	 -0.972	  0.019	  0.234

4 	  38.97	  -6.63	  -3.39
	  0.555	 -0.832	 -0.004
	  0.743	  0.498	 -0.446
	  0.372	  0.245	  0.895

5 	  35.74	 -10.53	   5.55
	 -0.101	 -0.456	  0.884
	  0.688	 -0.674	 -0.269
	  0.718	  0.581	  0.382

6 	  36.42	 -13.15	  15.93
	 -0.104	 -0.175	  0.979
	  0.738	  0.646	  0.194
	 -0.666	  0.743	  0.062

7 	  40.03	   6.43	  -2.50
	  0.520	  0.824	  0.224
	 -0.790	  0.365	  0.493
	  0.324	 -0.433	  0.841

8 	  35.12	  10.51	   5.41
	 -0.336	  0.354	  0.872
	 -0.877	 -0.455	 -0.153
	  0.342	 -0.817	  0.464

9 	  34.54	  11.81	  15.47
	 -0.168	  0.008	  0.986
	 -0.826	  0.544	 -0.145
	 -0.538	 -0.839	 -0.085

2 	  32.59	  -6.75	  23.10
	  0.159	  0.986	 -0.037
	 -0.987	  0.159	 -0.010
	 -0.004	  0.037	  0.999

3 	  43.21	  -0.54	   2.88
	  0.225	 -0.197	  0.954
	  0.065	  0.980	  0.187
	 -0.972	  0.020	  0.233

4 	  38.99	  -6.63	  -3.39
	  0.555	 -0.832	 -0.001
	  0.745	  0.497	 -0.445
	  0.370	  0.246	  0.896

5 	  35.68	 -10.55	   5.54
	 -0.109	 -0.456	  0.883
	  0.686	 -0.677	 -0.266
	  0.719	  0.577	  0.386

6 	  36.28	 -13.13	  15.93
	 -0.115	 -0.173	  0.978
	  0.739	  0.643	  0.200
	 -0.664	  0.746	  0.054

7 	  40.04	   6.40	  -2.51
	  0.516	  0.826	  0.226
	 -0.795	  0.364	  0.485
	  0.319	 -0.431	  0.844

8 	  35.07	  10.46	   5.36
	 -0.347	  0.352	  0.869
	 -0.876	 -0.451	 -0.167
	  0.333	 -0.820	  0.465

9 	  34.37	  11.74	  15.38
	 -0.188	  0.007	  0.982
	 -0.812	  0.561	 -0.159
	 -0.553	 -0.827	 -0.100

2 	  32.61	  -6.75	  23.10
	  0.159	  0.986	 -0.037
	 -0.987	  0.159	 -0.010
	 -0.004	  0.037	  0.999

3 	  43.21	  -0.54	   2.90
	  0.224	 -0.198	  0.954
	  0.064	  0.980	  0.188
	 -0.973	  0.019	  0.232

4 	  39.02	  -6.66	  -3.38
	  0.555	 -0.832	  0.003
	  0.747	  0.497	 -0.442
	  0.366	  0.248	  0.897

5 	  35.68	 -10.55	   5.54
	 -0.113	 -0.450	  0.885
	  0.692	 -0.675	 -0.256
	  0.713	  0.584	  0.387

6 	  36.25	 -13.04	  15.94
	 -0.126	 -0.168	  0.977
	  0.737	  0.644	  0.205
	 -0.664	  0.746	  0.042

7 	  40.04	   6.40	  -2.51
	  0.515	  0.826	  0.229
	 -0.797	  0.364	  0.481
	  0.314	 -0.431	  0.846

8 	  35.12	  10.51	   5.31
	 -0.357	  0.349	  0.866
	 -0.883	 -0.428	 -0.192
	  0.304	 -0.833	  0.461

9 	  34.24	  11.76	  15.31
	 -0.212	  0.004	  0.977
	 -0.791	  0.586	 -0.174
	 -0.574	 -0.810	 -0.121

2 	  32.61	  -6.75	  23.10
	  0.159	  0.986	 -0.037
	 -0.987	  0.158	 -0.010
	 -0.004	  0.037	  0.999

3 	  43.19	  -0.54	   2.90
	  0.221	 -0.197	  0.955
	  0.064	  0.980	  0.187
	 -0.973	  0.019	  0.229

4 	  39.06	  -6.66	  -3.38
	  0.556	 -0.831	  0.006
	  0.748	  0.497	 -0.440
	  0.363	  0.249	  0.898

5 	  35.68	 -10.55	   5.55
	 -0.118	 -0.448	  0.886
	  0.698	 -0.672	 -0.247
	  0.706	  0.589	  0.392

6 	  36.18	 -13.03	  15.98
	 -0.138	 -0.167	  0.976
	  0.734	  0.644	  0.214
	 -0.665	  0.746	  0.034

7 	  40.06	   6.38	  -2.51
	  0.514	  0.826	  0.231
	 -0.800	  0.365	  0.476
	  0.309	 -0.430	  0.848

8 	  35.09	  10.49	   5.29
	 -0.365	  0.348	  0.863
	 -0.881	 -0.427	 -0.201
	  0.299	 -0.834	  0.463

9 	  34.08	  11.79	  15.28
	 -0.228	  0.009	  0.973
	 -0.788	  0.585	 -0.190
	 -0.571	 -0.811	 -0.126

2 	  32.61	  -6.75	  23.10
	  0.159	  0.986	 -0.037
	 -0.987	  0.158	 -0.010
	 -0.004	  0.037	  0.999

3 	  43.19	  -0.54	   2.92
	  0.219	 -0.197	  0.955
	  0.065	  0.980	  0.187
	 -0.974	  0.021	  0.227

4 	  39.06	  -6.68	  -3.38
	  0.555	 -0.832	  0.008
	  0.750	  0.496	 -0.438
	  0.360	  0.249	  0.899

5 	  35.61	 -10.55	   5.54
	 -0.124	 -0.448	  0.885
	  0.695	 -0.676	 -0.245
	  0.708	  0.585	  0.395

6 	  36.07	 -13.04	  15.93
	 -0.141	 -0.167	  0.976
	  0.758	  0.615	  0.215
	 -0.637	  0.770	  0.040

7 	  40.10	   6.38	  -2.51
	  0.513	  0.826	  0.234
	 -0.803	  0.364	  0.472
	  0.304	 -0.430	  0.850

8 	  35.07	  10.46	   5.29
	 -0.372	  0.344	  0.862
	 -0.880	 -0.427	 -0.209
	  0.296	 -0.836	  0.461

9 	  34.00	  11.71	  15.28
	 -0.234	  0.006	  0.972
	 -0.784	  0.590	 -0.192
	 -0.575	 -0.807	 -0.134

2 	  32.59	  -6.75	  23.10
	  0.159	  0.986	 -0.037
	 -0.987	  0.159	 -0.010
	 -0.004	  0.037	  0.999

3 	  43.19	  -0.56	   2.92
	  0.217	 -0.198	  0.955
	  0.068	  0.980	  0.188
	 -0.974	  0.024	  0.226

4 	  39.04	  -6.66	  -3.38
	  0.554	 -0.833	  0.007
	  0.750	  0.495	 -0.437
	  0.360	  0.248	  0.899

5 	  35.68	 -10.55	   5.55
	 -0.113	 -0.444	  0.889
	  0.706	 -0.665	 -0.243
	  0.699	  0.600	  0.388

6 	  36.23	 -13.04	  15.94
	 -0.135	 -0.171	  0.976
	  0.752	  0.623	  0.213
	 -0.645	  0.763	  0.044

7 	  40.08	   6.42	  -2.50
	  0.509	  0.826	  0.239
	 -0.806	  0.361	  0.469
	  0.302	 -0.432	  0.850

8 	  35.02	  10.44	   5.34
	 -0.376	  0.339	  0.862
	 -0.879	 -0.426	 -0.216
	  0.294	 -0.839	  0.458

9 	  33.94	  11.64	  15.31
	 -0.241	  0.002	  0.970
	 -0.780	  0.595	 -0.195
	 -0.578	 -0.804	 -0.142

2 	  32.59	  -6.75	  23.10
	  0.159	  0.986	 -0.037
	 -0.987	  0.158	 -0.010
	 -0.004	  0.038	  0.999

3 	  43.19	  -0.56	   2.94
	  0.216	 -0.200	  0.955
	  0.070	  0.979	  0.189
	 -0.974	  0.026	  0.225

4 	  38.99	  -6.66	  -3.38
	  0.548	 -0.836	  0.005
	  0.753	  0.492	 -0.437
	  0.363	  0.243	  0.899

5 	  35.68	 -10.55	   5.57
	 -0.109	 -0.445	  0.889
	  0.707	 -0.663	 -0.245
	  0.698	  0.602	  0.386

6 	  36.30	 -13.08	  15.96
	 -0.131	 -0.172	  0.976
	  0.754	  0.622	  0.211
	 -0.644	  0.763	  0.048

7 	  40.08	   6.42	  -2.50
	  0.508	  0.827	  0.241
	 -0.807	  0.359	  0.469
	  0.301	 -0.433	  0.849

8 	  35.03	  10.42	   5.34
	 -0.377	  0.336	  0.863
	 -0.878	 -0.426	 -0.217
	  0.295	 -0.839	  0.456

9 	  33.94	  11.62	  15.31
	 -0.243	  0.002	  0.970
	 -0.779	  0.596	 -0.196
	 -0.578	 -0.803	 -0.143

2 	  32.59	  -6.75	  23.10
	  0.159	  0.986	 -0.036
	 -0.987	  0.159	 -0.010
	 -0.004	  0.037	  0.999

3 	  43.19	  -0.56	   2.94
	  0.216	 -0.201	  0.955
	  0.070	  0.979	  0.189
	 -0.974	  0.026	  0.226

4 	  38.99	  -6.64	  -3.38
	  0.548	 -0.836	  0.004
	  0.753	  0.491	 -0.438
	  0.364	  0.243	  0.899

5 	  35.63	 -10.53	   5.55
	 -0.114	 -0.448	  0.887
	  0.699	 -0.670	 -0.249
	  0.706	  0.592	  0.389

6 	  36.23	 -13.10	  15.94
	 -0.135	 -0.175	  0.975
	  0.755	  0.619	  0.215
	 -0.641	  0.765	  0.048

7 	  40.08	   6.43	  -2.48
	  0.508	  0.827	  0.241
	 -0.807	  0.359	  0.468
	  0.301	 -0.433	  0.850

8 	  35.03	  10.42	   5.36
	 -0.377	  0.336	  0.863
	 -0.878	 -0.426	 -0.218
	  0.294	 -0.840	  0.455

9 	  33.94	  11.64	  15.31
	 -0.245	  0.004	  0.969
	 -0.776	  0.598	 -0.199
	 -0.580	 -0.802	 -0.143

2 	  32.59	  -6.75	  23.12
	  0.159	  0.986	 -0.036
	 -0.987	  0.159	 -0.010
	 -0.004	  0.037	  0.999

3 	  43.19	  -0.56	   2.94
	  0.216	 -0.201	  0.955
	  0.070	  0.979	  0.189
	 -0.974	  0.026	  0.226

4 	  38.97	  -6.63	  -3.39
	  0.549	 -0.836	  0.003
	  0.751	  0.492	 -0.440
	  0.366	  0.244	  0.898

5 	  35.65	 -10.53	   5.55
	 -0.114	 -0.448	  0.886
	  0.699	 -0.670	 -0.250
	  0.706	  0.591	  0.389

6 	  36.23	 -13.11	  15.94
	 -0.135	 -0.176	  0.975
	  0.754	  0.619	  0.216
	 -0.642	  0.765	  0.049

7 	  40.08	   6.43	  -2.48
	  0.507	  0.827	  0.242
	 -0.807	  0.358	  0.468
	  0.301	 -0.433	  0.849

8 	  35.05	  10.44	   5.36
	 -0.376	  0.338	  0.862
	 -0.879	 -0.426	 -0.216
	  0.294	 -0.839	  0.457

9 	  34.00	  11.71	  15.31
	 -0.243	  0.010	  0.970
	 -0.776	  0.598	 -0.200
	 -0.582	 -0.801	 -0.138

2 	  32.59	  -6.75	  23.12
	  0.159	  0.986	 -0.036
	 -0.987	  0.159	 -0.010
	 -0.004	  0.037	  0.999

3 	  43.19	  -0.56	   2.94
	  0.216	 -0.200	  0.955
	  0.069	  0.979	  0.189
	 -0.974	  0.025	  0.226

4 	  38.95	  -6.63	  -3.39
	  0.549	 -0.836	  0.001
	  0.750	  0.492	 -0.442
	  0.368	  0.244	  0.897

5 	  35.68	 -10.55	   5.55
	 -0.107	 -0.446	  0.888
	  0.705	 -0.664	 -0.249
	  0.701	  0.600	  0.385

6 	  36.28	 -13.08	  15.94
	 -0.130	 -0.176	  0.976
	  0.753	  0.622	  0.212
	 -0.644	  0.763	  0.052

7 	  40.08	   6.42	  -2.48
	  0.508	  0.826	  0.242
	 -0.807	  0.359	  0.469
	  0.301	 -0.434	  0.849

8 	  35.09	  10.42	   5.41
	 -0.370	  0.342	  0.864
	 -0.880	 -0.427	 -0.208
	  0.298	 -0.837	  0.458

9 	  34.12	  11.76	  15.36
	 -0.234	  0.012	  0.972
	 -0.778	  0.597	 -0.195
	 -0.583	 -0.802	 -0.130

2 	  32.59	  -6.75	  23.10
	  0.159	  0.986	 -0.036
	 -0.987	  0.159	 -0.010
	 -0.004	  0.037	  0.999

3 	  43.19	  -0.56	   2.94
	  0.216	 -0.200	  0.955
	  0.068	  0.979	  0.190
	 -0.974	  0.024	  0.225

4 	  38.95	  -6.63	  -3.39
	  0.549	 -0.836	  0.001
	  0.749	  0.492	 -0.443
	  0.369	  0.244	  0.897

5 	  35.68	 -10.55	   5.55
	 -0.106	 -0.447	  0.888
	  0.706	 -0.663	 -0.250
	  0.700	  0.601	  0.386

6 	  36.42	 -13.15	  15.89
	 -0.121	 -0.181	  0.976
	  0.739	  0.639	  0.210
	 -0.662	  0.747	  0.056

7 	  40.08	   6.43	  -2.48
	  0.509	  0.826	  0.241
	 -0.806	  0.359	  0.470
	  0.302	 -0.434	  0.849

8 	  35.14	  10.44	   5.45
	 -0.360	  0.344	  0.867
	 -0.879	 -0.435	 -0.193
	  0.311	 -0.832	  0.459

9 	  34.29	  11.78	  15.42
	 -0.218	  0.015	  0.976
	 -0.785	  0.591	 -0.185
	 -0.580	 -0.806	 -0.117

2 	  32.59	  -6.73	  23.10
	  0.159	  0.986	 -0.037
	 -0.987	  0.158	 -0.010
	 -0.004	  0.038	  0.999

3 	  43.19	  -0.56	   2.94
	  0.217	 -0.200	  0.955
	  0.068	  0.979	  0.190
	 -0.974	  0.023	  0.226

4 	  38.97	  -6.63	  -3.38
	  0.555	 -0.832	 -0.003
	  0.744	  0.498	 -0.445
	  0.372	  0.245	  0.895

5 	  35.84	 -10.63	   5.59
	 -0.090	 -0.450	  0.888
	  0.716	 -0.649	 -0.256
	  0.691	  0.614	  0.381

6 	  36.69	 -13.25	  15.91
	 -0.110	 -0.186	  0.976
	  0.725	  0.657	  0.207
	 -0.680	  0.730	  0.062

7 	  40.03	   6.42	  -2.44
	  0.510	  0.826	  0.236
	 -0.802	  0.358	  0.479
	  0.311	 -0.434	  0.845

8 	  35.21	  10.46	   5.52
	 -0.339	  0.359	  0.869
	 -0.880	 -0.448	 -0.158
	  0.332	 -0.819	  0.467

9 	  34.68	  12.01	  15.49
	 -0.185	  0.038	  0.982
	 -0.796	  0.580	 -0.173
	 -0.577	 -0.813	 -0.077

2 	  32.59	  -6.73	  23.10
	  0.159	  0.986	 -0.037
	 -0.987	  0.158	 -0.010
	 -0.004	  0.038	  0.999

3 	  43.21	  -0.54	   2.92
	  0.219	 -0.200	  0.955
	  0.064	  0.979	  0.190
	 -0.973	  0.020	  0.228

4 	  38.95	  -6.61	  -3.38
	  0.560	 -0.828	 -0.010
	  0.737	  0.505	 -0.449
	  0.377	  0.244	  0.893

5 	  36.02	 -10.71	   5.59
	 -0.070	 -0.454	  0.888
	  0.721	 -0.638	 -0.270
	  0.689	  0.621	  0.372

6 	  37.11	 -13.29	  15.91
	 -0.088	 -0.194	  0.977
	  0.698	  0.687	  0.199
	 -0.710	  0.700	  0.074

7 	  39.99	   6.43	  -2.44
	  0.515	  0.826	  0.229
	 -0.794	  0.358	  0.491
	  0.323	 -0.435	  0.840

8 	  35.37	  10.51	   5.64
	 -0.312	  0.376	  0.872
	 -0.879	 -0.463	 -0.115
	  0.361	 -0.802	  0.475

9 	  35.24	  12.30	  15.56
	 -0.144	  0.063	  0.987
	 -0.812	  0.563	 -0.154
	 -0.566	 -0.824	 -0.030

2 	  32.59	  -6.73	  23.10
	  0.159	  0.986	 -0.037
	 -0.987	  0.158	 -0.010
	 -0.004	  0.038	  0.999

3 	  43.22	  -0.54	   2.90
	  0.224	 -0.199	  0.954
	  0.060	  0.980	  0.190
	 -0.973	  0.015	  0.231

4 	  38.94	  -6.59	  -3.41
	  0.565	 -0.825	 -0.019
	  0.730	  0.510	 -0.453
	  0.384	  0.242	  0.891

5 	  36.19	 -10.74	   5.62
	 -0.050	 -0.456	  0.888
	  0.723	 -0.631	 -0.283
	  0.689	  0.628	  0.361

6 	  37.46	 -13.32	  15.89
	 -0.071	 -0.201	  0.977
	  0.680	  0.706	  0.194
	 -0.729	  0.678	  0.086

7 	  39.97	   6.42	  -2.44
	  0.521	  0.823	  0.223
	 -0.786	  0.361	  0.502
	  0.333	 -0.437	  0.835

8 	  35.54	  10.55	   5.77
	 -0.278	  0.390	  0.878
	 -0.876	 -0.479	 -0.065
	  0.395	 -0.787	  0.474

9 	  35.84	  12.52	  15.68
	 -0.102	  0.082	  0.991
	 -0.824	  0.551	 -0.130
	 -0.557	 -0.830	  0.012

2 	  32.59	  -6.73	  23.10
	  0.158	  0.986	 -0.037
	 -0.987	  0.158	 -0.010
	 -0.004	  0.037	  0.999

3 	  43.28	  -0.54	   2.87
	  0.229	 -0.199	  0.953
	  0.056	  0.980	  0.191
	 -0.972	  0.010	  0.236

4 	  38.92	  -6.57	  -3.41
	  0.569	 -0.822	 -0.026
	  0.724	  0.516	 -0.458
	  0.389	  0.242	  0.889

5 	  36.46	 -10.79	   5.70
	 -0.022	 -0.459	  0.888
	  0.728	 -0.616	 -0.301
	  0.685	  0.640	  0.347

6 	  37.95	 -13.38	  15.91
	 -0.046	 -0.207	  0.977
	  0.663	  0.725	  0.184
	 -0.747	  0.656	  0.103

7 	  39.96	   6.42	  -2.44
	  0.527	  0.821	  0.216
	 -0.778	  0.364	  0.513
	  0.342	 -0.439	  0.830

8 	  35.75	  10.56	   5.92
	 -0.247	  0.400	  0.882
	 -0.869	 -0.495	 -0.018
	  0.429	 -0.771	  0.470

9 	  36.47	  12.67	  15.77
	 -0.060	  0.100	  0.993
	 -0.832	  0.544	 -0.105
	 -0.551	 -0.833	  0.051

2 	  32.59	  -6.75	  23.10
	  0.159	  0.986	 -0.037
	 -0.987	  0.158	 -0.010
	 -0.004	  0.037	  0.999

3 	  43.31	  -0.51	   2.81
	  0.236	 -0.197	  0.951
	  0.047	  0.980	  0.191
	 -0.971	 -0.001	  0.240

4 	  38.94	  -6.57	  -3.41
	  0.578	 -0.815	 -0.033
	  0.713	  0.525	 -0.465
	  0.396	  0.245	  0.885

5 	  36.72	 -10.81	   5.73
	  0.006	 -0.462	  0.887
	  0.737	 -0.598	 -0.316
	  0.676	  0.655	  0.337

6 	  38.50	 -13.41	  15.87
	 -0.022	 -0.212	  0.977
	  0.639	  0.748	  0.177
	 -0.769	  0.628	  0.119

7 	  39.94	   6.40	  -2.46
	  0.530	  0.821	  0.209
	 -0.771	  0.364	  0.522
	  0.352	 -0.438	  0.827

8 	  35.98	  10.53	   6.06
	 -0.211	  0.411	  0.886
	 -0.859	 -0.511	  0.032
	  0.466	 -0.755	  0.461

9 	  37.12	  12.76	  15.80
	 -0.008	  0.115	  0.993
	 -0.847	  0.527	 -0.068
	 -0.532	 -0.842	  0.093

2 	  32.61	  -6.75	  23.10
	  0.159	  0.986	 -0.037
	 -0.987	  0.158	 -0.010
	 -0.004	  0.038	  0.999

3 	  43.38	  -0.49	   2.78
	  0.239	 -0.194	  0.951
	  0.039	  0.981	  0.190
	 -0.970	 -0.009	  0.242

4 	  38.95	  -6.59	  -3.43
	  0.581	 -0.813	 -0.038
	  0.707	  0.528	 -0.470
	  0.402	  0.246	  0.882

5 	  36.93	 -10.95	   5.75
	  0.023	 -0.466	  0.884
	  0.737	 -0.590	 -0.330
	  0.675	  0.660	  0.330

6 	  38.79	 -13.52	  15.91
	 -0.008	 -0.216	  0.976
	  0.630	  0.756	  0.173
	 -0.776	  0.617	  0.130

7 	  39.94	   6.40	  -2.48
	  0.533	  0.821	  0.204
	 -0.766	  0.365	  0.529
	  0.360	 -0.439	  0.823

8 	  36.30	  10.55	   6.24
	 -0.176	  0.415	  0.893
	 -0.857	 -0.511	  0.069
	  0.485	 -0.753	  0.445

9 	  37.86	  12.74	  15.93
	  0.033	  0.113	  0.993
	 -0.846	  0.531	 -0.033
	 -0.531	 -0.839	  0.113

2 	  32.61	  -6.75	  23.10
	  0.159	  0.986	 -0.037
	 -0.987	  0.158	 -0.010
	 -0.004	  0.037	  0.999

3 	  43.40	  -0.51	   2.76
	  0.241	 -0.193	  0.951
	  0.037	  0.981	  0.189
	 -0.970	 -0.010	  0.243

4 	  38.95	  -6.59	  -3.43
	  0.584	 -0.810	 -0.043
	  0.703	  0.531	 -0.473
	  0.406	  0.246	  0.880

5 	  37.05	 -10.95	   5.78
	  0.037	 -0.465	  0.885
	  0.738	 -0.585	 -0.338
	  0.674	  0.665	  0.321

6 	  39.08	 -13.48	  15.86
	  0.005	 -0.219	  0.975
	  0.616	  0.769	  0.169
	 -0.788	  0.600	  0.139

7 	  39.94	   6.40	  -2.46
	  0.537	  0.818	  0.203
	 -0.760	  0.365	  0.538
	  0.366	 -0.444	  0.818

8 	  36.51	  10.53	   6.45
	 -0.144	  0.411	  0.900
	 -0.854	 -0.511	  0.097
	  0.500	 -0.755	  0.424

9 	  38.39	  12.64	  16.08
	  0.068	  0.106	  0.992
	 -0.844	  0.536	  0.000
	 -0.531	 -0.838	  0.126

2 	  32.61	  -6.75	  23.10
	  0.159	  0.986	 -0.036
	 -0.987	  0.158	 -0.010
	 -0.004	  0.037	  0.999

3 	  43.40	  -0.51	   2.74
	  0.241	 -0.193	  0.951
	  0.037	  0.981	  0.189
	 -0.970	 -0.010	  0.243

4 	  38.92	  -6.59	  -3.43
	  0.587	 -0.808	 -0.050
	  0.695	  0.535	 -0.480
	  0.415	  0.247	  0.875

5 	  37.25	 -10.93	   5.82
	  0.059	 -0.464	  0.883
	  0.735	 -0.578	 -0.353
	  0.675	  0.671	  0.307

6 	  39.48	 -13.46	  15.89
	  0.025	 -0.221	  0.975
	  0.609	  0.777	  0.160
	 -0.793	  0.589	  0.154

7 	  39.92	   6.40	  -2.46
	  0.540	  0.817	  0.201
	 -0.754	  0.363	  0.547
	  0.374	 -0.447	  0.812

8 	  36.72	  10.49	   6.63
	 -0.108	  0.411	  0.905
	 -0.846	 -0.516	  0.132
	  0.521	 -0.752	  0.403

9 	  38.95	  12.60	  16.19
	  0.105	  0.107	  0.989
	 -0.841	  0.540	  0.031
	 -0.531	 -0.835	  0.147

2 	  32.59	  -6.75	  23.10
	  0.159	  0.986	 -0.037
	 -0.987	  0.158	 -0.010
	 -0.004	  0.037	  0.999

3 	  43.40	  -0.49	   2.74
	  0.244	 -0.191	  0.951
	  0.035	  0.981	  0.188
	 -0.969	 -0.013	  0.246

4 	  38.87	  -6.54	  -3.45
	  0.592	 -0.804	 -0.059
	  0.685	  0.540	 -0.490
	  0.425	  0.249	  0.870

5 	  37.49	 -10.88	   5.91
	  0.088	 -0.459	  0.884
	  0.732	 -0.572	 -0.370
	  0.676	  0.680	  0.285

6 	  40.03	 -13.32	  15.87
	  0.058	 -0.217	  0.974
	  0.604	  0.785	  0.139
	 -0.795	  0.580	  0.177

7 	  39.87	   6.40	  -2.44
	  0.542	  0.816	  0.199
	 -0.749	  0.362	  0.554
	  0.380	 -0.450	  0.808

8 	  36.95	  10.49	   6.77
	 -0.077	  0.410	  0.909
	 -0.844	 -0.512	  0.159
	  0.531	 -0.755	  0.385

9 	  39.53	  12.53	  16.26
	  0.141	  0.101	  0.985
	 -0.835	  0.546	  0.063
	 -0.531	 -0.832	  0.161

2 	  32.59	  -6.73	  23.10
	  0.158	  0.986	 -0.037
	 -0.987	  0.158	 -0.010
	 -0.004	  0.038	  0.999

3 	  43.40	  -0.46	   2.71
	  0.248	 -0.189	  0.950
	  0.031	  0.982	  0.187
	 -0.968	 -0.017	  0.249

4 	  38.83	  -6.54	  -3.41
	  0.597	 -0.800	 -0.062
	  0.674	  0.542	 -0.500
	  0.433	  0.257	  0.863

5 	  37.69	 -10.83	   6.01
	  0.113	 -0.452	  0.885
	  0.729	 -0.567	 -0.383
	  0.674	  0.689	  0.266

6 	  40.39	 -13.20	  15.93
	  0.081	 -0.210	  0.974
	  0.607	  0.786	  0.119
	 -0.791	  0.581	  0.191

7 	  39.81	   6.42	  -2.43
	  0.544	  0.816	  0.197
	 -0.744	  0.359	  0.563
	  0.389	 -0.453	  0.802

8 	  37.09	  10.35	   7.00
	 -0.047	  0.406	  0.912
	 -0.823	 -0.533	  0.195
	  0.565	 -0.742	  0.359

9 	  39.97	  12.39	  16.37
	  0.182	  0.096	  0.978
	 -0.850	  0.516	  0.108
	 -0.494	 -0.851	  0.175

2 	  32.59	  -6.73	  23.10
	  0.159	  0.986	 -0.037
	 -0.987	  0.158	 -0.010
	 -0.004	  0.037	  0.999

3 	  43.42	  -0.46	   2.69
	  0.255	 -0.185	  0.949
	  0.027	  0.982	  0.184
	 -0.967	 -0.021	  0.255

4 	  38.79	  -6.54	  -3.39
	  0.600	 -0.797	 -0.061
	  0.669	  0.543	 -0.507
	  0.438	  0.263	  0.859

5 	  37.78	 -10.76	   6.12
	  0.130	 -0.448	  0.884
	  0.711	 -0.580	 -0.398
	  0.691	  0.680	  0.243

6 	  40.71	 -13.06	  16.03
	  0.107	 -0.198	  0.974
	  0.634	  0.768	  0.087
	 -0.766	  0.608	  0.208

7 	  39.74	   6.42	  -2.39
	  0.542	  0.817	  0.195
	 -0.739	  0.353	  0.573
	  0.400	 -0.455	  0.795

8 	  37.28	  10.23	   7.21
	 -0.013	  0.401	  0.916
	 -0.801	 -0.553	  0.231
	  0.599	 -0.731	  0.328

9 	  40.54	  12.27	  16.45
	  0.226	  0.094	  0.969
	 -0.855	  0.495	  0.151
	 -0.466	 -0.863	  0.193

2 	  32.59	  -6.73	  23.10
	  0.159	  0.986	 -0.037
	 -0.987	  0.158	 -0.010
	 -0.004	  0.037	  0.999

3 	  43.42	  -0.44	   2.65
	  0.261	 -0.185	  0.947
	  0.023	  0.982	  0.185
	 -0.965	 -0.027	  0.260

4 	  38.72	  -6.56	  -3.38
	  0.599	 -0.798	 -0.068
	  0.664	  0.542	 -0.514
	  0.447	  0.263	  0.855

5 	  37.83	 -10.65	   6.19
	  0.146	 -0.443	  0.884
	  0.685	 -0.599	 -0.413
	  0.713	  0.667	  0.216

6 	  40.94	 -12.90	  16.03
	  0.133	 -0.189	  0.973
	  0.659	  0.750	  0.055
	 -0.740	  0.634	  0.224

7 	  39.69	   6.42	  -2.39
	  0.544	  0.816	  0.193
	 -0.733	  0.350	  0.583
	  0.408	 -0.459	  0.789

8 	  37.53	  10.09	   7.45
	  0.027	  0.395	  0.918
	 -0.770	 -0.577	  0.271
	  0.637	 -0.715	  0.288

9 	  41.17	  12.15	  16.51
	  0.274	  0.093	  0.957
	 -0.860	  0.469	  0.201
	 -0.431	 -0.878	  0.209

2 	  32.61	  -6.73	  23.10
	  0.159	  0.986	 -0.036
	 -0.987	  0.158	 -0.010
	 -0.004	  0.037	  0.999

3 	  43.40	  -0.46	   2.64
	  0.264	 -0.185	  0.946
	  0.022	  0.982	  0.185
	 -0.964	 -0.028	  0.263

4 	  38.64	  -6.56	  -3.36
	  0.598	 -0.798	 -0.072
	  0.660	  0.541	 -0.521
	  0.454	  0.264	  0.851

5 	  38.00	 -10.55	   6.31
	  0.176	 -0.430	  0.885
	  0.678	 -0.598	 -0.426
	  0.713	  0.676	  0.186

6 	  41.47	 -12.66	  16.05
	  0.171	 -0.169	  0.970
	  0.661	  0.750	  0.014
	 -0.731	  0.639	  0.240

7 	  39.64	   6.42	  -2.36
	  0.547	  0.815	  0.192
	 -0.729	  0.350	  0.588
	  0.412	 -0.462	  0.785

8 	  37.85	   9.90	   7.66
	  0.070	  0.384	  0.920
	 -0.744	 -0.595	  0.305
	  0.664	 -0.706	  0.244

9 	  41.89	  11.90	  16.52
	  0.324	  0.084	  0.942
	 -0.856	  0.451	  0.254
	 -0.404	 -0.889	  0.218

2 	  32.59	  -6.73	  23.10
	  0.159	  0.986	 -0.036
	 -0.987	  0.158	 -0.010
	 -0.004	  0.037	  0.999

3 	  43.40	  -0.46	   2.62
	  0.266	 -0.185	  0.946
	  0.022	  0.982	  0.185
	 -0.964	 -0.028	  0.265

4 	  38.58	  -6.56	  -3.38
	  0.599	 -0.797	 -0.080
	  0.653	  0.543	 -0.528
	  0.464	  0.264	  0.846

5 	  38.21	 -10.46	   6.40
	  0.208	 -0.419	  0.884
	  0.665	 -0.603	 -0.442
	  0.717	  0.679	  0.153

6 	  41.98	 -12.38	  16.05
