2 	  32.73	  -6.80	  22.96
	  0.504	  0.859	 -0.080
	 -0.863	  0.505	 -0.017
	  0.026	  0.078	  0.996

3 	  48.53	  -1.14	   1.02
	  0.428	  0.166	  0.888
	  0.015	  0.981	 -0.191
	 -0.903	  0.095	  0.418

4 	  41.87	   5.66	  -4.97
	  0.291	  0.956	 -0.034
	 -0.885	  0.282	  0.370
	  0.364	 -0.078	  0.928

5 	  39.81	   7.05	   6.73
	  0.092	  0.272	  0.958
	  0.370	 -0.903	  0.220
	  0.924	  0.334	 -0.184

6 	  40.57	  13.66	  17.21
	  0.195	  0.530	  0.825
	 -0.287	 -0.774	  0.565
	  0.938	 -0.347	  0.001

7 	  41.71	  -7.59	  -5.64
	  0.291	 -0.952	  0.089
	  0.932	  0.262	 -0.249
	  0.213	  0.156	  0.964

8 	  39.18	  -9.14	   6.22
	  0.183	 -0.327	  0.927
	 -0.148	 -0.942	 -0.302
	  0.972	 -0.082	 -0.221

9 	  41.59	 -14.12	  16.38
	  0.301	 -0.253	  0.919
	  0.736	 -0.551	 -0.393
	  0.606	  0.795	  0.020

2 	  32.73	  -6.80	  22.96
	  0.505	  0.859	 -0.080
	 -0.863	  0.505	 -0.018
	  0.025	  0.078	  0.996

3 	  48.55	  -1.16	   1.04
	  0.427	  0.166	  0.889
	  0.013	  0.981	 -0.190
	 -0.904	  0.093	  0.416

4 	  41.87	   5.62	  -4.97
	  0.290	  0.956	 -0.037
	 -0.886	  0.283	  0.368
	  0.362	 -0.075	  0.929

5 	  39.80	   7.05	   6.71
	  0.092	  0.273	  0.957
	  0.371	 -0.902	  0.222
	  0.924	  0.335	 -0.184

6 	  40.59	  13.68	  17.19
	  0.195	  0.532	  0.824
	 -0.287	 -0.773	  0.566
	  0.938	 -0.347	  0.002

7 	  41.77	  -7.61	  -5.64
	  0.294	 -0.951	  0.090
	  0.932	  0.265	 -0.246
	  0.209	  0.157	  0.965

8 	  39.20	  -9.14	   6.22
	  0.182	 -0.326	  0.927
	 -0.146	 -0.942	 -0.302
	  0.972	 -0.080	 -0.220

9 	  41.57	 -14.13	  16.38
	  0.301	 -0.253	  0.919
	  0.735	 -0.552	 -0.393
	  0.607	  0.794	  0.020

2 	  32.71	  -6.80	  22.96
	  0.505	  0.859	 -0.080
	 -0.863	  0.505	 -0.018
	  0.025	  0.078	  0.996

3 	  48.57	  -1.16	   1.05
	  0.425	  0.168	  0.889
	  0.012	  0.981	 -0.191
	 -0.905	  0.091	  0.415

4 	  41.87	   5.57	  -4.99
	  0.290	  0.956	 -0.039
	 -0.886	  0.284	  0.366
	  0.361	 -0.073	  0.929

5 	  39.83	   7.01	   6.71
	  0.091	  0.275	  0.957
	  0.373	 -0.901	  0.223
	  0.923	  0.336	 -0.185

6 	  40.57	  13.68	  17.17
	  0.193	  0.533	  0.823
	 -0.286	 -0.772	  0.567
	  0.938	 -0.346	  0.003

7 	  41.78	  -7.63	  -5.64
	  0.294	 -0.951	  0.091
	  0.932	  0.265	 -0.246
	  0.210	  0.157	  0.965

8 	  39.22	  -9.14	   6.24
	  0.180	 -0.325	  0.928
	 -0.148	 -0.942	 -0.301
	  0.972	 -0.083	 -0.218

9 	  41.57	 -14.15	  16.37
	  0.300	 -0.255	  0.919
	  0.734	 -0.554	 -0.393
	  0.609	  0.793	  0.020

2 	  32.71	  -6.80	  22.96
	  0.504	  0.859	 -0.080
	 -0.863	  0.505	 -0.018
	  0.025	  0.078	  0.996

3 	  48.55	  -1.16	   1.07
	  0.425	  0.168	  0.889
	  0.012	  0.981	 -0.191
	 -0.905	  0.092	  0.415

4 	  41.89	   5.57	  -4.97
	  0.289	  0.956	 -0.039
	 -0.886	  0.283	  0.366
	  0.361	 -0.072	  0.929

5 	  39.87	   7.01	   6.70
	  0.092	  0.275	  0.957
	  0.371	 -0.901	  0.223
	  0.924	  0.335	 -0.185

6 	  40.61	  13.66	  17.14
	  0.195	  0.534	  0.822
	 -0.286	 -0.771	  0.568
	  0.938	 -0.347	  0.002

7 	  41.78	  -7.65	  -5.64
	  0.293	 -0.951	  0.094
	  0.932	  0.263	 -0.246
	  0.209	  0.160	  0.964

8 	  39.20	  -9.12	   6.26
	  0.178	 -0.323	  0.929
	 -0.150	 -0.942	 -0.299
	  0.972	 -0.086	 -0.216

9 	  41.55	 -14.13	  16.40
	  0.298	 -0.253	  0.920
	  0.733	 -0.557	 -0.391
	  0.612	  0.791	  0.019

2 	  32.73	  -6.80	  22.96
	  0.505	  0.859	 -0.080
	 -0.863	  0.505	 -0.018
	  0.025	  0.078	  0.996

3 	  48.59	  -1.20	   1.05
	  0.426	  0.167	  0.889
	  0.014	  0.981	 -0.192
	 -0.905	  0.094	  0.416

4 	  41.89	   5.55	  -4.99
	  0.290	  0.956	 -0.039
	 -0.886	  0.283	  0.366
	  0.361	 -0.072	  0.929

5 	  39.88	   7.00	   6.71
	  0.092	  0.273	  0.957
	  0.363	 -0.905	  0.223
	  0.927	  0.327	 -0.183

6 	  40.68	  13.62	  17.17
	  0.197	  0.533	  0.823
	 -0.289	 -0.770	  0.568
	  0.936	 -0.350	  0.002

7 	  41.78	  -7.65	  -5.62
	  0.292	 -0.951	  0.096
	  0.933	  0.262	 -0.246
	  0.208	  0.161	  0.964

8 	  39.18	  -9.12	   6.26
	  0.176	 -0.321	  0.930
	 -0.151	 -0.943	 -0.297
	  0.972	 -0.088	 -0.215

9 	  41.50	 -14.12	  16.44
	  0.295	 -0.252	  0.921
	  0.732	 -0.560	 -0.388
	  0.614	  0.789	  0.019

2 	  32.71	  -6.79	  22.96
	  0.504	  0.859	 -0.080
	 -0.863	  0.505	 -0.018
	  0.025	  0.078	  0.996

3 	  48.57	  -1.21	   1.07
	  0.427	  0.167	  0.889
	  0.015	  0.981	 -0.192
	 -0.904	  0.095	  0.416

4 	  41.91	   5.54	  -4.99
	  0.291	  0.956	 -0.039
	 -0.886	  0.284	  0.366
	  0.361	 -0.072	  0.929

5 	  39.88	   7.00	   6.71
	  0.093	  0.273	  0.957
	  0.362	 -0.905	  0.223
	  0.927	  0.326	 -0.183

6 	  40.68	  13.62	  17.17
	  0.197	  0.533	  0.823
	 -0.290	 -0.770	  0.568
	  0.936	 -0.351	  0.002

7 	  41.80	  -7.66	  -5.61
	  0.290	 -0.952	  0.097
	  0.934	  0.260	 -0.245
	  0.208	  0.162	  0.964

8 	  39.16	  -9.11	   6.28
	  0.175	 -0.321	  0.931
	 -0.151	 -0.943	 -0.297
	  0.973	 -0.088	 -0.214

9 	  41.48	 -14.10	  16.47
	  0.295	 -0.252	  0.922
	  0.732	 -0.561	 -0.387
	  0.614	  0.789	  0.019

2 	  32.71	  -6.80	  22.96
	  0.505	  0.859	 -0.080
	 -0.863	  0.505	 -0.018
	  0.025	  0.078	  0.996

3 	  48.59	  -1.21	   1.07
	  0.427	  0.167	  0.888
	  0.016	  0.981	 -0.193
	 -0.904	  0.096	  0.416

4 	  41.92	   5.54	  -4.97
	  0.290	  0.956	 -0.038
	 -0.886	  0.283	  0.365
	  0.360	 -0.072	  0.930

5 	  39.88	   7.00	   6.71
	  0.092	  0.272	  0.958
	  0.363	 -0.905	  0.222
	  0.927	  0.328	 -0.182

6 	  40.66	  13.61	  17.19
	  0.196	  0.532	  0.824
	 -0.290	 -0.771	  0.567
	  0.937	 -0.350	  0.003

7 	  41.80	  -7.66	  -5.61
	  0.290	 -0.952	  0.098
	  0.934	  0.259	 -0.245
	  0.208	  0.163	  0.964

8 	  39.18	  -9.11	   6.28
	  0.175	 -0.320	  0.931
	 -0.150	 -0.943	 -0.296
	  0.973	 -0.088	 -0.213

9 	  41.48	 -14.08	  16.49
	  0.294	 -0.252	  0.922
	  0.731	 -0.562	 -0.387
	  0.615	  0.788	  0.018

2 	  32.71	  -6.80	  22.96
	  0.504	  0.859	 -0.080
	 -0.863	  0.505	 -0.018
	  0.025	  0.078	  0.996

3 	  48.59	  -1.21	   1.07
	  0.427	  0.167	  0.889
	  0.016	  0.981	 -0.193
	 -0.904	  0.096	  0.416

4 	  41.92	   5.54	  -4.97
	  0.289	  0.956	 -0.037
	 -0.887	  0.282	  0.366
	  0.360	 -0.073	  0.930

5 	  39.88	   6.98	   6.73
	  0.091	  0.270	  0.958
	  0.365	 -0.905	  0.220
	  0.926	  0.330	 -0.181

6 	  40.62	  13.59	  17.21
	  0.195	  0.530	  0.825
	 -0.289	 -0.773	  0.565
	  0.937	 -0.349	  0.002

7 	  41.80	  -7.65	  -5.59
	  0.290	 -0.952	  0.099
	  0.934	  0.259	 -0.245
	  0.208	  0.164	  0.964

8 	  39.16	  -9.11	   6.29
	  0.174	 -0.318	  0.932
	 -0.151	 -0.944	 -0.294
	  0.973	 -0.089	 -0.213

9 	  41.45	 -14.06	  16.49
	  0.294	 -0.251	  0.922
	  0.730	 -0.564	 -0.387
	  0.617	  0.787	  0.017

2 	  32.71	  -6.80	  22.96
	  0.505	  0.859	 -0.080
	 -0.863	  0.505	 -0.018
	  0.025	  0.078	  0.996

3 	  48.59	  -1.20	   1.07
	  0.427	  0.167	  0.888
	  0.016	  0.981	 -0.193
	 -0.904	  0.097	  0.416

4 	  41.91	   5.57	  -4.96
	  0.288	  0.957	 -0.036
	 -0.887	  0.281	  0.366
	  0.360	 -0.074	  0.930

5 	  39.85	   6.98	   6.75
	  0.090	  0.267	  0.959
	  0.366	 -0.905	  0.217
	  0.926	  0.332	 -0.180

6 	  40.62	  13.55	  17.24
	  0.195	  0.529	  0.826
	 -0.290	 -0.774	  0.563
	  0.937	 -0.349	  0.002

7 	  41.77	  -7.65	  -5.59
	  0.289	 -0.952	  0.100
	  0.934	  0.258	 -0.245
	  0.208	  0.165	  0.964

8 	  39.13	  -9.09	   6.29
	  0.177	 -0.317	  0.932
	 -0.143	 -0.945	 -0.294
	  0.974	 -0.081	 -0.213

9 	  41.61	 -13.97	  16.47
	  0.301	 -0.234	  0.924
	  0.758	 -0.530	 -0.381
	  0.578	  0.815	  0.017

2 	  32.73	  -6.80	  22.96
	  0.504	  0.860	 -0.080
	 -0.863	  0.505	 -0.018
	  0.025	  0.078	  0.996

3 	  48.59	  -1.20	   1.07
	  0.427	  0.167	  0.888
	  0.017	  0.981	 -0.193
	 -0.904	  0.098	  0.416

4 	  41.91	   5.57	  -4.96
	  0.290	  0.956	 -0.034
	 -0.887	  0.282	  0.366
	  0.360	 -0.077	  0.929

5 	  39.85	   6.98	   6.79
	  0.091	  0.261	  0.961
	  0.364	 -0.907	  0.212
	  0.927	  0.330	 -0.178

6 	  40.66	  13.50	  17.35
	  0.201	  0.518	  0.831
	 -0.302	 -0.775	  0.555
	  0.932	 -0.363	  0.000

7 	  41.73	  -7.61	  -5.59
	  0.288	 -0.952	  0.100
	  0.935	  0.258	 -0.245
	  0.207	  0.164	  0.964

8 	  39.08	  -9.09	   6.26
	  0.184	 -0.306	  0.934
	 -0.111	 -0.951	 -0.289
	  0.976	 -0.051	 -0.209

9 	  41.89	 -13.76	  16.51
	  0.320	 -0.190	  0.928
	  0.811	 -0.451	 -0.372
	  0.490	  0.872	  0.010

2 	  32.71	  -6.80	  22.96
	  0.505	  0.859	 -0.080
	 -0.863	  0.505	 -0.018
	  0.025	  0.078	  0.996

3 	  48.57	  -1.20	   1.07
	  0.427	  0.167	  0.889
	  0.018	  0.981	 -0.193
	 -0.904	  0.099	  0.415

4 	  41.91	   5.62	  -4.92
	  0.291	  0.956	 -0.031
	 -0.887	  0.281	  0.367
	  0.359	 -0.080	  0.930

5 	  39.83	   6.96	   6.80
	  0.091	  0.258	  0.962
	  0.359	 -0.909	  0.209
	  0.928	  0.326	 -0.176

6 	  40.78	  13.52	  17.30
	  0.220	  0.509	  0.832
	 -0.370	 -0.746	  0.554
	  0.903	 -0.429	  0.024

7 	  41.75	  -7.61	  -5.59
	  0.289	 -0.952	  0.100
	  0.934	  0.258	 -0.245
	  0.207	  0.165	  0.964

8 	  39.09	  -9.11	   6.26
	  0.186	 -0.303	  0.935
	 -0.102	 -0.952	 -0.288
	  0.977	 -0.042	 -0.208

9 	  42.22	 -13.62	  16.66
	  0.310	 -0.126	  0.942
	  0.904	 -0.267	 -0.333
	  0.293	  0.955	  0.031

2 	  32.71	  -6.80	  22.94
	  0.505	  0.859	 -0.080
	 -0.863	  0.505	 -0.018
	  0.025	  0.078	  0.996

3 	  48.57	  -1.21	   1.07
	  0.426	  0.166	  0.889
	  0.019	  0.981	 -0.193
	 -0.904	  0.099	  0.415

4 	  41.89	   5.62	  -4.90
	  0.291	  0.956	 -0.030
	 -0.887	  0.281	  0.366
	  0.359	 -0.081	  0.930

5 	  39.81	   6.96	   6.80
	  0.091	  0.257	  0.962
	  0.357	 -0.910	  0.209
	  0.929	  0.325	 -0.175

6 	  40.78	  13.55	  17.37
	  0.229	  0.495	  0.838
	 -0.408	 -0.733	  0.544
	  0.884	 -0.467	  0.034

7 	  41.77	  -7.61	  -5.59
	  0.292	 -0.951	  0.102
	  0.934	  0.261	 -0.244
	  0.205	  0.167	  0.964

8 	  39.11	  -9.11	   6.28
	  0.185	 -0.298	  0.936
	 -0.091	 -0.954	 -0.286
	  0.978	 -0.033	 -0.204

9 	  42.03	 -13.50	  16.73
	  0.317	 -0.152	  0.936
	  0.847	 -0.398	 -0.352
	  0.426	  0.904	  0.002

2 	  32.71	  -6.80	  22.96
	  0.505	  0.859	 -0.080
	 -0.863	  0.505	 -0.018
	  0.025	  0.078	  0.996

3 	  48.59	  -1.18	   1.07
	  0.426	  0.167	  0.889
	  0.018	  0.981	 -0.193
	 -0.905	  0.098	  0.415

4 	  41.89	   5.62	  -4.89
	  0.291	  0.956	 -0.029
	 -0.887	  0.281	  0.366
	  0.359	 -0.081	  0.930

5 	  39.83	   6.96	   6.79
	  0.091	  0.255	  0.962
	  0.354	 -0.911	  0.208
	  0.930	  0.322	 -0.173

6 	  40.75	  13.50	  17.37
	  0.223	  0.500	  0.837
	 -0.361	 -0.755	  0.547
	  0.905	 -0.424	  0.012

7 	  41.75	  -7.61	  -5.57
	  0.290	 -0.951	  0.102
	  0.934	  0.259	 -0.244
	  0.205	  0.166	  0.964

8 	  39.13	  -9.02	   6.26
	  0.181	 -0.293	  0.938
	 -0.097	 -0.955	 -0.280
	  0.978	 -0.040	 -0.202

9 	  41.66	 -13.69	  16.61
	  0.317	 -0.237	  0.918
	  0.698	 -0.598	 -0.395
	  0.642	  0.766	 -0.024

2 	  32.71	  -6.80	  22.96
	  0.505	  0.859	 -0.080
	 -0.863	  0.505	 -0.018
	  0.025	  0.078	  0.996

3 	  48.57	  -1.18	   1.09
	  0.426	  0.167	  0.889
	  0.018	  0.981	 -0.194
	 -0.904	  0.099	  0.415

4 	  41.89	   5.64	  -4.90
	  0.291	  0.956	 -0.029
	 -0.887	  0.281	  0.367
	  0.359	 -0.082	  0.930

5 	  39.87	   6.98	   6.79
	  0.087	  0.258	  0.962
	  0.352	 -0.911	  0.212
	  0.932	  0.320	 -0.170

6 	  40.76	  13.55	  17.33
	  0.215	  0.518	  0.828
	 -0.291	 -0.776	  0.560
	  0.932	 -0.361	 -0.017

7 	  41.70	  -7.54	  -5.62
	  0.275	 -0.957	  0.088
	  0.938	  0.248	 -0.239
	  0.207	  0.149	  0.967

8 	  39.36	  -8.81	   6.31
	  0.163	 -0.325	  0.931
	 -0.149	 -0.941	 -0.302
	  0.975	 -0.090	 -0.203

9 	  41.31	 -14.12	  16.31
	  0.283	 -0.324	  0.903
	  0.538	 -0.725	 -0.429
	  0.793	  0.608	 -0.031

2 	  32.73	  -6.80	  22.96
	  0.505	  0.859	 -0.080
	 -0.863	  0.505	 -0.018
	  0.025	  0.078	  0.996

3 	  48.59	  -1.16	   1.05
	  0.428	  0.168	  0.888
	  0.019	  0.980	 -0.195
	 -0.903	  0.100	  0.417

4 	  41.91	   5.66	  -4.90
	  0.291	  0.956	 -0.030
	 -0.886	  0.281	  0.369
	  0.361	 -0.081	  0.929

5 	  39.92	   7.00	   6.82
	  0.088	  0.263	  0.961
	  0.359	 -0.908	  0.215
	  0.929	  0.326	 -0.175

6 	  40.71	  13.62	  17.31
	  0.200	  0.545	  0.814
	 -0.190	 -0.793	  0.578
	  0.961	 -0.271	 -0.055

7 	  41.62	  -7.51	  -5.68
	  0.260	 -0.963	  0.070
	  0.941	  0.236	 -0.240
	  0.214	  0.129	  0.968

8 	  39.45	  -8.79	   6.31
	  0.157	 -0.358	  0.920
	 -0.232	 -0.919	 -0.318
	  0.960	 -0.164	 -0.228

9 	  40.94	 -14.40	  16.15
	  0.249	 -0.381	  0.890
	  0.428	 -0.781	 -0.454
	  0.868	  0.495	 -0.031

2 	  32.71	  -6.80	  22.96
	  0.505	  0.859	 -0.080
	 -0.863	  0.505	 -0.018
	  0.025	  0.078	  0.996

3 	  48.57	  -1.14	   1.04
	  0.431	  0.169	  0.886
	  0.019	  0.980	 -0.196
	 -0.902	  0.102	  0.419

4 	  41.87	   5.71	  -4.90
	  0.290	  0.956	 -0.031
	 -0.884	  0.280	  0.375
	  0.367	 -0.082	  0.926

5 	  39.92	   7.00	   6.86
	  0.095	  0.268	  0.958
	  0.375	 -0.902	  0.215
	  0.922	  0.339	 -0.187

6 	  40.64	  13.57	  17.28
	  0.189	  0.556	  0.810
	 -0.152	 -0.798	  0.583
	  0.970	 -0.233	 -0.067

7 	  41.59	  -7.49	  -5.70
	  0.255	 -0.965	  0.067
	  0.941	  0.232	 -0.244
	  0.220	  0.125	  0.967

8 	  39.46	  -8.79	   6.26
	  0.146	 -0.373	  0.916
	 -0.289	 -0.901	 -0.322
	  0.946	 -0.218	 -0.240

9 	  40.59	 -14.45	  16.10
	  0.217	 -0.403	  0.889
	  0.378	 -0.805	 -0.457
	  0.900	  0.435	 -0.023

2 	  32.73	  -6.80	  22.96
	  0.505	  0.859	 -0.080
	 -0.863	  0.505	 -0.018
	  0.025	  0.078	  0.996

3 	  48.57	  -1.12	   1.04
	  0.433	  0.167	  0.885
	  0.020	  0.980	 -0.195
	 -0.901	  0.102	  0.421

4 	  41.85	   5.75	  -4.90
	  0.288	  0.957	 -0.027
	 -0.883	  0.277	  0.378
	  0.370	 -0.085	  0.925

5 	  39.96	   7.01	   6.86
	  0.096	  0.273	  0.957
	  0.379	 -0.899	  0.218
	  0.920	  0.342	 -0.190

6 	  40.48	  13.66	  17.24
	  0.169	  0.560	  0.811
	 -0.141	 -0.800	  0.582
	  0.975	 -0.213	 -0.057

7 	  41.59	  -7.44	  -5.62
	  0.260	 -0.962	  0.076
	  0.937	  0.233	 -0.258
	  0.230	  0.138	  0.963

8 	  39.57	  -8.67	   6.43
	  0.119	 -0.409	  0.905
	 -0.381	 -0.860	 -0.339
	  0.917	 -0.305	 -0.259

9 	  40.03	 -14.77	  15.94
	  0.160	 -0.447	  0.880
	  0.282	 -0.833	 -0.475
	  0.946	  0.325	 -0.007

2 	  32.71	  -6.80	  22.96
	  0.505	  0.859	 -0.080
	 -0.863	  0.505	 -0.018
	  0.025	  0.078	  0.996

3 	  48.57	  -1.09	   1.00
	  0.433	  0.166	  0.886
	  0.020	  0.981	 -0.193
	 -0.901	  0.101	  0.422

4 	  41.82	   5.77	  -4.90
	  0.285	  0.958	 -0.026
	 -0.884	  0.273	  0.380
	  0.371	 -0.086	  0.924

5 	  40.08	   7.15	   6.68
	  0.092	  0.328	  0.940
	  0.420	 -0.869	  0.262
	  0.902	  0.371	 -0.218

6 	  40.36	  14.13	  16.84
	  0.150	  0.587	  0.795
	 -0.120	 -0.788	  0.604
	  0.981	 -0.187	 -0.048

7 	  41.57	  -7.31	  -5.59
	  0.270	 -0.960	  0.068
	  0.932	  0.243	 -0.270
	  0.243	  0.137	  0.960

8 	  39.87	  -8.84	   6.45
	  0.076	 -0.498	  0.864
	 -0.525	 -0.756	 -0.389
	  0.847	 -0.424	 -0.319

9 	  39.81	 -15.94	  15.35
	  0.126	 -0.537	  0.834
	  0.167	 -0.817	 -0.551
	  0.978	  0.209	 -0.013

2 	  32.71	  -6.80	  22.96
	  0.505	  0.859	 -0.080
	 -0.863	  0.505	 -0.018
	  0.025	  0.078	  0.996

3 	  48.57	  -0.98	   0.93
	  0.431	  0.164	  0.887
	  0.019	  0.981	 -0.191
	 -0.902	  0.099	  0.420

4 	  41.73	   5.73	  -5.04
	  0.273	  0.960	 -0.055
	 -0.882	  0.272	  0.385
	  0.385	 -0.057	  0.921

5 	  40.20	   7.45	   6.49
	  0.083	  0.400	  0.913
	  0.485	 -0.816	  0.313
	  0.870	  0.417	 -0.262

6 	  40.22	  15.06	  16.24
	  0.135	  0.633	  0.762
	 -0.092	 -0.758	  0.646
	  0.986	 -0.157	 -0.045

7 	  41.48	  -7.08	  -5.61
	  0.273	 -0.961	  0.026
	  0.922	  0.255	 -0.289
	  0.272	  0.103	  0.957

8 	  40.29	  -9.51	   6.24
	  0.031	 -0.619	  0.785
	 -0.680	 -0.588	 -0.437
	  0.732	 -0.520	 -0.440

9 	  39.73	 -17.67	  14.03
	  0.111	 -0.650	  0.751
	  0.046	 -0.752	 -0.658
	  0.992	  0.108	 -0.054

2 	  32.71	  -6.80	  22.96
	  0.505	  0.859	 -0.080
	 -0.863	  0.505	 -0.018
	  0.025	  0.078	  0.996

3 	  48.59	  -0.93	   0.86
	  0.429	  0.164	  0.888
	  0.017	  0.981	 -0.190
	 -0.903	  0.097	  0.419

4 	  41.59	   5.61	  -5.26
	  0.259	  0.962	 -0.087
	 -0.879	  0.272	  0.393
	  0.401	 -0.026	  0.915

5 	  40.34	   7.73	   6.28
	  0.082	  0.455	  0.886
	  0.531	 -0.773	  0.348
	  0.843	  0.442	 -0.306

6 	  40.32	  15.79	  15.54
	  0.136	  0.670	  0.730
	 -0.062	 -0.730	  0.681
	  0.988	 -0.139	 -0.058

7 	  41.40	  -6.93	  -5.77
	  0.275	 -0.961	 -0.028
	  0.913	  0.270	 -0.304
	  0.300	  0.058	  0.952

8 	  40.62	 -10.32	   5.87
	  0.003	 -0.729	  0.684
	 -0.785	 -0.425	 -0.449
	  0.619	 -0.536	 -0.574

9 	  39.69	 -19.28	  12.57
	  0.096	 -0.744	  0.662
	 -0.044	 -0.667	 -0.743
	  0.994	  0.043	 -0.097

2 	  32.73	  -6.80	  22.96
	  0.505	  0.859	 -0.080
	 -0.863	  0.505	 -0.018
	  0.025	  0.078	  0.996

3 	  48.57	  -0.84	   0.74
	  0.428	  0.162	  0.889
	  0.014	  0.982	 -0.186
	 -0.904	  0.092	  0.418

4 	  41.48	   5.47	  -5.41
	  0.249	  0.959	 -0.130
	 -0.871	  0.280	  0.404
	  0.424	  0.012	  0.905

5 	  40.55	   8.00	   5.99
	  0.093	  0.506	  0.857
	  0.567	 -0.734	  0.372
	  0.818	  0.452	 -0.356

6 	  40.54	  16.61	  14.80
	  0.134	  0.712	  0.689
	 -0.017	 -0.694	  0.720
	  0.991	 -0.109	 -0.081

7 	  41.29	  -6.75	  -5.99
	  0.276	 -0.957	 -0.085
	  0.904	  0.288	 -0.315
	  0.326	  0.010	  0.945

8 	  40.78	 -11.11	   5.20
	 -0.017	 -0.810	  0.586
	 -0.837	 -0.309	 -0.451
	  0.547	 -0.498	 -0.673

9 	  39.57	 -20.67	  10.86
	  0.082	 -0.813	  0.576
	 -0.091	 -0.582	 -0.808
	  0.992	  0.014	 -0.121

2 	  32.71	  -6.80	  22.96
	  0.505	  0.859	 -0.080
	 -0.863	  0.505	 -0.018
	  0.025	  0.078	  0.996

3 	  48.55	  -0.83	   0.65
	  0.427	  0.159	  0.890
	  0.016	  0.983	 -0.184
	 -0.904	  0.093	  0.417

4 	  41.38	   5.33	  -5.62
	  0.243	  0.953	 -0.179
	 -0.858	  0.297	  0.419
	  0.453	  0.051	  0.890

5 	  40.68	   8.21	   5.73
	  0.100	  0.536	  0.838
	  0.593	 -0.709	  0.382
	  0.798	  0.459	 -0.389

6 	  40.62	  16.98	  14.34
	  0.131	  0.731	  0.669
	  0.009	 -0.676	  0.736
	  0.991	 -0.091	 -0.095

7 	  41.22	  -6.64	  -6.13
	  0.276	 -0.954	 -0.114
	  0.899	  0.299	 -0.320
	  0.339	 -0.014	  0.940

8 	  40.82	 -11.60	   4.75
	 -0.022	 -0.852	  0.523
	 -0.854	 -0.255	 -0.452
	  0.519	 -0.457	 -0.723

9 	  39.53	 -21.45	   9.81
	  0.077	 -0.844	  0.531
	 -0.092	 -0.537	 -0.839
	  0.993	  0.016	 -0.119

2 	  32.71	  -6.80	  22.96
	  0.505	  0.859	 -0.080
	 -0.863	  0.505	 -0.018
	  0.025	  0.078	  0.996

3 	  48.53	  -0.81	   0.53
	  0.429	  0.159	  0.889
	  0.021	  0.982	 -0.186
	 -0.903	  0.098	  0.418

4 	  41.26	   5.27	  -5.73
	  0.237	  0.948	 -0.213
	 -0.849	  0.308	  0.429
	  0.472	  0.079	  0.878

5 	  40.75	   8.37	   5.52
	  0.101	  0.563	  0.820
	  0.611	 -0.686	  0.395
	  0.785	  0.461	 -0.414

6 	  40.68	  17.38	  13.89
	  0.127	  0.750	  0.649
	  0.023	 -0.657	  0.754
	  0.991	 -0.082	 -0.101

7 	  41.12	  -6.52	  -6.19
	  0.279	 -0.950	 -0.137
	  0.893	  0.309	 -0.326
	  0.352	 -0.031	  0.935

8 	  40.85	 -12.01	   4.41
	 -0.014	 -0.893	  0.450
	 -0.864	 -0.216	 -0.455
	  0.503	 -0.396	 -0.768

9 	  39.55	 -22.06	   8.89
	  0.080	 -0.870	  0.486
	 -0.101	 -0.492	 -0.865
	  0.992	  0.020	 -0.127

2 	  32.71	  -6.80	  22.96
	  0.505	  0.859	 -0.080
	 -0.863	  0.505	 -0.018
	  0.025	  0.078	  0.996

3 	  48.52	  -0.79	   0.44
	  0.433	  0.160	  0.887
	  0.024	  0.981	 -0.189
	 -0.901	  0.103	  0.421

4 	  41.12	   5.19	  -5.80
	  0.231	  0.943	 -0.237
	 -0.841	  0.316	  0.439
	  0.489	  0.098	  0.866

5 	  40.76	   8.53	   5.34
	  0.100	  0.583	  0.806
	  0.630	 -0.665	  0.402
	  0.770	  0.467	 -0.434

6 	  40.68	  17.63	  13.54
	  0.125	  0.760	  0.637
	  0.032	 -0.645	  0.763
	  0.991	 -0.075	 -0.105

7 	  40.96	  -6.35	  -6.29
	  0.281	 -0.943	 -0.175
	  0.884	  0.325	 -0.335
	  0.373	 -0.060	  0.926

8 	  40.97	 -12.46	   3.85
	 -0.004	 -0.925	  0.379
	 -0.882	 -0.176	 -0.437
	  0.471	 -0.336	 -0.815

9 	  39.71	 -22.89	   7.45
	  0.086	 -0.907	  0.412
	 -0.132	 -0.420	 -0.898
	  0.987	  0.023	 -0.156

2 	  32.73	  -6.80	  22.96
	  0.505	  0.859	 -0.080
	 -0.863	  0.505	 -0.018
	  0.025	  0.078	  0.996

3 	  48.46	  -0.74	   0.28
	  0.447	  0.160	  0.880
	  0.029	  0.981	 -0.193
	 -0.894	  0.112	  0.434

4 	  40.92	   5.12	  -5.85
	  0.217	  0.941	 -0.260
	 -0.832	  0.317	  0.454
	  0.510	  0.118	  0.852

5 	  40.82	   8.79	   5.12
	  0.103	  0.609	  0.786
	  0.660	 -0.633	  0.404
	  0.744	  0.477	 -0.467

6 	  40.62	  17.98	  13.18
	  0.116	  0.770	  0.627
	  0.046	 -0.635	  0.771
	  0.992	 -0.060	 -0.109

7 	  40.78	  -6.13	  -6.36
	  0.286	 -0.933	 -0.219
	  0.872	  0.348	 -0.345
	  0.398	 -0.092	  0.913

8 	  41.13	 -12.96	   3.15
	  0.015	 -0.957	  0.291
	 -0.898	 -0.141	 -0.416
	  0.439	 -0.255	 -0.861

9 	  40.10	 -23.66	   5.75
	  0.104	 -0.941	  0.322
	 -0.162	 -0.336	 -0.928
	  0.981	  0.044	 -0.188

2 	  32.71	  -6.80	  22.94
	  0.505	  0.859	 -0.080
	 -0.863	  0.505	 -0.017
	  0.025	  0.078	  0.996

3 	  48.43	  -0.69	   0.09
	  0.460	  0.157	  0.874
	  0.031	  0.980	 -0.193
	 -0.887	  0.116	  0.446

4 	  40.75	   5.04	  -5.89
	  0.208	  0.938	 -0.276
	 -0.824	  0.320	  0.467
	  0.526	  0.130	  0.840

5 	  40.87	   9.00	   4.94
	  0.113	  0.633	  0.766
	  0.676	 -0.614	  0.407
	  0.728	  0.471	 -0.498

6 	  40.80	  18.56	  12.59
	  0.123	  0.789	  0.601
	  0.059	 -0.611	  0.789
	  0.990	 -0.062	 -0.122

7 	  40.69	  -6.01	  -6.45
	  0.293	 -0.920	 -0.258
	  0.859	  0.372	 -0.350
	  0.418	 -0.120	  0.900

8 	  41.34	 -13.57	   2.32
	  0.042	 -0.982	  0.182
	 -0.909	 -0.114	 -0.402
	  0.415	 -0.149	 -0.897

9 	  40.45	 -24.43	   3.78
	  0.121	 -0.965	  0.231
	 -0.182	 -0.250	 -0.951
	  0.976	  0.073	 -0.206

2 	  32.71	  -6.80	  22.96
	  0.505	  0.859	 -0.080
	 -0.863	  0.505	 -0.018
	  0.025	  0.078	  0.996

3 	  48.41	  -0.65	   0.00
	  0.472	  0.155	  0.868
	  0.033	  0.980	 -0.193
	 -0.881	  0.120	  0.458

4 	  40.61	   5.03	  -5.96
	  0.202	  0.934	 -0.295
	 -0.815	  0.327	  0.477
	  0.542	  0.144	  0.827

5 	  40.94	   9.16	   4.75
	  0.127	  0.651	  0.748
	  0.682	 -0.605	  0.410
	  0.720	  0.458	 -0.521

6 	  40.96	  18.93	  12.13
	  0.135	  0.803	  0.580
	  0.062	 -0.592	  0.804
	  0.989	 -0.073	 -0.130

7 	  40.57	  -5.89	  -6.47
	  0.305	 -0.902	 -0.306
	  0.842	  0.405	 -0.356
	  0.445	 -0.149	  0.883

8 	  41.55	 -14.20	   1.30
	  0.075	 -0.996	  0.049
	 -0.917	 -0.088	 -0.388
	  0.391	 -0.016	 -0.920

9 	  40.96	 -25.14	   1.41
	  0.148	 -0.984	  0.098
	 -0.203	 -0.127	 -0.971
	  0.968	  0.124	 -0.218

2 	  32.71	  -6.80	  22.94
	  0.505	  0.859	 -0.080
	 -0.863	  0.505	 -0.017
	  0.026	  0.078	  0.996

3 	  48.36	  -0.58	  -0.14
	  0.487	  0.156	  0.859
	  0.033	  0.979	 -0.198
	 -0.873	  0.124	  0.472

4 	  40.39	   4.87	  -6.10
	  0.192	  0.926	 -0.325
	 -0.804	  0.338	  0.489
	  0.563	  0.167	  0.809

5 	  40.94	   9.28	   4.46
	  0.142	  0.668	  0.730
	  0.690	 -0.596	  0.410
	  0.709	  0.446	 -0.546

6 	  41.06	  19.14	  11.76
	  0.143	  0.813	  0.564
	  0.074	 -0.578	  0.813
	  0.987	 -0.074	 -0.143

7 	  40.38	  -5.71	  -6.57
	  0.314	 -0.872	 -0.375
	  0.815	  0.450	 -0.365
	  0.487	 -0.191	  0.852

8 	  41.91	 -14.64	   0.04
	  0.109	 -0.992	 -0.057
	 -0.933	 -0.083	 -0.349
	  0.341	  0.091	 -0.936

9 	  41.61	 -25.59	  -1.34
	  0.171	 -0.985	 -0.032
	 -0.251	 -0.013	 -0.968
	  0.953	  0.174	 -0.249

2 	  32.71	  -6.80	  22.94
	  0.505	  0.859	 -0.081
	 -0.863	  0.505	 -0.017
	  0.026	  0.078	  0.996

3 	  48.30	  -0.56	  -0.30
	  0.500	  0.154	  0.852
	  0.035	  0.979	 -0.198
	 -0.865	  0.129	  0.484

4 	  40.22	   4.69	  -6.22
	  0.179	  0.915	 -0.361
	 -0.789	  0.353	  0.502
	  0.587	  0.194	  0.786

5 	  40.97	   9.44	   4.15
	  0.156	  0.688	  0.708
	  0.700	 -0.583	  0.412
	  0.696	  0.431	 -0.574

6 	  41.19	  19.51	  11.11
	  0.152	  0.830	  0.536
	  0.092	 -0.552	  0.828
	  0.984	 -0.077	 -0.161

7 	  40.22	  -5.57	  -6.66
	  0.324	 -0.833	 -0.447
	  0.785	  0.501	 -0.364
	  0.527	 -0.233	  0.817

8 	  42.22	 -14.96	  -1.42
	  0.143	 -0.976	 -0.166
	 -0.945	 -0.085	 -0.316
	  0.294	  0.202	 -0.934

9 	  42.22	 -25.66	  -4.46
	  0.200	 -0.962	 -0.184
	 -0.288	  0.121	 -0.950
	  0.936	  0.243	 -0.253

2 	  32.71	  -6.80	  22.94
	  0.505	  0.859	 -0.080
	 -0.863	  0.505	 -0.017
	  0.026	  0.078	  0.996

3 	  48.22	  -0.53	  -0.44
	  0.512	  0.147	  0.846
	  0.038	  0.980	 -0.194
	 -0.858	  0.131	  0.496

4 	  40.03	   4.59	  -6.33
	  0.172	  0.905	 -0.389
	 -0.772	  0.369	  0.516
	  0.611	  0.211	  0.762

5 	  41.03	   9.63	   3.80
	  0.174	  0.715	  0.677
	  0.710	 -0.568	  0.416
	  0.681	  0.409	 -0.607

6 	  41.45	  19.88	  10.28
	  0.172	  0.848	  0.501
	  0.103	 -0.522	  0.846
	  0.979	 -0.094	 -0.178

7 	  39.99	  -5.38	  -6.80
	  0.318	 -0.794	 -0.519
	  0.757	  0.542	 -0.365
	  0.571	 -0.276	  0.773

8 	  42.61	 -15.03	  -2.88
	  0.187	 -0.943	 -0.274
	 -0.954	 -0.108	 -0.278
	  0.233	  0.313	 -0.921

9 	  42.71	 -25.52	  -7.21
	  0.218	 -0.929	 -0.299
	 -0.340	  0.215	 -0.915
	  0.915	  0.302	 -0.269

2 	  32.71	  -6.80	  22.94
	  0.505	  0.859	 -0.080
	 -0.863	  0.505	 -0.017
	  0.026	  0.078	  0.996

3 	  48.11	  -0.53	  -0.53
	  0.523	  0.132	  0.842
	  0.049	  0.981	 -0.184
	 -0.851	  0.137	  0.506

4 	  39.94	   4.54	  -6.40
	  0.177	  0.896	 -0.407
	 -0.754	  0.389	  0.529
	  0.632	  0.214	  0.744

5 	  41.10	   9.74	   3.62
	  0.186	  0.727	  0.661
	  0.709	 -0.565	  0.421
	  0.680	  0.390	 -0.621

6 	  41.55	  20.14	   9.98
	  0.178	  0.854	  0.489
	  0.101	 -0.511	  0.854
	  0.979	 -0.102	 -0.177

7 	  39.85	  -5.22	  -6.91
	  0.317	 -0.754	 -0.575
	  0.733	  0.579	 -0.356
	  0.602	 -0.309	  0.736

8 	  42.89	 -14.96	  -4.36
	  0.213	 -0.902	 -0.374
	 -0.961	 -0.125	 -0.247
	  0.176	  0.412	 -0.894

9 	  43.26	 -24.68	 -10.18
	  0.238	 -0.870	 -0.433
	 -0.389	  0.323	 -0.863
	  0.890	  0.374	 -0.261

2 	  32.71	  -6.80	  22.94
	  0.505	  0.859	 -0.080
	 -0.863	  0.505	 -0.018
	  0.025	  0.078	  0.996

3 	  48.04	  -0.60	  -0.63
	  0.530	  0.119	  0.839
	  0.057	  0.983	 -0.176
	 -0.846	  0.141	  0.514

4 	  39.88	   4.46	  -6.45
	  0.178	  0.891	 -0.417
	 -0.744	  0.399	  0.535
	  0.644	  0.215	  0.734

5 	  41.12	   9.81	   3.46
	  0.191	  0.735	  0.650
	  0.709	 -0.562	  0.427
	  0.679	  0.379	 -0.629

6 	  41.64	  20.27	   9.69
	  0.182	  0.857	  0.481
	  0.096	 -0.503	  0.859
	  0.978	 -0.110	 -0.174

7 	  39.76	  -5.06	  -7.01
	  0.318	 -0.720	 -0.616
	  0.719	  0.607	 -0.338
	  0.618	 -0.335	  0.711

8 	  42.94	 -14.85	  -5.75
	  0.223	 -0.855	 -0.468
	 -0.963	 -0.120	 -0.240
	  0.149	  0.504	 -0.851

9 	  43.31	 -23.75	 -12.81
	  0.234	 -0.805	 -0.546
	 -0.408	  0.428	 -0.807
	  0.882	  0.411	 -0.228

2 	  32.71	  -6.80	  22.96
	  0.505	  0.859	 -0.080
	 -0.863	  0.505	 -0.017
	  0.025	  0.078	  0.996

3 	  48.06	  -0.56	  -0.69
	  0.533	  0.102	  0.840
	  0.066	  0.984	 -0.162
	 -0.844	  0.141	  0.518

4 	  39.87	   4.46	  -6.50
	  0.179	  0.887	 -0.424
	 -0.735	  0.407	  0.542
	  0.654	  0.215	  0.725

5 	  41.13	   9.90	   3.38
	  0.192	  0.740	  0.644
	  0.710	 -0.558	  0.430
	  0.677	  0.375	 -0.633

6 	  41.66	  20.36	   9.58
	  0.181	  0.859	  0.478
	  0.094	 -0.499	  0.861
	  0.979	 -0.111	 -0.171

7 	  39.66	  -4.87	  -7.01
	  0.313	 -0.697	 -0.645
	  0.710	  0.623	 -0.328
	  0.630	 -0.355	  0.690

8 	  42.98	 -14.48	  -6.79
	  0.228	 -0.806	 -0.546
	 -0.967	 -0.124	 -0.221
	  0.110	  0.579	 -0.808

9 	  43.17	 -22.83	 -14.78
	  0.221	 -0.749	 -0.625
	 -0.436	  0.497	 -0.750
	  0.872	  0.438	 -0.217

2 	  32.71	  -6.80	  22.94
	  0.505	  0.859	 -0.080
	 -0.863	  0.505	 -0.018
	  0.025	  0.078	  0.996

3 	  47.99	  -0.65	  -0.81
	  0.540	  0.080	  0.838
	  0.082	  0.985	 -0.147
	 -0.838	  0.148	  0.525

4 	  39.81	   4.50	  -6.56
	  0.182	  0.883	 -0.431
	 -0.719	  0.419	  0.555
	  0.671	  0.209	  0.711

5 	  41.20	   9.97	   3.27
	  0.199	  0.743	  0.639
	  0.710	 -0.559	  0.428
	  0.675	  0.368	 -0.639

6 	  41.82	  20.39	   9.40
	  0.186	  0.858	  0.479
	  0.096	 -0.501	  0.860
	  0.978	 -0.114	 -0.176

7 	  39.53	  -4.76	  -7.07
	  0.308	 -0.678	 -0.667
	  0.703	  0.635	 -0.320
	  0.640	 -0.371	  0.673

8 	  42.94	 -14.17	  -7.86
	  0.237	 -0.746	 -0.622
	 -0.969	 -0.135	 -0.208
	  0.071	  0.651	 -0.755

9 	  43.17	 -21.62	 -16.79
	  0.218	 -0.671	 -0.709
	 -0.466	  0.567	 -0.679
	  0.857	  0.479	 -0.189

2 	  32.71	  -6.80	  22.94
	  0.505	  0.859	 -0.080
	 -0.863	  0.505	 -0.018
	  0.025	  0.078	  0.996

3 	  47.92	  -0.65	  -0.84
	  0.547	  0.070	  0.834
	  0.089	  0.986	 -0.141
	 -0.833	  0.151	  0.532

4 	  39.71	   4.54	  -6.57
	  0.186	  0.876	 -0.445
	 -0.693	  0.438	  0.572
	  0.696	  0.201	  0.689

5 	  41.40	  10.09	   3.01
	  0.227	  0.751	  0.620
	  0.707	 -0.565	  0.425
	  0.670	  0.342	 -0.659

6 	  42.31	  20.60	   9.00
	  0.211	  0.859	  0.465
	  0.093	 -0.492	  0.865
	  0.973	 -0.139	 -0.184

7 	  39.34	  -4.64	  -7.05
	  0.306	 -0.666	 -0.680
	  0.707	  0.638	 -0.305
	  0.637	 -0.388	  0.666

8 	  43.07	 -13.66	  -8.63
	  0.275	 -0.678	 -0.681
	 -0.960	 -0.159	 -0.229
	  0.047	  0.717	 -0.695

9 	  43.58	 -20.25	 -18.32
	  0.245	 -0.589	 -0.770
	 -0.480	  0.617	 -0.624
	  0.842	  0.522	 -0.131

2 	  32.71	  -6.80	  22.96
	  0.505	  0.859	 -0.080
	 -0.863	  0.505	 -0.018
	  0.025	  0.078	  0.996

3 	  47.79	  -0.69	  -0.88
	  0.554	  0.064	  0.830
	  0.101	  0.984	 -0.143
	 -0.826	  0.163	  0.539

4 	  39.59	   4.46	  -6.64
	  0.198	  0.866	 -0.458
	 -0.671	  0.460	  0.581
	  0.714	  0.192	  0.673

5 	  41.54	  10.20	   2.81
	  0.251	  0.763	  0.596
	  0.702	 -0.568	  0.431
	  0.667	  0.310	 -0.678

6 	  42.71	  20.83	   8.40
	  0.236	  0.867	  0.438
	  0.095	 -0.470	  0.878
	  0.967	 -0.166	 -0.194

7 	  39.15	  -4.62	  -7.03
	  0.306	 -0.656	 -0.690
	  0.702	  0.645	 -0.302
	  0.643	 -0.392	  0.658

8 	  43.22	 -13.22	  -9.44
	  0.294	 -0.604	 -0.741
	 -0.956	 -0.190	 -0.224
	 -0.005	  0.774	 -0.633

9 	  43.70	 -18.90	 -19.72
	  0.249	 -0.503	 -0.828
	 -0.517	  0.653	 -0.553
	  0.819	  0.566	 -0.097

2 	  32.73	  -6.80	  22.96
	  0.504	  0.859	 -0.080
	 -0.863	  0.505	 -0.018
	  0.025	  0.078	  0.996

3 	  47.76	  -0.72	  -0.91
	  0.558	  0.061	  0.827
	  0.106	  0.984	 -0.145
	 -0.823	  0.168	  0.542

4 	  39.53	   4.38	  -6.66
	  0.202	  0.862	 -0.465
	 -0.661	  0.470	  0.585
	  0.723	  0.189	  0.664

5 	  41.59	  10.18	   2.72
	  0.261	  0.763	  0.591
	  0.699	 -0.572	  0.429
	  0.666	  0.301	 -0.683

6 	  42.82	  20.81	   8.37
	  0.242	  0.866	  0.438
	  0.093	 -0.470	  0.877
	  0.966	 -0.172	 -0.195

7 	  39.04	  -4.61	  -7.05
	  0.300	 -0.642	 -0.705
	  0.693	  0.655	 -0.301
	  0.655	 -0.399	  0.641

8 	  43.21	 -12.69	 -10.27
	  0.294	 -0.531	 -0.794
	 -0.954	 -0.207	 -0.215
	 -0.051	  0.821	 -0.568

9 	  43.75	 -16.88	 -20.99
	  0.249	 -0.401	 -0.882
	 -0.558	  0.684	 -0.469
	  0.792	  0.609	 -0.053

2 	  32.73	  -6.80	  22.96
	  0.504	  0.859	 -0.080
	 -0.863	  0.505	 -0.018
	  0.025	  0.078	  0.996

3 	  47.72	  -0.83	  -0.98
	  0.567	  0.052	  0.822
	  0.116	  0.983	 -0.142
	 -0.816	  0.176	  0.551

4 	  39.50	   4.32	  -6.70
	  0.203	  0.862	 -0.465
	 -0.653	  0.473	  0.592
	  0.730	  0.183	  0.658

5 	  41.61	  10.18	   2.69
	  0.262	  0.763	  0.591
	  0.699	 -0.573	  0.428
	  0.665	  0.300	 -0.684

6 	  42.86	  20.74	   8.33
	  0.240	  0.864	  0.443
	  0.095	 -0.475	  0.875
	  0.966	 -0.168	 -0.196

7 	  38.94	  -4.54	  -7.10
	  0.291	 -0.633	 -0.717
	  0.686	  0.660	 -0.304
	  0.666	 -0.404	  0.627

8 	  43.12	 -12.13	 -10.97
	  0.288	 -0.460	 -0.840
	 -0.955	 -0.204	 -0.216
	 -0.073	  0.864	 -0.498

9 	  43.38	 -15.80	 -22.29
	  0.220	 -0.318	 -0.922
	 -0.571	  0.724	 -0.386
	  0.791	  0.611	 -0.022

2 	  32.71	  -6.80	  22.96
	  0.505	  0.859	 -0.080
	 -0.863	  0.505	 -0.018
	  0.025	  0.078	  0.996

3 	  47.72	  -0.86	  -1.04
	  0.574	  0.041	  0.818
	  0.124	  0.983	 -0.137
	 -0.809	  0.179	  0.559

4 	  39.45	   4.32	  -6.68
	  0.202	  0.862	 -0.465
	 -0.646	  0.474	  0.598
	  0.736	  0.179	  0.652

5 	  41.62	  10.18	   2.64
	  0.266	  0.764	  0.587
	  0.699	 -0.573	  0.427
	  0.663	  0.297	 -0.688

6 	  42.86	  20.74	   8.30
	  0.240	  0.864	  0.443
	  0.096	 -0.475	  0.875
	  0.966	 -0.167	 -0.198

7 	  38.85	  -4.38	  -7.12
	  0.288	 -0.619	 -0.730
	  0.672	  0.674	 -0.306
	  0.681	 -0.403	  0.611

8 	  43.10	 -11.71	 -11.44
	  0.285	 -0.412	 -0.865
	 -0.953	 -0.218	 -0.210
	 -0.102	  0.884	 -0.455

9 	  43.31	 -14.73	 -23.01
	  0.208	 -0.253	 -0.945
	 -0.596	  0.733	 -0.328
	  0.776	  0.631	  0.002

2 	  32.71	  -6.80	  22.96
	  0.505	  0.859	 -0.080
	 -0.863	  0.505	 -0.018
	  0.025	  0.078	  0.996

3 	  47.65	  -0.83	  -1.09
	  0.579	  0.030	  0.814
	  0.128	  0.983	 -0.128
	 -0.805	  0.179	  0.566

4 	  39.38	   4.36	  -6.68
	  0.205	  0.860	 -0.466
	 -0.638	  0.479	  0.604
	  0.743	  0.173	  0.646

5 	  41.64	  10.30	   2.50
	  0.285	  0.769	  0.571
	  0.690	 -0.579	  0.435
	  0.665	  0.270	 -0.696

6 	  43.15	  20.97	   7.95
	  0.262	  0.867	  0.424
	  0.083	 -0.458	  0.885
	  0.961	 -0.197	 -0.192

7 	  38.74	  -4.29	  -7.19
	  0.288	 -0.610	 -0.738
	  0.657	  0.686	 -0.311
	  0.696	 -0.396	  0.599

8 	  43.14	 -11.16	 -11.88
	  0.287	 -0.358	 -0.888
	 -0.948	 -0.241	 -0.210
	 -0.139	  0.902	 -0.409

9 	  43.29	 -13.55	 -23.64
	  0.201	 -0.192	 -0.961
	 -0.621	  0.733	 -0.276
	  0.757	  0.652	  0.028

2 	  32.71	  -6.80	  22.96
	  0.505	  0.859	 -0.080
	 -0.863	  0.505	 -0.018
	  0.025	  0.078	  0.996

3 	  47.60	  -0.84	  -1.16
	  0.584	  0.016	  0.811
	  0.139	  0.983	 -0.120
	 -0.799	  0.183	  0.572

4 	  39.34	   4.41	  -6.64
	  0.215	  0.860	 -0.462
	 -0.628	  0.484	  0.609
	  0.747	  0.159	  0.645

5 	  41.68	  10.34	   2.48
	  0.292	  0.767	  0.570
	  0.682	 -0.585	  0.438
	  0.670	  0.261	 -0.695

6 	  43.24	  21.02	   7.96
	  0.268	  0.865	  0.425
	  0.074	 -0.458	  0.886
	  0.960	 -0.206	 -0.188

7 	  38.71	  -4.22	  -7.21
	  0.289	 -0.603	 -0.744
	  0.652	  0.693	 -0.308
	  0.701	 -0.396	  0.593

8 	  43.17	 -10.76	 -12.29
	  0.293	 -0.305	 -0.906
	 -0.944	 -0.244	 -0.224
	 -0.153	  0.921	 -0.359

9 	  43.29	 -12.27	 -24.28
	  0.194	 -0.112	 -0.974
	 -0.639	  0.739	 -0.212
	  0.744	  0.664	  0.072

2 	  32.71	  -6.80	  22.96
	  0.505	  0.859	 -0.080
	 -0.863	  0.505	 -0.018
	  0.025	  0.078	  0.996

3 	  47.58	  -0.93	  -1.16
	  0.585	  0.005	  0.810
	  0.149	  0.982	 -0.114
	 -0.797	  0.188	  0.574

4 	  39.36	   4.43	  -6.63
	  0.222	  0.862	 -0.456
	 -0.623	  0.484	  0.614
	  0.750	  0.148	  0.645

5 	  41.68	  10.28	   2.53
	  0.294	  0.763	  0.575
	  0.678	 -0.591	  0.437
	  0.673	  0.261	 -0.691

6 	  43.29	  20.92	   8.05
	  0.272	  0.861	  0.429
	  0.069	 -0.463	  0.884
	  0.960	 -0.211	 -0.185

7 	  38.65	  -4.13	  -7.31
	  0.292	 -0.589	 -0.754
	  0.644	  0.704	 -0.300
	  0.707	 -0.398	  0.585

8 	  43.21	 -10.37	 -12.53
	  0.299	 -0.266	 -0.916
	 -0.939	 -0.250	 -0.234
	 -0.167	  0.931	 -0.325

9 	  43.37	 -11.41	 -24.59
	  0.189	 -0.061	 -0.980
	 -0.662	  0.729	 -0.173
	  0.725	  0.682	  0.098

2 	  32.71	  -6.80	  22.96
	  0.505	  0.859	 -0.080
	 -0.863	  0.505	 -0.018
	  0.025	  0.078	  0.996

3 	  47.57	  -0.93	  -1.18
	  0.584	 -0.004	  0.811
	  0.154	  0.982	 -0.106
	 -0.797	  0.187	  0.574

4 	  39.34	   4.46	  -6.61
	  0.226	  0.865	 -0.447
	 -0.621	  0.482	  0.618
	  0.750	  0.137	  0.646

5 	  41.71	  10.16	   2.65
	  0.303	  0.746	  0.593
	  0.662	 -0.612	  0.432
	  0.685	  0.262	 -0.679

6 	  43.45	  20.71	   8.40
	  0.286	  0.849	  0.444
	  0.048	 -0.475	  0.878
	  0.957	 -0.230	 -0.177

7 	  38.67	  -4.08	  -7.37
	  0.301	 -0.581	 -0.756
	  0.638	  0.712	 -0.293
	  0.708	 -0.394	  0.585

8 	  43.35	 -10.28	 -12.59
	  0.309	 -0.257	 -0.916
	 -0.933	 -0.270	 -0.239
	 -0.186	  0.928	 -0.323

9 	  43.61	 -11.32	 -24.61
	  0.199	 -0.060	 -0.978
	 -0.667	  0.723	 -0.180
	  0.718	  0.688	  0.104

2 	  32.73	  -6.80	  22.96
	  0.505	  0.859	 -0.080
	 -0.863	  0.505	 -0.018
	  0.025	  0.078	  0.996

3 	  47.55	  -0.91	  -1.18
	  0.580	 -0.010	  0.814
	  0.157	  0.982	 -0.101
	 -0.799	  0.187	  0.572

4 	  39.36	   4.57	  -6.57
	  0.232	  0.869	 -0.437
	 -0.622	  0.477	  0.621
	  0.748	  0.127	  0.651

5 	  41.68	  10.11	   2.83
	  0.299	  0.736	  0.607
	  0.651	 -0.623	  0.434
	  0.698	  0.265	 -0.665

6 	  43.42	  20.57	   8.67
	  0.284	  0.842	  0.458
	  0.033	 -0.487	  0.873
	  0.958	 -0.233	 -0.167

7 	  38.67	  -4.04	  -7.35
	  0.307	 -0.585	 -0.751
	  0.644	  0.709	 -0.289
	  0.701	 -0.395	  0.594

8 	  43.45	 -10.27	 -12.46
	  0.323	 -0.264	 -0.909
	 -0.929	 -0.272	 -0.252
	 -0.180	  0.925	 -0.333

9 	  43.98	 -11.58	 -24.47
	  0.224	 -0.090	 -0.970
	 -0.653	  0.725	 -0.218
	  0.723	  0.682	  0.104

2 	  32.71	  -6.80	  22.96
	  0.505	  0.859	 -0.080
	 -0.863	  0.505	 -0.018
	  0.025	  0.078	  0.996

3 	  47.55	  -0.93	  -1.16
	  0.578	 -0.012	  0.815
	  0.160	  0.982	 -0.099
	 -0.800	  0.188	  0.570

4 	  39.36	   4.57	  -6.56
	  0.233	  0.869	 -0.436
	 -0.622	  0.478	  0.620
	  0.748	  0.126	  0.652

5 	  41.68	  10.09	   2.85
	  0.298	  0.736	  0.607
	  0.650	 -0.623	  0.435
	  0.698	  0.265	 -0.665

6 	  43.42	  20.53	   8.70
	  0.284	  0.842	  0.459
	  0.033	 -0.487	  0.872
	  0.958	 -0.232	 -0.166

7 	  38.71	  -4.13	  -7.33
	  0.309	 -0.584	 -0.750
	  0.637	  0.713	 -0.293
	  0.706	 -0.387	  0.593

8 	  43.58	 -10.28	 -12.50
	  0.323	 -0.255	 -0.911
	 -0.924	 -0.294	 -0.245
	 -0.206	  0.921	 -0.330

9 	  44.09	 -11.50	 -24.42
	  0.217	 -0.088	 -0.972
	 -0.684	  0.697	 -0.215
	  0.697	  0.711	  0.091

2 	  32.71	  -6.80	  22.96
	  0.505	  0.859	 -0.080
	 -0.863	  0.505	 -0.018
	  0.025	  0.078	  0.996

3 	  47.55	  -0.93	  -1.16
	  0.578	 -0.010	  0.816
	  0.158	  0.982	 -0.100
	 -0.801	  0.186	  0.569

4 	  39.36	   4.39	  -6.57
	  0.229	  0.864	 -0.449
	 -0.619	  0.485	  0.618
	  0.751	  0.136	  0.645

5 	  41.68	  10.11	   2.71
	  0.299	  0.748	  0.592
	  0.656	 -0.612	  0.441
	  0.692	  0.256	 -0.674

6 	  43.45	  20.58	   8.37
	  0.287	  0.851	  0.440
	  0.041	 -0.470	  0.882
	  0.957	 -0.235	 -0.170

7 	  38.78	  -4.27	  -7.29
	  0.322	 -0.579	 -0.748
	  0.620	  0.726	 -0.295
	  0.715	 -0.369	  0.594

8 	  43.91	 -10.12	 -12.48
	  0.335	 -0.232	 -0.913
	 -0.907	 -0.340	 -0.247
	 -0.254	  0.911	 -0.324

9 	  44.38	 -11.02	 -24.49
	  0.198	 -0.038	 -0.979
	 -0.749	  0.639	 -0.176
	  0.633	  0.768	  0.098

2 	  32.71	  -6.80	  22.96
	  0.505	  0.859	 -0.080
	 -0.863	  0.505	 -0.018
	  0.025	  0.078	  0.996

3 	  47.58	  -0.95	  -1.12
	  0.575	 -0.004	  0.818
	  0.153	  0.983	 -0.103
	 -0.804	  0.184	  0.566

4 	  39.39	   4.29	  -6.59
	  0.227	  0.861	 -0.454
	 -0.622	  0.487	  0.613
	  0.750	  0.142	  0.646

5 	  41.64	  10.05	   2.67
	  0.296	  0.752	  0.589
	  0.655	 -0.609	  0.448
	  0.695	  0.253	 -0.673

6 	  43.38	  20.64	   8.26
	  0.283	  0.855	  0.433
	  0.038	 -0.462	  0.886
	  0.958	 -0.234	 -0.164

7 	  38.88	  -4.36	  -7.33
	  0.332	 -0.573	 -0.749
	  0.609	  0.737	 -0.294
	  0.720	 -0.359	  0.594

8 	  44.12	  -9.98	 -12.52
	  0.340	 -0.214	 -0.916
	 -0.897	 -0.365	 -0.248
	 -0.281	  0.906	 -0.316

9 	  44.38	 -10.55	 -24.73
	  0.171	  0.009	 -0.985
	 -0.784	  0.607	 -0.131
	  0.597	  0.794	  0.111

2 	  32.71	  -6.80	  22.96
	  0.505	  0.859	 -0.080
	 -0.863	  0.505	 -0.018
	  0.025	  0.078	  0.996

3 	  47.65	  -0.95	  -1.12
	  0.570	 -0.003	  0.821
	  0.149	  0.984	 -0.100
	 -0.808	  0.180	  0.561

4 	  39.46	   4.27	  -6.63
	  0.225	  0.865	 -0.449
	 -0.627	  0.481	  0.613
	  0.746	  0.143	  0.650

5 	  41.57	   9.98	   2.71
	  0.282	  0.748	  0.600
	  0.651	 -0.609	  0.453
	  0.705	  0.263	 -0.659

6 	  43.19	  20.55	   8.42
	  0.273	  0.853	  0.445
	  0.025	 -0.469	  0.883
	  0.962	 -0.230	 -0.150

7 	  38.94	  -4.31	  -7.33
	  0.333	 -0.570	 -0.751
	  0.606	  0.740	 -0.292
	  0.722	 -0.358	  0.592

8 	  44.19	  -9.93	 -12.59
	  0.337	 -0.212	 -0.917
	 -0.895	 -0.374	 -0.242
	 -0.292	  0.903	 -0.316

9 	  44.38	 -10.53	 -24.75
	  0.164	  0.010	 -0.986
	 -0.795	  0.593	 -0.126
	  0.583	  0.805	  0.106

2 	  32.71	  -6.80	  22.96
	  0.505	  0.859	 -0.080
	 -0.863	  0.505	 -0.018
	  0.025	  0.078	  0.996

3 	  47.71	  -0.93	  -1.12
	  0.567	 -0.006	  0.823
	  0.148	  0.984	 -0.095
	 -0.810	  0.175	  0.559

4 	  39.50	   4.31	  -6.61
	  0.222	  0.868	 -0.444
	 -0.630	  0.475	  0.614
	  0.744	  0.143	  0.652

5 	  41.55	  10.00	   2.72
	  0.278	  0.748	  0.603
	  0.652	 -0.608	  0.453
	  0.705	  0.267	 -0.657

6 	  43.07	  20.57	   8.49
