% Calibrated with leiden_pols
% Positions are in centimeters
Data =[
 2    97.802   -18.801    59.162
 2     0.141    -0.990     0.007
 2     0.989     0.142     0.032
 2    -0.033     0.002     0.999
 3   132.357    -1.828     1.250
 3     0.510    -0.094    -0.855
 3     0.134     0.990    -0.029
 3     0.849    -0.100     0.517
 4   120.440    16.918    -4.004
 4     0.744    -0.646     0.171
 4     0.617     0.567    -0.545
 4     0.255     0.511     0.821
 5   120.752    25.928    23.149
 5     0.255    -0.721     0.646
 5     0.100    -0.643    -0.758
 5     0.962     0.256    -0.091
 6   132.407    25.614    46.814
 6     0.354    -0.664    -0.664
 6    -0.062     0.688    -0.720
 6     0.933     0.294     0.201
 7   117.008   -17.860    -4.533
 7     0.769     0.424     0.479
 7    -0.590     0.758     0.277
 7    -0.246    -0.495     0.833
 8   118.940   -26.906    20.231
 8     0.209     0.607     0.767
 8    -0.170    -0.750     0.639
 8     0.963    -0.264    -0.053
 9   130.097   -30.066    47.980
 9     0.268     0.691    -0.675
 9     0.123     0.667     0.732
 9     0.955    -0.277     0.092
 2    97.802   -18.801    59.162
 2     0.141    -0.990     0.007
 2     0.989     0.142     0.032
 2    -0.033     0.002     0.999
 3   132.357    -1.778     1.250
 3     0.510    -0.095    -0.855
 3     0.133     0.990    -0.030
 3     0.849    -0.099     0.518
 4   120.440    16.969    -3.954
 4     0.744    -0.646     0.171
 4     0.617     0.567    -0.545
 4     0.255     0.511     0.820
 5   120.752    25.928    23.149
 5     0.255    -0.721     0.646
 5     0.100    -0.644    -0.758
 5     0.962     0.256    -0.091
 6   132.401    25.560    46.771
 6     0.355    -0.663    -0.664
 6    -0.063     0.688    -0.720
 6     0.932     0.295     0.201
 7   117.007   -17.859    -4.534
 7     0.770     0.423     0.479
 7    -0.589     0.758     0.277
 7    -0.246    -0.495     0.833
 8   118.940   -26.906    20.231
 8     0.209     0.608     0.767
 8    -0.170    -0.749     0.639
 8     0.963    -0.264    -0.053
 9   130.096   -30.067    47.929
 9     0.269     0.691    -0.675
 9     0.123     0.668     0.732
 9     0.955    -0.276     0.093
 2    97.802   -18.801    59.162
 2     0.141    -0.990     0.007
 2     0.989     0.142     0.032
 2    -0.033     0.002     0.999
 3   132.407    -1.778     1.250
 3     0.511    -0.095    -0.854
 3     0.133     0.990    -0.030
 3     0.849    -0.099     0.518
 4   120.440    16.969    -3.954
 4     0.744    -0.646     0.171
 4     0.617     0.567    -0.546
 4     0.255     0.511     0.820
 5   120.753    25.927    23.126
 5     0.254    -0.722     0.645
 5     0.100    -0.642    -0.759
 5     0.962     0.255    -0.089
 6   132.408    25.562    46.763
 6     0.354    -0.662    -0.666
 6    -0.063     0.689    -0.719
 6     0.933     0.294     0.201
 7   117.058   -17.859    -4.533
 7     0.769     0.423     0.479
 7    -0.589     0.758     0.277
 7    -0.246    -0.495     0.832
 8   118.963   -26.957    20.179
 8     0.210     0.609     0.766
 8    -0.170    -0.748     0.641
 8     0.963    -0.263    -0.052
 9   130.095   -30.066    47.980
 9     0.268     0.690    -0.676
 9     0.123     0.669     0.731
 9     0.955    -0.276     0.093
 2    97.802   -18.801    59.162
 2     0.141    -0.990     0.007
 2     0.989     0.142     0.032
 2    -0.033     0.002     0.999
 3   132.407    -1.753     1.199
 3     0.511    -0.094    -0.854
 3     0.133     0.990    -0.030
 3     0.849    -0.099     0.519
 4   120.490    16.968    -4.055
 4     0.745    -0.645     0.171
 4     0.616     0.567    -0.546
 4     0.255     0.511     0.820
 5   120.803    25.927    23.127
 5     0.254    -0.724     0.644
 5     0.100    -0.641    -0.760
 5     0.962     0.256    -0.089
 6   132.415    25.564    46.806
 6     0.352    -0.662    -0.667
 6    -0.063     0.691    -0.717
 6     0.934     0.292     0.200
 7   117.008   -17.910    -4.533
 7     0.769     0.423     0.480
 7    -0.589     0.759     0.277
 7    -0.246    -0.495     0.832
 8   118.963   -26.957    20.180
 8     0.209     0.609     0.766
 8    -0.170    -0.748     0.640
 8     0.963    -0.263    -0.052
 9   130.096   -30.066    47.929
 9     0.268     0.690    -0.676
 9     0.123     0.669     0.731
 9     0.955    -0.276     0.093
 2    97.803   -18.801    59.111
 2     0.141    -0.990     0.007
 2     0.989     0.142     0.032
 2    -0.033     0.002     0.999
 3   132.452    -1.780     1.205
 3     0.513    -0.095    -0.853
 3     0.132     0.990    -0.030
 3     0.848    -0.098     0.521
 4   120.487    16.968    -4.053
 4     0.745    -0.645     0.172
 4     0.617     0.567    -0.546
 4     0.254     0.512     0.820
 5   120.802    25.853    23.148
 5     0.254    -0.719     0.649
 5     0.100    -0.646    -0.755
 5     0.962     0.255    -0.091
 6   132.303    25.741    46.847
 6     0.370    -0.696    -0.622
 6    -0.055     0.648    -0.757
 6     0.927     0.311     0.200
 7   117.010   -17.909    -4.536
 7     0.770     0.422     0.480
 7    -0.589     0.758     0.280
 7    -0.245    -0.497     0.832
 8   118.330   -26.209    20.305
 8     0.203     0.547     0.812
 8    -0.180    -0.794     0.579
 8     0.962    -0.263    -0.061
 9   130.133   -30.781    47.577
 9     0.354     0.761    -0.550
 9     0.103     0.548     0.828
 9     0.929    -0.347     0.114
 2    97.803   -18.801    59.111
 2     0.141    -0.990     0.007
 2     0.989     0.142     0.032
 2    -0.033     0.002     0.999
 3   132.347    -1.832     1.184
 3     0.514    -0.097    -0.852
 3     0.132     0.990    -0.032
 3     0.847    -0.097     0.522
 4   120.092    16.721    -4.107
 4     0.732    -0.660     0.173
 4     0.631     0.561    -0.536
 4     0.256     0.500     0.826
 5   119.604    23.908    23.634
 5     0.345    -0.446     0.828
 5     0.188    -0.830    -0.523
 5     0.919     0.335    -0.201
 6   135.639    30.748    43.451
 6     0.700    -0.713    -0.048
 6     0.145     0.205    -0.968
 6     0.699     0.670     0.248
 7   115.749   -18.041    -4.278
 7     0.736     0.449     0.508
 7    -0.614     0.758     0.221
 7    -0.285    -0.474     0.833
 8   117.403   -27.245    20.614
 8     0.294     0.282     0.913
 8    -0.316    -0.874     0.370
 8     0.902    -0.397    -0.167
 9   139.922   -30.207    37.457
 9     0.871     0.320    -0.374
 9     0.134     0.576     0.806
 9     0.473    -0.752     0.458
 2    97.803   -18.801    59.111
 2     0.141    -0.990     0.007
 2     0.989     0.142     0.032
 2    -0.033     0.002     0.999
 3   130.717    -2.322     0.904
 3     0.549    -0.106    -0.829
 3     0.140     0.989    -0.033
 3     0.823    -0.099     0.558
 4   117.963    16.242    -4.145
 4     0.751    -0.621     0.225
 4     0.635     0.587    -0.502
 4     0.180     0.519     0.835
 5   123.958    23.948    23.973
 5     0.645    -0.290     0.707
 5     0.215    -0.819    -0.531
 5     0.733     0.495    -0.467
 6   146.506    23.793    26.785
 6     0.981     0.141    -0.134
 6    -0.186     0.499    -0.847
 6    -0.053     0.855     0.514
 7   114.318   -18.505    -4.036
 7     0.750     0.323     0.577
 7    -0.539     0.804     0.251
 7    -0.383    -0.499     0.777
 8   125.868   -28.433    19.947
 8     0.635     0.491     0.597
 8    -0.156    -0.675     0.720
 8     0.756    -0.551    -0.352
 9   145.880   -11.567    22.154
 9     0.665    -0.672    -0.331
 9     0.745     0.579     0.327
 9    -0.031    -0.462     0.885
 2    97.803   -18.801    59.111
 2     0.141    -0.990     0.007
 2     0.989     0.142     0.032
 2    -0.033     0.002     0.999
 3   129.481    -2.196     0.357
 3     0.609    -0.173    -0.775
 3     0.164     0.982    -0.090
 3     0.776    -0.073     0.626
 4   117.413    15.933    -4.072
 4     0.812    -0.533     0.241
 4     0.572     0.640    -0.513
 4     0.119     0.553     0.824
 5   130.322    24.561    21.846
 5     0.753    -0.591     0.290
 5    -0.026    -0.467    -0.884
 5     0.657     0.657    -0.367
 6   148.169     7.706    26.095
 6     0.631     0.324    -0.713
 6    -0.774     0.313    -0.544
 6     0.050     0.893     0.443
 7   114.580   -18.775    -4.434
 7     0.807     0.133     0.575
 7    -0.390     0.851     0.351
 7    -0.443    -0.508     0.739
 8   131.380   -26.907    18.171
 8     0.755     0.573     0.319
 8     0.008    -0.494     0.869
 8     0.655    -0.654    -0.378
 9   146.087    -4.990    16.019
 9     0.338    -0.653    -0.683
 9     0.926     0.100     0.357
 9    -0.164    -0.751     0.637
 2    97.803   -18.801    59.111
 2     0.141    -0.990     0.007
 2     0.989     0.142     0.032
 2    -0.033     0.002     0.999
 3   129.433    -2.378     0.309
 3     0.613    -0.200    -0.765
 3     0.161     0.979    -0.124
 3     0.773    -0.048     0.631
 4   118.215    15.479    -4.191
 4     0.863    -0.461     0.206
 4     0.495     0.695    -0.521
 4     0.096     0.551     0.828
 5   134.873    23.550    19.143
 5     0.792    -0.608     0.058
 5    -0.102    -0.229    -0.968
 5     0.601     0.760    -0.242
 6   146.953     0.036    21.626
 6     0.264     0.722    -0.644
 6    -0.962     0.237    -0.123
 6     0.062     0.650     0.755
 7   114.255   -18.691    -4.583
 7     0.784     0.097     0.613
 7    -0.346     0.888     0.301
 7    -0.515    -0.449     0.730
 8   134.821   -26.045    15.468
 8     0.846     0.493     0.202
 8     0.059    -0.464     0.884
 8     0.530    -0.736    -0.422
 9   145.457    -0.641    12.449
 9     0.155    -0.652    -0.744
 9     0.974    -0.027     0.222
 9    -0.164    -0.758     0.630
 2    97.803   -18.801    59.111
 2     0.141    -0.990     0.007
 2     0.989     0.142     0.032
 2    -0.033     0.002     0.999
 3   129.525    -2.439     0.138
 3     0.630    -0.293    -0.721
 3     0.186     0.956    -0.224
 3     0.754     0.006     0.656
 4   118.221    14.940    -4.817
 4     0.873    -0.430     0.229
 4     0.486     0.734    -0.474
 4     0.036     0.524     0.850
 5   135.005    22.231    18.009
 5     0.769    -0.640     0.007
 5    -0.149    -0.194    -0.970
 5     0.622     0.743    -0.244
 6   143.370    -2.352    21.349
 6     0.118     0.565    -0.817
 6    -0.993     0.077    -0.087
 6     0.014     0.821     0.569
 7   114.941   -18.842    -4.680
 7     0.794     0.047     0.607
 7    -0.296     0.901     0.317
 7    -0.532    -0.431     0.729
 8   136.035   -23.462    16.117
 8     0.795     0.605     0.049
 8     0.212    -0.355     0.911
 8     0.568    -0.713    -0.410
 9   142.222     3.938    13.687
 9    -0.026    -0.635    -0.773
 9     0.993    -0.107     0.052
 9    -0.116    -0.765     0.632
 2    97.803   -18.801    59.111
 2     0.141    -0.990     0.007
 2     0.989     0.142     0.032
 2    -0.033     0.002     0.999
 3   129.641    -1.928     0.040
 3     0.632    -0.356    -0.690
 3     0.218     0.934    -0.280
 3     0.744     0.026     0.667
 4   117.978    14.806    -5.305
 4     0.862    -0.442     0.248
 4     0.506     0.732    -0.455
 4     0.019     0.517     0.855
 5   133.575    22.315    18.663
 5     0.714    -0.696     0.076
 5    -0.134    -0.245    -0.960
 5     0.687     0.675    -0.268
 6   143.073    -2.301    22.554
 6     0.189     0.434    -0.882
 6    -0.982     0.090    -0.162
 6     0.011     0.896     0.441
 7   115.336   -18.565    -4.837
 7     0.794     0.027     0.607
 7    -0.277     0.905     0.321
 7    -0.541    -0.424     0.727
 8   136.553   -23.449    15.938
 8     0.781     0.624     0.043
 8     0.211    -0.330     0.920
 8     0.588    -0.709    -0.389
 9   142.099     4.152    14.903
 9    -0.050    -0.542    -0.839
 9     0.995    -0.098     0.003
 9    -0.084    -0.835     0.544
 2    97.803   -18.801    59.111
 2     0.141    -0.990     0.007
 2     0.989     0.142     0.032
 2    -0.033     0.002     0.999
 3   130.007    -1.571    -0.025
 3     0.631    -0.393    -0.670
 3     0.232     0.919    -0.317
 3     0.739     0.044     0.671
 4   117.987    14.944    -5.273
 4     0.851    -0.461     0.251
 4     0.524     0.724    -0.449
 4     0.025     0.513     0.857
 5   132.908    22.340    19.236
 5     0.701    -0.702     0.123
 5    -0.129    -0.297    -0.946
 5     0.701     0.647    -0.299
 6   143.208    -1.966    23.103
 6     0.218     0.392    -0.896
 6    -0.976     0.087    -0.196
 6     0.003     0.916     0.400
 7   115.777   -18.308    -4.948
 7     0.798     0.023     0.602
 7    -0.267     0.910     0.318
 7    -0.541    -0.415     0.732
 8   136.845   -23.264    15.911
 8     0.774     0.631     0.040
 8     0.215    -0.324     0.921
 8     0.595    -0.704    -0.386
 9   142.181     4.334    14.965
 9    -0.054    -0.544    -0.837
 9     0.995    -0.096    -0.003
 9    -0.079    -0.833     0.547
 2    97.803   -18.801    59.111
 2     0.141    -0.990     0.007
 2     0.989     0.142     0.032
 2    -0.033     0.002     0.999
 3   130.124    -1.497    -0.068
 3     0.634    -0.394    -0.667
 3     0.232     0.918    -0.319
 3     0.737     0.048     0.673
 4   118.243    15.072    -5.277
 4     0.854    -0.459     0.247
 4     0.520     0.726    -0.451
 4     0.027     0.512     0.858
 5   133.039    22.190    19.493
 5     0.696    -0.705     0.131
 5    -0.138    -0.313    -0.940
 5     0.704     0.636    -0.315
 6   143.973    -1.831    23.292
 6     0.255     0.382    -0.890
 6    -0.967     0.088    -0.235
 6    -0.009     0.920     0.390
 7   115.819   -18.247    -4.940
 7     0.801     0.045     0.596
 7    -0.285     0.906     0.314
 7    -0.526    -0.422     0.739
 8   135.809   -22.885    16.967
 8     0.768     0.631     0.106
 8     0.223    -0.421     0.879
 8     0.600    -0.651    -0.464
 9   143.661     3.500    14.975
 9     0.047    -0.586    -0.810
 9     0.987    -0.096     0.124
 9    -0.150    -0.805     0.573
 2    97.803   -18.801    59.111
 2     0.141    -0.990     0.007
 2     0.989     0.142     0.032
 2    -0.033     0.002     0.999
 3   130.315    -1.488    -0.022
 3     0.625    -0.376    -0.686
 3     0.229     0.926    -0.297
 3     0.746     0.028     0.664
 4   118.393    15.206    -5.265
 4     0.846    -0.469     0.254
 4     0.532     0.716    -0.452
 4     0.030     0.517     0.855
 5   130.826    21.086    20.972
 5     0.705    -0.635     0.318
 5    -0.127    -0.553    -0.823
 5     0.697     0.540    -0.470
 6   147.031     3.285    21.226
 6     0.559     0.402    -0.732
 6    -0.806     0.055    -0.585
 6    -0.192     0.914     0.350
 7   116.010   -18.479    -4.593
 7     0.799     0.125     0.589
 7    -0.361     0.882     0.303
 7    -0.481    -0.455     0.749
 8   132.800   -23.129    19.307
 8     0.770     0.511     0.384
 8     0.117    -0.702     0.701
 8     0.627    -0.495    -0.601
 9   148.275    -5.545    12.775
 9     0.458    -0.683    -0.579
 9     0.807     0.045     0.583
 9    -0.372    -0.729     0.570
 2    97.803   -18.801    59.111
 2     0.141    -0.990     0.007
 2     0.989     0.142     0.032
 2    -0.033     0.002     0.999
 3   130.388    -1.763     0.319
 3     0.591    -0.268    -0.761
 3     0.204     0.962    -0.179
 3     0.780    -0.050     0.623
 4   118.492    15.604    -5.462
 4     0.831    -0.500     0.244
 4     0.551     0.687    -0.474
 4     0.069     0.527     0.846
 5   128.701    20.703    21.583
 5     0.686    -0.499     0.532
 5    -0.024    -0.744    -0.666
 5     0.727     0.445    -0.522
 6   148.744    14.060    21.877
 6     0.873     0.325    -0.370
 6    -0.400     0.045    -0.914
 6    -0.279     0.944     0.165
 7   114.800   -18.456    -4.367
 7     0.738     0.255     0.625
 7    -0.474     0.854     0.213
 7    -0.479    -0.454     0.751
 8   129.743   -24.825    19.710
 8     0.744     0.355     0.568
 8    -0.056    -0.812     0.580
 8     0.666    -0.464    -0.584
 9   151.834   -17.198    16.660
 9     0.832    -0.451    -0.329
 9     0.480     0.292     0.827
 9    -0.277    -0.844     0.456
 2    97.803   -18.801    59.111
 2     0.141    -0.990     0.007
 2     0.989     0.142     0.032
 2    -0.033     0.002     0.999
 3   130.434    -2.361     0.277
 3     0.598    -0.170    -0.783
 3     0.167     0.982    -0.085
 3     0.783    -0.081     0.615
 4   118.466    15.620    -5.830
 4     0.799    -0.548     0.248
 4     0.593     0.652    -0.472
 4     0.097     0.523     0.846
 5   126.851    20.795    21.976
 5     0.669    -0.343     0.661
 5     0.073    -0.853    -0.515
 5     0.739     0.392    -0.546
 6   146.433    24.704    23.300
 6     0.954     0.295     0.052
 6     0.041     0.047    -0.998
 6    -0.297     0.954     0.032
 7   113.438   -18.003    -4.324
 7     0.677     0.385     0.628
 7    -0.580     0.803     0.134
 7    -0.453    -0.455     0.766
 8   126.546   -25.236    20.515
 8     0.706     0.203     0.679
 8    -0.157    -0.889     0.428
 8     0.691    -0.409    -0.596
 9   150.425   -27.885    24.013
 9     0.985    -0.167    -0.027
 9     0.002    -0.146     0.989
 9    -0.169    -0.975    -0.146
 2    97.803   -18.801    59.111
 2     0.141    -0.990     0.007
 2     0.989     0.142     0.032
 2    -0.033     0.002     0.999
 3   130.189    -2.449     0.125
 3     0.599    -0.091    -0.796
 3     0.126     0.992    -0.018
 3     0.791    -0.090     0.605
 4   117.802    16.170    -5.454
 4     0.731    -0.639     0.242
 4     0.667     0.594    -0.449
 4     0.143     0.488     0.860
 5   124.487    21.301    22.758
 5     0.634    -0.154     0.759
 5     0.170    -0.929    -0.328
 5     0.755     0.337    -0.562
 6   141.926    32.615    26.262
 6     0.902     0.219     0.374
 6     0.370     0.051    -0.927
 6    -0.221     0.974    -0.033
 7   112.535   -17.426    -4.124
 7     0.628     0.485     0.609
 7    -0.657     0.749     0.080
 7    -0.417    -0.451     0.788
 8   122.737   -25.160    21.115
 8     0.616     0.040     0.787
 8    -0.259    -0.933     0.248
 8     0.744    -0.357    -0.564
 9   145.276   -34.330    29.024
 9     0.932    -0.164     0.322
 9    -0.357    -0.292     0.887
 9    -0.051    -0.942    -0.330
 2    97.803   -18.801    59.111
 2     0.141    -0.990     0.007
 2     0.989     0.142     0.032
 2    -0.033     0.002     0.999
 3   130.101    -2.223    -0.023
 3     0.591    -0.068    -0.803
 3     0.099     0.995    -0.011
 3     0.800    -0.073     0.595
 4   117.358    16.674    -5.037
 4     0.695    -0.682     0.230
 4     0.695     0.555    -0.455
 4     0.183     0.476     0.860
 5   122.747    21.673    23.319
 5     0.598    -0.025     0.801
 5     0.234    -0.951    -0.202
 5     0.766     0.308    -0.563
 6   138.550    36.077    28.367
 6     0.829     0.223     0.515
 6     0.531    -0.028    -0.846
 6    -0.173     0.974    -0.139
 7   112.321   -16.978    -4.234
 7     0.612     0.514     0.603
 7    -0.675     0.734     0.060
 7    -0.412    -0.444     0.796
 8   120.478   -24.803    21.067
 8     0.530    -0.023     0.847
 8    -0.300    -0.940     0.161
 8     0.793    -0.340    -0.505
 9   142.218   -35.874    31.435
 9     0.899    -0.131     0.419
 9    -0.436    -0.367     0.822
 9     0.046    -0.921    -0.385
 2    97.803   -18.801    59.111
 2     0.141    -0.990     0.007
 2     0.989     0.142     0.032
 2    -0.033     0.002     0.999
 3   130.015    -1.974    -0.132
 3     0.588    -0.071    -0.806
 3     0.079     0.996    -0.030
 3     0.805    -0.047     0.591
 4   117.293    17.082    -4.866
 4     0.681    -0.699     0.220
 4     0.701     0.535    -0.471
 4     0.211     0.474     0.854
 5   122.011    21.757    23.690
 5     0.580     0.055     0.812
 5     0.272    -0.954    -0.129
 5     0.768     0.296    -0.568
 6   136.773    37.759    28.683
 6     0.784     0.264     0.564
 6     0.596    -0.069    -0.799
 6    -0.171     0.962    -0.209
 7   112.436   -16.582    -4.634
 7     0.602     0.533     0.596
 7    -0.683     0.729     0.039
 7    -0.414    -0.430     0.802
 8   119.348   -24.530    20.631
 8     0.479    -0.031     0.877
 8    -0.314    -0.939     0.138
 8     0.819    -0.342    -0.459
 9   140.097   -36.552    32.966
 9     0.872    -0.074     0.483
 9    -0.473    -0.378     0.797
 9     0.123    -0.923    -0.363
 2    97.803   -18.801    59.111
 2     0.141    -0.990     0.007
 2     0.989     0.142     0.032
 2    -0.033     0.002     0.999
 3   130.143    -1.566    -0.102
 3     0.578    -0.069    -0.813
 3     0.062     0.997    -0.041
 3     0.813    -0.027     0.581
 4   117.123    17.484    -4.735
 4     0.660    -0.719     0.218
 4     0.716     0.515    -0.471
 4     0.227     0.466     0.855
 5   120.594    22.400    23.847
 5     0.529     0.141     0.837
 5     0.330    -0.943    -0.049
 5     0.782     0.302    -0.545
 6   134.019    40.142    31.255
 6     0.735     0.208     0.648
 6     0.676    -0.156    -0.719
 6    -0.047     0.966    -0.251
 7   112.468   -16.185    -4.743
 7     0.597     0.542     0.593
 7    -0.684     0.729     0.023
 7    -0.420    -0.419     0.804
 8   118.699   -24.462    20.203
 8     0.448    -0.032     0.893
 8    -0.324    -0.937     0.128
 8     0.833    -0.347    -0.431
 9   139.241   -36.849    33.251
 9     0.862    -0.052     0.505
 9    -0.485    -0.374     0.791
 9     0.147    -0.926    -0.346
 2    97.803   -18.801    59.111
 2     0.141    -0.990     0.007
 2     0.989     0.142     0.032
 2    -0.033     0.002     0.999
 3   130.107    -1.339    -0.074
 3     0.574    -0.068    -0.816
 3     0.052     0.997    -0.046
 3     0.817    -0.017     0.576
 4   117.114    17.671    -4.536
 4     0.654    -0.724     0.221
 4     0.719     0.503    -0.479
 4     0.236     0.471     0.849
 5   120.292    22.255    24.063
 5     0.504     0.149     0.851
 5     0.324    -0.946    -0.026
 5     0.800     0.289    -0.524
 6   133.651    39.964    33.625
 6     0.720     0.153     0.678
 6     0.692    -0.227    -0.685
 6     0.050     0.962    -0.265
 7   112.414   -16.061    -4.740
 7     0.596     0.544     0.592
 7    -0.684     0.728     0.018
 7    -0.421    -0.416     0.806
 8   118.654   -24.408    20.222
 8     0.448    -0.032     0.893
 8    -0.322    -0.938     0.127
 8     0.834    -0.344    -0.431
 9   139.092   -36.837    33.675
 9     0.852    -0.046     0.521
 9    -0.495    -0.390     0.776
 9     0.168    -0.919    -0.354
 2    97.803   -18.801    59.111
 2     0.141    -0.990     0.007
 2     0.989     0.142     0.032
 2    -0.033     0.002     0.999
 3   130.043    -1.271    -0.112
 3     0.579    -0.065    -0.813
 3     0.043     0.998    -0.049
 3     0.814    -0.007     0.580
 4   117.264    17.878    -4.263
 4     0.664    -0.717     0.216
 4     0.706     0.505    -0.496
 4     0.246     0.481     0.841
 5   120.576    22.080    24.328
 5     0.506     0.131     0.852
 5     0.303    -0.953    -0.033
 5     0.807     0.274    -0.522
 6   133.863    39.700    34.214
 6     0.722     0.147     0.677
 6     0.688    -0.243    -0.683
 6     0.066     0.959    -0.273
 7   112.392   -15.933    -4.742
 7     0.595     0.544     0.592
 7    -0.685     0.728     0.020
 7    -0.420    -0.417     0.805
 8   118.605   -24.307    20.190
 8     0.447    -0.027     0.894
 8    -0.321    -0.938     0.132
 8     0.835    -0.346    -0.428
 9   138.956   -36.699    33.973
 9     0.846    -0.052     0.530
 9    -0.501    -0.415     0.760
 9     0.180    -0.908    -0.376
 2    97.803   -18.801    59.111
 2     0.141    -0.990     0.007
 2     0.989     0.142     0.032
 2    -0.033     0.002     0.999
 3   129.979    -1.148    -0.107
 3     0.581    -0.076    -0.810
 3     0.041     0.997    -0.064
 3     0.812     0.004     0.583
 4   117.171    17.984    -4.174
 4     0.661    -0.718     0.217
 4     0.707     0.501    -0.499
 4     0.250     0.483     0.839
 5   120.290    22.142    24.457
 5     0.498     0.145     0.855
 5     0.307    -0.951    -0.017
 5     0.811     0.271    -0.518
 6   133.412    39.892    34.608
 6     0.715     0.140     0.687
 6     0.694    -0.251    -0.674
 6     0.079     0.958    -0.273
 7   112.394   -15.881    -4.746
 7     0.597     0.543     0.592
 7    -0.684     0.728     0.022
 7    -0.419    -0.418     0.806
 8   118.449   -24.234    20.005
 8     0.435    -0.017     0.900
 8    -0.322    -0.937     0.137
 8     0.841    -0.349    -0.413
 9   138.749   -36.371    34.473
 9     0.842    -0.040     0.538
 9    -0.497    -0.442     0.746
 9     0.208    -0.896    -0.391
 2    97.803   -18.801    59.111
 2     0.141    -0.990     0.007
 2     0.989     0.142     0.032
 2    -0.033     0.002     0.999
 3   130.145    -1.142    -0.077
 3     0.576    -0.079    -0.814
 3     0.042     0.997    -0.067
 3     0.816     0.004     0.577
 4   117.413    18.117    -4.144
 4     0.661    -0.720     0.212
 4     0.704     0.498    -0.505
 4     0.257     0.482     0.837
 5   120.322    22.169    24.466
 5     0.494     0.118     0.862
 5     0.298    -0.954    -0.039
 5     0.817     0.276    -0.505
 6   133.959    39.348    34.794
 6     0.742     0.122     0.660
 6     0.666    -0.251    -0.703
 6     0.081     0.960    -0.264
 7   112.824   -15.812    -4.799
 7     0.607     0.544     0.581
 7    -0.684     0.728     0.033
 7    -0.404    -0.418     0.813
 8   118.631   -24.359    20.088
 8     0.431    -0.008     0.902
 8    -0.319    -0.937     0.144
 8     0.844    -0.350    -0.406
 9   139.884   -35.374    34.129
 9     0.882    -0.036     0.471
 9    -0.435    -0.444     0.783
 9     0.182    -0.895    -0.406
 2    97.803   -18.801    59.112
 2     0.142    -0.990     0.006
 2     0.989     0.142     0.032
 2    -0.033     0.001     0.999
 3   130.313    -1.083     0.217
 3     0.577    -0.088    -0.812
 3     0.062     0.996    -0.063
 3     0.814    -0.014     0.580
 4   117.760    18.060    -4.133
 4     0.671    -0.712     0.208
 4     0.697     0.509    -0.505
 4     0.254     0.483     0.838
 5   120.748    22.275    24.506
 5     0.519    -0.004     0.855
 5     0.251    -0.955    -0.155
 5     0.817     0.295    -0.495
 6   136.870    36.611    33.538
 6     0.849     0.101     0.520
 6     0.528    -0.191    -0.827
 6     0.016     0.976    -0.213
 7   113.046   -16.020    -4.796
 7     0.626     0.530     0.572
 7    -0.674     0.736     0.055
 7    -0.392    -0.420     0.818
 8   119.571   -25.024    20.245
 8     0.474     0.061     0.878
 8    -0.308    -0.924     0.229
 8     0.824    -0.379    -0.420
 9   142.864   -31.734    32.335
 9     0.974     0.024     0.222
 9    -0.202    -0.326     0.923
 9     0.095    -0.945    -0.313
 2    97.803   -18.801    59.111
 2     0.141    -0.990     0.007
 2     0.989     0.142     0.032
 2    -0.033     0.002     0.999
 3   130.299    -1.158     0.273
 3     0.587    -0.101    -0.803
 3     0.089     0.994    -0.059
 3     0.804    -0.037     0.593
 4   117.883    17.916    -4.190
 4     0.686    -0.699     0.206
 4     0.687     0.527    -0.499
 4     0.240     0.483     0.842
 5   121.640    22.716    24.440
 5     0.572    -0.150     0.807
 5     0.199    -0.929    -0.312
 5     0.796     0.339    -0.501
 6   140.645    32.138    31.077
 6     0.953     0.121     0.278
 6     0.292    -0.120    -0.949
 6    -0.081     0.985    -0.150
 7   113.402   -16.270    -4.611
 7     0.664     0.490     0.566
 7    -0.641     0.762     0.093
 7    -0.385    -0.423     0.819
 8   121.875   -25.787    20.638
 8     0.570     0.182     0.802
 8    -0.261    -0.885     0.385
 8     0.779    -0.428    -0.457
 9   146.670   -25.412    29.452
 9     0.987    -0.000    -0.162
 9     0.158    -0.185     0.969
 9    -0.029    -0.983    -0.184
 2    97.803   -18.801    59.112
 2     0.141    -0.990     0.006
 2     0.989     0.142     0.032
 2    -0.033     0.001     0.999
 3   130.328    -1.198     0.438
 3     0.589    -0.116    -0.799
 3     0.125     0.991    -0.051
 3     0.798    -0.070     0.598
 4   117.725    17.534    -4.414
 4     0.698    -0.683     0.214
 4     0.683     0.547    -0.483
 4     0.213     0.483     0.849
 5   122.544    23.629    24.081
 5     0.621    -0.303     0.724
 5     0.144    -0.864    -0.482
 5     0.770     0.403    -0.493
 6   143.793    23.900    28.047
 6     0.978     0.161    -0.136
 6    -0.135    -0.011    -0.991
 6    -0.160     0.987     0.007
 7   113.310   -16.742    -4.426
 7     0.686     0.453     0.570
 7    -0.613     0.780     0.119
 7    -0.391    -0.431     0.812
 8   124.603   -26.908    20.304
 8     0.671     0.293     0.681
 8    -0.207    -0.808     0.550
 8     0.711    -0.511    -0.482
 9   148.652   -18.842    25.072
 9     0.853    -0.203    -0.484
 9     0.514     0.169     0.840
 9    -0.087    -0.965     0.245
 2    97.803   -18.801    59.111
 2     0.141    -0.990     0.007
 2     0.989     0.142     0.032
 2    -0.033     0.002     0.999
 3   130.116    -1.683     0.490
 3     0.599    -0.125    -0.791
 3     0.144     0.988    -0.046
 3     0.788    -0.087     0.609
 4   117.637    16.975    -4.627
 4     0.718    -0.664     0.212
 4     0.669     0.572    -0.473
 4     0.192     0.481     0.855
 5   124.472    24.165    23.358
 5     0.661    -0.448     0.603
 5     0.073    -0.760    -0.644
 5     0.747     0.470    -0.470
 6   145.132    16.157    26.090
 6     0.864     0.235    -0.452
 6    -0.484     0.138    -0.863
 6    -0.137     0.962     0.227
 7   113.351   -17.191    -4.238
 7     0.700     0.422     0.577
 7    -0.594     0.792     0.142
 7    -0.396    -0.442     0.804
 8   126.032   -26.902    20.240
 8     0.705     0.371     0.605
 8    -0.147    -0.758     0.634
 8     0.693    -0.537    -0.481
 9   148.489   -15.241    22.959
 9     0.763    -0.348    -0.552
 9     0.637     0.267     0.721
 9    -0.100    -0.899     0.419
 2    97.803   -18.801    59.112
 2     0.141    -0.990     0.006
 2     0.989     0.142     0.032
 2    -0.033     0.001     0.999
 3   130.210    -1.956     0.503
 3     0.596    -0.133    -0.792
 3     0.161     0.986    -0.044
 3     0.786    -0.102     0.608
 4   117.837    16.551    -4.756
 4     0.732    -0.649     0.209
 4     0.657     0.593    -0.464
 4     0.177     0.476     0.861
 5   125.704    24.302    23.054
 5     0.663    -0.537     0.523
 5     0.023    -0.681    -0.730
 5     0.748     0.497    -0.439
 6   145.600    12.827    26.771
 6     0.790     0.217    -0.579
 6    -0.611     0.193    -0.766
 6    -0.052     0.957     0.279
 7   113.533   -17.436    -4.170
 7     0.708     0.406     0.577
 7    -0.586     0.794     0.160
 7    -0.394    -0.451     0.800
 8   126.021   -26.903    20.372
 8     0.684     0.422     0.597
 8    -0.123    -0.738     0.662
 8     0.719    -0.526    -0.453
 9   148.011   -13.770    24.963
 9     0.726    -0.319    -0.617
 9     0.687     0.312     0.653
 9    -0.013    -0.895     0.439
 2    97.803   -18.801    59.111
 2     0.141    -0.990     0.007
 2     0.989     0.142     0.032
 2    -0.033     0.002     0.999
 3   130.414    -1.993     0.574
 3     0.584    -0.134    -0.801
 3     0.169     0.984    -0.040
 3     0.793    -0.113     0.597
 4   118.084    16.484    -4.784
 4     0.742    -0.638     0.207
 4     0.651     0.610    -0.452
 4     0.162     0.470     0.867
 5   125.848    24.366    23.008
 5     0.632    -0.600     0.492
 5    -0.007    -0.638    -0.769
 5     0.775     0.482    -0.407
 6   145.188    11.215    29.014
 6     0.749     0.103    -0.657
 6    -0.658     0.214    -0.721
 6     0.070     0.971     0.222
 7   114.162   -17.774    -4.097
 7     0.715     0.393     0.578
 7    -0.583     0.790     0.185
 7    -0.384    -0.469     0.795
 8   125.040   -26.718    20.782
 8     0.609     0.488     0.626
 8    -0.101    -0.734     0.670
 8     0.786    -0.472    -0.398
 9   147.299   -14.251    31.742
 9     0.724    -0.090    -0.687
 9     0.665     0.345     0.660
 9     0.180    -0.934     0.305
 2    97.803   -18.801    59.111
 2     0.141    -0.990     0.007
 2     0.989     0.142     0.032
 2    -0.033     0.002     0.999
 3   130.619    -2.008     0.720
 3     0.574    -0.128    -0.809
 3     0.171     0.984    -0.034
 3     0.800    -0.119     0.587
 4   118.409    16.446    -4.697
 4     0.750    -0.627     0.213
 4     0.644     0.619    -0.449
 4     0.150     0.473     0.868
 5   125.815    24.057    23.193
 5     0.605    -0.630     0.489
 5    -0.020    -0.624    -0.780
 5     0.796     0.462    -0.390
 6   145.130    10.964    30.775
 6     0.744     0.095    -0.666
 6    -0.643     0.366    -0.670
 6     0.183     0.925     0.328
 7   114.558   -17.933    -4.009
 7     0.720     0.385     0.578
 7    -0.588     0.780     0.212
 7    -0.369    -0.492     0.788
 8   124.598   -26.460    21.355
 8     0.575     0.495     0.652
 8    -0.092    -0.752     0.651
 8     0.812    -0.434    -0.387
 9   146.424   -13.579    31.026
 9     0.724    -0.214    -0.661
 9     0.672     0.423     0.604
 9     0.152    -0.881     0.444
 2    97.803   -18.801    59.111
 2     0.141    -0.990     0.007
 2     0.989     0.142     0.032
 2    -0.033     0.002     0.999
 3   130.713    -2.002     0.830
 3     0.569    -0.123    -0.813
 3     0.172     0.984    -0.028
 3     0.804    -0.124     0.581
 4   118.427    16.395    -4.751
 4     0.749    -0.625     0.222
 4     0.645     0.613    -0.456
 4     0.149     0.484     0.862
 5   125.659    24.116    23.190
 5     0.598    -0.630     0.496
 5    -0.020    -0.629    -0.776
 5     0.801     0.454    -0.389
 6   144.995    11.084    30.752
 6     0.745     0.112    -0.661
 6    -0.642     0.376    -0.666
 6     0.176     0.920     0.345
 7   114.717   -17.981    -4.017
 7     0.720     0.386     0.578
 7    -0.590     0.778     0.216
 7    -0.366    -0.496     0.787
 8   124.479   -26.225    21.450
 8     0.567     0.487     0.665
 8    -0.092    -0.764     0.637
 8     0.818    -0.423    -0.388
 9   146.411   -13.581    30.926
 9     0.722    -0.229    -0.659
 9     0.675     0.431     0.596
 9     0.150    -0.873     0.459
 2    97.803   -18.801    59.111
 2     0.141    -0.990     0.007
 2     0.989     0.142     0.032
 2    -0.033     0.002     0.999
 3   130.809    -2.005     0.835
 3     0.571    -0.120    -0.812
 3     0.169     0.985    -0.026
 3     0.803    -0.123     0.583
 4   118.584    16.396    -4.766
 4     0.755    -0.617     0.223
 4     0.637     0.612    -0.468
 4     0.153     0.495     0.855
 5   125.769    24.116    23.183
 5     0.595    -0.636     0.493
 5    -0.023    -0.625    -0.779
 5     0.803     0.453    -0.386
 6   145.060    11.037    30.865
 6     0.742     0.110    -0.666
 6    -0.645     0.380    -0.661
 6     0.182     0.918     0.347
 7   114.746   -17.927    -4.075
 7     0.721     0.386     0.576
 7    -0.589     0.777     0.217
 7    -0.364    -0.496     0.788
 8   124.433   -26.221    21.449
 8     0.568     0.484     0.666
 8    -0.088    -0.768     0.633
 8     0.818    -0.418    -0.394
 9   146.451   -13.430    30.929
 9     0.718    -0.238    -0.660
 9     0.679     0.433     0.588
 9     0.148    -0.870     0.467
];