% Calibrated with leiden_pols
% Positions are in centimeters
Data =[
 2    97.802   -18.801    59.162
 2     0.141    -0.990     0.007
 2     0.989     0.142     0.032
 2    -0.033     0.002     0.999
 3   132.357    -1.828     1.250
 3     0.510    -0.094    -0.855
 3     0.134     0.990    -0.029
 3     0.849    -0.100     0.517
 4   120.440    16.918    -4.004
 4     0.744    -0.646     0.171
 4     0.617     0.567    -0.545
 4     0.255     0.511     0.821
 5   120.752    25.928    23.149
 5     0.255    -0.721     0.646
 5     0.100    -0.643    -0.758
 5     0.962     0.256    -0.091
 6   132.407    25.614    46.814
 6     0.354    -0.664    -0.664
 6    -0.062     0.688    -0.720
 6     0.933     0.294     0.201
 7   117.008   -17.860    -4.533
 7     0.769     0.424     0.479
 7    -0.590     0.758     0.277
 7    -0.246    -0.495     0.833
 8   118.940   -26.906    20.231
 8     0.209     0.607     0.767
 8    -0.170    -0.750     0.639
 8     0.963    -0.264    -0.053
 9   130.097   -30.066    47.980
 9     0.268     0.691    -0.675
 9     0.123     0.667     0.732
 9     0.955    -0.277     0.092
 2    97.802   -18.801    59.162
 2     0.141    -0.990     0.007
 2     0.989     0.142     0.032
 2    -0.033     0.002     0.999
 3   132.357    -1.778     1.250
 3     0.510    -0.095    -0.855
 3     0.133     0.990    -0.030
 3     0.849    -0.099     0.518
 4   120.440    16.969    -3.954
 4     0.744    -0.646     0.171
 4     0.617     0.567    -0.545
 4     0.255     0.511     0.820
 5   120.752    25.928    23.149
 5     0.255    -0.721     0.646
 5     0.100    -0.644    -0.758
 5     0.962     0.256    -0.091
 6   132.401    25.560    46.771
 6     0.355    -0.663    -0.664
 6    -0.063     0.688    -0.720
 6     0.932     0.295     0.201
 7   117.007   -17.859    -4.534
 7     0.770     0.423     0.479
 7    -0.589     0.758     0.277
 7    -0.246    -0.495     0.833
 8   118.940   -26.906    20.231
 8     0.209     0.608     0.767
 8    -0.170    -0.749     0.639
 8     0.963    -0.264    -0.053
 9   130.096   -30.067    47.929
 9     0.269     0.691    -0.675
 9     0.123     0.668     0.732
 9     0.955    -0.276     0.093
 2    97.802   -18.801    59.162
 2     0.141    -0.990     0.007
 2     0.989     0.142     0.032
 2    -0.033     0.002     0.999
 3   132.407    -1.778     1.250
 3     0.511    -0.095    -0.854
 3     0.133     0.990    -0.030
 3     0.849    -0.099     0.518
 4   120.440    16.969    -3.954
 4     0.744    -0.646     0.171
 4     0.617     0.567    -0.546
 4     0.255     0.511     0.820
 5   120.753    25.927    23.126
 5     0.254    -0.722     0.645
 5     0.100    -0.642    -0.759
 5     0.962     0.255    -0.089
 6   132.408    25.562    46.763
 6     0.354    -0.662    -0.666
 6    -0.063     0.689    -0.719
 6     0.933     0.294     0.201
 7   117.058   -17.859    -4.533
 7     0.769     0.423     0.479
 7    -0.589     0.758     0.277
 7    -0.246    -0.495     0.832
 8   118.963   -26.957    20.179
 8     0.210     0.609     0.766
 8    -0.170    -0.748     0.641
 8     0.963    -0.263    -0.052
 9   130.095   -30.066    47.980
 9     0.268     0.690    -0.676
 9     0.123     0.669     0.731
 9     0.955    -0.276     0.093
 2    97.802   -18.801    59.162
 2     0.141    -0.990     0.007
 2     0.989     0.142     0.032
 2    -0.033     0.002     0.999
 3   132.407    -1.753     1.199
 3     0.511    -0.094    -0.854
 3     0.133     0.990    -0.030
 3     0.849    -0.099     0.519
 4   120.490    16.968    -4.055
 4     0.745    -0.645     0.171
 4     0.616     0.567    -0.546
 4     0.255     0.511     0.820
 5   120.803    25.927    23.127
 5     0.254    -0.724     0.644
 5     0.100    -0.641    -0.760
 5     0.962     0.256    -0.089
 6   132.415    25.564    46.806
 6     0.352    -0.662    -0.667
 6    -0.063     0.691    -0.717
 6     0.934     0.292     0.200
 7   117.008   -17.910    -4.533
 7     0.769     0.423     0.480
 7    -0.589     0.759     0.277
 7    -0.246    -0.495     0.832
 8   118.963   -26.957    20.180
 8     0.209     0.609     0.766
 8    -0.170    -0.748     0.640
 8     0.963    -0.263    -0.052
 9   130.096   -30.066    47.929
 9     0.268     0.690    -0.676
 9     0.123     0.669     0.731
 9     0.955    -0.276     0.093
 2    97.803   -18.801    59.111
 2     0.141    -0.990     0.007
 2     0.989     0.142     0.032
 2    -0.033     0.002     0.999
 3   132.452    -1.780     1.205
 3     0.513    -0.095    -0.853
 3     0.132     0.990    -0.030
 3     0.848    -0.098     0.521
 4   120.487    16.968    -4.053
 4     0.745    -0.645     0.172
 4     0.617     0.567    -0.546
 4     0.254     0.512     0.820
 5   120.802    25.853    23.148
 5     0.254    -0.719     0.649
 5     0.100    -0.646    -0.755
 5     0.962     0.255    -0.091
 6   132.303    25.741    46.847
 6     0.370    -0.696    -0.622
 6    -0.055     0.648    -0.757
 6     0.927     0.311     0.200
 7   117.010   -17.909    -4.536
 7     0.770     0.422     0.480
 7    -0.589     0.758     0.280
 7    -0.245    -0.497     0.832
 8   118.330   -26.209    20.305
 8     0.203     0.547     0.812
 8    -0.180    -0.794     0.579
 8     0.962    -0.263    -0.061
 9   130.133   -30.781    47.577
 9     0.354     0.761    -0.550
 9     0.103     0.548     0.828
 9     0.929    -0.347     0.114
 2    97.803   -18.801    59.111
 2     0.141    -0.990     0.007
 2     0.989     0.142     0.032
 2    -0.033     0.002     0.999
 3   132.347    -1.832     1.184
 3     0.514    -0.097    -0.852
 3     0.132     0.990    -0.032
 3     0.847    -0.097     0.522
 4   120.092    16.721    -4.107
 4     0.732    -0.660     0.173
 4     0.631     0.561    -0.536
 4     0.256     0.500     0.826
 5   119.604    23.908    23.634
 5     0.345    -0.446     0.828
 5     0.188    -0.830    -0.523
 5     0.919     0.335    -0.201
 6   135.639    30.748    43.451
 6     0.700    -0.713    -0.048
 6     0.145     0.205    -0.968
 6     0.699     0.670     0.248
 7   115.749   -18.041    -4.278
 7     0.736     0.449     0.508
 7    -0.614     0.758     0.221
 7    -0.285    -0.474     0.833
 8   117.403   -27.245    20.614
 8     0.294     0.282     0.913
 8    -0.316    -0.874     0.370
 8     0.902    -0.397    -0.167
 9   139.922   -30.207    37.457
 9     0.871     0.320    -0.374
 9     0.134     0.576     0.806
 9     0.473    -0.752     0.458
 2    97.803   -18.801    59.111
 2     0.141    -0.990     0.007
 2     0.989     0.142     0.032
 2    -0.033     0.002     0.999
 3   130.717    -2.322     0.904
 3     0.549    -0.106    -0.829
 3     0.140     0.989    -0.033
 3     0.823    -0.099     0.558
 4   117.963    16.242    -4.145
 4     0.751    -0.621     0.225
 4     0.635     0.587    -0.502
 4     0.180     0.519     0.835
 5   123.958    23.948    23.973
 5     0.645    -0.290     0.707
 5     0.215    -0.819    -0.531
 5     0.733     0.495    -0.467
 6   146.506    23.793    26.785
 6     0.981     0.141    -0.134
 6    -0.186     0.499    -0.847
 6    -0.053     0.855     0.514
 7   114.318   -18.505    -4.036
 7     0.750     0.323     0.577
 7    -0.539     0.804     0.251
 7    -0.383    -0.499     0.777
 8   125.868   -28.433    19.947
 8     0.635     0.491     0.597
 8    -0.156    -0.675     0.720
 8     0.756    -0.551    -0.352
 9   145.880   -11.567    22.154
 9     0.665    -0.672    -0.331
 9     0.745     0.579     0.327
 9    -0.031    -0.462     0.885
 2    97.803   -18.801    59.111
 2     0.141    -0.990     0.007
 2     0.989     0.142     0.032
 2    -0.033     0.002     0.999
 3   129.481    -2.196     0.357
 3     0.609    -0.173    -0.775
 3     0.164     0.982    -0.090
 3     0.776    -0.073     0.626
 4   117.413    15.933    -4.072
 4     0.812    -0.533     0.241
 4     0.572     0.640    -0.513
 4     0.119     0.553     0.824
 5   130.322    24.561    21.846
 5     0.753    -0.591     0.290
 5    -0.026    -0.467    -0.884
 5     0.657     0.657    -0.367
