% Calibrated with leiden_pols
% Positions are in centimeters
Data =[
 2    98.202   -18.860    59.195
 2     0.571    -0.821     0.005
 2     0.820     0.570     0.032
 2    -0.028    -0.015     0.999
 3   131.379    -2.074     0.667
 3     0.524    -0.092    -0.847
 3     0.122     0.992    -0.032
 3     0.843    -0.087     0.531
 4   118.188    16.119    -5.217
 4     0.748    -0.625     0.225
 4     0.639     0.584    -0.500
 4     0.181     0.517     0.836
 5   120.903    26.297    21.270
 5     0.297    -0.713     0.637
 5     0.160    -0.619    -0.768
 5     0.941     0.329    -0.068
 6   134.623    25.406    43.805
 6     0.443    -0.569    -0.696
 6    -0.079     0.746    -0.659
 6     0.892     0.345     0.285
 7   116.028   -18.486    -3.979
 7     0.751     0.438     0.496
 7    -0.620     0.724     0.301
 7    -0.227    -0.533     0.814
 8   119.678   -27.126    21.055
 8     0.257     0.551     0.795
 8    -0.184    -0.779     0.598
 8     0.948    -0.299    -0.098
 9   132.831   -30.143    47.726
 9     0.390     0.699    -0.605
 9     0.120     0.608     0.782
 9     0.913    -0.375     0.152
 2    98.202   -18.860    59.195
 2     0.571    -0.821     0.004
 2     0.820     0.570     0.032
 2    -0.028    -0.015     0.999
 3   131.395    -2.027     0.627
 3     0.527    -0.091    -0.845
 3     0.120     0.992    -0.032
 3     0.841    -0.085     0.534
 4   118.236    16.143    -5.215
 4     0.748    -0.624     0.226
 4     0.638     0.585    -0.500
 4     0.180     0.518     0.836
 5   120.936    26.350    21.260
 5     0.297    -0.713     0.638
 5     0.159    -0.620    -0.767
 5     0.942     0.328    -0.069
 6   134.629    25.408    43.723
 6     0.443    -0.568    -0.697
 6    -0.079     0.747    -0.657
 6     0.893     0.344     0.286
 7   116.078   -18.486    -3.979
 7     0.751     0.437     0.496
 7    -0.620     0.724     0.302
 7    -0.227    -0.534     0.814
 8   119.735   -27.125    21.019
 8     0.257     0.552     0.794
 8    -0.184    -0.778     0.599
 8     0.949    -0.298    -0.097
 9   132.880   -30.144    47.726
 9     0.389     0.699    -0.606
 9     0.119     0.610     0.781
 9     0.913    -0.373     0.153
 2    98.202   -18.860    59.195
 2     0.571    -0.822     0.005
 2     0.820     0.570     0.032
 2    -0.028    -0.015     0.999
 3   131.390    -2.029     0.582
 3     0.529    -0.090    -0.844
 3     0.118     0.992    -0.032
 3     0.840    -0.083     0.535
 4   118.236    16.143    -5.266
 4     0.748    -0.624     0.226
 4     0.638     0.585    -0.501
 4     0.180     0.518     0.835
 5   120.936    26.350    21.261
 5     0.296    -0.713     0.638
 5     0.159    -0.620    -0.767
 5     0.942     0.328    -0.068
 6   134.655    25.433    43.749
 6     0.442    -0.567    -0.699
 6    -0.079     0.749    -0.656
 6     0.893     0.343     0.286
 7   116.026   -18.511    -4.027
 7     0.751     0.435     0.497
 7    -0.619     0.724     0.303
 7    -0.228    -0.535     0.813
 8   119.734   -27.124    21.019
 8     0.257     0.554     0.793
 8    -0.183    -0.777     0.601
 8     0.949    -0.298    -0.097
 9   132.836   -30.142    47.718
 9     0.387     0.698    -0.608
 9     0.119     0.611     0.780
 9     0.914    -0.372     0.152
 2    98.202   -18.860    59.195
 2     0.571    -0.821     0.005
 2     0.820     0.570     0.032
 2    -0.028    -0.015     0.999
 3   131.436    -2.031     0.536
 3     0.531    -0.089    -0.843
 3     0.117     0.992    -0.031
 3     0.839    -0.082     0.537
 4   118.286    16.143    -5.266
 4     0.749    -0.623     0.226
 4     0.637     0.585    -0.501
 4     0.180     0.519     0.835
 5   120.936    26.299    21.210
 5     0.296    -0.713     0.638
 5     0.159    -0.620    -0.767
 5     0.942     0.327    -0.068
 6   134.655    25.408    43.724
 6     0.443    -0.566    -0.699
 6    -0.079     0.749    -0.655
 6     0.893     0.343     0.286
 7   116.027   -18.511    -4.026
 7     0.751     0.435     0.497
 7    -0.620     0.723     0.303
 7    -0.228    -0.536     0.812
 8   119.735   -27.125    21.019
 8     0.256     0.554     0.794
 8    -0.183    -0.778     0.600
 8     0.949    -0.298    -0.097
 9   132.836   -30.141    47.718
 9     0.386     0.699    -0.608
 9     0.120     0.611     0.779
 9     0.914    -0.372     0.151
 2    98.202   -18.860    59.195
 2     0.571    -0.822     0.004
 2     0.820     0.570     0.032
 2    -0.028    -0.015     0.999
 3   131.436    -2.031     0.537
 3     0.530    -0.090    -0.843
 3     0.117     0.992    -0.031
 3     0.839    -0.083     0.537
 4   118.286    16.143    -5.266
 4     0.749    -0.623     0.226
 4     0.638     0.585    -0.501
 4     0.180     0.518     0.835
 5   120.936    26.299    21.261
 5     0.296    -0.713     0.638
 5     0.159    -0.620    -0.767
 5     0.942     0.328    -0.068
 6   134.654    25.433    43.723
 6     0.443    -0.567    -0.699
 6    -0.079     0.749    -0.656
 6     0.893     0.344     0.286
 7   116.079   -18.510    -4.030
 7     0.752     0.435     0.497
 7    -0.619     0.724     0.304
 7    -0.227    -0.536     0.813
 8   119.735   -27.125    21.019
 8     0.256     0.553     0.794
 8    -0.183    -0.778     0.600
 8     0.949    -0.297    -0.097
 9   132.836   -30.141    47.769
 9     0.387     0.700    -0.607
 9     0.121     0.609     0.781
 9     0.914    -0.373     0.150
 2    98.202   -18.860    59.195
 2     0.571    -0.821     0.004
 2     0.820     0.570     0.032
 2    -0.028    -0.015     0.999
 3   131.395    -2.027     0.627
 3     0.527    -0.091    -0.845
 3     0.119     0.992    -0.032
 3     0.841    -0.084     0.533
 4   118.236    16.143    -5.215
 4     0.748    -0.624     0.226
 4     0.638     0.584    -0.500
 4     0.180     0.518     0.836
 5   120.927    26.348    21.320
 5     0.297    -0.712     0.638
 5     0.160    -0.620    -0.767
 5     0.941     0.329    -0.069
 6   134.648    25.432    43.755
 6     0.444    -0.569    -0.696
 6    -0.079     0.746    -0.658
 6     0.892     0.345     0.286
 7   116.032   -18.483    -3.986
 7     0.753     0.436     0.494
 7    -0.619     0.724     0.304
 7    -0.225    -0.534     0.814
 8   119.686   -27.124    21.045
 8     0.256     0.552     0.795
 8    -0.183    -0.779     0.598
 8     0.949    -0.297    -0.098
 9   132.832   -30.142    47.777
 9     0.389     0.700    -0.605
 9     0.122     0.607     0.782
 9     0.913    -0.375     0.149
 2    98.202   -18.860    59.195
 2     0.571    -0.822     0.004
 2     0.820     0.570     0.032
 2    -0.028    -0.015     0.999
 3   131.379    -2.023     0.667
 3     0.524    -0.094    -0.847
 3     0.121     0.992    -0.034
 3     0.843    -0.086     0.531
 4   118.140    16.146    -5.170
 4     0.746    -0.627     0.226
 4     0.640     0.583    -0.500
 4     0.182     0.517     0.836
 5   120.844    26.220    21.377
 5     0.300    -0.707     0.643
 5     0.162    -0.625    -0.762
 5     0.940     0.332    -0.071
 6   134.641    25.431    43.760
 6     0.447    -0.571    -0.693
 6    -0.079     0.743    -0.662
 6     0.891     0.348     0.286
 7   116.136   -18.481    -3.967
 7     0.754     0.436     0.493
 7    -0.618     0.723     0.306
 7    -0.223    -0.535     0.814
 8   119.596   -27.158    20.650
 8     0.242     0.552     0.799
 8    -0.202    -0.776     0.596
 8     0.949    -0.305    -0.075
 9   132.729   -30.220    47.500
 9     0.386     0.677    -0.632
 9     0.117     0.639     0.757
 9     0.915    -0.364     0.166
 2    98.202   -18.860    59.195
 2     0.571    -0.821     0.005
 2     0.820     0.570     0.032
 2    -0.028    -0.015     0.999
 3   131.780    -2.003     0.890
 3     0.509    -0.109    -0.854
 3     0.140     0.989    -0.042
 3     0.849    -0.099     0.518
 4   118.457    15.798    -5.296
 4     0.721    -0.658     0.221
 4     0.670     0.579    -0.464
 4     0.177     0.481     0.858
 5   120.557    25.826    20.783
 5     0.250    -0.666     0.704
 5     0.201    -0.675    -0.709
 5     0.947     0.317    -0.034
 6   134.094    26.423    43.540
 6     0.427    -0.539    -0.729
 6    -0.017     0.799    -0.598
 6     0.904     0.266     0.331
 7   117.844   -18.766    -4.032
 7     0.770     0.428     0.473
 7    -0.601     0.735     0.314
 7    -0.214    -0.526     0.822
 8   118.610   -28.759    18.940
 8     0.093     0.621     0.778
 8    -0.264    -0.738     0.620
 8     0.960    -0.262     0.096
 9   128.562   -31.669    47.352
 9     0.229     0.575    -0.788
 9     0.107     0.788     0.604
 9     0.967    -0.221     0.118
 2    98.202   -18.860    59.195
 2     0.571    -0.821     0.004
 2     0.820     0.570     0.032
 2    -0.028    -0.015     0.999
 3   133.207    -2.120     1.236
 3     0.449    -0.120    -0.885
 3     0.149     0.987    -0.058
 3     0.881    -0.106     0.461
 4   119.685    15.475    -5.392
 4     0.689    -0.699     0.193
 4     0.697     0.565    -0.440
 4     0.198     0.437     0.877
 5   117.380    25.536    19.706
 5     0.049    -0.614     0.789
 5     0.239    -0.759    -0.605
 5     0.970     0.216     0.111
 6   126.630    28.094    44.613
 6     0.222    -0.593    -0.776
 6     0.044     0.799    -0.597
 6     0.974     0.095     0.202
 7   120.075   -19.249    -4.266
 7     0.790     0.459     0.406
 7    -0.591     0.745     0.308
 7    -0.161    -0.483     0.860
 8   115.546   -30.356    16.828
 8    -0.139     0.652     0.745
 8    -0.301    -0.744     0.596
 8     0.943    -0.141     0.300
 9   119.748   -32.500    47.156
 9    -0.027     0.536    -0.844
 9     0.115     0.840     0.529
 9     0.993    -0.082    -0.085
 2    98.202   -18.910    59.195
 2     0.571    -0.821     0.004
 2     0.820     0.570     0.032
 2    -0.028    -0.015     0.999
 3   134.239    -2.294     1.708
 3     0.385    -0.102    -0.917
 3     0.133     0.989    -0.054
 3     0.913    -0.102     0.395
 4   122.148    15.831    -5.393
 4     0.693    -0.706     0.150
 4     0.660     0.536    -0.525
 4     0.290     0.462     0.838
 5   114.556    26.606    18.045
 5    -0.179    -0.645     0.743
 5     0.281    -0.757    -0.590
 5     0.943     0.103     0.316
 6   120.454    28.283    43.764
 6     0.045    -0.553    -0.833
 6     0.015     0.833    -0.552
 6     0.999     0.011     0.045
 7   122.088   -19.223    -4.558
 7     0.805     0.509     0.308
 7    -0.590     0.745     0.312
 7    -0.070    -0.432     0.898
 8   112.795   -31.053    14.744
 8    -0.349     0.688     0.637
 8    -0.312    -0.726     0.613
 8     0.883     0.016     0.467
 9   111.047   -31.555    46.033
 9    -0.237     0.471    -0.850
 9     0.161     0.881     0.444
 9     0.958    -0.031    -0.285
 2    98.202   -18.860    59.195
 2     0.571    -0.822     0.004
 2     0.820     0.570     0.032
 2    -0.028    -0.015     0.999
 3   134.480    -2.047     2.004
 3     0.360    -0.105    -0.927
 3     0.125     0.990    -0.062
 3     0.924    -0.094     0.369
 4   122.953    16.362    -5.353
 4     0.664    -0.737     0.128
 4     0.667     0.506    -0.545
 4     0.336     0.447     0.828
 5   112.214    26.673    16.647
 5    -0.318    -0.645     0.695
 5     0.274    -0.764    -0.584
 5     0.907     0.005     0.419
 6   115.047    26.090    42.654
 6    -0.062    -0.533    -0.844
 6    -0.042     0.846    -0.531
 6     0.997     0.001    -0.076
 7   122.947   -18.821    -4.877
 7     0.806     0.551     0.220
 7    -0.592     0.750     0.293
 7    -0.004    -0.366     0.930
 8   110.602   -31.351    12.483
 8    -0.493     0.686     0.536
 8    -0.333    -0.717     0.612
 8     0.804     0.123     0.581
 9   104.397   -30.788    43.513
 9    -0.377     0.422    -0.825
 9     0.196     0.906     0.374
 9     0.905    -0.021    -0.424
 2    98.202   -18.860    59.195
 2     0.571    -0.822     0.004
 2     0.821     0.569     0.032
 2    -0.028    -0.015     0.999
 3   134.537    -1.814     2.024
 3     0.343    -0.102    -0.934
 3     0.104     0.992    -0.069
 3     0.933    -0.074     0.351
 4   123.329    16.813    -5.121
 4     0.634    -0.766     0.104
 4     0.674     0.482    -0.560
 4     0.378     0.425     0.822
 5   110.602    26.452    16.216
 5    -0.410    -0.618     0.671
 5     0.256    -0.784    -0.566
 5     0.875    -0.060     0.479
 6   114.146    25.521    43.594
 6    -0.124    -0.548    -0.827
 6    -0.065     0.836    -0.544
 6     0.990    -0.015    -0.140
 7   123.098   -18.461    -5.114
 7     0.789     0.592     0.164
 7    -0.612     0.737     0.286
 7     0.049    -0.325     0.944
 8   108.820   -30.753    11.202
 8    -0.572     0.644     0.508
 8    -0.324    -0.746     0.581
 8     0.753     0.167     0.635
 9    98.996   -29.702    39.363
 9    -0.446     0.423    -0.789
 9     0.188     0.906     0.379
 9     0.875     0.020    -0.484
 2    98.202   -18.860    59.195
 2     0.571    -0.822     0.004
 2     0.821     0.569     0.032
 2    -0.028    -0.015     0.999
 3   134.432    -1.792     1.995
 3     0.339    -0.095    -0.936
 3     0.091     0.993    -0.067
 3     0.936    -0.063     0.345
 4   123.367    16.907    -5.068
 4     0.620    -0.779     0.097
 4     0.679     0.469    -0.565
 4     0.394     0.416     0.819
 5   109.658    25.681    15.783
 5    -0.441    -0.560     0.701
 5     0.251    -0.827    -0.503
 5     0.861    -0.046     0.505
 6   112.575    26.224    43.376
 6    -0.145    -0.674    -0.725
 6    -0.007     0.732    -0.680
 6     0.989    -0.095    -0.112
 7   123.213   -18.452    -5.163
 7     0.780     0.608     0.151
 7    -0.622     0.726     0.292
 7     0.067    -0.322     0.944
 8   108.689   -30.282    11.000
 8    -0.596     0.628     0.501
 8    -0.311    -0.755     0.577
 8     0.740     0.188     0.645
 9    97.746   -29.447    38.793
 9    -0.487     0.374    -0.789
 9     0.172     0.927     0.333
 9     0.856     0.026    -0.516
 2    98.204   -18.859    59.192
 2     0.571    -0.822     0.004
 2     0.820     0.570     0.031
 2    -0.027    -0.015     0.999
 3   134.535    -1.636     2.059
 3     0.331    -0.093    -0.939
 3     0.084     0.994    -0.068
 3     0.940    -0.057     0.336
 4   123.590    16.967    -4.968
 4     0.615    -0.784     0.091
 4     0.677     0.465    -0.570
 4     0.403     0.412     0.817
 5   109.641    25.890    15.437
 5    -0.464    -0.565     0.682
 5     0.259    -0.823    -0.506
 5     0.847    -0.058     0.527
 6   109.035    28.172    42.596
 6    -0.215    -0.641    -0.737
 6     0.022     0.750    -0.660
 6     0.976    -0.159    -0.148
 7   123.287   -18.272    -5.324
 7     0.769     0.625     0.140
 7    -0.635     0.717     0.287
 7     0.079    -0.309     0.948
 8   108.039   -29.916    10.450
 8    -0.624     0.609     0.490
 8    -0.306    -0.767     0.564
 8     0.719     0.202     0.665
 9    95.871   -29.370    37.767
 9    -0.534     0.303    -0.789
 9     0.154     0.953     0.262
 9     0.831     0.018    -0.555
 2    98.202   -18.860    59.195
 2     0.571    -0.822     0.004
 2     0.821     0.569     0.032
 2    -0.028    -0.015     0.999
 3   134.431    -1.609     2.054
 3     0.324    -0.093    -0.941
 3     0.077     0.994    -0.071
 3     0.943    -0.050     0.329
 4   123.603    17.213    -5.119
 4     0.601    -0.795     0.086
 4     0.681     0.451    -0.576
 4     0.419     0.404     0.813
 5   108.546    25.683    14.653
 5    -0.512    -0.553     0.658
 5     0.247    -0.828    -0.504
 5     0.823    -0.095     0.560
 6   106.657    27.692    41.807
 6    -0.264    -0.629    -0.731
 6     0.008     0.756    -0.654
 6     0.964    -0.179    -0.195
 7   123.259   -18.017    -5.512
 7     0.757     0.642     0.124
 7    -0.647     0.709     0.280
 7     0.091    -0.292     0.952
 8   107.259   -29.476     9.687
 8    -0.653     0.586     0.481
 8    -0.303    -0.783     0.543
 8     0.694     0.208     0.688
 9    94.208   -29.095    36.637
 9    -0.562     0.291    -0.774
 9     0.150     0.956     0.250
 9     0.813     0.024    -0.581
 2    98.202   -18.860    59.195
 2     0.571    -0.822     0.004
 2     0.820     0.570     0.032
 2    -0.028    -0.015     0.999
 3   134.328    -1.509     2.201
 3     0.315    -0.089    -0.945
 3     0.066     0.995    -0.071
 3     0.946    -0.041     0.319
 4   123.811    17.302    -5.107
 4     0.593    -0.802     0.075
 4     0.679     0.447    -0.582
 4     0.432     0.396     0.810
 5   108.037    25.830    14.077
 5    -0.548    -0.548     0.632
 5     0.250    -0.828    -0.501
 5     0.798    -0.117     0.591
 6   105.166    27.824    41.114
 6    -0.303    -0.613    -0.730
 6     0.005     0.764    -0.644
 6     0.953    -0.200    -0.228
 7   123.223   -17.917    -5.551
 7     0.746     0.656     0.120
 7    -0.659     0.698     0.277
 7     0.097    -0.286     0.953
 8   107.007   -29.362     9.451
 8    -0.662     0.576     0.479
 8    -0.303    -0.790     0.533
 8     0.685     0.208     0.697
 9    93.717   -29.205    36.272
 9    -0.575     0.274    -0.771
 9     0.138     0.961     0.238
 9     0.806     0.030    -0.590
 2    98.202   -18.860    59.195
 2     0.571    -0.822     0.004
 2     0.820     0.570     0.032
 2    -0.028    -0.015     0.999
 3   134.185    -1.460     2.240
 3     0.315    -0.089    -0.945
 3     0.062     0.995    -0.072
 3     0.947    -0.037     0.319
 4   123.666    17.366    -4.916
 4     0.582    -0.811     0.071
 4     0.681     0.437    -0.588
 4     0.444     0.390     0.806
 5   107.365    25.508    13.766
 5    -0.577    -0.536     0.617
 5     0.235    -0.832    -0.503
 5     0.782    -0.145     0.606
 6   105.775    25.545    41.404
 6    -0.327    -0.593    -0.736
 6    -0.022     0.783    -0.621
 6     0.945    -0.188    -0.269
 7   123.209   -17.789    -5.611
 7     0.743     0.659     0.121
 7    -0.662     0.694     0.281
 7     0.101    -0.289     0.952
 8   106.759   -29.095     9.135
 8    -0.671     0.568     0.477
 8    -0.302    -0.796     0.524
 8     0.677     0.208     0.705
 9    93.156   -28.937    35.873
 9    -0.587     0.266    -0.765
 9     0.138     0.963     0.229
 9     0.798     0.029    -0.602
 2    98.202   -18.860    59.195
 2     0.571    -0.822     0.004
 2     0.821     0.569     0.032
 2    -0.028    -0.015     0.999
 3   134.132    -1.289     2.185
 3     0.316    -0.087    -0.945
 3     0.054     0.996    -0.073
 3     0.947    -0.028     0.319
 4   123.725    17.607    -4.786
 4     0.578    -0.813     0.068
 4     0.674     0.429    -0.600
 4     0.458     0.393     0.797
 5   107.208    25.701    13.705
 5    -0.588    -0.536     0.607
 5     0.236    -0.830    -0.505
 5     0.774    -0.153     0.614
 6   104.921    25.831    41.299
 6    -0.351    -0.569    -0.743
 6    -0.019     0.798    -0.602
 6     0.936    -0.198    -0.291
 7   122.850   -17.446    -5.769
 7     0.731     0.670     0.128
 7    -0.675     0.684     0.274
 7     0.096    -0.287     0.953
 8   106.343   -28.851     8.790
 8    -0.678     0.557     0.480
 8    -0.302    -0.805     0.510
 8     0.670     0.201     0.714
 9    92.149   -28.805    35.091
 9    -0.609     0.190    -0.770
 9     0.117     0.981     0.150
 9     0.784     0.001    -0.620
 2    98.202   -18.910    59.195
 2     0.571    -0.821     0.004
 2     0.820     0.570     0.032
 2    -0.028    -0.015     0.999
 3   134.050    -1.274     2.167
 3     0.320    -0.078    -0.944
 3     0.046     0.997    -0.067
 3     0.946    -0.022     0.322
 4   123.735    17.746    -4.827
 4     0.572    -0.818     0.059
 4     0.671     0.425    -0.607
 4     0.471     0.386     0.793
 5   106.733    25.680    13.262
 5    -0.611    -0.529     0.590
 5     0.236    -0.832    -0.502
 5     0.755    -0.167     0.632
 6   103.940    25.820    40.825
 6    -0.381    -0.544    -0.747
 6    -0.021     0.813    -0.582
 6     0.924    -0.207    -0.321
 7   122.869   -17.350    -5.813
 7     0.726     0.676     0.126
 7    -0.681     0.681     0.266
 7     0.094    -0.279     0.955
 8   106.476   -28.984     8.429
 8    -0.684     0.568     0.458
 8    -0.317    -0.797     0.514
 8     0.657     0.207     0.725
 9    91.940   -29.842    34.608
 9    -0.633     0.161    -0.757
 9     0.081     0.986     0.142
 9     0.770     0.029    -0.637
 2    98.202   -18.860    59.195
 2     0.571    -0.822     0.004
 2     0.821     0.569     0.032
 2    -0.028    -0.015     0.999
 3   134.125    -1.225     2.167
 3     0.320    -0.078    -0.944
 3     0.043     0.997    -0.067
 3     0.946    -0.020     0.322
 4   123.772    17.802    -4.768
 4     0.570    -0.820     0.059
 4     0.670     0.421    -0.612
 4     0.476     0.388     0.789
 5   106.758    25.731    13.364
 5    -0.611    -0.529     0.589
 5     0.236    -0.832    -0.501
 5     0.755    -0.167     0.633
 6   103.946    25.823    40.890
 6    -0.380    -0.547    -0.746
 6    -0.022     0.812    -0.583
 6     0.925    -0.206    -0.320
 7   122.872   -17.274    -5.865
 7     0.724     0.678     0.128
 7    -0.683     0.679     0.267
 7     0.095    -0.281     0.955
 8   106.252   -28.763     8.335
 8    -0.687     0.558     0.465
 8    -0.308    -0.803     0.509
 8     0.657     0.206     0.724
 9    93.285   -29.934    37.009
 9    -0.635     0.143    -0.759
 9     0.092     0.990     0.109
 9     0.767    -0.000    -0.641
 2    98.202   -18.860    59.195
 2     0.571    -0.822     0.004
 2     0.821     0.569     0.032
 2    -0.028    -0.015     0.999
 3   134.125    -1.227     2.166
 3     0.321    -0.077    -0.944
 3     0.041     0.997    -0.067
 3     0.946    -0.018     0.323
 4   123.779    17.906    -4.728
 4     0.570    -0.820     0.058
 4     0.668     0.420    -0.615
 4     0.479     0.389     0.787
 5   106.657    25.775    13.208
 5    -0.616    -0.526     0.587
 5     0.245    -0.836    -0.490
 5     0.748    -0.158     0.644
 6   103.522    26.428    40.584
 6    -0.396    -0.542    -0.741
 6    -0.000     0.807    -0.590
 6     0.918    -0.234    -0.320
 7   122.854   -17.352    -5.919
 7     0.717     0.685     0.129
 7    -0.690     0.672     0.269
 7     0.097    -0.281     0.954
 8   106.151   -28.725     8.189
 8    -0.696     0.554     0.457
 8    -0.305    -0.804     0.510
 8     0.650     0.215     0.728
 9    92.767   -29.874    36.534
 9    -0.651     0.095    -0.754
 9     0.083     0.995     0.054
 9     0.755    -0.028    -0.655
 2    98.202   -18.860    59.195
 2     0.571    -0.822     0.004
 2     0.820     0.570     0.032
 2    -0.028    -0.015     0.999
 3   134.349    -1.226     2.137
 3     0.314    -0.069    -0.947
 3     0.034     0.997    -0.061
 3     0.949    -0.014     0.315
 4   123.966    17.916    -4.543
 4     0.570    -0.821     0.049
 4     0.658     0.419    -0.626
 4     0.492     0.389     0.778
 5   106.630    25.818    13.190
 5    -0.625    -0.523     0.580
 5     0.246    -0.836    -0.489
 5     0.741    -0.163     0.651
 6   103.303    26.346    40.662
 6    -0.404    -0.543    -0.736
 6    -0.000     0.805    -0.594
 6     0.915    -0.240    -0.325
 7   122.928   -17.224    -5.919
 7     0.718     0.684     0.128
 7    -0.689     0.673     0.267
 7     0.097    -0.280     0.955
 8   106.383   -28.813     7.997
 8    -0.688     0.567     0.453
 8    -0.319    -0.797     0.513
 8     0.651     0.208     0.729
 9    93.268   -30.351    36.477
 9    -0.648     0.083    -0.757
 9     0.070     0.996     0.049
 9     0.758    -0.021    -0.652
 2    98.202   -18.860    59.195
 2     0.571    -0.822     0.004
 2     0.820     0.570     0.032
 2    -0.028    -0.015     0.999
 3   134.129    -1.109     2.152
 3     0.321    -0.073    -0.944
 3     0.029     0.997    -0.068
 3     0.947    -0.006     0.322
 4   123.840    18.051    -4.352
 4     0.569    -0.821     0.051
 4     0.651     0.410    -0.638
 4     0.502     0.396     0.768
 5   106.248    25.634    13.272
 5    -0.635    -0.510     0.580
 5     0.240    -0.844    -0.479
 5     0.734    -0.164     0.659
 6   100.658    27.757    39.794
 6    -0.423    -0.547    -0.723
 6     0.008     0.795    -0.606
 6     0.906    -0.262    -0.332
 7   122.838   -17.179    -6.157
 7     0.719     0.683     0.130
 7    -0.689     0.675     0.262
 7     0.091    -0.278     0.956
 8   106.148   -28.947     7.784
 8    -0.693     0.561     0.453
 8    -0.315    -0.800     0.509
 8     0.648     0.210     0.732
 9    92.347   -30.645    35.958
 9    -0.671     0.073    -0.738
 9     0.060     0.997     0.044
 9     0.739    -0.015    -0.673
 2    98.252   -18.860    59.144
 2     0.571    -0.822     0.004
 2     0.821     0.569     0.032
 2    -0.028    -0.015     0.999
 3   134.114    -1.309     2.169
 3     0.317    -0.070    -0.946
 3     0.029     0.997    -0.063
 3     0.948    -0.008     0.318
 4   124.119    17.743    -4.472
 4     0.576    -0.817     0.041
 4     0.645     0.423    -0.636
 4     0.501     0.392     0.771
 5   106.666    25.828    12.963
 5    -0.635    -0.533     0.561
 5     0.259    -0.829    -0.495
 5     0.728    -0.169     0.663
 6   100.971    28.107    39.509
 6    -0.430    -0.530    -0.731
 6     0.018     0.804    -0.594
 6     0.902    -0.269    -0.336
 7   123.457   -17.497    -6.478
 7     0.721     0.683     0.112
 7    -0.685     0.680     0.261
 7     0.103    -0.265     0.958
 8   106.761   -29.711     7.462
 8    -0.693     0.596     0.407
 8    -0.321    -0.759     0.566
 8     0.646     0.261     0.716
 9    89.926   -31.610    32.530
 9    -0.716     0.031    -0.698
 9     0.007     0.999     0.037
 9     0.698     0.021    -0.715
 2    98.202   -18.860    59.195
 2     0.571    -0.822     0.004
 2     0.820     0.570     0.032
 2    -0.028    -0.015     0.999
 3   134.092    -1.472     2.246
 3     0.305    -0.070    -0.950
 3     0.038     0.997    -0.061
 3     0.951    -0.019     0.307
 4   124.202    17.517    -4.528
 4     0.575    -0.817     0.035
 4     0.644     0.426    -0.635
 4     0.503     0.388     0.772
 5   106.622    25.646    12.774
 5    -0.639    -0.527     0.561
 5     0.264    -0.834    -0.483
 5     0.723    -0.161     0.672
 6   100.984    28.412    39.253
 6    -0.427    -0.540    -0.726
 6     0.030     0.793    -0.608
 6     0.904    -0.281    -0.323
 7   123.240   -17.675    -6.379
 7     0.717     0.688     0.116
 7    -0.689     0.673     0.267
 7     0.105    -0.271     0.957
 8   106.389   -29.300     7.988
 8    -0.686     0.585     0.434
 8    -0.300    -0.769     0.564
 8     0.663     0.256     0.702
 9    90.335   -30.164    33.670
 9    -0.691     0.069    -0.719
 9     0.042     0.997     0.055
 9     0.721     0.008    -0.692
 2    98.202   -18.860    59.195
 2     0.571    -0.822     0.004
 2     0.820     0.570     0.032
 2    -0.028    -0.015     0.999
 3   133.889    -1.581     2.365
 3     0.319    -0.059    -0.946
 3     0.041     0.998    -0.049
 3     0.947    -0.024     0.321
 4   124.265    17.545    -4.497
 4     0.580    -0.814     0.035
 4     0.637     0.425    -0.643
 4     0.508     0.395     0.765
 5   106.594    26.141    12.397
 5    -0.640    -0.539     0.548
 5     0.285    -0.828    -0.482
 5     0.713    -0.152     0.683
 6   100.634    29.239    38.642
 6    -0.437    -0.528    -0.728
 6     0.048     0.794    -0.605
 6     0.898    -0.300    -0.322
 7   122.659   -17.733    -6.242
 7     0.699     0.702     0.136
 7    -0.707     0.650     0.278
 7     0.107    -0.290     0.951
 8   105.900   -28.824     8.436
 8    -0.684     0.568     0.458
 8    -0.274    -0.782     0.559
 8     0.675     0.257     0.690
 9    91.606   -29.972    36.601
 9    -0.685     0.085    -0.724
 9     0.067     0.996     0.053
 9     0.725    -0.012    -0.688
 2    98.202   -18.860    59.195
 2     0.571    -0.822     0.004
 2     0.821     0.569     0.032
 2    -0.028    -0.015     0.999
 3   133.777    -1.814     2.310
 3     0.323    -0.050    -0.945
 3     0.041     0.998    -0.039
 3     0.945    -0.027     0.324
 4   124.323    17.368    -4.604
 4     0.582    -0.813     0.029
 4     0.633     0.429    -0.644
 4     0.510     0.393     0.765
 5   106.469    26.257    12.121
 5    -0.643    -0.547     0.536
 5     0.300    -0.823    -0.481
 5     0.704    -0.148     0.694
 6   100.449    29.690    38.344
 6    -0.441    -0.523    -0.729
 6     0.062     0.793    -0.606
 6     0.895    -0.313    -0.318
 7   122.484   -17.913    -6.135
 7     0.695     0.706     0.139
 7    -0.711     0.645     0.278
 7     0.106    -0.292     0.950
 8   105.806   -28.895     8.430
 8    -0.682     0.569     0.459
 8    -0.278    -0.782     0.557
 8     0.676     0.252     0.692
 9    91.708   -30.248    36.593
 9    -0.683     0.072    -0.727
 9     0.058     0.997     0.045
 9     0.728    -0.011    -0.686
 2    98.202   -18.860    59.195
 2     0.571    -0.822     0.004
 2     0.821     0.569     0.032
 2    -0.028    -0.015     0.999
 3   133.652    -1.816     2.360
 3     0.323    -0.047    -0.945
 3     0.039     0.998    -0.036
 3     0.945    -0.025     0.324
 4   124.206    17.370    -4.513
 4     0.582    -0.813     0.029
 4     0.631     0.428    -0.647
 4     0.513     0.394     0.762
 5   106.405    26.211    12.314
 5    -0.643    -0.543     0.540
 5     0.291    -0.825    -0.484
 5     0.708    -0.154     0.688
 6   100.323    29.413    38.574
 6    -0.441    -0.529    -0.725
 6     0.053     0.791    -0.609
 6     0.896    -0.308    -0.321
 7   122.228   -17.575    -6.323
 7     0.687     0.712     0.145
 7    -0.720     0.643     0.261
 7     0.093    -0.283     0.954
 8   105.385   -28.598     7.898
 8    -0.690     0.556     0.464
 8    -0.286    -0.797     0.532
 8     0.665     0.234     0.708
 9    89.277   -29.685    33.406
 9    -0.688     0.083    -0.721
 9     0.047     0.996     0.071
 9     0.724     0.014    -0.690
 2    98.202   -18.860    59.195
 2     0.571    -0.822     0.005
 2     0.821     0.570     0.032
 2    -0.028    -0.015     0.999
 3   133.585    -1.772     2.348
 3     0.322    -0.039    -0.946
 3     0.029     0.999    -0.031
 3     0.946    -0.018     0.323
 4   124.214    17.524    -4.449
 4     0.583    -0.812     0.027
 4     0.627     0.428    -0.651
 4     0.516     0.397     0.758
 5   106.489    26.314    12.408
 5    -0.640    -0.549     0.539
 5     0.293    -0.821    -0.489
 5     0.710    -0.155     0.686
 6   100.445    29.690    38.702
 6    -0.442    -0.527    -0.726
 6     0.060     0.790    -0.610
 6     0.895    -0.313    -0.318
 7   122.227   -17.577    -6.268
 7     0.685     0.714     0.147
 7    -0.723     0.640     0.260
 7     0.092    -0.284     0.954
 8   105.572   -28.586     8.253
 8    -0.680     0.560     0.474
 8    -0.281    -0.795     0.537
 8     0.677     0.232     0.698
 9    90.221   -29.384    34.177
 9    -0.670     0.096    -0.736
 9     0.058     0.995     0.077
 9     0.740     0.009    -0.672
 2    98.202   -18.860    59.195
 2     0.571    -0.822     0.004
 2     0.820     0.570     0.032
 2    -0.028    -0.015     0.999
 3   133.521    -1.774     2.369
 3     0.328    -0.038    -0.944
 3     0.033     0.999    -0.029
 3     0.944    -0.022     0.329
 4   124.162    17.471    -4.394
 4     0.585    -0.811     0.028
 4     0.626     0.428    -0.651
 4     0.515     0.398     0.758
 5   106.453    26.267    12.441
 5    -0.636    -0.549     0.542
 5     0.293    -0.822    -0.489
 5     0.714    -0.152     0.683
 6   100.455    29.642    38.732
 6    -0.436    -0.539    -0.721
 6     0.058     0.782    -0.620
 6     0.898    -0.312    -0.310
 7   122.098   -17.604    -6.228
 7     0.687     0.710     0.156
 7    -0.722     0.639     0.264
 7     0.088    -0.294     0.952
 8   105.343   -28.586     8.140
 8    -0.682     0.557     0.475
 8    -0.285    -0.800     0.528
 8     0.674     0.224     0.704
 9    89.744   -29.623    33.854
 9    -0.677     0.094    -0.730
 9     0.051     0.995     0.081
 9     0.734     0.017    -0.678
 2    98.202   -18.860    59.195
 2     0.571    -0.822     0.004
 2     0.821     0.569     0.032
 2    -0.028    -0.015     0.999
 3   133.470    -1.724     2.367
 3     0.328    -0.039    -0.944
 3     0.032     0.999    -0.030
 3     0.944    -0.020     0.329
 4   124.027    17.519    -4.436
 4     0.586    -0.810     0.031
 4     0.628     0.428    -0.650
 4     0.512     0.400     0.759
 5   106.591    26.228    12.832
 5    -0.628    -0.551     0.551
 5     0.284    -0.820    -0.496
 5     0.725    -0.155     0.671
 6   101.355    29.227    39.481
 6    -0.415    -0.556    -0.720
 6     0.044     0.778    -0.626
 6     0.909    -0.292    -0.299
 7   122.085   -17.527    -6.154
 7     0.699     0.695     0.169
 7    -0.711     0.648     0.273
 7     0.080    -0.311     0.947
 8   106.224   -28.764     9.271
 8    -0.646     0.585     0.491
 8    -0.286    -0.781     0.555
 8     0.708     0.218     0.671
 9    93.145   -29.198    36.119
 9    -0.620     0.118    -0.776
 9     0.069     0.993     0.095
 9     0.781     0.005    -0.624
 2    98.202   -18.860    59.195
 2     0.571    -0.822     0.004
 2     0.820     0.570     0.032
 2    -0.028    -0.015     0.999
 3   133.323    -1.499     2.398
 3     0.360    -0.058    -0.931
 3     0.066     0.997    -0.037
 3     0.930    -0.049     0.363
 4   123.162    17.543    -4.352
 4     0.617    -0.784     0.070
 4     0.637     0.445    -0.629
 4     0.461     0.432     0.774
 5   108.402    26.431    15.435
 5    -0.495    -0.616     0.613
 5     0.279    -0.780    -0.559
 5     0.823    -0.106     0.558
 6   108.179    29.498    42.369
 6    -0.239    -0.656    -0.716
 6     0.051     0.727    -0.684
 6     0.970    -0.201    -0.141
 7   121.229   -17.953    -5.379
 7     0.753     0.607     0.255
 7    -0.657     0.672     0.342
 7     0.036    -0.425     0.904
 8   108.429   -29.912    12.264
 8    -0.504     0.681     0.532
 8    -0.303    -0.716     0.629
 8     0.809     0.156     0.566
 9   102.972   -31.058    43.182
 9    -0.450     0.220    -0.865
 9     0.103     0.975     0.194
 9     0.887    -0.002    -0.462
 2    98.202   -18.860    59.195
 2     0.571    -0.822     0.004
 2     0.820     0.570     0.032
 2    -0.028    -0.015     0.999
 3   132.595    -1.689     2.036
 3     0.423    -0.076    -0.903
 3     0.095     0.995    -0.039
 3     0.901    -0.069     0.428
 4   121.670    17.290    -4.448
 4     0.653    -0.750     0.113
 4     0.652     0.479    -0.588
 4     0.386     0.457     0.801
 5   110.472    25.630    18.278
 5    -0.302    -0.583     0.754
 5     0.268    -0.811    -0.519
 5     0.915     0.045     0.401
 6   115.564    30.147    44.178
 6    -0.004    -0.795    -0.608
 6     0.089     0.604    -0.791
 6     0.996    -0.059     0.067
 7   119.814   -18.648    -4.987
 7     0.786     0.532     0.318
 7    -0.619     0.681     0.391
 7    -0.008    -0.504     0.863
 8   110.769   -31.127    14.812
 8    -0.327     0.749     0.576
 8    -0.330    -0.661     0.673
 8     0.885     0.030     0.463
 9   111.968   -32.403    45.948
 9    -0.197     0.519    -0.832
 9     0.157     0.854     0.495
 9     0.968    -0.032    -0.250
 2    98.202   -18.860    59.195
 2     0.571    -0.822     0.004
 2     0.820     0.570     0.032
 2    -0.028    -0.015     0.999
 3   131.862    -1.854     1.471
 3     0.477    -0.091    -0.874
 3     0.118     0.992    -0.038
 3     0.871    -0.086     0.484
 4   120.426    16.978    -4.567
 4     0.677    -0.723     0.141
 4     0.660     0.510    -0.551
 4     0.326     0.465     0.822
 5   113.584    25.548    19.986
 5    -0.114    -0.589     0.800
 5     0.267    -0.794    -0.546
 5     0.957     0.151     0.247
 6   122.082    30.303    45.040
 6     0.176    -0.786    -0.596
 6     0.097     0.614    -0.782
 6     0.979     0.078     0.182
 7   119.024   -19.046    -4.256
 7     0.798     0.488     0.355
 7    -0.603     0.662     0.445
 7    -0.018    -0.568     0.822
 8   114.017   -30.583    18.035
 8    -0.131     0.738     0.661
 8    -0.285    -0.667     0.688
 8     0.949    -0.098     0.298
 9   121.270   -30.596    48.429
 9     0.015     0.531    -0.848
 9     0.206     0.828     0.521
 9     0.978    -0.181    -0.098
 2    98.202   -18.860    59.195
 2     0.571    -0.822     0.004
 2     0.820     0.570     0.032
 2    -0.028    -0.015     0.999
 3   131.984    -2.167     1.184
 3     0.492    -0.099    -0.865
 3     0.133     0.990    -0.036
 3     0.860    -0.098     0.500
 4   120.420    16.591    -4.780
 4     0.698    -0.704     0.137
 4     0.651     0.542    -0.530
 4     0.298     0.459     0.837
 5   116.722    25.405    21.038
 5     0.033    -0.583     0.812
 5     0.263    -0.779    -0.569
 5     0.964     0.231     0.128
 6   127.148    30.077    45.621
 6     0.283    -0.775    -0.570
 6     0.098     0.610    -0.784
 6     0.954     0.163     0.247
 7   119.210   -19.415    -3.842
 7     0.809     0.461     0.366
 7    -0.587     0.653     0.477
 7    -0.019    -0.600     0.799
 8   116.950   -28.559    20.219
 8     0.021     0.606     0.795
 8    -0.248    -0.768     0.590
 8     0.968    -0.209     0.135
 9   127.608   -30.780    49.176
 9     0.260     0.746    -0.618
 9     0.198     0.582     0.787
 9     0.945    -0.323     0.003
 2    98.202   -18.860    59.195
 2     0.571    -0.822     0.005
 2     0.820     0.570     0.032
 2    -0.028    -0.015     0.999
 3   132.205    -1.993     1.135
 3     0.498    -0.113    -0.860
 3     0.140     0.989    -0.048
 3     0.855    -0.097     0.508
 4   120.531    16.725    -4.327
 4     0.701    -0.703     0.117
 4     0.642     0.551    -0.533
 4     0.310     0.448     0.838
 5   119.097    25.085    22.682
 5     0.170    -0.611     0.775
 5     0.183    -0.752    -0.632
 5     0.968     0.248    -0.015
 6   131.056    28.329    46.433
 6     0.417    -0.833    -0.371
 6     0.033     0.416    -0.907
 6     0.908     0.365     0.200
 7   119.313   -19.410    -3.712
 7     0.816     0.447     0.367
 7    -0.578     0.652     0.491
 7    -0.020    -0.612     0.790
 8   119.766   -27.669    21.342
 8     0.146     0.657     0.740
 8    -0.168    -0.721     0.672
 8     0.975    -0.222     0.006
 9   130.817   -30.033    49.926
 9     0.438     0.862    -0.262
 9     0.160     0.205     0.964
 9     0.884    -0.462    -0.049
 2    98.202   -18.860    59.195
 2     0.571    -0.822     0.004
 2     0.820     0.570     0.032
 2    -0.028    -0.015     0.999
 3   132.518    -1.918     1.146
 3     0.502    -0.121    -0.857
 3     0.143     0.988    -0.054
 3     0.853    -0.096     0.513
 4   120.805    16.770    -4.242
 4     0.711    -0.695     0.111
 4     0.632     0.562    -0.533
 4     0.308     0.449     0.838
 5   120.628    25.958    22.569
 5     0.213    -0.705     0.679
 5     0.165    -0.657    -0.734
 5     0.963     0.266    -0.022
 6   133.153    25.885    46.149
 6     0.385    -0.583    -0.718
 6    -0.066     0.757    -0.648
 6     0.920     0.295     0.253
 7   119.540   -19.513    -3.744
 7     0.823     0.437     0.364
 7    -0.568     0.663     0.488
 7    -0.028    -0.607     0.793
 8   119.938   -27.660    21.514
 8     0.172     0.646     0.744
 8    -0.150    -0.729     0.667
 8     0.974    -0.225    -0.027
 9   130.469   -29.886    50.307
 9     0.415     0.869    -0.277
 9     0.163     0.222     0.960
 9     0.895    -0.441    -0.052
 2    98.202   -18.860    59.195
 2     0.571    -0.822     0.004
 2     0.821     0.569     0.032
 2    -0.028    -0.015     0.999
 3   132.827    -2.267     1.043
 3     0.497    -0.115    -0.860
 3     0.149     0.988    -0.045
 3     0.854    -0.107     0.508
 4   121.335    16.352    -4.731
 4     0.718    -0.688     0.102
 4     0.630     0.580    -0.516
 4     0.296     0.434     0.850
 5   120.872    25.829    21.911
 5     0.183    -0.733     0.656
 5     0.165    -0.634    -0.754
 5     0.969     0.245     0.007
 6   132.010    25.635    46.238
 6     0.307    -0.559    -0.773
 6    -0.053     0.799    -0.597
 6     0.950     0.221     0.214
 7   119.552   -19.920    -3.764
 7     0.814     0.456     0.361
 7    -0.581     0.660     0.477
 7    -0.021    -0.597     0.801
 8   119.561   -27.712    21.606
 8     0.165     0.616     0.771
