% Calibrated with leiden_pols
% Positions are in centimeters
Data =[
 2    98.202   -18.860    59.195
 2     0.571    -0.821     0.005
 2     0.820     0.570     0.032
 2    -0.028    -0.015     0.999
 3   131.379    -2.074     0.667
 3     0.524    -0.092    -0.847
 3     0.122     0.992    -0.032
 3     0.843    -0.087     0.531
 4   118.188    16.119    -5.217
 4     0.748    -0.625     0.225
 4     0.639     0.584    -0.500
 4     0.181     0.517     0.836
 5   120.903    26.297    21.270
 5     0.297    -0.713     0.637
 5     0.160    -0.619    -0.768
 5     0.941     0.329    -0.068
 6   134.623    25.406    43.805
 6     0.443    -0.569    -0.696
 6    -0.079     0.746    -0.659
 6     0.892     0.345     0.285
 7   116.028   -18.486    -3.979
 7     0.751     0.438     0.496
 7    -0.620     0.724     0.301
 7    -0.227    -0.533     0.814
 8   119.678   -27.126    21.055
 8     0.257     0.551     0.795
 8    -0.184    -0.779     0.598
 8     0.948    -0.299    -0.098
 9   132.831   -30.143    47.726
 9     0.390     0.699    -0.605
 9     0.120     0.608     0.782
 9     0.913    -0.375     0.152
 2    98.202   -18.860    59.195
 2     0.571    -0.821     0.004
 2     0.820     0.570     0.032
 2    -0.028    -0.015     0.999
 3   131.395    -2.027     0.627
 3     0.527    -0.091    -0.845
 3     0.120     0.992    -0.032
 3     0.841    -0.085     0.534
 4   118.236    16.143    -5.215
 4     0.748    -0.624     0.226
 4     0.638     0.585    -0.500
 4     0.180     0.518     0.836
 5   120.936    26.350    21.260
 5     0.297    -0.713     0.638
 5     0.159    -0.620    -0.767
 5     0.942     0.328    -0.069
 6   134.629    25.408    43.723
 6     0.443    -0.568    -0.697
 6    -0.079     0.747    -0.657
 6     0.893     0.344     0.286
 7   116.078   -18.486    -3.979
 7     0.751     0.437     0.496
 7    -0.620     0.724     0.302
 7    -0.227    -0.534     0.814
 8   119.735   -27.125    21.019
 8     0.257     0.552     0.794
 8    -0.184    -0.778     0.599
 8     0.949    -0.298    -0.097
 9   132.880   -30.144    47.726
 9     0.389     0.699    -0.606
 9     0.119     0.610     0.781
 9     0.913    -0.373     0.153
 2    98.202   -18.860    59.195
 2     0.571    -0.822     0.005
 2     0.820     0.570     0.032
 2    -0.028    -0.015     0.999
 3   131.390    -2.029     0.582
 3     0.529    -0.090    -0.844
 3     0.118     0.992    -0.032
 3     0.840    -0.083     0.535
 4   118.236    16.143    -5.266
 4     0.748    -0.624     0.226
 4     0.638     0.585    -0.501
 4     0.180     0.518     0.835
 5   120.936    26.350    21.261
 5     0.296    -0.713     0.638
 5     0.159    -0.620    -0.767
 5     0.942     0.328    -0.068
 6   134.655    25.433    43.749
 6     0.442    -0.567    -0.699
 6    -0.079     0.749    -0.656
 6     0.893     0.343     0.286
 7   116.026   -18.511    -4.027
 7     0.751     0.435     0.497
 7    -0.619     0.724     0.303
 7    -0.228    -0.535     0.813
 8   119.734   -27.124    21.019
 8     0.257     0.554     0.793
 8    -0.183    -0.777     0.601
 8     0.949    -0.298    -0.097
 9   132.836   -30.142    47.718
 9     0.387     0.698    -0.608
 9     0.119     0.611     0.780
 9     0.914    -0.372     0.152
 2    98.202   -18.860    59.195
 2     0.571    -0.821     0.005
 2     0.820     0.570     0.032
 2    -0.028    -0.015     0.999
 3   131.436    -2.031     0.536
 3     0.531    -0.089    -0.843
 3     0.117     0.992    -0.031
 3     0.839    -0.082     0.537
 4   118.286    16.143    -5.266
 4     0.749    -0.623     0.226
 4     0.637     0.585    -0.501
 4     0.180     0.519     0.835
 5   120.936    26.299    21.210
 5     0.296    -0.713     0.638
 5     0.159    -0.620    -0.767
 5     0.942     0.327    -0.068
 6   134.655    25.408    43.724
 6     0.443    -0.566    -0.699
 6    -0.079     0.749    -0.655
 6     0.893     0.343     0.286
 7   116.027   -18.511    -4.026
 7     0.751     0.435     0.497
 7    -0.620     0.723     0.303
 7    -0.228    -0.536     0.812
 8   119.735   -27.125    21.019
 8     0.256     0.554     0.794
 8    -0.183    -0.778     0.600
 8     0.949    -0.298    -0.097
 9   132.836   -30.141    47.718
 9     0.386     0.699    -0.608
 9     0.120     0.611     0.779
 9     0.914    -0.372     0.151
 2    98.202   -18.860    59.195
 2     0.571    -0.822     0.004
 2     0.820     0.570     0.032
 2    -0.028    -0.015     0.999
 3   131.436    -2.031     0.537
 3     0.530    -0.090    -0.843
 3     0.117     0.992    -0.031
 3     0.839    -0.083     0.537
 4   118.286    16.143    -5.266
 4     0.749    -0.623     0.226
 4     0.638     0.585    -0.501
 4     0.180     0.518     0.835
 5   120.936    26.299    21.261
 5     0.296    -0.713     0.638
 5     0.159    -0.620    -0.767
 5     0.942     0.328    -0.068
 6   134.654    25.433    43.723
 6     0.443    -0.567    -0.699
 6    -0.079     0.749    -0.656
 6     0.893     0.344     0.286
 7   116.079   -18.510    -4.030
 7     0.752     0.435     0.497
 7    -0.619     0.724     0.304
 7    -0.227    -0.536     0.813
 8   119.735   -27.125    21.019
 8     0.256     0.553     0.794
 8    -0.183    -0.778     0.600
 8     0.949    -0.297    -0.097
 9   132.836   -30.141    47.769
 9     0.387     0.700    -0.607
 9     0.121     0.609     0.781
 9     0.914    -0.373     0.150
 2    98.202   -18.860    59.195
 2     0.571    -0.821     0.004
 2     0.820     0.570     0.032
 2    -0.028    -0.015     0.999
 3   131.395    -2.027     0.627
 3     0.527    -0.091    -0.845
 3     0.119     0.992    -0.032
 3     0.841    -0.084     0.533
 4   118.236    16.143    -5.215
 4     0.748    -0.624     0.226
 4     0.638     0.584    -0.500
 4     0.180     0.518     0.836
 5   120.927    26.348    21.320
 5     0.297    -0.712     0.638
 5     0.160    -0.620    -0.767
 5     0.941     0.329    -0.069
 6   134.648    25.432    43.755
 6     0.444    -0.569    -0.696
 6    -0.079     0.746    -0.658
 6     0.892     0.345     0.286
 7   116.032   -18.483    -3.986
 7     0.753     0.436     0.494
 7    -0.619     0.724     0.304
 7    -0.225    -0.534     0.814
 8   119.686   -27.124    21.045
 8     0.256     0.552     0.795
 8    -0.183    -0.779     0.598
 8     0.949    -0.297    -0.098
 9   132.832   -30.142    47.777
 9     0.389     0.700    -0.605
 9     0.122     0.607     0.782
 9     0.913    -0.375     0.149
 2    98.202   -18.860    59.195
 2     0.571    -0.822     0.004
 2     0.820     0.570     0.032
 2    -0.028    -0.015     0.999
 3   131.379    -2.023     0.667
 3     0.524    -0.094    -0.847
 3     0.121     0.992    -0.034
 3     0.843    -0.086     0.531
 4   118.140    16.146    -5.170
 4     0.746    -0.627     0.226
 4     0.640     0.583    -0.500
 4     0.182     0.517     0.836
 5   120.844    26.220    21.377
 5     0.300    -0.707     0.643
 5     0.162    -0.625    -0.762
 5     0.940     0.332    -0.071
 6   134.641    25.431    43.760
 6     0.447    -0.571    -0.693
 6    -0.079     0.743    -0.662
 6     0.891     0.348     0.286
 7   116.136   -18.481    -3.967
 7     0.754     0.436     0.493
 7    -0.618     0.723     0.306
 7    -0.223    -0.535     0.814
 8   119.596   -27.158    20.650
 8     0.242     0.552     0.799
 8    -0.202    -0.776     0.596
 8     0.949    -0.305    -0.075
 9   132.729   -30.220    47.500
 9     0.386     0.677    -0.632
 9     0.117     0.639     0.757
 9     0.915    -0.364     0.166
 2    98.202   -18.860    59.195
 2     0.571    -0.821     0.005
 2     0.820     0.570     0.032
 2    -0.028    -0.015     0.999
 3   131.780    -2.003     0.890
 3     0.509    -0.109    -0.854
 3     0.140     0.989    -0.042
 3     0.849    -0.099     0.518
 4   118.457    15.798    -5.296
 4     0.721    -0.658     0.221
 4     0.670     0.579    -0.464
 4     0.177     0.481     0.858
 5   120.557    25.826    20.783
 5     0.250    -0.666     0.704
 5     0.201    -0.675    -0.709
 5     0.947     0.317    -0.034
