2 	  32.71	  -6.82	  23.03
	  0.390	  0.919	 -0.050
	 -0.921	  0.389	 -0.014
	  0.007	  0.051	  0.999

3 	  45.04	  -0.77	   1.88
	 -0.408	  0.137	 -0.902
	 -0.075	 -0.990	 -0.117
	 -0.910	  0.020	  0.415

4 	  40.38	   5.22	  -4.32
	  0.815	  0.540	 -0.210
	 -0.474	  0.829	  0.295
	  0.333	 -0.141	  0.932

5 	  45.70	  11.55	   2.39
	  0.852	  0.278	  0.443
	 -0.474	  0.047	  0.880
	  0.224	 -0.959	  0.172

6 	  49.36	   2.25	   4.29
	  0.032	 -0.946	  0.323
	  0.965	  0.112	  0.234
	 -0.258	  0.305	  0.917

7 	  41.33	  -7.12	  -3.99
	  0.866	 -0.462	 -0.190
	  0.458	  0.886	 -0.067
	  0.199	 -0.030	  0.979

8 	  48.29	 -12.29	  -0.30
	  0.943	 -0.009	  0.332
	  0.285	  0.532	 -0.797
	 -0.170	  0.846	  0.505

9 	  51.06	  -2.76	   4.41
	  0.032	  0.847	  0.531
	 -0.937	  0.209	 -0.278
	 -0.346	 -0.489	  0.800

2 	  32.71	  -6.82	  23.03
	  0.390	  0.919	 -0.050
	 -0.921	  0.389	 -0.014
	  0.007	  0.051	  0.998

3 	  45.35	  -0.69	   2.16
	 -0.374	  0.146	 -0.916
	 -0.062	 -0.989	 -0.132
	 -0.925	  0.007	  0.379

4 	  40.97	   5.36	  -4.22
	  0.825	  0.538	 -0.173
	 -0.484	  0.830	  0.276
	  0.292	 -0.145	  0.945

5 	  46.25	  11.57	   2.69
	  0.841	  0.259	  0.475
	 -0.505	  0.055	  0.861
	  0.196	 -0.964	  0.177

6 	  49.62	   2.09	   4.90
	 -0.000	 -0.941	  0.338
	  0.957	  0.097	  0.273
	 -0.290	  0.323	  0.901

7 	  41.75	  -7.07	  -3.92
	  0.871	 -0.466	 -0.155
	  0.463	  0.884	 -0.058
	  0.164	 -0.021	  0.986

8 	  48.53	 -12.11	   0.25
	  0.926	 -0.004	  0.378
	  0.322	  0.531	 -0.784
	 -0.198	  0.847	  0.492

9 	  51.10	  -2.74	   4.75
	  0.017	  0.848	  0.529
	 -0.939	  0.195	 -0.283
	 -0.344	 -0.492	  0.800

2 	  32.71	  -6.82	  23.03
	  0.390	  0.919	 -0.050
	 -0.921	  0.389	 -0.014
	  0.007	  0.051	  0.999

3 	  45.49	  -0.62	   2.27
	 -0.360	  0.147	 -0.921
	 -0.062	 -0.989	 -0.134
	 -0.931	  0.009	  0.365

4 	  41.26	   5.45	  -4.20
	  0.834	  0.526	 -0.162
	 -0.478	  0.838	  0.262
	  0.274	 -0.141	  0.951

5 	  46.53	  11.51	   2.78
	  0.837	  0.241	  0.491
	 -0.521	  0.076	  0.850
	  0.167	 -0.967	  0.189

6 	  49.71	   2.00	   5.13
	 -0.025	 -0.935	  0.354
	  0.954	  0.084	  0.288
	 -0.299	  0.345	  0.889

7 	  41.85	  -7.01	  -3.83
	  0.868	 -0.475	 -0.141
	  0.471	  0.879	 -0.062
	  0.153	 -0.012	  0.988

8 	  48.59	 -12.06	   0.47
	  0.917	 -0.001	  0.398
	  0.339	  0.524	 -0.781
	 -0.208	  0.851	  0.481

9 	  51.06	  -2.64	   5.06
	  0.009	  0.852	  0.524
	 -0.934	  0.194	 -0.299
	 -0.356	 -0.487	  0.798

2 	  32.71	  -6.82	  23.03
	  0.390	  0.919	 -0.050
	 -0.921	  0.389	 -0.014
	  0.007	  0.051	  0.999

3 	  45.54	  -0.62	   2.30
	 -0.357	  0.148	 -0.922
	 -0.069	 -0.989	 -0.132
	 -0.932	  0.017	  0.363

4 	  41.34	   5.45	  -4.24
	  0.841	  0.516	 -0.161
	 -0.469	  0.844	  0.258
	  0.268	 -0.142	  0.953

5 	  46.63	  11.48	   2.74
	  0.836	  0.232	  0.497
	 -0.527	  0.087	  0.845
	  0.153	 -0.969	  0.195

6 	  49.69	   1.95	   5.19
	 -0.035	 -0.932	  0.360
	  0.953	  0.077	  0.292
	 -0.300	  0.354	  0.886

7 	  41.77	  -7.05	  -3.80
	  0.862	 -0.487	 -0.138
	  0.482	  0.873	 -0.070
	  0.155	 -0.006	  0.988

8 	  48.45	 -12.09	   0.70
	  0.912	 -0.005	  0.410
	  0.353	  0.516	 -0.780
	 -0.208	  0.856	  0.473

9 	  51.03	  -2.69	   5.27
	  0.018	  0.855	  0.517
	 -0.927	  0.208	 -0.311
	 -0.374	 -0.474	  0.797

2 	  32.71	  -6.82	  23.01
	  0.390	  0.919	 -0.050
	 -0.921	  0.389	 -0.014
	  0.007	  0.051	  0.999

3 	  45.53	  -0.67	   2.32
	 -0.359	  0.148	 -0.921
	 -0.079	 -0.989	 -0.128
	 -0.930	  0.027	  0.367

4 	  41.33	   5.43	  -4.25
	  0.842	  0.513	 -0.163
	 -0.466	  0.846	  0.257
	  0.270	 -0.141	  0.952

5 	  46.62	  11.48	   2.74
	  0.834	  0.233	  0.499
	 -0.529	  0.087	  0.844
	  0.153	 -0.968	  0.196

6 	  49.71	   1.95	   5.19
	 -0.034	 -0.932	  0.360
	  0.953	  0.079	  0.293
	 -0.302	  0.354	  0.885

7 	  41.59	  -7.17	  -3.78
	  0.851	 -0.505	 -0.141
	  0.497	  0.863	 -0.090
	  0.167	  0.006	  0.986

8 	  48.08	 -12.38	   0.83
	  0.910	 -0.026	  0.413
	  0.372	  0.489	 -0.789
	 -0.181	  0.872	  0.455

9 	  50.98	  -2.95	   5.29
	  0.061	  0.869	  0.491
	 -0.914	  0.246	 -0.323
	 -0.401	 -0.430	  0.809

2 	  32.71	  -6.82	  23.01
	  0.390	  0.919	 -0.050
	 -0.921	  0.390	 -0.013
	  0.007	  0.051	  0.999

3 	  45.49	  -0.72	   2.25
	 -0.367	  0.145	 -0.919
	 -0.090	 -0.989	 -0.120
	 -0.926	  0.038	  0.375

4 	  41.19	   5.34	  -4.34
	  0.839	  0.515	 -0.172
	 -0.465	  0.845	  0.263
	  0.281	 -0.141	  0.949

5 	  46.11	  11.53	   2.78
	  0.824	  0.272	  0.497
	 -0.525	  0.035	  0.850
	  0.214	 -0.962	  0.172

6 	  50.04	   2.27	   4.85
	  0.052	 -0.943	  0.329
	  0.934	  0.163	  0.318
	 -0.354	  0.291	  0.889

7 	  41.29	  -7.33	  -3.66
	  0.830	 -0.543	 -0.130
	  0.529	  0.839	 -0.126
	  0.177	  0.036	  0.983

8 	  47.23	 -12.99	   1.41
	  0.900	 -0.083	  0.427
	  0.424	  0.393	 -0.816
	 -0.100	  0.916	  0.389

9 	  51.13	  -3.60	   5.08
	  0.164	  0.890	  0.425
	 -0.867	  0.336	 -0.367
	 -0.470	 -0.309	  0.827

2 	  32.71	  -6.82	  23.01
	  0.390	  0.919	 -0.050
	 -0.921	  0.390	 -0.013
	  0.007	  0.051	  0.999

3 	  45.39	  -0.76	   2.14
	 -0.377	  0.140	 -0.915
	 -0.100	 -0.989	 -0.110
	 -0.921	  0.050	  0.387

4 	  40.87	   5.29	  -4.45
	  0.826	  0.532	 -0.185
	 -0.477	  0.835	  0.273
	  0.300	 -0.137	  0.944

5 	  45.40	  11.78	   2.81
	  0.814	  0.334	  0.474
	 -0.489	 -0.046	  0.871
	  0.313	 -0.941	  0.126

6 	  50.71	   3.11	   4.38
	  0.206	 -0.937	  0.282
	  0.867	  0.308	  0.391
	 -0.453	  0.164	  0.876

7 	  40.87	  -7.54	  -3.55
	  0.800	 -0.589	 -0.116
	  0.567	  0.805	 -0.173
	  0.195	  0.073	  0.978

8 	  46.05	 -13.48	   2.16
	  0.887	 -0.159	  0.434
	  0.460	  0.229	 -0.858
	  0.037	  0.960	  0.277

9 	  51.56	  -4.66	   4.69
	  0.348	  0.884	  0.312
	 -0.764	  0.460	 -0.451
	 -0.543	 -0.082	  0.836

2 	  32.71	  -6.82	  23.01
	  0.390	  0.919	 -0.050
	 -0.921	  0.389	 -0.013
	  0.007	  0.051	  0.999

3 	  45.16	  -0.81	   1.86
	 -0.411	  0.130	 -0.902
	 -0.120	 -0.989	 -0.087
	 -0.903	  0.073	  0.422

4 	  40.36	   5.20	  -4.57
	  0.799	  0.563	 -0.213
	 -0.498	  0.817	  0.291
	  0.338	 -0.126	  0.932

5 	  44.46	  11.97	   2.74
	  0.791	  0.421	  0.443
	 -0.413	 -0.166	  0.895
	  0.451	 -0.892	  0.042

6 	  51.35	   4.39	   3.48
	  0.410	 -0.893	  0.184
	  0.742	  0.445	  0.501
	 -0.529	 -0.069	  0.845

7 	  40.31	  -7.82	  -3.38
	  0.750	 -0.657	 -0.073
	  0.629	  0.743	 -0.228
	  0.204	  0.125	  0.971

8 	  44.70	 -13.90	   3.39
	  0.869	 -0.226	  0.440
	  0.451	 -0.003	 -0.892
	  0.203	  0.974	  0.099

9 	  51.77	  -6.01	   4.11
	  0.530	  0.840	  0.114
	 -0.620	  0.476	 -0.624
	 -0.579	  0.260	  0.773

2 	  32.71	  -6.82	  23.01
	  0.390	  0.919	 -0.050
	 -0.921	  0.390	 -0.014
	  0.007	  0.051	  0.999

3 	  44.93	  -0.88	   1.58
	 -0.450	  0.114	 -0.885
	 -0.137	 -0.989	 -0.057
	 -0.882	  0.095	  0.461

4 	  39.87	   5.20	  -4.71
	  0.772	  0.590	 -0.235
	 -0.515	  0.798	  0.313
	  0.373	 -0.121	  0.920

5 	  43.88	  12.06	   2.79
	  0.781	  0.457	  0.425
	 -0.364	 -0.220	  0.905
	  0.506	 -0.862	 -0.006

6 	  51.43	   5.10	   3.02
	  0.494	 -0.865	  0.087
	  0.570	  0.398	  0.718
	 -0.656	 -0.305	  0.690

7 	  39.80	  -8.09	  -3.04
	  0.722	 -0.691	 -0.030
	  0.659	  0.700	 -0.274
	  0.211	  0.178	  0.961

8 	  43.98	 -13.75	   4.29
	  0.878	 -0.229	  0.419
	  0.391	 -0.161	 -0.906
	  0.275	  0.960	 -0.052

9 	  51.71	  -6.42	   3.45
	  0.582	  0.811	 -0.062
	 -0.559	  0.344	 -0.754
	 -0.590	  0.473	  0.654

2 	  32.71	  -6.82	  23.01
	  0.390	  0.919	 -0.050
	 -0.921	  0.389	 -0.014
	  0.007	  0.051	  0.999

3 	  44.67	  -0.90	   1.25
	 -0.483	  0.095	 -0.870
	 -0.141	 -0.990	 -0.030
	 -0.864	  0.109	  0.491

4 	  39.16	   5.04	  -4.90
	  0.754	  0.589	 -0.291
	 -0.495	  0.800	  0.337
	  0.431	 -0.110	  0.895

5 	  43.58	  12.06	   2.32
	  0.802	  0.455	  0.386
	 -0.317	 -0.224	  0.921
	  0.506	 -0.862	 -0.035

6 	  51.38	   5.24	   2.27
	  0.526	 -0.850	  0.004
	  0.528	  0.331	  0.782
	 -0.666	 -0.410	  0.623

7 	  39.23	  -8.23	  -2.85
	  0.715	 -0.698	 -0.033
	  0.651	  0.682	 -0.332
	  0.254	  0.216	  0.943

8 	  43.79	 -13.39	   4.92
	  0.903	 -0.197	  0.381
	  0.326	 -0.264	 -0.908
	  0.279	  0.944	 -0.174

9 	  51.49	  -6.47	   2.64
	  0.584	  0.764	 -0.273
	 -0.604	  0.184	 -0.776
	 -0.543	  0.618	  0.569

2 	  32.71	  -6.82	  23.01
	  0.390	  0.919	 -0.050
	 -0.921	  0.390	 -0.014
	  0.007	  0.051	  0.999

3 	  44.33	  -0.90	   0.83
	 -0.525	  0.070	 -0.848
	 -0.136	 -0.991	  0.002
	 -0.840	  0.116	  0.529

4 	  38.53	   4.96	  -5.03
	  0.728	  0.592	 -0.345
	 -0.478	  0.800	  0.362
	  0.490	 -0.099	  0.865

5 	  43.24	  12.02	   1.93
	  0.827	  0.468	  0.312
	 -0.217	 -0.246	  0.944
	  0.519	 -0.849	 -0.102

6 	  51.05	   5.47	   0.95
	  0.530	 -0.843	 -0.094
	  0.576	  0.277	  0.769
	 -0.622	 -0.462	  0.632

7 	  38.81	  -8.30	  -2.69
	  0.706	 -0.707	 -0.036
	  0.648	  0.665	 -0.371
	  0.286	  0.238	  0.928

8 	  43.51	 -13.29	   5.06
	  0.920	 -0.210	  0.329
	  0.246	 -0.341	 -0.907
	  0.303	  0.916	 -0.262

9 	  51.22	  -6.66	   1.85
	  0.576	  0.725	 -0.376
	 -0.640	  0.114	 -0.760
	 -0.509	  0.678	  0.530

2 	  32.71	  -6.82	  23.01
	  0.390	  0.919	 -0.050
	 -0.921	  0.389	 -0.014
	  0.007	  0.051	  0.999

3 	  44.09	  -0.84	   0.54
	 -0.560	  0.054	 -0.827
	 -0.125	 -0.992	  0.020
	 -0.819	  0.115	  0.562

4 	  38.00	   4.78	  -5.17
	  0.696	  0.592	 -0.407
	 -0.468	  0.803	  0.369
	  0.545	 -0.067	  0.836

5 	  42.86	  12.29	   1.20
	  0.838	  0.493	  0.233
	 -0.142	 -0.216	  0.966
	  0.527	 -0.843	 -0.111

6 	  50.45	   5.61	  -0.62
	  0.495	 -0.855	 -0.155
	  0.671	  0.262	  0.694
	 -0.553	 -0.448	  0.703

7 	  38.41	  -8.37	  -2.65
	  0.687	 -0.723	 -0.066
	  0.649	  0.652	 -0.391
	  0.326	  0.226	  0.918

8 	  43.07	 -13.48	   5.01
	  0.922	 -0.253	  0.294
	  0.189	 -0.369	 -0.910
	  0.338	  0.894	 -0.292

9 	  50.92	  -7.26	   1.21
	  0.578	  0.692	 -0.432
	 -0.674	  0.107	 -0.731
	 -0.460	  0.713	  0.529

2 	  32.71	  -6.82	  23.01
	  0.390	  0.919	 -0.050
	 -0.921	  0.389	 -0.014
	  0.007	  0.051	  0.999

3 	  43.88	  -0.90	   0.30
	 -0.586	  0.040	 -0.809
	 -0.121	 -0.992	  0.038
	 -0.801	  0.120	  0.586

4 	  37.58	   4.61	  -5.26
	  0.663	  0.599	 -0.448
	 -0.467	  0.800	  0.377
	  0.584	 -0.041	  0.810

5 	  42.49	  12.23	   0.79
	  0.838	  0.514	  0.181
	 -0.082	 -0.211	  0.974
	  0.539	 -0.831	 -0.135

6 	  49.92	   5.71	  -1.53
	  0.481	 -0.853	 -0.204
	  0.721	  0.253	  0.644
	 -0.498	 -0.457	  0.737

7 	  38.04	  -8.49	  -2.58
	  0.666	 -0.742	 -0.077
	  0.652	  0.629	 -0.422
	  0.361	  0.231	  0.903

8 	  42.71	 -13.59	   5.04
	  0.919	 -0.292	  0.264
	  0.126	 -0.415	 -0.901
	  0.372	  0.861	 -0.345

9 	  50.55	  -8.00	   0.65
	  0.581	  0.647	 -0.494
	 -0.701	  0.089	 -0.708
	 -0.414	  0.757	  0.505

2 	  32.71	  -6.82	  23.01
	  0.390	  0.919	 -0.050
	 -0.921	  0.389	 -0.014
	  0.007	  0.051	  0.999

3 	  43.72	  -1.05	   0.09
	 -0.608	  0.029	 -0.793
	 -0.119	 -0.991	  0.055
	 -0.785	  0.128	  0.606

4 	  37.25	   4.38	  -5.33
	  0.638	  0.600	 -0.482
	 -0.467	  0.799	  0.377
	  0.612	 -0.016	  0.791

5 	  42.08	  12.30	   0.33
	  0.825	  0.543	  0.155
	 -0.065	 -0.182	  0.981
	  0.561	 -0.820	 -0.115

6 	  49.55	   5.84	  -2.00
	  0.488	 -0.850	 -0.198
	  0.739	  0.281	  0.612
	 -0.465	 -0.445	  0.765

7 	  37.69	  -8.56	  -2.55
	  0.646	 -0.758	 -0.088
	  0.657	  0.612	 -0.440
	  0.387	  0.226	  0.894

8 	  42.40	 -13.85	   5.03
	  0.914	 -0.324	  0.243
	  0.089	 -0.423	 -0.901
	  0.395	  0.846	 -0.358

9 	  50.34	  -8.33	   0.46
	  0.584	  0.631	 -0.511
	 -0.711	  0.094	 -0.696
	 -0.391	  0.770	  0.504

2 	  32.71	  -6.82	  23.01
	  0.390	  0.919	 -0.050
	 -0.921	  0.390	 -0.014
	  0.007	  0.051	  0.999

3 	  43.59	  -1.16	  -0.05
	 -0.621	  0.018	 -0.783
	 -0.118	 -0.990	  0.070
	 -0.775	  0.136	  0.617

4 	  36.97	   4.15	  -5.38
	  0.613	  0.600	 -0.514
	 -0.475	  0.799	  0.367
	  0.631	  0.019	  0.775

5 	  41.64	  12.36	  -0.02
	  0.806	  0.579	  0.116
	 -0.025	 -0.164	  0.986
	  0.590	 -0.798	 -0.118

6 	  49.36	   6.12	  -2.57
	  0.512	 -0.835	 -0.199
	  0.743	  0.315	  0.591
	 -0.431	 -0.451	  0.782

7 	  37.41	  -8.61	  -2.50
	  0.625	 -0.773	 -0.103
	  0.664	  0.597	 -0.451
	  0.410	  0.213	  0.886

8 	  42.12	 -14.04	   4.89
	  0.910	 -0.351	  0.221
	  0.058	 -0.420	 -0.906
	  0.410	  0.837	 -0.362

9 	  50.10	  -8.81	   0.14
	  0.590	  0.615	 -0.523
	 -0.724	  0.116	 -0.680
	 -0.357	  0.780	  0.514

2 	  32.71	  -6.82	  23.01
	  0.390	  0.919	 -0.050
	 -0.921	  0.390	 -0.014
	  0.007	  0.051	  0.999

3 	  43.49	  -1.25	  -0.14
	 -0.631	  0.010	 -0.775
	 -0.116	 -0.990	  0.083
	 -0.766	  0.142	  0.626

4 	  36.77	   3.99	  -5.43
	  0.593	  0.601	 -0.536
	 -0.479	  0.798	  0.366
	  0.648	  0.039	  0.761

5 	  41.36	  12.36	  -0.32
	  0.794	  0.600	  0.094
	 -0.005	 -0.148	  0.989
	  0.607	 -0.786	 -0.115

6 	  49.17	   6.35	  -2.85
	  0.536	 -0.821	 -0.196
	  0.740	  0.345	  0.577
	 -0.407	 -0.454	  0.792

7 	  37.23	  -8.65	  -2.51
	  0.613	 -0.782	 -0.113
	  0.664	  0.588	 -0.462
	  0.427	  0.208	  0.880

8 	  41.99	 -14.15	   4.78
	  0.908	 -0.366	  0.205
	  0.033	 -0.423	 -0.905
	  0.418	  0.829	 -0.372

9 	  49.97	  -9.02	  -0.14
	  0.589	  0.604	 -0.536
	 -0.734	  0.125	 -0.667
	 -0.336	  0.786	  0.518

2 	  32.71	  -6.82	  23.01
	  0.390	  0.919	 -0.050
	 -0.921	  0.390	 -0.013
	  0.007	  0.051	  0.999

3 	  43.40	  -1.28	  -0.21
	 -0.639	  0.003	 -0.769
	 -0.113	 -0.989	  0.090
	 -0.761	  0.144	  0.632

4 	  36.60	   3.92	  -5.47
	  0.581	  0.602	 -0.548
	 -0.479	  0.797	  0.367
	  0.658	  0.049	  0.752

5 	  41.19	  12.38	  -0.42
	  0.788	  0.610	  0.081
	  0.009	 -0.143	  0.989
	  0.615	 -0.779	 -0.119

6 	  49.03	   6.38	  -3.02
	  0.542	 -0.818	 -0.194
	  0.743	  0.358	  0.565
	 -0.393	 -0.450	  0.802

7 	  37.09	  -8.68	  -2.48
	  0.608	 -0.786	 -0.115
	  0.663	  0.582	 -0.470
	  0.436	  0.209	  0.875

8 	  41.92	 -14.19	   4.75
	  0.908	 -0.368	  0.199
	  0.027	 -0.423	 -0.906
	  0.417	  0.828	 -0.374

9 	  49.89	  -9.07	  -0.23
	  0.588	  0.603	 -0.539
	 -0.739	  0.128	 -0.662
	 -0.330	  0.787	  0.521

2 	  32.71	  -6.82	  23.01
	  0.390	  0.919	 -0.050
	 -0.921	  0.390	 -0.014
	  0.007	  0.051	  0.999

3 	  43.31	  -1.32	  -0.26
	 -0.644	 -0.000	 -0.765
	 -0.113	 -0.989	  0.095
	 -0.756	  0.147	  0.637

4 	  36.49	   3.83	  -5.47
	  0.576	  0.599	 -0.555
	 -0.478	  0.798	  0.366
	  0.663	  0.054	  0.746

5 	  41.10	  12.38	  -0.58
	  0.785	  0.614	  0.070
	  0.013	 -0.131	  0.991
	  0.618	 -0.778	 -0.111

6 	  48.96	   6.38	  -3.09
	  0.546	 -0.818	 -0.180
	  0.742	  0.373	  0.557
	 -0.389	 -0.438	  0.810

7 	  37.04	  -8.72	  -2.48
	  0.606	 -0.787	 -0.115
	  0.662	  0.580	 -0.474
	  0.439	  0.211	  0.873

8 	  41.89	 -14.20	   4.76
	  0.909	 -0.367	  0.196
	  0.026	 -0.421	 -0.907
	  0.415	  0.829	 -0.373

9 	  49.82	  -9.09	  -0.26
	  0.585	  0.604	 -0.541
	 -0.741	  0.128	 -0.659
	 -0.329	  0.786	  0.523

2 	  32.71	  -6.82	  23.01
	  0.390	  0.919	 -0.050
	 -0.921	  0.389	 -0.013
	  0.007	  0.051	  0.999

3 	  43.28	  -1.34	  -0.28
	 -0.646	 -0.003	 -0.763
	 -0.112	 -0.989	  0.098
	 -0.755	  0.149	  0.638

4 	  36.47	   3.80	  -5.48
	  0.574	  0.598	 -0.559
	 -0.478	  0.799	  0.364
	  0.664	  0.058	  0.745

5 	  41.03	  12.39	  -0.67
	  0.781	  0.622	  0.064
	  0.015	 -0.121	  0.992
	  0.625	 -0.774	 -0.104

6 	  48.94	   6.47	  -3.15
	  0.555	 -0.815	 -0.169
	  0.737	  0.388	  0.553
	 -0.385	 -0.431	  0.816

7 	  37.02	  -8.74	  -2.46
	  0.606	 -0.787	 -0.115
	  0.662	  0.579	 -0.475
	  0.440	  0.212	  0.872

8 	  41.87	 -14.22	   4.75
	  0.909	 -0.367	  0.194
	  0.025	 -0.419	 -0.907
	  0.415	  0.830	 -0.372

9 	  49.78	  -9.11	  -0.26
	  0.585	  0.605	 -0.540
	 -0.742	  0.129	 -0.658
	 -0.329	  0.786	  0.524

2 	  32.71	  -6.82	  23.01
	  0.390	  0.919	 -0.050
	 -0.921	  0.390	 -0.014
	  0.007	  0.051	  0.999

3 	  43.28	  -1.35	  -0.28
	 -0.646	 -0.005	 -0.763
	 -0.111	 -0.989	  0.101
	 -0.755	  0.150	  0.638

4 	  36.47	   3.76	  -5.48
	  0.573	  0.598	 -0.560
	 -0.480	  0.799	  0.362
	  0.664	  0.061	  0.745

5 	  40.99	  12.38	  -0.76
	  0.778	  0.624	  0.059
	  0.015	 -0.113	  0.993
	  0.627	 -0.773	 -0.098

6 	  48.97	   6.43	  -3.15
	  0.557	 -0.814	 -0.161
	  0.735	  0.394	  0.552
	 -0.386	 -0.426	  0.818

7 	  37.00	  -8.74	  -2.50
	  0.604	 -0.788	 -0.117
	  0.663	  0.579	 -0.474
	  0.441	  0.209	  0.873

8 	  41.85	 -14.27	   4.69
	  0.909	 -0.369	  0.193
	  0.025	 -0.415	 -0.909
	  0.416	  0.831	 -0.368

9 	  49.75	  -9.12	  -0.30
	  0.585	  0.606	 -0.538
	 -0.742	  0.131	 -0.658
	 -0.328	  0.784	  0.526

2 	  32.71	  -6.82	  23.01
	  0.390	  0.919	 -0.050
	 -0.921	  0.390	 -0.014
	  0.007	  0.051	  0.999

3 	  43.28	  -1.37	  -0.26
	 -0.646	 -0.006	 -0.763
	 -0.112	 -0.988	  0.102
	 -0.755	  0.151	  0.638

4 	  36.51	   3.76	  -5.48
	  0.574	  0.598	 -0.560
	 -0.480	  0.799	  0.361
	  0.663	  0.061	  0.745

5 	  41.01	  12.38	  -0.77
	  0.778	  0.625	  0.062
	  0.009	 -0.110	  0.994
	  0.628	 -0.773	 -0.091

6 	  49.01	   6.42	  -3.09
	  0.558	 -0.815	 -0.153
	  0.732	  0.397	  0.553
	 -0.391	 -0.421	  0.818

7 	  37.00	  -8.74	  -2.50
	  0.604	 -0.788	 -0.116
	  0.665	  0.579	 -0.471
	  0.438	  0.207	  0.874

8 	  41.82	 -14.29	   4.64
	  0.908	 -0.368	  0.199
	  0.037	 -0.405	 -0.914
	  0.417	  0.837	 -0.354

9 	  49.75	  -9.12	  -0.23
	  0.589	  0.612	 -0.528
	 -0.736	  0.135	 -0.663
	 -0.334	  0.779	  0.530

2 	  32.71	  -6.82	  23.01
	  0.390	  0.919	 -0.050
	 -0.921	  0.389	 -0.013
	  0.007	  0.051	  0.999

3 	  43.28	  -1.39	  -0.23
	 -0.643	 -0.006	 -0.766
	 -0.112	 -0.988	  0.102
	 -0.758	  0.151	  0.634

4 	  36.62	   3.76	  -5.48
	  0.582	  0.597	 -0.552
	 -0.482	  0.800	  0.356
	  0.654	  0.058	  0.754

5 	  41.12	  12.38	  -0.74
	  0.780	  0.621	  0.071
	 -0.006	 -0.106	  0.994
	  0.626	 -0.776	 -0.079

6 	  49.11	   6.38	  -2.83
	  0.558	 -0.819	 -0.136
	  0.723	  0.399	  0.563
	 -0.407	 -0.413	  0.815

7 	  37.12	  -8.74	  -2.53
	  0.609	 -0.786	 -0.107
	  0.669	  0.582	 -0.462
	  0.425	  0.210	  0.880

8 	  41.87	 -14.26	   4.69
	  0.908	 -0.358	  0.216
	  0.062	 -0.395	 -0.916
	  0.413	  0.846	 -0.337

9 	  49.87	  -9.00	   0.00
	  0.595	  0.624	 -0.507
	 -0.722	  0.138	 -0.678
	 -0.353	  0.769	  0.533

2 	  32.71	  -6.82	  23.01
	  0.390	  0.919	 -0.050
	 -0.921	  0.389	 -0.014
	  0.007	  0.051	  0.999

3 	  43.38	  -1.39	  -0.12
	 -0.631	 -0.006	 -0.775
	 -0.110	 -0.989	  0.098
	 -0.767	  0.147	  0.624

4 	  36.86	   3.83	  -5.43
	  0.595	  0.601	 -0.533
	 -0.492	  0.797	  0.350
	  0.635	  0.054	  0.770

5 	  41.24	  12.36	  -0.49
	  0.780	  0.617	  0.103
	 -0.043	 -0.112	  0.993
	  0.624	 -0.779	 -0.061

6 	  49.29	   6.35	  -2.25
	  0.562	 -0.820	 -0.108
	  0.700	  0.403	  0.589
	 -0.440	 -0.406	  0.801

7 	  37.30	  -8.74	  -2.53
	  0.618	 -0.780	 -0.092
	  0.674	  0.587	 -0.448
	  0.403	  0.216	  0.889

8 	  41.98	 -14.22	   4.78
	  0.907	 -0.346	  0.239
	  0.095	 -0.384	 -0.918
	  0.410	  0.856	 -0.316

9 	  50.01	  -8.82	   0.32
	  0.602	  0.637	 -0.481
	 -0.703	  0.138	 -0.697
	 -0.378	  0.758	  0.531

2 	  32.71	  -6.82	  23.01
	  0.390	  0.919	 -0.050
	 -0.921	  0.390	 -0.014
	  0.007	  0.051	  0.998

3 	  43.52	  -1.39	   0.04
	 -0.613	 -0.001	 -0.790
	 -0.110	 -0.990	  0.087
	 -0.782	  0.140	  0.607

4 	  37.21	   3.90	  -5.40
	  0.616	  0.605	 -0.504
	 -0.500	  0.795	  0.343
	  0.608	  0.041	  0.793

5 	  41.48	  12.34	  -0.09
	  0.780	  0.607	  0.154
	 -0.101	 -0.122	  0.987
	  0.618	 -0.786	 -0.034

6 	  49.57	   6.24	  -1.32
	  0.562	 -0.824	 -0.065
	  0.670	  0.409	  0.620
	 -0.484	 -0.392	  0.782

7 	  37.72	  -8.75	  -2.60
	  0.637	 -0.768	 -0.061
	  0.679	  0.597	 -0.428
	  0.365	  0.231	  0.902

8 	  42.22	 -14.08	   4.97
	  0.904	 -0.311	  0.294
	  0.168	 -0.373	 -0.912
	  0.393	  0.874	 -0.285

9 	  50.38	  -8.38	   1.23
	  0.630	  0.679	 -0.376
	 -0.643	  0.183	 -0.744
	 -0.436	  0.710	  0.552

2 	  32.71	  -6.82	  23.01
	  0.390	  0.919	 -0.050
	 -0.921	  0.390	 -0.014
	  0.007	  0.051	  0.998

3 	  43.79	  -1.32	   0.33
	 -0.584	  0.010	 -0.811
	 -0.109	 -0.992	  0.067
	 -0.804	  0.128	  0.580

4 	  37.71	   4.15	  -5.29
	  0.644	  0.615	 -0.454
	 -0.513	  0.788	  0.340
	  0.567	  0.014	  0.824

5 	  41.92	  12.20	   0.46
	  0.776	  0.588	  0.228
	 -0.165	 -0.160	  0.973
	  0.608	 -0.793	 -0.027

6 	  50.33	   6.22	   0.91
	  0.544	 -0.834	  0.093
	  0.506	  0.414	  0.756
	 -0.670	 -0.364	  0.647

7 	  38.21	  -8.67	  -2.62
	  0.663	 -0.747	 -0.037
	  0.678	  0.621	 -0.393
	  0.316	  0.236	  0.919

8 	  42.73	 -14.10	   4.71
	  0.885	 -0.259	  0.386
	  0.315	 -0.275	 -0.908
	  0.341	  0.926	 -0.162

9 	  50.94	  -7.40	   3.48
	  0.623	  0.777	 -0.090
	 -0.473	  0.283	 -0.834
	 -0.623	  0.562	  0.544

2 	  32.71	  -6.82	  23.01
	  0.390	  0.919	 -0.050
	 -0.921	  0.390	 -0.014
	  0.007	  0.051	  0.998

3 	  44.12	  -1.23	   0.69
	 -0.551	  0.025	 -0.834
	 -0.108	 -0.993	  0.042
	 -0.827	  0.113	  0.550

4 	  38.41	   4.41	  -5.12
	  0.700	  0.611	 -0.370
	 -0.516	  0.790	  0.330
	  0.494	 -0.041	  0.868

5 	  42.40	  12.15	   1.51
	  0.757	  0.533	  0.377
	 -0.349	 -0.157	  0.924
	  0.551	 -0.831	  0.067

6 	  50.33	   5.55	   2.78
	  0.487	 -0.854	  0.184
	  0.481	  0.438	  0.759
	 -0.729	 -0.281	  0.624

7 	  38.94	  -8.56	  -2.64
	  0.701	 -0.713	  0.011
	  0.671	  0.654	 -0.348
	  0.241	  0.251	  0.937

8 	  43.29	 -13.62	   5.26
	  0.842	 -0.172	  0.510
	  0.483	 -0.178	 -0.857
	  0.238	  0.969	 -0.067

9 	  51.06	  -6.38	   5.43
	  0.577	  0.816	  0.037
	 -0.373	  0.303	 -0.877
	 -0.727	  0.492	  0.479

2 	  32.71	  -6.82	  23.01
	  0.390	  0.919	 -0.050
	 -0.921	  0.389	 -0.013
	  0.007	  0.051	  0.999

3 	  44.49	  -1.14	   0.95
	 -0.522	  0.044	 -0.852
	 -0.103	 -0.995	  0.012
	 -0.847	  0.094	  0.524

4 	  39.02	   4.71	  -4.89
	  0.730	  0.619	 -0.288
	 -0.533	  0.781	  0.325
	  0.426	 -0.084	  0.901

5 	  42.70	  11.94	   2.62
	  0.736	  0.488	  0.469
	 -0.426	 -0.205	  0.881
	  0.526	 -0.848	  0.057

6 	  50.48	   5.22	   4.45
	  0.474	 -0.853	  0.217
	  0.426	  0.438	  0.792
	 -0.771	 -0.283	  0.571

7 	  39.52	  -8.54	  -2.60
	  0.718	 -0.694	  0.051
	  0.669	  0.670	 -0.322
	  0.188	  0.265	  0.945

8 	  43.68	 -13.41	   5.59
	  0.815	 -0.137	  0.562
	  0.544	 -0.151	 -0.825
	  0.198	  0.979	 -0.049

9 	  51.24	  -5.87	   6.63
	  0.563	  0.819	  0.107
	 -0.308	  0.328	 -0.893
	 -0.767	  0.469	  0.438

2 	  32.71	  -6.82	  23.01
	  0.390	  0.919	 -0.050
	 -0.921	  0.389	 -0.014
	  0.007	  0.051	  0.999

3 	  44.72	  -1.04	   1.25
	 -0.495	  0.055	 -0.867
	 -0.096	 -0.995	 -0.008
	 -0.864	  0.079	  0.497

4 	  39.53	   4.99	  -4.68
	  0.751	  0.622	 -0.221
	 -0.547	  0.774	  0.320
	  0.370	 -0.120	  0.921

5 	  43.00	  11.71	   3.48
	  0.712	  0.441	  0.546
	 -0.489	 -0.246	  0.837
	  0.503	 -0.863	  0.040

6 	  50.91	   4.96	   6.68
	  0.491	 -0.816	  0.304
	  0.392	  0.519	  0.760
	 -0.778	 -0.254	  0.575

7 	  39.96	  -8.60	  -2.57
	  0.731	 -0.677	  0.080
	  0.665	  0.683	 -0.302
	  0.149	  0.274	  0.950

8 	  44.03	 -13.13	   6.03
	  0.779	 -0.096	  0.620
	  0.609	 -0.117	 -0.784
	  0.148	  0.988	 -0.032

9 	  51.66	  -5.71	   8.49
	  0.588	  0.773	  0.238
	 -0.262	  0.461	 -0.848
	 -0.766	  0.436	  0.473

2 	  32.71	  -6.82	  23.01
	  0.390	  0.919	 -0.050
	 -0.921	  0.390	 -0.014
	  0.007	  0.051	  0.999

3 	  44.89	  -1.07	   1.42
	 -0.479	  0.072	 -0.875
	 -0.096	 -0.995	 -0.029
	 -0.873	  0.070	  0.483

4 	  40.18	   5.33	  -4.29
	  0.782	  0.612	 -0.121
	 -0.551	  0.768	  0.325
	  0.292	 -0.187	  0.938

5 	  43.31	  11.09	   4.97
	  0.661	  0.345	  0.666
	 -0.592	 -0.304	  0.746
	  0.460	 -0.888	  0.003

6 	  50.94	   4.50	   9.33
	  0.486	 -0.757	  0.437
	  0.349	  0.626	  0.697
	 -0.802	 -0.186	  0.568

7 	  40.62	  -8.74	  -2.37
	  0.744	 -0.649	  0.159
	  0.664	  0.694	 -0.277
	  0.069	  0.312	  0.947

8 	  44.19	 -12.64	   7.08
	  0.680	 -0.000	  0.733
	  0.729	 -0.100	 -0.677
	  0.073	  0.995	 -0.068

9 	  51.36	  -5.38	  11.50
	  0.552	  0.708	  0.440
	 -0.147	  0.602	 -0.785
	 -0.821	  0.368	  0.436

2 	  32.71	  -6.82	  23.01
	  0.390	  0.919	 -0.050
	 -0.921	  0.390	 -0.014
	  0.007	  0.051	  0.999

3 	  45.19	  -1.12	   1.74
	 -0.455	  0.092	 -0.885
	 -0.106	 -0.993	 -0.049
	 -0.884	  0.071	  0.462

4 	  41.01	   5.73	  -3.59
	  0.807	  0.589	  0.028
	 -0.567	  0.760	  0.317
	  0.165	 -0.272	  0.948

5 	  43.44	  10.07	   6.89
	  0.558	  0.183	  0.809
	 -0.728	 -0.359	  0.583
	  0.397	 -0.915	 -0.067

6 	  50.48	   4.13	  12.96
	  0.468	 -0.681	  0.563
	  0.223	  0.708	  0.670
	 -0.855	 -0.188	  0.482

7 	  41.15	  -8.89	  -1.99
	  0.704	 -0.655	  0.274
	  0.710	  0.658	 -0.251
	 -0.016	  0.371	  0.928

8 	  43.56	 -11.95	   8.58
	  0.626	  0.084	  0.775
	  0.763	 -0.267	 -0.588
	  0.158	  0.960	 -0.232

9 	  50.87	  -5.10	  12.38
	  0.575	  0.683	  0.449
	 -0.223	  0.659	 -0.718
	 -0.787	  0.312	  0.531

2 	  32.71	  -6.82	  23.01
	  0.389	  0.919	 -0.050
	 -0.921	  0.389	 -0.014
	  0.007	  0.051	  0.998

3 	  45.37	  -1.25	   2.09
	 -0.427	  0.114	 -0.897
	 -0.128	 -0.990	 -0.065
	 -0.895	  0.087	  0.438

4 	  41.41	   5.99	  -2.72
	  0.776	  0.613	  0.150
	 -0.626	  0.716	  0.308
	  0.081	 -0.333	  0.939

5 	  42.68	   9.44	   8.63
	  0.526	  0.130	  0.841
	 -0.672	 -0.542	  0.504
	  0.521	 -0.830	 -0.198

6 	  50.54	   4.04	  12.76
	  0.577	 -0.672	  0.464
	  0.234	  0.680	  0.694
	 -0.782	 -0.292	  0.550

7 	  41.41	  -8.98	  -1.90
	  0.686	 -0.663	  0.299
	  0.727	  0.643	 -0.240
	 -0.033	  0.382	  0.923

8 	  43.24	 -11.94	   8.96
	  0.603	  0.078	  0.794
	  0.764	 -0.345	 -0.546
	  0.231	  0.935	 -0.267

9 	  50.87	  -5.47	  12.69
	  0.599	  0.679	  0.423
	 -0.154	  0.617	 -0.772
	 -0.786	  0.397	  0.474

2 	  32.71	  -6.82	  23.01
	  0.390	  0.919	 -0.050
	 -0.921	  0.390	 -0.014
	  0.007	  0.051	  0.999

3 	  45.39	  -1.25	   2.20
	 -0.416	  0.127	 -0.900
	 -0.124	 -0.989	 -0.082
	 -0.901	  0.077	  0.427

4 	  41.41	   6.01	  -2.65
	  0.771	  0.618	  0.156
	 -0.632	  0.710	  0.309
	  0.080	 -0.337	  0.938

5 	  42.61	   9.63	   8.70
	  0.521	  0.129	  0.844
	 -0.683	 -0.531	  0.502
	  0.512	 -0.838	 -0.188

6 	  50.50	   4.08	  12.62
	  0.586	 -0.678	  0.443
	  0.255	  0.674	  0.693
	 -0.769	 -0.293	  0.568

7 	  41.52	  -8.95	  -1.90
	  0.690	 -0.658	  0.301
	  0.722	  0.650	 -0.236
	 -0.041	  0.380	  0.924

8 	  43.31	 -12.01	   8.98
	  0.597	  0.079	  0.798
	  0.770	 -0.335	 -0.543
	  0.225	  0.939	 -0.261

9 	  50.87	  -5.41	  12.67
	  0.594	  0.685	  0.422
	 -0.159	  0.614	 -0.773
	 -0.789	  0.392	  0.474

2 	  32.71	  -6.82	  23.01
	  0.390	  0.919	 -0.050
	 -0.921	  0.390	 -0.014
	  0.007	  0.051	  0.999

3 	  45.39	  -1.20	   2.25
	 -0.412	  0.129	 -0.902
	 -0.122	 -0.989	 -0.086
	 -0.903	  0.074	  0.423

4 	  41.40	   6.13	  -2.57
	  0.765	  0.623	  0.163
	 -0.639	  0.703	  0.312
	  0.080	 -0.344	  0.935

5 	  42.50	   9.60	   8.86
	  0.518	  0.125	  0.846
	 -0.671	 -0.553	  0.493
	  0.530	 -0.824	 -0.203

6 	  50.48	   4.13	  12.64
	  0.593	 -0.679	  0.432
	  0.257	  0.669	  0.698
	 -0.763	 -0.303	  0.571

7 	  41.57	  -8.86	  -1.86
	  0.690	 -0.656	  0.304
	  0.722	  0.650	 -0.236
	 -0.043	  0.383	  0.923

8 	  43.19	 -11.85	   9.07
	  0.595	  0.073	  0.800
	  0.765	 -0.357	 -0.536
	  0.246	  0.931	 -0.269

9 	  50.85	  -5.40	  12.73
	  0.594	  0.684	  0.422
	 -0.160	  0.615	 -0.772
	 -0.788	  0.391	  0.475

2 	  32.71	  -6.82	  23.01
	  0.390	  0.919	 -0.050
	 -0.921	  0.389	 -0.013
	  0.007	  0.051	  0.999

3 	  45.39	  -1.07	   2.25
	 -0.412	  0.134	 -0.901
	 -0.117	 -0.989	 -0.094
	 -0.904	  0.066	  0.423

4 	  41.33	   6.29	  -2.48
	  0.759	  0.628	  0.172
	 -0.646	  0.693	  0.320
	  0.082	 -0.354	  0.931

5 	  42.45	   9.65	   8.96
	  0.519	  0.120	  0.846
	 -0.667	 -0.561	  0.489
	  0.534	 -0.819	 -0.211

6 	  50.43	   4.18	  12.66
	  0.606	 -0.680	  0.413
	  0.262	  0.661	  0.703
	 -0.751	 -0.318	  0.578

7 	  41.55	  -8.79	  -1.90
	  0.692	 -0.656	  0.303
	  0.721	  0.652	 -0.235
	 -0.044	  0.381	  0.923

8 	  43.21	 -11.87	   9.02
	  0.595	  0.070	  0.800
	  0.764	 -0.355	 -0.538
	  0.246	  0.932	 -0.266

9 	  50.85	  -5.40	  12.69
	  0.596	  0.682	  0.424
	 -0.162	  0.619	 -0.768
	 -0.787	  0.389	  0.479

2 	  32.70	  -6.82	  23.03
	  0.390	  0.919	 -0.050
	 -0.921	  0.389	 -0.014
	  0.006	  0.051	  0.999

3 	  45.33	  -0.95	   2.29
	 -0.410	  0.144	 -0.901
	 -0.111	 -0.988	 -0.108
	 -0.905	  0.056	  0.421

4 	  41.26	   6.42	  -2.37
	  0.755	  0.630	  0.179
	 -0.650	  0.685	  0.328
	  0.084	 -0.364	  0.927

5 	  42.35	   9.65	   9.09
	  0.521	  0.113	  0.846
	 -0.662	 -0.571	  0.484
	  0.538	 -0.813	 -0.223

6 	  50.41	   4.20	  12.67
	  0.611	 -0.680	  0.405
	  0.264	  0.657	  0.705
	 -0.747	 -0.324	  0.581

7 	  41.59	  -8.68	  -1.95
	  0.694	 -0.655	  0.298
	  0.718	  0.656	 -0.231
	 -0.045	  0.375	  0.926

8 	  43.24	 -11.83	   8.91
	  0.595	  0.065	  0.801
	  0.765	 -0.350	 -0.540
	  0.245	  0.934	 -0.258

9 	  50.85	  -5.36	  12.66
	  0.596	  0.679	  0.428
	 -0.162	  0.624	 -0.764
	 -0.787	  0.386	  0.482

2 	  32.70	  -6.82	  23.03
	  0.390	  0.919	 -0.050
	 -0.921	  0.389	 -0.014
	  0.007	  0.051	  0.998

3 	  45.33	  -0.86	   2.30
	 -0.408	  0.149	 -0.901
	 -0.108	 -0.988	 -0.114
	 -0.906	  0.050	  0.419

4 	  41.26	   6.50	  -2.34
	  0.753	  0.631	  0.182
	 -0.652	  0.682	  0.331
	  0.085	 -0.369	  0.925

5 	  42.35	   9.70	   9.14
	  0.521	  0.109	  0.846
	 -0.661	 -0.575	  0.481
	  0.539	 -0.811	 -0.228

6 	  50.43	   4.20	  12.64
	  0.614	 -0.681	  0.398
	  0.265	  0.653	  0.709
	 -0.743	 -0.330	  0.582

7 	  41.62	  -8.54	  -1.99
	  0.697	 -0.654	  0.296
	  0.715	  0.661	 -0.224
	 -0.049	  0.368	  0.928

8 	  43.22	 -11.79	   8.89
	  0.593	  0.061	  0.802
	  0.766	 -0.347	 -0.540
	  0.245	  0.936	 -0.253

9 	  50.84	  -5.33	  12.67
	  0.594	  0.678	  0.432
	 -0.163	  0.627	 -0.762
	 -0.788	  0.382	  0.483

2 	  32.71	  -6.82	  23.01
	  0.390	  0.919	 -0.050
	 -0.921	  0.389	 -0.014
	  0.007	  0.051	  0.999

3 	  45.35	  -0.79	   2.34
	 -0.406	  0.152	 -0.901
	 -0.105	 -0.987	 -0.119
	 -0.908	  0.046	  0.416

4 	  41.29	   6.59	  -2.29
	  0.752	  0.631	  0.190
	 -0.654	  0.679	  0.333
	  0.081	 -0.375	  0.923

5 	  42.33	   9.74	   9.21
	  0.520	  0.105	  0.847
	 -0.661	 -0.578	  0.478
	  0.540	 -0.809	 -0.231

6 	  50.43	   4.24	  12.66
	  0.618	 -0.682	  0.391
	  0.265	  0.649	  0.713
	 -0.740	 -0.337	  0.582

7 	  41.71	  -8.38	  -2.04
	  0.698	 -0.653	  0.294
	  0.714	  0.667	 -0.215
	 -0.056	  0.360	  0.931

8 	  43.26	 -11.76	   8.84
	  0.591	  0.057	  0.804
	  0.768	 -0.344	 -0.540
	  0.246	  0.937	 -0.247

9 	  50.84	  -5.31	  12.66
	  0.592	  0.677	  0.436
	 -0.162	  0.630	 -0.759
	 -0.789	  0.379	  0.483

