% Calibrated with leiden_pols
% Positions are in centimeters
Data =[
 2    36.379    -7.207    15.721
 2     0.945    -0.327    -0.004
 2     0.326     0.943     0.050
 2    -0.011    -0.050     0.998
 3    41.542     3.003    -2.264
 3     0.690    -0.686     0.233
 3     0.684     0.514    -0.517
 3     0.234     0.515     0.824
 4    42.144    -7.026    -1.844
 4     0.650     0.746     0.143
 4    -0.709     0.528     0.467
 4     0.273    -0.405     0.872
 5    43.833    -7.913     2.363
 5     0.271     0.116     0.956
 5    -0.287    -0.938     0.195
 5     0.919    -0.326    -0.220
 6    46.085    -9.843     7.835
 6     0.160     0.743    -0.652
 6    -0.109     0.667     0.734
 6     0.981    -0.045     0.186
 7    47.129    -1.715    -1.972
 7     0.359     0.200    -0.912
 7    -0.124     0.978     0.165
 7     0.925     0.054     0.376
 8    42.453     5.672     2.085
 8     0.238    -0.191     0.952
 8     0.432    -0.858    -0.279
 8     0.870     0.476    -0.121
 9    46.828     6.550     9.004
 9     0.358    -0.571    -0.742
 9     0.108     0.811    -0.572
 9     0.927     0.123     0.351
 2    36.379    -7.207    15.721
 2     0.945    -0.328    -0.005
 2     0.326     0.943     0.050
 2    -0.011    -0.051     0.999
 3    41.490     2.978    -2.266
 3     0.690    -0.685     0.236
 3     0.685     0.511    -0.519
 3     0.234     0.519     0.822
 4    42.132    -7.048    -1.834
 4     0.646     0.749     0.143
 4    -0.710     0.523     0.471
 4     0.278    -0.406     0.870
 5    43.546    -8.329     2.394
 5     0.235     0.059     0.970
 5    -0.370    -0.918     0.145
 5     0.899    -0.392    -0.194
 6    45.580   -10.955     7.686
 6     0.140     0.778    -0.615
 6    -0.198     0.627     0.752
 6     0.970     0.018     0.239
 7    47.117    -1.735    -1.965
 7     0.355     0.196    -0.914
 7    -0.121     0.979     0.162
 7     0.927     0.054     0.371
 8    42.104     5.922     2.157
 8     0.202    -0.133     0.970
 8     0.510    -0.832    -0.219
 8     0.836     0.538    -0.100
 9    46.447     7.733     8.895
 9     0.348    -0.646    -0.683
 9     0.222     0.761    -0.606
 9     0.910     0.058     0.408
 2    36.379    -7.207    15.721
 2     0.945    -0.328    -0.005
 2     0.326     0.943     0.050
 2    -0.011    -0.051     0.999
 3    41.390     2.900    -2.244
 3     0.678    -0.692     0.250
 3     0.699     0.502    -0.509
 3     0.226     0.519     0.823
 4    42.128    -7.051    -1.830
 4     0.643     0.753     0.142
 4    -0.714     0.522     0.466
 4     0.277    -0.401     0.873
 5    43.209    -8.973     2.468
 5     0.216    -0.008     0.976
 5    -0.493    -0.865     0.102
 5     0.843    -0.503    -0.191
 6    45.119   -12.605     7.251
 6     0.147     0.813    -0.566
 6    -0.337     0.576     0.744
 6     0.930     0.083     0.356
 7    47.080    -1.736    -1.936
 7     0.356     0.183    -0.917
 7    -0.121     0.981     0.148
 7     0.926     0.059     0.371
 8    41.563     6.232     2.275
 8     0.167     0.045     0.985
 8     0.636    -0.768    -0.073
 8     0.753     0.639    -0.157
 9    45.797     9.626     8.392
 9     0.356    -0.778    -0.523
 9     0.415     0.628    -0.656
 9     0.837     0.017     0.544
 2    36.381    -7.206    15.718
 2     0.945    -0.327    -0.005
 2     0.326     0.943     0.050
 2    -0.010    -0.051     0.998
 3    41.172     2.861    -2.202
 3     0.664    -0.694     0.280
 3     0.720     0.492    -0.489
 3     0.202     0.525     0.826
 4    41.998    -7.032    -1.859
 4     0.643     0.751     0.150
 4    -0.725     0.534     0.434
 4     0.246    -0.388     0.888
 5    42.884    -9.602     2.446
 5     0.209    -0.064     0.975
 5    -0.613    -0.786     0.080
 5     0.762    -0.614    -0.204
 6    44.610   -14.304     6.446
 6     0.140     0.850    -0.511
 6    -0.489     0.504     0.711
 6     0.861     0.151     0.484
 7    47.028    -1.668    -1.942
 7     0.363     0.163    -0.918
 7    -0.126     0.984     0.124
 7     0.923     0.070     0.377
 8    41.088     6.671     2.334
 8     0.140     0.252     0.958
 8     0.756    -0.651     0.061
 8     0.639     0.716    -0.281
 9    45.031    11.487     7.532
 9     0.348    -0.879    -0.333
 9     0.598     0.477    -0.643
 9     0.721     0.026     0.690
 2    36.379    -7.207    15.721
 2     0.945    -0.328    -0.005
 2     0.326     0.943     0.050
 2    -0.011    -0.051     0.999
 3    40.857     2.832    -2.187
 3     0.646    -0.691     0.324
 3     0.746     0.483    -0.458
 3     0.160     0.537     0.828
 4    41.747    -6.940    -1.809
 4     0.644     0.743     0.182
 4    -0.743     0.550     0.381
 4     0.183    -0.381     0.906
 5    42.533   -10.178     2.385
 5     0.203    -0.173     0.964
 5    -0.736    -0.676     0.034
 5     0.646    -0.716    -0.264
 6    43.989   -15.899     5.341
 6     0.139     0.903    -0.409
 6    -0.645     0.393     0.655
 6     0.751     0.173     0.635
 7    46.976    -1.623    -1.949
 7     0.370     0.147    -0.917
 7    -0.130     0.986     0.106
 7     0.920     0.080     0.383
 8    40.607     7.141     2.178
 8     0.113     0.450     0.886
 8     0.860    -0.490     0.140
 8     0.497     0.747    -0.441
 9    44.077    13.070     6.244
 9     0.314    -0.939    -0.141
 9     0.757     0.336    -0.561
 9     0.573     0.070     0.816
 2    36.379    -7.207    15.721
 2     0.945    -0.328    -0.005
 2     0.326     0.943     0.050
 2    -0.011    -0.051     0.999
 3    40.494     2.683    -2.160
 3     0.626    -0.684     0.375
 3     0.773     0.485    -0.408
 3     0.097     0.545     0.832
 4    41.387    -6.889    -1.777
 4     0.639     0.734     0.231
 4    -0.762     0.564     0.317
 4     0.102    -0.379     0.919
 5    42.203   -10.755     2.280
 5     0.212    -0.336     0.918
 5    -0.854    -0.519     0.007
 5     0.475    -0.786    -0.397
 6    43.449   -17.339     3.772
 6     0.160     0.958    -0.239
 6    -0.789     0.268     0.554
 6     0.593     0.098     0.797
 7    46.881    -1.636    -1.983
 7     0.381     0.131    -0.915
 7    -0.136     0.987     0.084
 7     0.914     0.092     0.394
 8    40.106     7.587     1.788
 8     0.095     0.592     0.801
 8     0.937    -0.323     0.129
 8     0.335     0.738    -0.584
 9    43.222    14.156     4.661
 9     0.292    -0.956     0.011
 9     0.863     0.258    -0.435
 9     0.412     0.137     0.900
 2    36.381    -7.206    15.718
 2     0.945    -0.327    -0.005
 2     0.326     0.943     0.050
 2    -0.010    -0.051     0.998
 3    40.064     2.551    -2.138
 3     0.605    -0.672     0.428
 3     0.795     0.492    -0.352
 3     0.026     0.553     0.832
 4    41.000    -6.799    -1.706
 4     0.634     0.718     0.289
 4    -0.774     0.584     0.245
 4     0.007    -0.378     0.925
 5    41.966   -11.125     2.046
 5     0.222    -0.456     0.863
 5    -0.920    -0.390     0.029
 5     0.324    -0.800    -0.505
 6    42.987   -18.161     2.234
 6     0.172     0.981    -0.085
 6    -0.879     0.191     0.438
 6     0.445    -0.002     0.895
 7    46.803    -1.591    -2.057
 7     0.391     0.122    -0.912
 7    -0.138     0.988     0.072
 7     0.910     0.097     0.403
 8    39.724     7.950     1.292
 8     0.083     0.666     0.742
 8     0.976    -0.202     0.075
 8     0.200     0.718    -0.666
 9    42.577    14.800     3.081
 9     0.275    -0.956     0.105
 9     0.923     0.231    -0.308
 9     0.270     0.181     0.945
 2    36.381    -7.206    15.718
 2     0.945    -0.327    -0.005
 2     0.326     0.943     0.050
 2    -0.010    -0.051     0.998
 3    39.724     2.420    -2.125
 3     0.586    -0.661     0.471
 3     0.809     0.505    -0.298
 3    -0.041     0.555     0.830
 4    40.513    -6.699    -1.589
 4     0.615     0.703     0.357
 4    -0.782     0.602     0.161
 4    -0.102    -0.378     0.920
 5    41.801   -11.407     1.728
 5     0.224    -0.567     0.794
 5    -0.958    -0.278     0.071
 5     0.181    -0.776    -0.604
 6    42.494   -18.582     0.820
 6     0.174     0.982     0.071
 6    -0.936     0.142     0.323
 6     0.307    -0.124     0.943
 7    46.682    -1.577    -2.109
 7     0.405     0.113    -0.907
 7    -0.142     0.988     0.059
 7     0.903     0.105     0.416
 8    39.405     8.179     0.827
 8     0.073     0.731     0.679
 8     0.994    -0.110     0.014
 8     0.084     0.673    -0.734
 9    41.932    15.156     1.682
 9     0.249    -0.948     0.198
 9     0.958     0.210    -0.194
 9     0.143     0.237     0.961
 2    36.379    -7.207    15.721
 2     0.945    -0.328    -0.005
 2     0.326     0.943     0.050
 2    -0.011    -0.051     0.999
 3    39.330     2.312    -2.037
 3     0.565    -0.646     0.515
 3     0.818     0.519    -0.245
 3    -0.109     0.559     0.821
 4    40.244    -6.658    -1.494
 4     0.606     0.682     0.409
 4    -0.777     0.618     0.119
 4    -0.171    -0.390     0.904
 5    41.550   -11.577     1.556
 5     0.208    -0.643     0.738
 5    -0.976    -0.188     0.110
 5     0.067    -0.742    -0.666
 6    41.877   -18.839    -0.339
 6     0.161     0.966     0.203
 6    -0.970     0.115     0.215
 6     0.184    -0.232     0.955
 7    46.580    -1.559    -2.247
 7     0.425     0.107    -0.899
 7    -0.138     0.989     0.052
 7     0.894     0.102     0.435
 8    39.094     8.367     0.287
 8     0.057     0.817     0.575
 8     0.997    -0.014    -0.077
 8    -0.056     0.577    -0.815
 9    41.069    15.299    -0.098
 9     0.211    -0.910     0.359
 9     0.977     0.205    -0.051
 9    -0.026     0.359     0.932
 2    36.379    -7.207    15.721
 2     0.945    -0.327    -0.005
 2     0.326     0.943     0.050
 2    -0.011    -0.051     0.998
 3    38.851     2.128    -1.883
 3     0.541    -0.616     0.574
 3     0.817     0.546    -0.182
 3    -0.201     0.567     0.798
 4    39.784    -6.640    -1.330
 4     0.585     0.659     0.474
 4    -0.768     0.636     0.063
 4    -0.260    -0.401     0.878
 5    41.272   -11.726     1.268
 5     0.181    -0.729     0.661
 5    -0.982    -0.094     0.164
 5    -0.058    -0.678    -0.732
 6    41.145   -18.944    -1.512
 6     0.142     0.927     0.348
 6    -0.988     0.113     0.102
 6     0.056    -0.358     0.932
 7    46.403    -1.541    -2.379
 7     0.447     0.105    -0.888
 7    -0.132     0.990     0.050
 7     0.884     0.095     0.457
 8    38.845     8.470    -0.392
 8     0.052     0.898     0.438
 8     0.978     0.042    -0.201
 8    -0.200     0.438    -0.876
 9    40.240    15.069    -1.964
 9     0.182    -0.776     0.607
 9     0.961     0.267     0.057
 9    -0.207     0.572     0.792
 2    36.379    -7.207    15.721
 2     0.945    -0.327    -0.005
 2     0.326     0.943     0.050
 2    -0.011    -0.050     0.999
 3    38.229     1.978    -1.650
 3     0.511    -0.562     0.651
 3     0.803     0.580    -0.130
 3    -0.306     0.589     0.747
 4    39.134    -6.663    -1.132
 4     0.548     0.623     0.559
 4    -0.755     0.655     0.009
 4    -0.361    -0.427     0.829
 5    41.224   -11.893     0.926
 5     0.222    -0.800     0.559
 5    -0.959    -0.075     0.271
 5    -0.176    -0.595    -0.783
 6    41.299   -18.725    -2.692
 6     0.224     0.831     0.510
 6    -0.971     0.234     0.041
 6    -0.084    -0.504     0.859
 7    45.976    -1.620    -2.518
 7     0.491     0.139    -0.860
 7    -0.131     0.988     0.084
 7     0.861     0.071     0.503
 8    38.805     8.430    -1.244
 8     0.084     0.963     0.257
 8     0.943     0.007    -0.332
 8    -0.322     0.269    -0.907
 9    39.869    14.521    -3.687
 9     0.185    -0.573     0.800
 9     0.915     0.393     0.072
 9    -0.357     0.719     0.595
 2    36.379    -7.207    15.721
 2     0.945    -0.327    -0.005
 2     0.326     0.943     0.050
 2    -0.011    -0.051     0.999
 3    37.615     1.838    -1.550
 3     0.489    -0.487     0.724
 3     0.779     0.616    -0.111
 3    -0.393     0.618     0.680
 4    38.702    -6.633    -0.989
 4     0.539     0.556     0.633
 4    -0.713     0.700    -0.008
 4    -0.448    -0.447     0.774
 5    41.281   -11.877     0.520
 5     0.255    -0.848     0.467
 5    -0.927    -0.078     0.364
 5    -0.273    -0.525    -0.806
 6    41.238   -18.443    -3.749
 6     0.246     0.761     0.603
 6    -0.949     0.313    -0.011
 6    -0.197    -0.568     0.797
 7    45.810    -1.582    -2.619
 7     0.514     0.128    -0.848
 7    -0.128     0.989     0.072
 7     0.848     0.072     0.525
 8    38.414     8.383    -1.856
 8     0.061     0.989     0.136
 8     0.911     0.000    -0.413
 8    -0.409     0.149    -0.901
 9    38.768    14.020    -4.941
 9     0.133    -0.386     0.914
 9     0.863     0.495     0.084
 9    -0.487     0.778     0.397
 2    36.379    -7.207    15.721
 2     0.945    -0.328    -0.005
 2     0.326     0.943     0.050
 2    -0.011    -0.051     0.999
 3    37.231     1.856    -1.454
 3     0.449    -0.460     0.766
 3     0.781     0.618    -0.087
 3    -0.434     0.638     0.636
 4    38.420    -6.591    -0.894
 4     0.520     0.539     0.663
 4    -0.707     0.706    -0.019
 4    -0.479    -0.459     0.748
 5    41.135   -11.841     0.456
 5     0.250    -0.869     0.428
 5    -0.919    -0.072     0.387
 5    -0.306    -0.489    -0.817
 6    41.000   -18.332    -3.977
 6     0.247     0.724     0.647
 6    -0.943     0.333    -0.015
 6    -0.225    -0.604     0.762
 7    45.579    -1.542    -2.667
 7     0.536     0.128    -0.835
 7    -0.121     0.990     0.074
 7     0.835     0.061     0.545
 8    38.268     8.419    -1.992
 8     0.055     0.994     0.088
 8     0.910    -0.013    -0.415
 8    -0.411     0.103    -0.906
 9    38.539    14.027    -5.032
 9     0.123    -0.327     0.938
 9     0.865     0.497     0.061
 9    -0.487     0.803     0.342
 2    36.379    -7.207    15.721
 2     0.945    -0.327    -0.005
 2     0.326     0.943     0.050
 2    -0.011    -0.051     0.998
 3    36.983     1.822    -1.385
 3     0.434    -0.439     0.787
 3     0.782     0.615    -0.088
 3    -0.446     0.654     0.610
 4    38.083    -6.605    -0.786
 4     0.494     0.526     0.693
 4    -0.703     0.710    -0.038
 4    -0.512    -0.468     0.719
 5    40.891   -11.859     0.359
 5     0.238    -0.885     0.401
 5    -0.911    -0.060     0.406
 5    -0.336    -0.461    -0.821
 6    40.559   -18.290    -4.282
 6     0.233     0.706     0.671
 6    -0.937     0.345    -0.041
 6    -0.261    -0.618     0.740
 7    45.435    -1.581    -2.736
 7     0.551     0.133    -0.824
 7    -0.124     0.989     0.075
 7     0.825     0.061     0.561
 8    38.120     8.429    -2.069
 8     0.043     0.998     0.052
 8     0.909    -0.017    -0.416
 8    -0.414     0.065    -0.908
 9    38.181    14.021    -5.152
 9     0.104    -0.290     0.952
 9     0.860     0.505     0.060
 9    -0.499     0.812     0.300
 2    36.379    -7.207    15.721
 2     0.945    -0.328    -0.005
 2     0.326     0.943     0.050
 2    -0.011    -0.051     0.999
 3    36.740     1.853    -1.318
 3     0.423    -0.406     0.811
 3     0.777     0.621    -0.095
 3    -0.466     0.670     0.577
 4    37.763    -6.588    -0.614
 4     0.467     0.510     0.723
 4    -0.700     0.712    -0.050
 4    -0.540    -0.483     0.689
 5    40.708   -11.879     0.264
 5     0.248    -0.904     0.348
 5    -0.890    -0.070     0.450
 5    -0.384    -0.421    -0.822
 6    40.448   -18.068    -4.689
 6     0.256     0.659     0.710
 6    -0.913     0.403    -0.047
 6    -0.317    -0.635     0.703
 7    45.161    -1.607    -2.710
 7     0.575     0.144    -0.806
 7    -0.132     0.988     0.082
 7     0.807     0.059     0.586
 8    38.076     8.335    -2.205
 8     0.073     0.997     0.010
 8     0.894    -0.061    -0.444
 8    -0.442     0.041    -0.896
 9    38.177    13.639    -5.541
 9     0.125    -0.231     0.965
 9     0.821     0.569     0.030
 9    -0.557     0.789     0.260
 2    36.379    -7.207    15.721
 2     0.945    -0.328    -0.005
 2     0.326     0.943     0.050
 2    -0.011    -0.051     0.999
 3    36.487     1.799    -1.234
 3     0.417    -0.363     0.833
 3     0.765     0.635    -0.106
 3    -0.491     0.682     0.542
 4    37.565    -6.660    -0.506
 4     0.460     0.470     0.754
 4    -0.683     0.729    -0.037
 4    -0.567    -0.498     0.656
 5    40.794   -11.809     0.181
 5     0.270    -0.919     0.287
 5    -0.866    -0.101     0.490
 5    -0.422    -0.380    -0.823
 6    40.481   -17.866    -5.058
 6     0.275     0.602     0.752
 6    -0.889     0.455    -0.041
 6    -0.367    -0.656     0.657
 7    45.064    -1.619    -2.728
 7     0.590     0.141    -0.796
 7    -0.132     0.988     0.076
 7     0.796     0.060     0.601
 8    40.487     8.387     0.097
 8     0.063     0.996    -0.053
 8     0.870    -0.081    -0.487
 8    -0.489    -0.015    -0.872
 9    37.535    13.025    -6.439
 9     0.084    -0.095     0.992
 9     0.767     0.642    -0.004
 9    -0.636     0.760     0.127
 2    36.381    -7.209    15.722
 2     0.947    -0.322    -0.005
 2     0.320     0.945     0.051
 2    -0.011    -0.051     0.998
 3    36.368     1.743    -1.214
 3     0.402    -0.322     0.857
 3     0.753     0.648    -0.111
 3    -0.520     0.690     0.503
 4    37.369    -6.618    -0.368
 4     0.422     0.459     0.782
 4    -0.669     0.739    -0.073
 4    -0.612    -0.493     0.618
 5    40.547   -11.770    -0.122
 5     0.225    -0.953     0.201
 5    -0.826    -0.078     0.557
 5    -0.516    -0.292    -0.805
 6    39.662   -17.420    -5.982
 6     0.230     0.512     0.829
 6    -0.843     0.528    -0.092
 6    -0.486    -0.678     0.551
 7    45.031    -1.680    -2.806
 7     0.602     0.147    -0.785
 7    -0.133     0.987     0.082
 7     0.787     0.054     0.614
 8    40.289     8.107    -0.382
 8     0.044     0.985    -0.166
 8     0.818    -0.130    -0.561
 8    -0.573    -0.111    -0.812
 9    36.693    12.016    -7.589
 9     0.030     0.120     0.992
 9     0.669     0.736    -0.108
 9    -0.742     0.666    -0.059
 2    36.382    -7.209    15.748
 2     0.948    -0.320    -0.005
 2     0.318     0.946     0.051
 2    -0.011    -0.051     0.998
 3    36.155     1.617    -1.112
 3     0.401    -0.258     0.879
 3     0.727     0.673    -0.134
 3    -0.558     0.693     0.457
 4    36.914    -6.649     0.076
 4     0.368     0.392     0.843
 4    -0.633     0.769    -0.081
 4    -0.681    -0.505     0.531
 5    40.142   -11.590    -0.463
 5     0.209    -0.973     0.095
 5    -0.730    -0.090     0.677
 5    -0.651    -0.211    -0.729
 6    38.841   -16.237    -7.230
 6     0.215     0.419     0.883
 6    -0.712     0.684    -0.152
 6    -0.669    -0.596     0.444
 7    44.870    -1.790    -2.795
 7     0.626     0.161    -0.764
 7    -0.150     0.985     0.083
 7     0.765     0.062     0.640
 8    40.093     7.668    -0.802
 8     0.067     0.983    -0.173
 8     0.744    -0.164    -0.648
 8    -0.664    -0.085    -0.742
 9    36.171    10.303    -8.596
 9     0.020     0.168     0.986
 9     0.493     0.857    -0.154
 9    -0.870     0.486    -0.066
 2    36.356    -7.210    15.748
 2     0.948    -0.320    -0.004
 2     0.318     0.946     0.050
 2    -0.011    -0.051     0.999
 3    35.952     1.554    -1.049
 3     0.384    -0.219     0.897
 3     0.710     0.691    -0.136
 3    -0.590     0.689     0.420
 4    36.833    -6.629     0.151
 4     0.351     0.359     0.865
 4    -0.612     0.786    -0.078
 4    -0.708    -0.503     0.495
 5    40.049   -11.413    -0.563
 5     0.153    -0.988    -0.015
 5    -0.688    -0.117     0.716
 5    -0.709    -0.099    -0.698
 6    38.097   -15.868    -7.438
 6     0.146     0.299     0.943
 6    -0.673     0.728    -0.127
 6    -0.725    -0.617     0.306
 7    44.833    -1.751    -2.804
 7     0.635     0.159    -0.756
 7    -0.155     0.985     0.075
 7     0.756     0.070     0.650
 8    39.680     7.279    -1.272
 8     0.032     0.973    -0.230
 8     0.687    -0.188    -0.703
 8    -0.726    -0.135    -0.673
 9    35.241     9.514    -9.555
 9    -0.048     0.237     0.970
 9     0.441     0.878    -0.190
 9    -0.896     0.416    -0.147
 2    36.382    -7.209    15.748
 2     0.948    -0.319    -0.005
 2     0.318     0.946     0.051
 2    -0.011    -0.051     0.998
 3    35.715     1.392    -1.006
 3     0.356    -0.194     0.914
 3     0.696     0.707    -0.121
 3    -0.623     0.680     0.387
 4    36.672    -6.655     0.323
 4     0.321     0.345     0.882
 4    -0.612     0.786    -0.085
 4    -0.723    -0.513     0.463
 5    39.847   -11.296    -0.646
 5     0.123    -0.989    -0.081
 5    -0.640    -0.141     0.756
 5    -0.759    -0.041    -0.650
 6    37.454   -15.236    -7.751
 6     0.113     0.228     0.967
 6    -0.584     0.802    -0.120
 6    -0.803    -0.552     0.224
 7    44.673    -1.817    -2.823
 7     0.656     0.158    -0.738
 7    -0.151     0.985     0.076
 7     0.739     0.061     0.670
 8    39.182     6.826    -1.590
 8     0.008     0.965    -0.261
 8     0.629    -0.207    -0.750
 8    -0.777    -0.158    -0.608
 9    34.437     8.532   -10.132
 9    -0.085     0.264     0.961
 9     0.360     0.907    -0.217
 9    -0.929     0.325    -0.173
 2    36.382    -7.209    15.748
 2     0.948    -0.320    -0.005
 2     0.318     0.946     0.051
 2    -0.011    -0.051     0.998
 3    35.395     1.270    -0.957
 3     0.338    -0.172     0.925
 3     0.688     0.716    -0.119
 3    -0.642     0.676     0.360
 4    36.367    -6.681     0.557
 4     0.287     0.291     0.912
 4    -0.578     0.812    -0.077
 4    -0.763    -0.506     0.402
 5    39.538   -10.965    -0.929
 5     0.121    -0.983    -0.138
 5    -0.544    -0.182     0.819
 5    -0.830    -0.024    -0.556
 6    37.029   -14.077    -8.375
 6     0.106     0.188     0.976
 6    -0.478     0.871    -0.116
 6    -0.872    -0.454     0.182
 7    44.472    -1.818    -2.802
 7     0.677     0.163    -0.719
 7    -0.160     0.984     0.071
 7     0.718     0.066     0.692
 8    38.749     6.335    -1.865
 8     0.003     0.960    -0.280
 8     0.549    -0.234    -0.803
 8    -0.836    -0.151    -0.527
 9    33.874     7.388   -10.760
 9    -0.100     0.263     0.959
 9     0.267     0.936    -0.228
 9    -0.958     0.231    -0.165
 2    36.334    -7.251    15.782
 2     0.946    -0.325     0.014
 2     0.322     0.944     0.056
 2    -0.031    -0.050     0.998
 3    35.190     1.215    -0.916
 3     0.337    -0.152     0.929
 3     0.670     0.731    -0.124
 3    -0.661     0.665     0.348
 4    36.133    -6.546     0.638
 4     0.268     0.263     0.927
 4    -0.546     0.834    -0.079
 4    -0.794    -0.485     0.367
 5    39.234   -10.536    -1.144
 5     0.120    -0.979    -0.165
 5    -0.456    -0.201     0.867
 5    -0.882    -0.029    -0.470
 6    36.586   -12.893    -8.810
 6     0.093     0.178     0.979
 6    -0.374     0.918    -0.131
 6    -0.923    -0.354     0.152
 7    44.398    -1.785    -2.790
 7     0.690     0.167    -0.705
 7    -0.166     0.983     0.069
 7     0.704     0.069     0.705
 8    38.406     5.846    -2.152
 8    -0.016     0.948    -0.318
 8     0.478    -0.272    -0.836
 8    -0.878    -0.166    -0.448
 9    33.144     6.443   -11.430
 9    -0.134     0.289     0.947
 9     0.183     0.947    -0.263
 9    -0.974     0.136    -0.181
 2    36.376    -7.207    15.749
 2     0.944    -0.329    -0.004
 2     0.328     0.943     0.051
 2    -0.012    -0.051     0.998
 3    34.931     1.112    -0.868
 3     0.312    -0.115     0.943
 3     0.642     0.757    -0.121
 3    -0.700     0.643     0.310
 4    35.872    -6.551     0.872
 4     0.236     0.248     0.939
 4    -0.511     0.854    -0.097
 4    -0.826    -0.458     0.328
 5    38.882   -10.236    -1.296
 5     0.129    -0.977    -0.170
 5    -0.371    -0.205     0.906
 5    -0.920    -0.053    -0.388
 6    36.290   -11.889    -9.067
 6     0.100     0.183     0.978
 6    -0.276     0.949    -0.150
 6    -0.956    -0.255     0.145
 7    44.298    -1.794    -2.804
 7     0.697     0.172    -0.696
 7    -0.168     0.983     0.073
 7     0.696     0.066     0.714
 8    38.326     5.436    -2.255
 8    -0.004     0.941    -0.340
 8     0.423    -0.305    -0.853
 8    -0.906    -0.148    -0.395
 9    32.925     5.629   -11.902
 9    -0.133     0.314     0.940
 9     0.110     0.947    -0.300
 9    -0.985     0.061    -0.162
 2    36.374    -7.208    15.727
 2     0.945    -0.329    -0.003
 2     0.328     0.943     0.051
 2    -0.013    -0.051     0.998
 3    34.845     1.060    -0.834
 3     0.316    -0.101     0.943
 3     0.625     0.770    -0.127
 3    -0.714     0.630     0.307
 4    35.740    -6.515     0.959
 4     0.221     0.235     0.946
 4    -0.506     0.857    -0.095
 4    -0.834    -0.458     0.308
 5    38.662   -10.028    -1.320
 5     0.137    -0.975    -0.175
 5    -0.320    -0.210     0.924
 5    -0.937    -0.070    -0.340
 6    35.995   -11.092    -9.173
 6     0.101     0.171     0.980
 6    -0.188     0.971    -0.151
 6    -0.977    -0.168     0.130
 7    44.225    -1.804    -2.771
 7     0.703     0.180    -0.689
 7    -0.175     0.981     0.076
 7     0.689     0.067     0.721
 8    38.324     5.092    -2.276
 8     0.015     0.943    -0.334
 8     0.366    -0.315    -0.876
 8    -0.930    -0.109    -0.348
 9    37.359     3.303    -7.225
 9    -0.130     0.296     0.946
 9    -0.010     0.954    -0.300
 9    -0.991    -0.050    -0.123
 2    36.395    -7.183    15.730
 2     0.951    -0.310    -0.007
 2     0.308     0.950     0.041
 2    -0.005    -0.043     0.999
 3    34.815     1.050    -0.789
 3     0.333    -0.103     0.937
 3     0.615     0.776    -0.134
 3    -0.714     0.621     0.322
 4    35.619    -6.446     1.079
 4     0.203     0.239     0.949
 4    -0.488     0.865    -0.113
 4    -0.849    -0.441     0.292
 5    38.485    -9.775    -1.381
 5     0.157    -0.971    -0.183
 5    -0.264    -0.219     0.939
 5    -0.952    -0.099    -0.290
 6    35.642   -10.125    -9.528
 6     0.118     0.131     0.984
 6    -0.076     0.989    -0.124
 6    -0.990    -0.060     0.127
 7    44.178    -1.815    -2.688
 7     0.708     0.188    -0.682
 7    -0.182     0.980     0.079
 7     0.682     0.068     0.727
 8    38.353     4.805    -2.169
 8     0.035     0.946    -0.324
 8     0.309    -0.317    -0.897
 8    -0.950    -0.069    -0.302
 9    37.012     2.269    -8.038
 9    -0.126     0.294     0.947
 9    -0.125     0.942    -0.310
 9    -0.984    -0.160    -0.083
 2    36.390    -7.212    15.719
 2     0.952    -0.307    -0.005
 2     0.306     0.950     0.049
 2    -0.009    -0.050     0.999
 3    34.769     1.016    -0.692
 3     0.330    -0.096     0.939
 3     0.610     0.781    -0.135
 3    -0.720     0.617     0.315
 4    35.588    -6.441     1.102
 4     0.210     0.223     0.952
 4    -0.483     0.870    -0.097
 4    -0.850    -0.440     0.290
 5    38.411    -9.625    -1.413
 5     0.171    -0.964    -0.202
 5    -0.223    -0.237     0.946
 5    -0.960    -0.116    -0.254
 6    35.578    -9.704    -9.771
 6     0.124     0.101     0.987
 6    -0.040     0.994    -0.098
 6    -0.991    -0.026     0.127
 7    44.179    -1.787    -2.695
 7     0.707     0.180    -0.684
 7    -0.180     0.981     0.071
 7     0.683     0.073     0.726
 8    38.391     4.813    -2.086
 8     0.044     0.949    -0.312
 8     0.310    -0.309    -0.899
 8    -0.950    -0.058    -0.306
 9    37.038     2.313    -7.987
 9    -0.108     0.293     0.950
 9    -0.124     0.943    -0.305
 9    -0.986    -0.153    -0.067
 2    36.390    -7.212    15.719
 2     0.952    -0.307    -0.005
 2     0.306     0.950     0.049
 2    -0.009    -0.050     0.999
 3    34.758     1.026    -0.686
 3     0.328    -0.108     0.938
 3     0.617     0.776    -0.127
 3    -0.715     0.621     0.320
 4    35.607    -6.413     1.095
 4     0.215     0.219     0.952
 4    -0.480     0.872    -0.092
 4    -0.850    -0.438     0.293
 5    38.428    -9.603    -1.471
 5     0.180    -0.964    -0.196
 5    -0.217    -0.232     0.948
 5    -0.959    -0.128    -0.251
 6    35.839    -9.623    -9.827
 6     0.146     0.148     0.978
 6    -0.056     0.988    -0.142
 6    -0.988    -0.033     0.153
 7    44.181    -1.786    -2.675
 7     0.707     0.178    -0.686
 7    -0.180     0.981     0.068
 7     0.684     0.075     0.725
 8    38.361     4.695    -2.141
 8     0.044     0.944    -0.327
 8     0.293    -0.324    -0.900
 8    -0.955    -0.057    -0.290
 9    37.084     2.151    -8.010
 9    -0.092     0.259     0.961
 9    -0.107     0.957    -0.267
 9    -0.990    -0.130    -0.061
 2    36.390    -7.212    15.720
 2     0.952    -0.307    -0.005
 2     0.305     0.950     0.049
 2    -0.009    -0.050     0.999
 3    34.740     0.954    -0.734
 3     0.333    -0.107     0.937
 3     0.603     0.788    -0.125
 3    -0.725     0.606     0.327
 4    35.618    -6.405     0.909
 4     0.230     0.219     0.948
 4    -0.477     0.875    -0.087
 4    -0.848    -0.432     0.306
 5    38.469    -9.464    -1.726
 5     0.210    -0.960    -0.189
 5    -0.193    -0.229     0.954
 5    -0.959    -0.163    -0.232
 6    36.356    -9.488   -10.074
 6     0.178     0.162     0.970
 6    -0.084     0.985    -0.150
 6    -0.980    -0.054     0.189
 7    44.158    -1.788    -2.699
 7     0.706     0.182    -0.685
 7    -0.182     0.980     0.072
 7     0.684     0.073     0.725
 8    38.369     4.387    -2.290
 8     0.046     0.939    -0.342
 8     0.257    -0.340    -0.905
 8    -0.965    -0.047    -0.256
 9    37.281     2.032    -8.059
 9    -0.092     0.251     0.963
 9    -0.069     0.963    -0.258
 9    -0.993    -0.092    -0.073
 2    36.390    -7.212    15.720
 2     0.952    -0.307    -0.005
 2     0.306     0.950     0.050
 2    -0.009    -0.051     0.999
 3    34.632     0.849    -0.836
 3     0.312    -0.097     0.945
 3     0.587     0.802    -0.112
 3    -0.747     0.590     0.306
 4    35.647    -6.440     0.824
 4     0.225     0.209     0.952
 4    -0.467     0.880    -0.083
 4    -0.855    -0.426     0.295
 5    38.446    -9.496    -1.873
 5     0.195    -0.960    -0.203
 5    -0.187    -0.238     0.953
 5    -0.963    -0.147    -0.225
 6    36.202    -9.620   -10.146
 6     0.166     0.197     0.966
 6    -0.094     0.978    -0.184
 6    -0.982    -0.060     0.180
 7    44.158    -1.785    -2.793
 7     0.709     0.184    -0.682
 7    -0.175     0.981     0.082
 7     0.683     0.060     0.727
 8    37.962     4.329    -2.551
 8     0.014     0.936    -0.352
 8     0.255    -0.342    -0.904
 8    -0.967    -0.077    -0.242
 9    37.032     2.182    -8.060
 9    -0.115     0.210     0.971
 9    -0.054     0.974    -0.217
 9    -0.992    -0.080    -0.102
 2    36.365    -7.212    15.745
 2     0.952    -0.307    -0.005
 2     0.306     0.950     0.050
 2    -0.009    -0.051     0.999
 3    34.496     0.794    -0.920
 3     0.295    -0.100     0.950
 3     0.587     0.803    -0.098
 3    -0.754     0.587     0.296
 4    35.545    -6.432     0.799
 4     0.216     0.209     0.954
 4    -0.456     0.885    -0.091
 4    -0.863    -0.416     0.286
 5    38.368    -9.476    -1.958
 5     0.191    -0.962    -0.198
 5    -0.187    -0.233     0.954
 5    -0.964    -0.145    -0.223
 6    36.117    -9.654   -10.251
 6     0.161     0.220     0.962
 6    -0.103     0.973    -0.206
 6    -0.981    -0.066     0.179
 7    44.086    -1.766    -2.864
 7     0.715     0.187    -0.674
 7    -0.175     0.980     0.085
 7     0.676     0.057     0.734
 8    37.857     4.357    -2.653
 8     0.011     0.941    -0.339
 8     0.253    -0.330    -0.909
 8    -0.967    -0.076    -0.241
 9    37.020     2.277    -8.121
 9    -0.117     0.173     0.978
 9    -0.053     0.982    -0.180
 9    -0.992    -0.075    -0.107
 2    36.365    -7.212    15.720
 2     0.952    -0.307    -0.005
 2     0.306     0.950     0.050
 2    -0.009    -0.051     0.999
 3    34.436     0.817    -0.941
 3     0.292    -0.097     0.951
 3     0.585     0.805    -0.098
 3    -0.756     0.586     0.292
 4    35.481    -6.410     0.754
 4     0.218     0.209     0.953
 4    -0.453     0.887    -0.091
 4    -0.865    -0.412     0.288
 5    38.279    -9.477    -2.001
 5     0.186    -0.964    -0.194
 5    -0.188    -0.228     0.955
 5    -0.964    -0.141    -0.222
 6    36.053    -9.662   -10.237
 6     0.160     0.234     0.959
 6    -0.108     0.970    -0.219
 6    -0.981    -0.068     0.180
 7    44.007    -1.744    -2.886
 7     0.715     0.188    -0.674
 7    -0.179     0.980     0.083
 7     0.675     0.061     0.734
 8    37.855     4.388    -2.635
 8     0.015     0.941    -0.338
 8     0.258    -0.329    -0.908
 8    -0.966    -0.074    -0.247
 9    37.020     2.303    -8.121
 9    -0.117     0.172     0.978
 9    -0.053     0.982    -0.178
 9    -0.992    -0.075    -0.107
 2    36.390    -7.212    15.720
 2     0.952    -0.307    -0.005
 2     0.306     0.950     0.050
 2    -0.009    -0.051     0.999
 3    34.425     0.851    -0.938
 3     0.293    -0.100     0.951
 3     0.592     0.800    -0.098
 3    -0.751     0.591     0.293
 4    35.510    -6.389     0.737
 4     0.231     0.211     0.950
 4    -0.464     0.881    -0.083
 4    -0.855    -0.422     0.302
 5    38.374    -9.584    -1.932
 5     0.196    -0.965    -0.177
 5    -0.212    -0.216     0.953
 5    -0.957    -0.149    -0.246
 6    36.398   -10.089   -10.085
 6     0.182     0.246     0.952
 6    -0.146     0.964    -0.221
 6    -0.972    -0.099     0.211
 7    44.025    -1.737    -2.837
 7     0.710     0.183    -0.681
 7    -0.177     0.981     0.079
 7     0.681     0.064     0.728
 8    37.934     4.804    -2.528
 8     0.018     0.950    -0.312
 8     0.319    -0.300    -0.899
 8    -0.948    -0.083    -0.307
 9    32.510     4.544   -12.580
 9    -0.094     0.139     0.986
 9     0.019     0.990    -0.137
 9    -0.995     0.004    -0.096
 2    36.390    -7.212    15.720
 2     0.952    -0.307    -0.005
 2     0.306     0.950     0.050
 2    -0.009    -0.051     0.999
 3    34.545     0.887    -1.016
 3     0.288    -0.148     0.946
 3     0.633     0.771    -0.073
 3    -0.719     0.620     0.315
 4    35.715    -6.461     0.579
 4     0.266     0.228     0.937
 4    -0.498     0.864    -0.069
 4    -0.826    -0.448     0.343
 5    38.925   -10.016    -1.676
 5     0.238    -0.964    -0.119
 5    -0.326    -0.194     0.925
 5    -0.915    -0.182    -0.360
 6    37.506   -11.676    -9.698
 6     0.229     0.298     0.927
 6    -0.306     0.925    -0.221
 6    -0.924    -0.234     0.303
 7    44.197    -1.701    -2.848
 7     0.683     0.164    -0.712
 7    -0.164     0.984     0.068
 7     0.711     0.070     0.698
 8    38.441     5.657    -2.287
 8     0.037     0.964    -0.264
 8     0.457    -0.250    -0.854
 8    -0.889    -0.089    -0.449
 9    34.161     6.276   -10.966
 9    -0.038     0.056     0.997
 9     0.213     0.976    -0.046
 9    -0.976     0.209    -0.050
 2    36.387    -7.213    15.722
 2     0.952    -0.307    -0.005
 2     0.306     0.950     0.050
 2    -0.010    -0.050     0.999
 3    34.864     1.006    -1.139
 3     0.286    -0.198     0.938
 3     0.676     0.734    -0.052
 3    -0.679     0.649     0.344
 4    36.093    -6.521     0.312
 4     0.308     0.268     0.913
 4    -0.539     0.840    -0.064
 4    -0.784    -0.472     0.403
 5    39.609   -10.670    -1.335
 5     0.236    -0.968    -0.088
 5    -0.500    -0.197     0.844
 5    -0.833    -0.155    -0.530
 6    38.425   -14.010    -8.823
 6     0.240     0.327     0.914
 6    -0.539     0.828    -0.154
 6    -0.807    -0.456     0.374
 7    44.363    -1.682    -2.927
 7     0.652     0.146    -0.745
 7    -0.144     0.987     0.067
 7     0.744     0.063     0.664
 8    38.902     6.779    -1.839
 8     0.034     0.979    -0.201
 8     0.637    -0.175    -0.751
 8    -0.770    -0.103    -0.629
 9    35.256     9.434    -9.783
 9     0.014    -0.024     0.999
 9     0.494     0.870     0.015
 9    -0.869     0.492     0.024
 2    36.387    -7.213    15.722
 2     0.952    -0.307    -0.005
 2     0.306     0.950     0.050
 2    -0.010    -0.050     0.999
 3    35.088     1.162    -1.242
 3     0.287    -0.225     0.931
 3     0.709     0.703    -0.049
 3    -0.644     0.674     0.361
 4    36.307    -6.634     0.133
 4     0.333     0.311     0.890
 4    -0.591     0.804    -0.059
 4    -0.735    -0.506     0.452
 5    40.031   -11.235    -0.837
 5     0.260    -0.966     0.006
 5    -0.660    -0.172     0.731
 5    -0.705    -0.194    -0.682
 6    39.230   -15.850    -7.666
 6     0.270     0.424     0.866
 6    -0.705     0.697    -0.121
 6    -0.656    -0.578     0.485
 7    44.475    -1.669    -2.980
 7     0.632     0.135    -0.764
 7    -0.117     0.990     0.078
 7     0.766     0.040     0.641
 8    39.436     7.696    -1.113
 8     0.054     0.992    -0.117
 8     0.781    -0.114    -0.614
 8    -0.622    -0.058    -0.781
 9    36.454    11.707    -8.116
 9     0.082    -0.120     0.989
 9     0.675     0.737     0.034
 9    -0.733     0.665     0.141
 2    36.388    -7.213    15.723
 2     0.952    -0.307    -0.005
 2     0.305     0.950     0.050
 2    -0.010    -0.051     0.999
 3    35.311     1.382    -1.337
 3     0.316    -0.261     0.912
 3     0.744     0.664    -0.068
 3    -0.589     0.700     0.404
 4    36.573    -6.664    -0.133
 4     0.378     0.363     0.852
 4    -0.628     0.776    -0.052
 4    -0.680    -0.515     0.521
 5    40.351   -11.538    -0.403
 5     0.310    -0.936     0.167
 5    -0.785    -0.153     0.600
 5    -0.536    -0.317    -0.782
 6    40.314   -17.080    -6.205
 6     0.324     0.581     0.748
 6    -0.824     0.560    -0.078
 6    -0.464    -0.591     0.658
 7    44.498    -1.612    -2.934
 7     0.625     0.135    -0.770
 7    -0.116     0.990     0.079
 7     0.772     0.040     0.634
 8    37.641     7.937    -3.129
 8     0.120     0.992    -0.031
 8     0.859    -0.119    -0.499
 8    -0.498     0.034    -0.866
 9    37.925    12.897    -6.666
 9     0.169    -0.203     0.965
 9     0.762     0.646     0.002
 9    -0.624     0.735     0.263
 2    36.388    -7.213    15.723
 2     0.952    -0.307    -0.005
 2     0.305     0.950     0.050
 2    -0.010    -0.051     0.999
 3    35.799     1.538    -1.452
 3     0.368    -0.281     0.886
 3     0.748     0.655    -0.103
 3    -0.552     0.701     0.451
 4    37.065    -6.752    -0.363
 4     0.425     0.452     0.784
 4    -0.699     0.713    -0.032
 4    -0.574    -0.535     0.619
 5    40.676   -11.793     0.335
 5     0.353    -0.877     0.327
 5    -0.870    -0.179     0.459
 5    -0.345    -0.446    -0.826
 6    41.362   -18.077    -4.123
 6     0.361     0.726     0.588
 6    -0.902     0.430     0.021
 6    -0.237    -0.537     0.808
 7    44.734    -1.684    -2.860
 7     0.604     0.155    -0.782
 7    -0.100     0.988     0.117
 7     0.790     0.007     0.612
 8    38.329     8.201    -2.341
 8     0.165     0.982     0.093
 8     0.918    -0.119    -0.378
 8    -0.360     0.148    -0.921
 9    39.523    13.964    -4.827
 9     0.259    -0.352     0.900
 9     0.852     0.519    -0.043
 9    -0.454     0.779     0.433
 2    36.387    -7.213    15.722
 2     0.952    -0.307    -0.005
 2     0.306     0.950     0.050
 2    -0.010    -0.050     0.999
 3    36.215     1.561    -1.634
 3     0.424    -0.330     0.843
 3     0.757     0.640    -0.130
 3    -0.497     0.693     0.521
 4    37.533    -6.996    -0.573
 4     0.488     0.506     0.712
 4    -0.748     0.662     0.041
 4    -0.451    -0.552     0.701
 5    41.095   -11.806     1.135
 5     0.406    -0.793     0.456
 5    -0.903    -0.272     0.331
 5    -0.139    -0.545    -0.826
 6    42.351   -18.539    -1.958
 6     0.389     0.812     0.436
 6    -0.921     0.346     0.177
 6    -0.006    -0.469     0.882
 7    44.833    -1.793    -2.754
 7     0.593     0.165    -0.788
 7    -0.089     0.986     0.138
 7     0.800    -0.012     0.599
 8    39.072     8.148    -1.479
 8     0.250     0.926     0.283
