% Calibrated with leiden_pols
% Positions are in centimeters
Data =[
 2    36.379    -7.207    15.721
 2     0.945    -0.327    -0.004
 2     0.326     0.943     0.050
 2    -0.011    -0.050     0.998
 3    41.542     3.003    -2.264
 3     0.690    -0.686     0.233
 3     0.684     0.514    -0.517
 3     0.234     0.515     0.824
 4    42.144    -7.026    -1.844
 4     0.650     0.746     0.143
 4    -0.709     0.528     0.467
 4     0.273    -0.405     0.872
 5    43.833    -7.913     2.363
 5     0.271     0.116     0.956
 5    -0.287    -0.938     0.195
 5     0.919    -0.326    -0.220
 6    46.085    -9.843     7.835
 6     0.160     0.743    -0.652
 6    -0.109     0.667     0.734
 6     0.981    -0.045     0.186
 7    47.129    -1.715    -1.972
 7     0.359     0.200    -0.912
 7    -0.124     0.978     0.165
 7     0.925     0.054     0.376
 8    42.453     5.672     2.085
 8     0.238    -0.191     0.952
 8     0.432    -0.858    -0.279
 8     0.870     0.476    -0.121
 9    46.828     6.550     9.004
 9     0.358    -0.571    -0.742
 9     0.108     0.811    -0.572
 9     0.927     0.123     0.351
 2    36.379    -7.207    15.721
 2     0.945    -0.328    -0.005
 2     0.326     0.943     0.050
 2    -0.011    -0.051     0.999
 3    41.490     2.978    -2.266
 3     0.690    -0.685     0.236
 3     0.685     0.511    -0.519
 3     0.234     0.519     0.822
 4    42.132    -7.048    -1.834
 4     0.646     0.749     0.143
 4    -0.710     0.523     0.471
 4     0.278    -0.406     0.870
 5    43.546    -8.329     2.394
 5     0.235     0.059     0.970
 5    -0.370    -0.918     0.145
 5     0.899    -0.392    -0.194
 6    45.580   -10.955     7.686
 6     0.140     0.778    -0.615
 6    -0.198     0.627     0.752
 6     0.970     0.018     0.239
 7    47.117    -1.735    -1.965
 7     0.355     0.196    -0.914
 7    -0.121     0.979     0.162
 7     0.927     0.054     0.371
 8    42.104     5.922     2.157
 8     0.202    -0.133     0.970
 8     0.510    -0.832    -0.219
 8     0.836     0.538    -0.100
 9    46.447     7.733     8.895
 9     0.348    -0.646    -0.683
 9     0.222     0.761    -0.606
 9     0.910     0.058     0.408
 2    36.379    -7.207    15.721
 2     0.945    -0.328    -0.005
 2     0.326     0.943     0.050
 2    -0.011    -0.051     0.999
 3    41.390     2.900    -2.244
 3     0.678    -0.692     0.250
 3     0.699     0.502    -0.509
 3     0.226     0.519     0.823
 4    42.128    -7.051    -1.830
 4     0.643     0.753     0.142
 4    -0.714     0.522     0.466
 4     0.277    -0.401     0.873
 5    43.209    -8.973     2.468
 5     0.216    -0.008     0.976
 5    -0.493    -0.865     0.102
 5     0.843    -0.503    -0.191
 6    45.119   -12.605     7.251
 6     0.147     0.813    -0.566
 6    -0.337     0.576     0.744
 6     0.930     0.083     0.356
 7    47.080    -1.736    -1.936
 7     0.356     0.183    -0.917
 7    -0.121     0.981     0.148
 7     0.926     0.059     0.371
 8    41.563     6.232     2.275
 8     0.167     0.045     0.985
 8     0.636    -0.768    -0.073
 8     0.753     0.639    -0.157
 9    45.797     9.626     8.392
 9     0.356    -0.778    -0.523
 9     0.415     0.628    -0.656
 9     0.837     0.017     0.544
 2    36.381    -7.206    15.718
 2     0.945    -0.327    -0.005
 2     0.326     0.943     0.050
 2    -0.010    -0.051     0.998
 3    41.172     2.861    -2.202
 3     0.664    -0.694     0.280
 3     0.720     0.492    -0.489
 3     0.202     0.525     0.826
 4    41.998    -7.032    -1.859
 4     0.643     0.751     0.150
 4    -0.725     0.534     0.434
 4     0.246    -0.388     0.888
 5    42.884    -9.602     2.446
 5     0.209    -0.064     0.975
 5    -0.613    -0.786     0.080
 5     0.762    -0.614    -0.204
 6    44.610   -14.304     6.446
 6     0.140     0.850    -0.511
 6    -0.489     0.504     0.711
 6     0.861     0.151     0.484
 7    47.028    -1.668    -1.942
 7     0.363     0.163    -0.918
 7    -0.126     0.984     0.124
 7     0.923     0.070     0.377
 8    41.088     6.671     2.334
 8     0.140     0.252     0.958
 8     0.756    -0.651     0.061
 8     0.639     0.716    -0.281
 9    45.031    11.487     7.532
 9     0.348    -0.879    -0.333
 9     0.598     0.477    -0.643
 9     0.721     0.026     0.690
 2    36.379    -7.207    15.721
 2     0.945    -0.328    -0.005
 2     0.326     0.943     0.050
 2    -0.011    -0.051     0.999
 3    40.857     2.832    -2.187
 3     0.646    -0.691     0.324
 3     0.746     0.483    -0.458
 3     0.160     0.537     0.828
 4    41.747    -6.940    -1.809
 4     0.644     0.743     0.182
 4    -0.743     0.550     0.381
 4     0.183    -0.381     0.906
 5    42.533   -10.178     2.385
 5     0.203    -0.173     0.964
 5    -0.736    -0.676     0.034
 5     0.646    -0.716    -0.264
 6    43.989   -15.899     5.341
 6     0.139     0.903    -0.409
 6    -0.645     0.393     0.655
 6     0.751     0.173     0.635
 7    46.976    -1.623    -1.949
 7     0.370     0.147    -0.917
 7    -0.130     0.986     0.106
 7     0.920     0.080     0.383
 8    40.607     7.141     2.178
 8     0.113     0.450     0.886
 8     0.860    -0.490     0.140
 8     0.497     0.747    -0.441
 9    44.077    13.070     6.244
 9     0.314    -0.939    -0.141
 9     0.757     0.336    -0.561
 9     0.573     0.070     0.816
 2    36.379    -7.207    15.721
 2     0.945    -0.328    -0.005
 2     0.326     0.943     0.050
 2    -0.011    -0.051     0.999
 3    40.494     2.683    -2.160
 3     0.626    -0.684     0.375
 3     0.773     0.485    -0.408
 3     0.097     0.545     0.832
 4    41.387    -6.889    -1.777
 4     0.639     0.734     0.231
 4    -0.762     0.564     0.317
 4     0.102    -0.379     0.919
 5    42.203   -10.755     2.280
 5     0.212    -0.336     0.918
 5    -0.854    -0.519     0.007
 5     0.475    -0.786    -0.397
 6    43.449   -17.339     3.772
 6     0.160     0.958    -0.239
 6    -0.789     0.268     0.554
 6     0.593     0.098     0.797
 7    46.881    -1.636    -1.983
 7     0.381     0.131    -0.915
 7    -0.136     0.987     0.084
 7     0.914     0.092     0.394
 8    40.106     7.587     1.788
 8     0.095     0.592     0.801
 8     0.937    -0.323     0.129
 8     0.335     0.738    -0.584
 9    43.222    14.156     4.661
 9     0.292    -0.956     0.011
 9     0.863     0.258    -0.435
 9     0.412     0.137     0.900
 2    36.381    -7.206    15.718
 2     0.945    -0.327    -0.005
 2     0.326     0.943     0.050
 2    -0.010    -0.051     0.998
 3    40.064     2.551    -2.138
 3     0.605    -0.672     0.428
 3     0.795     0.492    -0.352
 3     0.026     0.553     0.832
 4    41.000    -6.799    -1.706
 4     0.634     0.718     0.289
 4    -0.774     0.584     0.245
 4     0.007    -0.378     0.925
 5    41.966   -11.125     2.046
 5     0.222    -0.456     0.863
 5    -0.920    -0.390     0.029
 5     0.324    -0.800    -0.505
 6    42.987   -18.161     2.234
 6     0.172     0.981    -0.085
 6    -0.879     0.191     0.438
 6     0.445    -0.002     0.895
 7    46.803    -1.591    -2.057
 7     0.391     0.122    -0.912
 7    -0.138     0.988     0.072
 7     0.910     0.097     0.403
 8    39.724     7.950     1.292
 8     0.083     0.666     0.742
 8     0.976    -0.202     0.075
 8     0.200     0.718    -0.666
 9    42.577    14.800     3.081
 9     0.275    -0.956     0.105
 9     0.923     0.231    -0.308
 9     0.270     0.181     0.945
 2    36.381    -7.206    15.718
 2     0.945    -0.327    -0.005
 2     0.326     0.943     0.050
 2    -0.010    -0.051     0.998
 3    39.724     2.420    -2.125
 3     0.586    -0.661     0.471
 3     0.809     0.505    -0.298
 3    -0.041     0.555     0.830
 4    40.513    -6.699    -1.589
 4     0.615     0.703     0.357
 4    -0.782     0.602     0.161
 4    -0.102    -0.378     0.920
 5    41.801   -11.407     1.728
 5     0.224    -0.567     0.794
 5    -0.958    -0.278     0.071
 5     0.181    -0.776    -0.604
