% Calibrated with leiden_pols
% Positions are in centimeters
Data =[
 2    35.376    -7.124    16.007
 2    -0.024    -1.000     0.004
 2     0.981    -0.022     0.189
 2    -0.190     0.008     0.982
 3    41.052     3.217    -2.178
 3     0.667    -0.698     0.261
 3     0.707     0.482    -0.518
 3     0.235     0.530     0.814
 4    41.731    -6.940    -1.810
 4     0.631     0.757     0.171
 4    -0.745     0.529     0.406
 4     0.217    -0.384     0.897
 5    43.905    -7.161     2.519
 5     0.380     0.170     0.910
 5    -0.144    -0.960     0.238
 5     0.914    -0.220    -0.340
 6    46.308    -8.453     7.990
 6     0.167     0.692    -0.705
 6    -0.024     0.715     0.697
 6     0.985    -0.098     0.135
 7    46.843    -1.540    -2.029
 7     0.383     0.176    -0.907
 7    -0.115     0.983     0.142
 7     0.916     0.050     0.396
 8    42.143     5.089     2.161
 8     0.234    -0.129     0.964
 8     0.385    -0.898    -0.213
 8     0.892     0.420    -0.161
 9    46.203     5.950     9.352
 9     0.276    -0.711    -0.651
 9     0.049     0.683    -0.726
 9     0.960     0.165     0.222
 2    35.374    -7.125    16.010
 2    -0.024    -1.000     0.005
 2     0.981    -0.022     0.189
 2    -0.191     0.008     0.982
 3    41.028     3.192    -2.203
 3     0.666    -0.700     0.260
 3     0.708     0.482    -0.516
 3     0.235     0.527     0.816
 4    41.711    -6.939    -1.816
 4     0.630     0.757     0.171
 4    -0.745     0.528     0.407
 4     0.219    -0.384     0.897
 5    43.911    -7.185     2.536
 5     0.377     0.170     0.911
 5    -0.143    -0.961     0.237
 5     0.915    -0.219    -0.338
 6    46.306    -8.427     8.014
 6     0.169     0.689    -0.707
 6    -0.024     0.718     0.694
 6     0.985    -0.098     0.136
 7    46.825    -1.537    -2.037
 7     0.382     0.176    -0.907
 7    -0.113     0.983     0.143
 7     0.917     0.048     0.396
 8    42.148     5.091     2.155
 8     0.233    -0.128     0.964
 8     0.386    -0.898    -0.212
 8     0.893     0.421    -0.160
 9    46.202     5.952     9.377
 9     0.275    -0.712    -0.650
 9     0.050     0.682    -0.727
 9     0.960     0.165     0.222
 2    35.351    -7.124    16.007
 2    -0.024    -1.000     0.004
 2     0.981    -0.022     0.189
 2    -0.190     0.008     0.982
 3    41.059     3.193    -2.182
 3     0.666    -0.701     0.258
 3     0.707     0.483    -0.516
 3     0.237     0.525     0.817
 4    41.711    -6.964    -1.815
 4     0.629     0.758     0.171
 4    -0.745     0.526     0.408
 4     0.219    -0.384     0.896
 5    43.886    -7.184     2.536
 5     0.377     0.169     0.911
 5    -0.142    -0.961     0.236
 5     0.915    -0.218    -0.338
 6    46.283    -8.451     8.015
 6     0.168     0.693    -0.703
 6    -0.023     0.714     0.698
 6     0.985    -0.099     0.135
 7    46.832    -1.536    -2.019
 7     0.380     0.178    -0.907
 7    -0.113     0.983     0.145
 7     0.918     0.048     0.394
 8    42.142     5.090     2.188
 8     0.232    -0.128     0.964
 8     0.387    -0.898    -0.212
 8     0.892     0.421    -0.159
 9    46.176     5.952     9.376
 9     0.275    -0.714    -0.648
 9     0.050     0.680    -0.729
 9     0.960     0.165     0.221
 2    35.349    -7.125    16.010
 2    -0.024    -1.000     0.004
 2     0.981    -0.022     0.189
 2    -0.191     0.008     0.982
 3    41.068     3.197    -2.169
 3     0.665    -0.703     0.255
 3     0.707     0.481    -0.518
 3     0.241     0.524     0.816
 4    41.711    -6.965    -1.816
 4     0.629     0.759     0.170
 4    -0.746     0.527     0.408
 4     0.219    -0.383     0.897
 5    43.886    -7.159     2.536
 5     0.378     0.168     0.911
 5    -0.143    -0.961     0.236
 5     0.915    -0.219    -0.339
 6    46.284    -8.453     8.016
 6     0.167     0.695    -0.702
 6    -0.024     0.712     0.700
 6     0.985    -0.098     0.134
 7    46.832    -1.537    -2.019
 7     0.379     0.179    -0.908
 7    -0.114     0.982     0.145
 7     0.918     0.048     0.392
 8    42.122     5.093     2.206
 8     0.230    -0.126     0.965
 8     0.386    -0.899    -0.209
 8     0.893     0.420    -0.159
 9    46.149     5.978     9.399
 9     0.273    -0.717    -0.646
 9     0.050     0.678    -0.731
 9     0.960     0.165     0.219
 2    35.351    -7.124    16.007
 2    -0.023    -1.000     0.004
 2     0.981    -0.021     0.189
 2    -0.190     0.008     0.982
 3    41.078     3.227    -2.181
 3     0.663    -0.705     0.254
 3     0.707     0.479    -0.520
 3     0.245     0.523     0.816
 4    41.738    -6.939    -1.819
 4     0.629     0.759     0.169
 4    -0.746     0.527     0.407
 4     0.220    -0.382     0.897
 5    43.881    -7.162     2.545
 5     0.378     0.168     0.910
 5    -0.145    -0.961     0.237
 5     0.914    -0.220    -0.339
 6    46.284    -8.453     8.016
 6     0.167     0.696    -0.701
 6    -0.024     0.711     0.701
 6     0.985    -0.098     0.134
 7    46.838    -1.535    -2.027
 7     0.378     0.178    -0.909
 7    -0.114     0.982     0.145
 7     0.919     0.049     0.391
 8    42.127     5.095     2.199
 8     0.229    -0.124     0.965
 8     0.385    -0.900    -0.206
 8     0.894     0.419    -0.159
 9    46.149     5.978     9.399
 9     0.274    -0.718    -0.645
 9     0.050     0.676    -0.732
 9     0.960     0.166     0.220
 2    35.349    -7.125    16.010
 2    -0.024    -1.000     0.004
 2     0.981    -0.022     0.189
 2    -0.191     0.008     0.982
 3    41.053     3.252    -2.181
 3     0.663    -0.705     0.253
 3     0.707     0.479    -0.520
 3     0.245     0.523     0.815
 4    41.738    -6.938    -1.819
 4     0.629     0.759     0.169
 4    -0.745     0.527     0.408
 4     0.220    -0.382     0.897
 5    43.880    -7.163     2.545
 5     0.378     0.168     0.910
 5    -0.145    -0.961     0.237
 5     0.914    -0.221    -0.339
 6    46.285    -8.453     8.017
 6     0.168     0.696    -0.700
 6    -0.024     0.711     0.701
 6     0.985    -0.099     0.134
 7    46.832    -1.538    -2.019
 7     0.379     0.179    -0.908
 7    -0.115     0.982     0.145
 7     0.918     0.049     0.392
 8    42.122     5.092     2.207
 8     0.231    -0.126     0.965
 8     0.386    -0.899    -0.209
 8     0.893     0.420    -0.159
 9    46.176     5.951     9.401
 9     0.273    -0.714    -0.649
 9     0.049     0.681    -0.728
 9     0.960     0.164     0.219
 2    35.351    -7.124    16.007
 2    -0.024    -1.000     0.004
 2     0.981    -0.022     0.189
 2    -0.190     0.008     0.982
 3    41.108     3.225    -2.208
 3     0.668    -0.702     0.249
 3     0.702     0.484    -0.522
 3     0.246     0.522     0.816
 4    41.716    -6.938    -1.822
 4     0.629     0.759     0.169
 4    -0.745     0.526     0.409
 4     0.221    -0.383     0.897
 5    43.875    -7.163     2.553
 5     0.380     0.166     0.910
 5    -0.145    -0.961     0.235
 5     0.913    -0.221    -0.341
 6    46.286    -8.455     8.017
 6     0.168     0.696    -0.700
 6    -0.025     0.711     0.701
 6     0.985    -0.099     0.135
 7    46.826    -1.540    -2.010
 7     0.380     0.182    -0.907
 7    -0.115     0.982     0.148
 7     0.917     0.048     0.394
 8    42.176     5.114     2.159
 8     0.234    -0.137     0.963
 8     0.384    -0.897    -0.220
 8     0.893     0.420    -0.157
 9    46.240     5.952     9.370
 9     0.270    -0.702    -0.662
 9     0.048     0.693    -0.716
 9     0.961     0.160     0.220
 2    35.351    -7.124    16.007
 2    -0.024    -1.000     0.004
 2     0.981    -0.022     0.189
 2    -0.190     0.008     0.982
 3    41.128     3.195    -2.223
 3     0.674    -0.697     0.245
 3     0.697     0.491    -0.522
 3     0.243     0.522     0.817
 4    41.719    -6.963    -1.824
 4     0.627     0.760     0.170
 4    -0.746     0.524     0.410
 4     0.222    -0.384     0.896
 5    43.878    -7.186     2.553
 5     0.381     0.160     0.911
 5    -0.144    -0.963     0.228
 5     0.913    -0.218    -0.343
