% Calibrated with leiden_pols
% Positions are in centimeters
Data =[
 2    35.376    -7.124    16.007
 2    -0.024    -1.000     0.004
 2     0.981    -0.022     0.189
 2    -0.190     0.008     0.982
 3    41.052     3.217    -2.178
 3     0.667    -0.698     0.261
 3     0.707     0.482    -0.518
 3     0.235     0.530     0.814
 4    41.731    -6.940    -1.810
 4     0.631     0.757     0.171
 4    -0.745     0.529     0.406
 4     0.217    -0.384     0.897
 5    43.905    -7.161     2.519
 5     0.380     0.170     0.910
 5    -0.144    -0.960     0.238
 5     0.914    -0.220    -0.340
 6    46.308    -8.453     7.990
 6     0.167     0.692    -0.705
 6    -0.024     0.715     0.697
 6     0.985    -0.098     0.135
 7    46.843    -1.540    -2.029
 7     0.383     0.176    -0.907
 7    -0.115     0.983     0.142
 7     0.916     0.050     0.396
 8    42.143     5.089     2.161
 8     0.234    -0.129     0.964
 8     0.385    -0.898    -0.213
 8     0.892     0.420    -0.161
 9    46.203     5.950     9.352
 9     0.276    -0.711    -0.651
 9     0.049     0.683    -0.726
 9     0.960     0.165     0.222
 2    35.374    -7.125    16.010
 2    -0.024    -1.000     0.005
 2     0.981    -0.022     0.189
 2    -0.191     0.008     0.982
 3    41.028     3.192    -2.203
 3     0.666    -0.700     0.260
 3     0.708     0.482    -0.516
 3     0.235     0.527     0.816
 4    41.711    -6.939    -1.816
 4     0.630     0.757     0.171
 4    -0.745     0.528     0.407
 4     0.219    -0.384     0.897
 5    43.911    -7.185     2.536
 5     0.377     0.170     0.911
 5    -0.143    -0.961     0.237
 5     0.915    -0.219    -0.338
 6    46.306    -8.427     8.014
 6     0.169     0.689    -0.707
 6    -0.024     0.718     0.694
 6     0.985    -0.098     0.136
 7    46.825    -1.537    -2.037
 7     0.382     0.176    -0.907
 7    -0.113     0.983     0.143
 7     0.917     0.048     0.396
 8    42.148     5.091     2.155
 8     0.233    -0.128     0.964
 8     0.386    -0.898    -0.212
 8     0.893     0.421    -0.160
 9    46.202     5.952     9.377
 9     0.275    -0.712    -0.650
 9     0.050     0.682    -0.727
 9     0.960     0.165     0.222
 2    35.351    -7.124    16.007
 2    -0.024    -1.000     0.004
 2     0.981    -0.022     0.189
 2    -0.190     0.008     0.982
 3    41.059     3.193    -2.182
 3     0.666    -0.701     0.258
 3     0.707     0.483    -0.516
 3     0.237     0.525     0.817
 4    41.711    -6.964    -1.815
 4     0.629     0.758     0.171
 4    -0.745     0.526     0.408
 4     0.219    -0.384     0.896
 5    43.886    -7.184     2.536
 5     0.377     0.169     0.911
 5    -0.142    -0.961     0.236
 5     0.915    -0.218    -0.338
 6    46.283    -8.451     8.015
 6     0.168     0.693    -0.703
 6    -0.023     0.714     0.698
 6     0.985    -0.099     0.135
 7    46.832    -1.536    -2.019
 7     0.380     0.178    -0.907
 7    -0.113     0.983     0.145
 7     0.918     0.048     0.394
 8    42.142     5.090     2.188
 8     0.232    -0.128     0.964
 8     0.387    -0.898    -0.212
 8     0.892     0.421    -0.159
 9    46.176     5.952     9.376
 9     0.275    -0.714    -0.648
 9     0.050     0.680    -0.729
 9     0.960     0.165     0.221
 2    35.349    -7.125    16.010
 2    -0.024    -1.000     0.004
 2     0.981    -0.022     0.189
 2    -0.191     0.008     0.982
 3    41.068     3.197    -2.169
 3     0.665    -0.703     0.255
 3     0.707     0.481    -0.518
 3     0.241     0.524     0.816
 4    41.711    -6.965    -1.816
 4     0.629     0.759     0.170
 4    -0.746     0.527     0.408
 4     0.219    -0.383     0.897
 5    43.886    -7.159     2.536
 5     0.378     0.168     0.911
 5    -0.143    -0.961     0.236
 5     0.915    -0.219    -0.339
 6    46.284    -8.453     8.016
 6     0.167     0.695    -0.702
 6    -0.024     0.712     0.700
 6     0.985    -0.098     0.134
 7    46.832    -1.537    -2.019
 7     0.379     0.179    -0.908
 7    -0.114     0.982     0.145
 7     0.918     0.048     0.392
 8    42.122     5.093     2.206
 8     0.230    -0.126     0.965
 8     0.386    -0.899    -0.209
 8     0.893     0.420    -0.159
 9    46.149     5.978     9.399
 9     0.273    -0.717    -0.646
 9     0.050     0.678    -0.731
 9     0.960     0.165     0.219
 2    35.351    -7.124    16.007
 2    -0.023    -1.000     0.004
 2     0.981    -0.021     0.189
 2    -0.190     0.008     0.982
 3    41.078     3.227    -2.181
 3     0.663    -0.705     0.254
 3     0.707     0.479    -0.520
 3     0.245     0.523     0.816
 4    41.738    -6.939    -1.819
 4     0.629     0.759     0.169
 4    -0.746     0.527     0.407
 4     0.220    -0.382     0.897
 5    43.881    -7.162     2.545
 5     0.378     0.168     0.910
 5    -0.145    -0.961     0.237
 5     0.914    -0.220    -0.339
 6    46.284    -8.453     8.016
 6     0.167     0.696    -0.701
 6    -0.024     0.711     0.701
 6     0.985    -0.098     0.134
 7    46.838    -1.535    -2.027
 7     0.378     0.178    -0.909
 7    -0.114     0.982     0.145
 7     0.919     0.049     0.391
 8    42.127     5.095     2.199
 8     0.229    -0.124     0.965
 8     0.385    -0.900    -0.206
 8     0.894     0.419    -0.159
 9    46.149     5.978     9.399
 9     0.274    -0.718    -0.645
 9     0.050     0.676    -0.732
 9     0.960     0.166     0.220
 2    35.349    -7.125    16.010
 2    -0.024    -1.000     0.004
 2     0.981    -0.022     0.189
 2    -0.191     0.008     0.982
 3    41.053     3.252    -2.181
 3     0.663    -0.705     0.253
 3     0.707     0.479    -0.520
 3     0.245     0.523     0.815
 4    41.738    -6.938    -1.819
 4     0.629     0.759     0.169
 4    -0.745     0.527     0.408
 4     0.220    -0.382     0.897
 5    43.880    -7.163     2.545
 5     0.378     0.168     0.910
 5    -0.145    -0.961     0.237
 5     0.914    -0.221    -0.339
 6    46.285    -8.453     8.017
 6     0.168     0.696    -0.700
 6    -0.024     0.711     0.701
 6     0.985    -0.099     0.134
 7    46.832    -1.538    -2.019
 7     0.379     0.179    -0.908
 7    -0.115     0.982     0.145
 7     0.918     0.049     0.392
 8    42.122     5.092     2.207
 8     0.231    -0.126     0.965
 8     0.386    -0.899    -0.209
 8     0.893     0.420    -0.159
 9    46.176     5.951     9.401
 9     0.273    -0.714    -0.649
 9     0.049     0.681    -0.728
 9     0.960     0.164     0.219
 2    35.351    -7.124    16.007
 2    -0.024    -1.000     0.004
 2     0.981    -0.022     0.189
 2    -0.190     0.008     0.982
 3    41.108     3.225    -2.208
 3     0.668    -0.702     0.249
 3     0.702     0.484    -0.522
 3     0.246     0.522     0.816
 4    41.716    -6.938    -1.822
 4     0.629     0.759     0.169
 4    -0.745     0.526     0.409
 4     0.221    -0.383     0.897
 5    43.875    -7.163     2.553
 5     0.380     0.166     0.910
 5    -0.145    -0.961     0.235
 5     0.913    -0.221    -0.341
 6    46.286    -8.455     8.017
 6     0.168     0.696    -0.700
 6    -0.025     0.711     0.701
 6     0.985    -0.099     0.135
 7    46.826    -1.540    -2.010
 7     0.380     0.182    -0.907
 7    -0.115     0.982     0.148
 7     0.917     0.048     0.394
 8    42.176     5.114     2.159
 8     0.234    -0.137     0.963
 8     0.384    -0.897    -0.220
 8     0.893     0.420    -0.157
 9    46.240     5.952     9.370
 9     0.270    -0.702    -0.662
 9     0.048     0.693    -0.716
 9     0.961     0.160     0.220
 2    35.351    -7.124    16.007
 2    -0.024    -1.000     0.004
 2     0.981    -0.022     0.189
 2    -0.190     0.008     0.982
 3    41.128     3.195    -2.223
 3     0.674    -0.697     0.245
 3     0.697     0.491    -0.522
 3     0.243     0.522     0.817
 4    41.719    -6.963    -1.824
 4     0.627     0.760     0.170
 4    -0.746     0.524     0.410
 4     0.222    -0.384     0.896
 5    43.878    -7.186     2.553
 5     0.381     0.160     0.911
 5    -0.144    -0.963     0.228
 5     0.913    -0.218    -0.343
 6    46.286    -8.451     8.017
 6     0.169     0.697    -0.699
 6    -0.023     0.710     0.702
 6     0.985    -0.100     0.134
 7    46.853    -1.589    -2.034
 7     0.382     0.186    -0.905
 7    -0.114     0.981     0.153
 7     0.917     0.045     0.396
 8    42.203     5.111     2.137
 8     0.236    -0.146     0.961
 8     0.384    -0.895    -0.229
 8     0.893     0.422    -0.155
 9    46.271     5.925     9.326
 9     0.270    -0.693    -0.672
 9     0.048     0.703    -0.707
 9     0.961     0.155     0.222
 2    35.349    -7.125    16.010
 2    -0.024    -1.000     0.004
 2     0.981    -0.022     0.189
 2    -0.191     0.007     0.982
 3    41.153     3.167    -2.218
 3     0.678    -0.695     0.242
 3     0.694     0.495    -0.522
 3     0.242     0.521     0.818
 4    41.676    -6.987    -1.828
 4     0.624     0.762     0.174
 4    -0.748     0.519     0.412
 4     0.224    -0.388     0.894
 5    43.894    -7.208     2.562
 5     0.377     0.153     0.913
 5    -0.144    -0.965     0.220
 5     0.915    -0.214    -0.342
 6    46.313    -8.446     8.018
 6     0.171     0.698    -0.698
 6    -0.021     0.708     0.703
 6     0.985    -0.104     0.135
 7    46.856    -1.615    -2.057
 7     0.382     0.193    -0.904
 7    -0.114     0.980     0.160
 7     0.917     0.042     0.396
 8    42.249     5.108     2.119
 8     0.238    -0.151     0.959
 8     0.383    -0.893    -0.236
 8     0.892     0.423    -0.155
 9    46.308     5.926     9.317
 9     0.268    -0.687    -0.679
 9     0.047     0.710    -0.700
 9     0.962     0.153     0.222
 2    35.349    -7.125    16.010
 2    -0.024    -1.000     0.004
 2     0.981    -0.022     0.189
 2    -0.191     0.007     0.982
 3    41.204     3.138    -2.239
 3     0.685    -0.690     0.237
 3     0.688     0.504    -0.522
 3     0.241     0.520     0.819
 4    41.657    -6.990    -1.827
 4     0.617     0.766     0.179
 4    -0.754     0.510     0.414
 4     0.225    -0.391     0.892
 5    43.876    -7.208     2.554
 5     0.373     0.149     0.916
 5    -0.144    -0.966     0.214
 5     0.916    -0.212    -0.339
 6    46.275    -8.475     8.038
 6     0.175     0.701    -0.693
 6    -0.021     0.704     0.707
 6     0.984    -0.107     0.137
 7    46.899    -1.661    -2.094
 7     0.378     0.206    -0.903
 7    -0.112     0.978     0.176
 7     0.919     0.035     0.393
 8    42.334     5.105     2.094
 8     0.240    -0.168     0.956
 8     0.381    -0.890    -0.251
 8     0.893     0.424    -0.150
 9    46.373     5.902     9.312
 9     0.265    -0.674    -0.694
 9     0.046     0.724    -0.685
 9     0.963     0.147     0.221
 2    35.351    -7.124    16.007
 2    -0.024    -1.000     0.004
 2     0.981    -0.022     0.189
 2    -0.190     0.008     0.982
 3    41.286     3.133    -2.259
 3     0.695    -0.683     0.225
 3     0.677     0.517    -0.523
 3     0.241     0.515     0.822
 4    41.609    -6.993    -1.799
 4     0.612     0.770     0.183
 4    -0.758     0.504     0.412
 4     0.225    -0.391     0.892
 5    43.844    -7.245     2.384
 5     0.347     0.152     0.926
 5    -0.156    -0.964     0.216
 5     0.925    -0.219    -0.310
 6    46.263    -8.479     8.032
 6     0.180     0.703    -0.690
 6    -0.022     0.702     0.710
 6     0.983    -0.110     0.140
 7    46.883    -1.684    -2.100
 7     0.376     0.211    -0.902
 7    -0.110     0.977     0.182
 7     0.920     0.031     0.390
 8    42.359     5.104     2.119
 8     0.241    -0.170     0.955
 8     0.380    -0.890    -0.254
 8     0.893     0.423    -0.150
 9    46.413     5.896     9.296
 9     0.270    -0.673    -0.692
 9     0.044     0.723    -0.686
 9     0.962     0.152     0.223
 2    35.351    -7.098    16.007
 2    -0.024    -1.000     0.004
 2     0.981    -0.022     0.189
 2    -0.190     0.008     0.982
 3    41.284     3.126    -2.222
 3     0.704    -0.676     0.219
 3     0.669     0.527    -0.524
 3     0.238     0.514     0.823
 4    41.488    -6.919    -1.764
 4     0.607     0.771     0.195
 4    -0.763     0.495     0.416
 4     0.224    -0.401     0.888
 5    43.727    -7.260     2.314
 5     0.324     0.144     0.935
 5    -0.168    -0.964     0.206
 5     0.931    -0.223    -0.288
 6    46.133    -8.543     8.013
 6     0.195     0.722    -0.666
 6    -0.026     0.680     0.730
 6     0.980    -0.123     0.150
 7    46.870    -1.705    -2.103
 7     0.375     0.223    -0.900
 7    -0.106     0.974     0.196
 7     0.921     0.022     0.388
 8    42.307     5.158     2.075
 8     0.234    -0.167     0.958
 8     0.385    -0.889    -0.247
 8     0.893     0.426    -0.144
 9    46.349     5.921     9.303
 9     0.270    -0.682    -0.684
 9     0.045     0.715    -0.695
 9     0.961     0.155     0.223
 2    35.351    -7.124    16.007
 2    -0.024    -1.000     0.004
 2     0.981    -0.022     0.189
 2    -0.190     0.008     0.982
 3    41.312     3.098    -2.220
 3     0.710    -0.671     0.214
 3     0.662     0.533    -0.525
 3     0.238     0.514     0.823
 4    41.434    -6.941    -1.744
 4     0.614     0.766     0.187
 4    -0.756     0.504     0.416
 4     0.224    -0.397     0.890
 5    43.829    -7.549     2.483
 5     0.355     0.173     0.919
 5    -0.190    -0.949     0.251
 5     0.915    -0.263    -0.303
 6    46.584    -8.927     7.914
 6     0.244     0.655    -0.717
 6    -0.047     0.744     0.664
 6     0.968    -0.127     0.211
 7    46.816    -1.732    -2.094
 7     0.376     0.225    -0.899
 7    -0.106     0.974     0.199
 7     0.920     0.020     0.389
 8    42.407     5.420     2.427
 8     0.316    -0.142     0.938
 8     0.457    -0.844    -0.281
 8     0.831     0.517    -0.202
 9    47.252     6.752     9.080
 9     0.396    -0.659    -0.644
 9     0.109     0.726    -0.676
 9     0.911     0.196     0.359
 2    35.351    -7.124    16.007
 2    -0.024    -1.000     0.004
 2     0.981    -0.022     0.189
 2    -0.190     0.007     0.982
 3    40.768     2.902    -2.043
 3     0.727    -0.625     0.286
 3     0.667     0.542    -0.511
 3     0.164     0.562     0.810
 4    40.957    -6.989    -1.538
 4     0.638     0.736     0.225
 4    -0.753     0.537     0.379
 4     0.158    -0.411     0.898
 5    44.299    -8.410     3.341
 5     0.631     0.110     0.768
 5    -0.284    -0.889     0.359
 5     0.721    -0.444    -0.531
 6    48.820   -10.363     6.765
 6     0.565     0.560    -0.610
 6    -0.141     0.789     0.595
 6     0.813    -0.251     0.524
 7    46.399    -1.806    -2.094
 7     0.431     0.219    -0.875
 7    -0.124     0.975     0.182
 7     0.893     0.030     0.447
 8    42.839     6.129     2.730
 8     0.551     0.118     0.826
 8     0.620    -0.720    -0.311
 8     0.558     0.683    -0.470
 9    49.355     8.723     6.963
 9     0.710    -0.601    -0.369
 9     0.283     0.720    -0.631
 9     0.644     0.345     0.682
 2    35.349    -7.125    16.010
 2    -0.024    -1.000     0.004
 2     0.981    -0.022     0.189
 2    -0.191     0.007     0.982
 3    39.775     2.704    -1.826
 3     0.731    -0.528     0.432
 3     0.682     0.566    -0.463
 3    -0.000     0.633     0.773
 4    40.088    -7.019    -0.939
 4     0.698     0.618     0.362
 4    -0.715     0.626     0.308
 4    -0.036    -0.474     0.879
 5    45.107    -9.166     3.174
 5     0.882    -0.066     0.465
 5    -0.332    -0.788     0.518
 5     0.333    -0.612    -0.717
 6    50.638   -11.121     3.206
 6     0.885     0.353    -0.303
 6    -0.194     0.872     0.449
 6     0.422    -0.340     0.840
 7    46.061    -1.737    -2.107
 7     0.479     0.201    -0.855
 7    -0.128     0.979     0.158
 7     0.868     0.034     0.494
 8    43.310     6.424     2.020
 8     0.715     0.411     0.567
 8     0.673    -0.622    -0.400
 8     0.188     0.666    -0.720
 9    50.388     8.881     3.104
 9     0.935    -0.354     0.015
 9     0.299     0.766    -0.569
 9     0.190     0.536     0.822
 2    35.349    -7.099    16.010
 2    -0.024    -1.000     0.004
 2     0.981    -0.022     0.189
 2    -0.191     0.007     0.982
 3    39.181     2.455    -1.652
 3     0.728    -0.431     0.534
 3     0.668     0.619    -0.413
 3    -0.153     0.657     0.737
 4    39.452    -6.934    -0.627
 4     0.714     0.492     0.498
 4    -0.652     0.726     0.218
 4    -0.255    -0.480     0.839
 5    45.145    -9.807     1.717
 5     0.933    -0.269     0.240
 5    -0.359    -0.628     0.691
 5    -0.035    -0.730    -0.682
 6    50.253   -11.423    -1.212
 6     0.977     0.207     0.053
 6    -0.214     0.953     0.214
 6    -0.007    -0.221     0.975
 7    46.009    -1.679    -2.158
 7     0.492     0.188    -0.850
 7    -0.138     0.981     0.137
 7     0.859     0.050     0.508
 8    43.363     6.389     0.544
 8     0.738     0.624     0.259
 8     0.652    -0.562    -0.508
 8    -0.171     0.543    -0.822
 9    49.639     8.079    -1.211
 9     0.932    -0.071     0.355
 9     0.241     0.854    -0.458
 9    -0.270     0.514     0.814
 2    35.349    -7.125    16.010
 2    -0.024    -1.000     0.004
 2     0.981    -0.022     0.189
 2    -0.191     0.007     0.982
 3    38.597     2.226    -1.454
 3     0.711    -0.327     0.623
 3     0.635     0.679    -0.369
 3    -0.302     0.657     0.689
 4    38.883    -6.787    -0.465
 4     0.681     0.423     0.598
 4    -0.614     0.775     0.151
 4    -0.399    -0.469     0.787
 5    44.393   -10.126     0.570
 5     0.878    -0.459     0.137
 5    -0.383    -0.499     0.777
 5    -0.288    -0.735    -0.614
 6    48.514   -11.611    -4.097
 6     0.924     0.184     0.334
 6    -0.223     0.971     0.080
 6    -0.310    -0.149     0.939
 7    45.852    -1.621    -2.181
 7     0.506     0.174    -0.845
 7    -0.149     0.982     0.112
 7     0.849     0.069     0.522
 8    42.655     6.244    -0.687
 8     0.662     0.748     0.036
 8     0.646    -0.545    -0.535
 8    -0.380     0.378    -0.844
 9    47.702     7.081    -3.846
 9     0.801     0.109     0.591
 9     0.144     0.921    -0.358
 9    -0.581     0.374     0.722
 2    35.350    -7.125    16.010
 2    -0.023    -1.000     0.004
 2     0.981    -0.021     0.189
 2    -0.191     0.007     0.982
 3    37.980     2.036    -1.361
 3     0.669    -0.299     0.681
 3     0.642     0.692    -0.329
 3    -0.373     0.657     0.654
 4    38.499    -6.778    -0.248
 4     0.649     0.384     0.657
 4    -0.601     0.787     0.134
 4    -0.466    -0.482     0.741
 5    43.574   -10.417     0.083
 5     0.809    -0.574     0.128
 5    -0.410    -0.394     0.823
 5    -0.421    -0.718    -0.554
 6    46.907   -11.695    -5.647
 6     0.851     0.182     0.491
 6    -0.196     0.980    -0.026
 6    -0.486    -0.075     0.870
 7    45.680    -1.628    -2.208
 7     0.523     0.157    -0.838
 7    -0.144     0.985     0.093
 7     0.840     0.072     0.538
 8    41.936     6.294    -1.215
 8     0.590     0.807    -0.027
 8     0.657    -0.499    -0.565
 8    -0.469     0.316    -0.825
 9    46.419     6.818    -4.797
 9     0.722     0.140     0.680
 9     0.117     0.942    -0.310
 9    -0.682     0.305     0.664
 2    35.349    -7.125    16.010
 2    -0.024    -1.000     0.004
 2     0.981    -0.022     0.190
 2    -0.191     0.007     0.982
 3    37.731     1.936    -1.250
 3     0.637    -0.292     0.713
 3     0.655     0.692    -0.303
 3    -0.406     0.660     0.632
 4    38.269    -6.757    -0.096
 4     0.618     0.348     0.705
 4    -0.590     0.797     0.124
 4    -0.519    -0.493     0.698
 5    42.783   -10.565    -0.302
 5     0.695    -0.715     0.077
 5    -0.433    -0.330     0.839
 5    -0.574    -0.616    -0.539
 6    44.771   -11.830    -7.003
 6     0.714     0.174     0.679
 6    -0.185     0.981    -0.060
 6    -0.676    -0.084     0.732
 7    45.651    -1.610    -2.261
 7     0.530     0.143    -0.836
 7    -0.147     0.986     0.074
 7     0.835     0.083     0.543
 8    41.244     6.453    -1.646
 8     0.496     0.862    -0.107
 8     0.676    -0.460    -0.575
 8    -0.544     0.213    -0.811
 9    44.531     6.512    -5.623
 9     0.570     0.231     0.794
 9     0.074     0.943    -0.317
 9    -0.819     0.239     0.518
 2    35.349    -7.125    16.010
 2    -0.023    -1.000     0.004
 2     0.981    -0.021     0.189
 2    -0.191     0.008     0.982
 3    37.400     1.910    -1.121
 3     0.605    -0.273     0.748
 3     0.664     0.690    -0.286
 3    -0.439     0.670     0.598
 4    37.926    -6.651     0.061
 4     0.573     0.346     0.743
 4    -0.587     0.806     0.078
 4    -0.572    -0.480     0.665
 5    42.165   -10.541    -0.523
 5     0.636    -0.768     0.072
 5    -0.433    -0.278     0.857
 5    -0.638    -0.577    -0.510
 6    43.861   -11.550    -7.532
 6     0.666     0.190     0.721
 6    -0.161     0.981    -0.113
 6    -0.728    -0.041     0.683
 7    45.466    -1.524    -2.249
 7     0.547     0.129    -0.828
 7    -0.150     0.987     0.054
 7     0.823     0.094     0.558
 8    40.254     6.503    -2.228
 8     0.396     0.910    -0.119
 8     0.658    -0.371    -0.656
 8    -0.640     0.182    -0.746
 9    42.930     5.774    -6.332
 9     0.437     0.222     0.875
 9    -0.014     0.971    -0.230
 9    -0.900     0.085     0.424
 2    35.349    -7.125    16.010
 2    -0.024    -1.000     0.004
 2     0.981    -0.022     0.190
 2    -0.191     0.007     0.982
 3    37.017     1.774    -1.049
 3     0.557    -0.275     0.784
 3     0.676     0.698    -0.236
 3    -0.483     0.661     0.574
 4    37.862    -6.588     0.108
 4     0.570     0.315     0.759
 4    -0.571     0.815     0.091
 4    -0.591    -0.486     0.644
 5    41.826   -10.573    -0.609
 5     0.579    -0.813     0.065
 5    -0.441    -0.244     0.864
 5    -0.686    -0.529    -0.500
 6    42.895   -11.517    -7.897
 6     0.601     0.207     0.772
 6    -0.149     0.978    -0.148
 6    -0.785    -0.026     0.617
 7    45.422    -1.426    -2.281
 7     0.563     0.109    -0.819
 7    -0.141     0.989     0.033
 7     0.814     0.096     0.572
 8    39.300     6.556    -2.616
 8     0.286     0.953    -0.094
 8     0.649    -0.264    -0.713
 8    -0.704     0.144    -0.694
 9    41.422     5.282    -6.706
 9     0.325     0.217     0.923
 9    -0.077     0.976    -0.197
 9    -0.943    -0.010     0.330
 2    35.349    -7.125    16.010
 2    -0.023    -1.000     0.004
 2     0.981    -0.021     0.189
 2    -0.191     0.008     0.982
 3    36.736     1.681    -0.949
 3     0.507    -0.283     0.815
 3     0.693     0.695    -0.190
 3    -0.513     0.661     0.548
 4    37.707    -6.601     0.212
 4     0.540     0.301     0.786
 4    -0.569     0.818     0.078
 4    -0.620    -0.490     0.613
 5    41.391   -10.677    -0.545
 5     0.493    -0.869     0.034
 5    -0.465    -0.229     0.855
 5    -0.735    -0.438    -0.517
 6    41.453   -11.887    -8.116
 6     0.493     0.204     0.846
 6    -0.162     0.976    -0.143
 6    -0.855    -0.067     0.514
 7    45.365    -1.430    -2.347
 7     0.575     0.099    -0.813
 7    -0.135     0.990     0.024
 7     0.807     0.096     0.582
 8    38.537     6.619    -3.017
 8     0.188     0.975    -0.116
 8     0.649    -0.212    -0.731
 8    -0.737     0.062    -0.672
 9    39.750     5.201    -6.886
 9     0.184     0.241     0.954
 9    -0.073     0.970    -0.228
 9    -0.980    -0.031     0.193
 2    35.351    -7.124    16.007
 2    -0.023    -1.000     0.004
 2     0.981    -0.021     0.189
 2    -0.190     0.008     0.982
 3    36.501     1.614    -0.897
 3     0.474    -0.271     0.838
 3     0.699     0.694    -0.171
 3    -0.536     0.667     0.518
 4    37.535    -6.638     0.333
 4     0.510     0.288     0.811
 4    -0.568     0.820     0.066
 4    -0.646    -0.494     0.582
 5    41.033   -10.789    -0.505
 5     0.419    -0.908    -0.004
 5    -0.479    -0.224     0.849
 5    -0.771    -0.355    -0.528
 6    40.342   -12.098    -8.186
 6     0.403     0.179     0.897
 6    -0.161     0.979    -0.125
 6    -0.901    -0.094     0.424
 7    45.260    -1.434    -2.412
 7     0.585     0.091    -0.806
 7    -0.129     0.991     0.017
 7     0.800     0.093     0.592
 8    38.106     6.623    -3.341
 8     0.132     0.982    -0.134
 8     0.653    -0.188    -0.734
 8    -0.746     0.010    -0.665
 9    39.031     5.201    -6.759
 9     0.101     0.245     0.965
 9    -0.070     0.968    -0.237
 9    -0.993    -0.048     0.113
 2    35.350    -7.125    16.010
 2    -0.023    -1.000     0.004
 2     0.981    -0.021     0.189
 2    -0.191     0.007     0.982
 3    36.338     1.545    -0.872
 3     0.456    -0.257     0.852
 3     0.695     0.700    -0.162
 3    -0.555     0.666     0.497
 4    37.397    -6.612     0.431
 4     0.491     0.264     0.830
 4    -0.560     0.825     0.068
 4    -0.667    -0.499     0.553
 5    40.821   -10.736    -0.503
 5     0.373    -0.927    -0.038
 5    -0.477    -0.226     0.850
 5    -0.796    -0.299    -0.526
 6    39.521   -12.050    -8.249
 6     0.337     0.149     0.929
 6    -0.143     0.984    -0.108
 6    -0.931    -0.096     0.352
 7    45.213    -1.414    -2.463
 7     0.593     0.088    -0.801
 7    -0.128     0.992     0.014
 7     0.795     0.094     0.599
 8    40.571     6.900    -0.727
 8     0.100     0.984    -0.145
 8     0.642    -0.174    -0.747
 8    -0.759    -0.018    -0.649
 9    38.929     4.993    -6.340
 9     0.024     0.248     0.969
 9    -0.074     0.966    -0.245
 9    -0.997    -0.069     0.040
 2    35.352    -7.124    16.007
 2    -0.023    -1.000     0.004
 2     0.981    -0.021     0.189
 2    -0.190     0.007     0.982
 3    36.185     1.504    -0.854
 3     0.440    -0.248     0.863
 3     0.693     0.705    -0.151
 3    -0.571     0.664     0.482
 4    37.248    -6.584     0.473
 4     0.471     0.266     0.841
 4    -0.562     0.825     0.053
 4    -0.680    -0.498     0.538
 5    40.629   -10.723    -0.545
 5     0.363    -0.931    -0.032
 5    -0.474    -0.213     0.855
 5    -0.802    -0.295    -0.518
 6    39.393   -11.921    -8.327
 6     0.339     0.159     0.927
 6    -0.133     0.984    -0.122
 6    -0.931    -0.082     0.354
 7    45.107    -1.420    -2.472
 7     0.604     0.086    -0.792
 7    -0.123     0.992     0.014
 7     0.787     0.089     0.610
 8    40.325     6.834    -0.831
 8     0.092     0.987    -0.131
 8     0.624    -0.158    -0.765
 8    -0.775    -0.011    -0.630
 9    38.713     4.909    -6.423
 9     0.022     0.233     0.972
 9    -0.067     0.970    -0.230
 9    -0.998    -0.063     0.035
 2    35.361    -7.128    16.009
 2    -0.005    -1.000     0.005
 2     0.981    -0.004     0.189
 2    -0.190     0.005     0.982
 3    36.112     1.475    -0.839
 3     0.429    -0.250     0.868
 3     0.695     0.705    -0.140
 3    -0.577     0.663     0.476
 4    37.254    -6.580     0.495
 4     0.473     0.258     0.842
 4    -0.561     0.825     0.062
 4    -0.679    -0.502     0.535
 5    40.647   -10.724    -0.541
 5     0.370    -0.929    -0.019
 5    -0.474    -0.206     0.856
 5    -0.799    -0.309    -0.516
 6    39.544   -11.878    -8.340
 6     0.355     0.168     0.919
 6    -0.129     0.983    -0.132
 6    -0.926    -0.071     0.370
 7    45.103    -1.420    -2.492
 7     0.606     0.084    -0.791
 7    -0.121     0.992     0.012
 7     0.786     0.088     0.611
 8    40.133     6.767    -0.968
 8     0.066     0.990    -0.129
 8     0.615    -0.141    -0.776
 8    -0.785    -0.028    -0.617
 9    39.041     4.801    -5.943
 9    -0.029     0.208     0.978
 9    -0.051     0.976    -0.208
 9    -0.998    -0.059    -0.019
 2    35.366    -7.107    16.014
 2     0.010    -1.000     0.004
 2     0.981     0.011     0.190
 2    -0.191     0.001     0.982
 3    35.999     1.394    -0.890
 3     0.409    -0.256     0.876
 3     0.698     0.705    -0.120
 3    -0.587     0.661     0.466
 4    37.272    -6.568     0.473
 4     0.468     0.241     0.850
 4    -0.550     0.832     0.067
 4    -0.692    -0.499     0.522
 5    40.618   -10.664    -0.602
 5     0.351    -0.936    -0.040
 5    -0.462    -0.209     0.862
 5    -0.815    -0.284    -0.505
 6    39.045   -11.673    -8.499
 6     0.314     0.163     0.935
 6    -0.104     0.985    -0.138
 6    -0.944    -0.053     0.325
 7    45.092    -1.339    -2.535
 7     0.610     0.070    -0.789
 7    -0.109     0.994     0.003
 7     0.784     0.084     0.614
 8    39.642     6.714    -1.160
 8     0.020     0.989    -0.149
 8     0.606    -0.130    -0.785
 8    -0.795    -0.074    -0.601
 9    38.722     4.937    -5.685
 9    -0.114     0.229     0.966
 9    -0.032     0.971    -0.234
 9    -0.993    -0.060    -0.104
 2    35.373    -7.111    16.016
 2     0.024    -1.000     0.004
 2     0.981     0.025     0.190
 2    -0.191    -0.001     0.982
 3    35.838     1.388    -0.869
 3     0.381    -0.245     0.891
 3     0.703     0.702    -0.109
 3    -0.600     0.668     0.439
 4    37.062    -6.511     0.574
 4     0.431     0.224     0.874
 4    -0.541     0.839     0.051
 4    -0.722    -0.495     0.483
 5    40.213   -10.528    -0.695
 5     0.283    -0.956    -0.083
 5    -0.444    -0.206     0.872
 5    -0.850    -0.211    -0.482
 6    37.844   -11.452    -8.629
 6     0.220     0.146     0.964
 6    -0.078     0.988    -0.133
 6    -0.972    -0.045     0.229
 7    45.014    -1.326    -2.624
 7     0.628     0.061    -0.776
 7    -0.105     0.994    -0.007
 7     0.771     0.085     0.631
 8    39.081     6.575    -1.403
 8    -0.044     0.983    -0.177
 8     0.589    -0.117    -0.800
 8    -0.806    -0.140    -0.574
 9    38.084     4.800    -6.064
 9    -0.190     0.235     0.953
 9    -0.044     0.967    -0.248
 9    -0.981    -0.091    -0.174
 2    35.404    -7.138    16.018
 2     0.034    -0.999     0.003
 2     0.981     0.035     0.190
 2    -0.191    -0.004     0.982
 3    35.582     1.304    -0.843
 3     0.356    -0.236     0.904
 3     0.705     0.702    -0.095
 3    -0.613     0.671     0.416
 4    36.837    -6.541     0.704
 4     0.402     0.211     0.891
 4    -0.539     0.841     0.044
 4    -0.740    -0.498     0.452
 5    39.956   -10.521    -0.682
 5     0.250    -0.964    -0.098
 5    -0.435    -0.201     0.878
 5    -0.865    -0.177    -0.469
 6    37.262   -11.420    -8.587
 6     0.185     0.136     0.973
 6    -0.065     0.990    -0.127
 6    -0.981    -0.038     0.191
 7    44.835    -1.368    -2.624
 7     0.646     0.069    -0.760
 7    -0.106     0.994    -0.000
 7     0.756     0.080     0.649
 8    38.934     6.485    -1.443
 8    -0.054     0.982    -0.181
 8     0.577    -0.117    -0.808
 8    -0.814    -0.148    -0.560
 9    37.889     4.583    -6.252
 9    -0.207     0.241     0.948
 9    -0.061     0.964    -0.259
 9    -0.977    -0.113    -0.185
 2    35.407    -7.115    16.018
 2     0.040    -0.999     0.003
 2     0.980     0.040     0.190
 2    -0.191    -0.005     0.982
 3    35.540     1.268    -0.824
 3     0.359    -0.224     0.906
 3     0.698     0.708    -0.102
 3    -0.619     0.670     0.410
 4    36.764    -6.604     0.776
 4     0.384     0.206     0.900
 4    -0.544     0.838     0.040
 4    -0.746    -0.505     0.434
 5    39.832   -10.624    -0.693
 5     0.230    -0.968    -0.104
 5    -0.440    -0.198     0.876
 5    -0.868    -0.156    -0.470
 6    36.896   -11.595    -8.493
 6     0.152     0.133     0.979
 6    -0.072     0.990    -0.124
 6    -0.986    -0.051     0.160
 7    44.786    -1.455    -2.639
 7     0.653     0.080    -0.753
 7    -0.112     0.994     0.008
 7     0.749     0.079     0.658
 8    38.921     6.375    -1.464
 8    -0.049     0.982    -0.182
 8     0.569    -0.122    -0.813
 8    -0.820    -0.144    -0.553
 9    37.811     4.339    -6.387
 9    -0.216     0.251     0.943
 9    -0.079     0.958    -0.273
 9    -0.973    -0.135    -0.188
 2    35.408    -7.117    16.022
 2     0.046    -0.999     0.002
 2     0.980     0.046     0.191
 2    -0.192    -0.007     0.982
 3    35.446     1.209    -0.783
 3     0.359    -0.209     0.909
 3     0.693     0.712    -0.110
 3    -0.625     0.670     0.401
 4    36.603    -6.650     0.847
 4     0.362     0.201     0.910
 4    -0.544     0.838     0.031
 4    -0.757    -0.507     0.412
 5    39.609   -10.612    -0.670
 5     0.201    -0.972    -0.122
 5    -0.429    -0.198     0.881
 5    -0.880    -0.125    -0.456
 6    36.422   -11.535    -8.457
 6     0.121     0.132     0.984
 6    -0.061     0.990    -0.127
 6    -0.991    -0.043     0.127
 7    44.680    -1.545    -2.620
 7     0.662     0.089    -0.745
 7    -0.120     0.993     0.012
 7     0.740     0.081     0.667
 8    38.815     6.287    -1.480
 8    -0.050     0.980    -0.191
 8     0.560    -0.130    -0.818
 8    -0.827    -0.147    -0.542
 9    37.592     4.265    -6.494
 9    -0.222     0.255     0.941
 9    -0.090     0.955    -0.281
 9    -0.971    -0.149    -0.190
 2    35.413    -7.117    16.020
 2     0.052    -0.999     0.003
 2     0.980     0.052     0.190
 2    -0.191    -0.007     0.982
 3    35.359     1.208    -0.758
 3     0.354    -0.203     0.913
 3     0.693     0.711    -0.112
 3    -0.627     0.673     0.392
 4    36.518    -6.612     0.891
 4     0.349     0.196     0.916
 4    -0.542     0.840     0.026
 4    -0.764    -0.506     0.399
 5    39.470   -10.568    -0.655
 5     0.181    -0.974    -0.134
 5    -0.426    -0.200     0.883
 5    -0.887    -0.103    -0.450
 6    36.187   -11.538    -8.366
 6     0.097     0.126     0.987
 6    -0.059     0.991    -0.121
 6    -0.993    -0.046     0.104
 7    44.644    -1.550    -2.631
 7     0.665     0.091    -0.742
 7    -0.122     0.992     0.012
 7     0.737     0.082     0.670
 8    38.687     6.254    -1.499
 8    -0.059     0.979    -0.196
 8     0.555    -0.130    -0.822
 8    -0.829    -0.158    -0.535
 9    37.457     4.253    -6.529
 9    -0.237     0.259     0.936
 9    -0.091     0.953    -0.287
 9    -0.967    -0.155    -0.204
 2    35.414    -7.118    16.020
 2     0.054    -0.999     0.003
 2     0.980     0.055     0.190
 2    -0.191    -0.008     0.982
 3    35.327     1.180    -0.752
 3     0.352    -0.202     0.914
 3     0.693     0.712    -0.110
 3    -0.629     0.673     0.391
 4    36.501    -6.597     0.922
 4     0.343     0.197     0.918
 4    -0.539     0.842     0.020
 4    -0.770    -0.502     0.395
 5    39.454   -10.499    -0.711
 5     0.178    -0.976    -0.129
 5    -0.419    -0.193     0.888
 5    -0.890    -0.104    -0.442
 6    36.134   -11.421    -8.427
 6     0.097     0.139     0.985
 6    -0.058     0.989    -0.135
 6    -0.994    -0.044     0.104
 7    44.643    -1.524    -2.632
 7     0.665     0.089    -0.742
 7    -0.122     0.992     0.009
 7     0.737     0.084     0.670
 8    38.559     6.225    -1.536
 8    -0.072     0.980    -0.183
 8     0.549    -0.113    -0.828
 8    -0.832    -0.161    -0.530
 9    37.387     4.260    -6.573
 9    -0.243     0.246     0.938
 9    -0.087     0.957    -0.274
 9    -0.966    -0.151    -0.212
 2    35.418    -7.118    16.018
 2     0.057    -0.998     0.004
 2     0.980     0.058     0.189
 2    -0.190    -0.008     0.982
 3    35.301     1.214    -0.737
 3     0.339    -0.217     0.915
 3     0.701     0.706    -0.093
 3    -0.627     0.673     0.391
 4    36.527    -6.568     0.882
 4     0.347     0.198     0.917
 4    -0.538     0.843     0.021
 4    -0.768    -0.500     0.399
 5    39.495   -10.520    -0.716
 5     0.195    -0.974    -0.117
 5    -0.424    -0.190     0.886
 5    -0.884    -0.123    -0.449
 6    36.555   -11.551    -8.469
 6     0.132     0.149     0.980
 6    -0.077     0.987    -0.141
 6    -0.988    -0.056     0.142
 7    44.638    -1.501    -2.628
 7     0.665     0.088    -0.742
 7    -0.124     0.992     0.006
 7     0.736     0.087     0.670
 8    38.886     6.351    -1.390
 8    -0.016     0.989    -0.144
 8     0.555    -0.110    -0.825
 8    -0.832    -0.094    -0.547
 9    38.083     4.375    -6.224
 9    -0.155     0.229     0.961
 9    -0.073     0.967    -0.242
 9    -0.985    -0.109    -0.134
 2    35.417    -7.145    16.021
 2     0.060    -0.998     0.003
 2     0.979     0.060     0.190
 2    -0.191    -0.009     0.982
 3    35.419     1.268    -0.752
 3     0.362    -0.220     0.906
 3     0.698     0.708    -0.107
 3    -0.618     0.671     0.409
 4    36.536    -6.584     0.843
 4     0.348     0.237     0.907
 4    -0.557     0.830    -0.004
 4    -0.754    -0.504     0.421
 5    39.753   -10.633    -0.708
 5     0.277    -0.959    -0.056
 5    -0.455    -0.181     0.872
 5    -0.846    -0.216    -0.486
 6    38.092   -11.804    -8.625
 6     0.282     0.223     0.933
 6    -0.132     0.972    -0.193
 6    -0.950    -0.068     0.303
 7    44.655    -1.532    -2.568
 7     0.658     0.106    -0.746
 7    -0.141     0.990     0.016
 7     0.740     0.095     0.666
 8    37.011     6.053    -3.915
 8     0.098     0.991    -0.095
 8     0.566    -0.133    -0.814
 8    -0.818     0.026    -0.573
 9    38.645     4.461    -6.543
 9     0.005     0.212     0.977
 9    -0.066     0.975    -0.210
 9    -0.998    -0.066     0.017
 2    35.420    -7.144    16.018
 2     0.062    -0.998     0.003
 2     0.980     0.062     0.189
 2    -0.190    -0.009     0.982
 3    35.656     1.328    -0.802
 3     0.386    -0.237     0.891
 3     0.697     0.707    -0.115
 3    -0.604     0.666     0.438
 4    36.793    -6.618     0.648
 4     0.403     0.252     0.880
 4    -0.573     0.819     0.028
 4    -0.713    -0.516     0.475
 5    40.387   -10.782    -0.695
 5     0.422    -0.904     0.069
 5    -0.488    -0.162     0.858
 5    -0.764    -0.395    -0.510
 6    40.595   -11.987    -8.396
 6     0.489     0.292     0.822
 6    -0.165     0.956    -0.242
 6    -0.857    -0.017     0.516
 7    44.811    -1.572    -2.478
 7     0.639     0.121    -0.760
 7    -0.148     0.988     0.032
 7     0.754     0.092     0.649
 8    38.163     6.043    -3.278
 8     0.261     0.965    -0.014
 8     0.573    -0.166    -0.803
 8    -0.777     0.202    -0.596
 9    40.331     4.861    -7.188
 9     0.227     0.195     0.955
 9    -0.074     0.980    -0.179
 9    -0.971    -0.034     0.234
 2    35.421    -7.144    16.019
 2     0.063    -0.998     0.003
 2     0.979     0.063     0.189
 2    -0.190    -0.010     0.982
 3    36.137     1.390    -0.932
 3     0.455    -0.239     0.858
 3     0.679     0.715    -0.162
 3    -0.575     0.657     0.488
 4    37.192    -6.665     0.392
 4     0.469     0.267     0.841
 4    -0.584     0.808     0.069
 4    -0.662    -0.524     0.535
 5    41.267   -10.860    -0.475
 5     0.553    -0.822     0.138
 5    -0.518    -0.209     0.829
 5    -0.652    -0.530    -0.542
 6    42.855   -12.305    -7.567
 6     0.645     0.290     0.706
 6    -0.204     0.957    -0.208
 6    -0.736    -0.010     0.676
 7    45.058    -1.631    -2.384
 7     0.617     0.132    -0.776
 7    -0.152     0.987     0.046
 7     0.772     0.089     0.629
 8    39.577     6.073    -2.683
 8     0.425     0.905     0.027
 8     0.587    -0.252    -0.769
 8    -0.689     0.343    -0.638
 9    42.627     5.301    -6.767
 9     0.412     0.224     0.886
 9    -0.039     0.973    -0.223
 9    -0.911     0.054     0.406
 2    35.422    -7.120    16.019
 2     0.065    -0.998     0.003
 2     0.979     0.065     0.189
 2    -0.190    -0.010     0.982
 3    36.737     1.525    -1.058
 3     0.530    -0.237     0.814
 3     0.665     0.711    -0.227
 3    -0.526     0.662     0.534
 4    37.613    -6.747     0.165
 4     0.528     0.316     0.788
 4    -0.616     0.781     0.100
 4    -0.584    -0.539     0.607
 5    42.179   -10.899     0.034
 5     0.679    -0.700     0.218
 5    -0.549    -0.289     0.784
 5    -0.486    -0.652    -0.581
 6    45.251   -12.734    -5.959
 6     0.802     0.285     0.525
 6    -0.250     0.958    -0.139
 6    -0.543    -0.020     0.839
 7    45.314    -1.706    -2.329
 7     0.585     0.148    -0.798
 7    -0.153     0.985     0.070
 7     0.797     0.081     0.598
 8    40.915     6.262    -1.847
 8     0.571     0.811     0.126
