% Calibrated with leiden_pols
% Positions are in centimeters
Data =[
 2    36.397    -7.222    15.730
 2     0.960    -0.281    -0.003
 2     0.279     0.958     0.051
 2    -0.010    -0.052     0.998
 3    40.810     3.160    -2.235
 3     0.759    -0.565     0.325
 3     0.643     0.575    -0.505
 3     0.098     0.592     0.799
 4    40.867    -6.888    -1.445
 4     0.711     0.649     0.271
 4    -0.703     0.640     0.311
 4     0.028    -0.411     0.911
 5    44.964    -6.995     2.833
 5     0.597     0.336     0.730
 5    -0.012    -0.905     0.423
 5     0.802    -0.260    -0.536
 6    47.382    -3.294     7.244
 6     0.507     0.012    -0.862
 6     0.839     0.219     0.496
 6     0.197    -0.976     0.099
 7    46.477    -1.632    -2.049
 7     0.439     0.277    -0.855
 7    -0.200     0.957     0.207
 7     0.876     0.081     0.475
 8    43.726     4.807     2.136
 8     0.581    -0.392     0.716
 8     0.016    -0.872    -0.488
 8     0.814     0.294    -0.499
 9    46.132    -1.730     6.045
 9     0.516    -0.021    -0.857
 9    -0.847    -0.167    -0.505
 9    -0.130     0.986    -0.104
 2    36.397    -7.221    15.729
 2     0.960    -0.281    -0.003
 2     0.280     0.958     0.051
 2    -0.010    -0.052     0.998
 3    40.817     3.189    -2.244
 3     0.757    -0.568     0.324
 3     0.645     0.573    -0.506
 3     0.101     0.591     0.799
 4    40.850    -6.886    -1.454
 4     0.710     0.651     0.270
 4    -0.704     0.638     0.312
 4     0.031    -0.412     0.911
 5    44.938    -6.996     2.858
 5     0.596     0.335     0.731
 5    -0.012    -0.906     0.423
 5     0.802    -0.260    -0.535
 6    47.381    -3.295     7.273
 6     0.510     0.013    -0.861
 6     0.837     0.218     0.499
 6     0.196    -0.976     0.099
 7    46.458    -1.631    -2.029
 7     0.436     0.277    -0.857
 7    -0.199     0.957     0.207
 7     0.877     0.080     0.472
 8    43.705     4.783     2.153
 8     0.578    -0.391     0.718
 8     0.013    -0.874    -0.484
 8     0.815     0.289    -0.499
 9    46.090    -1.735     6.070
 9     0.521    -0.008    -0.854
 9    -0.842    -0.169    -0.512
 9    -0.138     0.985    -0.096
 2    36.397    -7.222    15.730
 2     0.960    -0.281    -0.003
 2     0.279     0.958     0.051
 2    -0.010    -0.052     0.998
 3    40.826     3.168    -2.230
 3     0.755    -0.571     0.323
 3     0.646     0.571    -0.506
 3     0.105     0.590     0.800
 4    40.861    -6.883    -1.443
 4     0.708     0.654     0.267
 4    -0.705     0.635     0.314
 4     0.036    -0.411     0.911
 5    44.900    -6.966     2.872
 5     0.595     0.330     0.735
 5    -0.010    -0.909     0.415
 5     0.804    -0.254    -0.536
 6    47.378    -3.298     7.283
 6     0.516     0.015    -0.857
 6     0.834     0.214     0.506
 6     0.193    -0.977     0.096
 7    46.473    -1.652    -2.024
 7     0.432     0.276    -0.859
 7    -0.198     0.957     0.208
 7     0.880     0.080     0.468
 8    43.658     4.760     2.192
 8     0.577    -0.388     0.720
 8     0.011    -0.877    -0.479
 8     0.816     0.283    -0.502
 9    46.081    -1.739     6.088
 9     0.523     0.002    -0.853
 9    -0.840    -0.169    -0.515
 9    -0.143     0.985    -0.088
 2    36.397    -7.222    15.730
 2     0.960    -0.281    -0.003
 2     0.279     0.958     0.051
 2    -0.010    -0.052     0.998
 3    40.831     3.170    -2.211
 3     0.754    -0.573     0.321
 3     0.647     0.570    -0.506
 3     0.107     0.589     0.800
 4    40.871    -6.906    -1.455
 4     0.706     0.657     0.265
 4    -0.707     0.632     0.317
 4     0.040    -0.411     0.911
 5    44.906    -6.963     2.917
 5     0.593     0.328     0.737
 5    -0.009    -0.911     0.411
 5     0.805    -0.250    -0.536
 6    47.378    -3.300     7.316
 6     0.520     0.020    -0.854
 6     0.832     0.209     0.512
 6     0.191    -0.978     0.091
 7    46.484    -1.649    -2.013
 7     0.429     0.277    -0.860
 7    -0.196     0.957     0.210
 7     0.882     0.079     0.464
 8    43.663     4.735     2.187
 8     0.577    -0.389     0.720
 8     0.010    -0.877    -0.479
 8     0.817     0.283    -0.501
 9    46.107    -1.765     6.090
 9     0.523     0.005    -0.853
 9    -0.840    -0.167    -0.515
 9    -0.143     0.986    -0.085
 2    36.397    -7.221    15.729
 2     0.960    -0.281    -0.003
 2     0.280     0.958     0.051
 2    -0.010    -0.052     0.998
 3    40.837     3.146    -2.216
 3     0.755    -0.573     0.318
 3     0.646     0.571    -0.507
 3     0.109     0.588     0.801
 4    40.878    -6.904    -1.438
 4     0.705     0.658     0.264
 4    -0.708     0.631     0.318
 4     0.043    -0.411     0.910
 5    44.906    -6.938     2.917
 5     0.593     0.328     0.737
 5    -0.009    -0.911     0.410
 5     0.805    -0.250    -0.536
 6    47.353    -3.327     7.320
 6     0.522     0.022    -0.853
 6     0.831     0.207     0.514
 6     0.190    -0.978     0.088
 7    46.490    -1.647    -2.019
 7     0.427     0.278    -0.861
 7    -0.195     0.957     0.212
 7     0.883     0.078     0.463
 8    43.663     4.735     2.187
 8     0.577    -0.391     0.719
 8     0.010    -0.876    -0.481
 8     0.817     0.283    -0.501
 9    46.085    -1.764     6.088
 9     0.522     0.004    -0.853
 9    -0.841    -0.166    -0.515
 9    -0.142     0.986    -0.084
 2    36.397    -7.221    15.729
 2     0.960    -0.281    -0.003
 2     0.280     0.958     0.052
 2    -0.010    -0.052     0.998
 3    40.842     3.148    -2.221
 3     0.755    -0.575     0.317
 3     0.646     0.570    -0.508
 3     0.111     0.587     0.801
 4    40.883    -6.902    -1.444
 4     0.704     0.660     0.263
 4    -0.709     0.629     0.319
 4     0.045    -0.411     0.910
 5    44.882    -6.964     2.917
 5     0.593     0.327     0.737
 5    -0.010    -0.911     0.411
 5     0.805    -0.251    -0.537
 6    47.356    -3.325     7.343
 6     0.521     0.026    -0.854
 6     0.831     0.206     0.514
 6     0.191    -0.978     0.084
 7    46.465    -1.648    -1.993
 7     0.426     0.279    -0.861
 7    -0.195     0.957     0.212
 7     0.883     0.078     0.461
 8    43.669     4.736     2.187
 8     0.574    -0.395     0.719
 8     0.011    -0.873    -0.485
 8     0.818     0.286    -0.497
 9    46.097    -1.761     6.099
 9     0.520    -0.000    -0.854
 9    -0.843    -0.163    -0.512
 9    -0.137     0.986    -0.086
 2    36.397    -7.222    15.730
 2     0.960    -0.281    -0.003
 2     0.279     0.958     0.051
 2    -0.010    -0.052     0.998
 3    40.842     3.147    -2.222
 3     0.756    -0.574     0.317
 3     0.645     0.569    -0.509
 3     0.111     0.588     0.800
 4    40.884    -6.902    -1.442
 4     0.703     0.660     0.265
 4    -0.709     0.627     0.321
 4     0.045    -0.414     0.909
 5    44.899    -6.969     2.924
 5     0.594     0.329     0.736
 5    -0.015    -0.909     0.416
 5     0.804    -0.258    -0.534
 6    47.335    -3.348     7.337
 6     0.518     0.028    -0.855
 6     0.833     0.207     0.511
 6     0.193    -0.978     0.082
 7    46.466    -1.648    -1.993
 7     0.426     0.279    -0.861
 7    -0.195     0.957     0.213
 7     0.883     0.077     0.461
 8    43.670     4.761     2.190
 8     0.574    -0.397     0.718
 8     0.013    -0.871    -0.490
 8     0.818     0.289    -0.495
 9    46.100    -1.759     6.117
 9     0.519    -0.004    -0.855
 9    -0.844    -0.162    -0.510
 9    -0.135     0.986    -0.089
 2    36.397    -7.222    15.730
 2     0.960    -0.281    -0.003
 2     0.279     0.958     0.051
 2    -0.010    -0.052     0.998
 3    40.844     3.148    -2.225
 3     0.756    -0.574     0.316
 3     0.645     0.569    -0.510
 3     0.112     0.588     0.800
 4    40.888    -6.901    -1.449
 4     0.703     0.660     0.264
 4    -0.709     0.627     0.321
 4     0.047    -0.413     0.909
 5    44.874    -6.994     2.924
 5     0.594     0.329     0.736
 5    -0.014    -0.909     0.416
 5     0.804    -0.257    -0.534
 6    47.339    -3.347     7.335
 6     0.518     0.030    -0.856
 6     0.833     0.207     0.511
 6     0.194    -0.978     0.080
 7    46.496    -1.671    -2.000
 7     0.424     0.279    -0.862
 7    -0.194     0.957     0.213
 7     0.884     0.077     0.460
 8    43.670     4.761     2.190
 8     0.574    -0.397     0.718
 8     0.013    -0.871    -0.489
 8     0.818     0.289    -0.495
 9    46.103    -1.759     6.141
 9     0.518    -0.003    -0.856
 9    -0.845    -0.161    -0.510
 9    -0.134     0.987    -0.087
 2    36.394    -7.222    15.732
 2     0.960    -0.282    -0.003
 2     0.280     0.958     0.052
 2    -0.011    -0.052     0.998
 3    40.900     3.150    -2.228
 3     0.755    -0.577     0.312
 3     0.645     0.571    -0.508
 3     0.114     0.584     0.803
 4    40.916    -6.899    -1.456
 4     0.704     0.661     0.260
 4    -0.709     0.628     0.321
 4     0.049    -0.410     0.910
 5    44.878    -6.967     2.918
 5     0.593     0.329     0.736
 5    -0.013    -0.909     0.415
 5     0.805    -0.256    -0.534
 6    47.363    -3.347     7.360
 6     0.518     0.030    -0.855
 6     0.833     0.206     0.512
 6     0.194    -0.978     0.080
 7    46.518    -1.637    -2.028
 7     0.420     0.275    -0.865
 7    -0.189     0.958     0.212
 7     0.888     0.074     0.454
 8    43.658     4.741     2.169
 8     0.570    -0.395     0.723
 8     0.011    -0.874    -0.483
 8     0.821     0.283    -0.494
 9    46.067    -1.763     6.130
 9     0.519     0.001    -0.855
 9    -0.843    -0.164    -0.511
 9    -0.139     0.986    -0.086
 2    36.397    -7.222    15.730
 2     0.960    -0.281    -0.003
 2     0.279     0.958     0.051
 2    -0.010    -0.052     0.998
 3    40.887     3.227    -2.214
 3     0.760    -0.574     0.306
 3     0.639     0.574    -0.512
 3     0.118     0.584     0.802
 4    40.893    -6.777    -1.375
 4     0.699     0.655     0.286
 4    -0.714     0.615     0.334
 4     0.043    -0.437     0.898
 5    44.953    -7.098     2.911
 5     0.601     0.346     0.722
 5    -0.037    -0.889     0.454
 5     0.798    -0.299    -0.522
 6    47.326    -3.312     7.270
 6     0.486    -0.009    -0.874
 6     0.850     0.234     0.470
 6     0.203    -0.972     0.120
 7    46.544    -1.592    -2.081
 7     0.408     0.281    -0.869
 7    -0.174     0.958     0.227
 7     0.896     0.059     0.439
 8    43.775     4.911     2.105
 8     0.568    -0.425     0.707
 8     0.006    -0.855    -0.517
 8     0.823     0.297    -0.482
 9    45.950    -1.827     6.026
 9     0.461     0.051    -0.886
 9    -0.871    -0.167    -0.462
 9    -0.169     0.984    -0.034
 2    36.397    -7.221    15.729
 2     0.960    -0.282    -0.003
 2     0.280     0.958     0.052
 2    -0.010    -0.052     0.998
 3    40.853     3.111    -2.243
 3     0.770    -0.554     0.318
 3     0.633     0.601    -0.487
 3     0.079     0.575     0.813
 4    40.938    -6.769    -1.370
 4     0.715     0.636     0.289
 4    -0.698     0.627     0.347
 4     0.040    -0.449     0.892
 5    45.117    -7.482     3.004
 5     0.632     0.367     0.685
 5    -0.066    -0.853     0.516
 5     0.772    -0.371    -0.514
 6    47.200    -3.222     6.958
 6     0.398    -0.141    -0.908
 6     0.893     0.283     0.347
 6     0.211    -0.949     0.236
 7    46.579    -1.633    -2.150
 7     0.412     0.296    -0.862
 7    -0.163     0.954     0.248
 7     0.896     0.039     0.441
 8    44.075     5.185     1.845
 8     0.574    -0.495     0.654
 8     0.008    -0.794    -0.607
 8     0.818     0.354    -0.451
 9    45.716    -2.115     5.879
 9     0.347    -0.025    -0.938
 9    -0.927    -0.160    -0.339
 9    -0.141     0.987    -0.079
 2    36.397    -7.221    15.729
 2     0.960    -0.282    -0.003
 2     0.280     0.958     0.051
 2    -0.010    -0.052     0.998
 3    40.827     2.974    -2.351
 3     0.789    -0.511     0.341
 3     0.613     0.636    -0.468
 3     0.022     0.578     0.815
 4    40.850    -6.806    -1.334
 4     0.705     0.640     0.306
 4    -0.708     0.617     0.343
 4     0.031    -0.458     0.888
 5    45.041    -7.784     2.892
 5     0.631     0.374     0.682
 5    -0.092    -0.835     0.541
 5     0.770    -0.404    -0.492
 6    46.925    -3.175     6.747
 6     0.338    -0.148    -0.930
 6     0.914     0.281     0.287
 6     0.221    -0.948     0.229
 7    46.561    -1.696    -2.231
 7     0.420     0.324    -0.848
 7    -0.171     0.945     0.276
 7     0.891     0.029     0.452
 8    44.314     5.406     1.606
 8     0.592    -0.536     0.604
 8     0.017    -0.739    -0.672
 8     0.806     0.408    -0.428
 9    45.689    -2.189     5.691
 9     0.282    -0.009    -0.959
 9    -0.951    -0.138    -0.278
 9    -0.129     0.990    -0.048
 2    36.397    -7.221    15.729
 2     0.960    -0.282    -0.003
 2     0.280     0.958     0.051
 2    -0.010    -0.052     0.998
 3    40.800     2.939    -2.390
 3     0.787    -0.510     0.348
 3     0.617     0.641    -0.457
 3     0.010     0.573     0.818
 4    40.676    -6.867    -1.354
 4     0.678     0.660     0.324
 4    -0.734     0.604     0.309
 4     0.008    -0.447     0.894
 5    44.707    -7.268     2.731
 5     0.579     0.305     0.758
 5    -0.059    -0.910     0.409
 5     0.813    -0.280    -0.508
 6    46.797    -3.219     7.021
 6     0.444    -0.052    -0.895
 6     0.877     0.225     0.422
 6     0.182    -0.973     0.144
 7    46.553    -1.759    -2.238
 7     0.418     0.343    -0.842
 7    -0.182     0.938     0.291
 7     0.889     0.032     0.455
 8    43.882     4.858     1.573
 8     0.528    -0.469     0.711
 8    -0.029    -0.844    -0.534
 8     0.849     0.260    -0.458
 9    45.657    -2.222     5.836
 9     0.395    -0.016    -0.919
 9    -0.902    -0.196    -0.384
 9    -0.172     0.980    -0.092
 2    36.395    -7.223    15.733
 2     0.960    -0.281    -0.002
 2     0.279     0.958     0.051
 2    -0.011    -0.052     0.998
 3    40.900     3.020    -2.381
 3     0.785    -0.527     0.327
 3     0.618     0.629    -0.471
 3     0.042     0.571     0.819
 4    40.664    -6.904    -1.420
 4     0.666     0.675     0.318
 4    -0.746     0.599     0.290
 4     0.005    -0.430     0.902
 5    44.649    -6.637     2.674
 5     0.553     0.278     0.786
 5     0.029    -0.949     0.313
 5     0.832    -0.150    -0.532
 6    47.115    -3.380     6.990
 6     0.590    -0.069    -0.805
 6     0.798     0.194     0.568
 6     0.120    -0.979     0.167
 7    46.546    -1.735    -2.232
 7     0.410     0.352    -0.842
 7    -0.186     0.935     0.300
 7     0.892     0.034     0.448
 8    43.877     4.774     1.661
 8     0.535    -0.456     0.714
 8    -0.037    -0.855    -0.516
 8     0.844     0.248    -0.472
 9    45.808    -1.999     5.775
 9     0.457     0.029    -0.889
 9    -0.864    -0.226    -0.451
 9    -0.212     0.973    -0.079
 2    36.397    -7.221    15.729
 2     0.960    -0.282    -0.003
 2     0.280     0.958     0.052
 2    -0.010    -0.052     0.998
 3    41.038     3.127    -2.375
 3     0.785    -0.546     0.294
 3     0.614     0.626    -0.480
 3     0.077     0.557     0.826
 4    40.671    -6.838    -1.444
 4     0.653     0.703     0.281
 4    -0.756     0.588     0.286
 4     0.036    -0.399     0.916
 5    44.589    -6.481     2.890
 5     0.581     0.300     0.758
 5     0.069    -0.945     0.318
 5     0.811    -0.133    -0.569
 6    47.605    -3.818     7.078
 6     0.684     0.003    -0.730
 6     0.715     0.187     0.672
 6     0.140    -0.982     0.123
 7    46.594    -1.721    -2.275
 7     0.393     0.344    -0.853
 7    -0.180     0.938     0.294
 7     0.901     0.038     0.430
 8    43.548     4.465     1.633
 8     0.510    -0.335     0.794
 8    -0.021    -0.926    -0.375
 8     0.859     0.174    -0.479
 9    46.249    -0.894     5.804
 9     0.672     0.107    -0.734
 9    -0.684    -0.293    -0.668
 9    -0.284     0.950    -0.125
 2    36.397    -7.222    15.730
 2     0.960    -0.281    -0.003
 2     0.279     0.958     0.051
 2    -0.010    -0.052     0.998
 3    41.106     3.155    -2.397
 3     0.777    -0.569     0.271
 3     0.621     0.620    -0.479
 3     0.104     0.540     0.835
 4    40.532    -6.851    -1.497
 4     0.620     0.742     0.255
 4    -0.783     0.566     0.257
 4     0.046    -0.359     0.932
 5    44.336    -6.249     2.924
 5     0.579     0.187     0.795
 5     0.031    -0.978     0.205
 5     0.815    -0.094    -0.571
 6    47.936    -4.778     7.470
 6     0.809     0.172    -0.562
 6     0.561     0.052     0.825
 6     0.172    -0.984    -0.055
 7    46.567    -1.685    -2.294
 7     0.385     0.327    -0.864
 7    -0.174     0.944     0.279
 7     0.906     0.044     0.420
 8    43.347     4.233     1.661
 8     0.508    -0.172     0.845
 8     0.042    -0.974    -0.221
 8     0.860     0.147    -0.487
 9    46.652     1.394     5.719
 9     0.871     0.271    -0.414
 9    -0.364    -0.208    -0.906
 9    -0.329     0.939    -0.087
 2    36.397    -7.222    15.730
 2     0.960    -0.281    -0.003
 2     0.279     0.958     0.051
 2    -0.010    -0.052     0.998
 3    41.172     3.263    -2.395
 3     0.767    -0.586     0.262
 3     0.626     0.598    -0.500
 3     0.135     0.547     0.825
 4    40.296    -6.700    -1.583
 4     0.565     0.790     0.237
 4    -0.823     0.521     0.224
 4     0.054    -0.322     0.945
 5    43.953    -6.252     2.887
 5     0.584     0.031     0.811
 5    -0.074    -0.993     0.090
 5     0.808    -0.113    -0.578
 6    47.921    -5.901     7.700
 6     0.891     0.283    -0.357
 6     0.393    -0.086     0.915
 6     0.228    -0.955    -0.187
 7    46.582    -1.680    -2.333
 7     0.377     0.304    -0.875
 7    -0.174     0.951     0.255
 7     0.910     0.056     0.411
 8    43.235     4.090     1.439
 8     0.449     0.025     0.893
 8     0.105    -0.994    -0.024
 8     0.887     0.104    -0.449
 9    46.196     4.086     5.887
 9     0.943     0.333     0.023
 9     0.072    -0.128    -0.989
 9    -0.326     0.934    -0.146
 2    36.397    -7.221    15.729
 2     0.960    -0.281    -0.003
 2     0.280     0.958     0.052
 2    -0.010    -0.052     0.998
 3    41.264     3.424    -2.440
 3     0.752    -0.609     0.252
 3     0.637     0.576    -0.512
 3     0.166     0.546     0.821
 4    40.199    -6.539    -1.641
 4     0.533     0.810     0.244
 4    -0.844     0.491     0.213
 4     0.053    -0.319     0.946
 5    43.866    -6.189     2.874
 5     0.583    -0.050     0.811
 5    -0.137    -0.990     0.036
 5     0.800    -0.132    -0.584
 6    47.953    -6.541     7.403
 6     0.933     0.231    -0.275
 6     0.308    -0.129     0.942
 6     0.182    -0.964    -0.191
 7    46.555    -1.583    -2.292
 7     0.381     0.284    -0.880
 7    -0.176     0.956     0.232
 7     0.907     0.067     0.414
 8    43.056     4.159     1.455
 8     0.424     0.165     0.890
 8     0.160    -0.981     0.105
 8     0.891     0.098    -0.443
 9    45.532     5.561     5.945
 9     0.902     0.342     0.266
 9     0.295    -0.036    -0.955
 9    -0.316     0.939    -0.132
 2    36.397    -7.221    15.729
 2     0.960    -0.281    -0.003
 2     0.280     0.958     0.052
 2    -0.010    -0.052     0.998
 3    41.287     3.525    -2.439
 3     0.741    -0.623     0.250
 3     0.644     0.554    -0.527
 3     0.189     0.551     0.812
 4    40.046    -6.366    -1.681
 4     0.500     0.827     0.255
 4    -0.865     0.465     0.189
 4     0.038    -0.315     0.948
 5    43.701    -6.172     2.795
 5     0.577    -0.107     0.809
 5    -0.188    -0.982     0.004
 5     0.794    -0.155    -0.587
 6    47.898    -7.054     7.353
 6     0.944     0.271    -0.190
 6     0.233    -0.139     0.963
 6     0.234    -0.953    -0.193
 7    46.538    -1.569    -2.280
 7     0.382     0.281    -0.881
 7    -0.186     0.956     0.224
 7     0.905     0.079     0.417
 8    43.060     4.162     1.423
 8     0.409     0.203     0.889
 8     0.166    -0.975     0.146
 8     0.897     0.088    -0.433
 9    45.385     5.988     6.034
 9     0.884     0.322     0.342
 9     0.361    -0.004    -0.932
 9    -0.298     0.947    -0.118
 2    36.397    -7.221    15.729
 2     0.960    -0.281    -0.003
 2     0.280     0.958     0.051
 2    -0.010    -0.052     0.998
 3    41.286     3.585    -2.419
 3     0.740    -0.626     0.246
 3     0.642     0.550    -0.534
 3     0.199     0.552     0.809
 4    39.821    -6.271    -1.695
 4     0.460     0.847     0.265
 4    -0.888     0.431     0.162
 4     0.024    -0.310     0.950
 5    43.487    -6.199     2.715
 5     0.561    -0.171     0.810
 5    -0.236    -0.971    -0.041
 5     0.793    -0.168    -0.585
 6    47.712    -7.634     7.464
 6     0.935     0.349    -0.069
 6     0.145    -0.203     0.969
 6     0.324    -0.915    -0.239
 7    46.481    -1.586    -2.268
 7     0.388     0.287    -0.876
 7    -0.200     0.954     0.223
 7     0.900     0.089     0.427
 8    43.040     4.155     1.397
 8     0.401     0.236     0.885
 8     0.174    -0.968     0.179
 8     0.899     0.082    -0.429
 9    45.229     6.341     6.094
 9     0.864     0.314     0.396
 9     0.420    -0.016    -0.907
 9    -0.278     0.949    -0.144
 2    36.397    -7.221    15.729
 2     0.960    -0.282    -0.003
 2     0.280     0.958     0.051
 2    -0.010    -0.052     0.998
 3    41.274     3.565    -2.439
 3     0.739    -0.629     0.244
 3     0.642     0.545    -0.539
 3     0.205     0.554     0.806
 4    39.665    -6.222    -1.710
 4     0.434     0.858     0.275
 4    -0.901     0.410     0.141
 4     0.008    -0.309     0.951
 5    43.324    -6.332     2.677
 5     0.569    -0.184     0.801
 5    -0.266    -0.964    -0.032
 5     0.778    -0.195    -0.597
 6    47.667    -7.966     7.400
 6     0.937     0.348    -0.030
 6     0.113    -0.225     0.968
 6     0.330    -0.910    -0.249
 7    46.444    -1.615    -2.254
 7     0.390     0.286    -0.875
 7    -0.202     0.954     0.221
 7     0.898     0.091     0.430
 8    42.994     4.152     1.373
 8     0.391     0.278     0.877
 8     0.189    -0.957     0.219
 8     0.901     0.080    -0.426
 9    44.936     6.791     6.156
 9     0.832     0.306     0.465
 9     0.488    -0.005    -0.872
 9    -0.264     0.952    -0.151
 2    36.397    -7.221    15.729
 2     0.960    -0.282    -0.003
 2     0.280     0.958     0.051
 2    -0.010    -0.052     0.998
 3    41.186     3.576    -2.488
 3     0.728    -0.640     0.248
 3     0.652     0.533    -0.539
 3     0.212     0.553     0.805
 4    39.603    -6.180    -1.712
 4     0.425     0.861     0.279
 4    -0.905     0.403     0.133
 4     0.002    -0.309     0.951
 5    43.209    -6.474     2.718
 5     0.570    -0.199     0.797
 5    -0.306    -0.952    -0.019
 5     0.763    -0.233    -0.603
 6    47.543    -8.378     7.247
 6     0.937     0.348     0.003
 6     0.078    -0.222     0.972
 6     0.339    -0.911    -0.234
 7    46.394    -1.595    -2.253
 7     0.398     0.279    -0.874
 7    -0.204     0.955     0.211
 7     0.894     0.095     0.437
 8    42.882     4.204     1.371
 8     0.375     0.334     0.865
 8     0.216    -0.938     0.268
 8     0.901     0.087    -0.424
 9    44.639     7.234     6.196
 9     0.802     0.273     0.533
 9     0.543     0.039    -0.838
 9    -0.249     0.961    -0.114
 2    36.397    -7.221    15.729
 2     0.960    -0.281    -0.003
 2     0.280     0.958     0.051
 2    -0.010    -0.052     0.998
 3    41.140     3.608    -2.499
 3     0.719    -0.648     0.252
 3     0.661     0.524    -0.537
 3     0.215     0.552     0.805
 4    39.572    -6.160    -1.701
 4     0.421     0.862     0.281
 4    -0.907     0.401     0.129
 4    -0.001    -0.309     0.951
 5    43.146    -6.535     2.737
 5     0.567    -0.205     0.798
 5    -0.317    -0.948    -0.018
 5     0.760    -0.243    -0.602
 6    47.524    -8.426     7.254
 6     0.936     0.353    -0.000
 6     0.079    -0.211     0.974
 6     0.344    -0.911    -0.224
 7    46.369    -1.595    -2.253
 7     0.398     0.278    -0.875
 7    -0.204     0.956     0.210
 7     0.894     0.095     0.437
 8    42.886     4.230     1.386
 8     0.388     0.283     0.877
 8     0.196    -0.955     0.221
 8     0.900     0.086    -0.426
 9    45.204     6.488     6.219
 9     0.869     0.294     0.399
 9     0.431    -0.059    -0.900
 9    -0.241     0.953    -0.177
 2    36.394    -7.222    15.732
 2     0.960    -0.282    -0.003
 2     0.280     0.958     0.052
 2    -0.011    -0.052     0.998
 3    41.075     3.564    -2.467
 3     0.727    -0.637     0.257
 3     0.657     0.539    -0.527
 3     0.197     0.551     0.810
 4    39.622    -6.248    -1.722
 4     0.444     0.854     0.273
 4    -0.896     0.422     0.137
 4     0.002    -0.305     0.952
 5    43.374    -6.371     2.708
 5     0.606    -0.101     0.788
 5    -0.219    -0.975     0.043
 5     0.764    -0.198    -0.614
 6    47.766    -6.932     7.083
 6     0.923     0.283    -0.263
 6     0.294    -0.078     0.952
 6     0.249    -0.956    -0.154
 7    46.383    -1.595    -2.290
 7     0.393     0.288    -0.873
 7    -0.206     0.953     0.221
 7     0.896     0.093     0.434
 8    42.918     4.241     1.474
 8     0.436     0.138     0.889
 8     0.146    -0.986     0.081
 8     0.888     0.094    -0.450
 9    46.111     4.293     6.064
 9     0.958     0.288     0.008
 9     0.070    -0.198    -0.977
 9    -0.279     0.937    -0.212
 2    36.397    -7.221    15.729
 2     0.960    -0.282    -0.003
 2     0.280     0.958     0.051
 2    -0.010    -0.052     0.998
 3    41.010     3.543    -2.430
 3     0.735    -0.627     0.258
 3     0.654     0.556    -0.513
 3     0.178     0.546     0.818
 4    39.825    -6.338    -1.670
 4     0.510     0.819     0.263
 4    -0.860     0.483     0.165
 4     0.008    -0.310     0.950
 5    43.777    -6.586     2.768
 5     0.646     0.092     0.758
 5    -0.127    -0.966     0.225
 5     0.752    -0.242    -0.612
 6    47.850    -5.144     6.762
 6     0.775     0.175    -0.608
 6     0.570     0.222     0.791
 6     0.274    -0.959     0.072
 7    46.389    -1.570    -2.296
 7     0.390     0.292    -0.874
 7    -0.207     0.952     0.225
 7     0.897     0.093     0.431
 8    43.031     4.406     1.739
 8     0.508    -0.103     0.855
 8     0.046    -0.988    -0.144
 8     0.860     0.112    -0.497
 9    46.067     0.728     5.844
 9     0.810     0.187    -0.560
 9    -0.468    -0.370    -0.801
 9    -0.354     0.910    -0.214
 2    36.394    -7.223    15.732
 2     0.960    -0.281    -0.002
 2     0.279     0.958     0.051
 2    -0.011    -0.051     0.998
 3    40.810     3.458    -2.380
 3     0.747    -0.607     0.272
 3     0.648     0.576    -0.498
 3     0.145     0.548     0.823
 4    39.998    -6.499    -1.567
 4     0.603     0.747     0.281
 4    -0.798     0.565     0.209
 4    -0.003    -0.350     0.937
 5    44.220    -6.835     2.767
 5     0.662     0.283     0.695
 5    -0.048    -0.908     0.414
 5     0.748    -0.307    -0.587
 6    47.333    -3.422     6.483
 6     0.536    -0.090    -0.841
 6     0.801     0.363     0.472
 6     0.266    -0.927     0.265
 7    46.295    -1.549    -2.265
 7     0.399     0.298    -0.867
 7    -0.208     0.950     0.230
 7     0.893     0.089     0.441
 8    43.407     4.619     2.044
 8     0.564    -0.397     0.726
 8    -0.062    -0.895    -0.440
 8     0.823     0.202    -0.528
 9    45.506    -1.741     5.745
 9     0.502     0.072    -0.863
 9    -0.808    -0.320    -0.495
 9    -0.310     0.944    -0.104
 2    36.397    -7.221    15.729
 2     0.960    -0.282    -0.003
 2     0.280     0.958     0.051
 2    -0.010    -0.052     0.998
 3    40.660     3.317    -2.322
 3     0.765    -0.580     0.282
 3     0.635     0.602    -0.484
 3     0.110     0.548     0.828
 4    39.927    -6.580    -1.462
 4     0.629     0.709     0.318
 4    -0.777     0.588     0.223
 4    -0.029    -0.387     0.921
 5    44.355    -7.032     2.738
 5     0.666     0.310     0.680
 5    -0.059    -0.886     0.459
 5     0.744    -0.346    -0.571
 6    46.873    -3.114     6.225
 6     0.461    -0.243    -0.856
 6     0.859     0.360     0.360
 6     0.224    -0.901     0.371
 7    46.222    -1.664    -2.223
 7     0.404     0.318    -0.858
 7    -0.217     0.944     0.247
 7     0.888     0.087     0.450
 8    43.762     4.838     2.037
 8     0.581    -0.512     0.635
 8    -0.068    -0.807    -0.586
 8     0.811     0.296    -0.503
 9    45.488    -2.378     5.850
 9     0.365    -0.031    -0.930
 9    -0.907    -0.239    -0.348
 9    -0.210     0.970    -0.116
 2    36.397    -7.221    15.729
 2     0.960    -0.281    -0.004
 2     0.280     0.958     0.052
 2    -0.010    -0.052     0.998
 3    40.668     3.217    -2.355
 3     0.776    -0.563     0.284
 3     0.624     0.622    -0.473
 3     0.089     0.544     0.834
 4    39.935    -6.655    -1.460
 4     0.626     0.708     0.327
 4    -0.779     0.583     0.229
 4    -0.028    -0.398     0.917
 5    44.342    -7.079     2.741
 5     0.653     0.306     0.694
 5    -0.068    -0.888     0.453
 5     0.754    -0.343    -0.559
 6    46.875    -3.103     6.335
 6     0.449    -0.215    -0.869
 6     0.863     0.352     0.358
 6     0.232    -0.911     0.341
 7    46.268    -1.718    -2.215
 7     0.405     0.322    -0.856
 7    -0.220     0.943     0.249
 7     0.887     0.087     0.452
 8    43.773     4.761     2.075
 8     0.594    -0.487     0.643
 8    -0.052    -0.818    -0.571
 8     0.803     0.305    -0.510
 9    45.571    -2.394     5.853
 9     0.372    -0.037    -0.928
 9    -0.905    -0.236    -0.353
 9    -0.205     0.971    -0.122
 2    36.397    -7.221    15.729
 2     0.960    -0.281    -0.003
 2     0.280     0.958     0.052
 2    -0.010    -0.052     0.998
 3    40.751     3.145    -2.395
 3     0.776    -0.563     0.285
 3     0.623     0.618    -0.478
 3     0.093     0.548     0.831
 4    40.138    -6.689    -1.458
 4     0.634     0.707     0.314
 4    -0.773     0.587     0.240
 4    -0.014    -0.395     0.918
 5    44.418    -7.102     2.766
 5     0.653     0.307     0.694
 5    -0.064    -0.889     0.452
 5     0.754    -0.339    -0.561
 6    46.965    -3.106     6.377
 6     0.449    -0.213    -0.869
 6     0.864     0.347     0.361
 6     0.227    -0.913     0.337
 7    46.379    -1.714    -2.203
 7     0.402     0.323    -0.857
 7    -0.218     0.942     0.252
 7     0.889     0.086     0.449
 8    43.897     4.791     2.025
 8     0.586    -0.497     0.642
 8    -0.057    -0.814    -0.577
 8     0.808     0.301    -0.505
 9    45.629    -2.444     5.847
 9     0.368    -0.040    -0.929
 9    -0.907    -0.234    -0.349
 9    -0.202     0.971    -0.122
 2    36.397    -7.221    15.729
 2     0.960    -0.281    -0.003
 2     0.280     0.958     0.051
 2    -0.010    -0.052     0.998
 3    40.934     3.143    -2.417
 3     0.781    -0.561     0.275
 3     0.617     0.627    -0.475
 3     0.094     0.540     0.836
 4    40.256    -6.707    -1.492
 4     0.635     0.711     0.303
 4    -0.773     0.586     0.243
 4    -0.004    -0.388     0.921
 5    44.492    -7.095     2.761
 5     0.647     0.306     0.700
 5    -0.063    -0.892     0.445
 5     0.760    -0.332    -0.557
 6    47.001    -3.128     6.420
 6     0.450    -0.205    -0.871
 6     0.862     0.347     0.364
 6     0.230    -0.915     0.330
 7    46.460    -1.738    -2.184
 7     0.400     0.324    -0.858
 7    -0.217     0.942     0.254
 7     0.890     0.085     0.446
 8    43.959     4.747     2.004
 8     0.582    -0.492     0.649
 8    -0.057    -0.819    -0.569
 8     0.811     0.294    -0.504
 9    45.713    -2.436     5.852
 9     0.372    -0.045    -0.927
 9    -0.907    -0.230    -0.353
 9    -0.197     0.972    -0.127
 2    36.395    -7.223    15.733
 2     0.960    -0.281    -0.002
 2     0.279     0.958     0.051
 2    -0.011    -0.052     0.998
 3    40.960     3.093    -2.392
 3     0.781    -0.562     0.274
 3     0.617     0.627    -0.475
 3     0.094     0.539     0.836
 4    40.317    -6.726    -1.512
 4     0.637     0.712     0.296
 4    -0.771     0.587     0.247
 4     0.002    -0.385     0.923
 5    44.525    -7.117     2.776
 5     0.644     0.304     0.703
 5    -0.062    -0.894     0.443
 5     0.762    -0.329    -0.556
 6    47.035    -3.152     6.437
 6     0.452    -0.201    -0.871
 6     0.861     0.349     0.366
 6     0.233    -0.915     0.328
 7    46.465    -1.740    -2.154
 7     0.409     0.325    -0.853
 7    -0.216     0.942     0.254
 7     0.886     0.080     0.455
 8    44.033     4.761     2.016
 8     0.590    -0.493     0.641
 8    -0.056    -0.815    -0.575
 8     0.805     0.304    -0.508
 9    45.808    -2.429     5.850
 9     0.368    -0.055    -0.929
 9    -0.911    -0.225    -0.347
 9    -0.188     0.973    -0.133
 2    36.397    -7.222    15.730
 2     0.960    -0.281    -0.003
 2     0.279     0.958     0.051
 2    -0.010    -0.052     0.998
 3    40.998     3.087    -2.404
 3     0.784    -0.555     0.278
 3     0.613     0.630    -0.476
 3     0.089     0.544     0.834
 4    40.449    -6.771    -1.558
 4     0.641     0.712     0.286
 4    -0.767     0.591     0.248
 4     0.007    -0.378     0.925
 5    44.601    -7.136     2.746
 5     0.637     0.302     0.710
 5    -0.062    -0.898     0.435
 5     0.768    -0.321    -0.553
 6    47.128    -3.200     6.449
 6     0.459    -0.190    -0.869
 6     0.856     0.352     0.375
 6     0.238    -0.916     0.322
 7    46.555    -1.795    -2.106
 7     0.425     0.324    -0.846
 7    -0.215     0.943     0.252
 7     0.879     0.075     0.470
 8    44.155     4.735     2.026
 8     0.592    -0.495     0.638
 8    -0.053    -0.812    -0.580
 8     0.804     0.309    -0.506
 9    45.897    -2.476     5.859
 9     0.364    -0.059    -0.930
 9    -0.913    -0.219    -0.343
 9    -0.182     0.974    -0.134
 2    36.397    -7.221    15.729
 2     0.960    -0.281    -0.003
 2     0.280     0.958     0.051
 2    -0.010    -0.052     0.998
 3    41.072     3.065    -2.358
 3     0.779    -0.561     0.283
 3     0.621     0.623    -0.475
 3     0.090     0.545     0.833
 4    40.684    -6.804    -1.604
 4     0.661     0.703     0.263
 4    -0.750     0.611     0.252
 4     0.017    -0.364     0.931
 5    44.756    -7.177     2.698
 5     0.626     0.313     0.715
 5    -0.058    -0.896     0.439
 5     0.777    -0.316    -0.543
 6    47.187    -3.169     6.493
 6     0.453    -0.180    -0.875
 6     0.858     0.349     0.372
 6     0.241    -0.920     0.310
 7    46.623    -1.765    -2.075
 7     0.431     0.314    -0.847
 7    -0.209     0.946     0.244
 7     0.878     0.072     0.473
 8    44.149     4.738     2.055
 8     0.593    -0.487     0.643
 8    -0.047    -0.816    -0.575
 8     0.803     0.311    -0.506
 9    45.954    -2.444     5.893
 9     0.368    -0.064    -0.928
 9    -0.912    -0.217    -0.347
 9    -0.178     0.974    -0.139
 2    36.397    -7.221    15.729
 2     0.960    -0.281    -0.003
 2     0.280     0.958     0.051
 2    -0.010    -0.052     0.998
 3    41.099     3.071    -2.320
 3     0.773    -0.566     0.288
 3     0.628     0.615    -0.477
 3     0.093     0.549     0.830
 4    40.836    -6.769    -1.694
 4     0.672     0.703     0.236
 4    -0.740     0.625     0.245
 4     0.025    -0.339     0.940
 5    44.830    -7.174     2.662
 5     0.618     0.315     0.722
 5    -0.061    -0.895     0.441
 5     0.784    -0.316    -0.534
 6    47.291    -3.239     6.519
 6     0.457    -0.163    -0.876
 6     0.853     0.353     0.380
 6     0.250    -0.922     0.298
 7    46.665    -1.738    -1.979
 7     0.426     0.308    -0.851
 7    -0.233     0.946     0.224
 7     0.874     0.103     0.474
 8    44.182     4.655     2.235
 8     0.597    -0.482     0.643
 8    -0.058    -0.824    -0.562
 8     0.800     0.298    -0.519
 9    46.028    -2.476     5.995
 9     0.373    -0.063    -0.926
 9    -0.908    -0.228    -0.350
 9    -0.188     0.971    -0.142
 2    36.397    -7.221    15.729
 2     0.960    -0.281    -0.003
 2     0.280     0.958     0.051
 2    -0.010    -0.052     0.998
 3    41.197     3.252    -2.226
 3     0.761    -0.581     0.289
 3     0.637     0.589    -0.497
 3     0.118     0.562     0.818
 4    41.031    -6.569    -1.817
 4     0.682     0.699     0.215
 4    -0.731     0.643     0.226
 4     0.019    -0.311     0.950
 5    44.951    -7.130     2.490
 5     0.604     0.327     0.729
 5    -0.077    -0.885     0.458
 5     0.793    -0.332    -0.509
 6    47.417    -3.221     6.510
 6     0.453    -0.145    -0.881
 6     0.849     0.366     0.377
 6     0.270    -0.919     0.286
 7    46.713    -1.587    -1.924
 7     0.413     0.298    -0.861
 7    -0.261     0.944     0.200
 7     0.872     0.142     0.467
 8    44.172     4.675     2.423
 8     0.597    -0.477     0.647
 8    -0.077    -0.835    -0.544
 8     0.799     0.274    -0.534
 9    46.026    -2.415     6.095
 9     0.383    -0.059    -0.922
 9    -0.900    -0.250    -0.357
 9    -0.208     0.966    -0.150
];