% Calibrated with leiden_pols
% Positions are in centimeters
Data =[
 2    36.397    -7.222    15.730
 2     0.960    -0.281    -0.003
 2     0.279     0.958     0.051
 2    -0.010    -0.052     0.998
 3    40.810     3.160    -2.235
 3     0.759    -0.565     0.325
 3     0.643     0.575    -0.505
 3     0.098     0.592     0.799
 4    40.867    -6.888    -1.445
 4     0.711     0.649     0.271
 4    -0.703     0.640     0.311
 4     0.028    -0.411     0.911
 5    44.964    -6.995     2.833
 5     0.597     0.336     0.730
 5    -0.012    -0.905     0.423
 5     0.802    -0.260    -0.536
 6    47.382    -3.294     7.244
 6     0.507     0.012    -0.862
 6     0.839     0.219     0.496
 6     0.197    -0.976     0.099
 7    46.477    -1.632    -2.049
 7     0.439     0.277    -0.855
 7    -0.200     0.957     0.207
 7     0.876     0.081     0.475
 8    43.726     4.807     2.136
 8     0.581    -0.392     0.716
 8     0.016    -0.872    -0.488
 8     0.814     0.294    -0.499
 9    46.132    -1.730     6.045
 9     0.516    -0.021    -0.857
 9    -0.847    -0.167    -0.505
 9    -0.130     0.986    -0.104
 2    36.397    -7.221    15.729
 2     0.960    -0.281    -0.003
 2     0.280     0.958     0.051
 2    -0.010    -0.052     0.998
 3    40.817     3.189    -2.244
 3     0.757    -0.568     0.324
 3     0.645     0.573    -0.506
 3     0.101     0.591     0.799
 4    40.850    -6.886    -1.454
 4     0.710     0.651     0.270
 4    -0.704     0.638     0.312
 4     0.031    -0.412     0.911
 5    44.938    -6.996     2.858
 5     0.596     0.335     0.731
 5    -0.012    -0.906     0.423
 5     0.802    -0.260    -0.535
 6    47.381    -3.295     7.273
 6     0.510     0.013    -0.861
 6     0.837     0.218     0.499
 6     0.196    -0.976     0.099
 7    46.458    -1.631    -2.029
 7     0.436     0.277    -0.857
 7    -0.199     0.957     0.207
 7     0.877     0.080     0.472
 8    43.705     4.783     2.153
 8     0.578    -0.391     0.718
 8     0.013    -0.874    -0.484
 8     0.815     0.289    -0.499
 9    46.090    -1.735     6.070
 9     0.521    -0.008    -0.854
 9    -0.842    -0.169    -0.512
 9    -0.138     0.985    -0.096
 2    36.397    -7.222    15.730
 2     0.960    -0.281    -0.003
 2     0.279     0.958     0.051
 2    -0.010    -0.052     0.998
 3    40.826     3.168    -2.230
 3     0.755    -0.571     0.323
 3     0.646     0.571    -0.506
 3     0.105     0.590     0.800
 4    40.861    -6.883    -1.443
 4     0.708     0.654     0.267
 4    -0.705     0.635     0.314
 4     0.036    -0.411     0.911
 5    44.900    -6.966     2.872
 5     0.595     0.330     0.735
 5    -0.010    -0.909     0.415
 5     0.804    -0.254    -0.536
 6    47.378    -3.298     7.283
 6     0.516     0.015    -0.857
 6     0.834     0.214     0.506
 6     0.193    -0.977     0.096
 7    46.473    -1.652    -2.024
 7     0.432     0.276    -0.859
 7    -0.198     0.957     0.208
 7     0.880     0.080     0.468
 8    43.658     4.760     2.192
 8     0.577    -0.388     0.720
 8     0.011    -0.877    -0.479
 8     0.816     0.283    -0.502
 9    46.081    -1.739     6.088
 9     0.523     0.002    -0.853
 9    -0.840    -0.169    -0.515
 9    -0.143     0.985    -0.088
 2    36.397    -7.222    15.730
 2     0.960    -0.281    -0.003
 2     0.279     0.958     0.051
 2    -0.010    -0.052     0.998
 3    40.831     3.170    -2.211
 3     0.754    -0.573     0.321
 3     0.647     0.570    -0.506
 3     0.107     0.589     0.800
 4    40.871    -6.906    -1.455
 4     0.706     0.657     0.265
 4    -0.707     0.632     0.317
 4     0.040    -0.411     0.911
 5    44.906    -6.963     2.917
 5     0.593     0.328     0.737
 5    -0.009    -0.911     0.411
 5     0.805    -0.250    -0.536
 6    47.378    -3.300     7.316
 6     0.520     0.020    -0.854
 6     0.832     0.209     0.512
 6     0.191    -0.978     0.091
 7    46.484    -1.649    -2.013
 7     0.429     0.277    -0.860
 7    -0.196     0.957     0.210
 7     0.882     0.079     0.464
 8    43.663     4.735     2.187
 8     0.577    -0.389     0.720
 8     0.010    -0.877    -0.479
 8     0.817     0.283    -0.501
 9    46.107    -1.765     6.090
 9     0.523     0.005    -0.853
 9    -0.840    -0.167    -0.515
 9    -0.143     0.986    -0.085
 2    36.397    -7.221    15.729
 2     0.960    -0.281    -0.003
 2     0.280     0.958     0.051
 2    -0.010    -0.052     0.998
 3    40.837     3.146    -2.216
 3     0.755    -0.573     0.318
 3     0.646     0.571    -0.507
 3     0.109     0.588     0.801
 4    40.878    -6.904    -1.438
 4     0.705     0.658     0.264
 4    -0.708     0.631     0.318
 4     0.043    -0.411     0.910
 5    44.906    -6.938     2.917
 5     0.593     0.328     0.737
 5    -0.009    -0.911     0.410
 5     0.805    -0.250    -0.536
 6    47.353    -3.327     7.320
 6     0.522     0.022    -0.853
 6     0.831     0.207     0.514
 6     0.190    -0.978     0.088
 7    46.490    -1.647    -2.019
 7     0.427     0.278    -0.861
 7    -0.195     0.957     0.212
 7     0.883     0.078     0.463
 8    43.663     4.735     2.187
 8     0.577    -0.391     0.719
 8     0.010    -0.876    -0.481
 8     0.817     0.283    -0.501
 9    46.085    -1.764     6.088
 9     0.522     0.004    -0.853
 9    -0.841    -0.166    -0.515
 9    -0.142     0.986    -0.084
 2    36.397    -7.221    15.729
 2     0.960    -0.281    -0.003
 2     0.280     0.958     0.052
 2    -0.010    -0.052     0.998
 3    40.842     3.148    -2.221
 3     0.755    -0.575     0.317
 3     0.646     0.570    -0.508
 3     0.111     0.587     0.801
 4    40.883    -6.902    -1.444
 4     0.704     0.660     0.263
 4    -0.709     0.629     0.319
 4     0.045    -0.411     0.910
 5    44.882    -6.964     2.917
 5     0.593     0.327     0.737
 5    -0.010    -0.911     0.411
 5     0.805    -0.251    -0.537
 6    47.356    -3.325     7.343
 6     0.521     0.026    -0.854
 6     0.831     0.206     0.514
 6     0.191    -0.978     0.084
 7    46.465    -1.648    -1.993
 7     0.426     0.279    -0.861
 7    -0.195     0.957     0.212
 7     0.883     0.078     0.461
 8    43.669     4.736     2.187
 8     0.574    -0.395     0.719
 8     0.011    -0.873    -0.485
 8     0.818     0.286    -0.497
 9    46.097    -1.761     6.099
 9     0.520    -0.000    -0.854
 9    -0.843    -0.163    -0.512
 9    -0.137     0.986    -0.086
 2    36.397    -7.222    15.730
 2     0.960    -0.281    -0.003
 2     0.279     0.958     0.051
 2    -0.010    -0.052     0.998
 3    40.842     3.147    -2.222
 3     0.756    -0.574     0.317
 3     0.645     0.569    -0.509
 3     0.111     0.588     0.800
 4    40.884    -6.902    -1.442
 4     0.703     0.660     0.265
 4    -0.709     0.627     0.321
 4     0.045    -0.414     0.909
 5    44.899    -6.969     2.924
 5     0.594     0.329     0.736
 5    -0.015    -0.909     0.416
 5     0.804    -0.258    -0.534
 6    47.335    -3.348     7.337
 6     0.518     0.028    -0.855
 6     0.833     0.207     0.511
 6     0.193    -0.978     0.082
 7    46.466    -1.648    -1.993
 7     0.426     0.279    -0.861
 7    -0.195     0.957     0.213
 7     0.883     0.077     0.461
 8    43.670     4.761     2.190
 8     0.574    -0.397     0.718
 8     0.013    -0.871    -0.490
 8     0.818     0.289    -0.495
 9    46.100    -1.759     6.117
 9     0.519    -0.004    -0.855
 9    -0.844    -0.162    -0.510
 9    -0.135     0.986    -0.089
 2    36.397    -7.222    15.730
 2     0.960    -0.281    -0.003
 2     0.279     0.958     0.051
 2    -0.010    -0.052     0.998
 3    40.844     3.148    -2.225
 3     0.756    -0.574     0.316
 3     0.645     0.569    -0.510
 3     0.112     0.588     0.800
 4    40.888    -6.901    -1.449
 4     0.703     0.660     0.264
 4    -0.709     0.627     0.321
 4     0.047    -0.413     0.909
 5    44.874    -6.994     2.924
 5     0.594     0.329     0.736
 5    -0.014    -0.909     0.416
 5     0.804    -0.257    -0.534
