% Calibrated with leiden_pols
% Positions are in centimeters
Data =[
 2    97.199   -23.862    59.173
 2     0.714    -0.701     0.002
 2     0.699     0.712     0.052
 2    -0.037    -0.037     0.998
 3   127.670    -2.328    -0.622
 3     0.675     0.016    -0.737
 3    -0.097     0.993    -0.068
 3     0.731     0.116     0.672
 4   107.025    13.545    -9.022
 4     0.296    -0.656     0.695
 4     0.947     0.296    -0.124
 4    -0.125     0.695     0.708
 5   116.837    28.068    15.010
 5     0.679    -0.343     0.650
 5     0.424    -0.539    -0.727
 5     0.599     0.769    -0.221
 6   130.732    14.377     6.127
 6     0.393     0.919     0.036
 6    -0.549     0.266    -0.792
 6    -0.738     0.291     0.609
 7   107.900   -18.467    -7.260
 7     0.243     0.828     0.505
 7    -0.925     0.354    -0.137
 7    -0.292    -0.434     0.852
 8   116.751   -41.687     2.744
 8     0.628    -0.301     0.718
 8    -0.778    -0.223     0.587
 8    -0.016    -0.927    -0.373
 9   131.442   -25.235    -7.250
 9     0.415    -0.890     0.188
 9     0.881     0.444     0.158
 9    -0.224     0.100     0.969
 2    97.200   -23.862    59.173
 2     0.714    -0.701     0.001
 2     0.699     0.712     0.052
 2    -0.037    -0.038     0.998
 3   127.689    -2.381    -0.638
 3     0.677     0.020    -0.736
 3    -0.097     0.993    -0.063
 3     0.729     0.114     0.674
 4   107.168    13.539    -9.062
 4     0.302    -0.652     0.696
 4     0.944     0.302    -0.125
 4    -0.129     0.695     0.707
 5   117.074    28.061    14.852
 5     0.684    -0.344     0.645
 5     0.422    -0.533    -0.732
 5     0.594     0.773    -0.220
 6   130.864    14.275     6.002
 6     0.389     0.921     0.034
 6    -0.552     0.263    -0.791
 6    -0.737     0.288     0.611
 7   108.004   -18.489    -7.318
 7     0.246     0.827     0.505
 7    -0.925     0.356    -0.134
 7    -0.290    -0.435     0.852
 8   116.856   -41.709     2.763
 8     0.630    -0.300     0.717
 8    -0.777    -0.227     0.587
 8    -0.014    -0.927    -0.375
 9   131.584   -25.237    -7.135
 9     0.413    -0.891     0.187
 9     0.881     0.442     0.163
 9    -0.228     0.097     0.969
 2    97.200   -23.862    59.173
 2     0.714    -0.701     0.001
 2     0.699     0.712     0.052
 2    -0.037    -0.038     0.998
 3   127.793    -2.404    -0.692
 3     0.676     0.020    -0.737
 3    -0.096     0.993    -0.061
 3     0.730     0.112     0.673
 4   107.189    13.487    -9.131
 4     0.302    -0.653     0.695
 4     0.944     0.304    -0.124
 4    -0.131     0.693     0.708
 5   117.080    28.013    14.846
 5     0.683    -0.347     0.645
 5     0.422    -0.533    -0.733
 5     0.596     0.771    -0.218
 6   130.917    14.202     6.066
 6     0.392     0.919     0.029
 6    -0.554     0.261    -0.790
 6    -0.735     0.293     0.612
 7   108.081   -18.538    -7.272
 7     0.247     0.827     0.505
 7    -0.925     0.356    -0.133
 7    -0.289    -0.434     0.853
 8   116.985   -41.706     2.858
 8     0.631    -0.300     0.716
 8    -0.775    -0.229     0.587
 8    -0.012    -0.926    -0.376
 9   131.579   -25.239    -7.130
 9     0.412    -0.892     0.187
 9     0.881     0.442     0.165
 9    -0.230     0.097     0.968
 2    97.199   -23.862    59.173
 2     0.714    -0.701     0.002
 2     0.699     0.712     0.052
 2    -0.037    -0.037     0.998
 3   127.851    -2.402    -0.650
 3     0.674     0.020    -0.739
 3    -0.096     0.993    -0.061
 3     0.732     0.111     0.671
 4   107.291    13.486    -9.131
 4     0.306    -0.652     0.694
 4     0.943     0.307    -0.126
 4    -0.131     0.693     0.708
 5   117.253    27.985    14.799
 5     0.686    -0.347     0.641
 5     0.419    -0.532    -0.735
 5     0.595     0.772    -0.220
 6   130.985    14.145     5.955
 6     0.387     0.921     0.030
 6    -0.553     0.258    -0.792
 6    -0.738     0.290     0.609
 7   108.050   -18.542    -7.260
 7     0.243     0.828     0.505
 7    -0.925     0.354    -0.137
 7    -0.292    -0.434     0.852
 8   116.923   -41.678     3.222
 8     0.626    -0.320     0.712
 8    -0.779    -0.240     0.578
 8    -0.013    -0.917    -0.398
 9   131.390   -25.630    -7.695
 9     0.414    -0.883     0.221
 9     0.870     0.455     0.188
 9    -0.267     0.114     0.957
 2    97.199   -23.862    59.173
 2     0.714    -0.701     0.002
 2     0.699     0.712     0.052
 2    -0.037    -0.037     0.998
 3   127.494    -2.425    -0.833
 3     0.698     0.015    -0.716
 3    -0.095     0.993    -0.072
 3     0.709     0.118     0.694
 4   106.588    13.540    -8.897
 4     0.301    -0.638     0.710
 4     0.945     0.299    -0.132
 4    -0.128     0.710     0.692
 5   117.913    27.072    15.296
 5     0.729    -0.241     0.641
 5     0.423    -0.578    -0.697
 5     0.538     0.779    -0.320
 6   130.936    15.056     4.248
 6     0.349     0.932     0.101
 6    -0.500     0.276    -0.820
 6    -0.792     0.236     0.562
 7   107.382   -18.503    -7.009
 7     0.221     0.829     0.513
 7    -0.930     0.337    -0.146
 7    -0.294    -0.445     0.845
 8   116.832   -41.053     5.322
 8     0.619    -0.399     0.677
 8    -0.785    -0.319     0.530
 8     0.005    -0.860    -0.510
 9   130.589   -27.693    -9.076
 9     0.429    -0.862     0.271
 9     0.785     0.503     0.361
 9    -0.447     0.057     0.892
 2    97.200   -23.862    59.173
 2     0.714    -0.701     0.001
 2     0.699     0.712     0.052
 2    -0.037    -0.038     0.998
 3   126.819    -2.201    -1.028
 3     0.726     0.004    -0.688
 3    -0.096     0.991    -0.096
 3     0.681     0.135     0.719
 4   105.541    13.767    -8.501
 4     0.295    -0.612     0.734
 4     0.946     0.292    -0.137
 4    -0.131     0.735     0.664
 5   118.450    27.005    15.369
 5     0.771    -0.126     0.625
 5     0.439    -0.607    -0.662
 5     0.462     0.785    -0.412
 6   130.274    16.315     2.214
 6     0.275     0.942     0.190
 6    -0.451     0.301    -0.840
 6    -0.849     0.145     0.508
 7   106.756   -18.430    -6.885
 7     0.199     0.831     0.520
 7    -0.937     0.317    -0.149
 7    -0.288    -0.457     0.841
 8   117.133   -40.071     7.302
 8     0.614    -0.495     0.616
 8    -0.789    -0.396     0.469
 8     0.012    -0.773    -0.633
 9   128.269   -30.566   -11.741
 9     0.347    -0.874     0.340
 9     0.666     0.484     0.567
 9    -0.660     0.030     0.750
 2    97.175   -23.862    59.173
 2     0.714    -0.701     0.001
 2     0.699     0.712     0.052
 2    -0.037    -0.038     0.998
 3   126.136    -2.108    -1.306
 3     0.755     0.003    -0.656
 3    -0.099     0.989    -0.109
 3     0.648     0.147     0.747
 4   104.426    13.896    -8.037
 4     0.287    -0.587     0.757
 4     0.949     0.281    -0.141
 4    -0.131     0.759     0.637
 5   118.575    26.896    15.596
 5     0.797    -0.009     0.604
 5     0.463    -0.634    -0.619
 5     0.388     0.773    -0.501
 6   128.799    17.937     0.532
 6     0.196     0.941     0.275
 6    -0.383     0.332    -0.862
 6    -0.903     0.063     0.425
 7   105.876   -18.220    -6.766
 7     0.173     0.830     0.529
 7    -0.939     0.300    -0.166
 7    -0.296    -0.469     0.832
 8   117.964   -38.867     8.585
 8     0.627    -0.572     0.531
 8    -0.779    -0.461     0.424
 8     0.002    -0.678    -0.734
 9   126.473   -33.650   -13.904
 9     0.253    -0.890     0.380
 9     0.498     0.456     0.737
 9    -0.829     0.003     0.559
 2    97.175   -23.862    59.173
 2     0.714    -0.701     0.001
 2     0.699     0.712     0.052
 2    -0.037    -0.038     0.998
 3   125.456    -1.803    -1.569
 3     0.776    -0.002    -0.631
 3    -0.098     0.987    -0.123
 3     0.623     0.157     0.766
 4   103.304    14.166    -7.345
 4     0.262    -0.571     0.778
 4     0.957     0.254    -0.135
 4    -0.121     0.780     0.613
 5   118.188    26.852    16.195
 5     0.799     0.089     0.595
 5     0.490    -0.668    -0.559
 5     0.347     0.738    -0.578
