% Calibrated with leiden_pols
% Positions are in centimeters
Data =[
 2    97.199   -23.862    59.173
 2     0.714    -0.701     0.002
 2     0.699     0.712     0.052
 2    -0.037    -0.037     0.998
 3   127.670    -2.328    -0.622
 3     0.675     0.016    -0.737
 3    -0.097     0.993    -0.068
 3     0.731     0.116     0.672
 4   107.025    13.545    -9.022
 4     0.296    -0.656     0.695
 4     0.947     0.296    -0.124
 4    -0.125     0.695     0.708
 5   116.837    28.068    15.010
 5     0.679    -0.343     0.650
 5     0.424    -0.539    -0.727
 5     0.599     0.769    -0.221
 6   130.732    14.377     6.127
 6     0.393     0.919     0.036
 6    -0.549     0.266    -0.792
 6    -0.738     0.291     0.609
 7   107.900   -18.467    -7.260
 7     0.243     0.828     0.505
 7    -0.925     0.354    -0.137
 7    -0.292    -0.434     0.852
 8   116.751   -41.687     2.744
 8     0.628    -0.301     0.718
 8    -0.778    -0.223     0.587
 8    -0.016    -0.927    -0.373
 9   131.442   -25.235    -7.250
 9     0.415    -0.890     0.188
 9     0.881     0.444     0.158
 9    -0.224     0.100     0.969
 2    97.200   -23.862    59.173
 2     0.714    -0.701     0.001
 2     0.699     0.712     0.052
 2    -0.037    -0.038     0.998
 3   127.689    -2.381    -0.638
 3     0.677     0.020    -0.736
 3    -0.097     0.993    -0.063
 3     0.729     0.114     0.674
 4   107.168    13.539    -9.062
 4     0.302    -0.652     0.696
 4     0.944     0.302    -0.125
 4    -0.129     0.695     0.707
 5   117.074    28.061    14.852
 5     0.684    -0.344     0.645
 5     0.422    -0.533    -0.732
 5     0.594     0.773    -0.220
 6   130.864    14.275     6.002
 6     0.389     0.921     0.034
 6    -0.552     0.263    -0.791
 6    -0.737     0.288     0.611
 7   108.004   -18.489    -7.318
 7     0.246     0.827     0.505
 7    -0.925     0.356    -0.134
 7    -0.290    -0.435     0.852
 8   116.856   -41.709     2.763
 8     0.630    -0.300     0.717
 8    -0.777    -0.227     0.587
 8    -0.014    -0.927    -0.375
 9   131.584   -25.237    -7.135
 9     0.413    -0.891     0.187
 9     0.881     0.442     0.163
 9    -0.228     0.097     0.969
 2    97.200   -23.862    59.173
 2     0.714    -0.701     0.001
 2     0.699     0.712     0.052
 2    -0.037    -0.038     0.998
 3   127.793    -2.404    -0.692
 3     0.676     0.020    -0.737
 3    -0.096     0.993    -0.061
 3     0.730     0.112     0.673
 4   107.189    13.487    -9.131
 4     0.302    -0.653     0.695
 4     0.944     0.304    -0.124
 4    -0.131     0.693     0.708
 5   117.080    28.013    14.846
 5     0.683    -0.347     0.645
 5     0.422    -0.533    -0.733
 5     0.596     0.771    -0.218
 6   130.917    14.202     6.066
 6     0.392     0.919     0.029
 6    -0.554     0.261    -0.790
 6    -0.735     0.293     0.612
 7   108.081   -18.538    -7.272
 7     0.247     0.827     0.505
 7    -0.925     0.356    -0.133
 7    -0.289    -0.434     0.853
 8   116.985   -41.706     2.858
 8     0.631    -0.300     0.716
 8    -0.775    -0.229     0.587
 8    -0.012    -0.926    -0.376
 9   131.579   -25.239    -7.130
 9     0.412    -0.892     0.187
 9     0.881     0.442     0.165
 9    -0.230     0.097     0.968
 2    97.199   -23.862    59.173
 2     0.714    -0.701     0.002
 2     0.699     0.712     0.052
 2    -0.037    -0.037     0.998
 3   127.851    -2.402    -0.650
 3     0.674     0.020    -0.739
 3    -0.096     0.993    -0.061
 3     0.732     0.111     0.671
 4   107.291    13.486    -9.131
 4     0.306    -0.652     0.694
 4     0.943     0.307    -0.126
 4    -0.131     0.693     0.708
 5   117.253    27.985    14.799
 5     0.686    -0.347     0.641
 5     0.419    -0.532    -0.735
 5     0.595     0.772    -0.220
 6   130.985    14.145     5.955
 6     0.387     0.921     0.030
 6    -0.553     0.258    -0.792
 6    -0.738     0.290     0.609
 7   108.050   -18.542    -7.260
 7     0.243     0.828     0.505
 7    -0.925     0.354    -0.137
 7    -0.292    -0.434     0.852
 8   116.923   -41.678     3.222
 8     0.626    -0.320     0.712
 8    -0.779    -0.240     0.578
 8    -0.013    -0.917    -0.398
 9   131.390   -25.630    -7.695
 9     0.414    -0.883     0.221
 9     0.870     0.455     0.188
 9    -0.267     0.114     0.957
 2    97.199   -23.862    59.173
 2     0.714    -0.701     0.002
 2     0.699     0.712     0.052
 2    -0.037    -0.037     0.998
 3   127.494    -2.425    -0.833
 3     0.698     0.015    -0.716
 3    -0.095     0.993    -0.072
 3     0.709     0.118     0.694
 4   106.588    13.540    -8.897
 4     0.301    -0.638     0.710
 4     0.945     0.299    -0.132
 4    -0.128     0.710     0.692
 5   117.913    27.072    15.296
 5     0.729    -0.241     0.641
 5     0.423    -0.578    -0.697
 5     0.538     0.779    -0.320
 6   130.936    15.056     4.248
 6     0.349     0.932     0.101
 6    -0.500     0.276    -0.820
 6    -0.792     0.236     0.562
 7   107.382   -18.503    -7.009
 7     0.221     0.829     0.513
 7    -0.930     0.337    -0.146
 7    -0.294    -0.445     0.845
 8   116.832   -41.053     5.322
 8     0.619    -0.399     0.677
 8    -0.785    -0.319     0.530
 8     0.005    -0.860    -0.510
 9   130.589   -27.693    -9.076
 9     0.429    -0.862     0.271
 9     0.785     0.503     0.361
 9    -0.447     0.057     0.892
 2    97.200   -23.862    59.173
 2     0.714    -0.701     0.001
 2     0.699     0.712     0.052
 2    -0.037    -0.038     0.998
 3   126.819    -2.201    -1.028
 3     0.726     0.004    -0.688
 3    -0.096     0.991    -0.096
 3     0.681     0.135     0.719
 4   105.541    13.767    -8.501
 4     0.295    -0.612     0.734
 4     0.946     0.292    -0.137
 4    -0.131     0.735     0.664
 5   118.450    27.005    15.369
 5     0.771    -0.126     0.625
 5     0.439    -0.607    -0.662
 5     0.462     0.785    -0.412
 6   130.274    16.315     2.214
 6     0.275     0.942     0.190
 6    -0.451     0.301    -0.840
 6    -0.849     0.145     0.508
 7   106.756   -18.430    -6.885
 7     0.199     0.831     0.520
 7    -0.937     0.317    -0.149
 7    -0.288    -0.457     0.841
 8   117.133   -40.071     7.302
 8     0.614    -0.495     0.616
 8    -0.789    -0.396     0.469
 8     0.012    -0.773    -0.633
 9   128.269   -30.566   -11.741
 9     0.347    -0.874     0.340
 9     0.666     0.484     0.567
 9    -0.660     0.030     0.750
 2    97.175   -23.862    59.173
 2     0.714    -0.701     0.001
 2     0.699     0.712     0.052
 2    -0.037    -0.038     0.998
 3   126.136    -2.108    -1.306
 3     0.755     0.003    -0.656
 3    -0.099     0.989    -0.109
 3     0.648     0.147     0.747
 4   104.426    13.896    -8.037
 4     0.287    -0.587     0.757
 4     0.949     0.281    -0.141
 4    -0.131     0.759     0.637
 5   118.575    26.896    15.596
 5     0.797    -0.009     0.604
 5     0.463    -0.634    -0.619
 5     0.388     0.773    -0.501
 6   128.799    17.937     0.532
 6     0.196     0.941     0.275
 6    -0.383     0.332    -0.862
 6    -0.903     0.063     0.425
 7   105.876   -18.220    -6.766
 7     0.173     0.830     0.529
 7    -0.939     0.300    -0.166
 7    -0.296    -0.469     0.832
 8   117.964   -38.867     8.585
 8     0.627    -0.572     0.531
 8    -0.779    -0.461     0.424
 8     0.002    -0.678    -0.734
 9   126.473   -33.650   -13.904
 9     0.253    -0.890     0.380
 9     0.498     0.456     0.737
 9    -0.829     0.003     0.559
 2    97.175   -23.862    59.173
 2     0.714    -0.701     0.001
 2     0.699     0.712     0.052
 2    -0.037    -0.038     0.998
 3   125.456    -1.803    -1.569
 3     0.776    -0.002    -0.631
 3    -0.098     0.987    -0.123
 3     0.623     0.157     0.766
 4   103.304    14.166    -7.345
 4     0.262    -0.571     0.778
 4     0.957     0.254    -0.135
 4    -0.121     0.780     0.613
 5   118.188    26.852    16.195
 5     0.799     0.089     0.595
 5     0.490    -0.668    -0.559
 5     0.347     0.738    -0.578
 6   127.235    19.875    -0.031
 6     0.143     0.937     0.317
 6    -0.296     0.346    -0.890
 6    -0.944     0.034     0.327
 7   105.160   -17.959    -6.596
 7     0.156     0.817     0.555
 7    -0.937     0.300    -0.178
 7    -0.312    -0.493     0.812
 8   118.219   -38.194     8.860
 8     0.618    -0.627     0.476
 8    -0.786    -0.483     0.384
 8    -0.010    -0.611    -0.791
 9   125.255   -38.217   -15.691
 9     0.221    -0.882     0.417
 9     0.306     0.468     0.829
 9    -0.926    -0.056     0.373
 2    97.175   -23.862    59.173
 2     0.714    -0.701     0.001
 2     0.699     0.712     0.052
 2    -0.037    -0.038     0.998
 3   124.964    -1.384    -1.809
 3     0.786    -0.010    -0.619
 3    -0.098     0.985    -0.140
 3     0.611     0.170     0.773
 4   102.434    14.410    -6.845
 4     0.233    -0.570     0.788
 4     0.966     0.228    -0.120
 4    -0.112     0.789     0.603
 5   117.504    27.029    16.537
 5     0.782     0.184     0.595
 5     0.536    -0.685    -0.494
 5     0.317     0.705    -0.634
 6   125.994    22.239    -0.578
 6     0.120     0.929     0.348
 6    -0.219     0.367    -0.904
 6    -0.968     0.032     0.247
 7   104.462   -17.494    -6.551
 7     0.127     0.811     0.570
 7    -0.939     0.283    -0.194
 7    -0.319    -0.511     0.798
 8   117.119   -38.286     8.564
 8     0.583    -0.667     0.466
 8    -0.812    -0.461     0.357
 8    -0.024    -0.586    -0.809
 9   124.317   -42.933   -16.086
 9     0.239    -0.867     0.437
 9     0.124     0.474     0.872
 9    -0.963    -0.154     0.221
 2    97.175   -23.862    59.173
 2     0.714    -0.701     0.001
 2     0.699     0.712     0.052
 2    -0.037    -0.038     0.998
 3   124.598    -1.263    -1.995
 3     0.789    -0.010    -0.614
 3    -0.099     0.985    -0.143
 3     0.606     0.173     0.776
 4   101.723    14.402    -6.625
 4     0.204    -0.576     0.791
 4     0.973     0.203    -0.104
 4    -0.101     0.791     0.602
 5   116.872    26.869    17.002
 5     0.759     0.262     0.596
 5     0.574    -0.700    -0.424
 5     0.306     0.664    -0.682
 6   124.752    24.927    -0.794
 6     0.118     0.944     0.308
 6    -0.104     0.321    -0.941
 6    -0.988     0.079     0.136
 7   103.919   -17.455    -6.397
 7     0.104     0.807     0.581
 7    -0.941     0.269    -0.206
 7    -0.322    -0.525     0.787
 8   116.834   -38.281     8.771
 8     0.572    -0.696     0.435
 8    -0.819    -0.465     0.335
 8    -0.031    -0.547    -0.836
 9   123.825   -46.191   -15.663
 9     0.218    -0.872     0.438
 9    -0.004     0.448     0.894
 9    -0.976    -0.197     0.094
 2    97.200   -23.862    59.173
 2     0.714    -0.701     0.001
 2     0.699     0.712     0.052
 2    -0.037    -0.038     0.998
 3   124.284    -1.266    -2.180
 3     0.793    -0.012    -0.609
 3    -0.094     0.985    -0.141
 3     0.601     0.169     0.780
 4   101.368    14.265    -6.477
 4     0.183    -0.587     0.789
 4     0.979     0.181    -0.092
 4    -0.090     0.789     0.607
 5   116.122    26.544    17.755
 5     0.734     0.313     0.603
 5     0.602    -0.710    -0.365
 5     0.314     0.630    -0.709
 6   123.622    26.438    -0.413
 6     0.114     0.939     0.324
 6    -0.042     0.331    -0.943
 6    -0.993     0.094     0.077
 7   103.577   -17.457    -6.342
 7     0.095     0.805     0.586
 7    -0.942     0.262    -0.208
 7    -0.321    -0.532     0.783
 8   116.272   -38.409     8.789
 8     0.555    -0.717     0.422
 8    -0.831    -0.457     0.316
 8    -0.034    -0.526    -0.849
 9   123.506   -49.405   -14.962
 9     0.220    -0.879     0.422
 9    -0.138     0.400     0.906
 9    -0.966    -0.257    -0.033
 2    97.174   -23.862    59.173
 2     0.714    -0.701     0.002
 2     0.699     0.712     0.052
 2    -0.037    -0.037     0.998
 3   124.118    -1.289    -2.191
 3     0.792    -0.012    -0.612
 3    -0.094     0.985    -0.141
 3     0.604     0.168     0.778
 4   101.309    14.387    -6.246
 4     0.170    -0.598     0.783
 4     0.983     0.160    -0.091
 4    -0.071     0.785     0.615
 5   115.502    26.406    18.382
 5     0.705     0.353     0.616
 5     0.626    -0.716    -0.308
 5     0.333     0.602    -0.725
 6   122.786    28.600    -0.214
 6     0.125     0.947     0.297
 6     0.033     0.295    -0.955
 6    -0.992     0.129     0.005
 7   103.375   -17.287    -6.422
 7     0.084     0.802     0.591
 7    -0.942     0.257    -0.216
 7    -0.325    -0.539     0.777
 8   115.644   -38.570     8.648
 8     0.536    -0.737     0.412
 8    -0.843    -0.442     0.306
 8    -0.043    -0.511    -0.858
 9   123.502   -53.345   -14.382
 9     0.232    -0.915     0.331
 9    -0.311     0.253     0.916
 9    -0.922    -0.315    -0.225
 2    97.175   -23.862    59.173
 2     0.714    -0.701     0.001
 2     0.699     0.712     0.052
 2    -0.037    -0.038     0.998
 3   123.987    -1.260    -2.162
 3     0.786    -0.009    -0.618
 3    -0.098     0.985    -0.139
 3     0.610     0.169     0.774
 4   101.272    14.469    -6.135
 4     0.167    -0.600     0.782
 4     0.984     0.153    -0.092
 4    -0.065     0.785     0.616
 5   115.560    26.489    18.555
 5     0.696     0.376     0.612
 5     0.637    -0.715    -0.287
 5     0.330     0.589    -0.737
 6   122.571    29.141    -0.380
 6     0.120     0.952     0.281
 6     0.050     0.277    -0.959
 6    -0.991     0.129    -0.015
 7   103.217   -17.218    -6.418
 7     0.077     0.796     0.600
 7    -0.940     0.258    -0.222
 7    -0.332    -0.547     0.768
 8   115.224   -38.938     8.116
 8     0.519    -0.755     0.404
 8    -0.853    -0.423     0.303
 8    -0.058    -0.501    -0.863
 9   123.184   -55.570   -13.907
 9     0.228    -0.918     0.323
 9    -0.401     0.214     0.891
 9    -0.887    -0.332    -0.320
 2    97.175   -23.862    59.173
 2     0.714    -0.701     0.001
 2     0.699     0.712     0.052
 2    -0.037    -0.038     0.998
 3   124.044    -1.437    -2.246
 3     0.784    -0.005    -0.621
 3    -0.102     0.985    -0.137
 3     0.612     0.170     0.772
 4   101.427    14.519    -6.137
 4     0.175    -0.600     0.781
 4     0.982     0.157    -0.098
 4    -0.064     0.784     0.616
 5   115.705    26.436    18.483
 5     0.699     0.377     0.609
 5     0.636    -0.717    -0.287
 5     0.328     0.587    -0.739
 6   122.801    29.111    -0.446
 6     0.119     0.953     0.278
 6     0.051     0.274    -0.960
 6    -0.992     0.128    -0.016
 7   103.197   -17.221    -6.462
 7     0.068     0.794     0.604
 7    -0.941     0.252    -0.226
 7    -0.332    -0.553     0.764
 8   114.990   -39.015     8.110
 8     0.505    -0.763     0.406
 8    -0.861    -0.416     0.291
 8    -0.054    -0.495    -0.866
 9   122.610   -57.046   -13.216
 9     0.215    -0.922     0.323
 9    -0.457     0.197     0.868
 9    -0.863    -0.334    -0.378
 2    97.125   -23.837    59.122
 2     0.714    -0.701     0.002
 2     0.699     0.712     0.052
 2    -0.037    -0.037     0.998
 3   124.090    -1.464    -2.344
 3     0.784    -0.004    -0.620
 3    -0.103     0.985    -0.137
 3     0.611     0.171     0.772
 4   101.550    14.518    -6.134
 4     0.176    -0.599     0.781
 4     0.982     0.159    -0.099
 4    -0.065     0.784     0.616
 5   115.879    26.437    18.480
 5     0.698     0.381     0.608
 5     0.636    -0.717    -0.283
 5     0.328     0.584    -0.742
 6   122.872    29.305    -0.486
 6     0.117     0.953     0.280
 6     0.056     0.275    -0.960
 6    -0.992     0.128    -0.021
 7   103.203   -17.171    -6.460
 7     0.062     0.792     0.607
 7    -0.942     0.248    -0.228
 7    -0.331    -0.558     0.761
 8   114.434   -39.171     8.170
 8     0.485    -0.769     0.418
 8    -0.873    -0.401     0.276
 8    -0.046    -0.498    -0.865
 9   121.939   -57.643   -12.802
 9     0.207    -0.918     0.338
 9    -0.481     0.206     0.852
 9    -0.852    -0.339    -0.398
 2    97.174   -23.862    59.173
 2     0.714    -0.701     0.002
 2     0.699     0.712     0.052
 2    -0.037    -0.037     0.998
 3   124.137    -1.516    -2.417
 3     0.785    -0.003    -0.620
 3    -0.104     0.985    -0.138
 3     0.610     0.172     0.772
 4   101.594    14.514    -6.177
 4     0.179    -0.597     0.782
 4     0.981     0.162    -0.100
 4    -0.068     0.785     0.615
 5   116.045    26.534    18.393
 5     0.700     0.379     0.606
 5     0.636    -0.715    -0.289
 5     0.324     0.587    -0.741
 6   123.010    29.245    -0.621
 6     0.116     0.954     0.275
 6     0.052     0.270    -0.961
 6    -0.992     0.126    -0.019
 7   103.205   -17.171    -6.458
 7     0.060     0.791     0.608
 7    -0.942     0.247    -0.228
 7    -0.331    -0.560     0.760
 8   114.344   -39.170     8.211
 8     0.480    -0.771     0.420
 8    -0.876    -0.398     0.271
 8    -0.042    -0.497    -0.866
 9   121.828   -57.867   -12.739
 9     0.205    -0.916     0.344
 9    -0.487     0.209     0.848
 9    -0.849    -0.341    -0.404
 2    97.174   -23.862    59.173
 2     0.714    -0.701     0.002
 2     0.699     0.712     0.052
 2    -0.037    -0.037     0.998
 3   124.210    -1.619    -2.514
 3     0.786     0.000    -0.620
 3    -0.107     0.985    -0.136
 3     0.609     0.172     0.773
 4   101.765    14.510    -6.168
 4     0.185    -0.597     0.781
 4     0.980     0.169    -0.102
 4    -0.071     0.784     0.616
 5   116.212    26.578    18.231
 5     0.704     0.374     0.604
 5     0.633    -0.714    -0.298
 5     0.320     0.592    -0.739
 6   123.326    28.994    -0.744
 6     0.117     0.956     0.267
 6     0.044     0.264    -0.964
 6    -0.992     0.124    -0.012
 7   103.207   -17.221    -6.512
 7     0.059     0.791     0.608
 7    -0.942     0.245    -0.228
 7    -0.330    -0.560     0.760
 8   114.395   -39.195     8.208
 8     0.478    -0.771     0.422
 8    -0.877    -0.396     0.270
 8    -0.041    -0.499    -0.865
 9   121.833   -57.967   -12.698
 9     0.205    -0.915     0.348
 9    -0.490     0.212     0.846
 9    -0.847    -0.344    -0.405
 2    97.199   -23.862    59.173
 2     0.714    -0.701     0.002
 2     0.699     0.712     0.052
 2    -0.037    -0.037     0.998
 3   124.266    -1.617    -2.522
 3     0.784    -0.001    -0.621
 3    -0.107     0.985    -0.136
 3     0.611     0.173     0.771
 4   101.759    14.456    -6.183
 4     0.185    -0.599     0.779
 4     0.980     0.171    -0.100
 4    -0.074     0.782     0.618
 5   116.232    26.601    18.238
 5     0.704     0.374     0.604
 5     0.635    -0.712    -0.300
 5     0.318     0.594    -0.738
 6   123.408    29.028    -0.773
 6     0.120     0.955     0.269
 6     0.039     0.266    -0.963
 6    -0.992     0.126    -0.006
 7   103.231   -17.170    -6.513
 7     0.060     0.791     0.608
 7    -0.942     0.246    -0.228
 7    -0.330    -0.559     0.760
 8   114.339   -39.198     8.215
 8     0.477    -0.770     0.424
 8    -0.878    -0.394     0.272
 8    -0.043    -0.502    -0.863
 9   122.576   -56.767   -12.953
 9     0.247    -0.903     0.352
 9    -0.430     0.224     0.875
 9    -0.869    -0.367    -0.332
 2    97.199   -23.862    59.173
 2     0.714    -0.701     0.002
 2     0.699     0.712     0.052
 2    -0.037    -0.037     0.998
 3   124.393    -1.609    -2.377
 3     0.777    -0.002    -0.630
 3    -0.107     0.985    -0.135
 3     0.620     0.172     0.765
 4   101.975    14.262    -6.515
 4     0.191    -0.600     0.777
 4     0.977     0.190    -0.094
 4    -0.091     0.777     0.622
 5   116.611    27.091    17.147
 5     0.727     0.318     0.609
 5     0.618    -0.689    -0.378
 5     0.300     0.651    -0.697
 6   125.681    26.467    -1.189
 6     0.185     0.955     0.232
 6    -0.073     0.249    -0.966
 6    -0.980     0.162     0.116
 7   103.819   -17.608    -6.518
 7     0.083     0.798     0.597
 7    -0.944     0.254    -0.209
 7    -0.318    -0.547     0.774
 8   114.059   -39.860     8.007
 8     0.510    -0.693     0.511
 8    -0.859    -0.382     0.340
 8    -0.040    -0.612    -0.789
 9   126.157   -49.976   -14.382
 9     0.410    -0.840     0.356
 9    -0.113     0.342     0.933
 9    -0.905    -0.422     0.045
 2    97.174   -23.862    59.173
 2     0.714    -0.701     0.002
 2     0.699     0.712     0.052
 2    -0.037    -0.037     0.998
 3   124.889    -1.967    -1.994
 3     0.761     0.005    -0.650
 3    -0.104     0.988    -0.114
 3     0.641     0.154     0.751
 4   102.826    13.786    -7.291
 4     0.226    -0.590     0.775
 4     0.965     0.241    -0.097
 4    -0.130     0.770     0.624
 5   118.021    27.267    15.600
 5     0.772     0.200     0.603
 5     0.563    -0.654    -0.505
 5     0.294     0.729    -0.617
 6   128.878    22.905    -1.760
 6     0.247     0.959     0.137
 6    -0.223     0.194    -0.955
 6    -0.943     0.205     0.261
 7   104.566   -17.967    -6.613
 7     0.121     0.798     0.590
 7    -0.942     0.278    -0.185
 7    -0.312    -0.534     0.786
 8   114.484   -40.720     5.884
 8     0.542    -0.612     0.578
 8    -0.837    -0.336     0.431
 8    -0.069    -0.716    -0.693
 9   129.706   -42.299   -15.736
 9     0.536    -0.797     0.278
 9     0.239     0.460     0.855
 9    -0.809    -0.392     0.437
 2    97.174   -23.862    59.173
 2     0.714    -0.701     0.002
 2     0.699     0.712     0.052
 2    -0.037    -0.037     0.998
 3   125.442    -2.125    -1.678
 3     0.739     0.015    -0.674
 3    -0.112     0.989    -0.101
 3     0.665     0.150     0.732
 4   103.687    13.662    -7.725
 4     0.262    -0.588     0.765
 4     0.954     0.276    -0.115
 4    -0.144     0.760     0.633
 5   118.789    27.316    14.985
 5     0.793     0.091     0.603
 5     0.514    -0.630    -0.582
 5     0.326     0.771    -0.546
 6   130.912    20.487    -0.989
 6     0.299     0.953     0.033
 6    -0.332     0.137    -0.933
 6    -0.895     0.268     0.358
 7   105.075   -18.063    -6.674
 7     0.142     0.801     0.581
 7    -0.939     0.295    -0.178
 7    -0.314    -0.521     0.794
 8   114.522   -41.235     4.068
 8     0.563    -0.506     0.655
 8    -0.824    -0.280     0.492
 8    -0.065    -0.816    -0.574
 9   133.053   -37.089   -13.593
 9     0.633    -0.749     0.198
 9     0.454     0.567     0.687
 9    -0.627    -0.344     0.699
 2    97.174   -23.862    59.173
 2     0.714    -0.701     0.002
 2     0.699     0.712     0.052
 2    -0.037    -0.037     0.998
 3   125.908    -2.107    -1.496
 3     0.720     0.023    -0.694
 3    -0.114     0.990    -0.086
 3     0.684     0.140     0.715
 4   104.731    13.757    -8.121
 4     0.289    -0.597     0.748
 4     0.946     0.295    -0.130
 4    -0.143     0.746     0.650
 5   119.052    27.303    14.924
 5     0.790    -0.042     0.612
 5     0.469    -0.600    -0.647
 5     0.394     0.799    -0.454
 6   133.016    17.985     1.270
 6     0.375     0.926    -0.057
 6    -0.418     0.115    -0.901
 6    -0.828     0.360     0.431
 7   105.940   -18.219    -6.661
 7     0.186     0.797     0.574
 7    -0.932     0.328    -0.154
 7    -0.311    -0.507     0.804
 8   115.144   -41.353     3.746
 8     0.584    -0.389     0.713
 8    -0.812    -0.260     0.522
 8    -0.017    -0.884    -0.467
 9   136.129   -33.648    -8.992
 9     0.701    -0.714     0.020
 9     0.583     0.590     0.558
 9    -0.411    -0.378     0.830
 2    97.174   -23.862    59.173
 2     0.714    -0.701     0.002
 2     0.699     0.712     0.052
 2    -0.037    -0.037     0.998
 3   126.667    -2.446    -1.207
 3     0.703     0.032    -0.711
 3    -0.118     0.990    -0.073
 3     0.701     0.135     0.699
 4   105.848    13.895    -8.334
 4     0.316    -0.619     0.719
 4     0.941     0.302    -0.152
 4    -0.123     0.724     0.677
 5   119.210    27.015    15.391
 5     0.764    -0.170     0.623
 5     0.431    -0.584    -0.687
 5     0.479     0.793    -0.374
 6   134.768    16.171     4.370
 6     0.456     0.882    -0.124
 6    -0.476     0.126    -0.870
 6    -0.752     0.454     0.478
 7   106.535   -18.312    -6.785
 7     0.221     0.790     0.572
 7    -0.921     0.361    -0.143
 7    -0.319    -0.495     0.807
 8   115.612   -41.701     3.329
 8     0.592    -0.310     0.744
 8    -0.806    -0.244     0.539
 8     0.015    -0.919    -0.393
 9   137.705   -31.898    -4.696
 9     0.720    -0.692    -0.069
 9     0.657     0.647     0.384
 9    -0.222    -0.321     0.921
 2    97.175   -23.862    59.173
 2     0.714    -0.701     0.001
 2     0.699     0.712     0.052
 2    -0.037    -0.038     0.998
 3   127.161    -2.586    -1.076
 3     0.691     0.039    -0.722
 3    -0.119     0.991    -0.060
 3     0.713     0.127     0.689
 4   106.698    13.958    -8.489
 4     0.325    -0.642     0.695
 4     0.939     0.301    -0.160
 4    -0.107     0.705     0.701
 5   118.747    27.185    15.745
 5     0.721    -0.281     0.635
 5     0.415    -0.559    -0.717
 5     0.555     0.780    -0.287
 6   135.770    14.615     7.496
 6     0.525     0.840    -0.135
 6    -0.543     0.211    -0.811
 6    -0.655     0.498     0.569
 7   107.186   -18.538    -6.828
 7     0.271     0.771     0.577
 7    -0.910     0.400    -0.109
 7    -0.314    -0.495     0.809
 8   116.370   -41.774     3.706
 8     0.611    -0.233     0.757
 8    -0.789    -0.253     0.559
 8     0.061    -0.939    -0.338
 9   138.189   -29.657    -1.510
 9     0.674    -0.731    -0.111
 9     0.729     0.637     0.247
 9    -0.112    -0.246     0.963
 2    97.175   -23.862    59.173
 2     0.714    -0.701     0.001
 2     0.699     0.712     0.052
 2    -0.037    -0.038     0.998
 3   127.547    -2.520    -0.710
 3     0.681     0.037    -0.731
 3    -0.110     0.992    -0.052
 3     0.723     0.116     0.680
 4   107.477    13.999    -8.578
 4     0.331    -0.664     0.672
 4     0.939     0.297    -0.169
 4    -0.088     0.686     0.721
 5   118.538    27.241    16.134
 5     0.680    -0.366     0.637
 5     0.401    -0.541    -0.739
 5     0.613     0.757    -0.222
 6   136.523    13.435    10.109
 6     0.571     0.808    -0.147
 6    -0.594     0.285    -0.752
 6    -0.567     0.515     0.643
 7   107.991   -18.690    -6.940
 7     0.311     0.768     0.560
 7    -0.900     0.426    -0.085
 7    -0.303    -0.478     0.824
 8   117.463   -41.616     4.318
 8     0.626    -0.170     0.762
 8    -0.773    -0.267     0.575
 8     0.106    -0.949    -0.298
 9   138.860   -28.566     0.283
 9     0.657    -0.745    -0.123
 9     0.751     0.633     0.181
 9    -0.058    -0.211     0.976
 2    97.199   -23.862    59.173
 2     0.714    -0.701     0.002
 2     0.699     0.712     0.052
 2    -0.037    -0.037     0.998
 3   127.930    -2.509    -0.467
 3     0.673     0.037    -0.739
 3    -0.106     0.993    -0.047
 3     0.732     0.109     0.672
 4   107.847    14.006    -8.591
 4     0.330    -0.674     0.661
 4     0.940     0.294    -0.169
 4    -0.081     0.677     0.731
 5   118.600    27.332    16.167
 5     0.667    -0.401     0.630
 5     0.397    -0.524    -0.753
 5     0.630     0.752    -0.191
 6   136.745    13.038    10.689
 6     0.578     0.804    -0.141
 6    -0.615     0.317    -0.721
 6    -0.536     0.502     0.678
 7   108.652   -18.798    -7.071
 7     0.333     0.772     0.542
 7    -0.897     0.436    -0.072
 7    -0.291    -0.462     0.837
 8   118.181   -41.384     5.014
 8     0.634    -0.136     0.762
 8    -0.760    -0.290     0.580
 8     0.142    -0.947    -0.287
 9   139.532   -28.142     1.839
 9     0.652    -0.744    -0.151
 9     0.757     0.628     0.176
 9    -0.039    -0.228     0.973
 2    97.200   -23.862    59.173
 2     0.714    -0.701     0.001
 2     0.699     0.712     0.052
 2    -0.037    -0.038     0.998
 3   128.118    -2.451    -0.283
 3     0.669     0.030    -0.742
 3    -0.101     0.993    -0.051
 3     0.736     0.109     0.668
 4   108.061    14.013    -8.604
 4     0.324    -0.683     0.655
 4     0.943     0.287    -0.165
 4    -0.075     0.671     0.737
 5   118.295    27.478    16.302
 5     0.649    -0.417     0.639
 5     0.405    -0.521    -0.750
 5     0.644     0.745    -0.170
 6   136.917    13.124    12.085
 6     0.608     0.786    -0.114
 6    -0.623     0.384    -0.681
 6    -0.492     0.484     0.723
 7   109.223   -18.990    -7.076
 7     0.346     0.786     0.512
 7    -0.904     0.425    -0.044
 7    -0.252    -0.448     0.857
 8   118.058   -40.702     7.734
 8     0.618    -0.095     0.781
 8    -0.749    -0.375     0.546
 8     0.241    -0.922    -0.302
 9   139.537   -27.860     5.941
 9     0.671    -0.713    -0.209
 9     0.739     0.619     0.265
 9    -0.062    -0.330     0.941
 2    97.200   -23.862    59.173
 2     0.714    -0.701     0.001
 2     0.699     0.712     0.052
 2    -0.037    -0.038     0.998
 3   128.217    -2.321    -0.181
 3     0.670     0.025    -0.742
 3    -0.094     0.994    -0.052
 3     0.736     0.104     0.668
 4   108.070    14.122    -8.515
 4     0.315    -0.690     0.652
 4     0.946     0.278    -0.162
 4    -0.070     0.668     0.740
 5   117.532    27.685    16.589
 5     0.620    -0.432     0.657
 5     0.417    -0.527    -0.740
 5     0.664     0.732    -0.147
 6   137.045    13.650    13.341
 6     0.647     0.758    -0.077
 6    -0.619     0.465    -0.632
 6    -0.444     0.457     0.771
 7   109.525   -19.069    -6.940
 7     0.360     0.799     0.482
 7    -0.911     0.411    -0.002
 7    -0.200    -0.439     0.876
 8   117.887   -39.883     9.810
 8     0.607    -0.041     0.793
 8    -0.726    -0.433     0.534
 8     0.322    -0.901    -0.293
 9   139.544   -27.498     9.123
 9     0.690    -0.685    -0.237
 9     0.722     0.630     0.283
 9    -0.047    -0.365     0.929
 2    97.199   -23.862    59.173
 2     0.714    -0.701     0.002
 2     0.699     0.712     0.052
 2    -0.037    -0.037     0.998
 3   128.177    -2.031    -0.017
 3     0.669     0.012    -0.743
 3    -0.078     0.995    -0.055
 3     0.739     0.095     0.667
 4   107.877    14.182    -8.451
 4     0.296    -0.701     0.649
 4     0.953     0.262    -0.151
 4    -0.065     0.663     0.745
 5   116.953    27.811    16.812
 5     0.598    -0.438     0.673
 5     0.426    -0.537    -0.727
 5     0.679     0.721    -0.135
 6   137.056    14.099    14.293
 6     0.675     0.732    -0.091
 6    -0.612     0.488    -0.622
 6    -0.412     0.475     0.777
 7   109.723   -19.104    -6.882
 7     0.372     0.797     0.476
 7    -0.909     0.416     0.012
 7    -0.188    -0.437     0.879
 8   117.997   -39.822     9.942
 8     0.602    -0.008     0.798
 8    -0.721    -0.435     0.539
 8     0.343    -0.900    -0.268
 9   139.669   -27.342    10.292
 9     0.690    -0.680    -0.256
 9     0.723     0.640     0.254
 9    -0.011    -0.359     0.932
 2    97.175   -23.862    59.173
 2     0.714    -0.701     0.001
 2     0.699     0.712     0.052
 2    -0.037    -0.038     0.998
 3   128.179    -2.004     0.054
 3     0.668     0.010    -0.744
 3    -0.078     0.995    -0.058
 3     0.740     0.097     0.665
 4   107.884    14.259    -8.410
 4     0.300    -0.699     0.650
 4     0.952     0.263    -0.155
 4    -0.062     0.665     0.743
 5   117.220    27.906    16.824
 5     0.605    -0.439     0.666
 5     0.421    -0.533    -0.733
 5     0.676     0.723    -0.138
 6   137.162    13.957    14.000
 6     0.663     0.743    -0.092
 6    -0.618     0.475    -0.625
 6    -0.422     0.470     0.775
 7   109.709   -19.109    -6.915
 7     0.373     0.796     0.478
 7    -0.907     0.419     0.008
 7    -0.194    -0.436     0.878
 8   118.139   -40.009     9.597
 8     0.608    -0.006     0.794
 8    -0.722    -0.422     0.548
 8     0.331    -0.907    -0.261
 9   139.557   -27.160     9.766
 9     0.677    -0.696    -0.244
 9     0.735     0.635     0.233
 9    -0.009    -0.335     0.941
 2    97.175   -23.862    59.173
 2     0.714    -0.701     0.001
 2     0.699     0.712     0.052
 2    -0.037    -0.038     0.998
 3   128.125    -2.006     0.058
 3     0.668     0.009    -0.744
 3    -0.079     0.995    -0.060
 3     0.739     0.099     0.666
 4   107.803    14.308    -8.329
 4     0.300    -0.696     0.653
 4     0.952     0.263    -0.156
 4    -0.064     0.668     0.741
 5   117.284    27.928    16.835
 5     0.608    -0.437     0.665
 5     0.422    -0.531    -0.733
 5     0.673     0.726    -0.140
 6   137.159    13.954    13.932
 6     0.661     0.745    -0.090
 6    -0.619     0.475    -0.626
 6    -0.424     0.469     0.775
 7   109.668   -19.064    -6.942
 7     0.374     0.792     0.482
 7    -0.905     0.425     0.003
 7    -0.202    -0.437     0.876
 8   118.213   -40.117     9.225
 8     0.613    -0.010     0.790
 8    -0.722    -0.413     0.555
 8     0.320    -0.911    -0.261
 9   139.603   -26.928     9.497
 9     0.670    -0.705    -0.236
 9     0.742     0.633     0.217
 9    -0.006    -0.319     0.947
];