2 	  32.89	  -7.07	  22.73
	  0.658	  0.752	 -0.023
	 -0.754	  0.657	 -0.018
	  0.003	  0.029	  0.999

3 	  46.21	  -1.78	   2.65
	  0.481	  0.132	  0.866
	 -0.113	  0.989	 -0.090
	 -0.870	 -0.054	  0.490

4 	  41.84	   5.15	  -1.48
	  0.391	  0.893	  0.222
	 -0.897	  0.315	  0.311
	  0.209	 -0.321	  0.924

5 	  41.26	   7.54	  10.18
	  0.354	  0.198	  0.914
	 -0.439	 -0.829	  0.347
	  0.828	 -0.522	 -0.205

6 	  46.56	   9.54	  18.77
	  0.344	  0.124	  0.930
	 -0.546	  0.833	  0.087
	 -0.767	 -0.535	  0.353

7 	  41.84	  -8.51	  -1.72
	  0.493	 -0.858	  0.145
	  0.846	  0.432	 -0.313
	  0.206	  0.276	  0.938

8 	  41.80	 -11.74	   9.62
	  0.211	 -0.037	  0.977
	  0.737	 -0.650	 -0.183
	  0.642	  0.758	 -0.109

9 	  46.04	 -12.11	  18.54
	  0.239	  0.067	  0.968
	  0.493	  0.851	 -0.177
	 -0.839	  0.518	  0.169

2 	  32.89	  -7.07	  22.73
	  0.658	  0.752	 -0.023
	 -0.754	  0.657	 -0.018
	  0.003	  0.029	  0.999

3 	  46.21	  -1.79	   2.65
	  0.482	  0.132	  0.866
	 -0.110	  0.990	 -0.091
	 -0.870	 -0.051	  0.491

4 	  41.85	   5.15	  -1.46
	  0.398	  0.888	  0.229
	 -0.894	  0.319	  0.315
	  0.207	 -0.330	  0.921

5 	  41.33	   7.59	  10.14
	  0.365	  0.208	  0.907
	 -0.433	 -0.826	  0.360
	  0.826	 -0.522	 -0.211

6 	  46.65	   9.65	  18.70
	  0.350	  0.133	  0.927
	 -0.545	  0.834	  0.082
	 -0.766	 -0.532	  0.362

7 	  41.84	  -8.51	  -1.72
	  0.493	 -0.858	  0.144
	  0.845	  0.432	 -0.314
	  0.208	  0.276	  0.938

8 	  41.94	 -11.79	   9.54
	  0.231	 -0.052	  0.971
	  0.731	 -0.650	 -0.208
	  0.642	  0.758	 -0.111

9 	  46.34	 -12.36	  18.35
	  0.261	  0.049	  0.964
	  0.502	  0.846	 -0.176
	 -0.827	  0.528	  0.195

2 	  32.89	  -7.07	  22.73
	  0.658	  0.752	 -0.023
	 -0.754	  0.657	 -0.018
	  0.003	  0.029	  0.999

3 	  46.21	  -1.76	   2.62
	  0.483	  0.130	  0.866
	 -0.107	  0.990	 -0.090
	 -0.870	 -0.049	  0.491

4 	  41.87	   5.19	  -1.44
	  0.404	  0.884	  0.234
	 -0.891	  0.322	  0.319
	  0.208	 -0.338	  0.918

5 	  41.50	   7.73	  10.09
	  0.386	  0.230	  0.893
	 -0.418	 -0.821	  0.389
	  0.824	 -0.522	 -0.220

6 	  47.07	  10.00	  18.42
	  0.372	  0.153	  0.915
	 -0.541	  0.837	  0.076
	 -0.758	 -0.520	  0.393

7 	  41.82	  -8.46	  -1.78
	  0.498	 -0.856	  0.141
	  0.840	  0.435	 -0.323
	  0.215	  0.279	  0.936

8 	  42.12	 -11.85	   9.49
	  0.257	 -0.066	  0.964
	  0.719	 -0.653	 -0.235
	  0.646	  0.753	 -0.120

9 	  46.69	 -12.50	  18.14
	  0.286	  0.038	  0.957
	  0.502	  0.846	 -0.180
	 -0.819	  0.529	  0.222

2 	  32.89	  -7.07	  22.73
	  0.658	  0.752	 -0.023
	 -0.754	  0.657	 -0.018
	  0.003	  0.029	  0.999

3 	  46.21	  -1.76	   2.60
	  0.481	  0.129	  0.867
	 -0.107	  0.990	 -0.089
	 -0.870	 -0.049	  0.490

4 	  41.82	   5.17	  -1.46
	  0.409	  0.882	  0.231
	 -0.889	  0.328	  0.319
	  0.206	 -0.336	  0.919

5 	  41.78	   7.88	  10.04
	  0.421	  0.255	  0.870
	 -0.405	 -0.807	  0.429
	  0.814	 -0.531	 -0.236

6 	  47.65	  10.27	  18.02
	  0.409	  0.168	  0.896
	 -0.525	  0.848	  0.076
	 -0.751	 -0.499	  0.433

7 	  41.78	  -8.46	  -1.74
	  0.504	 -0.852	  0.144
	  0.836	  0.438	 -0.330
	  0.219	  0.286	  0.932

8 	  42.45	 -11.99	   9.49
	  0.300	 -0.081	  0.950
	  0.707	 -0.650	 -0.278
	  0.641	  0.755	 -0.137

9 	  47.43	 -12.71	  17.81
	  0.328	  0.027	  0.944
	  0.479	  0.857	 -0.188
	 -0.817	  0.511	  0.268

2 	  32.89	  -7.05	  22.73
	  0.658	  0.752	 -0.023
	 -0.754	  0.657	 -0.017
	  0.004	  0.029	  0.999

3 	  46.16	  -1.78	   2.58
	  0.477	  0.129	  0.869
	 -0.107	  0.990	 -0.089
	 -0.872	 -0.050	  0.486

4 	  41.78	   5.13	  -1.51
	  0.417	  0.880	  0.225
	 -0.885	  0.335	  0.324
	  0.210	 -0.334	  0.919

5 	  42.33	   8.03	  10.00
	  0.479	  0.280	  0.832
	 -0.386	 -0.785	  0.484
	  0.789	 -0.552	 -0.268

6 	  48.64	  10.46	  17.51
	  0.466	  0.172	  0.868
	 -0.489	  0.868	  0.086
	 -0.742	 -0.461	  0.487

7 	  41.75	  -8.46	  -1.78
	  0.509	 -0.850	  0.134
	  0.830	  0.443	 -0.339
	  0.229	  0.284	  0.931

8 	  43.00	 -12.11	   9.39
	  0.364	 -0.099	  0.926
	  0.690	 -0.639	 -0.339
	  0.626	  0.762	 -0.163

9 	  48.45	 -12.74	  17.24
	  0.388	  0.020	  0.921
	  0.438	  0.876	 -0.201
	 -0.814	  0.479	  0.330

2 	  32.87	  -7.07	  22.73
	  0.658	  0.752	 -0.023
	 -0.754	  0.657	 -0.018
	  0.003	  0.029	  0.999

3 	  46.12	  -1.79	   2.57
	  0.473	  0.126	  0.871
	 -0.103	  0.991	 -0.089
	 -0.875	 -0.047	  0.481

4 	  41.77	   5.15	  -1.53
	  0.428	  0.876	  0.222
	 -0.878	  0.344	  0.334
	  0.217	 -0.338	  0.916

5 	  42.86	   8.17	   9.97
	  0.534	  0.295	  0.792
	 -0.366	 -0.765	  0.530
	  0.764	 -0.571	 -0.301

6 	  49.54	  10.53	  17.00
	  0.516	  0.170	  0.839
	 -0.465	  0.879	  0.104
	 -0.723	 -0.441	  0.532

7 	  41.77	  -8.42	  -1.85
	  0.516	 -0.848	  0.120
	  0.823	  0.451	 -0.346
	  0.240	  0.277	  0.930

8 	  43.56	 -12.22	   9.21
	  0.423	 -0.109	  0.899
	  0.676	 -0.624	 -0.392
	  0.605	  0.773	 -0.189

9 	  49.38	 -12.67	  16.72
	  0.436	  0.023	  0.899
	  0.393	  0.894	 -0.212
	 -0.812	  0.444	  0.380

2 	  32.87	  -7.05	  22.73
	  0.658	  0.752	 -0.023
	 -0.754	  0.657	 -0.018
	  0.003	  0.029	  0.999

3 	  46.11	  -1.78	   2.57
	  0.467	  0.125	  0.875
	 -0.103	  0.991	 -0.087
	 -0.878	 -0.049	  0.475

4 	  41.78	   5.19	  -1.55
	  0.437	  0.872	  0.219
	 -0.873	  0.350	  0.340
	  0.221	 -0.339	  0.914

5 	  43.29	   8.28	   9.90
	  0.577	  0.306	  0.757
	 -0.345	 -0.750	  0.564
	  0.741	 -0.586	 -0.328

6 	  50.19	  10.67	  16.49
	  0.557	  0.174	  0.812
	 -0.453	  0.884	  0.118
	 -0.701	 -0.429	  0.570

7 	  41.75	  -8.37	  -1.90
	  0.524	 -0.845	  0.107
	  0.815	  0.461	 -0.351
	  0.248	  0.270	  0.930

8 	  44.07	 -12.22	   9.07
	  0.482	 -0.118	  0.868
	  0.649	 -0.618	 -0.443
	  0.591	  0.776	 -0.221

9 	  50.22	 -12.67	  16.14
	  0.490	  0.023	  0.871
	  0.367	  0.901	 -0.229
	 -0.792	  0.431	  0.433

2 	  32.87	  -7.07	  22.73
	  0.658	  0.752	 -0.023
	 -0.754	  0.657	 -0.018
	  0.003	  0.029	  0.999

3 	  46.09	  -1.76	   2.55
	  0.460	  0.126	  0.878
	 -0.105	  0.990	 -0.088
	 -0.882	 -0.051	  0.469

4 	  41.77	   5.20	  -1.56
	  0.442	  0.871	  0.213
	 -0.869	  0.355	  0.345
	  0.226	 -0.337	  0.914

5 	  43.56	   8.38	   9.77
	  0.605	  0.318	  0.730
	 -0.325	 -0.740	  0.589
	  0.728	 -0.592	 -0.345

6 	  50.73	  10.79	  16.01
	  0.598	  0.173	  0.782
	 -0.437	  0.889	  0.134
	 -0.674	 -0.420	  0.607

7 	  41.75	  -8.35	  -1.92
	  0.529	 -0.843	  0.098
	  0.810	  0.467	 -0.355
	  0.254	  0.267	  0.929

8 	  44.46	 -12.20	   8.98
	  0.534	 -0.124	  0.836
	  0.616	 -0.621	 -0.484
	  0.581	  0.773	 -0.255

9 	  51.01	 -12.62	  15.56
	  0.539	  0.023	  0.841
	  0.349	  0.904	 -0.247
	 -0.767	  0.426	  0.479

2 	  32.87	  -7.07	  22.73
	  0.658	  0.752	 -0.023
	 -0.754	  0.657	 -0.018
	  0.003	  0.029	  0.999

3 	  46.09	  -1.74	   2.55
	  0.454	  0.127	  0.881
	 -0.107	  0.990	 -0.089
	 -0.885	 -0.054	  0.463

4 	  41.75	   5.24	  -1.60
	  0.448	  0.870	  0.204
	 -0.864	  0.361	  0.351
	  0.233	 -0.333	  0.914

5 	  44.00	   8.47	   9.60
	  0.643	  0.326	  0.693
	 -0.295	 -0.730	  0.616
	  0.708	 -0.599	 -0.374

6 	  51.52	  10.88	  15.29
	  0.649	  0.173	  0.740
	 -0.422	  0.893	  0.158
	 -0.635	 -0.413	  0.652

7 	  41.73	  -8.33	  -1.93
	  0.534	 -0.841	  0.090
	  0.805	  0.472	 -0.360
	  0.261	  0.264	  0.928

8 	  44.91	 -12.22	   8.84
	  0.597	 -0.128	  0.792
	  0.575	 -0.622	 -0.532
	  0.562	  0.771	 -0.297

9 	  51.77	 -12.62	  14.91
	  0.590	  0.022	  0.807
	  0.329	  0.906	 -0.266
	 -0.738	  0.421	  0.527

2 	  32.87	  -7.05	  22.73
	  0.658	  0.752	 -0.023
	 -0.754	  0.657	 -0.018
	  0.003	  0.029	  0.999

3 	  46.07	  -1.74	   2.55
	  0.450	  0.128	  0.884
	 -0.107	  0.990	 -0.090
	 -0.887	 -0.054	  0.459

4 	  41.73	   5.24	  -1.63
	  0.456	  0.868	  0.195
	 -0.858	  0.369	  0.357
	  0.239	 -0.330	  0.913

5 	  44.26	   8.49	   9.51
	  0.668	  0.323	  0.670
	 -0.282	 -0.725	  0.628
	  0.689	 -0.607	 -0.394

6 	  51.91	  10.85	  14.91
	  0.676	  0.169	  0.717
	 -0.411	  0.895	  0.174
	 -0.614	 -0.410	  0.674

7 	  41.68	  -8.31	  -1.97
	  0.541	 -0.838	  0.077
	  0.797	  0.480	 -0.367
	  0.271	  0.259	  0.927

8 	  45.62	 -12.18	   8.56
	  0.665	 -0.126	  0.736
	  0.533	 -0.610	 -0.585
	  0.525	  0.781	 -0.339

9 	  52.93	 -12.55	  13.80
	  0.661	  0.024	  0.750
	  0.292	  0.912	 -0.287
	 -0.691	  0.408	  0.596

2 	  32.87	  -7.05	  22.73
	  0.658	  0.752	 -0.023
	 -0.754	  0.657	 -0.018
	  0.003	  0.029	  0.999

3 	  46.04	  -1.74	   2.53
	  0.446	  0.129	  0.885
	 -0.106	  0.990	 -0.092
	 -0.889	 -0.053	  0.454

4 	  41.68	   5.26	  -1.67
	  0.460	  0.868	  0.185
	 -0.853	  0.374	  0.365
	  0.248	 -0.326	  0.912

5 	  44.54	   8.51	   9.35
	  0.696	  0.318	  0.643
	 -0.267	 -0.719	  0.642
	  0.668	 -0.617	 -0.416

6 	  52.45	  10.81	  14.33
	  0.713	  0.158	  0.682
	 -0.388	  0.901	  0.195
	 -0.585	 -0.402	  0.704

7 	  41.64	  -8.30	  -2.02
	  0.550	 -0.833	  0.061
	  0.785	  0.490	 -0.378
	  0.286	  0.256	  0.923

8 	  46.34	 -12.16	   8.10
	  0.729	 -0.122	  0.673
	  0.492	 -0.592	 -0.638
	  0.478	  0.795	 -0.372

9 	  54.02	 -12.34	  12.60
	  0.724	  0.033	  0.688
	  0.243	  0.922	 -0.300
	 -0.645	  0.385	  0.660

2 	  32.87	  -7.05	  22.75
	  0.658	  0.752	 -0.023
	 -0.754	  0.657	 -0.018
	  0.003	  0.029	  0.999

3 	  46.02	  -1.72	   2.50
	  0.445	  0.130	  0.886
	 -0.105	  0.990	 -0.093
	 -0.890	 -0.051	  0.454

4 	  41.62	   5.26	  -1.72
	  0.466	  0.868	  0.173
	 -0.846	  0.380	  0.373
	  0.259	 -0.320	  0.911

5 	  44.77	   8.54	   9.18
	  0.715	  0.317	  0.623
	 -0.256	 -0.712	  0.654
	  0.652	 -0.626	 -0.428

6 	  52.77	  10.78	  13.97
	  0.732	  0.154	  0.663
	 -0.374	  0.905	  0.200
	 -0.571	 -0.393	  0.721

7 	  41.61	  -8.26	  -2.07
	  0.557	 -0.829	  0.036
	  0.773	  0.502	 -0.388
	  0.305	  0.244	  0.920

8 	  47.06	 -12.16	   7.52
	  0.791	 -0.130	  0.597
	  0.424	 -0.587	 -0.689
	  0.441	  0.798	 -0.411

9 	  55.16	 -12.32	  10.95
	  0.796	  0.032	  0.604
	  0.201	  0.928	 -0.315
	 -0.571	  0.372	  0.732

2 	  32.87	  -7.05	  22.73
	  0.658	  0.752	 -0.023
	 -0.754	  0.657	 -0.018
	  0.003	  0.029	  0.999

3 	  45.98	  -1.74	   2.43
	  0.447	  0.129	  0.885
	 -0.098	  0.990	 -0.096
	 -0.889	 -0.043	  0.455

4 	  41.62	   5.27	  -1.76
	  0.474	  0.865	  0.161
	 -0.838	  0.386	  0.386
	  0.273	 -0.318	  0.908

5 	  45.07	   8.54	   9.02
	  0.736	  0.310	  0.601
	 -0.248	 -0.705	  0.665
	  0.631	 -0.637	 -0.443

6 	  53.21	  10.69	  13.48
	  0.757	  0.145	  0.637
	 -0.351	  0.913	  0.208
	 -0.552	 -0.380	  0.742

7 	  41.54	  -8.19	  -2.18
	  0.565	 -0.825	  0.001
	  0.757	  0.516	 -0.400
	  0.331	  0.226	  0.916

8 	  47.57	 -12.13	   6.91
	  0.837	 -0.133	  0.531
	  0.373	 -0.572	 -0.730
	  0.401	  0.808	 -0.430

9 	  55.90	 -12.22	   9.51
	  0.846	  0.034	  0.532
	  0.163	  0.933	 -0.320
	 -0.507	  0.359	  0.783

2 	  32.87	  -7.05	  22.73
	  0.658	  0.752	 -0.023
	 -0.754	  0.657	 -0.018
	  0.003	  0.029	  0.999

3 	  45.98	  -1.72	   2.36
	  0.449	  0.125	  0.884
	 -0.094	  0.991	 -0.094
	 -0.888	 -0.041	  0.457

4 	  41.54	   5.31	  -1.78
	  0.481	  0.864	  0.151
	 -0.828	  0.390	  0.402
	  0.290	 -0.318	  0.902

5 	  45.32	   8.60	   8.89
	  0.757	  0.304	  0.578
	 -0.235	 -0.700	  0.674
	  0.611	 -0.645	 -0.459

6 	  53.60	  10.62	  12.99
	  0.784	  0.135	  0.606
	 -0.330	  0.917	  0.222
	 -0.527	 -0.373	  0.763

7 	  41.47	  -8.16	  -2.25
	  0.566	 -0.824	 -0.013
	  0.752	  0.522	 -0.402
	  0.340	  0.218	  0.915

8 	  47.74	 -12.06	   6.70
	  0.852	 -0.126	  0.507
	  0.357	 -0.568	 -0.741
	  0.383	  0.812	 -0.440

9 	  56.11	 -12.04	   9.05
	  0.861	  0.043	  0.506
	  0.144	  0.934	 -0.327
	 -0.487	  0.356	  0.797

2 	  32.87	  -7.05	  22.73
	  0.658	  0.752	 -0.023
	 -0.754	  0.657	 -0.018
	  0.003	  0.029	  0.999

3 	  45.95	  -1.71	   2.32
	  0.450	  0.125	  0.884
	 -0.093	  0.991	 -0.095
	 -0.888	 -0.039	  0.457

4 	  41.47	   5.31	  -1.83
	  0.485	  0.863	  0.137
	 -0.821	  0.395	  0.412
	  0.303	 -0.312	  0.900

5 	  45.54	   8.58	   8.68
	  0.775	  0.301	  0.555
	 -0.223	 -0.693	  0.685
	  0.592	 -0.654	 -0.471

6 	  53.96	  10.51	  12.43
	  0.808	  0.126	  0.575
	 -0.306	  0.924	  0.226
	 -0.504	 -0.358	  0.786

7 	  41.41	  -8.17	  -2.25
	  0.566	 -0.824	 -0.018
	  0.750	  0.523	 -0.404
	  0.343	  0.215	  0.914

8 	  47.95	 -12.11	   6.40
	  0.874	 -0.127	  0.469
	  0.326	 -0.564	 -0.759
	  0.362	  0.815	 -0.452

9 	  56.41	 -11.97	   8.21
	  0.888	  0.050	  0.456
	  0.117	  0.936	 -0.332
	 -0.444	  0.350	  0.825

2 	  32.87	  -7.07	  22.75
	  0.658	  0.752	 -0.023
	 -0.754	  0.657	 -0.018
	  0.003	  0.029	  0.999

3 	  45.90	  -1.78	   2.29
	  0.451	  0.125	  0.884
	 -0.074	  0.992	 -0.103
	 -0.890	 -0.019	  0.456

4 	  41.47	   5.27	  -1.85
	  0.494	  0.860	  0.126
	 -0.812	  0.404	  0.420
	  0.311	 -0.310	  0.898

5 	  45.72	   8.49	   8.54
	  0.788	  0.294	  0.540
	 -0.219	 -0.688	  0.691
	  0.575	 -0.662	 -0.479

6 	  54.23	  10.34	  12.11
	  0.823	  0.117	  0.556
	 -0.289	  0.929	  0.231
	 -0.490	 -0.351	  0.797

7 	  41.22	  -8.17	  -2.32
	  0.567	 -0.822	 -0.057
	  0.739	  0.537	 -0.406
	  0.366	  0.188	  0.911

8 	  48.39	 -12.25	   5.40
	  0.918	 -0.145	  0.369
	  0.239	 -0.542	 -0.806
	  0.317	  0.827	 -0.464

9 	  57.09	 -12.11	   5.78
	  0.945	  0.047	  0.323
	  0.062	  0.945	 -0.319
	 -0.321	  0.324	  0.890

2 	  32.87	  -7.05	  22.73
	  0.658	  0.752	 -0.023
	 -0.754	  0.657	 -0.018
	  0.003	  0.029	  0.999

3 	  45.86	  -1.81	   2.25
	  0.453	  0.120	  0.883
	 -0.064	  0.992	 -0.104
	 -0.889	 -0.009	  0.457

4 	  41.43	   5.27	  -1.86
	  0.503	  0.856	  0.118
	 -0.803	  0.411	  0.432
	  0.323	 -0.312	  0.893

5 	  45.86	   8.47	   8.44
	  0.801	  0.286	  0.525
	 -0.214	 -0.684	  0.697
	  0.560	 -0.670	 -0.488

6 	  54.47	  10.20	  11.76
	  0.837	  0.107	  0.537
	 -0.270	  0.934	  0.234
	 -0.477	 -0.341	  0.810

7 	  41.10	  -8.10	  -2.41
	  0.572	 -0.814	 -0.101
	  0.725	  0.558	 -0.404
	  0.386	  0.157	  0.909

8 	  48.76	 -12.32	   4.29
	  0.951	 -0.160	  0.264
	  0.148	 -0.515	 -0.844
	  0.271	  0.842	 -0.466

9 	  57.45	 -12.02	   3.43
	  0.980	  0.047	  0.191
	  0.012	  0.954	 -0.297
	 -0.197	  0.295	  0.935

2 	  32.87	  -7.05	  22.73
	  0.658	  0.752	 -0.023
	 -0.754	  0.657	 -0.018
	  0.003	  0.029	  0.999

3 	  45.79	  -1.81	   2.23
	  0.455	  0.119	  0.882
	 -0.058	  0.993	 -0.104
	 -0.888	 -0.004	  0.459

4 	  41.31	   5.26	  -1.90
	  0.508	  0.854	  0.107
	 -0.795	  0.416	  0.442
	  0.334	 -0.309	  0.890

5 	  45.97	   8.46	   8.33
	  0.812	  0.283	  0.510
	 -0.206	 -0.680	  0.704
	  0.547	 -0.676	 -0.495

6 	  54.60	  10.12	  11.48
	  0.847	  0.103	  0.521
	 -0.260	  0.936	  0.235
	 -0.464	 -0.335	  0.820

7 	  40.99	  -8.09	  -2.39
	  0.575	 -0.809	 -0.122
	  0.717	  0.570	 -0.401
	  0.396	  0.143	  0.907

8 	  48.88	 -12.30	   3.74
	  0.965	 -0.161	  0.205
	  0.097	 -0.509	 -0.855
	  0.242	  0.845	 -0.476

9 	  57.53	 -11.99	   2.09
	  0.992	  0.050	  0.113
	 -0.016	  0.957	 -0.291
	 -0.123	  0.288	  0.949

2 	  32.87	  -7.05	  22.73
	  0.658	  0.752	 -0.023
	 -0.754	  0.657	 -0.018
	  0.003	  0.029	  0.999

3 	  45.76	  -1.86	   2.23
	  0.456	  0.118	  0.882
	 -0.050	  0.993	 -0.108
	 -0.888	  0.005	  0.458

4 	  41.31	   5.22	  -1.92
	  0.511	  0.853	  0.103
	 -0.792	  0.420	  0.443
	  0.336	 -0.307	  0.890

5 	  45.97	   8.42	   8.30
	  0.814	  0.282	  0.507
	 -0.206	 -0.678	  0.705
	  0.544	 -0.677	 -0.495

6 	  54.63	  10.09	  11.39
	  0.849	  0.102	  0.518
	 -0.257	  0.938	  0.234
	 -0.463	 -0.332	  0.822

7 	  40.96	  -8.07	  -2.37
	  0.578	 -0.804	 -0.136
	  0.713	  0.579	 -0.395
	  0.398	  0.131	  0.908

8 	  48.97	 -12.38	   3.22
	  0.973	 -0.174	  0.151
	  0.046	 -0.498	 -0.866
	  0.226	  0.849	 -0.477

9 	  57.53	 -12.11	   0.88
	  0.998	  0.041	  0.042
	 -0.028	  0.959	 -0.282
	 -0.052	  0.281	  0.958

2 	  32.87	  -7.05	  22.73
	  0.658	  0.752	 -0.023
	 -0.754	  0.657	 -0.018
	  0.003	  0.029	  0.999

3 	  45.79	  -1.86	   2.16
	  0.462	  0.111	  0.880
	 -0.038	  0.993	 -0.107
	 -0.886	  0.016	  0.463

4 	  41.33	   5.24	  -1.90
	  0.513	  0.852	  0.104
	 -0.790	  0.420	  0.447
	  0.338	 -0.311	  0.888

5 	  45.98	   8.42	   8.28
	  0.814	  0.281	  0.507
	 -0.206	 -0.679	  0.705
	  0.543	 -0.677	 -0.496

6 	  54.65	  10.07	  11.34
	  0.849	  0.102	  0.517
	 -0.255	  0.938	  0.232
	 -0.462	 -0.329	  0.823

7 	  40.83	  -7.96	  -2.43
	  0.578	 -0.796	 -0.178
	  0.703	  0.596	 -0.388
	  0.417	  0.099	  0.903

8 	  48.92	 -12.57	   2.14
	  0.975	 -0.211	  0.061
	 -0.045	 -0.467	 -0.883
	  0.215	  0.858	 -0.466

9 	  57.23	 -12.41	  -1.39
	  0.996	  0.021	 -0.084
	 -0.042	  0.967	 -0.251
	  0.076	  0.253	  0.964

2 	  32.87	  -7.05	  22.73
	  0.658	  0.753	 -0.023
	 -0.754	  0.657	 -0.018
	  0.003	  0.029	  0.999

3 	  45.77	  -1.86	   2.11
	  0.469	  0.105	  0.877
	 -0.027	  0.994	 -0.105
	 -0.883	  0.025	  0.469

4 	  41.29	   5.27	  -1.92
	  0.518	  0.849	  0.100
	 -0.782	  0.422	  0.459
	  0.349	 -0.316	  0.882

5 	  46.09	   8.42	   8.19
	  0.820	  0.277	  0.500
	 -0.202	 -0.678	  0.707
	  0.535	 -0.680	 -0.501

6 	  54.74	  10.07	  11.25
	  0.853	  0.101	  0.512
	 -0.252	  0.939	  0.232
	 -0.458	 -0.327	  0.826

7 	  40.71	  -7.88	  -2.55
	  0.576	 -0.787	 -0.221
	  0.693	  0.612	 -0.380
	  0.436	  0.065	  0.897

8 	  48.80	 -12.71	   1.12
	  0.971	 -0.238	 -0.020
	 -0.124	 -0.429	 -0.895
	  0.204	  0.871	 -0.446

9 	  56.85	 -12.41	  -3.43
	  0.979	  0.020	 -0.201
	 -0.064	  0.975	 -0.212
	  0.192	  0.218	  0.957

2 	  32.87	  -7.05	  22.73
	  0.658	  0.752	 -0.023
	 -0.754	  0.657	 -0.018
	  0.003	  0.029	  0.999

3 	  45.77	  -1.88	   2.06
	  0.473	  0.102	  0.875
	 -0.023	  0.994	 -0.104
	 -0.881	  0.029	  0.472

4 	  41.26	   5.29	  -1.93
	  0.519	  0.849	  0.095
	 -0.779	  0.423	  0.464
	  0.355	 -0.314	  0.880

5 	  46.11	   8.40	   8.14
	  0.824	  0.276	  0.494
	 -0.199	 -0.676	  0.709
	  0.531	 -0.682	 -0.503

6 	  54.81	  10.05	  11.11
	  0.857	  0.100	  0.505
	 -0.246	  0.941	  0.231
	 -0.453	 -0.322	  0.831

7 	  40.64	  -7.86	  -2.53
	  0.578	 -0.780	 -0.240
	  0.689	  0.623	 -0.369
	  0.438	  0.047	  0.897

8 	  48.69	 -12.73	   0.46
	  0.963	 -0.253	 -0.089
	 -0.190	 -0.411	 -0.891
	  0.189	  0.876	 -0.444

9 	  56.43	 -12.52	  -4.87
	  0.958	  0.003	 -0.286
	 -0.063	  0.978	 -0.198
	  0.279	  0.205	  0.938

2 	  32.87	  -7.05	  22.73
	  0.658	  0.752	 -0.023
	 -0.754	  0.657	 -0.018
	  0.003	  0.029	  0.999

3 	  45.76	  -1.90	   2.04
	  0.470	  0.100	  0.877
	 -0.019	  0.994	 -0.104
	 -0.883	  0.032	  0.469

4 	  41.24	   5.26	  -1.95
	  0.519	  0.850	  0.092
	 -0.778	  0.424	  0.463
	  0.356	 -0.312	  0.881

5 	  46.12	   8.40	   8.12
	  0.824	  0.277	  0.493
	 -0.198	 -0.676	  0.710
	  0.531	 -0.682	 -0.503

6 	  54.81	  10.04	  11.06
	  0.858	  0.099	  0.503
	 -0.245	  0.942	  0.230
	 -0.452	 -0.321	  0.832

7 	  40.61	  -7.73	  -2.53
	  0.577	 -0.762	 -0.292
	  0.677	  0.646	 -0.350
	  0.457	  0.004	  0.889

8 	  48.52	 -12.78	  -0.95
	  0.939	 -0.271	 -0.212
	 -0.303	 -0.361	 -0.882
	  0.162	  0.892	 -0.421

9 	  55.42	 -12.50	  -7.70
	  0.896	 -0.012	 -0.443
	 -0.068	  0.984	 -0.162
	  0.439	  0.172	  0.882

2 	  32.87	  -7.05	  22.73
	  0.658	  0.752	 -0.023
	 -0.754	  0.657	 -0.018
	  0.003	  0.029	  0.999

3 	  45.79	  -1.90	   2.02
	  0.468	  0.096	  0.878
	 -0.015	  0.995	 -0.101
	 -0.884	  0.034	  0.467

4 	  41.26	   5.26	  -1.95
	  0.520	  0.849	  0.091
	 -0.778	  0.425	  0.462
	  0.355	 -0.310	  0.881

5 	  46.16	   8.38	   8.09
	  0.826	  0.277	  0.490
	 -0.197	 -0.675	  0.711
	  0.528	 -0.683	 -0.504

6 	  54.88	  10.02	  10.99
	  0.860	  0.098	  0.500
	 -0.241	  0.943	  0.229
	 -0.450	 -0.318	  0.834

7 	  40.41	  -7.54	  -2.60
	  0.566	 -0.743	 -0.357
	  0.661	  0.667	 -0.342
	  0.494	 -0.043	  0.868

8 	  48.04	 -12.66	  -2.25
	  0.904	 -0.286	 -0.317
	 -0.397	 -0.291	 -0.871
	  0.157	  0.913	 -0.376

9 	  54.23	 -12.09	  -9.91
	  0.833	  0.002	 -0.553
	 -0.063	  0.994	 -0.089
	  0.551	  0.104	  0.828

2 	  32.87	  -7.05	  22.73
	  0.658	  0.752	 -0.023
	 -0.754	  0.657	 -0.018
	  0.003	  0.029	  0.999

3 	  45.72	  -1.88	   1.99
	  0.476	  0.082	  0.875
	 -0.009	  0.996	 -0.089
	 -0.879	  0.034	  0.475

4 	  41.17	   5.31	  -1.92
	  0.524	  0.847	  0.088
	 -0.772	  0.428	  0.469
	  0.361	 -0.313	  0.878

5 	  46.16	   8.38	   8.07
	  0.833	  0.271	  0.483
	 -0.192	 -0.677	  0.710
	  0.520	 -0.683	 -0.513

6 	  54.93	   9.95	  10.81
	  0.867	  0.092	  0.489
	 -0.232	  0.945	  0.231
	 -0.441	 -0.314	  0.841

7 	  40.15	  -7.42	  -2.64
	  0.548	 -0.737	 -0.396
	  0.656	  0.671	 -0.344
	  0.520	 -0.072	  0.851

8 	  47.53	 -12.71	  -2.99
	  0.871	 -0.306	 -0.384
	 -0.461	 -0.239	 -0.854
	  0.170	  0.921	 -0.349

9 	  53.30	 -12.04	 -11.13
	  0.790	 -0.003	 -0.612
	 -0.038	  0.998	 -0.051
	  0.612	  0.059	  0.788

2 	  32.87	  -7.05	  22.73
	  0.658	  0.752	 -0.023
	 -0.754	  0.657	 -0.018
	  0.003	  0.029	  0.999

3 	  45.67	  -1.88	   1.95
	  0.480	  0.078	  0.874
	 -0.006	  0.996	 -0.086
	 -0.877	  0.036	  0.478

4 	  41.10	   5.27	  -1.95
	  0.528	  0.845	  0.077
	 -0.766	  0.434	  0.474
	  0.369	 -0.310	  0.876

5 	  46.21	   8.37	   7.96
	  0.840	  0.270	  0.470
	 -0.185	 -0.674	  0.715
	  0.511	 -0.687	 -0.517

6 	  55.00	   9.91	  10.60
	  0.875	  0.089	  0.475
	 -0.222	  0.947	  0.231
	 -0.430	 -0.308	  0.849

7 	  39.97	  -7.42	  -2.62
	  0.525	 -0.735	 -0.430
	  0.653	  0.671	 -0.352
	  0.548	 -0.096	  0.830

8 	  47.06	 -12.81	  -3.71
	  0.835	 -0.318	 -0.449
	 -0.520	 -0.189	 -0.833
	  0.180	  0.929	 -0.323

9 	  52.26	 -12.06	 -12.30
	  0.741	 -0.007	 -0.672
	 -0.007	  1.000	 -0.015
	  0.672	  0.012	  0.740

2 	  32.87	  -7.05	  22.73
	  0.658	  0.753	 -0.023
	 -0.754	  0.657	 -0.018
	  0.003	  0.029	  0.999

3 	  45.65	  -1.97	   1.90
	  0.488	  0.076	  0.869
	 -0.001	  0.996	 -0.087
	 -0.873	  0.042	  0.486

4 	  41.03	   5.13	  -2.06
	  0.535	  0.843	  0.056
	 -0.755	  0.446	  0.480
	  0.380	 -0.299	  0.875

5 	  46.35	   8.33	   7.70
	  0.853	  0.267	  0.448
	 -0.175	 -0.663	  0.727
	  0.492	 -0.698	 -0.520

6 	  55.23	   9.70	  10.02
	  0.892	  0.077	  0.444
	 -0.196	  0.953	  0.228
	 -0.407	 -0.291	  0.866

7 	  39.74	  -7.40	  -2.62
	  0.489	 -0.738	 -0.464
	  0.655	  0.662	 -0.365
	  0.577	 -0.126	  0.806

8 	  46.53	 -12.90	  -4.36
	  0.795	 -0.331	 -0.507
	 -0.575	 -0.147	 -0.805
	  0.192	  0.932	 -0.307

9 	  51.28	 -12.15	 -13.25
	  0.694	 -0.015	 -0.719
	  0.025	  1.000	  0.006
	  0.719	 -0.025	  0.694

2 	  32.87	  -7.05	  22.73
	  0.658	  0.752	 -0.023
	 -0.754	  0.657	 -0.018
	  0.003	  0.029	  0.999

3 	  45.65	  -2.07	   1.78
	  0.508	  0.074	  0.858
	  0.007	  0.996	 -0.090
	 -0.861	  0.051	  0.505

4 	  40.99	   5.08	  -2.11
	  0.540	  0.841	  0.039
	 -0.746	  0.455	  0.487
	  0.393	 -0.291	  0.872

5 	  46.53	   8.28	   7.49
	  0.863	  0.263	  0.430
	 -0.167	 -0.656	  0.735
	  0.477	 -0.706	 -0.523

6 	  55.48	   9.56	   9.53
	  0.905	  0.069	  0.420
	 -0.177	  0.958	  0.224
	 -0.387	 -0.277	  0.879

7 	  39.53	  -7.35	  -2.65
	  0.454	 -0.735	 -0.504
	  0.651	  0.659	 -0.376
	  0.609	 -0.157	  0.777

8 	  45.95	 -12.97	  -4.97
	  0.751	 -0.341	 -0.565
	 -0.626	 -0.096	 -0.774
	  0.210	  0.935	 -0.286

9 	  50.12	 -12.02	 -14.29
	  0.634	 -0.004	 -0.773
	  0.046	  0.998	  0.036
	  0.772	 -0.062	  0.632

2 	  32.87	  -7.05	  22.73
	  0.658	  0.753	 -0.023
	 -0.754	  0.657	 -0.018
	  0.003	  0.029	  0.999

3 	  45.63	  -2.11	   1.69
	  0.524	  0.068	  0.849
	  0.011	  0.996	 -0.086
	 -0.852	  0.054	  0.521

4 	  40.92	   5.03	  -2.16
	  0.546	  0.837	  0.025
	 -0.734	  0.463	  0.496
	  0.405	 -0.288	  0.867

5 	  46.60	   8.24	   7.31
	  0.872	  0.259	  0.414
	 -0.159	 -0.652	  0.741
	  0.463	 -0.712	 -0.529

6 	  55.58	   9.46	   9.21
	  0.913	  0.061	  0.403
	 -0.163	  0.961	  0.224
	 -0.373	 -0.271	  0.887

7 	  39.22	  -7.19	  -2.69
	  0.410	 -0.734	 -0.542
	  0.652	  0.651	 -0.389
	  0.639	 -0.193	  0.744

8 	  45.35	 -12.96	  -5.48
	  0.708	 -0.352	 -0.611
	 -0.669	 -0.059	 -0.741
	  0.225	  0.934	 -0.277

9 	  49.04	 -11.94	 -15.01
	  0.585	  0.002	 -0.811
	  0.064	  0.996	  0.053
	  0.809	 -0.087	  0.581

2 	  32.87	  -7.07	  22.73
	  0.658	  0.752	 -0.023
	 -0.754	  0.657	 -0.018
	  0.003	  0.029	  0.999

3 	  45.56	  -2.09	   1.60
	  0.533	  0.054	  0.844
	  0.019	  0.997	 -0.077
	 -0.846	  0.057	  0.531

4 	  40.89	   5.12	  -2.14
	  0.552	  0.834	  0.022
	 -0.726	  0.465	  0.506
	  0.414	 -0.295	  0.861

5 	  46.65	   8.23	   7.29
	  0.877	  0.251	  0.409
	 -0.159	 -0.653	  0.740
	  0.453	 -0.714	 -0.534

6 	  55.63	   9.37	   9.05
	  0.918	  0.054	  0.393
	 -0.154	  0.962	  0.226
	 -0.366	 -0.269	  0.891

7 	  39.09	  -7.10	  -2.72
	  0.393	 -0.730	 -0.558
	  0.651	  0.650	 -0.393
	  0.651	 -0.209	  0.730

8 	  45.09	 -12.90	  -5.66
	  0.691	 -0.358	 -0.627
	 -0.684	 -0.043	 -0.729
	  0.235	  0.932	 -0.274

9 	  48.64	 -11.81	 -15.24
	  0.563	  0.012	 -0.826
	  0.068	  0.995	  0.064
	  0.823	 -0.095	  0.560

2 	  32.87	  -7.07	  22.73
	  0.658	  0.752	 -0.023
	 -0.754	  0.657	 -0.018
	  0.003	  0.029	  0.999

3 	  45.56	  -2.09	   1.60
	  0.533	  0.051	  0.844
	  0.020	  0.997	 -0.074
	 -0.846	  0.056	  0.530

4 	  40.87	   5.12	  -2.14
	  0.552	  0.833	  0.020
	 -0.724	  0.467	  0.507
	  0.415	 -0.295	  0.861

5 	  46.67	   8.21	   7.28
	  0.880	  0.248	  0.406
	 -0.158	 -0.654	  0.740
	  0.449	 -0.714	 -0.536

6 	  55.71	   9.26	   8.88
	  0.923	  0.046	  0.382
	 -0.143	  0.963	  0.229
	 -0.358	 -0.267	  0.895

7 	  39.02	  -7.07	  -2.76
	  0.382	 -0.726	 -0.573
	  0.651	  0.650	 -0.392
	  0.658	 -0.223	  0.719

8 	  44.93	 -12.87	  -5.84
	  0.679	 -0.355	 -0.642
	 -0.696	 -0.032	 -0.718
	  0.235	  0.934	 -0.268

9 	  48.27	 -11.62	 -15.54
	  0.542	  0.027	 -0.840
	  0.059	  0.995	  0.074
	  0.838	 -0.093	  0.537

2 	  32.87	  -7.07	  22.73
	  0.658	  0.752	 -0.023
	 -0.754	  0.657	 -0.018
	  0.003	  0.029	  0.999

3 	  45.54	  -2.13	   1.60
	  0.536	  0.046	  0.843
	  0.022	  0.997	 -0.069
	 -0.844	  0.056	  0.533

4 	  40.87	   5.10	  -2.14
	  0.555	  0.831	  0.017
	 -0.722	  0.470	  0.508
	  0.416	 -0.294	  0.860

5 	  46.74	   8.16	   7.24
	  0.883	  0.242	  0.401
	 -0.159	 -0.652	  0.741
	  0.442	 -0.718	 -0.538

6 	  55.74	   9.19	   8.84
	  0.924	  0.040	  0.379
	 -0.136	  0.964	  0.229
	 -0.356	 -0.264	  0.896

7 	  38.94	  -7.03	  -2.78
	  0.363	 -0.721	 -0.590
	  0.648	  0.650	 -0.397
	  0.670	 -0.239	  0.702

8 	  44.70	 -12.83	  -6.12
	  0.657	 -0.353	 -0.666
	 -0.717	 -0.018	 -0.697
	  0.234	  0.935	 -0.265

9 	  47.74	 -11.55	 -15.93
	  0.507	  0.039	 -0.861
	  0.057	  0.995	  0.083
	  0.860	 -0.095	  0.501

2 	  32.87	  -7.07	  22.75
	  0.658	  0.752	 -0.023
	 -0.754	  0.657	 -0.018
	  0.003	  0.029	  0.999

3 	  45.53	  -2.16	   1.58
	  0.541	  0.039	  0.840
	  0.029	  0.997	 -0.065
	 -0.840	  0.059	  0.538

4 	  40.87	   5.10	  -2.16
	  0.560	  0.828	  0.013
	 -0.717	  0.476	  0.509
	  0.417	 -0.294	  0.859

5 	  46.81	   8.14	   7.15
	  0.887	  0.238	  0.395
	 -0.157	 -0.651	  0.743
	  0.434	 -0.720	 -0.541

6 	  55.83	   9.11	   8.70
	  0.928	  0.035	  0.370
	 -0.127	  0.965	  0.227
	 -0.350	 -0.259	  0.900

7 	  38.79	  -6.94	  -2.83
	  0.346	 -0.716	 -0.606
	  0.649	  0.649	 -0.397
	  0.678	 -0.256	  0.688

8 	  44.46	 -12.80	  -6.26
	  0.643	 -0.355	 -0.679
	 -0.726	  0.001	 -0.688
	  0.245	  0.935	 -0.257

9 	  47.39	 -11.41	 -16.12
	  0.493	  0.051	 -0.868
	  0.061	  0.993	  0.097
	  0.868	 -0.104	  0.486

2 	  32.87	  -7.05	  22.73
	  0.658	  0.752	 -0.023
	 -0.754	  0.657	 -0.018
	  0.003	  0.029	  0.999

3 	  45.51	  -2.18	   1.53
	  0.544	  0.032	  0.838
	  0.033	  0.997	 -0.060
	 -0.838	  0.061	  0.541

4 	  40.89	   5.10	  -2.16
	  0.564	  0.825	  0.006
	 -0.711	  0.481	  0.513
	  0.422	 -0.294	  0.858

5 	  46.86	   8.12	   7.14
	  0.890	  0.235	  0.391
	 -0.155	 -0.650	  0.743
	  0.430	 -0.722	 -0.543

6 	  55.86	   9.04	   8.58
	  0.931	  0.030	  0.363
	 -0.120	  0.966	  0.227
	 -0.344	 -0.256	  0.903

7 	  38.72	  -6.89	  -2.87
	  0.330	 -0.712	 -0.619
	  0.651	  0.646	 -0.398
	  0.684	 -0.272	  0.677

8 	  44.21	 -12.76	  -6.43
	  0.625	 -0.361	 -0.693
	 -0.738	  0.018	 -0.675
	  0.257	  0.932	 -0.254

9 	  46.99	 -11.34	 -16.38
	  0.475	  0.053	 -0.878
	  0.079	  0.991	  0.106
	  0.877	 -0.122	  0.465

2 	  32.87	  -7.05	  22.73
	  0.658	  0.752	 -0.023
	 -0.754	  0.657	 -0.018
	  0.003	  0.029	  0.999

3 	  45.53	  -2.20	   1.48
	  0.552	  0.020	  0.833
	  0.044	  0.997	 -0.054
	 -0.833	  0.066	  0.549

4 	  40.90	   5.15	  -2.20
	  0.569	  0.822	  0.000
	 -0.705	  0.486	  0.516
	  0.426	 -0.294	  0.855

5 	  46.97	   8.14	   7.05
	  0.893	  0.233	  0.383
	 -0.151	 -0.650	  0.745
	  0.423	 -0.723	 -0.546

6 	  55.97	   8.96	   8.42
	  0.935	  0.023	  0.354
	 -0.111	  0.967	  0.229
	 -0.338	 -0.254	  0.906

7 	  38.55	  -6.71	  -2.88
	  0.304	 -0.708	 -0.637
	  0.654	  0.641	 -0.401
	  0.693	 -0.295	  0.657

8 	  43.82	 -12.69	  -6.61
	  0.600	 -0.368	 -0.710
	 -0.753	  0.042	 -0.657
	  0.272	  0.929	 -0.251

9 	  46.35	 -11.20	 -16.66
	  0.447	  0.062	 -0.892
	  0.094	  0.988	  0.120
	  0.889	 -0.140	  0.435

2 	  32.87	  -7.05	  22.73
	  0.658	  0.752	 -0.023
	 -0.754	  0.657	 -0.018
	  0.003	  0.029	  0.999

3 	  45.46	  -2.16	   1.37
	  0.565	  0.009	  0.825
	  0.049	  0.998	 -0.045
	 -0.824	  0.066	  0.563

4 	  40.82	   5.20	  -2.18
	  0.573	  0.820	 -0.002
	 -0.698	  0.488	  0.524
	  0.432	 -0.298	  0.851

5 	  46.97	   8.12	   7.03
	  0.897	  0.226	  0.380
	 -0.151	 -0.652	  0.743
	  0.416	 -0.723	 -0.552

6 	  56.00	   8.91	   8.33
	  0.937	  0.018	  0.349
	 -0.105	  0.967	  0.231
	 -0.334	 -0.254	  0.908

7 	  38.34	  -6.61	  -2.90
	  0.287	 -0.699	 -0.655
	  0.649	  0.644	 -0.405
	  0.705	 -0.309	  0.638

8 	  43.45	 -12.57	  -6.87
	  0.578	 -0.364	 -0.731
	 -0.768	  0.059	 -0.637
	  0.276	  0.929	 -0.245

9 	  45.69	 -10.88	 -16.95
	  0.421	  0.077	 -0.904
	  0.120	  0.983	  0.141
	  0.899	 -0.169	  0.404

2 	  32.87	  -7.05	  22.73
	  0.658	  0.752	 -0.023
	 -0.754	  0.657	 -0.018
	  0.003	  0.029	  0.999

3 	  45.32	  -2.13	   1.32
	  0.579	 -0.001	  0.815
	  0.054	  0.998	 -0.037
	 -0.813	  0.065	  0.578

4 	  40.64	   5.27	  -2.18
	  0.573	  0.819	 -0.007
	 -0.690	  0.486	  0.536
	  0.444	 -0.302	  0.843

5 	  46.92	   8.14	   6.96
	  0.902	  0.222	  0.370
	 -0.145	 -0.653	  0.743
	  0.407	 -0.723	 -0.557

6 	  56.02	   8.86	   8.16
	  0.941	  0.012	  0.337
	 -0.096	  0.967	  0.234
	 -0.324	 -0.254	  0.911

7 	  38.04	  -6.49	  -2.94
	  0.251	 -0.691	 -0.678
	  0.646	  0.640	 -0.415
	  0.721	 -0.334	  0.607

8 	  42.91	 -12.46	  -7.15
	  0.545	 -0.361	 -0.757
	 -0.788	  0.087	 -0.609
	  0.287	  0.928	 -0.237

9 	  44.84	 -10.65	 -17.30
	  0.382	  0.091	 -0.919
	  0.126	  0.980	  0.152
	  0.915	 -0.176	  0.363

2 	  32.87	  -7.05	  22.73
	  0.658	  0.752	 -0.023
	 -0.754	  0.657	 -0.018
	  0.003	  0.029	  0.999

3 	  45.26	  -2.14	   1.23
	  0.588	 -0.012	  0.808
	  0.057	  0.998	 -0.026
	 -0.807	  0.061	  0.588

4 	  40.61	   5.27	  -2.18
	  0.577	  0.817	 -0.008
	 -0.686	  0.488	  0.539
	  0.447	 -0.305	  0.841

5 	  46.92	   8.14	   6.96
	  0.903	  0.219	  0.369
	 -0.146	 -0.654	  0.742
	  0.405	 -0.724	 -0.559

6 	  56.00	   8.82	   8.14
	  0.942	  0.008	  0.336
	 -0.092	  0.968	  0.234
	 -0.323	 -0.253	  0.912

7 	  38.02	  -6.42	  -2.99
	  0.238	 -0.686	 -0.688
	  0.651	  0.637	 -0.412
	  0.722	 -0.350	  0.597

8 	  42.84	 -12.45	  -7.24
	  0.538	 -0.363	 -0.761
	 -0.789	  0.101	 -0.606
	  0.298	  0.926	 -0.232

9 	  44.79	 -10.55	 -17.37
	  0.380	  0.102	 -0.919
	  0.132	  0.977	  0.165
	  0.915	 -0.186	  0.357

2 	  32.87	  -7.05	  22.75
	  0.658	  0.753	 -0.023
	 -0.754	  0.657	 -0.018
	  0.003	  0.029	  0.999

3 	  45.33	  -2.18	   1.21
	  0.585	 -0.020	  0.810
	  0.064	  0.997	 -0.022
	 -0.808	  0.065	  0.585

4 	  40.73	   5.27	  -2.18
	  0.579	  0.815	 -0.005
	 -0.686	  0.490	  0.537
	  0.442	 -0.308	  0.842

5 	  46.95	   8.10	   7.01
	  0.901	  0.216	  0.376
	 -0.153	 -0.654	  0.740
	  0.407	 -0.724	 -0.557

6 	  56.04	   8.77	   8.17
	  0.941	  0.005	  0.338
	 -0.089	  0.968	  0.234
	 -0.327	 -0.252	  0.911

7 	  38.04	  -6.40	  -3.02
	  0.236	 -0.684	 -0.691
	  0.652	  0.637	 -0.410
	  0.721	 -0.354	  0.596

8 	  42.86	 -12.41	  -7.29
	  0.537	 -0.362	 -0.762
	 -0.789	  0.105	 -0.606
	  0.300	  0.926	 -0.229

9 	  44.84	 -10.37	 -17.38
	  0.380	  0.120	 -0.917
	  0.131	  0.974	  0.184
	  0.916	 -0.192	  0.353

2 	  32.87	  -7.05	  22.73
	  0.658	  0.752	 -0.023
	 -0.754	  0.657	 -0.018
	  0.003	  0.029	  0.999

3 	  45.33	  -2.16	   1.21
	  0.584	 -0.021	  0.811
	  0.065	  0.997	 -0.022
	 -0.809	  0.065	  0.584

4 	  40.68	   5.29	  -2.16
	  0.577	  0.817	 -0.007
	 -0.687	  0.489	  0.537
	  0.444	 -0.305	  0.842

5 	  46.93	   8.10	   6.98
	  0.903	  0.216	  0.370
	 -0.146	 -0.657	  0.739
	  0.403	 -0.722	 -0.563

6 	  56.06	   8.72	   8.05
	  0.944	  0.001	  0.329
	 -0.084	  0.968	  0.237
	 -0.319	 -0.252	  0.914

7 	  37.99	  -6.36	  -3.04
	  0.234	 -0.677	 -0.698
	  0.649	  0.642	 -0.407
	  0.724	 -0.358	  0.589

8 	  42.82	 -12.34	  -7.38
	  0.536	 -0.353	 -0.766
	 -0.791	  0.106	 -0.602
	  0.295	  0.929	 -0.223

9 	  44.70	 -10.12	 -17.47
	  0.370	  0.138	 -0.918
	  0.123	  0.972	  0.198
	  0.920	 -0.188	  0.342

2 	  32.87	  -7.07	  22.73
	  0.658	  0.752	 -0.023
	 -0.754	  0.657	 -0.018
	  0.003	  0.029	  0.999

3 	  45.26	  -2.16	   1.16
	  0.590	 -0.017	  0.807
	  0.063	  0.997	 -0.025
	 -0.805	  0.065	  0.590

4 	  40.50	   5.20	  -2.25
	  0.579	  0.815	 -0.033
	 -0.672	  0.498	  0.548
	  0.464	 -0.295	  0.835

5 	  47.07	   8.10	   6.64
	  0.917	  0.212	  0.337
	 -0.125	 -0.651	  0.748
	  0.378	 -0.728	 -0.571

6 	  56.21	   8.51	   7.26
	  0.959	 -0.015	  0.283
	 -0.054	  0.970	  0.234
	 -0.278	 -0.241	  0.930

7 	  37.86	  -6.42	  -3.01
	  0.222	 -0.681	 -0.698
	  0.649	  0.637	 -0.416
	  0.728	 -0.360	  0.583

8 	  42.63	 -12.38	  -7.38
	  0.532	 -0.351	 -0.771
	 -0.795	  0.107	 -0.597
	  0.293	  0.930	 -0.222

9 	  44.46	 -10.16	 -17.49
	  0.365	  0.147	 -0.919
	  0.126	  0.970	  0.207
	  0.922	 -0.193	  0.334

2 	  32.87	  -7.05	  22.73
	  0.658	  0.752	 -0.023
	 -0.754	  0.657	 -0.018
	  0.003	  0.029	  0.999

3 	  45.19	  -2.25	   1.11
	  0.596	 -0.015	  0.803
	  0.064	  0.997	 -0.029
	 -0.801	  0.068	  0.595

4 	  40.43	   5.12	  -2.36
	  0.579	  0.814	 -0.049
	 -0.665	  0.505	  0.550
	  0.474	 -0.286	  0.833

5 	  47.07	   8.03	   6.50
	  0.921	  0.211	  0.327
	 -0.119	 -0.649	  0.751
	  0.371	 -0.730	 -0.573

6 	  56.23	   8.44	   6.94
	  0.964	 -0.019	  0.265
	 -0.044	  0.972	  0.229
	 -0.262	 -0.234	  0.936

7 	  37.76	  -6.50	  -2.99
	  0.211	 -0.684	 -0.698
	  0.645	  0.633	 -0.427
	  0.734	 -0.361	  0.575

8 	  42.56	 -12.45	  -7.38
	  0.528	 -0.348	 -0.775
	 -0.801	  0.100	 -0.590
	  0.283	  0.932	 -0.226

9 	  44.28	 -10.20	 -17.51
	  0.348	  0.161	 -0.924
	  0.115	  0.970	  0.214
	  0.930	 -0.182	  0.318

2 	  32.87	  -7.05	  22.75
	  0.658	  0.752	 -0.023
	 -0.754	  0.657	 -0.018
	  0.003	  0.029	  0.999

3 	  45.18	  -2.30	   1.09
	  0.593	 -0.017	  0.805
	  0.068	  0.997	 -0.029
	 -0.803	  0.072	  0.592

4 	  40.71	   5.17	  -2.21
	  0.593	  0.805	 -0.014
	 -0.671	  0.503	  0.545
	  0.447	 -0.313	  0.838

5 	  47.07	   7.89	   6.86
	  0.909	  0.198	  0.365
	 -0.154	 -0.655	  0.739
	  0.386	 -0.728	 -0.566

6 	  56.20	   8.16	   8.00
	  0.945	 -0.031	  0.324
	 -0.048	  0.971	  0.233
	 -0.322	 -0.237	  0.916

7 	  38.02	  -6.35	  -3.15
	  0.231	 -0.682	 -0.694
	  0.671	  0.628	 -0.394
	  0.705	 -0.375	  0.602

8 	  42.93	 -12.39	  -7.33
	  0.557	 -0.365	 -0.746
	 -0.763	  0.130	 -0.633
	  0.329	  0.922	 -0.206

9 	  45.46	 -10.07	 -17.23
	  0.424	  0.141	 -0.894
	  0.154	  0.961	  0.227
	  0.892	 -0.236	  0.385

2 	  32.87	  -7.05	  22.73
	  0.658	  0.752	 -0.023
	 -0.754	  0.657	 -0.018
	  0.003	  0.029	  0.999

3 	  45.46	  -2.25	   1.34
	  0.555	 -0.040	  0.830
	  0.089	  0.996	 -0.012
	 -0.827	  0.081	  0.556

4 	  41.13	   5.36	  -2.14
	  0.595	  0.803	  0.022
	 -0.691	  0.496	  0.525
	  0.413	 -0.328	  0.849

5 	  47.09	   7.89	   7.29
	  0.892	  0.187	  0.410
	 -0.193	 -0.664	  0.722
	  0.408	 -0.723	 -0.557

6 	  56.14	   8.14	   8.75
	  0.930	 -0.036	  0.364
	 -0.056	  0.969	  0.238
	 -0.362	 -0.244	  0.900

7 	  38.39	  -6.28	  -3.22
	  0.263	 -0.672	 -0.692
	  0.669	  0.643	 -0.371
	  0.695	 -0.366	  0.619

8 	  43.51	 -12.18	  -7.26
	  0.586	 -0.352	 -0.730
	 -0.749	  0.108	 -0.653
	  0.310	  0.929	 -0.201

9 	  46.12	 -10.02	 -17.09
	  0.440	  0.131	 -0.888
	  0.116	  0.972	  0.203
	  0.890	 -0.195	  0.411

2 	  32.87	  -7.07	  22.73
	  0.658	  0.752	 -0.023
	 -0.754	  0.657	 -0.018
	  0.003	  0.029	  0.999

3 	  45.49	  -2.14	   1.55
	  0.533	 -0.023	  0.845
	  0.065	  0.998	 -0.014
	 -0.843	  0.062	  0.533

4 	  41.10	   5.34	  -2.14
	  0.586	  0.810	  0.025
	 -0.701	  0.491	  0.517
	  0.408	 -0.320	  0.855

5 	  47.00	   7.96	   7.37
	  0.890	  0.196	  0.411
	 -0.187	 -0.666	  0.722
	  0.417	 -0.719	 -0.557

6 	  56.09	   8.24	   8.86
	  0.929	 -0.031	  0.369
	 -0.062	  0.969	  0.238
	 -0.365	 -0.246	  0.898

7 	  38.48	  -6.42	  -3.20
	  0.297	 -0.669	 -0.681
	  0.660	  0.658	 -0.360
	  0.690	 -0.343	  0.637

8 	  43.98	 -12.13	  -7.01
	  0.628	 -0.330	 -0.705
	 -0.727	  0.076	 -0.682
	  0.279	  0.941	 -0.192

9 	  47.02	  -9.81	 -16.66
	  0.484	  0.149	 -0.862
	  0.085	  0.972	  0.219
	  0.871	 -0.181	  0.457

2 	  32.87	  -7.05	  22.75
	  0.658	  0.752	 -0.023
	 -0.754	  0.657	 -0.018
	  0.003	  0.029	  0.999

3 	  45.44	  -2.20	   1.65
	  0.524	 -0.011	  0.851
	  0.053	  0.998	 -0.020
	 -0.850	  0.056	  0.523

4 	  40.99	   5.26	  -2.13
	  0.580	  0.814	  0.029
	 -0.711	  0.487	  0.507
	  0.400	 -0.315	  0.861

5 	  46.71	   7.91	   7.52
	  0.878	  0.202	  0.433
	 -0.202	 -0.666	  0.717
	  0.434	 -0.717	 -0.545

6 	  55.71	   8.40	   9.40
	  0.914	 -0.017	  0.404
	 -0.084	  0.969	  0.231
	 -0.396	 -0.247	  0.885

7 	  38.55	  -6.54	  -3.16
	  0.312	 -0.671	 -0.673
	  0.656	  0.664	 -0.359
	  0.688	 -0.330	  0.646

8 	  44.24	 -12.25	  -6.80
	  0.654	 -0.328	 -0.682
	 -0.706	  0.060	 -0.706
	  0.273	  0.942	 -0.192

9 	  47.62	  -9.93	 -16.28
	  0.520	  0.146	 -0.841
	  0.077	  0.973	  0.219
	  0.850	 -0.181	  0.494

2 	  32.87	  -7.05	  22.73
	  0.658	  0.752	 -0.023
	 -0.754	  0.657	 -0.018
	  0.003	  0.029	  0.999

3 	  45.46	  -2.21	   1.65
	  0.522	 -0.005	  0.853
	  0.054	  0.998	 -0.027
	 -0.851	  0.060	  0.521

4 	  41.03	   5.26	  -2.13
	  0.577	  0.816	  0.031
	 -0.714	  0.484	  0.505
	  0.399	 -0.314	  0.862

5 	  46.60	   7.96	   7.59
	  0.869	  0.212	  0.446
	 -0.207	 -0.665	  0.717
	  0.450	 -0.715	 -0.535

6 	  55.60	   8.49	   9.63
	  0.906	 -0.007	  0.423
	 -0.095	  0.970	  0.221
	 -0.413	 -0.242	  0.878

7 	  38.64	  -6.63	  -3.13
	  0.324	 -0.677	 -0.661
	  0.656	  0.663	 -0.359
	  0.682	 -0.318	  0.658

8 	  44.53	 -12.43	  -6.49
	  0.678	 -0.337	 -0.653
	 -0.683	  0.041	 -0.729
	  0.273	  0.940	 -0.201

9 	  48.18	 -10.25	 -15.84
	  0.555	  0.134	 -0.821
	  0.072	  0.974	  0.212
	  0.829	 -0.180	  0.530

2 	  32.87	  -7.05	  22.73
	  0.658	  0.752	 -0.023
	 -0.754	  0.657	 -0.018
	  0.003	  0.029	  0.999

3 	  45.53	  -2.23	   1.62
	  0.518	  0.004	  0.855
	  0.056	  0.998	 -0.038
	 -0.854	  0.067	  0.516

4 	  41.12	   5.20	  -2.16
	  0.575	  0.817	  0.040
	 -0.718	  0.480	  0.503
	  0.393	 -0.318	  0.863

5 	  46.44	   7.95	   7.73
	  0.853	  0.214	  0.475
	 -0.230	 -0.664	  0.711
	  0.469	 -0.715	 -0.518

6 	  55.34	   8.54	  10.25
	  0.884	  0.002	  0.466
	 -0.113	  0.971	  0.209
	 -0.453	 -0.239	  0.859

7 	  38.71	  -6.71	  -3.11
	  0.332	 -0.682	 -0.652
	  0.657	  0.662	 -0.359
	  0.677	 -0.310	  0.667

8 	  44.88	 -12.55	  -6.15
	  0.706	 -0.338	 -0.622
	 -0.660	  0.002	 -0.751
	  0.255	  0.941	 -0.221

9 	  48.88	 -10.48	 -15.33
	  0.586	  0.125	 -0.800
	  0.045	  0.980	  0.191
	  0.809	 -0.151	  0.568

2 	  32.87	  -7.05	  22.73
	  0.658	  0.752	 -0.023
	 -0.754	  0.657	 -0.018
	  0.003	  0.029	  0.999

3 	  45.53	  -2.27	   1.65
	  0.511	  0.010	  0.859
	  0.058	  0.997	 -0.046
	 -0.858	  0.073	  0.509

4 	  41.12	   5.19	  -2.18
	  0.574	  0.818	  0.046
	 -0.722	  0.478	  0.500
	  0.388	 -0.319	  0.864

5 	  46.32	   7.91	   7.84
	  0.846	  0.212	  0.489
	 -0.242	 -0.667	  0.705
	  0.477	 -0.714	 -0.513

6 	  55.16	   8.56	  10.58
