2 	  32.87	  -7.07	  22.75
	  0.658	  0.753	 -0.023
	 -0.754	  0.657	 -0.018
	  0.003	  0.029	  0.999

3 	  46.16	  -2.44	   2.18
	  0.479	  0.172	  0.860
	 -0.154	  0.982	 -0.113
	 -0.865	 -0.077	  0.496

4 	  41.47	   3.88	  -3.69
	  0.561	  0.812	 -0.160
	 -0.708	  0.570	  0.416
	  0.430	 -0.120	  0.894

5 	  46.46	   7.35	   6.29
	  0.805	  0.043	  0.591
	 -0.517	 -0.439	  0.735
	  0.292	 -0.897	 -0.332

6 	  51.21	  -0.54	   4.17
	  0.271	 -0.937	 -0.221
	  0.761	  0.066	  0.645
	 -0.593	 -0.340	  0.730

7 	  40.94	  -8.12	  -3.20
	  0.559	 -0.792	 -0.245
	  0.689	  0.608	 -0.393
	  0.462	  0.051	  0.885

8 	  48.13	 -10.55	   5.96
	  0.823	  0.178	  0.539
	  0.568	 -0.257	 -0.782
	 -0.004	  0.950	 -0.312

9 	  51.57	  -1.35	   6.38
	  0.125	  0.986	  0.105
	 -0.973	  0.142	 -0.181
	 -0.193	 -0.080	  0.978

2 	  32.87	  -7.05	  22.73
	  0.658	  0.752	 -0.023
	 -0.754	  0.657	 -0.018
	  0.003	  0.029	  0.999

3 	  46.16	  -2.46	   2.18
	  0.480	  0.173	  0.859
	 -0.155	  0.981	 -0.113
	 -0.864	 -0.078	  0.498

4 	  41.50	   3.83	  -3.69
	  0.559	  0.814	 -0.157
	 -0.715	  0.568	  0.407
	  0.422	 -0.115	  0.899

5 	  46.21	   7.33	   6.45
	  0.786	  0.048	  0.616
	 -0.535	 -0.448	  0.716
	  0.312	 -0.892	 -0.327

6 	  51.06	  -0.58	   4.52
	  0.284	 -0.938	 -0.197
	  0.740	  0.081	  0.667
	 -0.612	 -0.332	  0.717

7 	  40.96	  -8.17	  -3.16
	  0.565	 -0.791	 -0.236
	  0.691	  0.608	 -0.389
	  0.453	  0.056	  0.890

8 	  48.04	 -10.51	   6.15
	  0.808	  0.188	  0.558
	  0.590	 -0.245	 -0.770
	 -0.010	  0.951	 -0.308

9 	  51.45	  -1.30	   6.57
	  0.119	  0.988	  0.099
	 -0.967	  0.137	 -0.216
	 -0.227	 -0.071	  0.971

2 	  32.87	  -7.07	  22.75
	  0.658	  0.753	 -0.023
	 -0.754	  0.657	 -0.018
	  0.003	  0.029	  0.999

3 	  46.12	  -2.50	   2.21
	  0.479	  0.185	  0.858
	 -0.158	  0.979	 -0.125
	 -0.864	 -0.074	  0.498

4 	  41.43	   3.74	  -3.76
	  0.557	  0.813	 -0.165
	 -0.713	  0.570	  0.408
	  0.428	 -0.109	  0.897

5 	  46.25	   7.29	   6.28
	  0.799	  0.053	  0.599
	 -0.519	 -0.444	  0.730
	  0.306	 -0.894	 -0.328

6 	  51.19	  -0.51	   4.17
	  0.286	 -0.931	 -0.227
	  0.757	  0.071	  0.649
	 -0.592	 -0.354	  0.724

7 	  40.85	  -8.14	  -3.23
	  0.562	 -0.790	 -0.245
	  0.686	  0.609	 -0.397
	  0.465	  0.054	  0.883

8 	  48.09	 -10.60	   5.85
	  0.831	  0.173	  0.529
	  0.557	 -0.263	 -0.788
	  0.000	  0.949	 -0.314

9 	  51.79	  -1.46	   6.03
	  0.143	  0.981	  0.131
	 -0.971	  0.164	 -0.173
	 -0.192	 -0.103	  0.976

2 	  32.87	  -7.07	  22.73
	  0.658	  0.752	 -0.023
	 -0.754	  0.657	 -0.018
	  0.003	  0.029	  0.999

3 	  46.07	  -2.53	   2.14
	  0.487	  0.190	  0.852
	 -0.141	  0.980	 -0.139
	 -0.862	 -0.052	  0.504

4 	  41.31	   3.69	  -3.83
	  0.555	  0.812	 -0.178
	 -0.705	  0.572	  0.419
	  0.444	 -0.107	  0.889

5 	  46.32	   7.24	   6.13
	  0.814	  0.060	  0.577
	 -0.490	 -0.464	  0.738
	  0.313	 -0.883	 -0.349

6 	  51.45	  -0.16	   3.39
	  0.321	 -0.902	 -0.286
	  0.770	  0.070	  0.634
	 -0.556	 -0.421	  0.717

7 	  40.76	  -8.07	  -3.30
	  0.557	 -0.791	 -0.255
	  0.683	  0.609	 -0.403
	  0.476	  0.049	  0.878

8 	  48.02	 -10.74	   5.64
	  0.851	  0.144	  0.504
	  0.524	 -0.297	 -0.798
	  0.033	  0.944	 -0.327

9 	  52.15	  -1.83	   5.66
	  0.195	  0.973	  0.122
	 -0.964	  0.213	 -0.161
	 -0.183	 -0.087	  0.979

2 	  32.87	  -7.07	  22.73
	  0.658	  0.752	 -0.023
	 -0.754	  0.657	 -0.018
	  0.003	  0.029	  0.999

3 	  46.04	  -2.53	   2.11
	  0.487	  0.188	  0.853
	 -0.123	  0.981	 -0.147
	 -0.865	 -0.033	  0.500

4 	  41.22	   3.73	  -3.83
	  0.554	  0.812	 -0.183
	 -0.700	  0.572	  0.427
	  0.453	 -0.108	  0.885

5 	  46.30	   7.21	   6.12
	  0.836	  0.071	  0.543
	 -0.434	 -0.520	  0.735
	  0.336	 -0.850	 -0.405

6 	  51.77	   0.46	   2.62
	  0.374	 -0.854	 -0.361
	  0.791	  0.088	  0.605
	 -0.488	 -0.508	  0.709

7 	  40.61	  -8.00	  -3.34
	  0.546	 -0.794	 -0.268
	  0.684	  0.606	 -0.406
	  0.486	  0.039	  0.873

8 	  47.95	 -11.07	   5.27
	  0.887	  0.080	  0.455
	  0.452	 -0.356	 -0.818
	  0.095	  0.931	 -0.351

9 	  52.80	  -2.64	   4.64
	  0.290	  0.953	  0.084
	 -0.944	  0.298	 -0.142
	 -0.161	 -0.039	  0.986

2 	  32.87	  -7.05	  22.73
	  0.658	  0.752	 -0.023
	 -0.754	  0.657	 -0.018
	  0.003	  0.029	  0.999

3 	  45.98	  -2.51	   2.02
	  0.498	  0.182	  0.847
	 -0.098	  0.983	 -0.154
	 -0.862	 -0.005	  0.507

4 	  41.08	   3.78	  -3.87
	  0.547	  0.814	 -0.194
	 -0.693	  0.570	  0.442
	  0.472	 -0.107	  0.875

5 	  46.32	   7.24	   5.98
	  0.861	  0.098	  0.499
	 -0.362	 -0.572	  0.736
	  0.359	 -0.813	 -0.458

6 	  52.05	   1.21	   1.79
	  0.421	 -0.799	 -0.429
	  0.816	  0.125	  0.564
	 -0.401	 -0.584	  0.705

7 	  40.38	  -7.88	  -3.46
	  0.529	 -0.796	 -0.294
	  0.681	  0.604	 -0.413
	  0.508	  0.018	  0.861

8 	  47.87	 -11.41	   4.76
	  0.916	  0.017	  0.400
	  0.374	 -0.397	 -0.838
	  0.144	  0.918	 -0.370

9 	  53.09	  -3.25	   3.80
	  0.345	  0.937	  0.049
	 -0.931	  0.348	 -0.107
	 -0.118	 -0.010	  0.993

2 	  32.87	  -7.05	  22.73
	  0.658	  0.752	 -0.023
	 -0.754	  0.657	 -0.018
	  0.003	  0.029	  0.999

3 	  45.95	  -2.51	   1.92
	  0.509	  0.178	  0.842
	 -0.081	  0.984	 -0.160
	 -0.857	  0.014	  0.514

4 	  40.97	   3.78	  -3.92
	  0.544	  0.814	 -0.203
	 -0.686	  0.570	  0.451
	  0.485	 -0.106	  0.868

5 	  46.35	   7.33	   5.82
	  0.876	  0.126	  0.465
	 -0.307	 -0.600	  0.739
	  0.373	 -0.789	 -0.488

6 	  52.17	   1.88	   1.14
	  0.448	 -0.756	 -0.477
	  0.835	  0.161	  0.526
	 -0.325	 -0.632	  0.704

7 	  40.34	  -7.82	  -3.48
	  0.523	 -0.797	 -0.302
	  0.682	  0.603	 -0.414
	  0.514	  0.010	  0.858

8 	  47.76	 -11.67	   4.61
	  0.926	 -0.026	  0.376
	  0.331	 -0.426	 -0.842
	  0.181	  0.904	 -0.386

9 	  53.26	  -3.87	   3.18
	  0.386	  0.922	  0.009
	 -0.918	  0.385	 -0.090
	 -0.087	  0.026	  0.996

2 	  32.87	  -7.05	  22.73
	  0.658	  0.752	 -0.023
	 -0.754	  0.657	 -0.018
	  0.003	  0.029	  0.999

3 	  45.93	  -2.50	   1.92
	  0.504	  0.184	  0.843
	 -0.068	  0.982	 -0.175
	 -0.861	  0.031	  0.507

4 	  40.94	   3.76	  -3.97
	  0.536	  0.817	 -0.212
	 -0.688	  0.567	  0.452
	  0.491	 -0.096	  0.865

5 	  46.30	   7.37	   5.73
	  0.880	  0.144	  0.452
	 -0.278	 -0.617	  0.736
	  0.386	 -0.773	 -0.504

6 	  52.21	   2.37	   0.70
	  0.465	 -0.717	 -0.519
	  0.844	  0.179	  0.506
	 -0.274	 -0.671	  0.689

7 	  40.27	  -7.79	  -3.53
	  0.514	 -0.800	 -0.311
	  0.682	  0.599	 -0.419
	  0.522	  0.003	  0.852

8 	  47.46	 -12.02	   4.54
	  0.929	 -0.090	  0.357
	  0.277	 -0.467	 -0.839
	  0.242	  0.879	 -0.410

9 	  53.49	  -4.83	   2.72
	  0.464	  0.885	 -0.032
	 -0.883	  0.457	 -0.106
	 -0.080	  0.077	  0.994

2 	  32.87	  -7.05	  22.73
	  0.658	  0.753	 -0.023
	 -0.754	  0.657	 -0.018
	  0.003	  0.029	  0.999

3 	  45.93	  -2.48	   1.88
	  0.503	  0.187	  0.844
	 -0.050	  0.980	 -0.189
	 -0.863	  0.053	  0.502

4 	  40.87	   3.74	  -4.01
	  0.530	  0.818	 -0.222
	 -0.688	  0.567	  0.453
	  0.497	 -0.088	  0.863

5 	  46.21	   7.52	   5.59
	  0.884	  0.187	  0.427
	 -0.222	 -0.638	  0.737
	  0.411	 -0.746	 -0.524

6 	  52.24	   3.30	   0.16
	  0.499	 -0.648	 -0.575
	  0.846	  0.218	  0.486
	 -0.193	 -0.728	  0.657

7 	  40.24	  -7.70	  -3.59
	  0.502	 -0.802	 -0.323
	  0.683	  0.596	 -0.423
	  0.533	 -0.009	  0.846

8 	  47.04	 -12.45	   4.48
	  0.930	 -0.184	  0.318
	  0.176	 -0.539	 -0.824
	  0.323	  0.822	 -0.469

9 	  53.67	  -6.43	   1.58
	  0.566	  0.809	 -0.156
	 -0.824	  0.544	 -0.155
	 -0.041	  0.216	  0.976

2 	  32.87	  -7.05	  22.73
	  0.658	  0.753	 -0.023
	 -0.754	  0.657	 -0.018
	  0.003	  0.029	  0.999

3 	  45.91	  -2.44	   1.90
	  0.498	  0.189	  0.846
	 -0.029	  0.979	 -0.203
	 -0.867	  0.076	  0.493

4 	  40.82	   3.74	  -4.04
	  0.521	  0.823	 -0.226
	 -0.693	  0.562	  0.452
	  0.500	 -0.079	  0.862

5 	  46.09	   7.54	   5.61
	  0.883	  0.210	  0.419
	 -0.190	 -0.657	  0.729
	  0.429	 -0.723	 -0.541

6 	  52.19	   3.80	  -0.11
	  0.516	 -0.605	 -0.606
	  0.842	  0.229	  0.487
	 -0.160	 -0.761	  0.629

7 	  40.18	  -7.59	  -3.64
	  0.492	 -0.806	 -0.330
	  0.686	  0.591	 -0.424
	  0.538	 -0.018	  0.843

8 	  46.71	 -12.55	   4.57
	  0.925	 -0.256	  0.281
	  0.070	 -0.613	 -0.787
	  0.374	  0.747	 -0.549

9 	  53.61	  -7.79	   0.65
	  0.633	  0.718	 -0.289
	 -0.774	  0.599	 -0.204
	  0.027	  0.353	  0.935

2 	  32.87	  -7.05	  22.73
	  0.658	  0.753	 -0.023
	 -0.754	  0.657	 -0.018
	  0.003	  0.029	  0.999

3 	  45.88	  -2.44	   1.86
	  0.495	  0.196	  0.846
	 -0.017	  0.976	 -0.217
	 -0.869	  0.093	  0.486

4 	  40.75	   3.60	  -4.13
	  0.510	  0.826	 -0.241
	 -0.697	  0.560	  0.448
	  0.507	 -0.061	  0.860

5 	  45.97	   7.77	   5.36
	  0.882	  0.255	  0.396
	 -0.144	 -0.656	  0.741
	  0.449	 -0.710	 -0.542

6 	  52.14	   4.34	  -0.42
	  0.535	 -0.577	 -0.617
	  0.838	  0.265	  0.477
	 -0.115	 -0.771	  0.626

7 	  40.11	  -7.56	  -3.71
	  0.483	 -0.808	 -0.338
	  0.690	  0.588	 -0.422
	  0.540	 -0.030	  0.841

8 	  46.46	 -12.66	   4.55
	  0.918	 -0.311	  0.245
	 -0.018	 -0.652	 -0.758
	  0.396	  0.691	 -0.604

9 	  53.30	  -9.12	  -0.37
	  0.661	  0.614	 -0.431
	 -0.739	  0.636	 -0.223
	  0.138	  0.466	  0.874

2 	  32.87	  -7.07	  22.73
	  0.658	  0.752	 -0.023
	 -0.754	  0.657	 -0.018
	  0.003	  0.029	  0.999

3 	  45.93	  -2.48	   1.81
	  0.499	  0.197	  0.844
	 -0.004	  0.974	 -0.225
	 -0.867	  0.109	  0.487

4 	  40.73	   3.60	  -4.18
	  0.505	  0.828	 -0.243
	 -0.698	  0.556	  0.450
	  0.510	 -0.058	  0.858

5 	  45.81	   7.75	   5.38
	  0.873	  0.275	  0.402
	 -0.126	 -0.671	  0.731
	  0.471	 -0.688	 -0.552

6 	  52.05	   4.80	  -0.53
	  0.552	 -0.534	 -0.640
	  0.830	  0.279	  0.481
	 -0.081	 -0.797	  0.599

7 	  40.04	  -7.58	  -3.74
	  0.467	 -0.818	 -0.336
	  0.700	  0.573	 -0.426
	  0.542	 -0.036	  0.839

8 	  46.18	 -12.66	   4.80
	  0.905	 -0.359	  0.228
	 -0.101	 -0.702	 -0.705
	  0.413	  0.615	 -0.672

9 	  52.73	 -10.60	  -1.09
	  0.649	  0.477	 -0.593
	 -0.725	  0.626	 -0.288
	  0.236	  0.616	  0.751

2 	  32.87	  -7.05	  22.73
	  0.658	  0.753	 -0.023
	 -0.754	  0.657	 -0.018
	  0.003	  0.029	  0.999

3 	  45.97	  -2.46	   1.72
	  0.506	  0.198	  0.839
	  0.001	  0.973	 -0.230
	 -0.863	  0.117	  0.492

4 	  40.69	   3.60	  -4.24
	  0.486	  0.838	 -0.248
	 -0.708	  0.543	  0.451
	  0.514	 -0.044	  0.856

5 	  45.46	   7.86	   5.47
	  0.854	  0.325	  0.406
	 -0.072	 -0.699	  0.711
	  0.515	 -0.636	 -0.574

6 	  51.79	   5.80	  -0.65
	  0.582	 -0.449	 -0.678
	  0.813	  0.315	  0.489
	 -0.008	 -0.836	  0.549

7 	  40.08	  -7.63	  -3.73
	  0.459	 -0.825	 -0.330
	  0.703	  0.564	 -0.432
	  0.544	 -0.034	  0.838

8 	  46.02	 -12.60	   5.08
	  0.889	 -0.404	  0.216
	 -0.176	 -0.737	 -0.653
	  0.423	  0.542	 -0.726

9 	  52.14	 -12.18	  -1.56
	  0.615	  0.310	 -0.725
	 -0.742	  0.541	 -0.396
	  0.272	  0.781	  0.562

2 	  32.87	  -7.05	  22.73
	  0.658	  0.753	 -0.023
	 -0.754	  0.657	 -0.018
	  0.003	  0.029	  0.999

3 	  46.00	  -2.43	   1.67
	  0.505	  0.197	  0.840
	  0.000	  0.973	 -0.229
	 -0.863	  0.116	  0.492

4 	  40.64	   3.67	  -4.20
	  0.472	  0.846	 -0.247
	 -0.719	  0.530	  0.449
	  0.513	 -0.035	  0.858

5 	  45.21	   7.89	   5.64
	  0.839	  0.357	  0.410
	 -0.029	 -0.724	  0.688
	  0.543	 -0.589	 -0.598

6 	  51.50	   6.57	  -0.70
	  0.588	 -0.376	 -0.716
	  0.807	  0.327	  0.491
	  0.048	 -0.867	  0.496

7 	  40.08	  -7.58	  -3.73
	  0.455	 -0.826	 -0.333
	  0.703	  0.562	 -0.435
	  0.548	 -0.037	  0.835

8 	  45.86	 -12.59	   5.13
	  0.875	 -0.439	  0.204
	 -0.228	 -0.745	 -0.627
	  0.427	  0.503	 -0.751

9 	  51.77	 -13.10	  -1.63
	  0.596	  0.212	 -0.774
	 -0.759	  0.468	 -0.453
	  0.267	  0.857	  0.439

2 	  32.87	  -7.05	  22.73
	  0.658	  0.753	 -0.023
	 -0.754	  0.657	 -0.018
	  0.003	  0.029	  0.999

3 	  46.04	  -2.34	   1.63
	  0.504	  0.190	  0.842
	 -0.000	  0.975	 -0.220
	 -0.864	  0.110	  0.491

4 	  40.57	   3.71	  -4.17
	  0.462	  0.852	 -0.245
	 -0.729	  0.521	  0.445
	  0.508	 -0.026	  0.861

5 	  45.04	   7.95	   5.68
	  0.831	  0.378	  0.407
	  0.001	 -0.734	  0.678
	  0.556	 -0.563	 -0.611

6 	  51.33	   7.07	  -0.74
	  0.592	 -0.332	 -0.734
	  0.803	  0.326	  0.499
	  0.073	 -0.885	  0.459

7 	  40.08	  -7.59	  -3.71
	  0.453	 -0.828	 -0.329
	  0.704	  0.558	 -0.439
	  0.549	 -0.033	  0.835

8 	  45.72	 -12.60	   5.34
	  0.863	 -0.459	  0.213
	 -0.251	 -0.753	 -0.608
	  0.439	  0.471	 -0.765

9 	  51.52	 -13.92	  -1.37
	  0.592	  0.118	 -0.797
	 -0.757	  0.426	 -0.496
	  0.281	  0.897	  0.341

2 	  32.87	  -7.05	  22.73
	  0.658	  0.752	 -0.023
	 -0.754	  0.657	 -0.018
	  0.003	  0.029	  0.999

3 	  46.00	  -2.32	   1.62
	  0.496	  0.198	  0.845
	 -0.005	  0.974	 -0.225
	 -0.869	  0.107	  0.484

4 	  40.45	   3.62	  -4.20
	  0.453	  0.854	 -0.255
	 -0.735	  0.519	  0.437
	  0.507	 -0.010	  0.862

5 	  44.88	   8.03	   5.62
	  0.824	  0.407	  0.392
	  0.034	 -0.728	  0.684
	  0.565	 -0.551	 -0.614

6 	  51.24	   7.47	  -0.90
	  0.604	 -0.295	 -0.740
	  0.794	  0.311	  0.522
	  0.075	 -0.903	  0.422

7 	  40.08	  -7.70	  -3.64
	  0.453	 -0.833	 -0.318
	  0.702	  0.552	 -0.449
	  0.551	 -0.021	  0.834

8 	  45.74	 -12.76	   5.33
	  0.857	 -0.478	  0.191
	 -0.285	 -0.750	 -0.597
	  0.429	  0.458	 -0.779

9 	  51.33	 -14.68	  -1.42
	  0.569	  0.040	 -0.821
	 -0.778	  0.352	 -0.520
	  0.268	  0.935	  0.232

2 	  32.87	  -7.07	  22.73
	  0.658	  0.752	 -0.023
	 -0.754	  0.657	 -0.018
	  0.003	  0.029	  0.999

3 	  45.95	  -2.32	   1.67
	  0.499	  0.204	  0.842
	 -0.014	  0.973	 -0.228
	 -0.867	  0.102	  0.488

4 	  40.32	   3.57	  -4.18
	  0.445	  0.859	 -0.255
	 -0.745	  0.512	  0.427
	  0.498	  0.000	  0.867

5 	  44.61	   7.98	   5.78
	  0.817	  0.417	  0.396
	  0.048	 -0.736	  0.675
	  0.574	 -0.533	 -0.622

6 	  51.01	   7.89	  -0.63
	  0.618	 -0.244	 -0.747
	  0.783	  0.279	  0.556
	  0.072	 -0.929	  0.364

7 	  40.06	  -7.72	  -3.59
	  0.452	 -0.836	 -0.311
	  0.705	  0.548	 -0.450
	  0.548	 -0.016	  0.836

8 	  45.56	 -12.57	   5.59
	  0.852	 -0.481	  0.207
	 -0.296	 -0.769	 -0.566
	  0.432	  0.421	 -0.797

9 	  51.12	 -15.22	  -0.79
	  0.568	 -0.058	 -0.821
	 -0.783	  0.270	 -0.560
	  0.254	  0.961	  0.108

2 	  32.87	  -7.07	  22.73
	  0.658	  0.752	 -0.023
	 -0.754	  0.657	 -0.018
	  0.003	  0.029	  0.999

3 	  45.93	  -2.32	   1.74
	  0.498	  0.205	  0.842
	 -0.020	  0.974	 -0.225
	 -0.867	  0.095	  0.489

4 	  40.32	   3.55	  -4.11
	  0.437	  0.866	 -0.242
	 -0.760	  0.499	  0.416
	  0.483	  0.002	  0.875

5 	  44.37	   7.95	   5.94
	  0.805	  0.428	  0.411
	  0.051	 -0.741	  0.669
	  0.591	 -0.518	 -0.618

6 	  51.03	   8.28	  -0.21
	  0.653	 -0.201	 -0.730
	  0.754	  0.255	  0.604
	  0.064	 -0.946	  0.318

7 	  40.13	  -7.73	  -3.55
	  0.457	 -0.837	 -0.301
	  0.706	  0.546	 -0.451
	  0.543	 -0.007	  0.839

8 	  45.40	 -12.57	   5.77
	  0.837	 -0.499	  0.224
	 -0.311	 -0.770	 -0.557
	  0.451	  0.396	 -0.800

9 	  50.92	 -15.86	  -0.46
	  0.569	 -0.132	 -0.812
	 -0.784	  0.213	 -0.583
	  0.249	  0.968	  0.018

2 	  32.87	  -7.07	  22.73
	  0.658	  0.752	 -0.023
	 -0.754	  0.657	 -0.018
	  0.003	  0.029	  0.999

3 	  45.93	  -2.30	   1.76
	  0.496	  0.205	  0.844
	 -0.022	  0.974	 -0.225
	 -0.868	  0.093	  0.487

4 	  40.32	   3.55	  -4.11
	  0.435	  0.868	 -0.240
	 -0.763	  0.496	  0.415
	  0.481	  0.002	  0.877

5 	  44.31	   7.95	   5.99
	  0.801	  0.430	  0.416
	  0.051	 -0.742	  0.668
	  0.596	 -0.514	 -0.617

6 	  51.05	   8.53	  -0.05
	  0.667	 -0.172	 -0.724
	  0.744	  0.224	  0.630
	  0.052	 -0.959	  0.278

7 	  40.13	  -7.73	  -3.57
	  0.457	 -0.837	 -0.301
	  0.706	  0.546	 -0.451
	  0.543	 -0.007	  0.839

8 	  45.40	 -12.50	   5.82
	  0.833	 -0.506	  0.222
	 -0.331	 -0.778	 -0.534
	  0.443	  0.371	 -0.816

9 	  50.66	 -16.33	  -0.19
	  0.541	 -0.213	 -0.814
	 -0.802	  0.164	 -0.575
	  0.255	  0.963	 -0.082

2 	  32.87	  -7.07	  22.73
	  0.658	  0.752	 -0.023
	 -0.754	  0.657	 -0.018
	  0.003	  0.029	  0.999

3 	  45.91	  -2.25	   1.67
	  0.492	  0.200	  0.847
	 -0.021	  0.975	 -0.219
	 -0.871	  0.090	  0.483

4 	  40.20	   3.59	  -4.18
	  0.419	  0.875	 -0.241
	 -0.768	  0.482	  0.421
	  0.486	  0.009	  0.874

5 	  44.10	   7.96	   5.94
	  0.798	  0.435	  0.417
	  0.059	 -0.745	  0.664
	  0.600	 -0.505	 -0.620

6 	  50.85	   8.68	  -0.14
	  0.673	 -0.151	 -0.724
	  0.737	  0.226	  0.637
	  0.065	 -0.962	  0.264

7 	  40.11	  -7.66	  -3.69
	  0.452	 -0.836	 -0.311
	  0.705	  0.547	 -0.450
	  0.548	 -0.017	  0.836

8 	  45.19	 -12.34	   5.82
	  0.827	 -0.505	  0.247
	 -0.327	 -0.789	 -0.520
	  0.458	  0.350	 -0.817

9 	  50.48	 -16.51	   0.05
	  0.537	 -0.257	 -0.803
	 -0.803	  0.142	 -0.579
	  0.262	  0.956	 -0.130

2 	  32.87	  -7.07	  22.73
	  0.658	  0.752	 -0.023
	 -0.754	  0.657	 -0.018
	  0.003	  0.029	  0.999

3 	  45.98	  -2.16	   1.55
	  0.481	  0.213	  0.850
	 -0.030	  0.973	 -0.227
	 -0.876	  0.083	  0.474

4 	  40.17	   3.46	  -4.36
	  0.393	  0.883	 -0.255
	 -0.782	  0.466	  0.414
	  0.485	  0.037	  0.873

5 	  43.96	   8.05	   5.84
	  0.785	  0.459	  0.416
	  0.082	 -0.742	  0.665
	  0.614	 -0.488	 -0.620

6 	  50.85	   9.37	  -0.02
	  0.696	 -0.078	 -0.714
	  0.712	  0.201	  0.673
	  0.090	 -0.977	  0.196

7 	  40.25	  -7.68	  -3.74
	  0.456	 -0.833	 -0.313
	  0.703	  0.552	 -0.448
	  0.547	 -0.016	  0.837

8 	  45.32	 -12.30	   5.89
	  0.825	 -0.506	  0.250
	 -0.330	 -0.792	 -0.514
	  0.459	  0.342	 -0.820

9 	  50.59	 -16.68	   0.21
	  0.532	 -0.286	 -0.797
	 -0.806	  0.120	 -0.580
	  0.261	  0.951	 -0.167

2 	  32.87	  -7.07	  22.73
	  0.658	  0.752	 -0.023
	 -0.754	  0.657	 -0.018
	  0.003	  0.029	  0.999

3 	  46.05	  -2.11	   1.58
	  0.485	  0.209	  0.849
	 -0.036	  0.975	 -0.220
	 -0.874	  0.077	  0.480

4 	  40.20	   3.62	  -4.22
	  0.390	  0.889	 -0.239
	 -0.792	  0.455	  0.406
	  0.471	  0.032	  0.881

5 	  43.73	   8.00	   6.17
	  0.774	  0.449	  0.446
	  0.066	 -0.758	  0.649
	  0.630	 -0.473	 -0.616

6 	  50.89	   9.74	   0.69
	  0.726	 -0.029	 -0.687
	  0.684	  0.131	  0.717
	  0.067	 -0.991	  0.115

7 	  40.29	  -7.63	  -3.76
	  0.457	 -0.832	 -0.316
	  0.704	  0.554	 -0.444
	  0.546	 -0.020	  0.838

8 	  45.32	 -12.18	   5.94
	  0.827	 -0.498	  0.260
	 -0.321	 -0.799	 -0.509
	  0.462	  0.338	 -0.820

9 	  50.52	 -16.86	   0.67
	  0.524	 -0.351	 -0.776
	 -0.814	  0.063	 -0.577
	  0.250	  0.934	 -0.253

2 	  32.87	  -7.07	  22.73
	  0.658	  0.752	 -0.023
	 -0.754	  0.657	 -0.018
	  0.003	  0.029	  0.999

3 	  46.11	  -2.00	   1.58
	  0.487	  0.202	  0.849
	 -0.040	  0.977	 -0.210
	 -0.873	  0.068	  0.483

4 	  40.18	   3.73	  -4.13
	  0.375	  0.898	 -0.229
	 -0.805	  0.438	  0.399
	  0.460	  0.035	  0.887

5 	  43.56	   8.00	   6.36
	  0.764	  0.451	  0.460
	  0.073	 -0.770	  0.634
	  0.640	 -0.451	 -0.622

6 	  50.70	  10.16	   1.02
	  0.727	  0.031	 -0.686
	  0.682	  0.082	  0.726
	  0.077	 -0.996	  0.039

7 	  40.32	  -7.51	  -3.71
	  0.447	 -0.835	 -0.320
	  0.714	  0.547	 -0.436
	  0.541	 -0.034	  0.840

8 	  45.37	 -11.76	   6.21
	  0.841	 -0.457	  0.290
	 -0.285	 -0.829	 -0.482
	  0.460	  0.323	 -0.827

9 	  50.66	 -16.72	   1.18
	  0.529	 -0.392	 -0.752
	 -0.819	 -0.002	 -0.574
	  0.222	  0.920	 -0.322

2 	  32.87	  -7.07	  22.73
	  0.658	  0.752	 -0.023
	 -0.754	  0.657	 -0.018
	  0.003	  0.029	  0.999

3 	  46.12	  -1.97	   1.60
	  0.483	  0.194	  0.854
	 -0.042	  0.979	 -0.199
	 -0.874	  0.060	  0.481

4 	  40.38	   3.73	  -4.17
	  0.393	  0.895	 -0.213
	 -0.801	  0.446	  0.399
	  0.453	  0.014	  0.891

5 	  43.70	   7.79	   6.43
	  0.774	  0.415	  0.477
	  0.021	 -0.772	  0.635
	  0.632	 -0.481	 -0.607

6 	  51.12	   9.62	   1.32
	  0.759	 -0.022	 -0.650
	  0.647	  0.136	  0.750
	  0.069	 -0.991	  0.117

7 	  40.43	  -7.42	  -3.76
	  0.472	 -0.822	 -0.320
	  0.707	  0.568	 -0.421
	  0.529	 -0.028	  0.848

8 	  45.58	 -12.32	   5.73
	  0.840	 -0.485	  0.243
	 -0.282	 -0.772	 -0.569
	  0.464	  0.410	 -0.785

9 	  51.71	 -16.40	   0.63
	  0.669	 -0.266	 -0.693
	 -0.701	  0.083	 -0.709
	  0.246	  0.960	 -0.131

2 	  32.87	  -7.05	  22.73
	  0.658	  0.752	 -0.023
	 -0.754	  0.657	 -0.018
	  0.003	  0.029	  0.999

3 	  46.12	  -2.02	   1.72
	  0.484	  0.192	  0.854
	 -0.037	  0.979	 -0.200
	 -0.874	  0.065	  0.481

4 	  40.45	   3.69	  -4.17
	  0.410	  0.887	 -0.210
	 -0.789	  0.460	  0.406
	  0.458	 -0.000	  0.888

5 	  43.84	   8.12	   6.21
	  0.772	  0.444	  0.454
	  0.027	 -0.738	  0.674
	  0.635	 -0.508	 -0.582

6 	  51.45	   9.04	   1.20
	  0.786	 -0.120	 -0.607
	  0.618	  0.212	  0.756
	  0.035	 -0.970	  0.241

7 	  40.27	  -7.44	  -3.74
	  0.474	 -0.822	 -0.316
	  0.705	  0.569	 -0.424
	  0.530	 -0.022	  0.848

8 	  45.33	 -12.85	   5.27
	  0.837	 -0.502	  0.215
	 -0.264	 -0.716	 -0.647
	  0.479	  0.485	 -0.731

9 	  52.22	 -15.10	   0.00
	  0.754	 -0.007	 -0.656
	 -0.636	  0.241	 -0.733
	  0.161	  0.971	  0.177

2 	  32.87	  -7.05	  22.73
	  0.658	  0.753	 -0.023
	 -0.754	  0.657	 -0.018
	  0.003	  0.029	  0.999

3 	  45.95	  -2.11	   1.79
	  0.484	  0.205	  0.851
	 -0.028	  0.975	 -0.219
	 -0.875	  0.082	  0.477

4 	  40.36	   3.60	  -4.24
	  0.423	  0.879	 -0.220
	 -0.776	  0.476	  0.413
	  0.469	 -0.004	  0.883

5 	  43.80	   8.47	   5.75
	  0.775	  0.462	  0.430
	  0.011	 -0.692	  0.721
	  0.631	 -0.554	 -0.542

6 	  51.43	   8.12	   0.88
	  0.776	 -0.282	 -0.565
	  0.631	  0.309	  0.712
	 -0.029	 -0.909	  0.417

7 	  40.20	  -7.51	  -3.69
	  0.480	 -0.820	 -0.312
	  0.697	  0.571	 -0.432
	  0.534	 -0.011	  0.845

8 	  45.12	 -13.71	   4.55
	  0.843	 -0.491	  0.217
	 -0.162	 -0.618	 -0.769
	  0.512	  0.614	 -0.601

9 	  52.86	 -13.76	   0.33
	  0.829	  0.250	 -0.500
	 -0.559	  0.337	 -0.758
	 -0.025	  0.908	  0.417

2 	  32.87	  -7.05	  22.75
	  0.658	  0.752	 -0.023
	 -0.754	  0.657	 -0.018
	  0.003	  0.029	  0.999

3 	  45.91	  -2.16	   1.81
	  0.473	  0.216	  0.854
	 -0.028	  0.972	 -0.231
	 -0.881	  0.085	  0.465

4 	  40.41	   3.50	  -4.31
	  0.435	  0.872	 -0.225
	 -0.768	  0.489	  0.412
	  0.471	 -0.006	  0.882

5 	  44.21	   8.21	   5.70
	  0.800	  0.397	  0.450
	 -0.071	 -0.683	  0.727
	  0.596	 -0.613	 -0.518

6 	  51.82	   7.01	   1.00
	  0.755	 -0.361	 -0.548
	  0.650	  0.292	  0.701
	 -0.097	 -0.885	  0.455

7 	  40.27	  -7.68	  -3.62
	  0.493	 -0.820	 -0.290
	  0.693	  0.571	 -0.440
	  0.528	  0.016	  0.849

8 	  45.97	 -13.24	   4.85
	  0.894	 -0.377	  0.241
	 -0.068	 -0.647	 -0.760
	  0.442	  0.662	 -0.604

9 	  53.93	 -12.11	   1.12
	  0.835	  0.359	 -0.416
	 -0.523	  0.280	 -0.805
	 -0.177	  0.891	  0.419

2 	  32.87	  -7.07	  22.73
	  0.658	  0.752	 -0.023
	 -0.754	  0.657	 -0.018
	  0.003	  0.029	  0.999

3 	  45.93	  -2.32	   1.85
	  0.462	  0.228	  0.857
	 -0.035	  0.970	 -0.240
	 -0.886	  0.081	  0.456

4 	  40.52	   3.34	  -4.38
	  0.455	  0.857	 -0.241
	 -0.751	  0.513	  0.415
	  0.481	 -0.008	  0.876

5 	  44.86	   7.91	   5.50
	  0.834	  0.335	  0.438
	 -0.121	 -0.665	  0.737
	  0.538	 -0.667	 -0.515

6 	  52.31	   5.85	   0.77
	  0.720	 -0.432	 -0.542
	  0.676	  0.249	  0.694
	 -0.171	 -0.866	  0.470

7 	  40.32	  -7.84	  -3.57
	  0.509	 -0.816	 -0.275
	  0.688	  0.576	 -0.441
	  0.519	  0.034	  0.854

8 	  47.07	 -12.48	   4.71
	  0.949	 -0.192	  0.247
	  0.074	 -0.628	 -0.775
	  0.304	  0.754	 -0.582

9 	  55.00	  -9.25	   1.86
	  0.779	  0.555	 -0.290
	 -0.507	  0.278	 -0.816
	 -0.380	  0.782	  0.494

2 	  32.87	  -7.05	  22.75
	  0.658	  0.752	 -0.023
	 -0.754	  0.657	 -0.018
	  0.003	  0.029	  0.999

3 	  45.95	  -2.41	   1.85
	  0.465	  0.230	  0.855
	 -0.056	  0.971	 -0.232
	 -0.884	  0.060	  0.464

4 	  40.57	   3.32	  -4.39
	  0.466	  0.850	 -0.245
	 -0.742	  0.525	  0.416
	  0.484	 -0.012	  0.875

5 	  44.95	   7.61	   5.61
	  0.838	  0.271	  0.472
	 -0.198	 -0.658	  0.727
	  0.508	 -0.702	 -0.499

6 	  52.26	   4.68	   1.18
	  0.682	 -0.522	 -0.512
	  0.684	  0.203	  0.700
	 -0.268	 -0.827	  0.495

7 	  40.43	  -7.89	  -3.57
	  0.533	 -0.799	 -0.279
	  0.683	  0.599	 -0.417
	  0.501	  0.031	  0.865

8 	  47.90	 -11.65	   4.57
	  0.948	  0.003	  0.318
	  0.279	 -0.492	 -0.825
	  0.153	  0.871	 -0.467

9 	  54.84	  -5.45	   3.45
	  0.581	  0.812	 -0.053
	 -0.580	  0.361	 -0.731
	 -0.580	  0.452	  0.677

2 	  32.87	  -7.05	  22.75
	  0.658	  0.753	 -0.023
	 -0.754	  0.657	 -0.018
	  0.003	  0.029	  0.999

3 	  46.02	  -2.37	   1.85
	  0.467	  0.223	  0.855
	 -0.089	  0.974	 -0.207
	 -0.880	  0.021	  0.475

4 	  40.66	   3.38	  -4.34
	  0.473	  0.849	 -0.234
	 -0.743	  0.527	  0.412
	  0.475	 -0.021	  0.880

5 	  44.79	   7.47	   5.94
	  0.814	  0.220	  0.537
	 -0.284	 -0.657	  0.698
	  0.508	 -0.720	 -0.473

6 	  52.07	   3.81	   2.06
	  0.664	 -0.584	 -0.467
	  0.659	  0.157	  0.735
	 -0.363	 -0.793	  0.489

7 	  40.55	  -7.82	  -3.69
	  0.547	 -0.784	 -0.295
	  0.681	  0.620	 -0.390
	  0.490	  0.012	  0.871

8 	  48.50	 -10.81	   4.34
	  0.921	  0.124	  0.369
	  0.390	 -0.357	 -0.849
	  0.025	  0.926	 -0.376

9 	  54.14	  -2.99	   4.10
	  0.395	  0.914	  0.081
	 -0.725	  0.362	 -0.587
	 -0.570	  0.169	  0.804

2 	  32.87	  -7.07	  22.73
	  0.658	  0.752	 -0.023
	 -0.754	  0.657	 -0.018
	  0.003	  0.029	  0.999

3 	  46.07	  -2.27	   1.78
	  0.473	  0.207	  0.856
	 -0.116	  0.978	 -0.174
	 -0.874	 -0.017	  0.486

4 	  40.73	   3.55	  -4.31
	  0.471	  0.854	 -0.221
	 -0.746	  0.518	  0.417
	  0.472	 -0.032	  0.881

5 	  44.60	   7.51	   6.15
	  0.790	  0.188	  0.583
	 -0.345	 -0.651	  0.676
	  0.508	 -0.734	 -0.449

6 	  51.75	   3.30	   2.53
	  0.636	 -0.628	 -0.448
	  0.644	  0.108	  0.757
	 -0.434	 -0.767	  0.473

7 	  40.64	  -7.66	  -3.83
	  0.557	 -0.774	 -0.302
	  0.680	  0.633	 -0.370
	  0.479	  0.001	  0.878

8 	  48.45	 -10.20	   4.66
	  0.883	  0.193	  0.427
	  0.469	 -0.314	 -0.826
	 -0.027	  0.930	 -0.366

9 	  53.49	  -1.85	   4.78
	  0.309	  0.945	  0.103
	 -0.729	  0.300	 -0.615
	 -0.617	  0.111	  0.779

2 	  32.87	  -7.05	  22.73
	  0.658	  0.753	 -0.023
	 -0.754	  0.657	 -0.018
	  0.003	  0.029	  0.999

3 	  46.09	  -2.16	   1.78
	  0.470	  0.206	  0.858
	 -0.145	  0.977	 -0.157
	 -0.871	 -0.050	  0.489

4 	  40.76	   3.60	  -4.27
	  0.470	  0.856	 -0.215
	 -0.750	  0.515	  0.415
	  0.467	 -0.034	  0.883

5 	  44.40	   7.51	   6.22
	  0.762	  0.153	  0.628
	 -0.418	 -0.625	  0.659
	  0.495	 -0.764	 -0.413

6 	  51.36	   2.50	   3.20
	  0.594	 -0.702	 -0.393
	  0.622	  0.085	  0.778
	 -0.519	 -0.703	  0.486

7 	  40.75	  -7.68	  -3.81
	  0.568	 -0.773	 -0.282
	  0.684	  0.633	 -0.362
	  0.460	  0.012	  0.888

8 	  48.38	  -9.97	   5.12
	  0.828	  0.244	  0.504
	  0.555	 -0.218	 -0.803
	 -0.089	  0.945	 -0.314

9 	  52.35	  -0.98	   6.24
	  0.157	  0.966	  0.202
	 -0.800	  0.243	 -0.549
	 -0.582	 -0.079	  0.810

2 	  32.87	  -7.05	  22.73
	  0.658	  0.753	 -0.023
	 -0.754	  0.657	 -0.018
	  0.003	  0.029	  0.999

3 	  46.07	  -2.18	   1.83
	  0.466	  0.207	  0.860
	 -0.163	  0.975	 -0.149
	 -0.870	 -0.071	  0.488

4 	  40.82	   3.62	  -4.24
	  0.477	  0.855	 -0.203
	 -0.755	  0.516	  0.404
	  0.452	 -0.039	  0.891

5 	  44.44	   7.45	   6.35
	  0.743	  0.111	  0.659
	 -0.484	 -0.592	  0.644
	  0.464	 -0.797	 -0.387

6 	  50.96	   1.41	   3.92
	  0.516	 -0.791	 -0.328
	  0.603	  0.058	  0.795
	 -0.615	 -0.605	  0.506

7 	  40.75	  -7.72	  -3.78
	  0.569	 -0.777	 -0.269
	  0.691	  0.628	 -0.357
	  0.448	  0.017	  0.894

8 	  48.15	  -9.91	   5.40
	  0.796	  0.258	  0.547
	  0.596	 -0.174	 -0.783
	 -0.111	  0.950	 -0.292

9 	  51.50	  -0.72	   6.89
	  0.076	  0.973	  0.217
	 -0.820	  0.184	 -0.542
	 -0.569	 -0.139	  0.811

2 	  32.87	  -7.07	  22.73
	  0.658	  0.752	 -0.023
	 -0.754	  0.657	 -0.018
	  0.003	  0.029	  0.999

3 	  46.04	  -2.21	   1.85
	  0.467	  0.209	  0.859
	 -0.187	  0.973	 -0.137
	 -0.865	 -0.096	  0.493

4 	  40.78	   3.59	  -4.20
	  0.487	  0.849	 -0.203
	 -0.751	  0.525	  0.399
	  0.447	 -0.042	  0.893

5 	  44.68	   7.49	   6.17
	  0.747	  0.079	  0.660
	 -0.536	 -0.516	  0.668
	  0.395	 -0.852	 -0.343

6 	  50.50	   0.33	   4.32
	  0.394	 -0.884	 -0.253
	  0.629	  0.054	  0.775
	 -0.674	 -0.461	  0.576

7 	  40.73	  -7.80	  -3.69
	  0.573	 -0.780	 -0.252
	  0.691	  0.625	 -0.363
	  0.442	  0.033	  0.896

8 	  47.99	  -9.91	   5.66
	  0.766	  0.268	  0.584
	  0.633	 -0.152	 -0.759
	 -0.118	  0.951	 -0.285

9 	  50.66	  -0.53	   7.47
	 -0.017	  0.970	  0.240
	 -0.845	  0.114	 -0.523
	 -0.535	 -0.212	  0.817

2 	  32.87	  -7.05	  22.73
	  0.658	  0.752	 -0.023
	 -0.754	  0.657	 -0.018
	  0.003	  0.029	  0.999

3 	  45.98	  -2.25	   1.88
	  0.471	  0.209	  0.857
	 -0.199	  0.971	 -0.129
	 -0.860	 -0.109	  0.499

4 	  40.71	   3.53	  -4.20
	  0.499	  0.840	 -0.210
	 -0.742	  0.539	  0.397
	  0.449	 -0.042	  0.892

5 	  44.98	   7.63	   5.94
	  0.750	  0.068	  0.658
	 -0.573	 -0.430	  0.697
	  0.331	 -0.900	 -0.284

6 	  50.04	  -0.35	   4.82
	  0.291	 -0.943	 -0.159
	  0.677	  0.083	  0.731
	 -0.680	 -0.317	  0.661

7 	  40.62	  -7.86	  -3.66
	  0.569	 -0.785	 -0.245
	  0.696	  0.617	 -0.366
	  0.440	  0.038	  0.897

8 	  47.79	  -9.95	   5.80
	  0.747	  0.266	  0.608
	  0.654	 -0.131	 -0.745
	 -0.122	  0.955	 -0.272

9 	  50.31	  -0.47	   7.98
	 -0.053	  0.960	  0.272
	 -0.844	  0.103	 -0.526
	 -0.534	 -0.258	  0.805

2 	  32.87	  -7.05	  22.73
	  0.658	  0.752	 -0.023
	 -0.754	  0.657	 -0.018
	  0.003	  0.029	  0.999

3 	  45.88	  -2.27	   1.90
	  0.474	  0.205	  0.856
	 -0.217	  0.969	 -0.114
	 -0.854	 -0.131	  0.503

4 	  40.64	   3.53	  -4.18
	  0.504	  0.837	 -0.213
	 -0.737	  0.544	  0.400
	  0.452	 -0.045	  0.890

5 	  45.09	   7.66	   5.84
	  0.750	  0.065	  0.658
	 -0.586	 -0.396	  0.707
	  0.308	 -0.915	 -0.259

6 	  49.87	  -0.54	   5.06
	  0.260	 -0.959	 -0.113
	  0.704	  0.106	  0.702
	 -0.663	 -0.260	  0.702

7 	  40.62	  -7.88	  -3.64
	  0.572	 -0.784	 -0.241
	  0.696	  0.618	 -0.365
	  0.437	  0.041	  0.898

8 	  47.76	  -9.88	   5.89
	  0.729	  0.277	  0.626
	  0.673	 -0.114	 -0.731
	 -0.135	  0.953	 -0.269

9 	  50.12	  -0.42	   8.24
	 -0.077	  0.956	  0.283
	 -0.833	  0.095	 -0.546
	 -0.549	 -0.278	  0.788

2 	  32.87	  -7.07	  22.73
	  0.658	  0.752	 -0.023
	 -0.754	  0.657	 -0.018
	  0.003	  0.029	  0.999

3 	  45.88	  -2.20	   1.90
	  0.475	  0.199	  0.857
	 -0.234	  0.967	 -0.097
	 -0.849	 -0.153	  0.506

4 	  40.64	   3.60	  -4.15
	  0.505	  0.839	 -0.202
	 -0.740	  0.541	  0.400
	  0.446	 -0.052	  0.893

5 	  45.12	   7.68	   5.94
	  0.744	  0.057	  0.665
	 -0.597	 -0.392	  0.700
	  0.302	 -0.918	 -0.258

6 	  49.75	  -0.76	   5.52
	  0.242	 -0.968	 -0.070
	  0.722	  0.129	  0.679
	 -0.651	 -0.213	  0.729

7 	  40.76	  -7.82	  -3.66
	  0.580	 -0.779	 -0.238
	  0.693	  0.625	 -0.359
	  0.430	  0.043	  0.901

8 	  47.69	  -9.81	   6.05
	  0.709	  0.277	  0.649
	  0.697	 -0.126	 -0.706
	 -0.117	  0.952	 -0.282

9 	  50.20	  -0.39	   8.53
	 -0.067	  0.960	  0.270
	 -0.789	  0.114	 -0.604
	 -0.611	 -0.254	  0.750

2 	  32.87	  -7.05	  22.73
	  0.658	  0.752	 -0.023
	 -0.754	  0.657	 -0.018
	  0.003	  0.029	  0.999

3 	  45.93	  -2.09	   1.90
	  0.467	  0.197	  0.862
	 -0.260	  0.962	 -0.081
	 -0.846	 -0.186	  0.500

4 	  40.69	   3.69	  -4.11
	  0.502	  0.844	 -0.192
	 -0.746	  0.533	  0.398
	  0.439	 -0.056	  0.896

5 	  45.28	   7.73	   6.01
	  0.741	  0.045	  0.670
	 -0.612	 -0.367	  0.701
	  0.278	 -0.929	 -0.244

6 	  49.59	  -1.02	   5.96
	  0.206	 -0.978	 -0.025
	  0.775	  0.146	  0.614
	 -0.599	 -0.144	  0.788

7 	  40.90	  -7.77	  -3.69
	  0.585	 -0.777	 -0.232
	  0.692	  0.627	 -0.358
	  0.425	  0.048	  0.904

8 	  47.29	  -9.88	   6.35
	  0.682	  0.247	  0.688
	  0.732	 -0.206	 -0.650
	 -0.022	  0.947	 -0.322

9 	  50.40	  -0.67	   8.88
	 -0.005	  0.961	  0.276
	 -0.667	  0.202	 -0.717
	 -0.745	 -0.189	  0.639

2 	  32.87	  -7.07	  22.73
	  0.658	  0.752	 -0.023
	 -0.754	  0.657	 -0.018
	  0.003	  0.029	  0.999

3 	  46.00	  -2.04	   1.93
	  0.472	  0.178	  0.863
	 -0.271	  0.961	 -0.053
	 -0.840	 -0.208	  0.501

4 	  40.80	   3.90	  -3.99
	  0.502	  0.849	 -0.165
	 -0.756	  0.523	  0.393
	  0.421	 -0.073	  0.904

5 	  45.42	   7.70	   6.29
	  0.735	  0.017	  0.678
	 -0.627	 -0.364	  0.689
	  0.259	 -0.931	 -0.257

6 	  49.57	  -1.05	   6.17
	  0.200	 -0.979	 -0.020
	  0.782	  0.146	  0.606
	 -0.592	 -0.134	  0.794

7 	  41.06	  -7.68	  -3.67
	  0.588	 -0.778	 -0.222
	  0.693	  0.625	 -0.359
	  0.420	  0.057	  0.906

8 	  47.21	  -9.95	   6.50
	  0.667	  0.231	  0.707
	  0.744	 -0.228	 -0.628
	  0.013	  0.946	 -0.325

9 	  50.54	  -0.69	   9.19
	 -0.013	  0.964	  0.264
	 -0.490	  0.224	 -0.842
	 -0.872	 -0.141	  0.469

2 	  32.87	  -7.05	  22.73
	  0.658	  0.752	 -0.023
	 -0.754	  0.657	 -0.018
	  0.003	  0.029	  0.999

3 	  46.07	  -1.95	   2.07
	  0.475	  0.160	  0.865
	 -0.277	  0.960	 -0.028
	 -0.836	 -0.225	  0.500

4 	  41.01	   4.06	  -3.83
	  0.514	  0.849	 -0.119
	 -0.768	  0.517	  0.377
	  0.383	 -0.102	  0.918

5 	  45.32	   7.68	   6.89
	  0.719	  0.006	  0.695
	 -0.634	 -0.404	  0.659
	  0.286	 -0.914	 -0.287

6 	  49.66	  -0.90	   6.64
	  0.221	 -0.974	 -0.057
	  0.771	  0.137	  0.621
	 -0.599	 -0.179	  0.781

7 	  41.29	  -7.73	  -3.46
	  0.600	 -0.776	 -0.195
	  0.693	  0.625	 -0.359
	  0.402	  0.080	  0.912

8 	  47.27	  -9.98	   6.79
	  0.644	  0.247	  0.723
	  0.764	 -0.241	 -0.598
	  0.024	  0.938	 -0.344

9 	  50.68	  -0.79	   9.56
	 -0.005	  0.968	  0.250
	 -0.410	  0.224	 -0.884
	 -0.913	 -0.108	  0.394

