2 	  32.87	  -7.07	  22.75
	  0.657	  0.753	 -0.022
	 -0.754	  0.656	 -0.018
	  0.002	  0.029	  0.999

3 	  47.36	  -1.60	   2.39
	  0.401	  0.104	  0.910
	 -0.014	  0.994	 -0.108
	 -0.916	  0.031	  0.399

4 	  43.19	   5.66	  -2.44
	  0.486	  0.865	  0.125
	 -0.852	  0.435	  0.291
	  0.198	 -0.248	  0.948

5 	  43.12	   8.68	   9.07
	  0.453	  0.313	  0.835
	 -0.426	 -0.747	  0.509
	  0.785	 -0.585	 -0.204

6 	  49.52	   9.81	  16.98
	  0.449	  0.018	  0.893
	 -0.273	  0.955	  0.117
	 -0.852	 -0.296	  0.432

7 	  42.29	  -7.65	  -2.37
	  0.520	 -0.854	 -0.027
	  0.791	  0.492	 -0.364
	  0.326	  0.167	  0.930

8 	  43.40	 -11.37	   9.04
	  0.440	 -0.098	  0.892
	  0.645	 -0.658	 -0.389
	  0.627	  0.745	 -0.226

9 	  49.06	 -11.30	  16.72
	  0.375	  0.102	  0.921
	  0.227	  0.953	 -0.199
	 -0.899	  0.284	  0.333

2 	  32.87	  -7.07	  22.75
	  0.657	  0.753	 -0.022
	 -0.754	  0.656	 -0.018
	  0.002	  0.029	  0.999

3 	  47.34	  -1.62	   2.39
	  0.401	  0.106	  0.910
	 -0.015	  0.994	 -0.109
	 -0.916	  0.030	  0.400

4 	  43.17	   5.64	  -2.44
	  0.486	  0.865	  0.122
	 -0.851	  0.437	  0.290
	  0.199	 -0.245	  0.949

5 	  43.15	   8.67	   9.05
	  0.455	  0.313	  0.834
	 -0.429	 -0.745	  0.511
	  0.782	 -0.589	 -0.204

6 	  49.52	   9.77	  16.95
	  0.450	  0.018	  0.892
	 -0.265	  0.957	  0.114
	 -0.854	 -0.288	  0.434

7 	  42.29	  -7.70	  -2.36
	  0.520	 -0.854	 -0.024
	  0.790	  0.491	 -0.368
	  0.327	  0.172	  0.929

8 	  43.45	 -11.41	   9.04
	  0.443	 -0.094	  0.891
	  0.651	 -0.650	 -0.391
	  0.618	  0.753	 -0.226

9 	  49.10	 -11.21	  16.72
	  0.372	  0.103	  0.922
	  0.200	  0.961	 -0.190
	 -0.906	  0.256	  0.336

2 	  32.87	  -7.07	  22.73
	  0.657	  0.753	 -0.023
	 -0.754	  0.656	 -0.018
	  0.003	  0.029	  0.999

3 	  47.34	  -1.62	   2.41
	  0.402	  0.107	  0.909
	 -0.016	  0.994	 -0.110
	 -0.916	  0.029	  0.400

4 	  43.15	   5.62	  -2.46
	  0.486	  0.865	  0.120
	 -0.851	  0.437	  0.291
	  0.200	 -0.244	  0.949

5 	  43.15	   8.68	   9.05
	  0.455	  0.313	  0.833
	 -0.430	 -0.744	  0.512
	  0.781	 -0.589	 -0.204

6 	  49.54	   9.74	  16.93
	  0.450	  0.019	  0.892
	 -0.260	  0.959	  0.110
	 -0.855	 -0.282	  0.435

7 	  42.29	  -7.72	  -2.34
	  0.520	 -0.854	 -0.023
	  0.789	  0.490	 -0.369
	  0.328	  0.173	  0.929

8 	  43.45	 -11.41	   9.05
	  0.443	 -0.095	  0.891
	  0.651	 -0.650	 -0.392
	  0.618	  0.753	 -0.226

9 	  49.10	 -11.20	  16.72
	  0.372	  0.105	  0.922
	  0.198	  0.961	 -0.191
	 -0.907	  0.254	  0.336

2 	  32.87	  -7.07	  22.75
	  0.657	  0.753	 -0.022
	 -0.754	  0.656	 -0.018
	  0.002	  0.029	  0.999

3 	  47.34	  -1.63	   2.41
	  0.402	  0.107	  0.909
	 -0.016	  0.994	 -0.111
	 -0.916	  0.030	  0.401

4 	  43.15	   5.61	  -2.46
	  0.488	  0.865	  0.119
	 -0.850	  0.438	  0.291
	  0.200	 -0.243	  0.949

5 	  42.96	   8.88	   8.84
	  0.426	  0.336	  0.840
	 -0.436	 -0.738	  0.514
	  0.795	 -0.583	 -0.168

6 	  49.39	   9.84	  16.84
	  0.450	  0.012	  0.893
	 -0.240	  0.965	  0.108
	 -0.860	 -0.263	  0.437

7 	  42.33	  -7.70	  -2.34
	  0.527	 -0.850	 -0.023
	  0.783	  0.495	 -0.376
	  0.332	  0.179	  0.926

8 	  43.26	 -11.64	   8.84
	  0.411	 -0.119	  0.904
	  0.660	 -0.646	 -0.384
	  0.630	  0.753	 -0.186

9 	  48.85	 -11.58	  16.66
	  0.374	  0.100	  0.922
	  0.237	  0.950	 -0.200
	 -0.897	  0.293	  0.330

2 	  32.87	  -7.05	  22.73
	  0.657	  0.753	 -0.022
	 -0.755	  0.656	 -0.018
	  0.002	  0.029	  0.999

3 	  47.36	  -1.60	   2.39
	  0.394	  0.114	  0.912
	 -0.015	  0.993	 -0.118
	 -0.919	  0.032	  0.393

4 	  43.19	   5.62	  -2.53
	  0.480	  0.869	  0.119
	 -0.855	  0.432	  0.284
	  0.197	 -0.238	  0.951

5 	  42.77	   8.98	   8.75
	  0.413	  0.369	  0.833
	 -0.411	 -0.741	  0.530
	  0.814	 -0.560	 -0.154

6 	  49.08	  10.27	  16.86
	  0.434	  0.034	  0.900
	 -0.254	  0.963	  0.086
	 -0.864	 -0.266	  0.426

7 	  42.36	  -7.68	  -2.36
	  0.528	 -0.849	 -0.026
	  0.783	  0.496	 -0.376
	  0.333	  0.177	  0.926

8 	  42.96	 -11.94	   8.61
	  0.395	 -0.179	  0.901
	  0.629	 -0.663	 -0.406
	  0.671	  0.726	 -0.148

9 	  48.41	 -12.43	  16.49
	  0.362	  0.050	  0.930
	  0.270	  0.950	 -0.157
	 -0.893	  0.308	  0.329

2 	  32.87	  -7.05	  22.73
	  0.657	  0.753	 -0.022
	 -0.754	  0.656	 -0.018
	  0.002	  0.029	  0.999

3 	  47.36	  -1.60	   2.39
	  0.391	  0.116	  0.912
	 -0.012	  0.992	 -0.122
	 -0.920	  0.037	  0.390

4 	  43.21	   5.59	  -2.60
	  0.477	  0.871	  0.114
	 -0.857	  0.431	  0.282
	  0.197	 -0.232	  0.952

5 	  42.47	   9.18	   8.49
	  0.382	  0.409	  0.829
	 -0.412	 -0.729	  0.547
	  0.828	 -0.549	 -0.110

6 	  48.73	  10.58	  16.66
	  0.422	  0.044	  0.905
	 -0.247	  0.966	  0.068
	 -0.872	 -0.253	  0.419

7 	  42.40	  -7.66	  -2.39
	  0.528	 -0.849	 -0.029
	  0.782	  0.498	 -0.375
	  0.334	  0.175	  0.926

8 	  42.64	 -12.23	   8.37
	  0.357	 -0.215	  0.909
	  0.637	 -0.656	 -0.404
	  0.684	  0.722	 -0.097

9 	  47.87	 -12.96	  16.45
	  0.331	  0.022	  0.943
	  0.285	  0.950	 -0.122
	 -0.900	  0.309	  0.308

2 	  32.87	  -7.07	  22.75
	  0.657	  0.753	 -0.022
	 -0.754	  0.656	 -0.018
	  0.002	  0.029	  0.999

3 	  47.39	  -1.58	   2.39
	  0.388	  0.124	  0.913
	 -0.012	  0.991	 -0.131
	 -0.922	  0.040	  0.385

4 	  43.28	   5.54	  -2.71
	  0.470	  0.875	  0.111
	 -0.861	  0.427	  0.274
	  0.193	 -0.224	  0.955

5 	  42.13	   9.37	   8.23
	  0.334	  0.443	  0.831
	 -0.418	 -0.722	  0.551
	  0.846	 -0.530	 -0.056

6 	  48.18	  10.97	  16.65
	  0.390	  0.065	  0.918
	 -0.250	  0.967	  0.037
	 -0.887	 -0.244	  0.392

7 	  42.45	  -7.66	  -2.46
	  0.529	 -0.848	 -0.031
	  0.782	  0.500	 -0.372
	  0.332	  0.172	  0.927

8 	  42.40	 -12.45	   8.12
	  0.323	 -0.241	  0.915
	  0.651	 -0.646	 -0.399
	  0.688	  0.723	 -0.051

9 	  47.41	 -13.39	  16.40
	  0.306	  0.003	  0.952
	  0.292	  0.951	 -0.097
	 -0.906	  0.307	  0.289

2 	  32.87	  -7.07	  22.75
	  0.657	  0.753	 -0.022
	 -0.754	  0.656	 -0.018
	  0.002	  0.029	  0.999

3 	  47.43	  -1.58	   2.41
	  0.386	  0.129	  0.913
	 -0.011	  0.990	 -0.136
	 -0.923	  0.042	  0.383

4 	  43.29	   5.50	  -2.79
	  0.463	  0.879	  0.109
	 -0.865	  0.422	  0.270
	  0.192	 -0.219	  0.956

5 	  41.78	   9.47	   7.95
	  0.292	  0.469	  0.833
	 -0.425	 -0.718	  0.550
	  0.858	 -0.513	 -0.010

6 	  47.62	  11.21	  16.59
	  0.361	  0.075	  0.929
	 -0.253	  0.967	  0.020
	 -0.898	 -0.243	  0.367

7 	  42.47	  -7.66	  -2.57
	  0.525	 -0.850	 -0.040
	  0.785	  0.501	 -0.364
	  0.331	  0.160	  0.930

8 	  42.06	 -12.64	   7.88
	  0.290	 -0.268	  0.918
	  0.651	 -0.649	 -0.394
	  0.703	  0.711	 -0.013

9 	  46.90	 -13.75	  16.29
	  0.283	 -0.016	  0.959
	  0.303	  0.950	 -0.074
	 -0.910	  0.311	  0.273

2 	  32.87	  -7.07	  22.73
	  0.657	  0.753	 -0.022
	 -0.754	  0.656	 -0.018
	  0.002	  0.029	  0.999

3 	  47.43	  -1.58	   2.39
	  0.385	  0.133	  0.913
	 -0.010	  0.990	 -0.141
	 -0.923	  0.045	  0.382

4 	  43.35	   5.48	  -2.83
	  0.458	  0.882	  0.111
	 -0.870	  0.417	  0.263
	  0.186	 -0.217	  0.958

5 	  41.68	   9.47	   7.82
	  0.266	  0.479	  0.836
	 -0.433	 -0.717	  0.546
	  0.863	 -0.505	  0.017

6 	  47.36	  11.23	  16.63
	  0.344	  0.082	  0.935
	 -0.257	  0.966	  0.009
	 -0.904	 -0.243	  0.352

7 	  42.56	  -7.66	  -2.64
	  0.525	 -0.850	 -0.040
	  0.789	  0.503	 -0.352
	  0.321	  0.152	  0.934

8 	  41.96	 -12.67	   7.77
	  0.266	 -0.277	  0.923
	  0.659	 -0.647	 -0.383
	  0.704	  0.709	  0.011

9 	  46.63	 -13.90	  16.28
	  0.265	 -0.023	  0.964
	  0.307	  0.949	 -0.061
	 -0.914	  0.312	  0.258

2 	  32.87	  -7.07	  22.73
	  0.657	  0.753	 -0.023
	 -0.754	  0.656	 -0.018
	  0.003	  0.029	  0.999

3 	  47.53	  -1.60	   2.43
	  0.375	  0.137	  0.917
	 -0.006	  0.989	 -0.146
	 -0.927	  0.049	  0.372

4 	  43.51	   5.45	  -2.85
	  0.456	  0.881	  0.119
	 -0.872	  0.417	  0.255
	  0.175	 -0.220	  0.959

5 	  41.59	   9.56	   7.66
	  0.233	  0.490	  0.840
	 -0.449	 -0.713	  0.538
	  0.864	 -0.500	  0.055

6 	  46.97	  11.37	  16.70
	  0.309	  0.087	  0.947
	 -0.253	  0.967	 -0.006
	 -0.917	 -0.238	  0.321

7 	  42.70	  -7.66	  -2.69
	  0.526	 -0.849	 -0.036
	  0.793	  0.505	 -0.339
	  0.308	  0.149	  0.939

8 	  41.87	 -12.74	   7.58
	  0.237	 -0.285	  0.929
	  0.676	 -0.639	 -0.367
	  0.698	  0.714	  0.042

9 	  46.34	 -13.96	  16.28
	  0.235	 -0.025	  0.971
	  0.295	  0.954	 -0.046
	 -0.926	  0.297	  0.231

2 	  32.87	  -7.07	  22.75
	  0.657	  0.753	 -0.022
	 -0.754	  0.656	 -0.018
	  0.002	  0.029	  0.999

3 	  47.58	  -1.60	   2.43
	  0.366	  0.142	  0.919
	 -0.007	  0.988	 -0.150
	 -0.930	  0.048	  0.363

4 	  43.63	   5.41	  -2.94
	  0.448	  0.885	  0.122
	 -0.879	  0.411	  0.240
	  0.163	 -0.215	  0.963

5 	  41.29	   9.51	   7.42
	  0.186	  0.497	  0.848
	 -0.466	 -0.716	  0.519
	  0.866	 -0.490	  0.099

6 	  46.32	  11.34	  16.72
	  0.266	  0.088	  0.960
	 -0.255	  0.966	 -0.018
	 -0.930	 -0.241	  0.278

7 	  42.82	  -7.68	  -2.79
	  0.527	 -0.849	 -0.035
	  0.798	  0.508	 -0.324
	  0.295	  0.142	  0.945

8 	  41.62	 -12.85	   7.35
	  0.191	 -0.291	  0.937
	  0.694	 -0.635	 -0.338
	  0.694	  0.714	  0.081

9 	  45.76	 -14.08	  16.29
	  0.196	 -0.024	  0.980
	  0.293	  0.955	 -0.035
	 -0.936	  0.293	  0.194

2 	  32.87	  -7.07	  22.75
	  0.657	  0.753	 -0.022
	 -0.754	  0.656	 -0.018
	  0.002	  0.029	  0.999

3 	  47.64	  -1.60	   2.44
	  0.355	  0.147	  0.923
	 -0.009	  0.988	 -0.154
	 -0.935	  0.047	  0.352

4 	  43.72	   5.40	  -3.04
	  0.440	  0.889	  0.126
	 -0.885	  0.405	  0.227
	  0.151	 -0.212	  0.965

5 	  41.12	   9.53	   7.24
	  0.154	  0.506	  0.849
	 -0.469	 -0.720	  0.512
	  0.870	 -0.475	  0.127

6 	  46.00	  11.46	  16.68
	  0.244	  0.097	  0.965
	 -0.262	  0.964	 -0.031
	 -0.934	 -0.245	  0.260

7 	  42.87	  -7.68	  -2.85
	  0.527	 -0.849	 -0.029
	  0.802	  0.509	 -0.311
	  0.280	  0.140	  0.949

8 	  41.40	 -12.94	   7.15
	  0.156	 -0.304	  0.940
	  0.706	 -0.631	 -0.320
	  0.691	  0.713	  0.117

9 	  45.25	 -14.24	  16.26
	  0.162	 -0.033	  0.986
	  0.289	  0.957	 -0.016
	 -0.944	  0.287	  0.163

2 	  32.85	  -7.07	  22.75
	  0.657	  0.753	 -0.022
	 -0.754	  0.656	 -0.018
	  0.002	  0.029	  0.999

3 	  47.65	  -1.58	   2.44
	  0.354	  0.146	  0.923
	 -0.008	  0.988	 -0.154
	 -0.935	  0.047	  0.350

4 	  43.75	   5.45	  -3.04
	  0.437	  0.889	  0.133
	 -0.888	  0.403	  0.223
	  0.145	 -0.216	  0.965

5 	  40.90	   9.47	   7.15
	  0.120	  0.505	  0.855
	 -0.479	 -0.726	  0.494
	  0.870	 -0.468	  0.155

6 	  45.53	  11.34	  16.77
	  0.213	  0.091	  0.973
	 -0.264	  0.964	 -0.033
	 -0.941	 -0.250	  0.228

7 	  42.93	  -7.63	  -2.90
	  0.529	 -0.848	 -0.031
	  0.804	  0.510	 -0.303
	  0.274	  0.135	  0.952

8 	  41.26	 -12.99	   6.93
	  0.116	 -0.312	  0.943
	  0.729	 -0.618	 -0.294
	  0.674	  0.721	  0.156

9 	  44.84	 -14.24	  16.26
	  0.124	 -0.032	  0.991
	  0.267	  0.963	 -0.003
	 -0.956	  0.266	  0.127

2 	  32.87	  -7.07	  22.75
	  0.657	  0.753	 -0.022
	 -0.754	  0.656	 -0.018
	  0.002	  0.029	  0.999

3 	  47.67	  -1.56	   2.46
	  0.350	  0.145	  0.925
	 -0.010	  0.988	 -0.152
	 -0.937	  0.044	  0.347

4 	  43.82	   5.45	  -3.06
	  0.427	  0.893	  0.140
	 -0.894	  0.394	  0.212
	  0.134	 -0.217	  0.967

5 	  40.71	   9.42	   7.01
	  0.086	  0.506	  0.858
	 -0.483	 -0.733	  0.478
	  0.872	 -0.454	  0.182

6 	  45.02	  11.37	  16.84
	  0.178	  0.097	  0.979
	 -0.277	  0.960	 -0.046
	 -0.944	 -0.263	  0.197

7 	  43.07	  -7.65	  -2.94
	  0.531	 -0.846	 -0.030
	  0.804	  0.515	 -0.295
	  0.266	  0.132	  0.955

8 	  41.12	 -13.10	   6.75
	  0.068	 -0.316	  0.946
	  0.760	 -0.598	 -0.253
	  0.646	  0.736	  0.201

9 	  44.26	 -14.29	  16.31
	  0.073	 -0.031	  0.997
	  0.252	  0.967	  0.011
	 -0.965	  0.250	  0.078

2 	  32.85	  -7.07	  22.75
	  0.657	  0.753	 -0.022
	 -0.754	  0.656	 -0.018
	  0.002	  0.029	  0.999

3 	  47.74	  -1.55	   2.50
	  0.342	  0.145	  0.928
	 -0.010	  0.988	 -0.151
	 -0.939	  0.042	  0.339

4 	  43.93	   5.43	  -3.04
	  0.423	  0.893	  0.150
	 -0.898	  0.391	  0.202
	  0.121	 -0.221	  0.968

5 	  40.64	   9.35	   6.98
	  0.057	  0.495	  0.867
	 -0.503	 -0.737	  0.452
	  0.863	 -0.461	  0.207

6 	  44.56	  11.30	  16.98
	  0.132	  0.103	  0.986
	 -0.275	  0.959	 -0.065
	 -0.953	 -0.262	  0.154

7 	  43.19	  -7.65	  -2.94
	  0.533	 -0.846	 -0.022
	  0.808	  0.516	 -0.283
	  0.251	  0.133	  0.958

8 	  41.04	 -13.18	   6.59
	  0.024	 -0.319	  0.947
	  0.788	 -0.578	 -0.213
	  0.615	  0.751	  0.238

9 	  43.80	 -14.27	  16.37
	  0.026	 -0.029	  0.999
	  0.223	  0.974	  0.021
	 -0.974	  0.223	  0.031

2 	  32.85	  -7.07	  22.75
	  0.657	  0.753	 -0.022
	 -0.754	  0.656	 -0.018
	  0.002	  0.029	  0.999

3 	  47.78	  -1.56	   2.55
	  0.338	  0.145	  0.930
	 -0.011	  0.988	 -0.151
	 -0.941	  0.041	  0.335

4 	  44.05	   5.43	  -3.04
	  0.420	  0.894	  0.156
	 -0.900	  0.389	  0.194
	  0.113	 -0.222	  0.968

5 	  40.45	   9.26	   6.82
	  0.016	  0.489	  0.872
	 -0.517	 -0.743	  0.424
	  0.856	 -0.457	  0.241

6 	  44.02	  11.09	  17.07
	  0.088	  0.092	  0.992
	 -0.262	  0.962	 -0.067
	 -0.961	 -0.254	  0.109

7 	  43.24	  -7.66	  -2.92
	  0.533	 -0.846	 -0.019
	  0.809	  0.516	 -0.279
	  0.246	  0.133	  0.960

8 	  41.08	 -13.25	   6.50
	  0.016	 -0.329	  0.944
	  0.791	 -0.573	 -0.213
	  0.611	  0.750	  0.252

9 	  43.79	 -14.36	  16.31
	  0.019	 -0.036	  0.999
	  0.219	  0.975	  0.030
	 -0.975	  0.218	  0.026

2 	  32.85	  -7.07	  22.75
	  0.657	  0.753	 -0.022
	 -0.754	  0.656	 -0.018
	  0.002	  0.029	  0.999

3 	  47.81	  -1.55	   2.58
	  0.335	  0.147	  0.930
	 -0.016	  0.988	 -0.151
	 -0.942	  0.036	  0.333

4 	  44.05	   5.45	  -3.02
	  0.411	  0.897	  0.159
	 -0.906	  0.382	  0.184
	  0.105	 -0.220	  0.970

5 	  40.29	   9.26	   6.66
	 -0.007	  0.497	  0.867
	 -0.515	 -0.746	  0.422
	  0.858	 -0.443	  0.262

6 	  43.66	  11.14	  17.02
	  0.066	  0.097	  0.993
	 -0.262	  0.962	 -0.077
	 -0.963	 -0.255	  0.088

7 	  43.33	  -7.65	  -2.95
	  0.537	 -0.844	 -0.014
	  0.809	  0.519	 -0.274
	  0.239	  0.135	  0.961

8 	  40.96	 -13.27	   6.36
	 -0.029	 -0.323	  0.946
	  0.819	 -0.551	 -0.162
	  0.574	  0.769	  0.281

9 	  43.12	 -14.19	  16.42
	 -0.039	 -0.018	  0.999
	  0.184	  0.982	  0.024
	 -0.982	  0.185	 -0.036

2 	  32.85	  -7.07	  22.75
	  0.657	  0.753	 -0.022
	 -0.754	  0.656	 -0.018
	  0.002	  0.029	  0.999

3 	  47.83	  -1.55	   2.62
	  0.332	  0.149	  0.931
	 -0.019	  0.988	 -0.152
	 -0.943	  0.033	  0.330

4 	  44.12	   5.41	  -3.04
	  0.406	  0.899	  0.160
	 -0.909	  0.380	  0.173
	  0.095	 -0.216	  0.972

5 	  40.22	   9.30	   6.54
	 -0.024	  0.504	  0.863
	 -0.526	 -0.741	  0.417
	  0.850	 -0.443	  0.284

6 	  43.44	  11.20	  16.95
	  0.047	  0.101	  0.994
	 -0.250	  0.964	 -0.087
	 -0.967	 -0.245	  0.070

7 	  43.38	  -7.66	  -2.94
	  0.535	 -0.845	 -0.009
	  0.812	  0.517	 -0.267
	  0.231	  0.135	  0.963

8 	  40.66	 -13.29	   6.22
	 -0.066	 -0.333	  0.941
	  0.823	 -0.551	 -0.137
	  0.563	  0.765	  0.311

9 	  42.59	 -14.31	  16.31
	 -0.069	 -0.021	  0.997
	  0.183	  0.982	  0.033
	 -0.981	  0.185	 -0.064

2 	  32.85	  -7.07	  22.75
	  0.657	  0.753	 -0.022
	 -0.754	  0.656	 -0.018
	  0.002	  0.029	  0.999

3 	  47.83	  -1.56	   2.62
	  0.328	  0.146	  0.933
	 -0.011	  0.988	 -0.152
	 -0.945	  0.039	  0.325

4 	  44.10	   5.40	  -3.04
	  0.407	  0.899	  0.160
	 -0.909	  0.380	  0.172
	  0.094	 -0.216	  0.972

5 	  40.17	   9.28	   6.52
	 -0.028	  0.502	  0.864
	 -0.530	 -0.741	  0.411
	  0.847	 -0.446	  0.287

6 	  43.33	  11.14	  16.95
	  0.041	  0.098	  0.994
	 -0.247	  0.965	 -0.086
	 -0.968	 -0.242	  0.064

7 	  43.31	  -7.65	  -2.99
	  0.531	 -0.847	 -0.016
	  0.815	  0.516	 -0.263
	  0.232	  0.126	  0.964

8 	  40.61	 -13.29	   6.10
	 -0.069	 -0.340	  0.938
	  0.821	 -0.554	 -0.140
	  0.567	  0.760	  0.317

9 	  42.52	 -14.36	  16.21
	 -0.063	 -0.023	  0.998
	  0.195	  0.980	  0.034
	 -0.979	  0.197	 -0.058

2 	  32.85	  -7.07	  22.75
	  0.657	  0.753	 -0.022
	 -0.754	  0.656	 -0.018
	  0.002	  0.029	  0.999

3 	  47.79	  -1.56	   2.60
	  0.323	  0.144	  0.935
	 -0.009	  0.989	 -0.149
	 -0.946	  0.040	  0.320

4 	  44.10	   5.40	  -3.08
	  0.401	  0.902	  0.158
	 -0.911	  0.375	  0.170
	  0.094	 -0.212	  0.972

5 	  40.03	   9.23	   6.43
	 -0.049	  0.496	  0.866
	 -0.534	 -0.747	  0.396
	  0.844	 -0.443	  0.302

6 	  42.94	  11.02	  16.98
	  0.016	  0.089	  0.996
	 -0.244	  0.966	 -0.083
	 -0.969	 -0.242	  0.037

7 	  43.42	  -7.61	  -3.06
	  0.538	 -0.843	 -0.021
	  0.812	  0.524	 -0.255
	  0.227	  0.120	  0.966

8 	  40.62	 -13.32	   5.99
	 -0.077	 -0.346	  0.935
	  0.816	 -0.560	 -0.139
	  0.572	  0.752	  0.326

9 	  42.52	 -14.40	  16.12
	 -0.066	 -0.025	  0.997
	  0.202	  0.979	  0.037
	 -0.977	  0.204	 -0.060

2 	  32.85	  -7.07	  22.75
	  0.657	  0.753	 -0.022
	 -0.754	  0.656	 -0.018
	  0.002	  0.029	  0.999

3 	  47.85	  -1.55	   2.62
	  0.312	  0.145	  0.939
	 -0.013	  0.989	 -0.149
	 -0.950	  0.035	  0.311

4 	  44.14	   5.40	  -3.08
	  0.395	  0.904	  0.159
	 -0.914	  0.370	  0.164
	  0.089	 -0.211	  0.973

5 	  40.01	   9.19	   6.42
	 -0.057	  0.494	  0.867
	 -0.535	 -0.749	  0.390
	  0.843	 -0.442	  0.307

6 	  42.91	  10.95	  16.98
	  0.013	  0.088	  0.996
	 -0.245	  0.966	 -0.082
	 -0.969	 -0.243	  0.033

7 	  43.52	  -7.59	  -3.04
	  0.542	 -0.840	 -0.017
	  0.811	  0.528	 -0.250
	  0.220	  0.121	  0.968

8 	  40.68	 -13.34	   5.94
	 -0.083	 -0.350	  0.933
	  0.820	 -0.556	 -0.135
	  0.566	  0.754	  0.334

9 	  42.54	 -14.41	  16.10
	 -0.072	 -0.025	  0.997
	  0.197	  0.979	  0.038
	 -0.978	  0.199	 -0.065

2 	  32.85	  -7.07	  22.75
	  0.657	  0.753	 -0.022
	 -0.754	  0.656	 -0.018
	  0.002	  0.029	  0.999

3 	  47.87	  -1.56	   2.65
	  0.312	  0.144	  0.939
	 -0.014	  0.989	 -0.148
	 -0.950	  0.033	  0.311

4 	  44.16	   5.38	  -3.06
	  0.396	  0.904	  0.160
	 -0.914	  0.371	  0.164
	  0.089	 -0.212	  0.973

5 	  40.03	   9.19	   6.42
	 -0.054	  0.490	  0.870
	 -0.543	 -0.746	  0.385
	  0.838	 -0.451	  0.307

6 	  42.89	  10.86	  17.02
	  0.008	  0.083	  0.996
	 -0.240	  0.967	 -0.079
	 -0.971	 -0.238	  0.027

7 	  43.51	  -7.59	  -3.04
	  0.542	 -0.840	 -0.017
	  0.812	  0.528	 -0.250
	  0.219	  0.121	  0.968

8 	  40.55	 -13.32	   5.89
	 -0.091	 -0.354	  0.931
	  0.818	 -0.560	 -0.132
	  0.568	  0.749	  0.340

9 	  42.35	 -14.47	  16.07
	 -0.078	 -0.030	  0.996
	  0.206	  0.977	  0.045
	 -0.975	  0.209	 -0.070

2 	  32.85	  -7.07	  22.75
	  0.657	  0.753	 -0.022
	 -0.754	  0.656	 -0.018
	  0.002	  0.029	  0.999

3 	  47.81	  -1.53	   2.71
	  0.322	  0.145	  0.935
	 -0.022	  0.989	 -0.146
	 -0.947	  0.026	  0.321

4 	  44.12	   5.40	  -3.06
	  0.395	  0.904	  0.161
	 -0.914	  0.369	  0.167
	  0.092	 -0.214	  0.972

5 	  39.94	   9.14	   6.45
	 -0.065	  0.480	  0.875
	 -0.545	 -0.752	  0.370
	  0.836	 -0.452	  0.311

6 	  42.61	  10.81	  17.07
	 -0.011	  0.083	  0.996
	 -0.242	  0.967	 -0.083
	 -0.970	 -0.242	  0.008

7 	  43.44	  -7.58	  -3.02
	  0.541	 -0.841	 -0.016
	  0.812	  0.527	 -0.249
	  0.218	  0.122	  0.968

8 	  40.55	 -13.29	   5.96
	 -0.089	 -0.346	  0.934
	  0.822	 -0.555	 -0.126
	  0.562	  0.756	  0.334

9 	  42.45	 -14.31	  16.14
	 -0.072	 -0.020	  0.997
	  0.205	  0.978	  0.033
	 -0.976	  0.207	 -0.067

2 	  32.85	  -7.07	  22.75
	  0.657	  0.753	 -0.022
	 -0.754	  0.656	 -0.018
	  0.002	  0.029	  0.999

3 	  47.85	  -1.53	   2.69
	  0.318	  0.144	  0.937
	 -0.024	  0.989	 -0.145
	 -0.948	  0.024	  0.318

4 	  44.09	   5.43	  -3.06
	  0.399	  0.903	  0.158
	 -0.911	  0.371	  0.177
	  0.101	 -0.215	  0.971

5 	  40.22	   9.21	   6.57
	 -0.034	  0.470	  0.882
	 -0.564	 -0.738	  0.371
	  0.825	 -0.484	  0.290

6 	  43.26	  10.65	  17.12
	  0.021	  0.071	  0.997
	 -0.227	  0.972	 -0.065
	 -0.974	 -0.225	  0.036

7 	  43.45	  -7.59	  -3.04
	  0.542	 -0.840	 -0.016
	  0.811	  0.528	 -0.252
	  0.220	  0.123	  0.967

8 	  40.78	 -13.32	   6.03
	 -0.074	 -0.343	  0.936
	  0.832	 -0.539	 -0.131
	  0.550	  0.769	  0.325

9 	  42.75	 -14.33	  16.15
	 -0.061	 -0.022	  0.998
	  0.193	  0.980	  0.032
	 -0.979	  0.195	 -0.056

2 	  32.85	  -7.07	  22.75
	  0.657	  0.753	 -0.022
	 -0.754	  0.656	 -0.018
	  0.002	  0.029	  0.999

3 	  47.87	  -1.55	   2.69
	  0.319	  0.144	  0.937
	 -0.022	  0.989	 -0.145
	 -0.947	  0.025	  0.318

4 	  44.14	   5.40	  -3.04
	  0.409	  0.898	  0.159
	 -0.907	  0.380	  0.181
	  0.103	 -0.218	  0.970

5 	  40.45	   9.21	   6.73
	 -0.004	  0.464	  0.886
	 -0.567	 -0.731	  0.379
	  0.824	 -0.500	  0.267

6 	  43.66	  10.69	  17.21
	  0.039	  0.074	  0.996
	 -0.225	  0.972	 -0.064
	 -0.974	 -0.221	  0.055

7 	  43.40	  -7.61	  -2.99
	  0.541	 -0.841	 -0.014
	  0.811	  0.527	 -0.254
	  0.222	  0.126	  0.967

8 	  40.87	 -13.38	   6.15
	 -0.048	 -0.344	  0.938
	  0.831	 -0.535	 -0.153
	  0.554	  0.772	  0.312

9 	  43.14	 -14.34	  16.21
	 -0.034	 -0.021	  0.999
	  0.189	  0.981	  0.026
	 -0.981	  0.190	 -0.030

2 	  32.85	  -7.07	  22.75
	  0.657	  0.753	 -0.022
	 -0.754	  0.656	 -0.018
	  0.002	  0.029	  0.999

3 	  47.85	  -1.58	   2.62
	  0.326	  0.138	  0.935
	 -0.016	  0.990	 -0.141
	 -0.945	  0.031	  0.325

4 	  44.00	   5.45	  -2.99
	  0.415	  0.895	  0.160
	 -0.903	  0.385	  0.190
	  0.109	 -0.223	  0.968

5 	  40.80	   9.40	   7.12
	  0.060	  0.459	  0.886
	 -0.565	 -0.717	  0.407
	  0.823	 -0.524	  0.217

6 	  44.68	  10.76	  17.31
	  0.106	  0.075	  0.991
	 -0.214	  0.975	 -0.051
	 -0.971	 -0.207	  0.119

7 	  43.26	  -7.56	  -2.95
	  0.547	 -0.837	 -0.019
	  0.804	  0.531	 -0.266
	  0.234	  0.130	  0.963

8 	  41.38	 -13.41	   6.49
	  0.024	 -0.337	  0.941
	  0.836	 -0.510	 -0.203
	  0.548	  0.791	  0.270

9 	  44.35	 -14.19	  16.29
	  0.037	 -0.020	  0.999
	  0.166	  0.986	  0.013
	 -0.985	  0.165	  0.039

2 	  32.85	  -7.07	  22.75
	  0.657	  0.753	 -0.022
	 -0.755	  0.656	 -0.018
	  0.002	  0.029	  0.999

3 	  47.72	  -1.55	   2.65
	  0.338	  0.133	  0.932
	 -0.022	  0.991	 -0.134
	 -0.941	  0.024	  0.337

4 	  43.84	   5.52	  -2.88
	  0.424	  0.889	  0.172
	 -0.899	  0.390	  0.198
	  0.109	 -0.239	  0.965

5 	  41.40	   9.42	   7.66
	  0.152	  0.441	  0.885
	 -0.555	 -0.704	  0.443
	  0.819	 -0.557	  0.139

6 	  46.00	  10.76	  17.40
	  0.187	  0.076	  0.979
	 -0.218	  0.975	 -0.034
	 -0.958	 -0.207	  0.199

7 	  43.17	  -7.56	  -2.94
	  0.550	 -0.835	 -0.018
	  0.800	  0.533	 -0.275
	  0.240	  0.136	  0.961

8 	  41.92	 -13.20	   6.93
	  0.116	 -0.324	  0.939
	  0.807	 -0.520	 -0.279
	  0.578	  0.790	  0.202

9 	  45.70	 -13.94	  16.28
	  0.135	 -0.015	  0.990
	  0.191	  0.981	 -0.013
	 -0.972	  0.191	  0.135

2 	  32.85	  -7.07	  22.75
	  0.657	  0.753	 -0.022
	 -0.754	  0.656	 -0.019
	  0.001	  0.029	  0.999

3 	  47.64	  -1.53	   2.69
	  0.348	  0.130	  0.928
	 -0.031	  0.991	 -0.128
	 -0.937	  0.016	  0.349

4 	  43.72	   5.55	  -2.83
	  0.430	  0.885	  0.176
	 -0.897	  0.395	  0.199
	  0.107	 -0.243	  0.964

5 	  41.92	   9.25	   8.07
	  0.241	  0.414	  0.877
	 -0.525	 -0.706	  0.475
	  0.817	 -0.574	  0.049

6 	  47.11	  10.62	  17.37
	  0.265	  0.073	  0.961
	 -0.237	  0.971	 -0.009
	 -0.935	 -0.226	  0.274

7 	  42.98	  -7.54	  -2.78
	  0.549	 -0.836	 -0.011
	  0.798	  0.528	 -0.290
	  0.249	  0.150	  0.957

8 	  42.15	 -12.80	   7.56
	  0.204	 -0.300	  0.932
	  0.736	 -0.581	 -0.347
	  0.646	  0.756	  0.103

9 	  46.74	 -13.69	  16.29
	  0.240	 -0.006	  0.971
	  0.268	  0.961	 -0.060
	 -0.933	  0.274	  0.232

2 	  32.85	  -7.07	  22.75
	  0.657	  0.753	 -0.022
	 -0.754	  0.656	 -0.018
	  0.002	  0.029	  0.999

3 	  47.53	  -1.53	   2.69
	  0.357	  0.131	  0.924
	 -0.036	  0.991	 -0.128
	 -0.933	  0.013	  0.358

4 	  43.56	   5.54	  -2.78
	  0.439	  0.882	  0.168
	 -0.891	  0.404	  0.205
	  0.113	 -0.241	  0.964

5 	  42.33	   9.11	   8.37
	  0.311	  0.390	  0.867
	 -0.496	 -0.713	  0.496
	  0.812	 -0.583	 -0.028

6 	  48.11	  10.16	  17.16
	  0.336	  0.041	  0.941
	 -0.211	  0.977	  0.032
	 -0.918	 -0.209	  0.337

7 	  42.84	  -7.61	  -2.65
	  0.548	 -0.837	  0.001
	  0.797	  0.521	 -0.306
	  0.256	  0.167	  0.952

8 	  42.42	 -12.52	   7.91
	  0.269	 -0.282	  0.921
	  0.670	 -0.632	 -0.389
	  0.693	  0.720	  0.019

9 	  47.43	 -13.43	  16.29
	  0.301	  0.002	  0.953
	  0.305	  0.947	 -0.098
	 -0.904	  0.320	  0.283

2 	  32.85	  -7.07	  22.75
	  0.657	  0.753	 -0.022
	 -0.754	  0.656	 -0.018
	  0.002	  0.029	  0.999

3 	  47.50	  -1.55	   2.65
	  0.359	  0.130	  0.924
	 -0.035	  0.991	 -0.127
	 -0.933	  0.013	  0.360

4 	  43.51	   5.54	  -2.71
	  0.444	  0.880	  0.166
	 -0.888	  0.407	  0.214
	  0.121	 -0.243	  0.962

5 	  42.66	   8.98	   8.58
	  0.368	  0.366	  0.855
	 -0.477	 -0.716	  0.510
	  0.800	 -0.594	 -0.089

6 	  48.76	   9.77	  17.02
	  0.379	  0.010	  0.925
	 -0.187	  0.980	  0.067
	 -0.907	 -0.199	  0.372

7 	  42.75	  -7.59	  -2.62
	  0.540	 -0.841	 -0.001
	  0.802	  0.514	 -0.306
	  0.259	  0.164	  0.952

8 	  42.63	 -12.30	   8.16
	  0.343	 -0.265	  0.901
	  0.618	 -0.659	 -0.428
	  0.708	  0.703	 -0.062

9 	  48.20	 -12.88	  16.10
	  0.373	  0.050	  0.926
	  0.262	  0.952	 -0.157
	 -0.891	  0.301	  0.341

2 	  32.85	  -7.07	  22.75
	  0.657	  0.753	 -0.022
	 -0.754	  0.656	 -0.018
	  0.002	  0.029	  0.999

3 	  47.46	  -1.56	   2.64
	  0.361	  0.128	  0.923
	 -0.033	  0.991	 -0.125
	 -0.932	  0.014	  0.362

4 	  43.51	   5.57	  -2.72
	  0.456	  0.875	  0.162
	 -0.880	  0.416	  0.227
	  0.132	 -0.247	  0.960

5 	  43.10	   8.96	   8.67
	  0.415	  0.354	  0.838
	 -0.467	 -0.708	  0.529
	  0.782	 -0.610	 -0.128

6 	  49.45	   9.74	  16.80
	  0.416	  0.005	  0.909
	 -0.178	  0.981	  0.076
	 -0.892	 -0.195	  0.408

7 	  42.73	  -7.58	  -2.62
	  0.540	 -0.842	 -0.001
	  0.801	  0.513	 -0.307
	  0.261	  0.164	  0.951

8 	  43.12	 -12.13	   8.35
	  0.398	 -0.229	  0.888
	  0.626	 -0.640	 -0.445
	  0.672	  0.732	 -0.111

9 	  48.92	 -12.45	  16.05
	  0.398	  0.066	  0.915
	  0.215	  0.962	 -0.165
	 -0.892	  0.263	  0.367

2 	  32.87	  -7.07	  22.73
	  0.657	  0.753	 -0.023
	 -0.755	  0.656	 -0.018
	  0.002	  0.030	  0.999

3 	  47.46	  -1.55	   2.64
	  0.363	  0.126	  0.923
	 -0.034	  0.992	 -0.123
	 -0.931	  0.013	  0.364

4 	  43.51	   5.59	  -2.71
	  0.465	  0.870	  0.160
	 -0.874	  0.424	  0.237
	  0.139	 -0.250	  0.958

5 	  43.44	   9.00	   8.70
	  0.450	  0.359	  0.818
	 -0.444	 -0.706	  0.552
	  0.776	 -0.610	 -0.158

6 	  50.04	   9.83	  16.56
	  0.453	  0.009	  0.891
	 -0.175	  0.981	  0.079
	 -0.875	 -0.193	  0.444

7 	  42.68	  -7.56	  -2.58
	  0.541	 -0.841	 -0.004
	  0.799	  0.514	 -0.311
	  0.265	  0.165	  0.950

8 	  43.44	 -12.08	   8.37
	  0.438	 -0.225	  0.871
	  0.607	 -0.641	 -0.469
	  0.665	  0.732	 -0.144

9 	  49.46	 -12.39	  15.77
	  0.434	  0.068	  0.898
	  0.210	  0.962	 -0.175
	 -0.876	  0.265	  0.402

2 	  32.85	  -7.07	  22.75
	  0.657	  0.753	 -0.022
	 -0.754	  0.656	 -0.018
	  0.002	  0.029	  0.999

3 	  47.43	  -1.56	   2.60
	  0.367	  0.127	  0.921
	 -0.033	  0.992	 -0.124
	 -0.930	  0.016	  0.368

4 	  43.44	   5.57	  -2.74
	  0.477	  0.866	  0.146
	 -0.865	  0.433	  0.253
	  0.156	 -0.247	  0.956

5 	  43.72	   9.11	   8.60
	  0.481	  0.369	  0.795
	 -0.424	 -0.698	  0.577
	  0.769	 -0.613	 -0.180

6 	  50.54	   9.95	  16.15
	  0.485	  0.017	  0.874
	 -0.170	  0.982	  0.076
	 -0.859	 -0.187	  0.477

7 	  42.54	  -7.56	  -2.57
	  0.537	 -0.843	 -0.016
	  0.797	  0.512	 -0.320
	  0.279	  0.159	  0.947

8 	  43.52	 -12.11	   8.35
	  0.464	 -0.228	  0.856
	  0.587	 -0.645	 -0.489
	  0.665	  0.728	 -0.165

9 	  49.73	 -12.45	  15.56
	  0.459	  0.062	  0.886
	  0.211	  0.961	 -0.178
	 -0.863	  0.270	  0.426

2 	  32.87	  -7.07	  22.75
	  0.657	  0.753	 -0.022
	 -0.755	  0.656	 -0.018
	  0.002	  0.029	  0.999

3 	  47.37	  -1.58	   2.53
	  0.377	  0.126	  0.917
	 -0.027	  0.991	 -0.126
	 -0.926	  0.023	  0.376

4 	  43.37	   5.57	  -2.78
	  0.485	  0.863	  0.137
	 -0.858	  0.440	  0.265
	  0.169	 -0.247	  0.954

5 	  43.84	   9.05	   8.60
	  0.496	  0.360	  0.790
	 -0.422	 -0.697	  0.580
	  0.761	 -0.619	 -0.194

6 	  50.75	   9.90	  16.01
	  0.500	  0.012	  0.865
	 -0.167	  0.982	  0.083
	 -0.849	 -0.187	  0.493

7 	  42.43	  -7.59	  -2.58
	  0.534	 -0.845	 -0.018
	  0.796	  0.508	 -0.328
	  0.288	  0.160	  0.944

8 	  43.56	 -12.08	   8.38
	  0.474	 -0.222	  0.852
	  0.582	 -0.648	 -0.491
	  0.663	  0.727	 -0.178

9 	  49.78	 -12.45	  15.57
	  0.466	  0.066	  0.882
	  0.214	  0.959	 -0.186
	 -0.859	  0.276	  0.431

2 	  32.87	  -7.05	  22.75
	  0.657	  0.753	 -0.022
	 -0.755	  0.656	 -0.018
	  0.002	  0.029	  0.999

3 	  47.37	  -1.60	   2.48
	  0.382	  0.126	  0.915
	 -0.020	  0.991	 -0.129
	 -0.924	  0.031	  0.381

4 	  43.33	   5.54	  -2.78
	  0.487	  0.863	  0.135
	 -0.856	  0.440	  0.270
	  0.174	 -0.247	  0.953

5 	  43.80	   8.96	   8.63
	  0.498	  0.349	  0.794
	 -0.427	 -0.699	  0.573
	  0.757	 -0.623	 -0.199

6 	  50.71	   9.79	  16.03
	  0.500	  0.007	  0.866
	 -0.167	  0.982	  0.089
	 -0.850	 -0.190	  0.492

7 	  42.40	  -7.63	  -2.55
	  0.533	 -0.846	 -0.018
	  0.795	  0.507	 -0.332
	  0.292	  0.162	  0.943

8 	  43.63	 -12.04	   8.44
	  0.477	 -0.206	  0.854
	  0.593	 -0.643	 -0.484
	  0.651	  0.736	 -0.184

9 	  49.82	 -12.36	  15.63
	  0.457	  0.065	  0.887
	  0.213	  0.960	 -0.181
	 -0.864	  0.272	  0.423

2 	  32.85	  -7.05	  22.75
	  0.657	  0.753	 -0.022
	 -0.754	  0.656	 -0.018
	  0.002	  0.029	  0.999

3 	  47.39	  -1.63	   2.44
	  0.384	  0.127	  0.914
	 -0.017	  0.991	 -0.131
	 -0.923	  0.035	  0.382

4 	  43.33	   5.50	  -2.79
	  0.489	  0.862	  0.130
	 -0.854	  0.443	  0.272
	  0.177	 -0.245	  0.953

5 	  43.80	   8.93	   8.61
	  0.497	  0.348	  0.795
	 -0.429	 -0.699	  0.572
	  0.756	 -0.624	 -0.199

6 	  50.70	   9.72	  16.05
	  0.498	  0.005	  0.867
	 -0.166	  0.982	  0.089
	 -0.851	 -0.189	  0.490

7 	  42.42	  -7.70	  -2.51
	  0.534	 -0.845	 -0.014
	  0.794	  0.506	 -0.336
	  0.293	  0.168	  0.941

8 	  43.68	 -11.99	   8.53
	  0.476	 -0.190	  0.859
	  0.604	 -0.639	 -0.475
	  0.641	  0.744	 -0.189

9 	  49.80	 -12.23	  15.73
	  0.451	  0.072	  0.889
	  0.205	  0.961	 -0.183
	 -0.869	  0.266	  0.417

2 	  32.87	  -7.07	  22.75
	  0.657	  0.753	 -0.022
	 -0.755	  0.656	 -0.018
	  0.002	  0.029	  0.999

3 	  47.39	  -1.65	   2.43
	  0.385	  0.128	  0.914
	 -0.017	  0.991	 -0.133
	 -0.923	  0.036	  0.383

4 	  43.29	   5.47	  -2.81
	  0.490	  0.862	  0.127
	 -0.854	  0.444	  0.271
	  0.178	 -0.242	  0.954

5 	  43.72	   8.88	   8.60
	  0.491	  0.350	  0.797
	 -0.430	 -0.700	  0.570
	  0.759	 -0.621	 -0.194

6 	  50.50	   9.74	  16.14
	  0.485	  0.016	  0.874
	 -0.177	  0.981	  0.080
	 -0.857	 -0.195	  0.476

7 	  42.40	  -7.72	  -2.51
	  0.532	 -0.846	 -0.013
	  0.795	  0.504	 -0.337
	  0.294	  0.169	  0.941

8 	  43.63	 -11.97	   8.58
	  0.471	 -0.186	  0.862
	  0.608	 -0.640	 -0.469
	  0.640	  0.745	 -0.188

9 	  49.68	 -12.16	  15.91
	  0.439	  0.073	  0.895
	  0.205	  0.962	 -0.181
	 -0.875	  0.264	  0.405

2 	  32.87	  -7.07	  22.75
	  0.657	  0.753	 -0.022
	 -0.754	  0.656	 -0.018
	  0.002	  0.029	  0.999

3 	  47.37	  -1.67	   2.44
	  0.385	  0.129	  0.914
	 -0.016	  0.991	 -0.134
	 -0.923	  0.036	  0.383

4 	  43.28	   5.43	  -2.79
	  0.487	  0.864	  0.128
	 -0.856	  0.442	  0.269
	  0.176	 -0.241	  0.954

5 	  43.65	   8.84	   8.61
	  0.487	  0.349	  0.801
	 -0.430	 -0.703	  0.566
	  0.762	 -0.618	 -0.192

6 	  50.38	   9.76	  16.21
	  0.479	  0.019	  0.877
	 -0.185	  0.979	  0.080
	 -0.858	 -0.202	  0.473

7 	  42.36	  -7.73	  -2.43
	  0.532	 -0.847	 -0.008
	  0.795	  0.501	 -0.340
	  0.293	  0.173	  0.940

8 	  43.51	 -11.92	   8.68
	  0.461	 -0.177	  0.869
	  0.615	 -0.643	 -0.456
	  0.641	  0.744	 -0.187

9 	  49.43	 -12.09	  16.12
	  0.423	  0.074	  0.903
	  0.211	  0.961	 -0.179
	 -0.881	  0.267	  0.390

2 	  32.87	  -7.07	  22.75
	  0.657	  0.753	 -0.022
	 -0.754	  0.656	 -0.018
	  0.002	  0.029	  0.999

3 	  47.34	  -1.69	   2.48
	  0.385	  0.129	  0.913
	 -0.017	  0.991	 -0.134
	 -0.923	  0.036	  0.384

4 	  43.26	   5.43	  -2.78
	  0.487	  0.864	  0.128
	 -0.856	  0.442	  0.268
	  0.175	 -0.240	  0.955

5 	  43.65	   8.84	   8.63
	  0.486	  0.349	  0.801
	 -0.431	 -0.703	  0.565
	  0.762	 -0.618	 -0.192

6 	  50.38	   9.76	  16.24
	  0.478	  0.020	  0.878
	 -0.187	  0.979	  0.080
	 -0.858	 -0.203	  0.472

7 	  42.35	  -7.75	  -2.43
	  0.530	 -0.848	 -0.007
	  0.796	  0.500	 -0.342
	  0.294	  0.175	  0.939

8 	  43.51	 -11.90	   8.70
	  0.461	 -0.174	  0.870
	  0.618	 -0.642	 -0.454
	  0.639	  0.746	 -0.187

9 	  49.43	 -12.08	  16.14
	  0.421	  0.075	  0.903
	  0.209	  0.961	 -0.179
	 -0.882	  0.265	  0.388

2 	  32.87	  -7.05	  22.75
	  0.657	  0.753	 -0.022
	 -0.754	  0.656	 -0.018
	  0.002	  0.029	  0.999

3 	  47.34	  -1.69	   2.50
	  0.385	  0.128	  0.914
	 -0.020	  0.991	 -0.131
	 -0.923	  0.032	  0.383

4 	  43.26	   5.45	  -2.76
	  0.487	  0.864	  0.130
	 -0.856	  0.442	  0.267
	  0.174	 -0.241	  0.955

5 	  43.61	   8.84	   8.68
	  0.484	  0.346	  0.803
	 -0.430	 -0.707	  0.561
	  0.764	 -0.615	 -0.194

6 	  50.29	   9.76	  16.29
	  0.476	  0.019	  0.879
	 -0.193	  0.978	  0.083
	 -0.858	 -0.210	  0.469

7 	  42.36	  -7.72	  -2.43
	  0.532	 -0.847	 -0.008
	  0.795	  0.501	 -0.342
	  0.295	  0.175	  0.939

8 	  43.51	 -11.88	   8.70
	  0.458	 -0.173	  0.872
	  0.621	 -0.640	 -0.452
	  0.638	  0.747	 -0.185

9 	  49.39	 -12.04	  16.15
	  0.416	  0.075	  0.906
	  0.209	  0.962	 -0.177
	 -0.885	  0.264	  0.384

