% Calibrated with leiden_pols
% Positions are in centimeters
Data =[
 2    99.181   -21.959    59.174
 2     0.548    -0.837    -0.000
 2     0.835     0.547     0.057
 2    -0.047    -0.032     0.998
 3   101.149    -3.780    11.269
 3     0.105    -0.046     0.993
 3    -0.028     0.998     0.049
 3    -0.994    -0.033     0.104
 4   113.053    13.865     0.332
 4     0.655    -0.656     0.377
 4     0.755     0.585    -0.296
 4    -0.026     0.477     0.878
 5   130.835    26.482    43.155
 5     0.403    -0.421    -0.813
 5    -0.008     0.886    -0.462
 5     0.915     0.192     0.354
 6   111.402    20.443    33.105
 6    -0.359     0.120     0.926
 6    -0.342     0.906    -0.249
 6    -0.869    -0.405    -0.284
 7   113.733   -18.520    -1.026
 7     0.765     0.591     0.256
 7    -0.610     0.792    -0.005
 7    -0.206    -0.152     0.966
 8   131.935   -29.713    40.111
 8     0.582     0.352    -0.733
 8     0.083     0.871     0.484
 8     0.809    -0.343     0.477
 9   109.392   -31.967    27.906
 9    -0.271    -0.750     0.605
 9     0.112     0.599     0.792
 9    -0.956     0.282    -0.078
 2    99.180   -21.959    59.174
 2     0.548    -0.837     0.000
 2     0.835     0.547     0.056
 2    -0.047    -0.031     0.998
 3   101.155    -3.781    11.275
 3     0.102    -0.048     0.993
 3    -0.028     0.998     0.051
 3    -0.994    -0.033     0.101
 4   113.103    13.865     0.332
 4     0.656    -0.656     0.376
 4     0.755     0.585    -0.296
 4    -0.026     0.477     0.878
 5   130.735    26.482    43.103
 5     0.403    -0.424    -0.812
 5    -0.007     0.885    -0.464
 5     0.915     0.192     0.353
 6   111.356    20.445    33.048
 6    -0.359     0.118     0.926
 6    -0.342     0.907    -0.247
 6    -0.868    -0.405    -0.285
 7   113.736   -18.520    -1.028
 7     0.765     0.591     0.257
 7    -0.611     0.792    -0.003
 7    -0.205    -0.154     0.966
 8   132.049   -29.580    40.030
 8     0.574     0.341    -0.744
 8     0.083     0.880     0.467
 8     0.814    -0.330     0.477
 9   109.362   -31.944    27.964
 9    -0.256    -0.749     0.613
 9     0.121     0.603     0.788
 9    -0.959     0.275    -0.062
 2    99.181   -21.959    59.174
 2     0.548    -0.837    -0.000
 2     0.835     0.547     0.057
 2    -0.047    -0.032     0.998
 3   101.155    -3.781    11.275
 3     0.102    -0.048     0.993
 3    -0.028     0.998     0.051
 3    -0.994    -0.033     0.101
 4   113.105    13.866     0.329
 4     0.656    -0.655     0.376
 4     0.754     0.585    -0.297
 4    -0.025     0.478     0.877
 5   130.689    26.485    43.144
 5     0.401    -0.430    -0.810
 5    -0.006     0.882    -0.470
 5     0.916     0.193     0.351
 6   111.305    20.394    33.055
 6    -0.359     0.115     0.927
 6    -0.342     0.907    -0.244
 6    -0.869    -0.404    -0.286
 7   113.739   -18.518    -1.031
 7     0.766     0.590     0.256
 7    -0.610     0.792    -0.002
 7    -0.204    -0.155     0.966
 8   132.068   -29.576    40.053
 8     0.568     0.341    -0.749
 8     0.080     0.883     0.463
 8     0.819    -0.323     0.474
 9   109.364   -31.945    28.015
 9    -0.255    -0.749     0.612
 9     0.122     0.602     0.788
 9    -0.959     0.275    -0.062
 2    99.181   -21.959    59.123
 2     0.548    -0.837     0.000
 2     0.835     0.547     0.056
 2    -0.047    -0.031     0.998
 3   101.155    -3.781    11.275
 3     0.102    -0.048     0.993
 3    -0.028     0.998     0.051
 3    -0.994    -0.033     0.101
 4   113.105    13.866     0.329
 4     0.656    -0.655     0.376
 4     0.754     0.585    -0.298
 4    -0.025     0.478     0.877
 5   130.688    26.537    43.144
 5     0.401    -0.430    -0.810
 5    -0.005     0.882    -0.470
 5     0.916     0.192     0.351
 6   111.357    20.396    33.047
 6    -0.358     0.114     0.927
 6    -0.343     0.907    -0.244
 6    -0.868    -0.405    -0.286
 7   113.691   -18.543    -1.034
 7     0.766     0.590     0.256
 7    -0.610     0.792    -0.000
 7    -0.203    -0.155     0.967
 8   132.011   -29.579    40.141
 8     0.570     0.345    -0.745
 8     0.079     0.880     0.468
 8     0.817    -0.326     0.474
 9   109.380   -31.907    28.043
 9    -0.250    -0.748     0.616
 9     0.128     0.604     0.786
 9    -0.960     0.275    -0.054
 2    99.180   -21.959    59.174
 2     0.548    -0.837     0.000
 2     0.835     0.547     0.056
 2    -0.047    -0.031     0.998
 3   101.149    -3.792    11.363
 3     0.101    -0.048     0.994
 3    -0.029     0.998     0.051
 3    -0.995    -0.034     0.099
 4   113.105    13.815     0.329
 4     0.657    -0.655     0.376
 4     0.754     0.585    -0.298
 4    -0.025     0.478     0.877
 5   130.689    26.537    43.145
 5     0.401    -0.431    -0.809
 5    -0.004     0.881    -0.471
 5     0.916     0.191     0.352
 6   111.308    20.396    32.996
 6    -0.359     0.114     0.927
 6    -0.344     0.907    -0.244
 6    -0.868    -0.405    -0.286
 7   113.696   -18.541    -1.040
 7     0.766     0.590     0.255
 7    -0.610     0.792     0.001
 7    -0.201    -0.156     0.967
 8   131.964   -29.657    40.143
 8     0.572     0.353    -0.741
 8     0.075     0.876     0.475
 8     0.817    -0.328     0.474
 9   109.355   -31.907    28.094
 9    -0.250    -0.747     0.617
 9     0.128     0.605     0.785
 9    -0.960     0.275    -0.054
 2    99.180   -21.959    59.174
 2     0.548    -0.837     0.000
 2     0.835     0.547     0.056
 2    -0.047    -0.031     0.998
 3   101.077    -3.843    11.365
 3     0.100    -0.050     0.994
 3    -0.029     0.998     0.052
 3    -0.995    -0.034     0.098
 4   113.103    13.814     0.332
 4     0.657    -0.654     0.377
 4     0.753     0.585    -0.298
 4    -0.026     0.479     0.877
 5   130.664    26.537    43.144
 5     0.401    -0.432    -0.809
 5    -0.004     0.881    -0.471
 5     0.916     0.191     0.351
 6   111.283    20.395    32.997
 6    -0.359     0.115     0.926
 6    -0.343     0.907    -0.245
 6    -0.868    -0.405    -0.286
 7   113.694   -18.542    -1.036
 7     0.766     0.590     0.256
 7    -0.611     0.792     0.001
 7    -0.202    -0.157     0.966
 8   131.964   -29.632    40.143
 8     0.571     0.352    -0.741
 8     0.075     0.877     0.475
 8     0.817    -0.327     0.474
 9   109.220   -31.855    28.056
 9    -0.292    -0.744     0.602
 9     0.069     0.610     0.788
 9    -0.954     0.271    -0.126
 2    99.181   -21.908    59.174
 2     0.548    -0.837     0.000
 2     0.835     0.547     0.056
 2    -0.047    -0.031     0.998
 3   101.081    -3.790    11.369
 3     0.100    -0.050     0.994
 3    -0.029     0.998     0.053
 3    -0.995    -0.035     0.098
 4   113.104    13.865     0.328
 4     0.657    -0.654     0.377
 4     0.753     0.585    -0.300
 4    -0.025     0.480     0.876
 5   130.689    26.537    43.094
 5     0.401    -0.431    -0.810
 5    -0.004     0.882    -0.470
 5     0.916     0.190     0.351
 6   111.307    20.397    32.936
 6    -0.359     0.114     0.927
 6    -0.346     0.906    -0.245
 6    -0.867    -0.408    -0.285
 7   113.697   -18.541    -0.988
 7     0.766     0.590     0.256
 7    -0.611     0.791     0.003
 7    -0.201    -0.158     0.966
 8   132.022   -29.630    40.081
 8     0.568     0.356    -0.742
 8     0.073     0.876     0.476
 8     0.819    -0.325     0.472
 9   109.115   -31.760    28.040
 9    -0.297    -0.742     0.602
 9     0.057     0.615     0.786
 9    -0.953     0.267    -0.140
 2    99.180   -21.959    59.174
 2     0.548    -0.837     0.000
 2     0.835     0.547     0.056
 2    -0.047    -0.031     0.998
 3   101.092    -3.847    11.381
 3     0.099    -0.051     0.994
 3    -0.031     0.998     0.054
 3    -0.995    -0.036     0.098
 4   113.109    13.816     0.322
 4     0.659    -0.652     0.377
 4     0.752     0.584    -0.303
 4    -0.023     0.482     0.875
 5   130.692    26.590    42.970
 5     0.401    -0.426    -0.812
 5    -0.001     0.885    -0.464
 5     0.916     0.186     0.355
 6   111.319    20.405    32.824
 6    -0.363     0.113     0.925
 6    -0.355     0.901    -0.248
 6    -0.862    -0.418    -0.287
 7   113.699   -18.591    -0.940
 7     0.766     0.590     0.256
 7    -0.611     0.791     0.003
 7    -0.200    -0.159     0.966
 8   132.022   -29.657    40.132
 8     0.569     0.357    -0.741
 8     0.070     0.876     0.476
 8     0.819    -0.323     0.473
 9   109.044   -31.700    28.122
 9    -0.300    -0.739     0.604
 9     0.050     0.619     0.783
 9    -0.953     0.264    -0.148
 2    99.180   -21.959    59.174
 2     0.548    -0.837     0.000
 2     0.835     0.547     0.056
 2    -0.047    -0.031     0.998
 3   101.106    -3.846    11.393
 3     0.099    -0.053     0.994
 3    -0.032     0.998     0.056
 3    -0.995    -0.038     0.097
 4   113.112    13.765     0.319
 4     0.660    -0.651     0.377
 4     0.751     0.585    -0.305
 4    -0.022     0.483     0.874
 5   130.736    26.614    42.979
 5     0.403    -0.425    -0.812
 5     0.000     0.886    -0.463
 5     0.915     0.185     0.356
 6   111.304    20.407    32.867
 6    -0.367     0.113     0.923
 6    -0.355     0.901    -0.250
 6    -0.860    -0.419    -0.290
 7   113.698   -18.591    -0.936
 7     0.766     0.589     0.257
 7    -0.611     0.791     0.005
 7    -0.201    -0.161     0.966
 8   132.077   -29.579    40.119
 8     0.566     0.353    -0.745
 8     0.069     0.880     0.469
 8     0.821    -0.317     0.474
 9   109.044   -31.694    28.161
 9    -0.302    -0.740     0.602
 9     0.048     0.618     0.784
 9    -0.952     0.265    -0.151
 2    99.180   -21.959    59.174
 2     0.548    -0.837     0.000
 2     0.835     0.547     0.056
 2    -0.047    -0.031     0.998
 3   101.106    -3.846    11.393
 3     0.099    -0.053     0.994
 3    -0.032     0.998     0.056
 3    -0.995    -0.038     0.097
 4   113.111    13.816     0.369
 4     0.660    -0.651     0.378
 4     0.751     0.584    -0.306
 4    -0.022     0.484     0.874
 5   130.686    26.614    42.979
 5     0.403    -0.425    -0.812
 5    -0.000     0.886    -0.463
 5     0.915     0.185     0.356
 6   111.334    20.408    32.814
 6    -0.370     0.114     0.922
 6    -0.354     0.900    -0.252
 6    -0.859    -0.420    -0.292
 7   113.702   -18.640    -0.942
 7     0.766     0.589     0.257
 7    -0.611     0.792     0.006
 7    -0.199    -0.161     0.966
 8   132.106   -29.578    40.063
 8     0.564     0.351    -0.748
 8     0.068     0.882     0.466
 8     0.822    -0.315     0.473
 9   109.151   -31.635    28.172
 9    -0.305    -0.742     0.598
 9     0.041     0.617     0.785
 9    -0.952     0.263    -0.157
 2    99.180   -21.959    59.174
 2     0.548    -0.837     0.000
 2     0.835     0.547     0.056
 2    -0.047    -0.031     0.998
 3   101.104    -3.846    11.392
 3     0.099    -0.053     0.993
 3    -0.032     0.998     0.056
 3    -0.995    -0.038     0.098
 4   113.083    13.772     0.370
 4     0.662    -0.653     0.371
 4     0.749     0.583    -0.312
 4    -0.013     0.483     0.875
 5   131.054    26.971    42.533
 5     0.414    -0.439    -0.799
 5     0.014     0.879    -0.475
 5     0.910     0.184     0.369
 6   111.569    20.536    32.779
 6    -0.392     0.105     0.914
 6    -0.369     0.893    -0.259
 6    -0.843    -0.438    -0.311
 7   113.650   -18.642    -0.884
 7     0.766     0.589     0.260
 7    -0.611     0.791     0.008
 7    -0.201    -0.165     0.965
 8   132.600   -30.037    39.569
 8     0.586     0.350    -0.732
 8     0.046     0.886     0.461
 8     0.809    -0.304     0.502
 9   109.654   -31.651    28.080
 9    -0.336    -0.732     0.594
 9     0.055     0.613     0.787
 9    -0.940     0.296    -0.165
 2    99.133   -21.958    59.171
 2     0.548    -0.837    -0.001
 2     0.835     0.546     0.057
 2    -0.046    -0.032     0.998
 3   101.104    -3.943    11.449
 3     0.101    -0.061     0.993
 3    -0.037     0.997     0.065
 3    -0.994    -0.043     0.099
 4   112.979    13.706     0.494
 4     0.659    -0.657     0.367
 4     0.752     0.577    -0.317
 4    -0.003     0.484     0.874
 5   133.733    28.507    40.097
 5     0.491    -0.452    -0.746
 5     0.057     0.870    -0.488
 5     0.869     0.196     0.453
 6   113.323    21.343    32.198
 6    -0.482     0.115     0.869
 6    -0.402     0.852    -0.334
 6    -0.778    -0.510    -0.365
 7   113.493   -18.703    -0.709
 7     0.768     0.577     0.278
 7    -0.602     0.798     0.008
 7    -0.217    -0.173     0.960
 8   135.859   -31.481    37.500
 8     0.672     0.373    -0.641
 8    -0.012     0.869     0.493
 8     0.740    -0.324     0.588
 9   112.424   -31.964    27.479
 9    -0.445    -0.704     0.554
 9     0.073     0.588     0.805
 9    -0.892     0.398    -0.210
 2    99.133   -21.958    59.171
 2     0.548    -0.837    -0.000
 2     0.835     0.546     0.056
 2    -0.046    -0.032     0.998
 3   101.129    -3.971    11.575
 3     0.098    -0.060     0.993
 3    -0.039     0.997     0.063
 3    -0.994    -0.045     0.095
 4   112.995    13.584     0.498
 4     0.663    -0.655     0.365
 4     0.749     0.576    -0.327
 4     0.004     0.489     0.871
 5   136.792    30.168    37.654
 5     0.644    -0.556    -0.528
 5     0.096     0.741    -0.663
 5     0.758     0.376     0.531
 6   115.480    21.580    32.114
 6    -0.567     0.056     0.822
 6    -0.401     0.853    -0.334
 6    -0.720    -0.518    -0.461
 7   113.451   -18.710    -0.662
 7     0.778     0.555     0.295
 7    -0.582     0.812     0.008
 7    -0.235    -0.177     0.955
 8   139.445   -31.799    34.820
 8     0.765     0.350    -0.541
 8    -0.022     0.853     0.521
 8     0.643    -0.387     0.660
 9   115.030   -31.877    26.761
 9    -0.554    -0.667     0.498
 9     0.058     0.565     0.822
 9    -0.830     0.484    -0.275
 2    99.181   -21.959    59.123
 2     0.548    -0.837     0.000
 2     0.835     0.547     0.056
 2    -0.047    -0.031     0.998
 3   101.161    -4.091    11.649
 3     0.087    -0.062     0.994
 3    -0.041     0.997     0.065
 3    -0.995    -0.046     0.084
 4   112.996    13.482     0.472
 4     0.664    -0.653     0.365
 4     0.748     0.576    -0.328
 4     0.004     0.490     0.871
 5   137.715    29.767    36.823
 5     0.757    -0.637    -0.150
 5     0.057     0.290    -0.955
 5     0.651     0.714     0.257
 6   116.497    21.367    32.430
 6    -0.637     0.077     0.767
 6    -0.333     0.870    -0.363
 6    -0.695    -0.487    -0.529
 7   113.283   -18.737    -0.597
 7     0.784     0.526     0.330
 7    -0.555     0.832    -0.004
 7    -0.276    -0.179     0.944
 8   143.121   -32.130    30.983
 8     0.856     0.308    -0.416
 8    -0.025     0.827     0.562
 8     0.516    -0.471     0.715
 9   118.330   -31.959    24.930
 9    -0.656    -0.618     0.434
 9     0.068     0.524     0.848
 9    -0.752     0.586    -0.302
 2    99.181   -21.959    59.123
 2     0.548    -0.837     0.000
 2     0.835     0.547     0.056
 2    -0.047    -0.031     0.998
 3   101.246    -4.241    11.779
 3     0.075    -0.075     0.994
 3    -0.047     0.996     0.078
 3    -0.996    -0.052     0.071
 4   112.737    13.218     0.280
 4     0.659    -0.652     0.377
 4     0.752     0.577    -0.317
 4    -0.010     0.492     0.870
 5   141.514    29.753    31.705
 5     0.807    -0.445    -0.389
 5     0.080     0.734    -0.674
 5     0.584     0.513     0.628
 6   119.240    22.457    30.209
 6    -0.711     0.036     0.703
 6    -0.390     0.811    -0.435
 6    -0.585    -0.583    -0.563
 7   112.988   -18.508    -0.847
 7     0.781     0.496     0.380
 7    -0.525     0.850    -0.031
 7    -0.339    -0.175     0.924
 8   145.955   -31.167    26.917
 8     0.914     0.203    -0.351
 8     0.011     0.851     0.525
 8     0.405    -0.483     0.776
 9   120.779   -31.851    22.889
 9    -0.727    -0.570     0.382
 9     0.082     0.480     0.873
 9    -0.682     0.666    -0.302
 2    99.131   -21.959    59.174
 2     0.548    -0.837     0.000
 2     0.835     0.546     0.057
 2    -0.047    -0.032     0.998
 3   101.400    -4.355    11.905
 3     0.065    -0.083     0.994
 3    -0.053     0.995     0.086
 3    -0.996    -0.058     0.061
 4   112.408    12.799    -0.120
 4     0.650    -0.648     0.399
 4     0.758     0.590    -0.276
 4    -0.057     0.481     0.874
 5   144.374    31.267    26.531
 5     0.885    -0.377    -0.274
 5     0.137     0.772    -0.621
 5     0.444     0.512     0.735
 6   122.324    23.414    27.666
 6    -0.784    -0.047     0.619
 6    -0.417     0.777    -0.470
 6    -0.459    -0.627    -0.629
 7   112.687   -18.504    -0.961
 7     0.772     0.471     0.428
 7    -0.499     0.865    -0.051
 7    -0.394    -0.174     0.902
 8   148.345   -30.348    23.158
 8     0.951     0.129    -0.278
 8     0.034     0.855     0.518
 8     0.305    -0.502     0.808
 9   123.158   -31.472    20.924
 9    -0.780    -0.539     0.318
 9     0.051     0.452     0.891
 9    -0.624     0.711    -0.325
 2    99.183   -21.958    59.171
 2     0.548    -0.837    -0.000
 2     0.835     0.546     0.056
 2    -0.046    -0.032     0.998
 3   101.488    -4.502    12.048
 3     0.056    -0.070     0.996
 3    -0.053     0.996     0.072
 3    -0.997    -0.057     0.052
 4   112.444    12.512    -0.361
 4     0.662    -0.627     0.413
 4     0.744     0.613    -0.264
 4    -0.088     0.481     0.871
 5   146.504    30.282    23.026
 5     0.945    -0.298    -0.139
 5     0.121     0.709    -0.695
 5     0.305     0.639     0.706
 6   124.908    22.862    26.153
 6    -0.844    -0.036     0.535
 6    -0.361     0.776    -0.517
 6    -0.396    -0.630    -0.668
 7   112.241   -18.385    -1.177
 7     0.753     0.453     0.478
 7    -0.475     0.876    -0.082
 7    -0.456    -0.165     0.874
 8   149.963   -29.575    19.664
 8     0.975     0.089    -0.203
 8     0.035     0.840     0.541
 8     0.218    -0.534     0.816
 9   125.270   -30.915    18.492
 9    -0.820    -0.504     0.270
 9     0.045     0.415     0.909
 9    -0.570     0.757    -0.318
 2    99.180   -21.959    59.174
 2     0.548    -0.837     0.000
 2     0.835     0.547     0.056
 2    -0.047    -0.031     0.998
 3   101.568    -4.577    12.267
 3     0.046    -0.067     0.997
 3    -0.053     0.996     0.069
 3    -0.998    -0.056     0.042
 4   112.113    12.189    -0.589
 4     0.662    -0.604     0.445
 4     0.737     0.631    -0.241
 4    -0.135     0.486     0.862
 5   147.801    28.950    19.908
 5     0.973    -0.214    -0.081
 5     0.083     0.657    -0.749
 5     0.213     0.722     0.657
 6   126.421    22.714    24.532
 6    -0.876    -0.044     0.480
 6    -0.335     0.770    -0.542
 6    -0.346    -0.636    -0.689
 7   111.787   -18.072    -1.791
 7     0.730     0.420     0.539
 7    -0.434     0.894    -0.108
 7    -0.528    -0.155     0.835
 8   151.749   -28.487    14.426
 8     0.993     0.017    -0.116
 8     0.051     0.829     0.556
 8     0.105    -0.558     0.823
 9   127.214   -30.118    15.414
 9    -0.863    -0.447     0.235
 9     0.048     0.391     0.919
 9    -0.503     0.805    -0.315
 2    99.181   -21.959    59.123
 2     0.548    -0.837     0.000
 2     0.835     0.547     0.056
 2    -0.047    -0.031     0.998
 3   101.529    -4.709    12.379
 3     0.038    -0.066     0.997
 3    -0.048     0.996     0.068
 3    -0.998    -0.051     0.035
 4   111.482    11.733    -1.155
 4     0.656    -0.572     0.495
 4     0.724     0.661    -0.196
 4    -0.215     0.486     0.847
 5   148.962    27.734    14.021
 5     0.998    -0.063    -0.015
 5     0.030     0.654    -0.756
 5     0.057     0.754     0.654
 6   128.068    22.939    21.585
 6    -0.906    -0.073     0.417
 6    -0.328     0.744    -0.582
 6    -0.268    -0.664    -0.698
 7   111.443   -17.746    -2.474
 7     0.707     0.390     0.590
 7    -0.398     0.909    -0.123
 7    -0.584    -0.147     0.798
 8   152.890   -27.032     9.452
 8     0.996    -0.074    -0.054
 8     0.091     0.842     0.531
 8     0.006    -0.534     0.845
 9   128.749   -29.410    12.325
 9    -0.894    -0.391     0.219
 9     0.056     0.388     0.920
 9    -0.445     0.834    -0.325
 2    99.180   -21.959    59.174
 2     0.548    -0.837     0.000
 2     0.835     0.547     0.056
 2    -0.047    -0.031     0.998
 3   101.440    -4.910    12.428
 3     0.033    -0.062     0.997
 3    -0.042     0.997     0.063
 3    -0.999    -0.044     0.031
 4   111.305    11.221    -1.629
 4     0.652    -0.545     0.528
 4     0.707     0.686    -0.166
 4    -0.272     0.481     0.832
 5   149.647    26.609    10.151
 5     0.999     0.025     0.012
 5    -0.008     0.667    -0.745
 5    -0.027     0.744     0.667
 6   129.073    22.697    19.525
 6    -0.918    -0.076     0.388
 6    -0.318     0.725    -0.610
 6    -0.235    -0.684    -0.690
 7   111.197   -17.301    -2.891
 7     0.690     0.376     0.619
 7    -0.376     0.916    -0.138
 7    -0.619    -0.138     0.773
 8   153.563   -25.541     5.191
 8     0.988    -0.153    -0.001
 8     0.132     0.850     0.509
 8    -0.077    -0.504     0.860
 9   129.997   -28.386     9.544
 9    -0.923    -0.334     0.189
 9     0.042     0.403     0.914
 9    -0.382     0.852    -0.358
 2    99.183   -21.958    59.171
 2     0.548    -0.837    -0.001
 2     0.835     0.546     0.057
 2    -0.046    -0.032     0.998
 3   101.281    -4.835    12.223
 3     0.034    -0.063     0.997
 3    -0.026     0.997     0.064
 3    -0.999    -0.028     0.033
 4   110.976    11.066    -1.964
 4     0.641    -0.518     0.568
 4     0.695     0.704    -0.143
 4    -0.326     0.486     0.811
 5   149.810    25.954     6.129
 5     0.991     0.121     0.045
 5    -0.049     0.675    -0.737
 5    -0.120     0.728     0.675
 6   129.939    22.973    17.462
 6    -0.927    -0.094     0.362
 6    -0.319     0.704    -0.634
 6    -0.195    -0.703    -0.683
 7   110.640   -16.868    -2.956
 7     0.667     0.365     0.650
 7    -0.342     0.924    -0.168
 7    -0.662    -0.110     0.741
 8   153.660   -23.853     1.295
 8     0.973    -0.221     0.061
 8     0.162     0.851     0.498
 8    -0.162    -0.475     0.865
 9   130.758   -27.294     7.614
 9    -0.934    -0.295     0.201
 9     0.077     0.385     0.920
 9    -0.349     0.874    -0.337
 2    99.180   -21.959    59.174
 2     0.548    -0.837     0.000
 2     0.835     0.547     0.056
 2    -0.047    -0.031     0.998
 3   101.051    -4.731    12.145
 3     0.035    -0.062     0.997
 3    -0.016     0.998     0.062
 3    -0.999    -0.018     0.034
 4   110.579    10.713    -2.282
 4     0.625    -0.495     0.604
 4     0.683     0.719    -0.118
 4    -0.376     0.486     0.788
 5   149.542    25.540     2.284
 5     0.976     0.195     0.090
 5    -0.071     0.687    -0.723
 5    -0.203     0.700     0.685
 6   130.717    23.126    15.100
 6    -0.934    -0.148     0.325
 6    -0.333     0.686    -0.647
 6    -0.128    -0.713    -0.690
 7   110.074   -16.556    -2.720
 7     0.645     0.367     0.670
 7    -0.314     0.927    -0.205
 7    -0.696    -0.078     0.713
 8   153.378   -22.363    -1.885
 8     0.952    -0.282     0.116
 8     0.190     0.846     0.496
 8    -0.238    -0.451     0.860
 9   131.126   -26.439     5.737
 9    -0.947    -0.238     0.217
 9     0.116     0.378     0.918
 9    -0.301     0.894    -0.330
 2    99.133   -21.958    59.171
 2     0.548    -0.837    -0.000
 2     0.835     0.546     0.056
 2    -0.046    -0.032     0.998
 3   100.931    -4.712    12.027
 3     0.034    -0.055     0.998
 3    -0.010     0.998     0.055
 3    -0.999    -0.012     0.034
 4   110.251    10.365    -2.417
 4     0.613    -0.474     0.633
 4     0.670     0.735    -0.099
 4    -0.418     0.485     0.767
 5   149.238    24.922    -1.462
 5     0.954     0.267     0.137
 5    -0.089     0.686    -0.722
 5    -0.287     0.676     0.678
 6   131.312    22.980    13.193
 6    -0.941    -0.176     0.290
 6    -0.330     0.675    -0.660
 6    -0.080    -0.716    -0.693
 7   109.695   -16.434    -2.744
 7     0.629     0.368     0.685
 7    -0.296     0.927    -0.227
 7    -0.719    -0.060     0.692
 8   152.604   -21.326    -5.812
 8     0.919    -0.345     0.191
 8     0.207     0.833     0.511
 8    -0.334    -0.432     0.838
 9   131.471   -25.707     3.586
 9    -0.962    -0.162     0.220
 9     0.141     0.394     0.908
 9    -0.234     0.905    -0.356
 2    99.133   -21.958    59.171
 2     0.548    -0.837    -0.001
 2     0.835     0.546     0.057
 2    -0.046    -0.032     0.998
 3   101.059    -4.818    12.331
 3     0.029    -0.046     0.998
 3    -0.016     0.999     0.046
 3    -0.999    -0.018     0.029
 4   109.725     9.865    -2.653
 4     0.598    -0.456     0.660
 4     0.657     0.749    -0.079
 4    -0.459     0.481     0.746
 5   148.361    24.358    -4.954
 5     0.926     0.333     0.177
 5    -0.101     0.669    -0.736
 5    -0.364     0.664     0.654
 6   131.612    22.779    11.347
 6    -0.943    -0.202     0.265
 6    -0.330     0.672    -0.663
 6    -0.044    -0.712    -0.701
 7   109.217   -16.439    -2.686
 7     0.610     0.363     0.704
 7    -0.277     0.930    -0.240
 7    -0.742    -0.048     0.668
 8   151.410   -20.826    -9.706
 8     0.879    -0.401     0.262
 8     0.212     0.815     0.537
 8    -0.428    -0.418     0.802
 9   131.511   -25.164     1.312
 9    -0.970    -0.097     0.221
 9     0.164     0.409     0.897
 9    -0.178     0.907    -0.381
 2    99.180   -21.959    59.174
 2     0.548    -0.837     0.000
 2     0.835     0.547     0.056
 2    -0.047    -0.031     0.998
 3   101.198    -5.011    12.673
 3     0.028    -0.032     0.999
 3    -0.031     0.999     0.032
 3    -0.999    -0.032     0.027
 4   109.043     9.207    -2.925
 4     0.582    -0.439     0.686
 4     0.639     0.766    -0.053
 4    -0.503     0.469     0.726
 5   147.118    23.192    -9.422
 5     0.884     0.416     0.213
 5    -0.126     0.651    -0.748
 5    -0.449     0.635     0.628
 6   131.759    22.341     8.372
 6    -0.941    -0.249     0.228
 6    -0.337     0.657    -0.674
 6     0.017    -0.711    -0.703
 7   108.475   -16.249    -2.755
 7     0.588     0.378     0.715
 7    -0.259     0.925    -0.276
 7    -0.766    -0.023     0.642
 8   149.573   -20.606   -13.757
 8     0.834    -0.438     0.339
 8     0.207     0.813     0.540
 8    -0.511    -0.382     0.770
 9   131.086   -24.865    -1.246
 9    -0.977    -0.022     0.214
 9     0.186     0.406     0.894
 9    -0.107     0.913    -0.393
 2    99.180   -21.959    59.174
 2     0.548    -0.837     0.000
 2     0.835     0.547     0.056
 2    -0.047    -0.031     0.998
 3   101.113    -5.150    12.768
 3     0.031    -0.013     0.999
 3    -0.039     0.999     0.014
 3    -0.999    -0.040     0.031
 4   108.492     8.576    -3.074
 4     0.566    -0.420     0.709
 4     0.619     0.784    -0.030
 4    -0.544     0.456     0.704
 5   144.824    21.750   -14.886
 5     0.811     0.522     0.269
 5    -0.157     0.632    -0.758
 5    -0.564     0.573     0.594
 6   131.943    21.902     4.803
 6    -0.936    -0.317     0.156
 6    -0.331     0.635    -0.697
 6     0.122    -0.704    -0.700
 7   107.611   -15.982    -2.754
 7     0.567     0.390     0.725
 7    -0.229     0.920    -0.315
 7    -0.791     0.012     0.612
 8   146.945   -20.120   -18.398
 8     0.774    -0.476     0.427
 8     0.208     0.817     0.532
 8    -0.599    -0.325     0.730
 9   130.387   -24.303    -4.156
 9    -0.979     0.058     0.195
 9     0.202     0.392     0.897
 9    -0.025     0.918    -0.396
 2    99.180   -21.959    59.174
 2     0.548    -0.837     0.000
 2     0.835     0.547     0.056
 2    -0.047    -0.031     0.998
 3   100.837    -5.041    12.850
 3     0.032    -0.004     0.999
 3    -0.032     0.999     0.005
 3    -0.999    -0.032     0.032
 4   107.821     8.367    -2.995
 4     0.553    -0.405     0.728
 4     0.607     0.793    -0.021
 4    -0.570     0.454     0.685
 5   142.362    21.045   -18.921
 5     0.741     0.593     0.318
 5    -0.173     0.622    -0.763
 5    -0.649     0.511     0.563
 6   131.719    21.784     2.106
 6    -0.922    -0.376     0.095
 6    -0.329     0.625    -0.708
 6     0.206    -0.684    -0.699
 7   106.818   -15.433    -2.784
 7     0.546     0.394     0.739
 7    -0.194     0.918    -0.346
 7    -0.815     0.045     0.578
 8   144.026   -19.268   -22.295
 8     0.708    -0.508     0.500
 8     0.220     0.821     0.520
 8    -0.672    -0.259     0.692
 9   129.691   -23.710    -6.962
 9    -0.973     0.147     0.179
 9     0.221     0.366     0.903
 9     0.067     0.918    -0.389
 2    99.133   -21.958    59.171
 2     0.548    -0.837    -0.000
 2     0.835     0.546     0.056
 2    -0.046    -0.032     0.998
 3   100.575    -5.005    12.890
 3     0.026    -0.002     0.999
 3    -0.021     1.000     0.003
 3    -0.999    -0.021     0.026
 4   107.261     8.400    -2.845
 4     0.534    -0.399     0.746
 4     0.607     0.794    -0.011
 4    -0.588     0.459     0.666
 5   140.110    21.455   -21.397
 5     0.695     0.620     0.367
 5    -0.160     0.627    -0.760
 5    -0.701     0.471     0.535
 6   131.023    22.108     0.385
 6    -0.903    -0.423     0.073
 6    -0.347     0.618    -0.705
 6     0.252    -0.662    -0.706
 7   106.049   -15.005    -2.679
 7     0.526     0.400     0.751
 7    -0.156     0.913    -0.377
 7    -0.836     0.080     0.542
 8   140.234   -18.331   -26.878
 8     0.614    -0.537     0.586
 8     0.241     0.827     0.503
 8    -0.752    -0.167     0.634
 9   128.606   -23.253    -9.890
 9    -0.957     0.248     0.153
 9     0.234     0.340     0.911
 9     0.174     0.907    -0.383
 2    99.183   -21.958    59.171
 2     0.548    -0.837    -0.000
 2     0.835     0.546     0.056
 2    -0.046    -0.032     0.998
 3   100.207    -4.992    13.229
 3     0.016    -0.008     1.000
 3    -0.011     1.000     0.008
 3    -1.000    -0.011     0.016
 4   106.460     8.574    -2.580
 4     0.508    -0.398     0.765
 4     0.620     0.784    -0.005
 4    -0.598     0.476     0.644
 5   137.650    21.901   -23.066
 5     0.641     0.661     0.394
 5    -0.170     0.619    -0.766
 5    -0.749     0.424     0.508
 6   130.173    22.627    -0.458
 6    -0.884    -0.463     0.063
 6    -0.370     0.610    -0.700
 6     0.285    -0.643    -0.711
 7   105.106   -14.617    -2.415
 7     0.494     0.421     0.761
 7    -0.132     0.901    -0.412
 7    -0.859     0.102     0.500
 8   136.932   -18.042   -29.362
 8     0.544    -0.539     0.649
 8     0.258     0.837     0.478
 8    -0.798    -0.092     0.591
 9   127.303   -23.290   -11.801
 9    -0.933     0.326     0.155
 9     0.262     0.314     0.912
 9     0.248     0.891    -0.378
 2    99.180   -21.959    59.174
 2     0.548    -0.837     0.000
 2     0.835     0.547     0.056
 2    -0.047    -0.031     0.998
 3    99.805    -4.859    13.408
 3     0.005    -0.017     1.000
 3    -0.003     1.000     0.017
 3    -1.000    -0.003     0.005
 4   105.673     8.455    -2.487
 4     0.487    -0.389     0.782
 4     0.620     0.784     0.003
 4    -0.615     0.483     0.622
 5   135.398    21.349   -25.054
 5     0.595     0.691     0.415
 5    -0.189     0.618    -0.762
 5    -0.781     0.375     0.496
 6   129.251    22.838    -1.945
 6    -0.865    -0.499     0.052
 6    -0.386     0.595    -0.704
 6     0.321    -0.630    -0.708
 7   104.444   -14.496    -2.174
 7     0.470     0.435     0.768
 7    -0.115     0.893    -0.435
 7    -0.875     0.115     0.470
 8   134.006   -17.691   -31.499
 8     0.483    -0.533     0.700
 8     0.271     0.845     0.456
 8    -0.833    -0.030     0.549
 9   126.179   -23.278   -13.465
 9    -0.909     0.390     0.146
 9     0.272     0.291     0.917
 9     0.315     0.873    -0.371
 2    99.180   -21.959    59.174
 2     0.548    -0.837     0.000
 2     0.835     0.547     0.056
 2    -0.047    -0.031     0.998
 3   101.021    -5.011    14.909
 3    -0.012    -0.014     1.000
 3    -0.016     1.000     0.013
 3    -1.000    -0.016    -0.012
 4   105.055     8.023    -2.490
 4     0.467    -0.387     0.795
 4     0.612     0.790     0.023
 4    -0.638     0.476     0.606
 5   133.119    20.440   -27.302
 5     0.546     0.712     0.446
 5    -0.214     0.629    -0.746
 5    -0.810     0.312     0.494
 6   128.290    22.642    -3.940
 6    -0.843    -0.536     0.038
 6    -0.396     0.570    -0.719
 6     0.364    -0.622    -0.693
 7   103.945   -14.618    -1.956
 7     0.454     0.448     0.770
 7    -0.108     0.885    -0.452
 7    -0.884     0.121     0.450
 8   131.170   -18.308   -33.168
 8     0.427    -0.513     0.749
 8     0.266     0.858     0.434
 8    -0.865     0.016     0.499
 9   125.024   -23.600   -14.772
 9    -0.880     0.453     0.142
 9     0.288     0.272     0.918
 9     0.377     0.848    -0.371
 2    99.180   -21.959    59.174
 2     0.548    -0.837     0.000
 2     0.835     0.547     0.056
 2    -0.047    -0.031     0.998
 3   100.974    -5.073    14.760
 3    -0.020    -0.002     1.000
 3    -0.032     0.999     0.001
 3    -0.999    -0.032    -0.020
 4   104.756     7.651    -2.497
 4     0.454    -0.377     0.807
 4     0.606     0.794     0.030
 4    -0.653     0.476     0.589
 5   130.456    19.403   -29.409
 5     0.475     0.744     0.473
 5    -0.245     0.625    -0.741
 5    -0.845     0.235     0.477
 6   127.663    22.562    -5.674
 6    -0.813    -0.581     0.013
 6    -0.405     0.548    -0.731
 6     0.418    -0.601    -0.682
 7   103.560   -14.716    -1.740
 7     0.440     0.466     0.767
 7    -0.108     0.876    -0.470
 7    -0.891     0.124     0.436
 8   127.975   -18.901   -34.949
 8     0.359    -0.484     0.801
 8     0.262     0.872     0.408
 8    -0.896     0.065     0.437
 9   123.624   -24.175   -16.282
 9    -0.837     0.525     0.155
 9     0.320     0.239     0.917
 9     0.444     0.816    -0.368
 2    99.180   -21.959    59.174
 2     0.548    -0.837     0.000
 2     0.835     0.547     0.056
 2    -0.047    -0.031     0.998
 3   100.787    -5.200    14.797
 3    -0.029     0.004     0.999
 3    -0.042     0.999    -0.005
 3    -0.999    -0.042    -0.029
 4   104.311     7.331    -2.510
 4     0.441    -0.370     0.818
 4     0.602     0.797     0.035
 4    -0.666     0.477     0.574
 5   128.543    18.417   -30.674
 5     0.421     0.770     0.482
 5    -0.275     0.612    -0.740
 5    -0.864     0.179     0.468
 6   127.038    22.409    -6.764
 6    -0.796    -0.605    -0.006
 6    -0.404     0.538    -0.740
 6     0.450    -0.587    -0.673
 7   103.247   -14.784    -1.572
 7     0.429     0.477     0.767
 7    -0.113     0.871    -0.478
 7    -0.896     0.118     0.427
 8   125.430   -19.063   -36.055
 8     0.303    -0.488     0.821
 8     0.263     0.868     0.417
 8    -0.916     0.092     0.389
 9   122.741   -24.317   -17.072
 9    -0.808     0.566     0.160
 9     0.337     0.221     0.915
 9     0.482     0.794    -0.370
 2    99.180   -21.959    59.174
 2     0.548    -0.837     0.000
 2     0.835     0.547     0.056
 2    -0.047    -0.031     0.998
 3   100.764    -5.230    14.987
 3    -0.041     0.004     0.999
 3    -0.044     0.999    -0.006
 3    -0.998    -0.044    -0.041
 4   104.065     7.273    -2.392
 4     0.435    -0.365     0.823
 4     0.599     0.799     0.037
 4    -0.672     0.478     0.566
 5   127.871    18.182   -30.907
 5     0.399     0.785     0.476
 5    -0.281     0.596    -0.751
 5    -0.873     0.166     0.456
 6   126.838    22.290    -6.946
 6    -0.793    -0.609    -0.018
 6    -0.402     0.544    -0.736
 6     0.458    -0.577    -0.676
 7   103.020   -14.893    -1.449
 7     0.423     0.479     0.769
 7    -0.116     0.870    -0.478
 7    -0.898     0.113     0.424
 8   124.916   -19.015   -36.157
 8     0.291    -0.490     0.824
 8     0.268     0.866     0.419
 8    -0.919     0.101     0.380
 9   122.529   -24.388   -17.193
 9    -0.804     0.573     0.162
 9     0.343     0.223     0.912
 9     0.486     0.789    -0.376
 2    99.180   -21.959    59.174
 2     0.548    -0.837     0.000
 2     0.835     0.547     0.056
 2    -0.047    -0.031     0.998
 3   100.697    -5.241    14.934
 3    -0.041     0.006     0.999
 3    -0.050     0.999    -0.008
 3    -0.998    -0.051    -0.040
 4   104.030     7.143    -2.432
 4     0.432    -0.364     0.825
 4     0.598     0.800     0.040
 4    -0.675     0.476     0.563
 5   127.045    17.920   -31.536
 5     0.374     0.797     0.477
 5    -0.283     0.586    -0.759
 5    -0.883     0.149     0.442
 6   126.602    22.128    -7.538
 6    -0.783    -0.622    -0.027
 6    -0.406     0.542    -0.736
 6     0.472    -0.565    -0.676
 7   102.926   -14.905    -1.373
 7     0.417     0.487     0.768
 7    -0.116     0.866    -0.486
 7    -0.902     0.113     0.417
 8   123.162   -18.950   -36.879
 8     0.253    -0.470     0.847
 8     0.275     0.872     0.401
 8    -0.928     0.133     0.347
 9   121.727   -24.503   -17.989
 9    -0.773     0.612     0.166
 9     0.356     0.202     0.912
 9     0.525     0.764    -0.375
 2    99.133   -21.958    59.171
 2     0.548    -0.837    -0.000
 2     0.835     0.547     0.056
 2    -0.046    -0.032     0.998
 3   100.695    -5.263    14.927
 3    -0.041     0.008     0.999
 3    -0.051     0.998    -0.010
 3    -0.998    -0.051    -0.040
 4   103.717     6.950    -2.350
 4     0.424    -0.350     0.835
 4     0.591     0.805     0.037
 4    -0.686     0.478     0.548
 5   124.467    17.427   -33.003
 5     0.308     0.813     0.496
 5    -0.294     0.575    -0.763
 5    -0.905     0.089     0.414
 6   125.733    22.128    -9.124
 6    -0.746    -0.664    -0.056
 6    -0.412     0.525    -0.744
 6     0.523    -0.532    -0.666
 7   102.426   -14.756    -1.133
 7     0.394     0.501     0.771
 7    -0.111     0.858    -0.501
 7    -0.912     0.111     0.393
 8   119.883   -19.094   -38.190
 8     0.186    -0.446     0.876
 8     0.276     0.879     0.387
 8    -0.943     0.171     0.284
 9   120.372   -24.529   -19.225
 9    -0.724     0.667     0.176
 9     0.381     0.173     0.908
 9     0.576     0.724    -0.380
 2    99.180   -21.959    59.174
 2     0.548    -0.837     0.000
 2     0.835     0.547     0.056
 2    -0.047    -0.031     0.998
 3   100.756    -5.219    15.271
 3    -0.052    -0.008     0.998
 3    -0.043     0.999     0.005
 3    -0.998    -0.042    -0.052
 4   103.258     6.938    -2.119
 4     0.402    -0.338     0.851
 4     0.591     0.805     0.040
 4    -0.699     0.487     0.523
 5   120.660    16.790   -34.556
 5     0.218     0.811     0.545
 5    -0.310     0.585    -0.749
 5    -0.925    -0.007     0.377
 6   124.420    22.198   -10.871
 6    -0.691    -0.717    -0.099
 6    -0.416     0.504    -0.756
 6     0.591    -0.482    -0.647
 7   102.144   -14.554    -0.946
 7     0.372     0.508     0.776
 7    -0.102     0.854    -0.510
 7    -0.922     0.110     0.370
 8   116.171   -18.430   -39.465
 8     0.098    -0.432     0.897
 8     0.290     0.873     0.389
 8    -0.952     0.223     0.209
 9   118.872   -24.227   -20.557
 9    -0.658     0.729     0.192
 9     0.423     0.147     0.894
 9     0.623     0.669    -0.405
 2    99.183   -21.958    59.171
 2     0.548    -0.837    -0.000
 2     0.835     0.546     0.056
 2    -0.046    -0.032     0.998
 3   100.762    -5.207    15.570
 3    -0.060    -0.029     0.998
 3    -0.036     0.999     0.027
 3    -0.998    -0.035    -0.061
 4   102.688     7.015    -1.843
 4     0.378    -0.331     0.865
 4     0.599     0.799     0.043
 4    -0.705     0.502     0.500
 5   118.168    16.570   -34.849
 5     0.165     0.782     0.601
 5    -0.332     0.617    -0.713
 5    -0.929    -0.083     0.360
 6   123.482    22.724   -11.720
 6    -0.652    -0.751    -0.117
 6    -0.420     0.482    -0.768
 6     0.631    -0.452    -0.630
 7   101.912   -14.446    -0.609
 7     0.359     0.506     0.784
 7    -0.107     0.857    -0.504
 7    -0.927     0.097     0.361
 8   113.761   -18.151   -39.802
 8     0.019    -0.466     0.885
