% Calibrated with leiden_pols
% Positions are in centimeters
Data =[
 2    99.181   -21.959    59.174
 2     0.548    -0.837    -0.000
 2     0.835     0.547     0.057
 2    -0.047    -0.032     0.998
 3   101.149    -3.780    11.269
 3     0.105    -0.046     0.993
 3    -0.028     0.998     0.049
 3    -0.994    -0.033     0.104
 4   113.053    13.865     0.332
 4     0.655    -0.656     0.377
 4     0.755     0.585    -0.296
 4    -0.026     0.477     0.878
 5   130.835    26.482    43.155
 5     0.403    -0.421    -0.813
 5    -0.008     0.886    -0.462
 5     0.915     0.192     0.354
 6   111.402    20.443    33.105
 6    -0.359     0.120     0.926
 6    -0.342     0.906    -0.249
 6    -0.869    -0.405    -0.284
 7   113.733   -18.520    -1.026
 7     0.765     0.591     0.256
 7    -0.610     0.792    -0.005
 7    -0.206    -0.152     0.966
 8   131.935   -29.713    40.111
 8     0.582     0.352    -0.733
 8     0.083     0.871     0.484
 8     0.809    -0.343     0.477
 9   109.392   -31.967    27.906
 9    -0.271    -0.750     0.605
 9     0.112     0.599     0.792
 9    -0.956     0.282    -0.078
 2    99.180   -21.959    59.174
 2     0.548    -0.837     0.000
 2     0.835     0.547     0.056
 2    -0.047    -0.031     0.998
 3   101.155    -3.781    11.275
 3     0.102    -0.048     0.993
 3    -0.028     0.998     0.051
 3    -0.994    -0.033     0.101
 4   113.103    13.865     0.332
 4     0.656    -0.656     0.376
 4     0.755     0.585    -0.296
 4    -0.026     0.477     0.878
 5   130.735    26.482    43.103
 5     0.403    -0.424    -0.812
 5    -0.007     0.885    -0.464
 5     0.915     0.192     0.353
 6   111.356    20.445    33.048
 6    -0.359     0.118     0.926
 6    -0.342     0.907    -0.247
 6    -0.868    -0.405    -0.285
 7   113.736   -18.520    -1.028
 7     0.765     0.591     0.257
 7    -0.611     0.792    -0.003
 7    -0.205    -0.154     0.966
 8   132.049   -29.580    40.030
 8     0.574     0.341    -0.744
 8     0.083     0.880     0.467
 8     0.814    -0.330     0.477
 9   109.362   -31.944    27.964
 9    -0.256    -0.749     0.613
 9     0.121     0.603     0.788
 9    -0.959     0.275    -0.062
 2    99.181   -21.959    59.174
 2     0.548    -0.837    -0.000
 2     0.835     0.547     0.057
 2    -0.047    -0.032     0.998
 3   101.155    -3.781    11.275
 3     0.102    -0.048     0.993
 3    -0.028     0.998     0.051
 3    -0.994    -0.033     0.101
 4   113.105    13.866     0.329
 4     0.656    -0.655     0.376
 4     0.754     0.585    -0.297
 4    -0.025     0.478     0.877
 5   130.689    26.485    43.144
 5     0.401    -0.430    -0.810
 5    -0.006     0.882    -0.470
 5     0.916     0.193     0.351
 6   111.305    20.394    33.055
 6    -0.359     0.115     0.927
 6    -0.342     0.907    -0.244
 6    -0.869    -0.404    -0.286
 7   113.739   -18.518    -1.031
 7     0.766     0.590     0.256
 7    -0.610     0.792    -0.002
 7    -0.204    -0.155     0.966
 8   132.068   -29.576    40.053
 8     0.568     0.341    -0.749
 8     0.080     0.883     0.463
 8     0.819    -0.323     0.474
 9   109.364   -31.945    28.015
 9    -0.255    -0.749     0.612
 9     0.122     0.602     0.788
 9    -0.959     0.275    -0.062
 2    99.181   -21.959    59.123
 2     0.548    -0.837     0.000
 2     0.835     0.547     0.056
 2    -0.047    -0.031     0.998
 3   101.155    -3.781    11.275
 3     0.102    -0.048     0.993
 3    -0.028     0.998     0.051
 3    -0.994    -0.033     0.101
 4   113.105    13.866     0.329
 4     0.656    -0.655     0.376
 4     0.754     0.585    -0.298
 4    -0.025     0.478     0.877
 5   130.688    26.537    43.144
 5     0.401    -0.430    -0.810
 5    -0.005     0.882    -0.470
 5     0.916     0.192     0.351
 6   111.357    20.396    33.047
 6    -0.358     0.114     0.927
 6    -0.343     0.907    -0.244
 6    -0.868    -0.405    -0.286
 7   113.691   -18.543    -1.034
 7     0.766     0.590     0.256
 7    -0.610     0.792    -0.000
 7    -0.203    -0.155     0.967
 8   132.011   -29.579    40.141
 8     0.570     0.345    -0.745
 8     0.079     0.880     0.468
 8     0.817    -0.326     0.474
 9   109.380   -31.907    28.043
 9    -0.250    -0.748     0.616
 9     0.128     0.604     0.786
 9    -0.960     0.275    -0.054
 2    99.180   -21.959    59.174
 2     0.548    -0.837     0.000
 2     0.835     0.547     0.056
 2    -0.047    -0.031     0.998
 3   101.149    -3.792    11.363
 3     0.101    -0.048     0.994
 3    -0.029     0.998     0.051
 3    -0.995    -0.034     0.099
 4   113.105    13.815     0.329
 4     0.657    -0.655     0.376
 4     0.754     0.585    -0.298
 4    -0.025     0.478     0.877
 5   130.689    26.537    43.145
 5     0.401    -0.431    -0.809
 5    -0.004     0.881    -0.471
 5     0.916     0.191     0.352
 6   111.308    20.396    32.996
 6    -0.359     0.114     0.927
 6    -0.344     0.907    -0.244
 6    -0.868    -0.405    -0.286
 7   113.696   -18.541    -1.040
 7     0.766     0.590     0.255
 7    -0.610     0.792     0.001
 7    -0.201    -0.156     0.967
 8   131.964   -29.657    40.143
 8     0.572     0.353    -0.741
 8     0.075     0.876     0.475
 8     0.817    -0.328     0.474
 9   109.355   -31.907    28.094
 9    -0.250    -0.747     0.617
 9     0.128     0.605     0.785
 9    -0.960     0.275    -0.054
 2    99.180   -21.959    59.174
 2     0.548    -0.837     0.000
 2     0.835     0.547     0.056
 2    -0.047    -0.031     0.998
 3   101.077    -3.843    11.365
 3     0.100    -0.050     0.994
 3    -0.029     0.998     0.052
 3    -0.995    -0.034     0.098
 4   113.103    13.814     0.332
 4     0.657    -0.654     0.377
 4     0.753     0.585    -0.298
 4    -0.026     0.479     0.877
 5   130.664    26.537    43.144
 5     0.401    -0.432    -0.809
 5    -0.004     0.881    -0.471
 5     0.916     0.191     0.351
 6   111.283    20.395    32.997
 6    -0.359     0.115     0.926
 6    -0.343     0.907    -0.245
 6    -0.868    -0.405    -0.286
 7   113.694   -18.542    -1.036
 7     0.766     0.590     0.256
 7    -0.611     0.792     0.001
 7    -0.202    -0.157     0.966
 8   131.964   -29.632    40.143
 8     0.571     0.352    -0.741
 8     0.075     0.877     0.475
 8     0.817    -0.327     0.474
 9   109.220   -31.855    28.056
 9    -0.292    -0.744     0.602
 9     0.069     0.610     0.788
 9    -0.954     0.271    -0.126
 2    99.181   -21.908    59.174
 2     0.548    -0.837     0.000
 2     0.835     0.547     0.056
 2    -0.047    -0.031     0.998
 3   101.081    -3.790    11.369
 3     0.100    -0.050     0.994
 3    -0.029     0.998     0.053
 3    -0.995    -0.035     0.098
 4   113.104    13.865     0.328
 4     0.657    -0.654     0.377
 4     0.753     0.585    -0.300
 4    -0.025     0.480     0.876
 5   130.689    26.537    43.094
 5     0.401    -0.431    -0.810
 5    -0.004     0.882    -0.470
 5     0.916     0.190     0.351
 6   111.307    20.397    32.936
 6    -0.359     0.114     0.927
 6    -0.346     0.906    -0.245
 6    -0.867    -0.408    -0.285
 7   113.697   -18.541    -0.988
 7     0.766     0.590     0.256
 7    -0.611     0.791     0.003
 7    -0.201    -0.158     0.966
 8   132.022   -29.630    40.081
 8     0.568     0.356    -0.742
 8     0.073     0.876     0.476
 8     0.819    -0.325     0.472
 9   109.115   -31.760    28.040
 9    -0.297    -0.742     0.602
 9     0.057     0.615     0.786
 9    -0.953     0.267    -0.140
 2    99.180   -21.959    59.174
 2     0.548    -0.837     0.000
 2     0.835     0.547     0.056
 2    -0.047    -0.031     0.998
 3   101.092    -3.847    11.381
 3     0.099    -0.051     0.994
 3    -0.031     0.998     0.054
 3    -0.995    -0.036     0.098
 4   113.109    13.816     0.322
 4     0.659    -0.652     0.377
 4     0.752     0.584    -0.303
 4    -0.023     0.482     0.875
 5   130.692    26.590    42.970
 5     0.401    -0.426    -0.812
 5    -0.001     0.885    -0.464
 5     0.916     0.186     0.355
