% Calibrated with leiden_pols
% Positions are in centimeters
Data =[
 2    99.137   -21.961    59.121
 2     0.556    -0.832    -0.000
 2     0.830     0.554     0.056
 2    -0.046    -0.032     0.998
 3   100.190    -3.445    11.761
 3     0.053    -0.090     0.994
 3    -0.000     0.996     0.089
 3    -0.999    -0.005     0.053
 4   111.187    13.734    -0.000
 4     0.600    -0.647     0.471
 4     0.798     0.523    -0.298
 4    -0.053     0.554     0.830
 5   130.667    29.492    41.471
 5     0.510    -0.775    -0.380
 5     0.143     0.507    -0.848
 5     0.848     0.377     0.370
 6   113.138    19.379    34.874
 6    -0.544    -0.015     0.839
 6    -0.152     0.985    -0.080
 6    -0.825    -0.171    -0.538
 7   111.502   -17.867    -1.509
 7     0.724     0.607     0.326
 7    -0.619     0.781    -0.079
 7    -0.303    -0.145     0.942
 8   132.918   -29.712    38.105
 8     0.614     0.408    -0.677
 8    -0.017     0.862     0.504
 8     0.789    -0.299     0.536
 9   109.157   -29.629    26.767
 9    -0.514    -0.554     0.655
 9     0.105     0.717     0.688
 9    -0.851     0.423    -0.310
 2    99.137   -21.961    59.121
 2     0.556    -0.832    -0.000
 2     0.830     0.554     0.056
 2    -0.046    -0.032     0.998
 3   100.310    -3.443    11.797
 3     0.056    -0.094     0.994
 3    -0.006     0.995     0.095
 3    -0.998    -0.011     0.055
 4   111.181    13.630    -0.098
 4     0.589    -0.668     0.455
 4     0.806     0.526    -0.270
 4    -0.059     0.525     0.848
 5   131.401    29.867    40.606
 5     0.582    -0.782    -0.227
 5     0.156     0.378    -0.912
 5     0.797     0.495     0.342
 6   113.967    19.417    34.539
 6    -0.615     0.029     0.788
 6    -0.146     0.978    -0.149
 6    -0.775    -0.207    -0.597
 7   111.467   -17.878    -1.420
 7     0.724     0.603     0.334
 7    -0.612     0.785    -0.090
 7    -0.317    -0.139     0.938
 8   136.399   -31.524    35.236
 8     0.760     0.523    -0.389
 8    -0.066     0.654     0.752
 8     0.646    -0.547     0.531
 9   112.238   -29.800    26.147
 9    -0.640    -0.492     0.592
 9     0.130     0.688     0.713
 9    -0.758     0.533    -0.376
 2    99.137   -21.961    59.070
 2     0.556    -0.832     0.000
 2     0.830     0.554     0.056
 2    -0.046    -0.031     0.998
 3   100.380    -3.776    12.070
 3     0.046    -0.122     0.991
 3    -0.018     0.992     0.123
 3    -0.999    -0.023     0.044
 4   110.831    13.313    -0.286
 4     0.590    -0.668     0.455
 4     0.804     0.535    -0.258
 4    -0.072     0.517     0.852
 5   138.810    30.197    32.248
 5     0.900    -0.435     0.010
 5     0.108     0.199    -0.974
 5     0.421     0.878     0.226
 6   119.371    21.341    31.365
 6    -0.809     0.041     0.587
 6    -0.189     0.927    -0.324
 6    -0.557    -0.373    -0.742
 7   110.941   -17.632    -1.764
 7     0.732     0.519     0.443
 7    -0.525     0.843    -0.119
 7    -0.435    -0.145     0.888
 8   144.690   -30.656    25.363
 8     0.953     0.252    -0.170
 8     0.039     0.452     0.891
 8     0.301    -0.855     0.421
 9   119.085   -30.508    21.423
 9    -0.818    -0.376     0.436
 9     0.157     0.583     0.797
 9    -0.554     0.720    -0.418
 2    99.137   -21.961    59.121
 2     0.556    -0.832    -0.000
 2     0.830     0.554     0.056
 2    -0.046    -0.032     0.998
 3   100.478    -4.025    12.109
 3     0.042    -0.141     0.989
 3    -0.018     0.990     0.142
 3    -0.999    -0.024     0.039
 4   110.443    12.425    -1.061
 4     0.602    -0.631     0.490
 4     0.784     0.581    -0.215
 4    -0.149     0.513     0.845
 5   144.340    28.994    22.098
 5     0.991    -0.130    -0.001
 5     0.029     0.227    -0.974
 5     0.126     0.965     0.228
 6   124.532    22.259    27.272
 6    -0.895     0.012     0.446
 6    -0.195     0.888    -0.416
 6    -0.402    -0.459    -0.792
 7   110.477   -17.345    -2.522
 7     0.701     0.482     0.527
 7    -0.474     0.865    -0.161
 7    -0.533    -0.136     0.834
 8   148.442   -29.427    17.532
 8     0.990     0.062    -0.127
 8     0.093     0.389     0.917
 8     0.107    -0.919     0.378
 9   122.861   -30.196    17.302
 9    -0.898    -0.279     0.341
 9     0.141     0.551     0.822
 9    -0.418     0.786    -0.455
 2    99.136   -21.961    59.121
 2     0.556    -0.832     0.000
 2     0.830     0.554     0.056
 2    -0.046    -0.031     0.998
 3   100.628    -4.208    12.038
 3     0.036    -0.128     0.991
 3    -0.015     0.991     0.128
 3    -0.999    -0.019     0.034
 4   110.428    11.938    -1.436
 4     0.612    -0.603     0.513
 4     0.764     0.617    -0.187
 4    -0.204     0.505     0.838
 5   146.067    28.447    17.142
 5     1.000    -0.003     0.016
 5     0.017     0.238    -0.971
 5    -0.001     0.971     0.237
 6   126.777    22.235    24.698
 6    -0.920     0.013     0.392
 6    -0.184     0.867    -0.462
 6    -0.346    -0.497    -0.796
 7   110.235   -17.066    -2.883
 7     0.683     0.454     0.572
 7    -0.435     0.882    -0.181
 7    -0.587    -0.125     0.800
 8   150.290   -28.429    13.066
 8     0.995    -0.027    -0.095
 8     0.097     0.399     0.912
 8     0.014    -0.917     0.398
 9   124.998   -29.286    14.864
 9    -0.913    -0.248     0.323
 9     0.149     0.536     0.831
 9    -0.379     0.807    -0.453
 2    99.137   -21.961    59.070
 2     0.556    -0.832     0.000
 2     0.830     0.554     0.056
 2    -0.046    -0.031     0.998
 3   100.684    -4.387    12.016
 3     0.033    -0.120     0.992
 3    -0.015     0.993     0.120
 3    -0.999    -0.019     0.031
 4   110.379    11.487    -1.791
 4     0.612    -0.583     0.536
 4     0.751     0.640    -0.161
 4    -0.249     0.501     0.828
 5   147.042    28.012    13.175
 5     0.996     0.081     0.032
 5     0.010     0.271    -0.963
 5    -0.087     0.959     0.268
 6   128.131    22.374    22.668
 6    -0.927     0.004     0.375
 6    -0.196     0.848    -0.492
 6    -0.320    -0.530    -0.786
 7   109.884   -16.809    -3.198
 7     0.663     0.438     0.607
 7    -0.402     0.892    -0.204
 7    -0.631    -0.108     0.767
 8   151.204   -27.143     9.258
 8     0.991    -0.108    -0.078
 8     0.116     0.426     0.897
 8    -0.064    -0.898     0.434
 9   126.271   -28.499    12.659
 9    -0.928    -0.204     0.311
 9     0.162     0.530     0.832
 9    -0.334     0.823    -0.459
 2    99.137   -21.961    59.121
 2     0.556    -0.832    -0.000
 2     0.830     0.554     0.056
 2    -0.046    -0.032     0.998
 3   100.681    -4.387    11.968
 3     0.030    -0.110     0.993
 3    -0.012     0.994     0.110
 3    -0.999    -0.015     0.029
 4   110.167    11.262    -2.116
 4     0.606    -0.558     0.568
 4     0.737     0.660    -0.139
 4    -0.297     0.502     0.811
 5   147.568    27.865    10.244
 5     0.990     0.129     0.047
 5     0.008     0.294    -0.956
 5    -0.136     0.947     0.289
 6   129.175    22.491    20.629
 6    -0.935    -0.008     0.354
 6    -0.203     0.832    -0.516
 6    -0.290    -0.555    -0.780
 7   109.405   -16.377    -3.428
 7     0.638     0.426     0.642
 7    -0.370     0.900    -0.229
 7    -0.675    -0.092     0.731
 8   151.669   -26.234     5.445
 8     0.983    -0.174    -0.050
 8     0.124     0.453     0.883
 8    -0.131    -0.874     0.466
 9   127.348   -27.708    10.364
 9    -0.942    -0.153     0.300
 9     0.177     0.531     0.828
 9    -0.286     0.833    -0.473
 2    99.136   -21.986    59.121
 2     0.556    -0.832     0.000
 2     0.830     0.554     0.056
 2    -0.046    -0.031     0.998
 3   100.572    -4.474    12.108
 3     0.026    -0.100     0.995
 3    -0.009     0.995     0.100
 3    -1.000    -0.012     0.025
 4   109.775    10.796    -2.532
 4     0.595    -0.529     0.606
 4     0.720     0.684    -0.110
 4    -0.357     0.501     0.787
 5   147.850    27.571     5.952
 5     0.978     0.193     0.074
 5     0.008     0.329    -0.945
 5    -0.206     0.924     0.320
 6   130.214    22.644    17.984
 6    -0.944    -0.033     0.327
 6    -0.217     0.810    -0.544
 6    -0.247    -0.585    -0.772
 7   109.151   -16.066    -3.521
 7     0.617     0.403     0.677
 7    -0.330     0.912    -0.242
 7    -0.715    -0.074     0.695
 8   151.917   -25.230     1.377
 8     0.969    -0.244    -0.014
 8     0.131     0.472     0.872
 8    -0.206    -0.847     0.488
 9   128.394   -26.883     7.794
 9    -0.947    -0.106     0.305
 9     0.209     0.517     0.829
 9    -0.245     0.849    -0.468
 2    99.136   -21.986    59.121
 2     0.556    -0.832     0.000
 2     0.830     0.554     0.056
 2    -0.046    -0.031     0.998
 3   100.594    -4.596    12.080
 3     0.026    -0.084     0.996
 3    -0.008     0.996     0.084
 3    -1.000    -0.011     0.025
 4   109.520    10.344    -2.839
 4     0.586    -0.504     0.635
 4     0.703     0.704    -0.091
 4    -0.401     0.500     0.767
 5   148.093    26.983     2.432
 5     0.965     0.244     0.089
 5    -0.003     0.356    -0.935
 5    -0.260     0.902     0.344
 6   130.977    22.476    15.609
 6    -0.951    -0.041     0.307
 6    -0.217     0.794    -0.568
 6    -0.221    -0.606    -0.764
 7   108.851   -15.751    -3.683
 7     0.594     0.385     0.706
 7    -0.290     0.921    -0.258
 7    -0.750    -0.051     0.659
 8   152.124   -23.832    -1.997
 8     0.954    -0.300     0.010
 8     0.142     0.483     0.864
 8    -0.265    -0.822     0.503
 9   129.227   -25.956     6.033
 9    -0.956    -0.082     0.282
 9     0.204     0.505     0.838
 9    -0.211     0.859    -0.466
 2    99.136   -21.986    59.121
 2     0.556    -0.832     0.000
 2     0.830     0.554     0.056
 2    -0.046    -0.031     0.998
 3   100.569    -4.606    12.113
 3     0.026    -0.057     0.998
 3    -0.008     0.998     0.057
 3    -1.000    -0.010     0.026
 4   109.420     9.940    -3.220
 4     0.584    -0.473     0.661
 4     0.679     0.728    -0.080
 4    -0.444     0.495     0.746
 5   148.375    26.219    -0.915
 5     0.949     0.295     0.109
 5    -0.008     0.370    -0.929
 5    -0.315     0.881     0.353
 6   131.876    22.136    13.613
 6    -0.958    -0.049     0.283
 6    -0.213     0.785    -0.582
 6    -0.193    -0.618    -0.762
 7   108.523   -15.626    -3.683
 7     0.577     0.378     0.724
 7    -0.267     0.925    -0.269
 7    -0.771    -0.038     0.635
 8   151.997   -22.946    -4.874
 8     0.937    -0.346     0.049
 8     0.131     0.478     0.869
 8    -0.324    -0.807     0.493
 9   129.846   -25.041     4.286
 9    -0.966    -0.046     0.254
 9     0.196     0.512     0.836
 9    -0.169     0.857    -0.486
 2    99.137   -21.961    59.070
 2     0.556    -0.832     0.000
 2     0.830     0.554     0.056
 2    -0.046    -0.031     0.998
 3   100.728    -4.796    12.405
 3     0.028    -0.035     0.999
 3    -0.016     0.999     0.035
 3    -1.000    -0.017     0.028
 4   109.021     9.437    -3.580
 4     0.575    -0.448     0.685
 4     0.659     0.749    -0.064
 4    -0.485     0.488     0.725
 5   148.154    25.693    -3.834
 5     0.933     0.334     0.131
 5    -0.008     0.384    -0.923
 5    -0.359     0.860     0.361
 6   132.322    21.640    11.703
 6    -0.964    -0.058     0.261
 6    -0.208     0.776    -0.594
 6    -0.168    -0.627    -0.760
 7   108.258   -15.977    -3.611
 7     0.561     0.365     0.743
 7    -0.259     0.930    -0.261
 7    -0.786    -0.046     0.616
 8   151.444   -22.829    -7.466
 8     0.912    -0.400     0.087
 8     0.106     0.437     0.893
 8    -0.395    -0.806     0.441
 9   130.160   -24.413     2.865
 9    -0.968     0.005     0.253
 9     0.215     0.538     0.815
 9    -0.132     0.843    -0.522
 2    99.137   -21.986    59.121
 2     0.556    -0.832    -0.000
 2     0.830     0.554     0.056
 2    -0.046    -0.032     0.998
 3   100.733    -5.018    12.434
 3     0.039    -0.023     0.999
 3    -0.029     0.999     0.024
 3    -0.999    -0.030     0.038
 4   108.544     8.968    -3.708
 4     0.565    -0.434     0.703
 4     0.643     0.764    -0.046
 4    -0.517     0.478     0.710
 5   147.488    24.761    -7.430
 5     0.906     0.393     0.154
 5    -0.017     0.397    -0.918
 5    -0.422     0.829     0.366
 6   132.640    21.131     9.299
 6    -0.969    -0.079     0.234
 6    -0.209     0.771    -0.602
 6    -0.133    -0.632    -0.764
 7   107.858   -16.081    -3.535
 7     0.541     0.365     0.758
 7    -0.252     0.930    -0.268
 7    -0.802    -0.046     0.595
 8   150.280   -23.817   -10.773
 8     0.880    -0.453     0.142
 8     0.063     0.408     0.910
 8    -0.470    -0.793     0.388
 9   130.243   -24.164     0.762
 9    -0.969     0.080     0.235
 9     0.239     0.555     0.796
 9    -0.067     0.828    -0.557
 2    99.136   -21.961    59.121
 2     0.556    -0.832     0.000
 2     0.830     0.554     0.056
 2    -0.046    -0.031     0.998
 3   100.619    -4.987    12.469
 3     0.047    -0.001     0.999
 3    -0.039     0.999     0.003
 3    -0.998    -0.039     0.047
 4   108.061     8.570    -4.032
 4     0.557    -0.411     0.722
 4     0.621     0.782    -0.036
 4    -0.551     0.469     0.690
 5   146.651    23.436   -10.859
 5     0.873     0.461     0.158
 5    -0.045     0.400    -0.916
 5    -0.485     0.792     0.369
 6   132.690    20.665     7.435
 6    -0.972    -0.094     0.214
 6    -0.208     0.767    -0.607
 6    -0.107    -0.635    -0.765
 7   106.863   -15.949    -3.480
 7     0.510     0.386     0.769
 7    -0.249     0.921    -0.297
 7    -0.823    -0.040     0.566
 8   148.702   -24.233   -13.640
 8     0.849    -0.495     0.184
 8     0.043     0.411     0.910
 8    -0.526    -0.765     0.371
 9   129.597   -24.278    -0.752
 9    -0.964     0.129     0.233
 9     0.264     0.553     0.790
 9    -0.027     0.823    -0.568
 2    99.087   -21.986    59.121
 2     0.556    -0.831    -0.000
 2     0.829     0.555     0.056
 2    -0.046    -0.032     0.998
 3   100.537    -5.082    12.816
 3     0.039     0.003     0.999
 3    -0.046     0.999    -0.001
 3    -0.998    -0.046     0.039
 4   107.277     8.081    -3.991
 4     0.535    -0.404     0.743
 4     0.613     0.789    -0.014
 4    -0.581     0.463     0.669
 5   144.934    22.811   -14.177
 5     0.828     0.530     0.183
 5    -0.061     0.411    -0.910
 5    -0.556     0.741     0.372
 6   132.362    20.425     4.967
 6    -0.973    -0.137     0.185
 6    -0.224     0.755    -0.616
 6    -0.055    -0.641    -0.766
 7   106.268   -15.992    -2.962
 7     0.480     0.394     0.784
 7    -0.241     0.918    -0.314
 7    -0.844    -0.038     0.535
 8   147.072   -24.509   -16.393
 8     0.806    -0.547     0.226
 8     0.027     0.414     0.909
 8    -0.591    -0.727     0.349
 9   129.341   -24.167    -2.398
 9    -0.958     0.193     0.213
 9     0.286     0.559     0.778
 9     0.031     0.806    -0.590
 2    99.139   -22.036    59.119
 2     0.557    -0.831    -0.000
 2     0.829     0.555     0.055
 2    -0.045    -0.032     0.998
 3   101.037    -5.147    13.671
 3    -0.003     0.007     1.000
 3    -0.047     0.999    -0.007
 3    -0.999    -0.047    -0.003
 4   106.916     7.983    -3.881
 4     0.518    -0.396     0.758
 4     0.608     0.793    -0.002
 4    -0.601     0.462     0.652
 5   143.125    22.483   -17.431
 5     0.775     0.597     0.209
 5    -0.074     0.413    -0.907
 5    -0.628     0.687     0.365
 6   132.118    20.564     3.070
 6    -0.970    -0.178     0.164
 6    -0.242     0.753    -0.612
 6    -0.015    -0.633    -0.774
 7   105.693   -15.908    -2.778
 7     0.448     0.401     0.799
 7    -0.228     0.915    -0.331
 7    -0.864    -0.034     0.501
 8   144.969   -24.572   -19.714
 8     0.746    -0.612     0.265
 8     0.024     0.420     0.906
 8    -0.666    -0.670     0.328
 9   128.874   -23.975    -4.411
 9    -0.948     0.256     0.187
 9     0.302     0.554     0.775
 9     0.095     0.792    -0.604
 2    99.139   -22.036    59.169
 2     0.557    -0.831    -0.000
 2     0.829     0.555     0.056
 2    -0.045    -0.032     0.998
 3   100.973    -5.107    13.842
 3    -0.007     0.012     1.000
 3    -0.045     0.999    -0.012
 3    -0.999    -0.045    -0.006
 4   106.602     7.864    -3.811
 4     0.511    -0.389     0.767
 4     0.601     0.798     0.004
 4    -0.615     0.459     0.641
 5   141.897    22.168   -19.367
 5     0.740     0.637     0.218
 5    -0.086     0.410    -0.908
 5    -0.667     0.652     0.358
 6   131.783    20.586     1.678
 6    -0.966    -0.203     0.157
 6    -0.257     0.755    -0.603
 6     0.003    -0.623    -0.782
 7   105.179   -15.590    -2.692
 7     0.424     0.409     0.808
 7    -0.208     0.912    -0.352
 7    -0.882    -0.019     0.471
 8   143.353   -24.118   -22.090
 8     0.710    -0.639     0.301
 8     0.017     0.438     0.897
 8    -0.704    -0.632     0.322
 9   128.578   -23.388    -6.052
 9    -0.942     0.297     0.156
 9     0.301     0.543     0.783
 9     0.148     0.785    -0.601
 2    99.139   -22.036    59.169
 2     0.557    -0.831    -0.000
 2     0.829     0.555     0.056
 2    -0.045    -0.032     0.998
 3   100.932    -4.932    13.930
 3    -0.007     0.023     1.000
 3    -0.041     0.999    -0.024
 3    -0.999    -0.042    -0.006
 4   106.501     7.903    -3.806
 4     0.507    -0.382     0.773
 4     0.595     0.803     0.006
 4    -0.624     0.457     0.634
 5   141.104    21.851   -20.845
 5     0.716     0.659     0.230
 5    -0.090     0.412    -0.906
 5    -0.692     0.628     0.354
 6   131.812    20.420     0.867
 6    -0.965    -0.214     0.149
 6    -0.261     0.754    -0.603
 6     0.017    -0.621    -0.784
 7   104.758   -15.255    -2.779
 7     0.408     0.413     0.814
 7    -0.187     0.910    -0.368
 7    -0.893    -0.002     0.449
 8   142.177   -23.391   -23.681
 8     0.686    -0.657     0.319
 8     0.016     0.447     0.893
 8    -0.727    -0.607     0.318
 9   128.136   -22.771    -7.232
 9    -0.938     0.320     0.134
 9     0.295     0.531     0.794
 9     0.182     0.784    -0.593
 2    99.186   -21.986    59.198
 2     0.556    -0.832    -0.001
 2     0.830     0.554     0.056
 2    -0.046    -0.032     0.998
 3   100.926    -4.906    14.019
 3    -0.014     0.022     1.000
 3    -0.044     0.999    -0.022
 3    -0.999    -0.044    -0.013
 4   106.053     7.706    -3.850
 4     0.491    -0.388     0.780
 4     0.590     0.806     0.029
 4    -0.641     0.446     0.624
 5   139.500    21.755   -22.778
 5     0.687     0.679     0.263
 5    -0.089     0.436    -0.895
 5    -0.721     0.590     0.360
 6   131.140    20.498    -0.723
 6    -0.957    -0.252     0.143
 6    -0.286     0.741    -0.608
 6     0.047    -0.622    -0.781
 7   104.573   -15.087    -2.686
 7     0.403     0.415     0.815
 7    -0.177     0.909    -0.376
 7    -0.898     0.007     0.440
 8   141.144   -23.220   -24.644
 8     0.662    -0.673     0.334
 8     0.024     0.460     0.886
 8    -0.749    -0.579     0.321
 9   127.985   -22.872    -7.845
 9    -0.929     0.348     0.127
 9     0.305     0.524     0.795
 9     0.210     0.777    -0.593
 2    99.187   -21.986    59.172
 2     0.556    -0.832    -0.001
 2     0.830     0.554     0.056
 2    -0.046    -0.032     0.998
 3   101.044    -4.923    14.252
 3    -0.019     0.010     1.000
 3    -0.041     0.999    -0.011
 3    -0.999    -0.041    -0.019
 4   105.770     7.702    -3.532
 4     0.476    -0.387     0.790
 4     0.595     0.802     0.034
 4    -0.648     0.454     0.612
 5   137.056    22.047   -25.039
 5     0.629     0.715     0.306
 5    -0.095     0.460    -0.882
 5    -0.771     0.526     0.357
 6   130.463    21.131    -2.258
 6    -0.942    -0.310     0.125
 6    -0.320     0.727    -0.607
 6     0.097    -0.612    -0.785
 7   104.347   -15.063    -2.413
 7     0.382     0.419     0.824
 7    -0.168     0.908    -0.384
 7    -0.909     0.008     0.417
 8   139.477   -23.763   -26.435
 8     0.617    -0.697     0.370
 8     0.011     0.473     0.879
 8    -0.787    -0.539     0.299
 9   127.500   -23.072    -9.204
 9    -0.908     0.405     0.109
 9     0.326     0.519     0.790
 9     0.263     0.753    -0.604
 2    99.186   -22.037    59.172
 2     0.556    -0.832    -0.000
 2     0.830     0.554     0.056
 2    -0.046    -0.032     0.998
 3   101.103    -4.895    14.508
 3    -0.025     0.011     0.999
 3    -0.037     0.999    -0.012
 3    -0.999    -0.037    -0.025
 4   105.454     7.638    -3.497
 4     0.462    -0.385     0.799
 4     0.593     0.803     0.044
 4    -0.660     0.454     0.599
 5   135.542    21.950   -26.662
 5     0.598     0.727     0.340
 5    -0.100     0.486    -0.867
 5    -0.795     0.484     0.363
 6   129.892    21.335    -3.444
 6    -0.931    -0.345     0.119
 6    -0.342     0.709    -0.617
 6     0.128    -0.615    -0.778
 7   103.960   -15.041    -2.224
 7     0.358     0.423     0.832
 7    -0.145     0.906    -0.398
 7    -0.922     0.021     0.385
 8   136.102   -23.869   -29.539
 8     0.539    -0.722     0.439
 8     0.006     0.520     0.852
 8    -0.843    -0.456     0.283
 9   126.697   -23.210   -11.579
 9    -0.871     0.485     0.072
 9     0.338     0.487     0.805
 9     0.355     0.726    -0.589
 2    99.186   -22.037    59.172
 2     0.556    -0.832    -0.000
 2     0.830     0.554     0.056
 2    -0.046    -0.032     0.998
 3   100.973    -4.927    14.588
 3    -0.030     0.013     0.999
 3    -0.041     0.999    -0.015
 3    -0.999    -0.041    -0.029
 4   105.202     7.450    -3.321
 4     0.455    -0.376     0.807
 4     0.588     0.807     0.044
 4    -0.668     0.455     0.588
 5   134.298    20.998   -27.937
 5     0.558     0.758     0.341
 5    -0.119     0.478    -0.870
 5    -0.821     0.444     0.356
 6   129.617    20.849    -4.391
 6    -0.929    -0.361     0.086
 6    -0.333     0.709    -0.621
 6     0.162    -0.605    -0.779
 7   103.288   -15.007    -1.877
 7     0.326     0.435     0.839
 7    -0.126     0.900    -0.417
 7    -0.937     0.030     0.348
 8   132.652   -23.912   -31.973
 8     0.462    -0.743     0.489
 8     0.018     0.556     0.829
 8    -0.887    -0.374     0.269
 9   125.511   -23.364   -13.358
 9    -0.833     0.552     0.045
 9     0.347     0.456     0.819
 9     0.431     0.697    -0.572
 2    99.186   -22.037    59.172
 2     0.556    -0.832    -0.000
 2     0.830     0.554     0.056
 2    -0.046    -0.032     0.998
 3   100.968    -4.912    14.754
 3    -0.036     0.021     0.999
 3    -0.044     0.999    -0.022
 3    -0.998    -0.045    -0.035
 4   104.753     7.256    -3.152
 4     0.441    -0.369     0.818
 4     0.583     0.810     0.050
 4    -0.682     0.455     0.572
 5   132.301    20.398   -29.491
 5     0.513     0.778     0.366
 5    -0.132     0.490    -0.861
 5    -0.848     0.393     0.354
 6   129.011    20.702    -5.773
 6    -0.918    -0.392     0.056
 6    -0.336     0.697    -0.633
 6     0.209    -0.600    -0.772
 7   102.663   -14.941    -1.531
 7     0.297     0.449     0.842
 7    -0.105     0.892    -0.439
 7    -0.949     0.042     0.312
 8   129.715   -23.504   -33.679
 8     0.401    -0.747     0.534
 8     0.029     0.590     0.805
 8    -0.916    -0.307     0.256
 9   124.483   -23.305   -14.763
 9    -0.799     0.601     0.023
 9     0.349     0.432     0.831
 9     0.490     0.672    -0.555
 2    99.185   -21.962    59.124
 2     0.556    -0.832     0.000
 2     0.830     0.554     0.057
 2    -0.047    -0.032     0.998
 3   100.730    -4.970    14.699
 3    -0.037     0.023     0.999
 3    -0.052     0.998    -0.025
 3    -0.998    -0.053    -0.035
 4   104.470     7.068    -3.177
 4     0.431    -0.363     0.826
 4     0.580     0.812     0.053
 4    -0.691     0.456     0.560
 5   130.453    19.764   -30.780
 5     0.463     0.802     0.380
 5    -0.147     0.490    -0.859
 5    -0.874     0.341     0.343
 6   128.471    20.609    -6.905
 6    -0.905    -0.425     0.031
 6    -0.346     0.690    -0.635
 6     0.248    -0.586    -0.772
 7   102.412   -14.966    -1.360
 7     0.277     0.460     0.843
 7    -0.090     0.886    -0.454
 7    -0.957     0.050     0.287
 8   127.587   -23.613   -34.769
 8     0.352    -0.751     0.562
 8     0.029     0.606     0.793
 8    -0.936    -0.262     0.233
 9   123.695   -23.565   -15.931
 9    -0.765     0.644     0.012
 9     0.359     0.410     0.838
 9     0.534     0.645    -0.546
 2    99.187   -21.986    59.172
 2     0.556    -0.832    -0.001
 2     0.830     0.554     0.056
 2    -0.046    -0.032     0.998
 3   100.528    -5.092    14.515
 3    -0.032     0.018     0.999
 3    -0.061     0.998    -0.020
 3    -0.998    -0.062    -0.031
 4   104.250     6.799    -3.136
 4     0.417    -0.359     0.835
 4     0.575     0.815     0.063
 4    -0.704     0.454     0.546
 5   127.715    19.002   -32.690
 5     0.393     0.818     0.422
 5    -0.168     0.513    -0.841
 5    -0.904     0.260     0.338
 6   127.691    20.715    -8.896
 6    -0.876    -0.483    -0.006
 6    -0.362     0.663    -0.655
 6     0.319    -0.572    -0.756
 7   102.316   -15.080    -1.165
 7     0.265     0.471     0.841
 7    -0.081     0.880    -0.468
 7    -0.961     0.056     0.271
 8   125.326   -24.621   -35.619
 8     0.296    -0.746     0.599
 8     0.016     0.628     0.776
 8    -0.955    -0.219     0.196
 9   122.933   -24.209   -16.801
 9    -0.721     0.692     0.013
 9     0.387     0.386     0.837
 9     0.574     0.609    -0.547
 2    99.237   -21.986    59.172
 2     0.556    -0.832    -0.000
 2     0.830     0.554     0.056
 2    -0.046    -0.032     0.998
 3   100.510    -5.178    14.429
 3    -0.030     0.016     0.999
 3    -0.066     0.997    -0.018
 3    -0.997    -0.066    -0.029
 4   104.116     6.504    -3.149
 4     0.410    -0.349     0.842
 4     0.566     0.821     0.065
 4    -0.715     0.450     0.535
 5   125.258    18.327   -34.187
 5     0.330     0.826     0.458
 5    -0.185     0.531    -0.826
 5    -0.926     0.187     0.326
 6   126.933    20.610   -10.498
 6    -0.848    -0.529    -0.032
 6    -0.377     0.644    -0.665
 6     0.372    -0.553    -0.746
 7   102.042   -15.234    -0.991
 7     0.243     0.488     0.838
 7    -0.069     0.871    -0.487
 7    -0.968     0.060     0.245
 8   122.225   -25.005   -36.761
 8     0.223    -0.740     0.636
 8     0.022     0.655     0.754
 8    -0.974    -0.153     0.160
 9   121.779   -24.745   -17.930
 9    -0.668     0.744     0.014
 9     0.407     0.349     0.844
 9     0.622     0.570    -0.536
 2    99.187   -21.986    59.172
 2     0.556    -0.832    -0.000
 2     0.830     0.554     0.056
 2    -0.046    -0.032     0.998
 3   100.482    -5.254    14.426
 3    -0.031     0.014     0.999
 3    -0.069     0.997    -0.016
 3    -0.997    -0.069    -0.030
 4   103.900     6.259    -3.007
 4     0.401    -0.340     0.851
 4     0.557     0.827     0.067
 4    -0.727     0.448     0.521
 5   122.610    17.979   -35.396
 5     0.263     0.830     0.493
 5    -0.192     0.544    -0.816
 5    -0.945     0.120     0.301
 6   126.103    20.659   -11.714
 6    -0.818    -0.573    -0.060
 6    -0.392     0.628    -0.671
 6     0.422    -0.526    -0.739
 7   101.851   -15.207    -0.708
 7     0.221     0.495     0.840
 7    -0.063     0.866    -0.495
 7    -0.973     0.056     0.223
 8   119.441   -25.306   -37.687
 8     0.169    -0.707     0.688
 8     0.019     0.699     0.714
 8    -0.985    -0.106     0.130
 9   120.698   -25.009   -18.909
 9    -0.618     0.786     0.015
 9     0.427     0.318     0.846
 9     0.660     0.530    -0.532
 2    99.187   -21.986    59.172
 2     0.556    -0.832    -0.000
 2     0.830     0.554     0.056
 2    -0.046    -0.032     0.998
 3   100.439    -5.249    14.603
 3    -0.035     0.008     0.999
 3    -0.067     0.998    -0.010
 3    -0.997    -0.067    -0.035
 4   103.621     6.204    -2.823
 4     0.389    -0.333     0.859
 4     0.559     0.826     0.066
 4    -0.732     0.455     0.507
 5   120.752    18.303   -35.590
 5     0.209     0.841     0.500
 5    -0.179     0.534    -0.826
 5    -0.961     0.083     0.260
 6   125.604    20.845   -12.122
 6    -0.800    -0.594    -0.090
 6    -0.399     0.638    -0.658
 6     0.447    -0.491    -0.748
 7   101.711   -15.210    -0.602
 7     0.220     0.499     0.838
 7    -0.061     0.865    -0.498
 7    -0.974     0.058     0.221
 8   119.790   -25.248   -37.184
 8     0.172    -0.721     0.672
 8     0.023     0.684     0.728
 8    -0.985    -0.109     0.133
 9   120.776   -24.923   -18.404
 9    -0.628     0.778     0.020
 9     0.434     0.328     0.839
 9     0.646     0.536    -0.543
 2    99.187   -21.986    59.121
 2     0.556    -0.832     0.000
 2     0.830     0.554     0.056
 2    -0.046    -0.032     0.998
 3   100.446    -5.245    14.731
 3    -0.040    -0.002     0.999
 3    -0.066     0.998    -0.001
 3    -0.997    -0.065    -0.040
 4   103.525     6.364    -2.787
 4     0.385    -0.341     0.858
 4     0.566     0.821     0.072
 4    -0.729     0.458     0.508
 5   121.321    19.174   -35.164
 5     0.229     0.835     0.502
 5    -0.153     0.539    -0.828
 5    -0.961     0.112     0.249
 6   125.687    21.093   -11.668
 6    -0.806    -0.588    -0.076
 6    -0.412     0.646    -0.642
 6     0.426    -0.487    -0.762
 7   101.469   -14.797    -0.655
 7     0.218     0.510     0.832
 7    -0.045     0.857    -0.514
 7    -0.975     0.074     0.210
 8   119.475   -24.981   -37.434
 8     0.181    -0.681     0.711
 8     0.004     0.722     0.690
 8    -0.983    -0.121     0.131
 9   120.294   -24.501   -18.750
 9    -0.623     0.782     0.036
 9     0.446     0.316     0.837
 9     0.642     0.537    -0.546
 2    99.184   -21.962    59.175
 2     0.556    -0.832     0.000
 2     0.830     0.554     0.057
 2    -0.047    -0.032     0.998
 3   100.484    -5.123    14.775
 3    -0.044     0.002     0.999
 3    -0.064     0.998    -0.005
 3    -0.997    -0.065    -0.044
 4   103.586     6.419    -2.898
 4     0.388    -0.344     0.855
 4     0.568     0.819     0.072
 4    -0.726     0.458     0.513
 5   120.621    19.806   -35.227
 5     0.225     0.819     0.528
 5    -0.137     0.562    -0.815
 5    -0.965     0.111     0.236
 6   125.172    21.517   -11.699
 6    -0.790    -0.610    -0.064
 6    -0.437     0.632    -0.639
 6     0.429    -0.478    -0.767
 7   101.364   -14.614    -0.798
 7     0.216     0.522     0.825
 7    -0.033     0.849    -0.528
 7    -0.976     0.086     0.200
 8   118.880   -25.156   -37.547
 8     0.185    -0.627     0.758
 8    -0.006     0.770     0.637
 8    -0.983    -0.121     0.136
 9   119.774   -24.628   -18.929
 9    -0.608     0.793     0.053
 9     0.459     0.295     0.838
 9     0.648     0.533    -0.543
 2    99.187   -21.986    59.121
 2     0.556    -0.832    -0.000
 2     0.830     0.554     0.056
 2    -0.046    -0.032     0.998
 3   100.357    -5.067    15.019
 3    -0.052    -0.012     0.998
 3    -0.060     0.998     0.008
 3    -0.997    -0.060    -0.052
 4   103.219     6.422    -2.678
 4     0.376    -0.343     0.861
 4     0.574     0.815     0.073
 4    -0.727     0.467     0.503
 5   119.582    19.988   -35.313
 5     0.208     0.811     0.548
 5    -0.131     0.577    -0.805
 5    -0.969     0.096     0.224
 6   124.728    21.711   -11.829
 6    -0.778    -0.625    -0.068
 6    -0.447     0.625    -0.639
 6     0.441    -0.468    -0.766
 7   100.956   -14.629    -0.531
 7     0.203     0.525     0.826
 7    -0.034     0.847    -0.530
 7    -0.978     0.079     0.190
 8   118.233   -25.616   -37.592
 8     0.189    -0.553     0.813
 8    -0.037     0.822     0.567
 8    -0.981    -0.136     0.133
 9   119.247   -24.631   -18.963
 9    -0.600     0.798     0.056
 9     0.472     0.296     0.830
 9     0.646     0.525    -0.555
 2    99.187   -21.986    59.121
 2     0.556    -0.832    -0.000
 2     0.830     0.554     0.056
 2    -0.046    -0.032     0.998
 3   100.462    -5.019    15.259
 3    -0.065    -0.013     0.998
 3    -0.059     0.998     0.009
 3    -0.996    -0.058    -0.066
 4   102.930     6.496    -2.552
 4     0.371    -0.335     0.866
 4     0.575     0.815     0.069
 4    -0.729     0.473     0.495
 5   118.839    20.331   -35.306
 5     0.197     0.807     0.558
 5    -0.118     0.584    -0.803
 5    -0.973     0.091     0.209
 6   124.249    21.850   -11.859
 6    -0.770    -0.634    -0.073
 6    -0.455     0.625    -0.633
 6     0.447    -0.455    -0.770
 7   100.723   -14.619    -0.394
 7     0.190     0.526     0.829
 7    -0.031     0.847    -0.530
 7    -0.981     0.075     0.177
 8   118.097   -26.933   -37.193
 8     0.181    -0.514     0.840
 8    -0.125     0.834     0.536
 8    -0.976    -0.200     0.085
 9   118.945   -24.450   -19.031
 9    -0.594     0.804     0.046
 9     0.481     0.307     0.820
 9     0.645     0.509    -0.570
 2    99.187   -21.986    59.121
 2     0.556    -0.832     0.000
 2     0.830     0.554     0.056
 2    -0.046    -0.032     0.998
 3   100.435    -5.001    15.503
 3    -0.079    -0.023     0.996
 3    -0.056     0.998     0.019
 3    -0.995    -0.054    -0.080
 4   102.610     6.498    -2.379
 4     0.359    -0.333     0.872
 4     0.580     0.811     0.071
 4    -0.731     0.480     0.484
 5   117.491    20.795   -35.351
 5     0.166     0.805     0.570
 5    -0.100     0.588    -0.802
 5    -0.981     0.075     0.176
 6   123.766    22.049   -12.044
 6    -0.758    -0.648    -0.089
 6    -0.463     0.627    -0.626
 6     0.460    -0.433    -0.775
 7   100.458   -14.725    -0.177
 7     0.176     0.528     0.831
 7    -0.038     0.847    -0.530
 7    -0.984     0.061     0.169
 8   117.740   -28.793   -36.416
 8     0.138    -0.719     0.683
 8    -0.176     0.660     0.729
 8    -0.975    -0.220    -0.037
 9   118.582   -24.568   -18.984
 9    -0.588     0.809     0.014
 9     0.491     0.342     0.801
 9     0.642     0.478    -0.599
 2    99.187   -21.986    59.121
 2     0.556    -0.832     0.000
 2     0.830     0.554     0.056
 2    -0.046    -0.032     0.998
 3   100.395    -5.065    15.616
 3    -0.088    -0.028     0.996
 3    -0.060     0.998     0.023
 3    -0.994    -0.057    -0.089
 4   102.362     6.363    -2.360
 4     0.353    -0.330     0.875
 4     0.577     0.813     0.074
 4    -0.737     0.479     0.477
 5   117.208    20.226   -35.453
 5     0.142     0.835     0.532
 5    -0.120     0.547    -0.828
 5    -0.983     0.054     0.176
 6   123.615    21.876   -12.253
 6    -0.756    -0.647    -0.102
 6    -0.456     0.631    -0.627
 6     0.469    -0.428    -0.772
 7   100.334   -14.921     0.009
 7     0.164     0.523     0.836
 7    -0.040     0.851    -0.524
 7    -0.986     0.052     0.161
 8   117.615   -28.657   -36.636
 8     0.119    -0.808     0.577
 8    -0.139     0.561     0.815
 8    -0.983    -0.176    -0.047
 9   118.567   -24.550   -19.153
 9    -0.587     0.810    -0.004
 9     0.477     0.348     0.807
 9     0.654     0.471    -0.591
 2    99.185   -21.987    59.124
 2     0.556    -0.832     0.000
 2     0.830     0.554     0.057
 2    -0.047    -0.032     0.998
 3   100.368    -5.121    15.647
 3    -0.089    -0.024     0.995
 3    -0.064     0.998     0.018
 3    -0.994    -0.062    -0.090
 4   102.315     6.120    -2.354
 4     0.353    -0.318     0.880
 4     0.566     0.821     0.070
 4    -0.745     0.474     0.469
 5   116.752    19.303   -35.806
 5     0.123     0.843     0.524
 5    -0.142     0.537    -0.831
 5    -0.982     0.027     0.184
 6   123.525    21.398   -12.838
 6    -0.755    -0.646    -0.118
 6    -0.443     0.631    -0.636
 6     0.484    -0.428    -0.763
 7   100.127   -14.996     0.243
 7     0.145     0.529     0.836
 7    -0.037     0.847    -0.529
 7    -0.989     0.046     0.143
 8   116.375   -28.068   -37.085
 8     0.091    -0.806     0.586
 8    -0.111     0.576     0.809
 8    -0.990    -0.138    -0.039
 9   118.025   -24.336   -19.795
 9    -0.566     0.825    -0.016
 9     0.458     0.329     0.825
 9     0.685     0.459    -0.565
 2    99.187   -21.986    59.121
 2     0.556    -0.832     0.000
 2     0.830     0.554     0.056
 2    -0.046    -0.032     0.998
 3   100.400    -5.158    15.706
 3    -0.094    -0.036     0.995
 3    -0.066     0.997     0.029
 3    -0.993    -0.063    -0.096
 4   102.117     5.985    -2.334
 4     0.347    -0.313     0.884
 4     0.561     0.824     0.071
 4    -0.751     0.472     0.461
 5   115.540    18.641   -36.181
 5     0.091     0.836     0.541
 5    -0.161     0.547    -0.821
 5    -0.983    -0.013     0.183
 6   122.937    21.189   -13.528
 6    -0.738    -0.662    -0.132
 6    -0.442     0.620    -0.647
 6     0.510    -0.420    -0.750
 7    99.967   -15.006     0.316
 7     0.138     0.534     0.834
 7    -0.036     0.844    -0.534
 7    -0.990     0.043     0.135
 8   115.653   -27.792   -37.222
 8     0.073    -0.798     0.599
 8    -0.090     0.592     0.800
 8    -0.993    -0.111    -0.030
 9   117.780   -24.483   -19.929
 9    -0.554     0.833    -0.013
 9     0.463     0.320     0.827
 9     0.692     0.452    -0.562
 2    99.184   -21.962    59.175
 2     0.556    -0.832     0.000
 2     0.830     0.554     0.057
 2    -0.047    -0.032     0.998
 3   100.344    -5.150    15.793
 3    -0.097    -0.044     0.994
 3    -0.062     0.997     0.038
 3    -0.993    -0.058    -0.100
 4   101.917     6.016    -2.220
 4     0.342    -0.317     0.885
 4     0.567     0.820     0.074
 4    -0.749     0.477     0.459
 5   115.810    18.556   -35.778
 5     0.096     0.830     0.549
 5    -0.174     0.557    -0.812
 5    -0.980    -0.018     0.197
 6   122.958    21.364   -13.323
 6    -0.739    -0.662    -0.129
 6    -0.441     0.617    -0.651
 6     0.510    -0.425    -0.748
 7   100.034   -15.088     0.413
 7     0.139     0.534     0.834
 7    -0.040     0.844    -0.534
 7    -0.990     0.041     0.138
 8   116.061   -27.351   -37.124
 8     0.083    -0.791     0.607
 8    -0.056     0.604     0.794
 8    -0.995    -0.099     0.004
 9   118.100   -24.702   -19.474
 9    -0.561     0.828     0.007
 9     0.466     0.308     0.829
 9     0.683     0.468    -0.559
 2    99.136   -21.986    59.172
 2     0.556    -0.832    -0.000
 2     0.830     0.554     0.056
 2    -0.046    -0.032     0.998
 3   100.430    -5.164    15.879
 3    -0.095    -0.036     0.995
 3    -0.059     0.998     0.030
 3    -0.994    -0.056    -0.096
 4   102.223     6.259    -2.073
 4     0.347    -0.328     0.879
 4     0.576     0.813     0.076
 4    -0.740     0.480     0.471
 5   117.228    18.896   -35.138
 5     0.118     0.836     0.536
 5    -0.177     0.548    -0.817
 5    -0.977     0.001     0.211
 6   123.587    21.667   -12.265
 6    -0.759    -0.643    -0.110
 6    -0.438     0.627    -0.644
 6     0.482    -0.440    -0.757
 7   100.689   -15.379     0.346
 7     0.166     0.510     0.844
 7    -0.049     0.859    -0.509
 7    -0.985     0.043     0.167
 8   118.253   -27.125   -36.681
 8     0.121    -0.804     0.583
 8    -0.038     0.583     0.811
 8    -0.992    -0.120     0.038
 9   119.365   -24.833   -18.635
 9    -0.601     0.799     0.008
 9     0.457     0.335     0.823
 9     0.655     0.498    -0.567
 2    99.186   -21.986    59.172
 2     0.556    -0.832     0.001
 2     0.830     0.554     0.055
 2    -0.046    -0.031     0.998
 3   100.450    -5.343    15.849
 3    -0.089    -0.034     0.995
 3    -0.060     0.998     0.028
 3    -0.994    -0.057    -0.090
 4   102.502     6.221    -2.052
 4     0.364    -0.342     0.866
 4     0.581     0.810     0.076
 4    -0.728     0.476     0.493
 5   118.357    18.853   -34.589
 5     0.136     0.832     0.538
 5    -0.192     0.554    -0.810
 5    -0.972     0.007     0.234
 6   124.090    21.651   -11.660
 6    -0.769    -0.633    -0.094
 6    -0.439     0.628    -0.642
 6     0.464    -0.453    -0.761
 7   100.803   -15.441     0.308
 7     0.178     0.510     0.841
 7    -0.051     0.859    -0.510
 7    -0.983     0.048     0.179
 8   118.835   -27.237   -36.560
 8     0.133    -0.802     0.583
