% Calibrated with leiden_pols
% Positions are in centimeters
Data =[
 2    99.137   -21.961    59.121
 2     0.556    -0.832    -0.000
 2     0.830     0.554     0.056
 2    -0.046    -0.032     0.998
 3   100.190    -3.445    11.761
 3     0.053    -0.090     0.994
 3    -0.000     0.996     0.089
 3    -0.999    -0.005     0.053
 4   111.187    13.734    -0.000
 4     0.600    -0.647     0.471
 4     0.798     0.523    -0.298
 4    -0.053     0.554     0.830
 5   130.667    29.492    41.471
 5     0.510    -0.775    -0.380
 5     0.143     0.507    -0.848
 5     0.848     0.377     0.370
 6   113.138    19.379    34.874
 6    -0.544    -0.015     0.839
 6    -0.152     0.985    -0.080
 6    -0.825    -0.171    -0.538
 7   111.502   -17.867    -1.509
 7     0.724     0.607     0.326
 7    -0.619     0.781    -0.079
 7    -0.303    -0.145     0.942
 8   132.918   -29.712    38.105
 8     0.614     0.408    -0.677
 8    -0.017     0.862     0.504
 8     0.789    -0.299     0.536
 9   109.157   -29.629    26.767
 9    -0.514    -0.554     0.655
 9     0.105     0.717     0.688
 9    -0.851     0.423    -0.310
 2    99.137   -21.961    59.121
 2     0.556    -0.832    -0.000
 2     0.830     0.554     0.056
 2    -0.046    -0.032     0.998
 3   100.310    -3.443    11.797
 3     0.056    -0.094     0.994
 3    -0.006     0.995     0.095
 3    -0.998    -0.011     0.055
 4   111.181    13.630    -0.098
 4     0.589    -0.668     0.455
 4     0.806     0.526    -0.270
 4    -0.059     0.525     0.848
 5   131.401    29.867    40.606
 5     0.582    -0.782    -0.227
 5     0.156     0.378    -0.912
 5     0.797     0.495     0.342
 6   113.967    19.417    34.539
 6    -0.615     0.029     0.788
 6    -0.146     0.978    -0.149
 6    -0.775    -0.207    -0.597
 7   111.467   -17.878    -1.420
 7     0.724     0.603     0.334
 7    -0.612     0.785    -0.090
 7    -0.317    -0.139     0.938
 8   136.399   -31.524    35.236
 8     0.760     0.523    -0.389
 8    -0.066     0.654     0.752
 8     0.646    -0.547     0.531
 9   112.238   -29.800    26.147
 9    -0.640    -0.492     0.592
 9     0.130     0.688     0.713
 9    -0.758     0.533    -0.376
 2    99.137   -21.961    59.070
 2     0.556    -0.832     0.000
 2     0.830     0.554     0.056
 2    -0.046    -0.031     0.998
 3   100.380    -3.776    12.070
 3     0.046    -0.122     0.991
 3    -0.018     0.992     0.123
 3    -0.999    -0.023     0.044
 4   110.831    13.313    -0.286
 4     0.590    -0.668     0.455
 4     0.804     0.535    -0.258
 4    -0.072     0.517     0.852
 5   138.810    30.197    32.248
 5     0.900    -0.435     0.010
 5     0.108     0.199    -0.974
 5     0.421     0.878     0.226
 6   119.371    21.341    31.365
 6    -0.809     0.041     0.587
 6    -0.189     0.927    -0.324
 6    -0.557    -0.373    -0.742
 7   110.941   -17.632    -1.764
 7     0.732     0.519     0.443
 7    -0.525     0.843    -0.119
 7    -0.435    -0.145     0.888
 8   144.690   -30.656    25.363
 8     0.953     0.252    -0.170
 8     0.039     0.452     0.891
 8     0.301    -0.855     0.421
 9   119.085   -30.508    21.423
 9    -0.818    -0.376     0.436
 9     0.157     0.583     0.797
 9    -0.554     0.720    -0.418
 2    99.137   -21.961    59.121
 2     0.556    -0.832    -0.000
 2     0.830     0.554     0.056
 2    -0.046    -0.032     0.998
 3   100.478    -4.025    12.109
 3     0.042    -0.141     0.989
 3    -0.018     0.990     0.142
 3    -0.999    -0.024     0.039
 4   110.443    12.425    -1.061
 4     0.602    -0.631     0.490
 4     0.784     0.581    -0.215
 4    -0.149     0.513     0.845
 5   144.340    28.994    22.098
 5     0.991    -0.130    -0.001
 5     0.029     0.227    -0.974
 5     0.126     0.965     0.228
 6   124.532    22.259    27.272
 6    -0.895     0.012     0.446
 6    -0.195     0.888    -0.416
 6    -0.402    -0.459    -0.792
 7   110.477   -17.345    -2.522
 7     0.701     0.482     0.527
 7    -0.474     0.865    -0.161
 7    -0.533    -0.136     0.834
 8   148.442   -29.427    17.532
 8     0.990     0.062    -0.127
 8     0.093     0.389     0.917
 8     0.107    -0.919     0.378
 9   122.861   -30.196    17.302
 9    -0.898    -0.279     0.341
 9     0.141     0.551     0.822
 9    -0.418     0.786    -0.455
 2    99.136   -21.961    59.121
 2     0.556    -0.832     0.000
 2     0.830     0.554     0.056
 2    -0.046    -0.031     0.998
 3   100.628    -4.208    12.038
 3     0.036    -0.128     0.991
 3    -0.015     0.991     0.128
 3    -0.999    -0.019     0.034
 4   110.428    11.938    -1.436
 4     0.612    -0.603     0.513
 4     0.764     0.617    -0.187
 4    -0.204     0.505     0.838
 5   146.067    28.447    17.142
 5     1.000    -0.003     0.016
 5     0.017     0.238    -0.971
 5    -0.001     0.971     0.237
 6   126.777    22.235    24.698
 6    -0.920     0.013     0.392
 6    -0.184     0.867    -0.462
 6    -0.346    -0.497    -0.796
 7   110.235   -17.066    -2.883
 7     0.683     0.454     0.572
 7    -0.435     0.882    -0.181
 7    -0.587    -0.125     0.800
 8   150.290   -28.429    13.066
 8     0.995    -0.027    -0.095
 8     0.097     0.399     0.912
 8     0.014    -0.917     0.398
 9   124.998   -29.286    14.864
 9    -0.913    -0.248     0.323
 9     0.149     0.536     0.831
 9    -0.379     0.807    -0.453
 2    99.137   -21.961    59.070
 2     0.556    -0.832     0.000
 2     0.830     0.554     0.056
 2    -0.046    -0.031     0.998
 3   100.684    -4.387    12.016
 3     0.033    -0.120     0.992
 3    -0.015     0.993     0.120
 3    -0.999    -0.019     0.031
 4   110.379    11.487    -1.791
 4     0.612    -0.583     0.536
 4     0.751     0.640    -0.161
 4    -0.249     0.501     0.828
 5   147.042    28.012    13.175
 5     0.996     0.081     0.032
 5     0.010     0.271    -0.963
 5    -0.087     0.959     0.268
 6   128.131    22.374    22.668
 6    -0.927     0.004     0.375
 6    -0.196     0.848    -0.492
 6    -0.320    -0.530    -0.786
 7   109.884   -16.809    -3.198
 7     0.663     0.438     0.607
 7    -0.402     0.892    -0.204
 7    -0.631    -0.108     0.767
 8   151.204   -27.143     9.258
 8     0.991    -0.108    -0.078
 8     0.116     0.426     0.897
 8    -0.064    -0.898     0.434
 9   126.271   -28.499    12.659
 9    -0.928    -0.204     0.311
 9     0.162     0.530     0.832
 9    -0.334     0.823    -0.459
 2    99.137   -21.961    59.121
 2     0.556    -0.832    -0.000
 2     0.830     0.554     0.056
 2    -0.046    -0.032     0.998
 3   100.681    -4.387    11.968
 3     0.030    -0.110     0.993
 3    -0.012     0.994     0.110
 3    -0.999    -0.015     0.029
 4   110.167    11.262    -2.116
 4     0.606    -0.558     0.568
 4     0.737     0.660    -0.139
 4    -0.297     0.502     0.811
 5   147.568    27.865    10.244
 5     0.990     0.129     0.047
 5     0.008     0.294    -0.956
 5    -0.136     0.947     0.289
 6   129.175    22.491    20.629
 6    -0.935    -0.008     0.354
 6    -0.203     0.832    -0.516
 6    -0.290    -0.555    -0.780
 7   109.405   -16.377    -3.428
 7     0.638     0.426     0.642
 7    -0.370     0.900    -0.229
 7    -0.675    -0.092     0.731
 8   151.669   -26.234     5.445
 8     0.983    -0.174    -0.050
 8     0.124     0.453     0.883
 8    -0.131    -0.874     0.466
 9   127.348   -27.708    10.364
 9    -0.942    -0.153     0.300
 9     0.177     0.531     0.828
 9    -0.286     0.833    -0.473
 2    99.136   -21.986    59.121
 2     0.556    -0.832     0.000
 2     0.830     0.554     0.056
 2    -0.046    -0.031     0.998
 3   100.572    -4.474    12.108
 3     0.026    -0.100     0.995
 3    -0.009     0.995     0.100
 3    -1.000    -0.012     0.025
 4   109.775    10.796    -2.532
 4     0.595    -0.529     0.606
 4     0.720     0.684    -0.110
 4    -0.357     0.501     0.787
 5   147.850    27.571     5.952
 5     0.978     0.193     0.074
 5     0.008     0.329    -0.945
 5    -0.206     0.924     0.320
