% Calibrated with leiden_pols
% Positions are in centimeters
Data =[
 2   126.664    -2.279     7.691
 2     0.319     0.312    -0.895
 2    -0.695     0.718     0.003
 2     0.644     0.621     0.446
 3   123.681    -1.693     2.483
 3     0.454    -0.188    -0.871
 3     0.210     0.972    -0.100
 3     0.866    -0.138     0.480
 4     0.000     0.000     0.000
 4     1.000     0.000     0.000
 4     0.000     1.000     0.000
 4     0.000     0.000     1.000
 5     0.000     0.000     0.000
 5     1.000     0.000     0.000
 5     0.000     1.000     0.000
 5     0.000     0.000     1.000
 6     0.000     0.000     0.000
 6     1.000     0.000     0.000
 6     0.000     1.000     0.000
 6     0.000     0.000     1.000
 7     0.000     0.000     0.000
 7     1.000     0.000     0.000
 7     0.000     1.000     0.000
 7     0.000     0.000     1.000
 8     0.000     0.000     0.000
 8     1.000     0.000     0.000
 8     0.000     1.000     0.000
 8     0.000     0.000     1.000
 9     0.000     0.000     0.000
 9     1.000     0.000     0.000
 9     0.000     1.000     0.000
 9     0.000     0.000     1.000
 2     0.000     0.000     0.000
 2     1.000     0.000     0.000
 2     0.000     1.000     0.000
 2     0.000     0.000     1.000
 3     0.000     0.000     0.000
 3     1.000     0.000     0.000
 3     0.000     1.000     0.000
 3     0.000     0.000     1.000
 4   111.782    15.396    -4.206
 4     0.605    -0.790     0.099
 4     0.759     0.534    -0.372
 4     0.241     0.300     0.923
 5   116.770    21.580    14.082
 5     0.417    -0.802     0.428
 5     0.089    -0.432    -0.897
 5     0.904     0.412    -0.108
 6     0.000     0.000     0.000
 6     1.000     0.000     0.000
 6     0.000     1.000     0.000
 6     0.000     0.000     1.000
 7     0.000     0.000     0.000
 7     1.000     0.000     0.000
 7     0.000     1.000     0.000
 7     0.000     0.000     1.000
 8     0.000     0.000     0.000
 8     1.000     0.000     0.000
 8     0.000     1.000     0.000
 8     0.000     0.000     1.000
 9     0.000     0.000     0.000
 9     1.000     0.000     0.000
 9     0.000     1.000     0.000
 9     0.000     0.000     1.000
 2     0.000     0.000     0.000
 2     1.000     0.000     0.000
 2     0.000     1.000     0.000
 2     0.000     0.000     1.000
 3     0.000     0.000     0.000
 3     1.000     0.000     0.000
 3     0.000     1.000     0.000
 3     0.000     0.000     1.000
 4     0.000     0.000     0.000
 4     1.000     0.000     0.000
 4     0.000     1.000     0.000
 4     0.000     0.000     1.000
 5     0.000     0.000     0.000
 5     1.000     0.000     0.000
 5     0.000     1.000     0.000
 5     0.000     0.000     1.000
 6   137.937     4.903    27.713
 6     0.711     0.649    -0.270
 6    -0.701     0.633    -0.327
 6    -0.042     0.421     0.906
 7   111.519   -22.148    -2.697
 7     0.598     0.766     0.236
 7    -0.782     0.495     0.378
 7     0.172    -0.411     0.895
 8     0.000     0.000     0.000
 8     1.000     0.000     0.000
 8     0.000     1.000     0.000
 8     0.000     0.000     1.000
 9     0.000     0.000     0.000
 9     1.000     0.000     0.000
 9     0.000     1.000     0.000
 9     0.000     0.000     1.000
 2     0.000     0.000     0.000
 2     1.000     0.000     0.000
 2     0.000     1.000     0.000
 2     0.000     0.000     1.000
 3     0.000     0.000     0.000
 3     1.000     0.000     0.000
 3     0.000     1.000     0.000
 3     0.000     0.000     1.000
 4     0.000     0.000     0.000
 4     1.000     0.000     0.000
 4     0.000     1.000     0.000
 4     0.000     0.000     1.000
 5     0.000     0.000     0.000
 5     1.000     0.000     0.000
 5     0.000     1.000     0.000
 5     0.000     0.000     1.000
 6     0.000     0.000     0.000
 6     1.000     0.000     0.000
 6     0.000     1.000     0.000
 6     0.000     0.000     1.000
 7     0.000     0.000     0.000
 7     1.000     0.000     0.000
 7     0.000     1.000     0.000
 7     0.000     0.000     1.000
 8   117.178   -27.706    18.688
 8     0.430     0.700     0.572
 8    -0.141    -0.572     0.807
 8     0.892    -0.427    -0.147
 9   137.443   -17.165    25.102
 9     0.827    -0.559    -0.057
 9     0.505     0.693     0.513
 9    -0.247    -0.454     0.856
 2   126.720    -2.563     8.190
 2     0.319     0.319    -0.893
 2    -0.680     0.732     0.019
 2     0.660     0.601     0.449
 3   123.763    -1.707     2.627
 3     0.441    -0.185    -0.879
 3     0.211     0.972    -0.098
 3     0.872    -0.143     0.467
 4     0.000     0.000     0.000
 4     1.000     0.000     0.000
 4     0.000     1.000     0.000
 4     0.000     0.000     1.000
 5     0.000     0.000     0.000
 5     1.000     0.000     0.000
 5     0.000     1.000     0.000
 5     0.000     0.000     1.000
 6     0.000     0.000     0.000
 6     1.000     0.000     0.000
 6     0.000     1.000     0.000
 6     0.000     0.000     1.000
 7     0.000     0.000     0.000
 7     1.000     0.000     0.000
 7     0.000     1.000     0.000
 7     0.000     0.000     1.000
 8     0.000     0.000     0.000
 8     1.000     0.000     0.000
 8     0.000     1.000     0.000
 8     0.000     0.000     1.000
 9     0.000     0.000     0.000
 9     1.000     0.000     0.000
 9     0.000     1.000     0.000
 9     0.000     0.000     1.000
 2     0.000     0.000     0.000
 2     1.000     0.000     0.000
 2     0.000     1.000     0.000
 2     0.000     0.000     1.000
 3     0.000     0.000     0.000
 3     1.000     0.000     0.000
 3     0.000     1.000     0.000
 3     0.000     0.000     1.000
 4   111.862    15.346    -4.207
 4     0.604    -0.791     0.094
 4     0.759     0.535    -0.370
 4     0.242     0.295     0.924
 5   116.778    21.582    14.079
 5     0.414    -0.805     0.425
 5     0.091    -0.427    -0.899
 5     0.905     0.411    -0.103
 6     0.000     0.000     0.000
 6     1.000     0.000     0.000
 6     0.000     1.000     0.000
 6     0.000     0.000     1.000
 7     0.000     0.000     0.000
 7     1.000     0.000     0.000
 7     0.000     1.000     0.000
 7     0.000     0.000     1.000
 8     0.000     0.000     0.000
 8     1.000     0.000     0.000
 8     0.000     1.000     0.000
 8     0.000     0.000     1.000
 9     0.000     0.000     0.000
 9     1.000     0.000     0.000
 9     0.000     1.000     0.000
 9     0.000     0.000     1.000
 2     0.000     0.000     0.000
 2     1.000     0.000     0.000
 2     0.000     1.000     0.000
 2     0.000     0.000     1.000
 3     0.000     0.000     0.000
 3     1.000     0.000     0.000
 3     0.000     1.000     0.000
 3     0.000     0.000     1.000
 4     0.000     0.000     0.000
 4     1.000     0.000     0.000
 4     0.000     1.000     0.000
 4     0.000     0.000     1.000
 5     0.000     0.000     0.000
 5     1.000     0.000     0.000
 5     0.000     1.000     0.000
 5     0.000     0.000     1.000
 6   137.887     4.851    27.719
 6     0.710     0.652    -0.266
 6    -0.702     0.634    -0.323
 6    -0.043     0.416     0.908
 7   111.602   -22.169    -2.659
 7     0.599     0.766     0.233
 7    -0.781     0.495     0.380
 7     0.176    -0.410     0.895
 8     0.000     0.000     0.000
 8     1.000     0.000     0.000
 8     0.000     1.000     0.000
 8     0.000     0.000     1.000
 9     0.000     0.000     0.000
 9     1.000     0.000     0.000
 9     0.000     1.000     0.000
 9     0.000     0.000     1.000
 2     0.000     0.000     0.000
 2     1.000     0.000     0.000
 2     0.000     1.000     0.000
 2     0.000     0.000     1.000
 3     0.000     0.000     0.000
 3     1.000     0.000     0.000
 3     0.000     1.000     0.000
 3     0.000     0.000     1.000
 4     0.000     0.000     0.000
 4     1.000     0.000     0.000
 4     0.000     1.000     0.000
 4     0.000     0.000     1.000
 5     0.000     0.000     0.000
 5     1.000     0.000     0.000
 5     0.000     1.000     0.000
 5     0.000     0.000     1.000
 6     0.000     0.000     0.000
 6     1.000     0.000     0.000
 6     0.000     1.000     0.000
 6     0.000     0.000     1.000
 7     0.000     0.000     0.000
 7     1.000     0.000     0.000
 7     0.000     1.000     0.000
 7     0.000     0.000     1.000
 8   117.207   -27.730    18.732
 8     0.428     0.702     0.570
 8    -0.139    -0.571     0.808
 8     0.893    -0.425    -0.146
 9   137.437   -17.142    25.061
 9     0.826    -0.561    -0.057
 9     0.505     0.691     0.516
 9    -0.250    -0.455     0.854
 2   126.378    -2.333     7.838
 2     0.425     0.365    -0.830
 2    -0.631     0.775     0.017
 2     0.649     0.516     0.557
 3   123.702    -1.752     2.797
 3     0.435    -0.178    -0.883
 3     0.215     0.972    -0.089
 3     0.874    -0.152     0.461
 4     0.000     0.000     0.000
 4     1.000     0.000     0.000
 4     0.000     1.000     0.000
 4     0.000     0.000     1.000
 5     0.000     0.000     0.000
 5     1.000     0.000     0.000
 5     0.000     1.000     0.000
 5     0.000     0.000     1.000
 6     0.000     0.000     0.000
 6     1.000     0.000     0.000
 6     0.000     1.000     0.000
 6     0.000     0.000     1.000
 7     0.000     0.000     0.000
 7     1.000     0.000     0.000
 7     0.000     1.000     0.000
 7     0.000     0.000     1.000
 8     0.000     0.000     0.000
 8     1.000     0.000     0.000
 8     0.000     1.000     0.000
 8     0.000     0.000     1.000
 9     0.000     0.000     0.000
 9     1.000     0.000     0.000
 9     0.000     1.000     0.000
 9     0.000     0.000     1.000
 2     0.000     0.000     0.000
 2     1.000     0.000     0.000
 2     0.000     1.000     0.000
 2     0.000     0.000     1.000
 3     0.000     0.000     0.000
 3     1.000     0.000     0.000
 3     0.000     1.000     0.000
 3     0.000     0.000     1.000
 4   111.960    15.295    -4.305
 4     0.604    -0.791     0.093
 4     0.759     0.536    -0.368
 4     0.241     0.293     0.925
 5   116.885    21.534    13.999
 5     0.413    -0.807     0.423
 5     0.093    -0.424    -0.901
 5     0.906     0.411    -0.100
 6     0.000     0.000     0.000
 6     1.000     0.000     0.000
 6     0.000     1.000     0.000
 6     0.000     0.000     1.000
 7     0.000     0.000     0.000
 7     1.000     0.000     0.000
 7     0.000     1.000     0.000
 7     0.000     0.000     1.000
 8     0.000     0.000     0.000
 8     1.000     0.000     0.000
 8     0.000     1.000     0.000
 8     0.000     0.000     1.000
 9     0.000     0.000     0.000
 9     1.000     0.000     0.000
 9     0.000     1.000     0.000
 9     0.000     0.000     1.000
 2     0.000     0.000     0.000
 2     1.000     0.000     0.000
 2     0.000     1.000     0.000
 2     0.000     0.000     1.000
 3     0.000     0.000     0.000
 3     1.000     0.000     0.000
 3     0.000     1.000     0.000
 3     0.000     0.000     1.000
 4     0.000     0.000     0.000
 4     1.000     0.000     0.000
 4     0.000     1.000     0.000
 4     0.000     0.000     1.000
 5     0.000     0.000     0.000
 5     1.000     0.000     0.000
 5     0.000     1.000     0.000
 5     0.000     0.000     1.000
 6   137.843     4.801    27.669
 6     0.709     0.655    -0.264
 6    -0.704     0.635    -0.318
 6    -0.042     0.410     0.911
 7   111.656   -22.218    -2.661
 7     0.600     0.764     0.235
 7    -0.780     0.494     0.384
 7     0.177    -0.414     0.892
 8     0.000     0.000     0.000
 8     1.000     0.000     0.000
 8     0.000     1.000     0.000
 8     0.000     0.000     1.000
 9     0.000     0.000     0.000
 9     1.000     0.000     0.000
 9     0.000     1.000     0.000
 9     0.000     0.000     1.000
 2     0.000     0.000     0.000
 2     1.000     0.000     0.000
 2     0.000     1.000     0.000
 2     0.000     0.000     1.000
 3     0.000     0.000     0.000
 3     1.000     0.000     0.000
 3     0.000     1.000     0.000
 3     0.000     0.000     1.000
 4     0.000     0.000     0.000
 4     1.000     0.000     0.000
 4     0.000     1.000     0.000
 4     0.000     0.000     1.000
 5     0.000     0.000     0.000
 5     1.000     0.000     0.000
 5     0.000     1.000     0.000
 5     0.000     0.000     1.000
 6     0.000     0.000     0.000
 6     1.000     0.000     0.000
 6     0.000     1.000     0.000
 6     0.000     0.000     1.000
 7     0.000     0.000     0.000
 7     1.000     0.000     0.000
 7     0.000     1.000     0.000
 7     0.000     0.000     1.000
 8   117.311   -27.728    18.775
 8     0.426     0.705     0.568
 8    -0.137    -0.569     0.810
 8     0.894    -0.423    -0.145
 9   137.433   -17.143    25.016
 9     0.825    -0.562    -0.055
 9     0.505     0.690     0.518
 9    -0.252    -0.456     0.854
 2   126.297    -1.407     8.046
 2     0.520     0.163    -0.838
 2    -0.652     0.708    -0.268
 2     0.550     0.686     0.474
 3   123.771    -1.701     2.803
 3     0.437    -0.181    -0.881
 3     0.218     0.971    -0.090
 3     0.873    -0.153     0.463
 4     0.000     0.000     0.000
 4     1.000     0.000     0.000
 4     0.000     1.000     0.000
 4     0.000     0.000     1.000
 5     0.000     0.000     0.000
 5     1.000     0.000     0.000
 5     0.000     1.000     0.000
 5     0.000     0.000     1.000
 6     0.000     0.000     0.000
 6     1.000     0.000     0.000
 6     0.000     1.000     0.000
 6     0.000     0.000     1.000
 7     0.000     0.000     0.000
 7     1.000     0.000     0.000
 7     0.000     1.000     0.000
 7     0.000     0.000     1.000
 8     0.000     0.000     0.000
 8     1.000     0.000     0.000
 8     0.000     1.000     0.000
 8     0.000     0.000     1.000
 9     0.000     0.000     0.000
 9     1.000     0.000     0.000
 9     0.000     1.000     0.000
 9     0.000     0.000     1.000
 2     0.000     0.000     0.000
 2     1.000     0.000     0.000
 2     0.000     1.000     0.000
 2     0.000     0.000     1.000
 3     0.000     0.000     0.000
 3     1.000     0.000     0.000
 3     0.000     1.000     0.000
 3     0.000     0.000     1.000
 4   111.980    15.293    -4.350
 4     0.604    -0.791     0.093
 4     0.760     0.537    -0.366
 4     0.239     0.292     0.926
 5   116.891    21.588    13.942
 5     0.410    -0.807     0.426
 5     0.094    -0.426    -0.899
 5     0.907     0.409    -0.098
 6     0.000     0.000     0.000
 6     1.000     0.000     0.000
 6     0.000     1.000     0.000
 6     0.000     0.000     1.000
 7     0.000     0.000     0.000
 7     1.000     0.000     0.000
 7     0.000     1.000     0.000
 7     0.000     0.000     1.000
 8     0.000     0.000     0.000
 8     1.000     0.000     0.000
 8     0.000     1.000     0.000
 8     0.000     0.000     1.000
 9     0.000     0.000     0.000
 9     1.000     0.000     0.000
 9     0.000     1.000     0.000
 9     0.000     0.000     1.000
 2     0.000     0.000     0.000
 2     1.000     0.000     0.000
 2     0.000     1.000     0.000
 2     0.000     0.000     1.000
 3     0.000     0.000     0.000
 3     1.000     0.000     0.000
 3     0.000     1.000     0.000
 3     0.000     0.000     1.000
 4     0.000     0.000     0.000
 4     1.000     0.000     0.000
 4     0.000     1.000     0.000
 4     0.000     0.000     1.000
 5     0.000     0.000     0.000
 5     1.000     0.000     0.000
 5     0.000     1.000     0.000
 5     0.000     0.000     1.000
 6   137.848     4.802    27.665
 6     0.707     0.656    -0.264
 6    -0.706     0.634    -0.315
 6    -0.040     0.408     0.912
 7   111.711   -22.269    -2.671
 7     0.596     0.769     0.231
 7    -0.782     0.492     0.381
 7     0.180    -0.408     0.895
 8     0.000     0.000     0.000
 8     1.000     0.000     0.000
 8     0.000     1.000     0.000
 8     0.000     0.000     1.000
 9     0.000     0.000     0.000
 9     1.000     0.000     0.000
 9     0.000     1.000     0.000
 9     0.000     0.000     1.000
 2     0.000     0.000     0.000
 2     1.000     0.000     0.000
 2     0.000     1.000     0.000
 2     0.000     0.000     1.000
 3     0.000     0.000     0.000
 3     1.000     0.000     0.000
 3     0.000     1.000     0.000
 3     0.000     0.000     1.000
 4     0.000     0.000     0.000
 4     1.000     0.000     0.000
 4     0.000     1.000     0.000
 4     0.000     0.000     1.000
 5     0.000     0.000     0.000
 5     1.000     0.000     0.000
 5     0.000     1.000     0.000
 5     0.000     0.000     1.000
 6     0.000     0.000     0.000
 6     1.000     0.000     0.000
 6     0.000     1.000     0.000
 6     0.000     0.000     1.000
 7     0.000     0.000     0.000
 7     1.000     0.000     0.000
 7     0.000     1.000     0.000
 7     0.000     0.000     1.000
 8   117.317   -27.778    18.768
 8     0.425     0.703     0.571
 8    -0.138    -0.572     0.808
 8     0.895    -0.422    -0.145
 9   137.434   -17.169    25.016
 9     0.825    -0.563    -0.056
 9     0.505     0.689     0.518
 9    -0.252    -0.456     0.853
 2   126.638    -1.698     8.522
 2     0.368     0.046    -0.929
 2    -0.734     0.626    -0.260
 2     0.570     0.778     0.264
 3   123.915    -1.702     2.734
 3     0.437    -0.181    -0.881
 3     0.219     0.971    -0.090
 3     0.872    -0.154     0.464
 4     0.000     0.000     0.000
 4     1.000     0.000     0.000
 4     0.000     1.000     0.000
 4     0.000     0.000     1.000
 5     0.000     0.000     0.000
 5     1.000     0.000     0.000
 5     0.000     1.000     0.000
 5     0.000     0.000     1.000
 6     0.000     0.000     0.000
 6     1.000     0.000     0.000
 6     0.000     1.000     0.000
 6     0.000     0.000     1.000
 7     0.000     0.000     0.000
 7     1.000     0.000     0.000
 7     0.000     1.000     0.000
 7     0.000     0.000     1.000
 8     0.000     0.000     0.000
 8     1.000     0.000     0.000
 8     0.000     1.000     0.000
 8     0.000     0.000     1.000
 9     0.000     0.000     0.000
 9     1.000     0.000     0.000
 9     0.000     1.000     0.000
 9     0.000     0.000     1.000
 2     0.000     0.000     0.000
 2     1.000     0.000     0.000
 2     0.000     1.000     0.000
 2     0.000     0.000     1.000
 3     0.000     0.000     0.000
 3     1.000     0.000     0.000
 3     0.000     1.000     0.000
 3     0.000     0.000     1.000
 4   112.205    15.267    -4.370
 4     0.604    -0.792     0.090
 4     0.760     0.539    -0.362
 4     0.238     0.287     0.927
 5   117.022    21.592    13.886
 5     0.407    -0.808     0.427
 5     0.096    -0.426    -0.899
 5     0.908     0.406    -0.095
 6     0.000     0.000     0.000
 6     1.000     0.000     0.000
 6     0.000     1.000     0.000
 6     0.000     0.000     1.000
 7     0.000     0.000     0.000
 7     1.000     0.000     0.000
 7     0.000     1.000     0.000
 7     0.000     0.000     1.000
 8     0.000     0.000     0.000
 8     1.000     0.000     0.000
 8     0.000     1.000     0.000
 8     0.000     0.000     1.000
 9     0.000     0.000     0.000
 9     1.000     0.000     0.000
 9     0.000     1.000     0.000
 9     0.000     0.000     1.000
 2     0.000     0.000     0.000
 2     1.000     0.000     0.000
 2     0.000     1.000     0.000
 2     0.000     0.000     1.000
 3     0.000     0.000     0.000
 3     1.000     0.000     0.000
 3     0.000     1.000     0.000
 3     0.000     0.000     1.000
 4     0.000     0.000     0.000
 4     1.000     0.000     0.000
 4     0.000     1.000     0.000
 4     0.000     0.000     1.000
 5     0.000     0.000     0.000
 5     1.000     0.000     0.000
 5     0.000     1.000     0.000
 5     0.000     0.000     1.000
 6   137.853     4.751    27.563
 6     0.705     0.659    -0.262
 6    -0.708     0.634    -0.311
 6    -0.039     0.404     0.913
 7   111.740   -22.319    -2.626
 7     0.594     0.771     0.229
 7    -0.783     0.490     0.381
 7     0.182    -0.406     0.896
 8     0.000     0.000     0.000
 8     1.000     0.000     0.000
 8     0.000     1.000     0.000
 8     0.000     0.000     1.000
 9     0.000     0.000     0.000
 9     1.000     0.000     0.000
 9     0.000     1.000     0.000
 9     0.000     0.000     1.000
 2     0.000     0.000     0.000
 2     1.000     0.000     0.000
 2     0.000     1.000     0.000
 2     0.000     0.000     1.000
 3     0.000     0.000     0.000
 3     1.000     0.000     0.000
 3     0.000     1.000     0.000
 3     0.000     0.000     1.000
 4     0.000     0.000     0.000
 4     1.000     0.000     0.000
 4     0.000     1.000     0.000
 4     0.000     0.000     1.000
 5     0.000     0.000     0.000
 5     1.000     0.000     0.000
 5     0.000     1.000     0.000
 5     0.000     0.000     1.000
 6     0.000     0.000     0.000
 6     1.000     0.000     0.000
 6     0.000     1.000     0.000
 6     0.000     0.000     1.000
 7     0.000     0.000     0.000
 7     1.000     0.000     0.000
 7     0.000     1.000     0.000
 7     0.000     0.000     1.000
 8   117.323   -27.826    18.812
 8     0.423     0.705     0.570
 8    -0.136    -0.572     0.808
 8     0.896    -0.420    -0.146
 9   137.382   -17.169    25.070
 9     0.825    -0.563    -0.056
 9     0.505     0.688     0.519
 9    -0.253    -0.457     0.852
 2   122.194    -4.213    -3.849
 2     0.489     0.643    -0.592
 2    -0.786     0.616     0.020
 2     0.377     0.455     0.806
 3   124.258    -1.895     2.289
 3     0.455    -0.150    -0.878
 3     0.220     0.974    -0.052
 3     0.863    -0.170     0.475
 4     0.000     0.000     0.000
 4     1.000     0.000     0.000
 4     0.000     1.000     0.000
 4     0.000     0.000     1.000
 5     0.000     0.000     0.000
 5     1.000     0.000     0.000
 5     0.000     1.000     0.000
 5     0.000     0.000     1.000
 6     0.000     0.000     0.000
 6     1.000     0.000     0.000
 6     0.000     1.000     0.000
 6     0.000     0.000     1.000
 7     0.000     0.000     0.000
 7     1.000     0.000     0.000
 7     0.000     1.000     0.000
 7     0.000     0.000     1.000
 8     0.000     0.000     0.000
 8     1.000     0.000     0.000
 8     0.000     1.000     0.000
 8     0.000     0.000     1.000
 9     0.000     0.000     0.000
 9     1.000     0.000     0.000
 9     0.000     1.000     0.000
 9     0.000     0.000     1.000
 2     0.000     0.000     0.000
 2     1.000     0.000     0.000
 2     0.000     1.000     0.000
 2     0.000     0.000     1.000
 3     0.000     0.000     0.000
 3     1.000     0.000     0.000
 3     0.000     1.000     0.000
 3     0.000     0.000     1.000
 4   112.289    15.262    -4.353
 4     0.605    -0.791     0.096
 4     0.761     0.539    -0.360
 4     0.232     0.291     0.928
 5   117.024    21.599    13.872
 5     0.404    -0.803     0.440
 5     0.099    -0.439    -0.893
 5     0.909     0.403    -0.098
 6     0.000     0.000     0.000
 6     1.000     0.000     0.000
 6     0.000     1.000     0.000
 6     0.000     0.000     1.000
 7     0.000     0.000     0.000
 7     1.000     0.000     0.000
 7     0.000     1.000     0.000
 7     0.000     0.000     1.000
 8     0.000     0.000     0.000
 8     1.000     0.000     0.000
 8     0.000     1.000     0.000
 8     0.000     0.000     1.000
 9     0.000     0.000     0.000
 9     1.000     0.000     0.000
 9     0.000     1.000     0.000
 9     0.000     0.000     1.000
 2     0.000     0.000     0.000
 2     1.000     0.000     0.000
 2     0.000     1.000     0.000
 2     0.000     0.000     1.000
 3     0.000     0.000     0.000
 3     1.000     0.000     0.000
 3     0.000     1.000     0.000
 3     0.000     0.000     1.000
 4     0.000     0.000     0.000
 4     1.000     0.000     0.000
 4     0.000     1.000     0.000
 4     0.000     0.000     1.000
 5     0.000     0.000     0.000
 5     1.000     0.000     0.000
 5     0.000     1.000     0.000
 5     0.000     0.000     1.000
 6   137.828     4.672    27.543
 6     0.702     0.663    -0.260
 6    -0.711     0.632    -0.308
 6    -0.040     0.401     0.915
 7   111.704   -22.324    -2.610
 7     0.592     0.772     0.232
 7    -0.786     0.489     0.376
 7     0.177    -0.405     0.897
 8     0.000     0.000     0.000
 8     1.000     0.000     0.000
 8     0.000     1.000     0.000
 8     0.000     0.000     1.000
 9     0.000     0.000     0.000
 9     1.000     0.000     0.000
 9     0.000     1.000     0.000
 9     0.000     0.000     1.000
 2     0.000     0.000     0.000
 2     1.000     0.000     0.000
 2     0.000     1.000     0.000
 2     0.000     0.000     1.000
 3     0.000     0.000     0.000
 3     1.000     0.000     0.000
 3     0.000     1.000     0.000
 3     0.000     0.000     1.000
 4     0.000     0.000     0.000
 4     1.000     0.000     0.000
 4     0.000     1.000     0.000
 4     0.000     0.000     1.000
 5     0.000     0.000     0.000
 5     1.000     0.000     0.000
 5     0.000     1.000     0.000
 5     0.000     0.000     1.000
 6     0.000     0.000     0.000
 6     1.000     0.000     0.000
 6     0.000     1.000     0.000
 6     0.000     0.000     1.000
 7     0.000     0.000     0.000
 7     1.000     0.000     0.000
 7     0.000     1.000     0.000
 7     0.000     0.000     1.000
 8   117.268   -27.828    18.769
 8     0.424     0.703     0.572
 8    -0.138    -0.573     0.807
 8     0.895    -0.421    -0.146
 9   137.323   -17.222    24.971
 9     0.823    -0.566    -0.051
 9     0.507     0.691     0.514
 9    -0.255    -0.449     0.856
 2   123.238    -4.662    -3.967
 2     0.332     0.592    -0.736
 2    -0.742     0.644     0.184
 2     0.582     0.484     0.652
 3   124.307    -1.894     2.339
 3     0.454    -0.152    -0.878
 3     0.221     0.973    -0.054
 3     0.863    -0.170     0.475
 4     0.000     0.000     0.000
 4     1.000     0.000     0.000
 4     0.000     1.000     0.000
 4     0.000     0.000     1.000
 5     0.000     0.000     0.000
 5     1.000     0.000     0.000
 5     0.000     1.000     0.000
 5     0.000     0.000     1.000
 6     0.000     0.000     0.000
 6     1.000     0.000     0.000
 6     0.000     1.000     0.000
 6     0.000     0.000     1.000
 7     0.000     0.000     0.000
 7     1.000     0.000     0.000
 7     0.000     1.000     0.000
 7     0.000     0.000     1.000
 8     0.000     0.000     0.000
 8     1.000     0.000     0.000
 8     0.000     1.000     0.000
 8     0.000     0.000     1.000
 9     0.000     0.000     0.000
 9     1.000     0.000     0.000
 9     0.000     1.000     0.000
 9     0.000     0.000     1.000
 2     0.000     0.000     0.000
 2     1.000     0.000     0.000
 2     0.000     1.000     0.000
 2     0.000     0.000     1.000
 3     0.000     0.000     0.000
 3     1.000     0.000     0.000
 3     0.000     1.000     0.000
 3     0.000     0.000     1.000
 4   112.288    15.211    -4.350
 4     0.605    -0.790     0.096
 4     0.761     0.540    -0.359
 4     0.231     0.290     0.928
 5   117.075    21.598    13.876
 5     0.404    -0.804     0.438
 5     0.100    -0.436    -0.894
 5     0.909     0.404    -0.095
 6     0.000     0.000     0.000
 6     1.000     0.000     0.000
 6     0.000     1.000     0.000
 6     0.000     0.000     1.000
 7     0.000     0.000     0.000
 7     1.000     0.000     0.000
 7     0.000     1.000     0.000
 7     0.000     0.000     1.000
 8     0.000     0.000     0.000
 8     1.000     0.000     0.000
 8     0.000     1.000     0.000
 8     0.000     0.000     1.000
 9     0.000     0.000     0.000
 9     1.000     0.000     0.000
 9     0.000     1.000     0.000
 9     0.000     0.000     1.000
 2     0.000     0.000     0.000
 2     1.000     0.000     0.000
 2     0.000     1.000     0.000
 2     0.000     0.000     1.000
 3     0.000     0.000     0.000
 3     1.000     0.000     0.000
 3     0.000     1.000     0.000
 3     0.000     0.000     1.000
 4     0.000     0.000     0.000
 4     1.000     0.000     0.000
 4     0.000     1.000     0.000
 4     0.000     0.000     1.000
 5     0.000     0.000     0.000
 5     1.000     0.000     0.000
 5     0.000     1.000     0.000
 5     0.000     0.000     1.000
 6   137.829     4.723    27.544
 6     0.702     0.664    -0.259
 6    -0.711     0.632    -0.307
 6    -0.040     0.399     0.916
 7   111.709   -22.323    -2.615
 7     0.591     0.772     0.232
 7    -0.786     0.488     0.378
 7     0.179    -0.406     0.896
 8     0.000     0.000     0.000
 8     1.000     0.000     0.000
 8     0.000     1.000     0.000
 8     0.000     0.000     1.000
 9     0.000     0.000     0.000
 9     1.000     0.000     0.000
 9     0.000     1.000     0.000
 9     0.000     0.000     1.000
 2     0.000     0.000     0.000
 2     1.000     0.000     0.000
 2     0.000     1.000     0.000
 2     0.000     0.000     1.000
 3     0.000     0.000     0.000
 3     1.000     0.000     0.000
 3     0.000     1.000     0.000
 3     0.000     0.000     1.000
 4     0.000     0.000     0.000
 4     1.000     0.000     0.000
 4     0.000     1.000     0.000
 4     0.000     0.000     1.000
 5     0.000     0.000     0.000
 5     1.000     0.000     0.000
 5     0.000     1.000     0.000
 5     0.000     0.000     1.000
 6     0.000     0.000     0.000
 6     1.000     0.000     0.000
 6     0.000     1.000     0.000
 6     0.000     0.000     1.000
 7     0.000     0.000     0.000
 7     1.000     0.000     0.000
 7     0.000     1.000     0.000
 7     0.000     0.000     1.000
 8   117.272   -27.877    18.837
 8     0.423     0.705     0.570
 8    -0.137    -0.572     0.808
 8     0.896    -0.420    -0.145
 9   137.318   -17.224    24.976
 9     0.823    -0.567    -0.048
 9     0.506     0.691     0.514
 9    -0.257    -0.448     0.856
 2   121.815    -4.753    -4.420
 2     0.621     0.639    -0.457
 2    -0.653     0.742     0.151
 2     0.434     0.203     0.876
 3   124.238    -1.943     2.385
 3     0.452    -0.152    -0.879
 3     0.222     0.973    -0.054
 3     0.864    -0.172     0.473
 4     0.000     0.000     0.000
 4     1.000     0.000     0.000
 4     0.000     1.000     0.000
 4     0.000     0.000     1.000
 5     0.000     0.000     0.000
 5     1.000     0.000     0.000
 5     0.000     1.000     0.000
 5     0.000     0.000     1.000
 6     0.000     0.000     0.000
 6     1.000     0.000     0.000
 6     0.000     1.000     0.000
 6     0.000     0.000     1.000
 7     0.000     0.000     0.000
 7     1.000     0.000     0.000
 7     0.000     1.000     0.000
 7     0.000     0.000     1.000
 8     0.000     0.000     0.000
 8     1.000     0.000     0.000
 8     0.000     1.000     0.000
 8     0.000     0.000     1.000
 9     0.000     0.000     0.000
 9     1.000     0.000     0.000
 9     0.000     1.000     0.000
 9     0.000     0.000     1.000
 2     0.000     0.000     0.000
 2     1.000     0.000     0.000
 2     0.000     1.000     0.000
 2     0.000     0.000     1.000
 3     0.000     0.000     0.000
 3     1.000     0.000     0.000
 3     0.000     1.000     0.000
 3     0.000     0.000     1.000
 4   112.289    15.109    -4.324
 4     0.606    -0.790     0.095
 4     0.761     0.541    -0.358
 4     0.231     0.289     0.929
 5   117.076    21.548    13.877
 5     0.404    -0.805     0.437
 5     0.101    -0.434    -0.895
 5     0.909     0.405    -0.094
 6     0.000     0.000     0.000
 6     1.000     0.000     0.000
 6     0.000     1.000     0.000
 6     0.000     0.000     1.000
 7     0.000     0.000     0.000
 7     1.000     0.000     0.000
 7     0.000     1.000     0.000
 7     0.000     0.000     1.000
 8     0.000     0.000     0.000
 8     1.000     0.000     0.000
 8     0.000     1.000     0.000
 8     0.000     0.000     1.000
 9     0.000     0.000     0.000
 9     1.000     0.000     0.000
 9     0.000     1.000     0.000
 9     0.000     0.000     1.000
 2     0.000     0.000     0.000
 2     1.000     0.000     0.000
 2     0.000     1.000     0.000
 2     0.000     0.000     1.000
 3     0.000     0.000     0.000
 3     1.000     0.000     0.000
 3     0.000     1.000     0.000
 3     0.000     0.000     1.000
 4     0.000     0.000     0.000
 4     1.000     0.000     0.000
 4     0.000     1.000     0.000
 4     0.000     0.000     1.000
 5     0.000     0.000     0.000
 5     1.000     0.000     0.000
 5     0.000     1.000     0.000
 5     0.000     0.000     1.000
 6   137.776     4.721    27.501
 6     0.701     0.666    -0.256
 6    -0.712     0.632    -0.305
 6    -0.042     0.396     0.917
 7   111.709   -22.348    -2.564
 7     0.592     0.771     0.233
 7    -0.786     0.488     0.380
 7     0.179    -0.407     0.895
 8     0.000     0.000     0.000
 8     1.000     0.000     0.000
 8     0.000     1.000     0.000
 8     0.000     0.000     1.000
 9     0.000     0.000     0.000
 9     1.000     0.000     0.000
 9     0.000     1.000     0.000
 9     0.000     0.000     1.000
 2     0.000     0.000     0.000
 2     1.000     0.000     0.000
 2     0.000     1.000     0.000
 2     0.000     0.000     1.000
 3     0.000     0.000     0.000
 3     1.000     0.000     0.000
 3     0.000     1.000     0.000
 3     0.000     0.000     1.000
 4     0.000     0.000     0.000
 4     1.000     0.000     0.000
 4     0.000     1.000     0.000
 4     0.000     0.000     1.000
 5     0.000     0.000     0.000
 5     1.000     0.000     0.000
 5     0.000     1.000     0.000
 5     0.000     0.000     1.000
 6     0.000     0.000     0.000
 6     1.000     0.000     0.000
 6     0.000     1.000     0.000
 6     0.000     0.000     1.000
 7     0.000     0.000     0.000
 7     1.000     0.000     0.000
 7     0.000     1.000     0.000
 7     0.000     0.000     1.000
 8   117.271   -27.878    18.837
 8     0.423     0.706     0.569
 8    -0.137    -0.570     0.809
 8     0.896    -0.420    -0.144
 9   137.264   -17.277    25.033
 9     0.823    -0.567    -0.046
 9     0.505     0.692     0.514
 9    -0.259    -0.447     0.856
 2   121.162    -3.493    -3.801
 2     0.750     0.476    -0.461
 2    -0.618     0.752    -0.230
 2     0.236     0.456     0.857
 3   124.187    -1.943     2.461
 3     0.452    -0.153    -0.879
 3     0.222     0.973    -0.054
 3     0.864    -0.171     0.473
 4     0.000     0.000     0.000
 4     1.000     0.000     0.000
 4     0.000     1.000     0.000
 4     0.000     0.000     1.000
 5     0.000     0.000     0.000
 5     1.000     0.000     0.000
 5     0.000     1.000     0.000
 5     0.000     0.000     1.000
 6     0.000     0.000     0.000
 6     1.000     0.000     0.000
 6     0.000     1.000     0.000
 6     0.000     0.000     1.000
 7     0.000     0.000     0.000
 7     1.000     0.000     0.000
 7     0.000     1.000     0.000
 7     0.000     0.000     1.000
 8     0.000     0.000     0.000
 8     1.000     0.000     0.000
 8     0.000     1.000     0.000
 8     0.000     0.000     1.000
 9     0.000     0.000     0.000
 9     1.000     0.000     0.000
 9     0.000     1.000     0.000
 9     0.000     0.000     1.000
 2     0.000     0.000     0.000
 2     1.000     0.000     0.000
 2     0.000     1.000     0.000
 2     0.000     0.000     1.000
 3     0.000     0.000     0.000
 3     1.000     0.000     0.000
 3     0.000     1.000     0.000
 3     0.000     0.000     1.000
 4   112.289    15.109    -4.349
 4     0.606    -0.790     0.094
 4     0.761     0.541    -0.357
 4     0.231     0.288     0.929
 5   117.026    21.549    13.877
 5     0.403    -0.805     0.437
 5     0.102    -0.435    -0.894
 5     0.909     0.404    -0.093
 6     0.000     0.000     0.000
 6     1.000     0.000     0.000
 6     0.000     1.000     0.000
 6     0.000     0.000     1.000
 7     0.000     0.000     0.000
 7     1.000     0.000     0.000
 7     0.000     1.000     0.000
 7     0.000     0.000     1.000
 8     0.000     0.000     0.000
 8     1.000     0.000     0.000
 8     0.000     1.000     0.000
 8     0.000     0.000     1.000
 9     0.000     0.000     0.000
 9     1.000     0.000     0.000
 9     0.000     1.000     0.000
 9     0.000     0.000     1.000
 2     0.000     0.000     0.000
 2     1.000     0.000     0.000
 2     0.000     1.000     0.000
 2     0.000     0.000     1.000
 3     0.000     0.000     0.000
 3     1.000     0.000     0.000
 3     0.000     1.000     0.000
 3     0.000     0.000     1.000
 4     0.000     0.000     0.000
 4     1.000     0.000     0.000
 4     0.000     1.000     0.000
 4     0.000     0.000     1.000
 5     0.000     0.000     0.000
 5     1.000     0.000     0.000
 5     0.000     1.000     0.000
 5     0.000     0.000     1.000
 6   137.728     4.670    27.502
 6     0.700     0.667    -0.255
 6    -0.712     0.632    -0.304
 6    -0.042     0.394     0.918
 7   111.714   -22.345    -2.570
 7     0.593     0.771     0.233
 7    -0.785     0.488     0.382
 7     0.181    -0.409     0.894
 8     0.000     0.000     0.000
 8     1.000     0.000     0.000
 8     0.000     1.000     0.000
 8     0.000     0.000     1.000
 9     0.000     0.000     0.000
 9     1.000     0.000     0.000
 9     0.000     1.000     0.000
 9     0.000     0.000     1.000
 2     0.000     0.000     0.000
 2     1.000     0.000     0.000
 2     0.000     1.000     0.000
 2     0.000     0.000     1.000
 3     0.000     0.000     0.000
 3     1.000     0.000     0.000
 3     0.000     1.000     0.000
 3     0.000     0.000     1.000
 4     0.000     0.000     0.000
 4     1.000     0.000     0.000
 4     0.000     1.000     0.000
 4     0.000     0.000     1.000
 5     0.000     0.000     0.000
 5     1.000     0.000     0.000
 5     0.000     1.000     0.000
 5     0.000     0.000     1.000
 6     0.000     0.000     0.000
 6     1.000     0.000     0.000
 6     0.000     1.000     0.000
 6     0.000     0.000     1.000
 7     0.000     0.000     0.000
 7     1.000     0.000     0.000
 7     0.000     1.000     0.000
 7     0.000     0.000     1.000
 8   117.321   -27.928    18.837
 8     0.423     0.707     0.568
 8    -0.136    -0.569     0.810
 8     0.896    -0.420    -0.144
 9   137.262   -17.278    25.036
 9     0.823    -0.567    -0.046
 9     0.505     0.691     0.515
 9    -0.260    -0.447     0.856
 2   122.758    -4.217    -3.210
 2     0.434     0.434    -0.791
 2    -0.816     0.559    -0.142
 2     0.381     0.706     0.596
 3   124.309    -2.049     2.473
 3     0.431    -0.138    -0.892
 3     0.231     0.972    -0.038
 3     0.872    -0.190     0.450
 4     0.000     0.000     0.000
 4     1.000     0.000     0.000
 4     0.000     1.000     0.000
 4     0.000     0.000     1.000
 5     0.000     0.000     0.000
 5     1.000     0.000     0.000
 5     0.000     1.000     0.000
 5     0.000     0.000     1.000
 6     0.000     0.000     0.000
 6     1.000     0.000     0.000
 6     0.000     1.000     0.000
 6     0.000     0.000     1.000
 7     0.000     0.000     0.000
 7     1.000     0.000     0.000
 7     0.000     1.000     0.000
 7     0.000     0.000     1.000
 8     0.000     0.000     0.000
 8     1.000     0.000     0.000
 8     0.000     1.000     0.000
 8     0.000     0.000     1.000
 9     0.000     0.000     0.000
 9     1.000     0.000     0.000
 9     0.000     1.000     0.000
 9     0.000     0.000     1.000
 2     0.000     0.000     0.000
 2     1.000     0.000     0.000
 2     0.000     1.000     0.000
 2     0.000     0.000     1.000
 3     0.000     0.000     0.000
 3     1.000     0.000     0.000
 3     0.000     1.000     0.000
 3     0.000     0.000     1.000
 4   112.411    15.082    -4.341
 4     0.607    -0.790     0.092
 4     0.761     0.544    -0.354
 4     0.229     0.284     0.931
 5   117.081    21.502    13.869
 5     0.401    -0.803     0.442
 5     0.103    -0.440    -0.892
 5     0.910     0.403    -0.093
 6     0.000     0.000     0.000
 6     1.000     0.000     0.000
 6     0.000     1.000     0.000
 6     0.000     0.000     1.000
 7     0.000     0.000     0.000
 7     1.000     0.000     0.000
 7     0.000     1.000     0.000
 7     0.000     0.000     1.000
 8     0.000     0.000     0.000
 8     1.000     0.000     0.000
