% Calibrated with leiden_pols
% Positions are in centimeters
Data =[
 2    97.000   -20.084    59.098
 2     0.412    -0.911     0.004
 2     0.910     0.412     0.030
 2    -0.029    -0.009     0.999
 3   131.018    -3.394     1.990
 3     0.516     0.087    -0.853
 3    -0.108     0.993     0.036
 3     0.850     0.073     0.521
 4   115.278    15.242    -7.993
 4     0.205    -0.910     0.362
 4     0.945     0.088    -0.313
 4     0.253     0.406     0.878
 5   117.038    21.675    19.839
 5     0.304    -0.531     0.792
 5     0.160    -0.791    -0.590
 5     0.939     0.305    -0.155
 6   130.603    24.263    47.543
 6     0.394    -0.845    -0.369
 6     0.024     0.405    -0.912
 6     0.918     0.348     0.178
 7   115.017   -23.171    -5.852
 7     0.113     0.958     0.263
 7    -0.923     0.003     0.384
 7     0.367    -0.286     0.885
 8   118.986   -26.484    23.943
 8     0.493     0.331     0.806
 8    -0.097    -0.899     0.426
 8     0.865    -0.288    -0.410
 9   132.196   -32.058    47.932
 9     0.479     0.850    -0.225
 9    -0.089     0.297     0.950
 9     0.873    -0.435     0.217
 2    97.000   -20.084    59.098
 2     0.412    -0.911     0.005
 2     0.910     0.412     0.029
 2    -0.029    -0.009     0.999
 3   130.967    -3.394     1.989
 3     0.515     0.087    -0.853
 3    -0.108     0.993     0.036
 3     0.850     0.074     0.521
 4   115.202    15.243    -7.993
 4     0.203    -0.910     0.363
 4     0.946     0.087    -0.312
 4     0.253     0.406     0.878
 5   117.030    21.672    19.847
 5     0.305    -0.530     0.792
 5     0.160    -0.791    -0.590
 5     0.938     0.306    -0.156
 6   130.610    24.265    47.536
 6     0.393    -0.845    -0.370
 6     0.024     0.406    -0.912
 6     0.919     0.348     0.179
 7   115.018   -23.171    -5.851
 7     0.112     0.958     0.264
 7    -0.923     0.002     0.384
 7     0.367    -0.287     0.885
 8   118.977   -26.486    23.956
 8     0.495     0.330     0.805
 8    -0.098    -0.898     0.427
 8     0.863    -0.289    -0.411
 9   132.196   -32.110    47.932
 9     0.479     0.849    -0.226
 9    -0.090     0.298     0.949
 9     0.873    -0.435     0.218
 2    96.950   -20.084    59.098
 2     0.412    -0.911     0.004
 2     0.910     0.412     0.030
 2    -0.029    -0.009     0.999
 3   130.917    -3.394     2.040
 3     0.516     0.087    -0.853
 3    -0.108     0.993     0.035
 3     0.850     0.074     0.521
 4   115.152    15.243    -7.993
 4     0.203    -0.910     0.362
 4     0.946     0.086    -0.313
 4     0.253     0.406     0.878
 5   116.981    21.671    19.848
 5     0.307    -0.530     0.792
 5     0.160    -0.790    -0.590
 5     0.938     0.307    -0.156
 6   130.603    24.263    47.544
 6     0.394    -0.845    -0.370
 6     0.024     0.406    -0.911
 6     0.918     0.348     0.179
 7   114.920   -23.171    -5.854
 7     0.112     0.958     0.265
 7    -0.923     0.001     0.384
 7     0.368    -0.287     0.884
 8   118.927   -26.487    23.956
 8     0.495     0.330     0.805
 8    -0.098    -0.898     0.427
 8     0.863    -0.290    -0.412
 9   132.191   -32.060    47.888
 9     0.480     0.849    -0.226
 9    -0.090     0.298     0.949
 9     0.872    -0.435     0.219
 2    97.000   -20.084    59.047
 2     0.412    -0.911     0.005
 2     0.910     0.412     0.030
 2    -0.029    -0.009     0.999
 3   130.917    -3.394     2.040
 3     0.516     0.087    -0.853
 3    -0.108     0.993     0.035
 3     0.850     0.074     0.521
 4   115.155    15.243    -7.970
 4     0.203    -0.910     0.362
 4     0.946     0.086    -0.313
 4     0.254     0.406     0.878
 5   117.031    21.671    19.848
 5     0.307    -0.530     0.792
 5     0.160    -0.790    -0.590
 5     0.938     0.307    -0.156
 6   130.661    24.264    47.539
 6     0.394    -0.843    -0.375
 6     0.024     0.411    -0.909
 6     0.919     0.347     0.181
 7   114.921   -23.171    -5.854
 7     0.112     0.958     0.265
 7    -0.923     0.002     0.384
 7     0.368    -0.288     0.884
 8   118.927   -26.436    23.905
 8     0.495     0.330     0.805
 8    -0.098    -0.898     0.427
 8     0.863    -0.290    -0.412
 9   132.214   -32.111    47.887
 9     0.480     0.848    -0.229
 9    -0.090     0.301     0.948
 9     0.872    -0.434     0.221
 2    97.000   -20.084    59.047
 2     0.412    -0.911     0.004
 2     0.910     0.412     0.030
 2    -0.029    -0.009     0.999
 3   130.918    -3.394     2.041
 3     0.516     0.088    -0.852
 3    -0.108     0.993     0.036
 3     0.850     0.073     0.521
 4   115.202    15.243    -7.968
 4     0.204    -0.909     0.363
 4     0.946     0.086    -0.313
 4     0.253     0.407     0.877
 5   117.106    21.671    19.796
 5     0.307    -0.530     0.792
 5     0.160    -0.790    -0.590
 5     0.938     0.307    -0.157
 6   130.749    24.214    47.438
 6     0.391    -0.837    -0.392
 6     0.025     0.428    -0.901
 6     0.920     0.340     0.187
 7   114.971   -23.170    -5.854
 7     0.112     0.957     0.266
 7    -0.923     0.002     0.384
 7     0.368    -0.289     0.884
 8   118.944   -26.432    23.809
 8     0.491     0.327     0.809
 8    -0.097    -0.901     0.422
 8     0.866    -0.285    -0.410
 9   132.214   -32.113    47.887
 9     0.480     0.849    -0.228
 9    -0.092     0.301     0.948
 9     0.872    -0.434     0.222
 2    97.000   -20.084    59.047
 2     0.412    -0.911     0.004
 2     0.910     0.412     0.030
 2    -0.029    -0.009     0.999
 3   131.014    -3.395     1.945
 3     0.517     0.090    -0.852
 3    -0.108     0.993     0.039
 3     0.849     0.072     0.522
 4   115.313    15.254    -8.016
 4     0.213    -0.905     0.369
 4     0.939     0.086    -0.331
 4     0.268     0.416     0.869
 5   116.773    21.922    19.352
 5     0.255    -0.541     0.803
 5     0.194    -0.784    -0.589
 5     0.947     0.304    -0.094
 6   130.911    25.097    47.068
 6     0.404    -0.791    -0.467
 6     0.058     0.525    -0.846
 6     0.913     0.313     0.256
 7   114.955   -23.093    -5.878
 7     0.123     0.953     0.276
 7    -0.912    -0.000     0.409
 7     0.390    -0.302     0.870
 8   119.050   -27.184    23.341
 8     0.447     0.279     0.851
 8    -0.164    -0.909     0.382
 8     0.879    -0.309    -0.360
 9   132.124   -34.996    46.962
 9     0.480     0.862    -0.163
 9    -0.172     0.271     0.947
 9     0.859    -0.427     0.278
 2    97.000   -20.084    59.098
 2     0.412    -0.911     0.005
 2     0.910     0.412     0.029
 2    -0.029    -0.009     0.999
 3   130.962    -3.446     1.867
 3     0.517     0.085    -0.852
 3    -0.108     0.993     0.033
 3     0.849     0.075     0.523
 4   114.569    14.937    -8.337
 4     0.179    -0.913     0.368
 4     0.945     0.055    -0.323
 4     0.274     0.405     0.872
 5   115.649    23.149    18.812
 5     0.276    -0.401     0.874
 5     0.340    -0.810    -0.477
 5     0.899     0.428    -0.086
 6   130.190    32.354    44.698
 6     0.422    -0.840    -0.347
 6     0.231     0.465    -0.853
 6     0.876     0.279     0.389
 7   114.124   -22.629    -6.108
 7     0.154     0.940     0.303
 7    -0.923     0.028     0.382
 7     0.351    -0.339     0.872
 8   118.674   -29.818    22.480
 8     0.491     0.086     0.867
 8    -0.350    -0.892     0.285
 8     0.798    -0.443    -0.408
 9   131.997   -42.785    42.663
 9     0.519     0.855     0.014
 9    -0.357     0.199     0.913
 9     0.777    -0.479     0.408
 2    97.000   -20.033    59.047
 2     0.412    -0.911     0.004
 2     0.911     0.411     0.030
 2    -0.029    -0.009     0.999
 3   130.456    -3.095     1.674
 3     0.533     0.037    -0.845
 3    -0.099     0.995    -0.019
 3     0.840     0.094     0.534
 4   112.196    14.073    -8.972
 4     0.114    -0.905     0.411
 4     0.968     0.006    -0.252
 4     0.225     0.426     0.876
 5   114.613    25.233    17.382
 5     0.337    -0.158     0.929
 5     0.518    -0.793    -0.321
 5     0.786     0.588    -0.186
 6   130.125    41.133    38.462
 6     0.488    -0.870    -0.075
 6     0.453     0.322    -0.831
 6     0.746     0.372     0.551
 7   112.491   -21.900    -6.449
 7     0.189     0.909     0.370
 7    -0.946     0.069     0.315
 7     0.261    -0.410     0.874
 8   118.342   -32.627    20.960
 8     0.530    -0.131     0.837
 8    -0.538    -0.816     0.213
 8     0.655    -0.563    -0.503
 9   131.808   -49.838    36.323
 9     0.557     0.806     0.201
 9    -0.525     0.154     0.837
 9     0.643    -0.571     0.509
 2    97.000   -20.084    59.047
 2     0.412    -0.911     0.004
 2     0.910     0.412     0.030
 2    -0.029    -0.009     0.999
 3   129.536    -2.756     1.119
 3     0.562    -0.012    -0.827
 3    -0.092     0.993    -0.077
 3     0.822     0.119     0.557
 4   109.660    13.216    -9.516
 4     0.060    -0.887     0.457
 4     0.985    -0.020    -0.169
 4     0.159     0.461     0.873
 5   114.401    27.125    15.483
 5     0.400     0.073     0.913
 5     0.650    -0.726    -0.226
 5     0.646     0.684    -0.338
 6   130.624    47.130    31.382
 6     0.550    -0.803     0.230
 6     0.607     0.196    -0.770
 6     0.573     0.562     0.595
 7   110.946   -21.213    -6.980
 7     0.219     0.865     0.452
 7    -0.964     0.121     0.235
 7     0.149    -0.487     0.860
 8   118.231   -35.382    18.159
 8     0.559    -0.251     0.790
 8    -0.662    -0.708     0.244
 8     0.499    -0.660    -0.562
 9   131.836   -55.631    28.710
 9     0.589     0.733     0.344
 9    -0.650     0.176     0.739
 9     0.481    -0.657     0.579
 2    96.950   -20.084    59.098
 2     0.412    -0.911     0.004
 2     0.910     0.412     0.030
 2    -0.029    -0.009     0.999
 3   128.481    -2.201     0.338
 3     0.598    -0.069    -0.798
 3    -0.090     0.984    -0.152
 3     0.796     0.163     0.583
 4   107.054    12.595    -9.671
 4     0.022    -0.859     0.511
 4     0.994    -0.035    -0.102
 4     0.105     0.510     0.854
 5   114.901    28.576    13.566
 5     0.486     0.243     0.840
 5     0.717    -0.660    -0.225
 5     0.500     0.711    -0.494
 6   132.361    50.025    24.155
 6     0.622    -0.652     0.436
 6     0.676     0.167    -0.718
 6     0.395     0.739     0.542
 7   109.255   -20.245    -7.125
 7     0.274     0.794     0.543
 7    -0.961     0.213     0.173
 7     0.022    -0.569     0.822
 8   118.406   -37.793    14.669
 8     0.590    -0.324     0.740
 8    -0.734    -0.594     0.327
 8     0.334    -0.736    -0.588
 9   132.734   -59.635    18.892
 9     0.635     0.611     0.477
 9    -0.728     0.263     0.632
 9     0.260    -0.746     0.610
 2    96.950   -20.084    59.098
 2     0.412    -0.911     0.004
 2     0.910     0.412     0.030
 2    -0.029    -0.009     0.999
 3   127.214    -1.566    -0.393
 3     0.632    -0.110    -0.767
 3    -0.080     0.975    -0.206
 3     0.770     0.191     0.608
 4   104.555    12.366    -9.310
 4     0.010    -0.814     0.581
 4     0.999    -0.017    -0.041
 4     0.043     0.581     0.812
 5   115.486    30.410    10.896
 5     0.566     0.362     0.742
 5     0.753    -0.591    -0.288
 5     0.335     0.721    -0.606
 6   134.024    52.261    15.526
 6     0.684    -0.511     0.523
 6     0.701     0.263    -0.663
 6     0.200     0.818     0.536
 7   107.177   -19.313    -7.007
 7     0.301     0.708     0.638
 7    -0.948     0.296     0.118
 7    -0.105    -0.641     0.760
 8   118.501   -39.249    11.151
 8     0.613    -0.425     0.667
 8    -0.772    -0.497     0.395
 8     0.164    -0.757    -0.632
 9   132.172   -61.972    10.014
 9     0.622     0.537     0.573
 9    -0.779     0.347     0.521
 9     0.081    -0.769     0.632
 2    96.950   -20.084    59.098
 2     0.412    -0.911     0.004
 2     0.910     0.412     0.030
 2    -0.029    -0.009     0.999
 3   126.101    -1.113    -0.903
 3     0.667    -0.124    -0.735
 3    -0.073     0.971    -0.229
 3     0.741     0.206     0.639
 4   102.911    12.297    -9.047
 4     0.006    -0.771     0.637
 4     1.000     0.010     0.003
 4    -0.009     0.637     0.771
 5   115.424    31.494     8.697
 5     0.597     0.427     0.680
 5     0.770    -0.542    -0.335
 5     0.226     0.723    -0.651
 6   133.925    53.460    10.029
 6     0.692    -0.438     0.576
 6     0.716     0.318    -0.621
 6     0.088     0.841     0.531
 7   105.816   -18.655    -6.822
 7     0.311     0.635     0.707
 7    -0.932     0.349     0.095
 7    -0.186    -0.689     0.700
 8   117.915   -40.229     7.939
 8     0.610    -0.491     0.624
 8    -0.792    -0.413     0.449
 8     0.037    -0.767    -0.639
 9   130.610   -63.264     3.044
 9     0.588     0.499     0.639
 9    -0.807     0.410     0.423
 9    -0.052    -0.763     0.642
 2    96.950   -20.084    59.098
 2     0.412    -0.911     0.004
 2     0.910     0.412     0.030
 2    -0.029    -0.009     0.999
 3   125.361    -1.093    -1.237
 3     0.692    -0.123    -0.712
 3    -0.083     0.965    -0.247
 3     0.717     0.230     0.657
 4   101.845    12.228    -8.882
 4     0.003    -0.741     0.672
 4     0.999     0.023     0.021
 4    -0.031     0.671     0.740
 5   115.302    31.946     7.542
 5     0.613     0.466     0.640
 5     0.772    -0.525    -0.358
 5     0.169     0.712    -0.680
 6   133.622    53.883     6.720
 6     0.693    -0.375     0.618
 6     0.720     0.337    -0.605
 6     0.017     0.863     0.502
 7   104.707   -18.164    -6.611
 7     0.319     0.570     0.758
 7    -0.914     0.395     0.086
 7    -0.251    -0.720     0.647
 8   117.521   -40.730     5.421
 8     0.600    -0.545     0.587
 8    -0.797    -0.351     0.490
 8    -0.061    -0.761    -0.645
 9   129.321   -63.783    -1.984
 9     0.555     0.465     0.692
 9    -0.819     0.448     0.356
 9    -0.144    -0.763     0.627
 2    96.950   -20.084    59.098
 2     0.412    -0.911     0.004
 2     0.910     0.412     0.030
 2    -0.029    -0.009     0.999
 3   124.818    -0.957    -1.468
 3     0.703    -0.121    -0.701
 3    -0.089     0.963    -0.255
 3     0.705     0.241     0.666
 4   100.986    12.260    -8.614
 4     0.006    -0.714     0.700
 4     0.998     0.040     0.033
 4    -0.052     0.698     0.713
 5   115.341    32.295     6.389
 5     0.628     0.492     0.604
 5     0.769    -0.507    -0.388
 5     0.114     0.708    -0.696
 6   133.587    53.951     3.608
 6     0.697    -0.314     0.646
 6     0.715     0.366    -0.595
 6    -0.050     0.876     0.478
 7   103.911   -17.915    -6.341
 7     0.318     0.526     0.789
 7    -0.901     0.425     0.079
 7    -0.294    -0.736     0.609
 8   117.578   -40.640     3.888
 8     0.597    -0.603     0.532
 8    -0.791    -0.332     0.512
 8    -0.132    -0.725    -0.674
 9   127.936   -63.883    -5.331
 9     0.502     0.339     0.797
 9    -0.839     0.414     0.352
 9    -0.212    -0.844     0.490
 2    96.950   -20.084    59.098
 2     0.412    -0.911     0.004
 2     0.910     0.412     0.030
 2    -0.029    -0.009     0.999
 3   124.552    -0.836    -1.625
 3     0.708    -0.119    -0.696
 3    -0.089     0.963    -0.254
 3     0.700     0.241     0.672
 4   100.478    12.251    -8.419
 4     0.006    -0.696     0.718
 4     0.998     0.049     0.039
 4    -0.063     0.716     0.695
 5   115.309    32.519     5.777
 5     0.634     0.517     0.577
 5     0.769    -0.499    -0.398
 5     0.082     0.695    -0.713
 6   133.376    54.144     2.138
 6     0.692    -0.229     0.686
 6     0.716     0.344    -0.607
 6    -0.096     0.911     0.401
 7   103.641   -17.822    -6.241
 7     0.318     0.506     0.802
 7    -0.897     0.434     0.081
 7    -0.308    -0.745     0.591
 8   118.319   -40.158     3.742
 8     0.606    -0.646     0.466
 8    -0.778    -0.357     0.516
 8    -0.167    -0.674    -0.719
 9   128.548   -63.704    -4.786
 9     0.453    -0.115     0.884
 9    -0.851     0.242     0.467
 9    -0.266    -0.963     0.014
 2    97.000   -20.084    59.047
 2     0.412    -0.911     0.004
 2     0.910     0.412     0.030
 2    -0.029    -0.009     0.999
 3   124.263    -0.713    -1.609
 3     0.712    -0.119    -0.693
 3    -0.088     0.963    -0.255
 3     0.696     0.242     0.675
 4   100.197    12.325    -8.222
 4     0.013    -0.681     0.732
 4     0.998     0.055     0.034
 4    -0.064     0.730     0.680
 5   116.045    32.091     5.977
 5     0.663     0.550     0.509
 5     0.746    -0.538    -0.392
 5     0.058     0.638    -0.767
 6   134.218    53.058     1.505
 6     0.672     0.338     0.661
 6     0.715    -0.062    -0.696
 6    -0.193     0.939    -0.280
 7   103.273   -17.828    -6.116
 7     0.320     0.479     0.817
 7    -0.891     0.445     0.088
 7    -0.322    -0.756     0.569
 8   119.766   -39.519     3.174
 8     0.615    -0.715     0.334
 8    -0.755    -0.410     0.511
 8    -0.229    -0.566    -0.792
 9   129.885   -63.328    -6.208
 9     0.383    -0.601     0.707
 9    -0.870     0.026     0.490
 9    -0.312    -0.799    -0.510
 2    96.950   -20.084    59.098
 2     0.412    -0.911     0.004
 2     0.910     0.412     0.030
 2    -0.029    -0.009     0.999
 3   123.990    -0.671    -1.630
 3     0.718    -0.114    -0.687
 3    -0.090     0.963    -0.254
 3     0.689     0.244     0.681
 4    99.795    12.304    -8.024
 4     0.025    -0.660     0.751
 4     0.996     0.080     0.038
 4    -0.085     0.747     0.659
 5   116.675    32.023     4.749
 5     0.677     0.586     0.447
 5     0.736    -0.547    -0.398
 5     0.011     0.597    -0.801
 6   134.134    52.990    -1.029
 6     0.642     0.516     0.571
 6     0.725    -0.163    -0.668
 6    -0.250     0.841    -0.476
 7   102.949   -17.822    -5.960
 7     0.321     0.439     0.839
 7    -0.879     0.468     0.090
 7    -0.353    -0.767     0.536
 8   120.405   -39.230     2.046
 8     0.603    -0.757     0.253
 8    -0.747    -0.424     0.513
 8    -0.281    -0.498    -0.820
 9   130.019   -63.003    -7.928
 9     0.346    -0.708     0.621
 9    -0.879    -0.011     0.475
 9    -0.329    -0.706    -0.623
 2    96.950   -20.084    59.098
 2     0.412    -0.911     0.004
 2     0.910     0.412     0.030
 2    -0.029    -0.009     0.999
 3   123.877    -0.678    -1.741
 3     0.722    -0.111    -0.684
 3    -0.095     0.962    -0.256
 3     0.685     0.249     0.683
 4    99.683    12.340    -7.965
 4     0.030    -0.649     0.761
 4     0.994     0.095     0.042
 4    -0.100     0.755     0.647
 5   116.873    32.126     4.221
 5     0.683     0.593     0.428
 5     0.730    -0.545    -0.411
 5    -0.011     0.592    -0.804
 6   134.153    52.981    -1.671
 6     0.639     0.531     0.561
 6     0.723    -0.167    -0.669
 6    -0.261     0.831    -0.488
 7   102.741   -17.660    -5.944
 7     0.316     0.422     0.850
 7    -0.873     0.479     0.086
 7    -0.372    -0.769     0.520
 8   120.365   -39.141     1.305
 8     0.599    -0.767     0.230
 8    -0.740    -0.422     0.523
 8    -0.304    -0.484    -0.821
 9   129.856   -62.823    -8.918
 9     0.333    -0.733     0.598
 9    -0.881    -0.015     0.469
 9    -0.335    -0.680    -0.649
 2    97.000   -20.084    59.047
 2     0.412    -0.911     0.004
 2     0.910     0.412     0.030
 2    -0.029    -0.009     0.999
 3   123.813    -0.632    -1.853
 3     0.725    -0.109    -0.680
 3    -0.098     0.961    -0.258
 3     0.681     0.254     0.686
 4    99.602    12.379    -7.964
 4     0.034    -0.638     0.770
 4     0.993     0.107     0.046
 4    -0.112     0.763     0.636
 5   117.007    32.154     3.592
 5     0.689     0.593     0.419
 5     0.724    -0.538    -0.431
 5    -0.030     0.599    -0.799
 6   134.287    52.706    -3.649
 6     0.640     0.520     0.570
 6     0.708    -0.112    -0.696
 6    -0.297     0.847    -0.437
 7   102.520   -17.630    -5.858
 7     0.311     0.401     0.861
 7    -0.864     0.497     0.080
 7    -0.397    -0.769     0.501
 8   120.111   -39.276     0.061
 8     0.582    -0.784     0.215
 8    -0.737    -0.397     0.547
 8    -0.343    -0.477    -0.809
 9   128.710   -62.874   -11.864
 9     0.304    -0.727     0.621
 9    -0.877     0.043     0.476
 9    -0.373    -0.686    -0.622
 2    97.003   -20.083    59.044
 2     0.412    -0.911     0.004
 2     0.910     0.412     0.029
 2    -0.028    -0.009     0.999
 3   123.765    -0.743    -2.003
 3     0.731    -0.105    -0.675
 3    -0.102     0.960    -0.259
 3     0.674     0.258     0.691
 4    99.219    11.930    -8.082
 4     0.042    -0.614     0.788
 4     0.987     0.150     0.064
 4    -0.157     0.775     0.612
 5   117.241    31.961     1.451
 5     0.706     0.601     0.377
 5     0.700    -0.511    -0.498
 5    -0.106     0.614    -0.781
 6   134.533    51.025    -8.974
 6     0.645     0.531     0.553
 6     0.652    -0.004    -0.757
 6    -0.400     0.847    -0.346
 7   101.979   -17.575    -5.435
 7     0.310     0.356     0.881
 7    -0.835     0.545     0.074
 7    -0.455    -0.759     0.466
 8   119.508   -39.421    -3.366
 8     0.558    -0.813     0.167
 8    -0.694    -0.347     0.630
 8    -0.455    -0.467    -0.758
 9   127.002   -61.661   -19.187
 9     0.266    -0.735     0.629
 9    -0.823     0.167     0.540
 9    -0.502    -0.657    -0.559
 2    96.950   -20.084    59.098
 2     0.412    -0.911     0.004
 2     0.910     0.412     0.030
 2    -0.029    -0.009     0.999
 3   123.490    -0.918    -2.175
 3     0.733    -0.105    -0.672
 3    -0.095     0.963    -0.253
 3     0.673     0.249     0.696
 4    98.641    11.413    -8.062
 4     0.056    -0.569     0.821
 4     0.974     0.211     0.080
 4    -0.219     0.795     0.565
 5   117.853    31.347    -1.423
 5     0.736     0.605     0.305
 5     0.645    -0.489    -0.588
 5    -0.207     0.628    -0.749
 6   135.376    46.495   -16.445
 6     0.654     0.608     0.453
 6     0.504     0.093    -0.857
 6    -0.564     0.788    -0.244
 7   101.400   -17.501    -5.138
 7     0.306     0.327     0.894
 7    -0.802     0.594     0.057
 7    -0.513    -0.735     0.443
 8   119.335   -38.470    -6.885
 8     0.548    -0.833     0.079
 8    -0.614    -0.336     0.714
 8    -0.568    -0.440    -0.695
 9   126.377   -58.085   -26.392
 9     0.251    -0.769     0.592
 9    -0.730     0.250     0.633
 9    -0.636    -0.588    -0.498
 2    96.950   -20.084    59.098
 2     0.412    -0.911     0.004
 2     0.910     0.412     0.030
 2    -0.029    -0.009     0.999
 3   123.306    -0.976    -2.289
 3     0.735    -0.097    -0.671
 3    -0.102     0.963    -0.250
 3     0.670     0.252     0.698
 4    98.356    11.108    -8.226
 4     0.080    -0.533     0.843
 4     0.960     0.266     0.078
 4    -0.266     0.803     0.532
 5   118.636    30.248    -3.796
 5     0.764     0.598     0.244
 5     0.581    -0.472    -0.663
 5    -0.281     0.648    -0.707
 6   135.866    41.316   -22.446
 6     0.640     0.674     0.370
 6     0.342     0.179    -0.922
 6    -0.688     0.716    -0.115
 7   101.121   -17.493    -5.083
 7     0.300     0.306     0.904
 7    -0.774     0.631     0.043
 7    -0.558    -0.713     0.425
 8   119.696   -37.056    -9.579
 8     0.563    -0.826    -0.020
 8    -0.512    -0.367     0.776
 8    -0.648    -0.428    -0.630
 9   127.066   -52.981   -32.626
 9     0.257    -0.829     0.501
 9    -0.589     0.275     0.758
 9    -0.767    -0.487    -0.418
 2    97.003   -20.083    59.044
 2     0.412    -0.911     0.004
 2     0.910     0.412     0.029
 2    -0.028    -0.009     0.999
 3   123.183    -0.973    -2.389
 3     0.736    -0.097    -0.670
 3    -0.095     0.965    -0.243
 3     0.670     0.243     0.701
 4    98.098    10.744    -8.318
 4     0.086    -0.512     0.855
 4     0.950     0.299     0.084
 4    -0.300     0.805     0.511
 5   118.751    29.408    -5.721
 5     0.770     0.602     0.210
 5     0.542    -0.445    -0.713
 5    -0.336     0.663    -0.669
 6   135.163    36.742   -26.916
 6     0.601     0.733     0.321
 6     0.193     0.255    -0.947
 6    -0.776     0.631     0.012
 7   100.987   -17.673    -5.060
 7     0.308     0.292     0.906
 7    -0.747     0.663     0.040
 7    -0.589    -0.690     0.421
 8   120.223   -35.547   -11.454
 8     0.571    -0.815    -0.095
 8    -0.431    -0.396     0.811
 8    -0.698    -0.423    -0.577
 9   127.405   -49.264   -36.083
 9     0.251    -0.864     0.439
 9    -0.506     0.267     0.818
 9    -0.825    -0.426    -0.371
 2    97.003   -20.083    59.044
 2     0.413    -0.911     0.004
 2     0.910     0.412     0.029
 2    -0.028    -0.009     0.999
 3   123.133    -0.997    -2.382
 3     0.737    -0.095    -0.670
 3    -0.090     0.967    -0.236
 3     0.669     0.235     0.704
 4    98.035    10.513    -8.379
 4     0.092    -0.494     0.865
 4     0.941     0.327     0.087
 4    -0.326     0.805     0.494
 5   118.952    28.736    -7.228
 5     0.770     0.614     0.172
 5     0.510    -0.432    -0.744
 5    -0.382     0.660    -0.646
 6   134.559    33.698   -29.861
 6     0.562     0.778     0.281
 6     0.106     0.269    -0.957
 6    -0.820     0.568     0.068
 7   100.820   -17.605    -4.949
 7     0.310     0.282     0.908
 7    -0.719     0.694     0.030
 7    -0.622    -0.662     0.418
 8   120.040   -34.250   -13.360
 8     0.553    -0.819    -0.155
 8    -0.371    -0.407     0.834
 8    -0.746    -0.404    -0.529
 9   126.204   -45.934   -39.597
 9     0.218    -0.887     0.410
 9    -0.442     0.284     0.849
 9    -0.870    -0.364    -0.331
 2    97.003   -20.083    59.044
 2     0.413    -0.911     0.004
 2     0.910     0.413     0.029
 2    -0.028    -0.009     0.999
 3   123.054    -1.101    -2.422
 3     0.739    -0.090    -0.669
 3    -0.090     0.969    -0.229
 3     0.667     0.229     0.707
 4    97.821    10.444    -8.341
 4     0.100    -0.476     0.874
 4     0.934     0.346     0.082
 4    -0.342     0.808     0.479
 5   119.054    28.187    -8.070
 5     0.771     0.616     0.160
 5     0.488    -0.411    -0.770
 5    -0.408     0.672    -0.618
 6   133.799    30.489   -31.795
 6     0.518     0.818     0.251
 6     0.002     0.293    -0.956
 6    -0.855     0.495     0.151
 7   100.456   -17.546    -4.822
 7     0.308     0.281     0.909
 7    -0.708     0.706     0.021
 7    -0.636    -0.650     0.416
 8   119.541   -33.474   -14.474
 8     0.542    -0.820    -0.186
 8    -0.324    -0.406     0.854
 8    -0.775    -0.403    -0.486
 9   125.138   -43.333   -41.637
 9     0.191    -0.906     0.379
 9    -0.376     0.287     0.880
 9    -0.906    -0.309    -0.288
 2    97.003   -20.032    59.044
 2     0.413    -0.911     0.004
 2     0.910     0.413     0.029
 2    -0.028    -0.009     0.999
 3   122.945    -1.156    -2.480
 3     0.743    -0.083    -0.664
 3    -0.090     0.971    -0.221
 3     0.663     0.224     0.714
 4    97.677    10.325    -8.298
 4     0.101    -0.463     0.881
 4     0.928     0.363     0.085
 4    -0.359     0.808     0.466
 5   118.955    27.721    -8.923
 5     0.768     0.623     0.152
 5     0.473    -0.390    -0.790
 5    -0.432     0.678    -0.594
 6   133.173    28.169   -33.411
 6     0.485     0.841     0.240
 6    -0.066     0.310    -0.948
 6    -0.872     0.443     0.206
 7   100.221   -17.471    -4.867
 7     0.302     0.277     0.912
 7    -0.690     0.724     0.009
 7    -0.658    -0.632     0.409
 8   119.306   -32.490   -15.696
 8     0.529    -0.819    -0.225
 8    -0.281    -0.417     0.864
 8    -0.801    -0.394    -0.450
 9   124.479   -41.087   -43.467
 9     0.171    -0.923     0.346
 9    -0.335     0.274     0.900
 9    -0.927    -0.269    -0.264
 2    97.003   -20.083    59.044
 2     0.414    -0.911     0.004
 2     0.910     0.413     0.029
 2    -0.028    -0.009     0.999
 3   122.890    -1.207    -2.521
 3     0.745    -0.081    -0.662
 3    -0.088     0.972    -0.218
 3     0.661     0.220     0.717
 4    97.632    10.126    -8.426
 4     0.108    -0.450     0.887
 4     0.919     0.384     0.083
 4    -0.378     0.806     0.454
 5   119.031    26.996    -9.975
 5     0.767     0.627     0.135
 5     0.449    -0.376    -0.810
 5    -0.457     0.682    -0.571
 6   132.693    25.689   -34.917
 6     0.454     0.862     0.223
 6    -0.126     0.310    -0.942
 6    -0.882     0.399     0.250
 7   100.138   -17.418    -4.983
 7     0.301     0.280     0.911
 7    -0.672     0.740    -0.006
 7    -0.676    -0.611     0.411
 8   118.941   -31.359   -17.050
 8     0.514    -0.817    -0.262
 8    -0.226    -0.422     0.878
 8    -0.827    -0.392    -0.401
 9   123.323   -37.860   -45.700
 9     0.138    -0.938     0.320
 9    -0.261     0.276     0.924
 9    -0.955    -0.210    -0.208
 2    97.006   -20.032    59.041
 2     0.414    -0.911     0.004
 2     0.910     0.413     0.028
 2    -0.027    -0.009     0.999
 3   122.815    -1.233    -2.572
 3     0.745    -0.080    -0.662
 3    -0.089     0.972    -0.217
 3     0.661     0.220     0.717
 4    97.420    10.160    -8.444
 4     0.114    -0.432     0.895
 4     0.913     0.400     0.078
 4    -0.392     0.808     0.439
 5   119.081    26.602   -10.753
 5     0.766     0.634     0.113
 5     0.427    -0.368    -0.826
 5    -0.481     0.680    -0.552
 6   132.069    24.077   -36.184
 6     0.419     0.884     0.208
 6    -0.170     0.302    -0.938
 6    -0.892     0.357     0.278
 7    99.889   -17.251    -5.003
 7     0.299     0.282     0.912
 7    -0.665     0.746    -0.012
 7    -0.684    -0.603     0.410
 8   118.751   -30.789   -17.583
 8     0.511    -0.815    -0.276
 8    -0.199    -0.423     0.884
 8    -0.836    -0.397    -0.378
 9   122.534   -35.954   -46.416
 9     0.115    -0.952     0.286
 9    -0.206     0.258     0.943
 9    -0.972    -0.167    -0.168
 2    97.008   -20.031    59.038
 2     0.415    -0.910     0.004
 2     0.909     0.414     0.027
 2    -0.026    -0.008     0.999
 3   122.703    -1.214    -2.632
 3     0.748    -0.076    -0.659
 3    -0.092     0.972    -0.216
 3     0.657     0.222     0.720
 4    97.405    10.279    -8.429
 4     0.118    -0.425     0.898
 4     0.909     0.408     0.073
 4    -0.398     0.808     0.434
 5   119.169    26.220   -11.229
 5     0.764     0.638     0.094
 5     0.410    -0.367    -0.835
 5    -0.498     0.676    -0.543
 6   131.612    22.403   -36.816
 6     0.389     0.900     0.195
 6    -0.219     0.297    -0.929
 6    -0.895     0.318     0.314
 7    99.885   -17.203    -4.999
 7     0.298     0.284     0.911
 7    -0.665     0.747    -0.015
 7    -0.685    -0.602     0.411
 8   118.473   -30.800   -17.726
 8     0.509    -0.819    -0.267
 8    -0.193    -0.409     0.891
 8    -0.839    -0.403    -0.366
 9   121.974   -35.052   -46.790
 9     0.097    -0.957     0.273
 9    -0.166     0.255     0.952
 9    -0.981    -0.137    -0.135
 2    97.007   -20.031    59.089
 2     0.415    -0.910     0.004
 2     0.909     0.414     0.027
 2    -0.026    -0.008     0.999
 3   122.654    -1.215    -2.606
 3     0.748    -0.074    -0.660
 3    -0.094     0.972    -0.214
 3     0.657     0.222     0.720
 4    97.391    10.095    -8.513
 4     0.118    -0.424     0.898
 4     0.907     0.413     0.076
 4    -0.404     0.806     0.432
 5   119.044    26.221   -11.353
 5     0.762     0.639     0.101
 5     0.413    -0.360    -0.836
 5    -0.498     0.679    -0.539
 6   131.565    22.508   -36.848
 6     0.390     0.899     0.198
 6    -0.218     0.301    -0.928
 6    -0.894     0.318     0.314
 7    99.707   -17.283    -4.887
 7     0.295     0.285     0.912
 7    -0.665     0.747    -0.019
 7    -0.687    -0.601     0.409
 8   118.375   -30.775   -17.801
 8     0.507    -0.821    -0.268
 8    -0.194    -0.408     0.892
 8    -0.839    -0.400    -0.365
 9   121.875   -35.105   -46.837
 9     0.097    -0.956     0.276
 9    -0.169     0.257     0.951
 9    -0.981    -0.139    -0.137
 2    97.008   -20.031    59.089
 2     0.415    -0.910     0.004
 2     0.909     0.414     0.027
 2    -0.026    -0.009     0.999
 3   122.580    -1.240    -2.554
 3     0.748    -0.072    -0.661
 3    -0.094     0.973    -0.212
 3     0.657     0.220     0.720
 4    97.345    10.098    -8.519
 4     0.116    -0.425     0.898
 4     0.908     0.411     0.077
 4    -0.402     0.806     0.433
 5   118.998    26.224   -11.361
 5     0.762     0.640     0.104
 5     0.415    -0.359    -0.835
 5    -0.496     0.679    -0.540
 6   131.458    22.634   -36.846
 6     0.391     0.898     0.200
 6    -0.216     0.302    -0.929
 6    -0.895     0.318     0.312
 7    99.660   -17.282    -4.891
 7     0.295     0.285     0.912
 7    -0.665     0.746    -0.018
 7    -0.686    -0.602     0.409
 8   118.329   -30.799   -17.749
 8     0.508    -0.821    -0.267
 8    -0.196    -0.409     0.891
 8    -0.839    -0.399    -0.368
 9   121.893   -35.226   -46.795
 9     0.098    -0.956     0.278
 9    -0.174     0.258     0.950
 9    -0.980    -0.141    -0.142
 2    97.007   -20.031    59.089
 2     0.415    -0.910     0.004
 2     0.909     0.414     0.027
 2    -0.026    -0.008     0.999
 3   122.578    -1.293    -2.549
 3     0.748    -0.068    -0.660
 3    -0.096     0.973    -0.208
 3     0.656     0.218     0.722
 4    97.398    10.099    -8.522
 4     0.117    -0.426     0.898
 4     0.908     0.410     0.076
 4    -0.401     0.807     0.434
 5   119.001    26.225   -11.312
 5     0.763     0.638     0.105
 5     0.416    -0.359    -0.835
 5    -0.495     0.681    -0.540
 6   131.561    22.586   -36.829
 6     0.393     0.898     0.198
 6    -0.216     0.301    -0.929
 6    -0.894     0.321     0.313
 7    99.705   -17.258    -4.990
 7     0.295     0.286     0.912
 7    -0.664     0.747    -0.020
 7    -0.687    -0.600     0.410
 8   118.380   -30.671   -17.806
 8     0.509    -0.820    -0.268
 8    -0.195    -0.409     0.891
 8    -0.838    -0.401    -0.367
 9   121.978   -35.000   -46.856
 9     0.099    -0.955     0.278
 9    -0.170     0.259     0.950
 9    -0.980    -0.141    -0.137
 2    97.007   -20.031    59.089
 2     0.415    -0.910     0.004
 2     0.909     0.414     0.027
 2    -0.026    -0.008     0.999
 3   122.628    -1.293    -2.549
 3     0.748    -0.067    -0.661
 3    -0.097     0.973    -0.207
 3     0.656     0.219     0.721
 4    97.398    10.150    -8.471
 4     0.116    -0.426     0.898
 4     0.909     0.409     0.076
 4    -0.401     0.807     0.434
 5   118.954    26.277   -11.289
 5     0.763     0.638     0.107
 5     0.417    -0.358    -0.835
 5    -0.494     0.682    -0.539
 6   131.557    22.689   -36.783
 6     0.394     0.897     0.199
 6    -0.214     0.301    -0.929
 6    -0.894     0.323     0.312
 7    99.750   -17.208    -4.988
 7     0.297     0.287     0.911
 7    -0.662     0.749    -0.020
 7    -0.688    -0.598     0.412
 8   118.125   -30.847   -17.755
 8     0.505    -0.828    -0.248
 8    -0.221    -0.398     0.890
 8    -0.834    -0.395    -0.384
 9   121.685   -36.222   -46.531
 9     0.097    -0.949     0.302
 9    -0.203     0.277     0.938
 9    -0.974    -0.152    -0.167
 2    96.958   -20.082    59.089
 2     0.416    -0.910     0.004
 2     0.909     0.415     0.028
 2    -0.026    -0.009     1.000
 3   122.628    -1.243    -2.549
 3     0.748    -0.066    -0.661
 3    -0.098     0.973    -0.208
 3     0.656     0.220     0.721
 4    97.345    10.369    -8.233
 4     0.093    -0.447     0.890
 4     0.925     0.369     0.089
 4    -0.368     0.815     0.448
 5   117.934    27.965    -9.542
 5     0.747     0.641     0.175
 5     0.491    -0.356    -0.794
 5    -0.447     0.679    -0.582
 6   131.800    29.182   -33.710
 6     0.463     0.842     0.278
 6    -0.061     0.343    -0.937
 6    -0.884     0.417     0.210
 7    99.817   -17.120    -4.893
 7     0.288     0.309     0.906
 7    -0.704     0.710    -0.018
 7    -0.649    -0.633     0.422
 8   118.039   -33.149   -15.438
 8     0.509    -0.841    -0.185
 8    -0.334    -0.389     0.858
 8    -0.793    -0.375    -0.479
 9   122.165   -42.690   -42.908
 9     0.114    -0.922     0.371
 9    -0.337     0.314     0.887
 9    -0.935    -0.225    -0.276
 2    97.004   -20.033    59.095
 2     0.416    -0.910     0.004
 2     0.909     0.415     0.029
 2    -0.028    -0.009     0.999
 3   122.762    -1.064    -2.441
 3     0.744    -0.070    -0.665
 3    -0.103     0.970    -0.218
 3     0.660     0.230     0.714
 4    97.777    10.856    -8.065
 4     0.071    -0.504     0.861
 4     0.953     0.288     0.090
 4    -0.294     0.814     0.500
 5   117.394    30.217    -5.438
 5     0.739     0.611     0.284
 5     0.597    -0.400    -0.695
 5    -0.311     0.682    -0.661
 6   133.619    37.806   -26.052
 6     0.586     0.725     0.363
 6     0.164     0.331    -0.929
 6    -0.794     0.603     0.075
 7   100.545   -17.315    -4.807
 7     0.296     0.330     0.897
 7    -0.764     0.644     0.015
 7    -0.573    -0.690     0.442
 8   118.959   -35.501   -11.599
 8     0.547    -0.832    -0.093
 8    -0.459    -0.390     0.798
 8    -0.700    -0.395    -0.595
 9   124.980   -49.278   -36.572
 9     0.183    -0.870     0.461
 9    -0.484     0.327     0.810
 9    -0.856    -0.369    -0.362
 2    96.954   -20.084    59.095
 2     0.416    -0.910     0.004
 2     0.909     0.415     0.029
 2    -0.028    -0.009     0.999
 3   123.161    -0.867    -2.056
 3     0.728    -0.085    -0.681
 3    -0.100     0.968    -0.228
 3     0.677     0.234     0.696
 4    98.583    11.365    -8.047
 4     0.049    -0.555     0.830
 4     0.974     0.208     0.081
 4    -0.219     0.805     0.551
 5   116.719    31.637    -1.198
 5     0.718     0.579     0.387
 5     0.674    -0.441    -0.592
 5    -0.172     0.686    -0.706
 6   134.549    44.782   -17.303
 6     0.663     0.588     0.467
 6     0.367     0.287    -0.884
 6    -0.652     0.756    -0.024
 7   101.603   -17.619    -4.889
 7     0.303     0.354     0.885
 7    -0.813     0.580     0.046
 7    -0.497    -0.734     0.464
 8   120.143   -37.219    -7.616
 8     0.590    -0.807     0.009
 8    -0.555    -0.397     0.731
 8    -0.586    -0.437    -0.682
 9   127.867   -54.449   -29.374
 9     0.258    -0.804     0.539
 9    -0.603     0.300     0.736
 9    -0.755    -0.512    -0.408
 2    97.004   -20.033    59.044
 2     0.416    -0.910     0.004
 2     0.909     0.415     0.029
 2    -0.028    -0.009     0.999
 3   123.748    -0.768    -1.837
 3     0.711    -0.102    -0.697
 3    -0.095     0.967    -0.238
 3     0.697     0.235     0.677
 4    99.887    12.151    -8.122
 4     0.034    -0.616     0.787
 4     0.993     0.111     0.044
 4    -0.115     0.780     0.615
 5   116.179    32.351     4.287
 5     0.692     0.526     0.496
 5     0.722    -0.514    -0.464
 5     0.011     0.678    -0.734
 6   135.579    49.602    -4.865
 6     0.733     0.412     0.545
 6     0.524     0.170    -0.833
 6    -0.435     0.895    -0.089
 7   103.052   -17.875    -5.343
 7     0.308     0.403     0.862
 7    -0.856     0.512     0.066
 7    -0.415    -0.758     0.503
 8   121.565   -38.250    -2.552
 8     0.642    -0.754     0.133
 8    -0.640    -0.432     0.635
 8    -0.422    -0.494    -0.760
 9   131.797   -58.436   -19.052
 9     0.361    -0.713     0.607
 9    -0.714     0.205     0.665
 9    -0.599    -0.671    -0.434
 2    97.004   -20.084    59.044
 2     0.416    -0.909     0.004
 2     0.909     0.416     0.029
 2    -0.028    -0.009     0.999
 3   124.590    -0.518    -1.483
 3     0.699    -0.115    -0.706
 3    -0.081     0.968    -0.237
 3     0.710     0.223     0.667
 4   102.086    13.758    -7.967
 4     0.049    -0.699     0.713
 4     0.998     0.003    -0.066
 4     0.043     0.715     0.698
 5   116.045    31.488    10.454
 5     0.664     0.438     0.608
 5     0.710    -0.622    -0.329
 5     0.235     0.649    -0.723
 6   136.661    50.381     9.639
 6     0.794     0.203     0.574
 6     0.589    -0.021    -0.808
 6    -0.151     0.979    -0.134
 7   104.773   -18.044    -6.094
 7     0.338     0.484     0.807
 7    -0.886     0.452     0.100
 7    -0.317    -0.749     0.581
 8   123.126   -37.826     2.786
 8     0.695    -0.672     0.256
