% Calibrated with leiden_pols
% Positions are in centimeters
Data =[
 2    97.000   -20.084    59.098
 2     0.412    -0.911     0.004
 2     0.910     0.412     0.030
 2    -0.029    -0.009     0.999
 3   131.018    -3.394     1.990
 3     0.516     0.087    -0.853
 3    -0.108     0.993     0.036
 3     0.850     0.073     0.521
 4   115.278    15.242    -7.993
 4     0.205    -0.910     0.362
 4     0.945     0.088    -0.313
 4     0.253     0.406     0.878
 5   117.038    21.675    19.839
 5     0.304    -0.531     0.792
 5     0.160    -0.791    -0.590
 5     0.939     0.305    -0.155
 6   130.603    24.263    47.543
 6     0.394    -0.845    -0.369
 6     0.024     0.405    -0.912
 6     0.918     0.348     0.178
 7   115.017   -23.171    -5.852
 7     0.113     0.958     0.263
 7    -0.923     0.003     0.384
 7     0.367    -0.286     0.885
 8   118.986   -26.484    23.943
 8     0.493     0.331     0.806
 8    -0.097    -0.899     0.426
 8     0.865    -0.288    -0.410
 9   132.196   -32.058    47.932
 9     0.479     0.850    -0.225
 9    -0.089     0.297     0.950
 9     0.873    -0.435     0.217
 2    97.000   -20.084    59.098
 2     0.412    -0.911     0.005
 2     0.910     0.412     0.029
 2    -0.029    -0.009     0.999
 3   130.967    -3.394     1.989
 3     0.515     0.087    -0.853
 3    -0.108     0.993     0.036
 3     0.850     0.074     0.521
 4   115.202    15.243    -7.993
 4     0.203    -0.910     0.363
 4     0.946     0.087    -0.312
 4     0.253     0.406     0.878
 5   117.030    21.672    19.847
 5     0.305    -0.530     0.792
 5     0.160    -0.791    -0.590
 5     0.938     0.306    -0.156
 6   130.610    24.265    47.536
 6     0.393    -0.845    -0.370
 6     0.024     0.406    -0.912
 6     0.919     0.348     0.179
 7   115.018   -23.171    -5.851
 7     0.112     0.958     0.264
 7    -0.923     0.002     0.384
 7     0.367    -0.287     0.885
 8   118.977   -26.486    23.956
 8     0.495     0.330     0.805
 8    -0.098    -0.898     0.427
 8     0.863    -0.289    -0.411
 9   132.196   -32.110    47.932
 9     0.479     0.849    -0.226
 9    -0.090     0.298     0.949
 9     0.873    -0.435     0.218
 2    96.950   -20.084    59.098
 2     0.412    -0.911     0.004
 2     0.910     0.412     0.030
 2    -0.029    -0.009     0.999
 3   130.917    -3.394     2.040
 3     0.516     0.087    -0.853
 3    -0.108     0.993     0.035
 3     0.850     0.074     0.521
 4   115.152    15.243    -7.993
 4     0.203    -0.910     0.362
 4     0.946     0.086    -0.313
 4     0.253     0.406     0.878
 5   116.981    21.671    19.848
 5     0.307    -0.530     0.792
 5     0.160    -0.790    -0.590
 5     0.938     0.307    -0.156
 6   130.603    24.263    47.544
 6     0.394    -0.845    -0.370
 6     0.024     0.406    -0.911
 6     0.918     0.348     0.179
 7   114.920   -23.171    -5.854
 7     0.112     0.958     0.265
 7    -0.923     0.001     0.384
 7     0.368    -0.287     0.884
 8   118.927   -26.487    23.956
 8     0.495     0.330     0.805
 8    -0.098    -0.898     0.427
 8     0.863    -0.290    -0.412
 9   132.191   -32.060    47.888
 9     0.480     0.849    -0.226
 9    -0.090     0.298     0.949
 9     0.872    -0.435     0.219
 2    97.000   -20.084    59.047
 2     0.412    -0.911     0.005
 2     0.910     0.412     0.030
 2    -0.029    -0.009     0.999
 3   130.917    -3.394     2.040
 3     0.516     0.087    -0.853
 3    -0.108     0.993     0.035
 3     0.850     0.074     0.521
 4   115.155    15.243    -7.970
 4     0.203    -0.910     0.362
 4     0.946     0.086    -0.313
 4     0.254     0.406     0.878
 5   117.031    21.671    19.848
 5     0.307    -0.530     0.792
 5     0.160    -0.790    -0.590
 5     0.938     0.307    -0.156
 6   130.661    24.264    47.539
 6     0.394    -0.843    -0.375
 6     0.024     0.411    -0.909
 6     0.919     0.347     0.181
 7   114.921   -23.171    -5.854
 7     0.112     0.958     0.265
 7    -0.923     0.002     0.384
 7     0.368    -0.288     0.884
 8   118.927   -26.436    23.905
 8     0.495     0.330     0.805
 8    -0.098    -0.898     0.427
 8     0.863    -0.290    -0.412
 9   132.214   -32.111    47.887
 9     0.480     0.848    -0.229
 9    -0.090     0.301     0.948
 9     0.872    -0.434     0.221
 2    97.000   -20.084    59.047
 2     0.412    -0.911     0.004
 2     0.910     0.412     0.030
 2    -0.029    -0.009     0.999
 3   130.918    -3.394     2.041
 3     0.516     0.088    -0.852
 3    -0.108     0.993     0.036
 3     0.850     0.073     0.521
 4   115.202    15.243    -7.968
 4     0.204    -0.909     0.363
 4     0.946     0.086    -0.313
 4     0.253     0.407     0.877
 5   117.106    21.671    19.796
 5     0.307    -0.530     0.792
 5     0.160    -0.790    -0.590
 5     0.938     0.307    -0.157
 6   130.749    24.214    47.438
 6     0.391    -0.837    -0.392
 6     0.025     0.428    -0.901
 6     0.920     0.340     0.187
 7   114.971   -23.170    -5.854
 7     0.112     0.957     0.266
 7    -0.923     0.002     0.384
 7     0.368    -0.289     0.884
 8   118.944   -26.432    23.809
 8     0.491     0.327     0.809
 8    -0.097    -0.901     0.422
 8     0.866    -0.285    -0.410
 9   132.214   -32.113    47.887
 9     0.480     0.849    -0.228
 9    -0.092     0.301     0.948
 9     0.872    -0.434     0.222
 2    97.000   -20.084    59.047
 2     0.412    -0.911     0.004
 2     0.910     0.412     0.030
 2    -0.029    -0.009     0.999
 3   131.014    -3.395     1.945
 3     0.517     0.090    -0.852
 3    -0.108     0.993     0.039
 3     0.849     0.072     0.522
 4   115.313    15.254    -8.016
 4     0.213    -0.905     0.369
 4     0.939     0.086    -0.331
 4     0.268     0.416     0.869
 5   116.773    21.922    19.352
 5     0.255    -0.541     0.803
 5     0.194    -0.784    -0.589
 5     0.947     0.304    -0.094
 6   130.911    25.097    47.068
 6     0.404    -0.791    -0.467
 6     0.058     0.525    -0.846
 6     0.913     0.313     0.256
 7   114.955   -23.093    -5.878
 7     0.123     0.953     0.276
 7    -0.912    -0.000     0.409
 7     0.390    -0.302     0.870
 8   119.050   -27.184    23.341
 8     0.447     0.279     0.851
 8    -0.164    -0.909     0.382
 8     0.879    -0.309    -0.360
 9   132.124   -34.996    46.962
 9     0.480     0.862    -0.163
 9    -0.172     0.271     0.947
 9     0.859    -0.427     0.278
 2    97.000   -20.084    59.098
 2     0.412    -0.911     0.005
 2     0.910     0.412     0.029
 2    -0.029    -0.009     0.999
 3   130.962    -3.446     1.867
 3     0.517     0.085    -0.852
 3    -0.108     0.993     0.033
 3     0.849     0.075     0.523
 4   114.569    14.937    -8.337
 4     0.179    -0.913     0.368
 4     0.945     0.055    -0.323
 4     0.274     0.405     0.872
 5   115.649    23.149    18.812
 5     0.276    -0.401     0.874
 5     0.340    -0.810    -0.477
 5     0.899     0.428    -0.086
 6   130.190    32.354    44.698
 6     0.422    -0.840    -0.347
 6     0.231     0.465    -0.853
 6     0.876     0.279     0.389
 7   114.124   -22.629    -6.108
 7     0.154     0.940     0.303
 7    -0.923     0.028     0.382
 7     0.351    -0.339     0.872
 8   118.674   -29.818    22.480
 8     0.491     0.086     0.867
 8    -0.350    -0.892     0.285
 8     0.798    -0.443    -0.408
 9   131.997   -42.785    42.663
 9     0.519     0.855     0.014
 9    -0.357     0.199     0.913
 9     0.777    -0.479     0.408
 2    97.000   -20.033    59.047
 2     0.412    -0.911     0.004
 2     0.911     0.411     0.030
 2    -0.029    -0.009     0.999
 3   130.456    -3.095     1.674
 3     0.533     0.037    -0.845
 3    -0.099     0.995    -0.019
 3     0.840     0.094     0.534
 4   112.196    14.073    -8.972
 4     0.114    -0.905     0.411
 4     0.968     0.006    -0.252
 4     0.225     0.426     0.876
 5   114.613    25.233    17.382
 5     0.337    -0.158     0.929
 5     0.518    -0.793    -0.321
 5     0.786     0.588    -0.186
