% Calibrated with leiden_pols
% Positions are in centimeters
Data =[
 2    96.990   -20.077    59.095
 2     0.389    -0.921     0.004
 2     0.921     0.389     0.030
 2    -0.029    -0.009     0.999
 3   130.276    -3.010     2.243
 3     0.543     0.050    -0.838
 3    -0.075     0.997     0.010
 3     0.836     0.057     0.545
 4   113.655    15.286    -7.668
 4     0.156    -0.912     0.379
 4     0.952     0.037    -0.303
 4     0.262     0.408     0.874
 5   114.120    22.481    19.671
 5     0.229    -0.541     0.810
 5     0.185    -0.793    -0.580
 5     0.956     0.281    -0.081
 6   127.598    23.900    47.852
 6     0.355    -0.744    -0.571
 6     0.009     0.609    -0.791
 6     0.934     0.274     0.221
 7   113.941   -22.639    -5.726
 7     0.103     0.951     0.291
 7    -0.923    -0.018     0.385
 7     0.371    -0.309     0.876
 8   115.997   -27.124    23.209
 8     0.384     0.287     0.878
 8    -0.163    -0.915     0.369
 8     0.908    -0.284    -0.305
 9   129.342   -32.388    47.878
 9     0.474     0.816    -0.336
 9    -0.077     0.413     0.906
 9     0.877    -0.403     0.258
 2    96.991   -20.078    59.095
 2     0.390    -0.921     0.004
 2     0.920     0.389     0.030
 2    -0.029    -0.009     0.999
 3   130.206    -2.908     2.237
 3     0.542     0.050    -0.839
 3    -0.076     0.997     0.010
 3     0.837     0.058     0.544
 4   113.485    15.340    -7.652
 4     0.151    -0.912     0.382
 4     0.952     0.030    -0.303
 4     0.265     0.409     0.873
 5   113.911    22.402    19.751
 5     0.231    -0.533     0.815
 5     0.184    -0.798    -0.573
 5     0.955     0.281    -0.085
 6   127.513    23.924    47.908
 6     0.358    -0.750    -0.562
 6     0.010     0.601    -0.797
 6     0.933     0.277     0.221
 7   113.941   -22.588    -5.727
 7     0.104     0.951     0.291
 7    -0.923    -0.017     0.385
 7     0.371    -0.309     0.875
 8   116.002   -27.123    23.201
 8     0.384     0.288     0.878
 8    -0.163    -0.915     0.369
 8     0.909    -0.284    -0.304
 9   129.343   -32.338    47.878
 9     0.474     0.816    -0.336
 9    -0.078     0.413     0.906
 9     0.877    -0.403     0.258
 2    96.991   -20.027    59.095
 2     0.390    -0.921     0.004
 2     0.920     0.389     0.030
 2    -0.029    -0.009     0.999
 3   130.155    -2.910     2.287
 3     0.541     0.050    -0.839
 3    -0.078     0.997     0.009
 3     0.837     0.060     0.543
 4   113.441    15.394    -7.610
 4     0.147    -0.913     0.381
 4     0.952     0.026    -0.305
 4     0.268     0.407     0.873
 5   113.755    22.185    19.754
 5     0.224    -0.513     0.829
 5     0.194    -0.810    -0.552
 5     0.955     0.283    -0.081
 6   127.492    23.974    47.883
 6     0.366    -0.750    -0.557
 6     0.016     0.599    -0.798
 6     0.930     0.282     0.229
 7   113.912   -22.504    -5.702
 7     0.105     0.950     0.293
 7    -0.919    -0.019     0.393
 7     0.379    -0.311     0.871
 8   116.677   -27.371    22.901
 8     0.379     0.322     0.868
 8    -0.175    -0.896     0.407
 8     0.909    -0.305    -0.283
 9   131.070   -33.083    46.883
 9     0.497     0.759    -0.427
 9    -0.096     0.531     0.839
 9     0.862    -0.376     0.336
 2    96.991   -20.027    59.095
 2     0.391    -0.921     0.004
 2     0.920     0.390     0.030
 2    -0.029    -0.009     0.999
 3   130.098    -2.786     2.291
 3     0.542     0.048    -0.839
 3    -0.081     0.996     0.004
 3     0.836     0.066     0.544
 4   113.250    15.478    -7.503
 4     0.138    -0.911     0.388
 4     0.952     0.013    -0.306
 4     0.274     0.411     0.869
 5   114.921    22.484    19.762
 5     0.273    -0.514     0.814
 5     0.225    -0.788    -0.572
 5     0.935     0.338    -0.099
 6   130.941    25.084    46.544
 6     0.437    -0.646    -0.630
 6     0.037     0.709    -0.702
 6     0.898     0.282     0.334
 7   114.084   -22.353    -5.782
 7     0.157     0.940     0.303
 7    -0.914     0.022     0.405
 7     0.375    -0.340     0.862
 8   120.081   -28.551    22.673
 8     0.487     0.309     0.818
 8    -0.215    -0.864     0.453
 8     0.846    -0.396    -0.354
 9   136.395   -36.175    43.700
 9     0.559     0.725    -0.408
 9    -0.180     0.580     0.792
 9     0.809    -0.370     0.455
 2    96.991   -20.078    59.095
 2     0.390    -0.921     0.004
 2     0.920     0.390     0.030
 2    -0.029    -0.009     0.999
 3   130.060    -2.562     2.247
 3     0.544     0.040    -0.838
 3    -0.085     0.996    -0.009
 3     0.834     0.076     0.545
 4   113.116    15.331    -8.022
 4     0.164    -0.903     0.396
 4     0.952     0.040    -0.302
 4     0.258     0.427     0.867
 5   118.788    23.101    19.393
 5     0.474    -0.401     0.786
 5     0.278    -0.778    -0.562
 5     0.835     0.484    -0.257
 6   139.475    27.555    41.176
 6     0.621    -0.559    -0.554
 6     0.083     0.746    -0.658
 6     0.779     0.362     0.510
 7   113.960   -22.041    -6.195
 7     0.254     0.911     0.326
 7    -0.920     0.123     0.371
 7     0.298    -0.395     0.869
 8   125.752   -30.475    21.113
 8     0.717     0.181     0.673
 8    -0.277    -0.812     0.513
 8     0.639    -0.555    -0.532
 9   146.303   -38.904    34.236
 9     0.763     0.574    -0.300
 9    -0.242     0.680     0.690
 9     0.599    -0.455     0.658
 2    96.996   -20.081    59.045
 2     0.402    -0.916     0.005
 2     0.915     0.401     0.030
 2    -0.029    -0.008     0.999
 3   129.973    -2.565     1.807
 3     0.541     0.053    -0.840
 3    -0.092     0.996     0.004
 3     0.836     0.074     0.543
 4   112.204    14.423    -9.414
 4     0.243    -0.857     0.454
 4     0.956     0.131    -0.262
 4     0.166     0.497     0.851
 5   124.202    24.539    16.000
 5     0.707    -0.197     0.680
 5     0.361    -0.726    -0.584
 5     0.608     0.658    -0.443
 6   150.865    27.982    25.968
 6     0.916    -0.254    -0.309
 6     0.049     0.837    -0.545
 6     0.397     0.484     0.779
 7   112.734   -21.602    -6.509
 7     0.384     0.813     0.437
 7    -0.917     0.281     0.281
 7     0.106    -0.508     0.854
 8   131.491   -31.841    15.414
 8     0.905    -0.004     0.424
 8    -0.288    -0.740     0.607
 8     0.311    -0.672    -0.672
 9   155.143   -38.175    17.932
 9     0.953     0.297    -0.059
 9    -0.205     0.774     0.599
 9     0.224    -0.559     0.798
 2    96.997   -20.031    59.046
 2     0.405    -0.914     0.004
 2     0.914     0.405     0.030
 2    -0.029    -0.009     0.999
 3   129.488    -2.614     1.189
 3     0.546     0.055    -0.836
 3    -0.082     0.996     0.012
 3     0.833     0.062     0.548
 4   110.266    12.983   -10.445
 4     0.297    -0.782     0.549
 4     0.954     0.236    -0.181
 4     0.012     0.577     0.816
 5   128.530    25.122     9.214
 5     0.876    -0.009     0.481
 5     0.371    -0.625    -0.687
 5     0.307     0.780    -0.545
 6   155.598    25.844     9.013
 6     0.998     0.005    -0.053
 6    -0.025     0.916    -0.400
 6     0.046     0.400     0.915
 7   111.024   -21.250    -6.636
 7     0.467     0.685     0.560
 7    -0.878     0.436     0.197
 7    -0.109    -0.583     0.804
 8   134.540   -31.289     8.928
 8     0.974    -0.123     0.188
 8    -0.221    -0.679     0.699
 8     0.042    -0.723    -0.689
 9   157.951   -35.741     2.487
 9     0.985     0.071     0.153
 9    -0.141     0.847     0.511
 9    -0.094    -0.526     0.845
 2    96.998   -20.082    59.097
 2     0.407    -0.914     0.004
 2     0.913     0.406     0.030
 2    -0.029    -0.009     0.999
 3   128.443    -2.841     0.399
 3     0.578     0.038    -0.815
 3    -0.042     0.999     0.016
 3     0.815     0.025     0.578
 4   108.129    11.675   -11.133
 4     0.319    -0.713     0.625
 4     0.941     0.313    -0.121
 4    -0.109     0.627     0.771
 5   129.198    24.597     4.545
 5     0.923     0.090     0.374
 5     0.356    -0.571    -0.740
 5     0.146     0.816    -0.559
 6   155.752    24.295     0.130
 6     0.993     0.081     0.079
 6    -0.053     0.949    -0.310
 6    -0.100     0.304     0.947
 7   109.022   -21.335    -6.481
 7     0.479     0.587     0.653
 7    -0.846     0.505     0.167
 7    -0.232    -0.633     0.738
 8   134.765   -30.551     4.708
 8     0.980    -0.195     0.041
 8    -0.161    -0.653     0.740
 8    -0.117    -0.732    -0.671
 9   157.379   -32.954    -5.952
 9     0.962    -0.044     0.270
 9    -0.087     0.888     0.449
 9    -0.259    -0.458     0.851
 2    96.999   -20.083    59.046
 2     0.408    -0.913     0.004
 2     0.912     0.407     0.030
 2    -0.029    -0.009     0.999
 3   127.352    -2.984    -0.112
 3     0.612     0.027    -0.791
 3    -0.016     0.999     0.022
 3     0.791    -0.001     0.612
 4   106.155    10.953   -10.999
 4     0.311    -0.664     0.681
 4     0.934     0.345    -0.089
 4    -0.177     0.663     0.727
 5   128.625    24.116     1.963
 5     0.937     0.156     0.311
 5     0.344    -0.545    -0.765
 5     0.050     0.824    -0.564
 6   154.564    22.987    -5.579
 6     0.978     0.123     0.171
 6    -0.073     0.959    -0.271
 6    -0.197     0.254     0.947
 7   107.807   -21.454    -6.509
 7     0.484     0.526     0.700
 7    -0.824     0.542     0.161
 7    -0.295    -0.655     0.695
 8   134.541   -29.736     2.231
 8     0.974    -0.224    -0.041
 8    -0.118    -0.648     0.752
 8    -0.194    -0.728    -0.657
 9   156.481   -31.345   -10.560
 9     0.940    -0.090     0.329
 9    -0.059     0.908     0.412
 9    -0.335    -0.409     0.849
 2    96.999   -20.083    59.046
 2     0.408    -0.913     0.004
 2     0.912     0.407     0.030
 2    -0.029    -0.009     0.999
 3   126.708    -3.125    -0.457
 3     0.633     0.016    -0.774
 3    -0.002     1.000     0.018
 3     0.773    -0.011     0.633
 4   104.948    10.385   -11.059
 4     0.298    -0.634     0.714
 4     0.929     0.362    -0.066
 4    -0.217     0.683     0.697
 5   128.084    23.800     0.248
 5     0.941     0.199     0.274
 5     0.339    -0.528    -0.779
 5    -0.011     0.826    -0.564
 6   153.575    22.405    -8.853
 6     0.965     0.138     0.224
 6    -0.077     0.962    -0.259
 6    -0.251     0.234     0.939
 7   107.135   -21.464    -6.482
 7     0.487     0.483     0.728
 7    -0.803     0.575     0.155
 7    -0.344    -0.661     0.667
 8   134.426   -29.109     0.416
 8     0.965    -0.243    -0.093
 8    -0.089    -0.644     0.759
 8    -0.244    -0.725    -0.644
 9   155.618   -30.229   -14.073
 9     0.920    -0.115     0.375
 9    -0.048     0.917     0.394
 9    -0.389    -0.382     0.839
 2    96.999   -20.083    59.046
 2     0.408    -0.913     0.004
 2     0.912     0.407     0.030
 2    -0.029    -0.009     0.999
 3   126.258    -3.007    -0.855
 3     0.650     0.004    -0.760
 3     0.010     1.000     0.014
 3     0.760    -0.017     0.650
 4   103.688    10.372   -10.700
 4     0.281    -0.607     0.744
 4     0.930     0.361    -0.056
 4    -0.235     0.707     0.666
 5   127.209    23.826    -0.641
 5     0.939     0.242     0.243
 5     0.338    -0.525    -0.781
 5    -0.062     0.815    -0.575
 6   151.527    21.542   -12.411
 6     0.932     0.193     0.306
 6    -0.109     0.956    -0.268
 6    -0.344     0.219     0.913
 7   105.851   -20.719    -6.719
 7     0.446     0.477     0.757
 7    -0.801     0.590     0.100
 7    -0.399    -0.651     0.645
 8   133.245   -28.897    -1.985
 8     0.942    -0.302    -0.146
 8    -0.081    -0.626     0.775
 8    -0.325    -0.719    -0.615
 9   152.918   -29.742   -19.228
 9     0.873    -0.162     0.462
 9    -0.032     0.923     0.378
 9    -0.487    -0.348     0.802
 2    96.999   -20.083    59.046
 2     0.409    -0.913     0.004
 2     0.912     0.408     0.030
 2    -0.029    -0.009     0.999
 3   125.319    -2.564    -1.271
 3     0.668    -0.017    -0.744
 3     0.022     1.000    -0.003
 3     0.744    -0.015     0.668
 4   102.158    10.749   -10.037
 4     0.253    -0.574     0.779
 4     0.936     0.349    -0.046
 4    -0.246     0.740     0.625
 5   125.889    24.513    -1.278
 5     0.929     0.300     0.216
 5     0.350    -0.530    -0.772
 5    -0.117     0.793    -0.597
 6   148.362    20.728   -16.253
 6     0.867     0.288     0.410
 6    -0.171     0.939    -0.294
 6    -0.468     0.188     0.863
 7   104.564   -19.605    -6.928
 7     0.401     0.501     0.768
 7    -0.809     0.586     0.040
 7    -0.430    -0.637     0.639
 8   131.439   -28.950    -4.738
 8     0.910    -0.378    -0.173
 8    -0.094    -0.591     0.801
 8    -0.404    -0.713    -0.574
 9   149.259   -29.424   -24.864
 9     0.808    -0.200     0.556
 9    -0.018     0.933     0.355
 9    -0.589    -0.299     0.751
 2    96.999   -20.083    59.046
 2     0.409    -0.913     0.004
 2     0.912     0.408     0.030
 2    -0.029    -0.009     0.999
 3   124.824    -2.098    -1.558
 3     0.679    -0.026    -0.733
 3     0.017     0.999    -0.019
 3     0.733     0.000     0.679
 4   101.233    11.107    -9.639
 4     0.233    -0.558     0.797
 4     0.940     0.338    -0.038
 4    -0.249     0.758     0.603
 5   125.163    25.012    -1.725
 5     0.921     0.337     0.194
 5     0.357    -0.533    -0.767
 5    -0.155     0.776    -0.611
 6   145.866    19.010   -19.028
 6     0.786     0.404     0.475
 6    -0.263     0.904    -0.331
 6    -0.559     0.139     0.815
 7   103.768   -18.866    -6.830
 7     0.385     0.468     0.796
 7    -0.789     0.613     0.021
 7    -0.479    -0.636     0.605
 8   129.961   -29.019    -7.308
 8     0.874    -0.447    -0.192
 8    -0.110    -0.565     0.817
 8    -0.473    -0.693    -0.544
 9   146.068   -29.067   -29.607
 9     0.743    -0.224     0.634
 9    -0.010     0.940     0.337
 9    -0.669    -0.258     0.696
 2    96.999   -20.083    59.046
 2     0.409    -0.913     0.004
 2     0.912     0.408     0.030
 2    -0.029    -0.009     0.999
 3   124.547    -2.008    -1.657
 3     0.687    -0.025    -0.726
 3     0.011     1.000    -0.025
 3     0.726     0.009     0.687
 4   100.860    11.151    -9.399
 4     0.230    -0.543     0.808
 4     0.939     0.342    -0.037
 4    -0.256     0.767     0.588
 5   124.862    24.982    -2.112
 5     0.917     0.362     0.170
 5     0.354    -0.538    -0.765
 5    -0.185     0.761    -0.622
 6   144.334    17.505   -20.694
 6     0.729     0.461     0.513
 6    -0.314     0.882    -0.344
 6    -0.608     0.092     0.785
 7   103.269   -18.716    -6.719
 7     0.371     0.438     0.818
 7    -0.777     0.629     0.016
 7    -0.508    -0.642     0.574
 8   129.034   -29.242    -8.689
 8     0.849    -0.489    -0.203
 8    -0.117    -0.546     0.829
 8    -0.516    -0.680    -0.521
 9   143.987   -29.131   -32.158
 9     0.697    -0.239     0.679
 9    -0.002     0.943     0.328
 9    -0.717    -0.231     0.657
 2    96.999   -20.032    59.046
 2     0.408    -0.913     0.004
 2     0.912     0.408     0.030
 2    -0.029    -0.009     0.999
 3   124.484    -2.064    -1.691
 3     0.691    -0.024    -0.722
 3     0.008     1.000    -0.024
 3     0.722     0.011     0.691
 4   100.825    11.200    -9.394
 4     0.228    -0.538     0.812
 4     0.938     0.343    -0.037
 4    -0.259     0.770     0.583
 5   124.883    24.918    -2.312
 5     0.916     0.369     0.158
 5     0.350    -0.542    -0.764
 5    -0.197     0.755    -0.626
 6   143.217    16.376   -21.408
 6     0.681     0.514     0.530
 6    -0.360     0.855    -0.366
 6    -0.638     0.061     0.764
 7   102.713   -18.602    -6.194
 7     0.359     0.385     0.850
 7    -0.751     0.659     0.019
 7    -0.553    -0.646     0.526
 8   127.859   -29.597    -9.935
 8     0.818    -0.539    -0.202
 8    -0.133    -0.518     0.844
 8    -0.559    -0.664    -0.496
 9   141.491   -29.679   -34.672
 9     0.651    -0.228     0.726
 9    -0.006     0.953     0.299
 9    -0.758    -0.200     0.619
 2    96.998   -20.032    59.097
 2     0.408    -0.913     0.004
 2     0.912     0.408     0.030
 2    -0.029    -0.009     0.999
 3   124.412    -1.996    -1.743
 3     0.698    -0.024    -0.716
 3     0.004     0.999    -0.029
 3     0.716     0.017     0.697
 4   100.776    11.329    -9.226
 4     0.229    -0.530     0.816
 4     0.939     0.341    -0.042
 4    -0.257     0.776     0.576
 5   124.813    24.782    -2.194
 5     0.916     0.374     0.144
 5     0.344    -0.550    -0.761
 5    -0.205     0.746    -0.633
 6   142.609    15.762   -21.686
 6     0.654     0.536     0.541
 6    -0.385     0.843    -0.370
 6    -0.651     0.035     0.755
 7   102.271   -18.448    -6.026
 7     0.348     0.363     0.864
 7    -0.739     0.673     0.015
 7    -0.576    -0.644     0.502
 8   126.728   -29.947   -11.097
 8     0.789    -0.583    -0.196
 8    -0.152    -0.492     0.856
 8    -0.595    -0.646    -0.478
 9   139.277   -30.324   -36.563
 9     0.611    -0.217     0.765
 9    -0.018     0.959     0.277
 9    -0.791    -0.183     0.581
 2    96.948   -20.032    59.097
 2     0.408    -0.913     0.004
 2     0.912     0.408     0.030
 2    -0.029    -0.009     0.999
 3   124.322    -2.002    -1.778
 3     0.702    -0.024    -0.711
 3     0.001     0.999    -0.032
 3     0.712     0.022     0.702
 4   100.546    11.379    -9.151
 4     0.226    -0.526     0.820
 4     0.939     0.340    -0.041
 4    -0.258     0.779     0.570
 5   124.720    24.800    -2.228
 5     0.915     0.379     0.137
 5     0.343    -0.553    -0.759
 5    -0.212     0.742    -0.636
 6   141.905    15.255   -21.877
 6     0.631     0.554     0.551
 6    -0.406     0.832    -0.374
 6    -0.661     0.014     0.746
 7   101.893   -18.386    -5.814
 7     0.342     0.346     0.874
 7    -0.730     0.682     0.016
 7    -0.591    -0.644     0.486
 8   125.704   -30.443   -11.914
 8     0.761    -0.619    -0.195
 8    -0.164    -0.473     0.865
 8    -0.627    -0.627    -0.463
 9   137.257   -30.608   -38.206
 9     0.570    -0.219     0.797
 9    -0.017     0.962     0.267
 9    -0.822    -0.164     0.542
 2    96.948   -20.083    59.097
 2     0.408    -0.913     0.004
 2     0.912     0.408     0.030
 2    -0.029    -0.009     0.999
 3   124.154    -2.010    -1.808
 3     0.707    -0.023    -0.707
 3    -0.004     0.999    -0.036
 3     0.707     0.028     0.706
 4   100.470    11.379    -9.152
 4     0.228    -0.523     0.822
 4     0.939     0.341    -0.043
 4    -0.258     0.781     0.568
 5   124.668    24.773    -2.226
 5     0.916     0.379     0.134
 5     0.341    -0.555    -0.759
 5    -0.213     0.741    -0.637
 6   141.685    14.790   -21.959
 6     0.622     0.565     0.551
 6    -0.417     0.825    -0.376
 6    -0.663     0.005     0.745
 7   101.600   -18.399    -5.690
 7     0.333     0.336     0.881
 7    -0.726     0.687     0.012
 7    -0.602    -0.644     0.473
 8   125.113   -30.541   -12.377
 8     0.745    -0.638    -0.197
 8    -0.170    -0.465     0.868
 8    -0.645    -0.614    -0.455
 9   135.975   -30.944   -39.114
 9     0.545    -0.220     0.813
 9    -0.021     0.962     0.266
 9    -0.838    -0.161     0.517
 2    96.999   -20.032    59.046
 2     0.408    -0.913     0.004
 2     0.912     0.407     0.030
 2    -0.029    -0.009     0.999
 3   123.962    -2.092    -1.814
 3     0.712    -0.022    -0.702
 3    -0.006     0.999    -0.037
 3     0.702     0.031     0.711
 4   100.178    11.274    -9.017
 4     0.221    -0.516     0.828
 4     0.939     0.341    -0.038
 4    -0.263     0.786     0.559
 5   124.368    24.762    -2.302
 5     0.913     0.387     0.128
 5     0.341    -0.553    -0.760
 5    -0.223     0.738    -0.637
 6   140.926    14.587   -22.305
 6     0.600     0.579     0.560
 6    -0.433     0.815    -0.380
 6    -0.673    -0.013     0.736
 7   101.396   -18.352    -5.544
 7     0.331     0.326     0.885
 7    -0.723     0.690     0.016
 7    -0.606    -0.646     0.464
 8   124.850   -30.599   -12.480
 8     0.739    -0.644    -0.198
 8    -0.171    -0.463     0.869
 8    -0.651    -0.609    -0.453
 9   135.411   -31.007   -39.438
 9     0.532    -0.227     0.819
 9    -0.014     0.962     0.268
 9    -0.846    -0.153     0.507
 2    96.948   -20.083    59.097
 2     0.409    -0.913     0.004
 2     0.912     0.408     0.030
 2    -0.029    -0.009     0.999
 3   123.951    -2.095    -1.852
 3     0.714    -0.023    -0.699
 3    -0.005     0.999    -0.038
 3     0.699     0.031     0.714
 4   100.071    11.273    -8.963
 4     0.217    -0.514     0.830
 4     0.939     0.340    -0.035
 4    -0.265     0.787     0.556
 5   124.230    24.834    -2.365
 5     0.911     0.392     0.127
 5     0.343    -0.551    -0.761
 5    -0.228     0.737    -0.636
 6   140.484    14.272   -22.579
 6     0.586     0.585     0.567
 6    -0.446     0.810    -0.376
 6    -0.676    -0.031     0.732
 7   101.265   -18.413    -5.442
 7     0.332     0.307     0.892
 7    -0.711     0.702     0.022
 7    -0.620    -0.642     0.452
 8   124.604   -30.533   -12.755
 8     0.732    -0.651    -0.202
 8    -0.170    -0.460     0.871
 8    -0.659    -0.604    -0.448
 9   134.710   -30.746   -40.057
 9     0.517    -0.231     0.828
 9    -0.007     0.962     0.265
 9    -0.856    -0.142     0.493
 2    96.999   -20.083    59.046
 2     0.409    -0.913     0.004
 2     0.912     0.409     0.030
 2    -0.029    -0.009     0.999
 3   123.735    -2.048    -1.933
 3     0.720    -0.027    -0.694
 3     0.000     0.999    -0.038
 3     0.694     0.027     0.719
 4    99.306    11.012    -8.766
 4     0.204    -0.495     0.845
 4     0.939     0.342    -0.026
 4    -0.277     0.798     0.534
 5   123.538    24.807    -2.879
 5     0.902     0.416     0.116
 5     0.348    -0.541    -0.765
 5    -0.255     0.731    -0.633
 6   139.295    14.072   -23.527
 6     0.567     0.583     0.589
 6    -0.453     0.810    -0.367
 6    -0.688    -0.058     0.719
 7   100.680   -18.477    -5.113
 7     0.320     0.295     0.901
 7    -0.708     0.705     0.020
 7    -0.630    -0.645     0.434
 8   123.487   -30.770   -13.362
 8     0.708    -0.677    -0.205
 8    -0.173    -0.445     0.878
 8    -0.685    -0.587    -0.432
 9   132.770   -30.837   -41.029
 9     0.484    -0.233     0.847
 9    -0.004     0.964     0.260
 9    -0.875    -0.128     0.463
 2    96.948   -20.083    59.097
 2     0.409    -0.913     0.004
 2     0.912     0.409     0.030
 2    -0.029    -0.009     0.999
 3   123.430    -2.058    -2.081
 3     0.727    -0.031    -0.685
 3    -0.003     0.999    -0.048
 3     0.686     0.037     0.726
 4    99.021    10.913    -8.592
 4     0.193    -0.489     0.851
 4     0.941     0.337    -0.020
 4    -0.278     0.804     0.524
 5   123.131    24.898    -3.079
 5     0.896     0.429     0.113
 5     0.353    -0.537    -0.766
 5    -0.267     0.726    -0.633
 6   138.145    13.812   -23.943
 6     0.533     0.591     0.611
 6    -0.474     0.801    -0.363
 6    -0.701    -0.096     0.702
 7   100.553   -18.329    -5.152
 7     0.314     0.295     0.902
 7    -0.708     0.705     0.015
 7    -0.632    -0.645     0.430
 8   122.988   -30.939   -13.771
 8     0.694    -0.692    -0.199
 8    -0.182    -0.434     0.882
 8    -0.696    -0.577    -0.427
 9   131.988   -31.138   -41.665
 9     0.469    -0.227     0.856
 9    -0.010     0.965     0.255
 9    -0.883    -0.126     0.449
 2    96.999   -20.083    59.046
 2     0.409    -0.913     0.004
 2     0.912     0.408     0.030
 2    -0.029    -0.009     0.999
 3   123.417    -1.936    -2.148
 3     0.730    -0.035    -0.683
 3    -0.007     0.998    -0.058
 3     0.683     0.046     0.728
 4    98.771    10.882    -8.625
 4     0.183    -0.485     0.855
 4     0.940     0.339    -0.009
 4    -0.286     0.806     0.518
 5   122.845    25.002    -3.627
 5     0.888     0.449     0.101
 5     0.356    -0.530    -0.770
 5    -0.291     0.719    -0.630
 6   136.920    13.294   -25.159
 6     0.492     0.599     0.637
 6    -0.496     0.788    -0.360
 6    -0.715    -0.139     0.681
 7   100.548   -18.256    -5.194
 7     0.312     0.296     0.903
 7    -0.708     0.706     0.013
 7    -0.634    -0.643     0.429
 8   122.882   -30.968   -13.935
 8     0.690    -0.697    -0.197
 8    -0.184    -0.430     0.883
 8    -0.699    -0.574    -0.426
 9   131.676   -31.196   -41.899
 9     0.463    -0.227     0.860
 9    -0.011     0.965     0.254
 9    -0.886    -0.126     0.442
 2    96.951   -20.082    59.094
 2     0.409    -0.913     0.004
 2     0.912     0.408     0.029
 2    -0.028    -0.009     0.999
 3   123.183    -1.885    -2.244
 3     0.732    -0.044    -0.680
 3    -0.001     0.998    -0.065
 3     0.681     0.048     0.730
 4    98.503    10.703    -8.515
 4     0.172    -0.482     0.860
 4     0.941     0.337     0.001
 4    -0.291     0.809     0.510
 5   122.461    25.066    -3.922
 5     0.881     0.462     0.101
 5     0.362    -0.520    -0.773
 5    -0.304     0.718    -0.626
 6   136.465    13.335   -25.407
 6     0.483     0.597     0.646
 6    -0.499     0.788    -0.357
 6    -0.720    -0.150     0.674
 7   100.503   -18.382    -5.186
 7     0.310     0.287     0.906
 7    -0.708     0.706     0.018
 7    -0.635    -0.648     0.421
 8   122.827   -30.969   -13.932
 8     0.690    -0.697    -0.199
 8    -0.182    -0.431     0.883
 8    -0.700    -0.573    -0.424
 9   131.614   -31.148   -41.993
 9     0.459    -0.232     0.861
 9    -0.008     0.965     0.257
 9    -0.888    -0.124     0.439
 2    97.001   -20.082    59.043
 2     0.409    -0.913     0.004
 2     0.912     0.408     0.029
 2    -0.028    -0.009     0.999
 3   123.182    -1.858    -2.194
 3     0.732    -0.047    -0.680
 3     0.001     0.998    -0.067
 3     0.681     0.048     0.730
 4    98.506    10.729    -8.516
 4     0.173    -0.482     0.859
 4     0.941     0.337    -0.000
 4    -0.290     0.808     0.512
 5   122.489    25.067    -3.926
 5     0.882     0.460     0.100
 5     0.361    -0.523    -0.772
 5    -0.303     0.717    -0.627
 6   136.444    13.231   -25.301
 6     0.479     0.601     0.645
 6    -0.502     0.785    -0.359
 6    -0.720    -0.152     0.674
 7   100.502   -18.383    -5.186
 7     0.309     0.287     0.906
 7    -0.707     0.706     0.018
 7    -0.635    -0.647     0.421
 8   122.828   -30.969   -13.932
 8     0.690    -0.697    -0.198
 8    -0.183    -0.431     0.883
 8    -0.700    -0.573    -0.425
 9   131.559   -31.149   -41.937
 9     0.459    -0.233     0.861
 9    -0.007     0.964     0.258
 9    -0.889    -0.123     0.438
 2    96.999   -20.083    59.097
 2     0.409    -0.913     0.004
 2     0.912     0.408     0.030
 2    -0.029    -0.009     0.999
 3   123.284    -1.859    -2.250
 3     0.731    -0.046    -0.681
 3    -0.004     0.997    -0.072
 3     0.682     0.054     0.729
 4    98.693    10.833    -8.576
 4     0.176    -0.486     0.856
 4     0.942     0.335    -0.003
 4    -0.286     0.807     0.516
 5   122.604    24.996    -3.789
 5     0.885     0.454     0.100
 5     0.358    -0.526    -0.771
 5    -0.297     0.718    -0.629
 6   136.576    13.104   -25.129
 6     0.477     0.608     0.640
 6    -0.507     0.779    -0.365
 6    -0.718    -0.150     0.676
 7   100.658   -18.337    -5.239
 7     0.312     0.279     0.908
 7    -0.700     0.713     0.021
 7    -0.642    -0.642     0.418
 8   122.980   -30.840   -13.993
 8     0.693    -0.693    -0.200
 8    -0.180    -0.432     0.883
 8    -0.698    -0.577    -0.425
 9   131.782   -30.916   -42.000
 9     0.460    -0.237     0.858
 9    -0.002     0.964     0.261
 9    -0.888    -0.121     0.441
 2    97.001   -20.082    59.043
 2     0.409    -0.913     0.004
 2     0.912     0.409     0.029
 2    -0.028    -0.009     0.999
 3   123.238    -1.857    -2.210
 3     0.729    -0.051    -0.682
 3    -0.004     0.997    -0.078
 3     0.684     0.059     0.727
 4    98.455    10.704    -8.466
 4     0.170    -0.484     0.858
 4     0.942     0.335     0.003
 4    -0.290     0.808     0.512
 5   122.476    25.072    -3.659
 5     0.883     0.457     0.104
 5     0.362    -0.523    -0.771
 5    -0.298     0.719    -0.628
 6   136.006    13.044   -25.107
 6     0.466     0.612     0.644
 6    -0.514     0.774    -0.366
 6    -0.720    -0.160     0.671
 7   100.579   -18.338    -5.206
 7     0.313     0.275     0.909
 7    -0.699     0.715     0.024
 7    -0.644    -0.643     0.416
 8   122.978   -30.789   -14.020
 8     0.693    -0.692    -0.202
 8    -0.177    -0.433     0.883
 8    -0.698    -0.577    -0.423
 9   131.667   -30.613   -42.071
 9     0.457    -0.243     0.859
 9     0.003     0.963     0.264
 9    -0.890    -0.117     0.438
 2    97.001   -20.082    59.043
 2     0.409    -0.913     0.004
 2     0.912     0.409     0.029
 2    -0.028    -0.009     0.999
 3   123.156    -1.808    -2.152
 3     0.731    -0.053    -0.681
 3    -0.003     0.997    -0.080
 3     0.682     0.061     0.728
 4    98.455    10.729    -8.415
 4     0.170    -0.484     0.858
 4     0.942     0.335     0.003
 4    -0.290     0.808     0.512
 5   122.379    25.072    -3.661
 5     0.884     0.456     0.104
 5     0.361    -0.523    -0.772
 5    -0.297     0.720    -0.627
 6   136.009    13.045   -25.085
 6     0.466     0.614     0.642
 6    -0.515     0.773    -0.367
 6    -0.719    -0.160     0.672
 7   100.601   -18.340    -5.202
 7     0.312     0.276     0.909
 7    -0.698     0.715     0.022
 7    -0.645    -0.642     0.416
 8   123.056   -30.761   -14.029
 8     0.696    -0.691    -0.201
 8    -0.176    -0.432     0.884
 8    -0.696    -0.580    -0.423
 9   131.959   -30.503   -42.019
 9     0.463    -0.244     0.855
 9     0.003     0.962     0.266
 9    -0.886    -0.118     0.444
 2    97.001   -20.082    59.043
 2     0.409    -0.913     0.004
 2     0.912     0.409     0.029
 2    -0.028    -0.009     0.999
 3   123.236    -1.756    -2.161
 3     0.729    -0.055    -0.682
 3    -0.005     0.996    -0.085
 3     0.684     0.065     0.726
 4    98.589    10.783    -8.472
 4     0.171    -0.488     0.856
 4     0.943     0.333     0.002
 4    -0.287     0.807     0.516
 5   122.441    25.078    -3.549
 5     0.885     0.453     0.107
 5     0.362    -0.525    -0.770
 5    -0.292     0.720    -0.629
 6   136.414    13.105   -24.882
 6     0.475     0.614     0.636
 6    -0.513     0.774    -0.366
 6    -0.715    -0.153     0.678
 7   100.772   -18.264    -5.377
 7     0.312     0.277     0.909
 7    -0.696     0.717     0.020
 7    -0.646    -0.640     0.416
 8   123.182   -30.581   -14.192
 8     0.698    -0.687    -0.202
 8    -0.173    -0.434     0.884
 8    -0.694    -0.583    -0.422
 9   132.186   -30.373   -42.053
 9     0.465    -0.244     0.854
 9     0.005     0.963     0.266
 9    -0.885    -0.117     0.447
 2    97.001   -20.082    59.043
 2     0.409    -0.913     0.004
 2     0.912     0.409     0.029
 2    -0.028    -0.009     0.999
 3   123.239    -1.705    -2.166
 3     0.728    -0.055    -0.683
 3    -0.005     0.996    -0.085
 3     0.685     0.065     0.725
 4    98.543    10.912    -8.478
 4     0.171    -0.488     0.856
 4     0.943     0.332     0.001
 4    -0.285     0.807     0.516
 5   122.500    25.200    -3.416
 5     0.891     0.434     0.131
 5     0.364    -0.514    -0.777
 5    -0.270     0.740    -0.616
 6   136.851    13.417   -24.453
 6     0.488     0.613     0.626
 6    -0.503     0.778    -0.373
 6    -0.713    -0.133     0.684
 7   100.838   -18.165    -5.504
 7     0.299     0.286     0.910
 7    -0.705     0.709     0.008
 7    -0.643    -0.645     0.413
 8   123.897   -30.672   -13.364
 8     0.724    -0.665    -0.185
 8    -0.186    -0.445     0.875
 8    -0.664    -0.600    -0.446
 9   134.152   -30.760   -40.098
 9     0.495    -0.272     0.829
 9     0.009     0.952     0.300
 9    -0.869    -0.139     0.472
 2    97.001   -20.082    59.043
 2     0.409    -0.913     0.004
 2     0.912     0.409     0.029
 2    -0.028    -0.009     0.999
 3   123.718    -1.672    -2.068
 3     0.721    -0.047    -0.691
 3    -0.008     0.997    -0.076
 3     0.693     0.060     0.719
 4    99.882    11.461    -8.821
 4     0.197    -0.525     0.828
 4     0.952     0.305    -0.033
 4    -0.235     0.794     0.559
 5   123.540    25.209    -0.587
 5     0.916     0.362     0.174
 5     0.365    -0.570    -0.736
 5    -0.167     0.737    -0.654
 6   141.450    15.558   -18.708
 6     0.626     0.590     0.517
 6    -0.434     0.807    -0.398
 6    -0.648     0.026     0.757
 7   102.420   -18.782    -5.803
 7     0.319     0.358     0.877
 7    -0.772     0.635     0.021
 7    -0.550    -0.684     0.479
 8   126.977   -31.982    -7.859
 8     0.820    -0.560    -0.122
 8    -0.236    -0.524     0.818
 8    -0.521    -0.642    -0.562
 9   141.668   -34.203   -31.065
 9     0.644    -0.269     0.719
 9    -0.048     0.921     0.382
 9    -0.764    -0.281     0.580
 2    96.999   -20.083    59.097
 2     0.409    -0.913     0.004
 2     0.912     0.409     0.030
 2    -0.029    -0.009     0.999
 3   124.882    -1.842    -1.264
 3     0.687    -0.038    -0.726
 3    -0.016     0.998    -0.067
 3     0.726     0.057     0.684
 4   103.016    12.459    -9.366
 4     0.260    -0.610     0.749
 4     0.960     0.244    -0.134
 4    -0.101     0.754     0.648
 5   124.704    25.222     5.492
 5     0.921     0.187     0.340
 5     0.377    -0.644    -0.666
 5     0.094     0.742    -0.664
 6   147.411    18.226    -6.357
 6     0.814     0.516     0.272
 6    -0.345     0.800    -0.489
 6    -0.468     0.305     0.829
 7   105.171   -20.075    -5.904
 7     0.378     0.482     0.790
 7    -0.840     0.537     0.073
 7    -0.390    -0.692     0.608
 8   130.070   -32.942    -0.179
 8     0.911    -0.411     0.009
 8    -0.287    -0.620     0.730
 8    -0.295    -0.668    -0.683
 9   149.461   -37.894   -17.016
 9     0.820    -0.188     0.542
 9    -0.138     0.852     0.501
 9    -0.555    -0.488     0.675
 2    96.999   -20.032    59.047
 2     0.409    -0.913     0.004
 2     0.912     0.409     0.030
 2    -0.029    -0.010     0.999
 3   126.516    -2.339    -0.258
 3     0.645    -0.026    -0.764
 3    -0.031     0.997    -0.060
 3     0.763     0.062     0.642
 4   106.998    13.415    -9.499
 4     0.266    -0.704     0.659
 4     0.963     0.172    -0.204
 4     0.030     0.689     0.724
 5   124.339    24.621    12.173
 5     0.847     0.016     0.531
 5     0.379    -0.718    -0.583
 5     0.372     0.695    -0.615
 6   149.978    20.941     8.582
 6     0.951     0.307     0.030
 6    -0.232     0.775    -0.588
 6    -0.203     0.552     0.808
 7   108.526   -21.059    -6.380
 7     0.402     0.639     0.657
 7    -0.895     0.424     0.134
 7    -0.193    -0.642     0.742
 8   131.399   -33.261     8.124
 8     0.943    -0.247     0.222
 8    -0.332    -0.699     0.633
 8    -0.001    -0.671    -0.742
 9   154.065   -39.991     0.909
 9     0.950     0.010     0.311
 9    -0.212     0.751     0.624
 9    -0.227    -0.660     0.717
 2    96.949   -20.083    59.098
 2     0.409    -0.913     0.003
 2     0.912     0.409     0.030
 2    -0.029    -0.010     0.999
 3   128.454    -2.690     0.765
 3     0.598    -0.007    -0.801
 3    -0.058     0.997    -0.053
 3     0.799     0.078     0.596
 4   110.727    14.408    -8.600
 4     0.224    -0.816     0.533
 4     0.960     0.089    -0.265
 4     0.169     0.571     0.803
 5   121.238    23.753    17.991
 5     0.679    -0.115     0.725
 5     0.379    -0.792    -0.478
 5     0.629     0.600    -0.495
 6   147.316    23.804    24.168
 6     0.986    -0.016    -0.163
 6    -0.106     0.693    -0.714
 6     0.124     0.720     0.681
 7   111.763   -22.119    -6.507
 7     0.399     0.764     0.507
 7    -0.917     0.323     0.234
 7     0.016    -0.558     0.829
 8   130.446   -31.896    15.981
 8     0.902    -0.080     0.424
 8    -0.321    -0.783     0.533
 8     0.289    -0.617    -0.732
 9   153.254   -39.653    18.447
 9     0.960     0.260     0.097
 9    -0.244     0.617     0.748
 9     0.134    -0.742     0.656
 2    96.949   -20.032    59.098
 2     0.409    -0.913     0.003
 2     0.912     0.409     0.030
 2    -0.029    -0.010     0.999
 3   129.451    -2.417     1.448
 3     0.539     0.007    -0.842
 3    -0.064     0.997    -0.033
 3     0.839     0.072     0.538
 4   112.442    15.092    -7.941
 4     0.179    -0.869     0.462
 4     0.953     0.036    -0.301
 4     0.245     0.494     0.834
 5   116.968    22.697    20.181
 5     0.487    -0.235     0.842
 5     0.336    -0.839    -0.426
 5     0.806     0.490    -0.329
 6   140.742    24.290    35.983
 6     0.887    -0.353    -0.299
 6    -0.052     0.565    -0.823
 6     0.459     0.746     0.482
 7   113.596   -22.119    -6.316
 7     0.350     0.846     0.403
 7    -0.915     0.215     0.341
 7     0.203    -0.488     0.849
 8   126.793   -29.988    20.857
 8     0.796     0.070     0.601
 8    -0.283    -0.835     0.471
 8     0.535    -0.546    -0.645
 9   147.939   -37.024    32.251
 9     0.875     0.476    -0.087
 9    -0.194     0.507     0.839
 9     0.443    -0.718     0.537
 2    96.949   -20.032    59.098
 2     0.409    -0.913     0.003
 2     0.912     0.409     0.030
 2    -0.029    -0.010     0.999
 3   129.643    -2.238     1.832
 3     0.533     0.009    -0.846
 3    -0.069     0.997    -0.033
 3     0.843     0.076     0.532
 4   112.844    15.660    -7.488
 4     0.145    -0.888     0.436
 4     0.949     0.001    -0.314
 4     0.278     0.460     0.843
 5   113.845    21.794    20.418
 5     0.338    -0.357     0.872
 5     0.239    -0.863    -0.445
 5     0.910     0.357    -0.206
 6   134.035    23.334    42.866
 6     0.756    -0.652    -0.064
 6    -0.035     0.053    -0.998
 6     0.653     0.756     0.018
 7   114.267   -22.407    -6.170
 7     0.273     0.901     0.338
 7    -0.904     0.120     0.410
 7     0.329    -0.418     0.847
 8   122.197   -28.531    23.180
 8     0.651     0.230     0.724
 8    -0.213    -0.859     0.464
 8     0.728    -0.456    -0.511
 9   140.532   -33.544    41.600
 9     0.752     0.638    -0.173
 9    -0.091     0.354     0.929
 9     0.652    -0.683     0.326
 2    96.948   -20.083    59.097
 2     0.409    -0.913     0.004
 2     0.912     0.409     0.030
 2    -0.029    -0.009     0.999
 3   129.618    -2.244     2.005
 3     0.545     0.021    -0.838
 3    -0.065     0.998    -0.017
 3     0.836     0.063     0.545
 4   112.837    15.651    -7.352
 4     0.138    -0.887     0.441
 4     0.954    -0.000    -0.300
 4     0.266     0.462     0.846
 5   113.218    21.834    20.376
 5     0.297    -0.334     0.895
 5     0.259    -0.874    -0.411
 5     0.919     0.353    -0.172
 6   132.901    25.092    43.465
 6     0.738    -0.673    -0.058
 6     0.005     0.088    -0.996
 6     0.674     0.734     0.069
 7   114.474   -22.689    -5.817
 7     0.203     0.926     0.320
 7    -0.908     0.055     0.415
 7     0.367    -0.374     0.851
 8   119.920   -27.659    23.870
 8     0.568     0.227     0.792
 8    -0.197    -0.897     0.396
 8     0.799    -0.380    -0.465
 9   137.393   -32.723    44.305
 9     0.725     0.686     0.069
 9    -0.093    -0.005     0.996
 9     0.682    -0.727     0.061
 2    96.999   -20.083    59.046
 2     0.410    -0.912     0.004
 2     0.912     0.409     0.030
 2    -0.029    -0.009     0.999
 3   129.725    -2.426     1.858
 3     0.553     0.027    -0.833
 3    -0.062     0.998    -0.009
 3     0.831     0.056     0.553
 4   113.196    15.619    -7.375
 4     0.139    -0.891     0.433
 4     0.956     0.006    -0.293
 4     0.258     0.455     0.852
 5   113.559    21.671    20.303
 5     0.285    -0.321     0.904
 5     0.261    -0.881    -0.394
 5     0.922     0.347    -0.167
 6   132.749    25.856    43.615
 6     0.743    -0.669    -0.034
 6     0.029     0.079    -0.996
 6     0.668     0.739     0.079
 7   114.389   -22.838    -5.805
 7     0.184     0.925     0.332
 7    -0.918     0.041     0.394
 7     0.351    -0.377     0.857
 8   119.788   -28.063    23.713
 8     0.555     0.265     0.789
