% Calibrated with leiden_pols
% Positions are in centimeters
Data =[
 2    96.990   -20.077    59.095
 2     0.389    -0.921     0.004
 2     0.921     0.389     0.030
 2    -0.029    -0.009     0.999
 3   130.276    -3.010     2.243
 3     0.543     0.050    -0.838
 3    -0.075     0.997     0.010
 3     0.836     0.057     0.545
 4   113.655    15.286    -7.668
 4     0.156    -0.912     0.379
 4     0.952     0.037    -0.303
 4     0.262     0.408     0.874
 5   114.120    22.481    19.671
 5     0.229    -0.541     0.810
 5     0.185    -0.793    -0.580
 5     0.956     0.281    -0.081
 6   127.598    23.900    47.852
 6     0.355    -0.744    -0.571
 6     0.009     0.609    -0.791
 6     0.934     0.274     0.221
 7   113.941   -22.639    -5.726
 7     0.103     0.951     0.291
 7    -0.923    -0.018     0.385
 7     0.371    -0.309     0.876
 8   115.997   -27.124    23.209
 8     0.384     0.287     0.878
 8    -0.163    -0.915     0.369
 8     0.908    -0.284    -0.305
 9   129.342   -32.388    47.878
 9     0.474     0.816    -0.336
 9    -0.077     0.413     0.906
 9     0.877    -0.403     0.258
 2    96.991   -20.078    59.095
 2     0.390    -0.921     0.004
 2     0.920     0.389     0.030
 2    -0.029    -0.009     0.999
 3   130.206    -2.908     2.237
 3     0.542     0.050    -0.839
 3    -0.076     0.997     0.010
 3     0.837     0.058     0.544
 4   113.485    15.340    -7.652
 4     0.151    -0.912     0.382
 4     0.952     0.030    -0.303
 4     0.265     0.409     0.873
 5   113.911    22.402    19.751
 5     0.231    -0.533     0.815
 5     0.184    -0.798    -0.573
 5     0.955     0.281    -0.085
 6   127.513    23.924    47.908
 6     0.358    -0.750    -0.562
 6     0.010     0.601    -0.797
 6     0.933     0.277     0.221
 7   113.941   -22.588    -5.727
 7     0.104     0.951     0.291
 7    -0.923    -0.017     0.385
 7     0.371    -0.309     0.875
 8   116.002   -27.123    23.201
 8     0.384     0.288     0.878
 8    -0.163    -0.915     0.369
 8     0.909    -0.284    -0.304
 9   129.343   -32.338    47.878
 9     0.474     0.816    -0.336
 9    -0.078     0.413     0.906
 9     0.877    -0.403     0.258
 2    96.991   -20.027    59.095
 2     0.390    -0.921     0.004
 2     0.920     0.389     0.030
 2    -0.029    -0.009     0.999
 3   130.155    -2.910     2.287
 3     0.541     0.050    -0.839
 3    -0.078     0.997     0.009
 3     0.837     0.060     0.543
 4   113.441    15.394    -7.610
 4     0.147    -0.913     0.381
 4     0.952     0.026    -0.305
 4     0.268     0.407     0.873
 5   113.755    22.185    19.754
 5     0.224    -0.513     0.829
 5     0.194    -0.810    -0.552
 5     0.955     0.283    -0.081
 6   127.492    23.974    47.883
 6     0.366    -0.750    -0.557
 6     0.016     0.599    -0.798
 6     0.930     0.282     0.229
 7   113.912   -22.504    -5.702
 7     0.105     0.950     0.293
 7    -0.919    -0.019     0.393
 7     0.379    -0.311     0.871
 8   116.677   -27.371    22.901
 8     0.379     0.322     0.868
 8    -0.175    -0.896     0.407
 8     0.909    -0.305    -0.283
 9   131.070   -33.083    46.883
 9     0.497     0.759    -0.427
 9    -0.096     0.531     0.839
 9     0.862    -0.376     0.336
 2    96.991   -20.027    59.095
 2     0.391    -0.921     0.004
 2     0.920     0.390     0.030
 2    -0.029    -0.009     0.999
 3   130.098    -2.786     2.291
 3     0.542     0.048    -0.839
 3    -0.081     0.996     0.004
 3     0.836     0.066     0.544
 4   113.250    15.478    -7.503
 4     0.138    -0.911     0.388
 4     0.952     0.013    -0.306
 4     0.274     0.411     0.869
 5   114.921    22.484    19.762
 5     0.273    -0.514     0.814
 5     0.225    -0.788    -0.572
 5     0.935     0.338    -0.099
 6   130.941    25.084    46.544
 6     0.437    -0.646    -0.630
 6     0.037     0.709    -0.702
 6     0.898     0.282     0.334
 7   114.084   -22.353    -5.782
 7     0.157     0.940     0.303
 7    -0.914     0.022     0.405
 7     0.375    -0.340     0.862
 8   120.081   -28.551    22.673
 8     0.487     0.309     0.818
 8    -0.215    -0.864     0.453
 8     0.846    -0.396    -0.354
 9   136.395   -36.175    43.700
 9     0.559     0.725    -0.408
 9    -0.180     0.580     0.792
 9     0.809    -0.370     0.455
 2    96.991   -20.078    59.095
 2     0.390    -0.921     0.004
 2     0.920     0.390     0.030
 2    -0.029    -0.009     0.999
 3   130.060    -2.562     2.247
 3     0.544     0.040    -0.838
 3    -0.085     0.996    -0.009
 3     0.834     0.076     0.545
 4   113.116    15.331    -8.022
 4     0.164    -0.903     0.396
 4     0.952     0.040    -0.302
 4     0.258     0.427     0.867
 5   118.788    23.101    19.393
 5     0.474    -0.401     0.786
 5     0.278    -0.778    -0.562
 5     0.835     0.484    -0.257
 6   139.475    27.555    41.176
 6     0.621    -0.559    -0.554
 6     0.083     0.746    -0.658
 6     0.779     0.362     0.510
 7   113.960   -22.041    -6.195
 7     0.254     0.911     0.326
 7    -0.920     0.123     0.371
 7     0.298    -0.395     0.869
 8   125.752   -30.475    21.113
 8     0.717     0.181     0.673
 8    -0.277    -0.812     0.513
 8     0.639    -0.555    -0.532
 9   146.303   -38.904    34.236
 9     0.763     0.574    -0.300
 9    -0.242     0.680     0.690
 9     0.599    -0.455     0.658
 2    96.996   -20.081    59.045
 2     0.402    -0.916     0.005
 2     0.915     0.401     0.030
 2    -0.029    -0.008     0.999
 3   129.973    -2.565     1.807
 3     0.541     0.053    -0.840
 3    -0.092     0.996     0.004
 3     0.836     0.074     0.543
 4   112.204    14.423    -9.414
 4     0.243    -0.857     0.454
 4     0.956     0.131    -0.262
 4     0.166     0.497     0.851
 5   124.202    24.539    16.000
 5     0.707    -0.197     0.680
 5     0.361    -0.726    -0.584
 5     0.608     0.658    -0.443
 6   150.865    27.982    25.968
 6     0.916    -0.254    -0.309
 6     0.049     0.837    -0.545
 6     0.397     0.484     0.779
 7   112.734   -21.602    -6.509
 7     0.384     0.813     0.437
 7    -0.917     0.281     0.281
 7     0.106    -0.508     0.854
 8   131.491   -31.841    15.414
 8     0.905    -0.004     0.424
 8    -0.288    -0.740     0.607
 8     0.311    -0.672    -0.672
 9   155.143   -38.175    17.932
 9     0.953     0.297    -0.059
 9    -0.205     0.774     0.599
 9     0.224    -0.559     0.798
 2    96.997   -20.031    59.046
 2     0.405    -0.914     0.004
 2     0.914     0.405     0.030
 2    -0.029    -0.009     0.999
 3   129.488    -2.614     1.189
 3     0.546     0.055    -0.836
 3    -0.082     0.996     0.012
 3     0.833     0.062     0.548
 4   110.266    12.983   -10.445
 4     0.297    -0.782     0.549
 4     0.954     0.236    -0.181
 4     0.012     0.577     0.816
 5   128.530    25.122     9.214
 5     0.876    -0.009     0.481
 5     0.371    -0.625    -0.687
 5     0.307     0.780    -0.545
 6   155.598    25.844     9.013
 6     0.998     0.005    -0.053
 6    -0.025     0.916    -0.400
 6     0.046     0.400     0.915
 7   111.024   -21.250    -6.636
 7     0.467     0.685     0.560
 7    -0.878     0.436     0.197
 7    -0.109    -0.583     0.804
 8   134.540   -31.289     8.928
 8     0.974    -0.123     0.188
 8    -0.221    -0.679     0.699
 8     0.042    -0.723    -0.689
 9   157.951   -35.741     2.487
 9     0.985     0.071     0.153
 9    -0.141     0.847     0.511
 9    -0.094    -0.526     0.845
 2    96.998   -20.082    59.097
 2     0.407    -0.914     0.004
 2     0.913     0.406     0.030
 2    -0.029    -0.009     0.999
 3   128.443    -2.841     0.399
 3     0.578     0.038    -0.815
 3    -0.042     0.999     0.016
 3     0.815     0.025     0.578
 4   108.129    11.675   -11.133
 4     0.319    -0.713     0.625
 4     0.941     0.313    -0.121
 4    -0.109     0.627     0.771
 5   129.198    24.597     4.545
 5     0.923     0.090     0.374
 5     0.356    -0.571    -0.740
 5     0.146     0.816    -0.559
