% Calibrated with leiden_pols
% Positions are in centimeters
Data =[
 2    97.081   -20.124    59.048
 2     0.472    -0.882     0.004
 2     0.881     0.471     0.029
 2    -0.027    -0.011     0.999
 3   128.343    -4.305     0.752
 3     0.535     0.010    -0.845
 3    -0.152     0.985    -0.084
 3     0.831     0.173     0.528
 4   109.630    11.585   -10.229
 4     0.359    -0.747     0.560
 4     0.931     0.250    -0.263
 4     0.056     0.616     0.785
 5   128.402    19.318    12.527
 5     0.805    -0.582     0.115
 5    -0.066    -0.282    -0.957
 5     0.589     0.763    -0.265
 6   132.241    -8.759     8.917
 6    -0.069     0.851    -0.521
 6    -0.915    -0.262    -0.308
 6    -0.398     0.455     0.796
 7   111.420   -22.142    -9.137
 7     0.508     0.720     0.473
 7    -0.859     0.463     0.217
 7    -0.062    -0.516     0.853
 8   133.863   -30.176     8.925
 8     0.937     0.347     0.037
 8     0.057    -0.262     0.964
 8     0.344    -0.900    -0.264
 9   137.173    -3.309     6.755
 9    -0.150    -0.544    -0.826
 9     0.974    -0.223    -0.028
 9    -0.170    -0.809     0.563
 2    97.081   -20.099    59.048
 2     0.472    -0.882     0.004
 2     0.881     0.471     0.029
 2    -0.027    -0.011     0.999
 3   128.384    -4.307     0.687
 3     0.538     0.011    -0.843
 3    -0.152     0.985    -0.084
 3     0.829     0.173     0.531
 4   109.678    11.533   -10.278
 4     0.359    -0.746     0.562
 4     0.932     0.251    -0.262
 4     0.055     0.617     0.785
 5   128.402    19.293    12.476
 5     0.806    -0.581     0.116
 5    -0.066    -0.284    -0.957
 5     0.589     0.763    -0.266
 6   132.288    -8.760     8.920
 6    -0.069     0.850    -0.521
 6    -0.914    -0.263    -0.308
 6    -0.399     0.455     0.796
 7   111.443   -22.143    -9.185
 7     0.508     0.719     0.474
 7    -0.859     0.463     0.217
 7    -0.063    -0.517     0.853
 8   133.862   -30.126     8.878
 8     0.937     0.346     0.038
 8     0.057    -0.264     0.963
 8     0.343    -0.900    -0.266
 9   137.173    -3.310     6.759
 9    -0.148    -0.541    -0.828
 9     0.974    -0.223    -0.027
 9    -0.171    -0.811     0.559
 2    97.078   -20.099    59.051
 2     0.472    -0.882     0.005
 2     0.881     0.471     0.029
 2    -0.028    -0.010     0.999
 3   128.385    -4.358     0.637
 3     0.538     0.012    -0.843
 3    -0.152     0.985    -0.083
 3     0.829     0.172     0.531
 4   109.522    11.456   -10.273
 4     0.357    -0.745     0.564
 4     0.932     0.249    -0.260
 4     0.053     0.618     0.784
 5   128.348    19.292    12.477
 5     0.806    -0.580     0.117
 5    -0.065    -0.285    -0.956
 5     0.588     0.763    -0.268
 6   132.324    -8.758     8.845
 6    -0.073     0.856    -0.512
 6    -0.915    -0.261    -0.307
 6    -0.397     0.446     0.802
 7   111.337   -22.212    -9.132
 7     0.509     0.720     0.473
 7    -0.859     0.459     0.225
 7    -0.055    -0.520     0.852
 8   133.300   -30.278     9.559
 8     0.939     0.336     0.063
 8     0.045    -0.306     0.951
 8     0.339    -0.891    -0.302
 9   137.817    -3.837     6.185
 9    -0.074    -0.558    -0.827
 9     0.974    -0.216     0.059
 9    -0.212    -0.801     0.559
 2    97.081   -20.099    59.048
 2     0.472    -0.882     0.004
 2     0.881     0.471     0.029
 2    -0.027    -0.011     0.999
 3   128.155    -4.322     0.656
 3     0.557     0.014    -0.830
 3    -0.153     0.984    -0.086
 3     0.816     0.174     0.551
 4   109.238    11.466   -10.150
 4     0.350    -0.745     0.568
 4     0.935     0.236    -0.264
 4     0.062     0.623     0.779
 5   126.623    19.170    13.123
 5     0.801    -0.566     0.196
 5    -0.045    -0.385    -0.922
 5     0.597     0.729    -0.334
 6   133.484    -6.577     7.169
 6    -0.001     0.858    -0.515
 6    -0.878    -0.247    -0.410
 6    -0.479     0.451     0.753
 7   111.271   -22.245    -9.031
 7     0.500     0.732     0.463
 7    -0.865     0.439     0.240
 7    -0.028    -0.520     0.853
 8   131.765   -29.895    12.162
 8     0.938     0.292     0.188
 8    -0.011    -0.518     0.855
 8     0.347    -0.804    -0.482
 9   141.514    -7.083     5.564
 9     0.177    -0.497    -0.851
 9     0.902    -0.265     0.340
 9    -0.393    -0.826     0.400
 2    97.081   -20.099    59.048
 2     0.472    -0.882     0.004
 2     0.881     0.471     0.029
 2    -0.027    -0.011     0.999
 3   128.052    -4.031     0.657
 3     0.577     0.023    -0.816
 3    -0.150     0.985    -0.079
 3     0.802     0.167     0.572
 4   108.969    11.793    -9.958
 4     0.302    -0.772     0.560
 4     0.948     0.178    -0.264
 4     0.103     0.610     0.785
 5   123.167    19.445    15.151
 5     0.780    -0.483     0.399
 5     0.039    -0.597    -0.801
 5     0.625     0.640    -0.447
 6   134.836     0.429     6.337
 6     0.234     0.844    -0.483
 6    -0.688    -0.207    -0.694
 6    -0.687     0.494     0.533
 7   111.209   -22.104    -9.112
 7     0.444     0.778     0.445
 7    -0.896     0.372     0.242
 7     0.023    -0.506     0.862
 8   128.538   -29.057    15.590
 8     0.901     0.244     0.359
 8    -0.080    -0.720     0.688
 8     0.427    -0.649    -0.630
 9   142.695   -13.610     6.552
 9     0.444    -0.571    -0.696
 9     0.676    -0.298     0.672
 9    -0.587    -0.766     0.254
 2    97.081   -20.099    59.048
 2     0.472    -0.882     0.004
 2     0.881     0.471     0.029
 2    -0.027    -0.011     0.999
 3   128.022    -3.664     0.760
 3     0.583     0.022    -0.812
 3    -0.162     0.982    -0.090
 3     0.796     0.184     0.576
 4   108.684    12.420    -9.634
 4     0.201    -0.823     0.532
 4     0.962     0.064    -0.264
 4     0.183     0.564     0.804
 5   118.249    19.405    17.377
 5     0.718    -0.289     0.635
 5     0.163    -0.815    -0.554
 5     0.676     0.501    -0.539
 6   132.584     9.755     6.775
 6     0.411     0.886    -0.214
 6    -0.377    -0.047    -0.924
 6    -0.830     0.460     0.317
 7   110.978   -22.202    -8.690
 7     0.374     0.831     0.411
 7    -0.922     0.285     0.262
 7     0.101    -0.477     0.873
 8   125.184   -27.202    18.748
 8     0.835     0.179     0.521
 8    -0.116    -0.867     0.483
 8     0.538    -0.464    -0.704
 9   140.907   -20.270     8.551
 9     0.566    -0.690    -0.461
 9     0.346    -0.304     0.885
 9    -0.748    -0.657     0.068
 2    97.078   -20.099    59.051
 2     0.472    -0.882     0.005
 2     0.881     0.471     0.029
 2    -0.028    -0.010     0.999
 3   127.838    -3.176     0.768
 3     0.590     0.007    -0.808
 3    -0.148     0.984    -0.099
 3     0.794     0.177     0.581
 4   108.172    12.903    -9.496
 4     0.111    -0.849     0.517
 4     0.969    -0.022    -0.244
 4     0.219     0.528     0.820
 5   115.832    18.398    18.271
 5     0.677    -0.069     0.733
 5     0.238    -0.922    -0.305
 5     0.696     0.381    -0.608
 6   128.669    16.644     6.242
 6     0.403     0.888     0.220
 6    -0.105     0.284    -0.953
 6    -0.909     0.361     0.208
 7   111.040   -22.228    -8.123
 7     0.338     0.856     0.391
 7    -0.929     0.236     0.285
 7     0.152    -0.459     0.875
 8   124.464   -25.632    20.225
 8     0.814     0.095     0.573
 8    -0.126    -0.934     0.333
 8     0.566    -0.344    -0.749
 9   138.572   -25.703     7.351
 9     0.500    -0.859    -0.114
 9     0.069    -0.087     0.993
 9    -0.863    -0.504     0.018
 2    97.078   -20.099    59.051
 2     0.472    -0.882     0.005
 2     0.881     0.471     0.029
 2    -0.028    -0.010     0.999
 3   127.824    -2.690     0.654
 3     0.596    -0.005    -0.803
 3    -0.134     0.985    -0.106
 3     0.791     0.171     0.586
 4   107.811    13.459    -9.288
 4     0.048    -0.864     0.500
 4     0.971    -0.075    -0.224
 4     0.231     0.497     0.836
 5   114.417    17.852    18.854
 5     0.635     0.094     0.767
 5     0.288    -0.950    -0.122
 5     0.717     0.299    -0.630
 6   125.008    21.017     6.180
 6     0.343     0.821     0.458
 6     0.056     0.468    -0.882
 6    -0.938     0.327     0.113
 7   110.680   -21.927    -7.757
 7     0.284     0.879     0.384
 7    -0.942     0.180     0.284
 7     0.180    -0.442     0.878
 8   123.637   -25.339    20.591
 8     0.805    -0.058     0.591
 8    -0.211    -0.958     0.193
 8     0.555    -0.280    -0.783
 9   136.157   -31.105     6.905
 9     0.421    -0.900     0.115
 9    -0.121     0.071     0.990
 9    -0.899    -0.431    -0.078
 2    97.078   -20.099    59.051
 2     0.472    -0.882     0.005
 2     0.881     0.471     0.029
 2    -0.028    -0.010     0.999
 3   127.659    -2.160     0.423
 3     0.613    -0.017    -0.790
 3    -0.119     0.986    -0.114
 3     0.781     0.163     0.602
 4   107.302    13.833    -8.961
 4     0.006    -0.868     0.496
 4     0.970    -0.116    -0.214
 4     0.243     0.482     0.841
 5   113.165    17.628    19.045
 5     0.601     0.171     0.781
 5     0.314    -0.949    -0.034
 5     0.735     0.266    -0.624
 6   122.340    22.699     6.517
 6     0.296     0.776     0.558
 6     0.113     0.551    -0.826
 6    -0.948     0.307     0.074
 7   110.083   -21.609    -7.673
 7     0.241     0.890     0.386
 7    -0.951     0.139     0.274
 7     0.191    -0.433     0.881
 8   122.872   -25.225    20.749
 8     0.788    -0.158     0.595
 8    -0.274    -0.956     0.109
 8     0.551    -0.249    -0.796
 9   134.307   -34.431     7.185
 9     0.366    -0.903     0.227
 9    -0.239     0.145     0.960
 9    -0.899    -0.405    -0.162
 2    97.078   -20.099    59.051
 2     0.472    -0.882     0.005
 2     0.881     0.471     0.029
 2    -0.028    -0.010     0.999
 3   127.511    -1.937     0.174
 3     0.630    -0.031    -0.776
 3    -0.104     0.987    -0.124
 3     0.769     0.159     0.619
 4   106.832    14.007    -8.702
 4    -0.028    -0.867     0.498
 4     0.965    -0.153    -0.212
 4     0.260     0.474     0.841
 5   111.967    17.676    19.242
 5     0.561     0.224     0.797
 5     0.345    -0.938     0.021
 5     0.752     0.264    -0.604
 6   119.649    23.882     7.035
 6     0.243     0.759     0.604
 6     0.148     0.586    -0.796
 6    -0.959     0.282     0.029
 7   109.110   -21.333    -7.470
 7     0.188     0.901     0.390
 7    -0.964     0.092     0.251
 7     0.190    -0.423     0.886
 8   122.083   -25.436    20.911
 8     0.770    -0.281     0.573
 8    -0.359    -0.933     0.027
 8     0.527    -0.227    -0.819
 9   130.583   -37.569     6.705
 9     0.219    -0.921     0.321
 9    -0.328     0.240     0.913
 9    -0.919    -0.305    -0.249
 2    97.078   -20.099    59.051
 2     0.472    -0.882     0.005
 2     0.881     0.471     0.029
 2    -0.028    -0.010     0.999
 3   126.935    -2.079     0.018
 3     0.648    -0.022    -0.761
 3    -0.102     0.988    -0.115
 3     0.754     0.152     0.638
 4   106.102    13.997    -8.448
 4    -0.029    -0.861     0.508
 4     0.968    -0.151    -0.201
 4     0.249     0.486     0.837
 5   112.172    17.320    19.252
 5     0.608     0.228     0.761
 5     0.334    -0.942     0.015
 5     0.720     0.245    -0.649
 6   116.752    23.265     5.600
 6     0.095     0.782     0.616
 6     0.127     0.603    -0.787
 6    -0.987     0.153    -0.043
 7   108.368   -21.507    -7.135
 7     0.175     0.897     0.406
 7    -0.964     0.072     0.255
 7     0.200    -0.437     0.877
 8   122.453   -24.677    20.995
 8     0.817    -0.238     0.526
 8    -0.311    -0.949     0.054
 8     0.486    -0.208    -0.849
 9   128.780   -35.944     5.870
 9     0.078    -0.939     0.336
 9    -0.299     0.299     0.906
 9    -0.951    -0.171    -0.258
 2    97.078   -20.099    59.051
 2     0.472    -0.882     0.005
 2     0.881     0.471     0.029
 2    -0.028    -0.010     0.999
 3   126.689    -2.133    -0.125
 3     0.657    -0.020    -0.754
 3    -0.093     0.990    -0.107
 3     0.747     0.140     0.648
 4   105.911    13.815    -8.535
 4    -0.029    -0.857     0.514
 4     0.969    -0.150    -0.194
 4     0.243     0.492     0.835
 5   112.127    17.311    19.237
 5     0.613     0.205     0.763
 5     0.325    -0.946    -0.007
 5     0.720     0.252    -0.646
 6   117.306    23.098     5.693
 6     0.118     0.781     0.614
 6     0.130     0.600    -0.789
 6    -0.984     0.173    -0.032
 7   108.271   -21.557    -7.087
 7     0.175     0.896     0.408
 7    -0.964     0.071     0.256
 7     0.201    -0.439     0.876
 8   122.449   -24.497    20.975
 8     0.821    -0.231     0.522
 8    -0.303    -0.951     0.055
 8     0.484    -0.203    -0.851
 9   128.472   -35.992     5.929
 9     0.065    -0.935     0.348
 9    -0.307     0.313     0.899
 9    -0.949    -0.165    -0.267
 2    97.078   -20.099    59.051
 2     0.472    -0.882     0.005
 2     0.881     0.471     0.029
 2    -0.028    -0.010     0.999
 3   126.685    -2.212    -0.113
 3     0.659    -0.012    -0.752
 3    -0.094     0.991    -0.099
 3     0.745     0.135     0.652
 4   105.907    13.761    -8.581
 4    -0.025    -0.858     0.513
 4     0.970    -0.145    -0.195
 4     0.241     0.493     0.836
 5   112.140    17.263    19.227
 5     0.611     0.199     0.767
 5     0.322    -0.947    -0.011
 5     0.723     0.253    -0.642
 6   117.336    23.147     5.701
 6     0.122     0.777     0.617
 6     0.133     0.603    -0.786
 6    -0.984     0.178    -0.031
 7   108.045   -21.586    -7.136
 7     0.168     0.898     0.407
 7    -0.965     0.066     0.254
 7     0.201    -0.435     0.877
 8   122.260   -24.451    21.027
 8     0.823    -0.240     0.516
 8    -0.309    -0.950     0.051
 8     0.477    -0.201    -0.855
 9   127.895   -36.124     5.765
 9     0.041    -0.934     0.354
 9    -0.305     0.325     0.895
 9    -0.951    -0.145    -0.272
 2    97.078   -20.099    59.051
 2     0.472    -0.882     0.005
 2     0.881     0.471     0.029
 2    -0.028    -0.010     0.999
 3   126.607    -2.264    -0.107
 3     0.661    -0.009    -0.751
 3    -0.095     0.991    -0.095
 3     0.744     0.134     0.653
 4   105.777    13.709    -8.525
 4    -0.025    -0.857     0.515
 4     0.971    -0.144    -0.192
 4     0.239     0.495     0.835
 5   112.090    17.314    19.229
 5     0.610     0.199     0.767
 5     0.324    -0.946    -0.013
 5     0.723     0.256    -0.641
 6   117.209    23.200     5.702
 6     0.120     0.773     0.623
 6     0.133     0.609    -0.782
 6    -0.984     0.176    -0.030
 7   107.844   -21.588    -7.081
 7     0.166     0.898     0.407
 7    -0.965     0.064     0.252
 7     0.200    -0.435     0.877
 8   122.153   -24.505    21.016
 8     0.823    -0.245     0.512
 8    -0.313    -0.948     0.049
 8     0.473    -0.201    -0.858
 9   127.724   -36.127     5.731
 9     0.037    -0.934     0.355
 9    -0.304     0.328     0.894
 9    -0.952    -0.141    -0.272
 2    97.081   -20.099    59.048
 2     0.472    -0.882     0.004
 2     0.881     0.471     0.029
 2    -0.027    -0.011     0.999
 3   126.501    -2.267    -0.098
 3     0.663    -0.005    -0.749
 3    -0.096     0.991    -0.092
 3     0.742     0.133     0.656
 4   105.724    13.657    -8.523
 4    -0.025    -0.856     0.517
 4     0.971    -0.144    -0.192
 4     0.238     0.497     0.834
 5   112.040    17.314    19.231
 5     0.609     0.199     0.768
 5     0.327    -0.945    -0.014
 5     0.723     0.259    -0.641
 6   117.133    23.252     5.650
 6     0.120     0.769     0.628
 6     0.134     0.614    -0.777
 6    -0.984     0.177    -0.030
 7   107.744   -21.564    -7.130
 7     0.163     0.898     0.408
 7    -0.966     0.061     0.251
 7     0.200    -0.436     0.877
 8   122.127   -24.456    21.021
 8     0.823    -0.249     0.510
 8    -0.316    -0.948     0.047
 8     0.472    -0.200    -0.859
 9   127.673   -36.178     5.731
 9     0.037    -0.934     0.355
 9    -0.305     0.328     0.894
 9    -0.952    -0.142    -0.273
 2    97.078   -20.099    59.051
 2     0.472    -0.882     0.005
 2     0.881     0.471     0.029
 2    -0.028    -0.010     0.999
 3   126.549    -2.319    -0.143
 3     0.665    -0.003    -0.747
 3    -0.097     0.991    -0.090
 3     0.741     0.132     0.658
 4   105.719    13.706    -8.518
 4    -0.025    -0.855     0.518
 4     0.971    -0.143    -0.190
 4     0.236     0.498     0.834
 5   112.040    17.365    19.233
 5     0.608     0.199     0.769
 5     0.328    -0.945    -0.015
 5     0.723     0.261    -0.639
 6   117.498    23.192     5.728
 6     0.135     0.770     0.623
 6     0.133     0.609    -0.782
 6    -0.982     0.188    -0.021
 7   107.690   -21.567    -7.123
 7     0.161     0.898     0.409
 7    -0.967     0.060     0.247
 7     0.198    -0.435     0.878
 8   121.947   -24.635    20.969
 8     0.824    -0.243     0.512
 8    -0.314    -0.948     0.057
 8     0.472    -0.207    -0.857
 9   128.286   -35.528     5.522
 9     0.078    -0.946     0.314
 9    -0.277     0.281     0.919
 9    -0.958    -0.159    -0.240
 2    97.081   -20.099    59.099
 2     0.472    -0.882     0.004
 2     0.881     0.471     0.029
 2    -0.027    -0.011     0.999
 3   126.500    -2.371    -0.142
 3     0.664     0.000    -0.748
 3    -0.098     0.991    -0.086
 3     0.741     0.130     0.658
 4   106.157    13.685    -8.591
 4     0.000    -0.856     0.517
 4     0.976    -0.112    -0.186
 4     0.217     0.504     0.835
 5   112.324    17.529    19.041
 5     0.613     0.120     0.781
 5     0.292    -0.953    -0.082
 5     0.734     0.278    -0.619
 6   121.537    20.808     6.157
 6     0.260     0.852     0.454
 6     0.059     0.455    -0.888
 6    -0.964     0.258     0.067
 7   107.972   -21.579    -7.371
 7     0.168     0.895     0.413
 7    -0.969     0.074     0.234
 7     0.179    -0.440     0.880
 8   121.898   -24.924    20.639
 8     0.831    -0.132     0.540
 8    -0.250    -0.956     0.150
 8     0.496    -0.260    -0.828
 9   130.772   -31.772     5.114
 9     0.218    -0.964     0.153
 9    -0.146     0.123     0.982
 9    -0.965    -0.236    -0.113
 2    97.081   -20.099    59.048
 2     0.472    -0.882     0.004
 2     0.881     0.471     0.029
 2    -0.027    -0.011     0.999
 3   126.855    -2.547    -0.145
 3     0.662     0.003    -0.750
 3    -0.098     0.992    -0.083
 3     0.742     0.128     0.657
 4   106.735    13.579    -8.887
 4     0.046    -0.849     0.527
 4     0.980    -0.064    -0.188
 4     0.193     0.525     0.828
 5   113.799    18.445    18.528
 5     0.641    -0.104     0.760
 5     0.199    -0.935    -0.294
 5     0.741     0.340    -0.579
 6   126.848    15.710     6.787
 6     0.393     0.918     0.047
 6    -0.139     0.111    -0.984
 6    -0.909     0.380     0.171
 7   108.448   -21.661    -7.823
 7     0.190     0.889     0.416
 7    -0.969     0.102     0.225
 7     0.158    -0.446     0.881
 8   122.249   -25.282    20.275
 8     0.836    -0.003     0.549
 8    -0.170    -0.952     0.252
 8     0.521    -0.305    -0.797
 9   133.752   -26.801     5.314
 9     0.359    -0.930    -0.078
 9     0.033    -0.069     0.997
 9    -0.932    -0.361     0.008
 2    97.081   -20.099    59.099
 2     0.472    -0.882     0.004
 2     0.881     0.471     0.029
 2    -0.027    -0.011     0.999
 3   127.040    -2.723    -0.108
 3     0.659     0.005    -0.752
 3    -0.102     0.991    -0.083
 3     0.745     0.131     0.653
 4   107.097    13.375    -9.016
 4     0.087    -0.838     0.539
 4     0.981    -0.022    -0.192
 4     0.173     0.545     0.820
 5   115.648    19.845    18.044
 5     0.652    -0.325     0.686
 5     0.125    -0.846    -0.518
 5     0.747     0.423    -0.511
 6   130.383    10.032     7.688
 6     0.419     0.845    -0.336
 6    -0.388    -0.166    -0.906
 6    -0.821     0.509     0.260
 7   108.816   -21.763    -8.097
 7     0.211     0.885     0.414
 7    -0.967     0.126     0.223
 7     0.145    -0.447     0.882
 8   122.507   -25.430    20.042
 8     0.828     0.106     0.551
 8    -0.102    -0.938     0.331
 8     0.552    -0.331    -0.766
 9   136.416   -21.808     6.932
 9     0.471    -0.823    -0.323
 9     0.227    -0.238     0.943
 9    -0.852    -0.516     0.077
 2    97.078   -20.099    59.051
 2     0.472    -0.882     0.005
 2     0.881     0.471     0.029
 2    -0.028    -0.010     0.999
 3   127.266    -2.980    -0.064
 3     0.656     0.005    -0.754
 3    -0.112     0.990    -0.090
 3     0.746     0.143     0.650
 4   107.442    13.209    -8.956
 4     0.127    -0.826     0.550
 4     0.977     0.010    -0.210
 4     0.167     0.564     0.808
 5   117.702    21.066    17.378
 5     0.680    -0.436     0.591
 5     0.105    -0.738    -0.665
 5     0.725     0.515    -0.456
 6   132.158     6.036     8.592
 6     0.370     0.617    -0.697
 6    -0.549    -0.460    -0.697
 6    -0.749     0.639     0.169
 7   109.136   -21.787    -8.304
 7     0.235     0.882     0.409
 7    -0.963     0.153     0.222
 7     0.134    -0.446     0.885
 8   122.867   -25.891    19.760
 8     0.816     0.214     0.537
 8    -0.040    -0.906     0.421
 8     0.576    -0.365    -0.731
 9   138.553   -16.465     9.613
 9     0.533    -0.554    -0.645
 9     0.434    -0.474     0.764
 9    -0.726    -0.685    -0.012
 2    97.078   -20.099    59.051
 2     0.472    -0.882     0.005
 2     0.881     0.471     0.029
 2    -0.028    -0.010     0.999
 3   127.211    -3.137     0.059
 3     0.654     0.002    -0.756
 3    -0.122     0.987    -0.103
 3     0.746     0.159     0.646
 4   107.538    13.236    -8.802
 4     0.180    -0.799     0.574
 4     0.972     0.054    -0.229
 4     0.152     0.599     0.786
 5   120.553    22.086    16.278
 5     0.725    -0.521     0.453
 5     0.075    -0.591    -0.802
 5     0.685     0.615    -0.390
 6   133.354     1.979     9.159
 6     0.279     0.415    -0.867
 6    -0.712    -0.517    -0.475
 6    -0.644     0.748     0.151
 7   108.980   -21.590    -8.498
 7     0.267     0.872     0.410
 7    -0.957     0.191     0.216
 7     0.110    -0.450     0.886
 8   124.098   -26.507    18.872
 8     0.838     0.323     0.440
 8     0.017    -0.821     0.569
 8     0.545    -0.470    -0.694
 9   140.648   -12.269    11.825
 9     0.536    -0.319    -0.784
 9     0.616    -0.488     0.618
 9    -0.576    -0.813    -0.067
 2    97.078   -20.099    59.051
 2     0.472    -0.882     0.005
 2     0.881     0.471     0.029
 2    -0.028    -0.010     0.999
 3   127.153    -3.164     0.154
 3     0.644     0.002    -0.765
 3    -0.137     0.984    -0.113
 3     0.752     0.177     0.634
 4   107.789    13.312    -8.819
 4     0.230    -0.779     0.584
 4     0.963     0.097    -0.249
 4     0.137     0.620     0.772
 5   122.891    21.862    15.584
 5     0.759    -0.550     0.349
 5     0.038    -0.498    -0.866
 5     0.650     0.671    -0.357
 6   133.978    -1.498     9.965
 6     0.188     0.354    -0.917
 6    -0.811    -0.472    -0.347
 6    -0.555     0.807     0.198
 7   109.160   -21.305    -8.692
 7     0.314     0.857     0.409
 7    -0.945     0.240     0.221
 7     0.092    -0.456     0.885
 8   125.998   -27.315    17.122
 8     0.853     0.409     0.324
 8     0.048    -0.680     0.731
 8     0.519    -0.608    -0.600
 9   140.178    -8.378    12.605
 9     0.413    -0.257    -0.875
 9     0.809    -0.340     0.479
 9    -0.418    -0.905     0.066
 2    97.081   -20.099    59.048
 2     0.472    -0.882     0.004
 2     0.881     0.471     0.029
 2    -0.027    -0.011     0.999
 3   127.197    -3.135     0.233
 3     0.638     0.005    -0.770
 3    -0.140     0.984    -0.109
 3     0.757     0.177     0.628
 4   108.157    13.334    -8.907
 4     0.260    -0.771     0.581
 4     0.955     0.117    -0.272
 4     0.141     0.625     0.767
 5   123.828    22.484    14.954
 5     0.760    -0.574     0.305
 5     0.043    -0.423    -0.905
 5     0.648     0.701    -0.297
 6   133.502    -1.920    10.180
 6     0.148     0.432    -0.890
 6    -0.848    -0.408    -0.338
 6    -0.508     0.804     0.306
 7   109.121   -21.065    -8.930
 7     0.318     0.846     0.427
 7    -0.946     0.248     0.209
 7     0.071    -0.471     0.879
 8   126.084   -27.800    16.569
 8     0.842     0.442     0.309
 8     0.042    -0.624     0.780
 8     0.537    -0.644    -0.544
 9   140.170    -7.849    13.889
 9     0.401    -0.156    -0.904
 9     0.846    -0.316     0.428
 9    -0.350    -0.936     0.004
 2    97.081   -20.099    59.099
 2     0.472    -0.882     0.004
 2     0.881     0.471     0.029
 2    -0.027    -0.011     0.999
 3   127.179    -3.082     0.274
 3     0.636     0.004    -0.772
 3    -0.140     0.984    -0.110
 3     0.759     0.178     0.626
 4   108.180    13.392    -8.905
 4     0.261    -0.775     0.576
 4     0.953     0.114    -0.278
 4     0.150     0.621     0.769
 5   123.575    22.216    15.369
 5     0.753    -0.576     0.319
 5     0.041    -0.442    -0.896
 5     0.656     0.688    -0.309
 6   133.433    -1.920    10.412
 6     0.159     0.427    -0.891
 6    -0.843    -0.411    -0.347
 6    -0.513     0.805     0.295
 7   109.106   -20.969    -9.010
 7     0.318     0.844     0.431
 7    -0.946     0.252     0.204
 7     0.064    -0.472     0.879
 8   126.023   -27.695    16.508
 8     0.841     0.439     0.317
 8     0.040    -0.633     0.772
 8     0.540    -0.637    -0.550
 9   140.061    -7.623    13.792
 9     0.398    -0.160    -0.904
 9     0.847    -0.316     0.428
 9    -0.352    -0.935     0.009
 2    97.081   -20.099    59.099
 2     0.472    -0.882     0.004
 2     0.881     0.471     0.029
 2    -0.027    -0.011     0.999
 3   127.078    -3.083     0.324
 3     0.636     0.003    -0.772
 3    -0.141     0.983    -0.113
 3     0.759     0.180     0.625
 4   108.081    13.392    -8.909
 4     0.261    -0.774     0.577
 4     0.953     0.112    -0.280
 4     0.151     0.623     0.767
 5   123.354    22.194    15.484
 5     0.752    -0.575     0.324
 5     0.041    -0.449    -0.892
 5     0.658     0.684    -0.314
 6   133.329    -1.815    10.359
 6     0.167     0.431    -0.887
 6    -0.841    -0.408    -0.355
 6    -0.514     0.805     0.294
 7   109.048   -20.972    -9.049
 7     0.319     0.843     0.433
 7    -0.946     0.254     0.201
 7     0.060    -0.473     0.878
 8   126.025   -27.618    16.555
 8     0.840     0.441     0.316
 8     0.042    -0.633     0.772
 8     0.541    -0.636    -0.550
 9   140.001    -7.491    13.957
 9     0.398    -0.150    -0.906
 9     0.849    -0.315     0.424
 9    -0.347    -0.937     0.001
 2    97.078   -20.099    59.051
 2     0.472    -0.882     0.005
 2     0.881     0.471     0.029
 2    -0.028    -0.010     0.999
 3   127.074    -3.034     0.328
 3     0.636     0.002    -0.771
 3    -0.142     0.983    -0.114
 3     0.758     0.182     0.626
 4   108.084    13.444    -8.912
 4     0.262    -0.774     0.577
 4     0.953     0.112    -0.281
 4     0.152     0.623     0.766
 5   123.351    22.142    15.436
 5     0.752    -0.574     0.325
 5     0.041    -0.450    -0.892
 5     0.657     0.684    -0.315
 6   133.431    -1.759    10.397
 6     0.172     0.428    -0.888
 6    -0.841    -0.406    -0.357
 6    -0.512     0.807     0.290
 7   109.218   -20.922    -9.119
 7     0.320     0.843     0.433
 7    -0.946     0.256     0.200
 7     0.058    -0.474     0.878
 8   126.112   -27.563    16.438
 8     0.837     0.444     0.320
 8     0.043    -0.635     0.771
 8     0.545    -0.632    -0.551
 9   140.080    -7.413    14.006
 9     0.399    -0.146    -0.906
 9     0.849    -0.317     0.424
 9    -0.346    -0.937    -0.003
 2    97.078   -20.099    59.051
 2     0.472    -0.882     0.005
 2     0.881     0.471     0.029
 2    -0.028    -0.010     0.999
 3   127.174    -3.033     0.278
 3     0.637     0.002    -0.771
 3    -0.142     0.983    -0.115
 3     0.758     0.182     0.626
 4   108.210    13.443    -8.937
 4     0.264    -0.774     0.577
 4     0.952     0.114    -0.281
 4     0.152     0.623     0.767
 5   123.450    22.143    15.435
 5     0.752    -0.573     0.326
 5     0.041    -0.452    -0.891
 5     0.657     0.683    -0.317
 6   133.482    -1.758    10.393
 6     0.172     0.425    -0.889
 6    -0.842    -0.406    -0.356
 6    -0.511     0.809     0.288
 7   109.266   -20.846    -9.167
 7     0.321     0.842     0.434
 7    -0.946     0.257     0.199
 7     0.057    -0.474     0.878
 8   126.167   -27.561    16.406
 8     0.836     0.445     0.321
 8     0.043    -0.636     0.770
 8     0.547    -0.631    -0.551
 9   140.131    -7.438    14.006
 9     0.400    -0.146    -0.905
 9     0.849    -0.316     0.424
 9    -0.346    -0.938    -0.004
];