% Calibrated with leiden_pols
% Positions are in centimeters
Data =[
 2    97.081   -20.124    59.048
 2     0.472    -0.882     0.004
 2     0.881     0.471     0.029
 2    -0.027    -0.011     0.999
 3   128.343    -4.305     0.752
 3     0.535     0.010    -0.845
 3    -0.152     0.985    -0.084
 3     0.831     0.173     0.528
 4   109.630    11.585   -10.229
 4     0.359    -0.747     0.560
 4     0.931     0.250    -0.263
 4     0.056     0.616     0.785
 5   128.402    19.318    12.527
 5     0.805    -0.582     0.115
 5    -0.066    -0.282    -0.957
 5     0.589     0.763    -0.265
 6   132.241    -8.759     8.917
 6    -0.069     0.851    -0.521
 6    -0.915    -0.262    -0.308
 6    -0.398     0.455     0.796
 7   111.420   -22.142    -9.137
 7     0.508     0.720     0.473
 7    -0.859     0.463     0.217
 7    -0.062    -0.516     0.853
 8   133.863   -30.176     8.925
 8     0.937     0.347     0.037
 8     0.057    -0.262     0.964
 8     0.344    -0.900    -0.264
 9   137.173    -3.309     6.755
 9    -0.150    -0.544    -0.826
 9     0.974    -0.223    -0.028
 9    -0.170    -0.809     0.563
 2    97.081   -20.099    59.048
 2     0.472    -0.882     0.004
 2     0.881     0.471     0.029
 2    -0.027    -0.011     0.999
 3   128.384    -4.307     0.687
 3     0.538     0.011    -0.843
 3    -0.152     0.985    -0.084
 3     0.829     0.173     0.531
 4   109.678    11.533   -10.278
 4     0.359    -0.746     0.562
 4     0.932     0.251    -0.262
 4     0.055     0.617     0.785
 5   128.402    19.293    12.476
 5     0.806    -0.581     0.116
 5    -0.066    -0.284    -0.957
 5     0.589     0.763    -0.266
 6   132.288    -8.760     8.920
 6    -0.069     0.850    -0.521
 6    -0.914    -0.263    -0.308
 6    -0.399     0.455     0.796
 7   111.443   -22.143    -9.185
 7     0.508     0.719     0.474
 7    -0.859     0.463     0.217
 7    -0.063    -0.517     0.853
 8   133.862   -30.126     8.878
 8     0.937     0.346     0.038
 8     0.057    -0.264     0.963
 8     0.343    -0.900    -0.266
 9   137.173    -3.310     6.759
 9    -0.148    -0.541    -0.828
 9     0.974    -0.223    -0.027
 9    -0.171    -0.811     0.559
 2    97.078   -20.099    59.051
 2     0.472    -0.882     0.005
 2     0.881     0.471     0.029
 2    -0.028    -0.010     0.999
 3   128.385    -4.358     0.637
 3     0.538     0.012    -0.843
 3    -0.152     0.985    -0.083
 3     0.829     0.172     0.531
 4   109.522    11.456   -10.273
 4     0.357    -0.745     0.564
 4     0.932     0.249    -0.260
 4     0.053     0.618     0.784
 5   128.348    19.292    12.477
 5     0.806    -0.580     0.117
 5    -0.065    -0.285    -0.956
 5     0.588     0.763    -0.268
 6   132.324    -8.758     8.845
 6    -0.073     0.856    -0.512
 6    -0.915    -0.261    -0.307
 6    -0.397     0.446     0.802
 7   111.337   -22.212    -9.132
 7     0.509     0.720     0.473
 7    -0.859     0.459     0.225
 7    -0.055    -0.520     0.852
 8   133.300   -30.278     9.559
 8     0.939     0.336     0.063
 8     0.045    -0.306     0.951
 8     0.339    -0.891    -0.302
 9   137.817    -3.837     6.185
 9    -0.074    -0.558    -0.827
 9     0.974    -0.216     0.059
 9    -0.212    -0.801     0.559
 2    97.081   -20.099    59.048
 2     0.472    -0.882     0.004
 2     0.881     0.471     0.029
 2    -0.027    -0.011     0.999
 3   128.155    -4.322     0.656
 3     0.557     0.014    -0.830
 3    -0.153     0.984    -0.086
 3     0.816     0.174     0.551
 4   109.238    11.466   -10.150
 4     0.350    -0.745     0.568
 4     0.935     0.236    -0.264
 4     0.062     0.623     0.779
 5   126.623    19.170    13.123
 5     0.801    -0.566     0.196
 5    -0.045    -0.385    -0.922
 5     0.597     0.729    -0.334
 6   133.484    -6.577     7.169
 6    -0.001     0.858    -0.515
 6    -0.878    -0.247    -0.410
 6    -0.479     0.451     0.753
 7   111.271   -22.245    -9.031
 7     0.500     0.732     0.463
 7    -0.865     0.439     0.240
 7    -0.028    -0.520     0.853
 8   131.765   -29.895    12.162
 8     0.938     0.292     0.188
 8    -0.011    -0.518     0.855
 8     0.347    -0.804    -0.482
 9   141.514    -7.083     5.564
 9     0.177    -0.497    -0.851
 9     0.902    -0.265     0.340
 9    -0.393    -0.826     0.400
 2    97.081   -20.099    59.048
 2     0.472    -0.882     0.004
 2     0.881     0.471     0.029
 2    -0.027    -0.011     0.999
 3   128.052    -4.031     0.657
 3     0.577     0.023    -0.816
 3    -0.150     0.985    -0.079
 3     0.802     0.167     0.572
 4   108.969    11.793    -9.958
 4     0.302    -0.772     0.560
 4     0.948     0.178    -0.264
 4     0.103     0.610     0.785
 5   123.167    19.445    15.151
 5     0.780    -0.483     0.399
 5     0.039    -0.597    -0.801
 5     0.625     0.640    -0.447
 6   134.836     0.429     6.337
 6     0.234     0.844    -0.483
 6    -0.688    -0.207    -0.694
 6    -0.687     0.494     0.533
 7   111.209   -22.104    -9.112
 7     0.444     0.778     0.445
 7    -0.896     0.372     0.242
 7     0.023    -0.506     0.862
 8   128.538   -29.057    15.590
 8     0.901     0.244     0.359
 8    -0.080    -0.720     0.688
 8     0.427    -0.649    -0.630
 9   142.695   -13.610     6.552
 9     0.444    -0.571    -0.696
 9     0.676    -0.298     0.672
 9    -0.587    -0.766     0.254
 2    97.081   -20.099    59.048
 2     0.472    -0.882     0.004
 2     0.881     0.471     0.029
 2    -0.027    -0.011     0.999
 3   128.022    -3.664     0.760
 3     0.583     0.022    -0.812
 3    -0.162     0.982    -0.090
 3     0.796     0.184     0.576
 4   108.684    12.420    -9.634
 4     0.201    -0.823     0.532
 4     0.962     0.064    -0.264
 4     0.183     0.564     0.804
 5   118.249    19.405    17.377
 5     0.718    -0.289     0.635
 5     0.163    -0.815    -0.554
 5     0.676     0.501    -0.539
 6   132.584     9.755     6.775
 6     0.411     0.886    -0.214
 6    -0.377    -0.047    -0.924
 6    -0.830     0.460     0.317
 7   110.978   -22.202    -8.690
 7     0.374     0.831     0.411
 7    -0.922     0.285     0.262
 7     0.101    -0.477     0.873
 8   125.184   -27.202    18.748
 8     0.835     0.179     0.521
 8    -0.116    -0.867     0.483
 8     0.538    -0.464    -0.704
 9   140.907   -20.270     8.551
 9     0.566    -0.690    -0.461
 9     0.346    -0.304     0.885
 9    -0.748    -0.657     0.068
 2    97.078   -20.099    59.051
 2     0.472    -0.882     0.005
 2     0.881     0.471     0.029
 2    -0.028    -0.010     0.999
 3   127.838    -3.176     0.768
 3     0.590     0.007    -0.808
 3    -0.148     0.984    -0.099
 3     0.794     0.177     0.581
 4   108.172    12.903    -9.496
 4     0.111    -0.849     0.517
 4     0.969    -0.022    -0.244
 4     0.219     0.528     0.820
 5   115.832    18.398    18.271
 5     0.677    -0.069     0.733
 5     0.238    -0.922    -0.305
 5     0.696     0.381    -0.608
 6   128.669    16.644     6.242
 6     0.403     0.888     0.220
 6    -0.105     0.284    -0.953
 6    -0.909     0.361     0.208
 7   111.040   -22.228    -8.123
 7     0.338     0.856     0.391
 7    -0.929     0.236     0.285
 7     0.152    -0.459     0.875
 8   124.464   -25.632    20.225
 8     0.814     0.095     0.573
 8    -0.126    -0.934     0.333
 8     0.566    -0.344    -0.749
 9   138.572   -25.703     7.351
 9     0.500    -0.859    -0.114
 9     0.069    -0.087     0.993
 9    -0.863    -0.504     0.018
 2    97.078   -20.099    59.051
 2     0.472    -0.882     0.005
 2     0.881     0.471     0.029
 2    -0.028    -0.010     0.999
 3   127.824    -2.690     0.654
 3     0.596    -0.005    -0.803
 3    -0.134     0.985    -0.106
 3     0.791     0.171     0.586
 4   107.811    13.459    -9.288
 4     0.048    -0.864     0.500
 4     0.971    -0.075    -0.224
 4     0.231     0.497     0.836
 5   114.417    17.852    18.854
 5     0.635     0.094     0.767
 5     0.288    -0.950    -0.122
 5     0.717     0.299    -0.630
