% Calibrated with leiden_pols
% Positions are in centimeters
Data =[
 2    98.921   -18.754    59.123
 2     0.646    -0.764     0.004
 2     0.763     0.644     0.031
 2    -0.025    -0.018     0.999
 3   108.729    -2.368    -0.744
 3     0.261     0.044     0.964
 3    -0.100     0.995    -0.018
 3    -0.960    -0.092     0.264
 4   121.470    16.618   -13.288
 4     0.669    -0.706     0.233
 4     0.692     0.477    -0.541
 4     0.270     0.523     0.808
 5   141.788    27.565    35.516
 5     0.343    -0.049    -0.938
 5    -0.133     0.985    -0.104
 5     0.930     0.162     0.330
 6   120.761    26.523    18.197
 6    -0.145     0.602     0.785
 6    -0.258     0.743    -0.617
 6    -0.955    -0.291     0.049
 7   123.410   -19.543   -13.103
 7     0.719     0.624     0.305
 7    -0.694     0.631     0.346
 7     0.024    -0.460     0.887
 8   141.381   -29.766    34.654
 8     0.382     0.229    -0.896
 8     0.184     0.930     0.318
 8     0.905    -0.287     0.311
 9   118.481   -32.423    16.746
 9    -0.145    -0.567     0.811
 9     0.335     0.743     0.579
 9    -0.931     0.355     0.083
 2    98.919   -18.755    59.126
 2     0.645    -0.765     0.004
 2     0.763     0.644     0.032
 2    -0.026    -0.018     0.999
 3   108.741    -2.492    -0.748
 3     0.263     0.043     0.964
 3    -0.103     0.994    -0.017
 3    -0.959    -0.095     0.266
 4   121.394    16.429   -13.377
 4     0.673    -0.702     0.235
 4     0.693     0.486    -0.531
 4     0.258     0.520     0.814
 5   142.104    27.593    35.179
 5     0.349    -0.047    -0.936
 5    -0.128     0.986    -0.101
 5     0.928     0.157     0.336
 6   120.901    26.528    18.004
 6    -0.150     0.603     0.784
 6    -0.263     0.739    -0.619
 6    -0.953    -0.298     0.049
 7   123.357   -19.620   -13.096
 7     0.720     0.622     0.309
 7    -0.694     0.630     0.348
 7     0.022    -0.464     0.885
 8   141.333   -29.791    34.604
 8     0.382     0.232    -0.895
 8     0.184     0.929     0.321
 8     0.905    -0.289     0.310
 9   118.422   -32.476    16.749
 9    -0.144    -0.563     0.814
 9     0.332     0.747     0.575
 9    -0.932     0.353     0.080
 2    98.868   -18.755    59.126
 2     0.645    -0.765     0.004
 2     0.764     0.644     0.032
 2    -0.026    -0.018     0.999
 3   108.747    -2.595    -0.743
 3     0.263     0.044     0.964
 3    -0.105     0.994    -0.017
 3    -0.959    -0.097     0.266
 4   121.437    16.401   -13.469
 4     0.673    -0.702     0.235
 4     0.694     0.489    -0.529
 4     0.255     0.518     0.816
 5   142.236    27.603    35.018
 5     0.350    -0.054    -0.936
 5    -0.120     0.987    -0.106
 5     0.929     0.151     0.336
 6   120.951    26.528    18.004
 6    -0.150     0.603     0.784
 6    -0.263     0.740    -0.619
 6    -0.953    -0.298     0.049
 7   123.359   -19.619   -13.147
 7     0.720     0.620     0.311
 7    -0.693     0.630     0.350
 7     0.022    -0.467     0.883
 8   141.277   -29.896    34.621
 8     0.387     0.247    -0.888
 8     0.185     0.922     0.339
 8     0.903    -0.296     0.310
 9   118.217   -32.380    16.803
 9    -0.141    -0.552     0.822
 9     0.331     0.756     0.563
 9    -0.933     0.350     0.077
 2    98.918   -18.754    59.126
 2     0.645    -0.765     0.004
 2     0.764     0.644     0.032
 2    -0.026    -0.018     0.999
 3   108.748    -2.595    -0.741
 3     0.264     0.044     0.963
 3    -0.106     0.994    -0.017
 3    -0.959    -0.098     0.267
 4   121.543    16.403   -13.372
 4     0.673    -0.703     0.232
 4     0.694     0.490    -0.527
 4     0.257     0.515     0.817
 5   142.250    27.484    35.153
 5     0.347    -0.062    -0.937
 5    -0.114     0.987    -0.111
 5     0.931     0.147     0.333
 6   120.943    26.344    18.154
 6    -0.148     0.606     0.782
 6    -0.257     0.740    -0.621
 6    -0.955    -0.292     0.047
 7   123.364   -19.618   -13.101
 7     0.720     0.621     0.310
 7    -0.694     0.628     0.352
 7     0.024    -0.468     0.883
 8   141.041   -30.084    34.578
 8     0.398     0.278    -0.874
 8     0.181     0.910     0.372
 8     0.899    -0.307     0.311
 9   117.875   -32.158    16.854
 9    -0.134    -0.536     0.834
 9     0.333     0.768     0.546
 9    -0.933     0.351     0.076
 2    98.919   -18.755    59.126
 2     0.645    -0.765     0.004
 2     0.763     0.644     0.032
 2    -0.026    -0.018     0.999
 3   108.775    -2.490    -0.756
 3     0.265     0.047     0.963
 3    -0.105     0.994    -0.019
 3    -0.958    -0.096     0.268
 4   121.551    16.481   -13.303
 4     0.672    -0.705     0.228
 4     0.693     0.490    -0.528
 4     0.260     0.512     0.818
 5   142.262    27.437    35.313
 5     0.342    -0.066    -0.938
 5    -0.113     0.987    -0.114
 5     0.933     0.146     0.328
 6   120.987    26.417    18.214
 6    -0.147     0.606     0.782
 6    -0.255     0.740    -0.621
 6    -0.956    -0.290     0.047
 7   123.376   -19.538   -13.064
 7     0.718     0.624     0.308
 7    -0.695     0.625     0.355
 7     0.029    -0.469     0.882
 8   140.958   -30.322    34.550
 8     0.407     0.297    -0.864
 8     0.176     0.902     0.394
 8     0.896    -0.313     0.313
 9   117.707   -32.131    16.795
 9    -0.132    -0.526     0.840
 9     0.336     0.773     0.536
 9    -0.932     0.353     0.075
 2    98.919   -18.755    59.126
 2     0.645    -0.765     0.004
 2     0.763     0.644     0.032
 2    -0.026    -0.018     0.999
 3   108.871    -2.489    -0.760
 3     0.266     0.047     0.963
 3    -0.104     0.994    -0.020
 3    -0.958    -0.095     0.269
 4   121.639    16.487   -13.221
 4     0.671    -0.707     0.228
 4     0.692     0.485    -0.534
 4     0.266     0.515     0.814
 5   142.161    27.438    35.439
 5     0.341    -0.072    -0.938
 5    -0.111     0.986    -0.120
 5     0.933     0.146     0.327
 6   120.986    26.393    18.314
 6    -0.146     0.607     0.781
 6    -0.255     0.740    -0.622
 6    -0.956    -0.289     0.047
 7   123.380   -19.486   -13.044
 7     0.718     0.626     0.307
 7    -0.696     0.623     0.355
 7     0.031    -0.469     0.882
 8   140.994   -30.353    34.521
 8     0.413     0.303    -0.859
 8     0.175     0.898     0.402
 8     0.893    -0.317     0.317
 9   117.659   -32.077    16.835
 9    -0.134    -0.520     0.844
 9     0.339     0.776     0.531
 9    -0.931     0.357     0.073
 2    98.868   -18.755    59.126
 2     0.645    -0.765     0.004
 2     0.764     0.644     0.032
 2    -0.026    -0.018     0.999
 3   108.755    -2.291    -0.683
 3     0.261     0.040     0.964
 3    -0.107     0.994    -0.013
 3    -0.959    -0.100     0.264
 4   121.599    16.804   -13.047
 4     0.656    -0.716     0.241
 4     0.703     0.463    -0.539
 4     0.274     0.522     0.807
 5   141.930    28.016    35.456
 5     0.348    -0.090    -0.934
 5    -0.114     0.983    -0.141
 5     0.930     0.157     0.329
 6   120.558    26.923    17.987
 6    -0.105     0.589     0.802
 6    -0.299     0.750    -0.589
 6    -0.948    -0.301     0.099
 7   122.905   -19.140   -12.981
 7     0.706     0.635     0.315
 7    -0.708     0.613     0.350
 7     0.029    -0.470     0.882
 8   140.925   -30.543    34.165
 8     0.426     0.307    -0.851
 8     0.168     0.897     0.408
 8     0.889    -0.318     0.330
 9   117.218   -31.981    16.374
 9    -0.116    -0.496     0.861
 9     0.355     0.788     0.502
 9    -0.927     0.363     0.085
 2    98.918   -18.754    59.126
 2     0.645    -0.765     0.004
 2     0.764     0.644     0.032
 2    -0.026    -0.018     0.999
 3   108.725    -2.124    -0.683
 3     0.253     0.028     0.967
 3    -0.114     0.993     0.001
 3    -0.961    -0.110     0.254
 4   121.432    16.866   -13.237
 4     0.636    -0.734     0.239
 4     0.719     0.451    -0.528
 4     0.279     0.507     0.815
 5   142.925    31.127    33.628
 5     0.439    -0.226    -0.869
 5    -0.043     0.961    -0.274
 5     0.897     0.158     0.411
