% Calibrated with leiden_pols
% Positions are in centimeters
Data =[
 2    98.921   -18.754    59.123
 2     0.646    -0.764     0.004
 2     0.763     0.644     0.031
 2    -0.025    -0.018     0.999
 3   108.729    -2.368    -0.744
 3     0.261     0.044     0.964
 3    -0.100     0.995    -0.018
 3    -0.960    -0.092     0.264
 4   121.470    16.618   -13.288
 4     0.669    -0.706     0.233
 4     0.692     0.477    -0.541
 4     0.270     0.523     0.808
 5   141.788    27.565    35.516
 5     0.343    -0.049    -0.938
 5    -0.133     0.985    -0.104
 5     0.930     0.162     0.330
 6   120.761    26.523    18.197
 6    -0.145     0.602     0.785
 6    -0.258     0.743    -0.617
 6    -0.955    -0.291     0.049
 7   123.410   -19.543   -13.103
 7     0.719     0.624     0.305
 7    -0.694     0.631     0.346
 7     0.024    -0.460     0.887
 8   141.381   -29.766    34.654
 8     0.382     0.229    -0.896
 8     0.184     0.930     0.318
 8     0.905    -0.287     0.311
 9   118.481   -32.423    16.746
 9    -0.145    -0.567     0.811
 9     0.335     0.743     0.579
 9    -0.931     0.355     0.083
 2    98.919   -18.755    59.126
 2     0.645    -0.765     0.004
 2     0.763     0.644     0.032
 2    -0.026    -0.018     0.999
 3   108.741    -2.492    -0.748
 3     0.263     0.043     0.964
 3    -0.103     0.994    -0.017
 3    -0.959    -0.095     0.266
 4   121.394    16.429   -13.377
 4     0.673    -0.702     0.235
 4     0.693     0.486    -0.531
 4     0.258     0.520     0.814
 5   142.104    27.593    35.179
 5     0.349    -0.047    -0.936
 5    -0.128     0.986    -0.101
 5     0.928     0.157     0.336
 6   120.901    26.528    18.004
 6    -0.150     0.603     0.784
 6    -0.263     0.739    -0.619
 6    -0.953    -0.298     0.049
 7   123.357   -19.620   -13.096
 7     0.720     0.622     0.309
 7    -0.694     0.630     0.348
 7     0.022    -0.464     0.885
 8   141.333   -29.791    34.604
 8     0.382     0.232    -0.895
 8     0.184     0.929     0.321
 8     0.905    -0.289     0.310
 9   118.422   -32.476    16.749
 9    -0.144    -0.563     0.814
 9     0.332     0.747     0.575
 9    -0.932     0.353     0.080
 2    98.868   -18.755    59.126
 2     0.645    -0.765     0.004
 2     0.764     0.644     0.032
 2    -0.026    -0.018     0.999
 3   108.747    -2.595    -0.743
 3     0.263     0.044     0.964
 3    -0.105     0.994    -0.017
 3    -0.959    -0.097     0.266
 4   121.437    16.401   -13.469
 4     0.673    -0.702     0.235
 4     0.694     0.489    -0.529
 4     0.255     0.518     0.816
 5   142.236    27.603    35.018
 5     0.350    -0.054    -0.936
 5    -0.120     0.987    -0.106
 5     0.929     0.151     0.336
 6   120.951    26.528    18.004
 6    -0.150     0.603     0.784
 6    -0.263     0.740    -0.619
 6    -0.953    -0.298     0.049
 7   123.359   -19.619   -13.147
 7     0.720     0.620     0.311
 7    -0.693     0.630     0.350
 7     0.022    -0.467     0.883
 8   141.277   -29.896    34.621
 8     0.387     0.247    -0.888
 8     0.185     0.922     0.339
 8     0.903    -0.296     0.310
 9   118.217   -32.380    16.803
 9    -0.141    -0.552     0.822
 9     0.331     0.756     0.563
 9    -0.933     0.350     0.077
 2    98.918   -18.754    59.126
 2     0.645    -0.765     0.004
 2     0.764     0.644     0.032
 2    -0.026    -0.018     0.999
 3   108.748    -2.595    -0.741
 3     0.264     0.044     0.963
 3    -0.106     0.994    -0.017
 3    -0.959    -0.098     0.267
 4   121.543    16.403   -13.372
 4     0.673    -0.703     0.232
 4     0.694     0.490    -0.527
 4     0.257     0.515     0.817
 5   142.250    27.484    35.153
 5     0.347    -0.062    -0.937
 5    -0.114     0.987    -0.111
 5     0.931     0.147     0.333
 6   120.943    26.344    18.154
 6    -0.148     0.606     0.782
 6    -0.257     0.740    -0.621
 6    -0.955    -0.292     0.047
 7   123.364   -19.618   -13.101
 7     0.720     0.621     0.310
 7    -0.694     0.628     0.352
 7     0.024    -0.468     0.883
 8   141.041   -30.084    34.578
 8     0.398     0.278    -0.874
 8     0.181     0.910     0.372
 8     0.899    -0.307     0.311
 9   117.875   -32.158    16.854
 9    -0.134    -0.536     0.834
 9     0.333     0.768     0.546
 9    -0.933     0.351     0.076
 2    98.919   -18.755    59.126
 2     0.645    -0.765     0.004
 2     0.763     0.644     0.032
 2    -0.026    -0.018     0.999
 3   108.775    -2.490    -0.756
 3     0.265     0.047     0.963
 3    -0.105     0.994    -0.019
 3    -0.958    -0.096     0.268
 4   121.551    16.481   -13.303
 4     0.672    -0.705     0.228
 4     0.693     0.490    -0.528
 4     0.260     0.512     0.818
 5   142.262    27.437    35.313
 5     0.342    -0.066    -0.938
 5    -0.113     0.987    -0.114
 5     0.933     0.146     0.328
 6   120.987    26.417    18.214
 6    -0.147     0.606     0.782
 6    -0.255     0.740    -0.621
 6    -0.956    -0.290     0.047
 7   123.376   -19.538   -13.064
 7     0.718     0.624     0.308
 7    -0.695     0.625     0.355
 7     0.029    -0.469     0.882
 8   140.958   -30.322    34.550
 8     0.407     0.297    -0.864
 8     0.176     0.902     0.394
 8     0.896    -0.313     0.313
 9   117.707   -32.131    16.795
 9    -0.132    -0.526     0.840
 9     0.336     0.773     0.536
 9    -0.932     0.353     0.075
 2    98.919   -18.755    59.126
 2     0.645    -0.765     0.004
 2     0.763     0.644     0.032
 2    -0.026    -0.018     0.999
 3   108.871    -2.489    -0.760
 3     0.266     0.047     0.963
 3    -0.104     0.994    -0.020
 3    -0.958    -0.095     0.269
 4   121.639    16.487   -13.221
 4     0.671    -0.707     0.228
 4     0.692     0.485    -0.534
 4     0.266     0.515     0.814
 5   142.161    27.438    35.439
 5     0.341    -0.072    -0.938
 5    -0.111     0.986    -0.120
 5     0.933     0.146     0.327
 6   120.986    26.393    18.314
 6    -0.146     0.607     0.781
 6    -0.255     0.740    -0.622
 6    -0.956    -0.289     0.047
 7   123.380   -19.486   -13.044
 7     0.718     0.626     0.307
 7    -0.696     0.623     0.355
 7     0.031    -0.469     0.882
 8   140.994   -30.353    34.521
 8     0.413     0.303    -0.859
 8     0.175     0.898     0.402
 8     0.893    -0.317     0.317
 9   117.659   -32.077    16.835
 9    -0.134    -0.520     0.844
 9     0.339     0.776     0.531
 9    -0.931     0.357     0.073
 2    98.868   -18.755    59.126
 2     0.645    -0.765     0.004
 2     0.764     0.644     0.032
 2    -0.026    -0.018     0.999
 3   108.755    -2.291    -0.683
 3     0.261     0.040     0.964
 3    -0.107     0.994    -0.013
 3    -0.959    -0.100     0.264
 4   121.599    16.804   -13.047
 4     0.656    -0.716     0.241
 4     0.703     0.463    -0.539
 4     0.274     0.522     0.807
 5   141.930    28.016    35.456
 5     0.348    -0.090    -0.934
 5    -0.114     0.983    -0.141
 5     0.930     0.157     0.329
 6   120.558    26.923    17.987
 6    -0.105     0.589     0.802
 6    -0.299     0.750    -0.589
 6    -0.948    -0.301     0.099
 7   122.905   -19.140   -12.981
 7     0.706     0.635     0.315
 7    -0.708     0.613     0.350
 7     0.029    -0.470     0.882
 8   140.925   -30.543    34.165
 8     0.426     0.307    -0.851
 8     0.168     0.897     0.408
 8     0.889    -0.318     0.330
 9   117.218   -31.981    16.374
 9    -0.116    -0.496     0.861
 9     0.355     0.788     0.502
 9    -0.927     0.363     0.085
 2    98.918   -18.754    59.126
 2     0.645    -0.765     0.004
 2     0.764     0.644     0.032
 2    -0.026    -0.018     0.999
 3   108.725    -2.124    -0.683
 3     0.253     0.028     0.967
 3    -0.114     0.993     0.001
 3    -0.961    -0.110     0.254
 4   121.432    16.866   -13.237
 4     0.636    -0.734     0.239
 4     0.719     0.451    -0.528
 4     0.279     0.507     0.815
 5   142.925    31.127    33.628
 5     0.439    -0.226    -0.869
 5    -0.043     0.961    -0.274
 5     0.897     0.158     0.411
 6   120.529    26.959    16.884
 6    -0.139     0.515     0.846
 6    -0.359     0.770    -0.527
 6    -0.923    -0.376     0.079
 7   122.562   -19.128   -12.935
 7     0.694     0.647     0.316
 7    -0.718     0.592     0.367
 7     0.051    -0.481     0.875
 8   140.898   -34.517    32.459
 8     0.495     0.393    -0.776
 8     0.076     0.869     0.488
 8     0.865    -0.300     0.399
 9   116.575   -32.637    16.008
 9    -0.127    -0.389     0.913
 9     0.424     0.811     0.403
 9    -0.896     0.437     0.063
 2    98.869   -18.754    59.126
 2     0.645    -0.765     0.003
 2     0.764     0.644     0.032
 2    -0.026    -0.019     0.999
 3   108.573    -2.385    -0.614
 3     0.244     0.007     0.970
 3    -0.133     0.991     0.026
 3    -0.961    -0.135     0.242
 4   120.775    16.137   -13.643
 4     0.630    -0.736     0.249
 4     0.734     0.459    -0.500
 4     0.254     0.497     0.829
 5   143.924    35.134    30.573
 5     0.532    -0.408    -0.744
 5     0.072     0.895    -0.438
 5     0.843     0.179     0.505
 6   120.811    27.205    15.443
 6    -0.171     0.464     0.870
 6    -0.406     0.771    -0.490
 6    -0.898    -0.435     0.057
 7   121.591   -19.552   -12.674
 7     0.667     0.663     0.342
 7    -0.744     0.563     0.359
 7     0.046    -0.493     0.868
 8   141.225   -36.114    31.487
 8     0.579     0.483    -0.659
 8     0.054     0.782     0.619
 8     0.813    -0.394     0.428
 9   115.969   -32.782    16.034
 9    -0.153    -0.339     0.929
 9     0.430     0.824     0.369
 9    -0.890     0.454     0.020
 2    98.918   -18.754    59.126
 2     0.645    -0.765     0.004
 2     0.764     0.644     0.032
 2    -0.026    -0.018     0.999
 3   108.257    -2.702    -0.461
 3     0.231     0.010     0.973
 3    -0.142     0.989     0.023
 3    -0.962    -0.144     0.230
 4   120.382    15.665   -13.820
 4     0.630    -0.732     0.260
 4     0.739     0.464    -0.487
 4     0.236     0.499     0.833
 5   142.678    33.396    31.557
 5     0.504    -0.440    -0.745
 5     0.041     0.872    -0.485
 5     0.862     0.213     0.458
 6   119.941    26.496    15.515
 6    -0.144     0.516     0.845
 6    -0.379     0.760    -0.528
 6    -0.914    -0.396     0.087
 7   121.387   -19.728   -12.640
 7     0.672     0.655     0.347
 7    -0.739     0.565     0.365
 7     0.043    -0.501     0.864
 8   141.262   -34.542    32.211
 8     0.569     0.461    -0.683
 8     0.095     0.786     0.609
 8     0.816    -0.411     0.404
 9   115.967   -32.358    16.400
 9    -0.152    -0.368     0.918
 9     0.398     0.827     0.395
 9    -0.905     0.424     0.021
 2    98.868   -18.755    59.126
 2     0.645    -0.765     0.004
 2     0.764     0.644     0.032
 2    -0.026    -0.018     0.999
 3   108.186    -2.679    -0.417
 3     0.228    -0.002     0.973
 3    -0.142     0.989     0.035
 3    -0.963    -0.146     0.225
 4   120.162    15.823   -13.961
 4     0.623    -0.737     0.264
 4     0.744     0.454    -0.489
 4     0.240     0.501     0.831
 5   142.345    35.060    30.818
 5     0.515    -0.468    -0.721
 5     0.101     0.866    -0.487
 5     0.851     0.177     0.493
 6   119.655    26.804    15.284
 6    -0.148     0.455     0.878
 6    -0.411     0.780    -0.472
 6    -0.899    -0.430     0.072
 7   121.392   -19.446   -12.777
 7     0.674     0.655     0.344
 7    -0.737     0.566     0.368
 7     0.046    -0.501     0.864
 8   140.825   -38.207    30.225
 8     0.579     0.516    -0.635
 8    -0.020     0.784     0.617
 8     0.815    -0.344     0.465
 9   115.792   -32.935    14.747
 9    -0.133    -0.278     0.952
 9     0.495     0.813     0.305
 9    -0.859     0.510     0.030
 2    98.869   -18.754    59.126
 2     0.645    -0.765     0.003
 2     0.764     0.644     0.032
 2    -0.026    -0.019     0.999
 3   108.189    -2.485    -0.507
 3     0.235    -0.056     0.970
 3    -0.129     0.988     0.088
 3    -0.964    -0.146     0.225
 4   119.662    15.842   -14.141
 4     0.605    -0.748     0.275
 4     0.754     0.427    -0.498
 4     0.255     0.508     0.822
 5   143.270    40.755    26.223
 5     0.611    -0.578    -0.547
 5     0.277     0.797    -0.533
 5     0.741     0.175     0.646
 6   120.127    27.766    13.585
 6    -0.216     0.290     0.932
 6    -0.497     0.790    -0.360
 6    -0.840    -0.540    -0.026
 7   121.188   -18.833   -13.263
 7     0.668     0.664     0.338
 7    -0.742     0.559     0.369
 7     0.056    -0.497     0.865
 8   140.163   -45.691    24.435
 8     0.631     0.620    -0.471
 8    -0.254     0.734     0.626
 8     0.732    -0.277     0.621
 9   115.854   -33.972    12.139
 9    -0.134    -0.096     0.986
 9     0.635     0.756     0.159
 9    -0.761     0.647    -0.040
 2    98.918   -18.754    59.126
 2     0.645    -0.765     0.004
 2     0.764     0.644     0.032
 2    -0.026    -0.018     0.999
 3   107.928    -2.320    -0.447
 3     0.237    -0.094     0.967
 3    -0.118     0.985     0.125
 3    -0.964    -0.144     0.222
 4   118.397    15.678   -14.448
 4     0.590    -0.745     0.312
 4     0.772     0.408    -0.486
 4     0.234     0.527     0.816
 5   143.404    45.936    19.740
 5     0.690    -0.640    -0.342
 5     0.431     0.739    -0.515
 5     0.581     0.209     0.786
 6   120.493    29.096    11.103
 6    -0.289     0.120     0.950
 6    -0.589     0.760    -0.275
 6    -0.754    -0.639    -0.149
 7   120.208   -18.231   -13.544
 7     0.655     0.658     0.373
 7    -0.755     0.552     0.351
 7     0.026    -0.511     0.859
 8   139.247   -51.439    17.555
 8     0.673     0.668    -0.324
 8    -0.430     0.704     0.563
 8     0.602    -0.242     0.760
 9   115.851   -35.550     8.899
 9    -0.146     0.050     0.988
 9     0.758     0.648     0.078
 9    -0.636     0.760    -0.132
 2    98.869   -18.754    59.126
 2     0.645    -0.765     0.003
 2     0.764     0.644     0.032
 2    -0.026    -0.019     0.999
 3   107.557    -2.380    -0.169
 3     0.225    -0.132     0.965
 3    -0.123     0.979     0.162
 3    -0.967    -0.155     0.204
 4   117.289    15.114   -14.794
 4     0.580    -0.736     0.351
 4     0.792     0.406    -0.455
 4     0.192     0.541     0.818
 5   143.122    49.120    13.342
 5     0.728    -0.665    -0.175
 5     0.535     0.706    -0.462
 5     0.428     0.245     0.869
 6   120.834    29.837     8.617
 6    -0.339    -0.011     0.941
 6    -0.663     0.712    -0.230
 6    -0.667    -0.701    -0.249
 7   118.965   -17.877   -13.705
 7     0.634     0.646     0.426
 7    -0.773     0.547     0.321
 7    -0.025    -0.532     0.846
 8   137.972   -56.218     9.683
 8     0.693     0.696    -0.195
 8    -0.569     0.690     0.444
 8     0.442    -0.199     0.874
 9   115.657   -37.141     5.313
 9    -0.152     0.174     0.973
 9     0.851     0.523     0.039
 9    -0.502     0.834    -0.228
 2    98.869   -18.754    59.126
 2     0.645    -0.765     0.003
 2     0.764     0.644     0.032
 2    -0.026    -0.019     0.999
 3   107.319    -2.569    -0.024
 3     0.211    -0.150     0.966
 3    -0.130     0.975     0.180
 3    -0.969    -0.164     0.187
 4   116.190    14.315   -15.064
 4     0.566    -0.728     0.388
 4     0.812     0.410    -0.415
 4     0.142     0.549     0.823
 5   143.065    50.699     6.658
 5     0.756    -0.655    -0.031
 5     0.595     0.704    -0.385
 5     0.272     0.273     0.922
 6   121.714    30.410     5.750
 6    -0.397    -0.114     0.911
 6    -0.719     0.655    -0.231
 6    -0.570    -0.747    -0.342
 7   117.560   -17.545   -13.871
 7     0.598     0.631     0.497
 7    -0.796     0.541     0.271
 7    -0.097    -0.556     0.824
 8   136.315   -59.337     0.720
 8     0.705     0.708    -0.050
 8    -0.668     0.685     0.288
 8     0.238    -0.171     0.956
 9   115.857   -38.419     1.425
 9    -0.171     0.311     0.935
 9     0.919     0.392     0.037
 9    -0.355     0.866    -0.352
 2    98.868   -18.755    59.126
 2     0.645    -0.765     0.004
 2     0.764     0.644     0.032
 2    -0.026    -0.018     0.999
 3   106.984    -2.591     0.300
 3     0.191    -0.149     0.970
 3    -0.139     0.974     0.177
 3    -0.972    -0.169     0.165
 4   115.191    13.664   -15.238
 4     0.562    -0.708     0.430
 4     0.822     0.419    -0.384
 4     0.092     0.568     0.817
 5   143.417    50.924    -2.343
 5     0.788    -0.595     0.155
 5     0.613     0.739    -0.279
 5     0.051     0.315     0.947
 6   122.957    31.083     2.078
 6    -0.477    -0.236     0.846
 6    -0.767     0.581    -0.271
 6    -0.428    -0.779    -0.458
 7   116.084   -16.899   -13.659
 7     0.577     0.591     0.565
 7    -0.799     0.550     0.239
 7    -0.169    -0.589     0.789
 8   135.700   -59.892    -8.676
 8     0.722     0.682     0.117
 8    -0.692     0.711     0.122
 8    -0.000    -0.169     0.985
 9   116.693   -39.080    -2.559
 9    -0.218     0.437     0.873
 9     0.954     0.280     0.098
 9    -0.203     0.855    -0.477
 2    98.869   -18.754    59.126
 2     0.645    -0.765     0.003
 2     0.764     0.644     0.032
 2    -0.026    -0.019     0.999
 3   106.665    -2.537     0.646
 3     0.166    -0.153     0.974
 3    -0.154     0.972     0.179
 3    -0.974    -0.180     0.138
 4   114.149    13.215   -15.293
 4     0.565    -0.681     0.468
 4     0.824     0.434    -0.363
 4     0.044     0.590     0.806
 5   142.841    49.833   -11.805
 5     0.790    -0.512     0.340
 5     0.586     0.792    -0.171
 5    -0.182     0.332     0.925
 6   124.112    31.520    -2.008
 6    -0.536    -0.343     0.772
 6    -0.799     0.499    -0.334
 6    -0.271    -0.796    -0.541
 7   114.925   -16.751   -13.596
 7     0.557     0.546     0.627
 7    -0.797     0.562     0.218
 7    -0.233    -0.621     0.747
 8   135.265   -58.271   -17.900
 8     0.723     0.612     0.325
 8    -0.641     0.766    -0.015
 8    -0.257    -0.196     0.945
 9   117.962   -39.435    -6.581
 9    -0.260     0.549     0.795
 9     0.963     0.205     0.173
 9    -0.069     0.810    -0.581
 2    98.869   -18.754    59.126
 2     0.645    -0.765     0.003
 2     0.764     0.644     0.032
 2    -0.026    -0.019     0.999
 3   106.527    -2.572     1.074
 3     0.139    -0.131     0.981
 3    -0.158     0.975     0.153
 3    -0.978    -0.177     0.115
 4   113.451    12.685   -15.438
 4     0.571    -0.648     0.505
 4     0.821     0.456    -0.343
 4    -0.008     0.609     0.792
 5   141.733    48.167   -18.553
 5     0.773    -0.450     0.449
 5     0.541     0.835    -0.096
 5    -0.332     0.315     0.888
 6   124.504    31.395    -5.108
 6    -0.560    -0.402     0.725
 6    -0.812     0.442    -0.382
 6    -0.167    -0.802    -0.573
 7   114.050   -16.708   -13.385
 7     0.538     0.491     0.687
 7    -0.786     0.584     0.198
 7    -0.304    -0.646     0.699
 8   135.179   -55.882   -23.862
 8     0.717     0.536     0.449
 8    -0.562     0.822    -0.082
 8    -0.412    -0.193     0.890
 9   119.082   -39.362    -9.700
 9    -0.295     0.610     0.736
 9     0.955     0.166     0.243
 9     0.026     0.774    -0.631
 2    98.919   -18.754    59.126
 2     0.645    -0.765     0.003
 2     0.764     0.644     0.032
 2    -0.026    -0.019     0.999
 3   106.327    -2.730     1.606
 3     0.111    -0.103     0.988
 3    -0.167     0.978     0.121
 3    -0.980    -0.178     0.091
 4   112.562    12.108   -15.392
 4     0.574    -0.617     0.540
 4     0.817     0.475    -0.325
 4    -0.056     0.627     0.776
 5   140.681    45.729   -23.761
 5     0.757    -0.383     0.531
 5     0.473     0.879    -0.042
 5    -0.450     0.282     0.846
 6   124.554    31.050    -7.434
 6    -0.573    -0.448     0.687
 6    -0.816     0.394    -0.422
 6    -0.082    -0.802    -0.591
 7   113.114   -16.721   -13.097
 7     0.516     0.423     0.745
 7    -0.767     0.614     0.183
 7    -0.381    -0.666     0.640
 8   134.307   -53.123   -30.111
 8     0.682     0.468     0.564
 8    -0.474     0.868    -0.145
 8    -0.557    -0.168     0.812
 9   120.112   -38.840   -13.111
 9    -0.315     0.679     0.665
 9     0.942     0.138     0.303
 9     0.113     0.721    -0.683
 2    98.918   -18.754    59.126
 2     0.645    -0.765     0.004
 2     0.764     0.644     0.032
 2    -0.026    -0.018     0.999
 3   106.160    -2.934     2.020
 3     0.087    -0.081     0.993
 3    -0.169     0.981     0.095
 3    -0.982    -0.176     0.072
 4   111.701    11.735   -15.225
 4     0.573    -0.586     0.575
 4     0.813     0.492    -0.309
 4    -0.102     0.644     0.757
 5   139.467    42.637   -28.552
 5     0.734    -0.298     0.610
 5     0.374     0.927     0.002
 5    -0.566     0.226     0.792
 6   124.751    30.604    -9.869
 6    -0.590    -0.492     0.641
 6    -0.807     0.344    -0.480
 6     0.015    -0.800    -0.599
 7   112.189   -16.652   -12.883
 7     0.496     0.355     0.793
 7    -0.743     0.645     0.176
 7    -0.450    -0.677     0.583
 8   132.941   -49.028   -36.031
 8     0.626     0.391     0.675
 8    -0.353     0.913    -0.201
 8    -0.695    -0.112     0.709
 9   121.227   -37.881   -16.646
 9    -0.344     0.750     0.567
 9     0.911     0.122     0.391
 9     0.224     0.650    -0.725
 2    98.918   -18.754    59.126
 2     0.645    -0.765     0.004
 2     0.764     0.644     0.032
 2    -0.026    -0.018     0.999
 3   106.002    -2.908     2.473
 3     0.067    -0.061     0.996
 3    -0.165     0.984     0.071
 3    -0.984    -0.169     0.056
 4   111.009    11.482   -15.071
 4     0.580    -0.544     0.608
 4     0.800     0.518    -0.300
 4    -0.152     0.660     0.735
 5   138.161    38.730   -33.442
 5     0.697    -0.210     0.685
 5     0.261     0.965     0.031
 5    -0.668     0.157     0.727
 6   125.172    30.061   -12.563
 6    -0.620    -0.543     0.568
 6    -0.773     0.299    -0.559
 6     0.133    -0.785    -0.604
 7   111.612   -16.601   -12.785
 7     0.473     0.301     0.828
 7    -0.722     0.670     0.168
 7    -0.505    -0.678     0.534
 8   131.730   -44.137   -40.671
 8     0.574     0.354     0.739
 8    -0.214     0.935    -0.282
 8    -0.791     0.004     0.611
 9   122.003   -36.987   -19.643
 9    -0.361     0.793     0.492
 9     0.872     0.100     0.478
 9     0.331     0.600    -0.727
 2    98.869   -18.754    59.126
 2     0.645    -0.765     0.003
 2     0.764     0.644     0.032
 2    -0.026    -0.019     0.999
 3   106.035    -2.970     2.817
 3     0.057    -0.039     0.997
 3    -0.167     0.984     0.048
 3    -0.984    -0.170     0.050
 4   110.378    11.049   -15.003
 4     0.575    -0.509     0.643
 4     0.792     0.542    -0.279
 4    -0.207     0.668     0.713
 5   136.797    35.548   -37.166
 5     0.655    -0.156     0.740
 5     0.182     0.982     0.050
 5    -0.734     0.102     0.671
 6   125.368    29.175   -15.038
 6    -0.630    -0.586     0.512
 6    -0.743     0.263    -0.615
 6     0.225    -0.766    -0.600
 7   111.115   -16.789   -12.583
 7     0.455     0.255     0.853
 7    -0.704     0.689     0.169
 7    -0.545    -0.678     0.493
 8   130.702   -39.961   -44.055
 8     0.517     0.308     0.798
 8    -0.096     0.948    -0.304
 8    -0.850     0.081     0.519
 9   123.042   -35.845   -22.300
 9    -0.391     0.830     0.401
 9     0.818     0.113     0.563
 9     0.422     0.546    -0.723
 2    98.869   -18.754    59.126
 2     0.645    -0.765     0.003
 2     0.764     0.644     0.032
 2    -0.026    -0.019     0.999
 3   105.943    -3.039     3.192
 3     0.049    -0.005     0.999
 3    -0.168     0.986     0.013
 3    -0.985    -0.168     0.047
 4   109.762    10.682   -14.896
 4     0.579    -0.457     0.677
 4     0.771     0.576    -0.271
 4    -0.267     0.678     0.684
 5   135.277    31.616   -40.856
 5     0.599    -0.088     0.796
 5     0.087     0.995     0.050
 5    -0.796     0.039     0.603
 6   125.623    28.156   -17.524
 6    -0.642    -0.625     0.446
 6    -0.697     0.232    -0.678
 6     0.320    -0.745    -0.583
 7   110.490   -16.902   -12.494
 7     0.438     0.221     0.871
 7    -0.685     0.709     0.165
 7    -0.582    -0.669     0.462
 8   129.734   -34.552   -47.108
 8     0.466     0.267     0.843
 8     0.050     0.943    -0.328
 8    -0.883     0.195     0.426
 9   123.898   -34.427   -24.863
 9    -0.430     0.844     0.322
 9     0.742     0.128     0.657
 9     0.514     0.521    -0.681
 2    98.869   -18.755    59.126
 2     0.645    -0.765     0.003
 2     0.763     0.644     0.032
 2    -0.026    -0.019     0.999
 3   105.812    -3.005     3.476
 3     0.035     0.023     0.999
 3    -0.169     0.985    -0.017
 3    -0.985    -0.168     0.039
 4   109.221    10.396   -14.881
 4     0.586    -0.411     0.699
 4     0.745     0.611    -0.267
 4    -0.318     0.677     0.663
 5   134.096    26.656   -43.608
 5     0.557     0.003     0.831
 5    -0.051     0.998     0.038
 5    -0.829    -0.065     0.554
 6   125.838    27.017   -19.643
 6    -0.656    -0.649     0.387
 6    -0.633     0.194    -0.749
 6     0.411    -0.736    -0.537
 7   109.950   -17.159   -12.340
 7     0.429     0.199     0.881
 7    -0.666     0.728     0.159
 7    -0.610    -0.655     0.445
 8   129.434   -29.755   -48.702
 8     0.449     0.262     0.854
 8     0.169     0.913    -0.371
 8    -0.878     0.311     0.365
 9   124.219   -33.445   -26.771
 9    -0.457     0.846     0.274
 9     0.668     0.124     0.733
 9     0.586     0.517    -0.623
 2    98.918   -18.754    59.126
 2     0.645    -0.765     0.004
 2     0.764     0.644     0.032
 2    -0.026    -0.018     0.999
 3   105.663    -3.182     3.684
 3     0.023     0.043     0.999
 3    -0.184     0.982    -0.038
 3    -0.983    -0.183     0.030
 4   108.785     9.870   -14.945
 4     0.587    -0.384     0.714
 4     0.726     0.637    -0.256
 4    -0.357     0.669     0.652
 5   133.580    23.614   -45.154
 5     0.532     0.048     0.847
 5    -0.123     0.991     0.028
 5    -0.838    -0.121     0.531
 6   125.979    25.910   -20.939
 6    -0.665    -0.661     0.350
 6    -0.595     0.186    -0.781
 6     0.451    -0.727    -0.517
 7   109.485   -17.638   -12.126
 7     0.415     0.179     0.892
 7    -0.656     0.738     0.157
 7    -0.631    -0.650     0.423
 8   128.436   -26.943   -50.140
 8     0.417     0.264     0.869
 8     0.238     0.891    -0.386
 8    -0.877     0.369     0.308
 9   124.537   -32.423   -28.432
 9    -0.470     0.856     0.215
 9     0.601     0.133     0.787
 9     0.645     0.499    -0.578
 2    98.869   -18.754    59.126
 2     0.645    -0.765     0.003
 2     0.764     0.644     0.032
 2    -0.026    -0.019     0.999
 3   105.592    -3.461     3.873
 3     0.013     0.058     0.998
 3    -0.193     0.979    -0.055
 3    -0.981    -0.192     0.024
 4   108.574     9.379   -15.039
 4     0.592    -0.358     0.723
 4     0.708     0.658    -0.255
 4    -0.385     0.662     0.642
 5   133.401    21.485   -45.856
 5     0.516     0.081     0.854
 5    -0.165     0.985     0.014
 5    -0.840    -0.150     0.519
 6   126.163    25.073   -21.727
 6    -0.677    -0.665     0.316
 6    -0.561     0.188    -0.806
 6     0.477    -0.722    -0.500
 7   109.063   -17.786   -11.999
 7     0.408     0.161     0.899
 7    -0.640     0.752     0.156
 7    -0.651    -0.639     0.409
 8   128.106   -23.763   -51.011
 8     0.399     0.267     0.877
 8     0.298     0.866    -0.401
 8    -0.867     0.422     0.265
 9   125.105   -30.999   -29.771
 9    -0.500     0.854     0.146
 9     0.516     0.157     0.842
 9     0.696     0.496    -0.519
 2    98.868   -18.755    59.126
 2     0.645    -0.765     0.004
 2     0.764     0.644     0.032
 2    -0.026    -0.018     0.999
 3   105.511    -3.466     4.023
 3     0.007     0.065     0.998
 3    -0.194     0.979    -0.062
 3    -0.981    -0.193     0.020
 4   108.288     9.285   -14.947
 4     0.592    -0.341     0.730
 4     0.699     0.666    -0.257
 4    -0.400     0.663     0.632
 5   132.939    20.216   -46.559
 5     0.498     0.112     0.861
 5    -0.193     0.980    -0.007
 5    -0.845    -0.165     0.507
 6   126.179    24.721   -22.137
 6    -0.680    -0.672     0.296
 6    -0.543     0.189    -0.818
 6     0.494    -0.716    -0.493
 7   108.953   -17.748   -11.947
 7     0.406     0.143     0.902
 7    -0.626     0.762     0.161
 7    -0.665    -0.631     0.399
 8   127.845   -21.860   -51.474
 8     0.380     0.250     0.890
 8     0.327     0.864    -0.383
 8    -0.865     0.437     0.245
 9   125.506   -30.076   -30.414
 9    -0.512     0.853     0.102
 9     0.475     0.182     0.860
 9     0.715     0.489    -0.499
 2    98.869   -18.754    59.126
 2     0.645    -0.765     0.003
 2     0.764     0.644     0.032
 2    -0.026    -0.019     0.999
 3   105.450    -3.469     4.115
 3     0.003     0.070     0.997
 3    -0.193     0.979    -0.068
 3    -0.981    -0.193     0.017
 4   108.014     9.262   -14.941
 4     0.590    -0.322     0.741
 4     0.689     0.677    -0.255
 4    -0.420     0.661     0.621
 5   132.278    18.852   -47.187
 5     0.481     0.128     0.869
 5    -0.226     0.973    -0.011
 5    -0.847    -0.193     0.493
 6   126.053    24.320   -22.822
 6    -0.679    -0.680     0.279
 6    -0.523     0.181    -0.833
 6     0.516    -0.711    -0.478
 7   108.764   -17.881   -11.785
 7     0.403     0.127     0.906
 7    -0.620     0.766     0.168
 7    -0.673    -0.630     0.388
 8   127.654   -20.281   -51.674
 8     0.367     0.241     0.898
 8     0.356     0.855    -0.376
 8    -0.859     0.458     0.227
 9   125.722   -29.595   -30.679
 9    -0.523     0.849     0.073
 9     0.440     0.194     0.877
 9     0.730     0.491    -0.475
 2    98.869   -18.755    59.126
 2     0.645    -0.765     0.004
 2     0.763     0.644     0.032
 2    -0.026    -0.018     0.999
 3   105.244    -3.551     4.316
 3    -0.003     0.076     0.997
 3    -0.195     0.978    -0.075
 3    -0.981    -0.195     0.013
 4   107.707     9.017   -14.950
 4     0.589    -0.312     0.746
 4     0.682     0.686    -0.252
 4    -0.434     0.657     0.615
 5   132.157    18.189   -47.303
 5     0.477     0.137     0.870
 5    -0.242     0.969    -0.012
 5    -0.845    -0.207     0.491
 6   126.011    24.012   -22.933
 6    -0.682    -0.679     0.272
 6    -0.513     0.180    -0.839
 6     0.520    -0.712    -0.471
 7   108.472   -18.069   -11.694
 7     0.396     0.116     0.911
 7    -0.615     0.770     0.170
 7    -0.682    -0.627     0.376
 8   127.265   -18.413   -51.848
 8     0.351     0.230     0.907
 8     0.393     0.842    -0.368
 8    -0.850     0.487     0.204
 9   125.725   -28.958   -31.260
 9    -0.528     0.848     0.046
 9     0.401     0.200     0.893
 9     0.748     0.490    -0.446
 2    98.919   -18.754    59.126
 2     0.645    -0.765     0.003
 2     0.764     0.644     0.032
 2    -0.026    -0.019     0.999
 3   105.185    -3.500     4.432
 3    -0.006     0.078     0.997
 3    -0.193     0.978    -0.078
 3    -0.981    -0.193     0.009
 4   107.614     9.106   -14.875
 4     0.593    -0.298     0.749
 4     0.673     0.692    -0.259
 4    -0.442     0.657     0.610
 5   131.805    17.061   -47.678
 5     0.464     0.157     0.874
 5    -0.274     0.960    -0.021
 5    -0.843    -0.232     0.484
 6   125.932    23.784   -23.195
 6    -0.683    -0.681     0.264
 6    -0.502     0.176    -0.847
 6     0.530    -0.711    -0.461
 7   108.379   -17.999   -11.617
 7     0.396     0.105     0.912
 7    -0.607     0.775     0.174
 7    -0.689    -0.623     0.371
 8   127.278   -17.031   -51.855
 8     0.342     0.217     0.914
 8     0.422     0.833    -0.358
 8    -0.839     0.509     0.192
 9   126.064   -28.361   -31.442
 9    -0.539     0.842     0.023
 9     0.371     0.211     0.904
 9     0.755     0.496    -0.427
 2    98.869   -18.754    59.126
 2     0.645    -0.765     0.003
 2     0.764     0.644     0.032
 2    -0.026    -0.019     0.999
 3   105.139    -3.500     4.436
 3    -0.007     0.078     0.997
 3    -0.193     0.978    -0.078
 3    -0.981    -0.193     0.008
 4   107.561     9.105   -14.872
 4     0.593    -0.297     0.749
 4     0.673     0.692    -0.258
 4    -0.443     0.657     0.609
 5   131.915    17.013   -47.534
 5     0.465     0.159     0.873
 5    -0.276     0.959    -0.021
 5    -0.841    -0.234     0.486
 6   125.968    23.804   -23.073
 6    -0.687    -0.676     0.268
 6    -0.503     0.176    -0.846
 6     0.525    -0.715    -0.460
 7   108.322   -18.002   -11.579
 7     0.396     0.100     0.913
 7    -0.604     0.777     0.176
 7    -0.692    -0.621     0.368
 8   127.473   -16.327   -51.667
 8     0.342     0.207     0.916
 8     0.436     0.828    -0.351
 8    -0.832     0.521     0.191
 9   126.141   -28.079   -31.437
 9    -0.546     0.838     0.018
 9     0.359     0.213     0.908
 9     0.757     0.502    -0.418
 2    98.868   -18.755    59.126
 2     0.645    -0.765     0.004
 2     0.764     0.644     0.032
 2    -0.026    -0.018     0.999
 3   105.089    -3.425     4.487
 3    -0.007     0.079     0.997
 3    -0.192     0.978    -0.079
 3    -0.981    -0.192     0.008
 4   107.568     9.235   -14.830
 4     0.594    -0.297     0.748
 4     0.673     0.691    -0.261
 4    -0.440     0.658     0.610
 5   132.395    17.353   -47.133
 5     0.475     0.163     0.868
 5    -0.273     0.960    -0.023
 5    -0.837    -0.228     0.495
 6   126.104    24.022   -22.580
 6    -0.693    -0.666     0.276
 6    -0.510     0.183    -0.840
 6     0.509    -0.723    -0.466
 7   108.323   -17.950   -11.585
 7     0.397     0.102     0.912
 7    -0.604     0.777     0.176
 7    -0.691    -0.620     0.370
 8   127.730   -16.480   -51.532
 8     0.344     0.201     0.916
 8     0.435     0.830    -0.347
 8    -0.832     0.520     0.198
 9   126.324   -28.321   -31.042
 9    -0.554     0.832     0.020
 9     0.369     0.223     0.902
 9     0.746     0.507    -0.431
 2    98.869   -18.754    59.152
 2     0.645    -0.765     0.003
 2     0.764     0.644     0.032
 2    -0.026    -0.019     0.999
 3   105.129    -3.379     4.451
 3    -0.007     0.077     0.997
 3    -0.191     0.978    -0.077
 3    -0.982    -0.191     0.008
 4   107.706     9.511   -14.755
 4     0.591    -0.315     0.743
 4     0.687     0.679    -0.259
 4    -0.423     0.663     0.617
 5   133.262    19.275   -46.133
 5     0.497     0.152     0.856
 5    -0.233     0.971    -0.029
 5    -0.836    -0.186     0.515
 6   126.113    24.771   -21.397
 6    -0.697    -0.649     0.306
 6    -0.544     0.200    -0.815
 6     0.468    -0.734    -0.492
 7   108.445   -17.811   -11.582
 7     0.404     0.116     0.907
 7    -0.612     0.771     0.174
 7    -0.680    -0.625     0.383
 8   129.044   -19.728   -50.522
 8     0.379     0.194     0.904
 8     0.366     0.865    -0.341
 8    -0.850     0.461     0.255
 9   126.272   -29.814   -29.131
 9    -0.563     0.824     0.068
 9     0.453     0.237     0.859
 9     0.691     0.514    -0.508
 2    98.869   -18.754    59.126
 2     0.645    -0.765     0.003
 2     0.764     0.644     0.032
 2    -0.026    -0.019     0.999
 3   105.091    -3.150     4.430
 3    -0.009     0.062     0.998
 3    -0.181     0.981    -0.062
 3    -0.983    -0.182     0.002
 4   108.013    10.263   -14.620
 4     0.591    -0.365     0.720
 4     0.719     0.641    -0.266
 4    -0.365     0.675     0.641
 5   135.415    25.001   -42.254
 5     0.572     0.116     0.814
 5    -0.110     0.991    -0.055
 5    -0.813    -0.060     0.578
 6   125.868    27.044   -17.164
 6    -0.704    -0.587     0.401
 6    -0.634     0.266    -0.726
 6     0.319    -0.764    -0.559
 7   108.925   -17.456   -11.737
 7     0.417     0.179     0.891
 7    -0.659     0.734     0.160
 7    -0.626    -0.654     0.424
 8   130.432   -29.114   -46.002
 8     0.433     0.108     0.895
 8     0.227     0.947    -0.228
 8    -0.872     0.303     0.383
 9   124.617   -34.510   -22.871
 9    -0.536     0.812     0.233
 9     0.665     0.236     0.708
 9     0.520     0.534    -0.666
 2    98.869   -18.754    59.126
 2     0.645    -0.765     0.003
 2     0.764     0.644     0.032
 2    -0.026    -0.019     0.999
 3   105.085    -2.886     3.997
 3    -0.014     0.010     1.000
 3    -0.176     0.984    -0.012
 3    -0.984    -0.176    -0.012
 4   109.155    11.482   -14.425
 4     0.580    -0.480     0.659
 4     0.782     0.552    -0.288
 4    -0.226     0.682     0.695
 5   141.267    37.291   -28.195
 5     0.782    -0.030     0.622
 5     0.164     0.974    -0.157
 5    -0.600     0.226     0.767
 6   124.349    29.934    -6.914
 6    -0.659    -0.377     0.652
 6    -0.749     0.405    -0.524
 6    -0.067    -0.833    -0.549
 7   109.583   -17.536   -11.744
 7     0.417     0.306     0.856
 7    -0.756     0.639     0.139
 7    -0.505    -0.705     0.498
 8   133.491   -40.276   -33.182
 8     0.612    -0.048     0.790
 8     0.061     0.998     0.007
 8    -0.788     0.044     0.613
 9   120.364   -38.913   -10.269
 9    -0.465     0.716     0.523
 9     0.873     0.273     0.404
 9     0.147     0.643    -0.751
 2    98.868   -18.755    59.126
 2     0.645    -0.765     0.004
 2     0.764     0.644     0.032
 2    -0.026    -0.018     0.999
 3   105.181    -2.503     3.134
 3     0.011    -0.050     0.999
 3    -0.175     0.983     0.051
 3    -0.984    -0.175     0.002
 4   111.006    13.239   -13.842
 4     0.574    -0.550     0.608
 4     0.818     0.420    -0.392
 4    -0.040     0.721     0.690
 5   144.860    45.518     0.114
 5     0.918    -0.332     0.215
 5     0.395     0.789    -0.470
 5    -0.014     0.516     0.856
 6   121.002    29.724     6.702
 6    -0.519    -0.064     0.852
 6    -0.658     0.666    -0.350
 6    -0.545    -0.743    -0.388
 7   112.084   -17.366   -12.253
 7     0.467     0.482     0.743
 7    -0.830     0.527     0.179
 7    -0.305    -0.700     0.645
 8   137.785   -46.888    -7.054
 8     0.902    -0.015     0.432
 8    -0.184     0.892     0.410
 8    -0.391    -0.451     0.802
 9   113.339   -35.766     6.367
 9    -0.341     0.466     0.817
 9     0.849     0.523     0.056
 9    -0.402     0.713    -0.574
 2    98.869   -18.754    59.126
 2     0.645    -0.765     0.003
 2     0.764     0.644     0.032
 2    -0.026    -0.019     0.999
 3   106.429    -2.079     1.250
 3     0.128    -0.126     0.984
 3    -0.154     0.977     0.145
 3    -0.980    -0.170     0.105
 4   115.053    15.236   -14.143
 4     0.563    -0.672     0.482
 4     0.813     0.348    -0.466
 4     0.146     0.653     0.742
 5   140.568    42.163    23.887
 5     0.711    -0.579    -0.405
 5     0.276     0.754    -0.593
 5     0.647     0.311     0.696
 6   117.108    27.921    13.028
 6    -0.216     0.277     0.937
 6    -0.478     0.807    -0.346
 6    -0.851    -0.521    -0.041
 7   116.552   -18.236   -12.626
 7     0.534     0.655     0.536
 7    -0.842     0.465     0.270
 7    -0.073    -0.595     0.799
 8   137.382   -44.984    21.285
 8     0.836     0.541    -0.090
 8    -0.289     0.571     0.767
 8     0.465    -0.617     0.635
 9   112.184   -31.889    13.341
 9    -0.092     0.034     0.995
 9     0.583     0.812     0.025
 9    -0.807     0.583    -0.094
 2    98.869   -18.754    59.126
 2     0.645    -0.765     0.003
 2     0.764     0.644     0.032
 2    -0.026    -0.019     0.999
 3   107.313    -2.031     0.202
 3     0.173    -0.036     0.984
 3    -0.116     0.991     0.056
 3    -0.978    -0.124     0.167
 4   118.296    16.406   -13.973
 4     0.600    -0.707     0.377
 4     0.768     0.375    -0.518
 4     0.224     0.599     0.768
 5   137.517    32.499    33.253
 5     0.387    -0.264    -0.883
 5    -0.012     0.956    -0.292
 5     0.922     0.124     0.366
 6   116.558    26.625    15.276
 6    -0.056     0.479     0.876
 6    -0.370     0.805    -0.463
 6    -0.927    -0.349     0.133
 7   121.686   -19.599   -12.341
 7     0.677     0.641     0.363
 7    -0.734     0.563     0.378
 7     0.038    -0.521     0.852
 8   137.104   -35.657    34.027
 8     0.521     0.597    -0.615
