2 	  32.70	  -8.82	  22.75
	  0.718	  0.695	 -0.033
	 -0.696	  0.717	 -0.037
	 -0.000	  0.049	  0.999

3 	  45.35	  -0.77	   1.39
	  0.588	 -0.126	  0.799
	  0.003	  0.988	  0.153
	 -0.809	 -0.088	  0.581

4 	  40.31	   6.77	  -2.99
	  0.405	  0.914	  0.019
	 -0.781	  0.334	  0.527
	  0.477	 -0.228	  0.849

5 	  40.20	  11.18	   9.26
	  0.255	  0.360	  0.897
	 -0.682	 -0.592	  0.429
	  0.687	 -0.720	  0.096

6 	  47.55	   9.97	  18.00
	  0.706	 -0.259	  0.659
	 -0.596	  0.290	  0.748
	 -0.389	 -0.920	  0.052

7 	  39.90	  -7.61	  -3.18
	  0.339	 -0.941	 -0.005
	  0.911	  0.329	 -0.249
	  0.236	  0.079	  0.968

8 	  39.78	 -10.07	   9.40
	  0.391	 -0.114	  0.913
	  0.250	 -0.942	 -0.224
	  0.886	  0.315	 -0.339

9 	  45.86	 -12.15	  19.25
	  0.621	 -0.017	  0.783
	  0.756	 -0.255	 -0.603
	  0.209	  0.967	 -0.146

2 	  32.70	  -8.82	  22.76
	  0.718	  0.695	 -0.033
	 -0.696	  0.717	 -0.037
	 -0.000	  0.049	  0.999

3 	  45.30	  -0.72	   1.41
	  0.588	 -0.127	  0.799
	 -0.000	  0.987	  0.157
	 -0.809	 -0.093	  0.580

4 	  40.27	   6.80	  -2.99
	  0.405	  0.914	  0.026
	 -0.781	  0.330	  0.530
	  0.477	 -0.234	  0.847

5 	  40.18	  11.16	   9.26
	  0.258	  0.360	  0.897
	 -0.679	 -0.594	  0.431
	  0.689	 -0.719	  0.093

6 	  47.55	   9.97	  18.00
	  0.707	 -0.258	  0.658
	 -0.596	  0.287	  0.750
	 -0.386	 -0.921	  0.051

7 	  39.85	  -7.59	  -3.18
	  0.340	 -0.940	 -0.004
	  0.910	  0.330	 -0.249
	  0.236	  0.080	  0.968

8 	  39.74	 -10.05	   9.40
	  0.395	 -0.123	  0.910
	  0.242	 -0.942	 -0.231
	  0.887	  0.311	 -0.342

9 	  46.00	 -12.23	  19.14
	  0.636	 -0.042	  0.770
	  0.741	 -0.244	 -0.625
	  0.214	  0.969	 -0.125

2 	  32.70	  -8.82	  22.76
	  0.718	  0.695	 -0.033
	 -0.696	  0.717	 -0.037
	 -0.000	  0.049	  0.999

3 	  45.26	  -0.72	   1.37
	  0.590	 -0.129	  0.797
	 -0.001	  0.987	  0.160
	 -0.807	 -0.095	  0.582

4 	  40.24	   6.80	  -3.02
	  0.412	  0.910	  0.034
	 -0.775	  0.329	  0.539
	  0.481	 -0.248	  0.841

5 	  40.10	  11.34	   9.05
	  0.260	  0.396	  0.880
	 -0.641	 -0.612	  0.463
	  0.724	 -0.683	  0.096

6 	  47.69	  10.51	  17.60
	  0.725	 -0.233	  0.648
	 -0.579	  0.306	  0.755
	 -0.377	 -0.922	  0.088

7 	  39.80	  -7.59	  -3.22
	  0.345	 -0.938	 -0.005
	  0.907	  0.335	 -0.255
	  0.241	  0.082	  0.967

8 	  39.74	 -10.18	   9.33
	  0.403	 -0.155	  0.902
	  0.210	 -0.944	 -0.255
	  0.891	  0.291	 -0.348

9 	  46.20	 -12.43	  18.97
	  0.648	 -0.052	  0.760
	  0.733	 -0.230	 -0.640
	  0.207	  0.972	 -0.111

2 	  32.70	  -8.82	  22.76
	  0.718	  0.695	 -0.033
	 -0.696	  0.717	 -0.037
	 -0.000	  0.050	  0.999

3 	  45.30	  -0.72	   1.35
	  0.591	 -0.127	  0.796
	 -0.000	  0.987	  0.157
	 -0.807	 -0.094	  0.583

4 	  40.27	   6.79	  -3.04
	  0.412	  0.910	  0.034
	 -0.776	  0.329	  0.538
	  0.479	 -0.248	  0.842

5 	  40.13	  11.41	   8.95
	  0.258	  0.405	  0.877
	 -0.639	 -0.611	  0.467
	  0.727	 -0.679	  0.102

6 	  47.71	  10.62	  17.49
	  0.725	 -0.232	  0.648
	 -0.578	  0.311	  0.755
	 -0.379	 -0.921	  0.093

7 	  39.85	  -7.59	  -3.25
	  0.349	 -0.937	 -0.007
	  0.905	  0.339	 -0.255
	  0.242	  0.083	  0.967

8 	  39.87	 -10.27	   9.23
	  0.401	 -0.177	  0.899
	  0.196	 -0.942	 -0.271
	  0.896	  0.283	 -0.343

9 	  46.41	 -12.69	  18.74
	  0.657	 -0.071	  0.750
	  0.719	 -0.240	 -0.652
	  0.225	  0.968	 -0.107

2 	  32.70	  -8.82	  22.75
	  0.718	  0.695	 -0.033
	 -0.696	  0.717	 -0.037
	 -0.000	  0.049	  0.999

3 	  45.39	  -0.76	   1.28
	  0.592	 -0.125	  0.796
	  0.004	  0.988	  0.151
	 -0.806	 -0.086	  0.585

4 	  40.34	   6.75	  -3.11
	  0.417	  0.908	  0.035
	 -0.774	  0.333	  0.538
	  0.478	 -0.251	  0.841

5 	  40.18	  11.50	   8.81
	  0.257	  0.416	  0.872
	 -0.637	 -0.607	  0.475
	  0.728	 -0.676	  0.109

6 	  47.76	  10.85	  17.35
	  0.720	 -0.220	  0.657
	 -0.581	  0.329	  0.744
	 -0.384	 -0.917	  0.110

7 	  39.88	  -7.59	  -3.27
	  0.353	 -0.935	 -0.010
	  0.904	  0.344	 -0.254
	  0.242	  0.080	  0.967

8 	  40.06	 -10.51	   9.18
	  0.406	 -0.223	  0.886
	  0.164	 -0.937	 -0.309
	  0.900	  0.270	 -0.343

9 	  46.60	 -13.43	  18.42
	  0.656	 -0.118	  0.745
	  0.715	 -0.221	 -0.663
	  0.243	  0.968	 -0.061

2 	  32.70	  -8.82	  22.76
	  0.718	  0.695	 -0.033
	 -0.697	  0.716	 -0.037
	 -0.000	  0.050	  0.999

3 	  45.39	  -0.74	   1.25
	  0.593	 -0.123	  0.795
	  0.006	  0.989	  0.148
	 -0.805	 -0.084	  0.587

4 	  40.27	   6.71	  -3.20
	  0.411	  0.911	  0.031
	 -0.776	  0.330	  0.537
	  0.481	 -0.244	  0.842

5 	  39.97	  11.62	   8.58
	  0.238	  0.460	  0.855
	 -0.599	 -0.625	  0.500
	  0.766	 -0.630	  0.128

6 	  47.36	  12.22	  17.31
	  0.705	 -0.117	  0.699
	 -0.632	  0.349	  0.692
	 -0.329	 -0.928	  0.173

7 	  39.90	  -7.56	  -3.36
	  0.367	 -0.930	 -0.032
	  0.901	  0.363	 -0.238
	  0.233	  0.058	  0.971

8 	  40.15	 -11.27	   8.79
	  0.405	 -0.360	  0.840
	  0.053	 -0.909	 -0.414
	  0.913	  0.211	 -0.349

9 	  46.56	 -15.66	  17.31
	  0.645	 -0.253	  0.721
	  0.702	 -0.177	 -0.690
	  0.303	  0.951	  0.063

2 	  32.70	  -8.82	  22.75
	  0.718	  0.695	 -0.033
	 -0.697	  0.716	 -0.037
	 -0.000	  0.049	  0.999

3 	  45.33	  -0.69	   1.20
	  0.599	 -0.113	  0.792
	 -0.003	  0.990	  0.143
	 -0.801	 -0.089	  0.592

4 	  40.01	   6.61	  -3.39
	  0.390	  0.921	  0.010
	 -0.779	  0.323	  0.537
	  0.492	 -0.217	  0.843

5 	  39.97	  11.94	   8.12
	  0.246	  0.526	  0.814
	 -0.520	 -0.639	  0.567
	  0.819	 -0.561	  0.117

6 	  47.18	  14.43	  16.61
	  0.692	  0.063	  0.719
	 -0.684	  0.378	  0.624
	 -0.236	 -0.922	  0.306

7 	  39.80	  -7.37	  -3.74
	  0.348	 -0.931	 -0.106
	  0.914	  0.362	 -0.180
	  0.206	 -0.035	  0.978

8 	  40.15	 -12.27	   7.82
	  0.400	 -0.521	  0.754
	 -0.080	 -0.839	 -0.538
	  0.913	  0.155	 -0.378

9 	  45.98	 -18.91	  14.96
	  0.604	 -0.475	  0.640
	  0.667	 -0.141	 -0.731
	  0.440	  0.867	  0.231

2 	  32.70	  -8.82	  22.75
	  0.719	  0.694	 -0.033
	 -0.696	  0.717	 -0.037
	 -0.000	  0.049	  0.999

3 	  45.32	  -0.65	   1.12
	  0.600	 -0.103	  0.793
	 -0.012	  0.990	  0.138
	 -0.800	 -0.093	  0.592

4 	  39.59	   6.42	  -3.71
	  0.370	  0.929	 -0.017
	 -0.774	  0.317	  0.548
	  0.516	 -0.189	  0.835

5 	  40.27	  12.18	   7.63
	  0.301	  0.592	  0.748
	 -0.372	 -0.651	  0.662
	  0.879	 -0.476	  0.024

6 	  47.29	  16.96	  14.99
	  0.696	  0.294	  0.655
	 -0.716	  0.366	  0.594
	 -0.068	 -0.882	  0.466

7 	  39.55	  -7.07	  -4.06
	  0.309	 -0.936	 -0.170
	  0.938	  0.329	 -0.108
	  0.157	 -0.126	  0.979

8 	  39.92	 -13.13	   6.77
	  0.389	 -0.662	  0.641
	 -0.241	 -0.744	 -0.623
	  0.889	  0.088	 -0.448

9 	  45.09	 -21.59	  12.08
	  0.547	 -0.676	  0.494
	  0.578	 -0.125	 -0.807
	  0.610	  0.724	  0.319

2 	  32.70	  -8.82	  22.75
	  0.718	  0.695	 -0.033
	 -0.696	  0.717	 -0.037
	 -0.000	  0.049	  0.999

3 	  45.18	  -0.62	   0.93
	  0.612	 -0.095	  0.785
	 -0.027	  0.990	  0.140
	 -0.791	 -0.107	  0.602

4 	  38.90	   6.17	  -3.80
	  0.347	  0.936	 -0.056
	 -0.760	  0.314	  0.569
	  0.551	 -0.154	  0.820

5 	  40.48	  12.50	   6.96
	  0.356	  0.648	  0.673
	 -0.246	 -0.632	  0.735
	  0.902	 -0.425	 -0.067

6 	  47.32	  18.72	  13.15
	  0.696	  0.448	  0.561
	 -0.715	  0.357	  0.600
	  0.068	 -0.819	  0.569

7 	  39.11	  -6.77	  -4.25
	  0.252	 -0.941	 -0.227
	  0.959	  0.274	 -0.072
	  0.130	 -0.200	  0.971

8 	  39.69	 -13.76	   5.68
	  0.385	 -0.758	  0.526
	 -0.354	 -0.647	 -0.676
	  0.853	  0.074	 -0.516

9 	  44.12	 -23.36	   9.32
	  0.474	 -0.806	  0.355
	  0.515	 -0.076	 -0.854
	  0.717	  0.586	  0.377

2 	  32.70	  -8.82	  22.76
	  0.718	  0.695	 -0.033
	 -0.696	  0.717	 -0.037
	 -0.000	  0.049	  0.999

3 	  44.95	  -0.47	   0.72
	  0.627	 -0.078	  0.775
	 -0.055	  0.988	  0.144
	 -0.777	 -0.133	  0.615

4 	  38.00	   5.89	  -3.90
	  0.309	  0.943	 -0.124
	 -0.733	  0.318	  0.601
	  0.607	 -0.095	  0.789

5 	  40.76	  12.94	   6.03
	  0.426	  0.710	  0.560
	 -0.086	 -0.585	  0.806
	  0.901	 -0.391	 -0.189

6 	  47.83	  20.09	  10.42
	  0.732	  0.547	  0.406
	 -0.648	  0.375	  0.662
	  0.211	 -0.749	  0.628

7 	  38.62	  -6.49	  -4.36
	  0.212	 -0.938	 -0.274
	  0.967	  0.242	 -0.083
	  0.144	 -0.247	  0.958

8 	  39.53	 -14.31	   4.66
	  0.395	 -0.823	  0.409
	 -0.440	 -0.559	 -0.703
	  0.807	  0.097	 -0.581

9 	  43.58	 -24.52	   6.68
	  0.433	 -0.874	  0.220
	  0.444	 -0.008	 -0.896
	  0.786	  0.484	  0.382

2 	  32.70	  -8.82	  22.76
	  0.718	  0.695	 -0.033
	 -0.696	  0.717	 -0.037
	 -0.000	  0.049	  0.999

3 	  44.61	  -0.46	   0.40
	  0.650	 -0.071	  0.757
	 -0.072	  0.985	  0.153
	 -0.757	 -0.154	  0.635

4 	  37.34	   5.68	  -3.97
	  0.292	  0.938	 -0.188
	 -0.694	  0.342	  0.634
	  0.659	 -0.055	  0.750

5 	  41.19	  13.38	   4.89
	  0.491	  0.756	  0.432
	  0.078	 -0.532	  0.843
	  0.868	 -0.380	 -0.320

6 	  48.39	  21.15	   7.24
	  0.750	  0.619	  0.230
	 -0.560	  0.410	  0.720
	  0.353	 -0.670	  0.653

7 	  38.11	  -6.36	  -4.48
	  0.184	 -0.930	 -0.319
	  0.956	  0.244	 -0.160
	  0.227	 -0.277	  0.934

8 	  39.62	 -14.82	   3.48
	  0.425	 -0.859	  0.284
	 -0.492	 -0.482	 -0.725
	  0.761	  0.168	 -0.627

9 	  43.65	 -25.24	   3.73
	  0.419	 -0.905	  0.071
	  0.373	  0.098	 -0.922
	  0.829	  0.412	  0.376

2 	  32.70	  -8.82	  22.76
	  0.718	  0.695	 -0.033
	 -0.696	  0.717	 -0.037
	 -0.000	  0.049	  0.999

3 	  44.33	  -0.33	   0.18
	  0.673	 -0.067	  0.736
	 -0.084	  0.982	  0.165
	 -0.735	 -0.173	  0.656

4 	  36.79	   5.64	  -3.99
	  0.288	  0.928	 -0.236
	 -0.643	  0.369	  0.671
	  0.710	 -0.041	  0.702

5 	  41.75	  13.68	   3.83
	  0.555	  0.767	  0.320
	  0.186	 -0.490	  0.851
	  0.810	 -0.413	 -0.415

6 	  49.06	  21.50	   4.69
	  0.772	  0.630	  0.083
	 -0.446	  0.444	  0.777
	  0.453	 -0.638	  0.623

7 	  37.69	  -6.15	  -4.55
	  0.156	 -0.917	 -0.367
	  0.939	  0.253	 -0.232
	  0.305	 -0.309	  0.901

8 	  39.80	 -15.26	   2.13
	  0.457	 -0.876	  0.152
	 -0.537	 -0.407	 -0.739
	  0.710	  0.256	 -0.656

9 	  43.88	 -25.56	   0.58
	  0.414	 -0.907	 -0.080
	  0.295	  0.216	 -0.931
	  0.862	  0.361	  0.355

2 	  32.70	  -8.82	  22.76
	  0.718	  0.695	 -0.033
	 -0.696	  0.717	 -0.037
	 -0.000	  0.049	  0.999

3 	  44.12	  -0.26	  -0.02
	  0.688	 -0.073	  0.722
	 -0.085	  0.980	  0.178
	 -0.721	 -0.184	  0.668

4 	  36.49	   5.61	  -4.08
	  0.296	  0.914	 -0.277
	 -0.593	  0.403	  0.697
	  0.750	 -0.042	  0.660

5 	  42.06	  13.83	   3.02
	  0.593	  0.764	  0.254
	  0.231	 -0.464	  0.855
	  0.771	 -0.449	 -0.451

6 	  49.48	  21.53	   2.99
	  0.780	  0.625	  0.005
	 -0.387	  0.476	  0.789
	  0.492	 -0.618	  0.612

7 	  37.42	  -5.96	  -4.64
	  0.134	 -0.901	 -0.412
	  0.924	  0.264	 -0.276
	  0.358	 -0.345	  0.868

8 	  39.97	 -15.38	   0.90
	  0.476	 -0.878	  0.049
	 -0.576	 -0.352	 -0.738
	  0.666	  0.323	 -0.672

9 	  43.88	 -25.52	  -1.81
	  0.390	 -0.903	 -0.182
	  0.253	  0.293	 -0.922
	  0.886	  0.313	  0.342

2 	  32.70	  -8.82	  22.76
	  0.718	  0.695	 -0.033
	 -0.696	  0.717	 -0.037
	 -0.000	  0.050	  0.999

3 	  43.96	  -0.16	  -0.14
	  0.698	 -0.077	  0.711
	 -0.084	  0.978	  0.188
	 -0.711	 -0.191	  0.677

4 	  36.25	   5.68	  -4.03
	  0.292	  0.907	 -0.302
	 -0.558	  0.417	  0.718
	  0.778	 -0.041	  0.627

5 	  42.31	  13.96	   2.43
	  0.617	  0.761	  0.198
	  0.279	 -0.448	  0.849
	  0.736	 -0.469	 -0.488

6 	  49.68	  21.57	   1.72
	  0.781	  0.621	 -0.063
	 -0.326	  0.490	  0.808
	  0.534	 -0.611	  0.584

7 	  37.25	  -5.80	  -4.69
	  0.122	 -0.890	 -0.440
	  0.911	  0.276	 -0.306
	  0.394	 -0.364	  0.844

8 	  40.13	 -15.35	   0.16
	  0.495	 -0.869	 -0.017
	 -0.594	 -0.323	 -0.737
	  0.636	  0.374	 -0.674

9 	  44.03	 -25.29	  -3.38
	  0.388	 -0.888	 -0.247
	  0.221	  0.348	 -0.911
	  0.895	  0.298	  0.330

2 	  32.70	  -8.82	  22.76
	  0.718	  0.695	 -0.033
	 -0.697	  0.716	 -0.037
	 -0.000	  0.050	  0.999

3 	  43.88	  -0.09	  -0.21
	  0.708	 -0.081	  0.702
	 -0.081	  0.978	  0.194
	 -0.702	 -0.194	  0.685

4 	  36.16	   5.71	  -4.03
	  0.296	  0.901	 -0.318
	 -0.532	  0.431	  0.728
	  0.793	 -0.047	  0.607

5 	  42.40	  14.03	   2.07
	  0.630	  0.757	  0.169
	  0.294	 -0.434	  0.851
	  0.719	 -0.487	 -0.496

6 	  49.83	  21.53	   0.90
	  0.784	  0.613	 -0.101
	 -0.297	  0.512	  0.806
	  0.546	 -0.603	  0.582

7 	  37.14	  -5.73	  -4.73
	  0.118	 -0.883	 -0.454
	  0.901	  0.287	 -0.323
	  0.416	 -0.371	  0.830

8 	  40.25	 -15.33	  -0.23
	  0.510	 -0.859	 -0.049
	 -0.607	 -0.317	 -0.729
	  0.612	  0.401	 -0.681

9 	  44.21	 -25.12	  -4.03
	  0.386	 -0.881	 -0.274
	  0.173	  0.361	 -0.916
	  0.906	  0.306	  0.291

2 	  32.70	  -8.82	  22.76
	  0.719	  0.694	 -0.033
	 -0.696	  0.717	 -0.037
	 -0.000	  0.049	  0.999

3 	  43.82	  -0.12	  -0.26
	  0.716	 -0.081	  0.693
	 -0.075	  0.979	  0.191
	 -0.694	 -0.189	  0.694

4 	  36.09	   5.66	  -4.01
	  0.296	  0.897	 -0.327
	 -0.520	  0.438	  0.733
	  0.801	 -0.047	  0.596

5 	  42.47	  13.94	   1.99
	  0.639	  0.751	  0.162
	  0.298	 -0.436	  0.849
	  0.709	 -0.494	 -0.503

6 	  49.92	  21.43	   0.74
	  0.784	  0.611	 -0.109
	 -0.285	  0.510	  0.811
	  0.551	 -0.606	  0.573

7 	  36.95	  -5.84	  -4.61
	  0.106	 -0.889	 -0.446
	  0.897	  0.279	 -0.343
	  0.429	 -0.364	  0.827

8 	  40.87	 -15.17	   0.23
	  0.546	 -0.836	 -0.053
	 -0.656	 -0.386	 -0.648
	  0.523	  0.388	 -0.759

9 	  44.84	 -25.03	  -3.11
	  0.367	 -0.894	 -0.257
	 -0.192	  0.200	 -0.961
	  0.911	  0.400	 -0.096

2 	  32.70	  -8.82	  22.75
	  0.718	  0.695	 -0.033
	 -0.697	  0.716	 -0.037
	 -0.000	  0.050	  0.999

3 	  43.73	  -0.21	  -0.32
	  0.736	 -0.077	  0.672
	 -0.062	  0.982	  0.179
	 -0.674	 -0.173	  0.717

4 	  35.93	   5.64	  -3.97
	  0.299	  0.892	 -0.338
	 -0.494	  0.447	  0.745
	  0.817	 -0.056	  0.574

5 	  42.87	  13.55	   2.09
	  0.680	  0.716	  0.155
	  0.314	 -0.476	  0.821
	  0.662	 -0.510	 -0.548

6 	  50.55	  20.74	   0.90
	  0.769	  0.616	 -0.170
	  0.031	  0.231	  0.972
	  0.638	 -0.753	  0.161

7 	  36.77	  -6.01	  -4.46
	  0.114	 -0.898	 -0.426
	  0.884	  0.287	 -0.369
	  0.454	 -0.334	  0.826

8 	  41.40	 -14.92	   0.54
	  0.574	 -0.817	 -0.058
	 -0.696	 -0.449	 -0.560
	  0.432	  0.362	 -0.826

9 	  45.62	 -24.87	  -2.46
	  0.353	 -0.899	 -0.259
	 -0.583	  0.009	 -0.812
	  0.737	  0.435	 -0.517

2 	  32.70	  -8.82	  22.75
	  0.718	  0.695	 -0.033
	 -0.697	  0.716	 -0.037
	 -0.000	  0.050	  0.999

3 	  43.70	  -0.25	  -0.33
	  0.744	 -0.082	  0.663
	 -0.052	  0.982	  0.179
	 -0.667	 -0.167	  0.726

4 	  35.96	   5.66	  -3.92
	  0.313	  0.884	 -0.346
	 -0.472	  0.460	  0.752
	  0.825	 -0.073	  0.561

5 	  43.38	  13.32	   1.93
	  0.715	  0.687	  0.127
	  0.345	 -0.505	  0.791
	  0.608	 -0.522	 -0.598

6 	  51.10	  20.39	   0.44
	  0.743	  0.629	 -0.230
	  0.312	 -0.021	  0.950
	  0.594	 -0.777	 -0.209

7 	  36.77	  -6.06	  -4.41
	  0.113	 -0.898	 -0.425
	  0.874	  0.293	 -0.386
	  0.472	 -0.328	  0.818

8 	  41.71	 -14.89	   0.51
	  0.584	 -0.808	 -0.073
	 -0.717	 -0.470	 -0.515
	  0.383	  0.353	 -0.854

9 	  45.93	 -24.89	  -2.46
	  0.325	 -0.908	 -0.266
	 -0.759	 -0.081	 -0.646
	  0.569	  0.409	 -0.713

2 	  32.70	  -8.82	  22.76
	  0.718	  0.695	 -0.033
	 -0.697	  0.716	 -0.037
	 -0.000	  0.050	  0.999

3 	  43.66	  -0.28	  -0.39
	  0.749	 -0.088	  0.657
	 -0.043	  0.982	  0.181
	 -0.662	 -0.164	  0.732

4 	  35.91	   5.70	  -3.92
	  0.323	  0.873	 -0.364
	 -0.438	  0.478	  0.761
	  0.839	 -0.087	  0.536

5 	  43.75	  13.24	   1.53
	  0.736	  0.670	  0.091
	  0.379	 -0.520	  0.765
	  0.561	 -0.530	 -0.636

6 	  51.42	  20.16	  -0.23
	  0.721	  0.636	 -0.275
	  0.457	 -0.137	  0.879
	  0.523	 -0.759	 -0.387

7 	  36.60	  -5.98	  -4.45
	  0.097	 -0.891	 -0.444
	  0.859	  0.300	 -0.415
	  0.503	 -0.341	  0.794

8 	  41.87	 -14.82	   0.14
	  0.586	 -0.802	 -0.112
	 -0.747	 -0.481	 -0.458
	  0.315	  0.352	 -0.881

9 	  45.91	 -24.84	  -3.18
	  0.300	 -0.909	 -0.289
	 -0.828	 -0.096	 -0.552
	  0.478	  0.402	 -0.781

2 	  32.70	  -8.82	  22.76
	  0.718	  0.695	 -0.033
	 -0.697	  0.716	 -0.037
	 -0.000	  0.050	  0.999

3 	  43.59	  -0.26	  -0.49
	  0.756	 -0.093	  0.647
	 -0.037	  0.982	  0.184
	 -0.654	 -0.163	  0.739

4 	  35.75	   5.71	  -3.90
	  0.323	  0.864	 -0.387
	 -0.407	  0.495	  0.767
	  0.854	 -0.090	  0.511

5 	  43.89	  13.25	   0.97
	  0.747	  0.663	  0.036
	  0.418	 -0.511	  0.751
	  0.517	 -0.547	 -0.658

6 	  51.40	  20.11	  -1.51
	  0.701	  0.627	 -0.338
	  0.522	 -0.129	  0.843
	  0.487	 -0.768	 -0.416

7 	  36.33	  -5.91	  -4.46
	  0.069	 -0.880	 -0.470
	  0.844	  0.303	 -0.442
	  0.531	 -0.367	  0.763

8 	  41.80	 -14.82	  -0.53
	  0.580	 -0.795	 -0.176
	 -0.775	 -0.472	 -0.419
	  0.251	  0.380	 -0.890

9 	  45.63	 -24.77	  -4.54
	  0.269	 -0.901	 -0.341
	 -0.878	 -0.083	 -0.471
	  0.399	  0.424	 -0.813

2 	  32.70	  -8.82	  22.76
	  0.718	  0.695	 -0.033
	 -0.696	  0.717	 -0.037
	 -0.000	  0.050	  0.999

3 	  43.40	  -0.25	  -0.62
	  0.763	 -0.099	  0.639
	 -0.031	  0.981	  0.189
	 -0.646	 -0.165	  0.745

4 	  35.51	   5.73	  -3.85
	  0.315	  0.858	 -0.405
	 -0.377	  0.504	  0.776
	  0.871	 -0.092	  0.482

5 	  43.89	  13.29	   0.54
	  0.757	  0.654	 -0.008
	  0.444	 -0.504	  0.740
	  0.480	 -0.564	 -0.671

6 	  51.40	  19.88	  -2.58
	  0.690	  0.607	 -0.395
	  0.577	 -0.130	  0.806
	  0.440	 -0.784	 -0.438

7 	  36.09	  -5.78	  -4.48
	  0.053	 -0.868	 -0.494
	  0.826	  0.316	 -0.467
	  0.561	 -0.383	  0.733

8 	  41.78	 -14.71	  -1.12
	  0.581	 -0.780	 -0.229
	 -0.789	 -0.473	 -0.391
	  0.197	  0.409	 -0.891

9 	  45.53	 -24.54	  -5.70
	  0.255	 -0.887	 -0.385
	 -0.909	 -0.082	 -0.409
	  0.334	  0.453	 -0.826

2 	  32.70	  -8.82	  22.76
	  0.718	  0.695	 -0.033
	 -0.696	  0.717	 -0.037
	 -0.000	  0.050	  0.999

3 	  43.26	  -0.19	  -0.70
	  0.775	 -0.103	  0.624
	 -0.028	  0.980	  0.196
	 -0.632	 -0.169	  0.756

4 	  35.28	   5.70	  -3.85
	  0.304	  0.851	 -0.428
	 -0.348	  0.516	  0.782
	  0.887	 -0.089	  0.453

5 	  43.86	  13.27	   0.00
	  0.762	  0.645	 -0.056
	  0.475	 -0.496	  0.727
	  0.442	 -0.581	 -0.684

6 	  51.22	  19.78	  -3.73
	  0.670	  0.592	 -0.448
	  0.622	 -0.118	  0.774
	  0.407	 -0.797	 -0.446

7 	  35.86	  -5.73	  -4.48
	  0.031	 -0.856	 -0.516
	  0.811	  0.322	 -0.487
	  0.583	 -0.404	  0.704

8 	  41.71	 -14.66	  -1.71
	  0.578	 -0.766	 -0.281
	 -0.802	 -0.468	 -0.371
	  0.153	  0.440	 -0.885

9 	  45.32	 -24.28	  -7.01
	  0.238	 -0.868	 -0.436
	 -0.930	 -0.073	 -0.360
	  0.283	  0.489	 -0.825

2 	  32.70	  -8.82	  22.76
	  0.718	  0.695	 -0.033
	 -0.696	  0.717	 -0.037
	 -0.000	  0.050	  0.999

3 	  43.10	  -0.19	  -0.83
	  0.782	 -0.105	  0.614
	 -0.027	  0.979	  0.202
	 -0.623	 -0.175	  0.763

4 	  35.02	   5.66	  -3.83
	  0.291	  0.843	 -0.451
	 -0.320	  0.530	  0.785
	  0.901	 -0.084	  0.424

5 	  43.77	  13.31	  -0.63
	  0.761	  0.640	 -0.109
	  0.506	 -0.479	  0.717
	  0.407	 -0.601	 -0.688

6 	  50.96	  19.65	  -5.12
	  0.645	  0.569	 -0.510
	  0.664	 -0.087	  0.743
	  0.380	 -0.817	 -0.432

7 	  35.60	  -5.62	  -4.52
	  0.005	 -0.841	 -0.540
	  0.799	  0.328	 -0.503
	  0.600	 -0.430	  0.674

8 	  41.50	 -14.61	  -2.46
	  0.567	 -0.750	 -0.341
	 -0.816	 -0.455	 -0.356
	  0.112	  0.480	 -0.870

9 	  44.84	 -24.01	  -8.46
	  0.209	 -0.848	 -0.487
	 -0.945	 -0.048	 -0.323
	  0.252	  0.527	 -0.811

2 	  32.70	  -8.82	  22.76
	  0.718	  0.695	 -0.033
	 -0.697	  0.716	 -0.037
	 -0.000	  0.050	  0.999

3 	  42.89	  -0.16	  -0.98
	  0.780	 -0.112	  0.615
	 -0.025	  0.977	  0.209
	 -0.626	 -0.178	  0.759

4 	  34.75	   5.59	  -3.87
	  0.279	  0.832	 -0.479
	 -0.290	  0.548	  0.785
	  0.915	 -0.081	  0.394

5 	  43.65	  13.22	  -1.35
	  0.762	  0.625	 -0.169
	  0.536	 -0.463	  0.705
	  0.364	 -0.629	 -0.687

6 	  50.55	  19.21	  -6.82
	  0.616	  0.525	 -0.587
	  0.705	 -0.035	  0.708
	  0.353	 -0.850	 -0.391

7 	  35.35	  -5.48	  -4.54
	 -0.025	 -0.825	 -0.565
	  0.806	  0.318	 -0.500
	  0.592	 -0.468	  0.656

8 	  41.27	 -14.45	  -3.52
	  0.554	 -0.714	 -0.427
	 -0.831	 -0.444	 -0.336
	  0.051	  0.541	 -0.839

9 	  44.28	 -23.31	 -10.76
	  0.174	 -0.798	 -0.577
	 -0.964	 -0.016	 -0.266
	  0.204	  0.601	 -0.772

2 	  32.70	  -8.82	  22.76
	  0.718	  0.695	 -0.033
	 -0.697	  0.716	 -0.037
	 -0.000	  0.050	  0.999

3 	  42.75	  -0.16	  -1.05
	  0.778	 -0.118	  0.616
	 -0.025	  0.976	  0.217
	 -0.628	 -0.185	  0.756

4 	  34.52	   5.48	  -3.87
	  0.267	  0.821	 -0.504
	 -0.270	  0.566	  0.779
	  0.925	 -0.073	  0.372

5 	  43.54	  13.15	  -2.23
	  0.757	  0.608	 -0.239
	  0.571	 -0.437	  0.695
	  0.319	 -0.663	 -0.678

6 	  50.13	  18.70	  -8.79
	  0.571	  0.469	 -0.674
	  0.755	  0.023	  0.655
	  0.325	 -0.882	 -0.341

7 	  35.23	  -5.41	  -4.57
	 -0.053	 -0.807	 -0.588
	  0.794	  0.322	 -0.514
	  0.604	 -0.495	  0.624

8 	  41.19	 -14.15	  -4.73
	  0.541	 -0.663	 -0.518
	 -0.841	 -0.432	 -0.326
	 -0.009	  0.612	 -0.791

9 	  43.86	 -22.22	 -13.20
	  0.140	 -0.730	 -0.669
	 -0.978	  0.004	 -0.208
	  0.155	  0.683	 -0.714

2 	  32.70	  -8.82	  22.76
	  0.718	  0.695	 -0.033
	 -0.696	  0.717	 -0.037
	 -0.000	  0.049	  0.999

3 	  42.70	  -0.14	  -1.11
	  0.779	 -0.120	  0.615
	 -0.027	  0.974	  0.225
	 -0.627	 -0.192	  0.755

4 	  34.44	   5.48	  -3.87
	  0.262	  0.812	 -0.522
	 -0.248	  0.578	  0.777
	  0.932	 -0.075	  0.353

5 	  43.52	  13.10	  -2.92
	  0.752	  0.589	 -0.295
	  0.598	 -0.421	  0.682
	  0.279	 -0.689	 -0.668

6 	  49.82	  18.02	 -10.42
	  0.533	  0.403	 -0.744
	  0.788	  0.084	  0.610
	  0.309	 -0.911	 -0.272

7 	  35.09	  -5.31	  -4.64
	 -0.080	 -0.789	 -0.609
	  0.780	  0.330	 -0.531
	  0.620	 -0.517	  0.589

8 	  41.20	 -13.69	  -5.66
	  0.538	 -0.608	 -0.584
	 -0.841	 -0.439	 -0.317
	 -0.065	  0.662	 -0.747

9 	  43.73	 -21.11	 -14.73
	  0.125	 -0.677	 -0.725
	 -0.986	 -0.003	 -0.166
	  0.110	  0.736	 -0.668

2 	  32.70	  -8.82	  22.76
	  0.718	  0.695	 -0.033
	 -0.697	  0.716	 -0.037
	 -0.000	  0.050	  0.999

3 	  42.61	  -0.04	  -1.14
	  0.784	 -0.121	  0.608
	 -0.029	  0.972	  0.231
	 -0.620	 -0.198	  0.759

4 	  34.26	   5.47	  -3.85
	  0.251	  0.807	 -0.534
	 -0.234	  0.585	  0.776
	  0.939	 -0.070	  0.336

5 	  43.33	  13.08	  -3.27
	  0.746	  0.579	 -0.328
	  0.608	 -0.393	  0.689
	  0.271	 -0.714	 -0.645

6 	  49.50	  17.35	 -11.41
	  0.511	  0.326	 -0.795
	  0.812	  0.122	  0.570
	  0.284	 -0.937	 -0.202

7 	  35.00	  -5.36	  -4.59
	 -0.104	 -0.787	 -0.609
	  0.768	  0.325	 -0.551
	  0.632	 -0.525	  0.570

8 	  41.20	 -13.38	  -6.15
	  0.537	 -0.564	 -0.627
	 -0.836	 -0.456	 -0.306
	 -0.115	  0.688	 -0.716

9 	  43.58	 -20.27	 -15.86
	  0.111	 -0.633	 -0.766
	 -0.992	 -0.023	 -0.124
	  0.061	  0.774	 -0.630

2 	  32.70	  -8.82	  22.76
	  0.718	  0.695	 -0.033
	 -0.696	  0.717	 -0.037
	 -0.000	  0.049	  0.999

3 	  42.47	  -0.05	  -1.21
	  0.793	 -0.119	  0.597
	 -0.029	  0.972	  0.232
	 -0.609	 -0.202	  0.767

4 	  34.12	   5.33	  -3.87
	  0.241	  0.797	 -0.554
	 -0.217	  0.600	  0.770
	  0.946	 -0.066	  0.317

5 	  43.17	  12.92	  -3.74
	  0.739	  0.567	 -0.363
	  0.623	 -0.371	  0.688
	  0.256	 -0.735	 -0.628

6 	  49.13	  16.70	 -12.48
	  0.482	  0.268	 -0.834
	  0.833	  0.155	  0.530
	  0.272	 -0.951	 -0.149

7 	  34.84	  -5.52	  -4.50
	 -0.114	 -0.791	 -0.601
	  0.750	  0.328	 -0.574
	  0.651	 -0.517	  0.556

8 	  41.17	 -13.18	  -6.57
	  0.533	 -0.519	 -0.668
	 -0.831	 -0.471	 -0.297
	 -0.163	  0.713	 -0.682

9 	  43.40	 -19.46	 -16.80
	  0.094	 -0.582	 -0.808
	 -0.995	 -0.047	 -0.082
	  0.009	  0.812	 -0.583

2 	  32.70	  -8.82	  22.76
	  0.719	  0.694	 -0.033
	 -0.696	  0.717	 -0.037
	 -0.000	  0.050	  0.998

3 	  42.40	  -0.11	  -1.23
	  0.798	 -0.111	  0.592
	 -0.033	  0.973	  0.227
	 -0.601	 -0.201	  0.773

4 	  34.01	   5.13	  -3.94
	  0.232	  0.785	 -0.574
	 -0.211	  0.616	  0.759
	  0.950	 -0.056	  0.308

5 	  42.98	  12.73	  -4.22
	  0.731	  0.557	 -0.393
	  0.632	 -0.340	  0.696
	  0.255	 -0.758	 -0.600

6 	  48.81	  15.87	 -13.38
	  0.455	  0.201	 -0.867
	  0.857	  0.167	  0.487
	  0.243	 -0.965	 -0.096

7 	  34.80	  -5.66	  -4.45
	 -0.117	 -0.794	 -0.596
	  0.731	  0.337	 -0.593
	  0.672	 -0.505	  0.541

8 	  41.22	 -13.03	  -6.91
	  0.528	 -0.485	 -0.697
	 -0.827	 -0.484	 -0.287
	 -0.201	  0.728	 -0.656

9 	  43.28	 -18.93	 -17.47
	  0.079	 -0.552	 -0.830
	 -0.997	 -0.064	 -0.052
	 -0.026	  0.832	 -0.554

2 	  32.70	  -8.82	  22.76
	  0.718	  0.695	 -0.033
	 -0.696	  0.717	 -0.037
	 -0.000	  0.050	  0.999

3 	  42.36	  -0.16	  -1.25
	  0.800	 -0.109	  0.589
	 -0.036	  0.973	  0.227
	 -0.598	 -0.203	  0.775

4 	  33.98	   5.06	  -3.96
	  0.234	  0.775	 -0.587
	 -0.200	  0.629	  0.751
	  0.952	 -0.058	  0.301

5 	  43.00	  12.59	  -4.48
	  0.732	  0.548	 -0.405
	  0.630	 -0.319	  0.708
	  0.259	 -0.773	 -0.578

6 	  48.78	  15.33	 -13.78
	  0.449	  0.154	 -0.880
	  0.864	  0.177	  0.470
	  0.228	 -0.972	 -0.053

7 	  34.77	  -5.64	  -4.43
	 -0.118	 -0.793	 -0.598
	  0.721	  0.345	 -0.601
	  0.682	 -0.502	  0.531

8 	  41.15	 -12.92	  -7.05
	  0.521	 -0.477	 -0.707
	 -0.827	 -0.488	 -0.280
	 -0.214	  0.731	 -0.648

9 	  43.10	 -18.74	 -17.72
	  0.065	 -0.549	 -0.833
	 -0.997	 -0.064	 -0.036
	 -0.035	  0.834	 -0.551

2 	  32.70	  -8.82	  22.76
	  0.718	  0.695	 -0.033
	 -0.696	  0.717	 -0.037
	 -0.000	  0.049	  0.999

3 	  42.35	  -0.16	  -1.25
	  0.805	 -0.118	  0.581
	 -0.032	  0.970	  0.240
	 -0.593	 -0.212	  0.777

4 	  33.94	   5.06	  -3.96
	  0.237	  0.767	 -0.597
	 -0.186	  0.638	  0.747
	  0.953	 -0.066	  0.293

5 	  43.03	  12.48	  -4.71
	  0.733	  0.536	 -0.418
	  0.634	 -0.315	  0.706
	  0.247	 -0.783	 -0.571

6 	  48.69	  15.05	 -14.17
	  0.438	  0.136	 -0.889
	  0.874	  0.171	  0.454
	  0.213	 -0.976	 -0.043

7 	  34.73	  -5.62	  -4.45
	 -0.119	 -0.790	 -0.602
	  0.712	  0.354	 -0.606
	  0.692	 -0.501	  0.520

8 	  41.15	 -12.76	  -7.22
	  0.518	 -0.459	 -0.721
	 -0.825	 -0.490	 -0.281
	 -0.227	  0.740	 -0.633

9 	  43.03	 -18.46	 -18.00
	  0.060	 -0.535	 -0.842
	 -0.997	 -0.071	 -0.026
	 -0.048	  0.842	 -0.537

2 	  32.70	  -8.82	  22.76
	  0.718	  0.695	 -0.033
	 -0.696	  0.717	 -0.037
	 -0.000	  0.049	  0.999

3 	  42.31	  -0.14	  -1.27
	  0.806	 -0.118	  0.579
	 -0.034	  0.969	  0.244
	 -0.591	 -0.216	  0.777

4 	  33.86	   4.97	  -3.97
	  0.225	  0.764	 -0.605
	 -0.187	  0.642	  0.743
	  0.956	 -0.055	  0.287

5 	  42.86	  12.43	  -4.94
	  0.724	  0.536	 -0.433
	  0.643	 -0.299	  0.704
	  0.249	 -0.789	 -0.562

6 	  48.45	  14.89	 -14.54
	  0.422	  0.125	 -0.898
	  0.880	  0.183	  0.438
	  0.218	 -0.976	 -0.032

7 	  34.75	  -5.66	  -4.52
	 -0.118	 -0.782	 -0.612
	  0.701	  0.371	 -0.609
	  0.703	 -0.501	  0.504

8 	  41.17	 -12.64	  -7.51
	  0.514	 -0.440	 -0.736
	 -0.824	 -0.494	 -0.278
	 -0.243	  0.749	 -0.616

9 	  42.94	 -18.05	 -18.47
	  0.051	 -0.516	 -0.855
	 -0.997	 -0.080	 -0.010
	 -0.065	  0.854	 -0.517

2 	  32.70	  -8.82	  22.76
	  0.718	  0.695	 -0.033
	 -0.696	  0.717	 -0.037
	 -0.000	  0.049	  0.999

3 	  42.29	  -0.14	  -1.25
	  0.804	 -0.117	  0.583
	 -0.037	  0.969	  0.245
	 -0.594	 -0.218	  0.774

4 	  33.89	   4.92	  -4.03
	  0.225	  0.757	 -0.613
	 -0.181	  0.650	  0.738
	  0.957	 -0.055	  0.283

5 	  42.86	  12.36	  -5.17
	  0.721	  0.531	 -0.445
	  0.648	 -0.291	  0.704
	  0.245	 -0.796	 -0.554

6 	  48.32	  14.64	 -14.89
	  0.412	  0.109	 -0.905
	  0.885	  0.189	  0.424
	  0.216	 -0.976	 -0.018

7 	  34.72	  -5.62	  -4.48
	 -0.119	 -0.781	 -0.613
	  0.698	  0.373	 -0.612
	  0.706	 -0.500	  0.500

8 	  40.96	 -12.66	  -7.66
	  0.497	 -0.440	 -0.748
	 -0.837	 -0.472	 -0.277
	 -0.233	  0.763	 -0.603

9 	  42.52	 -17.98	 -18.70
	  0.030	 -0.501	 -0.865
	 -0.998	 -0.060	  0.001
	 -0.054	  0.864	 -0.501

2 	  32.70	  -8.82	  22.76
	  0.719	  0.694	 -0.033
	 -0.696	  0.717	 -0.037
	 -0.000	  0.050	  0.998

3 	  42.33	  -0.23	  -1.18
	  0.804	 -0.129	  0.580
	 -0.025	  0.968	  0.250
	 -0.594	 -0.216	  0.775

4 	  34.01	   4.90	  -4.06
	  0.236	  0.756	 -0.611
	 -0.183	  0.651	  0.737
	  0.954	 -0.062	  0.291

5 	  43.05	  12.29	  -4.99
	  0.733	  0.531	 -0.425
	  0.629	 -0.292	  0.721
	  0.259	 -0.796	 -0.547

6 	  48.81	  14.57	 -14.50
	  0.439	  0.110	 -0.892
	  0.872	  0.192	  0.450
	  0.220	 -0.975	 -0.011

7 	  34.82	  -5.75	  -4.45
	 -0.120	 -0.795	 -0.595
	  0.714	  0.347	 -0.608
	  0.689	 -0.498	  0.526

8 	  40.97	 -13.04	  -7.21
	  0.505	 -0.480	 -0.717
	 -0.840	 -0.466	 -0.278
	 -0.203	  0.743	 -0.638

9 	  42.75	 -18.88	 -17.86
	  0.043	 -0.547	 -0.836
	 -0.999	 -0.037	 -0.027
	 -0.017	  0.837	 -0.547

2 	  32.70	  -8.82	  22.76
	  0.718	  0.695	 -0.033
	 -0.696	  0.717	 -0.037
	 -0.000	  0.049	  0.999

3 	  42.42	  -0.30	  -1.16
	  0.807	 -0.136	  0.574
	 -0.021	  0.966	  0.257
	 -0.590	 -0.220	  0.777

4 	  34.17	   4.76	  -4.13
	  0.240	  0.752	 -0.614
	 -0.192	  0.656	  0.730
	  0.952	 -0.058	  0.302

5 	  43.15	  12.20	  -4.99
	  0.738	  0.533	 -0.414
	  0.619	 -0.291	  0.729
	  0.269	 -0.794	 -0.545

6 	  48.97	  14.62	 -14.36
	  0.451	  0.118	 -0.885
	  0.864	  0.193	  0.465
	  0.225	 -0.974	 -0.015

7 	  34.91	  -5.84	  -4.43
	 -0.109	 -0.799	 -0.591
	  0.717	  0.348	 -0.604
	  0.688	 -0.490	  0.535

8 	  41.10	 -13.10	  -7.14
	  0.508	 -0.485	 -0.712
	 -0.838	 -0.468	 -0.279
	 -0.200	  0.738	 -0.644

9 	  42.87	 -18.97	 -17.81
	  0.048	 -0.550	 -0.834
	 -0.999	 -0.031	 -0.037
	 -0.007	  0.835	 -0.549

2 	  32.70	  -8.82	  22.76
	  0.719	  0.694	 -0.033
	 -0.696	  0.717	 -0.037
	 -0.000	  0.050	  0.998

3 	  42.45	  -0.39	  -1.11
	  0.795	 -0.119	  0.594
	 -0.035	  0.970	  0.240
	 -0.606	 -0.211	  0.767

4 	  34.17	   4.76	  -4.13
	  0.248	  0.746	 -0.618
	 -0.191	  0.662	  0.724
	  0.950	 -0.062	  0.306

5 	  43.19	  12.13	  -5.08
	  0.738	  0.527	 -0.421
	  0.620	 -0.284	  0.731
	  0.266	 -0.801	 -0.536

6 	  48.97	  14.33	 -14.57
	  0.445	  0.099	 -0.890
	  0.867	  0.201	  0.456
	  0.223	 -0.975	  0.003

7 	  34.88	  -5.82	  -4.45
	 -0.108	 -0.797	 -0.595
	  0.716	  0.353	 -0.602
	  0.689	 -0.491	  0.532

8 	  41.10	 -13.06	  -7.15
	  0.512	 -0.477	 -0.714
	 -0.836	 -0.467	 -0.288
	 -0.198	  0.744	 -0.638

9 	  42.93	 -18.81	 -17.91
	  0.052	 -0.539	 -0.841
	 -0.999	 -0.031	 -0.042
	 -0.004	  0.842	 -0.539

2 	  32.70	  -8.82	  22.76
	  0.718	  0.695	 -0.033
	 -0.697	  0.716	 -0.037
	 -0.000	  0.050	  0.999

3 	  42.47	  -0.37	  -1.12
	  0.793	 -0.119	  0.598
	 -0.034	  0.971	  0.238
	 -0.609	 -0.209	  0.765

4 	  34.19	   4.76	  -4.13
	  0.250	  0.746	 -0.617
	 -0.191	  0.662	  0.724
	  0.949	 -0.063	  0.307

5 	  43.19	  12.15	  -5.08
	  0.739	  0.528	 -0.419
	  0.619	 -0.285	  0.732
	  0.268	 -0.800	 -0.537

6 	  48.99	  14.43	 -14.54
	  0.449	  0.108	 -0.887
	  0.864	  0.200	  0.461
	  0.226	 -0.974	 -0.003

7 	  34.91	  -5.78	  -4.50
	 -0.109	 -0.792	 -0.601
	  0.718	  0.355	 -0.599
	  0.688	 -0.496	  0.530

8 	  41.10	 -13.08	  -7.14
	  0.513	 -0.481	 -0.710
	 -0.836	 -0.467	 -0.287
	 -0.195	  0.741	 -0.642

9 	  42.94	 -18.95	 -17.79
	  0.054	 -0.547	 -0.835
	 -0.999	 -0.026	 -0.047
	  0.003	  0.837	 -0.547

2 	  32.70	  -8.82	  22.76
	  0.719	  0.694	 -0.033
	 -0.696	  0.717	 -0.037
	 -0.001	  0.049	  0.999

3 	  42.50	  -0.37	  -1.14
	  0.793	 -0.117	  0.598
	 -0.033	  0.972	  0.233
	 -0.609	 -0.205	  0.766

4 	  34.22	   4.83	  -4.10
	  0.248	  0.757	 -0.605
	 -0.200	  0.650	  0.733
	  0.948	 -0.060	  0.312

5 	  43.17	  12.34	  -4.73
	  0.739	  0.549	 -0.391
	  0.610	 -0.298	  0.734
	  0.287	 -0.781	 -0.554

6 	  49.11	  15.12	 -13.90
	  0.466	  0.152	 -0.872
	  0.850	  0.201	  0.487
	  0.249	 -0.968	 -0.036

7 	  34.96	  -5.78	  -4.50
	 -0.108	 -0.795	 -0.597
	  0.731	  0.344	 -0.590
	  0.674	 -0.500	  0.543

8 	  41.13	 -13.29	  -6.77
	  0.519	 -0.516	 -0.681
	 -0.839	 -0.463	 -0.288
	 -0.169	  0.720	 -0.673

9 	  43.14	 -19.67	 -16.98
	  0.067	 -0.585	 -0.808
	 -0.997	 -0.014	 -0.072
	  0.030	  0.811	 -0.584

2 	  32.70	  -8.82	  22.76
	  0.718	  0.695	 -0.033
	 -0.696	  0.717	 -0.037
	 -0.000	  0.050	  0.999

3 	  42.56	  -0.33	  -1.12
	  0.787	 -0.120	  0.605
	 -0.028	  0.973	  0.230
	 -0.616	 -0.198	  0.762

4 	  34.28	   4.94	  -4.01
	  0.244	  0.779	 -0.577
	 -0.226	  0.624	  0.748
	  0.943	 -0.052	  0.328

5 	  43.07	  12.71	  -3.94
	  0.733	  0.592	 -0.334
	  0.594	 -0.320	  0.738
	  0.331	 -0.740	 -0.585

6 	  49.22	  16.65	 -12.38
	  0.503	  0.259	 -0.825
	  0.810	  0.192	  0.554
	  0.302	 -0.946	 -0.113

7 	  35.05	  -5.80	  -4.43
	 -0.102	 -0.812	 -0.575
	  0.750	  0.317	 -0.580
	  0.653	 -0.491	  0.576

8 	  41.24	 -13.64	  -5.91
	  0.532	 -0.572	 -0.625
	 -0.835	 -0.475	 -0.277
	 -0.139	  0.669	 -0.730

9 	  43.54	 -20.90	 -15.33
	  0.089	 -0.656	 -0.750
	 -0.995	 -0.025	 -0.096
	  0.043	  0.755	 -0.654

2 	  32.70	  -8.82	  22.76
	  0.719	  0.694	 -0.033
	 -0.696	  0.717	 -0.037
	 -0.000	  0.050	  0.998

3 	  42.59	  -0.30	  -1.07
	  0.785	 -0.115	  0.609
	 -0.031	  0.974	  0.224
	 -0.619	 -0.195	  0.760

4 	  34.33	   5.12	  -3.88
	  0.234	  0.815	 -0.530
	 -0.269	  0.577	  0.771
	  0.934	 -0.037	  0.354

5 	  42.79	  13.24	  -2.67
	  0.722	  0.644	 -0.251
	  0.568	 -0.344	  0.748
	  0.396	 -0.683	 -0.614

6 	  49.36	  18.26	  -9.95
	  0.547	  0.359	 -0.756
	  0.763	  0.162	  0.626
	  0.349	 -0.918	 -0.185

7 	  35.23	  -5.89	  -4.25
	 -0.078	 -0.845	 -0.529
	  0.779	  0.280	 -0.562
	  0.622	 -0.456	  0.636

8 	  41.70	 -13.89	  -4.50
	  0.571	 -0.626	 -0.530
	 -0.812	 -0.525	 -0.254
	 -0.120	  0.576	 -0.809

9 	  44.74	 -22.11	 -12.53
	  0.152	 -0.747	 -0.647
	 -0.988	 -0.091	 -0.125
	  0.033	  0.659	 -0.752

2 	  32.71	  -8.82	  22.75
	  0.718	  0.695	 -0.033
	 -0.696	  0.717	 -0.037
	 -0.000	  0.049	  0.999

3 	  42.73	  -0.16	  -0.93
	  0.781	 -0.100	  0.615
	 -0.038	  0.978	  0.206
	 -0.623	 -0.184	  0.760

4 	  34.59	   5.41	  -3.74
	  0.233	  0.850	 -0.471
	 -0.319	  0.524	  0.789
	  0.918	 -0.034	  0.393

5 	  42.75	  13.66	  -0.98
	  0.721	  0.680	 -0.132
	  0.512	 -0.394	  0.763
	  0.468	 -0.618	 -0.631

6 	  49.90	  19.39	  -7.01
	  0.613	  0.441	 -0.656
	  0.692	  0.104	  0.714
	  0.385	 -0.891	 -0.241

7 	  35.56	  -5.98	  -4.22
	 -0.036	 -0.868	 -0.496
	  0.810	  0.265	 -0.523
	  0.585	 -0.421	  0.693

8 	  42.17	 -13.99	  -3.08
	  0.611	 -0.676	 -0.412
	 -0.790	 -0.554	 -0.263
	 -0.052	  0.486	 -0.872

9 	  45.86	 -23.01	  -9.63
	  0.210	 -0.822	 -0.529
	 -0.972	 -0.116	 -0.204
	  0.106	  0.557	 -0.824

2 	  32.70	  -8.82	  22.76
	  0.718	  0.695	 -0.033
	 -0.696	  0.717	 -0.037
	 -0.000	  0.049	  0.999

3 	  42.94	  -0.09	  -0.79
	  0.770	 -0.098	  0.631
	 -0.036	  0.980	  0.194
	 -0.638	 -0.172	  0.750

4 	  34.95	   5.61	  -3.69
	  0.243	  0.873	 -0.422
	 -0.368	  0.485	  0.793
	  0.897	 -0.038	  0.439

5 	  42.82	  13.69	   0.26
	  0.721	  0.692	 -0.036
	  0.453	 -0.432	  0.780
	  0.525	 -0.579	 -0.624

6 	  50.34	  19.95	  -4.43
	  0.674	  0.494	 -0.549
	  0.597	  0.073	  0.799
	  0.437	 -0.865	 -0.245

7 	  35.88	  -6.08	  -4.15
	  0.010	 -0.886	 -0.464
	  0.832	  0.264	 -0.487
	  0.554	 -0.381	  0.740

8 	  42.45	 -14.17	  -2.00
	  0.634	 -0.704	 -0.319
	 -0.773	 -0.561	 -0.297
	  0.030	  0.434	 -0.900

9 	  46.51	 -23.54	  -7.42
	  0.257	 -0.859	 -0.444
	 -0.941	 -0.115	 -0.320
	  0.225	  0.498	 -0.837

2 	  32.70	  -8.82	  22.76
	  0.718	  0.695	 -0.033
	 -0.697	  0.716	 -0.037
	 -0.000	  0.050	  0.999

3 	  43.10	  -0.09	  -0.65
	  0.753	 -0.094	  0.651
	 -0.037	  0.982	  0.184
	 -0.657	 -0.163	  0.736

4 	  35.12	   5.62	  -3.74
	  0.247	  0.879	 -0.408
	 -0.394	  0.475	  0.786
	  0.885	 -0.034	  0.463

5 	  42.77	  13.69	   0.70
	  0.711	  0.703	 -0.001
	  0.427	 -0.431	  0.795
	  0.559	 -0.566	 -0.605

6 	  50.50	  19.83	  -3.67
	  0.750	  0.464	 -0.472
	  0.364	  0.307	  0.879
	  0.555	 -0.829	  0.063

7 	  36.12	  -6.22	  -4.13
	  0.061	 -0.895	 -0.443
	  0.837	  0.287	 -0.466
	  0.544	 -0.343	  0.766

8 	  42.66	 -14.24	  -1.49
	  0.660	 -0.705	 -0.259
	 -0.739	 -0.548	 -0.392
	  0.135	  0.450	 -0.882

9 	  46.95	 -23.52	  -6.82
	  0.304	 -0.849	 -0.433
	 -0.795	  0.027	 -0.605
	  0.530	  0.525	 -0.665

2 	  32.70	  -8.82	  22.76
	  0.718	  0.695	 -0.033
	 -0.697	  0.716	 -0.037
	 -0.000	  0.050	  0.999

3 	  43.15	  -0.11	  -0.53
	  0.743	 -0.087	  0.663
	 -0.039	  0.984	  0.172
	 -0.669	 -0.154	  0.727

4 	  35.28	   5.52	  -3.90
	  0.260	  0.870	 -0.419
	 -0.397	  0.491	  0.775
	  0.880	 -0.036	  0.473

5 	  42.94	  13.64	   0.49
	  0.719	  0.694	 -0.009
	  0.402	 -0.406	  0.821
	  0.567	 -0.594	 -0.570

6 	  51.12	  18.76	  -4.32
	  0.843	  0.345	 -0.413
	 -0.019	  0.786	  0.617
	  0.538	 -0.510	  0.670

7 	  36.28	  -6.35	  -4.17
	  0.098	 -0.900	 -0.425
	  0.835	  0.307	 -0.456
	  0.541	 -0.310	  0.781

8 	  42.61	 -14.50	  -1.27
	  0.667	 -0.712	 -0.219
	 -0.709	 -0.517	 -0.480
	  0.229	  0.476	 -0.849

9 	  46.97	 -23.52	  -6.66
	  0.394	 -0.807	 -0.439
	 -0.328	  0.327	 -0.886
	  0.861	  0.490	 -0.133

2 	  32.70	  -8.81	  22.76
	  0.718	  0.695	 -0.033
	 -0.697	  0.716	 -0.037
	 -0.000	  0.050	  0.999

3 	  43.29	  -0.28	  -0.46
	  0.729	 -0.089	  0.678
	 -0.030	  0.986	  0.161
	 -0.684	 -0.138	  0.716

4 	  35.54	   5.41	  -4.04
	  0.285	  0.861	 -0.421
	 -0.409	  0.506	  0.759
	  0.867	 -0.045	  0.496

5 	  43.28	  13.45	   0.49
	  0.745	  0.667	  0.011
	  0.316	 -0.368	  0.874
	  0.588	 -0.648	 -0.484

6 	  52.28	  17.05	  -3.76
	  0.922	  0.239	 -0.303
	 -0.206	  0.969	  0.134
	  0.326	 -0.061	  0.943

7 	  36.37	  -6.49	  -4.08
	  0.111	 -0.907	 -0.405
	  0.838	  0.304	 -0.453
	  0.534	 -0.290	  0.794

8 	  42.50	 -14.78	  -1.09
	  0.677	 -0.713	 -0.181
	 -0.666	 -0.489	 -0.563
	  0.314	  0.502	 -0.806

9 	  47.48	 -23.17	  -6.47
	  0.468	 -0.796	 -0.384
	  0.337	  0.561	 -0.756
	  0.818	  0.225	  0.529

2 	  32.70	  -8.82	  22.76
	  0.718	  0.695	 -0.033
	 -0.697	  0.716	 -0.037
	 -0.000	  0.050	  0.999

3 	  43.51	  -0.40	  -0.39
	  0.720	 -0.094	  0.687
	 -0.018	  0.988	  0.154
	 -0.694	 -0.123	  0.709

4 	  35.93	   5.41	  -4.18
	  0.320	  0.853	 -0.412
	 -0.422	  0.517	  0.745
	  0.849	 -0.065	  0.524

5 	  43.82	  13.22	   0.65
	  0.773	  0.633	  0.045
	  0.247	 -0.365	  0.898
	  0.585	 -0.683	 -0.438

6 	  53.14	  16.35	  -3.09
	  0.948	  0.207	 -0.241
	 -0.219	  0.975	 -0.025
	  0.229	  0.077	  0.970

7 	  36.63	  -6.52	  -4.13
	  0.150	 -0.905	 -0.398
	  0.831	  0.333	 -0.446
	  0.536	 -0.264	  0.802

8 	  42.64	 -14.82	  -0.91
	  0.691	 -0.708	 -0.146
	 -0.623	 -0.480	 -0.617
	  0.368	  0.518	 -0.772

9 	  47.92	 -23.08	  -5.91
	  0.492	 -0.793	 -0.359
	  0.467	  0.585	 -0.662
	  0.738	  0.160	  0.655

2 	  32.70	  -8.82	  22.76
	  0.718	  0.695	 -0.033
	 -0.697	  0.716	 -0.037
	 -0.000	  0.050	  0.999

3 	  43.66	  -0.42	  -0.33
	  0.715	 -0.098	  0.692
	 -0.006	  0.989	  0.146
	 -0.699	 -0.109	  0.707

4 	  36.32	   5.64	  -4.17
	  0.349	  0.859	 -0.373
	 -0.448	  0.502	  0.739
	  0.823	 -0.091	  0.560

5 	  44.14	  13.01	   1.58
	  0.786	  0.607	  0.114
	  0.195	 -0.420	  0.886
	  0.587	 -0.674	 -0.448

6 	  53.70	  16.31	  -0.51
	  0.964	  0.221	 -0.144
	 -0.193	  0.963	  0.187
	  0.180	 -0.152	  0.972

7 	  36.98	  -6.64	  -4.06
	  0.250	 -0.894	 -0.371
	  0.779	  0.413	 -0.472
	  0.576	 -0.172	  0.799

8 	  43.10	 -14.64	   0.18
	  0.715	 -0.698	 -0.047
	 -0.570	 -0.542	 -0.617
	  0.406	  0.468	 -0.785

9 	  48.76	 -23.20	  -3.08
	  0.526	 -0.820	 -0.226
	  0.504	  0.511	 -0.696
	  0.690	  0.253	  0.678

2 	  32.70	  -8.82	  22.76
	  0.718	  0.695	 -0.033
	 -0.697	  0.716	 -0.037
	 -0.000	  0.050	  0.999

3 	  43.93	  -0.44	  -0.04
	  0.693	 -0.100	  0.713
	 -0.001	  0.990	  0.139
	 -0.720	 -0.097	  0.686

4 	  36.88	   5.94	  -3.96
	  0.360	  0.888	 -0.284
	 -0.536	  0.445	  0.717
	  0.764	 -0.106	  0.636

5 	  43.89	  12.71	   3.67
	  0.754	  0.597	  0.272
	  0.083	 -0.498	  0.863
	  0.651	 -0.629	 -0.426

6 	  53.61	  16.37	   3.20
	  0.972	  0.234	  0.013
	 -0.226	  0.920	  0.318
	  0.062	 -0.312	  0.948

7 	  37.56	  -6.79	  -3.92
	  0.339	 -0.887	 -0.312
	  0.756	  0.454	 -0.471
	  0.560	 -0.077	  0.824

8 	  43.28	 -14.40	   2.07
	  0.710	 -0.693	  0.122
	 -0.502	 -0.619	 -0.604
	  0.495	  0.368	 -0.787

9 	  48.97	 -23.26	   1.02
	  0.530	 -0.847	 -0.043
	  0.587	  0.401	 -0.703
	  0.615	  0.347	  0.707

2 	  32.70	  -8.82	  22.76
	  0.718	  0.695	 -0.033
	 -0.697	  0.716	 -0.037
	 -0.000	  0.050	  0.999

3 	  44.19	  -0.46	   0.35
	  0.654	 -0.094	  0.750
	  0.010	  0.993	  0.115
	 -0.756	 -0.068	  0.650

4 	  37.67	   6.28	  -3.76
	  0.395	  0.901	 -0.181
	 -0.619	  0.405	  0.673
	  0.680	 -0.154	  0.716

5 	  43.65	  12.27	   5.59
	  0.706	  0.564	  0.427
	 -0.047	 -0.566	  0.823
	  0.707	 -0.601	 -0.374

6 	  53.28	  15.87	   7.19
