2 	   8.16	  -2.20	   5.66
	 -0.026	  0.981	 -0.191
	 -1.000	 -0.024	  0.007
	  0.004	  0.190	  0.982

3 	   9.97	   1.70	  -0.98
	  0.620	  0.751	  0.228
	 -0.745	  0.470	  0.473
	  0.249	 -0.463	  0.850

4 	   9.99	  -2.03	  -1.07
	  0.611	 -0.734	  0.295
	  0.785	  0.515	 -0.345
	  0.101	  0.443	  0.891

5 	   9.50	  -2.56	   1.68
	  0.269	 -0.182	  0.946
	  0.132	 -0.966	 -0.222
	  0.954	  0.184	 -0.236

6 	  10.56	  -3.12	   4.29
	  0.177	 -0.033	  0.984
	  0.747	  0.655	 -0.110
	 -0.643	  0.753	  0.139

7 	  11.22	  -0.27	   0.18
	  0.358	 -0.098	  0.928
	  0.165	  0.985	  0.041
	 -0.919	  0.138	  0.369

8 	   9.65	   2.17	   1.99
	  0.251	  0.439	  0.862
	 -0.137	 -0.866	  0.480
	  0.958	 -0.238	 -0.157

9 	  10.93	   2.70	   4.72
	  0.314	  0.067	  0.947
	 -0.724	  0.663	  0.190
	 -0.618	 -0.743	  0.255

2 	   8.16	  -2.20	   5.66
	 -0.026	  0.981	 -0.191
	 -1.000	 -0.024	  0.008
	  0.004	  0.190	  0.982

3 	   9.95	   1.69	  -0.98
	  0.623	  0.750	  0.224
	 -0.741	  0.471	  0.479
	  0.254	 -0.464	  0.849

4 	   9.96	  -2.04	  -1.08
	  0.613	 -0.736	  0.286
	  0.782	  0.514	 -0.352
	  0.111	  0.440	  0.891

5 	   9.50	  -2.57	   1.67
	  0.277	 -0.184	  0.943
	  0.133	 -0.965	 -0.226
	  0.952	  0.188	 -0.243

6 	  10.57	  -3.13	   4.28
	  0.183	 -0.033	  0.982
	  0.743	  0.659	 -0.114
	 -0.646	  0.749	  0.144

7 	  11.21	  -0.27	   0.16
	  0.367	 -0.099	  0.925
	  0.167	  0.985	  0.040
	 -0.915	  0.139	  0.378

8 	   9.65	   2.17	   1.99
	  0.252	  0.439	  0.862
	 -0.135	 -0.867	  0.480
	  0.958	 -0.237	 -0.159

9 	  10.93	   2.70	   4.71
	  0.317	  0.068	  0.945
	 -0.725	  0.661	  0.193
	 -0.616	 -0.745	  0.258

2 	   8.16	  -2.20	   5.66
	 -0.026	  0.981	 -0.191
	 -1.000	 -0.024	  0.008
	  0.004	  0.190	  0.982

3 	   9.94	   1.70	  -0.98
	  0.628	  0.746	  0.221
	 -0.735	  0.473	  0.486
	  0.259	 -0.468	  0.845

4 	   9.95	  -2.03	  -1.09
	  0.611	 -0.743	  0.271
	  0.781	  0.513	 -0.354
	  0.123	  0.429	  0.895

5 	   9.51	  -2.56	   1.68
	  0.296	 -0.175	  0.939
	  0.133	 -0.966	 -0.221
	  0.946	  0.190	 -0.263

6 	  10.60	  -3.10	   4.28
	  0.185	 -0.029	  0.982
	  0.735	  0.667	 -0.116
	 -0.655	  0.742	  0.143

7 	  11.21	  -0.27	   0.15
	  0.373	 -0.102	  0.922
	  0.168	  0.985	  0.041
	 -0.912	  0.139	  0.385

8 	   9.65	   2.18	   1.99
	  0.256	  0.438	  0.862
	 -0.135	 -0.867	  0.479
	  0.957	 -0.239	 -0.163

9 	  10.96	   2.70	   4.70
	  0.322	  0.067	  0.944
	 -0.722	  0.664	  0.196
	 -0.617	 -0.742	  0.260

2 	   8.16	  -2.20	   5.66
	 -0.026	  0.981	 -0.190
	 -1.000	 -0.024	  0.008
	  0.004	  0.189	  0.982

3 	   9.95	   1.71	  -1.00
	  0.635	  0.742	  0.216
	 -0.727	  0.478	  0.492
	  0.263	 -0.470	  0.842

4 	   9.94	  -2.04	  -1.10
	  0.615	 -0.741	  0.269
	  0.778	  0.515	 -0.360
	  0.128	  0.431	  0.893

5 	   9.52	  -2.58	   1.65
	  0.297	 -0.178	  0.938
	  0.144	 -0.963	 -0.228
	  0.944	  0.202	 -0.260

6 	  10.63	  -3.11	   4.25
	  0.192	 -0.030	  0.981
	  0.698	  0.706	 -0.113
	 -0.692	  0.705	  0.155

7 	  11.21	  -0.28	   0.11
	  0.389	 -0.103	  0.915
	  0.173	  0.984	  0.037
	 -0.905	  0.143	  0.401

8 	   9.68	   2.20	   1.96
	  0.264	  0.442	  0.857
	 -0.135	 -0.863	  0.486
	  0.955	 -0.244	 -0.168

9 	  11.02	   2.73	   4.65
	  0.333	  0.069	  0.940
	 -0.712	  0.673	  0.200
	 -0.622	 -0.734	  0.273

2 	   8.17	  -2.19	   5.66
	 -0.026	  0.981	 -0.191
	 -1.000	 -0.024	  0.008
	  0.004	  0.190	  0.982

3 	   9.91	   1.70	  -1.02
	  0.649	  0.735	  0.198
	 -0.707	  0.485	  0.515
	  0.283	 -0.474	  0.834

4 	   9.88	  -2.04	  -1.11
	  0.625	 -0.738	  0.253
	  0.766	  0.517	 -0.382
	  0.151	  0.432	  0.889

5 	   9.52	  -2.59	   1.65
	  0.319	 -0.177	  0.931
	  0.141	 -0.963	 -0.230
	  0.937	  0.204	 -0.282

6 	  10.70	  -3.12	   4.20
	  0.216	 -0.027	  0.976
	  0.685	  0.716	 -0.129
	 -0.698	  0.695	  0.172

7 	  11.19	  -0.28	   0.04
	  0.416	 -0.102	  0.903
	  0.179	  0.983	  0.029
	 -0.891	  0.149	  0.427

8 	   9.69	   2.22	   1.93
	  0.270	  0.456	  0.848
	 -0.117	 -0.859	  0.498
	  0.956	 -0.233	 -0.178

9 	  11.11	   2.77	   4.57
	  0.355	  0.067	  0.932
	 -0.679	  0.705	  0.205
	 -0.647	 -0.703	  0.295

2 	   8.16	  -2.20	   5.66
	 -0.026	  0.981	 -0.191
	 -1.000	 -0.024	  0.007
	  0.004	  0.190	  0.982

3 	   9.87	   1.71	  -1.04
	  0.661	  0.728	  0.181
	 -0.688	  0.491	  0.535
	  0.301	 -0.479	  0.825

4 	   9.82	  -2.03	  -1.13
	  0.629	 -0.744	  0.226
	  0.757	  0.519	 -0.397
	  0.178	  0.420	  0.890

5 	   9.52	  -2.61	   1.62
	  0.330	 -0.181	  0.926
	  0.142	 -0.961	 -0.237
	  0.933	  0.209	 -0.292

6 	  10.73	  -3.13	   4.15
	  0.229	 -0.030	  0.973
	  0.663	  0.737	 -0.131
	 -0.715	  0.673	  0.187

7 	  11.18	  -0.28	  -0.01
	  0.434	 -0.105	  0.894
	  0.186	  0.982	  0.026
	 -0.882	  0.154	  0.446

8 	   9.70	   2.24	   1.93
	  0.278	  0.460	  0.843
	 -0.107	 -0.858	  0.502
	  0.954	 -0.230	 -0.190

9 	  11.14	   2.79	   4.54
	  0.359	  0.067	  0.930
	 -0.669	  0.714	  0.204
	 -0.654	 -0.694	  0.300

2 	   8.16	  -2.20	   5.66
	 -0.026	  0.981	 -0.190
	 -1.000	 -0.024	  0.008
	  0.004	  0.189	  0.982

3 	   9.85	   1.72	  -1.04
	  0.661	  0.729	  0.177
	 -0.683	  0.487	  0.544
	  0.311	 -0.481	  0.819

4 	   9.80	  -2.02	  -1.14
	  0.633	 -0.742	  0.220
	  0.752	  0.522	 -0.402
	  0.183	  0.420	  0.889

5 	   9.55	  -2.62	   1.62
	  0.349	 -0.185	  0.919
	  0.151	 -0.957	 -0.249
	  0.925	  0.225	 -0.306

6 	  10.83	  -3.14	   4.12
	  0.250	 -0.030	  0.968
	  0.634	  0.760	 -0.138
	 -0.734	  0.647	  0.208

7 	  11.17	  -0.27	  -0.02
	  0.438	 -0.105	  0.892
	  0.184	  0.982	  0.025
	 -0.880	  0.153	  0.450

8 	   9.69	   2.24	   1.93
	  0.280	  0.459	  0.843
	 -0.105	 -0.859	  0.501
	  0.954	 -0.228	 -0.192

9 	  11.14	   2.78	   4.55
	  0.359	  0.062	  0.931
	 -0.664	  0.719	  0.205
	 -0.661	 -0.689	  0.298

2 	   8.16	  -2.20	   5.66
	 -0.026	  0.981	 -0.190
	 -1.000	 -0.024	  0.008
	  0.004	  0.189	  0.982

3 	   9.85	   1.72	  -1.03
	  0.660	  0.729	  0.181
	 -0.685	  0.485	  0.543
	  0.309	 -0.483	  0.819

4 	   9.81	  -2.02	  -1.12
	  0.640	 -0.734	  0.225
	  0.748	  0.529	 -0.400
	  0.174	  0.425	  0.888

5 	   9.67	  -2.70	   1.64
	  0.403	 -0.203	  0.892
	  0.160	 -0.945	 -0.286
	  0.901	  0.257	 -0.348

6 	  11.10	  -3.21	   4.03
	  0.305	 -0.038	  0.951
	  0.594	  0.789	 -0.157
	 -0.747	  0.611	  0.262

7 	  11.17	  -0.28	  -0.01
	  0.430	 -0.103	  0.897
	  0.186	  0.982	  0.024
	 -0.884	  0.156	  0.441

8 	   9.75	   2.29	   1.93
	  0.290	  0.495	  0.819
	 -0.077	 -0.841	  0.535
	  0.954	 -0.218	 -0.205

9 	  11.23	   2.98	   4.49
	  0.382	  0.111	  0.917
	 -0.681	  0.706	  0.195
	 -0.630	 -0.697	  0.344

2 	   8.16	  -2.20	   5.66
	 -0.026	  0.981	 -0.190
	 -1.000	 -0.024	  0.008
	  0.004	  0.189	  0.982

3 	   9.87	   1.72	  -1.02
	  0.661	  0.727	  0.184
	 -0.687	  0.486	  0.540
	  0.304	 -0.483	  0.821

4 	   9.84	  -2.02	  -1.12
	  0.649	 -0.727	  0.226
	  0.743	  0.541	 -0.393
	  0.164	  0.423	  0.891

5 	   9.85	  -2.77	   1.65
	  0.486	 -0.232	  0.842
	  0.134	 -0.933	 -0.333
	  0.864	  0.274	 -0.423

6 	  11.44	  -3.32	   3.88
	  0.384	 -0.061	  0.921
	  0.580	  0.792	 -0.187
	 -0.721	  0.604	  0.339

7 	  11.18	  -0.28	   0.02
	  0.420	 -0.103	  0.901
	  0.192	  0.981	  0.023
	 -0.887	  0.163	  0.431

8 	   9.87	   2.40	   1.92
	  0.328	  0.534	  0.779
	 -0.051	 -0.814	  0.578
	  0.943	 -0.229	 -0.240

9 	  11.41	   3.19	   4.39
	  0.419	  0.154	  0.895
	 -0.681	  0.706	  0.194
	 -0.606	 -0.688	  0.399

2 	   8.16	  -2.20	   5.66
	 -0.026	  0.981	 -0.191
	 -1.000	 -0.024	  0.008
	  0.004	  0.190	  0.982

3 	   9.91	   1.71	  -1.02
	  0.670	  0.720	  0.179
	 -0.679	  0.497	  0.540
	  0.301	 -0.484	  0.822

4 	   9.84	  -2.02	  -1.12
	  0.650	 -0.726	  0.224
	  0.742	  0.542	 -0.393
	  0.164	  0.422	  0.891

5 	   9.86	  -2.73	   1.65
	  0.475	 -0.213	  0.854
	  0.160	 -0.934	 -0.320
	  0.866	  0.287	 -0.410

6 	  11.36	  -3.26	   3.96
	  0.359	 -0.054	  0.932
	  0.614	  0.766	 -0.188
	 -0.707	  0.637	  0.307

7 	  11.17	  -0.28	   0.04
	  0.407	 -0.104	  0.907
	  0.194	  0.980	  0.026
	 -0.893	  0.165	  0.419

8 	   9.81	   2.34	   1.97
	  0.317	  0.508	  0.801
	 -0.069	 -0.830	  0.553
	  0.946	 -0.230	 -0.228

9 	  11.32	   3.01	   4.50
	  0.416	  0.112	  0.902
	 -0.689	  0.688	  0.229
	 -0.599	 -0.714	  0.362

2 	   8.16	  -2.20	   5.66
	 -0.026	  0.981	 -0.190
	 -1.000	 -0.024	  0.007
	  0.004	  0.189	  0.982

3 	   9.91	   1.72	  -0.98
	  0.660	  0.724	  0.200
	 -0.693	  0.483	  0.535
	  0.292	 -0.492	  0.820

4 	   9.85	  -2.01	  -1.11
	  0.640	 -0.731	  0.235
	  0.752	  0.533	 -0.387
	  0.158	  0.425	  0.891

5 	   9.67	  -2.62	   1.68
	  0.392	 -0.166	  0.905
	  0.185	 -0.950	 -0.253
	  0.901	  0.266	 -0.341

6 	  10.94	  -3.10	   4.17
	  0.249	 -0.035	  0.968
	  0.639	  0.757	 -0.135
	 -0.730	  0.650	  0.209

7 	  11.17	  -0.28	   0.07
	  0.394	 -0.100	  0.913
	  0.186	  0.982	  0.028
	 -0.900	  0.158	  0.405

8 	   9.68	   2.24	   2.00
	  0.263	  0.469	  0.843
	 -0.101	 -0.856	  0.507
	  0.959	 -0.218	 -0.178

9 	  11.01	   2.83	   4.67
	  0.351	  0.081	  0.932
	 -0.708	  0.676	  0.204
	 -0.617	 -0.729	  0.294

2 	   8.16	  -2.20	   5.66
	 -0.025	  0.981	 -0.191
	 -1.000	 -0.023	  0.007
	  0.004	  0.190	  0.982

3 	   9.91	   1.73	  -0.96
	  0.649	  0.729	  0.217
	 -0.706	  0.471	  0.528
	  0.284	 -0.496	  0.820

4 	   9.84	  -2.01	  -1.11
	  0.619	 -0.753	  0.224
	  0.767	  0.518	 -0.377
	  0.168	  0.406	  0.898

5 	   9.57	  -2.61	   1.67
	  0.369	 -0.167	  0.914
	  0.162	 -0.958	 -0.239
	  0.915	  0.235	 -0.326

6 	  10.76	  -3.11	   4.20
	  0.209	 -0.032	  0.977
	  0.652	  0.749	 -0.112
	 -0.731	  0.659	  0.176

7 	  11.17	  -0.28	   0.09
	  0.384	 -0.100	  0.917
	  0.179	  0.983	  0.033
	 -0.906	  0.151	  0.395

8 	   9.59	   2.18	   2.02
	  0.234	  0.449	  0.862
	 -0.110	 -0.870	  0.481
	  0.966	 -0.207	 -0.154

9 	  10.87	   2.74	   4.73
	  0.324	  0.069	  0.943
	 -0.718	  0.668	  0.195
	 -0.620	 -0.738	  0.265

2 	   8.16	  -2.20	   5.66
	 -0.026	  0.981	 -0.191
	 -1.000	 -0.024	  0.008
	  0.004	  0.190	  0.982

3 	   9.89	   1.73	  -0.94
	  0.643	  0.732	  0.223
	 -0.712	  0.464	  0.527
	  0.283	 -0.498	  0.820

4 	   9.85	  -2.01	  -1.09
	  0.630	 -0.740	  0.234
	  0.759	  0.523	 -0.387
	  0.164	  0.422	  0.891

5 	   9.60	  -2.62	   1.67
	  0.367	 -0.172	  0.914
	  0.176	 -0.952	 -0.249
	  0.914	  0.251	 -0.319

6 	  10.88	  -3.10	   4.18
	  0.231	 -0.039	  0.972
	  0.595	  0.796	 -0.107
	 -0.772	  0.602	  0.206

7 	  11.16	  -0.27	   0.09
	  0.391	 -0.097	  0.915
	  0.178	  0.983	  0.029
	 -0.903	  0.151	  0.401

8 	   9.62	   2.20	   2.00
	  0.245	  0.454	  0.856
	 -0.109	 -0.865	  0.489
	  0.963	 -0.213	 -0.163

9 	  10.95	   2.76	   4.68
	  0.342	  0.069	  0.937
	 -0.706	  0.678	  0.205
	 -0.625	 -0.729	  0.279

2 	   8.16	  -2.20	   5.66
	 -0.025	  0.981	 -0.190
	 -1.000	 -0.023	  0.008
	  0.004	  0.189	  0.982

3 	   9.89	   1.73	  -0.96
	  0.646	  0.732	  0.216
	 -0.708	  0.469	  0.528
	  0.286	 -0.494	  0.821

4 	   9.85	  -2.02	  -1.09
	  0.635	 -0.735	  0.238
	  0.755	  0.524	 -0.393
	  0.164	  0.429	  0.888

5 	   9.64	  -2.64	   1.68
	  0.375	 -0.171	  0.911
	  0.181	 -0.951	 -0.251
	  0.910	  0.258	 -0.325

6 	  10.90	  -3.10	   4.18
	  0.238	 -0.035	  0.970
	  0.595	  0.795	 -0.115
	 -0.770	  0.603	  0.209

7 	  11.17	  -0.28	   0.08
	  0.395	 -0.097	  0.913
	  0.182	  0.983	  0.026
	 -0.901	  0.156	  0.405

8 	   9.66	   2.20	   1.99
	  0.257	  0.452	  0.854
	 -0.120	 -0.863	  0.491
	  0.959	 -0.228	 -0.168

9 	  11.00	   2.74	   4.67
	  0.346	  0.064	  0.935
	 -0.693	  0.690	  0.206
	 -0.636	 -0.718	  0.283

2 	   8.16	  -2.20	   5.66
	 -0.025	  0.981	 -0.190
	 -1.000	 -0.023	  0.008
	  0.004	  0.189	  0.982

3 	   9.91	   1.70	  -0.98
	  0.656	  0.725	  0.211
	 -0.702	  0.480	  0.526
	  0.281	 -0.494	  0.823

4 	   9.84	  -2.04	  -1.08
	  0.633	 -0.735	  0.242
	  0.756	  0.520	 -0.398
	  0.167	  0.435	  0.885

5 	   9.62	  -2.65	   1.69
	  0.370	 -0.167	  0.914
	  0.178	 -0.953	 -0.245
	  0.912	  0.252	 -0.323

6 	  10.88	  -3.11	   4.19
	  0.237	 -0.032	  0.971
	  0.603	  0.789	 -0.119
	 -0.764	  0.612	  0.205

7 	  11.17	  -0.31	   0.07
	  0.402	 -0.093	  0.911
	  0.189	  0.982	  0.017
	 -0.896	  0.165	  0.412

8 	   9.67	   2.19	   1.98
	  0.261	  0.453	  0.852
	 -0.125	 -0.860	  0.495
	  0.957	 -0.235	 -0.168

9 	  11.03	   2.74	   4.65
	  0.346	  0.067	  0.935
	 -0.684	  0.701	  0.200
	 -0.645	 -0.707	  0.288

2 	   8.17	  -2.20	   5.66
	 -0.025	  0.981	 -0.190
	 -1.000	 -0.023	  0.008
	  0.005	  0.189	  0.982

3 	   9.91	   1.68	  -0.99
	  0.662	  0.721	  0.204
	 -0.695	  0.488	  0.527
	  0.282	 -0.491	  0.824

4 	   9.83	  -2.07	  -1.06
	  0.634	 -0.733	  0.247
	  0.754	  0.515	 -0.407
	  0.171	  0.444	  0.879

5 	   9.62	  -2.67	   1.71
	  0.378	 -0.171	  0.910
	  0.172	 -0.953	 -0.249
	  0.910	  0.250	 -0.330

6 	  10.93	  -3.13	   4.19
	  0.252	 -0.033	  0.967
	  0.606	  0.785	 -0.129
	 -0.757	  0.617	  0.217

7 	  11.16	  -0.32	   0.07
	  0.404	 -0.091	  0.910
	  0.193	  0.981	  0.013
	 -0.894	  0.170	  0.414

8 	   9.81	   2.24	   2.00
	  0.309	  0.473	  0.825
	 -0.114	 -0.843	  0.525
	  0.944	 -0.256	 -0.207

9 	  11.30	   2.87	   4.56
	  0.389	  0.095	  0.916
	 -0.670	  0.714	  0.206
	 -0.638	 -0.691	  0.340

2 	   8.16	  -2.20	   5.66
	 -0.025	  0.981	 -0.191
	 -1.000	 -0.023	  0.008
	  0.004	  0.190	  0.982

3 	   9.92	   1.68	  -0.99
	  0.675	  0.711	  0.193
	 -0.682	  0.503	  0.531
	  0.281	 -0.491	  0.824

4 	   9.83	  -2.07	  -1.06
	  0.637	 -0.731	  0.244
	  0.752	  0.519	 -0.407
	  0.171	  0.443	  0.880

5 	   9.76	  -2.72	   1.71
	  0.432	 -0.193	  0.881
	  0.172	 -0.942	 -0.289
	  0.886	  0.275	 -0.373

6 	  11.22	  -3.24	   4.06
	  0.314	 -0.053	  0.948
	  0.600	  0.785	 -0.152
	 -0.739	  0.614	  0.277

7 	  11.16	  -0.32	   0.07
	  0.399	 -0.096	  0.912
	  0.201	  0.979	  0.015
	 -0.895	  0.177	  0.410

8 	  10.04	   2.34	   2.00
	  0.390	  0.501	  0.772
	 -0.075	 -0.819	  0.568
	  0.918	 -0.279	 -0.282

9 	  11.72	   3.03	   4.38
	  0.469	  0.120	  0.875
	 -0.638	  0.732	  0.238
	 -0.616	 -0.668	  0.418

2 	   8.16	  -2.20	   5.66
	 -0.025	  0.981	 -0.191
	 -1.000	 -0.023	  0.007
	  0.004	  0.190	  0.982

3 	   9.94	   1.69	  -0.98
	  0.686	  0.705	  0.180
	 -0.670	  0.513	  0.536
	  0.286	 -0.489	  0.824

4 	   9.86	  -2.05	  -1.08
	  0.650	 -0.724	  0.230
	  0.742	  0.541	 -0.395
	  0.161	  0.428	  0.889

5 	   9.98	  -2.79	   1.67
	  0.513	 -0.201	  0.835
	  0.190	 -0.922	 -0.337
	  0.838	  0.330	 -0.434

6 	  11.65	  -3.30	   3.85
	  0.398	 -0.067	  0.915
	  0.558	  0.810	 -0.181
	 -0.731	  0.580	  0.358

7 	  11.15	  -0.32	   0.07
	  0.391	 -0.100	  0.915
	  0.205	  0.978	  0.020
	 -0.897	  0.179	  0.403

8 	  10.27	   2.39	   1.97
	  0.477	  0.504	  0.720
	 -0.042	 -0.805	  0.591
	  0.878	 -0.311	 -0.363

9 	  12.18	   3.06	   4.13
	  0.556	  0.120	  0.822
	 -0.591	  0.754	  0.287
	 -0.590	 -0.642	  0.490

2 	   8.16	  -2.20	   5.66
	 -0.025	  0.981	 -0.191
	 -1.000	 -0.023	  0.007
	  0.004	  0.190	  0.982

3 	   9.94	   1.69	  -0.99
	  0.703	  0.695	  0.153
	 -0.645	  0.529	  0.552
	  0.303	 -0.487	  0.819

4 	   9.84	  -2.03	  -1.11
	  0.667	 -0.718	  0.200
	  0.726	  0.565	 -0.391
	  0.168	  0.406	  0.898

5 	  10.31	  -2.86	   1.57
	  0.642	 -0.216	  0.735
	  0.166	 -0.898	 -0.407
	  0.749	  0.382	 -0.541

6 	  12.26	  -3.36	   3.41
	  0.539	 -0.085	  0.838
	  0.510	  0.826	 -0.241
	 -0.674	  0.554	  0.488

7 	  11.14	  -0.31	   0.07
	  0.391	 -0.106	  0.914
	  0.211	  0.977	  0.023
	 -0.896	  0.183	  0.404

8 	  10.55	   2.44	   1.92
	  0.578	  0.502	  0.643
	  0.006	 -0.791	  0.612
	  0.815	 -0.350	 -0.461

9 	  12.70	   3.07	   3.74
	  0.671	  0.108	  0.733
	 -0.519	  0.776	  0.358
	 -0.532	 -0.620	  0.577

2 	   8.16	  -2.20	   5.66
	 -0.025	  0.981	 -0.191
	 -1.000	 -0.023	  0.007
	  0.004	  0.190	  0.982

3 	   9.92	   1.71	  -1.00
	  0.718	  0.685	  0.124
	 -0.616	  0.541	  0.572
	  0.326	 -0.488	  0.810

4 	   9.84	  -2.00	  -1.13
	  0.683	 -0.710	  0.171
	  0.709	  0.590	 -0.386
	  0.173	  0.385	  0.906

5 	  10.53	  -2.87	   1.45
	  0.730	 -0.212	  0.649
	  0.146	 -0.881	 -0.451
	  0.668	  0.423	 -0.612

6 	  12.67	  -3.34	   3.02
	  0.634	 -0.087	  0.768
	  0.461	  0.841	 -0.283
	 -0.625	  0.531	  0.573

7 	  11.13	  -0.29	   0.06
	  0.395	 -0.112	  0.912
	  0.217	  0.976	  0.026
	 -0.893	  0.187	  0.409

8 	  10.79	   2.48	   1.83
	  0.647	  0.499	  0.576
	  0.048	 -0.781	  0.622
	  0.760	 -0.375	 -0.530

9 	  13.06	   3.10	   3.43
	  0.737	  0.109	  0.667
	 -0.476	  0.785	  0.396
	 -0.482	 -0.608	  0.631

2 	   8.16	  -2.20	   5.66
	 -0.025	  0.981	 -0.191
	 -1.000	 -0.023	  0.007
	  0.004	  0.190	  0.982

3 	   9.93	   1.72	  -1.02
	  0.732	  0.673	  0.103
	 -0.592	  0.553	  0.586
	  0.338	 -0.490	  0.803

4 	   9.83	  -1.97	  -1.15
	  0.693	 -0.706	  0.146
	  0.698	  0.608	 -0.378
	  0.177	  0.364	  0.914

5 	  10.70	  -2.86	   1.34
	  0.786	 -0.202	  0.584
	  0.132	 -0.870	 -0.476
	  0.604	  0.450	 -0.657

6 	  12.94	  -3.30	   2.72
	  0.695	 -0.082	  0.714
	  0.421	  0.852	 -0.311
	 -0.584	  0.515	  0.627

7 	  11.12	  -0.29	   0.06
	  0.394	 -0.116	  0.911
	  0.220	  0.975	  0.030
	 -0.892	  0.188	  0.410

8 	  10.94	   2.52	   1.74
	  0.696	  0.493	  0.521
	  0.069	 -0.769	  0.635
	  0.714	 -0.406	 -0.570

9 	  13.32	   3.10	   3.14
	  0.787	  0.101	  0.608
	 -0.424	  0.805	  0.413
	 -0.449	 -0.583	  0.677

2 	   8.16	  -2.20	   5.66
	 -0.025	  0.981	 -0.191
	 -1.000	 -0.023	  0.008
	  0.004	  0.190	  0.982

3 	   9.91	   1.72	  -1.02
	  0.743	  0.664	  0.081
	 -0.569	  0.562	  0.600
	  0.354	 -0.492	  0.795

4 	   9.83	  -1.95	  -1.16
	  0.709	 -0.695	  0.115
	  0.678	  0.630	 -0.378
	  0.191	  0.346	  0.918

5 	  10.89	  -2.86	   1.20
	  0.840	 -0.203	  0.503
	  0.097	 -0.856	 -0.507
	  0.534	  0.474	 -0.700

6 	  13.24	  -3.28	   2.31
	  0.765	 -0.088	  0.638
	  0.378	  0.863	 -0.334
	 -0.523	  0.495	  0.694

7 	  11.12	  -0.28	   0.06
	  0.395	 -0.121	  0.910
	  0.220	  0.975	  0.035
	 -0.892	  0.186	  0.411

8 	  11.12	   2.56	   1.63
	  0.746	  0.487	  0.454
	  0.095	 -0.753	  0.651
	  0.659	 -0.443	 -0.608

9 	  13.59	   3.08	   2.76
	  0.843	  0.085	  0.531
	 -0.354	  0.831	  0.428
	 -0.406	 -0.549	  0.731

2 	   8.16	  -2.20	   5.66
	 -0.025	  0.981	 -0.191
	 -1.000	 -0.023	  0.007
	  0.004	  0.189	  0.982

3 	   9.92	   1.72	  -1.03
	  0.753	  0.655	  0.059
	 -0.548	  0.574	  0.609
	  0.365	 -0.491	  0.790

4 	   9.83	  -1.93	  -1.19
	  0.720	 -0.689	  0.082
	  0.661	  0.646	 -0.380
	  0.209	  0.328	  0.921

5 	  11.00	  -2.87	   1.10
	  0.867	 -0.203	  0.454
	  0.080	 -0.844	 -0.530
	  0.491	  0.495	 -0.717

6 	  13.40	  -3.27	   2.05
	  0.801	 -0.087	  0.592
	  0.345	  0.875	 -0.338
	 -0.490	  0.474	  0.732

7 	  11.13	  -0.27	   0.06
	  0.397	 -0.128	  0.909
	  0.222	  0.974	  0.041
	 -0.891	  0.184	  0.414

8 	  11.25	   2.55	   1.53
	  0.782	  0.475	  0.403
	  0.114	 -0.746	  0.656
	  0.612	 -0.467	 -0.638

9 	  13.78	   3.02	   2.49
	  0.877	  0.067	  0.475
	 -0.303	  0.845	  0.440
	 -0.372	 -0.531	  0.761

2 	   8.16	  -2.20	   5.66
	 -0.025	  0.981	 -0.190
	 -1.000	 -0.023	  0.007
	  0.004	  0.189	  0.982

3 	   9.91	   1.72	  -1.05
	  0.761	  0.647	  0.040
	 -0.529	  0.584	  0.615
	  0.375	 -0.490	  0.786

4 	   9.83	  -1.92	  -1.20
	  0.728	 -0.683	  0.056
	  0.647	  0.658	 -0.384
	  0.226	  0.316	  0.921

5 	  11.07	  -2.87	   1.02
	  0.886	 -0.200	  0.419
	  0.069	 -0.836	 -0.544
	  0.459	  0.510	 -0.727

6 	  13.50	  -3.24	   1.87
	  0.824	 -0.083	  0.560
	  0.320	  0.884	 -0.340
	 -0.468	  0.459	  0.755

7 	  11.13	  -0.27	   0.06
	  0.398	 -0.131	  0.908
	  0.222	  0.974	  0.044
	 -0.890	  0.184	  0.417

8 	  11.31	   2.55	   1.48
	  0.800	  0.468	  0.375
	  0.128	 -0.744	  0.656
	  0.587	 -0.477	 -0.655

9 	  13.88	   2.97	   2.32
	  0.897	  0.053	  0.439
	 -0.272	  0.850	  0.451
	 -0.349	 -0.525	  0.776

2 	   8.16	  -2.20	   5.66
	 -0.025	  0.981	 -0.191
	 -1.000	 -0.023	  0.007
	  0.004	  0.190	  0.982

3 	   9.91	   1.71	  -1.05
	  0.763	  0.645	  0.031
	 -0.522	  0.587	  0.618
	  0.381	 -0.489	  0.784

4 	   9.82	  -1.93	  -1.21
	  0.733	 -0.679	  0.047
	  0.639	  0.663	 -0.389
	  0.233	  0.315	  0.920

5 	  11.08	  -2.88	   1.00
	  0.890	 -0.200	  0.410
	  0.067	 -0.832	 -0.550
	  0.451	  0.516	 -0.728

6 	  13.53	  -3.24	   1.81
	  0.831	 -0.083	  0.549
	  0.312	  0.888	 -0.338
	 -0.461	  0.452	  0.764

7 	  11.12	  -0.27	   0.05
	  0.401	 -0.132	  0.906
	  0.221	  0.974	  0.045
	 -0.889	  0.182	  0.419

8 	  11.32	   2.55	   1.45
	  0.802	  0.473	  0.365
	  0.139	 -0.742	  0.656
	  0.581	 -0.476	 -0.660

9 	  13.89	   3.00	   2.27
	  0.902	  0.058	  0.428
	 -0.271	  0.848	  0.455
	 -0.337	 -0.527	  0.780

2 	   8.16	  -2.20	   5.66
	 -0.025	  0.981	 -0.190
	 -1.000	 -0.023	  0.007
	  0.004	  0.189	  0.982

3 	   9.89	   1.71	  -1.05
	  0.760	  0.649	  0.024
	 -0.521	  0.587	  0.620
	  0.389	 -0.484	  0.783

4 	   9.82	  -1.93	  -1.21
	  0.734	 -0.678	  0.043
	  0.637	  0.664	 -0.391
	  0.237	  0.315	  0.919

5 	  11.04	  -3.01	   0.92
	  0.877	 -0.265	  0.401
	  0.024	 -0.810	 -0.586
	  0.480	  0.523	 -0.704

6 	  13.47	  -3.53	   1.67
	  0.833	 -0.149	  0.532
	  0.348	  0.890	 -0.295
	 -0.430	  0.430	  0.794

7 	  11.12	  -0.27	   0.05
	  0.404	 -0.133	  0.905
	  0.217	  0.975	  0.048
	 -0.889	  0.176	  0.422

8 	  11.25	   2.68	   1.39
	  0.766	  0.549	  0.333
	  0.220	 -0.711	  0.668
	  0.604	 -0.439	 -0.665

9 	  13.79	   3.42	   2.11
	  0.904	  0.153	  0.399
	 -0.338	  0.829	  0.445
	 -0.263	 -0.537	  0.801

2 	   8.16	  -2.20	   5.66
	 -0.024	  0.981	 -0.190
	 -1.000	 -0.022	  0.007
	  0.004	  0.189	  0.982

3 	   9.86	   1.69	  -1.07
	  0.747	  0.664	  0.010
	 -0.527	  0.584	  0.617
	  0.405	 -0.467	  0.786

4 	   9.80	  -1.93	  -1.21
	  0.727	 -0.685	  0.032
	  0.639	  0.659	 -0.396
	  0.250	  0.309	  0.917

5 	  10.93	  -3.21	   0.83
	  0.840	 -0.371	  0.396
	 -0.041	 -0.771	 -0.635
	  0.541	  0.516	 -0.663

6 	  13.30	  -4.02	   1.51
	  0.812	 -0.265	  0.519
	  0.430	  0.874	 -0.226
	 -0.395	  0.405	  0.824

7 	  11.11	  -0.28	   0.05
	  0.406	 -0.132	  0.904
	  0.212	  0.976	  0.048
	 -0.889	  0.172	  0.424

8 	  11.12	   2.86	   1.31
	  0.705	  0.642	  0.300
	  0.313	 -0.661	  0.682
	  0.637	 -0.388	 -0.666

9 	  13.60	   3.92	   1.95
	  0.889	  0.269	  0.370
	 -0.422	  0.797	  0.433
	 -0.179	 -0.540	  0.822

2 	   8.16	  -2.20	   5.66
	 -0.024	  0.981	 -0.191
	 -1.000	 -0.022	  0.008
	  0.004	  0.189	  0.982

3 	   9.83	   1.67	  -1.09
	  0.731	  0.682	 -0.008
	 -0.537	  0.582	  0.610
	  0.422	 -0.443	  0.791

4 	   9.78	  -1.95	  -1.22
	  0.717	 -0.697	  0.022
	  0.643	  0.649	 -0.406
	  0.269	  0.305	  0.913

5 	  10.77	  -3.39	   0.74
	  0.789	 -0.478	  0.386
	 -0.115	 -0.732	 -0.672
	  0.604	  0.485	 -0.632

6 	  13.01	  -4.57	   1.38
	  0.764	 -0.396	  0.508
	  0.544	  0.820	 -0.176
	 -0.350	  0.409	  0.843

7 	  11.10	  -0.29	   0.04
	  0.408	 -0.133	  0.903
	  0.209	  0.976	  0.049
	 -0.889	  0.168	  0.426

8 	  10.98	   3.00	   1.25
	  0.634	  0.723	  0.274
	  0.392	 -0.605	  0.692
	  0.668	 -0.332	 -0.666

9 	  13.35	   4.39	   1.82
	  0.858	  0.379	  0.346
	 -0.504	  0.755	  0.419
	 -0.104	 -0.534	  0.839

2 	   8.16	  -2.20	   5.66
	 -0.024	  0.981	 -0.190
	 -1.000	 -0.022	  0.008
	  0.005	  0.189	  0.982

3 	   9.82	   1.66	  -1.10
	  0.725	  0.688	 -0.014
	 -0.542	  0.581	  0.607
	  0.427	 -0.433	  0.794

4 	   9.75	  -1.96	  -1.21
	  0.703	 -0.711	  0.022
	  0.652	  0.631	 -0.419
	  0.284	  0.309	  0.907

5 	  10.59	  -3.55	   0.69
	  0.721	 -0.584	  0.372
	 -0.207	 -0.694	 -0.690
	  0.661	  0.421	 -0.621

6 	  12.64	  -5.06	   1.26
	  0.702	 -0.517	  0.489
	  0.660	  0.730	 -0.175
	 -0.270	  0.445	  0.854

7 	  11.10	  -0.29	   0.04
	  0.410	 -0.133	  0.902
	  0.210	  0.976	  0.049
	 -0.888	  0.169	  0.428

8 	  10.82	   3.14	   1.16
	  0.552	  0.797	  0.243
	  0.450	 -0.530	  0.719
	  0.703	 -0.288	 -0.650

9 	  13.04	   4.83	   1.67
	  0.812	  0.484	  0.324
	 -0.581	  0.721	  0.377
	 -0.052	 -0.495	  0.867

2 	   8.16	  -2.20	   5.66
	 -0.024	  0.981	 -0.190
	 -1.000	 -0.022	  0.008
	  0.005	  0.189	  0.982

3 	   9.82	   1.63	  -1.12
	  0.712	  0.701	 -0.025
	 -0.549	  0.578	  0.603
	  0.438	 -0.416	  0.796

4 	   9.74	  -1.96	  -1.22
	  0.686	 -0.727	  0.014
	  0.662	  0.616	 -0.427
	  0.302	  0.302	  0.904

5 	  10.39	  -3.67	   0.61
	  0.634	 -0.696	  0.336
	 -0.331	 -0.637	 -0.696
	  0.699	  0.330	 -0.634

6 	  12.18	  -5.57	   1.05
	  0.614	 -0.645	  0.454
	  0.774	  0.606	 -0.183
	 -0.162	  0.463	  0.871

7 	  11.11	  -0.31	   0.04
	  0.410	 -0.130	  0.902
	  0.204	  0.978	  0.049
	 -0.889	  0.163	  0.427

8 	  10.66	   3.27	   1.06
	  0.464	  0.862	  0.205
	  0.511	 -0.448	  0.733
	  0.725	 -0.235	 -0.647

9 	  12.68	   5.26	   1.49
	  0.750	  0.592	  0.294
	 -0.661	  0.664	  0.349
	  0.011	 -0.456	  0.890

2 	   8.16	  -2.20	   5.66
	 -0.025	  0.981	 -0.190
	 -1.000	 -0.023	  0.008
	  0.004	  0.189	  0.982

3 	   9.81	   1.62	  -1.14
	  0.699	  0.714	 -0.035
	 -0.556	  0.573	  0.601
	  0.451	 -0.401	  0.797

4 	   9.72	  -1.94	  -1.25
	  0.666	 -0.746	  0.002
	  0.675	  0.601	 -0.429
	  0.319	  0.287	  0.903

5 	  10.15	  -3.78	   0.50
	  0.528	 -0.793	  0.305
	 -0.428	 -0.557	 -0.712
	  0.735	  0.245	 -0.632

6 	  11.65	  -5.96	   0.85
	  0.510	 -0.747	  0.426
	  0.856	  0.489	 -0.165
	 -0.088	  0.448	  0.889

7 	  11.11	  -0.30	   0.05
	  0.407	 -0.133	  0.903
	  0.192	  0.979	  0.058
	 -0.893	  0.150	  0.424

8 	  10.49	   3.35	   1.00
	  0.374	  0.909	  0.182
	  0.567	 -0.378	  0.731
	  0.735	 -0.170	 -0.656

9 	  12.29	   5.62	   1.33
	  0.676	  0.687	  0.266
	 -0.732	  0.583	  0.351
	  0.087	 -0.433	  0.897

2 	   8.16	  -2.20	   5.66
	 -0.024	  0.981	 -0.190
	 -1.000	 -0.022	  0.008
	  0.005	  0.189	  0.982

3 	   9.80	   1.62	  -1.16
	  0.685	  0.727	 -0.042
	 -0.565	  0.566	  0.600
	  0.462	 -0.387	  0.798

4 	   9.72	  -1.92	  -1.27
	  0.654	 -0.756	 -0.001
	  0.683	  0.591	 -0.428
	  0.325	  0.279	  0.904

5 	   9.88	  -3.81	   0.45
	  0.412	 -0.854	  0.316
	 -0.452	 -0.492	 -0.744
	  0.793	  0.163	 -0.587

6 	  11.06	  -6.21	   0.86
	  0.388	 -0.811	  0.437
	  0.919	  0.378	 -0.112
	 -0.078	  0.446	  0.891

7 	  11.11	  -0.30	   0.05
	  0.406	 -0.133	  0.904
	  0.183	  0.981	  0.063
	 -0.896	  0.140	  0.422

8 	  10.31	   3.41	   0.94
	  0.276	  0.947	  0.164
	  0.617	 -0.303	  0.726
	  0.739	 -0.098	 -0.666

9 	  11.82	   5.93	   1.24
	  0.572	  0.778	  0.259
	 -0.808	  0.477	  0.345
	  0.146	 -0.407	  0.901

2 	   8.16	  -2.20	   5.66
	 -0.024	  0.981	 -0.190
	 -1.000	 -0.022	  0.008
	  0.004	  0.189	  0.982

3 	   9.78	   1.60	  -1.18
	  0.668	  0.742	 -0.051
	 -0.575	  0.558	  0.598
	  0.474	 -0.370	  0.799

4 	   9.71	  -1.92	  -1.30
	  0.637	 -0.771	 -0.007
	  0.696	  0.579	 -0.424
	  0.331	  0.265	  0.905

5 	   9.66	  -3.80	   0.41
	  0.304	 -0.903	  0.303
	 -0.514	 -0.422	 -0.747
	  0.803	  0.070	 -0.591

6 	  10.52	  -6.40	   0.75
	  0.278	 -0.863	  0.422
	  0.960	  0.251	 -0.120
	 -0.004	  0.439	  0.898

7 	  11.11	  -0.29	   0.05
	  0.405	 -0.126	  0.906
	  0.168	  0.984	  0.062
	 -0.899	  0.127	  0.419

8 	  10.12	   3.47	   0.86
	  0.179	  0.975	  0.134
	  0.658	 -0.218	  0.721
	  0.733	 -0.040	 -0.679

9 	  11.32	   6.17	   1.08
	  0.472	  0.849	  0.235
	 -0.858	  0.379	  0.347
	  0.208	 -0.366	  0.907

2 	   8.16	  -2.20	   5.66
	 -0.025	  0.981	 -0.190
	 -1.000	 -0.023	  0.008
	  0.004	  0.189	  0.982

3 	   9.74	   1.60	  -1.19
	  0.649	  0.758	 -0.059
	 -0.588	  0.549	  0.594
	  0.484	 -0.351	  0.801

4 	   9.68	  -1.91	  -1.33
	  0.627	 -0.778	 -0.013
	  0.701	  0.571	 -0.427
	  0.341	  0.258	  0.904

5 	   9.53	  -3.80	   0.38
	  0.244	 -0.925	  0.290
	 -0.549	 -0.377	 -0.746
	  0.800	  0.023	 -0.599

6 	  10.23	  -6.45	   0.71
	  0.220	 -0.884	  0.413
	  0.974	  0.178	 -0.136
	  0.045	  0.433	  0.900

7 	  11.09	  -0.29	   0.03
	  0.410	 -0.123	  0.903
	  0.163	  0.984	  0.061
	 -0.897	  0.121	  0.424

8 	  10.01	   3.48	   0.85
	  0.130	  0.983	  0.132
	  0.680	 -0.184	  0.710
	  0.723	 -0.001	 -0.691

9 	  11.07	   6.28	   1.09
	  0.422	  0.875	  0.235
	 -0.874	  0.323	  0.364
	  0.244	 -0.359	  0.901

2 	   8.16	  -2.20	   5.66
	 -0.024	  0.981	 -0.191
	 -1.000	 -0.022	  0.007
	  0.004	  0.189	  0.982

3 	   9.71	   1.61	  -1.19
	  0.641	  0.764	 -0.061
	 -0.592	  0.543	  0.595
	  0.489	 -0.346	  0.800

4 	   9.66	  -1.90	  -1.33
	  0.626	 -0.779	 -0.015
	  0.699	  0.570	 -0.430
	  0.344	  0.259	  0.902

5 	   9.49	  -3.74	   0.44
	  0.224	 -0.919	  0.323
	 -0.546	 -0.392	 -0.740
	  0.808	 -0.011	 -0.589

6 	  10.12	  -6.39	   0.94
	  0.186	 -0.868	  0.461
	  0.981	  0.143	 -0.126
	  0.042	  0.477	  0.878

7 	  11.08	  -0.27	   0.02
	  0.417	 -0.126	  0.900
	  0.164	  0.984	  0.062
	 -0.894	  0.121	  0.431

8 	   9.98	   3.43	   0.97
	  0.125	  0.975	  0.185
	  0.676	 -0.219	  0.703
	  0.727	  0.038	 -0.685

9 	  11.04	   6.21	   1.42
	  0.413	  0.861	  0.297
	 -0.878	  0.289	  0.380
	  0.243	 -0.417	  0.875

2 	   8.16	  -2.20	   5.66
	 -0.024	  0.981	 -0.191
	 -1.000	 -0.022	  0.007
	  0.004	  0.189	  0.982

3 	   9.71	   1.64	  -1.17
	  0.646	  0.762	 -0.039
	 -0.596	  0.534	  0.600
	  0.479	 -0.364	  0.798

4 	   9.67	  -1.91	  -1.32
	  0.634	 -0.773	  0.014
	  0.698	  0.563	 -0.442
	  0.334	  0.290	  0.896

5 	   9.45	  -3.63	   0.64
	  0.217	 -0.886	  0.410
	 -0.517	 -0.460	 -0.722
	  0.828	 -0.056	 -0.557

6 	  10.09	  -6.19	   1.45
	  0.174	 -0.813	  0.556
	  0.985	  0.146	 -0.094
	 -0.006	  0.565	  0.825

7 	  11.08	  -0.26	   0.02
	  0.417	 -0.131	  0.899
	  0.174	  0.983	  0.062
	 -0.892	  0.130	  0.432

8 	   9.97	   3.25	   1.20
	  0.141	  0.944	  0.298
	  0.627	 -0.317	  0.711
	  0.767	  0.087	 -0.636

9 	  11.10	   5.90	   2.07
	  0.420	  0.801	  0.426
	 -0.891	  0.271	  0.364
	  0.177	 -0.532	  0.828

2 	   8.16	  -2.20	   5.66
	 -0.024	  0.981	 -0.191
	 -1.000	 -0.022	  0.008
	  0.004	  0.190	  0.982

3 	   9.76	   1.67	  -1.14
	  0.667	  0.745	  0.014
	 -0.603	  0.528	  0.598
	  0.438	 -0.408	  0.801

4 	   9.66	  -1.93	  -1.27
	  0.624	 -0.780	  0.049
	  0.712	  0.542	 -0.446
	  0.322	  0.313	  0.893

5 	   9.41	  -3.45	   0.91
	  0.240	 -0.798	  0.553
	 -0.426	 -0.598	 -0.679
	  0.873	 -0.073	 -0.483

6 	  10.19	  -5.76	   2.23
	  0.188	 -0.691	  0.698
	  0.973	  0.225	 -0.039
	 -0.132	  0.688	  0.713

7 	  11.07	  -0.28	   0.03
	  0.411	 -0.132	  0.902
	  0.191	  0.980	  0.057
	 -0.891	  0.148	  0.428

8 	   9.96	   2.97	   1.49
	  0.170	  0.878	  0.447
	  0.544	 -0.460	  0.702
	  0.823	  0.125	 -0.555

9 	  11.15	   5.37	   2.88
	  0.418	  0.697	  0.583
	 -0.905	  0.264	  0.333
	  0.078	 -0.667	  0.741

2 	   8.16	  -2.20	   5.66
	 -0.024	  0.981	 -0.190
	 -1.000	 -0.022	  0.008
	  0.004	  0.189	  0.982

3 	   9.79	   1.67	  -1.10
	  0.673	  0.736	  0.063
	 -0.622	  0.517	  0.588
	  0.401	 -0.435	  0.806

4 	   9.69	  -1.97	  -1.22
	  0.630	 -0.771	  0.094
	  0.718	  0.531	 -0.450
	  0.297	  0.351	  0.888

5 	   9.39	  -3.30	   1.11
	  0.248	 -0.705	  0.664
	 -0.318	 -0.707	 -0.632
	  0.915	 -0.054	 -0.399

6 	  10.23	  -5.37	   2.79
	  0.183	 -0.582	  0.792
	  0.950	  0.311	  0.010
	 -0.255	  0.752	  0.608

7 	  11.07	  -0.29	   0.04
	  0.404	 -0.125	  0.906
	  0.196	  0.979	  0.048
	 -0.894	  0.157	  0.420

8 	   9.93	   2.72	   1.68
	  0.186	  0.814	  0.549
	  0.479	 -0.562	  0.673
	  0.858	  0.138	 -0.494

9 	  11.16	   4.94	   3.39
	  0.411	  0.608	  0.679
	 -0.912	  0.274	  0.306
	 -0.001	 -0.745	  0.667

2 	   8.16	  -2.20	   5.66
	 -0.024	  0.981	 -0.191
	 -1.000	 -0.022	  0.007
	  0.004	  0.190	  0.982

3 	   9.81	   1.67	  -1.07
	  0.681	  0.726	  0.098
	 -0.632	  0.513	  0.580
	  0.372	 -0.457	  0.808

4 	   9.67	  -1.99	  -1.20
	  0.617	 -0.778	  0.114
	  0.733	  0.516	 -0.444
	  0.286	  0.358	  0.889

5 	   9.34	  -3.10	   1.29
	  0.262	 -0.584	  0.768
	 -0.212	 -0.811	 -0.545
	  0.941	 -0.020	 -0.337

6 	  10.27	  -4.82	   3.31
	  0.189	 -0.447	  0.874
	  0.918	  0.396	  0.006
	 -0.352	  0.802	  0.483

7 	  11.07	  -0.32	   0.04
	  0.399	 -0.125	  0.908
	  0.206	  0.977	  0.044
	 -0.894	  0.169	  0.416

8 	   9.88	   2.57	   1.78
	  0.205	  0.750	  0.628
	  0.403	 -0.649	  0.645
	  0.892	  0.121	 -0.435

9 	  11.17	   4.51	   3.75
	  0.412	  0.513	  0.752
	 -0.907	  0.311	  0.282
	 -0.092	 -0.799	  0.594

2 	   8.16	  -2.20	   5.66
	 -0.024	  0.981	 -0.190
	 -1.000	 -0.022	  0.008
	  0.004	  0.189	  0.982

3 	   9.82	   1.68	  -1.07
	  0.682	  0.723	  0.114
	 -0.639	  0.510	  0.576
	  0.359	 -0.465	  0.809

4 	   9.67	  -2.00	  -1.16
	  0.618	 -0.772	  0.148
	  0.739	  0.506	 -0.443
	  0.268	  0.383	  0.884

5 	   9.37	  -2.88	   1.45
	  0.287	 -0.451	  0.845
	 -0.107	 -0.892	 -0.439
	  0.952	  0.035	 -0.304

6 	  10.39	  -4.25	   3.72
	  0.199	 -0.312	  0.929
	  0.877	  0.479	 -0.025
	 -0.440	  0.819	  0.367

7 	  11.07	  -0.32	   0.04
	  0.400	 -0.118	  0.908
	  0.207	  0.977	  0.036
	 -0.893	  0.173	  0.416

8 	   9.80	   2.44	   1.85
	  0.217	  0.678	  0.702
	  0.274	 -0.732	  0.623
	  0.937	  0.057	 -0.344

9 	  11.12	   4.02	   4.10
	  0.395	  0.395	  0.829
	 -0.882	  0.418	  0.219
	 -0.264	 -0.817	  0.512

2 	   8.16	  -2.20	   5.66
	 -0.024	  0.981	 -0.190
	 -1.000	 -0.022	  0.008
	  0.004	  0.189	  0.982

3 	   9.84	   1.70	  -1.04
	  0.681	  0.718	  0.140
	 -0.651	  0.507	  0.565
	  0.336	 -0.476	  0.812

4 	   9.66	  -2.00	  -1.16
	  0.605	 -0.781	  0.154
	  0.755	  0.501	 -0.423
	  0.253	  0.372	  0.893

5 	   9.40	  -2.68	   1.54
	  0.320	 -0.310	  0.895
	  0.000	 -0.945	 -0.327
	  0.947	  0.105	 -0.302

6 	  10.49	  -3.64	   3.99
	  0.202	 -0.178	  0.963
	  0.833	  0.547	 -0.071
	 -0.517	  0.816	  0.257

7 	  11.08	  -0.31	   0.04
	  0.397	 -0.116	  0.910
	  0.210	  0.977	  0.033
	 -0.894	  0.177	  0.412

8 	   9.72	   2.28	   1.92
	  0.236	  0.575	  0.783
	  0.135	 -0.817	  0.560
	  0.962	 -0.027	 -0.270

9 	  11.07	   3.48	   4.41
	  0.377	  0.264	  0.887
	 -0.844	  0.494	  0.209
	 -0.388	 -0.827	  0.408

2 	   8.16	  -2.20	   5.66
	 -0.024	  0.981	 -0.191
	 -1.000	 -0.022	  0.007
	  0.004	  0.190	  0.982

3 	   9.84	   1.73	  -1.02
	  0.676	  0.719	  0.162
	 -0.663	  0.496	  0.560
	  0.323	 -0.486	  0.812

4 	   9.68	  -1.99	  -1.16
	  0.602	 -0.782	  0.162
	  0.764	  0.504	 -0.402
	  0.232	  0.366	  0.901

5 	   9.43	  -2.52	   1.59
	  0.334	 -0.194	  0.922
	  0.102	 -0.965	 -0.240
	  0.937	  0.174	 -0.303

6 	  10.56	  -3.20	   4.14
	  0.195	 -0.083	  0.977
	  0.784	  0.611	 -0.102
	 -0.592	  0.785	  0.182

7 	  11.08	  -0.30	   0.05
	  0.396	 -0.115	  0.911
	  0.209	  0.977	  0.033
	 -0.895	  0.176	  0.410

8 	   9.67	   2.16	   1.97
	  0.241	  0.495	  0.834
	  0.046	 -0.865	  0.500
	  0.969	 -0.082	 -0.231

9 	  11.00	   3.08	   4.58
	  0.359	  0.171	  0.917
	 -0.822	  0.525	  0.221
	 -0.448	 -0.832	  0.328

2 	   8.16	  -2.20	   5.66
	 -0.024	  0.981	 -0.191
	 -1.000	 -0.022	  0.008
	  0.004	  0.189	  0.982

3 	   9.85	   1.74	  -1.01
	  0.669	  0.723	  0.173
	 -0.676	  0.492	  0.548
	  0.312	 -0.484	  0.817

4 	   9.69	  -1.99	  -1.16
	  0.596	 -0.785	  0.167
	  0.771	  0.502	 -0.391
	  0.224	  0.362	  0.905

5 	   9.43	  -2.47	   1.60
	  0.333	 -0.161	  0.929
	  0.125	 -0.969	 -0.212
	  0.935	  0.186	 -0.302

6 	  10.53	  -3.11	   4.18
	  0.183	 -0.065	  0.981
	  0.776	  0.622	 -0.101
	 -0.606	  0.779	  0.162

7 	  11.09	  -0.29	   0.05
	  0.394	 -0.114	  0.912
	  0.208	  0.977	  0.033
	 -0.896	  0.177	  0.408

8 	   9.64	   2.10	   1.98
	  0.236	  0.454	  0.859
	  0.003	 -0.885	  0.466
	  0.972	 -0.108	 -0.210

9 	  10.92	   2.89	   4.66
	  0.333	  0.129	  0.934
	 -0.817	  0.536	  0.214
	 -0.477	 -0.832	  0.283

2 	   8.16	  -2.20	   5.66
	 -0.024	  0.981	 -0.191
	 -1.000	 -0.022	  0.007
	  0.004	  0.190	  0.982

3 	   9.86	   1.74	  -1.01
	  0.666	  0.724	  0.181
	 -0.683	  0.493	  0.539
	  0.302	 -0.482	  0.822

4 	   9.69	  -1.99	  -1.16
	  0.588	 -0.791	  0.171
	  0.778	  0.494	 -0.387
	  0.222	  0.360	  0.906

5 	   9.38	  -2.46	   1.60
	  0.314	 -0.158	  0.936
	  0.114	 -0.973	 -0.201
	  0.943	  0.169	 -0.287

6 	  10.45	  -3.09	   4.20
	  0.167	 -0.062	  0.984
	  0.798	  0.594	 -0.096
	 -0.581	  0.800	  0.147

7 	  11.09	  -0.29	   0.06
	  0.392	 -0.116	  0.912
	  0.208	  0.977	  0.035
	 -0.896	  0.176	  0.407

8 	   9.64	   2.07	   1.99
	  0.237	  0.428	  0.872
	 -0.021	 -0.896	  0.444
	  0.971	 -0.123	 -0.203

9 	  10.91	   2.79	   4.70
	  0.326	  0.111	  0.938
	 -0.815	  0.538	  0.217
	 -0.485	 -0.834	  0.264

2 	   8.16	  -2.19	   5.66
	 -0.024	  0.981	 -0.191
	 -1.000	 -0.022	  0.007
	  0.004	  0.190	  0.982

3 	   9.86	   1.74	  -1.00
	  0.664	  0.724	  0.184
	 -0.686	  0.492	  0.535
	  0.298	 -0.482	  0.824

4 	   9.69	  -1.99	  -1.16
	  0.584	 -0.793	  0.174
	  0.781	  0.490	 -0.386
	  0.221	  0.362	  0.906

5 	   9.36	  -2.44	   1.60
	  0.302	 -0.161	  0.939
	  0.105	 -0.974	 -0.200
	  0.947	  0.159	 -0.277

6 	  10.40	  -3.09	   4.21
	  0.160	 -0.062	  0.985
	  0.805	  0.586	 -0.091
	 -0.574	  0.806	  0.142

7 	  11.09	  -0.29	   0.06
	  0.390	 -0.118	  0.913
	  0.208	  0.977	  0.038
	 -0.897	  0.174	  0.406

8 	   9.63	   2.06	   2.00
	  0.236	  0.422	  0.875
	 -0.025	 -0.898	  0.439
	  0.971	 -0.125	 -0.201

9 	  10.91	   2.78	   4.71
	  0.326	  0.105	  0.939
	 -0.817	  0.533	  0.222
	 -0.481	 -0.838	  0.258

2 	   8.16	  -2.19	   5.66
	 -0.024	  0.981	 -0.191
	 -1.000	 -0.022	  0.007
	  0.004	  0.190	  0.982

3 	   9.86	   1.74	  -0.99
	  0.664	  0.723	  0.190
	 -0.688	  0.489	  0.536
	  0.295	 -0.487	  0.822

4 	   9.70	  -1.98	  -1.16
	  0.592	 -0.786	  0.177
	  0.778	  0.499	 -0.382
	  0.212	  0.363	  0.907

5 	   9.38	  -2.50	   1.58
	  0.303	 -0.185	  0.935
	  0.114	 -0.967	 -0.227
	  0.946	  0.175	 -0.272

6 	  10.45	  -3.20	   4.15
	  0.166	 -0.088	  0.982
	  0.789	  0.609	 -0.077
	 -0.594	  0.787	  0.169

7 	  11.09	  -0.29	   0.07
	  0.388	 -0.119	  0.914
	  0.206	  0.977	  0.040
	 -0.898	  0.173	  0.403

8 	   9.72	   2.21	   1.99
	  0.244	  0.525	  0.816
	  0.078	 -0.849	  0.522
	  0.967	 -0.063	 -0.248

9 	  11.06	   3.30	   4.52
	  0.361	  0.221	  0.906
	 -0.844	  0.492	  0.214
	 -0.403	 -0.841	  0.362

2 	   8.16	  -2.20	   5.66
	 -0.024	  0.981	 -0.190
	 -1.000	 -0.022	  0.007
	  0.004	  0.189	  0.982

3 	   9.86	   1.74	  -1.00
	  0.670	  0.720	  0.180
	 -0.677	  0.492	  0.546
	  0.305	 -0.489	  0.817

4 	   9.71	  -1.97	  -1.16
	  0.608	 -0.773	  0.178
	  0.767	  0.514	 -0.384
	  0.205	  0.370	  0.906

5 	   9.54	  -2.70	   1.54
	  0.366	 -0.289	  0.885
	  0.083	 -0.937	 -0.339
	  0.927	  0.197	 -0.319

6 	  10.80	  -3.69	   3.88
	  0.247	 -0.194	  0.949
	  0.788	  0.610	 -0.079
	 -0.567	  0.767	  0.302

7 	  11.09	  -0.28	   0.07
	  0.388	 -0.117	  0.914
	  0.206	  0.978	  0.039
	 -0.899	  0.172	  0.403

8 	   9.87	   2.46	   1.92
	  0.281	  0.636	  0.718
	  0.183	 -0.770	  0.611
	  0.942	 -0.040	 -0.333

9 	  11.36	   3.88	   4.14
	  0.438	  0.343	  0.830
	 -0.843	  0.479	  0.244
	 -0.318	 -0.806	  0.498

2 	   8.16	  -2.20	   5.66
	 -0.024	  0.981	 -0.191
	 -1.000	 -0.022	  0.007
	  0.004	  0.190	  0.982

3 	   9.84	   1.73	  -1.01
	  0.677	  0.718	  0.161
	 -0.662	  0.498	  0.560
	  0.323	 -0.486	  0.812

4 	   9.72	  -1.96	  -1.19
	  0.629	 -0.762	  0.154
	  0.748	  0.540	 -0.386
	  0.211	  0.358	  0.909

5 	   9.75	  -2.97	   1.39
	  0.453	 -0.418	  0.787
	  0.009	 -0.881	 -0.472
	  0.891	  0.221	 -0.396

6 	  11.22	  -4.27	   3.37
	  0.354	 -0.329	  0.875
	  0.797	  0.596	 -0.096
	 -0.494	  0.731	  0.470

7 	  11.08	  -0.27	   0.06
	  0.396	 -0.121	  0.910
	  0.201	  0.979	  0.043
	 -0.896	  0.165	  0.412

8 	  10.05	   2.70	   1.80
	  0.332	  0.724	  0.604
	  0.278	 -0.687	  0.671
	  0.901	 -0.055	 -0.429

9 	  11.73	   4.41	   3.60
	  0.526	  0.447	  0.723
	 -0.818	  0.501	  0.283
	 -0.240	 -0.740	  0.629

2 	   8.16	  -2.20	   5.66
	 -0.024	  0.981	 -0.191
	 -1.000	 -0.022	  0.007
	  0.004	  0.190	  0.982

3 	   9.81	   1.73	  -1.04
	  0.688	  0.715	  0.119
	 -0.636	  0.515	  0.575
	  0.351	 -0.472	  0.809

4 	   9.68	  -1.93	  -1.22
	  0.643	 -0.758	  0.112
	  0.730	  0.561	 -0.390
	  0.233	  0.332	  0.914

5 	   9.91	  -3.24	   1.15
	  0.523	 -0.548	  0.652
	 -0.094	 -0.799	 -0.594
	  0.847	  0.249	 -0.469

6 	  11.54	  -4.84	   2.65
