2 	  32.71	  -6.82	  23.03
	  0.394	  0.917	 -0.051
	 -0.919	  0.394	 -0.014
	  0.008	  0.052	  0.998

3 	  44.63	  -0.72	   1.93
	 -0.474	  0.117	 -0.873
	 -0.097	 -0.992	 -0.081
	 -0.875	  0.046	  0.481

4 	  39.99	   6.63	  -2.23
	  0.681	  0.693	  0.234
	 -0.726	  0.599	  0.337
	  0.093	 -0.400	  0.912

5 	  38.58	  10.23	   8.72
	  0.177	  0.219	  0.959
	 -0.694	 -0.663	  0.279
	  0.698	 -0.716	  0.035

6 	  43.54	  10.18	  18.33
	  0.232	 -0.104	  0.967
	 -0.457	  0.866	  0.202
	 -0.859	 -0.489	  0.154

7 	  40.45	  -8.67	  -1.79
	  0.605	 -0.714	  0.354
	  0.795	  0.562	 -0.226
	 -0.038	  0.418	  0.907

8 	  39.57	 -12.48	   8.79
	  0.225	 -0.068	  0.972
	  0.907	 -0.350	 -0.234
	  0.356	  0.934	 -0.018

9 	  44.17	 -11.46	  18.33
	  0.206	  0.045	  0.977
	  0.220	  0.971	 -0.092
	 -0.953	  0.234	  0.190

2 	  32.71	  -6.84	  23.03
	  0.395	  0.917	 -0.051
	 -0.919	  0.394	 -0.013
	  0.008	  0.052	  0.999

3 	  44.63	  -0.72	   1.92
	 -0.474	  0.117	 -0.872
	 -0.097	 -0.992	 -0.081
	 -0.875	  0.046	  0.482

4 	  39.99	   6.64	  -2.23
	  0.681	  0.693	  0.234
	 -0.726	  0.599	  0.337
	  0.094	 -0.400	  0.911

5 	  38.58	  10.23	   8.74
	  0.177	  0.219	  0.959
	 -0.694	 -0.664	  0.279
	  0.698	 -0.715	  0.035

6 	  43.54	  10.18	  18.35
	  0.232	 -0.104	  0.967
	 -0.457	  0.866	  0.203
	 -0.858	 -0.489	  0.153

7 	  40.45	  -8.65	  -1.79
	  0.605	 -0.713	  0.354
	  0.795	  0.562	 -0.226
	 -0.038	  0.418	  0.907

8 	  39.55	 -12.48	   8.79
	  0.225	 -0.068	  0.972
	  0.906	 -0.351	 -0.234
	  0.357	  0.934	 -0.018

9 	  44.16	 -11.46	  18.35
	  0.206	  0.045	  0.977
	  0.221	  0.971	 -0.092
	 -0.953	  0.235	  0.190

2 	  32.71	  -6.82	  23.01
	  0.394	  0.917	 -0.051
	 -0.919	  0.394	 -0.014
	  0.007	  0.052	  0.998

3 	  44.61	  -0.70	   1.92
	 -0.475	  0.116	 -0.872
	 -0.096	 -0.992	 -0.080
	 -0.875	  0.046	  0.482

4 	  39.99	   6.64	  -2.21
	  0.681	  0.694	  0.234
	 -0.726	  0.599	  0.337
	  0.093	 -0.400	  0.911

5 	  38.57	  10.23	   8.75
	  0.176	  0.219	  0.960
	 -0.693	 -0.665	  0.279
	  0.699	 -0.714	  0.035

6 	  43.52	  10.18	  18.35
	  0.232	 -0.104	  0.967
	 -0.459	  0.865	  0.203
	 -0.858	 -0.491	  0.153

7 	  40.43	  -8.65	  -1.78
	  0.605	 -0.714	  0.353
	  0.795	  0.562	 -0.227
	 -0.037	  0.418	  0.907

8 	  39.52	 -12.46	   8.82
	  0.225	 -0.068	  0.972
	  0.906	 -0.353	 -0.234
	  0.359	  0.933	 -0.018

9 	  44.16	 -11.46	  18.35
	  0.207	  0.045	  0.977
	  0.222	  0.970	 -0.092
	 -0.953	  0.236	  0.190

2 	  32.71	  -6.82	  23.01
	  0.394	  0.917	 -0.051
	 -0.919	  0.394	 -0.014
	  0.008	  0.052	  0.998

3 	  44.61	  -0.72	   1.93
	 -0.474	  0.116	 -0.873
	 -0.097	 -0.992	 -0.080
	 -0.875	  0.047	  0.481

4 	  39.97	   6.64	  -2.21
	  0.680	  0.694	  0.234
	 -0.727	  0.598	  0.337
	  0.094	 -0.400	  0.911

5 	  38.55	  10.23	   8.75
	  0.175	  0.220	  0.960
	 -0.692	 -0.666	  0.278
	  0.700	 -0.713	  0.035

6 	  43.52	  10.18	  18.37
	  0.233	 -0.103	  0.967
	 -0.460	  0.864	  0.203
	 -0.857	 -0.492	  0.153

7 	  40.43	  -8.63	  -1.78
	  0.605	 -0.713	  0.354
	  0.795	  0.563	 -0.227
	 -0.038	  0.419	  0.907

8 	  39.50	 -12.45	   8.84
	  0.224	 -0.068	  0.972
	  0.905	 -0.354	 -0.234
	  0.359	  0.933	 -0.018

9 	  44.14	 -11.44	  18.39
	  0.206	  0.045	  0.977
	  0.224	  0.970	 -0.092
	 -0.952	  0.238	  0.190

2 	  32.71	  -6.82	  23.01
	  0.394	  0.917	 -0.051
	 -0.919	  0.394	 -0.014
	  0.008	  0.052	  0.998

3 	  44.61	  -0.72	   1.93
	 -0.473	  0.116	 -0.873
	 -0.097	 -0.992	 -0.079
	 -0.875	  0.047	  0.481

4 	  39.97	   6.64	  -2.20
	  0.680	  0.694	  0.235
	 -0.727	  0.598	  0.337
	  0.093	 -0.400	  0.911

5 	  38.55	  10.23	   8.77
	  0.175	  0.220	  0.960
	 -0.692	 -0.666	  0.278
	  0.701	 -0.713	  0.035

6 	  43.51	  10.20	  18.39
	  0.232	 -0.103	  0.967
	 -0.461	  0.864	  0.203
	 -0.856	 -0.494	  0.153

7 	  40.41	  -8.63	  -1.78
	  0.604	 -0.713	  0.355
	  0.795	  0.562	 -0.227
	 -0.038	  0.420	  0.907

8 	  39.50	 -12.45	   8.84
	  0.225	 -0.069	  0.972
	  0.905	 -0.354	 -0.234
	  0.360	  0.932	 -0.018

9 	  44.14	 -11.46	  18.40
	  0.206	  0.045	  0.977
	  0.226	  0.970	 -0.092
	 -0.952	  0.239	  0.190

2 	  32.71	  -6.82	  23.01
	  0.394	  0.917	 -0.051
	 -0.919	  0.394	 -0.014
	  0.007	  0.052	  0.999

3 	  44.61	  -0.74	   1.95
	 -0.472	  0.115	 -0.874
	 -0.097	 -0.992	 -0.079
	 -0.876	  0.047	  0.479

4 	  39.99	   6.64	  -2.20
	  0.680	  0.694	  0.236
	 -0.727	  0.598	  0.337
	  0.093	 -0.401	  0.911

5 	  38.55	  10.23	   8.77
	  0.174	  0.220	  0.960
	 -0.691	 -0.667	  0.278
	  0.701	 -0.712	  0.036

6 	  43.49	  10.18	  18.39
	  0.232	 -0.103	  0.967
	 -0.462	  0.863	  0.203
	 -0.856	 -0.494	  0.153

7 	  40.41	  -8.63	  -1.74
	  0.604	 -0.713	  0.356
	  0.796	  0.561	 -0.227
	 -0.039	  0.420	  0.906

8 	  39.50	 -12.45	   8.86
	  0.224	 -0.069	  0.972
	  0.905	 -0.355	 -0.234
	  0.361	  0.932	 -0.018

9 	  44.12	 -11.46	  18.40
	  0.207	  0.045	  0.977
	  0.227	  0.969	 -0.093
	 -0.952	  0.240	  0.190

2 	  32.71	  -6.82	  23.01
	  0.394	  0.917	 -0.051
	 -0.919	  0.394	 -0.013
	  0.008	  0.052	  0.999

3 	  44.61	  -0.70	   1.95
	 -0.471	  0.115	 -0.875
	 -0.096	 -0.992	 -0.078
	 -0.877	  0.047	  0.478

4 	  39.97	   6.66	  -2.18
	  0.679	  0.694	  0.237
	 -0.728	  0.597	  0.336
	  0.092	 -0.401	  0.911

5 	  38.53	  10.21	   8.79
	  0.174	  0.220	  0.960
	 -0.690	 -0.668	  0.278
	  0.702	 -0.711	  0.035

6 	  43.49	  10.18	  18.40
	  0.233	 -0.102	  0.967
	 -0.464	  0.862	  0.203
	 -0.854	 -0.496	  0.153

7 	  40.41	  -8.63	  -1.76
	  0.603	 -0.713	  0.357
	  0.796	  0.561	 -0.227
	 -0.039	  0.421	  0.906

8 	  39.48	 -12.45	   8.86
	  0.225	 -0.070	  0.972
	  0.905	 -0.355	 -0.235
	  0.361	  0.932	 -0.017

9 	  44.12	 -11.46	  18.40
	  0.207	  0.045	  0.977
	  0.228	  0.969	 -0.093
	 -0.952	  0.242	  0.190

2 	  32.71	  -6.82	  23.01
	  0.394	  0.917	 -0.051
	 -0.919	  0.394	 -0.013
	  0.008	  0.052	  0.998

3 	  44.60	  -0.74	   1.99
	 -0.469	  0.115	 -0.876
	 -0.097	 -0.992	 -0.078
	 -0.878	  0.048	  0.476

4 	  39.97	   6.64	  -2.18
	  0.679	  0.694	  0.237
	 -0.728	  0.598	  0.335
	  0.091	 -0.401	  0.911

5 	  38.50	  10.18	   8.81
	  0.168	  0.219	  0.961
	 -0.686	 -0.675	  0.274
	  0.708	 -0.705	  0.037

6 	  43.47	  10.20	  18.40
	  0.234	 -0.101	  0.967
	 -0.470	  0.859	  0.203
	 -0.851	 -0.503	  0.154

7 	  40.39	  -8.63	  -1.74
	  0.603	 -0.713	  0.358
	  0.797	  0.560	 -0.226
	 -0.039	  0.421	  0.906

8 	  39.50	 -12.48	   8.86
	  0.219	 -0.083	  0.972
	  0.909	 -0.344	 -0.234
	  0.354	  0.935	  0.000

9 	  44.12	 -11.48	  18.39
	  0.209	  0.043	  0.977
	  0.228	  0.969	 -0.092
	 -0.951	  0.241	  0.192

2 	  32.71	  -6.82	  23.01
	  0.394	  0.917	 -0.051
	 -0.919	  0.394	 -0.013
	  0.008	  0.052	  0.998

3 	  44.60	  -0.72	   1.99
	 -0.468	  0.114	 -0.876
	 -0.097	 -0.992	 -0.077
	 -0.878	  0.049	  0.476

4 	  39.99	   6.63	  -2.18
	  0.679	  0.694	  0.237
	 -0.728	  0.598	  0.334
	  0.090	 -0.400	  0.912

5 	  38.51	  10.16	   8.77
	  0.168	  0.216	  0.962
	 -0.684	 -0.677	  0.271
	  0.710	 -0.703	  0.034

6 	  43.52	  10.20	  18.37
	  0.241	 -0.097	  0.966
	 -0.478	  0.854	  0.205
	 -0.845	 -0.511	  0.159

7 	  40.38	  -8.67	  -1.67
	  0.605	 -0.712	  0.357
	  0.795	  0.563	 -0.225
	 -0.041	  0.420	  0.906

8 	  39.76	 -12.45	   8.81
	  0.221	 -0.107	  0.969
	  0.923	 -0.299	 -0.243
	  0.315	  0.948	  0.033

9 	  44.53	 -11.34	  18.32
	  0.236	  0.034	  0.971
	  0.171	  0.982	 -0.076
	 -0.957	  0.184	  0.226

2 	  32.71	  -6.82	  23.03
	  0.394	  0.917	 -0.051
	 -0.919	  0.394	 -0.013
	  0.008	  0.052	  0.999

3 	  44.58	  -0.74	   2.00
	 -0.468	  0.112	 -0.876
	 -0.098	 -0.992	 -0.075
	 -0.878	  0.051	  0.476

4 	  39.94	   6.61	  -2.20
	  0.682	  0.694	  0.229
	 -0.726	  0.602	  0.333
	  0.093	 -0.393	  0.914

5 	  39.11	  10.28	   8.68
	  0.228	  0.228	  0.946
	 -0.685	 -0.653	  0.323
	  0.692	 -0.722	  0.007

6 	  44.70	  10.42	  17.79
	  0.309	 -0.080	  0.947
	 -0.463	  0.858	  0.223
	 -0.831	 -0.507	  0.228

7 	  40.24	  -8.65	  -1.65
	  0.615	 -0.707	  0.348
	  0.787	  0.572	 -0.229
	 -0.037	  0.415	  0.909

8 	  40.36	 -12.59	   8.68
	  0.306	 -0.125	  0.944
	  0.902	 -0.278	 -0.329
	  0.304	  0.952	  0.027

9 	  45.97	 -11.65	  17.58
	  0.324	  0.010	  0.946
	  0.143	  0.988	 -0.060
	 -0.935	  0.154	  0.318

2 	  32.71	  -6.82	  23.01
	  0.394	  0.917	 -0.051
	 -0.919	  0.394	 -0.013
	  0.008	  0.052	  0.999

3 	  44.51	  -0.76	   1.95
	 -0.469	  0.111	 -0.876
	 -0.101	 -0.992	 -0.072
	 -0.877	  0.055	  0.477

4 	  39.81	   6.56	  -2.34
	  0.701	  0.685	  0.197
	 -0.704	  0.621	  0.343
	  0.113	 -0.379	  0.918

5 	  40.22	  10.44	   8.44
	  0.353	  0.255	  0.900
	 -0.656	 -0.619	  0.432
	  0.667	 -0.743	 -0.052

6 	  46.72	  10.99	  16.72
	  0.420	 -0.037	  0.906
	 -0.427	  0.873	  0.234
	 -0.801	 -0.485	  0.351

7 	  40.08	  -8.67	  -1.74
	  0.636	 -0.701	  0.323
	  0.771	  0.586	 -0.249
	 -0.015	  0.407	  0.913

8 	  41.33	 -12.67	   8.37
	  0.434	 -0.149	  0.888
	  0.851	 -0.256	 -0.459
	  0.296	  0.955	  0.016

9 	  47.94	 -12.04	  16.54
	  0.440	 -0.030	  0.897
	  0.123	  0.992	 -0.027
	 -0.889	  0.123	  0.440

2 	  32.71	  -6.82	  23.03
	  0.394	  0.917	 -0.051
	 -0.919	  0.394	 -0.013
	  0.008	  0.052	  0.998

3 	  44.46	  -0.81	   1.86
	 -0.470	  0.112	 -0.876
	 -0.104	 -0.992	 -0.071
	 -0.877	  0.058	  0.477

4 	  39.69	   6.42	  -2.53
	  0.735	  0.662	  0.142
	 -0.662	  0.658	  0.358
	  0.143	 -0.358	  0.922

5 	  41.54	  10.60	   7.98
	  0.497	  0.274	  0.823
	 -0.593	 -0.585	  0.553
	  0.634	 -0.763	 -0.129

6 	  49.04	  11.27	  14.94
	  0.550	  0.001	  0.835
	 -0.380	  0.891	  0.248
	 -0.744	 -0.454	  0.490

7 	  39.96	  -8.65	  -1.86
	  0.671	 -0.687	  0.278
	  0.741	  0.615	 -0.269
	  0.013	  0.387	  0.922

8 	  42.57	 -12.83	   7.66
	  0.574	 -0.162	  0.802
	  0.770	 -0.224	 -0.597
	  0.276	  0.961	 -0.004

9 	  50.19	 -12.23	  14.68
	  0.574	 -0.059	  0.817
	  0.084	  0.996	  0.012
	 -0.814	  0.062	  0.577

2 	  32.71	  -6.82	  23.01
	  0.394	  0.917	 -0.051
	 -0.919	  0.394	 -0.013
	  0.008	  0.052	  0.998

3 	  44.38	  -0.86	   1.74
	 -0.467	  0.116	 -0.876
	 -0.106	 -0.991	 -0.075
	 -0.878	  0.057	  0.475

4 	  39.60	   6.26	  -2.76
	  0.769	  0.634	  0.079
	 -0.615	  0.699	  0.365
	  0.176	 -0.330	  0.927

5 	  42.94	  10.51	   7.28
	  0.646	  0.261	  0.717
	 -0.512	 -0.549	  0.661
	  0.566	 -0.794	 -0.221

6 	  51.24	  11.34	  12.67
	  0.686	  0.006	  0.727
	 -0.314	  0.904	  0.289
	 -0.656	 -0.427	  0.622

7 	  39.90	  -8.58	  -2.07
	  0.715	 -0.666	  0.211
	  0.697	  0.657	 -0.288
	  0.052	  0.353	  0.934

8 	  43.82	 -12.73	   6.86
	  0.710	 -0.143	  0.689
	  0.661	 -0.202	 -0.723
	  0.242	  0.969	 -0.049

9 	  52.38	 -11.78	  12.46
	  0.706	 -0.036	  0.707
	  0.054	  0.998	 -0.004
	 -0.706	  0.041	  0.707

2 	  32.70	  -6.82	  23.03
	  0.394	  0.917	 -0.051
	 -0.919	  0.394	 -0.014
	  0.008	  0.052	  0.998

3 	  44.37	  -0.91	   1.63
	 -0.464	  0.121	 -0.877
	 -0.108	 -0.991	 -0.080
	 -0.879	  0.057	  0.473

4 	  39.55	   5.99	  -3.09
	  0.808	  0.589	  0.000
	 -0.548	  0.751	  0.367
	  0.216	 -0.297	  0.930

5 	  44.35	  10.25	   6.17
	  0.776	  0.226	  0.588
	 -0.425	 -0.501	  0.754
	  0.465	 -0.835	 -0.293

6 	  53.30	  10.60	  10.07
	  0.798	 -0.032	  0.601
	 -0.205	  0.924	  0.321
	 -0.566	 -0.380	  0.731

7 	  39.81	  -8.53	  -2.30
	  0.757	 -0.640	  0.133
	  0.645	  0.700	 -0.304
	  0.101	  0.316	  0.943

8 	  44.91	 -12.59	   5.85
	  0.821	 -0.109	  0.560
	  0.535	 -0.192	 -0.823
	  0.197	  0.975	 -0.100

9 	  54.05	 -11.14	   9.95
	  0.815	  0.004	  0.580
	  0.025	  0.999	 -0.043
	 -0.579	  0.049	  0.813

2 	  32.71	  -6.82	  23.03
	  0.395	  0.917	 -0.051
	 -0.919	  0.394	 -0.014
	  0.007	  0.052	  0.998

3 	  44.33	  -1.00	   1.55
	 -0.463	  0.124	 -0.878
	 -0.114	 -0.990	 -0.079
	 -0.879	  0.063	  0.472

4 	  39.52	   5.73	  -3.50
	  0.837	  0.540	 -0.085
	 -0.481	  0.801	  0.354
	  0.259	 -0.256	  0.931

5 	  45.42	   9.93	   4.96
	  0.866	  0.193	  0.460
	 -0.334	 -0.462	  0.822
	  0.371	 -0.866	 -0.336

6 	  54.70	   9.88	   7.40
	  0.877	 -0.068	  0.474
	 -0.107	  0.936	  0.334
	 -0.467	 -0.344	  0.814

7 	  39.71	  -8.44	  -2.53
	  0.790	 -0.610	  0.048
	  0.592	  0.741	 -0.315
	  0.156	  0.278	  0.948

8 	  45.76	 -12.34	   4.78
	  0.898	 -0.079	  0.433
	  0.416	 -0.172	 -0.893
	  0.145	  0.982	 -0.122

9 	  55.30	 -10.42	   7.61
	  0.889	  0.041	  0.456
	 -0.018	  0.998	 -0.054
	 -0.458	  0.039	  0.888

2 	  32.70	  -6.82	  23.03
	  0.394	  0.917	 -0.051
	 -0.919	  0.394	 -0.014
	  0.007	  0.052	  0.998

3 	  44.28	  -1.11	   1.48
	 -0.463	  0.123	 -0.877
	 -0.125	 -0.989	 -0.073
	 -0.877	  0.075	  0.474

4 	  39.34	   5.47	  -3.78
	  0.851	  0.498	 -0.164
	 -0.427	  0.840	  0.335
	  0.305	 -0.215	  0.928

5 	  46.12	   9.58	   3.73
	  0.924	  0.161	  0.346
	 -0.249	 -0.432	  0.867
	  0.289	 -0.887	 -0.359

6 	  55.49	   9.16	   5.10
	  0.928	 -0.104	  0.358
	 -0.021	  0.944	  0.328
	 -0.373	 -0.312	  0.874

7 	  39.52	  -8.37	  -2.72
	  0.807	 -0.589	 -0.030
	  0.550	  0.771	 -0.320
	  0.212	  0.242	  0.947

8 	  46.28	 -12.15	   3.76
	  0.945	 -0.053	  0.321
	  0.309	 -0.163	 -0.937
	  0.102	  0.985	 -0.138

9 	  55.88	 -10.16	   5.33
	  0.937	  0.062	  0.343
	 -0.044	  0.997	 -0.061
	 -0.346	  0.042	  0.937

2 	  32.70	  -6.82	  23.03
	  0.394	  0.917	 -0.051
	 -0.919	  0.394	 -0.014
	  0.007	  0.052	  0.998

3 	  44.19	  -1.16	   1.34
	 -0.471	  0.119	 -0.874
	 -0.130	 -0.989	 -0.064
	 -0.872	  0.083	  0.482

4 	  39.13	   5.20	  -4.08
	  0.857	  0.459	 -0.233
	 -0.380	  0.869	  0.317
	  0.348	 -0.183	  0.919

5 	  46.58	   9.32	   2.65
	  0.961	  0.134	  0.242
	 -0.170	 -0.405	  0.898
	  0.219	 -0.904	 -0.367

6 	  56.00	   8.72	   3.01
	  0.957	 -0.122	  0.264
	  0.035	  0.950	  0.311
	 -0.289	 -0.289	  0.913

7 	  39.29	  -8.21	  -2.92
	  0.815	 -0.570	 -0.106
	  0.515	  0.796	 -0.317
	  0.265	  0.204	  0.942

8 	  46.67	 -11.99	   2.67
	  0.975	 -0.033	  0.217
	  0.209	 -0.153	 -0.966
	  0.064	  0.987	 -0.143

9 	  56.34	  -9.69	   3.06
	  0.969	  0.086	  0.229
	 -0.074	  0.995	 -0.061
	 -0.233	  0.042	  0.971

2 	  32.71	  -6.82	  23.01
	  0.394	  0.917	 -0.051
	 -0.919	  0.394	 -0.014
	  0.007	  0.052	  0.999

3 	  44.10	  -1.21	   1.21
	 -0.480	  0.114	 -0.870
	 -0.132	 -0.990	 -0.057
	 -0.867	  0.087	  0.490

4 	  38.97	   5.03	  -4.27
	  0.855	  0.429	 -0.291
	 -0.344	  0.889	  0.300
	  0.387	 -0.157	  0.908

5 	  46.86	   9.18	   1.72
	  0.981	  0.118	  0.151
	 -0.096	 -0.385	  0.918
	  0.166	 -0.915	 -0.367

6 	  56.32	   8.24	   0.90
	  0.976	 -0.145	  0.159
	  0.097	  0.957	  0.274
	 -0.192	 -0.253	  0.948

7 	  39.13	  -8.19	  -3.11
	  0.814	 -0.555	 -0.171
	  0.489	  0.814	 -0.313
	  0.312	  0.171	  0.934

8 	  46.90	 -11.74	   1.85
	  0.991	 -0.015	  0.131
	  0.127	 -0.152	 -0.980
	  0.034	  0.988	 -0.149

9 	  56.53	  -9.30	   1.27
	  0.985	  0.102	  0.137
	 -0.093	  0.993	 -0.071
	 -0.144	  0.057	  0.988

2 	  32.71	  -6.82	  23.01
	  0.394	  0.917	 -0.051
	 -0.919	  0.394	 -0.014
	  0.008	  0.052	  0.998

3 	  44.03	  -1.25	   1.11
	 -0.487	  0.110	 -0.866
	 -0.135	 -0.990	 -0.050
	 -0.863	  0.092	  0.497

4 	  38.87	   4.85	  -4.43
	  0.850	  0.398	 -0.344
	 -0.311	  0.907	  0.281
	  0.424	 -0.133	  0.896

5 	  47.18	   8.93	   0.76
	  0.993	  0.096	  0.064
	 -0.025	 -0.365	  0.930
	  0.113	 -0.926	 -0.360

6 	  56.44	   7.82	  -0.81
	  0.983	 -0.162	  0.083
	  0.137	  0.959	  0.247
	 -0.119	 -0.232	  0.965

7 	  39.02	  -8.07	  -3.34
	  0.811	 -0.536	 -0.233
	  0.462	  0.833	 -0.304
	  0.357	  0.139	  0.923

8 	  47.14	 -11.51	   0.88
	  0.999	  0.003	  0.037
	  0.037	 -0.156	 -0.987
	  0.003	  0.988	 -0.156

9 	  56.58	  -8.96	  -0.67
	  0.992	  0.115	  0.038
	 -0.112	  0.990	 -0.085
	 -0.048	  0.080	  0.995

2 	  32.71	  -6.82	  23.01
	  0.394	  0.917	 -0.051
	 -0.919	  0.394	 -0.014
	  0.008	  0.052	  0.998

3 	  44.00	  -1.25	   1.05
	 -0.492	  0.107	 -0.864
	 -0.136	 -0.990	 -0.046
	 -0.860	  0.094	  0.501

4 	  38.74	   4.69	  -4.55
	  0.843	  0.371	 -0.389
	 -0.285	  0.922	  0.262
	  0.456	 -0.110	  0.883

5 	  47.27	   8.75	  -0.11
	  0.996	  0.084	 -0.007
	  0.035	 -0.344	  0.938
	  0.077	 -0.935	 -0.346

6 	  56.41	   7.47	  -2.60
	  0.984	 -0.178	 -0.001
	  0.173	  0.961	  0.214
	 -0.038	 -0.211	  0.977

7 	  38.87	  -7.95	  -3.50
	  0.803	 -0.517	 -0.295
	  0.441	  0.850	 -0.288
	  0.400	  0.100	  0.911

8 	  47.20	 -11.41	  -0.18
	  0.998	  0.011	 -0.059
	 -0.056	 -0.157	 -0.986
	 -0.020	  0.987	 -0.156

9 	  56.39	  -8.81	  -2.78
	  0.990	  0.118	 -0.069
	 -0.125	  0.987	 -0.097
	  0.057	  0.104	  0.993

2 	  32.71	  -6.82	  23.01
	  0.394	  0.917	 -0.051
	 -0.919	  0.394	 -0.013
	  0.008	  0.052	  0.998

3 	  43.96	  -1.30	   1.00
	 -0.495	  0.108	 -0.862
	 -0.140	 -0.989	 -0.043
	 -0.857	  0.099	  0.505

4 	  38.60	   4.55	  -4.66
	  0.832	  0.347	 -0.433
	 -0.261	  0.933	  0.247
	  0.489	 -0.092	  0.867

5 	  47.36	   8.70	  -1.02
	  0.994	  0.078	 -0.081
	  0.102	 -0.318	  0.942
	  0.047	 -0.945	 -0.324

6 	  56.29	   7.21	  -4.29
	  0.979	 -0.189	 -0.077
	  0.200	  0.964	  0.174
	  0.041	 -0.186	  0.981

7 	  38.67	  -7.82	  -3.67
	  0.789	 -0.501	 -0.354
	  0.426	  0.863	 -0.271
	  0.442	  0.063	  0.895

8 	  47.14	 -11.25	  -1.14
	  0.989	  0.020	 -0.144
	 -0.140	 -0.149	 -0.979
	 -0.042	  0.988	 -0.145

9 	  56.20	  -8.61	  -4.59
	  0.979	  0.124	 -0.160
	 -0.140	  0.986	 -0.089
	  0.147	  0.109	  0.983

2 	  32.71	  -6.82	  23.01
	  0.394	  0.917	 -0.051
	 -0.919	  0.394	 -0.013
	  0.008	  0.052	  0.998

3 	  43.89	  -1.32	   0.90
	 -0.502	  0.105	 -0.858
	 -0.139	 -0.989	 -0.040
	 -0.853	  0.099	  0.511

4 	  38.44	   4.41	  -4.78
	  0.818	  0.326	 -0.473
	 -0.241	  0.942	  0.232
	  0.521	 -0.076	  0.850

5 	  47.30	   8.56	  -1.72
	  0.988	  0.068	 -0.139
	  0.153	 -0.297	  0.942
	  0.023	 -0.952	 -0.304

6 	  56.02	   7.03	  -5.68
	  0.970	 -0.196	 -0.140
	  0.215	  0.966	  0.138
	  0.108	 -0.165	  0.980

7 	  38.48	  -7.68	  -3.78
	  0.774	 -0.485	 -0.406
	  0.411	  0.873	 -0.261
	  0.481	  0.035	  0.876

8 	  46.99	 -11.20	  -1.95
	  0.977	  0.021	 -0.213
	 -0.208	 -0.139	 -0.968
	 -0.050	  0.990	 -0.132

9 	  55.67	  -8.35	  -6.26
	  0.960	  0.131	 -0.245
	 -0.152	  0.986	 -0.068
	  0.233	  0.102	  0.967

2 	  32.71	  -6.82	  23.01
	  0.394	  0.917	 -0.051
	 -0.919	  0.394	 -0.014
	  0.007	  0.052	  0.999

3 	  43.79	  -1.34	   0.76
	 -0.512	  0.100	 -0.853
	 -0.137	 -0.990	 -0.034
	 -0.848	  0.100	  0.520

4 	  38.27	   4.29	  -4.90
	  0.801	  0.305	 -0.514
	 -0.223	  0.950	  0.216
	  0.555	 -0.059	  0.830

5 	  47.13	   8.47	  -2.57
	  0.976	  0.059	 -0.208
	  0.216	 -0.270	  0.938
	 -0.001	 -0.961	 -0.276

6 	  55.55	   6.80	  -7.38
	  0.954	 -0.207	 -0.217
	  0.230	  0.969	  0.091
	  0.191	 -0.137	  0.972

7 	  38.30	  -7.56	  -3.92
	  0.756	 -0.472	 -0.453
	  0.399	  0.882	 -0.251
	  0.517	  0.009	  0.855

8 	  46.81	 -11.16	  -2.81
	  0.959	  0.018	 -0.281
	 -0.277	 -0.123	 -0.953
	 -0.052	  0.992	 -0.113

9 	  55.14	  -8.28	  -7.58
	  0.940	  0.131	 -0.315
	 -0.154	  0.987	 -0.046
	  0.304	  0.092	  0.948

2 	  32.71	  -6.82	  23.01
	  0.394	  0.917	 -0.050
	 -0.919	  0.394	 -0.014
	  0.007	  0.051	  0.999

3 	  43.72	  -1.34	   0.69
	 -0.519	  0.097	 -0.849
	 -0.137	 -0.990	 -0.029
	 -0.844	  0.101	  0.527

4 	  38.02	   4.17	  -4.97
	  0.781	  0.287	 -0.554
	 -0.210	  0.957	  0.200
	  0.588	 -0.041	  0.808

5 	  46.99	   8.38	  -3.48
	  0.957	  0.049	 -0.285
	  0.288	 -0.242	  0.926
	 -0.024	 -0.969	 -0.246

6 	  54.93	   6.49	  -9.00
	  0.929	 -0.221	 -0.295
	  0.243	  0.969	  0.042
	  0.276	 -0.111	  0.954

7 	  38.06	  -7.44	  -4.03
	  0.734	 -0.459	 -0.500
	  0.392	  0.888	 -0.240
	  0.553	 -0.020	  0.832

8 	  46.48	 -11.13	  -3.66
	  0.934	  0.017	 -0.356
	 -0.352	 -0.114	 -0.929
	 -0.057	  0.993	 -0.101

9 	  54.49	  -8.19	  -9.37
	  0.904	  0.134	 -0.405
	 -0.157	  0.987	 -0.023
	  0.397	  0.084	  0.914

2 	  32.71	  -6.82	  23.01
	  0.393	  0.918	 -0.049
	 -0.920	  0.392	 -0.014
	  0.006	  0.050	  0.999

3 	  43.58	  -1.37	   0.47
	 -0.534	  0.092	 -0.841
	 -0.141	 -0.990	 -0.019
	 -0.834	  0.108	  0.541

4 	  37.72	   4.01	  -5.08
	  0.756	  0.267	 -0.597
	 -0.192	  0.963	  0.188
	  0.625	 -0.028	  0.780

5 	  46.62	   8.35	  -4.27
	  0.938	  0.055	 -0.340
	  0.344	 -0.213	  0.914
	 -0.022	 -0.975	 -0.219

6 	  54.30	   6.31	 -10.41
	  0.906	 -0.225	 -0.357
	  0.241	  0.970	  0.001
	  0.346	 -0.088	  0.934

7 	  37.65	  -7.35	  -4.08
	  0.705	 -0.452	 -0.546
	  0.383	  0.891	 -0.242
	  0.596	 -0.039	  0.802

8 	  46.00	 -11.06	  -4.46
	  0.901	  0.017	 -0.432
	 -0.429	 -0.103	 -0.897
	 -0.059	  0.994	 -0.085

9 	  53.47	  -8.21	 -11.06
	  0.860	  0.132	 -0.493
	 -0.156	  0.988	 -0.007
	  0.486	  0.083	  0.870

2 	  32.71	  -6.82	  23.01
	  0.390	  0.919	 -0.046
	 -0.921	  0.390	 -0.015
	  0.005	  0.048	  0.999

3 	  43.38	  -1.41	   0.30
	 -0.553	  0.085	 -0.829
	 -0.145	 -0.989	 -0.005
	 -0.820	  0.117	  0.559

4 	  37.35	   3.83	  -5.17
	  0.732	  0.256	 -0.631
	 -0.183	  0.966	  0.180
	  0.656	 -0.016	  0.754

5 	  46.12	   8.31	  -4.99
	  0.917	  0.066	 -0.392
	  0.397	 -0.192	  0.897
	 -0.016	 -0.979	 -0.202

6 	  53.54	   6.43	 -11.55
	  0.887	 -0.209	 -0.412
	  0.219	  0.975	 -0.024
	  0.406	 -0.069	  0.911

7 	  37.27	  -7.31	  -4.04
	  0.677	 -0.449	 -0.583
	  0.378	  0.892	 -0.247
	  0.630	 -0.053	  0.774

8 	  45.49	 -11.04	  -5.19
	  0.867	  0.016	 -0.498
	 -0.495	 -0.088	 -0.865
	 -0.057	  0.996	 -0.068

9 	  52.47	  -8.14	 -12.30
	  0.816	  0.137	 -0.561
	 -0.153	  0.988	  0.019
	  0.557	  0.070	  0.827

2 	  32.71	  -6.82	  23.01
	  0.390	  0.920	 -0.046
	 -0.921	  0.389	 -0.015
	  0.004	  0.047	  0.999

3 	  43.17	  -1.51	   0.12
	 -0.570	  0.084	 -0.817
	 -0.151	 -0.989	  0.003
	 -0.807	  0.125	  0.576

4 	  36.95	   3.71	  -5.17
	  0.705	  0.254	 -0.662
	 -0.182	  0.967	  0.178
	  0.685	 -0.006	  0.728

5 	  45.63	   8.35	  -5.64
	  0.890	  0.077	 -0.450
	  0.456	 -0.169	  0.873
	 -0.009	 -0.982	 -0.186

6 	  52.65	   6.45	 -12.69
	  0.861	 -0.204	 -0.465
	  0.203	  0.978	 -0.052
	  0.465	 -0.051	  0.883

7 	  36.93	  -7.24	  -4.11
	  0.652	 -0.443	 -0.615
	  0.372	  0.894	 -0.249
	  0.660	 -0.067	  0.748

8 	  44.96	 -11.07	  -5.82
	  0.837	  0.009	 -0.547
	 -0.546	 -0.068	 -0.835
	 -0.045	  0.997	 -0.052

9 	  51.64	  -8.12	 -13.39
	  0.776	  0.140	 -0.614
	 -0.146	  0.988	  0.041
	  0.613	  0.057	  0.788

2 	  32.71	  -6.82	  23.01
	  0.390	  0.920	 -0.044
	 -0.921	  0.389	 -0.015
	  0.003	  0.046	  0.999

3 	  43.03	  -1.49	  -0.02
	 -0.584	  0.085	 -0.807
	 -0.151	 -0.988	  0.005
	 -0.797	  0.125	  0.590

4 	  36.63	   3.62	  -5.17
	  0.677	  0.255	 -0.690
	 -0.187	  0.967	  0.173
	  0.711	  0.011	  0.703

5 	  44.98	   8.51	  -6.29
	  0.854	  0.089	 -0.513
	  0.521	 -0.133	  0.843
	  0.006	 -0.987	 -0.160

6 	  51.49	   6.64	 -13.94
	  0.825	 -0.194	 -0.531
	  0.178	  0.981	 -0.081
	  0.536	 -0.028	  0.843

7 	  36.70	  -7.15	  -4.13
	  0.631	 -0.439	 -0.639
	  0.371	  0.895	 -0.249
	  0.681	 -0.080	  0.728

8 	  44.54	 -11.11	  -6.26
	  0.811	 -0.000	 -0.585
	 -0.584	 -0.050	 -0.810
	 -0.029	  0.999	 -0.041

9 	  50.87	  -8.07	 -14.22
	  0.742	  0.140	 -0.655
	 -0.136	  0.989	  0.057
	  0.656	  0.047	  0.753

2 	  32.71	  -6.82	  23.01
	  0.390	  0.920	 -0.043
	 -0.921	  0.389	 -0.016
	  0.002	  0.045	  0.999

3 	  42.94	  -1.44	  -0.12
	 -0.594	  0.074	 -0.801
	 -0.143	 -0.990	  0.015
	 -0.792	  0.124	  0.598

4 	  36.35	   3.53	  -5.17
	  0.649	  0.254	 -0.717
	 -0.195	  0.966	  0.166
	  0.735	  0.032	  0.677

5 	  44.31	   8.60	  -7.14
	  0.800	  0.098	 -0.591
	  0.598	 -0.088	  0.796
	  0.026	 -0.991	 -0.129

6 	  50.08	   6.79	 -15.54
	  0.764	 -0.180	 -0.620
	  0.140	  0.984	 -0.112
	  0.630	 -0.001	  0.777

7 	  36.54	  -7.03	  -4.15
	  0.614	 -0.432	 -0.660
	  0.370	  0.896	 -0.243
	  0.697	 -0.096	  0.711

8 	  44.16	 -11.07	  -6.75
	  0.779	 -0.009	 -0.626
	 -0.626	 -0.029	 -0.779
	 -0.011	  0.999	 -0.028

9 	  50.08	  -8.07	 -15.03
	  0.703	  0.141	 -0.696
	 -0.131	  0.989	  0.068
	  0.698	  0.043	  0.714

2 	  32.70	  -6.82	  23.03
	  0.390	  0.920	 -0.042
	 -0.921	  0.389	 -0.016
	  0.001	  0.045	  0.999

3 	  42.89	  -1.37	  -0.19
	 -0.598	  0.066	 -0.798
	 -0.136	 -0.990	  0.019
	 -0.790	  0.120	  0.601

4 	  36.11	   3.50	  -5.12
	  0.621	  0.260	 -0.739
	 -0.204	  0.964	  0.168
	  0.756	  0.047	  0.653

5 	  43.52	   8.72	  -7.88
	  0.739	  0.110	 -0.664
	  0.671	 -0.047	  0.739
	  0.050	 -0.993	 -0.109

6 	  48.55	   7.01	 -16.89
	  0.704	 -0.162	 -0.692
	  0.094	  0.986	 -0.134
	  0.704	  0.029	  0.709

7 	  36.37	  -6.87	  -4.17
	  0.589	 -0.425	 -0.687
	  0.371	  0.898	 -0.237
	  0.717	 -0.115	  0.687

8 	  43.59	 -11.07	  -7.33
	  0.735	 -0.022	 -0.678
	 -0.678	  0.008	 -0.735
	  0.021	  1.000	 -0.009

9 	  48.99	  -8.03	 -16.07
	  0.649	  0.141	 -0.747
	 -0.114	  0.989	  0.087
	  0.752	  0.028	  0.658

2 	  32.71	  -6.82	  23.03
	  0.390	  0.920	 -0.042
	 -0.921	  0.389	 -0.016
	  0.002	  0.044	  0.999

3 	  42.80	  -1.30	  -0.30
	 -0.603	  0.060	 -0.795
	 -0.126	 -0.992	  0.020
	 -0.787	  0.112	  0.606

4 	  35.88	   3.46	  -5.06
	  0.597	  0.269	 -0.755
	 -0.214	  0.961	  0.174
	  0.773	  0.057	  0.632

5 	  42.80	   8.74	  -8.49
	  0.678	  0.114	 -0.726
	  0.732	 -0.023	  0.680
	  0.060	 -0.993	 -0.099

6 	  47.06	   7.08	 -17.95
	  0.640	 -0.147	 -0.754
	  0.053	  0.987	 -0.148
	  0.766	  0.055	  0.640

7 	  36.16	  -6.71	  -4.25
	  0.554	 -0.415	 -0.722
	  0.368	  0.900	 -0.235
	  0.747	 -0.136	  0.651

8 	  42.87	 -11.00	  -8.12
	  0.672	 -0.026	 -0.740
	 -0.739	  0.042	 -0.672
	  0.048	  0.999	  0.009

9 	  47.50	  -7.86	 -17.38
	  0.569	  0.144	 -0.809
	 -0.102	  0.989	  0.104
	  0.815	  0.023	  0.578

2 	  32.71	  -6.82	  23.01
	  0.389	  0.920	 -0.042
	 -0.921	  0.389	 -0.016
	  0.001	  0.044	  0.999

3 	  42.70	  -1.16	  -0.40
	 -0.610	  0.049	 -0.791
	 -0.105	 -0.994	  0.020
	 -0.785	  0.095	  0.611

4 	  35.65	   3.43	  -5.04
	  0.574	  0.275	 -0.771
	 -0.219	  0.959	  0.179
	  0.789	  0.066	  0.611

5 	  42.15	   8.65	  -9.05
	  0.621	  0.101	 -0.777
	  0.781	  0.007	  0.625
	  0.068	 -0.995	 -0.075

6 	  45.72	   6.84	 -18.91
	  0.574	 -0.165	 -0.802
	  0.032	  0.983	 -0.180
	  0.818	  0.077	  0.570

7 	  35.93	  -6.49	  -4.29
	  0.512	 -0.408	 -0.756
	  0.371	  0.899	 -0.233
	  0.774	 -0.161	  0.612

8 	  42.12	 -10.90	  -8.75
	  0.603	 -0.036	 -0.797
	 -0.794	  0.072	 -0.604
	  0.079	  0.997	  0.015

9 	  45.95	  -7.88	 -18.44
	  0.490	  0.141	 -0.860
	 -0.081	  0.990	  0.116
	  0.868	  0.012	  0.496

2 	  32.71	  -6.82	  23.03
	  0.390	  0.920	 -0.041
	 -0.921	  0.389	 -0.017
	  0.000	  0.044	  0.999

3 	  42.66	  -1.11	  -0.47
	 -0.613	  0.047	 -0.789
	 -0.097	 -0.995	  0.017
	 -0.784	  0.087	  0.614

4 	  35.42	   3.38	  -5.04
	  0.556	  0.275	 -0.784
	 -0.218	  0.959	  0.182
	  0.802	  0.069	  0.593

5 	  41.54	   8.51	  -9.62
	  0.559	  0.080	 -0.825
	  0.826	  0.019	  0.562
	  0.061	 -0.996	 -0.056

6 	  44.33	   6.43	 -19.69
	  0.499	 -0.189	 -0.846
	  0.030	  0.979	 -0.201
	  0.866	  0.075	  0.494

7 	  35.65	  -6.29	  -4.34
	  0.463	 -0.408	 -0.787
	  0.390	  0.891	 -0.232
	  0.796	 -0.200	  0.571

8 	  41.22	 -10.95	  -9.32
	  0.534	 -0.056	 -0.844
	 -0.837	  0.107	 -0.537
	  0.120	  0.993	  0.010

9 	  44.40	  -7.91	 -19.30
	  0.413	  0.132	 -0.901
	 -0.048	  0.991	  0.123
	  0.909	 -0.008	  0.416

2 	  32.71	  -6.80	  23.01
	  0.391	  0.919	 -0.039
	 -0.920	  0.391	 -0.017
	 -0.001	  0.042	  0.999

3 	  42.57	  -1.07	  -0.60
	 -0.620	  0.045	 -0.783
	 -0.092	 -0.995	  0.015
	 -0.779	  0.082	  0.621

4 	  35.28	   3.30	  -5.03
	  0.538	  0.276	 -0.796
	 -0.216	  0.958	  0.186
	  0.814	  0.072	  0.575

5 	  40.94	   8.40	 -10.00
	  0.498	  0.071	 -0.864
	  0.865	  0.025	  0.500
	  0.057	 -0.997	 -0.049

6 	  42.89	   6.15	 -20.37
	  0.422	 -0.199	 -0.884
	  0.021	  0.977	 -0.210
	  0.906	  0.070	  0.417

7 	  35.38	  -6.17	  -4.29
	  0.405	 -0.412	 -0.816
	  0.413	  0.879	 -0.239
	  0.815	 -0.240	  0.526

8 	  40.36	 -11.13	  -9.67
	  0.461	 -0.079	 -0.884
	 -0.873	  0.138	 -0.468
	  0.159	  0.987	 -0.006

9 	  42.75	  -8.37	 -20.06
	  0.330	  0.114	 -0.937
	 -0.013	  0.993	  0.116
	  0.943	 -0.026	  0.330

2 	  32.71	  -6.80	  23.01
	  0.391	  0.919	 -0.039
	 -0.920	  0.391	 -0.017
	 -0.001	  0.042	  0.999

3 	  42.52	  -1.07	  -0.72
	 -0.628	  0.043	 -0.777
	 -0.092	 -0.995	  0.019
	 -0.772	  0.083	  0.629

4 	  35.03	   3.18	  -5.01
	  0.510	  0.286	 -0.811
	 -0.222	  0.955	  0.197
	  0.830	  0.079	  0.551

5 	  40.20	   8.40	 -10.32
	  0.431	  0.079	 -0.898
	  0.899	  0.035	  0.435
	  0.066	 -0.996	 -0.056

6 	  41.38	   6.26	 -20.85
	  0.347	 -0.187	 -0.919
	  0.002	  0.980	 -0.199
	  0.938	  0.067	  0.340

7 	  35.09	  -6.15	  -4.29
	  0.343	 -0.422	 -0.839
	  0.433	  0.864	 -0.257
	  0.833	 -0.276	  0.479

8 	  39.52	 -11.29	  -9.90
	  0.383	 -0.102	 -0.918
	 -0.906	  0.151	 -0.395
	  0.179	  0.983	 -0.034

9 	  41.12	  -8.72	 -20.51
	  0.249	  0.090	 -0.964
	  0.005	  0.995	  0.095
	  0.968	 -0.029	  0.247

2 	  32.71	  -6.80	  23.01
	  0.392	  0.919	 -0.038
	 -0.920	  0.391	 -0.018
	 -0.001	  0.042	  0.999

3 	  42.42	  -1.07	  -0.91
	 -0.640	  0.042	 -0.767
	 -0.094	 -0.995	  0.024
	 -0.763	  0.088	  0.641

4 	  34.82	   3.11	  -4.97
	  0.481	  0.296	 -0.825
	 -0.227	  0.951	  0.209
	  0.846	  0.086	  0.525

5 	  39.52	   8.42	 -10.55
	  0.369	  0.088	 -0.925
	  0.927	  0.040	  0.373
	  0.069	 -0.995	 -0.067

6 	  39.97	   6.38	 -21.25
	  0.273	 -0.173	 -0.946
	 -0.008	  0.983	 -0.182
	  0.962	  0.057	  0.267

7 	  34.82	  -6.05	  -4.22
	  0.287	 -0.426	 -0.858
	  0.451	  0.850	 -0.271
	  0.844	 -0.309	  0.437

8 	  38.79	 -11.29	 -10.04
	  0.315	 -0.114	 -0.942
	 -0.930	  0.162	 -0.331
	  0.190	  0.980	 -0.055

9 	  39.59	  -8.93	 -20.88
	  0.174	  0.078	 -0.982
	  0.024	  0.996	  0.083
	  0.984	 -0.038	  0.172

2 	  32.71	  -6.80	  23.03
	  0.392	  0.919	 -0.038
	 -0.920	  0.392	 -0.018
	 -0.002	  0.042	  0.999

3 	  42.31	  -1.09	  -1.05
	 -0.649	  0.043	 -0.759
	 -0.100	 -0.995	  0.028
	 -0.754	  0.094	  0.650

4 	  34.63	   3.06	  -4.94
	  0.461	  0.300	 -0.835
	 -0.226	  0.950	  0.217
	  0.858	  0.088	  0.506

5 	  38.94	   8.44	 -10.74
	  0.311	  0.092	 -0.946
	  0.948	  0.043	  0.316
	  0.069	 -0.995	 -0.074

6 	  38.78	   6.47	 -21.46
	  0.207	 -0.168	 -0.964
	 -0.010	  0.984	 -0.174
	  0.978	  0.045	  0.203

7 	  34.58	  -5.96	  -4.20
	  0.236	 -0.421	 -0.876
	  0.466	  0.839	 -0.278
	  0.852	 -0.343	  0.395

8 	  38.09	 -11.32	 -10.21
	  0.247	 -0.120	 -0.961
	 -0.949	  0.171	 -0.266
	  0.197	  0.978	 -0.072

9 	  38.30	  -8.89	 -21.06
	  0.102	  0.076	 -0.992
	  0.028	  0.996	  0.079
	  0.994	 -0.036	  0.100

2 	  32.71	  -6.80	  23.03
	  0.392	  0.919	 -0.038
	 -0.920	  0.392	 -0.019
	 -0.002	  0.042	  0.999

3 	  42.24	  -1.07	  -1.20
	 -0.658	  0.045	 -0.751
	 -0.103	 -0.994	  0.031
	 -0.745	  0.098	  0.659

4 	  34.47	   3.02	  -4.90
	  0.442	  0.306	 -0.843
	 -0.235	  0.946	  0.220
	  0.866	  0.101	  0.490

5 	  38.46	   8.40	 -10.90
	  0.266	  0.090	 -0.960
	  0.961	  0.053	  0.272
	  0.075	 -0.995	 -0.072

6 	  37.81	   6.35	 -21.60
	  0.154	 -0.179	 -0.972
	  0.006	  0.983	 -0.180
	  0.988	  0.022	  0.153

7 	  34.38	  -5.89	  -4.15
	  0.187	 -0.419	 -0.889
	  0.474	  0.830	 -0.292
	  0.860	 -0.367	  0.354

8 	  37.56	 -11.30	 -10.28
	  0.182	 -0.122	 -0.976
	 -0.967	  0.158	 -0.200
	  0.179	  0.980	 -0.089

9 	  37.04	  -8.93	 -21.15
	  0.028	  0.072	 -0.997
	  0.003	  0.997	  0.073
	  1.000	 -0.005	  0.028

2 	  32.71	  -6.80	  23.03
	  0.393	  0.919	 -0.038
	 -0.920	  0.392	 -0.019
	 -0.002	  0.042	  0.999

3 	  42.21	  -1.04	  -1.32
	 -0.665	  0.050	 -0.745
	 -0.107	 -0.994	  0.028
	 -0.739	  0.099	  0.666

4 	  34.38	   2.99	  -4.90
	  0.429	  0.310	 -0.848
	 -0.239	  0.945	  0.224
	  0.871	  0.106	  0.480

5 	  38.18	   8.42	 -10.95
	  0.236	  0.090	 -0.968
	  0.969	  0.055	  0.241
	  0.074	 -0.994	 -0.075

6 	  37.20	   6.36	 -21.59
	  0.114	 -0.187	 -0.976
	  0.022	  0.982	 -0.186
	  0.993	 -0.001	  0.117

7 	  34.26	  -5.84	  -4.15
	  0.158	 -0.418	 -0.895
	  0.485	  0.822	 -0.298
	  0.860	 -0.387	  0.332

8 	  37.21	 -11.29	 -10.35
	  0.146	 -0.126	 -0.981
	 -0.973	  0.162	 -0.166
	  0.180	  0.979	 -0.099

9 	  36.39	  -9.02	 -21.18
	 -0.004	  0.067	 -0.998
	  0.002	  0.998	  0.067
	  1.000	 -0.002	 -0.004

2 	  32.71	  -6.80	  23.03
	  0.393	  0.918	 -0.038
	 -0.919	  0.393	 -0.018
	 -0.002	  0.041	  0.999

3 	  42.17	  -1.05	  -1.35
	 -0.667	  0.055	 -0.743
	 -0.110	 -0.993	  0.026
	 -0.737	  0.099	  0.668

4 	  34.35	   2.99	  -4.87
	  0.427	  0.315	 -0.848
	 -0.239	  0.943	  0.230
	  0.872	  0.104	  0.478

5 	  38.07	   8.46	 -10.97
	  0.221	  0.095	 -0.970
	  0.972	  0.053	  0.227
	  0.073	 -0.994	 -0.081

6 	  37.00	   6.43	 -21.60
	  0.099	 -0.187	 -0.977
	  0.033	  0.982	 -0.184
	  0.994	 -0.014	  0.104

7 	  34.24	  -5.82	  -4.15
	  0.151	 -0.416	 -0.896
	  0.491	  0.818	 -0.297
	  0.857	 -0.396	  0.329

8 	  37.14	 -11.30	 -10.37
	  0.142	 -0.130	 -0.981
	 -0.972	  0.169	 -0.163
	  0.187	  0.977	 -0.102

9 	  36.39	  -9.09	 -21.15
	 -0.004	  0.062	 -0.998
	  0.012	  0.998	  0.062
	  1.000	 -0.012	 -0.004

2 	  32.71	  -6.80	  23.01
	  0.393	  0.918	 -0.038
	 -0.919	  0.393	 -0.018
	 -0.002	  0.042	  0.999

3 	  42.19	  -1.07	  -1.39
	 -0.667	  0.056	 -0.743
	 -0.112	 -0.993	  0.025
	 -0.736	  0.100	  0.669

4 	  34.33	   2.97	  -4.87
	  0.424	  0.319	 -0.848
	 -0.241	  0.942	  0.234
	  0.873	  0.104	  0.476

5 	  38.06	   8.47	 -10.95
	  0.218	  0.099	 -0.971
	  0.973	  0.054	  0.224
	  0.075	 -0.994	 -0.085

6 	  36.97	   6.49	 -21.57
	  0.098	 -0.184	 -0.978
	  0.036	  0.983	 -0.181
	  0.994	 -0.018	  0.103

7 	  34.24	  -5.82	  -4.15
	  0.153	 -0.415	 -0.896
	  0.495	  0.818	 -0.294
	  0.855	 -0.399	  0.331

8 	  37.14	 -11.34	 -10.34
	  0.147	 -0.135	 -0.980
	 -0.970	  0.174	 -0.169
	  0.193	  0.975	 -0.105

9 	  36.44	  -9.19	 -21.13
	  0.003	  0.057	 -0.998
	  0.032	  0.998	  0.057
	  0.999	 -0.032	  0.001

2 	  32.71	  -6.80	  23.03
	  0.393	  0.918	 -0.038
	 -0.919	  0.393	 -0.018
	 -0.002	  0.042	  0.999

3 	  42.17	  -1.05	  -1.39
	 -0.666	  0.056	 -0.744
	 -0.111	 -0.993	  0.024
	 -0.738	  0.099	  0.668

4 	  34.35	   2.99	  -4.85
	  0.425	  0.322	 -0.846
	 -0.242	  0.941	  0.237
	  0.872	  0.103	  0.478

5 	  38.06	   8.49	 -10.93
	  0.217	  0.102	 -0.971
	  0.973	  0.054	  0.223
	  0.075	 -0.993	 -0.087

6 	  37.00	   6.54	 -21.52
	  0.098	 -0.184	 -0.978
	  0.044	  0.982	 -0.180
	  0.994	 -0.026	  0.104

7 	  34.26	  -5.82	  -4.17
	  0.157	 -0.415	 -0.896
	  0.500	  0.816	 -0.291
	  0.851	 -0.403	  0.336

8 	  37.16	 -11.36	 -10.30
	  0.152	 -0.136	 -0.979
	 -0.969	  0.177	 -0.175
	  0.197	  0.975	 -0.104

9 	  36.49	  -9.18	 -21.11
	  0.007	  0.058	 -0.998
	  0.033	  0.998	  0.058
	  0.999	 -0.034	  0.005

2 	  32.71	  -6.80	  23.03
	  0.394	  0.918	 -0.038
	 -0.919	  0.393	 -0.018
	 -0.001	  0.042	  0.999

3 	  42.17	  -1.09	  -1.35
	 -0.663	  0.057	 -0.747
	 -0.112	 -0.993	  0.023
	 -0.740	  0.099	  0.665

4 	  34.37	   3.02	  -4.83
	  0.431	  0.328	 -0.840
	 -0.243	  0.939	  0.242
	  0.869	  0.099	  0.485

5 	  38.11	   8.53	 -10.85
	  0.224	  0.107	 -0.969
	  0.971	  0.055	  0.231
	  0.078	 -0.993	 -0.092

6 	  37.16	   6.61	 -21.46
	  0.106	 -0.181	 -0.978
	  0.044	  0.983	 -0.177
	  0.993	 -0.024	  0.113

7 	  34.29	  -5.84	  -4.17
	  0.164	 -0.416	 -0.894
	  0.501	  0.816	 -0.288
	  0.849	 -0.401	  0.342

8 	  37.25	 -11.39	 -10.27
	  0.161	 -0.138	 -0.977
	 -0.967	  0.176	 -0.185
	  0.198	  0.974	 -0.104

9 	  36.69	  -9.21	 -21.08
	  0.016	  0.056	 -0.998
	  0.035	  0.998	  0.056
	  0.999	 -0.036	  0.014

2 	  32.71	  -6.80	  23.03
	  0.394	  0.918	 -0.039
	 -0.919	  0.393	 -0.018
	 -0.001	  0.042	  0.999

3 	  42.17	  -1.07	  -1.34
	 -0.661	  0.057	 -0.748
	 -0.111	 -0.993	  0.022
	 -0.742	  0.098	  0.663

4 	  34.37	   3.02	  -4.83
	  0.432	  0.332	 -0.838
	 -0.245	  0.938	  0.245
	  0.868	  0.099	  0.487

5 	  38.13	   8.56	 -10.81
	  0.227	  0.110	 -0.968
	  0.971	  0.055	  0.234
	  0.079	 -0.992	 -0.095

6 	  37.21	   6.64	 -21.43
	  0.109	 -0.179	 -0.978
	  0.044	  0.983	 -0.175
	  0.993	 -0.024	  0.116

7 	  34.31	  -5.85	  -4.17
	  0.170	 -0.417	 -0.893
	  0.496	  0.819	 -0.288
	  0.851	 -0.395	  0.346

8 	  37.34	 -11.41	 -10.27
	  0.168	 -0.137	 -0.976
	 -0.967	  0.170	 -0.190
	  0.192	  0.976	 -0.104

9 	  36.84	  -9.23	 -21.08
	  0.021	  0.056	 -0.998
	  0.029	  0.998	  0.057
	  0.999	 -0.031	  0.020

2 	  32.70	  -6.80	  23.03
	  0.394	  0.918	 -0.039
	 -0.919	  0.393	 -0.018
	 -0.001	  0.042	  0.999

3 	  42.17	  -1.07	  -1.34
	 -0.659	  0.056	 -0.750
	 -0.110	 -0.994	  0.022
	 -0.744	  0.097	  0.661

4 	  34.37	   3.06	  -4.80
	  0.432	  0.338	 -0.836
	 -0.249	  0.936	  0.249
	  0.867	  0.100	  0.488

5 	  38.18	   8.60	 -10.76
	  0.231	  0.114	 -0.966
	  0.969	  0.052	  0.239
	  0.077	 -0.992	 -0.099

6 	  37.35	   6.77	 -21.34
	  0.116	 -0.174	 -0.978
	  0.050	  0.984	 -0.169
	  0.992	 -0.030	  0.123

7 	  34.40	  -5.94	  -4.18
	  0.191	 -0.419	 -0.888
	  0.483	  0.827	 -0.287
	  0.854	 -0.374	  0.360

8 	  37.69	 -11.37	 -10.20
	  0.196	 -0.133	 -0.971
	 -0.964	  0.153	 -0.216
	  0.177	  0.979	 -0.098

9 	  37.49	  -9.23	 -21.02
	  0.049	  0.057	 -0.997
	  0.011	  0.998	  0.057
	  0.999	 -0.015	  0.048

2 	  32.71	  -6.80	  23.03
	  0.394	  0.918	 -0.039
	 -0.919	  0.393	 -0.017
	 -0.001	  0.042	  0.999

3 	  42.19	  -1.07	  -1.25
	 -0.652	  0.054	 -0.756
	 -0.107	 -0.994	  0.021
	 -0.750	  0.094	  0.654

4 	  34.45	   3.11	  -4.78
	  0.434	  0.347	 -0.831
	 -0.252	  0.933	  0.257
	  0.865	  0.097	  0.492

5 	  38.71	   8.72	 -10.51
	  0.278	  0.126	 -0.952
	  0.958	  0.032	  0.284
	  0.066	 -0.991	 -0.112

6 	  38.30	   7.03	 -21.20
	  0.162	 -0.160	 -0.974
	  0.067	  0.986	 -0.151
	  0.984	 -0.041	  0.170

7 	  34.61	  -6.01	  -4.20
	  0.235	 -0.424	 -0.875
	  0.466	  0.839	 -0.281
	  0.853	 -0.342	  0.395

8 	  38.27	 -11.39	 -10.09
	  0.255	 -0.131	 -0.958
	 -0.951	  0.145	 -0.273
	  0.175	  0.981	 -0.087

9 	  38.78	  -9.12	 -20.79
	  0.114	  0.063	 -0.991
	 -0.000	  0.998	  0.063
	  0.993	 -0.007	  0.114

2 	  32.71	  -6.80	  23.03
	  0.393	  0.918	 -0.040
	 -0.919	  0.393	 -0.017
	  0.000	  0.043	  0.999

3 	  42.24	  -1.02	  -1.16
	 -0.647	  0.051	 -0.761
	 -0.101	 -0.995	  0.019
	 -0.756	  0.089	  0.648

4 	  34.65	   3.27	  -4.80
	  0.451	  0.356	 -0.818
	 -0.251	  0.930	  0.267
	  0.856	  0.085	  0.509

5 	  39.36	   8.86	 -10.21
	  0.341	  0.134	 -0.930
	  0.938	  0.019	  0.346
	  0.064	 -0.991	 -0.119

6 	  39.71	   7.37	 -20.79
	  0.236	 -0.143	 -0.961
	  0.074	  0.989	 -0.128
	  0.969	 -0.042	  0.244

7 	  34.86	  -6.17	  -4.18
	  0.299	 -0.433	 -0.850
	  0.454	  0.848	 -0.272
	  0.839	 -0.305	  0.450

8 	  39.08	 -11.48	  -9.83
	  0.336	 -0.129	 -0.933
	 -0.926	  0.136	 -0.352
	  0.173	  0.982	 -0.074

9 	  40.45	  -9.23	 -20.37
	  0.202	  0.062	 -0.977
	 -0.012	  0.998	  0.061
	  0.979	 -0.001	  0.202

2 	  32.71	  -6.82	  23.03
	  0.394	  0.918	 -0.043
	 -0.919	  0.393	 -0.016
	  0.002	  0.046	  0.999

3 	  42.33	  -0.98	  -0.95
	 -0.639	  0.050	 -0.767
	 -0.098	 -0.995	  0.016
	 -0.763	  0.085	  0.641

4 	  34.84	   3.39	  -4.76
	  0.476	  0.360	 -0.802
	 -0.251	  0.930	  0.269
	  0.843	  0.073	  0.533

5 	  40.08	   8.96	  -9.81
	  0.408	  0.140	 -0.902
	  0.911	  0.002	  0.412
	  0.059	 -0.990	 -0.127

6 	  41.12	   7.56	 -20.39
	  0.311	 -0.128	 -0.942
	  0.066	  0.991	 -0.113
	  0.948	 -0.027	  0.317

7 	  35.19	  -6.31	  -4.13
	  0.369	 -0.438	 -0.820
	  0.436	  0.860	 -0.263
	  0.820	 -0.261	  0.509

8 	  39.97	 -11.58	  -9.39
	  0.421	 -0.133	 -0.897
	 -0.892	  0.118	 -0.436
	  0.164	  0.984	 -0.069

9 	  42.15	  -9.40	 -19.79
	  0.288	  0.059	 -0.956
	 -0.021	  0.998	  0.056
	  0.957	  0.003	  0.289

2 	  32.71	  -6.82	  23.03
	  0.394	  0.918	 -0.048
	 -0.919	  0.393	 -0.015
	  0.005	  0.050	  0.999

3 	  42.45	  -0.98	  -0.72
	 -0.634	  0.049	 -0.772
	 -0.100	 -0.995	  0.019
	 -0.767	  0.090	  0.635

4 	  35.12	   3.48	  -4.76
	  0.499	  0.359	 -0.789
	 -0.246	  0.931	  0.268
	  0.831	  0.060	  0.553

5 	  40.83	   8.98	  -9.47
	  0.468	  0.141	 -0.872
	  0.883	 -0.036	  0.468
	  0.034	 -0.989	 -0.141

6 	  42.50	   7.82	 -19.97
