2 	  32.68	  -7.37	  22.73
	  0.435	  0.900	 -0.028
	 -0.901	  0.435	 -0.010
	  0.004	  0.029	  0.999

3 	  43.89	  -0.67	   0.54
	  0.582	 -0.162	  0.797
	  0.007	  0.981	  0.195
	 -0.813	 -0.108	  0.572

4 	  36.90	   5.01	  -4.76
	  0.251	  0.952	 -0.175
	 -0.680	  0.302	  0.668
	  0.689	 -0.048	  0.722

5 	  43.08	  12.67	   0.35
	  0.852	  0.521	  0.040
	  0.125	 -0.278	  0.952
	  0.508	 -0.807	 -0.302

6 	  46.27	   5.03	  -5.33
	 -0.080	 -0.922	 -0.379
	  0.995	 -0.096	  0.024
	 -0.058	 -0.375	  0.925

7 	  36.67	  -6.28	  -4.32
	  0.415	 -0.761	 -0.498
	  0.436	  0.646	 -0.626
	  0.799	  0.043	  0.599

8 	  42.64	 -15.29	  -4.18
	  0.727	 -0.531	 -0.435
	 -0.516	 -0.005	 -0.856
	  0.453	  0.847	 -0.277

9 	  45.79	  -6.61	  -7.08
	  0.012	  0.999	  0.032
	 -0.971	  0.004	  0.239
	  0.239	 -0.035	  0.970

2 	  32.68	  -7.35	  22.73
	  0.436	  0.899	 -0.028
	 -0.900	  0.435	 -0.010
	  0.004	  0.030	  0.999

3 	  43.91	  -0.69	   0.44
	  0.590	 -0.166	  0.790
	  0.009	  0.980	  0.198
	 -0.807	 -0.110	  0.580

4 	  36.84	   5.01	  -4.75
	  0.243	  0.954	 -0.177
	 -0.677	  0.297	  0.673
	  0.695	 -0.043	  0.717

5 	  43.01	  12.67	   0.40
	  0.848	  0.529	  0.029
	  0.150	 -0.292	  0.944
	  0.508	 -0.797	 -0.327

6 	  46.14	   5.20	  -5.54
	 -0.074	 -0.914	 -0.399
	  0.997	 -0.075	 -0.013
	 -0.018	 -0.399	  0.917

7 	  36.53	  -6.26	  -4.31
	  0.403	 -0.764	 -0.503
	  0.430	  0.643	 -0.634
	  0.808	  0.039	  0.588

8 	  42.33	 -15.36	  -4.20
	  0.701	 -0.550	 -0.453
	 -0.542	  0.001	 -0.840
	  0.464	  0.834	 -0.297

9 	  45.53	  -6.80	  -7.33
	  0.040	  0.999	  0.018
	 -0.958	  0.034	  0.283
	  0.282	 -0.029	  0.959

2 	  32.68	  -7.37	  22.73
	  0.436	  0.900	 -0.028
	 -0.900	  0.435	 -0.010
	  0.004	  0.029	  0.999

3 	  43.84	  -0.69	   0.35
	  0.604	 -0.176	  0.777
	  0.007	  0.976	  0.215
	 -0.797	 -0.124	  0.591

4 	  36.54	   4.97	  -4.61
	  0.209	  0.960	 -0.183
	 -0.671	  0.277	  0.688
	  0.712	 -0.021	  0.702

5 	  42.59	  12.80	   0.53
	  0.828	  0.561	  0.005
	  0.207	 -0.313	  0.927
	  0.522	 -0.766	 -0.375

6 	  45.62	   5.71	  -5.80
	 -0.063	 -0.901	 -0.429
	  0.997	 -0.036	 -0.069
	  0.047	 -0.432	  0.900

7 	  36.28	  -6.21	  -4.15
	  0.381	 -0.775	 -0.503
	  0.425	  0.630	 -0.650
	  0.821	  0.034	  0.569

8 	  41.50	 -15.66	  -4.11
	  0.648	 -0.598	 -0.471
	 -0.572	  0.027	 -0.820
	  0.504	  0.801	 -0.324

9 	  44.88	  -7.38	  -7.61
	  0.092	  0.995	 -0.012
	 -0.937	  0.090	  0.337
	  0.337	 -0.020	  0.941

2 	  32.68	  -7.35	  22.73
	  0.436	  0.899	 -0.028
	 -0.900	  0.435	 -0.010
	  0.004	  0.030	  0.999

3 	  43.75	  -0.70	   0.25
	  0.620	 -0.181	  0.763
	 -0.001	  0.973	  0.231
	 -0.784	 -0.144	  0.603

4 	  36.23	   4.94	  -4.41
	  0.154	  0.973	 -0.171
	 -0.679	  0.229	  0.697
	  0.718	  0.009	  0.696

5 	  41.62	  12.99	   1.09
	  0.775	  0.632	 -0.008
	  0.300	 -0.355	  0.885
	  0.557	 -0.688	 -0.464

6 	  44.58	   6.93	  -6.10
	 -0.030	 -0.862	 -0.506
	  0.987	  0.055	 -0.151
	  0.158	 -0.504	  0.849

7 	  35.93	  -6.17	  -3.94
	  0.340	 -0.803	 -0.489
	  0.424	  0.595	 -0.682
	  0.839	  0.024	  0.543

8 	  40.25	 -16.07	  -3.41
	  0.564	 -0.689	 -0.456
	 -0.612	  0.024	 -0.791
	  0.558	  0.723	 -0.407

9 	  43.93	  -8.49	  -7.84
	  0.164	  0.978	 -0.130
	 -0.891	  0.203	  0.406
	  0.423	  0.049	  0.905

2 	  32.68	  -7.35	  22.73
	  0.436	  0.899	 -0.028
	 -0.900	  0.436	 -0.010
	  0.004	  0.029	  0.999

3 	  43.56	  -0.60	   0.11
	  0.649	 -0.175	  0.740
	 -0.016	  0.970	  0.243
	 -0.761	 -0.170	  0.626

4 	  35.72	   5.03	  -4.11
	  0.104	  0.985	 -0.138
	 -0.681	  0.171	  0.712
	  0.725	  0.019	  0.688

5 	  40.87	  13.11	   1.76
	  0.732	  0.681	 -0.016
	  0.393	 -0.402	  0.827
	  0.558	 -0.612	 -0.560

6 	  43.45	   7.96	  -6.33
	 -0.038	 -0.808	 -0.589
	  0.968	  0.116	 -0.222
	  0.247	 -0.578	  0.777

7 	  35.40	  -6.15	  -3.62
	  0.290	 -0.841	 -0.456
	  0.425	  0.539	 -0.727
	  0.857	  0.016	  0.514

8 	  39.18	 -16.24	  -2.20
	  0.502	 -0.766	 -0.401
	 -0.629	 -0.004	 -0.777
	  0.595	  0.642	 -0.483

9 	  43.00	  -9.54	  -7.89
	  0.216	  0.938	 -0.271
	 -0.831	  0.322	  0.453
	  0.513	  0.127	  0.849

2 	  32.68	  -7.37	  22.73
	  0.436	  0.899	 -0.028
	 -0.900	  0.436	 -0.010
	  0.004	  0.029	  0.999

3 	  43.19	  -0.58	  -0.07
	  0.683	 -0.169	  0.710
	 -0.014	  0.970	  0.244
	 -0.731	 -0.177	  0.659

4 	  35.21	   5.22	  -3.78
	  0.087	  0.990	 -0.114
	 -0.659	  0.142	  0.738
	  0.747	  0.011	  0.665

5 	  40.62	  13.01	   2.29
	  0.714	  0.700	 -0.024
	  0.467	 -0.449	  0.762
	  0.524	 -0.555	 -0.646

6 	  42.68	   8.67	  -6.12
	 -0.099	 -0.745	 -0.659
	  0.933	  0.161	 -0.322
	  0.346	 -0.646	  0.680

7 	  35.02	  -6.15	  -3.48
	  0.255	 -0.858	 -0.446
	  0.418	  0.513	 -0.750
	  0.872	  0.005	  0.489

8 	  38.90	 -16.21	  -1.44
	  0.495	 -0.790	 -0.361
	 -0.645	 -0.055	 -0.763
	  0.584	  0.610	 -0.535

9 	  42.54	  -9.95	  -7.82
	  0.199	  0.900	 -0.386
	 -0.780	  0.384	  0.493
	  0.593	  0.203	  0.779

2 	  32.68	  -7.37	  22.73
	  0.437	  0.899	 -0.028
	 -0.900	  0.436	 -0.010
	  0.004	  0.029	  0.999

3 	  43.05	  -0.54	  -0.11
	  0.695	 -0.167	  0.699
	 -0.009	  0.971	  0.239
	 -0.719	 -0.173	  0.673

4 	  35.12	   5.38	  -3.64
	  0.090	  0.992	 -0.091
	 -0.656	  0.127	  0.744
	  0.750	 -0.008	  0.661

5 	  40.55	  12.94	   2.76
	  0.723	  0.691	  0.009
	  0.442	 -0.471	  0.763
	  0.533	 -0.548	 -0.645

6 	  42.94	   8.70	  -5.80
	 -0.052	 -0.715	 -0.698
	  0.893	  0.280	 -0.352
	  0.447	 -0.641	  0.624

7 	  35.03	  -6.24	  -3.43
	  0.262	 -0.865	 -0.429
	  0.413	  0.501	 -0.760
	  0.872	  0.022	  0.488

8 	  39.76	 -15.89	  -0.76
	  0.545	 -0.778	 -0.311
	 -0.653	 -0.161	 -0.740
	  0.528	  0.606	 -0.595

9 	  42.96	 -10.12	  -8.17
	  0.140	  0.841	 -0.522
	 -0.718	  0.449	  0.532
	  0.682	  0.300	  0.667

2 	  32.68	  -7.37	  22.73
	  0.437	  0.899	 -0.028
	 -0.900	  0.436	 -0.010
	  0.004	  0.029	  0.999

3 	  43.08	  -0.42	  -0.11
	  0.697	 -0.149	  0.701
	 -0.019	  0.974	  0.225
	 -0.717	 -0.170	  0.676

4 	  35.03	   5.43	  -3.52
	  0.083	  0.993	 -0.083
	 -0.650	  0.117	  0.750
	  0.755	 -0.008	  0.655

5 	  40.57	  12.90	   2.94
	  0.717	  0.697	  0.012
	  0.457	 -0.483	  0.746
	  0.527	 -0.530	 -0.664

6 	  42.84	   8.95	  -5.89
	 -0.048	 -0.669	 -0.742
	  0.847	  0.366	 -0.385
	  0.529	 -0.646	  0.550

7 	  35.07	  -6.29	  -3.41
	  0.266	 -0.871	 -0.412
	  0.409	  0.489	 -0.771
	  0.873	  0.037	  0.486

8 	  40.18	 -15.71	  -0.30
	  0.558	 -0.780	 -0.283
	 -0.678	 -0.231	 -0.698
	  0.481	  0.580	 -0.657

9 	  42.98	 -11.00	  -9.07
	  0.090	  0.728	 -0.679
	 -0.655	  0.557	  0.511
	  0.750	  0.398	  0.527

2 	  32.66	  -7.37	  22.75
	  0.437	  0.899	 -0.028
	 -0.900	  0.436	 -0.010
	  0.003	  0.029	  0.999

3 	  43.01	  -0.37	  -0.09
	  0.698	 -0.144	  0.701
	 -0.026	  0.974	  0.226
	 -0.716	 -0.176	  0.675

4 	  34.88	   5.47	  -3.38
	  0.069	  0.995	 -0.066
	 -0.650	  0.095	  0.754
	  0.757	 -0.010	  0.653

5 	  40.46	  12.81	   3.29
	  0.697	  0.716	  0.017
	  0.502	 -0.505	  0.702
	  0.513	 -0.481	 -0.711

6 	  42.33	   9.54	  -6.05
	 -0.073	 -0.604	 -0.794
	  0.787	  0.454	 -0.417
	  0.613	 -0.655	  0.442

7 	  35.03	  -6.33	  -3.36
	  0.261	 -0.879	 -0.399
	  0.405	  0.475	 -0.781
	  0.876	  0.042	  0.480

8 	  40.45	 -15.54	  -0.02
	  0.556	 -0.784	 -0.276
	 -0.715	 -0.280	 -0.640
	  0.426	  0.552	 -0.716

9 	  42.68	 -12.09	  -9.91
	  0.033	  0.609	 -0.792
	 -0.636	  0.624	  0.454
	  0.771	  0.489	  0.408

2 	  32.66	  -7.37	  22.75
	  0.437	  0.899	 -0.028
	 -0.900	  0.436	 -0.010
	  0.003	  0.029	  0.999

3 	  42.93	  -0.30	  -0.07
	  0.700	 -0.141	  0.700
	 -0.036	  0.972	  0.231
	 -0.714	 -0.187	  0.674

4 	  34.79	   5.52	  -3.27
	  0.059	  0.997	 -0.054
	 -0.647	  0.079	  0.758
	  0.760	 -0.010	  0.650

5 	  40.57	  12.74	   3.50
	  0.679	  0.734	 -0.004
	  0.578	 -0.530	  0.620
	  0.454	 -0.424	 -0.783

6 	  41.45	   9.97	  -6.15
	 -0.184	 -0.557	 -0.809
	  0.743	  0.460	 -0.485
	  0.643	 -0.690	  0.330

7 	  35.00	  -6.33	  -3.34
	  0.260	 -0.880	 -0.396
	  0.398	  0.471	 -0.787
	  0.879	  0.047	  0.473

8 	  40.55	 -15.43	   0.05
	  0.548	 -0.791	 -0.271
	 -0.735	 -0.300	 -0.608
	  0.401	  0.532	 -0.745

9 	  42.56	 -13.08	 -10.44
	  0.019	  0.505	 -0.863
	 -0.640	  0.669	  0.378
	  0.768	  0.545	  0.336

2 	  32.66	  -7.37	  22.75
	  0.437	  0.899	 -0.028
	 -0.900	  0.436	 -0.010
	  0.004	  0.029	  0.999

3 	  42.91	  -0.28	  -0.07
	  0.701	 -0.140	  0.699
	 -0.036	  0.972	  0.230
	 -0.712	 -0.187	  0.676

4 	  34.77	   5.59	  -3.20
	  0.054	  0.998	 -0.039
	 -0.649	  0.065	  0.758
	  0.759	 -0.016	  0.650

5 	  40.48	  12.73	   3.71
	  0.668	  0.744	 -0.001
	  0.602	 -0.538	  0.590
	  0.440	 -0.395	 -0.807

6 	  41.15	  10.16	  -6.03
	 -0.203	 -0.546	 -0.813
	  0.733	  0.465	 -0.495
	  0.649	 -0.696	  0.307

7 	  34.96	  -6.29	  -3.34
	  0.252	 -0.882	 -0.397
	  0.395	  0.468	 -0.791
	  0.883	  0.042	  0.466

8 	  40.43	 -15.45	   0.02
	  0.536	 -0.800	 -0.270
	 -0.744	 -0.296	 -0.599
	  0.400	  0.522	 -0.753

9 	  42.35	 -14.08	 -11.00
	  0.023	  0.410	 -0.912
	 -0.678	  0.677	  0.287
	  0.735	  0.611	  0.293

2 	  32.66	  -7.37	  22.75
	  0.437	  0.899	 -0.028
	 -0.900	  0.436	 -0.010
	  0.004	  0.030	  0.999

3 	  42.79	  -0.26	  -0.14
	  0.702	 -0.134	  0.699
	 -0.044	  0.972	  0.230
	 -0.711	 -0.192	  0.676

4 	  34.56	   5.54	  -3.13
	  0.044	  0.998	 -0.044
	 -0.653	  0.062	  0.754
	  0.756	 -0.005	  0.655

5 	  40.27	  12.78	   3.69
	  0.654	  0.756	 -0.010
	  0.623	 -0.530	  0.575
	  0.431	 -0.382	 -0.817

6 	  40.78	  10.30	  -6.10
	 -0.210	 -0.544	 -0.812
	  0.713	  0.483	 -0.507
	  0.669	 -0.685	  0.288

7 	  34.80	  -6.19	  -3.38
	  0.237	 -0.890	 -0.389
	  0.397	  0.454	 -0.797
	  0.887	  0.034	  0.461

8 	  40.20	 -15.49	  -0.16
	  0.524	 -0.803	 -0.282
	 -0.756	 -0.286	 -0.589
	  0.393	  0.521	 -0.757

9 	  42.08	 -14.91	 -11.55
	  0.021	  0.331	 -0.943
	 -0.710	  0.669	  0.219
	  0.703	  0.665	  0.249

2 	  32.66	  -7.37	  22.75
	  0.437	  0.899	 -0.028
	 -0.900	  0.436	 -0.010
	  0.004	  0.029	  0.999

3 	  42.70	  -0.25	  -0.16
	  0.707	 -0.132	  0.694
	 -0.044	  0.972	  0.230
	 -0.706	 -0.193	  0.681

4 	  34.47	   5.52	  -3.15
	  0.042	  0.998	 -0.049
	 -0.648	  0.064	  0.758
	  0.760	 -0.000	  0.649

5 	  40.22	  12.80	   3.66
	  0.654	  0.756	 -0.020
	  0.631	 -0.529	  0.568
	  0.420	 -0.384	 -0.822

6 	  40.62	  10.28	  -6.13
	 -0.228	 -0.546	 -0.806
	  0.712	  0.472	 -0.520
	  0.665	 -0.691	  0.282

7 	  34.72	  -6.19	  -3.38
	  0.235	 -0.886	 -0.399
	  0.386	  0.461	 -0.799
	  0.892	  0.034	  0.450

8 	  40.11	 -15.50	  -0.28
	  0.518	 -0.805	 -0.288
	 -0.761	 -0.278	 -0.586
	  0.393	  0.522	 -0.756

9 	  42.06	 -15.36	 -11.69
	  0.030	  0.286	 -0.958
	 -0.725	  0.665	  0.176
	  0.688	  0.689	  0.226

2 	  32.66	  -7.35	  22.75
	  0.437	  0.899	 -0.028
	 -0.900	  0.436	 -0.010
	  0.004	  0.030	  0.999

3 	  42.70	  -0.26	  -0.16
	  0.709	 -0.132	  0.692
	 -0.045	  0.972	  0.231
	 -0.704	 -0.195	  0.683

4 	  34.47	   5.50	  -3.13
	  0.039	  0.998	 -0.047
	 -0.646	  0.061	  0.760
	  0.762	  0.001	  0.647

5 	  40.27	  12.76	   3.60
	  0.656	  0.754	 -0.025
	  0.634	 -0.531	  0.562
	  0.412	 -0.385	 -0.826

6 	  40.59	  10.25	  -6.17
	 -0.239	 -0.546	 -0.803
	  0.711	  0.465	 -0.527
	  0.662	 -0.696	  0.278

7 	  34.73	  -6.22	  -3.34
	  0.239	 -0.883	 -0.404
	  0.378	  0.468	 -0.799
	  0.894	  0.038	  0.446

8 	  40.11	 -15.50	  -0.32
	  0.518	 -0.805	 -0.289
	 -0.760	 -0.276	 -0.589
	  0.396	  0.524	 -0.754

9 	  42.22	 -15.73	 -11.85
	  0.043	  0.246	 -0.968
	 -0.730	  0.669	  0.138
	  0.682	  0.701	  0.207

2 	  32.66	  -7.35	  22.75
	  0.437	  0.899	 -0.028
	 -0.900	  0.436	 -0.011
	  0.003	  0.030	  0.999

3 	  42.70	  -0.28	  -0.18
	  0.712	 -0.132	  0.690
	 -0.047	  0.971	  0.234
	 -0.702	 -0.199	  0.684

4 	  34.45	   5.50	  -3.15
	  0.035	  0.998	 -0.048
	 -0.644	  0.059	  0.763
	  0.764	  0.004	  0.644

5 	  40.31	  12.78	   3.55
	  0.655	  0.755	 -0.032
	  0.639	 -0.531	  0.557
	  0.405	 -0.385	 -0.829

6 	  40.54	  10.23	  -6.22
	 -0.247	 -0.546	 -0.800
	  0.708	  0.463	 -0.533
	  0.663	 -0.697	  0.273

7 	  34.70	  -6.22	  -3.36
	  0.242	 -0.879	 -0.412
	  0.369	  0.475	 -0.798
	  0.897	  0.041	  0.439

8 	  40.11	 -15.52	  -0.40
	  0.517	 -0.805	 -0.292
	 -0.760	 -0.274	 -0.589
	  0.395	  0.526	 -0.753

9 	  42.24	 -16.17	 -11.99
	  0.048	  0.204	 -0.978
	 -0.746	  0.658	  0.101
	  0.664	  0.724	  0.183

2 	  32.68	  -7.35	  22.75
	  0.437	  0.899	 -0.028
	 -0.900	  0.436	 -0.010
	  0.004	  0.029	  0.999

3 	  42.70	  -0.28	  -0.18
	  0.712	 -0.135	  0.689
	 -0.048	  0.969	  0.240
	 -0.701	 -0.204	  0.683

4 	  34.47	   5.52	  -3.15
	  0.037	  0.998	 -0.048
	 -0.640	  0.060	  0.766
	  0.767	  0.002	  0.641

5 	  40.39	  12.76	   3.46
	  0.656	  0.753	 -0.042
	  0.646	 -0.532	  0.547
	  0.391	 -0.386	 -0.835

6 	  40.48	  10.23	  -6.35
	 -0.265	 -0.544	 -0.796
	  0.708	  0.451	 -0.543
	  0.655	 -0.707	  0.267

7 	  34.73	  -6.22	  -3.34
	  0.245	 -0.875	 -0.417
	  0.363	  0.482	 -0.798
	  0.899	  0.044	  0.436

8 	  40.10	 -15.54	  -0.47
	  0.514	 -0.805	 -0.296
	 -0.762	 -0.270	 -0.589
	  0.395	  0.527	 -0.752

9 	  42.28	 -16.28	 -12.09
	  0.048	  0.194	 -0.980
	 -0.744	  0.661	  0.094
	  0.666	  0.724	  0.175

2 	  32.66	  -7.37	  22.75
	  0.437	  0.899	 -0.028
	 -0.900	  0.436	 -0.010
	  0.004	  0.029	  0.999

3 	  42.70	  -0.28	  -0.16
	  0.712	 -0.136	  0.688
	 -0.049	  0.969	  0.242
	 -0.701	 -0.206	  0.682

4 	  34.45	   5.50	  -3.15
	  0.037	  0.998	 -0.050
	 -0.639	  0.061	  0.767
	  0.769	  0.004	  0.639

5 	  40.41	  12.76	   3.41
	  0.656	  0.753	 -0.045
	  0.649	 -0.531	  0.544
	  0.387	 -0.387	 -0.837

6 	  40.46	  10.25	  -6.36
	 -0.268	 -0.544	 -0.795
	  0.707	  0.450	 -0.545
	  0.655	 -0.707	  0.264

7 	  34.73	  -6.21	  -3.34
	  0.246	 -0.875	 -0.418
	  0.362	  0.482	 -0.797
	  0.899	  0.045	  0.435

8 	  40.08	 -15.54	  -0.53
	  0.514	 -0.804	 -0.300
	 -0.763	 -0.268	 -0.588
	  0.394	  0.531	 -0.750

9 	  42.35	 -16.15	 -12.06
	  0.056	  0.210	 -0.976
	 -0.754	  0.650	  0.097
	  0.655	  0.730	  0.193

2 	  32.66	  -7.37	  22.75
	  0.437	  0.899	 -0.028
	 -0.900	  0.436	 -0.010
	  0.004	  0.029	  0.999

3 	  42.68	  -0.28	  -0.14
	  0.711	 -0.139	  0.689
	 -0.048	  0.968	  0.244
	 -0.702	 -0.207	  0.681

4 	  34.52	   5.54	  -3.16
	  0.046	  0.997	 -0.054
	 -0.636	  0.071	  0.768
	  0.770	 -0.001	  0.638

5 	  40.55	  12.83	   3.20
	  0.677	  0.734	 -0.042
	  0.603	 -0.521	  0.604
	  0.422	 -0.435	 -0.795

6 	  41.27	   9.84	  -6.50
	 -0.198	 -0.578	 -0.792
	  0.749	  0.432	 -0.502
	  0.633	 -0.691	  0.348

7 	  34.80	  -6.26	  -3.36
	  0.246	 -0.874	 -0.418
	  0.375	  0.483	 -0.791
	  0.894	  0.038	  0.447

8 	  40.04	 -15.66	  -0.65
	  0.546	 -0.779	 -0.309
	 -0.714	 -0.238	 -0.658
	  0.440	  0.579	 -0.686

9 	  43.63	 -13.83	 -11.30
	  0.175	  0.457	 -0.872
	 -0.748	  0.637	  0.184
	  0.640	  0.620	  0.453

2 	  32.66	  -7.37	  22.75
	  0.437	  0.899	 -0.028
	 -0.900	  0.436	 -0.011
	  0.003	  0.030	  0.999

3 	  42.82	  -0.33	  -0.11
	  0.708	 -0.133	  0.693
	 -0.047	  0.971	  0.233
	 -0.705	 -0.198	  0.681

4 	  34.77	   5.48	  -3.32
	  0.072	  0.994	 -0.080
	 -0.629	  0.107	  0.770
	  0.774	 -0.005	  0.633

5 	  40.94	  12.76	   2.81
	  0.716	  0.697	 -0.039
	  0.537	 -0.514	  0.669
	  0.447	 -0.501	 -0.741

6 	  42.45	   9.49	  -6.79
	 -0.131	 -0.611	 -0.781
	  0.864	  0.316	 -0.392
	  0.487	 -0.725	  0.486

7 	  34.98	  -6.26	  -3.43
	  0.271	 -0.857	 -0.439
	  0.382	  0.514	 -0.768
	  0.883	  0.040	  0.466

8 	  40.13	 -15.75	  -1.46
	  0.579	 -0.739	 -0.345
	 -0.652	 -0.165	 -0.740
	  0.490	  0.653	 -0.577

9 	  44.82	 -11.60	 -10.63
	  0.272	  0.683	 -0.678
	 -0.806	  0.546	  0.227
	  0.526	  0.485	  0.699

2 	  32.66	  -7.37	  22.73
	  0.437	  0.899	 -0.028
	 -0.900	  0.436	 -0.010
	  0.004	  0.030	  0.999

3 	  42.93	  -0.33	  -0.12
	  0.705	 -0.130	  0.697
	 -0.046	  0.973	  0.227
	 -0.708	 -0.192	  0.679

4 	  34.93	   5.48	  -3.45
	  0.102	  0.989	 -0.106
	 -0.618	  0.146	  0.772
	  0.779	 -0.014	  0.626

5 	  41.33	  12.71	   2.41
	  0.746	  0.664	 -0.037
	  0.487	 -0.507	  0.711
	  0.455	 -0.549	 -0.701

6 	  43.63	   9.23	  -7.14
	 -0.046	 -0.636	 -0.770
	  0.948	  0.214	 -0.234
	  0.314	 -0.741	  0.593

7 	  35.05	  -6.17	  -3.50
	  0.287	 -0.833	 -0.472
	  0.382	  0.552	 -0.741
	  0.878	  0.033	  0.477

8 	  40.27	 -15.68	  -2.44
	  0.603	 -0.696	 -0.390
	 -0.614	 -0.091	 -0.784
	  0.511	  0.711	 -0.482

9 	  45.46	 -10.14	 -10.27
	  0.320	  0.802	 -0.504
	 -0.849	  0.479	  0.224
	  0.422	  0.356	  0.833

2 	  32.66	  -7.35	  22.75
	  0.437	  0.899	 -0.028
	 -0.900	  0.436	 -0.010
	  0.004	  0.030	  0.999

3 	  42.98	  -0.35	  -0.12
	  0.703	 -0.131	  0.698
	 -0.044	  0.973	  0.226
	 -0.710	 -0.189	  0.678

4 	  35.03	   5.48	  -3.57
	  0.123	  0.985	 -0.123
	 -0.610	  0.172	  0.773
	  0.783	 -0.020	  0.622

5 	  41.64	  12.69	   2.04
	  0.770	  0.636	 -0.035
	  0.439	 -0.490	  0.753
	  0.462	 -0.596	 -0.656

6 	  44.46	   8.72	  -7.26
	  0.000	 -0.666	 -0.746
	  0.977	  0.159	 -0.142
	  0.213	 -0.729	  0.651

7 	  35.10	  -6.15	  -3.53
	  0.300	 -0.816	 -0.493
	  0.380	  0.576	 -0.723
	  0.875	  0.029	  0.483

8 	  40.45	 -15.57	  -2.99
	  0.613	 -0.666	 -0.425
	 -0.614	 -0.063	 -0.786
	  0.498	  0.743	 -0.447

9 	  45.67	  -9.40	 -10.30
	  0.319	  0.848	 -0.424
	 -0.865	  0.443	  0.235
	  0.388	  0.291	  0.874

2 	  32.68	  -7.35	  22.75
	  0.437	  0.899	 -0.028
	 -0.900	  0.436	 -0.010
	  0.004	  0.030	  0.999

3 	  43.01	  -0.35	  -0.11
	  0.700	 -0.131	  0.702
	 -0.042	  0.974	  0.223
	 -0.714	 -0.185	  0.675

4 	  35.14	   5.43	  -3.69
	  0.145	  0.979	 -0.140
	 -0.606	  0.199	  0.770
	  0.782	 -0.027	  0.622

5 	  41.96	  12.62	   1.63
	  0.799	  0.600	 -0.036
	  0.385	 -0.465	  0.797
	  0.462	 -0.651	 -0.602

6 	  45.23	   8.02	  -7.28
	  0.036	 -0.717	 -0.696
	  0.992	  0.109	 -0.060
	  0.119	 -0.688	  0.716

7 	  35.12	  -6.13	  -3.59
	  0.309	 -0.804	 -0.508
	  0.381	  0.593	 -0.709
	  0.872	  0.026	  0.489

8 	  40.68	 -15.42	  -3.50
	  0.630	 -0.631	 -0.452
	 -0.608	 -0.038	 -0.793
	  0.484	  0.774	 -0.407

9 	  45.90	  -8.61	 -10.11
	  0.309	  0.894	 -0.324
	 -0.896	  0.387	  0.216
	  0.319	  0.223	  0.921

2 	  32.68	  -7.37	  22.75
	  0.437	  0.899	 -0.028
	 -0.900	  0.436	 -0.010
	  0.004	  0.029	  0.999

3 	  43.07	  -0.39	  -0.09
	  0.697	 -0.131	  0.705
	 -0.035	  0.976	  0.215
	 -0.717	 -0.174	  0.675

4 	  35.37	   5.47	  -3.88
	  0.181	  0.973	 -0.140
	 -0.605	  0.222	  0.764
	  0.775	 -0.054	  0.629

5 	  42.24	  12.52	   1.55
	  0.827	  0.562	  0.002
	  0.300	 -0.443	  0.844
	  0.476	 -0.698	 -0.535

6 	  46.18	   7.10	  -6.66
	  0.079	 -0.762	 -0.642
	  0.996	  0.033	  0.083
	 -0.042	 -0.646	  0.762

7 	  35.23	  -6.15	  -3.66
	  0.318	 -0.796	 -0.515
	  0.386	  0.604	 -0.697
	  0.866	  0.023	  0.500

8 	  41.12	 -15.24	  -3.71
	  0.663	 -0.596	 -0.454
	 -0.584	 -0.032	 -0.811
	  0.469	  0.802	 -0.369

9 	  46.05	  -7.75	  -9.47
	  0.258	  0.938	 -0.232
	 -0.937	  0.301	  0.176
	  0.235	  0.172	  0.956

2 	  32.68	  -7.35	  22.75
	  0.437	  0.899	 -0.028
	 -0.900	  0.436	 -0.010
	  0.004	  0.029	  0.999

3 	  43.14	  -0.42	  -0.04
	  0.692	 -0.140	  0.708
	 -0.020	  0.977	  0.211
	 -0.722	 -0.161	  0.673

4 	  35.54	   5.48	  -3.94
	  0.210	  0.969	 -0.129
	 -0.611	  0.233	  0.756
	  0.764	 -0.080	  0.640

5 	  42.52	  12.32	   1.56
	  0.850	  0.526	  0.032
	  0.235	 -0.432	  0.871
	  0.472	 -0.732	 -0.490

6 	  46.65	   6.22	  -6.05
	  0.081	 -0.810	 -0.581
	  0.991	  0.004	  0.132
	 -0.105	 -0.586	  0.803

7 	  35.33	  -6.15	  -3.76
	  0.332	 -0.787	 -0.520
	  0.394	  0.616	 -0.682
	  0.857	  0.021	  0.515

8 	  41.50	 -15.06	  -3.81
	  0.698	 -0.564	 -0.442
	 -0.550	 -0.026	 -0.835
	  0.460	  0.825	 -0.328

9 	  46.39	  -7.14	  -8.72
	  0.241	  0.957	 -0.159
	 -0.951	  0.266	  0.158
	  0.193	  0.113	  0.974

2 	  32.68	  -7.35	  22.73
	  0.437	  0.899	 -0.028
	 -0.900	  0.436	 -0.010
	  0.004	  0.029	  0.999

3 	  43.19	  -0.40	   0.05
	  0.688	 -0.143	  0.711
	 -0.013	  0.978	  0.209
	 -0.726	 -0.153	  0.670

4 	  35.68	   5.50	  -3.97
	  0.226	  0.967	 -0.116
	 -0.618	  0.233	  0.751
	  0.754	 -0.098	  0.650

5 	  42.59	  12.30	   1.85
	  0.860	  0.504	  0.076
	  0.166	 -0.419	  0.893
	  0.482	 -0.755	 -0.444

6 	  47.07	   5.66	  -5.06
	  0.109	 -0.844	 -0.525
	  0.989	  0.041	  0.138
	 -0.096	 -0.534	  0.840

7 	  35.58	  -6.21	  -3.92
	  0.353	 -0.782	 -0.514
	  0.406	  0.622	 -0.669
	  0.843	  0.027	  0.537

8 	  42.05	 -14.96	  -3.59
	  0.742	 -0.541	 -0.395
	 -0.488	 -0.033	 -0.872
	  0.459	  0.840	 -0.288

9 	  46.86	  -6.70	  -7.31
	  0.205	  0.976	 -0.070
	 -0.966	  0.213	  0.149
	  0.160	  0.037	  0.986

2 	  32.68	  -7.35	  22.73
	  0.437	  0.899	 -0.028
	 -0.900	  0.436	 -0.010
	  0.004	  0.030	  0.999

3 	  43.28	  -0.39	   0.14
	  0.684	 -0.150	  0.714
	 -0.005	  0.978	  0.210
	 -0.730	 -0.147	  0.667

4 	  35.96	   5.57	  -3.97
	  0.235	  0.968	 -0.090
	 -0.637	  0.223	  0.738
	  0.734	 -0.116	  0.669

5 	  42.64	  12.29	   2.25
	  0.864	  0.484	  0.134
	  0.097	 -0.423	  0.901
	  0.493	 -0.765	 -0.413

6 	  47.13	   5.29	  -4.11
	  0.095	 -0.862	 -0.497
	  0.990	  0.030	  0.137
	 -0.104	 -0.505	  0.857

7 	  35.89	  -6.24	  -4.01
	  0.372	 -0.787	 -0.493
	  0.431	  0.616	 -0.659
	  0.822	  0.033	  0.568

8 	  42.66	 -14.87	  -3.13
	  0.788	 -0.514	 -0.340
	 -0.425	 -0.052	 -0.904
	  0.447	  0.856	 -0.259

9 	  46.69	  -6.15	  -6.05
	  0.090	  0.996	 -0.015
	 -0.979	  0.091	  0.182
	  0.183	 -0.002	  0.983

2 	  32.68	  -7.37	  22.73
	  0.437	  0.899	 -0.028
	 -0.900	  0.436	 -0.010
	  0.004	  0.030	  0.999

3 	  43.42	  -0.33	   0.23
	  0.681	 -0.151	  0.716
	 -0.001	  0.978	  0.207
	 -0.732	 -0.142	  0.666

4 	  36.12	   5.62	  -3.99
	  0.238	  0.969	 -0.069
	 -0.653	  0.212	  0.727
	  0.719	 -0.128	  0.683

5 	  42.61	  12.23	   2.57
	  0.867	  0.467	  0.173
	  0.049	 -0.426	  0.903
	  0.496	 -0.775	 -0.392

6 	  46.99	   5.12	  -3.64
	  0.078	 -0.875	 -0.478
	  0.996	  0.051	  0.069
	 -0.036	 -0.481	  0.876

7 	  36.18	  -6.33	  -4.06
	  0.388	 -0.800	 -0.458
	  0.456	  0.598	 -0.659
	  0.802	  0.047	  0.596

8 	  43.19	 -14.66	  -2.30
	  0.827	 -0.493	 -0.271
	 -0.370	 -0.113	 -0.922
	  0.424	  0.862	 -0.275

9 	  47.14	  -5.87	  -5.38
	  0.065	  0.996	 -0.056
	 -0.980	  0.075	  0.185
	  0.189	  0.043	  0.981

2 	  32.68	  -7.35	  22.75
	  0.437	  0.899	 -0.028
	 -0.900	  0.436	 -0.010
	  0.004	  0.029	  0.999

3 	  43.47	  -0.28	   0.30
	  0.679	 -0.146	  0.719
	 -0.000	  0.980	  0.198
	 -0.735	 -0.135	  0.665

4 	  36.21	   5.68	  -3.97
	  0.230	  0.972	 -0.044
	 -0.672	  0.191	  0.716
	  0.704	 -0.135	  0.696

5 	  42.36	  12.22	   3.06
	  0.854	  0.468	  0.225
	  0.004	 -0.440	  0.898
	  0.519	 -0.766	 -0.378

6 	  47.11	   5.20	  -2.72
	  0.139	 -0.865	 -0.481
	  0.990	  0.138	  0.038
	  0.033	 -0.481	  0.876

7 	  36.44	  -6.45	  -3.99
	  0.405	 -0.819	 -0.407
	  0.482	  0.569	 -0.666
	  0.777	  0.073	  0.625

8 	  43.44	 -14.66	  -1.37
	  0.850	 -0.492	 -0.188
	 -0.301	 -0.160	 -0.940
	  0.433	  0.855	 -0.284

9 	  47.50	  -6.10	  -4.43
	  0.078	  0.992	 -0.093
	 -0.985	  0.091	  0.145
	  0.152	  0.079	  0.985

2 	  32.68	  -7.35	  22.75
	  0.437	  0.899	 -0.028
	 -0.900	  0.436	 -0.010
	  0.004	  0.029	  0.999

3 	  43.56	  -0.23	   0.39
	  0.678	 -0.140	  0.721
	  0.000	  0.981	  0.191
	 -0.735	 -0.130	  0.665

4 	  36.30	   5.77	  -3.74
	  0.197	  0.980	  0.014
	 -0.709	  0.132	  0.692
	  0.677	 -0.146	  0.721

5 	  41.52	  12.06	   4.34
	  0.804	  0.493	  0.331
	 -0.042	 -0.510	  0.859
	  0.593	 -0.705	 -0.390

6 	  47.11	   6.08	  -1.65
	  0.267	 -0.801	 -0.536
	  0.957	  0.284	  0.052
	  0.111	 -0.527	  0.842

7 	  36.62	  -6.66	  -3.76
	  0.407	 -0.851	 -0.332
	  0.521	  0.513	 -0.682
	  0.751	  0.104	  0.651

8 	  43.05	 -14.94	   0.05
	  0.833	 -0.544	 -0.095
	 -0.263	 -0.240	 -0.934
	  0.486	  0.804	 -0.343

9 	  47.74	  -7.03	  -3.59
	  0.168	  0.966	 -0.198
	 -0.977	  0.190	  0.098
	  0.132	  0.176	  0.975

2 	  32.68	  -7.35	  22.75
	  0.437	  0.899	 -0.028
	 -0.900	  0.436	 -0.010
	  0.004	  0.030	  0.999

3 	  43.61	  -0.21	   0.42
	  0.683	 -0.130	  0.718
	 -0.012	  0.982	  0.188
	 -0.730	 -0.137	  0.669

4 	  36.11	   5.77	  -3.46
	  0.132	  0.989	  0.066
	 -0.743	  0.055	  0.667
	  0.656	 -0.137	  0.742

5 	  40.22	  11.92	   5.50
	  0.729	  0.544	  0.415
	 -0.023	 -0.587	  0.809
	  0.685	 -0.599	 -0.415

6 	  46.72	   7.26	  -0.67
	  0.402	 -0.702	 -0.588
	  0.888	  0.455	  0.063
	  0.224	 -0.548	  0.806

7 	  36.53	  -6.86	  -3.46
	  0.370	 -0.892	 -0.260
	  0.558	  0.437	 -0.705
	  0.743	  0.116	  0.659

8 	  42.06	 -15.19	   1.83
	  0.786	 -0.618	  0.022
	 -0.242	 -0.339	 -0.909
	  0.569	  0.709	 -0.415

9 	  47.67	  -8.38	  -2.69
	  0.288	  0.905	 -0.314
	 -0.948	  0.315	  0.038
	  0.134	  0.286	  0.949

2 	  32.68	  -7.37	  22.75
	  0.437	  0.899	 -0.028
	 -0.900	  0.436	 -0.010
	  0.004	  0.029	  0.999

3 	  43.58	  -0.25	   0.40
	  0.685	 -0.115	  0.719
	 -0.029	  0.982	  0.184
	 -0.728	 -0.147	  0.669

4 	  35.91	   5.77	  -3.29
	  0.074	  0.991	  0.111
	 -0.769	 -0.014	  0.638
	  0.634	 -0.133	  0.761

5 	  38.92	  11.55	   6.45
	  0.644	  0.584	  0.495
	  0.007	 -0.651	  0.758
	  0.765	 -0.485	 -0.424

6 	  46.12	   8.40	   0.21
	  0.523	 -0.588	 -0.617
	  0.783	  0.616	  0.076
	  0.337	 -0.524	  0.782

7 	  36.44	  -6.94	  -3.23
	  0.339	 -0.922	 -0.188
	  0.590	  0.363	 -0.721
	  0.733	  0.133	  0.667

8 	  40.59	 -15.13	   3.66
	  0.688	 -0.713	  0.137
	 -0.292	 -0.444	 -0.847
	  0.666	  0.542	 -0.513

9 	  47.14	 -10.39	  -1.93
	  0.450	  0.750	 -0.484
	 -0.867	  0.496	 -0.038
	  0.212	  0.437	  0.874

2 	  32.68	  -7.37	  22.73
	  0.437	  0.899	 -0.028
	 -0.900	  0.436	 -0.010
	  0.004	  0.029	  0.999

3 	  43.52	  -0.19	   0.40
	  0.680	 -0.098	  0.726
	 -0.044	  0.984	  0.174
	 -0.732	 -0.150	  0.664

4 	  35.79	   5.82	  -3.23
	  0.034	  0.991	  0.128
	 -0.778	 -0.054	  0.626
	  0.627	 -0.121	  0.769

5 	  37.71	  11.23	   6.93
	  0.552	  0.608	  0.571
	  0.020	 -0.694	  0.719
	  0.834	 -0.385	 -0.395

6 	  45.67	   9.33	   1.23
	  0.641	 -0.479	 -0.599
	  0.665	  0.736	  0.122
	  0.384	 -0.478	  0.790

7 	  36.26	  -6.96	  -3.09
	  0.288	 -0.955	 -0.075
	  0.658	  0.254	 -0.708
	  0.695	  0.155	  0.701

8 	  38.71	 -14.29	   5.75
	  0.551	 -0.776	  0.305
	 -0.353	 -0.548	 -0.759
	  0.757	  0.310	 -0.575

9 	  46.12	 -12.50	  -0.40
	  0.617	  0.483	 -0.621
	 -0.727	  0.652	 -0.215
	  0.302	  0.584	  0.753

