2 	  32.87	  -7.08	  22.73
	  0.690	  0.723	 -0.022
	 -0.724	  0.689	 -0.019
	  0.003	  0.029	  0.999

3 	  42.66	  -0.51	   1.02
	  0.375	  0.180	  0.909
	 -0.297	  0.952	 -0.068
	 -0.879	 -0.244	  0.410

4 	  37.46	   6.61	  -4.78
	  0.661	  0.750	 -0.015
	 -0.608	  0.546	  0.576
	  0.442	 -0.372	  0.816

5 	  43.15	   7.54	   6.21
	 -0.720	  0.179	 -0.670
	  0.527	  0.769	 -0.360
	  0.452	 -0.612	 -0.649

6 	  47.51	  -2.21	   2.71
	  0.097	 -0.959	 -0.267
	  0.779	 -0.095	  0.620
	 -0.621	 -0.267	  0.737

7 	  35.98	  -7.15	  -3.23
	  0.170	 -0.983	  0.074
	  0.768	  0.084	 -0.635
	  0.617	  0.164	  0.769

8 	  44.60	  -9.09	   5.75
	  0.861	  0.123	  0.493
	  0.501	 -0.365	 -0.785
	  0.083	  0.923	 -0.376

9 	  49.22	   1.81	   5.66
	  0.143	  0.986	 -0.080
	 -0.349	 -0.029	 -0.937
	 -0.927	  0.161	  0.339

2 	  32.87	  -7.08	  22.73
	  0.690	  0.723	 -0.022
	 -0.725	  0.689	 -0.019
	  0.003	  0.029	  0.999

3 	  42.64	  -0.49	   1.02
	  0.376	  0.179	  0.909
	 -0.296	  0.953	 -0.068
	 -0.879	 -0.243	  0.410

4 	  37.46	   6.63	  -4.76
	  0.661	  0.750	 -0.013
	 -0.608	  0.546	  0.576
	  0.440	 -0.373	  0.816

5 	  43.17	   7.54	   6.24
	 -0.716	  0.185	 -0.673
	  0.538	  0.761	 -0.362
	  0.447	 -0.621	 -0.645

6 	  47.48	  -2.25	   2.71
	  0.096	 -0.959	 -0.267
	  0.781	 -0.094	  0.617
	 -0.618	 -0.266	  0.740

7 	  35.96	  -7.15	  -3.23
	  0.165	 -0.983	  0.076
	  0.768	  0.080	 -0.636
	  0.619	  0.163	  0.768

8 	  44.54	  -9.11	   5.75
	  0.863	  0.118	  0.490
	  0.497	 -0.370	 -0.785
	  0.088	  0.922	 -0.378

9 	  49.32	   1.72	   5.61
	  0.162	  0.983	 -0.082
	 -0.352	 -0.023	 -0.936
	 -0.923	  0.179	  0.341

2 	  32.87	  -7.08	  22.73
	  0.690	  0.723	 -0.022
	 -0.725	  0.689	 -0.019
	  0.003	  0.029	  0.999

3 	  42.61	  -0.53	   1.02
	  0.375	  0.180	  0.909
	 -0.294	  0.953	 -0.070
	 -0.880	 -0.240	  0.410

4 	  37.46	   6.63	  -4.71
	  0.661	  0.750	  0.007
	 -0.618	  0.538	  0.573
	  0.427	 -0.384	  0.818

5 	  43.24	   7.51	   6.24
	 -0.723	  0.174	 -0.669
	  0.516	  0.780	 -0.354
	  0.461	 -0.601	 -0.653

6 	  48.06	  -1.85	   2.43
	  0.153	 -0.933	 -0.324
	  0.784	 -0.087	  0.615
	 -0.603	 -0.346	  0.718

7 	  35.91	  -7.17	  -3.18
	  0.164	 -0.983	  0.082
	  0.769	  0.075	 -0.635
	  0.618	  0.166	  0.768

8 	  44.44	  -9.16	   5.82
	  0.881	  0.084	  0.465
	  0.454	 -0.427	 -0.782
	  0.132	  0.900	 -0.414

9 	  50.66	   0.88	   5.73
	  0.324	  0.944	 -0.059
	 -0.328	  0.048	 -0.944
	 -0.890	  0.323	  0.323

2 	  32.87	  -7.08	  22.73
	  0.690	  0.723	 -0.022
	 -0.725	  0.689	 -0.019
	  0.003	  0.029	  0.999

3 	  42.61	  -0.54	   1.04
	  0.373	  0.183	  0.909
	 -0.277	  0.957	 -0.081
	 -0.886	 -0.221	  0.407

4 	  37.37	   6.57	  -4.71
	  0.643	  0.765	 -0.000
	 -0.626	  0.525	  0.577
	  0.442	 -0.371	  0.816

5 	  43.15	   7.40	   6.19
	 -0.774	  0.088	 -0.628
	  0.337	  0.896	 -0.288
	  0.538	 -0.433	 -0.723

6 	  50.01	   0.49	   1.09
	  0.389	 -0.804	 -0.448
	  0.794	  0.044	  0.606
	 -0.471	 -0.590	  0.656

7 	  35.88	  -7.17	  -3.13
	  0.139	 -0.986	  0.085
	  0.777	  0.055	 -0.627
	  0.614	  0.153	  0.774

8 	  43.98	  -9.98	   5.99
	  0.886	 -0.039	  0.462
	  0.375	 -0.527	 -0.762
	  0.274	  0.848	 -0.453

9 	  52.07	  -1.71	   5.78
	  0.536	  0.840	 -0.075
	 -0.267	  0.078	 -0.961
	 -0.804	  0.533	  0.263

2 	  32.87	  -7.08	  22.73
	  0.690	  0.723	 -0.022
	 -0.724	  0.689	 -0.019
	  0.003	  0.029	  0.999

3 	  42.70	  -0.58	   1.02
	  0.367	  0.181	  0.912
	 -0.254	  0.963	 -0.091
	 -0.896	 -0.197	  0.399

4 	  37.14	   6.45	  -4.76
	  0.577	  0.816	 -0.029
	 -0.657	  0.484	  0.578
	  0.486	 -0.315	  0.815

5 	  42.43	   7.96	   6.31
	 -0.761	 -0.094	 -0.641
	  0.060	  0.975	 -0.213
	  0.646	 -0.199	 -0.737

6 	  51.45	   4.78	   1.35
	  0.703	 -0.538	 -0.466
	  0.670	  0.276	  0.689
	 -0.248	 -0.795	  0.554

7 	  35.89	  -7.21	  -3.04
	  0.116	 -0.988	  0.099
	  0.787	  0.030	 -0.616
	  0.606	  0.149	  0.781

8 	  42.91	 -11.13	   6.38
	  0.839	 -0.237	  0.490
	  0.237	 -0.652	 -0.721
	  0.490	  0.720	 -0.491

9 	  52.89	  -5.71	   6.12
	  0.770	  0.631	 -0.094
	 -0.191	  0.080	 -0.979
	 -0.613	  0.770	  0.177

2 	  32.87	  -7.08	  22.73
	  0.690	  0.723	 -0.022
	 -0.725	  0.689	 -0.019
	  0.003	  0.029	  0.999

3 	  42.77	  -0.54	   1.02
	  0.369	  0.182	  0.911
	 -0.225	  0.969	 -0.104
	 -0.902	 -0.166	  0.398

4 	  36.91	   6.38	  -4.87
	  0.501	  0.864	 -0.053
	 -0.687	  0.434	  0.582
	  0.527	 -0.256	  0.810

5 	  41.71	   8.70	   6.38
	 -0.707	 -0.253	 -0.660
	 -0.157	  0.966	 -0.203
	  0.690	 -0.039	 -0.723

6 	  51.63	   8.47	   2.30
	  0.869	 -0.291	 -0.399
	  0.489	  0.396	  0.777
	 -0.071	 -0.871	  0.486

7 	  35.89	  -7.15	  -3.02
	  0.094	 -0.989	  0.111
	  0.797	  0.007	 -0.604
	  0.596	  0.145	  0.789

8 	  41.73	 -12.01	   6.63
	  0.757	 -0.418	  0.502
	  0.061	 -0.721	 -0.690
	  0.651	  0.552	 -0.521

9 	  52.61	  -9.44	   6.05
	  0.904	  0.404	 -0.139
	 -0.184	  0.068	 -0.981
	 -0.389	  0.911	  0.131

2 	  32.87	  -7.08	  22.73
	  0.690	  0.723	 -0.022
	 -0.725	  0.689	 -0.019
	  0.003	  0.029	  0.999

3 	  42.84	  -0.53	   0.98
	  0.374	  0.187	  0.908
	 -0.192	  0.974	 -0.124
	 -0.908	 -0.127	  0.399

4 	  36.74	   6.22	  -5.01
	  0.431	  0.899	 -0.073
	 -0.712	  0.388	  0.585
	  0.555	 -0.200	  0.807

5 	  40.76	   9.21	   6.31
	 -0.637	 -0.373	 -0.674
	 -0.310	  0.925	 -0.220
	  0.707	  0.068	 -0.704

6 	  50.85	  11.30	   3.16
	  0.942	 -0.088	 -0.324
	  0.329	  0.451	  0.829
	  0.073	 -0.888	  0.453

7 	  35.88	  -7.19	  -2.90
	  0.091	 -0.987	  0.135
	  0.803	 -0.008	 -0.596
	  0.589	  0.162	  0.791

8 	  40.78	 -12.38	   6.96
	  0.675	 -0.529	  0.514
	 -0.085	 -0.749	 -0.657
	  0.732	  0.400	 -0.551

9 	  51.82	 -12.30	   5.92
	  0.962	  0.195	 -0.186
	 -0.203	  0.059	 -0.978
	 -0.183	  0.979	  0.092

2 	  32.87	  -7.08	  22.73
	  0.690	  0.723	 -0.022
	 -0.725	  0.689	 -0.019
	  0.003	  0.029	  0.999

3 	  42.82	  -0.49	   0.91
	  0.382	  0.194	  0.903
	 -0.170	  0.975	 -0.139
	 -0.909	 -0.099	  0.405

4 	  36.47	   6.15	  -5.06
	  0.367	  0.927	 -0.081
	 -0.732	  0.340	  0.590
	  0.575	 -0.157	  0.802

5 	  39.78	   9.42	   6.40
	 -0.550	 -0.448	 -0.705
	 -0.436	  0.873	 -0.217
	  0.713	  0.187	 -0.675

6 	  49.64	  13.62	   4.20
	  0.962	  0.119	 -0.247
	  0.168	  0.455	  0.874
	  0.216	 -0.882	  0.418

7 	  35.79	  -7.19	  -2.85
	  0.088	 -0.985	  0.146
	  0.804	 -0.016	 -0.594
	  0.587	  0.170	  0.791

8 	  40.03	 -12.39	   7.22
	  0.605	 -0.590	  0.534
	 -0.179	 -0.754	 -0.632
	  0.776	  0.287	 -0.562

9 	  50.87	 -14.15	   6.13
	  0.980	  0.033	 -0.197
	 -0.198	  0.042	 -0.979
	 -0.026	  0.999	  0.044

2 	  32.87	  -7.08	  22.73
	  0.690	  0.723	 -0.022
	 -0.725	  0.689	 -0.019
	  0.003	  0.029	  0.999

3 	  42.79	  -0.42	   0.86
	  0.392	  0.197	  0.899
	 -0.153	  0.977	 -0.148
	 -0.908	 -0.079	  0.412

4 	  36.28	   6.12	  -5.06
	  0.326	  0.941	 -0.085
	 -0.738	  0.309	  0.600
	  0.592	 -0.133	  0.795

5 	  39.36	   9.40	   6.45
	 -0.505	 -0.484	 -0.714
	 -0.512	  0.834	 -0.205
	  0.696	  0.261	 -0.668

6 	  48.78	  15.01	   4.54
	  0.941	  0.255	 -0.223
	  0.091	  0.445	  0.891
	  0.327	 -0.858	  0.396

7 	  35.72	  -7.17	  -2.79
	  0.088	 -0.983	  0.161
	  0.806	 -0.024	 -0.591
	  0.585	  0.181	  0.790

8 	  39.59	 -12.25	   7.47
	  0.559	 -0.619	  0.551
	 -0.251	 -0.760	 -0.599
	  0.790	  0.197	 -0.580

9 	  50.12	 -15.38	   6.26
	  0.972	 -0.096	 -0.215
	 -0.215	  0.019	 -0.976
	  0.096	  0.995	 -0.004

2 	  32.87	  -7.08	  22.73
	  0.689	  0.724	 -0.022
	 -0.725	  0.688	 -0.019
	  0.003	  0.029	  0.999

3 	  42.79	  -0.40	   0.84
	  0.393	  0.200	  0.897
	 -0.144	  0.977	 -0.156
	 -0.908	 -0.068	  0.412

4 	  36.12	   6.06	  -5.10
	  0.293	  0.952	 -0.091
	 -0.743	  0.286	  0.606
	  0.603	 -0.109	  0.790

5 	  38.97	   9.44	   6.45
	 -0.475	 -0.510	 -0.717
	 -0.557	  0.805	 -0.204
	  0.682	  0.302	 -0.666

6 	  47.94	  16.07	   4.73
	  0.913	  0.352	 -0.205
	  0.039	  0.426	  0.904
	  0.406	 -0.833	  0.376

7 	  35.68	  -7.15	  -2.76
	  0.092	 -0.982	  0.167
	  0.805	 -0.026	 -0.593
	  0.586	  0.188	  0.787

8 	  39.34	 -12.16	   7.52
	  0.525	 -0.648	  0.552
	 -0.328	 -0.752	 -0.572
	  0.786	  0.120	 -0.606

9 	  49.34	 -16.66	   6.08
	  0.942	 -0.231	 -0.243
	 -0.247	  0.014	 -0.969
	  0.227	  0.973	 -0.044

2 	  32.87	  -7.08	  22.73
	  0.688	  0.725	 -0.022
	 -0.726	  0.687	 -0.019
	  0.003	  0.029	  0.999

3 	  42.71	  -0.30	   0.83
	  0.398	  0.202	  0.895
	 -0.138	  0.977	 -0.161
	 -0.907	 -0.059	  0.416

4 	  35.91	   6.06	  -5.10
	  0.258	  0.961	 -0.097
	 -0.743	  0.261	  0.616
	  0.617	 -0.087	  0.781

5 	  38.57	   9.54	   6.43
	 -0.436	 -0.546	 -0.715
	 -0.620	  0.758	 -0.202
	  0.654	  0.355	 -0.668

6 	  46.85	  17.33	   5.04
	  0.867	  0.466	 -0.174
	 -0.032	  0.402	  0.915
	  0.497	 -0.787	  0.365

7 	  35.63	  -7.10	  -2.76
	  0.094	 -0.981	  0.167
	  0.802	 -0.025	 -0.596
	  0.589	  0.190	  0.785

8 	  38.94	 -12.09	   7.59
	  0.471	 -0.682	  0.560
	 -0.401	 -0.730	 -0.554
	  0.786	  0.037	 -0.617

9 	  48.20	 -18.11	   6.22
	  0.893	 -0.382	 -0.239
	 -0.257	  0.006	 -0.967
	  0.370	  0.924	 -0.092

2 	  32.87	  -7.08	  22.73
	  0.688	  0.725	 -0.022
	 -0.727	  0.687	 -0.019
	  0.003	  0.029	  0.999

3 	  42.68	  -0.23	   0.74
	  0.403	  0.206	  0.892
	 -0.134	  0.977	 -0.166
	 -0.906	 -0.052	  0.420

4 	  35.68	   6.01	  -5.13
	  0.223	  0.969	 -0.105
	 -0.743	  0.238	  0.625
	  0.631	 -0.061	  0.773

5 	  38.20	   9.58	   6.38
	 -0.409	 -0.566	 -0.716
	 -0.651	  0.731	 -0.207
	  0.641	  0.381	 -0.666

6 	  45.98	  18.18	   5.31
	  0.826	  0.546	 -0.141
	 -0.082	  0.365	  0.927
	  0.558	 -0.754	  0.347

7 	  35.60	  -7.08	  -2.76
	  0.102	 -0.981	  0.166
	  0.801	 -0.018	 -0.598
	  0.589	  0.194	  0.784

8 	  38.60	 -12.09	   7.59
	  0.428	 -0.704	  0.567
	 -0.450	 -0.709	 -0.542
	  0.784	 -0.023	 -0.620

9 	  47.13	 -19.35	   6.47
	  0.832	 -0.509	 -0.219
	 -0.260	 -0.009	 -0.965
	  0.491	  0.860	 -0.138

2 	  32.87	  -7.08	  22.73
	  0.688	  0.725	 -0.022
	 -0.727	  0.687	 -0.019
	  0.003	  0.029	  0.999

3 	  42.66	  -0.18	   0.67
	  0.406	  0.207	  0.890
	 -0.133	  0.977	 -0.168
	 -0.905	 -0.050	  0.423

4 	  35.58	   5.98	  -5.17
	  0.204	  0.972	 -0.113
	 -0.738	  0.228	  0.635
	  0.643	 -0.046	  0.764

5 	  37.95	   9.67	   6.26
	 -0.384	 -0.585	 -0.714
	 -0.674	  0.706	 -0.218
	  0.633	  0.398	 -0.664

6 	  45.21	  18.98	   5.92
	  0.781	  0.620	 -0.067
	 -0.174	  0.319	  0.932
	  0.599	 -0.716	  0.358

7 	  35.61	  -7.10	  -2.79
	  0.103	 -0.981	  0.166
	  0.801	 -0.017	 -0.598
	  0.589	  0.194	  0.784

8 	  38.29	 -12.08	   7.58
	  0.382	 -0.724	  0.575
	 -0.492	 -0.685	 -0.537
	  0.783	 -0.078	 -0.617

9 	  46.07	 -20.29	   6.79
	  0.778	 -0.601	 -0.183
	 -0.235	 -0.006	 -0.972
	  0.584	  0.799	 -0.143

2 	  32.87	  -7.08	  22.73
	  0.687	  0.726	 -0.022
	 -0.727	  0.686	 -0.019
	  0.003	  0.029	  0.999

3 	  42.68	  -0.14	   0.58
	  0.410	  0.207	  0.888
	 -0.129	  0.977	 -0.169
	 -0.903	 -0.045	  0.427

4 	  35.47	   5.92	  -5.22
	  0.184	  0.975	 -0.121
	 -0.736	  0.218	  0.641
	  0.652	 -0.029	  0.757

5 	  37.67	   9.72	   6.22
	 -0.359	 -0.602	 -0.713
	 -0.690	  0.685	 -0.232
	  0.630	  0.408	 -0.661

6 	  44.53	  19.46	   6.21
	  0.744	  0.667	 -0.032
	 -0.203	  0.272	  0.940
	  0.636	 -0.693	  0.338

7 	  35.56	  -7.08	  -2.81
	  0.101	 -0.980	  0.169
	  0.804	 -0.020	 -0.594
	  0.586	  0.196	  0.786

8 	  37.99	 -12.06	   7.61
	  0.348	 -0.731	  0.586
	 -0.517	 -0.671	 -0.532
	  0.783	 -0.118	 -0.611

9 	  45.11	 -20.97	   7.19
	  0.724	 -0.673	 -0.150
	 -0.202	  0.002	 -0.979
	  0.660	  0.739	 -0.133

2 	  32.87	  -7.08	  22.73
	  0.687	  0.726	 -0.022
	 -0.727	  0.686	 -0.019
	  0.003	  0.029	  0.999

3 	  42.64	  -0.16	   0.49
	  0.412	  0.210	  0.886
	 -0.124	  0.977	 -0.174
	 -0.903	 -0.038	  0.428

4 	  35.38	   5.82	  -5.26
	  0.163	  0.978	 -0.128
	 -0.734	  0.206	  0.647
	  0.660	 -0.011	  0.751

5 	  37.30	   9.70	   6.12
	 -0.319	 -0.629	 -0.709
	 -0.730	  0.640	 -0.240
	  0.606	  0.441	 -0.662

6 	  43.51	  20.02	   6.31
	  0.692	  0.721	 -0.013
	 -0.230	  0.238	  0.943
	  0.684	 -0.650	  0.330

7 	  35.53	  -7.15	  -2.81
	  0.098	 -0.980	  0.175
	  0.806	 -0.025	 -0.592
	  0.584	  0.199	  0.787

8 	  37.62	 -12.01	   7.65
	  0.303	 -0.743	  0.596
	 -0.554	 -0.646	 -0.525
	  0.776	 -0.171	 -0.607

9 	  43.79	 -21.76	   7.66
	  0.645	 -0.756	 -0.111
	 -0.189	 -0.016	 -0.982
	  0.742	  0.653	 -0.151

2 	  32.87	  -7.08	  22.73
	  0.687	  0.726	 -0.022
	 -0.727	  0.686	 -0.019
	  0.003	  0.029	  0.999

3 	  42.64	  -0.16	   0.44
	  0.414	  0.210	  0.885
	 -0.117	  0.977	 -0.178
	 -0.903	 -0.030	  0.429

4 	  35.28	   5.73	  -5.27
	  0.139	  0.982	 -0.129
	 -0.735	  0.189	  0.650
	  0.663	  0.005	  0.748

5 	  37.04	   9.63	   6.15
	 -0.298	 -0.635	 -0.713
	 -0.739	  0.626	 -0.250
	  0.605	  0.452	 -0.655

6 	  42.80	  20.27	   6.91
	  0.650	  0.759	  0.037
	 -0.262	  0.177	  0.948
	  0.713	 -0.626	  0.314

7 	  35.51	  -7.21	  -2.81
	  0.091	 -0.979	  0.179
	  0.811	 -0.031	 -0.585
	  0.578	  0.198	  0.791

8 	  37.30	 -11.88	   7.70
	  0.265	 -0.749	  0.607
	 -0.583	 -0.625	 -0.519
	  0.769	 -0.216	 -0.601

9 	  42.64	 -22.24	   8.19
	  0.571	 -0.818	 -0.072
	 -0.182	 -0.039	 -0.983
	  0.801	  0.574	 -0.169

2 	  32.87	  -7.08	  22.73
	  0.687	  0.726	 -0.022
	 -0.727	  0.686	 -0.019
	  0.003	  0.029	  0.999

3 	  42.64	  -0.18	   0.40
	  0.416	  0.210	  0.884
	 -0.116	  0.977	 -0.178
	 -0.902	 -0.029	  0.431

4 	  35.26	   5.70	  -5.29
	  0.125	  0.984	 -0.123
	 -0.741	  0.175	  0.648
	  0.660	  0.010	  0.751

5 	  36.86	   9.47	   6.15
	 -0.279	 -0.628	 -0.726
	 -0.740	  0.622	 -0.254
	  0.612	  0.466	 -0.638

6 	  42.35	  20.39	   7.28
	  0.622	  0.779	  0.078
	 -0.276	  0.123	  0.953
	  0.733	 -0.615	  0.291

7 	  35.46	  -7.17	  -2.79
	  0.081	 -0.979	  0.187
	  0.816	 -0.042	 -0.576
	  0.572	  0.199	  0.796

8 	  37.05	 -11.78	   7.77
	  0.234	 -0.751	  0.618
	 -0.607	 -0.609	 -0.512
	  0.760	 -0.255	 -0.597

9 	  41.71	 -22.48	   8.72
	  0.510	 -0.859	 -0.030
	 -0.175	 -0.067	 -0.982
	  0.843	  0.506	 -0.182

2 	  32.87	  -7.08	  22.73
	  0.687	  0.726	 -0.022
	 -0.727	  0.686	 -0.019
	  0.003	  0.029	  0.999

3 	  42.64	  -0.21	   0.37
	  0.423	  0.210	  0.881
	 -0.107	  0.977	 -0.183
	 -0.900	 -0.017	  0.435

4 	  35.28	   5.66	  -5.36
	  0.123	  0.983	 -0.135
	 -0.739	  0.181	  0.649
	  0.662	  0.020	  0.749

5 	  36.70	   9.65	   5.98
	 -0.258	 -0.650	 -0.714
	 -0.748	  0.602	 -0.279
	  0.612	  0.463	 -0.641

6 	  41.64	  20.83	   7.49
	  0.574	  0.810	  0.114
	 -0.276	  0.060	  0.959
	  0.771	 -0.582	  0.258

7 	  35.40	  -7.19	  -2.83
	  0.061	 -0.979	  0.192
	  0.822	 -0.060	 -0.566
	  0.566	  0.192	  0.801

8 	  36.84	 -11.71	   7.80
	  0.207	 -0.755	  0.622
	 -0.630	 -0.589	 -0.507
	  0.749	 -0.287	 -0.597

9 	  40.61	 -22.80	   9.32
	  0.432	 -0.901	  0.026
	 -0.170	 -0.108	 -0.979
	  0.886	  0.418	 -0.198

2 	  32.87	  -7.08	  22.73
	  0.687	  0.726	 -0.022
	 -0.727	  0.686	 -0.019
	  0.003	  0.029	  0.999

3 	  42.66	  -0.21	   0.35
	  0.423	  0.211	  0.881
	 -0.104	  0.977	 -0.185
	 -0.901	 -0.014	  0.434

4 	  35.28	   5.57	  -5.45
	  0.100	  0.985	 -0.141
	 -0.743	  0.168	  0.648
	  0.662	  0.040	  0.748

5 	  36.37	   9.62	   5.91
	 -0.219	 -0.663	 -0.715
	 -0.774	  0.564	 -0.288
	  0.595	  0.491	 -0.636

6 	  40.61	  21.15	   7.80
	  0.513	  0.846	  0.144
	 -0.257	 -0.009	  0.966
	  0.819	 -0.533	  0.212

7 	  35.38	  -7.15	  -2.85
	  0.052	 -0.980	  0.193
	  0.828	 -0.066	 -0.557
	  0.558	  0.188	  0.807

8 	  36.56	 -11.65	   7.75
	  0.170	 -0.763	  0.623
	 -0.653	 -0.561	 -0.509
	  0.738	 -0.321	 -0.593

9 	  39.41	 -23.10	   9.65
	  0.345	 -0.936	  0.065
	 -0.184	 -0.134	 -0.974
	  0.921	  0.324	 -0.217

2 	  32.87	  -7.08	  22.73
	  0.687	  0.726	 -0.022
	 -0.727	  0.686	 -0.019
	  0.003	  0.029	  0.999

3 	  42.66	  -0.16	   0.32
	  0.424	  0.208	  0.881
	 -0.102	  0.978	 -0.182
	 -0.900	 -0.012	  0.435

4 	  35.16	   5.61	  -5.41
	  0.074	  0.987	 -0.139
	 -0.746	  0.147	  0.649
	  0.661	  0.056	  0.748

5 	  36.07	   9.62	   5.96
	 -0.197	 -0.668	 -0.717
	 -0.782	  0.548	 -0.297
	  0.592	  0.503	 -0.630

6 	  39.99	  21.29	   8.03
	  0.483	  0.861	  0.159
	 -0.254	 -0.037	  0.966
	  0.838	 -0.507	  0.200

7 	  35.33	  -7.08	  -2.92
	  0.043	 -0.982	  0.181
	  0.830	 -0.066	 -0.553
	  0.555	  0.174	  0.813

8 	  36.42	 -11.69	   7.59
	  0.154	 -0.775	  0.613
	 -0.667	 -0.538	 -0.514
	  0.729	 -0.330	 -0.600

9 	  38.78	 -23.29	   9.47
	  0.295	 -0.953	  0.067
	 -0.202	 -0.129	 -0.971
	  0.934	  0.272	 -0.229

2 	  32.87	  -7.08	  22.73
	  0.687	  0.726	 -0.022
	 -0.727	  0.686	 -0.019
	  0.003	  0.029	  0.999

3 	  42.61	  -0.07	   0.28
	  0.427	  0.198	  0.882
	 -0.108	  0.980	 -0.168
	 -0.898	 -0.023	  0.439

4 	  35.12	   5.64	  -5.41
	  0.068	  0.988	 -0.137
	 -0.745	  0.141	  0.652
	  0.664	  0.057	  0.745

5 	  36.09	   9.65	   5.98
	 -0.199	 -0.666	 -0.718
	 -0.782	  0.549	 -0.294
	  0.591	  0.504	 -0.630

6 	  40.20	  21.27	   8.02
	  0.497	  0.854	  0.153
	 -0.244	 -0.032	  0.969
	  0.833	 -0.519	  0.192

7 	  35.30	  -6.98	  -2.95
	  0.031	 -0.986	  0.165
	  0.830	 -0.066	 -0.554
	  0.557	  0.154	  0.816

8 	  36.32	 -11.81	   7.44
	  0.143	 -0.789	  0.597
	 -0.672	 -0.520	 -0.527
	  0.727	 -0.326	 -0.604

9 	  38.65	 -23.45	   9.12
	  0.296	 -0.954	  0.049
	 -0.180	 -0.105	 -0.978
	  0.938	  0.280	 -0.202

2 	  32.87	  -7.08	  22.73
	  0.687	  0.726	 -0.022
	 -0.727	  0.686	 -0.019
	  0.003	  0.029	  0.999

3 	  42.61	  -0.09	   0.32
	  0.427	  0.191	  0.883
	 -0.103	  0.981	 -0.164
	 -0.898	 -0.021	  0.439

4 	  35.26	   5.80	  -5.36
	  0.104	  0.987	 -0.125
	 -0.745	  0.160	  0.647
	  0.659	  0.026	  0.751

5 	  36.69	   9.67	   6.06
	 -0.266	 -0.638	 -0.723
	 -0.734	  0.620	 -0.278
	  0.626	  0.457	 -0.632

6 	  42.50	  20.39	   7.37
	  0.642	  0.762	  0.083
	 -0.215	  0.074	  0.974
	  0.735	 -0.644	  0.211

7 	  35.24	  -6.98	  -2.92
	  0.029	 -0.985	  0.168
	  0.829	 -0.070	 -0.555
	  0.559	  0.155	  0.814

8 	  36.74	 -11.90	   7.49
	  0.218	 -0.771	  0.598
	 -0.609	 -0.586	 -0.535
	  0.763	 -0.248	 -0.597

9 	  41.17	 -22.73	   8.74
	  0.482	 -0.876	  0.004
	 -0.126	 -0.072	 -0.989
	  0.867	  0.477	 -0.143

2 	  32.87	  -7.08	  22.73
	  0.687	  0.726	 -0.022
	 -0.727	  0.686	 -0.019
	  0.003	  0.029	  0.999

3 	  42.66	  -0.18	   0.44
	  0.427	  0.197	  0.882
	 -0.117	  0.979	 -0.163
	 -0.897	 -0.034	  0.441

4 	  35.44	   5.89	  -5.29
	  0.185	  0.975	 -0.119
	 -0.727	  0.217	  0.651
	  0.661	 -0.034	  0.749

5 	  37.79	   9.67	   6.13
	 -0.384	 -0.583	 -0.716
	 -0.638	  0.728	 -0.251
	  0.668	  0.359	 -0.651

6 	  45.60	  18.67	   6.43
	  0.804	  0.595	 -0.018
	 -0.106	  0.173	  0.979
	  0.585	 -0.785	  0.203

7 	  35.37	  -7.01	  -2.78
	  0.054	 -0.981	  0.185
	  0.825	 -0.060	 -0.562
	  0.563	  0.182	  0.806

8 	  37.62	 -11.85	   7.66
	  0.342	 -0.713	  0.612
	 -0.474	 -0.693	 -0.544
	  0.812	 -0.104	 -0.574

9 	  44.82	 -20.88	   8.24
	  0.719	 -0.692	 -0.062
	 -0.116	 -0.030	 -0.993
	  0.686	  0.721	 -0.100

2 	  32.87	  -7.08	  22.73
	  0.687	  0.726	 -0.022
	 -0.727	  0.686	 -0.019
	  0.003	  0.029	  0.999

3 	  42.73	  -0.21	   0.53
	  0.423	  0.207	  0.882
	 -0.145	  0.976	 -0.160
	 -0.895	 -0.060	  0.442

4 	  35.77	   6.01	  -5.29
	  0.284	  0.952	 -0.114
	 -0.707	  0.287	  0.646
	  0.648	 -0.103	  0.754

5 	  38.90	   9.44	   6.17
	 -0.494	 -0.488	 -0.720
	 -0.498	  0.837	 -0.226
	  0.713	  0.246	 -0.656

6 	  48.25	  16.19	   5.70
	  0.919	  0.381	 -0.097
	  0.003	  0.238	  0.971
	  0.393	 -0.893	  0.219

7 	  35.46	  -7.05	  -2.78
	  0.062	 -0.980	  0.190
	  0.826	 -0.057	 -0.561
	  0.561	  0.192	  0.805

8 	  38.62	 -11.64	   7.82
	  0.469	 -0.627	  0.622
	 -0.323	 -0.777	 -0.540
	  0.822	  0.052	 -0.566

9 	  47.94	 -18.02	   8.14
	  0.893	 -0.440	 -0.091
	 -0.117	 -0.032	 -0.993
	  0.434	  0.897	 -0.079

2 	  32.87	  -7.08	  22.73
	  0.687	  0.726	 -0.022
	 -0.727	  0.686	 -0.018
	  0.003	  0.029	  0.999

3 	  42.73	  -0.26	   0.60
	  0.411	  0.210	  0.887
	 -0.175	  0.973	 -0.150
	 -0.895	 -0.093	  0.436

4 	  36.05	   6.10	  -5.24
	  0.373	  0.922	 -0.100
	 -0.688	  0.347	  0.637
	  0.623	 -0.168	  0.764

5 	  39.85	   8.96	   6.12
	 -0.584	 -0.359	 -0.728
	 -0.327	  0.925	 -0.195
	  0.743	  0.123	 -0.657

6 	  50.31	  13.11	   5.26
	  0.980	  0.142	 -0.138
	  0.099	  0.254	  0.962
	  0.172	 -0.957	  0.235

7 	  35.56	  -7.05	  -2.79
	  0.075	 -0.980	  0.182
	  0.827	 -0.041	 -0.561
	  0.557	  0.193	  0.808

8 	  39.69	 -11.39	   7.73
	  0.593	 -0.518	  0.616
	 -0.133	 -0.818	 -0.560
	  0.795	  0.250	 -0.553

9 	  50.52	 -14.41	   8.14
	  0.990	 -0.119	 -0.077
	 -0.079	 -0.008	 -0.997
	  0.118	  0.993	 -0.018

2 	  32.87	  -7.08	  22.73
	  0.687	  0.726	 -0.022
	 -0.727	  0.686	 -0.019
	  0.002	  0.029	  0.999

3 	  42.75	  -0.23	   0.62
	  0.404	  0.216	  0.888
	 -0.206	  0.968	 -0.144
	 -0.892	 -0.124	  0.435

4 	  36.19	   6.15	  -5.27
	  0.430	  0.898	 -0.093
	 -0.677	  0.389	  0.624
	  0.597	 -0.206	  0.775

5 	  40.59	   8.58	   6.03
	 -0.642	 -0.238	 -0.728
	 -0.153	  0.971	 -0.182
	  0.751	 -0.006	 -0.660

6 	  51.52	  10.53	   4.78
	  0.984	 -0.047	 -0.169
	  0.177	  0.255	  0.951
	 -0.003	 -0.966	  0.257

7 	  35.75	  -7.10	  -2.83
	  0.114	 -0.979	  0.170
	  0.822	 -0.003	 -0.569
	  0.557	  0.204	  0.805

8 	  40.87	 -11.16	   7.51
	  0.693	 -0.403	  0.598
	  0.048	 -0.802	 -0.595
	  0.720	  0.440	 -0.536

9 	  52.15	 -11.02	   8.12
	  0.984	  0.170	 -0.054
	 -0.061	  0.037	 -0.997
	 -0.169	  0.984	  0.044

2 	  32.87	  -7.08	  22.73
	  0.687	  0.726	 -0.022
	 -0.727	  0.686	 -0.019
	  0.002	  0.029	  0.999

3 	  42.77	  -0.21	   0.69
	  0.392	  0.227	  0.891
	 -0.233	  0.962	 -0.144
	 -0.890	 -0.151	  0.430

4 	  36.28	   6.10	  -5.31
	  0.462	  0.882	 -0.093
	 -0.674	  0.416	  0.610
	  0.577	 -0.220	  0.786

5 	  41.04	   8.19	   5.87
	 -0.678	 -0.146	 -0.720
	 -0.008	  0.981	 -0.191
	  0.735	 -0.123	 -0.667

6 	  52.08	   8.30	   4.25
	  0.958	 -0.207	 -0.198
	  0.248	  0.255	  0.934
	 -0.146	 -0.945	  0.292

7 	  35.96	  -7.24	  -2.83
	  0.153	 -0.975	  0.158
	  0.812	  0.033	 -0.582
	  0.562	  0.218	  0.797

8 	  42.01	 -10.83	   7.29
	  0.768	 -0.287	  0.573
	  0.187	 -0.755	 -0.628
	  0.613	  0.589	 -0.527

9 	  53.00	  -8.21	   7.95
	  0.922	  0.385	 -0.034
	 -0.071	  0.080	 -0.994
	 -0.381	  0.919	  0.098

2 	  32.87	  -7.08	  22.73
	  0.687	  0.726	 -0.022
	 -0.727	  0.686	 -0.019
	  0.002	  0.029	  0.999

3 	  42.71	  -0.26	   0.69
	  0.390	  0.232	  0.891
	 -0.249	  0.958	 -0.142
	 -0.887	 -0.166	  0.431

4 	  36.33	   6.05	  -5.34
	  0.504	  0.857	 -0.104
	 -0.656	  0.458	  0.599
	  0.562	 -0.234	  0.793

5 	  41.48	   8.02	   5.70
	 -0.710	 -0.072	 -0.700
	  0.125	  0.966	 -0.225
	  0.693	 -0.246	 -0.677

6 	  52.29	   6.19	   3.50
	  0.902	 -0.362	 -0.235
	  0.331	  0.224	  0.917
	 -0.284	 -0.905	  0.318

7 	  35.95	  -7.26	  -2.90
	  0.171	 -0.976	  0.136
	  0.799	  0.056	 -0.599
	  0.577	  0.210	  0.789

8 	  42.93	 -10.44	   6.79
	  0.830	 -0.174	  0.530
	  0.285	 -0.684	 -0.671
	  0.480	  0.707	 -0.518

9 	  53.40	  -5.64	   7.28
	  0.832	  0.553	 -0.032
	 -0.115	  0.112	 -0.987
	 -0.544	  0.824	  0.153

2 	  32.87	  -7.08	  22.73
	  0.687	  0.726	 -0.022
	 -0.727	  0.686	 -0.019
	  0.002	  0.029	  0.999

3 	  42.68	  -0.25	   0.69
	  0.390	  0.234	  0.891
	 -0.261	  0.955	 -0.138
	 -0.884	 -0.178	  0.432

4 	  36.49	   6.12	  -5.41
	  0.552	  0.827	 -0.106
	 -0.635	  0.499	  0.589
	  0.541	 -0.258	  0.800

5 	  41.94	   7.84	   5.54
	 -0.725	  0.004	 -0.688
	  0.259	  0.929	 -0.265
	  0.640	 -0.369	 -0.674

6 	  52.17	   4.03	   3.01
	  0.814	 -0.518	 -0.260
	  0.411	  0.194	  0.891
	 -0.417	 -0.832	  0.367

7 	  36.05	  -7.24	  -2.97
	  0.197	 -0.974	  0.113
	  0.785	  0.087	 -0.613
	  0.588	  0.209	  0.781

8 	  43.93	  -9.72	   6.31
	  0.872	 -0.059	  0.486
	  0.353	 -0.612	 -0.707
	  0.339	  0.788	 -0.513

9 	  53.53	  -3.15	   6.63
	  0.724	  0.688	 -0.033
	 -0.176	  0.130	 -0.976
	 -0.670	  0.712	  0.210

2 	  32.87	  -7.08	  22.73
	  0.687	  0.726	 -0.022
	 -0.727	  0.686	 -0.019
	  0.003	  0.029	  0.999

3 	  42.70	  -0.21	   0.69
	  0.387	  0.236	  0.891
	 -0.279	  0.951	 -0.133
	 -0.880	 -0.196	  0.433

4 	  36.63	   6.21	  -5.45
	  0.593	  0.796	 -0.118
	 -0.611	  0.540	  0.578
	  0.524	 -0.271	  0.807

5 	  42.42	   7.73	   5.34
	 -0.734	  0.075	 -0.675
	  0.380	  0.870	 -0.315
	  0.565	 -0.486	 -0.667

6 	  51.84	   2.04	   2.57
	  0.703	 -0.658	 -0.269
	  0.458	  0.124	  0.880
	 -0.551	 -0.741	  0.385

7 	  36.19	  -7.21	  -3.09
	  0.228	 -0.969	  0.096
	  0.773	  0.120	 -0.623
	  0.592	  0.216	  0.776

8 	  44.61	  -9.04	   5.89
	  0.890	  0.040	  0.453
	  0.398	 -0.552	 -0.733
	  0.221	  0.833	 -0.507

9 	  53.46	  -1.25	   6.12
	  0.631	  0.775	 -0.034
	 -0.212	  0.122	 -0.970
	 -0.750	  0.618	  0.236

2 	  32.87	  -7.08	  22.73
	  0.687	  0.726	 -0.022
	 -0.727	  0.686	 -0.019
	  0.002	  0.029	  0.999

3 	  42.68	  -0.18	   0.67
	  0.382	  0.242	  0.892
	 -0.299	  0.945	 -0.130
	 -0.875	 -0.216	  0.433

4 	  36.72	   6.22	  -5.52
	  0.626	  0.766	 -0.144
	 -0.582	  0.581	  0.569
	  0.521	 -0.272	  0.809

5 	  42.82	   7.52	   5.12
	 -0.738	  0.125	 -0.663
	  0.453	  0.820	 -0.348
	  0.501	 -0.557	 -0.662

6 	  51.40	   0.51	   2.20
	  0.595	 -0.756	 -0.273
	  0.488	  0.063	  0.870
	 -0.646	 -0.648	  0.403

7 	  36.30	  -7.24	  -3.18
	  0.253	 -0.964	  0.086
	  0.763	  0.143	 -0.630
	  0.595	  0.224	  0.771

8 	  45.14	  -8.53	   5.61
	  0.897	  0.113	  0.427
	  0.421	 -0.515	 -0.747
	  0.135	  0.850	 -0.509

9 	  53.30	   0.05	   5.64
	  0.564	  0.824	 -0.048
	 -0.233	  0.096	 -0.968
	 -0.796	  0.555	  0.241

2 	  32.87	  -7.08	  22.73
	  0.687	  0.726	 -0.022
	 -0.727	  0.686	 -0.019
	  0.003	  0.029	  0.999

3 	  42.66	  -0.19	   0.65
	  0.378	  0.250	  0.891
	 -0.319	  0.939	 -0.130
	 -0.870	 -0.235	  0.434

4 	  36.79	   6.19	  -5.61
	  0.649	  0.743	 -0.161
	 -0.559	  0.609	  0.562
	  0.517	 -0.275	  0.810

5 	  43.05	   7.31	   4.92
	 -0.737	  0.167	 -0.656
	  0.507	  0.777	 -0.372
	  0.449	 -0.606	 -0.657

6 	  50.99	  -0.51	   2.00
	  0.519	 -0.811	 -0.270
	  0.497	  0.023	  0.867
	 -0.702	 -0.581	  0.412

7 	  36.26	  -7.29	  -3.18
	  0.252	 -0.964	  0.083
	  0.758	  0.143	 -0.636
	  0.602	  0.223	  0.767

8 	  45.32	  -8.23	   5.45
	  0.899	  0.157	  0.409
	  0.430	 -0.494	 -0.755
	  0.082	  0.855	 -0.511

9 	  53.05	   0.77	   5.26
	  0.519	  0.852	 -0.063
	 -0.256	  0.078	 -0.964
	 -0.819	  0.514	  0.254

2 	  32.87	  -7.08	  22.73
	  0.687	  0.726	 -0.022
	 -0.727	  0.686	 -0.019
	  0.003	  0.029	  0.999

3 	  42.59	  -0.25	   0.62
	  0.383	  0.251	  0.889
	 -0.338	  0.933	 -0.120
	 -0.861	 -0.253	  0.441

4 	  36.76	   6.15	  -5.61
	  0.662	  0.729	 -0.169
	 -0.547	  0.624	  0.558
	  0.513	 -0.277	  0.812

5 	  43.15	   7.15	   4.85
	 -0.732	  0.195	 -0.653
	  0.548	  0.739	 -0.392
	  0.407	 -0.644	 -0.647

6 	  50.47	  -1.28	   2.11
	  0.449	 -0.858	 -0.249
	  0.504	  0.008	  0.863
	 -0.743	 -0.510	  0.434

7 	  36.23	  -7.33	  -3.18
	  0.249	 -0.965	  0.083
	  0.755	  0.140	 -0.640
	  0.606	  0.221	  0.764

8 	  45.28	  -8.12	   5.45
	  0.896	  0.176	  0.408
	  0.440	 -0.485	 -0.756
	  0.064	  0.856	 -0.512

9 	  52.77	   1.12	   5.26
	  0.491	  0.868	 -0.069
	 -0.259	  0.063	 -0.964
	 -0.835	  0.489	  0.251

2 	  32.87	  -7.08	  22.73
	  0.687	  0.726	 -0.022
	 -0.727	  0.686	 -0.019
	  0.003	  0.029	  0.999

3 	  42.57	  -0.26	   0.63
	  0.385	  0.245	  0.889
	 -0.342	  0.933	 -0.111
	 -0.858	 -0.260	  0.442

4 	  36.77	   6.21	  -5.52
	  0.673	  0.720	 -0.167
	 -0.537	  0.632	  0.558
	  0.509	 -0.286	  0.812

5 	  43.21	   7.08	   4.97
	 -0.722	  0.224	 -0.654
	  0.582	  0.707	 -0.401
	  0.374	 -0.670	 -0.641

6 	  50.01	  -1.92	   2.25
	  0.387	 -0.891	 -0.237
	  0.518	 -0.008	  0.855
	 -0.767	 -0.452	  0.456

7 	  36.11	  -7.28	  -3.20
	  0.235	 -0.969	  0.082
	  0.759	  0.130	 -0.637
	  0.607	  0.211	  0.766

8 	  45.05	  -7.96	   5.57
	  0.882	  0.193	  0.428
	  0.466	 -0.471	 -0.749
	  0.057	  0.861	 -0.506

9 	  52.22	   1.48	   5.61
	  0.458	  0.887	 -0.054
	 -0.248	  0.063	 -0.967
	 -0.856	  0.455	  0.245

2 	  32.87	  -7.08	  22.73
	  0.687	  0.726	 -0.022
	 -0.727	  0.686	 -0.019
	  0.003	  0.029	  0.999

3 	  42.54	  -0.25	   0.70
	  0.393	  0.229	  0.890
	 -0.344	  0.935	 -0.091
	 -0.854	 -0.270	  0.444

4 	  36.76	   6.38	  -5.33
	  0.667	  0.732	 -0.138
	 -0.551	  0.609	  0.570
	  0.502	 -0.304	  0.809

5 	  43.17	   7.10	   5.17
	 -0.716	  0.237	 -0.656
	  0.592	  0.705	 -0.390
	  0.371	 -0.667	 -0.646

6 	  49.69	  -2.07	   2.74
	  0.369	 -0.905	 -0.211
	  0.489	 -0.008	  0.872
	 -0.794	 -0.423	  0.438

7 	  36.09	  -7.22	  -3.22
	  0.230	 -0.970	  0.081
	  0.768	  0.129	 -0.627
	  0.597	  0.206	  0.775

8 	  44.82	  -8.05	   5.80
	  0.867	  0.190	  0.460
	  0.493	 -0.459	 -0.739
	  0.070	  0.868	 -0.492

9 	  51.56	   1.78	   6.01
	  0.404	  0.913	 -0.053
	 -0.237	  0.043	 -0.971
	 -0.885	  0.403	  0.230

2 	  32.87	  -7.08	  22.73
	  0.687	  0.726	 -0.022
	 -0.727	  0.686	 -0.019
	  0.003	  0.029	  0.999

3 	  42.52	  -0.21	   0.76
	  0.399	  0.214	  0.891
	 -0.339	  0.938	 -0.076
	 -0.853	 -0.272	  0.445

4 	  36.74	   6.50	  -5.17
	  0.651	  0.753	 -0.099
	 -0.576	  0.574	  0.581
	  0.495	 -0.322	  0.807

5 	  42.91	   7.29	   5.54
	 -0.708	  0.227	 -0.668
	  0.572	  0.740	 -0.355
	  0.415	 -0.633	 -0.654

6 	  49.27	  -1.97	   3.08
	  0.343	 -0.913	 -0.222
	  0.465	 -0.043	  0.884
	 -0.819	 -0.404	  0.408

7 	  35.98	  -7.15	  -3.23
	  0.215	 -0.973	  0.081
	  0.773	  0.119	 -0.622
	  0.596	  0.196	  0.778

8 	  44.49	  -8.12	   6.01
	  0.852	  0.183	  0.490
	  0.516	 -0.453	 -0.727
	  0.088	  0.872	 -0.480

9 	  50.78	   1.95	   6.10
	  0.350	  0.933	 -0.076
	 -0.239	  0.006	 -0.971
	 -0.907	  0.357	  0.223

