2 	  32.82	  -8.17	  22.73
	  0.841	  0.539	 -0.024
	 -0.541	  0.839	 -0.044
	 -0.003	  0.050	  0.998

3 	  43.59	  -0.81	   2.20
	  0.332	  0.242	  0.911
	 -0.161	  0.966	 -0.199
	 -0.930	 -0.081	  0.359

4 	  39.90	   5.01	  -3.45
	  0.745	  0.650	 -0.150
	 -0.631	  0.759	  0.159
	  0.218	 -0.024	  0.975

5 	  42.43	   9.83	   2.25
	  0.598	  0.545	  0.588
	 -0.596	 -0.192	  0.779
	  0.540	 -0.815	  0.209

6 	  47.43	   3.06	   2.90
	 -0.105	 -0.977	 -0.186
	  0.992	 -0.116	  0.051
	 -0.071	 -0.179	  0.981

7 	  38.23	  -6.80	  -3.15
	  0.679	 -0.711	 -0.183
	  0.626	  0.691	 -0.360
	  0.383	  0.129	  0.914

8 	  43.38	 -11.94	   0.83
	  0.797	 -0.539	  0.270
	  0.344	  0.038	 -0.938
	  0.496	  0.841	  0.215

9 	  47.36	  -3.23	   1.95
	 -0.106	  0.984	  0.143
	 -0.994	 -0.109	  0.015
	  0.031	 -0.141	  0.989

2 	  32.84	  -8.17	  22.75
	  0.841	  0.539	 -0.023
	 -0.541	  0.840	 -0.044
	 -0.003	  0.049	  0.999

3 	  43.59	  -0.79	   2.20
	  0.333	  0.242	  0.911
	 -0.165	  0.966	 -0.198
	 -0.929	 -0.084	  0.361

4 	  39.88	   5.03	  -3.43
	  0.744	  0.652	 -0.148
	 -0.633	  0.757	  0.159
	  0.217	 -0.025	  0.976

5 	  42.40	   9.79	   2.30
	  0.594	  0.541	  0.595
	 -0.600	 -0.198	  0.775
	  0.540	 -0.816	  0.206

6 	  47.41	   3.08	   2.90
	 -0.101	 -0.976	 -0.194
	  0.992	 -0.113	  0.050
	 -0.071	 -0.187	  0.980

7 	  38.23	  -6.80	  -3.15
	  0.678	 -0.711	 -0.184
	  0.627	  0.691	 -0.360
	  0.384	  0.129	  0.914

8 	  43.38	 -11.92	   0.83
	  0.798	 -0.539	  0.270
	  0.344	  0.038	 -0.938
	  0.495	  0.841	  0.215

9 	  47.36	  -3.22	   1.95
	 -0.107	  0.984	  0.144
	 -0.994	 -0.110	  0.014
	  0.029	 -0.141	  0.989

2 	  32.82	  -8.17	  22.73
	  0.841	  0.540	 -0.024
	 -0.541	  0.839	 -0.044
	 -0.002	  0.050	  0.998

3 	  43.59	  -0.79	   2.18
	  0.334	  0.240	  0.911
	 -0.167	  0.967	 -0.194
	 -0.928	 -0.087	  0.362

4 	  39.88	   5.03	  -3.43
	  0.743	  0.652	 -0.147
	 -0.633	  0.757	  0.160
	  0.216	 -0.026	  0.976

5 	  42.40	   9.79	   2.30
	  0.594	  0.541	  0.595
	 -0.600	 -0.198	  0.775
	  0.540	 -0.816	  0.206

6 	  47.41	   3.09	   2.90
	 -0.101	 -0.976	 -0.193
	  0.992	 -0.113	  0.054
	 -0.075	 -0.186	  0.979

7 	  38.21	  -6.79	  -3.16
	  0.679	 -0.710	 -0.186
	  0.625	  0.692	 -0.360
	  0.385	  0.128	  0.914

8 	  43.38	 -11.90	   0.83
	  0.798	 -0.538	  0.270
	  0.344	  0.039	 -0.938
	  0.494	  0.842	  0.215

9 	  47.37	  -3.22	   1.90
	 -0.105	  0.984	  0.140
	 -0.994	 -0.108	  0.016
	  0.030	 -0.138	  0.990

2 	  32.80	  -8.17	  22.73
	  0.841	  0.540	 -0.024
	 -0.542	  0.839	 -0.044
	 -0.002	  0.049	  0.998

3 	  43.58	  -0.79	   2.14
	  0.337	  0.244	  0.909
	 -0.164	  0.966	 -0.200
	 -0.927	 -0.082	  0.365

4 	  39.78	   5.04	  -3.46
	  0.741	  0.653	 -0.156
	 -0.632	  0.756	  0.167
	  0.227	 -0.026	  0.973

5 	  42.35	   9.79	   2.27
	  0.600	  0.542	  0.588
	 -0.591	 -0.199	  0.782
	  0.544	 -0.815	  0.200

6 	  47.41	   3.13	   2.78
	 -0.100	 -0.976	 -0.194
	  0.993	 -0.111	  0.044
	 -0.065	 -0.189	  0.980

7 	  38.09	  -6.79	  -3.18
	  0.676	 -0.710	 -0.198
	  0.623	  0.693	 -0.361
	  0.394	  0.121	  0.911

8 	  43.31	 -11.90	   0.76
	  0.800	 -0.540	  0.262
	  0.332	  0.034	 -0.943
	  0.500	  0.841	  0.206

9 	  47.36	  -3.23	   1.71
	 -0.094	  0.985	  0.141
	 -0.995	 -0.097	  0.019
	  0.032	 -0.139	  0.990

2 	  32.82	  -8.17	  22.73
	  0.841	  0.540	 -0.024
	 -0.542	  0.839	 -0.044
	 -0.002	  0.049	  0.998

3 	  43.47	  -0.79	   2.00
	  0.346	  0.253	  0.903
	 -0.149	  0.965	 -0.215
	 -0.927	 -0.060	  0.370

4 	  39.55	   5.03	  -3.46
	  0.740	  0.650	 -0.174
	 -0.624	  0.759	  0.185
	  0.253	 -0.029	  0.967

5 	  42.26	   9.76	   2.16
	  0.620	  0.536	  0.573
	 -0.566	 -0.202	  0.799
	  0.546	 -0.819	  0.178

6 	  47.37	   3.15	   2.16
	 -0.103	 -0.970	 -0.220
	  0.994	 -0.110	  0.021
	 -0.045	 -0.216	  0.975

7 	  37.78	  -6.77	  -3.20
	  0.668	 -0.710	 -0.220
	  0.619	  0.695	 -0.365
	  0.413	  0.108	  0.904

8 	  42.96	 -11.99	   0.60
	  0.802	 -0.549	  0.234
	  0.288	  0.011	 -0.958
	  0.524	  0.835	  0.166

9 	  47.29	  -3.38	   0.90
	 -0.070	  0.991	  0.111
	 -0.997	 -0.074	  0.036
	  0.044	 -0.108	  0.993

2 	  32.80	  -8.17	  22.73
	  0.841	  0.540	 -0.024
	 -0.542	  0.839	 -0.044
	 -0.003	  0.050	  0.998

3 	  43.35	  -0.77	   1.85
	  0.363	  0.255	  0.896
	 -0.116	  0.966	 -0.229
	 -0.925	 -0.021	  0.380

4 	  39.20	   5.10	  -3.48
	  0.725	  0.660	 -0.195
	 -0.625	  0.750	  0.217
	  0.290	 -0.036	  0.956

5 	  42.03	   9.74	   2.18
	  0.635	  0.531	  0.560
	 -0.517	 -0.248	  0.819
	  0.576	 -0.809	  0.116

6 	  47.29	   3.43	   1.37
	 -0.087	 -0.954	 -0.287
	  0.996	 -0.084	 -0.025
	 -0.001	 -0.288	  0.958

7 	  37.60	  -6.71	  -3.23
	  0.666	 -0.707	 -0.236
	  0.613	  0.699	 -0.367
	  0.426	  0.100	  0.899

8 	  42.68	 -12.04	   0.51
	  0.794	 -0.569	  0.214
	  0.240	 -0.031	 -0.970
	  0.560	  0.821	  0.111

9 	  47.27	  -3.66	  -0.04
	 -0.044	  0.997	  0.055
	 -0.999	 -0.045	  0.020
	  0.023	 -0.054	  0.998

2 	  32.82	  -8.17	  22.73
	  0.841	  0.540	 -0.024
	 -0.542	  0.839	 -0.044
	 -0.003	  0.050	  0.998

3 	  43.24	  -0.70	   1.79
	  0.368	  0.248	  0.896
	 -0.106	  0.968	 -0.225
	 -0.924	 -0.012	  0.382

4 	  39.01	   5.20	  -3.43
	  0.716	  0.669	 -0.199
	 -0.628	  0.741	  0.237
	  0.307	 -0.045	  0.950

5 	  41.82	   9.76	   2.36
	  0.638	  0.528	  0.560
	 -0.490	 -0.286	  0.823
	  0.597	 -0.798	  0.075

6 	  47.32	   3.80	   0.91
	 -0.067	 -0.933	 -0.354
	  0.998	 -0.065	 -0.017
	 -0.008	 -0.354	  0.935

7 	  37.49	  -6.64	  -3.27
	  0.664	 -0.707	 -0.244
	  0.609	  0.700	 -0.374
	  0.436	  0.100	  0.894

8 	  42.35	 -12.13	   0.72
	  0.772	 -0.595	  0.221
	  0.199	 -0.104	 -0.974
	  0.604	  0.796	  0.037

9 	  47.34	  -4.13	  -1.02
	 -0.002	  0.999	 -0.049
	 -1.000	 -0.001	  0.009
	  0.009	  0.049	  0.999

2 	  32.80	  -8.17	  22.73
	  0.841	  0.540	 -0.024
	 -0.542	  0.839	 -0.044
	 -0.003	  0.050	  0.998

3 	  43.15	  -0.65	   1.74
	  0.368	  0.247	  0.896
	 -0.102	  0.969	 -0.226
	 -0.924	 -0.008	  0.382

4 	  38.74	   5.31	  -3.36
	  0.697	  0.686	 -0.206
	 -0.638	  0.725	  0.258
	  0.327	 -0.049	  0.943

5 	  41.61	   9.79	   2.55
	  0.647	  0.531	  0.547
	 -0.413	 -0.361	  0.836
	  0.643	 -0.766	 -0.015

6 	  47.51	   4.80	  -0.23
	 -0.023	 -0.878	 -0.478
	  0.999	 -0.009	 -0.031
	  0.022	 -0.478	  0.878

7 	  37.44	  -6.56	  -3.34
	  0.662	 -0.703	 -0.260
	  0.596	  0.704	 -0.385
	  0.454	  0.099	  0.885

8 	  42.17	 -12.09	   0.95
	  0.754	 -0.613	  0.237
	  0.133	 -0.211	 -0.968
	  0.644	  0.761	 -0.078

9 	  47.67	  -5.12	  -2.92
	  0.066	  0.954	 -0.290
	 -0.998	  0.066	 -0.010
	  0.009	  0.290	  0.957

2 	  32.82	  -8.17	  22.73
	  0.841	  0.540	 -0.024
	 -0.541	  0.839	 -0.044
	 -0.002	  0.050	  0.998

3 	  43.15	  -0.56	   1.63
	  0.372	  0.243	  0.896
	 -0.103	  0.970	 -0.221
	 -0.922	 -0.010	  0.386

4 	  38.58	   5.48	  -3.32
	  0.677	  0.704	 -0.215
	 -0.649	  0.708	  0.278
	  0.349	 -0.049	  0.936

5 	  41.61	   9.72	   2.78
	  0.669	  0.511	  0.539
	 -0.334	 -0.444	  0.831
	  0.666	 -0.735	 -0.127

6 	  47.46	   5.91	  -1.46
	 -0.024	 -0.788	 -0.615
	  0.984	  0.092	 -0.155
	  0.178	 -0.609	  0.773

7 	  37.48	  -6.49	  -3.46
	  0.657	 -0.701	 -0.278
	  0.583	  0.706	 -0.402
	  0.478	  0.102	  0.872

8 	  42.26	 -11.72	   1.72
	  0.755	 -0.576	  0.314
	  0.077	 -0.398	 -0.914
	  0.652	  0.713	 -0.256

9 	  47.74	  -7.03	  -4.96
	  0.083	  0.761	 -0.643
	 -0.989	  0.144	  0.044
	  0.126	  0.632	  0.764

2 	  32.82	  -8.17	  22.73
	  0.841	  0.539	 -0.024
	 -0.541	  0.840	 -0.044
	 -0.002	  0.050	  0.999

3 	  43.22	  -0.47	   1.42
	  0.387	  0.238	  0.891
	 -0.109	  0.971	 -0.213
	 -0.916	 -0.014	  0.401

4 	  38.39	   5.57	  -3.27
	  0.644	  0.730	 -0.226
	 -0.669	  0.681	  0.297
	  0.372	 -0.040	  0.927

5 	  41.41	   9.84	   2.83
	  0.672	  0.525	  0.522
	 -0.263	 -0.491	  0.830
	  0.693	 -0.694	 -0.193

6 	  47.30	   6.93	  -2.09
	  0.027	 -0.729	 -0.684
	  0.962	  0.205	 -0.181
	  0.272	 -0.653	  0.706

7 	  37.39	  -6.38	  -3.66
	  0.641	 -0.699	 -0.318
	  0.572	  0.710	 -0.410
	  0.513	  0.082	  0.854

8 	  42.22	 -11.51	   1.88
	  0.758	 -0.562	  0.330
	  0.015	 -0.492	 -0.870
	  0.653	  0.664	 -0.364

9 	  47.16	  -8.91	  -5.94
	  0.051	  0.562	 -0.826
	 -0.969	  0.228	  0.095
	  0.242	  0.795	  0.556

2 	  32.82	  -8.17	  22.73
	  0.841	  0.540	 -0.024
	 -0.541	  0.839	 -0.044
	 -0.002	  0.050	  0.999

3 	  43.19	  -0.33	   1.21
	  0.407	  0.231	  0.884
	 -0.111	  0.973	 -0.204
	 -0.907	 -0.015	  0.421

4 	  38.04	   5.77	  -3.09
	  0.611	  0.757	 -0.231
	 -0.685	  0.651	  0.327
	  0.399	 -0.042	  0.916

5 	  41.24	   9.97	   3.02
	  0.683	  0.522	  0.510
	 -0.207	 -0.533	  0.820
	  0.701	 -0.665	 -0.258

6 	  47.57	   8.51	  -2.87
	  0.111	 -0.600	 -0.792
	  0.952	  0.293	 -0.089
	  0.285	 -0.745	  0.603

7 	  37.23	  -6.13	  -3.80
	  0.614	 -0.710	 -0.345
	  0.591	  0.702	 -0.397
	  0.524	  0.040	  0.850

8 	  41.82	 -11.39	   2.16
	  0.726	 -0.588	  0.356
	 -0.060	 -0.570	 -0.820
	  0.685	  0.573	 -0.448

9 	  46.11	 -10.79	  -6.33
	  0.003	  0.386	 -0.922
	 -0.917	  0.368	  0.151
	  0.398	  0.845	  0.355

2 	  32.80	  -8.17	  22.73
	  0.841	  0.540	 -0.024
	 -0.541	  0.839	 -0.044
	 -0.002	  0.050	  0.999

3 	  43.15	  -0.18	   1.04
	  0.421	  0.222	  0.879
	 -0.127	  0.974	 -0.186
	 -0.898	 -0.033	  0.438

4 	  37.69	   5.96	  -2.88
	  0.567	  0.793	 -0.224
	 -0.712	  0.608	  0.352
	  0.417	 -0.040	  0.908

5 	  40.89	  10.11	   3.29
	  0.691	  0.520	  0.502
	 -0.141	 -0.586	  0.798
	  0.710	 -0.621	 -0.333

6 	  47.69	  10.30	  -3.25
	  0.192	 -0.446	 -0.874
	  0.932	  0.363	  0.019
	  0.308	 -0.818	  0.485

7 	  37.16	  -6.05	  -3.90
	  0.592	 -0.722	 -0.357
	  0.613	  0.691	 -0.382
	  0.524	  0.007	  0.852

8 	  41.92	 -11.16	   2.32
	  0.738	 -0.573	  0.356
	 -0.142	 -0.648	 -0.748
	  0.660	  0.501	 -0.560

9 	  45.18	 -13.01	  -6.64
	 -0.105	  0.135	 -0.985
	 -0.861	  0.483	  0.158
	  0.497	  0.865	  0.065

2 	  32.82	  -8.16	  22.73
	  0.841	  0.540	 -0.024
	 -0.542	  0.839	 -0.044
	 -0.002	  0.050	  0.999

3 	  43.15	  -0.04	   0.91
	  0.424	  0.214	  0.880
	 -0.140	  0.975	 -0.170
	 -0.895	 -0.051	  0.443

4 	  37.58	   6.19	  -2.79
	  0.535	  0.820	 -0.204
	 -0.735	  0.570	  0.368
	  0.418	 -0.047	  0.907

5 	  40.83	  10.14	   3.62
	  0.701	  0.487	  0.521
	 -0.117	 -0.644	  0.756
	  0.705	 -0.590	 -0.394

6 	  48.11	  12.02	  -2.94
	  0.226	 -0.242	 -0.943
	  0.959	  0.227	  0.172
	  0.172	 -0.943	  0.284

7 	  37.07	  -5.99	  -3.94
	  0.554	 -0.755	 -0.350
	  0.658	  0.654	 -0.374
	  0.512	 -0.023	  0.858

8 	  42.06	 -10.81	   2.67
	  0.754	 -0.539	  0.375
	 -0.204	 -0.735	 -0.646
	  0.624	  0.411	 -0.664

9 	  44.53	 -15.40	  -5.80
	 -0.181	 -0.152	 -0.972
	 -0.842	  0.535	  0.073
	  0.508	  0.831	 -0.225

2 	  32.84	  -8.17	  22.75
	  0.841	  0.539	 -0.024
	 -0.541	  0.840	 -0.044
	 -0.002	  0.050	  0.999

3 	  43.12	   0.09	   0.70
	  0.424	  0.184	  0.887
	 -0.167	  0.978	 -0.124
	 -0.891	 -0.095	  0.445

4 	  37.49	   6.38	  -2.64
	  0.518	  0.836	 -0.182
	 -0.747	  0.545	  0.379
	  0.417	 -0.060	  0.907

5 	  40.73	  10.14	   3.90
	  0.706	  0.461	  0.538
	 -0.119	 -0.672	  0.730
	  0.699	 -0.579	 -0.420

6 	  48.41	  13.39	  -2.55
	  0.289	 -0.079	 -0.954
	  0.955	  0.089	  0.281
	  0.061	 -0.993	  0.102

7 	  36.97	  -5.94	  -3.97
	  0.509	 -0.782	 -0.359
	  0.697	  0.619	 -0.361
	  0.506	 -0.067	  0.860

8 	  41.64	 -11.02	   2.71
	  0.718	 -0.576	  0.391
	 -0.246	 -0.735	 -0.631
	  0.651	  0.357	 -0.669

9 	  44.42	 -17.05	  -5.31
	 -0.127	 -0.269	 -0.955
	 -0.877	  0.479	 -0.018
	  0.462	  0.835	 -0.297

2 	  32.82	  -8.17	  22.73
	  0.842	  0.539	 -0.024
	 -0.541	  0.840	 -0.044
	 -0.002	  0.050	  0.998

3 	  43.07	   0.14	   0.60
	  0.420	  0.179	  0.889
	 -0.188	  0.976	 -0.109
	 -0.888	 -0.121	  0.443

4 	  37.16	   6.31	  -2.71
	  0.488	  0.852	 -0.191
	 -0.763	  0.522	  0.380
	  0.424	 -0.040	  0.904

5 	  40.34	  10.20	   3.88
	  0.701	  0.480	  0.526
	 -0.080	 -0.682	  0.727
	  0.709	 -0.551	 -0.441

6 	  48.08	  14.26	  -2.39
	  0.297	  0.007	 -0.955
	  0.951	  0.082	  0.297
	  0.079	 -0.997	  0.019

7 	  36.88	  -5.98	  -4.01
	  0.488	 -0.796	 -0.357
	  0.710	  0.600	 -0.367
	  0.507	 -0.075	  0.858

8 	  41.29	 -11.06	   2.92
	  0.692	 -0.587	  0.420
	 -0.248	 -0.740	 -0.625
	  0.678	  0.328	 -0.657

9 	  44.51	 -17.82	  -4.57
	 -0.076	 -0.354	 -0.932
	 -0.899	  0.429	 -0.090
	  0.432	  0.831	 -0.350

2 	  32.84	  -8.19	  22.75
	  0.841	  0.539	 -0.024
	 -0.541	  0.840	 -0.043
	 -0.002	  0.049	  0.999

3 	  43.00	   0.11	   0.54
	  0.423	  0.175	  0.889
	 -0.193	  0.976	 -0.101
	 -0.886	 -0.129	  0.445

4 	  37.02	   6.26	  -2.71
	  0.474	  0.859	 -0.190
	 -0.773	  0.509	  0.379
	  0.423	 -0.033	  0.905

5 	  40.17	  10.12	   3.87
	  0.694	  0.490	  0.527
	 -0.065	 -0.687	  0.723
	  0.718	 -0.535	 -0.445

6 	  48.46	  15.13	  -1.72
	  0.365	  0.137	 -0.921
	  0.931	 -0.034	  0.363
	  0.016	 -0.990	 -0.138

7 	  36.77	  -5.99	  -4.10
	  0.470	 -0.808	 -0.353
	  0.723	  0.582	 -0.372
	  0.507	 -0.081	  0.858

8 	  41.03	 -11.13	   3.02
	  0.677	 -0.591	  0.438
	 -0.244	 -0.742	 -0.624
	  0.695	  0.316	 -0.646

9 	  44.61	 -18.70	  -3.80
	 -0.049	 -0.448	 -0.893
	 -0.935	  0.335	 -0.117
	  0.352	  0.829	 -0.435

2 	  32.82	  -8.17	  22.73
	  0.841	  0.540	 -0.024
	 -0.542	  0.839	 -0.044
	 -0.002	  0.049	  0.999

3 	  42.96	   0.07	   0.47
	  0.423	  0.171	  0.889
	 -0.194	  0.976	 -0.096
	 -0.886	 -0.131	  0.445

4 	  36.95	   6.22	  -2.72
	  0.459	  0.872	 -0.170
	 -0.788	  0.488	  0.374
	  0.410	 -0.038	  0.911

5 	  39.92	  10.04	   4.01
	  0.676	  0.496	  0.544
	 -0.052	 -0.705	  0.707
	  0.735	 -0.506	 -0.452

6 	  48.45	  15.43	  -1.21
	  0.391	  0.186	 -0.901
	  0.920	 -0.089	  0.380
	 -0.013	 -0.979	 -0.204

7 	  36.72	  -5.99	  -4.13
	  0.458	 -0.818	 -0.347
	  0.734	  0.568	 -0.372
	  0.502	 -0.085	  0.861

8 	  40.83	 -11.09	   3.16
	  0.670	 -0.588	  0.453
	 -0.238	 -0.748	 -0.620
	  0.704	  0.307	 -0.641

9 	  44.86	 -19.46	  -2.97
	 -0.017	 -0.556	 -0.831
	 -0.992	  0.112	 -0.054
	  0.123	  0.824	 -0.552

2 	  32.82	  -8.17	  22.73
	  0.841	  0.540	 -0.024
	 -0.541	  0.839	 -0.044
	 -0.002	  0.050	  0.999

3 	  42.96	   0.12	   0.42
	  0.422	  0.179	  0.889
	 -0.192	  0.976	 -0.106
	 -0.887	 -0.126	  0.445

4 	  36.79	   6.08	  -2.87
	  0.436	  0.881	 -0.182
	 -0.803	  0.471	  0.363
	  0.406	 -0.012	  0.913

5 	  39.57	  10.11	   3.85
	  0.657	  0.528	  0.538
	 -0.027	 -0.697	  0.716
	  0.754	 -0.485	 -0.443

6 	  48.04	  16.22	  -1.14
	  0.421	  0.235	 -0.876
	  0.906	 -0.066	  0.417
	  0.037	 -0.970	 -0.239

7 	  36.74	  -5.91	  -4.18
	  0.450	 -0.827	 -0.337
	  0.747	  0.555	 -0.366
	  0.490	 -0.087	  0.867

8 	  40.69	 -11.04	   3.22
	  0.656	 -0.589	  0.472
	 -0.213	 -0.744	 -0.634
	  0.724	  0.316	 -0.613

9 	  45.11	 -19.81	  -2.43
	  0.025	 -0.623	 -0.782
	 -0.995	  0.057	 -0.077
	  0.092	  0.781	 -0.618

2 	  32.82	  -8.17	  22.73
	  0.841	  0.540	 -0.024
	 -0.541	  0.839	 -0.044
	 -0.002	  0.050	  0.999

3 	  43.03	   0.12	   0.42
	  0.421	  0.192	  0.886
	 -0.181	  0.975	 -0.126
	 -0.889	 -0.107	  0.444

4 	  36.81	   5.91	  -2.97
	  0.416	  0.892	 -0.177
	 -0.825	  0.451	  0.341
	  0.384	  0.004	  0.923

5 	  39.36	  10.00	   3.87
	  0.631	  0.542	  0.554
	 -0.027	 -0.699	  0.714
	  0.775	 -0.465	 -0.427

6 	  48.13	  16.61	  -0.35
	  0.473	  0.299	 -0.828
	  0.880	 -0.116	  0.460
	  0.038	 -0.948	 -0.317

7 	  36.79	  -5.91	  -4.20
	  0.446	 -0.834	 -0.323
	  0.760	  0.544	 -0.356
	  0.473	 -0.087	  0.876

8 	  40.59	 -11.14	   3.18
	  0.653	 -0.590	  0.475
	 -0.188	 -0.734	 -0.653
	  0.734	  0.337	 -0.589

9 	  45.46	 -20.72	  -1.25
	  0.114	 -0.726	 -0.678
	 -0.982	  0.021	 -0.187
	  0.150	  0.688	 -0.710

2 	  32.84	  -8.17	  22.73
	  0.841	  0.540	 -0.024
	 -0.542	  0.839	 -0.044
	 -0.002	  0.050	  0.998

3 	  43.08	   0.05	   0.49
	  0.418	  0.193	  0.887
	 -0.165	  0.977	 -0.136
	 -0.894	 -0.090	  0.440

4 	  36.90	   5.85	  -3.01
	  0.426	  0.886	 -0.180
	 -0.822	  0.462	  0.334
	  0.380	  0.005	  0.925

5 	  39.39	   9.97	   3.83
	  0.631	  0.540	  0.557
	 -0.039	 -0.696	  0.716
	  0.775	 -0.473	 -0.418

6 	  48.41	  16.70	  -0.14
	  0.511	  0.315	 -0.800
	  0.858	 -0.128	  0.497
	  0.050	 -0.941	 -0.334

7 	  36.76	  -5.91	  -4.22
	  0.432	 -0.847	 -0.311
	  0.777	  0.524	 -0.348
	  0.458	 -0.091	  0.884

8 	  40.22	 -11.21	   3.34
	  0.639	 -0.600	  0.481
	 -0.195	 -0.731	 -0.654
	  0.744	  0.324	 -0.584

9 	  45.39	 -21.52	   0.32
	  0.169	 -0.814	 -0.556
	 -0.960	 -0.007	 -0.281
	  0.224	  0.581	 -0.782

2 	  32.82	  -8.17	  22.73
	  0.841	  0.540	 -0.024
	 -0.542	  0.839	 -0.044
	 -0.002	  0.050	  0.998

3 	  43.08	   0.00	   0.49
	  0.417	  0.202	  0.886
	 -0.145	  0.977	 -0.156
	 -0.898	 -0.063	  0.436

4 	  36.88	   5.66	  -3.13
	  0.416	  0.891	 -0.179
	 -0.837	  0.452	  0.309
	  0.357	  0.021	  0.934

5 	  39.22	   9.91	   3.74
	  0.610	  0.556	  0.563
	 -0.043	 -0.688	  0.724
	  0.791	 -0.466	 -0.396

6 	  48.39	  17.07	   0.46
	  0.547	  0.370	 -0.750
	  0.834	 -0.163	  0.526
	  0.068	 -0.915	 -0.397

7 	  36.74	  -5.96	  -4.18
	  0.420	 -0.859	 -0.293
	  0.795	  0.504	 -0.337
	  0.438	 -0.092	  0.894

8 	  39.96	 -11.27	   3.50
	  0.623	 -0.610	  0.490
	 -0.206	 -0.732	 -0.649
	  0.755	  0.303	 -0.581

9 	  45.14	 -21.88	   1.34
	  0.181	 -0.854	 -0.487
	 -0.947	 -0.017	 -0.322
	  0.267	  0.520	 -0.812

2 	  32.84	  -8.19	  22.75
	  0.841	  0.539	 -0.024
	 -0.541	  0.840	 -0.044
	 -0.002	  0.050	  0.999

3 	  43.10	  -0.07	   0.53
	  0.417	  0.203	  0.886
	 -0.133	  0.978	 -0.163
	 -0.900	 -0.050	  0.434

4 	  37.00	   5.64	  -3.13
	  0.425	  0.888	 -0.175
	 -0.834	  0.459	  0.304
	  0.351	  0.016	  0.936

5 	  39.27	   9.88	   3.76
	  0.607	  0.552	  0.572
	 -0.054	 -0.690	  0.721
	  0.793	 -0.468	 -0.390

6 	  48.74	  17.35	   1.14
	  0.596	  0.412	 -0.689
	  0.796	 -0.188	  0.575
	  0.104	 -0.892	 -0.440

7 	  36.81	  -5.98	  -4.17
	  0.412	 -0.867	 -0.279
	  0.806	  0.489	 -0.333
	  0.426	 -0.087	  0.900

8 	  39.78	 -11.29	   3.69
	  0.605	 -0.618	  0.502
	 -0.217	 -0.734	 -0.643
	  0.766	  0.280	 -0.578

9 	  44.77	 -22.18	   2.20
	  0.175	 -0.889	 -0.424
	 -0.938	 -0.020	 -0.345
	  0.299	  0.458	 -0.837

2 	  32.82	  -8.17	  22.73
	  0.841	  0.540	 -0.024
	 -0.542	  0.839	 -0.044
	 -0.002	  0.050	  0.998

3 	  43.17	  -0.16	   0.60
	  0.409	  0.212	  0.887
	 -0.114	  0.977	 -0.182
	 -0.906	 -0.026	  0.423

4 	  37.07	   5.50	  -3.25
	  0.420	  0.891	 -0.171
	 -0.847	  0.452	  0.279
	  0.326	  0.028	  0.945

5 	  39.13	   9.86	   3.67
	  0.587	  0.567	  0.578
	 -0.064	 -0.681	  0.730
	  0.808	 -0.464	 -0.363

6 	  48.62	  17.58	   1.51
	  0.614	  0.442	 -0.654
	  0.779	 -0.202	  0.594
	  0.127	 -0.874	 -0.468

7 	  36.81	  -6.05	  -4.13
	  0.406	 -0.877	 -0.258
	  0.817	  0.474	 -0.327
	  0.409	 -0.078	  0.909

8 	  39.67	 -11.30	   3.81
	  0.597	 -0.623	  0.505
	 -0.234	 -0.738	 -0.633
	  0.768	  0.260	 -0.586

9 	  44.54	 -22.31	   2.58
	  0.165	 -0.902	 -0.399
	 -0.942	 -0.025	 -0.333
	  0.291	  0.431	 -0.854

2 	  32.82	  -8.17	  22.73
	  0.842	  0.539	 -0.024
	 -0.541	  0.840	 -0.044
	 -0.002	  0.049	  0.999

3 	  43.22	  -0.23	   0.63
	  0.409	  0.216	  0.886
	 -0.098	  0.976	 -0.193
	 -0.907	 -0.007	  0.420

4 	  37.18	   5.43	  -3.30
	  0.430	  0.887	 -0.170
	 -0.846	  0.461	  0.269
	  0.318	  0.028	  0.948

5 	  39.18	   9.81	   3.67
	  0.586	  0.565	  0.580
	 -0.072	 -0.678	  0.732
	  0.807	 -0.470	 -0.357

6 	  48.81	  17.40	   1.69
	  0.638	  0.425	 -0.642
	  0.760	 -0.205	  0.617
	  0.127	 -0.882	 -0.454

7 	  36.88	  -6.15	  -4.08
	  0.411	 -0.879	 -0.243
	  0.820	  0.473	 -0.322
	  0.398	 -0.068	  0.915

8 	  39.64	 -11.32	   3.87
	  0.584	 -0.626	  0.516
	 -0.231	 -0.738	 -0.634
	  0.778	  0.251	 -0.576

9 	  44.86	 -21.92	   1.63
	  0.181	 -0.841	 -0.509
	 -0.938	  0.009	 -0.348
	  0.298	  0.540	 -0.787

2 	  32.82	  -8.17	  22.73
	  0.841	  0.540	 -0.024
	 -0.541	  0.839	 -0.044
	 -0.002	  0.050	  0.999

3 	  43.21	  -0.25	   0.72
	  0.409	  0.221	  0.885
	 -0.093	  0.975	 -0.201
	 -0.908	 -0.000	  0.419

4 	  37.25	   5.34	  -3.36
	  0.444	  0.876	 -0.187
	 -0.836	  0.480	  0.265
	  0.323	  0.038	  0.946

5 	  39.39	   9.77	   3.41
	  0.600	  0.587	  0.543
	 -0.050	 -0.651	  0.757
	  0.798	 -0.481	 -0.362

6 	  48.83	  15.71	  -0.35
	  0.590	  0.178	 -0.787
	  0.806	 -0.071	  0.587
	  0.045	 -0.982	 -0.184

7 	  36.98	  -6.28	  -4.03
	  0.465	 -0.854	 -0.234
	  0.785	  0.520	 -0.336
	  0.409	 -0.027	  0.912

8 	  40.34	 -11.48	   3.45
	  0.625	 -0.637	  0.451
	 -0.231	 -0.703	 -0.673
	  0.745	  0.317	 -0.587

9 	  45.81	 -19.92	  -2.13
	  0.181	 -0.560	 -0.808
	 -0.948	  0.119	 -0.295
	  0.261	  0.820	 -0.510

2 	  32.82	  -8.17	  22.73
	  0.841	  0.539	 -0.024
	 -0.541	  0.839	 -0.044
	 -0.003	  0.050	  0.998

3 	  43.21	  -0.28	   0.77
	  0.412	  0.228	  0.882
	 -0.091	  0.973	 -0.211
	 -0.907	  0.007	  0.420

4 	  37.32	   5.26	  -3.43
	  0.465	  0.860	 -0.207
	 -0.819	  0.507	  0.268
	  0.336	  0.045	  0.941

5 	  39.55	   9.79	   3.20
	  0.610	  0.595	  0.522
	 -0.057	 -0.626	  0.778
	  0.791	 -0.504	 -0.348

6 	  48.64	  13.57	  -1.67
	  0.509	 -0.085	 -0.856
	  0.860	  0.027	  0.508
	 -0.024	 -0.996	  0.089

7 	  37.14	  -6.36	  -3.94
	  0.506	 -0.834	 -0.219
	  0.757	  0.551	 -0.350
	  0.413	  0.011	  0.910

8 	  40.71	 -11.41	   3.39
	  0.651	 -0.620	  0.437
	 -0.188	 -0.689	 -0.700
	  0.735	  0.374	 -0.565

9 	  46.32	 -16.89	  -4.06
	  0.175	 -0.217	 -0.960
	 -0.951	  0.217	 -0.222
	  0.256	  0.952	 -0.168

2 	  32.82	  -8.17	  22.75
	  0.841	  0.539	 -0.024
	 -0.541	  0.839	 -0.044
	 -0.003	  0.050	  0.998

3 	  43.22	  -0.30	   0.81
	  0.412	  0.232	  0.881
	 -0.089	  0.972	 -0.216
	 -0.907	  0.010	  0.420

4 	  37.44	   5.24	  -3.48
	  0.492	  0.841	 -0.225
	 -0.797	  0.539	  0.273
	  0.351	  0.045	  0.935

5 	  39.90	   9.77	   2.97
	  0.631	  0.585	  0.509
	 -0.080	 -0.605	  0.792
	  0.771	 -0.541	 -0.335

6 	  48.66	  11.67	  -2.32
	  0.417	 -0.286	 -0.863
	  0.906	  0.049	  0.420
	 -0.080	 -0.956	  0.281

7 	  37.25	  -6.42	  -3.87
	  0.533	 -0.817	 -0.221
	  0.733	  0.576	 -0.360
	  0.422	  0.030	  0.906

8 	  40.99	 -11.81	   2.85
	  0.674	 -0.628	  0.387
	 -0.113	 -0.607	 -0.787
	  0.729	  0.487	 -0.480

9 	  47.16	 -13.55	  -5.36
	  0.206	  0.193	 -0.959
	 -0.952	  0.267	 -0.150
	  0.227	  0.944	  0.240

2 	  32.82	  -8.16	  22.73
	  0.841	  0.540	 -0.024
	 -0.542	  0.839	 -0.044
	 -0.002	  0.050	  0.999

3 	  43.26	  -0.33	   0.91
	  0.408	  0.237	  0.881
	 -0.088	  0.971	 -0.222
	 -0.909	  0.013	  0.416

4 	  37.69	   5.19	  -3.57
	  0.530	  0.812	 -0.245
	 -0.766	  0.582	  0.271
	  0.363	  0.044	  0.931

5 	  40.43	   9.69	   2.71
	  0.659	  0.560	  0.502
	 -0.133	 -0.572	  0.809
	  0.741	 -0.599	 -0.303

6 	  48.69	   9.77	  -2.65
	  0.320	 -0.456	 -0.831
	  0.939	  0.035	  0.341
	 -0.128	 -0.888	  0.441

7 	  37.46	  -6.49	  -3.80
	  0.565	 -0.794	 -0.226
	  0.706	  0.606	 -0.367
	  0.428	  0.047	  0.902

8 	  41.57	 -12.11	   2.14
	  0.713	 -0.620	  0.327
	 -0.040	 -0.502	 -0.864
	  0.699	  0.603	 -0.383

9 	  47.90	 -10.48	  -5.54
	  0.184	  0.525	 -0.831
	 -0.969	  0.239	 -0.063
	  0.165	  0.817	  0.553

2 	  32.82	  -8.17	  22.73
	  0.841	  0.539	 -0.024
	 -0.541	  0.840	 -0.043
	 -0.002	  0.049	  0.999

3 	  43.42	  -0.42	   1.07
	  0.392	  0.243	  0.887
	 -0.075	  0.969	 -0.233
	 -0.917	  0.024	  0.398

4 	  37.99	   5.10	  -3.71
	  0.573	  0.777	 -0.261
	 -0.737	  0.627	  0.251
	  0.359	  0.048	  0.932

5 	  40.90	   9.56	   2.46
	  0.679	  0.537	  0.500
	 -0.186	 -0.535	  0.824
	  0.710	 -0.652	 -0.265

6 	  48.73	   8.28	  -2.60
	  0.227	 -0.588	 -0.776
	  0.967	  0.043	  0.250
	 -0.114	 -0.807	  0.579

7 	  37.55	  -6.50	  -3.78
	  0.580	 -0.781	 -0.232
	  0.693	  0.622	 -0.364
	  0.429	  0.050	  0.902

8 	  41.80	 -12.23	   1.60
	  0.734	 -0.615	  0.287
	 -0.002	 -0.426	 -0.905
	  0.679	  0.663	 -0.314

9 	  48.09	  -8.84	  -5.48
	  0.148	  0.689	 -0.710
	 -0.985	  0.168	 -0.042
	  0.090	  0.705	  0.704

2 	  32.82	  -8.19	  22.73
	  0.841	  0.539	 -0.023
	 -0.541	  0.840	 -0.044
	 -0.002	  0.049	  0.999

3 	  43.44	  -0.49	   1.20
	  0.381	  0.236	  0.894
	 -0.066	  0.971	 -0.229
	 -0.922	  0.028	  0.385

4 	  38.25	   5.08	  -3.73
	  0.603	  0.755	 -0.257
	 -0.720	  0.653	  0.236
	  0.346	  0.042	  0.937

5 	  41.15	   9.53	   2.46
	  0.678	  0.525	  0.514
	 -0.227	 -0.517	  0.825
	  0.701	 -0.675	 -0.232

6 	  48.39	   7.44	  -2.30
	  0.151	 -0.670	 -0.727
	  0.986	  0.049	  0.159
	 -0.072	 -0.740	  0.668

7 	  37.62	  -6.54	  -3.71
	  0.588	 -0.775	 -0.231
	  0.687	  0.630	 -0.362
	  0.427	  0.054	  0.903

8 	  41.98	 -12.30	   1.48
	  0.739	 -0.610	  0.284
	  0.046	 -0.376	 -0.926
	  0.672	  0.697	 -0.250

9 	  48.38	  -7.89	  -4.69
	  0.149	  0.769	 -0.622
	 -0.989	  0.116	 -0.093
	  0.000	  0.628	  0.778

2 	  32.82	  -8.17	  22.73
	  0.841	  0.540	 -0.024
	 -0.542	  0.839	 -0.043
	 -0.002	  0.049	  0.999

3 	  43.45	  -0.56	   1.37
	  0.365	  0.230	  0.902
	 -0.061	  0.973	 -0.224
	 -0.929	  0.026	  0.369

4 	  38.51	   5.04	  -3.71
	  0.620	  0.747	 -0.238
	 -0.716	  0.663	  0.217
	  0.321	  0.035	  0.946

5 	  41.24	   9.49	   2.55
	  0.655	  0.523	  0.545
	 -0.280	 -0.504	  0.817
	  0.703	 -0.686	 -0.185

6 	  48.50	   6.50	  -1.48
	  0.118	 -0.731	 -0.672
	  0.982	 -0.013	  0.186
	 -0.145	 -0.682	  0.717

7 	  37.74	  -6.59	  -3.66
	  0.601	 -0.766	 -0.226
	  0.679	  0.639	 -0.360
	  0.421	  0.063	  0.905

8 	  42.33	 -12.32	   1.00
	  0.761	 -0.596	  0.254
	  0.105	 -0.275	 -0.956
	  0.641	  0.753	 -0.148

9 	  48.52	  -6.05	  -3.74
	  0.092	  0.913	 -0.397
	 -0.985	  0.027	 -0.167
	 -0.143	  0.406	  0.902

2 	  32.84	  -8.17	  22.73
	  0.841	  0.540	 -0.024
	 -0.542	  0.839	 -0.044
	 -0.002	  0.049	  0.999

3 	  43.52	  -0.67	   1.58
	  0.359	  0.216	  0.908
	 -0.061	  0.976	 -0.208
	 -0.932	  0.019	  0.363

4 	  38.95	   5.06	  -3.57
	  0.657	  0.727	 -0.198
	 -0.700	  0.686	  0.198
	  0.280	  0.009	  0.960

5 	  41.50	   9.33	   2.88
	  0.625	  0.487	  0.610
	 -0.406	 -0.468	  0.785
	  0.670	 -0.736	 -0.095

6 	  48.66	   4.66	   0.49
	  0.115	 -0.824	 -0.555
	  0.972	 -0.023	  0.235
	 -0.206	 -0.566	  0.798

7 	  37.92	  -6.56	  -3.66
	  0.619	 -0.748	 -0.238
	  0.665	  0.661	 -0.348
	  0.418	  0.058	  0.906

8 	  42.73	 -12.30	   0.30
	  0.773	 -0.592	  0.227
	  0.217	 -0.090	 -0.972
	  0.596	  0.801	  0.058

9 	  48.81	  -4.45	  -0.79
	  0.080	  0.996	 -0.026
	 -0.976	  0.073	 -0.206
	 -0.204	  0.042	  0.978

2 	  32.84	  -8.17	  22.73
	  0.841	  0.540	 -0.024
	 -0.541	  0.839	 -0.043
	 -0.002	  0.049	  0.999

3 	  43.59	  -0.81	   1.76
	  0.355	  0.196	  0.914
	 -0.070	  0.980	 -0.184
	 -0.933	  0.002	  0.361

4 	  39.43	   5.08	  -3.53
	  0.684	  0.713	 -0.155
	 -0.694	  0.701	  0.163
	  0.225	 -0.005	  0.974

5 	  41.62	   9.40	   3.04
	  0.566	  0.476	  0.674
	 -0.561	 -0.380	  0.736
	  0.608	 -0.792	  0.052

6 	  48.23	   3.39	   2.92
	  0.122	 -0.931	 -0.344
	  0.992	  0.101	  0.080
	 -0.041	 -0.351	  0.936

7 	  38.14	  -6.66	  -3.62
	  0.635	 -0.738	 -0.228
	  0.659	  0.671	 -0.340
	  0.404	  0.065	  0.912

8 	  43.17	 -12.18	   0.05
	  0.782	 -0.577	  0.237
	  0.327	  0.055	 -0.943
	  0.531	  0.815	  0.230

9 	  48.23	  -3.71	   1.92
	  0.020	  0.976	  0.216
	 -0.993	 -0.006	  0.118
	  0.116	 -0.217	  0.969

2 	  32.82	  -8.17	  22.73
	  0.841	  0.540	 -0.023
	 -0.542	  0.839	 -0.044
	 -0.002	  0.049	  0.999

3 	  43.70	  -0.93	   1.99
	  0.351	  0.202	  0.914
	 -0.102	  0.979	 -0.177
	 -0.931	 -0.031	  0.364

4 	  39.74	   5.12	  -3.39
	  0.699	  0.707	 -0.106
	 -0.693	  0.707	  0.142
	  0.176	 -0.026	  0.984

5 	  41.66	   9.35	   3.36
	  0.526	  0.458	  0.716
	 -0.634	 -0.352	  0.689
	  0.569	 -0.815	  0.105

6 	  48.20	   3.06	   4.01
	  0.139	 -0.952	 -0.273
	  0.987	  0.110	  0.118
	 -0.083	 -0.286	  0.955

7 	  38.29	  -6.70	  -3.59
	  0.648	 -0.730	 -0.216
	  0.653	  0.679	 -0.336
	  0.392	  0.077	  0.916

8 	  43.28	 -12.13	   0.21
	  0.778	 -0.571	  0.263
	  0.367	  0.071	 -0.927
	  0.511	  0.818	  0.264

9 	  48.27	  -3.66	   2.46
	  0.032	  0.974	  0.223
	 -0.993	  0.006	  0.117
	  0.113	 -0.225	  0.968

2 	  32.82	  -8.17	  22.73
	  0.841	  0.540	 -0.024
	 -0.542	  0.839	 -0.044
	 -0.002	  0.049	  0.999

3 	  43.68	  -0.86	   2.09
	  0.345	  0.210	  0.914
	 -0.130	  0.976	 -0.176
	 -0.929	 -0.057	  0.364

4 	  39.78	   5.12	  -3.41
	  0.699	  0.707	 -0.104
	 -0.694	  0.706	  0.137
	  0.171	 -0.025	  0.985

5 	  41.62	   9.42	   3.36
	  0.522	  0.466	  0.714
	 -0.632	 -0.354	  0.689
	  0.576	 -0.810	  0.109

6 	  48.30	   3.25	   4.08
	  0.167	 -0.949	 -0.268
	  0.984	  0.142	  0.109
	 -0.066	 -0.282	  0.957

7 	  38.29	  -6.70	  -3.53
	  0.654	 -0.728	 -0.204
	  0.650	  0.679	 -0.341
	  0.387	  0.091	  0.917

8 	  43.07	 -12.08	   0.69
	  0.757	 -0.574	  0.312
	  0.399	  0.026	 -0.916
	  0.518	  0.818	  0.248

9 	  48.55	  -3.71	   3.30
	  0.111	  0.975	  0.193
	 -0.984	  0.081	  0.155
	  0.136	 -0.207	  0.969

