2 	  32.82	  -8.17	  22.73
	  0.842	  0.538	 -0.024
	 -0.540	  0.840	 -0.044
	 -0.002	  0.049	  0.998

3 	  43.00	  -0.79	   2.06
	  0.365	  0.208	  0.907
	 -0.131	  0.976	 -0.173
	 -0.922	 -0.056	  0.383

4 	  39.38	   5.94	  -2.23
	  0.716	  0.673	  0.185
	 -0.698	  0.679	  0.229
	  0.028	 -0.293	  0.955

5 	  40.59	   8.53	   5.70
	  0.341	  0.236	  0.910
	 -0.846	 -0.346	  0.405
	  0.411	 -0.908	  0.082

6 	  48.15	   1.12	  10.72
	  0.476	 -0.872	 -0.108
	 -0.164	 -0.209	  0.964
	 -0.864	 -0.441	 -0.243

7 	  37.72	  -7.33	  -2.67
	  0.653	 -0.757	 -0.014
	  0.700	  0.610	 -0.371
	  0.290	  0.232	  0.928

8 	  41.48	  -9.93	   6.28
	  0.587	 -0.030	  0.809
	  0.789	 -0.208	 -0.579
	  0.185	  0.978	 -0.098

9 	  46.76	  -0.18	   7.42
	  0.181	  0.955	 -0.235
	 -0.894	  0.060	 -0.444
	 -0.410	  0.290	  0.865

2 	  32.84	  -8.17	  22.73
	  0.842	  0.538	 -0.024
	 -0.540	  0.840	 -0.044
	 -0.002	  0.049	  0.998

3 	  43.00	  -0.79	   2.06
	  0.365	  0.208	  0.907
	 -0.131	  0.976	 -0.172
	 -0.922	 -0.056	  0.383

4 	  39.39	   5.92	  -2.23
	  0.716	  0.673	  0.187
	 -0.698	  0.678	  0.229
	  0.027	 -0.294	  0.955

5 	  40.57	   8.51	   5.70
	  0.340	  0.235	  0.910
	 -0.846	 -0.346	  0.405
	  0.411	 -0.908	  0.082

6 	  48.11	   1.12	  10.72
	  0.477	 -0.872	 -0.108
	 -0.163	 -0.209	  0.964
	 -0.863	 -0.443	 -0.242

7 	  37.72	  -7.33	  -2.67
	  0.652	 -0.758	 -0.014
	  0.700	  0.609	 -0.371
	  0.290	  0.232	  0.928

8 	  41.47	  -9.93	   6.29
	  0.586	 -0.029	  0.809
	  0.789	 -0.207	 -0.578
	  0.184	  0.978	 -0.099

9 	  46.74	  -0.18	   7.42
	  0.179	  0.954	 -0.238
	 -0.897	  0.059	 -0.439
	 -0.405	  0.291	  0.866

2 	  32.82	  -8.17	  22.73
	  0.843	  0.538	 -0.023
	 -0.540	  0.841	 -0.044
	 -0.003	  0.049	  0.999

3 	  42.98	  -0.79	   2.06
	  0.366	  0.208	  0.907
	 -0.131	  0.976	 -0.172
	 -0.922	 -0.056	  0.384

4 	  39.36	   5.94	  -2.21
	  0.714	  0.674	  0.188
	 -0.699	  0.677	  0.229
	  0.026	 -0.295	  0.955

5 	  40.55	   8.51	   5.71
	  0.340	  0.235	  0.911
	 -0.846	 -0.348	  0.405
	  0.413	 -0.907	  0.081

6 	  48.13	   1.14	  10.69
	  0.480	 -0.870	 -0.110
	 -0.158	 -0.209	  0.965
	 -0.863	 -0.445	 -0.238

7 	  37.71	  -7.33	  -2.67
	  0.651	 -0.759	 -0.014
	  0.701	  0.608	 -0.373
	  0.292	  0.233	  0.928

8 	  41.45	  -9.95	   6.29
	  0.587	 -0.030	  0.808
	  0.788	 -0.206	 -0.579
	  0.184	  0.978	 -0.097

9 	  46.69	  -0.19	   7.35
	  0.176	  0.954	 -0.244
	 -0.904	  0.058	 -0.424
	 -0.391	  0.294	  0.872

2 	  32.82	  -8.17	  22.73
	  0.843	  0.538	 -0.024
	 -0.539	  0.841	 -0.044
	 -0.002	  0.049	  0.998

3 	  42.98	  -0.81	   2.04
	  0.366	  0.208	  0.907
	 -0.130	  0.976	 -0.173
	 -0.922	 -0.055	  0.384

4 	  39.34	   5.92	  -2.23
	  0.714	  0.675	  0.186
	 -0.700	  0.676	  0.229
	  0.028	 -0.294	  0.955

5 	  40.54	   8.49	   5.70
	  0.342	  0.236	  0.909
	 -0.844	 -0.350	  0.407
	  0.415	 -0.906	  0.080

6 	  48.13	   1.14	  10.67
	  0.481	 -0.870	 -0.110
	 -0.152	 -0.207	  0.966
	 -0.863	 -0.448	 -0.232

7 	  37.63	  -7.31	  -2.69
	  0.649	 -0.761	 -0.018
	  0.702	  0.607	 -0.372
	  0.294	  0.229	  0.928

8 	  41.47	  -9.95	   6.26
	  0.590	 -0.031	  0.806
	  0.786	 -0.205	 -0.583
	  0.182	  0.978	 -0.097

9 	  46.69	  -0.21	   7.29
	  0.176	  0.954	 -0.243
	 -0.903	  0.057	 -0.426
	 -0.392	  0.293	  0.872

2 	  32.84	  -8.17	  22.73
	  0.843	  0.538	 -0.024
	 -0.540	  0.841	 -0.044
	 -0.002	  0.049	  0.998

3 	  42.98	  -0.83	   2.04
	  0.365	  0.213	  0.906
	 -0.120	  0.976	 -0.182
	 -0.923	 -0.042	  0.381

4 	  39.34	   5.89	  -2.30
	  0.715	  0.674	  0.182
	 -0.698	  0.680	  0.224
	  0.027	 -0.287	  0.957

5 	  40.55	   8.47	   5.64
	  0.344	  0.235	  0.909
	 -0.842	 -0.353	  0.409
	  0.418	 -0.905	  0.077

6 	  48.22	   1.16	  10.46
	  0.487	 -0.865	 -0.122
	 -0.125	 -0.209	  0.970
	 -0.864	 -0.457	 -0.211

7 	  37.58	  -7.29	  -2.69
	  0.646	 -0.763	 -0.020
	  0.705	  0.606	 -0.367
	  0.293	  0.222	  0.930

8 	  41.43	  -9.90	   6.26
	  0.595	 -0.026	  0.803
	  0.782	 -0.214	 -0.585
	  0.187	  0.976	 -0.107

9 	  46.69	  -0.18	   7.19
	  0.175	  0.952	 -0.251
	 -0.904	  0.054	 -0.423
	 -0.390	  0.300	  0.870

2 	  32.84	  -8.17	  22.73
	  0.843	  0.538	 -0.024
	 -0.540	  0.841	 -0.044
	 -0.002	  0.049	  0.998

3 	  43.00	  -0.81	   1.95
	  0.365	  0.219	  0.904
	 -0.113	  0.975	 -0.192
	 -0.924	 -0.032	  0.380

4 	  39.38	   5.92	  -2.41
	  0.710	  0.680	  0.181
	 -0.703	  0.675	  0.222
	  0.028	 -0.285	  0.958

5 	  40.57	   8.44	   5.61
	  0.344	  0.227	  0.911
	 -0.841	 -0.359	  0.406
	  0.420	 -0.905	  0.068

6 	  48.27	   1.14	  10.41
	  0.500	 -0.857	 -0.124
	 -0.118	 -0.210	  0.970
	 -0.858	 -0.470	 -0.206

7 	  37.62	  -7.29	  -2.71
	  0.646	 -0.763	 -0.023
	  0.704	  0.607	 -0.367
	  0.294	  0.221	  0.930

8 	  41.52	  -9.86	   6.22
	  0.596	 -0.017	  0.803
	  0.785	 -0.200	 -0.586
	  0.170	  0.979	 -0.107

9 	  46.78	  -0.18	   6.98
	  0.177	  0.944	 -0.278
	 -0.917	  0.055	 -0.396
	 -0.359	  0.323	  0.875

2 	  32.82	  -8.17	  22.73
	  0.842	  0.538	 -0.024
	 -0.540	  0.840	 -0.044
	 -0.002	  0.049	  0.998

3 	  43.00	  -0.79	   1.86
	  0.369	  0.228	  0.901
	 -0.106	  0.973	 -0.204
	 -0.924	 -0.020	  0.382

4 	  39.29	   5.94	  -2.44
	  0.709	  0.682	  0.178
	 -0.704	  0.673	  0.224
	  0.033	 -0.284	  0.958

5 	  40.55	   8.38	   5.62
	  0.350	  0.209	  0.913
	 -0.841	 -0.361	  0.404
	  0.415	 -0.908	  0.050

6 	  48.38	   1.11	  10.20
	  0.508	 -0.848	 -0.148
	 -0.087	 -0.222	  0.971
	 -0.857	 -0.480	 -0.187

7 	  37.46	  -7.26	  -2.72
	  0.640	 -0.767	 -0.033
	  0.705	  0.604	 -0.371
	  0.305	  0.215	  0.927

8 	  41.45	  -9.84	   6.17
	  0.600	 -0.020	  0.799
	  0.780	 -0.211	 -0.589
	  0.180	  0.977	 -0.111

9 	  46.79	  -0.19	   6.94
	  0.184	  0.946	 -0.266
	 -0.914	  0.065	 -0.400
	 -0.361	  0.316	  0.877

2 	  32.84	  -8.17	  22.73
	  0.843	  0.538	 -0.024
	 -0.540	  0.841	 -0.044
	 -0.002	  0.049	  0.998

3 	  42.96	  -0.77	   1.85
	  0.366	  0.231	  0.901
	 -0.093	  0.973	 -0.212
	 -0.926	 -0.006	  0.377

4 	  39.20	   5.87	  -2.46
	  0.713	  0.680	  0.170
	 -0.700	  0.677	  0.228
	  0.040	 -0.281	  0.959

5 	  40.52	   8.33	   5.55
	  0.359	  0.214	  0.909
	 -0.838	 -0.354	  0.414
	  0.411	 -0.910	  0.053

6 	  48.50	   1.04	   9.76
	  0.511	 -0.838	 -0.190
	 -0.023	 -0.236	  0.971
	 -0.859	 -0.491	 -0.141

7 	  37.42	  -7.26	  -2.74
	  0.642	 -0.765	 -0.041
	  0.701	  0.608	 -0.372
	  0.309	  0.210	  0.927

8 	  41.33	  -9.77	   6.24
	  0.605	 -0.001	  0.796
	  0.773	 -0.239	 -0.587
	  0.190	  0.971	 -0.143

9 	  46.78	  -0.33	   6.40
	  0.206	  0.926	 -0.315
	 -0.944	  0.103	 -0.314
	 -0.259	  0.362	  0.895

2 	  32.82	  -8.16	  22.73
	  0.842	  0.538	 -0.024
	 -0.540	  0.840	 -0.044
	 -0.002	  0.049	  0.998

3 	  42.86	  -0.90	   1.88
	  0.388	  0.231	  0.892
	 -0.121	  0.972	 -0.200
	 -0.914	 -0.030	  0.405

4 	  39.18	   5.87	  -2.53
	  0.714	  0.683	  0.154
	 -0.699	  0.681	  0.219
	  0.045	 -0.264	  0.963

5 	  40.55	   8.10	   5.61
	  0.360	  0.156	  0.919
	 -0.857	 -0.333	  0.392
	  0.369	 -0.929	  0.014

6 	  48.97	   1.28	   9.07
	  0.566	 -0.779	 -0.271
	  0.188	 -0.202	  0.961
	 -0.805	 -0.593	  0.031

7 	  37.35	  -7.33	  -2.65
	  0.639	 -0.768	 -0.034
	  0.701	  0.599	 -0.386
	  0.317	  0.223	  0.921

8 	  41.10	  -9.65	   6.47
	  0.586	  0.024	  0.810
	  0.781	 -0.283	 -0.556
	  0.216	  0.959	 -0.185

9 	  47.41	  -1.05	   5.64
	  0.338	  0.840	 -0.424
	 -0.922	  0.205	 -0.329
	 -0.190	  0.501	  0.844

2 	  32.82	  -8.16	  22.73
	  0.842	  0.538	 -0.024
	 -0.540	  0.840	 -0.044
	 -0.002	  0.049	  0.998

3 	  42.86	  -0.88	   1.86
	  0.394	  0.230	  0.890
	 -0.137	  0.972	 -0.192
	 -0.909	 -0.046	  0.414

4 	  39.15	   5.94	  -2.51
	  0.681	  0.712	  0.171
	 -0.731	  0.648	  0.212
	  0.040	 -0.270	  0.962

5 	  40.17	   8.00	   5.87
	  0.344	  0.117	  0.932
	 -0.837	 -0.413	  0.360
	  0.427	 -0.903	 -0.044

6 	  49.64	   3.08	   8.68
	  0.738	 -0.571	 -0.358
	  0.280	 -0.228	  0.932
	 -0.617	 -0.787	 -0.011

7 	  37.39	  -7.35	  -2.67
	  0.638	 -0.769	 -0.034
	  0.699	  0.596	 -0.394
	  0.324	  0.227	  0.918

8 	  40.75	  -9.49	   6.66
	  0.564	  0.045	  0.824
	  0.773	 -0.381	 -0.508
	  0.291	  0.923	 -0.250

9 	  48.73	  -3.06	   4.80
	  0.563	  0.621	 -0.545
	 -0.823	  0.363	 -0.437
	 -0.074	  0.694	  0.715

2 	  32.82	  -8.17	  22.73
	  0.842	  0.538	 -0.023
	 -0.540	  0.840	 -0.044
	 -0.003	  0.049	  0.999

3 	  42.86	  -0.81	   1.81
	  0.397	  0.231	  0.888
	 -0.149	  0.971	 -0.187
	 -0.906	 -0.058	  0.419

4 	  39.09	   6.08	  -2.53
	  0.648	  0.738	  0.187
	 -0.760	  0.615	  0.207
	  0.038	 -0.276	  0.960

5 	  40.03	   7.96	   5.99
	  0.356	  0.083	  0.931
	 -0.812	 -0.465	  0.352
	  0.463	 -0.881	 -0.097

6 	  50.06	   4.99	   8.12
	  0.824	 -0.351	 -0.444
	  0.378	 -0.248	  0.892
	 -0.427	 -0.901	 -0.075

7 	  37.42	  -7.29	  -2.72
	  0.628	 -0.777	 -0.040
	  0.702	  0.588	 -0.402
	  0.336	  0.224	  0.914

8 	  40.57	  -9.32	   6.77
	  0.549	  0.071	  0.833
	  0.766	 -0.442	 -0.467
	  0.335	  0.894	 -0.297

9 	  49.50	  -5.66	   4.48
	  0.717	  0.331	 -0.614
	 -0.697	  0.376	 -0.610
	  0.029	  0.865	  0.500

2 	  32.82	  -8.17	  22.73
	  0.843	  0.538	 -0.024
	 -0.539	  0.841	 -0.044
	 -0.002	  0.049	  0.998

3 	  42.94	  -0.74	   1.69
	  0.406	  0.217	  0.887
	 -0.152	  0.974	 -0.170
	 -0.902	 -0.066	  0.427

4 	  39.01	   6.22	  -2.51
	  0.612	  0.760	  0.217
	 -0.790	  0.577	  0.206
	  0.031	 -0.298	  0.954

5 	  39.85	   7.91	   6.12
	  0.380	  0.056	  0.923
	 -0.770	 -0.534	  0.349
	  0.514	 -0.843	 -0.159

6 	  50.12	   7.03	   7.86
	  0.862	 -0.122	 -0.492
	  0.449	 -0.273	  0.851
	 -0.243	 -0.953	 -0.182

7 	  37.48	  -7.28	  -2.79
	  0.603	 -0.797	 -0.038
	  0.722	  0.565	 -0.399
	  0.340	  0.213	  0.916

8 	  40.13	  -9.25	   6.89
	  0.542	  0.064	  0.838
	  0.707	 -0.573	 -0.414
	  0.454	  0.816	 -0.355

9 	  49.68	  -8.72	   5.03
	  0.805	 -0.000	 -0.593
	 -0.571	  0.271	 -0.775
	  0.162	  0.962	  0.218

2 	  32.82	  -8.17	  22.73
	  0.842	  0.538	 -0.024
	 -0.540	  0.840	 -0.044
	 -0.002	  0.049	  0.998

3 	  43.01	  -0.58	   1.51
	  0.404	  0.204	  0.891
	 -0.132	  0.977	 -0.165
	 -0.906	 -0.051	  0.421

4 	  38.83	   6.47	  -2.50
	  0.537	  0.804	  0.255
	 -0.844	  0.506	  0.181
	  0.016	 -0.313	  0.949

5 	  39.27	   7.86	   6.31
	  0.382	  0.024	  0.924
	 -0.678	 -0.672	  0.297
	  0.629	 -0.739	 -0.239

6 	  49.59	   9.18	   8.21
	  0.864	  0.125	 -0.488
	  0.503	 -0.295	  0.812
	 -0.046	 -0.947	 -0.319

7 	  37.53	  -7.26	  -2.83
	  0.572	 -0.820	 -0.015
	  0.753	  0.532	 -0.386
	  0.325	  0.209	  0.922

8 	  39.88	  -9.16	   7.03
	  0.551	  0.051	  0.833
	  0.641	 -0.666	 -0.383
	  0.536	  0.744	 -0.399

9 	  49.17	 -11.53	   5.91
	  0.788	 -0.308	 -0.533
	 -0.523	  0.121	 -0.844
	  0.326	  0.943	 -0.065

2 	  32.82	  -8.17	  22.73
	  0.842	  0.538	 -0.023
	 -0.540	  0.840	 -0.044
	 -0.003	  0.049	  0.999

3 	  43.05	  -0.47	   1.46
	  0.389	  0.203	  0.898
	 -0.117	  0.978	 -0.171
	 -0.914	 -0.039	  0.404

4 	  38.64	   6.61	  -2.43
	  0.463	  0.843	  0.272
	 -0.886	  0.441	  0.140
	 -0.002	 -0.307	  0.952

5 	  38.62	   7.66	   6.45
	  0.366	 -0.007	  0.931
	 -0.568	 -0.794	  0.216
	  0.738	 -0.607	 -0.293

6 	  48.74	  10.67	   8.96
	  0.836	  0.319	 -0.446
	  0.542	 -0.356	  0.761
	  0.082	 -0.878	 -0.472

7 	  37.53	  -7.33	  -2.78
	  0.536	 -0.843	  0.036
	  0.793	  0.488	 -0.365
	  0.290	  0.224	  0.930

8 	  39.46	  -8.98	   7.31
	  0.560	  0.032	  0.828
	  0.524	 -0.788	 -0.322
	  0.643	  0.614	 -0.458

9 	  48.06	 -13.78	   7.00
	  0.705	 -0.548	 -0.450
	 -0.510	  0.052	 -0.859
	  0.497	  0.834	 -0.241

2 	  32.82	  -8.17	  22.73
	  0.842	  0.538	 -0.024
	 -0.540	  0.840	 -0.044
	 -0.002	  0.049	  0.998

3 	  43.07	  -0.35	   1.32
	  0.391	  0.213	  0.895
	 -0.154	  0.974	 -0.165
	 -0.908	 -0.073	  0.412

4 	  38.43	   6.66	  -2.37
	  0.425	  0.857	  0.290
	 -0.905	  0.399	  0.147
	  0.010	 -0.325	  0.946

5 	  38.29	   7.45	   6.56
	  0.369	 -0.030	  0.929
	 -0.478	 -0.864	  0.160
	  0.798	 -0.502	 -0.333

6 	  48.09	  11.64	   9.26
	  0.792	  0.441	 -0.421
	  0.589	 -0.369	  0.719
	  0.160	 -0.818	 -0.553

7 	  37.55	  -7.54	  -2.64
	  0.481	 -0.868	  0.121
	  0.844	  0.421	 -0.333
	  0.238	  0.262	  0.935

8 	  39.18	  -8.77	   7.52
	  0.570	  0.030	  0.820
	  0.400	 -0.883	 -0.245
	  0.718	  0.467	 -0.516

9 	  46.99	 -15.12	   8.03
	  0.618	 -0.686	 -0.383
	 -0.559	 -0.040	 -0.828
	  0.556	  0.725	 -0.407

2 	  32.82	  -8.17	  22.73
	  0.843	  0.538	 -0.024
	 -0.540	  0.841	 -0.044
	 -0.002	  0.049	  0.999

3 	  43.05	  -0.37	   1.23
	  0.392	  0.214	  0.894
	 -0.170	  0.972	 -0.160
	 -0.905	 -0.089	  0.417

4 	  38.30	   6.64	  -2.39
	  0.398	  0.866	  0.303
	 -0.917	  0.370	  0.145
	  0.013	 -0.336	  0.942

5 	  37.99	   7.24	   6.59
	  0.365	 -0.040	  0.930
	 -0.394	 -0.912	  0.114
	  0.844	 -0.407	 -0.348

6 	  47.69	  12.15	  10.25
	  0.778	  0.532	 -0.332
	  0.599	 -0.473	  0.645
	  0.185	 -0.702	 -0.688

7 	  37.56	  -7.58	  -2.83
	  0.434	 -0.886	  0.162
	  0.879	  0.378	 -0.290
	  0.195	  0.268	  0.943

8 	  38.65	  -8.70	   7.38
	  0.543	 -0.003	  0.839
	  0.325	 -0.921	 -0.213
	  0.775	  0.388	 -0.499

9 	  46.00	 -15.86	   8.77
	  0.563	 -0.764	 -0.317
	 -0.637	 -0.155	 -0.755
	  0.530	  0.625	 -0.572

2 	  32.82	  -8.17	  22.73
	  0.843	  0.538	 -0.023
	 -0.540	  0.841	 -0.044
	 -0.003	  0.049	  0.999

3 	  43.00	  -0.33	   1.12
	  0.398	  0.203	  0.895
	 -0.170	  0.974	 -0.147
	 -0.902	 -0.093	  0.421

4 	  38.04	   6.73	  -2.21
	  0.367	  0.870	  0.327
	 -0.930	  0.338	  0.143
	  0.013	 -0.357	  0.934

5 	  37.49	   7.01	   6.77
	  0.354	 -0.064	  0.933
	 -0.262	 -0.965	  0.032
	  0.898	 -0.255	 -0.358

6 	  47.04	  12.52	  11.14
	  0.764	  0.594	 -0.251
	  0.610	 -0.536	  0.583
	  0.210	 -0.599	 -0.773

7 	  37.51	  -7.59	  -2.81
	  0.418	 -0.890	  0.180
	  0.890	  0.361	 -0.279
	  0.183	  0.277	  0.943

8 	  38.39	  -8.61	   7.38
	  0.526	 -0.004	  0.851
	  0.277	 -0.945	 -0.174
	  0.805	  0.326	 -0.495

9 	  45.54	 -16.22	   9.62
	  0.504	 -0.816	 -0.283
	 -0.750	 -0.251	 -0.611
	  0.428	  0.521	 -0.738

2 	  32.82	  -8.17	  22.73
	  0.843	  0.537	 -0.024
	 -0.539	  0.841	 -0.044
	 -0.002	  0.049	  0.998

3 	  42.94	  -0.18	   1.05
	  0.403	  0.209	  0.891
	 -0.200	  0.970	 -0.138
	 -0.893	 -0.122	  0.433

4 	  37.71	   6.68	  -2.25
	  0.326	  0.889	  0.322
	 -0.945	  0.292	  0.150
	  0.039	 -0.353	  0.935

5 	  37.12	   6.86	   6.71
	  0.349	 -0.046	  0.936
	 -0.173	 -0.985	  0.015
	  0.921	 -0.167	 -0.351

6 	  46.39	  12.87	  11.65
	  0.737	  0.648	 -0.189
	  0.635	 -0.572	  0.518
	  0.227	 -0.502	 -0.834

7 	  37.69	  -7.65	  -2.81
	  0.419	 -0.888	  0.188
	  0.893	  0.365	 -0.264
	  0.166	  0.279	  0.946

8 	  38.20	  -8.51	   7.40
	  0.483	 -0.003	  0.875
	  0.220	 -0.967	 -0.124
	  0.848	  0.252	 -0.466

9 	  45.39	 -16.28	  10.79
	  0.486	 -0.858	 -0.164
	 -0.834	 -0.399	 -0.382
	  0.261	  0.323	 -0.910

2 	  32.82	  -8.17	  22.73
	  0.843	  0.538	 -0.023
	 -0.540	  0.841	 -0.044
	 -0.003	  0.049	  0.999

3 	  42.96	  -0.14	   1.04
	  0.397	  0.211	  0.893
	 -0.214	  0.968	 -0.135
	 -0.893	 -0.137	  0.428

4 	  37.69	   6.59	  -2.36
	  0.304	  0.901	  0.309
	 -0.952	  0.274	  0.136
	  0.037	 -0.336	  0.941

5 	  37.05	   6.79	   6.63
	  0.338	 -0.024	  0.941
	 -0.148	 -0.989	  0.027
	  0.930	 -0.148	 -0.337

6 	  46.28	  12.92	  11.85
	  0.742	  0.650	 -0.160
	  0.624	 -0.585	  0.518
	  0.243	 -0.485	 -0.840

7 	  37.72	  -7.70	  -2.79
	  0.391	 -0.900	  0.193
	  0.907	  0.341	 -0.246
	  0.156	  0.271	  0.950

8 	  37.95	  -8.54	   7.42
	  0.453	 -0.020	  0.891
	  0.168	 -0.980	 -0.107
	  0.876	  0.198	 -0.440

9 	  44.82	 -16.52	  11.53
	  0.484	 -0.869	 -0.097
	 -0.814	 -0.407	 -0.414
	  0.320	  0.280	 -0.905

2 	  32.84	  -8.17	  22.75
	  0.843	  0.538	 -0.024
	 -0.540	  0.841	 -0.043
	 -0.001	  0.049	  0.999

3 	  43.08	  -0.25	   1.11
	  0.385	  0.206	  0.899
	 -0.212	  0.968	 -0.132
	 -0.899	 -0.139	  0.416

4 	  37.83	   6.42	  -2.46
	  0.300	  0.910	  0.285
	 -0.953	  0.274	  0.126
	  0.037	 -0.310	  0.950

5 	  37.21	   6.96	   6.40
	  0.325	  0.053	  0.944
	 -0.221	 -0.967	  0.129
	  0.920	 -0.250	 -0.302

6 	  46.41	  13.08	  11.65
	  0.764	  0.624	 -0.160
	  0.593	 -0.582	  0.557
	  0.254	 -0.521	 -0.815

7 	  37.83	  -7.80	  -2.76
	  0.380	 -0.903	  0.199
	  0.912	  0.332	 -0.239
	  0.150	  0.272	  0.950

8 	  37.90	  -8.60	   7.44
	  0.432	 -0.022	  0.901
	  0.150	 -0.984	 -0.095
	  0.890	  0.175	 -0.421

9 	  44.75	 -16.58	  11.65
	  0.487	 -0.868	 -0.089
	 -0.808	 -0.410	 -0.422
	  0.331	  0.277	 -0.902

2 	  32.82	  -8.17	  22.73
	  0.843	  0.538	 -0.023
	 -0.540	  0.841	 -0.044
	 -0.003	  0.049	  0.999

3 	  43.14	  -0.28	   1.11
	  0.376	  0.203	  0.904
	 -0.225	  0.966	 -0.124
	 -0.899	 -0.156	  0.409

4 	  37.85	   6.35	  -2.51
	  0.303	  0.912	  0.275
	 -0.952	  0.279	  0.121
	  0.034	 -0.299	  0.953

5 	  37.16	   7.10	   6.38
	  0.311	  0.069	  0.948
	 -0.264	 -0.952	  0.155
	  0.913	 -0.298	 -0.277

6 	  46.42	  13.20	  11.55
	  0.766	  0.621	 -0.168
	  0.591	 -0.576	  0.564
	  0.252	 -0.531	 -0.808

7 	  37.93	  -7.79	  -2.78
	  0.390	 -0.900	  0.194
	  0.909	  0.342	 -0.238
	  0.148	  0.269	  0.951

8 	  37.90	  -8.56	   7.40
	  0.410	 -0.028	  0.911
	  0.129	 -0.988	 -0.087
	  0.903	  0.153	 -0.401

9 	  44.74	 -16.61	  11.71
	  0.489	 -0.868	 -0.084
	 -0.809	 -0.416	 -0.415
	  0.326	  0.271	 -0.906

2 	  32.82	  -8.17	  22.73
	  0.843	  0.538	 -0.023
	 -0.540	  0.841	 -0.044
	 -0.003	  0.049	  0.999

3 	  43.14	  -0.11	   1.12
	  0.369	  0.201	  0.907
	 -0.255	  0.960	 -0.111
	 -0.894	 -0.190	  0.406

4 	  37.62	   6.42	  -2.53
	  0.270	  0.923	  0.274
	 -0.962	  0.246	  0.115
	  0.038	 -0.295	  0.955

5 	  36.81	   7.12	   6.33
	  0.291	  0.088	  0.953
	 -0.227	 -0.961	  0.158
	  0.930	 -0.262	 -0.259

6 	  45.79	  13.62	  11.74
	  0.745	  0.651	 -0.144
	  0.600	 -0.561	  0.570
	  0.290	 -0.511	 -0.809

7 	  38.14	  -7.73	  -2.78
	  0.414	 -0.891	  0.187
	  0.899	  0.367	 -0.239
	  0.144	  0.267	  0.953

8 	  37.90	  -8.51	   7.38
	  0.376	 -0.031	  0.926
	  0.112	 -0.991	 -0.077
	  0.920	  0.132	 -0.369

9 	  44.63	 -16.63	  11.95
	  0.496	 -0.866	 -0.062
	 -0.791	 -0.421	 -0.444
	  0.358	  0.269	 -0.894

2 	  32.82	  -8.17	  22.73
	  0.842	  0.538	 -0.024
	 -0.540	  0.840	 -0.044
	 -0.002	  0.049	  0.998

3 	  43.10	  -0.02	   1.12
	  0.363	  0.207	  0.908
	 -0.270	  0.956	 -0.112
	 -0.892	 -0.204	  0.402

4 	  37.55	   6.45	  -2.57
	  0.261	  0.926	  0.273
	 -0.965	  0.238	  0.112
	  0.038	 -0.293	  0.955

5 	  36.69	   7.17	   6.31
	  0.276	  0.099	  0.956
	 -0.225	 -0.960	  0.164
	  0.935	 -0.260	 -0.243

6 	  45.51	  13.82	  11.95
	  0.738	  0.662	 -0.126
	  0.598	 -0.558	  0.574
	  0.310	 -0.500	 -0.809

7 	  38.18	  -7.68	  -2.78
	  0.416	 -0.890	  0.186
	  0.898	  0.369	 -0.239
	  0.143	  0.266	  0.953

8 	  37.85	  -8.47	   7.35
	  0.364	 -0.039	  0.930
	  0.105	 -0.991	 -0.081
	  0.925	  0.126	 -0.357

9 	  44.61	 -16.63	  11.78
	  0.505	 -0.859	 -0.082
	 -0.779	 -0.413	 -0.472
	  0.372	  0.302	 -0.877

2 	  32.82	  -8.17	  22.73
	  0.843	  0.538	 -0.024
	 -0.539	  0.841	 -0.044
	 -0.002	  0.049	  0.998

3 	  43.07	   0.09	   1.14
	  0.357	  0.201	  0.912
	 -0.277	  0.955	 -0.104
	 -0.893	 -0.215	  0.396

4 	  37.49	   6.52	  -2.50
	  0.248	  0.927	  0.281
	 -0.968	  0.225	  0.110
	  0.039	 -0.300	  0.953

5 	  36.56	   7.14	   6.36
	  0.268	  0.099	  0.958
	 -0.209	 -0.965	  0.158
	  0.940	 -0.242	 -0.238

6 	  45.39	  13.83	  12.04
	  0.735	  0.666	 -0.123
	  0.600	 -0.555	  0.577
	  0.316	 -0.498	 -0.807

7 	  38.21	  -7.63	  -2.81
	  0.419	 -0.890	  0.181
	  0.896	  0.374	 -0.238
	  0.144	  0.262	  0.954

8 	  37.78	  -8.46	   7.29
	  0.346	 -0.046	  0.937
	  0.090	 -0.993	 -0.081
	  0.934	  0.112	 -0.339

9 	  44.53	 -16.65	  11.79
	  0.509	 -0.857	 -0.083
	 -0.771	 -0.411	 -0.486
	  0.383	  0.311	 -0.870

2 	  32.82	  -8.17	  22.73
	  0.843	  0.538	 -0.024
	 -0.540	  0.841	 -0.043
	 -0.002	  0.049	  0.999

3 	  43.03	   0.11	   1.14
	  0.353	  0.203	  0.913
	 -0.284	  0.953	 -0.104
	 -0.892	 -0.222	  0.393

4 	  37.42	   6.47	  -2.57
	  0.242	  0.931	  0.271
	 -0.969	  0.219	  0.111
	  0.043	 -0.290	  0.956

5 	  36.70	   7.28	   6.21
	  0.279	  0.128	  0.952
	 -0.236	 -0.952	  0.196
	  0.931	 -0.279	 -0.235

6 	  45.44	  14.04	  11.79
	  0.732	  0.668	 -0.133
	  0.602	 -0.543	  0.585
	  0.318	 -0.509	 -0.800

7 	  38.23	  -7.65	  -2.76
	  0.420	 -0.887	  0.190
	  0.897	  0.374	 -0.236
	  0.139	  0.270	  0.953

8 	  37.72	  -8.47	   7.37
	  0.337	 -0.053	  0.940
	  0.076	 -0.994	 -0.082
	  0.938	  0.099	 -0.331

9 	  44.38	 -16.70	  11.85
	  0.510	 -0.856	 -0.083
	 -0.766	 -0.409	 -0.496
	  0.391	  0.316	 -0.864

2 	  32.80	  -8.17	  22.73
	  0.843	  0.538	 -0.023
	 -0.540	  0.841	 -0.044
	 -0.003	  0.049	  0.999

3 	  43.05	   0.05	   1.20
	  0.349	  0.210	  0.913
	 -0.270	  0.956	 -0.119
	 -0.898	 -0.204	  0.390

4 	  37.56	   6.38	  -2.71
	  0.276	  0.928	  0.251
	 -0.960	  0.255	  0.114
	  0.041	 -0.273	  0.961

5 	  36.95	   7.47	   6.12
	  0.287	  0.143	  0.947
	 -0.307	 -0.923	  0.231
	  0.907	 -0.357	 -0.221

6 	  45.91	  13.97	  11.25
	  0.750	  0.637	 -0.174
	  0.596	 -0.539	  0.595
	  0.285	 -0.550	 -0.785

7 	  38.16	  -7.68	  -2.67
	  0.411	 -0.889	  0.203
	  0.901	  0.362	 -0.237
	  0.136	  0.281	  0.950

8 	  37.67	  -8.51	   7.44
	  0.341	 -0.050	  0.938
	  0.091	 -0.992	 -0.085
	  0.936	  0.114	 -0.334

9 	  44.46	 -16.63	  11.85
	  0.526	 -0.845	 -0.093
	 -0.761	 -0.419	 -0.496
	  0.381	  0.331	 -0.863

2 	  32.80	  -8.17	  22.73
	  0.843	  0.538	 -0.023
	 -0.540	  0.841	 -0.044
	 -0.003	  0.049	  0.999

3 	  43.07	  -0.05	   1.23
	  0.353	  0.215	  0.910
	 -0.243	  0.961	 -0.134
	 -0.904	 -0.174	  0.391

4 	  37.65	   6.35	  -2.72
	  0.297	  0.921	  0.251
	 -0.954	  0.275	  0.121
	  0.043	 -0.276	  0.960

5 	  37.12	   7.56	   6.13
	  0.300	  0.137	  0.944
	 -0.368	 -0.896	  0.247
	  0.880	 -0.421	 -0.218

6 	  46.27	  13.61	  10.93
	  0.769	  0.603	 -0.212
	  0.581	 -0.521	  0.625
	  0.266	 -0.604	 -0.751

7 	  38.06	  -7.70	  -2.62
	  0.416	 -0.887	  0.201
	  0.897	  0.364	 -0.250
	  0.149	  0.284	  0.947

8 	  37.78	  -8.67	   7.45
	  0.355	 -0.053	  0.933
	  0.175	 -0.977	 -0.122
	  0.918	  0.206	 -0.338

9 	  45.70	 -15.86	  11.20
	  0.638	 -0.753	 -0.158
	 -0.705	 -0.490	 -0.513
	  0.308	  0.439	 -0.844

2 	  32.82	  -8.17	  22.73
	  0.843	  0.537	 -0.024
	 -0.539	  0.841	 -0.044
	 -0.002	  0.049	  0.998

3 	  43.10	  -0.12	   1.34
	  0.351	  0.212	  0.912
	 -0.212	  0.966	 -0.145
	 -0.912	 -0.142	  0.384

4 	  37.90	   6.35	  -2.67
	  0.349	  0.901	  0.258
	 -0.936	  0.321	  0.144
	  0.047	 -0.292	  0.955

5 	  37.58	   7.68	   6.13
	  0.319	  0.122	  0.940
	 -0.475	 -0.838	  0.269
	  0.821	 -0.532	 -0.209

6 	  47.39	  12.36	  10.62
	  0.838	  0.485	 -0.250
	  0.520	 -0.570	  0.637
	  0.165	 -0.663	 -0.730

7 	  38.04	  -7.68	  -2.64
	  0.450	 -0.874	  0.183
	  0.877	  0.394	 -0.275
	  0.168	  0.284	  0.944

8 	  38.25	  -9.05	   7.42
	  0.398	 -0.066	  0.915
	  0.336	 -0.918	 -0.211
	  0.854	  0.390	 -0.343

9 	  47.48	 -14.54	  10.27
	  0.774	 -0.584	 -0.243
	 -0.606	 -0.574	 -0.551
	  0.181	  0.573	 -0.799

2 	  32.82	  -8.17	  22.73
	  0.843	  0.538	 -0.023
	 -0.540	  0.841	 -0.044
	 -0.003	  0.049	  0.999

3 	  43.15	  -0.26	   1.44
	  0.350	  0.213	  0.912
	 -0.167	  0.972	 -0.164
	 -0.922	 -0.095	  0.375

4 	  38.29	   6.22	  -2.72
	  0.418	  0.871	  0.256
	 -0.908	  0.390	  0.153
	  0.033	 -0.297	  0.954

5 	  38.07	   7.80	   6.01
	  0.311	  0.108	  0.944
	 -0.585	 -0.761	  0.279
	  0.749	 -0.639	 -0.173

6 	  48.52	  10.11	  10.60
	  0.938	  0.247	 -0.243
	  0.346	 -0.622	  0.702
	  0.020	 -0.742	 -0.671

7 	  37.97	  -7.61	  -2.67
	  0.489	 -0.860	  0.143
	  0.848	  0.431	 -0.307
	  0.203	  0.271	  0.941

8 	  38.76	  -9.51	   7.24
	  0.435	 -0.097	  0.895
	  0.450	 -0.838	 -0.308
	  0.781	  0.536	 -0.320

9 	  49.34	 -11.90	   8.81
	  0.899	 -0.231	 -0.371
	 -0.431	 -0.613	 -0.662
	 -0.077	  0.753	 -0.653

2 	  32.82	  -8.17	  22.75
	  0.843	  0.538	 -0.023
	 -0.540	  0.841	 -0.044
	 -0.003	  0.049	  0.999

3 	  43.28	  -0.46	   1.48
	  0.351	  0.214	  0.911
	 -0.133	  0.975	 -0.178
	 -0.927	 -0.059	  0.369

4 	  38.69	   6.08	  -2.79
	  0.480	  0.846	  0.231
	 -0.877	  0.458	  0.143
	  0.015	 -0.272	  0.962

5 	  38.58	   7.93	   5.85
	  0.296	  0.107	  0.949
	 -0.673	 -0.682	  0.286
	  0.679	 -0.723	 -0.129

6 	  49.20	   7.54	  10.51
	  0.971	 -0.060	 -0.231
	  0.151	 -0.599	  0.786
	 -0.188	 -0.797	 -0.574

7 	  37.92	  -7.54	  -2.74
	  0.534	 -0.839	  0.099
	  0.815	  0.480	 -0.322
	  0.223	  0.253	  0.941

8 	  39.38	  -9.95	   6.98
	  0.469	 -0.118	  0.875
	  0.567	 -0.720	 -0.400
	  0.678	  0.683	 -0.270

9 	  50.04	  -8.21	   7.45
	  0.858	  0.217	 -0.465
	 -0.295	 -0.538	 -0.790
	 -0.424	  0.813	 -0.399

2 	  32.80	  -8.17	  22.75
	  0.842	  0.538	 -0.024
	 -0.540	  0.840	 -0.044
	 -0.003	  0.050	  0.998

3 	  43.29	  -0.58	   1.53
	  0.352	  0.217	  0.911
	 -0.116	  0.975	 -0.188
	 -0.929	 -0.040	  0.367

4 	  38.99	   5.99	  -2.85
	  0.543	  0.814	  0.205
	 -0.840	  0.523	  0.144
	  0.010	 -0.251	  0.968

5 	  39.11	   8.05	   5.77
	  0.290	  0.107	  0.951
	 -0.760	 -0.578	  0.296
	  0.582	 -0.808	 -0.085

6 	  49.34	   4.92	  10.16
	  0.899	 -0.357	 -0.251
	  0.025	 -0.533	  0.845
	 -0.437	 -0.766	 -0.472

7 	  37.81	  -7.47	  -2.76
	  0.561	 -0.825	  0.061
	  0.792	  0.514	 -0.328
	  0.239	  0.232	  0.943

8 	  40.18	 -10.34	   6.56
	  0.515	 -0.132	  0.846
	  0.673	 -0.549	 -0.495
	  0.531	  0.824	 -0.194

9 	  49.32	  -4.80	   6.17
	  0.614	  0.612	 -0.498
	 -0.351	 -0.359	 -0.865
	 -0.710	  0.704	 -0.007

2 	  32.80	  -8.17	  22.73
	  0.843	  0.538	 -0.023
	 -0.540	  0.841	 -0.044
	 -0.003	  0.049	  0.999

3 	  43.22	  -0.70	   1.69
	  0.372	  0.217	  0.902
	 -0.124	  0.975	 -0.185
	 -0.920	 -0.043	  0.388

4 	  39.09	   5.92	  -2.83
	  0.579	  0.790	  0.199
	 -0.815	  0.559	  0.150
	  0.007	 -0.250	  0.968

5 	  39.48	   8.10	   5.57
	  0.302	  0.133	  0.944
	 -0.804	 -0.497	  0.327
	  0.513	 -0.857	 -0.043

6 	  48.97	   3.27	   9.90
	  0.791	 -0.559	 -0.248
	 -0.031	 -0.443	  0.896
	 -0.611	 -0.701	 -0.369

7 	  37.72	  -7.42	  -2.78
	  0.589	 -0.807	  0.028
	  0.767	  0.547	 -0.335
	  0.255	  0.219	  0.942

8 	  40.97	 -10.41	   6.12
	  0.577	 -0.137	  0.805
	  0.706	 -0.412	 -0.576
	  0.412	  0.900	 -0.141

9 	  48.43	  -2.81	   5.45
	  0.387	  0.815	 -0.430
	 -0.618	 -0.120	 -0.777
	 -0.687	  0.565	  0.457

2 	  32.82	  -8.19	  22.73
	  0.843	  0.537	 -0.024
	 -0.539	  0.841	 -0.044
	 -0.002	  0.049	  0.998

3 	  43.17	  -0.77	   1.76
	  0.383	  0.219	  0.897
	 -0.137	  0.974	 -0.180
	 -0.914	 -0.054	  0.402

4 	  39.15	   5.87	  -2.81
	  0.601	  0.775	  0.196
	 -0.799	  0.580	  0.155
	  0.006	 -0.251	  0.968

5 	  39.78	   8.24	   5.50
	  0.305	  0.169	  0.937
	 -0.827	 -0.441	  0.348
	  0.473	 -0.881	  0.005

6 	  48.57	   2.06	  10.41
	  0.672	 -0.725	 -0.150
	 -0.149	 -0.331	  0.931
	 -0.725	 -0.604	 -0.331

7 	  37.69	  -7.35	  -2.81
	  0.605	 -0.796	  0.004
	  0.751	  0.569	 -0.335
	  0.264	  0.205	  0.942

8 	  41.45	 -10.44	   5.71
	  0.602	 -0.144	  0.785
	  0.731	 -0.298	 -0.614
	  0.323	  0.943	 -0.074

9 	  47.50	  -1.56	   5.99
	  0.241	  0.920	 -0.309
	 -0.825	  0.026	 -0.564
	 -0.512	  0.390	  0.765

2 	  32.82	  -8.17	  22.73
	  0.843	  0.537	 -0.023
	 -0.539	  0.841	 -0.044
	 -0.003	  0.049	  0.999

3 	  43.14	  -0.79	   1.79
	  0.388	  0.220	  0.895
	 -0.144	  0.973	 -0.178
	 -0.911	 -0.059	  0.409

4 	  39.27	   5.82	  -2.85
	  0.632	  0.748	  0.201
	 -0.775	  0.609	  0.166
	  0.001	 -0.261	  0.965

5 	  40.08	   8.26	   5.40
	  0.310	  0.194	  0.930
	 -0.845	 -0.393	  0.363
	  0.437	 -0.898	  0.043

6 	  48.34	   1.58	  10.74
	  0.594	 -0.799	 -0.092
	 -0.182	 -0.246	  0.952
	 -0.783	 -0.549	 -0.292

7 	  37.65	  -7.31	  -2.87
	  0.611	 -0.791	 -0.007
	  0.745	  0.579	 -0.332
	  0.267	  0.197	  0.943

8 	  41.54	 -10.32	   5.77
	  0.602	 -0.100	  0.792
	  0.767	 -0.204	 -0.609
	  0.222	  0.974	 -0.047

9 	  46.83	  -0.77	   6.61
	  0.167	  0.951	 -0.258
	 -0.892	  0.034	 -0.450
	 -0.420	  0.305	  0.855

2 	  32.82	  -8.17	  22.73
	  0.843	  0.538	 -0.024
	 -0.539	  0.841	 -0.044
	 -0.002	  0.049	  0.998

3 	  43.10	  -0.84	   1.85
	  0.386	  0.228	  0.894
	 -0.149	  0.971	 -0.185
	 -0.911	 -0.061	  0.408

4 	  39.30	   5.71	  -2.83
	  0.663	  0.723	  0.195
	 -0.749	  0.639	  0.174
	  0.001	 -0.261	  0.965

5 	  40.39	   8.33	   5.26
	  0.323	  0.223	  0.919
	 -0.862	 -0.333	  0.383
	  0.392	 -0.916	  0.085

6 	  48.13	   1.18	  10.69
	  0.521	 -0.849	 -0.085
	 -0.193	 -0.214	  0.957
	 -0.831	 -0.483	 -0.276

7 	  37.63	  -7.33	  -2.92
	  0.619	 -0.785	 -0.017
	  0.735	  0.587	 -0.337
	  0.275	  0.196	  0.941

8 	  41.50	 -10.39	   5.75
	  0.606	 -0.091	  0.790
	  0.768	 -0.192	 -0.611
	  0.207	  0.977	 -0.046

9 	  47.06	  -0.76	   7.08
	  0.201	  0.953	 -0.226
	 -0.793	  0.022	 -0.609
	 -0.576	  0.300	  0.760

