2 	  45.47	  -0.77	   3.66
	 -0.297	  0.264	  0.918
	  0.098	  0.964	 -0.246
	 -0.950	  0.016	 -0.312

3 	  44.40	  -1.42	  -0.05
	  0.404	  0.282	  0.870
	 -0.216	  0.953	 -0.210
	 -0.889	 -0.103	  0.445

4 	  38.87	   6.43	  -4.15
	  0.586	  0.804	  0.097
	 -0.549	  0.305	  0.778
	  0.597	 -0.509	  0.619

5 	  45.62	  10.21	   5.52
	  0.682	  0.278	  0.676
	 -0.512	 -0.480	  0.712
	  0.525	 -0.831	 -0.185

6 	  54.47	   8.31	   9.67
	  0.789	 -0.162	  0.592
	  0.009	  0.967	  0.255
	 -0.615	 -0.199	  0.763

7 	  39.04	  -8.93	  -3.55
	  0.752	 -0.659	 -0.013
	  0.463	  0.543	 -0.701
	  0.469	  0.521	  0.713

8 	  45.23	 -12.18	   5.89
	  0.758	 -0.222	  0.613
	  0.468	 -0.469	 -0.749
	  0.455	  0.854	 -0.253

9 	  54.79	  -9.53	   9.12
	  0.881	  0.293	  0.370
	 -0.108	  0.887	 -0.449
	 -0.462	  0.359	  0.811

2 	  45.32	  -0.18	   3.64
	 -0.389	  0.267	  0.882
	 -0.203	  0.909	 -0.364
	 -0.899	 -0.320	 -0.299

3 	  44.38	  -1.35	  -0.11
	  0.409	  0.287	  0.866
	 -0.235	  0.950	 -0.205
	 -0.882	 -0.120	  0.455

4 	  38.81	   6.45	  -4.17
	  0.585	  0.805	  0.097
	 -0.549	  0.303	  0.779
	  0.598	 -0.509	  0.618

5 	  45.58	  10.20	   5.52
	  0.682	  0.277	  0.676
	 -0.510	 -0.484	  0.711
	  0.526	 -0.829	 -0.190

6 	  54.46	   8.31	   9.65
	  0.790	 -0.160	  0.592
	  0.004	  0.966	  0.257
	 -0.614	 -0.204	  0.762

7 	  39.06	  -8.91	  -3.59
	  0.755	 -0.656	 -0.017
	  0.459	  0.545	 -0.701
	  0.469	  0.522	  0.712

8 	  45.25	 -12.18	   5.85
	  0.760	 -0.221	  0.611
	  0.467	 -0.468	 -0.750
	  0.453	  0.854	 -0.253

9 	  54.81	  -9.54	   9.11
	  0.880	  0.293	  0.373
	 -0.109	  0.889	 -0.446
	 -0.464	  0.355	  0.811

2 	  45.23	  -1.28	   3.90
	 -0.504	  0.108	  0.857
	  0.269	  0.962	  0.035
	 -0.822	  0.247	 -0.514

3 	  44.37	  -1.53	  -0.11
	  0.401	  0.280	  0.872
	 -0.214	  0.954	 -0.210
	 -0.891	 -0.102	  0.442

4 	  38.83	   6.36	  -4.20
	  0.588	  0.803	  0.094
	 -0.550	  0.309	  0.776
	  0.595	 -0.508	  0.623

5 	  45.58	  10.12	   5.47
	  0.683	  0.277	  0.676
	 -0.511	 -0.482	  0.712
	  0.525	 -0.830	 -0.188

6 	  54.47	   8.31	   9.62
	  0.788	 -0.154	  0.595
	  0.002	  0.968	  0.251
	 -0.615	 -0.200	  0.762

7 	  39.02	  -9.00	  -3.53
	  0.752	 -0.659	 -0.013
	  0.461	  0.539	 -0.704
	  0.471	  0.524	  0.709

8 	  45.23	 -12.23	   5.91
	  0.761	 -0.218	  0.610
	  0.465	 -0.473	 -0.748
	  0.453	  0.853	 -0.259

9 	  54.81	  -9.54	   9.12
	  0.880	  0.297	  0.369
	 -0.111	  0.885	 -0.452
	 -0.463	  0.360	  0.810

2 	  45.53	  -0.79	   3.18
	 -0.048	  0.395	  0.917
	 -0.004	  0.918	 -0.396
	 -0.999	 -0.023	 -0.043

3 	  44.33	  -1.46	  -0.05
	  0.403	  0.284	  0.870
	 -0.225	  0.952	 -0.208
	 -0.887	 -0.112	  0.447

4 	  38.78	   6.38	  -4.17
	  0.585	  0.805	  0.099
	 -0.551	  0.303	  0.777
	  0.597	 -0.509	  0.620

5 	  45.53	  10.09	   5.55
	  0.683	  0.275	  0.677
	 -0.505	 -0.494	  0.708
	  0.531	 -0.824	 -0.199

6 	  54.42	   8.31	   9.63
	  0.792	 -0.154	  0.591
	 -0.003	  0.966	  0.257
	 -0.612	 -0.209	  0.763

7 	  39.01	  -8.98	  -3.52
	  0.753	 -0.658	 -0.012
	  0.462	  0.541	 -0.703
	  0.469	  0.524	  0.710

8 	  45.21	 -12.20	   5.91
	  0.761	 -0.220	  0.610
	  0.464	 -0.473	 -0.749
	  0.454	  0.852	 -0.259

9 	  54.79	  -9.53	   9.12
	  0.881	  0.296	  0.368
	 -0.110	  0.885	 -0.452
	 -0.461	  0.362	  0.810

2 	  45.16	  -0.91	   3.83
	 -0.594	  0.246	  0.766
	  0.166	  0.969	 -0.183
	 -0.787	  0.018	 -0.616

3 	  44.37	  -1.49	  -0.09
	  0.397	  0.284	  0.872
	 -0.229	  0.951	 -0.207
	 -0.889	 -0.117	  0.443

4 	  38.79	   6.35	  -4.20
	  0.585	  0.805	  0.098
	 -0.554	  0.306	  0.774
	  0.594	 -0.506	  0.625

5 	  45.53	  10.09	   5.55
	  0.680	  0.276	  0.679
	 -0.506	 -0.495	  0.706
	  0.533	 -0.822	 -0.198

6 	  54.42	   8.33	   9.65
	  0.791	 -0.152	  0.592
	 -0.007	  0.966	  0.259
	 -0.612	 -0.213	  0.762

7 	  39.06	  -9.02	  -3.53
	  0.754	 -0.656	 -0.010
	  0.462	  0.541	 -0.702
	  0.467	  0.525	  0.711

8 	  45.23	 -12.23	   5.91
	  0.761	 -0.220	  0.610
	  0.464	 -0.473	 -0.748
	  0.454	  0.852	 -0.259

9 	  54.81	  -9.54	   9.14
	  0.880	  0.300	  0.366
	 -0.113	  0.882	 -0.457
	 -0.462	  0.364	  0.808

2 	  44.38	  -0.70	  -3.60
	  0.168	  0.938	  0.304
	 -0.520	  0.345	 -0.781
	 -0.838	 -0.027	  0.545

3 	  44.49	  -1.48	  -0.05
	  0.410	  0.306	  0.859
	 -0.211	  0.948	 -0.238
	 -0.887	 -0.084	  0.453

4 	  38.87	   6.29	  -4.15
	  0.573	  0.812	  0.105
	 -0.565	  0.297	  0.770
	  0.595	 -0.501	  0.628

5 	  45.40	  10.07	   5.71
	  0.672	  0.282	  0.684
	 -0.491	 -0.523	  0.697
	  0.557	 -0.803	 -0.213

6 	  54.39	   8.38	   9.72
	  0.799	 -0.153	  0.581
	 -0.009	  0.963	  0.268
	 -0.602	 -0.222	  0.767

7 	  39.13	  -9.04	  -3.46
	  0.755	 -0.656	 -0.003
	  0.467	  0.539	 -0.701
	  0.462	  0.528	  0.713

8 	  45.26	 -12.25	   6.01
	  0.758	 -0.233	  0.609
	  0.453	 -0.484	 -0.749
	  0.470	  0.842	 -0.262

9 	  54.90	  -9.63	   9.12
	  0.882	  0.303	  0.361
	 -0.119	  0.882	 -0.455
	 -0.458	  0.362	  0.812

2 	  44.14	   0.05	  -3.43
	 -0.102	  0.755	  0.647
	 -0.649	  0.443	 -0.618
	 -0.754	 -0.483	  0.444

3 	  44.53	  -1.46	  -0.09
	  0.412	  0.307	  0.857
	 -0.220	  0.947	 -0.234
	 -0.884	 -0.092	  0.458

4 	  38.88	   6.31	  -4.17
	  0.573	  0.812	  0.107
	 -0.567	  0.297	  0.768
	  0.594	 -0.501	  0.630

5 	  45.39	  10.05	   5.73
	  0.669	  0.282	  0.688
	 -0.490	 -0.530	  0.692
	  0.562	 -0.798	 -0.217

6 	  54.37	   8.31	   9.74
	  0.802	 -0.156	  0.576
	 -0.011	  0.960	  0.277
	 -0.597	 -0.232	  0.768

7 	  39.16	  -9.04	  -3.48
	  0.756	 -0.655	 -0.001
	  0.467	  0.540	 -0.700
	  0.460	  0.529	  0.713

8 	  45.26	 -12.25	   6.01
	  0.758	 -0.232	  0.609
	  0.453	 -0.485	 -0.748
	  0.470	  0.842	 -0.263

9 	  54.90	  -9.62	   9.12
	  0.880	  0.307	  0.360
	 -0.122	  0.882	 -0.456
	 -0.460	  0.361	  0.811

2 	  44.65	  -1.25	  -2.83
	  0.180	  0.959	  0.217
	  0.019	  0.218	 -0.976
	 -0.984	  0.179	  0.021

3 	  44.61	  -1.58	  -0.12
	  0.470	  0.330	  0.818
	 -0.177	  0.943	 -0.281
	 -0.865	 -0.013	  0.501

4 	  38.95	   6.22	  -4.20
	  0.574	  0.812	  0.102
	 -0.569	  0.304	  0.764
	  0.591	 -0.496	  0.636

5 	  45.40	  10.00	   5.70
	  0.666	  0.286	  0.689
	 -0.491	 -0.528	  0.692
	  0.564	 -0.798	 -0.212

6 	  54.37	   8.33	   9.76
	  0.800	 -0.155	  0.579
	 -0.014	  0.960	  0.278
	 -0.600	 -0.234	  0.765

7 	  39.18	  -9.12	  -3.41
	  0.753	 -0.658	  0.009
	  0.474	  0.532	 -0.701
	  0.457	  0.532	  0.712

8 	  45.18	 -12.25	   6.21
	  0.752	 -0.230	  0.618
	  0.446	 -0.514	 -0.733
	  0.487	  0.825	 -0.285

9 	  54.84	  -9.69	   9.19
	  0.888	  0.303	  0.344
	 -0.119	  0.876	 -0.468
	 -0.445	  0.378	  0.812

2 	  44.30	  -0.95	  -3.59
	  0.121	  0.980	  0.154
	 -0.416	  0.190	 -0.889
	 -0.902	  0.043	  0.430

3 	  44.53	  -1.53	  -0.12
	  0.419	  0.313	  0.852
	 -0.193	  0.948	 -0.255
	 -0.887	 -0.057	  0.457

4 	  38.90	   6.24	  -4.17
	  0.573	  0.813	  0.105
	 -0.568	  0.300	  0.766
	  0.593	 -0.498	  0.632

5 	  45.37	  10.00	   5.75
	  0.666	  0.284	  0.689
	 -0.487	 -0.536	  0.689
	  0.568	 -0.794	 -0.219

6 	  54.32	   8.35	   9.77
	  0.801	 -0.155	  0.578
	 -0.017	  0.959	  0.282
	 -0.599	 -0.239	  0.764

7 	  39.15	  -9.09	  -3.39
	  0.752	 -0.658	  0.010
	  0.474	  0.531	 -0.702
	  0.457	  0.533	  0.712

8 	  45.16	 -12.20	   6.21
	  0.752	 -0.234	  0.616
	  0.443	 -0.512	 -0.735
	  0.489	  0.825	 -0.282

9 	  54.84	  -9.67	   9.19
	  0.888	  0.302	  0.346
	 -0.121	  0.879	 -0.462
	 -0.445	  0.371	  0.814

2 	  44.56	  -0.86	  -2.58
	 -0.090	  0.951	  0.295
	  0.078	  0.302	 -0.950
	 -0.993	 -0.063	 -0.101

3 	  44.60	  -1.51	  -0.07
	  0.405	  0.319	  0.856
	 -0.207	  0.944	 -0.255
	 -0.891	 -0.074	  0.448

4 	  38.97	   6.21	  -4.18
	  0.572	  0.813	  0.106
	 -0.572	  0.302	  0.763
	  0.590	 -0.496	  0.637

5 	  45.35	  10.02	   5.78
	  0.661	  0.288	  0.693
	 -0.487	 -0.540	  0.687
	  0.574	 -0.790	 -0.217

6 	  54.32	   8.35	   9.79
	  0.801	 -0.157	  0.577
	 -0.019	  0.957	  0.288
	 -0.598	 -0.244	  0.763

7 	  39.23	  -9.12	  -3.39
	  0.753	 -0.657	  0.013
	  0.477	  0.532	 -0.700
	  0.454	  0.533	  0.714

8 	  45.19	 -12.23	   6.22
	  0.750	 -0.235	  0.617
	  0.445	 -0.511	 -0.735
	  0.490	  0.825	 -0.280

9 	  54.86	  -9.65	   9.19
	  0.887	  0.306	  0.345
	 -0.125	  0.878	 -0.462
	 -0.446	  0.370	  0.815

2 	  37.72	  -1.20	  -7.84
	  0.438	  0.772	 -0.460
	 -0.594	  0.632	  0.498
	  0.676	  0.055	  0.734

3 	  44.86	  -1.37	  -0.05
	  0.416	  0.305	  0.856
	 -0.228	  0.946	 -0.228
	 -0.881	 -0.100	  0.463

4 	  39.13	   6.36	  -4.08
	  0.543	  0.828	  0.138
	 -0.604	  0.270	  0.750
	  0.585	 -0.490	  0.646

5 	  45.19	  10.12	   6.19
	  0.643	  0.288	  0.709
	 -0.464	 -0.593	  0.658
	  0.613	 -0.750	 -0.248

6 	  54.25	   8.44	   9.90
	  0.816	 -0.186	  0.547
	 -0.005	  0.944	  0.331
	 -0.579	 -0.276	  0.767

7 	  39.60	  -8.96	  -3.52
	  0.762	 -0.647	  0.019
	  0.471	  0.534	 -0.702
	  0.445	  0.544	  0.711

8 	  45.25	 -12.18	   6.26
	  0.724	 -0.250	  0.643
	  0.459	 -0.522	 -0.719
	  0.517	  0.814	 -0.264

9 	  54.88	  -9.72	   9.32
	  0.890	  0.302	  0.341
	 -0.118	  0.874	 -0.472
	 -0.443	  0.383	  0.810

2 	  37.72	  -0.77	  -7.54
	  0.546	  0.800	 -0.248
	 -0.405	  0.510	  0.758
	  0.734	 -0.313	  0.602

3 	  44.81	  -1.51	   0.00
	  0.412	  0.311	  0.856
	 -0.223	  0.945	 -0.238
	 -0.884	 -0.092	  0.458

4 	  39.18	   6.21	  -4.15
	  0.545	  0.828	  0.133
	 -0.605	  0.277	  0.746
	  0.582	 -0.487	  0.651

5 	  45.23	  10.00	   6.13
	  0.643	  0.291	  0.708
	 -0.462	 -0.592	  0.660
	  0.613	 -0.750	 -0.247

6 	  54.26	   8.37	   9.86
	  0.816	 -0.182	  0.549
	 -0.008	  0.945	  0.327
	 -0.579	 -0.274	  0.768

7 	  39.59	  -9.11	  -3.43
	  0.760	 -0.649	  0.029
	  0.476	  0.525	 -0.705
	  0.443	  0.550	  0.708

8 	  45.23	 -12.23	   6.40
	  0.724	 -0.247	  0.644
	  0.454	 -0.532	 -0.714
	  0.521	  0.808	 -0.274

9 	  54.88	  -9.72	   9.33
	  0.892	  0.305	  0.331
	 -0.121	  0.869	 -0.479
	 -0.436	  0.391	  0.810

2 	  37.99	  -1.97	  -7.93
	  0.301	  0.764	 -0.571
	 -0.831	  0.504	  0.237
	  0.469	  0.403	  0.785

3 	  44.84	  -1.49	  -0.04
	  0.418	  0.312	  0.853
	 -0.231	  0.944	 -0.235
	 -0.879	 -0.098	  0.466

4 	  39.16	   6.24	  -4.13
	  0.546	  0.827	  0.132
	 -0.604	  0.278	  0.746
	  0.582	 -0.487	  0.651

5 	  45.23	  10.00	   6.13
	  0.643	  0.288	  0.710
	 -0.462	 -0.595	  0.657
	  0.613	 -0.749	 -0.250

6 	  54.26	   8.35	   9.88
	  0.816	 -0.182	  0.549
	 -0.008	  0.945	  0.327
	 -0.579	 -0.274	  0.768

7 	  39.60	  -9.09	  -3.45
	  0.764	 -0.645	  0.024
	  0.466	  0.524	 -0.713
	  0.448	  0.556	  0.700

8 	  45.25	 -12.23	   6.36
	  0.724	 -0.247	  0.644
	  0.455	 -0.531	 -0.714
	  0.520	  0.809	 -0.273

9 	  54.90	  -9.72	   9.32
	  0.892	  0.306	  0.330
	 -0.124	  0.870	 -0.478
	 -0.435	  0.389	  0.812

2 	  38.21	  -1.23	  -8.09
	  0.439	  0.884	 -0.162
	 -0.801	  0.466	  0.377
	  0.409	 -0.036	  0.912

3 	  44.86	  -1.53	  -0.05
	  0.418	  0.314	  0.852
	 -0.227	  0.944	 -0.238
	 -0.880	 -0.093	  0.465

4 	  39.18	   6.21	  -4.17
	  0.545	  0.828	  0.131
	 -0.606	  0.279	  0.744
	  0.581	 -0.485	  0.653

5 	  45.23	  10.00	   6.13
	  0.641	  0.288	  0.711
	 -0.463	 -0.595	  0.656
	  0.614	 -0.749	 -0.249

6 	  54.28	   8.33	   9.88
	  0.815	 -0.183	  0.549
	 -0.005	  0.945	  0.325
	 -0.580	 -0.271	  0.768

7 	  39.64	  -9.11	  -3.45
	  0.760	 -0.649	  0.030
	  0.472	  0.519	 -0.712
	  0.447	  0.555	  0.701

8 	  45.25	 -12.25	   6.38
	  0.722	 -0.248	  0.646
	  0.457	 -0.532	 -0.713
	  0.521	  0.809	 -0.271

9 	  54.90	  -9.72	   9.32
	  0.892	  0.309	  0.329
	 -0.126	  0.869	 -0.478
	 -0.435	  0.388	  0.812

2 	  37.53	  -1.60	  -7.56
	  0.200	  0.853	 -0.483
	 -0.564	  0.502	  0.655
	  0.802	  0.141	  0.581

3 	  44.82	  -1.53	   0.00
	  0.413	  0.313	  0.855
	 -0.224	  0.944	 -0.240
	 -0.883	 -0.092	  0.460

4 	  39.16	   6.19	  -4.15
	  0.544	  0.828	  0.132
	 -0.606	  0.278	  0.745
	  0.581	 -0.485	  0.653

5 	  45.21	   9.95	   6.15
	  0.642	  0.287	  0.711
	 -0.460	 -0.599	  0.655
	  0.616	 -0.746	 -0.252

6 	  54.26	   8.30	   9.88
	  0.817	 -0.182	  0.547
	 -0.007	  0.945	  0.327
	 -0.578	 -0.275	  0.769

7 	  39.62	  -9.12	  -3.41
	  0.760	 -0.649	  0.035
	  0.473	  0.515	 -0.715
	  0.447	  0.560	  0.698

8 	  45.23	 -12.25	   6.43
	  0.722	 -0.248	  0.646
	  0.455	 -0.535	 -0.712
	  0.524	  0.806	 -0.274

9 	  54.88	  -9.74	   9.33
	  0.894	  0.307	  0.325
	 -0.125	  0.868	 -0.481
	 -0.432	  0.393	  0.812

2 	  34.96	  -1.07	   0.77
	 -0.031	  0.999	  0.036
	 -0.415	 -0.046	  0.909
	  0.909	  0.012	  0.415

3 	  45.56	  -1.48	   0.35
	  0.336	  0.326	  0.883
	 -0.218	  0.939	 -0.265
	 -0.917	 -0.103	  0.386

4 	  40.18	   6.12	  -4.38
	  0.527	  0.838	  0.139
	 -0.650	  0.291	  0.702
	  0.550	 -0.460	  0.697

5 	  45.26	  10.30	   6.33
	  0.582	  0.305	  0.753
	 -0.472	 -0.629	  0.617
	  0.665	 -0.713	 -0.222

6 	  54.28	   8.40	   9.98
	  0.819	 -0.234	  0.523
	  0.026	  0.926	  0.375
	 -0.573	 -0.298	  0.763

7 	  40.55	  -9.18	  -3.39
	  0.772	 -0.632	  0.067
	  0.474	  0.502	 -0.723
	  0.424	  0.590	  0.687

8 	  45.37	 -12.57	   6.73
	  0.651	 -0.282	  0.704
	  0.502	 -0.537	 -0.678
	  0.571	  0.793	 -0.209

9 	  54.97	  -9.76	   9.51
	  0.890	  0.357	  0.282
	 -0.180	  0.844	 -0.504
	 -0.421	  0.401	  0.813

2 	  35.03	  -0.67	   0.79
	  0.138	  0.964	  0.225
	 -0.480	 -0.134	  0.867
	  0.866	 -0.228	  0.444

3 	  45.60	  -1.48	   0.33
	  0.333	  0.326	  0.884
	 -0.215	  0.939	 -0.267
	 -0.918	 -0.101	  0.382

4 	  40.22	   6.12	  -4.39
	  0.529	  0.838	  0.136
	 -0.650	  0.294	  0.701
	  0.548	 -0.458	  0.699

5 	  45.28	  10.32	   6.29
	  0.581	  0.307	  0.754
	 -0.474	 -0.627	  0.618
	  0.664	 -0.715	 -0.219

6 	  54.32	   8.40	   9.98
	  0.818	 -0.235	  0.525
	  0.027	  0.927	  0.375
	 -0.576	 -0.296	  0.762

7 	  40.57	  -9.18	  -3.41
	  0.773	 -0.631	  0.065
	  0.472	  0.503	 -0.724
	  0.425	  0.590	  0.686

8 	  45.37	 -12.57	   6.73
	  0.651	 -0.282	  0.705
	  0.502	 -0.537	 -0.677
	  0.572	  0.793	 -0.208

9 	  54.98	  -9.77	   9.53
	  0.890	  0.358	  0.282
	 -0.180	  0.844	 -0.506
	 -0.422	  0.402	  0.812

2 	  35.21	  -1.71	   0.37
	 -0.347	  0.937	 -0.017
	 -0.584	 -0.202	  0.786
	  0.734	  0.283	  0.617

3 	  45.54	  -1.48	   0.40
	  0.327	  0.322	  0.888
	 -0.210	  0.941	 -0.266
	 -0.922	 -0.099	  0.375

4 	  40.20	   6.12	  -4.38
	  0.527	  0.838	  0.138
	 -0.649	  0.291	  0.703
	  0.551	 -0.460	  0.696

5 	  45.26	  10.32	   6.33
	  0.581	  0.307	  0.754
	 -0.472	 -0.630	  0.617
	  0.666	 -0.712	 -0.221

6 	  54.30	   8.40	   9.98
	  0.819	 -0.236	  0.522
	  0.026	  0.925	  0.379
	 -0.574	 -0.300	  0.762

7 	  40.62	  -9.18	  -3.39
	  0.778	 -0.624	  0.071
	  0.475	  0.510	 -0.717
	  0.412	  0.592	  0.692

8 	  45.39	 -12.57	   6.71
	  0.650	 -0.283	  0.705
	  0.503	 -0.537	 -0.678
	  0.572	  0.793	 -0.207

9 	  54.98	  -9.74	   9.54
	  0.889	  0.359	  0.283
	 -0.181	  0.843	 -0.506
	 -0.422	  0.402	  0.812

2 	  35.31	  -1.12	   0.25
	 -0.169	  0.966	  0.193
	 -0.717	 -0.255	  0.649
	  0.677	 -0.029	  0.735

3 	  45.62	  -1.44	   0.39
	  0.329	  0.322	  0.887
	 -0.220	  0.940	 -0.261
	 -0.919	 -0.109	  0.379

4 	  40.24	   6.15	  -4.36
	  0.527	  0.838	  0.140
	 -0.651	  0.290	  0.702
	  0.549	 -0.460	  0.697

5 	  45.28	  10.34	   6.35
	  0.580	  0.305	  0.755
	 -0.472	 -0.632	  0.615
	  0.667	 -0.711	 -0.223

6 	  54.30	   8.40	  10.00
	  0.820	 -0.238	  0.521
	  0.027	  0.923	  0.382
	 -0.573	 -0.303	  0.761

7 	  40.64	  -9.14	  -3.43
	  0.778	 -0.624	  0.069
	  0.471	  0.506	 -0.722
	  0.416	  0.595	  0.687

8 	  45.40	 -12.59	   6.68
	  0.648	 -0.286	  0.706
	  0.506	 -0.533	 -0.678
	  0.572	  0.795	 -0.201

9 	  55.00	  -9.76	   9.54
	  0.888	  0.360	  0.285
	 -0.182	  0.844	 -0.505
	 -0.425	  0.400	  0.812

2 	  34.84	  -1.42	   1.18
	 -0.162	  0.945	  0.285
	 -0.128	 -0.307	  0.943
	  0.978	  0.116	  0.170

3 	  45.63	  -1.48	   0.37
	  0.328	  0.326	  0.886
	 -0.218	  0.939	 -0.266
	 -0.920	 -0.105	  0.378

4 	  40.25	   6.10	  -4.38
	  0.529	  0.837	  0.139
	 -0.651	  0.294	  0.699
	  0.546	 -0.460	  0.700

5 	  45.28	  10.32	   6.33
	  0.578	  0.306	  0.756
	 -0.472	 -0.633	  0.614
	  0.669	 -0.710	 -0.221

6 	  54.32	   8.40	  10.00
	  0.819	 -0.237	  0.521
	  0.025	  0.923	  0.383
	 -0.574	 -0.305	  0.760

7 	  40.66	  -9.18	  -3.39
	  0.778	 -0.625	  0.068
	  0.470	  0.505	 -0.724
	  0.419	  0.595	  0.686

8 	  45.40	 -12.60	   6.71
	  0.647	 -0.286	  0.707
	  0.506	 -0.534	 -0.677
	  0.573	  0.794	 -0.201

9 	  55.00	  -9.77	   9.54
	  0.888	  0.361	  0.282
	 -0.183	  0.841	 -0.509
	 -0.424	  0.404	  0.811

2 	  45.09	   0.60	  -3.88
	 -0.232	 -0.899	 -0.370
	  0.564	 -0.434	  0.703
	 -0.793	 -0.046	  0.608

3 	  45.21	  -1.09	   0.25
	  0.378	  0.313	  0.871
	 -0.226	  0.943	 -0.243
	 -0.898	 -0.105	  0.426

4 	  39.73	   6.63	  -3.85
	  0.541	  0.819	  0.189
	 -0.657	  0.270	  0.704
	  0.527	 -0.505	  0.683

5 	  44.89	  10.30	   6.98
	  0.602	  0.277	  0.749
	 -0.433	 -0.676	  0.596
	  0.673	 -0.681	 -0.287

6 	  54.11	   8.56	  10.07
	  0.851	 -0.227	  0.472
	  0.025	  0.917	  0.397
	 -0.524	 -0.330	  0.785

7 	  39.90	  -8.72	  -3.36
	  0.755	 -0.653	  0.058
	  0.500	  0.515	 -0.697
	  0.426	  0.555	  0.714

8 	  45.04	 -11.90	   6.79
	  0.683	 -0.267	  0.680
	  0.457	 -0.572	 -0.682
	  0.572	  0.774	 -0.269

9 	  54.77	  -9.63	   9.46
	  0.909	  0.302	  0.286
	 -0.123	  0.850	 -0.511
	 -0.400	  0.432	  0.808

2 	  45.19	   0.16	  -3.53
	 -0.375	 -0.900	 -0.223
	  0.316	 -0.349	  0.882
	 -0.872	  0.260	  0.415

3 	  45.26	  -1.11	   0.23
	  0.383	  0.315	  0.868
	 -0.236	  0.942	 -0.239
	 -0.893	 -0.113	  0.434

4 	  39.74	   6.61	  -3.88
	  0.541	  0.820	  0.186
	 -0.656	  0.272	  0.703
	  0.528	 -0.502	  0.685

5 	  44.89	  10.34	   6.96
	  0.601	  0.279	  0.749
	 -0.436	 -0.673	  0.597
	  0.672	 -0.684	 -0.283

6 	  54.09	   8.58	  10.09
	  0.851	 -0.226	  0.473
	  0.024	  0.917	  0.397
	 -0.525	 -0.330	  0.784

7 	  39.97	  -8.67	  -3.39
	  0.759	 -0.649	  0.057
	  0.498	  0.520	 -0.694
	  0.421	  0.555	  0.717

8 	  45.07	 -11.90	   6.73
	  0.679	 -0.272	  0.682
	  0.459	 -0.569	 -0.682
	  0.575	  0.775	 -0.262

9 	  54.77	  -9.63	   9.46
	  0.908	  0.304	  0.286
	 -0.125	  0.850	 -0.511
	 -0.401	  0.431	  0.808

2 	  44.93	   1.04	  -4.20
	 -0.074	 -0.900	 -0.429
	  0.811	 -0.305	  0.499
	 -0.581	 -0.311	  0.752

3 	  45.33	  -1.14	   0.19
	  0.382	  0.320	  0.867
	 -0.235	  0.940	 -0.246
	 -0.894	 -0.110	  0.434

4 	  39.80	   6.63	  -3.90
	  0.538	  0.823	  0.183
	 -0.659	  0.273	  0.700
	  0.528	 -0.497	  0.689

5 	  44.88	  10.34	   6.96
	  0.597	  0.280	  0.752
	 -0.436	 -0.675	  0.595
	  0.676	 -0.681	 -0.281

6 	  54.09	   8.58	  10.09
	  0.851	 -0.228	  0.474
	  0.025	  0.917	  0.397
	 -0.526	 -0.329	  0.784

7 	  40.01	  -8.74	  -3.38
	  0.759	 -0.648	  0.061
	  0.499	  0.519	 -0.693
	  0.418	  0.557	  0.717

8 	  45.05	 -11.97	   6.77
	  0.677	 -0.273	  0.683
	  0.461	 -0.567	 -0.682
	  0.575	  0.776	 -0.259

9 	  54.79	  -9.65	   9.46
	  0.908	  0.307	  0.284
	 -0.127	  0.848	 -0.515
	 -0.400	  0.434	  0.807

2 	  45.42	   0.95	  -3.29
	 -0.037	 -0.837	 -0.546
	  0.410	 -0.511	  0.755
	 -0.911	 -0.196	  0.362

3 	  45.32	  -1.09	   0.26
	  0.377	  0.310	  0.873
	 -0.229	  0.944	 -0.238
	 -0.898	 -0.109	  0.426

4 	  39.80	   6.63	  -3.88
	  0.536	  0.824	  0.185
	 -0.659	  0.270	  0.702
	  0.530	 -0.498	  0.687

5 	  44.86	  10.34	   7.01
	  0.595	  0.279	  0.753
	 -0.434	 -0.679	  0.592
	  0.679	 -0.677	 -0.283

6 	  54.07	   8.60	  10.11
	  0.853	 -0.228	  0.469
	  0.023	  0.915	  0.403
	 -0.522	 -0.336	  0.784

7 	  40.03	  -8.70	  -3.36
	  0.759	 -0.648	  0.063
	  0.500	  0.517	 -0.695
	  0.418	  0.559	  0.716

8 	  45.05	 -11.94	   6.77
	  0.675	 -0.275	  0.685
	  0.461	 -0.568	 -0.681
	  0.578	  0.774	 -0.257

9 	  54.79	  -9.65	   9.46
	  0.909	  0.306	  0.283
	 -0.126	  0.847	 -0.516
	 -0.400	  0.436	  0.806

2 	  44.79	   0.62	  -4.25
	 -0.466	 -0.846	 -0.260
	  0.717	 -0.532	  0.450
	 -0.520	  0.023	  0.854

3 	  45.40	  -1.07	   0.18
	  0.386	  0.317	  0.866
	 -0.241	  0.940	 -0.239
	 -0.891	 -0.116	  0.439

4 	  39.81	   6.64	  -3.90
	  0.533	  0.825	  0.185
	 -0.661	  0.268	  0.701
	  0.530	 -0.495	  0.688

5 	  44.86	  10.35	   7.00
	  0.594	  0.281	  0.754
	 -0.436	 -0.678	  0.592
	  0.679	 -0.678	 -0.280

6 	  54.05	   8.63	  10.09
	  0.854	 -0.226	  0.468
	  0.021	  0.914	  0.405
	 -0.521	 -0.339	  0.783

7 	  40.10	  -8.68	  -3.39
	  0.762	 -0.644	  0.060
	  0.499	  0.525	 -0.690
	  0.413	  0.556	  0.721

8 	  45.07	 -11.95	   6.73
	  0.674	 -0.277	  0.684
	  0.464	 -0.563	 -0.684
	  0.577	  0.777	 -0.251

9 	  54.81	  -9.67	   9.44
	  0.907	  0.308	  0.285
	 -0.127	  0.847	 -0.515
	 -0.402	  0.434	  0.806

2 	  43.77	   3.69	  -3.32
	 -0.239	 -0.947	  0.213
	  0.599	  0.030	  0.800
	 -0.765	  0.318	  0.560

3 	  45.51	  -0.97	   0.39
	  0.357	  0.316	  0.879
	 -0.226	  0.942	 -0.249
	 -0.907	 -0.109	  0.407

4 	  39.99	   6.77	  -3.66
	  0.497	  0.834	  0.237
	 -0.719	  0.242	  0.651
	  0.487	 -0.494	  0.720

5 	  44.40	   9.76	   7.88
	  0.567	  0.251	  0.784
	 -0.351	 -0.789	  0.504
	  0.747	 -0.560	 -0.359

6 	  53.77	   8.72	  10.35
	  0.895	 -0.197	  0.399
	 -0.010	  0.887	  0.460
	 -0.446	 -0.418	  0.791

7 	  40.27	  -8.54	  -3.43
	  0.761	 -0.645	  0.074
	  0.506	  0.516	 -0.691
	  0.408	  0.563	  0.718

8 	  45.07	 -11.92	   6.75
	  0.657	 -0.291	  0.695
	  0.471	 -0.563	 -0.679
	  0.591	  0.772	 -0.234

9 	  54.81	  -9.63	   9.44
	  0.910	  0.310	  0.276
	 -0.136	  0.849	 -0.510
	 -0.394	  0.429	  0.813

2 	  43.75	   3.83	  -3.27
	 -0.223	 -0.951	  0.215
	  0.606	  0.039	  0.794
	 -0.764	  0.307	  0.567

3 	  45.53	  -0.88	   0.39
	  0.358	  0.313	  0.879
	 -0.235	  0.942	 -0.241
	 -0.904	 -0.120	  0.410

4 	  39.99	   6.84	  -3.62
	  0.492	  0.836	  0.243
	 -0.722	  0.235	  0.650
	  0.487	 -0.495	  0.719

5 	  44.37	   9.76	   7.95
	  0.568	  0.247	  0.785
	 -0.348	 -0.794	  0.499
	  0.748	 -0.555	 -0.365

6 	  53.75	   8.70	  10.35
	  0.897	 -0.198	  0.393
	 -0.008	  0.885	  0.465
	 -0.441	 -0.423	  0.791

7 	  40.34	  -8.49	  -3.46
	  0.765	 -0.640	  0.072
	  0.502	  0.522	 -0.689
	  0.404	  0.563	  0.720

8 	  45.11	 -11.92	   6.68
	  0.656	 -0.295	  0.694
	  0.472	 -0.558	 -0.682
	  0.591	  0.774	 -0.227

9 	  54.83	  -9.63	   9.42
	  0.908	  0.309	  0.280
	 -0.133	  0.850	 -0.510
	 -0.398	  0.429	  0.811

2 	  43.49	   4.08	  -3.81
	 -0.004	 -0.988	  0.156
	  0.842	  0.081	  0.532
	 -0.539	  0.134	  0.832

3 	  45.60	  -0.83	   0.32
	  0.362	  0.311	  0.878
	 -0.243	  0.941	 -0.234
	 -0.900	 -0.128	  0.416

4 	  39.97	   6.89	  -3.60
	  0.488	  0.837	  0.246
	 -0.725	  0.230	  0.649
	  0.488	 -0.494	  0.719

5 	  44.35	   9.77	   7.98
	  0.568	  0.244	  0.786
	 -0.348	 -0.796	  0.496
	  0.748	 -0.553	 -0.367

6 	  53.77	   8.74	  10.35
	  0.899	 -0.199	  0.389
	 -0.007	  0.883	  0.468
	 -0.438	 -0.426	  0.791

7 	  40.38	  -8.44	  -3.52
	  0.770	 -0.635	  0.068
	  0.498	  0.530	 -0.686
	  0.400	  0.562	  0.724

8 	  45.16	 -11.92	   6.59
	  0.656	 -0.298	  0.693
	  0.476	 -0.550	 -0.686
	  0.588	  0.778	 -0.219

9 	  54.84	  -9.65	   9.39
	  0.906	  0.309	  0.286
	 -0.133	  0.852	 -0.505
	 -0.403	  0.423	  0.811

2 	  43.84	   4.38	  -3.38
	 -0.023	 -0.999	  0.027
	  0.630	  0.007	  0.776
	 -0.776	  0.035	  0.629

3 	  45.54	  -0.79	   0.39
	  0.354	  0.307	  0.883
	 -0.237	  0.943	 -0.235
	 -0.905	 -0.126	  0.406

4 	  39.97	   6.93	  -3.55
	  0.485	  0.837	  0.252
	 -0.729	  0.226	  0.646
	  0.485	 -0.497	  0.720

5 	  44.31	   9.77	   8.05
	  0.569	  0.242	  0.786
	 -0.340	 -0.802	  0.491
	  0.750	 -0.545	 -0.374

6 	  53.74	   8.74	  10.37
	  0.902	 -0.198	  0.384
	 -0.007	  0.881	  0.472
	 -0.432	 -0.431	  0.792

7 	  40.38	  -8.38	  -3.53
	  0.770	 -0.634	  0.069
	  0.498	  0.530	 -0.687
	  0.399	  0.563	  0.723

8 	  45.14	 -11.90	   6.59
	  0.655	 -0.301	  0.693
	  0.476	 -0.549	 -0.687
	  0.589	  0.778	 -0.216

9 	  54.84	  -9.63	   9.39
	  0.906	  0.308	  0.289
	 -0.131	  0.854	 -0.504
	 -0.403	  0.422	  0.812

2 	  43.84	   3.76	  -3.09
	 -0.238	 -0.937	  0.256
	  0.518	  0.102	  0.849
	 -0.822	  0.335	  0.461

3 	  45.58	  -0.86	   0.39
	  0.360	  0.312	  0.879
	 -0.244	  0.941	 -0.236
	 -0.901	 -0.129	  0.414

4 	  40.01	   6.87	  -3.59
	  0.491	  0.836	  0.245
	 -0.726	  0.236	  0.645
	  0.483	 -0.495	  0.722

5 	  44.33	   9.74	   8.02
	  0.567	  0.244	  0.786
	 -0.343	 -0.800	  0.493
	  0.751	 -0.547	 -0.370

6 	  53.74	   8.74	  10.35
	  0.902	 -0.197	  0.385
	 -0.008	  0.882	  0.470
	 -0.432	 -0.430	  0.792

7 	  40.38	  -8.46	  -3.52
	  0.770	 -0.634	  0.071
	  0.498	  0.527	 -0.688
	  0.400	  0.565	  0.721

8 	  45.16	 -11.94	   6.61
	  0.655	 -0.300	  0.693
	  0.476	 -0.549	 -0.687
	  0.588	  0.778	 -0.218

9 	  54.84	  -9.67	   9.39
	  0.906	  0.310	  0.287
	 -0.133	  0.853	 -0.505
	 -0.403	  0.423	  0.811

2 	  43.54	   5.29	  -4.55
	 -0.187	 -0.943	  0.274
	  0.798	  0.018	  0.602
	 -0.573	  0.330	  0.750

3 	  45.62	  -0.91	   0.42
	  0.360	  0.305	  0.881
	 -0.235	  0.944	 -0.232
	 -0.903	 -0.123	  0.410

4 	  40.27	   6.91	  -3.52
	  0.524	  0.814	  0.250
	 -0.709	  0.252	  0.659
	  0.474	 -0.522	  0.709

5 	  44.28	   9.76	   8.14
	  0.550	  0.247	  0.797
	 -0.346	 -0.803	  0.485
	  0.762	 -0.541	 -0.356

6 	  53.70	   8.77	  10.32
	  0.909	 -0.195	  0.367
	  0.004	  0.887	  0.462
	 -0.417	 -0.421	  0.805

7 	  40.38	  -8.40	  -3.53
	  0.770	 -0.633	  0.078
	  0.500	  0.521	 -0.691
	  0.397	  0.571	  0.718

8 	  45.04	 -12.04	   6.52
	  0.648	 -0.312	  0.694
	  0.485	 -0.536	 -0.691
	  0.589	  0.783	 -0.197

9 	  54.74	  -9.67	   9.30
	  0.904	  0.318	  0.283
	 -0.154	  0.863	 -0.481
	 -0.400	  0.395	  0.827

2 	  43.84	   5.20	  -4.04
	 -0.312	 -0.930	  0.194
	  0.558	 -0.013	  0.829
	 -0.769	  0.366	  0.523

3 	  45.67	  -0.93	   0.37
	  0.362	  0.305	  0.880
	 -0.234	  0.944	 -0.233
	 -0.903	 -0.121	  0.412

4 	  40.31	   6.91	  -3.55
	  0.527	  0.814	  0.245
	 -0.705	  0.255	  0.661
	  0.477	 -0.521	  0.707

5 	  44.28	   9.77	   8.10
	  0.549	  0.249	  0.798
	 -0.350	 -0.800	  0.487
	  0.761	 -0.545	 -0.352

6 	  53.70	   8.75	  10.32
	  0.907	 -0.200	  0.369
	  0.008	  0.886	  0.462
	 -0.421	 -0.419	  0.804

7 	  40.41	  -8.42	  -3.53
	  0.772	 -0.631	  0.079
	  0.499	  0.522	 -0.691
	  0.395	  0.573	  0.718

8 	  45.04	 -12.08	   6.50
	  0.646	 -0.315	  0.695
	  0.488	 -0.531	 -0.693
	  0.589	  0.785	 -0.190

9 	  54.74	  -9.72	   9.30
	  0.904	  0.318	  0.284
	 -0.152	  0.861	 -0.485
	 -0.401	  0.399	  0.824

2 	  42.98	   5.48	  -4.89
	 -0.082	 -0.987	  0.141
	  0.991	 -0.065	  0.116
	 -0.106	  0.149	  0.983

3 	  45.63	  -0.95	   0.44
	  0.355	  0.303	  0.884
	 -0.224	  0.945	 -0.236
	 -0.908	 -0.114	  0.403

4 	  40.39	   6.89	  -3.53
	  0.526	  0.811	  0.255
	 -0.714	  0.257	  0.651
	  0.463	 -0.524	  0.714

5 	  44.26	   9.79	   8.14
	  0.545	  0.250	  0.800
	 -0.349	 -0.801	  0.486
	  0.764	 -0.542	 -0.350

6 	  53.68	   8.77	  10.34
	  0.908	 -0.200	  0.366
	  0.007	  0.884	  0.467
	 -0.418	 -0.424	  0.803

7 	  40.39	  -8.40	  -3.52
	  0.771	 -0.631	  0.085
	  0.500	  0.517	 -0.695
	  0.395	  0.578	  0.714

8 	  45.02	 -12.08	   6.49
	  0.645	 -0.318	  0.695
	  0.487	 -0.531	 -0.693
	  0.591	  0.784	 -0.188

9 	  54.72	  -9.74	   9.28
	  0.905	  0.317	  0.283
	 -0.149	  0.860	 -0.488
	 -0.401	  0.402	  0.823

2 	  43.17	   4.85	  -4.54
	 -0.149	 -0.859	  0.489
	  0.960	 -0.005	  0.280
	 -0.240	  0.510	  0.826

3 	  45.69	  -0.97	   0.42
	  0.360	  0.305	  0.881
	 -0.233	  0.944	 -0.233
	 -0.904	 -0.121	  0.410

4 	  40.48	   6.86	  -3.57
	  0.535	  0.809	  0.244
	 -0.714	  0.276	  0.643
	  0.454	 -0.518	  0.725

5 	  44.24	   9.79	   8.10
	  0.541	  0.253	  0.802
	 -0.353	 -0.798	  0.488
	  0.765	 -0.545	 -0.343

6 	  53.67	   8.81	  10.34
	  0.908	 -0.201	  0.366
	  0.009	  0.885	  0.465
	 -0.419	 -0.422	  0.804

7 	  40.41	  -8.42	  -3.53
	  0.772	 -0.630	  0.084
	  0.499	  0.517	 -0.695
	  0.395	  0.578	  0.714

8 	  45.00	 -12.13	   6.45
	  0.645	 -0.320	  0.694
	  0.489	 -0.526	 -0.695
	  0.590	  0.786	 -0.183

9 	  54.72	  -9.76	   9.28
	  0.904	  0.318	  0.285
	 -0.150	  0.860	 -0.487
	 -0.403	  0.400	  0.823

2 	  43.73	   6.19	  -4.59
	 -0.006	 -0.952	 -0.307
	  0.850	 -0.166	  0.499
	 -0.527	 -0.259	  0.810

3 	  45.67	  -0.93	   0.39
	  0.359	  0.301	  0.883
	 -0.232	  0.945	 -0.230
	 -0.904	 -0.122	  0.409

4 	  40.46	   6.93	  -3.57
	  0.532	  0.809	  0.250
	 -0.721	  0.276	  0.635
	  0.447	 -0.517	  0.730

5 	  44.24	   9.84	   8.14
	  0.541	  0.253	  0.802
	 -0.353	 -0.798	  0.488
	  0.765	 -0.545	 -0.343

6 	  53.67	   8.82	  10.34
	  0.908	 -0.203	  0.365
	  0.012	  0.885	  0.464
	 -0.419	 -0.420	  0.805

7 	  40.41	  -8.38	  -3.59
	  0.772	 -0.630	  0.082
	  0.499	  0.521	 -0.692
	  0.394	  0.576	  0.716

8 	  45.00	 -12.11	   6.43
	  0.644	 -0.321	  0.694
	  0.489	 -0.526	 -0.696
	  0.591	  0.786	 -0.183

9 	  54.70	  -9.76	   9.26
	  0.903	  0.318	  0.287
	 -0.150	  0.861	 -0.485
	 -0.404	  0.398	  0.823

2 	  39.57	   8.10	  -3.22
	  0.134	 -0.249	 -0.959
	  0.725	  0.684	 -0.076
	  0.675	 -0.686	  0.272

3 	  45.70	  -1.07	   0.44
	  0.360	  0.301	  0.883
	 -0.211	  0.948	 -0.239
	 -0.909	 -0.100	  0.404

4 	  40.85	   6.86	  -3.67
	  0.592	  0.765	  0.255
	 -0.679	  0.299	  0.671
	  0.438	 -0.570	  0.695

5 	  44.24	  10.00	   8.05
	  0.509	  0.267	  0.818
	 -0.375	 -0.788	  0.488
	  0.777	 -0.553	 -0.301

6 	  53.61	   8.88	  10.39
	  0.905	 -0.219	  0.365
	  0.026	  0.884	  0.467
	 -0.426	 -0.416	  0.803

7 	  40.29	  -8.38	  -3.59
	  0.763	 -0.640	  0.094
	  0.511	  0.506	 -0.695
	  0.398	  0.578	  0.712

8 	  44.79	 -12.22	   6.42
	  0.634	 -0.328	  0.700
	  0.493	 -0.529	 -0.691
	  0.599	  0.781	 -0.174

9 	  54.49	  -9.95	   9.37
	  0.905	  0.313	  0.287
	 -0.134	  0.850	 -0.510
	 -0.406	  0.426	  0.809

2 	  39.20	   7.70	  -2.71
	 -0.196	 -0.143	 -0.970
	  0.420	  0.882	 -0.214
	  0.887	 -0.449	 -0.112

3 	  45.65	  -1.18	   0.49
	  0.352	  0.305	  0.885
	 -0.196	  0.948	 -0.250
	 -0.915	 -0.085	  0.393

4 	  40.87	   6.80	  -3.73
	  0.594	  0.765	  0.249
	 -0.672	  0.300	  0.677
	  0.445	 -0.569	  0.692

5 	  44.26	  10.00	   8.02
	  0.507	  0.273	  0.817
	 -0.375	 -0.785	  0.492
	  0.778	 -0.554	 -0.296

6 	  53.61	   8.86	  10.39
	  0.903	 -0.218	  0.370
	  0.026	  0.886	  0.462
	 -0.430	 -0.410	  0.804

7 	  40.25	  -8.49	  -3.53
	  0.758	 -0.645	  0.101
	  0.515	  0.495	 -0.699
	  0.401	  0.582	  0.707

8 	  44.72	 -12.22	   6.50
	  0.634	 -0.324	  0.702
	  0.488	 -0.537	 -0.688
	  0.602	  0.777	 -0.183

9 	  54.47	  -9.98	   9.40
	  0.907	  0.312	  0.282
	 -0.133	  0.846	 -0.516
	 -0.402	  0.434	  0.806

2 	  39.52	   7.21	  -3.74
	  0.425	 -0.486	 -0.764
	  0.521	  0.821	 -0.233
	  0.741	 -0.299	  0.600

3 	  45.65	  -1.20	   0.54
	  0.349	  0.306	  0.885
	 -0.196	  0.948	 -0.252
	 -0.917	 -0.085	  0.391

4 	  40.87	   6.63	  -3.71
	  0.601	  0.759	  0.250
	 -0.669	  0.304	  0.677
	  0.440	 -0.574	  0.690

5 	  44.24	   9.98	   8.00
	  0.505	  0.275	  0.818
	 -0.374	 -0.785	  0.493
	  0.779	 -0.553	 -0.294

6 	  53.60	   8.86	  10.39
	  0.903	 -0.217	  0.370
	  0.024	  0.886	  0.462
	 -0.430	 -0.411	  0.804

7 	  40.25	  -8.49	  -3.53
	  0.755	 -0.647	  0.103
	  0.517	  0.492	 -0.700
	  0.403	  0.582	  0.706

8 	  44.74	 -12.23	   6.54
	  0.633	 -0.324	  0.703
	  0.488	 -0.540	 -0.686
	  0.603	  0.776	 -0.184

9 	  54.47	 -10.00	   9.40
	  0.908	  0.312	  0.279
	 -0.132	  0.844	 -0.519
	 -0.399	  0.438	  0.806

2 	  39.87	   8.31	  -2.83
	 -0.081	 -0.126	 -0.989
	  0.779	  0.610	 -0.142
	  0.621	 -0.782	  0.049

3 	  45.76	  -1.16	   0.46
	  0.360	  0.304	  0.882
	 -0.204	  0.948	 -0.245
	 -0.911	 -0.092	  0.403

4 	  41.03	   6.89	  -3.69
	  0.602	  0.758	  0.249
	 -0.668	  0.305	  0.679
	  0.440	 -0.574	  0.690

5 	  44.28	  10.05	   8.02
	  0.501	  0.273	  0.821
	 -0.382	 -0.782	  0.491
	  0.778	 -0.558	 -0.288

6 	  53.63	   8.86	  10.41
	  0.901	 -0.225	  0.370
	  0.028	  0.882	  0.470
	 -0.434	 -0.416	  0.799

7 	  40.32	  -8.44	  -3.59
	  0.758	 -0.645	  0.099
	  0.516	  0.499	 -0.696
	  0.400	  0.579	  0.710

8 	  44.79	 -12.25	   6.45
	  0.632	 -0.328	  0.702
	  0.492	 -0.531	 -0.690
	  0.601	  0.780	 -0.175

9 	  54.49	 -10.00	   9.39
	  0.906	  0.314	  0.283
	 -0.133	  0.846	 -0.516
	 -0.404	  0.433	  0.806

2 	  39.36	   7.80	  -2.57
	 -0.218	 -0.178	 -0.959
	  0.491	  0.829	 -0.265
	  0.844	 -0.529	 -0.092

3 	  45.69	  -1.20	   0.54
	  0.347	  0.303	  0.887
	 -0.190	  0.949	 -0.252
	 -0.919	 -0.081	  0.387

4 	  40.96	   6.86	  -3.67
	  0.592	  0.762	  0.261
	 -0.675	  0.291	  0.678
	  0.442	 -0.577	  0.686

5 	  44.24	   9.98	   8.05
	  0.501	  0.274	  0.821
	 -0.377	 -0.786	  0.490
	  0.781	 -0.553	 -0.290

6 	  53.60	   8.86	  10.42
	  0.904	 -0.224	  0.364
	  0.024	  0.877	  0.479
	 -0.428	 -0.427	  0.797

7 	  40.27	  -8.47	  -3.53
	  0.755	 -0.647	  0.103
	  0.519	  0.493	 -0.698
	  0.401	  0.581	  0.708

8 	  44.72	 -12.23	   6.52
	  0.631	 -0.326	  0.703
	  0.488	 -0.539	 -0.687
	  0.604	  0.775	 -0.182

9 	  54.46	 -10.00	   9.40
	  0.908	  0.313	  0.277
	 -0.133	  0.843	 -0.522
	 -0.399	  0.440	  0.804

2 	  36.62	   4.55	  -2.11
	 -0.441	 -0.411	 -0.798
	  0.504	  0.623	 -0.598
	  0.743	 -0.666	 -0.068

3 	  45.67	  -1.12	   0.69
	  0.341	  0.298	  0.891
	 -0.192	  0.950	 -0.245
	 -0.921	 -0.087	  0.380

4 	  41.27	   7.05	  -3.66
	  0.531	  0.773	  0.346
	 -0.758	  0.249	  0.603
	  0.382	 -0.582	  0.717

5 	  44.10	   9.70	   8.46
	  0.462	  0.245	  0.852
	 -0.346	 -0.836	  0.425
	  0.818	 -0.490	 -0.301

6 	  53.51	   8.98	  10.60
	  0.925	 -0.201	  0.322
	  0.001	  0.849	  0.528
	 -0.380	 -0.490	  0.784

7 	  40.32	  -8.30	  -3.60
	  0.755	 -0.646	  0.111
	  0.525	  0.495	 -0.693
	  0.393	  0.581	  0.712

8 	  44.75	 -12.15	   6.42
	  0.630	 -0.332	  0.702
	  0.491	 -0.532	 -0.690
	  0.604	  0.778	 -0.173

9 	  54.46	  -9.97	   9.42
	  0.906	  0.308	  0.289
	 -0.124	  0.846	 -0.518
	 -0.406	  0.437	  0.802

2 	  36.60	   4.08	  -2.58
	 -0.061	 -0.739	 -0.670
	  0.401	  0.597	 -0.694
	  0.914	 -0.311	  0.260

3 	  45.72	  -1.07	   0.62
	  0.346	  0.294	  0.891
	 -0.194	  0.951	 -0.240
	 -0.918	 -0.090	  0.385

4 	  41.31	   7.14	  -3.64
	  0.526	  0.776	  0.348
	 -0.760	  0.243	  0.603
	  0.385	 -0.581	  0.717

5 	  44.12	   9.70	   8.49
	  0.461	  0.240	  0.854
	 -0.346	 -0.839	  0.420
	  0.818	 -0.487	 -0.304

6 	  53.49	   9.02	  10.62
	  0.925	 -0.203	  0.320
	  0.001	  0.846	  0.532
	 -0.380	 -0.495	  0.782

7 	  40.34	  -8.24	  -3.66
	  0.757	 -0.645	  0.105
	  0.523	  0.500	 -0.690
	  0.393	  0.578	  0.715

8 	  44.77	 -12.15	   6.38
	  0.629	 -0.335	  0.702
	  0.493	 -0.528	 -0.692
	  0.604	  0.779	 -0.168

9 	  54.47	  -9.95	   9.39
	  0.905	  0.308	  0.292
	 -0.126	  0.849	 -0.512
	 -0.409	  0.430	  0.805

2 	  36.76	   4.80	  -1.88
	 -0.477	 -0.387	 -0.789
	  0.454	  0.660	 -0.598
	  0.753	 -0.643	 -0.139

3 	  45.67	  -0.97	   0.69
	  0.336	  0.287	  0.896
	 -0.189	  0.953	 -0.236
	 -0.923	 -0.090	  0.374

4 	  41.26	   7.22	  -3.57
	  0.534	  0.770	  0.349
	 -0.754	  0.245	  0.610
	  0.385	 -0.588	  0.711

5 	  44.07	   9.69	   8.60
	  0.464	  0.232	  0.855
	 -0.339	 -0.846	  0.411
	  0.820	 -0.479	 -0.314

6 	  53.47	   9.04	  10.67
	  0.928	 -0.201	  0.314
	 -0.001	  0.842	  0.540
	 -0.374	 -0.503	  0.779

7 	  40.34	  -8.14	  -3.67
	  0.759	 -0.643	  0.103
	  0.521	  0.505	 -0.688
	  0.391	  0.576	  0.718

8 	  44.75	 -12.11	   6.35
	  0.628	 -0.339	  0.700
	  0.492	 -0.525	 -0.694
	  0.605	  0.779	 -0.164

9 	  54.47	  -9.93	   9.37
	  0.905	  0.306	  0.296
	 -0.123	  0.852	 -0.509
	 -0.409	  0.427	  0.806

2 	  37.11	   4.39	  -3.08
	  0.024	 -0.735	 -0.677
	  0.760	  0.454	 -0.465
	  0.649	 -0.504	  0.570

3 	  45.70	  -1.00	   0.69
	  0.338	  0.289	  0.895
	 -0.191	  0.952	 -0.237
	 -0.922	 -0.091	  0.377

4 	  41.31	   7.24	  -3.60
	  0.514	  0.781	  0.355
	 -0.771	  0.237	  0.592
	  0.379	 -0.578	  0.723

5 	  44.09	   9.65	   8.61
	  0.460	  0.230	  0.857
	 -0.337	 -0.849	  0.406
	  0.823	 -0.474	 -0.313

6 	  53.47	   9.02	  10.67
	  0.929	 -0.200	  0.311
	 -0.001	  0.839	  0.544
	 -0.370	 -0.508	  0.778

7 	  40.36	  -8.14	  -3.67
	  0.758	 -0.644	  0.105
	  0.523	  0.503	 -0.688
	  0.391	  0.576	  0.717

8 	  44.77	 -12.11	   6.35
	  0.628	 -0.339	  0.701
	  0.493	 -0.525	 -0.694
	  0.604	  0.780	 -0.163

9 	  54.46	  -9.93	   9.39
	  0.905	  0.306	  0.296
	 -0.123	  0.851	 -0.511
	 -0.410	  0.429	  0.805

2 	  36.74	   4.45	  -1.88
	 -0.384	 -0.488	 -0.784
	  0.295	  0.740	 -0.604
	  0.875	 -0.463	 -0.140

3 	  45.79	  -0.98	   0.63
	  0.344	  0.288	  0.893
	 -0.197	  0.952	 -0.233
	 -0.918	 -0.095	  0.384

4 	  41.38	   7.26	  -3.62
	  0.524	  0.776	  0.350
	 -0.766	  0.248	  0.593
	  0.375	 -0.578	  0.724

5 	  44.07	   9.63	   8.61
	  0.453	  0.229	  0.862
	 -0.337	 -0.852	  0.401
	  0.827	 -0.470	 -0.308

6 	  53.47	   9.02	  10.69
	  0.930	 -0.201	  0.308
	 -0.000	  0.837	  0.547
	 -0.369	 -0.510	  0.777

7 	  40.45	  -8.12	  -3.71
	  0.759	 -0.643	  0.103
	  0.524	  0.508	 -0.683
	  0.388	  0.572	  0.722

8 	  44.82	 -12.15	   6.29
	  0.625	 -0.341	  0.702
	  0.498	 -0.519	 -0.694
	  0.602	  0.782	 -0.156

9 	  54.49	  -9.93	   9.39
	  0.903	  0.308	  0.298
	 -0.123	  0.851	 -0.510
	 -0.413	  0.427	  0.804

2 	  35.86	   5.08	   2.14
	 -0.227	 -0.045	 -0.973
	  0.549	  0.819	 -0.166
	  0.804	 -0.572	 -0.161

3 	  45.74	  -0.93	   0.70
	  0.329	  0.289	  0.899
	 -0.188	  0.952	 -0.239
	 -0.926	 -0.091	  0.367

4 	  41.36	   7.28	  -3.55
	  0.545	  0.755	  0.364
	 -0.755	  0.252	  0.605
	  0.367	 -0.604	  0.707

5 	  44.03	   9.47	   8.70
	  0.452	  0.218	  0.865
	 -0.328	 -0.862	  0.386
	  0.831	 -0.456	 -0.318

6 	  53.47	   8.96	  10.65
	  0.935	 -0.195	  0.295
	 -0.003	  0.830	  0.558
	 -0.354	 -0.525	  0.774

7 	  40.45	  -8.09	  -3.71
	  0.761	 -0.640	  0.104
	  0.522	  0.510	 -0.683
	  0.384	  0.575	  0.722

8 	  44.81	 -12.11	   6.29
	  0.624	 -0.343	  0.701
	  0.498	 -0.518	 -0.695
	  0.604	  0.782	 -0.153

9 	  54.49	  -9.93	   9.37
	  0.904	  0.309	  0.295
	 -0.125	  0.851	 -0.510
	 -0.411	  0.427	  0.805

2 	  35.67	   4.13	   1.74
	  0.018	 -0.475	 -0.880
	  0.072	  0.878	 -0.472
	  0.997	 -0.054	  0.050

3 	  45.81	  -0.97	   0.72
	  0.331	  0.294	  0.896
	 -0.196	  0.950	 -0.241
	 -0.923	 -0.096	  0.371

4 	  41.45	   7.24	  -3.59
	  0.547	  0.754	  0.364
	 -0.756	  0.257	  0.602
	  0.361	 -0.604	  0.710

5 	  44.07	   9.51	   8.67
	  0.449	  0.223	  0.865
	 -0.333	 -0.858	  0.391
	  0.830	 -0.462	 -0.311

6 	  53.47	   8.96	  10.62
	  0.934	 -0.198	  0.297
	 -0.001	  0.831	  0.557
	 -0.357	 -0.522	  0.774

7 	  40.50	  -8.12	  -3.67
	  0.761	 -0.640	  0.107
	  0.524	  0.508	 -0.683
	  0.383	  0.576	  0.721

8 	  44.81	 -12.16	   6.33
	  0.622	 -0.343	  0.704
	  0.501	 -0.518	 -0.693
	  0.604	  0.782	 -0.151

9 	  54.49	  -9.97	   9.39
	  0.904	  0.310	  0.292
	 -0.126	  0.848	 -0.514
	 -0.409	  0.431	  0.804

2 	  36.18	   4.92	   1.12
	  0.351	 -0.239	 -0.905
	  0.570	  0.821	  0.004
	  0.743	 -0.518	  0.424

3 	  45.86	  -1.00	   0.70
	  0.331	  0.297	  0.895
	 -0.193	  0.950	 -0.245
	 -0.924	 -0.092	  0.372

4 	  41.48	   7.21	  -3.62
	  0.549	  0.754	  0.361
	 -0.756	  0.262	  0.599
	  0.359	 -0.602	  0.713

5 	  44.10	   9.51	   8.61
	  0.448	  0.226	  0.865
	 -0.334	 -0.856	  0.394
	  0.830	 -0.464	 -0.308

6 	  53.49	   8.98	  10.60
	  0.933	 -0.199	  0.300
	 -0.001	  0.832	  0.554
	 -0.360	 -0.519	  0.775

7 	  40.52	  -8.16	  -3.67
	  0.760	 -0.640	  0.110
	  0.526	  0.507	 -0.683
	  0.382	  0.577	  0.721

8 	  44.81	 -12.18	   6.35
	  0.621	 -0.342	  0.705
	  0.502	 -0.519	 -0.692
	  0.604	  0.782	 -0.151

9 	  54.51	 -10.00	   9.39
	  0.905	  0.311	  0.290
	 -0.127	  0.846	 -0.517
	 -0.408	  0.434	  0.803

2 	  36.21	   5.38	   2.09
	 -0.105	  0.077	 -0.991
	  0.723	  0.690	 -0.023
	  0.682	 -0.720	 -0.127

3 	  45.83	  -0.97	   0.74
	  0.325	  0.293	  0.899
	 -0.184	  0.952	 -0.245
	 -0.928	 -0.086	  0.362

4 	  41.47	   7.22	  -3.60
	  0.548	  0.753	  0.364
	 -0.757	  0.259	  0.600
	  0.359	 -0.604	  0.712

5 	  44.09	   9.51	   8.65
	  0.448	  0.224	  0.865
	 -0.332	 -0.858	  0.392
	  0.831	 -0.461	 -0.310

6 	  53.49	   8.98	  10.60
