2 	  33.35	  -8.26	  22.75
	  0.570	  0.821	 -0.043
	 -0.822	  0.568	 -0.029
	  0.001	  0.052	  0.998

3 	  39.02	   0.76	  -2.58
	  0.294	 -0.136	 -0.946
	 -0.022	  0.989	 -0.149
	  0.955	  0.064	  0.288

4 	  42.91	   6.94	  -5.89
	  0.596	  0.772	  0.219
	 -0.757	  0.449	  0.475
	  0.269	 -0.449	  0.852

5 	  51.52	  11.99	  11.67
	  0.482	 -0.136	  0.865
	  0.312	  0.950	 -0.019
	 -0.825	  0.274	  0.495

6 	  43.51	  12.96	   2.90
	 -0.245	 -0.446	 -0.861
	  0.596	  0.632	 -0.495
	  0.766	 -0.633	  0.112

7 	  43.14	  -6.28	  -5.75
	  0.641	 -0.766	  0.042
	  0.691	  0.551	 -0.468
	  0.336	  0.328	  0.882

8 	  51.03	 -11.16	  10.81
	  0.468	  0.185	  0.863
	 -0.547	  0.829	  0.114
	 -0.702	 -0.523	  0.485

9 	  43.24	 -13.11	   2.58
	 -0.296	  0.546	 -0.784
	 -0.571	  0.557	  0.602
	  0.767	  0.624	  0.147

2 	  33.35	  -8.26	  22.75
	  0.569	  0.821	 -0.043
	 -0.822	  0.568	 -0.029
	  0.001	  0.052	  0.998

3 	  39.02	   0.74	  -2.57
	  0.293	 -0.135	 -0.946
	 -0.022	  0.989	 -0.148
	  0.956	  0.064	  0.287

4 	  42.91	   6.93	  -5.91
	  0.598	  0.772	  0.216
	 -0.755	  0.451	  0.475
	  0.270	 -0.447	  0.852

5 	  51.57	  12.01	  11.64
	  0.482	 -0.134	  0.865
	  0.314	  0.949	 -0.023
	 -0.823	  0.278	  0.495

6 	  43.52	  12.96	   2.88
	 -0.248	 -0.445	 -0.861
	  0.595	  0.632	 -0.496
	  0.766	 -0.634	  0.109

7 	  43.15	  -6.28	  -5.77
	  0.643	 -0.764	  0.039
	  0.688	  0.554	 -0.469
	  0.337	  0.329	  0.882

8 	  51.10	 -11.13	  10.79
	  0.469	  0.187	  0.863
	 -0.552	  0.825	  0.117
	 -0.697	 -0.528	  0.486

9 	  43.31	 -13.11	   2.55
	 -0.301	  0.544	 -0.783
	 -0.570	  0.556	  0.604
	  0.766	  0.626	  0.143

2 	  33.35	  -8.24	  22.76
	  0.570	  0.821	 -0.043
	 -0.822	  0.568	 -0.029
	  0.001	  0.052	  0.998

3 	  39.02	   0.74	  -2.58
	  0.292	 -0.134	 -0.947
	 -0.022	  0.989	 -0.147
	  0.956	  0.064	  0.286

4 	  42.91	   6.93	  -5.92
	  0.598	  0.771	  0.215
	 -0.754	  0.452	  0.475
	  0.270	 -0.447	  0.852

5 	  51.61	  11.99	  11.60
	  0.485	 -0.135	  0.864
	  0.319	  0.947	 -0.026
	 -0.820	  0.284	  0.498

6 	  43.54	  12.96	   2.87
	 -0.252	 -0.444	 -0.860
	  0.595	  0.631	 -0.498
	  0.765	 -0.635	  0.106

7 	  43.15	  -6.29	  -5.77
	  0.644	 -0.764	  0.040
	  0.687	  0.554	 -0.469
	  0.336	  0.329	  0.882

8 	  51.12	 -11.13	  10.79
	  0.470	  0.186	  0.862
	 -0.552	  0.825	  0.119
	 -0.696	 -0.529	  0.486

9 	  43.29	 -13.13	   2.57
	 -0.302	  0.544	 -0.783
	 -0.567	  0.558	  0.605
	  0.767	  0.625	  0.141

2 	  33.35	  -8.24	  22.75
	  0.569	  0.821	 -0.043
	 -0.822	  0.568	 -0.029
	  0.001	  0.052	  0.998

3 	  39.02	   0.74	  -2.57
	  0.291	 -0.135	 -0.947
	 -0.020	  0.989	 -0.147
	  0.956	  0.062	  0.285

4 	  42.91	   6.91	  -5.91
	  0.599	  0.770	  0.219
	 -0.755	  0.452	  0.474
	  0.267	 -0.450	  0.852

5 	  51.63	  12.02	  11.58
	  0.488	 -0.132	  0.862
	  0.318	  0.947	 -0.031
	 -0.816	  0.286	  0.502

6 	  43.54	  12.96	   2.90
	 -0.254	 -0.447	 -0.858
	  0.591	  0.631	 -0.502
	  0.767	 -0.633	  0.105

7 	  43.14	  -6.29	  -5.75
	  0.643	 -0.764	  0.044
	  0.690	  0.553	 -0.467
	  0.333	  0.331	  0.883

8 	  51.12	 -11.13	  10.79
	  0.474	  0.186	  0.860
	 -0.550	  0.826	  0.120
	 -0.695	 -0.528	  0.489

9 	  43.24	 -13.11	   2.64
	 -0.303	  0.544	 -0.782
	 -0.562	  0.562	  0.607
	  0.771	  0.622	  0.136

2 	  33.36	  -8.26	  22.75
	  0.570	  0.821	 -0.043
	 -0.822	  0.568	 -0.029
	  0.001	  0.052	  0.998

3 	  39.02	   0.74	  -2.57
	  0.291	 -0.136	 -0.947
	 -0.020	  0.989	 -0.148
	  0.956	  0.062	  0.285

4 	  42.87	   6.93	  -5.87
	  0.596	  0.769	  0.230
	 -0.759	  0.446	  0.474
	  0.262	 -0.457	  0.850

5 	  51.75	  12.16	  11.48
	  0.512	 -0.124	  0.850
	  0.299	  0.953	 -0.038
	 -0.809	  0.270	  0.523

6 	  43.44	  12.96	   2.94
	 -0.262	 -0.456	 -0.851
	  0.562	  0.646	 -0.517
	  0.786	 -0.612	  0.088

7 	  43.10	  -6.29	  -5.70
	  0.641	 -0.766	  0.052
	  0.693	  0.548	 -0.467
	  0.330	  0.335	  0.882

8 	  51.66	 -11.43	  10.09
	  0.570	  0.170	  0.803
	 -0.484	  0.861	  0.157
	 -0.671	 -0.474	  0.570

9 	  43.05	 -13.06	   2.78
	 -0.316	  0.569	 -0.759
	 -0.473	  0.599	  0.645
	  0.823	  0.561	  0.080

2 	  33.36	  -8.24	  22.75
	  0.570	  0.821	 -0.043
	 -0.822	  0.568	 -0.029
	  0.001	  0.052	  0.998

3 	  39.01	   0.74	  -2.57
	  0.293	 -0.140	 -0.946
	 -0.032	  0.987	 -0.156
	  0.955	  0.076	  0.285

4 	  42.82	   6.93	  -5.84
	  0.589	  0.768	  0.251
	 -0.767	  0.433	  0.473
	  0.255	 -0.471	  0.844

5 	  52.84	  12.69	   9.76
	  0.683	 -0.108	  0.722
	  0.237	  0.968	 -0.077
	 -0.694	  0.219	  0.686

6 	  43.51	  13.11	   2.74
	 -0.310	 -0.508	 -0.803
	  0.464	  0.658	 -0.593
	  0.831	 -0.555	  0.032

7 	  43.08	  -6.28	  -5.66
	  0.637	 -0.768	  0.062
	  0.698	  0.541	 -0.470
	  0.328	  0.342	  0.880

8 	  52.82	 -11.64	   7.96
	  0.772	  0.164	  0.614
	 -0.361	  0.908	  0.209
	 -0.527	 -0.381	  0.760

9 	  42.96	 -12.94	   2.95
	 -0.343	  0.607	 -0.717
	 -0.336	  0.634	  0.696
	  0.878	  0.477	 -0.014

2 	  33.35	  -8.24	  22.75
	  0.569	  0.821	 -0.043
	 -0.822	  0.568	 -0.030
	  0.000	  0.053	  0.998

3 	  39.04	   0.74	  -2.58
	  0.298	 -0.139	 -0.944
	 -0.034	  0.987	 -0.156
	  0.954	  0.078	  0.290

4 	  42.80	   6.93	  -5.84
	  0.582	  0.766	  0.271
	 -0.775	  0.422	  0.470
	  0.246	 -0.484	  0.839

5 	  53.58	  12.83	   7.44
	  0.840	 -0.142	  0.523
	  0.209	  0.975	 -0.069
	 -0.502	  0.164	  0.849

6 	  43.37	  13.25	   2.53
	 -0.342	 -0.556	 -0.757
	  0.334	  0.683	 -0.650
	  0.880	 -0.473	 -0.048

7 	  43.12	  -6.28	  -5.62
	  0.631	 -0.772	  0.070
	  0.705	  0.533	 -0.467
	  0.324	  0.344	  0.881

8 	  53.30	 -11.53	   5.75
	  0.912	  0.181	  0.367
	 -0.277	  0.934	  0.225
	 -0.303	 -0.307	  0.902

9 	  42.80	 -12.59	   3.27
	 -0.357	  0.631	 -0.689
	 -0.203	  0.668	  0.715
	  0.912	  0.394	 -0.110

2 	  33.35	  -8.24	  22.75
	  0.569	  0.821	 -0.043
	 -0.822	  0.568	 -0.030
	  0.000	  0.053	  0.998

3 	  39.09	   0.74	  -2.58
	  0.306	 -0.136	 -0.942
	 -0.030	  0.988	 -0.153
	  0.952	  0.075	  0.298

4 	  42.75	   6.91	  -5.78
	  0.566	  0.770	  0.293
	 -0.790	  0.403	  0.462
	  0.238	 -0.493	  0.837

5 	  53.60	  13.04	   5.43
	  0.935	 -0.140	  0.326
	  0.175	  0.981	 -0.080
	 -0.310	  0.130	  0.942

6 	  43.07	  13.25	   2.50
	 -0.356	 -0.593	 -0.722
	  0.200	  0.708	 -0.677
	  0.913	 -0.384	 -0.133

7 	  43.19	  -6.28	  -5.61
	  0.627	 -0.775	  0.074
	  0.710	  0.531	 -0.462
	  0.319	  0.342	  0.884

8 	  53.30	 -11.65	   3.34
	  0.980	  0.182	  0.074
	 -0.195	  0.955	  0.221
	 -0.030	 -0.233	  0.972

9 	  42.80	 -12.30	   3.55
	 -0.374	  0.668	 -0.643
	 -0.044	  0.680	  0.732
	  0.927	  0.301	 -0.225

2 	  33.35	  -8.24	  22.75
	  0.569	  0.821	 -0.042
	 -0.822	  0.568	 -0.030
	  0.000	  0.052	  0.998

3 	  39.11	   0.70	  -2.60
	  0.309	 -0.136	 -0.941
	 -0.033	  0.988	 -0.153
	  0.950	  0.078	  0.301

4 	  42.64	   6.91	  -5.73
	  0.555	  0.775	  0.301
	 -0.798	  0.391	  0.459
	  0.239	 -0.495	  0.835

5 	  53.51	  12.85	   3.73
	  0.978	 -0.164	  0.128
	  0.171	  0.984	 -0.043
	 -0.119	  0.064	  0.991

6 	  42.96	  13.08	   2.64
	 -0.376	 -0.607	 -0.700
	  0.085	  0.731	 -0.677
	  0.923	 -0.313	 -0.223

7 	  43.10	  -6.29	  -5.55
	  0.619	 -0.783	  0.061
	  0.714	  0.528	 -0.458
	  0.327	  0.327	  0.886

8 	  52.96	 -11.50	   1.67
	  0.969	  0.205	 -0.138
	 -0.177	  0.964	  0.198
	  0.175	 -0.170	  0.969

9 	  42.79	 -12.08	   3.67
	 -0.385	  0.684	 -0.620
	  0.049	  0.686	  0.725
	  0.922	  0.248	 -0.298

2 	  33.36	  -8.24	  22.75
	  0.569	  0.821	 -0.043
	 -0.822	  0.568	 -0.029
	  0.001	  0.052	  0.998

3 	  39.09	   0.70	  -2.60
	  0.312	 -0.136	 -0.940
	 -0.033	  0.987	 -0.154
	  0.949	  0.079	  0.303

4 	  42.59	   6.91	  -5.73
	  0.552	  0.777	  0.303
	 -0.798	  0.384	  0.464
	  0.245	 -0.498	  0.832

5 	  53.30	  12.55	   2.69
	  0.979	 -0.204	  0.013
	  0.204	  0.978	 -0.031
	 -0.006	  0.034	  0.999

6 	  42.86	  13.03	   2.62
	 -0.382	 -0.622	 -0.683
	  0.030	  0.731	 -0.681
	  0.924	 -0.280	 -0.261

7 	  43.00	  -6.29	  -5.50
	  0.612	 -0.789	  0.048
	  0.715	  0.527	 -0.458
	  0.337	  0.315	  0.887

8 	  52.72	 -11.36	   1.02
	  0.945	  0.228	 -0.233
	 -0.198	  0.968	  0.155
	  0.264	 -0.105	  0.958

9 	  42.77	 -11.97	   3.85
	 -0.399	  0.681	 -0.614
	  0.088	  0.695	  0.714
	  0.913	  0.230	 -0.337

2 	  33.36	  -8.24	  22.75
	  0.569	  0.821	 -0.043
	 -0.822	  0.568	 -0.029
	  0.001	  0.052	  0.998

3 	  39.06	   0.67	  -2.60
	  0.314	 -0.140	 -0.939
	 -0.031	  0.987	 -0.158
	  0.948	  0.078	  0.306

4 	  42.49	   6.87	  -5.71
	  0.547	  0.780	  0.302
	 -0.798	  0.376	  0.471
	  0.254	 -0.499	  0.828

5 	  53.16	  12.52	   2.00
	  0.976	 -0.211	 -0.057
	  0.210	  0.977	 -0.029
	  0.062	  0.018	  0.998

6 	  42.80	  12.94	   2.62
	 -0.393	 -0.633	 -0.667
	 -0.024	  0.732	 -0.680
	  0.919	 -0.251	 -0.303

7 	  42.86	  -6.38	  -5.41
	  0.603	 -0.797	  0.032
	  0.715	  0.522	 -0.465
	  0.356	  0.303	  0.884

8 	  52.56	 -11.48	   0.67
	  0.931	  0.222	 -0.288
	 -0.203	  0.973	  0.106
	  0.307	 -0.045	  0.950

9 	  42.75	 -11.94	   3.96
	 -0.404	  0.678	 -0.614
	  0.112	  0.703	  0.702
	  0.908	  0.214	 -0.360

2 	  33.35	  -8.24	  22.75
	  0.569	  0.821	 -0.043
	 -0.822	  0.568	 -0.030
	  0.000	  0.053	  0.998

3 	  39.02	   0.63	  -2.55
	  0.315	 -0.141	 -0.939
	 -0.033	  0.986	 -0.160
	  0.948	  0.081	  0.306

4 	  42.36	   6.89	  -5.66
	  0.545	  0.781	  0.305
	 -0.797	  0.367	  0.480
	  0.264	 -0.504	  0.822

5 	  52.95	  12.34	   1.79
	  0.969	 -0.225	 -0.098
	  0.225	  0.974	 -0.016
	  0.100	 -0.005	  0.995

6 	  42.70	  12.85	   2.76
	 -0.394	 -0.630	 -0.670
	 -0.040	  0.740	 -0.671
	  0.918	 -0.237	 -0.317

7 	  42.77	  -6.42	  -5.40
	  0.602	 -0.798	  0.026
	  0.712	  0.522	 -0.469
	  0.362	  0.300	  0.882

8 	  52.40	 -11.44	   0.49
	  0.920	  0.227	 -0.320
	 -0.223	  0.973	  0.058
	  0.327	  0.013	  0.945

9 	  42.73	 -11.88	   3.99
	 -0.410	  0.672	 -0.617
	  0.120	  0.710	  0.693
	  0.904	  0.210	 -0.371

2 	  33.35	  -8.24	  22.75
	  0.569	  0.821	 -0.043
	 -0.823	  0.568	 -0.031
	  0.000	  0.053	  0.998

3 	  38.97	   0.60	  -2.48
	  0.314	 -0.139	 -0.939
	 -0.047	  0.986	 -0.161
	  0.948	  0.095	  0.303

4 	  42.22	   6.91	  -5.59
	  0.545	  0.782	  0.302
	 -0.793	  0.363	  0.489
	  0.273	 -0.507	  0.818

5 	  52.80	  12.27	   1.20
	  0.958	 -0.242	 -0.155
	  0.241	  0.970	 -0.027
	  0.158	 -0.009	  0.987

6 	  42.71	  12.87	   2.71
	 -0.409	 -0.640	 -0.650
	 -0.071	  0.733	 -0.677
	  0.910	 -0.231	 -0.345

7 	  42.68	  -6.40	  -5.38
	  0.603	 -0.798	  0.011
	  0.705	  0.524	 -0.478
	  0.377	  0.295	  0.878

8 	  52.35	 -11.44	   0.02
	  0.899	  0.241	 -0.365
	 -0.248	  0.968	  0.036
	  0.365	  0.054	  0.929

9 	  42.86	 -11.95	   3.97
	 -0.426	  0.673	 -0.604
	  0.141	  0.709	  0.691
	  0.894	  0.209	 -0.397

2 	  33.35	  -8.24	  22.75
	  0.569	  0.821	 -0.043
	 -0.822	  0.568	 -0.030
	  0.000	  0.053	  0.998

3 	  38.94	   0.56	  -2.46
	  0.310	 -0.138	 -0.941
	 -0.055	  0.985	 -0.162
	  0.949	  0.102	  0.298

4 	  42.13	   6.87	  -5.59
	  0.547	  0.783	  0.297
	 -0.790	  0.363	  0.495
	  0.280	 -0.505	  0.816

5 	  52.70	  12.13	   0.86
	  0.948	 -0.258	 -0.186
	  0.258	  0.965	 -0.032
	  0.191	 -0.014	  0.981

6 	  42.68	  12.85	   2.65
	 -0.416	 -0.648	 -0.638
	 -0.088	  0.728	 -0.680
	  0.905	 -0.227	 -0.360

7 	  42.66	  -6.47	  -5.36
	  0.606	 -0.796	  0.008
	  0.699	  0.526	 -0.485
	  0.383	  0.299	  0.874

8 	  52.24	 -11.29	  -0.09
	  0.882	  0.260	 -0.393
	 -0.275	  0.961	  0.028
	  0.389	  0.078	  0.917

9 	  42.91	 -11.94	   4.08
	 -0.437	  0.664	 -0.606
	  0.150	  0.718	  0.679
	  0.886	  0.206	 -0.414

2 	  33.35	  -8.24	  22.76
	  0.569	  0.821	 -0.043
	 -0.822	  0.568	 -0.031
	  0.000	  0.053	  0.998

3 	  38.92	   0.49	  -2.43
	  0.306	 -0.139	 -0.942
	 -0.060	  0.984	 -0.164
	  0.950	  0.106	  0.293

4 	  42.08	   6.82	  -5.61
	  0.548	  0.785	  0.289
	 -0.787	  0.365	  0.497
	  0.285	 -0.500	  0.818

5 	  52.56	  12.06	   0.53
	  0.941	 -0.265	 -0.212
	  0.265	  0.964	 -0.039
	  0.218	 -0.016	  0.975

6 	  42.57	  12.83	   2.57
	 -0.415	 -0.657	 -0.629
	 -0.106	  0.722	 -0.683
	  0.903	 -0.217	 -0.370

7 	  42.66	  -6.50	  -5.31
	  0.609	 -0.793	  0.006
	  0.694	  0.528	 -0.489
	  0.386	  0.301	  0.871

8 	  52.22	 -11.21	  -0.16
	  0.875	  0.268	 -0.404
	 -0.280	  0.959	  0.038
	  0.402	  0.074	  0.912

9 	  42.93	 -11.94	   4.10
	 -0.439	  0.664	 -0.605
	  0.156	  0.719	  0.677
	  0.885	  0.203	 -0.419

2 	  33.36	  -8.24	  22.76
	  0.569	  0.821	 -0.043
	 -0.823	  0.568	 -0.030
	  0.000	  0.052	  0.998

3 	  38.88	   0.46	  -2.41
	  0.302	 -0.139	 -0.943
	 -0.071	  0.983	 -0.167
	  0.951	  0.117	  0.287

4 	  41.94	   6.79	  -5.61
	  0.543	  0.789	  0.286
	 -0.787	  0.359	  0.501
	  0.293	 -0.498	  0.816

5 	  52.38	  12.18	   0.33
	  0.940	 -0.256	 -0.226
	  0.256	  0.966	 -0.041
	  0.232	 -0.016	  0.972

6 	  42.43	  12.85	   2.57
	 -0.411	 -0.666	 -0.622
	 -0.125	  0.717	 -0.685
	  0.903	 -0.204	 -0.378

7 	  42.50	  -6.50	  -5.34
	  0.604	 -0.797	 -0.006
	  0.690	  0.527	 -0.497
	  0.400	  0.295	  0.867

8 	  52.01	 -11.39	  -0.33
	  0.871	  0.248	 -0.425
	 -0.261	  0.965	  0.038
	  0.422	  0.072	  0.903

9 	  42.79	 -11.92	   4.08
	 -0.434	  0.673	 -0.599
	  0.182	  0.717	  0.673
	  0.882	  0.183	 -0.434

2 	  33.36	  -8.24	  22.75
	  0.569	  0.821	 -0.043
	 -0.822	  0.568	 -0.030
	  0.000	  0.053	  0.998

3 	  38.74	   0.44	  -2.36
	  0.294	 -0.140	 -0.945
	 -0.072	  0.983	 -0.168
	  0.953	  0.117	  0.279

4 	  41.78	   6.75	  -5.61
	  0.543	  0.790	  0.283
	 -0.784	  0.357	  0.507
	  0.301	 -0.498	  0.813

5 	  52.24	  12.32	   0.16
	  0.939	 -0.246	 -0.241
	  0.246	  0.969	 -0.037
	  0.246	 -0.021	  0.969

6 	  42.28	  12.83	   2.51
	 -0.411	 -0.673	 -0.615
	 -0.141	  0.713	 -0.686
	  0.901	 -0.195	 -0.388

7 	  42.38	  -6.52	  -5.33
	  0.598	 -0.801	 -0.011
	  0.691	  0.521	 -0.500
	  0.408	  0.291	  0.865

8 	  51.80	 -11.58	  -0.44
	  0.870	  0.230	 -0.437
	 -0.245	  0.969	  0.030
	  0.434	  0.076	  0.897

9 	  42.61	 -11.90	   4.13
	 -0.426	  0.676	 -0.601
	  0.196	  0.717	  0.668
	  0.883	  0.167	 -0.438

2 	  33.36	  -8.24	  22.76
	  0.569	  0.821	 -0.043
	 -0.823	  0.568	 -0.031
	  0.000	  0.053	  0.998

3 	  38.71	   0.42	  -2.34
	  0.292	 -0.144	 -0.945
	 -0.076	  0.982	 -0.173
	  0.953	  0.122	  0.276

4 	  41.71	   6.71	  -5.62
	  0.541	  0.793	  0.281
	 -0.785	  0.355	  0.507
	  0.303	 -0.495	  0.814

5 	  52.12	  12.41	   0.07
	  0.940	 -0.237	 -0.245
	  0.240	  0.970	 -0.026
	  0.246	 -0.031	  0.968

6 	  42.22	  12.81	   2.48
	 -0.407	 -0.676	 -0.614
	 -0.145	  0.712	 -0.687
	  0.902	 -0.191	 -0.388

7 	  42.35	  -6.54	  -5.33
	  0.597	 -0.802	 -0.012
	  0.691	  0.520	 -0.502
	  0.411	  0.291	  0.864

8 	  51.75	 -11.62	  -0.28
	  0.877	  0.220	 -0.427
	 -0.242	  0.970	  0.011
	  0.420	  0.089	  0.903

9 	  42.47	 -11.83	   4.15
	 -0.412	  0.672	 -0.615
	  0.186	  0.723	  0.665
	  0.892	  0.160	 -0.423

2 	  33.36	  -8.24	  22.76
	  0.569	  0.821	 -0.043
	 -0.823	  0.568	 -0.031
	  0.000	  0.053	  0.998

3 	  38.71	   0.39	  -2.36
	  0.292	 -0.144	 -0.945
	 -0.079	  0.981	 -0.174
	  0.953	  0.125	  0.275

4 	  41.71	   6.71	  -5.62
	  0.538	  0.793	  0.284
	 -0.787	  0.351	  0.507
	  0.303	 -0.497	  0.813

5 	  52.10	  12.43	   0.11
	  0.942	 -0.234	 -0.242
	  0.239	  0.971	 -0.019
	  0.243	 -0.037	  0.969

6 	  42.19	  12.80	   2.50
	 -0.404	 -0.675	 -0.617
	 -0.145	  0.713	 -0.686
	  0.903	 -0.188	 -0.386

7 	  42.35	  -6.54	  -5.33
	  0.597	 -0.802	 -0.012
	  0.691	  0.520	 -0.502
	  0.411	  0.291	  0.864

8 	  51.73	 -11.57	  -0.07
	  0.886	  0.215	 -0.410
	 -0.245	  0.969	 -0.010
	  0.399	  0.104	  0.910

9 	  42.42	 -11.78	   4.18
	 -0.407	  0.661	 -0.631
	  0.165	  0.732	  0.661
	  0.898	  0.165	 -0.407

2 	  33.36	  -8.24	  22.76
	  0.569	  0.821	 -0.043
	 -0.823	  0.568	 -0.030
	  0.000	  0.052	  0.998

3 	  38.71	   0.39	  -2.34
	  0.293	 -0.145	 -0.945
	 -0.083	  0.981	 -0.176
	  0.952	  0.130	  0.275

4 	  41.71	   6.71	  -5.64
	  0.538	  0.793	  0.284
	 -0.786	  0.350	  0.508
	  0.305	 -0.497	  0.812

5 	  52.08	  12.41	   0.18
	  0.943	 -0.236	 -0.235
	  0.244	  0.970	 -0.005
	  0.232	 -0.049	  0.971

6 	  42.15	  12.80	   2.50
	 -0.402	 -0.673	 -0.621
	 -0.135	  0.714	 -0.686
	  0.905	 -0.192	 -0.378

7 	  42.36	  -6.56	  -5.36
	  0.599	 -0.801	 -0.015
	  0.687	  0.522	 -0.506
	  0.415	  0.292	  0.862

8 	  51.80	 -11.48	   0.05
	  0.888	  0.220	 -0.404
	 -0.253	  0.967	 -0.018
	  0.390	  0.113	  0.913

9 	  42.43	 -11.78	   4.17
	 -0.408	  0.659	 -0.632
	  0.158	  0.732	  0.662
	  0.899	  0.170	 -0.403

2 	  33.36	  -8.24	  22.75
	  0.569	  0.821	 -0.043
	 -0.823	  0.568	 -0.031
	  0.000	  0.053	  0.998

3 	  38.72	   0.37	  -2.34
	  0.291	 -0.144	 -0.946
	 -0.087	  0.980	 -0.176
	  0.952	  0.133	  0.273

4 	  41.70	   6.70	  -5.64
	  0.536	  0.795	  0.283
	 -0.786	  0.348	  0.510
	  0.307	 -0.496	  0.812

5 	  52.08	  12.38	   0.19
	  0.942	 -0.239	 -0.235
	  0.248	  0.969	 -0.002
	  0.231	 -0.053	  0.971

6 	  42.15	  12.80	   2.48
	 -0.404	 -0.671	 -0.622
	 -0.129	  0.715	 -0.687
	  0.905	 -0.198	 -0.375

7 	  42.36	  -6.54	  -5.34
	  0.599	 -0.800	 -0.016
	  0.686	  0.523	 -0.506
	  0.415	  0.291	  0.862

8 	  51.77	 -11.46	   0.07
	  0.889	  0.222	 -0.400
	 -0.253	  0.967	 -0.014
	  0.387	  0.109	  0.915

9 	  42.36	 -11.81	   4.11
	 -0.403	  0.662	 -0.632
	  0.155	  0.729	  0.666
	  0.902	  0.170	 -0.396

2 	  33.36	  -8.24	  22.76
	  0.569	  0.821	 -0.043
	 -0.823	  0.568	 -0.030
	  0.000	  0.052	  0.998

3 	  38.69	   0.37	  -2.32
	  0.290	 -0.145	 -0.946
	 -0.087	  0.980	 -0.177
	  0.953	  0.133	  0.271

4 	  41.66	   6.70	  -5.66
	  0.538	  0.794	  0.284
	 -0.785	  0.347	  0.513
	  0.310	 -0.499	  0.809

5 	  52.05	  12.30	   0.19
	  0.941	 -0.245	 -0.234
	  0.254	  0.967	 -0.004
	  0.230	 -0.052	  0.971

6 	  42.10	  12.78	   2.50
	 -0.405	 -0.667	 -0.625
	 -0.120	  0.716	 -0.687
	  0.906	 -0.204	 -0.370

7 	  42.33	  -6.54	  -5.34
	  0.599	 -0.801	 -0.016
	  0.686	  0.521	 -0.508
	  0.417	  0.292	  0.860

8 	  51.77	 -11.43	   0.21
	  0.897	  0.227	 -0.378
	 -0.253	  0.967	 -0.012
	  0.366	  0.102	  0.925

9 	  42.26	 -11.81	   4.15
	 -0.398	  0.658	 -0.639
	  0.138	  0.731	  0.668
	  0.907	  0.177	 -0.382

2 	  33.36	  -8.24	  22.76
	  0.569	  0.821	 -0.043
	 -0.823	  0.568	 -0.031
	  0.000	  0.053	  0.998

3 	  38.67	   0.35	  -2.32
	  0.287	 -0.146	 -0.947
	 -0.088	  0.980	 -0.178
	  0.954	  0.134	  0.269

4 	  41.64	   6.70	  -5.64
	  0.538	  0.793	  0.284
	 -0.784	  0.347	  0.514
	  0.311	 -0.500	  0.808

5 	  52.31	  12.16	   0.67
	  0.953	 -0.259	 -0.156
	  0.266	  0.964	  0.015
	  0.149	 -0.053	  0.987

6 	  42.19	  12.83	   2.53
	 -0.406	 -0.644	 -0.649
	 -0.066	  0.729	 -0.681
	  0.911	 -0.233	 -0.338

7 	  42.31	  -6.56	  -5.33
	  0.598	 -0.801	 -0.015
	  0.686	  0.520	 -0.510
	  0.418	  0.294	  0.859

8 	  52.10	 -11.39	   1.12
	  0.941	  0.239	 -0.238
	 -0.246	  0.969	  0.008
	  0.235	  0.048	  0.970

9 	  42.17	 -11.94	   4.11
	 -0.377	  0.636	 -0.673
	  0.059	  0.742	  0.667
	  0.924	  0.211	 -0.318

2 	  33.36	  -8.24	  22.75
	  0.569	  0.821	 -0.043
	 -0.822	  0.568	 -0.029
	  0.001	  0.052	  0.998

3 	  38.67	   0.35	  -2.32
	  0.283	 -0.151	 -0.947
	 -0.084	  0.980	 -0.181
	  0.955	  0.130	  0.265

4 	  41.78	   6.71	  -5.61
	  0.552	  0.786	  0.279
	 -0.777	  0.362	  0.515
	  0.304	 -0.501	  0.810

5 	  53.30	  12.76	   3.45
	  0.968	 -0.200	  0.150
	  0.171	  0.967	  0.184
	 -0.183	 -0.154	  0.971

6 	  42.64	  12.96	   2.92
	 -0.401	 -0.556	 -0.728
	  0.137	  0.750	 -0.647
	  0.906	 -0.359	 -0.225

7 	  42.36	  -6.59	  -5.29
	  0.599	 -0.801	 -0.012
	  0.684	  0.518	 -0.514
	  0.419	  0.299	  0.857

8 	  53.00	 -11.58	   4.36
	  0.966	  0.208	  0.154
	 -0.206	  0.978	 -0.036
	 -0.158	  0.003	  0.987

9 	  42.36	 -12.09	   4.22
	 -0.365	  0.565	 -0.740
	 -0.114	  0.762	  0.637
	  0.924	  0.316	 -0.214

2 	  33.36	  -8.24	  22.75
	  0.570	  0.821	 -0.043
	 -0.822	  0.568	 -0.029
	  0.001	  0.052	  0.998

3 	  38.74	   0.44	  -2.36
	  0.282	 -0.147	 -0.948
	 -0.065	  0.983	 -0.171
	  0.957	  0.109	  0.268

4 	  42.17	   6.93	  -5.43
	  0.567	  0.774	  0.283
	 -0.777	  0.387	  0.496
	  0.275	 -0.501	  0.820

5 	  53.70	  12.90	   8.33
	  0.820	 -0.109	  0.561
	  0.031	  0.988	  0.149
	 -0.572	 -0.109	  0.813

6 	  43.63	  12.64	   3.66
	 -0.399	 -0.411	 -0.820
	  0.400	  0.727	 -0.557
	  0.826	 -0.549	 -0.126

7 	  42.68	  -6.61	  -5.34
	  0.616	 -0.787	  0.009
	  0.684	  0.529	 -0.502
	  0.392	  0.315	  0.864

8 	  52.91	 -12.09	   8.44
	  0.828	  0.090	  0.553
	 -0.083	  0.995	 -0.040
	 -0.556	 -0.009	  0.831

9 	  42.79	 -11.87	   4.55
	 -0.348	  0.468	 -0.812
	 -0.248	  0.790	  0.560
	  0.905	  0.395	 -0.159

2 	  33.36	  -8.24	  22.76
	  0.570	  0.821	 -0.043
	 -0.822	  0.568	 -0.030
	  0.000	  0.052	  0.998

3 	  38.92	   0.56	  -2.43
	  0.294	 -0.140	 -0.945
	 -0.019	  0.988	 -0.152
	  0.955	  0.063	  0.288

4 	  42.79	   7.12	  -5.33
	  0.599	  0.749	  0.282
	 -0.765	  0.430	  0.479
	  0.238	 -0.503	  0.831

5 	  53.00	  12.57	  11.76
	  0.619	 -0.054	  0.783
	 -0.012	  0.996	  0.081
	 -0.786	 -0.063	  0.615

6 	  44.05	  12.30	   4.06
	 -0.292	 -0.353	 -0.889
	  0.495	  0.741	 -0.454
	  0.820	 -0.571	 -0.041

7 	  43.08	  -6.64	  -5.34
	  0.634	 -0.773	  0.034
	  0.688	  0.542	 -0.482
	  0.355	  0.328	  0.875

8 	  52.19	 -12.01	  11.09
	  0.655	  0.059	  0.753
	 -0.044	  0.998	 -0.044
	 -0.756	 -0.000	  0.655

9 	  43.10	 -11.65	   4.80
	 -0.326	  0.381	 -0.865
	 -0.361	  0.796	  0.485
	  0.875	  0.469	 -0.121

2 	  33.36	  -8.26	  22.75
	  0.570	  0.821	 -0.043
	 -0.822	  0.568	 -0.029
	  0.001	  0.052	  0.998

3 	  39.08	   0.58	  -2.50
	  0.301	 -0.140	 -0.943
	 -0.011	  0.988	 -0.150
	  0.953	  0.055	  0.296

4 	  43.05	   7.15	  -5.31
	  0.606	  0.741	  0.288
	 -0.766	  0.446	  0.463
	  0.215	 -0.502	  0.838

5 	  52.05	  12.48	  12.90
	  0.516	 -0.059	  0.854
	 -0.010	  0.997	  0.078
	 -0.857	 -0.052	  0.513

6 	  43.91	  12.39	   4.01
	 -0.213	 -0.371	 -0.904
	  0.555	  0.716	 -0.423
	  0.805	 -0.590	  0.054

7 	  43.24	  -6.66	  -5.34
	  0.638	 -0.769	  0.045
	  0.692	  0.547	 -0.471
	  0.339	  0.332	  0.880

8 	  51.45	 -11.79	  12.16
	  0.565	  0.069	  0.822
	 -0.026	  0.997	 -0.069
	 -0.825	  0.021	  0.564

9 	  43.00	 -11.53	   4.83
	 -0.292	  0.341	 -0.893
	 -0.412	  0.798	  0.438
	  0.864	  0.495	 -0.092

2 	  33.36	  -8.24	  22.75
	  0.570	  0.821	 -0.043
	 -0.822	  0.568	 -0.030
	  0.000	  0.052	  0.998

3 	  39.09	   0.62	  -2.50
	  0.302	 -0.140	 -0.943
	  0.000	  0.989	 -0.147
	  0.953	  0.044	  0.299

4 	  43.14	   7.19	  -5.34
	  0.615	  0.735	  0.284
	 -0.759	  0.454	  0.466
	  0.213	 -0.502	  0.838

5 	  51.50	  12.36	  13.34
	  0.470	 -0.075	  0.879
	 -0.008	  0.996	  0.091
	 -0.883	 -0.053	  0.466

6 	  43.79	  12.38	   4.01
	 -0.185	 -0.371	 -0.910
	  0.572	  0.713	 -0.405
	  0.800	 -0.594	  0.082

7 	  43.28	  -6.66	  -5.41
	  0.637	 -0.769	  0.041
	  0.693	  0.548	 -0.468
	  0.338	  0.327	  0.882

8 	  51.10	 -11.67	  12.50
	  0.533	  0.090	  0.841
	 -0.013	  0.994	 -0.104
	 -0.847	  0.049	  0.529

9 	  42.86	 -11.55	   4.80
	 -0.273	  0.327	 -0.905
	 -0.433	  0.798	  0.418
	  0.860	  0.504	 -0.076

2 	  33.36	  -8.24	  22.76
	  0.569	  0.821	 -0.043
	 -0.823	  0.568	 -0.030
	  0.000	  0.052	  0.998

3 	  39.04	   0.62	  -2.51
	  0.299	 -0.138	 -0.944
	  0.005	  0.990	 -0.143
	  0.954	  0.038	  0.297

4 	  43.15	   7.19	  -5.36
	  0.622	  0.732	  0.276
	 -0.752	  0.461	  0.471
	  0.218	 -0.501	  0.838

5 	  51.35	  12.23	  13.45
	  0.457	 -0.084	  0.885
	 -0.005	  0.995	  0.099
	 -0.890	 -0.052	  0.453

6 	  43.77	  12.38	   3.99
	 -0.181	 -0.368	 -0.912
	  0.579	  0.710	 -0.399
	  0.796	 -0.599	  0.086

7 	  43.28	  -6.66	  -5.43
	  0.637	 -0.769	  0.041
	  0.692	  0.549	 -0.468
	  0.339	  0.326	  0.882

8 	  51.10	 -11.60	  12.52
	  0.532	  0.095	  0.841
	 -0.009	  0.993	 -0.112
	 -0.848	  0.057	  0.527

9 	  42.89	 -11.55	   4.80
	 -0.273	  0.324	 -0.906
	 -0.433	  0.800	  0.415
	  0.860	  0.504	 -0.077

2 	  33.36	  -8.26	  22.75
	  0.570	  0.821	 -0.043
	 -0.822	  0.568	 -0.030
	  0.000	  0.052	  0.998

3 	  39.02	   0.63	  -2.50
	  0.298	 -0.137	 -0.945
	  0.008	  0.990	 -0.141
	  0.954	  0.034	  0.296

4 	  43.17	   7.19	  -5.41
	  0.628	  0.729	  0.270
	 -0.746	  0.466	  0.475
	  0.221	 -0.500	  0.837

5 	  51.38	  12.22	  13.43
	  0.456	 -0.084	  0.886
	 -0.005	  0.995	  0.099
	 -0.891	 -0.052	  0.452

6 	  43.82	  12.38	   3.94
	 -0.183	 -0.366	 -0.912
	  0.581	  0.709	 -0.400
	  0.794	 -0.602	  0.084

7 	  43.28	  -6.66	  -5.48
	  0.638	 -0.769	  0.041
	  0.691	  0.548	 -0.471
	  0.340	  0.328	  0.881

8 	  51.06	 -11.60	  12.59
	  0.522	  0.098	  0.847
	  0.030	  0.990	 -0.138
	 -0.854	  0.101	  0.511

9 	  42.94	 -11.48	   4.75
	 -0.265	  0.316	 -0.911
	 -0.439	  0.802	  0.405
	  0.859	  0.506	 -0.073

