% Calibrated with leiden_pols
% Positions are in centimeters
Data =[
 2    96.740   -20.028    59.085
 2     0.063    -0.998     0.002
 2     0.997     0.064     0.033
 2    -0.034    -0.001     0.999
 3   130.588    -5.401    -1.195
 3     0.510     0.057    -0.858
 3    -0.265     0.960    -0.094
 3     0.818     0.275     0.504
 4   114.788    11.239   -15.465
 4     0.557    -0.755     0.348
 4     0.828     0.537    -0.160
 4    -0.066     0.377     0.923
 5   119.835    33.361     6.124
 5     0.524    -0.353     0.777
 5     0.565    -0.538    -0.624
 5     0.637     0.765    -0.083
 6   137.967    15.442    11.200
 6     0.637     0.770    -0.026
 6    -0.734     0.617     0.282
 6     0.235    -0.160     0.959
 7   118.662   -24.631   -11.507
 7     0.500     0.821     0.277
 7    -0.797     0.310     0.518
 7     0.339    -0.480     0.809
 8   119.020   -42.968     6.975
 8     0.348     0.446     0.825
 8    -0.682    -0.484     0.547
 8     0.643    -0.752     0.135
 9   136.837   -25.339    14.077
 9     0.673    -0.695     0.263
 9     0.707     0.498    -0.498
 9     0.216     0.519     0.826
 2    96.740   -20.028    59.085
 2     0.063    -0.998     0.001
 2     0.997     0.063     0.033
 2    -0.034    -0.001     0.999
 3   130.527    -5.381    -1.178
 3     0.513     0.061    -0.857
 3    -0.269     0.959    -0.093
 3     0.815     0.277     0.508
 4   114.739    11.417   -15.342
 4     0.557    -0.753     0.351
 4     0.827     0.536    -0.164
 4    -0.065     0.381     0.922
 5   119.819    33.408     6.311
 5     0.528    -0.343     0.779
 5     0.565    -0.542    -0.620
 5     0.633     0.767    -0.093
 6   138.021    15.665    11.175
 6     0.643     0.766    -0.021
 6    -0.731     0.622     0.277
 6     0.226    -0.162     0.960
 7   118.659   -24.605   -11.504
 7     0.502     0.820     0.277
 7    -0.796     0.311     0.518
 7     0.338    -0.480     0.809
 8   119.142   -42.916     7.085
 8     0.352     0.440     0.827
 8    -0.682    -0.485     0.546
 8     0.641    -0.755     0.129
 9   137.048   -25.371    13.863
 9     0.677    -0.688     0.269
 9     0.705     0.501    -0.500
 9     0.210     0.525     0.823
 2    96.740   -20.028    59.085
 2     0.063    -0.998     0.001
 2     0.997     0.063     0.033
 2    -0.034    -0.001     0.999
 3   130.626    -5.328    -1.230
 3     0.515     0.058    -0.855
 3    -0.266     0.959    -0.096
 3     0.815     0.277     0.509
 4   114.678    11.364   -15.332
 4     0.554    -0.754     0.354
 4     0.829     0.534    -0.160
 4    -0.069     0.382     0.921
 5   119.605    33.411     6.562
 5     0.523    -0.323     0.791
 5     0.573    -0.554    -0.603
 5     0.631     0.767    -0.105
 6   138.082    16.017    10.988
 6     0.662     0.749    -0.011
 6    -0.719     0.640     0.269
 6     0.210    -0.170     0.963
 7   118.662   -24.553   -11.482
 7     0.503     0.819     0.276
 7    -0.795     0.312     0.520
 7     0.339    -0.481     0.808
 8   118.882   -42.562     7.420
 8     0.359     0.394     0.848
 8    -0.689    -0.501     0.522
 8     0.629    -0.771     0.091
 9   137.387   -25.640    13.101
 9     0.706    -0.649     0.291
 9     0.686     0.526    -0.499
 9     0.172     0.550     0.816
 2    96.740   -20.028    59.084
 2     0.063    -0.998     0.002
 2     0.997     0.064     0.033
 2    -0.034    -0.000     0.999
 3   130.511    -5.108    -1.241
 3     0.515     0.059    -0.855
 3    -0.273     0.957    -0.099
 3     0.812     0.285     0.508
 4   114.508    11.873   -15.118
 4     0.556    -0.749     0.361
 4     0.828     0.533    -0.169
 4    -0.065     0.392     0.917
 5   119.749    33.653     6.712
 5     0.538    -0.308     0.786
 5     0.568    -0.557    -0.604
 5     0.622     0.771    -0.126
 6   138.365    16.629     9.827
 6     0.668     0.744    -0.023
 6    -0.727     0.659     0.192
 6     0.159    -0.111     0.981
 7   118.457   -24.109   -11.643
 7     0.504     0.816     0.285
 7    -0.800     0.316     0.510
 7     0.326    -0.484     0.812
 8   118.306   -42.280     7.260
 8     0.357     0.336     0.872
 8    -0.714    -0.506     0.485
 8     0.602    -0.794     0.058
 9   137.789   -26.814    10.366
 9     0.758    -0.602     0.259
 9     0.648     0.650    -0.393
 9     0.070     0.463     0.882
 2    96.740   -20.028    59.085
 2     0.063    -0.998     0.002
 2     0.997     0.063     0.033
 2    -0.034    -0.001     0.999
 3   130.381    -4.935    -1.236
 3     0.514     0.060    -0.855
 3    -0.278     0.955    -0.100
 3     0.811     0.289     0.508
 4   114.430    12.103   -15.074
 4     0.553    -0.748     0.367
 4     0.830     0.529    -0.173
 4    -0.064     0.400     0.914
 5   119.292    32.719     7.961
 5     0.547    -0.211     0.811
 5     0.572    -0.614    -0.543
 5     0.611     0.760    -0.216
 6   138.939    17.708     8.524
 6     0.715     0.692    -0.100
 6    -0.698     0.715    -0.037
 6     0.045     0.096     0.994
 7   118.233   -24.036   -11.636
 7     0.500     0.816     0.290
 7    -0.803     0.310     0.509
 7     0.325    -0.487     0.810
 8   118.223   -41.751     8.464
 8     0.385     0.203     0.901
 8    -0.716    -0.552     0.428
 8     0.583    -0.809    -0.067
 9   138.639   -28.653     6.819
 9     0.769    -0.607     0.207
 9     0.629     0.774    -0.066
 9    -0.118     0.178     0.976
 2    96.740   -20.028    59.084
 2     0.063    -0.998     0.002
 2     0.997     0.064     0.033
 2    -0.034    -0.000     0.999
 3   130.322    -4.939    -1.226
 3     0.516     0.063    -0.854
 3    -0.281     0.954    -0.100
 3     0.809     0.292     0.510
 4   114.279    12.104   -15.000
 4     0.552    -0.748     0.369
 4     0.831     0.527    -0.175
 4    -0.064     0.403     0.912
 5   119.553    31.345     9.326
 5     0.574    -0.087     0.814
 5     0.567    -0.676    -0.470
 5     0.590     0.731    -0.340
 6   139.360    18.981     6.303
 6     0.750     0.653    -0.109
 6    -0.646     0.690    -0.323
 6    -0.137     0.312     0.940
 7   118.077   -24.061   -11.527
 7     0.488     0.822     0.294
 7    -0.807     0.296     0.510
 7     0.332    -0.486     0.808
 8   118.539   -40.223    10.848
 8     0.422     0.035     0.906
 8    -0.696    -0.628     0.347
 8     0.580    -0.777    -0.241
 9   138.130   -30.071     4.490
 9     0.755    -0.573     0.326
 9     0.552     0.817     0.155
 9    -0.353     0.061     0.932
 2    96.740   -20.028    59.110
 2     0.063    -0.998     0.002
 2     0.997     0.063     0.033
 2    -0.034    -0.001     0.999
 3   130.319    -4.941    -1.271
 3     0.517     0.064    -0.854
 3    -0.283     0.954    -0.100
 3     0.808     0.292     0.511
 4   114.281    12.130   -15.003
 4     0.552    -0.748     0.369
 4     0.831     0.527    -0.175
 4    -0.063     0.403     0.912
 5   119.819    29.338    11.025
 5     0.602     0.092     0.793
 5     0.572    -0.743    -0.348
 5     0.557     0.663    -0.500
 6   138.694    21.001     3.632
 6     0.773     0.633     0.048
 6    -0.527     0.682    -0.506
 6    -0.353     0.365     0.861
 7   117.841   -24.234   -11.335
 7     0.469     0.830     0.302
 7    -0.812     0.272     0.516
 7     0.346    -0.487     0.802
 8   119.480   -38.098    13.775
 8     0.458    -0.183     0.870
 8    -0.678    -0.704     0.209
 8     0.575    -0.686    -0.446
 9   136.497   -33.205     1.417
 9     0.699    -0.482     0.533
 9     0.388     0.876     0.282
 9    -0.601     0.009     0.797
 2    96.740   -20.028    59.084
 2     0.063    -0.998     0.003
 2     0.997     0.063     0.033
 2    -0.034     0.000     0.999
 3   130.239    -4.998    -1.355
 3     0.528     0.071    -0.846
 3    -0.282     0.954    -0.097
 3     0.800     0.289     0.524
 4   113.923    12.105   -14.897
 4     0.543    -0.754     0.371
 4     0.837     0.519    -0.170
 4    -0.065     0.403     0.912
 5   119.843    27.423    12.317
 5     0.600     0.290     0.746
 5     0.607    -0.771    -0.189
 5     0.521     0.566    -0.638
