% Calibrated with leiden_pols
% Positions are in centimeters
Data =[
 2    96.740   -20.028    59.085
 2     0.063    -0.998     0.002
 2     0.997     0.064     0.033
 2    -0.034    -0.001     0.999
 3   130.588    -5.401    -1.195
 3     0.510     0.057    -0.858
 3    -0.265     0.960    -0.094
 3     0.818     0.275     0.504
 4   114.788    11.239   -15.465
 4     0.557    -0.755     0.348
 4     0.828     0.537    -0.160
 4    -0.066     0.377     0.923
 5   119.835    33.361     6.124
 5     0.524    -0.353     0.777
 5     0.565    -0.538    -0.624
 5     0.637     0.765    -0.083
 6   137.967    15.442    11.200
 6     0.637     0.770    -0.026
 6    -0.734     0.617     0.282
 6     0.235    -0.160     0.959
 7   118.662   -24.631   -11.507
 7     0.500     0.821     0.277
 7    -0.797     0.310     0.518
 7     0.339    -0.480     0.809
 8   119.020   -42.968     6.975
 8     0.348     0.446     0.825
 8    -0.682    -0.484     0.547
 8     0.643    -0.752     0.135
 9   136.837   -25.339    14.077
 9     0.673    -0.695     0.263
 9     0.707     0.498    -0.498
 9     0.216     0.519     0.826
 2    96.740   -20.028    59.085
 2     0.063    -0.998     0.001
 2     0.997     0.063     0.033
 2    -0.034    -0.001     0.999
 3   130.527    -5.381    -1.178
 3     0.513     0.061    -0.857
 3    -0.269     0.959    -0.093
 3     0.815     0.277     0.508
 4   114.739    11.417   -15.342
 4     0.557    -0.753     0.351
 4     0.827     0.536    -0.164
 4    -0.065     0.381     0.922
 5   119.819    33.408     6.311
 5     0.528    -0.343     0.779
 5     0.565    -0.542    -0.620
 5     0.633     0.767    -0.093
 6   138.021    15.665    11.175
 6     0.643     0.766    -0.021
 6    -0.731     0.622     0.277
 6     0.226    -0.162     0.960
 7   118.659   -24.605   -11.504
 7     0.502     0.820     0.277
 7    -0.796     0.311     0.518
 7     0.338    -0.480     0.809
 8   119.142   -42.916     7.085
 8     0.352     0.440     0.827
 8    -0.682    -0.485     0.546
 8     0.641    -0.755     0.129
 9   137.048   -25.371    13.863
 9     0.677    -0.688     0.269
 9     0.705     0.501    -0.500
 9     0.210     0.525     0.823
 2    96.740   -20.028    59.085
 2     0.063    -0.998     0.001
 2     0.997     0.063     0.033
 2    -0.034    -0.001     0.999
 3   130.626    -5.328    -1.230
 3     0.515     0.058    -0.855
 3    -0.266     0.959    -0.096
 3     0.815     0.277     0.509
 4   114.678    11.364   -15.332
 4     0.554    -0.754     0.354
 4     0.829     0.534    -0.160
 4    -0.069     0.382     0.921
 5   119.605    33.411     6.562
 5     0.523    -0.323     0.791
 5     0.573    -0.554    -0.603
 5     0.631     0.767    -0.105
 6   138.082    16.017    10.988
 6     0.662     0.749    -0.011
 6    -0.719     0.640     0.269
 6     0.210    -0.170     0.963
 7   118.662   -24.553   -11.482
 7     0.503     0.819     0.276
 7    -0.795     0.312     0.520
 7     0.339    -0.481     0.808
 8   118.882   -42.562     7.420
 8     0.359     0.394     0.848
 8    -0.689    -0.501     0.522
 8     0.629    -0.771     0.091
 9   137.387   -25.640    13.101
 9     0.706    -0.649     0.291
 9     0.686     0.526    -0.499
 9     0.172     0.550     0.816
 2    96.740   -20.028    59.084
 2     0.063    -0.998     0.002
 2     0.997     0.064     0.033
 2    -0.034    -0.000     0.999
 3   130.511    -5.108    -1.241
 3     0.515     0.059    -0.855
 3    -0.273     0.957    -0.099
 3     0.812     0.285     0.508
 4   114.508    11.873   -15.118
 4     0.556    -0.749     0.361
 4     0.828     0.533    -0.169
 4    -0.065     0.392     0.917
 5   119.749    33.653     6.712
 5     0.538    -0.308     0.786
 5     0.568    -0.557    -0.604
 5     0.622     0.771    -0.126
 6   138.365    16.629     9.827
 6     0.668     0.744    -0.023
 6    -0.727     0.659     0.192
 6     0.159    -0.111     0.981
 7   118.457   -24.109   -11.643
 7     0.504     0.816     0.285
 7    -0.800     0.316     0.510
 7     0.326    -0.484     0.812
 8   118.306   -42.280     7.260
 8     0.357     0.336     0.872
 8    -0.714    -0.506     0.485
 8     0.602    -0.794     0.058
 9   137.789   -26.814    10.366
 9     0.758    -0.602     0.259
 9     0.648     0.650    -0.393
 9     0.070     0.463     0.882
 2    96.740   -20.028    59.085
 2     0.063    -0.998     0.002
 2     0.997     0.063     0.033
 2    -0.034    -0.001     0.999
 3   130.381    -4.935    -1.236
 3     0.514     0.060    -0.855
 3    -0.278     0.955    -0.100
 3     0.811     0.289     0.508
 4   114.430    12.103   -15.074
 4     0.553    -0.748     0.367
 4     0.830     0.529    -0.173
 4    -0.064     0.400     0.914
 5   119.292    32.719     7.961
 5     0.547    -0.211     0.811
 5     0.572    -0.614    -0.543
 5     0.611     0.760    -0.216
 6   138.939    17.708     8.524
 6     0.715     0.692    -0.100
 6    -0.698     0.715    -0.037
 6     0.045     0.096     0.994
 7   118.233   -24.036   -11.636
 7     0.500     0.816     0.290
 7    -0.803     0.310     0.509
 7     0.325    -0.487     0.810
 8   118.223   -41.751     8.464
 8     0.385     0.203     0.901
 8    -0.716    -0.552     0.428
 8     0.583    -0.809    -0.067
 9   138.639   -28.653     6.819
 9     0.769    -0.607     0.207
 9     0.629     0.774    -0.066
 9    -0.118     0.178     0.976
 2    96.740   -20.028    59.084
 2     0.063    -0.998     0.002
 2     0.997     0.064     0.033
 2    -0.034    -0.000     0.999
 3   130.322    -4.939    -1.226
 3     0.516     0.063    -0.854
 3    -0.281     0.954    -0.100
 3     0.809     0.292     0.510
 4   114.279    12.104   -15.000
 4     0.552    -0.748     0.369
 4     0.831     0.527    -0.175
 4    -0.064     0.403     0.912
 5   119.553    31.345     9.326
 5     0.574    -0.087     0.814
 5     0.567    -0.676    -0.470
 5     0.590     0.731    -0.340
 6   139.360    18.981     6.303
 6     0.750     0.653    -0.109
 6    -0.646     0.690    -0.323
 6    -0.137     0.312     0.940
 7   118.077   -24.061   -11.527
 7     0.488     0.822     0.294
 7    -0.807     0.296     0.510
 7     0.332    -0.486     0.808
 8   118.539   -40.223    10.848
 8     0.422     0.035     0.906
 8    -0.696    -0.628     0.347
 8     0.580    -0.777    -0.241
 9   138.130   -30.071     4.490
 9     0.755    -0.573     0.326
 9     0.552     0.817     0.155
 9    -0.353     0.061     0.932
 2    96.740   -20.028    59.110
 2     0.063    -0.998     0.002
 2     0.997     0.063     0.033
 2    -0.034    -0.001     0.999
 3   130.319    -4.941    -1.271
 3     0.517     0.064    -0.854
 3    -0.283     0.954    -0.100
 3     0.808     0.292     0.511
 4   114.281    12.130   -15.003
 4     0.552    -0.748     0.369
 4     0.831     0.527    -0.175
 4    -0.063     0.403     0.912
 5   119.819    29.338    11.025
 5     0.602     0.092     0.793
 5     0.572    -0.743    -0.348
 5     0.557     0.663    -0.500
 6   138.694    21.001     3.632
 6     0.773     0.633     0.048
 6    -0.527     0.682    -0.506
 6    -0.353     0.365     0.861
 7   117.841   -24.234   -11.335
 7     0.469     0.830     0.302
 7    -0.812     0.272     0.516
 7     0.346    -0.487     0.802
 8   119.480   -38.098    13.775
 8     0.458    -0.183     0.870
 8    -0.678    -0.704     0.209
 8     0.575    -0.686    -0.446
 9   136.497   -33.205     1.417
 9     0.699    -0.482     0.533
 9     0.388     0.876     0.282
 9    -0.601     0.009     0.797
 2    96.740   -20.028    59.084
 2     0.063    -0.998     0.003
 2     0.997     0.063     0.033
 2    -0.034     0.000     0.999
 3   130.239    -4.998    -1.355
 3     0.528     0.071    -0.846
 3    -0.282     0.954    -0.097
 3     0.800     0.289     0.524
 4   113.923    12.105   -14.897
 4     0.543    -0.754     0.371
 4     0.837     0.519    -0.170
 4    -0.065     0.403     0.912
 5   119.843    27.423    12.317
 5     0.600     0.290     0.746
 5     0.607    -0.771    -0.189
 5     0.521     0.566    -0.638
 6   137.182    23.827     1.808
 6     0.775     0.584     0.244
 6    -0.358     0.721    -0.593
 6    -0.521     0.372     0.767
 7   117.341   -24.463   -11.213
 7     0.455     0.828     0.327
 7    -0.818     0.244     0.520
 7     0.351    -0.504     0.789
 8   120.453   -36.747    15.374
 8     0.464    -0.394     0.794
 8    -0.696    -0.715     0.052
 8     0.547    -0.578    -0.605
 9   134.257   -38.627    -1.463
 9     0.608    -0.446     0.661
 9     0.173     0.882     0.434
 9    -0.775    -0.149     0.611
 2    96.740   -20.079    59.084
 2     0.063    -0.998     0.002
 2     0.997     0.064     0.033
 2    -0.034    -0.000     0.999
 3   130.148    -5.180    -1.707
 3     0.536     0.082    -0.840
 3    -0.282     0.955    -0.088
 3     0.795     0.284     0.535
 4   113.666    12.052   -14.837
 4     0.540    -0.755     0.373
 4     0.839     0.518    -0.165
 4    -0.068     0.401     0.913
 5   120.443    26.357    12.800
 5     0.591     0.450     0.671
 5     0.652    -0.754    -0.071
 5     0.474     0.479    -0.738
 6   134.995    26.637    -0.320
 6     0.713     0.570     0.411
 6    -0.212     0.730    -0.649
 6    -0.668     0.376     0.640
 7   116.546   -24.801   -11.136
 7     0.441     0.822     0.361
 7    -0.828     0.217     0.517
 7     0.347    -0.526     0.776
 8   120.387   -36.820    15.525
 8     0.455    -0.461     0.763
 8    -0.711    -0.703    -0.000
 8     0.536    -0.542    -0.646
 9   133.454   -43.010    -1.678
 9     0.582    -0.512     0.636
 9     0.028     0.790     0.610
 9    -0.812    -0.337     0.472
 2    96.740   -20.028    59.085
 2     0.063    -0.998     0.002
 2     0.997     0.064     0.033
 2    -0.034    -0.001     0.999
 3   129.991    -5.665    -1.962
 3     0.531     0.110    -0.840
 3    -0.288     0.956    -0.057
 3     0.797     0.272     0.539
 4   113.562    11.819   -14.879
 4     0.546    -0.750     0.373
 4     0.834     0.525    -0.166
 4    -0.071     0.402     0.912
 5   121.024    24.277    13.736
 5     0.567     0.586     0.582
 5     0.675    -0.732     0.078
 5     0.471     0.348    -0.809
 6   132.195    29.065    -0.529
 6     0.630     0.548     0.555
 6    -0.029     0.726    -0.685
 6    -0.776     0.415     0.471
 7   115.551   -25.105   -10.794
 7     0.410     0.827     0.386
 7    -0.836     0.171     0.520
 7     0.364    -0.536     0.761
 8   119.144   -36.083    16.584
 8     0.419    -0.509     0.754
 8    -0.703    -0.705    -0.085
 8     0.574    -0.495    -0.651
 9   132.083   -47.121     0.403
 9     0.580    -0.529     0.623
 9    -0.145     0.683     0.714
 9    -0.802    -0.504     0.318
 2    96.740   -20.028    59.085
 2     0.063    -0.998     0.001
 2     0.997     0.063     0.033
 2    -0.034    -0.001     0.999
 3   129.705    -6.433    -2.413
 3     0.531     0.170    -0.831
 3    -0.293     0.956     0.007
 3     0.795     0.239     0.557
 4   113.461    11.836   -14.640
 4     0.564    -0.751     0.344
 4     0.825     0.533    -0.186
 4    -0.044     0.388     0.920
 5   121.302    22.416    14.639
 5     0.544     0.660     0.522
 5     0.676    -0.710     0.193
 5     0.497     0.246    -0.831
 6   129.998    30.563     0.249
 6     0.563     0.517     0.649
 6     0.112     0.727    -0.675
 6    -0.819     0.451     0.350
 7   113.421   -25.545   -10.183
 7     0.356     0.823     0.444
 7    -0.854     0.092     0.512
 7     0.381    -0.561     0.735
 8   118.076   -35.385    17.721
 8     0.412    -0.573     0.710
 8    -0.689    -0.704    -0.167
 8     0.595    -0.421    -0.683
 9   129.764   -50.198     2.097
 9     0.528    -0.565     0.637
 9    -0.285     0.587     0.756
 9    -0.800    -0.580     0.149
 2    96.740   -20.028    59.084
 2     0.063    -0.998     0.002
 2     0.997     0.063     0.033
 2    -0.034    -0.000     0.999
 3   128.920    -7.256    -3.067
 3     0.552     0.209    -0.807
 3    -0.290     0.955     0.048
 3     0.781     0.208     0.588
 4   112.530    11.373   -14.528
 4     0.567    -0.747     0.346
 4     0.822     0.538    -0.185
 4    -0.048     0.389     0.919
 5   121.019    21.499    14.718
 5     0.535     0.699     0.478
 5     0.682    -0.688     0.244
 5     0.498     0.194    -0.844
 6   128.525    31.389     0.164
 6     0.521     0.505     0.691
 6     0.181     0.724    -0.664
 6    -0.834     0.470     0.284
 7   112.419   -26.095    -9.762
 7     0.342     0.816     0.467
 7    -0.852     0.060     0.519
 7     0.395    -0.575     0.716
 8   117.439   -35.267    18.398
 8     0.415    -0.590     0.694
 8    -0.681    -0.705    -0.192
 8     0.603    -0.393    -0.693
 9   128.527   -50.504     2.726
 9     0.499    -0.578     0.649
 9    -0.297     0.588     0.750
 9    -0.814    -0.566     0.121
 2    96.689   -20.028    59.110
 2     0.062    -0.998     0.001
 2     0.997     0.062     0.033
 2    -0.034    -0.001     0.999
 3   128.588    -7.634    -3.246
 3     0.563     0.217    -0.798
 3    -0.281     0.957     0.061
 3     0.777     0.189     0.600
 4   112.026    10.930   -14.544
 4     0.566    -0.745     0.356
 4     0.822     0.541    -0.176
 4    -0.061     0.391     0.918
 5   121.277    21.052    14.396
 5     0.550     0.702     0.455
 5     0.681    -0.690     0.243
 5     0.483     0.176    -0.856
 6   128.104    31.524     0.017
 6     0.498     0.506     0.708
 6     0.211     0.718    -0.661
 6    -0.841     0.477     0.249
 7   111.955   -26.473    -9.630
 7     0.343     0.803     0.487
 7    -0.852     0.048     0.520
 7     0.395    -0.593     0.701
 8   117.696   -35.362    18.624
 8     0.432    -0.608     0.667
 8    -0.682    -0.703    -0.198
 8     0.590    -0.370    -0.718
 9   127.902   -50.795     2.231
 9     0.465    -0.586     0.666
 9    -0.296     0.604     0.738
 9    -0.834    -0.540     0.106
 2    96.739   -20.028    59.085
 2     0.061    -0.998     0.001
 2     0.997     0.061     0.033
 2    -0.034    -0.001     0.999
 3   128.458    -7.814    -3.386
 3     0.565     0.225    -0.794
 3    -0.282     0.957     0.070
 3     0.775     0.184     0.604
 4   111.987    10.832   -14.452
 4     0.567    -0.745     0.351
 4     0.821     0.541    -0.178
 4    -0.057     0.389     0.919
 5   121.053    21.016    14.644
 5     0.539     0.707     0.461
 5     0.683    -0.684     0.253
 5     0.493     0.177    -0.850
 6   128.048    31.634     0.248
 6     0.506     0.504     0.703
 6     0.213     0.715    -0.664
 6    -0.836     0.484     0.253
 7   111.777   -26.477    -9.569
 7     0.339     0.802     0.492
 7    -0.855     0.044     0.517
 7     0.393    -0.595     0.700
 8   117.264   -35.810    18.435
 8     0.424    -0.607     0.673
 8    -0.694    -0.694    -0.188
 8     0.581    -0.388    -0.715
 9   127.832   -50.494     1.807
 9     0.477    -0.591     0.653
 9    -0.260     0.613     0.744
 9    -0.839    -0.524     0.138
 2    96.739   -20.028    59.085
 2     0.061    -0.998     0.001
 2     0.997     0.061     0.033
 2    -0.034    -0.001     0.999
 3   128.467    -7.812    -3.250
 3     0.561     0.221    -0.798
 3    -0.284     0.956     0.065
 3     0.778     0.190     0.598
 4   112.096    10.937   -14.462
 4     0.566    -0.749     0.348
 4     0.823     0.538    -0.179
 4    -0.053     0.387     0.920
 5   121.071    21.066    14.710
 5     0.544     0.696     0.471
 5     0.675    -0.694     0.247
 5     0.498     0.182    -0.846
 6   128.528    30.934     0.393
 6     0.520     0.502     0.694
 6     0.183     0.726    -0.660
 6    -0.834     0.469     0.285
 7   112.306   -26.441    -9.596
 7     0.353     0.808     0.472
 7    -0.847     0.061     0.527
 7     0.398    -0.586     0.706
 8   117.712   -35.808    18.259
 8     0.447    -0.571     0.690
 8    -0.682    -0.715    -0.150
 8     0.578    -0.404    -0.708
 9   128.876   -47.434     1.108
 9     0.499    -0.623     0.606
 9    -0.111     0.645     0.755
 9    -0.860    -0.443     0.251
 2    96.739   -20.028    59.085
 2     0.060    -0.998     0.002
 2     0.997     0.060     0.033
 2    -0.034    -0.001     0.999
 3   128.733    -7.509    -3.079
 3     0.559     0.203    -0.804
 3    -0.285     0.957     0.043
 3     0.778     0.205     0.592
 4   112.180    11.121   -14.298
 4     0.559    -0.754     0.346
 4     0.827     0.531    -0.180
 4    -0.048     0.386     0.921
 5   121.047    21.246    14.779
 5     0.575     0.648     0.503
 5     0.647    -0.733     0.205
 5     0.501     0.206    -0.839
 6   129.881    28.273     0.507
 6     0.552     0.508     0.665
 6     0.047     0.774    -0.629
 6    -0.833     0.377     0.401
 7   112.883   -26.153    -9.673
 7     0.365     0.816     0.448
 7    -0.839     0.079     0.537
 7     0.403    -0.572     0.714
 8   118.176   -35.724    17.973
 8     0.491    -0.480     0.728
 8    -0.649    -0.758    -0.062
 8     0.581    -0.442    -0.683
 9   130.668   -42.554     1.018
 9     0.546    -0.681     0.490
 9     0.110     0.636     0.763
 9    -0.830    -0.363     0.421
 2    96.739   -20.028    59.084
 2     0.060    -0.998     0.002
 2     0.997     0.060     0.033
 2    -0.034    -0.000     0.999
 3   128.927    -7.154    -2.906
 3     0.559     0.189    -0.808
 3    -0.286     0.958     0.026
 3     0.778     0.216     0.589
 4   112.440    11.492   -14.171
 4     0.560    -0.755     0.342
 4     0.827     0.525    -0.197
 4    -0.031     0.393     0.918
 5   120.358    22.860    14.601
 5     0.643     0.463     0.611
 5     0.577    -0.816     0.010
 5     0.503     0.346    -0.791
 6   132.731    23.490     1.138
 6     0.624     0.591     0.516
 6    -0.217     0.760    -0.611
 6    -0.751     0.269     0.600
 7   113.229   -26.023    -9.691
 7     0.371     0.826     0.424
 7    -0.835     0.097     0.541
 7     0.406    -0.555     0.726
 8   117.612   -37.098    16.600
 8     0.522    -0.254     0.814
 8    -0.594    -0.793     0.133
 8     0.612    -0.554    -0.565
 9   134.065   -36.281     2.987
 9     0.635    -0.726     0.264
 9     0.375     0.588     0.716
 9    -0.675    -0.356     0.646
 2    96.739   -20.028    59.110
 2     0.060    -0.998     0.001
 2     0.997     0.060     0.033
 2    -0.034    -0.001     0.999
 3   129.026    -6.924    -2.839
 3     0.558     0.180    -0.810
 3    -0.286     0.958     0.014
 3     0.779     0.224     0.585
 4   112.516    11.604   -14.180
 4     0.561    -0.756     0.339
 4     0.827     0.521    -0.209
 4    -0.019     0.397     0.917
 5   119.461    24.086    14.178
 5     0.657     0.301     0.692
 5     0.525    -0.840    -0.133
 5     0.541     0.451    -0.709
 6   134.167    20.553     2.795
 6     0.676     0.612     0.415
 6    -0.368     0.763    -0.530
 6    -0.639     0.206     0.739
 7   113.585   -25.836    -9.670
 7     0.382     0.833     0.401
 7    -0.827     0.114     0.550
 7     0.412    -0.542     0.732
 8   117.533   -37.801    15.886
 8     0.524    -0.072     0.849
 8    -0.550    -0.790     0.271
 8     0.651    -0.609    -0.453
 9   135.515   -32.105     5.058
 9     0.657    -0.731     0.186
 9     0.520     0.617     0.590
 9    -0.546    -0.291     0.785
 2    96.741   -20.027    59.081
 2     0.060    -0.998     0.002
 2     0.997     0.060     0.032
 2    -0.033    -0.000     0.999
 3   129.154    -6.692    -2.675
 3     0.557     0.165    -0.814
 3    -0.283     0.959     0.000
 3     0.781     0.230     0.581
 4   112.614    11.819   -14.063
 4     0.554    -0.762     0.335
 4     0.832     0.511    -0.215
 4    -0.007     0.398     0.917
 5   118.489    25.720    13.838
 5     0.639     0.146     0.755
 5     0.495    -0.830    -0.258
 5     0.589     0.539    -0.602
 6   135.064    18.321     4.815
 6     0.709     0.642     0.297
 6    -0.498     0.749    -0.435
 6    -0.499     0.161     0.850
 7   113.976   -25.655    -9.724
 7     0.392     0.835     0.386
 7    -0.823     0.130     0.552
 7     0.411    -0.534     0.738
 8   117.720   -38.435    14.923
 8     0.515     0.061     0.855
 8    -0.526    -0.766     0.369
 8     0.677    -0.640    -0.363
 9   136.316   -29.255     6.896
 9     0.652    -0.755     0.073
 9     0.621     0.587     0.518
 9    -0.434    -0.292     0.852
 2    96.741   -20.027    59.082
 2     0.060    -0.998     0.002
 2     0.997     0.060     0.032
 2    -0.033    -0.001     0.999
 3   129.254    -6.513    -2.633
 3     0.555     0.156    -0.817
 3    -0.282     0.959    -0.009
 3     0.782     0.236     0.576
 4   112.692    12.060   -13.972
 4     0.551    -0.767     0.329
 4     0.834     0.503    -0.224
 4     0.006     0.398     0.917
 5   117.889    26.863    13.239
 5     0.612    -0.031     0.790
 5     0.453    -0.806    -0.381
 5     0.648     0.591    -0.480
 6   135.323    15.515     7.778
 6     0.713     0.661     0.239
 6    -0.612     0.750    -0.249
 6    -0.342     0.032     0.938
 7   114.219   -25.503    -9.855
 7     0.394     0.840     0.372
 7    -0.822     0.141     0.552
 7     0.411    -0.523     0.746
 8   117.583   -38.916    14.010
 8     0.490     0.186     0.852
 8    -0.507    -0.735     0.449
 8     0.709    -0.652    -0.266
 9   136.433   -26.525     9.564
 9     0.643    -0.764     0.053
 9     0.709     0.620     0.337
 9    -0.290    -0.179     0.940
 2    96.741   -20.027    59.081
 2     0.060    -0.998     0.002
 2     0.997     0.060     0.032
 2    -0.033    -0.000     0.999
 3   129.316    -6.382    -2.528
 3     0.550     0.148    -0.822
 3    -0.281     0.959    -0.016
 3     0.786     0.240     0.569
 4   112.893    12.171   -13.950
 4     0.552    -0.771     0.320
 4     0.834     0.501    -0.230
 4     0.017     0.393     0.919
 5   118.084    29.437    11.183
 5     0.582    -0.186     0.792
 5     0.475    -0.714    -0.515
 5     0.660     0.675    -0.327
 6   135.976    14.244     9.867
 6     0.690     0.706     0.166
 6    -0.717     0.696     0.022
 6    -0.097    -0.133     0.985
 7   114.563   -25.422   -10.096
 7     0.405     0.843     0.355
 7    -0.816     0.158     0.555
 7     0.412    -0.515     0.752
 8   117.728   -40.992    11.597
 8     0.459     0.314     0.832
 8    -0.551    -0.635     0.542
 8     0.697    -0.706    -0.119
 9   135.944   -24.749    11.563
 9     0.618    -0.778     0.113
 9     0.783     0.621    -0.005
 9    -0.065     0.090     0.993
 2    96.739   -20.028    59.084
 2     0.060    -0.998     0.003
 2     0.997     0.061     0.032
 2    -0.034     0.000     0.999
 3   129.437    -6.291    -2.361
 3     0.536     0.140    -0.833
 3    -0.275     0.961    -0.016
 3     0.798     0.238     0.553
 4   113.429    12.018   -14.446
 4     0.556    -0.776     0.298
 4     0.831     0.511    -0.218
 4     0.017     0.368     0.929
 5   117.850    31.334     9.401
 5     0.542    -0.260     0.800
 5     0.526    -0.638    -0.562
 5     0.655     0.725    -0.210
 6   136.109    15.146    10.979
 6     0.674     0.734     0.090
 6    -0.737     0.659     0.148
 6     0.051    -0.165     0.985
 7   115.186   -25.264   -10.877
 7     0.418     0.840     0.345
 7    -0.823     0.189     0.536
 7     0.385    -0.508     0.770
 8   117.406   -42.703     8.709
 8     0.411     0.399     0.821
 8    -0.614    -0.544     0.570
 8     0.673    -0.738     0.021
 9   135.453   -25.156    12.434
 9     0.610    -0.786     0.102
 9     0.788     0.588    -0.179
 9     0.082     0.188     0.978
 2    96.741   -20.027    59.081
 2     0.060    -0.998     0.002
 2     0.997     0.060     0.032
 2    -0.033    -0.000     0.999
 3   129.523    -6.284    -2.177
 3     0.522     0.140    -0.842
 3    -0.275     0.961    -0.010
 3     0.807     0.237     0.540
 4   113.964    11.692   -14.987
 4     0.568    -0.769     0.294
 4     0.823     0.533    -0.197
 4    -0.005     0.353     0.935
 5   119.484    33.944     5.851
 5     0.559    -0.355     0.752
 5     0.569    -0.495    -0.655
 5     0.603     0.793    -0.075
 6   136.556    15.513    10.460
 6     0.583     0.810     0.067
 6    -0.787     0.543     0.291
 6     0.201    -0.222     0.954
 7   115.687   -25.005   -11.455
 7     0.429     0.837     0.340
 7    -0.829     0.215     0.515
 7     0.358    -0.503     0.786
 8   117.535   -43.275     7.267
 8     0.390     0.439     0.811
 8    -0.642    -0.502     0.579
 8     0.660    -0.745     0.085
 9   135.279   -25.232    12.403
 9     0.598    -0.793     0.119
 9     0.789     0.557    -0.255
 9     0.138     0.245     0.959
 2    96.691   -20.027    59.107
 2     0.060    -0.998     0.002
 2     0.997     0.060     0.032
 2    -0.033    -0.001     0.999
 3   129.785    -6.280    -1.968
 3     0.505     0.147    -0.851
 3    -0.280     0.960    -0.001
 3     0.816     0.238     0.525
 4   114.534    11.632   -15.193
 4     0.583    -0.760     0.287
 4     0.812     0.550    -0.193
 4    -0.011     0.345     0.938
 5   120.574    34.455     4.930
 5     0.570    -0.404     0.717
 5     0.567    -0.438    -0.697
 5     0.594     0.803    -0.021
 6   136.787    15.047    10.530
 6     0.537     0.842     0.062
 6    -0.808     0.491     0.323
 6     0.243    -0.222     0.944
 7   116.090   -25.014   -11.885
 7     0.443     0.830     0.340
 7    -0.830     0.235     0.505
 7     0.340    -0.505     0.793
 8   118.331   -43.540     6.313
 8     0.401     0.467     0.790
 8    -0.647    -0.467     0.601
 8     0.649    -0.751     0.115
 9   135.385   -24.819    12.311
 9     0.577    -0.799     0.173
 9     0.799     0.508    -0.317
 9     0.167     0.320     0.932
 2    96.741   -20.027    59.082
 2     0.060    -0.998     0.002
 2     0.997     0.060     0.033
 2    -0.033    -0.001     0.999
 3   129.818    -6.305    -1.928
 3     0.501     0.147    -0.853
 3    -0.282     0.959    -0.001
 3     0.818     0.241     0.522
 4   114.586    11.631   -15.141
 4     0.584    -0.760     0.285
 4     0.811     0.551    -0.193
 4    -0.011     0.344     0.939
 5   121.060    34.638     4.630
 5     0.584    -0.404     0.706
 5     0.568    -0.418    -0.708
 5     0.580     0.814    -0.015
 6   137.004    14.949    10.223
 6     0.517     0.853     0.078
 6    -0.817     0.464     0.340
 6     0.256    -0.239     0.937
 7   116.021   -24.941   -11.984
 7     0.451     0.823     0.345
 7    -0.829     0.242     0.504
 7     0.331    -0.513     0.792
 8   118.672   -43.730     5.804
 8     0.415     0.464     0.785
 8    -0.656    -0.445     0.608
 8     0.630    -0.766     0.119
 9   135.432   -24.629    11.949
 9     0.570    -0.792     0.224
 9     0.802     0.477    -0.356
 9     0.177     0.381     0.907
 2    96.741   -20.027    59.081
 2     0.060    -0.998     0.002
 2     0.997     0.060     0.033
 2    -0.033    -0.000     0.999
 3   129.785    -6.284    -1.875
 3     0.500     0.144    -0.854
 3    -0.287     0.958    -0.007
 3     0.817     0.249     0.519
 4   114.612    11.681   -15.115
 4     0.588    -0.757     0.286
 4     0.808     0.555    -0.195
 4    -0.011     0.345     0.938
 5   121.295    34.783     4.647
 5     0.591    -0.402     0.701
 5     0.565    -0.414    -0.713
 5     0.575     0.817    -0.019
 6   137.142    14.893    10.168
 6     0.515     0.853     0.085
 6    -0.820     0.462     0.337
 6     0.250    -0.243     0.937
 7   116.119   -24.718   -12.154
 7     0.460     0.818     0.347
 7    -0.828     0.254     0.499
 7     0.320    -0.517     0.794
 8   119.048   -43.740     5.387
 8     0.429     0.455     0.782
 8    -0.663    -0.429     0.612
 8     0.613    -0.780     0.118
 9   135.831   -24.623    11.613
 9     0.569    -0.785     0.251
 9     0.802     0.461    -0.377
 9     0.182     0.415     0.891
];