% Calibrated with leiden_pols
% Positions are in centimeters
Data =[
 2    96.663   -20.066    59.081
 2     0.001    -1.000     0.002
 2     0.999     0.001     0.033
 2    -0.034     0.002     0.999
 3   131.483    -5.220     1.903
 3     0.456     0.058    -0.888
 3    -0.287     0.954    -0.085
 3     0.842     0.294     0.451
 4   118.000    14.024    -9.466
 4     0.502    -0.858     0.110
 4     0.839     0.452    -0.301
 4     0.208     0.243     0.947
 5   120.317    21.992    22.042
 5     0.400    -0.301     0.867
 5     0.175    -0.903    -0.392
 5     0.900     0.307    -0.307
 6   137.030    25.035    42.843
 6     0.462    -0.471    -0.755
 6     0.101     0.870    -0.479
 6     0.881     0.144     0.448
 7   117.994   -25.481    -6.783
 7     0.303     0.934     0.188
 7    -0.826     0.159     0.540
 7     0.474    -0.320     0.820
 8   120.691   -29.447    22.071
 8     0.302     0.459     0.837
 8    -0.107    -0.855     0.506
 8     0.947    -0.241    -0.208
 9   137.035   -30.915    48.292
 9     0.427     0.442    -0.792
 9     0.004     0.872     0.486
 9     0.904    -0.210     0.369
 2    96.663   -20.015    59.081
 2     0.001    -1.000     0.002
 2     0.999     0.001     0.033
 2    -0.034     0.002     0.999
 3   131.433    -5.170     1.979
 3     0.455     0.058    -0.889
 3    -0.288     0.954    -0.086
 3     0.842     0.295     0.450
 4   118.004    14.077    -9.420
 4     0.500    -0.859     0.109
 4     0.840     0.450    -0.302
 4     0.210     0.242     0.947
 5   120.216    21.993    22.116
 5     0.398    -0.297     0.869
 5     0.175    -0.905    -0.387
 5     0.900     0.305    -0.307
 6   136.979    25.035    42.945
 6     0.461    -0.472    -0.755
 6     0.101     0.870    -0.480
 6     0.881     0.144     0.447
 7   118.048   -25.428    -6.791
 7     0.304     0.934     0.186
 7    -0.825     0.160     0.541
 7     0.476    -0.318     0.820
 8   120.599   -29.347    22.138
 8     0.298     0.457     0.839
 8    -0.108    -0.857     0.503
 8     0.948    -0.240    -0.206
 9   137.012   -30.864    48.395
 9     0.427     0.446    -0.790
 9     0.005     0.869     0.492
 9     0.904    -0.212     0.367
 2    96.638   -20.015    59.082
 2     0.001    -1.000     0.002
 2     0.999     0.001     0.033
 2    -0.034     0.001     0.999
 3   131.427    -5.147     2.034
 3     0.457     0.056    -0.888
 3    -0.290     0.953    -0.089
 3     0.841     0.298     0.451
 4   117.955    14.129    -9.398
 4     0.499    -0.859     0.109
 4     0.840     0.449    -0.303
 4     0.211     0.243     0.946
 5   120.146    21.997    22.107
 5     0.397    -0.293     0.871
 5     0.177    -0.906    -0.383
 5     0.901     0.304    -0.307
 6   136.934    25.138    42.990
 6     0.460    -0.473    -0.755
 6     0.102     0.869    -0.480
 6     0.882     0.142     0.447
 7   118.123   -25.377    -6.791
 7     0.304     0.934     0.185
 7    -0.825     0.161     0.542
 7     0.476    -0.318     0.820
 8   120.657   -29.296    22.077
 8     0.297     0.454     0.841
 8    -0.109    -0.858     0.500
 8     0.949    -0.239    -0.204
 9   136.962   -30.915    48.344
 9     0.426     0.449    -0.788
 9     0.004     0.868     0.494
 9     0.904    -0.212     0.367
 2    96.663   -20.015    59.082
 2     0.001    -1.000     0.002
 2     0.999     0.001     0.033
 2    -0.034     0.001     0.999
 3   131.552    -5.147     1.933
 3     0.456     0.057    -0.888
 3    -0.290     0.953    -0.089
 3     0.841     0.298     0.450
 4   118.133    14.205    -9.427
 4     0.502    -0.858     0.109
 4     0.839     0.451    -0.305
 4     0.212     0.244     0.946
 5   120.328    22.023    22.028
 5     0.395    -0.300     0.870
 5     0.175    -0.904    -0.389
 5     0.902     0.304    -0.304
 6   136.984    25.138    42.939
 6     0.460    -0.472    -0.755
 6     0.101     0.870    -0.480
 6     0.882     0.143     0.446
 7   118.178   -25.299    -6.900
 7     0.304     0.934     0.185
 7    -0.824     0.161     0.543
 7     0.478    -0.318     0.819
 8   120.737   -29.302    21.659
 8     0.281     0.450     0.849
 8    -0.115    -0.862     0.492
 8     0.953    -0.234    -0.190
 9   137.012   -30.967    48.344
 9     0.426     0.447    -0.789
 9     0.003     0.869     0.492
 9     0.904    -0.211     0.368
 2    96.663   -20.065    59.082
 2     0.001    -1.000     0.002
 2     0.999     0.001     0.033
 2    -0.034     0.001     0.999
 3   131.661    -5.143     1.896
 3     0.455     0.056    -0.889
 3    -0.288     0.953    -0.088
 3     0.843     0.296     0.449
 4   118.135    14.181    -9.481
 4     0.501    -0.859     0.108
 4     0.839     0.450    -0.305
 4     0.213     0.244     0.946
 5   119.713    22.771    21.558
 5     0.378    -0.300     0.878
 5     0.198    -0.899    -0.390
 5     0.904     0.320    -0.279
 6   136.482    25.676    42.250
 6     0.476    -0.423    -0.774
 6     0.101     0.898    -0.426
 6     0.873     0.124     0.468
 7   119.099   -25.352    -7.098
 7     0.316     0.937     0.149
 7    -0.777     0.165     0.607
 7     0.544    -0.308     0.780
 8   118.137   -31.380    20.476
 8     0.131     0.455     0.881
 8    -0.232    -0.850     0.472
 8     0.964    -0.264    -0.005
 9   132.086   -34.686    48.217
 9     0.362     0.391    -0.847
 9    -0.059     0.915     0.396
 9     0.930    -0.093     0.354
 2    96.662   -20.015    59.081
 2     0.000    -1.000     0.002
 2     0.999     0.001     0.033
 2    -0.034     0.002     0.999
 3   131.724    -5.156     1.851
 3     0.444     0.052    -0.895
 3    -0.279     0.956    -0.083
 3     0.851     0.286     0.439
 4   118.222    13.910    -9.936
 4     0.483    -0.872     0.084
 4     0.848     0.441    -0.291
 4     0.216     0.212     0.953
 5   116.914    24.929    20.138
 5     0.257    -0.426     0.869
 5     0.239    -0.842    -0.482
 5     0.936     0.330    -0.113
 6   131.281    26.110    43.390
 6     0.352    -0.270    -0.896
 6     0.073     0.962    -0.261
 6     0.933     0.026     0.358
 7   118.582   -25.449    -7.309
 7     0.241     0.961     0.136
 7    -0.803     0.118     0.584
 7     0.544    -0.250     0.800
 8   113.114   -33.822    18.226
 8    -0.046     0.537     0.842
 8    -0.286    -0.815     0.504
 8     0.957    -0.217     0.191
 9   122.755   -36.248    48.241
 9     0.179     0.309    -0.934
 9    -0.047     0.951     0.305
 9     0.983    -0.011     0.184
 2    96.663   -20.015    59.081
 2     0.001    -1.000     0.003
 2     0.999     0.001     0.033
 2    -0.034     0.002     0.999
 3   131.684    -5.558     1.889
 3     0.430     0.063    -0.901
 3    -0.281     0.957    -0.068
 3     0.858     0.282     0.429
 4   118.157    13.561   -10.237
 4     0.467    -0.883     0.060
 4     0.857     0.434    -0.277
 4     0.218     0.181     0.959
 5   113.262    24.347    18.892
 5     0.104    -0.426     0.899
 5     0.239    -0.867    -0.437
 5     0.965     0.260     0.012
 6   125.649    25.260    43.805
 6     0.255    -0.315    -0.914
 6     0.052     0.948    -0.312
 6     0.965     0.032     0.258
 7   118.669   -25.707    -7.549
 7     0.240     0.961     0.133
 7    -0.807     0.121     0.578
 7     0.540    -0.247     0.804
 8   110.763   -34.412    17.055
 8    -0.198     0.660     0.724
 8    -0.249    -0.749     0.614
 8     0.948    -0.059     0.312
 9   116.860   -33.140    48.545
 9     0.038     0.259    -0.965
 9     0.037     0.964     0.260
 9     0.998    -0.046     0.026
 2    96.663   -20.015    59.081
 2     0.001    -1.000     0.003
 2     0.999     0.001     0.033
 2    -0.034     0.002     0.999
 3   131.619    -5.508     1.767
 3     0.430     0.042    -0.902
 3    -0.258     0.963    -0.078
 3     0.865     0.266     0.424
 4   117.792    13.336   -10.452
 4     0.441    -0.896     0.057
 4     0.871     0.412    -0.266
 4     0.214     0.167     0.962
 5   110.228    23.753    17.782
 5    -0.017    -0.384     0.923
 5     0.242    -0.898    -0.368
 5     0.970     0.217     0.108
