% Calibrated with leiden_pols
% Positions are in centimeters
Data =[
 2    96.663   -20.066    59.081
 2     0.001    -1.000     0.002
 2     0.999     0.001     0.033
 2    -0.034     0.002     0.999
 3   131.483    -5.220     1.903
 3     0.456     0.058    -0.888
 3    -0.287     0.954    -0.085
 3     0.842     0.294     0.451
 4   118.000    14.024    -9.466
 4     0.502    -0.858     0.110
 4     0.839     0.452    -0.301
 4     0.208     0.243     0.947
 5   120.317    21.992    22.042
 5     0.400    -0.301     0.867
 5     0.175    -0.903    -0.392
 5     0.900     0.307    -0.307
 6   137.030    25.035    42.843
 6     0.462    -0.471    -0.755
 6     0.101     0.870    -0.479
 6     0.881     0.144     0.448
 7   117.994   -25.481    -6.783
 7     0.303     0.934     0.188
 7    -0.826     0.159     0.540
 7     0.474    -0.320     0.820
 8   120.691   -29.447    22.071
 8     0.302     0.459     0.837
 8    -0.107    -0.855     0.506
 8     0.947    -0.241    -0.208
 9   137.035   -30.915    48.292
 9     0.427     0.442    -0.792
 9     0.004     0.872     0.486
 9     0.904    -0.210     0.369
 2    96.663   -20.015    59.081
 2     0.001    -1.000     0.002
 2     0.999     0.001     0.033
 2    -0.034     0.002     0.999
 3   131.433    -5.170     1.979
 3     0.455     0.058    -0.889
 3    -0.288     0.954    -0.086
 3     0.842     0.295     0.450
 4   118.004    14.077    -9.420
 4     0.500    -0.859     0.109
 4     0.840     0.450    -0.302
 4     0.210     0.242     0.947
 5   120.216    21.993    22.116
 5     0.398    -0.297     0.869
 5     0.175    -0.905    -0.387
 5     0.900     0.305    -0.307
 6   136.979    25.035    42.945
 6     0.461    -0.472    -0.755
 6     0.101     0.870    -0.480
 6     0.881     0.144     0.447
 7   118.048   -25.428    -6.791
 7     0.304     0.934     0.186
 7    -0.825     0.160     0.541
 7     0.476    -0.318     0.820
 8   120.599   -29.347    22.138
 8     0.298     0.457     0.839
 8    -0.108    -0.857     0.503
 8     0.948    -0.240    -0.206
 9   137.012   -30.864    48.395
 9     0.427     0.446    -0.790
 9     0.005     0.869     0.492
 9     0.904    -0.212     0.367
 2    96.638   -20.015    59.082
 2     0.001    -1.000     0.002
 2     0.999     0.001     0.033
 2    -0.034     0.001     0.999
 3   131.427    -5.147     2.034
 3     0.457     0.056    -0.888
 3    -0.290     0.953    -0.089
 3     0.841     0.298     0.451
 4   117.955    14.129    -9.398
 4     0.499    -0.859     0.109
 4     0.840     0.449    -0.303
 4     0.211     0.243     0.946
 5   120.146    21.997    22.107
 5     0.397    -0.293     0.871
 5     0.177    -0.906    -0.383
 5     0.901     0.304    -0.307
 6   136.934    25.138    42.990
 6     0.460    -0.473    -0.755
 6     0.102     0.869    -0.480
 6     0.882     0.142     0.447
 7   118.123   -25.377    -6.791
 7     0.304     0.934     0.185
 7    -0.825     0.161     0.542
 7     0.476    -0.318     0.820
 8   120.657   -29.296    22.077
 8     0.297     0.454     0.841
 8    -0.109    -0.858     0.500
 8     0.949    -0.239    -0.204
 9   136.962   -30.915    48.344
 9     0.426     0.449    -0.788
 9     0.004     0.868     0.494
 9     0.904    -0.212     0.367
 2    96.663   -20.015    59.082
 2     0.001    -1.000     0.002
 2     0.999     0.001     0.033
 2    -0.034     0.001     0.999
 3   131.552    -5.147     1.933
 3     0.456     0.057    -0.888
 3    -0.290     0.953    -0.089
 3     0.841     0.298     0.450
 4   118.133    14.205    -9.427
 4     0.502    -0.858     0.109
 4     0.839     0.451    -0.305
 4     0.212     0.244     0.946
 5   120.328    22.023    22.028
 5     0.395    -0.300     0.870
 5     0.175    -0.904    -0.389
 5     0.902     0.304    -0.304
 6   136.984    25.138    42.939
 6     0.460    -0.472    -0.755
 6     0.101     0.870    -0.480
 6     0.882     0.143     0.446
 7   118.178   -25.299    -6.900
 7     0.304     0.934     0.185
 7    -0.824     0.161     0.543
 7     0.478    -0.318     0.819
 8   120.737   -29.302    21.659
 8     0.281     0.450     0.849
 8    -0.115    -0.862     0.492
 8     0.953    -0.234    -0.190
 9   137.012   -30.967    48.344
 9     0.426     0.447    -0.789
 9     0.003     0.869     0.492
 9     0.904    -0.211     0.368
 2    96.663   -20.065    59.082
 2     0.001    -1.000     0.002
 2     0.999     0.001     0.033
 2    -0.034     0.001     0.999
 3   131.661    -5.143     1.896
 3     0.455     0.056    -0.889
 3    -0.288     0.953    -0.088
 3     0.843     0.296     0.449
 4   118.135    14.181    -9.481
 4     0.501    -0.859     0.108
 4     0.839     0.450    -0.305
 4     0.213     0.244     0.946
 5   119.713    22.771    21.558
 5     0.378    -0.300     0.878
 5     0.198    -0.899    -0.390
 5     0.904     0.320    -0.279
 6   136.482    25.676    42.250
 6     0.476    -0.423    -0.774
 6     0.101     0.898    -0.426
 6     0.873     0.124     0.468
 7   119.099   -25.352    -7.098
 7     0.316     0.937     0.149
 7    -0.777     0.165     0.607
 7     0.544    -0.308     0.780
 8   118.137   -31.380    20.476
 8     0.131     0.455     0.881
 8    -0.232    -0.850     0.472
 8     0.964    -0.264    -0.005
 9   132.086   -34.686    48.217
 9     0.362     0.391    -0.847
 9    -0.059     0.915     0.396
 9     0.930    -0.093     0.354
 2    96.662   -20.015    59.081
 2     0.000    -1.000     0.002
 2     0.999     0.001     0.033
 2    -0.034     0.002     0.999
 3   131.724    -5.156     1.851
 3     0.444     0.052    -0.895
 3    -0.279     0.956    -0.083
 3     0.851     0.286     0.439
 4   118.222    13.910    -9.936
 4     0.483    -0.872     0.084
 4     0.848     0.441    -0.291
 4     0.216     0.212     0.953
 5   116.914    24.929    20.138
 5     0.257    -0.426     0.869
 5     0.239    -0.842    -0.482
 5     0.936     0.330    -0.113
 6   131.281    26.110    43.390
 6     0.352    -0.270    -0.896
 6     0.073     0.962    -0.261
 6     0.933     0.026     0.358
 7   118.582   -25.449    -7.309
 7     0.241     0.961     0.136
 7    -0.803     0.118     0.584
 7     0.544    -0.250     0.800
 8   113.114   -33.822    18.226
 8    -0.046     0.537     0.842
 8    -0.286    -0.815     0.504
 8     0.957    -0.217     0.191
 9   122.755   -36.248    48.241
 9     0.179     0.309    -0.934
 9    -0.047     0.951     0.305
 9     0.983    -0.011     0.184
 2    96.663   -20.015    59.081
 2     0.001    -1.000     0.003
 2     0.999     0.001     0.033
 2    -0.034     0.002     0.999
 3   131.684    -5.558     1.889
 3     0.430     0.063    -0.901
 3    -0.281     0.957    -0.068
 3     0.858     0.282     0.429
 4   118.157    13.561   -10.237
 4     0.467    -0.883     0.060
 4     0.857     0.434    -0.277
 4     0.218     0.181     0.959
 5   113.262    24.347    18.892
 5     0.104    -0.426     0.899
 5     0.239    -0.867    -0.437
 5     0.965     0.260     0.012
 6   125.649    25.260    43.805
 6     0.255    -0.315    -0.914
 6     0.052     0.948    -0.312
 6     0.965     0.032     0.258
 7   118.669   -25.707    -7.549
 7     0.240     0.961     0.133
 7    -0.807     0.121     0.578
 7     0.540    -0.247     0.804
 8   110.763   -34.412    17.055
 8    -0.198     0.660     0.724
 8    -0.249    -0.749     0.614
 8     0.948    -0.059     0.312
 9   116.860   -33.140    48.545
 9     0.038     0.259    -0.965
 9     0.037     0.964     0.260
 9     0.998    -0.046     0.026
 2    96.663   -20.015    59.081
 2     0.001    -1.000     0.003
 2     0.999     0.001     0.033
 2    -0.034     0.002     0.999
 3   131.619    -5.508     1.767
 3     0.430     0.042    -0.902
 3    -0.258     0.963    -0.078
 3     0.865     0.266     0.424
 4   117.792    13.336   -10.452
 4     0.441    -0.896     0.057
 4     0.871     0.412    -0.266
 4     0.214     0.167     0.962
 5   110.228    23.753    17.782
 5    -0.017    -0.384     0.923
 5     0.242    -0.898    -0.368
 5     0.970     0.217     0.108
 6   121.307    25.031    43.255
 6     0.191    -0.355    -0.915
 6     0.047     0.934    -0.352
 6     0.980     0.024     0.195
 7   117.955   -26.024    -7.953
 7     0.232     0.960     0.154
 7    -0.831     0.113     0.545
 7     0.506    -0.255     0.824
 8   108.348   -33.854    16.200
 8    -0.294     0.665     0.686
 8    -0.204    -0.745     0.635
 8     0.934     0.047     0.354
 9   111.699   -31.842    48.337
 9    -0.056     0.286    -0.957
 9     0.047     0.957     0.284
 9     0.997    -0.030    -0.067
 2    96.800   -20.030    59.104
 2     0.078    -0.997     0.004
 2     0.996     0.078     0.031
 2    -0.032     0.001     0.999
 3   131.596    -5.529     1.539
 3     0.434     0.042    -0.900
 3    -0.252     0.964    -0.077
 3     0.865     0.260     0.429
 4   117.487    13.336   -10.783
 4     0.418    -0.906     0.065
 4     0.885     0.390    -0.255
 4     0.205     0.164     0.965
 5   107.890    23.475    16.500
 5    -0.109    -0.348     0.931
 5     0.250    -0.916    -0.313
 5     0.962     0.198     0.187
 6   117.593    25.571    42.329
 6     0.131    -0.382    -0.915
 6     0.066     0.924    -0.376
 6     0.989    -0.012     0.146
 7   117.551   -25.874    -8.427
 7     0.221     0.960     0.173
 7    -0.847     0.100     0.522
 7     0.484    -0.262     0.835
 8   105.912   -33.954    13.906
 8    -0.396     0.660     0.639
 8    -0.206    -0.741     0.638
 8     0.895     0.121     0.429
 9   107.110   -31.581    46.174
 9    -0.084     0.306    -0.948
 9     0.044     0.952     0.303
 9     0.995    -0.016    -0.094
 2    96.750   -20.005    59.104
 2     0.078    -0.997     0.004
 2     0.996     0.079     0.031
 2    -0.032     0.001     0.999
 3   131.714    -5.496     1.134
 3     0.441     0.026    -0.897
 3    -0.242     0.966    -0.091
 3     0.864     0.257     0.432
 4   117.196    13.156   -11.052
 4     0.387    -0.919     0.074
 4     0.902     0.360    -0.238
 4     0.192     0.158     0.968
 5   106.043    23.093    15.453
 5    -0.187    -0.330     0.925
 5     0.259    -0.925    -0.277
 5     0.947     0.187     0.258
 6   114.151    25.915    41.762
 6     0.053    -0.373    -0.927
 6     0.087     0.925    -0.368
 6     0.995    -0.063     0.080
 7   117.410   -25.799    -8.942
 7     0.216     0.959     0.184
 7    -0.862     0.099     0.496
 7     0.458    -0.266     0.848
 8   104.217   -33.371    12.630
 8    -0.483     0.602     0.636
 8    -0.191    -0.781     0.595
 8     0.854     0.165     0.492
 9   101.213   -35.626    44.718
 9    -0.204     0.592    -0.780
 9    -0.006     0.795     0.606
 9     0.979     0.129    -0.159
 2    96.751   -20.005    59.079
 2     0.079    -0.997     0.004
 2     0.996     0.079     0.031
 2    -0.032     0.001     0.999
 3   131.721    -5.485     1.129
 3     0.445     0.019    -0.895
 3    -0.230     0.969    -0.093
 3     0.865     0.247     0.435
 4   116.940    12.923   -11.257
 4     0.375    -0.923     0.088
 4     0.909     0.347    -0.230
 4     0.182     0.166     0.969
 5   104.535    22.666    14.554
 5    -0.243    -0.331     0.912
 5     0.253    -0.929    -0.270
 5     0.936     0.165     0.309
 6   111.346    25.406    41.249
 6    -0.000    -0.334    -0.943
 6     0.079     0.939    -0.333
 6     0.997    -0.075     0.025
 7   117.107   -25.868    -9.025
 7     0.202     0.961     0.190
 7    -0.871     0.087     0.483
 7     0.447    -0.263     0.854
 8   103.328   -33.563    12.006
 8    -0.531     0.626     0.571
 8    -0.159    -0.736     0.658
 8     0.832     0.259     0.490
 9    96.690   -29.249    42.224
 9    -0.302     0.240    -0.923
 9     0.073     0.971     0.228
 9     0.950     0.001    -0.311
 2    96.751   -20.005    59.079
 2     0.080    -0.997     0.005
 2     0.996     0.080     0.031
 2    -0.032     0.002     0.999
 3   131.587    -5.475     1.047
 3     0.459     0.015    -0.888
 3    -0.213     0.972    -0.094
 3     0.862     0.232     0.449
 4   116.499    12.664   -11.320
 4     0.351    -0.931     0.097
 4     0.921     0.325    -0.215
 4     0.168     0.165     0.972
 5   102.825    22.208    13.440
 5    -0.304    -0.314     0.899
 5     0.248    -0.938    -0.244
 5     0.920     0.149     0.363
 6   108.109    24.724    40.524
 6    -0.057    -0.254    -0.965
 6     0.062     0.964    -0.258
 6     0.996    -0.074    -0.039
 7   116.956   -25.963    -9.095
 7     0.182     0.966     0.182
 7    -0.880     0.077     0.469
 7     0.439    -0.246     0.864
 8   102.226   -33.462    11.282
 8    -0.592     0.619     0.516
 8    -0.130    -0.705     0.697
 8     0.795     0.346     0.497
 9    93.946   -27.479    42.775
 9    -0.391    -0.069    -0.918
 9     0.121     0.984    -0.126
 9     0.912    -0.161    -0.377
 2    96.701   -20.005    59.104
 2     0.080    -0.997     0.004
 2     0.996     0.080     0.031
 2    -0.032     0.001     0.999
 3   131.464    -5.326     1.053
 3     0.470     0.014    -0.883
 3    -0.210     0.973    -0.097
 3     0.857     0.230     0.460
 4   116.411    12.613   -11.436
 4     0.339    -0.936     0.097
 4     0.926     0.314    -0.209
 4     0.164     0.161     0.973
 5   102.032    22.138    12.903
 5    -0.333    -0.297     0.895
 5     0.256    -0.942    -0.217
 5     0.907     0.157     0.389
 6   106.963    24.978    40.042
 6    -0.082    -0.204    -0.975
 6     0.071     0.975    -0.210
 6     0.994    -0.086    -0.066
 7   116.137   -25.749    -9.523
 7     0.158     0.968     0.194
 7    -0.898     0.058     0.437
 7     0.411    -0.244     0.878
 8   101.228   -33.136    10.496
 8    -0.611     0.601     0.516
 8    -0.124    -0.715     0.688
 8     0.782     0.356     0.511
 9    92.631   -26.831    41.738
 9    -0.401    -0.113    -0.909
 9     0.125     0.976    -0.176
 9     0.907    -0.185    -0.377
 2    96.751   -20.031    59.104
 2     0.081    -0.997     0.005
 2     0.996     0.082     0.031
 2    -0.032     0.002     0.999
 3   131.193    -5.396     0.883
 3     0.482     0.026    -0.876
 3    -0.223     0.970    -0.093
 3     0.847     0.240     0.473
 4   115.995    12.558   -11.503
 4     0.339    -0.934     0.110
 4     0.927     0.312    -0.208
 4     0.159     0.172     0.972
 5   101.657    22.138    12.850
 5    -0.333    -0.294     0.896
 5     0.256    -0.943    -0.214
 5     0.907     0.158     0.389
 6   106.740    24.806    40.064
 6    -0.085    -0.167    -0.982
 6     0.065     0.983    -0.173
 6     0.994    -0.079    -0.073
 7   115.462   -25.587    -9.828
 7     0.150     0.965     0.214
 7    -0.905     0.047     0.423
 7     0.398    -0.257     0.880
 8   100.555   -32.715    10.319
 8    -0.611     0.594     0.523
 8    -0.114    -0.720     0.684
 8     0.783     0.359     0.507
 9    91.874   -26.077    41.434
 9    -0.401    -0.120    -0.908
 9     0.138     0.972    -0.190
 9     0.905    -0.202    -0.373
 2    96.752   -20.006    59.079
 2     0.083    -0.996     0.005
 2     0.996     0.083     0.031
 2    -0.032     0.002     0.999
 3   130.896    -5.330     0.718
 3     0.501     0.031    -0.865
 3    -0.223     0.970    -0.095
 3     0.836     0.240     0.493
 4   115.478    12.605   -11.544
 4     0.335    -0.934     0.123
 4     0.929     0.306    -0.205
 4     0.154     0.183     0.971
 5   101.402    22.188    12.819
 5    -0.331    -0.286     0.899
 5     0.262    -0.943    -0.203
 5     0.906     0.168     0.387
 6   106.374    25.151    39.995
 6    -0.090    -0.173    -0.981
 6     0.077     0.980    -0.181
 6     0.993    -0.092    -0.075
 7   115.177   -25.491    -9.762
 7     0.147     0.965     0.214
 7    -0.907     0.045     0.418
 7     0.394    -0.256     0.882
 8   100.175   -32.629    10.113
 8    -0.622     0.582     0.523
 8    -0.110    -0.727     0.678
 8     0.775     0.364     0.516
 9    91.021   -25.982    41.142
 9    -0.414    -0.120    -0.902
 9     0.137     0.971    -0.192
 9     0.900    -0.203    -0.386
 2    96.702   -20.032    59.104
 2     0.084    -0.996     0.005
 2     0.996     0.084     0.031
 2    -0.032     0.002     0.999
 3   130.781    -5.332     0.665
 3     0.509     0.035    -0.860
 3    -0.220     0.971    -0.091
 3     0.832     0.236     0.501
 4   115.449    12.554   -11.594
 4     0.333    -0.935     0.125
 4     0.930     0.304    -0.205
 4     0.153     0.185     0.971
 5   100.867    22.244    12.262
 5    -0.351    -0.275     0.895
 5     0.282    -0.943    -0.178
 5     0.892     0.190     0.408
 6   105.134    26.170    39.389
 6    -0.116    -0.174    -0.978
 6     0.102     0.977    -0.186
 6     0.988    -0.121    -0.096
 7   115.286   -25.492    -9.605
 7     0.137     0.970     0.199
 7    -0.906     0.041     0.421
 7     0.400    -0.239     0.885
 8    99.671   -32.636     9.815
 8    -0.648     0.569     0.507
 8    -0.110    -0.728     0.676
 8     0.754     0.381     0.534
 9    89.376   -26.003    40.427
 9    -0.449    -0.118    -0.886
 9     0.139     0.970    -0.200
 9     0.882    -0.213    -0.420
 2    96.753   -20.032    59.079
 2     0.085    -0.996     0.005
 2     0.996     0.086     0.031
 2    -0.032     0.002     0.999
 3   130.721    -5.354     0.828
 3     0.504     0.036    -0.863
 3    -0.217     0.972    -0.086
 3     0.835     0.231     0.498
 4   115.632    12.480   -11.595
 4     0.333    -0.936     0.116
 4     0.930     0.305    -0.204
 4     0.155     0.176     0.972
 5   100.612    22.231    11.871
 5    -0.371    -0.271     0.888
 5     0.285    -0.943    -0.168
 5     0.883     0.191     0.427
 6   104.570    26.168    39.112
 6    -0.128    -0.177    -0.976
 6     0.102     0.976    -0.191
 6     0.986    -0.124    -0.107
 7   115.536   -25.596    -9.617
 7     0.130     0.974     0.184
 7    -0.906     0.041     0.422
 7     0.403    -0.222     0.888
 8    99.455   -32.785     9.450
 8    -0.668     0.556     0.495
 8    -0.114    -0.733     0.670
 8     0.735     0.391     0.552
 9    88.380   -26.193    39.859
 9    -0.477    -0.122    -0.870
 9     0.129     0.970    -0.207
 9     0.869    -0.211    -0.447
 2    96.753   -20.007    59.104
 2     0.087    -0.996     0.006
 2     0.995     0.088     0.030
 2    -0.032     0.003     0.999
 3   130.725    -5.352     0.899
 3     0.504     0.036    -0.863
 3    -0.217     0.972    -0.086
 3     0.836     0.231     0.497
 4   115.690    12.483   -11.552
 4     0.332    -0.936     0.113
 4     0.930     0.305    -0.207
 4     0.158     0.173     0.972
 5   100.531    22.399    11.774
 5    -0.378    -0.274     0.885
 5     0.296    -0.941    -0.164
 5     0.877     0.200     0.436
 6   104.256    26.738    39.024
 6    -0.137    -0.179    -0.974
 6     0.118     0.973    -0.196
 6     0.983    -0.142    -0.113
 7   115.720   -25.540    -9.459
 7     0.132     0.976     0.174
 7    -0.903     0.045     0.427
 7     0.408    -0.214     0.887
 8    99.644   -32.861     9.563
 8    -0.671     0.559     0.488
 8    -0.118    -0.729     0.674
 8     0.732     0.394     0.555
 9    88.564   -26.548    39.897
 9    -0.481    -0.137    -0.866
 9     0.121     0.968    -0.220
 9     0.868    -0.211    -0.449
 2    96.754   -20.007    59.079
 2     0.089    -0.996     0.006
 2     0.995     0.089     0.030
 2    -0.032     0.003     0.999
 3   130.879    -5.352     1.139
 3     0.488     0.039    -0.872
 3    -0.226     0.970    -0.083
 3     0.843     0.238     0.482
 4   116.260    12.710   -11.309
 4     0.353    -0.930     0.106
 4     0.921     0.325    -0.213
 4     0.163     0.172     0.971
 5   102.124    23.090    12.649
 5    -0.347    -0.318     0.882
 5     0.308    -0.927    -0.214
 5     0.886     0.198     0.419
 6   107.505    27.666    39.767
 6    -0.091    -0.206    -0.974
 6     0.129     0.968    -0.217
 6     0.987    -0.146    -0.062
 7   116.009   -25.776    -8.933
 7     0.172     0.967     0.187
 7    -0.886     0.069     0.458
 7     0.430    -0.244     0.869
 8   101.970   -33.819    11.548
 8    -0.592     0.632     0.500
 8    -0.162    -0.701     0.695
 8     0.789     0.330     0.517
 9    95.750   -29.357    43.147
 9    -0.340    -0.098    -0.935
 9     0.052     0.991    -0.122
 9     0.939    -0.090    -0.332
 2    96.754   -20.007    59.104
 2     0.089    -0.996     0.006
 2     0.995     0.089     0.030
 2    -0.032     0.003     0.999
 3   131.002    -5.544     1.384
 3     0.476     0.044    -0.879
 3    -0.248     0.965    -0.087
 3     0.844     0.259     0.469
 4   116.401    12.833   -10.838
 4     0.403    -0.909     0.108
 4     0.898     0.369    -0.237
 4     0.175     0.193     0.965
 5   106.061    23.528    15.831
 5    -0.134    -0.258     0.957
 5     0.363    -0.911    -0.195
 5     0.922     0.321     0.215
 6   118.225    29.590    40.613
 6     0.219    -0.418    -0.882
 6     0.179     0.905    -0.384
 6     0.959    -0.074     0.273
 7   117.457   -26.203    -7.888
 7     0.286     0.939     0.191
 7    -0.834     0.145     0.532
 7     0.471    -0.312     0.825
 8   106.635   -34.815    14.683
 8    -0.433     0.711     0.554
 8    -0.212    -0.677     0.704
 8     0.876     0.188     0.444
 9   107.028   -32.085    46.872
 9    -0.150    -0.007    -0.989
 9     0.021     1.000    -0.010
 9     0.988    -0.023    -0.150
 2    96.754   -20.032    59.079
 2     0.088    -0.996     0.006
 2     0.995     0.089     0.030
 2    -0.032     0.003     0.999
 3   131.149    -5.883     1.444
 3     0.471     0.057    -0.880
 3    -0.260     0.962    -0.077
 3     0.843     0.265     0.468
 4   116.981    12.685   -10.478
 4     0.466    -0.876     0.124
 4     0.868     0.425    -0.256
 4     0.171     0.227     0.958
 5   112.871    24.581    18.430
 5     0.135    -0.281     0.950
 5     0.364    -0.878    -0.311
 5     0.921     0.387    -0.017
 6   128.700    29.918    41.031
 6     0.396    -0.436    -0.809
 6     0.180     0.899    -0.396
 6     0.900     0.011     0.435
 7   117.811   -26.206    -7.292
 7     0.308     0.927     0.213
 7    -0.807     0.136     0.575
 7     0.504    -0.349     0.790
 8   109.996   -33.644    18.051
 8    -0.201     0.562     0.802
 8    -0.258    -0.820     0.510
 8     0.945    -0.104     0.310
 9   120.874   -35.490    47.569
 9     0.175     0.203    -0.963
 9    -0.048     0.979     0.198
 9     0.983     0.011     0.181
 2    96.702   -20.032    59.104
 2     0.084    -0.996     0.005
 2     0.996     0.085     0.031
 2    -0.032     0.002     0.999
 3   131.492    -6.072     1.858
 3     0.441     0.090    -0.893
 3    -0.283     0.958    -0.043
 3     0.852     0.272     0.447
 4   118.502    13.418    -9.752
 4     0.510    -0.856     0.083
 4     0.833     0.468    -0.296
 4     0.214     0.220     0.952
 5   119.212    24.190    21.037
 5     0.352    -0.266     0.898
 5     0.315    -0.870    -0.379
 5     0.881     0.415    -0.222
 6   137.149    29.115    40.974
 6     0.510    -0.449    -0.737
 6     0.174     0.889    -0.420
 6     0.842     0.085     0.530
 7   117.634   -25.798    -6.627
 7     0.261     0.945     0.196
 7    -0.804     0.100     0.586
 7     0.534    -0.311     0.786
 8   117.368   -31.569    21.385
 8     0.176     0.319     0.931
 8    -0.271    -0.894     0.356
 8     0.946    -0.314    -0.071
 9   135.598   -36.608    46.167
 9     0.481     0.413    -0.775
 9    -0.094     0.901     0.421
 9     0.871    -0.130     0.472
 2    96.702   -20.031    59.104
 2     0.083    -0.996     0.005
 2     0.996     0.083     0.031
 2    -0.032     0.002     0.999
 3   131.835    -5.493     2.276
 3     0.433     0.069    -0.899
 3    -0.290     0.954    -0.067
 3     0.853     0.290     0.433
 4   119.089    14.170    -9.027
 4     0.503    -0.862     0.060
 4     0.823     0.457    -0.336
 4     0.262     0.218     0.940
 5   123.214    23.567    22.547
 5     0.486    -0.260     0.835
 5     0.258    -0.870    -0.420
 5     0.835     0.419    -0.356
 6   142.136    27.755    40.433
 6     0.583    -0.439    -0.687
 6     0.149     0.885    -0.437
 6     0.798     0.153     0.581
 7   119.304   -25.190    -6.724
 7     0.320     0.933     0.161
 7    -0.788     0.168     0.592
 7     0.526    -0.317     0.789
 8   123.892   -30.147    22.423
 8     0.418     0.344     0.841
 8    -0.186    -0.874     0.448
 8     0.889    -0.344    -0.301
 9   144.569   -33.361    44.049
 9     0.632     0.475    -0.614
 9    -0.029     0.804     0.591
 9     0.774    -0.357     0.523
 2    96.752   -20.031    59.079
 2     0.083    -0.996     0.005
 2     0.996     0.083     0.031
 2    -0.032     0.002     0.999
 3   132.306    -4.981     2.581
 3     0.418     0.042    -0.907
 3    -0.291     0.952    -0.090
 3     0.860     0.301     0.410
 4   119.863    14.552    -8.755
 4     0.497    -0.867     0.035
 4     0.817     0.453    -0.356
 4     0.292     0.206     0.934
 5   124.177    22.986    23.088
 5     0.516    -0.251     0.820
 5     0.223    -0.885    -0.409
 5     0.827     0.393    -0.400
 6   143.491    26.773    40.611
 6     0.626    -0.495    -0.605
 6     0.112     0.822    -0.556
 6     0.771     0.280     0.571
 7   120.044   -24.850    -6.891
 7     0.324     0.939     0.116
 7    -0.796     0.204     0.570
 7     0.512    -0.277     0.813
 8   124.556   -28.721    22.655
 8     0.445     0.425     0.790
 8    -0.089    -0.855     0.509
 8     0.891    -0.296    -0.342
 9   145.705   -29.820    43.819
 9     0.668     0.441    -0.601
 9     0.068     0.767     0.636
 9     0.740    -0.466     0.483
 2    96.752   -20.031    59.104
 2     0.083    -0.996     0.005
 2     0.996     0.083     0.031
 2    -0.032     0.002     0.999
 3   132.335    -4.782     2.794
 3     0.410     0.036    -0.911
 3    -0.298     0.949    -0.097
 3     0.862     0.312     0.400
 4   119.988    14.837    -8.473
 4     0.498    -0.867     0.025
 4     0.813     0.456    -0.361
 4     0.301     0.200     0.932
 5   123.964    22.516    23.638
 5     0.528    -0.267     0.807
 5     0.183    -0.892    -0.413
 5     0.829     0.365    -0.422
 6   143.741    25.740    40.330
 6     0.660    -0.496    -0.567
 6     0.069     0.789    -0.608
 6     0.748     0.362     0.555
 7   119.259   -24.781    -7.277
 7     0.337     0.925     0.175
 7    -0.830     0.204     0.519
 7     0.444    -0.320     0.836
 8   125.132   -29.305    22.066
 8     0.461     0.452     0.765
 8    -0.101    -0.828     0.549
 8     0.881    -0.330    -0.335
 9   146.261   -29.279    43.398
 9     0.636     0.383    -0.671
 9     0.089     0.826     0.555
 9     0.766    -0.412     0.492
 2    96.752   -20.031    59.104
 2     0.083    -0.996     0.005
 2     0.996     0.083     0.031
 2    -0.032     0.002     0.999
 3   132.276    -4.789     2.580
 3     0.421     0.033    -0.906
 3    -0.301     0.948    -0.105
 3     0.855     0.317     0.409
 4   119.782    14.825    -8.492
 4     0.506    -0.862     0.037
 4     0.812     0.460    -0.357
 4     0.289     0.211     0.933
 5   123.810    22.235    23.712
 5     0.527    -0.279     0.804
 5     0.165    -0.893    -0.417
 5     0.833     0.351    -0.424
 6   143.686    25.161    40.364
 6     0.653    -0.508    -0.566
 6     0.057     0.774    -0.627
 6     0.755     0.377     0.535
 7   119.521   -24.905    -7.382
 7     0.351     0.917     0.186
 7    -0.828     0.211     0.519
 7     0.437    -0.337     0.834
 8   125.369   -29.332    21.938
 8     0.453     0.464     0.762
 8    -0.104    -0.821     0.560
 8     0.885    -0.333    -0.323
 9   146.300   -29.271    43.466
 9     0.629     0.368    -0.686
 9     0.092     0.840     0.533
 9     0.772    -0.399     0.494
 2    96.702   -20.031    59.104
 2     0.083    -0.996     0.005
 2     0.996     0.083     0.031
 2    -0.032     0.002     0.999
 3   132.450    -4.733     2.426
 3     0.425     0.026    -0.905
 3    -0.296     0.948    -0.112
 3     0.855     0.315     0.411
 4   119.832    14.766    -8.590
 4     0.506    -0.862     0.045
 4     0.816     0.460    -0.349
 4     0.279     0.213     0.936
 5   123.749    22.166    23.591
 5     0.524    -0.276     0.807
 5     0.165    -0.896    -0.411
 5     0.836     0.348    -0.424
 6   143.636    24.983    40.362
 6     0.653    -0.509    -0.565
 6     0.055     0.773    -0.629
 6     0.755     0.380     0.533
 7   119.694   -24.902    -7.481
 7     0.357     0.915     0.188
 7    -0.826     0.215     0.521
 7     0.436    -0.341     0.833
 8   125.479   -29.382    21.875
 8     0.448     0.464     0.765
 8    -0.106    -0.822     0.559
 8     0.887    -0.331    -0.319
 9   146.350   -29.144    43.401
 9     0.627     0.355    -0.694
 9     0.091     0.850     0.517
 9     0.774    -0.388     0.501
 2    96.752   -20.031    59.079
 2     0.083    -0.996     0.005
 2     0.996     0.083     0.031
 2    -0.032     0.002     0.999
 3   132.516    -4.784     2.260
 3     0.430     0.027    -0.902
 3    -0.295     0.949    -0.112
 3     0.853     0.315     0.416
 4   119.781    14.758    -8.665
 4     0.507    -0.861     0.055
 4     0.819     0.460    -0.342
 4     0.269     0.219     0.938
 5   123.704    22.066    23.557
 5     0.522    -0.275     0.809
 5     0.163    -0.898    -0.408
 5     0.837     0.344    -0.424
 6   143.498    24.908    40.365
 6     0.654    -0.520    -0.553
 6     0.060     0.760    -0.643
 6     0.753     0.388     0.529
 7   119.644   -24.979    -7.477
 7     0.357     0.914     0.193
 7    -0.826     0.212     0.521
 7     0.435    -0.346     0.831
 8   125.479   -29.331    21.874
 8     0.449     0.463     0.765
 8    -0.106    -0.822     0.558
 8     0.887    -0.331    -0.319
 9   146.346   -29.092    43.450
 9     0.626     0.348    -0.699
 9     0.093     0.855     0.509
 9     0.774    -0.384     0.503
 2    96.752   -20.031    59.079
 2     0.083    -0.996     0.005
 2     0.996     0.083     0.031
 2    -0.032     0.002     0.999
 3   132.467    -4.784     2.261
 3     0.430     0.027    -0.902
 3    -0.294     0.949    -0.112
 3     0.853     0.313     0.416
 4   119.777    14.655    -8.684
 4     0.508    -0.860     0.055
 4     0.818     0.461    -0.341
 4     0.267     0.218     0.938
 5   123.704    22.041    23.558
 5     0.522    -0.274     0.809
 5     0.164    -0.898    -0.408
 5     0.837     0.344    -0.423
 6   143.448    24.958    40.365
 6     0.655    -0.520    -0.553
 6     0.060     0.761    -0.643
 6     0.753     0.388     0.530
 7   119.572   -25.029    -7.429
 7     0.357     0.914     0.194
 7    -0.826     0.211     0.522
 7     0.436    -0.346     0.830
 8   125.425   -29.433    21.983
 8     0.450     0.462     0.765
 8    -0.106    -0.823     0.557
 8     0.886    -0.331    -0.321
 9   146.340   -29.066    43.504
 9     0.626     0.342    -0.701
 9     0.097     0.857     0.504
 9     0.773    -0.384     0.504
];