2 	  33.19	  -8.30	  22.82
	  0.971	  0.239	  0.004
	 -0.240	  0.969	 -0.051
	 -0.015	  0.047	  0.999

3 	  43.21	  -0.11	   1.76
	  0.552	 -0.245	  0.797
	 -0.068	  0.939	  0.336
	 -0.832	 -0.240	  0.500

4 	  39.25	   6.49	   0.18
	  0.582	  0.734	  0.349
	 -0.753	  0.323	  0.573
	  0.309	 -0.596	  0.741

5 	  39.27	   7.88	  10.85
	  0.283	  0.059	  0.957
	 -0.306	 -0.940	  0.147
	  0.910	 -0.334	 -0.247

6 	  42.93	   9.65	  17.65
	  0.194	  0.086	  0.977
	 -0.554	  0.831	  0.034
	 -0.811	 -0.547	  0.208

7 	  39.83	  -6.98	  -1.04
	  0.729	 -0.658	  0.186
	  0.649	  0.579	 -0.493
	  0.217	  0.480	  0.850

8 	  40.11	 -10.04	   8.75
	  0.142	 -0.180	  0.973
	  0.797	 -0.562	 -0.220
	  0.587	  0.807	  0.064

9 	  43.37	 -10.95	  16.63
	  0.146	 -0.129	  0.981
	  0.391	  0.918	  0.064
	 -0.910	  0.373	  0.184

2 	  33.19	  -8.30	  22.82
	  0.971	  0.239	  0.004
	 -0.240	  0.969	 -0.050
	 -0.015	  0.047	  0.999

3 	  43.28	  -0.07	   1.81
	  0.547	 -0.244	  0.801
	 -0.073	  0.939	  0.335
	 -0.834	 -0.242	  0.495

4 	  39.30	   6.52	   0.18
	  0.579	  0.735	  0.354
	 -0.758	  0.323	  0.567
	  0.303	 -0.596	  0.743

5 	  39.25	   7.88	  10.86
	  0.280	  0.056	  0.958
	 -0.303	 -0.942	  0.142
	  0.911	 -0.329	 -0.246

6 	  42.91	   9.67	  17.68
	  0.194	  0.086	  0.977
	 -0.560	  0.827	  0.035
	 -0.807	 -0.553	  0.207

7 	  39.90	  -6.94	  -1.02
	  0.731	 -0.656	  0.188
	  0.649	  0.584	 -0.487
	  0.210	  0.478	  0.853

8 	  40.17	 -10.02	   8.77
	  0.139	 -0.180	  0.974
	  0.803	 -0.554	 -0.217
	  0.579	  0.812	  0.068

9 	  43.38	 -10.93	  16.65
	  0.144	 -0.129	  0.981
	  0.386	  0.920	  0.066
	 -0.912	  0.368	  0.181

2 	  33.19	  -8.30	  22.83
	  0.971	  0.239	  0.004
	 -0.240	  0.969	 -0.050
	 -0.015	  0.047	  0.999

3 	  43.29	  -0.05	   1.83
	  0.545	 -0.243	  0.802
	 -0.076	  0.939	  0.335
	 -0.835	 -0.244	  0.493

4 	  39.30	   6.54	   0.19
	  0.577	  0.735	  0.355
	 -0.760	  0.322	  0.565
	  0.302	 -0.596	  0.744

5 	  39.25	   7.88	  10.86
	  0.279	  0.053	  0.959
	 -0.301	 -0.943	  0.138
	  0.912	 -0.326	 -0.246

6 	  42.91	   9.67	  17.68
	  0.194	  0.085	  0.977
	 -0.562	  0.826	  0.036
	 -0.806	 -0.555	  0.207

7 	  39.92	  -6.94	  -1.02
	  0.731	 -0.655	  0.189
	  0.649	  0.583	 -0.489
	  0.211	  0.480	  0.851

8 	  40.15	 -10.00	   8.79
	  0.139	 -0.180	  0.974
	  0.801	 -0.558	 -0.217
	  0.583	  0.809	  0.067

9 	  43.38	 -10.95	  16.65
	  0.144	 -0.130	  0.981
	  0.386	  0.920	  0.067
	 -0.912	  0.368	  0.182

2 	  33.19	  -8.28	  22.82
	  0.971	  0.239	  0.004
	 -0.240	  0.969	 -0.051
	 -0.015	  0.047	  0.999

3 	  43.28	  -0.05	   1.85
	  0.546	 -0.243	  0.802
	 -0.078	  0.938	  0.336
	 -0.835	 -0.246	  0.493

4 	  39.29	   6.52	   0.19
	  0.576	  0.735	  0.356
	 -0.759	  0.320	  0.567
	  0.304	 -0.597	  0.742

5 	  39.25	   7.88	  10.86
	  0.279	  0.054	  0.959
	 -0.301	 -0.943	  0.139
	  0.912	 -0.327	 -0.246

6 	  42.89	   9.67	  17.70
	  0.194	  0.085	  0.977
	 -0.562	  0.826	  0.036
	 -0.806	 -0.555	  0.206

7 	  39.87	  -6.96	  -1.00
	  0.732	 -0.654	  0.190
	  0.647	  0.581	 -0.493
	  0.213	  0.484	  0.849

8 	  40.11	 -10.02	   8.81
	  0.141	 -0.180	  0.973
	  0.798	 -0.561	 -0.219
	  0.586	  0.807	  0.065

9 	  43.37	 -10.93	  16.66
	  0.145	 -0.130	  0.981
	  0.389	  0.919	  0.066
	 -0.910	  0.371	  0.183

2 	  33.19	  -8.30	  22.82
	  0.971	  0.239	  0.004
	 -0.240	  0.969	 -0.050
	 -0.015	  0.046	  0.999

3 	  43.24	  -0.07	   1.85
	  0.546	 -0.242	  0.802
	 -0.076	  0.939	  0.335
	 -0.835	 -0.244	  0.494

4 	  39.29	   6.52	   0.19
	  0.577	  0.736	  0.354
	 -0.758	  0.322	  0.567
	  0.304	 -0.595	  0.744

5 	  39.25	   7.88	  10.86
	  0.280	  0.057	  0.958
	 -0.304	 -0.942	  0.144
	  0.911	 -0.331	 -0.245

6 	  42.91	   9.67	  17.68
	  0.193	  0.085	  0.977
	 -0.560	  0.827	  0.035
	 -0.807	 -0.553	  0.206

7 	  39.88	  -7.00	  -1.00
	  0.731	 -0.654	  0.191
	  0.648	  0.580	 -0.492
	  0.211	  0.484	  0.849

8 	  40.15	 -10.07	   8.79
	  0.134	 -0.181	  0.974
	  0.804	 -0.554	 -0.213
	  0.579	  0.812	  0.071

9 	  43.37	 -10.95	  16.66
	  0.145	 -0.128	  0.981
	  0.389	  0.919	  0.063
	 -0.911	  0.371	  0.182

2 	  33.19	  -8.28	  22.82
	  0.971	  0.239	  0.004
	 -0.240	  0.969	 -0.050
	 -0.015	  0.046	  0.999

3 	  43.35	  -0.05	   1.85
	  0.547	 -0.238	  0.802
	 -0.080	  0.940	  0.333
	 -0.833	 -0.246	  0.495

4 	  39.38	   6.50	   0.12
	  0.577	  0.734	  0.357
	 -0.763	  0.328	  0.556
	  0.292	 -0.593	  0.750

5 	  39.25	   7.88	  10.85
	  0.280	  0.059	  0.958
	 -0.304	 -0.941	  0.145
	  0.911	 -0.331	 -0.245

6 	  42.91	   9.67	  17.68
	  0.193	  0.085	  0.977
	 -0.560	  0.827	  0.035
	 -0.807	 -0.553	  0.206

7 	  40.03	  -6.98	  -1.04
	  0.737	 -0.647	  0.194
	  0.646	  0.591	 -0.483
	  0.198	  0.482	  0.853

8 	  40.24	 -10.05	   8.75
	  0.132	 -0.180	  0.975
	  0.813	 -0.542	 -0.210
	  0.567	  0.820	  0.076

9 	  43.40	 -10.92	  16.66
	  0.139	 -0.128	  0.982
	  0.374	  0.925	  0.069
	 -0.918	  0.356	  0.176

2 	  33.19	  -8.28	  22.82
	  0.971	  0.239	  0.004
	 -0.240	  0.969	 -0.050
	 -0.015	  0.046	  0.999

3 	  43.38	  -0.02	   1.81
	  0.549	 -0.239	  0.800
	 -0.077	  0.940	  0.333
	 -0.832	 -0.244	  0.498

4 	  39.38	   6.52	   0.14
	  0.577	  0.734	  0.358
	 -0.763	  0.329	  0.556
	  0.291	 -0.594	  0.750

5 	  39.25	   7.88	  10.86
	  0.279	  0.057	  0.958
	 -0.302	 -0.943	  0.143
	  0.912	 -0.328	 -0.245

6 	  42.89	   9.67	  17.68
	  0.193	  0.085	  0.977
	 -0.565	  0.824	  0.036
	 -0.804	 -0.557	  0.205

7 	  40.03	  -6.96	  -1.04
	  0.737	 -0.647	  0.193
	  0.646	  0.592	 -0.482
	  0.198	  0.480	  0.854

8 	  40.24	 -10.07	   8.72
	  0.129	 -0.178	  0.975
	  0.815	 -0.541	 -0.206
	  0.565	  0.821	  0.076

9 	  43.42	 -10.93	  16.65
	  0.139	 -0.128	  0.982
	  0.374	  0.924	  0.069
	 -0.917	  0.357	  0.176

2 	  33.19	  -8.28	  22.82
	  0.971	  0.239	  0.004
	 -0.240	  0.969	 -0.050
	 -0.015	  0.046	  0.999

3 	  43.44	   0.00	   1.81
	  0.549	 -0.240	  0.801
	 -0.076	  0.940	  0.333
	 -0.833	 -0.243	  0.497

4 	  39.46	   6.54	   0.12
	  0.580	  0.730	  0.362
	 -0.766	  0.337	  0.547
	  0.278	 -0.594	  0.755

5 	  39.27	   7.89	  10.83
	  0.280	  0.068	  0.957
	 -0.314	 -0.936	  0.156
	  0.908	 -0.343	 -0.241

6 	  42.87	   9.67	  17.67
	  0.188	  0.085	  0.978
	 -0.575	  0.817	  0.036
	 -0.798	 -0.568	  0.201

7 	  40.13	  -6.96	  -1.04
	  0.736	 -0.647	  0.198
	  0.649	  0.592	 -0.477
	  0.192	  0.479	  0.856

8 	  40.27	 -10.05	   8.74
	  0.126	 -0.179	  0.976
	  0.817	 -0.539	 -0.204
	  0.563	  0.823	  0.079

9 	  43.42	 -10.93	  16.66
	  0.137	 -0.127	  0.982
	  0.373	  0.925	  0.069
	 -0.918	  0.356	  0.173

2 	  33.19	  -8.28	  22.82
	  0.971	  0.239	  0.004
	 -0.240	  0.969	 -0.050
	 -0.015	  0.046	  0.999

3 	  43.54	  -0.04	   1.86
	  0.540	 -0.243	  0.806
	 -0.078	  0.939	  0.335
	 -0.839	 -0.243	  0.488

4 	  39.55	   6.54	   0.14
	  0.580	  0.728	  0.366
	 -0.769	  0.339	  0.542
	  0.271	 -0.596	  0.756

5 	  39.30	   7.89	  10.85
	  0.276	  0.065	  0.959
	 -0.317	 -0.936	  0.153
	  0.908	 -0.344	 -0.237

6 	  42.87	   9.67	  17.68
	  0.186	  0.084	  0.979
	 -0.575	  0.817	  0.036
	 -0.798	 -0.568	  0.199

7 	  40.15	  -6.96	  -1.02
	  0.734	 -0.648	  0.199
	  0.651	  0.591	 -0.476
	  0.191	  0.479	  0.856

8 	  40.27	 -10.07	   8.72
	  0.116	 -0.176	  0.977
	  0.819	 -0.540	 -0.194
	  0.562	  0.823	  0.082

9 	  43.42	 -10.92	  16.68
	  0.137	 -0.127	  0.982
	  0.372	  0.925	  0.069
	 -0.919	  0.355	  0.173

2 	  33.19	  -8.28	  22.82
	  0.971	  0.239	  0.003
	 -0.240	  0.969	 -0.049
	 -0.014	  0.046	  0.999

3 	  43.52	  -0.05	   1.88
	  0.537	 -0.245	  0.807
	 -0.078	  0.938	  0.336
	 -0.841	 -0.244	  0.484

4 	  39.60	   6.52	   0.16
	  0.585	  0.721	  0.370
	 -0.768	  0.344	  0.540
	  0.263	 -0.600	  0.755

5 	  39.27	   7.91	  10.74
	  0.261	  0.084	  0.961
	 -0.335	 -0.927	  0.170
	  0.906	 -0.365	 -0.213

6 	  42.89	   9.67	  17.63
	  0.186	  0.085	  0.979
	 -0.564	  0.825	  0.032
	 -0.806	 -0.557	  0.200

7 	  40.20	  -6.94	  -0.97
	  0.751	 -0.627	  0.207
	  0.634	  0.596	 -0.493
	  0.186	  0.501	  0.845

8 	  40.48	 -10.07	   8.53
	  0.099	 -0.179	  0.979
	  0.842	 -0.510	 -0.178
	  0.531	  0.841	  0.101

9 	  43.40	 -11.06	  16.58
	  0.129	 -0.147	  0.981
	  0.426	  0.901	  0.080
	 -0.896	  0.406	  0.178

2 	  33.19	  -8.30	  22.82
	  0.971	  0.239	  0.004
	 -0.240	  0.969	 -0.050
	 -0.015	  0.046	  0.999

3 	  43.56	  -0.02	   1.93
	  0.530	 -0.242	  0.812
	 -0.084	  0.939	  0.334
	 -0.844	 -0.245	  0.477

4 	  39.73	   6.52	   0.09
	  0.589	  0.722	  0.363
	 -0.768	  0.359	  0.530
	  0.253	 -0.591	  0.766

5 	  39.45	   8.16	  10.53
	  0.249	  0.142	  0.958
	 -0.352	 -0.909	  0.224
	  0.903	 -0.391	 -0.176

6 	  43.14	  10.23	  17.26
	  0.201	  0.124	  0.972
	 -0.603	  0.797	  0.020
	 -0.774	 -0.589	  0.233

7 	  40.25	  -6.94	  -0.86
	  0.761	 -0.614	  0.206
	  0.621	  0.599	 -0.506
	  0.187	  0.513	  0.837

8 	  41.29	 -10.23	   8.51
	  0.205	 -0.209	  0.956
	  0.795	 -0.534	 -0.287
	  0.572	  0.818	  0.058

9 	  45.26	 -11.44	  15.89
	  0.245	 -0.183	  0.952
	  0.432	  0.899	  0.064
	 -0.870	  0.393	  0.298

2 	  33.19	  -8.28	  22.82
	  0.971	  0.239	  0.004
	 -0.240	  0.969	 -0.050
	 -0.015	  0.046	  0.999

3 	  43.51	  -0.05	   1.93
	  0.529	 -0.234	  0.815
	 -0.079	  0.943	  0.321
	 -0.845	 -0.235	  0.480

4 	  39.60	   6.43	  -0.25
	  0.608	  0.741	  0.284
	 -0.735	  0.389	  0.555
	  0.302	 -0.546	  0.781

5 	  40.54	   8.68	   9.98
	  0.391	  0.215	  0.895
	 -0.308	 -0.886	  0.345
	  0.868	 -0.410	 -0.280

6 	  45.47	  11.07	  15.64
	  0.378	  0.175	  0.909
	 -0.570	  0.818	  0.077
	 -0.732	 -0.546	  0.407

7 	  40.08	  -7.01	  -0.95
	  0.777	 -0.607	  0.164
	  0.589	  0.611	 -0.529
	  0.221	  0.508	  0.832

8 	  42.66	 -10.32	   8.09
	  0.408	 -0.220	  0.886
	  0.721	 -0.518	 -0.460
	  0.561	  0.826	 -0.052

9 	  48.01	 -11.29	  14.29
	  0.442	 -0.182	  0.878
	  0.376	  0.926	  0.005
	 -0.816	  0.326	  0.477

2 	  33.19	  -8.28	  22.82
	  0.971	  0.239	  0.004
	 -0.240	  0.969	 -0.050
	 -0.015	  0.046	  0.999

3 	  43.42	  -0.16	   1.86
	  0.542	 -0.234	  0.807
	 -0.057	  0.948	  0.313
	 -0.839	 -0.215	  0.499

4 	  39.57	   6.28	  -0.63
	  0.665	  0.725	  0.177
	 -0.659	  0.458	  0.595
	  0.351	 -0.513	  0.783

5 	  42.05	   9.11	   9.21
	  0.558	  0.249	  0.791
	 -0.286	 -0.838	  0.464
	  0.779	 -0.484	 -0.397

6 	  48.08	  11.18	  13.52
	  0.582	  0.161	  0.796
	 -0.454	  0.878	  0.152
	 -0.676	 -0.449	  0.584

7 	  39.78	  -7.01	  -1.04
	  0.780	 -0.616	  0.112
	  0.568	  0.620	 -0.542
	  0.265	  0.486	  0.833

8 	  43.72	 -10.18	   7.47
	  0.588	 -0.217	  0.779
	  0.603	 -0.525	 -0.600
	  0.541	  0.822	 -0.178

9 	  50.15	 -10.86	  12.38
	  0.608	 -0.155	  0.779
	  0.315	  0.947	 -0.056
	 -0.731	  0.277	  0.623

2 	  33.19	  -8.28	  22.82
	  0.971	  0.239	  0.004
	 -0.240	  0.969	 -0.050
	 -0.015	  0.046	  0.999

3 	  43.35	  -0.21	   1.74
	  0.555	 -0.237	  0.797
	 -0.033	  0.951	  0.305
	 -0.831	 -0.196	  0.520

4 	  39.43	   6.21	  -0.90
	  0.700	  0.709	  0.084
	 -0.592	  0.510	  0.624
	  0.401	 -0.487	  0.776

5 	  43.21	   9.37	   8.38
	  0.687	  0.260	  0.678
	 -0.240	 -0.801	  0.548
	  0.687	 -0.538	 -0.488

6 	  49.87	  11.18	  11.46
	  0.721	  0.141	  0.678
	 -0.359	  0.913	  0.191
	 -0.594	 -0.380	  0.709

7 	  39.53	  -6.91	  -1.16
	  0.784	 -0.619	  0.049
	  0.540	  0.640	 -0.546
	  0.307	  0.455	  0.836

8 	  44.74	  -9.98	   6.56
	  0.733	 -0.211	  0.646
	  0.472	 -0.527	 -0.706
	  0.491	  0.822	 -0.287

9 	  51.93	 -10.49	   9.91
	  0.750	 -0.139	  0.646
	  0.269	  0.957	 -0.106
	 -0.605	  0.252	  0.755

2 	  33.19	  -8.28	  22.82
	  0.971	  0.239	  0.004
	 -0.240	  0.969	 -0.051
	 -0.015	  0.047	  0.999

3 	  43.28	  -0.16	   1.63
	  0.569	 -0.243	  0.785
	 -0.014	  0.952	  0.305
	 -0.823	 -0.185	  0.538

4 	  39.16	   6.19	  -1.05
	  0.722	  0.691	 -0.021
	 -0.517	  0.559	  0.648
	  0.461	 -0.458	  0.760

5 	  44.31	   9.60	   7.37
	  0.807	  0.256	  0.531
	 -0.152	 -0.781	  0.605
	  0.570	 -0.568	 -0.593

6 	  51.42	  11.13	   8.82
	  0.854	  0.109	  0.508
	 -0.257	  0.938	  0.230
	 -0.452	 -0.328	  0.829

7 	  39.27	  -6.61	  -1.37
	  0.784	 -0.620	 -0.021
	  0.515	  0.670	 -0.534
	  0.345	  0.409	  0.844

8 	  45.37	  -9.67	   5.52
	  0.826	 -0.208	  0.524
	  0.357	 -0.526	 -0.772
	  0.437	  0.824	 -0.361

9 	  52.89	 -10.04	   7.66
	  0.840	 -0.128	  0.526
	  0.233	  0.963	 -0.138
	 -0.491	  0.237	  0.838

2 	  33.19	  -8.28	  22.82
	  0.971	  0.239	  0.004
	 -0.240	  0.969	 -0.051
	 -0.015	  0.048	  0.999

3 	  43.22	  -0.05	   1.48
	  0.586	 -0.249	  0.771
	  0.007	  0.953	  0.302
	 -0.811	 -0.172	  0.560

4 	  38.85	   6.08	  -1.34
	  0.728	  0.674	 -0.126
	 -0.449	  0.606	  0.656
	  0.519	 -0.421	  0.743

5 	  45.00	   9.74	   6.24
	  0.880	  0.250	  0.404
	 -0.082	 -0.758	  0.646
	  0.469	 -0.601	 -0.647

6 	  52.22	  10.92	   6.43
	  0.931	  0.072	  0.357
	 -0.164	  0.958	  0.234
	 -0.326	 -0.277	  0.904

7 	  39.02	  -6.49	  -1.56
	  0.779	 -0.619	 -0.094
	  0.490	  0.695	 -0.526
	  0.391	  0.364	  0.845

8 	  45.90	  -9.42	   4.34
	  0.901	 -0.186	  0.390
	  0.250	 -0.514	 -0.821
	  0.354	  0.837	 -0.417

9 	  53.72	  -9.49	   5.01
	  0.923	 -0.101	  0.371
	  0.173	  0.970	 -0.168
	 -0.345	  0.219	  0.912

2 	  33.19	  -8.28	  22.82
	  0.971	  0.238	  0.003
	 -0.239	  0.969	 -0.052
	 -0.014	  0.048	  0.999

3 	  43.14	  -0.02	   1.25
	  0.605	 -0.249	  0.756
	  0.022	  0.955	  0.296
	 -0.796	 -0.163	  0.583

4 	  38.46	   5.89	  -1.53
	  0.711	  0.671	 -0.207
	 -0.412	  0.636	  0.652
	  0.570	 -0.379	  0.729

5 	  45.19	   9.84	   5.33
	  0.915	  0.261	  0.308
	 -0.011	 -0.747	  0.665
	  0.403	 -0.611	 -0.681

6 	  52.44	  10.78	   4.24
	  0.978	  0.036	  0.205
	 -0.087	  0.966	  0.243
	 -0.190	 -0.256	  0.948

7 	  38.72	  -6.33	  -1.71
	  0.775	 -0.608	 -0.172
	  0.453	  0.723	 -0.521
	  0.441	  0.327	  0.836

8 	  46.21	  -9.21	   3.15
	  0.953	 -0.164	  0.255
	  0.144	 -0.496	 -0.856
	  0.267	  0.852	 -0.449

9 	  54.00	  -9.00	   2.48
	  0.971	 -0.079	  0.224
	  0.116	  0.980	 -0.161
	 -0.208	  0.182	  0.961

2 	  33.19	  -8.28	  22.82
	  0.971	  0.238	  0.003
	 -0.239	  0.969	 -0.052
	 -0.014	  0.048	  0.999

3 	  42.93	  -0.02	   0.91
	  0.646	 -0.247	  0.722
	  0.040	  0.956	  0.291
	 -0.764	 -0.159	  0.626

4 	  37.95	   5.80	  -1.65
	  0.691	  0.665	 -0.284
	 -0.366	  0.659	  0.657
	  0.625	 -0.351	  0.697

5 	  45.28	   9.88	   4.41
	  0.941	  0.262	  0.214
	  0.050	 -0.734	  0.677
	  0.334	 -0.626	 -0.704

6 	  52.38	  10.62	   2.46
	  0.996	  0.010	  0.088
	 -0.030	  0.971	  0.234
	 -0.083	 -0.237	  0.968

7 	  38.27	  -6.29	  -1.71
	  0.760	 -0.604	 -0.238
	  0.419	  0.736	 -0.532
	  0.497	  0.305	  0.812

8 	  46.20	  -9.18	   2.20
	  0.979	 -0.152	  0.138
	  0.047	 -0.490	 -0.870
	  0.200	  0.858	 -0.473

9 	  53.89	  -8.86	   0.49
	  0.992	 -0.072	  0.098
	  0.086	  0.984	 -0.154
	 -0.086	  0.162	  0.983

2 	  33.19	  -8.28	  22.82
	  0.971	  0.238	  0.003
	 -0.239	  0.969	 -0.052
	 -0.014	  0.049	  0.998

3 	  42.73	  -0.11	   0.69
	  0.674	 -0.239	  0.698
	  0.061	  0.961	  0.270
	 -0.737	 -0.140	  0.662

4 	  37.62	   5.57	  -1.86
	  0.676	  0.653	 -0.340
	 -0.332	  0.681	  0.652
	  0.658	 -0.328	  0.677

5 	  45.23	   9.81	   3.73
	  0.949	  0.266	  0.168
	  0.080	 -0.721	  0.688
	  0.304	 -0.640	 -0.706

6 	  52.24	  10.49	   1.46
	  0.999	  0.014	  0.044
	 -0.022	  0.976	  0.214
	 -0.041	 -0.216	  0.975

7 	  37.97	  -6.33	  -1.74
	  0.740	 -0.610	 -0.282
	  0.401	  0.737	 -0.544
	  0.541	  0.289	  0.789

8 	  46.04	  -9.33	   1.67
	  0.983	 -0.163	  0.076
	 -0.014	 -0.493	 -0.870
	  0.179	  0.855	 -0.487

9 	  53.63	  -9.14	  -0.53
	  0.995	 -0.092	  0.039
	  0.097	  0.984	 -0.151
	 -0.025	  0.154	  0.988

2 	  33.21	  -8.28	  22.82
	  0.971	  0.238	  0.003
	 -0.239	  0.969	 -0.052
	 -0.014	  0.048	  0.998

3 	  42.64	  -0.19	   0.54
	  0.691	 -0.237	  0.683
	  0.074	  0.963	  0.259
	 -0.719	 -0.128	  0.682

4 	  37.44	   5.43	  -1.99
	  0.669	  0.646	 -0.368
	 -0.317	  0.694	  0.646
	  0.673	 -0.316	  0.668

5 	  45.18	   9.70	   3.30
	  0.953	  0.265	  0.141
	  0.096	 -0.714	  0.693
	  0.285	 -0.648	 -0.707

6 	  52.17	  10.32	   0.72
	  1.000	 -0.001	  0.007
	 -0.001	  0.978	  0.206
	 -0.007	 -0.206	  0.978

7 	  37.74	  -6.33	  -1.74
	  0.724	 -0.615	 -0.312
	  0.391	  0.738	 -0.550
	  0.569	  0.276	  0.774

8 	  45.90	  -9.44	   1.27
	  0.984	 -0.172	  0.030
	 -0.059	 -0.490	 -0.870
	  0.165	  0.854	 -0.493

9 	  53.40	  -9.35	  -1.34
	  0.994	 -0.106	 -0.010
	  0.103	  0.984	 -0.148
	  0.026	  0.146	  0.989

2 	  33.21	  -8.30	  22.82
	  0.971	  0.238	  0.003
	 -0.239	  0.969	 -0.052
	 -0.014	  0.049	  0.998

3 	  42.54	  -0.25	   0.40
	  0.703	 -0.233	  0.671
	  0.081	  0.965	  0.250
	 -0.707	 -0.122	  0.697

4 	  37.27	   5.29	  -2.14
	  0.658	  0.641	 -0.395
	 -0.305	  0.706	  0.639
	  0.688	 -0.301	  0.660

5 	  45.09	   9.67	   2.94
	  0.954	  0.271	  0.124
	  0.109	 -0.704	  0.701
	  0.278	 -0.656	 -0.702

6 	  52.05	  10.21	   0.19
	  1.000	 -0.005	 -0.016
	  0.008	  0.981	  0.194
	  0.015	 -0.194	  0.981

7 	  37.55	  -6.33	  -1.76
	  0.708	 -0.613	 -0.349
	  0.373	  0.745	 -0.553
	  0.599	  0.261	  0.756

8 	  45.74	  -9.56	   0.63
	  0.983	 -0.178	 -0.044
	 -0.126	 -0.484	 -0.866
	  0.133	  0.857	 -0.498

9 	  53.02	  -9.47	  -2.72
	  0.988	 -0.115	 -0.099
	  0.100	  0.985	 -0.138
	  0.114	  0.126	  0.985

2 	  33.19	  -8.30	  22.83
	  0.971	  0.238	  0.004
	 -0.239	  0.969	 -0.052
	 -0.015	  0.049	  0.998

3 	  42.45	  -0.32	   0.30
	  0.711	 -0.235	  0.662
	  0.089	  0.965	  0.246
	 -0.697	 -0.117	  0.707

4 	  37.16	   5.19	  -2.25
	  0.653	  0.635	 -0.412
	 -0.297	  0.715	  0.633
	  0.697	 -0.292	  0.655

5 	  45.00	   9.60	   2.69
	  0.955	  0.273	  0.113
	  0.116	 -0.698	  0.707
	  0.272	 -0.662	 -0.698

6 	  51.94	  10.04	  -0.23
	  0.999	 -0.017	 -0.035
	  0.023	  0.983	  0.182
	  0.031	 -0.183	  0.982

7 	  37.35	  -6.31	  -1.83
	  0.686	 -0.610	 -0.395
	  0.355	  0.755	 -0.551
	  0.635	  0.238	  0.735

8 	  45.54	  -9.65	  -0.19
	  0.972	 -0.187	 -0.141
	 -0.215	 -0.476	 -0.853
	  0.092	  0.859	 -0.503

9 	  52.49	  -9.63	  -4.39
	  0.970	 -0.127	 -0.206
	  0.102	  0.987	 -0.124
	  0.219	  0.099	  0.970

2 	  33.19	  -8.28	  22.82
	  0.971	  0.239	  0.003
	 -0.240	  0.969	 -0.052
	 -0.015	  0.049	  0.998

3 	  42.36	  -0.40	   0.18
	  0.725	 -0.233	  0.648
	  0.093	  0.965	  0.242
	 -0.683	 -0.116	  0.721

4 	  36.91	   4.94	  -2.41
	  0.645	  0.629	 -0.433
	 -0.292	  0.726	  0.622
	  0.706	 -0.276	  0.652

5 	  44.81	   9.54	   2.29
	  0.953	  0.286	  0.093
	  0.135	 -0.685	  0.716
	  0.269	 -0.670	 -0.692

6 	  51.68	   9.95	  -0.84
	  0.997	 -0.019	 -0.068
	  0.031	  0.985	  0.170
	  0.064	 -0.172	  0.983

7 	  37.16	  -6.26	  -1.88
	  0.669	 -0.601	 -0.437
	  0.330	  0.767	 -0.550
	  0.666	  0.224	  0.711

8 	  45.23	  -9.76	  -1.18
	  0.958	 -0.206	 -0.197
	 -0.268	 -0.419	 -0.868
	  0.096	  0.884	 -0.457

9 	  51.96	  -9.72	  -5.82
	  0.948	 -0.136	 -0.288
	  0.106	  0.987	 -0.116
	  0.300	  0.079	  0.950

2 	  33.19	  -8.28	  22.82
	  0.971	  0.239	  0.003
	 -0.240	  0.969	 -0.053
	 -0.014	  0.049	  0.998

3 	  42.31	  -0.39	   0.09
	  0.733	 -0.230	  0.640
	  0.089	  0.965	  0.245
	 -0.675	 -0.123	  0.728

4 	  36.72	   4.83	  -2.46
	  0.639	  0.627	 -0.446
	 -0.294	  0.733	  0.613
	  0.712	 -0.261	  0.652

5 	  44.61	   9.54	   2.02
	  0.951	  0.299	  0.071
	  0.158	 -0.674	  0.721
	  0.264	 -0.675	 -0.689

6 	  51.40	   9.91	  -1.37
	  0.995	 -0.023	 -0.098
	  0.038	  0.987	  0.156
	  0.094	 -0.158	  0.983

7 	  36.97	  -6.06	  -2.00
	  0.649	 -0.585	 -0.485
	  0.309	  0.786	 -0.535
	  0.695	  0.198	  0.691

8 	  44.93	  -9.70	  -2.04
	  0.941	 -0.207	 -0.268
	 -0.330	 -0.376	 -0.866
	  0.078	  0.903	 -0.422

9 	  51.28	  -9.53	  -7.45
	  0.916	 -0.141	 -0.375
	  0.120	  0.990	 -0.078
	  0.382	  0.026	  0.924

2 	  33.21	  -8.28	  22.82
	  0.971	  0.238	  0.002
	 -0.239	  0.969	 -0.053
	 -0.014	  0.050	  0.998

3 	  42.21	  -0.35	   0.00
	  0.738	 -0.227	  0.636
	  0.084	  0.965	  0.247
	 -0.670	 -0.129	  0.731

4 	  36.49	   4.75	  -2.50
	  0.627	  0.630	 -0.458
	 -0.296	  0.736	  0.608
	  0.721	 -0.246	  0.647

5 	  44.40	   9.60	   1.76
	  0.948	  0.314	  0.051
	  0.181	 -0.665	  0.724
	  0.261	 -0.678	 -0.687

6 	  51.08	   9.90	  -1.93
	  0.990	 -0.029	 -0.137
	  0.049	  0.988	  0.144
	  0.131	 -0.148	  0.980

7 	  36.72	  -5.94	  -2.11
	  0.628	 -0.570	 -0.530
	  0.282	  0.801	 -0.527
	  0.725	  0.182	  0.664

8 	  44.56	  -9.58	  -2.87
	  0.919	 -0.199	 -0.340
	 -0.390	 -0.338	 -0.857
	  0.056	  0.920	 -0.388

9 	  50.47	  -9.28	  -8.86
	  0.881	 -0.137	 -0.452
	  0.127	  0.990	 -0.051
	  0.455	 -0.013	  0.890

2 	  33.21	  -8.28	  22.82
	  0.971	  0.239	  0.002
	 -0.240	  0.969	 -0.053
	 -0.013	  0.050	  0.998

3 	  42.05	  -0.39	  -0.11
	  0.745	 -0.225	  0.628
	  0.083	  0.965	  0.247
	 -0.662	 -0.133	  0.737

4 	  36.18	   4.57	  -2.55
	  0.615	  0.623	 -0.482
	 -0.286	  0.746	  0.600
	  0.734	 -0.232	  0.637

5 	  44.19	   9.51	   1.30
	  0.946	  0.322	  0.020
	  0.207	 -0.652	  0.729
	  0.248	 -0.686	 -0.684

6 	  50.77	   9.79	  -2.65
	  0.983	 -0.036	 -0.177
	  0.059	  0.990	  0.125
	  0.171	 -0.133	  0.976

7 	  36.47	  -5.89	  -2.13
	  0.606	 -0.567	 -0.558
	  0.262	  0.804	 -0.533
	  0.751	  0.176	  0.636

8 	  44.16	  -9.65	  -3.38
	  0.900	 -0.208	 -0.383
	 -0.433	 -0.318	 -0.843
	  0.053	  0.925	 -0.376

9 	  49.83	  -9.46	  -9.65
	  0.854	 -0.155	 -0.496
	  0.151	  0.987	 -0.047
	  0.497	 -0.035	  0.867

2 	  33.21	  -8.28	  22.82
	  0.971	  0.238	  0.001
	 -0.239	  0.969	 -0.054
	 -0.013	  0.050	  0.998

3 	  41.89	  -0.47	  -0.28
	  0.754	 -0.213	  0.621
	  0.081	  0.969	  0.234
	 -0.652	 -0.127	  0.747

4 	  35.86	   4.27	  -2.64
	  0.600	  0.613	 -0.513
	 -0.281	  0.762	  0.583
	  0.749	 -0.206	  0.629

5 	  43.91	   9.44	   0.70
	  0.940	  0.340	 -0.027
	  0.248	 -0.628	  0.737
	  0.233	 -0.700	 -0.675

6 	  50.29	   9.60	  -3.71
	  0.971	 -0.039	 -0.236
	  0.065	  0.993	  0.100
	  0.231	 -0.111	  0.966

7 	  36.25	  -5.96	  -2.11
	  0.585	 -0.578	 -0.570
	  0.255	  0.797	 -0.547
	  0.770	  0.174	  0.613

8 	  43.75	  -9.88	  -3.62
	  0.882	 -0.229	 -0.412
	 -0.467	 -0.304	 -0.831
	  0.065	  0.925	 -0.375

9 	  49.18	  -9.84	 -10.18
	  0.830	 -0.182	 -0.527
	  0.181	  0.982	 -0.054
	  0.528	 -0.050	  0.848

2 	  33.19	  -8.28	  22.82
	  0.971	  0.238	  0.001
	 -0.239	  0.969	 -0.054
	 -0.013	  0.050	  0.998

3 	  41.77	  -0.56	  -0.35
	  0.756	 -0.203	  0.623
	  0.076	  0.971	  0.224
	 -0.651	 -0.123	  0.749

4 	  35.67	   4.10	  -2.72
	  0.593	  0.606	 -0.530
	 -0.277	  0.771	  0.573
	  0.756	 -0.194	  0.625

5 	  43.77	   9.32	   0.39
	  0.938	  0.342	 -0.047
	  0.262	 -0.617	  0.741
	  0.225	 -0.708	 -0.669

6 	  50.10	   9.42	  -4.17
	  0.964	 -0.049	 -0.259
	  0.074	  0.994	  0.084
	  0.254	 -0.099	  0.962

7 	  36.04	  -5.91	  -2.07
	  0.567	 -0.576	 -0.588
	  0.242	  0.799	 -0.550
	  0.787	  0.170	  0.593

8 	  43.35	  -9.95	  -4.10
	  0.856	 -0.239	 -0.457
	 -0.512	 -0.280	 -0.812
	  0.066	  0.930	 -0.362

9 	  48.48	  -9.90	 -10.88
	  0.798	 -0.193	 -0.570
	  0.197	  0.979	 -0.055
	  0.569	 -0.069	  0.819

2 	  33.19	  -8.28	  22.82
	  0.971	  0.238	  0.001
	 -0.239	  0.969	 -0.054
	 -0.013	  0.050	  0.998

3 	  41.70	  -0.60	  -0.37
	  0.752	 -0.205	  0.626
	  0.073	  0.970	  0.230
	 -0.656	 -0.128	  0.744

4 	  35.61	   4.06	  -2.72
	  0.593	  0.604	 -0.532
	 -0.275	  0.773	  0.571
	  0.757	 -0.193	  0.624

5 	  43.73	   9.25	   0.37
	  0.940	  0.337	 -0.047
	  0.259	 -0.616	  0.744
	  0.222	 -0.712	 -0.667

6 	  50.08	   9.32	  -4.17
	  0.965	 -0.054	 -0.257
	  0.079	  0.993	  0.083
	  0.251	 -0.099	  0.963

7 	  35.93	  -5.87	  -2.11
	  0.553	 -0.568	 -0.609
	  0.226	  0.806	 -0.547
	  0.802	  0.165	  0.574

8 	  42.98	  -9.91	  -4.55
	  0.826	 -0.243	 -0.508
	 -0.560	 -0.254	 -0.789
	  0.062	  0.936	 -0.346

9 	  47.64	  -9.90	 -11.79
	  0.754	 -0.205	 -0.624
	  0.215	  0.974	 -0.060
	  0.621	 -0.089	  0.779

2 	  33.19	  -8.28	  22.82
	  0.971	  0.238	  0.001
	 -0.239	  0.969	 -0.053
	 -0.013	  0.050	  0.998

3 	  41.62	  -0.62	  -0.42
	  0.748	 -0.203	  0.631
	  0.067	  0.970	  0.232
	 -0.661	 -0.132	  0.739

4 	  35.42	   3.90	  -2.74
	  0.584	  0.604	 -0.542
	 -0.282	  0.776	  0.563
	  0.762	 -0.177	  0.623

5 	  43.56	   9.19	   0.12
	  0.935	  0.348	 -0.065
	  0.277	 -0.605	  0.746
	  0.221	 -0.716	 -0.662

6 	  49.76	   9.23	  -4.61
	  0.958	 -0.057	 -0.280
	  0.080	  0.994	  0.072
	  0.275	 -0.090	  0.957

7 	  35.72	  -5.80	  -2.16
	  0.531	 -0.555	 -0.640
	  0.195	  0.815	 -0.545
	  0.824	  0.165	  0.541

8 	  42.45	  -9.79	  -5.27
	  0.783	 -0.231	 -0.576
	 -0.620	 -0.218	 -0.754
	  0.048	  0.948	 -0.314

9 	  46.65	  -9.58	 -12.85
	  0.700	 -0.192	 -0.688
	  0.215	  0.975	 -0.055
	  0.682	 -0.109	  0.723

2 	  33.19	  -8.28	  22.82
	  0.971	  0.238	  0.001
	 -0.239	  0.969	 -0.054
	 -0.013	  0.050	  0.998

3 	  41.45	  -0.62	  -0.49
	  0.746	 -0.190	  0.638
	  0.052	  0.972	  0.228
	 -0.664	 -0.137	  0.735

4 	  35.10	   3.76	  -2.74
	  0.564	  0.611	 -0.556
	 -0.289	  0.776	  0.561
	  0.774	 -0.156	  0.613

5 	  43.17	   9.23	  -0.16
	  0.926	  0.366	 -0.089
	  0.306	 -0.594	  0.744
	  0.219	 -0.716	 -0.662

6 	  49.31	   9.37	  -5.08
	  0.949	 -0.047	 -0.310
	  0.070	  0.995	  0.062
	  0.306	 -0.079	  0.948

7 	  35.58	  -5.77	  -2.14
	  0.521	 -0.548	 -0.654
	  0.176	  0.819	 -0.546
	  0.835	  0.169	  0.523

8 	  42.26	  -9.76	  -5.41
	  0.774	 -0.230	 -0.590
	 -0.632	 -0.208	 -0.747
	  0.048	  0.951	 -0.306

9 	  46.39	  -9.60	 -13.03
	  0.690	 -0.201	 -0.696
	  0.226	  0.972	 -0.057
	  0.688	 -0.117	  0.716

2 	  33.19	  -8.28	  22.82
	  0.971	  0.238	  0.001
	 -0.239	  0.969	 -0.054
	 -0.013	  0.050	  0.998

3 	  41.41	  -0.60	  -0.49
	  0.746	 -0.182	  0.640
	  0.045	  0.973	  0.224
	 -0.664	 -0.139	  0.734

4 	  35.05	   3.69	  -2.78
	  0.559	  0.613	 -0.559
	 -0.293	  0.775	  0.559
	  0.776	 -0.149	  0.612

5 	  43.10	   9.21	  -0.19
	  0.925	  0.369	 -0.088
	  0.307	 -0.590	  0.747
	  0.224	 -0.718	 -0.659

6 	  49.25	   9.32	  -5.08
	  0.949	 -0.051	 -0.311
	  0.073	  0.995	  0.059
	  0.307	 -0.077	  0.948

7 	  35.53	  -5.82	  -2.13
	  0.510	 -0.549	 -0.662
	  0.173	  0.819	 -0.546
	  0.842	  0.164	  0.513

8 	  42.06	  -9.81	  -5.52
	  0.760	 -0.235	 -0.605
	 -0.648	 -0.199	 -0.735
	  0.052	  0.951	 -0.304

9 	  46.05	  -9.69	 -13.24
	  0.672	 -0.206	 -0.711
	  0.231	  0.971	 -0.063
	  0.704	 -0.122	  0.699

2 	  33.19	  -8.28	  22.82
	  0.971	  0.238	  0.000
	 -0.239	  0.969	 -0.053
	 -0.012	  0.050	  0.998

3 	  41.43	  -0.69	  -0.51
	  0.741	 -0.173	  0.649
	  0.040	  0.976	  0.214
	 -0.670	 -0.133	  0.730

4 	  35.07	   3.53	  -2.85
	  0.557	  0.607	 -0.566
	 -0.296	  0.782	  0.547
	  0.776	 -0.138	  0.616

5 	  43.07	   9.09	  -0.28
	  0.924	  0.371	 -0.088
	  0.306	 -0.584	  0.752
	  0.227	 -0.722	 -0.653

6 	  49.24	   9.11	  -5.22
	  0.947	 -0.063	 -0.314
	  0.083	  0.995	  0.051
	  0.310	 -0.073	  0.948

7 	  35.46	  -5.85	  -2.11
	  0.497	 -0.551	 -0.670
	  0.173	  0.820	 -0.546
	  0.850	  0.155	  0.503

8 	  41.92	  -9.88	  -5.59
	  0.748	 -0.243	 -0.618
	 -0.661	 -0.192	 -0.725
	  0.057	  0.951	 -0.304

9 	  45.76	  -9.88	 -13.39
	  0.657	 -0.218	 -0.722
	  0.243	  0.967	 -0.071
	  0.714	 -0.128	  0.688

2 	  33.21	  -8.28	  22.82
	  0.971	  0.238	  0.001
	 -0.239	  0.969	 -0.054
	 -0.013	  0.050	  0.998

3 	  41.40	  -0.72	  -0.51
	  0.738	 -0.170	  0.652
	  0.039	  0.977	  0.210
	 -0.673	 -0.130	  0.728

4 	  35.02	   3.48	  -2.88
	  0.553	  0.607	 -0.570
	 -0.298	  0.783	  0.546
	  0.778	 -0.133	  0.614

5 	  43.03	   9.05	  -0.33
	  0.923	  0.373	 -0.089
	  0.307	 -0.579	  0.755
	  0.231	 -0.725	 -0.649

6 	  49.22	   9.07	  -5.22
	  0.948	 -0.063	 -0.312
	  0.084	  0.995	  0.050
	  0.308	 -0.072	  0.948

7 	  35.37	  -5.80	  -2.14
	  0.483	 -0.546	 -0.684
	  0.168	  0.825	 -0.540
	  0.859	  0.146	  0.491

8 	  41.64	  -9.88	  -5.78
	  0.729	 -0.250	 -0.637
	 -0.681	 -0.174	 -0.711
	  0.066	  0.953	 -0.297

9 	  45.25	  -9.88	 -13.76
	  0.632	 -0.225	 -0.741
	  0.256	  0.963	 -0.075
	  0.732	 -0.142	  0.666

2 	  33.19	  -8.30	  22.82
	  0.971	  0.238	  0.001
	 -0.239	  0.969	 -0.053
	 -0.013	  0.050	  0.998

3 	  41.36	  -0.69	  -0.51
	  0.737	 -0.172	  0.653
	  0.040	  0.976	  0.211
	 -0.675	 -0.130	  0.726

4 	  34.95	   3.52	  -2.87
	  0.549	  0.612	 -0.570
	 -0.298	  0.779	  0.551
	  0.781	 -0.133	  0.609

5 	  42.98	   9.09	  -0.30
	  0.922	  0.376	 -0.086
	  0.307	 -0.580	  0.755
	  0.234	 -0.723	 -0.650

6 	  49.11	   9.11	  -5.20
	  0.948	 -0.063	 -0.312
	  0.085	  0.995	  0.056
	  0.307	 -0.078	  0.948

7 	  35.21	  -5.64	  -2.16
	  0.457	 -0.533	 -0.712
	  0.157	  0.836	 -0.526
	  0.875	  0.128	  0.466

8 	  41.10	  -9.77	  -6.21
	  0.688	 -0.253	 -0.680
	 -0.722	 -0.144	 -0.677
	  0.073	  0.957	 -0.281

9 	  44.14	  -9.76	 -14.55
	  0.576	 -0.225	 -0.786
	  0.268	  0.960	 -0.079
	  0.772	 -0.165	  0.613

2 	  33.19	  -8.28	  22.82
	  0.971	  0.238	  0.001
	 -0.239	  0.969	 -0.054
	 -0.013	  0.050	  0.998

3 	  41.22	  -0.69	  -0.58
	  0.734	 -0.175	  0.655
	  0.049	  0.977	  0.206
	 -0.677	 -0.119	  0.726

4 	  34.79	   3.50	  -2.83
	  0.539	  0.619	 -0.572
	 -0.299	  0.774	  0.557
	  0.788	 -0.130	  0.602

5 	  42.73	   9.14	  -0.28
	  0.918	  0.386	 -0.090
	  0.317	 -0.579	  0.751
	  0.238	 -0.718	 -0.654

6 	  48.90	   9.21	  -5.26
	  0.946	 -0.055	 -0.319
	  0.079	  0.995	  0.063
	  0.314	 -0.083	  0.945

7 	  34.79	  -5.43	  -2.21
	  0.377	 -0.510	 -0.773
	  0.143	  0.857	 -0.495
	  0.915	  0.076	  0.396

8 	  39.81	  -9.58	  -7.12
	  0.575	 -0.256	 -0.777
	 -0.813	 -0.070	 -0.578
	  0.093	  0.964	 -0.248

9 	  41.54	  -9.39	 -15.98
	  0.431	 -0.222	 -0.875
	  0.292	  0.951	 -0.098
	  0.854	 -0.212	  0.474

2 	  33.19	  -8.28	  22.82
	  0.971	  0.238	  0.001
	 -0.239	  0.969	 -0.054
	 -0.013	  0.050	  0.998

3 	  41.10	  -0.70	  -0.60
	  0.727	 -0.189	  0.660
	  0.070	  0.977	  0.202
	 -0.683	 -0.101	  0.723

4 	  34.59	   3.50	  -2.74
	  0.535	  0.623	 -0.570
	 -0.295	  0.769	  0.566
	  0.792	 -0.135	  0.595

5 	  42.59	   9.12	  -0.26
	  0.918	  0.385	 -0.092
	  0.320	 -0.583	  0.747
	  0.234	 -0.715	 -0.658

6 	  48.71	   9.25	  -5.26
	  0.944	 -0.052	 -0.324
	  0.079	  0.995	  0.066
	  0.319	 -0.087	  0.943

7 	  34.45	  -5.17	  -2.25
	  0.296	 -0.474	 -0.829
	  0.118	  0.879	 -0.461
	  0.948	  0.038	  0.316

8 	  38.64	  -9.18	  -7.86
	  0.454	 -0.229	 -0.861
	 -0.884	  0.008	 -0.468
	  0.113	  0.973	 -0.198

9 	  39.25	  -8.60	 -16.96
	  0.300	 -0.186	 -0.936
	  0.315	  0.945	 -0.088
	  0.901	 -0.268	  0.342

2 	  33.19	  -8.28	  22.82
	  0.971	  0.238	  0.002
	 -0.239	  0.969	 -0.054
	 -0.014	  0.050	  0.998

3 	  41.03	  -0.63	  -0.60
	  0.721	 -0.194	  0.664
	  0.078	  0.976	  0.201
	 -0.688	 -0.094	  0.719

4 	  34.54	   3.53	  -2.74
	  0.527	  0.633	 -0.567
	 -0.302	  0.762	  0.572
	  0.795	 -0.131	  0.592

5 	  42.45	   9.23	  -0.19
	  0.914	  0.396	 -0.087
	  0.323	 -0.582	  0.746
	  0.245	 -0.711	 -0.659

6 	  48.62	   9.39	  -5.15
	  0.947	 -0.044	 -0.319
	  0.071	  0.995	  0.072
	  0.314	 -0.089	  0.945

7 	  34.26	  -4.97	  -2.20
	  0.219	 -0.448	 -0.867
	  0.123	  0.894	 -0.431
	  0.968	 -0.012	  0.251

8 	  37.42	  -8.89	  -8.24
	  0.318	 -0.218	 -0.922
	 -0.933	  0.101	 -0.346
	  0.169	  0.970	 -0.171

9 	  36.91	  -8.17	 -17.42
	  0.151	 -0.172	 -0.974
	  0.350	  0.930	 -0.111
	  0.925	 -0.323	  0.200

2 	  33.19	  -8.28	  22.82
	  0.971	  0.238	  0.001
	 -0.239	  0.969	 -0.054
	 -0.013	  0.050	  0.998

3 	  40.96	  -0.63	  -0.58
	  0.715	 -0.214	  0.665
	  0.084	  0.971	  0.222
	 -0.694	 -0.103	  0.713

4 	  34.45	   3.53	  -2.71
	  0.524	  0.639	 -0.563
	 -0.303	  0.757	  0.578
	  0.796	 -0.133	  0.590

5 	  42.33	   9.26	   0.00
	  0.913	  0.400	 -0.071
	  0.314	 -0.583	  0.749
	  0.259	 -0.707	 -0.658

6 	  48.59	   9.46	  -4.89
	  0.952	 -0.039	 -0.304
	  0.066	  0.995	  0.078
	  0.300	 -0.093	  0.949

7 	  34.10	  -4.90	  -2.09
	  0.166	 -0.442	 -0.882
	  0.111	  0.897	 -0.428
	  0.980	 -0.027	  0.198

8 	  36.74	  -8.86	  -8.30
	  0.240	 -0.223	 -0.945
	 -0.954	  0.126	 -0.271
	  0.180	  0.967	 -0.182

9 	  35.63	  -8.24	 -17.44
	  0.074	 -0.182	 -0.980
	  0.337	  0.930	 -0.148
	  0.939	 -0.319	  0.130

2 	  33.19	  -8.28	  22.82
	  0.971	  0.238	  0.002
	 -0.239	  0.969	 -0.054
	 -0.014	  0.050	  0.998

3 	  40.92	  -0.65	  -0.62
	  0.707	 -0.227	  0.670
	  0.088	  0.968	  0.235
	 -0.703	 -0.108	  0.703

4 	  34.44	   3.50	  -2.71
	  0.518	  0.642	 -0.565
	 -0.307	  0.755	  0.579
	  0.799	 -0.128	  0.588

5 	  42.26	   9.28	   0.00
	  0.910	  0.408	 -0.069
	  0.317	 -0.580	  0.750
	  0.267	 -0.705	 -0.657

6 	  48.53	   9.53	  -4.85
	  0.953	 -0.032	 -0.301
	  0.058	  0.995	  0.078
	  0.297	 -0.090	  0.950

7 	  34.05	  -4.87	  -2.06
	  0.143	 -0.434	 -0.889
	  0.115	  0.900	 -0.421
	  0.983	 -0.043	  0.179

8 	  36.53	  -8.81	  -8.31
	  0.218	 -0.218	 -0.951
	 -0.957	  0.141	 -0.251
	  0.189	  0.965	 -0.178

9 	  35.38	  -8.09	 -17.42
	  0.058	 -0.170	 -0.984
	  0.335	  0.931	 -0.142
	  0.940	 -0.322	  0.110

2 	  33.19	  -8.30	  22.82
	  0.971	  0.238	  0.001
	 -0.239	  0.969	 -0.053
	 -0.013	  0.050	  0.998

3 	  40.94	  -0.65	  -0.58
	  0.698	 -0.236	  0.676
	  0.085	  0.964	  0.250
	 -0.712	 -0.117	  0.692

4 	  34.49	   3.48	  -2.74
	  0.520	  0.645	 -0.559
	 -0.312	  0.752	  0.580
	  0.796	 -0.127	  0.592

5 	  42.24	   9.28	   0.14
	  0.910	  0.411	 -0.052
	  0.306	 -0.580	  0.755
	  0.280	 -0.703	 -0.654

6 	  48.64	   9.56	  -4.52
	  0.960	 -0.028	 -0.278
	  0.053	  0.995	  0.082
	  0.275	 -0.093	  0.957

7 	  34.07	  -4.85	  -2.04
	  0.140	 -0.431	 -0.891
	  0.125	  0.901	 -0.416
	  0.982	 -0.053	  0.180

8 	  36.56	  -8.75	  -8.30
	  0.221	 -0.212	 -0.952
	 -0.956	  0.145	 -0.254
	  0.191	  0.966	 -0.170

9 	  35.47	  -7.98	 -17.40
	  0.062	 -0.165	 -0.984
	  0.340	  0.931	 -0.135
	  0.938	 -0.326	  0.113

2 	  33.19	  -8.28	  22.82
	  0.971	  0.238	  0.001
	 -0.239	  0.969	 -0.054
	 -0.013	  0.050	  0.998

3 	  40.96	  -0.69	  -0.53
	  0.688	 -0.245	  0.683
	  0.082	  0.961	  0.262
	 -0.722	 -0.125	  0.681

4 	  34.58	   3.46	  -2.76
	  0.528	  0.642	 -0.555
	 -0.314	  0.755	  0.576
	  0.789	 -0.130	  0.599

5 	  42.33	   9.18	   0.23
	  0.914	  0.403	 -0.037
	  0.287	 -0.582	  0.761
	  0.286	 -0.706	 -0.648

6 	  48.76	   9.46	  -4.31
	  0.965	 -0.033	 -0.259
	  0.057	  0.995	  0.083
	  0.255	 -0.094	  0.962

7 	  34.10	  -4.87	  -2.04
	  0.138	 -0.431	 -0.892
	  0.128	  0.900	 -0.416
	  0.982	 -0.057	  0.179

8 	  36.60	  -8.77	  -8.30
	  0.222	 -0.211	 -0.952
	 -0.956	  0.147	 -0.255
	  0.194	  0.966	 -0.169

9 	  35.47	  -8.05	 -17.37
	  0.063	 -0.171	 -0.983
	  0.343	  0.928	 -0.140
	  0.937	 -0.329	  0.117

2 	  33.19	  -8.28	  22.82
	  0.971	  0.238	  0.001
	 -0.239	  0.969	 -0.054
	 -0.013	  0.050	  0.998

3 	  40.97	  -0.70	  -0.51
	  0.686	 -0.245	  0.685
	  0.081	  0.961	  0.262
	 -0.723	 -0.125	  0.679

4 	  34.54	   3.41	  -2.74
	  0.524	  0.644	 -0.557
	 -0.318	  0.754	  0.575
	  0.791	 -0.125	  0.599

5 	  42.29	   9.19	   0.26
	  0.911	  0.410	 -0.033
	  0.289	 -0.580	  0.762
	  0.293	 -0.704	 -0.647

6 	  48.74	   9.51	  -4.29
	  0.966	 -0.026	 -0.257
	  0.050	  0.995	  0.087
	  0.253	 -0.096	  0.962

7 	  34.05	  -4.89	  -2.02
	  0.130	 -0.432	 -0.892
	  0.130	  0.900	 -0.417
	  0.983	 -0.062	  0.174

8 	  36.49	  -8.77	  -8.28
	  0.215	 -0.210	 -0.954
	 -0.957	  0.151	 -0.249
	  0.196	  0.966	 -0.168

9 	  35.31	  -8.02	 -17.37
	  0.056	 -0.168	 -0.984
	  0.342	  0.929	 -0.140
	  0.938	 -0.329	  0.109

2 	  33.21	  -8.28	  22.82
	  0.971	  0.238	  0.002
	 -0.239	  0.969	 -0.054
	 -0.014	  0.050	  0.998

3 	  40.94	  -0.74	  -0.53
	  0.688	 -0.247	  0.682
	  0.079	  0.960	  0.267
	 -0.721	 -0.130	  0.680

4 	  34.49	   3.38	  -2.74
	  0.521	  0.645	 -0.559
	 -0.317	  0.754	  0.575
	  0.793	 -0.123	  0.596

5 	  42.24	   9.19	   0.25
	  0.910	  0.414	 -0.033
	  0.291	 -0.578	  0.762
	  0.297	 -0.703	 -0.646

6 	  48.67	   9.53	  -4.27
	  0.967	 -0.019	 -0.255
	  0.044	  0.995	  0.093
	  0.252	 -0.100	  0.962

7 	  34.08	  -4.94	  -2.04
	  0.139	 -0.435	 -0.890
	  0.122	  0.899	 -0.420
	  0.983	 -0.050	  0.178

8 	  36.62	  -8.82	  -8.26
	  0.227	 -0.212	 -0.951
	 -0.956	  0.138	 -0.259
	  0.186	  0.967	 -0.171

9 	  35.61	  -8.17	 -17.35
	  0.072	 -0.176	 -0.982
	  0.330	  0.933	 -0.144
	  0.941	 -0.313	  0.125

2 	  33.19	  -8.30	  22.82
	  0.971	  0.238	  0.002
	 -0.239	  0.969	 -0.054
	 -0.014	  0.050	  0.998

3 	  40.94	  -0.74	  -0.53
	  0.692	 -0.240	  0.680
	  0.072	  0.961	  0.266
	 -0.719	 -0.135	  0.682

4 	  34.47	   3.34	  -2.74
	  0.518	  0.646	 -0.561
	 -0.319	  0.754	  0.574
	  0.794	 -0.119	  0.596

5 	  42.19	   9.18	   0.25
	  0.908	  0.417	 -0.031
	  0.290	 -0.576	  0.764
	  0.301	 -0.703	 -0.644

6 	  48.66	   9.51	  -4.25
	  0.967	 -0.019	 -0.253
	  0.044	  0.994	  0.095
	  0.250	 -0.102	  0.963

7 	  34.10	  -5.01	  -2.06
	  0.145	 -0.442	 -0.885
	  0.120	  0.896	 -0.428
	  0.982	 -0.045	  0.183

8 	  36.74	  -8.93	  -8.21
	  0.237	 -0.220	 -0.946
	 -0.954	  0.131	 -0.269
	  0.183	  0.967	 -0.178

9 	  35.77	  -8.42	 -17.31
	  0.082	 -0.189	 -0.979
	  0.332	  0.930	 -0.152
	  0.939	 -0.313	  0.138

2 	  33.19	  -8.30	  22.82
	  0.971	  0.238	  0.002
	 -0.239	  0.969	 -0.054
	 -0.014	  0.050	  0.998

3 	  40.96	  -0.77	  -0.53
	  0.691	 -0.237	  0.682
	  0.069	  0.962	  0.264
	 -0.719	 -0.136	  0.681

4 	  34.51	   3.30	  -2.79
	  0.519	  0.643	 -0.563
	 -0.318	  0.756	  0.571
	  0.794	 -0.117	  0.597

5 	  42.22	   9.12	   0.25
	  0.909	  0.415	 -0.025
	  0.284	 -0.575	  0.767
	  0.304	 -0.705	 -0.640

6 	  48.73	   9.44	  -4.18
	  0.969	 -0.022	 -0.246
	  0.047	  0.994	  0.095
	  0.243	 -0.102	  0.964

7 	  34.12	  -5.03	  -2.06
	  0.149	 -0.445	 -0.883
	  0.123	  0.894	 -0.430
	  0.981	 -0.045	  0.188

8 	  36.79	  -8.98	  -8.17
	  0.245	 -0.225	 -0.943
	 -0.952	  0.130	 -0.278
	  0.186	  0.965	 -0.182

9 	  35.89	  -8.49	 -17.30
	  0.089	 -0.193	 -0.977
	  0.335	  0.929	 -0.154
	  0.938	 -0.313	  0.146

2 	  33.19	  -8.28	  22.82
	  0.971	  0.238	  0.002
	 -0.239	  0.969	 -0.054
	 -0.014	  0.050	  0.998

3 	  40.94	  -0.76	  -0.53
	  0.691	 -0.235	  0.684
	  0.067	  0.962	  0.263
	 -0.720	 -0.136	  0.680

4 	  34.52	   3.36	  -2.78
	  0.519	  0.648	 -0.557
	 -0.323	  0.751	  0.575
	  0.792	 -0.119	  0.598

5 	  42.15	   9.14	   0.49
	  0.908	  0.418	  0.000
	  0.267	 -0.581	  0.769
	  0.322	 -0.698	 -0.639

6 	  48.78	   9.58	  -3.73
	  0.976	 -0.012	 -0.216
	  0.036	  0.993	  0.109
	  0.214	 -0.113	  0.970

7 	  34.17	  -4.99	  -2.09
	  0.158	 -0.447	 -0.880
	  0.130	  0.893	 -0.430
	  0.979	 -0.046	  0.199

8 	  36.95	  -9.02	  -8.14
	  0.262	 -0.236	 -0.936
	 -0.946	  0.132	 -0.297
	  0.193	  0.963	 -0.188

9 	  36.30	  -8.61	 -17.21
	  0.113	 -0.204	 -0.972
	  0.342	  0.926	 -0.156
	  0.933	 -0.315	  0.174

2 	  33.21	  -8.30	  22.80
	  0.971	  0.238	  0.002
	 -0.239	  0.969	 -0.053
	 -0.013	  0.049	  0.998

3 	  41.01	  -0.72	  -0.47
	  0.686	 -0.236	  0.688
	  0.062	  0.961	  0.268
	 -0.726	 -0.142	  0.673

4 	  34.63	   3.45	  -2.79
	  0.521	  0.658	 -0.544
	 -0.331	  0.742	  0.583
	  0.787	 -0.124	  0.603

5 	  42.13	   9.23	   0.86
	  0.905	  0.423	  0.044
	  0.238	 -0.590	  0.771
	  0.353	 -0.688	 -0.634

6 	  48.97	   9.76	  -2.88
	  0.987	  0.000	 -0.161
	  0.021	  0.991	  0.129
	  0.160	 -0.130	  0.978

7 	  34.31	  -5.01	  -2.14
	  0.188	 -0.463	 -0.866
	  0.146	  0.885	 -0.442
	  0.971	 -0.044	  0.233

8 	  37.79	  -9.21	  -7.84
	  0.355	 -0.262	 -0.897
	 -0.917	  0.088	 -0.388
	  0.181	  0.961	 -0.210

9 	  38.18	  -9.16	 -16.84
	  0.225	 -0.239	 -0.945
	  0.327	  0.931	 -0.158
	  0.918	 -0.274	  0.286

2 	  33.19	  -8.28	  22.82
	  0.971	  0.238	  0.002
	 -0.239	  0.969	 -0.053
	 -0.013	  0.049	  0.998

3 	  41.17	  -0.63	  -0.39
	  0.681	 -0.238	  0.692
	  0.052	  0.959	  0.279
	 -0.730	 -0.155	  0.665

4 	  34.89	   3.62	  -2.81
	  0.529	  0.677	 -0.512
	 -0.352	  0.723	  0.594
	  0.773	 -0.134	  0.620

5 	  42.12	   9.35	   1.58
	  0.893	  0.431	  0.124
	  0.186	 -0.608	  0.771
	  0.409	 -0.666	 -0.624

6 	  49.24	  10.11	  -1.34
