% Calibrated with leiden_pols
% Positions are in centimeters
Data =[
 2    96.256   -22.744    60.085
 2    -0.015    -1.000    -0.012
 2     0.979    -0.017     0.199
 2    -0.200    -0.009     0.980
 3   127.666    -3.817     9.333
 3     0.513    -0.296    -0.805
 3     0.284     0.944    -0.166
 3     0.809    -0.144     0.569
 4   112.829    10.314     3.349
 4     0.601    -0.783     0.161
 4     0.796     0.567    -0.211
 4     0.073     0.255     0.964
 5   113.830    19.486    28.155
 5     0.345    -0.163     0.924
 5     0.276    -0.924    -0.266
 5     0.897     0.347    -0.274
 6   125.893    27.471    51.731
 6     0.324    -0.758    -0.566
 6     0.008     0.600    -0.800
 6     0.946     0.254     0.200
 7   115.312   -22.855     4.149
 7     0.765     0.546     0.340
 7    -0.632     0.737     0.239
 7    -0.120    -0.398     0.909
 8   116.020   -25.024    29.258
 8     0.299     0.044     0.953
 8    -0.185    -0.977     0.103
 8     0.936    -0.207    -0.285
 9   129.797   -32.509    52.560
 9     0.200     0.715    -0.670
 9    -0.055     0.691     0.721
 9     0.978    -0.108     0.177
 2    96.206   -22.744    60.085
 2    -0.015    -1.000    -0.012
 2     0.980    -0.017     0.199
 2    -0.200    -0.009     0.980
 3   127.565    -3.817     9.332
 3     0.515    -0.297    -0.804
 3     0.284     0.944    -0.167
 3     0.809    -0.142     0.570
 4   112.637    10.206     3.348
 4     0.600    -0.783     0.163
 4     0.797     0.569    -0.202
 4     0.065     0.251     0.965
 5   113.572    20.064    27.903
 5     0.331    -0.101     0.938
 5     0.347    -0.912    -0.221
 5     0.877     0.398    -0.267
 6   124.800    30.828    50.901
 6     0.329    -0.829    -0.452
 6     0.103     0.508    -0.855
 6     0.938     0.235     0.253
 7   115.182   -22.860     4.114
 7     0.762     0.547     0.346
 7    -0.636     0.734     0.238
 7    -0.124    -0.402     0.907
 8   115.536   -25.699    29.025
 8     0.281    -0.034     0.959
 8    -0.259    -0.965     0.041
 8     0.924    -0.260    -0.280
 9   128.470   -35.798    51.745
 9     0.190     0.793    -0.578
 9    -0.125     0.604     0.787
 9     0.974    -0.078     0.213
 2    96.206   -22.744    60.085
 2    -0.015    -1.000    -0.012
 2     0.980    -0.017     0.199
 2    -0.200    -0.009     0.980
 3   127.540    -3.818     9.332
 3     0.515    -0.297    -0.804
 3     0.282     0.944    -0.167
 3     0.809    -0.141     0.570
 4   112.512    10.196     3.290
 4     0.595    -0.788     0.157
 4     0.802     0.570    -0.180
 4     0.052     0.233     0.971
 5   113.070    20.989    27.588
 5     0.312    -0.035     0.949
 5     0.421    -0.891    -0.171
 5     0.852     0.453    -0.264
 6   123.444    33.950    49.730
 6     0.336    -0.881    -0.332
 6     0.199     0.411    -0.890
 6     0.921     0.232     0.313
 7   115.126   -22.787     4.072
 7     0.761     0.547     0.349
 7    -0.636     0.734     0.236
 7    -0.127    -0.402     0.906
 8   115.014   -26.345    28.790
 8     0.256    -0.112     0.960
 8    -0.330    -0.943    -0.022
 8     0.908    -0.312    -0.279
 9   126.911   -38.914    50.815
 9     0.172     0.847    -0.503
 9    -0.196     0.530     0.825
 9     0.965    -0.044     0.257
 2    96.206   -22.744    60.085
 2    -0.015    -1.000    -0.012
 2     0.980    -0.017     0.199
 2    -0.200    -0.009     0.980
 3   127.448    -3.791     9.321
 3     0.513    -0.297    -0.806
 3     0.280     0.945    -0.170
 3     0.811    -0.139     0.568
 4   112.304    10.183     3.268
 4     0.589    -0.793     0.153
 4     0.807     0.569    -0.154
 4     0.035     0.214     0.976
 5   112.577    21.951    27.036
 5     0.302     0.005     0.953
 5     0.478    -0.866    -0.147
 5     0.825     0.500    -0.264
 6   122.531    36.659    48.245
 6     0.341    -0.906    -0.249
 6     0.272     0.349    -0.897
 6     0.899     0.238     0.365
 7   115.067   -22.689     4.033
 7     0.760     0.546     0.351
 7    -0.636     0.735     0.234
 7    -0.131    -0.402     0.906
 8   114.697   -26.997    28.602
 8     0.233    -0.185     0.954
 8    -0.391    -0.917    -0.082
 8     0.890    -0.354    -0.286
 9   125.726   -41.490    49.727
 9     0.161     0.886    -0.433
 9    -0.256     0.462     0.849
 9     0.953    -0.026     0.302
 2    96.206   -22.694    60.085
 2    -0.015    -1.000    -0.012
 2     0.979    -0.017     0.200
 2    -0.200    -0.009     0.979
 3   127.381    -3.585     9.310
 3     0.510    -0.297    -0.807
 3     0.280     0.944    -0.171
 3     0.813    -0.139     0.565
 4   112.132    10.167     3.183
 4     0.582    -0.798     0.154
 4     0.813     0.568    -0.126
 4     0.013     0.199     0.980
 5   112.182    22.811    26.489
 5     0.294     0.026     0.955
 5     0.523    -0.841    -0.139
 5     0.800     0.541    -0.261
 6   121.813    38.555    47.102
 6     0.339    -0.920    -0.197
 6     0.329     0.312    -0.891
 6     0.881     0.237     0.408
 7   115.000   -22.620     3.854
 7     0.759     0.543     0.358
 7    -0.635     0.737     0.230
 7    -0.139    -0.402     0.905
 8   114.468   -27.637    28.342
 8     0.218    -0.267     0.939
 8    -0.451    -0.881    -0.146
 8     0.865    -0.392    -0.312
 9   124.484   -43.977    48.610
 9     0.152     0.921    -0.359
 9    -0.314     0.389     0.866
 9     0.937    -0.019     0.348
 2    96.206   -22.694    60.085
 2    -0.015    -1.000    -0.013
 2     0.980    -0.017     0.199
 2    -0.200    -0.009     0.980
 3   127.344    -3.555     9.296
 3     0.506    -0.295    -0.811
 3     0.280     0.945    -0.169
 3     0.816    -0.141     0.560
 4   111.982    10.021     3.052
 4     0.578    -0.801     0.156
 4     0.816     0.570    -0.098
 4    -0.011     0.184     0.983
 5   111.934    23.489    25.793
 5     0.289     0.044     0.956
 5     0.566    -0.813    -0.134
 5     0.772     0.580    -0.260
 6   121.318    40.515    45.477
 6     0.342    -0.929    -0.139
 6     0.387     0.274    -0.880
 6     0.856     0.247     0.453
 7   114.851   -22.505     3.734
 7     0.756     0.544     0.364
 7    -0.637     0.739     0.219
 7    -0.150    -0.398     0.905
 8   114.355   -28.324    28.158
 8     0.203    -0.358     0.911
 8    -0.514    -0.831    -0.212
 8     0.833    -0.425    -0.353
 9   123.231   -47.006    46.746
 9     0.142     0.954    -0.262
 9    -0.386     0.297     0.873
 9     0.911    -0.023     0.411
 2    96.206   -22.694    60.085
 2    -0.015    -1.000    -0.012
 2     0.980    -0.017     0.199
 2    -0.200    -0.009     0.980
 3   127.254    -3.451     9.185
 3     0.502    -0.293    -0.814
 3     0.280     0.945    -0.167
 3     0.818    -0.144     0.557
 4   111.747     9.948     2.805
 4     0.569    -0.806     0.161
 4     0.821     0.567    -0.065
 4    -0.039     0.169     0.984
 5   111.577    24.395    25.123
 5     0.280     0.069     0.957
 5     0.610    -0.783    -0.122
 5     0.741     0.618    -0.262
 6   120.618    42.619    43.546
 6     0.344    -0.936    -0.071
 6     0.452     0.231    -0.862
 6     0.823     0.265     0.502
 7   114.693   -22.369     3.597
 7     0.750     0.548     0.369
 7    -0.640     0.742     0.201
 7    -0.164    -0.387     0.907
 8   114.413   -29.258    27.771
 8     0.190    -0.434     0.880
 8    -0.573    -0.777    -0.260
 8     0.797    -0.455    -0.397
 9   122.476   -49.179    45.118
 9     0.130     0.971    -0.200
 9    -0.445     0.237     0.863
 9     0.886    -0.024     0.463
 2    96.206   -22.744    60.085
 2    -0.015    -1.000    -0.012
 2     0.979    -0.017     0.199
 2    -0.200    -0.009     0.980
 3   127.189    -3.447     9.176
 3     0.498    -0.291    -0.817
 3     0.281     0.945    -0.165
 3     0.820    -0.148     0.553
 4   111.483     9.749     2.635
 4     0.558    -0.812     0.168
 4     0.826     0.562    -0.033
 4    -0.068     0.157     0.985
 5   111.457    24.895    24.363
 5     0.279     0.093     0.955
 5     0.646    -0.754    -0.115
 5     0.710     0.650    -0.271
 6   120.063    44.342    41.922
 6     0.345    -0.939    -0.008
 6     0.505     0.193    -0.841
 6     0.791     0.286     0.540
 7   114.477   -22.362     3.417
 7     0.744     0.553     0.375
 7    -0.643     0.744     0.179
 7    -0.181    -0.375     0.909
 8   114.604   -30.106    27.341
 8     0.184    -0.495     0.849
 8    -0.624    -0.726    -0.289
 8     0.760    -0.476    -0.443
 9   121.636   -51.828    43.074
 9     0.122     0.983    -0.133
 9    -0.504     0.176     0.845
 9     0.855    -0.036     0.517
 2    96.206   -22.694    60.085
 2    -0.015    -1.000    -0.012
 2     0.979    -0.017     0.200
 2    -0.200    -0.009     0.980
 3   127.147    -3.368     9.090
 3     0.494    -0.292    -0.819
 3     0.282     0.944    -0.167
 3     0.822    -0.149     0.549
 4   111.265     9.675     2.493
 4     0.546    -0.819     0.176
 4     0.832     0.555     0.000
 4    -0.098     0.146     0.984
 5   111.280    25.620    23.609
 5     0.277     0.117     0.954
 5     0.683    -0.722    -0.110
 5     0.676     0.681    -0.280
 6   119.619    46.134    39.989
 6     0.346    -0.937     0.047
 6     0.560     0.166    -0.812
 6     0.752     0.307     0.582
 7   114.331   -22.231     3.218
 7     0.738     0.554     0.383
 7    -0.644     0.749     0.157
 7    -0.200    -0.362     0.910
 8   114.760   -31.055    26.741
 8     0.180    -0.545     0.819
 8    -0.672    -0.676    -0.302
 8     0.718    -0.496    -0.488
 9   121.148   -53.837    41.047
 9     0.118     0.989    -0.083
 9    -0.559     0.135     0.818
 9     0.821    -0.050     0.569
 2    96.206   -22.694    60.085
 2    -0.015    -1.000    -0.013
 2     0.979    -0.017     0.200
 2    -0.200    -0.009     0.980
 3   127.105    -3.313     8.926
 3     0.490    -0.294    -0.821
 3     0.284     0.944    -0.169
 3     0.824    -0.150     0.546
 4   111.027     9.526     2.268
 4     0.536    -0.823     0.185
 4     0.834     0.550     0.029
 4    -0.126     0.139     0.982
 5   111.208    26.217    22.725
 5     0.277     0.135     0.951
 5     0.716    -0.689    -0.111
 5     0.641     0.711    -0.288
 6   119.299    47.572    38.012
 6     0.346    -0.934     0.087
 6     0.607     0.152    -0.780
 6     0.715     0.322     0.620
 7   114.214   -22.046     3.041
 7     0.734     0.556     0.390
 7    -0.644     0.753     0.137
 7    -0.218    -0.352     0.910
 8   114.789   -31.845    26.200
 8     0.177    -0.581     0.794
 8    -0.710    -0.635    -0.306
 8     0.682    -0.510    -0.525
 9   120.630   -55.636    39.069
 9     0.111     0.993    -0.041
 9    -0.604     0.100     0.791
 9     0.789    -0.064     0.611
 2    96.206   -22.694    60.085
 2    -0.015    -1.000    -0.013
 2     0.979    -0.017     0.200
 2    -0.200    -0.010     0.980
 3   126.991    -3.180     8.834
 3     0.483    -0.301    -0.822
 3     0.287     0.941    -0.175
 3     0.827    -0.152     0.541
 4   110.833     9.427     1.996
 4     0.523    -0.829     0.197
 4     0.838     0.542     0.059
 4    -0.156     0.134     0.979
 5   111.045    26.946    21.980
 5     0.273     0.156     0.949
 5     0.745    -0.658    -0.107
 5     0.608     0.737    -0.296
 6   118.786    49.084    36.072
 6     0.341    -0.930     0.135
 6     0.656     0.133    -0.742
 6     0.672     0.342     0.656
 7   114.080   -21.960     2.904
 7     0.728     0.559     0.396
 7    -0.644     0.755     0.119
 7    -0.232    -0.342     0.910
 8   114.751   -32.507    25.693
 8     0.172    -0.607     0.775
 8    -0.741    -0.599    -0.304
 8     0.648    -0.523    -0.554
 9   119.954   -57.177    37.216
 9     0.099     0.995    -0.005
 9    -0.643     0.068     0.763
 9     0.760    -0.073     0.646
 2    96.256   -22.694    60.085
 2    -0.015    -1.000    -0.012
 2     0.979    -0.017     0.200
 2    -0.200    -0.009     0.980
 3   126.918    -3.023     8.727
 3     0.478    -0.309    -0.822
 3     0.293     0.938    -0.182
 3     0.828    -0.154     0.539
 4   110.591     9.253     1.794
 4     0.510    -0.834     0.210
 4     0.840     0.536     0.085
 4    -0.184     0.133     0.974
 5   110.966    27.278    21.299
 5     0.273     0.171     0.946
 5     0.764    -0.637    -0.105
 5     0.584     0.752    -0.305
 6   118.518    49.745    34.621
 6     0.343    -0.925     0.163
 6     0.683     0.126    -0.720
 6     0.645     0.358     0.675
 7   113.873   -21.925     2.768
 7     0.722     0.562     0.403
 7    -0.646     0.756     0.104
 7    -0.246    -0.335     0.909
 8   114.625   -33.115    25.168
 8     0.166    -0.633     0.756
 8    -0.769    -0.563    -0.302
 8     0.617    -0.532    -0.581
 9   119.111   -58.513    35.579
 9     0.086     0.996     0.029
 9    -0.676     0.036     0.736
 9     0.732    -0.083     0.676
 2    96.256   -22.694    60.085
 2    -0.015    -1.000    -0.013
 2     0.979    -0.017     0.200
 2    -0.200    -0.009     0.979
 3   126.767    -2.996     8.548
 3     0.476    -0.315    -0.821
 3     0.295     0.937    -0.188
 3     0.828    -0.154     0.539
 4   110.441     9.160     1.572
 4     0.504    -0.834     0.223
 4     0.839     0.534     0.103
 4    -0.205     0.135     0.969
 5   111.016    27.516    20.742
 5     0.273     0.181     0.944
 5     0.776    -0.622    -0.105
 5     0.568     0.762    -0.311
 6   118.448    50.439    33.576
 6     0.339    -0.923     0.181
 6     0.702     0.121    -0.701
 6     0.625     0.365     0.689
 7   113.763   -21.892     2.588
 7     0.715     0.565     0.411
 7    -0.648     0.756     0.087
 7    -0.262    -0.329     0.907
 8   114.549   -33.799    24.565
 8     0.160    -0.656     0.738
 8    -0.795    -0.529    -0.298
 8     0.585    -0.539    -0.606
 9   118.498   -59.845    33.960
 9     0.074     0.995     0.058
 9    -0.706     0.012     0.708
 9     0.704    -0.094     0.703
 2    96.256   -22.694    60.085
 2    -0.015    -1.000    -0.012
 2     0.979    -0.017     0.200
 2    -0.200    -0.009     0.980
 3   126.744    -2.993     8.465
 3     0.474    -0.319    -0.821
 3     0.297     0.935    -0.193
 3     0.829    -0.152     0.538
 4   110.326     9.043     1.440
 4     0.500    -0.833     0.235
 4     0.837     0.535     0.115
 4    -0.222     0.139     0.965
 5   111.006    27.852    20.221
 5     0.273     0.190     0.943
 5     0.790    -0.604    -0.107
 5     0.549     0.774    -0.315
 6   118.323    51.004    32.489
 6     0.338    -0.920     0.199
 6     0.723     0.118    -0.681
 6     0.602     0.374     0.705
 7   113.585   -21.830     2.497
 7     0.710     0.567     0.417
 7    -0.649     0.758     0.073
 7    -0.274    -0.322     0.906
 8   114.474   -34.329    23.983
 8     0.157    -0.675     0.721
 8    -0.818    -0.497    -0.288
 8     0.553    -0.545    -0.630
 9   117.988   -60.869    32.385
 9     0.066     0.994     0.081
 9    -0.734    -0.006     0.679
 9     0.676    -0.104     0.729
 2    96.256   -22.694    60.085
 2    -0.015    -1.000    -0.013
 2     0.979    -0.017     0.200
 2    -0.200    -0.009     0.980
 3   126.693    -2.992     8.311
 3     0.472    -0.324    -0.820
 3     0.298     0.934    -0.198
 3     0.829    -0.151     0.537
 4   110.158     8.951     1.285
 4     0.495    -0.833     0.248
 4     0.835     0.534     0.129
 4    -0.240     0.143     0.960
 5   110.968    28.161    19.604
 5     0.274     0.198     0.941
 5     0.803    -0.585    -0.112
 5     0.528     0.787    -0.320
 6   118.221    51.694    31.252
 6     0.335    -0.917     0.216
 6     0.744     0.117    -0.658
 6     0.578     0.381     0.722
 7   113.481   -21.742     2.355
 7     0.704     0.571     0.421
 7    -0.649     0.758     0.059
 7    -0.286    -0.315     0.905
 8   114.527   -34.884    23.397
 8     0.153    -0.692     0.705
 8    -0.840    -0.467    -0.276
 8     0.521    -0.550    -0.653
 9   117.628   -61.715    30.655
 9     0.059     0.993     0.098
 9    -0.760    -0.019     0.650
 9     0.647    -0.113     0.754
 2    96.256   -22.694    60.085
 2    -0.015    -1.000    -0.012
 2     0.979    -0.017     0.200
 2    -0.200    -0.009     0.980
 3   126.644    -2.838     8.228
 3     0.470    -0.333    -0.818
 3     0.300     0.931    -0.206
 3     0.830    -0.149     0.537
 4   110.111     8.834     1.108
 4     0.487    -0.834     0.258
 4     0.834     0.532     0.145
 4    -0.259     0.145     0.955
 5   111.000    28.392    18.968
 5     0.274     0.206     0.939
 5     0.818    -0.564    -0.115
 5     0.505     0.800    -0.323
 6   118.086    52.254    29.901
 6     0.333    -0.914     0.231
 6     0.766     0.119    -0.632
 6     0.550     0.387     0.740
 7   113.504   -21.678     2.209
 7     0.701     0.573     0.424
 7    -0.649     0.760     0.045
 7    -0.297    -0.307     0.904
 8   114.458   -35.337    22.906
 8     0.150    -0.706     0.692
 8    -0.859    -0.440    -0.263
 8     0.490    -0.555    -0.673
 9   117.304   -62.530    29.290
 9     0.053     0.992     0.113
 9    -0.782    -0.029     0.623
 9     0.621    -0.121     0.774
 2    96.256   -22.694    60.085
 2    -0.015    -1.000    -0.013
 2     0.979    -0.017     0.199
 2    -0.200    -0.009     0.980
 3   126.642    -2.810     8.125
 3     0.467    -0.340    -0.816
 3     0.304     0.928    -0.213
 3     0.830    -0.149     0.537
 4   109.974     8.643     0.924
 4     0.482    -0.834     0.268
 4     0.832     0.531     0.159
 4    -0.275     0.146     0.950
 5   110.848    28.655    18.436
 5     0.272     0.215     0.938
 5     0.829    -0.547    -0.115
 5     0.488     0.809    -0.328
 6   117.841    52.770    28.828
 6     0.327    -0.911     0.250
 6     0.783     0.114    -0.611
 6     0.528     0.396     0.751
 7   113.432   -21.586     2.108
 7     0.698     0.574     0.427
 7    -0.648     0.761     0.034
 7    -0.306    -0.301     0.903
 8   114.498   -35.760    22.426
 8     0.147    -0.721     0.677
 8    -0.875    -0.414    -0.252
 8     0.462    -0.555    -0.691
 9   116.958   -63.243    27.770
 9     0.047     0.991     0.126
 9    -0.802    -0.038     0.596
 9     0.595    -0.130     0.793
 2    96.256   -22.694    60.085
 2    -0.015    -1.000    -0.012
 2     0.979    -0.017     0.200
 2    -0.200    -0.009     0.980
 3   126.690    -2.758     8.048
 3     0.466    -0.345    -0.815
 3     0.307     0.927    -0.217
 3     0.830    -0.149     0.538
 4   109.870     8.556     0.830
 4     0.477    -0.835     0.274
 4     0.830     0.530     0.170
 4    -0.287     0.146     0.946
 5   110.733    28.769    18.048
 5     0.270     0.221     0.937
 5     0.838    -0.533    -0.116
 5     0.474     0.816    -0.330
 6   117.553    52.957    27.853
 6     0.324    -0.907     0.269
 6     0.799     0.110    -0.592
 6     0.507     0.406     0.760
 7   113.315   -21.594     2.079
 7     0.694     0.577     0.430
 7    -0.648     0.761     0.026
 7    -0.313    -0.296     0.902
 8   114.289   -36.237    21.892
 8     0.140    -0.732     0.667
 8    -0.889    -0.389    -0.240
 8     0.435    -0.560    -0.705
 9   116.441   -63.992    26.115
 9     0.035     0.991     0.130
 9    -0.826    -0.045     0.562
 9     0.563    -0.127     0.816
 2    96.256   -22.694    60.085
 2    -0.015    -1.000    -0.013
 2     0.979    -0.017     0.199
 2    -0.200    -0.009     0.979
 3   126.685    -2.758     7.927
 3     0.466    -0.349    -0.813
 3     0.309     0.925    -0.219
 3     0.829    -0.150     0.539
 4   109.842     8.444     0.635
 4     0.474    -0.835     0.280
 4     0.828     0.530     0.179
 4    -0.299     0.147     0.943
 5   110.737    28.982    17.514
 5     0.268     0.226     0.936
 5     0.848    -0.517    -0.117
 5     0.458     0.825    -0.331
 6   117.358    53.447    26.909
 6     0.317    -0.904     0.287
 6     0.815     0.106    -0.569
 6     0.484     0.414     0.771
 7   113.307   -21.573     1.985
 7     0.692     0.579     0.430
 7    -0.649     0.761     0.019
 7    -0.316    -0.292     0.903
 8   114.145   -36.567    21.336
 8     0.135    -0.732     0.668
 8    -0.904    -0.368    -0.220
 8     0.406    -0.574    -0.711
 9   116.181   -64.635    24.743
 9     0.024     0.993     0.115
 9    -0.844    -0.042     0.534
 9     0.535    -0.110     0.837
 2    96.206   -22.694    60.085
 2    -0.015    -1.000    -0.013
 2     0.979    -0.017     0.199
 2    -0.200    -0.009     0.979
 3   126.729    -2.656     7.830
 3     0.465    -0.354    -0.812
 3     0.313     0.923    -0.223
 3     0.828    -0.151     0.540
 4   109.752     8.302     0.505
 4     0.469    -0.834     0.290
 4     0.825     0.531     0.194
 4    -0.316     0.148     0.937
 5   110.582    29.143    16.988
 5     0.264     0.235     0.935
 5     0.859    -0.499    -0.118
 5     0.439     0.834    -0.334
 6   117.007    53.782    25.821
 6     0.311    -0.900     0.304
 6     0.832     0.104    -0.544
 6     0.458     0.422     0.782
 7   113.289   -21.582     1.930
 7     0.688     0.583     0.431
 7    -0.649     0.760     0.008
 7    -0.323    -0.285     0.902
 8   113.981   -37.170    20.756
 8     0.132    -0.740     0.659
 8    -0.917    -0.344    -0.202
 8     0.376    -0.577    -0.725
 9   115.841   -65.191    23.590
 9     0.023     0.992     0.123
 9    -0.860    -0.043     0.509
 9     0.510    -0.118     0.852
 2    96.206   -22.694    60.085
 2    -0.015    -1.000    -0.013
 2     0.979    -0.017     0.199
 2    -0.200    -0.009     0.979
 3   126.618    -2.631     7.713
 3     0.465    -0.361    -0.808
 3     0.319     0.920    -0.228
 3     0.826    -0.152     0.543
 4   109.530     8.158     0.328
 4     0.462    -0.834     0.303
 4     0.821     0.530     0.208
 4    -0.335     0.152     0.930
 5   110.534    29.254    16.504
 5     0.265     0.244     0.933
 5     0.867    -0.484    -0.120
 5     0.422     0.840    -0.340
 6   116.881    54.115    24.733
 6     0.309    -0.895     0.323
 6     0.848     0.106    -0.520
 6     0.431     0.434     0.791
 7   113.193   -21.591     1.906
 7     0.685     0.584     0.435
 7    -0.648     0.761    -0.002
 7    -0.332    -0.281     0.900
 8   114.325   -37.534    20.431
 8     0.141    -0.762     0.632
 8    -0.928    -0.324    -0.183
 8     0.344    -0.561    -0.753
 9   116.191   -65.783    22.136
 9     0.044     0.980     0.193
 9    -0.876    -0.055     0.479
 9     0.479    -0.190     0.856
 2    96.206   -22.694    60.085
 2    -0.015    -1.000    -0.013
 2     0.979    -0.017     0.199
 2    -0.200    -0.010     0.979
 3   126.602    -2.633     7.549
 3     0.467    -0.369    -0.804
 3     0.323     0.917    -0.233
 3     0.823    -0.151     0.548
 4   109.351     7.987     0.207
 4     0.453    -0.832     0.319
 4     0.817     0.531     0.224
 4    -0.356     0.159     0.921
 5   110.727    29.506    15.868
 5     0.273     0.269     0.923
 5     0.878    -0.463    -0.125
 5     0.393     0.844    -0.363
 6   117.034    54.556    23.212
 6     0.316    -0.850     0.421
 6     0.871     0.084    -0.484
 6     0.376     0.519     0.767
 7   113.057   -21.456     1.828
 7     0.679     0.584     0.443
 7    -0.646     0.763    -0.016
 7    -0.348    -0.276     0.896
 8   115.119   -37.654    20.316
 8     0.151    -0.812     0.563
 8    -0.938    -0.297    -0.177
 8     0.310    -0.502    -0.807
 9   116.100   -65.885    21.207
 9     0.088     0.907     0.410
 9    -0.887    -0.116     0.446
 9     0.452    -0.403     0.795
 2    96.206   -22.694    60.085
 2    -0.015    -1.000    -0.012
 2     0.979    -0.017     0.199
 2    -0.200    -0.009     0.980
 3   126.534    -2.637     7.442
 3     0.470    -0.376    -0.799
 3     0.328     0.914    -0.237
 3     0.819    -0.151     0.553
 4   109.200     7.840     0.032
 4     0.449    -0.827     0.338
 4     0.810     0.536     0.235
 4    -0.376     0.168     0.911
 5   111.133    29.661    15.344
 5     0.286     0.295     0.911
 5     0.884    -0.447    -0.133
 5     0.368     0.844    -0.389
 6   117.440    54.810    22.321
 6     0.322    -0.803     0.501
 6     0.884     0.066    -0.463
 6     0.339     0.592     0.731
 7   112.904   -21.444     1.764
 7     0.674     0.585     0.450
 7    -0.644     0.764    -0.028
 7    -0.360    -0.271     0.892
 8   115.672   -37.829    20.048
 8     0.153    -0.847     0.508
 8    -0.947    -0.273    -0.171
 8     0.284    -0.455    -0.844
 9   115.872   -66.336    20.222
 9     0.109     0.827     0.551
 9    -0.900    -0.154     0.408
 9     0.422    -0.540     0.728
 2    96.206   -22.694    60.085
 2    -0.015    -1.000    -0.012
 2     0.979    -0.017     0.199
 2    -0.200    -0.009     0.980
 3   126.574    -2.639     7.299
 3     0.472    -0.379    -0.796
 3     0.330     0.913    -0.238
 3     0.817    -0.151     0.556
 4   109.170     7.776    -0.057
 4     0.448    -0.824     0.347
 4     0.805     0.541     0.244
 4    -0.389     0.169     0.905
 5   111.500    29.777    15.141
 5     0.296     0.312     0.902
 5     0.886    -0.442    -0.138
 5     0.356     0.841    -0.407
 6   117.848    54.847    22.023
 6     0.329    -0.765     0.554
 6     0.888     0.053    -0.456
 6     0.319     0.642     0.697
 7   112.827   -21.407     1.777
 7     0.668     0.588     0.456
 7    -0.645     0.763    -0.040
 7    -0.372    -0.268     0.889
 8   115.936   -37.955    19.925
 8     0.150    -0.869     0.471
 8    -0.952    -0.256    -0.169
 8     0.268    -0.423    -0.866
 9   115.426   -66.511    19.777
 9     0.114     0.757     0.643
 9    -0.908    -0.183     0.377
 9     0.403    -0.627     0.667
 2    96.256   -22.694    60.085
 2    -0.015    -1.000    -0.012
 2     0.979    -0.017     0.200
 2    -0.200    -0.009     0.980
 3   126.520    -2.640     7.278
 3     0.474    -0.380    -0.794
 3     0.331     0.912    -0.240
 3     0.816    -0.150     0.558
 4   109.150     7.767    -0.035
 4     0.448    -0.821     0.354
 4     0.801     0.545     0.249
 4    -0.397     0.172     0.901
 5   111.820    29.766    15.035
 5     0.307     0.328     0.893
 5     0.886    -0.440    -0.144
 5     0.345     0.836    -0.426
 6   118.207    54.729    21.579
 6     0.335    -0.705     0.625
 6     0.895     0.032    -0.444
 6     0.292     0.708     0.642
 7   112.687   -21.314     1.699
 7     0.663     0.589     0.460
 7    -0.645     0.763    -0.047
 7    -0.379    -0.266     0.886
 8   116.053   -37.954    19.796
 8     0.145    -0.888     0.436
 8    -0.956    -0.240    -0.169
 8     0.254    -0.393    -0.884
 9   115.046   -66.552    19.640
 9     0.123     0.656     0.745
 9    -0.915    -0.216     0.341
 9     0.384    -0.724     0.573
 2    96.256   -22.694    60.085
 2    -0.015    -1.000    -0.012
 2     0.979    -0.017     0.200
 2    -0.200    -0.009     0.980
 3   126.510    -2.592     7.236
 3     0.476    -0.383    -0.792
 3     0.332     0.912    -0.241
 3     0.814    -0.148     0.561
 4   109.002     7.682    -0.087
 4     0.446    -0.818     0.364
 4     0.798     0.547     0.253
 4    -0.406     0.177     0.896
 5   112.134    29.884    14.928
 5     0.316     0.352     0.881
 5     0.888    -0.436    -0.144
 5     0.333     0.828    -0.451
 6   118.236    55.023    21.430
 6     0.328    -0.636     0.698
 6     0.906     0.003    -0.423
 6     0.267     0.772     0.577
 7   112.676   -21.319     1.664
 7     0.661     0.589     0.464
 7    -0.645     0.762    -0.051
 7    -0.384    -0.266     0.884
 8   116.354   -37.949    19.648
 8     0.144    -0.903     0.404
 8    -0.959    -0.228    -0.169
 8     0.245    -0.363    -0.899
 9   114.944   -66.438    19.721
 9     0.133     0.548     0.825
 9    -0.921    -0.240     0.308
 9     0.367    -0.801     0.473
 2    96.256   -22.694    60.085
 2    -0.015    -1.000    -0.013
 2     0.979    -0.017     0.200
 2    -0.200    -0.009     0.980
 3   126.425    -2.544     7.144
 3     0.478    -0.386    -0.789
 3     0.333     0.911    -0.244
 3     0.812    -0.146     0.564
 4   108.936     7.727    -0.121
 4     0.444    -0.817     0.369
 4     0.796     0.548     0.257
 4    -0.412     0.179     0.893
 5   112.282    29.879    14.787
 5     0.322     0.375     0.869
 5     0.889    -0.435    -0.142
 5     0.324     0.819    -0.474
 6   118.394    54.838    21.264
 6     0.328    -0.571     0.753
 6     0.911    -0.019    -0.412
 6     0.249     0.821     0.513
 7   112.616   -21.298     1.680
 7     0.660     0.587     0.468
 7    -0.643     0.764    -0.052
 7    -0.389    -0.267     0.882
 8   116.756   -37.865    19.623
 8     0.147    -0.916     0.372
 8    -0.960    -0.223    -0.169
 8     0.237    -0.333    -0.913
 9   115.148   -65.836    20.005
 9     0.150     0.450     0.880
 9    -0.922    -0.256     0.289
 9     0.355    -0.855     0.377
 2    96.256   -22.694    60.085
 2    -0.015    -1.000    -0.012
 2     0.979    -0.017     0.200
 2    -0.200    -0.009     0.980
 3   126.364    -2.496     7.075
 3     0.481    -0.393    -0.784
 3     0.335     0.908    -0.250
 3     0.810    -0.142     0.568
 4   108.629     7.614    -0.139
 4     0.437    -0.817     0.376
 4     0.793     0.547     0.266
 4    -0.424     0.182     0.887
 5   112.365    29.973    14.777
 5     0.327     0.409     0.851
 5     0.892    -0.430    -0.136
 5     0.311     0.804    -0.506
 6   118.218    55.005    20.933
 6     0.323    -0.509     0.798
 6     0.918    -0.035    -0.395
 6     0.228     0.860     0.456
 7   112.461   -21.210     1.599
 7     0.656     0.580     0.481
 7    -0.637     0.768    -0.057
 7    -0.403    -0.270     0.875
 8   117.150   -37.860    19.410
 8     0.150    -0.929     0.337
 8    -0.963    -0.215    -0.163
 8     0.224    -0.300    -0.927
 9   115.180   -66.521    19.314
 9     0.154     0.339     0.928
 9    -0.933    -0.258     0.249
 9     0.324    -0.905     0.276
 2    96.256   -22.694    60.085
 2    -0.015    -1.000    -0.013
 2     0.979    -0.017     0.200
 2    -0.200    -0.009     0.980
 3   126.219    -2.374     6.913
 3     0.486    -0.404    -0.775
 3     0.337     0.905    -0.260
 3     0.806    -0.135     0.576
 4   108.300     7.553    -0.158
 4     0.429    -0.819     0.381
 4     0.791     0.544     0.277
 4    -0.435     0.182     0.882
 5   112.331    29.915    14.689
 5     0.332     0.436     0.836
 5     0.894    -0.427    -0.132
 5     0.300     0.792    -0.532
 6   118.088    55.000    20.589
 6     0.319    -0.455     0.831
 6     0.923    -0.048    -0.381
 6     0.213     0.889     0.404
 7   112.312   -21.144     1.558
 7     0.654     0.576     0.490
 7    -0.633     0.771    -0.061
 7    -0.414    -0.271     0.869
 8   117.415   -37.909    19.223
 8     0.151    -0.940     0.307
 8    -0.966    -0.206    -0.157
 8     0.211    -0.273    -0.939
 9   115.124   -66.520    18.964
 9     0.156     0.256     0.954
 9    -0.940    -0.258     0.223
 9     0.303    -0.932     0.200
 2    96.256   -22.694    60.085
 2    -0.015    -1.000    -0.012
 2     0.979    -0.017     0.200
 2    -0.200    -0.009     0.980
 3   126.054    -2.328     6.772
 3     0.491    -0.410    -0.769
 3     0.338     0.903    -0.266
 3     0.803    -0.129     0.581
 4   108.028     7.546    -0.161
 4     0.422    -0.821     0.384
 4     0.791     0.540     0.286
 4    -0.443     0.183     0.877
 5   112.304    29.989    14.643
 5     0.333     0.462     0.822
 5     0.896    -0.426    -0.124
 5     0.292     0.778    -0.556
 6   117.868    55.151    20.538
 6     0.312    -0.406     0.859
 6     0.928    -0.063    -0.367
 6     0.203     0.912     0.356
 7   112.243   -21.051     1.485
 7     0.651     0.572     0.498
 7    -0.630     0.774    -0.065
 7    -0.423    -0.271     0.865
 8   117.608   -37.908    18.903
 8     0.149    -0.948     0.282
 8    -0.968    -0.198    -0.152
 8     0.200    -0.250    -0.947
 9   115.074   -66.418    18.536
 9     0.156     0.196     0.968
 9    -0.944    -0.257     0.205
 9     0.289    -0.946     0.145
 2    96.256   -22.694    60.085
 2    -0.015    -1.000    -0.013
 2     0.979    -0.017     0.200
 2    -0.200    -0.009     0.980
 3   125.972    -2.203     6.698
 3     0.493    -0.416    -0.764
 3     0.337     0.901    -0.273
 3     0.802    -0.123     0.584
 4   107.866     7.645    -0.073
 4     0.416    -0.824     0.384
 4     0.792     0.536     0.292
 4    -0.447     0.182     0.875
 5   112.295    30.040    14.690
 5     0.335     0.475     0.814
 5     0.897    -0.426    -0.120
 5     0.290     0.770    -0.569
 6   117.915    54.996    20.492
 6     0.312    -0.372     0.874
 6     0.930    -0.069    -0.362
 6     0.195     0.925     0.324
 7   112.125   -20.931     1.408
 7     0.650     0.568     0.504
 7    -0.626     0.777    -0.069
 7    -0.431    -0.271     0.861
 8   117.752   -37.907    18.708
 8     0.146    -0.955     0.256
 8    -0.971    -0.188    -0.149
 8     0.190    -0.227    -0.955
 9   114.953   -66.416    18.387
 9     0.153     0.130     0.979
 9    -0.949    -0.258     0.183
 9     0.276    -0.957     0.084
 2    96.206   -22.694    60.085
 2    -0.015    -1.000    -0.012
 2     0.979    -0.017     0.200
 2    -0.200    -0.009     0.980
 3   125.916    -2.103     6.599
 3     0.495    -0.420    -0.761
 3     0.337     0.899    -0.278
 3     0.801    -0.119     0.587
 4   107.643     7.537    -0.101
 4     0.407    -0.828     0.385
 4     0.792     0.530     0.303
 4    -0.455     0.182     0.871
 5   112.320    30.086    14.624
 5     0.337     0.494     0.801
 5     0.898    -0.424    -0.117
 5     0.282     0.759    -0.586
 6   117.746    55.320    20.330
 6     0.305    -0.339     0.890
 6     0.934    -0.073    -0.349
 6     0.183     0.938     0.294
 7   112.076   -20.790     1.368
 7     0.646     0.564     0.513
 7    -0.622     0.779    -0.074
 7    -0.442    -0.271     0.855
 8   117.978   -37.853    18.455
 8     0.144    -0.963     0.228
 8    -0.973    -0.180    -0.146
 8     0.182    -0.201    -0.963
 9   114.909   -66.387    18.262
 9     0.149     0.061     0.987
 9    -0.953    -0.257     0.160
 9     0.263    -0.964     0.020
 2    96.206   -22.694    60.085
 2    -0.015    -1.000    -0.012
 2     0.979    -0.017     0.200
 2    -0.200    -0.009     0.980
 3   125.831    -2.080     6.530
 3     0.497    -0.426    -0.756
 3     0.338     0.897    -0.283
 3     0.799    -0.115     0.590
 4   107.279     7.447    -0.056
 4     0.396    -0.832     0.389
 4     0.789     0.525     0.319
 4    -0.470     0.180     0.864
 5   112.315    30.145    14.260
 5     0.343     0.515     0.785
 5     0.902    -0.415    -0.122
 5     0.262     0.750    -0.607
 6   117.765    55.304    19.534
 6     0.308    -0.307     0.900
 6     0.937    -0.063    -0.343
 6     0.162     0.949     0.268
 7   111.828   -20.776     1.305
 7     0.641     0.562     0.522
 7    -0.620     0.780    -0.080
 7    -0.453    -0.273     0.849
 8   118.052   -37.925    18.237
 8     0.139    -0.972     0.191
 8    -0.975    -0.168    -0.143
 8     0.171    -0.167    -0.971
 9   114.734   -66.462    18.020
 9     0.145    -0.012     0.989
 9    -0.958    -0.252     0.137
 9     0.247    -0.968    -0.047
 2    96.206   -22.694    60.085
 2    -0.015    -1.000    -0.012
 2     0.980    -0.017     0.199
 2    -0.200    -0.009     0.980
 3   125.663    -2.034     6.421
 3     0.501    -0.431    -0.750
 3     0.342     0.895    -0.286
 3     0.795    -0.113     0.596
 4   107.067     7.256    -0.143
 4     0.388    -0.832     0.397
 4     0.784     0.524     0.332
 4    -0.484     0.182     0.855
 5   112.342    30.281    13.843
 5     0.350     0.532     0.771
 5     0.904    -0.406    -0.130
 5     0.244     0.743    -0.623
 6   117.990    55.416    18.762
 6     0.311    -0.282     0.907
 6     0.939    -0.052    -0.339
 6     0.143     0.958     0.249
 7   111.679   -20.740     1.272
 7     0.632     0.562     0.533
 7    -0.619     0.780    -0.088
 7    -0.465    -0.275     0.841
 8   118.267   -38.025    17.879
 8     0.136    -0.978     0.156
 8    -0.978    -0.157    -0.135
 8     0.156    -0.134    -0.978
 9   114.666   -66.508    17.830
 9     0.140    -0.093     0.986
 9    -0.963    -0.245     0.114
 9     0.231    -0.965    -0.124
 2    96.256   -22.694    60.085
 2    -0.015    -1.000    -0.012
 2     0.979    -0.017     0.200
 2    -0.200    -0.009     0.980
 3   125.650    -2.038     6.333
 3     0.505    -0.433    -0.747
 3     0.343     0.894    -0.287
 3     0.792    -0.111     0.600
 4   106.977     7.250    -0.180
 4     0.386    -0.830     0.402
 4     0.782     0.526     0.334
 4    -0.489     0.185     0.853
 5   112.371    30.274    13.732
 5     0.353     0.540     0.764
 5     0.905    -0.404    -0.133
 5     0.236     0.738    -0.632
 6   118.142    55.360    18.546
 6     0.313    -0.263     0.912
 6     0.940    -0.051    -0.337
 6     0.135     0.963     0.231
 7   111.363   -20.661     1.287
 7     0.621     0.560     0.548
 7    -0.616     0.781    -0.100
 7    -0.484    -0.275     0.831
 8   118.428   -38.202    17.410
 8     0.132    -0.985     0.111
 8    -0.982    -0.146    -0.122
 8     0.136    -0.093    -0.986
 9   114.553   -66.586    17.069
 9     0.135    -0.185     0.973
 9    -0.970    -0.226     0.091
 9     0.203    -0.956    -0.210
 2    96.206   -22.694    60.085
 2    -0.015    -1.000    -0.013
 2     0.980    -0.017     0.199
 2    -0.200    -0.009     0.980
 3   125.567    -2.043     6.264
 3     0.510    -0.433    -0.743
 3     0.339     0.895    -0.289
 3     0.790    -0.105     0.603
 4   106.872     7.147    -0.175
 4     0.385    -0.830     0.404
 4     0.781     0.526     0.335
 4    -0.491     0.187     0.851
 5   112.538    30.171    13.682
 5     0.359     0.549     0.754
 5     0.904    -0.407    -0.134
 5     0.233     0.730    -0.642
 6   118.350    55.308    18.472
 6     0.314    -0.240     0.918
 6     0.940    -0.054    -0.336
 6     0.130     0.969     0.209
 7   111.124   -20.566     1.155
 7     0.606     0.558     0.566
 7    -0.609     0.784    -0.122
 7    -0.512    -0.271     0.815
 8   118.639   -38.437    16.572
 8     0.129    -0.989     0.066
 8    -0.986    -0.135    -0.096
 8     0.104    -0.053    -0.993
 9   114.615   -66.874    15.504
 9     0.129    -0.277     0.952
 9    -0.978    -0.194     0.076
 9     0.163    -0.941    -0.296
 2    96.206   -22.694    60.085
 2    -0.015    -1.000    -0.013
 2     0.980    -0.017     0.199
 2    -0.200    -0.009     0.980
 3   125.457    -2.049     6.092
 3     0.517    -0.433    -0.738
 3     0.334     0.896    -0.292
 3     0.788    -0.095     0.608
 4   106.540     7.138    -0.045
 4     0.373    -0.833     0.409
 4     0.781     0.520     0.346
 4    -0.501     0.190     0.844
 5   112.543    30.335    13.534
 5     0.365     0.569     0.736
 5     0.905    -0.402    -0.139
 5     0.217     0.717    -0.662
 6   118.199    55.474    17.916
 6     0.312    -0.206     0.927
 6     0.943    -0.049    -0.329
 6     0.113     0.977     0.179
 7   110.797   -20.196     1.009
 7     0.591     0.553     0.586
 7    -0.595     0.790    -0.146
 7    -0.544    -0.263     0.797
 8   118.946   -38.467    15.562
 8     0.131    -0.991     0.018
 8    -0.989    -0.132    -0.068
 8     0.069    -0.009    -0.997
 9   114.703   -66.932    13.979
 9     0.130    -0.354     0.926
 9    -0.984    -0.164     0.075
 9     0.125    -0.920    -0.370
 2    96.206   -22.694    60.085
 2    -0.015    -1.000    -0.013
 2     0.979    -0.017     0.200
 2    -0.200    -0.009     0.980
 3   125.268    -1.878     5.873
 3     0.524    -0.439    -0.730
 3     0.330     0.894    -0.301
 3     0.785    -0.084     0.614
 4   106.049     7.052    -0.010
 4     0.356    -0.838     0.414
 4     0.780     0.510     0.361
 4    -0.514     0.194     0.835
 5   112.377    30.468    13.101
 5     0.368     0.594     0.715
 5     0.909    -0.390    -0.145
 5     0.193     0.704    -0.684
 6   118.012    55.637    16.968
 6     0.309    -0.172     0.935
 6     0.947    -0.038    -0.320
 6     0.091     0.984     0.151
 7   110.404   -20.053     0.834
 7     0.574     0.549     0.607
 7    -0.585     0.794    -0.165
 7    -0.573    -0.260     0.777
 8   116.422   -39.257    12.769
 8     0.133    -0.991    -0.021
