% Calibrated with leiden_pols
% Positions are in centimeters
Data =[
 2    96.256   -22.694    60.085
 2    -0.015    -1.000    -0.012
 2     0.979    -0.017     0.199
 2    -0.200    -0.009     0.980
 3   127.769    -4.505    10.075
 3     0.490    -0.283    -0.824
 3     0.293     0.944    -0.150
 3     0.820    -0.168     0.546
 4   115.192     9.960     3.001
 4     0.655    -0.730     0.192
 4     0.755     0.633    -0.170
 4     0.002     0.256     0.966
 5   117.649    18.157    27.921
 5     0.375    -0.295     0.878
 5     0.173    -0.909    -0.380
 5     0.910     0.295    -0.290
 6   127.685    25.278    52.408
 6     0.339    -0.880    -0.334
 6     0.032     0.365    -0.930
 6     0.940     0.305     0.152
 7   116.318   -23.454     4.499
 7     0.771     0.541     0.337
 7    -0.631     0.721     0.285
 7    -0.089    -0.432     0.897
 8   118.609   -24.589    30.425
 8     0.368     0.149     0.917
 8    -0.111    -0.973     0.203
 8     0.923    -0.177    -0.342
 9   132.467   -29.083    54.264
 9     0.209     0.740    -0.639
 9     0.029     0.648     0.761
 9     0.977    -0.178     0.114
 2    96.256   -22.694    60.085
 2    -0.015    -1.000    -0.012
 2     0.979    -0.017     0.199
 2    -0.200    -0.009     0.980
 3   127.676    -4.476    10.115
 3     0.487    -0.286    -0.825
 3     0.294     0.943    -0.153
 3     0.822    -0.168     0.544
 4   115.094    10.012     3.024
 4     0.654    -0.732     0.192
 4     0.756     0.632    -0.169
 4     0.003     0.255     0.967
 5   117.548    18.157    27.945
 5     0.375    -0.296     0.878
 5     0.173    -0.909    -0.380
 5     0.910     0.294    -0.290
 6   127.635    25.329    52.408
 6     0.340    -0.879    -0.334
 6     0.032     0.365    -0.930
 6     0.940     0.305     0.152
 7   116.262   -23.455     4.503
 7     0.772     0.539     0.336
 7    -0.629     0.724     0.283
 7    -0.091    -0.430     0.898
 8   118.608   -24.589    30.425
 8     0.368     0.150     0.917
 8    -0.111    -0.973     0.204
 8     0.923    -0.177    -0.341
 9   132.418   -29.083    54.315
 9     0.209     0.740    -0.639
 9     0.029     0.648     0.760
 9     0.977    -0.178     0.113
 2    96.256   -22.744    60.085
 2    -0.015    -1.000    -0.012
 2     0.979    -0.017     0.199
 2    -0.200    -0.009     0.980
 3   127.689    -4.547    10.151
 3     0.482    -0.286    -0.828
 3     0.295     0.943    -0.153
 3     0.825    -0.170     0.539
 4   115.094    10.012     3.024
 4     0.653    -0.733     0.191
 4     0.757     0.631    -0.169
 4     0.003     0.255     0.967
 5   117.549    18.157    27.945
 5     0.376    -0.296     0.878
 5     0.173    -0.908    -0.380
 5     0.910     0.295    -0.291
 6   127.685    25.329    52.409
 6     0.340    -0.879    -0.334
 6     0.032     0.366    -0.930
 6     0.940     0.305     0.153
 7   116.359   -23.456     4.454
 7     0.772     0.539     0.336
 7    -0.628     0.725     0.281
 7    -0.092    -0.428     0.899
 8   118.583   -24.589    30.451
 8     0.367     0.149     0.918
 8    -0.111    -0.973     0.202
 8     0.923    -0.177    -0.341
 9   132.465   -29.031    54.263
 9     0.209     0.739    -0.640
 9     0.030     0.649     0.759
 9     0.977    -0.178     0.114
 2    96.256   -22.694    60.085
 2    -0.015    -1.000    -0.012
 2     0.979    -0.017     0.199
 2    -0.200    -0.009     0.980
 3   127.644    -4.545    10.197
 3     0.479    -0.285    -0.830
 3     0.295     0.943    -0.154
 3     0.826    -0.171     0.536
 4   115.099     9.964     3.019
 4     0.652    -0.734     0.187
 4     0.758     0.630    -0.168
 4     0.005     0.252     0.968
 5   117.549    18.131    27.946
 5     0.377    -0.297     0.877
 5     0.173    -0.908    -0.382
 5     0.910     0.296    -0.291
 6   127.678    25.326    52.418
 6     0.341    -0.877    -0.338
 6     0.032     0.370    -0.928
 6     0.939     0.306     0.154
 7   116.355   -23.457     4.558
 7     0.773     0.538     0.334
 7    -0.627     0.727     0.280
 7    -0.093    -0.426     0.900
 8   118.584   -24.615    30.425
 8     0.367     0.148     0.918
 8    -0.112    -0.973     0.202
 8     0.923    -0.177    -0.341
 9   132.465   -29.031    54.263
 9     0.209     0.738    -0.642
 9     0.030     0.651     0.758
 9     0.977    -0.178     0.114
 2    96.256   -22.694    60.085
 2    -0.015    -1.000    -0.012
 2     0.979    -0.017     0.200
 2    -0.200    -0.009     0.980
 3   127.699    -4.543    10.142
 3     0.479    -0.285    -0.830
 3     0.295     0.943    -0.153
 3     0.827    -0.172     0.536
 4   114.808     9.910     2.952
 4     0.647    -0.744     0.165
 4     0.761     0.623    -0.179
 4     0.030     0.241     0.970
 5   117.473    18.131    27.994
 5     0.377    -0.295     0.878
 5     0.172    -0.909    -0.379
 5     0.910     0.294    -0.292
 6   127.665    25.322    52.387
 6     0.346    -0.874    -0.340
 6     0.033     0.374    -0.927
 6     0.937     0.310     0.158
 7   116.292   -23.511     4.524
 7     0.775     0.534     0.338
 7    -0.624     0.730     0.278
 7    -0.099    -0.427     0.899
 8   118.609   -24.589    30.425
 8     0.368     0.148     0.918
 8    -0.112    -0.973     0.202
 8     0.923    -0.177    -0.342
 9   132.526   -28.979    54.299
 9     0.207     0.735    -0.645
 9     0.029     0.654     0.755
 9     0.978    -0.176     0.114
 2    96.256   -22.694    60.085
 2    -0.015    -1.000    -0.012
 2     0.979    -0.017     0.199
 2    -0.200    -0.009     0.980
 3   127.735    -4.547    10.029
 3     0.482    -0.289    -0.827
 3     0.297     0.942    -0.156
 3     0.824    -0.171     0.540
 4   114.422     9.926     2.958
 4     0.640    -0.754     0.147
 4     0.767     0.615    -0.182
 4     0.047     0.229     0.972
 5   117.120    17.897    28.236
 5     0.386    -0.275     0.880
 5     0.173    -0.916    -0.362
 5     0.906     0.292    -0.306
 6   127.773    25.367    52.319
 6     0.354    -0.868    -0.348
 6     0.037     0.385    -0.922
 6     0.934     0.314     0.169
 7   116.269   -23.594     4.505
 7     0.777     0.525     0.347
 7    -0.620     0.735     0.275
 7    -0.110    -0.429     0.896
 8   118.604   -24.615    30.383
 8     0.369     0.147     0.918
 8    -0.112    -0.973     0.201
 8     0.922    -0.177    -0.343
 9   132.522   -28.980    54.297
 9     0.205     0.729    -0.653
 9     0.028     0.662     0.748
 9     0.978    -0.172     0.115
 2    96.256   -22.694    60.085
 2    -0.015    -1.000    -0.012
 2     0.979    -0.017     0.200
 2    -0.200    -0.009     0.980
 3   127.803    -4.480     9.785
 3     0.492    -0.296    -0.819
 3     0.301     0.940    -0.159
 3     0.817    -0.169     0.551
 4   114.252     9.825     2.906
 4     0.642    -0.754     0.142
 4     0.765     0.617    -0.181
 4     0.048     0.225     0.973
 5   117.000    17.725    27.995
 5     0.383    -0.265     0.884
 5     0.174    -0.920    -0.351
 5     0.907     0.289    -0.307
 6   127.869    25.315    52.205
 6     0.357    -0.865    -0.353
 6     0.040     0.392    -0.919
 6     0.933     0.313     0.174
 7   116.163   -23.597     4.514
 7     0.777     0.523     0.349
 7    -0.619     0.735     0.275
 7    -0.113    -0.430     0.896
 8   118.629   -24.581    30.094
 8     0.352     0.131     0.926
 8    -0.110    -0.977     0.180
 8     0.929    -0.166    -0.330
 9   132.568   -29.034    54.218
 9     0.208     0.724    -0.658
 9     0.026     0.668     0.743
 9     0.978    -0.172     0.120
 2    96.206   -22.694    60.085
 2    -0.015    -1.000    -0.012
 2     0.979    -0.017     0.200
 2    -0.200    -0.009     0.980
 3   127.751    -4.497     9.308
 3     0.510    -0.302    -0.806
 3     0.303     0.939    -0.160
 3     0.805    -0.163     0.570
 4   113.829     9.706     2.811
 4     0.639    -0.759     0.124
 4     0.767     0.616    -0.176
 4     0.057     0.207     0.976
 5   116.825    17.562    28.032
 5     0.376    -0.235     0.896
 5     0.185    -0.929    -0.321
 5     0.908     0.287    -0.306
