% Calibrated with leiden_pols
% Positions are in centimeters
Data =[
 2    96.256   -22.694    60.085
 2    -0.015    -1.000    -0.012
 2     0.979    -0.017     0.199
 2    -0.200    -0.009     0.980
 3   127.769    -4.505    10.075
 3     0.490    -0.283    -0.824
 3     0.293     0.944    -0.150
 3     0.820    -0.168     0.546
 4   115.192     9.960     3.001
 4     0.655    -0.730     0.192
 4     0.755     0.633    -0.170
 4     0.002     0.256     0.966
 5   117.649    18.157    27.921
 5     0.375    -0.295     0.878
 5     0.173    -0.909    -0.380
 5     0.910     0.295    -0.290
 6   127.685    25.278    52.408
 6     0.339    -0.880    -0.334
 6     0.032     0.365    -0.930
 6     0.940     0.305     0.152
 7   116.318   -23.454     4.499
 7     0.771     0.541     0.337
 7    -0.631     0.721     0.285
 7    -0.089    -0.432     0.897
 8   118.609   -24.589    30.425
 8     0.368     0.149     0.917
 8    -0.111    -0.973     0.203
 8     0.923    -0.177    -0.342
 9   132.467   -29.083    54.264
 9     0.209     0.740    -0.639
 9     0.029     0.648     0.761
 9     0.977    -0.178     0.114
 2    96.256   -22.694    60.085
 2    -0.015    -1.000    -0.012
 2     0.979    -0.017     0.199
 2    -0.200    -0.009     0.980
 3   127.676    -4.476    10.115
 3     0.487    -0.286    -0.825
 3     0.294     0.943    -0.153
 3     0.822    -0.168     0.544
 4   115.094    10.012     3.024
 4     0.654    -0.732     0.192
 4     0.756     0.632    -0.169
 4     0.003     0.255     0.967
 5   117.548    18.157    27.945
 5     0.375    -0.296     0.878
 5     0.173    -0.909    -0.380
 5     0.910     0.294    -0.290
 6   127.635    25.329    52.408
 6     0.340    -0.879    -0.334
 6     0.032     0.365    -0.930
 6     0.940     0.305     0.152
 7   116.262   -23.455     4.503
 7     0.772     0.539     0.336
 7    -0.629     0.724     0.283
 7    -0.091    -0.430     0.898
 8   118.608   -24.589    30.425
 8     0.368     0.150     0.917
 8    -0.111    -0.973     0.204
 8     0.923    -0.177    -0.341
 9   132.418   -29.083    54.315
 9     0.209     0.740    -0.639
 9     0.029     0.648     0.760
 9     0.977    -0.178     0.113
 2    96.256   -22.744    60.085
 2    -0.015    -1.000    -0.012
 2     0.979    -0.017     0.199
 2    -0.200    -0.009     0.980
 3   127.689    -4.547    10.151
 3     0.482    -0.286    -0.828
 3     0.295     0.943    -0.153
 3     0.825    -0.170     0.539
 4   115.094    10.012     3.024
 4     0.653    -0.733     0.191
 4     0.757     0.631    -0.169
 4     0.003     0.255     0.967
 5   117.549    18.157    27.945
 5     0.376    -0.296     0.878
 5     0.173    -0.908    -0.380
 5     0.910     0.295    -0.291
 6   127.685    25.329    52.409
 6     0.340    -0.879    -0.334
 6     0.032     0.366    -0.930
 6     0.940     0.305     0.153
 7   116.359   -23.456     4.454
 7     0.772     0.539     0.336
 7    -0.628     0.725     0.281
 7    -0.092    -0.428     0.899
 8   118.583   -24.589    30.451
 8     0.367     0.149     0.918
 8    -0.111    -0.973     0.202
 8     0.923    -0.177    -0.341
 9   132.465   -29.031    54.263
 9     0.209     0.739    -0.640
 9     0.030     0.649     0.759
 9     0.977    -0.178     0.114
 2    96.256   -22.694    60.085
 2    -0.015    -1.000    -0.012
 2     0.979    -0.017     0.199
 2    -0.200    -0.009     0.980
 3   127.644    -4.545    10.197
 3     0.479    -0.285    -0.830
 3     0.295     0.943    -0.154
 3     0.826    -0.171     0.536
 4   115.099     9.964     3.019
 4     0.652    -0.734     0.187
 4     0.758     0.630    -0.168
 4     0.005     0.252     0.968
 5   117.549    18.131    27.946
 5     0.377    -0.297     0.877
 5     0.173    -0.908    -0.382
 5     0.910     0.296    -0.291
 6   127.678    25.326    52.418
 6     0.341    -0.877    -0.338
 6     0.032     0.370    -0.928
 6     0.939     0.306     0.154
 7   116.355   -23.457     4.558
 7     0.773     0.538     0.334
 7    -0.627     0.727     0.280
 7    -0.093    -0.426     0.900
 8   118.584   -24.615    30.425
 8     0.367     0.148     0.918
 8    -0.112    -0.973     0.202
 8     0.923    -0.177    -0.341
 9   132.465   -29.031    54.263
 9     0.209     0.738    -0.642
 9     0.030     0.651     0.758
 9     0.977    -0.178     0.114
 2    96.256   -22.694    60.085
 2    -0.015    -1.000    -0.012
 2     0.979    -0.017     0.200
 2    -0.200    -0.009     0.980
 3   127.699    -4.543    10.142
 3     0.479    -0.285    -0.830
 3     0.295     0.943    -0.153
 3     0.827    -0.172     0.536
 4   114.808     9.910     2.952
 4     0.647    -0.744     0.165
 4     0.761     0.623    -0.179
 4     0.030     0.241     0.970
 5   117.473    18.131    27.994
 5     0.377    -0.295     0.878
 5     0.172    -0.909    -0.379
 5     0.910     0.294    -0.292
 6   127.665    25.322    52.387
 6     0.346    -0.874    -0.340
 6     0.033     0.374    -0.927
 6     0.937     0.310     0.158
 7   116.292   -23.511     4.524
 7     0.775     0.534     0.338
 7    -0.624     0.730     0.278
 7    -0.099    -0.427     0.899
 8   118.609   -24.589    30.425
 8     0.368     0.148     0.918
 8    -0.112    -0.973     0.202
 8     0.923    -0.177    -0.342
 9   132.526   -28.979    54.299
 9     0.207     0.735    -0.645
 9     0.029     0.654     0.755
 9     0.978    -0.176     0.114
 2    96.256   -22.694    60.085
 2    -0.015    -1.000    -0.012
 2     0.979    -0.017     0.199
 2    -0.200    -0.009     0.980
 3   127.735    -4.547    10.029
 3     0.482    -0.289    -0.827
 3     0.297     0.942    -0.156
 3     0.824    -0.171     0.540
 4   114.422     9.926     2.958
 4     0.640    -0.754     0.147
 4     0.767     0.615    -0.182
 4     0.047     0.229     0.972
 5   117.120    17.897    28.236
 5     0.386    -0.275     0.880
 5     0.173    -0.916    -0.362
 5     0.906     0.292    -0.306
 6   127.773    25.367    52.319
 6     0.354    -0.868    -0.348
 6     0.037     0.385    -0.922
 6     0.934     0.314     0.169
 7   116.269   -23.594     4.505
 7     0.777     0.525     0.347
 7    -0.620     0.735     0.275
 7    -0.110    -0.429     0.896
 8   118.604   -24.615    30.383
 8     0.369     0.147     0.918
 8    -0.112    -0.973     0.201
 8     0.922    -0.177    -0.343
 9   132.522   -28.980    54.297
 9     0.205     0.729    -0.653
 9     0.028     0.662     0.748
 9     0.978    -0.172     0.115
 2    96.256   -22.694    60.085
 2    -0.015    -1.000    -0.012
 2     0.979    -0.017     0.200
 2    -0.200    -0.009     0.980
 3   127.803    -4.480     9.785
 3     0.492    -0.296    -0.819
 3     0.301     0.940    -0.159
 3     0.817    -0.169     0.551
 4   114.252     9.825     2.906
 4     0.642    -0.754     0.142
 4     0.765     0.617    -0.181
 4     0.048     0.225     0.973
 5   117.000    17.725    27.995
 5     0.383    -0.265     0.884
 5     0.174    -0.920    -0.351
 5     0.907     0.289    -0.307
 6   127.869    25.315    52.205
 6     0.357    -0.865    -0.353
 6     0.040     0.392    -0.919
 6     0.933     0.313     0.174
 7   116.163   -23.597     4.514
 7     0.777     0.523     0.349
 7    -0.619     0.735     0.275
 7    -0.113    -0.430     0.896
 8   118.629   -24.581    30.094
 8     0.352     0.131     0.926
 8    -0.110    -0.977     0.180
 8     0.929    -0.166    -0.330
 9   132.568   -29.034    54.218
 9     0.208     0.724    -0.658
 9     0.026     0.668     0.743
 9     0.978    -0.172     0.120
 2    96.206   -22.694    60.085
 2    -0.015    -1.000    -0.012
 2     0.979    -0.017     0.200
 2    -0.200    -0.009     0.980
 3   127.751    -4.497     9.308
 3     0.510    -0.302    -0.806
 3     0.303     0.939    -0.160
 3     0.805    -0.163     0.570
 4   113.829     9.706     2.811
 4     0.639    -0.759     0.124
 4     0.767     0.616    -0.176
 4     0.057     0.207     0.976
 5   116.825    17.562    28.032
 5     0.376    -0.235     0.896
 5     0.185    -0.929    -0.321
 5     0.908     0.287    -0.306
 6   127.829    25.411    52.189
 6     0.368    -0.868    -0.333
 6     0.044     0.374    -0.926
 6     0.928     0.326     0.176
 7   115.945   -23.655     4.414
 7     0.777     0.518     0.356
 7    -0.617     0.738     0.273
 7    -0.122    -0.432     0.893
 8   118.672   -24.708    29.831
 8     0.341     0.148     0.928
 8    -0.109    -0.975     0.196
 8     0.933    -0.168    -0.317
 9   132.739   -29.390    53.871
 9     0.208     0.683    -0.700
 9     0.009     0.714     0.699
 9     0.978    -0.152     0.143
 2    96.256   -22.694    60.085
 2    -0.015    -1.000    -0.012
 2     0.979    -0.017     0.200
 2    -0.200    -0.009     0.980
 3   127.743    -4.510     9.040
 3     0.522    -0.305    -0.796
 3     0.301     0.940    -0.162
 3     0.797    -0.156     0.583
 4   113.583     9.758     2.850
 4     0.639    -0.759     0.126
 4     0.766     0.616    -0.182
 4     0.060     0.213     0.975
 5   116.800    17.505    27.954
 5     0.384    -0.229     0.894
 5     0.188    -0.929    -0.319
 5     0.904     0.290    -0.314
 6   127.901    25.665    51.899
 6     0.370    -0.865    -0.338
 6     0.050     0.382    -0.923
 6     0.927     0.325     0.185
 7   115.700   -23.612     4.368
 7     0.777     0.512     0.366
 7    -0.615     0.740     0.272
 7    -0.132    -0.436     0.890
 8   118.724   -24.659    29.686
 8     0.338     0.168     0.926
 8    -0.108    -0.970     0.216
 8     0.935    -0.173    -0.309
 9   133.276   -29.033    53.337
 9     0.215     0.634    -0.743
 9    -0.004     0.761     0.649
 9     0.977    -0.136     0.166
 2    96.256   -22.694    60.085
 2    -0.015    -1.000    -0.012
 2     0.979    -0.017     0.200
 2    -0.200    -0.009     0.980
 3   127.619    -4.478     8.636
 3     0.542    -0.308    -0.782
 3     0.299     0.940    -0.163
 3     0.785    -0.146     0.601
 4   113.156     9.749     2.823
 4     0.639    -0.756     0.142
 4     0.767     0.615    -0.182
 4     0.050     0.225     0.973
 5   116.829    17.671    27.829
 5     0.397    -0.205     0.895
 5     0.213    -0.928    -0.306
 5     0.893     0.312    -0.325
 6   127.782    27.027    51.360
 6     0.375    -0.879    -0.294
 6     0.089     0.350    -0.932
 6     0.922     0.324     0.209
 7   115.260   -23.629     4.273
 7     0.774     0.506     0.379
 7    -0.615     0.745     0.260
 7    -0.151    -0.435     0.888
 8   118.856   -24.779    29.430
 8     0.347     0.183     0.920
 8    -0.118    -0.964     0.236
 8     0.930    -0.191    -0.313
 9   133.572   -29.440    53.057
 9     0.219     0.632    -0.743
 9    -0.019     0.764     0.645
 9     0.975    -0.127     0.179
 2    96.256   -22.694    60.085
 2    -0.015    -1.000    -0.012
 2     0.979    -0.017     0.200
 2    -0.200    -0.009     0.980
 3   127.493    -4.386     8.433
 3     0.551    -0.311    -0.774
 3     0.297     0.940    -0.166
 3     0.779    -0.139     0.611
 4   112.841     9.735     2.768
 4     0.637    -0.755     0.154
 4     0.769     0.615    -0.170
 4     0.033     0.227     0.973
 5   116.503    18.350    27.498
 5     0.397    -0.158     0.904
 5     0.272    -0.921    -0.280
 5     0.877     0.357    -0.322
 6   127.143    28.999    50.494
 6     0.378    -0.894    -0.241
 6     0.144     0.314    -0.938
 6     0.914     0.320     0.247
 7   115.031   -23.525     4.139
 7     0.770     0.501     0.393
 7    -0.613     0.752     0.241
 7    -0.175    -0.427     0.887
 8   118.968   -25.050    29.073
 8     0.359     0.153     0.920
 8    -0.155    -0.963     0.220
 8     0.920    -0.222    -0.323
 9   133.645   -31.562    52.044
 9     0.223     0.676    -0.703
 9    -0.080     0.731     0.677
 9     0.971    -0.095     0.217
 2    96.256   -22.694    60.085
 2    -0.015    -1.000    -0.012
 2     0.979    -0.017     0.199
 2    -0.200    -0.009     0.980
 3   127.488    -4.389     8.359
 3     0.554    -0.312    -0.772
 3     0.295     0.940    -0.168
 3     0.778    -0.134     0.613
 4   112.543     9.787     2.733
 4     0.626    -0.761     0.169
 4     0.780     0.610    -0.138
 4     0.001     0.218     0.976
 5   115.788    19.583    27.200
 5     0.386    -0.097     0.917
 5     0.346    -0.906    -0.242
 5     0.854     0.411    -0.317
 6   126.123    32.281    49.252
 6     0.380    -0.910    -0.168
 6     0.220     0.265    -0.939
 6     0.898     0.319     0.301
 7   114.887   -23.415     4.015
 7     0.768     0.497     0.403
 7    -0.610     0.760     0.225
 7    -0.194    -0.419     0.887
 8   119.106   -25.595    28.817
 8     0.369     0.084     0.926
 8    -0.216    -0.961     0.173
 8     0.904    -0.264    -0.336
 9   133.522   -33.879    51.150
 9     0.228     0.723    -0.652
 9    -0.138     0.686     0.714
 9     0.964    -0.073     0.255
 2    96.256   -22.694    60.085
 2    -0.015    -1.000    -0.012
 2     0.979    -0.017     0.199
 2    -0.200    -0.009     0.980
 3   127.413    -4.262     8.257
 3     0.554    -0.314    -0.771
 3     0.294     0.940    -0.172
 3     0.778    -0.132     0.613
 4   112.268     9.865     2.651
 4     0.612    -0.770     0.180
 4     0.790     0.604    -0.101
 4    -0.032     0.204     0.978
 5   114.945    20.937    26.476
 5     0.370    -0.043     0.928
 5     0.420    -0.883    -0.208
 5     0.828     0.467    -0.309
 6   124.785    35.429    47.581
 6     0.372    -0.920    -0.121
 6     0.292     0.239    -0.926
 6     0.881     0.309     0.358
 7   114.709   -23.158     3.751
 7     0.765     0.492     0.416
 7    -0.606     0.768     0.207
 7    -0.217    -0.410     0.886
 8   119.046   -26.651    28.333
 8     0.376     0.031     0.926
 8    -0.281    -0.948     0.146
 8     0.883    -0.315    -0.349
 9   133.619   -36.553    49.659
 9     0.239     0.752    -0.614
 9    -0.202     0.656     0.726
 9     0.950    -0.050     0.309
 2    96.256   -22.694    60.085
 2    -0.015    -1.000    -0.012
 2     0.980    -0.017     0.199
 2    -0.200    -0.009     0.980
 3   127.323    -4.082     8.113
 3     0.552    -0.316    -0.772
 3     0.291     0.940    -0.177
 3     0.781    -0.127     0.610
 4   111.848     9.842     2.436
 4     0.597    -0.780     0.188
 4     0.800     0.596    -0.064
 4    -0.063     0.189     0.980
 5   114.436    22.323    25.723
 5     0.363    -0.011     0.932
 5     0.486    -0.851    -0.199
 5     0.795     0.525    -0.304
 6   124.113    38.354    45.723
 6     0.371    -0.925    -0.084
 6     0.360     0.227    -0.905
 6     0.855     0.306     0.417
 7   114.588   -22.998     3.550
 7     0.762     0.490     0.423
 7    -0.603     0.775     0.188
 7    -0.236    -0.399     0.886
 8   119.176   -27.595    27.804
 8     0.387    -0.010     0.922
 8    -0.338    -0.932     0.131
 8     0.858    -0.362    -0.364
 9   133.655   -39.219    48.311
 9     0.246     0.776    -0.581
 9    -0.264     0.630     0.730
 9     0.932    -0.026     0.359
 2    96.256   -22.694    60.085
 2    -0.015    -1.000    -0.012
 2     0.979    -0.017     0.200
 2    -0.200    -0.009     0.980
 3   127.266    -3.823     8.038
 3     0.546    -0.317    -0.775
 3     0.290     0.940    -0.181
 3     0.786    -0.126     0.605
 4   111.531     9.889     2.323
 4     0.577    -0.792     0.200
 4     0.810     0.586    -0.018
 4    -0.103     0.173     0.979
 5   114.123    23.722    24.967
 5     0.362     0.028     0.931
 5     0.551    -0.813    -0.190
 5     0.752     0.582    -0.310
 6   123.599    41.142    43.750
 6     0.374    -0.926    -0.041
 6     0.427     0.211    -0.879
 6     0.823     0.311     0.474
 7   114.501   -22.784     3.363
 7     0.760     0.487     0.430
 7    -0.599     0.781     0.173
 7    -0.251    -0.390     0.886
 8   119.617   -28.434    27.306
 8     0.403    -0.063     0.913
 8    -0.395    -0.912     0.112
 8     0.825    -0.406    -0.392
 9   133.824   -41.567    46.701
 9     0.254     0.792    -0.554
 9    -0.322     0.610     0.724
 9     0.912    -0.005     0.410
 2    96.256   -22.694    60.085
 2    -0.015    -1.000    -0.013
 2     0.979    -0.017     0.199
 2    -0.200    -0.009     0.979
 3   127.277    -3.590     7.896
 3     0.541    -0.319    -0.778
 3     0.290     0.939    -0.183
 3     0.789    -0.127     0.601
 4   111.197     9.726     2.003
 4     0.554    -0.804     0.215
 4     0.819     0.573     0.034
 4    -0.151     0.157     0.976
 5   113.801    24.981    23.581
 5     0.365     0.076     0.928
 5     0.620    -0.764    -0.181
 5     0.695     0.641    -0.326
 6   123.087    44.563    40.201
 6     0.385    -0.922     0.031
 6     0.516     0.188    -0.835
 6     0.764     0.338     0.549
 7   114.444   -22.604     3.076
 7     0.755     0.484     0.441
 7    -0.594     0.789     0.152
 7    -0.275    -0.377     0.885
 8   120.309   -29.661    26.609
 8     0.430    -0.133     0.893
 8    -0.466    -0.880     0.094
 8     0.773    -0.456    -0.440
 9   134.759   -45.178    43.651
 9     0.281     0.822    -0.495
 9    -0.406     0.569     0.715
 9     0.870     0.000     0.493
 2    96.256   -22.694    60.085
 2    -0.015    -1.000    -0.012
 2     0.979    -0.017     0.199
 2    -0.200    -0.009     0.980
 3   127.239    -3.431     7.756
 3     0.535    -0.322    -0.781
 3     0.295     0.937    -0.185
 3     0.792    -0.132     0.596
 4   110.690     9.513     1.707
 4     0.530    -0.817     0.226
 4     0.824     0.559     0.088
 4    -0.198     0.140     0.970
 5   113.250    26.142    22.199
 5     0.360     0.115     0.926
 5     0.679    -0.712    -0.176
 5     0.639     0.692    -0.335
 6   122.309    47.053    37.128
 6     0.386    -0.920     0.074
 6     0.586     0.182    -0.789
 6     0.712     0.348     0.609
 7   114.181   -22.312     2.778
 7     0.745     0.482     0.460
 7    -0.590     0.799     0.116
 7    -0.312    -0.358     0.880
 8   121.143   -31.193    25.438
 8     0.468    -0.217     0.856
 8    -0.538    -0.839     0.082
 8     0.701    -0.499    -0.509
 9   135.873   -48.605    39.686
 9     0.324     0.850    -0.415
 9    -0.486     0.526     0.698
 9     0.811    -0.025     0.583
 2    96.256   -22.694    60.085
 2    -0.015    -1.000    -0.012
 2     0.979    -0.017     0.200
 2    -0.200    -0.009     0.980
 3   127.125    -3.349     7.588
 3     0.528    -0.326    -0.784
 3     0.298     0.936    -0.188
 3     0.795    -0.134     0.591
 4   110.338     9.072     1.303
 4     0.508    -0.828     0.238
 4     0.826     0.546     0.136
 4    -0.243     0.127     0.961
 5   112.848    27.028    20.689
 5     0.356     0.147     0.923
 5     0.728    -0.663    -0.175
 5     0.586     0.734    -0.343
 6   121.727    49.010    33.807
 6     0.389    -0.915     0.107
 6     0.643     0.186    -0.743
 6     0.660     0.357     0.660
 7   113.753   -22.286     2.434
 7     0.724     0.488     0.486
 7    -0.590     0.804     0.071
 7    -0.357    -0.338     0.871
 8   122.147   -32.680    23.969
 8     0.509    -0.313     0.802
 8    -0.612    -0.787     0.081
 8     0.606    -0.531    -0.592
 9   137.248   -51.882    34.891
 9     0.373     0.874    -0.312
 9    -0.566     0.480     0.670
 9     0.735    -0.074     0.673
 2    96.256   -22.694    60.085
 2    -0.015    -1.000    -0.012
 2     0.979    -0.017     0.199
 2    -0.200    -0.009     0.980
 3   127.036    -3.243     7.369
 3     0.524    -0.330    -0.786
 3     0.298     0.934    -0.194
 3     0.798    -0.133     0.587
 4   110.035     8.792     0.990
 4     0.490    -0.835     0.249
 4     0.826     0.536     0.171
 4    -0.276     0.122     0.953
 5   112.690    27.640    19.534
 5     0.355     0.180     0.917
 5     0.765    -0.619    -0.175
 5     0.536     0.764    -0.358
 6   121.279    50.539    31.146
 6     0.390    -0.908     0.152
 6     0.690     0.179    -0.701
 6     0.609     0.378     0.697
 7   113.292   -22.009     2.122
 7     0.703     0.493     0.512
 7    -0.585     0.810     0.023
 7    -0.404    -0.316     0.858
 8   123.123   -34.143    22.313
 8     0.542    -0.418     0.728
 8    -0.678    -0.730     0.086
 8     0.496    -0.541    -0.680
 9   138.016   -55.012    29.258
 9     0.420     0.890    -0.176
 9    -0.641     0.429     0.636
 9     0.642    -0.155     0.751
 2    96.256   -22.694    60.085
 2    -0.015    -1.000    -0.012
 2     0.979    -0.017     0.199
 2    -0.200    -0.009     0.980
 3   126.915    -3.164     7.025
 3     0.521    -0.338    -0.784
 3     0.298     0.932    -0.204
 3     0.800    -0.128     0.586
 4   109.590     8.404     0.641
 4     0.471    -0.841     0.266
 4     0.824     0.527     0.207
 4    -0.315     0.122     0.941
 5   112.577    28.274    18.225
 5     0.361     0.219     0.906
 5     0.798    -0.576    -0.179
 5     0.482     0.788    -0.383
 6   121.262    51.684    28.381
 6     0.401    -0.895     0.194
 6     0.729     0.183    -0.660
 6     0.555     0.406     0.726
 7   112.962   -21.636     1.808
 7     0.681     0.492     0.542
 7    -0.572     0.820    -0.027
 7    -0.458    -0.292     0.840
 8   124.078   -35.398    20.179
 8     0.558    -0.528     0.640
 8    -0.736    -0.672     0.088
 8     0.383    -0.520    -0.763
 9   138.140   -57.759    23.724
 9     0.450     0.892    -0.027
 9    -0.706     0.374     0.601
 9     0.547    -0.252     0.798
 2    96.206   -22.694    60.085
 2    -0.015    -1.000    -0.013
 2     0.979    -0.017     0.200
 2    -0.200    -0.009     0.980
 3   126.814    -3.035     6.838
 3     0.518    -0.350    -0.780
 3     0.299     0.929    -0.219
 3     0.801    -0.120     0.586
 4   109.330     8.146     0.303
 4     0.455    -0.843     0.286
 4     0.819     0.522     0.237
 4    -0.349     0.127     0.928
 5   112.733    28.786    17.024
 5     0.368     0.254     0.894
 5     0.823    -0.536    -0.187
 5     0.432     0.805    -0.407
 6   121.208    52.929    25.741
 6     0.409    -0.877     0.252
 6     0.765     0.179    -0.618
 6     0.497     0.445     0.744
 7   112.629   -21.406     1.411
 7     0.660     0.495     0.564
 7    -0.559     0.826    -0.071
 7    -0.501    -0.269     0.822
 8   124.525   -36.314    18.354
 8     0.560    -0.611     0.560
 8    -0.778    -0.620     0.101
 8     0.285    -0.492    -0.822
 9   137.645   -59.611    18.895
 9     0.464     0.880     0.097
 9    -0.758     0.338     0.558
 9     0.459    -0.333     0.824
 2    96.206   -22.694    60.085
 2    -0.015    -1.000    -0.012
 2     0.979    -0.017     0.199
 2    -0.200    -0.009     0.980
 3   126.778    -2.858     6.481
 3     0.519    -0.368    -0.772
 3     0.302     0.923    -0.238
 3     0.800    -0.110     0.590
 4   108.972     7.838     0.040
 4     0.437    -0.847     0.302
 4     0.814     0.515     0.267
 4    -0.382     0.130     0.915
 5   112.648    29.151    15.928
 5     0.373     0.299     0.878
 5     0.844    -0.503    -0.187
 5     0.385     0.811    -0.440
 6   120.906    53.792    23.145
 6     0.418    -0.839     0.348
 6     0.799     0.157    -0.581
 6     0.432     0.520     0.736
 7   112.268   -21.245     1.172
 7     0.641     0.497     0.584
 7    -0.550     0.829    -0.103
 7    -0.536    -0.256     0.805
 8   124.723   -37.074    16.639
 8     0.552    -0.677     0.485
 8    -0.810    -0.574     0.120
 8     0.197    -0.460    -0.866
 9   137.030   -60.767    14.589
 9     0.474     0.854     0.212
 9    -0.795     0.312     0.520
 9     0.377    -0.416     0.827
 2    96.206   -22.694    60.085
 2    -0.015    -1.000    -0.013
 2     0.979    -0.017     0.199
 2    -0.200    -0.009     0.980
 3   126.609    -2.757     6.236
 3     0.519    -0.387    -0.762
 3     0.307     0.916    -0.256
 3     0.797    -0.101     0.594
 4   108.601     7.510    -0.216
 4     0.421    -0.849     0.320
 4     0.809     0.511     0.289
 4    -0.409     0.137     0.902
 5   112.663    29.450    15.055
 5     0.376     0.341     0.861
 5     0.859    -0.477    -0.187
 5     0.347     0.810    -0.473
 6   120.518    54.409    21.224
 6     0.421    -0.785     0.455
 6     0.827     0.126    -0.548
 6     0.373     0.607     0.702
 7   112.023   -21.102     0.943
 7     0.623     0.494     0.606
 7    -0.540     0.832    -0.123
 7    -0.565    -0.250     0.786
 8   125.010   -37.413    15.286
 8     0.541    -0.738     0.403
 8    -0.832    -0.539     0.131
 8     0.121    -0.406    -0.906
 9   135.802   -62.243    10.638
 9     0.477     0.795     0.373
 9    -0.827     0.263     0.497
 9     0.297    -0.546     0.783
 2    96.206   -22.744    60.085
 2    -0.015    -1.000    -0.013
 2     0.980    -0.017     0.199
 2    -0.200    -0.009     0.980
 3   126.344    -2.579     6.011
 3     0.518    -0.407    -0.753
 3     0.315     0.908    -0.275
 3     0.795    -0.095     0.598
 4   108.137     7.209    -0.455
 4     0.405    -0.851     0.333
 4     0.805     0.505     0.311
 4    -0.433     0.142     0.890
 5   112.501    29.620    14.211
 5     0.377     0.383     0.843
 5     0.874    -0.449    -0.187
 5     0.307     0.807    -0.505
 6   119.983    54.767    19.188
 6     0.419    -0.708     0.568
 6     0.855     0.098    -0.510
 6     0.305     0.699     0.646
 7   111.791   -20.900     0.902
 7     0.611     0.486     0.625
 7    -0.529     0.838    -0.135
 7    -0.589    -0.248     0.769
 8   125.260   -37.748    13.929
 8     0.530    -0.781     0.328
 8    -0.846    -0.512     0.147
 8     0.053    -0.356    -0.933
 9   134.902   -62.813     7.679
 9     0.487     0.715     0.501
 9    -0.843     0.235     0.484
 9     0.228    -0.658     0.717
 2    96.208   -22.743    60.082
 2    -0.015    -1.000    -0.012
 2     0.980    -0.017     0.199
 2    -0.199    -0.009     0.980
 3   126.175    -2.452     5.844
 3     0.517    -0.426    -0.743
 3     0.324     0.900    -0.290
 3     0.792    -0.091     0.603
 4   107.715     6.932    -0.688
 4     0.387    -0.853     0.349
 4     0.799     0.499     0.333
 4    -0.459     0.150     0.876
 5   112.393    29.817    13.312
 5     0.378     0.422     0.823
 5     0.886    -0.423    -0.190
 5     0.268     0.801    -0.534
 6   119.393    55.336    17.308
 6     0.408    -0.629     0.661
 6     0.879     0.077    -0.470
 6     0.244     0.773     0.585
 7   111.607   -20.750     0.740
 7     0.597     0.473     0.647
 7    -0.516     0.845    -0.142
 7    -0.614    -0.249     0.749
 8   125.559   -38.005    12.593
 8     0.522    -0.815     0.251
 8    -0.853    -0.494     0.171
 8    -0.015    -0.304    -0.953
 9   134.269   -63.031     4.572
 9     0.496     0.622     0.605
 9    -0.854     0.225     0.469
 9     0.155    -0.750     0.643
 2    96.206   -22.694    60.085
 2    -0.015    -1.000    -0.012
 2     0.980    -0.017     0.199
 2    -0.200    -0.009     0.980
 3   125.974    -2.352     5.534
 3     0.518    -0.443    -0.731
 3     0.335     0.892    -0.303
 3     0.787    -0.088     0.611
 4   107.246     6.552    -0.892
 4     0.372    -0.855     0.362
 4     0.791     0.495     0.357
 4    -0.485     0.153     0.861
 5   112.330    29.909    12.444
 5     0.379     0.463     0.801
 5     0.897    -0.395    -0.196
 5     0.226     0.793    -0.565
 6   119.009    55.273    15.613
 6     0.397    -0.525     0.753
 6     0.899     0.057    -0.434
 6     0.184     0.849     0.495
 7   111.369   -20.627     0.735
 7     0.583     0.459     0.670
 7    -0.501     0.853    -0.149
 7    -0.640    -0.249     0.727
 8   125.868   -38.217    11.055
 8     0.512    -0.842     0.167
 8    -0.854    -0.479     0.204
 8    -0.092    -0.248    -0.964
 9   133.726   -63.175     1.510
 9     0.504     0.485     0.714
 9    -0.861     0.217     0.460
 9     0.068    -0.847     0.527
 2    96.206   -22.694    60.085
 2    -0.015    -1.000    -0.012
 2     0.980    -0.017     0.199
 2    -0.200    -0.009     0.980
 3   125.824    -2.279     5.350
 3     0.520    -0.459    -0.720
 3     0.343     0.884    -0.317
 3     0.782    -0.082     0.617
 4   106.891     6.253    -1.012
 4     0.359    -0.855     0.373
 4     0.784     0.493     0.375
 4    -0.505     0.158     0.848
 5   112.192    29.986    11.700
 5     0.377     0.498     0.781
 5     0.905    -0.375    -0.199
 5     0.194     0.782    -0.592
 6   118.368    55.732    14.542
 6     0.377    -0.442     0.813
 6     0.915     0.043    -0.401
 6     0.141     0.896     0.421
 7   111.076   -20.532     0.610
 7     0.566     0.445     0.693
 7    -0.484     0.860    -0.158
 7    -0.667    -0.247     0.703
 8   126.289   -38.118     9.425
 8     0.503    -0.860     0.082
 8    -0.848    -0.474     0.235
 8    -0.164    -0.188    -0.968
 9   133.125   -62.880    -1.513
 9     0.509     0.324     0.797
 9    -0.860     0.209     0.465
 9    -0.016    -0.923     0.385
 2    96.256   -22.744    60.085
 2    -0.015    -1.000    -0.012
 2     0.980    -0.017     0.199
 2    -0.200    -0.009     0.980
 3   125.581    -2.129     5.207
 3     0.521    -0.475    -0.709
 3     0.348     0.877    -0.332
 3     0.779    -0.074     0.623
 4   106.439     6.059    -1.011
 4     0.344    -0.859     0.380
 4     0.780     0.486     0.393
 4    -0.523     0.161     0.837
 5   112.095    30.097    11.337
 5     0.377     0.536     0.755
 5     0.911    -0.363    -0.197
 5     0.169     0.762    -0.626
 6   118.001    55.616    13.817
 6     0.361    -0.342     0.867
 6     0.926     0.025    -0.376
 6     0.107     0.939     0.326
 7   110.888   -20.203     0.518
 7     0.554     0.430     0.712
 7    -0.465     0.870    -0.164
 7    -0.690    -0.241     0.682
 8   126.646   -37.839     7.958
 8     0.493    -0.870    -0.005
 8    -0.839    -0.477     0.263
 8    -0.231    -0.126    -0.965
 9   132.607   -62.606    -4.505
 9     0.509     0.107     0.854
 9    -0.854     0.188     0.486
 9    -0.108    -0.976     0.187
 2    96.256   -22.744    60.085
 2    -0.015    -1.000    -0.012
 2     0.980    -0.017     0.199
 2    -0.200    -0.009     0.980
 3   125.386    -1.878     5.036
 3     0.523    -0.492    -0.695
 3     0.352     0.868    -0.349
 3     0.776    -0.062     0.628
 4   105.920     5.919    -0.991
 4     0.327    -0.865     0.380
 4     0.777     0.475     0.412
 4    -0.538     0.160     0.828
 5   112.006    30.130    10.973
 5     0.377     0.590     0.714
 5     0.916    -0.353    -0.191
 5     0.139     0.726    -0.674
 6   117.597    55.649    12.997
 6     0.344    -0.231     0.910
 6     0.936     0.013    -0.351
 6     0.069     0.973     0.221
 7   110.720   -19.926     0.426
 7     0.541     0.417     0.729
 7    -0.445     0.879    -0.173
 7    -0.713    -0.231     0.662
 8   126.871   -37.504     6.510
 8     0.481    -0.873    -0.081
 8    -0.828    -0.483     0.284
 8    -0.287    -0.070    -0.955
 9   132.241   -61.866    -6.747
 9     0.503    -0.072     0.861
 9    -0.845     0.168     0.507
 9    -0.181    -0.983     0.024
 2    96.256   -22.744    60.085
 2    -0.015    -1.000    -0.012
 2     0.980    -0.017     0.199
 2    -0.200    -0.009     0.980
 3   125.168    -1.601     4.917
 3     0.525    -0.509    -0.682
 3     0.357     0.859    -0.366
 3     0.773    -0.051     0.632
 4   105.438     5.914    -0.940
 4     0.307    -0.875     0.373
 4     0.779     0.456     0.430
 4    -0.547     0.159     0.822
 5   111.673    30.246    10.748
 5     0.370     0.622     0.690
 5     0.921    -0.342    -0.186
 5     0.120     0.704    -0.699
 6   116.868    55.817    12.314
 6     0.324    -0.173     0.930
 6     0.945     0.011    -0.328
 6     0.046     0.985     0.167
 7   110.451   -19.598     0.330
 7     0.530     0.405     0.745
 7    -0.424     0.887    -0.182
 7    -0.735    -0.219     0.642
 8   126.944   -36.970     5.081
 8     0.467    -0.873    -0.143
 8    -0.816    -0.487     0.309
 8    -0.340    -0.028    -0.940
 9   131.542   -61.312    -9.120
 9     0.486    -0.202     0.850
 9    -0.838     0.166     0.519
 9    -0.246    -0.965    -0.088
 2    96.206   -22.694    60.085
 2    -0.015    -1.000    -0.013
 2     0.980    -0.017     0.199
 2    -0.200    -0.009     0.980
 3   124.999    -1.299     4.747
 3     0.526    -0.524    -0.670
 3     0.360     0.850    -0.383
 3     0.770    -0.040     0.636
 4   105.012     5.962    -0.875
 4     0.290    -0.881     0.374
 4     0.781     0.443     0.440
 4    -0.553     0.164     0.816
 5   111.576    30.234    10.420
 5     0.372     0.645     0.667
 5     0.922    -0.337    -0.189
 5     0.103     0.686    -0.720
 6   116.816    55.858    11.806
 6     0.321    -0.133     0.937
 6     0.946     0.014    -0.322
 6     0.029     0.991     0.130
 7   110.293   -19.289     0.215
 7     0.521     0.396     0.756
 7    -0.405     0.894    -0.190
 7    -0.752    -0.207     0.626
 8   124.064   -37.495     1.787
 8     0.450    -0.873    -0.188
 8    -0.810    -0.488     0.325
 8    -0.376     0.005    -0.927
 9   130.877   -61.204   -10.767
 9     0.465    -0.301     0.832
 9    -0.836     0.159     0.525
 9    -0.290    -0.940    -0.178
 2    96.206   -22.694    60.085
 2    -0.015    -1.000    -0.013
 2     0.980    -0.017     0.199
 2    -0.200    -0.010     0.980
 3   124.963    -1.073     4.625
 3     0.529    -0.532    -0.661
 3     0.361     0.846    -0.392
 3     0.768    -0.032     0.639
 4   104.855     5.955    -0.859
 4     0.278    -0.879     0.386
 4     0.779     0.442     0.443
 4    -0.561     0.178     0.809
 5   111.513    30.555    10.216
 5     0.370     0.659     0.655
 5     0.925    -0.330    -0.191
 5     0.090     0.676    -0.731
 6   116.724    55.976    11.347
 6     0.317    -0.105     0.942
 6     0.948     0.019    -0.317
 6     0.015     0.994     0.106
 7   110.169   -19.108     0.149
 7     0.509     0.392     0.766
 7    -0.392     0.898    -0.200
 7    -0.767    -0.198     0.611
 8   123.879   -37.480     0.919
 8     0.422    -0.873    -0.244
 8    -0.810    -0.484     0.332
 8    -0.408     0.057    -0.911
 9   129.818   -61.087   -11.980
 9     0.433    -0.426     0.794
 9    -0.838     0.133     0.529
 9    -0.331    -0.895    -0.299
 2    96.206   -22.694    60.085
 2    -0.015    -1.000    -0.012
 2     0.979    -0.017     0.199
 2    -0.200    -0.009     0.980
 3   124.852    -1.050     4.504
 3     0.531    -0.537    -0.656
 3     0.362     0.843    -0.397
 3     0.766    -0.026     0.642
 4   104.654     5.898    -0.893
 4     0.271    -0.877     0.396
 4     0.776     0.443     0.448
 4    -0.568     0.186     0.801
 5   111.505    30.492     9.888
 5     0.372     0.668     0.644
 5     0.925    -0.325    -0.198
 5     0.077     0.669    -0.739
 6   116.808    55.890    10.661
 6     0.315    -0.078     0.946
 6     0.949     0.026    -0.314
 6     0.000     0.996     0.082
 7   109.865   -18.996     0.160
 7     0.483     0.389     0.784
 7    -0.373     0.902    -0.218
 7    -0.792    -0.187     0.580
 8   123.626   -37.277    -0.314
 8     0.389    -0.865    -0.316
 8    -0.804    -0.487     0.341
 8    -0.449     0.121    -0.885
 9   128.622   -61.179   -13.725
 9     0.392    -0.548     0.739
 9    -0.838     0.118     0.533
 9    -0.379    -0.828    -0.413
 2    96.206   -22.694    60.085
 2    -0.015    -1.000    -0.012
 2     0.979    -0.017     0.200
 2    -0.200    -0.009     0.979
 3   124.785    -1.055     4.367
 3     0.536    -0.540    -0.648
 3     0.362     0.841    -0.401
 3     0.762    -0.020     0.647
 4   104.357     5.756    -0.857
 4     0.260    -0.872     0.414
 4     0.770     0.446     0.456
 4    -0.582     0.200     0.788
 5   111.609    30.527     9.570
 5     0.376     0.682     0.627
 5     0.924    -0.320    -0.208
 5     0.059     0.658    -0.751
 6   116.805    55.877     9.985
 6     0.311    -0.047     0.949
 6     0.950     0.035    -0.310
 6    -0.019     0.998     0.055
 7   109.167   -18.757     0.092
 7     0.439     0.382     0.813
 7    -0.343     0.908    -0.241
 7    -0.830    -0.173     0.530
 8   123.305   -36.887    -2.251
 8     0.355    -0.835    -0.420
 8    -0.789    -0.508     0.344
 8    -0.501     0.209    -0.840
 9   127.615   -60.304   -16.274
 9     0.360    -0.678     0.641
 9    -0.824     0.091     0.559
 9    -0.438    -0.729    -0.526
 2    96.206   -22.694    60.085
 2    -0.015    -1.000    -0.013
 2     0.979    -0.017     0.199
 2    -0.200    -0.009     0.979
 3   124.578    -1.142     4.093
 3     0.547    -0.544    -0.636
 3     0.362     0.839    -0.406
 3     0.754    -0.008     0.656
 4   104.093     5.643    -0.830
 4     0.252    -0.867     0.430
 4     0.765     0.451     0.460
 4    -0.593     0.213     0.776
 5   111.685    30.407     9.080
 5     0.383     0.695     0.608
 5     0.923    -0.316    -0.221
 5     0.039     0.646    -0.762
 6   116.985    55.812     9.210
 6     0.312    -0.025     0.949
 6     0.949     0.047    -0.311
 6    -0.037     0.998     0.038
 7   108.665   -18.399    -0.052
 7     0.408     0.373     0.833
 7    -0.313     0.914    -0.256
 7    -0.857    -0.157     0.490
 8   122.958   -36.429    -3.811
 8     0.331    -0.812    -0.482
 8    -0.770    -0.527     0.359
 8    -0.546     0.252    -0.799
 9   126.642   -59.488   -18.416
 9     0.335    -0.745     0.576
 9    -0.808     0.087     0.582
 9    -0.484    -0.661    -0.573
 2    96.206   -22.694    60.085
 2    -0.015    -1.000    -0.012
 2     0.979    -0.017     0.199
 2    -0.200    -0.009     0.980
 3   124.489    -1.095     4.002
 3     0.551    -0.550    -0.628
 3     0.364     0.835    -0.412
 3     0.751    -0.002     0.660
 4   103.844     5.509    -0.842
 4     0.246    -0.863     0.441
 4     0.762     0.453     0.462
 4    -0.599     0.222     0.769
 5   111.647    30.444     8.758
 5     0.385     0.704     0.597
 5     0.922    -0.311    -0.229
 5     0.024     0.639    -0.769
 6   116.985    55.798     8.411
 6     0.308    -0.003     0.951
 6     0.950     0.060    -0.307
 6    -0.056     0.998     0.021
 7   108.277   -18.187    -0.161
 7     0.381     0.360     0.851
 7    -0.287     0.921    -0.261
 7    -0.879    -0.145     0.454
 8   122.513   -35.917    -5.381
 8     0.307    -0.787    -0.535
 8    -0.748    -0.547     0.375
 8    -0.588     0.285    -0.757
 9   125.893   -58.290   -20.653
 9     0.311    -0.807     0.502
 9    -0.788     0.075     0.610
 9    -0.531    -0.586    -0.613
 2    96.256   -22.694    60.085
 2    -0.015    -1.000    -0.013
 2     0.979    -0.017     0.199
 2    -0.200    -0.009     0.980
 3   124.322    -1.149     3.891
 3     0.553    -0.555    -0.622
 3     0.369     0.832    -0.415
 3     0.747    -0.000     0.664
 4   103.826     5.403    -0.932
 4     0.241    -0.861     0.448
 4     0.760     0.454     0.465
 4    -0.604     0.228     0.764
 5   111.575    30.436     8.500
 5     0.383     0.708     0.593
 5     0.923    -0.305    -0.233
 5     0.015     0.637    -0.771
 6   116.720    55.789     7.805
 6     0.298     0.011     0.954
 6     0.952     0.069    -0.298
 6    -0.070     0.997     0.010
 7   107.860   -18.002    -0.293
 7     0.351     0.347     0.869
 7    -0.259     0.928    -0.267
 7    -0.900    -0.131     0.416
 8   122.005   -35.469    -7.004
 8     0.276    -0.763    -0.585
 8    -0.722    -0.566     0.397
 8    -0.634     0.312    -0.707
 9   124.665   -57.150   -23.231
 9     0.277    -0.859     0.431
 9    -0.767     0.072     0.637
 9    -0.579    -0.507    -0.639
 2    96.256   -22.694    60.085
 2    -0.015    -1.000    -0.013
 2     0.979    -0.017     0.199
 2    -0.200    -0.009     0.980
 3   124.285    -1.100     3.853
 3     0.554    -0.560    -0.616
 3     0.373     0.828    -0.417
 3     0.744     0.001     0.668
 4   103.755     5.320    -0.968
 4     0.237    -0.858     0.456
 4     0.756     0.457     0.468
 4    -0.610     0.234     0.757
 5   111.555    30.429     8.239
 5     0.383     0.712     0.589
 5     0.924    -0.300    -0.238
 5     0.007     0.635    -0.773
 6   116.692    55.732     7.291
 6     0.291     0.023     0.956
 6     0.953     0.077    -0.293
 6    -0.080     0.997    -0.000
 7   107.419   -17.818    -0.349
 7     0.319     0.338     0.885
 7    -0.231     0.933    -0.274
 7    -0.919    -0.117     0.376
 8   121.195   -34.882    -8.680
 8     0.242    -0.743    -0.624
