% Calibrated with leiden_pols
% Positions are in centimeters
Data =[
 2    96.258   -22.743    60.082
 2    -0.015    -1.000    -0.012
 2     0.980    -0.017     0.199
 2    -0.199    -0.009     0.980
 3   126.639    -3.224     9.557
 3     0.529    -0.339    -0.778
 3     0.280     0.935    -0.216
 3     0.801    -0.104     0.589
 4   111.845    10.884     3.580
 4     0.563    -0.791     0.240
 4     0.825     0.523    -0.213
 4     0.043     0.318     0.947
 5   116.349    18.567    29.110
 5     0.468    -0.264     0.843
 5     0.164    -0.912    -0.376
 5     0.868     0.314    -0.384
 6   129.433    25.169    51.849
 6     0.403    -0.794    -0.455
 6     0.008     0.500    -0.866
 6     0.915     0.345     0.208
 7   115.825   -22.555     3.557
 7     0.789     0.556     0.260
 7    -0.614     0.727     0.308
 7    -0.018    -0.403     0.915
 8   118.336   -24.602    29.750
 8     0.447     0.218     0.867
 8    -0.087    -0.955     0.285
 8     0.890    -0.203    -0.408
 9   133.748   -29.105    52.338
 9     0.234     0.626    -0.744
 9    -0.010     0.767     0.642
 9     0.972    -0.143     0.185
 2    96.258   -22.743    60.082
 2    -0.015    -1.000    -0.012
 2     0.980    -0.017     0.199
 2    -0.199    -0.009     0.980
 3   126.639    -3.249     9.531
 3     0.529    -0.339    -0.778
 3     0.280     0.935    -0.216
 3     0.801    -0.104     0.589
 4   111.845    10.884     3.631
 4     0.562    -0.791     0.239
 4     0.825     0.523    -0.213
 4     0.043     0.317     0.947
 5   116.374    18.566    29.086
 5     0.469    -0.264     0.843
 5     0.164    -0.911    -0.377
 5     0.868     0.315    -0.384
 6   129.440    25.170    51.843
 6     0.402    -0.793    -0.458
 6     0.007     0.503    -0.864
 6     0.916     0.344     0.208
 7   115.775   -22.554     3.556
 7     0.790     0.555     0.260
 7    -0.613     0.727     0.308
 7    -0.018    -0.403     0.915
 8   118.381   -24.603    29.732
 8     0.448     0.218     0.866
 8    -0.087    -0.954     0.286
 8     0.889    -0.204    -0.409
 9   133.748   -29.054    52.287
 9     0.234     0.624    -0.745
 9    -0.010     0.768     0.640
 9     0.972    -0.143     0.186
 2    96.256   -22.694    60.085
 2    -0.015    -1.000    -0.012
 2     0.979    -0.017     0.199
 2    -0.200    -0.009     0.980
 3   126.614    -3.223     9.531
 3     0.528    -0.339    -0.778
 3     0.281     0.935    -0.217
 3     0.801    -0.104     0.589
 4   111.845    10.884     3.631
 4     0.562    -0.791     0.239
 4     0.825     0.522    -0.213
 4     0.043     0.317     0.947
 5   116.344    18.565    29.117
 5     0.469    -0.264     0.842
 5     0.164    -0.911    -0.378
 5     0.867     0.316    -0.385
 6   129.441    25.118    51.844
 6     0.402    -0.792    -0.461
 6     0.006     0.505    -0.863
 6     0.916     0.343     0.208
 7   115.775   -22.555     3.556
 7     0.789     0.555     0.260
 7    -0.613     0.727     0.308
 7    -0.018    -0.403     0.915
 8   118.331   -24.604    29.732
 8     0.448     0.218     0.866
 8    -0.088    -0.954     0.286
 8     0.889    -0.204    -0.409
 9   133.722   -29.105    52.286
 9     0.234     0.624    -0.746
 9    -0.010     0.768     0.640
 9     0.972    -0.142     0.186
 2    96.256   -22.694    60.085
 2    -0.015    -1.000    -0.012
 2     0.980    -0.017     0.199
 2    -0.200    -0.009     0.980
 3   126.614    -3.223     9.531
 3     0.528    -0.340    -0.778
 3     0.281     0.935    -0.217
 3     0.801    -0.104     0.589
 4   111.844    10.884     3.631
 4     0.562    -0.792     0.239
 4     0.826     0.522    -0.213
 4     0.043     0.317     0.947
 5   116.369    18.616    29.169
 5     0.469    -0.264     0.842
 5     0.165    -0.911    -0.378
 5     0.867     0.316    -0.384
 6   129.441    25.118    51.844
 6     0.401    -0.791    -0.463
 6     0.006     0.508    -0.862
 6     0.916     0.342     0.208
 7   115.775   -22.555     3.556
 7     0.789     0.555     0.260
 7    -0.613     0.727     0.309
 7    -0.018    -0.404     0.915
 8   118.331   -24.604    29.732
 8     0.449     0.218     0.866
 8    -0.088    -0.954     0.286
 8     0.889    -0.204    -0.409
 9   133.721   -29.054    52.337
 9     0.234     0.623    -0.746
 9    -0.010     0.769     0.639
 9     0.972    -0.142     0.186
 2    96.258   -22.743    60.082
 2    -0.015    -1.000    -0.012
 2     0.980    -0.017     0.199
 2    -0.199    -0.009     0.980
 3   126.614    -3.223     9.531
 3     0.528    -0.341    -0.778
 3     0.281     0.934    -0.218
 3     0.801    -0.104     0.589
 4   111.847    10.885     3.628
 4     0.562    -0.792     0.238
 4     0.825     0.522    -0.213
 4     0.044     0.316     0.947
 5   116.369    18.615    29.117
 5     0.470    -0.265     0.842
 5     0.164    -0.911    -0.378
 5     0.867     0.316    -0.385
 6   129.543    25.167    51.796
 6     0.401    -0.786    -0.471
 6     0.005     0.515    -0.857
 6     0.916     0.341     0.210
 7   115.775   -22.504     3.556
 7     0.790     0.555     0.260
 7    -0.613     0.727     0.308
 7    -0.018    -0.403     0.915
 8   118.336   -24.603    29.674
 8     0.446     0.219     0.867
 8    -0.088    -0.954     0.286
 8     0.890    -0.204    -0.407
 9   133.722   -29.054    52.388
 9     0.233     0.623    -0.747
 9    -0.010     0.769     0.639
 9     0.972    -0.142     0.185
 2    96.256   -22.744    60.085
 2    -0.015    -1.000    -0.012
 2     0.980    -0.017     0.199
 2    -0.200    -0.009     0.980
 3   126.613    -3.223     9.556
 3     0.528    -0.340    -0.778
 3     0.281     0.934    -0.219
 3     0.801    -0.103     0.589
 4   111.899    10.894     3.701
 4     0.564    -0.793     0.229
 4     0.824     0.522    -0.221
 4     0.055     0.313     0.948
 5   116.525    18.645    29.096
 5     0.465    -0.267     0.844
 5     0.172    -0.908    -0.382
 5     0.868     0.323    -0.376
 6   130.386    25.055    51.787
 6     0.385    -0.733    -0.561
 6    -0.013     0.603    -0.797
 6     0.922     0.314     0.223
 7   115.780   -22.502     3.601
 7     0.790     0.555     0.259
 7    -0.613     0.727     0.310
 7    -0.016    -0.404     0.915
 8   118.735   -24.915    29.222
 8     0.416     0.253     0.873
 8    -0.100    -0.942     0.320
 8     0.904    -0.220    -0.367
 9   134.623   -28.896    51.895
 9     0.238     0.541    -0.806
 9    -0.023     0.833     0.552
 9     0.971    -0.114     0.210
 2    96.208   -22.743    60.082
 2    -0.015    -1.000    -0.012
 2     0.980    -0.017     0.199
 2    -0.199    -0.009     0.980
 3   126.617    -3.222     9.550
 3     0.528    -0.342    -0.777
 3     0.280     0.934    -0.221
 3     0.802    -0.101     0.589
 4   111.910    10.972     3.760
 4     0.570    -0.788     0.231
 4     0.819     0.525    -0.231
 4     0.060     0.321     0.945
 5   117.918    19.028    28.860
 5     0.481    -0.282     0.829
 5     0.184    -0.893    -0.411
 5     0.856     0.351    -0.378
 6   132.794    25.549    50.859
 6     0.367    -0.634    -0.680
 6     0.000     0.731    -0.682
 6     0.930     0.250     0.269
 7   115.794   -22.446     3.669
 7     0.791     0.552     0.263
 7    -0.612     0.722     0.322
 7    -0.012    -0.416     0.909
 8   120.422   -25.233    29.061
 8     0.441     0.295     0.848
 8    -0.120    -0.917     0.381
 8     0.889    -0.270    -0.369
 9   137.098   -29.780    50.814
 9     0.264     0.487    -0.833
 9    -0.071     0.871     0.486
 9     0.962    -0.070     0.265
 2    96.208   -22.744    60.082
 2    -0.014    -1.000    -0.012
 2     0.980    -0.016     0.199
 2    -0.199    -0.009     0.980
 3   126.556    -3.174     9.532
 3     0.530    -0.348    -0.773
 3     0.280     0.932    -0.228
 3     0.800    -0.096     0.592
 4   111.923    10.955     3.858
 4     0.579    -0.778     0.243
 4     0.814     0.536    -0.223
 4     0.043     0.327     0.944
 5   120.021    19.881    28.382
 5     0.553    -0.285     0.783
 5     0.207    -0.863    -0.460
 5     0.807     0.416    -0.419
 6   136.329    26.448    48.847
 6     0.409    -0.528    -0.744
 6     0.040     0.825    -0.563
 6     0.911     0.200     0.359
 7   115.762   -22.277     3.687
 7     0.797     0.538     0.273
 7    -0.604     0.730     0.321
 7    -0.027    -0.421     0.907
 8   122.612   -25.896    28.600
 8     0.519     0.311     0.796
 8    -0.141    -0.887     0.439
 8     0.843    -0.340    -0.417
 9   140.695   -30.435    48.619
 9     0.338     0.448    -0.828
 9    -0.112     0.892     0.437
 9     0.934    -0.055     0.352
 2    96.208   -22.743    60.083
 2    -0.015    -1.000    -0.013
 2     0.980    -0.017     0.199
 2    -0.199    -0.010     0.980
 3   126.504    -3.175     9.428
 3     0.531    -0.352    -0.771
 3     0.279     0.931    -0.233
 3     0.800    -0.091     0.593
 4   111.817    10.913     3.811
 4     0.583    -0.766     0.271
 4     0.812     0.551    -0.190
 4    -0.004     0.331     0.943
 5   122.072    20.768    27.519
 5     0.635    -0.262     0.726
 5     0.227    -0.836    -0.500
 5     0.738     0.482    -0.472
 6   140.388    27.821    45.643
 6     0.482    -0.445    -0.755
 6     0.070     0.878    -0.473
 6     0.873     0.175     0.455
 7   115.695   -22.171     3.542
 7     0.802     0.521     0.291
 7    -0.595     0.744     0.305
 7    -0.057    -0.418     0.906
 8   125.090   -26.173    27.885
 8     0.613     0.324     0.720
 8    -0.136    -0.855     0.500
 8     0.778    -0.405    -0.480
 9   145.183   -30.085    45.571
 9     0.431     0.370    -0.823
 9    -0.132     0.928     0.348
 9     0.892    -0.042     0.449
 2    96.256   -22.694    60.085
 2    -0.015    -1.000    -0.012
 2     0.980    -0.017     0.199
 2    -0.200    -0.009     0.980
 3   126.503    -3.123     9.376
 3     0.530    -0.357    -0.769
 3     0.280     0.930    -0.238
 3     0.800    -0.090     0.593
 4   111.549    10.907     3.751
 4     0.586    -0.746     0.316
 4     0.807     0.569    -0.153
 4    -0.066     0.345     0.936
 5   124.424    21.049    26.116
 5     0.729    -0.214     0.650
 5     0.233    -0.816    -0.529
 5     0.644     0.537    -0.545
 6   144.604    28.218    41.556
 6     0.583    -0.380    -0.718
 6     0.079     0.906    -0.415
 6     0.808     0.185     0.558
 7   115.416   -22.109     3.347
 7     0.802     0.503     0.320
 7    -0.588     0.760     0.278
 7    -0.104    -0.412     0.905
 8   127.688   -26.180    26.743
 8     0.714     0.312     0.627
 8    -0.122    -0.827     0.549
 8     0.690    -0.469    -0.552
 9   149.815   -29.493    40.970
 9     0.552     0.307    -0.775
 9    -0.135     0.950     0.281
 9     0.823    -0.050     0.566
 2    96.206   -22.694    60.085
 2    -0.015    -1.000    -0.012
 2     0.980    -0.017     0.199
 2    -0.200    -0.009     0.980
 3   126.418    -3.125     9.207
 3     0.533    -0.360    -0.766
 3     0.282     0.929    -0.240
 3     0.798    -0.088     0.596
 4   111.206    10.740     3.511
 4     0.586    -0.719     0.373
 4     0.798     0.591    -0.115
 4    -0.138     0.365     0.921
 5   126.647    20.920    24.077
 5     0.813    -0.158     0.560
 5     0.225    -0.802    -0.553
 5     0.536     0.575    -0.617
 6   148.583    27.455    36.434
 6     0.690    -0.318    -0.650
 6     0.070     0.923    -0.378
 6     0.720     0.215     0.659
 7   115.108   -22.073     3.053
 7     0.800     0.486     0.350
 7    -0.580     0.776     0.247
 7    -0.152    -0.402     0.903
 8   129.940   -26.165    25.088
 8     0.801     0.287     0.525
 8    -0.099    -0.801     0.590
 8     0.590    -0.525    -0.613
 9   153.452   -28.392    36.538
 9     0.654     0.255    -0.713
 9    -0.124     0.965     0.231
 9     0.746    -0.063     0.662
 2    96.256   -22.744    60.085
 2    -0.015    -1.000    -0.012
 2     0.979    -0.017     0.199
 2    -0.200    -0.009     0.980
 3   126.298    -3.183     8.976
 3     0.539    -0.362    -0.760
 3     0.283     0.928    -0.241
 3     0.793    -0.086     0.603
 4   110.915    10.648     3.250
 4     0.582    -0.695     0.423
 4     0.786     0.614    -0.071
 4    -0.210     0.373     0.903
 5   128.311    20.633    22.321
 5     0.873    -0.111     0.475
 5     0.209    -0.795    -0.569
 5     0.441     0.596    -0.671
 6   151.138    26.833    31.996
 6     0.768    -0.265    -0.582
 6     0.053     0.933    -0.355
 6     0.637     0.241     0.731
 7   114.795   -21.927     2.800
 7     0.799     0.474     0.369
 7    -0.571     0.791     0.219
 7    -0.189    -0.386     0.903
 8   131.680   -25.632    23.634
 8     0.862     0.258     0.435
 8    -0.073    -0.788     0.611
 8     0.501    -0.559    -0.661
 9   156.195   -26.900    32.316
 9     0.731     0.209    -0.649
 9    -0.104     0.974     0.198
 9     0.674    -0.078     0.734
 2    96.206   -22.694    60.085
 2    -0.015    -1.000    -0.012
 2     0.980    -0.017     0.199
 2    -0.200    -0.009     0.980
 3   126.178    -3.189     8.720
 3     0.545    -0.364    -0.755
 3     0.286     0.927    -0.240
 3     0.788    -0.086     0.609
 4   110.681    10.439     2.958
 4     0.577    -0.675     0.459
 4     0.771     0.635    -0.035
 4    -0.269     0.374     0.887
 5   129.541    20.135    20.565
 5     0.915    -0.069     0.398
 5     0.191    -0.794    -0.577
 5     0.356     0.603    -0.714
 6   153.085    25.588    27.858
 6     0.828    -0.213    -0.519
 6     0.030     0.941    -0.338
 6     0.560     0.264     0.785
 7   114.545   -21.804     2.581
 7     0.795     0.469     0.384
 7    -0.565     0.803     0.189
 7    -0.220    -0.367     0.904
 8   133.014   -25.226    21.906
 8     0.909     0.220     0.353
 8    -0.052    -0.781     0.622
 8     0.412    -0.584    -0.699
 9   158.043   -25.972    27.781
 9     0.797     0.178    -0.577
 9    -0.091     0.980     0.176
 9     0.596    -0.088     0.798
 2    96.206   -22.694    60.085
 2    -0.015    -1.000    -0.013
 2     0.980    -0.017     0.199
 2    -0.200    -0.009     0.980
 3   126.141    -3.268     8.556
 3     0.549    -0.365    -0.752
 3     0.288     0.927    -0.240
 3     0.785    -0.085     0.614
 4   110.495    10.313     2.716
 4     0.575    -0.654     0.490
 4     0.753     0.657    -0.007
 4    -0.318     0.374     0.871
 5   130.819    19.685    18.759
 5     0.948    -0.026     0.317
 5     0.172    -0.796    -0.581
 5     0.267     0.605    -0.750
 6   154.994    24.684    23.229
 6     0.885    -0.159    -0.436
 6     0.006     0.944    -0.330
 6     0.464     0.289     0.837
 7   114.290   -21.708     2.339
 7     0.791     0.465     0.397
 7    -0.558     0.815     0.156
 7    -0.252    -0.345     0.904
 8   134.087   -24.871    20.185
 8     0.945     0.180     0.271
 8    -0.033    -0.776     0.630
 8     0.324    -0.604    -0.728
 9   159.676   -24.790    23.468
 9     0.854     0.147    -0.498
 9    -0.072     0.983     0.168
 9     0.514    -0.109     0.851
 2    96.206   -22.694    60.085
 2    -0.015    -1.000    -0.013
 2     0.980    -0.017     0.199
 2    -0.200    -0.009     0.980
 3   126.072    -3.375     8.274
 3     0.553    -0.367    -0.748
 3     0.292     0.926    -0.239
 3     0.780    -0.087     0.619
 4   110.250    10.039     2.385
 4     0.575    -0.634     0.517
 4     0.734     0.679     0.016
 4    -0.361     0.370     0.856
 5   131.574    19.082    16.650
 5     0.972     0.020     0.235
 5     0.158    -0.795    -0.585
 5     0.175     0.606    -0.776
 6   156.193    23.292    17.925
 6     0.934    -0.098    -0.344
 6    -0.022     0.944    -0.328
 6     0.357     0.313     0.880
 7   114.000   -21.656     2.177
 7     0.787     0.463     0.407
 7    -0.551     0.824     0.127
 7    -0.277    -0.324     0.904
 8   134.904   -24.666    18.724
 8     0.971     0.136     0.198
 8    -0.019    -0.778     0.628
 8     0.239    -0.613    -0.753
 9   160.629   -24.173    18.854
 9     0.903     0.122    -0.411
 9    -0.059     0.984     0.164
 9     0.425    -0.125     0.897
 2    96.206   -22.694    60.085
 2    -0.015    -1.000    -0.013
 2     0.980    -0.017     0.199
 2    -0.200    -0.009     0.980
 3   125.946    -3.457     7.952
 3     0.558    -0.371    -0.742
 3     0.300     0.924    -0.236
 3     0.773    -0.092     0.627
 4   109.930     9.699     1.998
 4     0.574    -0.620     0.535
 4     0.718     0.695     0.034
 4    -0.393     0.364     0.844
 5   132.186    18.621    14.527
 5     0.984     0.060     0.164
 5     0.147    -0.796    -0.588
 5     0.095     0.603    -0.792
 6   156.858    22.611    13.979
 6     0.961    -0.055    -0.272
 6    -0.038     0.945    -0.325
 6     0.275     0.322     0.906
 7   113.631   -21.584     2.053
 7     0.779     0.464     0.420
 7    -0.547     0.831     0.095
 7    -0.305    -0.304     0.902
 8   135.468   -24.441    16.810
 8     0.989     0.088     0.121
 8    -0.008    -0.780     0.626
 8     0.150    -0.620    -0.770
 9   161.328   -23.712    13.966
 9     0.943     0.098    -0.317
 9    -0.045     0.984     0.170
 9     0.329    -0.146     0.933
 2    96.206   -22.694    60.085
 2    -0.015    -1.000    -0.013
 2     0.979    -0.017     0.199
 2    -0.200    -0.010     0.980
 3   125.848    -3.564     7.701
 3     0.564    -0.373    -0.736
 3     0.306     0.923    -0.233
 3     0.767    -0.094     0.635
 4   109.705     9.392     1.616
 4     0.576    -0.609     0.545
 4     0.703     0.709     0.049
 4    -0.417     0.355     0.837
 5   132.608    18.085    12.495
 5     0.990     0.098     0.095
 5     0.135    -0.796    -0.590
 5     0.018     0.597    -0.802
 6   156.886    21.481     9.368
 6     0.983    -0.003    -0.184
 6    -0.059     0.943    -0.328
 6     0.174     0.333     0.927
 7   113.234   -21.538     1.908
 7     0.770     0.466     0.434
 7    -0.542     0.838     0.063
 7    -0.334    -0.284     0.899
 8   135.919   -24.188    14.951
 8     0.998     0.045     0.049
 8     0.004    -0.779     0.627
 8     0.066    -0.625    -0.778
 9   161.222   -23.019     9.508
 9     0.970     0.070    -0.230
 9    -0.030     0.984     0.176
 9     0.238    -0.164     0.957
 2    96.206   -22.694    60.085
 2    -0.015    -1.000    -0.013
 2     0.980    -0.017     0.199
 2    -0.200    -0.010     0.980
 3   125.822    -3.750     7.478
 3     0.572    -0.373    -0.731
 3     0.307     0.923    -0.230
 3     0.760    -0.093     0.642
 4   109.434     9.059     1.163
 4     0.578    -0.601     0.552
 4     0.686     0.724     0.069
 4    -0.441     0.338     0.831
 5   132.919    17.552    10.655
 5     0.991     0.129     0.028
 5     0.121    -0.796    -0.592
 5    -0.054     0.591    -0.805
 6   157.217    20.281     5.334
 6     0.992     0.054    -0.108
 6    -0.088     0.938    -0.334
 6     0.083     0.341     0.936
 7   112.910   -21.467     1.715
 7     0.762     0.465     0.450
 7    -0.535     0.844     0.035
 7    -0.364    -0.267     0.892
 8   136.232   -23.881    13.176
 8     1.000     0.005    -0.020
 8     0.016    -0.781     0.624
 8    -0.013    -0.625    -0.781
 9   161.159   -22.652     5.357
 9     0.988     0.048    -0.147
 9    -0.020     0.982     0.185
 9     0.153    -0.180     0.971
 2    96.206   -22.694    60.085
 2    -0.015    -1.000    -0.013
 2     0.980    -0.017     0.199
 2    -0.200    -0.009     0.980
 3   125.696    -3.885     7.179
 3     0.580    -0.374    -0.723
 3     0.311     0.922    -0.228
 3     0.753    -0.093     0.651
 4   109.164     8.622     0.895
 4     0.581    -0.594     0.556
 4     0.667     0.739     0.092
 4    -0.466     0.317     0.826
 5   132.951    16.909     9.097
 5     0.988     0.151    -0.022
 5     0.108    -0.794    -0.598
 5    -0.107     0.588    -0.801
 6   156.771    19.100     1.948
 6     0.994     0.096    -0.049
 6    -0.107     0.935    -0.338
 6     0.013     0.341     0.940
 7   112.545   -21.497     1.721
 7     0.751     0.467     0.466
 7    -0.531     0.847     0.008
 7    -0.391    -0.254     0.885
 8   136.227   -23.821    11.767
 8     0.996    -0.030    -0.076
 8     0.023    -0.785     0.619
 8    -0.078    -0.619    -0.781
 9   160.409   -22.359     1.668
 9     0.997     0.027    -0.070
 9    -0.013     0.981     0.192
 9     0.073    -0.191     0.979
 2    96.206   -22.694    60.085
 2    -0.015    -1.000    -0.013
 2     0.980    -0.017     0.199
 2    -0.200    -0.009     0.980
 3   125.593    -4.072     7.011
 3     0.588    -0.374    -0.717
 3     0.312     0.923    -0.225
 3     0.745    -0.092     0.660
 4   108.948     8.187     0.572
 4     0.583    -0.590     0.559
 4     0.649     0.752     0.117
 4    -0.489     0.295     0.821
 5   132.922    16.375     7.652
 5     0.983     0.171    -0.063
 5     0.099    -0.790    -0.605
 5    -0.154     0.588    -0.794
 6   156.528    18.209    -0.883
 6     0.991     0.130     0.001
 6    -0.122     0.935    -0.332
 6    -0.045     0.329     0.943
 7   112.216   -21.445     1.737
 7     0.742     0.468     0.479
 7    -0.527     0.849    -0.013
 7    -0.413    -0.243     0.878
 8   136.251   -23.786    10.425
 8     0.990    -0.063    -0.128
 8     0.029    -0.786     0.617
 8    -0.140    -0.615    -0.776
 9   159.855   -22.416    -1.671
 9     1.000     0.010    -0.001
 9    -0.010     0.981     0.192
 9     0.003    -0.192     0.981
 2    96.206   -22.694    60.085
 2    -0.015    -1.000    -0.013
 2     0.980    -0.017     0.199
 2    -0.200    -0.010     0.980
 3   125.466    -4.259     6.767
 3     0.597    -0.373    -0.710
 3     0.316     0.923    -0.219
 3     0.737    -0.094     0.668
 4   108.676     7.753     0.301
 4     0.579    -0.589     0.564
 4     0.634     0.760     0.143
 4    -0.513     0.274     0.813
 5   132.803    15.973     6.348
 5     0.976     0.193    -0.099
 5     0.093    -0.785    -0.612
 5    -0.196     0.589    -0.784
 6   155.786    17.676    -3.570
 6     0.986     0.156     0.052
 6    -0.130     0.935    -0.331
 6    -0.101     0.319     0.942
 7   111.987   -21.469     1.682
 7     0.734     0.465     0.495
 7    -0.521     0.853    -0.030
 7    -0.436    -0.236     0.868
 8   136.164   -23.773     9.005
 8     0.980    -0.094    -0.172
 8     0.034    -0.782     0.622
 8    -0.193    -0.616    -0.764
 9   158.870   -21.838    -4.939
 9     0.998    -0.011     0.066
 9    -0.001     0.983     0.184
 9    -0.067    -0.184     0.980
 2    96.206   -22.694    60.085
 2    -0.015    -1.000    -0.013
 2     0.979    -0.017     0.199
 2    -0.200    -0.010     0.980
 3   125.413    -4.368     6.445
 3     0.605    -0.375    -0.703
 3     0.321     0.922    -0.216
 3     0.729    -0.095     0.677
 4   108.325     7.343     0.035
 4     0.573    -0.590     0.569
 4     0.619     0.766     0.172
 4    -0.538     0.253     0.804
 5   132.532    15.610     4.666
 5     0.964     0.223    -0.143
 5     0.088    -0.779    -0.620
 5    -0.249     0.586    -0.771
 6   154.936    16.923    -7.027
 6     0.974     0.192     0.116
 6    -0.144     0.932    -0.332
 6    -0.172     0.307     0.936
 7   111.691   -21.346     1.594
 7     0.723     0.460     0.515
 7    -0.510     0.859    -0.050
 7    -0.465    -0.227     0.856
 8   136.033   -23.692     7.457
 8     0.966    -0.131    -0.221
 8     0.038    -0.777     0.628
 8    -0.254    -0.615    -0.746
 9   157.957   -21.672    -8.404
 9     0.990    -0.024     0.137
 9    -0.000     0.984     0.176
 9    -0.139    -0.175     0.974
 2    96.206   -22.694    60.085
 2    -0.015    -1.000    -0.013
 2     0.980    -0.017     0.199
 2    -0.200    -0.009     0.980
 3   125.280    -4.504     6.228
 3     0.612    -0.379    -0.694
 3     0.325     0.921    -0.216
 3     0.720    -0.093     0.687
 4   107.990     6.905    -0.225
 4     0.564    -0.589     0.579
 4     0.602     0.773     0.200
 4    -0.565     0.236     0.790
 5   132.339    15.144     2.884
 5     0.950     0.250    -0.185
 5     0.080    -0.772    -0.630
 5    -0.301     0.584    -0.754
 6   154.106    16.203   -10.023
 6     0.959     0.224     0.171
 6    -0.157     0.930    -0.333
 6    -0.234     0.292     0.927
 7   111.270   -21.252     1.462
 7     0.710     0.454     0.537
 7    -0.500     0.863    -0.069
 7    -0.495    -0.220     0.840
 8   135.715   -23.642     5.825
 8     0.946    -0.171    -0.274
 8     0.043    -0.773     0.633
 8    -0.320    -0.611    -0.724
 9   156.549   -21.718   -12.272
 9     0.975    -0.037     0.216
 9    -0.001     0.985     0.172
 9    -0.220    -0.169     0.961
 2    96.256   -22.694    60.085
 2    -0.015    -1.000    -0.013
 2     0.980    -0.017     0.199
 2    -0.200    -0.009     0.980
 3   125.077    -4.640     5.981
 3     0.620    -0.382    -0.685
 3     0.328     0.919    -0.216
 3     0.712    -0.091     0.696
 4   107.452     6.418    -0.441
 4     0.550    -0.591     0.590
 4     0.590     0.775     0.226
 4    -0.591     0.224     0.775
 5   131.787    14.864     1.514
 5     0.935     0.280    -0.217
 5     0.079    -0.762    -0.643
 5    -0.345     0.584    -0.734
 6   152.841    15.565   -12.583
 6     0.943     0.247     0.221
 6    -0.165     0.929    -0.332
 6    -0.288     0.276     0.917
 7   110.956   -21.228     1.425
 7     0.699     0.443     0.560
 7    -0.488     0.869    -0.079
 7    -0.522    -0.219     0.824
 8   135.408   -23.739     4.299
 8     0.924    -0.208    -0.319
 8     0.049    -0.767     0.640
 8    -0.378    -0.607    -0.699
 9   155.207   -21.546   -15.102
 9     0.960    -0.049     0.276
 9     0.001     0.985     0.168
 9    -0.281    -0.161     0.946
 2    96.256   -22.694    60.085
 2    -0.015    -1.000    -0.012
 2     0.979    -0.017     0.199
 2    -0.200    -0.009     0.980
 3   124.960    -4.652     5.674
 3     0.630    -0.389    -0.672
 3     0.335     0.917    -0.216
 3     0.700    -0.090     0.708
 4   107.148     6.167    -0.654
 4     0.536    -0.592     0.601
 4     0.582     0.775     0.244
 4    -0.611     0.219     0.760
 5   131.412    14.598     0.339
 5     0.923     0.301    -0.240
 5     0.077    -0.754    -0.653
 5    -0.377     0.584    -0.719
 6   152.112    15.275   -14.530
 6     0.930     0.259     0.259
 6    -0.168     0.930    -0.326
 6    -0.325     0.260     0.909
 7   110.673   -21.179     1.333
 7     0.687     0.434     0.582
 7    -0.479     0.874    -0.088
 7    -0.547    -0.219     0.808
 8   135.109   -23.828     2.965
 8     0.905    -0.240    -0.352
 8     0.048    -0.764     0.643
 8    -0.423    -0.599    -0.680
 9   153.787   -21.426   -17.930
 9     0.939    -0.058     0.337
 9     0.002     0.987     0.162
 9    -0.342    -0.152     0.927
 2    96.206   -22.694    60.110
 2    -0.015    -1.000    -0.013
 2     0.979    -0.017     0.200
 2    -0.200    -0.009     0.980
 3   124.829    -4.712     5.481
 3     0.638    -0.391    -0.663
 3     0.338     0.916    -0.215
 3     0.691    -0.087     0.717
 4   106.825     5.789    -0.841
 4     0.526    -0.592     0.611
 4     0.572     0.777     0.261
 4    -0.630     0.212     0.747
 5   131.041    14.305    -0.809
 5     0.910     0.321    -0.261
 5     0.073    -0.745    -0.663
 5    -0.408     0.584    -0.701
 6   151.187    14.679   -16.476
 6     0.916     0.272     0.294
 6    -0.174     0.932    -0.318
 6    -0.361     0.240     0.901
 7   110.333   -21.034     1.205
 7     0.669     0.428     0.606
 7    -0.470     0.877    -0.100
 7    -0.575    -0.219     0.789
 8   134.548   -23.872     1.463
 8     0.881    -0.276    -0.384
 8     0.047    -0.756     0.652
 8    -0.470    -0.593    -0.653
 9   152.165   -21.512   -20.701
 9     0.915    -0.066     0.398
 9     0.002     0.987     0.159
 9    -0.403    -0.145     0.903
 2    96.256   -22.694    60.085
 2    -0.015    -1.000    -0.012
 2     0.979    -0.017     0.199
 2    -0.200    -0.009     0.980
 3   124.799    -4.823     5.288
 3     0.647    -0.392    -0.654
 3     0.340     0.916    -0.213
 3     0.682    -0.085     0.726
 4   106.503     5.412    -1.057
 4     0.514    -0.592     0.620
 4     0.561     0.779     0.278
 4    -0.648     0.205     0.733
 5   130.639    13.984    -2.000
 5     0.895     0.344    -0.284
 5     0.069    -0.734    -0.675
 5    -0.441     0.585    -0.681
 6   150.234    14.159   -18.467
 6     0.900     0.282     0.332
 6    -0.179     0.934    -0.308
 6    -0.398     0.217     0.891
 7   109.933   -21.063     1.167
 7     0.651     0.425     0.629
 7    -0.467     0.877    -0.109
 7    -0.598    -0.223     0.770
 8   133.865   -24.170     0.089
 8     0.855    -0.315    -0.411
 8     0.042    -0.749     0.661
 8    -0.516    -0.583    -0.627
 9   150.479   -21.493   -23.232
 9     0.889    -0.073     0.452
 9     0.001     0.987     0.156
 9    -0.458    -0.138     0.878
 2    96.206   -22.694    60.085
 2    -0.015    -1.000    -0.013
 2     0.980    -0.017     0.199
 2    -0.200    -0.010     0.980
 3   124.698    -4.959     5.065
 3     0.655    -0.393    -0.646
 3     0.341     0.916    -0.210
 3     0.674    -0.083     0.734
 4   106.207     5.085    -1.224
 4     0.504    -0.591     0.630
 4     0.551     0.781     0.292
 4    -0.665     0.200     0.720
 5   130.171    13.695    -3.082
 5     0.880     0.365    -0.302
 5     0.067    -0.727    -0.683
 5    -0.469     0.581    -0.665
 6   149.211    13.717   -20.141
 6     0.884     0.290     0.366
 6    -0.182     0.935    -0.304
 6    -0.431     0.202     0.879
 7   109.589   -21.090     1.150
 7     0.633     0.420     0.650
 7    -0.464     0.878    -0.115
 7    -0.619    -0.229     0.751
 8   133.236   -24.365    -1.117
 8     0.828    -0.349    -0.438
 8     0.041    -0.741     0.670
 8    -0.558    -0.573    -0.600
 9   148.548   -22.008   -25.633
 9     0.860    -0.078     0.504
 9    -0.003     0.987     0.159
 9    -0.511    -0.138     0.849
 2    96.206   -22.694    60.085
 2    -0.015    -1.000    -0.013
 2     0.980    -0.017     0.199
 2    -0.200    -0.010     0.980
 3   124.573    -5.147     4.816
 3     0.664    -0.391    -0.637
 3     0.340     0.917    -0.208
 3     0.666    -0.079     0.742
 4   106.051     4.842    -1.312
 4     0.497    -0.589     0.637
 4     0.543     0.784     0.300
 4    -0.676     0.198     0.709
 5   129.875    13.492    -3.732
 5     0.870     0.377    -0.315
 5     0.064    -0.722    -0.689
 5    -0.488     0.579    -0.653
 6   148.665    13.339   -21.318
 6     0.873     0.295     0.388
 6    -0.183     0.936    -0.299
 6    -0.452     0.190     0.872
 7   109.386   -21.058     1.133
 7     0.620     0.417     0.664
 7    -0.464     0.878    -0.119
 7    -0.633    -0.234     0.738
 8   132.743   -24.520    -1.854
 8     0.808    -0.372    -0.456
 8     0.038    -0.741     0.671
 8    -0.587    -0.560    -0.585
 9   147.321   -22.069   -26.975
 9     0.839    -0.088     0.536
 9    -0.005     0.985     0.169
 9    -0.543    -0.145     0.827
 2    96.206   -22.694    60.085
 2    -0.015    -1.000    -0.012
 2     0.980    -0.017     0.199
 2    -0.200    -0.009     0.980
 3   124.478    -5.255     4.711
 3     0.669    -0.391    -0.632
 3     0.340     0.917    -0.207
 3     0.660    -0.076     0.747
 4   105.843     4.571    -1.388
 4     0.490    -0.588     0.643
 4     0.533     0.786     0.312
 4    -0.689     0.190     0.699
 5   129.614    13.063    -4.337
 5     0.862     0.388    -0.327
 5     0.059    -0.716    -0.695
 5    -0.504     0.580    -0.640
 6   148.052    12.915   -22.254
 6     0.864     0.298     0.406
 6    -0.184     0.937    -0.297
 6    -0.469     0.181     0.864
 7   109.150   -21.170     1.166
 7     0.611     0.416     0.673
 7    -0.465     0.877    -0.120
 7    -0.640    -0.240     0.729
 8   132.318   -24.592    -2.415
 8     0.793    -0.388    -0.470
 8     0.036    -0.740     0.671
 8    -0.608    -0.550    -0.573
 9   146.439   -22.197   -27.869
 9     0.825    -0.090     0.557
 9    -0.007     0.985     0.169
 9    -0.565    -0.143     0.813
 2    96.207   -22.745    60.085
 2    -0.014    -1.000    -0.013
 2     0.979    -0.016     0.199
 2    -0.200    -0.010     0.980
 3   124.412    -5.387     4.603
 3     0.674    -0.391    -0.626
 3     0.340     0.917    -0.207
 3     0.655    -0.073     0.752
 4   105.726     4.331    -1.455
 4     0.488    -0.587     0.646
 4     0.525     0.788     0.320
 4    -0.697     0.183     0.693
 5   129.402    12.915    -4.921
 5     0.853     0.399    -0.337
 5     0.056    -0.711    -0.701
 5    -0.519     0.579    -0.629
 6   147.537    12.412   -23.212
 6     0.853     0.303     0.423
 6    -0.186     0.937    -0.297
 6    -0.487     0.174     0.856
 7   109.010   -21.207     1.151
 7     0.602     0.414     0.682
 7    -0.466     0.876    -0.121
 7    -0.648    -0.245     0.721
 8   132.089   -24.732    -2.803
 8     0.783    -0.399    -0.476
 8     0.033    -0.738     0.674
 8    -0.620    -0.544    -0.565
 9   145.773   -22.472   -28.677
 9     0.814    -0.087     0.574
 9    -0.013     0.986     0.167
 9    -0.581    -0.143     0.801
 2    96.207   -22.745    60.085
 2    -0.014    -1.000    -0.013
 2     0.980    -0.017     0.199
 2    -0.200    -0.010     0.980
 3   124.253    -5.468     4.563
 3     0.678    -0.390    -0.623
 3     0.338     0.918    -0.207
 3     0.652    -0.071     0.754
 4   105.524     4.138    -1.492
 4     0.483    -0.586     0.651
 4     0.517     0.791     0.327
 4    -0.707     0.179     0.685
 5   129.149    12.669    -5.362
 5     0.845     0.407    -0.346
 5     0.052    -0.707    -0.705
 5    -0.531     0.578    -0.619
 6   146.982    12.323   -23.886
 6     0.847     0.304     0.437
 6    -0.184     0.937    -0.296
 6    -0.499     0.170     0.849
 7   108.710   -21.147     1.101
 7     0.592     0.408     0.695
 7    -0.463     0.878    -0.121
 7    -0.660    -0.250     0.709
 8   131.641   -24.855    -3.369
 8     0.769    -0.415    -0.487
 8     0.031    -0.736     0.676
 8    -0.639    -0.536    -0.553
 9   144.667   -22.474   -29.622
 9     0.798    -0.087     0.596
 9    -0.016     0.986     0.165
 9    -0.602    -0.141     0.786
 2    96.206   -22.694    60.085
 2    -0.015    -1.000    -0.013
 2     0.979    -0.017     0.199
 2    -0.200    -0.009     0.980
 3   124.105    -5.527     4.308
 3     0.686    -0.391    -0.614
 3     0.337     0.918    -0.209
 3     0.645    -0.064     0.761
 4   105.219     3.947    -1.608
 4     0.474    -0.585     0.658
 4     0.510     0.792     0.335
 4    -0.717     0.177     0.674
 5   128.704    12.465    -5.938
 5     0.834     0.419    -0.358
 5     0.049    -0.704    -0.709
 5    -0.549     0.574    -0.608
 6   146.175    12.146   -24.986
 6     0.834     0.306     0.458
 6    -0.180     0.937    -0.298
 6    -0.521     0.166     0.837
 7   108.462   -21.210     1.021
 7     0.583     0.399     0.708
 7    -0.458     0.881    -0.119
 7    -0.671    -0.255     0.696
 8   131.236   -24.723    -4.063
 8     0.752    -0.427    -0.502
 8     0.036    -0.734     0.678
 8    -0.658    -0.528    -0.536
 9   143.601   -22.400   -30.791
 9     0.780    -0.093     0.618
 9    -0.013     0.986     0.165
 9    -0.625    -0.137     0.768
 2    96.206   -22.694    60.085
 2    -0.015    -1.000    -0.013
 2     0.980    -0.017     0.199
 2    -0.200    -0.009     0.980
 3   123.903    -5.587     4.209
 3     0.693    -0.394    -0.604
 3     0.337     0.917    -0.212
 3     0.637    -0.057     0.768
 4   104.763     3.938    -1.479
 4     0.462    -0.590     0.662
 4     0.510     0.787     0.345
 4    -0.725     0.178     0.665
 5   128.187    12.497    -6.324
 5     0.824     0.432    -0.366
 5     0.052    -0.701    -0.711
 5    -0.564     0.567    -0.601
 6   145.148    12.353   -25.817
 6     0.823     0.307     0.477
 6    -0.175     0.937    -0.301
 6    -0.540     0.164     0.825
 7   108.241   -21.069     1.059
 7     0.576     0.391     0.717
 7    -0.453     0.884    -0.118
 7    -0.680    -0.257     0.687
 8   130.691   -24.614    -4.491
 8     0.738    -0.438    -0.513
 8     0.039    -0.731     0.681
 8    -0.673    -0.523    -0.523
 9   142.671   -22.017   -31.646
 9     0.765    -0.097     0.636
 9    -0.010     0.986     0.163
 9    -0.643    -0.131     0.754
 2    96.206   -22.694    60.085
 2    -0.015    -1.000    -0.013
 2     0.979    -0.017     0.200
 2    -0.200    -0.009     0.980
 3   123.655    -5.545     4.003
 3     0.699    -0.397    -0.594
 3     0.336     0.916    -0.216
 3     0.630    -0.049     0.774
 4   104.522     3.933    -1.467
 4     0.456    -0.591     0.665
 4     0.510     0.786     0.349
 4    -0.729     0.180     0.660
 5   127.853    12.430    -6.694
 5     0.816     0.440    -0.375
 5     0.052    -0.701    -0.711
 5    -0.576     0.561    -0.595
 6   144.693    12.160   -26.361
 6     0.814     0.313     0.488
 6    -0.177     0.936    -0.305
 6    -0.552     0.162     0.818
 7   107.989   -20.908     1.110
 7     0.566     0.384     0.729
 7    -0.448     0.886    -0.120
 7    -0.692    -0.259     0.674
 8   130.258   -24.511    -5.127
 8     0.720    -0.452    -0.526
 8     0.042    -0.729     0.683
 8    -0.693    -0.514    -0.506
 9   141.459   -22.048   -32.582
 9     0.747    -0.099     0.657
 9    -0.013     0.986     0.162
 9    -0.665    -0.129     0.736
 2    96.256   -22.694    60.085
 2    -0.015    -1.000    -0.013
 2     0.979    -0.017     0.200
 2    -0.200    -0.009     0.980
 3   123.568    -5.498     3.885
 3     0.703    -0.399    -0.589
 3     0.335     0.916    -0.221
 3     0.627    -0.042     0.778
 4   104.379     3.876    -1.449
 4     0.451    -0.591     0.669
 4     0.508     0.786     0.352
 4    -0.734     0.181     0.655
 5   127.552    12.364    -7.015
 5     0.808     0.447    -0.383
 5     0.049    -0.700    -0.712
 5    -0.586     0.557    -0.588
 6   144.089    12.042   -26.801
 6     0.806     0.319     0.498
 6    -0.180     0.934    -0.308
 6    -0.564     0.158     0.811
 7   107.689   -20.872     1.083
 7     0.555     0.379     0.740
 7    -0.444     0.887    -0.122
 7    -0.703    -0.261     0.661
 8   129.681   -24.433    -5.636
 8     0.701    -0.467    -0.538
 8     0.040    -0.728     0.684
 8    -0.712    -0.502    -0.492
 9   140.124   -22.028   -33.387
 9     0.727    -0.102     0.679
 9    -0.016     0.986     0.165
 9    -0.687    -0.131     0.715
 2    96.206   -22.694    60.085
 2    -0.015    -1.000    -0.012
 2     0.979    -0.017     0.200
 2    -0.200    -0.009     0.979
 3   123.461    -5.552     3.815
 3     0.705    -0.400    -0.585
 3     0.334     0.916    -0.223
 3     0.625    -0.038     0.780
 4   104.192     3.794    -1.485
 4     0.447    -0.591     0.671
 4     0.505     0.786     0.355
 4    -0.738     0.180     0.650
 5   127.268    12.269    -7.428
 5     0.800     0.455    -0.392
 5     0.047    -0.697    -0.715
 5    -0.599     0.553    -0.579
 6   143.533    11.590   -27.512
 6     0.794     0.329     0.510
 6    -0.187     0.932    -0.311
 6    -0.578     0.151     0.802
 7   107.448   -20.885     1.071
 7     0.545     0.378     0.748
 7    -0.444     0.887    -0.125
 7    -0.711    -0.264     0.652
 8   129.240   -24.630    -6.158
 8     0.686    -0.483    -0.544
 8     0.036    -0.724     0.689
 8    -0.727    -0.492    -0.479
 9   139.409   -22.278   -34.094
 9     0.713    -0.100     0.694
 9    -0.021     0.986     0.163
 9    -0.701    -0.131     0.701
 2    96.256   -22.694    60.085
 2    -0.015    -1.000    -0.013
 2     0.979    -0.017     0.200
 2    -0.200    -0.009     0.980
 3   123.458    -5.553     3.818
 3     0.706    -0.401    -0.584
 3     0.334     0.915    -0.224
 3     0.624    -0.036     0.780
 4   104.077     3.634    -1.515
 4     0.444    -0.590     0.674
 4     0.501     0.787     0.359
 4    -0.743     0.178     0.645
 5   127.098    12.053    -7.652
 5     0.793     0.461    -0.398
 5     0.044    -0.695    -0.717
 5    -0.607     0.551    -0.572
 6   143.235    11.528   -28.014
 6     0.787     0.332     0.519
 6    -0.187     0.932    -0.311
 6    -0.587     0.148     0.796
 7   107.413   -20.868     1.046
 7     0.538     0.376     0.754
 7    -0.444     0.887    -0.127
 7    -0.716    -0.266     0.645
 8   128.989   -24.744    -6.476
 8     0.676    -0.494    -0.546
