% Calibrated with leiden_pols
% Positions are in centimeters
Data =[
 2    96.256   -22.744    60.085
 2    -0.015    -1.000    -0.012
 2     0.979    -0.016     0.199
 2    -0.200    -0.009     0.980
 3   125.519    -5.181     7.401
 3     0.584    -0.379    -0.718
 3     0.302     0.922    -0.241
 3     0.753    -0.076     0.653
 4   109.099     6.894    -0.246
 4     0.553    -0.714     0.429
 4     0.707     0.675     0.211
 4    -0.440     0.186     0.878
 5   127.749    22.250    13.657
 5     0.941    -0.185     0.283
 5     0.169    -0.467    -0.868
 5     0.293     0.864    -0.408
 6   140.202    -1.499    16.813
 6     0.257     0.962    -0.085
 6    -0.862     0.268     0.430
 6     0.436    -0.038     0.899
 7   110.136   -21.099     1.271
 7     0.615     0.440     0.654
 7    -0.489     0.864    -0.121
 7    -0.618    -0.245     0.747
 8   131.733   -31.923    11.113
 8     0.976     0.141     0.162
 8    -0.107    -0.335     0.936
 8     0.186    -0.932    -0.312
 9   139.587    -5.510    16.883
 9     0.228    -0.938     0.260
 9     0.709    -0.024    -0.705
 9     0.667     0.345     0.660
 2    96.256   -22.744    60.085
 2    -0.014    -1.000    -0.012
 2     0.979    -0.017     0.199
 2    -0.200    -0.009     0.980
 3   125.515    -5.234     7.329
 3     0.586    -0.378    -0.717
 3     0.301     0.923    -0.240
 3     0.752    -0.075     0.654
 4   109.043     6.893    -0.191
 4     0.551    -0.714     0.431
 4     0.708     0.674     0.212
 4    -0.442     0.188     0.877
 5   127.737    22.298    13.665
 5     0.942    -0.180     0.283
 5     0.170    -0.471    -0.865
 5     0.289     0.863    -0.414
 6   140.198    -1.499    16.769
 6     0.260     0.962    -0.083
 6    -0.862     0.270     0.428
 6     0.434    -0.041     0.900
 7   110.135   -21.049     1.225
 7     0.614     0.439     0.656
 7    -0.489     0.864    -0.120
 7    -0.619    -0.247     0.745
 8   131.724   -31.926    10.977
 8     0.977     0.135     0.162
 8    -0.108    -0.337     0.935
 8     0.181    -0.932    -0.315
 9   139.580    -5.512    16.786
 9     0.231    -0.936     0.264
 9     0.710    -0.023    -0.704
 9     0.665     0.350     0.659
 2    96.206   -22.745    60.085
 2    -0.014    -1.000    -0.012
 2     0.980    -0.016     0.199
 2    -0.200    -0.009     0.980
 3   125.558    -5.186     7.338
 3     0.589    -0.377    -0.715
 3     0.301     0.923    -0.239
 3     0.750    -0.075     0.657
 4   109.039     6.892    -0.189
 4     0.549    -0.715     0.432
 4     0.708     0.673     0.213
 4    -0.443     0.189     0.876
 5   127.682    22.246    13.645
 5     0.942    -0.178     0.282
 5     0.170    -0.473    -0.864
 5     0.287     0.863    -0.416
 6   140.243    -1.448    16.648
 6     0.263     0.961    -0.080
 6    -0.863     0.271     0.427
 6     0.432    -0.043     0.901
 7   110.084   -21.101     1.230
 7     0.613     0.438     0.657
 7    -0.490     0.864    -0.119
 7    -0.620    -0.249     0.744
 8   131.723   -31.927    11.082
 8     0.977     0.134     0.162
 8    -0.109    -0.339     0.934
 8     0.180    -0.931    -0.317
 9   139.627    -5.539    16.738
 9     0.234    -0.935     0.265
 9     0.710    -0.022    -0.703
 9     0.664     0.353     0.659
 2    96.206   -22.745    60.085
 2    -0.014    -1.000    -0.012
 2     0.980    -0.016     0.199
 2    -0.200    -0.009     0.980
 3   125.551    -5.189     7.296
 3     0.591    -0.376    -0.713
 3     0.301     0.923    -0.237
 3     0.748    -0.074     0.659
 4   109.007     6.941    -0.184
 4     0.547    -0.715     0.434
 4     0.709     0.672     0.214
 4    -0.445     0.191     0.875
 5   127.678    22.296    13.671
 5     0.943    -0.175     0.283
 5     0.171    -0.476    -0.863
 5     0.286     0.862    -0.419
 6   140.281    -1.451    16.516
 6     0.267     0.961    -0.074
 6    -0.864     0.273     0.423
 6     0.426    -0.049     0.903
 7   110.083   -21.102     1.236
 7     0.612     0.437     0.659
 7    -0.490     0.864    -0.118
 7    -0.621    -0.251     0.742
 8   131.715   -31.982    11.000
 8     0.978     0.125     0.165
 8    -0.113    -0.345     0.932
 8     0.174    -0.930    -0.323
 9   139.667    -5.704    16.340
 9     0.247    -0.929     0.276
 9     0.715    -0.017    -0.698
 9     0.653     0.370     0.661
 2    96.207   -22.745    60.085
 2    -0.014    -1.000    -0.012
 2     0.980    -0.016     0.199
 2    -0.200    -0.010     0.980
 3   125.587    -5.168     7.186
 3     0.596    -0.376    -0.710
 3     0.301     0.924    -0.236
 3     0.744    -0.073     0.663
 4   108.834     6.934    -0.162
 4     0.540    -0.717     0.440
 4     0.709     0.669     0.220
 4    -0.453     0.194     0.870
 5   127.521    22.402    13.482
 5     0.949    -0.137     0.284
 5     0.183    -0.497    -0.849
 5     0.257     0.857    -0.446
 6   140.461    -1.086    15.426
 6     0.292     0.955    -0.046
 6    -0.871     0.286     0.399
 6     0.394    -0.077     0.915
 7   109.999   -21.109     1.263
 7     0.606     0.432     0.667
 7    -0.489     0.865    -0.115
 7    -0.627    -0.257     0.735
 8   131.444   -32.358    10.751
 8     0.980     0.082     0.178
 8    -0.135    -0.373     0.918
 8     0.142    -0.924    -0.355
 9   139.985    -6.185    14.951
 9     0.293    -0.905     0.308
 9     0.736     0.008    -0.677
 9     0.610     0.425     0.668
 2    96.206   -22.745    60.085
 2    -0.014    -1.000    -0.012
 2     0.980    -0.016     0.199
 2    -0.200    -0.009     0.980
 3   125.518    -5.124     7.106
 3     0.603    -0.375    -0.704
 3     0.301     0.924    -0.235
 3     0.739    -0.070     0.670
 4   108.584     7.054    -0.085
 4     0.530    -0.722     0.444
 4     0.711     0.664     0.231
 4    -0.462     0.193     0.866
 5   127.437    22.647    13.287
 5     0.956    -0.075     0.281
 5     0.202    -0.524    -0.827
 5     0.209     0.848    -0.486
 6   140.844    -0.411    13.359
 6     0.334     0.942     0.021
 6    -0.884     0.306     0.353
 6     0.326    -0.136     0.935
 7   109.940   -21.064     1.330
 7     0.603     0.430     0.672
 7    -0.488     0.865    -0.116
 7    -0.631    -0.258     0.731
 8   130.790   -33.067    10.661
 8     0.977     0.025     0.209
 8    -0.180    -0.417     0.891
 8     0.110    -0.908    -0.403
 9   140.233    -7.211    12.719
 9     0.360    -0.868     0.342
 9     0.768     0.068    -0.637
 9     0.529     0.492     0.691
 2    96.207   -22.745    60.085
 2    -0.014    -1.000    -0.013
 2     0.980    -0.016     0.199
 2    -0.200    -0.010     0.980
 3   125.454    -4.977     7.046
 3     0.607    -0.376    -0.700
 3     0.301     0.924    -0.235
 3     0.735    -0.068     0.674
 4   108.387     7.101     0.011
 4     0.518    -0.731     0.444
 4     0.715     0.655     0.244
 4    -0.469     0.191     0.862
 5   127.292    23.016    12.816
 5     0.962    -0.007     0.273
 5     0.224    -0.554    -0.802
 5     0.157     0.833    -0.531
 6   140.918     0.278    11.055
 6     0.363     0.927     0.092
 6    -0.897     0.321     0.304
 6     0.252    -0.193     0.948
 7   109.940   -21.065     1.285
 7     0.601     0.430     0.673
 7    -0.489     0.865    -0.115
 7    -0.632    -0.260     0.730
 8   129.989   -33.864    11.452
 8     0.966    -0.039     0.254
 8    -0.240    -0.490     0.838
 8     0.092    -0.871    -0.483
 9   140.367    -8.435    10.845
 9     0.421    -0.834     0.357
 9     0.801     0.158    -0.577
 9     0.424     0.529     0.735
 2    96.206   -22.745    60.085
 2    -0.014    -1.000    -0.012
 2     0.979    -0.016     0.199
 2    -0.200    -0.009     0.980
 3   125.422    -4.852     7.056
 3     0.608    -0.377    -0.699
 3     0.304     0.923    -0.234
 3     0.733    -0.070     0.676
 4   108.354     7.175     0.123
 4     0.513    -0.736     0.441
 4     0.717     0.650     0.251
 4    -0.472     0.188     0.862
 5   127.540    23.054    12.415
 5     0.966     0.046     0.252
 5     0.232    -0.577    -0.783
 5     0.109     0.815    -0.568
 6   141.038     0.266     9.173
 6     0.374     0.915     0.150
 6    -0.906     0.326     0.269
 6     0.197    -0.237     0.951
 7   110.032   -21.010     1.347
 7     0.601     0.432     0.672
 7    -0.495     0.862    -0.112
 7    -0.627    -0.265     0.732
 8   129.422   -34.406    11.947
 8     0.956    -0.088     0.278
 8    -0.282    -0.529     0.800
 8     0.077    -0.844    -0.531
 9   140.456    -9.540     9.437
 9     0.461    -0.802     0.381
 9     0.812     0.207    -0.545
 9     0.358     0.560     0.747
 2    96.206   -22.745    60.085
 2    -0.014    -1.000    -0.012
 2     0.980    -0.017     0.199
 2    -0.200    -0.009     0.980
 3   125.370    -4.777     7.062
 3     0.608    -0.375    -0.700
 3     0.306     0.924    -0.229
 3     0.732    -0.075     0.676
 4   108.350     7.224     0.079
 4     0.513    -0.736     0.442
 4     0.715     0.651     0.254
 4    -0.474     0.186     0.860
 5   127.837    22.722    12.105
 5     0.970     0.074     0.230
 5     0.229    -0.591    -0.773
 5     0.078     0.803    -0.591
 6   141.088     0.211     7.477
 6     0.374     0.906     0.198
 6    -0.914     0.324     0.243
 6     0.156    -0.272     0.950
 7   110.143   -21.109     1.492
 7     0.601     0.435     0.670
 7    -0.500     0.859    -0.110
 7    -0.624    -0.269     0.734
 8   129.108   -35.108    11.992
 8     0.945    -0.133     0.297
 8    -0.321    -0.541     0.777
 8     0.058    -0.830    -0.554
 9   140.552   -10.734     7.683
 9     0.491    -0.772     0.402
 9     0.816     0.247    -0.523
 9     0.304     0.585     0.752
 2    96.206   -22.745    60.085
 2    -0.014    -1.000    -0.012
 2     0.980    -0.017     0.199
 2    -0.200    -0.009     0.980
 3   125.419    -4.725     7.147
 3     0.607    -0.371    -0.703
 3     0.311     0.924    -0.220
 3     0.731    -0.085     0.677
 4   108.365     7.218     0.148
 4     0.512    -0.737     0.441
 4     0.713     0.651     0.260
 4    -0.479     0.182     0.859
 5   128.054    22.647    11.939
 5     0.972     0.108     0.210
 5     0.231    -0.613    -0.755
 5     0.047     0.782    -0.621
 6   141.072     0.419     5.879
 6     0.373     0.895     0.242
 6    -0.922     0.331     0.199
 6     0.098    -0.298     0.949
 7   110.235   -21.232     1.556
 7     0.599     0.439     0.669
 7    -0.507     0.855    -0.107
 7    -0.619    -0.275     0.736
 8   128.645   -35.555    12.079
 8     0.933    -0.188     0.306
 8    -0.358    -0.566     0.742
 8     0.034    -0.802    -0.596
 9   140.484   -11.919     6.088
 9     0.519    -0.743     0.424
 9     0.823     0.300    -0.482
 9     0.231     0.599     0.766
 2    96.207   -22.745    60.085
 2    -0.014    -1.000    -0.013
 2     0.980    -0.017     0.199
 2    -0.200    -0.010     0.980
 3   125.367    -4.725     7.102
 3     0.607    -0.370    -0.703
 3     0.314     0.924    -0.216
 3     0.730    -0.090     0.677
 4   108.324     7.265     0.294
 4     0.504    -0.743     0.440
 4     0.715     0.645     0.270
 4    -0.485     0.178     0.856
 5   128.008    22.504    11.930
 5     0.968     0.156     0.194
 5     0.249    -0.653    -0.716
 5     0.015     0.741    -0.671
 6   140.727     1.210     3.860
 6     0.381     0.880     0.281
 6    -0.924     0.361     0.124
 6     0.007    -0.308     0.951
 7   110.298   -21.329     1.595
 7     0.600     0.440     0.668
 7    -0.511     0.853    -0.104
 7    -0.615    -0.279     0.737
 8   128.439   -35.648    13.184
 8     0.920    -0.241     0.310
 8    -0.392    -0.619     0.681
 8     0.028    -0.747    -0.664
 9   140.390   -13.426     3.836
 9     0.542    -0.716     0.439
 9     0.833     0.392    -0.391
 9     0.107     0.578     0.809
 2    96.206   -22.694    60.111
 2    -0.014    -1.000    -0.013
 2     0.979    -0.017     0.200
 2    -0.200    -0.010     0.980
 3   125.364    -4.546     7.083
 3     0.605    -0.371    -0.705
 3     0.321     0.923    -0.210
 3     0.729    -0.099     0.677
 4   108.146     7.443     0.489
 4     0.481    -0.760     0.437
 4     0.725     0.625     0.288
 4    -0.492     0.178     0.852
 5   127.608    22.859    12.247
 5     0.960     0.203     0.191
 5     0.279    -0.685    -0.673
 5    -0.006     0.699    -0.714
 6   140.620     2.683     2.250
 6     0.391     0.865     0.313
 6    -0.916     0.399     0.043
 6    -0.087    -0.304     0.949
 7   110.572   -21.436     1.774
 7     0.606     0.440     0.662
 7    -0.523     0.848    -0.085
 7    -0.599    -0.294     0.744
 8   128.310   -35.339    14.874
 8     0.906    -0.293     0.306
 8    -0.422    -0.690     0.588
 8     0.039    -0.661    -0.749
 9   140.060   -14.845     2.383
 9     0.558    -0.696     0.452
 9     0.829     0.486    -0.275
 9    -0.029     0.528     0.848
 2    96.206   -22.694    60.085
 2    -0.015    -1.000    -0.012
 2     0.979    -0.017     0.200
 2    -0.200    -0.009     0.979
 3   125.311    -4.367     7.115
 3     0.602    -0.373    -0.706
 3     0.326     0.922    -0.208
 3     0.728    -0.105     0.677
 4   107.965     7.525     0.610
 4     0.467    -0.772     0.431
 4     0.735     0.610     0.295
 4    -0.491     0.179     0.852
 5   127.356    22.991    12.292
 5     0.954     0.226     0.194
 5     0.298    -0.698    -0.652
 5    -0.012     0.680    -0.733
 6   140.483     3.700     1.704
 6     0.397     0.859     0.321
 6    -0.906     0.423    -0.012
 6    -0.146    -0.286     0.947
 7   110.800   -21.591     1.919
 7     0.615     0.438     0.656
 7    -0.533     0.844    -0.064
 7    -0.581    -0.310     0.752
 8   128.291   -34.729    16.041
 8     0.897    -0.327     0.298
 8    -0.439    -0.737     0.513
 8     0.052    -0.591    -0.805
 9   139.915   -16.407     1.253
 9     0.564    -0.687     0.458
 9     0.816     0.549    -0.182
 9    -0.127     0.476     0.870
 2    96.207   -22.745    60.085
 2    -0.014    -1.000    -0.013
 2     0.979    -0.017     0.199
 2    -0.200    -0.010     0.979
 3   125.261    -4.188     7.166
 3     0.600    -0.375    -0.706
 3     0.330     0.920    -0.209
 3     0.728    -0.108     0.677
 4   107.946     7.633     0.697
 4     0.461    -0.778     0.427
 4     0.742     0.602     0.296
 4    -0.487     0.180     0.854
 5   127.229    23.233    12.667
 5     0.950     0.239     0.200
 5     0.312    -0.712    -0.629
 5    -0.008     0.660    -0.751
 6   140.461     4.530     1.470
 6     0.393     0.863     0.317
 6    -0.896     0.437    -0.080
 6    -0.207    -0.253     0.945
 7   111.070   -21.623     1.969
 7     0.622     0.437     0.649
 7    -0.542     0.839    -0.046
 7    -0.565    -0.323     0.759
 8   128.304   -34.320    17.349
 8     0.884    -0.364     0.293
 8    -0.462    -0.774     0.433
 8     0.069    -0.519    -0.852
 9   139.671   -17.973     0.454
 9     0.559    -0.696     0.450
 9     0.797     0.601    -0.060
 9    -0.229     0.392     0.891
 2    96.206   -22.694    60.085
 2    -0.015    -1.000    -0.013
 2     0.979    -0.017     0.200
 2    -0.200    -0.010     0.979
 3   125.310    -4.086     7.115
 3     0.600    -0.377    -0.706
 3     0.331     0.920    -0.210
 3     0.728    -0.108     0.677
 4   107.893     7.947     0.976
 4     0.449    -0.781     0.434
 4     0.752     0.592     0.287
 4    -0.482     0.198     0.854
 5   127.152    23.019    13.334
 5     0.948     0.251     0.197
 5     0.319    -0.739    -0.593
 5    -0.003     0.625    -0.781
 6   140.388     5.142     0.948
 6     0.377     0.879     0.290
 6    -0.884     0.435    -0.170
 6    -0.275    -0.192     0.942
 7   111.106   -21.687     2.036
 7     0.624     0.440     0.645
 7    -0.552     0.833    -0.035
 7    -0.553    -0.334     0.763
 8   128.081   -33.891    18.399
 8     0.869    -0.408     0.278
 8    -0.487    -0.800     0.351
 8     0.079    -0.441    -0.894
 9   138.964   -20.218    -0.663
 9     0.553    -0.691     0.466
 9     0.759     0.648     0.061
 9    -0.345     0.320     0.883
 2    96.206   -22.694    60.085
 2    -0.015    -1.000    -0.013
 2     0.979    -0.017     0.200
 2    -0.200    -0.010     0.979
 3   125.313    -4.009     7.110
 3     0.599    -0.378    -0.705
 3     0.330     0.919    -0.212
 3     0.729    -0.106     0.676
 4   107.787     8.079     1.133
 4     0.442    -0.778     0.448
 4     0.758     0.590     0.276
 4    -0.479     0.217     0.850
 5   127.161    22.895    13.677
 5     0.947     0.260     0.186
 5     0.320    -0.758    -0.569
 5    -0.006     0.599    -0.801
 6   140.406     5.955     0.621
 6     0.360     0.908     0.215
 6    -0.870     0.410    -0.273
 6    -0.336    -0.089     0.938
 7   111.198   -21.724     2.174
 7     0.625     0.446     0.641
 7    -0.565     0.825    -0.024
 7    -0.539    -0.347     0.767
 8   128.060   -33.357    19.370
 8     0.856    -0.449     0.254
 8    -0.509    -0.819     0.264
 8     0.089    -0.356    -0.930
 9   138.298   -22.286    -1.190
 9     0.540    -0.697     0.472
 9     0.707     0.680     0.193
 9    -0.455     0.229     0.860
 2    96.206   -22.694    60.085
 2    -0.015    -1.000    -0.013
 2     0.979    -0.017     0.200
 2    -0.200    -0.009     0.980
 3   125.262    -3.909     7.109
 3     0.600    -0.380    -0.704
 3     0.328     0.919    -0.216
 3     0.729    -0.102     0.676
 4   107.664     8.239     1.339
 4     0.434    -0.778     0.453
 4     0.766     0.584     0.269
 4    -0.474     0.230     0.850
 5   127.195    22.717    13.951
 5     0.947     0.267     0.177
 5     0.321    -0.771    -0.550
 5    -0.010     0.578    -0.816
 6   140.521     6.556    -0.424
 6     0.330     0.941     0.076
 6    -0.847     0.331    -0.416
 6    -0.417     0.073     0.906
 7   111.188   -21.839     2.261
 7     0.624     0.455     0.635
 7    -0.578     0.815    -0.017
 7    -0.525    -0.357     0.772
 8   128.311   -32.166    20.730
 8     0.845    -0.490     0.213
 8    -0.523    -0.841     0.138
 8     0.112    -0.229    -0.967
 9   136.969   -25.872    -1.808
 9     0.518    -0.683     0.515
 9     0.597     0.719     0.353
 9    -0.612     0.125     0.781
 2    96.207   -22.694    60.085
 2    -0.014    -1.000    -0.013
 2     0.979    -0.017     0.200
 2    -0.200    -0.010     0.979
 3   125.183    -3.836     7.035
 3     0.604    -0.378    -0.701
 3     0.324     0.921    -0.217
 3     0.728    -0.096     0.678
 4   107.499     8.378     1.531
 4     0.425    -0.781     0.457
 4     0.776     0.574     0.259
 4    -0.465     0.245     0.850
 5   126.960    22.623    14.361
 5     0.945     0.276     0.172
 5     0.326    -0.787    -0.523
 5    -0.010     0.551    -0.834
 6   140.482     7.616    -0.351
 6     0.323     0.942    -0.094
 6    -0.804     0.221    -0.551
 6    -0.498     0.254     0.829
 7   111.184   -21.927     2.339
 7     0.624     0.467     0.626
 7    -0.594     0.805    -0.008
 7    -0.508    -0.367     0.780
 8   128.513   -30.533    22.182
 8     0.834    -0.525     0.168
 8    -0.532    -0.846    -0.004
 8     0.145    -0.087    -0.986
 9   135.406   -29.018    -1.277
 9     0.467    -0.695     0.546
 9     0.458     0.719     0.523
 9    -0.756     0.005     0.654
 2    96.206   -22.745    60.085
 2    -0.014    -1.000    -0.012
 2     0.979    -0.016     0.199
 2    -0.200    -0.009     0.980
 3   125.121    -3.739     6.996
 3     0.608    -0.378    -0.698
 3     0.322     0.921    -0.218
 3     0.725    -0.092     0.682
 4   107.332     8.619     1.678
 4     0.414    -0.787     0.457
 4     0.787     0.561     0.254
 4    -0.457     0.254     0.852
 5   126.722    22.638    14.851
 5     0.943     0.281     0.173
 5     0.331    -0.801    -0.499
 5    -0.001     0.528    -0.849
 6   140.548     8.486     0.251
 6     0.329     0.909    -0.256
 6    -0.751     0.088    -0.654
 6    -0.572     0.407     0.712
 7   111.179   -21.985     2.460
 7     0.630     0.472     0.616
 7    -0.603     0.797     0.005
 7    -0.490    -0.375     0.787
 8   126.373   -29.276    21.102
 8     0.829    -0.542     0.131
 8    -0.528    -0.839    -0.129
 8     0.180     0.038    -0.983
 9   134.379   -31.605    -0.221
 9     0.418    -0.702     0.577
 9     0.317     0.708     0.631
 9    -0.851    -0.081     0.518
 2    96.206   -22.745    60.085
 2    -0.014    -1.000    -0.012
 2     0.980    -0.016     0.199
 2    -0.200    -0.009     0.980
 3   125.063    -3.616     6.952
 3     0.611    -0.379    -0.695
 3     0.321     0.921    -0.221
 3     0.723    -0.088     0.685
 4   107.236     8.844     1.873
 4     0.403    -0.795     0.453
 4     0.802     0.545     0.243
 4    -0.440     0.266     0.857
 5   126.611    22.576    15.515
 5     0.943     0.283     0.172
 5     0.331    -0.819    -0.469
 5     0.009     0.500    -0.866
 6   140.433     9.133     0.428
 6     0.321     0.874    -0.365
 6    -0.701    -0.040    -0.712
 6    -0.637     0.484     0.599
 7   111.380   -22.062     2.569
 7     0.640     0.473     0.605
 7    -0.608     0.793     0.024
 7    -0.469    -0.384     0.795
 8   126.725   -27.738    21.950
 8     0.825    -0.555     0.102
 8    -0.523    -0.821    -0.230
 8     0.211     0.136    -0.968
 9   133.293   -34.059     1.012
 9     0.365    -0.726     0.583
 9     0.190     0.671     0.716
 9    -0.911    -0.151     0.383
 2    96.207   -22.745    60.085
 2    -0.014    -1.000    -0.013
 2     0.979    -0.017     0.200
 2    -0.200    -0.010     0.980
 3   125.047    -3.342     6.942
 3     0.615    -0.384    -0.689
 3     0.321     0.920    -0.225
 3     0.719    -0.083     0.689
 4   107.121     9.044     2.095
 4     0.395    -0.803     0.447
 4     0.816     0.530     0.231
 4    -0.422     0.273     0.864
 5   126.286    22.497    16.391
 5     0.942     0.285     0.177
 5     0.335    -0.836    -0.435
 5     0.024     0.469    -0.883
 6   140.074     9.844     1.068
 6     0.326     0.834    -0.444
 6    -0.640    -0.151    -0.754
 6    -0.696     0.530     0.485
 7   111.441   -22.044     2.748
 7     0.650     0.468     0.599
 7    -0.610     0.791     0.043
 7    -0.454    -0.393     0.800
 8   126.964   -26.790    22.373
 8     0.822    -0.563     0.082
 8    -0.520    -0.803    -0.291
 8     0.230     0.197    -0.953
 9   132.404   -35.322     2.244
 9     0.323    -0.746     0.582
 9     0.102     0.639     0.762
 9    -0.941    -0.187     0.283
 2    96.206   -22.745    60.085
 2    -0.014    -1.000    -0.012
 2     0.979    -0.016     0.199
 2    -0.200    -0.009     0.980
 3   124.913    -3.270     6.846
 3     0.619    -0.386    -0.684
 3     0.319     0.919    -0.230
 3     0.717    -0.076     0.693
 4   107.029     9.166     2.218
 4     0.385    -0.812     0.439
 4     0.829     0.513     0.221
 4    -0.405     0.279     0.871
 5   125.916    22.392    17.069
 5     0.939     0.288     0.187
 5     0.342    -0.845    -0.411
 5     0.040     0.450    -0.892
 6   139.859    10.749     1.824
 6     0.346     0.798    -0.493
 6    -0.589    -0.224    -0.776
 6    -0.730     0.559     0.393
 7   111.432   -22.036     2.780
 7     0.654     0.465     0.597
 7    -0.610     0.791     0.052
 7    -0.448    -0.398     0.801
 8   127.096   -26.259    22.610
 8     0.817    -0.573     0.062
 8    -0.525    -0.785    -0.329
 8     0.238     0.236    -0.942
 9   131.614   -36.591     2.807
 9     0.278    -0.754     0.595
 9     0.037     0.627     0.778
 9    -0.960    -0.194     0.202
 2    96.207   -22.745    60.085
 2    -0.014    -1.000    -0.013
 2     0.979    -0.017     0.200
 2    -0.200    -0.010     0.980
 3   124.905    -3.147     6.852
 3     0.623    -0.388    -0.680
 3     0.316     0.919    -0.234
 3     0.715    -0.069     0.695
 4   106.836     9.441     2.394
 4     0.374    -0.822     0.429
 4     0.842     0.494     0.213
 4    -0.388     0.282     0.878
 5   125.370    22.723    17.717
 5     0.932     0.300     0.204
 5     0.359    -0.850    -0.386
 5     0.057     0.433    -0.900
 6   139.571    11.789     2.615
 6     0.369     0.767    -0.525
 6    -0.533    -0.288    -0.795
 6    -0.761     0.574     0.303
 7   111.466   -21.878     2.791
 7     0.658     0.461     0.595
 7    -0.608     0.792     0.060
 7    -0.444    -0.401     0.801
 8   127.167   -25.882    22.721
 8     0.813    -0.581     0.047
 8    -0.529    -0.770    -0.356
 8     0.243     0.265    -0.933
 9   130.896   -37.632     3.173
 9     0.240    -0.773     0.587
 9    -0.010     0.603     0.797
 9    -0.971    -0.197     0.137
 2    96.206   -22.745    60.085
 2    -0.014    -1.000    -0.012
 2     0.980    -0.016     0.199
 2    -0.200    -0.009     0.980
 3   124.816    -2.924     6.811
 3     0.628    -0.391    -0.673
 3     0.313     0.918    -0.241
 3     0.712    -0.059     0.699
 4   106.670     9.744     2.588
 4     0.360    -0.832     0.422
 4     0.857     0.474     0.202
 4    -0.369     0.289     0.883
 5   124.704    22.933    18.479
 5     0.922     0.318     0.221
 5     0.379    -0.855    -0.353
 5     0.077     0.409    -0.909
 6   139.310    12.939     3.249
 6     0.386     0.750    -0.538
 6    -0.482    -0.333    -0.810
 6    -0.786     0.572     0.233
 7   111.398   -21.694     2.779
 7     0.664     0.455     0.594
 7    -0.604     0.794     0.067
 7    -0.441    -0.404     0.802
 8   127.185   -25.502    22.798
 8     0.809    -0.586     0.038
 8    -0.533    -0.759    -0.374
 8     0.248     0.282    -0.927
 9   130.757   -37.777     3.812
 9     0.216    -0.793     0.570
 9    -0.041     0.576     0.816
 9    -0.975    -0.200     0.092
 2    96.206   -22.745    60.085
 2    -0.014    -1.000    -0.012
 2     0.980    -0.016     0.199
 2    -0.200    -0.009     0.980
 3   124.753    -2.624     6.693
 3     0.632    -0.395    -0.667
 3     0.312     0.917    -0.248
 3     0.709    -0.052     0.702
 4   106.550    10.042     2.717
 4     0.349    -0.840     0.415
 4     0.868     0.457     0.194
 4    -0.353     0.292     0.889
 5   124.073    23.194    19.165
 5     0.913     0.328     0.243
 5     0.396    -0.857    -0.329
 5     0.100     0.396    -0.912
 6   139.044    13.887     4.324
 6     0.413     0.728    -0.547
 6    -0.442    -0.365    -0.819
 6    -0.796     0.580     0.171
 7   111.454   -21.562     2.768
 7     0.668     0.450     0.592
 7    -0.601     0.795     0.074
 7    -0.438    -0.406     0.802
 8   127.102   -25.249    22.846
 8     0.804    -0.593     0.032
 8    -0.537    -0.749    -0.387
 8     0.253     0.294    -0.921
 9   130.477   -38.144     4.030
 9     0.203    -0.801     0.563
 9    -0.059     0.564     0.823
 9    -0.977    -0.200     0.068
 2    96.206   -22.745    60.085
 2    -0.014    -1.000    -0.012
 2     0.980    -0.016     0.199
 2    -0.200    -0.009     0.980
 3   124.699    -2.474     6.568
 3     0.635    -0.395    -0.664
 3     0.309     0.917    -0.250
 3     0.708    -0.046     0.705
 4   106.582    10.133     2.854
 4     0.348    -0.845     0.407
 4     0.874     0.449     0.184
 4    -0.339     0.292     0.894
 5   123.699    23.325    19.854
 5     0.906     0.332     0.264
 5     0.406    -0.860    -0.311
 5     0.124     0.388    -0.913
 6   138.938    14.561     5.089
 6     0.434     0.711    -0.553
 6    -0.414    -0.388    -0.823
 6    -0.800     0.586     0.126
 7   111.463   -21.481     2.754
 7     0.671     0.448     0.590
 7    -0.601     0.796     0.079
 7    -0.434    -0.407     0.804
 8   126.904   -25.140    22.949
 8     0.800    -0.599     0.035
 8    -0.540    -0.743    -0.395
 8     0.263     0.297    -0.918
 9   130.362   -38.295     4.387
 9     0.204    -0.803     0.559
 9    -0.067     0.558     0.827
 9    -0.977    -0.206     0.060
 2    96.206   -22.745    60.085
 2    -0.014    -1.000    -0.012
 2     0.980    -0.016     0.199
 2    -0.200    -0.009     0.980
 3   124.695    -2.400     6.521
 3     0.636    -0.394    -0.663
 3     0.307     0.918    -0.250
 3     0.707    -0.044     0.705
 4   106.666    10.248     2.943
 4     0.350    -0.848     0.399
 4     0.878     0.445     0.174
 4    -0.325     0.289     0.900
 5   123.422    23.299    20.403
 5     0.900     0.331     0.282
 5     0.410    -0.862    -0.297
 5     0.145     0.383    -0.912
 6   138.869    14.745     5.703
 6     0.443     0.705    -0.554
 6    -0.404    -0.395    -0.825
 6    -0.801     0.589     0.109
 7   111.483   -21.472     2.725
 7     0.674     0.452     0.583
 7    -0.604     0.793     0.083
 7    -0.425    -0.408     0.807
 8   126.637   -25.132    23.219
 8     0.791    -0.610     0.042
 8    -0.546    -0.735    -0.402
 8     0.276     0.295    -0.915
 9   130.290   -38.410     4.778
 9     0.212    -0.803     0.557
 9    -0.077     0.555     0.828
 9    -0.974    -0.219     0.056
 2    96.206   -22.745    60.085
 2    -0.014    -1.000    -0.012
 2     0.979    -0.017     0.200
 2    -0.200    -0.009     0.980
 3   124.746    -2.402     6.522
 3     0.639    -0.390    -0.663
 3     0.302     0.920    -0.249
 3     0.707    -0.042     0.705
 4   106.807    10.390     3.048
 4     0.355    -0.849     0.391
 4     0.882     0.442     0.159
 4    -0.308     0.289     0.906
 5   123.279    23.137    20.765
 5     0.898     0.330     0.292
 5     0.411    -0.866    -0.284
 5     0.159     0.375    -0.913
 6   138.792    15.082     6.519
 6     0.454     0.697    -0.555
 6    -0.378    -0.414    -0.828
 6    -0.807     0.585     0.075
 7   111.439   -21.420     2.716
 7     0.674     0.456     0.580
 7    -0.606     0.791     0.082
 7    -0.422    -0.407     0.810
 8   126.355   -25.311    23.357
 8     0.780    -0.624     0.041
 8    -0.557    -0.724    -0.406
 8     0.283     0.294    -0.913
 9   129.835   -39.292     5.223
 9     0.200    -0.821     0.534
 9    -0.101     0.525     0.845
 9    -0.974    -0.223     0.022
 2    96.207   -22.745    60.085
 2    -0.014    -1.000    -0.013
 2     0.979    -0.016     0.200
 2    -0.200    -0.010     0.980
 3   124.794    -2.409     6.448
 3     0.646    -0.380    -0.662
 3     0.290     0.924    -0.248
 3     0.706    -0.032     0.707
 4   106.983    10.587     3.290
 4     0.365    -0.847     0.387
 4     0.886     0.444     0.135
 4    -0.286     0.294     0.912
 5   123.152    22.982    21.463
 5     0.895     0.325     0.306
 5     0.408    -0.873    -0.268
 5     0.180     0.364    -0.914
 6   139.002    15.087     7.256
 6     0.462     0.683    -0.566
 6    -0.360    -0.438    -0.823
 6    -0.811     0.584     0.044
 7   111.262   -21.297     2.588
 7     0.671     0.465     0.578
 7    -0.610     0.789     0.073
 7    -0.422    -0.401     0.813
 8   126.137   -25.289    23.381
 8     0.773    -0.633     0.038
 8    -0.566    -0.716    -0.408
 8     0.285     0.294    -0.912
 9   129.595   -39.638     5.508
 9     0.183    -0.859     0.477
 9    -0.117     0.463     0.878
 9    -0.976    -0.217    -0.015
 2    96.206   -22.694    60.085
 2    -0.015    -1.000    -0.013
 2     0.979    -0.017     0.200
 2    -0.200    -0.009     0.980
 3   124.816    -2.415     6.400
 3     0.652    -0.372    -0.661
 3     0.278     0.928    -0.247
 3     0.705    -0.023     0.709
 4   107.164    10.734     3.449
 4     0.375    -0.844     0.384
 4     0.889     0.444     0.107
 4    -0.262     0.301     0.917
 5   123.131    22.703    22.152
 5     0.892     0.319     0.319
 5     0.403    -0.881    -0.246
 5     0.203     0.348    -0.915
 6   138.779    15.274     8.109
 6     0.473     0.672    -0.571
 6    -0.336    -0.461    -0.821
 6    -0.815     0.580     0.007
 7   111.167   -21.145     2.528
 7     0.668     0.474     0.573
 7    -0.614     0.786     0.066
 7    -0.419    -0.396     0.817
 8   125.797   -25.373    23.381
 8     0.762    -0.647     0.029
 8    -0.580    -0.702    -0.413
 8     0.288     0.297    -0.910
 9   129.438   -40.414     5.969
 9     0.154    -0.905     0.397
 9    -0.152     0.375     0.914
 9    -0.976    -0.201    -0.080
 2    96.206   -22.744    60.085
 2    -0.015    -1.000    -0.013
 2     0.979    -0.017     0.200
 2    -0.200    -0.009     0.980
 3   124.852    -2.321     6.313
 3     0.659    -0.369    -0.656
 3     0.273     0.929    -0.248
 3     0.701    -0.016     0.713
 4   107.136    10.871     3.543
 4     0.375    -0.844     0.383
 4     0.892     0.441     0.097
 4    -0.251     0.306     0.918
 5   122.891    22.621    22.685
 5     0.887     0.320     0.331
 5     0.405    -0.885    -0.230
 5     0.219     0.338    -0.915
 6   138.684    15.769     8.602
 6     0.484     0.663    -0.571
 6    -0.311    -0.480    -0.820
 6    -0.818     0.575    -0.027
 7   111.104   -21.065     2.509
 7     0.668     0.481     0.567
 7    -0.618     0.783     0.064
 7    -0.413    -0.394     0.821
 8   125.589   -25.377    23.479
 8     0.751    -0.659     0.022
 8    -0.591    -0.688    -0.421
 8     0.293     0.303    -0.907
 9   129.256   -40.399     6.172
 9     0.138    -0.920     0.366
 9    -0.170     0.342     0.924
 9    -0.976    -0.190    -0.109
 2    96.207   -22.745    60.085
 2    -0.014    -1.000    -0.013
 2     0.979    -0.017     0.199
 2    -0.200    -0.010     0.979
 3   124.782    -2.202     6.312
 3     0.666    -0.366    -0.650
 3     0.271     0.930    -0.246
 3     0.695    -0.012     0.719
 4   107.085    10.985     3.608
 4     0.373    -0.845     0.383
 4     0.896     0.434     0.086
 4    -0.239     0.311     0.920
 5   122.449    22.568    23.111
 5     0.879     0.330     0.342
 5     0.414    -0.886    -0.208
 5     0.235     0.324    -0.916
 6   138.392    16.139     9.097
 6     0.495     0.657    -0.568
 6    -0.285    -0.495    -0.821
 6    -0.821     0.568    -0.058
 7   110.953   -20.956     2.475
 7     0.669     0.490     0.559
 7    -0.625     0.778     0.066
 7    -0.402    -0.393     0.827
 8   125.426   -25.254    23.534
 8     0.745    -0.667     0.012
 8    -0.598    -0.675    -0.432
 8     0.296     0.315    -0.901
 9   128.858   -41.030     6.737
 9     0.113    -0.924     0.366
 9    -0.209     0.337     0.917
 9    -0.971    -0.181    -0.155
 2    96.207   -22.745    60.085
 2    -0.014    -1.000    -0.013
 2     0.979    -0.016     0.199
 2    -0.200    -0.010     0.980
 3   124.757    -2.111     6.193
 3     0.674    -0.362    -0.644
 3     0.270     0.932    -0.241
 3     0.687    -0.011     0.726
 4   106.983    11.072     3.653
 4     0.370    -0.848     0.379
 4     0.901     0.427     0.077
 4    -0.228     0.312     0.922
 5   121.870    22.723    23.449
 5     0.867     0.342     0.361
 5     0.427    -0.885    -0.187
 5     0.256     0.317    -0.913
 6   138.322    16.993     9.984
 6     0.523     0.646    -0.556
 6    -0.254    -0.504    -0.825
 6    -0.814     0.572    -0.100
 7   110.780   -20.866     2.513
 7     0.665     0.511     0.543
 7    -0.643     0.763     0.068
 7    -0.380    -0.395     0.836
 8   124.945   -25.254    23.917
 8     0.727    -0.687    -0.000
 8    -0.613    -0.648    -0.453
 8     0.311     0.329    -0.891
 9   128.145   -42.015     7.560
 9     0.095    -0.937     0.335
 9    -0.258     0.302     0.918
 9    -0.961    -0.174    -0.213
 2    96.206   -22.745    60.111
 2    -0.014    -1.000    -0.013
 2     0.979    -0.016     0.199
 2    -0.200    -0.010     0.979
 3   124.656    -2.044     6.106
 3     0.683    -0.354    -0.639
 3     0.273     0.935    -0.227
 3     0.678    -0.019     0.735
 4   106.834    11.048     3.573
 4     0.366    -0.850     0.378
 4     0.902     0.423     0.078
 4    -0.227     0.312     0.922
 5   121.305    22.793    23.688
 5     0.857     0.347     0.381
 5     0.438    -0.880    -0.184
 5     0.271     0.324    -0.906
 6   138.118    17.281    10.482
 6     0.544     0.631    -0.553
 6    -0.245    -0.511    -0.824
 6    -0.802     0.584    -0.124
 7   110.498   -20.972     2.678
 7     0.663     0.536     0.523
 7    -0.662     0.746     0.074
 7    -0.350    -0.395     0.849
 8   124.296   -25.250    24.261
 8     0.707    -0.707    -0.006
 8    -0.626    -0.621    -0.471
 8     0.329     0.337    -0.882
 9   127.610   -42.205     8.193
 9     0.096    -0.937     0.335
 9    -0.275     0.299     0.914
 9    -0.957    -0.180    -0.229
 2    96.206   -22.745    60.085
 2    -0.014    -1.000    -0.012
 2     0.980    -0.016     0.199
 2    -0.200    -0.009     0.980
 3   124.531    -2.105     5.967
 3     0.690    -0.349    -0.635
 3     0.275     0.937    -0.215
 3     0.669    -0.026     0.742
 4   106.803    10.996     3.526
 4     0.365    -0.849     0.381
 4     0.902     0.424     0.079
 4    -0.229     0.315     0.921
 5   121.045    22.826    23.623
 5     0.851     0.350     0.390
 5     0.445    -0.877    -0.184
 5     0.277     0.330    -0.902
 6   138.048    17.286    10.598
 6     0.548     0.629    -0.552
 6    -0.245    -0.510    -0.824
 6    -0.800     0.587    -0.126
 7   110.311   -20.964     2.783
 7     0.656     0.557     0.509
 7    -0.677     0.732     0.073
 7    -0.333    -0.393     0.857
 8   123.551   -25.323    24.673
 8     0.683    -0.730    -0.012
 8    -0.642    -0.593    -0.487
 8     0.349     0.340    -0.874
 9   126.559   -43.168     8.910
 9     0.086    -0.936     0.340
 9    -0.307     0.300     0.903
 9    -0.948    -0.182    -0.262
 2    96.206   -22.745    60.085
 2    -0.014    -1.000    -0.012
 2     0.979    -0.017     0.200
 2    -0.200    -0.009     0.980
 3   124.497    -2.185     5.986
 3     0.694    -0.342    -0.634
 3     0.276     0.939    -0.205
 3     0.665    -0.033     0.746
 4   106.797    10.891     3.484
 4     0.367    -0.848     0.383
 4     0.901     0.426     0.081
 4    -0.232     0.315     0.920
 5   120.895    22.834    23.654
 5     0.848     0.345     0.401
 5     0.446    -0.875    -0.189
 5     0.286     0.339    -0.896
 6   137.972    17.275    10.863
 6     0.558     0.618    -0.553
 6    -0.248    -0.512    -0.822
 6    -0.792     0.597    -0.133
 7   110.046   -21.086     2.789
 7     0.646     0.580     0.496
 7    -0.694     0.716     0.066
 7    -0.317    -0.387     0.866
 8   122.983   -25.608    24.910
 8     0.659    -0.751    -0.024
 8    -0.660    -0.563    -0.498
 8     0.360     0.344    -0.867
 9   125.709   -43.602     9.460
 9     0.078    -0.940     0.332
 9    -0.328     0.290     0.899
 9    -0.941    -0.179    -0.286
 2    96.207   -22.745    60.085
 2    -0.014    -1.000    -0.013
 2     0.979    -0.016     0.199
 2    -0.200    -0.010     0.980
 3   124.493    -2.315     5.946
 3     0.696    -0.337    -0.634
 3     0.275     0.941    -0.197
 3     0.663    -0.038     0.748
 4   106.786    10.809     3.374
 4     0.370    -0.846     0.385
 4     0.898     0.431     0.085
 4    -0.238     0.314     0.919
 5   120.899    22.758    23.552
 5     0.848     0.342     0.403
 5     0.444    -0.875    -0.192
 5     0.287     0.342    -0.895
 6   137.978    17.047    10.862
 6     0.558     0.615    -0.557
 6    -0.251    -0.514    -0.820
 6    -0.791     0.597    -0.132
 7   109.892   -21.185     2.838
 7     0.639     0.597     0.485
 7    -0.706     0.706     0.060
 7    -0.307    -0.381     0.872
 8   122.514   -25.837    25.039
 8     0.640    -0.768    -0.030
 8    -0.673    -0.541    -0.504
 8     0.371     0.343    -0.863
 9   125.221   -44.021     9.886
 9     0.076    -0.941     0.330
 9    -0.343     0.286     0.895
 9    -0.936    -0.182    -0.301
 2    96.207   -22.745    60.085
 2    -0.014    -1.000    -0.012
 2     0.979    -0.017     0.200
 2    -0.200    -0.010     0.979
 3   124.514    -2.419     5.879
 3     0.698    -0.331    -0.635
 3     0.274     0.942    -0.191
 3     0.661    -0.041     0.749
 4   106.778    10.703     3.386
 4     0.371    -0.845     0.385
 4     0.896     0.434     0.088
 4    -0.242     0.312     0.918
 5   120.898    22.756    23.557
 5     0.849     0.341     0.403
 5     0.443    -0.875    -0.194
 5     0.286     0.344    -0.894
 6   137.929    16.816    10.863
 6     0.557     0.612    -0.562
 6    -0.254    -0.518    -0.817
 6    -0.791     0.597    -0.133
 7   109.849   -21.185     2.775
 7     0.635     0.605     0.479
 7    -0.711     0.701     0.055
 7    -0.303    -0.376     0.875
 8   122.181   -25.914    25.076
 8     0.630    -0.776    -0.033
