% Calibrated with leiden_pols
% Positions are in centimeters
Data =[
 2    96.256   -22.744    60.085
 2    -0.015    -1.000    -0.012
 2     0.979    -0.016     0.199
 2    -0.200    -0.009     0.980
 3   125.519    -5.181     7.401
 3     0.584    -0.379    -0.718
 3     0.302     0.922    -0.241
 3     0.753    -0.076     0.653
 4   109.099     6.894    -0.246
 4     0.553    -0.714     0.429
 4     0.707     0.675     0.211
 4    -0.440     0.186     0.878
 5   127.749    22.250    13.657
 5     0.941    -0.185     0.283
 5     0.169    -0.467    -0.868
 5     0.293     0.864    -0.408
 6   140.202    -1.499    16.813
 6     0.257     0.962    -0.085
 6    -0.862     0.268     0.430
 6     0.436    -0.038     0.899
 7   110.136   -21.099     1.271
 7     0.615     0.440     0.654
 7    -0.489     0.864    -0.121
 7    -0.618    -0.245     0.747
 8   131.733   -31.923    11.113
 8     0.976     0.141     0.162
 8    -0.107    -0.335     0.936
 8     0.186    -0.932    -0.312
 9   139.587    -5.510    16.883
 9     0.228    -0.938     0.260
 9     0.709    -0.024    -0.705
 9     0.667     0.345     0.660
 2    96.256   -22.744    60.085
 2    -0.014    -1.000    -0.012
 2     0.979    -0.017     0.199
 2    -0.200    -0.009     0.980
 3   125.515    -5.234     7.329
 3     0.586    -0.378    -0.717
 3     0.301     0.923    -0.240
 3     0.752    -0.075     0.654
 4   109.043     6.893    -0.191
 4     0.551    -0.714     0.431
 4     0.708     0.674     0.212
 4    -0.442     0.188     0.877
 5   127.737    22.298    13.665
 5     0.942    -0.180     0.283
 5     0.170    -0.471    -0.865
 5     0.289     0.863    -0.414
 6   140.198    -1.499    16.769
 6     0.260     0.962    -0.083
 6    -0.862     0.270     0.428
 6     0.434    -0.041     0.900
 7   110.135   -21.049     1.225
 7     0.614     0.439     0.656
 7    -0.489     0.864    -0.120
 7    -0.619    -0.247     0.745
 8   131.724   -31.926    10.977
 8     0.977     0.135     0.162
 8    -0.108    -0.337     0.935
 8     0.181    -0.932    -0.315
 9   139.580    -5.512    16.786
 9     0.231    -0.936     0.264
 9     0.710    -0.023    -0.704
 9     0.665     0.350     0.659
 2    96.206   -22.745    60.085
 2    -0.014    -1.000    -0.012
 2     0.980    -0.016     0.199
 2    -0.200    -0.009     0.980
 3   125.558    -5.186     7.338
 3     0.589    -0.377    -0.715
 3     0.301     0.923    -0.239
 3     0.750    -0.075     0.657
 4   109.039     6.892    -0.189
 4     0.549    -0.715     0.432
 4     0.708     0.673     0.213
 4    -0.443     0.189     0.876
 5   127.682    22.246    13.645
 5     0.942    -0.178     0.282
 5     0.170    -0.473    -0.864
 5     0.287     0.863    -0.416
 6   140.243    -1.448    16.648
 6     0.263     0.961    -0.080
 6    -0.863     0.271     0.427
 6     0.432    -0.043     0.901
 7   110.084   -21.101     1.230
 7     0.613     0.438     0.657
 7    -0.490     0.864    -0.119
 7    -0.620    -0.249     0.744
 8   131.723   -31.927    11.082
 8     0.977     0.134     0.162
 8    -0.109    -0.339     0.934
 8     0.180    -0.931    -0.317
 9   139.627    -5.539    16.738
 9     0.234    -0.935     0.265
 9     0.710    -0.022    -0.703
 9     0.664     0.353     0.659
 2    96.206   -22.745    60.085
 2    -0.014    -1.000    -0.012
 2     0.980    -0.016     0.199
 2    -0.200    -0.009     0.980
 3   125.551    -5.189     7.296
 3     0.591    -0.376    -0.713
 3     0.301     0.923    -0.237
 3     0.748    -0.074     0.659
 4   109.007     6.941    -0.184
 4     0.547    -0.715     0.434
 4     0.709     0.672     0.214
 4    -0.445     0.191     0.875
 5   127.678    22.296    13.671
 5     0.943    -0.175     0.283
 5     0.171    -0.476    -0.863
 5     0.286     0.862    -0.419
 6   140.281    -1.451    16.516
 6     0.267     0.961    -0.074
 6    -0.864     0.273     0.423
 6     0.426    -0.049     0.903
 7   110.083   -21.102     1.236
 7     0.612     0.437     0.659
 7    -0.490     0.864    -0.118
 7    -0.621    -0.251     0.742
 8   131.715   -31.982    11.000
 8     0.978     0.125     0.165
 8    -0.113    -0.345     0.932
 8     0.174    -0.930    -0.323
 9   139.667    -5.704    16.340
 9     0.247    -0.929     0.276
 9     0.715    -0.017    -0.698
 9     0.653     0.370     0.661
 2    96.207   -22.745    60.085
 2    -0.014    -1.000    -0.012
 2     0.980    -0.016     0.199
 2    -0.200    -0.010     0.980
 3   125.587    -5.168     7.186
 3     0.596    -0.376    -0.710
 3     0.301     0.924    -0.236
 3     0.744    -0.073     0.663
 4   108.834     6.934    -0.162
 4     0.540    -0.717     0.440
 4     0.709     0.669     0.220
 4    -0.453     0.194     0.870
 5   127.521    22.402    13.482
 5     0.949    -0.137     0.284
 5     0.183    -0.497    -0.849
 5     0.257     0.857    -0.446
 6   140.461    -1.086    15.426
 6     0.292     0.955    -0.046
 6    -0.871     0.286     0.399
 6     0.394    -0.077     0.915
 7   109.999   -21.109     1.263
 7     0.606     0.432     0.667
 7    -0.489     0.865    -0.115
 7    -0.627    -0.257     0.735
 8   131.444   -32.358    10.751
 8     0.980     0.082     0.178
 8    -0.135    -0.373     0.918
 8     0.142    -0.924    -0.355
 9   139.985    -6.185    14.951
 9     0.293    -0.905     0.308
 9     0.736     0.008    -0.677
 9     0.610     0.425     0.668
 2    96.206   -22.745    60.085
 2    -0.014    -1.000    -0.012
 2     0.980    -0.016     0.199
 2    -0.200    -0.009     0.980
 3   125.518    -5.124     7.106
 3     0.603    -0.375    -0.704
 3     0.301     0.924    -0.235
 3     0.739    -0.070     0.670
 4   108.584     7.054    -0.085
 4     0.530    -0.722     0.444
 4     0.711     0.664     0.231
 4    -0.462     0.193     0.866
 5   127.437    22.647    13.287
 5     0.956    -0.075     0.281
 5     0.202    -0.524    -0.827
 5     0.209     0.848    -0.486
 6   140.844    -0.411    13.359
 6     0.334     0.942     0.021
 6    -0.884     0.306     0.353
 6     0.326    -0.136     0.935
 7   109.940   -21.064     1.330
 7     0.603     0.430     0.672
 7    -0.488     0.865    -0.116
 7    -0.631    -0.258     0.731
 8   130.790   -33.067    10.661
 8     0.977     0.025     0.209
 8    -0.180    -0.417     0.891
 8     0.110    -0.908    -0.403
 9   140.233    -7.211    12.719
 9     0.360    -0.868     0.342
 9     0.768     0.068    -0.637
 9     0.529     0.492     0.691
 2    96.207   -22.745    60.085
 2    -0.014    -1.000    -0.013
 2     0.980    -0.016     0.199
 2    -0.200    -0.010     0.980
 3   125.454    -4.977     7.046
 3     0.607    -0.376    -0.700
 3     0.301     0.924    -0.235
 3     0.735    -0.068     0.674
 4   108.387     7.101     0.011
 4     0.518    -0.731     0.444
 4     0.715     0.655     0.244
 4    -0.469     0.191     0.862
 5   127.292    23.016    12.816
 5     0.962    -0.007     0.273
 5     0.224    -0.554    -0.802
 5     0.157     0.833    -0.531
 6   140.918     0.278    11.055
 6     0.363     0.927     0.092
 6    -0.897     0.321     0.304
 6     0.252    -0.193     0.948
 7   109.940   -21.065     1.285
 7     0.601     0.430     0.673
 7    -0.489     0.865    -0.115
 7    -0.632    -0.260     0.730
 8   129.989   -33.864    11.452
 8     0.966    -0.039     0.254
 8    -0.240    -0.490     0.838
 8     0.092    -0.871    -0.483
 9   140.367    -8.435    10.845
 9     0.421    -0.834     0.357
 9     0.801     0.158    -0.577
 9     0.424     0.529     0.735
 2    96.206   -22.745    60.085
 2    -0.014    -1.000    -0.012
 2     0.979    -0.016     0.199
 2    -0.200    -0.009     0.980
 3   125.422    -4.852     7.056
 3     0.608    -0.377    -0.699
 3     0.304     0.923    -0.234
 3     0.733    -0.070     0.676
 4   108.354     7.175     0.123
 4     0.513    -0.736     0.441
 4     0.717     0.650     0.251
 4    -0.472     0.188     0.862
 5   127.540    23.054    12.415
 5     0.966     0.046     0.252
 5     0.232    -0.577    -0.783
 5     0.109     0.815    -0.568
