% Calibrated with leiden_pols
% Positions are in centimeters
Data =[
 2    96.256   -22.694    60.085
 2    -0.015    -1.000    -0.013
 2     0.979    -0.017     0.199
 2    -0.200    -0.010     0.980
 3   128.656    -3.495     9.483
 3     0.495    -0.313    -0.811
 3     0.321     0.932    -0.164
 3     0.807    -0.180     0.562
 4   114.482    10.534     2.944
 4     0.632    -0.768     0.100
 4     0.773     0.619    -0.137
 4     0.043     0.164     0.985
 5   115.712    19.098    28.404
 5     0.346    -0.276     0.896
 5     0.209    -0.909    -0.361
 5     0.914     0.312    -0.257
 6   126.867    24.913    52.959
 6     0.283    -0.748    -0.601
 6    -0.048     0.615    -0.787
 6     0.958     0.251     0.138
 7   116.958   -22.702     4.415
 7     0.809     0.503     0.303
 7    -0.576     0.783     0.237
 7    -0.119    -0.366     0.923
 8   117.655   -25.498    29.723
 8     0.276     0.309     0.910
 8    -0.078    -0.936     0.342
 8     0.958    -0.166    -0.234
 9   130.539   -28.464    54.541
 9     0.139     0.459    -0.877
 9     0.020     0.884     0.466
 9     0.990    -0.083     0.113
 2    96.206   -22.694    60.111
 2    -0.015    -1.000    -0.013
 2     0.979    -0.017     0.199
 2    -0.200    -0.010     0.980
 3   128.656    -3.495     9.483
 3     0.495    -0.313    -0.810
 3     0.321     0.932    -0.164
 3     0.807    -0.180     0.562
 4   114.479    10.584     2.921
 4     0.632    -0.769     0.100
 4     0.774     0.618    -0.136
 4     0.042     0.164     0.985
 5   115.719    19.099    28.346
 5     0.346    -0.277     0.896
 5     0.208    -0.909    -0.361
 5     0.915     0.312    -0.257
 6   126.866    24.912    52.958
 6     0.282    -0.748    -0.601
 6    -0.049     0.614    -0.787
 6     0.958     0.251     0.137
 7   116.960   -22.701     4.412
 7     0.809     0.503     0.303
 7    -0.576     0.782     0.237
 7    -0.118    -0.366     0.923
 8   117.614   -25.396    29.712
 8     0.271     0.309     0.911
 8    -0.078    -0.937     0.341
 8     0.959    -0.164    -0.230
 9   130.538   -28.463    54.541
 9     0.140     0.459    -0.877
 9     0.021     0.884     0.466
 9     0.990    -0.084     0.114
 2    96.206   -22.694    60.085
 2    -0.015    -1.000    -0.013
 2     0.979    -0.017     0.200
 2    -0.200    -0.010     0.980
 3   128.651    -3.496     9.437
 3     0.496    -0.313    -0.810
 3     0.322     0.932    -0.164
 3     0.806    -0.179     0.563
 4   114.482    10.585     2.944
 4     0.632    -0.769     0.099
 4     0.774     0.618    -0.136
 4     0.043     0.163     0.985
 5   115.694    19.049    28.345
 5     0.344    -0.277     0.897
 5     0.207    -0.909    -0.361
 5     0.915     0.310    -0.256
 6   126.866    24.861    52.957
 6     0.283    -0.747    -0.601
 6    -0.049     0.615    -0.787
 6     0.958     0.252     0.137
 7   116.912   -22.649     4.460
 7     0.809     0.503     0.302
 7    -0.575     0.783     0.238
 7    -0.117    -0.366     0.923
 8   117.459   -25.449    29.641
 8     0.262     0.299     0.917
 8    -0.081    -0.941     0.330
 8     0.961    -0.161    -0.223
 9   130.474   -28.413    54.565
 9     0.143     0.467    -0.873
 9     0.023     0.880     0.474
 9     0.989    -0.088     0.115
 2    96.206   -22.694    60.085
 2    -0.015    -1.000    -0.013
 2     0.979    -0.017     0.199
 2    -0.200    -0.010     0.979
 3   128.652    -3.547     9.437
 3     0.496    -0.312    -0.810
 3     0.321     0.932    -0.163
 3     0.806    -0.180     0.563
 4   114.437    10.536     2.939
 4     0.631    -0.769     0.098
 4     0.774     0.617    -0.138
 4     0.045     0.162     0.985
 5   115.706    19.105    28.383
 5     0.341    -0.277     0.898
 5     0.208    -0.910    -0.359
 5     0.917     0.309    -0.253
 6   126.865    24.963    52.957
 6     0.283    -0.747    -0.601
 6    -0.049     0.615    -0.787
 6     0.958     0.253     0.137
 7   116.918   -22.698     4.451
 7     0.809     0.505     0.300
 7    -0.576     0.782     0.238
 7    -0.114    -0.365     0.924
 8   117.344   -25.353    29.632
 8     0.257     0.288     0.922
 8    -0.085    -0.944     0.318
 8     0.962    -0.160    -0.218
 9   130.354   -28.514    54.721
 9     0.147     0.480    -0.865
 9     0.024     0.872     0.488
 9     0.989    -0.093     0.117
 2    96.206   -22.694    60.085
 2    -0.015    -1.000    -0.013
 2     0.979    -0.017     0.200
 2    -0.200    -0.010     0.980
 3   128.626    -3.445     9.488
 3     0.496    -0.313    -0.809
 3     0.323     0.932    -0.163
 3     0.806    -0.180     0.564
 4   114.390    10.589     2.983
 4     0.630    -0.770     0.097
 4     0.775     0.616    -0.140
 4     0.047     0.163     0.985
 5   115.606    19.105    28.332
 5     0.341    -0.276     0.899
 5     0.208    -0.910    -0.358
 5     0.917     0.309    -0.253
 6   126.782    24.857    53.069
 6     0.283    -0.747    -0.602
 6    -0.051     0.615    -0.787
 6     0.957     0.253     0.136
 7   116.874   -22.644     4.518
 7     0.810     0.506     0.297
 7    -0.576     0.781     0.240
 7    -0.111    -0.365     0.924
 8   117.217   -25.356    29.598
 8     0.248     0.286     0.925
 8    -0.088    -0.945     0.316
 8     0.965    -0.160    -0.209
 9   130.231   -28.591    54.722
 9     0.148     0.486    -0.861
 9     0.024     0.869     0.495
 9     0.989    -0.094     0.117
 2    96.206   -22.694    60.085
 2    -0.015    -1.000    -0.013
 2     0.979    -0.017     0.200
 2    -0.200    -0.010     0.980
 3   128.622    -3.446     9.493
 3     0.497    -0.313    -0.809
 3     0.323     0.932    -0.163
 3     0.805    -0.180     0.564
 4   114.423    10.525     2.990
 4     0.632    -0.770     0.092
 4     0.773     0.615    -0.154
 4     0.062     0.168     0.984
 5   115.228    19.434    28.030
 5     0.311    -0.271     0.911
 5     0.232    -0.908    -0.349
 5     0.921     0.320    -0.220
 6   126.662    24.951    52.881
 6     0.290    -0.749    -0.596
 6    -0.055     0.608    -0.792
 6     0.955     0.262     0.135
 7   116.819   -22.740     4.547
 7     0.809     0.508     0.293
 7    -0.578     0.778     0.246
 7    -0.103    -0.369     0.923
 8   116.847   -25.435    29.368
 8     0.219     0.293     0.931
 8    -0.100    -0.942     0.320
 8     0.970    -0.163    -0.177
 9   129.783   -28.828    54.797
 9     0.147     0.500    -0.854
 9     0.019     0.861     0.508
 9     0.989    -0.091     0.117
 2    96.206   -22.694    60.085
 2    -0.015    -1.000    -0.013
 2     0.979    -0.017     0.200
 2    -0.200    -0.010     0.979
 3   128.648    -3.446     9.545
 3     0.497    -0.313    -0.809
 3     0.322     0.932    -0.162
 3     0.805    -0.181     0.564
 4   114.502    10.535     2.952
 4     0.633    -0.769     0.086
 4     0.770     0.615    -0.167
 4     0.075     0.172     0.982
 5   114.351    19.824    27.786
 5     0.267    -0.271     0.925
 5     0.256    -0.905    -0.339
 5     0.929     0.327    -0.173
 6   125.229    24.947    52.996
 6     0.253    -0.733    -0.632
 6    -0.071     0.637    -0.767
 6     0.965     0.239     0.109
 7   116.836   -22.683     4.580
 7     0.809     0.510     0.291
 7    -0.580     0.774     0.254
 7    -0.096    -0.374     0.922
 8   116.063   -25.785    29.076
 8     0.184     0.288     0.940
 8    -0.117    -0.943     0.312
 8     0.976    -0.167    -0.141
 9   128.275   -29.420    54.690
 9     0.120     0.506    -0.854
 9     0.005     0.860     0.510
 9     0.993    -0.065     0.100
 2    96.206   -22.694    60.085
 2    -0.015    -1.000    -0.013
 2     0.979    -0.017     0.200
 2    -0.200    -0.010     0.979
 3   128.627    -3.445     9.539
 3     0.497    -0.312    -0.810
 3     0.322     0.933    -0.162
 3     0.806    -0.180     0.564
 4   114.585    10.547     2.989
 4     0.634    -0.770     0.076
 4     0.768     0.615    -0.177
 4     0.089     0.171     0.981
 5   113.228    20.265    27.352
 5     0.215    -0.283     0.935
 5     0.276    -0.900    -0.336
 5     0.937     0.331    -0.116
