% Calibrated with leiden_pols
% Positions are in centimeters
Data =[
 2    96.256   -22.694    60.085
 2    -0.015    -1.000    -0.013
 2     0.979    -0.017     0.199
 2    -0.200    -0.010     0.980
 3   128.656    -3.495     9.483
 3     0.495    -0.313    -0.811
 3     0.321     0.932    -0.164
 3     0.807    -0.180     0.562
 4   114.482    10.534     2.944
 4     0.632    -0.768     0.100
 4     0.773     0.619    -0.137
 4     0.043     0.164     0.985
 5   115.712    19.098    28.404
 5     0.346    -0.276     0.896
 5     0.209    -0.909    -0.361
 5     0.914     0.312    -0.257
 6   126.867    24.913    52.959
 6     0.283    -0.748    -0.601
 6    -0.048     0.615    -0.787
 6     0.958     0.251     0.138
 7   116.958   -22.702     4.415
 7     0.809     0.503     0.303
 7    -0.576     0.783     0.237
 7    -0.119    -0.366     0.923
 8   117.655   -25.498    29.723
 8     0.276     0.309     0.910
 8    -0.078    -0.936     0.342
 8     0.958    -0.166    -0.234
 9   130.539   -28.464    54.541
 9     0.139     0.459    -0.877
 9     0.020     0.884     0.466
 9     0.990    -0.083     0.113
 2    96.206   -22.694    60.111
 2    -0.015    -1.000    -0.013
 2     0.979    -0.017     0.199
 2    -0.200    -0.010     0.980
 3   128.656    -3.495     9.483
 3     0.495    -0.313    -0.810
 3     0.321     0.932    -0.164
 3     0.807    -0.180     0.562
 4   114.479    10.584     2.921
 4     0.632    -0.769     0.100
 4     0.774     0.618    -0.136
 4     0.042     0.164     0.985
 5   115.719    19.099    28.346
 5     0.346    -0.277     0.896
 5     0.208    -0.909    -0.361
 5     0.915     0.312    -0.257
 6   126.866    24.912    52.958
 6     0.282    -0.748    -0.601
 6    -0.049     0.614    -0.787
 6     0.958     0.251     0.137
 7   116.960   -22.701     4.412
 7     0.809     0.503     0.303
 7    -0.576     0.782     0.237
 7    -0.118    -0.366     0.923
 8   117.614   -25.396    29.712
 8     0.271     0.309     0.911
 8    -0.078    -0.937     0.341
 8     0.959    -0.164    -0.230
 9   130.538   -28.463    54.541
 9     0.140     0.459    -0.877
 9     0.021     0.884     0.466
 9     0.990    -0.084     0.114
 2    96.206   -22.694    60.085
 2    -0.015    -1.000    -0.013
 2     0.979    -0.017     0.200
 2    -0.200    -0.010     0.980
 3   128.651    -3.496     9.437
 3     0.496    -0.313    -0.810
 3     0.322     0.932    -0.164
 3     0.806    -0.179     0.563
 4   114.482    10.585     2.944
 4     0.632    -0.769     0.099
 4     0.774     0.618    -0.136
 4     0.043     0.163     0.985
 5   115.694    19.049    28.345
 5     0.344    -0.277     0.897
 5     0.207    -0.909    -0.361
 5     0.915     0.310    -0.256
 6   126.866    24.861    52.957
 6     0.283    -0.747    -0.601
 6    -0.049     0.615    -0.787
 6     0.958     0.252     0.137
 7   116.912   -22.649     4.460
 7     0.809     0.503     0.302
 7    -0.575     0.783     0.238
 7    -0.117    -0.366     0.923
 8   117.459   -25.449    29.641
 8     0.262     0.299     0.917
 8    -0.081    -0.941     0.330
 8     0.961    -0.161    -0.223
 9   130.474   -28.413    54.565
 9     0.143     0.467    -0.873
 9     0.023     0.880     0.474
 9     0.989    -0.088     0.115
 2    96.206   -22.694    60.085
 2    -0.015    -1.000    -0.013
 2     0.979    -0.017     0.199
 2    -0.200    -0.010     0.979
 3   128.652    -3.547     9.437
 3     0.496    -0.312    -0.810
 3     0.321     0.932    -0.163
 3     0.806    -0.180     0.563
 4   114.437    10.536     2.939
 4     0.631    -0.769     0.098
 4     0.774     0.617    -0.138
 4     0.045     0.162     0.985
 5   115.706    19.105    28.383
 5     0.341    -0.277     0.898
 5     0.208    -0.910    -0.359
 5     0.917     0.309    -0.253
 6   126.865    24.963    52.957
 6     0.283    -0.747    -0.601
 6    -0.049     0.615    -0.787
 6     0.958     0.253     0.137
 7   116.918   -22.698     4.451
 7     0.809     0.505     0.300
 7    -0.576     0.782     0.238
 7    -0.114    -0.365     0.924
 8   117.344   -25.353    29.632
 8     0.257     0.288     0.922
 8    -0.085    -0.944     0.318
 8     0.962    -0.160    -0.218
 9   130.354   -28.514    54.721
 9     0.147     0.480    -0.865
 9     0.024     0.872     0.488
 9     0.989    -0.093     0.117
 2    96.206   -22.694    60.085
 2    -0.015    -1.000    -0.013
 2     0.979    -0.017     0.200
 2    -0.200    -0.010     0.980
 3   128.626    -3.445     9.488
 3     0.496    -0.313    -0.809
 3     0.323     0.932    -0.163
 3     0.806    -0.180     0.564
 4   114.390    10.589     2.983
 4     0.630    -0.770     0.097
 4     0.775     0.616    -0.140
 4     0.047     0.163     0.985
 5   115.606    19.105    28.332
 5     0.341    -0.276     0.899
 5     0.208    -0.910    -0.358
 5     0.917     0.309    -0.253
 6   126.782    24.857    53.069
 6     0.283    -0.747    -0.602
 6    -0.051     0.615    -0.787
 6     0.957     0.253     0.136
 7   116.874   -22.644     4.518
 7     0.810     0.506     0.297
 7    -0.576     0.781     0.240
 7    -0.111    -0.365     0.924
 8   117.217   -25.356    29.598
 8     0.248     0.286     0.925
 8    -0.088    -0.945     0.316
 8     0.965    -0.160    -0.209
 9   130.231   -28.591    54.722
 9     0.148     0.486    -0.861
 9     0.024     0.869     0.495
 9     0.989    -0.094     0.117
 2    96.206   -22.694    60.085
 2    -0.015    -1.000    -0.013
 2     0.979    -0.017     0.200
 2    -0.200    -0.010     0.980
 3   128.622    -3.446     9.493
 3     0.497    -0.313    -0.809
 3     0.323     0.932    -0.163
 3     0.805    -0.180     0.564
 4   114.423    10.525     2.990
 4     0.632    -0.770     0.092
 4     0.773     0.615    -0.154
 4     0.062     0.168     0.984
 5   115.228    19.434    28.030
 5     0.311    -0.271     0.911
 5     0.232    -0.908    -0.349
 5     0.921     0.320    -0.220
 6   126.662    24.951    52.881
 6     0.290    -0.749    -0.596
 6    -0.055     0.608    -0.792
 6     0.955     0.262     0.135
 7   116.819   -22.740     4.547
 7     0.809     0.508     0.293
 7    -0.578     0.778     0.246
 7    -0.103    -0.369     0.923
 8   116.847   -25.435    29.368
 8     0.219     0.293     0.931
 8    -0.100    -0.942     0.320
 8     0.970    -0.163    -0.177
 9   129.783   -28.828    54.797
 9     0.147     0.500    -0.854
 9     0.019     0.861     0.508
 9     0.989    -0.091     0.117
 2    96.206   -22.694    60.085
 2    -0.015    -1.000    -0.013
 2     0.979    -0.017     0.200
 2    -0.200    -0.010     0.979
 3   128.648    -3.446     9.545
 3     0.497    -0.313    -0.809
 3     0.322     0.932    -0.162
 3     0.805    -0.181     0.564
 4   114.502    10.535     2.952
 4     0.633    -0.769     0.086
 4     0.770     0.615    -0.167
 4     0.075     0.172     0.982
 5   114.351    19.824    27.786
 5     0.267    -0.271     0.925
 5     0.256    -0.905    -0.339
 5     0.929     0.327    -0.173
 6   125.229    24.947    52.996
 6     0.253    -0.733    -0.632
 6    -0.071     0.637    -0.767
 6     0.965     0.239     0.109
 7   116.836   -22.683     4.580
 7     0.809     0.510     0.291
 7    -0.580     0.774     0.254
 7    -0.096    -0.374     0.922
 8   116.063   -25.785    29.076
 8     0.184     0.288     0.940
 8    -0.117    -0.943     0.312
 8     0.976    -0.167    -0.141
 9   128.275   -29.420    54.690
 9     0.120     0.506    -0.854
 9     0.005     0.860     0.510
 9     0.993    -0.065     0.100
 2    96.206   -22.694    60.085
 2    -0.015    -1.000    -0.013
 2     0.979    -0.017     0.200
 2    -0.200    -0.010     0.979
 3   128.627    -3.445     9.539
 3     0.497    -0.312    -0.810
 3     0.322     0.933    -0.162
 3     0.806    -0.180     0.564
 4   114.585    10.547     2.989
 4     0.634    -0.770     0.076
 4     0.768     0.615    -0.177
 4     0.089     0.171     0.981
 5   113.228    20.265    27.352
 5     0.215    -0.283     0.935
 5     0.276    -0.900    -0.336
 5     0.937     0.331    -0.116
 6   123.133    25.757    52.989
 6     0.191    -0.720    -0.667
 6    -0.063     0.669    -0.741
 6     0.979     0.183     0.082
 7   116.861   -22.624     4.579
 7     0.807     0.515     0.287
 7    -0.583     0.768     0.263
 7    -0.086    -0.380     0.921
 8   114.900   -26.429    28.425
 8     0.131     0.293     0.947
 8    -0.145    -0.939     0.311
 8     0.980    -0.178    -0.081
 9   126.250   -30.714    54.397
 9     0.082     0.504    -0.860
 9    -0.015     0.863     0.505
 9     0.996    -0.029     0.078
 2    96.206   -22.694    60.111
 2    -0.015    -1.000    -0.013
 2     0.979    -0.017     0.200
 2    -0.200    -0.010     0.979
 3   128.656    -3.495     9.559
 3     0.496    -0.311    -0.811
 3     0.320     0.933    -0.162
 3     0.807    -0.179     0.562
 4   114.637    10.632     2.928
 4     0.635    -0.769     0.071
 4     0.766     0.615    -0.188
 4     0.101     0.173     0.979
 5   111.947    21.755    26.383
 5     0.140    -0.331     0.933
 5     0.318    -0.878    -0.359
 5     0.938     0.347    -0.017
 6   120.564    27.178    52.419
 6     0.091    -0.656    -0.749
 6    -0.043     0.749    -0.661
 6     0.995     0.092     0.039
 7   116.924   -22.613     4.412
 7     0.805     0.521     0.283
 7    -0.589     0.759     0.277
 7    -0.071    -0.389     0.918
 8   113.435   -27.749    27.394
 8     0.061     0.324     0.944
 8    -0.190    -0.925     0.330
 8     0.980    -0.199     0.005
 9   123.284   -32.872    53.629
 9     0.019     0.469    -0.883
 9    -0.058     0.882     0.467
 9     0.998     0.042     0.044
 2    96.206   -22.694    60.085
 2    -0.015    -1.000    -0.013
 2     0.979    -0.017     0.199
 2    -0.200    -0.010     0.980
 3   128.548    -3.391     9.538
 3     0.493    -0.308    -0.814
 3     0.314     0.935    -0.163
 3     0.811    -0.175     0.557
 4   114.760    10.689     2.853
 4     0.639    -0.766     0.061
 4     0.761     0.619    -0.194
 4     0.110     0.171     0.979
 5   110.579    23.447    24.925
 5     0.063    -0.427     0.902
 5     0.354    -0.835    -0.420
 5     0.933     0.346     0.099
 6   119.345    28.410    52.828
 6    -0.026    -0.578    -0.815
 6    -0.015     0.816    -0.578
 6     0.999    -0.003    -0.030
 7   117.055   -22.526     4.194
 7     0.803     0.529     0.273
 7    -0.593     0.754     0.283
 7    -0.057    -0.389     0.919
 8   111.748   -29.258    26.304
 8    -0.025     0.380     0.924
 8    -0.235    -0.901     0.364
 8     0.971    -0.208     0.111
 9   119.466   -35.472    53.152
 9    -0.065     0.409    -0.910
 9    -0.099     0.905     0.413
 9     0.993     0.117    -0.019
 2    96.206   -22.694    60.085
 2    -0.015    -1.000    -0.013
 2     0.979    -0.017     0.200
 2    -0.200    -0.010     0.979
 3   128.508    -3.205     9.650
 3     0.484    -0.301    -0.822
 3     0.307     0.938    -0.163
 3     0.819    -0.174     0.546
 4   115.068    10.832     2.740
 4     0.648    -0.760     0.042
 4     0.750     0.627    -0.210
 4     0.133     0.167     0.977
 5   109.399    24.581    23.804
 5    -0.026    -0.514     0.857
 5     0.372    -0.801    -0.469
 5     0.927     0.307     0.212
 6   115.450    28.480    52.727
 6    -0.138    -0.504    -0.853
 6    -0.016     0.862    -0.506
 6     0.990    -0.056    -0.127
 7   117.148   -22.393     4.036
 7     0.801     0.537     0.262
 7    -0.596     0.752     0.281
 7    -0.047    -0.382     0.923
 8   110.226   -30.738    24.925
 8    -0.108     0.448     0.887
 8    -0.274    -0.871     0.407
 8     0.956    -0.199     0.216
 9   116.110   -36.773    52.509
 9    -0.137     0.333    -0.933
 9    -0.117     0.930     0.349
 9     0.983     0.156    -0.089
 2    96.206   -22.694    60.085
 2    -0.015    -1.000    -0.013
 2     0.979    -0.017     0.199
 2    -0.200    -0.009     0.980
 3   128.397    -3.298     9.737
 3     0.476    -0.287    -0.831
 3     0.298     0.942    -0.154
 3     0.827    -0.175     0.534
 4   115.327    10.892     2.630
 4     0.653    -0.757     0.027
 4     0.743     0.633    -0.215
 4     0.146     0.160     0.976
 5   108.041    25.144    22.533
 5    -0.100    -0.550     0.829
 5     0.394    -0.787    -0.474
 5     0.913     0.279     0.295
 6   112.416    28.709    52.020
 6    -0.214    -0.477    -0.852
 6    -0.036     0.875    -0.482
 6     0.976    -0.073    -0.205
 7   117.300   -22.290     3.795
 7     0.802     0.540     0.255
 7    -0.596     0.754     0.275
 7    -0.044    -0.372     0.927
 8   109.054   -31.521    24.080
 8    -0.174     0.478     0.861
 8    -0.299    -0.859     0.416
 8     0.938    -0.185     0.292
 9   113.313   -37.759    51.695
 9    -0.185     0.312    -0.932
 9    -0.121     0.933     0.337
 9     0.975     0.175    -0.135
 2    96.206   -22.694    60.085
 2    -0.015    -1.000    -0.013
 2     0.979    -0.017     0.200
 2    -0.200    -0.010     0.980
 3   128.389    -3.166     9.793
 3     0.470    -0.285    -0.835
 3     0.297     0.942    -0.154
 3     0.831    -0.176     0.527
 4   115.381    11.020     2.401
 4     0.652    -0.758     0.020
 4     0.744     0.634    -0.211
 4     0.147     0.152     0.977
 5   106.797    25.527    21.585
 5    -0.158    -0.555     0.817
 5     0.414    -0.788    -0.455
 5     0.896     0.266     0.354
 6   109.789    29.113    51.244
 6    -0.262    -0.478    -0.838
 6    -0.036     0.873    -0.487
 6     0.964    -0.097    -0.246
 7   117.370   -22.215     3.719
 7     0.802     0.541     0.252
 7    -0.595     0.757     0.269
 7    -0.045    -0.366     0.929
 8   107.987   -31.780    23.299
 8    -0.225     0.477     0.849
 8    -0.321    -0.860     0.398
 8     0.920    -0.183     0.347
 9   111.592   -38.225    51.018
 9    -0.211     0.334    -0.919
 9    -0.117     0.924     0.363
 9     0.970     0.184    -0.156
 2    96.206   -22.694    60.085
 2    -0.015    -1.000    -0.013
 2     0.979    -0.017     0.200
 2    -0.200    -0.010     0.979
 3   128.233    -3.059     9.773
 3     0.464    -0.281    -0.840
 3     0.296     0.943    -0.152
 3     0.835    -0.178     0.521
 4   115.384    11.071     2.226
 4     0.651    -0.759     0.014
 4     0.745     0.635    -0.205
 4     0.147     0.144     0.978
 5   105.789    25.730    20.438
 5    -0.203    -0.562     0.802
 5     0.434    -0.786    -0.441
 5     0.878     0.258     0.403
 6   107.376    30.020    50.210
 6    -0.311    -0.468    -0.827
 6    -0.010     0.872    -0.490
 6     0.950    -0.144    -0.276
 7   117.349   -22.122     3.558
 7     0.801     0.543     0.250
 7    -0.596     0.761     0.255
 7    -0.052    -0.354     0.934
 8   106.909   -32.319    22.073
 8    -0.270     0.442     0.855
 8    -0.367    -0.868     0.333
 8     0.890    -0.224     0.397
 9   110.054   -39.680    49.548
 9    -0.199     0.416    -0.887
 9    -0.120     0.888     0.443
 9     0.972     0.195    -0.127
 2    96.206   -22.694    60.111
 2    -0.015    -1.000    -0.013
 2     0.979    -0.017     0.200
 2    -0.200    -0.010     0.979
 3   128.197    -2.825     9.758
 3     0.457    -0.278    -0.845
 3     0.296     0.943    -0.150
 3     0.838    -0.182     0.514
 4   115.428    11.118     1.961
 4     0.651    -0.759     0.009
 4     0.745     0.637    -0.196
 4     0.143     0.134     0.980
 5   104.936    25.776    19.537
 5    -0.252    -0.564     0.786
 5     0.453    -0.786    -0.419
 5     0.855     0.250     0.453
 6   103.182    32.861    48.069
 6    -0.361    -0.443    -0.821
 6     0.046     0.870    -0.490
 6     0.931    -0.215    -0.294
 7   117.475   -22.003     3.302
 7     0.801     0.543     0.251
 7    -0.596     0.766     0.243
 7    -0.061    -0.344     0.937
 8   106.084   -32.837    20.889
 8    -0.317     0.428     0.846
 8    -0.416    -0.865     0.282
 8     0.852    -0.262     0.452
 9   107.788   -43.065    47.433
 9    -0.216     0.551    -0.806
 9    -0.204     0.782     0.588
 9     0.955     0.291    -0.056
 2    96.206   -22.694    60.085
 2    -0.015    -1.000    -0.013
 2     0.979    -0.017     0.200
 2    -0.200    -0.010     0.979
 3   128.107    -2.822     9.748
 3     0.454    -0.276    -0.847
 3     0.295     0.943    -0.149
 3     0.840    -0.182     0.510
 4   115.431    11.118     1.837
 4     0.651    -0.759     0.002
 4     0.745     0.638    -0.191
 4     0.143     0.126     0.981
 5   103.716    25.715    18.376
 5    -0.308    -0.566     0.765
 5     0.472    -0.789    -0.394
 5     0.826     0.240     0.509
 6   100.050    34.579    46.154
 6    -0.433    -0.388    -0.814
 6     0.111     0.873    -0.475
 6     0.894    -0.296    -0.335
 7   117.489   -22.006     3.129
 7     0.802     0.543     0.248
 7    -0.594     0.770     0.234
 7    -0.064    -0.335     0.940
 8   105.234   -33.503    19.559
 8    -0.377     0.441     0.814
 8    -0.451    -0.855     0.254
 8     0.808    -0.272     0.521
 9   104.023   -46.811    45.164
 9    -0.330     0.481    -0.812
 9    -0.324     0.750     0.576
 9     0.886     0.453    -0.092
 2    96.206   -22.694    60.085
 2    -0.015    -1.000    -0.013
 2     0.979    -0.017     0.200
 2    -0.200    -0.010     0.979
 3   127.868    -2.743     9.840
 3     0.451    -0.274    -0.850
 3     0.296     0.943    -0.146
 3     0.842    -0.186     0.506
 4   115.325    11.116     1.548
 4     0.648    -0.761    -0.005
 4     0.748     0.638    -0.179
 4     0.139     0.112     0.984
 5   102.388    25.576    17.054
 5    -0.375    -0.567     0.734
 5     0.479    -0.796    -0.370
 5     0.793     0.213     0.569
 6    96.649    35.211    44.187
 6    -0.510    -0.329    -0.795
 6     0.143     0.878    -0.456
 6     0.848    -0.346    -0.401
 7   117.588   -21.902     2.880
 7     0.804     0.546     0.234
 7    -0.591     0.775     0.221
 7    -0.060    -0.316     0.947
 8   104.152   -34.146    17.884
 8    -0.453     0.498     0.739
 8    -0.464    -0.840     0.281
 8     0.761    -0.215     0.611
 9   100.031   -48.013    43.241
 9    -0.446     0.333    -0.831
 9    -0.363     0.781     0.508
 9     0.818     0.528    -0.227
 2    96.154   -22.695    60.088
 2    -0.014    -1.000    -0.013
 2     0.979    -0.017     0.200
 2    -0.201    -0.010     0.979
 3   127.648    -2.562     9.836
 3     0.447    -0.271    -0.852
 3     0.300     0.943    -0.143
 3     0.843    -0.192     0.503
 4   115.267    11.011     1.292
 4     0.644    -0.765    -0.015
 4     0.753     0.637    -0.162
 4     0.133     0.093     0.987
 5   101.111    24.964    15.929
 5    -0.439    -0.557     0.704
 5     0.472    -0.811    -0.347
 5     0.764     0.180     0.619
 6    93.623    34.762    42.481
 6    -0.578    -0.285    -0.764
 6     0.146     0.886    -0.441
 6     0.802    -0.366    -0.471
 7   117.687   -21.870     2.709
 7     0.799     0.561     0.214
 7    -0.599     0.772     0.212
 7    -0.046    -0.298     0.953
 8   103.122   -34.211    16.472
 8    -0.534     0.516     0.669
 8    -0.449    -0.844     0.293
 8     0.716    -0.144     0.683
 9    96.185   -47.441    41.646
 9    -0.540     0.225    -0.811
 9    -0.349     0.817     0.459
 9     0.766     0.531    -0.362
 2    96.206   -22.694    60.085
 2    -0.015    -1.000    -0.013
 2     0.979    -0.017     0.200
 2    -0.200    -0.010     0.979
 3   127.550    -2.459     9.839
 3     0.444    -0.269    -0.855
 3     0.303     0.943    -0.139
 3     0.843    -0.198     0.500
 4   115.410    11.060     1.186
 4     0.639    -0.769    -0.025
 4     0.758     0.635    -0.146
 4     0.128     0.074     0.989
 5   100.406    24.635    15.076
 5    -0.490    -0.549     0.677
 5     0.463    -0.822    -0.332
 5     0.739     0.151     0.656
 6    91.524    34.722    40.996
 6    -0.634    -0.229    -0.739
 6     0.162     0.894    -0.417
 6     0.756    -0.384    -0.530
 7   117.889   -21.814     2.613
 7     0.791     0.580     0.195
 7    -0.611     0.765     0.203
 7    -0.031    -0.280     0.959
 8   102.323   -34.125    15.442
 8    -0.597     0.520     0.610
 8    -0.437    -0.849     0.296
 8     0.672    -0.090     0.734
 9    93.336   -47.008    40.119
 9    -0.606     0.133    -0.784
 9    -0.349     0.841     0.413
 9     0.715     0.524    -0.463
 2    96.206   -22.694    60.085
 2    -0.015    -1.000    -0.013
 2     0.979    -0.017     0.200
 2    -0.200    -0.010     0.979
 3   127.561    -2.454     9.958
 3     0.438    -0.265    -0.859
 3     0.306     0.942    -0.134
 3     0.845    -0.205     0.493
 4   115.521    10.928     1.087
 4     0.636    -0.771    -0.033
 4     0.762     0.634    -0.129
 4     0.120     0.057     0.991
 5    99.989    24.381    14.404
 5    -0.520    -0.549     0.655
 5     0.468    -0.824    -0.319
 5     0.714     0.141     0.685
 6    90.266    35.516    39.376
 6    -0.671    -0.166    -0.722
 6     0.215     0.889    -0.404
 6     0.709    -0.427    -0.561
 7   117.954   -21.864     2.638
 7     0.782     0.596     0.182
 7    -0.623     0.758     0.194
 7    -0.022    -0.265     0.964
 8   101.767   -34.133    14.547
 8    -0.637     0.521     0.568
 8    -0.440    -0.851     0.287
 8     0.633    -0.068     0.771
 9    91.248   -47.328    38.475
 9    -0.647     0.058    -0.760
 9    -0.373     0.845     0.382
 9     0.664     0.531    -0.526
 2    96.156   -22.694    60.085
 2    -0.015    -1.000    -0.013
 2     0.979    -0.017     0.200
 2    -0.200    -0.010     0.980
 3   127.491    -2.374     9.929
 3     0.434    -0.263    -0.862
 3     0.310     0.941    -0.132
 3     0.846    -0.210     0.490
 4   115.495    10.818     0.901
 4     0.631    -0.775    -0.036
 4     0.768     0.630    -0.109
 4     0.107     0.041     0.993
 5    99.476    24.178    13.621
 5    -0.546    -0.548     0.634
 5     0.476    -0.825    -0.304
 5     0.689     0.136     0.711
 6    88.927    36.360    37.711
 6    -0.705    -0.107    -0.701
 6     0.264     0.878    -0.400
 6     0.658    -0.467    -0.591
 7   118.008   -21.816     2.575
 7     0.774     0.609     0.171
 7    -0.633     0.752     0.182
 7    -0.018    -0.249     0.968
 8   101.212   -34.007    13.808
 8    -0.671     0.509     0.539
 8    -0.437    -0.859     0.268
 8     0.599    -0.056     0.798
 9    89.305   -47.567    37.055
 9    -0.683     0.015    -0.730
 9    -0.384     0.843     0.376
 9     0.622     0.537    -0.570
 2    96.206   -22.694    60.085
 2    -0.015    -1.000    -0.013
 2     0.979    -0.017     0.199
 2    -0.200    -0.009     0.979
 3   127.498    -2.371     9.952
 3     0.430    -0.260    -0.865
 3     0.313     0.941    -0.128
 3     0.847    -0.216     0.486
 4   115.474    10.582     0.788
 4     0.626    -0.778    -0.042
 4     0.773     0.627    -0.088
 4     0.095     0.022     0.995
 5    99.078    23.803    12.948
 5    -0.571    -0.542     0.616
 5     0.476    -0.830    -0.289
 5     0.668     0.128     0.732
 6    87.833    36.382    36.371
 6    -0.730    -0.075    -0.679
 6     0.282     0.872    -0.400
 6     0.622    -0.484    -0.616
 7   117.910   -21.899     2.443
 7     0.763     0.625     0.164
 7    -0.646     0.744     0.169
 7    -0.016    -0.235     0.972
 8   100.667   -33.694    13.284
 8    -0.699     0.488     0.522
 8    -0.425    -0.871     0.246
 8     0.575    -0.049     0.817
 9    87.691   -47.265    36.054
 9    -0.711     0.011    -0.703
 9    -0.375     0.839     0.392
 9     0.594     0.543    -0.593
 2    96.156   -22.694    60.085
 2    -0.015    -1.000    -0.013
 2     0.979    -0.017     0.199
 2    -0.200    -0.009     0.979
 3   127.375    -2.444    10.006
 3     0.426    -0.255    -0.868
 3     0.317     0.940    -0.121
 3     0.847    -0.224     0.482
 4   115.436    10.367     0.595
 4     0.618    -0.785    -0.047
 4     0.782     0.620    -0.059
 4     0.076    -0.001     0.997
 5    98.471    23.251    12.102
 5    -0.602    -0.526     0.600
 5     0.470    -0.841    -0.266
 5     0.645     0.122     0.754
 6    86.287    35.949    34.883
 6    -0.759    -0.052    -0.649
 6     0.286     0.869    -0.404
 6     0.585    -0.492    -0.644
 7   117.848   -22.003     2.501
 7     0.751     0.641     0.153
 7    -0.659     0.734     0.160
 7    -0.009    -0.222     0.975
 8   100.082   -33.332    12.905
 8    -0.728     0.459     0.508
 8    -0.403    -0.887     0.225
 8     0.554    -0.041     0.831
 9    86.118   -46.655    35.304
 9    -0.738     0.006    -0.675
 9    -0.358     0.844     0.399
 9     0.572     0.536    -0.620
 2    96.206   -22.694    60.085
 2    -0.015    -1.000    -0.013
 2     0.979    -0.017     0.200
 2    -0.200    -0.010     0.979
 3   127.328    -2.542    10.010
 3     0.422    -0.251    -0.871
 3     0.323     0.939    -0.114
 3     0.847    -0.233     0.478
 4   115.481    10.028     0.470
 4     0.610    -0.790    -0.057
 4     0.790     0.612    -0.033
 4     0.060    -0.025     0.998
 5    98.094    22.775    11.304
 5    -0.629    -0.515     0.583
 5     0.466    -0.849    -0.247
 5     0.622     0.116     0.774
 6    85.137    35.792    33.374
 6    -0.783    -0.022    -0.621
 6     0.300     0.861    -0.409
 6     0.544    -0.507    -0.668
 7   117.749   -22.084     2.496
 7     0.741     0.655     0.145
 7    -0.671     0.726     0.151
 7    -0.007    -0.209     0.978
 8    99.678   -33.236    12.531
 8    -0.747     0.446     0.492
 8    -0.394    -0.894     0.212
 8     0.535    -0.035     0.844
 9    84.965   -46.641    34.280
 9    -0.756    -0.040    -0.653
 9    -0.369     0.850     0.376
 9     0.540     0.525    -0.658
 2    96.206   -22.694    60.085
 2    -0.015    -1.000    -0.013
 2     0.979    -0.017     0.200
 2    -0.200    -0.010     0.979
 3   127.284    -2.590    10.058
 3     0.419    -0.248    -0.874
 3     0.326     0.939    -0.110
 3     0.848    -0.239     0.474
 4   115.422     9.890     0.163
 4     0.604    -0.795    -0.057
 4     0.796     0.605    -0.013
 4     0.044    -0.038     0.998
 5    97.763    22.557    10.782
 5    -0.645    -0.509     0.570
 5     0.467    -0.853    -0.233
 5     0.605     0.116     0.787
 6    84.368    36.117    32.129
 6    -0.799     0.011    -0.601
 6     0.326     0.847    -0.418
 6     0.505    -0.531    -0.681
 7   117.737   -22.067     2.431
 7     0.735     0.662     0.140
 7    -0.677     0.723     0.136
 7    -0.011    -0.196     0.980
 8    99.646   -33.129    11.957
 8    -0.758     0.446     0.475
 8    -0.402    -0.894     0.197
 8     0.512    -0.042     0.857
 9    84.332   -47.438    32.828
 9    -0.770    -0.094    -0.631
 9    -0.407     0.834     0.371
 9     0.492     0.543    -0.681
 2    96.206   -22.694    60.085
 2    -0.015    -1.000    -0.013
 2     0.979    -0.017     0.200
 2    -0.200    -0.010     0.979
 3   127.284    -2.537    10.008
 3     0.416    -0.249    -0.875
 3     0.328     0.938    -0.111
 3     0.848    -0.241     0.471
 4   115.390     9.831    -0.019
 4     0.592    -0.804    -0.062
 4     0.805     0.592     0.009
 4     0.029    -0.055     0.998
 5    97.498    22.363    10.037
 5    -0.661    -0.500     0.560
 5     0.469    -0.857    -0.211
 5     0.585     0.123     0.801
 6    83.508    36.142    30.823
 6    -0.816     0.036    -0.577
 6     0.339     0.838    -0.427
 6     0.469    -0.544    -0.696
 7   117.775   -21.919     2.334
 7     0.735     0.664     0.135
 7    -0.678     0.724     0.125
 7    -0.014    -0.184     0.983
 8    99.731   -33.148    11.409
 8    -0.768     0.454     0.451
 8    -0.415    -0.890     0.189
 8     0.487    -0.042     0.872
 9    83.933   -48.468    31.365
 9    -0.781    -0.154    -0.605
 9    -0.446     0.816     0.367
 9     0.437     0.557    -0.706
 2    96.206   -22.694    60.085
 2    -0.015    -1.000    -0.013
 2     0.979    -0.017     0.199
 2    -0.200    -0.010     0.979
 3   127.342    -2.402     9.948
 3     0.406    -0.254    -0.878
 3     0.335     0.935    -0.115
 3     0.850    -0.247     0.464
 4   115.540     9.647    -0.230
 4     0.583    -0.810    -0.071
 4     0.812     0.582     0.031
 4     0.016    -0.076     0.997
 5    97.370    22.240     9.179
 5    -0.678    -0.494     0.545
 5     0.475    -0.860    -0.187
 5     0.560     0.132     0.817
 6    83.025    36.521    29.233
 6    -0.828     0.061    -0.557
 6     0.356     0.825    -0.438
 6     0.433    -0.561    -0.705
 7   117.992   -21.896     2.308
 7     0.734     0.667     0.125
 7    -0.679     0.725     0.114
 7    -0.015    -0.169     0.985
 8    99.806   -33.215    11.045
 8    -0.777     0.457     0.433
 8    -0.421    -0.888     0.182
 8     0.468    -0.041     0.883
 9    83.552   -49.163    30.301
 9    -0.790    -0.185    -0.585
 9    -0.468     0.798     0.380
 9     0.396     0.574    -0.717
 2    96.207   -22.745    60.085
 2    -0.014    -1.000    -0.013
 2     0.979    -0.016     0.199
 2    -0.200    -0.010     0.980
 3   127.430    -2.293    10.036
 3     0.397    -0.255    -0.882
 3     0.339     0.933    -0.117
 3     0.853    -0.253     0.457
 4   115.745     9.410    -0.394
 4     0.582    -0.810    -0.078
 4     0.813     0.579     0.051
 4     0.004    -0.093     0.995
 5    97.395    22.224     8.650
 5    -0.684    -0.499     0.533
 5     0.489    -0.855    -0.173
 5     0.542     0.142     0.828
 6    83.057    37.089    28.227
 6    -0.829     0.087    -0.553
 6     0.378     0.815    -0.438
 6     0.412    -0.573    -0.708
 7   118.042   -21.898     2.304
 7     0.730     0.672     0.120
 7    -0.683     0.722     0.109
 7    -0.014    -0.162     0.987
 8    99.584   -33.308    10.707
 8    -0.785     0.457     0.418
 8    -0.426    -0.888     0.171
 8     0.449    -0.044     0.892
 9    82.923   -49.783    29.257
 9    -0.797    -0.216    -0.564
 9    -0.489     0.780     0.391
 9     0.355     0.587    -0.727
 2    96.156   -22.694    60.085
 2    -0.015    -1.000    -0.013
 2     0.979    -0.017     0.199
 2    -0.200    -0.010     0.979
 3   127.408    -2.393    10.039
 3     0.394    -0.251    -0.884
 3     0.341     0.933    -0.113
 3     0.853    -0.258     0.453
 4   115.750     9.223    -0.486
 4     0.582    -0.809    -0.081
 4     0.813     0.578     0.066
 4    -0.007    -0.104     0.994
 5    97.467    22.164     8.246
 5    -0.686    -0.500     0.529
 5     0.496    -0.853    -0.162
 5     0.532     0.151     0.833
 6    82.855    37.079    27.507
 6    -0.832     0.100    -0.546
 6     0.386     0.811    -0.440
 6     0.398    -0.577    -0.713
 7   117.857   -21.932     2.212
 7     0.722     0.681     0.116
 7    -0.691     0.716     0.096
 7    -0.017    -0.150     0.988
 8    99.497   -33.271    10.311
 8    -0.791     0.456     0.407
 8    -0.432    -0.888     0.155
 8     0.432    -0.053     0.900
 9    82.590   -50.394    28.185
 9    -0.800    -0.244    -0.548
 9    -0.505     0.766     0.398
 9     0.322     0.595    -0.736
 2    96.206   -22.744    60.085
 2    -0.015    -1.000    -0.013
 2     0.979    -0.017     0.200
 2    -0.200    -0.009     0.980
 3   127.439    -2.467    10.035
 3     0.392    -0.245    -0.887
 3     0.342     0.933    -0.107
 3     0.854    -0.261     0.449
 4   115.783     9.090    -0.636
 4     0.582    -0.809    -0.082
 4     0.813     0.576     0.078
 4    -0.016    -0.112     0.993
 5    97.388    21.980     7.996
 5    -0.694    -0.493     0.524
 5     0.494    -0.856    -0.151
 5     0.523     0.154     0.838
 6    82.526    36.894    27.089
 6    -0.839     0.104    -0.534
 6     0.383     0.809    -0.445
 6     0.386    -0.578    -0.719
 7   117.801   -21.935     2.216
 7     0.720     0.684     0.113
 7    -0.693     0.715     0.090
 7    -0.019    -0.143     0.989
 8    99.521   -33.327     9.995
 8    -0.793     0.459     0.399
 8    -0.440    -0.886     0.145
 8     0.420    -0.061     0.905
 9    82.539   -50.712    27.576
 9    -0.800    -0.266    -0.538
 9    -0.519     0.758     0.396
 9     0.302     0.596    -0.744
 2    96.206   -22.744    60.085
 2    -0.015    -1.000    -0.013
 2     0.979    -0.017     0.200
 2    -0.200    -0.009     0.980
 3   127.450    -2.514    10.025
 3     0.388    -0.241    -0.889
 3     0.341     0.934    -0.104
 3     0.856    -0.263     0.445
 4   115.879     9.140    -0.578
 4     0.578    -0.812    -0.084
 4     0.815     0.572     0.082
 4    -0.018    -0.116     0.993
 5    97.257    21.727     7.926
 5    -0.701    -0.484     0.524
 5     0.485    -0.862    -0.146
 5     0.522     0.151     0.839
 6    82.309    36.339    27.211
 6    -0.843     0.096    -0.529
 6     0.371     0.816    -0.443
 6     0.389    -0.570    -0.723
 7   117.870   -21.912     2.145
 7     0.720     0.684     0.112
 7    -0.693     0.715     0.086
 7    -0.021    -0.140     0.990
 8    99.516   -33.328     9.976
 8    -0.794     0.460     0.398
 8    -0.442    -0.886     0.144
 8     0.418    -0.062     0.906
 9    82.697   -50.571    27.834
 9    -0.798    -0.261    -0.544
 9    -0.514     0.766     0.385
 9     0.316     0.587    -0.745
 2    96.206   -22.694    60.085
 2    -0.015    -1.000    -0.013
 2     0.979    -0.017     0.200
 2    -0.200    -0.009     0.980
 3   127.451    -2.514    10.026
 3     0.387    -0.240    -0.890
 3     0.341     0.934    -0.103
 3     0.856    -0.264     0.443
 4   115.880     9.192    -0.530
 4     0.577    -0.812    -0.085
 4     0.816     0.571     0.080
 4    -0.017    -0.116     0.993
 5    97.546    21.924     8.746
 5    -0.688    -0.486     0.538
 5     0.479    -0.862    -0.166
 5     0.544     0.144     0.826
 6    83.438    36.194    28.903
 6    -0.826     0.072    -0.559
 6     0.360     0.830    -0.425
 6     0.433    -0.553    -0.712
 7   117.844   -21.937     2.174
 7     0.721     0.682     0.114
 7    -0.692     0.716     0.088
 7    -0.022    -0.143     0.989
 8    99.556   -33.248    11.033
 8    -0.780     0.458     0.425
 8    -0.427    -0.888     0.173
 8     0.457    -0.047     0.888
 9    83.409   -49.529    30.125
 9    -0.787    -0.226    -0.574
 9    -0.492     0.791     0.363
 9     0.372     0.568    -0.734
 2    96.206   -22.744    60.085
 2    -0.015    -1.000    -0.012
 2     0.979    -0.017     0.199
 2    -0.200    -0.009     0.980
 3   127.451    -2.514    10.025
 3     0.389    -0.240    -0.890
 3     0.341     0.934    -0.103
 3     0.856    -0.264     0.445
 4   115.960     9.513    -0.213
 4     0.594    -0.802    -0.071
 4     0.804     0.592     0.038
 4     0.011    -0.080     0.997
 5    98.417    22.451    10.448
 5    -0.648    -0.507     0.569
 5     0.472    -0.853    -0.223
 5     0.598     0.124     0.791
 6    85.859    35.897    32.366
 6    -0.789     0.044    -0.612
 6     0.341     0.860    -0.378
 6     0.510    -0.507    -0.694
 7   117.729   -22.117     2.439
 7     0.729     0.669     0.139
 7    -0.683     0.723     0.101
 7    -0.033    -0.169     0.985
 8   100.015   -33.111    12.795
 8    -0.746     0.468     0.473
 8    -0.413    -0.883     0.223
 8     0.522    -0.029     0.852
 9    85.438   -48.240    33.595
 9    -0.756    -0.177    -0.630
 9    -0.464     0.824     0.326
 9     0.461     0.539    -0.705
 2    96.206   -22.694    60.034
 2    -0.015    -1.000    -0.012
 2     0.979    -0.017     0.199
 2    -0.200    -0.009     0.980
 3   127.617    -2.597    10.213
 3     0.397    -0.235    -0.887
 3     0.335     0.937    -0.099
 3     0.854    -0.258     0.451
 4   116.193    10.123     0.269
 4     0.613    -0.788    -0.061
 4     0.788     0.615    -0.018
 4     0.052    -0.037     0.998
 5    99.784    23.269    12.704
 5    -0.589    -0.536     0.605
 5     0.462    -0.838    -0.292
 5     0.663     0.108     0.741
 6    89.270    35.585    36.501
 6    -0.737     0.033    -0.675
 6     0.321     0.896    -0.307
 6     0.594    -0.443    -0.671
 7   117.809   -22.215     2.778
 7     0.748     0.644     0.162
 7    -0.662     0.740     0.116
 7    -0.045    -0.195     0.980
 8   101.132   -33.438    14.923
 8    -0.679     0.504     0.532
 8    -0.418    -0.863     0.283
 8     0.602    -0.030     0.797
 9    89.459   -47.685    37.533
 9    -0.687    -0.140    -0.713
 9    -0.455     0.847     0.273
 9     0.566     0.512    -0.646
 2    96.206   -22.694    60.085
 2    -0.015    -1.000    -0.013
 2     0.979    -0.017     0.199
 2    -0.200    -0.010     0.980
 3   127.828    -2.834    10.354
 3     0.408    -0.234    -0.882
 3     0.329     0.939    -0.097
 3     0.851    -0.251     0.460
 4   116.292    10.377     0.731
 4     0.627    -0.777    -0.048
 4     0.773     0.629    -0.078
 4     0.090     0.011     0.996
 5   101.561    24.092    15.289
 5    -0.504    -0.573     0.647
 5     0.460    -0.811    -0.360
 5     0.731     0.116     0.672
 6    93.871    35.550    40.711
 6    -0.665     0.036    -0.746
 6     0.317     0.918    -0.238
 6     0.676    -0.395    -0.622
 7   117.785   -22.385     3.142
 7     0.773     0.606     0.184
 7    -0.631     0.764     0.137
 7    -0.058    -0.222     0.973
 8   103.160   -33.970    17.349
 8    -0.573     0.562     0.596
 8    -0.441    -0.825     0.354
 8     0.690    -0.061     0.720
 9    95.362   -47.670    41.456
 9    -0.578    -0.128    -0.806
 9    -0.468     0.861     0.199
 9     0.668     0.492    -0.558
 2    96.156   -22.668    60.085
 2    -0.015    -1.000    -0.013
 2     0.979    -0.017     0.200
 2    -0.200    -0.009     0.979
 3   127.896    -2.898    10.433
 3     0.423    -0.245    -0.872
 3     0.326     0.939    -0.105
 3     0.845    -0.240     0.477
 4   116.254    10.593     1.065
 4     0.637    -0.770    -0.032
 4     0.762     0.636    -0.118
 4     0.111     0.051     0.992
 5   103.797    24.936    17.523
 5    -0.398    -0.614     0.681
 5     0.462    -0.776    -0.429
 5     0.792     0.144     0.593
 6    99.050    35.736    44.051
 6    -0.578     0.046    -0.815
 6     0.323     0.929    -0.177
 6     0.749    -0.366    -0.552
 7   117.754   -22.511     3.312
 7     0.792     0.574     0.206
 7    -0.605     0.781     0.151
 7    -0.074    -0.245     0.966
 8   105.316   -34.333    19.388
 8    -0.450     0.596     0.665
 8    -0.452    -0.794     0.406
 8     0.770    -0.119     0.627
 9   101.532   -47.338    44.698
 9    -0.465    -0.095    -0.880
 9    -0.468     0.870     0.153
 9     0.751     0.483    -0.449
 2    96.206   -22.694    60.085
 2    -0.015    -1.000    -0.013
 2     0.979    -0.017     0.200
 2    -0.200    -0.010     0.980
 3   127.912    -3.038    10.467
 3     0.438    -0.252    -0.863
 3     0.325     0.939    -0.109
 3     0.838    -0.233     0.493
 4   116.192    10.737     1.314
 4     0.652    -0.758    -0.004
 4     0.750     0.646    -0.140
 4     0.109     0.088     0.990
 5   105.827    25.605    18.991
 5    -0.301    -0.640     0.707
 5     0.472    -0.744    -0.472
 5     0.828     0.192     0.526
 6   103.597    36.132    46.117
 6    -0.502     0.063    -0.863
 6     0.334     0.934    -0.125
 6     0.798    -0.351    -0.490
 7   117.515   -22.437     3.335
 7     0.799     0.561     0.217
 7    -0.596     0.787     0.159
 7    -0.082    -0.256     0.963
 8   107.184   -33.992    21.195
 8    -0.332     0.598     0.729
 8    -0.445    -0.781     0.438
 8     0.832    -0.180     0.525
 9   106.931   -46.293    46.934
 9    -0.360    -0.039    -0.932
 9    -0.453     0.880     0.138
 9     0.815     0.472    -0.334
 2    96.156   -22.694    60.085
 2    -0.015    -1.000    -0.013
 2     0.979    -0.017     0.200
 2    -0.200    -0.010     0.979
 3   127.897    -3.233    10.409
 3     0.457    -0.253    -0.853
 3     0.321     0.941    -0.108
 3     0.829    -0.224     0.511
 4   116.180    10.753     1.495
 4     0.668    -0.744     0.017
 4     0.737     0.657    -0.156
 4     0.105     0.117     0.987
 5   107.761    26.159    20.230
 5    -0.217    -0.657     0.722
 5     0.475    -0.717    -0.510
 5     0.852     0.233     0.468
 6   107.655    36.390    47.718
 6    -0.434     0.070    -0.898
 6     0.340     0.936    -0.091
 6     0.834    -0.345    -0.430
 7   117.245   -22.382     3.384
 7     0.803     0.553     0.221
 7    -0.590     0.789     0.170
 7    -0.081    -0.267     0.960
 8   109.075   -33.557    22.684
 8    -0.221     0.596     0.772
