2 	  32.82	  -8.17	  22.75
	  0.827	  0.562	 -0.025
	 -0.563	  0.825	 -0.043
	 -0.001	  0.049	  0.999

3 	  43.22	  -0.58	   2.34
	  0.334	  0.305	  0.891
	 -0.078	  0.951	 -0.298
	 -0.940	  0.030	  0.341

4 	  39.25	   6.56	  -1.35
	  0.542	  0.789	  0.289
	 -0.841	  0.504	  0.198
	  0.010	 -0.351	  0.936

5 	  38.34	   8.93	   7.08
	  0.155	  0.229	  0.961
	 -0.759	 -0.596	  0.263
	  0.633	 -0.769	  0.082

6 	  44.37	  10.83	  19.30
	  0.570	  0.043	  0.820
	 -0.753	  0.431	  0.498
	 -0.336	 -0.900	  0.279

7 	  38.14	  -7.75	  -1.35
	  0.599	 -0.789	  0.137
	  0.759	  0.504	 -0.413
	  0.257	  0.351	  0.900

8 	  38.32	 -10.25	   8.35
	  0.284	 -0.011	  0.959
	  0.816	 -0.522	 -0.247
	  0.503	  0.853	 -0.139

9 	  43.75	 -11.95	  20.27
	  0.483	 -0.064	  0.873
	  0.848	  0.286	 -0.446
	 -0.225	  0.955	  0.191

2 	  32.82	  -8.17	  22.75
	  0.827	  0.562	 -0.025
	 -0.563	  0.825	 -0.043
	 -0.001	  0.049	  0.999

3 	  43.24	  -0.56	   2.32
	  0.325	  0.303	  0.895
	 -0.070	  0.952	 -0.298
	 -0.943	  0.034	  0.330

4 	  39.27	   6.59	  -1.37
	  0.548	  0.788	  0.281
	 -0.836	  0.510	  0.201
	  0.015	 -0.345	  0.938

5 	  38.58	   9.05	   7.07
	  0.179	  0.236	  0.955
	 -0.769	 -0.572	  0.285
	  0.614	 -0.785	  0.079

6 	  44.89	  10.76	  19.05
	  0.583	  0.021	  0.812
	 -0.701	  0.521	  0.488
	 -0.417	 -0.851	  0.318

7 	  38.14	  -7.72	  -1.42
	  0.599	 -0.790	  0.128
	  0.757	  0.507	 -0.411
	  0.260	  0.343	  0.902

8 	  38.58	 -10.28	   8.26
	  0.306	 -0.023	  0.951
	  0.816	 -0.508	 -0.275
	  0.490	  0.861	 -0.137

9 	  44.42	 -11.85	  19.99
	  0.499	 -0.046	  0.865
	  0.819	  0.351	 -0.453
	 -0.288	  0.934	  0.212

2 	  32.82	  -8.17	  22.75
	  0.827	  0.562	 -0.026
	 -0.563	  0.825	 -0.044
	 -0.002	  0.050	  0.998

3 	  43.28	  -0.54	   2.27
	  0.314	  0.304	  0.899
	 -0.065	  0.952	 -0.300
	 -0.948	  0.036	  0.317

4 	  39.32	   6.59	  -1.46
	  0.564	  0.783	  0.261
	 -0.825	  0.524	  0.210
	  0.027	 -0.334	  0.942

5 	  39.06	   9.12	   7.01
	  0.253	  0.253	  0.934
	 -0.735	 -0.578	  0.354
	  0.630	 -0.775	  0.041

6 	  46.62	  10.65	  18.14
	  0.659	 -0.000	  0.752
	 -0.630	  0.549	  0.549
	 -0.417	 -0.833	  0.362

7 	  38.18	  -7.65	  -1.62
	  0.614	 -0.783	  0.095
	  0.740	  0.530	 -0.413
	  0.274	  0.324	  0.905

8 	  39.53	 -10.51	   7.95
	  0.424	 -0.080	  0.902
	  0.750	 -0.528	 -0.398
	  0.509	  0.845	 -0.164

9 	  46.97	 -12.27	  18.46
	  0.606	 -0.062	  0.793
	  0.737	  0.420	 -0.529
	 -0.305	  0.904	  0.301

2 	  32.82	  -8.17	  22.75
	  0.827	  0.561	 -0.025
	 -0.563	  0.825	 -0.043
	 -0.001	  0.049	  0.998

3 	  43.29	  -0.60	   2.25
	  0.298	  0.309	  0.903
	 -0.052	  0.950	 -0.309
	 -0.953	  0.044	  0.299

4 	  39.41	   6.47	  -1.74
	  0.624	  0.760	  0.183
	 -0.777	  0.576	  0.251
	  0.086	 -0.299	  0.950

5 	  40.24	   9.16	   6.64
	  0.405	  0.271	  0.873
	 -0.684	 -0.544	  0.485
	  0.608	 -0.793	 -0.034

6 	  49.71	  10.60	  16.05
	  0.787	 -0.024	  0.616
	 -0.490	  0.583	  0.647
	 -0.377	 -0.810	  0.448

7 	  38.02	  -7.51	  -1.90
	  0.632	 -0.774	  0.020
	  0.705	  0.564	 -0.429
	  0.322	  0.285	  0.902

8 	  41.01	 -10.76	   7.14
	  0.621	 -0.145	  0.770
	  0.604	 -0.538	 -0.588
	  0.501	  0.829	 -0.246

9 	  50.91	 -12.46	  14.96
	  0.787	 -0.072	  0.613
	  0.542	  0.557	 -0.629
	 -0.300	  0.825	  0.479

2 	  32.82	  -8.17	  22.75
	  0.827	  0.561	 -0.025
	 -0.563	  0.825	 -0.043
	 -0.002	  0.049	  0.999

3 	  43.33	  -0.63	   2.14
	  0.300	  0.309	  0.902
	 -0.038	  0.949	 -0.313
	 -0.953	  0.060	  0.296

4 	  39.36	   6.22	  -2.16
	  0.692	  0.720	  0.046
	 -0.697	  0.649	  0.304
	  0.190	 -0.243	  0.951

5 	  41.61	   9.05	   5.71
	  0.568	  0.275	  0.776
	 -0.619	 -0.480	  0.621
	  0.545	 -0.832	 -0.102

6 	  52.82	   9.33	  12.39
	  0.899	 -0.155	  0.410
	 -0.183	  0.716	  0.673
	 -0.398	 -0.681	  0.614

7 	  37.79	  -7.28	  -2.23
	  0.651	 -0.755	 -0.078
	  0.657	  0.612	 -0.440
	  0.380	  0.235	  0.894

8 	  42.49	 -10.60	   5.96
	  0.778	 -0.122	  0.616
	  0.485	 -0.506	 -0.713
	  0.399	  0.854	 -0.335

9 	  53.88	 -11.60	  10.93
	  0.906	 -0.050	  0.420
	  0.329	  0.706	 -0.627
	 -0.266	  0.706	  0.656

2 	  32.80	  -8.17	  22.75
	  0.827	  0.561	 -0.025
	 -0.563	  0.825	 -0.043
	 -0.002	  0.050	  0.999

3 	  43.31	  -0.69	   2.00
	  0.312	  0.305	  0.900
	 -0.027	  0.949	 -0.313
	 -0.950	  0.073	  0.304

4 	  39.20	   5.89	  -2.65
	  0.741	  0.661	 -0.116
	 -0.600	  0.729	  0.328
	  0.302	 -0.174	  0.937

5 	  42.70	   8.86	   4.61
	  0.693	  0.269	  0.669
	 -0.551	 -0.401	  0.731
	  0.467	 -0.875	 -0.130

6 	  54.65	   8.07	   9.11
	  0.932	 -0.260	  0.251
	  0.047	  0.775	  0.630
	 -0.360	 -0.578	  0.733

7 	  37.60	  -7.08	  -2.55
	  0.661	 -0.733	 -0.162
	  0.618	  0.653	 -0.436
	  0.426	  0.188	  0.885

8 	  43.47	 -10.28	   4.75
	  0.871	 -0.076	  0.484
	  0.396	 -0.472	 -0.787
	  0.288	  0.878	 -0.382

9 	  55.55	 -10.37	   7.51
	  0.968	  0.008	  0.248
	  0.150	  0.778	 -0.609
	 -0.198	  0.627	  0.753

2 	  32.82	  -8.17	  22.75
	  0.827	  0.561	 -0.025
	 -0.563	  0.825	 -0.043
	 -0.002	  0.049	  0.999

3 	  43.31	  -0.79	   1.92
	  0.352	  0.266	  0.897
	  0.003	  0.958	 -0.286
	 -0.936	  0.104	  0.336

4 	  38.88	   5.59	  -3.01
	  0.740	  0.621	 -0.258
	 -0.538	  0.776	  0.328
	  0.405	 -0.105	  0.908

5 	  43.28	   8.74	   3.50
	  0.783	  0.261	  0.564
	 -0.462	 -0.364	  0.808
	  0.418	 -0.893	 -0.165

6 	  55.60	   7.51	   5.71
	  0.946	 -0.313	  0.086
	  0.201	  0.773	  0.601
	 -0.256	 -0.553	  0.792

7 	  37.46	  -6.87	  -2.88
	  0.664	 -0.706	 -0.247
	  0.593	  0.698	 -0.401
	  0.456	  0.120	  0.882

8 	  44.10	 -10.04	   3.41
	  0.934	 -0.042	  0.353
	  0.300	 -0.441	 -0.846
	  0.191	  0.896	 -0.399

9 	  56.41	  -9.60	   3.80
	  0.996	  0.039	  0.077
	  0.012	  0.817	 -0.576
	 -0.085	  0.575	  0.813

2 	  32.82	  -8.17	  22.75
	  0.827	  0.561	 -0.025
	 -0.563	  0.825	 -0.043
	 -0.002	  0.049	  0.999

3 	  43.28	  -0.83	   1.60
	  0.382	  0.170	  0.908
	  0.010	  0.982	 -0.189
	 -0.924	  0.081	  0.373

4 	  38.25	   5.33	  -3.39
	  0.694	  0.597	 -0.401
	 -0.500	  0.800	  0.330
	  0.519	 -0.029	  0.854

5 	  43.38	   8.68	   2.18
	  0.862	  0.266	  0.432
	 -0.343	 -0.323	  0.882
	  0.375	 -0.908	 -0.188

6 	  55.71	   7.00	   1.48
	  0.920	 -0.371	 -0.120
	  0.378	  0.772	  0.509
	 -0.098	 -0.516	  0.851

7 	  37.11	  -6.56	  -3.09
	  0.646	 -0.691	 -0.324
	  0.594	  0.722	 -0.354
	  0.479	  0.036	  0.877

8 	  44.28	 -10.04	   1.85
	  0.978	 -0.049	  0.201
	  0.165	 -0.402	 -0.901
	  0.124	  0.914	 -0.385

9 	  56.46	  -9.42	  -0.56
	  0.990	  0.047	 -0.133
	 -0.108	  0.860	 -0.498
	  0.091	  0.507	  0.857

2 	  32.82	  -8.17	  22.75
	  0.827	  0.561	 -0.025
	 -0.563	  0.825	 -0.044
	 -0.002	  0.050	  0.998

3 	  43.05	  -0.81	   1.34
	  0.409	  0.109	  0.906
	  0.005	  0.992	 -0.122
	 -0.913	  0.054	  0.405

4 	  37.44	   5.06	  -3.74
	  0.630	  0.576	 -0.521
	 -0.473	  0.816	  0.332
	  0.617	  0.036	  0.786

5 	  43.19	   8.67	   0.91
	  0.911	  0.267	  0.312
	 -0.234	 -0.292	  0.927
	  0.339	 -0.918	 -0.204

6 	  55.35	   7.01	  -1.55
	  0.893	 -0.377	 -0.246
	  0.449	  0.778	  0.439
	  0.025	 -0.504	  0.863

7 	  36.62	  -6.45	  -3.16
	  0.618	 -0.681	 -0.391
	  0.596	  0.731	 -0.332
	  0.512	 -0.028	  0.858

8 	  44.03	 -10.16	   0.35
	  0.997	 -0.064	  0.046
	  0.020	 -0.355	 -0.935
	  0.076	  0.932	 -0.353

9 	  55.69	  -9.44	  -4.59
	  0.942	  0.046	 -0.331
	 -0.196	  0.881	 -0.431
	  0.273	  0.469	  0.840

2 	  32.82	  -8.17	  22.75
	  0.827	  0.561	 -0.025
	 -0.563	  0.825	 -0.043
	 -0.002	  0.049	  0.999

3 	  42.75	  -0.91	   1.02
	  0.445	  0.101	  0.890
	  0.004	  0.993	 -0.115
	 -0.896	  0.055	  0.441

4 	  36.67	   4.71	  -3.96
	  0.569	  0.563	 -0.599
	 -0.471	  0.820	  0.324
	  0.674	  0.097	  0.732

5 	  42.66	   8.60	  -0.18
	  0.933	  0.292	  0.211
	 -0.132	 -0.272	  0.953
	  0.336	 -0.917	 -0.216

6 	  54.60	   7.24	  -4.04
	  0.864	 -0.358	 -0.354
	  0.490	  0.759	  0.428
	  0.115	 -0.544	  0.831

7 	  35.96	  -6.49	  -3.23
	  0.585	 -0.677	 -0.447
	  0.595	  0.732	 -0.330
	  0.551	 -0.073	  0.831

8 	  43.38	 -10.34	  -1.12
	  0.992	 -0.077	 -0.098
	 -0.116	 -0.286	 -0.951
	  0.045	  0.955	 -0.292

9 	  54.21	  -9.09	  -8.26
	  0.863	  0.082	 -0.498
	 -0.273	  0.907	 -0.321
	  0.427	  0.410	  0.806

2 	  32.82	  -8.17	  22.75
	  0.827	  0.561	 -0.025
	 -0.563	  0.825	 -0.043
	 -0.001	  0.049	  0.998

3 	  42.26	  -1.05	   0.62
	  0.508	  0.112	  0.854
	 -0.028	  0.993	 -0.115
	 -0.861	  0.034	  0.507

4 	  35.65	   4.25	  -4.11
	  0.492	  0.541	 -0.682
	 -0.473	  0.823	  0.313
	  0.731	  0.168	  0.661

5 	  41.84	   8.42	  -1.30
	  0.944	  0.314	  0.099
	 -0.024	 -0.234	  0.972
	  0.329	 -0.920	 -0.214

6 	  53.19	   7.44	  -7.12
	  0.803	 -0.329	 -0.497
	  0.560	  0.702	  0.439
	  0.205	 -0.631	  0.748

7 	  35.31	  -6.56	  -3.22
	  0.561	 -0.671	 -0.486
	  0.579	  0.736	 -0.349
	  0.592	 -0.086	  0.801

8 	  42.59	 -10.46	  -2.44
	  0.969	 -0.084	 -0.234
	 -0.247	 -0.211	 -0.946
	  0.029	  0.974	 -0.225

9 	  52.22	  -8.91	 -11.51
	  0.765	  0.103	 -0.636
	 -0.280	  0.943	 -0.181
	  0.583	  0.313	  0.750

2 	  32.82	  -8.17	  22.75
	  0.827	  0.561	 -0.025
	 -0.563	  0.825	 -0.043
	 -0.002	  0.049	  0.999

3 	  41.85	  -0.97	   0.47
	  0.550	  0.129	  0.825
	 -0.061	  0.991	 -0.115
	 -0.833	  0.013	  0.553

4 	  34.88	   4.01	  -4.08
	  0.422	  0.524	 -0.740
	 -0.482	  0.820	  0.307
	  0.768	  0.226	  0.598

5 	  41.06	   8.49	  -2.07
	  0.940	  0.340	 -0.001
	  0.078	 -0.212	  0.974
	  0.332	 -0.916	 -0.226

6 	  51.82	   7.49	  -9.35
	  0.727	 -0.350	 -0.591
	  0.619	  0.706	  0.342
	  0.300	 -0.614	  0.730

7 	  34.96	  -6.45	  -3.15
	  0.539	 -0.671	 -0.509
	  0.562	  0.736	 -0.375
	  0.627	 -0.084	  0.774

8 	  41.59	 -10.63	  -3.80
	  0.913	 -0.133	 -0.386
	 -0.402	 -0.126	 -0.907
	  0.072	  0.983	 -0.169

9 	  49.66	  -9.19	 -14.70
	  0.623	  0.088	 -0.777
	 -0.259	  0.961	 -0.093
	  0.743	  0.253	  0.619

2 	  32.82	  -8.17	  22.75
	  0.827	  0.561	 -0.025
	 -0.563	  0.825	 -0.043
	 -0.002	  0.049	  0.999

3 	  41.78	  -0.93	   0.42
	  0.559	  0.133	  0.818
	 -0.066	  0.991	 -0.116
	 -0.827	  0.011	  0.562

4 	  34.77	   3.88	  -4.08
	  0.399	  0.518	 -0.756
	 -0.494	  0.816	  0.299
	  0.772	  0.254	  0.582

5 	  40.83	   8.58	  -2.62
	  0.931	  0.359	 -0.061
	  0.139	 -0.196	  0.970
	  0.337	 -0.912	 -0.233

6 	  50.85	   7.86	 -11.02
	  0.662	 -0.347	 -0.664
	  0.654	  0.701	  0.282
	  0.370	 -0.621	  0.690

7 	  35.00	  -6.35	  -3.27
	  0.527	 -0.675	 -0.517
	  0.550	  0.734	 -0.397
	  0.648	 -0.075	  0.758

8 	  40.90	 -10.72	  -4.85
	  0.859	 -0.181	 -0.479
	 -0.488	  0.001	 -0.873
	  0.159	  0.983	 -0.087

9 	  48.01	  -8.70	 -16.56
	  0.530	  0.134	 -0.838
	 -0.222	  0.975	  0.020
	  0.821	  0.170	  0.544

2 	  32.80	  -8.17	  22.75
	  0.827	  0.561	 -0.025
	 -0.563	  0.825	 -0.043
	 -0.002	  0.050	  0.998

3 	  41.84	  -0.90	   0.35
	  0.556	  0.140	  0.819
	 -0.072	  0.990	 -0.121
	 -0.828	  0.008	  0.561

4 	  34.70	   3.78	  -4.13
	  0.397	  0.514	 -0.760
	 -0.495	  0.817	  0.295
	  0.773	  0.259	  0.579

5 	  40.61	   8.51	  -3.01
	  0.926	  0.360	 -0.110
	  0.187	 -0.185	  0.965
	  0.327	 -0.914	 -0.239

6 	  49.94	   7.58	 -12.38
	  0.595	 -0.370	 -0.713
	  0.658	  0.734	  0.165
	  0.467	 -0.567	  0.678

7 	  34.82	  -6.28	  -3.25
	  0.517	 -0.669	 -0.533
	  0.522	  0.740	 -0.423
	  0.678	 -0.059	  0.732

8 	  40.31	 -10.60	  -5.50
	  0.822	 -0.176	 -0.541
	 -0.535	  0.086	 -0.840
	  0.194	  0.981	 -0.023

9 	  46.60	  -8.10	 -17.68
	  0.468	  0.158	 -0.869
	 -0.171	  0.981	  0.091
	  0.869	  0.102	  0.484

2 	  32.82	  -8.17	  22.75
	  0.827	  0.561	 -0.025
	 -0.563	  0.825	 -0.043
	 -0.002	  0.049	  0.999

3 	  41.62	  -0.88	   0.23
	  0.575	  0.154	  0.803
	 -0.088	  0.988	 -0.127
	 -0.813	  0.002	  0.582

4 	  34.33	   3.59	  -4.13
	  0.379	  0.501	 -0.778
	 -0.495	  0.820	  0.288
	  0.782	  0.275	  0.558

5 	  40.15	   8.46	  -3.41
	  0.915	  0.371	 -0.156
	  0.226	 -0.152	  0.962
	  0.333	 -0.916	 -0.223

6 	  49.32	   7.93	 -13.13
	  0.573	 -0.332	 -0.750
	  0.662	  0.727	  0.182
	  0.488	 -0.600	  0.634

7 	  34.54	  -6.22	  -3.25
	  0.489	 -0.673	 -0.555
	  0.516	  0.736	 -0.439
	  0.703	 -0.071	  0.707

8 	  39.80	 -10.56	  -5.80
	  0.789	 -0.189	 -0.584
	 -0.573	  0.117	 -0.811
	  0.222	  0.975	 -0.016

9 	  45.56	  -8.21	 -18.33
	  0.425	  0.156	 -0.891
	 -0.113	  0.986	  0.122
	  0.899	  0.046	  0.435

2 	  32.82	  -8.17	  22.75
	  0.827	  0.562	 -0.025
	 -0.564	  0.824	 -0.043
	 -0.002	  0.049	  0.999

3 	  41.57	  -0.86	   0.16
	  0.585	  0.161	  0.795
	 -0.098	  0.987	 -0.129
	 -0.805	 -0.002	  0.593

4 	  34.14	   3.53	  -4.11
	  0.357	  0.512	 -0.781
	 -0.519	  0.803	  0.290
	  0.777	  0.302	  0.552

5 	  39.73	   8.60	  -3.73
	  0.897	  0.390	 -0.206
	  0.283	 -0.150	  0.947
	  0.339	 -0.908	 -0.245

6 	  47.97	   8.54	 -14.43
	  0.477	 -0.318	 -0.819
	  0.758	  0.620	  0.199
	  0.447	 -0.716	  0.535

7 	  34.40	  -6.12	  -3.30
	  0.469	 -0.673	 -0.572
	  0.503	  0.735	 -0.454
	  0.726	 -0.075	  0.683

8 	  39.25	 -10.51	  -6.17
	  0.749	 -0.204	 -0.630
	 -0.612	  0.152	 -0.776
	  0.254	  0.967	 -0.011

9 	  44.24	  -7.93	 -19.16
	  0.357	  0.179	 -0.917
	 -0.086	  0.983	  0.162
	  0.931	  0.019	  0.365

2 	  32.82	  -8.16	  22.75
	  0.814	  0.580	 -0.024
	 -0.582	  0.812	 -0.042
	 -0.004	  0.048	  0.999

3 	  41.41	  -0.77	   0.02
	  0.600	  0.172	  0.781
	 -0.120	  0.985	 -0.125
	 -0.791	 -0.018	  0.611

4 	  33.79	   3.38	  -4.06
	  0.333	  0.520	 -0.787
	 -0.542	  0.788	  0.293
	  0.772	  0.328	  0.543

5 	  39.13	   8.63	  -3.94
	  0.871	  0.419	 -0.257
	  0.339	 -0.135	  0.931
	  0.355	 -0.898	 -0.260

6 	  46.39	   8.46	 -15.29
	  0.390	 -0.361	 -0.847
	  0.737	  0.673	  0.051
	  0.554	 -0.644	  0.526

7 	  34.24	  -5.99	  -3.36
	  0.428	 -0.670	 -0.607
	  0.479	  0.737	 -0.476
	  0.767	 -0.088	  0.635

8 	  38.60	 -10.37	  -6.70
	  0.675	 -0.208	 -0.708
	 -0.686	  0.176	 -0.706
	  0.272	  0.962	 -0.024

9 	  41.99	  -7.47	 -20.27
	  0.231	  0.209	 -0.950
	 -0.056	  0.977	  0.204
	  0.971	  0.004	  0.236

2 	  32.82	  -8.17	  22.75
	  0.811	  0.584	 -0.024
	 -0.585	  0.809	 -0.042
	 -0.004	  0.048	  0.999

3 	  41.45	  -0.69	   0.00
	  0.603	  0.174	  0.778
	 -0.129	  0.984	 -0.122
	 -0.787	 -0.027	  0.616

4 	  33.82	   3.30	  -4.11
	  0.325	  0.538	 -0.777
	 -0.567	  0.768	  0.296
	  0.757	  0.344	  0.554

5 	  38.87	   8.79	  -4.17
	  0.843	  0.453	 -0.288
	  0.375	 -0.114	  0.920
	  0.384	 -0.884	 -0.266

6 	  45.67	   9.05	 -15.86
	  0.336	 -0.337	 -0.879
	  0.768	  0.638	  0.047
	  0.547	 -0.691	  0.471

7 	  34.28	  -5.75	  -3.46
	  0.395	 -0.676	 -0.622
	  0.461	  0.731	 -0.502
	  0.795	 -0.089	  0.600

8 	  38.14	 -10.37	  -6.94
	  0.609	 -0.248	 -0.754
	 -0.732	  0.193	 -0.654
	  0.307	  0.949	 -0.063

9 	  40.46	  -7.98	 -20.87
	  0.150	  0.188	 -0.971
	  0.026	  0.980	  0.195
	  0.988	 -0.056	  0.141

2 	  32.82	  -8.17	  22.75
	  0.810	  0.586	 -0.024
	 -0.588	  0.808	 -0.042
	 -0.003	  0.048	  0.999

3 	  41.54	  -0.60	  -0.02
	  0.603	  0.176	  0.778
	 -0.141	  0.983	 -0.114
	 -0.786	 -0.040	  0.617

4 	  33.82	   3.34	  -4.15
	  0.321	  0.558	 -0.765
	 -0.590	  0.749	  0.300
	  0.741	  0.355	  0.570

5 	  38.72	   8.98	  -4.08
	  0.830	  0.478	 -0.286
	  0.385	 -0.123	  0.914
	  0.402	 -0.870	 -0.286

6 	  45.02	   9.65	 -15.96
	  0.283	 -0.323	 -0.903
	  0.791	  0.611	  0.028
	  0.544	 -0.722	  0.426

7 	  34.26	  -5.66	  -3.53
	  0.381	 -0.682	 -0.624
	  0.448	  0.726	 -0.522
	  0.809	 -0.081	  0.582

8 	  37.67	 -10.48	  -7.15
	  0.551	 -0.286	 -0.784
	 -0.761	  0.214	 -0.612
	  0.344	  0.934	 -0.099

9 	  39.08	  -7.98	 -21.29
	  0.072	  0.210	 -0.975
	  0.060	  0.974	  0.216
	  0.995	 -0.075	  0.057

2 	  32.82	  -8.16	  22.75
	  0.806	  0.591	 -0.024
	 -0.592	  0.804	 -0.042
	 -0.004	  0.047	  0.999

3 	  41.52	  -0.54	  -0.04
	  0.613	  0.172	  0.771
	 -0.155	  0.983	 -0.097
	 -0.775	 -0.060	  0.629

4 	  33.77	   3.41	  -4.10
	  0.320	  0.566	 -0.759
	 -0.587	  0.747	  0.311
	  0.744	  0.346	  0.571

5 	  38.65	   9.00	  -4.08
	  0.829	  0.470	 -0.303
	  0.405	 -0.130	  0.905
	  0.386	 -0.873	 -0.297

6 	  44.23	   9.14	 -16.33
	  0.195	 -0.369	 -0.909
	  0.804	  0.590	 -0.068
	  0.563	 -0.718	  0.409

7 	  34.12	  -5.48	  -3.66
	  0.354	 -0.670	 -0.653
	  0.429	  0.736	 -0.524
	  0.831	 -0.095	  0.547

8 	  37.21	 -10.35	  -7.44
	  0.489	 -0.289	 -0.823
	 -0.798	  0.233	 -0.556
	  0.353	  0.928	 -0.116

9 	  37.51	  -7.63	 -21.48
	 -0.011	  0.250	 -0.968
	  0.112	  0.962	  0.248
	  0.993	 -0.106	 -0.039

2 	  32.80	  -8.17	  22.75
	  0.805	  0.593	 -0.024
	 -0.595	  0.803	 -0.042
	 -0.004	  0.047	  0.999

3 	  41.45	  -0.51	  -0.07
	  0.624	  0.175	  0.761
	 -0.167	  0.982	 -0.090
	 -0.764	 -0.071	  0.641

4 	  33.61	   3.39	  -4.06
	  0.314	  0.570	 -0.760
	 -0.591	  0.743	  0.314
	  0.744	  0.350	  0.569

5 	  38.43	   9.00	  -4.13
	  0.821	  0.473	 -0.320
	  0.422	 -0.124	  0.898
	  0.385	 -0.872	 -0.301

6 	  43.88	   9.33	 -16.47
	  0.171	 -0.353	 -0.920
	  0.809	  0.583	 -0.074
	  0.564	 -0.732	  0.383

7 	  34.07	  -5.57	  -3.60
	  0.355	 -0.683	 -0.638
	  0.421	  0.726	 -0.543
	  0.835	 -0.076	  0.545

8 	  37.12	 -10.60	  -7.28
	  0.487	 -0.322	 -0.812
	 -0.780	  0.259	 -0.570
	  0.394	  0.910	 -0.125

9 	  38.30	  -8.12	 -21.27
	  0.041	  0.235	 -0.971
	  0.130	  0.962	  0.239
	  0.990	 -0.137	  0.009

2 	  32.80	  -8.17	  22.75
	  0.804	  0.594	 -0.025
	 -0.596	  0.802	 -0.042
	 -0.004	  0.047	  0.999

3 	  41.52	  -0.54	  -0.07
	  0.616	  0.183	  0.766
	 -0.168	  0.980	 -0.101
	 -0.770	 -0.066	  0.634

4 	  33.75	   3.23	  -4.22
	  0.321	  0.569	 -0.757
	 -0.607	  0.737	  0.298
	  0.728	  0.363	  0.581

5 	  38.41	   8.91	  -4.32
	  0.810	  0.489	 -0.322
	  0.420	 -0.101	  0.902
	  0.409	 -0.866	 -0.287

6 	  43.86	   9.25	 -16.63
	  0.194	 -0.363	 -0.911
	  0.796	  0.601	 -0.071
	  0.575	 -0.712	  0.403

7 	  34.14	  -5.55	  -3.64
	  0.349	 -0.686	 -0.638
	  0.442	  0.720	 -0.535
	  0.827	 -0.094	  0.554

8 	  37.11	 -10.58	  -7.35
	  0.487	 -0.315	 -0.814
	 -0.774	  0.277	 -0.570
	  0.406	  0.907	 -0.108

9 	  37.95	  -8.54	 -21.50
	 -0.009	  0.210	 -0.978
	  0.125	  0.970	  0.208
	  0.992	 -0.121	 -0.035

2 	  32.82	  -8.17	  22.75
	  0.804	  0.594	 -0.025
	 -0.596	  0.802	 -0.042
	 -0.004	  0.048	  0.999

3 	  41.54	  -0.56	  -0.05
	  0.615	  0.185	  0.767
	 -0.168	  0.980	 -0.103
	 -0.771	 -0.065	  0.633

4 	  33.75	   3.20	  -4.22
	  0.329	  0.569	 -0.753
	 -0.611	  0.736	  0.290
	  0.720	  0.365	  0.590

5 	  38.39	   8.91	  -4.27
	  0.812	  0.487	 -0.320
	  0.422	 -0.111	  0.900
	  0.403	 -0.866	 -0.295

6 	  43.70	   9.39	 -16.54
	  0.170	 -0.354	 -0.920
	  0.813	  0.578	 -0.073
	  0.558	 -0.735	  0.383

7 	  34.07	  -5.45	  -3.64
	  0.327	 -0.690	 -0.646
	  0.444	  0.715	 -0.539
	  0.834	 -0.111	  0.540

8 	  36.79	 -10.55	  -7.42
	  0.450	 -0.317	 -0.835
	 -0.791	  0.291	 -0.537
	  0.414	  0.902	 -0.120

9 	  37.16	  -8.51	 -21.62
	 -0.065	  0.213	 -0.975
	  0.107	  0.972	  0.207
	  0.992	 -0.091	 -0.087

2 	  32.80	  -8.17	  22.75
	  0.804	  0.594	 -0.025
	 -0.596	  0.802	 -0.042
	 -0.004	  0.048	  0.999

3 	  41.50	  -0.56	  -0.04
	  0.618	  0.183	  0.765
	 -0.168	  0.981	 -0.100
	 -0.769	 -0.066	  0.636

4 	  33.71	   3.25	  -4.20
	  0.325	  0.578	 -0.749
	 -0.619	  0.728	  0.294
	  0.716	  0.367	  0.594

5 	  38.30	   9.02	  -4.24
	  0.805	  0.499	 -0.321
	  0.428	 -0.114	  0.896
	  0.411	 -0.859	 -0.305

6 	  43.63	   9.81	 -16.44
	  0.164	 -0.327	 -0.931
	  0.817	  0.573	 -0.058
	  0.553	 -0.752	  0.359

7 	  34.08	  -5.47	  -3.62
	  0.330	 -0.693	 -0.641
	  0.440	  0.713	 -0.545
	  0.835	 -0.103	  0.540

8 	  36.91	 -10.62	  -7.31
	  0.453	 -0.326	 -0.830
	 -0.793	  0.279	 -0.542
	  0.409	  0.903	 -0.132

9 	  37.48	  -8.65	 -21.46
	 -0.059	  0.216	 -0.974
	  0.095	  0.973	  0.210
	  0.993	 -0.080	 -0.079

2 	  32.80	  -8.17	  22.75
	  0.803	  0.595	 -0.025
	 -0.596	  0.802	 -0.042
	 -0.003	  0.048	  0.999

3 	  41.50	  -0.56	   0.00
	  0.618	  0.183	  0.765
	 -0.167	  0.981	 -0.101
	 -0.769	 -0.065	  0.636

4 	  33.89	   3.30	  -4.24
	  0.350	  0.569	 -0.744
	 -0.602	  0.745	  0.288
	  0.719	  0.347	  0.603

5 	  38.79	   8.91	  -4.08
	  0.836	  0.470	 -0.283
	  0.383	 -0.129	  0.915
	  0.394	 -0.873	 -0.287

6 	  44.91	   9.32	 -15.87
	  0.228	 -0.343	 -0.911
	  0.811	  0.585	 -0.018
	  0.540	 -0.735	  0.409

7 	  34.31	  -5.62	  -3.62
	  0.386	 -0.689	 -0.613
	  0.437	  0.722	 -0.537
	  0.813	 -0.061	  0.579

8 	  37.78	 -10.67	  -7.08
	  0.546	 -0.323	 -0.773
	 -0.731	  0.268	 -0.627
	  0.410	  0.907	 -0.090

9 	  40.32	  -8.35	 -20.83
	  0.084	  0.239	 -0.967
	  0.071	  0.966	  0.246
	  0.994	 -0.090	  0.063

2 	  32.82	  -8.17	  22.75
	  0.803	  0.595	 -0.025
	 -0.597	  0.801	 -0.042
	 -0.003	  0.048	  0.999

3 	  41.68	  -0.63	   0.23
	  0.599	  0.172	  0.782
	 -0.146	  0.984	 -0.106
	 -0.788	 -0.051	  0.613

4 	  34.31	   3.45	  -4.25
	  0.395	  0.569	 -0.721
	 -0.586	  0.760	  0.280
	  0.709	  0.312	  0.633

5 	  39.46	   8.88	  -3.66
	  0.871	  0.444	 -0.212
	  0.308	 -0.157	  0.938
	  0.383	 -0.882	 -0.273

6 	  46.72	   9.11	 -14.75
	  0.336	 -0.355	 -0.873
	  0.781	  0.622	  0.047
	  0.529	 -0.697	  0.484

7 	  34.72	  -5.70	  -3.66
	  0.468	 -0.671	 -0.575
	  0.432	  0.741	 -0.513
	  0.771	 -0.009	  0.637

8 	  39.20	 -10.62	  -6.54
	  0.678	 -0.289	 -0.676
	 -0.653	  0.188	 -0.734
	  0.340	  0.938	 -0.061

9 	  43.86	  -8.30	 -19.53
	  0.254	  0.223	 -0.941
	 -0.049	  0.974	  0.220
	  0.966	 -0.011	  0.256

2 	  32.82	  -8.17	  22.75
	  0.803	  0.595	 -0.025
	 -0.597	  0.801	 -0.042
	 -0.003	  0.048	  0.999

3 	  41.82	  -0.62	   0.39
	  0.578	  0.164	  0.799
	 -0.131	  0.985	 -0.108
	 -0.806	 -0.042	  0.591

4 	  34.73	   3.67	  -4.25
	  0.441	  0.570	 -0.692
	 -0.575	  0.772	  0.270
	  0.689	  0.279	  0.669

5 	  40.17	   8.82	  -3.13
	  0.904	  0.407	 -0.131
	  0.222	 -0.183	  0.958
	  0.366	 -0.895	 -0.256

6 	  48.66	   8.88	 -13.22
	  0.450	 -0.343	 -0.825
	  0.767	  0.622	  0.158
	  0.462	 -0.703	  0.541

7 	  35.09	  -5.82	  -3.67
	  0.520	 -0.659	 -0.543
	  0.451	  0.752	 -0.480
	  0.725	  0.004	  0.688

8 	  40.68	 -10.56	  -5.45
	  0.806	 -0.245	 -0.538
	 -0.543	  0.054	 -0.838
	  0.235	  0.968	 -0.089

9 	  47.37	  -8.74	 -17.38
	  0.423	  0.169	 -0.890
	 -0.188	  0.977	  0.101
	  0.888	  0.121	  0.442

2 	  32.82	  -8.17	  22.75
	  0.803	  0.595	 -0.026
	 -0.597	  0.801	 -0.042
	 -0.003	  0.049	  0.999

3 	  42.01	  -0.70	   0.63
	  0.557	  0.146	  0.818
	 -0.113	  0.988	 -0.101
	 -0.823	 -0.036	  0.566

4 	  35.31	   3.87	  -4.24
	  0.496	  0.571	 -0.654
	 -0.564	  0.784	  0.259
	  0.661	  0.240	  0.711

5 	  40.94	   8.75	  -2.37
	  0.927	  0.373	 -0.026
	  0.117	 -0.224	  0.967
	  0.355	 -0.900	 -0.251

6 	  50.54	   8.86	 -11.21
	  0.569	 -0.323	 -0.756
	  0.732	  0.618	  0.285
	  0.378	 -0.716	  0.587

7 	  35.49	  -5.98	  -3.64
	  0.564	 -0.653	 -0.506
	  0.474	  0.757	 -0.450
	  0.677	  0.014	  0.736

8 	  41.92	 -10.55	  -3.97
	  0.897	 -0.217	 -0.385
	 -0.413	 -0.099	 -0.906
	  0.158	  0.971	 -0.178

9 	  50.33	  -9.11	 -14.55
	  0.579	  0.131	 -0.805
	 -0.259	  0.965	 -0.024
	  0.777	  0.216	  0.591

2 	  32.80	  -8.17	  22.75
	  0.803	  0.594	 -0.026
	 -0.596	  0.801	 -0.042
	 -0.003	  0.049	  0.999

3 	  42.19	  -0.74	   0.81
	  0.546	  0.130	  0.828
	 -0.098	  0.991	 -0.092
	 -0.833	 -0.031	  0.553

4 	  35.86	   4.18	  -4.20
	  0.541	  0.587	 -0.602
	 -0.560	  0.785	  0.263
	  0.628	  0.194	  0.753

5 	  41.52	   8.81	  -1.48
	  0.933	  0.349	  0.081
	  0.019	 -0.274	  0.961
	  0.358	 -0.896	 -0.263

6 	  52.01	   8.79	  -8.98
	  0.649	 -0.316	 -0.692
	  0.706	  0.590	  0.391
	  0.287	 -0.742	  0.605

7 	  35.89	  -6.06	  -3.60
	  0.601	 -0.643	 -0.474
	  0.481	  0.765	 -0.427
	  0.638	  0.029	  0.769

8 	  42.84	 -10.30	  -2.53
	  0.955	 -0.178	 -0.238
	 -0.274	 -0.215	 -0.937
	  0.115	  0.960	 -0.254

9 	  52.66	  -8.88	 -11.50
	  0.709	  0.130	 -0.693
	 -0.310	  0.941	 -0.136
	  0.637	  0.307	  0.706

2 	  32.80	  -8.17	  22.75
	  0.803	  0.595	 -0.026
	 -0.596	  0.801	 -0.042
	 -0.002	  0.049	  0.999

3 	  42.36	  -0.72	   1.07
	  0.526	  0.122	  0.841
	 -0.081	  0.992	 -0.094
	 -0.847	 -0.018	  0.532

4 	  36.54	   4.59	  -4.03
	  0.596	  0.614	 -0.517
	 -0.568	  0.777	  0.270
	  0.568	  0.132	  0.812

5 	  42.08	   8.84	  -0.19
	  0.921	  0.319	  0.222
	 -0.107	 -0.342	  0.933
	  0.374	 -0.883	 -0.282

6 	  53.47	   8.88	  -5.77
	  0.756	 -0.307	 -0.578
	  0.633	  0.566	  0.527
	  0.165	 -0.765	  0.622

7 	  36.39	  -6.17	  -3.59
	  0.642	 -0.635	 -0.431
	  0.482	  0.770	 -0.417
	  0.596	  0.059	  0.800

8 	  43.54	 -10.05	  -0.95
	  0.987	 -0.138	 -0.084
	 -0.125	 -0.316	 -0.940
	  0.103	  0.938	 -0.329

9 	  54.62	  -8.70	  -7.84
	  0.827	  0.128	 -0.548
	 -0.308	  0.919	 -0.247
	  0.475	  0.369	  0.799

2 	  32.82	  -8.17	  22.75
	  0.803	  0.594	 -0.026
	 -0.596	  0.801	 -0.042
	 -0.003	  0.049	  0.999

3 	  42.64	  -0.74	   1.23
	  0.493	  0.141	  0.858
	 -0.059	  0.990	 -0.129
	 -0.868	  0.013	  0.496

4 	  37.32	   4.96	  -3.88
	  0.651	  0.636	 -0.414
	 -0.578	  0.769	  0.273
	  0.493	  0.061	  0.868

5 	  42.47	   8.84	   0.97
	  0.883	  0.295	  0.365
	 -0.243	 -0.380	  0.892
	  0.403	 -0.876	 -0.265

6 	  54.56	   8.77	  -2.20
	  0.847	 -0.303	 -0.436
	  0.530	  0.531	  0.660
	  0.030	 -0.792	  0.610

7 	  36.84	  -6.33	  -3.50
	  0.682	 -0.625	 -0.378
	  0.485	  0.774	 -0.406
	  0.547	  0.094	  0.832

8 	  43.95	  -9.90	   0.54
	  0.991	 -0.117	  0.059
	  0.006	 -0.406	 -0.914
	  0.130	  0.906	 -0.402

9 	  55.74	  -8.70	  -4.32
	  0.904	  0.126	 -0.407
	 -0.285	  0.891	 -0.352
	  0.320	  0.431	  0.843

2 	  32.80	  -8.17	  22.75
	  0.803	  0.594	 -0.026
	 -0.596	  0.801	 -0.042
	 -0.003	  0.049	  0.999

3 	  42.80	  -0.79	   1.39
	  0.472	  0.177	  0.863
	 -0.047	  0.983	 -0.176
	 -0.880	  0.043	  0.472

4 	  37.93	   5.20	  -3.69
	  0.694	  0.643	 -0.323
	 -0.585	  0.765	  0.269
	  0.421	  0.001	  0.907

5 	  42.63	   8.68	   2.04
	  0.836	  0.261	  0.483
	 -0.361	 -0.403	  0.841
	  0.415	 -0.876	 -0.244

6 	  55.02	   8.21	   0.83
	  0.896	 -0.323	 -0.305
	  0.437	  0.506	  0.743
	 -0.088	 -0.800	  0.593

7 	  37.07	  -6.56	  -3.36
	  0.692	 -0.643	 -0.328
	  0.508	  0.756	 -0.412
	  0.513	  0.119	  0.850

8 	  43.89	  -9.88	   1.85
	  0.977	 -0.109	  0.180
	  0.110	 -0.466	 -0.878
	  0.180	  0.878	 -0.444

9 	  56.13	  -8.88	  -1.18
	  0.955	  0.118	 -0.271
	 -0.231	  0.871	 -0.434
	  0.186	  0.475	  0.860

2 	  32.82	  -8.17	  22.75
	  0.803	  0.595	 -0.027
	 -0.597	  0.801	 -0.043
	 -0.003	  0.050	  0.999

3 	  42.91	  -0.84	   1.53
	  0.458	  0.219	  0.861
	 -0.055	  0.974	 -0.219
	 -0.887	  0.053	  0.458

4 	  38.39	   5.33	  -3.50
	  0.724	  0.645	 -0.243
	 -0.592	  0.762	  0.262
	  0.355	 -0.046	  0.933

5 	  42.66	   8.60	   2.90
	  0.784	  0.237	  0.573
	 -0.455	 -0.410	  0.790
	  0.423	 -0.880	 -0.214

6 	  55.09	   7.63	   3.50
	  0.923	 -0.347	 -0.167
	  0.331	  0.493	  0.804
	 -0.199	 -0.799	  0.568

7 	  37.34	  -6.73	  -3.18
	  0.698	 -0.657	 -0.284
	  0.522	  0.738	 -0.427
	  0.490	  0.150	  0.858

8 	  43.84	  -9.84	   2.97
	  0.953	 -0.090	  0.288
	  0.203	 -0.513	 -0.834
	  0.222	  0.853	 -0.471

9 	  56.20	  -8.96	   1.71
	  0.983	  0.112	 -0.141
	 -0.170	  0.841	 -0.513
	  0.061	  0.528	  0.847

2 	  32.80	  -8.17	  22.75
	  0.803	  0.595	 -0.027
	 -0.597	  0.801	 -0.042
	 -0.001	  0.050	  0.999

3 	  43.01	  -0.81	   1.69
	  0.444	  0.260	  0.857
	 -0.078	  0.964	 -0.253
	 -0.893	  0.045	  0.448

4 	  38.78	   5.50	  -3.32
	  0.738	  0.652	 -0.173
	 -0.604	  0.752	  0.263
	  0.302	 -0.090	  0.949

5 	  42.57	   8.53	   3.60
	  0.728	  0.216	  0.651
	 -0.538	 -0.411	  0.736
	  0.428	 -0.885	 -0.183

6 	  54.81	   7.35	   6.17
	  0.937	 -0.348	 -0.020
	  0.207	  0.508	  0.836
	 -0.282	 -0.789	  0.545

7 	  37.67	  -6.87	  -2.99
	  0.714	 -0.656	 -0.244
	  0.522	  0.732	 -0.437
	  0.466	  0.185	  0.865

8 	  43.82	  -9.63	   3.88
	  0.922	 -0.061	  0.381
	  0.291	 -0.540	 -0.789
	  0.254	  0.839	 -0.481

9 	  56.11	  -8.91	   4.48
	  0.995	  0.099	  0.004
	 -0.077	  0.790	 -0.608
	 -0.064	  0.604	  0.794

2 	  32.80	  -8.17	  22.75
	  0.803	  0.595	 -0.027
	 -0.597	  0.801	 -0.042
	 -0.001	  0.049	  0.999

3 	  43.14	  -0.77	   1.86
	  0.431	  0.290	  0.854
	 -0.094	  0.956	 -0.277
	 -0.898	  0.039	  0.439

4 	  39.18	   5.66	  -3.06
	  0.747	  0.657	 -0.100
	 -0.620	  0.742	  0.254
	  0.242	 -0.128	  0.962

5 	  42.40	   8.54	   4.38
	  0.659	  0.206	  0.723
	 -0.611	 -0.415	  0.673
	  0.441	 -0.885	 -0.148

6 	  54.26	   7.51	   8.79
	  0.939	 -0.313	  0.142
	  0.059	  0.554	  0.830
	 -0.340	 -0.773	  0.535

7 	  37.86	  -6.96	  -2.88
	  0.717	 -0.663	 -0.213
	  0.539	  0.722	 -0.433
	  0.442	  0.196	  0.875

8 	  43.47	  -9.70	   4.68
	  0.876	 -0.056	  0.478
	  0.373	 -0.546	 -0.750
	  0.303	  0.835	 -0.458

9 	  55.56	  -8.98	   6.94
	  0.986	  0.096	  0.137
	  0.009	  0.785	 -0.620
	 -0.168	  0.613	  0.772

2 	  32.80	  -8.17	  22.73
	  0.803	  0.595	 -0.027
	 -0.597	  0.801	 -0.042
	 -0.001	  0.050	  0.999

3 	  43.21	  -0.81	   1.99
	  0.424	  0.303	  0.853
	 -0.094	  0.952	 -0.292
	 -0.901	  0.044	  0.432

4 	  39.41	   5.77	  -2.78
	  0.740	  0.672	 -0.018
	 -0.650	  0.722	  0.236
	  0.172	 -0.164	  0.971

5 	  41.75	   8.60	   5.15
	  0.566	  0.212	  0.796
	 -0.679	 -0.430	  0.595
	  0.470	 -0.877	 -0.099

6 	  52.79	   7.95	  11.65
	  0.909	 -0.271	  0.316
	 -0.090	  0.613	  0.785
	 -0.407	 -0.743	  0.531

7 	  38.00	  -7.07	  -2.74
	  0.713	 -0.683	 -0.160
	  0.567	  0.694	 -0.443
	  0.414	  0.225	  0.882

8 	  42.66	  -9.79	   5.62
	  0.794	 -0.073	  0.604
	  0.468	 -0.560	 -0.683
	  0.388	  0.824	 -0.411

9 	  54.04	  -9.35	  10.32
	  0.946	  0.088	  0.312
	  0.159	  0.711	 -0.685
	 -0.282	  0.698	  0.658

2 	  32.80	  -8.17	  22.73
	  0.803	  0.595	 -0.027
	 -0.597	  0.801	 -0.042
	 -0.001	  0.049	  0.999

3 	  43.31	  -0.74	   2.14
	  0.400	  0.310	  0.862
	 -0.086	  0.949	 -0.302
	 -0.913	  0.047	  0.405

4 	  39.43	   5.99	  -2.32
	  0.691	  0.717	  0.087
	 -0.717	  0.665	  0.206
	  0.090	 -0.206	  0.974

5 	  40.41	   8.82	   6.03
	  0.418	  0.229	  0.879
	 -0.730	 -0.492	  0.474
	  0.542	 -0.839	 -0.038

6 	  49.83	   9.21	  15.22
	  0.839	 -0.155	  0.521
	 -0.384	  0.512	  0.768
	 -0.388	 -0.844	  0.370

7 	  38.16	  -7.28	  -2.57
	  0.691	 -0.718	 -0.080
	  0.619	  0.646	 -0.446
	  0.373	  0.259	  0.891

8 	  41.22	  -9.95	   6.64
	  0.641	 -0.091	  0.762
	  0.587	 -0.584	 -0.561
	  0.497	  0.806	 -0.321

9 	  51.17	 -10.28	  14.40
	  0.846	  0.059	  0.529
	  0.442	  0.477	 -0.759
	 -0.301	  0.875	  0.379

2 	  32.80	  -8.17	  22.73
	  0.803	  0.594	 -0.027
	 -0.596	  0.802	 -0.042
	 -0.001	  0.049	  0.999

3 	  43.35	  -0.69	   2.32
	  0.355	  0.320	  0.878
	 -0.069	  0.946	 -0.317
	 -0.933	  0.052	  0.357

4 	  39.39	   6.08	  -2.06
	  0.617	  0.770	  0.161
	 -0.786	  0.594	  0.167
	  0.033	 -0.230	  0.972

5 	  39.30	   8.88	   6.31
	  0.293	  0.263	  0.919
	 -0.722	 -0.570	  0.392
	  0.628	 -0.778	  0.023

6 	  47.81	  10.20	  16.68
	  0.802	 -0.034	  0.597
	 -0.579	  0.205	  0.789
	 -0.151	 -0.978	  0.146

7 	  38.23	  -7.51	  -2.29
	  0.655	 -0.756	 -0.001
	  0.683	  0.593	 -0.426
	  0.323	  0.278	  0.904

8 	  40.01	 -10.21	   7.37
	  0.493	 -0.096	  0.865
	  0.682	 -0.574	 -0.452
	  0.541	  0.812	 -0.217

9 	  48.76	 -11.16	  16.77
	  0.784	  0.026	  0.620
	  0.617	  0.077	 -0.783
	 -0.071	  0.996	  0.046

2 	  32.80	  -8.17	  22.75
	  0.803	  0.595	 -0.027
	 -0.597	  0.801	 -0.042
	 -0.001	  0.050	  0.999

3 	  43.33	  -0.76	   2.36
	  0.345	  0.324	  0.881
	 -0.062	  0.944	 -0.324
	 -0.937	  0.057	  0.345

4 	  39.36	   6.12	  -2.02
	  0.579	  0.791	  0.195
	 -0.815	  0.559	  0.151
	  0.009	 -0.247	  0.969

5 	  38.62	   8.82	   6.40
	  0.203	  0.263	  0.943
	 -0.711	 -0.623	  0.326
	  0.674	 -0.736	  0.061

6 	  45.72	  10.79	  17.65
	  0.704	  0.041	  0.709
	 -0.706	  0.162	  0.689
	 -0.090	 -0.985	  0.144

7 	  38.16	  -7.54	  -2.21
	  0.638	 -0.770	 -0.003
	  0.697	  0.579	 -0.423
	  0.328	  0.267	  0.906

8 	  39.11	 -10.53	   7.24
	  0.400	 -0.138	  0.906
	  0.715	 -0.572	 -0.402
	  0.575	  0.808	 -0.129

9 	  46.62	 -11.79	  17.86
	  0.700	  0.015	  0.714
	  0.712	  0.068	 -0.699
	 -0.062	  0.997	  0.038

2 	  32.82	  -8.17	  22.75
	  0.803	  0.594	 -0.027
	 -0.596	  0.802	 -0.042
	 -0.002	  0.049	  0.999

3 	  43.33	  -0.69	   2.36
	  0.334	  0.314	  0.888
	 -0.056	  0.947	 -0.315
	 -0.941	  0.055	  0.333

4 	  39.41	   6.22	  -1.99
	  0.555	  0.798	  0.234
	 -0.832	  0.534	  0.152
	 -0.004	 -0.280	  0.960

5 	  38.21	   8.84	   6.33
	  0.124	  0.256	  0.959
	 -0.695	 -0.668	  0.267
	  0.709	 -0.698	  0.096

6 	  44.14	  11.11	  18.49
	  0.594	  0.063	  0.801
	 -0.790	  0.238	  0.565
	 -0.159	 -0.969	  0.192

7 	  38.11	  -7.52	  -2.16
	  0.612	 -0.790	  0.015
	  0.725	  0.554	 -0.409
	  0.316	  0.261	  0.912

8 	  38.07	 -10.72	   7.12
	  0.246	 -0.123	  0.961
	  0.812	 -0.516	 -0.273
	  0.530	  0.847	 -0.027

9 	  43.68	 -11.90	  19.27
	  0.537	  0.020	  0.843
	  0.839	  0.090	 -0.536
	 -0.090	  0.995	  0.031

2 	  32.80	  -8.17	  22.75
	  0.803	  0.595	 -0.027
	 -0.597	  0.801	 -0.042
	 -0.001	  0.050	  0.999

3 	  43.31	  -0.67	   2.34
	  0.338	  0.308	  0.889
	 -0.048	  0.949	 -0.311
	 -0.940	  0.063	  0.335

4 	  39.30	   6.26	  -1.88
	  0.531	  0.807	  0.257
	 -0.848	  0.507	  0.155
	 -0.005	 -0.301	  0.954

5 	  37.85	   8.74	   6.40
	  0.078	  0.245	  0.966
	 -0.669	 -0.706	  0.232
	  0.739	 -0.664	  0.109

6 	  43.12	  11.06	  19.02
	  0.506	  0.071	  0.859
	 -0.803	  0.405	  0.438
	 -0.320	 -0.910	  0.262

7 	  38.04	  -7.58	  -2.07
	  0.590	 -0.806	  0.050
	  0.752	  0.527	 -0.396
	  0.293	  0.271	  0.917

8 	  37.48	 -10.51	   7.29
	  0.174	 -0.076	  0.982
	  0.821	 -0.539	 -0.187
	  0.544	  0.838	 -0.031

9 	  42.01	 -11.81	  20.06
	  0.414	  0.009	  0.910
	  0.901	  0.141	 -0.411
	 -0.135	  0.990	  0.049

2 	  32.80	  -8.17	  22.75
	  0.804	  0.594	 -0.027
	 -0.596	  0.802	 -0.042
	 -0.001	  0.050	  0.999

3 	  43.26	  -0.69	   2.37
	  0.339	  0.304	  0.890
	 -0.047	  0.950	 -0.308
	 -0.940	  0.062	  0.336

4 	  39.30	   6.29	  -1.85
	  0.518	  0.816	  0.254
	 -0.855	  0.496	  0.150
	 -0.004	 -0.296	  0.955

5 	  37.74	   8.75	   6.43
	  0.055	  0.242	  0.969
	 -0.681	 -0.701	  0.214
	  0.731	 -0.671	  0.127

6 	  42.93	  11.04	  19.11
	  0.492	  0.075	  0.867
	 -0.795	  0.447	  0.410
	 -0.360	 -0.890	  0.279

7 	  38.13	  -7.63	  -2.00
	  0.593	 -0.802	  0.068
	  0.757	  0.526	 -0.387
	  0.275	  0.281	  0.919

8 	  37.62	 -10.58	   7.42
	  0.168	 -0.067	  0.983
	  0.849	 -0.497	 -0.179
	  0.500	  0.865	 -0.026

9 	  42.15	 -11.85	  20.13
	  0.412	  0.011	  0.911
	  0.894	  0.189	 -0.406
	 -0.180	  0.981	  0.067

2 	  32.80	  -8.17	  22.75
	  0.803	  0.595	 -0.027
	 -0.596	  0.802	 -0.042
	 -0.001	  0.050	  0.999

3 	  43.26	  -0.69	   2.39
	  0.339	  0.306	  0.889
	 -0.049	  0.950	 -0.308
	 -0.940	  0.061	  0.336

4 	  39.36	   6.33	  -1.81
	  0.532	  0.803	  0.268
	 -0.847	  0.510	  0.151
	 -0.016	 -0.308	  0.951

5 	  37.74	   8.74	   6.47
	  0.050	  0.230	  0.972
	 -0.701	 -0.685	  0.198
	  0.711	 -0.691	  0.127

6 	  42.84	  11.02	  19.27
	  0.474	  0.089	  0.876
	 -0.804	  0.451	  0.387
	 -0.364	 -0.887	  0.285

7 	  38.11	  -7.65	  -1.99
	  0.593	 -0.802	  0.066
	  0.755	  0.526	 -0.390
	  0.279	  0.281	  0.918

8 	  37.56	 -10.58	   7.44
	  0.163	 -0.064	  0.984
	  0.850	 -0.496	 -0.173
	  0.500	  0.865	 -0.026

9 	  42.15	 -11.72	  20.14
	  0.412	  0.022	  0.910
	  0.892	  0.195	 -0.407
	 -0.190	  0.980	  0.060

