% Calibrated with leiden_pols
% Positions are in centimeters
Data =[
 2    97.311   -18.754    59.699
 2     0.620    -0.785     0.004
 2     0.784     0.619     0.038
 2    -0.032    -0.021     0.999
 3   129.037    -2.620     5.048
 3     0.431    -0.156    -0.889
 3     0.030     0.987    -0.158
 3     0.902     0.041     0.430
 4   111.546    15.366    -7.646
 4     0.564    -0.817     0.123
 4     0.788     0.488    -0.376
 4     0.247     0.308     0.918
 5   112.921    24.662    20.039
 5     0.409    -0.479     0.776
 5     0.286    -0.741    -0.608
 5     0.866     0.471    -0.166
 6   130.715    22.189    44.826
 6     0.352     0.101    -0.931
 6    -0.082     0.994     0.077
 6     0.932     0.049     0.358
 7   111.714   -21.575    -5.955
 7     0.790     0.572     0.219
 7    -0.609     0.694     0.383
 7     0.067    -0.436     0.897
 8   113.213   -24.832    21.506
 8     0.351    -0.160     0.922
 8    -0.205    -0.974    -0.091
 8     0.913    -0.157    -0.375
 9   129.782   -29.446    46.648
 9     0.397     0.246    -0.884
 9    -0.095     0.969     0.227
 9     0.913    -0.006     0.408
 2    97.311   -18.754    59.750
 2     0.620    -0.785     0.004
 2     0.784     0.619     0.038
 2    -0.032    -0.021     0.999
 3   129.087    -2.620     5.150
 3     0.430    -0.157    -0.889
 3     0.030     0.987    -0.159
 3     0.902     0.041     0.429
 4   111.498    15.367    -7.649
 4     0.563    -0.817     0.122
 4     0.788     0.487    -0.377
 4     0.248     0.308     0.918
 5   112.921    24.662    20.040
 5     0.408    -0.479     0.777
 5     0.287    -0.741    -0.608
 5     0.866     0.471    -0.165
 6   130.665    22.189    44.826
 6     0.351     0.100    -0.931
 6    -0.082     0.994     0.076
 6     0.932     0.049     0.357
 7   111.670   -21.573    -5.909
 7     0.790     0.573     0.219
 7    -0.609     0.693     0.385
 7     0.069    -0.438     0.896
 8   113.162   -24.782    21.506
 8     0.351    -0.159     0.923
 8    -0.205    -0.974    -0.090
 8     0.913    -0.158    -0.375
 9   129.732   -29.447    46.597
 9     0.397     0.247    -0.884
 9    -0.096     0.969     0.228
 9     0.913    -0.006     0.408
 2    97.311   -18.754    59.750
 2     0.620    -0.785     0.004
 2     0.784     0.619     0.038
 2    -0.032    -0.021     0.999
 3   128.992    -2.568     5.142
 3     0.429    -0.158    -0.889
 3     0.030     0.986    -0.160
 3     0.903     0.042     0.428
 4   111.451    15.317    -7.601
 4     0.563    -0.817     0.121
 4     0.787     0.487    -0.378
 4     0.249     0.308     0.918
 5   112.821    24.662    19.988
 5     0.409    -0.479     0.777
 5     0.287    -0.741    -0.607
 5     0.866     0.471    -0.166
 6   130.665    22.241    44.877
 6     0.352     0.099    -0.931
 6    -0.081     0.994     0.075
 6     0.932     0.048     0.358
 7   111.672   -21.573    -5.912
 7     0.789     0.573     0.218
 7    -0.610     0.692     0.386
 7     0.070    -0.438     0.896
 8   113.167   -24.781    21.524
 8     0.350    -0.159     0.923
 8    -0.205    -0.974    -0.090
 8     0.914    -0.158    -0.374
 9   129.708   -29.447    46.598
 9     0.397     0.249    -0.883
 9    -0.096     0.968     0.229
 9     0.913    -0.007     0.408
 2    97.311   -18.754    59.750
 2     0.620    -0.785     0.003
 2     0.784     0.619     0.038
 2    -0.032    -0.021     0.999
 3   128.992    -2.567     5.193
 3     0.429    -0.159    -0.889
 3     0.031     0.986    -0.161
 3     0.903     0.041     0.427
 4   111.404    15.318    -7.553
 4     0.563    -0.818     0.120
 4     0.787     0.486    -0.378
 4     0.250     0.307     0.918
 5   112.821    24.662    20.040
 5     0.408    -0.478     0.777
 5     0.287    -0.741    -0.607
 5     0.866     0.471    -0.165
 6   130.614    22.241    44.825
 6     0.352     0.098    -0.931
 6    -0.081     0.994     0.074
 6     0.932     0.049     0.358
 7   111.673   -21.572    -5.963
 7     0.789     0.573     0.219
 7    -0.610     0.692     0.387
 7     0.070    -0.439     0.896
 8   113.167   -24.781    21.524
 8     0.350    -0.159     0.923
 8    -0.205    -0.974    -0.089
 8     0.914    -0.158    -0.374
 9   129.702   -29.449    46.656
 9     0.397     0.250    -0.883
 9    -0.096     0.968     0.231
 9     0.912    -0.007     0.408
 2    97.311   -18.754    59.750
 2     0.620    -0.785     0.004
 2     0.784     0.619     0.038
 2    -0.032    -0.021     0.999
 3   128.991    -2.567     5.192
 3     0.429    -0.159    -0.889
 3     0.031     0.986    -0.162
 3     0.903     0.042     0.427
 4   111.405    15.370    -7.556
 4     0.562    -0.818     0.120
 4     0.788     0.486    -0.378
 4     0.251     0.307     0.918
 5   112.746    24.611    20.090
 5     0.408    -0.478     0.778
 5     0.287    -0.741    -0.606
 5     0.866     0.471    -0.165
 6   130.613    22.242    44.876
 6     0.352     0.097    -0.931
 6    -0.080     0.994     0.073
 6     0.932     0.049     0.358
 7   111.677   -21.570    -5.918
 7     0.789     0.573     0.218
 7    -0.609     0.691     0.388
 7     0.072    -0.440     0.895
 8   113.117   -24.731    21.524
 8     0.349    -0.158     0.923
 8    -0.205    -0.975    -0.089
 8     0.914    -0.158    -0.373
 9   129.703   -29.449    46.606
 9     0.397     0.252    -0.882
 9    -0.096     0.968     0.233
 9     0.912    -0.008     0.408
 2    97.311   -18.754    59.750
 2     0.620    -0.785     0.003
 2     0.784     0.620     0.038
 2    -0.032    -0.021     0.999
 3   128.991    -2.618     5.243
 3     0.428    -0.160    -0.889
 3     0.031     0.986    -0.162
 3     0.903     0.042     0.427
 4   111.407    15.371    -7.559
 4     0.562    -0.818     0.119
 4     0.788     0.485    -0.379
 4     0.252     0.307     0.917
 5   112.771    24.561    20.089
 5     0.408    -0.478     0.778
 5     0.287    -0.742    -0.606
 5     0.866     0.471    -0.166
 6   130.613    22.242    44.825
 6     0.353     0.096    -0.931
 6    -0.080     0.994     0.072
 6     0.932     0.049     0.358
 7   111.678   -21.571    -5.917
 7     0.789     0.574     0.218
 7    -0.610     0.691     0.389
 7     0.072    -0.440     0.895
 8   113.117   -24.732    21.524
 8     0.349    -0.159     0.923
 8    -0.206    -0.974    -0.090
 8     0.914    -0.159    -0.373
 9   129.709   -29.447    46.649
 9     0.397     0.253    -0.882
 9    -0.096     0.967     0.234
 9     0.913    -0.008     0.408
 2    97.311   -18.754    59.750
 2     0.620    -0.785     0.004
 2     0.784     0.619     0.038
 2    -0.032    -0.021     0.999
 3   128.941    -2.618     5.243
 3     0.428    -0.160    -0.889
 3     0.031     0.986    -0.162
 3     0.903     0.042     0.427
 4   111.408    15.371    -7.559
 4     0.562    -0.818     0.119
 4     0.787     0.486    -0.379
 4     0.252     0.307     0.917
 5   112.745    24.612    20.089
 5     0.408    -0.477     0.779
 5     0.288    -0.742    -0.605
 5     0.866     0.471    -0.166
 6   130.613    22.242    44.825
 6     0.353     0.095    -0.931
 6    -0.080     0.994     0.071
 6     0.932     0.049     0.359
 7   111.680   -21.570    -5.920
 7     0.789     0.574     0.218
 7    -0.610     0.690     0.390
 7     0.073    -0.441     0.895
 8   113.117   -24.784    21.576
 8     0.348    -0.160     0.924
 8    -0.207    -0.974    -0.091
 8     0.914    -0.159    -0.372
 9   129.660   -29.447    46.701
 9     0.396     0.255    -0.882
 9    -0.096     0.967     0.236
 9     0.913    -0.009     0.408
 2    97.311   -18.754    59.750
 2     0.620    -0.785     0.004
 2     0.784     0.620     0.037
 2    -0.032    -0.021     0.999
 3   128.941    -2.618     5.243
 3     0.429    -0.160    -0.889
 3     0.031     0.986    -0.163
 3     0.903     0.042     0.427
 4   111.410    15.371    -7.561
 4     0.562    -0.818     0.119
 4     0.787     0.486    -0.379
 4     0.253     0.306     0.917
 5   112.745    24.613    20.089
 5     0.408    -0.476     0.779
 5     0.289    -0.743    -0.604
 5     0.866     0.471    -0.166
 6   130.664    22.242    44.774
 6     0.354     0.093    -0.931
 6    -0.080     0.994     0.069
 6     0.932     0.049     0.359
 7   111.630   -21.570    -5.920
 7     0.789     0.574     0.218
 7    -0.610     0.689     0.390
 7     0.073    -0.441     0.894
 8   113.067   -24.733    21.525
 8     0.349    -0.161     0.923
 8    -0.207    -0.974    -0.092
 8     0.914    -0.159    -0.373
 9   129.610   -29.447    46.702
 9     0.396     0.256    -0.882
 9    -0.096     0.966     0.238
 9     0.913    -0.010     0.407
 2    97.311   -18.754    59.750
 2     0.620    -0.785     0.003
 2     0.784     0.619     0.038
 2    -0.032    -0.021     0.999
 3   128.942    -2.617     5.192
 3     0.429    -0.160    -0.889
 3     0.032     0.986    -0.162
 3     0.903     0.041     0.428
 4   111.410    15.371    -7.536
 4     0.562    -0.819     0.118
 4     0.787     0.486    -0.380
 4     0.253     0.306     0.917
 5   112.745    24.613    20.114
 5     0.408    -0.475     0.780
 5     0.289    -0.743    -0.604
 5     0.866     0.471    -0.166
 6   130.587    22.243    44.823
 6     0.354     0.092    -0.931
 6    -0.079     0.994     0.068
 6     0.932     0.050     0.359
 7   111.633   -21.569    -5.872
 7     0.789     0.574     0.217
 7    -0.610     0.690     0.390
 7     0.074    -0.441     0.894
 8   113.042   -24.735    21.577
 8     0.347    -0.164     0.923
 8    -0.209    -0.973    -0.094
 8     0.914    -0.161    -0.372
 9   129.610   -29.473    46.701
 9     0.396     0.257    -0.881
 9    -0.096     0.966     0.239
 9     0.913    -0.010     0.408
 2    97.311   -18.754    59.750
 2     0.620    -0.785     0.003
 2     0.784     0.620     0.038
 2    -0.032    -0.021     0.999
 3   128.942    -2.669     5.193
 3     0.429    -0.160    -0.889
 3     0.031     0.986    -0.162
 3     0.903     0.041     0.428
 4   111.593    15.328    -7.570
 4     0.570    -0.815     0.107
 4     0.778     0.493    -0.390
 4     0.265     0.305     0.914
 5   112.739    24.664    20.098
 5     0.406    -0.474     0.781
 5     0.293    -0.742    -0.603
 5     0.865     0.474    -0.163
 6   130.581    22.291    44.832
 6     0.354     0.093    -0.930
 6    -0.080     0.994     0.069
 6     0.931     0.050     0.360
 7   111.685   -21.567    -5.876
 7     0.791     0.572     0.216
 7    -0.607     0.691     0.393
 7     0.075    -0.442     0.894
 8   113.111   -24.849    21.354
 8     0.342    -0.160     0.926
 8    -0.218    -0.972    -0.088
 8     0.914    -0.171    -0.368
 9   129.705   -29.476    46.658
 9     0.398     0.256    -0.881
 9    -0.098     0.966     0.237
 9     0.912    -0.009     0.409
 2    97.311   -18.754    59.750
 2     0.620    -0.785     0.003
 2     0.784     0.620     0.038
 2    -0.032    -0.021     0.999
 3   128.942    -2.617     5.244
 3     0.428    -0.160    -0.890
 3     0.032     0.986    -0.162
 3     0.903     0.040     0.427
 4   111.751    15.336    -7.503
 4     0.576    -0.812     0.096
 4     0.769     0.498    -0.401
 4     0.277     0.305     0.911
 5   113.029    25.223    19.806
 5     0.396    -0.487     0.778
 5     0.313    -0.725    -0.613
 5     0.863     0.487    -0.135
 6   131.212    22.401    44.481
 6     0.366     0.140    -0.920
 6    -0.091     0.989     0.114
 6     0.926     0.042     0.375
 7   111.742   -21.537    -5.860
 7     0.793     0.569     0.215
 7    -0.604     0.691     0.397
 7     0.078    -0.445     0.892
 8   113.505   -25.174    21.339
 8     0.351    -0.143     0.925
 8    -0.232    -0.971    -0.062
 8     0.907    -0.193    -0.374
 9   130.533   -30.183    46.148
 9     0.419     0.243    -0.875
 9    -0.112     0.970     0.216
 9     0.901     0.008     0.433
 2    97.311   -18.754    59.750
 2     0.620    -0.785     0.003
 2     0.784     0.620     0.038
 2    -0.032    -0.021     0.999
 3   128.922    -2.615     5.262
 3     0.426    -0.161    -0.890
 3     0.033     0.986    -0.163
 3     0.904     0.040     0.425
 4   111.952    15.341    -7.483
 4     0.583    -0.808     0.091
 4     0.760     0.502    -0.413
 4     0.287     0.310     0.906
 5   113.683    25.699    19.842
 5     0.420    -0.478     0.771
 5     0.332    -0.710    -0.621
 5     0.844     0.516    -0.140
 6   132.701    23.224    43.719
 6     0.402     0.150    -0.903
 6    -0.087     0.988     0.125
 6     0.911     0.028     0.410
 7   111.806   -21.538    -5.922
 7     0.797     0.563     0.217
 7    -0.599     0.694     0.398
 7     0.073    -0.448     0.891
 8   114.488   -25.839    21.482
 8     0.394    -0.138     0.908
 8    -0.261    -0.965    -0.033
 8     0.881    -0.224    -0.417
 9   132.581   -31.468    45.015
 9     0.460     0.245    -0.853
 9    -0.138     0.969     0.204
 9     0.877     0.024     0.480
 2    97.261   -18.754    59.750
 2     0.620    -0.785     0.003
 2     0.784     0.619     0.038
 2    -0.032    -0.021     0.999
 3   128.953    -2.612     5.305
 3     0.423    -0.163    -0.891
 3     0.034     0.986    -0.164
 3     0.905     0.039     0.422
 4   112.002    15.389    -7.459
 4     0.591    -0.801     0.093
 4     0.754     0.507    -0.418
 4     0.287     0.317     0.904
 5   114.810    26.580    19.597
 5     0.467    -0.431     0.772
 5     0.371    -0.696    -0.614
 5     0.802     0.574    -0.165
 6   135.009    24.918    42.244
 6     0.455     0.146    -0.878
 6    -0.056     0.989     0.136
 6     0.888    -0.013     0.459
 7   111.829   -21.443    -5.943
 7     0.803     0.553     0.221
 7    -0.593     0.703     0.393
 7     0.062    -0.447     0.892
 8   115.578   -26.424    21.441
 8     0.450    -0.159     0.878
 8    -0.289    -0.957    -0.025
 8     0.844    -0.243    -0.477
 9   134.833   -32.629    43.543
 9     0.512     0.258    -0.819
 9    -0.158     0.966     0.205
 9     0.844     0.024     0.536
 2    97.311   -18.754    59.750
 2     0.620    -0.785     0.003
 2     0.784     0.619     0.038
 2    -0.032    -0.021     0.999
 3   129.059    -2.558     5.249
 3     0.421    -0.163    -0.892
 3     0.036     0.986    -0.163
 3     0.906     0.036     0.421
 4   112.027    15.368    -7.577
 4     0.604    -0.790     0.107
 4     0.751     0.519    -0.407
 4     0.266     0.327     0.907
 5   115.949    27.278    18.926
 5     0.518    -0.377     0.767
 5     0.406    -0.682    -0.609
 5     0.752     0.627    -0.201
 6   137.645    26.469    39.879
 6     0.521     0.130    -0.843
 6    -0.026     0.990     0.137
 6     0.853    -0.050     0.519
 7   111.894   -21.324    -5.984
 7     0.810     0.542     0.224
 7    -0.584     0.715     0.384
 7     0.048    -0.442     0.896
 8   116.750   -26.770    21.426
 8     0.500    -0.171     0.849
 8    -0.304    -0.953    -0.013
 8     0.811    -0.252    -0.528
 9   137.005   -32.968    42.199
 9     0.558     0.262    -0.787
 9    -0.168     0.965     0.203
 9     0.812     0.019     0.582
 2    97.311   -18.754    59.750
 2     0.620    -0.785     0.004
 2     0.784     0.619     0.038
 2    -0.032    -0.021     0.999
 3   129.067    -2.502     5.244
 3     0.418    -0.162    -0.894
 3     0.041     0.986    -0.159
 3     0.907     0.029     0.419
 4   111.968    15.216    -7.754
 4     0.615    -0.779     0.120
 4     0.750     0.533    -0.391
 4     0.240     0.331     0.912
 5   116.818    27.789    18.497
 5     0.556    -0.327     0.764
 5     0.429    -0.675    -0.601
 5     0.712     0.662    -0.235
 6   139.397    27.682    38.063
 6     0.573     0.110    -0.812
 6    -0.009     0.991     0.129
 6     0.819    -0.067     0.570
 7   111.865   -21.280    -6.002
 7     0.816     0.531     0.228
 7    -0.577     0.724     0.378
 7     0.036    -0.440     0.897
 8   117.774   -27.041    21.385
 8     0.548    -0.182     0.816
 8    -0.315    -0.949    -0.000
 8     0.775    -0.257    -0.578
 9   138.855   -33.762    40.621
 9     0.603     0.268    -0.751
 9    -0.176     0.963     0.202
 9     0.778     0.010     0.628
 2    97.311   -18.754    59.698
 2     0.620    -0.785     0.004
 2     0.784     0.619     0.038
 2    -0.032    -0.020     0.999
 3   129.118    -2.550     5.119
 3     0.418    -0.161    -0.894
 3     0.045     0.986    -0.157
 3     0.907     0.025     0.420
 4   111.870    15.060    -7.888
 4     0.626    -0.768     0.136
 4     0.751     0.547    -0.369
 4     0.208     0.333     0.919
 5   117.588    27.900    17.965
 5     0.590    -0.285     0.755
 5     0.441    -0.671    -0.597
 5     0.676     0.685    -0.271
 6   141.152    28.049    36.065
 6     0.623     0.099    -0.776
 6    -0.007     0.992     0.121
 6     0.782    -0.071     0.619
 7   111.826   -21.240    -6.132
 7     0.821     0.519     0.237
 7    -0.571     0.732     0.372
 7     0.019    -0.441     0.897
 8   118.756   -27.287    21.209
 8     0.591    -0.195     0.782
 8    -0.323    -0.946     0.009
 8     0.738    -0.258    -0.623
 9   140.831   -33.563    38.968
 9     0.650     0.261    -0.714
 9    -0.171     0.965     0.198
 9     0.741    -0.006     0.672
 2    97.311   -18.754    59.698
 2     0.620    -0.785     0.004
 2     0.784     0.620     0.037
 2    -0.032    -0.020     0.999
 3   129.144    -2.548     5.018
 3     0.418    -0.162    -0.894
 3     0.049     0.986    -0.156
 3     0.907     0.021     0.420
 4   111.798    14.877    -8.152
 4     0.638    -0.754     0.154
 4     0.749     0.563    -0.349
 4     0.176     0.338     0.924
 5   118.544    28.037    17.425
 5     0.624    -0.248     0.741
 5     0.447    -0.665    -0.598
 5     0.641     0.704    -0.304
 6   142.765    28.032    34.139
 6     0.669     0.099    -0.736
 6    -0.014     0.992     0.121
 6     0.743    -0.071     0.665
 7   111.785   -21.226    -6.311
 7     0.826     0.506     0.248
 7    -0.563     0.741     0.365
 7     0.001    -0.442     0.897
 8   119.970   -27.485    20.883
 8     0.641    -0.210     0.738
 8    -0.331    -0.943     0.019
 8     0.692    -0.256    -0.675
 9   143.152   -33.832    36.744
 9     0.701     0.257    -0.665
 9    -0.171     0.966     0.193
 9     0.692    -0.022     0.721
 2    97.311   -18.754    59.750
 2     0.620    -0.785     0.003
 2     0.784     0.620     0.038
 2    -0.032    -0.021     0.999
 3   129.295    -2.595     4.842
 3     0.418    -0.163    -0.894
 3     0.053     0.986    -0.155
 3     0.907     0.017     0.421
 4   111.662    14.714    -8.398
 4     0.651    -0.739     0.176
 4     0.746     0.580    -0.326
 4     0.138     0.343     0.929
 5   119.417    28.166    16.698
 5     0.660    -0.216     0.719
 5     0.450    -0.653    -0.610
 5     0.601     0.726    -0.334
 6   144.466    28.035    31.753
 6     0.717     0.106    -0.689
 6    -0.021     0.991     0.130
 6     0.696    -0.079     0.713
 7   111.729   -21.090    -6.495
 7     0.833     0.485     0.263
 7    -0.552     0.753     0.358
 7    -0.024    -0.444     0.896
 8   121.489   -27.613    20.358
 8     0.693    -0.226     0.684
 8    -0.339    -0.940     0.032
 8     0.636    -0.255    -0.728
 9   145.659   -33.777    34.153
 9     0.753     0.246    -0.610
 9    -0.170     0.968     0.181
 9     0.635    -0.033     0.771
 2    97.311   -18.704    59.750
 2     0.620    -0.785     0.004
 2     0.784     0.619     0.038
 2    -0.032    -0.021     0.999
 3   129.319    -2.592     4.664
 3     0.417    -0.166    -0.894
 3     0.057     0.986    -0.156
 3     0.907     0.014     0.420
 4   111.460    14.505    -8.582
 4     0.659    -0.725     0.198
 4     0.744     0.593    -0.306
 4     0.104     0.349     0.931
 5   120.395    28.348    15.992
 5     0.693    -0.182     0.697
 5     0.452    -0.643    -0.618
 5     0.561     0.744    -0.363
 6   146.029    27.998    29.827
 6     0.752     0.111    -0.649
 6    -0.029     0.990     0.136
 6     0.658    -0.084     0.748
 7   111.672   -20.979    -6.705
 7     0.840     0.467     0.276
 7    -0.541     0.765     0.349
 7    -0.049    -0.443     0.895
 8   122.846   -27.844    19.628
 8     0.736    -0.234     0.635
 8    -0.345    -0.937     0.055
 8     0.583    -0.259    -0.770
 9   147.649   -33.821    31.468
 9     0.798     0.230    -0.556
 9    -0.167     0.972     0.163
 9     0.578    -0.038     0.814
 2    97.311   -18.754    59.750
 2     0.620    -0.785     0.004
 2     0.784     0.619     0.037
 2    -0.032    -0.021     0.999
 3   129.375    -2.588     4.479
 3     0.414    -0.169    -0.895
 3     0.060     0.985    -0.158
 3     0.908     0.012     0.418
 4   111.281    14.422    -8.738
 4     0.668    -0.711     0.221
 4     0.741     0.607    -0.287
 4     0.069     0.355     0.932
 5   121.408    28.550    15.103
 5     0.727    -0.148     0.671
 5     0.456    -0.626    -0.632
 5     0.514     0.765    -0.388
 6   147.697    27.877    27.247
 6     0.791     0.122    -0.600
 6    -0.038     0.988     0.151
 6     0.610    -0.097     0.786
 7   111.615   -20.818    -6.941
 7     0.845     0.447     0.291
 7    -0.529     0.777     0.341
 7    -0.074    -0.442     0.894
 8   123.939   -27.969    18.984
 8     0.775    -0.237     0.586
 8    -0.342    -0.937     0.074
 8     0.531    -0.258    -0.807
 9   149.375   -33.603    29.169
 9     0.832     0.218    -0.510
 9    -0.162     0.975     0.152
 9     0.531    -0.044     0.846
 2    97.311   -18.754    59.750
 2     0.620    -0.785     0.003
 2     0.784     0.619     0.038
 2    -0.032    -0.021     0.999
 3   129.425    -2.536     4.353
 3     0.414    -0.170    -0.894
 3     0.062     0.985    -0.159
 3     0.908     0.010     0.418
 4   111.141    14.207    -9.034
 4     0.677    -0.693     0.249
 4     0.736     0.623    -0.266
 4     0.029     0.363     0.931
 5   122.324    28.598    14.110
 5     0.759    -0.114     0.641
 5     0.455    -0.612    -0.647
 5     0.466     0.782    -0.413
 6   149.151    27.837    24.725
 6     0.824     0.127    -0.552
 6    -0.045     0.986     0.160
 6     0.564    -0.107     0.818
 7   111.510   -20.707    -7.052
 7     0.850     0.428     0.305
 7    -0.517     0.789     0.333
 7    -0.098    -0.441     0.892
 8   125.142   -27.942    18.125
 8     0.809    -0.240     0.536
 8    -0.338    -0.937     0.090
 8     0.480    -0.254    -0.840
 9   151.041   -33.184    26.757
 9     0.864     0.204    -0.460
 9    -0.154     0.977     0.144
 9     0.478    -0.054     0.876
 2    97.311   -18.754    59.750
 2     0.620    -0.785     0.003
 2     0.784     0.619     0.038
 2    -0.032    -0.021     0.999
 3   129.475    -2.484     4.226
 3     0.414    -0.171    -0.894
 3     0.064     0.985    -0.158
 3     0.908     0.008     0.418
 4   111.018    13.947    -9.221
 4     0.684    -0.677     0.270
 4     0.729     0.637    -0.249
 4    -0.004     0.367     0.930
 5   123.261    28.499    13.125
 5     0.786    -0.087     0.612
 5     0.450    -0.598    -0.663
 5     0.423     0.797    -0.431
 6   150.274    27.651    22.458
 6     0.851     0.131    -0.509
 6    -0.049     0.984     0.172
 6     0.523    -0.122     0.843
 7   111.454   -20.597    -7.266
 7     0.853     0.411     0.319
 7    -0.506     0.800     0.322
 7    -0.122    -0.437     0.891
 8   126.360   -27.841    17.203
 8     0.843    -0.244     0.479
 8    -0.332    -0.937     0.106
 8     0.423    -0.248    -0.871
 9   152.682   -32.978    23.383
 9     0.898     0.188    -0.396
 9    -0.147     0.980     0.132
 9     0.413    -0.061     0.908
 2    97.261   -18.704    59.750
 2     0.620    -0.785     0.003
 2     0.784     0.619     0.038
 2    -0.032    -0.021     0.999
 3   129.545    -2.536     4.005
 3     0.415    -0.170    -0.894
 3     0.064     0.985    -0.157
 3     0.907     0.007     0.420
 4   110.931    13.743    -9.398
 4     0.690    -0.663     0.290
 4     0.723     0.649    -0.237
 4    -0.032     0.373     0.927
 5   124.089    28.537    12.192
 5     0.806    -0.059     0.589
 5     0.448    -0.589    -0.672
 5     0.386     0.806    -0.449
 6   151.326    27.541    20.335
 6     0.874     0.135    -0.467
 6    -0.056     0.982     0.179
 6     0.483    -0.131     0.866
 7   111.336   -20.391    -7.491
 7     0.855     0.394     0.335
 7    -0.495     0.812     0.308
 7    -0.151    -0.429     0.890
 8   127.476   -27.921    16.152
 8     0.872    -0.246     0.423
 8    -0.327    -0.936     0.129
 8     0.365    -0.251    -0.896
 9   154.102   -32.312    20.426
 9     0.928     0.161    -0.336
 9    -0.130     0.985     0.114
 9     0.349    -0.062     0.935
 2    97.311   -18.754    59.750
 2     0.620    -0.785     0.004
 2     0.784     0.620     0.037
 2    -0.032    -0.021     0.999
 3   129.644    -2.587     3.776
 3     0.415    -0.169    -0.894
 3     0.064     0.985    -0.157
 3     0.907     0.008     0.420
 4   110.682    13.687    -9.592
 4     0.693    -0.648     0.316
 4     0.718     0.659    -0.223
 4    -0.064     0.382     0.922
 5   124.815    28.469    11.188
 5     0.827    -0.033     0.560
 5     0.441    -0.579    -0.685
 5     0.347     0.814    -0.465
 6   152.394    26.864    17.852
 6     0.897     0.147    -0.417
 6    -0.073     0.979     0.190
 6     0.436    -0.141     0.889
 7   111.211   -20.136    -7.808
 7     0.856     0.376     0.354
 7    -0.483     0.825     0.292
 7    -0.183    -0.421     0.888
 8   128.455   -27.848    15.086
 8     0.894    -0.249     0.371
 8    -0.322    -0.935     0.148
 8     0.310    -0.251    -0.917
 9   155.278   -31.772    17.283
 9     0.951     0.137    -0.275
 9    -0.114     0.988     0.100
 9     0.286    -0.064     0.956
 2    97.311   -18.754    59.750
 2     0.620    -0.784     0.004
 2     0.784     0.620     0.037
 2    -0.032    -0.021     0.999
 3   129.644    -2.537     3.521
 3     0.417    -0.169    -0.893
 3     0.063     0.985    -0.157
 3     0.907     0.009     0.421
 4   110.523    13.664    -9.830
 4     0.693    -0.637     0.337
 4     0.715     0.666    -0.213
 4    -0.089     0.388     0.917
 5   125.520    28.505    10.283
 5     0.845    -0.007     0.534
 5     0.436    -0.568    -0.698
 5     0.309     0.823    -0.477
 6   153.107    26.604    15.791
 6     0.913     0.151    -0.377
 6    -0.081     0.977     0.197
 6     0.398    -0.150     0.905
 7   111.125   -20.031    -8.015
 7     0.855     0.362     0.371
 7    -0.475     0.835     0.277
 7    -0.209    -0.413     0.886
 8   129.226   -27.823    14.117
 8     0.911    -0.251     0.326
 8    -0.316    -0.934     0.165
 8     0.263    -0.254    -0.931
 9   156.122   -31.227    14.595
 9     0.968     0.115    -0.222
 9    -0.098     0.991     0.086
 9     0.230    -0.061     0.971
 2    97.311   -18.754    59.750
 2     0.620    -0.785     0.003
 2     0.784     0.620     0.037
 2    -0.032    -0.021     0.999
 3   129.713    -2.539     3.350
 3     0.417    -0.168    -0.893
 3     0.062     0.985    -0.157
 3     0.906     0.010     0.422
 4   110.336    13.409    -9.982
 4     0.696    -0.623     0.357
 4     0.708     0.676    -0.201
 4    -0.117     0.393     0.912
 5   126.127    28.465     9.224
 5     0.860     0.016     0.509
 5     0.431    -0.556    -0.711
 5     0.271     0.831    -0.485
 6   153.824    26.192    13.601
 6     0.928     0.158    -0.336
 6    -0.091     0.974     0.207
 6     0.360    -0.162     0.919
 7   110.910   -19.825    -8.189
 7     0.852     0.348     0.390
 7    -0.465     0.844     0.264
 7    -0.237    -0.407     0.882
 8   129.790   -27.768    13.126
 8     0.924    -0.252     0.286
 8    -0.310    -0.934     0.177
 8     0.222    -0.252    -0.942
 9   156.736   -30.855    12.188
 9     0.979     0.098    -0.176
 9    -0.086     0.993     0.075
 9     0.182    -0.059     0.981
 2    97.311   -18.754    59.750
 2     0.620    -0.785     0.003
 2     0.784     0.619     0.037
 2    -0.032    -0.021     0.999
 3   129.714    -2.590     3.172
 3     0.419    -0.167    -0.892
 3     0.062     0.986    -0.156
 3     0.906     0.010     0.423
 4   110.181    13.208   -10.221
 4     0.698    -0.610     0.376
 4     0.702     0.686    -0.191
 4    -0.141     0.397     0.907
 5   126.667    28.379     8.307
 5     0.872     0.041     0.487
 5     0.428    -0.546    -0.720
 5     0.236     0.837    -0.493
 6   154.477    25.835    11.651
 6     0.940     0.163    -0.299
 6    -0.099     0.971     0.218
 6     0.326    -0.175     0.929
 7   110.831   -19.795    -8.398
 7     0.849     0.336     0.407
 7    -0.459     0.851     0.255
 7    -0.261    -0.403     0.877
 8   130.389   -27.786    12.345
 8     0.934    -0.253     0.252
 8    -0.304    -0.934     0.189
 8     0.187    -0.253    -0.949
 9   157.216   -30.273    10.064
 9     0.987     0.079    -0.136
 9    -0.070     0.995     0.067
 9     0.141    -0.057     0.988
 2    97.311   -18.754    59.699
 2     0.620    -0.785     0.003
 2     0.784     0.620     0.037
 2    -0.032    -0.021     0.999
 3   129.758    -2.592     3.078
 3     0.421    -0.167    -0.891
 3     0.062     0.986    -0.155
 3     0.905     0.010     0.425
 4   110.044    12.953   -10.423
 4     0.698    -0.597     0.394
 4     0.695     0.696    -0.177
 4    -0.169     0.398     0.901
 5   126.971    28.264     7.299
 5     0.883     0.071     0.464
 5     0.427    -0.535    -0.729
 5     0.196     0.842    -0.502
 6   154.887    25.674     9.267
 6     0.953     0.165    -0.255
 6    -0.106     0.967     0.229
 6     0.284    -0.191     0.939
 7   110.690   -19.734    -8.422
 7     0.846     0.327     0.419
 7    -0.453     0.856     0.246
 7    -0.279    -0.399     0.874
 8   130.786   -27.756    11.517
 8     0.942    -0.255     0.215
 8    -0.298    -0.933     0.202
 8     0.150    -0.255    -0.955
 9   157.565   -29.924     7.946
 9     0.993     0.064    -0.094
 9    -0.059     0.996     0.057
 9     0.097    -0.051     0.994
 2    97.311   -18.754    59.698
 2     0.620    -0.785     0.004
 2     0.784     0.620     0.037
 2    -0.032    -0.020     0.999
 3   129.753    -2.643     3.009
 3     0.423    -0.167    -0.891
 3     0.063     0.986    -0.155
 3     0.904     0.009     0.427
 4   109.697    12.744   -10.588
 4     0.697    -0.582     0.417
 4     0.688     0.707    -0.163
 4    -0.201     0.401     0.894
 5   127.228    28.304     6.335
 5     0.889     0.102     0.445
 5     0.429    -0.523    -0.736
 5     0.158     0.846    -0.509
 6   155.205    25.403     6.654
 6     0.965     0.170    -0.200
 6    -0.120     0.963     0.239
 6     0.233    -0.207     0.950
 7   110.475   -19.622    -8.424
 7     0.844     0.319     0.431
 7    -0.448     0.862     0.237
 7    -0.296    -0.393     0.870
 8   131.183   -27.829    10.817
 8     0.948    -0.261     0.182
 8    -0.297    -0.930     0.216
 8     0.113    -0.259    -0.959
 9   157.770   -29.828     5.946
 9     0.997     0.055    -0.054
 9    -0.052     0.997     0.046
 9     0.056    -0.043     0.997
 2    97.311   -18.754    59.750
 2     0.620    -0.785     0.003
 2     0.784     0.620     0.038
 2    -0.032    -0.021     0.999
 3   129.697    -2.645     2.966
 3     0.425    -0.166    -0.890
 3     0.064     0.986    -0.153
 3     0.903     0.008     0.430
 4   109.480    12.547   -10.763
 4     0.697    -0.572     0.431
 4     0.682     0.715    -0.154
 4    -0.220     0.401     0.889
 5   127.427    28.315     5.229
 5     0.894     0.135     0.426
 5     0.432    -0.509    -0.744
 5     0.116     0.850    -0.514
 6   155.271    25.242     4.640
 6     0.972     0.170    -0.158
 6    -0.129     0.961     0.245
 6     0.193    -0.218     0.956
 7   110.359   -19.460    -8.451
 7     0.840     0.312     0.442
 7    -0.442     0.867     0.228
 7    -0.313    -0.387     0.867
 8   131.385   -27.928     9.987
 8     0.951    -0.270     0.149
 8    -0.299    -0.927     0.227
 8     0.077    -0.261    -0.962
 9   157.842   -29.635     3.753
 9     0.999     0.045    -0.010
 9    -0.045     0.998     0.035
 9     0.011    -0.034     0.999
 2    97.311   -18.754    59.699
 2     0.620    -0.784     0.004
 2     0.784     0.620     0.037
 2    -0.032    -0.021     0.999
 3   129.612    -2.673     2.930
 3     0.427    -0.164    -0.889
 3     0.065     0.986    -0.151
 3     0.901     0.006     0.432
 4   109.368    12.351   -10.893
 4     0.700    -0.561     0.443
 4     0.674     0.724    -0.149
 4    -0.237     0.402     0.884
 5   127.626    28.457     4.143
 5     0.895     0.172     0.411
 5     0.440    -0.494    -0.750
 5     0.075     0.852    -0.518
 6   155.385    25.389     2.522
 6     0.979     0.164    -0.117
 6    -0.131     0.959     0.252
 6     0.153    -0.232     0.960
 7   110.095   -19.324    -8.553
 7     0.836     0.305     0.455
 7    -0.438     0.872     0.219
 7    -0.330    -0.383     0.863
 8   131.668   -27.923     9.299
 8     0.953    -0.276     0.118
 8    -0.297    -0.925     0.236
 8     0.044    -0.261    -0.964
 9   157.854   -29.463     1.800
 9     0.999     0.039     0.029
 9    -0.040     0.999     0.028
 9    -0.028    -0.030     0.999
 2    97.311   -18.754    59.750
 2     0.620    -0.784     0.004
 2     0.784     0.620     0.038
 2    -0.032    -0.021     0.999
 3   129.513    -2.673     2.930
 3     0.428    -0.161    -0.889
 3     0.066     0.987    -0.147
 3     0.901     0.005     0.433
 4   109.145    12.052   -11.012
 4     0.697    -0.552     0.458
 4     0.669     0.730    -0.139
 4    -0.258     0.403     0.878
 5   127.596    28.478     3.290
 5     0.894     0.199     0.400
 5     0.445    -0.482    -0.755
 5     0.042     0.853    -0.520
 6   155.293    25.416     0.908
 6     0.983     0.158    -0.086
 6    -0.132     0.958     0.253
 6     0.122    -0.238     0.964
 7   109.829   -19.264    -8.575
 7     0.832     0.297     0.469
 7    -0.433     0.876     0.212
 7    -0.348    -0.379     0.857
 8   131.787   -27.965     8.574
 8     0.954    -0.283     0.090
 8    -0.297    -0.924     0.242
 8     0.015    -0.258    -0.966
 9   157.805   -29.260     0.161
 9     0.997     0.032     0.062
 9    -0.034     0.999     0.028
 9    -0.061    -0.030     0.997
 2    97.263   -18.754    59.747
 2     0.620    -0.784     0.003
 2     0.784     0.620     0.037
 2    -0.031    -0.021     0.999
 3   129.377    -2.677     2.995
 3     0.432    -0.161    -0.888
 3     0.066     0.987    -0.147
 3     0.899     0.005     0.436
 4   108.871    11.906   -11.264
 4     0.692    -0.545     0.474
 4     0.667     0.734    -0.130
 4    -0.278     0.406     0.870
 5   127.495    28.533     2.537
 5     0.894     0.216     0.393
 5     0.448    -0.470    -0.761
 5     0.020     0.856    -0.517
 6   155.116    25.387    -1.050
 6     0.987     0.154    -0.051
 6    -0.137     0.958     0.251
 6     0.087    -0.241     0.966
 7   109.664   -19.050    -8.702
 7     0.828     0.288     0.480
 7    -0.425     0.881     0.205
 7    -0.365    -0.375     0.852
 8   131.980   -27.727     7.847
 8     0.956    -0.286     0.062
 8    -0.292    -0.924     0.246
 8    -0.014    -0.254    -0.967
 9   157.772   -28.832    -1.621
 9     0.995     0.022     0.099
 9    -0.025     0.999     0.026
 9    -0.098    -0.029     0.995
 2    97.261   -18.754    59.750
 2     0.620    -0.784     0.004
 2     0.784     0.620     0.037
 2    -0.032    -0.021     0.999
 3   129.322    -2.679     2.952
 3     0.434    -0.159    -0.887
 3     0.065     0.987    -0.145
 3     0.898     0.005     0.438
 4   108.542    11.656   -11.428
 4     0.686    -0.536     0.492
 4     0.662     0.740    -0.119
 4    -0.301     0.407     0.862
 5   127.501    28.497     1.394
 5     0.892     0.248     0.376
 5     0.451    -0.456    -0.767
 5    -0.019     0.854    -0.519
 6   154.910    25.126    -3.199
 6     0.988     0.151    -0.010
 6    -0.144     0.956     0.253
 6     0.048    -0.249     0.967
 7   109.451   -18.888    -8.756
 7     0.823     0.280     0.493
 7    -0.420     0.886     0.198
 7    -0.381    -0.370     0.847
 8   132.152   -27.642     7.216
 8     0.956    -0.290     0.035
 8    -0.289    -0.923     0.252
 8    -0.041    -0.251    -0.967
 9   157.606   -28.508    -3.623
 9     0.990     0.012     0.138
 9    -0.016     0.999     0.024
 9    -0.138    -0.027     0.990
 2    97.311   -18.754    59.699
 2     0.620    -0.784     0.004
 2     0.784     0.620     0.037
 2    -0.032    -0.021     0.999
 3   129.247    -2.679     2.901
 3     0.436    -0.158    -0.886
 3     0.065     0.987    -0.144
 3     0.898     0.005     0.440
 4   108.286    11.379   -11.538
 4     0.680    -0.527     0.510
 4     0.657     0.746    -0.105
 4    -0.325     0.406     0.854
 5   127.362    28.615     0.246
 5     0.888     0.280     0.365
 5     0.456    -0.440    -0.774
 5    -0.056     0.853    -0.518
 6   154.541    25.038    -5.610
 6     0.989     0.144     0.036
 6    -0.148     0.954     0.259
 6     0.003    -0.262     0.965
 7   109.311   -18.802    -8.832
 7     0.818     0.273     0.505
 7    -0.414     0.890     0.190
 7    -0.398    -0.365     0.842
 8   132.385   -27.484     6.326
 8     0.955    -0.294     0.001
 8    -0.285    -0.923     0.259
 8    -0.075    -0.248    -0.966
 9   157.422   -27.953    -5.459
 9     0.984     0.001     0.174
 9    -0.006     1.000     0.021
 9    -0.174    -0.022     0.984
 2    97.313   -18.804    59.747
 2     0.620    -0.784     0.003
 2     0.783     0.620     0.037
 2    -0.031    -0.021     0.999
 3   129.192    -2.681     2.907
 3     0.436    -0.158    -0.886
 3     0.065     0.987    -0.144
 3     0.897     0.005     0.441
 4   108.014    11.029   -11.660
 4     0.674    -0.520     0.525
 4     0.653     0.751    -0.095
 4    -0.345     0.406     0.846
 5   127.231    28.586    -0.661
 5     0.882     0.309     0.354
 5     0.462    -0.427    -0.777
 5    -0.089     0.849    -0.520
 6   154.274    25.012    -7.323
 6     0.988     0.136     0.067
 6    -0.150     0.953     0.262
 6    -0.029    -0.270     0.962
 7   109.148   -18.792    -8.884
 7     0.813     0.266     0.517
 7    -0.409     0.894     0.183
 7    -0.414    -0.361     0.836
 8   132.537   -27.507     5.468
 8     0.953    -0.301    -0.033
 8    -0.282    -0.921     0.269
 8    -0.111    -0.247    -0.963
 9   157.096   -27.964    -7.708
 9     0.976    -0.003     0.217
 9    -0.001     1.000     0.016
 9    -0.217    -0.016     0.976
 2    97.263   -18.754    59.747
 2     0.620    -0.784     0.003
 2     0.783     0.620     0.037
 2    -0.031    -0.020     0.999
 3   129.067    -2.782     2.882
 3     0.437    -0.157    -0.886
 3     0.066     0.987    -0.143
 3     0.897     0.004     0.442
 4   107.692    10.883   -11.785
 4     0.668    -0.512     0.539
 4     0.649     0.756    -0.086
 4    -0.364     0.407     0.837
 5   126.986    28.638    -1.531
 5     0.875     0.335     0.348
 5     0.469    -0.415    -0.779
 5    -0.117     0.845    -0.521
 6   153.803    25.113    -9.185
 6     0.987     0.126     0.101
 6    -0.149     0.952     0.268
 6    -0.062    -0.280     0.958
 7   108.878   -18.710    -9.004
 7     0.806     0.258     0.532
 7    -0.403     0.898     0.174
 7    -0.433    -0.355     0.828
 8   132.644   -27.580     4.580
 8     0.948    -0.310    -0.065
 8    -0.281    -0.919     0.278
 8    -0.145    -0.246    -0.958
 9   156.633   -27.546   -10.176
 9     0.964    -0.012     0.264
 9     0.010     1.000     0.009
 9    -0.264    -0.006     0.964
 2    97.314   -18.754    59.696
 2     0.620    -0.784     0.003
 2     0.783     0.620     0.037
 2    -0.031    -0.020     0.999
 3   129.063    -2.785     2.788
 3     0.440    -0.156    -0.885
 3     0.065     0.988    -0.141
 3     0.896     0.004     0.444
 4   107.418    10.610   -11.855
 4     0.661    -0.504     0.555
 4     0.644     0.761    -0.077
 4    -0.384     0.408     0.828
 5   126.663    28.713    -2.342
 5     0.867     0.361     0.343
 5     0.476    -0.398    -0.784
 5    -0.147     0.843    -0.517
 6   153.226    25.235   -11.187
 6     0.984     0.116     0.137
 6    -0.151     0.949     0.278
 6    -0.099    -0.294     0.950
 7   108.604   -18.552    -8.962
 7     0.798     0.248     0.548
 7    -0.396     0.903     0.167
 7    -0.454    -0.351     0.819
 8   132.671   -27.604     3.570
 8     0.943    -0.317    -0.098
