% Calibrated with leiden_pols
% Positions are in centimeters
Data =[
 2    98.252   -18.860    59.144
 2     0.571    -0.821     0.005
 2     0.820     0.570     0.032
 2    -0.028    -0.015     0.999
 3   131.513    -1.446     0.462
 3     0.532    -0.128    -0.838
 3     0.126     0.989    -0.070
 3     0.837    -0.069     0.542
 4   118.608    16.866    -4.495
 4     0.746    -0.625     0.229
 4     0.637     0.571    -0.518
 4     0.193     0.531     0.824
 5   123.617    25.658    22.296
 5     0.339    -0.734     0.590
 5     0.101    -0.594    -0.797
 5     0.935     0.329    -0.126
 6   137.104    25.484    43.664
 6     0.462    -0.483    -0.747
 6     0.029     0.847    -0.527
 6     0.886     0.220     0.405
 7   116.716   -18.120    -4.324
 7     0.769     0.420     0.483
 7    -0.597     0.740     0.309
 7    -0.227    -0.526     0.819
 8   121.087   -27.177    20.391
 8     0.245     0.603     0.760
 8    -0.177    -0.742     0.645
 8     0.953    -0.292    -0.074
 9   133.920   -29.522    46.917
 9     0.329     0.492    -0.808
 9     0.117     0.826     0.548
 9     0.937    -0.273     0.214
 2    98.202   -18.860    59.144
 2     0.571    -0.821     0.004
 2     0.820     0.570     0.032
 2    -0.028    -0.015     0.999
 3   131.539    -1.445     0.462
 3     0.531    -0.128    -0.838
 3     0.127     0.989    -0.070
 3     0.837    -0.070     0.541
 4   118.658    16.916    -4.470
 4     0.746    -0.626     0.229
 4     0.637     0.571    -0.518
 4     0.193     0.531     0.824
 5   123.591    25.710    22.295
 5     0.339    -0.733     0.591
 5     0.102    -0.594    -0.797
 5     0.935     0.329    -0.126
 6   137.053    25.484    43.713
 6     0.462    -0.486    -0.745
 6     0.029     0.845    -0.530
 6     0.886     0.222     0.404
 7   116.716   -18.069    -4.273
 7     0.770     0.419     0.482
 7    -0.597     0.740     0.309
 7    -0.227    -0.525     0.819
 8   121.087   -27.128    20.392
 8     0.244     0.604     0.760
 8    -0.178    -0.742     0.646
 8     0.953    -0.292    -0.073
 9   133.871   -29.521    46.917
 9     0.328     0.493    -0.808
 9     0.118     0.826     0.549
 9     0.937    -0.274     0.213
 2    98.202   -18.860    59.144
 2     0.571    -0.822     0.005
 2     0.820     0.570     0.032
 2    -0.028    -0.015     0.999
 3   131.546    -1.415     0.527
 3     0.528    -0.131    -0.839
 3     0.129     0.989    -0.072
 3     0.839    -0.070     0.539
 4   118.663    16.868    -4.425
 4     0.745    -0.627     0.228
 4     0.638     0.570    -0.518
 4     0.195     0.530     0.824
 5   123.591    25.658    22.347
 5     0.339    -0.733     0.591
 5     0.102    -0.595    -0.797
 5     0.935     0.329    -0.125
 6   137.026    25.535    43.763
 6     0.461    -0.489    -0.744
 6     0.029     0.843    -0.534
 6     0.886     0.223     0.403
 7   116.849   -18.064    -4.291
 7     0.772     0.422     0.476
 7    -0.595     0.741     0.310
 7    -0.222    -0.522     0.823
 8   121.198   -27.128    20.397
 8     0.239     0.611     0.755
 8    -0.177    -0.737     0.651
 8     0.955    -0.288    -0.068
 9   133.871   -29.519    46.917
 9     0.327     0.492    -0.809
 9     0.120     0.825     0.549
 9     0.937    -0.275     0.211
 2    98.202   -18.860    59.144
 2     0.571    -0.821     0.004
 2     0.820     0.570     0.032
 2    -0.028    -0.015     0.999
 3   131.553    -1.360     0.667
 3     0.523    -0.139    -0.841
 3     0.132     0.988    -0.080
 3     0.841    -0.070     0.535
 4   118.723    16.871    -4.435
 4     0.744    -0.630     0.224
 4     0.638     0.570    -0.518
 4     0.199     0.527     0.826
 5   123.542    25.658    22.450
 5     0.340    -0.735     0.589
 5     0.102    -0.592    -0.798
 5     0.935     0.331    -0.125
 6   137.026    25.535    43.763
 6     0.461    -0.488    -0.744
 6     0.029     0.844    -0.533
 6     0.886     0.223     0.403
 7   116.646   -18.117    -4.182
 7     0.771     0.422     0.479
 7    -0.597     0.740     0.309
 7    -0.224    -0.523     0.821
 8   120.915   -27.126    20.519
 8     0.245     0.598     0.764
 8    -0.178    -0.747     0.640
 8     0.953    -0.292    -0.076
 9   133.816   -29.572    47.003
 9     0.331     0.496    -0.805
 9     0.120     0.822     0.553
 9     0.936    -0.278     0.212
 2    98.202   -18.860    59.144
 2     0.571    -0.822     0.004
 2     0.820     0.570     0.032
 2    -0.028    -0.015     0.999
 3   131.354    -1.435     0.667
 3     0.524    -0.141    -0.840
 3     0.134     0.987    -0.081
 3     0.841    -0.071     0.536
 4   118.494    16.869    -4.429
 4     0.744    -0.630     0.225
 4     0.638     0.570    -0.517
 4     0.197     0.527     0.826
 5   123.434    25.630    22.407
 5     0.342    -0.733     0.589
 5     0.103    -0.593    -0.798
 5     0.934     0.333    -0.126
 6   136.976    25.536    43.763
 6     0.463    -0.488    -0.743
 6     0.031     0.844    -0.532
 6     0.886     0.222     0.405
 7   116.596   -18.067    -4.156
 7     0.771     0.421     0.479
 7    -0.597     0.740     0.309
 7    -0.224    -0.524     0.821
 8   120.964   -27.126    20.570
 8     0.245     0.601     0.762
 8    -0.177    -0.744     0.643
 8     0.953    -0.291    -0.075
 9   133.815   -29.598    47.003
 9     0.332     0.495    -0.806
 9     0.120     0.823     0.553
 9     0.936    -0.278     0.213
 2    98.202   -18.860    59.195
 2     0.571    -0.821     0.004
 2     0.820     0.570     0.032
 2    -0.028    -0.015     0.999
 3   131.358    -1.433     0.661
 3     0.522    -0.143    -0.841
 3     0.136     0.987    -0.083
 3     0.842    -0.072     0.535
 4   118.494    16.869    -4.378
 4     0.744    -0.631     0.224
 4     0.639     0.570    -0.516
 4     0.197     0.526     0.827
 5   123.434    25.656    22.407
 5     0.342    -0.733     0.589
 5     0.103    -0.593    -0.798
 5     0.934     0.333    -0.126
 6   136.970    25.535    43.820
 6     0.463    -0.488    -0.743
 6     0.031     0.844    -0.533
 6     0.885     0.223     0.405
 7   116.646   -18.067    -4.156
 7     0.771     0.422     0.479
 7    -0.597     0.740     0.309
 7    -0.224    -0.524     0.821
 8   120.964   -27.126    20.570
 8     0.245     0.601     0.762
 8    -0.177    -0.744     0.643
 8     0.953    -0.291    -0.075
 9   133.784   -29.574    47.012
 9     0.332     0.495    -0.805
 9     0.121     0.822     0.554
 9     0.935    -0.280     0.213
 2    98.202   -18.860    59.195
 2     0.571    -0.822     0.004
 2     0.820     0.570     0.032
 2    -0.028    -0.015     0.999
 3   131.353    -1.433     0.692
 3     0.522    -0.144    -0.841
 3     0.137     0.987    -0.083
 3     0.841    -0.072     0.535
 4   118.496    16.871    -4.381
 4     0.743    -0.631     0.224
 4     0.639     0.570    -0.516
 4     0.198     0.526     0.827
 5   123.434    25.630    22.458
 5     0.342    -0.733     0.589
 5     0.103    -0.593    -0.798
 5     0.934     0.333    -0.126
 6   136.971    25.535    43.821
 6     0.464    -0.489    -0.742
 6     0.032     0.843    -0.533
 6     0.885     0.222     0.406
 7   116.647   -18.117    -4.156
 7     0.770     0.422     0.479
 7    -0.597     0.740     0.310
 7    -0.224    -0.524     0.821
 8   120.964   -27.126    20.570
 8     0.245     0.601     0.762
 8    -0.177    -0.744     0.643
 8     0.953    -0.291    -0.075
 9   133.809   -29.574    47.012
 9     0.333     0.496    -0.805
 9     0.121     0.822     0.554
 9     0.935    -0.280     0.213
 2    98.202   -18.860    59.195
 2     0.571    -0.822     0.004
 2     0.821     0.569     0.032
 2    -0.028    -0.015     0.999
 3   131.357    -1.432     0.686
 3     0.522    -0.144    -0.841
 3     0.137     0.987    -0.084
 3     0.842    -0.072     0.534
 4   118.496    16.870    -4.380
 4     0.743    -0.631     0.223
 4     0.639     0.570    -0.516
 4     0.198     0.525     0.827
 5   123.426    25.581    22.467
 5     0.342    -0.730     0.594
 5     0.107    -0.596    -0.795
 5     0.933     0.335    -0.125
