% Calibrated with leiden_pols
% Positions are in centimeters
Data =[
 2    98.252   -18.860    59.144
 2     0.571    -0.821     0.005
 2     0.820     0.570     0.032
 2    -0.028    -0.015     0.999
 3   131.513    -1.446     0.462
 3     0.532    -0.128    -0.838
 3     0.126     0.989    -0.070
 3     0.837    -0.069     0.542
 4   118.608    16.866    -4.495
 4     0.746    -0.625     0.229
 4     0.637     0.571    -0.518
 4     0.193     0.531     0.824
 5   123.617    25.658    22.296
 5     0.339    -0.734     0.590
 5     0.101    -0.594    -0.797
 5     0.935     0.329    -0.126
 6   137.104    25.484    43.664
 6     0.462    -0.483    -0.747
 6     0.029     0.847    -0.527
 6     0.886     0.220     0.405
 7   116.716   -18.120    -4.324
 7     0.769     0.420     0.483
 7    -0.597     0.740     0.309
 7    -0.227    -0.526     0.819
 8   121.087   -27.177    20.391
 8     0.245     0.603     0.760
 8    -0.177    -0.742     0.645
 8     0.953    -0.292    -0.074
 9   133.920   -29.522    46.917
 9     0.329     0.492    -0.808
 9     0.117     0.826     0.548
 9     0.937    -0.273     0.214
 2    98.202   -18.860    59.144
 2     0.571    -0.821     0.004
 2     0.820     0.570     0.032
 2    -0.028    -0.015     0.999
 3   131.539    -1.445     0.462
 3     0.531    -0.128    -0.838
 3     0.127     0.989    -0.070
 3     0.837    -0.070     0.541
 4   118.658    16.916    -4.470
 4     0.746    -0.626     0.229
 4     0.637     0.571    -0.518
 4     0.193     0.531     0.824
 5   123.591    25.710    22.295
 5     0.339    -0.733     0.591
 5     0.102    -0.594    -0.797
 5     0.935     0.329    -0.126
 6   137.053    25.484    43.713
 6     0.462    -0.486    -0.745
 6     0.029     0.845    -0.530
 6     0.886     0.222     0.404
 7   116.716   -18.069    -4.273
 7     0.770     0.419     0.482
 7    -0.597     0.740     0.309
 7    -0.227    -0.525     0.819
 8   121.087   -27.128    20.392
 8     0.244     0.604     0.760
 8    -0.178    -0.742     0.646
 8     0.953    -0.292    -0.073
 9   133.871   -29.521    46.917
 9     0.328     0.493    -0.808
 9     0.118     0.826     0.549
 9     0.937    -0.274     0.213
 2    98.202   -18.860    59.144
 2     0.571    -0.822     0.005
 2     0.820     0.570     0.032
 2    -0.028    -0.015     0.999
 3   131.546    -1.415     0.527
 3     0.528    -0.131    -0.839
 3     0.129     0.989    -0.072
 3     0.839    -0.070     0.539
 4   118.663    16.868    -4.425
 4     0.745    -0.627     0.228
 4     0.638     0.570    -0.518
 4     0.195     0.530     0.824
 5   123.591    25.658    22.347
 5     0.339    -0.733     0.591
 5     0.102    -0.595    -0.797
 5     0.935     0.329    -0.125
 6   137.026    25.535    43.763
 6     0.461    -0.489    -0.744
 6     0.029     0.843    -0.534
 6     0.886     0.223     0.403
 7   116.849   -18.064    -4.291
 7     0.772     0.422     0.476
 7    -0.595     0.741     0.310
 7    -0.222    -0.522     0.823
 8   121.198   -27.128    20.397
 8     0.239     0.611     0.755
 8    -0.177    -0.737     0.651
 8     0.955    -0.288    -0.068
 9   133.871   -29.519    46.917
 9     0.327     0.492    -0.809
 9     0.120     0.825     0.549
 9     0.937    -0.275     0.211
 2    98.202   -18.860    59.144
 2     0.571    -0.821     0.004
 2     0.820     0.570     0.032
 2    -0.028    -0.015     0.999
 3   131.553    -1.360     0.667
 3     0.523    -0.139    -0.841
 3     0.132     0.988    -0.080
 3     0.841    -0.070     0.535
 4   118.723    16.871    -4.435
 4     0.744    -0.630     0.224
 4     0.638     0.570    -0.518
 4     0.199     0.527     0.826
 5   123.542    25.658    22.450
 5     0.340    -0.735     0.589
 5     0.102    -0.592    -0.798
 5     0.935     0.331    -0.125
 6   137.026    25.535    43.763
 6     0.461    -0.488    -0.744
 6     0.029     0.844    -0.533
 6     0.886     0.223     0.403
 7   116.646   -18.117    -4.182
 7     0.771     0.422     0.479
 7    -0.597     0.740     0.309
 7    -0.224    -0.523     0.821
 8   120.915   -27.126    20.519
 8     0.245     0.598     0.764
 8    -0.178    -0.747     0.640
 8     0.953    -0.292    -0.076
 9   133.816   -29.572    47.003
 9     0.331     0.496    -0.805
 9     0.120     0.822     0.553
 9     0.936    -0.278     0.212
 2    98.202   -18.860    59.144
 2     0.571    -0.822     0.004
 2     0.820     0.570     0.032
 2    -0.028    -0.015     0.999
 3   131.354    -1.435     0.667
 3     0.524    -0.141    -0.840
 3     0.134     0.987    -0.081
 3     0.841    -0.071     0.536
 4   118.494    16.869    -4.429
 4     0.744    -0.630     0.225
 4     0.638     0.570    -0.517
 4     0.197     0.527     0.826
 5   123.434    25.630    22.407
 5     0.342    -0.733     0.589
 5     0.103    -0.593    -0.798
 5     0.934     0.333    -0.126
 6   136.976    25.536    43.763
 6     0.463    -0.488    -0.743
 6     0.031     0.844    -0.532
 6     0.886     0.222     0.405
 7   116.596   -18.067    -4.156
 7     0.771     0.421     0.479
 7    -0.597     0.740     0.309
 7    -0.224    -0.524     0.821
 8   120.964   -27.126    20.570
 8     0.245     0.601     0.762
 8    -0.177    -0.744     0.643
 8     0.953    -0.291    -0.075
 9   133.815   -29.598    47.003
 9     0.332     0.495    -0.806
 9     0.120     0.823     0.553
 9     0.936    -0.278     0.213
 2    98.202   -18.860    59.195
 2     0.571    -0.821     0.004
 2     0.820     0.570     0.032
 2    -0.028    -0.015     0.999
 3   131.358    -1.433     0.661
 3     0.522    -0.143    -0.841
 3     0.136     0.987    -0.083
 3     0.842    -0.072     0.535
 4   118.494    16.869    -4.378
 4     0.744    -0.631     0.224
 4     0.639     0.570    -0.516
 4     0.197     0.526     0.827
 5   123.434    25.656    22.407
 5     0.342    -0.733     0.589
 5     0.103    -0.593    -0.798
 5     0.934     0.333    -0.126
 6   136.970    25.535    43.820
 6     0.463    -0.488    -0.743
 6     0.031     0.844    -0.533
 6     0.885     0.223     0.405
 7   116.646   -18.067    -4.156
 7     0.771     0.422     0.479
 7    -0.597     0.740     0.309
 7    -0.224    -0.524     0.821
 8   120.964   -27.126    20.570
 8     0.245     0.601     0.762
 8    -0.177    -0.744     0.643
 8     0.953    -0.291    -0.075
 9   133.784   -29.574    47.012
 9     0.332     0.495    -0.805
 9     0.121     0.822     0.554
 9     0.935    -0.280     0.213
 2    98.202   -18.860    59.195
 2     0.571    -0.822     0.004
 2     0.820     0.570     0.032
 2    -0.028    -0.015     0.999
 3   131.353    -1.433     0.692
 3     0.522    -0.144    -0.841
 3     0.137     0.987    -0.083
 3     0.841    -0.072     0.535
 4   118.496    16.871    -4.381
 4     0.743    -0.631     0.224
 4     0.639     0.570    -0.516
 4     0.198     0.526     0.827
 5   123.434    25.630    22.458
 5     0.342    -0.733     0.589
 5     0.103    -0.593    -0.798
 5     0.934     0.333    -0.126
 6   136.971    25.535    43.821
 6     0.464    -0.489    -0.742
 6     0.032     0.843    -0.533
 6     0.885     0.222     0.406
 7   116.647   -18.117    -4.156
 7     0.770     0.422     0.479
 7    -0.597     0.740     0.310
 7    -0.224    -0.524     0.821
 8   120.964   -27.126    20.570
 8     0.245     0.601     0.762
 8    -0.177    -0.744     0.643
 8     0.953    -0.291    -0.075
 9   133.809   -29.574    47.012
 9     0.333     0.496    -0.805
 9     0.121     0.822     0.554
 9     0.935    -0.280     0.213
 2    98.202   -18.860    59.195
 2     0.571    -0.822     0.004
 2     0.821     0.569     0.032
 2    -0.028    -0.015     0.999
 3   131.357    -1.432     0.686
 3     0.522    -0.144    -0.841
 3     0.137     0.987    -0.084
 3     0.842    -0.072     0.534
 4   118.496    16.870    -4.380
 4     0.743    -0.631     0.223
 4     0.639     0.570    -0.516
 4     0.198     0.525     0.827
 5   123.426    25.581    22.467
 5     0.342    -0.730     0.594
 5     0.107    -0.596    -0.795
 5     0.933     0.335    -0.125
 6   136.970    25.535    43.769
 6     0.464    -0.490    -0.741
 6     0.032     0.843    -0.534
 6     0.885     0.223     0.406
 7   116.646   -18.117    -4.156
 7     0.771     0.421     0.479
 7    -0.596     0.740     0.309
 7    -0.224    -0.524     0.821
 8   121.283   -27.309    20.410
 8     0.250     0.625     0.741
 8    -0.179    -0.722     0.668
 8     0.951    -0.298    -0.067
 9   134.106   -29.389    46.782
 9     0.320     0.468    -0.826
 9     0.115     0.844     0.521
 9     0.940    -0.260     0.216
 2    98.202   -18.860    59.195
 2     0.571    -0.821     0.004
 2     0.820     0.570     0.032
 2    -0.028    -0.015     0.999
 3   131.296    -1.534     0.696
 3     0.524    -0.154    -0.838
 3     0.142     0.985    -0.092
 3     0.840    -0.072     0.538
 4   118.137    16.615    -4.362
 4     0.736    -0.639     0.224
 4     0.648     0.572    -0.503
 4     0.193     0.514     0.835
 5   123.746    25.450    22.214
 5     0.359    -0.706     0.612
 5     0.144    -0.605    -0.782
 5     0.922     0.368    -0.115
 6   138.487    25.994    42.651
 6     0.507    -0.458    -0.733
 6     0.060     0.864    -0.497
 6     0.860     0.207     0.464
 7   116.564   -18.381    -4.117
 7     0.771     0.413     0.486
 7    -0.590     0.748     0.303
 7    -0.238    -0.520     0.820
 8   122.568   -27.551    20.318
 8     0.277     0.665     0.695
 8    -0.190    -0.671     0.716
 8     0.942    -0.329    -0.059
 9   136.386   -29.306    45.813
 9     0.328     0.358    -0.876
 9     0.094     0.908     0.406
 9     0.940    -0.215     0.263
 2    98.202   -18.860    59.195
 2     0.571    -0.822     0.004
 2     0.820     0.570     0.032
 2    -0.028    -0.015     0.999
 3   131.091    -1.668     0.659
 3     0.534    -0.155    -0.832
 3     0.147     0.985    -0.088
 3     0.833    -0.076     0.548
 4   117.734    16.183    -4.555
 4     0.744    -0.630     0.224
 4     0.647     0.596    -0.476
 4     0.166     0.499     0.850
 5   126.277    25.763    21.201
 5     0.488    -0.619     0.618
 5     0.202    -0.607    -0.768
 5     0.849     0.498    -0.170
 6   143.446    28.487    38.489
 6     0.618    -0.459    -0.642
 6     0.153     0.867    -0.470
 6     0.771     0.193     0.605
 7   115.662   -18.468    -4.063
 7     0.771     0.381     0.510
 7    -0.570     0.769     0.288
 7    -0.283    -0.512     0.810
 8   125.939   -28.366    20.219
 8     0.502     0.566     0.655
 8    -0.228    -0.644     0.730
 8     0.834    -0.515    -0.194
 9   145.592   -30.570    39.607
 9     0.559     0.288    -0.778
 9     0.062     0.920     0.386
 9     0.827    -0.265     0.496
 2    98.202   -18.860    59.195
 2     0.571    -0.821     0.004
 2     0.820     0.570     0.032
 2    -0.028    -0.015     0.999
 3   130.364    -1.930     0.436
 3     0.568    -0.150    -0.809
 3     0.154     0.985    -0.074
 3     0.808    -0.083     0.583
 4   116.973    15.666    -5.119
 4     0.755    -0.608     0.246
 4     0.647     0.634    -0.423
 4     0.101     0.478     0.872
 5   129.441    26.430    19.182
 5     0.685    -0.463     0.564
 5     0.245    -0.582    -0.774
 5     0.686     0.668    -0.286
 6   148.945    30.143    31.454
 6     0.778    -0.409    -0.478
 6     0.180     0.873    -0.451
 6     0.601     0.265     0.753
 7   114.840   -18.271    -4.459
 7     0.767     0.314     0.560
 7    -0.514     0.823     0.242
 7    -0.385    -0.473     0.792
 8   130.476   -29.195    17.485
 8     0.717     0.414     0.562
 8    -0.251    -0.598     0.760
 8     0.650    -0.686    -0.325
 9   153.666   -29.634    30.514
 9     0.760     0.178    -0.624
 9     0.079     0.928     0.363
 9     0.644    -0.325     0.691
 2    98.202   -18.860    59.195
 2     0.571    -0.821     0.004
 2     0.820     0.570     0.032
 2    -0.028    -0.015     0.999
 3   129.863    -2.192     0.142
 3     0.602    -0.161    -0.782
 3     0.151     0.985    -0.084
 3     0.784    -0.068     0.617
 4   116.617    15.419    -5.242
 4     0.771    -0.585     0.253
 4     0.634     0.668    -0.389
 4     0.059     0.460     0.885
 5   132.009    25.659    17.324
 5     0.803    -0.359     0.477
 5     0.214    -0.573    -0.790
 5     0.556     0.736    -0.384
 6   153.188    28.510    25.091
 6     0.889    -0.314    -0.335
 6     0.139     0.879    -0.455
 6     0.436     0.358     0.825
 7   113.736   -17.476    -4.893
 7     0.751     0.249     0.612
 7    -0.442     0.877     0.186
 7    -0.491    -0.410     0.769
 8   133.288   -28.539    14.364
 8     0.839     0.269     0.474
 8    -0.257    -0.572     0.778
 8     0.480    -0.775    -0.412
 9   158.269   -28.201    20.955
 9     0.889     0.059    -0.453
 9     0.100     0.941     0.324
 9     0.445    -0.332     0.830
 2    98.202   -18.860    59.195
 2     0.571    -0.821     0.004
 2     0.820     0.570     0.032
 2    -0.028    -0.015     0.999
 3   129.444    -1.937     0.031
 3     0.623    -0.172    -0.763
 3     0.143     0.984    -0.104
 3     0.768    -0.044     0.638
 4   116.163    15.368    -5.361
 4     0.781    -0.565     0.269
 4     0.624     0.700    -0.345
 4     0.007     0.437     0.899
 5   134.117    25.118    14.890
 5     0.878    -0.279     0.389
 5     0.189    -0.544    -0.817
 5     0.439     0.791    -0.426
 6   155.619    26.912    19.509
 6     0.948    -0.210    -0.239
 6     0.092     0.900    -0.426
 6     0.304     0.381     0.872
 7   112.732   -16.893    -5.252
 7     0.723     0.220     0.655
 7    -0.397     0.907     0.135
 7    -0.565    -0.358     0.744
 8   134.268   -28.200    11.910
 8     0.890     0.172     0.423
 8    -0.264    -0.562     0.783
 8     0.372    -0.809    -0.456
 9   159.699   -27.417    14.796
 9     0.943    -0.001    -0.333
 9     0.110     0.944     0.313
 9     0.314    -0.330     0.889
 2    98.202   -18.860    59.195
 2     0.571    -0.821     0.004
 2     0.820     0.570     0.032
 2    -0.028    -0.015     0.999
 3   129.082    -1.999    -0.137
 3     0.630    -0.166    -0.759
 3     0.129     0.985    -0.107
 3     0.765    -0.031     0.642
 4   115.510    15.095    -5.515
 4     0.779    -0.556     0.290
 4     0.625     0.721    -0.298
 4    -0.043     0.412     0.909
 5   134.876    24.927    12.895
 5     0.916    -0.214     0.338
 5     0.186    -0.520    -0.833
 5     0.354     0.827    -0.437
 6   156.739    26.050    14.488
 6     0.979    -0.131    -0.155
 6     0.063     0.922    -0.381
 6     0.193     0.363     0.911
 7   112.188   -16.305    -5.357
 7     0.703     0.214     0.678
 7    -0.373     0.922     0.096
 7    -0.605    -0.321     0.728
 8   134.655   -28.313    10.180
 8     0.915     0.075     0.396
 8    -0.290    -0.560     0.776
 8     0.280    -0.825    -0.491
 9   160.132   -25.790     8.355
 9     0.975    -0.121    -0.188
 9     0.179     0.924     0.339
 9     0.132    -0.361     0.922
 2    98.202   -18.860    59.195
 2     0.571    -0.822     0.004
 2     0.820     0.570     0.032
 2    -0.028    -0.015     0.999
 3   129.038    -1.819    -0.175
 3     0.624    -0.156    -0.766
 3     0.114     0.987    -0.106
 3     0.773    -0.022     0.634
 4   115.576    15.244    -5.505
 4     0.784    -0.542     0.303
 4     0.616     0.736    -0.278
 4    -0.072     0.405     0.911
 5   135.924    25.710    10.777
 5     0.941    -0.132     0.312
 5     0.213    -0.487    -0.847
 5     0.264     0.863    -0.431
 6   157.688    26.322    10.136
 6     0.994    -0.080    -0.073
 6     0.052     0.942    -0.330
 6     0.094     0.324     0.941
 7   111.808   -15.910    -5.530
 7     0.688     0.196     0.699
 7    -0.344     0.936     0.076
 7    -0.639    -0.293     0.711
 8   135.382   -27.946     8.478
 8     0.937     0.011     0.348
 8    -0.281    -0.567     0.774
 8     0.206    -0.824    -0.528
 9   160.494   -22.503     2.928
 9     0.960    -0.264    -0.094
 9     0.278     0.888     0.367
 9    -0.014    -0.377     0.925
 2    98.202   -18.860    59.195
 2     0.571    -0.822     0.004
 2     0.820     0.570     0.032
 2    -0.028    -0.015     0.999
 3   128.663    -1.588    -0.263
 3     0.616    -0.152    -0.773
 3     0.104     0.988    -0.111
 3     0.780    -0.012     0.625
 4   115.231    15.613    -5.059
 4     0.796    -0.510     0.326
 4     0.596     0.753    -0.278
 4    -0.104     0.415     0.903
 5   136.670    25.531     9.314
 5     0.961    -0.073     0.266
 5     0.201    -0.475    -0.856
 5     0.189     0.876    -0.443
 6   158.055    25.795     6.485
 6     0.999    -0.036    -0.004
 6     0.034     0.954    -0.297
 6     0.014     0.297     0.954
 7   111.336   -15.262    -5.675
 7     0.672     0.171     0.720
 7    -0.304     0.951     0.058
 7    -0.675    -0.258     0.691
 8   135.744   -27.396     6.849
 8     0.949    -0.020     0.315
 8    -0.275    -0.547     0.791
 8     0.156    -0.837    -0.524
 9   160.388   -21.194     0.164
 9     0.949    -0.309    -0.053
 9     0.306     0.880     0.364
 9    -0.067    -0.360     0.930
 2    98.202   -18.860    59.195
 2     0.571    -0.821     0.004
 2     0.820     0.570     0.032
 2    -0.028    -0.015     0.999
 3   128.354    -1.116    -0.392
 3     0.620    -0.154    -0.769
 3     0.087     0.988    -0.127
 3     0.779     0.011     0.626
 4   114.851    15.979    -4.596
 4     0.802    -0.484     0.351
 4     0.580     0.769    -0.267
 4    -0.141     0.417     0.897
 5   137.374    25.137     7.570
 5     0.979    -0.010     0.205
 5     0.177    -0.467    -0.866
 5     0.104     0.884    -0.456
 6   158.319    24.323     2.166
 6     0.995     0.035     0.086
 6    -0.009     0.958    -0.286
 6    -0.092     0.285     0.954
 7   110.874   -14.283    -6.176
 7     0.656     0.169     0.736
 7    -0.273     0.961     0.023
 7    -0.704    -0.216     0.677
 8   135.650   -27.077     4.779
 8     0.951    -0.049     0.305
 8    -0.286    -0.513     0.810
 8     0.117    -0.857    -0.502
 9   160.130   -20.329    -2.453
 9     0.941    -0.337    -0.025
 9     0.322     0.876     0.358
 9    -0.099    -0.344     0.933
 2    98.202   -18.860    59.195
 2     0.571    -0.822     0.004
 2     0.820     0.570     0.032
 2    -0.028    -0.016     0.999
 3   128.167    -0.730    -0.760
 3     0.634    -0.146    -0.759
 3     0.070     0.989    -0.130
 3     0.770     0.028     0.637
 4   114.575    16.234    -4.439
 4     0.808    -0.449     0.383
 4     0.559     0.788    -0.256
 4    -0.187     0.420     0.887
 5   137.912    24.772     5.610
 5     0.987     0.053     0.148
 5     0.156    -0.462    -0.873
 5     0.022     0.885    -0.465
 6   158.105    23.285    -2.136
 6     0.980     0.095     0.177
 6    -0.041     0.957    -0.284
 6    -0.196     0.273     0.942
 7   110.154   -13.516    -6.427
 7     0.630     0.174     0.756
 7    -0.246     0.969    -0.018
 7    -0.736    -0.175     0.653
 8   135.027   -27.445     2.591
 8     0.946    -0.108     0.303
 8    -0.318    -0.463     0.827
 8     0.051    -0.880    -0.472
 9   159.103   -19.789    -6.592
 9     0.927    -0.375     0.034
 9     0.342     0.878     0.334
 9    -0.155    -0.297     0.942
 2    98.202   -18.860    59.195
 2     0.571    -0.821     0.004
 2     0.820     0.570     0.032
 2    -0.028    -0.015     0.999
 3   127.842    -0.535    -1.076
 3     0.659    -0.131    -0.740
 3     0.052     0.990    -0.128
 3     0.750     0.046     0.660
 4   113.863    16.016    -4.382
 4     0.805    -0.398     0.440
 4     0.525     0.822    -0.218
 4    -0.275     0.406     0.871
 5   137.712    24.617     0.913
 5     0.977     0.198     0.082
 5     0.162    -0.432    -0.887
 5    -0.140     0.880    -0.454
 6   155.951    22.936   -11.034
 6     0.924     0.140     0.356
 6    -0.045     0.964    -0.257
 6    -0.379     0.225     0.898
 7   109.435   -12.792    -6.802
 7     0.608     0.185     0.772
 7    -0.229     0.972    -0.053
 7    -0.760    -0.145     0.633
 8   134.286   -27.593     0.717
 8     0.935    -0.153     0.318
 8    -0.353    -0.426     0.833
 8     0.008    -0.892    -0.452
 9   158.249   -20.847    -9.717
 9     0.932    -0.353     0.083
 9     0.307     0.891     0.333
 9    -0.192    -0.285     0.939
 2    98.202   -18.860    59.195
 2     0.571    -0.821     0.004
 2     0.820     0.570     0.032
 2    -0.028    -0.015     0.999
 3   127.807    -0.280    -1.502
 3     0.654    -0.125    -0.746
 3     0.045     0.991    -0.126
 3     0.754     0.049     0.654
 4   113.146    15.695    -4.823
 4     0.788    -0.362     0.499
 4     0.496     0.852    -0.167
 4    -0.364     0.379     0.850
 5   136.645    24.612    -4.533
 5     0.928     0.370     0.023
 5     0.178    -0.388    -0.904
 5    -0.325     0.844    -0.427
 6   151.685    21.831   -21.286
 6     0.801     0.203     0.566
 6    -0.081     0.969    -0.226
 6    -0.593     0.138     0.793
 7   109.255   -12.028    -7.126
 7     0.597     0.212     0.774
 7    -0.223     0.970    -0.093
 7    -0.771    -0.117     0.626
 8   133.504   -27.980    -0.373
 8     0.917    -0.176     0.358
 8    -0.399    -0.390     0.830
 8    -0.007    -0.904    -0.427
 9   157.883   -23.148   -10.696
 9     0.953    -0.283     0.101
 9     0.233     0.910     0.342
 9    -0.189    -0.303     0.934
 2    98.202   -18.860    59.195
 2     0.571    -0.821     0.004
 2     0.820     0.570     0.032
 2    -0.028    -0.015     0.999
 3   127.822    -0.303    -1.588
 3     0.651    -0.114    -0.750
 3     0.043     0.993    -0.112
 3     0.757     0.041     0.651
 4   112.670    15.121    -5.095
 4     0.777    -0.328     0.537
 4     0.466     0.873    -0.142
 4    -0.423     0.360     0.831
 5   135.111    24.099    -8.203
 5     0.874     0.486    -0.015
 5     0.185    -0.358    -0.915
 5    -0.449     0.797    -0.404
 6   147.023    20.322   -28.124
 6     0.679     0.234     0.700
 6    -0.124     0.971    -0.197
 6    -0.724     0.048     0.686
 7   108.898   -12.042    -6.998
 7     0.587     0.229     0.776
 7    -0.233     0.966    -0.109
 7    -0.775    -0.117     0.621
 8   132.637   -28.805    -0.420
 8     0.901    -0.186     0.393
 8    -0.434    -0.374     0.820
 8    -0.005    -0.909    -0.417
 9   157.158   -24.929   -10.561
 9     0.963    -0.246     0.108
 9     0.198     0.922     0.330
 9    -0.181    -0.297     0.938
 2    98.202   -18.860    59.195
 2     0.571    -0.821     0.004
 2     0.820     0.570     0.032
 2    -0.028    -0.015     0.999
 3   127.564    -0.455    -1.571
 3     0.654    -0.115    -0.747
 3     0.051     0.993    -0.107
 3     0.754     0.031     0.655
 4   112.010    14.517    -5.549
 4     0.765    -0.311     0.564
 4     0.447     0.886    -0.119
 4    -0.463     0.342     0.817
 5   132.761    24.096   -11.973
 5     0.796     0.605    -0.019
 5     0.208    -0.301    -0.930
 5    -0.568     0.736    -0.367
 6   141.716    19.517   -33.527
 6     0.552     0.222     0.807
 6    -0.158     0.974    -0.153
 6    -0.819    -0.044     0.570
 7   108.543   -12.005    -7.072
 7     0.578     0.243     0.779
 7    -0.242     0.963    -0.120
 7    -0.779    -0.119     0.615
 8   131.836   -29.198    -0.535
 8     0.888    -0.194     0.416
 8    -0.459    -0.362     0.812
 8    -0.007    -0.912    -0.410
 9   156.534   -26.148   -10.560
 9     0.970    -0.216     0.110
 9     0.171     0.932     0.319
 9    -0.171    -0.292     0.941
 2    98.204   -18.859    59.192
 2     0.571    -0.821     0.004
 2     0.820     0.570     0.031
 2    -0.027    -0.015     0.999
 3   127.186    -0.478    -1.889
 3     0.650    -0.098    -0.754
 3     0.049     0.995    -0.086
 3     0.758     0.018     0.651
 4   111.180    13.810    -6.161
 4     0.764    -0.297     0.574
 4     0.433     0.893    -0.116
 4    -0.478     0.337     0.810
 5   131.163    23.756   -14.002
 5     0.755     0.656    -0.018
 5     0.216    -0.272    -0.937
 5    -0.619     0.704    -0.348
 6   139.306    18.839   -36.268
 6     0.495     0.208     0.846
 6    -0.168     0.975    -0.134
 6    -0.852    -0.079     0.515
 7   107.641   -11.571    -7.232
 7     0.566     0.254     0.784
 7    -0.233     0.962    -0.143
 7    -0.791    -0.102     0.603
 8   130.839   -29.410    -1.723
 8     0.878    -0.225     0.422
 8    -0.476    -0.334     0.813
 8    -0.042    -0.915    -0.401
 9   155.364   -26.584   -12.449
 9     0.967    -0.210     0.144
 9     0.159     0.940     0.300
 9    -0.198    -0.268     0.943
 2    98.202   -18.860    59.195
 2     0.571    -0.821     0.004
 2     0.820     0.570     0.032
 2    -0.028    -0.015     0.999
 3   126.928    -0.577    -2.077
 3     0.647    -0.086    -0.758
 3     0.049     0.996    -0.071
 3     0.761     0.008     0.649
 4   110.746    13.733    -6.266
 4     0.762    -0.291     0.579
 4     0.435     0.891    -0.126
 4    -0.479     0.347     0.805
 5   130.657    23.799   -14.386
 5     0.746     0.666    -0.016
 5     0.222    -0.269    -0.937
 5    -0.628     0.696    -0.349
 6   138.715    19.008   -36.525
 6     0.489     0.203     0.851
 6    -0.166     0.976    -0.130
 6    -0.856    -0.080     0.507
 7   107.399   -11.403    -7.184
 7     0.559     0.256     0.789
 7    -0.231     0.961    -0.148
 7    -0.796    -0.100     0.596
 8   130.553   -29.390    -1.860
 8     0.877    -0.230     0.421
 8    -0.477    -0.332     0.814
 8    -0.047    -0.915    -0.400
 9   155.068   -26.618   -12.831
 9     0.965    -0.213     0.152
 9     0.159     0.940     0.299
 9    -0.207    -0.265     0.942
 2    98.202   -18.860    59.195
 2     0.571    -0.822     0.004
 2     0.820     0.570     0.032
 2    -0.028    -0.015     0.999
 3   127.077    -0.433    -2.130
 3     0.632    -0.082    -0.771
 3     0.055     0.997    -0.060
 3     0.773    -0.005     0.634
 4   110.936    13.794    -6.346
 4     0.764    -0.295     0.575
 4     0.441     0.887    -0.133
 4    -0.471     0.355     0.807
 5   130.482    24.206   -14.408
 5     0.737     0.675    -0.007
 5     0.235    -0.265    -0.935
 5    -0.633     0.688    -0.355
 6   138.254    19.705   -36.831
 6     0.477     0.181     0.863
 6    -0.157     0.980    -0.111
 6    -0.865    -0.084     0.492
 7   107.654   -11.221    -7.282
 7     0.562     0.275     0.780
 7    -0.247     0.956    -0.158
 7    -0.789    -0.104     0.605
 8   130.179   -29.739    -1.391
 8     0.864    -0.215     0.455
 8    -0.502    -0.327     0.800
 8    -0.023    -0.920    -0.390
 9   154.945   -27.520   -11.703
 9     0.971    -0.193     0.138
 9     0.142     0.940     0.308
 9    -0.189    -0.280     0.941
 2    98.202   -18.860    59.195
 2     0.571    -0.821     0.004
 2     0.820     0.570     0.032
 2    -0.028    -0.015     0.999
 3   127.004    -0.464    -1.983
 3     0.638    -0.093    -0.765
 3     0.056     0.996    -0.073
 3     0.768     0.003     0.640
 4   110.775    13.756    -6.330
 4     0.762    -0.303     0.572
 4     0.453     0.880    -0.138
 4    -0.462     0.364     0.808
 5   130.055    24.643   -14.390
 5     0.727     0.686     0.003
 5     0.254    -0.265    -0.930
 5    -0.637     0.677    -0.367
 6   137.694    20.302   -36.975
 6     0.467     0.174     0.869
 6    -0.149     0.981    -0.109
 6    -0.872    -0.081     0.481
 7   107.794   -11.486    -7.181
 7     0.571     0.260     0.778
 7    -0.242     0.959    -0.143
 7    -0.784    -0.107     0.611
 8   130.475   -29.738    -1.248
 8     0.868    -0.204     0.452
 8    -0.496    -0.319     0.807
 8    -0.021    -0.925    -0.378
 9   155.373   -27.172   -11.134
 9     0.971    -0.207     0.118
 9     0.160     0.936     0.313
 9    -0.175    -0.285     0.942
 2    98.202   -18.860    59.195
 2     0.571    -0.822     0.004
 2     0.820     0.570     0.032
 2    -0.028    -0.015     0.999
 3   127.178    -0.325    -2.040
 3     0.635    -0.115    -0.765
 3     0.077     0.993    -0.085
 3     0.769    -0.005     0.639
 4   110.582    13.480    -6.549
 4     0.748    -0.327     0.578
 4     0.472     0.873    -0.117
 4    -0.467     0.360     0.807
 5   129.195    25.229   -14.852
 5     0.710     0.702     0.045
 5     0.282    -0.224    -0.933
 5    -0.645     0.676    -0.357
 6   136.838    21.021   -37.403
 6     0.469     0.126     0.876
 6    -0.136     0.988    -0.063
 6    -0.873    -0.092     0.478
 7   108.155   -11.605    -7.245
 7     0.576     0.250     0.778
 7    -0.241     0.962    -0.130
 7    -0.781    -0.112     0.614
 8   130.931   -29.681    -1.081
 8     0.872    -0.201     0.446
 8    -0.489    -0.326     0.809
 8    -0.018    -0.924    -0.382
 9   155.672   -26.633   -10.902
 9     0.968    -0.227     0.110
 9     0.179     0.927     0.327
 9    -0.176    -0.297     0.938
 2    98.202   -18.860    59.195
 2     0.571    -0.822     0.004
 2     0.821     0.569     0.032
 2    -0.028    -0.015     0.999
 3   127.304    -0.228    -2.049
 3     0.617    -0.119    -0.778
 3     0.087     0.993    -0.082
 3     0.782    -0.018     0.622
 4   110.536    13.411    -6.637
 4     0.744    -0.337     0.578
 4     0.480     0.869    -0.113
 4    -0.464     0.361     0.808
 5   128.917    25.583   -14.843
 5     0.700     0.712     0.053
 5     0.293    -0.218    -0.931
 5    -0.651     0.668    -0.361
 6   136.211    21.093   -37.410
 6     0.446     0.130     0.887
 6    -0.163     0.984    -0.056
 6    -0.880    -0.123     0.457
 7   108.139   -11.533    -7.140
 7     0.574     0.265     0.775
 7    -0.251     0.957    -0.141
 7    -0.780    -0.114     0.616
 8   130.434   -29.933    -0.760
 8     0.863    -0.193     0.466
 8    -0.504    -0.322     0.801
 8    -0.005    -0.927    -0.375
 9   155.515   -27.164   -10.402
 9     0.970    -0.216     0.107
 9     0.169     0.927     0.333
 9    -0.171    -0.306     0.936
 2    98.204   -18.910    59.192
 2     0.571    -0.821     0.004
 2     0.820     0.570     0.031
 2    -0.027    -0.015     0.999
 3   127.344    -0.232    -1.982
 3     0.621    -0.115    -0.776
 3     0.086     0.993    -0.078
 3     0.779    -0.019     0.626
 4   110.780    13.440    -6.652
 4     0.751    -0.333     0.571
 4     0.475     0.872    -0.119
 4    -0.458     0.359     0.812
 5   129.315    25.525   -14.601
 5     0.712     0.699     0.066
 5     0.295    -0.211    -0.932
 5    -0.637     0.683    -0.356
 6   137.230    21.024   -37.264
 6     0.469     0.116     0.877
 6    -0.151     0.986    -0.042
 6    -0.870    -0.115     0.478
 7   108.311   -11.701    -7.117
 7     0.578     0.275     0.768
 7    -0.270     0.953    -0.138
 7    -0.770    -0.128     0.625
 8   130.451   -30.063     0.093
 8     0.861    -0.175     0.477
 8    -0.507    -0.341     0.791
 8     0.025    -0.924    -0.382
 9   155.568   -28.042    -8.568
 9     0.976    -0.199     0.092
 9     0.152     0.919     0.363
 9    -0.157    -0.341     0.927
 2    98.202   -18.860    59.195
 2     0.571    -0.821     0.004
 2     0.820     0.570     0.032
 2    -0.028    -0.015     0.999
 3   127.636    -0.291    -2.056
 3     0.600    -0.100    -0.793
 3     0.080     0.994    -0.065
 3     0.795    -0.025     0.605
 4   110.978    13.411    -6.771
 4     0.754    -0.327     0.570
 4     0.469     0.874    -0.120
 4    -0.460     0.358     0.812
 5   129.438    25.475   -14.832
 5     0.712     0.699     0.065
 5     0.295    -0.213    -0.931
 5    -0.637     0.682    -0.358
 6   137.353    21.256   -37.383
 6     0.472     0.113     0.876
 6    -0.137     0.988    -0.047
 6    -0.871    -0.100     0.480
 7   108.164   -11.300    -7.217
 7     0.577     0.282     0.766
 7    -0.263     0.952    -0.153
 7    -0.773    -0.114     0.624
 8   130.125   -29.907    -0.654
 8     0.858    -0.187     0.478
 8    -0.514    -0.318     0.797
 8     0.003    -0.929    -0.369
 9   155.265   -27.853    -9.656
 9     0.972    -0.208     0.111
 9     0.161     0.928     0.335
 9    -0.173    -0.308     0.935
 2    98.202   -18.860    59.195
 2     0.571    -0.821     0.004
 2     0.820     0.570     0.032
 2    -0.028    -0.015     0.999
 3   127.529    -0.126    -2.022
 3     0.606    -0.086    -0.791
 3     0.061     0.996    -0.061
 3     0.793    -0.012     0.609
 4   111.093    13.848    -6.672
 4     0.760    -0.317     0.568
 4     0.466     0.873    -0.138
 4    -0.452     0.369     0.811
 5   129.524    25.944   -14.553
 5     0.713     0.697     0.073
 5     0.304    -0.214    -0.928
 5    -0.631     0.684    -0.365
 6   137.570    22.211   -37.020
 6     0.483     0.104     0.871
 6    -0.122     0.990    -0.043
 6    -0.867    -0.089     0.489
 7   107.964   -10.905    -7.252
 7     0.571     0.295     0.766
 7    -0.261     0.950    -0.171
 7    -0.778    -0.102     0.620
 8   129.727   -29.947    -1.072
 8     0.850    -0.200     0.487
 8    -0.527    -0.307     0.793
 8    -0.009    -0.931    -0.366
 9   154.924   -27.936   -10.200
 9     0.971    -0.207     0.119
 9     0.157     0.930     0.330
 9    -0.179    -0.302     0.936
 2    98.202   -18.860    59.195
 2     0.571    -0.822     0.004
 2     0.820     0.570     0.032
 2    -0.028    -0.015     0.999
 3   127.511    -0.185    -2.021
 3     0.612    -0.079    -0.787
 3     0.058     0.997    -0.055
 3     0.788    -0.013     0.614
 4   111.147    13.850    -6.729
 4     0.761    -0.317     0.566
 4     0.466     0.873    -0.140
 4    -0.450     0.370     0.812
 5   129.582    26.156   -14.468
 5     0.714     0.695     0.080
 5     0.311    -0.212    -0.927
 5    -0.627     0.687    -0.367
 6   137.745    22.498   -36.862
 6     0.487     0.097     0.869
 6    -0.116     0.992    -0.038
 6    -0.865    -0.085     0.492
 7   107.959   -10.807    -7.375
 7     0.570     0.300     0.765
 7    -0.262     0.948    -0.177
 7    -0.779    -0.099     0.619
 8   129.494   -30.235    -1.365
 8     0.843    -0.202     0.499
 8    -0.538    -0.295     0.789
 8    -0.012    -0.934    -0.357
 9   154.677   -28.241   -10.542
 9     0.972    -0.199     0.120
 9     0.151     0.935     0.320
 9    -0.176    -0.293     0.940
 2    98.202   -18.860    59.195
 2     0.571    -0.822     0.004
 2     0.821     0.569     0.032
 2    -0.028    -0.015     0.999
 3   127.541    -0.300    -2.054
 3     0.603    -0.078    -0.794
 3     0.063     0.997    -0.050
 3     0.795    -0.020     0.606
 4   111.229    13.826    -6.810
 4     0.764    -0.316     0.563
 4     0.464     0.874    -0.141
 4    -0.448     0.369     0.814
 5   129.689    26.082   -14.473
 5     0.716     0.693     0.080
 5     0.310    -0.212    -0.927
 5    -0.625     0.688    -0.367
 6   137.873    22.346   -36.859
 6     0.488     0.097     0.869
 6    -0.118     0.991    -0.037
 6    -0.865    -0.087     0.493
 7   107.998   -10.907    -7.434
 7     0.570     0.309     0.761
 7    -0.270     0.945    -0.181
 7    -0.776    -0.102     0.622
 8   129.406   -30.360    -1.258
 8     0.840    -0.195     0.507
 8    -0.543    -0.293     0.787
 8    -0.005    -0.936    -0.351
 9   154.638   -28.518   -10.323
 9     0.974    -0.194     0.117
 9     0.147     0.935     0.320
 9    -0.172    -0.295     0.940
 2    98.202   -18.860    59.144
 2     0.571    -0.822     0.004
 2     0.820     0.570     0.032
 2    -0.028    -0.015     0.999
 3   127.665    -0.413    -1.998
 3     0.594    -0.079    -0.801
 3     0.077     0.996    -0.040
 3     0.800    -0.038     0.598
 4   111.466    13.600    -6.968
 4     0.767    -0.316     0.558
 4     0.461     0.876    -0.140
 4    -0.445     0.364     0.817
 5   130.007    25.806   -14.478
 5     0.722     0.687     0.081
 5     0.306    -0.211    -0.928
 5    -0.621     0.695    -0.362
 6   138.372    22.000   -36.732
 6     0.496     0.099     0.864
 6    -0.122     0.991    -0.037
 6    -0.860    -0.089     0.501
 7   108.241   -11.077    -7.505
 7     0.575     0.310     0.757
 7    -0.274     0.945    -0.178
 7    -0.771    -0.105     0.628
 8   129.529   -30.530    -1.015
 8     0.839    -0.184     0.512
 8    -0.544    -0.294     0.786
 8     0.007    -0.938    -0.346
 9   154.746   -28.914    -9.771
 9     0.977    -0.184     0.106
 9     0.141     0.935     0.324
 9    -0.159    -0.302     0.940
 2    98.202   -18.860    59.144
 2     0.571    -0.822     0.004
 2     0.820     0.570     0.032
 2    -0.028    -0.015     0.999
 3   127.676    -0.521    -1.844
 3     0.606    -0.086    -0.790
 3     0.090     0.995    -0.038
 3     0.790    -0.048     0.611
 4   111.561    13.607    -6.936
 4     0.772    -0.318     0.551
 4     0.460     0.876    -0.142
 4    -0.438     0.362     0.823
 5   130.196    25.732   -14.286
 5     0.727     0.682     0.076
 5     0.302    -0.217    -0.928
 5    -0.617     0.698    -0.364
 6   138.753    21.828   -36.316
 6     0.501     0.108     0.860
 6    -0.132     0.989    -0.041
 6    -0.855    -0.095     0.508
 7   108.627   -11.496    -7.218
 7     0.595     0.313     0.740
 7    -0.305     0.940    -0.152
 7    -0.743    -0.135     0.655
 8   129.275   -30.921     1.895
 8     0.833    -0.121     0.539
 8    -0.544    -0.350     0.762
 8     0.097    -0.929    -0.358
 9   155.069   -29.758    -3.373
 9     0.990    -0.137    -0.003
 9     0.130     0.935     0.330
 9    -0.042    -0.327     0.944
 2    98.202   -18.860    59.144
 2     0.571    -0.821     0.004
 2     0.820     0.570     0.032
 2    -0.028    -0.015     0.999
 3   127.873    -0.292    -1.219
 3     0.615    -0.133    -0.778
 3     0.114     0.990    -0.078
 3     0.780    -0.041     0.624
 4   112.176    13.889    -6.560
 4     0.791    -0.333     0.514
 4     0.474     0.863    -0.172
 4    -0.387     0.379     0.840
 5   131.562    26.638   -11.815
 5     0.772     0.626     0.107
 5     0.323    -0.242    -0.915
 5    -0.547     0.741    -0.389
 6   142.345    23.505   -32.768
 6     0.580     0.108     0.809
 6    -0.104     0.993    -0.052
 6    -0.808    -0.054     0.586
 7   110.777   -13.236    -6.769
 7     0.664     0.350     0.660
 7    -0.440     0.897    -0.033
 7    -0.604    -0.269     0.750
 8   127.118   -30.205    11.121
 8     0.759     0.118     0.640
 8    -0.492    -0.540     0.682
 8     0.426    -0.833    -0.352
 9   152.914   -29.648    16.972
 9     0.932     0.049    -0.358
 9     0.140     0.863     0.487
 9     0.333    -0.503     0.796
 2    98.202   -18.860    59.144
 2     0.571    -0.822     0.004
 2     0.821     0.569     0.032
 2    -0.028    -0.015     0.999
 3   129.191    -0.527    -0.505
 3     0.583    -0.154    -0.798
 3     0.154     0.985    -0.077
 3     0.797    -0.078     0.598
 4   113.954    13.845    -6.280
 4     0.823    -0.334     0.460
 4     0.466     0.859    -0.211
 4    -0.325     0.388     0.862
 5   134.225    26.166    -8.910
 5     0.830     0.546     0.114
 5     0.307    -0.276    -0.910
 5    -0.465     0.791    -0.397
 6   146.548    22.916   -28.910
 6     0.652     0.126     0.749
 6    -0.116     0.991    -0.059
 6    -0.749    -0.048     0.659
 7   113.160   -15.529    -5.660
 7     0.709     0.407     0.576
 7    -0.551     0.829     0.093
 7    -0.440    -0.383     0.812
 8   123.467   -29.994    16.495
 8     0.568     0.319     0.759
 8    -0.444    -0.659     0.607
 8     0.693    -0.681    -0.233
 9   146.064   -31.150    32.027
 9     0.765     0.285    -0.578
 9     0.121     0.818     0.562
 9     0.633    -0.500     0.591
 2    98.202   -18.860    59.195
 2     0.571    -0.821     0.004
 2     0.820     0.570     0.032
 2    -0.028    -0.015     0.999
 3   130.307    -1.534    -0.029
 3     0.528    -0.118    -0.841
 3     0.168     0.985    -0.032
 3     0.832    -0.125     0.540
 4   115.268    13.027    -6.668
 4     0.846    -0.330     0.420
 4     0.442     0.872    -0.207
 4    -0.298     0.361     0.883
 5   135.746    24.907    -8.583
 5     0.855     0.501     0.128
 5     0.292    -0.264    -0.919
 5    -0.427     0.824    -0.373
 6   148.863    21.666   -28.086
 6     0.696     0.105     0.712
 6    -0.104     0.993    -0.037
 6    -0.710    -0.048     0.701
 7   114.770   -17.623    -4.414
 7     0.723     0.446     0.528
 7    -0.625     0.747     0.226
 7    -0.294    -0.493     0.818
 8   119.344   -28.584    19.294
 8     0.299     0.445     0.845
