% Calibrated with leiden_pols
% Positions are in centimeters
Data =[
 2    98.202   -18.860    59.195
 2     0.571    -0.822     0.004
 2     0.821     0.569     0.032
 2    -0.028    -0.015     0.999
 3   129.951    -1.709    -0.432
 3     0.465    -0.157    -0.871
 3     0.147     0.984    -0.098
 3     0.872    -0.084     0.481
 4   116.295    13.134    -9.164
 4     0.791    -0.495     0.362
 4     0.584     0.786    -0.201
 4    -0.185     0.370     0.910
 5   131.813    32.643     2.725
 5     0.855    -0.347     0.387
 5     0.429     0.053    -0.902
 5     0.292     0.936     0.193
 6   143.334    10.349     6.650
 6     0.154     0.987     0.037
 6    -0.944     0.136     0.299
 6     0.291    -0.081     0.953
 7   113.763   -13.801    -8.087
 7     0.694     0.311     0.650
 7    -0.373     0.926    -0.043
 7    -0.616    -0.213     0.758
 8   128.070   -34.956     2.674
 8     0.692     0.436     0.577
 8    -0.581    -0.139     0.801
 8     0.429    -0.889     0.156
 9   143.331   -12.124     9.617
 9     0.305    -0.900    -0.314
 9     0.814     0.415    -0.406
 9     0.493    -0.132     0.858
 2    98.202   -18.860    59.195
 2     0.571    -0.821     0.004
 2     0.820     0.570     0.032
 2    -0.028    -0.015     0.999
 3   130.067    -1.653    -0.449
 3     0.460    -0.153    -0.875
 3     0.147     0.984    -0.094
 3     0.875    -0.087     0.475
 4   116.404    13.188    -9.175
 4     0.792    -0.494     0.359
 4     0.583     0.786    -0.206
 4    -0.181     0.371     0.910
 5   131.930    32.700     2.935
 5     0.853    -0.354     0.385
 5     0.427     0.051    -0.902
 5     0.299     0.934     0.194
 6   143.402    10.319     6.886
 6     0.150     0.988     0.031
 6    -0.945     0.135     0.296
 6     0.289    -0.074     0.954
 7   113.787   -13.673    -8.246
 7     0.695     0.312     0.648
 7    -0.372     0.927    -0.046
 7    -0.615    -0.209     0.760
 8   127.982   -34.930     2.552
 8     0.685     0.445     0.577
 8    -0.583    -0.138     0.799
 8     0.435    -0.885     0.164
 9   143.143   -12.018     9.703
 9     0.300    -0.901    -0.317
 9     0.813     0.414    -0.410
 9     0.498    -0.134     0.855
 2    98.202   -18.860    59.195
 2     0.571    -0.822     0.004
 2     0.820     0.570     0.032
 2    -0.028    -0.015     0.999
 3   130.159    -1.653    -0.493
 3     0.458    -0.142    -0.878
 3     0.139     0.986    -0.086
 3     0.878    -0.083     0.471
 4   116.697    13.320    -9.071
 4     0.797    -0.490     0.354
 4     0.578     0.786    -0.215
 4    -0.173     0.375     0.910
 5   132.199    32.653     3.194
 5     0.855    -0.358     0.376
 5     0.418     0.048    -0.907
 5     0.306     0.932     0.190
 6   143.493    10.161     7.180
 6     0.144     0.989     0.031
 6    -0.948     0.128     0.292
 6     0.285    -0.071     0.956
 7   113.898   -13.568    -8.264
 7     0.697     0.321     0.642
 7    -0.377     0.924    -0.052
 7    -0.610    -0.206     0.765
 8   127.669   -34.926     2.779
 8     0.670     0.462     0.582
 8    -0.589    -0.145     0.794
 8     0.451    -0.875     0.174
 9   142.877   -12.144    10.189
 9     0.299    -0.895    -0.333
 9     0.813     0.420    -0.404
 9     0.499    -0.150     0.852
 2    98.202   -18.860    59.195
 2     0.571    -0.822     0.004
 2     0.821     0.569     0.032
 2    -0.028    -0.015     0.999
 3   130.285    -1.651    -0.313
 3     0.457    -0.142    -0.878
 3     0.142     0.986    -0.085
 3     0.878    -0.087     0.470
 4   116.784    13.325    -9.033
 4     0.798    -0.493     0.349
 4     0.579     0.786    -0.216
 4    -0.168     0.373     0.912
 5   132.271    32.610     3.352
 5     0.852    -0.367     0.374
 5     0.418     0.049    -0.907
 5     0.314     0.929     0.195
 6   143.598    10.163     7.399
 6     0.144     0.989     0.027
 6    -0.947     0.130     0.294
 6     0.288    -0.068     0.955
 7   114.187   -13.776    -8.161
 7     0.709     0.310     0.633
 7    -0.377     0.925    -0.030
 7    -0.596    -0.217     0.773
 8   127.979   -34.758     3.343
 8     0.672     0.467     0.577
 8    -0.578    -0.157     0.800
 8     0.464    -0.870     0.163
 9   142.843   -11.849    10.560
 9     0.295    -0.898    -0.328
 9     0.822     0.412    -0.394
 9     0.487    -0.154     0.859
 2    98.204   -18.910    59.192
 2     0.571    -0.821     0.004
 2     0.820     0.570     0.032
 2    -0.027    -0.016     0.999
 3   130.018    -1.677    -0.110
 3     0.482    -0.144    -0.864
 3     0.137     0.986    -0.087
 3     0.865    -0.077     0.495
 4   116.302    13.196    -8.923
 4     0.795    -0.496     0.351
 4     0.582     0.785    -0.212
 4    -0.171     0.372     0.912
 5   131.440    32.716     3.694
 5     0.847    -0.362     0.389
 5     0.427     0.031    -0.903
 5     0.315     0.931     0.180
 6   142.950    10.376     7.205
 6     0.171     0.985     0.027
 6    -0.951     0.157     0.265
 6     0.257    -0.071     0.964
 7   113.542   -13.835    -7.832
 7     0.701     0.314     0.641
 7    -0.387     0.921    -0.027
 7    -0.599    -0.229     0.767
 8   125.948   -34.894     4.868
 8     0.648     0.429     0.630
 8    -0.588    -0.245     0.770
 8     0.484    -0.870     0.093
 9   142.239   -13.049     8.904
 9     0.407    -0.870    -0.282
 9     0.841     0.476    -0.258
 9     0.356    -0.132     0.924
 2    98.202   -18.910    59.144
 2     0.571    -0.821     0.004
 2     0.820     0.570     0.032
 2    -0.028    -0.015     0.999
 3   129.674    -1.665    -0.188
 3     0.525    -0.140    -0.840
 3     0.142     0.987    -0.075
 3     0.839    -0.081     0.538
 4   115.702    13.293    -8.690
 4     0.788    -0.501     0.358
 4     0.596     0.765    -0.244
 4    -0.152     0.405     0.901
 5   129.288    32.296     6.758
 5     0.831    -0.248     0.499
 5     0.458    -0.204    -0.865
 5     0.316     0.947    -0.057
 6   142.347    12.311     3.935
 6     0.281     0.959     0.038
 6    -0.958     0.282    -0.048
 6    -0.056    -0.023     0.998
 7   112.674   -14.371    -7.087
 7     0.667     0.374     0.645
 7    -0.476     0.879    -0.017
 7    -0.573    -0.296     0.764
 8   123.393   -33.013    10.414
 8     0.638     0.141     0.757
 8    -0.586    -0.549     0.595
 8     0.499    -0.823    -0.269
 9   141.321   -18.088     3.383
 9     0.620    -0.782    -0.068
 9     0.769     0.588     0.248
 9    -0.155    -0.205     0.966
 2    98.202   -18.860    59.144
 2     0.571    -0.822     0.004
 2     0.820     0.570     0.032
 2    -0.028    -0.015     0.999
 3   129.688    -2.048    -0.324
 3     0.552    -0.114    -0.826
 3     0.134     0.990    -0.046
 3     0.823    -0.086     0.562
 4   115.669    13.373    -8.428
 4     0.780    -0.512     0.362
 4     0.613     0.739    -0.278
 4    -0.125     0.438     0.889
 5   126.850    31.233    10.279
 5     0.794    -0.105     0.598
 5     0.500    -0.445    -0.742
 5     0.344     0.889    -0.302
 6   140.451    16.493     2.047
 6     0.375     0.924     0.070
 6    -0.844     0.371    -0.387
 6    -0.384     0.085     0.919
 7   112.515   -14.564    -6.937
 7     0.645     0.406     0.648
 7    -0.506     0.861    -0.035
 7    -0.573    -0.305     0.760
 8   121.846   -33.085    11.029
 8     0.606    -0.008     0.796
 8    -0.641    -0.598     0.481
 8     0.471    -0.802    -0.367
 9   138.735   -22.994     0.349
 9     0.620    -0.781    -0.072
 9     0.628     0.442     0.639
 9    -0.469    -0.441     0.765
 2    98.202   -18.860    59.195
 2     0.571    -0.822     0.004
 2     0.820     0.570     0.032
 2    -0.028    -0.015     0.999
 3   129.785    -2.233    -0.335
 3     0.556    -0.094    -0.826
 3     0.124     0.992    -0.028
 3     0.821    -0.088     0.563
 4   115.795    13.463    -8.404
 4     0.765    -0.527     0.371
 4     0.632     0.721    -0.282
 4    -0.119     0.449     0.885
 5   124.740    29.797    13.081
 5     0.744     0.066     0.665
 5     0.557    -0.611    -0.563
 5     0.369     0.789    -0.492
 6   137.013    21.117     1.449
 6     0.406     0.889     0.212
 6    -0.642     0.442    -0.627
 6    -0.650     0.118     0.750
 7   112.045   -14.632    -6.698
 7     0.615     0.456     0.644
 7    -0.547     0.834    -0.068
 7    -0.568    -0.311     0.762
 8   120.030   -32.779    12.080
 8     0.575    -0.099     0.812
 8    -0.667    -0.632     0.395
 8     0.474    -0.769    -0.429
 9   136.444   -26.051     0.244
 9     0.584    -0.806    -0.104
 9     0.484     0.245     0.838
 9    -0.651    -0.538     0.535
 2    98.202   -18.860    59.195
 2     0.571    -0.822     0.004
 2     0.820     0.570     0.032
 2    -0.028    -0.015     0.999
 3   129.589    -2.563    -0.696
 3     0.554    -0.051    -0.831
 3     0.118     0.993     0.018
 3     0.824    -0.108     0.555
 4   115.439    13.520    -8.336
 4     0.752    -0.541     0.378
 4     0.648     0.709    -0.278
 4    -0.118     0.453     0.883
 5   123.988    28.272    14.621
 5     0.715     0.217     0.664
 5     0.593    -0.690    -0.415
 5     0.368     0.691    -0.622
 6   134.636    23.702     1.210
 6     0.401     0.827     0.396
 6    -0.478     0.556    -0.680
 6    -0.781     0.083     0.617
 7   111.376   -14.851    -6.392
 7     0.586     0.483     0.652
 7    -0.581     0.810    -0.078
 7    -0.566    -0.333     0.754
 8   119.652   -31.989    13.096
 8     0.577    -0.142     0.805
 8    -0.655    -0.669     0.351
 8     0.489    -0.729    -0.479
 9   135.509   -27.125     0.590
 9     0.564    -0.822    -0.093
 9     0.408     0.182     0.894
 9    -0.718    -0.540     0.439
 2    98.202   -18.860    59.195
 2     0.571    -0.822     0.004
 2     0.820     0.570     0.032
 2    -0.028    -0.015     0.999
 3   129.804    -2.572    -0.733
 3     0.539    -0.040    -0.841
 3     0.126     0.991     0.034
 3     0.832    -0.124     0.539
 4   115.585    13.410    -8.443
 4     0.738    -0.564     0.372
 4     0.666     0.695    -0.268
 4    -0.107     0.445     0.889
 5   123.333    27.710    15.489
 5     0.666     0.323     0.672
 5     0.646    -0.699    -0.305
 5     0.371     0.638    -0.674
 6   133.232    26.547     1.344
 6     0.430     0.742     0.518
 6    -0.348     0.662    -0.663
 6    -0.833     0.104     0.540
 7   112.019   -14.896    -6.433
 7     0.583     0.511     0.632
 7    -0.593     0.798    -0.098
 7    -0.555    -0.318     0.768
 8   117.726   -32.880    12.612
 8     0.492    -0.165     0.855
 8    -0.719    -0.631     0.292
 8     0.491    -0.758    -0.428
 9   134.437   -29.360     1.003
 9     0.603    -0.795    -0.068
 9     0.363     0.201     0.909
 9    -0.710    -0.572     0.411
 2    98.202   -18.860    59.195
 2     0.571    -0.822     0.004
 2     0.821     0.569     0.032
 2    -0.028    -0.015     0.999
 3   130.124    -2.546    -0.575
 3     0.536    -0.027    -0.844
 3     0.116     0.992     0.041
 3     0.836    -0.120     0.535
 4   115.145    13.523    -8.021
 4     0.697    -0.620     0.363
 4     0.712     0.657    -0.246
 4    -0.086     0.429     0.898
 5   122.440    27.853    16.307
 5     0.626     0.429     0.652
 5     0.697    -0.682    -0.221
 5     0.350     0.592    -0.725
 6   131.205    29.690     1.640
 6     0.412     0.720     0.561
 6    -0.224     0.675    -0.702
 6    -0.883     0.163     0.438
 7   111.829   -14.945    -6.158
 7     0.572     0.537     0.621
 7    -0.615     0.781    -0.109
 7    -0.543    -0.319     0.776
 8   116.693   -32.520    13.300
 8     0.462    -0.177     0.869
 8    -0.723    -0.642     0.253
 8     0.514    -0.746    -0.424
 9   133.581   -29.862     2.028
 9     0.616    -0.787    -0.047
 9     0.325     0.203     0.923
 9    -0.718    -0.582     0.381
 2    98.202   -18.860    59.195
 2     0.571    -0.822     0.004
 2     0.821     0.569     0.032
 2    -0.028    -0.015     0.999
 3   129.721    -2.231    -0.698
 3     0.547    -0.026    -0.837
 3     0.107     0.993     0.039
 3     0.830    -0.111     0.546
 4   114.452    13.895    -7.829
 4     0.673    -0.641     0.371
 4     0.736     0.630    -0.246
 4    -0.076     0.437     0.895
 5   121.669    27.971    16.754
 5     0.611     0.455     0.649
 5     0.707    -0.681    -0.189
 5     0.356     0.574    -0.737
 6   130.303    30.919     2.083
 6     0.422     0.700     0.578
 6    -0.176     0.687    -0.705
 6    -0.890     0.195     0.410
 7   111.352   -14.737    -6.147
 7     0.558     0.534     0.636
 7    -0.614     0.780    -0.116
 7    -0.558    -0.326     0.763
 8   117.054   -32.269    13.308
 8     0.479    -0.214     0.851
 8    -0.728    -0.639     0.249
 8     0.491    -0.739    -0.461
 9   133.607   -29.946     1.032
 9     0.592    -0.806    -0.027
 9     0.311     0.201     0.928
 9    -0.743    -0.557     0.370
 2    98.202   -18.860    59.195
 2     0.571    -0.822     0.004
 2     0.820     0.570     0.032
 2    -0.028    -0.015     0.999
 3   129.539    -2.007    -0.721
 3     0.549    -0.031    -0.836
 3     0.103     0.994     0.032
 3     0.829    -0.104     0.548
 4   114.295    14.136    -7.738
 4     0.665    -0.649     0.372
 4     0.744     0.617    -0.253
 4    -0.065     0.444     0.893
 5   121.234    27.938    16.986
 5     0.601     0.452     0.660
 5     0.707    -0.685    -0.175
 5     0.372     0.571    -0.731
 6   130.155    31.300     2.714
 6     0.440     0.695     0.571
 6    -0.154     0.682    -0.714
 6    -0.885     0.225     0.405
 7   111.438   -14.565    -6.198
 7     0.556     0.525     0.645
 7    -0.609     0.784    -0.113
 7    -0.565    -0.330     0.756
 8   117.617   -31.742    13.429
 8     0.489    -0.206     0.848
 8    -0.711    -0.656     0.251
 8     0.505    -0.726    -0.467
 9   134.232   -29.775     1.359
 9     0.593    -0.804    -0.058
 9     0.286     0.147     0.946
 9    -0.753    -0.576     0.318
 2    98.201   -18.859    59.194
 2     0.570    -0.822     0.004
 2     0.821     0.569     0.032
 2    -0.028    -0.015     0.999
 3   129.671    -1.927    -0.732
 3     0.547    -0.034    -0.837
 3     0.104     0.994     0.028
 3     0.831    -0.103     0.547
 4   114.398    14.203    -7.778
 4     0.656    -0.662     0.364
 4     0.753     0.605    -0.256
 4    -0.051     0.441     0.895
 5   120.989    27.607    17.290
 5     0.583     0.468     0.665
 5     0.715    -0.683    -0.146
 5     0.386     0.560    -0.732
 6   129.735    31.848     3.239
 6     0.446     0.691     0.571
 6    -0.118     0.675    -0.727
 6    -0.887     0.257     0.381
 7   111.529   -14.611    -6.186
 7     0.555     0.529     0.643
 7    -0.615     0.780    -0.110
 7    -0.560    -0.335     0.757
 8   117.576   -31.713    13.596
 8     0.489    -0.207     0.848
 8    -0.709    -0.660     0.248
 8     0.508    -0.723    -0.469
 9   133.983   -30.041     1.554
 9     0.589    -0.808    -0.033
 9     0.280     0.169     0.944
 9    -0.758    -0.564     0.327
 2    98.202   -18.860    59.195
 2     0.571    -0.822     0.004
 2     0.821     0.569     0.032
 2    -0.028    -0.015     0.999
 3   129.722    -1.927    -0.706
 3     0.545    -0.032    -0.838
 3     0.103     0.994     0.029
 3     0.831    -0.103     0.545
 4   114.542    14.275    -7.736
 4     0.652    -0.671     0.354
 4     0.757     0.594    -0.269
 4    -0.030     0.443     0.895
 5   120.574    27.451    17.647
 5     0.566     0.476     0.674
 5     0.719    -0.683    -0.124
 5     0.401     0.554    -0.728
 6   129.360    32.273     3.698
 6     0.454     0.681     0.577
 6    -0.096     0.679    -0.727
 6    -0.885     0.274     0.372
 7   111.639   -14.659    -6.147
 7     0.554     0.534     0.640
 7    -0.620     0.776    -0.110
 7    -0.556    -0.336     0.760
 8   117.187   -31.797    13.576
 8     0.470    -0.199     0.860
 8    -0.717    -0.654     0.240
 8     0.515    -0.729    -0.450
 9   134.025   -30.073     1.790
 9     0.605    -0.796    -0.026
 9     0.286     0.189     0.939
 9    -0.742    -0.575     0.343
 2    98.252   -18.860    59.144
 2     0.571    -0.822     0.005
 2     0.820     0.570     0.032
 2    -0.028    -0.015     0.999
 3   129.746    -1.828    -0.656
 3     0.546    -0.031    -0.837
 3     0.100     0.994     0.029
 3     0.831    -0.100     0.546
 4   114.559    14.412    -7.737
 4     0.645    -0.680     0.351
 4     0.764     0.585    -0.271
 4    -0.021     0.442     0.896
 5   120.218    27.489    17.751
 5     0.552     0.479     0.683
 5     0.726    -0.678    -0.112
 5     0.409     0.557    -0.721
 6   129.184    32.646     3.909
 6     0.466     0.669     0.582
 6    -0.084     0.686    -0.722
 6    -0.881     0.286     0.374
 7   111.719   -14.605    -6.159
 7     0.556     0.535     0.637
 7    -0.620     0.776    -0.110
 7    -0.553    -0.334     0.763
 8   117.345   -31.798    13.502
 8     0.478    -0.206     0.854
 8    -0.717    -0.652     0.244
 8     0.507    -0.729    -0.459
 9   134.047   -29.901     1.599
 9     0.596    -0.803    -0.026
 9     0.293     0.190     0.937
 9    -0.747    -0.565     0.349
 2    98.201   -18.859    59.194
 2     0.570    -0.822     0.004
 2     0.821     0.569     0.032
 2    -0.028    -0.015     0.999
 3   129.795    -1.702    -0.606
 3     0.547    -0.034    -0.837
 3     0.098     0.995     0.024
 3     0.831    -0.096     0.547
 4   114.577    14.548    -7.662
 4     0.641    -0.684     0.348
 4     0.767     0.578    -0.276
 4    -0.012     0.444     0.895
 5   120.030    27.479    17.991
 5     0.545     0.474     0.692
 5     0.723    -0.682    -0.104
 5     0.423     0.557    -0.714
 6   129.086    32.872     4.382
 6     0.479     0.658     0.583
 6    -0.069     0.688    -0.721
 6    -0.875     0.304     0.373
 7   111.894   -14.474    -6.166
 7     0.561     0.531     0.636
 7    -0.617     0.779    -0.106
 7    -0.552    -0.333     0.764
 8   117.709   -31.560    13.574
 8     0.485    -0.193     0.853
 8    -0.707    -0.660     0.253
 8     0.514    -0.726    -0.456
 9   134.407   -29.411     1.897
 9     0.595    -0.803    -0.048
 9     0.300     0.170     0.938
 9    -0.745    -0.571     0.343
 2    98.202   -18.860    59.195
 2     0.571    -0.822     0.004
 2     0.821     0.569     0.032
 2    -0.028    -0.015     0.999
 3   129.929    -1.568    -0.498
 3     0.542    -0.045    -0.839
 3     0.102     0.995     0.012
 3     0.834    -0.093     0.544
 4   114.663    14.657    -7.622
 4     0.634    -0.694     0.342
 4     0.773     0.572    -0.271
 4    -0.007     0.436     0.899
 5   120.346    27.238    17.919
 5     0.585     0.407     0.702
 5     0.682    -0.714    -0.156
 5     0.438     0.570    -0.695
 6   130.607    31.086     4.775
 6     0.492     0.711     0.505
 6    -0.136     0.633    -0.762
 6    -0.860     0.306     0.406
 7   112.138   -14.566    -6.189
 7     0.600     0.496     0.628
 7    -0.592     0.802    -0.068
 7    -0.538    -0.331     0.775
 8   119.288   -32.549    12.667
 8     0.544    -0.096     0.834
 8    -0.676    -0.638     0.368
 8     0.497    -0.764    -0.412
 9   137.503   -25.860     2.282
 9     0.618    -0.769    -0.172
 9     0.505     0.222     0.833
 9    -0.602    -0.600     0.526
 2    98.202   -18.860    59.195
 2     0.571    -0.822     0.004
 2     0.821     0.569     0.032
 2    -0.028    -0.015     0.999
 3   129.658    -1.532    -0.294
 3     0.561    -0.069    -0.825
 3     0.115     0.993    -0.005
 3     0.819    -0.093     0.565
 4   114.558    14.579    -7.448
 4     0.664    -0.661     0.351
 4     0.747     0.601    -0.284
 4    -0.024     0.450     0.892
 5   121.096    29.036    16.371
 5     0.670     0.205     0.714
 5     0.616    -0.689    -0.381
 5     0.414     0.695    -0.588
 6   134.439    26.274     4.304
 6     0.526     0.803     0.280
 6    -0.431     0.535    -0.726
 6    -0.733     0.261     0.627
 7   112.133   -14.848    -6.140
 7     0.631     0.453     0.631
 7    -0.561     0.826    -0.031
 7    -0.536    -0.334     0.775
 8   120.761   -33.253    11.851
 8     0.584     0.037     0.811
 8    -0.636    -0.600     0.485
 8     0.504    -0.799    -0.327
 9   139.682   -22.794     4.393
 9     0.626    -0.727    -0.292
 9     0.687     0.338     0.640
 9    -0.367    -0.598     0.711
 2    98.202   -18.860    59.195
 2     0.571    -0.822     0.004
 2     0.820     0.570     0.032
 2    -0.028    -0.015     0.999
 3   129.646    -1.708    -0.277
 3     0.564    -0.076    -0.823
 3     0.125     0.992    -0.006
 3     0.816    -0.100     0.568
 4   114.778    14.146    -7.747
 4     0.692    -0.630     0.354
 4     0.720     0.631    -0.287
 4    -0.043     0.453     0.890
 5   122.817    31.426    13.429
 5     0.736     0.035     0.676
 5     0.573    -0.562    -0.596
 5     0.359     0.826    -0.434
 6   137.218    21.898     2.863
 6     0.471     0.878     0.084
 6    -0.693     0.426    -0.582
 6    -0.547     0.215     0.809
 7   112.182   -15.023    -6.148
 7     0.634     0.451     0.628
 7    -0.557     0.829    -0.032
 7    -0.535    -0.330     0.777
 8   121.044   -34.021    10.942
 8     0.598     0.114     0.793
 8    -0.622    -0.559     0.548
 8     0.505    -0.821    -0.265
 9   139.555   -21.375     4.646
 9     0.582    -0.744    -0.336
 9     0.756     0.344     0.554
 9    -0.298    -0.573     0.762
 2    98.202   -18.860    59.195
 2     0.571    -0.822     0.004
 2     0.821     0.569     0.032
 2    -0.028    -0.015     0.999
 3   129.646    -1.809    -0.277
 3     0.564    -0.075    -0.823
 3     0.126     0.992    -0.004
 3     0.816    -0.102     0.568
 4   114.703    13.897    -7.821
 4     0.706    -0.616     0.351
 4     0.705     0.652    -0.276
 4    -0.059     0.442     0.894
 5   125.053    32.321    10.597
 5     0.804    -0.104     0.586
 5     0.498    -0.422    -0.757
 5     0.326     0.900    -0.288
 6   139.078    16.558     3.433
 6     0.345     0.937    -0.051
 6    -0.877     0.303    -0.372
 6    -0.334     0.173     0.927
 7   112.082   -15.206    -6.236
 7     0.645     0.423     0.637
 7    -0.530     0.847    -0.025
 7    -0.551    -0.321     0.770
 8   122.420   -34.837     9.188
 8     0.629     0.259     0.733
 8    -0.586    -0.462     0.665
 8     0.510    -0.848    -0.140
 9   140.370   -17.707     7.188
 9     0.499    -0.779    -0.385
 9     0.861     0.397     0.312
 9    -0.093    -0.485     0.869
 2    98.202   -18.860    59.195
 2     0.571    -0.822     0.004
 2     0.821     0.569     0.032
 2    -0.028    -0.015     0.999
 3   129.343    -2.193    -0.250
 3     0.570    -0.092    -0.817
 3     0.134     0.990    -0.017
 3     0.810    -0.100     0.577
 4   114.913    13.609    -7.863
 4     0.751    -0.565     0.343
 4     0.656     0.697    -0.289
 4    -0.076     0.441     0.894
 5   129.036    31.572     7.942
 5     0.859    -0.264     0.440
 5     0.393    -0.213    -0.894
 5     0.329     0.940    -0.080
 6   141.344    10.655     5.654
 6     0.217     0.975    -0.040
 6    -0.975     0.214    -0.060
 6    -0.050     0.052     0.997
 7   112.271   -15.379    -6.399
 7     0.662     0.385     0.644
 7    -0.498     0.867    -0.007
 7    -0.561    -0.316     0.765
 8   124.757   -34.645     8.604
 8     0.679     0.322     0.660
 8    -0.535    -0.398     0.744
 8     0.502    -0.859    -0.099
 9   142.035   -14.047     7.200
 9     0.466    -0.815    -0.350
 9     0.874     0.483     0.038
 9     0.135    -0.322     0.936
 2    98.202   -18.860    59.195
 2     0.571    -0.822     0.004
 2     0.821     0.569     0.032
 2    -0.028    -0.015     0.999
 3   129.489    -2.427    -0.349
 3     0.578    -0.104    -0.809
 3     0.137     0.990    -0.028
 3     0.804    -0.095     0.586
 4   115.277    13.272    -8.006
 4     0.771    -0.541     0.338
 4     0.629     0.729    -0.269
 4    -0.101     0.419     0.901
 5   131.260    30.822     6.701
 5     0.883    -0.290     0.369
 5     0.349    -0.116    -0.930
 5     0.312     0.950    -0.002
 6   143.632     8.245     7.509
 6     0.219     0.974     0.048
 6    -0.966     0.209     0.148
 6     0.135    -0.079     0.988
 7   112.474   -15.353    -6.622
 7     0.668     0.374     0.644
 7    -0.483     0.875    -0.007
 7    -0.566    -0.306     0.765
 8   126.847   -34.101     7.988
 8     0.707     0.359     0.610
 8    -0.501    -0.354     0.789
 8     0.499    -0.863    -0.071
 9   144.539   -12.586    10.743
 9     0.463    -0.765    -0.454
 9     0.840     0.537    -0.053
 9     0.281    -0.356     0.889
 2    98.202   -18.860    59.195
 2     0.571    -0.822     0.004
 2     0.821     0.569     0.032
 2    -0.028    -0.015     0.999
 3   129.748    -2.481    -0.472
 3     0.582    -0.119    -0.805
 3     0.135     0.989    -0.048
 3     0.802    -0.081     0.592
 4   115.719    13.286    -8.057
 4     0.784    -0.523     0.336
 4     0.611     0.743    -0.271
 4    -0.108     0.417     0.902
 5   132.167    30.418     6.974
 5     0.875    -0.339     0.345
 5     0.334    -0.090    -0.938
 5     0.348     0.936     0.034
 6   144.429     7.965     9.632
 6     0.240     0.969     0.063
 6    -0.948     0.219     0.227
 6     0.207    -0.114     0.972
 7   112.627   -15.127    -6.873
 7     0.671     0.376     0.640
 7    -0.474     0.880    -0.019
 7    -0.570    -0.291     0.768
 8   127.361   -33.826     7.556
 8     0.705     0.394     0.590
 8    -0.498    -0.316     0.806
 8     0.504    -0.863    -0.028
 9   144.922   -12.337    12.489
 9     0.445    -0.749    -0.497
 9     0.815     0.563    -0.124
 9     0.369    -0.349     0.859
 2    98.202   -18.860    59.195
 2     0.571    -0.822     0.004
 2     0.821     0.569     0.032
 2    -0.028    -0.015     0.999
 3   129.761    -2.435    -0.517
 3     0.585    -0.127    -0.802
 3     0.131     0.989    -0.060
 3     0.800    -0.071     0.595
 4   115.719    13.390    -8.010
 4     0.780    -0.528     0.337
 4     0.616     0.740    -0.269
 4    -0.107     0.416     0.902
 5   131.951    30.641     7.221
 5     0.866    -0.365     0.342
 5     0.335    -0.081    -0.938
 5     0.370     0.927     0.051
 6   144.051     8.199    10.090
 6     0.238     0.969     0.066
 6    -0.947     0.217     0.237
 6     0.216    -0.119     0.969
 7   112.563   -14.955    -6.964
 7     0.670     0.377     0.640
 7    -0.471     0.881    -0.026
 7    -0.574    -0.284     0.767
 8   127.192   -33.875     7.545
 8     0.703     0.399     0.590
 8    -0.498    -0.315     0.807
 8     0.507    -0.861    -0.024
 9   144.649   -12.253    12.331
 9     0.434    -0.731    -0.531
 9     0.818     0.562    -0.109
 9     0.375    -0.386     0.840
 2    98.202   -18.860    59.195
 2     0.571    -0.822     0.004
 2     0.821     0.569     0.032
 2    -0.028    -0.015     0.999
 3   129.680    -2.411    -0.591
 3     0.587    -0.133    -0.799
 3     0.131     0.989    -0.067
 3     0.799    -0.066     0.597
 4   115.472    13.461    -7.959
 4     0.773    -0.535     0.343
 4     0.624     0.738    -0.256
 4    -0.116     0.411     0.904
 5   131.824    30.742     7.149
 5     0.866    -0.366     0.342
 5     0.338    -0.077    -0.938
 5     0.369     0.927     0.056
 6   143.794     8.318    10.030
 6     0.229     0.971     0.071
 6    -0.950     0.207     0.233
 6     0.212    -0.121     0.970
 7   112.560   -14.955    -7.013
 7     0.671     0.374     0.641
 7    -0.469     0.883    -0.024
 7    -0.575    -0.284     0.767
 8   127.108   -33.769     7.595
 8     0.701     0.408     0.586
 8    -0.494    -0.314     0.810
 8     0.514    -0.857    -0.020
 9   144.670   -12.068    12.577
 9     0.433    -0.734    -0.528
 9     0.814     0.566    -0.123
 9     0.385    -0.375     0.840
 2    98.202   -18.860    59.195
 2     0.571    -0.822     0.004
 2     0.821     0.569     0.032
 2    -0.028    -0.015     0.999
 3   129.674    -2.310    -0.638
 3     0.587    -0.137    -0.798
 3     0.133     0.988    -0.071
 3     0.798    -0.065     0.599
 4   115.419    13.436    -7.982
 4     0.769    -0.539     0.344
 4     0.628     0.736    -0.253
 4    -0.117     0.409     0.904
 5   131.612    30.823     7.263
 5     0.863    -0.372     0.342
 5     0.339    -0.075    -0.938
 5     0.374     0.925     0.060
 6   143.570     8.317    10.052
 6     0.227     0.971     0.067
 6    -0.950     0.206     0.232
 6     0.213    -0.117     0.970
 7   112.565   -14.902    -6.969
 7     0.672     0.374     0.640
 7    -0.470     0.882    -0.023
 7    -0.573    -0.285     0.768
 8   126.961   -33.763     7.725
 8     0.692     0.425     0.584
 8    -0.493    -0.312     0.811
 8     0.527    -0.849    -0.007
 9   144.205   -12.003    13.193
 9     0.420    -0.736    -0.538
 9     0.814     0.561    -0.137
 9     0.400    -0.379     0.832
];