% Calibrated with leiden_pols
% Positions are in centimeters
Data =[
 2    98.202   -18.860    59.195
 2     0.571    -0.822     0.004
 2     0.821     0.569     0.032
 2    -0.028    -0.015     0.999
 3   129.951    -1.709    -0.432
 3     0.465    -0.157    -0.871
 3     0.147     0.984    -0.098
 3     0.872    -0.084     0.481
 4   116.295    13.134    -9.164
 4     0.791    -0.495     0.362
 4     0.584     0.786    -0.201
 4    -0.185     0.370     0.910
 5   131.813    32.643     2.725
 5     0.855    -0.347     0.387
 5     0.429     0.053    -0.902
 5     0.292     0.936     0.193
 6   143.334    10.349     6.650
 6     0.154     0.987     0.037
 6    -0.944     0.136     0.299
 6     0.291    -0.081     0.953
 7   113.763   -13.801    -8.087
 7     0.694     0.311     0.650
 7    -0.373     0.926    -0.043
 7    -0.616    -0.213     0.758
 8   128.070   -34.956     2.674
 8     0.692     0.436     0.577
 8    -0.581    -0.139     0.801
 8     0.429    -0.889     0.156
 9   143.331   -12.124     9.617
 9     0.305    -0.900    -0.314
 9     0.814     0.415    -0.406
 9     0.493    -0.132     0.858
 2    98.202   -18.860    59.195
 2     0.571    -0.821     0.004
 2     0.820     0.570     0.032
 2    -0.028    -0.015     0.999
 3   130.067    -1.653    -0.449
 3     0.460    -0.153    -0.875
 3     0.147     0.984    -0.094
 3     0.875    -0.087     0.475
 4   116.404    13.188    -9.175
 4     0.792    -0.494     0.359
 4     0.583     0.786    -0.206
 4    -0.181     0.371     0.910
 5   131.930    32.700     2.935
 5     0.853    -0.354     0.385
 5     0.427     0.051    -0.902
 5     0.299     0.934     0.194
 6   143.402    10.319     6.886
 6     0.150     0.988     0.031
 6    -0.945     0.135     0.296
 6     0.289    -0.074     0.954
 7   113.787   -13.673    -8.246
 7     0.695     0.312     0.648
 7    -0.372     0.927    -0.046
 7    -0.615    -0.209     0.760
 8   127.982   -34.930     2.552
 8     0.685     0.445     0.577
 8    -0.583    -0.138     0.799
 8     0.435    -0.885     0.164
 9   143.143   -12.018     9.703
 9     0.300    -0.901    -0.317
 9     0.813     0.414    -0.410
 9     0.498    -0.134     0.855
 2    98.202   -18.860    59.195
 2     0.571    -0.822     0.004
 2     0.820     0.570     0.032
 2    -0.028    -0.015     0.999
 3   130.159    -1.653    -0.493
 3     0.458    -0.142    -0.878
 3     0.139     0.986    -0.086
 3     0.878    -0.083     0.471
 4   116.697    13.320    -9.071
 4     0.797    -0.490     0.354
 4     0.578     0.786    -0.215
 4    -0.173     0.375     0.910
 5   132.199    32.653     3.194
 5     0.855    -0.358     0.376
 5     0.418     0.048    -0.907
 5     0.306     0.932     0.190
 6   143.493    10.161     7.180
 6     0.144     0.989     0.031
 6    -0.948     0.128     0.292
 6     0.285    -0.071     0.956
 7   113.898   -13.568    -8.264
 7     0.697     0.321     0.642
 7    -0.377     0.924    -0.052
 7    -0.610    -0.206     0.765
 8   127.669   -34.926     2.779
 8     0.670     0.462     0.582
 8    -0.589    -0.145     0.794
 8     0.451    -0.875     0.174
 9   142.877   -12.144    10.189
 9     0.299    -0.895    -0.333
 9     0.813     0.420    -0.404
 9     0.499    -0.150     0.852
 2    98.202   -18.860    59.195
 2     0.571    -0.822     0.004
 2     0.821     0.569     0.032
 2    -0.028    -0.015     0.999
 3   130.285    -1.651    -0.313
 3     0.457    -0.142    -0.878
 3     0.142     0.986    -0.085
 3     0.878    -0.087     0.470
 4   116.784    13.325    -9.033
 4     0.798    -0.493     0.349
 4     0.579     0.786    -0.216
 4    -0.168     0.373     0.912
 5   132.271    32.610     3.352
 5     0.852    -0.367     0.374
 5     0.418     0.049    -0.907
 5     0.314     0.929     0.195
 6   143.598    10.163     7.399
 6     0.144     0.989     0.027
 6    -0.947     0.130     0.294
 6     0.288    -0.068     0.955
 7   114.187   -13.776    -8.161
 7     0.709     0.310     0.633
 7    -0.377     0.925    -0.030
 7    -0.596    -0.217     0.773
 8   127.979   -34.758     3.343
 8     0.672     0.467     0.577
 8    -0.578    -0.157     0.800
 8     0.464    -0.870     0.163
 9   142.843   -11.849    10.560
 9     0.295    -0.898    -0.328
 9     0.822     0.412    -0.394
 9     0.487    -0.154     0.859
 2    98.204   -18.910    59.192
 2     0.571    -0.821     0.004
 2     0.820     0.570     0.032
 2    -0.027    -0.016     0.999
 3   130.018    -1.677    -0.110
 3     0.482    -0.144    -0.864
 3     0.137     0.986    -0.087
 3     0.865    -0.077     0.495
 4   116.302    13.196    -8.923
 4     0.795    -0.496     0.351
 4     0.582     0.785    -0.212
 4    -0.171     0.372     0.912
 5   131.440    32.716     3.694
 5     0.847    -0.362     0.389
 5     0.427     0.031    -0.903
 5     0.315     0.931     0.180
 6   142.950    10.376     7.205
 6     0.171     0.985     0.027
 6    -0.951     0.157     0.265
 6     0.257    -0.071     0.964
 7   113.542   -13.835    -7.832
 7     0.701     0.314     0.641
 7    -0.387     0.921    -0.027
 7    -0.599    -0.229     0.767
 8   125.948   -34.894     4.868
 8     0.648     0.429     0.630
 8    -0.588    -0.245     0.770
 8     0.484    -0.870     0.093
 9   142.239   -13.049     8.904
 9     0.407    -0.870    -0.282
 9     0.841     0.476    -0.258
 9     0.356    -0.132     0.924
 2    98.202   -18.910    59.144
 2     0.571    -0.821     0.004
 2     0.820     0.570     0.032
 2    -0.028    -0.015     0.999
 3   129.674    -1.665    -0.188
 3     0.525    -0.140    -0.840
 3     0.142     0.987    -0.075
 3     0.839    -0.081     0.538
 4   115.702    13.293    -8.690
 4     0.788    -0.501     0.358
 4     0.596     0.765    -0.244
 4    -0.152     0.405     0.901
 5   129.288    32.296     6.758
 5     0.831    -0.248     0.499
 5     0.458    -0.204    -0.865
 5     0.316     0.947    -0.057
 6   142.347    12.311     3.935
 6     0.281     0.959     0.038
 6    -0.958     0.282    -0.048
 6    -0.056    -0.023     0.998
 7   112.674   -14.371    -7.087
 7     0.667     0.374     0.645
 7    -0.476     0.879    -0.017
 7    -0.573    -0.296     0.764
 8   123.393   -33.013    10.414
 8     0.638     0.141     0.757
 8    -0.586    -0.549     0.595
 8     0.499    -0.823    -0.269
 9   141.321   -18.088     3.383
 9     0.620    -0.782    -0.068
 9     0.769     0.588     0.248
 9    -0.155    -0.205     0.966
 2    98.202   -18.860    59.144
 2     0.571    -0.822     0.004
 2     0.820     0.570     0.032
 2    -0.028    -0.015     0.999
 3   129.688    -2.048    -0.324
 3     0.552    -0.114    -0.826
 3     0.134     0.990    -0.046
 3     0.823    -0.086     0.562
 4   115.669    13.373    -8.428
 4     0.780    -0.512     0.362
 4     0.613     0.739    -0.278
 4    -0.125     0.438     0.889
 5   126.850    31.233    10.279
 5     0.794    -0.105     0.598
 5     0.500    -0.445    -0.742
 5     0.344     0.889    -0.302
 6   140.451    16.493     2.047
 6     0.375     0.924     0.070
 6    -0.844     0.371    -0.387
 6    -0.384     0.085     0.919
 7   112.515   -14.564    -6.937
 7     0.645     0.406     0.648
 7    -0.506     0.861    -0.035
 7    -0.573    -0.305     0.760
 8   121.846   -33.085    11.029
 8     0.606    -0.008     0.796
 8    -0.641    -0.598     0.481
 8     0.471    -0.802    -0.367
 9   138.735   -22.994     0.349
 9     0.620    -0.781    -0.072
 9     0.628     0.442     0.639
 9    -0.469    -0.441     0.765
 2    98.202   -18.860    59.195
 2     0.571    -0.822     0.004
 2     0.820     0.570     0.032
 2    -0.028    -0.015     0.999
 3   129.785    -2.233    -0.335
 3     0.556    -0.094    -0.826
 3     0.124     0.992    -0.028
 3     0.821    -0.088     0.563
 4   115.795    13.463    -8.404
 4     0.765    -0.527     0.371
 4     0.632     0.721    -0.282
 4    -0.119     0.449     0.885
 5   124.740    29.797    13.081
 5     0.744     0.066     0.665
 5     0.557    -0.611    -0.563
 5     0.369     0.789    -0.492
