% Calibrated with leiden_pols
% Positions are in centimeters
Data =[
 2    98.252   -18.860    59.195
 2     0.571    -0.822     0.004
 2     0.820     0.570     0.032
 2    -0.028    -0.016     0.999
 3   131.382    -1.279     0.168
 3     0.564    -0.326    -0.760
 3     0.182     0.945    -0.268
 3     0.805     0.012     0.592
 4   120.256    15.983    -5.336
 4     0.885    -0.424     0.193
 4     0.459     0.728    -0.509
 4     0.075     0.539     0.839
 5   136.846    19.381    19.633
 5     0.770    -0.638    -0.039
 5    -0.304    -0.316    -0.899
 5     0.561     0.702    -0.437
 6   142.784    -4.922    15.312
 6    -0.015     0.824    -0.567
 6    -0.967    -0.157    -0.202
 6    -0.255     0.545     0.798
 7   117.701   -18.049    -5.184
 7     0.832     0.160     0.532
 7    -0.377     0.866     0.329
 7    -0.408    -0.474     0.780
 8   135.233   -23.466    17.927
 8     0.686     0.664     0.300
 8     0.129    -0.515     0.847
 8     0.716    -0.543    -0.438
 9   148.023     1.280    26.278
 9     0.260     0.452    -0.855
 9     0.965    -0.153     0.210
 9    -0.038    -0.879    -0.474
 2    98.252   -18.860    59.144
 2     0.571    -0.821     0.005
 2     0.820     0.570     0.032
 2    -0.028    -0.015     0.999
 3   131.332    -1.278     0.168
 3     0.563    -0.327    -0.760
 3     0.184     0.945    -0.269
 3     0.805     0.011     0.591
 4   120.207    16.036    -5.339
 4     0.884    -0.426     0.193
 4     0.461     0.727    -0.509
 4     0.076     0.539     0.839
 5   136.820    19.431    19.632
 5     0.770    -0.638    -0.038
 5    -0.304    -0.317    -0.899
 5     0.561     0.701    -0.437
 6   142.786    -4.921    15.308
 6    -0.014     0.823    -0.567
 6    -0.967    -0.156    -0.201
 6    -0.254     0.545     0.798
 7   117.701   -18.023    -5.183
 7     0.832     0.160     0.532
 7    -0.377     0.865     0.330
 7    -0.408    -0.475     0.780
 8   135.236   -23.465    17.922
 8     0.685     0.664     0.300
 8     0.129    -0.515     0.847
 8     0.717    -0.542    -0.438
 9   148.071     1.279    26.281
 9     0.260     0.452    -0.855
 9     0.965    -0.153     0.210
 9    -0.039    -0.879    -0.474
 2    98.202   -18.860    59.195
 2     0.571    -0.821     0.004
 2     0.820     0.570     0.032
 2    -0.028    -0.015     0.999
 3   131.378    -1.255     0.122
 3     0.565    -0.326    -0.759
 3     0.183     0.945    -0.268
 3     0.804     0.012     0.593
 4   120.258    16.035    -5.338
 4     0.885    -0.425     0.193
 4     0.459     0.728    -0.509
 4     0.076     0.538     0.839
 5   136.898    19.383    19.577
 5     0.770    -0.639    -0.037
 5    -0.303    -0.318    -0.899
 5     0.562     0.701    -0.438
 6   142.786    -4.870    15.308
 6    -0.014     0.823    -0.568
 6    -0.967    -0.156    -0.202
 6    -0.254     0.546     0.798
 7   117.750   -18.051    -5.179
 7     0.830     0.161     0.535
 7    -0.379     0.865     0.329
 7    -0.409    -0.475     0.778
 8   135.283   -23.516    17.927
 8     0.686     0.663     0.301
 8     0.129    -0.516     0.846
 8     0.716    -0.542    -0.439
 9   148.072     1.279    26.281
 9     0.261     0.452    -0.855
 9     0.964    -0.154     0.210
 9    -0.039    -0.878    -0.475
 2    98.202   -18.910    59.195
 2     0.571    -0.821     0.005
 2     0.820     0.570     0.032
 2    -0.028    -0.015     0.999
 3   131.421    -1.284     0.057
 3     0.568    -0.322    -0.758
 3     0.180     0.947    -0.265
 3     0.802     0.013     0.595
 4   120.330    15.984    -5.387
 4     0.885    -0.425     0.193
 4     0.460     0.727    -0.510
 4     0.075     0.539     0.838
 5   136.951    19.383    19.548
 5     0.767    -0.641    -0.036
 5    -0.305    -0.318    -0.898
 5     0.563     0.698    -0.439
 6   142.909    -4.921    15.307
 6    -0.014     0.821    -0.571
 6    -0.967    -0.156    -0.201
 6    -0.254     0.548     0.796
 7   117.799   -18.104    -5.220
 7     0.827     0.162     0.539
 7    -0.383     0.863     0.329
 7    -0.411    -0.478     0.775
 8   135.289   -23.515    17.923
 8     0.685     0.663     0.304
 8     0.129    -0.519     0.844
 8     0.717    -0.539    -0.441
 9   148.148     1.229    26.282
 9     0.261     0.453    -0.854
 9     0.964    -0.154     0.210
 9    -0.039    -0.878    -0.476
 2    98.202   -18.860    59.195
 2     0.571    -0.822     0.004
 2     0.820     0.570     0.032
 2    -0.028    -0.015     0.999
 3   131.546    -1.336    -0.045
 3     0.570    -0.319    -0.758
 3     0.177     0.948    -0.263
 3     0.802     0.015     0.596
 4   120.377    15.982    -5.456
 4     0.885    -0.424     0.194
 4     0.459     0.729    -0.507
 4     0.073     0.537     0.840
 5   137.006    19.360    19.488
 5     0.766    -0.643    -0.034
 5    -0.305    -0.321    -0.897
 5     0.565     0.695    -0.441
 6   143.003    -4.922    15.209
 6    -0.013     0.820    -0.573
 6    -0.967    -0.157    -0.203
 6    -0.256     0.551     0.794
 7   117.798   -18.106    -5.267
 7     0.826     0.163     0.540
 7    -0.385     0.862     0.328
 7    -0.412    -0.479     0.775
 8   135.286   -23.464    17.907
 8     0.687     0.659     0.307
 8     0.130    -0.526     0.840
 8     0.715    -0.537    -0.447
 9   148.364     1.098    26.049
 9     0.263     0.434    -0.863
 9     0.964    -0.151     0.216
 9    -0.039    -0.888    -0.456
 2    98.204   -18.859    59.192
 2     0.571    -0.821     0.004
 2     0.820     0.570     0.031
 2    -0.027    -0.015     0.999
 3   131.477    -1.342    -0.028
 3     0.575    -0.325    -0.752
 3     0.177     0.946    -0.271
 3     0.798     0.022     0.601
 4   120.374    15.980    -5.449
 4     0.885    -0.423     0.193
 4     0.459     0.732    -0.504
 4     0.071     0.534     0.842
 5   136.852    19.259    19.487
 5     0.767    -0.642    -0.029
 5    -0.304    -0.328    -0.895
 5     0.564     0.694    -0.446
 6   143.586    -4.306    14.444
 6     0.038     0.799    -0.601
 6    -0.954    -0.150    -0.259
 6    -0.297     0.583     0.756
 7   117.515   -18.036    -5.303
 7     0.823     0.166     0.544
 7    -0.388     0.863     0.324
 7    -0.416    -0.478     0.774
 8   134.343   -23.041    18.236
 8     0.704     0.621     0.346
 8     0.122    -0.584     0.802
 8     0.699    -0.523    -0.487
 9   150.743    -1.166    24.392
 9     0.448     0.236    -0.863
 9     0.890    -0.202     0.406
 9    -0.080    -0.950    -0.300
 2    98.202   -18.860    59.195
 2     0.571    -0.822     0.004
 2     0.821     0.569     0.032
 2    -0.028    -0.015     0.999
 3   131.141    -1.444     0.025
 3     0.574    -0.302    -0.762
 3     0.174     0.953    -0.245
 3     0.799     0.008     0.600
 4   119.807    16.114    -5.505
 4     0.876    -0.443     0.189
 4     0.470     0.702    -0.535
 4     0.103     0.557     0.824
 5   133.356    19.046    20.896
 5     0.783    -0.551     0.287
 5    -0.173    -0.637    -0.751
 5     0.596     0.538    -0.595
 6   147.751     4.023    14.013
 6     0.481     0.723    -0.503
 6    -0.708    -0.017    -0.702
 6    -0.516     0.690     0.505
 7   116.902   -18.200    -5.206
 7     0.815     0.216     0.538
 7    -0.433     0.843     0.318
 7    -0.384    -0.492     0.781
 8   131.716   -22.672    19.588
 8     0.699     0.465     0.545
 8     0.034    -0.781     0.622
 8     0.714    -0.417    -0.562
 9   154.239   -11.314    23.473
 9     0.833     0.066    -0.548
 9     0.513    -0.458     0.725
 9    -0.203    -0.886    -0.416
 2    98.202   -18.860    59.195
 2     0.571    -0.822     0.004
 2     0.820     0.570     0.032
 2    -0.028    -0.015     0.999
 3   130.866    -1.448    -0.024
 3     0.551    -0.228    -0.803
 3     0.180     0.972    -0.151
 3     0.815    -0.062     0.576
 4   119.679    16.457    -5.941
 4     0.855    -0.478     0.201
 4     0.501     0.661    -0.558
 4     0.133     0.577     0.805
 5   130.473    18.479    21.457
 5     0.733    -0.406     0.548
 5    -0.062    -0.839    -0.538
 5     0.677     0.361    -0.640
