% Calibrated with leiden_pols
% Positions are in centimeters
Data =[
 2    98.252   -18.860    59.195
 2     0.571    -0.822     0.004
 2     0.820     0.570     0.032
 2    -0.028    -0.016     0.999
 3   131.382    -1.279     0.168
 3     0.564    -0.326    -0.760
 3     0.182     0.945    -0.268
 3     0.805     0.012     0.592
 4   120.256    15.983    -5.336
 4     0.885    -0.424     0.193
 4     0.459     0.728    -0.509
 4     0.075     0.539     0.839
 5   136.846    19.381    19.633
 5     0.770    -0.638    -0.039
 5    -0.304    -0.316    -0.899
 5     0.561     0.702    -0.437
 6   142.784    -4.922    15.312
 6    -0.015     0.824    -0.567
 6    -0.967    -0.157    -0.202
 6    -0.255     0.545     0.798
 7   117.701   -18.049    -5.184
 7     0.832     0.160     0.532
 7    -0.377     0.866     0.329
 7    -0.408    -0.474     0.780
 8   135.233   -23.466    17.927
 8     0.686     0.664     0.300
 8     0.129    -0.515     0.847
 8     0.716    -0.543    -0.438
 9   148.023     1.280    26.278
 9     0.260     0.452    -0.855
 9     0.965    -0.153     0.210
 9    -0.038    -0.879    -0.474
 2    98.252   -18.860    59.144
 2     0.571    -0.821     0.005
 2     0.820     0.570     0.032
 2    -0.028    -0.015     0.999
 3   131.332    -1.278     0.168
 3     0.563    -0.327    -0.760
 3     0.184     0.945    -0.269
 3     0.805     0.011     0.591
 4   120.207    16.036    -5.339
 4     0.884    -0.426     0.193
 4     0.461     0.727    -0.509
 4     0.076     0.539     0.839
 5   136.820    19.431    19.632
 5     0.770    -0.638    -0.038
 5    -0.304    -0.317    -0.899
 5     0.561     0.701    -0.437
 6   142.786    -4.921    15.308
 6    -0.014     0.823    -0.567
 6    -0.967    -0.156    -0.201
 6    -0.254     0.545     0.798
 7   117.701   -18.023    -5.183
 7     0.832     0.160     0.532
 7    -0.377     0.865     0.330
 7    -0.408    -0.475     0.780
 8   135.236   -23.465    17.922
 8     0.685     0.664     0.300
 8     0.129    -0.515     0.847
 8     0.717    -0.542    -0.438
 9   148.071     1.279    26.281
 9     0.260     0.452    -0.855
 9     0.965    -0.153     0.210
 9    -0.039    -0.879    -0.474
 2    98.202   -18.860    59.195
 2     0.571    -0.821     0.004
 2     0.820     0.570     0.032
 2    -0.028    -0.015     0.999
 3   131.378    -1.255     0.122
 3     0.565    -0.326    -0.759
 3     0.183     0.945    -0.268
 3     0.804     0.012     0.593
 4   120.258    16.035    -5.338
 4     0.885    -0.425     0.193
 4     0.459     0.728    -0.509
 4     0.076     0.538     0.839
 5   136.898    19.383    19.577
 5     0.770    -0.639    -0.037
 5    -0.303    -0.318    -0.899
 5     0.562     0.701    -0.438
 6   142.786    -4.870    15.308
 6    -0.014     0.823    -0.568
 6    -0.967    -0.156    -0.202
 6    -0.254     0.546     0.798
 7   117.750   -18.051    -5.179
 7     0.830     0.161     0.535
 7    -0.379     0.865     0.329
 7    -0.409    -0.475     0.778
 8   135.283   -23.516    17.927
 8     0.686     0.663     0.301
 8     0.129    -0.516     0.846
 8     0.716    -0.542    -0.439
 9   148.072     1.279    26.281
 9     0.261     0.452    -0.855
 9     0.964    -0.154     0.210
 9    -0.039    -0.878    -0.475
 2    98.202   -18.910    59.195
 2     0.571    -0.821     0.005
 2     0.820     0.570     0.032
 2    -0.028    -0.015     0.999
 3   131.421    -1.284     0.057
 3     0.568    -0.322    -0.758
 3     0.180     0.947    -0.265
 3     0.802     0.013     0.595
 4   120.330    15.984    -5.387
 4     0.885    -0.425     0.193
 4     0.460     0.727    -0.510
 4     0.075     0.539     0.838
 5   136.951    19.383    19.548
 5     0.767    -0.641    -0.036
 5    -0.305    -0.318    -0.898
 5     0.563     0.698    -0.439
 6   142.909    -4.921    15.307
 6    -0.014     0.821    -0.571
 6    -0.967    -0.156    -0.201
 6    -0.254     0.548     0.796
 7   117.799   -18.104    -5.220
 7     0.827     0.162     0.539
 7    -0.383     0.863     0.329
 7    -0.411    -0.478     0.775
 8   135.289   -23.515    17.923
 8     0.685     0.663     0.304
 8     0.129    -0.519     0.844
 8     0.717    -0.539    -0.441
 9   148.148     1.229    26.282
 9     0.261     0.453    -0.854
 9     0.964    -0.154     0.210
 9    -0.039    -0.878    -0.476
 2    98.202   -18.860    59.195
 2     0.571    -0.822     0.004
 2     0.820     0.570     0.032
 2    -0.028    -0.015     0.999
 3   131.546    -1.336    -0.045
 3     0.570    -0.319    -0.758
 3     0.177     0.948    -0.263
 3     0.802     0.015     0.596
 4   120.377    15.982    -5.456
 4     0.885    -0.424     0.194
 4     0.459     0.729    -0.507
 4     0.073     0.537     0.840
 5   137.006    19.360    19.488
 5     0.766    -0.643    -0.034
 5    -0.305    -0.321    -0.897
 5     0.565     0.695    -0.441
 6   143.003    -4.922    15.209
 6    -0.013     0.820    -0.573
 6    -0.967    -0.157    -0.203
 6    -0.256     0.551     0.794
 7   117.798   -18.106    -5.267
 7     0.826     0.163     0.540
 7    -0.385     0.862     0.328
 7    -0.412    -0.479     0.775
 8   135.286   -23.464    17.907
 8     0.687     0.659     0.307
 8     0.130    -0.526     0.840
 8     0.715    -0.537    -0.447
 9   148.364     1.098    26.049
 9     0.263     0.434    -0.863
 9     0.964    -0.151     0.216
 9    -0.039    -0.888    -0.456
 2    98.204   -18.859    59.192
 2     0.571    -0.821     0.004
 2     0.820     0.570     0.031
 2    -0.027    -0.015     0.999
 3   131.477    -1.342    -0.028
 3     0.575    -0.325    -0.752
 3     0.177     0.946    -0.271
 3     0.798     0.022     0.601
 4   120.374    15.980    -5.449
 4     0.885    -0.423     0.193
 4     0.459     0.732    -0.504
 4     0.071     0.534     0.842
 5   136.852    19.259    19.487
 5     0.767    -0.642    -0.029
 5    -0.304    -0.328    -0.895
 5     0.564     0.694    -0.446
 6   143.586    -4.306    14.444
 6     0.038     0.799    -0.601
 6    -0.954    -0.150    -0.259
 6    -0.297     0.583     0.756
 7   117.515   -18.036    -5.303
 7     0.823     0.166     0.544
 7    -0.388     0.863     0.324
 7    -0.416    -0.478     0.774
 8   134.343   -23.041    18.236
 8     0.704     0.621     0.346
 8     0.122    -0.584     0.802
 8     0.699    -0.523    -0.487
 9   150.743    -1.166    24.392
 9     0.448     0.236    -0.863
 9     0.890    -0.202     0.406
 9    -0.080    -0.950    -0.300
 2    98.202   -18.860    59.195
 2     0.571    -0.822     0.004
 2     0.821     0.569     0.032
 2    -0.028    -0.015     0.999
 3   131.141    -1.444     0.025
 3     0.574    -0.302    -0.762
 3     0.174     0.953    -0.245
 3     0.799     0.008     0.600
 4   119.807    16.114    -5.505
 4     0.876    -0.443     0.189
 4     0.470     0.702    -0.535
 4     0.103     0.557     0.824
 5   133.356    19.046    20.896
 5     0.783    -0.551     0.287
 5    -0.173    -0.637    -0.751
 5     0.596     0.538    -0.595
 6   147.751     4.023    14.013
 6     0.481     0.723    -0.503
 6    -0.708    -0.017    -0.702
 6    -0.516     0.690     0.505
 7   116.902   -18.200    -5.206
 7     0.815     0.216     0.538
 7    -0.433     0.843     0.318
 7    -0.384    -0.492     0.781
 8   131.716   -22.672    19.588
 8     0.699     0.465     0.545
 8     0.034    -0.781     0.622
 8     0.714    -0.417    -0.562
 9   154.239   -11.314    23.473
 9     0.833     0.066    -0.548
 9     0.513    -0.458     0.725
 9    -0.203    -0.886    -0.416
 2    98.202   -18.860    59.195
 2     0.571    -0.822     0.004
 2     0.820     0.570     0.032
 2    -0.028    -0.015     0.999
 3   130.866    -1.448    -0.024
 3     0.551    -0.228    -0.803
 3     0.180     0.972    -0.151
 3     0.815    -0.062     0.576
 4   119.679    16.457    -5.941
 4     0.855    -0.478     0.201
 4     0.501     0.661    -0.558
 4     0.133     0.577     0.805
 5   130.473    18.479    21.457
 5     0.733    -0.406     0.548
 5    -0.062    -0.839    -0.538
 5     0.677     0.361    -0.640
 6   148.308    17.023    16.817
 6     0.803     0.588    -0.102
 6    -0.186     0.090    -0.978
 6    -0.566     0.804     0.181
 7   115.654   -18.255    -4.435
 7     0.750     0.361     0.554
 7    -0.558     0.794     0.240
 7    -0.353    -0.490     0.797
 8   127.934   -23.566    21.309
 8     0.659     0.226     0.719
 8    -0.110    -0.915     0.386
 8     0.744    -0.334    -0.578
 9   152.115   -22.983    25.472
 9     0.973    -0.161    -0.165
 9     0.030    -0.621     0.782
 9    -0.227    -0.767    -0.601
 2    98.202   -18.860    59.195
 2     0.571    -0.822     0.004
 2     0.820     0.570     0.032
 2    -0.028    -0.015     0.999
 3   130.811    -1.953     0.105
 3     0.539    -0.126    -0.833
 3     0.149     0.987    -0.052
 3     0.829    -0.097     0.550
 4   120.298    16.826    -6.137
 4     0.825    -0.535     0.184
 4     0.532     0.625    -0.570
 4     0.190     0.568     0.800
 5   128.708    18.632    22.204
 5     0.671    -0.266     0.693
 5     0.011    -0.930    -0.365
 5     0.741     0.253    -0.621
 6   146.382    24.395    20.570
 6     0.869     0.459     0.183
 6     0.125     0.155    -0.980
 6    -0.478     0.875     0.077
 7   114.112   -17.854    -3.987
 7     0.676     0.482     0.558
 7    -0.660     0.731     0.170
 7    -0.326    -0.484     0.812
 8   124.211   -24.076    21.837
 8     0.600     0.030     0.799
 8    -0.228    -0.952     0.206
 8     0.767    -0.305    -0.564
 9   148.410   -29.609    27.946
 9     0.951    -0.289     0.108
 9    -0.279    -0.653     0.703
 9    -0.132    -0.700    -0.703
 2    98.202   -18.860    59.195
 2     0.571    -0.822     0.004
 2     0.820     0.570     0.032
 2    -0.028    -0.015     0.999
 3   130.562    -2.311     0.171
 3     0.532    -0.073    -0.843
 3     0.123     0.992    -0.008
 3     0.837    -0.100     0.537
 4   120.534    16.871    -6.240
 4     0.808    -0.569     0.151
 4     0.539     0.613    -0.577
 4     0.236     0.547     0.802
 5   127.564    18.983    22.295
 5     0.639    -0.190     0.747
 5     0.065    -0.952    -0.296
 5     0.766     0.238    -0.596
 6   144.761    27.634    22.504
 6     0.868     0.401     0.296
 6     0.262     0.133    -0.955
 6    -0.421     0.906     0.012
 7   113.385   -17.694    -3.985
 7     0.641     0.526     0.560
 7    -0.698     0.702     0.140
 7    -0.320    -0.480     0.816
 8   122.851   -24.247    21.807
 8     0.574    -0.052     0.817
 8    -0.276    -0.952     0.133
 8     0.771    -0.302    -0.560
 9   146.425   -32.208    27.680
 9     0.917    -0.354     0.185
 9    -0.367    -0.565     0.738
 9    -0.156    -0.746    -0.648
 2    98.202   -18.910    59.195
 2     0.571    -0.822     0.004
 2     0.820     0.570     0.032
 2    -0.028    -0.015     0.999
 3   130.389    -2.393     0.120
 3     0.534    -0.063    -0.843
 3     0.113     0.993    -0.002
 3     0.837    -0.095     0.538
 4   119.986    16.869    -6.231
 4     0.783    -0.603     0.154
 4     0.569     0.594    -0.568
 4     0.250     0.532     0.808
 5   126.188    19.601    22.492
 5     0.631    -0.106     0.769
 5     0.130    -0.963    -0.237
 5     0.764     0.249    -0.594
 6   142.224    30.521    22.568
 6     0.823     0.422     0.386
 6     0.361     0.133    -0.922
 6    -0.439     0.897    -0.040
 7   112.643   -17.389    -4.022
 7     0.615     0.551     0.565
 7    -0.716     0.688     0.108
 7    -0.329    -0.471     0.818
 8   121.454   -24.266    21.686
 8     0.548    -0.088     0.832
 8    -0.308    -0.946     0.103
 8     0.777    -0.312    -0.546
 9   144.751   -33.221    27.703
 9     0.902    -0.373     0.217
 9    -0.407    -0.570     0.713
 9    -0.142    -0.732    -0.667
 2    98.202   -18.860    59.195
 2     0.571    -0.822     0.004
 2     0.820     0.570     0.032
 2    -0.028    -0.015     0.999
 3   129.841    -2.338    -0.086
 3     0.547    -0.051    -0.835
 3     0.091     0.996    -0.000
 3     0.832    -0.076     0.550
 4   118.890    17.011    -5.974
 4     0.760    -0.628     0.170
 4     0.598     0.571    -0.562
 4     0.256     0.528     0.809
 5   124.730    19.928    22.767
 5     0.625    -0.031     0.780
 5     0.175    -0.969    -0.177
 5     0.760     0.247    -0.600
 6   139.886    33.004    23.373
 6     0.770     0.479     0.424
 6     0.474     0.013    -0.879
 6    -0.426     0.878    -0.216
 7   111.945   -17.067    -4.217
 7     0.592     0.560     0.580
 7    -0.725     0.684     0.078
 7    -0.353    -0.466     0.810
 8   120.486   -24.417    21.307
 8     0.539    -0.103     0.836
 8    -0.335    -0.937     0.100
 8     0.773    -0.334    -0.539
 9   143.554   -34.345    26.952
 9     0.885    -0.396     0.242
 9    -0.435    -0.527     0.730
 9    -0.161    -0.752    -0.639
 2    98.202   -18.860    59.195
 2     0.571    -0.822     0.004
 2     0.820     0.570     0.032
 2    -0.028    -0.015     0.999
 3   129.487    -2.084    -0.391
 3     0.566    -0.054    -0.823
 3     0.073     0.997    -0.015
 3     0.821    -0.052     0.568
 4   117.888    17.281    -5.691
 4     0.731    -0.655     0.191
 4     0.630     0.541    -0.557
 4     0.261     0.527     0.808
 5   123.746    20.247    23.018
 5     0.623     0.032     0.782
 5     0.204    -0.971    -0.122
 5     0.755     0.236    -0.611
 6   138.262    34.722    24.430
 6     0.736     0.502     0.459
 6     0.548    -0.044    -0.834
 6    -0.397     0.864    -0.306
 7   111.803   -16.775    -4.264
 7     0.583     0.566     0.584
 7    -0.728     0.682     0.066
 7    -0.361    -0.463     0.809
 8   119.698   -24.557    21.166
 8     0.522    -0.113     0.846
 8    -0.351    -0.932     0.092
 8     0.777    -0.345    -0.526
 9   142.555   -34.893    27.245
 9     0.879    -0.392     0.270
 9    -0.456    -0.528     0.717
 9    -0.138    -0.753    -0.643
 2    98.202   -18.860    59.195
 2     0.571    -0.822     0.004
 2     0.821     0.569     0.032
 2    -0.028    -0.015     0.999
 3   129.452    -1.921    -0.640
 3     0.577    -0.061    -0.814
 3     0.063     0.997    -0.029
 3     0.814    -0.035     0.580
 4   117.372    17.295    -5.418
 4     0.712    -0.671     0.207
 4     0.648     0.515    -0.560
 4     0.269     0.533     0.802
 5   123.093    20.037    23.251
 5     0.613     0.054     0.788
 5     0.209    -0.973    -0.095
 5     0.762     0.222    -0.608
 6   137.305    35.169    24.779
 6     0.721     0.508     0.476
 6     0.571    -0.046    -0.818
 6    -0.392     0.860    -0.322
 7   111.826   -16.789    -4.449
 7     0.575     0.566     0.592
 7    -0.728     0.683     0.053
 7    -0.374    -0.461     0.804
 8   119.048   -24.558    20.821
 8     0.495    -0.087     0.864
 8    -0.349    -0.931     0.106
 8     0.795    -0.354    -0.492
 9   142.087   -34.206    28.004
 9     0.894    -0.355     0.273
 9    -0.436    -0.547     0.715
 9    -0.105    -0.758    -0.644
 2    98.202   -18.860    59.195
 2     0.571    -0.821     0.004
 2     0.820     0.570     0.032
 2    -0.028    -0.016     0.999
 3   129.598    -1.781    -0.563
 3     0.569    -0.069    -0.819
 3     0.075     0.996    -0.031
 3     0.819    -0.044     0.572
 4   117.451    17.348    -5.381
 4     0.714    -0.667     0.212
 4     0.644     0.509    -0.570
 4     0.272     0.543     0.794
 5   123.240    20.357    23.178
 5     0.614     0.031     0.788
 5     0.210    -0.970    -0.124
 5     0.760     0.242    -0.603
 6   137.264    35.557    24.937
 6     0.721     0.506     0.478
 6     0.575    -0.052    -0.815
 6    -0.386     0.861    -0.327
 7   112.325   -16.649    -4.545
 7     0.581     0.571     0.581
 7    -0.729     0.681     0.060
 7    -0.361    -0.458     0.812
 8   118.989   -24.377    20.785
 8     0.479    -0.080     0.874
 8    -0.347    -0.932     0.104
 8     0.807    -0.353    -0.474
 9   141.907   -34.292    28.549
 9     0.895    -0.342     0.285
 9    -0.438    -0.556     0.707
 9    -0.083    -0.757    -0.647
 2    98.202   -18.860    59.195
 2     0.571    -0.822     0.004
 2     0.820     0.570     0.032
 2    -0.028    -0.015     0.999
 3   130.041    -1.770    -0.529
 3     0.562    -0.069    -0.824
 3     0.083     0.996    -0.026
 3     0.823    -0.054     0.566
 4   117.808    17.277    -5.515
 4     0.709    -0.674     0.210
 4     0.649     0.507    -0.566
 4     0.275     0.537     0.797
 5   123.314    20.493    23.149
 5     0.602     0.004     0.798
 5     0.207    -0.967    -0.151
 5     0.771     0.256    -0.583
 6   137.562    35.471    25.348
 6     0.735     0.490     0.472
 6     0.569    -0.069    -0.818
 6    -0.368     0.869    -0.328
 7   112.755   -16.808    -4.547
 7     0.592     0.571     0.570
 7    -0.728     0.681     0.074
 7    -0.346    -0.459     0.818
 8   119.568   -24.229    20.922
 8     0.492    -0.058     0.868
 8    -0.322    -0.939     0.119
 8     0.808    -0.338    -0.481
 9   142.523   -33.711    29.015
 9     0.902    -0.335     0.274
 9    -0.427    -0.588     0.687
 9    -0.069    -0.737    -0.673
 2    98.202   -18.860    59.195
 2     0.571    -0.822     0.004
 2     0.820     0.570     0.032
 2    -0.028    -0.015     0.999
 3   130.206    -1.846    -0.510
 3     0.564    -0.070    -0.823
 3     0.091     0.995    -0.021
 3     0.820    -0.064     0.568
 4   118.087    17.227    -5.619
 4     0.711    -0.673     0.208
 4     0.647     0.509    -0.567
 4     0.276     0.536     0.797
 5   123.149    20.409    23.154
 5     0.589     0.012     0.808
 5     0.208    -0.968    -0.136
 5     0.780     0.248    -0.573
 6   137.421    35.599    25.993
 6     0.741     0.469     0.484
 6     0.577    -0.077    -0.812
 6    -0.343     0.880    -0.326
 7   112.791   -16.762    -4.660
 7     0.591     0.573     0.569
 7    -0.726     0.683     0.066
 7    -0.351    -0.453     0.819
 8   119.726   -24.128    20.840
 8     0.500    -0.052     0.864
 8    -0.319    -0.939     0.128
 8     0.804    -0.340    -0.486
 9   142.627   -33.637    28.835
 9     0.899    -0.338     0.280
 9    -0.433    -0.585     0.685
 9    -0.068    -0.737    -0.672
 2    98.202   -18.860    59.195
 2     0.571    -0.822     0.004
 2     0.820     0.570     0.032
 2    -0.028    -0.015     0.999
 3   130.111    -1.681    -0.544
 3     0.573    -0.066    -0.817
 3     0.078     0.996    -0.026
 3     0.816    -0.049     0.576
 4   118.045    17.410    -5.458
 4     0.707    -0.676     0.210
 4     0.649     0.502    -0.572
 4     0.281     0.540     0.793
 5   123.020    20.472    23.291
 5     0.583     0.024     0.812
 5     0.204    -0.972    -0.117
 5     0.786     0.234    -0.572
 6   137.102    36.207    27.088
 6     0.742     0.447     0.503
 6     0.598    -0.106    -0.793
 6    -0.302     0.888    -0.344
 7   112.673   -16.467    -4.740
 7     0.587     0.576     0.570
 7    -0.726     0.684     0.056
 7    -0.358    -0.447     0.819
 8   119.472   -24.195    20.726
 8     0.490    -0.067     0.869
 8    -0.339    -0.933     0.118
 8     0.803    -0.352    -0.480
 9   142.368   -34.042    28.931
 9     0.894    -0.333     0.299
 9    -0.443    -0.574     0.688
 9    -0.057    -0.748    -0.661
 2    98.202   -18.860    59.195
 2     0.571    -0.822     0.004
 2     0.821     0.569     0.032
 2    -0.028    -0.015     0.999
 3   130.405    -1.488    -0.426
 3     0.557    -0.074    -0.827
 3     0.079     0.996    -0.035
 3     0.827    -0.046     0.560
 4   118.344    17.601    -5.433
 4     0.696    -0.689     0.202
 4     0.656     0.496    -0.568
 4     0.291     0.527     0.798
 5   123.014    20.583    23.319
 5     0.575     0.027     0.817
 5     0.206    -0.972    -0.112
 5     0.791     0.233    -0.565
 6   137.143    36.328    27.463
 6     0.748     0.438     0.502
 6     0.600    -0.125    -0.789
 6    -0.283     0.890    -0.354
 7   113.381   -16.302    -4.908
 7     0.600     0.577     0.555
 7    -0.719     0.692     0.059
 7    -0.349    -0.434     0.830
 8   120.072   -24.190    20.605
 8     0.491    -0.041     0.870
 8    -0.329    -0.934     0.141
 8     0.806    -0.356    -0.472
 9   143.837   -32.391    28.424
 9     0.935    -0.291     0.203
 9    -0.342    -0.588     0.732
 9    -0.093    -0.755    -0.650
 2    98.202   -18.860    59.195
 2     0.571    -0.822     0.004
 2     0.820     0.570     0.032
 2    -0.028    -0.015     0.999
 3   130.579    -1.406    -0.257
 3     0.554    -0.092    -0.827
 3     0.086     0.995    -0.052
 3     0.828    -0.043     0.559
 4   118.542    17.724    -5.322
 4     0.700    -0.687     0.197
 4     0.653     0.504    -0.565
 4     0.289     0.524     0.801
 5   123.318    20.728    23.437
 5     0.580    -0.089     0.810
 5     0.162    -0.962    -0.220
 5     0.798     0.259    -0.543
 6   139.991    31.805    25.649
 6     0.848     0.424     0.321
 6     0.384    -0.073    -0.920
 6    -0.366     0.903    -0.224
 7   113.351   -16.348    -4.998
 7     0.624     0.552     0.554
 7    -0.695     0.715     0.069
 7    -0.358    -0.428     0.829
 8   122.291   -24.473    20.231
 8     0.573     0.122     0.811
 8    -0.253    -0.914     0.315
 8     0.779    -0.386    -0.493
 9   147.085   -26.375    26.230
 9     0.979    -0.197    -0.062
 9    -0.063    -0.569     0.818
 9    -0.194    -0.799    -0.571
 2    98.204   -18.910    59.192
 2     0.571    -0.821     0.004
 2     0.820     0.570     0.032
 2    -0.027    -0.016     0.999
 3   130.466    -1.598    -0.087
 3     0.582    -0.140    -0.801
 3     0.118     0.989    -0.086
 3     0.804    -0.045     0.592
 4   118.626    17.191    -5.193
 4     0.738    -0.643     0.206
 4     0.628     0.543    -0.557
 4     0.246     0.540     0.805
 5   124.818    21.553    23.149
 5     0.624    -0.294     0.725
 5     0.096    -0.891    -0.442
 5     0.775     0.345    -0.528
 6   144.576    22.654    23.053
 6     0.909     0.405    -0.101
 6    -0.085    -0.045    -0.995
 6    -0.407     0.913    -0.009
 7   113.949   -17.173    -4.951
 7     0.689     0.454     0.565
 7    -0.625     0.766     0.146
 7    -0.367    -0.454     0.812
 8   125.472   -25.372    20.143
 8     0.654     0.333     0.680
 8    -0.138    -0.830     0.539
 8     0.743    -0.446    -0.497
 9   149.403   -18.621    24.644
 9     0.900    -0.071    -0.430
 9     0.372    -0.389     0.842
 9    -0.226    -0.919    -0.325
 2    98.202   -18.910    59.195
 2     0.571    -0.821     0.004
 2     0.820     0.570     0.032
 2    -0.028    -0.015     0.999
 3   130.846    -2.246    -0.004
 3     0.578    -0.142    -0.804
 3     0.138     0.987    -0.075
 3     0.804    -0.068     0.590
 4   119.331    16.126    -5.535
 4     0.807    -0.559     0.191
 4     0.557     0.615    -0.557
 4     0.193     0.555     0.808
 5   128.310    22.150    22.080
 5     0.697    -0.479     0.536
 5     0.023    -0.730    -0.681
 5     0.717     0.487    -0.498
 6   147.173    12.118    20.283
 6     0.750     0.493    -0.454
 6    -0.579     0.156    -0.798
 6    -0.320     0.855     0.398
 7   114.436   -17.856    -4.852
 7     0.719     0.408     0.564
 7    -0.593     0.781     0.193
 7    -0.362    -0.473     0.803
 8   127.379   -25.987    20.004
 8     0.694     0.417     0.588
 8    -0.082    -0.765     0.638
 8     0.715    -0.491    -0.497
 9   149.938   -14.955    21.790
 9     0.759    -0.113    -0.643
 9     0.624    -0.161     0.764
 9    -0.187    -0.981    -0.054
 2    98.202   -18.910    59.195
 2     0.571    -0.822     0.004
 2     0.820     0.570     0.032
 2    -0.028    -0.015     0.999
 3   130.845    -2.938    -0.044
 3     0.587    -0.142    -0.797
 3     0.142     0.987    -0.070
 3     0.797    -0.073     0.599
 4   119.533    15.569    -5.663
 4     0.830    -0.528     0.181
 4     0.528     0.640    -0.557
 4     0.178     0.557     0.810
 5   129.444    22.850    21.141
 5     0.692    -0.580     0.432
 5    -0.004    -0.599    -0.800
 5     0.722     0.552    -0.416
 6   145.372     5.982    19.873
 6     0.526     0.598    -0.612
 6    -0.812     0.140    -0.561
 6    -0.250     0.789     0.558
 7   114.267   -18.271    -4.752
 7     0.726     0.382     0.573
 7    -0.573     0.795     0.198
 7    -0.380    -0.472     0.795
 8   128.835   -26.359    19.260
 8     0.727     0.478     0.494
 8    -0.036    -0.691     0.721
 8     0.685    -0.542    -0.485
 9   147.605    -9.719    17.918
 9     0.556    -0.379    -0.745
 9     0.806     0.025     0.588
 9    -0.199    -0.925     0.315
 2    98.202   -18.910    59.195
 2     0.571    -0.822     0.004
 2     0.820     0.570     0.032
 2    -0.028    -0.015     0.999
 3   130.654    -2.954    -0.147
 3     0.604    -0.179    -0.777
 3     0.144     0.983    -0.113
 3     0.784    -0.045     0.619
 4   119.343    15.358    -5.811
 4     0.848    -0.494     0.195
 4     0.509     0.653    -0.560
 4     0.149     0.574     0.805
 5   131.403    24.100    19.908
 5     0.689    -0.671     0.274
 5    -0.028    -0.403    -0.915
 5     0.724     0.622    -0.296
 6   144.654     2.821    21.934
 6     0.354     0.502    -0.793
 6    -0.928     0.085    -0.356
 6    -0.109     0.861     0.494
 7   114.358   -17.897    -5.137
 7     0.744     0.312     0.591
 7    -0.504     0.842     0.191
 7    -0.438    -0.440     0.783
 8   131.569   -25.667    17.414
 8     0.755     0.576     0.313
 8     0.050    -0.526     0.848
 8     0.653    -0.625    -0.426
 9   145.395    -3.633    14.581
 9     0.365    -0.628    -0.693
 9     0.914     0.099     0.386
 9    -0.173    -0.773     0.608
 2    98.202   -18.910    59.195
 2     0.571    -0.821     0.004
 2     0.820     0.570     0.032
 2    -0.028    -0.015     0.999
 3   130.644    -2.397    -0.278
 3     0.630    -0.239    -0.740
 3     0.140     0.971    -0.192
 3     0.763     0.017     0.645
 4   119.395    15.599    -5.659
 4     0.864    -0.460     0.208
 4     0.490     0.672    -0.555
 4     0.115     0.580     0.806
 5   134.035    24.078    18.510
 5     0.713    -0.693     0.109
 5    -0.071    -0.228    -0.971
 5     0.698     0.683    -0.212
 6   144.490     0.244    23.034
 6     0.183     0.465    -0.868
 6    -0.983     0.077    -0.163
 6    -0.007     0.881     0.470
 7   114.725   -17.567    -5.478
 7     0.756     0.248     0.606
 7    -0.441     0.877     0.191
 7    -0.484    -0.411     0.772
 8   133.935   -24.860    15.961
 8     0.757     0.633     0.160
 8     0.115    -0.371     0.921
 8     0.643    -0.679    -0.354
 9   144.513     0.366    14.835
 9     0.210    -0.594    -0.779
 9     0.975     0.071     0.203
 9    -0.064    -0.801     0.593
 2    98.202   -18.910    59.195
 2     0.571    -0.822     0.004
 2     0.820     0.570     0.032
 2    -0.028    -0.015     0.999
 3   130.677    -2.069    -0.530
 3     0.636    -0.273    -0.722
 3     0.156     0.962    -0.224
 3     0.755     0.029     0.654
 4   119.096    15.598    -5.618
 4     0.864    -0.448     0.231
 4     0.497     0.682    -0.537
 4     0.083     0.578     0.811
 5   134.293    24.181    18.219
 5     0.705    -0.704     0.085
 5    -0.075    -0.195    -0.978
 5     0.705     0.683    -0.190
 6   144.230     0.095    23.453
 6     0.185     0.418    -0.891
 6    -0.983     0.073    -0.166
 6    -0.002     0.905     0.422
 7   114.716   -17.416    -5.547
 7     0.757     0.243     0.607
 7    -0.436     0.879     0.191
 7    -0.487    -0.409     0.771
 8   133.628   -25.013    16.074
 8     0.755     0.630     0.180
 8     0.100    -0.383     0.918
 8     0.647    -0.675    -0.353
 9   144.456     0.241    15.887
 9     0.210    -0.540    -0.817
 9     0.975     0.053     0.211
 9    -0.069    -0.840     0.536
 2    98.202   -18.860    59.144
 2     0.571    -0.821     0.004
 2     0.820     0.570     0.032
 2    -0.028    -0.015     0.999
 3   130.595    -2.046    -0.572
 3     0.638    -0.273    -0.720
 3     0.158     0.961    -0.223
 3     0.753     0.028     0.656
 4   118.958    15.696    -5.503
 4     0.862    -0.448     0.237
 4     0.500     0.681    -0.535
 4     0.078     0.579     0.811
 5   134.040    24.131    18.391
 5     0.705    -0.704     0.091
 5    -0.076    -0.204    -0.976
 5     0.705     0.680    -0.197
 6   144.120     0.016    23.589
 6     0.188     0.415    -0.891
 6    -0.982     0.070    -0.172
 6    -0.006     0.907     0.420
 7   114.619   -17.390    -5.549
 7     0.756     0.246     0.607
 7    -0.438     0.878     0.191
 7    -0.486    -0.410     0.771
 8   133.557   -25.013    16.019
 8     0.755     0.629     0.184
 8     0.098    -0.386     0.917
 8     0.648    -0.675    -0.353
 9   144.339     0.234    15.964
 9     0.210    -0.536    -0.820
 9     0.974     0.044     0.216
 9    -0.078    -0.843     0.530
 2    98.202   -18.860    59.144
 2     0.571    -0.822     0.004
 2     0.821     0.569     0.032
 2    -0.028    -0.015     0.999
 3   130.534    -1.999    -0.558
 3     0.641    -0.273    -0.718
 3     0.158     0.962    -0.222
 3     0.750     0.028     0.660
 4   118.782    15.747    -5.453
 4     0.860    -0.451     0.239
 4     0.503     0.679    -0.534
 4     0.078     0.579     0.811
 5   133.893    24.132    18.487
 5     0.704    -0.704     0.093
 5    -0.076    -0.207    -0.976
 5     0.706     0.680    -0.199
 6   144.093     0.019    23.635
 6     0.194     0.413    -0.891
 6    -0.981     0.072    -0.177
 6    -0.006     0.908     0.418
 7   114.572   -17.338    -5.501
 7     0.757     0.245     0.606
 7    -0.438     0.878     0.192
 7    -0.485    -0.411     0.771
 8   133.511   -25.013    16.066
 8     0.754     0.630     0.186
 8     0.096    -0.387     0.917
 8     0.649    -0.673    -0.353
 9   144.205     0.230    16.111
 9     0.211    -0.531    -0.824
 9     0.973     0.038     0.220
 9    -0.084    -0.847     0.523
];