% Calibrated with leiden_pols
% Positions are in centimeters
Data =[
 2    97.827   -18.801    59.162
 2     0.141    -0.990     0.007
 2     0.989     0.142     0.032
 2    -0.033     0.002     0.999
 3   130.845    -1.793     1.062
 3     0.528    -0.116    -0.841
 3     0.144     0.988    -0.045
 3     0.836    -0.098     0.538
 4   119.152    17.053    -4.522
 4     0.735    -0.650     0.196
 4     0.637     0.563    -0.526
 4     0.231     0.510     0.828
 5   118.517    25.644    22.325
 5     0.203    -0.672     0.714
 5     0.117    -0.706    -0.697
 5     0.972     0.224    -0.063
 6   130.153    25.560    46.197
 6     0.354    -0.627    -0.698
 6    -0.054     0.728    -0.681
 6     0.933     0.276     0.222
 7   115.883   -18.183    -4.286
 7     0.747     0.417     0.518
 7    -0.612     0.735     0.291
 7    -0.260    -0.534     0.804
 8   117.402   -26.827    20.190
 8     0.183     0.560     0.808
 8    -0.192    -0.786     0.587
 8     0.964    -0.261    -0.036
 9   129.132   -29.954    47.441
 9     0.221     0.527    -0.823
 9     0.120     0.821     0.556
 9     0.968    -0.220     0.117
 2    97.827   -18.801    59.162
 2     0.141    -0.990     0.007
 2     0.989     0.142     0.032
 2    -0.033     0.002     0.999
 3   130.993    -1.768     0.959
 3     0.529    -0.120    -0.841
 3     0.144     0.988    -0.049
 3     0.836    -0.096     0.539
 4   119.235    17.084    -4.533
 4     0.732    -0.654     0.194
 4     0.640     0.561    -0.526
 4     0.235     0.508     0.828
 5   118.467    25.645    22.325
 5     0.201    -0.671     0.715
 5     0.117    -0.707    -0.696
 5     0.972     0.223    -0.062
 6   130.109    25.614    46.239
 6     0.354    -0.630    -0.696
 6    -0.053     0.726    -0.683
 6     0.934     0.276     0.222
 7   115.913   -18.180    -4.297
 7     0.749     0.418     0.515
 7    -0.610     0.736     0.292
 7    -0.257    -0.532     0.806
 8   117.351   -26.879    20.190
 8     0.182     0.560     0.809
 8    -0.192    -0.786     0.586
 8     0.964    -0.261    -0.035
 9   129.072   -29.905    47.504
 9     0.222     0.527    -0.822
 9     0.121     0.820     0.557
 9     0.967    -0.221     0.117
 2    97.828   -18.801    59.163
 2     0.142    -0.990     0.006
 2     0.989     0.142     0.032
 2    -0.033     0.001     0.999
 3   131.068    -1.718     1.010
 3     0.529    -0.119    -0.841
 3     0.143     0.988    -0.049
 3     0.836    -0.095     0.539
 4   119.238    17.084    -4.536
 4     0.731    -0.654     0.193
 4     0.639     0.560    -0.527
 4     0.236     0.508     0.828
 5   118.477    25.649    22.362
 5     0.200    -0.669     0.717
 5     0.117    -0.709    -0.694
 5     0.973     0.221    -0.062
 6   130.058    25.613    46.289
 6     0.352    -0.631    -0.695
 6    -0.054     0.724    -0.685
 6     0.934     0.276     0.220
 7   115.888   -18.103    -4.251
 7     0.751     0.419     0.512
 7    -0.609     0.738     0.290
 7    -0.256    -0.529     0.808
 8   117.351   -26.880    20.191
 8     0.182     0.559     0.809
 8    -0.193    -0.786     0.586
 8     0.964    -0.261    -0.035
 9   129.122   -29.908    47.503
 9     0.225     0.525    -0.823
 9     0.120     0.821     0.556
 9     0.967    -0.222     0.120
 2    97.803   -18.801    59.112
 2     0.142    -0.990     0.006
 2     0.989     0.142     0.032
 2    -0.033     0.001     0.999
 3   131.118    -1.719     1.010
 3     0.530    -0.118    -0.840
 3     0.141     0.988    -0.049
 3     0.836    -0.093     0.541
 4   119.295    17.087    -4.494
 4     0.731    -0.656     0.191
 4     0.639     0.559    -0.528
 4     0.239     0.508     0.827
 5   118.477    25.649    22.413
 5     0.200    -0.669     0.717
 5     0.117    -0.709    -0.694
 5     0.973     0.221    -0.062
 6   130.058    25.563    46.288
 6     0.352    -0.632    -0.694
 6    -0.053     0.724    -0.685
 6     0.934     0.276     0.220
 7   115.911   -18.053    -4.252
 7     0.750     0.421     0.510
 7    -0.609     0.739     0.287
 7    -0.256    -0.526     0.810
 8   117.346   -26.839    20.144
 8     0.178     0.561     0.809
 8    -0.197    -0.785     0.587
 8     0.964    -0.263    -0.029
 9   129.119   -29.857    47.502
 9     0.225     0.523    -0.824
 9     0.120     0.823     0.553
 9     0.967    -0.222     0.122
 2    97.803   -18.801    59.111
 2     0.141    -0.990     0.007
 2     0.989     0.142     0.032
 2    -0.033     0.002     0.999
 3   131.189    -1.717     1.017
 3     0.530    -0.119    -0.840
 3     0.146     0.988    -0.047
 3     0.835    -0.099     0.541
 4   119.192    17.012    -4.542
 4     0.727    -0.659     0.193
 4     0.643     0.556    -0.525
 4     0.238     0.506     0.828
 5   118.299    25.644    22.102
 5     0.182    -0.668     0.722
 5     0.139    -0.709    -0.691
 5     0.973     0.225    -0.035
 6   130.052    25.613    46.249
 6     0.354    -0.630    -0.695
 6    -0.051     0.726    -0.683
 6     0.933     0.275     0.224
 7   116.251   -18.216    -4.074
 7     0.762     0.408     0.504
 7    -0.598     0.741     0.305
 7    -0.249    -0.533     0.808
 8   117.144   -27.317    19.541
 8     0.123     0.580     0.806
 8    -0.240    -0.770     0.590
 8     0.963    -0.265     0.045
 9   128.726   -30.011    47.227
 9     0.198     0.489    -0.851
 9     0.113     0.850     0.513
 9     0.974    -0.196     0.112
 2    97.827   -18.801    59.162
 2     0.141    -0.990     0.007
 2     0.989     0.142     0.032
 2    -0.033     0.002     0.999
 3   131.329    -1.707     1.107
 3     0.526    -0.137    -0.840
 3     0.169     0.984    -0.053
 3     0.833    -0.115     0.540
 4   118.703    16.543    -4.887
 4     0.704    -0.679     0.208
 4     0.678     0.556    -0.480
 4     0.211     0.478     0.852
 5   117.068    25.423    21.231
 5     0.133    -0.635     0.762
 5     0.160    -0.745    -0.647
 5     0.978     0.207     0.004
 6   128.079    26.327    45.666
 6     0.330    -0.671    -0.668
 6    -0.011     0.702    -0.709
 6     0.944     0.239     0.223
 7   117.023   -18.615    -3.973
 7     0.770     0.394     0.502
 7    -0.586     0.746     0.315
 7    -0.250    -0.536     0.805
 8   115.542   -28.828    18.057
 8     0.013     0.619     0.785
 8    -0.279    -0.752     0.597
 8     0.960    -0.226     0.163
 9   124.001   -31.502    47.005
 9     0.080     0.518    -0.853
 9     0.118     0.844     0.522
 9     0.990    -0.141     0.006
 2    97.803   -18.801    59.112
 2     0.142    -0.990     0.006
 2     0.989     0.142     0.032
 2    -0.033     0.001     0.999
 3   131.703    -1.756     1.114
 3     0.498    -0.143    -0.856
 3     0.169     0.983    -0.065
 3     0.850    -0.114     0.513
 4   118.762    16.345    -5.145
 4     0.680    -0.702     0.211
 4     0.703     0.545    -0.455
 4     0.205     0.458     0.865
 5   113.942    25.573    19.448
 5    -0.028    -0.609     0.793
 5     0.193    -0.781    -0.593
 5     0.981     0.136     0.140
 6   121.767    26.710    45.030
 6     0.178    -0.674    -0.719
 6    -0.002     0.729    -0.683
 6     0.984     0.120     0.128
 7   117.524   -18.743    -4.331
 7     0.764     0.442     0.471
 7    -0.599     0.754     0.267
 7    -0.237    -0.486     0.840
 8   110.925   -30.212    15.543
 8    -0.190     0.605     0.773
 8    -0.346    -0.778     0.524
 8     0.919    -0.168     0.357
 9   114.237   -33.430    45.887
 9    -0.099     0.565    -0.819
 9     0.107     0.824     0.555
 9     0.989    -0.031    -0.143
 2    97.827   -18.801    59.162
 2     0.141    -0.990     0.007
 2     0.989     0.142     0.032
 2    -0.033     0.002     0.999
 3   131.893    -1.967     1.119
 3     0.462    -0.104    -0.881
 3     0.121     0.991    -0.053
 3     0.878    -0.083     0.470
 4   119.817    16.650    -5.203
 4     0.678    -0.709     0.195
 4     0.685     0.515    -0.514
 4     0.264     0.482     0.835
 5   110.768    26.265    17.809
 5    -0.230    -0.620     0.750
 5     0.224    -0.784    -0.579
 5     0.947     0.034     0.319
 6   115.740    26.409    43.405
 6     0.025    -0.633    -0.775
 6    -0.032     0.773    -0.632
 6     0.999     0.039    -0.001
 7   118.005   -18.448    -4.686
 7     0.756     0.507     0.414
 7    -0.632     0.730     0.260
 7    -0.170    -0.457     0.872
 8   107.730   -30.049    13.183
 8    -0.369     0.590     0.719
 8    -0.362    -0.803     0.473
 8     0.856    -0.086     0.509
 9   105.062   -32.250    42.066
 9    -0.245     0.551    -0.798
 9     0.118     0.834     0.539
 9     0.962     0.039    -0.270
 2    97.828   -18.801    59.163
 2     0.141    -0.990     0.006
 2     0.989     0.142     0.032
 2    -0.033     0.001     0.999
 3   131.798    -1.702     1.146
 3     0.444    -0.105    -0.890
 3     0.109     0.992    -0.062
 3     0.889    -0.071     0.451
 4   119.495    16.770    -5.209
 4     0.664    -0.719     0.205
 4     0.693     0.490    -0.529
 4     0.280     0.492     0.823
 5   109.057    26.301    16.695
 5    -0.279    -0.585     0.762
 5     0.265    -0.809    -0.524
 5     0.923     0.055     0.381
 6   113.687    28.722    42.555
 6     0.013    -0.720    -0.695
 6     0.028     0.694    -0.719
 6     0.999    -0.013     0.028
 7   118.122   -18.191    -4.814
 7     0.749     0.542     0.383
 7    -0.650     0.710     0.268
 7    -0.126    -0.449     0.884
 8   106.224   -29.888    12.018
 8    -0.452     0.584     0.675
 8    -0.356    -0.811     0.463
 8     0.818    -0.031     0.574
 9   101.223   -31.066    40.946
 9    -0.312     0.514    -0.799
 9     0.148     0.856     0.494
 9     0.938     0.036    -0.344
 2    97.803   -18.801    59.112
 2     0.141    -0.990     0.006
 2     0.989     0.142     0.032
 2    -0.033     0.001     0.999
 3   131.566    -1.699     1.012
 3     0.438    -0.110    -0.892
 3     0.102     0.992    -0.072
 3     0.893    -0.060     0.446
 4   119.060    16.724    -5.465
 4     0.650    -0.728     0.219
 4     0.707     0.473    -0.526
 4     0.279     0.495     0.822
 5   107.786    25.926    15.880
 5    -0.321    -0.547     0.773
 5     0.272    -0.835    -0.478
 5     0.907     0.057     0.417
 6   111.147    29.659    42.098
 6    -0.034    -0.778    -0.629
 6     0.068     0.625    -0.777
 6     0.997    -0.071     0.029
 7   118.152   -17.986    -5.019
 7     0.732     0.581     0.358
 7    -0.676     0.679     0.283
 7    -0.079    -0.448     0.890
 8   105.069   -28.927    11.475
 8    -0.518     0.556     0.651
 8    -0.316    -0.831     0.458
 8     0.795     0.031     0.605
 9    97.893   -29.208    40.214
 9    -0.384     0.484    -0.786
 9     0.176     0.874     0.452
 9     0.906     0.035    -0.421
 2    97.803   -18.801    59.163
 2     0.142    -0.990     0.006
 2     0.989     0.142     0.032
 2    -0.033     0.001     0.999
 3   131.446    -1.601     0.901
 3     0.437    -0.108    -0.893
 3     0.094     0.993    -0.073
 3     0.894    -0.053     0.444
 4   119.221    16.919    -5.564
 4     0.640    -0.739     0.212
 4     0.709     0.461    -0.533
 4     0.295     0.491     0.819
 5   106.926    26.013    14.819
 5    -0.382    -0.548     0.744
 5     0.278    -0.836    -0.473
 5     0.881     0.027     0.472
 6   108.214    30.236    41.344
 6    -0.119    -0.762    -0.637
 6     0.088     0.630    -0.771
 6     0.989    -0.149    -0.010
 7   118.577   -17.837    -5.360
 7     0.720     0.614     0.325
 7    -0.693     0.663     0.284
 7    -0.041    -0.429     0.902
 8   104.514   -28.512    10.344
 8    -0.565     0.547     0.618
 8    -0.308    -0.834     0.457
 8     0.766     0.068     0.639
 9    94.559   -29.816    38.456
 9    -0.472     0.431    -0.769
 9     0.139     0.898     0.417
 9     0.870     0.090    -0.484
 2    97.803   -18.801    59.163
 2     0.142    -0.990     0.006
 2     0.989     0.142     0.032
 2    -0.033     0.001     0.999
 3   131.573    -1.545     0.940
 3     0.422    -0.092    -0.902
 3     0.079     0.995    -0.064
 3     0.903    -0.045     0.427
 4   119.774    17.001    -5.801
 4     0.624    -0.760     0.185
 4     0.710     0.452    -0.539
 4     0.326     0.467     0.821
 5   105.766    25.715    13.818
 5    -0.458    -0.532     0.713
 5     0.265    -0.847    -0.461
 5     0.848    -0.023     0.528
 6   105.153    29.635    40.452
 6    -0.189    -0.747    -0.637
 6     0.073     0.636    -0.768
 6     0.979    -0.193    -0.066
 7   118.772   -17.683    -5.718
 7     0.708     0.641     0.295
 7    -0.705     0.658     0.263
 7    -0.025    -0.394     0.918
 8   103.834   -28.339     9.397
 8    -0.605     0.542     0.584
 8    -0.313    -0.836     0.451
 8     0.732     0.090     0.674
 9    92.108   -30.504    36.664
 9    -0.536     0.372    -0.758
 9     0.100     0.919     0.380
 9     0.838     0.128    -0.530
 2    97.803   -18.801    59.163
 2     0.142    -0.990     0.006
 2     0.989     0.142     0.032
 2    -0.033     0.001     0.999
 3   131.546    -1.517     1.011
 3     0.415    -0.088    -0.906
 3     0.071     0.995    -0.064
 3     0.907    -0.038     0.419
 4   119.907    17.140    -5.838
 4     0.618    -0.767     0.175
 4     0.710     0.447    -0.544
 4     0.339     0.459     0.821
 5   105.361    25.938    12.984
 5    -0.492    -0.538     0.685
 5     0.276    -0.842    -0.464
 5     0.825    -0.039     0.562
 6   103.710    29.919    39.586
 6    -0.230    -0.712    -0.664
 6     0.073     0.667    -0.741
 6     0.970    -0.220    -0.103
 7   118.821   -17.457    -5.912
 7     0.702     0.656     0.279
 7    -0.712     0.657     0.247
 7    -0.021    -0.372     0.928
 8   103.520   -28.363     8.540
 8    -0.623     0.541     0.565
 8    -0.319    -0.835     0.448
 8     0.714     0.099     0.692
 9    90.589   -30.962    35.430
 9    -0.571     0.328    -0.752
 9     0.077     0.934     0.348
 9     0.817     0.141    -0.559
 2    97.828   -18.852    59.163
 2     0.142    -0.990     0.006
 2     0.989     0.142     0.032
 2    -0.033     0.001     0.999
 3   131.561    -1.641     0.994
 3     0.402    -0.069    -0.913
 3     0.060     0.997    -0.048
 3     0.913    -0.036     0.405
 4   120.063    17.049    -5.866
 4     0.613    -0.774     0.159
 4     0.708     0.449    -0.545
 4     0.350     0.446     0.823
 5   104.731    26.010    12.470
 5    -0.525    -0.533     0.665
 5     0.288    -0.845    -0.450
 5     0.801    -0.045     0.596
 6   102.480    30.230    39.134
 6    -0.262    -0.689    -0.676
 6     0.081     0.682    -0.727
 6     0.961    -0.246    -0.123
 7   118.637   -17.348    -6.213
 7     0.692     0.669     0.271
 7    -0.721     0.657     0.217
 7    -0.032    -0.345     0.937
 8   103.099   -28.677     7.466
 8    -0.634     0.552     0.542
 8    -0.348    -0.829     0.438
 8     0.690     0.089     0.717
 9    88.754   -33.179    33.446
 9    -0.613     0.307    -0.728
 9     0.012     0.925     0.380
 9     0.790     0.224    -0.571
 2    97.828   -18.801    59.163
 2     0.142    -0.990     0.006
 2     0.989     0.142     0.032
 2    -0.033     0.001     0.999
 3   131.523    -1.520     0.951
 3     0.400    -0.062    -0.914
 3     0.047     0.998    -0.047
 3     0.915    -0.025     0.402
 4   119.957    17.210    -5.694
 4     0.608    -0.778     0.161
 4     0.707     0.439    -0.553
 4     0.359     0.450     0.817
 5   104.469    26.052    12.461
 5    -0.537    -0.527     0.659
 5     0.287    -0.848    -0.444
 5     0.793    -0.049     0.607
 6   101.735    30.298    38.995
 6    -0.282    -0.677    -0.679
 6     0.079     0.689    -0.720
 6     0.956    -0.257    -0.141
 7   118.696   -17.010    -6.538
 7     0.688     0.678     0.259
 7    -0.724     0.664     0.187
 7    -0.045    -0.316     0.947
 8   103.112   -28.870     6.820
 8    -0.645     0.566     0.514
 8    -0.360    -0.818     0.448
 8     0.673     0.104     0.731
 9    89.058   -36.541    33.946
 9    -0.657     0.219    -0.722
 9    -0.022     0.951     0.308
 9     0.754     0.218    -0.620
 2    97.828   -18.852    59.163
 2     0.142    -0.990     0.006
 2     0.989     0.142     0.032
 2    -0.033     0.001     0.999
 3   131.588    -1.365     1.001
 3     0.393    -0.066    -0.917
 3     0.043     0.997    -0.053
 3     0.918    -0.019     0.395
 4   119.992    17.299    -5.610
 4     0.605    -0.782     0.154
 4     0.704     0.434    -0.562
 4     0.373     0.448     0.812
 5   104.133    26.555    11.810
 5    -0.561    -0.541     0.627
 5     0.302    -0.838    -0.453
 5     0.770    -0.065     0.633
 6   100.258    31.128    38.218
 6    -0.332    -0.648    -0.685
 6     0.098     0.698    -0.708
 6     0.938    -0.302    -0.169
 7   118.922   -16.931    -6.585
 7     0.689     0.684     0.242
 7    -0.724     0.666     0.177
 7    -0.040    -0.297     0.954
 8   102.867   -28.593     6.600
 8    -0.663     0.556     0.501
 8    -0.351    -0.822     0.448
 8     0.661     0.121     0.740
 9    87.493   -36.569    33.067
 9    -0.697     0.154    -0.701
 9    -0.054     0.963     0.265
 9     0.715     0.222    -0.662
 2    97.828   -18.801    59.163
 2     0.142    -0.990     0.006
 2     0.989     0.142     0.032
 2    -0.033     0.001     0.999
 3   131.494    -1.373     1.042
 3     0.391    -0.057    -0.918
 3     0.030     0.998    -0.049
 3     0.919    -0.009     0.392
 4   120.028    17.411    -5.475
 4     0.604    -0.784     0.144
 4     0.697     0.431    -0.573
 4     0.387     0.446     0.807
 5   103.989    26.969    11.743
 5    -0.572    -0.556     0.604
 5     0.316    -0.828    -0.463
 5     0.757    -0.074     0.649
 6    99.648    31.847    37.965
 6    -0.355    -0.622    -0.698
 6     0.112     0.712    -0.693
 6     0.928    -0.325    -0.183
 7   118.396   -16.620    -6.648
 7     0.676     0.695     0.246
 7    -0.735     0.659     0.158
 7    -0.052    -0.287     0.956
 8   102.428   -28.241     6.573
 8    -0.664     0.546     0.511
 8    -0.345    -0.830     0.439
 8     0.663     0.115     0.739
 9    87.133   -36.690    32.597
 9    -0.700     0.140    -0.700
 9    -0.070     0.962     0.263
 9     0.710     0.233    -0.664
 2    97.828   -18.801    59.163
 2     0.142    -0.990     0.006
 2     0.989     0.142     0.032
 2    -0.033     0.001     0.999
 3   131.413    -1.355     0.997
 3     0.394    -0.053    -0.917
 3     0.023     0.998    -0.048
 3     0.918    -0.003     0.395
 4   119.941    17.592    -5.363
 4     0.605    -0.784     0.141
 4     0.693     0.430    -0.578
 4     0.392     0.446     0.804
 5   103.575    27.302    11.343
 5    -0.590    -0.563     0.579
 5     0.325    -0.822    -0.468
 5     0.739    -0.088     0.667
 6    98.239    32.405    37.366
 6    -0.395    -0.601    -0.694
 6     0.123     0.714    -0.689
 6     0.910    -0.358    -0.208
 7   118.539   -16.426    -6.855
 7     0.679     0.694     0.238
 7    -0.731     0.668     0.139
 7    -0.062    -0.268     0.961
 8   102.603   -28.425     5.938
 8    -0.670     0.561     0.487
 8    -0.362    -0.819     0.445
 8     0.648     0.122     0.751
 9    86.643   -37.278    31.571
 9    -0.721     0.073    -0.689
 9    -0.105     0.971     0.213
 9     0.684     0.226    -0.693
 2    97.828   -18.801    59.163
 2     0.142    -0.990     0.006
 2     0.989     0.142     0.032
 2    -0.033     0.001     0.999
 3   131.421    -1.177     1.029
 3     0.391    -0.059    -0.918
 3     0.018     0.998    -0.056
 3     0.920     0.005     0.391
 4   119.920    17.681    -5.299
 4     0.595    -0.792     0.137
 4     0.694     0.421    -0.583
 4     0.404     0.442     0.801
 5   103.454    27.272    11.267
 5    -0.597    -0.559     0.575
 5     0.321    -0.824    -0.467
 5     0.734    -0.094     0.671
 6    97.816    32.450    37.245
 6    -0.406    -0.595    -0.694
 6     0.123     0.716    -0.687
 6     0.906    -0.364    -0.217
 7   118.413   -16.102    -6.844
 7     0.672     0.701     0.242
 7    -0.738     0.660     0.136
 7    -0.064    -0.270     0.960
 8   102.325   -27.549     6.430
 8    -0.675     0.542     0.501
 8    -0.337    -0.830     0.444
 8     0.656     0.130     0.743
 9    86.295   -35.687    32.277
 9    -0.719     0.065    -0.692
 9    -0.087     0.979     0.182
 9     0.689     0.191    -0.699
 2    97.828   -18.801    59.163
 2     0.142    -0.990     0.006
 2     0.989     0.142     0.032
 2    -0.033     0.001     0.999
 3   131.477    -1.034     1.052
 3     0.399    -0.054    -0.915
 3     0.013     0.998    -0.053
 3     0.917     0.009     0.399
 4   119.964    17.781    -5.285
 4     0.592    -0.796     0.131
 4     0.699     0.424    -0.575
 4     0.401     0.432     0.807
 5   103.415    27.570    11.057
 5    -0.599    -0.569     0.565
 5     0.331    -0.817    -0.472
 5     0.729    -0.095     0.677
 6    97.586    33.195    36.875
 6    -0.421    -0.582    -0.695
 6     0.143     0.714    -0.685
 6     0.895    -0.388    -0.218
 7   118.166   -16.059    -6.702
 7     0.660     0.708     0.252
 7    -0.748     0.649     0.136
 7    -0.066    -0.278     0.958
 8   102.068   -27.275     6.663
 8    -0.675     0.532     0.511
 8    -0.321    -0.836     0.445
 8     0.663     0.136     0.735
 9    86.125   -35.370    32.385
 9    -0.729     0.042    -0.683
 9    -0.088     0.984     0.156
 9     0.678     0.174    -0.714
 2    97.828   -18.801    59.163
 2     0.142    -0.990     0.006
 2     0.989     0.142     0.032
 2    -0.033     0.001     0.999
 3   131.517    -1.089     0.967
 3     0.402    -0.050    -0.914
 3     0.013     0.999    -0.049
 3     0.915     0.007     0.402
 4   119.887    17.729    -5.282
 4     0.594    -0.794     0.131
 4     0.698     0.426    -0.575
 4     0.400     0.433     0.807
 5   103.427    27.648    11.196
 5    -0.595    -0.571     0.566
 5     0.332    -0.816    -0.473
 5     0.732    -0.094     0.675
 6    97.591    33.247    37.046
 6    -0.419    -0.582    -0.697
 6     0.143     0.715    -0.684
 6     0.896    -0.387    -0.217
 7   118.041   -15.987    -6.708
 7     0.668     0.701     0.250
 7    -0.740     0.660     0.128
 7    -0.075    -0.270     0.959
 8   102.258   -27.900     6.261
 8    -0.672     0.557     0.488
 8    -0.351    -0.820     0.451
 8     0.651     0.132     0.747
 9    85.672   -37.304    31.219
 9    -0.753    -0.001    -0.658
 9    -0.145     0.975     0.165
 9     0.641     0.220    -0.735
 2    97.828   -18.801    59.163
 2     0.142    -0.990     0.006
 2     0.989     0.142     0.032
 2    -0.033     0.001     0.999
 3   131.409    -1.040     0.947
 3     0.404    -0.052    -0.913
 3     0.012     0.999    -0.051
 3     0.914     0.010     0.404
 4   119.747    17.860    -5.174
 4     0.591    -0.795     0.135
 4     0.698     0.420    -0.581
 4     0.405     0.437     0.803
 5   103.176    27.567    11.176
 5    -0.606    -0.562     0.564
 5     0.325    -0.821    -0.469
 5     0.726    -0.101     0.679
 6    96.789    33.135    36.831
 6    -0.440    -0.578    -0.688
 6     0.142     0.711    -0.688
 6     0.887    -0.401    -0.231
 7   118.295   -15.811    -6.881
 7     0.676     0.696     0.240
 7    -0.732     0.671     0.116
 7    -0.080    -0.254     0.964
 8   102.407   -27.931     5.884
 8    -0.677     0.561     0.477
 8    -0.358    -0.817     0.453
 8     0.643     0.136     0.753
 9    85.688   -37.536    30.758
 9    -0.760    -0.026    -0.650
 9    -0.156     0.977     0.144
 9     0.631     0.211    -0.746
 2    97.828   -18.801    59.163
 2     0.142    -0.990     0.006
 2     0.989     0.142     0.032
 2    -0.033     0.001     0.999
 3   131.463    -0.914     0.887
 3     0.403    -0.055    -0.913
 3     0.009     0.998    -0.056
 3     0.915     0.014     0.403
 4   119.761    17.917    -5.116
 4     0.588    -0.798     0.133
 4     0.696     0.415    -0.585
 4     0.411     0.436     0.800
 5   103.220    27.641    11.082
 5    -0.606    -0.564     0.561
 5     0.328    -0.819    -0.470
 5     0.724    -0.101     0.682
 6    96.696    33.357    36.724
 6    -0.444    -0.574    -0.688
 6     0.150     0.709    -0.689
 6     0.883    -0.410    -0.229
 7   118.289   -15.812    -6.876
 7     0.677     0.695     0.240
 7    -0.731     0.673     0.114
 7    -0.082    -0.252     0.964
 8   102.449   -28.082     5.837
 8    -0.676     0.567     0.471
 8    -0.362    -0.812     0.458
 8     0.641     0.139     0.754
 9    85.510   -37.839    30.492
 9    -0.764    -0.049    -0.644
 9    -0.169     0.977     0.125
 9     0.623     0.204    -0.755
 2    97.803   -18.801    59.163
 2     0.142    -0.990     0.006
 2     0.989     0.142     0.032
 2    -0.033     0.001     0.999
 3   131.456    -0.916     0.894
 3     0.404    -0.056    -0.913
 3     0.008     0.998    -0.057
 3     0.914     0.016     0.404
 4   119.761    17.916    -5.143
 4     0.590    -0.797     0.134
 4     0.695     0.415    -0.586
 4     0.411     0.438     0.799
 5   103.129    27.642    11.227
 5    -0.604    -0.569     0.559
 5     0.329    -0.816    -0.475
 5     0.726    -0.103     0.680
 6    96.816    33.483    36.855
 6    -0.445    -0.571    -0.689
 6     0.154     0.709    -0.688
 6     0.882    -0.413    -0.228
 7   118.178   -15.765    -6.913
 7     0.679     0.693     0.243
 7    -0.729     0.676     0.110
 7    -0.087    -0.252     0.964
 8   102.500   -28.022     6.078
 8    -0.670     0.570     0.476
 8    -0.359    -0.809     0.464
 8     0.650     0.140     0.747
 9    86.007   -37.514    31.118
 9    -0.751    -0.048    -0.658
 9    -0.167     0.978     0.120
 9     0.638     0.200    -0.743
 2    97.828   -18.801    59.163
 2     0.142    -0.990     0.006
 2     0.989     0.142     0.032
 2    -0.033     0.001     0.999
 3   131.363    -0.872     0.916
 3     0.411    -0.056    -0.910
 3     0.006     0.998    -0.058
 3     0.911     0.018     0.411
 4   119.765    18.019    -5.075
 4     0.591    -0.795     0.136
 4     0.693     0.413    -0.591
 4     0.413     0.443     0.795
 5   103.269    27.747    11.390
 5    -0.600    -0.572     0.560
 5     0.327    -0.813    -0.481
 5     0.730    -0.105     0.675
 6    96.870    33.433    36.976
 6    -0.443    -0.573    -0.689
 6     0.153     0.709    -0.688
 6     0.883    -0.410    -0.226
 7   118.094   -15.717    -6.899
 7     0.681     0.689     0.249
 7    -0.726     0.678     0.110
 7    -0.092    -0.256     0.962
 8   102.559   -28.119     6.139
 8    -0.666     0.573     0.478
 8    -0.360    -0.808     0.467
 8     0.653     0.139     0.744
 9    85.943   -37.820    30.984
 9    -0.754    -0.052    -0.655
 9    -0.174     0.977     0.122
 9     0.633     0.206    -0.746
 2    97.828   -18.801    59.163
 2     0.142    -0.990     0.006
 2     0.989     0.142     0.032
 2    -0.033     0.001     0.999
 3   131.313    -0.871     0.966
 3     0.411    -0.058    -0.910
 3     0.008     0.998    -0.060
 3     0.911     0.017     0.410
 4   119.740    17.969    -5.126
 4     0.591    -0.796     0.136
 4     0.693     0.413    -0.591
 4     0.413     0.443     0.795
 5   103.177    27.640    11.179
 5    -0.603    -0.571     0.557
 5     0.331    -0.815    -0.476
 5     0.725    -0.103     0.680
 6    96.676    33.580    36.743
 6    -0.449    -0.572    -0.686
 6     0.160     0.704    -0.691
 6     0.879    -0.420    -0.225
 7   118.120   -15.818    -6.851
 7     0.681     0.690     0.247
 7    -0.727     0.678     0.110
 7    -0.091    -0.254     0.963
 8   102.606   -28.146     6.094
 8    -0.668     0.571     0.478
 8    -0.359    -0.809     0.465
 8     0.652     0.139     0.745
 9    86.137   -37.762    31.139
 9    -0.749    -0.050    -0.661
 9    -0.172     0.977     0.122
 9     0.639     0.205    -0.741
 2    97.828   -18.801    59.163
 2     0.142    -0.990     0.006
 2     0.989     0.142     0.032
 2    -0.033     0.001     0.999
 3   131.319    -0.869     0.959
 3     0.410    -0.058    -0.910
 3     0.009     0.998    -0.060
 3     0.912     0.016     0.410
 4   119.765    17.968    -5.126
 4     0.591    -0.795     0.136
 4     0.692     0.413    -0.591
 4     0.413     0.443     0.795
 5   103.225    27.639    11.135
 5    -0.604    -0.574     0.553
 5     0.331    -0.812    -0.480
 5     0.724    -0.107     0.680
 6    96.441    33.698    36.657
 6    -0.460    -0.566    -0.684
 6     0.166     0.702    -0.693
 6     0.872    -0.433    -0.229
 7   118.166   -15.870    -6.896
 7     0.681     0.689     0.249
 7    -0.727     0.678     0.110
 7    -0.093    -0.255     0.962
 8   102.697   -28.190     6.295
 8    -0.662     0.576     0.479
 8    -0.357    -0.805     0.474
 8     0.658     0.142     0.738
 9    86.854   -37.739    31.609
 9    -0.738    -0.056    -0.673
 9    -0.172     0.979     0.107
 9     0.653     0.195    -0.732
 2    97.828   -18.801    59.163
 2     0.142    -0.990     0.006
 2     0.989     0.142     0.032
 2    -0.033     0.001     0.999
 3   131.334    -0.872     1.082
 3     0.421    -0.063    -0.905
 3     0.018     0.998    -0.061
 3     0.906     0.009     0.421
 4   119.762    17.967    -5.074
 4     0.594    -0.793     0.138
 4     0.691     0.413    -0.593
 4     0.412     0.447     0.793
 5   103.688    27.636    11.982
 5    -0.581    -0.588     0.564
 5     0.323    -0.802    -0.502
 5     0.747    -0.109     0.655
 6    98.194    33.420    37.884
 6    -0.420    -0.601    -0.681
 6     0.158     0.690    -0.706
 6     0.894    -0.405    -0.195
 7   117.934   -16.122    -6.495
 7     0.692     0.662     0.288
 7    -0.714     0.686     0.139
 7    -0.105    -0.301     0.947
 8   103.723   -28.388     8.104
 8    -0.606     0.604     0.518
 8    -0.356    -0.788     0.502
 8     0.711     0.120     0.692
 9    90.642   -37.612    35.095
 9    -0.671     0.096    -0.736
 9    -0.131     0.961     0.244
 9     0.730     0.260    -0.632
 2    97.828   -18.801    59.163
 2     0.142    -0.990     0.006
 2     0.989     0.142     0.032
 2    -0.033     0.001     0.999
 3   131.131    -0.882     1.041
 3     0.459    -0.079    -0.885
 3     0.050     0.997    -0.063
 3     0.887    -0.016     0.461
 4   118.985    17.920    -5.011
 4     0.615    -0.768     0.179
 4     0.699     0.426    -0.574
 4     0.364     0.478     0.799
 5   105.160    27.542    14.066
 5    -0.476    -0.621     0.623
 5     0.309    -0.781    -0.542
 5     0.823    -0.065     0.563
 6   103.269    33.207    40.373
 6    -0.286    -0.717    -0.635
 6     0.159     0.618    -0.770
 6     0.945    -0.322    -0.063
 7   117.363   -16.867    -5.782
 7     0.710     0.605     0.362
 7    -0.695     0.683     0.221
 7    -0.114    -0.408     0.905
 8   105.039   -28.555    10.883
 8    -0.504     0.630     0.591
 8    -0.341    -0.774     0.533
 8     0.793     0.066     0.604
 9    97.524   -37.548    39.802
 9    -0.450     0.591    -0.669
 9    -0.032     0.738     0.674
 9     0.892     0.325    -0.313
 2    97.827   -18.801    59.162
 2     0.141    -0.990     0.007
 2     0.989     0.142     0.032
 2    -0.033     0.002     0.999
 3   130.861    -1.074     0.948
 3     0.491    -0.081    -0.868
 3     0.080     0.995    -0.047
 3     0.867    -0.046     0.495
 4   118.396    17.558    -5.015
 4     0.645    -0.735     0.208
 4     0.700     0.459    -0.546
 4     0.306     0.498     0.811
 5   107.409    27.295    15.897
 5    -0.346    -0.654     0.673
 5     0.302    -0.757    -0.580
 5     0.888     0.003     0.458
 6   109.078    32.503    42.296
 6    -0.143    -0.758    -0.636
 6     0.146     0.619    -0.771
 6     0.979    -0.205     0.021
 7   116.928   -17.669    -5.200
 7     0.723     0.554     0.414
 7    -0.679     0.677     0.282
 7    -0.124    -0.485     0.865
 8   106.562   -29.417    12.831
 8    -0.406     0.693     0.596
 8    -0.328    -0.719     0.613
 8     0.853     0.053     0.519
 9   101.764   -33.862    41.377
 9    -0.299     0.676    -0.674
 9     0.040     0.714     0.698
 9     0.953     0.182    -0.241
 2    97.828   -18.801    59.163
 2     0.142    -0.990     0.006
 2     0.989     0.142     0.032
 2    -0.033     0.001     0.999
 3   130.399    -1.595     0.867
 3     0.515    -0.072    -0.854
 3     0.097     0.995    -0.024
 3     0.852    -0.071     0.519
 4   117.828    17.056    -4.983
 4     0.668    -0.712     0.217
 4     0.696     0.495    -0.520
 4     0.263     0.498     0.826
 5   109.389    26.755    17.736
 5    -0.227    -0.664     0.712
 5     0.281    -0.745    -0.605
 5     0.932     0.063     0.356
 6   114.295    31.346    43.784
 6    -0.013    -0.766    -0.643
 6     0.122     0.636    -0.761
 6     0.992    -0.090     0.084
 7   116.215   -18.380    -4.639
 7     0.733     0.516     0.444
 7    -0.666     0.676     0.313
 7    -0.139    -0.525     0.839
 8   107.805   -30.764    14.185
 8    -0.307     0.723     0.619
 8    -0.356    -0.690     0.630
 8     0.882    -0.027     0.469
 9   107.406   -33.951    42.678
 9    -0.186     0.636    -0.749
 9     0.084     0.770     0.632
 9     0.979     0.055    -0.197
 2    97.828   -18.801    59.163
 2     0.142    -0.990     0.006
 2     0.989     0.142     0.032
 2    -0.033     0.001     0.999
 3   130.213    -1.862     0.771
 3     0.534    -0.074    -0.842
 3     0.110     0.994    -0.017
 3     0.838    -0.084     0.539
 4   117.607    16.727    -4.909
 4     0.681    -0.701     0.215
 4     0.692     0.518    -0.502
 4     0.240     0.490     0.837
 5   111.719    26.175    19.078
 5    -0.106    -0.656     0.747
 5     0.256    -0.744    -0.617
 5     0.961     0.126     0.248
 6   119.122    30.074    44.499
 6     0.109    -0.760    -0.643
 6     0.098     0.650    -0.752
 6     0.989     0.017     0.143
 7   116.215   -18.800    -4.362
 7     0.751     0.473     0.461
 7    -0.643     0.679     0.353
 7    -0.146    -0.561     0.814
 8   110.902   -31.984    15.831
 8    -0.160     0.749     0.642
 8    -0.366    -0.650     0.666
 8     0.916    -0.129     0.378
 9   116.444   -34.344    46.071
 9    -0.076     0.538    -0.839
 9     0.124     0.840     0.527
 9     0.989    -0.063    -0.131
 2    97.828   -18.801    59.163
 2     0.142    -0.990     0.006
 2     0.989     0.142     0.032
 2    -0.033     0.001     0.999
 3   130.328    -2.134     0.733
 3     0.534    -0.089    -0.841
 3     0.127     0.991    -0.023
 3     0.836    -0.095     0.540
 4   117.804    16.353    -4.983
 4     0.694    -0.688     0.211
 4     0.684     0.540    -0.491
 4     0.224     0.484     0.845
 5   113.942    26.166    19.763
 5    -0.016    -0.663     0.749
 5     0.258    -0.727    -0.637
 5     0.966     0.182     0.183
 6   122.884    29.980    44.661
 6     0.187    -0.736    -0.654
 6     0.097     0.673    -0.731
 6     0.977     0.071     0.196
 7   116.958   -19.347    -3.999
 7     0.780     0.427     0.458
 7    -0.611     0.673     0.415
 7    -0.132    -0.603     0.786
 8   114.973   -32.126    17.655
 8    -0.015     0.778     0.628
 8    -0.338    -0.595     0.729
 8     0.941    -0.201     0.273
 9   123.344   -32.980    47.257
 9     0.013     0.450    -0.893
 9     0.154     0.881     0.446
 9     0.988    -0.143    -0.059
 2    97.828   -18.801    59.163
 2     0.142    -0.990     0.006
 2     0.989     0.142     0.032
 2    -0.033     0.001     0.999
 3   130.835    -2.143     0.767
 3     0.524    -0.113    -0.844
 3     0.146     0.988    -0.041
 3     0.839    -0.102     0.534
 4   118.222    16.204    -4.922
 4     0.701    -0.685     0.201
 4     0.675     0.545    -0.497
 4     0.230     0.483     0.844
 5   116.032    26.009    20.527
 5     0.063    -0.673     0.737
 5     0.248    -0.705    -0.664
 5     0.966     0.224     0.124
 6   126.063    29.586    45.178
 6     0.249    -0.735    -0.634
 6     0.085     0.665    -0.739
 6     0.964     0.128     0.227
 7   117.490   -19.434    -3.886
 7     0.795     0.407     0.451
 7    -0.593     0.677     0.434
 7    -0.129    -0.612     0.779
 8   117.170   -30.617    19.332
 8     0.078     0.729     0.681
 8    -0.284    -0.638     0.715
 8     0.956    -0.248     0.158
 9   127.587   -31.580    48.288
 9     0.164     0.627    -0.764
 9     0.197     0.736     0.646
 9     0.966    -0.253    -0.004
 2    97.828   -18.801    59.163
 2     0.142    -0.990     0.006
 2     0.989     0.142     0.032
 2    -0.033     0.001     0.999
 3   131.195    -2.063     0.850
 3     0.520    -0.120    -0.846
 3     0.144     0.988    -0.051
 3     0.842    -0.096     0.531
 4   118.695    16.444    -4.614
 4     0.707    -0.684     0.181
 4     0.662     0.551    -0.508
 4     0.248     0.478     0.842
 5   117.864    25.684    21.773
 5     0.153    -0.675     0.722
 5     0.208    -0.692    -0.690
 5     0.966     0.255     0.036
 6   129.263    28.199    45.713
 6     0.336    -0.754    -0.569
 6     0.042     0.611    -0.788
 6     0.940     0.239     0.235
 7   117.645   -19.329    -3.896
 7     0.797     0.407     0.447
 7    -0.591     0.678     0.436
 7    -0.126    -0.611     0.781
 8   117.700   -27.585    20.573
 8     0.135     0.576     0.807
 8    -0.225    -0.775     0.590
 8     0.965    -0.260     0.026
 9   128.993   -30.328    48.818
 9     0.289     0.770    -0.574
 9     0.180     0.542     0.819
 9     0.940    -0.336     0.016
 2    97.828   -18.801    59.163
 2     0.142    -0.990     0.006
 2     0.989     0.142     0.032
 2    -0.033     0.001     0.999
 3   131.406    -1.934     0.856
 3     0.515    -0.122    -0.848
 3     0.139     0.988    -0.057
 3     0.845    -0.089     0.526
 4   118.985    16.674    -4.390
 4     0.710    -0.685     0.166
 4     0.657     0.559    -0.505
 4     0.252     0.467     0.847
 5   119.163    25.591    22.708
 5     0.251    -0.685     0.685
 5     0.148    -0.671    -0.726
 5     0.956     0.282    -0.066
 6   132.347    26.472    45.753
 6     0.445    -0.743    -0.507
 6    -0.037     0.545    -0.835
 6     0.894     0.388     0.214
 7   117.834   -19.132    -3.919
 7     0.794     0.417     0.443
 7    -0.594     0.684     0.422
 7    -0.128    -0.598     0.790
 8   117.140   -27.372    20.791
 8     0.161     0.512     0.844
 8    -0.226    -0.813     0.536
 8     0.961    -0.276    -0.014
 9   130.306   -30.508    48.379
 9     0.463     0.822    -0.339
 9     0.188     0.277     0.941
 9     0.866    -0.497    -0.027
 2    97.828   -18.801    59.163
 2     0.141    -0.990     0.006
 2     0.989     0.142     0.032
 2    -0.033     0.001     0.999
 3   131.606    -1.928     1.059
 3     0.509    -0.114    -0.853
 3     0.136     0.989    -0.051
 3     0.850    -0.091     0.519
 4   119.148    16.661    -4.082
 4     0.724    -0.672     0.160
 4     0.646     0.576    -0.500
 4     0.244     0.464     0.851
 5   120.347    25.811    22.913
 5     0.300    -0.707     0.642
 5     0.134    -0.634    -0.760
 5     0.944     0.313    -0.094
 6   133.861    25.547    45.529
 6     0.442    -0.608    -0.664
 6    -0.067     0.712    -0.696
 6     0.894     0.350     0.273
 7   117.738   -19.299    -3.774
 7     0.795     0.420     0.439
 7    -0.596     0.677     0.431
 7    -0.116    -0.604     0.788
 8   118.878   -27.495    21.466
 8     0.236     0.559     0.795
 8    -0.187    -0.777     0.601
 8     0.953    -0.289    -0.078
 9   132.329   -29.980    48.584
 9     0.466     0.791    -0.403
 9     0.200     0.344     0.915
 9     0.861    -0.505     0.001
 2    97.828   -18.801    59.163
 2     0.142    -0.990     0.006
 2     0.989     0.142     0.032
 2    -0.033     0.001     0.999
 3   131.785    -1.994     1.183
 3     0.503    -0.125    -0.855
 3     0.150     0.987    -0.055
 3     0.851    -0.102     0.515
 4   119.175    16.418    -4.291
 4     0.719    -0.676     0.167
 4     0.659     0.584    -0.473
 4     0.222     0.449     0.865
 5   120.022    25.715    22.506
 5     0.272    -0.710     0.651
 5     0.134    -0.641    -0.755
 5     0.953     0.292    -0.078
 6   132.368    25.546    45.861
 6     0.381    -0.612    -0.697
 6    -0.053     0.735    -0.673
 6     0.923     0.291     0.248
 7   118.130   -19.320    -3.828
 7     0.802     0.413     0.432
 7    -0.585     0.686     0.433
 7    -0.117    -0.599     0.791
 8   118.745   -27.265    21.465
 8     0.221     0.553     0.804
