% Calibrated with leiden_pols
% Positions are in centimeters
Data =[
 2    97.827   -18.801    59.162
 2     0.141    -0.990     0.007
 2     0.989     0.142     0.032
 2    -0.033     0.002     0.999
 3   130.845    -1.793     1.062
 3     0.528    -0.116    -0.841
 3     0.144     0.988    -0.045
 3     0.836    -0.098     0.538
 4   119.152    17.053    -4.522
 4     0.735    -0.650     0.196
 4     0.637     0.563    -0.526
 4     0.231     0.510     0.828
 5   118.517    25.644    22.325
 5     0.203    -0.672     0.714
 5     0.117    -0.706    -0.697
 5     0.972     0.224    -0.063
 6   130.153    25.560    46.197
 6     0.354    -0.627    -0.698
 6    -0.054     0.728    -0.681
 6     0.933     0.276     0.222
 7   115.883   -18.183    -4.286
 7     0.747     0.417     0.518
 7    -0.612     0.735     0.291
 7    -0.260    -0.534     0.804
 8   117.402   -26.827    20.190
 8     0.183     0.560     0.808
 8    -0.192    -0.786     0.587
 8     0.964    -0.261    -0.036
 9   129.132   -29.954    47.441
 9     0.221     0.527    -0.823
 9     0.120     0.821     0.556
 9     0.968    -0.220     0.117
 2    97.827   -18.801    59.162
 2     0.141    -0.990     0.007
 2     0.989     0.142     0.032
 2    -0.033     0.002     0.999
 3   130.993    -1.768     0.959
 3     0.529    -0.120    -0.841
 3     0.144     0.988    -0.049
 3     0.836    -0.096     0.539
 4   119.235    17.084    -4.533
 4     0.732    -0.654     0.194
 4     0.640     0.561    -0.526
 4     0.235     0.508     0.828
 5   118.467    25.645    22.325
 5     0.201    -0.671     0.715
 5     0.117    -0.707    -0.696
 5     0.972     0.223    -0.062
 6   130.109    25.614    46.239
 6     0.354    -0.630    -0.696
 6    -0.053     0.726    -0.683
 6     0.934     0.276     0.222
 7   115.913   -18.180    -4.297
 7     0.749     0.418     0.515
 7    -0.610     0.736     0.292
 7    -0.257    -0.532     0.806
 8   117.351   -26.879    20.190
 8     0.182     0.560     0.809
 8    -0.192    -0.786     0.586
 8     0.964    -0.261    -0.035
 9   129.072   -29.905    47.504
 9     0.222     0.527    -0.822
 9     0.121     0.820     0.557
 9     0.967    -0.221     0.117
 2    97.828   -18.801    59.163
 2     0.142    -0.990     0.006
 2     0.989     0.142     0.032
 2    -0.033     0.001     0.999
 3   131.068    -1.718     1.010
 3     0.529    -0.119    -0.841
 3     0.143     0.988    -0.049
 3     0.836    -0.095     0.539
 4   119.238    17.084    -4.536
 4     0.731    -0.654     0.193
 4     0.639     0.560    -0.527
 4     0.236     0.508     0.828
 5   118.477    25.649    22.362
 5     0.200    -0.669     0.717
 5     0.117    -0.709    -0.694
 5     0.973     0.221    -0.062
 6   130.058    25.613    46.289
 6     0.352    -0.631    -0.695
 6    -0.054     0.724    -0.685
 6     0.934     0.276     0.220
 7   115.888   -18.103    -4.251
 7     0.751     0.419     0.512
 7    -0.609     0.738     0.290
 7    -0.256    -0.529     0.808
 8   117.351   -26.880    20.191
 8     0.182     0.559     0.809
 8    -0.193    -0.786     0.586
 8     0.964    -0.261    -0.035
 9   129.122   -29.908    47.503
 9     0.225     0.525    -0.823
 9     0.120     0.821     0.556
 9     0.967    -0.222     0.120
 2    97.803   -18.801    59.112
 2     0.142    -0.990     0.006
 2     0.989     0.142     0.032
 2    -0.033     0.001     0.999
 3   131.118    -1.719     1.010
 3     0.530    -0.118    -0.840
 3     0.141     0.988    -0.049
 3     0.836    -0.093     0.541
 4   119.295    17.087    -4.494
 4     0.731    -0.656     0.191
 4     0.639     0.559    -0.528
 4     0.239     0.508     0.827
 5   118.477    25.649    22.413
 5     0.200    -0.669     0.717
 5     0.117    -0.709    -0.694
 5     0.973     0.221    -0.062
 6   130.058    25.563    46.288
 6     0.352    -0.632    -0.694
 6    -0.053     0.724    -0.685
 6     0.934     0.276     0.220
 7   115.911   -18.053    -4.252
 7     0.750     0.421     0.510
 7    -0.609     0.739     0.287
 7    -0.256    -0.526     0.810
 8   117.346   -26.839    20.144
 8     0.178     0.561     0.809
 8    -0.197    -0.785     0.587
 8     0.964    -0.263    -0.029
 9   129.119   -29.857    47.502
 9     0.225     0.523    -0.824
 9     0.120     0.823     0.553
 9     0.967    -0.222     0.122
 2    97.803   -18.801    59.111
 2     0.141    -0.990     0.007
 2     0.989     0.142     0.032
 2    -0.033     0.002     0.999
 3   131.189    -1.717     1.017
 3     0.530    -0.119    -0.840
 3     0.146     0.988    -0.047
 3     0.835    -0.099     0.541
 4   119.192    17.012    -4.542
 4     0.727    -0.659     0.193
 4     0.643     0.556    -0.525
 4     0.238     0.506     0.828
 5   118.299    25.644    22.102
 5     0.182    -0.668     0.722
 5     0.139    -0.709    -0.691
 5     0.973     0.225    -0.035
 6   130.052    25.613    46.249
 6     0.354    -0.630    -0.695
 6    -0.051     0.726    -0.683
 6     0.933     0.275     0.224
 7   116.251   -18.216    -4.074
 7     0.762     0.408     0.504
 7    -0.598     0.741     0.305
 7    -0.249    -0.533     0.808
 8   117.144   -27.317    19.541
 8     0.123     0.580     0.806
 8    -0.240    -0.770     0.590
 8     0.963    -0.265     0.045
 9   128.726   -30.011    47.227
 9     0.198     0.489    -0.851
 9     0.113     0.850     0.513
 9     0.974    -0.196     0.112
 2    97.827   -18.801    59.162
 2     0.141    -0.990     0.007
 2     0.989     0.142     0.032
 2    -0.033     0.002     0.999
 3   131.329    -1.707     1.107
 3     0.526    -0.137    -0.840
 3     0.169     0.984    -0.053
 3     0.833    -0.115     0.540
 4   118.703    16.543    -4.887
 4     0.704    -0.679     0.208
 4     0.678     0.556    -0.480
 4     0.211     0.478     0.852
 5   117.068    25.423    21.231
 5     0.133    -0.635     0.762
 5     0.160    -0.745    -0.647
 5     0.978     0.207     0.004
 6   128.079    26.327    45.666
 6     0.330    -0.671    -0.668
 6    -0.011     0.702    -0.709
 6     0.944     0.239     0.223
 7   117.023   -18.615    -3.973
 7     0.770     0.394     0.502
 7    -0.586     0.746     0.315
 7    -0.250    -0.536     0.805
 8   115.542   -28.828    18.057
 8     0.013     0.619     0.785
 8    -0.279    -0.752     0.597
 8     0.960    -0.226     0.163
 9   124.001   -31.502    47.005
 9     0.080     0.518    -0.853
 9     0.118     0.844     0.522
 9     0.990    -0.141     0.006
 2    97.803   -18.801    59.112
 2     0.142    -0.990     0.006
 2     0.989     0.142     0.032
 2    -0.033     0.001     0.999
 3   131.703    -1.756     1.114
 3     0.498    -0.143    -0.856
 3     0.169     0.983    -0.065
 3     0.850    -0.114     0.513
 4   118.762    16.345    -5.145
 4     0.680    -0.702     0.211
 4     0.703     0.545    -0.455
 4     0.205     0.458     0.865
 5   113.942    25.573    19.448
 5    -0.028    -0.609     0.793
 5     0.193    -0.781    -0.593
 5     0.981     0.136     0.140
 6   121.767    26.710    45.030
 6     0.178    -0.674    -0.719
 6    -0.002     0.729    -0.683
 6     0.984     0.120     0.128
 7   117.524   -18.743    -4.331
 7     0.764     0.442     0.471
 7    -0.599     0.754     0.267
 7    -0.237    -0.486     0.840
 8   110.925   -30.212    15.543
 8    -0.190     0.605     0.773
 8    -0.346    -0.778     0.524
 8     0.919    -0.168     0.357
 9   114.237   -33.430    45.887
 9    -0.099     0.565    -0.819
 9     0.107     0.824     0.555
 9     0.989    -0.031    -0.143
 2    97.827   -18.801    59.162
 2     0.141    -0.990     0.007
 2     0.989     0.142     0.032
 2    -0.033     0.002     0.999
 3   131.893    -1.967     1.119
 3     0.462    -0.104    -0.881
 3     0.121     0.991    -0.053
 3     0.878    -0.083     0.470
 4   119.817    16.650    -5.203
 4     0.678    -0.709     0.195
 4     0.685     0.515    -0.514
 4     0.264     0.482     0.835
 5   110.768    26.265    17.809
 5    -0.230    -0.620     0.750
 5     0.224    -0.784    -0.579
 5     0.947     0.034     0.319
