2 	  33.36	  -8.26	  22.75
	  0.562	  0.826	 -0.044
	 -0.828	  0.561	 -0.031
	  0.000	  0.054	  0.998

3 	  39.59	   0.81	  -2.71
	  0.360	 -0.133	 -0.924
	  0.089	  0.990	 -0.109
	  0.929	 -0.043	  0.368

4 	  44.88	   7.58	  -5.15
	  0.698	  0.619	  0.361
	 -0.715	  0.571	  0.403
	  0.042	 -0.540	  0.841

5 	  51.57	  11.57	  15.38
	  0.332	 -0.097	  0.938
	 -0.183	  0.969	  0.166
	 -0.925	 -0.228	  0.303

6 	  45.19	  11.95	   4.97
	 -0.139	 -0.255	 -0.957
	  0.705	  0.653	 -0.275
	  0.696	 -0.712	  0.091

7 	  44.77	  -6.80	  -5.47
	  0.705	 -0.693	  0.153
	  0.672	  0.583	 -0.457
	  0.228	  0.424	  0.876

8 	  50.57	 -11.14	  14.77
	  0.393	  0.153	  0.907
	  0.422	  0.847	 -0.323
	 -0.819	  0.508	  0.268

9 	  44.28	 -11.32	   4.76
	 -0.186	  0.239	 -0.953
	 -0.695	  0.654	  0.298
	  0.695	  0.717	  0.046

2 	  33.36	  -8.24	  22.75
	  0.562	  0.826	 -0.045
	 -0.827	  0.561	 -0.031
	  0.000	  0.054	  0.998

3 	  39.57	   0.81	  -2.71
	  0.360	 -0.134	 -0.923
	  0.090	  0.990	 -0.108
	  0.928	 -0.044	  0.369

4 	  44.88	   7.58	  -5.17
	  0.698	  0.619	  0.360
	 -0.715	  0.571	  0.403
	  0.043	 -0.539	  0.841

5 	  51.57	  11.57	  15.38
	  0.332	 -0.097	  0.938
	 -0.183	  0.969	  0.166
	 -0.925	 -0.228	  0.303

6 	  45.19	  11.95	   4.97
	 -0.139	 -0.254	 -0.957
	  0.705	  0.654	 -0.275
	  0.696	 -0.712	  0.090

7 	  44.77	  -6.80	  -5.47
	  0.705	 -0.693	  0.152
	  0.671	  0.583	 -0.458
	  0.229	  0.424	  0.876

8 	  50.57	 -11.14	  14.77
	  0.393	  0.153	  0.907
	  0.422	  0.847	 -0.323
	 -0.819	  0.508	  0.268

9 	  44.28	 -11.32	   4.76
	 -0.186	  0.239	 -0.953
	 -0.694	  0.654	  0.298
	  0.696	  0.716	  0.046

2 	  33.36	  -8.26	  22.76
	  0.562	  0.826	 -0.044
	 -0.828	  0.561	 -0.031
	  0.000	  0.054	  0.998

3 	  39.59	   0.81	  -2.71
	  0.360	 -0.134	 -0.923
	  0.089	  0.990	 -0.109
	  0.928	 -0.043	  0.369

4 	  44.88	   7.58	  -5.17
	  0.697	  0.619	  0.361
	 -0.715	  0.570	  0.404
	  0.043	 -0.540	  0.840

5 	  51.57	  11.57	  15.38
	  0.334	 -0.099	  0.937
	 -0.188	  0.967	  0.170
	 -0.923	 -0.235	  0.304

6 	  45.18	  11.94	   4.99
	 -0.139	 -0.254	 -0.957
	  0.704	  0.654	 -0.275
	  0.697	 -0.711	  0.090

7 	  44.77	  -6.82	  -5.47
	  0.704	 -0.693	  0.153
	  0.672	  0.582	 -0.457
	  0.228	  0.425	  0.876

8 	  50.52	 -11.16	  14.80
	  0.393	  0.154	  0.906
	  0.427	  0.843	 -0.326
	 -0.816	  0.513	  0.266

9 	  44.23	 -11.30	   4.82
	 -0.184	  0.238	 -0.953
	 -0.690	  0.659	  0.297
	  0.701	  0.712	  0.044

2 	  33.36	  -8.24	  22.75
	  0.562	  0.826	 -0.044
	 -0.828	  0.560	 -0.031
	  0.000	  0.054	  0.998

3 	  39.57	   0.79	  -2.69
	  0.360	 -0.134	 -0.923
	  0.088	  0.990	 -0.110
	  0.929	 -0.041	  0.368

4 	  44.86	   7.56	  -5.13
	  0.696	  0.618	  0.365
	 -0.717	  0.568	  0.404
	  0.042	 -0.543	  0.838

5 	  51.56	  11.58	  15.38
	  0.337	 -0.101	  0.936
	 -0.195	  0.965	  0.175
	 -0.921	 -0.243	  0.305

6 	  45.14	  11.94	   5.01
	 -0.140	 -0.255	 -0.957
	  0.703	  0.655	 -0.276
	  0.698	 -0.711	  0.089

7 	  44.74	  -6.82	  -5.40
	  0.701	 -0.695	  0.158
	  0.676	  0.578	 -0.457
	  0.226	  0.427	  0.875

8 	  50.52	 -11.16	  14.82
	  0.398	  0.152	  0.904
	  0.435	  0.838	 -0.330
	 -0.810	  0.522	  0.268

9 	  44.17	 -11.29	   4.87
	 -0.185	  0.238	 -0.953
	 -0.687	  0.663	  0.298
	  0.704	  0.709	  0.042

2 	  33.36	  -8.24	  22.75
	  0.562	  0.826	 -0.044
	 -0.828	  0.561	 -0.031
	  0.000	  0.054	  0.998

3 	  39.55	   0.79	  -2.69
	  0.358	 -0.135	 -0.924
	  0.084	  0.990	 -0.112
	  0.930	 -0.038	  0.366

4 	  44.82	   7.58	  -5.08
	  0.694	  0.618	  0.368
	 -0.719	  0.564	  0.406
	  0.042	 -0.547	  0.836

5 	  51.54	  11.60	  15.40
	  0.340	 -0.101	  0.935
	 -0.201	  0.963	  0.178
	 -0.919	 -0.250	  0.306

6 	  45.12	  11.94	   5.03
	 -0.141	 -0.255	 -0.957
	  0.702	  0.656	 -0.276
	  0.698	 -0.710	  0.088

7 	  44.72	  -6.82	  -5.38
	  0.701	 -0.695	  0.158
	  0.677	  0.578	 -0.456
	  0.226	  0.427	  0.875

8 	  50.50	 -11.16	  14.84
	  0.398	  0.152	  0.904
	  0.436	  0.837	 -0.330
	 -0.809	  0.524	  0.267

9 	  44.16	 -11.27	   4.87
	 -0.185	  0.238	 -0.953
	 -0.686	  0.663	  0.297
	  0.704	  0.708	  0.042

2 	  33.36	  -8.24	  22.76
	  0.562	  0.826	 -0.044
	 -0.828	  0.560	 -0.031
	 -0.000	  0.055	  0.998

3 	  39.55	   0.81	  -2.67
	  0.358	 -0.134	 -0.924
	  0.083	  0.990	 -0.112
	  0.930	 -0.037	  0.365

4 	  44.81	   7.58	  -5.10
	  0.693	  0.619	  0.370
	 -0.720	  0.563	  0.406
	  0.042	 -0.548	  0.835

5 	  51.52	  11.60	  15.40
	  0.340	 -0.102	  0.934
	 -0.204	  0.962	  0.180
	 -0.918	 -0.253	  0.306

6 	  45.09	  11.92	   5.04
	 -0.141	 -0.255	 -0.957
	  0.702	  0.656	 -0.276
	  0.699	 -0.710	  0.088

7 	  44.72	  -6.80	  -5.38
	  0.700	 -0.695	  0.160
	  0.677	  0.577	 -0.455
	  0.225	  0.427	  0.875

8 	  50.48	 -11.18	  14.85
	  0.398	  0.151	  0.904
	  0.438	  0.836	 -0.330
	 -0.808	  0.525	  0.266

9 	  44.16	 -11.27	   4.89
	 -0.184	  0.238	 -0.953
	 -0.686	  0.664	  0.297
	  0.705	  0.708	  0.042

2 	  33.36	  -8.24	  22.75
	  0.562	  0.826	 -0.044
	 -0.828	  0.561	 -0.031
	  0.000	  0.054	  0.998

3 	  39.55	   0.81	  -2.69
	  0.358	 -0.134	 -0.924
	  0.082	  0.990	 -0.113
	  0.930	 -0.036	  0.365

4 	  44.81	   7.58	  -5.08
	  0.692	  0.619	  0.371
	 -0.721	  0.561	  0.406
	  0.043	 -0.549	  0.835

5 	  51.50	  11.60	  15.40
	  0.341	 -0.103	  0.934
	 -0.207	  0.961	  0.183
	 -0.917	 -0.256	  0.306

6 	  45.09	  11.92	   5.06
	 -0.140	 -0.255	 -0.957
	  0.702	  0.656	 -0.276
	  0.699	 -0.710	  0.088

7 	  44.70	  -6.80	  -5.36
	  0.700	 -0.695	  0.161
	  0.678	  0.577	 -0.454
	  0.223	  0.427	  0.876

8 	  50.47	 -11.18	  14.87
	  0.399	  0.152	  0.904
	  0.439	  0.835	 -0.332
	 -0.807	  0.527	  0.267

9 	  44.14	 -11.27	   4.90
	 -0.183	  0.238	 -0.953
	 -0.686	  0.664	  0.297
	  0.705	  0.708	  0.043

2 	  33.36	  -8.24	  22.76
	  0.562	  0.826	 -0.044
	 -0.828	  0.561	 -0.031
	  0.000	  0.054	  0.998

3 	  39.57	   0.81	  -2.69
	  0.358	 -0.134	 -0.924
	  0.082	  0.990	 -0.112
	  0.930	 -0.035	  0.365

4 	  44.81	   7.58	  -5.06
	  0.691	  0.619	  0.372
	 -0.722	  0.560	  0.406
	  0.042	 -0.549	  0.834

5 	  51.50	  11.60	  15.42
	  0.341	 -0.103	  0.934
	 -0.208	  0.961	  0.183
	 -0.917	 -0.258	  0.306

6 	  45.09	  11.94	   5.08
	 -0.140	 -0.255	 -0.957
	  0.702	  0.656	 -0.277
	  0.699	 -0.709	  0.089

7 	  44.72	  -6.80	  -5.36
	  0.700	 -0.695	  0.162
	  0.679	  0.577	 -0.453
	  0.222	  0.427	  0.876

8 	  50.47	 -11.16	  14.87
	  0.400	  0.152	  0.904
	  0.439	  0.835	 -0.332
	 -0.807	  0.527	  0.267

9 	  44.14	 -11.25	   4.90
	 -0.184	  0.239	 -0.953
	 -0.686	  0.664	  0.297
	  0.705	  0.708	  0.043

2 	  33.36	  -8.26	  22.76
	  0.562	  0.825	 -0.044
	 -0.827	  0.561	 -0.031
	  0.000	  0.054	  0.998

3 	  39.59	   0.83	  -2.69
	  0.356	 -0.134	 -0.925
	  0.087	  0.990	 -0.110
	  0.930	 -0.041	  0.364

4 	  44.81	   7.58	  -5.13
	  0.689	  0.620	  0.375
	 -0.724	  0.558	  0.405
	  0.041	 -0.551	  0.833

5 	  51.75	  11.81	  15.13
	  0.366	 -0.084	  0.927
	 -0.210	  0.963	  0.171
	 -0.906	 -0.258	  0.335

6 	  45.07	  11.97	   4.75
	 -0.111	 -0.352	 -0.930
	  0.678	  0.658	 -0.328
	  0.728	 -0.665	  0.167

7 	  44.74	  -6.75	  -5.36
	  0.703	 -0.689	  0.177
	  0.680	  0.578	 -0.451
	  0.209	  0.437	  0.874

8 	  51.24	 -12.01	  14.08
	  0.501	  0.102	  0.859
	  0.495	  0.781	 -0.380
	 -0.712	  0.613	  0.341

9 	  44.19	 -11.36	   4.83
	 -0.239	  0.302	 -0.923
	 -0.607	  0.696	  0.384
	  0.759	  0.650	  0.018

2 	  33.36	  -8.24	  22.76
	  0.562	  0.826	 -0.045
	 -0.827	  0.561	 -0.031
	  0.000	  0.054	  0.998

3 	  39.50	   0.83	  -2.69
	  0.348	 -0.137	 -0.927
	  0.072	  0.990	 -0.120
	  0.934	 -0.025	  0.355

4 	  44.53	   7.56	  -5.27
	  0.666	  0.650	  0.366
	 -0.744	  0.543	  0.388
	  0.052	 -0.532	  0.845

5 	  53.95	  14.10	  12.45
	  0.647	  0.026	  0.762
	 -0.408	  0.857	  0.314
	 -0.646	 -0.513	  0.565

6 	  45.39	  12.45	   4.34
	 -0.272	 -0.403	 -0.874
	  0.509	  0.711	 -0.484
	  0.818	 -0.575	  0.013

7 	  44.53	  -6.70	  -5.43
	  0.707	 -0.687	  0.165
	  0.672	  0.582	 -0.457
	  0.218	  0.434	  0.874

8 	  53.72	 -13.29	  11.30
	  0.728	  0.034	  0.684
	  0.414	  0.774	 -0.478
	 -0.548	  0.630	  0.551

9 	  44.96	 -11.79	   4.45
	 -0.386	  0.412	 -0.825
	 -0.471	  0.682	  0.559
	  0.795	  0.603	 -0.069

2 	  33.35	  -8.26	  22.75
	  0.562	  0.825	 -0.044
	 -0.827	  0.561	 -0.031
	  0.000	  0.054	  0.998

3 	  39.32	   0.86	  -2.58
	  0.331	 -0.134	 -0.934
	  0.064	  0.991	 -0.120
	  0.941	 -0.020	  0.336

4 	  44.21	   7.47	  -5.36
	  0.672	  0.661	  0.333
	 -0.736	  0.547	  0.399
	  0.081	 -0.514	  0.854

5 	  56.58	  14.10	   9.09
	  0.870	  0.008	  0.492
	 -0.340	  0.734	  0.587
	 -0.358	 -0.678	  0.642

6 	  46.78	  12.38	   3.80
	 -0.475	 -0.394	 -0.787
	  0.411	  0.694	 -0.591
	  0.781	 -0.601	 -0.167

7 	  43.89	  -6.57	  -5.59
	  0.713	 -0.693	  0.104
	  0.646	  0.592	 -0.482
	  0.273	  0.411	  0.870

8 	  56.14	 -13.31	   7.33
	  0.906	  0.073	  0.417
	  0.205	  0.786	 -0.583
	 -0.370	  0.614	  0.696

9 	  45.97	 -12.18	   3.55
	 -0.556	  0.472	 -0.685
	 -0.342	  0.622	  0.704
	  0.760	  0.623	 -0.185

2 	  33.36	  -8.26	  22.75
	  0.562	  0.825	 -0.044
	 -0.827	  0.561	 -0.031
	  0.000	  0.054	  0.998

3 	  39.09	   0.88	  -2.51
	  0.315	 -0.143	 -0.938
	  0.067	  0.989	 -0.128
	  0.947	 -0.023	  0.321

4 	  43.88	   7.22	  -5.61
	  0.700	  0.664	  0.261
	 -0.702	  0.573	  0.422
	  0.130	 -0.479	  0.868

5 	  58.50	  13.59	   4.50
	  0.979	 -0.033	  0.201
	 -0.113	  0.732	  0.671
	 -0.170	 -0.681	  0.712

6 	  47.94	  12.34	   2.39
	 -0.648	 -0.417	 -0.637
	  0.297	  0.635	 -0.714
	  0.704	 -0.648	 -0.289

7 	  43.31	  -6.52	  -5.73
	  0.713	 -0.701	  0.018
	  0.612	  0.609	 -0.505
	  0.343	  0.371	  0.863

8 	  57.45	 -13.29	   2.51
	  0.991	  0.130	  0.034
	 -0.077	  0.753	 -0.653
	 -0.112	  0.647	  0.754

9 	  46.71	 -12.69	   2.13
	 -0.674	  0.541	 -0.503
	 -0.173	  0.547	  0.819
	  0.720	  0.637	 -0.276

2 	  33.36	  -8.26	  22.76
	  0.562	  0.826	 -0.045
	 -0.827	  0.561	 -0.031
	  0.000	  0.054	  0.998

3 	  38.94	   0.79	  -2.46
	  0.301	 -0.143	 -0.943
	  0.052	  0.990	 -0.134
	  0.952	 -0.009	  0.306

4 	  43.47	   6.91	  -5.89
	  0.723	  0.668	  0.178
	 -0.663	  0.597	  0.451
	  0.195	 -0.444	  0.874

5 	  59.08	  13.27	   0.25
	  0.997	 -0.064	 -0.027
	  0.068	  0.781	  0.621
	 -0.019	 -0.623	  0.782

6 	  48.46	  12.46	   0.83
	 -0.749	 -0.450	 -0.487
	  0.177	  0.573	 -0.800
	  0.641	 -0.682	 -0.351

7 	  42.80	  -6.40	  -5.85
	  0.694	 -0.718	 -0.051
	  0.596	  0.610	 -0.522
	  0.407	  0.331	  0.851

8 	  57.16	 -13.55	  -1.07
	  0.970	  0.156	 -0.186
	 -0.239	  0.750	 -0.617
	  0.042	  0.644	  0.764

9 	  46.55	 -12.85	   1.42
	 -0.685	  0.597	 -0.417
	 -0.042	  0.540	  0.840
	  0.727	  0.592	 -0.346

2 	  33.35	  -8.26	  22.75
	  0.562	  0.826	 -0.045
	 -0.827	  0.561	 -0.031
	  0.000	  0.054	  0.998

3 	  38.78	   0.83	  -2.39
	  0.280	 -0.139	 -0.950
	  0.048	  0.990	 -0.130
	  0.959	 -0.010	  0.284

4 	  43.07	   6.80	  -5.99
	  0.726	  0.674	  0.132
	 -0.646	  0.603	  0.469
	  0.237	 -0.426	  0.873

5 	  58.90	  13.10	  -2.16
	  0.984	 -0.094	 -0.150
	  0.163	  0.814	  0.557
	  0.069	 -0.574	  0.816

6 	  48.41	  12.53	   0.04
	 -0.785	 -0.468	 -0.406
	  0.115	  0.535	 -0.837
	  0.610	 -0.702	 -0.367

7 	  42.42	  -6.22	  -5.96
	  0.674	 -0.731	 -0.107
	  0.583	  0.615	 -0.530
	  0.455	  0.295	  0.840

8 	  56.64	 -13.69	  -3.53
	  0.935	  0.170	 -0.312
	 -0.322	  0.779	 -0.538
	  0.152	  0.603	  0.783

9 	  46.35	 -13.11	   0.26
	 -0.675	  0.667	 -0.315
	  0.071	  0.484	  0.872
	  0.734	  0.566	 -0.375

2 	  33.36	  -8.26	  22.76
	  0.562	  0.826	 -0.045
	 -0.827	  0.561	 -0.031
	  0.000	  0.054	  0.998

3 	  38.71	   0.90	  -2.32
	  0.264	 -0.132	 -0.955
	  0.054	  0.991	 -0.122
	  0.963	 -0.019	  0.268

4 	  42.84	   6.79	  -6.05
	  0.727	  0.679	  0.104
	 -0.633	  0.603	  0.485
	  0.267	 -0.419	  0.867

5 	  58.55	  13.03	  -4.15
	  0.962	 -0.115	 -0.249
	  0.228	  0.839	  0.494
	  0.153	 -0.532	  0.833

6 	  48.38	  12.64	  -0.86
	 -0.807	 -0.497	 -0.318
	  0.040	  0.493	 -0.869
	  0.590	 -0.713	 -0.379

7 	  42.06	  -6.03	  -6.13
	  0.655	 -0.734	 -0.181
	  0.559	  0.630	 -0.540
	  0.512	  0.252	  0.821

8 	  56.09	 -13.55	  -6.54
	  0.883	  0.206	 -0.422
	 -0.383	  0.837	 -0.390
	  0.275	  0.504	  0.818

9 	  46.32	 -13.32	  -1.16
	 -0.691	  0.701	 -0.175
	  0.183	  0.404	  0.896
	  0.699	  0.587	 -0.407

2 	  33.36	  -8.24	  22.76
	  0.562	  0.825	 -0.044
	 -0.827	  0.561	 -0.031
	  0.000	  0.054	  0.998

3 	  38.60	   0.84	  -2.23
	  0.244	 -0.131	 -0.961
	  0.060	  0.991	 -0.120
	  0.968	 -0.028	  0.249

4 	  42.45	   6.59	  -6.15
	  0.725	  0.686	  0.059
	 -0.618	  0.608	  0.498
	  0.307	 -0.398	  0.864

5 	  57.92	  12.78	  -6.49
	  0.921	 -0.146	 -0.360
	  0.299	  0.861	  0.412
	  0.252	 -0.485	  0.837

6 	  48.18	  12.69	  -1.86
	 -0.829	 -0.519	 -0.210
	 -0.048	  0.440	 -0.897
	  0.558	 -0.732	 -0.391

7 	  41.68	  -5.99	  -6.22
	  0.637	 -0.729	 -0.251
	  0.522	  0.646	 -0.556
	  0.569	  0.224	  0.791

8 	  55.34	 -13.11	  -9.40
	  0.806	  0.249	 -0.537
	 -0.434	  0.866	 -0.247
	  0.408	  0.429	  0.806

9 	  46.42	 -13.39	  -2.37
	 -0.714	  0.698	 -0.048
	  0.276	  0.343	  0.898
	  0.644	  0.628	 -0.437

2 	  33.36	  -8.26	  22.76
	  0.563	  0.825	 -0.044
	 -0.827	  0.561	 -0.031
	  0.000	  0.054	  0.998

3 	  38.50	   0.81	  -2.14
	  0.230	 -0.130	 -0.964
	  0.058	  0.991	 -0.120
	  0.971	 -0.029	  0.236

4 	  42.12	   6.47	  -6.22
	  0.721	  0.693	  0.015
	 -0.600	  0.612	  0.514
	  0.349	 -0.380	  0.856

5 	  57.16	  12.20	  -8.75
	  0.864	 -0.199	 -0.462
	  0.373	  0.871	  0.318
	  0.344	 -0.445	  0.827

6 	  48.04	  12.64	  -2.94
	 -0.851	 -0.518	 -0.089
	 -0.140	  0.386	 -0.912
	  0.507	 -0.763	 -0.401

7 	  41.45	  -5.91	  -6.26
	  0.621	 -0.720	 -0.312
	  0.487	  0.664	 -0.567
	  0.617	  0.201	  0.761

8 	  54.49	 -12.16	 -11.60
	  0.708	  0.326	 -0.626
	 -0.493	  0.864	 -0.104
	  0.512	  0.380	  0.770

9 	  46.51	 -13.29	  -3.27
	 -0.720	  0.692	  0.046
	  0.346	  0.300	  0.889
	  0.602	  0.656	 -0.455

2 	  33.36	  -8.26	  22.76
	  0.562	  0.825	 -0.044
	 -0.827	  0.561	 -0.031
	  0.000	  0.054	  0.998

3 	  38.44	   0.77	  -2.06
	  0.222	 -0.124	 -0.967
	  0.061	  0.991	 -0.114
	  0.973	 -0.034	  0.228

4 	  41.77	   6.35	  -6.31
	  0.708	  0.704	 -0.049
	 -0.576	  0.615	  0.537
	  0.410	 -0.353	  0.841

5 	  56.20	  11.74	 -10.97
	  0.794	 -0.237	 -0.559
	  0.429	  0.872	  0.237
	  0.437	 -0.424	  0.793

6 	  47.81	  12.64	  -3.87
	 -0.858	 -0.514	  0.021
	 -0.232	  0.349	 -0.908
	  0.460	 -0.783	 -0.418

7 	  41.17	  -5.89	  -6.28
	  0.597	 -0.719	 -0.356
	  0.462	  0.670	 -0.580
	  0.657	  0.182	  0.731

8 	  53.58	 -11.55	 -13.15
	  0.634	  0.370	 -0.679
	 -0.501	  0.865	  0.007
	  0.596	  0.333	  0.730

9 	  46.32	 -13.22	  -4.11
	 -0.723	  0.675	  0.142
	  0.417	  0.263	  0.870
	  0.551	  0.688	 -0.471

2 	  33.36	  -8.26	  22.75
	  0.562	  0.825	 -0.044
	 -0.827	  0.561	 -0.031
	  0.000	  0.054	  0.998

3 	  38.34	   0.72	  -1.95
	  0.215	 -0.124	 -0.969
	  0.059	  0.992	 -0.114
	  0.974	 -0.033	  0.221

4 	  41.40	   6.24	  -6.33
	  0.693	  0.714	 -0.098
	 -0.556	  0.614	  0.559
	  0.462	 -0.333	  0.822

5 	  55.37	  11.62	 -12.41
	  0.748	 -0.243	 -0.618
	  0.437	  0.882	  0.179
	  0.507	 -0.398	  0.763

6 	  47.46	  12.59	  -4.54
	 -0.846	 -0.525	  0.093
	 -0.301	  0.325	 -0.897
	  0.441	 -0.787	 -0.432

7 	  40.89	  -5.85	  -6.35
	  0.573	 -0.717	 -0.398
	  0.442	  0.677	 -0.588
	  0.692	  0.161	  0.703

8 	  52.82	 -11.16	 -14.54
	  0.588	  0.381	 -0.714
	 -0.467	  0.880	  0.090
	  0.667	  0.278	  0.691

9 	  46.12	 -13.17	  -4.99
	 -0.707	  0.668	  0.232
	  0.480	  0.212	  0.851
	  0.521	  0.712	 -0.470

2 	  33.36	  -8.24	  22.76
	  0.562	  0.826	 -0.045
	 -0.827	  0.561	 -0.031
	  0.000	  0.054	  0.998

3 	  38.29	   0.67	  -1.88
	  0.210	 -0.125	 -0.970
	  0.056	  0.992	 -0.115
	  0.976	 -0.030	  0.216

4 	  41.17	   6.12	  -6.42
	  0.686	  0.716	 -0.130
	 -0.537	  0.617	  0.575
	  0.494	 -0.325	  0.806

5 	  54.58	  11.44	 -13.66
	  0.707	 -0.248	 -0.663
	  0.436	  0.891	  0.126
	  0.565	 -0.373	  0.735

6 	  47.18	  12.50	  -5.22
	 -0.831	 -0.532	  0.160
	 -0.359	  0.294	 -0.886
	  0.425	 -0.794	 -0.434

7 	  40.73	  -5.84	  -6.36
	  0.553	 -0.717	 -0.425
	  0.424	  0.680	 -0.597
	  0.718	  0.151	  0.679

8 	  52.14	 -11.04	 -15.61
	  0.544	  0.372	 -0.752
	 -0.442	  0.888	  0.126
	  0.719	  0.261	  0.643

9 	  46.02	 -13.10	  -5.43
	 -0.694	  0.662	  0.284
	  0.523	  0.192	  0.830
	  0.496	  0.724	 -0.478

2 	  33.36	  -8.24	  22.76
	  0.562	  0.826	 -0.045
	 -0.827	  0.561	 -0.031
	  0.000	  0.054	  0.998

3 	  38.20	   0.63	  -1.81
	  0.203	 -0.128	 -0.971
	  0.056	  0.991	 -0.119
	  0.977	 -0.031	  0.208

4 	  40.92	   6.01	  -6.43
	  0.678	  0.719	 -0.152
	 -0.524	  0.617	  0.587
	  0.517	 -0.319	  0.794

5 	  54.16	  11.37	 -14.22
	  0.689	 -0.246	 -0.682
	  0.432	  0.896	  0.107
	  0.590	 -0.363	  0.720

6 	  46.92	  12.46	  -5.48
	 -0.820	 -0.542	  0.183
	 -0.385	  0.285	 -0.877
	  0.424	 -0.790	 -0.442

7 	  40.55	  -5.85	  -6.36
	  0.540	 -0.718	 -0.439
	  0.411	  0.679	 -0.609
	  0.735	  0.148	  0.661

8 	  51.68	 -10.97	 -16.07
	  0.519	  0.371	 -0.770
	 -0.443	  0.886	  0.134
	  0.736	  0.269	  0.620

9 	  45.83	 -13.08	  -5.77
	 -0.683	  0.660	  0.314
	  0.553	  0.184	  0.813
	  0.480	  0.728	 -0.489

2 	  33.35	  -8.24	  22.76
	  0.562	  0.826	 -0.044
	 -0.827	  0.561	 -0.031
	 -0.000	  0.054	  0.998

3 	  38.14	   0.63	  -1.78
	  0.195	 -0.127	 -0.972
	  0.060	  0.991	 -0.117
	  0.979	 -0.036	  0.201

4 	  40.78	   6.01	  -6.43
	  0.673	  0.720	 -0.169
	 -0.510	  0.615	  0.601
	  0.538	 -0.318	  0.780

5 	  53.75	  11.37	 -14.66
	  0.668	 -0.246	 -0.703
	  0.442	  0.891	  0.103
	  0.607	 -0.374	  0.700

6 	  46.78	  12.46	  -5.66
	 -0.815	 -0.544	  0.200
	 -0.404	  0.283	 -0.870
	  0.417	 -0.790	 -0.449

7 	  40.39	  -5.73	  -6.42
	  0.530	 -0.715	 -0.455
	  0.398	  0.682	 -0.613
	  0.749	  0.144	  0.646

8 	  51.12	 -10.74	 -16.63
	  0.485	  0.380	 -0.788
	 -0.452	  0.879	  0.151
	  0.754	  0.280	  0.594

9 	  45.67	 -12.97	  -6.06
	 -0.673	  0.654	  0.345
	  0.577	  0.173	  0.798
	  0.463	  0.736	 -0.493

2 	  33.35	  -8.26	  22.75
	  0.562	  0.826	 -0.044
	 -0.827	  0.561	 -0.031
	 -0.000	  0.054	  0.998

3 	  38.09	   0.69	  -1.72
	  0.189	 -0.123	 -0.974
	  0.063	  0.991	 -0.113
	  0.980	 -0.041	  0.195

4 	  40.62	   6.05	  -6.40
	  0.667	  0.723	 -0.178
	 -0.502	  0.612	  0.610
	  0.552	 -0.319	  0.771

5 	  53.47	  11.46	 -14.80
	  0.654	 -0.247	 -0.716
	  0.458	  0.882	  0.109
	  0.611	 -0.394	  0.686

6 	  46.63	  12.53	  -5.66
	 -0.812	 -0.543	  0.211
	 -0.415	  0.284	 -0.864
	  0.410	 -0.790	 -0.455

7 	  40.24	  -5.66	  -6.40
	  0.520	 -0.718	 -0.464
	  0.390	  0.681	 -0.619
	  0.761	  0.140	  0.633

8 	  50.71	 -10.71	 -16.91
	  0.464	  0.381	 -0.800
	 -0.454	  0.877	  0.159
	  0.766	  0.287	  0.575

9 	  45.47	 -12.94	  -6.19
	 -0.659	  0.659	  0.361
	  0.596	  0.164	  0.785
	  0.460	  0.733	 -0.501

2 	  33.35	  -8.24	  22.75
	  0.562	  0.826	 -0.045
	 -0.827	  0.561	 -0.031
	  0.000	  0.054	  0.998

3 	  38.02	   0.72	  -1.69
	  0.182	 -0.123	 -0.975
	  0.066	  0.991	 -0.113
	  0.981	 -0.044	  0.189

4 	  40.52	   6.05	  -6.38
	  0.663	  0.725	 -0.185
	 -0.499	  0.610	  0.615
	  0.561	 -0.316	  0.765

5 	  53.23	  11.46	 -14.96
	  0.641	 -0.253	 -0.725
	  0.466	  0.879	  0.100
	  0.618	 -0.398	  0.677

6 	  46.49	  12.57	  -5.73
	 -0.811	 -0.540	  0.225
	 -0.424	  0.277	 -0.862
	  0.404	 -0.795	 -0.453

7 	  40.15	  -5.66	  -6.38
	  0.512	 -0.721	 -0.467
	  0.386	  0.678	 -0.625
	  0.768	  0.140	  0.624

8 	  50.41	 -10.78	 -17.03
	  0.450	  0.378	 -0.809
	 -0.454	  0.876	  0.162
	  0.774	  0.292	  0.562

9 	  45.35	 -12.96	  -6.21
	 -0.649	  0.666	  0.367
	  0.608	  0.164	  0.777
	  0.459	  0.727	 -0.510

2 	  33.35	  -8.26	  22.75
	  0.562	  0.826	 -0.045
	 -0.827	  0.561	 -0.031
	  0.000	  0.054	  0.998

3 	  38.00	   0.72	  -1.67
	  0.177	 -0.124	 -0.976
	  0.068	  0.991	 -0.114
	  0.982	 -0.047	  0.184

4 	  40.43	   6.06	  -6.35
	  0.658	  0.728	 -0.192
	 -0.493	  0.608	  0.621
	  0.571	 -0.315	  0.758

5 	  53.07	  11.48	 -15.13
	  0.634	 -0.253	 -0.731
	  0.465	  0.881	  0.093
	  0.626	 -0.394	  0.672

6 	  46.37	  12.57	  -5.87
	 -0.796	 -0.560	  0.231
	 -0.441	  0.272	 -0.855
	  0.416	 -0.783	 -0.463

7 	  40.13	  -5.62	  -6.40
	  0.509	 -0.721	 -0.470
	  0.384	  0.678	 -0.627
	  0.771	  0.138	  0.621

8 	  50.29	 -10.72	 -17.21
	  0.446	  0.374	 -0.813
	 -0.451	  0.878	  0.161
	  0.777	  0.293	  0.556

9 	  45.35	 -12.88	  -6.31
	 -0.644	  0.667	  0.374
	  0.619	  0.165	  0.768
	  0.452	  0.726	 -0.518

2 	  33.35	  -8.26	  22.75
	  0.562	  0.826	 -0.044
	 -0.827	  0.561	 -0.031
	 -0.000	  0.054	  0.998

3 	  38.00	   0.72	  -1.67
	  0.173	 -0.126	 -0.977
	  0.069	  0.991	 -0.115
	  0.982	 -0.048	  0.181

4 	  40.32	   6.01	  -6.38
	  0.649	  0.733	 -0.205
	 -0.488	  0.606	  0.628
	  0.586	 -0.308	  0.749

5 	  52.72	  11.55	 -15.49
	  0.626	 -0.238	 -0.743
	  0.450	  0.889	  0.089
	  0.645	 -0.385	  0.659

6 	  46.23	  12.52	  -6.05
	 -0.786	 -0.568	  0.246
	 -0.460	  0.268	 -0.847
	  0.415	 -0.778	 -0.471

7 	  40.11	  -5.62	  -6.40
	  0.509	 -0.719	 -0.473
	  0.380	  0.680	 -0.627
	  0.773	  0.139	  0.618

8 	  50.22	 -10.62	 -17.47
	  0.435	  0.369	 -0.822
	 -0.466	  0.872	  0.150
	  0.775	  0.316	  0.546

9 	  45.49	 -12.73	  -6.50
	 -0.656	  0.645	  0.392
	  0.628	  0.176	  0.758
	  0.421	  0.743	 -0.520

2 	  33.35	  -8.26	  22.75
	  0.562	  0.825	 -0.044
	 -0.827	  0.561	 -0.031
	  0.000	  0.054	  0.998

3 	  37.99	   0.72	  -1.65
	  0.167	 -0.132	 -0.977
	  0.077	  0.990	 -0.121
	  0.983	 -0.055	  0.176

4 	  40.27	   5.94	  -6.42
	  0.655	  0.719	 -0.231
	 -0.456	  0.618	  0.640
	  0.605	 -0.315	  0.731

5 	  52.45	  11.30	 -16.15
	  0.603	 -0.233	 -0.763
	  0.452	  0.888	  0.080
	  0.665	 -0.389	  0.637

6 	  46.34	  12.18	  -6.57
	 -0.791	 -0.540	  0.288
	 -0.491	  0.276	 -0.826
	  0.367	 -0.795	 -0.483

7 	  40.06	  -5.62	  -6.42
	  0.513	 -0.712	 -0.479
	  0.374	  0.688	 -0.622
	  0.773	  0.140	  0.619

8 	  50.17	 -10.02	 -18.14
	  0.389	  0.378	 -0.840
	 -0.540	  0.832	  0.128
	  0.750	  0.403	  0.523

9 	  45.77	 -12.38	  -6.84
	 -0.680	  0.598	  0.423
	  0.636	  0.193	  0.747
	  0.366	  0.778	 -0.511

2 	  33.35	  -8.26	  22.75
	  0.562	  0.825	 -0.044
	 -0.827	  0.561	 -0.031
	  0.000	  0.054	  0.998

3 	  37.97	   0.74	  -1.65
	  0.159	 -0.135	 -0.978
	  0.091	  0.988	 -0.122
	  0.983	 -0.070	  0.170

4 	  40.22	   5.92	  -6.47
	  0.663	  0.706	 -0.250
	 -0.428	  0.629	  0.648
	  0.616	 -0.323	  0.718

5 	  52.38	  11.02	 -16.75
	  0.587	 -0.217	 -0.780
	  0.462	  0.882	  0.096
	  0.672	 -0.412	  0.614

6 	  46.42	  11.94	  -6.84
	 -0.802	 -0.515	  0.302
	 -0.498	  0.297	 -0.815
	  0.331	 -0.804	 -0.494

7 	  39.94	  -5.62	  -6.40
	  0.514	 -0.706	 -0.487
	  0.367	  0.693	 -0.620
	  0.776	  0.140	  0.615

8 	  50.10	  -9.95	 -18.53
	  0.377	  0.348	 -0.858
	 -0.555	  0.826	  0.095
	  0.746	  0.439	  0.500

9 	  45.84	 -12.16	  -7.08
	 -0.691	  0.566	  0.449
	  0.648	  0.208	  0.733
	  0.322	  0.797	 -0.510

2 	  33.36	  -8.26	  22.75
	  0.562	  0.825	 -0.044
	 -0.827	  0.561	 -0.031
	  0.000	  0.054	  0.998

3 	  37.92	   0.70	  -1.62
	  0.151	 -0.143	 -0.978
	  0.098	  0.987	 -0.129
	  0.983	 -0.077	  0.163

4 	  40.15	   5.84	  -6.50
	  0.665	  0.700	 -0.259
	 -0.418	  0.635	  0.648
	  0.620	 -0.323	  0.714

5 	  52.33	  10.93	 -16.88
	  0.584	 -0.211	 -0.784
	  0.462	  0.881	  0.102
	  0.675	 -0.417	  0.608

6 	  46.35	  11.81	  -6.94
	 -0.804	 -0.511	  0.305
	 -0.498	  0.297	 -0.815
	  0.327	 -0.807	 -0.492

7 	  39.80	  -5.68	  -6.36
	  0.508	 -0.704	 -0.495
	  0.362	  0.695	 -0.621
	  0.782	  0.136	  0.607

8 	  49.96	  -9.74	 -18.70
	  0.367	  0.355	 -0.860
	 -0.550	  0.828	  0.112
	  0.755	  0.430	  0.495

9 	  45.77	 -12.15	  -7.22
	 -0.695	  0.550	  0.463
	  0.649	  0.202	  0.733
	  0.311	  0.810	 -0.497

2 	  33.36	  -8.26	  22.76
	  0.562	  0.825	 -0.044
	 -0.827	  0.561	 -0.031
	  0.000	  0.054	  0.998

3 	  37.83	   0.67	  -1.60
	  0.143	 -0.149	 -0.979
	  0.100	  0.986	 -0.135
	  0.984	 -0.079	  0.156

4 	  40.04	   5.78	  -6.49
	  0.662	  0.702	 -0.261
	 -0.421	  0.635	  0.647
	  0.621	 -0.320	  0.715

5 	  52.33	  10.92	 -16.82
	  0.587	 -0.209	 -0.783
	  0.461	  0.881	  0.105
	  0.674	 -0.417	  0.609

6 	  46.30	  11.78	  -6.84
	 -0.805	 -0.517	  0.291
	 -0.487	  0.295	 -0.822
	  0.339	 -0.804	 -0.489

7 	  39.73	  -5.68	  -6.36
	  0.508	 -0.701	 -0.501
	  0.359	  0.700	 -0.617
	  0.784	  0.133	  0.606

8 	  50.03	  -9.47	 -18.74
	  0.385	  0.363	 -0.848
	 -0.538	  0.835	  0.117
	  0.754	  0.409	  0.513

9 	  45.70	 -12.02	  -7.35
	 -0.692	  0.556	  0.459
	  0.642	  0.184	  0.744
	  0.330	  0.810	 -0.484

2 	  33.35	  -8.26	  22.75
	  0.562	  0.826	 -0.045
	 -0.827	  0.561	 -0.031
	  0.000	  0.054	  0.998

3 	  37.81	   0.67	  -1.60
	  0.141	 -0.147	 -0.979
	  0.100	  0.986	 -0.134
	  0.985	 -0.079	  0.154

4 	  40.06	   5.80	  -6.49
	  0.659	  0.706	 -0.258
	 -0.425	  0.632	  0.648
	  0.622	 -0.318	  0.716

5 	  52.31	  10.95	 -16.73
	  0.588	 -0.207	 -0.782
	  0.461	  0.881	  0.108
	  0.672	 -0.419	  0.610

6 	  46.28	  11.83	  -6.79
	 -0.801	 -0.526	  0.285
	 -0.484	  0.289	 -0.826
	  0.353	 -0.800	 -0.485

7 	  39.74	  -5.64	  -6.36
	  0.509	 -0.697	 -0.506
	  0.358	  0.704	 -0.612
	  0.783	  0.131	  0.607

8 	  50.04	  -9.44	 -18.79
	  0.385	  0.363	 -0.849
	 -0.536	  0.836	  0.119
	  0.756	  0.407	  0.512

9 	  45.74	 -11.99	  -7.38
	 -0.691	  0.556	  0.460
	  0.643	  0.182	  0.744
	  0.332	  0.810	 -0.483

2 	  33.36	  -8.26	  22.75
	  0.563	  0.825	 -0.044
	 -0.827	  0.561	 -0.031
	  0.000	  0.054	  0.998

3 	  37.81	   0.69	  -1.58
	  0.142	 -0.146	 -0.979
	  0.096	  0.986	 -0.133
	  0.985	 -0.076	  0.154

4 	  40.04	   5.85	  -6.47
	  0.655	  0.711	 -0.257
	 -0.432	  0.628	  0.646
	  0.622	 -0.313	  0.717

5 	  52.31	  11.06	 -16.65
	  0.590	 -0.206	 -0.781
	  0.462	  0.880	  0.112
	  0.669	 -0.422	  0.610

6 	  46.21	  11.94	  -6.71
	 -0.797	 -0.536	  0.278
	 -0.480	  0.284	 -0.830
	  0.367	 -0.795	 -0.482

7 	  39.76	  -5.62	  -6.38
	  0.509	 -0.696	 -0.507
	  0.358	  0.706	 -0.611
	  0.784	  0.129	  0.607

8 	  50.01	  -9.40	 -18.79
	  0.377	  0.369	 -0.850
	 -0.535	  0.835	  0.129
	  0.760	  0.404	  0.508

9 	  45.74	 -11.99	  -7.40
	 -0.690	  0.557	  0.462
	  0.644	  0.179	  0.744
	  0.333	  0.811	 -0.481

2 	  33.35	  -8.26	  22.75
	  0.563	  0.825	 -0.044
	 -0.827	  0.561	 -0.031
	  0.000	  0.054	  0.998

3 	  37.85	   0.69	  -1.60
	  0.142	 -0.145	 -0.979
	  0.093	  0.987	 -0.133
	  0.985	 -0.073	  0.153

4 	  40.06	   5.85	  -6.47
	  0.651	  0.715	 -0.256
	 -0.437	  0.626	  0.645
	  0.622	 -0.309	  0.719

5 	  52.31	  11.13	 -16.58
	  0.592	 -0.206	 -0.780
	  0.463	  0.879	  0.115
	  0.667	 -0.424	  0.612

6 	  46.20	  11.97	  -6.70
	 -0.796	 -0.540	  0.273
	 -0.477	  0.281	 -0.832
	  0.374	 -0.793	 -0.481

7 	  39.80	  -5.62	  -6.38
	  0.509	 -0.695	 -0.508
	  0.358	  0.706	 -0.611
	  0.784	  0.129	  0.607

8 	  49.99	  -9.32	 -18.76
	  0.370	  0.381	 -0.847
	 -0.542	  0.829	  0.141
	  0.759	  0.405	  0.508

9 	  45.77	 -12.02	  -7.37
	 -0.691	  0.556	  0.461
	  0.642	  0.179	  0.746
	  0.333	  0.811	 -0.480

2 	  33.35	  -8.24	  22.75
	  0.562	  0.826	 -0.045
	 -0.828	  0.560	 -0.031
	  0.000	  0.055	  0.998

3 	  37.85	   0.69	  -1.58
	  0.141	 -0.146	 -0.979
	  0.089	  0.987	 -0.134
	  0.986	 -0.068	  0.152

4 	  40.06	   5.85	  -6.47
	  0.650	  0.716	 -0.255
	 -0.439	  0.626	  0.645
	  0.622	 -0.307	  0.720

5 	  52.33	  11.16	 -16.54
	  0.594	 -0.205	 -0.778
	  0.463	  0.878	  0.117
	  0.665	 -0.425	  0.613

6 	  46.20	  11.99	  -6.64
	 -0.796	 -0.543	  0.268
	 -0.473	  0.281	 -0.835
	  0.378	 -0.792	 -0.480

7 	  39.80	  -5.64	  -6.40
	  0.511	 -0.694	 -0.507
	  0.354	  0.706	 -0.613
	  0.784	  0.134	  0.606

8 	  50.04	  -9.30	 -18.70
	  0.369	  0.385	 -0.846
	 -0.546	  0.825	  0.142
	  0.756	  0.408	  0.510

9 	  45.81	 -12.04	  -7.29
	 -0.693	  0.557	  0.456
	  0.638	  0.181	  0.748
	  0.336	  0.810	 -0.481

2 	  33.35	  -8.26	  22.75
	  0.562	  0.826	 -0.044
	 -0.827	  0.561	 -0.031
	 -0.000	  0.054	  0.998

3 	  37.86	   0.67	  -1.58
	  0.140	 -0.146	 -0.979
	  0.088	  0.987	 -0.134
	  0.986	 -0.068	  0.151

4 	  40.04	   5.85	  -6.45
	  0.649	  0.717	 -0.254
	 -0.441	  0.625	  0.644
	  0.621	 -0.307	  0.721

5 	  52.37	  11.21	 -16.45
	  0.597	 -0.203	 -0.776
	  0.462	  0.878	  0.121
	  0.663	 -0.426	  0.615

6 	  46.20	  11.99	  -6.61
	 -0.796	 -0.545	  0.264
	 -0.471	  0.281	 -0.836
	  0.382	 -0.790	 -0.479

7 	  39.81	  -5.66	  -6.38
	  0.512	 -0.695	 -0.505
	  0.354	  0.705	 -0.614
	  0.783	  0.135	  0.606

8 	  50.08	  -9.32	 -18.67
	  0.369	  0.385	 -0.846
	 -0.548	  0.824	  0.140
	  0.755	  0.410	  0.511

9 	  45.84	 -12.04	  -7.28
	 -0.694	  0.558	  0.454
	  0.637	  0.182	  0.749
	  0.337	  0.809	 -0.481

2 	  33.35	  -8.26	  22.75
	  0.563	  0.825	 -0.044
	 -0.827	  0.561	 -0.031
	 -0.000	  0.054	  0.998

3 	  37.86	   0.67	  -1.58
	  0.138	 -0.146	 -0.980
	  0.088	  0.987	 -0.135
	  0.986	 -0.068	  0.149

4 	  40.04	   5.85	  -6.45
	  0.649	  0.717	 -0.253
	 -0.440	  0.625	  0.645
	  0.622	 -0.308	  0.720

5 	  52.37	  11.23	 -16.42
	  0.598	 -0.202	 -0.776
	  0.462	  0.878	  0.122
	  0.662	 -0.427	  0.615

6 	  46.18	  11.99	  -6.61
	 -0.795	 -0.546	  0.264
	 -0.471	  0.280	 -0.836
	  0.383	 -0.790	 -0.479

7 	  39.81	  -5.66	  -6.36
	  0.512	 -0.695	 -0.504
	  0.353	  0.705	 -0.615
	  0.784	  0.137	  0.606

8 	  50.08	  -9.35	 -18.63
	  0.369	  0.384	 -0.847
	 -0.549	  0.824	  0.138
	  0.754	  0.412	  0.510

9 	  45.83	 -12.06	  -7.22
	 -0.693	  0.562	  0.451
	  0.636	  0.184	  0.749
	  0.339	  0.806	 -0.485

2 	  33.36	  -8.26	  22.76
	  0.563	  0.825	 -0.044
	 -0.827	  0.561	 -0.031
	  0.000	  0.054	  0.998

3 	  37.86	   0.65	  -1.58
	  0.137	 -0.147	 -0.979
	  0.089	  0.987	 -0.136
	  0.986	 -0.068	  0.148

4 	  40.04	   5.84	  -6.45
	  0.650	  0.717	 -0.253
	 -0.440	  0.624	  0.645
	  0.622	 -0.309	  0.720

5 	  52.35	  11.23	 -16.38
	  0.598	 -0.203	 -0.776
	  0.463	  0.878	  0.122
	  0.662	 -0.427	  0.615

6 	  46.18	  11.99	  -6.59
	 -0.795	 -0.547	  0.264
	 -0.471	  0.281	 -0.836
	  0.384	 -0.789	 -0.480

7 	  39.81	  -5.66	  -6.33
	  0.510	 -0.698	 -0.503
	  0.356	  0.702	 -0.616
	  0.784	  0.135	  0.605

8 	  50.04	  -9.40	 -18.60
	  0.367	  0.382	 -0.848
	 -0.549	  0.824	  0.138
	  0.755	  0.414	  0.508

9 	  45.79	 -12.08	  -7.19
	 -0.692	  0.565	  0.449
	  0.637	  0.184	  0.748
	  0.340	  0.804	 -0.487

2 	  33.35	  -8.24	  22.76
	  0.562	  0.825	 -0.044
	 -0.827	  0.561	 -0.031
	  0.000	  0.054	  0.998

3 	  37.86	   0.67	  -1.58
	  0.136	 -0.147	 -0.980
	  0.088	  0.987	 -0.136
	  0.987	 -0.068	  0.147

4 	  40.03	   5.84	  -6.45
	  0.648	  0.719	 -0.251
	 -0.442	  0.622	  0.646
	  0.622	 -0.308	  0.719

5 	  52.33	  11.27	 -16.37
	  0.598	 -0.203	 -0.775
	  0.463	  0.878	  0.123
	  0.661	 -0.428	  0.615

6 	  46.11	  12.04	  -6.49
	 -0.794	 -0.554	  0.250
	 -0.463	  0.284	 -0.840
	  0.395	 -0.783	 -0.481

7 	  39.78	  -5.70	  -6.29
	  0.516	 -0.699	 -0.494
	  0.358	  0.699	 -0.619
	  0.779	  0.142	  0.611

8 	  50.26	  -9.53	 -18.28
	  0.379	  0.380	 -0.844
	 -0.559	  0.820	  0.123
	  0.742	  0.423	  0.519

9 	  45.84	 -12.16	  -6.73
	 -0.713	  0.574	  0.403
	  0.604	  0.209	  0.769
	  0.358	  0.791	 -0.495

2 	  33.36	  -8.24	  22.76
	  0.562	  0.825	 -0.044
	 -0.827	  0.561	 -0.031
	  0.000	  0.054	  0.998

3 	  37.76	   0.67	  -1.56
	  0.130	 -0.153	 -0.980
	  0.089	  0.986	 -0.142
	  0.987	 -0.069	  0.142

4 	  40.04	   5.91	  -6.38
	  0.649	  0.728	 -0.220
	 -0.467	  0.609	  0.640
	  0.602	 -0.313	  0.734

5 	  53.68	  12.32	 -13.97
	  0.702	 -0.139	 -0.699
	  0.416	  0.878	  0.238
	  0.586	 -0.453	  0.672

6 	  46.34	  12.27	  -4.92
	 -0.817	 -0.571	  0.080
	 -0.338	  0.362	 -0.868
	  0.468	 -0.736	 -0.488

7 	  39.81	  -5.92	  -6.17
	  0.537	 -0.717	 -0.445
	  0.388	  0.677	 -0.625
	  0.750	  0.163	  0.641

8 	  52.26	 -10.46	 -15.63
	  0.521	  0.355	 -0.777
	 -0.585	  0.811	 -0.018
	  0.628	  0.461	  0.626

9 	  46.04	 -12.53	  -4.83
	 -0.763	  0.614	  0.200
	  0.457	  0.294	  0.839
	  0.458	  0.732	 -0.505

2 	  33.36	  -8.26	  22.75
	  0.562	  0.825	 -0.044
	 -0.827	  0.561	 -0.031
	  0.000	  0.054	  0.998

3 	  37.65	   0.62	  -1.58
	  0.132	 -0.155	 -0.979
	  0.082	  0.986	 -0.145
	  0.988	 -0.061	  0.142

4 	  40.18	   6.12	  -6.17
	  0.655	  0.742	 -0.142
	 -0.507	  0.569	  0.647
	  0.562	 -0.352	  0.748

5 	  55.85	  13.20	  -8.37
	  0.875	 -0.081	 -0.478
	  0.323	  0.833	  0.448
	  0.365	 -0.544	  0.755

6 	  46.49	  12.32	  -1.88
	 -0.821	 -0.524	 -0.227
	 -0.076	  0.494	 -0.866
	  0.566	 -0.693	 -0.446

7 	  40.18	  -6.29	  -6.01
	  0.589	 -0.738	 -0.330
	  0.440	  0.634	 -0.635
	  0.679	  0.228	  0.698

8 	  55.12	 -11.64	  -9.46
	  0.753	  0.309	 -0.580
	 -0.555	  0.774	 -0.305
	  0.358	  0.550	  0.754

9 	  46.09	 -12.66	  -1.25
	 -0.761	  0.627	 -0.167
	  0.188	  0.460	  0.868
	  0.621	  0.629	 -0.468

2 	  33.36	  -8.26	  22.75
	  0.562	  0.825	 -0.044
	 -0.827	  0.561	 -0.031
	  0.000	  0.054	  0.998

3 	  37.83	   0.60	  -1.74
	  0.148	 -0.152	 -0.977
	  0.034	  0.988	 -0.149
	  0.988	 -0.011	  0.152

4 	  40.76	   6.43	  -5.91
	  0.672	  0.739	 -0.040
	 -0.555	  0.537	  0.635
	  0.493	 -0.405	  0.770

5 	  56.88	  13.13	   0.30
	  0.996	 -0.076	 -0.033
	  0.080	  0.780	  0.620
	 -0.022	 -0.622	  0.783

6 	  45.90	  12.22	   1.23
	 -0.705	 -0.428	 -0.565
	  0.260	  0.587	 -0.767
	  0.662	 -0.685	 -0.303

7 	  41.12	  -6.68	  -5.66
	  0.638	 -0.758	 -0.136
	  0.537	  0.563	 -0.628
	  0.554	  0.327	  0.765

8 	  56.21	 -12.81	  -0.25
	  0.966	  0.171	 -0.193
	 -0.258	  0.685	 -0.681
	  0.015	  0.709	  0.705

9 	  45.28	 -12.29	   2.41
	 -0.667	  0.529	 -0.524
	 -0.081	  0.648	  0.757
	  0.741	  0.546	 -0.391

2 	  33.36	  -8.26	  22.76
	  0.562	  0.825	 -0.044
	 -0.827	  0.561	 -0.031
	  0.000	  0.054	  0.998

3 	  38.21	   0.58	  -1.99
	  0.204	 -0.153	 -0.967
	 -0.001	  0.987	 -0.156
	  0.979	  0.033	  0.201

4 	  41.70	   6.75	  -5.73
	  0.673	  0.736	  0.068
	 -0.630	  0.522	  0.575
	  0.389	 -0.430	  0.814

5 	  55.20	  13.20	   7.72
	  0.896	 -0.077	  0.436
	 -0.221	  0.775	  0.591
	 -0.384	 -0.628	  0.677

6 	  44.86	  12.25	   2.94
	 -0.476	 -0.397	 -0.784
	  0.499	  0.614	 -0.611
	  0.726	 -0.681	 -0.094

7 	  41.96	  -6.82	  -5.36
	  0.647	 -0.762	  0.002
	  0.619	  0.523	 -0.585
	  0.447	  0.380	  0.810

8 	  54.67	 -12.50	   7.22
	  0.950	  0.144	  0.275
	  0.125	  0.633	 -0.763
	 -0.284	  0.761	  0.583

9 	  44.00	 -11.76	   4.08
	 -0.490	  0.402	 -0.773
	 -0.344	  0.727	  0.594
	  0.802	  0.555	 -0.219

2 	  33.36	  -8.26	  22.76
	  0.562	  0.825	 -0.044
	 -0.827	  0.561	 -0.031
	  0.000	  0.054	  0.998

3 	  38.51	   0.63	  -2.14
	  0.237	 -0.143	 -0.961
	 -0.003	  0.989	 -0.148
	  0.971	  0.037	  0.234

4 	  42.40	   7.05	  -5.62
	  0.665	  0.732	  0.147
	 -0.681	  0.511	  0.524
	  0.310	 -0.449	  0.838

5 	  53.14	  12.85	  11.27
	  0.708	 -0.138	  0.692
	 -0.304	  0.825	  0.476
	 -0.637	 -0.547	  0.542

6 	  44.17	  12.41	   3.39
	 -0.298	 -0.423	 -0.856
	  0.596	  0.619	 -0.511
	  0.747	 -0.661	  0.068

7 	  42.66	  -6.79	  -5.43
	  0.654	 -0.755	  0.048
	  0.646	  0.524	 -0.555
	  0.395	  0.394	  0.830

8 	  52.37	 -12.36	  11.14
	  0.807	  0.144	  0.572
	  0.396	  0.589	 -0.704
	 -0.440	  0.794	  0.419

9 	  43.17	 -11.51	   4.32
	 -0.326	  0.336	 -0.883
	 -0.454	  0.764	  0.457
	  0.830	  0.549	 -0.096

2 	  33.36	  -8.26	  22.76
	  0.562	  0.825	 -0.044
	 -0.827	  0.561	 -0.031
	  0.000	  0.054	  0.998

3 	  38.79	   0.72	  -2.32
	  0.265	 -0.142	 -0.954
	  0.035	  0.990	 -0.137
	  0.963	  0.003	  0.268

4 	  43.17	   7.28	  -5.54
	  0.678	  0.702	  0.219
	 -0.695	  0.514	  0.502
	  0.240	 -0.493	  0.836

5 	  51.61	  12.80	  13.31
	  0.564	 -0.139	  0.813
	 -0.426	  0.796	  0.429
	 -0.708	 -0.589	  0.390

6 	  43.96	  12.18	   3.80
	 -0.175	 -0.393	 -0.902
	  0.604	  0.682	 -0.413
	  0.778	 -0.616	  0.119

7 	  43.40	  -6.82	  -5.50
	  0.663	 -0.745	  0.076
	  0.671	  0.546	 -0.501
	  0.332	  0.383	  0.862

8 	  50.33	 -12.20	  13.39
	  0.617	  0.162	  0.770
	  0.542	  0.626	 -0.561
	 -0.578	  0.760	  0.298

9 	  42.89	 -11.50	   4.31
	 -0.203	  0.288	 -0.936
	 -0.523	  0.777	  0.351
	  0.829	  0.559	 -0.006

2 	  33.36	  -8.26	  22.76
	  0.562	  0.825	 -0.044
	 -0.827	  0.561	 -0.031
	  0.000	  0.054	  0.998

3 	  39.15	   0.69	  -2.53
	  0.306	 -0.153	 -0.939
	  0.104	  0.986	 -0.127
	  0.946	 -0.058	  0.318

4 	  44.16	   7.22	  -5.61
	  0.702	  0.656	  0.275
	 -0.697	  0.555	  0.454
	  0.145	 -0.511	  0.847

5 	  50.75	  12.53	  14.48
	  0.407	 -0.141	  0.902
	 -0.442	  0.835	  0.328
	 -0.800	 -0.531	  0.278

6 	  44.26	  12.02	   3.87
	 -0.095	 -0.370	 -0.924
	  0.640	  0.689	 -0.340
	  0.763	 -0.622	  0.172

7 	  44.12	  -7.05	  -5.40
	  0.677	 -0.725	  0.124
	  0.684	  0.560	 -0.467
	  0.270	  0.401	  0.875

8 	  49.52	 -11.71	  14.62
	  0.475	  0.208	  0.855
	  0.563	  0.677	 -0.473
	 -0.681	  0.703	  0.204

9 	  43.24	 -11.57	   4.43
	 -0.139	  0.255	 -0.957
	 -0.595	  0.751	  0.286
	  0.792	  0.608	  0.048

2 	  33.36	  -8.26	  22.76
	  0.562	  0.826	 -0.045
	 -0.827	  0.561	 -0.031
	  0.000	  0.054	  0.998

3 	  39.41	   0.58	  -2.62
	  0.332	 -0.156	 -0.930
	  0.119	  0.985	 -0.123
	  0.936	 -0.070	  0.345

4 	  44.51	   7.19	  -5.57
	  0.701	  0.648	  0.296
	 -0.704	  0.565	  0.428
	  0.110	 -0.510	  0.853

5 	  50.66	  12.38	  14.73
	  0.357	 -0.144	  0.923
	 -0.436	  0.849	  0.298
	 -0.828	 -0.507	  0.239

6 	  44.37	  11.97	   4.15
	 -0.099	 -0.323	 -0.941
	  0.622	  0.719	 -0.311
	  0.777	 -0.615	  0.131

7 	  44.51	  -7.08	  -5.36
	  0.686	 -0.715	  0.135
	  0.682	  0.567	 -0.460
	  0.253	  0.408	  0.877

8 	  49.96	 -11.71	  14.68
	  0.465	  0.210	  0.860
	  0.531	  0.713	 -0.457
	 -0.712	  0.666	  0.220

9 	  43.80	 -11.62	   4.55
	 -0.148	  0.252	 -0.956
	 -0.626	  0.724	  0.287
	  0.766	  0.640	  0.052

2 	  33.36	  -8.26	  22.76
	  0.562	  0.825	 -0.044
	 -0.827	  0.561	 -0.031
	  0.000	  0.054	  0.998

3 	  39.66	   0.53	  -2.69
	  0.352	 -0.147	 -0.924
	  0.113	  0.987	 -0.114
	  0.929	 -0.064	  0.364

4 	  44.75	   7.24	  -5.43
	  0.687	  0.654	  0.317
	 -0.720	  0.555	  0.416
	  0.095	 -0.514	  0.852

5 	  50.57	  12.55	  14.96
	  0.353	 -0.150	  0.923
	 -0.480	  0.819	  0.314
	 -0.804	 -0.553	  0.217

6 	  44.33	  11.99	   4.27
	 -0.090	 -0.302	 -0.949
	  0.609	  0.738	 -0.291
	  0.789	 -0.603	  0.119

7 	  44.75	  -7.03	  -5.36
	  0.691	 -0.708	  0.145
	  0.683	  0.572	 -0.454
	  0.238	  0.413	  0.879

8 	  50.17	 -11.53	  14.82
	  0.447	  0.205	  0.870
	  0.513	  0.740	 -0.434
	 -0.737	  0.638	  0.225

9 	  44.03	 -11.55	   4.57
	 -0.150	  0.251	 -0.956
	 -0.642	  0.711	  0.286
	  0.753	  0.656	  0.055

2 	  33.36	  -8.26	  22.75
	  0.562	  0.825	 -0.044
	 -0.827	  0.561	 -0.031
	  0.000	  0.054	  0.998

3 	  39.69	   0.65	  -2.72
	  0.359	 -0.139	 -0.923
	  0.113	  0.988	 -0.105
	  0.926	 -0.067	  0.370

4 	  44.82	   7.38	  -5.36
	  0.682	  0.651	  0.331
	 -0.726	  0.549	  0.415
	  0.088	 -0.524	  0.847

5 	  50.59	  12.50	  15.08
	  0.352	 -0.155	  0.923
	 -0.481	  0.816	  0.319
	 -0.804	 -0.555	  0.212

6 	  44.37	  12.04	   4.46
	 -0.091	 -0.287	 -0.953
	  0.612	  0.739	 -0.279
	  0.786	 -0.608	  0.110

7 	  44.79	  -6.94	  -5.40
	  0.692	 -0.708	  0.143
	  0.682	  0.576	 -0.450
	  0.237	  0.409	  0.881

8 	  50.19	 -11.50	  14.82
	  0.446	  0.203	  0.871
	  0.509	  0.745	 -0.430
	 -0.740	  0.633	  0.228

9 	  44.03	 -11.51	   4.57
	 -0.151	  0.252	 -0.956
	 -0.643	  0.709	  0.288
	  0.751	  0.657	  0.056

2 	  33.36	  -8.24	  22.75
	  0.562	  0.826	 -0.044
	 -0.828	  0.561	 -0.031
	  0.000	  0.054	  0.998

3 	  39.69	   0.70	  -2.72
	  0.360	 -0.138	 -0.923
	  0.113	  0.988	 -0.104
	  0.926	 -0.067	  0.371

4 	  44.81	   7.42	  -5.33
	  0.683	  0.649	  0.334
	 -0.725	  0.548	  0.416
	  0.086	 -0.527	  0.845

5 	  50.66	  12.43	  15.13
	  0.349	 -0.157	  0.924
	 -0.472	  0.823	  0.316
	 -0.811	 -0.545	  0.213

6 	  44.38	  12.06	   4.50
