2 	  33.40	  -6.82	  22.75
	  0.629	  0.777	 -0.026
	 -0.778	  0.628	 -0.018
	  0.003	  0.032	  0.999

3 	  37.49	  -0.28	  -1.99
	  0.198	 -0.155	 -0.968
	 -0.047	  0.985	 -0.167
	  0.979	  0.079	  0.188

4 	  41.13	   6.42	  -5.29
	  0.627	  0.731	  0.267
	 -0.731	  0.433	  0.527
	  0.271	 -0.526	  0.806

5 	  52.56	  11.25	   8.65
	  0.864	 -0.251	  0.435
	  0.020	  0.882	  0.471
	 -0.503	 -0.401	  0.765

6 	  42.26	  11.97	   4.06
	 -0.376	 -0.392	 -0.840
	  0.397	  0.751	 -0.527
	  0.838	 -0.530	 -0.126

7 	  41.62	  -7.40	  -5.36
	  0.668	 -0.744	  0.029
	  0.641	  0.554	 -0.531
	  0.380	  0.373	  0.846

8 	  52.12	 -11.27	   7.66
	  0.889	  0.336	  0.311
	 -0.211	  0.901	 -0.378
	 -0.410	  0.274	  0.870

9 	  41.54	 -12.62	   5.43
	 -0.377	  0.428	 -0.822
	 -0.215	  0.823	  0.525
	  0.902	  0.372	 -0.218

2 	  33.40	  -6.82	  22.75
	  0.630	  0.776	 -0.026
	 -0.777	  0.629	 -0.018
	  0.003	  0.031	  0.999

3 	  37.49	  -0.28	  -1.99
	  0.199	 -0.156	 -0.968
	 -0.049	  0.984	 -0.169
	  0.979	  0.080	  0.188

4 	  41.17	   6.42	  -5.27
	  0.627	  0.731	  0.269
	 -0.732	  0.432	  0.527
	  0.269	 -0.527	  0.806

5 	  52.59	  11.23	   8.61
	  0.866	 -0.254	  0.430
	  0.023	  0.880	  0.474
	 -0.500	 -0.403	  0.766

6 	  42.26	  11.97	   4.06
	 -0.377	 -0.392	 -0.839
	  0.398	  0.750	 -0.528
	  0.837	 -0.532	 -0.126

7 	  41.62	  -7.42	  -5.36
	  0.667	 -0.744	  0.031
	  0.642	  0.554	 -0.530
	  0.378	  0.373	  0.847

8 	  52.12	 -11.30	   7.63
	  0.893	  0.331	  0.304
	 -0.208	  0.901	 -0.380
	 -0.404	  0.279	  0.871

9 	  41.55	 -12.62	   5.45
	 -0.378	  0.429	 -0.820
	 -0.208	  0.824	  0.526
	  0.903	  0.367	 -0.223

2 	  33.38	  -6.82	  22.75
	  0.630	  0.776	 -0.026
	 -0.777	  0.628	 -0.017
	  0.004	  0.031	  0.999

3 	  37.49	  -0.28	  -1.99
	  0.199	 -0.156	 -0.968
	 -0.049	  0.984	 -0.169
	  0.979	  0.081	  0.188

4 	  41.15	   6.42	  -5.26
	  0.627	  0.731	  0.270
	 -0.732	  0.432	  0.526
	  0.268	 -0.527	  0.806

5 	  52.61	  11.23	   8.54
	  0.868	 -0.255	  0.425
	  0.027	  0.880	  0.474
	 -0.497	 -0.402	  0.769

6 	  42.28	  12.01	   4.06
	 -0.379	 -0.396	 -0.836
	  0.395	  0.748	 -0.532
	  0.838	 -0.531	 -0.127

7 	  41.61	  -7.42	  -5.34
	  0.667	 -0.744	  0.031
	  0.643	  0.553	 -0.530
	  0.378	  0.374	  0.847

8 	  52.14	 -11.30	   7.59
	  0.895	  0.329	  0.300
	 -0.207	  0.902	 -0.380
	 -0.400	  0.281	  0.873

9 	  41.55	 -12.60	   5.47
	 -0.380	  0.431	 -0.819
	 -0.205	  0.824	  0.527
	  0.903	  0.366	 -0.224

2 	  33.38	  -6.82	  22.75
	  0.630	  0.776	 -0.026
	 -0.777	  0.628	 -0.018
	  0.003	  0.032	  0.999

3 	  37.49	  -0.28	  -2.00
	  0.199	 -0.156	 -0.968
	 -0.049	  0.984	 -0.169
	  0.979	  0.081	  0.189

4 	  41.13	   6.42	  -5.26
	  0.627	  0.730	  0.270
	 -0.732	  0.433	  0.526
	  0.268	 -0.528	  0.806

5 	  52.63	  11.25	   8.49
	  0.870	 -0.255	  0.421
	  0.029	  0.880	  0.474
	 -0.493	 -0.402	  0.771

6 	  42.28	  12.01	   4.04
	 -0.381	 -0.399	 -0.834
	  0.394	  0.747	 -0.535
	  0.838	 -0.531	 -0.128

7 	  41.62	  -7.42	  -5.34
	  0.668	 -0.744	  0.034
	  0.643	  0.553	 -0.529
	  0.376	  0.375	  0.847

8 	  52.17	 -11.34	   7.56
	  0.897	  0.327	  0.297
	 -0.207	  0.903	 -0.377
	 -0.395	  0.280	  0.875

9 	  41.59	 -12.59	   5.47
	 -0.383	  0.432	 -0.816
	 -0.200	  0.825	  0.528
	  0.903	  0.363	 -0.229

2 	  33.40	  -6.82	  22.75
	  0.630	  0.776	 -0.025
	 -0.777	  0.628	 -0.018
	  0.003	  0.031	  0.999

3 	  37.49	  -0.28	  -2.00
	  0.199	 -0.156	 -0.968
	 -0.049	  0.984	 -0.169
	  0.979	  0.081	  0.188

4 	  41.15	   6.42	  -5.26
	  0.627	  0.730	  0.272
	 -0.733	  0.432	  0.526
	  0.267	 -0.529	  0.805

5 	  52.73	  11.27	   7.95
	  0.892	 -0.263	  0.367
	  0.046	  0.860	  0.507
	 -0.451	 -0.438	  0.778

6 	  42.24	  12.02	   4.06
	 -0.383	 -0.412	 -0.827
	  0.338	  0.771	 -0.539
	  0.861	 -0.484	 -0.156

7 	  41.62	  -7.42	  -5.34
	  0.669	 -0.742	  0.035
	  0.643	  0.554	 -0.528
	  0.374	  0.376	  0.848

8 	  52.33	 -11.64	   6.66
	  0.935	  0.300	  0.188
	 -0.200	  0.883	 -0.424
	 -0.296	  0.362	  0.884

9 	  41.62	 -12.43	   5.61
	 -0.406	  0.443	 -0.799
	 -0.124	  0.840	  0.527
	  0.906	  0.311	 -0.286

2 	  33.38	  -6.80	  22.75
	  0.630	  0.776	 -0.026
	 -0.777	  0.628	 -0.018
	  0.003	  0.031	  0.999

3 	  37.51	  -0.23	  -2.00
	  0.201	 -0.153	 -0.968
	 -0.028	  0.986	 -0.162
	  0.979	  0.059	  0.194

4 	  41.15	   6.42	  -5.27
	  0.627	  0.729	  0.276
	 -0.733	  0.429	  0.528
	  0.267	 -0.533	  0.803

5 	  52.91	  11.81	   6.42
	  0.957	 -0.216	  0.191
	  0.065	  0.807	  0.587
	 -0.282	 -0.552	  0.785

6 	  42.17	  11.88	   4.03
	 -0.409	 -0.439	 -0.800
	  0.210	  0.809	 -0.549
	  0.888	 -0.392	 -0.239

7 	  41.62	  -7.42	  -5.33
	  0.669	 -0.742	  0.036
	  0.645	  0.556	 -0.524
	  0.369	  0.374	  0.850

8 	  52.40	 -12.25	   4.78
	  0.970	  0.237	 -0.045
	 -0.224	  0.807	 -0.545
	 -0.095	  0.540	  0.836

9 	  41.73	 -12.29	   5.68
	 -0.445	  0.480	 -0.756
	 -0.001	  0.844	  0.536
	  0.896	  0.238	 -0.375

2 	  33.38	  -6.82	  22.75
	  0.630	  0.776	 -0.026
	 -0.777	  0.629	 -0.018
	  0.003	  0.031	  0.999

3 	  37.48	  -0.23	  -1.99
	  0.201	 -0.150	 -0.968
	 -0.014	  0.988	 -0.156
	  0.979	  0.044	  0.196

4 	  41.03	   6.38	  -5.31
	  0.624	  0.730	  0.277
	 -0.731	  0.422	  0.536
	  0.275	 -0.537	  0.797

5 	  52.73	  12.20	   5.13
	  0.980	 -0.188	  0.066
	  0.109	  0.783	  0.612
	 -0.168	 -0.594	  0.787

6 	  41.92	  11.95	   3.90
	 -0.420	 -0.474	 -0.774
	  0.129	  0.814	 -0.567
	  0.898	 -0.337	 -0.281

7 	  41.50	  -7.42	  -5.29
	  0.667	 -0.745	  0.035
	  0.651	  0.557	 -0.515
	  0.365	  0.366	  0.856

8 	  52.07	 -12.64	   3.30
	  0.957	  0.203	 -0.208
	 -0.288	  0.760	 -0.583
	  0.040	  0.617	  0.786

9 	  41.61	 -12.25	   5.64
	 -0.452	  0.517	 -0.727
	  0.089	  0.837	  0.539
	  0.887	  0.178	 -0.425

2 	  33.38	  -6.82	  22.75
	  0.630	  0.776	 -0.026
	 -0.777	  0.628	 -0.017
	  0.004	  0.031	  0.999

3 	  37.44	  -0.23	  -1.92
	  0.191	 -0.148	 -0.970
	 -0.005	  0.988	 -0.152
	  0.981	  0.033	  0.188

4 	  40.82	   6.35	  -5.27
	  0.620	  0.733	  0.280
	 -0.730	  0.407	  0.548
	  0.289	 -0.544	  0.787

5 	  52.51	  12.43	   4.11
	  0.985	 -0.169	 -0.040
	  0.156	  0.755	  0.637
	 -0.079	 -0.635	  0.768

6 	  41.68	  11.88	   3.87
	 -0.432	 -0.501	 -0.750
	  0.051	  0.817	 -0.574
	  0.901	 -0.285	 -0.327

7 	  41.33	  -7.42	  -5.27
	  0.659	 -0.752	  0.026
	  0.653	  0.554	 -0.515
	  0.374	  0.356	  0.856

8 	  51.73	 -12.67	   2.46
	  0.932	  0.197	 -0.302
	 -0.346	  0.727	 -0.593
	  0.104	  0.657	  0.746

9 	  41.54	 -12.23	   5.64
	 -0.461	  0.535	 -0.708
	  0.139	  0.831	  0.537
	  0.877	  0.148	 -0.457

2 	  33.38	  -6.82	  22.75
	  0.630	  0.776	 -0.026
	 -0.777	  0.628	 -0.018
	  0.003	  0.031	  0.999

3 	  37.35	  -0.25	  -1.86
	  0.181	 -0.149	 -0.972
	 -0.010	  0.988	 -0.153
	  0.983	  0.037	  0.178

4 	  40.62	   6.36	  -5.24
	  0.614	  0.737	  0.281
	 -0.730	  0.395	  0.558
	  0.301	 -0.547	  0.781

5 	  52.12	  12.69	   3.23
	  0.980	 -0.144	 -0.132
	  0.197	  0.719	  0.666
	 -0.002	 -0.681	  0.732

6 	  41.47	  11.85	   3.83
	 -0.434	 -0.526	 -0.731
	 -0.019	  0.818	 -0.575
	  0.901	 -0.235	 -0.365

7 	  41.15	  -7.38	  -5.24
	  0.653	 -0.757	  0.006
	  0.648	  0.554	 -0.522
	  0.393	  0.345	  0.852

8 	  51.56	 -12.94	   1.81
	  0.913	  0.163	 -0.374
	 -0.382	  0.671	 -0.635
	  0.149	  0.722	  0.675

9 	  41.57	 -12.18	   5.57
	 -0.467	  0.554	 -0.689
	  0.187	  0.823	  0.536
	  0.865	  0.121	 -0.488

2 	  33.36	  -6.82	  22.75
	  0.630	  0.776	 -0.026
	 -0.777	  0.628	 -0.018
	  0.003	  0.031	  0.999

3 	  37.35	  -0.28	  -1.85
	  0.179	 -0.148	 -0.973
	 -0.025	  0.987	 -0.155
	  0.983	  0.052	  0.173

4 	  40.46	   6.33	  -5.22
	  0.608	  0.742	  0.282
	 -0.732	  0.386	  0.560
	  0.308	 -0.547	  0.778

5 	  51.93	  12.90	   2.72
	  0.976	 -0.121	 -0.181
	  0.213	  0.697	  0.684
	  0.043	 -0.707	  0.706

6 	  41.33	  11.83	   3.80
	 -0.435	 -0.544	 -0.717
	 -0.062	  0.813	 -0.579
	  0.898	 -0.206	 -0.388

7 	  41.12	  -7.37	  -5.22
	  0.649	 -0.760	 -0.004
	  0.647	  0.554	 -0.523
	  0.402	  0.337	  0.851

8 	  51.38	 -13.24	   1.48
	  0.896	  0.132	 -0.423
	 -0.414	  0.591	 -0.692
	  0.159	  0.795	  0.585

9 	  41.57	 -12.18	   5.55
	 -0.468	  0.564	 -0.680
	  0.219	  0.819	  0.529
	  0.856	  0.098	 -0.507

2 	  33.38	  -6.82	  22.75
	  0.630	  0.776	 -0.026
	 -0.777	  0.628	 -0.018
	  0.003	  0.031	  0.999

3 	  37.37	  -0.33	  -1.83
	  0.182	 -0.148	 -0.972
	 -0.040	  0.986	 -0.158
	  0.982	  0.067	  0.173

4 	  40.38	   6.28	  -5.22
	  0.601	  0.749	  0.278
	 -0.735	  0.380	  0.561
	  0.316	 -0.542	  0.779

5 	  51.68	  12.97	   2.04
	  0.963	 -0.120	 -0.242
	  0.256	  0.686	  0.680
	  0.084	 -0.718	  0.691

6 	  41.22	  11.81	   3.76
	 -0.437	 -0.560	 -0.704
	 -0.100	  0.808	 -0.580
	  0.894	 -0.182	 -0.409

7 	  41.06	  -7.37	  -5.26
	  0.644	 -0.765	 -0.023
	  0.641	  0.555	 -0.530
	  0.419	  0.327	  0.847

8 	  51.40	 -13.15	   1.12
	  0.876	  0.135	 -0.463
	 -0.450	  0.574	 -0.684
	  0.174	  0.807	  0.564

9 	  41.71	 -12.13	   5.52
	 -0.484	  0.565	 -0.668
	  0.238	  0.820	  0.521
	  0.842	  0.093	 -0.531

2 	  33.38	  -6.82	  22.75
	  0.630	  0.776	 -0.026
	 -0.777	  0.628	 -0.018
	  0.003	  0.031	  0.999

3 	  37.39	  -0.37	  -1.83
	  0.186	 -0.143	 -0.972
	 -0.059	  0.986	 -0.156
	  0.980	  0.086	  0.175

4 	  40.29	   6.29	  -5.19
	  0.589	  0.758	  0.279
	 -0.742	  0.370	  0.559
	  0.321	 -0.536	  0.780

5 	  51.47	  13.10	   1.76
	  0.955	 -0.112	 -0.273
	  0.273	  0.693	  0.667
	  0.114	 -0.712	  0.692

6 	  41.08	  11.83	   3.73
	 -0.429	 -0.578	 -0.694
	 -0.139	  0.802	 -0.581
	  0.892	 -0.152	 -0.425

7 	  41.06	  -7.29	  -5.27
	  0.645	 -0.763	 -0.029
	  0.638	  0.558	 -0.531
	  0.422	  0.324	  0.846

8 	  51.33	 -13.13	   0.90
	  0.865	  0.130	 -0.485
	 -0.467	  0.568	 -0.678
	  0.188	  0.812	  0.551

9 	  41.75	 -12.02	   5.48
	 -0.483	  0.568	 -0.666
	  0.251	  0.819	  0.516
	  0.839	  0.082	 -0.538

2 	  33.38	  -6.82	  22.75
	  0.630	  0.776	 -0.025
	 -0.777	  0.629	 -0.018
	  0.003	  0.031	  0.999

3 	  37.46	  -0.35	  -1.83
	  0.196	 -0.139	 -0.971
	 -0.073	  0.985	 -0.156
	  0.978	  0.101	  0.183

4 	  40.29	   6.29	  -5.17
	  0.583	  0.762	  0.280
	 -0.745	  0.365	  0.558
	  0.324	 -0.534	  0.781

5 	  51.36	  13.15	   1.51
	  0.949	 -0.112	 -0.296
	  0.287	  0.696	  0.658
	  0.133	 -0.709	  0.692

6 	  41.10	  11.83	   3.73
	 -0.429	 -0.582	 -0.692
	 -0.151	  0.801	 -0.579
	  0.891	 -0.144	 -0.431

7 	  41.10	  -7.22	  -5.31
	  0.645	 -0.763	 -0.038
	  0.635	  0.562	 -0.530
	  0.427	  0.317	  0.846

8 	  51.28	 -13.10	   0.70
	  0.852	  0.127	 -0.508
	 -0.489	  0.546	 -0.681
	  0.191	  0.828	  0.527

9 	  41.80	 -11.99	   5.45
	 -0.486	  0.568	 -0.665
	  0.259	  0.819	  0.511
	  0.835	  0.076	 -0.545

2 	  33.38	  -6.82	  22.75
	  0.630	  0.776	 -0.026
	 -0.777	  0.629	 -0.017
	  0.004	  0.031	  0.999

3 	  37.49	  -0.33	  -1.83
	  0.198	 -0.138	 -0.970
	 -0.075	  0.985	 -0.155
	  0.977	  0.103	  0.185

4 	  40.27	   6.31	  -5.19
	  0.582	  0.764	  0.277
	 -0.744	  0.362	  0.562
	  0.330	 -0.533	  0.779

5 	  51.29	  13.18	   1.41
	  0.946	 -0.111	 -0.305
	  0.293	  0.696	  0.655
	  0.140	 -0.709	  0.691

6 	  41.10	  11.83	   3.71
	 -0.429	 -0.587	 -0.687
	 -0.167	  0.798	 -0.578
	  0.888	 -0.134	 -0.440

7 	  41.01	  -7.15	  -5.33
	  0.638	 -0.769	 -0.051
	  0.634	  0.560	 -0.533
	  0.439	  0.307	  0.844

8 	  51.19	 -13.15	   0.53
	  0.840	  0.119	 -0.529
	 -0.509	  0.513	 -0.692
	  0.189	  0.850	  0.491

9 	  41.78	 -11.94	   5.45
	 -0.493	  0.569	 -0.658
	  0.275	  0.819	  0.503
	  0.826	  0.067	 -0.560

2 	  33.38	  -6.82	  22.75
	  0.630	  0.776	 -0.026
	 -0.777	  0.628	 -0.018
	  0.003	  0.031	  0.999

3 	  37.46	  -0.32	  -1.81
	  0.202	 -0.142	 -0.969
	 -0.087	  0.983	 -0.162
	  0.975	  0.117	  0.186

4 	  40.20	   6.33	  -5.17
	  0.582	  0.768	  0.267
	 -0.738	  0.360	  0.570
	  0.342	 -0.529	  0.776

5 	  51.22	  13.36	   1.23
	  0.942	 -0.099	 -0.320
	  0.296	  0.695	  0.655
	  0.158	 -0.712	  0.684

6 	  41.06	  11.87	   3.69
	 -0.433	 -0.592	 -0.680
	 -0.184	  0.796	 -0.576
	  0.882	 -0.125	 -0.453

7 	  40.87	  -7.14	  -5.36
	  0.630	 -0.774	 -0.069
	  0.628	  0.558	 -0.542
	  0.459	  0.298	  0.837

8 	  51.06	 -13.20	   0.30
	  0.828	  0.110	 -0.550
	 -0.528	  0.488	 -0.695
	  0.192	  0.866	  0.462

9 	  41.78	 -11.94	   5.41
	 -0.497	  0.572	 -0.652
	  0.287	  0.818	  0.498
	  0.819	  0.061	 -0.571

2 	  33.38	  -6.82	  22.75
	  0.630	  0.776	 -0.026
	 -0.777	  0.628	 -0.017
	  0.004	  0.031	  0.999

3 	  37.42	  -0.32	  -1.78
	  0.198	 -0.140	 -0.970
	 -0.091	  0.983	 -0.161
	  0.976	  0.120	  0.182

4 	  40.11	   6.36	  -5.13
	  0.584	  0.768	  0.264
	 -0.735	  0.360	  0.574
	  0.347	 -0.529	  0.774

5 	  51.17	  13.43	   1.16
	  0.940	 -0.089	 -0.329
	  0.298	  0.686	  0.663
	  0.168	 -0.722	  0.672

6 	  41.01	  11.83	   3.73
	 -0.434	 -0.590	 -0.681
	 -0.189	  0.798	 -0.572
	  0.881	 -0.120	 -0.458

7 	  40.83	  -7.14	  -5.36
	  0.629	 -0.774	 -0.073
	  0.626	  0.558	 -0.545
	  0.463	  0.297	  0.835

8 	  51.05	 -13.18	   0.32
	  0.826	  0.109	 -0.553
	 -0.534	  0.471	 -0.702
	  0.184	  0.875	  0.447

9 	  41.75	 -11.90	   5.43
	 -0.500	  0.567	 -0.655
	  0.286	  0.821	  0.494
	  0.818	  0.060	 -0.572

2 	  33.38	  -6.82	  22.75
	  0.630	  0.776	 -0.026
	 -0.777	  0.628	 -0.018
	  0.003	  0.031	  0.999

3 	  37.39	  -0.32	  -1.76
	  0.193	 -0.140	 -0.971
	 -0.094	  0.983	 -0.160
	  0.976	  0.122	  0.177

4 	  40.10	   6.36	  -5.13
	  0.585	  0.768	  0.260
	 -0.731	  0.361	  0.578
	  0.351	 -0.528	  0.773

5 	  51.15	  13.46	   1.21
	  0.941	 -0.086	 -0.328
	  0.295	  0.687	  0.663
	  0.168	 -0.721	  0.672

6 	  41.03	  11.83	   3.76
	 -0.436	 -0.586	 -0.684
	 -0.183	  0.801	 -0.570
	  0.881	 -0.123	 -0.456

7 	  40.83	  -7.14	  -5.36
	  0.629	 -0.774	 -0.076
	  0.624	  0.559	 -0.546
	  0.466	  0.295	  0.834

8 	  51.12	 -13.06	   0.49
	  0.835	  0.121	 -0.537
	 -0.525	  0.474	 -0.707
	  0.169	  0.872	  0.460

9 	  41.70	 -11.90	   5.41
	 -0.497	  0.558	 -0.664
	  0.260	  0.826	  0.500
	  0.828	  0.076	 -0.555

2 	  33.38	  -6.82	  22.75
	  0.630	  0.776	 -0.026
	 -0.777	  0.629	 -0.017
	  0.004	  0.031	  0.999

3 	  37.39	  -0.30	  -1.76
	  0.189	 -0.138	 -0.972
	 -0.096	  0.983	 -0.158
	  0.977	  0.123	  0.173

4 	  40.10	   6.36	  -5.12
	  0.587	  0.767	  0.259
	 -0.730	  0.363	  0.579
	  0.351	 -0.529	  0.772

5 	  51.31	  13.20	   1.42
	  0.944	 -0.109	 -0.310
	  0.296	  0.695	  0.655
	  0.144	 -0.710	  0.689

6 	  41.12	  11.85	   3.80
	 -0.443	 -0.573	 -0.690
	 -0.150	  0.806	 -0.573
	  0.885	 -0.150	 -0.442

7 	  40.85	  -7.14	  -5.34
	  0.630	 -0.773	 -0.075
	  0.623	  0.560	 -0.546
	  0.465	  0.297	  0.834

8 	  51.26	 -12.90	   0.86
	  0.856	  0.144	 -0.497
	 -0.496	  0.498	 -0.711
	  0.145	  0.855	  0.498

9 	  41.62	 -11.95	   5.41
	 -0.487	  0.551	 -0.677
	  0.232	  0.829	  0.508
	  0.842	  0.090	 -0.531

2 	  33.38	  -6.82	  22.75
	  0.630	  0.776	 -0.026
	 -0.777	  0.628	 -0.017
	  0.004	  0.031	  0.999

3 	  37.42	  -0.30	  -1.76
	  0.188	 -0.138	 -0.972
	 -0.094	  0.983	 -0.158
	  0.978	  0.121	  0.172

4 	  40.13	   6.38	  -5.12
	  0.592	  0.763	  0.261
	 -0.727	  0.364	  0.582
	  0.349	 -0.534	  0.770

5 	  51.54	  12.74	   1.58
	  0.945	 -0.161	 -0.283
	  0.310	  0.722	  0.618
	  0.105	 -0.672	  0.733

6 	  41.26	  11.92	   3.76
	 -0.448	 -0.561	 -0.696
	 -0.106	  0.806	 -0.582
	  0.888	 -0.186	 -0.421

7 	  40.87	  -7.17	  -5.33
	  0.630	 -0.773	 -0.072
	  0.624	  0.559	 -0.545
	  0.463	  0.299	  0.834

8 	  51.43	 -12.59	   1.21
	  0.880	  0.207	 -0.428
	 -0.462	  0.591	 -0.662
	  0.115	  0.780	  0.615

9 	  41.59	 -12.13	   5.34
	 -0.474	  0.549	 -0.689
	  0.184	  0.826	  0.532
	  0.862	  0.125	 -0.492

2 	  33.40	  -6.82	  22.75
	  0.630	  0.776	 -0.026
	 -0.777	  0.628	 -0.018
	  0.003	  0.032	  0.999

3 	  37.41	  -0.32	  -1.76
	  0.182	 -0.141	 -0.973
	 -0.090	  0.983	 -0.159
	  0.979	  0.116	  0.167

4 	  40.24	   6.38	  -5.10
	  0.601	  0.755	  0.263
	 -0.720	  0.367	  0.588
	  0.348	 -0.543	  0.764

5 	  52.10	  11.95	   2.88
	  0.958	 -0.267	 -0.107
	  0.281	  0.790	  0.545
	 -0.062	 -0.553	  0.831

6 	  41.57	  12.09	   3.73
	 -0.452	 -0.514	 -0.729
	  0.058	  0.800	 -0.598
	  0.891	 -0.311	 -0.331

7 	  40.94	  -7.24	  -5.27
	  0.635	 -0.770	 -0.061
	  0.620	  0.555	 -0.554
	  0.462	  0.313	  0.829

8 	  52.14	 -11.85	   2.87
	  0.930	  0.301	 -0.209
	 -0.368	  0.766	 -0.527
	  0.000	  0.568	  0.823

9 	  41.71	 -12.39	   5.34
	 -0.466	  0.507	 -0.725
	  0.030	  0.828	  0.560
	  0.884	  0.238	 -0.402

2 	  33.38	  -6.82	  22.76
	  0.630	  0.776	 -0.026
	 -0.777	  0.629	 -0.019
	  0.003	  0.032	  0.999

3 	  37.41	  -0.33	  -1.79
	  0.177	 -0.148	 -0.973
	 -0.071	  0.984	 -0.162
	  0.981	  0.097	  0.164

4 	  40.55	   6.40	  -5.12
	  0.620	  0.741	  0.258
	 -0.712	  0.392	  0.582
	  0.331	 -0.545	  0.770

5 	  52.82	  10.79	   6.03
	  0.912	 -0.343	  0.224
	  0.208	  0.857	  0.471
	 -0.356	 -0.385	  0.851

6 	  42.19	  12.08	   3.88
	 -0.438	 -0.433	 -0.788
	  0.297	  0.758	 -0.580
	  0.849	 -0.487	 -0.204

7 	  41.12	  -7.42	  -5.20
	  0.648	 -0.760	 -0.039
	  0.613	  0.552	 -0.565
	  0.452	  0.342	  0.823

8 	  52.84	 -10.92	   5.24
	  0.930	  0.359	  0.072
	 -0.320	  0.890	 -0.326
	 -0.183	  0.281	  0.942

9 	  42.22	 -12.55	   5.54
	 -0.480	  0.425	 -0.767
	 -0.141	  0.826	  0.545
	  0.866	  0.369	 -0.337

2 	  33.38	  -6.82	  22.75
	  0.630	  0.776	 -0.026
	 -0.777	  0.628	 -0.017
	  0.004	  0.031	  0.999

3 	  37.51	  -0.37	  -1.88
	  0.184	 -0.155	 -0.971
	 -0.040	  0.985	 -0.165
	  0.982	  0.068	  0.175

4 	  40.92	   6.36	  -5.13
	  0.635	  0.729	  0.253
	 -0.710	  0.421	  0.564
	  0.306	 -0.538	  0.785

5 	  52.89	  10.00	   8.14
	  0.827	 -0.364	  0.428
	  0.198	  0.901	  0.385
	 -0.529	 -0.237	  0.815

6 	  42.71	  11.92	   4.06
	 -0.415	 -0.376	 -0.829
	  0.443	  0.713	 -0.543
	  0.796	 -0.591	 -0.129

7 	  41.41	  -7.56	  -5.22
	  0.662	 -0.750	 -0.023
	  0.616	  0.559	 -0.555
	  0.430	  0.353	  0.831

8 	  53.00	 -10.27	   7.22
	  0.885	  0.379	  0.270
	 -0.298	  0.906	 -0.299
	 -0.360	  0.186	  0.914

9 	  42.50	 -12.43	   5.75
	 -0.453	  0.359	 -0.816
	 -0.264	  0.821	  0.506
	  0.852	  0.443	 -0.277

2 	  33.38	  -6.82	  22.76
	  0.630	  0.776	 -0.026
	 -0.778	  0.628	 -0.018
	  0.003	  0.031	  0.999

3 	  37.62	  -0.35	  -1.93
	  0.193	 -0.157	 -0.968
	 -0.023	  0.986	 -0.165
	  0.981	  0.054	  0.187

4 	  41.22	   6.42	  -5.19
	  0.646	  0.723	  0.245
	 -0.706	  0.443	  0.552
	  0.291	 -0.530	  0.796

5 	  52.72	   9.54	   9.53
	  0.769	 -0.348	  0.536
	  0.206	  0.928	  0.308
	 -0.607	 -0.130	  0.784

6 	  42.98	  11.74	   4.17
	 -0.384	 -0.328	 -0.863
	  0.509	  0.706	 -0.493
	  0.772	 -0.627	 -0.104

7 	  41.70	  -7.63	  -5.24
	  0.674	 -0.739	 -0.007
	  0.617	  0.566	 -0.547
	  0.409	  0.364	  0.836

8 	  52.75	  -9.72	   8.47
	  0.844	  0.398	  0.359
	 -0.286	  0.901	 -0.327
	 -0.456	  0.175	  0.872

9 	  42.50	 -12.27	   5.94
	 -0.414	  0.302	 -0.859
	 -0.329	  0.831	  0.449
	  0.850	  0.466	 -0.244

2 	  33.38	  -6.82	  22.75
	  0.629	  0.776	 -0.026
	 -0.778	  0.628	 -0.017
	  0.004	  0.032	  0.999

3 	  37.60	  -0.30	  -1.92
	  0.195	 -0.156	 -0.968
	 -0.009	  0.987	 -0.161
	  0.981	  0.040	  0.191

4 	  41.41	   6.45	  -5.24
	  0.671	  0.711	  0.210
	 -0.677	  0.471	  0.565
	  0.303	 -0.522	  0.797

5 	  52.51	   9.47	  10.69
	  0.751	 -0.312	  0.582
	  0.134	  0.934	  0.330
	 -0.649	 -0.174	  0.741

6 	  43.08	  11.43	   4.45
	 -0.351	 -0.267	 -0.897
	  0.531	  0.733	 -0.424
	  0.773	 -0.624	 -0.114

7 	  41.75	  -7.68	  -5.26
	  0.678	 -0.735	 -0.007
	  0.607	  0.565	 -0.559
	  0.416	  0.375	  0.828

8 	  52.54	  -9.42	   9.19
	  0.815	  0.400	  0.418
	 -0.287	  0.906	 -0.312
	 -0.507	  0.136	  0.851

9 	  42.45	 -12.18	   6.03
	 -0.388	  0.276	 -0.879
	 -0.360	  0.833	  0.420
	  0.849	  0.478	 -0.223

2 	  33.38	  -6.82	  22.75
	  0.629	  0.776	 -0.026
	 -0.778	  0.628	 -0.018
	  0.003	  0.032	  0.999

3 	  37.58	  -0.25	  -1.93
	  0.197	 -0.153	 -0.968
	  0.010	  0.988	 -0.155
	  0.980	  0.021	  0.196

4 	  41.50	   6.50	  -5.22
	  0.678	  0.707	  0.199
	 -0.669	  0.481	  0.566
	  0.306	 -0.517	  0.799

5 	  52.52	   9.47	  10.72
	  0.750	 -0.312	  0.582
	  0.131	  0.933	  0.334
	 -0.650	 -0.178	  0.739

6 	  43.12	  11.48	   4.46
	 -0.338	 -0.266	 -0.902
	  0.536	  0.734	 -0.416
	  0.775	 -0.623	 -0.104

7 	  41.89	  -7.68	  -5.20
	  0.691	 -0.723	  0.010
	  0.602	  0.565	 -0.564
	  0.403	  0.396	  0.825

8 	  52.33	  -9.28	  10.09
	  0.795	  0.385	  0.468
	 -0.257	  0.911	 -0.321
	 -0.555	  0.139	  0.820

9 	  42.50	 -12.04	   6.19
	 -0.365	  0.261	 -0.893
	 -0.380	  0.834	  0.398
	  0.850	  0.484	 -0.205

2 	  33.38	  -6.82	  22.75
	  0.630	  0.776	 -0.026
	 -0.777	  0.628	 -0.017
	  0.004	  0.031	  0.999

3 	  37.60	  -0.23	  -1.99
	  0.205	 -0.152	 -0.967
	  0.023	  0.988	 -0.151
	  0.978	  0.008	  0.206

4 	  41.64	   6.56	  -5.19
	  0.685	  0.699	  0.204
	 -0.669	  0.493	  0.555
	  0.288	 -0.517	  0.806

5 	  52.51	   9.47	  10.86
	  0.755	 -0.314	  0.575
	  0.121	  0.928	  0.351
	 -0.647	 -0.199	  0.737

6 	  43.10	  11.46	   4.57
	 -0.326	 -0.263	 -0.908
	  0.534	  0.742	 -0.405
	  0.782	 -0.615	 -0.101

7 	  41.98	  -7.70	  -5.17
	  0.694	 -0.719	  0.021
	  0.605	  0.567	 -0.559
	  0.391	  0.401	  0.828

8 	  52.31	  -9.30	  10.18
	  0.794	  0.384	  0.471
	 -0.252	  0.911	 -0.324
	 -0.560	  0.142	  0.817

9 	  42.54	 -12.06	   6.21
	 -0.362	  0.264	 -0.894
	 -0.385	  0.831	  0.400
	  0.850	  0.488	 -0.199

