% Calibrated with leiden_pols
% Positions are in centimeters
Data =[
 2    98.711   -22.671    59.265
 2     0.974    -0.229    -0.007
 2     0.228     0.972     0.053
 2    -0.004    -0.055     0.998
 3   126.663    -2.086     3.404
 3     0.522    -0.030    -0.852
 3    -0.173     0.975    -0.140
 3     0.835     0.220     0.504
 4   112.717    13.673    -1.087
 4     0.536    -0.749     0.391
 4     0.828     0.374    -0.417
 4     0.167     0.546     0.820
 5   116.302    19.522    21.009
 5     0.246    -0.465     0.851
 5     0.132    -0.854    -0.503
 5     0.960     0.235    -0.148
 6   126.171    24.552    38.841
 6     0.316    -0.831    -0.462
 6     0.081     0.505    -0.858
 6     0.945     0.232     0.224
 7   115.083   -20.010    -0.752
 7     0.682     0.661     0.313
 7    -0.719     0.526     0.454
 7     0.136    -0.534     0.834
 8   119.798   -25.341    20.627
 8     0.319     0.545     0.776
 8    -0.184    -0.767     0.613
 8     0.930    -0.337    -0.143
 9   129.119   -30.402    39.611
 9     0.300     0.851    -0.434
 9    -0.091     0.474     0.874
 9     0.949    -0.222     0.217
 2    98.660   -22.671    59.316
 2     0.974    -0.229    -0.008
 2     0.228     0.972     0.053
 2    -0.004    -0.055     0.998
 3   126.728    -2.130     3.414
 3     0.518    -0.031    -0.855
 3    -0.167     0.976    -0.137
 3     0.838     0.213     0.500
 4   112.674    13.598    -1.142
 4     0.538    -0.750     0.386
 4     0.826     0.376    -0.419
 4     0.169     0.543     0.822
 5   116.294    19.515    21.017
 5     0.250    -0.468     0.848
 5     0.130    -0.851    -0.507
 5     0.959     0.236    -0.151
 6   126.191    24.480    38.828
 6     0.311    -0.827    -0.472
 6     0.081     0.515    -0.852
 6     0.947     0.225     0.225
 7   115.142   -20.082    -0.662
 7     0.682     0.663     0.310
 7    -0.718     0.525     0.457
 7     0.140    -0.534     0.833
 8   119.712   -25.335    20.770
 8     0.316     0.537     0.783
 8    -0.180    -0.776     0.604
 8     0.931    -0.331    -0.148
 9   129.069   -30.450    39.686
 9     0.300     0.850    -0.437
 9    -0.088     0.476     0.874
 9     0.949    -0.223     0.215
 2    98.711   -22.671    59.265
 2     0.974    -0.229    -0.008
 2     0.228     0.972     0.053
 2    -0.004    -0.055     0.998
 3   126.828    -2.249     3.363
 3     0.512    -0.027    -0.859
 3    -0.164     0.978    -0.128
 3     0.843     0.206     0.496
 4   112.857    13.447    -1.222
 4     0.539    -0.752     0.380
 4     0.824     0.380    -0.419
 4     0.171     0.538     0.825
 5   116.346    19.462    21.018
 5     0.253    -0.475     0.843
 5     0.129    -0.847    -0.515
 5     0.959     0.237    -0.152
 6   126.200    24.483    38.872
 6     0.308    -0.827    -0.475
 6     0.082     0.517    -0.851
 6     0.948     0.221     0.225
 7   115.229   -20.229    -0.681
 7     0.682     0.664     0.307
 7    -0.717     0.523     0.460
 7     0.146    -0.533     0.833
 8   119.767   -25.359    20.786
 8     0.314     0.540     0.782
 8    -0.178    -0.775     0.606
 8     0.932    -0.328    -0.146
 9   129.123   -30.394    39.776
 9     0.299     0.847    -0.444
 9    -0.085     0.483     0.870
 9     0.950    -0.221     0.214
 2    98.710   -22.671    59.316
 2     0.974    -0.229    -0.008
 2     0.228     0.972     0.053
 2    -0.004    -0.055     0.998
 3   126.993    -2.244     3.246
 3     0.508    -0.025    -0.861
 3    -0.161     0.979    -0.123
 3     0.846     0.201     0.493
 4   113.035    13.447    -1.351
 4     0.541    -0.753     0.378
 4     0.823     0.381    -0.420
 4     0.172     0.537     0.825
 5   116.438    19.456    21.003
 5     0.256    -0.479     0.840
 5     0.128    -0.844    -0.520
 5     0.958     0.239    -0.154
 6   126.285    24.435    38.763
 6     0.304    -0.826    -0.479
 6     0.082     0.520    -0.849
 6     0.949     0.217     0.224
 7   115.454   -20.251    -0.737
 7     0.685     0.663     0.302
 7    -0.713     0.527     0.462
 7     0.147    -0.531     0.834
 8   119.896   -25.408    20.701
 8     0.313     0.545     0.779
 8    -0.177    -0.772     0.610
 8     0.933    -0.328    -0.144
 9   129.211   -30.339    39.754
 9     0.294     0.844    -0.453
 9    -0.083     0.490     0.866
 9     0.952    -0.216     0.212
 2    98.711   -22.621    59.265
 2     0.974    -0.229    -0.008
 2     0.228     0.972     0.053
 2    -0.004    -0.055     0.998
 3   127.014    -2.245     3.201
 3     0.509    -0.023    -0.861
 3    -0.161     0.979    -0.122
 3     0.845     0.201     0.494
 4   113.163    13.501    -1.232
 4     0.540    -0.751     0.381
 4     0.823     0.377    -0.424
 4     0.174     0.542     0.821
 5   116.445    19.470    20.858
 5     0.245    -0.473     0.847
 5     0.140    -0.847    -0.512
 5     0.959     0.243    -0.141
 6   126.209    24.845    38.627
 6     0.313    -0.845    -0.438
 6     0.101     0.485    -0.867
 6     0.944     0.226     0.236
 7   115.505   -20.172    -0.738
 7     0.690     0.658     0.302
 7    -0.708     0.529     0.467
 7     0.147    -0.536     0.831
 8   119.883   -25.431    20.466
 8     0.296     0.525     0.799
 8    -0.196    -0.785     0.588
 8     0.935    -0.329    -0.129
 9   128.410   -31.680    39.650
 9     0.279     0.899    -0.341
 9    -0.125     0.382     0.915
 9     0.952    -0.212     0.216
 2    98.663   -22.620    59.262
 2     0.973    -0.229    -0.008
 2     0.228     0.972     0.053
 2    -0.003    -0.055     0.998
 3   127.116    -2.148     3.194
 3     0.506    -0.022    -0.863
 3    -0.170     0.977    -0.125
 3     0.846     0.209     0.490
 4   113.271    13.631    -1.124
 4     0.543    -0.745     0.387
 4     0.820     0.372    -0.434
 4     0.179     0.552     0.813
 5   116.067    20.202    20.802
 5     0.231    -0.383     0.895
 5     0.232    -0.871    -0.432
 5     0.945     0.306    -0.112
 6   125.891    27.405    37.925
 6     0.313    -0.863    -0.401
 6     0.178     0.465    -0.866
 6     0.933     0.199     0.297
 7   115.281   -20.050    -0.774
 7     0.684     0.657     0.316
 7    -0.715     0.519     0.468
 7     0.144    -0.546     0.825
 8   119.126   -26.975    20.002
 8     0.286     0.424     0.860
 8    -0.323    -0.802     0.501
 8     0.902    -0.420    -0.092
 9   127.721   -35.889    37.692
 9     0.292     0.924    -0.248
 9    -0.245     0.320     0.915
 9     0.924    -0.206     0.318
 2    98.713   -22.620    59.313
 2     0.974    -0.229    -0.008
 2     0.228     0.972     0.053
 2    -0.003    -0.055     0.998
 3   127.025    -2.070     3.182
 3     0.501    -0.022    -0.865
 3    -0.169     0.978    -0.123
 3     0.848     0.208     0.485
 4   113.091    13.541    -1.322
 4     0.534    -0.742     0.405
 4     0.830     0.371    -0.415
 4     0.158     0.557     0.814
 5   115.607    21.770    20.070
 5     0.218    -0.294     0.931
 5     0.353    -0.866    -0.355
 5     0.910     0.404    -0.085
 6   125.521    30.845    36.124
 6     0.321    -0.877    -0.362
 6     0.277     0.448    -0.849
 6     0.905     0.172     0.385
 7   115.018   -19.916    -0.737
 7     0.681     0.653     0.333
 7    -0.722     0.519     0.457
 7     0.125    -0.551     0.825
 8   118.739   -28.773    19.189
 8     0.288     0.327     0.900
 8    -0.446    -0.786     0.427
 8     0.847    -0.524    -0.081
 9   127.474   -39.941    35.255
 9     0.308     0.929    -0.204
 9    -0.351     0.308     0.884
 9     0.884    -0.201     0.420
 2    98.710   -22.671    59.316
 2     0.974    -0.229    -0.008
 2     0.228     0.972     0.053
 2    -0.004    -0.055     0.998
 3   126.990    -2.004     3.188
 3     0.491    -0.025    -0.871
 3    -0.159     0.980    -0.118
 3     0.856     0.196     0.477
 4   112.970    13.240    -1.769
 4     0.523    -0.744     0.418
 4     0.843     0.376    -0.384
 4     0.128     0.552     0.823
 5   115.241    23.170    18.991
 5     0.211    -0.236     0.949
 5     0.442    -0.843    -0.307
 5     0.872     0.483    -0.073
