% Calibrated with leiden_pols
% Positions are in centimeters
Data =[
 2    98.711   -22.671    59.265
 2     0.974    -0.229    -0.007
 2     0.228     0.972     0.053
 2    -0.004    -0.055     0.998
 3   126.663    -2.086     3.404
 3     0.522    -0.030    -0.852
 3    -0.173     0.975    -0.140
 3     0.835     0.220     0.504
 4   112.717    13.673    -1.087
 4     0.536    -0.749     0.391
 4     0.828     0.374    -0.417
 4     0.167     0.546     0.820
 5   116.302    19.522    21.009
 5     0.246    -0.465     0.851
 5     0.132    -0.854    -0.503
 5     0.960     0.235    -0.148
 6   126.171    24.552    38.841
 6     0.316    -0.831    -0.462
 6     0.081     0.505    -0.858
 6     0.945     0.232     0.224
 7   115.083   -20.010    -0.752
 7     0.682     0.661     0.313
 7    -0.719     0.526     0.454
 7     0.136    -0.534     0.834
 8   119.798   -25.341    20.627
 8     0.319     0.545     0.776
 8    -0.184    -0.767     0.613
 8     0.930    -0.337    -0.143
 9   129.119   -30.402    39.611
 9     0.300     0.851    -0.434
 9    -0.091     0.474     0.874
 9     0.949    -0.222     0.217
 2    98.660   -22.671    59.316
 2     0.974    -0.229    -0.008
 2     0.228     0.972     0.053
 2    -0.004    -0.055     0.998
 3   126.728    -2.130     3.414
 3     0.518    -0.031    -0.855
 3    -0.167     0.976    -0.137
 3     0.838     0.213     0.500
 4   112.674    13.598    -1.142
 4     0.538    -0.750     0.386
 4     0.826     0.376    -0.419
 4     0.169     0.543     0.822
 5   116.294    19.515    21.017
 5     0.250    -0.468     0.848
 5     0.130    -0.851    -0.507
 5     0.959     0.236    -0.151
 6   126.191    24.480    38.828
 6     0.311    -0.827    -0.472
 6     0.081     0.515    -0.852
 6     0.947     0.225     0.225
 7   115.142   -20.082    -0.662
 7     0.682     0.663     0.310
 7    -0.718     0.525     0.457
 7     0.140    -0.534     0.833
 8   119.712   -25.335    20.770
 8     0.316     0.537     0.783
 8    -0.180    -0.776     0.604
 8     0.931    -0.331    -0.148
 9   129.069   -30.450    39.686
 9     0.300     0.850    -0.437
 9    -0.088     0.476     0.874
 9     0.949    -0.223     0.215
 2    98.711   -22.671    59.265
 2     0.974    -0.229    -0.008
 2     0.228     0.972     0.053
 2    -0.004    -0.055     0.998
 3   126.828    -2.249     3.363
 3     0.512    -0.027    -0.859
 3    -0.164     0.978    -0.128
 3     0.843     0.206     0.496
 4   112.857    13.447    -1.222
 4     0.539    -0.752     0.380
 4     0.824     0.380    -0.419
 4     0.171     0.538     0.825
 5   116.346    19.462    21.018
 5     0.253    -0.475     0.843
 5     0.129    -0.847    -0.515
 5     0.959     0.237    -0.152
 6   126.200    24.483    38.872
 6     0.308    -0.827    -0.475
 6     0.082     0.517    -0.851
 6     0.948     0.221     0.225
 7   115.229   -20.229    -0.681
 7     0.682     0.664     0.307
 7    -0.717     0.523     0.460
 7     0.146    -0.533     0.833
 8   119.767   -25.359    20.786
 8     0.314     0.540     0.782
 8    -0.178    -0.775     0.606
 8     0.932    -0.328    -0.146
 9   129.123   -30.394    39.776
 9     0.299     0.847    -0.444
 9    -0.085     0.483     0.870
 9     0.950    -0.221     0.214
 2    98.710   -22.671    59.316
 2     0.974    -0.229    -0.008
 2     0.228     0.972     0.053
 2    -0.004    -0.055     0.998
 3   126.993    -2.244     3.246
 3     0.508    -0.025    -0.861
 3    -0.161     0.979    -0.123
 3     0.846     0.201     0.493
 4   113.035    13.447    -1.351
 4     0.541    -0.753     0.378
 4     0.823     0.381    -0.420
 4     0.172     0.537     0.825
 5   116.438    19.456    21.003
 5     0.256    -0.479     0.840
 5     0.128    -0.844    -0.520
 5     0.958     0.239    -0.154
 6   126.285    24.435    38.763
 6     0.304    -0.826    -0.479
 6     0.082     0.520    -0.849
 6     0.949     0.217     0.224
 7   115.454   -20.251    -0.737
 7     0.685     0.663     0.302
 7    -0.713     0.527     0.462
 7     0.147    -0.531     0.834
 8   119.896   -25.408    20.701
 8     0.313     0.545     0.779
 8    -0.177    -0.772     0.610
 8     0.933    -0.328    -0.144
 9   129.211   -30.339    39.754
 9     0.294     0.844    -0.453
 9    -0.083     0.490     0.866
 9     0.952    -0.216     0.212
 2    98.711   -22.621    59.265
 2     0.974    -0.229    -0.008
 2     0.228     0.972     0.053
 2    -0.004    -0.055     0.998
 3   127.014    -2.245     3.201
 3     0.509    -0.023    -0.861
 3    -0.161     0.979    -0.122
 3     0.845     0.201     0.494
 4   113.163    13.501    -1.232
 4     0.540    -0.751     0.381
 4     0.823     0.377    -0.424
 4     0.174     0.542     0.821
 5   116.445    19.470    20.858
 5     0.245    -0.473     0.847
 5     0.140    -0.847    -0.512
 5     0.959     0.243    -0.141
 6   126.209    24.845    38.627
 6     0.313    -0.845    -0.438
 6     0.101     0.485    -0.867
 6     0.944     0.226     0.236
 7   115.505   -20.172    -0.738
 7     0.690     0.658     0.302
 7    -0.708     0.529     0.467
 7     0.147    -0.536     0.831
 8   119.883   -25.431    20.466
 8     0.296     0.525     0.799
 8    -0.196    -0.785     0.588
 8     0.935    -0.329    -0.129
 9   128.410   -31.680    39.650
 9     0.279     0.899    -0.341
 9    -0.125     0.382     0.915
 9     0.952    -0.212     0.216
 2    98.663   -22.620    59.262
 2     0.973    -0.229    -0.008
 2     0.228     0.972     0.053
 2    -0.003    -0.055     0.998
 3   127.116    -2.148     3.194
 3     0.506    -0.022    -0.863
 3    -0.170     0.977    -0.125
 3     0.846     0.209     0.490
 4   113.271    13.631    -1.124
 4     0.543    -0.745     0.387
 4     0.820     0.372    -0.434
 4     0.179     0.552     0.813
 5   116.067    20.202    20.802
 5     0.231    -0.383     0.895
 5     0.232    -0.871    -0.432
 5     0.945     0.306    -0.112
 6   125.891    27.405    37.925
 6     0.313    -0.863    -0.401
 6     0.178     0.465    -0.866
 6     0.933     0.199     0.297
 7   115.281   -20.050    -0.774
 7     0.684     0.657     0.316
 7    -0.715     0.519     0.468
 7     0.144    -0.546     0.825
 8   119.126   -26.975    20.002
 8     0.286     0.424     0.860
 8    -0.323    -0.802     0.501
 8     0.902    -0.420    -0.092
 9   127.721   -35.889    37.692
 9     0.292     0.924    -0.248
 9    -0.245     0.320     0.915
 9     0.924    -0.206     0.318
 2    98.713   -22.620    59.313
 2     0.974    -0.229    -0.008
 2     0.228     0.972     0.053
 2    -0.003    -0.055     0.998
 3   127.025    -2.070     3.182
 3     0.501    -0.022    -0.865
 3    -0.169     0.978    -0.123
 3     0.848     0.208     0.485
 4   113.091    13.541    -1.322
 4     0.534    -0.742     0.405
 4     0.830     0.371    -0.415
 4     0.158     0.557     0.814
 5   115.607    21.770    20.070
 5     0.218    -0.294     0.931
 5     0.353    -0.866    -0.355
 5     0.910     0.404    -0.085
 6   125.521    30.845    36.124
 6     0.321    -0.877    -0.362
 6     0.277     0.448    -0.849
 6     0.905     0.172     0.385
 7   115.018   -19.916    -0.737
 7     0.681     0.653     0.333
 7    -0.722     0.519     0.457
 7     0.125    -0.551     0.825
 8   118.739   -28.773    19.189
 8     0.288     0.327     0.900
 8    -0.446    -0.786     0.427
 8     0.847    -0.524    -0.081
 9   127.474   -39.941    35.255
 9     0.308     0.929    -0.204
 9    -0.351     0.308     0.884
 9     0.884    -0.201     0.420
 2    98.710   -22.671    59.316
 2     0.974    -0.229    -0.008
 2     0.228     0.972     0.053
 2    -0.004    -0.055     0.998
 3   126.990    -2.004     3.188
 3     0.491    -0.025    -0.871
 3    -0.159     0.980    -0.118
 3     0.856     0.196     0.477
 4   112.970    13.240    -1.769
 4     0.523    -0.744     0.418
 4     0.843     0.376    -0.384
 4     0.128     0.552     0.823
 5   115.241    23.170    18.991
 5     0.211    -0.236     0.949
 5     0.442    -0.843    -0.307
 5     0.872     0.483    -0.073
 6   125.278    33.885    33.952
 6     0.333    -0.884    -0.333
 6     0.359     0.442    -0.821
 6     0.872     0.154     0.463
 7   114.851   -19.732    -0.903
 7     0.677     0.649     0.348
 7    -0.728     0.523     0.442
 7     0.105    -0.552     0.827
 8   118.547   -29.836    18.374
 8     0.295     0.259     0.920
 8    -0.526    -0.760     0.381
 8     0.797    -0.595    -0.088
 9   127.518   -42.612    33.034
 9     0.325     0.931    -0.166
 9    -0.430     0.299     0.852
 9     0.842    -0.206     0.497
 2    98.712   -22.670    59.313
 2     0.974    -0.229    -0.008
 2     0.228     0.972     0.053
 2    -0.003    -0.055     0.998
 3   126.914    -1.752     3.077
 3     0.480    -0.036    -0.877
 3    -0.140     0.983    -0.117
 3     0.866     0.179     0.466
 4   112.531    12.952    -2.373
 4     0.504    -0.744     0.440
 4     0.860     0.383    -0.336
 4     0.081     0.547     0.833
 5   114.805    24.315    17.688
 5     0.207    -0.189     0.960
 5     0.512    -0.816    -0.270
 5     0.833     0.547    -0.073
 6   124.988    36.107    31.740
 6     0.347    -0.886    -0.311
 6     0.419     0.440    -0.794
 6     0.839     0.145     0.523
 7   114.518   -19.431    -1.097
 7     0.668     0.647     0.367
 7    -0.740     0.527     0.418
 7     0.078    -0.550     0.831
 8   118.255   -31.220    17.099
 8     0.298     0.184     0.937
 8    -0.621    -0.709     0.335
 8     0.725    -0.681    -0.097
 9   127.343   -45.840    29.547
 9     0.340     0.931    -0.133
 9    -0.529     0.304     0.792
 9     0.777    -0.200     0.595
 2    98.712   -22.620    59.313
 2     0.973    -0.229    -0.008
 2     0.228     0.972     0.053
 2    -0.003    -0.055     0.998
 3   126.845    -1.610     2.913
 3     0.472    -0.044    -0.880
 3    -0.128     0.985    -0.118
 3     0.872     0.168     0.459
 4   112.239    12.642    -2.874
 4     0.492    -0.742     0.457
 4     0.870     0.392    -0.298
 4     0.042     0.543     0.838
 5   114.548    24.940    16.764
 5     0.209    -0.166     0.964
 5     0.555    -0.792    -0.255
 5     0.805     0.588    -0.073
 6   124.947    37.525    30.055
 6     0.358    -0.885    -0.301
 6     0.458     0.444    -0.769
 6     0.813     0.138     0.563
 7   113.997   -19.049    -1.480
 7     0.650     0.646     0.402
 7    -0.760     0.530     0.376
 7     0.031    -0.550     0.834
 8   117.751   -32.552    15.396
 8     0.300     0.097     0.949
 8    -0.711    -0.641     0.290
 8     0.636    -0.761    -0.123
 9   126.667   -48.942    25.396
 9     0.350     0.934    -0.075
 9    -0.625     0.290     0.725
 9     0.698    -0.207     0.685
 2    98.713   -22.620    59.313
 2     0.974    -0.229    -0.008
 2     0.228     0.972     0.053
 2    -0.003    -0.055     0.998
 3   126.793    -1.554     2.763
 3     0.464    -0.037    -0.885
 3    -0.127     0.986    -0.109
 3     0.876     0.163     0.452
 4   112.021    12.363    -3.197
 4     0.489    -0.737     0.468
 4     0.872     0.404    -0.274
 4     0.012     0.542     0.840
 5   114.632    25.488    15.998
 5     0.220    -0.150     0.964
 5     0.588    -0.769    -0.254
 5     0.778     0.621    -0.081
 6   125.374    38.458    28.481
 6     0.379    -0.877    -0.300
 6     0.485     0.461    -0.743
 6     0.788     0.137     0.599
 7   113.204   -18.658    -1.719
 7     0.619     0.645     0.448
 7    -0.785     0.528     0.323
 7    -0.028    -0.551     0.833
 8   117.317   -33.996    13.269
 8     0.313     0.003     0.950
 8    -0.799    -0.540     0.264
 8     0.513    -0.842    -0.167
 9   126.189   -52.039    19.909
 9     0.370     0.929     0.004
 9    -0.727     0.286     0.625
 9     0.579    -0.234     0.781
 2    98.711   -22.671    59.265
 2     0.974    -0.229    -0.008
 2     0.228     0.972     0.053
 2    -0.004    -0.055     0.998
 3   126.751    -1.658     2.581
 3     0.461    -0.027    -0.887
 3    -0.131     0.986    -0.098
 3     0.877     0.161     0.451
 4   111.741    12.056    -3.563
 4     0.482    -0.730     0.486
 4     0.876     0.414    -0.246
 4    -0.022     0.543     0.839
 5   114.559    26.036    15.086
 5     0.227    -0.130     0.965
 5     0.623    -0.743    -0.246
 5     0.748     0.657    -0.088
 6   125.493    39.416    26.940
 6     0.395    -0.872    -0.294
 6     0.515     0.472    -0.714
 6     0.760     0.131     0.635
 7   112.331   -18.010    -2.030
 7     0.596     0.636     0.492
 7    -0.798     0.536     0.273
 7    -0.090    -0.555     0.826
 8   116.928   -34.545    11.384
 8     0.325    -0.077     0.943
 8    -0.849    -0.463     0.255
 8     0.416    -0.883    -0.215
 9   125.633   -53.418    15.592
 9     0.382     0.922     0.070
 9    -0.784     0.282     0.553
 9     0.489    -0.266     0.830
 2    98.663   -22.620    59.262
 2     0.973    -0.230    -0.008
 2     0.228     0.972     0.053
 2    -0.003    -0.055     0.998
 3   126.518    -1.532     2.239
 3     0.466    -0.023    -0.885
 3    -0.129     0.987    -0.093
 3     0.875     0.157     0.456
 4   111.139    11.667    -3.987
 4     0.470    -0.720     0.512
 4     0.880     0.423    -0.213
 4    -0.064     0.550     0.832
 5   114.190    26.536    14.085
 5     0.232    -0.100     0.968
 5     0.656    -0.719    -0.231
 5     0.718     0.688    -0.101
 6   125.313    40.404    25.186
 6     0.404    -0.873    -0.279
 6     0.548     0.472    -0.690
 6     0.732     0.126     0.668
 7   111.472   -17.483    -2.336
 7     0.573     0.626     0.529
 7    -0.807     0.544     0.229
 7    -0.145    -0.557     0.817
 8   116.558   -34.819     9.881
 8     0.331    -0.142     0.933
 8    -0.878    -0.407     0.249
 8     0.344    -0.902    -0.259
 9   125.049   -54.191    12.241
 9     0.384     0.916     0.119
 9    -0.821     0.279     0.498
 9     0.423    -0.289     0.859
 2    98.663   -22.620    59.262
 2     0.973    -0.230    -0.008
 2     0.228     0.972     0.053
 2    -0.003    -0.055     0.998
 3   126.371    -1.488     1.917
 3     0.475    -0.013    -0.880
 3    -0.129     0.988    -0.085
 3     0.870     0.154     0.466
 4   110.708    11.333    -4.330
 4     0.465    -0.708     0.532
 4     0.880     0.435    -0.189
 4    -0.098     0.556     0.825
 5   114.202    26.831    13.234
 5     0.245    -0.077     0.966
 5     0.684    -0.693    -0.228
 5     0.687     0.716    -0.117
 6   125.563    41.007    23.554
 6     0.422    -0.869    -0.264
 6     0.572     0.478    -0.667
 6     0.703     0.131     0.697
 7   110.966   -17.218    -2.509
 7     0.559     0.615     0.557
 7    -0.808     0.554     0.199
 7    -0.186    -0.561     0.806
 8   116.321   -35.168     8.551
 8     0.334    -0.185     0.924
 8    -0.901    -0.351     0.255
 8     0.278    -0.918    -0.283
 9   124.492   -54.886     9.302
 9     0.391     0.897     0.208
 9    -0.852     0.267     0.449
 9     0.348    -0.352     0.869
 2    98.665   -22.670    59.310
 2     0.974    -0.229    -0.009
 2     0.228     0.972     0.053
 2    -0.002    -0.055     0.998
 3   126.358    -1.571     1.709
 3     0.480    -0.005    -0.878
 3    -0.134     0.988    -0.079
 3     0.867     0.155     0.472
 4   110.624    11.168    -4.472
 4     0.465    -0.701     0.542
 4     0.878     0.441    -0.182
 4    -0.112     0.560     0.820
 5   114.332    26.492    13.081
 5     0.256    -0.041     0.966
 5     0.691    -0.691    -0.212
 5     0.675     0.722    -0.148
 6   125.252    41.259    22.861
 6     0.448    -0.889    -0.097
 6     0.591     0.374    -0.714
 6     0.670     0.263     0.693
 7   110.748   -17.111    -2.616
 7     0.552     0.607     0.573
 7    -0.808     0.559     0.185
 7    -0.208    -0.564     0.799
 8   116.521   -34.995     8.247
 8     0.335    -0.261     0.906
 8    -0.909    -0.343     0.237
 8     0.249    -0.902    -0.351
 9   123.396   -55.125     8.279
 9     0.401     0.734     0.551
 9    -0.873     0.123     0.470
 9     0.277    -0.668     0.689
 2    98.711   -22.671    59.265
 2     0.974    -0.229    -0.008
 2     0.228     0.972     0.053
 2    -0.004    -0.055     0.998
 3   126.238    -1.578     1.504
 3     0.486    -0.004    -0.874
 3    -0.137     0.987    -0.080
 3     0.863     0.159     0.479
 4   110.278    10.951    -4.657
 4     0.457    -0.694     0.558
 4     0.880     0.443    -0.169
 4    -0.130     0.567     0.812
 5   114.058    26.471    12.699
 5     0.259     0.010     0.966
 5     0.715    -0.675    -0.184
 5     0.649     0.738    -0.183
 6   124.356    41.940    21.846
 6     0.460    -0.884     0.082
 6     0.629     0.259    -0.733
 6     0.626     0.388     0.675
 7   110.533   -16.974    -2.733
 7     0.553     0.594     0.585
 7    -0.801     0.571     0.178
 7    -0.228    -0.567     0.791
 8   116.819   -34.978     7.695
 8     0.347    -0.310     0.886
 8    -0.913    -0.327     0.242
 8     0.215    -0.893    -0.395
 9   123.094   -55.139     7.202
 9     0.403     0.542     0.739
 9    -0.891     0.045     0.450
 9     0.210    -0.839     0.500
 2    98.711   -22.671    59.265
 2     0.974    -0.229    -0.008
 2     0.228     0.972     0.053
 2    -0.004    -0.055     0.998
 3   126.178    -1.504     1.388
 3     0.489    -0.006    -0.872
 3    -0.137     0.987    -0.084
 3     0.861     0.161     0.482
 4   110.210    10.945    -4.767
 4     0.457    -0.688     0.564
 4     0.879     0.446    -0.167
 4    -0.137     0.571     0.808
 5   114.248    26.456    12.516
 5     0.270     0.042     0.962
 5     0.726    -0.665    -0.174
 5     0.632     0.746    -0.210
 6   124.152    42.226    21.378
 6     0.467    -0.862     0.199
 6     0.653     0.184    -0.734
 6     0.596     0.472     0.649
 7   110.493   -16.784    -2.859
 7     0.556     0.584     0.592
 7    -0.794     0.583     0.170
 7    -0.246    -0.565     0.787
 8   117.291   -34.809     7.044
 8     0.361    -0.356     0.862
 8    -0.915    -0.313     0.254
 8     0.180    -0.880    -0.438
 9   123.062   -54.978     5.981
 9     0.394     0.394     0.832
 9    -0.905     0.009     0.423
 9     0.157    -0.919     0.358
 2    98.710   -22.621    59.316
 2     0.974    -0.229    -0.008
 2     0.228     0.972     0.053
 2    -0.004    -0.055     0.998
 3   126.226    -1.405     1.285
 3     0.488    -0.007    -0.873
 3    -0.140     0.986    -0.086
 3     0.861     0.164     0.480
 4   110.185    10.833    -4.916
 4     0.458    -0.683     0.570
 4     0.876     0.453    -0.162
 4    -0.148     0.573     0.805
 5   114.372    26.618    12.156
 5     0.276     0.057     0.959
 5     0.737    -0.654    -0.172
 5     0.617     0.754    -0.223
 6   124.215    42.565    20.701
 6     0.474    -0.852     0.223
 6     0.664     0.180    -0.725
 6     0.577     0.491     0.651
 7   110.492   -16.574    -3.020
 7     0.558     0.573     0.602
 7    -0.785     0.598     0.159
 7    -0.269    -0.561     0.782
 8   117.727   -34.828     6.188
 8     0.381    -0.382     0.842
 8    -0.914    -0.288     0.283
 8     0.135    -0.878    -0.458
 9   123.831   -54.771     4.243
 9     0.409     0.343     0.847
 9    -0.906     0.037     0.421
 9     0.111    -0.939     0.324
 2    98.710   -22.621    59.316
 2     0.974    -0.229    -0.008
 2     0.228     0.972     0.053
 2    -0.004    -0.055     0.998
 3   126.224    -1.328     1.207
 3     0.488    -0.012    -0.873
 3    -0.139     0.986    -0.091
 3     0.861     0.166     0.479
 4   109.924    10.504    -5.177
 4     0.457    -0.672     0.584
 4     0.872     0.465    -0.146
 4    -0.174     0.576     0.798
 5   114.547    26.811    11.319
 5     0.294     0.078     0.953
 5     0.755    -0.630    -0.181
 5     0.585     0.773    -0.244
 6   124.729    42.930    18.908
 6     0.499    -0.835     0.234
 6     0.680     0.210    -0.702
 6     0.537     0.508     0.673
 7   110.392   -16.361    -3.185
 7     0.562     0.559     0.611
 7    -0.774     0.614     0.150
 7    -0.291    -0.557     0.777
 8   118.377   -34.746     5.169
 8     0.410    -0.410     0.815
 8    -0.908    -0.264     0.323
 8     0.084    -0.873    -0.480
 9   124.722   -54.343     1.989
 9     0.432     0.300     0.851
 9    -0.900     0.083     0.427
 9     0.056    -0.950     0.305
 2    98.710   -22.621    59.316
 2     0.974    -0.229    -0.008
 2     0.228     0.972     0.053
 2    -0.004    -0.055     0.998
 3   126.280    -1.326     0.973
 3     0.487    -0.012    -0.874
 3    -0.138     0.986    -0.091
 3     0.862     0.164     0.477
 4   109.761    10.175    -5.487
 4     0.455    -0.661     0.599
 4     0.868     0.479    -0.130
 4    -0.201     0.578     0.790
 5   114.638    27.063    10.442
 5     0.301     0.093     0.949
 5     0.773    -0.607    -0.185
 5     0.558     0.789    -0.254
 6   124.899    43.384    17.311
 6     0.507    -0.829     0.236
 6     0.696     0.233    -0.678
 6     0.507     0.507     0.696
 7   109.882   -15.876    -3.488
 7     0.552     0.544     0.633
 7    -0.761     0.638     0.115
 7    -0.341    -0.545     0.765
 8   118.309   -34.551     3.058
 8     0.425    -0.465     0.778
 8    -0.905    -0.202     0.373
 8    -0.016    -0.862    -0.506
 9   124.512   -53.861    -2.536
 9     0.433     0.223     0.874
 9    -0.900     0.161     0.404
 9    -0.052    -0.961     0.270
 2    98.665   -22.619    59.311
 2     0.974    -0.229    -0.009
 2     0.228     0.972     0.053
 2    -0.002    -0.056     0.998
 3   126.180    -1.278     0.668
 3     0.486    -0.006    -0.874
 3    -0.142     0.986    -0.086
 3     0.862     0.166     0.478
 4   109.274     9.733    -5.719
 4     0.453    -0.641     0.621
 4     0.859     0.498    -0.112
 4    -0.238     0.583     0.776
 5   114.646    27.275     9.340
 5     0.319     0.119     0.940
 5     0.793    -0.577    -0.196
 5     0.519     0.808    -0.278
 6   125.194    43.752    15.359
 6     0.524    -0.815     0.246
 6     0.712     0.262    -0.651
 6     0.467     0.516     0.718
 7   108.801   -15.314    -3.560
 7     0.530     0.520     0.670
 7    -0.740     0.668     0.067
 7    -0.413    -0.531     0.739
 8   117.890   -34.264     0.140
 8     0.438    -0.546     0.716
 8    -0.883    -0.111     0.455
 8    -0.168    -0.830    -0.530
 9   123.701   -52.640    -9.212
 9     0.432     0.127     0.893
 9    -0.875     0.296     0.381
 9    -0.216    -0.947     0.238
 2    98.665   -22.670    59.310
 2     0.974    -0.229    -0.009
 2     0.228     0.972     0.053
 2    -0.002    -0.055     0.998
 3   125.804    -1.416     0.247
 3     0.495     0.004    -0.869
 3    -0.147     0.986    -0.079
 3     0.856     0.167     0.488
 4   108.602     9.374    -5.900
 4     0.451    -0.621     0.642
 4     0.852     0.513    -0.101
 4    -0.267     0.592     0.759
 5   114.489    27.348     8.658
 5     0.332     0.141     0.933
 5     0.805    -0.557    -0.202
 5     0.491     0.818    -0.298
 6   125.111    43.900    13.934
 6     0.537    -0.802     0.260
 6     0.722     0.279    -0.632
 6     0.435     0.527     0.730
 7   108.025   -14.950    -3.517
 7     0.510     0.496     0.703
 7    -0.713     0.700     0.024
 7    -0.480    -0.514     0.711
 8   117.533   -33.808    -2.222
 8     0.443    -0.605     0.664
 8    -0.850    -0.046     0.523
 8    -0.285    -0.795    -0.533
 9   123.058   -51.161   -13.838
 9     0.423     0.059     0.904
 9    -0.843     0.391     0.368
 9    -0.332    -0.918     0.215
 2    98.665   -22.670    59.310
 2     0.973    -0.229    -0.009
 2     0.228     0.972     0.053
 2    -0.002    -0.055     0.998
 3   125.601    -1.427     0.054
 3     0.503     0.009    -0.865
 3    -0.153     0.985    -0.079
 3     0.850     0.172     0.496
 4   108.302     9.186    -5.926
 4     0.450    -0.614     0.650
 4     0.849     0.518    -0.098
 4    -0.277     0.596     0.753
 5   114.306    27.243     8.486
 5     0.334     0.144     0.931
 5     0.806    -0.556    -0.203
 5     0.488     0.819    -0.302
 6   125.021    43.894    13.597
 6     0.540    -0.800     0.262
 6     0.724     0.283    -0.629
 6     0.429     0.528     0.732
 7   107.527   -14.780    -3.406
 7     0.488     0.479     0.730
 7    -0.690     0.723    -0.013
 7    -0.534    -0.497     0.683
 8   117.451   -33.214    -4.142
 8     0.450    -0.659     0.605
 8    -0.805    -0.004     0.593
 8    -0.387    -0.753    -0.531
 9   122.636   -49.071   -18.285
 9     0.418    -0.019     0.908
 9    -0.791     0.484     0.374
 9    -0.446    -0.875     0.188
 2    98.712   -22.620    59.313
 2     0.973    -0.230    -0.008
 2     0.228     0.972     0.053
 2    -0.003    -0.055     0.998
 3   125.523    -1.479    -0.067
 3     0.505     0.011    -0.863
 3    -0.154     0.985    -0.077
 3     0.849     0.171     0.499
 4   107.958     8.863    -6.104
 4     0.449    -0.602     0.661
 4     0.843     0.530    -0.090
 4    -0.296     0.597     0.744
 5   114.191    27.220     7.844
 5     0.341     0.156     0.927
 5     0.817    -0.537    -0.210
 5     0.465     0.828    -0.311
 6   124.959    43.820    12.455
 6     0.550    -0.791     0.271
 6     0.731     0.299    -0.613
 6     0.404     0.534     0.742
 7   106.949   -14.613    -3.141
 7     0.463     0.470     0.752
 7    -0.664     0.745    -0.057
 7    -0.587    -0.474     0.656
 8   116.971   -32.463    -6.234
 8     0.449    -0.711     0.543
 8    -0.739     0.047     0.672
 8    -0.503    -0.702    -0.504
 9   121.615   -46.464   -22.750
 9     0.399    -0.096     0.912
 9    -0.723     0.578     0.377
 9    -0.563    -0.810     0.162
 2    98.713   -22.620    59.313
 2     0.974    -0.229    -0.008
 2     0.228     0.972     0.053
 2    -0.003    -0.055     0.998
 3   125.407    -1.653    -0.257
 3     0.502     0.010    -0.865
 3    -0.152     0.985    -0.077
 3     0.851     0.170     0.496
 4   107.626     8.545    -6.146
 4     0.446    -0.596     0.668
 4     0.840     0.535    -0.082
 4    -0.309     0.598     0.739
 5   113.930    27.084     7.494
 5     0.340     0.170     0.925
 5     0.824    -0.527    -0.206
 5     0.453     0.832    -0.320
 6   124.625    43.957    11.746
 6     0.550    -0.782     0.296
 6     0.742     0.295    -0.602
 6     0.384     0.550     0.741
 7   106.382   -14.442    -2.944
 7     0.427     0.458     0.780
 7    -0.625     0.772    -0.110
 7    -0.653    -0.441     0.616
 8   116.401   -31.087    -8.492
 8     0.432    -0.775     0.464
 8    -0.654     0.086     0.751
 8    -0.621    -0.626    -0.470
 9   119.924   -42.885   -27.248
 9     0.358    -0.202     0.912
 9    -0.634     0.665     0.395
 9    -0.685    -0.719     0.111
 2    98.710   -22.621    59.316
 2     0.974    -0.229    -0.008
 2     0.228     0.972     0.053
 2    -0.004    -0.055     0.998
 3   125.252    -1.533    -0.390
 3     0.499     0.006    -0.867
 3    -0.162     0.983    -0.087
 3     0.851     0.184     0.490
 4   107.418     8.545    -6.144
 4     0.441    -0.595     0.673
 4     0.841     0.533    -0.081
 4    -0.311     0.602     0.735
 5   113.670    27.135     7.519
 5     0.336     0.184     0.924
 5     0.826    -0.527    -0.196
 5     0.451     0.829    -0.329
 6   124.191    44.078    11.583
 6     0.547    -0.772     0.325
 6     0.748     0.277    -0.603
 6     0.375     0.572     0.728
 7   105.848   -13.947    -2.698
 7     0.390     0.437     0.810
 7    -0.573     0.804    -0.158
 7    -0.721    -0.403     0.564
 8   115.366   -29.397   -10.671
 8     0.396    -0.825     0.406
 8    -0.559     0.133     0.817
 8    -0.728    -0.550    -0.409
 9   118.009   -38.779   -31.110
 9     0.310    -0.275     0.911
 9    -0.533     0.743     0.404
 9    -0.787    -0.610     0.084
 2    98.665   -22.619    59.311
 2     0.973    -0.229    -0.009
 2     0.228     0.972     0.054
 2    -0.002    -0.056     0.998
 3   125.108    -1.420    -0.529
 3     0.498     0.005    -0.867
 3    -0.178     0.979    -0.096
 3     0.848     0.202     0.488
 4   107.217     8.672    -6.073
 4     0.441    -0.591     0.677
 4     0.842     0.531    -0.084
 4    -0.310     0.607     0.731
 5   113.620    27.160     7.566
 5     0.340     0.188     0.922
 5     0.825    -0.529    -0.196
 5     0.451     0.827    -0.334
 6   124.140    44.078    11.684
 6     0.548    -0.771     0.327
 6     0.747     0.276    -0.604
 6     0.375     0.574     0.727
 7   105.300   -13.613    -2.528
 7     0.358     0.420     0.834
 7    -0.525     0.829    -0.192
 7    -0.772    -0.370     0.517
 8   114.703   -27.783   -12.182
 8     0.375    -0.855     0.360
 8    -0.471     0.159     0.867
 8    -0.799    -0.494    -0.343
 9   116.536   -35.001   -33.838
 9     0.277    -0.324     0.905
 9    -0.438     0.796     0.417
 9    -0.855    -0.511     0.078
 2    98.665   -22.669    59.311
 2     0.973    -0.229    -0.009
 2     0.228     0.972     0.053
 2    -0.002    -0.056     0.998
 3   124.985    -1.280    -0.637
 3     0.501     0.006    -0.866
 3    -0.189     0.976    -0.104
 3     0.844     0.216     0.490
 4   107.032     8.670    -6.119
 4     0.438    -0.588     0.681
 4     0.843     0.531    -0.083
 4    -0.313     0.610     0.727
 5   113.316    27.204     7.410
 5     0.338     0.201     0.919
 5     0.830    -0.523    -0.191
 5     0.442     0.828    -0.344
 6   123.734    44.299    11.304
 6     0.545    -0.767     0.340
 6     0.755     0.272    -0.597
 6     0.365     0.580     0.727
 7   104.892   -13.287    -2.384
 7     0.319     0.397     0.860
 7    -0.469     0.855    -0.220
 7    -0.823    -0.334     0.459
 8   113.835   -26.096   -13.625
 8     0.342    -0.884     0.320
 8    -0.378     0.181     0.907
 8    -0.860    -0.431    -0.273
 9   114.680   -31.103   -36.180
 9     0.232    -0.366     0.902
 9    -0.339     0.838     0.426
 9    -0.912    -0.403     0.070
 2    98.665   -22.670    59.311
 2     0.974    -0.229    -0.009
 2     0.228     0.972     0.053
 2    -0.002    -0.056     0.998
 3   124.843    -1.291    -0.750
 3     0.502     0.007    -0.865
 3    -0.202     0.973    -0.110
 3     0.841     0.230     0.490
 4   106.871     8.590    -6.135
 4     0.437    -0.584     0.685
 4     0.842     0.532    -0.083
 4    -0.317     0.613     0.723
 5   113.293    27.206     7.304
 5     0.336     0.202     0.920
 5     0.831    -0.523    -0.189
 5     0.443     0.828    -0.344
 6   123.683    44.197    11.205
 6     0.546    -0.767     0.340
 6     0.755     0.274    -0.596
 6     0.364     0.580     0.728
 7   104.603   -13.116    -2.210
 7     0.291     0.382     0.877
 7    -0.427     0.872    -0.238
 7    -0.856    -0.306     0.417
 8   113.471   -24.614   -14.582
 8     0.333    -0.899     0.284
 8    -0.289     0.190     0.938
 8    -0.898    -0.394    -0.197
 9   114.110   -27.419   -37.550
 9     0.220    -0.396     0.892
 9    -0.240     0.864     0.442
 9    -0.945    -0.310     0.094
 2    98.665   -22.619    59.311
 2     0.973    -0.229    -0.009
 2     0.228     0.972     0.053
 2    -0.002    -0.056     0.998
 3   124.816    -1.282    -0.726
 3     0.503     0.008    -0.864
 3    -0.219     0.968    -0.119
 3     0.836     0.249     0.489
 4   106.883     8.671    -6.124
 4     0.438    -0.584     0.684
 4     0.842     0.531    -0.087
 4    -0.312     0.614     0.724
 5   113.270    27.138     7.559
 5     0.336     0.194     0.922
 5     0.826    -0.530    -0.190
 5     0.452     0.825    -0.338
 6   123.714    44.079    11.632
 6     0.544    -0.772     0.329
 6     0.750     0.272    -0.602
 6     0.375     0.573     0.727
 7   104.557   -13.125    -2.050
 7     0.280     0.362     0.889
 7    -0.389     0.889    -0.240
 7    -0.878    -0.279     0.390
 8   113.517   -23.263   -15.404
 8     0.333    -0.913     0.238
 8    -0.194     0.181     0.964
 8    -0.923    -0.367    -0.118
 9   113.803   -23.562   -38.649
 9     0.211    -0.439     0.874
 9    -0.132     0.873     0.468
 9    -0.969    -0.213     0.125
 2    98.710   -22.621    59.316
 2     0.974    -0.229    -0.008
 2     0.228     0.972     0.053
 2    -0.004    -0.055     0.998
 3   124.846    -1.367    -0.705
 3     0.506     0.009    -0.862
 3    -0.227     0.966    -0.124
 3     0.832     0.258     0.491
 4   106.931     8.591    -6.117
 4     0.442    -0.583     0.682
 4     0.840     0.535    -0.087
 4    -0.314     0.612     0.725
 5   113.444    26.981     7.442
 5     0.342     0.186     0.921
 5     0.825    -0.529    -0.199
 5     0.450     0.828    -0.334
 6   124.026    43.850    11.580
 6     0.550    -0.773     0.317
 6     0.745     0.283    -0.604
 6     0.377     0.567     0.731
 7   104.224   -13.200    -1.775
 7     0.256     0.345     0.903
 7    -0.345     0.905    -0.248
 7    -0.903    -0.248     0.350
 8   113.236   -21.424   -16.274
 8     0.322    -0.930     0.176
 8    -0.079     0.158     0.984
 8    -0.943    -0.331    -0.022
 9   112.937   -19.088   -39.613
 9     0.199    -0.485     0.853
 9    -0.017     0.867     0.496
 9    -0.980    -0.112     0.163
 2    98.662   -22.670    59.313
 2     0.974    -0.229    -0.008
 2     0.228     0.972     0.053
 2    -0.003    -0.055     0.998
 3   124.696    -1.511    -0.680
 3     0.505     0.016    -0.863
 3    -0.245     0.961    -0.126
 3     0.827     0.275     0.489
 4   106.880     8.485    -6.058
 4     0.449    -0.578     0.682
 4     0.836     0.540    -0.092
 4    -0.316     0.611     0.725
 5   113.452    26.905     7.488
 5     0.346     0.181     0.921
 5     0.822    -0.531    -0.204
 5     0.452     0.827    -0.333
 6   124.129    43.721    11.632
 6     0.555    -0.772     0.312
 6     0.741     0.288    -0.606
 6     0.377     0.566     0.732
 7   103.932   -12.995    -1.538
 7     0.233     0.333     0.914
 7    -0.299     0.918    -0.259
 7    -0.925    -0.213     0.313
 8   112.796   -19.757   -17.012
 8     0.322    -0.932     0.166
 8     0.009     0.178     0.984
 8    -0.947    -0.315     0.066
 9   112.110   -14.828   -40.537
 9     0.181    -0.498     0.849
 9     0.101     0.867     0.486
 9    -0.978    -0.001     0.206
 2    98.712   -22.620    59.313
 2     0.973    -0.230    -0.008
 2     0.228     0.972     0.053
 2    -0.003    -0.055     0.998
 3   124.688    -1.394    -0.600
 3     0.501     0.018    -0.865
 3    -0.258     0.957    -0.129
 3     0.826     0.288     0.484
 4   107.001     8.772    -5.982
 4     0.453    -0.579     0.679
 4     0.837     0.537    -0.100
 4    -0.307     0.613     0.727
 5   113.537    26.991     7.809
 5     0.347     0.172     0.922
 5     0.815    -0.542    -0.205
 5     0.464     0.822    -0.328
 6   124.289    43.680    12.228
 6     0.557    -0.774     0.302
 6     0.733     0.287    -0.616
 6     0.390     0.564     0.727
 7   103.905   -12.791    -1.577
 7     0.221     0.333     0.916
 7    -0.280     0.922    -0.268
 7    -0.934    -0.198     0.297
 8   112.835   -19.295   -17.162
 8     0.326    -0.930     0.171
 8     0.025     0.189     0.981
 8    -0.945    -0.315     0.085
 9   112.322   -14.012   -40.582
 9     0.185    -0.497     0.848
 9     0.123     0.867     0.481
 9    -0.975     0.017     0.221
 2    98.662   -22.670    59.313
 2     0.973    -0.230    -0.008
 2     0.228     0.972     0.053
 2    -0.003    -0.055     0.998
 3   124.702    -1.323    -0.591
 3     0.502     0.015    -0.865
 3    -0.262     0.955    -0.137
 3     0.824     0.295     0.484
 4   107.011     8.776    -5.993
 4     0.453    -0.581     0.676
 4     0.838     0.535    -0.102
 4    -0.303     0.613     0.729
 5   113.397    26.996     7.825
 5     0.340     0.168     0.925
 5     0.815    -0.543    -0.201
 5     0.468     0.823    -0.322
 6   124.123    43.735    12.395
 6     0.552    -0.778     0.301
 6     0.735     0.283    -0.616
 6     0.394     0.560     0.728
 7   103.954   -12.843    -1.515
 7     0.219     0.328     0.919
 7    -0.279     0.923    -0.263
 7    -0.935    -0.199     0.294
 8   112.946   -19.371   -17.103
 8     0.327    -0.930     0.171
 8     0.021     0.188     0.982
 8    -0.945    -0.317     0.081
 9   112.528   -14.564   -40.437
 9     0.190    -0.494     0.849
 9     0.106     0.869     0.481
 9    -0.976    -0.000     0.216
 2    98.710   -22.621    59.316
 2     0.974    -0.229    -0.008
 2     0.228     0.972     0.053
 2    -0.004    -0.055     0.998
 3   124.677    -1.346    -0.490
 3     0.503     0.012    -0.864
 3    -0.260     0.955    -0.138
 3     0.824     0.294     0.484
 4   107.009     8.725    -5.989
 4     0.452    -0.583     0.676
 4     0.839     0.535    -0.099
 4    -0.304     0.611     0.730
 5   113.397    26.971     7.826
 5     0.338     0.167     0.926
 5     0.816    -0.542    -0.200
 5     0.468     0.824    -0.319
 6   124.079    43.687    12.390
 6     0.549    -0.781     0.299
 6     0.736     0.282    -0.615
 6     0.396     0.557     0.729
 7   103.958   -12.921    -1.511
 7     0.218     0.330     0.918
 7    -0.281     0.922    -0.265
 7    -0.935    -0.200     0.293
 8   112.719   -19.944   -16.866
 8     0.321    -0.926     0.198
 8    -0.005     0.208     0.978
 8    -0.947    -0.315     0.061
 9   112.362   -15.967   -40.203
 9     0.191    -0.463     0.866
 9     0.062     0.885     0.459
 9    -0.980    -0.033     0.197
 2    98.660   -22.621    59.316
 2     0.973    -0.230    -0.008
 2     0.228     0.972     0.053
 2    -0.004    -0.055     0.998
 3   124.701    -1.344    -0.491
 3     0.505     0.009    -0.863
 3    -0.257     0.956    -0.140
 3     0.824     0.293     0.485
 4   107.011     8.676    -5.992
 4     0.451    -0.584     0.675
 4     0.839     0.533    -0.099
 4    -0.303     0.611     0.730
 5   113.225    26.830     7.975
 5     0.330     0.162     0.930
 5     0.814    -0.548    -0.193
 5     0.478     0.821    -0.312
 6   123.800    43.645    12.717
 6     0.542    -0.786     0.297
 6     0.735     0.274    -0.619
 6     0.405     0.554     0.726
 7   104.051   -13.009    -1.441
 7     0.221     0.334     0.916
 7    -0.296     0.918    -0.264
 7    -0.929    -0.213     0.302
 8   112.769   -20.867   -16.462
 8     0.314    -0.925     0.215
 8    -0.054     0.208     0.976
 8    -0.948    -0.318     0.016
 9   112.565   -18.798   -39.676
 9     0.196    -0.437     0.878
 9    -0.019     0.893     0.448
 9    -0.980    -0.103     0.166
 2    98.712   -22.620    59.313
 2     0.973    -0.230    -0.008
 2     0.228     0.972     0.053
 2    -0.003    -0.055     0.998
 3   124.702    -1.338    -0.441
 3     0.509     0.002    -0.861
 3    -0.249     0.957    -0.145
 3     0.824     0.288     0.488
 4   106.958     8.600    -5.989
 4     0.447    -0.587     0.676
 4     0.841     0.531    -0.094
 4    -0.304     0.610     0.731
 5   113.113    26.827     7.861
 5     0.327     0.164     0.931
 5     0.817    -0.543    -0.192
 5     0.474     0.823    -0.312
 6   123.674    43.697    12.667
 6     0.540    -0.788     0.298
 6     0.738     0.273    -0.617
 6     0.405     0.552     0.728
 7   104.116   -13.245    -1.485
 7     0.225     0.342     0.912
 7    -0.320     0.910    -0.262
 7    -0.920    -0.234     0.314
 8   112.868   -22.200   -15.808
 8     0.312    -0.918     0.245
 8    -0.128     0.215     0.968
 8    -0.941    -0.333    -0.051
 9   112.839   -22.144   -38.876
 9     0.199    -0.409     0.891
 9    -0.108     0.894     0.433
 9    -0.974    -0.181     0.133
 2    98.660   -22.621    59.316
 2     0.974    -0.229    -0.008
 2     0.228     0.972     0.053
 2    -0.004    -0.055     0.998
 3   124.698    -1.386    -0.410
 3     0.514    -0.002    -0.858
 3    -0.243     0.959    -0.148
 3     0.823     0.284     0.492
 4   106.954     8.549    -6.038
 4     0.445    -0.588     0.677
 4     0.842     0.530    -0.093
 4    -0.305     0.610     0.730
 5   113.031    26.707     7.970
 5     0.324     0.160     0.932
 5     0.815    -0.548    -0.189
 5     0.480     0.821    -0.308
 6   123.588    43.625    12.830
 6     0.537    -0.790     0.295
 6     0.737     0.270    -0.619
 6     0.410     0.549     0.728
 7   104.351   -13.425    -1.590
 7     0.239     0.355     0.903
 7    -0.373     0.893    -0.252
 7    -0.896    -0.277     0.346
 8   113.257   -24.240   -14.676
 8     0.325    -0.903     0.282
