% Calibrated with leiden_pols
% Positions are in centimeters
Data =[
 2    98.669   -22.663    59.346
 2     0.971    -0.239    -0.013
 2     0.238     0.969     0.049
 2     0.002    -0.053     0.998
 3   128.033    -1.422    -0.267
 3     0.470    -0.016    -0.882
 3    -0.204     0.970    -0.127
 3     0.858     0.240     0.453
 4   112.532     8.466    -8.687
 4     0.649    -0.536     0.541
 4     0.690     0.712    -0.124
 4    -0.319     0.453     0.831
 5   121.309    27.851     3.269
 5     0.692    -0.193     0.697
 5     0.611    -0.359    -0.705
 5     0.385     0.913    -0.131
 6   134.857    13.177     2.196
 6     0.386     0.914    -0.120
 6    -0.916     0.395     0.063
 6     0.105     0.085     0.990
 7   112.884   -14.647    -7.959
 7     0.659     0.481     0.579
 7    -0.646     0.755     0.109
 7    -0.385    -0.446     0.807
 8   121.384   -34.220    -3.964
 8     0.584     0.256     0.771
 8    -0.808     0.096     0.580
 8     0.073    -0.962     0.261
 9   134.637   -19.715    -3.180
 9     0.413    -0.910    -0.025
 9     0.859     0.399    -0.320
 9     0.301     0.110     0.947
 2    98.669   -22.663    59.346
 2     0.971    -0.239    -0.013
 2     0.238     0.969     0.049
 2     0.002    -0.053     0.998
 3   125.664    -2.158    -0.033
 3     0.521    -0.015    -0.854
 3    -0.197     0.971    -0.137
 3     0.830     0.239     0.502
 4   109.080     7.614    -7.892
 4     0.611    -0.528     0.591
 4     0.703     0.704    -0.098
 4    -0.364     0.474     0.801
 5   117.815    27.412     3.586
 5     0.692    -0.125     0.711
 5     0.633    -0.367    -0.681
 5     0.345     0.922    -0.176
 6   131.585    13.476     1.735
 6     0.432     0.899    -0.068
 6    -0.898     0.436     0.054
 6     0.078     0.037     0.996
 7   109.939   -15.816    -6.623
 7     0.653     0.442     0.615
 7    -0.650     0.743     0.155
 7    -0.389    -0.501     0.772
 8   119.646   -34.851    -1.699
 8     0.614     0.250     0.749
 8    -0.780     0.046     0.623
 8     0.120    -0.967     0.223
 9   132.509   -19.951    -0.392
 9     0.410    -0.911     0.032
 9     0.873     0.382    -0.303
 9     0.264     0.152     0.952
 2    98.721   -22.662    59.344
 2     0.971    -0.239    -0.014
 2     0.238     0.969     0.049
 2     0.003    -0.053     0.998
 3   124.003    -1.873    -0.280
 3     0.591    -0.014    -0.806
 3    -0.190     0.969    -0.156
 3     0.784     0.245     0.570
 4   106.734     8.005    -7.240
 4     0.567    -0.526     0.635
 4     0.726     0.682    -0.084
 4    -0.389     0.508     0.767
 5   115.382    28.268     3.777
 5     0.671    -0.100     0.734
 5     0.664    -0.360    -0.655
 5     0.329     0.927    -0.177
 6   129.923    14.874     1.995
 6     0.469     0.882    -0.038
 6    -0.879     0.470     0.084
 6     0.092    -0.006     0.996
 7   109.034   -15.413    -6.598
 7     0.630     0.446     0.637
 7    -0.661     0.737     0.137
 7    -0.408    -0.507     0.759
 8   116.379   -35.021    -1.935
 8     0.505     0.325     0.800
 8    -0.850     0.025     0.526
 8     0.150    -0.945     0.287
 9   130.178   -21.820    -0.257
 9     0.496    -0.864     0.093
 9     0.812     0.423    -0.400
 9     0.306     0.273     0.912
 2    98.669   -22.663    59.346
 2     0.971    -0.239    -0.013
 2     0.238     0.969     0.049
 2     0.002    -0.053     0.998
 3   123.162    -1.307    -0.665
 3     0.623     0.007    -0.782
 3    -0.208     0.965    -0.157
 3     0.753     0.261     0.603
 4   105.475     8.578    -6.917
 4     0.546    -0.508     0.667
 4     0.734     0.672    -0.090
 4    -0.403     0.538     0.739
 5   114.268    28.783     3.824
 5     0.673    -0.065     0.737
 5     0.672    -0.363    -0.645
 5     0.308     0.930    -0.201
 6   128.571    15.362     1.075
 6     0.466     0.884     0.035
 6    -0.882     0.462     0.093
 6     0.067    -0.075     0.995
 7   107.672   -14.550    -6.934
 7     0.604     0.438     0.667
 7    -0.658     0.745     0.107
 7    -0.450    -0.503     0.737
 8   114.268   -34.570    -3.972
 8     0.469     0.299     0.832
 8    -0.880     0.078     0.468
 8     0.073    -0.951     0.299
 9   128.488   -21.459    -4.545
 9     0.504    -0.861     0.073
 9     0.802     0.435    -0.408
 9     0.319     0.264     0.910
 2    98.669   -22.663    59.346
 2     0.971    -0.239    -0.013
 2     0.238     0.969     0.049
 2     0.002    -0.053     0.998
 3   122.864    -1.227    -1.097
 3     0.631     0.014    -0.776
 3    -0.227     0.959    -0.167
 3     0.741     0.282     0.608
 4   105.097     8.582    -6.937
 4     0.543    -0.499     0.676
 4     0.738     0.666    -0.102
 4    -0.400     0.554     0.730
 5   113.592    28.834     3.773
 5     0.666    -0.037     0.745
 5     0.682    -0.375    -0.627
 5     0.302     0.926    -0.225
 6   127.650    16.095     0.174
 6     0.467     0.884     0.009
 6    -0.884     0.466     0.019
 6     0.013    -0.017     1.000
 7   107.141   -13.507    -7.746
 7     0.583     0.414     0.699
 7    -0.622     0.780     0.057
 7    -0.522    -0.468     0.713
 8   113.307   -33.791    -7.114
 8     0.443     0.219     0.870
 8    -0.894     0.171     0.412
 8    -0.059    -0.960     0.271
 9   128.523   -21.499    -7.515
 9     0.521    -0.851    -0.068
 9     0.781     0.507    -0.363
 9     0.343     0.135     0.929
 2    98.671   -22.611    59.344
 2     0.971    -0.239    -0.014
 2     0.238     0.969     0.050
 2     0.003    -0.053     0.998
 3   122.750    -0.932    -1.188
 3     0.631     0.017    -0.776
 3    -0.239     0.955    -0.174
 3     0.738     0.295     0.606
 4   105.020     9.134    -6.814
 4     0.535    -0.504     0.679
 4     0.752     0.649    -0.112
 4    -0.385     0.570     0.725
 5   113.028    29.210     4.304
 5     0.650    -0.013     0.760
 5     0.693    -0.402    -0.599
 5     0.313     0.915    -0.253
 6   127.409    16.753     0.525
 6     0.477     0.879    -0.018
 6    -0.879     0.476    -0.031
 6    -0.018     0.030     0.999
 7   107.144   -13.127    -7.757
 7     0.593     0.398     0.701
 7    -0.607     0.792     0.064
 7    -0.529    -0.464     0.710
 8   114.097   -33.374    -7.109
 8     0.471     0.202     0.859
 8    -0.880     0.177     0.441
 8    -0.064    -0.963     0.261
 9   129.176   -20.679    -7.551
 9     0.518    -0.855    -0.035
 9     0.781     0.488    -0.389
 9     0.350     0.174     0.920
 2    98.670   -22.612    59.347
 2     0.971    -0.239    -0.014
 2     0.238     0.969     0.050
 2     0.002    -0.054     0.998
 3   122.736    -0.709    -1.177
 3     0.633     0.014    -0.774
 3    -0.243     0.953    -0.182
 3     0.735     0.303     0.606
 4   104.952     9.268    -6.680
 4     0.532    -0.504     0.681
 4     0.756     0.643    -0.116
 4    -0.380     0.577     0.723
 5   113.120    29.042     4.751
 5     0.654    -0.002     0.757
 5     0.685    -0.423    -0.593
 5     0.321     0.906    -0.276
 6   127.265    16.834    -0.047
 6     0.474     0.880    -0.015
 6    -0.878     0.472    -0.086
 6    -0.068     0.054     0.996
 7   106.837   -13.138    -7.646
 7     0.581     0.396     0.711
 7    -0.612     0.788     0.062
 7    -0.536    -0.471     0.700
 8   113.577   -33.500    -6.605
 8     0.467     0.124     0.876
 8    -0.880     0.157     0.447
 8    -0.082    -0.980     0.182
 9   128.735   -20.899    -9.521
 9     0.537    -0.843    -0.033
 9     0.808     0.525    -0.267
 9     0.242     0.117     0.963
 2    98.669   -22.663    59.346
 2     0.971    -0.239    -0.013
 2     0.238     0.969     0.049
 2     0.002    -0.053     0.998
 3   122.456    -0.820    -1.263
 3     0.643     0.020    -0.766
 3    -0.244     0.953    -0.181
 3     0.726     0.303     0.616
 4   104.357     9.093    -6.460
 4     0.516    -0.499     0.697
 4     0.766     0.631    -0.116
 4    -0.382     0.594     0.708
 5   112.660    28.178     6.090
 5     0.653     0.137     0.745
 5     0.698    -0.491    -0.522
 5     0.293     0.860    -0.416
 6   126.583    18.703    -1.702
 6     0.513     0.854    -0.078
 6    -0.810     0.453    -0.372
 6    -0.283     0.254     0.925
 7   106.579   -13.487    -7.345
 7     0.572     0.386     0.724
 7    -0.627     0.774     0.083
 7    -0.529    -0.501     0.685
 8   114.140   -33.692    -3.493
 8     0.465    -0.138     0.874
 8    -0.883    -0.006     0.469
 8    -0.059    -0.990    -0.124
 9   127.225   -23.502   -13.759
 9     0.559    -0.820     0.118
 9     0.807     0.572     0.147
 9    -0.189     0.013     0.982
 2    98.669   -22.663    59.346
 2     0.971    -0.239    -0.013
 2     0.238     0.969     0.049
 2     0.002    -0.053     0.998
 3   122.310    -0.669    -1.237
 3     0.652     0.014    -0.758
 3    -0.236     0.954    -0.186
 3     0.720     0.300     0.625
 4   103.993     9.234    -6.306
 4     0.487    -0.511     0.709
 4     0.787     0.607    -0.103
 4    -0.379     0.608     0.697
 5   112.277    28.002     6.572
 5     0.645     0.233     0.728
 5     0.714    -0.523    -0.466
 5     0.272     0.820    -0.503
 6   125.549    21.028    -2.511
 6     0.533     0.836    -0.133
 6    -0.713     0.360    -0.601
 6    -0.455     0.415     0.788
 7   106.779   -13.770    -7.048
 7     0.567     0.391     0.726
 7    -0.650     0.752     0.102
 7    -0.506    -0.530     0.680
 8   114.520   -33.347    -0.447
 8     0.427    -0.363     0.829
 8    -0.904    -0.190     0.382
 8     0.019    -0.912    -0.408
 9   123.755   -29.066   -15.554
 9     0.529    -0.773     0.350
 9     0.618     0.633     0.465
 9    -0.581    -0.030     0.813
 2    98.669   -22.612    59.347
 2     0.971    -0.239    -0.013
 2     0.238     0.969     0.049
 2     0.002    -0.053     0.998
 3   122.200    -0.239    -1.224
 3     0.658     0.012    -0.753
 3    -0.232     0.954    -0.187
 3     0.717     0.297     0.630
 4   103.692     9.618    -6.016
 4     0.462    -0.526     0.715
 4     0.810     0.577    -0.099
 4    -0.361     0.624     0.692
 5   111.563    28.190     7.200
 5     0.617     0.259     0.743
 5     0.730    -0.540    -0.418
 5     0.293     0.800    -0.522
 6   125.294    23.372    -1.495
 6     0.597     0.781    -0.188
 6    -0.604     0.285    -0.743
 6    -0.527     0.556     0.642
 7   106.979   -13.848    -6.745
 7     0.552     0.429     0.715
 7    -0.689     0.717     0.102
 7    -0.469    -0.549     0.691
 8   113.773   -32.952     2.373
 8     0.367    -0.411     0.835
 8    -0.919    -0.299     0.256
 8     0.145    -0.861    -0.486
 9   122.529   -34.831   -12.920
 9     0.572    -0.724     0.386
 9     0.345     0.639     0.687
 9    -0.744    -0.260     0.615
 2    98.669   -22.612    59.347
 2     0.971    -0.239    -0.013
 2     0.238     0.969     0.049
 2     0.002    -0.053     0.998
 3   122.150    -0.112    -1.224
 3     0.657     0.013    -0.754
 3    -0.231     0.955    -0.186
 3     0.717     0.296     0.630
 4   103.373    10.034    -5.666
 4     0.431    -0.543     0.721
 4     0.836     0.539    -0.094
 4    -0.338     0.643     0.686
 5   110.700    28.086     8.160
 5     0.578     0.281     0.766
 5     0.748    -0.555    -0.362
 5     0.324     0.783    -0.531
 6   124.786    25.331    -0.379
 6     0.656     0.737    -0.168
 6    -0.503     0.262    -0.823
 6    -0.563     0.623     0.542
 7   106.698   -14.080    -6.115
 7     0.537     0.450     0.714
 7    -0.722     0.682     0.113
 7    -0.437    -0.576     0.691
 8   113.580   -32.483     4.676
 8     0.356    -0.464     0.812
 8    -0.911    -0.365     0.191
 8     0.208    -0.808    -0.551
 9   120.911   -39.546   -10.706
 9     0.538    -0.696     0.476
 9     0.085     0.605     0.791
 9    -0.838    -0.385     0.385
 2    98.669   -22.612    59.347
 2     0.971    -0.239    -0.014
 2     0.238     0.969     0.050
 2     0.002    -0.053     0.998
 3   121.899     0.365    -1.380
 3     0.649     0.006    -0.761
 3    -0.214     0.961    -0.174
 3     0.730     0.275     0.624
 4   102.657    10.117    -5.323
 4     0.408    -0.544     0.734
 4     0.848     0.522    -0.084
 4    -0.338     0.657     0.674
 5   110.283    28.350     8.328
 5     0.560     0.357     0.748
 5     0.777    -0.539    -0.325
 5     0.288     0.762    -0.579
 6   123.680    27.008    -1.366
 6     0.652     0.755    -0.071
 6    -0.430     0.294    -0.853
 6    -0.624     0.586     0.516
 7   106.166   -14.037    -5.693
 7     0.517     0.454     0.725
 7    -0.736     0.667     0.107
 7    -0.436    -0.590     0.680
 8   113.930   -32.275     5.393
 8     0.368    -0.537     0.760
 8    -0.906    -0.388     0.165
 8     0.207    -0.749    -0.629
 9   119.646   -42.536    -9.643
 9     0.446    -0.733     0.514
 9    -0.089     0.535     0.839
 9    -0.891    -0.420     0.173
 2    98.671   -22.611    59.344
 2     0.971    -0.239    -0.014
 2     0.238     0.969     0.049
 2     0.003    -0.053     0.998
 3   122.070     0.375    -1.336
 3     0.633     0.009    -0.774
 3    -0.218     0.961    -0.168
 3     0.743     0.275     0.610
 4   103.198    10.309    -5.391
 4     0.416    -0.550     0.725
 4     0.850     0.517    -0.096
 4    -0.322     0.656     0.682
 5   110.437    28.278     8.655
 5     0.552     0.337     0.763
 5     0.771    -0.554    -0.313
 5     0.318     0.761    -0.565
 6   124.419    27.721    -0.252
 6     0.682     0.722    -0.115
 6    -0.386     0.226    -0.894
 6    -0.620     0.653     0.434
 7   106.474   -13.957    -5.766
 7     0.517     0.467     0.718
 7    -0.740     0.664     0.101
 7    -0.430    -0.584     0.689
 8   113.991   -32.274     5.463
 8     0.364    -0.521     0.773
 8    -0.906    -0.391     0.163
 8     0.217    -0.759    -0.613
 9   120.373   -43.974    -8.572
 9     0.468    -0.746     0.475
 9    -0.179     0.446     0.877
 9    -0.866    -0.495     0.075
 2    98.669   -22.612    59.347
 2     0.971    -0.239    -0.013
 2     0.238     0.969     0.049
 2     0.002    -0.053     0.998
 3   122.433     0.486    -1.208
 3     0.619     0.007    -0.786
 3    -0.221     0.961    -0.166
 3     0.754     0.276     0.595
 4   103.616    10.554    -5.485
 4     0.420    -0.561     0.714
 4     0.854     0.508    -0.103
 4    -0.305     0.653     0.692
 5   110.551    28.356     9.071
 5     0.537     0.322     0.780
 5     0.770    -0.563    -0.299
 5     0.343     0.761    -0.550
 6   124.908    28.541     0.733
 6     0.726     0.677    -0.119
 6    -0.343     0.210    -0.915
 6    -0.595     0.705     0.385
 7   106.563   -13.952    -5.557
 7     0.518     0.471     0.714
 7    -0.743     0.661     0.103
 7    -0.424    -0.584     0.692
 8   114.385   -32.274     5.469
 8     0.381    -0.539     0.752
 8    -0.903    -0.390     0.177
 8     0.198    -0.747    -0.634
 9   120.380   -45.009    -8.825
 9     0.442    -0.763     0.472
 9    -0.242     0.405     0.881
 9    -0.864    -0.504    -0.006
 2    98.669   -22.612    59.347
 2     0.971    -0.239    -0.013
 2     0.238     0.969     0.049
 2     0.002    -0.053     0.998
 3   122.247     0.432    -1.246
 3     0.622     0.006    -0.783
 3    -0.221     0.960    -0.169
 3     0.751     0.278     0.599
 4   103.141    10.513    -5.078
 4     0.405    -0.560     0.723
 4     0.864     0.492    -0.102
 4    -0.300     0.666     0.683
 5   109.782    28.287     9.652
 5     0.518     0.349     0.781
 5     0.785    -0.556    -0.272
 5     0.340     0.754    -0.562
 6   124.013    29.223     1.260
 6     0.744     0.666    -0.051
 6    -0.307     0.277    -0.910
 6    -0.593     0.692     0.411
 7   105.665   -13.875    -4.963
 7     0.495     0.455     0.740
 7    -0.746     0.658     0.094
 7    -0.444    -0.600     0.665
 8   113.319   -32.753     4.829
 8     0.365    -0.571     0.737
 8    -0.921    -0.338     0.194
 8     0.138    -0.749    -0.648
 9   118.548   -45.085   -10.116
 9     0.416    -0.751     0.513
 9    -0.224     0.461     0.858
 9    -0.881    -0.472     0.024
 2    98.669   -22.663    59.346
 2     0.971    -0.239    -0.013
 2     0.238     0.969     0.049
 2     0.002    -0.053     0.998
 3   121.639     0.540    -1.276
 3     0.639     0.011    -0.769
 3    -0.226     0.958    -0.174
 3     0.735     0.285     0.615
 4   102.340    10.803    -4.582
 4     0.393    -0.544     0.742
 4     0.872     0.476    -0.112
 4    -0.293     0.691     0.661
 5   109.476    28.187    10.292
 5     0.526     0.372     0.766
 5     0.779    -0.570    -0.259
 5     0.340     0.733    -0.589
 6   123.225    29.315     1.460
 6     0.726     0.687    -0.025
 6    -0.299     0.285    -0.910
 6    -0.619     0.668     0.413
 7   105.008   -13.811    -4.840
 7     0.482     0.442     0.757
 7    -0.749     0.655     0.095
 7    -0.454    -0.613     0.646
 8   112.942   -32.540     5.159
 8     0.369    -0.576     0.730
 8    -0.918    -0.348     0.189
 8     0.146    -0.740    -0.656
 9   118.182   -45.232    -9.634
 9     0.416    -0.752     0.513
 9    -0.237     0.454     0.858
 9    -0.878    -0.478     0.011
 2    98.669   -22.663    59.346
 2     0.971    -0.239    -0.013
 2     0.238     0.969     0.049
 2     0.002    -0.053     0.998
 3   121.117     0.480    -1.571
 3     0.657     0.009    -0.754
 3    -0.217     0.960    -0.178
 3     0.721     0.280     0.633
 4   101.256    10.525    -4.127
 4     0.367    -0.531     0.764
 4     0.881     0.462    -0.102
 4    -0.299     0.710     0.637
 5   108.635    27.955    10.585
 5     0.520     0.406     0.752
 5     0.788    -0.566    -0.240
 5     0.328     0.717    -0.614
 6   121.938    29.649     1.231
 6     0.716     0.697     0.017
 6    -0.276     0.308    -0.911
 6    -0.641     0.647     0.413
 7   104.216   -14.073    -4.628
 7     0.466     0.432     0.773
 7    -0.757     0.646     0.095
 7    -0.459    -0.629     0.627
 8   111.993   -32.715     5.513
 8     0.357    -0.582     0.732
 8    -0.921    -0.349     0.171
 8     0.156    -0.735    -0.659
 9   117.060   -45.839    -9.047
 9     0.410    -0.745     0.527
 9    -0.262     0.456     0.850
 9    -0.873    -0.486    -0.008
 2    98.669   -22.612    59.347
 2     0.971    -0.239    -0.013
 2     0.238     0.969     0.049
 2     0.002    -0.053     0.998
 3   120.692     0.347    -1.612
 3     0.667     0.013    -0.745
 3    -0.214     0.961    -0.176
 3     0.713     0.277     0.643
 4   100.944    10.447    -3.998
 4     0.364    -0.523     0.772
 4     0.881     0.461    -0.103
 4    -0.302     0.717     0.627
 5   108.449    27.877    10.764
 5     0.521     0.416     0.746
 5     0.789    -0.567    -0.235
 5     0.325     0.710    -0.623
 6   121.788    29.748     1.317
 6     0.716     0.697     0.028
 6    -0.262     0.308    -0.915
 6    -0.647     0.647     0.403
 7   103.989   -14.080    -4.561
 7     0.456     0.434     0.777
 7    -0.761     0.643     0.087
 7    -0.462    -0.631     0.623
 8   111.607   -32.716     5.654
 8     0.346    -0.584     0.735
 8    -0.924    -0.346     0.160
 8     0.161    -0.734    -0.659
 9   116.673   -46.017    -8.951
 9     0.411    -0.739     0.535
 9    -0.270     0.461     0.845
 9    -0.871    -0.491    -0.010
 2    98.669   -22.612    59.347
 2     0.971    -0.239    -0.013
 2     0.238     0.969     0.049
 2     0.002    -0.053     0.998
 3   120.550     0.389    -1.717
 3     0.671     0.018    -0.742
 3    -0.221     0.959    -0.177
 3     0.708     0.282     0.647
 4   100.855    10.632    -3.973
 4     0.363    -0.517     0.776
 4     0.884     0.453    -0.111
 4    -0.295     0.726     0.621
 5   108.469    27.885    10.914
 5     0.523     0.417     0.744
 5     0.784    -0.576    -0.228
 5     0.333     0.703    -0.628
 6   121.721    30.005     1.640
 6     0.718     0.695     0.031
 6    -0.250     0.302    -0.920
 6    -0.649     0.652     0.391
 7   104.065   -13.958    -4.820
 7     0.461     0.428     0.777
 7    -0.752     0.652     0.087
 7    -0.470    -0.625     0.623
 8   111.764   -32.568     5.263
 8     0.353    -0.578     0.737
 8    -0.923    -0.344     0.172
 8     0.155    -0.740    -0.654
 9   117.295   -45.528    -9.346
 9     0.424    -0.735     0.530
 9    -0.253     0.465     0.848
 9    -0.869    -0.494     0.011
 2    98.669   -22.612    59.347
 2     0.971    -0.239    -0.013
 2     0.238     0.969     0.049
 2     0.002    -0.053     0.998
 3   120.481     0.564    -1.629
 3     0.675     0.008    -0.738
 3    -0.219     0.957    -0.191
 3     0.704     0.291     0.647
 4   100.672    10.598    -3.831
 4     0.347    -0.525     0.778
 4     0.894     0.435    -0.104
 4    -0.284     0.731     0.620
 5   107.915    27.680    11.463
 5     0.510     0.420     0.751
 5     0.784    -0.584    -0.207
 5     0.352     0.694    -0.627
 6   121.283    30.299     2.390
 6     0.729     0.683     0.041
 6    -0.226     0.299    -0.927
 6    -0.646     0.666     0.372
 7   104.116   -14.004    -4.776
 7     0.468     0.422     0.776
 7    -0.749     0.655     0.095
 7    -0.469    -0.626     0.623
 8   111.989   -32.564     5.333
 8     0.361    -0.574     0.735
 8    -0.919    -0.351     0.177
 8     0.156    -0.740    -0.654
 9   117.471   -45.475    -9.220
 9     0.426    -0.737     0.526
 9    -0.252     0.461     0.850
 9    -0.869    -0.494     0.010
 2    98.671   -22.611    59.344
 2     0.971    -0.239    -0.014
 2     0.238     0.969     0.049
 2     0.003    -0.053     0.998
 3   120.474     0.613    -1.620
 3     0.678     0.005    -0.735
 3    -0.218     0.956    -0.194
 3     0.702     0.291     0.649
 4   100.795    10.670    -3.773
 4     0.353    -0.523     0.776
 4     0.891     0.440    -0.108
 4    -0.286     0.730     0.620
 5   108.396    27.623    11.441
 5     0.526     0.409     0.746
 5     0.774    -0.593    -0.222
 5     0.352     0.694    -0.627
 6   121.855    29.815     2.516
 6     0.727     0.686     0.022
 6    -0.244     0.291    -0.925
 6    -0.642     0.666     0.379
 7   104.126   -14.002    -4.686
 7     0.466     0.428     0.775
 7    -0.753     0.651     0.093
 7    -0.465    -0.627     0.625
 8   112.057   -32.533     5.591
 8     0.360    -0.576     0.734
 8    -0.919    -0.356     0.170
 8     0.163    -0.736    -0.657
 9   117.402   -45.528    -8.851
 9     0.421    -0.739     0.528
 9    -0.255     0.461     0.849
 9    -0.870    -0.492     0.005
 2    98.669   -22.612    59.347
 2     0.971    -0.239    -0.013
 2     0.238     0.969     0.049
 2     0.002    -0.053     0.998
 3   120.862     0.471    -1.481
 3     0.667     0.012    -0.746
 3    -0.218     0.959    -0.179
 3     0.712     0.282     0.642
 4   101.560    10.664    -4.039
 4     0.372    -0.528     0.763
 4     0.883     0.454    -0.116
 4    -0.286     0.717     0.635
 5   109.057    27.550    11.325
 5     0.534     0.380     0.755
 5     0.763    -0.599    -0.239
 5     0.362     0.704    -0.610
 6   123.008    29.116     2.708
 6     0.730     0.683    -0.005
 6    -0.280     0.294    -0.914
 6    -0.623     0.668     0.406
 7   104.727   -14.167    -4.714
 7     0.469     0.446     0.762
 7    -0.760     0.643     0.091
 7    -0.450    -0.622     0.641
 8   112.429   -32.653     5.907
 8     0.356    -0.568     0.743
 8    -0.918    -0.361     0.164
 8     0.176    -0.740    -0.649
 9   118.419   -44.545    -8.571
 9     0.448    -0.726     0.522
 9    -0.182     0.497     0.848
 9    -0.875    -0.475     0.091
 2    98.669   -22.663    59.346
 2     0.971    -0.239    -0.013
 2     0.238     0.969     0.049
 2     0.002    -0.053     0.998
 3   121.429     0.082    -1.096
 3     0.646     0.021    -0.763
 3    -0.219     0.963    -0.159
 3     0.730     0.270     0.626
 4   102.526    10.619    -4.353
 4     0.414    -0.531     0.740
 4     0.862     0.489    -0.132
 4    -0.292     0.692     0.660
 5   110.484    27.555    10.874
 5     0.566     0.321     0.760
 5     0.740    -0.603    -0.297
 5     0.363     0.730    -0.578
 6   124.917    27.211     2.644
 6     0.725     0.687    -0.055
 6    -0.378     0.333    -0.863
 6    -0.575     0.646     0.502
 7   105.326   -14.619    -4.637
 7     0.488     0.459     0.743
 7    -0.764     0.636     0.108
 7    -0.423    -0.620     0.661
 8   113.448   -32.928     6.108
 8     0.392    -0.513     0.764
 8    -0.902    -0.375     0.211
 8     0.179    -0.772    -0.610
 9   121.252   -41.451    -8.964
 9     0.530    -0.697     0.483
 9    -0.006     0.566     0.824
 9    -0.848    -0.440     0.296
 2    98.669   -22.612    59.347
 2     0.971    -0.239    -0.013
 2     0.238     0.969     0.049
 2     0.002    -0.053     0.998
 3   122.203    -0.381    -0.641
 3     0.625     0.029    -0.780
 3    -0.219     0.966    -0.139
 3     0.749     0.257     0.610
 4   103.874    10.499    -4.794
 4     0.460    -0.533     0.711
 4     0.837     0.527    -0.146
 4    -0.297     0.662     0.688
 5   112.070    27.420    10.165
 5     0.592     0.247     0.767
 5     0.712    -0.605    -0.356
 5     0.376     0.757    -0.533
 6   126.999    25.160     2.722
 6     0.717     0.689    -0.109
 6    -0.488     0.387    -0.782
 6    -0.497     0.612     0.614
 7   106.576   -14.985    -4.665
 7     0.519     0.477     0.709
 7    -0.760     0.636     0.128
 7    -0.390    -0.606     0.693
 8   114.345   -33.510     5.575
 8     0.417    -0.396     0.819
 8    -0.891    -0.355     0.282
 8     0.180    -0.847    -0.500
 9   126.021   -36.808    -8.169
 9     0.698    -0.605     0.384
 9     0.237     0.700     0.672
 9    -0.676    -0.379     0.632
 2    98.669   -22.612    59.347
 2     0.971    -0.239    -0.013
 2     0.238     0.969     0.049
 2     0.002    -0.053     0.998
 3   123.222    -0.709    -0.221
 3     0.595     0.029    -0.804
 3    -0.216     0.968    -0.125
 3     0.774     0.248     0.582
 4   105.605    10.443    -5.271
 4     0.505    -0.541     0.673
 4     0.813     0.558    -0.163
 4    -0.288     0.629     0.721
 5   113.565    27.320     9.915
 5     0.603     0.129     0.787
 5     0.673    -0.611    -0.416
 5     0.427     0.781    -0.456
 6   129.088    22.871     3.837
 6     0.700     0.687    -0.199
 6    -0.591     0.403    -0.698
 6    -0.400     0.604     0.688
 7   107.969   -15.400    -4.931
 7     0.557     0.498     0.666
 7    -0.751     0.644     0.146
 7    -0.356    -0.581     0.731
 8   115.245   -34.054     4.677
 8     0.437    -0.201     0.877
 8    -0.879    -0.300     0.370
 8     0.189    -0.932    -0.307
 9   130.734   -31.138    -4.951
 9     0.808    -0.554     0.202
 9     0.489     0.820     0.295
 9    -0.329    -0.141     0.934
 2    98.669   -22.663    59.346
 2     0.971    -0.239    -0.013
 2     0.238     0.969     0.049
 2     0.002    -0.053     0.998
 3   124.147    -0.987     0.236
 3     0.559     0.026    -0.829
 3    -0.216     0.969    -0.116
 3     0.800     0.244     0.547
 4   107.208    10.502    -5.630
 4     0.546    -0.550     0.633
 4     0.794     0.580    -0.180
 4    -0.268     0.600     0.753
 5   115.283    27.102     9.887
 5     0.631     0.019     0.775
 5     0.619    -0.615    -0.489
 5     0.467     0.788    -0.401
 6   130.620    18.992     5.138
 6     0.609     0.752    -0.252
 6    -0.740     0.426    -0.520
 6    -0.285     0.502     0.816
 7   109.171   -15.221    -5.375
 7     0.593     0.510     0.624
 7    -0.730     0.666     0.150
 7    -0.339    -0.545     0.766
 8   116.688   -34.358     2.042
 8     0.488     0.132     0.863
 8    -0.851    -0.151     0.503
 8     0.196    -0.980     0.038
 9   134.012   -24.433     1.801
 9     0.697    -0.703    -0.147
 9     0.688     0.712    -0.138
 9     0.200    -0.005     0.979
 2    98.669   -22.663    59.346
 2     0.971    -0.239    -0.013
 2     0.238     0.969     0.049
 2     0.002    -0.053     0.998
 3   125.020    -0.921     0.838
 3     0.525     0.011    -0.851
 3    -0.224     0.966    -0.126
 3     0.820     0.257     0.509
 4   108.950    10.835    -5.892
 4     0.581    -0.570     0.582
 4     0.781     0.590    -0.201
 4    -0.229     0.571     0.787
 5   115.326    27.633     9.910
 5     0.580    -0.159     0.800
 5     0.594    -0.589    -0.546
 5     0.557     0.792    -0.248
 6   130.884    17.376     8.189
 6     0.584     0.760    -0.286
 6    -0.806     0.502    -0.311
 6    -0.094     0.411     0.906
 7   110.774   -15.054    -5.903
 7     0.634     0.533     0.561
 7    -0.711     0.687     0.150
 7    -0.305    -0.494     0.814
 8   117.653   -34.305     1.745
 8     0.468     0.406     0.786
 8    -0.839    -0.075     0.537
 8     0.276    -0.910     0.305
 9   134.066   -23.343     6.203
 9     0.600    -0.735    -0.318
 9     0.679     0.676    -0.284
 9     0.422    -0.046     0.905
 2    98.669   -22.612    59.347
 2     0.971    -0.239    -0.013
 2     0.238     0.969     0.049
 2     0.002    -0.053     0.998
 3   125.468    -0.655     1.168
 3     0.504    -0.008    -0.864
 3    -0.226     0.964    -0.140
 3     0.833     0.266     0.483
 4   109.448    11.034    -5.815
 4     0.578    -0.590     0.565
 4     0.788     0.580    -0.201
 4    -0.209     0.561     0.800
 5   114.975    27.905    10.036
 5     0.538    -0.219     0.815
 5     0.596    -0.585    -0.549
 5     0.596     0.780    -0.185
 6   130.648    17.239     9.516
 6     0.579     0.751    -0.319
 6    -0.814     0.512    -0.271
 6    -0.042     0.415     0.908
 7   111.222   -14.767    -6.012
 7     0.646     0.538     0.542
 7    -0.703     0.696     0.145
 7    -0.299    -0.474     0.827
 8   117.745   -34.171     1.791
 8     0.451     0.446     0.775
 8    -0.841    -0.081     0.534
 8     0.301    -0.891     0.337
 9   134.073   -23.096     7.159
 9     0.582    -0.728    -0.366
 9     0.684     0.679    -0.265
 9     0.439    -0.095     0.892
 2    98.669   -22.612    59.347
 2     0.971    -0.239    -0.013
 2     0.238     0.969     0.050
 2     0.002    -0.053     0.998
 3   125.623    -0.355     1.408
 3     0.508    -0.020    -0.862
 3    -0.230     0.960    -0.158
 3     0.830     0.278     0.482
 4   109.592    11.517    -5.477
 4     0.568    -0.604     0.560
 4     0.802     0.559    -0.210
 4    -0.186     0.567     0.801
 5   114.433    28.016    10.956
 5     0.510    -0.234     0.828
 5     0.591    -0.605    -0.534
 5     0.624     0.761    -0.171
 6   130.293    17.709    10.927
 6     0.600     0.727    -0.336
 6    -0.799     0.525    -0.290
 6    -0.036     0.442     0.896
 7   111.103   -14.673    -5.601
 7     0.659     0.531     0.534
 7    -0.696     0.698     0.165
 7    -0.285    -0.481     0.829
 8   118.268   -33.590     3.221
 8     0.474     0.458     0.754
 8    -0.811    -0.108     0.574
 8     0.343    -0.883     0.319
 9   134.243   -21.889     8.480
 9     0.567    -0.741    -0.362
 9     0.709     0.661    -0.244
 9     0.418    -0.118     0.900
 2    98.669   -22.612    59.347
 2     0.971    -0.239    -0.013
 2     0.238     0.969     0.049
 2     0.002    -0.053     0.998
 3   125.404    -0.092     1.442
 3     0.533    -0.020    -0.846
 3    -0.231     0.958    -0.168
 3     0.814     0.285     0.505
 4   109.045    11.882    -5.050
 4     0.557    -0.603     0.573
 4     0.811     0.542    -0.218
 4    -0.179     0.586     0.790
 5   113.875    27.975    11.605
 5     0.507    -0.220     0.834
 5     0.588    -0.620    -0.519
 5     0.631     0.753    -0.185
 6   129.860    18.008    11.212
 6     0.614     0.721    -0.324
 6    -0.788     0.534    -0.306
 6    -0.049     0.441     0.895
 7   110.717   -14.583    -5.554
 7     0.662     0.517     0.543
 7    -0.687     0.708     0.162
 7    -0.301    -0.480     0.823
 8   118.279   -33.546     2.806
 8     0.489     0.455     0.746
 8    -0.808    -0.087     0.581
 8     0.328    -0.886     0.324
 9   134.261   -21.702     8.085
 9     0.561    -0.750    -0.352
 9     0.708     0.653    -0.266
 9     0.428    -0.100     0.897
 2    98.669   -22.612    59.347
 2     0.971    -0.239    -0.013
 2     0.238     0.969     0.049
 2     0.002    -0.053     0.998
 3   125.152    -0.057     1.333
 3     0.550    -0.012    -0.835
 3    -0.236     0.957    -0.169
 3     0.801     0.290     0.523
 4   108.662    12.007    -4.876
 4     0.557    -0.594     0.582
 4     0.810     0.539    -0.226
 4    -0.180     0.597     0.781
 5   113.749    28.024    11.778
 5     0.512    -0.217     0.832
 5     0.582    -0.625    -0.520
 5     0.631     0.750    -0.194
 6   129.815    18.000    11.187
 6     0.613     0.724    -0.319
 6    -0.788     0.529    -0.313
 6    -0.058     0.442     0.894
 7   110.404   -14.464    -5.526
 7     0.657     0.514     0.552
 7    -0.687     0.708     0.159
 7    -0.309    -0.484     0.818
 8   118.037   -33.526     2.712
 8     0.493     0.441     0.751
 8    -0.810    -0.084     0.579
 8     0.318    -0.894     0.314
 9   134.060   -21.686     7.701
 9     0.569    -0.751    -0.337
 9     0.707     0.654    -0.266
 9     0.419    -0.087     0.903
 2    98.669   -22.612    59.347
 2     0.971    -0.240    -0.014
 2     0.239     0.969     0.050
 2     0.002    -0.054     0.998
 3   124.950    -0.066     1.216
 3     0.558    -0.007    -0.830
 3    -0.239     0.956    -0.169
 3     0.794     0.292     0.531
 4   108.379    12.007    -4.747
 4     0.553    -0.591     0.588
 4     0.813     0.536    -0.226
 4    -0.182     0.602     0.776
 5   113.523    27.949    11.849
 5     0.513    -0.210     0.833
 5     0.581    -0.629    -0.516
 5     0.631     0.748    -0.201
 6   129.573    18.047    11.204
 6     0.618     0.721    -0.314
 6    -0.783     0.532    -0.320
 6    -0.065     0.443     0.894
 7   110.175   -14.570    -5.489
 7     0.654     0.513     0.557
 7    -0.689     0.707     0.159
 7    -0.312    -0.487     0.815
 8   117.858   -33.553     2.778
 8     0.494     0.430     0.757
 8    -0.811    -0.087     0.578
 8     0.314    -0.899     0.305
 9   133.964   -21.821     7.470
 9     0.574    -0.751    -0.329
 9     0.708     0.655    -0.263
 9     0.411    -0.081     0.907
];