% Calibrated with leiden_pols
% Positions are in centimeters
Data =[
 2    98.669   -22.663    59.346
 2     0.971    -0.239    -0.013
 2     0.238     0.969     0.049
 2     0.002    -0.053     0.998
 3   128.033    -1.422    -0.267
 3     0.470    -0.016    -0.882
 3    -0.204     0.970    -0.127
 3     0.858     0.240     0.453
 4   112.532     8.466    -8.687
 4     0.649    -0.536     0.541
 4     0.690     0.712    -0.124
 4    -0.319     0.453     0.831
 5   121.309    27.851     3.269
 5     0.692    -0.193     0.697
 5     0.611    -0.359    -0.705
 5     0.385     0.913    -0.131
 6   134.857    13.177     2.196
 6     0.386     0.914    -0.120
 6    -0.916     0.395     0.063
 6     0.105     0.085     0.990
 7   112.884   -14.647    -7.959
 7     0.659     0.481     0.579
 7    -0.646     0.755     0.109
 7    -0.385    -0.446     0.807
 8   121.384   -34.220    -3.964
 8     0.584     0.256     0.771
 8    -0.808     0.096     0.580
 8     0.073    -0.962     0.261
 9   134.637   -19.715    -3.180
 9     0.413    -0.910    -0.025
 9     0.859     0.399    -0.320
 9     0.301     0.110     0.947
 2    98.669   -22.663    59.346
 2     0.971    -0.239    -0.013
 2     0.238     0.969     0.049
 2     0.002    -0.053     0.998
 3   125.664    -2.158    -0.033
 3     0.521    -0.015    -0.854
 3    -0.197     0.971    -0.137
 3     0.830     0.239     0.502
 4   109.080     7.614    -7.892
 4     0.611    -0.528     0.591
 4     0.703     0.704    -0.098
 4    -0.364     0.474     0.801
 5   117.815    27.412     3.586
 5     0.692    -0.125     0.711
 5     0.633    -0.367    -0.681
 5     0.345     0.922    -0.176
 6   131.585    13.476     1.735
 6     0.432     0.899    -0.068
 6    -0.898     0.436     0.054
 6     0.078     0.037     0.996
 7   109.939   -15.816    -6.623
 7     0.653     0.442     0.615
 7    -0.650     0.743     0.155
 7    -0.389    -0.501     0.772
 8   119.646   -34.851    -1.699
 8     0.614     0.250     0.749
 8    -0.780     0.046     0.623
 8     0.120    -0.967     0.223
 9   132.509   -19.951    -0.392
 9     0.410    -0.911     0.032
 9     0.873     0.382    -0.303
 9     0.264     0.152     0.952
 2    98.721   -22.662    59.344
 2     0.971    -0.239    -0.014
 2     0.238     0.969     0.049
 2     0.003    -0.053     0.998
 3   124.003    -1.873    -0.280
 3     0.591    -0.014    -0.806
 3    -0.190     0.969    -0.156
 3     0.784     0.245     0.570
 4   106.734     8.005    -7.240
 4     0.567    -0.526     0.635
 4     0.726     0.682    -0.084
 4    -0.389     0.508     0.767
 5   115.382    28.268     3.777
 5     0.671    -0.100     0.734
 5     0.664    -0.360    -0.655
 5     0.329     0.927    -0.177
 6   129.923    14.874     1.995
 6     0.469     0.882    -0.038
 6    -0.879     0.470     0.084
 6     0.092    -0.006     0.996
 7   109.034   -15.413    -6.598
 7     0.630     0.446     0.637
 7    -0.661     0.737     0.137
 7    -0.408    -0.507     0.759
 8   116.379   -35.021    -1.935
 8     0.505     0.325     0.800
 8    -0.850     0.025     0.526
 8     0.150    -0.945     0.287
 9   130.178   -21.820    -0.257
 9     0.496    -0.864     0.093
 9     0.812     0.423    -0.400
 9     0.306     0.273     0.912
 2    98.669   -22.663    59.346
 2     0.971    -0.239    -0.013
 2     0.238     0.969     0.049
 2     0.002    -0.053     0.998
 3   123.162    -1.307    -0.665
 3     0.623     0.007    -0.782
 3    -0.208     0.965    -0.157
 3     0.753     0.261     0.603
 4   105.475     8.578    -6.917
 4     0.546    -0.508     0.667
 4     0.734     0.672    -0.090
 4    -0.403     0.538     0.739
 5   114.268    28.783     3.824
 5     0.673    -0.065     0.737
 5     0.672    -0.363    -0.645
 5     0.308     0.930    -0.201
 6   128.571    15.362     1.075
 6     0.466     0.884     0.035
 6    -0.882     0.462     0.093
 6     0.067    -0.075     0.995
 7   107.672   -14.550    -6.934
 7     0.604     0.438     0.667
 7    -0.658     0.745     0.107
 7    -0.450    -0.503     0.737
 8   114.268   -34.570    -3.972
 8     0.469     0.299     0.832
 8    -0.880     0.078     0.468
 8     0.073    -0.951     0.299
 9   128.488   -21.459    -4.545
 9     0.504    -0.861     0.073
 9     0.802     0.435    -0.408
 9     0.319     0.264     0.910
 2    98.669   -22.663    59.346
 2     0.971    -0.239    -0.013
 2     0.238     0.969     0.049
 2     0.002    -0.053     0.998
 3   122.864    -1.227    -1.097
 3     0.631     0.014    -0.776
 3    -0.227     0.959    -0.167
 3     0.741     0.282     0.608
 4   105.097     8.582    -6.937
 4     0.543    -0.499     0.676
 4     0.738     0.666    -0.102
 4    -0.400     0.554     0.730
 5   113.592    28.834     3.773
 5     0.666    -0.037     0.745
 5     0.682    -0.375    -0.627
 5     0.302     0.926    -0.225
 6   127.650    16.095     0.174
 6     0.467     0.884     0.009
 6    -0.884     0.466     0.019
 6     0.013    -0.017     1.000
 7   107.141   -13.507    -7.746
 7     0.583     0.414     0.699
 7    -0.622     0.780     0.057
 7    -0.522    -0.468     0.713
 8   113.307   -33.791    -7.114
 8     0.443     0.219     0.870
 8    -0.894     0.171     0.412
 8    -0.059    -0.960     0.271
 9   128.523   -21.499    -7.515
 9     0.521    -0.851    -0.068
 9     0.781     0.507    -0.363
 9     0.343     0.135     0.929
 2    98.671   -22.611    59.344
 2     0.971    -0.239    -0.014
 2     0.238     0.969     0.050
 2     0.003    -0.053     0.998
 3   122.750    -0.932    -1.188
 3     0.631     0.017    -0.776
 3    -0.239     0.955    -0.174
 3     0.738     0.295     0.606
 4   105.020     9.134    -6.814
 4     0.535    -0.504     0.679
 4     0.752     0.649    -0.112
 4    -0.385     0.570     0.725
 5   113.028    29.210     4.304
 5     0.650    -0.013     0.760
 5     0.693    -0.402    -0.599
 5     0.313     0.915    -0.253
 6   127.409    16.753     0.525
 6     0.477     0.879    -0.018
 6    -0.879     0.476    -0.031
 6    -0.018     0.030     0.999
 7   107.144   -13.127    -7.757
 7     0.593     0.398     0.701
 7    -0.607     0.792     0.064
 7    -0.529    -0.464     0.710
 8   114.097   -33.374    -7.109
 8     0.471     0.202     0.859
 8    -0.880     0.177     0.441
 8    -0.064    -0.963     0.261
 9   129.176   -20.679    -7.551
 9     0.518    -0.855    -0.035
 9     0.781     0.488    -0.389
 9     0.350     0.174     0.920
 2    98.670   -22.612    59.347
 2     0.971    -0.239    -0.014
 2     0.238     0.969     0.050
 2     0.002    -0.054     0.998
 3   122.736    -0.709    -1.177
 3     0.633     0.014    -0.774
 3    -0.243     0.953    -0.182
 3     0.735     0.303     0.606
 4   104.952     9.268    -6.680
 4     0.532    -0.504     0.681
 4     0.756     0.643    -0.116
 4    -0.380     0.577     0.723
 5   113.120    29.042     4.751
 5     0.654    -0.002     0.757
 5     0.685    -0.423    -0.593
 5     0.321     0.906    -0.276
 6   127.265    16.834    -0.047
 6     0.474     0.880    -0.015
 6    -0.878     0.472    -0.086
 6    -0.068     0.054     0.996
 7   106.837   -13.138    -7.646
 7     0.581     0.396     0.711
 7    -0.612     0.788     0.062
 7    -0.536    -0.471     0.700
 8   113.577   -33.500    -6.605
 8     0.467     0.124     0.876
 8    -0.880     0.157     0.447
 8    -0.082    -0.980     0.182
 9   128.735   -20.899    -9.521
 9     0.537    -0.843    -0.033
 9     0.808     0.525    -0.267
 9     0.242     0.117     0.963
 2    98.669   -22.663    59.346
 2     0.971    -0.239    -0.013
 2     0.238     0.969     0.049
 2     0.002    -0.053     0.998
 3   122.456    -0.820    -1.263
 3     0.643     0.020    -0.766
 3    -0.244     0.953    -0.181
 3     0.726     0.303     0.616
 4   104.357     9.093    -6.460
 4     0.516    -0.499     0.697
 4     0.766     0.631    -0.116
 4    -0.382     0.594     0.708
 5   112.660    28.178     6.090
 5     0.653     0.137     0.745
 5     0.698    -0.491    -0.522
 5     0.293     0.860    -0.416
