% Calibrated with leiden_pols
% Positions are in centimeters
Data =[
 2    98.719   -22.663    59.347
 2     0.971    -0.239    -0.013
 2     0.238     0.969     0.049
 2     0.002    -0.053     0.998
 3   123.489    -1.757     2.300
 3     0.613     0.044    -0.789
 3    -0.239     0.962    -0.133
 3     0.752     0.270     0.599
 4   111.125    14.923    -0.155
 4     0.600    -0.695     0.398
 4     0.774     0.376    -0.509
 4     0.204     0.612     0.763
 5   111.794    25.209    20.425
 5     0.114    -0.809     0.577
 5     0.087    -0.570    -0.817
 5     0.990     0.142     0.006
 6   121.224    24.190    39.964
 6     0.207    -0.368    -0.907
 6    -0.045     0.922    -0.384
 6     0.977     0.120     0.174
 7   111.091   -19.454    -0.608
 7     0.688     0.610     0.394
 7    -0.719     0.501     0.481
 7     0.096    -0.614     0.783
 8   114.473   -29.547    17.992
 8     0.099     0.870     0.483
 8    -0.257    -0.446     0.857
 8     0.961    -0.209     0.180
 9   124.310   -29.985    37.995
 9     0.299     0.342    -0.891
 9    -0.023     0.936     0.351
 9     0.954    -0.084     0.287
 2    98.671   -22.611    59.344
 2     0.971    -0.239    -0.014
 2     0.238     0.969     0.049
 2     0.003    -0.053     0.998
 3   123.543    -1.756     2.296
 3     0.612     0.044    -0.790
 3    -0.240     0.961    -0.133
 3     0.753     0.271     0.599
 4   111.127    14.924    -0.158
 4     0.599    -0.696     0.397
 4     0.774     0.376    -0.510
 4     0.205     0.612     0.763
 5   111.793    25.210    20.422
 5     0.113    -0.808     0.578
 5     0.086    -0.571    -0.816
 5     0.990     0.142     0.005
 6   121.223    24.190    40.014
 6     0.206    -0.369    -0.906
 6    -0.045     0.921    -0.385
 6     0.977     0.120     0.173
 7   111.115   -19.454    -0.608
 7     0.688     0.610     0.394
 7    -0.719     0.501     0.480
 7     0.096    -0.613     0.783
 8   114.496   -29.471    18.042
 8     0.099     0.872     0.479
 8    -0.257    -0.443     0.859
 8     0.961    -0.208     0.181
 9   124.310   -29.985    37.995
 9     0.298     0.341    -0.892
 9    -0.023     0.936     0.350
 9     0.954    -0.084     0.286
 2    98.721   -22.662    59.343
 2     0.971    -0.240    -0.014
 2     0.239     0.969     0.049
 2     0.003    -0.053     0.998
 3   123.542    -1.730     2.295
 3     0.612     0.042    -0.790
 3    -0.239     0.961    -0.134
 3     0.753     0.271     0.598
 4   111.129    14.925    -0.110
 4     0.599    -0.696     0.397
 4     0.774     0.375    -0.510
 4     0.206     0.612     0.763
 5   111.795    25.208    20.422
 5     0.113    -0.808     0.579
 5     0.085    -0.572    -0.815
 5     0.990     0.141     0.005
 6   121.173    24.190    40.014
 6     0.206    -0.370    -0.906
 6    -0.045     0.921    -0.386
 6     0.977     0.120     0.173
 7   111.115   -19.454    -0.608
 7     0.688     0.610     0.393
 7    -0.719     0.502     0.481
 7     0.096    -0.613     0.783
 8   114.495   -29.497    17.991
 8     0.099     0.875     0.474
 8    -0.258    -0.438     0.861
 8     0.961    -0.208     0.183
 9   124.360   -29.985    37.995
 9     0.297     0.340    -0.892
 9    -0.023     0.936     0.349
 9     0.954    -0.083     0.285
 2    98.671   -22.662    59.344
 2     0.971    -0.239    -0.014
 2     0.238     0.969     0.049
 2     0.003    -0.053     0.998
 3   123.546    -1.755     2.290
 3     0.611     0.042    -0.791
 3    -0.240     0.961    -0.135
 3     0.754     0.272     0.597
 4   111.132    14.926    -0.112
 4     0.599    -0.697     0.397
 4     0.774     0.375    -0.510
 4     0.207     0.611     0.763
 5   111.794    25.209    20.422
 5     0.112    -0.808     0.579
 5     0.085    -0.573    -0.815
 5     0.990     0.140     0.005
 6   121.173    24.190    40.014
 6     0.206    -0.370    -0.906
 6    -0.045     0.921    -0.386
 6     0.977     0.120     0.173
 7   111.164   -19.403    -0.609
 7     0.689     0.610     0.391
 7    -0.718     0.503     0.481
 7     0.096    -0.612     0.784
 8   114.584   -29.501    18.003
 8     0.099     0.876     0.472
 8    -0.260    -0.435     0.862
 8     0.960    -0.208     0.185
 9   124.368   -29.931    37.984
 9     0.295     0.338    -0.894
 9    -0.022     0.937     0.347
 9     0.955    -0.083     0.284
 2    98.671   -22.611    59.344
 2     0.971    -0.239    -0.014
 2     0.238     0.969     0.049
 2     0.003    -0.053     0.998
 3   123.570    -1.729     2.290
 3     0.611     0.041    -0.791
 3    -0.239     0.961    -0.136
 3     0.754     0.272     0.597
 4   111.131    14.977    -0.112
 4     0.598    -0.698     0.396
 4     0.774     0.374    -0.510
 4     0.207     0.611     0.763
 5   111.845    25.209    20.425
 5     0.113    -0.811     0.575
 5     0.086    -0.568    -0.818
 5     0.990     0.141     0.006
 6   121.236    24.192    40.000
 6     0.204    -0.369    -0.907
 6    -0.045     0.922    -0.385
 6     0.978     0.119     0.172
 7   111.162   -19.403    -0.632
 7     0.690     0.609     0.392
 7    -0.718     0.504     0.480
 7     0.095    -0.612     0.784
 8   114.582   -29.501    18.002
 8     0.099     0.877     0.470
 8    -0.260    -0.433     0.863
 8     0.960    -0.207     0.186
 9   124.375   -29.929    38.024
 9     0.293     0.338    -0.895
 9    -0.022     0.937     0.347
 9     0.956    -0.082     0.282
 2    98.721   -22.611    59.343
 2     0.971    -0.240    -0.014
 2     0.239     0.969     0.049
 2     0.003    -0.053     0.998
 3   123.617    -1.756     2.295
 3     0.612     0.041    -0.790
 3    -0.239     0.961    -0.136
 3     0.753     0.272     0.598
 4   111.181    14.977    -0.163
 4     0.598    -0.697     0.396
 4     0.774     0.374    -0.510
 4     0.207     0.611     0.763
 5   111.795    25.209    20.377
 5     0.113    -0.811     0.574
 5     0.087    -0.568    -0.818
 5     0.990     0.142     0.007
 6   121.184    24.192    39.998
 6     0.203    -0.370    -0.907
 6    -0.045     0.921    -0.386
 6     0.978     0.119     0.170
 7   111.214   -19.402    -0.635
 7     0.690     0.609     0.391
 7    -0.717     0.504     0.480
 7     0.096    -0.612     0.785
 8   114.582   -29.502    18.003
 8     0.099     0.877     0.470
 8    -0.262    -0.432     0.862
 8     0.960    -0.208     0.187
 9   124.376   -29.929    38.024
 9     0.292     0.338    -0.895
 9    -0.022     0.937     0.347
 9     0.956    -0.082     0.281
 2    98.721   -22.611    59.343
 2     0.971    -0.240    -0.014
 2     0.239     0.969     0.049
 2     0.003    -0.053     0.998
 3   123.617    -1.730     2.244
 3     0.613     0.041    -0.790
 3    -0.239     0.961    -0.136
 3     0.753     0.272     0.598
 4   111.330    14.985    -0.211
 4     0.596    -0.705     0.386
 4     0.773     0.374    -0.511
 4     0.216     0.603     0.767
 5   111.047    24.950    20.367
 5     0.103    -0.769     0.631
 5     0.163    -0.613    -0.773
 5     0.981     0.182     0.063
 6   120.711    24.879    39.524
 6     0.215    -0.402    -0.890
 6    -0.022     0.909    -0.416
 6     0.976     0.108     0.186
 7   111.480   -19.314    -0.769
 7     0.698     0.607     0.379
 7    -0.708     0.508     0.490
 7     0.105    -0.611     0.784
 8   113.683   -30.272    17.471
 8     0.083     0.811     0.578
 8    -0.383    -0.510     0.770
 8     0.920    -0.285     0.269
 9   123.809   -31.158    36.578
 9     0.293     0.248    -0.923
 9    -0.032     0.968     0.249
 9     0.955    -0.044     0.292
 2    98.721   -22.611    59.343
 2     0.971    -0.240    -0.014
 2     0.239     0.969     0.049
 2     0.003    -0.053     0.998
 3   123.732    -1.394     2.091
 3     0.608     0.032    -0.794
 3    -0.236     0.961    -0.143
 3     0.758     0.274     0.591
 4   110.946    14.937    -1.329
 4     0.552    -0.740     0.384
 4     0.808     0.363    -0.462
 4     0.203     0.565     0.799
 5   106.926    25.892    18.274
 5    -0.009    -0.540     0.842
 5     0.400    -0.773    -0.491
 5     0.916     0.332     0.223
