% Calibrated with leiden_pols
% Positions are in centimeters
Data =[
 2    98.719   -22.663    59.347
 2     0.971    -0.239    -0.013
 2     0.238     0.969     0.049
 2     0.002    -0.053     0.998
 3   123.489    -1.757     2.300
 3     0.613     0.044    -0.789
 3    -0.239     0.962    -0.133
 3     0.752     0.270     0.599
 4   111.125    14.923    -0.155
 4     0.600    -0.695     0.398
 4     0.774     0.376    -0.509
 4     0.204     0.612     0.763
 5   111.794    25.209    20.425
 5     0.114    -0.809     0.577
 5     0.087    -0.570    -0.817
 5     0.990     0.142     0.006
 6   121.224    24.190    39.964
 6     0.207    -0.368    -0.907
 6    -0.045     0.922    -0.384
 6     0.977     0.120     0.174
 7   111.091   -19.454    -0.608
 7     0.688     0.610     0.394
 7    -0.719     0.501     0.481
 7     0.096    -0.614     0.783
 8   114.473   -29.547    17.992
 8     0.099     0.870     0.483
 8    -0.257    -0.446     0.857
 8     0.961    -0.209     0.180
 9   124.310   -29.985    37.995
 9     0.299     0.342    -0.891
 9    -0.023     0.936     0.351
 9     0.954    -0.084     0.287
 2    98.671   -22.611    59.344
 2     0.971    -0.239    -0.014
 2     0.238     0.969     0.049
 2     0.003    -0.053     0.998
 3   123.543    -1.756     2.296
 3     0.612     0.044    -0.790
 3    -0.240     0.961    -0.133
 3     0.753     0.271     0.599
 4   111.127    14.924    -0.158
 4     0.599    -0.696     0.397
 4     0.774     0.376    -0.510
 4     0.205     0.612     0.763
 5   111.793    25.210    20.422
 5     0.113    -0.808     0.578
 5     0.086    -0.571    -0.816
 5     0.990     0.142     0.005
 6   121.223    24.190    40.014
 6     0.206    -0.369    -0.906
 6    -0.045     0.921    -0.385
 6     0.977     0.120     0.173
 7   111.115   -19.454    -0.608
 7     0.688     0.610     0.394
 7    -0.719     0.501     0.480
 7     0.096    -0.613     0.783
 8   114.496   -29.471    18.042
 8     0.099     0.872     0.479
 8    -0.257    -0.443     0.859
 8     0.961    -0.208     0.181
 9   124.310   -29.985    37.995
 9     0.298     0.341    -0.892
 9    -0.023     0.936     0.350
 9     0.954    -0.084     0.286
 2    98.721   -22.662    59.343
 2     0.971    -0.240    -0.014
 2     0.239     0.969     0.049
 2     0.003    -0.053     0.998
 3   123.542    -1.730     2.295
 3     0.612     0.042    -0.790
 3    -0.239     0.961    -0.134
 3     0.753     0.271     0.598
 4   111.129    14.925    -0.110
 4     0.599    -0.696     0.397
 4     0.774     0.375    -0.510
 4     0.206     0.612     0.763
 5   111.795    25.208    20.422
 5     0.113    -0.808     0.579
 5     0.085    -0.572    -0.815
 5     0.990     0.141     0.005
 6   121.173    24.190    40.014
 6     0.206    -0.370    -0.906
 6    -0.045     0.921    -0.386
 6     0.977     0.120     0.173
 7   111.115   -19.454    -0.608
 7     0.688     0.610     0.393
 7    -0.719     0.502     0.481
 7     0.096    -0.613     0.783
 8   114.495   -29.497    17.991
 8     0.099     0.875     0.474
 8    -0.258    -0.438     0.861
 8     0.961    -0.208     0.183
 9   124.360   -29.985    37.995
 9     0.297     0.340    -0.892
 9    -0.023     0.936     0.349
 9     0.954    -0.083     0.285
 2    98.671   -22.662    59.344
 2     0.971    -0.239    -0.014
 2     0.238     0.969     0.049
 2     0.003    -0.053     0.998
 3   123.546    -1.755     2.290
 3     0.611     0.042    -0.791
 3    -0.240     0.961    -0.135
 3     0.754     0.272     0.597
 4   111.132    14.926    -0.112
 4     0.599    -0.697     0.397
 4     0.774     0.375    -0.510
 4     0.207     0.611     0.763
 5   111.794    25.209    20.422
 5     0.112    -0.808     0.579
 5     0.085    -0.573    -0.815
 5     0.990     0.140     0.005
 6   121.173    24.190    40.014
 6     0.206    -0.370    -0.906
 6    -0.045     0.921    -0.386
 6     0.977     0.120     0.173
 7   111.164   -19.403    -0.609
 7     0.689     0.610     0.391
 7    -0.718     0.503     0.481
 7     0.096    -0.612     0.784
 8   114.584   -29.501    18.003
 8     0.099     0.876     0.472
 8    -0.260    -0.435     0.862
 8     0.960    -0.208     0.185
 9   124.368   -29.931    37.984
 9     0.295     0.338    -0.894
 9    -0.022     0.937     0.347
 9     0.955    -0.083     0.284
 2    98.671   -22.611    59.344
 2     0.971    -0.239    -0.014
 2     0.238     0.969     0.049
 2     0.003    -0.053     0.998
 3   123.570    -1.729     2.290
 3     0.611     0.041    -0.791
 3    -0.239     0.961    -0.136
 3     0.754     0.272     0.597
 4   111.131    14.977    -0.112
 4     0.598    -0.698     0.396
 4     0.774     0.374    -0.510
 4     0.207     0.611     0.763
 5   111.845    25.209    20.425
 5     0.113    -0.811     0.575
 5     0.086    -0.568    -0.818
 5     0.990     0.141     0.006
 6   121.236    24.192    40.000
 6     0.204    -0.369    -0.907
 6    -0.045     0.922    -0.385
 6     0.978     0.119     0.172
 7   111.162   -19.403    -0.632
 7     0.690     0.609     0.392
 7    -0.718     0.504     0.480
 7     0.095    -0.612     0.784
 8   114.582   -29.501    18.002
 8     0.099     0.877     0.470
 8    -0.260    -0.433     0.863
 8     0.960    -0.207     0.186
 9   124.375   -29.929    38.024
 9     0.293     0.338    -0.895
 9    -0.022     0.937     0.347
 9     0.956    -0.082     0.282
 2    98.721   -22.611    59.343
 2     0.971    -0.240    -0.014
 2     0.239     0.969     0.049
 2     0.003    -0.053     0.998
 3   123.617    -1.756     2.295
 3     0.612     0.041    -0.790
 3    -0.239     0.961    -0.136
 3     0.753     0.272     0.598
 4   111.181    14.977    -0.163
 4     0.598    -0.697     0.396
 4     0.774     0.374    -0.510
 4     0.207     0.611     0.763
 5   111.795    25.209    20.377
 5     0.113    -0.811     0.574
 5     0.087    -0.568    -0.818
 5     0.990     0.142     0.007
 6   121.184    24.192    39.998
 6     0.203    -0.370    -0.907
 6    -0.045     0.921    -0.386
 6     0.978     0.119     0.170
 7   111.214   -19.402    -0.635
 7     0.690     0.609     0.391
 7    -0.717     0.504     0.480
 7     0.096    -0.612     0.785
 8   114.582   -29.502    18.003
 8     0.099     0.877     0.470
 8    -0.262    -0.432     0.862
 8     0.960    -0.208     0.187
 9   124.376   -29.929    38.024
 9     0.292     0.338    -0.895
 9    -0.022     0.937     0.347
 9     0.956    -0.082     0.281
 2    98.721   -22.611    59.343
 2     0.971    -0.240    -0.014
 2     0.239     0.969     0.049
 2     0.003    -0.053     0.998
 3   123.617    -1.730     2.244
 3     0.613     0.041    -0.790
 3    -0.239     0.961    -0.136
 3     0.753     0.272     0.598
 4   111.330    14.985    -0.211
 4     0.596    -0.705     0.386
 4     0.773     0.374    -0.511
 4     0.216     0.603     0.767
 5   111.047    24.950    20.367
 5     0.103    -0.769     0.631
 5     0.163    -0.613    -0.773
 5     0.981     0.182     0.063
 6   120.711    24.879    39.524
 6     0.215    -0.402    -0.890
 6    -0.022     0.909    -0.416
 6     0.976     0.108     0.186
 7   111.480   -19.314    -0.769
 7     0.698     0.607     0.379
 7    -0.708     0.508     0.490
 7     0.105    -0.611     0.784
 8   113.683   -30.272    17.471
 8     0.083     0.811     0.578
 8    -0.383    -0.510     0.770
 8     0.920    -0.285     0.269
 9   123.809   -31.158    36.578
 9     0.293     0.248    -0.923
 9    -0.032     0.968     0.249
 9     0.955    -0.044     0.292
 2    98.721   -22.611    59.343
 2     0.971    -0.240    -0.014
 2     0.239     0.969     0.049
 2     0.003    -0.053     0.998
 3   123.732    -1.394     2.091
 3     0.608     0.032    -0.794
 3    -0.236     0.961    -0.143
 3     0.758     0.274     0.591
 4   110.946    14.937    -1.329
 4     0.552    -0.740     0.384
 4     0.808     0.363    -0.462
 4     0.203     0.565     0.799
 5   106.926    25.892    18.274
 5    -0.009    -0.540     0.842
 5     0.400    -0.773    -0.491
 5     0.916     0.332     0.223
 6   116.435    28.927    36.973
 6     0.198    -0.443    -0.875
 6     0.074     0.896    -0.436
 6     0.977     0.020     0.209
 7   111.239   -18.646    -1.995
 7     0.668     0.640     0.379
 7    -0.739     0.515     0.433
 7     0.082    -0.570     0.817
 8   108.224   -32.278    13.523
 8    -0.119     0.730     0.672
 8    -0.578    -0.602     0.551
 8     0.807    -0.323     0.494
 9   116.547   -35.634    32.716
 9     0.228     0.290    -0.930
 9    -0.095     0.957     0.275
 9     0.969     0.025     0.245
 2    98.671   -22.560    59.343
 2     0.971    -0.240    -0.014
 2     0.239     0.969     0.049
 2     0.003    -0.053     0.998
 3   123.794    -1.095     1.845
 3     0.558     0.032    -0.830
 3    -0.224     0.968    -0.114
 3     0.799     0.249     0.547
 4   110.907    14.812    -2.364
 4     0.486    -0.800     0.354
 4     0.840     0.315    -0.441
 4     0.241     0.511     0.825
 5   103.262    24.949    16.097
 5    -0.191    -0.475     0.859
 5     0.418    -0.831    -0.367
 5     0.888     0.289     0.357
 6   110.845    28.764    35.622
 6     0.062    -0.437    -0.897
 6     0.092     0.897    -0.431
 6     0.994    -0.057     0.095
 7   111.136   -18.153    -2.918
 7     0.594     0.716     0.366
 7    -0.796     0.457     0.397
 7     0.117    -0.527     0.841
 8   104.043   -30.782    11.758
 8    -0.331     0.668     0.666
 8    -0.535    -0.714     0.451
 8     0.777    -0.207     0.594
 9   108.593   -36.160    31.882
 9     0.022     0.402    -0.915
 9    -0.169     0.904     0.393
 9     0.985     0.147     0.088
 2    98.671   -22.611    59.343
 2     0.971    -0.240    -0.014
 2     0.239     0.969     0.049
 2     0.003    -0.053     0.998
 3   123.892    -0.908     1.768
 3     0.529     0.012    -0.849
 3    -0.205     0.972    -0.115
 3     0.823     0.234     0.516
 4   110.569    14.653    -2.925
 4     0.421    -0.842     0.338
 4     0.866     0.261    -0.426
 4     0.271     0.471     0.839
 5   100.865    23.911    14.857
 5    -0.298    -0.414     0.860
 5     0.417    -0.867    -0.273
 5     0.859     0.277     0.430
 6   107.161    28.687    34.714
 6    -0.005    -0.439    -0.899
 6     0.111     0.892    -0.437
 6     0.994    -0.102     0.044
 7   111.210   -17.951    -3.187
 7     0.573     0.741     0.350
 7    -0.809     0.443     0.387
 7     0.131    -0.505     0.853
 8   102.971   -29.639    11.423
 8    -0.395     0.647     0.652
 8    -0.482    -0.750     0.452
 8     0.781    -0.136     0.608
 9   105.095   -36.081    31.880
 9    -0.085     0.462    -0.883
 9    -0.211     0.857     0.469
 9     0.974     0.226     0.024
 2    98.671   -22.611    59.343
 2     0.971    -0.240    -0.014
 2     0.239     0.969     0.049
 2     0.003    -0.053     0.998
 3   123.674    -0.698     1.652
 3     0.529    -0.001    -0.849
 3    -0.197     0.972    -0.124
 3     0.825     0.232     0.513
 4   110.121    14.633    -3.108
 4     0.391    -0.854     0.344
 4     0.871     0.223    -0.437
 4     0.297     0.470     0.831
 5    99.540    23.187    14.199
 5    -0.357    -0.388     0.850
 5     0.401    -0.885    -0.235
 5     0.843     0.257     0.471
 6   104.137    28.622    34.533
 6    -0.091    -0.450    -0.888
 6     0.133     0.878    -0.459
 6     0.987    -0.161    -0.020
 7   110.892   -17.471    -3.795
 7     0.536     0.769     0.349
 7    -0.835     0.421     0.354
 7     0.125    -0.481     0.867
 8   101.472   -28.668    10.145
 8    -0.470     0.592     0.655
 8    -0.454    -0.798     0.396
 8     0.757    -0.111     0.643
 9   100.298   -36.848    30.433
 9    -0.237     0.477    -0.846
 9    -0.276     0.802     0.530
 9     0.931     0.359    -0.059
 2    98.671   -22.611    59.343
 2     0.971    -0.240    -0.014
 2     0.239     0.969     0.049
 2     0.003    -0.053     0.998
 3   123.810    -0.537     1.473
 3     0.514    -0.007    -0.858
 3    -0.198     0.972    -0.126
 3     0.834     0.234     0.498
 4   110.496    14.555    -3.641
 4     0.370    -0.872     0.322
 4     0.873     0.208    -0.440
 4     0.317     0.443     0.838
 5    99.150    22.832    13.288
 5    -0.412    -0.385     0.826
 5     0.393    -0.893    -0.219
 5     0.821     0.235     0.519
 6   101.630    29.094    33.829
 6    -0.208    -0.413    -0.887
 6     0.172     0.877    -0.448
 6     0.963    -0.246    -0.112
 7   111.659   -17.413    -4.331
 7     0.530     0.787     0.317
 7    -0.836     0.423     0.347
 7     0.140    -0.449     0.882
 8   101.648   -28.443     9.561
 8    -0.509     0.593     0.624
 8    -0.431    -0.803     0.411
 8     0.745    -0.060     0.664
 9    97.575   -37.543    29.569
 9    -0.381     0.424    -0.822
 9    -0.318     0.774     0.547
 9     0.868     0.470    -0.160
 2    98.671   -22.611    59.343
 2     0.971    -0.240    -0.014
 2     0.239     0.969     0.049
 2     0.003    -0.053     0.998
 3   124.078    -0.572     1.516
 3     0.501    -0.017    -0.865
 3    -0.191     0.973    -0.130
 3     0.844     0.230     0.484
 4   110.724    14.330    -4.039
 4     0.357    -0.882     0.307
 4     0.879     0.206    -0.430
 4     0.317     0.423     0.849
 5    98.898    22.460    12.476
 5    -0.449    -0.379     0.809
 5     0.387    -0.898    -0.206
 5     0.805     0.221     0.550
 6    99.575    29.303    33.066
 6    -0.299    -0.394    -0.869
 6     0.202     0.864    -0.461
 6     0.932    -0.314    -0.178
 7   112.111   -17.504    -4.566
 7     0.525     0.799     0.293
 7    -0.837     0.421     0.350
 7     0.157    -0.428     0.890
 8   101.381   -28.118     9.151
 8    -0.547     0.583     0.601
 8    -0.403    -0.812     0.422
 8     0.734    -0.012     0.678
 9    95.419   -37.316    28.762
 9    -0.466     0.386    -0.796
 9    -0.315     0.768     0.557
 9     0.826     0.511    -0.236
 2    98.671   -22.611    59.344
 2     0.971    -0.239    -0.014
 2     0.238     0.969     0.049
 2     0.003    -0.053     0.998
 3   124.334    -0.657     1.396
 3     0.483    -0.020    -0.875
 3    -0.185     0.975    -0.125
 3     0.856     0.222     0.467
 4   111.087    14.207    -4.318
 4     0.350    -0.892     0.286
 4     0.880     0.208    -0.426
 4     0.320     0.401     0.858
 5    99.020    22.271    11.986
 5    -0.473    -0.375     0.798
 5     0.382    -0.903    -0.197
 5     0.794     0.211     0.569
 6    99.068    29.239    32.693
 6    -0.332    -0.388    -0.860
 6     0.206     0.859    -0.467
 6     0.920    -0.333    -0.205
 7   112.784   -17.329    -4.997
 7     0.515     0.815     0.264
 7    -0.841     0.423     0.336
 7     0.163    -0.395     0.904
 8   101.540   -27.985     8.233
 8    -0.579     0.574     0.579
 8    -0.400    -0.819     0.412
 8     0.710     0.006     0.703
 9    94.366   -37.525    27.505
 9    -0.524     0.355    -0.774
 9    -0.327     0.755     0.568
 9     0.786     0.551    -0.280
 2    98.671   -22.611    59.344
 2     0.971    -0.239    -0.014
 2     0.238     0.969     0.049
 2     0.003    -0.053     0.998
 3   125.075    -0.467     1.555
 3     0.453    -0.028    -0.891
 3    -0.190     0.973    -0.127
 3     0.871     0.227     0.435
 4   112.126    14.348    -4.648
 4     0.340    -0.905     0.256
 4     0.879     0.209    -0.427
 4     0.333     0.370     0.867
 5    99.215    22.200    11.280
 5    -0.506    -0.376     0.777
 5     0.375    -0.906    -0.194
 5     0.776     0.194     0.599
 6    98.353    28.972    31.983
 6    -0.374    -0.379    -0.846
 6     0.198     0.859    -0.472
 6     0.906    -0.345    -0.246
 7   113.627   -17.099    -5.301
 7     0.498     0.837     0.229
 7    -0.849     0.415     0.327
 7     0.178    -0.357     0.917
 8   101.247   -27.495     7.439
 8    -0.627     0.547     0.556
 8    -0.385    -0.837     0.389
 8     0.677     0.030     0.734
 9    92.251   -37.156    26.184
 9    -0.598     0.316    -0.737
 9    -0.319     0.750     0.580
 9     0.735     0.581    -0.348
 2    98.671   -22.662    59.344
 2     0.971    -0.239    -0.014
 2     0.238     0.969     0.049
 2     0.003    -0.053     0.998
 3   125.361    -0.532     1.632
 3     0.428    -0.026    -0.903
 3    -0.192     0.974    -0.119
 3     0.883     0.224     0.412
 4   112.598    14.279    -4.711
 4     0.334    -0.913     0.236
 4     0.879     0.211    -0.427
 4     0.340     0.350     0.873
 5    99.314    21.839    11.045
 5    -0.523    -0.376     0.766
 5     0.365    -0.910    -0.197
 5     0.770     0.177     0.612
 6    98.044    28.562    31.858
 6    -0.391    -0.375    -0.840
 6     0.193     0.859    -0.473
 6     0.900    -0.347    -0.264
 7   114.485   -17.209    -5.192
 7     0.498     0.844     0.198
 7    -0.844     0.419     0.333
 7     0.198    -0.333     0.922
 8   102.090   -27.567     7.464
 8    -0.638     0.561     0.527
 8    -0.366    -0.823     0.434
 8     0.677     0.084     0.730
 9    92.854   -36.599    26.385
 9    -0.616     0.286    -0.734
 9    -0.302     0.775     0.555
 9     0.728     0.563    -0.391
 2    98.671   -22.611    59.343
 2     0.971    -0.240    -0.014
 2     0.239     0.969     0.049
 2     0.003    -0.053     0.998
 3   126.394    -0.327     2.031
 3     0.393    -0.066    -0.918
 3    -0.184     0.972    -0.148
 3     0.901     0.227     0.369
 4   113.955    14.307    -4.932
 4     0.301    -0.933     0.195
 4     0.882     0.195    -0.427
 4     0.361     0.301     0.883
 5    99.438    21.278    10.093
 5    -0.578    -0.360     0.733
 5     0.340    -0.922    -0.184
 5     0.741     0.143     0.655
 6    96.614    27.549    30.800
 6    -0.458    -0.374    -0.806
 6     0.168     0.854    -0.492
 6     0.873    -0.361    -0.328
 7   116.122   -17.065    -5.517
 7     0.489     0.861     0.141
 7    -0.843     0.424     0.331
 7     0.225    -0.280     0.933
 8   102.508   -27.097     6.989
 8    -0.678     0.543     0.496
 8    -0.341    -0.830     0.441
 8     0.650     0.130     0.748
 9    91.792   -35.753    25.471
 9    -0.672     0.264    -0.693
 9    -0.283     0.772     0.568
 9     0.685     0.578    -0.444
 2    98.671   -22.611    59.344
 2     0.971    -0.239    -0.014
 2     0.238     0.969     0.049
 2     0.003    -0.053     0.998
 3   126.714    -0.276     2.152
 3     0.371    -0.057    -0.927
 3    -0.191     0.972    -0.136
 3     0.909     0.227     0.349
 4   114.170    14.496    -4.797
 4     0.302    -0.936     0.183
 4     0.876     0.196    -0.440
 4     0.376     0.293     0.879
 5    99.614    21.284    10.588
 5    -0.577    -0.367     0.730
 5     0.327    -0.922    -0.205
 5     0.748     0.121     0.652
 6    96.755    27.522    31.458
 6    -0.463    -0.352    -0.813
 6     0.168     0.866    -0.471
 6     0.870    -0.355    -0.342
 7   114.669   -16.844    -5.443
 7     0.458     0.873     0.170
 7    -0.865     0.392     0.313
 7     0.207    -0.291     0.934
 8   101.041   -26.508     7.135
 8    -0.674     0.510     0.535
 8    -0.327    -0.854     0.403
 8     0.662     0.096     0.742
 9    89.902   -35.404    25.422
 9    -0.687     0.280    -0.670
 9    -0.278     0.751     0.598
 9     0.671     0.597    -0.439
 2    98.671   -22.611    59.344
 2     0.971    -0.239    -0.014
 2     0.238     0.969     0.049
 2     0.003    -0.053     0.998
 3   126.058    -0.630     1.806
 3     0.377    -0.015    -0.926
 3    -0.208     0.973    -0.100
 3     0.902     0.230     0.363
 4   113.710    14.572    -4.715
 4     0.316    -0.930     0.187
 4     0.869     0.204    -0.450
 4     0.381     0.304     0.873
 5    99.219    21.083    10.591
 5    -0.581    -0.366     0.728
 5     0.315    -0.925    -0.212
 5     0.750     0.106     0.652
 6    95.829    27.101    31.344
 6    -0.496    -0.331    -0.803
 6     0.161     0.873    -0.460
 6     0.853    -0.357    -0.380
 7   114.046   -16.641    -5.622
 7     0.430     0.884     0.184
 7    -0.881     0.367     0.297
 7     0.195    -0.290     0.937
 8   100.378   -26.177     6.538
 8    -0.692     0.480     0.540
 8    -0.324    -0.874     0.361
 8     0.645     0.075     0.760
 9    88.884   -35.467    24.349
 9    -0.725     0.242    -0.645
 9    -0.283     0.749     0.599
 9     0.628     0.617    -0.475
 2    98.669   -22.612    59.347
 2     0.971    -0.239    -0.013
 2     0.238     0.969     0.049
 2     0.002    -0.053     0.998
 3   126.243    -0.577     1.790
 3     0.373    -0.018    -0.928
 3    -0.208     0.972    -0.103
 3     0.904     0.232     0.359
 4   114.013    14.547    -4.838
 4     0.316    -0.932     0.177
 4     0.869     0.209    -0.449
 4     0.381     0.295     0.876
 5    99.494    21.101    10.267
 5    -0.588    -0.367     0.721
 5     0.318    -0.924    -0.211
 5     0.743     0.105     0.660
 6    95.770    27.169    30.912
 6    -0.510    -0.317    -0.800
 6     0.167     0.876    -0.453
 6     0.844    -0.364    -0.394
 7   114.631   -16.757    -5.702
 7     0.440     0.882     0.170
 7    -0.875     0.378     0.302
 7     0.202    -0.282     0.938
 8   100.844   -26.414     6.388
 8    -0.698     0.491     0.522
 8    -0.327    -0.866     0.377
 8     0.637     0.092     0.765
 9    88.471   -35.755    23.815
 9    -0.746     0.215    -0.630
 9    -0.288     0.750     0.596
 9     0.601     0.626    -0.497
 2    98.671   -22.611    59.344
 2     0.971    -0.239    -0.014
 2     0.238     0.969     0.049
 2     0.003    -0.053     0.998
 3   126.403    -0.695     1.823
 3     0.362    -0.019    -0.932
 3    -0.204     0.974    -0.099
 3     0.910     0.225     0.347
 4   114.184    14.317    -5.002
 4     0.312    -0.935     0.167
 4     0.871     0.211    -0.442
 4     0.378     0.283     0.881
 5    99.402    20.913     9.907
 5    -0.601    -0.364     0.712
 5     0.321    -0.925    -0.202
 5     0.732     0.107     0.672
 6    95.353    27.304    30.513
 6    -0.532    -0.305    -0.790
 6     0.178     0.872    -0.456
 6     0.828    -0.384    -0.409
 7   114.635   -16.860    -5.655
 7     0.432     0.886     0.168
 7    -0.878     0.371     0.301
 7     0.204    -0.277     0.939
 8   100.756   -26.637     6.650
 8    -0.694     0.493     0.526
 8    -0.327    -0.865     0.380
 8     0.641     0.091     0.761
 9    88.992   -36.017    24.413
 9    -0.737     0.213    -0.641
 9    -0.292     0.755     0.587
 9     0.609     0.620    -0.495
 2    98.671   -22.611    59.344
 2     0.971    -0.239    -0.014
 2     0.238     0.969     0.049
 2     0.003    -0.053     0.998
 3   126.270    -0.820     1.840
 3     0.367    -0.016    -0.930
 3    -0.200     0.975    -0.096
 3     0.908     0.221     0.354
 4   113.915    14.133    -4.984
 4     0.315    -0.932     0.177
 4     0.873     0.212    -0.438
 4     0.371     0.292     0.881
 5    99.311    20.796    10.216
 5    -0.588    -0.359     0.725
 5     0.322    -0.926    -0.197
 5     0.741     0.118     0.660
 6    95.635    27.209    30.846
 6    -0.517    -0.319    -0.794
 6     0.181     0.866    -0.465
 6     0.836    -0.384    -0.391
 7   114.181   -17.109    -5.412
 7     0.449     0.874     0.185
 7    -0.871     0.382     0.308
 7     0.199    -0.299     0.933
 8   100.979   -26.895     7.350
 8    -0.664     0.506     0.552
 8    -0.332    -0.859     0.389
 8     0.671     0.075     0.737
 9    90.574   -36.136    25.846
 9    -0.688     0.258    -0.678
 9    -0.292     0.757     0.584
 9     0.664     0.600    -0.445
 2    98.671   -22.611    59.344
 2     0.971    -0.239    -0.014
 2     0.238     0.969     0.049
 2     0.003    -0.053     0.998
 3   125.967    -0.931     1.838
 3     0.391    -0.011    -0.921
 3    -0.200     0.975    -0.096
 3     0.898     0.221     0.378
 4   113.545    14.174    -4.794
 4     0.330    -0.923     0.196
 4     0.871     0.218    -0.440
 4     0.364     0.315     0.876
 5    99.702    21.047    10.947
 5    -0.557    -0.371     0.744
 5     0.329    -0.920    -0.212
 5     0.763     0.126     0.633
 6    97.118    27.510    31.747
 6    -0.477    -0.320    -0.818
 6     0.188     0.872    -0.451
 6     0.859    -0.369    -0.356
 7   113.693   -17.459    -5.023
 7     0.474     0.855     0.211
 7    -0.860     0.398     0.318
 7     0.188    -0.332     0.924
 8   101.811   -27.520     8.742
 8    -0.604     0.545     0.582
 8    -0.347    -0.837     0.423
 8     0.717     0.053     0.694
 9    93.702   -36.751    28.034
 9    -0.599     0.303    -0.741
 9    -0.302     0.771     0.559
 9     0.741     0.559    -0.371
 2    98.671   -22.611    59.344
 2     0.971    -0.239    -0.014
 2     0.238     0.969     0.049
 2     0.003    -0.053     0.998
 3   125.626    -1.136     2.062
 3     0.433    -0.006    -0.902
 3    -0.209     0.972    -0.107
 3     0.876     0.235     0.419
 4   113.396    14.321    -4.489
 4     0.378    -0.900     0.219
 4     0.860     0.253    -0.443
 4     0.343     0.355     0.869
 5   101.136    22.041    12.107
 5    -0.487    -0.417     0.767
 5     0.359    -0.896    -0.259
 5     0.796     0.150     0.586
 6   100.509    28.558    33.157
 6    -0.398    -0.303    -0.866
 6     0.208     0.889    -0.407
 6     0.893    -0.342    -0.291
 7   113.185   -17.971    -4.412
 7     0.526     0.814     0.245
 7    -0.832     0.432     0.347
 7     0.177    -0.386     0.905
 8   103.699   -28.757    10.632
 8    -0.492     0.628     0.602
 8    -0.388    -0.778     0.494
 8     0.779     0.009     0.626
 9    99.285   -37.812    30.776
 9    -0.455     0.294    -0.840
 9    -0.336     0.817     0.468
 9     0.825     0.495    -0.273
 2    98.669   -22.663    59.346
 2     0.971    -0.239    -0.013
 2     0.238     0.969     0.049
 2     0.002    -0.053     0.998
 3   125.301    -1.279     2.299
 3     0.484     0.002    -0.875
 3    -0.228     0.966    -0.124
 3     0.845     0.260     0.467
 4   113.502    14.685    -3.848
 4     0.455    -0.859     0.235
 4     0.831     0.315    -0.458
 4     0.320     0.403     0.857
 5   103.674    23.729    13.985
 5    -0.371    -0.490     0.789
 5     0.396    -0.852    -0.342
 5     0.840     0.186     0.510
 6   105.829    29.889    34.957
 6    -0.284    -0.250    -0.926
 6     0.230     0.919    -0.319
 6     0.931    -0.304    -0.203
 7   113.078   -18.178    -3.945
 7     0.590     0.764     0.261
 7    -0.792     0.483     0.374
 7     0.160    -0.427     0.890
 8   107.060   -30.196    12.126
 8    -0.336     0.743     0.579
 8    -0.445    -0.667     0.598
 8     0.830    -0.057     0.554
 9   106.796   -38.768    32.643
 9    -0.272     0.244    -0.931
 9    -0.359     0.871     0.333
 9     0.893     0.425    -0.149
 2    98.671   -22.611    59.369
 2     0.971    -0.240    -0.014
 2     0.239     0.969     0.050
 2     0.003    -0.053     0.998
 3   125.291    -1.331     2.574
 3     0.507    -0.001    -0.862
 3    -0.242     0.959    -0.144
 3     0.827     0.281     0.486
 4   114.123    14.898    -3.313
 4     0.533    -0.813     0.232
 4     0.790     0.381    -0.479
 4     0.301     0.438     0.846
 5   107.545    24.983    15.911
 5    -0.218    -0.563     0.797
 5     0.417    -0.792    -0.446
 5     0.882     0.235     0.408
 6   112.965    30.367    36.484
 6    -0.134    -0.209    -0.969
 6     0.232     0.944    -0.235
 6     0.963    -0.256    -0.078
 7   113.594   -18.383    -3.545
 7     0.636     0.729     0.254
 7    -0.756     0.520     0.397
 7     0.157    -0.445     0.881
 8   110.975   -31.212    13.375
 8    -0.159     0.789     0.593
 8    -0.485    -0.586     0.649
 8     0.860    -0.185     0.476
 9   115.070   -39.204    33.305
 9    -0.069     0.265    -0.962
 9    -0.370     0.888     0.271
 9     0.926     0.375     0.036
 2    98.671   -22.662    59.344
 2     0.971    -0.239    -0.014
 2     0.238     0.969     0.050
 2     0.003    -0.053     0.998
 3   125.583    -1.445     2.881
 3     0.510    -0.008    -0.860
 3    -0.254     0.954    -0.160
 3     0.821     0.299     0.484
 4   114.803    14.994    -2.639
 4     0.591    -0.773     0.229
 4     0.753     0.429    -0.498
 4     0.287     0.467     0.836
 5   111.555    25.400    17.842
 5    -0.051    -0.577     0.816
 5     0.422    -0.753    -0.505
 5     0.905     0.318     0.281
 6   119.799    30.255    37.269
 6     0.024    -0.209    -0.978
 6     0.230     0.953    -0.198
 6     0.973    -0.221     0.071
 7   114.133   -18.662    -3.044
 7     0.668     0.703     0.243
 7    -0.726     0.543     0.421
 7     0.164    -0.458     0.873
 8   114.949   -30.846    15.084
 8     0.022     0.794     0.607
 8    -0.452    -0.533     0.714
 8     0.892    -0.290     0.348
 9   122.954   -36.754    34.436
 9     0.122     0.304    -0.945
 9    -0.301     0.918     0.256
 9     0.946     0.253     0.204
 2    98.671   -22.662    59.344
 2     0.971    -0.239    -0.014
 2     0.238     0.969     0.049
 2     0.003    -0.053     0.998
 3   125.828    -1.629     2.953
 3     0.505    -0.011    -0.863
 3    -0.265     0.950    -0.167
 3     0.821     0.313     0.476
 4   115.268    15.029    -1.991
 4     0.625    -0.745     0.233
 4     0.728     0.448    -0.518
 4     0.281     0.493     0.823
 5   114.436    23.451    20.100
 5     0.101    -0.450     0.888
 5     0.364    -0.814    -0.453
 5     0.926     0.368     0.081
 6   124.379    28.847    38.352
 6     0.164    -0.429    -0.889
 6     0.199     0.896    -0.395
 6     0.966    -0.114     0.231
 7   114.413   -18.984    -2.246
 7     0.687     0.686     0.238
 7    -0.702     0.544     0.459
 7     0.185    -0.482     0.856
 8   118.545   -28.311    17.562
 8     0.198     0.730     0.655
 8    -0.321    -0.583     0.745
 8     0.926    -0.357     0.119
 9   129.054   -32.172    36.205
 9     0.271     0.444    -0.855
 9    -0.183     0.894     0.405
 9     0.945     0.048     0.323
 2    98.669   -22.663    59.346
 2     0.971    -0.239    -0.013
 2     0.238     0.969     0.049
 2     0.002    -0.053     0.998
 3   126.084    -1.799     3.187
 3     0.491    -0.021    -0.871
 3    -0.265     0.949    -0.172
 3     0.829     0.315     0.460
 4   115.400    15.024    -1.279
 4     0.632    -0.733     0.255
 4     0.724     0.439    -0.532
 4     0.277     0.520     0.807
 5   116.428    21.787    21.509
 5     0.210    -0.411     0.888
 5     0.285    -0.843    -0.456
 5     0.935     0.347    -0.059
 6   127.494    25.583    39.258
 6     0.240    -0.386    -0.891
 6     0.122     0.922    -0.366
 6     0.963    -0.022     0.267
 7   114.785   -19.299    -1.317
 7     0.707     0.669     0.229
 7    -0.674     0.540     0.504
 7     0.213    -0.511     0.833
 8   120.161   -27.017    19.080
 8     0.249     0.734     0.633
 8    -0.244    -0.585     0.773
 8     0.937    -0.346     0.034
 9   130.255   -30.054    37.841
 9     0.268     0.477    -0.839
 9    -0.135     0.879     0.455
 9     0.954    -0.007     0.298
 2    98.669   -22.663    59.346
 2     0.971    -0.239    -0.013
 2     0.238     0.969     0.049
 2     0.002    -0.053     0.998
 3   126.205    -1.872     3.192
 3     0.495    -0.024    -0.869
 3    -0.260     0.950    -0.174
 3     0.828     0.312     0.464
 4   115.210    15.088    -0.800
 4     0.631    -0.732     0.258
 4     0.718     0.426    -0.550
 4     0.293     0.531     0.794
 5   116.381    20.565    22.849
 5     0.278    -0.398     0.875
 5     0.197    -0.867    -0.456
 5     0.940     0.298    -0.162
 6   127.268    24.201    40.371
 6     0.257    -0.507    -0.825
 6     0.073     0.859    -0.504
 6     0.963     0.068     0.257
 7   115.085   -19.338    -1.047
 7     0.709     0.670     0.221
 7    -0.668     0.539     0.512
 7     0.224    -0.511     0.829
 8   119.063   -25.795    19.806
 8     0.187     0.698     0.691
 8    -0.186    -0.666     0.722
 8     0.965    -0.262     0.006
 9   127.643   -29.979    39.290
 9     0.196     0.686    -0.703
 9    -0.114     0.725     0.677
 9     0.974    -0.051     0.219
 2    98.669   -22.663    59.346
 2     0.971    -0.239    -0.013
 2     0.238     0.969     0.049
 2     0.002    -0.053     0.998
 3   126.119    -1.670     3.159
 3     0.502    -0.021    -0.865
 3    -0.257     0.951    -0.172
 3     0.825     0.308     0.471
 4   114.883    15.409    -0.487
 4     0.615    -0.743     0.265
 4     0.726     0.403    -0.556
 4     0.306     0.534     0.787
 5   116.294    20.321    23.121
 5     0.304    -0.371     0.878
 5     0.143    -0.893    -0.426
 5     0.942     0.254    -0.218
 6   127.205    24.078    40.805
 6     0.247    -0.505    -0.829
 6     0.064     0.860    -0.504
 6     0.967     0.069     0.244
 7   114.815   -19.233    -1.161
 7     0.703     0.671     0.235
 7    -0.681     0.541     0.493
 7     0.204    -0.507     0.837
 8   118.912   -25.716    19.834
 8     0.178     0.689     0.703
 8    -0.180    -0.679     0.711
 8     0.967    -0.252     0.004
 9   127.700   -29.748    39.308
 9     0.209     0.691    -0.694
 9    -0.098     0.718     0.687
 9     0.973    -0.074     0.216
];