2 	  32.64	  -6.79	  23.01
	  0.001	  0.999	 -0.048
	 -1.000	  0.000	 -0.014
	 -0.014	  0.047	  0.999

3 	  44.84	  -0.21	   0.97
	  0.309	  0.214	  0.927
	  0.068	  0.967	 -0.246
	 -0.949	  0.139	  0.284

4 	  38.29	   3.87	  -7.58
	  0.616	  0.701	 -0.358
	 -0.664	  0.707	  0.241
	  0.422	  0.089	  0.902

5 	  43.65	  12.74	  -2.85
	  0.878	  0.478	  0.022
	  0.198	 -0.406	  0.892
	  0.435	 -0.779	 -0.451

6 	  47.21	   3.45	  -4.46
	  0.001	 -0.965	  0.262
	  0.958	 -0.073	 -0.275
	  0.284	  0.251	  0.925

7 	  38.43	  -5.84	  -7.21
	  0.715	 -0.379	 -0.588
	  0.364	  0.919	 -0.151
	  0.597	 -0.106	  0.795

8 	  43.54	 -14.73	  -3.96
	  0.844	 -0.529	 -0.080
	 -0.265	 -0.283	 -0.922
	  0.465	  0.800	 -0.379

9 	  48.15	  -5.20	  -4.13
	 -0.042	  0.926	  0.373
	 -0.989	 -0.092	  0.117
	  0.143	 -0.365	  0.920

2 	  32.64	  -6.79	  23.01
	  0.001	  0.999	 -0.048
	 -1.000	  0.000	 -0.014
	 -0.014	  0.047	  0.999

3 	  44.84	  -0.19	   0.97
	  0.309	  0.215	  0.926
	  0.068	  0.966	 -0.247
	 -0.949	  0.139	  0.284

4 	  38.29	   3.87	  -7.56
	  0.617	  0.701	 -0.357
	 -0.665	  0.707	  0.241
	  0.421	  0.088	  0.902

5 	  43.61	  12.74	  -2.81
	  0.877	  0.479	  0.023
	  0.198	 -0.406	  0.892
	  0.436	 -0.778	 -0.451

6 	  47.21	   3.46	  -4.43
	  0.002	 -0.965	  0.262
	  0.958	 -0.073	 -0.275
	  0.285	  0.252	  0.925

7 	  38.41	  -5.87	  -7.17
	  0.718	 -0.382	 -0.582
	  0.363	  0.919	 -0.155
	  0.594	 -0.101	  0.798

8 	  43.58	 -14.68	  -3.83
	  0.847	 -0.527	 -0.073
	 -0.260	 -0.289	 -0.921
	  0.464	  0.799	 -0.381

9 	  48.18	  -5.15	  -4.04
	 -0.045	  0.927	  0.371
	 -0.989	 -0.094	  0.115
	  0.141	 -0.362	  0.921

2 	  32.64	  -6.79	  23.01
	  0.001	  0.999	 -0.048
	 -1.000	  0.000	 -0.014
	 -0.014	  0.047	  0.999

3 	  44.82	  -0.23	   0.98
	  0.309	  0.216	  0.926
	  0.068	  0.966	 -0.249
	 -0.949	  0.140	  0.283

4 	  38.32	   3.88	  -7.54
	  0.619	  0.702	 -0.353
	 -0.665	  0.707	  0.240
	  0.418	  0.086	  0.904

5 	  43.63	  12.74	  -2.78
	  0.878	  0.479	  0.024
	  0.197	 -0.407	  0.891
	  0.437	 -0.778	 -0.452

6 	  47.23	   3.46	  -4.41
	  0.003	 -0.965	  0.262
	  0.958	 -0.072	 -0.276
	  0.284	  0.252	  0.925

7 	  38.46	  -5.87	  -7.14
	  0.723	 -0.380	 -0.577
	  0.359	  0.920	 -0.157
	  0.590	 -0.094	  0.802

8 	  43.63	 -14.66	  -3.76
	  0.848	 -0.526	 -0.068
	 -0.255	 -0.292	 -0.922
	  0.465	  0.799	 -0.382

9 	  48.23	  -5.13	  -3.97
	 -0.046	  0.928	  0.370
	 -0.989	 -0.094	  0.113
	  0.139	 -0.361	  0.922

2 	  32.64	  -6.79	  23.01
	  0.001	  0.999	 -0.048
	 -1.000	  0.001	 -0.014
	 -0.014	  0.047	  0.999

3 	  44.84	  -0.19	   1.02
	  0.306	  0.219	  0.926
	  0.068	  0.965	 -0.251
	 -0.949	  0.140	  0.281

4 	  38.37	   3.85	  -7.54
	  0.621	  0.700	 -0.351
	 -0.665	  0.708	  0.237
	  0.414	  0.086	  0.906

5 	  43.65	  12.73	  -2.78
	  0.877	  0.479	  0.024
	  0.198	 -0.407	  0.891
	  0.437	 -0.778	 -0.452

6 	  47.30	   3.43	  -4.38
	  0.005	 -0.964	  0.266
	  0.958	 -0.072	 -0.276
	  0.285	  0.256	  0.923

7 	  38.55	  -5.92	  -7.15
	  0.726	 -0.378	 -0.574
	  0.355	  0.921	 -0.157
	  0.588	 -0.090	  0.804

8 	  43.70	 -14.66	  -3.69
	  0.850	 -0.523	 -0.065
	 -0.252	 -0.295	 -0.922
	  0.462	  0.800	 -0.383

9 	  48.30	  -5.12	  -3.90
	 -0.048	  0.928	  0.369
	 -0.989	 -0.095	  0.111
	  0.138	 -0.360	  0.922

2 	  32.64	  -6.79	  23.01
	  0.001	  0.999	 -0.048
	 -1.000	  0.000	 -0.014
	 -0.014	  0.047	  0.999

3 	  44.82	  -0.23	   1.07
	  0.301	  0.223	  0.927
	  0.070	  0.964	 -0.255
	 -0.951	  0.142	  0.274

4 	  38.43	   3.81	  -7.56
	  0.624	  0.698	 -0.351
	 -0.665	  0.710	  0.232
	  0.411	  0.088	  0.907

5 	  43.68	  12.66	  -2.79
	  0.878	  0.478	  0.025
	  0.196	 -0.406	  0.893
	  0.437	 -0.779	 -0.450

6 	  47.34	   3.39	  -4.36
	  0.003	 -0.963	  0.268
	  0.958	 -0.073	 -0.275
	  0.284	  0.258	  0.923

7 	  38.55	  -5.94	  -7.14
	  0.727	 -0.379	 -0.572
	  0.356	  0.921	 -0.158
	  0.586	 -0.089	  0.805

8 	  43.70	 -14.68	  -3.67
	  0.849	 -0.524	 -0.063
	 -0.250	 -0.296	 -0.922
	  0.464	  0.799	 -0.383

9 	  48.29	  -5.15	  -3.88
	 -0.047	  0.928	  0.369
	 -0.989	 -0.094	  0.110
	  0.137	 -0.360	  0.923

2 	  32.62	  -6.79	  23.01
	  0.001	  0.999	 -0.048
	 -1.000	  0.000	 -0.014
	 -0.014	  0.048	  0.999

3 	  44.82	  -0.25	   1.07
	  0.300	  0.225	  0.927
	  0.072	  0.964	 -0.257
	 -0.951	  0.144	  0.273

4 	  38.41	   3.78	  -7.54
	  0.626	  0.697	 -0.351
	 -0.663	  0.712	  0.231
	  0.411	  0.088	  0.907

5 	  43.70	  12.66	  -2.81
	  0.879	  0.477	  0.024
	  0.195	 -0.405	  0.893
	  0.435	 -0.780	 -0.449

6 	  47.32	   3.36	  -4.34
	 -0.001	 -0.963	  0.268
	  0.958	 -0.078	 -0.277
	  0.287	  0.256	  0.923

7 	  38.50	  -5.99	  -7.10
	  0.724	 -0.385	 -0.571
	  0.362	  0.918	 -0.160
	  0.586	 -0.092	  0.805

8 	  43.63	 -14.77	  -3.62
	  0.847	 -0.527	 -0.062
	 -0.251	 -0.296	 -0.922
	  0.468	  0.796	 -0.383

9 	  48.23	  -5.24	  -3.87
	 -0.045	  0.929	  0.366
	 -0.990	 -0.092	  0.111
	  0.136	 -0.358	  0.923

2 	  32.62	  -6.79	  23.01
	  0.001	  0.999	 -0.048
	 -1.000	  0.000	 -0.014
	 -0.014	  0.048	  0.999

3 	  44.79	  -0.28	   1.09
	  0.300	  0.224	  0.927
	  0.075	  0.963	 -0.258
	 -0.951	  0.147	  0.272

4 	  38.37	   3.76	  -7.54
	  0.628	  0.693	 -0.352
	 -0.659	  0.715	  0.232
	  0.413	  0.086	  0.906

5 	  43.73	  12.60	  -2.79
	  0.880	  0.473	  0.024
	  0.194	 -0.406	  0.893
	  0.432	 -0.782	 -0.449

6 	  47.25	   3.27	  -4.38
	 -0.008	 -0.963	  0.268
	  0.955	 -0.086	 -0.283
	  0.295	  0.254	  0.921

7 	  38.43	  -5.99	  -7.10
	  0.721	 -0.389	 -0.573
	  0.366	  0.916	 -0.161
	  0.588	 -0.094	  0.803

8 	  43.49	 -14.82	  -3.62
	  0.844	 -0.532	 -0.063
	 -0.255	 -0.295	 -0.921
	  0.471	  0.793	 -0.385

9 	  48.13	  -5.31	  -3.90
	 -0.042	  0.931	  0.363
	 -0.990	 -0.089	  0.113
	  0.138	 -0.355	  0.925

2 	  32.62	  -6.77	  23.01
	  0.001	  0.999	 -0.048
	 -1.000	  0.000	 -0.014
	 -0.014	  0.048	  0.999

3 	  44.77	  -0.28	   1.09
	  0.301	  0.224	  0.927
	  0.076	  0.963	 -0.258
	 -0.951	  0.148	  0.272

4 	  38.34	   3.76	  -7.52
	  0.629	  0.692	 -0.354
	 -0.658	  0.716	  0.233
	  0.414	  0.086	  0.906

5 	  43.73	  12.60	  -2.81
	  0.881	  0.473	  0.021
	  0.196	 -0.406	  0.892
	  0.430	 -0.782	 -0.451

6 	  47.23	   3.27	  -4.41
	 -0.011	 -0.964	  0.266
	  0.953	 -0.090	 -0.287
	  0.300	  0.251	  0.920

7 	  38.41	  -5.99	  -7.08
	  0.720	 -0.389	 -0.574
	  0.367	  0.916	 -0.161
	  0.589	 -0.095	  0.802

8 	  43.47	 -14.82	  -3.62
	  0.843	 -0.534	 -0.066
	 -0.258	 -0.294	 -0.920
	  0.472	  0.792	 -0.386

9 	  48.08	  -5.34	  -3.94
	 -0.041	  0.931	  0.362
	 -0.989	 -0.089	  0.116
	  0.140	 -0.354	  0.925

2 	  32.62	  -6.79	  23.01
	  0.001	  0.999	 -0.048
	 -1.000	  0.000	 -0.014
	 -0.014	  0.048	  0.999

3 	  44.77	  -0.30	   1.11
	  0.300	  0.224	  0.927
	  0.077	  0.963	 -0.258
	 -0.951	  0.149	  0.272

4 	  38.34	   3.76	  -7.54
	  0.629	  0.692	 -0.354
	 -0.657	  0.717	  0.234
	  0.416	  0.085	  0.905

5 	  43.73	  12.59	  -2.81
	  0.882	  0.471	  0.020
	  0.197	 -0.407	  0.891
	  0.428	 -0.782	 -0.452

6 	  47.21	   3.25	  -4.39
	 -0.012	 -0.964	  0.265
	  0.953	 -0.091	 -0.288
	  0.302	  0.250	  0.920

7 	  38.39	  -5.99	  -7.10
	  0.719	 -0.389	 -0.575
	  0.367	  0.916	 -0.161
	  0.589	 -0.095	  0.802

8 	  43.47	 -14.82	  -3.66
	  0.842	 -0.534	 -0.069
	 -0.261	 -0.293	 -0.920
	  0.471	  0.793	 -0.386

9 	  48.06	  -5.36	  -3.97
	 -0.041	  0.931	  0.363
	 -0.989	 -0.089	  0.117
	  0.141	 -0.354	  0.924

2 	  32.62	  -6.77	  23.01
	  0.001	  0.999	 -0.048
	 -1.000	  0.000	 -0.014
	 -0.014	  0.048	  0.999

3 	  44.75	  -0.30	   1.11
	  0.300	  0.224	  0.927
	  0.078	  0.963	 -0.258
	 -0.951	  0.149	  0.272

4 	  38.32	   3.78	  -7.51
	  0.629	  0.693	 -0.353
	 -0.658	  0.716	  0.235
	  0.415	  0.084	  0.906

5 	  43.73	  12.59	  -2.76
	  0.882	  0.470	  0.020
	  0.198	 -0.410	  0.890
	  0.427	 -0.781	 -0.455

6 	  47.23	   3.27	  -4.38
	 -0.009	 -0.964	  0.263
	  0.953	 -0.088	 -0.290
	  0.303	  0.249	  0.920

7 	  38.41	  -5.99	  -7.08
	  0.719	 -0.389	 -0.576
	  0.366	  0.916	 -0.161
	  0.590	 -0.095	  0.802

8 	  43.47	 -14.80	  -3.64
	  0.841	 -0.535	 -0.070
	 -0.263	 -0.293	 -0.919
	  0.471	  0.792	 -0.388

9 	  48.13	  -5.38	  -4.01
	 -0.032	  0.932	  0.362
	 -0.989	 -0.083	  0.125
	  0.147	 -0.354	  0.924

2 	  32.62	  -6.79	  23.01
	  0.001	  0.999	 -0.048
	 -1.000	  0.000	 -0.014
	 -0.014	  0.048	  0.999

3 	  44.74	  -0.30	   1.11
	  0.299	  0.224	  0.927
	  0.077	  0.963	 -0.258
	 -0.951	  0.149	  0.271

4 	  38.32	   3.78	  -7.51
	  0.628	  0.693	 -0.353
	 -0.657	  0.716	  0.236
	  0.416	  0.084	  0.905

5 	  43.73	  12.59	  -2.72
	  0.881	  0.473	  0.016
	  0.207	 -0.415	  0.886
	  0.426	 -0.777	 -0.464

6 	  47.36	   3.30	  -4.31
	  0.014	 -0.966	  0.259
	  0.949	 -0.068	 -0.307
	  0.314	  0.250	  0.916

7 	  38.41	  -5.99	  -7.08
	  0.719	 -0.389	 -0.576
	  0.366	  0.916	 -0.161
	  0.590	 -0.096	  0.801

8 	  43.40	 -14.84	  -3.62
	  0.833	 -0.547	 -0.078
	 -0.281	 -0.298	 -0.912
	  0.476	  0.782	 -0.402

9 	  48.32	  -5.43	  -4.04
	 -0.004	  0.934	  0.357
	 -0.989	 -0.056	  0.137
	  0.148	 -0.352	  0.924

2 	  32.62	  -6.79	  23.01
	  0.001	  0.999	 -0.048
	 -1.000	  0.000	 -0.014
	 -0.014	  0.048	  0.999

3 	  44.74	  -0.30	   1.09
	  0.300	  0.223	  0.927
	  0.077	  0.963	 -0.257
	 -0.951	  0.149	  0.272

4 	  38.34	   3.80	  -7.51
	  0.628	  0.694	 -0.352
	 -0.658	  0.715	  0.237
	  0.416	  0.083	  0.905

5 	  43.72	  12.60	  -2.65
	  0.878	  0.479	  0.015
	  0.214	 -0.421	  0.881
	  0.428	 -0.770	 -0.473

6 	  47.55	   3.34	  -4.32
	  0.047	 -0.966	  0.256
	  0.939	 -0.045	 -0.342
	  0.341	  0.256	  0.904

7 	  38.39	  -5.98	  -7.10
	  0.718	 -0.390	 -0.577
	  0.367	  0.916	 -0.161
	  0.591	 -0.097	  0.800

8 	  43.26	 -14.84	  -3.48
	  0.814	 -0.575	 -0.080
	 -0.306	 -0.308	 -0.901
	  0.493	  0.758	 -0.427

9 	  48.64	  -5.62	  -4.18
	  0.058	  0.939	  0.340
	 -0.988	  0.004	  0.156
	  0.146	 -0.345	  0.927

2 	  32.62	  -6.77	  23.01
	  0.001	  0.999	 -0.048
	 -1.000	  0.000	 -0.014
	 -0.014	  0.048	  0.999

3 	  44.74	  -0.28	   1.11
	  0.299	  0.223	  0.928
	  0.078	  0.963	 -0.257
	 -0.951	  0.149	  0.271

4 	  38.34	   3.81	  -7.49
	  0.628	  0.695	 -0.350
	 -0.657	  0.715	  0.239
	  0.416	  0.080	  0.906

5 	  43.70	  12.59	  -2.46
	  0.872	  0.489	  0.010
	  0.238	 -0.442	  0.865
	  0.427	 -0.752	 -0.502

6 	  47.97	   3.43	  -4.45
	  0.114	 -0.965	  0.235
	  0.929	  0.019	 -0.370
	  0.352	  0.260	  0.899

7 	  38.34	  -5.94	  -7.10
	  0.712	 -0.393	 -0.581
	  0.372	  0.914	 -0.163
	  0.595	 -0.100	  0.797

8 	  43.08	 -14.84	  -3.34
	  0.788	 -0.610	 -0.087
	 -0.344	 -0.319	 -0.883
	  0.510	  0.726	 -0.461

9 	  49.39	  -5.78	  -4.25
	  0.162	  0.933	  0.321
	 -0.979	  0.111	  0.171
	  0.124	 -0.342	  0.931

2 	  32.62	  -6.77	  23.01
	  0.001	  0.999	 -0.048
	 -1.000	  0.000	 -0.014
	 -0.014	  0.048	  0.999

3 	  44.72	  -0.28	   1.09
	  0.300	  0.221	  0.928
	  0.079	  0.963	 -0.256
	 -0.951	  0.150	  0.271

4 	  38.30	   3.83	  -7.49
	  0.629	  0.695	 -0.348
	 -0.657	  0.714	  0.240
	  0.416	  0.077	  0.906

5 	  43.68	  12.53	  -2.36
	  0.863	  0.505	  0.000
	  0.272	 -0.466	  0.841
	  0.425	 -0.726	 -0.540

6 	  48.67	   3.64	  -4.64
	  0.216	 -0.954	  0.209
	  0.911	  0.120	 -0.394
	  0.350	  0.276	  0.895

7 	  38.32	  -5.91	  -7.08
	  0.710	 -0.395	 -0.583
	  0.373	  0.913	 -0.164
	  0.596	 -0.101	  0.796

8 	  43.08	 -14.80	  -3.18
	  0.765	 -0.636	 -0.100
	 -0.392	 -0.336	 -0.856
	  0.511	  0.694	 -0.507

9 	  50.38	  -6.36	  -4.45
	  0.281	  0.916	  0.287
	 -0.957	  0.243	  0.160
	  0.076	 -0.319	  0.944

2 	  32.62	  -6.79	  23.01
	  0.001	  0.999	 -0.048
	 -1.000	  0.000	 -0.014
	 -0.014	  0.048	  0.999

3 	  44.72	  -0.26	   1.09
	  0.300	  0.222	  0.928
	  0.079	  0.963	 -0.256
	 -0.951	  0.150	  0.271

4 	  38.30	   3.81	  -7.51
	  0.622	  0.703	 -0.346
	 -0.666	  0.707	  0.239
	  0.412	  0.082	  0.907

5 	  43.59	  12.53	  -2.32
	  0.846	  0.533	 -0.012
	  0.311	 -0.476	  0.822
	  0.432	 -0.699	 -0.569

6 	  49.45	   4.20	  -5.01
	  0.343	 -0.921	  0.183
	  0.882	  0.249	 -0.399
	  0.322	  0.299	  0.898

7 	  38.32	  -5.92	  -7.08
	  0.707	 -0.399	 -0.584
	  0.377	  0.911	 -0.165
	  0.598	 -0.103	  0.795

8 	  42.93	 -14.89	  -3.11
	  0.738	 -0.667	 -0.107
	 -0.431	 -0.344	 -0.834
	  0.519	  0.661	 -0.541

9 	  50.75	  -6.91	  -5.01
	  0.378	  0.891	  0.249
	 -0.924	  0.345	  0.166
	  0.062	 -0.293	  0.954

2 	  32.62	  -6.77	  23.01
	  0.001	  0.999	 -0.048
	 -1.000	  0.000	 -0.014
	 -0.014	  0.048	  0.999

3 	  44.72	  -0.28	   1.05
	  0.298	  0.227	  0.927
	  0.076	  0.962	 -0.260
	 -0.952	  0.148	  0.269

4 	  38.32	   3.76	  -7.56
	  0.611	  0.710	 -0.349
	 -0.677	  0.697	  0.234
	  0.409	  0.093	  0.907

5 	  43.42	  12.66	  -2.41
	  0.824	  0.566	 -0.026
	  0.350	 -0.473	  0.808
	  0.445	 -0.676	 -0.588

6 	  50.29	   5.10	  -5.38
	  0.482	 -0.861	  0.157
	  0.828	  0.391	 -0.400
	  0.283	  0.324	  0.903

7 	  38.34	  -5.91	  -7.08
	  0.701	 -0.409	 -0.584
	  0.388	  0.906	 -0.168
	  0.598	 -0.109	  0.794

8 	  42.75	 -14.98	  -2.92
	  0.713	 -0.692	 -0.114
	 -0.472	 -0.354	 -0.807
	  0.518	  0.629	 -0.579

9 	  51.22	  -7.75	  -5.61
	  0.478	  0.859	  0.182
	 -0.878	  0.457	  0.143
	  0.039	 -0.228	  0.973

2 	  32.62	  -6.79	  23.01
	  0.001	  0.999	 -0.048
	 -1.000	  0.000	 -0.014
	 -0.014	  0.048	  0.999

3 	  44.72	  -0.23	   1.05
	  0.294	  0.234	  0.926
	  0.070	  0.961	 -0.266
	 -0.953	  0.143	  0.266

4 	  38.30	   3.76	  -7.56
	  0.602	  0.718	 -0.349
	 -0.687	  0.688	  0.233
	  0.407	  0.099	  0.908

5 	  43.19	  12.80	  -2.41
	  0.801	  0.598	 -0.028
	  0.376	 -0.467	  0.800
	  0.465	 -0.651	 -0.599

6 	  50.96	   6.03	  -5.55
	  0.587	 -0.798	  0.132
	  0.776	  0.508	 -0.374
	  0.231	  0.322	  0.918

7 	  38.32	  -5.91	  -7.07
	  0.697	 -0.415	 -0.585
	  0.394	  0.903	 -0.171
	  0.599	 -0.112	  0.793

8 	  42.63	 -14.96	  -2.83
	  0.693	 -0.712	 -0.114
	 -0.502	 -0.363	 -0.785
	  0.517	  0.601	 -0.609

9 	  51.89	  -8.60	  -6.05
	  0.589	  0.799	  0.119
	 -0.808	  0.580	  0.096
	  0.007	 -0.153	  0.988

2 	  32.62	  -6.79	  23.01
	  0.001	  0.999	 -0.048
	 -1.000	  0.001	 -0.014
	 -0.014	  0.047	  0.999

3 	  44.72	  -0.23	   1.05
	  0.294	  0.236	  0.926
	  0.069	  0.961	 -0.267
	 -0.953	  0.143	  0.266

4 	  38.27	   3.80	  -7.56
	  0.591	  0.728	 -0.345
	 -0.696	  0.677	  0.238
	  0.407	  0.099	  0.908

5 	  42.96	  12.94	  -2.18
	  0.778	  0.628	 -0.017
	  0.397	 -0.472	  0.787
	  0.486	 -0.619	 -0.617

6 	  51.59	   7.24	  -5.64
	  0.695	 -0.712	  0.099
	  0.698	  0.638	 -0.324
	  0.167	  0.294	  0.941

7 	  38.30	  -5.87	  -7.08
	  0.695	 -0.419	 -0.585
	  0.396	  0.901	 -0.175
	  0.600	 -0.110	  0.792

8 	  42.73	 -14.92	  -2.57
	  0.677	 -0.728	 -0.110
	 -0.539	 -0.389	 -0.747
	  0.501	  0.565	 -0.655

9 	  52.54	  -9.67	  -6.50
	  0.695	  0.717	  0.055
	 -0.719	  0.693	  0.048
	 -0.004	 -0.073	  0.997

2 	  32.62	  -6.79	  23.01
	  0.001	  0.999	 -0.048
	 -1.000	  0.001	 -0.014
	 -0.014	  0.047	  0.999

3 	  44.74	  -0.19	   1.02
	  0.295	  0.237	  0.926
	  0.067	  0.961	 -0.267
	 -0.953	  0.141	  0.268

4 	  38.29	   3.90	  -7.54
	  0.581	  0.740	 -0.338
	 -0.707	  0.665	  0.241
	  0.403	  0.098	  0.910

5 	  42.75	  13.10	  -1.99
	  0.753	  0.657	 -0.004
	  0.417	 -0.474	  0.775
	  0.508	 -0.586	 -0.632

6 	  52.07	   8.42	  -5.52
	  0.773	 -0.629	  0.082
	  0.622	  0.726	 -0.294
	  0.125	  0.278	  0.952

7 	  38.37	  -5.85	  -7.10
	  0.697	 -0.423	 -0.578
	  0.397	  0.900	 -0.179
	  0.596	 -0.105	  0.796

8 	  42.79	 -14.84	  -2.43
	  0.666	 -0.739	 -0.098
	 -0.555	 -0.404	 -0.727
	  0.498	  0.539	 -0.680

9 	  52.91	 -10.51	  -6.75
	  0.763	  0.645	  0.002
	 -0.645	  0.763	 -0.036
	 -0.025	  0.026	  0.999

2 	  32.62	  -6.79	  23.01
	  0.001	  0.999	 -0.048
	 -1.000	  0.000	 -0.014
	 -0.014	  0.048	  0.999

3 	  44.74	  -0.12	   1.05
	  0.292	  0.238	  0.926
	  0.063	  0.962	 -0.267
	 -0.954	  0.136	  0.266

4 	  38.37	   3.97	  -7.56
	  0.569	  0.753	 -0.330
	 -0.719	  0.651	  0.244
	  0.398	  0.098	  0.912

5 	  42.61	  13.24	  -1.81
	  0.731	  0.682	  0.009
	  0.439	 -0.481	  0.759
	  0.521	 -0.551	 -0.651

6 	  52.28	   9.54	  -5.64
	  0.833	 -0.550	  0.053
	  0.544	  0.802	 -0.245
	  0.092	  0.233	  0.968

7 	  38.46	  -5.77	  -7.07
	  0.701	 -0.427	 -0.571
	  0.400	  0.898	 -0.181
	  0.590	 -0.102	  0.801

8 	  42.79	 -14.71	  -2.16
	  0.653	 -0.753	 -0.082
	 -0.573	 -0.420	 -0.703
	  0.495	  0.506	 -0.706

9 	  53.12	 -11.21	  -6.82
	  0.811	  0.584	 -0.025
	 -0.585	  0.807	 -0.085
	 -0.029	  0.083	  0.996

2 	  32.62	  -6.77	  23.01
	  0.001	  0.999	 -0.048
	 -1.000	  0.000	 -0.014
	 -0.014	  0.048	  0.999

3 	  44.77	  -0.02	   1.04
	  0.289	  0.237	  0.927
	  0.056	  0.963	 -0.264
	 -0.956	  0.129	  0.265

4 	  38.39	   4.08	  -7.52
	  0.562	  0.761	 -0.324
	 -0.726	  0.641	  0.247
	  0.396	  0.096	  0.913

5 	  42.49	  13.34	  -1.62
	  0.721	  0.693	  0.019
	  0.450	 -0.489	  0.747
	  0.527	 -0.530	 -0.664

6 	  52.33	  10.25	  -5.36
	  0.855	 -0.515	  0.049
	  0.515	  0.838	 -0.182
	  0.052	  0.181	  0.982

7 	  38.51	  -5.73	  -7.08
	  0.701	 -0.435	 -0.565
	  0.408	  0.894	 -0.183
	  0.585	 -0.102	  0.805

8 	  42.68	 -14.73	  -2.04
	  0.644	 -0.761	 -0.073
	 -0.581	 -0.426	 -0.694
	  0.497	  0.489	 -0.716

9 	  53.17	 -11.48	  -6.63
	  0.821	  0.570	 -0.025
	 -0.569	  0.815	 -0.106
	 -0.040	  0.101	  0.994

2 	  32.62	  -6.77	  23.01
	  0.001	  0.999	 -0.048
	 -1.000	  0.000	 -0.014
	 -0.014	  0.048	  0.999

3 	  44.81	   0.07	   1.09
	  0.281	  0.233	  0.931
	  0.053	  0.965	 -0.257
	 -0.958	  0.122	  0.259

4 	  38.39	   4.15	  -7.49
	  0.555	  0.767	 -0.321
	 -0.732	  0.634	  0.250
	  0.395	  0.096	  0.913

5 	  42.49	  13.45	  -1.46
	  0.733	  0.680	  0.032
	  0.435	 -0.505	  0.745
	  0.523	 -0.532	 -0.666

6 	  51.61	   9.26	  -4.96
	  0.768	 -0.637	  0.057
	  0.637	  0.753	 -0.164
	  0.061	  0.163	  0.985

7 	  38.51	  -5.73	  -7.07
	  0.703	 -0.439	 -0.559
	  0.409	  0.893	 -0.186
	  0.581	 -0.098	  0.808

8 	  42.84	 -14.78	  -2.11
	  0.695	 -0.716	 -0.067
	 -0.520	 -0.437	 -0.734
	  0.496	  0.545	 -0.676

9 	  52.49	  -9.49	  -5.52
	  0.671	  0.737	  0.080
	 -0.736	  0.675	 -0.055
	 -0.095	 -0.022	  0.995

2 	  32.62	  -6.79	  23.01
	  0.001	  0.999	 -0.048
	 -1.000	  0.000	 -0.014
	 -0.014	  0.048	  0.999

3 	  44.79	   0.09	   1.11
	  0.279	  0.229	  0.932
	  0.055	  0.965	 -0.255
	 -0.958	  0.123	  0.257

4 	  38.41	   4.20	  -7.40
	  0.583	  0.749	 -0.314
	 -0.706	  0.659	  0.259
	  0.401	  0.071	  0.913

5 	  42.98	  13.18	  -1.37
	  0.801	  0.598	  0.029
	  0.372	 -0.536	  0.758
	  0.469	 -0.596	 -0.652

6 	  49.87	   6.42	  -4.96
	  0.489	 -0.871	  0.042
	  0.843	  0.460	 -0.278
	  0.222	  0.171	  0.960

7 	  38.65	  -5.87	  -6.93
	  0.744	 -0.406	 -0.530
	  0.366	  0.912	 -0.186
	  0.559	 -0.056	  0.827

8 	  43.52	 -14.54	  -2.14
	  0.786	 -0.618	 -0.027
	 -0.369	 -0.434	 -0.822
	  0.496	  0.656	 -0.569

9 	  51.06	  -6.59	  -4.01
	  0.335	  0.926	  0.177
	 -0.941	  0.336	  0.022
	 -0.039	 -0.174	  0.984

2 	  32.62	  -6.79	  23.01
	  0.001	  0.999	 -0.048
	 -1.000	  0.000	 -0.014
	 -0.014	  0.048	  0.999

3 	  44.79	   0.02	   1.18
	  0.279	  0.229	  0.932
	  0.063	  0.964	 -0.256
	 -0.958	  0.130	  0.254

4 	  38.48	   4.15	  -7.38
	  0.614	  0.723	 -0.316
	 -0.680	  0.688	  0.251
	  0.399	  0.061	  0.915

5 	  43.29	  12.96	  -1.53
	  0.833	  0.553	  0.031
	  0.318	 -0.524	  0.790
	  0.453	 -0.648	 -0.612

6 	  48.25	   4.78	  -5.57
	  0.213	 -0.976	  0.043
	  0.937	  0.192	 -0.293
	  0.277	  0.103	  0.955

7 	  38.87	  -5.98	  -6.77
	  0.775	 -0.384	 -0.501
	  0.329	  0.923	 -0.198
	  0.538	 -0.012	  0.843

8 	  43.98	 -14.26	  -1.56
	  0.834	 -0.551	  0.006
	 -0.301	 -0.465	 -0.833
	  0.461	  0.693	 -0.554

9 	  49.38	  -5.19	  -3.92
	  0.048	  0.989	  0.141
	 -0.996	  0.036	  0.083
	  0.078	 -0.145	  0.986

2 	  32.62	  -6.79	  23.01
	  0.001	  0.999	 -0.048
	 -1.000	  0.000	 -0.014
	 -0.014	  0.048	  0.999

3 	  44.82	   0.00	   1.25
	  0.276	  0.237	  0.931
	  0.064	  0.962	 -0.264
	 -0.959	  0.133	  0.250

4 	  38.50	   4.11	  -7.38
	  0.615	  0.722	 -0.316
	 -0.680	  0.689	  0.251
	  0.399	  0.061	  0.915

5 	  43.21	  12.97	  -1.55
	  0.834	  0.550	  0.034
	  0.312	 -0.522	  0.793
	  0.454	 -0.651	 -0.608

6 	  47.72	   4.87	  -5.34
	  0.119	 -0.992	  0.025
	  0.977	  0.113	 -0.180
	  0.175	  0.046	  0.983

7 	  38.83	  -6.01	  -6.73
	  0.778	 -0.383	 -0.497
	  0.325	  0.923	 -0.203
	  0.537	 -0.004	  0.844

8 	  43.96	 -14.26	  -1.67
	  0.848	 -0.529	  0.012
	 -0.269	 -0.450	 -0.852
	  0.456	  0.719	 -0.524

9 	  48.69	  -5.10	  -3.85
	 -0.037	  0.987	  0.154
	 -0.998	 -0.045	  0.052
	  0.058	 -0.152	  0.987

2 	  32.62	  -6.77	  23.01
	  0.001	  0.999	 -0.048
	 -1.000	  0.000	 -0.014
	 -0.014	  0.048	  0.999

3 	  44.81	  -0.02	   1.28
	  0.275	  0.238	  0.931
	  0.065	  0.962	 -0.266
	 -0.959	  0.134	  0.249

4 	  38.39	   4.13	  -7.35
	  0.605	  0.732	 -0.314
	 -0.688	  0.678	  0.257
	  0.401	  0.060	  0.914

5 	  42.94	  13.03	  -1.55
	  0.834	  0.550	  0.038
	  0.306	 -0.519	  0.798
	  0.459	 -0.654	 -0.602

6 	  47.07	   4.82	  -5.17
	  0.079	 -0.996	  0.025
	  0.964	  0.070	 -0.254
	  0.251	  0.044	  0.967

7 	  38.72	  -5.99	  -6.77
	  0.771	 -0.381	 -0.509
	  0.326	  0.924	 -0.198
	  0.546	 -0.013	  0.838

8 	  43.80	 -14.33	  -1.93
	  0.849	 -0.528	  0.004
	 -0.263	 -0.430	 -0.864
	  0.458	  0.732	 -0.504

9 	  48.43	  -5.12	  -4.01
	 -0.055	  0.986	  0.159
	 -0.997	 -0.063	  0.047
	  0.056	 -0.156	  0.986

2 	  32.62	  -6.79	  23.01
	  0.001	  0.999	 -0.048
	 -1.000	  0.000	 -0.014
	 -0.014	  0.048	  0.999

3 	  44.74	   0.00	   1.30
	  0.276	  0.235	  0.932
	  0.067	  0.962	 -0.262
	 -0.959	  0.135	  0.250

4 	  38.30	   4.24	  -7.28
	  0.601	  0.738	 -0.307
	 -0.690	  0.673	  0.265
	  0.402	  0.052	  0.914

5 	  42.87	  13.06	  -1.30
	  0.836	  0.547	  0.042
	  0.310	 -0.533	  0.787
	  0.453	 -0.645	 -0.615

6 	  47.00	   4.80	  -5.29
	  0.073	 -0.997	  0.016
	  0.958	  0.065	 -0.277
	  0.275	  0.036	  0.961

7 	  38.65	  -5.94	  -6.79
	  0.765	 -0.386	 -0.515
	  0.332	  0.922	 -0.197
	  0.551	 -0.020	  0.834

8 	  43.54	 -14.34	  -1.88
	  0.834	 -0.552	  0.004
	 -0.283	 -0.435	 -0.855
	  0.473	  0.712	 -0.519

9 	  48.43	  -5.36	  -4.11
	 -0.020	  0.990	  0.139
	 -0.997	 -0.030	  0.067
	  0.070	 -0.138	  0.988

2 	  32.62	  -6.79	  23.01
	  0.001	  0.999	 -0.048
	 -1.000	  0.000	 -0.014
	 -0.014	  0.048	  0.999

3 	  44.70	   0.00	   1.30
	  0.277	  0.231	  0.933
	  0.071	  0.963	 -0.259
	 -0.958	  0.137	  0.250

4 	  38.30	   4.27	  -7.26
	  0.600	  0.740	 -0.304
	 -0.692	  0.671	  0.267
	  0.401	  0.050	  0.914

5 	  42.87	  13.04	  -1.25
	  0.836	  0.547	  0.045
	  0.309	 -0.538	  0.784
	  0.452	 -0.641	 -0.620

6 	  47.00	   4.83	  -5.19
	  0.067	 -0.998	  0.003
	  0.962	  0.064	 -0.266
	  0.265	  0.021	  0.964

7 	  38.67	  -5.96	  -6.79
	  0.760	 -0.397	 -0.513
	  0.344	  0.917	 -0.200
	  0.550	 -0.024	  0.834

8 	  43.40	 -14.43	  -1.78
	  0.826	 -0.564	  0.011
	 -0.288	 -0.438	 -0.851
	  0.485	  0.700	 -0.524

9 	  48.36	  -5.54	  -4.17
	 -0.012	  0.991	  0.129
	 -0.997	 -0.021	  0.067
	  0.069	 -0.128	  0.989

2 	  32.62	  -6.79	  23.01
	  0.001	  0.999	 -0.048
	 -1.000	  0.000	 -0.014
	 -0.014	  0.048	  0.999

3 	  44.70	   0.00	   1.34
	  0.276	  0.230	  0.933
	  0.072	  0.963	 -0.259
	 -0.958	  0.138	  0.249

4 	  38.36	   4.27	  -7.24
	  0.599	  0.742	 -0.301
	 -0.695	  0.668	  0.264
	  0.397	  0.050	  0.916

5 	  42.87	  13.04	  -1.20
	  0.835	  0.548	  0.050
	  0.307	 -0.539	  0.784
	  0.457	 -0.639	 -0.618

6 	  47.06	   4.92	  -5.22
	  0.058	 -0.998	  0.000
	  0.970	  0.057	 -0.234
	  0.234	  0.014	  0.972

7 	  38.67	  -5.98	  -6.77
	  0.759	 -0.402	 -0.512
	  0.349	  0.915	 -0.200
	  0.548	 -0.027	  0.835

8 	  43.33	 -14.50	  -1.76
	  0.823	 -0.568	  0.015
	 -0.283	 -0.434	 -0.855
	  0.492	  0.700	 -0.518

9 	  48.34	  -5.64	  -4.11
	 -0.010	  0.990	  0.140
	 -0.997	 -0.020	  0.068
	  0.070	 -0.140	  0.988

2 	  32.62	  -6.79	  23.01
	  0.001	  0.999	 -0.048
	 -1.000	  0.001	 -0.014
	 -0.014	  0.048	  0.999

3 	  44.72	   0.00	   1.34
	  0.276	  0.230	  0.933
	  0.074	  0.963	 -0.259
	 -0.958	  0.140	  0.248

4 	  38.37	   4.25	  -7.22
	  0.598	  0.742	 -0.302
	 -0.697	  0.668	  0.260
	  0.395	  0.055	  0.917

5 	  42.86	  13.06	  -1.18
	  0.833	  0.551	  0.052
	  0.307	 -0.538	  0.785
	  0.460	 -0.638	 -0.617

6 	  47.09	   4.97	  -5.26
	  0.057	 -0.998	 -0.004
	  0.980	  0.057	 -0.191
	  0.190	  0.007	  0.982

7 	  38.67	  -5.99	  -6.77
	  0.758	 -0.403	 -0.512
	  0.352	  0.914	 -0.199
	  0.549	 -0.030	  0.835

8 	  43.24	 -14.61	  -1.90
	  0.819	 -0.573	  0.016
	 -0.274	 -0.415	 -0.867
	  0.503	  0.706	 -0.497

9 	  48.32	  -5.68	  -3.90
	 -0.012	  0.988	  0.155
	 -0.999	 -0.019	  0.046
	  0.049	 -0.154	  0.987

2 	  32.62	  -6.79	  23.01
	  0.001	  0.999	 -0.048
	 -1.000	  0.000	 -0.014
	 -0.014	  0.048	  0.999

3 	  44.72	  -0.02	   1.34
	  0.277	  0.230	  0.933
	  0.076	  0.962	 -0.260
	 -0.958	  0.143	  0.249

4 	  38.37	   4.25	  -7.22
	  0.597	  0.742	 -0.303
	 -0.698	  0.667	  0.260
	  0.396	  0.056	  0.916

5 	  42.84	  13.08	  -1.20
	  0.831	  0.553	  0.051
	  0.309	 -0.538	  0.784
	  0.461	 -0.636	 -0.618

6 	  47.04	   5.03	  -5.17
	  0.052	 -0.999	 -0.005
	  0.973	  0.052	 -0.223
	  0.223	  0.007	  0.975

7 	  38.67	  -5.99	  -6.77
	  0.757	 -0.404	 -0.513
	  0.353	  0.914	 -0.198
	  0.549	 -0.031	  0.835

8 	  43.22	 -14.62	  -1.90
	  0.820	 -0.572	  0.015
	 -0.274	 -0.415	 -0.868
	  0.502	  0.708	 -0.497

9 	  48.30	  -5.64	  -3.96
	 -0.016	  0.987	  0.157
	 -0.998	 -0.024	  0.051
	  0.054	 -0.156	  0.986

2 	  32.62	  -6.79	  23.01
	  0.001	  0.999	 -0.048
	 -1.000	  0.000	 -0.014
	 -0.014	  0.048	  0.999

3 	  44.74	  -0.02	   1.34
	  0.278	  0.229	  0.933
	  0.080	  0.962	 -0.260
	 -0.957	  0.146	  0.249

4 	  38.37	   4.25	  -7.22
	  0.597	  0.742	 -0.304
	 -0.698	  0.667	  0.261
	  0.396	  0.056	  0.916

5 	  42.84	  13.04	  -1.20
	  0.833	  0.550	  0.054
	  0.305	 -0.539	  0.785
	  0.460	 -0.638	 -0.617

6 	  47.02	   4.89	  -5.17
	  0.044	 -0.999	 -0.001
	  0.976	  0.043	 -0.213
	  0.213	  0.008	  0.977

7 	  38.67	  -6.01	  -6.79
	  0.756	 -0.404	 -0.515
	  0.353	  0.914	 -0.198
	  0.551	 -0.032	  0.833

8 	  43.28	 -14.59	  -1.95
	  0.824	 -0.566	  0.011
	 -0.273	 -0.414	 -0.868
	  0.497	  0.712	 -0.496

9 	  48.27	  -5.57	  -4.06
	 -0.024	  0.986	  0.163
	 -0.998	 -0.033	  0.055
	  0.059	 -0.161	  0.985

2 	  32.62	  -6.79	  23.01
	  0.001	  0.999	 -0.048
	 -1.000	  0.000	 -0.014
	 -0.014	  0.048	  0.999

3 	  44.77	  -0.02	   1.28
	  0.281	  0.227	  0.932
	  0.080	  0.962	 -0.260
	 -0.956	  0.148	  0.252

4 	  38.37	   4.27	  -7.22
	  0.595	  0.743	 -0.305
	 -0.698	  0.666	  0.262
	  0.398	  0.056	  0.915

5 	  42.86	  13.06	  -1.18
	  0.834	  0.548	  0.054
	  0.304	 -0.540	  0.785
	  0.460	 -0.639	 -0.617

6 	  47.07	   4.87	  -5.17
	  0.045	 -0.999	 -0.002
	  0.977	  0.045	 -0.209
	  0.209	  0.008	  0.978

7 	  38.62	  -5.99	  -6.79
	  0.753	 -0.404	 -0.520
	  0.354	  0.914	 -0.197
	  0.554	 -0.035	  0.831

8 	  43.24	 -14.59	  -1.95
	  0.821	 -0.570	  0.007
	 -0.280	 -0.415	 -0.865
	  0.496	  0.709	 -0.501

9 	  48.25	  -5.57	  -4.13
	 -0.015	  0.987	  0.156
	 -0.998	 -0.023	  0.055
	  0.058	 -0.156	  0.986

2 	  32.62	  -6.77	  23.01
	  0.001	  0.999	 -0.048
	 -1.000	  0.000	 -0.014
	 -0.014	  0.048	  0.999

3 	  44.77	  -0.02	   1.28
	  0.282	  0.227	  0.932
	  0.081	  0.962	 -0.259
	 -0.956	  0.149	  0.253

4 	  38.30	   4.29	  -7.21
	  0.593	  0.744	 -0.307
	 -0.698	  0.665	  0.266
	  0.402	  0.057	  0.913

5 	  42.86	  13.06	  -1.14
	  0.835	  0.548	  0.052
	  0.308	 -0.543	  0.781
	  0.456	 -0.637	 -0.622

6 	  47.06	   4.94	  -5.19
	  0.051	 -0.999	 -0.007
	  0.975	  0.051	 -0.214
	  0.214	  0.004	  0.977

7 	  38.55	  -5.94	  -6.80
	  0.745	 -0.408	 -0.527
	  0.358	  0.912	 -0.198
	  0.562	 -0.041	  0.826

8 	  43.14	 -14.55	  -1.92
	  0.815	 -0.580	 -0.003
	 -0.304	 -0.423	 -0.853
	  0.493	  0.696	 -0.521

9 	  48.23	  -5.64	  -4.36
	 -0.002	  0.990	  0.141
	 -0.997	 -0.013	  0.072
	  0.073	 -0.140	  0.987

2 	  32.62	  -6.77	  23.01
	  0.001	  0.999	 -0.048
	 -1.000	  0.000	 -0.014
	 -0.014	  0.048	  0.999

3 	  44.77	  -0.04	   1.23
	  0.286	  0.224	  0.932
	  0.083	  0.963	 -0.257
	 -0.955	  0.150	  0.256

4 	  38.23	   4.32	  -7.19
	  0.591	  0.745	 -0.309
	 -0.693	  0.665	  0.278
	  0.413	  0.049	  0.909

5 	  42.94	  12.97	  -0.95
	  0.835	  0.549	  0.029
	  0.351	 -0.574	  0.740
	  0.423	 -0.608	 -0.672

6 	  47.20	   5.08	  -5.77
	  0.081	 -0.995	 -0.063
	  0.958	  0.095	 -0.269
	  0.273	 -0.039	  0.961

7 	  38.41	  -5.91	  -6.77
	  0.733	 -0.416	 -0.538
	  0.366	  0.908	 -0.203
	  0.573	 -0.049	  0.818

8 	  43.00	 -14.52	  -1.67
	  0.787	 -0.614	 -0.047
	 -0.407	 -0.463	 -0.787
	  0.462	  0.639	 -0.615

9 	  48.27	  -6.12	  -5.55
	  0.068	  0.997	  0.042
	 -0.985	  0.060	  0.159
	  0.156	 -0.052	  0.986

2 	  32.62	  -6.79	  23.01
	  0.001	  0.999	 -0.048
	 -1.000	  0.000	 -0.014
	 -0.014	  0.048	  0.999

3 	  44.77	  -0.04	   1.20
	  0.290	  0.221	  0.931
	  0.080	  0.964	 -0.254
	 -0.954	  0.148	  0.262

4 	  38.11	   4.34	  -7.15
	  0.580	  0.752	 -0.312
	 -0.692	  0.657	  0.299
	  0.430	  0.042	  0.902

5 	  43.01	  12.78	  -0.74
	  0.819	  0.573	 -0.013
	  0.443	 -0.619	  0.648
	  0.363	 -0.537	 -0.761

6 	  47.37	   5.70	  -6.84
	  0.147	 -0.972	 -0.185
	  0.934	  0.198	 -0.298
	  0.326	 -0.129	  0.936

7 	  38.27	  -5.91	  -6.79
	  0.708	 -0.436	 -0.554
	  0.381	  0.898	 -0.219
	  0.593	 -0.056	  0.803

8 	  42.87	 -14.45	  -1.34
	  0.738	 -0.669	 -0.084
	 -0.538	 -0.509	 -0.672
	  0.407	  0.542	 -0.735

9 	  48.27	  -6.94	  -6.98
	  0.142	  0.984	 -0.111
	 -0.960	  0.164	  0.225
	  0.240	  0.074	  0.968

2 	  32.62	  -6.79	  22.99
	  0.001	  0.999	 -0.048
	 -1.000	  0.000	 -0.014
	 -0.014	  0.048	  0.999

3 	  44.77	  -0.05	   1.04
	  0.300	  0.221	  0.928
	  0.066	  0.965	 -0.252
	 -0.952	  0.136	  0.275

4 	  38.04	   4.36	  -7.19
	  0.570	  0.757	 -0.319
	 -0.689	  0.652	  0.315
	  0.447	  0.040	  0.893

5 	  43.14	  12.78	  -0.86
	  0.804	  0.593	 -0.053
	  0.504	 -0.631	  0.590
	  0.316	 -0.501	 -0.806

6 	  47.41	   6.24	  -7.77
	  0.181	 -0.948	 -0.261
	  0.899	  0.267	 -0.346
	  0.397	 -0.172	  0.901

7 	  38.18	  -5.89	  -6.80
	  0.690	 -0.451	 -0.567
	  0.392	  0.890	 -0.231
	  0.608	 -0.063	  0.791

8 	  42.80	 -14.47	  -1.18
	  0.695	 -0.710	 -0.116
	 -0.634	 -0.528	 -0.565
	  0.340	  0.466	 -0.817

9 	  47.88	  -7.82	  -8.37
	  0.166	  0.954	 -0.248
	 -0.931	  0.234	  0.281
	  0.326	  0.184	  0.927

2 	  32.62	  -6.79	  23.01
	  0.001	  0.999	 -0.048
	 -1.000	  0.000	 -0.014
	 -0.014	  0.048	  0.999

3 	  44.77	   0.00	   0.98
	  0.303	  0.225	  0.926
	  0.054	  0.966	 -0.252
	 -0.951	  0.127	  0.280

4 	  38.00	   4.36	  -7.22
	  0.567	  0.755	 -0.329
	 -0.680	  0.654	  0.331
	  0.465	  0.036	  0.884

5 	  43.26	  12.67	  -1.00
	  0.793	  0.603	 -0.083
	  0.541	 -0.636	  0.549
	  0.279	 -0.481	 -0.831

6 	  47.36	   6.63	  -8.56
	  0.194	 -0.925	 -0.328
	  0.877	  0.313	 -0.364
	  0.438	 -0.217	  0.872

7 	  38.09	  -5.89	  -6.82
	  0.672	 -0.464	 -0.577
	  0.403	  0.883	 -0.240
	  0.621	 -0.071	  0.780

8 	  42.79	 -14.38	  -1.05
	  0.662	 -0.738	 -0.131
	 -0.697	 -0.541	 -0.471
	  0.277	  0.403	 -0.872

9 	  47.43	  -8.65	  -9.35
	  0.170	  0.916	 -0.363
	 -0.902	  0.293	  0.317
	  0.397	  0.273	  0.876

2 	  32.62	  -6.79	  23.01
	  0.001	  0.999	 -0.048
	 -1.000	  0.000	 -0.014
	 -0.014	  0.048	  0.999

3 	  44.75	   0.00	   0.91
	  0.308	  0.226	  0.924
	  0.045	  0.966	 -0.252
	 -0.950	  0.120	  0.288

4 	  38.00	   4.36	  -7.19
	  0.561	  0.758	 -0.332
	 -0.672	  0.651	  0.352
	  0.483	  0.025	  0.875

5 	  43.26	  12.66	  -0.91
	  0.776	  0.623	 -0.100
	  0.582	 -0.646	  0.493
	  0.242	 -0.441	 -0.864

6 	  47.11	   7.31	  -9.26
	  0.193	 -0.885	 -0.423
	  0.871	  0.352	 -0.341
	  0.450	 -0.303	  0.840

7 	  38.00	  -5.94	  -6.82
	  0.657	 -0.480	 -0.581
	  0.417	  0.873	 -0.251
	  0.627	 -0.077	  0.774

8 	  42.75	 -14.31	  -0.84
	  0.635	 -0.761	 -0.130
	 -0.739	 -0.551	 -0.389
	  0.224	  0.343	 -0.912

9 	  47.00	  -9.49	  -9.88
	  0.168	  0.871	 -0.461
	 -0.876	  0.346	  0.334
	  0.451	  0.348	  0.822

2 	  32.62	  -6.79	  23.01
	  0.001	  0.999	 -0.048
	 -1.000	  0.000	 -0.014
	 -0.014	  0.048	  0.999

3 	  44.74	   0.00	   0.88
	  0.313	  0.227	  0.922
	  0.034	  0.967	 -0.250
	 -0.949	  0.109	  0.295

4 	  37.86	   4.38	  -7.14
	  0.547	  0.767	 -0.334
	 -0.668	  0.641	  0.377
	  0.504	  0.017	  0.863

5 	  43.15	  12.57	  -0.67
	  0.755	  0.646	 -0.108
	  0.622	 -0.655	  0.428
	  0.206	 -0.391	 -0.897

6 	  46.63	   7.95	  -9.70
	  0.178	 -0.842	 -0.509
	  0.860	  0.385	 -0.334
	  0.477	 -0.378	  0.793

7 	  37.88	  -5.96	  -6.80
	  0.640	 -0.500	 -0.583
	  0.432	  0.862	 -0.265
	  0.635	 -0.082	  0.768

8 	  42.68	 -14.17	  -0.42
	  0.613	 -0.781	 -0.114
	 -0.771	 -0.561	 -0.301
	  0.171	  0.272	 -0.947

9 	  46.44	 -10.27	 -10.27
	  0.149	  0.814	 -0.562
	 -0.854	  0.391	  0.341
	  0.498	  0.429	  0.753

2 	  32.62	  -6.79	  23.01
	  0.001	  0.999	 -0.048
	 -1.000	  0.000	 -0.014
	 -0.014	  0.048	  0.999

3 	  44.74	  -0.02	   0.76
	  0.325	  0.224	  0.918
	  0.017	  0.970	 -0.243
	 -0.945	  0.095	  0.311

4 	  37.76	   4.45	  -7.07
	  0.531	  0.777	 -0.338
	 -0.662	  0.629	  0.407
	  0.529	  0.007	  0.848

5 	  43.08	  12.52	  -0.51
	  0.733	  0.669	 -0.119
	  0.659	 -0.658	  0.363
	  0.165	 -0.345	 -0.924

6 	  46.16	   8.75	 -10.20
	  0.157	 -0.790	 -0.593
	  0.844	  0.418	 -0.334
	  0.512	 -0.448	  0.733

7 	  37.83	  -5.94	  -6.84
	  0.629	 -0.508	 -0.589
	  0.434	  0.857	 -0.275
	  0.644	 -0.083	  0.760

8 	  42.77	 -13.97	  -0.18
	  0.599	 -0.795	 -0.098
	 -0.791	 -0.568	 -0.226
	  0.123	  0.213	 -0.969

9 	  45.97	 -10.78	 -10.51
	  0.120	  0.765	 -0.633
	 -0.837	  0.421	  0.350
	  0.534	  0.487	  0.691

2 	  32.62	  -6.77	  23.01
	  0.001	  0.999	 -0.048
	 -1.000	  0.000	 -0.014
	 -0.014	  0.048	  0.999

3 	  44.74	   0.05	   0.70
	  0.330	  0.224	  0.917
	 -0.000	  0.971	 -0.237
	 -0.944	  0.078	  0.321

4 	  37.63	   4.52	  -7.01
	  0.512	  0.787	 -0.342
	 -0.660	  0.616	  0.430
	  0.550	  0.005	  0.835

5 	  42.98	  12.62	  -0.42
	  0.709	  0.693	 -0.126
	  0.691	 -0.649	  0.319
	  0.140	 -0.313	 -0.939

6 	  45.76	   9.62	 -10.60
	  0.152	 -0.730	 -0.666
	  0.840	  0.451	 -0.302
	  0.521	 -0.513	  0.682

7 	  37.78	  -5.91	  -6.87
	  0.618	 -0.516	 -0.593
	  0.443	  0.852	 -0.279
	  0.649	 -0.090	  0.755

8 	  42.91	 -13.68	   0.05
	  0.597	 -0.798	 -0.079
	 -0.799	 -0.583	 -0.151
	  0.074	  0.153	 -0.985

9 	  45.51	 -11.50	 -10.74
	  0.078	  0.694	 -0.716
	 -0.816	  0.456	  0.354
	  0.573	  0.557	  0.602

2 	  32.62	  -6.79	  23.01
	  0.001	  0.999	 -0.048
	 -1.000	  0.000	 -0.014
	 -0.014	  0.048	  0.999

3 	  44.74	   0.11	   0.63
	  0.336	  0.224	  0.914
	 -0.010	  0.972	 -0.235
	 -0.942	  0.069	  0.329

4 	  37.51	   4.59	  -6.96
	  0.492	  0.800	 -0.343
	 -0.662	  0.600	  0.448
	  0.564	  0.006	  0.825

5 	  42.73	  12.69	  -0.28
	  0.684	  0.719	 -0.121
	  0.717	 -0.634	  0.289
	  0.131	 -0.285	 -0.950

6 	  45.54	  10.41	 -10.74
	  0.171	 -0.679	 -0.714
	  0.833	  0.487	 -0.263
	  0.526	 -0.549	  0.649

7 	  37.71	  -5.91	  -6.86
	  0.610	 -0.526	 -0.593
	  0.450	  0.846	 -0.287
	  0.652	 -0.092	  0.752

8 	  43.12	 -13.48	   0.25
	  0.591	 -0.803	 -0.069
	 -0.806	 -0.587	 -0.077
	  0.021	  0.100	 -0.995

9 	  45.26	 -12.08	 -10.88
	  0.049	  0.628	 -0.776
	 -0.808	  0.481	  0.338
	  0.586	  0.611	  0.532

2 	  32.62	  -6.79	  23.01
	  0.001	  0.999	 -0.048
	 -1.000	  0.000	 -0.014
	 -0.014	  0.048	  0.999

3 	  44.72	   0.18	   0.60
	  0.342	  0.223	  0.913
	 -0.020	  0.973	 -0.231
	 -0.940	  0.061	  0.337

4 	  37.41	   4.64	  -6.89
	  0.473	  0.814	 -0.337
	 -0.670	  0.581	  0.462
	  0.572	  0.007	  0.820

5 	  42.42	  12.81	  -0.05
	  0.664	  0.740	 -0.105
	  0.733	 -0.618	  0.282
	  0.144	 -0.264	 -0.953

6 	  45.44	  11.14	 -10.67
	  0.211	 -0.625	 -0.752
	  0.816	  0.536	 -0.216
	  0.537	 -0.568	  0.623

7 	  37.56	  -5.91	  -6.84
	  0.595	 -0.536	 -0.598
	  0.461	  0.838	 -0.292
	  0.657	 -0.102	  0.746

8 	  43.03	 -13.45	   0.33
	  0.585	 -0.809	 -0.060
	 -0.811	 -0.582	 -0.060
	  0.013	  0.084	 -0.996

9 	  45.05	 -12.60	 -10.97
	  0.056	  0.586	 -0.809
	 -0.803	  0.508	  0.313
	  0.594	  0.631	  0.498

2 	  32.62	  -6.79	  23.01
	  0.001	  0.999	 -0.048
	 -1.000	  0.000	 -0.014
	 -0.014	  0.048	  0.999

3 	  44.68	   0.21	   0.51
	  0.348	  0.219	  0.911
	 -0.027	  0.974	 -0.224
	 -0.937	  0.053	  0.345

4 	  37.32	   4.68	  -6.87
	  0.463	  0.822	 -0.331
	 -0.674	  0.569	  0.471
	  0.576	  0.004	  0.817

5 	  42.15	  12.85	   0.14
	  0.642	  0.761	 -0.085
	  0.749	 -0.602	  0.276
	  0.158	 -0.241	 -0.957

6 	  45.37	  11.85	 -10.55
	  0.237	 -0.575	 -0.783
	  0.806	  0.566	 -0.172
	  0.542	 -0.591	  0.597

7 	  37.48	  -5.87	  -6.84
	  0.580	 -0.545	 -0.606
	  0.473	  0.830	 -0.294
	  0.663	 -0.116	  0.739

8 	  42.82	 -13.48	   0.37
	  0.566	 -0.822	 -0.051
	 -0.824	 -0.565	 -0.037
	  0.001	  0.062	 -0.998

9 	  44.81	 -13.08	 -10.99
	  0.059	  0.542	 -0.838
	 -0.789	  0.540	  0.293
	  0.612	  0.644	  0.459

2 	  32.62	  -6.77	  23.01
	  0.001	  0.999	 -0.048
	 -1.000	  0.000	 -0.014
	 -0.014	  0.048	  0.999

3 	  44.65	   0.21	   0.49
	  0.353	  0.214	  0.911
	 -0.031	  0.975	 -0.218
	 -0.935	  0.049	  0.351

4 	  37.27	   4.75	  -6.80
	  0.449	  0.833	 -0.323
	 -0.679	  0.553	  0.483
	  0.581	  0.002	  0.814

5 	  41.91	  12.87	   0.39
	  0.623	  0.779	 -0.068
	  0.763	 -0.587	  0.269
	  0.170	 -0.219	 -0.961

6 	  45.21	  12.53	 -10.41
	  0.256	 -0.517	 -0.816
	  0.800	  0.588	 -0.121
	  0.542	 -0.622	  0.565

7 	  37.35	  -5.84	  -6.84
	  0.560	 -0.557	 -0.613
	  0.490	  0.819	 -0.297
	  0.668	 -0.134	  0.732

8 	  42.64	 -13.41	   0.49
	  0.552	 -0.833	 -0.038
	 -0.833	 -0.552	 -0.016
	 -0.008	  0.040	 -0.999

9 	  44.51	 -13.55	 -10.93
	  0.059	  0.493	 -0.868
	 -0.782	  0.563	  0.266
	  0.620	  0.663	  0.418

2 	  32.62	  -6.77	  22.99
	  0.001	  0.999	 -0.048
	 -1.000	  0.000	 -0.014
	 -0.014	  0.048	  0.999

3 	  44.61	   0.21	   0.44
	  0.359	  0.211	  0.909
	 -0.033	  0.976	 -0.214
	 -0.933	  0.047	  0.357

4 	  37.21	   4.76	  -6.77
	  0.437	  0.841	 -0.318
	 -0.684	  0.540	  0.491
	  0.585	  0.002	  0.811

5 	  41.66	  12.90	   0.53
	  0.604	  0.795	 -0.052
	  0.774	 -0.572	  0.271
	  0.185	 -0.204	 -0.961

6 	  45.11	  13.11	 -10.28
	  0.276	 -0.471	 -0.837
	  0.788	  0.610	 -0.083
	  0.550	 -0.637	  0.540

7 	  37.25	  -5.84	  -6.84
	  0.547	 -0.568	 -0.614
	  0.505	  0.810	 -0.299
	  0.667	 -0.146	  0.730

8 	  42.54	 -13.39	   0.65
	  0.542	 -0.840	 -0.023
	 -0.840	 -0.542	  0.005
	 -0.016	  0.017	 -1.000

9 	  44.35	 -14.22	 -10.88
	  0.062	  0.426	 -0.902
	 -0.785	  0.579	  0.219
	  0.616	  0.695	  0.371

2 	  32.62	  -6.77	  23.01
	  0.001	  0.999	 -0.048
	 -1.000	  0.000	 -0.014
	 -0.014	  0.048	  0.999

3 	  44.61	   0.25	   0.42
	  0.362	  0.209	  0.908
	 -0.035	  0.977	 -0.212
	 -0.931	  0.045	  0.361

4 	  37.14	   4.78	  -6.75
	  0.429	  0.847	 -0.314
	 -0.687	  0.531	  0.496
	  0.587	  0.003	  0.809

5 	  41.40	  12.97	   0.70
	  0.587	  0.809	 -0.040
	  0.785	 -0.556	  0.272
	  0.198	 -0.191	 -0.961

6 	  44.98	  13.46	 -10.18
	  0.292	 -0.441	 -0.849
	  0.776	  0.628	 -0.059
	  0.558	 -0.642	  0.525

7 	  37.16	  -5.82	  -6.84
	  0.535	 -0.577	 -0.617
	  0.516	  0.802	 -0.302
	  0.669	 -0.156	  0.727

8 	  42.49	 -13.34	   0.74
	  0.540	 -0.841	 -0.011
	 -0.841	 -0.540	  0.019
	 -0.022	 -0.001	 -1.000

9 	  44.38	 -14.78	 -10.85
	  0.074	  0.358	 -0.931
	 -0.788	  0.592	  0.166
	  0.611	  0.721	  0.326

2 	  32.62	  -6.77	  23.01
	  0.001	  0.999	 -0.048
	 -1.000	  0.000	 -0.014
	 -0.014	  0.048	  0.999

3 	  44.58	   0.26	   0.39
	  0.368	  0.211	  0.905
	 -0.034	  0.976	 -0.214
	 -0.929	  0.048	  0.367

4 	  37.07	   4.76	  -6.79
	  0.418	  0.852	 -0.315
	 -0.691	  0.524	  0.499
	  0.590	  0.009	  0.807

5 	  41.10	  13.03	   0.69
	  0.561	  0.827	 -0.032
	  0.800	 -0.532	  0.276
	  0.211	 -0.181	 -0.960

6 	  44.75	  14.03	 -10.21
