% Calibrated with leiden_pols
% Positions are in centimeters
Data =[
 2    97.053   -18.710    59.792
 2     0.505    -0.863     0.025
 2     0.859     0.505     0.078
 2    -0.080    -0.017     0.996
 3   134.913    -2.492     0.372
 3     0.488     0.206    -0.848
 3     0.128     0.944     0.303
 3     0.863    -0.257     0.434
 4   114.036    12.277   -12.670
 4     0.562    -0.671     0.483
 4     0.787     0.613    -0.066
 4    -0.252     0.417     0.873
 5   132.587    22.012     8.650
 5     0.782    -0.596     0.183
 5    -0.070    -0.376    -0.924
 5     0.620     0.709    -0.336
 6   142.833    -5.587     9.165
 6    -0.012     0.386    -0.922
 6    -0.985    -0.163    -0.056
 6    -0.172     0.908     0.382
 7   120.391   -22.100   -12.666
 7     0.759     0.586     0.283
 7    -0.651     0.693     0.309
 7    -0.016    -0.419     0.908
 8   135.108   -26.185    13.684
 8     0.664     0.741     0.092
 8     0.253    -0.339     0.906
 8     0.703    -0.578    -0.414
 9   142.703     0.005    18.939
 9    -0.064    -0.215    -0.974
 9     0.998    -0.025    -0.060
 9    -0.011    -0.976     0.216
 2    97.053   -18.710    59.792
 2     0.505    -0.863     0.025
 2     0.859     0.505     0.078
 2    -0.080    -0.017     0.996
 3   134.849    -2.571     0.391
 3     0.492     0.206    -0.846
 3     0.130     0.943     0.306
 3     0.860    -0.261     0.437
 4   114.033    12.173   -12.714
 4     0.563    -0.671     0.482
 4     0.786     0.614    -0.064
 4    -0.254     0.415     0.874
 5   132.537    22.012     8.624
 5     0.781    -0.596     0.184
 5    -0.068    -0.376    -0.924
 5     0.620     0.709    -0.335
 6   142.839    -5.635     9.109
 6    -0.011     0.390    -0.921
 6    -0.985    -0.161    -0.056
 6    -0.170     0.906     0.386
 7   120.278   -22.275   -12.396
 7     0.757     0.588     0.284
 7    -0.653     0.690     0.313
 7    -0.012    -0.423     0.906
 8   135.105   -26.211    13.816
 8     0.666     0.740     0.093
 8     0.254    -0.342     0.905
 8     0.702    -0.579    -0.416
 9   142.694    -0.049    18.949
 9    -0.062    -0.219    -0.974
 9     0.998    -0.028    -0.058
 9    -0.015    -0.975     0.220
 2    97.053   -18.710    59.793
 2     0.505    -0.863     0.025
 2     0.859     0.505     0.078
 2    -0.080    -0.018     0.996
 3   134.900    -2.622     0.442
 3     0.493     0.207    -0.845
 3     0.131     0.942     0.307
 3     0.860    -0.262     0.437
 4   114.033    11.994   -12.711
 4     0.565    -0.670     0.482
 4     0.785     0.616    -0.064
 4    -0.255     0.414     0.874
 5   132.541    21.937     8.647
 5     0.781    -0.597     0.184
 5    -0.068    -0.375    -0.924
 5     0.621     0.709    -0.333
 6   142.742    -5.712     9.210
 6    -0.013     0.392    -0.920
 6    -0.985    -0.160    -0.055
 6    -0.169     0.906     0.388
 7   120.133   -22.377   -12.219
 7     0.755     0.589     0.286
 7    -0.655     0.687     0.315
 7    -0.011    -0.426     0.905
 8   135.021   -26.214    13.829
 8     0.668     0.737     0.093
 8     0.253    -0.344     0.904
 8     0.699    -0.581    -0.417
 9   142.640    -0.127    18.900
 9    -0.060    -0.224    -0.973
 9     0.998    -0.029    -0.055
 9    -0.016    -0.974     0.225
 2    97.003   -18.710    59.741
 2     0.505    -0.863     0.026
 2     0.859     0.505     0.078
 2    -0.080    -0.017     0.996
 3   134.846    -2.700     0.448
 3     0.494     0.209    -0.844
 3     0.130     0.942     0.309
 3     0.859    -0.263     0.438
 4   114.036    11.944   -12.713
 4     0.566    -0.670     0.480
 4     0.784     0.617    -0.064
 4    -0.254     0.412     0.875
 5   132.491    21.886     8.622
 5     0.781    -0.597     0.183
 5    -0.068    -0.374    -0.925
 5     0.621     0.709    -0.333
 6   142.694    -5.865     9.162
 6    -0.016     0.395    -0.919
 6    -0.985    -0.161    -0.053
 6    -0.169     0.904     0.391
 7   120.059   -22.403   -12.192
 7     0.754     0.590     0.289
 7    -0.657     0.684     0.316
 7    -0.011    -0.428     0.904
 8   134.922   -26.367    13.931
 8     0.669     0.737     0.096
 8     0.251    -0.346     0.904
 8     0.699    -0.580    -0.417
 9   142.615    -0.281    18.902
 9    -0.056    -0.226    -0.972
 9     0.998    -0.030    -0.051
 9    -0.017    -0.974     0.227
 2    97.003   -18.710    59.742
 2     0.505    -0.863     0.025
 2     0.859     0.505     0.078
 2    -0.080    -0.018     0.996
 3   134.846    -2.750     0.449
 3     0.494     0.209    -0.844
 3     0.131     0.941     0.310
 3     0.859    -0.264     0.438
 4   114.037    11.867   -12.712
 4     0.568    -0.669     0.480
 4     0.783     0.619    -0.065
 4    -0.254     0.412     0.875
 5   132.540    21.783     8.628
 5     0.781    -0.597     0.181
 5    -0.069    -0.371    -0.926
 5     0.620     0.711    -0.331
 6   142.625    -5.940     9.159
 6    -0.018     0.397    -0.918
 6    -0.986    -0.160    -0.050
 6    -0.167     0.904     0.394
 7   120.010   -22.403   -12.090
 7     0.753     0.590     0.289
 7    -0.657     0.684     0.316
 7    -0.011    -0.428     0.903
 8   134.683   -26.314    14.050
 8     0.668     0.737     0.104
 8     0.250    -0.354     0.901
 8     0.701    -0.576    -0.421
 9   142.507    -0.310    18.913
 9    -0.052    -0.227    -0.973
 9     0.998    -0.032    -0.045
 9    -0.021    -0.973     0.228
 2    97.003   -18.710    59.793
 2     0.505    -0.863     0.025
 2     0.859     0.505     0.078
 2    -0.080    -0.018     0.996
 3   134.826    -2.799     0.519
 3     0.494     0.210    -0.844
 3     0.131     0.941     0.311
 3     0.860    -0.264     0.437
 4   114.015    11.868   -12.664
 4     0.568    -0.669     0.479
 4     0.783     0.619    -0.065
 4    -0.253     0.412     0.875
 5   132.485    21.704     8.637
 5     0.783    -0.596     0.178
 5    -0.069    -0.368    -0.927
 5     0.618     0.714    -0.329
 6   142.530    -5.990     9.155
 6    -0.020     0.398    -0.917
 6    -0.986    -0.159    -0.048
 6    -0.165     0.903     0.396
 7   119.934   -22.405   -12.086
 7     0.752     0.591     0.291
 7    -0.659     0.683     0.315
 7    -0.012    -0.429     0.903
 8   134.512   -26.312    14.101
 8     0.667     0.736     0.111
 8     0.250    -0.362     0.898
 8     0.701    -0.572    -0.426
 9   142.551    -0.314    18.975
 9    -0.047    -0.227    -0.973
 9     0.998    -0.035    -0.040
 9    -0.025    -0.973     0.228
 2    97.053   -18.710    59.793
 2     0.504    -0.863     0.025
 2     0.859     0.505     0.078
 2    -0.080    -0.018     0.996
 3   134.777    -2.799     0.571
 3     0.493     0.210    -0.844
 3     0.131     0.941     0.311
 3     0.860    -0.265     0.436
 4   114.054    11.821   -12.601
 4     0.573    -0.667     0.475
 4     0.781     0.620    -0.072
 4    -0.248     0.412     0.877
 5   132.481    21.729     8.589
 5     0.784    -0.595     0.178
 5    -0.068    -0.368    -0.927
 5     0.617     0.714    -0.329
 6   142.508    -6.041     9.153
 6    -0.022     0.398    -0.917
 6    -0.986    -0.159    -0.046
 6    -0.164     0.903     0.396
 7   119.929   -22.408   -12.130
 7     0.750     0.593     0.292
 7    -0.661     0.682     0.313
 7    -0.014    -0.428     0.903
 8   134.081   -26.207    14.272
 8     0.666     0.733     0.134
 8     0.247    -0.387     0.888
 8     0.703    -0.559    -0.439
 9   142.768    -0.477    19.062
 9    -0.020    -0.216    -0.976
 9     0.999    -0.040    -0.012
 9    -0.037    -0.975     0.216
 2    97.053   -18.710    59.793
 2     0.505    -0.863     0.025
 2     0.859     0.505     0.078
 2    -0.080    -0.018     0.996
 3   134.782    -2.848     0.667
 3     0.490     0.212    -0.845
 3     0.132     0.940     0.312
 3     0.861    -0.265     0.433
 4   114.317    11.775   -12.627
 4     0.591    -0.662     0.461
 4     0.771     0.631    -0.083
 4    -0.236     0.404     0.884
 5   132.091    21.370     8.611
 5     0.779    -0.585     0.223
 5    -0.053    -0.417    -0.907
 5     0.624     0.695    -0.356
