% Calibrated with leiden_pols
% Positions are in centimeters
Data =[
 2    97.053   -18.710    59.792
 2     0.505    -0.863     0.025
 2     0.859     0.505     0.078
 2    -0.080    -0.017     0.996
 3   134.913    -2.492     0.372
 3     0.488     0.206    -0.848
 3     0.128     0.944     0.303
 3     0.863    -0.257     0.434
 4   114.036    12.277   -12.670
 4     0.562    -0.671     0.483
 4     0.787     0.613    -0.066
 4    -0.252     0.417     0.873
 5   132.587    22.012     8.650
 5     0.782    -0.596     0.183
 5    -0.070    -0.376    -0.924
 5     0.620     0.709    -0.336
 6   142.833    -5.587     9.165
 6    -0.012     0.386    -0.922
 6    -0.985    -0.163    -0.056
 6    -0.172     0.908     0.382
 7   120.391   -22.100   -12.666
 7     0.759     0.586     0.283
 7    -0.651     0.693     0.309
 7    -0.016    -0.419     0.908
 8   135.108   -26.185    13.684
 8     0.664     0.741     0.092
 8     0.253    -0.339     0.906
 8     0.703    -0.578    -0.414
 9   142.703     0.005    18.939
 9    -0.064    -0.215    -0.974
 9     0.998    -0.025    -0.060
 9    -0.011    -0.976     0.216
 2    97.053   -18.710    59.792
 2     0.505    -0.863     0.025
 2     0.859     0.505     0.078
 2    -0.080    -0.017     0.996
 3   134.849    -2.571     0.391
 3     0.492     0.206    -0.846
 3     0.130     0.943     0.306
 3     0.860    -0.261     0.437
 4   114.033    12.173   -12.714
 4     0.563    -0.671     0.482
 4     0.786     0.614    -0.064
 4    -0.254     0.415     0.874
 5   132.537    22.012     8.624
 5     0.781    -0.596     0.184
 5    -0.068    -0.376    -0.924
 5     0.620     0.709    -0.335
 6   142.839    -5.635     9.109
 6    -0.011     0.390    -0.921
 6    -0.985    -0.161    -0.056
 6    -0.170     0.906     0.386
 7   120.278   -22.275   -12.396
 7     0.757     0.588     0.284
 7    -0.653     0.690     0.313
 7    -0.012    -0.423     0.906
 8   135.105   -26.211    13.816
 8     0.666     0.740     0.093
 8     0.254    -0.342     0.905
 8     0.702    -0.579    -0.416
 9   142.694    -0.049    18.949
 9    -0.062    -0.219    -0.974
 9     0.998    -0.028    -0.058
 9    -0.015    -0.975     0.220
 2    97.053   -18.710    59.793
 2     0.505    -0.863     0.025
 2     0.859     0.505     0.078
 2    -0.080    -0.018     0.996
 3   134.900    -2.622     0.442
 3     0.493     0.207    -0.845
 3     0.131     0.942     0.307
 3     0.860    -0.262     0.437
 4   114.033    11.994   -12.711
 4     0.565    -0.670     0.482
 4     0.785     0.616    -0.064
 4    -0.255     0.414     0.874
 5   132.541    21.937     8.647
 5     0.781    -0.597     0.184
 5    -0.068    -0.375    -0.924
 5     0.621     0.709    -0.333
 6   142.742    -5.712     9.210
 6    -0.013     0.392    -0.920
 6    -0.985    -0.160    -0.055
 6    -0.169     0.906     0.388
 7   120.133   -22.377   -12.219
 7     0.755     0.589     0.286
 7    -0.655     0.687     0.315
 7    -0.011    -0.426     0.905
 8   135.021   -26.214    13.829
 8     0.668     0.737     0.093
 8     0.253    -0.344     0.904
 8     0.699    -0.581    -0.417
 9   142.640    -0.127    18.900
 9    -0.060    -0.224    -0.973
 9     0.998    -0.029    -0.055
 9    -0.016    -0.974     0.225
 2    97.003   -18.710    59.741
 2     0.505    -0.863     0.026
 2     0.859     0.505     0.078
 2    -0.080    -0.017     0.996
 3   134.846    -2.700     0.448
 3     0.494     0.209    -0.844
 3     0.130     0.942     0.309
 3     0.859    -0.263     0.438
 4   114.036    11.944   -12.713
 4     0.566    -0.670     0.480
 4     0.784     0.617    -0.064
 4    -0.254     0.412     0.875
 5   132.491    21.886     8.622
 5     0.781    -0.597     0.183
 5    -0.068    -0.374    -0.925
 5     0.621     0.709    -0.333
 6   142.694    -5.865     9.162
 6    -0.016     0.395    -0.919
 6    -0.985    -0.161    -0.053
 6    -0.169     0.904     0.391
 7   120.059   -22.403   -12.192
 7     0.754     0.590     0.289
 7    -0.657     0.684     0.316
 7    -0.011    -0.428     0.904
 8   134.922   -26.367    13.931
 8     0.669     0.737     0.096
 8     0.251    -0.346     0.904
 8     0.699    -0.580    -0.417
 9   142.615    -0.281    18.902
 9    -0.056    -0.226    -0.972
 9     0.998    -0.030    -0.051
 9    -0.017    -0.974     0.227
 2    97.003   -18.710    59.742
 2     0.505    -0.863     0.025
 2     0.859     0.505     0.078
 2    -0.080    -0.018     0.996
 3   134.846    -2.750     0.449
 3     0.494     0.209    -0.844
 3     0.131     0.941     0.310
 3     0.859    -0.264     0.438
 4   114.037    11.867   -12.712
 4     0.568    -0.669     0.480
 4     0.783     0.619    -0.065
 4    -0.254     0.412     0.875
 5   132.540    21.783     8.628
 5     0.781    -0.597     0.181
 5    -0.069    -0.371    -0.926
 5     0.620     0.711    -0.331
 6   142.625    -5.940     9.159
 6    -0.018     0.397    -0.918
 6    -0.986    -0.160    -0.050
 6    -0.167     0.904     0.394
 7   120.010   -22.403   -12.090
 7     0.753     0.590     0.289
 7    -0.657     0.684     0.316
 7    -0.011    -0.428     0.903
 8   134.683   -26.314    14.050
 8     0.668     0.737     0.104
 8     0.250    -0.354     0.901
 8     0.701    -0.576    -0.421
 9   142.507    -0.310    18.913
 9    -0.052    -0.227    -0.973
 9     0.998    -0.032    -0.045
 9    -0.021    -0.973     0.228
 2    97.003   -18.710    59.793
 2     0.505    -0.863     0.025
 2     0.859     0.505     0.078
 2    -0.080    -0.018     0.996
 3   134.826    -2.799     0.519
 3     0.494     0.210    -0.844
 3     0.131     0.941     0.311
 3     0.860    -0.264     0.437
 4   114.015    11.868   -12.664
 4     0.568    -0.669     0.479
 4     0.783     0.619    -0.065
 4    -0.253     0.412     0.875
 5   132.485    21.704     8.637
 5     0.783    -0.596     0.178
 5    -0.069    -0.368    -0.927
 5     0.618     0.714    -0.329
 6   142.530    -5.990     9.155
 6    -0.020     0.398    -0.917
 6    -0.986    -0.159    -0.048
 6    -0.165     0.903     0.396
 7   119.934   -22.405   -12.086
 7     0.752     0.591     0.291
 7    -0.659     0.683     0.315
 7    -0.012    -0.429     0.903
 8   134.512   -26.312    14.101
 8     0.667     0.736     0.111
 8     0.250    -0.362     0.898
 8     0.701    -0.572    -0.426
 9   142.551    -0.314    18.975
 9    -0.047    -0.227    -0.973
 9     0.998    -0.035    -0.040
 9    -0.025    -0.973     0.228
 2    97.053   -18.710    59.793
 2     0.504    -0.863     0.025
 2     0.859     0.505     0.078
 2    -0.080    -0.018     0.996
 3   134.777    -2.799     0.571
 3     0.493     0.210    -0.844
 3     0.131     0.941     0.311
 3     0.860    -0.265     0.436
 4   114.054    11.821   -12.601
 4     0.573    -0.667     0.475
 4     0.781     0.620    -0.072
 4    -0.248     0.412     0.877
 5   132.481    21.729     8.589
 5     0.784    -0.595     0.178
 5    -0.068    -0.368    -0.927
 5     0.617     0.714    -0.329
 6   142.508    -6.041     9.153
 6    -0.022     0.398    -0.917
 6    -0.986    -0.159    -0.046
 6    -0.164     0.903     0.396
 7   119.929   -22.408   -12.130
 7     0.750     0.593     0.292
 7    -0.661     0.682     0.313
 7    -0.014    -0.428     0.903
 8   134.081   -26.207    14.272
 8     0.666     0.733     0.134
 8     0.247    -0.387     0.888
 8     0.703    -0.559    -0.439
 9   142.768    -0.477    19.062
 9    -0.020    -0.216    -0.976
 9     0.999    -0.040    -0.012
 9    -0.037    -0.975     0.216
 2    97.053   -18.710    59.793
 2     0.505    -0.863     0.025
 2     0.859     0.505     0.078
 2    -0.080    -0.018     0.996
 3   134.782    -2.848     0.667
 3     0.490     0.212    -0.845
 3     0.132     0.940     0.312
 3     0.861    -0.265     0.433
 4   114.317    11.775   -12.627
 4     0.591    -0.662     0.461
 4     0.771     0.631    -0.083
 4    -0.236     0.404     0.884
 5   132.091    21.370     8.611
 5     0.779    -0.585     0.223
 5    -0.053    -0.417    -0.907
 5     0.624     0.695    -0.356
 6   143.817    -5.457     8.825
 6     0.049     0.416    -0.908
 6    -0.978    -0.164    -0.129
 6    -0.203     0.894     0.399
 7   119.927   -22.384   -12.131
 7     0.748     0.596     0.290
 7    -0.663     0.682     0.308
 7    -0.014    -0.423     0.906
 8   132.580   -26.163    14.706
 8     0.654     0.718     0.239
 8     0.208    -0.474     0.855
 8     0.727    -0.510    -0.459
 9   144.524    -1.465    20.564
 9     0.132    -0.268    -0.954
 9     0.990     0.005     0.136
 9    -0.032    -0.963     0.266
 2    97.003   -18.710    59.792
 2     0.504    -0.863     0.025
 2     0.859     0.505     0.078
 2    -0.080    -0.018     0.996
 3   134.884    -3.024     0.867
 3     0.495     0.191    -0.848
 3     0.145     0.943     0.297
 3     0.857    -0.271     0.439
 4   114.380    11.782   -12.593
 4     0.589    -0.666     0.457
 4     0.774     0.627    -0.084
 4    -0.230     0.403     0.885
 5   129.816    21.553     9.656
 5     0.748    -0.524     0.407
 5     0.028    -0.587    -0.809
 5     0.663     0.616    -0.425
 6   146.758    -1.017     8.494
 6     0.310     0.439    -0.843
 6    -0.913    -0.109    -0.392
 6    -0.264     0.892     0.367
 7   120.344   -22.563   -11.966
 7     0.706     0.649     0.280
 7    -0.708     0.641     0.298
 7     0.014    -0.409     0.912
 8   128.974   -26.657    15.430
 8     0.594     0.594     0.542
 8     0.062    -0.706     0.705
 8     0.802    -0.385    -0.457
 9   147.451    -9.023    21.984
 9     0.491    -0.212    -0.844
 9     0.870     0.095     0.482
 9    -0.022    -0.972     0.232
 2    97.003   -18.710    59.742
 2     0.505    -0.863     0.025
 2     0.859     0.505     0.078
 2    -0.080    -0.018     0.996
 3   135.075    -3.152     0.610
 3     0.499     0.159    -0.852
 3     0.154     0.951     0.268
 3     0.852    -0.266     0.450
 4   114.248    11.790   -12.485
 4     0.552    -0.690     0.468
 4     0.800     0.596    -0.063
 4    -0.236     0.409     0.881
 5   128.162    22.233    10.253
 5     0.717    -0.407     0.565
 5     0.131    -0.718    -0.683
 5     0.684     0.565    -0.462
 6   149.780     6.426    10.108
 6     0.590     0.423    -0.687
 6    -0.766     0.024    -0.643
 6    -0.255     0.905     0.339
 7   121.118   -22.528   -12.156
 7     0.661     0.696     0.279
 7    -0.750     0.601     0.275
 7     0.024    -0.391     0.920
 8   124.823   -26.757    15.285
 8     0.480     0.381     0.790
 8    -0.066    -0.883     0.465
 8     0.874    -0.276    -0.399
 9   147.619   -19.133    22.309
 9     0.819    -0.159    -0.551
 9     0.562     0.037     0.826
 9    -0.111    -0.987     0.119
 2    97.003   -18.710    59.742
 2     0.505    -0.863     0.025
 2     0.859     0.505     0.078
 2    -0.080    -0.018     0.996
 3   135.386    -2.966     0.584
 3     0.492     0.143    -0.859
 3     0.158     0.955     0.250
 3     0.856    -0.259     0.447
 4   114.576    11.764   -12.569
 4     0.536    -0.700     0.472
 4     0.808     0.586    -0.049
 4    -0.243     0.408     0.880
 5   127.164    22.716    10.589
 5     0.679    -0.322     0.659
 5     0.193    -0.788    -0.584
 5     0.708     0.524    -0.473
 6   150.733    11.705    11.003
 6     0.748     0.389    -0.538
 6    -0.616     0.103    -0.781
 6    -0.249     0.915     0.317
 7   121.228   -22.591   -11.997
 7     0.616     0.737     0.278
 7    -0.787     0.559     0.261
 7     0.037    -0.380     0.924
 8   124.533   -26.150    15.889
 8     0.492     0.218     0.843
 8    -0.124    -0.941     0.316
 8     0.862    -0.260    -0.436
 9   147.694   -27.725    19.858
 9     0.946    -0.268    -0.181
 9     0.196     0.032     0.980
 9    -0.257    -0.963     0.083
 2    97.003   -18.710    59.742
 2     0.504    -0.863     0.025
 2     0.859     0.505     0.078
 2    -0.080    -0.018     0.996
 3   135.824    -2.953     0.538
 3     0.478     0.148    -0.866
 3     0.158     0.955     0.250
 3     0.864    -0.256     0.433
 4   114.981    11.953   -12.482
 4     0.519    -0.715     0.467
 4     0.821     0.570    -0.040
 4    -0.238     0.404     0.883
 5   125.878    23.024    10.934
 5     0.628    -0.255     0.735
 5     0.243    -0.833    -0.496
 5     0.739     0.490    -0.461
 6   150.846    16.713    12.827
 6     0.857     0.322    -0.401
 6    -0.467     0.162    -0.869
 6    -0.215     0.933     0.289
 7   121.376   -22.557   -12.178
 7     0.604     0.742     0.291
 7    -0.797     0.551     0.248
 7     0.023    -0.382     0.924
 8   126.235   -25.660    16.288
 8     0.573     0.075     0.816
 8    -0.192    -0.956     0.223
 8     0.796    -0.285    -0.534
 9   146.379   -36.610    16.087
 9     0.876    -0.445     0.185
 9    -0.184     0.046     0.982
 9    -0.446    -0.894    -0.041
 2    97.003   -18.710    59.793
 2     0.505    -0.863     0.025
 2     0.859     0.505     0.078
 2    -0.080    -0.018     0.996
 3   136.569    -2.474     0.570
 3     0.456     0.127    -0.881
 3     0.162     0.961     0.223
 3     0.875    -0.245     0.417
 4   115.336    11.879   -12.446
 4     0.474    -0.746     0.466
 4     0.850     0.526    -0.024
 4    -0.227     0.408     0.884
 5   124.144    22.941    11.511
 5     0.564    -0.163     0.809
 5     0.281    -0.884    -0.374
 5     0.776     0.439    -0.453
 6   149.128    22.685    15.282
 6     0.946     0.237    -0.220
 6    -0.262     0.162    -0.951
 6    -0.190     0.958     0.215
 7   121.962   -22.088   -12.780
 7     0.602     0.746     0.284
 7    -0.798     0.558     0.226
 7     0.010    -0.363     0.932
 8   127.208   -25.395    16.053
 8     0.603    -0.110     0.790
 8    -0.292    -0.952     0.091
 8     0.742    -0.286    -0.606
 9   142.477   -42.275    13.235
 9     0.698    -0.591     0.404
 9    -0.422     0.116     0.899
 9    -0.579    -0.798    -0.168
 2    97.003   -18.710    59.793
 2     0.505    -0.863     0.025
 2     0.859     0.505     0.078
 2    -0.080    -0.018     0.996
 3   137.027    -2.164     0.385
 3     0.448     0.101    -0.888
 3     0.160     0.968     0.191
 3     0.879    -0.228     0.417
 4   115.489    12.181   -12.304
 4     0.435    -0.770     0.467
 4     0.874     0.485    -0.014
 4    -0.217     0.414     0.884
 5   123.192    23.079    11.765
 5     0.516    -0.084     0.852
 5     0.322    -0.903    -0.284
 5     0.793     0.421    -0.440
 6   147.986    26.394    16.093
 6     0.973     0.204    -0.104
 6    -0.137     0.159    -0.978
 6    -0.183     0.966     0.182
 7   122.347   -21.758   -13.276
 7     0.574     0.780     0.248
 7    -0.818     0.535     0.211
 7     0.032    -0.325     0.945
 8   126.425   -25.176    15.924
 8     0.557    -0.238     0.795
 8    -0.370    -0.929    -0.018
 8     0.743    -0.284    -0.606
 9   138.915   -45.406    12.542
 9     0.599    -0.594     0.536
 9    -0.540     0.195     0.819
 9    -0.591    -0.780    -0.204
 2    97.003   -18.710    59.793
 2     0.505    -0.863     0.025
 2     0.859     0.505     0.078
 2    -0.080    -0.018     0.996
 3   137.419    -1.808     0.370
 3     0.447     0.071    -0.891
 3     0.158     0.974     0.157
 3     0.880    -0.212     0.424
 4   115.618    12.498   -12.202
 4     0.414    -0.780     0.470
 4     0.885     0.464    -0.011
 4    -0.210     0.420     0.882
 5   122.535    23.250    12.236
 5     0.485    -0.026     0.874
 5     0.338    -0.916    -0.215
 5     0.807     0.399    -0.435
 6   146.615    29.506    16.930
 6     0.983     0.183    -0.000
 6    -0.029     0.152    -0.988
 6    -0.181     0.971     0.155
 7   122.195   -21.291   -13.351
 7     0.530     0.816     0.228
 7    -0.847     0.495     0.192
 7     0.044    -0.296     0.954
 8   125.501   -25.253    15.482
 8     0.507    -0.332     0.795
 8    -0.424    -0.899    -0.105
 8     0.750    -0.284    -0.597
 9   136.458   -47.089    13.359
 9     0.554    -0.590     0.588
 9    -0.620     0.178     0.764
 9    -0.555    -0.788    -0.267
 2    97.003   -18.710    59.792
 2     0.504    -0.863     0.025
 2     0.859     0.505     0.078
 2    -0.080    -0.018     0.996
 3   137.526    -1.687     0.249
 3     0.453     0.055    -0.890
 3     0.153     0.978     0.138
 3     0.878    -0.199     0.435
 4   115.621    12.916   -11.950
 4     0.396    -0.785     0.477
 4     0.895     0.445    -0.012
 4    -0.203     0.432     0.879
 5   122.207    23.243    12.272
 5     0.476     0.024     0.879
 5     0.342    -0.926    -0.160
 5     0.809     0.377    -0.450
 6   145.191    32.295    17.199
 6     0.977     0.188     0.102
 6     0.080     0.122    -0.989
 6    -0.199     0.974     0.104
 7   121.861   -20.950   -13.362
 7     0.493     0.842     0.217
 7    -0.868     0.462     0.181
 7     0.052    -0.278     0.959
 8   124.678   -25.035    15.448
 8     0.470    -0.389     0.792
 8    -0.449    -0.878    -0.164
 8     0.760    -0.279    -0.588
 9   134.827   -48.282    14.188
 9     0.530    -0.573     0.625
 9    -0.674     0.163     0.720
 9    -0.514    -0.803    -0.300
 2    97.050   -18.711    59.795
 2     0.504    -0.863     0.026
 2     0.859     0.505     0.078
 2    -0.081    -0.017     0.996
 3   137.648    -1.705     0.044
 3     0.471     0.036    -0.881
 3     0.149     0.981     0.120
 3     0.869    -0.188     0.457
 4   115.566    13.097   -11.908
 4     0.389    -0.782     0.486
 4     0.899     0.438    -0.014
 4    -0.202     0.442     0.874
 5   122.018    23.090    12.455
 5     0.462     0.072     0.884
 5     0.351    -0.930    -0.108
 5     0.814     0.360    -0.455
 6   144.619    33.656    17.366
 6     0.968     0.191     0.161
 6     0.141     0.111    -0.984
 6    -0.206     0.975     0.080
 7   121.690   -20.854   -13.436
 7     0.481     0.849     0.218
 7    -0.875     0.450     0.178
 7     0.053    -0.277     0.959
 8   124.195   -25.040    15.361
 8     0.444    -0.422     0.790
 8    -0.460    -0.865    -0.203
 8     0.769    -0.273    -0.578
 9   133.914   -49.038    15.122
 9     0.518    -0.550     0.655
 9    -0.715     0.141     0.685
 9    -0.469    -0.823    -0.320
 2    97.050   -18.685    59.795
 2     0.504    -0.863     0.026
 2     0.859     0.505     0.078
 2    -0.081    -0.017     0.996
 3   137.634    -1.672    -0.220
 3     0.492     0.017    -0.870
 3     0.152     0.983     0.104
 3     0.857    -0.184     0.481
 4   115.324    13.099   -11.836
 4     0.376    -0.779     0.502
 4     0.904     0.428    -0.014
 4    -0.204     0.459     0.864
 5   121.836    22.650    12.575
 5     0.453     0.139     0.880
 5     0.372    -0.927    -0.045
 5     0.810     0.348    -0.472
 6   143.363    35.498    16.922
 6     0.947     0.202     0.247
 6     0.228     0.113    -0.967
 6    -0.224     0.973     0.061
 7   121.342   -20.966   -13.420
 7     0.462     0.857     0.226
 7    -0.885     0.431     0.173
 7     0.051    -0.281     0.958
 8   123.714   -24.946    15.328
 8     0.412    -0.462     0.785
 8    -0.474    -0.845    -0.249
 8     0.778    -0.269    -0.567
 9   132.707   -49.957    15.958
 9     0.495    -0.531     0.688
 9    -0.755     0.130     0.643
 9    -0.431    -0.838    -0.336
 2    97.003   -18.710    59.741
 2     0.504    -0.863     0.026
 2     0.859     0.505     0.078
 2    -0.080    -0.017     0.996
 3   137.830    -1.916    -0.592
 3     0.510     0.007    -0.860
 3     0.153     0.983     0.099
 3     0.846    -0.182     0.500
 4   115.312    12.997   -11.832
 4     0.369    -0.777     0.509
 4     0.906     0.423    -0.011
 4    -0.207     0.465     0.860
 5   121.699    22.396    12.528
 5     0.422     0.234     0.875
 5     0.424    -0.905     0.038
 5     0.801     0.355    -0.482
 6   142.210    37.891    17.281
 6     0.922     0.205     0.329
 6     0.316     0.092    -0.944
 6    -0.224     0.974     0.020
 7   121.289   -20.921   -13.333
 7     0.452     0.862     0.228
 7    -0.890     0.422     0.169
 7     0.049    -0.280     0.958
 8   123.468   -25.256    15.331
 8     0.385    -0.502     0.775
 8    -0.508    -0.816    -0.276
 8     0.771    -0.287    -0.569
 9   131.520   -50.678    15.855
 9     0.465    -0.540     0.701
 9    -0.772     0.140     0.620
 9    -0.433    -0.830    -0.352
 2    97.053   -18.710    59.793
 2     0.505    -0.863     0.025
 2     0.859     0.505     0.078
 2    -0.080    -0.018     0.996
 3   137.855    -2.051    -0.667
 3     0.519     0.001    -0.855
 3     0.151     0.984     0.094
 3     0.841    -0.178     0.510
 4   115.306    12.972   -11.884
 4     0.365    -0.776     0.514
 4     0.907     0.419    -0.011
 4    -0.208     0.470     0.857
 5   121.915    22.106    12.540
 5     0.406     0.289     0.867
 5     0.449    -0.889     0.086
 5     0.796     0.354    -0.491
 6   141.087    39.455    16.825
 6     0.889     0.221     0.401
 6     0.391     0.089    -0.916
 6    -0.238     0.971    -0.007
 7   121.141   -20.935   -13.242
 7     0.445     0.863     0.237
 7    -0.894     0.418     0.158
 7     0.037    -0.283     0.958
 8   123.098   -25.537    15.244
 8     0.360    -0.523     0.773
 8    -0.531    -0.796    -0.290
 8     0.766    -0.306    -0.564
 9   130.915   -51.544    15.592
 9     0.467    -0.511     0.722
 9    -0.776     0.155     0.611
 9    -0.424    -0.846    -0.324
 2    97.053   -18.710    59.793
 2     0.505    -0.863     0.025
 2     0.859     0.505     0.078
 2    -0.080    -0.018     0.996
 3   137.988    -2.140    -0.874
 3     0.532    -0.004    -0.846
 3     0.151     0.984     0.091
 3     0.832    -0.177     0.525
 4   115.264    12.747   -11.782
 4     0.347    -0.776     0.526
 4     0.913     0.406    -0.003
 4    -0.211     0.481     0.850
 5   121.747    22.039    12.456
 5     0.392     0.342     0.854
 5     0.472    -0.872     0.132
 5     0.789     0.351    -0.503
 6   139.988    40.735    16.829
 6     0.861     0.226     0.454
 6     0.444     0.098    -0.891
 6    -0.247     0.969    -0.016
 7   120.950   -20.898   -13.254
 7     0.431     0.867     0.250
 7    -0.902     0.406     0.148
 7     0.027    -0.289     0.957
 8   122.713   -25.700    14.965
 8     0.337    -0.551     0.763
 8    -0.544    -0.776    -0.320
 8     0.768    -0.307    -0.562
 9   129.839   -52.139    16.172
 9     0.443    -0.499     0.745
 9    -0.805     0.144     0.575
 9    -0.394    -0.855    -0.337
 2    97.003   -18.710    59.741
 2     0.504    -0.863     0.025
 2     0.859     0.505     0.078
 2    -0.080    -0.017     0.996
 3   138.069    -2.245    -1.031
 3     0.539    -0.010    -0.842
 3     0.154     0.984     0.087
 3     0.828    -0.177     0.532
 4   115.193    12.642   -11.893
 4     0.338    -0.777     0.531
 4     0.915     0.402     0.005
 4    -0.218     0.485     0.847
 5   121.613    21.900    12.451
 5     0.375     0.374     0.848
 5     0.486    -0.858     0.163
 5     0.789     0.351    -0.504
 6   139.221    41.356    16.613
 6     0.845     0.227     0.484
 6     0.474     0.101    -0.875
 6    -0.247     0.969    -0.023
 7   120.901   -21.002   -13.252
 7     0.427     0.869     0.251
 7    -0.904     0.401     0.147
 7     0.027    -0.290     0.957
 8   122.560   -25.653    15.159
 8     0.322    -0.549     0.771
 8    -0.542    -0.775    -0.325
 8     0.776    -0.313    -0.547
 9   129.771   -52.048    16.620
 9     0.451    -0.485     0.749
 9    -0.809     0.132     0.572
 9    -0.376    -0.865    -0.333
 2    97.003   -18.710    59.793
 2     0.505    -0.863     0.025
 2     0.859     0.505     0.078
 2    -0.080    -0.018     0.996
 3   138.135    -2.297    -0.995
 3     0.541    -0.013    -0.841
 3     0.157     0.984     0.086
 3     0.826    -0.179     0.534
 4   115.186    12.512   -11.884
 4     0.337    -0.776     0.532
 4     0.915     0.403     0.008
 4    -0.221     0.484     0.846
 5   121.614    21.875    12.451
 5     0.375     0.374     0.848
 5     0.486    -0.858     0.163
 5     0.789     0.351    -0.504
 6   139.245    41.354    16.516
 6     0.845     0.226     0.483
 6     0.473     0.103    -0.875
 6    -0.248     0.968    -0.020
 7   120.956   -21.177   -13.206
 7     0.427     0.868     0.252
 7    -0.904     0.401     0.150
 7     0.029    -0.293     0.956
 8   122.659   -25.775    15.257
 8     0.328    -0.543     0.772
 8    -0.537    -0.780    -0.320
 8     0.776    -0.310    -0.548
 9   130.100   -52.218    16.780
 9     0.462    -0.484     0.743
 9    -0.805     0.122     0.581
 9    -0.372    -0.867    -0.333
 2    97.003   -18.710    59.793
 2     0.505    -0.863     0.025
 2     0.859     0.505     0.078
 2    -0.080    -0.018     0.996
 3   138.077    -2.375    -1.061
 3     0.544    -0.014    -0.839
 3     0.158     0.984     0.086
 3     0.824    -0.180     0.537
 4   115.084    12.410   -11.882
 4     0.337    -0.776     0.534
 4     0.915     0.403     0.009
 4    -0.222     0.485     0.845
 5   121.615    21.722    12.447
 5     0.378     0.374     0.847
 5     0.484    -0.860     0.163
 5     0.789     0.348    -0.506
 6   139.244    41.226    16.468
 6     0.846     0.228     0.482
 6     0.471     0.102    -0.876
 6    -0.249     0.968    -0.021
 7   120.908   -21.251   -13.156
 7     0.430     0.865     0.256
 7    -0.902     0.403     0.152
 7     0.029    -0.297     0.954
 8   122.656   -25.877    15.212
 8     0.329    -0.545     0.771
 8    -0.540    -0.779    -0.320
 8     0.775    -0.311    -0.551
 9   130.126   -52.266    16.719
 9     0.468    -0.481     0.741
 9    -0.802     0.120     0.585
 9    -0.370    -0.868    -0.330
 2    97.003   -18.710    59.793
 2     0.505    -0.863     0.025
 2     0.859     0.505     0.078
 2    -0.080    -0.018     0.996
 3   138.067    -2.429    -1.102
 3     0.547    -0.016    -0.837
 3     0.158     0.984     0.084
 3     0.822    -0.178     0.540
 4   115.059    12.336   -11.886
 4     0.333    -0.777     0.534
 4     0.917     0.399     0.009
 4    -0.221     0.486     0.845
 5   121.493    21.699    12.539
 5     0.379     0.378     0.844
 5     0.481    -0.860     0.169
 5     0.790     0.342    -0.508
 6   138.935    41.408    16.611
 6     0.840     0.233     0.489
 6     0.481     0.094    -0.871
 6    -0.249     0.968    -0.033
 7   120.954   -21.303   -13.124
 7     0.431     0.864     0.259
 7    -0.902     0.404     0.152
 7     0.027    -0.299     0.954
 8   122.483   -25.833    15.205
 8     0.320    -0.543     0.776
 8    -0.542    -0.777    -0.320
 8     0.777    -0.319    -0.543
 9   130.276   -52.109    16.754
 9     0.479    -0.475     0.738
 9    -0.798     0.115     0.592
 9    -0.367    -0.872    -0.324
 2    97.053   -18.684    59.793
 2     0.504    -0.863     0.025
 2     0.859     0.505     0.078
 2    -0.080    -0.018     0.996
 3   138.033    -2.382    -1.168
 3     0.550    -0.018    -0.835
 3     0.157     0.984     0.082
 3     0.820    -0.177     0.544
 4   115.012    12.389   -11.867
 4     0.330    -0.778     0.535
 4     0.918     0.396     0.009
 4    -0.219     0.488     0.845
 5   121.448    21.649    12.605
 5     0.382     0.380     0.842
 5     0.478    -0.861     0.172
 5     0.791     0.337    -0.511
 6   138.854    41.282    16.683
 6     0.838     0.238     0.490
 6     0.485     0.087    -0.870
 6    -0.250     0.967    -0.043
 7   120.849   -21.254   -13.191
 7     0.432     0.862     0.264
 7    -0.901     0.406     0.151
 7     0.024    -0.303     0.952
 8   122.483   -25.883    15.205
 8     0.321    -0.541     0.777
 8    -0.542    -0.778    -0.318
 8     0.777    -0.318    -0.543
 9   130.338   -52.035    16.640
 9     0.483    -0.477     0.734
 9    -0.792     0.118     0.599
 9    -0.372    -0.871    -0.321
 2    97.003   -18.710    59.793
 2     0.505    -0.863     0.025
 2     0.859     0.505     0.078
 2    -0.080    -0.018     0.996
 3   138.027    -2.358    -1.215
 3     0.552    -0.020    -0.833
 3     0.156     0.984     0.080
 3     0.819    -0.174     0.547
 4   114.911    12.417   -11.872
 4     0.326    -0.779     0.536
 4     0.920     0.392     0.010
 4    -0.218     0.490     0.844
 5   121.396    21.601    12.597
 5     0.383     0.388     0.838
 5     0.477    -0.860     0.181
 5     0.791     0.330    -0.515
 6   138.438    41.593    16.849
 6     0.828     0.246     0.504
 6     0.501     0.076    -0.862
 6    -0.251     0.966    -0.060
 7   120.796   -21.230   -13.184
 7     0.432     0.861     0.266
 7    -0.901     0.406     0.151
 7     0.022    -0.305     0.952
 8   122.223   -25.785    15.183
 8     0.310    -0.542     0.781
 8    -0.540    -0.777    -0.324
 8     0.782    -0.321    -0.534
 9   130.165   -51.934    16.717
 9     0.482    -0.478     0.734
 9    -0.793     0.117     0.598
 9    -0.372    -0.870    -0.323
 2    97.053   -18.710    59.792
 2     0.505    -0.863     0.025
 2     0.859     0.505     0.078
 2    -0.080    -0.017     0.996
 3   138.023    -2.385    -1.159
 3     0.553    -0.020    -0.833
 3     0.156     0.984     0.079
 3     0.818    -0.174     0.547
 4   114.782    12.418   -11.819
 4     0.319    -0.781     0.536
 4     0.922     0.386     0.014
 4    -0.219     0.490     0.844
 5   121.349    21.603    12.693
 5     0.382     0.391     0.837
 5     0.477    -0.859     0.184
 5     0.792     0.329    -0.515
 6   138.341    41.596    16.893
 6     0.827     0.245     0.505
 6     0.504     0.075    -0.861
 6    -0.249     0.966    -0.061
 7   120.852   -21.254   -13.138
 7     0.430     0.862     0.267
 7    -0.902     0.403     0.152
 7     0.024    -0.307     0.951
 8   122.161   -25.704    15.261
 8     0.311    -0.536     0.785
 8    -0.534    -0.781    -0.322
 8     0.786    -0.319    -0.529
 9   130.170   -51.804    16.990
 9     0.485    -0.481     0.730
 9    -0.792     0.112     0.600
 9    -0.370    -0.870    -0.326
 2    97.003   -18.710    59.792
 2     0.504    -0.863     0.025
 2     0.859     0.505     0.078
 2    -0.080    -0.018     0.996
 3   138.023    -2.360    -1.159
 3     0.553    -0.021    -0.833
 3     0.156     0.984     0.079
 3     0.818    -0.174     0.547
 4   114.831    12.392   -11.819
 4     0.319    -0.781     0.537
 4     0.922     0.387     0.014
 4    -0.219     0.490     0.843
 5   121.187    21.532    12.702
 5     0.379     0.392     0.838
 5     0.473    -0.861     0.188
 5     0.795     0.325    -0.512
 6   138.184    41.655    17.150
 6     0.828     0.238     0.506
 6     0.505     0.070    -0.860
 6    -0.241     0.969    -0.062
 7   120.779   -21.304   -13.115
 7     0.430     0.862     0.268
 7    -0.902     0.402     0.154
 7     0.025    -0.308     0.951
 8   122.112   -25.701    15.259
 8     0.314    -0.534     0.784
 8    -0.532    -0.783    -0.320
 8     0.786    -0.317    -0.531
 9   130.042   -52.084    16.954
 9     0.482    -0.490     0.726
 9    -0.793     0.110     0.600
 9    -0.374    -0.865    -0.335
 2    97.003   -18.685    59.793
 2     0.505    -0.863     0.025
 2     0.859     0.505     0.078
 2    -0.080    -0.018     0.996
 3   137.973    -2.385    -1.160
 3     0.553    -0.022    -0.833
 3     0.157     0.984     0.079
 3     0.818    -0.174     0.548
 4   114.779    12.341   -11.766
 4     0.318    -0.781     0.537
 4     0.922     0.386     0.015
 4    -0.220     0.490     0.843
 5   121.116    21.483    12.799
 5     0.378     0.393     0.838
 5     0.472    -0.861     0.190
 5     0.796     0.324    -0.511
 6   138.144    41.660    17.313
 6     0.829     0.236     0.506
 6     0.506     0.066    -0.860
 6    -0.236     0.969    -0.065
 7   120.636   -21.302   -12.942
 7     0.430     0.861     0.269
 7    -0.902     0.401     0.157
 7     0.027    -0.311     0.950
 8   121.971   -25.718    15.416
 8     0.321    -0.524     0.788
 8    -0.524    -0.792    -0.313
 8     0.789    -0.313    -0.529
 9   130.581   -51.612    17.331
 9     0.501    -0.492     0.711
 9    -0.784     0.090     0.615
 9    -0.367    -0.866    -0.340
 2    97.001   -18.685    59.744
 2     0.504    -0.863     0.025
 2     0.859     0.505     0.078
 2    -0.081    -0.018     0.996
 3   137.920    -2.437    -1.128
 3     0.554    -0.021    -0.832
 3     0.157     0.984     0.080
 3     0.817    -0.176     0.549
 4   114.730    12.340   -11.765
 4     0.320    -0.781     0.537
 4     0.921     0.388     0.015
 4    -0.220     0.490     0.843
 5   121.073    21.556    12.796
 5     0.383     0.382     0.841
 5     0.468    -0.865     0.180
 5     0.797     0.324    -0.510
 6   138.489    41.200    17.386
 6     0.841     0.231     0.489
 6     0.489     0.062    -0.870
 6    -0.232     0.971    -0.061
 7   120.465   -21.428   -12.841
 7     0.429     0.861     0.273
 7    -0.903     0.400     0.159
 7     0.028    -0.315     0.948
 8   121.625   -26.065    15.217
 8     0.332    -0.474     0.816
 8    -0.505    -0.819    -0.270
 8     0.796    -0.323    -0.511
 9   133.430   -49.968    17.241
 9     0.628    -0.442     0.640
 9    -0.693     0.057     0.719
 9    -0.355    -0.895    -0.270
 2    97.053   -18.710    59.793
 2     0.505    -0.863     0.025
 2     0.859     0.505     0.078
 2    -0.080    -0.018     0.996
 3   137.846    -2.564    -1.077
 3     0.554    -0.017    -0.832
 3     0.156     0.984     0.084
 3     0.817    -0.177     0.548
 4   114.790    12.285   -11.638
 4     0.336    -0.775     0.535
 4     0.916     0.401     0.005
 4    -0.219     0.488     0.845
 5   121.089    21.691    12.802
 5     0.400     0.336     0.852
 5     0.450    -0.883     0.137
 5     0.798     0.328    -0.505
 6   139.825    39.637    17.516
 6     0.877     0.216     0.429
 6     0.426     0.062    -0.902
 6    -0.222     0.974    -0.038
 7   120.346   -21.475   -12.721
 7     0.434     0.858     0.276
 7    -0.900     0.403     0.164
 7     0.030    -0.320     0.947
 8   121.721   -26.192    15.219
 8     0.366    -0.398     0.841
 8    -0.473    -0.858    -0.200
 8     0.801    -0.324    -0.503
 9   136.926   -47.163    17.402
 9     0.752    -0.415     0.512
 9    -0.564    -0.003     0.826
 9    -0.341    -0.910    -0.236
 2    97.053   -18.710    59.793
 2     0.505    -0.863     0.025
 2     0.859     0.505     0.078
 2    -0.080    -0.018     0.996
 3   137.811    -2.611    -0.964
 3     0.551    -0.013    -0.834
 3     0.156     0.984     0.088
 3     0.820    -0.179     0.544
 4   114.851    12.208   -11.640
 4     0.347    -0.773     0.531
 4     0.912     0.409    -0.001
 4    -0.217     0.485     0.847
 5   121.366    21.745    12.916
 5     0.426     0.252     0.868
 5     0.412    -0.909     0.062
 5     0.805     0.331    -0.492
 6   141.561    37.686    17.932
 6     0.914     0.209     0.347
 6     0.344     0.052    -0.938
 6    -0.214     0.976    -0.025
 7   120.342   -21.526   -12.716
 7     0.437     0.855     0.277
 7    -0.899     0.406     0.165
 7     0.028    -0.321     0.947
 8   121.404   -26.473    14.981
 8     0.377    -0.310     0.872
 8    -0.433    -0.892    -0.130
 8     0.818    -0.329    -0.471
 9   141.066   -42.195    18.216
 9     0.906    -0.314     0.283
 9    -0.318    -0.064     0.946
 9    -0.278    -0.947    -0.158
 2    97.053   -18.710    59.793
 2     0.504    -0.863     0.025
 2     0.859     0.505     0.078
 2    -0.080    -0.018     0.996
 3   137.776    -2.735    -0.826
 3     0.547    -0.005    -0.837
 3     0.153     0.983     0.094
 3     0.823    -0.180     0.538
 4   115.021    12.239   -11.494
 4     0.373    -0.769     0.519
 4     0.905     0.424    -0.022
 4    -0.203     0.478     0.854
 5   121.902    21.879    12.783
 5     0.463     0.152     0.873
 5     0.377    -0.925    -0.039
 5     0.802     0.347    -0.486
 6   143.923    34.110    17.927
 6     0.958     0.201     0.204
 6     0.197     0.053    -0.979
 6    -0.208     0.978     0.011
 7   120.054   -21.704   -12.702
 7     0.446     0.849     0.281
 7    -0.895     0.416     0.163
 7     0.022    -0.324     0.946
 8   121.370   -27.338    14.556
 8     0.415    -0.145     0.898
 8    -0.382    -0.924     0.028
 8     0.825    -0.355    -0.439
 9   144.764   -34.024    20.036
 9     0.986    -0.154    -0.068
 9     0.055    -0.087     0.995
 9    -0.159    -0.984    -0.077
 2    97.053   -18.710    59.793
 2     0.505    -0.863     0.025
 2     0.859     0.505     0.078
 2    -0.080    -0.018     0.996
 3   137.698    -2.908    -0.768
 3     0.542     0.006    -0.840
 3     0.151     0.983     0.104
 3     0.827    -0.184     0.531
 4   115.135    12.235   -11.545
 4     0.391    -0.764     0.513
 4     0.898     0.438    -0.032
 4    -0.201     0.473     0.858
 5   122.231    22.544    12.533
 5     0.490     0.021     0.871
 5     0.341    -0.924    -0.169
 5     0.802     0.380    -0.461
 6   146.287    28.950    17.185
 6     0.978     0.207    -0.018
 6    -0.034     0.071    -0.997
 6    -0.205     0.976     0.076
 7   120.620   -21.724   -12.996
 7     0.506     0.821     0.263
 7    -0.862     0.473     0.181
 7     0.025    -0.319     0.947
 8   122.716   -28.712    13.977
 8     0.465     0.144     0.873
 8    -0.286    -0.909     0.303
 8     0.838    -0.390    -0.382
 9   146.532   -24.893    22.112
 9     0.892    -0.047    -0.449
 9     0.451     0.057     0.891
 9    -0.016    -0.997     0.072
 2    97.053   -18.710    59.793
 2     0.505    -0.863     0.025
 2     0.859     0.505     0.078
 2    -0.080    -0.018     0.996
 3   137.748    -2.634    -0.595
 3     0.522     0.011    -0.852
 3     0.159     0.981     0.110
 3     0.838    -0.193     0.511
 4   115.209    12.145   -11.947
 4     0.415    -0.759     0.502
 4     0.886     0.462    -0.033
 4    -0.208     0.458     0.864
 5   122.830    23.366    12.023
 5     0.527    -0.108     0.843
 5     0.315    -0.897    -0.312
 5     0.789     0.430    -0.439
 6   147.612    22.702    16.230
 6     0.939     0.217    -0.266
 6    -0.288     0.078    -0.954
 6    -0.186     0.973     0.135
 7   121.009   -21.691   -13.013
 7     0.571     0.785     0.240
 7    -0.820     0.536     0.199
 7     0.028    -0.311     0.950
 8   125.922   -29.825    13.980
 8     0.541     0.457     0.705
 8    -0.148    -0.774     0.615
 8     0.828    -0.437    -0.351
 9   146.830   -15.915    24.013
 9     0.646    -0.086    -0.759
 9     0.756     0.206     0.621
 9     0.103    -0.975     0.198
 2    97.003   -18.710    59.742
 2     0.505    -0.863     0.025
 2     0.859     0.505     0.078
 2    -0.080    -0.018     0.996
 3   137.531    -2.446    -0.395
 3     0.511     0.022    -0.859
 3     0.163     0.979     0.122
 3     0.844    -0.203     0.496
 4   115.136    12.002   -12.280
 4     0.446    -0.744     0.498
 4     0.869     0.493    -0.042
 4    -0.214     0.452     0.866
 5   124.054    23.882    11.545
 5     0.567    -0.251     0.785
 5     0.266    -0.845    -0.463
 5     0.780     0.471    -0.412
 6   148.678    17.068    15.434
 6     0.846     0.247    -0.471
 6    -0.506     0.099    -0.857
 6    -0.166     0.964     0.209
 7   121.368   -21.740   -13.089
 7     0.645     0.728     0.232
 7    -0.764     0.608     0.216
 7     0.016    -0.317     0.948
 8   129.925   -29.489    13.878
 8     0.602     0.646     0.470
 8    -0.005    -0.586     0.811
 8     0.798    -0.490    -0.349
 9   146.694    -9.724    23.442
 9     0.403    -0.261    -0.877
 9     0.901     0.280     0.331
 9     0.159    -0.924     0.348
 2    97.003   -18.710    59.793
 2     0.505    -0.863     0.025
 2     0.859     0.505     0.078
 2    -0.080    -0.018     0.996
 3   137.425    -2.161    -0.203
 3     0.505     0.036    -0.862
 3     0.166     0.976     0.139
 3     0.847    -0.214     0.487
 4   115.091    11.763   -12.444
 4     0.470    -0.730     0.495
 4     0.855     0.515    -0.052
 4    -0.217     0.448     0.867
 5   125.993    24.191    10.911
 5     0.627    -0.371     0.685
 5     0.214    -0.764    -0.609
 5     0.749     0.528    -0.400
 6   149.023    11.482    14.217
 6     0.710     0.300    -0.637
 6    -0.688     0.102    -0.719
 6    -0.150     0.948     0.279
 7   121.539   -21.882   -13.273
 7     0.694     0.677     0.243
 7    -0.719     0.656     0.227
 7    -0.006    -0.333     0.943
 8   132.446   -28.588    13.625
 8     0.626     0.721     0.295
