2 	  32.57	  -8.35	  22.92
	  0.185	  0.964	 -0.192
	 -0.980	  0.194	  0.033
	  0.069	  0.182	  0.981

3 	  46.09	  -0.77	   3.53
	  0.292	  0.192	  0.937
	  0.176	  0.952	 -0.250
	 -0.940	  0.238	  0.244

4 	  40.73	   5.75	  -2.85
	  0.521	  0.823	  0.227
	 -0.853	  0.490	  0.180
	  0.037	 -0.287	  0.957

5 	  38.14	   8.23	   9.21
	  0.185	  0.181	  0.966
	 -0.246	 -0.943	  0.224
	  0.951	 -0.279	 -0.130

6 	  43.03	  10.58	  19.16
	  0.356	 -0.066	  0.932
	 -0.891	  0.277	  0.359
	 -0.282	 -0.959	  0.040

7 	  42.21	  -9.70	  -1.86
	  0.661	 -0.653	  0.370
	  0.747	  0.616	 -0.249
	 -0.066	  0.441	  0.895

8 	  38.43	 -11.51	   9.35
	  0.189	 -0.081	  0.978
	  0.569	 -0.803	 -0.177
	  0.800	  0.590	 -0.106

9 	  43.44	 -12.53	  19.58
	  0.328	  0.105	  0.938
	  0.902	  0.259	 -0.345
	 -0.279	  0.960	 -0.010

2 	  32.55	  -8.35	  22.92
	  0.185	  0.964	 -0.192
	 -0.980	  0.194	  0.033
	  0.069	  0.182	  0.981

3 	  46.09	  -0.77	   3.57
	  0.289	  0.191	  0.938
	  0.177	  0.952	 -0.249
	 -0.941	  0.238	  0.241

4 	  40.71	   5.73	  -2.81
	  0.517	  0.825	  0.229
	 -0.855	  0.485	  0.181
	  0.039	 -0.290	  0.956

5 	  38.16	   8.23	   9.23
	  0.185	  0.181	  0.966
	 -0.246	 -0.943	  0.223
	  0.951	 -0.279	 -0.130

6 	  43.03	  10.58	  19.16
	  0.356	 -0.065	  0.932
	 -0.891	  0.277	  0.360
	 -0.282	 -0.958	  0.041

7 	  42.24	  -9.77	  -1.83
	  0.658	 -0.651	  0.376
	  0.749	  0.615	 -0.247
	 -0.071	  0.444	  0.893

8 	  38.37	 -11.53	   9.35
	  0.185	 -0.079	  0.979
	  0.566	 -0.806	 -0.173
	  0.803	  0.587	 -0.104

9 	  43.38	 -12.55	  19.62
	  0.326	  0.106	  0.939
	  0.903	  0.258	 -0.343
	 -0.279	  0.960	 -0.012

2 	  32.57	  -8.35	  22.92
	  0.185	  0.964	 -0.192
	 -0.980	  0.194	  0.033
	  0.069	  0.182	  0.981

3 	  46.09	  -0.79	   3.53
	  0.286	  0.189	  0.939
	  0.176	  0.953	 -0.245
	 -0.942	  0.235	  0.239

4 	  40.68	   5.71	  -2.83
	  0.512	  0.828	  0.229
	 -0.858	  0.478	  0.188
	  0.045	 -0.293	  0.955

5 	  38.07	   8.21	   9.19
	  0.172	  0.171	  0.970
	 -0.236	 -0.949	  0.209
	  0.956	 -0.265	 -0.123

6 	  43.08	  10.60	  19.21
	  0.344	 -0.067	  0.937
	 -0.867	  0.359	  0.344
	 -0.360	 -0.931	  0.065

7 	  42.28	  -9.77	  -1.81
	  0.658	 -0.650	  0.378
	  0.748	  0.617	 -0.243
	 -0.076	  0.443	  0.893

8 	  38.39	 -11.51	   9.30
	  0.184	 -0.083	  0.979
	  0.566	 -0.806	 -0.175
	  0.803	  0.586	 -0.101

9 	  43.38	 -12.55	  19.56
	  0.315	  0.105	  0.943
	  0.898	  0.288	 -0.332
	 -0.307	  0.951	 -0.004

2 	  32.57	  -8.35	  22.92
	  0.185	  0.964	 -0.192
	 -0.980	  0.194	  0.033
	  0.069	  0.182	  0.981

3 	  46.09	  -0.74	   3.52
	  0.282	  0.183	  0.942
	  0.170	  0.956	 -0.237
	 -0.944	  0.227	  0.239

4 	  40.62	   5.80	  -2.81
	  0.505	  0.831	  0.231
	 -0.861	  0.469	  0.196
	  0.055	 -0.298	  0.953

5 	  38.07	   8.23	   9.23
	  0.170	  0.172	  0.970
	 -0.232	 -0.950	  0.209
	  0.958	 -0.260	 -0.121

6 	  43.14	  10.60	  19.23
	  0.334	 -0.071	  0.940
	 -0.851	  0.407	  0.333
	 -0.406	 -0.911	  0.076

7 	  42.33	  -9.70	  -1.88
	  0.661	 -0.651	  0.373
	  0.746	  0.622	 -0.237
	 -0.078	  0.435	  0.897

8 	  38.39	 -11.51	   9.18
	  0.180	 -0.093	  0.979
	  0.565	 -0.805	 -0.180
	  0.805	  0.586	 -0.093

9 	  43.42	 -12.59	  19.39
	  0.310	  0.102	  0.945
	  0.887	  0.325	 -0.327
	 -0.340	  0.940	  0.010

2 	  32.55	  -8.35	  22.92
	  0.185	  0.964	 -0.192
	 -0.980	  0.194	  0.033
	  0.069	  0.182	  0.981

3 	  46.12	  -0.69	   3.48
	  0.280	  0.178	  0.943
	  0.168	  0.958	 -0.231
	 -0.945	  0.224	  0.238

4 	  40.62	   5.85	  -2.78
	  0.504	  0.831	  0.232
	 -0.862	  0.466	  0.199
	  0.057	 -0.301	  0.952

5 	  38.09	   8.28	   9.23
	  0.169	  0.171	  0.970
	 -0.227	 -0.951	  0.207
	  0.959	 -0.255	 -0.122

6 	  43.28	  10.53	  19.12
	  0.328	 -0.072	  0.942
	 -0.831	  0.453	  0.323
	 -0.450	 -0.889	  0.089

7 	  42.38	  -9.63	  -1.99
	  0.662	 -0.653	  0.369
	  0.745	  0.625	 -0.232
	 -0.080	  0.428	  0.900

8 	  38.41	 -11.48	   9.09
	  0.174	 -0.095	  0.980
	  0.564	 -0.806	 -0.179
	  0.807	  0.584	 -0.087

9 	  43.47	 -12.52	  19.28
	  0.299	  0.098	  0.949
	  0.870	  0.379	 -0.314
	 -0.391	  0.920	  0.027

2 	  32.55	  -8.35	  22.92
	  0.185	  0.964	 -0.192
	 -0.980	  0.194	  0.032
	  0.069	  0.182	  0.981

3 	  46.16	  -0.65	   3.46
	  0.277	  0.174	  0.945
	  0.168	  0.959	 -0.226
	 -0.946	  0.222	  0.236

4 	  40.62	   5.89	  -2.76
	  0.504	  0.831	  0.233
	 -0.861	  0.465	  0.204
	  0.061	 -0.304	  0.951

5 	  38.18	   8.35	   9.25
	  0.161	  0.174	  0.971
	 -0.227	 -0.951	  0.208
	  0.960	 -0.254	 -0.114

6 	  43.38	  10.53	  19.14
	  0.294	 -0.066	  0.953
	 -0.772	  0.571	  0.277
	 -0.563	 -0.818	  0.117

7 	  42.40	  -9.60	  -2.02
	  0.661	 -0.654	  0.368
	  0.746	  0.626	 -0.226
	 -0.083	  0.424	  0.902

8 	  38.43	 -11.48	   9.02
	  0.164	 -0.096	  0.982
	  0.565	 -0.806	 -0.173
	  0.808	  0.583	 -0.078

9 	  43.51	 -12.55	  19.23
	  0.288	  0.092	  0.953
	  0.841	  0.451	 -0.298
	 -0.458	  0.887	  0.053

2 	  32.57	  -8.35	  22.92
	  0.185	  0.964	 -0.192
	 -0.980	  0.194	  0.033
	  0.069	  0.182	  0.981

3 	  46.16	  -0.67	   3.46
	  0.277	  0.172	  0.945
	  0.170	  0.959	 -0.224
	 -0.946	  0.223	  0.236

4 	  40.62	   5.92	  -2.74
	  0.506	  0.832	  0.225
	 -0.859	  0.464	  0.214
	  0.073	 -0.302	  0.950

5 	  38.43	   8.46	   9.14
	  0.165	  0.182	  0.969
	 -0.238	 -0.946	  0.219
	  0.957	 -0.266	 -0.113

6 	  43.93	  10.55	  18.88
	  0.265	 -0.053	  0.963
	 -0.643	  0.735	  0.217
	 -0.719	 -0.676	  0.161

7 	  42.38	  -9.62	  -2.04
	  0.660	 -0.654	  0.371
	  0.747	  0.621	 -0.234
	 -0.078	  0.432	  0.898

8 	  38.69	 -11.69	   9.02
	  0.171	 -0.106	  0.979
	  0.594	 -0.782	 -0.188
	  0.786	  0.614	 -0.072

9 	  43.91	 -12.66	  19.21
	  0.282	  0.083	  0.955
	  0.771	  0.573	 -0.278
	 -0.571	  0.815	  0.097

2 	  32.55	  -8.35	  22.92
	  0.185	  0.964	 -0.193
	 -0.980	  0.194	  0.032
	  0.069	  0.182	  0.981

3 	  46.12	  -0.74	   3.39
	  0.305	  0.169	  0.937
	  0.172	  0.958	 -0.229
	 -0.937	  0.231	  0.263

4 	  40.50	   5.84	  -2.76
	  0.519	  0.828	  0.211
	 -0.850	  0.474	  0.229
	  0.090	 -0.298	  0.950

5 	  38.94	   8.70	   9.14
	  0.200	  0.201	  0.959
	 -0.278	 -0.927	  0.252
	  0.939	 -0.317	 -0.129

6 	  44.70	  10.28	  18.79
	  0.257	 -0.049	  0.965
	 -0.461	  0.871	  0.167
	 -0.849	 -0.488	  0.201

7 	  42.24	  -9.65	  -2.00
	  0.673	 -0.648	  0.356
	  0.737	  0.625	 -0.257
	 -0.056	  0.436	  0.898

8 	  39.09	 -12.01	   9.07
	  0.210	 -0.122	  0.970
	  0.612	 -0.758	 -0.228
	  0.762	  0.641	 -0.084

9 	  44.81	 -12.85	  18.90
	  0.318	  0.070	  0.945
	  0.703	  0.651	 -0.285
	 -0.636	  0.755	  0.158

2 	  32.57	  -8.35	  22.92
	  0.185	  0.964	 -0.192
	 -0.980	  0.194	  0.033
	  0.069	  0.182	  0.981

3 	  46.04	  -0.76	   3.34
	  0.317	  0.168	  0.933
	  0.179	  0.956	 -0.233
	 -0.931	  0.240	  0.273

4 	  40.45	   5.84	  -2.74
	  0.536	  0.817	  0.212
	 -0.839	  0.486	  0.246
	  0.097	 -0.310	  0.946

5 	  39.34	   8.81	   9.23
	  0.238	  0.210	  0.948
	 -0.295	 -0.915	  0.276
	  0.925	 -0.345	 -0.156

6 	  45.56	  10.16	  18.56
	  0.285	 -0.046	  0.957
	 -0.368	  0.917	  0.154
	 -0.885	 -0.396	  0.245

7 	  42.12	  -9.65	  -2.09
	  0.685	 -0.645	  0.338
	  0.727	  0.631	 -0.270
	 -0.040	  0.431	  0.901

8 	  39.50	 -12.16	   9.07
	  0.263	 -0.140	  0.954
	  0.613	 -0.740	 -0.278
	  0.745	  0.658	 -0.109

9 	  45.62	 -13.06	  18.63
	  0.360	  0.056	  0.931
	  0.683	  0.664	 -0.304
	 -0.636	  0.745	  0.201

2 	  32.57	  -8.35	  22.92
	  0.185	  0.964	 -0.193
	 -0.980	  0.194	  0.032
	  0.069	  0.182	  0.981

3 	  45.98	  -0.76	   3.34
	  0.319	  0.163	  0.933
	  0.194	  0.953	 -0.233
	 -0.927	  0.255	  0.272

4 	  40.43	   5.91	  -2.67
	  0.552	  0.805	  0.215
	 -0.828	  0.500	  0.253
	  0.096	 -0.318	  0.943

5 	  39.80	   8.88	   9.32
	  0.278	  0.213	  0.936
	 -0.301	 -0.907	  0.295
	  0.912	 -0.364	 -0.188

6 	  46.11	  10.35	  18.56
	  0.306	 -0.036	  0.951
	 -0.343	  0.928	  0.145
	 -0.888	 -0.371	  0.271

7 	  42.06	  -9.58	  -2.11
	  0.693	 -0.640	  0.332
	  0.720	  0.636	 -0.277
	 -0.034	  0.431	  0.902

8 	  39.87	 -12.18	   9.09
	  0.316	 -0.157	  0.936
	  0.594	 -0.736	 -0.324
	  0.739	  0.658	 -0.140

9 	  46.34	 -13.24	  18.32
	  0.400	  0.041	  0.915
	  0.663	  0.677	 -0.320
	 -0.633	  0.735	  0.243

2 	  32.55	  -8.35	  22.92
	  0.185	  0.964	 -0.192
	 -0.980	  0.194	  0.032
	  0.069	  0.182	  0.981

3 	  45.95	  -0.76	   3.34
	  0.318	  0.159	  0.935
	  0.203	  0.951	 -0.231
	 -0.926	  0.263	  0.270

4 	  40.39	   5.96	  -2.62
	  0.559	  0.800	  0.214
	 -0.823	  0.507	  0.254
	  0.094	 -0.319	  0.943

5 	  40.25	   8.98	   9.37
	  0.329	  0.225	  0.917
	 -0.274	 -0.907	  0.320
	  0.903	 -0.356	 -0.237

6 	  47.06	  10.55	  18.12
	  0.362	 -0.023	  0.932
	 -0.335	  0.929	  0.153
	 -0.870	 -0.368	  0.328

7 	  42.05	  -9.49	  -2.13
	  0.704	 -0.632	  0.322
	  0.709	  0.646	 -0.282
	 -0.030	  0.427	  0.904

8 	  40.34	 -12.32	   9.05
	  0.370	 -0.177	  0.912
	  0.581	 -0.721	 -0.376
	  0.724	  0.669	 -0.164

9 	  47.16	 -13.38	  17.95
	  0.436	  0.028	  0.899
	  0.630	  0.704	 -0.328
	 -0.642	  0.710	  0.290

2 	  32.55	  -8.35	  22.92
	  0.185	  0.964	 -0.192
	 -0.980	  0.194	  0.032
	  0.068	  0.182	  0.981

3 	  45.93	  -0.74	   3.34
	  0.317	  0.156	  0.935
	  0.207	  0.951	 -0.229
	 -0.926	  0.266	  0.269

4 	  40.39	   6.01	  -2.58
	  0.570	  0.794	  0.210
	 -0.816	  0.518	  0.255
	  0.094	 -0.317	  0.943

5 	  40.85	   9.16	   9.37
	  0.393	  0.240	  0.887
	 -0.231	 -0.908	  0.348
	  0.890	 -0.342	 -0.302

6 	  48.13	  10.92	  17.58
	  0.425	 -0.006	  0.905
	 -0.331	  0.930	  0.161
	 -0.843	 -0.368	  0.393

7 	  42.08	  -9.40	  -2.16
	  0.718	 -0.623	  0.311
	  0.695	  0.658	 -0.287
	 -0.026	  0.423	  0.906

8 	  40.99	 -12.50	   8.95
	  0.434	 -0.201	  0.878
	  0.566	 -0.697	 -0.440
	  0.700	  0.688	 -0.189

9 	  48.38	 -13.62	  17.33
	  0.490	  0.006	  0.872
	  0.576	  0.748	 -0.329
	 -0.654	  0.664	  0.362

2 	  32.57	  -8.35	  22.92
	  0.185	  0.964	 -0.192
	 -0.980	  0.194	  0.033
	  0.069	  0.182	  0.981

3 	  45.88	  -0.72	   3.36
	  0.315	  0.155	  0.936
	  0.213	  0.950	 -0.229
	 -0.925	  0.272	  0.266

4 	  40.38	   5.99	  -2.67
	  0.592	  0.783	  0.189
	 -0.799	  0.540	  0.264
	  0.104	 -0.308	  0.945

5 	  41.70	   9.18	   9.19
	  0.469	  0.250	  0.847
	 -0.206	 -0.902	  0.380
	  0.859	 -0.353	 -0.371

6 	  49.48	  10.97	  16.61
	  0.499	  0.004	  0.867
	 -0.302	  0.938	  0.170
	 -0.812	 -0.347	  0.469

7 	  42.12	  -9.40	  -2.27
	  0.738	 -0.609	  0.290
	  0.674	  0.676	 -0.295
	 -0.017	  0.414	  0.910

8 	  41.71	 -12.76	   8.81
	  0.503	 -0.226	  0.834
	  0.529	 -0.682	 -0.504
	  0.683	  0.695	 -0.224

9 	  49.62	 -14.03	  16.42
	  0.555	 -0.020	  0.831
	  0.539	  0.770	 -0.342
	 -0.633	  0.638	  0.438

2 	  32.55	  -8.35	  22.92
	  0.185	  0.964	 -0.192
	 -0.980	  0.194	  0.033
	  0.069	  0.182	  0.981

3 	  45.86	  -0.72	   3.36
	  0.314	  0.158	  0.936
	  0.223	  0.946	 -0.235
	 -0.923	  0.283	  0.262

4 	  40.39	   5.94	  -2.71
	  0.617	  0.769	  0.164
	 -0.778	  0.565	  0.273
	  0.117	 -0.297	  0.948

5 	  42.38	   9.33	   8.98
	  0.533	  0.258	  0.805
	 -0.190	 -0.891	  0.412
	  0.824	 -0.373	 -0.426

6 	  50.62	  11.14	  15.77
	  0.558	  0.013	  0.829
	 -0.260	  0.952	  0.160
	 -0.788	 -0.305	  0.535

7 	  42.13	  -9.37	  -2.29
	  0.757	 -0.594	  0.270
	  0.652	  0.693	 -0.305
	 -0.007	  0.407	  0.913

8 	  42.45	 -12.94	   8.56
	  0.573	 -0.251	  0.780
	  0.478	 -0.670	 -0.568
	  0.665	  0.698	 -0.264

9 	  50.77	 -14.29	  15.56
	  0.616	 -0.042	  0.786
	  0.491	  0.801	 -0.342
	 -0.615	  0.597	  0.514

2 	  32.57	  -8.35	  22.90
	  0.185	  0.964	 -0.192
	 -0.980	  0.194	  0.033
	  0.069	  0.182	  0.981

3 	  45.88	  -0.74	   3.38
	  0.314	  0.161	  0.936
	  0.230	  0.943	 -0.240
	 -0.921	  0.291	  0.259

4 	  40.39	   5.84	  -2.78
	  0.637	  0.758	  0.143
	 -0.760	  0.586	  0.280
	  0.128	 -0.287	  0.949

5 	  43.10	   9.25	   8.75
	  0.600	  0.259	  0.757
	 -0.170	 -0.884	  0.436
	  0.782	 -0.390	 -0.486

6 	  51.63	  11.02	  14.85
	  0.610	  0.017	  0.792
	 -0.214	  0.966	  0.144
	 -0.763	 -0.258	  0.593

7 	  42.12	  -9.35	  -2.39
	  0.776	 -0.580	  0.246
	  0.630	  0.709	 -0.317
	  0.009	  0.401	  0.916

8 	  43.05	 -13.17	   8.23
	  0.636	 -0.276	  0.721
	  0.419	 -0.661	 -0.623
	  0.648	  0.698	 -0.305

9 	  51.84	 -14.59	  14.47
	  0.674	 -0.072	  0.735
	  0.451	  0.828	 -0.333
	 -0.585	  0.556	  0.590

2 	  32.55	  -8.35	  22.92
	  0.185	  0.964	 -0.192
	 -0.980	  0.194	  0.032
	  0.069	  0.182	  0.981

3 	  45.86	  -0.76	   3.36
	  0.318	  0.163	  0.934
	  0.232	  0.941	 -0.244
	 -0.919	  0.295	  0.261

4 	  40.34	   5.80	  -2.85
	  0.656	  0.745	  0.118
	 -0.740	  0.605	  0.292
	  0.146	 -0.279	  0.949

5 	  43.75	   9.32	   8.49
	  0.663	  0.258	  0.702
	 -0.137	 -0.881	  0.453
	  0.735	 -0.397	 -0.549

6 	  52.68	  11.07	  13.75
	  0.670	  0.018	  0.742
	 -0.192	  0.970	  0.149
	 -0.717	 -0.243	  0.653

7 	  42.10	  -9.30	  -2.51
	  0.795	 -0.568	  0.213
	  0.605	  0.724	 -0.331
	  0.033	  0.392	  0.919

8 	  43.70	 -13.24	   7.84
	  0.691	 -0.294	  0.660
	  0.357	 -0.656	 -0.665
	  0.628	  0.696	 -0.348

9 	  52.80	 -14.87	  13.38
	  0.725	 -0.097	  0.681
	  0.429	  0.837	 -0.338
	 -0.538	  0.538	  0.649

2 	  32.55	  -8.35	  22.92
	  0.185	  0.964	 -0.193
	 -0.980	  0.195	  0.033
	  0.069	  0.182	  0.981

3 	  45.83	  -0.81	   3.29
	  0.332	  0.167	  0.928
	  0.234	  0.939	 -0.253
	 -0.914	  0.301	  0.273

4 	  40.27	   5.75	  -2.92
	  0.678	  0.730	  0.083
	 -0.715	  0.628	  0.307
	  0.172	 -0.268	  0.948

5 	  44.42	   9.35	   7.98
	  0.722	  0.260	  0.641
	 -0.114	 -0.869	  0.481
	  0.682	 -0.420	 -0.598

6 	  53.58	  10.86	  12.34
	  0.729	  0.016	  0.684
	 -0.163	  0.975	  0.152
	 -0.664	 -0.223	  0.713

7 	  41.99	  -9.21	  -2.71
	  0.812	 -0.557	  0.171
	  0.579	  0.740	 -0.342
	  0.063	  0.377	  0.924

8 	  44.21	 -13.31	   7.40
	  0.739	 -0.303	  0.601
	  0.307	 -0.643	 -0.702
	  0.599	  0.703	 -0.382

9 	  53.61	 -15.03	  12.11
	  0.772	 -0.114	  0.625
	  0.401	  0.851	 -0.340
	 -0.493	  0.513	  0.703

2 	  32.55	  -8.37	  22.92
	  0.185	  0.964	 -0.193
	 -0.980	  0.195	  0.033
	  0.069	  0.182	  0.981

3 	  45.79	  -0.81	   3.25
	  0.340	  0.168	  0.925
	  0.237	  0.937	 -0.258
	 -0.910	  0.307	  0.279

4 	  40.22	   5.70	  -3.02
	  0.700	  0.713	  0.046
	 -0.688	  0.654	  0.314
	  0.194	 -0.251	  0.948

5 	  45.02	   9.39	   7.47
	  0.771	  0.260	  0.582
	 -0.094	 -0.857	  0.507
	  0.630	 -0.445	 -0.636

6 	  54.51	  10.97	  11.13
	  0.778	  0.018	  0.628
	 -0.136	  0.981	  0.140
	 -0.613	 -0.195	  0.765

7 	  41.94	  -9.12	  -2.90
	  0.827	 -0.547	  0.131
	  0.555	  0.756	 -0.346
	  0.089	  0.359	  0.929

8 	  44.77	 -13.41	   6.93
	  0.787	 -0.314	  0.531
	  0.245	 -0.631	 -0.736
	  0.566	  0.710	 -0.419

9 	  54.56	 -15.15	  10.71
	  0.823	 -0.127	  0.553
	  0.367	  0.863	 -0.347
	 -0.434	  0.489	  0.757

2 	  32.55	  -8.35	  22.92
	  0.185	  0.964	 -0.193
	 -0.980	  0.195	  0.032
	  0.069	  0.182	  0.981

3 	  45.74	  -0.83	   3.25
	  0.342	  0.170	  0.924
	  0.240	  0.935	 -0.261
	 -0.908	  0.311	  0.279

4 	  40.11	   5.59	  -3.06
	  0.715	  0.699	  0.016
	 -0.667	  0.675	  0.317
	  0.211	 -0.237	  0.948

5 	  45.47	   9.39	   7.03
	  0.812	  0.257	  0.524
	 -0.070	 -0.848	  0.525
	  0.579	 -0.463	 -0.671

6 	  55.00	  10.85	  10.00
	  0.816	  0.017	  0.578
	 -0.117	  0.984	  0.137
	 -0.566	 -0.179	  0.804

7 	  41.82	  -9.02	  -3.02
	  0.842	 -0.531	  0.093
	  0.526	  0.774	 -0.351
	  0.114	  0.344	  0.932

8 	  45.35	 -13.45	   6.31
	  0.829	 -0.318	  0.459
	  0.190	 -0.612	 -0.767
	  0.525	  0.724	 -0.447

9 	  55.27	 -15.05	   9.28
	  0.865	 -0.135	  0.484
	  0.326	  0.883	 -0.337
	 -0.382	  0.449	  0.807

2 	  32.57	  -8.35	  22.92
	  0.185	  0.964	 -0.193
	 -0.980	  0.195	  0.032
	  0.069	  0.182	  0.981

3 	  45.67	  -0.88	   3.23
	  0.345	  0.172	  0.922
	  0.242	  0.933	 -0.265
	 -0.907	  0.315	  0.280

4 	  40.01	   5.54	  -3.11
	  0.727	  0.686	 -0.017
	 -0.645	  0.692	  0.322
	  0.233	 -0.224	  0.946

5 	  45.90	   9.35	   6.59
	  0.845	  0.255	  0.469
	 -0.045	 -0.842	  0.538
	  0.532	 -0.476	 -0.700

6 	  55.65	  10.85	   8.79
	  0.853	  0.016	  0.522
	 -0.098	  0.986	  0.130
	 -0.513	 -0.163	  0.843

7 	  41.77	  -8.96	  -3.20
	  0.855	 -0.515	  0.050
	  0.498	  0.792	 -0.353
	  0.142	  0.327	  0.934

8 	  45.79	 -13.54	   5.73
	  0.861	 -0.315	  0.398
	  0.152	 -0.588	 -0.794
	  0.484	  0.745	 -0.459

9 	  55.95	 -15.05	   7.82
	  0.899	 -0.137	  0.416
	  0.286	  0.902	 -0.322
	 -0.332	  0.408	  0.850

2 	  32.57	  -8.35	  22.92
	  0.185	  0.964	 -0.193
	 -0.980	  0.195	  0.032
	  0.069	  0.182	  0.981

3 	  45.62	  -0.90	   3.18
	  0.349	  0.176	  0.920
	  0.242	  0.932	 -0.271
	 -0.905	  0.317	  0.283

4 	  39.90	   5.45	  -3.16
	  0.738	  0.672	 -0.053
	 -0.623	  0.710	  0.328
	  0.259	 -0.210	  0.943

5 	  46.18	   9.37	   6.10
	  0.872	  0.255	  0.416
	 -0.022	 -0.831	  0.555
	  0.488	 -0.493	 -0.720

6 	  56.04	  10.71	   7.63
	  0.881	  0.014	  0.472
	 -0.079	  0.990	  0.119
	 -0.466	 -0.142	  0.873

7 	  41.62	  -8.89	  -3.38
	  0.864	 -0.504	  0.008
	  0.473	  0.806	 -0.356
	  0.172	  0.312	  0.934

8 	  46.18	 -13.45	   5.19
	  0.888	 -0.306	  0.342
	  0.114	 -0.576	 -0.810
	  0.444	  0.758	 -0.477

9 	  56.39	 -14.85	   6.52
	  0.926	 -0.132	  0.354
	  0.251	  0.916	 -0.314
	 -0.283	  0.379	  0.881

2 	  32.57	  -8.35	  22.92
	  0.185	  0.964	 -0.192
	 -0.980	  0.195	  0.033
	  0.069	  0.182	  0.981

3 	  45.58	  -0.93	   3.11
	  0.357	  0.182	  0.916
	  0.241	  0.930	 -0.279
	 -0.903	  0.320	  0.288

4 	  39.73	   5.34	  -3.27
	  0.744	  0.661	 -0.092
	 -0.604	  0.725	  0.328
	  0.284	 -0.189	  0.940

5 	  46.53	   9.30	   5.52
	  0.900	  0.247	  0.359
	 -0.004	 -0.820	  0.572
	  0.436	 -0.516	 -0.737

6 	  56.46	  10.58	   6.33
	  0.910	  0.006	  0.414
	 -0.053	  0.993	  0.100
	 -0.411	 -0.114	  0.904

7 	  41.48	  -8.84	  -3.50
	  0.871	 -0.490	 -0.028
	  0.448	  0.818	 -0.362
	  0.200	  0.302	  0.932

8 	  46.48	 -13.41	   4.73
	  0.911	 -0.296	  0.287
	  0.074	 -0.567	 -0.820
	  0.406	  0.768	 -0.495

9 	  56.76	 -14.68	   5.50
	  0.946	 -0.124	  0.299
	  0.219	  0.925	 -0.309
	 -0.239	  0.357	  0.903

2 	  32.57	  -8.35	  22.92
	  0.185	  0.964	 -0.193
	 -0.980	  0.195	  0.033
	  0.069	  0.182	  0.981

3 	  45.51	  -0.91	   3.06
	  0.365	  0.189	  0.911
	  0.237	  0.928	 -0.287
	 -0.900	  0.321	  0.294

4 	  39.57	   5.22	  -3.36
	  0.751	  0.648	 -0.125
	 -0.584	  0.740	  0.332
	  0.308	 -0.176	  0.935

5 	  46.76	   9.23	   4.97
	  0.923	  0.239	  0.300
	  0.021	 -0.812	  0.583
	  0.383	 -0.532	 -0.755

6 	  56.67	  10.27	   5.19
	  0.932	 -0.005	  0.361
	 -0.029	  0.995	  0.089
	 -0.360	 -0.094	  0.928

7 	  41.29	  -8.77	  -3.62
	  0.874	 -0.481	 -0.067
	  0.426	  0.827	 -0.367
	  0.232	  0.292	  0.927

8 	  46.62	 -13.38	   4.27
	  0.926	 -0.290	  0.240
	  0.039	 -0.560	 -0.827
	  0.375	  0.776	 -0.508

9 	  57.01	 -14.48	   4.38
	  0.963	 -0.114	  0.243
	  0.188	  0.932	 -0.308
	 -0.191	  0.342	  0.920

2 	  32.57	  -8.35	  22.90
	  0.185	  0.964	 -0.193
	 -0.980	  0.194	  0.033
	  0.069	  0.182	  0.981

3 	  45.44	  -0.98	   2.94
	  0.374	  0.193	  0.907
	  0.236	  0.926	 -0.294
	 -0.897	  0.324	  0.300

4 	  39.43	   5.15	  -3.43
	  0.755	  0.636	 -0.158
	 -0.566	  0.755	  0.332
	  0.330	 -0.161	  0.930

5 	  47.00	   9.16	   4.48
	  0.940	  0.232	  0.250
	  0.041	 -0.805	  0.592
	  0.339	 -0.546	 -0.766

6 	  56.90	  10.12	   4.10
	  0.950	 -0.013	  0.310
	 -0.012	  0.997	  0.077
	 -0.311	 -0.077	  0.947

7 	  41.15	  -8.72	  -3.74
	  0.873	 -0.477	 -0.098
	  0.413	  0.832	 -0.370
	  0.258	  0.282	  0.924

8 	  46.74	 -13.38	   3.87
	  0.936	 -0.287	  0.202
	  0.010	 -0.554	 -0.832
	  0.351	  0.781	 -0.516

9 	  57.16	 -14.43	   3.43
	  0.974	 -0.110	  0.197
	  0.167	  0.937	 -0.305
	 -0.151	  0.330	  0.932

2 	  32.55	  -8.35	  22.92
	  0.185	  0.964	 -0.193
	 -0.980	  0.194	  0.032
	  0.069	  0.182	  0.981

3 	  45.44	  -0.97	   2.88
	  0.378	  0.196	  0.904
	  0.234	  0.925	 -0.299
	 -0.895	  0.325	  0.304

4 	  39.34	   5.12	  -3.50
	  0.757	  0.627	 -0.184
	 -0.553	  0.764	  0.332
	  0.349	 -0.150	  0.925

5 	  47.14	   9.16	   4.06
	  0.951	  0.229	  0.208
	  0.062	 -0.799	  0.598
	  0.303	 -0.556	 -0.774

6 	  57.04	  10.00	   3.13
	  0.964	 -0.018	  0.265
	 -0.000	  0.998	  0.067
	 -0.266	 -0.065	  0.962

7 	  41.06	  -8.65	  -3.83
	  0.872	 -0.474	 -0.120
	  0.403	  0.837	 -0.370
	  0.275	  0.275	  0.921

8 	  46.79	 -13.38	   3.53
	  0.941	 -0.289	  0.176
	 -0.011	 -0.547	 -0.837
	  0.338	  0.785	 -0.518

9 	  57.18	 -14.36	   2.83
	  0.979	 -0.110	  0.169
	  0.157	  0.940	 -0.301
	 -0.126	  0.321	  0.938

2 	  32.57	  -8.35	  22.92
	  0.185	  0.964	 -0.193
	 -0.980	  0.194	  0.033
	  0.069	  0.182	  0.981

3 	  45.40	  -0.97	   2.81
	  0.383	  0.198	  0.902
	  0.232	  0.924	 -0.302
	 -0.894	  0.325	  0.308

4 	  39.27	   5.06	  -3.55
	  0.759	  0.618	 -0.206
	 -0.540	  0.773	  0.332
	  0.364	 -0.141	  0.920

5 	  47.30	   9.14	   3.67
	  0.959	  0.222	  0.172
	  0.075	 -0.793	  0.604
	  0.271	 -0.567	 -0.778

6 	  57.13	   9.88	   2.20
	  0.974	 -0.025	  0.225
	  0.013	  0.998	  0.054
	 -0.226	 -0.050	  0.973

7 	  40.92	  -8.60	  -3.96
	  0.870	 -0.471	 -0.144
	  0.393	  0.840	 -0.373
	  0.297	  0.268	  0.917

8 	  46.88	 -13.41	   3.18
	  0.945	 -0.293	  0.146
	 -0.036	 -0.539	 -0.841
	  0.325	  0.790	 -0.520

9 	  57.02	 -14.31	   2.04
	  0.984	 -0.113	  0.138
	  0.149	  0.945	 -0.290
	 -0.098	  0.306	  0.947

2 	  32.55	  -8.35	  22.92
	  0.185	  0.964	 -0.192
	 -0.980	  0.194	  0.033
	  0.069	  0.182	  0.981

3 	  45.37	  -0.98	   2.76
	  0.389	  0.200	  0.899
	  0.231	  0.923	 -0.306
	 -0.891	  0.327	  0.313

4 	  39.15	   5.03	  -3.57
	  0.758	  0.610	 -0.229
	 -0.529	  0.781	  0.332
	  0.382	 -0.131	  0.915

5 	  47.37	   9.18	   3.38
	  0.964	  0.222	  0.144
	  0.089	 -0.785	  0.613
	  0.249	 -0.578	 -0.777

6 	  57.15	   9.83	   1.62
	  0.979	 -0.028	  0.199
	  0.020	  0.999	  0.041
	 -0.200	 -0.036	  0.979

7 	  40.80	  -8.51	  -4.08
	  0.868	 -0.461	 -0.183
	  0.372	  0.849	 -0.375
	  0.328	  0.257	  0.909

8 	  47.02	 -13.41	   2.65
	  0.951	 -0.294	  0.096
	 -0.076	 -0.522	 -0.849
	  0.299	  0.801	 -0.519

9 	  57.23	 -14.31	   0.98
	  0.990	 -0.114	  0.085
	  0.133	  0.954	 -0.270
	 -0.050	  0.278	  0.959

2 	  32.57	  -8.35	  22.92
	  0.185	  0.964	 -0.192
	 -0.980	  0.194	  0.033
	  0.069	  0.182	  0.981

3 	  45.33	  -1.00	   2.69
	  0.395	  0.203	  0.896
	  0.228	  0.923	 -0.310
	 -0.890	  0.326	  0.319

4 	  39.08	   4.96	  -3.64
	  0.757	  0.600	 -0.258
	 -0.514	  0.791	  0.332
	  0.403	 -0.120	  0.907

5 	  47.48	   9.25	   2.88
	  0.969	  0.227	  0.096
	  0.118	 -0.771	  0.625
	  0.216	 -0.595	 -0.774

6 	  57.23	   9.83	   0.53
	  0.988	 -0.027	  0.149
	  0.024	  0.999	  0.020
	 -0.150	 -0.016	  0.988

7 	  40.71	  -8.42	  -4.17
	  0.863	 -0.450	 -0.228
	  0.350	  0.860	 -0.371
	  0.363	  0.241	  0.900

8 	  47.20	 -13.50	   1.86
	  0.954	 -0.296	  0.035
	 -0.124	 -0.500	 -0.857
	  0.271	  0.813	 -0.514

9 	  57.39	 -14.31	  -0.56
	  0.993	 -0.114	  0.011
	  0.113	  0.962	 -0.248
	  0.017	  0.247	  0.969

2 	  32.55	  -8.35	  22.92
	  0.185	  0.964	 -0.192
	 -0.980	  0.195	  0.033
	  0.069	  0.182	  0.981

3 	  45.32	  -0.98	   2.64
	  0.401	  0.207	  0.892
	  0.220	  0.924	 -0.314
	 -0.889	  0.322	  0.324

4 	  39.01	   4.96	  -3.66
	  0.754	  0.591	 -0.286
	 -0.499	  0.799	  0.334
	  0.426	 -0.110	  0.898

5 	  47.60	   9.37	   2.21
	  0.971	  0.234	  0.036
	  0.159	 -0.758	  0.633
	  0.176	 -0.609	 -0.773

6 	  57.20	   9.95	  -0.72
	  0.995	 -0.022	  0.089
	  0.022	  1.000	  0.003
	 -0.089	 -0.001	  0.996

7 	  40.57	  -8.33	  -4.32
	  0.856	 -0.438	 -0.273
	  0.328	  0.870	 -0.368
	  0.399	  0.226	  0.888

8 	  47.30	 -13.46	   1.25
	  0.956	 -0.291	 -0.017
	 -0.163	 -0.484	 -0.860
	  0.242	  0.825	 -0.510

9 	  57.36	 -14.17	  -1.85
	  0.993	 -0.107	 -0.052
	  0.093	  0.969	 -0.229
	  0.074	  0.222	  0.972

2 	  32.57	  -8.35	  22.92
	  0.185	  0.964	 -0.192
	 -0.980	  0.195	  0.033
	  0.069	  0.182	  0.981

3 	  45.25	  -0.97	   2.57
	  0.405	  0.212	  0.889
	  0.209	  0.925	 -0.317
	 -0.890	  0.314	  0.331

4 	  38.92	   4.90	  -3.71
	  0.751	  0.579	 -0.316
	 -0.482	  0.809	  0.336
	  0.450	 -0.101	  0.887

5 	  47.65	   9.46	   1.60
	  0.971	  0.239	 -0.015
	  0.193	 -0.746	  0.637
	  0.141	 -0.621	 -0.771

6 	  57.09	   9.95	  -2.00
	  0.999	 -0.024	  0.030
	  0.024	  1.000	 -0.010
	 -0.030	  0.010	  0.999

7 	  40.43	  -8.19	  -4.46
	  0.849	 -0.427	 -0.311
	  0.309	  0.879	 -0.363
	  0.429	  0.212	  0.878

8 	  47.43	 -13.36	   0.70
	  0.957	 -0.282	 -0.060
	 -0.194	 -0.474	 -0.859
	  0.214	  0.834	 -0.508

9 	  57.34	 -13.94	  -3.04
	  0.989	 -0.097	 -0.109
	  0.072	  0.974	 -0.213
	  0.127	  0.202	  0.971

2 	  32.55	  -8.37	  22.92
	  0.185	  0.964	 -0.192
	 -0.980	  0.195	  0.033
	  0.069	  0.182	  0.981

3 	  45.21	  -0.91	   2.53
	  0.411	  0.216	  0.885
	  0.199	  0.927	 -0.319
	 -0.890	  0.307	  0.337

4 	  38.79	   4.87	  -3.76
	  0.747	  0.567	 -0.346
	 -0.465	  0.818	  0.337
	  0.474	 -0.091	  0.875

5 	  47.71	   9.40	   1.23
	  0.971	  0.235	 -0.050
	  0.212	 -0.740	  0.639
	  0.113	 -0.631	 -0.768

6 	  57.02	   9.93	  -2.79
	  1.000	 -0.026	 -0.008
	  0.026	  0.999	 -0.021
	  0.008	  0.021	  1.000

7 	  40.29	  -8.12	  -4.55
	  0.841	 -0.420	 -0.341
	  0.296	  0.885	 -0.359
	  0.452	  0.200	  0.869

8 	  47.46	 -13.29	   0.30
	  0.957	 -0.275	 -0.091
	 -0.216	 -0.468	 -0.857
	  0.193	  0.840	 -0.507

9 	  57.25	 -13.68	  -3.83
	  0.985	 -0.083	 -0.149
	  0.053	  0.978	 -0.199
	  0.162	  0.188	  0.968

2 	  32.55	  -8.35	  22.92
	  0.185	  0.964	 -0.192
	 -0.980	  0.195	  0.033
	  0.069	  0.182	  0.981

3 	  45.14	  -0.93	   2.48
	  0.416	  0.219	  0.882
	  0.192	  0.927	 -0.321
	 -0.889	  0.303	  0.344

4 	  38.69	   4.80	  -3.81
	  0.742	  0.560	 -0.367
	 -0.455	  0.824	  0.337
	  0.491	 -0.083	  0.867

5 	  47.67	   9.39	   0.81
	  0.969	  0.233	 -0.084
	  0.231	 -0.732	  0.641
	  0.088	 -0.640	 -0.763

6 	  56.85	   9.88	  -3.74
	  0.998	 -0.031	 -0.051
	  0.029	  0.999	 -0.033
	  0.052	  0.031	  0.998

7 	  40.18	  -8.02	  -4.64
	  0.834	 -0.412	 -0.366
	  0.285	  0.891	 -0.354
	  0.472	  0.190	  0.861

8 	  47.48	 -13.22	  -0.12
	  0.955	 -0.268	 -0.125
	 -0.241	 -0.460	 -0.855
	  0.172	  0.846	 -0.504

9 	  57.06	 -13.59	  -4.78
	  0.978	 -0.076	 -0.194
	  0.039	  0.982	 -0.186
	  0.204	  0.174	  0.963

2 	  32.57	  -8.35	  22.92
	  0.185	  0.964	 -0.192
	 -0.980	  0.195	  0.033
	  0.069	  0.182	  0.981

3 	  45.11	  -0.91	   2.43
	  0.420	  0.222	  0.880
	  0.186	  0.927	 -0.324
	 -0.888	  0.299	  0.348

4 	  38.57	   4.76	  -3.83
	  0.736	  0.556	 -0.385
	 -0.449	  0.827	  0.336
	  0.505	 -0.075	  0.859

5 	  47.65	   9.44	   0.46
	  0.965	  0.236	 -0.113
	  0.252	 -0.725	  0.641
	  0.069	 -0.647	 -0.759

6 	  56.72	   9.84	  -4.38
	  0.996	 -0.032	 -0.080
	  0.028	  0.998	 -0.044
	  0.081	  0.041	  0.996

7 	  40.10	  -8.00	  -4.68
	  0.830	 -0.404	 -0.384
	  0.275	  0.896	 -0.349
	  0.485	  0.183	  0.855

8 	  47.48	 -13.18	  -0.58
	  0.949	 -0.264	 -0.172
	 -0.280	 -0.454	 -0.846
	  0.145	  0.851	 -0.505

9 	  56.72	 -13.46	  -6.06
	  0.963	 -0.070	 -0.259
	  0.024	  0.984	 -0.177
	  0.267	  0.164	  0.949

2 	  32.57	  -8.35	  22.92
	  0.185	  0.964	 -0.192
	 -0.980	  0.195	  0.032
	  0.069	  0.182	  0.981

3 	  45.05	  -0.93	   2.36
	  0.425	  0.226	  0.876
	  0.176	  0.929	 -0.325
	 -0.888	  0.292	  0.355

4 	  38.43	   4.69	  -3.90
	  0.729	  0.549	 -0.408
	 -0.440	  0.833	  0.335
	  0.524	 -0.065	  0.849

5 	  47.57	   9.49	  -0.02
	  0.959	  0.240	 -0.151
	  0.279	 -0.714	  0.642
	  0.046	 -0.658	 -0.751

6 	  56.36	   9.95	  -5.26
	  0.992	 -0.028	 -0.122
	  0.021	  0.998	 -0.061
	  0.123	  0.057	  0.990

7 	  39.96	  -7.91	  -4.73
	  0.823	 -0.394	 -0.410
	  0.260	  0.902	 -0.344
	  0.505	  0.176	  0.845

8 	  47.50	 -13.17	  -1.11
	  0.940	 -0.263	 -0.218
	 -0.319	 -0.450	 -0.834
	  0.121	  0.854	 -0.507

9 	  56.60	 -13.15	  -6.91
	  0.948	 -0.056	 -0.313
	  0.003	  0.986	 -0.168
	  0.318	  0.158	  0.935

2 	  32.55	  -8.37	  22.92
	  0.185	  0.964	 -0.192
	 -0.980	  0.195	  0.033
	  0.069	  0.182	  0.981

3 	  45.04	  -0.88	   2.30
	  0.429	  0.232	  0.873
	  0.163	  0.930	 -0.328
	 -0.888	  0.282	  0.361

4 	  38.32	   4.64	  -3.94
	  0.720	  0.543	 -0.432
	 -0.428	  0.838	  0.339
	  0.546	 -0.059	  0.836

5 	  47.53	   9.51	  -0.47
	  0.952	  0.239	 -0.190
	  0.304	 -0.704	  0.641
	  0.019	 -0.669	 -0.743

6 	  56.14	   9.98	  -6.15
	  0.986	 -0.029	 -0.165
	  0.016	  0.997	 -0.078
	  0.167	  0.073	  0.983

7 	  39.80	  -7.82	  -4.83
	  0.811	 -0.384	 -0.441
	  0.246	  0.908	 -0.339
	  0.530	  0.166	  0.831

8 	  47.41	 -13.15	  -1.56
	  0.932	 -0.260	 -0.253
	 -0.348	 -0.443	 -0.826
	  0.103	  0.858	 -0.504

9 	  56.36	 -13.10	  -7.82
	  0.932	 -0.053	 -0.359
	 -0.006	  0.987	 -0.159
	  0.363	  0.150	  0.919

2 	  32.55	  -8.37	  22.92
	  0.185	  0.964	 -0.192
	 -0.980	  0.195	  0.032
	  0.069	  0.182	  0.981

3 	  44.96	  -0.90	   2.23
	  0.436	  0.235	  0.868
	  0.153	  0.932	 -0.329
	 -0.887	  0.276	  0.370

4 	  38.20	   4.57	  -4.01
	  0.713	  0.535	 -0.454
	 -0.415	  0.843	  0.341
	  0.565	 -0.055	  0.823

5 	  47.44	   9.53	  -0.97
	  0.943	  0.238	 -0.230
	  0.331	 -0.692	  0.641
	 -0.007	 -0.681	 -0.732

6 	  55.79	   9.72	  -7.26
	  0.975	 -0.042	 -0.216
	  0.019	  0.994	 -0.104
	  0.218	  0.097	  0.971

7 	  39.67	  -7.77	  -4.94
	  0.802	 -0.377	 -0.464
	  0.236	  0.912	 -0.333
	  0.548	  0.157	  0.821

8 	  47.34	 -13.17	  -2.07
	  0.923	 -0.259	 -0.284
	 -0.374	 -0.432	 -0.821
	  0.089	  0.864	 -0.496

9 	  56.13	 -13.01	  -8.54
	  0.918	 -0.047	 -0.394
	 -0.012	  0.989	 -0.147
	  0.396	  0.139	  0.907

2 	  32.57	  -8.35	  22.92
	  0.185	  0.964	 -0.192
	 -0.980	  0.195	  0.033
	  0.069	  0.182	  0.981

3 	  44.93	  -0.88	   2.16
	  0.441	  0.239	  0.865
	  0.143	  0.932	 -0.331
	 -0.886	  0.269	  0.377

4 	  38.11	   4.54	  -4.04
	  0.706	  0.526	 -0.475
	 -0.403	  0.849	  0.342
	  0.583	 -0.050	  0.811

5 	  47.39	   9.49	  -1.39
	  0.936	  0.235	 -0.260
	  0.350	 -0.682	  0.642
	 -0.027	 -0.692	 -0.721

6 	  55.63	   9.63	  -7.91
	  0.968	 -0.048	 -0.246
	  0.018	  0.992	 -0.121
	  0.250	  0.113	  0.961

7 	  39.57	  -7.70	  -4.96
	  0.789	 -0.367	 -0.493
	  0.224	  0.919	 -0.325
	  0.572	  0.146	  0.807

8 	  47.30	 -13.11	  -2.34
	  0.917	 -0.254	 -0.305
	 -0.390	 -0.428	 -0.815
	  0.077	  0.867	 -0.492

9 	  55.90	 -12.88	  -9.09
	  0.906	 -0.042	 -0.421
	 -0.019	  0.990	 -0.139
	  0.422	  0.134	  0.896

2 	  32.55	  -8.37	  22.92
	  0.186	  0.964	 -0.192
	 -0.980	  0.195	  0.033
	  0.069	  0.182	  0.981

3 	  44.89	  -0.90	   2.11
	  0.445	  0.240	  0.863
	  0.139	  0.933	 -0.332
	 -0.885	  0.267	  0.381

4 	  38.06	   4.48	  -4.08
	  0.700	  0.519	 -0.490
	 -0.395	  0.853	  0.340
	  0.595	 -0.045	  0.802

5 	  47.30	   9.49	  -1.60
	  0.931	  0.234	 -0.279
	  0.362	 -0.673	  0.644
	 -0.037	 -0.701	 -0.712

6 	  55.44	   9.46	  -8.40
	  0.961	 -0.056	 -0.268
	  0.020	  0.990	 -0.135
	  0.273	  0.124	  0.954

7 	  39.52	  -7.68	  -5.01
	  0.782	 -0.360	 -0.508
	  0.214	  0.922	 -0.323
	  0.584	  0.143	  0.799

8 	  47.25	 -13.03	  -2.51
	  0.913	 -0.252	 -0.321
	 -0.403	 -0.426	 -0.810
	  0.067	  0.869	 -0.490

9 	  55.76	 -12.83	  -9.46
	  0.898	 -0.041	 -0.437
	 -0.021	  0.990	 -0.135
	  0.438	  0.130	  0.889

2 	  32.55	  -8.35	  22.92
	  0.185	  0.964	 -0.192
	 -0.980	  0.195	  0.032
	  0.069	  0.182	  0.981

3 	  44.91	  -0.90	   2.09
	  0.445	  0.243	  0.861
	  0.136	  0.932	 -0.334
	 -0.885	  0.266	  0.382

4 	  38.00	   4.43	  -4.11
	  0.695	  0.510	 -0.506
	 -0.386	  0.859	  0.336
	  0.606	 -0.038	  0.794

5 	  47.29	   9.47	  -1.92
	  0.925	  0.232	 -0.300
	  0.376	 -0.667	  0.643
	 -0.051	 -0.708	 -0.704

6 	  55.28	   9.42	  -8.75
	  0.956	 -0.058	 -0.286
	  0.016	  0.989	 -0.144
	  0.291	  0.132	  0.947

7 	  39.45	  -7.65	  -5.01
	  0.778	 -0.355	 -0.517
	  0.210	  0.924	 -0.318
	  0.591	  0.139	  0.794

8 	  47.20	 -13.01	  -2.74
	  0.906	 -0.250	 -0.340
	 -0.418	 -0.417	 -0.807
	  0.060	  0.874	 -0.483

9 	  55.51	 -12.92	  -9.95
	  0.887	 -0.044	 -0.459
	 -0.018	  0.991	 -0.128
	  0.461	  0.122	  0.879

2 	  32.55	  -8.35	  22.92
	  0.185	  0.964	 -0.192
	 -0.980	  0.195	  0.032
	  0.069	  0.182	  0.981

3 	  44.88	  -0.91	   2.07
	  0.445	  0.244	  0.862
	  0.137	  0.932	 -0.335
	 -0.885	  0.266	  0.381

4 	  37.95	   4.36	  -4.13
	  0.689	  0.502	 -0.522
	 -0.376	  0.864	  0.334
	  0.618	 -0.034	  0.785

5 	  47.21	   9.42	  -2.29
	  0.917	  0.229	 -0.327
	  0.393	 -0.656	  0.644
	 -0.067	 -0.719	 -0.692

6 	  55.02	   9.32	  -9.40
	  0.947	 -0.063	 -0.314
	  0.012	  0.987	 -0.159
	  0.320	  0.146	  0.936

7 	  39.30	  -7.61	  -5.08
	  0.762	 -0.342	 -0.549
	  0.195	  0.931	 -0.307
	  0.616	  0.127	  0.777

8 	  47.06	 -13.01	  -3.20
	  0.894	 -0.248	 -0.372
	 -0.445	 -0.402	 -0.800
	  0.048	  0.881	 -0.470

9 	  55.20	 -12.76	 -10.78
	  0.867	 -0.037	 -0.497
	 -0.020	  0.994	 -0.109
	  0.498	  0.105	  0.861

2 	  32.57	  -8.37	  22.92
	  0.185	  0.964	 -0.192
	 -0.980	  0.195	  0.033
	  0.069	  0.182	  0.981

3 	  44.82	  -0.93	   2.00
	  0.448	  0.246	  0.859
	  0.132	  0.932	 -0.337
	 -0.884	  0.265	  0.385

4 	  37.86	   4.32	  -4.20
	  0.682	  0.492	 -0.541
	 -0.361	  0.870	  0.335
	  0.635	 -0.034	  0.771

5 	  47.13	   9.44	  -2.72
	  0.903	  0.230	 -0.361
	  0.420	 -0.643	  0.640
	 -0.085	 -0.730	 -0.678

6 	  54.63	   9.26	 -10.32
	  0.932	 -0.065	 -0.356
	  0.002	  0.984	 -0.174
	  0.362	  0.162	  0.918

7 	  39.22	  -7.52	  -5.15
	  0.745	 -0.327	 -0.580
	  0.182	  0.938	 -0.295
	  0.641	  0.114	  0.759

8 	  46.92	 -13.01	  -3.71
	  0.879	 -0.246	 -0.408
	 -0.475	 -0.383	 -0.792
	  0.038	  0.890	 -0.454

9 	  54.79	 -12.57	 -11.67
	  0.843	 -0.029	 -0.537
	 -0.022	  0.996	 -0.088
	  0.537	  0.086	  0.839

2 	  32.57	  -8.35	  22.92
	  0.185	  0.964	 -0.192
	 -0.980	  0.195	  0.032
	  0.069	  0.182	  0.981

3 	  44.79	  -0.95	   1.95
	  0.448	  0.248	  0.858
	  0.129	  0.932	 -0.338
	 -0.884	  0.262	  0.386

4 	  37.79	   4.25	  -4.22
	  0.676	  0.482	 -0.557
	 -0.349	  0.875	  0.335
	  0.649	 -0.032	  0.760

5 	  46.95	   9.46	  -3.25
	  0.887	  0.231	 -0.399
	  0.449	 -0.626	  0.637
	 -0.103	 -0.745	 -0.659

6 	  54.14	   9.16	 -11.18
	  0.914	 -0.072	 -0.398
	 -0.005	  0.982	 -0.189
	  0.405	  0.175	  0.897

7 	  39.09	  -7.40	  -5.15
	  0.735	 -0.312	 -0.601
	  0.169	  0.944	 -0.283
	  0.656	  0.106	  0.747

8 	  46.74	 -12.92	  -4.27
	  0.862	 -0.241	 -0.446
	 -0.506	 -0.363	 -0.782
	  0.027	  0.900	 -0.435

9 	  54.30	 -12.36	 -12.55
	  0.815	 -0.019	 -0.579
	 -0.025	  0.997	 -0.068
	  0.579	  0.069	  0.812

2 	  32.57	  -8.35	  22.92
	  0.185	  0.964	 -0.192
	 -0.980	  0.195	  0.033
	  0.069	  0.182	  0.981

3 	  44.75	  -0.91	   1.90
	  0.451	  0.252	  0.856
	  0.122	  0.933	 -0.339
	 -0.884	  0.257	  0.390

4 	  37.69	   4.22	  -4.25
	  0.666	  0.474	 -0.575
	 -0.333	  0.879	  0.339
	  0.667	 -0.034	  0.744

5 	  46.88	   9.46	  -3.57
	  0.875	  0.229	 -0.425
	  0.468	 -0.618	  0.631
	 -0.118	 -0.752	 -0.649

6 	  53.86	   9.05	 -11.83
	  0.900	 -0.079	 -0.429
	 -0.008	  0.980	 -0.198
	  0.436	  0.181	  0.881

7 	  38.97	  -7.35	  -5.22
	  0.721	 -0.303	 -0.623
	  0.159	  0.948	 -0.276
	  0.674	  0.099	  0.732

8 	  46.63	 -12.88	  -4.66
	  0.847	 -0.238	 -0.475
	 -0.531	 -0.349	 -0.772
	  0.017	  0.906	 -0.422

9 	  53.82	 -12.20	 -13.31
	  0.790	 -0.011	 -0.613
	 -0.028	  0.998	 -0.054
	  0.613	  0.059	  0.788

2 	  32.57	  -8.35	  22.90
	  0.185	  0.964	 -0.192
	 -0.980	  0.195	  0.033
	  0.069	  0.182	  0.981

3 	  44.72	  -0.93	   1.83
	  0.454	  0.254	  0.854
	  0.117	  0.933	 -0.340
	 -0.883	  0.254	  0.394

4 	  37.60	   4.13	  -4.32
	  0.652	  0.463	 -0.601
	 -0.316	  0.886	  0.340
	  0.689	 -0.032	  0.724

5 	  46.72	   9.39	  -3.99
	  0.860	  0.229	 -0.455
	  0.491	 -0.609	  0.623
	 -0.135	 -0.760	 -0.636

6 	  53.40	   8.96	 -12.64
	  0.881	 -0.082	 -0.465
	 -0.019	  0.978	 -0.207
	  0.472	  0.191	  0.860

7 	  38.85	  -7.28	  -5.26
	  0.708	 -0.294	 -0.642
	  0.151	  0.951	 -0.268
	  0.690	  0.092	  0.718

8 	  46.41	 -12.87	  -5.10
	  0.829	 -0.234	 -0.508
	 -0.559	 -0.333	 -0.759
	  0.008	  0.913	 -0.407

9 	  53.35	 -12.09	 -14.04
	  0.762	 -0.005	 -0.647
	 -0.029	  0.998	 -0.041
	  0.646	  0.050	  0.761

2 	  32.57	  -8.35	  22.90
	  0.185	  0.964	 -0.192
	 -0.980	  0.195	  0.033
	  0.069	  0.182	  0.981

3 	  44.67	  -0.95	   1.79
	  0.456	  0.257	  0.852
	  0.114	  0.932	 -0.343
	 -0.882	  0.254	  0.396

4 	  37.51	   4.08	  -4.38
	  0.643	  0.453	 -0.618
	 -0.302	  0.891	  0.339
	  0.704	 -0.032	  0.709

5 	  46.53	   9.33	  -4.54
	  0.840	  0.226	 -0.492
	  0.520	 -0.594	  0.614
	 -0.153	 -0.772	 -0.617

6 	  52.91	   8.77	 -13.45
	  0.859	 -0.089	 -0.504
	 -0.031	  0.974	 -0.225
	  0.510	  0.209	  0.834

7 	  38.71	  -7.22	  -5.27
	  0.696	 -0.285	 -0.659
	  0.145	  0.955	 -0.260
	  0.703	  0.085	  0.706

8 	  46.27	 -12.80	  -5.47
	  0.814	 -0.228	 -0.534
	 -0.581	 -0.319	 -0.749
	 -0.000	  0.920	 -0.392

9 	  52.88	 -11.87	 -14.70
	  0.737	  0.006	 -0.676
	 -0.034	  0.999	 -0.028
	  0.675	  0.043	  0.736

2 	  32.57	  -8.35	  22.90
	  0.185	  0.964	 -0.192
	 -0.980	  0.195	  0.033
	  0.069	  0.182	  0.981

3 	  44.61	  -0.95	   1.78
	  0.457	  0.259	  0.851
	  0.116	  0.931	 -0.346
	 -0.882	  0.256	  0.396

4 	  37.41	   3.99	  -4.36
	  0.639	  0.442	 -0.629
	 -0.289	  0.896	  0.336
	  0.712	 -0.033	  0.701

5 	  46.35	   9.26	  -4.92
	  0.824	  0.222	 -0.521
	  0.542	 -0.578	  0.610
	 -0.166	 -0.785	 -0.597

6 	  52.44	   8.47	 -14.04
	  0.840	 -0.102	 -0.533
	 -0.036	  0.969	 -0.242
	  0.541	  0.222	  0.811

7 	  38.55	  -7.14	  -5.33
	  0.681	 -0.274	 -0.679
	  0.138	  0.959	 -0.248
	  0.719	  0.075	  0.691

8 	  46.11	 -12.73	  -5.73
	  0.803	 -0.224	 -0.552
	 -0.595	 -0.318	 -0.738
	 -0.011	  0.921	 -0.388

9 	  52.51	 -11.92	 -14.94
	  0.721	  0.007	 -0.693
	 -0.037	  0.999	 -0.028
	  0.692	  0.046	  0.720

2 	  32.55	  -8.37	  22.92
	  0.185	  0.964	 -0.192
	 -0.980	  0.195	  0.033
	  0.069	  0.182	  0.981

3 	  44.54	  -0.98	   1.71
	  0.465	  0.258	  0.847
	  0.118	  0.930	 -0.348
	 -0.877	  0.262	  0.402

4 	  37.27	   3.94	  -4.38
	  0.630	  0.437	 -0.642
	 -0.281	  0.899	  0.336
	  0.724	 -0.032	  0.689

5 	  46.18	   9.26	  -5.20
	  0.810	  0.220	 -0.543
	  0.559	 -0.568	  0.604
	 -0.175	 -0.793	 -0.583

6 	  52.03	   8.44	 -14.62
	  0.821	 -0.107	 -0.560
	 -0.043	  0.968	 -0.248
	  0.568	  0.228	  0.790

7 	  38.43	  -7.12	  -5.36
	  0.670	 -0.270	 -0.691
	  0.134	  0.960	 -0.245
	  0.729	  0.072	  0.680

8 	  45.97	 -12.66	  -5.96
	  0.790	 -0.221	 -0.571
	 -0.612	 -0.315	 -0.725
	 -0.020	  0.923	 -0.385

9 	  52.14	 -11.65	 -15.54
	  0.697	  0.015	 -0.717
	 -0.049	  0.998	 -0.027
	  0.715	  0.054	  0.697

2 	  32.57	  -8.35	  22.92
	  0.185	  0.964	 -0.193
	 -0.980	  0.195	  0.032
	  0.069	  0.182	  0.981

3 	  44.51	  -0.95	   1.65
	  0.469	  0.260	  0.844
	  0.116	  0.929	 -0.351
	 -0.875	  0.263	  0.406

4 	  37.16	   3.90	  -4.41
	  0.620	  0.432	 -0.655
	 -0.273	  0.901	  0.336
	  0.735	 -0.030	  0.677

5 	  45.98	   9.26	  -5.48
	  0.796	  0.221	 -0.563
	  0.577	 -0.557	  0.597
	 -0.182	 -0.800	 -0.572

6 	  51.68	   8.40	 -15.01
	  0.809	 -0.108	 -0.577
	 -0.050	  0.967	 -0.251
	  0.585	  0.232	  0.777

7 	  38.32	  -7.08	  -5.36
	  0.659	 -0.269	 -0.703
	  0.130	  0.960	 -0.246
	  0.741	  0.070	  0.668

8 	  45.77	 -12.60	  -6.21
	  0.774	 -0.222	 -0.592
	 -0.632	 -0.307	 -0.712
	 -0.024	  0.926	 -0.378

9 	  51.71	 -11.65	 -16.01
	  0.675	  0.012	 -0.738
	 -0.046	  0.998	 -0.026
	  0.736	  0.051	  0.674

2 	  32.55	  -8.35	  22.92
	  0.185	  0.964	 -0.192
	 -0.980	  0.195	  0.032
	  0.069	  0.182	  0.981

3 	  44.49	  -0.95	   1.56
	  0.474	  0.261	  0.841
	  0.115	  0.928	 -0.354
	 -0.873	  0.265	  0.410

4 	  37.09	   3.88	  -4.43
	  0.609	  0.428	 -0.668
	 -0.265	  0.903	  0.337
	  0.747	 -0.028	  0.664

5 	  45.77	   9.28	  -5.87
	  0.776	  0.223	 -0.590
	  0.602	 -0.540	  0.588
	 -0.188	 -0.812	 -0.553

6 	  51.21	   8.51	 -15.63
