2 	  32.87	  -7.08	  22.73
	  0.687	  0.726	 -0.022
	 -0.727	  0.686	 -0.019
	  0.003	  0.029	  0.999

3 	  42.91	  -0.77	   0.98
	  0.355	  0.212	  0.910
	 -0.114	  0.976	 -0.184
	 -0.928	 -0.038	  0.370

4 	  38.11	   5.47	  -6.86
	  0.552	  0.818	 -0.164
	 -0.650	  0.544	  0.530
	  0.524	 -0.186	  0.831

5 	  39.94	  10.99	   3.34
	 -0.472	 -0.454	 -0.755
	  0.122	  0.816	 -0.565
	  0.873	 -0.358	 -0.330

6 	  48.36	   5.34	   2.92
	  0.644	 -0.765	 -0.032
	  0.745	  0.616	  0.256
	 -0.178	 -0.188	  0.966

7 	  35.53	  -6.63	  -4.15
	  0.117	 -0.978	 -0.173
	  0.609	  0.208	 -0.765
	  0.784	 -0.016	  0.620

8 	  42.91	 -13.99	   0.93
	  0.857	 -0.458	  0.237
	  0.197	 -0.135	 -0.971
	  0.477	  0.878	 -0.026

9 	  48.06	  -4.68	   2.57
	  0.215	  0.955	  0.204
	 -0.913	  0.122	  0.389
	  0.347	 -0.269	  0.898

2 	  32.87	  -7.08	  22.73
	  0.687	  0.726	 -0.022
	 -0.727	  0.686	 -0.019
	  0.003	  0.029	  0.999

3 	  42.89	  -0.77	   0.97
	  0.355	  0.211	  0.910
	 -0.114	  0.976	 -0.183
	 -0.928	 -0.038	  0.370

4 	  38.04	   5.47	  -6.84
	  0.550	  0.818	 -0.168
	 -0.646	  0.543	  0.535
	  0.530	 -0.186	  0.827

5 	  39.97	  10.97	   3.32
	 -0.479	 -0.455	 -0.751
	  0.116	  0.816	 -0.567
	  0.871	 -0.357	 -0.338

6 	  48.38	   5.34	   2.76
	  0.644	 -0.764	 -0.044
	  0.746	  0.614	  0.254
	 -0.169	 -0.196	  0.966

7 	  35.49	  -6.63	  -4.15
	  0.112	 -0.978	 -0.176
	  0.607	  0.207	 -0.767
	  0.787	 -0.021	  0.617

8 	  42.87	 -14.06	   0.81
	  0.857	 -0.464	  0.225
	  0.182	 -0.136	 -0.974
	  0.482	  0.875	 -0.033

9 	  48.09	  -4.76	   2.34
	  0.223	  0.955	  0.196
	 -0.906	  0.128	  0.404
	  0.361	 -0.267	  0.893

2 	  32.87	  -7.08	  22.73
	  0.687	  0.726	 -0.022
	 -0.727	  0.686	 -0.018
	  0.003	  0.029	  0.999

3 	  42.89	  -0.77	   0.93
	  0.358	  0.211	  0.909
	 -0.116	  0.976	 -0.182
	 -0.927	 -0.040	  0.373

4 	  37.95	   5.41	  -6.86
	  0.548	  0.818	 -0.176
	 -0.640	  0.545	  0.541
	  0.539	 -0.184	  0.821

5 	  39.97	  10.97	   3.29
	 -0.489	 -0.458	 -0.743
	  0.099	  0.817	 -0.568
	  0.867	 -0.350	 -0.354

6 	  48.45	   5.41	   2.48
	  0.649	 -0.757	 -0.068
	  0.746	  0.617	  0.251
	 -0.150	 -0.213	  0.965

7 	  35.49	  -6.64	  -4.15
	  0.106	 -0.979	 -0.177
	  0.606	  0.204	 -0.769
	  0.788	 -0.026	  0.614

8 	  42.77	 -14.17	   0.69
	  0.851	 -0.482	  0.205
	  0.154	 -0.143	 -0.978
	  0.501	  0.864	 -0.048

9 	  48.18	  -5.04	   1.97
	  0.253	  0.950	  0.180
	 -0.893	  0.157	  0.421
	  0.372	 -0.266	  0.889

2 	  32.87	  -7.08	  22.73
	  0.687	  0.726	 -0.022
	 -0.727	  0.686	 -0.018
	  0.003	  0.029	  0.999

3 	  42.89	  -0.79	   0.88
	  0.359	  0.210	  0.909
	 -0.117	  0.976	 -0.180
	 -0.926	 -0.042	  0.374

4 	  37.93	   5.40	  -6.86
	  0.548	  0.815	 -0.184
	 -0.633	  0.548	  0.547
	  0.548	 -0.183	  0.816

5 	  40.15	  10.90	   3.23
	 -0.507	 -0.464	 -0.726
	  0.068	  0.819	 -0.569
	  0.859	 -0.338	 -0.384

6 	  48.64	   5.61	   1.93
	  0.662	 -0.742	 -0.109
	  0.743	  0.627	  0.233
	 -0.106	 -0.235	  0.966

7 	  35.42	  -6.66	  -4.17
	  0.094	 -0.980	 -0.175
	  0.606	  0.195	 -0.771
	  0.789	 -0.034	  0.613

8 	  42.49	 -14.36	   0.76
	  0.838	 -0.514	  0.184
	  0.101	 -0.186	 -0.977
	  0.536	  0.837	 -0.104

9 	  48.43	  -5.47	   1.23
	  0.314	  0.943	  0.114
	 -0.861	  0.231	  0.454
	  0.402	 -0.239	  0.883

2 	  32.87	  -7.08	  22.73
	  0.687	  0.726	 -0.022
	 -0.727	  0.686	 -0.019
	  0.003	  0.029	  0.999

3 	  42.89	  -0.83	   0.83
	  0.363	  0.210	  0.907
	 -0.112	  0.977	 -0.183
	 -0.926	 -0.035	  0.377

4 	  37.79	   5.34	  -6.87
	  0.538	  0.818	 -0.201
	 -0.630	  0.548	  0.551
	  0.562	 -0.170	  0.809

5 	  40.13	  10.86	   3.27
	 -0.523	 -0.483	 -0.702
	 -0.006	  0.826	 -0.563
	  0.853	 -0.290	 -0.435

6 	  48.76	   6.13	   1.25
	  0.686	 -0.707	 -0.171
	  0.726	  0.648	  0.231
	 -0.053	 -0.283	  0.957

7 	  35.38	  -6.68	  -4.11
	  0.088	 -0.982	 -0.169
	  0.603	  0.187	 -0.775
	  0.792	 -0.034	  0.609

8 	  42.26	 -14.47	   0.81
	  0.820	 -0.553	  0.150
	  0.018	 -0.238	 -0.971
	  0.572	  0.798	 -0.186

9 	  48.71	  -5.99	   0.26
	  0.384	  0.923	  0.026
	 -0.817	  0.324	  0.477
	  0.434	 -0.203	  0.878

2 	  32.87	  -7.08	  22.73
	  0.687	  0.726	 -0.022
	 -0.727	  0.686	 -0.019
	  0.003	  0.029	  0.999

3 	  42.87	  -0.83	   0.83
	  0.366	  0.211	  0.906
	 -0.107	  0.977	 -0.185
	 -0.924	 -0.029	  0.380

4 	  37.72	   5.31	  -6.87
	  0.530	  0.821	 -0.211
	 -0.628	  0.546	  0.554
	  0.571	 -0.161	  0.805

5 	  40.08	  10.81	   3.32
	 -0.527	 -0.491	 -0.693
	 -0.048	  0.832	 -0.552
	  0.849	 -0.257	 -0.462

6 	  48.74	   6.54	   0.83
	  0.703	 -0.674	 -0.226
	  0.711	  0.660	  0.241
	 -0.013	 -0.331	  0.943

7 	  35.35	  -6.68	  -4.10
	  0.086	 -0.982	 -0.166
	  0.601	  0.184	 -0.778
	  0.795	 -0.034	  0.606

8 	  42.10	 -14.54	   0.95
	  0.805	 -0.575	  0.142
	 -0.026	 -0.274	 -0.961
	  0.593	  0.770	 -0.236

9 	  48.76	  -6.38	  -0.30
	  0.416	  0.908	 -0.040
	 -0.787	  0.380	  0.486
	  0.459	 -0.170	  0.872

2 	  32.87	  -7.08	  22.73
	  0.687	  0.726	 -0.022
	 -0.727	  0.686	 -0.019
	  0.003	  0.029	  0.999

3 	  42.86	  -0.83	   0.81
	  0.369	  0.210	  0.905
	 -0.105	  0.977	 -0.185
	 -0.924	 -0.027	  0.382

4 	  37.60	   5.31	  -6.87
	  0.521	  0.824	 -0.221
	 -0.626	  0.544	  0.559
	  0.582	 -0.153	  0.799

5 	  40.15	  10.69	   3.36
	 -0.545	 -0.496	 -0.676
	 -0.101	  0.839	 -0.534
	  0.832	 -0.222	 -0.508

6 	  48.74	   6.86	   0.18
	  0.701	 -0.648	 -0.296
	  0.712	  0.652	  0.258
	  0.026	 -0.392	  0.919

7 	  35.26	  -6.70	  -4.03
	  0.079	 -0.984	 -0.159
	  0.596	  0.174	 -0.784
	  0.799	 -0.033	  0.600

8 	  42.03	 -14.43	   1.30
	  0.797	 -0.592	  0.123
	 -0.121	 -0.356	 -0.926
	  0.593	  0.722	 -0.355

9 	  48.81	  -6.79	  -1.58
	  0.444	  0.877	 -0.185
	 -0.734	  0.472	  0.488
	  0.518	 -0.080	  0.852

2 	  32.87	  -7.08	  22.73
	  0.687	  0.726	 -0.022
	 -0.727	  0.686	 -0.019
	  0.003	  0.029	  0.999

3 	  42.82	  -0.84	   0.76
	  0.375	  0.214	  0.902
	 -0.111	  0.976	 -0.186
	 -0.920	 -0.030	  0.390

4 	  37.44	   5.27	  -6.84
	  0.517	  0.825	 -0.229
	 -0.620	  0.544	  0.565
	  0.591	 -0.150	  0.792

5 	  40.27	  10.42	   3.52
	 -0.579	 -0.481	 -0.658
	 -0.144	  0.855	 -0.498
	  0.803	 -0.193	 -0.564

6 	  48.46	   6.94	  -0.79
	  0.665	 -0.627	 -0.407
	  0.738	  0.637	  0.224
	  0.119	 -0.449	  0.885

7 	  35.21	  -6.71	  -4.01
	  0.077	 -0.984	 -0.159
	  0.585	  0.173	 -0.792
	  0.807	 -0.032	  0.589

8 	  42.21	 -14.22	   1.44
	  0.799	 -0.593	  0.100
	 -0.199	 -0.417	 -0.887
	  0.568	  0.688	 -0.451

9 	  48.83	  -7.10	  -2.85
	  0.445	  0.839	 -0.313
	 -0.694	  0.542	  0.473
	  0.569	  0.008	  0.822

2 	  32.87	  -7.08	  22.73
	  0.687	  0.726	 -0.022
	 -0.727	  0.686	 -0.019
	  0.003	  0.029	  0.999

3 	  42.77	  -0.77	   0.67
	  0.384	  0.215	  0.898
	 -0.126	  0.975	 -0.182
	 -0.915	 -0.043	  0.401

4 	  37.14	   5.31	  -6.80
	  0.502	  0.829	 -0.244
	 -0.610	  0.540	  0.579
	  0.613	 -0.142	  0.776

5 	  40.55	  10.34	   3.46
	 -0.625	 -0.470	 -0.624
	 -0.182	  0.864	 -0.469
	  0.760	 -0.179	 -0.625

6 	  48.30	   7.21	  -1.78
	  0.619	 -0.605	 -0.500
	  0.770	  0.594	  0.233
	  0.156	 -0.530	  0.833

7 	  35.16	  -6.71	  -3.96
	  0.076	 -0.984	 -0.160
	  0.573	  0.174	 -0.800
	  0.816	 -0.031	  0.577

8 	  42.38	 -13.99	   1.53
	  0.801	 -0.594	  0.072
	 -0.277	 -0.475	 -0.835
	  0.530	  0.650	 -0.544

9 	  48.74	  -7.59	  -4.22
	  0.431	  0.785	 -0.445
	 -0.661	  0.609	  0.438
	  0.616	  0.106	  0.780

2 	  32.87	  -7.08	  22.73
	  0.687	  0.726	 -0.022
	 -0.728	  0.686	 -0.019
	  0.003	  0.029	  0.999

3 	  42.75	  -0.70	   0.56
	  0.389	  0.216	  0.895
	 -0.143	  0.974	 -0.174
	 -0.910	 -0.060	  0.410

4 	  36.97	   5.31	  -6.77
	  0.498	  0.829	 -0.255
	 -0.599	  0.540	  0.591
	  0.629	 -0.142	  0.764

5 	  40.99	  10.23	   3.41
	 -0.668	 -0.470	 -0.576
	 -0.236	  0.869	 -0.435
	  0.706	 -0.154	 -0.691

6 	  48.18	   7.75	  -3.02
	  0.567	 -0.554	 -0.609
	  0.793	  0.566	  0.224
	  0.222	 -0.611	  0.760

7 	  35.19	  -6.71	  -3.96
	  0.084	 -0.984	 -0.159
	  0.565	  0.178	 -0.806
	  0.821	 -0.022	  0.571

8 	  42.59	 -13.83	   1.53
	  0.788	 -0.614	  0.041
	 -0.369	 -0.526	 -0.767
	  0.492	  0.589	 -0.640

9 	  48.50	  -8.74	  -6.01
	  0.407	  0.688	 -0.600
	 -0.610	  0.693	  0.385
	  0.683	  0.210	  0.699

2 	  32.87	  -7.08	  22.73
	  0.687	  0.726	 -0.022
	 -0.727	  0.686	 -0.019
	  0.003	  0.029	  0.999

3 	  42.77	  -0.62	   0.49
	  0.391	  0.216	  0.894
	 -0.154	  0.974	 -0.169
	 -0.908	 -0.071	  0.413

4 	  36.74	   5.34	  -6.77
	  0.475	  0.838	 -0.267
	 -0.595	  0.529	  0.605
	  0.649	 -0.129	  0.749

5 	  41.13	  10.20	   3.30
	 -0.688	 -0.494	 -0.531
	 -0.328	  0.865	 -0.380
	  0.648	 -0.088	 -0.756

6 	  47.79	   8.89	  -4.08
	  0.528	 -0.459	 -0.714
	  0.800	  0.551	  0.237
	  0.286	 -0.697	  0.657

7 	  35.24	  -6.70	  -3.94
	  0.090	 -0.983	 -0.160
	  0.560	  0.182	 -0.808
	  0.823	 -0.017	  0.567

8 	  42.68	 -13.69	   1.55
	  0.764	 -0.645	  0.017
	 -0.467	 -0.571	 -0.675
	  0.446	  0.508	 -0.737

9 	  47.76	 -10.44	  -7.52
	  0.347	  0.534	 -0.771
	 -0.548	  0.781	  0.298
	  0.764	  0.318	  0.561

2 	  32.87	  -7.08	  22.73
	  0.687	  0.726	 -0.022
	 -0.728	  0.686	 -0.019
	  0.003	  0.029	  0.999

3 	  42.77	  -0.51	   0.39
	  0.395	  0.214	  0.893
	 -0.166	  0.973	 -0.161
	 -0.904	 -0.084	  0.419

4 	  36.49	   5.38	  -6.71
	  0.448	  0.850	 -0.276
	 -0.595	  0.513	  0.618
	  0.668	 -0.112	  0.735

5 	  41.20	  10.07	   3.23
	 -0.695	 -0.523	 -0.492
	 -0.416	  0.851	 -0.319
	  0.587	 -0.017	 -0.809

6 	  47.23	   9.91	  -4.82
	  0.480	 -0.364	 -0.798
	  0.800	  0.554	  0.229
	  0.360	 -0.749	  0.556

7 	  35.28	  -6.70	  -3.90
	  0.098	 -0.984	 -0.147
	  0.564	  0.176	 -0.807
	  0.820	 -0.004	  0.572

8 	  42.63	 -13.55	   2.00
	  0.733	 -0.679	  0.036
	 -0.538	 -0.610	 -0.582
	  0.418	  0.407	 -0.812

9 	  46.81	 -12.22	  -7.95
	  0.282	  0.377	 -0.882
	 -0.496	  0.844	  0.205
	  0.823	  0.379	  0.422

2 	  32.87	  -7.08	  22.73
	  0.687	  0.726	 -0.022
	 -0.727	  0.686	 -0.019
	  0.003	  0.029	  0.999

3 	  42.79	  -0.44	   0.30
	  0.399	  0.217	  0.891
	 -0.174	  0.972	 -0.161
	 -0.901	 -0.090	  0.424

4 	  36.30	   5.33	  -6.70
	  0.410	  0.867	 -0.284
	 -0.605	  0.490	  0.627
	  0.683	 -0.085	  0.725

5 	  41.12	  10.21	   3.15
	 -0.666	 -0.585	 -0.463
	 -0.526	  0.807	 -0.265
	  0.530	  0.066	 -0.845

6 	  46.39	  11.51	  -5.59
	  0.434	 -0.237	 -0.869
	  0.767	  0.603	  0.218
	  0.474	 -0.761	  0.442

7 	  35.24	  -6.70	  -3.81
	  0.095	 -0.987	 -0.130
	  0.575	  0.161	 -0.802
	  0.812	  0.001	  0.583

8 	  42.12	 -13.69	   2.36
	  0.669	 -0.741	  0.055
	 -0.620	 -0.597	 -0.509
	  0.411	  0.306	 -0.858

9 	  45.54	 -14.36	  -8.12
	  0.222	  0.208	 -0.952
	 -0.468	  0.880	  0.085
	  0.857	  0.426	  0.291

2 	  32.87	  -7.08	  22.73
	  0.687	  0.726	 -0.022
	 -0.727	  0.686	 -0.018
	  0.003	  0.029	  0.999

3 	  42.77	  -0.35	   0.21
	  0.407	  0.219	  0.887
	 -0.152	  0.973	 -0.171
	 -0.901	 -0.065	  0.429

4 	  36.02	   5.33	  -6.64
	  0.362	  0.887	 -0.286
	 -0.613	  0.457	  0.644
	  0.703	 -0.058	  0.708

5 	  40.75	  10.27	   3.29
	 -0.620	 -0.637	 -0.458
	 -0.617	  0.756	 -0.218
	  0.487	  0.147	 -0.861

6 	  45.72	  13.18	  -5.54
	  0.442	 -0.077	 -0.894
	  0.711	  0.638	  0.295
	  0.549	 -0.766	  0.335

7 	  35.14	  -6.66	  -3.76
	  0.087	 -0.988	 -0.124
	  0.581	  0.151	 -0.800
	  0.809	 -0.003	  0.587

8 	  41.41	 -13.94	   2.65
	  0.599	 -0.796	  0.080
	 -0.675	 -0.555	 -0.486
	  0.433	  0.237	 -0.869

9 	  44.44	 -16.07	  -7.80
	  0.196	  0.078	 -0.978
	 -0.456	  0.890	 -0.018
	  0.869	  0.448	  0.208

2 	  32.87	  -7.08	  22.73
	  0.687	  0.726	 -0.022
	 -0.727	  0.686	 -0.018
	  0.003	  0.029	  0.999

3 	  42.71	  -0.26	   0.09
	  0.416	  0.215	  0.883
	 -0.158	  0.974	 -0.163
	 -0.896	 -0.071	  0.438

4 	  35.68	   5.34	  -6.57
	  0.306	  0.911	 -0.276
	 -0.628	  0.410	  0.661
	  0.716	 -0.029	  0.697

5 	  40.08	  10.35	   3.50
	 -0.561	 -0.677	 -0.476
	 -0.683	  0.703	 -0.199
	  0.471	  0.213	 -0.856

6 	  44.91	  14.73	  -5.12
	  0.456	  0.060	 -0.888
	  0.666	  0.639	  0.384
	  0.592	 -0.766	  0.250

7 	  35.10	  -6.63	  -3.74
	  0.087	 -0.990	 -0.115
	  0.589	  0.144	 -0.795
	  0.803	  0.002	  0.596

8 	  40.73	 -14.03	   3.06
	  0.534	 -0.837	  0.123
	 -0.705	 -0.519	 -0.483
	  0.469	  0.170	 -0.866

9 	  43.42	 -17.42	  -7.15
	  0.175	 -0.034	 -0.984
	 -0.459	  0.881	 -0.110
	  0.872	  0.469	  0.137

2 	  32.87	  -7.08	  22.73
	  0.687	  0.726	 -0.022
	 -0.727	  0.686	 -0.019
	  0.003	  0.029	  0.999

3 	  42.68	  -0.14	  -0.04
	  0.424	  0.212	  0.880
	 -0.161	  0.974	 -0.158
	 -0.892	 -0.074	  0.446

4 	  35.37	   5.38	  -6.47
	  0.246	  0.932	 -0.265
	 -0.641	  0.361	  0.678
	  0.728	  0.003	  0.685

5 	  39.38	  10.46	   3.69
	 -0.499	 -0.714	 -0.490
	 -0.743	  0.643	 -0.183
	  0.447	  0.273	 -0.852

6 	  43.84	  16.29	  -4.59
	  0.456	  0.201	 -0.867
	  0.618	  0.630	  0.469
	  0.643	 -0.748	  0.162

7 	  35.07	  -6.54	  -3.74
	  0.086	 -0.990	 -0.107
	  0.600	  0.137	 -0.788
	  0.795	  0.003	  0.606

8 	  39.99	 -13.97	   3.45
	  0.464	 -0.871	  0.161
	 -0.734	 -0.479	 -0.482
	  0.499	  0.105	 -0.860

9 	  42.31	 -18.84	  -6.45
	  0.148	 -0.157	 -0.976
	 -0.497	  0.842	 -0.210
	  0.856	  0.515	  0.045

2 	  32.87	  -7.08	  22.73
	  0.687	  0.726	 -0.022
	 -0.727	  0.686	 -0.019
	  0.003	  0.029	  0.999

3 	  42.66	   0.07	  -0.19
	  0.436	  0.207	  0.875
	 -0.172	  0.974	 -0.146
	 -0.884	 -0.086	  0.460

4 	  34.98	   5.43	  -6.36
	  0.165	  0.957	 -0.238
	 -0.662	  0.286	  0.692
	  0.731	  0.043	  0.681

5 	  38.34	  10.42	   4.11
	 -0.420	 -0.737	 -0.529
	 -0.797	  0.578	 -0.176
	  0.437	  0.348	 -0.829

6 	  42.61	  17.38	  -3.48
	  0.463	  0.323	 -0.825
	  0.556	  0.621	  0.553
	  0.692	 -0.713	  0.107

7 	  35.03	  -6.43	  -3.76
	  0.091	 -0.991	 -0.098
	  0.612	  0.133	 -0.779
	  0.785	  0.011	  0.619

8 	  38.92	 -13.83	   3.92
	  0.364	 -0.904	  0.226
	 -0.745	 -0.426	 -0.513
	  0.561	  0.018	 -0.827

9 	  40.94	 -20.07	  -5.19
	  0.142	 -0.288	 -0.947
	 -0.498	  0.806	 -0.319
	  0.856	  0.516	 -0.031

2 	  32.87	  -7.08	  22.73
	  0.687	  0.726	 -0.022
	 -0.727	  0.686	 -0.019
	  0.003	  0.029	  0.999

3 	  42.59	   0.35	  -0.37
	  0.448	  0.197	  0.872
	 -0.197	  0.973	 -0.120
	 -0.872	 -0.117	  0.474

4 	  34.61	   5.52	  -6.22
	  0.099	  0.970	 -0.222
	 -0.673	  0.229	  0.703
	  0.733	  0.080	  0.675

5 	  37.60	  10.41	   4.39
	 -0.360	 -0.750	 -0.555
	 -0.836	  0.523	 -0.166
	  0.416	  0.405	 -0.814

6 	  41.55	  18.26	  -2.88
	  0.451	  0.405	 -0.796
	  0.526	  0.600	  0.602
	  0.722	 -0.689	  0.057

7 	  34.91	  -6.28	  -3.78
	  0.071	 -0.995	 -0.073
	  0.639	  0.101	 -0.763
	  0.766	  0.007	  0.642

8 	  37.93	 -13.50	   4.45
	  0.284	 -0.917	  0.278
	 -0.752	 -0.392	 -0.529
	  0.595	 -0.060	 -0.801

9 	  39.50	 -21.15	  -3.92
	  0.103	 -0.410	 -0.906
	 -0.584	  0.713	 -0.388
	  0.805	  0.568	 -0.167

2 	  32.87	  -7.08	  22.75
	  0.687	  0.726	 -0.022
	 -0.727	  0.686	 -0.019
	  0.003	  0.029	  0.999

3 	  42.52	   0.37	  -0.44
	  0.455	  0.187	  0.870
	 -0.193	  0.975	 -0.109
	 -0.870	 -0.117	  0.479

4 	  34.47	   5.47	  -6.13
	  0.069	  0.974	 -0.216
	 -0.678	  0.204	  0.706
	  0.732	  0.097	  0.674

5 	  37.20	  10.28	   4.59
	 -0.326	 -0.756	 -0.568
	 -0.854	  0.492	 -0.167
	  0.407	  0.430	 -0.806

6 	  40.94	  19.07	  -2.02
	  0.440	  0.501	 -0.745
	  0.545	  0.512	  0.664
	  0.715	 -0.697	 -0.048

7 	  34.68	  -6.19	  -3.85
	  0.034	 -0.998	 -0.054
	  0.660	  0.062	 -0.749
	  0.750	 -0.010	  0.661

8 	  36.97	 -13.24	   4.71
	  0.213	 -0.927	  0.308
	 -0.751	 -0.356	 -0.556
	  0.626	 -0.113	 -0.771

9 	  38.25	 -21.90	  -2.76
	  0.064	 -0.518	 -0.853
	 -0.698	  0.587	 -0.409
	  0.713	  0.621	 -0.324

2 	  32.87	  -7.08	  22.73
	  0.687	  0.726	 -0.022
	 -0.727	  0.686	 -0.019
	  0.003	  0.029	  0.999

3 	  42.47	   0.39	  -0.51
	  0.463	  0.172	  0.869
	 -0.190	  0.977	 -0.093
	 -0.866	 -0.122	  0.485

4 	  34.40	   5.54	  -6.08
	  0.047	  0.979	 -0.197
	 -0.690	  0.174	  0.703
	  0.723	  0.102	  0.683

5 	  36.83	  10.20	   4.80
	 -0.290	 -0.749	 -0.596
	 -0.864	  0.473	 -0.174
	  0.412	  0.464	 -0.784

6 	  40.46	  19.71	  -0.98
	  0.441	  0.580	 -0.684
	  0.525	  0.452	  0.721
	  0.729	 -0.676	 -0.105

7 	  34.65	  -6.08	  -3.92
	  0.014	 -0.999	 -0.036
	  0.681	  0.036	 -0.731
	  0.732	 -0.015	  0.681

8 	  36.35	 -12.97	   4.87
	  0.160	 -0.927	  0.339
	 -0.736	 -0.341	 -0.585
	  0.658	 -0.156	 -0.736

9 	  37.58	 -22.54	  -1.63
	  0.047	 -0.614	 -0.788
	 -0.786	  0.464	 -0.409
	  0.617	  0.637	 -0.461

2 	  32.87	  -7.08	  22.73
	  0.687	  0.726	 -0.022
	 -0.727	  0.686	 -0.019
	  0.003	  0.029	  0.999

3 	  42.49	   0.40	  -0.49
	  0.460	  0.162	  0.872
	 -0.189	  0.978	 -0.083
	 -0.868	 -0.126	  0.481

4 	  34.45	   5.55	  -6.08
	  0.030	  0.983	 -0.181
	 -0.701	  0.150	  0.697
	  0.712	  0.106	  0.693

5 	  36.58	   9.98	   4.94
	 -0.261	 -0.736	 -0.625
	 -0.873	  0.456	 -0.174
	  0.413	  0.500	 -0.761

6 	  40.15	  20.21	   0.09
	  0.441	  0.659	 -0.609
	  0.538	  0.349	  0.767
	  0.719	 -0.665	 -0.200

7 	  34.65	  -6.08	  -3.92
	  0.002	 -1.000	 -0.020
	  0.693	  0.016	 -0.721
	  0.721	 -0.012	  0.693

8 	  36.05	 -12.76	   5.04
	  0.127	 -0.919	  0.372
	 -0.731	 -0.340	 -0.592
	  0.671	 -0.197	 -0.715

9 	  37.04	 -23.04	  -0.63
	  0.023	 -0.694	 -0.719
	 -0.819	  0.400	 -0.411
	  0.574	  0.598	 -0.560

2 	  32.87	  -7.08	  22.73
	  0.687	  0.726	 -0.022
	 -0.727	  0.686	 -0.019
	  0.003	  0.029	  0.999

3 	  42.47	   0.40	  -0.49
	  0.459	  0.159	  0.874
	 -0.188	  0.979	 -0.080
	 -0.869	 -0.127	  0.479

4 	  34.40	   5.52	  -6.06
	  0.010	  0.984	 -0.177
	 -0.707	  0.132	  0.695
	  0.707	  0.118	  0.697

5 	  36.32	   9.91	   4.99
	 -0.233	 -0.737	 -0.634
	 -0.883	  0.433	 -0.180
	  0.408	  0.519	 -0.751

6 	  39.57	  20.57	   0.56
	  0.417	  0.702	 -0.577
	  0.535	  0.324	  0.780
	  0.736	 -0.633	 -0.240

7 	  34.59	  -6.05	  -3.90
	 -0.013	 -1.000	 -0.014
	  0.698	  0.001	 -0.716
	  0.716	 -0.019	  0.697

8 	  35.77	 -12.64	   5.08
	  0.099	 -0.915	  0.391
	 -0.734	 -0.332	 -0.593
	  0.672	 -0.229	 -0.704

9 	  36.42	 -23.33	  -0.12
	 -0.011	 -0.733	 -0.680
	 -0.806	  0.409	 -0.428
	  0.593	  0.542	 -0.595

2 	  32.87	  -7.08	  22.73
	  0.687	  0.726	 -0.022
	 -0.727	  0.686	 -0.019
	  0.003	  0.029	  0.999

3 	  42.47	   0.40	  -0.49
	  0.456	  0.152	  0.877
	 -0.183	  0.980	 -0.076
	 -0.872	 -0.125	  0.474

4 	  34.37	   5.57	  -6.01
	  0.001	  0.985	 -0.169
	 -0.711	  0.119	  0.693
	  0.703	  0.119	  0.700

5 	  36.23	   9.84	   5.15
	 -0.223	 -0.726	 -0.650
	 -0.885	  0.430	 -0.177
	  0.409	  0.536	 -0.738

6 	  39.39	  20.87	   1.28
	  0.405	  0.745	 -0.529
	  0.530	  0.280	  0.800
	  0.746	 -0.604	 -0.281

7 	  34.54	  -5.99	  -3.92
	 -0.019	 -1.000	 -0.014
	  0.697	 -0.004	 -0.717
	  0.716	 -0.024	  0.697

8 	  35.70	 -12.64	   5.06
	  0.090	 -0.916	  0.391
	 -0.736	 -0.325	 -0.594
	  0.671	 -0.235	 -0.702

9 	  36.26	 -23.48	   0.00
	 -0.023	 -0.750	 -0.661
	 -0.819	  0.393	 -0.418
	  0.574	  0.531	 -0.623

2 	  32.87	  -7.08	  22.73
	  0.687	  0.726	 -0.022
	 -0.727	  0.686	 -0.019
	  0.003	  0.029	  0.999

3 	  42.42	   0.46	  -0.49
	  0.456	  0.146	  0.878
	 -0.185	  0.980	 -0.068
	 -0.871	 -0.132	  0.473

4 	  34.35	   5.68	  -6.01
	  0.016	  0.985	 -0.173
	 -0.707	  0.133	  0.694
	  0.707	  0.111	  0.698

5 	  36.54	  10.16	   4.99
	 -0.266	 -0.736	 -0.623
	 -0.865	  0.467	 -0.184
	  0.427	  0.490	 -0.760

6 	  40.61	  20.06	  -0.21
	  0.467	  0.611	 -0.638
	  0.545	  0.369	  0.752
	  0.697	 -0.698	 -0.161

7 	  34.56	  -5.96	  -3.90
	 -0.015	 -1.000	 -0.028
	  0.693	  0.010	 -0.721
	  0.720	 -0.030	  0.693

8 	  36.12	 -13.03	   4.64
	  0.136	 -0.934	  0.331
	 -0.732	 -0.320	 -0.602
	  0.668	 -0.161	 -0.726

9 	  37.44	 -22.92	  -1.85
	  0.031	 -0.631	 -0.775
	 -0.818	  0.430	 -0.383
	  0.575	  0.645	 -0.503

2 	  32.87	  -7.08	  22.73
	  0.687	  0.726	 -0.022
	 -0.727	  0.686	 -0.019
	  0.003	  0.029	  0.999

3 	  42.47	   0.44	  -0.44
	  0.457	  0.145	  0.877
	 -0.187	  0.980	 -0.065
	 -0.870	 -0.134	  0.474

4 	  34.56	   5.64	  -6.10
	  0.086	  0.975	 -0.203
	 -0.683	  0.206	  0.700
	  0.725	  0.078	  0.684

5 	  37.55	  10.39	   4.64
	 -0.376	 -0.731	 -0.570
	 -0.805	  0.561	 -0.190
	  0.459	  0.387	 -0.799

6 	  42.47	  18.79	  -1.74
	  0.507	  0.461	 -0.728
	  0.619	  0.393	  0.679
	  0.601	 -0.794	 -0.086

7 	  34.63	  -5.99	  -3.85
	 -0.004	 -0.999	 -0.040
	  0.687	  0.026	 -0.726
	  0.726	 -0.030	  0.686

8 	  36.63	 -13.34	   4.46
	  0.191	 -0.937	  0.291
	 -0.721	 -0.335	 -0.607
	  0.667	 -0.095	 -0.739

9 	  38.95	 -21.88	  -3.32
	  0.117	 -0.476	 -0.872
	 -0.806	  0.467	 -0.363
	  0.580	  0.745	 -0.329

2 	  32.87	  -7.08	  22.73
	  0.687	  0.726	 -0.022
	 -0.727	  0.686	 -0.019
	  0.003	  0.029	  0.999

3 	  42.57	   0.30	  -0.37
	  0.456	  0.158	  0.876
	 -0.183	  0.979	 -0.083
	 -0.871	 -0.122	  0.475

4 	  34.88	   5.57	  -6.24
	  0.163	  0.958	 -0.233
	 -0.667	  0.281	  0.690
	  0.727	  0.042	  0.684

5 	  38.57	  10.49	   4.20
	 -0.461	 -0.710	 -0.532
	 -0.752	  0.630	 -0.190
	  0.472	  0.313	 -0.824

6 	  44.26	  17.33	  -2.95
	  0.557	  0.302	 -0.774
	  0.654	  0.415	  0.632
	  0.514	 -0.857	  0.033

7 	  34.68	  -6.13	  -3.66
	  0.002	 -0.999	 -0.039
	  0.680	  0.030	 -0.732
	  0.733	 -0.025	  0.680

8 	  37.14	 -13.71	   4.32
	  0.279	 -0.927	  0.250
	 -0.672	 -0.374	 -0.639
	  0.686	  0.010	 -0.727

9 	  41.22	 -20.58	  -4.08
	  0.258	 -0.315	 -0.913
	 -0.825	  0.420	 -0.378
	  0.503	  0.851	 -0.151

2 	  32.87	  -7.08	  22.73
	  0.687	  0.726	 -0.022
	 -0.727	  0.686	 -0.019
	  0.003	  0.029	  0.999

3 	  42.64	   0.09	  -0.26
	  0.454	  0.179	  0.872
	 -0.181	  0.978	 -0.108
	 -0.873	 -0.109	  0.476

4 	  35.19	   5.45	  -6.40
	  0.226	  0.941	 -0.250
	 -0.658	  0.336	  0.674
	  0.719	  0.012	  0.695

5 	  39.18	  10.39	   3.94
	 -0.544	 -0.663	 -0.514
	 -0.653	  0.719	 -0.238
	  0.529	  0.206	 -0.823

6 	  45.56	  15.40	  -3.60
	  0.589	  0.123	 -0.799
	  0.694	  0.430	  0.577
	  0.416	 -0.894	  0.167

7 	  34.88	  -6.29	  -3.59
	  0.040	 -0.998	 -0.040
	  0.671	  0.056	 -0.740
	  0.740	  0.003	  0.672

8 	  38.14	 -13.90	   4.17
	  0.394	 -0.891	  0.225
	 -0.595	 -0.433	 -0.677
	  0.701	  0.132	 -0.700

9 	  44.03	 -18.67	  -4.36
	  0.402	 -0.117	 -0.908
	 -0.830	  0.373	 -0.415
	  0.388	  0.920	  0.053

2 	  32.87	  -7.08	  22.73
	  0.687	  0.726	 -0.022
	 -0.727	  0.686	 -0.019
	  0.003	  0.029	  0.999

3 	  42.77	   0.07	  -0.12
	  0.442	  0.199	  0.875
	 -0.194	  0.973	 -0.125
	 -0.876	 -0.114	  0.468

4 	  35.49	   5.45	  -6.49
	  0.273	  0.926	 -0.260
	 -0.653	  0.376	  0.657
	  0.707	 -0.009	  0.707

5 	  39.73	  10.49	   3.66
	 -0.594	 -0.618	 -0.515
	 -0.557	  0.777	 -0.292
	  0.582	  0.112	 -0.805

6 	  46.86	  13.57	  -3.81
	  0.633	 -0.054	 -0.772
	  0.699	  0.469	  0.539
	  0.335	 -0.881	  0.334

7 	  35.09	  -6.29	  -3.60
	  0.078	 -0.995	 -0.053
	  0.670	  0.091	 -0.737
	  0.738	  0.022	  0.674

8 	  38.92	 -14.06	   3.71
	  0.488	 -0.850	  0.197
	 -0.505	 -0.459	 -0.731
	  0.713	  0.257	 -0.652

9 	  46.21	 -16.47	  -4.50
	  0.520	  0.111	 -0.847
	 -0.810	  0.380	 -0.447
	  0.271	  0.918	  0.288

2 	  32.87	  -7.08	  22.73
	  0.687	  0.726	 -0.022
	 -0.727	  0.686	 -0.019
	  0.003	  0.029	  0.999

3 	  42.86	   0.11	  -0.04
	  0.431	  0.202	  0.879
	 -0.202	  0.971	 -0.126
	 -0.880	 -0.123	  0.458

4 	  35.86	   5.62	  -6.56
	  0.331	  0.906	 -0.261
	 -0.642	  0.419	  0.642
	  0.692	 -0.045	  0.720

5 	  40.13	  10.56	   3.64
	 -0.631	 -0.561	 -0.535
	 -0.446	  0.827	 -0.342
	  0.635	  0.022	 -0.772

6 	  47.85	  12.13	  -3.43
	  0.660	 -0.185	 -0.728
	  0.708	  0.475	  0.521
	  0.249	 -0.860	  0.445

7 	  35.21	  -6.28	  -3.71
	  0.094	 -0.993	 -0.074
	  0.675	  0.118	 -0.728
	  0.732	  0.018	  0.681

8 	  39.50	 -14.31	   3.02
	  0.564	 -0.810	  0.162
	 -0.413	 -0.445	 -0.794
	  0.717	  0.380	 -0.584

9 	  47.72	 -14.12	  -4.32
	  0.580	  0.365	 -0.728
	 -0.797	  0.439	 -0.414
	  0.167	  0.820	  0.547

2 	  32.87	  -7.08	  22.73
	  0.687	  0.726	 -0.022
	 -0.727	  0.686	 -0.019
	  0.003	  0.029	  0.999

3 	  42.91	   0.05	   0.04
	  0.419	  0.201	  0.885
	 -0.208	  0.970	 -0.124
	 -0.885	 -0.132	  0.447

4 	  36.07	   5.61	  -6.59
	  0.376	  0.888	 -0.263
	 -0.631	  0.453	  0.630
	  0.680	 -0.071	  0.730

5 	  40.50	  10.39	   3.59
	 -0.661	 -0.509	 -0.552
	 -0.354	  0.859	 -0.370
	  0.663	 -0.050	 -0.747

6 	  48.50	  10.20	  -2.99
	  0.656	 -0.349	 -0.669
	  0.733	  0.503	  0.456
	  0.177	 -0.790	  0.586

7 	  35.35	  -6.38	  -3.73
	  0.113	 -0.990	 -0.087
	  0.681	  0.140	 -0.719
	  0.723	  0.021	  0.690

8 	  39.99	 -14.61	   2.37
	  0.617	 -0.776	  0.126
	 -0.335	 -0.404	 -0.851
	  0.713	  0.483	 -0.508

9 	  48.60	 -12.30	  -4.10
	  0.592	  0.561	 -0.579
	 -0.799	  0.504	 -0.328
	  0.106	  0.656	  0.747

2 	  32.87	  -7.08	  22.73
	  0.687	  0.726	 -0.022
	 -0.727	  0.686	 -0.018
	  0.003	  0.029	  0.999

3 	  43.00	  -0.09	   0.12
	  0.403	  0.206	  0.891
	 -0.203	  0.970	 -0.133
	 -0.893	 -0.127	  0.432

4 	  36.37	   5.50	  -6.64
	  0.417	  0.871	 -0.259
	 -0.627	  0.481	  0.612
	  0.658	 -0.093	  0.747

5 	  40.59	  10.37	   3.52
	 -0.662	 -0.463	 -0.589
	 -0.228	  0.873	 -0.430
	  0.714	 -0.151	 -0.684

6 	  48.73	   8.74	  -2.41
	  0.649	 -0.474	 -0.595
	  0.748	  0.540	  0.385
	  0.138	 -0.695	  0.705

7 	  35.46	  -6.43	  -3.73
	  0.120	 -0.988	 -0.100
	  0.682	  0.155	 -0.714
	  0.720	  0.017	  0.693

8 	  40.22	 -14.94	   1.56
	  0.640	 -0.763	  0.095
	 -0.272	 -0.340	 -0.900
	  0.719	  0.550	 -0.424

9 	  49.01	 -10.99	  -3.45
	  0.592	  0.698	 -0.402
	 -0.800	  0.572	 -0.183
	  0.101	  0.430	  0.897

2 	  32.87	  -7.08	  22.73
	  0.687	  0.726	 -0.022
	 -0.728	  0.686	 -0.019
	  0.003	  0.029	  0.999

3 	  43.05	  -0.21	   0.26
	  0.391	  0.207	  0.896
	 -0.193	  0.971	 -0.141
	 -0.900	 -0.117	  0.419

4 	  36.70	   5.45	  -6.70
	  0.443	  0.860	 -0.252
	 -0.636	  0.499	  0.588
	  0.632	 -0.100	  0.768

5 	  40.46	  10.63	   3.36
	 -0.639	 -0.453	 -0.621
	 -0.119	  0.856	 -0.502
	  0.760	 -0.247	 -0.601

6 	  48.78	   7.44	  -1.35
	  0.642	 -0.607	 -0.468
	  0.764	  0.557	  0.324
	  0.064	 -0.566	  0.821

7 	  35.56	  -6.50	  -3.74
	  0.136	 -0.984	 -0.115
	  0.675	  0.177	 -0.716
	  0.725	  0.020	  0.688

8 	  40.48	 -15.26	   0.51
	  0.659	 -0.750	  0.050
	 -0.201	 -0.240	 -0.950
	  0.724	  0.616	 -0.308

9 	  49.06	  -9.81	  -2.81
	  0.575	  0.797	 -0.186
	 -0.789	  0.599	  0.135
	  0.220	  0.070	  0.973

2 	  32.87	  -7.08	  22.73
	  0.687	  0.726	 -0.022
	 -0.727	  0.686	 -0.019
	  0.003	  0.029	  0.999

3 	  43.08	  -0.39	   0.46
	  0.377	  0.207	  0.902
	 -0.177	  0.973	 -0.151
	 -0.909	 -0.102	  0.403

4 	  37.07	   5.45	  -6.68
	  0.473	  0.850	 -0.232
	 -0.646	  0.513	  0.565
	  0.600	 -0.118	  0.791

5 	  40.31	  10.74	   3.50
	 -0.597	 -0.438	 -0.672
	 -0.012	  0.843	 -0.538
	  0.802	 -0.312	 -0.509

6 	  48.69	   6.33	   0.09
	  0.641	 -0.688	 -0.339
	  0.766	  0.592	  0.249
	  0.029	 -0.420	  0.907

7 	  35.54	  -6.54	  -3.81
	  0.137	 -0.982	 -0.127
	  0.674	  0.187	 -0.714
	  0.725	  0.012	  0.688

8 	  40.82	 -15.29	  -0.02
	  0.703	 -0.709	  0.050
	 -0.095	 -0.163	 -0.982
	  0.705	  0.685	 -0.182

9 	  49.08	  -8.54	  -1.20
	  0.536	  0.844	  0.013
	 -0.785	  0.491	  0.377
	  0.314	 -0.211	  0.925

2 	  32.87	  -7.08	  22.73
	  0.686	  0.727	 -0.022
	 -0.728	  0.685	 -0.019
	  0.003	  0.029	  0.999

3 	  43.00	  -0.56	   0.74
	  0.359	  0.203	  0.911
	 -0.155	  0.975	 -0.158
	 -0.921	 -0.084	  0.381

4 	  37.42	   5.47	  -6.64
	  0.509	  0.836	 -0.202
	 -0.653	  0.528	  0.543
	  0.562	 -0.145	  0.814

5 	  40.25	  10.79	   3.59
	 -0.560	 -0.434	 -0.706
	  0.052	  0.833	 -0.551
	  0.827	 -0.345	 -0.444

6 	  48.83	   5.99	   1.32
	  0.669	 -0.709	 -0.222
	  0.743	  0.630	  0.224
	 -0.019	 -0.315	  0.948

7 	  35.54	  -6.57	  -3.88
	  0.135	 -0.981	 -0.139
	  0.677	  0.193	 -0.710
	  0.723	  0.002	  0.690

8 	  41.06	 -15.24	   0.02
	  0.730	 -0.678	  0.079
	 -0.022	 -0.140	 -0.990
	  0.682	  0.721	 -0.117

9 	  49.24	  -8.12	   0.02
	  0.511	  0.853	  0.105
	 -0.809	  0.433	  0.396
	  0.295	 -0.286	  0.911

2 	  32.87	  -7.08	  22.73
	  0.687	  0.726	 -0.022
	 -0.727	  0.686	 -0.019
	  0.003	  0.029	  0.999

3 	  43.00	  -0.63	   0.79
	  0.354	  0.201	  0.913
	 -0.150	  0.976	 -0.158
	 -0.923	 -0.081	  0.375

4 	  37.67	   5.52	  -6.59
	  0.526	  0.832	 -0.174
	 -0.660	  0.528	  0.533
	  0.537	 -0.166	  0.827

5 	  40.06	  10.76	   3.81
	 -0.518	 -0.428	 -0.741
	  0.087	  0.835	 -0.543
	  0.852	 -0.345	 -0.395

6 	  48.69	   5.75	   2.51
	  0.692	 -0.713	 -0.114
	  0.722	  0.679	  0.133
	 -0.017	 -0.175	  0.984

7 	  35.56	  -6.63	  -3.88
	  0.136	 -0.980	 -0.142
	  0.677	  0.196	 -0.709
	  0.723	  0.000	  0.691

8 	  41.70	 -14.91	   0.42
	  0.781	 -0.608	  0.141
	  0.080	 -0.128	 -0.989
	  0.619	  0.783	 -0.051

9 	  49.24	  -7.05	   1.63
	  0.437	  0.880	  0.185
	 -0.840	  0.324	  0.434
	  0.324	 -0.344	  0.881

2 	  32.87	  -7.08	  22.73
	  0.687	  0.726	 -0.022
	 -0.727	  0.686	 -0.019
	  0.003	  0.029	  0.999

3 	  42.94	  -0.70	   1.04
	  0.343	  0.204	  0.917
	 -0.133	  0.976	 -0.169
	 -0.930	 -0.064	  0.362

4 	  38.14	   5.61	  -6.71
	  0.552	  0.821	 -0.146
	 -0.666	  0.538	  0.516
	  0.504	 -0.188	  0.843

5 	  40.20	  10.99	   3.64
	 -0.476	 -0.430	 -0.767
	  0.153	  0.819	 -0.552
	  0.866	 -0.379	 -0.325

6 	  48.90	   5.55	   3.62
	  0.694	 -0.720	  0.001
	  0.712	  0.686	  0.147
	 -0.107	 -0.102	  0.989

7 	  35.65	  -6.63	  -3.92
	  0.146	 -0.979	 -0.142
	  0.670	  0.203	 -0.714
	  0.728	  0.009	  0.685

8 	  42.28	 -14.38	   1.16
	  0.815	 -0.534	  0.225
	  0.175	 -0.143	 -0.974
	  0.552	  0.833	 -0.024

9 	  49.46	  -6.12	   3.29
	  0.407	  0.881	  0.242
	 -0.860	  0.277	  0.429
	  0.313	 -0.380	  0.870

2 	  32.87	  -7.08	  22.73
	  0.687	  0.726	 -0.022
	 -0.727	  0.686	 -0.019
	  0.003	  0.029	  0.999

3 	  42.93	  -0.65	   1.16
	  0.338	  0.208	  0.918
	 -0.125	  0.976	 -0.176
	 -0.933	 -0.055	  0.355

4 	  38.51	   5.71	  -6.77
	  0.570	  0.813	 -0.120
	 -0.670	  0.544	  0.505
	  0.477	 -0.208	  0.854

5 	  40.22	  10.99	   3.73
	 -0.447	 -0.424	 -0.788
	  0.187	  0.817	 -0.545
	  0.875	 -0.390	 -0.286

6 	  48.94	   5.47	   4.31
	  0.696	 -0.715	  0.060
	  0.699	  0.694	  0.170
	 -0.164	 -0.076	  0.983

7 	  35.79	  -6.64	  -3.96
	  0.154	 -0.979	 -0.137
	  0.670	  0.204	 -0.713
	  0.726	  0.018	  0.687

8 	  42.56	 -14.10	   1.65
	  0.825	 -0.489	  0.283
	  0.240	 -0.151	 -0.959
	  0.512	  0.859	 -0.008

9 	  49.45	  -5.62	   4.10
	  0.380	  0.887	  0.260
	 -0.874	  0.251	  0.415
	  0.305	 -0.383	  0.871

2 	  32.87	  -7.08	  22.73
	  0.686	  0.727	 -0.022
	 -0.728	  0.685	 -0.019
	  0.003	  0.029	  0.999

3 	  42.91	  -0.65	   1.23
	  0.339	  0.202	  0.919
	 -0.130	  0.977	 -0.167
	 -0.932	 -0.062	  0.356

4 	  38.53	   5.82	  -6.68
	  0.569	  0.816	 -0.103
	 -0.677	  0.534	  0.506
	  0.469	 -0.218	  0.856

5 	  39.92	  11.06	   3.90
	 -0.415	 -0.422	 -0.806
	  0.203	  0.821	 -0.533
	  0.887	 -0.384	 -0.255

6 	  48.71	   5.57	   5.15
	  0.705	 -0.700	  0.112
	  0.675	  0.711	  0.194
	 -0.217	 -0.061	  0.974

7 	  35.74	  -6.63	  -3.92
	  0.153	 -0.979	 -0.133
	  0.665	  0.201	 -0.719
	  0.731	  0.021	  0.682

8 	  42.42	 -13.97	   2.06
	  0.814	 -0.471	  0.338
	  0.301	 -0.155	 -0.941
	  0.496	  0.868	  0.015

9 	  48.90	  -5.34	   5.08
	  0.341	  0.895	  0.286
	 -0.892	  0.211	  0.399
	  0.299	 -0.389	  0.871

2 	  32.87	  -7.08	  22.73
	  0.687	  0.726	 -0.022
	 -0.727	  0.686	 -0.019
	  0.003	  0.029	  0.999

3 	  42.86	  -0.60	   1.25
	  0.340	  0.194	  0.920
	 -0.137	  0.978	 -0.156
	 -0.931	 -0.073	  0.358

4 	  38.50	   5.96	  -6.52
	  0.561	  0.824	 -0.084
	 -0.688	  0.520	  0.506
	  0.461	 -0.226	  0.858

5 	  39.69	  11.04	   4.17
	 -0.397	 -0.414	 -0.819
	  0.197	  0.834	 -0.516
	  0.897	 -0.365	 -0.249

6 	  48.59	   5.70	   5.59
	  0.717	 -0.685	  0.130
	  0.658	  0.726	  0.196
	 -0.231	 -0.055	  0.971

7 	  35.70	  -6.59	  -3.88
	  0.148	 -0.981	 -0.126
	  0.671	  0.192	 -0.716
	  0.726	  0.021	  0.687

8 	  42.22	 -13.97	   2.37
	  0.797	 -0.473	  0.375
	  0.340	 -0.164	 -0.926
	  0.500	  0.865	  0.030

9 	  48.73	  -5.36	   5.57
	  0.337	  0.892	  0.301
	 -0.899	  0.208	  0.385
	  0.283	 -0.398	  0.872

2 	  32.87	  -7.08	  22.73
	  0.687	  0.726	 -0.022
	 -0.727	  0.686	 -0.019
	  0.003	  0.029	  0.999

3 	  42.87	  -0.58	   1.25
	  0.339	  0.188	  0.922
	 -0.150	  0.978	 -0.146
	 -0.929	 -0.088	  0.359

4 	  38.44	   6.01	  -6.45
	  0.556	  0.828	 -0.076
	 -0.693	  0.511	  0.509
	  0.461	 -0.230	  0.857

5 	  39.60	  11.00	   4.22
	 -0.391	 -0.412	 -0.823
	  0.193	  0.838	 -0.510
	  0.900	 -0.357	 -0.249

6 	  48.55	   5.77	   5.71
	  0.723	 -0.678	  0.135
	  0.645	  0.732	  0.220
	 -0.249	 -0.072	  0.966

7 	  35.75	  -6.63	  -3.88
	  0.154	 -0.980	 -0.124
	  0.675	  0.195	 -0.711
	  0.721	  0.025	  0.692

8 	  42.22	 -13.96	   2.46
	  0.792	 -0.471	  0.389
	  0.356	 -0.161	 -0.920
	  0.496	  0.867	  0.039

9 	  48.64	  -5.34	   5.84
	  0.331	  0.891	  0.310
	 -0.905	  0.205	  0.373
	  0.270	 -0.402	  0.874

