% Calibrated with leiden_pols
% Positions are in centimeters
Data =[
 2    97.619   -19.428    59.070
 2     0.687    -0.727     0.003
 2     0.726     0.686     0.029
 2    -0.022    -0.019     0.999
 3   125.894    -2.562     0.473
 3     0.355    -0.114    -0.928
 3     0.212     0.976    -0.038
 3     0.910    -0.184     0.370
 4   110.271    12.362   -16.087
 4     0.552    -0.650     0.524
 4     0.818     0.544    -0.186
 4    -0.164     0.530     0.831
 5   115.519    25.040    13.964
 5    -0.472     0.122     0.873
 5    -0.454     0.816    -0.358
 5    -0.755    -0.565    -0.330
 6   136.822    11.553     9.083
 6     0.644     0.745    -0.178
 6    -0.765     0.616    -0.188
 6    -0.032     0.256     0.966
 7   105.105   -19.061    -7.910
 7     0.117     0.609     0.784
 7    -0.978     0.208    -0.016
 7    -0.173    -0.765     0.620
 8   124.546   -36.881     3.521
 8     0.857     0.197     0.477
 8    -0.458    -0.135     0.878
 8     0.237    -0.971    -0.026
 9   135.983   -12.911     6.930
 9     0.215    -0.913     0.347
 9     0.955     0.122    -0.269
 9     0.204     0.389     0.898
 2    97.619   -19.428    59.070
 2     0.687    -0.727     0.003
 2     0.726     0.686     0.029
 2    -0.022    -0.019     0.999
 3   125.844    -2.563     0.447
 3     0.355    -0.114    -0.928
 3     0.211     0.976    -0.038
 3     0.910    -0.183     0.370
 4   110.084    12.359   -16.028
 4     0.550    -0.646     0.530
 4     0.818     0.543    -0.186
 4    -0.168     0.535     0.827
 5   115.611    24.995    13.899
 5    -0.479     0.116     0.871
 5    -0.455     0.816    -0.357
 5    -0.751    -0.567    -0.338
 6   136.846    11.543     8.711
 6     0.644     0.746    -0.169
 6    -0.764     0.614    -0.196
 6    -0.044     0.254     0.966
 7   105.001   -19.065    -7.898
 7     0.112     0.607     0.787
 7    -0.978     0.207    -0.021
 7    -0.176    -0.767     0.617
 8   124.424   -37.067     3.256
 8     0.857     0.182     0.482
 8    -0.464    -0.136     0.875
 8     0.225    -0.974    -0.033
 9   136.037   -13.122     6.361
 9     0.223    -0.906     0.361
 9     0.955     0.128    -0.267
 9     0.196     0.404     0.893
 2    97.619   -19.428    59.070
 2     0.687    -0.727     0.003
 2     0.726     0.686     0.029
 2    -0.022    -0.018     0.999
 3   125.838    -2.565     0.352
 3     0.358    -0.116    -0.927
 3     0.211     0.976    -0.040
 3     0.909    -0.182     0.373
 4   109.838    12.199   -16.060
 4     0.548    -0.640     0.539
 4     0.818     0.545    -0.184
 4    -0.176     0.541     0.821
 5   115.646    25.009    13.793
 5    -0.489     0.099     0.867
 5    -0.458     0.817    -0.350
 5    -0.743    -0.568    -0.354
 6   136.968    11.704     8.066
 6     0.649     0.746    -0.150
 6    -0.757     0.617    -0.213
 6    -0.068     0.251     0.965
 7   105.002   -19.093    -7.891
 7     0.106     0.606     0.788
 7    -0.979     0.204    -0.026
 7    -0.177    -0.769     0.614
 8   124.141   -37.364     3.021
 8     0.851     0.154     0.501
 8    -0.482    -0.143     0.864
 8     0.205    -0.978    -0.048
 9   136.230   -13.852     5.458
 9     0.253    -0.893     0.372
 9     0.950     0.157    -0.266
 9     0.180     0.421     0.889
 2    97.619   -19.428    59.070
 2     0.687    -0.727     0.003
 2     0.726     0.686     0.029
 2    -0.022    -0.018     0.999
 3   125.837    -2.617     0.223
 3     0.359    -0.117    -0.926
 3     0.210     0.976    -0.042
 3     0.909    -0.180     0.374
 4   109.767    12.166   -16.041
 4     0.548    -0.633     0.548
 4     0.815     0.548    -0.183
 4    -0.184     0.547     0.816
 5   116.167    24.862    13.574
 5    -0.507     0.068     0.859
 5    -0.464     0.819    -0.338
 5    -0.726    -0.569    -0.384
 6   137.357    12.186     6.785
 6     0.662     0.743    -0.106
 6    -0.742     0.627    -0.235
 6    -0.109     0.233     0.966
 7   104.834   -19.147    -7.942
 7     0.094     0.606     0.789
 7    -0.980     0.195    -0.034
 7    -0.175    -0.771     0.613
 8   123.432   -37.862     3.282
 8     0.838     0.101     0.536
 8    -0.514    -0.186     0.837
 8     0.184    -0.977    -0.104
 9   136.715   -15.011     3.749
 9     0.314    -0.861     0.402
 9     0.943     0.231    -0.239
 9     0.114     0.454     0.883
 2    97.619   -19.428    59.070
 2     0.687    -0.727     0.003
 2     0.726     0.686     0.029
 2    -0.022    -0.019     0.999
 3   125.828    -2.722     0.112
 3     0.363    -0.112    -0.926
 3     0.210     0.977    -0.035
 3     0.907    -0.183     0.377
 4   109.373    12.001   -16.024
 4     0.538    -0.630     0.562
 4     0.818     0.548    -0.170
 4    -0.201     0.551     0.809
 5   116.219    24.815    13.573
 5    -0.523    -0.006     0.853
 5    -0.483     0.826    -0.290
 5    -0.702    -0.563    -0.435
 6   137.510    13.467     5.219
 6     0.686     0.726    -0.053
 6    -0.707     0.648    -0.283
 6    -0.171     0.231     0.957
 7   104.751   -19.194    -7.803
 7     0.088     0.603     0.792
 7    -0.982     0.187    -0.034
 7    -0.169    -0.775     0.609
 8   122.836   -38.162     3.539
 8     0.820     0.018     0.572
 8    -0.553    -0.238     0.798
 8     0.150    -0.971    -0.186
 9   137.233   -16.422     1.519
 9     0.384    -0.817     0.434
 9     0.923     0.324    -0.203
 9     0.026     0.477     0.878
 2    97.619   -19.428    59.070
 2     0.687    -0.727     0.003
 2     0.726     0.686     0.029
 2    -0.022    -0.019     0.999
 3   125.773    -2.725     0.120
 3     0.366    -0.107    -0.924
 3     0.211     0.977    -0.029
 3     0.906    -0.185     0.380
 4   109.171    11.917   -15.999
 4     0.530    -0.628     0.571
 4     0.821     0.546    -0.161
 4    -0.211     0.554     0.805
 5   116.141    24.715    13.662
 5    -0.527    -0.048     0.849
 5    -0.491     0.832    -0.257
 5    -0.693    -0.552    -0.462
 6   137.323    14.470     4.292
 6     0.703     0.711    -0.013
 6    -0.674     0.660    -0.331
 6    -0.226     0.241     0.943
 7   104.685   -19.192    -7.785
 7     0.086     0.601     0.795
 7    -0.982     0.184    -0.034
 7    -0.166    -0.778     0.606
 8   122.451   -38.343     3.935
 8     0.805    -0.026     0.593
 8    -0.575    -0.274     0.770
 8     0.142    -0.961    -0.236
 9   137.218   -17.477     0.273
 9     0.416    -0.787     0.459
 9     0.908     0.380    -0.170
 9    -0.040     0.486     0.872
 2    97.619   -19.428    59.070
 2     0.687    -0.727     0.003
 2     0.726     0.686     0.029
 2    -0.022    -0.019     0.999
 3   125.743    -2.728     0.076
 3     0.369    -0.105    -0.924
 3     0.210     0.977    -0.027
 3     0.905    -0.185     0.382
 4   108.842    11.910   -15.976
 4     0.521    -0.626     0.582
 4     0.824     0.544    -0.153
 4    -0.221     0.559     0.799
 5   116.402    24.450    13.704
 5    -0.545    -0.101     0.832
 5    -0.496     0.839    -0.222
 5    -0.676    -0.534    -0.508
 6   137.152    15.222     2.830
 6     0.701     0.712     0.026
 6    -0.648     0.652    -0.392
 6    -0.296     0.258     0.919
 7   104.480   -19.238    -7.623
 7     0.079     0.596     0.799
 7    -0.984     0.174    -0.033
 7    -0.159    -0.784     0.600
 8   122.306   -38.056     4.906
 8     0.797    -0.121     0.593
 8    -0.592    -0.356     0.722
 8     0.123    -0.926    -0.355
 9   137.027   -18.655    -2.589
 9     0.444    -0.734     0.518
 9     0.877     0.472    -0.080
 9    -0.185     0.488     0.852
 2    97.619   -19.428    59.070
 2     0.687    -0.727     0.003
 2     0.726     0.686     0.029
 2    -0.022    -0.019     0.999
 3   125.624    -2.757    -0.032
 3     0.375    -0.111    -0.920
 3     0.214     0.976    -0.030
 3     0.902    -0.186     0.390
 4   108.420    11.802   -15.882
 4     0.517    -0.620     0.591
 4     0.825     0.544    -0.150
 4    -0.229     0.565     0.792
 5   116.810    23.801    14.071
 5    -0.579    -0.144     0.803
 5    -0.481     0.855    -0.193
 5    -0.658    -0.498    -0.564
 6   136.214    15.314     0.713
 6     0.665     0.738     0.119
 6    -0.627     0.637    -0.449
 6    -0.407     0.224     0.885
 7   104.363   -19.262    -7.568
 7     0.077     0.585     0.807
 7    -0.984     0.173    -0.032
 7    -0.159    -0.792     0.589
 8   122.763   -37.515     5.345
 8     0.799    -0.199     0.568
 8    -0.593    -0.417     0.688
 8     0.100    -0.887    -0.451
 9   136.790   -19.566    -5.463
 9     0.445    -0.694     0.569
 9     0.839     0.542     0.008
 9    -0.313     0.473     0.822
 2    97.619   -19.428    59.070
 2     0.687    -0.727     0.003
 2     0.726     0.686     0.029
 2    -0.022    -0.019     0.999
 3   125.472    -2.588    -0.237
 3     0.384    -0.126    -0.915
 3     0.215     0.975    -0.043
 3     0.898    -0.182     0.401
 4   107.622    11.892   -15.750
 4     0.502    -0.610     0.613
 4     0.829     0.540    -0.142
 4    -0.244     0.579     0.776
 5   117.647    23.646    13.815
 5    -0.625    -0.182     0.760
 5    -0.470     0.864    -0.179
 5    -0.624    -0.469    -0.625
 6   135.585    15.892    -1.514
 6     0.619     0.770     0.156
 6    -0.605     0.594    -0.530
 6    -0.500     0.233     0.833
 7   104.243   -19.261    -7.434
 7     0.076     0.573     0.816
 7    -0.984     0.174    -0.031
 7    -0.160    -0.800     0.577
 8   123.187   -36.924     5.672
 8     0.801    -0.277     0.530
 8    -0.594    -0.475     0.650
 8     0.072    -0.835    -0.544
 9   136.260   -20.944    -8.562
 9     0.431    -0.661     0.616
 9     0.785     0.609     0.106
 9    -0.445     0.438     0.780
 2    97.619   -19.428    59.070
 2     0.687    -0.728     0.003
 2     0.726     0.686     0.029
 2    -0.022    -0.019     0.999
 3   125.398    -2.416    -0.502
 3     0.389    -0.143    -0.910
 3     0.216     0.974    -0.060
 3     0.895    -0.174     0.410
 4   107.165    11.882   -15.651
 4     0.498    -0.599     0.629
 4     0.829     0.540    -0.142
 4    -0.255     0.591     0.764
 5   118.913    23.436    13.522
 5    -0.668    -0.236     0.706
 5    -0.470     0.869    -0.154
 5    -0.576    -0.435    -0.691
 6   135.000    17.136    -4.307
 6     0.567     0.793     0.222
 6    -0.554     0.566    -0.611
 6    -0.609     0.224     0.760
 7   104.323   -19.255    -7.439
 7     0.084     0.565     0.821
 7    -0.984     0.178    -0.022
 7    -0.159    -0.806     0.571
 8   123.719   -36.516     5.785
 8     0.788    -0.369     0.492
 8    -0.614    -0.526     0.589
 8     0.041    -0.767    -0.640
 9   135.278   -24.042   -12.628
 9     0.407    -0.610     0.683
 9     0.688     0.693     0.210
 9    -0.600     0.385     0.699
 2    97.619   -19.428    59.070
 2     0.687    -0.727     0.003
 2     0.726     0.686     0.029
 2    -0.022    -0.019     0.999
 3   125.439    -2.215    -0.677
 3     0.391    -0.154    -0.908
 3     0.216     0.974    -0.071
 3     0.894    -0.169     0.413
 4   106.545    11.954   -15.631
 4     0.475    -0.595     0.649
 4     0.838     0.529    -0.129
 4    -0.267     0.605     0.749
 5   119.422    23.444    13.069
 5    -0.688    -0.328     0.648
 5    -0.494     0.865    -0.088
 5    -0.531    -0.380    -0.756
 6   133.686    19.907    -6.663
 6     0.528     0.800     0.286
 6    -0.459     0.551    -0.697
 6    -0.714     0.237     0.657
 7   104.448   -19.227    -7.387
 7     0.090     0.560     0.823
 7    -0.983     0.182    -0.017
 7    -0.160    -0.808     0.567
 8   123.978   -36.152     5.932
 8     0.764    -0.467     0.446
 8    -0.645    -0.571     0.508
 8     0.017    -0.675    -0.737
 9   132.944   -28.599   -15.839
 9     0.347    -0.548     0.764
 9     0.534     0.781     0.318
 9    -0.771     0.298     0.561
 2    97.619   -19.428    59.070
 2     0.687    -0.728     0.003
 2     0.726     0.686     0.029
 2    -0.022    -0.019     0.999
 3   125.428    -1.939    -0.929
 3     0.395    -0.166    -0.904
 3     0.214     0.973    -0.084
 3     0.893    -0.161     0.419
 4   105.882    12.054   -15.467
 4     0.448    -0.595     0.668
 4     0.850     0.513    -0.112
 4    -0.276     0.618     0.735
 5   119.737    23.194    12.735
 5    -0.695    -0.416     0.587
 5    -0.523     0.851    -0.017
 5    -0.492    -0.319    -0.809
 6   131.979    22.385    -8.240
 6     0.480     0.800     0.360
 6    -0.364     0.554    -0.749
 6    -0.798     0.229     0.556
 7   104.572   -19.213    -7.330
 7     0.098     0.564     0.820
 7    -0.984     0.176    -0.004
 7    -0.147    -0.807     0.572
 8   123.970   -35.764     7.041
 8     0.733    -0.538     0.418
 8    -0.679    -0.610     0.407
 8     0.036    -0.582    -0.812
 9   130.193   -33.338   -16.387
 9     0.282    -0.496     0.823
 9     0.377     0.844     0.379
 9    -0.882     0.205     0.422
 2    97.619   -19.428    59.070
 2     0.687    -0.727     0.003
 2     0.726     0.686     0.029
 2    -0.022    -0.019     0.999
 3   125.465    -1.764    -1.146
 3     0.399    -0.174    -0.901
 3     0.217     0.972    -0.090
 3     0.891    -0.161     0.424
 4   105.368    11.932   -15.431
 4     0.410    -0.605     0.683
 4     0.867     0.490    -0.085
 4    -0.284     0.627     0.725
 5   119.632    23.632    12.381
 5    -0.666    -0.526     0.530
 5    -0.585     0.807     0.066
 5    -0.463    -0.265    -0.845
 6   129.533    26.359    -9.940
 6     0.434     0.767     0.474
 6    -0.237     0.603    -0.761
 6    -0.869     0.218     0.442
 7   104.502   -19.203    -7.155
 7     0.095     0.575     0.812
 7    -0.987     0.161     0.001
 7    -0.130    -0.802     0.583
 8   122.804   -36.109     7.930
 8     0.669    -0.620     0.411
 8    -0.741    -0.597     0.306
 8     0.055    -0.509    -0.858
 9   126.786   -38.998   -16.234
 9     0.222    -0.468     0.857
 9     0.208     0.880     0.426
 9    -0.952     0.085     0.291
 2    97.619   -19.428    59.070
 2     0.687    -0.727     0.003
 2     0.726     0.686     0.029
 2    -0.022    -0.018     0.999
 3   125.400    -1.544    -1.343
 3     0.407    -0.152    -0.901
 3     0.219     0.973    -0.065
 3     0.887    -0.171     0.429
 4   104.635    11.945   -15.292
 4     0.362    -0.613     0.703
 4     0.887     0.457    -0.058
 4    -0.286     0.644     0.708
 5   118.743    23.840    12.673
 5    -0.620    -0.617     0.487
 5    -0.637     0.756     0.147
 5    -0.458    -0.218    -0.861
 6   127.532    30.638    -9.928
 6     0.442     0.711     0.549
 6    -0.077     0.638    -0.766
 6    -0.894     0.295     0.335
 7   104.265   -19.102    -7.043
 7     0.087     0.581     0.809
 7    -0.988     0.151    -0.003
 7    -0.124    -0.800     0.587
 8   121.115   -36.748     8.620
 8     0.599    -0.675     0.433
 8    -0.796    -0.555     0.237
 8     0.080    -0.486    -0.869
 9   124.132   -43.516   -14.881
 9     0.196    -0.456     0.869
 9     0.078     0.890     0.448
 9    -0.978    -0.018     0.208
 2    97.619   -19.428    59.070
 2     0.687    -0.727     0.003
 2     0.726     0.686     0.029
 2    -0.022    -0.018     0.999
 3   125.226    -1.326    -1.627
 3     0.416    -0.158    -0.896
 3     0.215     0.974    -0.071
 3     0.883    -0.163     0.438
 4   103.778    11.997   -15.161
 4     0.306    -0.628     0.716
 4     0.911     0.410    -0.029
 4    -0.276     0.661     0.697
 5   117.032    24.063    13.225
 5    -0.561    -0.683     0.471
 5    -0.677     0.703     0.213
 5    -0.476    -0.199    -0.856
 6   125.312    34.675    -9.142
 6     0.456     0.666     0.592
 6     0.060     0.639    -0.766
 6    -0.888     0.384     0.250
 7   104.179   -19.021    -7.022
 7     0.087     0.589     0.803
 7    -0.990     0.144     0.002
 7    -0.115    -0.795     0.596
 8   119.522   -36.973     9.555
 8     0.534    -0.705     0.469
 8    -0.837    -0.519     0.170
 8     0.123    -0.483    -0.866
 9   121.996   -47.052   -12.709
 9     0.175    -0.459     0.872
 9    -0.034     0.881     0.469
 9    -0.984    -0.110     0.137
 2    97.619   -19.428    59.070
 2     0.687    -0.727     0.003
 2     0.726     0.686     0.029
 2    -0.022    -0.019     0.999
 3   125.133    -1.029    -1.941
 3     0.424    -0.161    -0.892
 3     0.212     0.974    -0.074
 3     0.880    -0.158     0.446
 4   102.997    12.128   -14.956
 4     0.246    -0.641     0.728
 4     0.932     0.361     0.003
 4    -0.265     0.678     0.685
 5   115.251    24.364    13.713
 5    -0.499    -0.743     0.447
 5    -0.714     0.643     0.273
 5    -0.490    -0.183    -0.852
 6   122.517    38.768    -8.131
 6     0.456     0.618     0.643
 6     0.201     0.630    -0.748
 6    -0.867     0.469     0.162
 7   104.115   -18.789    -7.049
 7     0.086     0.600     0.795
 7    -0.990     0.137     0.003
 7    -0.107    -0.788     0.606
 8   117.769   -36.823    10.453
 8     0.464    -0.734     0.499
 8    -0.871    -0.479     0.105
 8     0.161    -0.482    -0.860
 9   119.835   -50.653   -10.558
 9     0.148    -0.497     0.856
 9    -0.157     0.842     0.515
 9    -0.976    -0.210     0.045
 2    97.619   -19.428    59.070
 2     0.687    -0.727     0.003
 2     0.726     0.686     0.029
 2    -0.022    -0.019     0.999
 3   125.051    -0.509    -2.298
 3     0.436    -0.172    -0.884
 3     0.207     0.974    -0.086
 3     0.875    -0.146     0.460
 4   102.047    12.303   -14.767
 4     0.165    -0.662     0.731
 4     0.957     0.286     0.043
 4    -0.238     0.692     0.681
 5   112.557    24.259    14.874
 5    -0.420    -0.797     0.437
 5    -0.737     0.578     0.348
 5    -0.529    -0.176    -0.829
 6   119.471    41.678    -5.645
 6     0.463     0.556     0.692
 6     0.323     0.621    -0.713
 6    -0.825     0.553     0.107
 7   104.025   -18.504    -7.133
 7     0.091     0.612     0.785
 7    -0.991     0.133     0.011
 7    -0.098    -0.779     0.619
 8   115.230   -36.477    11.477
 8     0.364    -0.745     0.561
 8    -0.904    -0.426     0.018
 8     0.226    -0.513    -0.827
 9   116.844   -53.688    -7.433
 9     0.142    -0.498     0.856
 9    -0.288     0.806     0.516
 9    -0.947    -0.319    -0.031
 2    97.619   -19.428    59.070
 2     0.687    -0.727     0.003
 2     0.726     0.686     0.029
 2    -0.022    -0.019     0.999
 3   124.849     0.189    -2.750
 3     0.448    -0.197    -0.872
 3     0.197     0.973    -0.117
 3     0.872    -0.120     0.474
 4   101.128    12.565   -14.468
 4     0.099    -0.673     0.733
 4     0.970     0.229     0.080
 4    -0.222     0.703     0.675
 5   110.645    24.236    15.646
 5    -0.360    -0.836     0.416
 5    -0.750     0.523     0.405
 5    -0.555    -0.166    -0.814
 6   116.831    44.001    -4.333
 6     0.451     0.526     0.722
 6     0.405     0.600    -0.689
 6    -0.796     0.602     0.057
 7   103.767   -18.118    -7.258
 7     0.071     0.639     0.766
 7    -0.995     0.101     0.007
 7    -0.073    -0.763     0.642
 8   112.871   -35.645    12.684
 8     0.284    -0.752     0.595
 8    -0.917    -0.392    -0.060
 8     0.278    -0.529    -0.801
 9   113.663   -56.305    -4.348
 9     0.103    -0.584     0.805
 9    -0.410     0.713     0.568
 9    -0.906    -0.388    -0.167
 2    97.619   -19.428    59.121
 2     0.687    -0.727     0.003
 2     0.726     0.686     0.029
 2    -0.022    -0.019     0.999
 3   124.663     0.230    -2.921
 3     0.455    -0.193    -0.870
 3     0.187     0.975    -0.117
 3     0.870    -0.109     0.479
 4   100.780    12.451   -14.259
 4     0.069    -0.678     0.732
 4     0.974     0.204     0.097
 4    -0.216     0.706     0.674
 5   109.609    23.906    16.183
 5    -0.326    -0.854     0.407
 5    -0.756     0.492     0.430
 5    -0.568    -0.167    -0.806
 6   115.361    46.184    -2.479
 6     0.440     0.545     0.715
 6     0.501     0.512    -0.697
 6    -0.745     0.664    -0.048
 7   103.226   -17.896    -7.482
 7     0.034     0.660     0.750
 7    -0.998     0.062    -0.010
 7    -0.054    -0.749     0.661
 8   110.532   -35.007    13.272
 8     0.213    -0.751     0.626
 8    -0.927    -0.356    -0.113
 8     0.308    -0.556    -0.771
 9   110.916   -58.065    -1.618
 9     0.064    -0.698     0.713
 9    -0.518     0.587     0.621
 9    -0.853    -0.409    -0.324
 2    97.619   -19.428    59.070
 2     0.687    -0.727     0.003
 2     0.726     0.686     0.029
 2    -0.022    -0.019     0.999
 3   124.531     0.270    -3.098
 3     0.463    -0.190    -0.866
 3     0.172     0.977    -0.122
 3     0.869    -0.093     0.485
 4   100.642    12.652   -14.182
 4     0.047    -0.690     0.723
 4     0.979     0.174     0.102
 4    -0.197     0.703     0.683
 5   108.607    23.684    16.804
 5    -0.290    -0.864     0.412
 5    -0.749     0.473     0.464
 5    -0.596    -0.174    -0.784
 6   114.288    47.925    -0.117
 6     0.441     0.525     0.729
 6     0.580     0.452    -0.676
 6    -0.684     0.721    -0.105
 7   103.178   -17.616    -7.712
 7     0.014     0.681     0.732
 7    -0.999     0.036    -0.015
 7    -0.036    -0.731     0.681
 8   109.038   -34.336    13.594
 8     0.160    -0.736     0.658
 8    -0.927    -0.341    -0.156
 8     0.339    -0.585    -0.736
 9   109.557   -59.547     0.964
 9     0.047    -0.786     0.617
 9    -0.614     0.464     0.637
 9    -0.788    -0.409    -0.461
 2    97.619   -19.428    59.070
 2     0.687    -0.727     0.003
 2     0.726     0.686     0.029
 2    -0.022    -0.019     0.999
 3   124.594     0.295    -3.069
 3     0.460    -0.189    -0.868
 3     0.162     0.978    -0.126
 3     0.872    -0.083     0.481
 4   100.801    12.697   -14.222
 4     0.030    -0.701     0.712
 4     0.983     0.150     0.106
 4    -0.181     0.697     0.693
 5   107.910    23.106    17.259
 5    -0.261    -0.873     0.413
 5    -0.736     0.456     0.500
 5    -0.625    -0.174    -0.761
 6   113.661    49.324     2.270
 6     0.441     0.538     0.719
 6     0.659     0.349    -0.665
 6    -0.609     0.767    -0.200
 7   103.206   -17.611    -7.759
 7     0.002     0.693     0.721
 7    -1.000     0.016    -0.012
 7    -0.020    -0.721     0.693
 8   108.359   -33.800    13.925
 8     0.127    -0.731     0.671
 8    -0.919    -0.340    -0.197
 8     0.372    -0.592    -0.715
 9   108.457   -60.711     3.224
 9     0.023    -0.819     0.574
 9    -0.694     0.400     0.598
 9    -0.719    -0.411    -0.560
 2    97.619   -19.428    59.070
 2     0.687    -0.727     0.003
 2     0.726     0.686     0.029
 2    -0.022    -0.019     0.999
 3   124.554     0.296    -3.083
 3     0.459    -0.188    -0.869
 3     0.159     0.979    -0.127
 3     0.874    -0.080     0.479
 4   100.679    12.629   -14.182
 4     0.010    -0.707     0.707
 4     0.984     0.132     0.118
 4    -0.177     0.695     0.697
 5   107.227    22.926    17.404
 5    -0.233    -0.883     0.408
 5    -0.737     0.433     0.519
 5    -0.634    -0.180    -0.751
 6   112.256    50.297     3.325
 6     0.417     0.535     0.736
 6     0.702     0.324    -0.633
 6    -0.577     0.780    -0.240
 7   103.068   -17.538    -7.720
 7    -0.013     0.698     0.716
 7    -1.000     0.001    -0.019
 7    -0.014    -0.716     0.697
 8   107.705   -33.496    13.972
 8     0.099    -0.734     0.672
 8    -0.915    -0.332    -0.229
 8     0.391    -0.593    -0.704
 9   107.016   -61.419     4.383
 9    -0.011    -0.806     0.593
 9    -0.733     0.409     0.542
 9    -0.680    -0.428    -0.595
 2    97.619   -19.428    59.070
 2     0.687    -0.727     0.003
 2     0.726     0.686     0.029
 2    -0.022    -0.019     0.999
 3   124.570     0.297    -3.102
 3     0.456    -0.183    -0.872
 3     0.152     0.980    -0.125
 3     0.877    -0.076     0.474
 4   100.620    12.766   -14.075
 4     0.001    -0.711     0.703
 4     0.985     0.119     0.119
 4    -0.169     0.693     0.700
 5   106.964    22.735    17.872
 5    -0.223    -0.885     0.409
 5    -0.726     0.430     0.536
 5    -0.650    -0.177    -0.738
 6   111.902    51.134     4.976
 6     0.405     0.530     0.746
 6     0.745     0.280    -0.604
 6    -0.529     0.800    -0.281
 7   102.944   -17.388    -7.768
 7    -0.019     0.697     0.716
 7    -1.000    -0.004    -0.024
 7    -0.014    -0.717     0.697
 8   107.530   -33.500    13.925
 8     0.090    -0.736     0.671
 8    -0.916    -0.325    -0.235
 8     0.391    -0.594    -0.702
 9   106.683   -61.773     4.621
 9    -0.023    -0.819     0.574
 9    -0.750     0.393     0.531
 9    -0.661    -0.418    -0.623
 2    97.619   -19.428    59.070
 2     0.687    -0.727     0.003
 2     0.726     0.686     0.029
 2    -0.022    -0.019     0.999
 3   124.448     0.447    -3.112
 3     0.456    -0.185    -0.871
 3     0.146     0.980    -0.132
 3     0.878    -0.068     0.473
 4   100.565    13.037   -14.064
 4     0.016    -0.707     0.707
 4     0.985     0.133     0.111
 4    -0.173     0.694     0.698
 5   107.805    23.556    17.382
 5    -0.266    -0.865     0.427
 5    -0.736     0.467     0.490
 5    -0.623    -0.184    -0.760
 6   114.770    48.881     1.644
 6     0.467     0.545     0.697
 6     0.611     0.369    -0.698
 6    -0.638     0.752    -0.161
 7   102.967   -17.321    -7.675
 7    -0.015     0.693     0.720
 7    -1.000     0.010    -0.030
 7    -0.028    -0.721     0.693
 8   108.439   -34.509    13.046
 8     0.136    -0.732     0.668
 8    -0.934    -0.320    -0.161
 8     0.331    -0.602    -0.726
 9   109.290   -60.475     0.362
 9     0.031    -0.818     0.575
 9    -0.631     0.430     0.645
 9    -0.775    -0.383    -0.503
 2    97.619   -19.428    59.070
 2     0.687    -0.727     0.003
 2     0.726     0.686     0.029
 2    -0.022    -0.019     0.999
 3   124.566     0.394    -2.979
 3     0.457    -0.187    -0.870
 3     0.145     0.980    -0.134
 3     0.877    -0.065     0.474
 4   101.044    12.890   -14.212
 4     0.086    -0.683     0.725
 4     0.975     0.206     0.078
 4    -0.203     0.700     0.684
 5   110.471    24.149    16.354
 5    -0.376    -0.805     0.459
 5    -0.731     0.561     0.387
 5    -0.570    -0.190    -0.799
 6   119.271    45.473    -1.838
 6     0.507     0.619     0.601
 6     0.461     0.393    -0.794
 6    -0.728     0.679    -0.086
 7   103.120   -17.400    -7.514
 7    -0.004     0.687     0.726
 7    -0.999     0.026    -0.030
 7    -0.040    -0.726     0.686
 8   109.616   -35.300    12.700
 8     0.191    -0.721     0.667
 8    -0.937    -0.335    -0.095
 8     0.291    -0.607    -0.739
 9   112.615   -57.977    -2.987
 9     0.117    -0.806     0.580
 9    -0.476     0.467     0.745
 9    -0.872    -0.363    -0.329
 2    97.619   -19.428    59.070
 2     0.687    -0.727     0.003
 2     0.726     0.686     0.029
 2    -0.022    -0.019     0.999
 3   124.817     0.045    -2.787
 3     0.456    -0.183    -0.871
 3     0.158     0.979    -0.122
 3     0.876    -0.083     0.475
 4   101.808    12.663   -14.474
 4     0.163    -0.667     0.727
 4     0.958     0.281     0.042
 4    -0.233     0.690     0.684
 5   113.122    24.407    15.146
 5    -0.461    -0.752     0.472
 5    -0.710     0.630     0.313
 5    -0.532    -0.190    -0.824
 6   123.767    41.614    -4.568
 6     0.557     0.654     0.514
 6     0.302     0.415    -0.857
 6    -0.774     0.632     0.033
 7   103.251   -17.750    -7.034
 7     0.002     0.680     0.733
 7    -0.999     0.030    -0.025
 7    -0.039    -0.732     0.680
 8   110.762   -36.242    12.443
 8     0.279    -0.672     0.686
 8    -0.927    -0.374     0.010
 8     0.250    -0.639    -0.727
 9   117.823   -54.725    -4.928
 9     0.258    -0.825     0.503
 9    -0.315     0.420     0.851
 9    -0.913    -0.378    -0.151
 2    97.619   -19.428    59.070
 2     0.687    -0.727     0.003
 2     0.726     0.686     0.029
 2    -0.022    -0.019     0.999
 3   124.977    -0.481    -2.473
 3     0.454    -0.181    -0.873
 3     0.179     0.978    -0.109
 3     0.872    -0.108     0.476
 4   102.576    12.324   -14.817
 4     0.226    -0.658     0.719
 4     0.941     0.336     0.012
 4    -0.250     0.674     0.695
 5   114.668    24.107    14.482
 5    -0.544    -0.653     0.529
 5    -0.663     0.719     0.206
 5    -0.514    -0.238    -0.823
 6   127.137    36.574    -5.898
 6     0.589     0.694     0.416
 6     0.123     0.430    -0.894
 6    -0.799     0.577     0.167
 7   103.749   -18.137    -6.869
 7     0.040     0.671     0.740
 7    -0.998     0.056     0.003
 7    -0.040    -0.740     0.672
 8   113.154   -36.709    12.095
 8     0.394    -0.595     0.701
 8    -0.891    -0.433     0.132
 8     0.225    -0.677    -0.700
 9   124.435   -49.820    -6.035
 9     0.402    -0.830     0.388
 9    -0.117     0.373     0.920
 9    -0.908    -0.415     0.053
 2    97.619   -19.428    59.070
 2     0.687    -0.727     0.003
 2     0.726     0.686     0.029
 2    -0.022    -0.019     0.999
 3   125.317    -0.514    -2.130
 3     0.442    -0.194    -0.876
 3     0.199     0.973    -0.114
 3     0.875    -0.125     0.468
 4   103.329    12.301   -15.002
 4     0.273    -0.653     0.707
 4     0.926     0.376    -0.009
 4    -0.260     0.657     0.707
 5   116.007    24.305    13.818
 5    -0.594    -0.557     0.582
 5    -0.618     0.777     0.112
 5    -0.515    -0.292    -0.805
 6   130.693    31.881    -6.304
 6     0.633     0.699     0.335
 6    -0.054     0.469    -0.881
 6    -0.772     0.539     0.334
 7   104.239   -18.131    -6.874
 7     0.078     0.670     0.738
 7    -0.995     0.091     0.022
 7    -0.053    -0.737     0.674
 8   114.981   -37.117    10.973
 8     0.488    -0.505     0.713
 8    -0.850    -0.459     0.257
 8     0.197    -0.731    -0.652
 9   129.751   -44.073    -7.032
 9     0.520    -0.810     0.271
 9     0.111     0.380     0.918
 9    -0.847    -0.447     0.288
 2    97.619   -19.428    59.070
 2     0.687    -0.727     0.003
 2     0.726     0.686     0.029
 2    -0.022    -0.019     0.999
 3   125.560    -0.402    -1.951
 3     0.431    -0.202    -0.880
 3     0.202     0.971    -0.123
 3     0.879    -0.126     0.458
 4   104.281    12.714   -15.159
 4     0.331    -0.642     0.692
 4     0.906     0.419    -0.045
 4    -0.261     0.642     0.720
 5   116.928    24.409    13.887
 5    -0.631    -0.446     0.635
 5    -0.561     0.827     0.022
 5    -0.535    -0.342    -0.772
 6   133.437    28.236    -5.370
 6     0.660     0.708     0.249
 6    -0.185     0.475    -0.860
 6    -0.728     0.521     0.445
 7   104.486   -18.118    -7.100
 7     0.094     0.675     0.732
 7    -0.993     0.118     0.018
 7    -0.074    -0.728     0.681
 8   116.285   -37.770     9.292
 8     0.564    -0.413     0.717
 8    -0.810    -0.445     0.380
 8     0.162    -0.794    -0.584
 9   133.629   -37.891    -7.308
 9     0.580    -0.797     0.167
 9     0.365     0.439     0.820
 9    -0.728    -0.414     0.547
 2    97.619   -19.428    59.070
 2     0.687    -0.727     0.003
 2     0.726     0.686     0.029
 2    -0.022    -0.019     0.999
 3   125.714    -0.543    -1.786
 3     0.419    -0.208    -0.885
 3     0.201     0.970    -0.132
 3     0.885    -0.124     0.447
 4   104.825    12.673   -15.216
 4     0.376    -0.631     0.680
 4     0.888     0.453    -0.071
 4    -0.263     0.630     0.730
 5   117.800    23.920    13.866
 5    -0.661    -0.354     0.663
 5    -0.509     0.859    -0.050
 5    -0.552    -0.370    -0.747
 6   135.392    23.356    -4.295
 6     0.656     0.733     0.177
 6    -0.349     0.503    -0.790
 6    -0.669     0.456     0.586
 7   104.799   -18.375    -7.123
 7     0.113     0.681     0.723
 7    -0.990     0.140     0.021
 7    -0.087    -0.719     0.690
 8   117.366   -38.558     7.721
 8     0.617    -0.335     0.713
 8    -0.776    -0.404     0.483
 8     0.126    -0.851    -0.508
 9   136.058   -33.068    -7.407
 9     0.592    -0.799     0.106
 9     0.561     0.504     0.656
 9    -0.579    -0.328     0.747
 2    97.619   -19.428    59.070
 2     0.687    -0.727     0.003
 2     0.726     0.686     0.029
 2    -0.022    -0.018     0.999
 3   125.973    -0.882    -1.617
 3     0.403    -0.203    -0.893
 3     0.206     0.970    -0.127
 3     0.891    -0.133     0.432
 4   105.611    12.385   -15.336
 4     0.417    -0.627     0.658
 4     0.871     0.481    -0.093
 4    -0.259     0.612     0.747
 5   117.883    23.775    13.855
 5    -0.662    -0.228     0.714
 5    -0.463     0.873    -0.151
 5    -0.589    -0.430    -0.684
 6   136.281    19.703    -2.953
 6     0.649     0.748     0.138
 6    -0.474     0.540    -0.695
 6    -0.595     0.385     0.705
 7   105.042   -18.510    -7.088
 7     0.120     0.682     0.720
 7    -0.988     0.155     0.017
 7    -0.100    -0.714     0.693
 8   117.815   -39.431     5.737
 8     0.640    -0.272     0.719
 8    -0.763    -0.340     0.550
 8     0.095    -0.900    -0.424
 9   137.382   -29.552    -6.404
 9     0.592    -0.800     0.101
 9     0.698     0.572     0.430
 9    -0.402    -0.183     0.897
 2    97.619   -19.428    59.070
 2     0.687    -0.728     0.003
 2     0.726     0.686     0.029
 2    -0.022    -0.019     0.999
 3   126.131    -1.175    -1.289
 3     0.391    -0.193    -0.900
 3     0.207     0.971    -0.117
 3     0.896    -0.141     0.419
 4   106.474    12.258   -15.489
 4     0.443    -0.636     0.632
 4     0.860     0.499    -0.100
 4    -0.252     0.588     0.768
 5   117.395    24.351    13.564
 5    -0.639    -0.119     0.760
 5    -0.453     0.856    -0.247
 5    -0.621    -0.502    -0.601
 6   136.812    16.509    -0.571
 6     0.642     0.764     0.064
 6    -0.607     0.557    -0.566
 6    -0.468     0.324     0.821
 7   105.260   -18.692    -7.074
 7     0.136     0.675     0.725
 7    -0.984     0.177     0.020
 7    -0.115    -0.716     0.688
 8   118.296   -40.296     3.181
 8     0.659    -0.201     0.724
 8    -0.750    -0.240     0.616
 8     0.050    -0.950    -0.308
 9   137.834   -26.354    -5.538
 9     0.575    -0.789     0.220
 9     0.797     0.599     0.070
 9    -0.186     0.135     0.973
 2    97.619   -19.428    59.070
 2     0.687    -0.727     0.003
 2     0.726     0.686     0.029
 2    -0.022    -0.019     0.999
 3   126.247    -1.619    -0.815
 3     0.377    -0.177    -0.909
 3     0.207     0.973    -0.102
 3     0.902    -0.151     0.403
 4   107.469    12.269   -15.474
 4     0.473    -0.646     0.600
 4     0.850     0.513    -0.118
 4    -0.232     0.565     0.791
 5   116.821    24.537    14.111
 5    -0.597    -0.012     0.802
 5    -0.438     0.843    -0.312
 5    -0.672    -0.538    -0.509
 6   136.954    13.808     2.763
 6     0.641     0.766     0.029
 6    -0.688     0.592    -0.420
 6    -0.339     0.249     0.907
 7   105.184   -18.803    -7.217
 7     0.137     0.674     0.725
 7    -0.982     0.187     0.012
 7    -0.127    -0.714     0.688
 8   119.063   -40.382     1.794
 8     0.703    -0.095     0.705
 8    -0.709    -0.163     0.685
 8     0.050    -0.982    -0.182
 9   138.221   -22.944    -2.100
 9     0.536    -0.785     0.314
 9     0.844     0.491    -0.211
 9     0.013     0.377     0.925
 2    97.619   -19.427    59.070
 2     0.686    -0.728     0.003
 2     0.727     0.685     0.029
 2    -0.022    -0.019     0.999
 3   126.108    -2.033    -0.160
 3     0.359    -0.155    -0.921
 3     0.203     0.975    -0.084
 3     0.911    -0.158     0.381
 4   108.438    12.337   -15.436
 4     0.509    -0.653     0.562
 4     0.836     0.528    -0.145
 4    -0.202     0.543     0.814
 5   116.533    24.606    14.462
 5    -0.560     0.052     0.827
 5    -0.434     0.833    -0.345
 5    -0.706    -0.551    -0.444
 6   137.580    13.061     5.554
 6     0.669     0.743    -0.019
 6    -0.709     0.630    -0.315
 6    -0.222     0.224     0.948
 7   105.156   -18.890    -7.358
 7     0.135     0.677     0.723
 7    -0.981     0.193     0.002
 7    -0.139    -0.710     0.690
 8   119.681   -40.234     1.784
 8     0.730    -0.022     0.682
 8    -0.678    -0.140     0.721
 8     0.079    -0.990    -0.117
 9   138.814   -21.793     0.738
 9     0.511    -0.809     0.295
 9     0.853     0.433    -0.286
 9     0.105     0.396     0.911
 2    97.619   -19.428    59.070
 2     0.687    -0.727     0.003
 2     0.726     0.686     0.029
 2    -0.022    -0.019     0.999
 3   126.122    -2.207    -0.046
 3     0.354    -0.150    -0.923
 3     0.201     0.976    -0.081
 3     0.913    -0.158     0.375
 4   109.138    12.486   -15.378
 4     0.526    -0.660     0.537
 4     0.832     0.528    -0.166
 4    -0.174     0.533     0.827
 5   115.932    24.482    15.154
 5    -0.518     0.087     0.852
 5    -0.428     0.835    -0.345
 5    -0.741    -0.543    -0.395
 6   137.505    12.562     8.296
 6     0.692     0.722    -0.017
 6    -0.713     0.679    -0.175
 6    -0.114     0.133     0.984
 7   105.199   -19.045    -7.350
 7     0.136     0.677     0.723
 7    -0.980     0.196     0.000
 7    -0.142    -0.709     0.691
 8   121.361   -39.336     2.574
 8     0.781     0.080     0.619
 8    -0.608    -0.128     0.783
 8     0.141    -0.989    -0.051
 9   138.958   -18.990     4.586
 9     0.437    -0.840     0.324
 9     0.880     0.324    -0.344
 9     0.185     0.434     0.881
 2    97.619   -19.428    59.070
 2     0.687    -0.727     0.003
 2     0.726     0.686     0.029
 2    -0.022    -0.019     0.999
 3   126.003    -2.373     0.567
 3     0.343    -0.133    -0.930
 3     0.204     0.976    -0.064
 3     0.917    -0.169     0.362
 4   110.392    12.734   -15.747
 4     0.552    -0.666     0.504
 4     0.821     0.538    -0.188
 4    -0.146     0.516     0.843
 5   116.142    25.015    14.804
 5    -0.476     0.153     0.866
 5    -0.430     0.819    -0.379
 5    -0.767    -0.552    -0.325
 6   138.275    12.152    10.782
 6     0.694     0.712    -0.107
 6    -0.720     0.686    -0.102
 6     0.001     0.147     0.989
 7   105.426   -19.038    -7.455
 7     0.146     0.670     0.728
 7    -0.979     0.203     0.009
 7    -0.142    -0.714     0.685
 8   122.964   -37.908     4.169
 8     0.815     0.175     0.552
 8    -0.534    -0.143     0.833
 8     0.225    -0.974    -0.024
 9   139.632   -16.576     8.648
 9     0.407    -0.860     0.313
 9     0.881     0.277    -0.380
 9     0.242     0.429     0.870
 2    97.619   -19.428    59.070
 2     0.687    -0.727     0.003
 2     0.726     0.686     0.029
 2    -0.022    -0.019     0.999
 3   125.988    -2.241     0.870
 3     0.338    -0.125    -0.933
 3     0.208     0.976    -0.055
 3     0.918    -0.176     0.355
 4   111.387    13.007   -15.962
 4     0.570    -0.670     0.477
 4     0.813     0.544    -0.208
 4    -0.120     0.505     0.854
 5   116.099    24.979    15.113
 5    -0.447     0.187     0.875
 5    -0.424     0.817    -0.390
 5    -0.788    -0.545    -0.286
 6   138.492    12.000    12.356
 6     0.696     0.699    -0.164
 6    -0.715     0.694    -0.076
 6     0.060     0.170     0.983
 7   105.783   -19.056    -7.576
 7     0.154     0.670     0.726
 7    -0.979     0.204     0.018
 7    -0.137    -0.713     0.687
 8   123.775   -37.144     5.217
 8     0.825     0.240     0.512
 8    -0.489    -0.151     0.859
 8     0.283    -0.959    -0.008
 9   139.643   -15.287    10.663
 9     0.380    -0.874     0.305
 9     0.887     0.251    -0.383
 9     0.260     0.415     0.871
 2    97.619   -19.427    59.070
 2     0.686    -0.728     0.003
 2     0.727     0.685     0.029
 2    -0.022    -0.019     0.999
 3   125.941    -2.243     1.035
 3     0.339    -0.130    -0.932
 3     0.202     0.977    -0.062
 3     0.919    -0.167     0.356
 4   111.474    13.302   -15.781
 4     0.569    -0.677     0.469
 4     0.816     0.534    -0.218
 4    -0.103     0.506     0.856
 5   115.267    25.130    15.610
 5    -0.415     0.203     0.887
 5    -0.422     0.821    -0.384
 5    -0.806    -0.533    -0.255
 6   138.016    12.301    14.325
 6     0.705     0.675    -0.217
 6    -0.700     0.711    -0.061
 6     0.112     0.194     0.974
 7   105.671   -19.027    -7.484
 7     0.153     0.665     0.731
 7    -0.979     0.201     0.021
 7    -0.133    -0.719     0.682
 8   123.537   -36.776     6.076
 8     0.814     0.301     0.496
