% Calibrated with leiden_pols
% Positions are in centimeters
Data =[
 2    97.619   -19.428    59.070
 2     0.687    -0.727     0.003
 2     0.726     0.686     0.029
 2    -0.022    -0.019     0.999
 3   125.894    -2.562     0.473
 3     0.355    -0.114    -0.928
 3     0.212     0.976    -0.038
 3     0.910    -0.184     0.370
 4   110.271    12.362   -16.087
 4     0.552    -0.650     0.524
 4     0.818     0.544    -0.186
 4    -0.164     0.530     0.831
 5   115.519    25.040    13.964
 5    -0.472     0.122     0.873
 5    -0.454     0.816    -0.358
 5    -0.755    -0.565    -0.330
 6   136.822    11.553     9.083
 6     0.644     0.745    -0.178
 6    -0.765     0.616    -0.188
 6    -0.032     0.256     0.966
 7   105.105   -19.061    -7.910
 7     0.117     0.609     0.784
 7    -0.978     0.208    -0.016
 7    -0.173    -0.765     0.620
 8   124.546   -36.881     3.521
 8     0.857     0.197     0.477
 8    -0.458    -0.135     0.878
 8     0.237    -0.971    -0.026
 9   135.983   -12.911     6.930
 9     0.215    -0.913     0.347
 9     0.955     0.122    -0.269
 9     0.204     0.389     0.898
 2    97.619   -19.428    59.070
 2     0.687    -0.727     0.003
 2     0.726     0.686     0.029
 2    -0.022    -0.019     0.999
 3   125.844    -2.563     0.447
 3     0.355    -0.114    -0.928
 3     0.211     0.976    -0.038
 3     0.910    -0.183     0.370
 4   110.084    12.359   -16.028
 4     0.550    -0.646     0.530
 4     0.818     0.543    -0.186
 4    -0.168     0.535     0.827
 5   115.611    24.995    13.899
 5    -0.479     0.116     0.871
 5    -0.455     0.816    -0.357
 5    -0.751    -0.567    -0.338
 6   136.846    11.543     8.711
 6     0.644     0.746    -0.169
 6    -0.764     0.614    -0.196
 6    -0.044     0.254     0.966
 7   105.001   -19.065    -7.898
 7     0.112     0.607     0.787
 7    -0.978     0.207    -0.021
 7    -0.176    -0.767     0.617
 8   124.424   -37.067     3.256
 8     0.857     0.182     0.482
 8    -0.464    -0.136     0.875
 8     0.225    -0.974    -0.033
 9   136.037   -13.122     6.361
 9     0.223    -0.906     0.361
 9     0.955     0.128    -0.267
 9     0.196     0.404     0.893
 2    97.619   -19.428    59.070
 2     0.687    -0.727     0.003
 2     0.726     0.686     0.029
 2    -0.022    -0.018     0.999
 3   125.838    -2.565     0.352
 3     0.358    -0.116    -0.927
 3     0.211     0.976    -0.040
 3     0.909    -0.182     0.373
 4   109.838    12.199   -16.060
 4     0.548    -0.640     0.539
 4     0.818     0.545    -0.184
 4    -0.176     0.541     0.821
 5   115.646    25.009    13.793
 5    -0.489     0.099     0.867
 5    -0.458     0.817    -0.350
 5    -0.743    -0.568    -0.354
 6   136.968    11.704     8.066
 6     0.649     0.746    -0.150
 6    -0.757     0.617    -0.213
 6    -0.068     0.251     0.965
 7   105.002   -19.093    -7.891
 7     0.106     0.606     0.788
 7    -0.979     0.204    -0.026
 7    -0.177    -0.769     0.614
 8   124.141   -37.364     3.021
 8     0.851     0.154     0.501
 8    -0.482    -0.143     0.864
 8     0.205    -0.978    -0.048
 9   136.230   -13.852     5.458
 9     0.253    -0.893     0.372
 9     0.950     0.157    -0.266
 9     0.180     0.421     0.889
 2    97.619   -19.428    59.070
 2     0.687    -0.727     0.003
 2     0.726     0.686     0.029
 2    -0.022    -0.018     0.999
 3   125.837    -2.617     0.223
 3     0.359    -0.117    -0.926
 3     0.210     0.976    -0.042
 3     0.909    -0.180     0.374
 4   109.767    12.166   -16.041
 4     0.548    -0.633     0.548
 4     0.815     0.548    -0.183
 4    -0.184     0.547     0.816
 5   116.167    24.862    13.574
 5    -0.507     0.068     0.859
 5    -0.464     0.819    -0.338
 5    -0.726    -0.569    -0.384
 6   137.357    12.186     6.785
 6     0.662     0.743    -0.106
 6    -0.742     0.627    -0.235
 6    -0.109     0.233     0.966
 7   104.834   -19.147    -7.942
 7     0.094     0.606     0.789
 7    -0.980     0.195    -0.034
 7    -0.175    -0.771     0.613
 8   123.432   -37.862     3.282
 8     0.838     0.101     0.536
 8    -0.514    -0.186     0.837
 8     0.184    -0.977    -0.104
 9   136.715   -15.011     3.749
 9     0.314    -0.861     0.402
 9     0.943     0.231    -0.239
 9     0.114     0.454     0.883
 2    97.619   -19.428    59.070
 2     0.687    -0.727     0.003
 2     0.726     0.686     0.029
 2    -0.022    -0.019     0.999
 3   125.828    -2.722     0.112
 3     0.363    -0.112    -0.926
 3     0.210     0.977    -0.035
 3     0.907    -0.183     0.377
 4   109.373    12.001   -16.024
 4     0.538    -0.630     0.562
 4     0.818     0.548    -0.170
 4    -0.201     0.551     0.809
 5   116.219    24.815    13.573
 5    -0.523    -0.006     0.853
 5    -0.483     0.826    -0.290
 5    -0.702    -0.563    -0.435
 6   137.510    13.467     5.219
 6     0.686     0.726    -0.053
 6    -0.707     0.648    -0.283
 6    -0.171     0.231     0.957
 7   104.751   -19.194    -7.803
 7     0.088     0.603     0.792
 7    -0.982     0.187    -0.034
 7    -0.169    -0.775     0.609
 8   122.836   -38.162     3.539
 8     0.820     0.018     0.572
 8    -0.553    -0.238     0.798
 8     0.150    -0.971    -0.186
 9   137.233   -16.422     1.519
 9     0.384    -0.817     0.434
 9     0.923     0.324    -0.203
 9     0.026     0.477     0.878
 2    97.619   -19.428    59.070
 2     0.687    -0.727     0.003
 2     0.726     0.686     0.029
 2    -0.022    -0.019     0.999
 3   125.773    -2.725     0.120
 3     0.366    -0.107    -0.924
 3     0.211     0.977    -0.029
 3     0.906    -0.185     0.380
 4   109.171    11.917   -15.999
 4     0.530    -0.628     0.571
 4     0.821     0.546    -0.161
 4    -0.211     0.554     0.805
 5   116.141    24.715    13.662
 5    -0.527    -0.048     0.849
 5    -0.491     0.832    -0.257
 5    -0.693    -0.552    -0.462
 6   137.323    14.470     4.292
 6     0.703     0.711    -0.013
 6    -0.674     0.660    -0.331
 6    -0.226     0.241     0.943
 7   104.685   -19.192    -7.785
 7     0.086     0.601     0.795
 7    -0.982     0.184    -0.034
 7    -0.166    -0.778     0.606
 8   122.451   -38.343     3.935
 8     0.805    -0.026     0.593
 8    -0.575    -0.274     0.770
 8     0.142    -0.961    -0.236
 9   137.218   -17.477     0.273
 9     0.416    -0.787     0.459
 9     0.908     0.380    -0.170
 9    -0.040     0.486     0.872
 2    97.619   -19.428    59.070
 2     0.687    -0.727     0.003
 2     0.726     0.686     0.029
 2    -0.022    -0.019     0.999
 3   125.743    -2.728     0.076
 3     0.369    -0.105    -0.924
 3     0.210     0.977    -0.027
 3     0.905    -0.185     0.382
 4   108.842    11.910   -15.976
 4     0.521    -0.626     0.582
 4     0.824     0.544    -0.153
 4    -0.221     0.559     0.799
 5   116.402    24.450    13.704
 5    -0.545    -0.101     0.832
 5    -0.496     0.839    -0.222
 5    -0.676    -0.534    -0.508
 6   137.152    15.222     2.830
 6     0.701     0.712     0.026
 6    -0.648     0.652    -0.392
 6    -0.296     0.258     0.919
 7   104.480   -19.238    -7.623
 7     0.079     0.596     0.799
 7    -0.984     0.174    -0.033
 7    -0.159    -0.784     0.600
 8   122.306   -38.056     4.906
 8     0.797    -0.121     0.593
 8    -0.592    -0.356     0.722
 8     0.123    -0.926    -0.355
 9   137.027   -18.655    -2.589
 9     0.444    -0.734     0.518
 9     0.877     0.472    -0.080
 9    -0.185     0.488     0.852
 2    97.619   -19.428    59.070
 2     0.687    -0.727     0.003
 2     0.726     0.686     0.029
 2    -0.022    -0.019     0.999
 3   125.624    -2.757    -0.032
 3     0.375    -0.111    -0.920
 3     0.214     0.976    -0.030
 3     0.902    -0.186     0.390
 4   108.420    11.802   -15.882
 4     0.517    -0.620     0.591
 4     0.825     0.544    -0.150
 4    -0.229     0.565     0.792
 5   116.810    23.801    14.071
 5    -0.579    -0.144     0.803
 5    -0.481     0.855    -0.193
 5    -0.658    -0.498    -0.564
