% Calibrated with leiden_pols
% Positions are in centimeters
Data =[
 2    97.621   -19.429    59.071
 2     0.690    -0.724     0.003
 2     0.723     0.689     0.029
 2    -0.022    -0.019     0.999
 3   125.192    -1.923     0.509
 3     0.375    -0.297    -0.879
 3     0.180     0.952    -0.244
 3     0.909    -0.068     0.410
 4   109.013    15.344   -11.209
 4     0.661    -0.608     0.442
 4     0.750     0.546    -0.372
 4    -0.015     0.576     0.816
 5   122.152    17.737    19.747
 5    -0.720     0.527     0.452
 5     0.179     0.769    -0.612
 5    -0.670    -0.360    -0.649
 6   134.135    -8.101     9.337
 6     0.097     0.779    -0.621
 6    -0.959    -0.095    -0.267
 6    -0.267     0.620     0.737
 7   106.652   -20.189    -6.401
 7     0.170     0.768     0.617
 7    -0.983     0.084     0.164
 7     0.074    -0.635     0.769
 8   129.402   -24.024    14.865
 8     0.861     0.501     0.083
 8     0.123    -0.365     0.923
 8     0.493    -0.785    -0.376
 9   138.816     3.372    16.150
 9     0.143    -0.349    -0.927
 9     0.986    -0.029     0.161
 9    -0.080    -0.937     0.339
 2    97.621   -19.429    59.071
 2     0.690    -0.725     0.003
 2     0.723     0.689     0.029
 2    -0.022    -0.019     0.999
 3   125.143    -1.874     0.509
 3     0.376    -0.296    -0.879
 3     0.179     0.953    -0.243
 3     0.909    -0.068     0.410
 4   109.018    15.396   -11.164
 4     0.661    -0.608     0.440
 4     0.750     0.546    -0.373
 4    -0.013     0.576     0.816
 5   122.198    17.733    19.831
 5    -0.716     0.538     0.447
 5     0.185     0.761    -0.621
 5    -0.673    -0.362    -0.645
 6   134.062    -8.203     9.339
 6     0.096     0.781    -0.618
 6    -0.959    -0.094    -0.266
 6    -0.267     0.617     0.740
 7   106.607   -20.189    -6.404
 7     0.165     0.768     0.619
 7    -0.983     0.080     0.163
 7     0.076    -0.636     0.768
 8   129.248   -24.079    14.876
 8     0.863     0.497     0.088
 8     0.118    -0.370     0.922
 8     0.490    -0.785    -0.378
 9   139.070     3.139    16.029
 9     0.162    -0.352    -0.923
 9     0.983    -0.023     0.179
 9    -0.082    -0.936     0.341
 2    97.621   -19.429    59.071
 2     0.690    -0.725     0.003
 2     0.723     0.689     0.029
 2    -0.022    -0.019     0.999
 3   125.069    -1.974     0.510
 3     0.375    -0.294    -0.880
 3     0.180     0.953    -0.240
 3     0.909    -0.070     0.410
 4   109.065    15.414   -11.091
 4     0.661    -0.618     0.427
 4     0.750     0.538    -0.384
 4     0.007     0.573     0.818
 5   122.380    17.664    19.822
 5    -0.723     0.516     0.461
 5     0.174     0.780    -0.601
 5    -0.669    -0.354    -0.653
 6   135.371    -7.214     8.761
 6     0.153     0.784    -0.603
 6    -0.933    -0.087    -0.346
 6    -0.324     0.615     0.718
 7   106.495   -20.236    -6.295
 7     0.164     0.769     0.618
 7    -0.983     0.075     0.166
 7     0.082    -0.635     0.768
 8   128.967   -24.227    15.152
 8     0.881     0.454     0.132
 8     0.084    -0.427     0.900
 8     0.465    -0.782    -0.414
 9   142.551     1.004    16.281
 9     0.324    -0.328    -0.890
 9     0.944     0.048     0.323
 9    -0.059    -0.944     0.323
 2    97.621   -19.429    59.071
 2     0.690    -0.725     0.003
 2     0.723     0.689     0.029
 2    -0.022    -0.019     0.999
 3   125.076    -1.998     0.568
 3     0.373    -0.277    -0.886
 3     0.183     0.957    -0.221
 3     0.909    -0.081     0.407
 4   108.815    15.262   -11.077
 4     0.643    -0.626     0.442
 4     0.765     0.525    -0.371
 4    -0.000     0.577     0.816
 5   122.241    17.449    19.592
 5    -0.774     0.337     0.538
 5     0.088     0.896    -0.433
 5    -0.628    -0.288    -0.723
 6   139.899    -1.269     5.576
 6     0.389     0.794    -0.471
 6    -0.804     0.044    -0.590
 6    -0.448     0.606     0.656
 7   106.426   -20.245    -6.168
 7     0.139     0.777     0.614
 7    -0.986     0.055     0.153
 7     0.085    -0.627     0.774
 8   127.874   -26.333    15.622
 8     0.886     0.375     0.274
 8    -0.039    -0.527     0.848
 8     0.462    -0.762    -0.453
 9   146.175    -5.606    16.483
 9     0.536    -0.267    -0.804
 9     0.840     0.078     0.533
 9    -0.075    -0.961     0.263
 2    97.621   -19.429    59.071
 2     0.690    -0.724     0.003
 2     0.723     0.689     0.029
 2    -0.022    -0.019     0.999
 3   125.327    -2.095     0.503
 3     0.367    -0.254    -0.896
 3     0.181     0.963    -0.197
 3     0.912    -0.091     0.399
 4   108.147    14.956   -11.136
 4     0.577    -0.657     0.486
 4     0.816     0.484    -0.315
 4    -0.029     0.578     0.815
 5   122.624    17.551    21.489
 5    -0.761     0.060     0.646
 5    -0.094     0.975    -0.199
 5    -0.641    -0.213    -0.737
 6   143.290     9.790     6.021
 6     0.703     0.670    -0.248
 6    -0.538     0.276    -0.795
 6    -0.466     0.689     0.554
 7   106.479   -20.347    -5.975
 7     0.116     0.787     0.606
 7    -0.988     0.030     0.149
 7     0.099    -0.616     0.781
 8   125.362   -29.278    16.564
 8     0.839     0.237     0.490
 8    -0.237    -0.652     0.720
 8     0.490    -0.721    -0.491
 9   148.351   -15.812    17.453
 9     0.770    -0.191    -0.613
 9     0.631     0.080     0.770
 9    -0.094    -0.979     0.177
 2    97.621   -19.429    59.071
 2     0.690    -0.725     0.003
 2     0.723     0.689     0.029
 2    -0.022    -0.019     0.999
 3   125.505    -1.996     0.520
 3     0.369    -0.225    -0.902
 3     0.182     0.969    -0.166
 3     0.911    -0.104     0.398
 4   107.484    14.783   -11.365
 4     0.501    -0.687     0.527
 4     0.864     0.434    -0.256
 4    -0.053     0.582     0.810
 5   120.758    19.501    21.594
 5    -0.707    -0.157     0.690
 5    -0.253     0.966    -0.039
 5    -0.660    -0.203    -0.723
 6   143.751    19.349     8.053
 6     0.869     0.489    -0.071
 6    -0.291     0.396    -0.871
 6    -0.399     0.777     0.486
 7   106.502   -20.197    -5.954
 7     0.094     0.797     0.596
 7    -0.989     0.007     0.145
 7     0.111    -0.604     0.789
 8   122.526   -31.556    17.210
 8     0.757     0.061     0.651
 8    -0.418    -0.721     0.552
 8     0.502    -0.690    -0.521
 9   147.671   -25.357    17.451
 9     0.904    -0.184    -0.389
 9     0.404     0.068     0.911
 9    -0.139    -0.981     0.131
 2    97.621   -19.429    59.071
 2     0.690    -0.725     0.003
 2     0.723     0.689     0.029
 2    -0.022    -0.019     0.999
 3   125.676    -1.975     0.452
 3     0.374    -0.192    -0.908
 3     0.187     0.974    -0.127
 3     0.908    -0.124     0.399
 4   106.986    14.382   -11.677
 4     0.431    -0.712     0.555
 4     0.899     0.388    -0.200
 4    -0.073     0.585     0.807
 5   118.305    20.836    21.353
 5    -0.637    -0.310     0.707
 5    -0.373     0.925     0.068
 5    -0.674    -0.220    -0.704
 6   141.866    26.687     9.916
 6     0.942     0.329     0.073
 6    -0.088     0.451    -0.888
 6    -0.324     0.829     0.453
 7   106.526   -20.281    -5.724
 7     0.091     0.803     0.589
 7    -0.987    -0.008     0.162
 7     0.135    -0.596     0.791
 8   120.246   -32.522    18.048
 8     0.675    -0.085     0.732
 8    -0.529    -0.749     0.400
 8     0.514    -0.657    -0.551
 9   145.683   -32.695    17.304
 9     0.962    -0.203    -0.183
 9     0.195     0.059     0.979
 9    -0.186    -0.978     0.092
 2    97.621   -19.429    59.071
 2     0.690    -0.725     0.003
 2     0.723     0.689     0.029
 2    -0.022    -0.019     0.999
 3   125.605    -1.880     0.318
 3     0.382    -0.170    -0.909
 3     0.194     0.975    -0.099
 3     0.903    -0.139     0.405
 4   106.265    14.216   -11.794
 4     0.367    -0.732     0.575
 4     0.927     0.340    -0.157
 4    -0.081     0.590     0.802
 5   115.752    21.388    21.619
 5    -0.550    -0.436     0.713
 5    -0.448     0.873     0.187
 5    -0.705    -0.217    -0.675
 6   138.910    32.721    12.250
 6     0.962     0.168     0.216
 6     0.119     0.455    -0.882
 6    -0.247     0.874     0.418
 7   106.325   -20.274    -5.630
 7     0.088     0.804     0.587
 7    -0.985    -0.016     0.170
 7     0.146    -0.594     0.791
 8   118.463   -32.561    18.665
 8     0.605    -0.179     0.776
 8    -0.590    -0.754     0.287
 8     0.534    -0.632    -0.562
 9   143.352   -37.431    17.915
 9     0.980    -0.198    -0.026
 9     0.033     0.042     0.999
 9    -0.197    -0.979     0.044
 2    97.621   -19.429    59.071
 2     0.690    -0.725     0.003
 2     0.723     0.689     0.029
 2    -0.022    -0.019     0.999
 3   125.513    -1.711     0.223
 3     0.392    -0.153    -0.908
 3     0.197     0.977    -0.079
 3     0.899    -0.148     0.412
 4   105.762    14.148   -11.794
 4     0.326    -0.738     0.592
 4     0.941     0.309    -0.133
 4    -0.085     0.600     0.795
 5   114.678    21.362    21.737
 5    -0.505    -0.512     0.696
 5    -0.484     0.834     0.261
 5    -0.714    -0.205    -0.668
 6   136.746    36.317    12.995
 6     0.941     0.091     0.327
 6     0.255     0.445    -0.858
 6    -0.223     0.891     0.396
 7   106.183   -20.212    -5.525
 7     0.088     0.806     0.585
 7    -0.983    -0.024     0.181
 7     0.161    -0.591     0.790
 8   117.444   -32.204    19.255
 8     0.559    -0.251     0.790
 8    -0.619    -0.760     0.197
 8     0.551    -0.599    -0.580
 9   141.497   -40.593    18.340
 9     0.972    -0.215     0.096
 9    -0.096     0.019     0.995
 9    -0.215    -0.976    -0.004
 2    97.620   -19.429    59.071
 2     0.689    -0.725     0.003
 2     0.724     0.688     0.029
 2    -0.022    -0.019     0.999
 3   125.506    -1.662     0.190
 3     0.393    -0.144    -0.908
 3     0.200     0.977    -0.068
 3     0.897    -0.156     0.412
 4   105.333    14.000   -11.886
 4     0.293    -0.743     0.603
 4     0.952     0.286    -0.109
 4    -0.091     0.606     0.790
 5   113.688    21.480    21.716
 5    -0.475    -0.557     0.682
 5    -0.510     0.805     0.302
 5    -0.717    -0.204    -0.666
 6   134.631    39.055    13.390
 6     0.913     0.039     0.406
 6     0.352     0.426    -0.833
 6    -0.205     0.904     0.376
 7   106.097   -20.155    -5.469
 7     0.092     0.805     0.586
 7    -0.982    -0.026     0.188
 7     0.167    -0.593     0.787
 8   116.858   -31.981    19.396
 8     0.525    -0.328     0.786
 8    -0.648    -0.752     0.120
 8     0.552    -0.572    -0.606
 9   139.543   -43.894    18.010
 9     0.942    -0.247     0.227
 9    -0.231     0.014     0.973
 9    -0.243    -0.969    -0.044
 2    97.620   -19.428    59.071
 2     0.688    -0.726     0.003
 2     0.725     0.687     0.029
 2    -0.022    -0.019     0.999
 3   125.297    -1.412     0.180
 3     0.398    -0.138    -0.907
 3     0.202     0.977    -0.059
 3     0.895    -0.161     0.416
 4   104.776    14.004   -11.880
 4     0.258    -0.743     0.617
 4     0.961     0.261    -0.087
 4    -0.097     0.616     0.781
 5   112.683    21.764    21.611
 5    -0.436    -0.620     0.654
 5    -0.546     0.758     0.355
 5    -0.715    -0.202    -0.668
 6   131.912    42.319    14.055
 6     0.867    -0.032     0.497
 6     0.466     0.402    -0.787
 6    -0.174     0.915     0.365
 7   105.974   -20.027    -5.469
 7     0.094     0.802     0.589
 7    -0.981    -0.025     0.190
 7     0.167    -0.596     0.785
 8   115.910   -31.816    19.566
 8     0.471    -0.401     0.786
 8    -0.682    -0.730     0.037
 8     0.560    -0.554    -0.617
 9   136.760   -47.607    18.408
 9     0.893    -0.257     0.370
 9    -0.382     0.006     0.924
 9    -0.239    -0.967    -0.092
 2    97.620   -19.428    59.071
 2     0.688    -0.727     0.003
 2     0.725     0.687     0.029
 2    -0.022    -0.019     0.999
 3   125.207    -1.239    -0.027
 3     0.403    -0.134    -0.906
 3     0.206     0.977    -0.052
 3     0.892    -0.166     0.420
 4   104.165    13.879   -11.943
 4     0.223    -0.743     0.631
 4     0.969     0.238    -0.061
 4    -0.105     0.625     0.773
 5   111.742    21.876    21.461
 5    -0.409    -0.651     0.641
 5    -0.566     0.731     0.381
 5    -0.716    -0.207    -0.666
 6   129.761    44.533    14.619
 6     0.826    -0.082     0.558
 6     0.546     0.365    -0.754
 6    -0.141     0.927     0.347
 7   105.897   -19.973    -5.469
 7     0.102     0.801     0.589
 7    -0.981    -0.018     0.194
 7     0.166    -0.598     0.784
 8   115.099   -31.827    19.557
 8     0.428    -0.450     0.784
 8    -0.704    -0.709    -0.023
 8     0.567    -0.542    -0.620
 9   134.176   -50.772    19.036
 9     0.832    -0.260     0.491
 9    -0.509    -0.009     0.860
 9    -0.219    -0.965    -0.138
 2    97.620   -19.428    59.071
 2     0.688    -0.727     0.003
 2     0.725     0.687     0.029
 2    -0.022    -0.019     0.999
 3   125.147    -1.115    -0.191
 3     0.406    -0.133    -0.905
 3     0.207     0.977    -0.050
 3     0.890    -0.168     0.423
 4   103.885    13.802   -12.031
 4     0.204    -0.738     0.643
 4     0.972     0.228    -0.046
 4    -0.113     0.635     0.764
 5   111.104    22.115    21.120
 5    -0.384    -0.674     0.633
 5    -0.585     0.706     0.398
 5    -0.714    -0.218    -0.664
 6   127.962    46.656    15.953
 6     0.781    -0.174     0.599
 6     0.620     0.319    -0.716
 6    -0.067     0.932     0.358
 7   105.921   -20.023    -5.546
 7     0.103     0.801     0.589
 7    -0.981    -0.017     0.194
 7     0.166    -0.598     0.784
 8   114.360   -31.815    19.519
 8     0.382    -0.492     0.783
 8    -0.724    -0.685    -0.078
 8     0.575    -0.537    -0.617
 9   131.617   -53.164    19.776
 9     0.778    -0.235     0.584
 9    -0.601    -0.006     0.799
 9    -0.183    -0.972    -0.143
 2    97.619   -19.428    59.070
 2     0.687    -0.727     0.003
 2     0.726     0.686     0.029
 2    -0.022    -0.019     0.999
 3   125.187    -1.018    -0.406
 3     0.410    -0.129    -0.903
 3     0.207     0.977    -0.045
 3     0.888    -0.169     0.427
 4   103.581    13.648   -12.143
 4     0.184    -0.736     0.652
 4     0.975     0.218    -0.029
 4    -0.121     0.641     0.757
 5   110.385    22.248    20.989
 5    -0.359    -0.690     0.630
 5    -0.602     0.685     0.408
 5    -0.713    -0.232    -0.661
 6   126.305    47.923    16.571
 6     0.744    -0.203     0.636
 6     0.667     0.272    -0.693
 6    -0.032     0.940     0.338
 7   105.801   -19.972    -5.606
 7     0.101     0.804     0.586
 7    -0.980    -0.020     0.196
 7     0.169    -0.594     0.786
 8   113.649   -31.771    19.565
 8     0.348    -0.517     0.783
 8    -0.731    -0.671    -0.118
 8     0.586    -0.532    -0.611
 9   129.291   -54.897    20.722
 9     0.724    -0.202     0.660
 9    -0.673     0.002     0.739
 9    -0.150    -0.979    -0.133
 2    97.619   -19.428    59.070
 2     0.687    -0.727     0.003
 2     0.726     0.686     0.029
 2    -0.022    -0.019     0.999
 3   125.078    -1.071    -0.620
 3     0.412    -0.124    -0.903
 3     0.210     0.977    -0.038
 3     0.886    -0.174     0.428
 4   103.330    13.394   -12.231
 4     0.163    -0.734     0.660
 4     0.978     0.206    -0.011
 4    -0.128     0.647     0.751
 5   109.453    22.220    20.679
 5    -0.319    -0.730     0.606
 5    -0.629     0.640     0.441
 5    -0.709    -0.240    -0.662
 6   123.757    49.381    16.754
 6     0.692    -0.230     0.684
 6     0.721     0.238    -0.650
 6    -0.013     0.943     0.330
 7   105.739   -20.146    -5.624
 7     0.098     0.806     0.584
 7    -0.980    -0.025     0.199
 7     0.175    -0.592     0.787
 8   112.765   -31.655    19.645
 8     0.303    -0.554     0.776
 8    -0.743    -0.646    -0.171
 8     0.596    -0.525    -0.607
 9   126.094   -56.909    21.842
 9     0.645    -0.189     0.742
 9    -0.756    -0.016     0.653
 9    -0.111    -0.982    -0.151
 2    97.619   -19.428    59.070
 2     0.687    -0.727     0.003
 2     0.726     0.686     0.029
 2    -0.022    -0.019     0.999
 3   125.076    -1.073    -0.739
 3     0.414    -0.117    -0.903
 3     0.210     0.977    -0.030
 3     0.885    -0.178     0.429
 4   103.068    13.171   -12.258
 4     0.139    -0.735     0.663
 4     0.982     0.189     0.005
 4    -0.129     0.650     0.748
 5   108.777    22.041    20.755
 5    -0.298    -0.739     0.605
 5    -0.635     0.626     0.452
 5    -0.713    -0.250    -0.655
 6   122.065    50.076    18.124
 6     0.650    -0.262     0.713
 6     0.759     0.177    -0.626
 6     0.037     0.948     0.314
 7   105.694   -20.300    -5.636
 7     0.091     0.811     0.578
 7    -0.979    -0.031     0.198
 7     0.179    -0.585     0.791
 8   112.006   -31.334    19.743
 8     0.265    -0.583     0.769
 8    -0.749    -0.625    -0.216
 8     0.607    -0.519    -0.601
 9   123.319   -58.129    23.109
 9     0.571    -0.182     0.801
 9    -0.818    -0.039     0.574
 9    -0.072    -0.983    -0.169
 2    97.619   -19.428    59.070
 2     0.687    -0.727     0.003
 2     0.726     0.686     0.029
 2    -0.022    -0.019     0.999
 3   125.071    -1.125    -0.834
 3     0.416    -0.116    -0.902
 3     0.210     0.977    -0.029
 3     0.884    -0.178     0.431
 4   103.027    13.104   -12.325
 4     0.125    -0.741     0.660
 4     0.984     0.175     0.010
 4    -0.123     0.648     0.751
 5   108.284    21.621    20.801
 5    -0.279    -0.740     0.612
 5    -0.628     0.622     0.466
 5    -0.726    -0.254    -0.638
 6   121.011    50.429    18.934
 6     0.622    -0.276     0.733
 6     0.779     0.123    -0.615
 6     0.078     0.953     0.291
 7   105.584   -20.198    -5.608
 7     0.081     0.816     0.572
 7    -0.979    -0.042     0.199
 7     0.187    -0.576     0.796
 8   111.421   -31.084    19.888
 8     0.234    -0.607     0.760
 8    -0.751    -0.609    -0.255
 8     0.618    -0.512    -0.597
 9   121.095   -58.731    24.358
 9     0.510    -0.175     0.843
 9    -0.859    -0.067     0.506
 9    -0.030    -0.982    -0.182
 2    97.619   -19.428    59.070
 2     0.687    -0.727     0.003
 2     0.726     0.686     0.029
 2    -0.022    -0.019     0.999
 3   125.060    -1.208    -0.889
 3     0.423    -0.107    -0.900
 3     0.210     0.977    -0.017
 3     0.881    -0.183     0.435
 4   103.048    12.992   -12.472
 4     0.123    -0.739     0.662
 4     0.983     0.181     0.020
 4    -0.135     0.649     0.749
 5   107.885    22.091    20.292
 5    -0.258    -0.748     0.612
 5    -0.650     0.602     0.463
 5    -0.714    -0.279    -0.641
 6   119.279    51.596    19.341
 6     0.574    -0.276     0.771
 6     0.810     0.060    -0.582
 6     0.114     0.959     0.258
 7   105.443   -20.255    -5.719
 7     0.061     0.822     0.566
 7    -0.979    -0.060     0.192
 7     0.192    -0.566     0.801
 8   110.917   -30.915    19.960
 8     0.207    -0.630     0.749
 8    -0.755    -0.589    -0.287
 8     0.622    -0.507    -0.597
 9   118.476   -59.532    25.748
 9     0.432    -0.170     0.886
 9    -0.901    -0.108     0.418
 9     0.026    -0.979    -0.198
 2    97.619   -19.428    59.070
 2     0.687    -0.727     0.003
 2     0.726     0.686     0.029
 2    -0.022    -0.019     0.999
 3   125.110    -1.207    -0.938
 3     0.423    -0.104    -0.901
 3     0.211     0.977    -0.014
 3     0.881    -0.185     0.434
 4   103.026    12.765   -12.686
 4     0.100    -0.743     0.662
 4     0.985     0.168     0.040
 4    -0.141     0.648     0.748
 5   107.038    22.027    20.086
 5    -0.219    -0.774     0.595
 5    -0.663     0.564     0.491
 5    -0.715    -0.288    -0.636
 6   116.726    52.457    20.010
 6     0.513    -0.257     0.819
 6     0.846    -0.009    -0.533
 6     0.144     0.966     0.212
 7   105.391   -20.158    -5.771
 7     0.052     0.828     0.558
 7    -0.980    -0.066     0.188
 7     0.193    -0.557     0.807
 8   110.228   -30.780    19.845
 8     0.170    -0.653     0.738
 8    -0.763    -0.561    -0.321
 8     0.623    -0.509    -0.593
 9   115.577   -60.296    26.505
 9     0.345    -0.184     0.921
 9    -0.936    -0.134     0.324
 9     0.065    -0.974    -0.217
 2    97.619   -19.428    59.070
 2     0.687    -0.727     0.003
 2     0.726     0.686     0.029
 2    -0.022    -0.019     0.999
 3   125.110    -1.082    -1.016
 3     0.424    -0.102    -0.900
 3     0.208     0.978    -0.012
 3     0.881    -0.182     0.435
 4   102.720    12.875   -12.592
 4     0.074    -0.746     0.661
 4     0.987     0.147     0.056
 4    -0.139     0.649     0.748
 5   106.267    22.028    20.205
 5    -0.197    -0.782     0.592
 5    -0.668     0.548     0.503
 5    -0.717    -0.297    -0.630
 6   115.190    52.834    20.541
 6     0.483    -0.254     0.838
 6     0.861    -0.037    -0.507
 6     0.159     0.966     0.200
 7   105.237   -19.996    -5.909
 7     0.043     0.830     0.555
 7    -0.982    -0.066     0.174
 7     0.181    -0.553     0.813
 8   109.856   -30.898    19.488
 8     0.154    -0.667     0.729
 8    -0.775    -0.538    -0.330
 8     0.613    -0.514    -0.600
 9   114.019   -60.795    26.063
 9     0.295    -0.202     0.934
 9    -0.953    -0.129     0.272
 9     0.067    -0.971    -0.229
 2    97.619   -19.428    59.070
 2     0.687    -0.727     0.003
 2     0.726     0.686     0.029
 2    -0.022    -0.019     0.999
 3   124.986    -0.858    -1.130
 3     0.427    -0.108    -0.898
 3     0.198     0.980    -0.023
 3     0.882    -0.168     0.439
 4   102.620    12.954   -12.600
 4     0.068    -0.745     0.664
 4     0.988     0.141     0.057
 4    -0.137     0.652     0.745
 5   106.317    22.104    20.262
 5    -0.199    -0.782     0.591
 5    -0.666     0.549     0.504
 5    -0.718    -0.294    -0.630
 6   115.704    52.775    20.530
 6     0.497    -0.244     0.833
 6     0.854    -0.032    -0.519
 6     0.153     0.969     0.192
 7   105.129   -19.761    -5.929
 7     0.031     0.830     0.557
 7    -0.986    -0.066     0.154
 7     0.165    -0.554     0.816
 8   109.561   -31.222    19.177
 8     0.143    -0.672     0.727
 8    -0.789    -0.520    -0.326
 8     0.597    -0.527    -0.604
 9   113.641   -61.221    25.225
 9     0.296    -0.180     0.938
 9    -0.954    -0.105     0.280
 9     0.049    -0.978    -0.202
 2    97.619   -19.428    59.070
 2     0.687    -0.727     0.003
 2     0.726     0.686     0.029
 2    -0.022    -0.019     0.999
 3   124.992    -0.912    -1.035
 3     0.427    -0.103    -0.898
 3     0.191     0.981    -0.021
 3     0.883    -0.164     0.439
 4   103.013    13.361   -12.499
 4     0.104    -0.745     0.659
 4     0.987     0.160     0.026
 4    -0.125     0.647     0.751
 5   107.837    22.124    20.545
 5    -0.266    -0.734     0.626
 5    -0.638     0.620     0.457
 5    -0.723    -0.278    -0.632
 6   121.381    50.433    19.110
 6     0.642    -0.215     0.735
 6     0.762     0.074    -0.644
 6     0.083     0.974     0.211
 7   104.987   -19.759    -5.861
 7     0.029     0.829     0.559
 7    -0.985    -0.070     0.155
 7     0.168    -0.555     0.814
 8   110.587   -31.419    19.266
 8     0.218    -0.609     0.763
 8    -0.771    -0.586    -0.248
 8     0.598    -0.535    -0.597
 9   119.796   -59.363    24.311
 9     0.482    -0.126     0.867
 9    -0.876    -0.072     0.477
 9     0.004    -0.989    -0.143
 2    97.619   -19.428    59.070
 2     0.687    -0.727     0.003
 2     0.726     0.686     0.029
 2    -0.022    -0.019     0.999
 3   125.108    -1.137    -0.726
 3     0.427    -0.117    -0.897
 3     0.197     0.979    -0.034
 3     0.882    -0.163     0.441
 4   103.507    13.574   -12.333
 4     0.185    -0.727     0.661
 4     0.975     0.217    -0.034
 4    -0.119     0.651     0.749
 5   110.666    22.089    20.799
 5    -0.384    -0.638     0.668
 5    -0.583     0.728     0.359
 5    -0.716    -0.251    -0.651
 6   129.012    45.917    17.040
 6     0.804    -0.106     0.585
 6     0.595     0.173    -0.785
 6    -0.018     0.979     0.203
 7   105.351   -19.809    -5.567
 7     0.054     0.825     0.563
 7    -0.981    -0.060     0.182
 7     0.185    -0.562     0.806
 8   112.773   -31.230    19.584
 8     0.342    -0.474     0.812
 8    -0.713    -0.693    -0.104
 8     0.612    -0.544    -0.574
 9   128.729   -54.617    23.128
 9     0.719    -0.116     0.686
 9    -0.692    -0.030     0.721
 9    -0.062    -0.993    -0.100
 2    97.619   -19.428    59.070
 2     0.687    -0.727     0.003
 2     0.726     0.686     0.029
 2    -0.022    -0.019     0.999
 3   125.274    -1.207    -0.500
 3     0.423    -0.145    -0.895
 3     0.207     0.976    -0.060
 3     0.882    -0.160     0.442
 4   104.383    13.856   -12.333
 4     0.284    -0.707     0.648
 4     0.952     0.287    -0.103
 4    -0.114     0.646     0.754
 5   113.489    21.445    21.043
 5    -0.494    -0.498     0.713
 5    -0.488     0.837     0.246
 5    -0.720    -0.226    -0.656
 6   135.583    39.481    15.465
 6     0.919     0.003     0.393
 6     0.381     0.238    -0.893
 6    -0.097     0.971     0.219
 7   105.586   -19.902    -5.587
 7     0.062     0.826     0.561
 7    -0.980    -0.057     0.192
 7     0.190    -0.561     0.805
 8   115.255   -30.628    19.891
 8     0.469    -0.323     0.822
 8    -0.627    -0.777     0.052
 8     0.622    -0.540    -0.566
 9   136.414   -47.286    22.864
 9     0.893    -0.117     0.434
 9    -0.440    -0.032     0.897
 9    -0.091    -0.993    -0.079
 2    97.619   -19.428    59.070
 2     0.687    -0.727     0.003
 2     0.726     0.686     0.029
 2    -0.022    -0.018     0.999
 3   125.290    -1.321    -0.361
 3     0.411    -0.175    -0.895
 3     0.210     0.973    -0.093
 3     0.887    -0.150     0.436
 4   105.153    14.071   -12.228
 4     0.373    -0.688     0.623
 4     0.922     0.347    -0.168
 4    -0.100     0.637     0.764
 5   115.908    20.154    21.095
 5    -0.584    -0.327     0.743
 5    -0.359     0.925     0.123
 5    -0.728    -0.195    -0.657
 6   140.762    31.551    14.532
 6     0.980     0.099     0.172
 6     0.142     0.254    -0.957
 6    -0.138     0.962     0.235
 7   105.815   -19.903    -5.594
 7     0.075     0.827     0.557
 7    -0.980    -0.041     0.193
 7     0.182    -0.561     0.808
 8   117.848   -29.940    19.629
 8     0.593    -0.133     0.795
 8    -0.518    -0.818     0.250
 8     0.616    -0.560    -0.553
 9   142.794   -38.030    22.725
 9     0.990    -0.079     0.118
 9    -0.119    -0.008     0.993
 9    -0.077    -0.997    -0.018
 2    97.619   -19.428    59.070
 2     0.687    -0.727     0.002
 2     0.726     0.686     0.029
 2    -0.022    -0.019     0.999
 3   125.336    -1.238    -0.322
 3     0.404    -0.206    -0.892
 3     0.216     0.968    -0.124
 3     0.888    -0.144     0.435
 4   105.547    14.186   -12.308
 4     0.430    -0.677     0.597
 4     0.898     0.389    -0.206
 4    -0.093     0.624     0.775
 5   117.797    19.124    20.996
 5    -0.642    -0.153     0.751
 5    -0.238     0.971    -0.006
 5    -0.728    -0.182    -0.660
 6   143.806    24.912    13.465
 6     0.984     0.177    -0.003
 6    -0.047     0.255    -0.966
 6    -0.169     0.951     0.257
 7   106.261   -20.020    -5.674
 7     0.114     0.822     0.557
 7    -0.979    -0.003     0.204
 7     0.170    -0.569     0.805
 8   120.677   -29.322    19.094
 8     0.693     0.048     0.720
 8    -0.403    -0.802     0.440
 8     0.598    -0.595    -0.536
 9   146.812   -29.347    22.534
 9     0.984    -0.061    -0.169
 9     0.170     0.037     0.984
 9    -0.054    -0.997     0.044
 2    97.619   -19.428    59.070
 2     0.687    -0.727     0.002
 2     0.726     0.686     0.029
 2    -0.022    -0.019     0.999
 3   125.393    -1.173    -0.166
 3     0.392    -0.233    -0.890
 3     0.227     0.962    -0.151
 3     0.891    -0.144     0.430
 4   105.791    14.048   -12.397
 4     0.462    -0.674     0.577
 4     0.882     0.416    -0.220
 4    -0.093     0.610     0.786
 5   118.954    18.082    20.650
 5    -0.678    -0.008     0.735
 5    -0.146     0.981    -0.123
 5    -0.720    -0.191    -0.667
 6   145.217    19.167    12.268
 6     0.958     0.248    -0.146
 6    -0.207     0.255    -0.945
 6    -0.198     0.934     0.292
 7   106.760   -20.365    -5.651
 7     0.153     0.812     0.562
 7    -0.975     0.033     0.218
 7     0.158    -0.582     0.797
 8   123.397   -28.462    18.594
 8     0.768     0.187     0.613
 8    -0.287    -0.755     0.589
 8     0.573    -0.628    -0.527
 9   148.885   -22.160    21.995
 9     0.922    -0.071    -0.381
 9     0.385     0.080     0.919
 9    -0.034    -0.994     0.098
 2    97.619   -19.428    59.070
 2     0.687    -0.727     0.002
 2     0.726     0.686     0.029
 2    -0.022    -0.019     0.999
 3   125.239    -1.297    -0.169
 3     0.390    -0.249    -0.887
 3     0.232     0.958    -0.166
 3     0.891    -0.142     0.431
 4   105.913    13.897   -12.431
 4     0.504    -0.656     0.562
 4     0.857     0.458    -0.234
 4    -0.104     0.599     0.793
 5   120.086    17.608    20.207
 5    -0.710     0.125     0.693
 5    -0.072     0.966    -0.246
 5    -0.700    -0.225    -0.677
 6   145.726    13.714    10.537
 6     0.902     0.331    -0.284
 6    -0.362     0.224    -0.905
 6    -0.235     0.917     0.318
 7   106.693   -20.423    -5.764
 7     0.171     0.799     0.577
 7    -0.976     0.056     0.210
 7     0.136    -0.599     0.789
 8   125.523   -27.471    17.452
 8     0.830     0.285     0.480
 8    -0.174    -0.684     0.707
 8     0.530    -0.671    -0.518
 9   149.800   -15.605    20.246
 9     0.832    -0.115    -0.544
 9     0.553     0.112     0.824
 9    -0.032    -0.987     0.153
 2    97.619   -19.428    59.070
 2     0.687    -0.727     0.002
 2     0.726     0.686     0.029
 2    -0.022    -0.019     0.999
 3   125.160    -1.270    -0.172
 3     0.390    -0.261    -0.884
 3     0.234     0.955    -0.178
 3     0.891    -0.138     0.432
 4   106.331    14.056   -12.589
 4     0.552    -0.635     0.541
 4     0.827     0.499    -0.258
 4    -0.106     0.589     0.800
 5   118.991    18.502    18.176
 5    -0.725     0.259     0.640
 5     0.004     0.929    -0.369
 5    -0.688    -0.265    -0.674
 6   145.444     8.135     9.457
 6     0.814     0.411    -0.417
 6    -0.518     0.194    -0.832
 6    -0.260     0.891     0.367
 7   106.896   -20.377    -5.878
 7     0.197     0.785     0.588
 7    -0.974     0.087     0.209
 7     0.113    -0.613     0.781
 8   127.859   -25.646    16.364
 8     0.872     0.353     0.339
 8    -0.059    -0.612     0.788
 8     0.486    -0.707    -0.513
 9   150.032    -9.263    18.563
 9     0.724    -0.176    -0.670
 9     0.688     0.130     0.712
 9    -0.033    -0.976     0.210
 2    97.619   -19.428    59.070
 2     0.687    -0.727     0.003
 2     0.726     0.686     0.029
 2    -0.022    -0.019     0.999
 3   125.204    -1.166    -0.176
 3     0.387    -0.279    -0.880
 3     0.236     0.951    -0.196
 3     0.891    -0.133     0.433
 4   106.675    14.258   -12.644
 4     0.593    -0.611     0.524
 4     0.796     0.540    -0.271
 4    -0.118     0.578     0.807
 5   120.256    18.225    17.589
 5    -0.734     0.380     0.565
 5     0.075     0.870    -0.486
 5    -0.675    -0.315    -0.667
 6   144.652     3.000     8.446
 6     0.703     0.458    -0.551
 6    -0.658     0.124    -0.741
 6    -0.269     0.880     0.385
 7   107.209   -20.300    -6.143
 7     0.228     0.773     0.592
 7    -0.969     0.120     0.216
 7     0.096    -0.623     0.776
 8   129.435   -23.920    15.391
 8     0.890     0.398     0.221
 8     0.040    -0.552     0.833
 8     0.453    -0.733    -0.507
 9   149.790    -4.423    17.250
 9     0.631    -0.212    -0.750
 9     0.775     0.122     0.618
 9    -0.034    -0.970     0.236
 2    97.619   -19.428    59.070
 2     0.687    -0.727     0.002
 2     0.726     0.686     0.029
 2    -0.022    -0.019     0.999
 3   125.152    -1.084    -0.237
 3     0.382    -0.299    -0.875
 3     0.242     0.945    -0.216
 3     0.892    -0.130     0.433
 4   106.858    14.246   -12.738
 4     0.626    -0.582     0.521
 4     0.766     0.581    -0.272
 4    -0.144     0.569     0.809
 5   121.311    17.698    16.965
 5    -0.738     0.453     0.501
 5     0.125     0.820    -0.557
 5    -0.663    -0.348    -0.662
 6   143.584    -0.952     7.590
 6     0.595     0.488    -0.646
 6    -0.756     0.063    -0.648
 6    -0.273     0.870     0.403
 7   107.461   -20.371    -6.350
 7     0.253     0.763     0.595
 7    -0.964     0.143     0.224
 7     0.086    -0.630     0.771
 8   130.669   -22.626    14.756
 8     0.897     0.421     0.135
 8     0.113    -0.515     0.850
 8     0.427    -0.747    -0.509
 9   149.323    -1.122    16.060
 9     0.564    -0.233    -0.796
 9     0.824     0.096     0.555
 9    -0.048    -0.968     0.241
 2    97.619   -19.428    59.070
 2     0.687    -0.727     0.003
 2     0.726     0.686     0.029
 2    -0.022    -0.019     0.999
 3   125.091    -1.105    -0.283
 3     0.378    -0.319    -0.870
 3     0.250     0.939    -0.235
 3     0.891    -0.130     0.434
 4   107.008    14.145   -12.911
 4     0.649    -0.559     0.517
 4     0.743     0.609    -0.275
 4    -0.161     0.562     0.810
 5   121.926    17.166    16.416
 5    -0.737     0.507     0.449
 5     0.167     0.777    -0.606
 5    -0.656    -0.372    -0.657
 6   142.589    -3.581     7.119
 6     0.519     0.497    -0.702
 6    -0.811     0.023    -0.581
 6    -0.270     0.867     0.412
 7   107.358   -20.500    -6.339
 7     0.252     0.758     0.602
 7    -0.964     0.143     0.223
 7     0.083    -0.636     0.767
 8   131.060   -21.867    14.402
 8     0.899     0.430     0.082
 8     0.157    -0.494     0.855
 8     0.409    -0.755    -0.511
 9   148.637     0.700    15.129
 9     0.519    -0.256    -0.819
 9     0.852     0.078     0.514
 9    -0.063    -0.964     0.254
 2    97.619   -19.428    59.070
 2     0.687    -0.727     0.003
 2     0.726     0.686     0.029
 2    -0.022    -0.019     0.999
 3   124.898    -1.261    -0.353
 3     0.383    -0.338    -0.861
 3     0.251     0.933    -0.253
 3     0.889    -0.120     0.441
 4   106.923    14.030   -12.883
 4     0.662    -0.547     0.513
 4     0.729     0.624    -0.277
 4    -0.169     0.558     0.812
 5   122.194    16.758    16.215
 5    -0.732     0.548     0.407
 5     0.195     0.739    -0.644
 5    -0.653    -0.392    -0.647
 6   141.359    -5.554     7.387
 6     0.449     0.504    -0.743
 6    -0.858     0.008    -0.510
 6    -0.249     0.863     0.434
 7   107.286   -20.602    -6.336
 7     0.249     0.755     0.606
 7    -0.965     0.140     0.221
 7     0.083    -0.640     0.764
 8   130.951   -21.585    14.402
 8     0.896     0.440     0.064
 8     0.176    -0.485     0.856
 8     0.408    -0.756    -0.512
 9   147.911     1.588    15.144
 9     0.491    -0.259    -0.835
 9     0.868     0.063     0.489
 9    -0.069    -0.964     0.251
 2    97.619   -19.428    59.070
 2     0.687    -0.727     0.003
 2     0.726     0.686     0.029
 2    -0.022    -0.019     0.999
 3   124.846    -1.290    -0.332
 3     0.385    -0.342    -0.858
 3     0.245     0.933    -0.260
 3     0.889    -0.111     0.442
 4   106.958    14.179   -12.657
 4     0.673    -0.537     0.509
 4     0.720     0.632    -0.286
 4    -0.167     0.558     0.812
 5   122.360    16.576    16.515
 5    -0.722     0.582     0.374
 5     0.224     0.707    -0.670
 5    -0.654    -0.401    -0.641
 6   140.257    -7.200     7.753
 6     0.387     0.518    -0.767
 6    -0.891    -0.008    -0.452
 6    -0.237     0.855     0.456
 7   106.985   -20.483    -6.378
 7     0.235     0.759     0.607
 7    -0.969     0.130     0.211
 7     0.082    -0.637     0.766
 8   130.417   -21.162    14.636
 8     0.882     0.466     0.057
 8     0.193    -0.471     0.861
 8     0.428    -0.749    -0.506
 9   146.553     2.517    15.991
 9     0.458    -0.248    -0.856
 9     0.887     0.063     0.455
 9    -0.054    -0.967     0.245
 2    97.619   -19.428    59.070
 2     0.687    -0.727     0.003
 2     0.726     0.686     0.029
 2    -0.022    -0.019     0.999
 3   124.774    -1.272    -0.170
 3     0.393    -0.344    -0.854
 3     0.229     0.935    -0.270
 3     0.890    -0.091     0.444
 4   106.989    14.641   -12.262
 4     0.667    -0.551     0.502
 4     0.732     0.609    -0.304
 4    -0.138     0.570     0.809
 5   122.274    16.627    17.030
 5    -0.716     0.592     0.371
 5     0.237     0.705    -0.667
 5    -0.656    -0.390    -0.646
 6   139.509    -7.568     8.923
 6     0.369     0.489    -0.794
 6    -0.905    -0.008    -0.423
 6    -0.211     0.872     0.438
 7   106.927   -20.336    -6.427
 7     0.230     0.768     0.597
 7    -0.970     0.129     0.206
 7     0.081    -0.627     0.775
 8   129.915   -21.369    15.111
 8     0.867     0.493     0.070
 8     0.190    -0.459     0.868
 8     0.460    -0.739    -0.492
 9   144.885     3.289    17.005
 9     0.404    -0.237    -0.885
 9     0.913     0.043     0.403
 9    -0.053    -0.971     0.230
 2    97.619   -19.428    59.070
 2     0.687    -0.727     0.003
 2     0.726     0.686     0.029
 2    -0.022    -0.019     0.999
 3   124.729    -1.179    -0.030
 3     0.399    -0.339    -0.853
 3     0.214     0.938    -0.272
 3     0.891    -0.076     0.445
 4   107.015    14.989   -11.973
 4     0.651    -0.576     0.495
 4     0.753     0.574    -0.322
 4    -0.099     0.581     0.807
 5   121.608    17.104    18.024
 5    -0.708     0.572     0.415
 5     0.227     0.740    -0.633
 5    -0.668    -0.355    -0.654
 6   138.425    -7.342     9.819
 6     0.343     0.465    -0.819
 6    -0.913    -0.043    -0.404
 6    -0.222     0.884     0.408
 7   106.652   -20.167    -6.447
 7     0.215     0.773     0.596
 7    -0.973     0.119     0.196
 7     0.081    -0.622     0.778
 8   129.163   -21.529    15.540
 8     0.852     0.516     0.088
 8     0.183    -0.453     0.872
 8     0.490    -0.727    -0.480
 9   142.866     3.711    17.298
 9     0.350    -0.239    -0.907
 9     0.933     0.006     0.357
 9    -0.076    -0.971     0.223
];