% Calibrated with leiden_pols
% Positions are in centimeters
Data =[
 2    97.621   -19.429    59.071
 2     0.690    -0.724     0.003
 2     0.723     0.689     0.029
 2    -0.022    -0.019     0.999
 3   125.192    -1.923     0.509
 3     0.375    -0.297    -0.879
 3     0.180     0.952    -0.244
 3     0.909    -0.068     0.410
 4   109.013    15.344   -11.209
 4     0.661    -0.608     0.442
 4     0.750     0.546    -0.372
 4    -0.015     0.576     0.816
 5   122.152    17.737    19.747
 5    -0.720     0.527     0.452
 5     0.179     0.769    -0.612
 5    -0.670    -0.360    -0.649
 6   134.135    -8.101     9.337
 6     0.097     0.779    -0.621
 6    -0.959    -0.095    -0.267
 6    -0.267     0.620     0.737
 7   106.652   -20.189    -6.401
 7     0.170     0.768     0.617
 7    -0.983     0.084     0.164
 7     0.074    -0.635     0.769
 8   129.402   -24.024    14.865
 8     0.861     0.501     0.083
 8     0.123    -0.365     0.923
 8     0.493    -0.785    -0.376
 9   138.816     3.372    16.150
 9     0.143    -0.349    -0.927
 9     0.986    -0.029     0.161
 9    -0.080    -0.937     0.339
 2    97.621   -19.429    59.071
 2     0.690    -0.725     0.003
 2     0.723     0.689     0.029
 2    -0.022    -0.019     0.999
 3   125.143    -1.874     0.509
 3     0.376    -0.296    -0.879
 3     0.179     0.953    -0.243
 3     0.909    -0.068     0.410
 4   109.018    15.396   -11.164
 4     0.661    -0.608     0.440
 4     0.750     0.546    -0.373
 4    -0.013     0.576     0.816
 5   122.198    17.733    19.831
 5    -0.716     0.538     0.447
 5     0.185     0.761    -0.621
 5    -0.673    -0.362    -0.645
 6   134.062    -8.203     9.339
 6     0.096     0.781    -0.618
 6    -0.959    -0.094    -0.266
 6    -0.267     0.617     0.740
 7   106.607   -20.189    -6.404
 7     0.165     0.768     0.619
 7    -0.983     0.080     0.163
 7     0.076    -0.636     0.768
 8   129.248   -24.079    14.876
 8     0.863     0.497     0.088
 8     0.118    -0.370     0.922
 8     0.490    -0.785    -0.378
 9   139.070     3.139    16.029
 9     0.162    -0.352    -0.923
 9     0.983    -0.023     0.179
 9    -0.082    -0.936     0.341
 2    97.621   -19.429    59.071
 2     0.690    -0.725     0.003
 2     0.723     0.689     0.029
 2    -0.022    -0.019     0.999
 3   125.069    -1.974     0.510
 3     0.375    -0.294    -0.880
 3     0.180     0.953    -0.240
 3     0.909    -0.070     0.410
 4   109.065    15.414   -11.091
 4     0.661    -0.618     0.427
 4     0.750     0.538    -0.384
 4     0.007     0.573     0.818
 5   122.380    17.664    19.822
 5    -0.723     0.516     0.461
 5     0.174     0.780    -0.601
 5    -0.669    -0.354    -0.653
 6   135.371    -7.214     8.761
 6     0.153     0.784    -0.603
 6    -0.933    -0.087    -0.346
 6    -0.324     0.615     0.718
 7   106.495   -20.236    -6.295
 7     0.164     0.769     0.618
 7    -0.983     0.075     0.166
 7     0.082    -0.635     0.768
 8   128.967   -24.227    15.152
 8     0.881     0.454     0.132
 8     0.084    -0.427     0.900
 8     0.465    -0.782    -0.414
 9   142.551     1.004    16.281
 9     0.324    -0.328    -0.890
 9     0.944     0.048     0.323
 9    -0.059    -0.944     0.323
 2    97.621   -19.429    59.071
 2     0.690    -0.725     0.003
 2     0.723     0.689     0.029
 2    -0.022    -0.019     0.999
 3   125.076    -1.998     0.568
 3     0.373    -0.277    -0.886
 3     0.183     0.957    -0.221
 3     0.909    -0.081     0.407
 4   108.815    15.262   -11.077
 4     0.643    -0.626     0.442
 4     0.765     0.525    -0.371
 4    -0.000     0.577     0.816
 5   122.241    17.449    19.592
 5    -0.774     0.337     0.538
 5     0.088     0.896    -0.433
 5    -0.628    -0.288    -0.723
 6   139.899    -1.269     5.576
 6     0.389     0.794    -0.471
 6    -0.804     0.044    -0.590
 6    -0.448     0.606     0.656
 7   106.426   -20.245    -6.168
 7     0.139     0.777     0.614
 7    -0.986     0.055     0.153
 7     0.085    -0.627     0.774
 8   127.874   -26.333    15.622
 8     0.886     0.375     0.274
 8    -0.039    -0.527     0.848
 8     0.462    -0.762    -0.453
 9   146.175    -5.606    16.483
 9     0.536    -0.267    -0.804
 9     0.840     0.078     0.533
 9    -0.075    -0.961     0.263
 2    97.621   -19.429    59.071
 2     0.690    -0.724     0.003
 2     0.723     0.689     0.029
 2    -0.022    -0.019     0.999
 3   125.327    -2.095     0.503
 3     0.367    -0.254    -0.896
 3     0.181     0.963    -0.197
 3     0.912    -0.091     0.399
 4   108.147    14.956   -11.136
 4     0.577    -0.657     0.486
 4     0.816     0.484    -0.315
 4    -0.029     0.578     0.815
 5   122.624    17.551    21.489
 5    -0.761     0.060     0.646
 5    -0.094     0.975    -0.199
 5    -0.641    -0.213    -0.737
 6   143.290     9.790     6.021
 6     0.703     0.670    -0.248
 6    -0.538     0.276    -0.795
 6    -0.466     0.689     0.554
 7   106.479   -20.347    -5.975
 7     0.116     0.787     0.606
 7    -0.988     0.030     0.149
 7     0.099    -0.616     0.781
 8   125.362   -29.278    16.564
 8     0.839     0.237     0.490
 8    -0.237    -0.652     0.720
 8     0.490    -0.721    -0.491
 9   148.351   -15.812    17.453
 9     0.770    -0.191    -0.613
 9     0.631     0.080     0.770
 9    -0.094    -0.979     0.177
 2    97.621   -19.429    59.071
 2     0.690    -0.725     0.003
 2     0.723     0.689     0.029
 2    -0.022    -0.019     0.999
 3   125.505    -1.996     0.520
 3     0.369    -0.225    -0.902
 3     0.182     0.969    -0.166
 3     0.911    -0.104     0.398
 4   107.484    14.783   -11.365
 4     0.501    -0.687     0.527
 4     0.864     0.434    -0.256
 4    -0.053     0.582     0.810
 5   120.758    19.501    21.594
 5    -0.707    -0.157     0.690
 5    -0.253     0.966    -0.039
 5    -0.660    -0.203    -0.723
 6   143.751    19.349     8.053
 6     0.869     0.489    -0.071
 6    -0.291     0.396    -0.871
 6    -0.399     0.777     0.486
 7   106.502   -20.197    -5.954
 7     0.094     0.797     0.596
 7    -0.989     0.007     0.145
 7     0.111    -0.604     0.789
 8   122.526   -31.556    17.210
 8     0.757     0.061     0.651
 8    -0.418    -0.721     0.552
 8     0.502    -0.690    -0.521
 9   147.671   -25.357    17.451
 9     0.904    -0.184    -0.389
 9     0.404     0.068     0.911
 9    -0.139    -0.981     0.131
 2    97.621   -19.429    59.071
 2     0.690    -0.725     0.003
 2     0.723     0.689     0.029
 2    -0.022    -0.019     0.999
 3   125.676    -1.975     0.452
 3     0.374    -0.192    -0.908
 3     0.187     0.974    -0.127
 3     0.908    -0.124     0.399
 4   106.986    14.382   -11.677
 4     0.431    -0.712     0.555
 4     0.899     0.388    -0.200
 4    -0.073     0.585     0.807
 5   118.305    20.836    21.353
 5    -0.637    -0.310     0.707
 5    -0.373     0.925     0.068
 5    -0.674    -0.220    -0.704
 6   141.866    26.687     9.916
 6     0.942     0.329     0.073
 6    -0.088     0.451    -0.888
 6    -0.324     0.829     0.453
 7   106.526   -20.281    -5.724
 7     0.091     0.803     0.589
 7    -0.987    -0.008     0.162
 7     0.135    -0.596     0.791
 8   120.246   -32.522    18.048
 8     0.675    -0.085     0.732
 8    -0.529    -0.749     0.400
 8     0.514    -0.657    -0.551
 9   145.683   -32.695    17.304
 9     0.962    -0.203    -0.183
 9     0.195     0.059     0.979
 9    -0.186    -0.978     0.092
 2    97.621   -19.429    59.071
 2     0.690    -0.725     0.003
 2     0.723     0.689     0.029
 2    -0.022    -0.019     0.999
 3   125.605    -1.880     0.318
 3     0.382    -0.170    -0.909
 3     0.194     0.975    -0.099
 3     0.903    -0.139     0.405
 4   106.265    14.216   -11.794
 4     0.367    -0.732     0.575
 4     0.927     0.340    -0.157
 4    -0.081     0.590     0.802
 5   115.752    21.388    21.619
 5    -0.550    -0.436     0.713
 5    -0.448     0.873     0.187
 5    -0.705    -0.217    -0.675
