% Calibrated with leiden_pols
% Positions are in centimeters
Data =[
 2    97.619   -19.428    59.070
 2     0.687    -0.727     0.003
 2     0.726     0.686     0.029
 2    -0.022    -0.019     0.999
 3   123.867    -1.079     0.007
 3     0.423    -0.351    -0.836
 3     0.188     0.936    -0.296
 3     0.886    -0.033     0.461
 4   105.801    15.877   -10.842
 4     0.606    -0.609     0.513
 4     0.795     0.489    -0.358
 4    -0.033     0.624     0.780
 5   120.495    17.628    19.517
 5    -0.716     0.533     0.453
 5     0.221     0.786    -0.576
 5    -0.662    -0.313    -0.680
 6   137.369    -6.911    10.743
 6     0.323     0.489    -0.813
 6    -0.909    -0.080    -0.406
 6    -0.262     0.869     0.418
 7   105.900   -20.155    -5.860
 7     0.227     0.763     0.605
 7    -0.970     0.120     0.210
 7     0.088    -0.635     0.767
 8   128.418   -21.839    16.198
 8     0.859     0.499     0.115
 8     0.165    -0.483     0.860
 8     0.485    -0.719    -0.497
 9   142.545     3.166    17.375
 9     0.354    -0.197    -0.915
 9     0.930    -0.033     0.365
 9    -0.099    -0.980     0.169
 2    97.619   -19.428    59.070
 2     0.687    -0.727     0.003
 2     0.726     0.686     0.029
 2    -0.022    -0.019     0.999
 3   123.768    -1.080     0.007
 3     0.423    -0.350    -0.837
 3     0.187     0.936    -0.296
 3     0.886    -0.033     0.461
 4   105.726    15.877   -10.842
 4     0.606    -0.609     0.513
 4     0.795     0.489    -0.358
 4    -0.033     0.624     0.780
 5   120.448    17.629    19.488
 5    -0.717     0.533     0.452
 5     0.221     0.786    -0.576
 5    -0.661    -0.313    -0.681
 6   137.366    -6.912    10.745
 6     0.323     0.488    -0.813
 6    -0.909    -0.081    -0.406
 6    -0.263     0.869     0.417
 7   105.801   -20.206    -5.808
 7     0.226     0.762     0.606
 7    -0.970     0.120     0.211
 7     0.088    -0.636     0.766
 8   128.365   -21.840    16.252
 8     0.859     0.498     0.115
 8     0.165    -0.484     0.860
 8     0.484    -0.720    -0.497
 9   142.495     3.115    17.375
 9     0.354    -0.197    -0.915
 9     0.929    -0.033     0.365
 9    -0.099    -0.980     0.169
 2    97.619   -19.428    59.070
 2     0.687    -0.727     0.003
 2     0.726     0.686     0.029
 2    -0.022    -0.019     0.999
 3   123.767    -1.079     0.006
 3     0.423    -0.354    -0.835
 3     0.189     0.935    -0.298
 3     0.886    -0.033     0.462
 4   105.809    15.826   -10.897
 4     0.610    -0.608     0.508
 4     0.791     0.492    -0.362
 4    -0.031     0.622     0.781
 5   120.799    17.537    19.269
 5    -0.725     0.533     0.438
 5     0.225     0.782    -0.580
 5    -0.650    -0.323    -0.687
 6   137.602    -6.985    10.381
 6     0.319     0.489    -0.814
 6    -0.911    -0.079    -0.402
 6    -0.259     0.869     0.420
 7   105.852   -20.335    -5.852
 7     0.221     0.760     0.611
 7    -0.971     0.115     0.207
 7     0.087    -0.640     0.763
 8   128.512   -21.950    16.117
 8     0.866     0.486     0.111
 8     0.162    -0.487     0.858
 8     0.472    -0.726    -0.500
 9   143.598     2.540    17.259
 9     0.392    -0.212    -0.897
 9     0.916     0.004     0.398
 9    -0.077    -0.977     0.193
 2    97.619   -19.428    59.070
 2     0.687    -0.727     0.002
 2     0.726     0.686     0.029
 2    -0.022    -0.019     0.999
 3   123.861    -1.156    -0.064
 3     0.424    -0.355    -0.834
 3     0.190     0.934    -0.299
 3     0.885    -0.033     0.463
 4   106.038    15.799   -10.944
 4     0.617    -0.606     0.503
 4     0.786     0.499    -0.363
 4    -0.031     0.619     0.784
 5   121.174    17.293    18.957
 5    -0.733     0.530     0.428
 5     0.229     0.782    -0.578
 5    -0.641    -0.326    -0.695
 6   139.026    -6.257     9.269
 6     0.366     0.504    -0.785
 6    -0.891    -0.058    -0.449
 6    -0.269     0.861     0.427
 7   105.797   -20.317    -5.914
 7     0.210     0.760     0.615
 7    -0.974     0.108     0.198
 7     0.084    -0.641     0.763
 8   128.384   -22.495    15.943
 8     0.875     0.462     0.140
 8     0.132    -0.509     0.851
 8     0.465    -0.726    -0.506
 9   144.484     1.244    17.292
 9     0.437    -0.212    -0.876
 9     0.896     0.023     0.440
 9    -0.070    -0.977     0.197
 2    97.619   -19.428    59.070
 2     0.687    -0.727     0.003
 2     0.726     0.686     0.029
 2    -0.022    -0.019     0.999
 3   123.938    -1.256    -0.189
 3     0.424    -0.351    -0.836
 3     0.191     0.936    -0.294
 3     0.885    -0.036     0.464
 4   105.893    15.564   -10.917
 4     0.611    -0.609     0.505
 4     0.790     0.501    -0.351
 4    -0.040     0.614     0.788
 5   121.394    17.169    18.519
 5    -0.762     0.481     0.434
 5     0.203     0.813    -0.544
 5    -0.615    -0.327    -0.718
 6   141.061    -3.830     7.911
 6     0.464     0.525    -0.718
 6    -0.829    -0.030    -0.556
 6    -0.311     0.850     0.420
 7   105.898   -20.394    -5.891
 7     0.206     0.763     0.612
 7    -0.975     0.105     0.196
 7     0.085    -0.637     0.766
 8   128.221   -23.038    16.181
 8     0.884     0.426     0.190
 8     0.089    -0.555     0.827
 8     0.458    -0.714    -0.529
 9   146.109    -1.322    16.805
 9     0.516    -0.189    -0.837
 9     0.850    -0.005     0.525
 9    -0.099    -0.982     0.155
 2    97.619   -19.428    59.070
 2     0.687    -0.727     0.003
 2     0.726     0.686     0.029
 2    -0.022    -0.018     0.999
 3   124.160    -1.254    -0.329
 3     0.422    -0.344    -0.840
 3     0.198     0.938    -0.284
 3     0.884    -0.047     0.463
 4   105.583    15.232   -11.016
 4     0.588    -0.619     0.521
 4     0.807     0.490    -0.328
 4    -0.052     0.613     0.787
 5   120.897    17.238    18.462
 5    -0.780     0.394     0.487
 5     0.151     0.872    -0.463
 5    -0.607    -0.289    -0.740
 6   143.111     0.711     6.563
 6     0.602     0.529    -0.605
 6    -0.705    -0.004    -0.706
 6    -0.374     0.848     0.369
 7   106.028   -20.495    -5.899
 7     0.201     0.767     0.609
 7    -0.976     0.100     0.194
 7     0.088    -0.634     0.768
 8   127.951   -24.270    16.271
 8     0.889     0.378     0.259
 8     0.020    -0.598     0.801
 8     0.458    -0.707    -0.539
 9   147.499    -4.637    16.931
 9     0.598    -0.182    -0.783
 9     0.794     0.002     0.606
 9    -0.104    -0.983     0.142
 2    97.619   -19.428    59.070
 2     0.687    -0.727     0.003
 2     0.726     0.686     0.029
 2    -0.022    -0.019     0.999
 3   124.227    -1.300    -0.361
 3     0.417    -0.330    -0.848
 3     0.199     0.942    -0.267
 3     0.886    -0.058     0.458
 4   105.371    15.053   -11.044
 4     0.564    -0.625     0.540
 4     0.823     0.475    -0.310
 4    -0.063     0.619     0.782
 5   120.202    17.760    18.656
 5    -0.792     0.239     0.563
 5     0.052     0.944    -0.324
 5    -0.608    -0.228    -0.760
 6   144.891     7.516     6.441
 6     0.750     0.500    -0.444
 6    -0.529     0.050    -0.845
 6    -0.398     0.865     0.298
 7   105.986   -20.400    -5.806
 7     0.181     0.777     0.603
 7    -0.979     0.084     0.185
 7     0.093    -0.624     0.776
 8   126.794   -26.064    16.652
 8     0.878     0.315     0.361
 8    -0.083    -0.642     0.762
 8     0.471    -0.699    -0.538
 9   148.365    -9.293    17.491
 9     0.686    -0.167    -0.710
 9     0.720     0.017     0.692
 9    -0.099    -0.986     0.127
 2    97.619   -19.428    59.070
 2     0.687    -0.727     0.003
 2     0.726     0.686     0.029
 2    -0.022    -0.019     0.999
 3   124.355    -1.199    -0.357
 3     0.416    -0.322    -0.851
 3     0.200     0.944    -0.258
 3     0.886    -0.064     0.457
 4   104.963    14.926   -11.005
 4     0.519    -0.642     0.565
 4     0.851     0.449    -0.271
 4    -0.080     0.621     0.779
 5   121.496    17.025    20.442
 5    -0.785     0.101     0.612
 5    -0.031     0.979    -0.199
 5    -0.619    -0.176    -0.765
