% Calibrated with leiden_pols
% Positions are in centimeters
Data =[
 2    97.619   -19.428    59.070
 2     0.687    -0.727     0.003
 2     0.726     0.686     0.029
 2    -0.022    -0.019     0.999
 3   123.867    -1.079     0.007
 3     0.423    -0.351    -0.836
 3     0.188     0.936    -0.296
 3     0.886    -0.033     0.461
 4   105.801    15.877   -10.842
 4     0.606    -0.609     0.513
 4     0.795     0.489    -0.358
 4    -0.033     0.624     0.780
 5   120.495    17.628    19.517
 5    -0.716     0.533     0.453
 5     0.221     0.786    -0.576
 5    -0.662    -0.313    -0.680
 6   137.369    -6.911    10.743
 6     0.323     0.489    -0.813
 6    -0.909    -0.080    -0.406
 6    -0.262     0.869     0.418
 7   105.900   -20.155    -5.860
 7     0.227     0.763     0.605
 7    -0.970     0.120     0.210
 7     0.088    -0.635     0.767
 8   128.418   -21.839    16.198
 8     0.859     0.499     0.115
 8     0.165    -0.483     0.860
 8     0.485    -0.719    -0.497
 9   142.545     3.166    17.375
 9     0.354    -0.197    -0.915
 9     0.930    -0.033     0.365
 9    -0.099    -0.980     0.169
 2    97.619   -19.428    59.070
 2     0.687    -0.727     0.003
 2     0.726     0.686     0.029
 2    -0.022    -0.019     0.999
 3   123.768    -1.080     0.007
 3     0.423    -0.350    -0.837
 3     0.187     0.936    -0.296
 3     0.886    -0.033     0.461
 4   105.726    15.877   -10.842
 4     0.606    -0.609     0.513
 4     0.795     0.489    -0.358
 4    -0.033     0.624     0.780
 5   120.448    17.629    19.488
 5    -0.717     0.533     0.452
 5     0.221     0.786    -0.576
 5    -0.661    -0.313    -0.681
 6   137.366    -6.912    10.745
 6     0.323     0.488    -0.813
 6    -0.909    -0.081    -0.406
 6    -0.263     0.869     0.417
 7   105.801   -20.206    -5.808
 7     0.226     0.762     0.606
 7    -0.970     0.120     0.211
 7     0.088    -0.636     0.766
 8   128.365   -21.840    16.252
 8     0.859     0.498     0.115
 8     0.165    -0.484     0.860
 8     0.484    -0.720    -0.497
 9   142.495     3.115    17.375
 9     0.354    -0.197    -0.915
 9     0.929    -0.033     0.365
 9    -0.099    -0.980     0.169
 2    97.619   -19.428    59.070
 2     0.687    -0.727     0.003
 2     0.726     0.686     0.029
 2    -0.022    -0.019     0.999
 3   123.767    -1.079     0.006
 3     0.423    -0.354    -0.835
 3     0.189     0.935    -0.298
 3     0.886    -0.033     0.462
 4   105.809    15.826   -10.897
 4     0.610    -0.608     0.508
 4     0.791     0.492    -0.362
 4    -0.031     0.622     0.781
 5   120.799    17.537    19.269
 5    -0.725     0.533     0.438
 5     0.225     0.782    -0.580
 5    -0.650    -0.323    -0.687
 6   137.602    -6.985    10.381
 6     0.319     0.489    -0.814
 6    -0.911    -0.079    -0.402
 6    -0.259     0.869     0.420
 7   105.852   -20.335    -5.852
 7     0.221     0.760     0.611
 7    -0.971     0.115     0.207
 7     0.087    -0.640     0.763
 8   128.512   -21.950    16.117
 8     0.866     0.486     0.111
 8     0.162    -0.487     0.858
 8     0.472    -0.726    -0.500
 9   143.598     2.540    17.259
 9     0.392    -0.212    -0.897
 9     0.916     0.004     0.398
 9    -0.077    -0.977     0.193
 2    97.619   -19.428    59.070
 2     0.687    -0.727     0.002
 2     0.726     0.686     0.029
 2    -0.022    -0.019     0.999
 3   123.861    -1.156    -0.064
 3     0.424    -0.355    -0.834
 3     0.190     0.934    -0.299
 3     0.885    -0.033     0.463
 4   106.038    15.799   -10.944
 4     0.617    -0.606     0.503
 4     0.786     0.499    -0.363
 4    -0.031     0.619     0.784
 5   121.174    17.293    18.957
 5    -0.733     0.530     0.428
 5     0.229     0.782    -0.578
 5    -0.641    -0.326    -0.695
 6   139.026    -6.257     9.269
 6     0.366     0.504    -0.785
 6    -0.891    -0.058    -0.449
 6    -0.269     0.861     0.427
 7   105.797   -20.317    -5.914
 7     0.210     0.760     0.615
 7    -0.974     0.108     0.198
 7     0.084    -0.641     0.763
 8   128.384   -22.495    15.943
 8     0.875     0.462     0.140
 8     0.132    -0.509     0.851
 8     0.465    -0.726    -0.506
 9   144.484     1.244    17.292
 9     0.437    -0.212    -0.876
 9     0.896     0.023     0.440
 9    -0.070    -0.977     0.197
 2    97.619   -19.428    59.070
 2     0.687    -0.727     0.003
 2     0.726     0.686     0.029
 2    -0.022    -0.019     0.999
 3   123.938    -1.256    -0.189
 3     0.424    -0.351    -0.836
 3     0.191     0.936    -0.294
 3     0.885    -0.036     0.464
 4   105.893    15.564   -10.917
 4     0.611    -0.609     0.505
 4     0.790     0.501    -0.351
 4    -0.040     0.614     0.788
 5   121.394    17.169    18.519
 5    -0.762     0.481     0.434
 5     0.203     0.813    -0.544
 5    -0.615    -0.327    -0.718
 6   141.061    -3.830     7.911
 6     0.464     0.525    -0.718
 6    -0.829    -0.030    -0.556
 6    -0.311     0.850     0.420
 7   105.898   -20.394    -5.891
 7     0.206     0.763     0.612
 7    -0.975     0.105     0.196
 7     0.085    -0.637     0.766
 8   128.221   -23.038    16.181
 8     0.884     0.426     0.190
 8     0.089    -0.555     0.827
 8     0.458    -0.714    -0.529
 9   146.109    -1.322    16.805
 9     0.516    -0.189    -0.837
 9     0.850    -0.005     0.525
 9    -0.099    -0.982     0.155
 2    97.619   -19.428    59.070
 2     0.687    -0.727     0.003
 2     0.726     0.686     0.029
 2    -0.022    -0.018     0.999
 3   124.160    -1.254    -0.329
 3     0.422    -0.344    -0.840
 3     0.198     0.938    -0.284
 3     0.884    -0.047     0.463
 4   105.583    15.232   -11.016
 4     0.588    -0.619     0.521
 4     0.807     0.490    -0.328
 4    -0.052     0.613     0.787
 5   120.897    17.238    18.462
 5    -0.780     0.394     0.487
 5     0.151     0.872    -0.463
 5    -0.607    -0.289    -0.740
 6   143.111     0.711     6.563
 6     0.602     0.529    -0.605
 6    -0.705    -0.004    -0.706
 6    -0.374     0.848     0.369
 7   106.028   -20.495    -5.899
 7     0.201     0.767     0.609
 7    -0.976     0.100     0.194
 7     0.088    -0.634     0.768
 8   127.951   -24.270    16.271
 8     0.889     0.378     0.259
 8     0.020    -0.598     0.801
 8     0.458    -0.707    -0.539
 9   147.499    -4.637    16.931
 9     0.598    -0.182    -0.783
 9     0.794     0.002     0.606
 9    -0.104    -0.983     0.142
 2    97.619   -19.428    59.070
 2     0.687    -0.727     0.003
 2     0.726     0.686     0.029
 2    -0.022    -0.019     0.999
 3   124.227    -1.300    -0.361
 3     0.417    -0.330    -0.848
 3     0.199     0.942    -0.267
 3     0.886    -0.058     0.458
 4   105.371    15.053   -11.044
 4     0.564    -0.625     0.540
 4     0.823     0.475    -0.310
 4    -0.063     0.619     0.782
 5   120.202    17.760    18.656
 5    -0.792     0.239     0.563
 5     0.052     0.944    -0.324
 5    -0.608    -0.228    -0.760
 6   144.891     7.516     6.441
 6     0.750     0.500    -0.444
 6    -0.529     0.050    -0.845
 6    -0.398     0.865     0.298
 7   105.986   -20.400    -5.806
 7     0.181     0.777     0.603
 7    -0.979     0.084     0.185
 7     0.093    -0.624     0.776
 8   126.794   -26.064    16.652
 8     0.878     0.315     0.361
 8    -0.083    -0.642     0.762
 8     0.471    -0.699    -0.538
 9   148.365    -9.293    17.491
 9     0.686    -0.167    -0.710
 9     0.720     0.017     0.692
 9    -0.099    -0.986     0.127
 2    97.619   -19.428    59.070
 2     0.687    -0.727     0.003
 2     0.726     0.686     0.029
 2    -0.022    -0.019     0.999
 3   124.355    -1.199    -0.357
 3     0.416    -0.322    -0.851
 3     0.200     0.944    -0.258
 3     0.886    -0.064     0.457
 4   104.963    14.926   -11.005
 4     0.519    -0.642     0.565
 4     0.851     0.449    -0.271
 4    -0.080     0.621     0.779
 5   121.496    17.025    20.442
 5    -0.785     0.101     0.612
 5    -0.031     0.979    -0.199
 5    -0.619    -0.176    -0.765
 6   145.561    13.993     7.216
 6     0.858     0.441    -0.274
 6    -0.336     0.083    -0.938
 6    -0.389     0.893     0.216
 7   106.010   -20.345    -5.659
 7     0.172     0.781     0.600
 7    -0.980     0.071     0.187
 7     0.104    -0.620     0.777
 8   125.537   -28.045    17.004
 8     0.852     0.222     0.474
 8    -0.206    -0.690     0.693
 8     0.480    -0.689    -0.543
 9   148.791   -15.036    17.528
 9     0.777    -0.168    -0.608
 9     0.618     0.023     0.785
 9    -0.115    -0.986     0.117
 2    97.619   -19.428    59.070
 2     0.687    -0.727     0.003
 2     0.726     0.686     0.029
 2    -0.022    -0.019     0.999
 3   124.463    -1.199    -0.274
 3     0.416    -0.302    -0.859
 3     0.200     0.950    -0.236
 3     0.886    -0.075     0.455
 4   104.681    14.746   -11.141
 4     0.478    -0.655     0.585
 4     0.873     0.428    -0.233
 4    -0.098     0.622     0.776
 5   120.658    18.066    20.409
 5    -0.771    -0.027     0.637
 5    -0.122     0.987    -0.105
 5    -0.625    -0.159    -0.764
 6   145.123    19.069     7.906
 6     0.906     0.401    -0.147
 6    -0.209     0.124    -0.970
 6    -0.369     0.907     0.193
 7   105.745   -20.139    -5.460
 7     0.154     0.780     0.607
 7    -0.981     0.047     0.187
 7     0.117    -0.624     0.772
 8   123.935   -29.607    17.192
 8     0.821     0.110     0.561
 8    -0.323    -0.721     0.613
 8     0.471    -0.684    -0.556
 9   148.710   -21.222    17.019
 9     0.866    -0.180    -0.470
 9     0.482     0.042     0.875
 9    -0.134    -0.983     0.118
 2    97.619   -19.428    59.070
 2     0.687    -0.727     0.003
 2     0.726     0.686     0.029
 2    -0.022    -0.019     0.999
 3   124.469    -1.202    -0.130
 3     0.418    -0.272    -0.867
 3     0.201     0.958    -0.202
 3     0.885    -0.091     0.455
 4   104.500    14.490   -11.354
 4     0.435    -0.670     0.602
 4     0.893     0.405    -0.193
 4    -0.115     0.621     0.774
 5   119.378    19.578    20.499
 5    -0.736    -0.161     0.658
 5    -0.234     0.972    -0.024
 5    -0.635    -0.172    -0.753
 6   143.717    25.297     9.375
 6     0.946     0.324     0.004
 6    -0.053     0.174    -0.984
 6    -0.319     0.929     0.180
 7   105.655   -20.041    -5.411
 7     0.139     0.780     0.610
 7    -0.983     0.033     0.180
 7     0.120    -0.625     0.771
 8   122.546   -31.171    17.197
 8     0.777    -0.010     0.629
 8    -0.432    -0.735     0.522
 8     0.457    -0.678    -0.575
 9   147.952   -27.808    16.222
 9     0.934    -0.196    -0.301
 9     0.311     0.042     0.949
 9    -0.172    -0.980     0.095
 2    97.619   -19.428    59.070
 2     0.687    -0.727     0.003
 2     0.726     0.686     0.029
 2    -0.022    -0.019     0.999
 3   124.594    -1.072    -0.116
 3     0.416    -0.261    -0.871
 3     0.210     0.959    -0.186
 3     0.884    -0.107     0.454
 4   104.218    14.367   -11.635
 4     0.390    -0.693     0.607
 4     0.915     0.362    -0.175
 4    -0.099     0.624     0.775
 5   117.698    18.192    21.305
 5    -0.689    -0.250     0.681
 5    -0.225     0.966     0.126
 5    -0.689    -0.067    -0.721
 6   141.168    28.473    10.966
 6     0.934     0.314     0.169
 6     0.127     0.151    -0.980
 6    -0.333     0.937     0.101
 7   105.149   -19.563    -6.536
 7     0.089     0.777     0.623
 7    -0.993     0.019     0.118
 7     0.080    -0.629     0.773
 8   121.797   -25.861    18.294
 8     0.757    -0.135     0.639
 8    -0.375    -0.891     0.257
 8     0.534    -0.434    -0.725
 9   145.816   -31.028    15.796
 9     0.952    -0.306     0.001
 9    -0.043    -0.127     0.990
 9    -0.303    -0.943    -0.137
 2    97.619   -19.428    59.070
 2     0.687    -0.728     0.003
 2     0.726     0.686     0.029
 2    -0.022    -0.019     0.999
 3   124.387    -0.960    -0.273
 3     0.432    -0.248    -0.868
 3     0.209     0.963    -0.170
 3     0.877    -0.109     0.467
 4   103.729    14.371   -11.650
 4     0.389    -0.693     0.607
 4     0.916     0.358    -0.178
 4    -0.094     0.625     0.774
 5   117.824    16.894    21.333
 5    -0.702    -0.127     0.701
 5    -0.106     0.991     0.074
 5    -0.704    -0.023    -0.709
 6   141.503    26.826    11.077
 6     0.929     0.319     0.188
 6     0.145     0.151    -0.978
 6    -0.340     0.935     0.094
 7   104.373   -18.905    -7.545
 7     0.043     0.778     0.626
 7    -0.998     0.007     0.061
 7     0.043    -0.628     0.777
 8   122.211   -21.991    17.639
 8     0.796     0.194     0.573
 8    -0.109    -0.886     0.449
 8     0.595    -0.421    -0.685
 9   146.259   -25.322    15.832
 9     0.942    -0.332    -0.052
 9    -0.031    -0.235     0.971
 9    -0.334    -0.914    -0.234
 2    97.619   -19.428    59.070
 2     0.687    -0.728     0.003
 2     0.726     0.686     0.029
 2    -0.022    -0.019     0.999
 3   124.421    -0.734    -0.440
 3     0.434    -0.286    -0.855
 3     0.204     0.954    -0.215
 3     0.877    -0.083     0.472
 4   103.913    14.629   -11.654
 4     0.426    -0.700     0.573
 4     0.898     0.399    -0.181
 4    -0.102     0.592     0.799
 5   117.169    17.484    19.220
 5    -0.725     0.133     0.677
 5     0.031     0.986    -0.159
 5    -0.688    -0.094    -0.719
 6   143.897    19.904     9.475
 6     0.927     0.373     0.033
 6    -0.023     0.148    -0.989
 6    -0.373     0.916     0.145
 7   104.803   -19.058    -7.549
 7     0.090     0.770     0.631
 7    -0.995     0.040     0.093
 7     0.046    -0.636     0.770
 8   123.496   -21.339    17.378
 8     0.822     0.264     0.505
 8    -0.048    -0.851     0.522
 8     0.567    -0.454    -0.687
 9   146.322   -26.170    13.560
 9     0.897    -0.443    -0.008
 9    -0.115    -0.245     0.962
 9    -0.427    -0.863    -0.272
 2    97.619   -19.428    59.070
 2     0.687    -0.727     0.003
 2     0.726     0.686     0.029
 2    -0.022    -0.019     0.999
 3   124.494    -0.737    -0.629
 3     0.442    -0.302    -0.846
 3     0.229     0.948    -0.218
 3     0.867    -0.099     0.487
 4   103.078    13.404   -12.174
 4     0.368    -0.713     0.597
 4     0.921     0.369    -0.126
 4    -0.130     0.596     0.792
 5   119.247    16.162    19.567
 5    -0.774     0.038     0.633
 5    -0.045     0.992    -0.114
 5    -0.632    -0.117    -0.766
 6   141.000    27.683     7.432
 6     0.866     0.390     0.315
 6     0.266     0.172    -0.948
 6    -0.423     0.905     0.046
 7   104.329   -19.145    -7.441
 7     0.027     0.782     0.622
 7    -0.997    -0.023     0.071
 7     0.069    -0.623     0.779
 8   121.820   -21.814    17.992
 8     0.790     0.050     0.611
 8    -0.175    -0.937     0.301
 8     0.587    -0.345    -0.732
 9   142.403   -34.552    15.079
 9     0.827    -0.506     0.248
 9    -0.397    -0.211     0.893
 9    -0.398    -0.837    -0.375
 2    97.619   -19.428    59.070
 2     0.687    -0.727     0.003
 2     0.726     0.686     0.029
 2    -0.022    -0.019     0.999
 3   124.367    -0.810    -0.646
 3     0.439    -0.275    -0.856
 3     0.245     0.952    -0.179
 3     0.864    -0.133     0.485
 4   102.309    12.758   -12.295
 4     0.300    -0.730     0.614
 4     0.944     0.319    -0.081
 4    -0.137     0.604     0.785
 5   117.927    16.330    19.584
 5    -0.752    -0.124     0.647
 5    -0.137     0.990     0.030
 5    -0.645    -0.066    -0.761
 6   138.146    32.616     8.752
 6     0.820     0.329     0.471
 6     0.431     0.185    -0.882
 6    -0.376     0.926     0.012
 7   103.930   -19.152    -7.212
 7    -0.004     0.787     0.616
 7    -0.997    -0.053     0.062
 7     0.081    -0.614     0.785
 8   120.983   -22.406    18.343
 8     0.759    -0.104     0.643
 8    -0.267    -0.950     0.161
 8     0.594    -0.295    -0.748
 9   140.067   -38.822    16.031
 9     0.770    -0.524     0.366
 9    -0.520    -0.184     0.834
 9    -0.369    -0.832    -0.413
 2    97.619   -19.428    59.070
 2     0.687    -0.727     0.003
 2     0.726     0.686     0.029
 2    -0.022    -0.019     0.999
 3   124.378    -0.807    -0.707
 3     0.435    -0.271    -0.859
 3     0.245     0.953    -0.175
 3     0.866    -0.135     0.480
 4   102.082    12.671   -12.269
 4     0.268    -0.736     0.623
 4     0.954     0.290    -0.067
 4    -0.131     0.612     0.779
 5   116.933    16.550    19.985
 5    -0.717    -0.252     0.651
 5    -0.195     0.968     0.159
 5    -0.670    -0.013    -0.742
 6   135.756    35.946    10.301
 6     0.780     0.262     0.572
 6     0.533     0.202    -0.820
 6    -0.329     0.944     0.020
 7   103.762   -19.093    -7.267
 7    -0.026     0.799     0.600
 7    -0.997    -0.067     0.045
 7     0.076    -0.598     0.798
 8   120.281   -22.763    18.539
 8     0.728    -0.196     0.657
 8    -0.320    -0.945     0.073
 8     0.606    -0.264    -0.750
 9   137.548   -41.881    16.845
 9     0.708    -0.538     0.460
 9    -0.615    -0.149     0.774
 9    -0.347    -0.829    -0.435
 2    97.619   -19.428    59.070
 2     0.687    -0.727     0.003
 2     0.726     0.686     0.029
 2    -0.022    -0.018     0.999
 3   124.336    -0.806    -0.763
 3     0.435    -0.264    -0.862
 3     0.243     0.955    -0.169
 3     0.867    -0.137     0.478
 4   101.855    12.612   -12.247
 4     0.232    -0.739     0.632
 4     0.965     0.257    -0.052
 4    -0.124     0.622     0.773
 5   112.262    15.199    18.392
 5    -0.670    -0.385     0.636
 5    -0.254     0.922     0.290
 5    -0.698     0.033    -0.715
 6   132.371    39.138    11.767
 6     0.717     0.223     0.662
 6     0.632     0.195    -0.749
 6    -0.294     0.955     0.001
 7   103.680   -19.159    -7.416
 7    -0.053     0.812     0.580
 7    -0.996    -0.088     0.032
 7     0.077    -0.576     0.813
 8   119.450   -22.935    18.818
 8     0.690    -0.269     0.672
 8    -0.359    -0.933    -0.005
 8     0.628    -0.237    -0.741
 9   135.099   -44.112    18.070
 9     0.653    -0.541     0.533
 9    -0.690    -0.135     0.710
 9    -0.312    -0.830    -0.460
 2    97.619   -19.428    59.070
 2     0.687    -0.727     0.003
 2     0.726     0.686     0.029
 2    -0.022    -0.019     0.999
 3   124.383    -0.785    -0.883
 3     0.438    -0.259    -0.862
 3     0.240     0.956    -0.164
 3     0.866    -0.137     0.480
 4   101.584    12.582   -12.156
 4     0.191    -0.745     0.639
 4     0.975     0.219    -0.036
 4    -0.114     0.630     0.768
 5   111.241    15.158    18.902
 5    -0.630    -0.479     0.613
 5    -0.294     0.876     0.381
 5    -0.719     0.060    -0.692
 6   129.243    41.537    13.221
 6     0.651     0.188     0.736
 6     0.712     0.184    -0.676
 6    -0.260     0.965    -0.012
 7   103.582   -19.119    -7.506
 7    -0.077     0.826     0.558
 7    -0.993    -0.110     0.026
 7     0.083    -0.552     0.829
 8   118.684   -22.877    18.974
 8     0.657    -0.330     0.678
 8    -0.385    -0.920    -0.073
 8     0.648    -0.213    -0.731
 9   132.810   -45.634    19.175
 9     0.600    -0.544     0.591
 9    -0.749    -0.121     0.650
 9    -0.281    -0.830    -0.478
 2    97.619   -19.428    59.070
 2     0.687    -0.727     0.003
 2     0.726     0.686     0.029
 2    -0.022    -0.019     0.999
 3   124.374    -0.738    -0.998
 3     0.442    -0.252    -0.862
 3     0.239     0.958    -0.156
 3     0.864    -0.138     0.483
 4   101.429    12.706   -12.076
 4     0.159    -0.749     0.643
 4     0.982     0.185    -0.027
 4    -0.099     0.636     0.765
 5   109.956    15.274    19.410
 5    -0.583    -0.558     0.592
 5    -0.335     0.827     0.450
 5    -0.740     0.064    -0.668
 6   126.253    43.355    14.489
 6     0.598     0.161     0.787
 6     0.766     0.177    -0.617
 6    -0.237     0.971    -0.016
 7   103.413   -18.947    -7.619
 7    -0.094     0.832     0.546
 7    -0.992    -0.127     0.022
 7     0.088    -0.539     0.837
 8   118.195   -22.989    19.072
 8     0.628    -0.397     0.670
 8    -0.424    -0.896    -0.132
 8     0.652    -0.202    -0.730
 9   130.874   -47.196    19.525
 9     0.546    -0.551     0.635
 9    -0.793    -0.096     0.599
 9    -0.270    -0.829    -0.488
 2    97.619   -19.428    59.070
 2     0.687    -0.727     0.003
 2     0.726     0.686     0.029
 2    -0.022    -0.019     0.999
 3   124.405    -0.565    -1.045
 3     0.445    -0.234    -0.865
 3     0.233     0.962    -0.139
 3     0.864    -0.141     0.482
 4   101.399    12.794   -12.042
 4     0.132    -0.749     0.650
 4     0.987     0.162    -0.013
 4    -0.095     0.643     0.760
 5   109.195    16.195    19.509
 5    -0.536    -0.640     0.552
 5    -0.408     0.767     0.493
 5    -0.739     0.040    -0.673
 6   123.296    45.783    14.505
 6     0.540     0.128     0.832
 6     0.808     0.198    -0.554
 6    -0.234     0.972     0.005
 7   103.202   -18.778    -7.575
 7    -0.120     0.832     0.542
 7    -0.988    -0.152     0.014
 7     0.094    -0.534     0.840
 8   117.525   -23.412    19.107
 8     0.592    -0.468     0.657
 8    -0.470    -0.862    -0.188
 8     0.654    -0.197    -0.730
 9   128.499   -48.958    19.968
 9     0.488    -0.543     0.687
 9    -0.837    -0.067     0.542
 9    -0.248    -0.837    -0.485
 2    97.619   -19.428    59.070
 2     0.687    -0.727     0.003
 2     0.726     0.686     0.029
 2    -0.022    -0.019     0.999
 3   124.394    -0.591    -1.045
 3     0.445    -0.208    -0.872
 3     0.230     0.966    -0.112
 3     0.865    -0.151     0.477
 4   101.251    12.561   -12.132
 4     0.099    -0.750     0.654
 4     0.989     0.146     0.019
 4    -0.110     0.644     0.756
 5   111.621    18.831    21.338
 5    -0.483    -0.716     0.505
 5    -0.497     0.698     0.514
 5    -0.720    -0.003    -0.693
 6   120.314    48.030    14.024
 6     0.481     0.084     0.873
 6     0.845     0.222    -0.486
 6    -0.233     0.971     0.037
 7   103.127   -18.781    -7.648
 7    -0.127     0.831     0.541
 7    -0.987    -0.158     0.011
 7     0.094    -0.533     0.841
 8   117.066   -24.043    19.104
 8     0.555    -0.531     0.641
 8    -0.515    -0.824    -0.235
 8     0.653    -0.199    -0.730
 9   126.613   -50.617    20.323
 9     0.441    -0.521     0.733
 9    -0.869    -0.042     0.491
 9    -0.225    -0.852    -0.469
 2    97.619   -19.428    59.070
 2     0.687    -0.727     0.003
 2     0.726     0.686     0.029
 2    -0.022    -0.019     0.999
 3   124.474    -0.567    -1.091
 3     0.446    -0.193    -0.875
 3     0.228     0.969    -0.096
 3     0.865    -0.157     0.475
 4   101.232    12.564   -12.124
 4     0.073    -0.753     0.653
 4     0.991     0.129     0.039
 4    -0.114     0.645     0.755
 5   110.730    19.439    21.421
 5    -0.426    -0.773     0.471
 5    -0.548     0.634     0.545
 5    -0.719    -0.026    -0.693
 6   117.841    49.484    14.673
 6     0.436     0.042     0.899
 6     0.875     0.213    -0.434
 6    -0.209     0.976     0.057
 7   103.118   -18.513    -7.811
 7    -0.142     0.833     0.535
 7    -0.986    -0.169     0.001
 7     0.091    -0.527     0.845
 8   116.458   -24.291    19.067
 8     0.518    -0.582     0.629
 8    -0.551    -0.787    -0.274
 8     0.654    -0.204    -0.728
 9   124.585   -51.817    20.677
 9     0.393    -0.505     0.771
 9    -0.897    -0.026     0.439
 9    -0.201    -0.863    -0.461
 2    97.619   -19.403    59.071
 2     0.687    -0.727     0.003
 2     0.726     0.686     0.029
 2    -0.022    -0.019     0.999
 3   124.551    -0.412    -1.122
 3     0.443    -0.181    -0.879
 3     0.218     0.972    -0.090
 3     0.870    -0.152     0.469
 4   101.339    12.856   -12.142
 4     0.048    -0.760     0.649
 4     0.993     0.106     0.050
 4    -0.107     0.641     0.759
 5   109.607    19.694    21.676
 5    -0.367    -0.811     0.457
 5    -0.576     0.583     0.573
 5    -0.731    -0.052    -0.680
 6   115.221    50.658    16.017
 6     0.387    -0.005     0.922
 6     0.908     0.177    -0.380
 6    -0.161     0.984     0.073
 7   103.116   -18.339    -7.962
 7    -0.148     0.835     0.530
 7    -0.985    -0.174    -0.001
 7     0.091    -0.522     0.848
 8   115.872   -24.535    18.996
 8     0.473    -0.630     0.618
 8    -0.580    -0.748    -0.319
 8     0.663    -0.208    -0.718
 9   122.662   -52.978    21.518
 9     0.345    -0.486     0.805
 9    -0.924    -0.027     0.379
 9    -0.162    -0.874    -0.456
 2    97.619   -19.403    59.071
 2     0.687    -0.727     0.003
 2     0.726     0.686     0.029
 2    -0.022    -0.019     0.999
 3   124.558    -0.287    -1.153
 3     0.443    -0.175    -0.880
 3     0.213     0.973    -0.085
 3     0.871    -0.151     0.467
 4   101.160    12.868   -12.079
 4     0.016    -0.763     0.646
 4     0.994     0.078     0.068
 4    -0.103     0.642     0.760
 5   108.413    19.758    21.815
 5    -0.310    -0.849     0.428
 5    -0.604     0.523     0.601
 5    -0.734    -0.072    -0.675
 6   112.618    51.323    16.660
 6     0.343    -0.018     0.939
 6     0.929     0.155    -0.336
 6    -0.139     0.988     0.070
 7   103.016   -18.218    -8.033
 7    -0.158     0.834     0.528
 7    -0.983    -0.182    -0.006
 7     0.091    -0.520     0.849
 8   115.242   -24.962    18.884
 8     0.428    -0.682     0.594
 8    -0.613    -0.701    -0.363
 8     0.664    -0.209    -0.717
 9   120.541   -53.996    21.942
 9     0.296    -0.475     0.830
 9    -0.945    -0.020     0.323
 9    -0.136    -0.880    -0.454
 2    97.619   -19.428    59.070
 2     0.687    -0.727     0.003
 2     0.726     0.686     0.029
 2    -0.022    -0.019     0.999
 3   124.471    -0.160    -1.277
 3     0.441    -0.173    -0.881
 3     0.203     0.975    -0.089
 3     0.874    -0.140     0.464
 4   100.952    12.881   -11.930
 4     0.000    -0.763     0.646
 4     0.995     0.060     0.071
 4    -0.093     0.643     0.759
 5   108.011    19.704    22.063
 5    -0.293    -0.858     0.422
 5    -0.605     0.508     0.613
 5    -0.741    -0.076    -0.667
 6   111.895    51.491    17.843
 6     0.330    -0.023     0.944
 6     0.938     0.115    -0.325
 6    -0.100     0.993     0.060
 7   103.012   -18.092    -7.968
 7    -0.157     0.829     0.536
 7    -0.984    -0.180    -0.011
 7     0.087    -0.529     0.844
 8   114.709   -25.575    18.821
 8     0.386    -0.716     0.582
 8    -0.645    -0.660    -0.385
 8     0.660    -0.227    -0.716
 9   118.740   -55.183    21.902
 9     0.258    -0.443     0.860
 9    -0.958     0.001     0.286
 9    -0.127    -0.896    -0.422
 2    97.619   -19.428    59.070
 2     0.687    -0.727     0.003
 2     0.726     0.686     0.029
 2    -0.022    -0.019     0.999
 3   124.537    -0.161    -1.247
 3     0.440    -0.168    -0.883
 3     0.193     0.977    -0.089
 3     0.877    -0.132     0.461
 4   101.228    13.166   -11.847
 4     0.009    -0.769     0.639
 4     0.996     0.060     0.058
 4    -0.084     0.636     0.766
 5   108.530    19.324    22.499
 5    -0.322    -0.833     0.452
 5    -0.576     0.550     0.604
 5    -0.751    -0.066    -0.656
 6   114.500    50.552    18.522
 6     0.388    -0.003     0.922
 6     0.917     0.097    -0.386
 6    -0.088     0.995     0.041
 7   102.886   -18.097    -7.931
 7    -0.166     0.826     0.539
 7    -0.982    -0.185    -0.018
 7     0.085    -0.532     0.842
 8   114.643   -25.653    18.918
 8     0.396    -0.691     0.606
 8    -0.638    -0.680    -0.359
 8     0.660    -0.244    -0.710
 9   120.579   -54.465    21.702
 9     0.327    -0.431     0.843
 9    -0.933    -0.007     0.357
 9    -0.147    -0.902    -0.403
 2    97.619   -19.428    59.070
 2     0.687    -0.727     0.003
 2     0.726     0.686     0.029
 2    -0.022    -0.019     0.999
 3   124.490    -0.338    -1.129
 3     0.439    -0.171    -0.882
 3     0.190     0.977    -0.094
 3     0.878    -0.127     0.461
 4   101.677    13.461   -11.745
 4     0.080    -0.760     0.645
 4     0.994     0.109     0.005
 4    -0.074     0.640     0.764
 5   110.992    18.802    22.563
 5    -0.439    -0.731     0.523
 5    -0.496     0.682     0.536
 5    -0.749    -0.024    -0.662
 6   121.824    47.447    17.374
 6     0.543     0.068     0.837
 6     0.828     0.121    -0.547
 6    -0.138     0.990     0.011
 7   102.988   -18.266    -7.759
 7    -0.150     0.824     0.545
 7    -0.985    -0.172    -0.011
 7     0.085    -0.539     0.838
 8   115.689   -25.037    18.934
 8     0.484    -0.566     0.668
 8    -0.575    -0.780    -0.244
 8     0.659    -0.266    -0.703
 9   126.842   -51.119    20.906
 9     0.519    -0.416     0.749
 9    -0.835    -0.059     0.546
 9    -0.182    -0.907    -0.376
 2    97.619   -19.428    59.070
 2     0.687    -0.727     0.003
 2     0.726     0.686     0.029
 2    -0.022    -0.019     0.999
 3   124.593    -0.507    -1.044
 3     0.432    -0.196    -0.881
 3     0.196     0.973    -0.120
 3     0.880    -0.122     0.458
 4   102.350    13.790   -11.744
 4     0.189    -0.744     0.641
 4     0.979     0.190    -0.068
 4    -0.071     0.640     0.764
 5   110.211    16.609    20.017
 5    -0.558    -0.556     0.617
 5    -0.371     0.831     0.413
 5    -0.742     0.003    -0.670
 6   129.651    42.412    15.614
 6     0.707     0.147     0.693
 6     0.679     0.134    -0.721
 6    -0.198     0.980    -0.003
 7   103.220   -18.434    -7.694
 7    -0.118     0.825     0.553
 7    -0.990    -0.140    -0.002
 7     0.076    -0.548     0.833
 8   116.614   -24.469    18.898
 8     0.565    -0.402     0.721
 8    -0.490    -0.866    -0.098
 8     0.664    -0.298    -0.685
 9   133.124   -45.801    19.885
 9     0.714    -0.389     0.584
 9    -0.661    -0.098     0.743
 9    -0.231    -0.916    -0.324
 2    97.619   -19.428    59.070
 2     0.687    -0.727     0.003
 2     0.726     0.686     0.029
 2    -0.022    -0.019     0.999
 3   124.639    -0.674    -0.978
 3     0.424    -0.228    -0.877
 3     0.208     0.966    -0.150
 3     0.881    -0.120     0.457
 4   102.834    13.804   -11.999
 4     0.280    -0.729     0.625
 4     0.956     0.268    -0.115
 4    -0.084     0.630     0.772
 5   115.670    17.368    21.507
 5    -0.648    -0.340     0.682
 5    -0.240     0.940     0.240
 5    -0.723    -0.009    -0.690
 6   136.474    35.494    13.102
 6     0.849     0.211     0.485
 6     0.458     0.160    -0.873
 6    -0.262     0.964     0.041
 7   103.627   -18.892    -7.500
 7    -0.077     0.827     0.557
 7    -0.994    -0.109     0.025
 7     0.081    -0.551     0.830
 8   117.528   -23.834    18.998
 8     0.626    -0.202     0.753
 8    -0.373    -0.925     0.063
 8     0.684    -0.321    -0.655
 9   138.546   -38.874    20.406
 9     0.872    -0.317     0.372
 9    -0.433    -0.149     0.889
 9    -0.226    -0.937    -0.266
 2    97.619   -19.428    59.070
 2     0.687    -0.727     0.003
 2     0.726     0.686     0.029
 2    -0.022    -0.019     0.999
 3   124.627    -0.897    -0.873
 3     0.421    -0.252    -0.872
 3     0.219     0.960    -0.171
 3     0.880    -0.120     0.458
 4   103.467    13.766   -12.118
 4     0.362    -0.714     0.600
 4     0.927     0.343    -0.151
 4    -0.098     0.610     0.786
 5   117.460    17.371    20.752
 5    -0.703    -0.092     0.706
 5    -0.134     0.991    -0.004
 5    -0.699    -0.097    -0.708
 6   141.634    27.240    11.263
 6     0.942     0.252     0.220
 6     0.169     0.207    -0.963
 6    -0.289     0.945     0.153
 7   103.972   -19.180    -7.277
 7    -0.041     0.823     0.566
 7    -0.996    -0.078     0.041
 7     0.078    -0.562     0.823
 8   118.756   -23.689    18.837
 8     0.691     0.009     0.722
 8    -0.265    -0.927     0.265
 8     0.672    -0.375    -0.639
 9   142.516   -32.424    19.822
 9     0.954    -0.261     0.146
 9    -0.191    -0.156     0.969
 9    -0.229    -0.953    -0.199
 2    97.619   -19.428    59.070
 2     0.687    -0.727     0.003
 2     0.726     0.686     0.029
 2    -0.022    -0.019     0.999
 3   124.572    -0.894    -0.799
 3     0.418    -0.268    -0.869
 3     0.223     0.956    -0.187
 3     0.880    -0.117     0.458
 4   103.811    13.909   -12.240
 4     0.428    -0.690     0.584
 4     0.896     0.404    -0.179
 4    -0.113     0.600     0.791
 5   118.897    17.426    20.115
 5    -0.736     0.090     0.672
 5    -0.059     0.979    -0.194
 5    -0.675    -0.183    -0.715
 6   144.373    19.759     9.373
 6     0.945     0.325    -0.024
 6    -0.100     0.227    -0.969
 6    -0.310     0.918     0.245
 7   104.072   -19.221    -7.243
 7    -0.001     0.811     0.585
 7    -0.998    -0.038     0.051
 7     0.063    -0.584     0.809
 8   120.161   -23.983    18.354
 8     0.735     0.125     0.667
 8    -0.214    -0.890     0.401
 8     0.644    -0.437    -0.628
 9   145.391   -25.706    19.174
 9     0.976    -0.193    -0.100
 9     0.078    -0.113     0.990
 9    -0.202    -0.975    -0.098
 2    97.619   -19.428    59.070
 2     0.687    -0.727     0.003
 2     0.726     0.686     0.029
 2    -0.022    -0.019     0.999
 3   124.518    -0.766    -0.700
 3     0.417    -0.279    -0.866
 3     0.224     0.954    -0.198
 3     0.880    -0.113     0.460
 4   104.096    14.054   -12.334
 4     0.480    -0.665     0.573
 4     0.868     0.455    -0.198
 4    -0.130     0.592     0.795
 5   120.009    17.548    19.450
 5    -0.755     0.220     0.618
 5    -0.002     0.942    -0.335
 5    -0.655    -0.255    -0.711
 6   145.034    13.605     8.327
 6     0.896     0.391    -0.216
 6    -0.319     0.234    -0.919
 6    -0.309     0.890     0.330
 7   104.310   -19.164    -7.175
 7     0.043     0.799     0.600
 7    -0.998     0.008     0.061
 7     0.044    -0.601     0.798
 8   121.945   -24.130    17.511
 8     0.782     0.271     0.562
 8    -0.134    -0.807     0.574
 8     0.608    -0.525    -0.595
 9   147.053   -18.608    18.585
 9     0.928    -0.163    -0.338
 9     0.334    -0.041     0.941
 9    -0.165    -0.986     0.013
 2    97.619   -19.428    59.070
 2     0.687    -0.727     0.003
 2     0.726     0.686     0.029
 2    -0.022    -0.019     0.999
 3   124.463    -0.662    -0.627
 3     0.416    -0.295    -0.861
 3     0.229     0.949    -0.214
 3     0.880    -0.110     0.462
 4   104.382    14.269   -12.345
 4     0.515    -0.649     0.562
 4     0.847     0.484    -0.217
 4    -0.132     0.587     0.798
 5   118.580    18.935    17.616
 5    -0.757     0.329     0.566
 5     0.053     0.892    -0.446
 5    -0.651    -0.307    -0.693
 6   144.828     8.671     7.933
 6     0.826     0.440    -0.359
 6    -0.477     0.210    -0.853
 6    -0.299     0.873     0.380
 7   104.629   -19.022    -7.146
 7     0.098     0.782     0.615
 7    -0.995     0.059     0.082
 7     0.028    -0.620     0.783
 8   123.881   -23.840    16.614
 8     0.814     0.382     0.439
 8    -0.052    -0.703     0.708
 8     0.578    -0.600    -0.553
 9   147.682   -12.375    18.092
 9     0.840    -0.158    -0.521
 9     0.529     0.024     0.848
 9    -0.118    -0.987     0.099
 2    97.619   -19.428    59.070
 2     0.687    -0.727     0.003
 2     0.726     0.686     0.029
 2    -0.022    -0.019     0.999
 3   124.381    -0.533    -0.454
 3     0.414    -0.314    -0.856
 3     0.231     0.944    -0.233
 3     0.880    -0.103     0.462
 4   104.911    14.551   -12.364
 4     0.560    -0.622     0.548
 4     0.817     0.525    -0.238
 4    -0.139     0.580     0.802
 5   119.570    18.612    17.238
 5    -0.746     0.458     0.487
 5     0.126     0.812    -0.569
 5    -0.654    -0.363    -0.663
 6   144.472     3.920     8.309
 6     0.748     0.448    -0.497
 6    -0.608     0.161    -0.776
 6    -0.266     0.879     0.389
 7   104.882   -19.102    -7.056
 7     0.141     0.764     0.629
 7    -0.990     0.091     0.110
 7     0.027    -0.638     0.769
 8   125.753   -23.035    15.802
 8     0.833     0.471     0.289
 8     0.047    -0.581     0.812
 8     0.551    -0.663    -0.506
 9   147.479    -6.537    17.839
 9     0.731    -0.183    -0.660
 9     0.677     0.078     0.730
 9    -0.079    -0.980     0.177
 2    97.619   -19.428    59.070
 2     0.687    -0.727     0.003
 2     0.726     0.686     0.029
 2    -0.022    -0.019     0.999
 3   124.268    -0.561    -0.278
 3     0.417    -0.334    -0.846
 3     0.230     0.938    -0.256
 3     0.879    -0.089     0.467
 4   105.378    14.647   -12.312
 4     0.609    -0.587     0.534
 4     0.778     0.571    -0.259
 4    -0.153     0.573     0.804
 5   120.642    17.858    16.935
 5    -0.726     0.575     0.380
 5     0.204     0.705    -0.678
 5    -0.657    -0.415    -0.629
 6   143.077    -1.253     8.764
 6     0.631     0.440    -0.647
 6    -0.740     0.085    -0.664
 6    -0.234     0.894     0.375
 7   105.067   -19.312    -7.028
 7     0.171     0.753     0.635
 7    -0.985     0.110     0.134
 7     0.031    -0.649     0.760
 8   126.870   -22.274    15.142
 8     0.832     0.534     0.150
 8     0.134    -0.456     0.880
 8     0.538    -0.712    -0.451
 9   146.447    -2.288    17.567
 9     0.624    -0.214    -0.755
 9     0.779     0.096     0.617
 9    -0.055    -0.972     0.222
 2    97.619   -19.428    59.070
 2     0.687    -0.727     0.003
 2     0.726     0.686     0.029
 2    -0.022    -0.018     0.999
 3   124.172    -0.720    -0.227
 3     0.424    -0.358    -0.833
 3     0.223     0.931    -0.285
 3     0.877    -0.066     0.474
 4   105.610    14.762   -12.223
 4     0.633    -0.570     0.525
 4     0.758     0.592    -0.273
 4    -0.155     0.570     0.806
 5   120.897    17.719    17.045
 5    -0.709     0.623     0.332
 5     0.240     0.654    -0.716
 5    -0.663    -0.428    -0.613
 6   142.151    -3.683     9.369
 6     0.559     0.430    -0.714
 6    -0.802     0.060    -0.591
 6    -0.209     0.900     0.376
 7   105.070   -19.381    -7.027
 7     0.183     0.742     0.645
 7    -0.983     0.118     0.143
 7     0.030    -0.660     0.750
 8   127.320   -21.873    14.782
 8     0.832     0.547     0.094
 8     0.162    -0.402     0.901
 8     0.530    -0.734    -0.423
 9   145.364    -0.131    17.682
 9     0.555    -0.228    -0.804
 9     0.831     0.103     0.543
 9    -0.037    -0.968     0.242
 2    97.619   -19.428    59.070
 2     0.687    -0.727     0.003
 2     0.726     0.686     0.029
 2    -0.022    -0.019     0.999
 3   123.987    -0.675    -0.178
 3     0.431    -0.369    -0.825
 3     0.217     0.928    -0.301
 3     0.876    -0.051     0.479
 4   105.529    14.944   -11.966
 4     0.640    -0.565     0.521
 4     0.754     0.591    -0.285
 4    -0.147     0.575     0.804
 5   120.966    17.541    17.295
 5    -0.701     0.642     0.311
 5     0.261     0.635    -0.726
 5    -0.663    -0.428    -0.613
 6   141.337    -4.760     9.839
 6     0.521     0.427    -0.743
 6    -0.830     0.049    -0.552
 6    -0.197     0.903     0.378
 7   104.891   -19.332    -6.992
 7     0.184     0.738     0.649
 7    -0.983     0.119     0.141
 7     0.027    -0.664     0.747
 8   127.217   -21.743    14.788
 8     0.827     0.558     0.071
 8     0.175    -0.377     0.909
 8     0.534    -0.739    -0.409
 9   144.551     0.824    18.148
 9     0.520    -0.222    -0.827
 9     0.853     0.104     0.509
 9    -0.023    -0.970     0.239
];