% Calibrated with leiden_pols
% Positions are in centimeters
Data =[
 2    97.078   -20.099    59.051
 2     0.472    -0.882     0.005
 2     0.881     0.471     0.029
 2    -0.028    -0.010     0.999
 3   130.106    -2.694     1.883
 3     0.547    -0.005    -0.837
 3    -0.092     0.993    -0.066
 3     0.832     0.113     0.543
 4   113.596    15.249    -7.595
 4     0.118    -0.911     0.395
 4     0.948    -0.016    -0.318
 4     0.296     0.412     0.861
 5   110.138    22.732    18.420
 5     0.069    -0.489     0.870
 5     0.275    -0.829    -0.487
 5     0.959     0.272     0.077
 6   121.568    25.633    47.699
 6     0.300    -0.802    -0.520
 6     0.031     0.550    -0.833
 6     0.953     0.232     0.189
 7   116.051   -23.096    -7.003
 7     0.199     0.955     0.218
 7    -0.916     0.102     0.388
 7     0.348    -0.277     0.895
 8   115.665   -30.341    20.091
 8     0.245     0.479     0.843
 8    -0.218    -0.820     0.528
 8     0.944    -0.312    -0.096
 9   128.247   -33.266    46.435
 9     0.420     0.664    -0.622
 9     0.010     0.678     0.732
 9     0.907    -0.313     0.277
 2    97.081   -20.099    59.048
 2     0.472    -0.882     0.004
 2     0.881     0.471     0.029
 2    -0.027    -0.011     0.999
 3   130.543    -2.719     2.133
 3     0.517    -0.006    -0.856
 3    -0.087     0.994    -0.060
 3     0.851     0.105     0.513
 4   114.878    15.210    -8.165
 4     0.131    -0.924     0.359
 4     0.940     0.001    -0.339
 4     0.313     0.381     0.869
 5   109.734    24.149    16.578
 5    -0.030    -0.642     0.766
 5     0.282    -0.741    -0.609
 5     0.959     0.197     0.204
 6   117.851    26.555    46.993
 6     0.156    -0.767    -0.625
 6     0.032     0.634    -0.771
 6     0.987     0.098     0.122
 7   117.599   -22.963    -7.453
 7     0.218     0.962     0.167
 7    -0.912     0.139     0.385
 7     0.347    -0.236     0.908
 8   114.274   -32.750    17.758
 8     0.090     0.630     0.772
 8    -0.264    -0.732     0.627
 8     0.960    -0.260     0.102
 9   122.478   -36.433    45.702
 9     0.234     0.653    -0.722
 9    -0.038     0.746     0.662
 9     0.971    -0.126     0.199
 2    97.081   -20.099    59.048
 2     0.472    -0.882     0.004
 2     0.881     0.471     0.029
 2    -0.027    -0.011     0.999
 3   131.084    -2.559     2.544
 3     0.484    -0.024    -0.875
 3    -0.077     0.995    -0.069
 3     0.871     0.101     0.479
 4   115.779    15.337    -8.593
 4     0.073    -0.957     0.281
 4     0.951    -0.018    -0.309
 4     0.300     0.290     0.908
 5   105.847    25.079    13.880
 5    -0.231    -0.658     0.717
 5     0.322    -0.747    -0.582
 5     0.918     0.097     0.384
 6   108.611    28.764    45.156
 6    -0.040    -0.748    -0.663
 6     0.071     0.659    -0.748
 6     0.996    -0.080     0.024
 7   119.232   -22.744    -7.798
 7     0.213     0.973     0.085
 7    -0.914     0.167     0.370
 7     0.345    -0.157     0.925
 8   111.210   -34.078    14.871
 8    -0.116     0.703     0.701
 8    -0.301    -0.698     0.649
 8     0.946    -0.136     0.293
 9   114.435   -38.456    43.560
 9     0.040     0.670    -0.741
 9    -0.062     0.741     0.667
 9     0.997     0.020     0.070
 2    97.081   -20.099    59.100
 2     0.472    -0.882     0.003
 2     0.881     0.471     0.030
 2    -0.027    -0.012     0.999
 3   131.365    -2.234     2.978
 3     0.446    -0.068    -0.892
 3    -0.054     0.993    -0.102
 3     0.893     0.093     0.440
 4   116.470    14.902    -9.272
 4    -0.007    -0.977     0.211
 4     0.961    -0.065    -0.269
 4     0.276     0.201     0.940
 5   102.343    23.964    10.518
 5    -0.403    -0.611     0.682
 5     0.311    -0.792    -0.525
 5     0.860     0.000     0.509
 6    99.940    28.146    42.123
 6    -0.213    -0.696    -0.686
 6     0.081     0.687    -0.722
 6     0.974    -0.210    -0.090
 7   120.829   -22.298    -8.360
 7     0.182     0.983     0.012
 7    -0.927     0.167     0.335
 7     0.327    -0.073     0.942
 8   108.670   -34.398    11.440
 8    -0.298     0.695     0.654
 8    -0.335    -0.718     0.611
 8     0.894    -0.037     0.446
 9   106.681   -41.099    40.085
 9    -0.130     0.661    -0.739
 9    -0.123     0.728     0.673
 9     0.984     0.179    -0.014
 2    97.081   -20.099    59.048
 2     0.472    -0.882     0.004
 2     0.881     0.471     0.029
 2    -0.027    -0.011     0.999
 3   131.786    -1.958     3.336
 3     0.398    -0.114    -0.910
 3    -0.038     0.989    -0.140
 3     0.916     0.090     0.390
 4   117.010    14.666    -9.733
 4    -0.069    -0.985     0.155
 4     0.965    -0.105    -0.239
 4     0.252     0.133     0.958
 5   101.148    23.719     8.305
 5    -0.499    -0.589     0.636
 5     0.324    -0.807    -0.493
 5     0.804    -0.040     0.593
 6    96.031    29.498    39.367
 6    -0.320    -0.600    -0.733
 6     0.125     0.740    -0.660
 6     0.939    -0.303    -0.162
 7   121.923   -21.902    -8.763
 7     0.162     0.986    -0.025
 7    -0.940     0.162     0.301
 7     0.301    -0.026     0.953
 8   107.755   -34.534     9.088
 8    -0.399     0.676     0.620
 8    -0.370    -0.737     0.565
 8     0.839    -0.004     0.544
 9   103.238   -43.574    37.075
 9    -0.222     0.663    -0.714
 9    -0.205     0.684     0.699
 9     0.953     0.303    -0.017
 2    97.081   -20.099    59.048
 2     0.472    -0.882     0.004
 2     0.881     0.471     0.029
 2    -0.027    -0.011     0.999
 3   132.343    -1.800     3.395
 3     0.367    -0.144    -0.919
 3    -0.031     0.985    -0.166
 3     0.930     0.089     0.356
 4   117.595    14.526    -9.927
 4    -0.076    -0.988     0.135
 4     0.969    -0.105    -0.223
 4     0.234     0.114     0.965
 5   101.400    24.321     7.302
 5    -0.518    -0.603     0.606
 5     0.355    -0.797    -0.489
 5     0.778    -0.038     0.627
 6    95.275    31.340    37.918
 6    -0.360    -0.534    -0.765
 6     0.167     0.770    -0.616
 6     0.918    -0.350    -0.188
 7   122.510   -21.688    -8.877
 7     0.156     0.987    -0.041
 7    -0.945     0.161     0.286
 7     0.288    -0.006     0.957
 8   107.771   -34.470     8.239
 8    -0.446     0.675     0.588
 8    -0.378    -0.737     0.560
 8     0.812     0.027     0.583
 9   101.121   -45.312    35.308
 9    -0.294     0.642    -0.708
 9    -0.275     0.652     0.706
 9     0.915     0.403    -0.016
 2    97.081   -20.099    59.048
 2     0.472    -0.882     0.004
 2     0.881     0.471     0.029
 2    -0.027    -0.011     0.999
 3   132.678    -1.647     3.317
 3     0.344    -0.163    -0.925
 3    -0.020     0.983    -0.180
 3     0.939     0.079     0.334
 4   117.954    14.288   -10.097
 4    -0.099    -0.988     0.116
 4     0.971    -0.121    -0.205
 4     0.217     0.092     0.972
 5   100.785    23.982     6.176
 5    -0.568    -0.586     0.579
 5     0.351    -0.808    -0.473
 5     0.744    -0.065     0.664
 6    92.510    31.250    36.236
 6    -0.430    -0.469    -0.771
 6     0.175     0.795    -0.581
 6     0.885    -0.385    -0.260
 7   123.067   -21.609    -8.959
 7     0.138     0.988    -0.061
 7    -0.952     0.149     0.268
 7     0.274     0.021     0.961
 8   107.274   -34.137     7.244
 8    -0.499     0.658     0.564
 8    -0.381    -0.751     0.539
 8     0.778     0.054     0.625
 9    98.654   -46.851    33.150
 9    -0.364     0.604    -0.709
 9    -0.339     0.623     0.704
 9     0.867     0.497    -0.022
 2    97.081   -20.099    59.048
 2     0.472    -0.882     0.004
 2     0.881     0.471     0.029
 2    -0.027    -0.011     0.999
 3   132.945    -1.684     3.412
 3     0.325    -0.173    -0.930
 3    -0.019     0.982    -0.189
 3     0.945     0.078     0.316
 4   118.165    14.184   -10.125
 4    -0.110    -0.989     0.103
 4     0.971    -0.129    -0.200
 4     0.211     0.078     0.974
 5   100.958    23.996     5.811
 5    -0.574    -0.597     0.561
 5     0.360    -0.799    -0.481
 5     0.735    -0.074     0.673
 6    92.129    32.264    35.339
 6    -0.458    -0.414    -0.787
 6     0.208     0.810    -0.548
 6     0.864    -0.415    -0.285
 7   123.372   -21.566    -8.942
 7     0.134     0.988    -0.075
 7    -0.954     0.148     0.261
 7     0.268     0.036     0.962
 8   107.371   -34.168     6.834
 8    -0.523     0.658     0.542
 8    -0.389    -0.749     0.536
 8     0.759     0.069     0.647
 9    97.632   -48.325    31.681
 9    -0.403     0.559    -0.725
 9    -0.396     0.608     0.688
 9     0.825     0.564    -0.024
 2    97.081   -20.099    59.048
 2     0.472    -0.882     0.004
 2     0.881     0.471     0.029
 2    -0.027    -0.011     0.999
 3   133.224    -1.692     3.521
 3     0.306    -0.178    -0.935
 3    -0.016     0.981    -0.191
 3     0.952     0.073     0.297
 4   118.725    13.991   -10.263
 4    -0.113    -0.990     0.079
 4     0.975    -0.126    -0.183
 4     0.191     0.057     0.980
 5   101.081    24.296     4.730
 5    -0.596    -0.597     0.538
 5     0.382    -0.799    -0.464
 5     0.706    -0.071     0.704
 6    91.358    33.028    33.934
 6    -0.487    -0.355    -0.798
 6     0.229     0.830    -0.508
 6     0.843    -0.430    -0.323
 7   123.753   -21.576    -8.877
 7     0.123     0.988    -0.092
 7    -0.957     0.142     0.254
 7     0.263     0.056     0.963
 8   107.119   -34.176     6.334
 8    -0.547     0.647     0.531
 8    -0.393    -0.758     0.520
 8     0.738     0.076     0.669
 9    96.603   -48.798    30.666
 9    -0.431     0.540    -0.723
 9    -0.416     0.592     0.690
 9     0.801     0.598    -0.031
 2    97.081   -20.099    59.048
 2     0.472    -0.882     0.004
 2     0.881     0.471     0.029
 2    -0.027    -0.011     0.999
 3   133.324    -1.737     3.669
 3     0.294    -0.177    -0.939
 3    -0.017     0.981    -0.190
 3     0.955     0.071     0.286
 4   119.049    13.913   -10.228
 4    -0.111    -0.991     0.069
 4     0.976    -0.122    -0.182
 4     0.189     0.048     0.981
 5   101.416    24.373     4.953
 5    -0.593    -0.604     0.533
 5     0.384    -0.793    -0.472
 5     0.708    -0.075     0.702
 6    92.027    33.033    34.268
 6    -0.479    -0.353    -0.804
 6     0.228     0.834    -0.502
 6     0.847    -0.424    -0.319
 7   123.777   -21.628    -8.877
 7     0.121     0.988    -0.094
 7    -0.957     0.141     0.253
 7     0.263     0.059     0.963
 8   107.148   -34.201     6.356
 8    -0.547     0.646     0.532
 8    -0.392    -0.759     0.519
 8     0.739     0.075     0.668
 9    96.783   -48.794    30.736
 9    -0.427     0.541    -0.724
 9    -0.416     0.593     0.689
 9     0.802     0.596    -0.029
 2    97.081   -20.099    59.048
 2     0.472    -0.882     0.004
 2     0.881     0.471     0.029
 2    -0.027    -0.011     0.999
 3   133.324    -1.791     3.694
 3     0.294    -0.176    -0.940
 3    -0.020     0.982    -0.189
 3     0.955     0.073     0.285
 4   119.056    13.914   -10.233
 4    -0.107    -0.992     0.069
 4     0.976    -0.118    -0.184
 4     0.191     0.048     0.980
 5   101.440    24.498     5.004
 5    -0.590    -0.607     0.532
 5     0.389    -0.791    -0.472
 5     0.707    -0.071     0.703
 6    92.019    33.359    34.276
 6    -0.480    -0.349    -0.804
 6     0.234     0.833    -0.501
 6     0.845    -0.429    -0.319
 7   123.770   -21.631    -8.867
 7     0.121     0.988    -0.094
 7    -0.958     0.140     0.251
 7     0.260     0.059     0.963
 8   107.118   -34.177     6.341
 8    -0.549     0.645     0.532
 8    -0.394    -0.761     0.516
 8     0.737     0.073     0.671
 9    96.524   -48.983    30.427
 9    -0.434     0.536    -0.724
 9    -0.426     0.585     0.689
 9     0.793     0.608    -0.026
 2    97.078   -20.099    59.051
 2     0.472    -0.882     0.005
 2     0.881     0.471     0.029
 2    -0.028    -0.010     0.999
 3   133.324    -1.843     3.745
 3     0.295    -0.174    -0.940
 3    -0.021     0.982    -0.188
 3     0.955     0.074     0.286
 4   119.084    13.914   -10.185
 4    -0.106    -0.992     0.068
 4     0.976    -0.117    -0.185
 4     0.192     0.047     0.980
 5   101.485    24.497     5.008
 5    -0.591    -0.607     0.532
 5     0.389    -0.792    -0.470
 5     0.706    -0.070     0.704
 6    92.018    33.309    34.277
 6    -0.481    -0.350    -0.804
 6     0.233     0.833    -0.502
 6     0.845    -0.429    -0.319
 7   123.768   -21.580    -8.865
 7     0.122     0.988    -0.095
 7    -0.958     0.142     0.250
 7     0.259     0.060     0.964
 8   107.187   -34.201     6.297
 8    -0.549     0.648     0.529
 8    -0.399    -0.758     0.516
 8     0.735     0.072     0.674
 9    96.671   -49.364    30.177
 9    -0.435     0.524    -0.732
 9    -0.439     0.586     0.680
 9     0.786     0.617    -0.025
 2    97.081   -20.099    59.100
 2     0.472    -0.882     0.003
 2     0.881     0.471     0.030
 2    -0.027    -0.012     0.999
 3   133.324    -1.869     3.744
 3     0.295    -0.174    -0.940
 3    -0.022     0.982    -0.187
 3     0.955     0.075     0.286
 4   119.086    13.966   -10.137
 4    -0.106    -0.992     0.068
 4     0.975    -0.117    -0.186
 4     0.193     0.047     0.980
 5   101.428    24.419     4.966
 5    -0.594    -0.604     0.532
 5     0.389    -0.794    -0.467
 5     0.704    -0.071     0.706
 6    91.879    33.305    34.217
 6    -0.486    -0.350    -0.801
 6     0.235     0.830    -0.505
 6     0.842    -0.433    -0.321
 7   123.817   -21.580    -8.865
 7     0.122     0.988    -0.096
 7    -0.958     0.143     0.249
 7     0.259     0.061     0.964
 8   107.134   -34.031     6.352
 8    -0.553     0.645     0.529
 8    -0.392    -0.760     0.517
 8     0.735     0.078     0.672
 9    96.406   -49.146    30.244
 9    -0.442     0.521    -0.730
 9    -0.438     0.585     0.682
 9     0.783     0.621    -0.031
 2    97.081   -20.099    59.048
 2     0.472    -0.882     0.004
 2     0.881     0.471     0.029
 2    -0.027    -0.011     0.999
 3   133.373    -1.844     3.794
 3     0.295    -0.174    -0.940
 3    -0.022     0.982    -0.188
 3     0.955     0.076     0.286
 4   119.088    13.992   -10.088
 4    -0.107    -0.992     0.068
 4     0.975    -0.118    -0.188
 4     0.194     0.046     0.980
 5   101.434    24.472     5.086
 5    -0.593    -0.604     0.533
 5     0.387    -0.794    -0.469
 5     0.706    -0.072     0.704
 6    92.015    33.257    34.411
 6    -0.483    -0.345    -0.804
 6     0.233     0.834    -0.499
 6     0.844    -0.429    -0.323
 7   123.813   -21.583    -8.858
 7     0.121     0.988    -0.095
 7    -0.958     0.141     0.248
 7     0.257     0.061     0.964
 8   107.189   -33.954     6.419
 8    -0.553     0.645     0.529
 8    -0.390    -0.760     0.520
 8     0.737     0.081     0.671
 9    96.938   -49.036    30.559
 9    -0.436     0.516    -0.738
 9    -0.439     0.593     0.674
 9     0.785     0.618    -0.033
 2    97.078   -20.099    59.051
 2     0.472    -0.882     0.005
 2     0.881     0.471     0.029
 2    -0.028    -0.010     0.999
 3   133.388    -1.806     3.885
 3     0.307    -0.174    -0.936
 3    -0.027     0.981    -0.191
 3     0.951     0.083     0.297
 4   118.756    14.149    -9.920
 4    -0.095    -0.991     0.090
 4     0.974    -0.111    -0.195
 4     0.203     0.070     0.977
 5   103.139    25.144     7.914
 5    -0.507    -0.640     0.578
 5     0.385    -0.767    -0.513
 5     0.771    -0.038     0.635
 6    98.807    33.102    38.461
 6    -0.356    -0.343    -0.869
 6     0.221     0.873    -0.435
 6     0.908    -0.347    -0.235
 7   123.796   -21.689    -8.802
 7     0.175     0.982    -0.063
 7    -0.945     0.185     0.270
 7     0.276     0.012     0.961
 8   109.975   -34.636     9.288
 8    -0.437     0.715     0.547
 8    -0.386    -0.697     0.604
 8     0.812     0.052     0.580
 9   104.685   -48.562    35.011
 9    -0.291     0.557    -0.778
 9    -0.414     0.659     0.627
 9     0.862     0.505     0.038
 2    97.081   -20.099    59.048
 2     0.472    -0.882     0.004
 2     0.881     0.471     0.029
 2    -0.027    -0.011     0.999
 3   133.145    -1.579     4.071
 3     0.357    -0.115    -0.927
 3    -0.071     0.986    -0.149
 3     0.931     0.118     0.343
 4   118.472    14.653    -9.480
 4     0.021    -0.985     0.168
 4     0.966    -0.023    -0.258
 4     0.257     0.168     0.951
 5   110.333    27.421    13.100
 5    -0.184    -0.740     0.647
 5     0.415    -0.655    -0.631
 5     0.891     0.152     0.428
 6   116.487    34.226    43.806
 6    -0.031    -0.333    -0.943
 6     0.214     0.919    -0.331
 6     0.976    -0.213     0.042
 7   122.939   -21.394    -9.228
 7     0.272     0.962     0.003
 7    -0.917     0.257     0.306
 7     0.293    -0.086     0.952
 8   115.018   -35.134    12.022
 8    -0.164     0.764     0.624
 8    -0.408    -0.628     0.662
 8     0.898    -0.146     0.415
 9   118.045   -47.610    38.352
 9    -0.004     0.679    -0.734
 9    -0.382     0.676     0.629
 9     0.924     0.284     0.255
 2    97.081   -20.099    59.099
 2     0.472    -0.882     0.004
 2     0.881     0.471     0.029
 2    -0.027    -0.011     0.999
 3   132.804    -1.819     3.818
 3     0.362    -0.025    -0.932
 3    -0.125     0.989    -0.075
 3     0.923     0.143     0.355
 4   117.839    15.146    -8.887
 4     0.135    -0.962     0.236
 4     0.944     0.052    -0.325
 4     0.301     0.267     0.915
 5   117.676    27.373    16.575
 5     0.163    -0.735     0.659
 5     0.379    -0.570    -0.728
 5     0.911     0.368     0.187
 6   131.902    30.948    44.890
 6     0.282    -0.291    -0.914
 6     0.139     0.955    -0.261
 6     0.949    -0.054     0.310
 7   120.462   -21.257    -8.682
 7     0.376     0.916     0.140
 7    -0.887     0.312     0.339
 7     0.266    -0.252     0.930
 8   120.865   -33.822    15.795
 8     0.175     0.738     0.652
 8    -0.341    -0.576     0.742
 8     0.923    -0.351     0.152
 9   132.295   -42.618    40.926
 9     0.313     0.655    -0.692
 9    -0.273     0.755     0.592
 9     0.910     0.004     0.413
 2    97.079   -20.099    59.051
 2     0.472    -0.882     0.004
 2     0.881     0.471     0.029
 2    -0.028    -0.011     0.999
 3   132.203    -2.282     3.667
 3     0.388     0.000    -0.922
 3    -0.144     0.987    -0.061
 3     0.910     0.156     0.383
 4   115.472    14.617    -8.193
 4     0.158    -0.936     0.315
 4     0.937     0.042    -0.346
 4     0.311     0.350     0.883
 5   120.604    22.667    19.064
 5     0.434    -0.495     0.755
 5     0.286    -0.718    -0.633
 5     0.854     0.489    -0.169
 6   139.927    26.134    42.847
 6     0.577    -0.638    -0.517
 6     0.073     0.664    -0.741
 6     0.813     0.390     0.429
 7   118.938   -22.166    -8.213
 7     0.411     0.888     0.208
 7    -0.870     0.313     0.381
 7     0.273    -0.337     0.901
 8   125.116   -31.258    18.836
 8     0.458     0.506     0.732
 8    -0.256    -0.713     0.652
 8     0.851    -0.485    -0.197
 9   140.864   -38.546    40.626
 9     0.543     0.752    -0.383
 9    -0.216     0.557     0.799
 9     0.811    -0.353     0.463
 2    97.031   -20.099    59.099
 2     0.472    -0.882     0.004
 2     0.881     0.471     0.029
 2    -0.027    -0.011     0.999
 3   131.263    -2.698     3.155
 3     0.414    -0.014    -0.910
 3    -0.142     0.987    -0.080
 3     0.899     0.162     0.406
 4   114.035    14.119    -8.404
 4     0.177    -0.919     0.353
 4     0.938     0.049    -0.343
 4     0.298     0.391     0.870
 5   121.169    20.696    19.402
 5     0.535    -0.480     0.698
 5     0.192    -0.734    -0.650
 5     0.823     0.480    -0.300
 6   141.636    22.364    41.641
 6     0.673    -0.621    -0.408
 6    -0.016     0.534    -0.843
 6     0.739     0.573     0.352
 7   117.772   -22.813    -7.865
 7     0.403     0.886     0.229
 7    -0.877     0.302     0.374
 7     0.262    -0.352     0.898
 8   126.484   -27.911    20.365
 8     0.551     0.520     0.654
 8    -0.086    -0.743     0.663
 8     0.830    -0.421    -0.365
 9   142.481   -31.523    42.525
 9     0.587     0.745    -0.328
 9    -0.099     0.458     0.881
 9     0.803    -0.484     0.342
 2    97.078   -20.099    59.051
 2     0.472    -0.882     0.005
 2     0.881     0.471     0.029
 2    -0.028    -0.010     0.999
 3   130.631    -2.518     2.963
 3     0.446    -0.018    -0.895
 3    -0.119     0.990    -0.079
 3     0.887     0.141     0.439
 4   113.332    14.366    -8.105
 4     0.191    -0.896     0.400
 4     0.937     0.045    -0.346
 4     0.292     0.441     0.848
 5   122.339    21.470    19.457
 5     0.544    -0.574     0.614
 5     0.172    -0.638    -0.750
 5     0.821     0.512    -0.248
 6   143.890    20.552    40.374
 6     0.660    -0.366    -0.657
 6    -0.065     0.843    -0.533
 6     0.748     0.394     0.533
 7   117.506   -22.873    -7.383
 7     0.358     0.911     0.203
 7    -0.890     0.267     0.368
 7     0.281    -0.313     0.907
 8   126.250   -26.457    21.872
 8     0.609     0.504     0.614
 8     0.005    -0.775     0.630
 8     0.793    -0.381    -0.474
 9   141.399   -31.477    43.540
 9     0.584     0.809    -0.077
 9    -0.138     0.186     0.973
 9     0.799    -0.557     0.220
 2    97.081   -20.099    59.100
 2     0.472    -0.882     0.003
 2     0.881     0.471     0.030
 2    -0.027    -0.012     0.999
 3   130.627    -2.521     2.945
 3     0.447    -0.012    -0.895
 3    -0.121     0.990    -0.074
 3     0.886     0.141     0.440
 4   113.492    14.519    -7.960
 4     0.196    -0.897     0.397
 4     0.935     0.049    -0.351
 4     0.295     0.440     0.848
 5   122.772    21.930    19.515
 5     0.561    -0.579     0.593
 5     0.166    -0.622    -0.764
 5     0.811     0.527    -0.253
 6   143.999    19.685    40.600
 6     0.669    -0.295    -0.683
 6    -0.097     0.876    -0.472
 6     0.737     0.381     0.557
 7   117.634   -22.881    -7.281
 7     0.338     0.920     0.200
 7    -0.897     0.251     0.362
 7     0.283    -0.302     0.910
 8   125.695   -26.506    22.338
 8     0.610     0.463     0.644
 8    -0.007    -0.808     0.587
 8     0.792    -0.363    -0.489
 9   140.506   -31.651    44.317
 9     0.588     0.809     0.032
 9    -0.146     0.064     0.987
 9     0.795    -0.584     0.156
 2    97.031   -20.099    59.100
 2     0.472    -0.882     0.003
 2     0.881     0.471     0.030
 2    -0.027    -0.012     0.999
 3   130.700    -2.470     2.970
 3     0.448    -0.015    -0.894
 3    -0.121     0.989    -0.078
 3     0.886     0.143     0.441
 4   113.454    14.428    -7.844
 4     0.172    -0.906     0.388
 4     0.938     0.029    -0.345
 4     0.301     0.423     0.854
 5   122.066    22.181    19.814
 5     0.541    -0.579     0.611
 5     0.175    -0.632    -0.754
 5     0.822     0.514    -0.240
 6   143.566    19.300    40.693
 6     0.682    -0.226    -0.696
 6    -0.118     0.904    -0.411
 6     0.721     0.362     0.589
 7   118.109   -22.939    -6.945
 7     0.317     0.929     0.189
 7    -0.895     0.226     0.385
 7     0.315    -0.291     0.903
 8   124.270   -27.667    22.987
 8     0.572     0.415     0.708
 8    -0.079    -0.831     0.549
 8     0.816    -0.370    -0.443
 9   139.946   -31.928    45.152
 9     0.638     0.767     0.067
 9    -0.076    -0.028     0.997
 9     0.766    -0.641     0.041
 2    97.078   -20.099    59.051
 2     0.472    -0.882     0.005
 2     0.881     0.471     0.029
 2    -0.028    -0.010     0.999
 3   130.904    -2.294     2.960
 3     0.453    -0.031    -0.891
 3    -0.119     0.988    -0.095
 3     0.883     0.149     0.444
 4   113.457    14.489    -7.801
 4     0.146    -0.911     0.386
 4     0.941     0.007    -0.338
 4     0.305     0.413     0.858
 5   121.338    22.304    20.017
 5     0.527    -0.560     0.642
 5     0.184    -0.660    -0.727
 5     0.829     0.501    -0.245
 6   143.022    19.905    40.876
 6     0.694    -0.295    -0.658
 6    -0.109     0.859    -0.501
 6     0.711     0.419     0.562
 7   118.187   -22.984    -6.802
 7     0.307     0.933     0.185
 7    -0.894     0.216     0.393
 7     0.327    -0.287     0.900
 8   124.059   -27.487    23.008
 8     0.570     0.398     0.720
 8    -0.083    -0.843     0.530
 8     0.817    -0.362    -0.447
 9   139.693   -31.988    45.119
 9     0.640     0.762     0.093
 9    -0.091    -0.047     0.995
 9     0.763    -0.645     0.040
];