% Calibrated with leiden_pols
% Positions are in centimeters
Data =[
 2    97.078   -20.099    59.051
 2     0.472    -0.882     0.005
 2     0.881     0.471     0.029
 2    -0.028    -0.010     0.999
 3   130.106    -2.694     1.883
 3     0.547    -0.005    -0.837
 3    -0.092     0.993    -0.066
 3     0.832     0.113     0.543
 4   113.596    15.249    -7.595
 4     0.118    -0.911     0.395
 4     0.948    -0.016    -0.318
 4     0.296     0.412     0.861
 5   110.138    22.732    18.420
 5     0.069    -0.489     0.870
 5     0.275    -0.829    -0.487
 5     0.959     0.272     0.077
 6   121.568    25.633    47.699
 6     0.300    -0.802    -0.520
 6     0.031     0.550    -0.833
 6     0.953     0.232     0.189
 7   116.051   -23.096    -7.003
 7     0.199     0.955     0.218
 7    -0.916     0.102     0.388
 7     0.348    -0.277     0.895
 8   115.665   -30.341    20.091
 8     0.245     0.479     0.843
 8    -0.218    -0.820     0.528
 8     0.944    -0.312    -0.096
 9   128.247   -33.266    46.435
 9     0.420     0.664    -0.622
 9     0.010     0.678     0.732
 9     0.907    -0.313     0.277
 2    97.081   -20.099    59.048
 2     0.472    -0.882     0.004
 2     0.881     0.471     0.029
 2    -0.027    -0.011     0.999
 3   130.543    -2.719     2.133
 3     0.517    -0.006    -0.856
 3    -0.087     0.994    -0.060
 3     0.851     0.105     0.513
 4   114.878    15.210    -8.165
 4     0.131    -0.924     0.359
 4     0.940     0.001    -0.339
 4     0.313     0.381     0.869
 5   109.734    24.149    16.578
 5    -0.030    -0.642     0.766
 5     0.282    -0.741    -0.609
 5     0.959     0.197     0.204
 6   117.851    26.555    46.993
 6     0.156    -0.767    -0.625
 6     0.032     0.634    -0.771
 6     0.987     0.098     0.122
 7   117.599   -22.963    -7.453
 7     0.218     0.962     0.167
 7    -0.912     0.139     0.385
 7     0.347    -0.236     0.908
 8   114.274   -32.750    17.758
 8     0.090     0.630     0.772
 8    -0.264    -0.732     0.627
 8     0.960    -0.260     0.102
 9   122.478   -36.433    45.702
 9     0.234     0.653    -0.722
 9    -0.038     0.746     0.662
 9     0.971    -0.126     0.199
 2    97.081   -20.099    59.048
 2     0.472    -0.882     0.004
 2     0.881     0.471     0.029
 2    -0.027    -0.011     0.999
 3   131.084    -2.559     2.544
 3     0.484    -0.024    -0.875
 3    -0.077     0.995    -0.069
 3     0.871     0.101     0.479
 4   115.779    15.337    -8.593
 4     0.073    -0.957     0.281
 4     0.951    -0.018    -0.309
 4     0.300     0.290     0.908
 5   105.847    25.079    13.880
 5    -0.231    -0.658     0.717
 5     0.322    -0.747    -0.582
 5     0.918     0.097     0.384
 6   108.611    28.764    45.156
 6    -0.040    -0.748    -0.663
 6     0.071     0.659    -0.748
 6     0.996    -0.080     0.024
 7   119.232   -22.744    -7.798
 7     0.213     0.973     0.085
 7    -0.914     0.167     0.370
 7     0.345    -0.157     0.925
 8   111.210   -34.078    14.871
 8    -0.116     0.703     0.701
 8    -0.301    -0.698     0.649
 8     0.946    -0.136     0.293
 9   114.435   -38.456    43.560
 9     0.040     0.670    -0.741
 9    -0.062     0.741     0.667
 9     0.997     0.020     0.070
 2    97.081   -20.099    59.100
 2     0.472    -0.882     0.003
 2     0.881     0.471     0.030
 2    -0.027    -0.012     0.999
 3   131.365    -2.234     2.978
 3     0.446    -0.068    -0.892
 3    -0.054     0.993    -0.102
 3     0.893     0.093     0.440
 4   116.470    14.902    -9.272
 4    -0.007    -0.977     0.211
 4     0.961    -0.065    -0.269
 4     0.276     0.201     0.940
 5   102.343    23.964    10.518
 5    -0.403    -0.611     0.682
 5     0.311    -0.792    -0.525
 5     0.860     0.000     0.509
 6    99.940    28.146    42.123
 6    -0.213    -0.696    -0.686
 6     0.081     0.687    -0.722
 6     0.974    -0.210    -0.090
 7   120.829   -22.298    -8.360
 7     0.182     0.983     0.012
 7    -0.927     0.167     0.335
 7     0.327    -0.073     0.942
 8   108.670   -34.398    11.440
 8    -0.298     0.695     0.654
 8    -0.335    -0.718     0.611
 8     0.894    -0.037     0.446
 9   106.681   -41.099    40.085
 9    -0.130     0.661    -0.739
 9    -0.123     0.728     0.673
 9     0.984     0.179    -0.014
 2    97.081   -20.099    59.048
 2     0.472    -0.882     0.004
 2     0.881     0.471     0.029
 2    -0.027    -0.011     0.999
 3   131.786    -1.958     3.336
 3     0.398    -0.114    -0.910
 3    -0.038     0.989    -0.140
 3     0.916     0.090     0.390
 4   117.010    14.666    -9.733
 4    -0.069    -0.985     0.155
 4     0.965    -0.105    -0.239
 4     0.252     0.133     0.958
 5   101.148    23.719     8.305
 5    -0.499    -0.589     0.636
 5     0.324    -0.807    -0.493
 5     0.804    -0.040     0.593
 6    96.031    29.498    39.367
 6    -0.320    -0.600    -0.733
 6     0.125     0.740    -0.660
 6     0.939    -0.303    -0.162
 7   121.923   -21.902    -8.763
 7     0.162     0.986    -0.025
 7    -0.940     0.162     0.301
 7     0.301    -0.026     0.953
 8   107.755   -34.534     9.088
 8    -0.399     0.676     0.620
 8    -0.370    -0.737     0.565
 8     0.839    -0.004     0.544
 9   103.238   -43.574    37.075
 9    -0.222     0.663    -0.714
 9    -0.205     0.684     0.699
 9     0.953     0.303    -0.017
 2    97.081   -20.099    59.048
 2     0.472    -0.882     0.004
 2     0.881     0.471     0.029
 2    -0.027    -0.011     0.999
 3   132.343    -1.800     3.395
 3     0.367    -0.144    -0.919
 3    -0.031     0.985    -0.166
 3     0.930     0.089     0.356
 4   117.595    14.526    -9.927
 4    -0.076    -0.988     0.135
 4     0.969    -0.105    -0.223
 4     0.234     0.114     0.965
 5   101.400    24.321     7.302
 5    -0.518    -0.603     0.606
 5     0.355    -0.797    -0.489
 5     0.778    -0.038     0.627
 6    95.275    31.340    37.918
 6    -0.360    -0.534    -0.765
 6     0.167     0.770    -0.616
 6     0.918    -0.350    -0.188
 7   122.510   -21.688    -8.877
 7     0.156     0.987    -0.041
 7    -0.945     0.161     0.286
 7     0.288    -0.006     0.957
 8   107.771   -34.470     8.239
 8    -0.446     0.675     0.588
 8    -0.378    -0.737     0.560
 8     0.812     0.027     0.583
 9   101.121   -45.312    35.308
 9    -0.294     0.642    -0.708
 9    -0.275     0.652     0.706
 9     0.915     0.403    -0.016
 2    97.081   -20.099    59.048
 2     0.472    -0.882     0.004
 2     0.881     0.471     0.029
 2    -0.027    -0.011     0.999
 3   132.678    -1.647     3.317
 3     0.344    -0.163    -0.925
 3    -0.020     0.983    -0.180
 3     0.939     0.079     0.334
 4   117.954    14.288   -10.097
 4    -0.099    -0.988     0.116
 4     0.971    -0.121    -0.205
 4     0.217     0.092     0.972
 5   100.785    23.982     6.176
 5    -0.568    -0.586     0.579
 5     0.351    -0.808    -0.473
 5     0.744    -0.065     0.664
 6    92.510    31.250    36.236
 6    -0.430    -0.469    -0.771
 6     0.175     0.795    -0.581
 6     0.885    -0.385    -0.260
 7   123.067   -21.609    -8.959
 7     0.138     0.988    -0.061
 7    -0.952     0.149     0.268
 7     0.274     0.021     0.961
 8   107.274   -34.137     7.244
 8    -0.499     0.658     0.564
 8    -0.381    -0.751     0.539
 8     0.778     0.054     0.625
 9    98.654   -46.851    33.150
 9    -0.364     0.604    -0.709
 9    -0.339     0.623     0.704
 9     0.867     0.497    -0.022
 2    97.081   -20.099    59.048
 2     0.472    -0.882     0.004
 2     0.881     0.471     0.029
 2    -0.027    -0.011     0.999
 3   132.945    -1.684     3.412
 3     0.325    -0.173    -0.930
 3    -0.019     0.982    -0.189
 3     0.945     0.078     0.316
 4   118.165    14.184   -10.125
 4    -0.110    -0.989     0.103
 4     0.971    -0.129    -0.200
 4     0.211     0.078     0.974
 5   100.958    23.996     5.811
 5    -0.574    -0.597     0.561
 5     0.360    -0.799    -0.481
 5     0.735    -0.074     0.673
