% Calibrated with leiden_pols
% Positions are in centimeters
Data =[
 2    96.616   -18.740    59.742
 2    -0.053    -0.998    -0.015
 2     0.996    -0.054     0.067
 2    -0.068    -0.012     0.997
 3   127.685    -3.487     7.056
 3     0.491    -0.516    -0.702
 3     0.335     0.856    -0.394
 3     0.804    -0.042     0.593
 4   107.522     8.186    -4.137
 4     0.566    -0.691     0.449
 4     0.750     0.657     0.064
 4    -0.340     0.300     0.891
 5   111.161    19.241    21.601
 5     0.391    -0.319     0.863
 5     0.093    -0.920    -0.381
 5     0.916     0.229    -0.330
 6   124.783    24.819    43.282
 6     0.539    -0.841    -0.029
 6     0.002     0.036    -0.999
 6     0.842     0.539     0.021
 7   112.268   -21.270    -3.846
 7     0.626     0.778     0.046
 7    -0.766     0.603     0.223
 7     0.145    -0.175     0.974
 8   112.283   -24.828    23.394
 8     0.441    -0.030     0.897
 8    -0.172    -0.984     0.052
 8     0.881    -0.177    -0.439
 9   127.751   -31.607    43.683
 9     0.348     0.798    -0.493
 9     0.014     0.521     0.854
 9     0.937    -0.304     0.170
 2    96.615   -18.740    59.742
 2    -0.054    -0.998    -0.016
 2     0.996    -0.055     0.067
 2    -0.068    -0.012     0.997
 3   127.685    -3.487     7.056
 3     0.491    -0.516    -0.702
 3     0.335     0.856    -0.394
 3     0.804    -0.042     0.593
 4   107.522     8.237    -4.137
 4     0.566    -0.691     0.449
 4     0.751     0.657     0.065
 4    -0.340     0.300     0.891
 5   111.047    19.237    21.666
 5     0.394    -0.313     0.864
 5     0.095    -0.921    -0.377
 5     0.914     0.231    -0.333
 6   124.782    24.871    43.307
 6     0.539    -0.842    -0.026
 6     0.004     0.033    -0.999
 6     0.842     0.538     0.021
 7   112.268   -21.269    -3.847
 7     0.627     0.777     0.047
 7    -0.765     0.603     0.224
 7     0.145    -0.176     0.973
 8   112.305   -24.782    23.543
 8     0.453    -0.042     0.890
 8    -0.177    -0.983     0.044
 8     0.874    -0.177    -0.453
 9   127.414   -32.980    43.564
 9     0.393     0.870    -0.297
 9    -0.001     0.323     0.946
 9     0.919    -0.372     0.128
 2    96.615   -18.740    59.742
 2    -0.054    -0.998    -0.015
 2     0.996    -0.055     0.067
 2    -0.068    -0.012     0.997
 3   127.656    -3.488     7.011
 3     0.492    -0.514    -0.702
 3     0.335     0.856    -0.392
 3     0.803    -0.043     0.594
 4   107.512     8.183    -4.177
 4     0.563    -0.693     0.450
 4     0.751     0.656     0.070
 4    -0.344     0.299     0.890
 5   111.151    19.195    21.646
 5     0.408    -0.328     0.852
 5     0.110    -0.909    -0.403
 5     0.906     0.258    -0.335
 6   124.935    24.897    43.006
 6     0.540    -0.841    -0.030
 6     0.007     0.040    -0.999
 6     0.842     0.539     0.027
 7   112.272   -21.244    -3.848
 7     0.625     0.779     0.049
 7    -0.767     0.601     0.225
 7     0.146    -0.179     0.973
 8   112.842   -25.179    24.053
 8     0.526    -0.153     0.836
 8    -0.271    -0.962    -0.006
 8     0.806    -0.224    -0.548
 9   128.325   -36.590    41.782
 9     0.519     0.854     0.008
 9    -0.106     0.054     0.993
 9     0.848    -0.516     0.119
 2    96.615   -18.740    59.742
 2    -0.054    -0.998    -0.016
 2     0.996    -0.055     0.067
 2    -0.068    -0.012     0.997
 3   127.678    -3.388     6.965
 3     0.493    -0.513    -0.703
 3     0.336     0.857    -0.390
 3     0.802    -0.044     0.595
 4   107.458     8.234    -4.123
 4     0.561    -0.694     0.451
 4     0.752     0.655     0.071
 4    -0.345     0.299     0.889
 5   111.290    19.458    21.840
 5     0.445    -0.334     0.831
 5     0.123    -0.896    -0.426
 5     0.887     0.292    -0.358
 6   125.162    25.274    42.782
 6     0.547    -0.837    -0.024
 6     0.015     0.039    -0.999
 6     0.837     0.546     0.034
 7   112.097   -20.975    -3.912
 7     0.625     0.778     0.059
 7    -0.769     0.601     0.217
 7     0.134    -0.181     0.974
 8   113.986   -26.514    24.144
 8     0.575    -0.306     0.759
 8    -0.409    -0.910    -0.057
 8     0.708    -0.278    -0.649
 9   128.695   -41.757    38.738
 9     0.602     0.747     0.281
 9    -0.261    -0.148     0.954
 9     0.755    -0.648     0.105
 2    96.615   -18.740    59.742
 2    -0.054    -0.998    -0.016
 2     0.996    -0.055     0.067
 2    -0.068    -0.012     0.997
 3   127.595    -3.391     6.899
 3     0.496    -0.512    -0.701
 3     0.336     0.857    -0.389
 3     0.800    -0.043     0.598
 4   106.965     8.042    -4.254
 4     0.548    -0.698     0.461
 4     0.754     0.651     0.089
 4    -0.362     0.298     0.883
 5   111.423    20.170    21.515
 5     0.491    -0.315     0.812
 5     0.160    -0.884    -0.439
 5     0.856     0.346    -0.383
 6   126.340    27.030    41.198
 6     0.590    -0.807     0.023
 6     0.060     0.015    -0.998
 6     0.805     0.591     0.057
 7   111.732   -20.646    -3.998
 7     0.628     0.774     0.080
 7    -0.771     0.606     0.196
 7     0.104    -0.185     0.977
 8   115.617   -28.105    23.708
 8     0.579    -0.492     0.649
 8    -0.566    -0.817    -0.115
 8     0.587    -0.301    -0.752
 9   129.267   -46.587    35.051
 9     0.640     0.566     0.520
 9    -0.425    -0.303     0.853
 9     0.640    -0.767     0.047
 2    96.616   -18.740    59.742
 2    -0.053    -0.998    -0.016
 2     0.996    -0.054     0.067
 2    -0.068    -0.012     0.997
 3   127.531    -3.191     6.683
 3     0.499    -0.516    -0.696
 3     0.339     0.855    -0.391
 3     0.797    -0.041     0.602
 4   106.421     7.920    -4.409
 4     0.525    -0.708     0.472
 4     0.757     0.641     0.120
 4    -0.388     0.294     0.873
 5   111.814    21.188    20.936
 5     0.540    -0.241     0.806
 5     0.233    -0.878    -0.418
 5     0.809     0.414    -0.418
 6   127.380    29.991    39.328
 6     0.644    -0.755     0.118
 6     0.135    -0.040    -0.990
 6     0.752     0.654     0.076
 7   111.538   -20.225    -4.174
 7     0.632     0.767     0.108
 7    -0.772     0.613     0.166
 7     0.061    -0.188     0.980
 8   117.654   -29.770    22.840
 8     0.567    -0.668     0.481
 8    -0.708    -0.694    -0.129
 8     0.420    -0.268    -0.867
 9   129.359   -51.095    29.728
 9     0.656     0.290     0.697
 9    -0.586    -0.386     0.712
 9     0.475    -0.876    -0.083
 2    96.615   -18.740    59.742
 2    -0.054    -0.998    -0.016
 2     0.996    -0.055     0.067
 2    -0.068    -0.012     0.997
 3   127.395    -2.915     6.411
 3     0.501    -0.521    -0.691
 3     0.341     0.852    -0.396
 3     0.795    -0.037     0.605
 4   105.892     7.716    -4.624
 4     0.503    -0.716     0.484
 4     0.756     0.636     0.155
 4    -0.419     0.288     0.861
 5   112.163    22.032    20.192
 5     0.573    -0.194     0.795
 5     0.281    -0.866    -0.414
 5     0.769     0.460    -0.442
 6   128.239    31.730    37.161
 6     0.686    -0.704     0.183
 6     0.184    -0.075    -0.980
 6     0.703     0.706     0.078
 7   111.026   -19.735    -4.349
 7     0.627     0.762     0.160
 7    -0.779     0.617     0.110
 7    -0.015    -0.193     0.981
 8   119.657   -32.105    20.318
 8     0.545    -0.782     0.301
 8    -0.803    -0.591    -0.080
 8     0.240    -0.198    -0.950
 9   129.544   -55.523    22.858
 9     0.625    -0.127     0.770
 9    -0.738    -0.417     0.530
 9     0.254    -0.900    -0.355
 2    96.615   -18.740    59.742
 2    -0.054    -0.998    -0.016
 2     0.996    -0.055     0.067
 2    -0.068    -0.012     0.997
 3   127.291    -2.562     6.058
 3     0.504    -0.520    -0.689
 3     0.339     0.854    -0.396
 3     0.794    -0.034     0.606
 4   105.578     7.670    -4.784
 4     0.485    -0.720     0.496
 4     0.754     0.632     0.179
 4    -0.443     0.287     0.849
 5   112.643    22.701    19.590
 5     0.603    -0.156     0.782
 5     0.314    -0.855    -0.413
 5     0.733     0.495    -0.466
 6   129.126    33.168    35.618
 6     0.718    -0.654     0.238
 6     0.222    -0.108    -0.969
 6     0.659     0.749     0.068
 7   110.255   -19.083    -4.744
 7     0.607     0.756     0.245
 7    -0.784     0.621     0.024
 7    -0.134    -0.206     0.969
 8   121.206   -34.434    15.565
 8     0.506    -0.855     0.113
 8    -0.861    -0.509     0.004
 8     0.054    -0.099    -0.994
 9   129.297   -58.903    12.943
 9     0.563    -0.437     0.702
 9    -0.827    -0.304     0.473
 9     0.007    -0.846    -0.533
 2    96.615   -18.740    59.742
 2    -0.054    -0.998    -0.016
 2     0.996    -0.055     0.067
 2    -0.068    -0.012     0.997
 3   127.122    -2.494     5.463
 3     0.514    -0.511    -0.690
 3     0.321     0.859    -0.397
 3     0.795    -0.018     0.605
 4   105.037     7.650    -4.955
 4     0.465    -0.721     0.514
 4     0.753     0.627     0.198
 4    -0.465     0.295     0.835
 5   112.944    23.196    19.039
 5     0.630    -0.125     0.766
 5     0.337    -0.845    -0.415
 5     0.700     0.520    -0.490
 6   129.908    33.945    33.981
 6     0.747    -0.606     0.272
 6     0.245    -0.130    -0.961
 6     0.617     0.785     0.051
 7   109.499   -18.369    -5.293
 7     0.593     0.735     0.328
 7    -0.767     0.640    -0.048
 7    -0.245    -0.223     0.943
 8   122.000   -35.879    10.721
 8     0.471    -0.881    -0.031
 8    -0.873    -0.471     0.126
 8    -0.126    -0.032    -0.992
 9   128.658   -60.400     3.786
 9     0.492    -0.627     0.603
 9    -0.850    -0.196     0.490
 9    -0.189    -0.754    -0.629
 2    96.615   -18.740    59.742
 2    -0.054    -0.998    -0.016
 2     0.996    -0.055     0.067
 2    -0.068    -0.012     0.997
 3   126.987    -2.096     5.026
 3     0.522    -0.516    -0.679
 3     0.309     0.857    -0.412
 3     0.794     0.005     0.607
 4   104.442     7.759    -5.077
 4     0.441    -0.722     0.533
 4     0.754     0.620     0.216
 4    -0.487     0.306     0.818
 5   113.155    23.745    18.621
 5     0.653    -0.095     0.751
 5     0.354    -0.839    -0.414
 5     0.669     0.536    -0.515
 6   130.353    35.035    32.898
 6     0.767    -0.557     0.318
 6     0.272    -0.166    -0.948
 6     0.580     0.814     0.025
 7   108.720   -17.606    -5.330
 7     0.585     0.707     0.397
 7    -0.740     0.665    -0.095
 7    -0.331    -0.239     0.913
 8   119.716   -36.554     4.783
 8     0.442    -0.881    -0.169
 8    -0.859    -0.470     0.202
 8    -0.258     0.056    -0.965
 9   128.138   -59.709    -3.363
 9     0.412    -0.810     0.417
 9    -0.844    -0.167     0.510
 9    -0.344    -0.562    -0.752
 2    96.615   -18.714    59.742
 2    -0.054    -0.998    -0.016
 2     0.996    -0.055     0.067
 2    -0.068    -0.012     0.997
 3   126.718    -1.709     4.428
 3     0.543    -0.517    -0.662
 3     0.300     0.855    -0.422
 3     0.784     0.031     0.619
 4   103.638     7.788    -5.094
 4     0.417    -0.717     0.558
 4     0.752     0.617     0.231
 4    -0.511     0.323     0.797
 5   113.411    23.938    18.111
 5     0.680    -0.076     0.729
 5     0.357    -0.834    -0.420
 5     0.641     0.546    -0.540
 6   130.883    35.181    31.532
 6     0.791    -0.506     0.344
 6     0.283    -0.196    -0.939
 6     0.542     0.840    -0.011
 7   107.834   -17.084    -5.452
 7     0.571     0.673     0.470
 7    -0.717     0.688    -0.115
 7    -0.401    -0.272     0.875
 8   120.109   -36.281     1.330
 8     0.408    -0.858    -0.312
 8    -0.843    -0.485     0.232
 8    -0.350     0.168    -0.921
 9   127.685   -58.990    -8.812
 9     0.345    -0.903     0.255
 9    -0.824    -0.163     0.542
 9    -0.448    -0.398    -0.801
 2    96.615   -18.740    59.742
 2    -0.054    -0.998    -0.016
 2     0.996    -0.055     0.067
 2    -0.068    -0.012     0.997
 3   126.480    -1.249     3.719
 3     0.565    -0.528    -0.634
 3     0.296     0.847    -0.442
 3     0.770     0.061     0.635
 4   102.833     7.771    -5.170
 4     0.385    -0.717     0.582
 4     0.753     0.608     0.250
 4    -0.533     0.342     0.774
 5   113.320    24.309    17.716
 5     0.701    -0.038     0.712
 5     0.374    -0.831    -0.413
 5     0.607     0.555    -0.568
 6   131.196    35.862    30.374
 6     0.810    -0.445     0.381
 6     0.306    -0.234    -0.923
 6     0.500     0.864    -0.053
 7   107.147   -16.622    -5.512
 7     0.565     0.642     0.517
 7    -0.689     0.713    -0.131
 7    -0.453    -0.282     0.846
 8   119.766   -35.975    -1.034
 8     0.386    -0.842    -0.378
 8    -0.819    -0.501     0.278
 8    -0.424     0.202    -0.883
 9   126.664   -58.071   -13.048
 9     0.296    -0.939     0.173
 9    -0.802    -0.146     0.579
 9    -0.519    -0.310    -0.797
 2    96.616   -18.740    59.742
 2    -0.053    -0.998    -0.016
 2     0.996    -0.054     0.067
 2    -0.068    -0.012     0.997
 3   126.215    -0.982     3.321
 3     0.577    -0.536    -0.616
 3     0.297     0.840    -0.453
 3     0.761     0.078     0.644
 4   102.138     7.703    -5.222
 4     0.358    -0.717     0.598
 4     0.752     0.600     0.270
 4    -0.553     0.353     0.755
 5   113.235    24.512    17.243
 5     0.715    -0.011     0.699
 5     0.388    -0.825    -0.411
 5     0.581     0.565    -0.585
 6   131.038    36.500    28.962
 6     0.819    -0.395     0.415
 6     0.333    -0.260    -0.906
 6     0.466     0.881    -0.082
 7   106.617   -16.275    -5.668
 7     0.558     0.620     0.550
 7    -0.670     0.729    -0.142
 7    -0.490    -0.289     0.823
 8   119.367   -35.579    -3.158
 8     0.359    -0.823    -0.439
 8    -0.800    -0.514     0.309
 8    -0.480     0.240    -0.844
 9   125.463   -57.197   -16.542
 9     0.250    -0.962     0.113
 9    -0.779    -0.131     0.613
 9    -0.574    -0.241    -0.782
 2    96.615   -18.740    59.742
 2    -0.054    -0.998    -0.016
 2     0.996    -0.055     0.067
 2    -0.068    -0.012     0.997
 3   126.006    -0.865     2.843
 3     0.587    -0.541    -0.602
 3     0.298     0.836    -0.461
 3     0.753     0.091     0.651
 4   101.789     7.589    -5.365
 4     0.341    -0.714     0.611
 4     0.749     0.599     0.281
 4    -0.567     0.362     0.740
 5   113.308    24.845    16.736
 5     0.726     0.015     0.687
 5     0.403    -0.819    -0.409
 5     0.557     0.574    -0.601
 6   131.180    37.144    28.087
 6     0.825    -0.357     0.437
 6     0.353    -0.278    -0.893
 6     0.440     0.892    -0.104
 7   106.216   -16.019    -5.666
 7     0.551     0.610     0.569
 7    -0.658     0.737    -0.153
 7    -0.513    -0.290     0.808
 8   118.724   -35.374    -4.713
 8     0.337    -0.815    -0.472
 8    -0.780    -0.522     0.345
 8    -0.528     0.251    -0.811
 9   124.058   -56.175   -19.429
 9     0.213    -0.973     0.083
 9    -0.755    -0.111     0.646
 9    -0.620    -0.201    -0.758
 2    96.615   -18.714    59.742
 2    -0.054    -0.998    -0.016
 2     0.996    -0.055     0.067
 2    -0.068    -0.012     0.997
 3   125.850    -0.774     2.443
 3     0.596    -0.543    -0.592
 3     0.299     0.833    -0.464
 3     0.745     0.099     0.659
 4   101.385     7.368    -5.547
 4     0.329    -0.708     0.625
 4     0.742     0.603     0.292
 4    -0.584     0.367     0.724
 5   113.318    24.897    16.176
 5     0.737     0.028     0.675
 5     0.412    -0.810    -0.416
 5     0.535     0.585    -0.609
 6   131.408    37.276    26.862
 6     0.834    -0.325     0.445
 6     0.363    -0.283    -0.888
 6     0.414     0.902    -0.119
 7   105.631   -15.973    -5.721
 7     0.538     0.601     0.591
 7    -0.647     0.744    -0.167
 7    -0.540    -0.292     0.789
 8   117.842   -35.460    -6.406
 8     0.305    -0.815    -0.493
 8    -0.756    -0.522     0.394
 8    -0.579     0.253    -0.775
 9   121.872   -55.528   -22.896
 9     0.163    -0.984     0.067
 9    -0.719    -0.072     0.692
 9    -0.676    -0.161    -0.719
 2    96.615   -18.740    59.742
 2    -0.054    -0.998    -0.016
 2     0.996    -0.055     0.067
 2    -0.068    -0.012     0.997
 3   125.723    -0.835     2.063
 3     0.606    -0.542    -0.582
 3     0.297     0.833    -0.467
 3     0.738     0.110     0.665
 4   100.938     7.176    -5.637
 4     0.318    -0.701     0.638
 4     0.736     0.607     0.300
 4    -0.598     0.375     0.709
 5   113.494    25.270    15.472
 5     0.751     0.052     0.657
 5     0.428    -0.798    -0.425
 5     0.502     0.601    -0.622
 6   131.829    37.732    25.555
 6     0.844    -0.295     0.447
 6     0.373    -0.274    -0.886
 6     0.384     0.915    -0.121
 7   105.162   -15.819    -5.724
 7     0.528     0.593     0.607
 7    -0.638     0.749    -0.178
 7    -0.560    -0.293     0.774
 8   116.998   -35.266    -7.572
 8     0.285    -0.814    -0.506
 8    -0.736    -0.524     0.428
 8    -0.614     0.251    -0.748
 9   120.455   -54.630   -24.750
 9     0.132    -0.989     0.062
 9    -0.693    -0.048     0.720
 9    -0.709    -0.138    -0.691
 2    96.616   -18.740    59.742
 2    -0.053    -0.998    -0.016
 2     0.996    -0.054     0.067
 2    -0.068    -0.012     0.997
 3   125.530    -0.893     1.829
 3     0.613    -0.539    -0.577
 3     0.295     0.834    -0.466
 3     0.733     0.116     0.670
 4   100.740     7.167    -5.669
 4     0.314    -0.695     0.647
 4     0.732     0.611     0.301
 4    -0.605     0.379     0.700
 5   113.636    25.255    15.257
 5     0.760     0.056     0.647
 5     0.427    -0.794    -0.433
 5     0.490     0.605    -0.628
 6   132.040    37.767    24.942
 6     0.851    -0.282     0.443
 6     0.374    -0.266    -0.888
 6     0.368     0.922    -0.122
 7   104.862   -15.733    -5.728
 7     0.519     0.591     0.617
 7    -0.635     0.750    -0.185
 7    -0.572    -0.296     0.765
 8   116.584   -35.148    -8.131
 8     0.269    -0.810    -0.520
 8    -0.729    -0.525     0.440
 8    -0.630     0.261    -0.732
 9   119.647   -54.235   -25.677
 9     0.112    -0.992     0.047
 9    -0.684    -0.043     0.728
 9    -0.721    -0.114    -0.683
 2    96.616   -18.740    59.742
 2    -0.053    -0.998    -0.016
 2     0.996    -0.054     0.067
 2    -0.068    -0.012     0.997
 3   125.494    -0.898     1.637
 3     0.618    -0.537    -0.574
 3     0.292     0.835    -0.467
 3     0.730     0.120     0.672
 4   100.682     7.191    -5.665
 4     0.312    -0.692     0.650
 4     0.731     0.612     0.301
 4    -0.607     0.381     0.697
 5   113.714    25.176    15.156
 5     0.763     0.050     0.644
 5     0.421    -0.795    -0.436
 5     0.490     0.604    -0.628
 6   132.212    37.637    24.821
 6     0.854    -0.280     0.439
 6     0.370    -0.267    -0.890
 6     0.366     0.922    -0.124
 7   104.796   -15.664    -5.753
 7     0.516     0.588     0.622
 7    -0.631     0.752    -0.188
 7    -0.579    -0.296     0.760
 8   116.461   -35.088    -8.525
 8     0.263    -0.808    -0.527
 8    -0.722    -0.527     0.447
 8    -0.639     0.263    -0.722
 9   119.385   -53.863   -26.339
 9     0.102    -0.994     0.035
 9    -0.675    -0.043     0.736
 9    -0.731    -0.099    -0.676
 2    96.615   -18.740    59.742
 2    -0.054    -0.998    -0.016
 2     0.996    -0.055     0.067
 2    -0.068    -0.012     0.997
 3   125.487    -0.901     1.569
 3     0.620    -0.537    -0.573
 3     0.292     0.835    -0.467
 3     0.728     0.122     0.674
 4   100.622     7.164    -5.738
 4     0.308    -0.691     0.654
 4     0.730     0.612     0.302
 4    -0.609     0.385     0.693
 5   113.689    25.126    15.130
 5     0.763     0.051     0.644
 5     0.421    -0.796    -0.436
 5     0.490     0.604    -0.629
 6   132.012    37.407    24.726
 6     0.854    -0.219     0.472
 6     0.388    -0.338    -0.858
 6     0.347     0.915    -0.204
 7   104.655   -15.622    -5.752
 7     0.512     0.586     0.628
 7    -0.628     0.754    -0.192
 7    -0.586    -0.296     0.754
 8   116.161   -35.055    -8.843
 8     0.257    -0.807    -0.531
 8    -0.717    -0.528     0.455
 8    -0.648     0.264    -0.715
 9   118.880   -53.693   -26.888
 9     0.089    -0.995     0.032
 9    -0.670    -0.036     0.742
 9    -0.737    -0.088    -0.670
 2    96.616   -18.740    59.742
 2    -0.053    -0.998    -0.016
 2     0.996    -0.054     0.067
 2    -0.068    -0.012     0.997
 3   125.483    -0.903     1.445
 3     0.622    -0.537    -0.570
 3     0.291     0.834    -0.467
 3     0.727     0.124     0.675
 4   100.532     7.160    -5.780
 4     0.303    -0.690     0.658
 4     0.730     0.611     0.305
 4    -0.613     0.388     0.688
 5   113.661    25.173    14.919
 5     0.763     0.069     0.642
 5     0.430    -0.797    -0.425
 5     0.482     0.600    -0.638
 6   131.825    37.840    24.737
 6     0.848    -0.148     0.509
 6     0.418    -0.404    -0.814
 6     0.326     0.902    -0.281
 7   104.597   -15.576    -5.787
 7     0.509     0.585     0.631
 7    -0.626     0.755    -0.194
 7    -0.590    -0.297     0.751
 8   116.029   -34.987    -9.005
 8     0.252    -0.808    -0.533
 8    -0.715    -0.526     0.459
 8    -0.651     0.265    -0.711
 9   118.632   -53.644   -27.057
 9     0.083    -0.996     0.032
 9    -0.669    -0.032     0.742
 9    -0.738    -0.083    -0.669
 2    96.565   -18.740    59.793
 2    -0.054    -0.998    -0.016
 2     0.996    -0.055     0.067
 2    -0.068    -0.012     0.997
 3   125.476    -0.854     1.352
 3     0.624    -0.537    -0.568
 3     0.292     0.834    -0.468
 3     0.725     0.125     0.677
 4   100.419     7.055    -5.819
 4     0.299    -0.689     0.660
 4     0.728     0.612     0.308
 4    -0.617     0.388     0.684
 5   113.708    25.194    14.765
 5     0.763     0.086     0.640
 5     0.440    -0.795    -0.417
 5     0.473     0.600    -0.645
 6   131.837    37.806    24.348
 6     0.845    -0.086     0.527
 6     0.443    -0.439    -0.781
 6     0.299     0.894    -0.333
 7   104.513   -15.581    -5.822
 7     0.506     0.583     0.635
 7    -0.625     0.756    -0.196
 7    -0.594    -0.298     0.747
 8   115.896   -34.993    -9.143
 8     0.249    -0.808    -0.534
 8    -0.714    -0.526     0.462
 8    -0.654     0.267    -0.708
 9   118.410   -53.543   -27.226
 9     0.078    -0.996     0.030
 9    -0.669    -0.030     0.743
 9    -0.739    -0.078    -0.669
 2    96.566   -18.740    59.742
 2    -0.053    -0.998    -0.016
 2     0.996    -0.054     0.067
 2    -0.068    -0.012     0.997
 3   125.422    -0.855     1.280
 3     0.625    -0.537    -0.567
 3     0.292     0.834    -0.467
 3     0.724     0.126     0.678
 4   100.331     6.999    -5.858
 4     0.296    -0.688     0.663
 4     0.726     0.613     0.312
 4    -0.621     0.389     0.681
 5   113.784    25.187    14.610
 5     0.766     0.094     0.636
 5     0.444    -0.794    -0.416
 5     0.465     0.601    -0.650
 6   131.937    37.826    24.038
 6     0.845    -0.072     0.529
 6     0.449    -0.442    -0.777
 6     0.290     0.894    -0.341
 7   104.461   -15.584    -5.812
 7     0.503     0.583     0.638
 7    -0.625     0.755    -0.196
 7    -0.596    -0.300     0.744
 8   115.848   -34.945    -9.188
 8     0.246    -0.807    -0.536
 8    -0.715    -0.525     0.462
 8    -0.654     0.270    -0.706
 9   118.243   -53.593   -27.278
 9     0.073    -0.997     0.029
 9    -0.670    -0.028     0.741
 9    -0.738    -0.074    -0.670
 2    96.616   -18.740    59.742
 2    -0.053    -0.998    -0.016
 2     0.996    -0.054     0.067
 2    -0.068    -0.012     0.997
 3   125.415    -0.857     1.186
 3     0.626    -0.537    -0.565
 3     0.294     0.834    -0.467
 3     0.722     0.126     0.680
 4   100.219     6.972    -5.876
 4     0.291    -0.688     0.665
 4     0.725     0.612     0.315
 4    -0.624     0.391     0.677
 5   113.731    25.187    14.510
 5     0.766     0.096     0.635
 5     0.445    -0.793    -0.416
 5     0.464     0.601    -0.651
 6   131.855    37.927    24.092
 6     0.844    -0.068     0.532
 6     0.453    -0.443    -0.774
 6     0.288     0.894    -0.343
 7   104.458   -15.587    -5.802
 7     0.501     0.582     0.641
 7    -0.626     0.755    -0.197
 7    -0.598    -0.302     0.742
 8   115.768   -35.003    -9.252
 8     0.241    -0.808    -0.537
 8    -0.715    -0.522     0.465
 8    -0.656     0.271    -0.704
 9   117.967   -53.596   -27.443
 9     0.068    -0.997     0.028
 9    -0.669    -0.025     0.743
 9    -0.740    -0.070    -0.669
 2    96.616   -18.740    59.742
 2    -0.053    -0.998    -0.016
 2     0.996    -0.054     0.067
 2    -0.068    -0.012     0.997
 3   125.408    -0.859     1.119
 3     0.628    -0.537    -0.564
 3     0.294     0.834    -0.466
 3     0.720     0.126     0.681
 4   100.162     6.919    -5.922
 4     0.289    -0.686     0.668
 4     0.724     0.612     0.316
 4    -0.626     0.392     0.674
 5   113.729    25.185    14.515
 5     0.766     0.096     0.635
 5     0.445    -0.793    -0.417
 5     0.463     0.602    -0.650
 6   131.878    37.825    24.045
 6     0.844    -0.067     0.531
 6     0.453    -0.441    -0.775
 6     0.287     0.895    -0.342
 7   104.268   -15.546    -5.773
 7     0.494     0.582     0.646
 7    -0.624     0.755    -0.203
 7    -0.605    -0.303     0.736
 8   115.240   -34.951    -9.958
 8     0.226    -0.808    -0.544
 8    -0.695    -0.525     0.491
 8    -0.683     0.266    -0.680
 9   116.995   -52.864   -28.982
 9     0.049    -0.998     0.025
 9    -0.646    -0.013     0.763
 9    -0.762    -0.054    -0.646
 2    96.616   -18.740    59.742
 2    -0.053    -0.998    -0.016
 2     0.996    -0.054     0.067
 2    -0.068    -0.012     0.997
 3   125.448    -0.966     0.902
 3     0.633    -0.533    -0.561
 3     0.291     0.836    -0.465
 3     0.717     0.131     0.685
 4   100.210     6.868    -5.976
 4     0.290    -0.681     0.672
 4     0.724     0.616     0.311
 4    -0.626     0.396     0.671
 5   113.786    25.110    14.509
 5     0.767     0.091     0.635
 5     0.442    -0.793    -0.419
 5     0.465     0.602    -0.649
 6   131.938    37.649    24.192
 6     0.844    -0.073     0.530
 6     0.450    -0.439    -0.777
 6     0.290     0.895    -0.338
 7   103.788   -15.360    -5.773
 7     0.473     0.578     0.665
 7    -0.608     0.761    -0.229
 7    -0.638    -0.296     0.711
 8   114.192   -34.474   -11.736
 8     0.195    -0.809    -0.555
 8    -0.645    -0.532     0.548
 8    -0.739     0.250    -0.626
 9   115.000   -50.577   -32.239
 9     0.012    -0.999     0.028
 9    -0.582     0.016     0.813
 9    -0.813    -0.026    -0.581
 2    96.616   -18.740    59.742
 2    -0.053    -0.998    -0.016
 2     0.996    -0.054     0.067
 2    -0.068    -0.012     0.997
 3   125.379    -1.234     0.466
 3     0.647    -0.519    -0.558
 3     0.274     0.842    -0.465
 3     0.711     0.147     0.687
 4   100.265     6.971    -5.940
 4     0.295    -0.669     0.682
 4     0.724     0.622     0.296
 4    -0.623     0.406     0.669
 5   113.947    24.761    14.577
 5     0.770     0.073     0.634
 5     0.425    -0.800    -0.424
 5     0.476     0.595    -0.647
 6   132.089    37.121    24.375
 6     0.846    -0.085     0.526
 6     0.443    -0.440    -0.781
 6     0.298     0.894    -0.335
 7   103.360   -15.097    -5.828
 7     0.452     0.572     0.684
 7    -0.589     0.768    -0.252
 7    -0.669    -0.289     0.684
 8   113.519   -33.612   -13.119
 8     0.184    -0.806    -0.562
 8    -0.595    -0.547     0.589
 8    -0.782     0.226    -0.580
 9   114.022   -48.174   -34.838
 9    -0.006    -1.000     0.029
 9    -0.525     0.027     0.851
 9    -0.851    -0.010    -0.524
 2    96.615   -18.740    59.742
 2    -0.054    -0.998    -0.016
 2     0.996    -0.055     0.067
 2    -0.068    -0.012     0.997
 3   125.431    -1.340     0.280
 3     0.651    -0.512    -0.560
 3     0.261     0.844    -0.468
 3     0.712     0.159     0.683
 4   100.402     7.154    -5.960
 4     0.300    -0.662     0.687
 4     0.727     0.625     0.285
 4    -0.618     0.413     0.669
 5   114.151    24.538    14.777
 5     0.772     0.059     0.633
 5     0.411    -0.806    -0.426
 5     0.485     0.589    -0.647
 6   132.343    36.646    24.881
 6     0.847    -0.097     0.522
 6     0.432    -0.446    -0.784
 6     0.308     0.890    -0.336
 7   103.168   -14.871    -5.921
 7     0.443     0.564     0.696
 7    -0.569     0.777    -0.268
 7    -0.692    -0.277     0.666
 8   113.377   -32.860   -14.104
 8     0.187    -0.799    -0.572
 8    -0.561    -0.565     0.605
 8    -0.806     0.208    -0.554
 9   113.949   -46.430   -36.217
 9    -0.004    -1.000     0.024
 9    -0.489     0.023     0.872
 9    -0.872    -0.008    -0.489
 2    96.616   -18.740    59.742
 2    -0.053    -0.998    -0.016
 2     0.996    -0.054     0.067
 2    -0.068    -0.012     0.997
 3   125.437    -1.341     0.141
 3     0.653    -0.511    -0.559
 3     0.253     0.843    -0.474
 3     0.714     0.168     0.680
 4   100.408     7.236    -5.927
 4     0.299    -0.660     0.689
 4     0.731     0.623     0.279
 4    -0.614     0.420     0.669
 5   114.156    24.540    14.845
 5     0.771     0.058     0.633
 5     0.409    -0.808    -0.423
 5     0.487     0.586    -0.648
 6   132.404    36.420    25.021
 6     0.848    -0.100     0.520
 6     0.428    -0.449    -0.784
 6     0.312     0.888    -0.338
 7   103.076   -14.712    -6.014
 7     0.436     0.559     0.705
 7    -0.557     0.783    -0.277
 7    -0.707    -0.272     0.653
 8   113.343   -32.204   -14.775
 8     0.189    -0.796    -0.574
 8    -0.531    -0.575     0.623
 8    -0.826     0.187    -0.531
 9   113.709   -44.993   -37.497
 9    -0.008    -1.000     0.027
 9    -0.455     0.027     0.890
 9    -0.890    -0.006    -0.455
 2    96.615   -18.740    59.742
 2    -0.054    -0.998    -0.016
 2     0.996    -0.055     0.067
 2    -0.068    -0.012     0.997
 3   125.464    -1.341     0.032
 3     0.653    -0.511    -0.559
 3     0.247     0.841    -0.480
 3     0.715     0.176     0.676
 4   100.415     7.343    -5.944
 4     0.297    -0.659     0.691
 4     0.734     0.620     0.276
 4    -0.610     0.425     0.668
 5   114.086    24.451    15.086
 5     0.766     0.056     0.640
 5     0.406    -0.814    -0.415
 5     0.498     0.578    -0.646
 6   132.093    36.259    25.685
 6     0.841    -0.111     0.529
 6     0.430    -0.456    -0.779
 6     0.328     0.883    -0.336
 7   102.947   -14.625    -6.050
 7     0.430     0.557     0.709
 7    -0.549     0.786    -0.285
 7    -0.717    -0.267     0.644
 8   113.124   -31.967   -15.224
 8     0.188    -0.797    -0.574
 8    -0.515    -0.578     0.634
 8    -0.836     0.176    -0.519
 9   113.396   -44.178   -38.188
 9    -0.012    -0.999     0.035
 9    -0.435     0.037     0.900
 9    -0.900    -0.005    -0.435
 2    96.565   -18.740    59.742
 2    -0.054    -0.998    -0.016
 2     0.996    -0.055     0.067
 2    -0.068    -0.012     0.997
 3   125.467    -1.367     0.001
 3     0.654    -0.510    -0.559
 3     0.243     0.841    -0.483
 3     0.716     0.180     0.674
 4   100.475     7.373    -5.933
 4     0.299    -0.658     0.691
 4     0.737     0.619     0.270
 4    -0.606     0.429     0.670
 5   113.991    24.283    15.231
 5     0.763     0.047     0.645
 5     0.400    -0.818    -0.413
 5     0.508     0.573    -0.643
 6   131.991    36.040    26.014
 6     0.839    -0.119     0.531
 6     0.428    -0.461    -0.777
 6     0.337     0.879    -0.336
 7   102.918   -14.576    -6.047
 7     0.429     0.559     0.709
 7    -0.547     0.786    -0.288
 7    -0.718    -0.265     0.643
 8   113.053   -31.870   -15.218
 8     0.190    -0.799    -0.570
 8    -0.508    -0.577     0.639
 8    -0.840     0.168    -0.516
 9   113.332   -44.007   -38.345
 9    -0.012    -0.999     0.040
 9    -0.429     0.041     0.902
 9    -0.903    -0.006    -0.429
 2    96.615   -18.740    59.742
 2    -0.054    -0.998    -0.016
 2     0.996    -0.055     0.067
 2    -0.068    -0.012     0.997
 3   125.445    -1.367    -0.004
 3     0.654    -0.509    -0.560
 3     0.241     0.842    -0.483
 3     0.717     0.181     0.673
 4   100.531     7.426    -5.940
 4     0.302    -0.656     0.692
 4     0.737     0.620     0.266
 4    -0.604     0.430     0.671
 5   113.932    24.160    15.343
 5     0.761     0.042     0.647
 5     0.396    -0.820    -0.413
 5     0.513     0.571    -0.640
 6   131.906    35.994    26.250
 6     0.837    -0.123     0.533
 6     0.426    -0.464    -0.777
 6     0.343     0.877    -0.336
 7   102.940   -14.578    -6.043
 7     0.428     0.559     0.709
 7    -0.547     0.785    -0.289
 7    -0.719    -0.265     0.643
 8   113.052   -31.921   -15.270
 8     0.190    -0.799    -0.570
 8    -0.508    -0.577     0.640
 8    -0.840     0.167    -0.516
 9   113.304   -43.959   -38.337
 9    -0.013    -0.999     0.040
 9    -0.428     0.042     0.903
 9    -0.904    -0.006    -0.428
 2    96.615   -18.740    59.742
 2    -0.054    -0.998    -0.016
 2     0.996    -0.055     0.067
 2    -0.068    -0.012     0.997
 3   125.445    -1.469    -0.004
 3     0.655    -0.507    -0.560
 3     0.240     0.842    -0.483
 3     0.717     0.182     0.673
 4   100.556     7.426    -5.940
 4     0.302    -0.656     0.692
 4     0.738     0.620     0.265
 4    -0.604     0.430     0.671
 5   113.947    24.165    15.377
 5     0.759     0.039     0.650
 5     0.395    -0.821    -0.412
 5     0.518     0.569    -0.638
 6   131.844    35.821    26.413
 6     0.836    -0.127     0.534
 6     0.425    -0.466    -0.776
 6     0.348     0.875    -0.336
 7   102.916   -14.630    -6.092
 7     0.426     0.562     0.708
 7    -0.549     0.783    -0.291
 7    -0.719    -0.265     0.643
 8   112.998   -31.973   -15.267
 8     0.190    -0.801    -0.568
 8    -0.507    -0.575     0.641
 8    -0.841     0.166    -0.516
 9   113.158   -44.010   -38.358
 9    -0.016    -0.999     0.042
 9    -0.428     0.045     0.903
 9    -0.904    -0.004    -0.428
 2    96.615   -18.740    59.742
 2    -0.054    -0.998    -0.016
 2     0.996    -0.055     0.067
 2    -0.068    -0.012     0.997
 3   125.446    -1.470    -0.054
 3     0.655    -0.506    -0.561
 3     0.238     0.843    -0.483
 3     0.717     0.182     0.673
 4   100.562     7.428    -5.946
 4     0.304    -0.654     0.693
 4     0.738     0.621     0.263
 4    -0.602     0.431     0.672
 5   113.862    24.044    15.487
 5     0.756     0.035     0.653
 5     0.393    -0.823    -0.411
 5     0.523     0.567    -0.636
 6   131.809    35.802    26.726
 6     0.833    -0.132     0.536
 6     0.424    -0.469    -0.774
 6     0.354     0.873    -0.335
 7   102.865   -14.580    -6.092
 7     0.426     0.563     0.708
 7    -0.549     0.783    -0.293
 7    -0.719    -0.264     0.643
 8   112.971   -32.024   -15.269
 8     0.190    -0.802    -0.566
 8    -0.507    -0.574     0.643
 8    -0.841     0.164    -0.516
 9   113.083   -44.011   -38.407
 9    -0.017    -0.999     0.044
 9    -0.427     0.047     0.903
 9    -0.904    -0.004    -0.427
 2    96.615   -18.740    59.742
 2    -0.054    -0.998    -0.016
 2     0.996    -0.055     0.067
 2    -0.068    -0.012     0.997
 3   125.471    -1.521    -0.055
 3     0.655    -0.505    -0.562
 3     0.237     0.843    -0.482
 3     0.717     0.183     0.672
 4   100.615     7.379    -5.950
 4     0.304    -0.654     0.693
 4     0.739     0.621     0.261
 4    -0.601     0.432     0.672
 5   113.811    23.950    15.588
 5     0.753     0.027     0.657
 5     0.388    -0.825    -0.410
 5     0.531     0.564    -0.633
 6   131.653    35.529    26.933
 6     0.832    -0.139     0.536
 6     0.421    -0.473    -0.774
 6     0.361     0.870    -0.335
 7   102.814   -14.631    -6.093
 7     0.426     0.565     0.707
 7    -0.549     0.782    -0.295
 7    -0.719    -0.263     0.643
 8   112.969   -32.047   -15.302
 8     0.192    -0.804    -0.563
 8    -0.506    -0.572     0.645
 8    -0.841     0.161    -0.517
 9   113.079   -44.014   -38.450
 9    -0.018    -0.999     0.047
 9    -0.425     0.050     0.904
 9    -0.905    -0.004    -0.425
 2    96.615   -18.740    59.742
 2    -0.054    -0.998    -0.016
 2     0.996    -0.055     0.067
 2    -0.068    -0.012     0.997
 3   125.446    -1.547    -0.004
 3     0.655    -0.505    -0.562
 3     0.236     0.843    -0.483
 3     0.717     0.183     0.672
 4   100.614     7.379    -5.951
 4     0.304    -0.654     0.693
 4     0.739     0.620     0.261
 4    -0.601     0.433     0.672
 5   113.658    24.007    15.617
 5     0.749     0.021     0.662
 5     0.386    -0.826    -0.411
 5     0.538     0.563    -0.627
 6   131.455    35.460    27.390
 6     0.830    -0.151     0.536
 6     0.416    -0.472    -0.777
 6     0.371     0.868    -0.329
 7   103.142   -14.736    -6.213
 7     0.442     0.569     0.693
 7    -0.554     0.781    -0.288
 7    -0.705    -0.257     0.661
 8   113.652   -32.478   -14.588
 8     0.233    -0.816    -0.529
 8    -0.517    -0.564     0.644
 8    -0.824     0.124    -0.553
 9   114.151   -44.476   -37.671
 9     0.030    -0.966     0.256
 9    -0.412     0.221     0.884
 9    -0.911    -0.132    -0.391
 2    96.616   -18.740    59.742
 2    -0.053    -0.998    -0.016
 2     0.996    -0.054     0.067
 2    -0.068    -0.012     0.997
 3   125.477    -1.509     0.399
 3     0.644    -0.508    -0.572
 3     0.243     0.845    -0.476
 3     0.725     0.168     0.668
 4   101.001     7.563    -5.868
 4     0.318    -0.658     0.682
 4     0.740     0.622     0.255
 4    -0.592     0.424     0.685
 5   113.395    23.783    16.169
 5     0.734    -0.023     0.678
 5     0.363    -0.831    -0.421
 5     0.573     0.555    -0.603
 6   131.157    34.623    29.006
 6     0.826    -0.237     0.511
 6     0.375    -0.445    -0.813
 6     0.420     0.864    -0.278
 7   104.055   -15.174    -6.242
 7     0.498     0.599     0.627
 7    -0.593     0.763    -0.258
 7    -0.633    -0.243     0.735
 8   115.519   -33.877   -11.783
 8     0.357    -0.843    -0.402
 8    -0.562    -0.538     0.628
 8    -0.746     0.001    -0.666
 9   119.155   -46.091   -34.487
 9     0.213    -0.794     0.569
 9    -0.423     0.450     0.786
 9    -0.881    -0.408    -0.240
 2    96.616   -18.740    59.742
 2    -0.053    -0.998    -0.016
 2     0.996    -0.054     0.067
 2    -0.068    -0.012     0.997
 3   125.794    -1.509     1.405
 3     0.620    -0.509    -0.597
 3     0.253     0.850    -0.462
 3     0.742     0.135     0.656
 4   101.778     7.762    -5.694
 4     0.342    -0.668     0.661
 4     0.747     0.620     0.239
 4    -0.570     0.412     0.711
 5   113.042    22.928    17.354
 5     0.705    -0.081     0.704
 5     0.320    -0.850    -0.418
 5     0.633     0.519    -0.574
 6   130.250    32.950    32.032
 6     0.805    -0.338     0.487
 6     0.328    -0.429    -0.841
 6     0.493     0.838    -0.235
 7   105.451   -15.929    -6.271
 7     0.554     0.617     0.557
 7    -0.628     0.750    -0.207
 7    -0.546    -0.235     0.804
 8   121.067   -34.242    -4.579
 8     0.509    -0.816    -0.275
 8    -0.599    -0.565     0.567
 8    -0.618    -0.124    -0.777
 9   126.474   -47.176   -29.147
 9     0.457    -0.396     0.796
 9    -0.443     0.675     0.590
 9    -0.771    -0.623     0.133
 2    96.566   -18.791    59.742
 2    -0.053    -0.998    -0.016
 2     0.996    -0.054     0.067
 2    -0.068    -0.012     0.997
 3   126.470    -1.698     2.417
 3     0.584    -0.515    -0.627
 3     0.261     0.851    -0.455
 3     0.768     0.102     0.632
 4   103.043     7.977    -5.663
 4     0.372    -0.681     0.631
 4     0.759     0.614     0.215
 4    -0.534     0.399     0.745
 5   112.455    21.938    18.441
 5     0.655    -0.154     0.739
 5     0.265    -0.870    -0.417
 5     0.707     0.469    -0.529
 6   129.032    30.647    35.167
 6     0.769    -0.503     0.394
 6     0.240    -0.345    -0.907
 6     0.592     0.792    -0.145
 7   107.439   -16.561    -6.271
 7     0.618     0.636     0.461
 7    -0.656     0.741    -0.143
 7    -0.433    -0.214     0.875
 8   122.737   -35.238     1.154
 8     0.640    -0.766    -0.063
