% Calibrated with leiden_pols
% Positions are in centimeters
Data =[
 2    96.616   -18.740    59.742
 2    -0.053    -0.998    -0.015
 2     0.996    -0.054     0.067
 2    -0.068    -0.012     0.997
 3   127.685    -3.487     7.056
 3     0.491    -0.516    -0.702
 3     0.335     0.856    -0.394
 3     0.804    -0.042     0.593
 4   107.522     8.186    -4.137
 4     0.566    -0.691     0.449
 4     0.750     0.657     0.064
 4    -0.340     0.300     0.891
 5   111.161    19.241    21.601
 5     0.391    -0.319     0.863
 5     0.093    -0.920    -0.381
 5     0.916     0.229    -0.330
 6   124.783    24.819    43.282
 6     0.539    -0.841    -0.029
 6     0.002     0.036    -0.999
 6     0.842     0.539     0.021
 7   112.268   -21.270    -3.846
 7     0.626     0.778     0.046
 7    -0.766     0.603     0.223
 7     0.145    -0.175     0.974
 8   112.283   -24.828    23.394
 8     0.441    -0.030     0.897
 8    -0.172    -0.984     0.052
 8     0.881    -0.177    -0.439
 9   127.751   -31.607    43.683
 9     0.348     0.798    -0.493
 9     0.014     0.521     0.854
 9     0.937    -0.304     0.170
 2    96.615   -18.740    59.742
 2    -0.054    -0.998    -0.016
 2     0.996    -0.055     0.067
 2    -0.068    -0.012     0.997
 3   127.685    -3.487     7.056
 3     0.491    -0.516    -0.702
 3     0.335     0.856    -0.394
 3     0.804    -0.042     0.593
 4   107.522     8.237    -4.137
 4     0.566    -0.691     0.449
 4     0.751     0.657     0.065
 4    -0.340     0.300     0.891
 5   111.047    19.237    21.666
 5     0.394    -0.313     0.864
 5     0.095    -0.921    -0.377
 5     0.914     0.231    -0.333
 6   124.782    24.871    43.307
 6     0.539    -0.842    -0.026
 6     0.004     0.033    -0.999
 6     0.842     0.538     0.021
 7   112.268   -21.269    -3.847
 7     0.627     0.777     0.047
 7    -0.765     0.603     0.224
 7     0.145    -0.176     0.973
 8   112.305   -24.782    23.543
 8     0.453    -0.042     0.890
 8    -0.177    -0.983     0.044
 8     0.874    -0.177    -0.453
 9   127.414   -32.980    43.564
 9     0.393     0.870    -0.297
 9    -0.001     0.323     0.946
 9     0.919    -0.372     0.128
 2    96.615   -18.740    59.742
 2    -0.054    -0.998    -0.015
 2     0.996    -0.055     0.067
 2    -0.068    -0.012     0.997
 3   127.656    -3.488     7.011
 3     0.492    -0.514    -0.702
 3     0.335     0.856    -0.392
 3     0.803    -0.043     0.594
 4   107.512     8.183    -4.177
 4     0.563    -0.693     0.450
 4     0.751     0.656     0.070
 4    -0.344     0.299     0.890
 5   111.151    19.195    21.646
 5     0.408    -0.328     0.852
 5     0.110    -0.909    -0.403
 5     0.906     0.258    -0.335
 6   124.935    24.897    43.006
 6     0.540    -0.841    -0.030
 6     0.007     0.040    -0.999
 6     0.842     0.539     0.027
 7   112.272   -21.244    -3.848
 7     0.625     0.779     0.049
 7    -0.767     0.601     0.225
 7     0.146    -0.179     0.973
 8   112.842   -25.179    24.053
 8     0.526    -0.153     0.836
 8    -0.271    -0.962    -0.006
 8     0.806    -0.224    -0.548
 9   128.325   -36.590    41.782
 9     0.519     0.854     0.008
 9    -0.106     0.054     0.993
 9     0.848    -0.516     0.119
 2    96.615   -18.740    59.742
 2    -0.054    -0.998    -0.016
 2     0.996    -0.055     0.067
 2    -0.068    -0.012     0.997
 3   127.678    -3.388     6.965
 3     0.493    -0.513    -0.703
 3     0.336     0.857    -0.390
 3     0.802    -0.044     0.595
 4   107.458     8.234    -4.123
 4     0.561    -0.694     0.451
 4     0.752     0.655     0.071
 4    -0.345     0.299     0.889
 5   111.290    19.458    21.840
 5     0.445    -0.334     0.831
 5     0.123    -0.896    -0.426
 5     0.887     0.292    -0.358
 6   125.162    25.274    42.782
 6     0.547    -0.837    -0.024
 6     0.015     0.039    -0.999
 6     0.837     0.546     0.034
 7   112.097   -20.975    -3.912
 7     0.625     0.778     0.059
 7    -0.769     0.601     0.217
 7     0.134    -0.181     0.974
 8   113.986   -26.514    24.144
 8     0.575    -0.306     0.759
 8    -0.409    -0.910    -0.057
 8     0.708    -0.278    -0.649
 9   128.695   -41.757    38.738
 9     0.602     0.747     0.281
 9    -0.261    -0.148     0.954
 9     0.755    -0.648     0.105
 2    96.615   -18.740    59.742
 2    -0.054    -0.998    -0.016
 2     0.996    -0.055     0.067
 2    -0.068    -0.012     0.997
 3   127.595    -3.391     6.899
 3     0.496    -0.512    -0.701
 3     0.336     0.857    -0.389
 3     0.800    -0.043     0.598
 4   106.965     8.042    -4.254
 4     0.548    -0.698     0.461
 4     0.754     0.651     0.089
 4    -0.362     0.298     0.883
 5   111.423    20.170    21.515
 5     0.491    -0.315     0.812
 5     0.160    -0.884    -0.439
 5     0.856     0.346    -0.383
 6   126.340    27.030    41.198
 6     0.590    -0.807     0.023
 6     0.060     0.015    -0.998
 6     0.805     0.591     0.057
 7   111.732   -20.646    -3.998
 7     0.628     0.774     0.080
 7    -0.771     0.606     0.196
 7     0.104    -0.185     0.977
 8   115.617   -28.105    23.708
 8     0.579    -0.492     0.649
 8    -0.566    -0.817    -0.115
 8     0.587    -0.301    -0.752
 9   129.267   -46.587    35.051
 9     0.640     0.566     0.520
 9    -0.425    -0.303     0.853
 9     0.640    -0.767     0.047
 2    96.616   -18.740    59.742
 2    -0.053    -0.998    -0.016
 2     0.996    -0.054     0.067
 2    -0.068    -0.012     0.997
 3   127.531    -3.191     6.683
 3     0.499    -0.516    -0.696
 3     0.339     0.855    -0.391
 3     0.797    -0.041     0.602
 4   106.421     7.920    -4.409
 4     0.525    -0.708     0.472
 4     0.757     0.641     0.120
 4    -0.388     0.294     0.873
 5   111.814    21.188    20.936
 5     0.540    -0.241     0.806
 5     0.233    -0.878    -0.418
 5     0.809     0.414    -0.418
 6   127.380    29.991    39.328
 6     0.644    -0.755     0.118
 6     0.135    -0.040    -0.990
 6     0.752     0.654     0.076
 7   111.538   -20.225    -4.174
 7     0.632     0.767     0.108
 7    -0.772     0.613     0.166
 7     0.061    -0.188     0.980
 8   117.654   -29.770    22.840
 8     0.567    -0.668     0.481
 8    -0.708    -0.694    -0.129
 8     0.420    -0.268    -0.867
 9   129.359   -51.095    29.728
 9     0.656     0.290     0.697
 9    -0.586    -0.386     0.712
 9     0.475    -0.876    -0.083
 2    96.615   -18.740    59.742
 2    -0.054    -0.998    -0.016
 2     0.996    -0.055     0.067
 2    -0.068    -0.012     0.997
 3   127.395    -2.915     6.411
 3     0.501    -0.521    -0.691
 3     0.341     0.852    -0.396
 3     0.795    -0.037     0.605
 4   105.892     7.716    -4.624
 4     0.503    -0.716     0.484
 4     0.756     0.636     0.155
 4    -0.419     0.288     0.861
 5   112.163    22.032    20.192
 5     0.573    -0.194     0.795
 5     0.281    -0.866    -0.414
 5     0.769     0.460    -0.442
 6   128.239    31.730    37.161
 6     0.686    -0.704     0.183
 6     0.184    -0.075    -0.980
 6     0.703     0.706     0.078
 7   111.026   -19.735    -4.349
 7     0.627     0.762     0.160
 7    -0.779     0.617     0.110
 7    -0.015    -0.193     0.981
 8   119.657   -32.105    20.318
 8     0.545    -0.782     0.301
 8    -0.803    -0.591    -0.080
 8     0.240    -0.198    -0.950
 9   129.544   -55.523    22.858
 9     0.625    -0.127     0.770
 9    -0.738    -0.417     0.530
 9     0.254    -0.900    -0.355
 2    96.615   -18.740    59.742
 2    -0.054    -0.998    -0.016
 2     0.996    -0.055     0.067
 2    -0.068    -0.012     0.997
 3   127.291    -2.562     6.058
 3     0.504    -0.520    -0.689
 3     0.339     0.854    -0.396
 3     0.794    -0.034     0.606
 4   105.578     7.670    -4.784
 4     0.485    -0.720     0.496
 4     0.754     0.632     0.179
 4    -0.443     0.287     0.849
 5   112.643    22.701    19.590
 5     0.603    -0.156     0.782
 5     0.314    -0.855    -0.413
 5     0.733     0.495    -0.466
