2 	  32.68	  -7.37	  22.73
	  0.429	  0.903	 -0.029
	 -0.904	  0.428	 -0.010
	  0.004	  0.030	  0.999

3 	  43.51	  -0.65	   0.12
	  0.658	 -0.154	  0.737
	 -0.002	  0.978	  0.205
	 -0.754	 -0.137	  0.643

4 	  35.79	   4.85	  -4.43
	  0.124	  0.978	 -0.167
	 -0.697	  0.205	  0.687
	  0.707	  0.031	  0.706

5 	  40.71	  12.99	   1.11
	  0.789	  0.605	  0.109
	  0.094	 -0.295	  0.951
	  0.608	 -0.739	 -0.290

6 	  44.12	   6.03	  -4.73
	 -0.051	 -0.912	 -0.406
	  0.998	 -0.042	 -0.031
	  0.011	 -0.408	  0.913

7 	  35.63	  -6.12	  -3.99
	  0.363	 -0.804	 -0.471
	  0.457	  0.594	 -0.662
	  0.812	  0.024	  0.583

8 	  40.78	 -15.61	  -4.01
	  0.663	 -0.596	 -0.452
	 -0.538	  0.040	 -0.842
	  0.521	  0.801	 -0.294

9 	  44.14	  -7.19	  -7.21
	  0.057	  0.998	  0.032
	 -0.965	  0.047	  0.257
	  0.255	 -0.046	  0.966

2 	  32.66	  -7.37	  22.75
	  0.429	  0.902	 -0.028
	 -0.903	  0.429	 -0.010
	  0.004	  0.029	  0.999

3 	  43.47	  -0.67	   0.09
	  0.657	 -0.160	  0.736
	  0.002	  0.977	  0.210
	 -0.755	 -0.136	  0.642

4 	  35.72	   4.76	  -4.48
	  0.124	  0.974	 -0.188
	 -0.684	  0.220	  0.695
	  0.719	  0.042	  0.694

5 	  40.66	  13.24	   0.53
	  0.773	  0.632	  0.060
	  0.129	 -0.249	  0.960
	  0.622	 -0.734	 -0.274

6 	  44.23	   6.13	  -5.01
	 -0.016	 -0.925	 -0.380
	  0.996	  0.019	 -0.086
	  0.086	 -0.380	  0.921

7 	  35.61	  -6.08	  -4.04
	  0.357	 -0.797	 -0.487
	  0.451	  0.603	 -0.658
	  0.818	  0.015	  0.575

8 	  40.66	 -15.61	  -4.39
	  0.644	 -0.602	 -0.473
	 -0.550	  0.068	 -0.832
	  0.534	  0.795	 -0.286

9 	  44.19	  -7.21	  -7.40
	  0.085	  0.995	  0.039
	 -0.962	  0.072	  0.262
	  0.259	 -0.060	  0.964

2 	  32.66	  -7.37	  22.75
	  0.429	  0.903	 -0.028
	 -0.903	  0.429	 -0.010
	  0.004	  0.030	  0.999

3 	  43.42	  -0.63	   0.09
	  0.657	 -0.167	  0.735
	  0.005	  0.976	  0.217
	 -0.754	 -0.139	  0.642

4 	  35.70	   4.85	  -4.43
	  0.122	  0.976	 -0.178
	 -0.684	  0.212	  0.698
	  0.719	  0.037	  0.694

5 	  40.59	  13.29	   0.72
	  0.769	  0.635	  0.069
	  0.129	 -0.260	  0.957
	  0.626	 -0.727	 -0.282

6 	  44.26	   6.33	  -4.90
	 -0.002	 -0.917	 -0.398
	  0.998	  0.023	 -0.059
	  0.063	 -0.397	  0.915

7 	  35.60	  -6.03	  -4.06
	  0.357	 -0.796	 -0.489
	  0.452	  0.604	 -0.656
	  0.817	  0.013	  0.576

8 	  40.69	 -15.54	  -4.36
	  0.649	 -0.601	 -0.467
	 -0.541	  0.070	 -0.838
	  0.538	  0.795	 -0.279

9 	  44.30	  -7.17	  -7.31
	  0.089	  0.995	  0.039
	 -0.962	  0.075	  0.262
	  0.258	 -0.062	  0.964

2 	  32.66	  -7.37	  22.75
	  0.429	  0.903	 -0.028
	 -0.903	  0.428	 -0.010
	  0.004	  0.030	  0.999

3 	  43.42	  -0.58	   0.11
	  0.656	 -0.167	  0.736
	  0.002	  0.975	  0.220
	 -0.755	 -0.143	  0.640

4 	  35.70	   4.89	  -4.41
	  0.120	  0.977	 -0.176
	 -0.684	  0.209	  0.699
	  0.720	  0.036	  0.693

5 	  40.64	  13.31	   0.84
	  0.771	  0.632	  0.073
	  0.131	 -0.269	  0.954
	  0.623	 -0.726	 -0.290

6 	  44.35	   6.29	  -4.97
	 -0.015	 -0.915	 -0.404
	  0.998	  0.009	 -0.057
	  0.055	 -0.404	  0.913

7 	  35.68	  -5.98	  -4.10
	  0.360	 -0.790	 -0.495
	  0.449	  0.612	 -0.651
	  0.818	  0.012	  0.575

8 	  40.90	 -15.42	  -4.45
	  0.659	 -0.589	 -0.467
	 -0.538	  0.066	 -0.840
	  0.527	  0.805	 -0.273

9 	  44.40	  -7.00	  -7.37
	  0.076	  0.996	  0.043
	 -0.963	  0.062	  0.262
	  0.259	 -0.062	  0.964

2 	  32.68	  -7.35	  22.73
	  0.429	  0.903	 -0.028
	 -0.904	  0.428	 -0.010
	  0.004	  0.030	  0.999

3 	  43.42	  -0.54	   0.14
	  0.652	 -0.170	  0.738
	  0.002	  0.975	  0.222
	 -0.758	 -0.144	  0.636

4 	  35.81	   4.97	  -4.45
	  0.142	  0.973	 -0.181
	 -0.677	  0.229	  0.699
	  0.722	  0.023	  0.691

5 	  41.06	  13.24	   0.69
	  0.791	  0.609	  0.057
	  0.137	 -0.268	  0.953
	  0.597	 -0.746	 -0.296

6 	  44.44	   6.13	  -5.10
	 -0.039	 -0.916	 -0.399
	  0.997	 -0.010	 -0.073
	  0.062	 -0.401	  0.914

7 	  35.75	  -5.99	  -4.18
	  0.360	 -0.783	 -0.506
	  0.444	  0.621	 -0.646
	  0.820	  0.008	  0.571

8 	  41.13	 -15.36	  -4.59
	  0.660	 -0.575	 -0.483
	 -0.559	  0.054	 -0.827
	  0.502	  0.816	 -0.286

9 	  44.42	  -6.82	  -7.65
	  0.058	  0.998	  0.033
	 -0.948	  0.045	  0.314
	  0.312	 -0.051	  0.949

2 	  32.68	  -7.37	  22.73
	  0.429	  0.903	 -0.028
	 -0.903	  0.428	 -0.010
	  0.004	  0.029	  0.999

3 	  43.42	  -0.53	   0.11
	  0.656	 -0.173	  0.734
	  0.001	  0.974	  0.228
	 -0.755	 -0.149	  0.638

4 	  35.70	   4.99	  -4.39
	  0.146	  0.971	 -0.188
	 -0.666	  0.236	  0.707
	  0.732	  0.022	  0.681

5 	  41.54	  12.96	   0.63
	  0.810	  0.585	 -0.014
	  0.242	 -0.314	  0.918
	  0.534	 -0.747	 -0.396

6 	  43.93	   6.12	  -6.03
	 -0.127	 -0.884	 -0.449
	  0.973	 -0.022	 -0.230
	  0.194	 -0.466	  0.863

7 	  35.53	  -5.96	  -4.11
	  0.348	 -0.781	 -0.518
	  0.423	  0.624	 -0.657
	  0.837	  0.010	  0.547

8 	  41.04	 -15.28	  -4.55
	  0.635	 -0.578	 -0.512
	 -0.613	  0.025	 -0.789
	  0.470	  0.815	 -0.338

9 	  43.75	  -6.86	  -8.49
	  0.046	  0.998	 -0.049
	 -0.880	  0.064	  0.470
	  0.472	  0.020	  0.881

2 	  32.66	  -7.37	  22.75
	  0.429	  0.903	 -0.028
	 -0.904	  0.428	 -0.011
	  0.003	  0.030	  0.999

3 	  43.28	  -0.49	  -0.02
	  0.675	 -0.184	  0.714
	  0.010	  0.970	  0.240
	 -0.738	 -0.155	  0.656

4 	  35.44	   5.10	  -4.27
	  0.159	  0.968	 -0.195
	 -0.635	  0.251	  0.730
	  0.756	  0.007	  0.654

5 	  41.91	  12.76	   0.60
	  0.815	  0.572	 -0.090
	  0.357	 -0.374	  0.856
	  0.457	 -0.730	 -0.508

6 	  43.08	   6.57	  -6.66
	 -0.223	 -0.838	 -0.497
	  0.901	  0.018	 -0.434
	  0.373	 -0.544	  0.751

7 	  35.30	  -6.01	  -3.96
	  0.323	 -0.798	 -0.508
	  0.408	  0.601	 -0.687
	  0.854	  0.015	  0.520

8 	  40.92	 -15.38	  -3.88
	  0.606	 -0.615	 -0.504
	 -0.670	 -0.052	 -0.741
	  0.431	  0.786	 -0.443

9 	  43.14	  -7.59	  -9.09
	  0.025	  0.976	 -0.215
	 -0.785	  0.152	  0.600
	  0.618	  0.153	  0.770

2 	  32.68	  -7.35	  22.73
	  0.429	  0.903	 -0.028
	 -0.904	  0.428	 -0.010
	  0.004	  0.030	  0.999

3 	  43.19	  -0.53	  -0.04
	  0.684	 -0.184	  0.705
	  0.017	  0.971	  0.237
	 -0.730	 -0.151	  0.667

4 	  35.40	   5.19	  -4.11
	  0.151	  0.973	 -0.175
	 -0.635	  0.231	  0.737
	  0.757	 -0.000	  0.653

5 	  41.78	  12.80	   0.98
	  0.802	  0.592	 -0.077
	  0.376	 -0.400	  0.836
	  0.464	 -0.700	 -0.543

6 	  43.14	   6.93	  -6.50
	 -0.172	 -0.810	 -0.561
	  0.826	  0.192	 -0.529
	  0.537	 -0.554	  0.636

7 	  35.33	  -6.21	  -3.81
	  0.314	 -0.828	 -0.464
	  0.409	  0.559	 -0.721
	  0.857	  0.036	  0.514

8 	  41.15	 -15.45	  -2.65
	  0.619	 -0.657	 -0.431
	 -0.663	 -0.143	 -0.735
	  0.422	  0.740	 -0.523

9 	  43.37	  -8.53	  -9.21
	  0.035	  0.913	 -0.406
	 -0.714	  0.307	  0.629
	  0.699	  0.268	  0.663

2 	  32.68	  -7.35	  22.75
	  0.429	  0.903	 -0.029
	 -0.904	  0.428	 -0.010
	  0.004	  0.030	  0.999

3 	  43.21	  -0.47	  -0.04
	  0.692	 -0.174	  0.700
	  0.018	  0.974	  0.224
	 -0.723	 -0.143	  0.676

4 	  35.33	   5.33	  -3.92
	  0.144	  0.977	 -0.155
	 -0.632	  0.211	  0.745
	  0.762	 -0.009	  0.648

5 	  41.91	  12.71	   1.53
	  0.794	  0.605	 -0.060
	  0.397	 -0.440	  0.806
	  0.461	 -0.664	 -0.589

6 	  43.22	   7.47	  -6.70
	 -0.143	 -0.743	 -0.654
	  0.760	  0.340	 -0.553
	  0.634	 -0.575	  0.516

7 	  35.24	  -6.29	  -3.59
	  0.294	 -0.855	 -0.426
	  0.413	  0.515	 -0.751
	  0.862	  0.044	  0.505

8 	  41.77	 -15.08	  -1.41
	  0.646	 -0.661	 -0.381
	 -0.687	 -0.287	 -0.667
	  0.333	  0.693	 -0.640

9 	  42.98	  -9.37	  -9.69
	 -0.072	  0.803	 -0.591
	 -0.612	  0.433	  0.662
	  0.788	  0.409	  0.460

2 	  32.68	  -7.35	  22.73
	  0.429	  0.903	 -0.028
	 -0.904	  0.428	 -0.010
	  0.004	  0.030	  0.999

3 	  43.15	  -0.40	  -0.02
	  0.698	 -0.161	  0.697
	  0.014	  0.977	  0.211
	 -0.715	 -0.138	  0.685

4 	  35.24	   5.52	  -3.60
	  0.141	  0.982	 -0.125
	 -0.620	  0.185	  0.762
	  0.771	 -0.030	  0.635

5 	  42.01	  12.53	   2.11
	  0.792	  0.609	 -0.046
	  0.425	 -0.496	  0.757
	  0.439	 -0.620	 -0.651

6 	  43.17	   8.07	  -6.75
	 -0.154	 -0.662	 -0.734
	  0.756	  0.399	 -0.518
	  0.636	 -0.634	  0.439

7 	  35.24	  -6.38	  -3.50
	  0.288	 -0.866	 -0.409
	  0.411	  0.497	 -0.764
	  0.865	  0.052	  0.499

8 	  42.12	 -14.87	  -1.05
	  0.654	 -0.662	 -0.366
	 -0.703	 -0.354	 -0.617
	  0.279	  0.661	 -0.696

9 	  42.96	 -10.12	 -10.39
	 -0.137	  0.695	 -0.705
	 -0.568	  0.529	  0.631
	  0.812	  0.486	  0.323

2 	  32.68	  -7.35	  22.73
	  0.429	  0.903	 -0.029
	 -0.904	  0.428	 -0.010
	  0.004	  0.030	  0.999

3 	  43.14	  -0.37	  -0.04
	  0.703	 -0.156	  0.694
	  0.010	  0.977	  0.210
	 -0.711	 -0.141	  0.688

4 	  35.19	   5.61	  -3.48
	  0.134	  0.984	 -0.113
	 -0.614	  0.172	  0.770
	  0.777	 -0.034	  0.628

5 	  42.08	  12.52	   2.41
	  0.782	  0.621	 -0.050
	  0.466	 -0.527	  0.710
	  0.416	 -0.579	 -0.701

6 	  42.82	   8.61	  -6.94
	 -0.208	 -0.601	 -0.772
	  0.727	  0.433	 -0.532
	  0.654	 -0.671	  0.348

7 	  35.30	  -6.40	  -3.45
	  0.286	 -0.869	 -0.403
	  0.403	  0.490	 -0.772
	  0.869	  0.058	  0.490

8 	  42.31	 -14.78	  -1.07
	  0.645	 -0.667	 -0.373
	 -0.726	 -0.384	 -0.570
	  0.237	  0.638	 -0.732

9 	  42.73	 -11.04	 -11.27
	 -0.175	  0.601	 -0.780
	 -0.548	  0.598	  0.584
	  0.818	  0.529	  0.225

2 	  32.68	  -7.35	  22.73
	  0.429	  0.903	 -0.029
	 -0.904	  0.428	 -0.010
	  0.004	  0.030	  0.999

3 	  43.08	  -0.30	  -0.05
	  0.707	 -0.151	  0.690
	  0.002	  0.977	  0.212
	 -0.708	 -0.148	  0.691

4 	  35.03	   5.71	  -3.30
	  0.115	  0.988	 -0.102
	 -0.609	  0.151	  0.778
	  0.784	 -0.027	  0.619

5 	  41.85	  12.64	   2.64
	  0.760	  0.648	 -0.057
	  0.514	 -0.543	  0.664
	  0.400	 -0.534	 -0.745

6 	  42.29	   9.28	  -6.89
	 -0.239	 -0.563	 -0.791
	  0.705	  0.461	 -0.539
	  0.669	 -0.685	  0.288

7 	  35.16	  -6.33	  -3.41
	  0.263	 -0.872	 -0.412
	  0.393	  0.487	 -0.780
	  0.881	  0.042	  0.471

8 	  42.10	 -14.78	  -1.04
	  0.626	 -0.684	 -0.373
	 -0.745	 -0.385	 -0.544
	  0.229	  0.619	 -0.751

9 	  42.43	 -12.20	 -11.83
	 -0.170	  0.496	 -0.851
	 -0.585	  0.644	  0.492
	  0.793	  0.581	  0.181

2 	  32.68	  -7.35	  22.73
	  0.429	  0.903	 -0.029
	 -0.904	  0.428	 -0.010
	  0.004	  0.030	  0.999

3 	  42.94	  -0.21	  -0.12
	  0.709	 -0.139	  0.691
	 -0.010	  0.978	  0.207
	 -0.706	 -0.154	  0.692

4 	  34.93	   5.87	  -3.11
	  0.101	  0.991	 -0.086
	 -0.613	  0.130	  0.779
	  0.783	 -0.026	  0.620

5 	  41.68	  12.64	   3.18
	  0.748	  0.661	 -0.041
	  0.542	 -0.574	  0.614
	  0.383	 -0.482	 -0.787

6 	  41.82	   9.79	  -6.52
	 -0.275	 -0.518	 -0.810
	  0.707	  0.463	 -0.534
	  0.653	 -0.718	  0.239

7 	  35.05	  -6.24	  -3.41
	  0.235	 -0.891	 -0.387
	  0.413	  0.452	 -0.791
	  0.880	  0.026	  0.474

8 	  41.82	 -14.85	  -0.81
	  0.613	 -0.706	 -0.355
	 -0.752	 -0.383	 -0.537
	  0.243	  0.596	 -0.765

9 	  42.45	 -13.46	 -12.08
	 -0.138	  0.388	 -0.911
	 -0.646	  0.662	  0.379
	  0.750	  0.641	  0.159

2 	  32.68	  -7.35	  22.75
	  0.429	  0.903	 -0.028
	 -0.904	  0.428	 -0.010
	  0.004	  0.030	  0.999

3 	  42.89	  -0.19	  -0.14
	  0.713	 -0.132	  0.688
	 -0.018	  0.978	  0.206
	 -0.701	 -0.159	  0.695

4 	  34.84	   5.89	  -2.99
	  0.093	  0.993	 -0.073
	 -0.618	  0.115	  0.777
	  0.781	 -0.027	  0.624

5 	  41.61	  12.57	   3.45
	  0.740	  0.671	 -0.035
	  0.561	 -0.588	  0.582
	  0.371	 -0.451	 -0.812

6 	  41.61	  10.04	  -6.43
	 -0.297	 -0.490	 -0.820
	  0.709	  0.462	 -0.532
	  0.640	 -0.739	  0.211

7 	  35.00	  -6.28	  -3.38
	  0.231	 -0.892	 -0.388
	  0.404	  0.450	 -0.796
	  0.885	  0.027	  0.464

8 	  41.66	 -14.94	  -0.79
	  0.603	 -0.717	 -0.348
	 -0.757	 -0.377	 -0.534
	  0.252	  0.585	 -0.770

9 	  42.73	 -14.78	 -12.39
	 -0.089	  0.259	 -0.962
	 -0.696	  0.674	  0.247
	  0.713	  0.691	  0.120

2 	  32.68	  -7.37	  22.75
	  0.429	  0.903	 -0.028
	 -0.904	  0.428	 -0.010
	  0.004	  0.030	  0.999

3 	  42.86	  -0.19	  -0.18
	  0.723	 -0.132	  0.678
	 -0.019	  0.977	  0.210
	 -0.691	 -0.165	  0.703

4 	  34.79	   5.91	  -2.95
	  0.088	  0.994	 -0.065
	 -0.611	  0.105	  0.784
	  0.787	 -0.030	  0.616

5 	  41.62	  12.50	   3.50
	  0.741	  0.670	 -0.036
	  0.567	 -0.596	  0.568
	  0.360	 -0.442	 -0.821

6 	  41.50	  10.05	  -6.36
	 -0.318	 -0.479	 -0.818
	  0.713	  0.448	 -0.539
	  0.626	 -0.754	  0.200

7 	  34.98	  -6.31	  -3.32
	  0.230	 -0.891	 -0.391
	  0.395	  0.452	 -0.800
	  0.889	  0.029	  0.456

8 	  41.59	 -15.01	  -0.69
	  0.599	 -0.726	 -0.337
	 -0.760	 -0.384	 -0.524
	  0.251	  0.570	 -0.782

9 	  42.93	 -15.77	 -12.29
	 -0.065	  0.159	 -0.985
	 -0.736	  0.658	  0.155
	  0.673	  0.735	  0.074

2 	  32.68	  -7.37	  22.73
	  0.429	  0.903	 -0.028
	 -0.903	  0.428	 -0.010
	  0.004	  0.029	  0.999

3 	  42.86	  -0.23	  -0.18
	  0.725	 -0.131	  0.676
	 -0.019	  0.977	  0.210
	 -0.689	 -0.165	  0.706

4 	  34.84	   5.87	  -2.97
	  0.092	  0.993	 -0.065
	 -0.605	  0.107	  0.789
	  0.791	 -0.033	  0.610

5 	  41.71	  12.41	   3.52
	  0.744	  0.667	 -0.037
	  0.569	 -0.604	  0.558
	  0.351	 -0.437	 -0.828

6 	  41.57	  10.05	  -6.36
	 -0.331	 -0.470	 -0.818
	  0.725	  0.428	 -0.539
	  0.605	 -0.771	  0.200

7 	  34.96	  -6.42	  -3.25
	  0.229	 -0.895	 -0.383
	  0.391	  0.444	 -0.806
	  0.891	  0.035	  0.451

8 	  41.47	 -15.12	  -0.49
	  0.592	 -0.740	 -0.319
	 -0.762	 -0.384	 -0.522
	  0.265	  0.552	 -0.791

9 	  42.93	 -16.86	 -12.15
	 -0.046	  0.067	 -0.997
	 -0.733	  0.675	  0.079
	  0.678	  0.734	  0.017

2 	  32.68	  -7.37	  22.73
	  0.429	  0.903	 -0.029
	 -0.904	  0.428	 -0.010
	  0.004	  0.030	  0.999

3 	  42.86	  -0.30	  -0.18
	  0.725	 -0.133	  0.676
	 -0.016	  0.978	  0.209
	 -0.689	 -0.162	  0.706

4 	  34.84	   5.85	  -2.94
	  0.095	  0.994	 -0.057
	 -0.605	  0.103	  0.790
	  0.791	 -0.040	  0.610

5 	  41.64	  12.36	   3.67
	  0.742	  0.670	 -0.017
	  0.559	 -0.605	  0.567
	  0.371	 -0.430	 -0.823

6 	  41.99	  10.51	  -6.52
	 -0.274	 -0.433	 -0.859
	  0.803	  0.388	 -0.451
	  0.529	 -0.813	  0.242

7 	  34.91	  -6.47	  -3.18
	  0.225	 -0.899	 -0.375
	  0.385	  0.435	 -0.814
	  0.895	  0.039	  0.444

8 	  41.31	 -15.24	  -0.33
	  0.582	 -0.753	 -0.305
	 -0.765	 -0.381	 -0.519
	  0.275	  0.536	 -0.798

9 	  43.01	 -17.81	 -11.85
	 -0.016	 -0.027	 -1.000
	 -0.748	  0.663	 -0.005
	  0.663	  0.747	 -0.032

2 	  32.66	  -7.37	  22.75
	  0.429	  0.903	 -0.028
	 -0.904	  0.428	 -0.010
	  0.004	  0.030	  0.999

3 	  42.84	  -0.33	  -0.19
	  0.729	 -0.132	  0.671
	 -0.018	  0.977	  0.210
	 -0.685	 -0.166	  0.710

4 	  34.79	   5.84	  -2.90
	  0.087	  0.995	 -0.048
	 -0.607	  0.091	  0.790
	  0.790	 -0.040	  0.611

5 	  41.50	  12.36	   3.76
	  0.736	  0.677	 -0.006
	  0.559	 -0.602	  0.571
	  0.383	 -0.424	 -0.821

6 	  42.03	  10.58	  -6.50
	 -0.255	 -0.428	 -0.867
	  0.805	  0.402	 -0.436
	  0.536	 -0.808	  0.243

7 	  34.93	  -6.50	  -3.20
	  0.229	 -0.899	 -0.372
	  0.374	  0.434	 -0.819
	  0.898	  0.049	  0.436

8 	  41.27	 -15.28	  -0.26
	  0.580	 -0.758	 -0.298
	 -0.765	 -0.381	 -0.520
	  0.281	  0.529	 -0.800

9 	  43.14	 -18.18	 -11.67
	 -0.001	 -0.063	 -0.998
	 -0.748	  0.662	 -0.040
	  0.664	  0.746	 -0.049

2 	  32.68	  -7.35	  22.75
	  0.429	  0.903	 -0.028
	 -0.903	  0.428	 -0.010
	  0.004	  0.030	  0.999

3 	  42.82	  -0.33	  -0.18
	  0.728	 -0.130	  0.673
	 -0.025	  0.976	  0.214
	 -0.686	 -0.173	  0.707

4 	  34.79	   5.82	  -2.94
	  0.085	  0.995	 -0.051
	 -0.607	  0.092	  0.789
	  0.790	 -0.037	  0.611

5 	  41.50	  12.38	   3.73
	  0.734	  0.678	 -0.010
	  0.561	 -0.598	  0.573
	  0.384	 -0.427	 -0.819

6 	  42.03	  10.56	  -6.59
	 -0.253	 -0.433	 -0.865
	  0.803	  0.404	 -0.437
	  0.540	 -0.805	  0.247

7 	  34.98	  -6.50	  -3.20
	  0.236	 -0.899	 -0.370
	  0.373	  0.435	 -0.820
	  0.897	  0.056	  0.437

8 	  41.26	 -15.28	  -0.14
	  0.580	 -0.762	 -0.288
	 -0.761	 -0.381	 -0.526
	  0.292	  0.524	 -0.800

9 	  43.21	 -18.28	 -11.58
	  0.007	 -0.071	 -0.997
	 -0.747	  0.662	 -0.052
	  0.665	  0.745	 -0.050

2 	  32.68	  -7.35	  22.75
	  0.429	  0.903	 -0.028
	 -0.904	  0.428	 -0.010
	  0.004	  0.030	  0.999

3 	  42.82	  -0.33	  -0.18
	  0.727	 -0.128	  0.674
	 -0.028	  0.976	  0.215
	 -0.686	 -0.176	  0.706

4 	  34.75	   5.80	  -2.94
	  0.085	  0.995	 -0.052
	 -0.607	  0.093	  0.789
	  0.790	 -0.036	  0.612

5 	  41.52	  12.41	   3.69
	  0.734	  0.679	 -0.012
	  0.562	 -0.595	  0.574
	  0.384	 -0.429	 -0.818

6 	  42.01	  10.53	  -6.64
	 -0.254	 -0.439	 -0.862
	  0.799	  0.406	 -0.442
	  0.545	 -0.801	  0.248

7 	  34.95	  -6.52	  -3.20
	  0.237	 -0.898	 -0.370
	  0.372	  0.435	 -0.820
	  0.897	  0.057	  0.437

8 	  41.24	 -15.29	  -0.14
	  0.580	 -0.762	 -0.288
	 -0.761	 -0.381	 -0.526
	  0.292	  0.524	 -0.800

9 	  43.17	 -18.25	 -11.58
	  0.006	 -0.065	 -0.998
	 -0.746	  0.664	 -0.047
	  0.666	  0.744	 -0.046

2 	  32.68	  -7.35	  22.75
	  0.429	  0.903	 -0.029
	 -0.904	  0.428	 -0.010
	  0.004	  0.030	  0.999

3 	  42.80	  -0.35	  -0.16
	  0.727	 -0.128	  0.674
	 -0.028	  0.976	  0.216
	 -0.686	 -0.176	  0.706

4 	  34.77	   5.80	  -2.95
	  0.089	  0.994	 -0.058
	 -0.608	  0.100	  0.787
	  0.789	 -0.035	  0.613

5 	  41.66	  12.43	   3.39
	  0.751	  0.660	 -0.025
	  0.538	 -0.589	  0.602
	  0.384	 -0.466	 -0.797

6 	  42.54	   9.95	  -6.79
	 -0.216	 -0.481	 -0.850
	  0.811	  0.397	 -0.429
	  0.544	 -0.781	  0.305

7 	  34.98	  -6.54	  -3.22
	  0.237	 -0.900	 -0.366
	  0.385	  0.433	 -0.815
	  0.892	  0.052	  0.449

8 	  41.29	 -15.33	  -0.09
	  0.610	 -0.736	 -0.292
	 -0.729	 -0.379	 -0.569
	  0.309	  0.560	 -0.768

9 	  44.49	 -16.14	 -11.43
	  0.119	  0.153	 -0.981
	 -0.755	  0.655	  0.011
	  0.645	  0.739	  0.193

2 	  32.68	  -7.35	  22.73
	  0.429	  0.903	 -0.028
	 -0.903	  0.428	 -0.010
	  0.004	  0.030	  0.999

3 	  42.87	  -0.39	  -0.05
	  0.720	 -0.122	  0.683
	 -0.030	  0.978	  0.206
	 -0.694	 -0.168	  0.700

4 	  35.00	   5.70	  -3.16
	  0.122	  0.989	 -0.079
	 -0.608	  0.137	  0.782
	  0.785	 -0.048	  0.618

5 	  41.94	  12.36	   3.04
	  0.793	  0.609	  0.002
	  0.431	 -0.564	  0.704
	  0.431	 -0.558	 -0.709

6 	  44.21	   8.72	  -6.47
	 -0.065	 -0.594	 -0.802
	  0.860	  0.373	 -0.347
	  0.505	 -0.712	  0.487

7 	  35.30	  -6.63	  -3.32
	  0.270	 -0.890	 -0.368
	  0.411	  0.452	 -0.792
	  0.871	  0.062	  0.487

8 	  41.57	 -15.42	  -0.21
	  0.670	 -0.695	 -0.260
	 -0.625	 -0.338	 -0.704
	  0.402	  0.634	 -0.660

9 	  46.62	 -12.69	  -9.86
	  0.306	  0.510	 -0.804
	 -0.740	  0.658	  0.137
	  0.600	  0.553	  0.577

2 	  32.68	  -7.35	  22.75
	  0.429	  0.903	 -0.029
	 -0.904	  0.428	 -0.010
	  0.004	  0.030	  0.999

3 	  43.10	  -0.40	   0.05
	  0.711	 -0.119	  0.693
	 -0.020	  0.982	  0.188
	 -0.703	 -0.147	  0.695

4 	  35.54	   5.78	  -3.43
	  0.182	  0.982	 -0.057
	 -0.626	  0.159	  0.763
	  0.759	 -0.103	  0.643

5 	  42.35	  12.06	   3.30
	  0.838	  0.535	  0.106
	  0.256	 -0.558	  0.789
	  0.482	 -0.635	 -0.604

6 	  46.48	   7.58	  -5.08
	  0.090	 -0.673	 -0.734
	  0.973	  0.215	 -0.078
	  0.211	 -0.707	  0.675

7 	  35.68	  -6.70	  -3.43
	  0.296	 -0.890	 -0.348
	  0.464	  0.452	 -0.762
	  0.835	  0.063	  0.546

8 	  41.85	 -15.36	   0.23
	  0.731	 -0.661	 -0.169
	 -0.479	 -0.321	 -0.817
	  0.487	  0.678	 -0.550

9 	  47.79	 -10.34	  -6.84
	  0.361	  0.729	 -0.582
	 -0.733	  0.607	  0.307
	  0.579	  0.316	  0.751

2 	  32.68	  -7.35	  22.73
	  0.429	  0.903	 -0.029
	 -0.904	  0.428	 -0.010
	  0.004	  0.030	  0.999

3 	  43.42	  -0.49	   0.18
	  0.701	 -0.132	  0.700
	  0.012	  0.985	  0.173
	 -0.713	 -0.114	  0.692

4 	  36.26	   5.92	  -3.46
	  0.235	  0.972	  0.009
	 -0.666	  0.154	  0.730
	  0.709	 -0.177	  0.683

5 	  42.66	  11.55	   4.32
	  0.854	  0.463	  0.236
	  0.098	 -0.590	  0.801
	  0.511	 -0.661	 -0.549

6 	  47.78	   6.66	  -3.15
	  0.186	 -0.691	 -0.699
	  0.980	  0.179	  0.084
	  0.066	 -0.700	  0.710

7 	  36.18	  -7.01	  -3.45
	  0.318	 -0.907	 -0.277
	  0.534	  0.412	 -0.738
	  0.783	  0.086	  0.615

8 	  42.24	 -15.29	   1.51
	  0.784	 -0.620	 -0.036
	 -0.333	 -0.370	 -0.867
	  0.524	  0.692	 -0.496

9 	  48.38	  -9.02	  -3.78
	  0.347	  0.830	 -0.437
	 -0.800	  0.505	  0.325
	  0.491	  0.238	  0.838

2 	  32.68	  -7.35	  22.73
	  0.428	  0.903	 -0.029
	 -0.904	  0.427	 -0.010
	  0.004	  0.030	  0.999

3 	  43.66	  -0.62	   0.33
	  0.684	 -0.125	  0.718
	  0.026	  0.989	  0.147
	 -0.729	 -0.083	  0.679

4 	  36.67	   5.94	  -3.48
	  0.248	  0.967	  0.062
	 -0.710	  0.137	  0.691
	  0.660	 -0.215	  0.720

5 	  42.26	  11.20	   5.38
	  0.826	  0.409	  0.387
	 -0.076	 -0.600	  0.796
	  0.559	 -0.686	 -0.465

6 	  48.20	   5.82	  -1.11
	  0.258	 -0.720	 -0.644
	  0.966	  0.192	  0.172
	 -0.001	 -0.666	  0.746

7 	  36.56	  -7.21	  -3.43
	  0.349	 -0.907	 -0.235
	  0.566	  0.403	 -0.719
	  0.748	  0.117	  0.653

8 	  42.40	 -15.43	   1.78
	  0.800	 -0.597	  0.046
	 -0.205	 -0.344	 -0.916
	  0.563	  0.724	 -0.398

9 	  48.80	  -8.31	  -1.53
	  0.360	  0.893	 -0.269
	 -0.833	  0.437	  0.340
	  0.423	  0.103	  0.900

2 	  32.68	  -7.35	  22.73
	  0.429	  0.903	 -0.029
	 -0.904	  0.428	 -0.010
	  0.004	  0.030	  0.999

3 	  43.77	  -0.65	   0.42
	  0.670	 -0.121	  0.732
	  0.030	  0.990	  0.135
	 -0.741	 -0.069	  0.667

4 	  36.86	   6.01	  -3.41
	  0.240	  0.966	  0.099
	 -0.738	  0.114	  0.665
	  0.631	 -0.233	  0.740

5 	  41.77	  11.04	   5.99
	  0.792	  0.382	  0.475
	 -0.172	 -0.608	  0.775
	  0.586	 -0.695	 -0.417

6 	  47.94	   5.57	   0.04
	  0.273	 -0.731	 -0.625
	  0.961	  0.176	  0.215
	 -0.048	 -0.659	  0.751

7 	  36.76	  -7.22	  -3.48
	  0.367	 -0.902	 -0.227
	  0.576	  0.411	 -0.706
	  0.730	  0.128	  0.670

8 	  42.45	 -15.52	   1.72
	  0.804	 -0.589	  0.082
	 -0.127	 -0.304	 -0.944
	  0.581	  0.749	 -0.319

9 	  48.76	  -7.96	  -0.46
	  0.332	  0.927	 -0.172
	 -0.861	  0.372	  0.347
	  0.386	  0.033	  0.922

2 	  32.66	  -7.37	  22.75
	  0.429	  0.903	 -0.028
	 -0.903	  0.428	 -0.010
	  0.004	  0.030	  0.999

3 	  43.80	  -0.60	   0.47
	  0.661	 -0.118	  0.740
	  0.025	  0.990	  0.135
	 -0.750	 -0.071	  0.658

4 	  36.86	   6.03	  -3.41
	  0.228	  0.968	  0.100
	 -0.744	  0.106	  0.659
	  0.628	 -0.225	  0.745

5 	  41.62	  11.16	   5.96
	  0.782	  0.392	  0.485
	 -0.186	 -0.598	  0.780
	  0.596	 -0.699	 -0.395

6 	  47.88	   5.62	   0.11
	  0.277	 -0.746	 -0.605
	  0.960	  0.186	  0.209
	 -0.044	 -0.639	  0.768

7 	  36.95	  -7.22	  -3.53
	  0.382	 -0.894	 -0.233
	  0.574	  0.426	 -0.699
	  0.725	  0.133	  0.676

8 	  42.66	 -15.57	   1.41
	  0.806	 -0.587	  0.072
	 -0.111	 -0.270	 -0.957
	  0.581	  0.763	 -0.282

9 	  48.87	  -7.80	  -0.42
	  0.316	  0.941	 -0.123
	 -0.864	  0.338	  0.373
	  0.394	 -0.011	  0.919

2 	  32.68	  -7.37	  22.73
	  0.429	  0.903	 -0.029
	 -0.903	  0.429	 -0.010
	  0.004	  0.030	  0.999

3 	  43.88	  -0.56	   0.47
	  0.655	 -0.116	  0.746
	  0.017	  0.990	  0.138
	 -0.755	 -0.078	  0.651

4 	  36.90	   6.01	  -3.50
	  0.228	  0.970	  0.087
	 -0.738	  0.113	  0.665
	  0.636	 -0.215	  0.741

5 	  41.78	  11.50	   5.54
	  0.789	  0.415	  0.453
	 -0.165	 -0.568	  0.806
	  0.593	 -0.710	 -0.380

6 	  47.85	   5.66	  -0.18
	  0.259	 -0.772	 -0.580
	  0.965	  0.189	  0.179
	 -0.029	 -0.607	  0.794

7 	  37.04	  -7.19	  -3.66
	  0.393	 -0.885	 -0.250
	  0.566	  0.446	 -0.693
	  0.725	  0.130	  0.676

8 	  42.79	 -15.68	   0.84
	  0.805	 -0.592	  0.039
	 -0.120	 -0.228	 -0.966
	  0.580	  0.773	 -0.255

9 	  48.90	  -7.77	  -0.63
	  0.311	  0.947	 -0.083
	 -0.863	  0.317	  0.394
	  0.400	 -0.050	  0.915

2 	  32.68	  -7.37	  22.73
	  0.429	  0.903	 -0.028
	 -0.903	  0.429	 -0.010
	  0.004	  0.030	  0.999

3 	  43.88	  -0.53	   0.47
	  0.650	 -0.120	  0.750
	  0.012	  0.989	  0.148
	 -0.760	 -0.087	  0.644

4 	  36.86	   6.01	  -3.50
	  0.225	  0.971	  0.082
	 -0.735	  0.113	  0.668
	  0.640	 -0.210	  0.739

5 	  41.77	  11.57	   5.50
	  0.789	  0.420	  0.448
	 -0.161	 -0.563	  0.810
	  0.594	 -0.710	 -0.377

6 	  47.85	   5.73	  -0.21
	  0.256	 -0.776	 -0.577
	  0.966	  0.192	  0.171
	 -0.022	 -0.601	  0.799

7 	  37.09	  -7.10	  -3.74
	  0.397	 -0.878	 -0.268
	  0.561	  0.462	 -0.687
	  0.727	  0.122	  0.675

8 	  42.77	 -15.71	   0.42
	  0.799	 -0.600	  0.013
	 -0.131	 -0.196	 -0.972
	  0.586	  0.775	 -0.236

9 	  48.85	  -7.84	  -0.91
	  0.307	  0.950	 -0.057
	 -0.857	  0.301	  0.418
	  0.415	 -0.079	  0.906

2 	  32.68	  -7.37	  22.73
	  0.429	  0.903	 -0.029
	 -0.903	  0.429	 -0.010
	  0.004	  0.030	  0.999

3 	  43.82	  -0.49	   0.49
	  0.648	 -0.123	  0.751
	  0.007	  0.988	  0.156
	 -0.762	 -0.096	  0.641

4 	  36.76	   6.05	  -3.46
	  0.216	  0.973	  0.076
	 -0.732	  0.109	  0.673
	  0.647	 -0.201	  0.735

5 	  41.73	  11.71	   5.38
	  0.791	  0.433	  0.432
	 -0.139	 -0.561	  0.816
	  0.597	 -0.705	 -0.384

6 	  47.74	   5.84	  -0.42
	  0.249	 -0.776	 -0.580
	  0.968	  0.197	  0.152
	 -0.004	 -0.599	  0.800

7 	  37.09	  -7.05	  -3.87
	  0.408	 -0.866	 -0.290
	  0.548	  0.485	 -0.681
	  0.731	  0.118	  0.672

8 	  42.84	 -15.75	  -0.12
	  0.798	 -0.603	 -0.021
	 -0.147	 -0.160	 -0.976
	  0.585	  0.782	 -0.216

9 	  48.83	  -7.77	  -1.16
	  0.298	  0.954	 -0.030
	 -0.853	  0.280	  0.440
	  0.429	 -0.105	  0.897

2 	  32.68	  -7.35	  22.75
	  0.429	  0.903	 -0.028
	 -0.903	  0.428	 -0.010
	  0.004	  0.030	  0.999

3 	  43.80	  -0.46	   0.51
	  0.648	 -0.124	  0.751
	  0.002	  0.987	  0.161
	 -0.762	 -0.103	  0.639

4 	  36.70	   6.03	  -3.46
	  0.214	  0.974	  0.072
	 -0.729	  0.109	  0.676
	  0.651	 -0.197	  0.733

5 	  41.71	  11.76	   5.33
	  0.792	  0.439	  0.424
	 -0.131	 -0.557	  0.820
	  0.597	 -0.704	 -0.384

6 	  47.71	   5.91	  -0.51
	  0.245	 -0.779	 -0.577
	  0.969	  0.201	  0.140
	  0.006	 -0.593	  0.805

7 	  37.12	  -7.03	  -3.88
	  0.411	 -0.863	 -0.294
	  0.547	  0.490	 -0.679
	  0.730	  0.118	  0.672

8 	  42.89	 -15.75	  -0.26
	  0.798	 -0.601	 -0.028
	 -0.148	 -0.151	 -0.977
	  0.583	  0.784	 -0.210

9 	  48.83	  -7.73	  -1.20
	  0.293	  0.956	 -0.019
	 -0.854	  0.270	  0.445
	  0.431	 -0.113	  0.895

2 	  32.68	  -7.37	  22.73
	  0.429	  0.903	 -0.029
	 -0.903	  0.429	 -0.010
	  0.004	  0.030	  0.999

3 	  43.79	  -0.46	   0.51
	  0.647	 -0.124	  0.752
	  0.000	  0.987	  0.162
	 -0.762	 -0.105	  0.638

4 	  36.70	   6.01	  -3.52
	  0.213	  0.975	  0.065
	 -0.726	  0.112	  0.678
	  0.654	 -0.191	  0.732

5 	  41.73	  11.87	   5.13
	  0.792	  0.451	  0.412
	 -0.125	 -0.542	  0.831
	  0.599	 -0.708	 -0.374

6 	  47.79	   5.87	  -0.58
	  0.252	 -0.798	 -0.547
	  0.967	  0.214	  0.134
	  0.010	 -0.563	  0.826

7 	  37.23	  -6.96	  -4.15
	  0.421	 -0.854	 -0.305
	  0.549	  0.507	 -0.664
	  0.722	  0.111	  0.682

8 	  42.91	 -15.70	  -0.58
	  0.794	 -0.607	 -0.035
	 -0.144	 -0.131	 -0.981
	  0.591	  0.783	 -0.191

9 	  48.76	  -7.80	  -1.39
	  0.288	  0.957	  0.031
	 -0.830	  0.232	  0.507
	  0.479	 -0.171	  0.861

2 	  32.68	  -7.37	  22.73
	  0.429	  0.903	 -0.028
	 -0.903	  0.429	 -0.010
	  0.004	  0.030	  0.999

3 	  43.84	  -0.53	   0.40
	  0.625	 -0.113	  0.772
	 -0.013	  0.988	  0.155
	 -0.781	 -0.107	  0.615

4 	  36.81	   5.43	  -4.38
	  0.193	  0.980	 -0.032
	 -0.732	  0.166	  0.660
	  0.653	 -0.104	  0.750

5 	  41.24	  12.80	   2.94
	  0.749	  0.570	  0.337
	 -0.123	 -0.382	  0.916
	  0.652	 -0.727	 -0.217

6 	  47.18	   6.06	  -1.56
	  0.276	 -0.885	 -0.375
	  0.957	  0.290	  0.018
	  0.092	 -0.364	  0.927

7 	  37.30	  -6.57	  -4.83
	  0.411	 -0.825	 -0.389
	  0.566	  0.564	 -0.601
	  0.715	  0.026	  0.698

8 	  42.28	 -15.98	  -2.81
	  0.741	 -0.656	 -0.141
	 -0.170	  0.020	 -0.985
	  0.650	  0.754	 -0.096

9 	  48.02	  -8.09	  -2.95
	  0.271	  0.949	  0.157
	 -0.822	  0.143	  0.551
	  0.501	 -0.278	  0.819

2 	  32.66	  -7.37	  22.75
	  0.429	  0.903	 -0.028
	 -0.903	  0.429	 -0.010
	  0.004	  0.030	  0.999

3 	  43.86	  -0.60	   0.33
	  0.607	 -0.115	  0.786
	 -0.019	  0.987	  0.159
	 -0.795	 -0.112	  0.596

4 	  36.79	   5.22	  -4.66
	  0.187	  0.979	 -0.079
	 -0.727	  0.191	  0.659
	  0.661	 -0.066	  0.747

5 	  41.19	  13.03	   2.02
	  0.745	  0.606	  0.278
	 -0.090	 -0.324	  0.942
	  0.661	 -0.726	 -0.187

6 	  46.86	   5.99	  -2.21
	  0.247	 -0.907	 -0.341
	  0.959	  0.278	 -0.045
	  0.136	 -0.316	  0.939

7 	  37.16	  -6.45	  -4.96
	  0.403	 -0.818	 -0.410
	  0.562	  0.574	 -0.595
	  0.723	  0.009	  0.691

8 	  42.15	 -15.89	  -3.29
	  0.732	 -0.656	 -0.181
	 -0.201	  0.045	 -0.979
	  0.650	  0.753	 -0.098

9 	  47.83	  -8.00	  -3.32
	  0.265	  0.950	  0.166
	 -0.843	  0.145	  0.518
	  0.469	 -0.277	  0.838

2 	  32.66	  -7.37	  22.75
	  0.429	  0.903	 -0.028
	 -0.904	  0.428	 -0.010
	  0.004	  0.030	  0.999

3 	  43.86	  -0.62	   0.32
	  0.608	 -0.119	  0.785
	 -0.013	  0.987	  0.159
	 -0.794	 -0.107	  0.598

4 	  36.83	   5.22	  -4.68
	  0.198	  0.977	 -0.080
	 -0.719	  0.199	  0.665
	  0.666	 -0.074	  0.742

5 	  41.36	  12.99	   1.99
	  0.751	  0.601	  0.272
	 -0.081	 -0.326	  0.942
	  0.656	 -0.729	 -0.197

6 	  47.02	   5.92	  -2.25
	  0.246	 -0.909	 -0.337
	  0.959	  0.279	 -0.053
	  0.142	 -0.310	  0.940

7 	  37.16	  -6.43	  -4.99
	  0.402	 -0.819	 -0.411
	  0.563	  0.574	 -0.595
	  0.723	  0.008	  0.690

8 	  42.13	 -15.89	  -3.29
	  0.732	 -0.657	 -0.182
	 -0.202	  0.047	 -0.978
	  0.651	  0.752	 -0.097

9 	  47.85	  -8.03	  -3.34
	  0.268	  0.950	  0.161
	 -0.846	  0.152	  0.511
	  0.461	 -0.273	  0.844

2 	  32.66	  -7.37	  22.75
	  0.429	  0.903	 -0.028
	 -0.903	  0.428	 -0.010
	  0.004	  0.029	  0.999

3 	  43.86	  -0.63	   0.30
	  0.610	 -0.120	  0.783
	 -0.011	  0.987	  0.159
	 -0.792	 -0.105	  0.601

4 	  36.81	   5.20	  -4.66
	  0.196	  0.977	 -0.080
	 -0.719	  0.198	  0.666
	  0.667	 -0.073	  0.741

5 	  41.36	  12.97	   2.00
	  0.751	  0.604	  0.266
	 -0.070	 -0.329	  0.941
	  0.657	 -0.725	 -0.206

6 	  47.06	   5.89	  -2.29
	  0.252	 -0.907	 -0.337
	  0.956	  0.287	 -0.058
	  0.150	 -0.307	  0.940

7 	  37.18	  -6.43	  -4.99
	  0.402	 -0.819	 -0.410
	  0.563	  0.573	 -0.595
	  0.723	  0.008	  0.691

8 	  42.13	 -15.89	  -3.27
	  0.730	 -0.659	 -0.183
	 -0.204	  0.047	 -0.978
	  0.653	  0.751	 -0.099

9 	  47.87	  -8.07	  -3.34
	  0.273	  0.949	  0.158
	 -0.844	  0.156	  0.513
	  0.463	 -0.273	  0.843

2 	  32.68	  -7.37	  22.73
	  0.429	  0.903	 -0.028
	 -0.903	  0.429	 -0.010
	  0.004	  0.030	  0.999

3 	  43.86	  -0.63	   0.30
	  0.610	 -0.120	  0.783
	 -0.010	  0.987	  0.159
	 -0.792	 -0.105	  0.601

4 	  36.77	   5.19	  -4.66
	  0.194	  0.978	 -0.081
	 -0.719	  0.197	  0.666
	  0.667	 -0.071	  0.741

5 	  41.34	  12.97	   2.06
	  0.748	  0.606	  0.268
	 -0.070	 -0.332	  0.941
	  0.660	 -0.722	 -0.207

6 	  47.11	   5.91	  -2.18
	  0.266	 -0.905	 -0.333
	  0.952	  0.301	 -0.058
	  0.153	 -0.302	  0.941

7 	  37.11	  -6.43	  -4.97
	  0.399	 -0.822	 -0.407
	  0.567	  0.569	 -0.596
	  0.721	  0.007	  0.692

8 	  41.99	 -15.98	  -3.16
	  0.722	 -0.669	 -0.174
	 -0.198	  0.042	 -0.979
	  0.663	  0.742	 -0.102

9 	  47.88	  -8.23	  -3.20
	  0.292	  0.944	  0.152
	 -0.843	  0.178	  0.508
	  0.453	 -0.276	  0.847

