% Calibrated with leiden_pols
% Positions are in centimeters
Data =[
 2    98.672   -22.661    59.340
 2     0.971    -0.240    -0.015
 2     0.239     0.969     0.047
 2     0.004    -0.051     0.999
 3   125.987    -1.330     2.981
 3     0.552    -0.068    -0.832
 3    -0.245     0.939    -0.240
 3     0.797     0.336     0.500
 4   114.335    15.383     0.344
 4     0.582    -0.753     0.309
 4     0.734     0.323    -0.596
 4     0.349     0.573     0.741
 5   116.331    19.736    23.925
 5     0.283    -0.306     0.910
 5     0.059    -0.940    -0.334
 5     0.957     0.147    -0.247
 6   126.124    23.971    42.086
 6     0.194    -0.554    -0.811
 6     0.086     0.831    -0.547
 6     0.977     0.034     0.208
 7   116.332   -19.411    -1.478
 7     0.729     0.649     0.217
 7    -0.658     0.579     0.480
 7     0.186    -0.493     0.850
 8   120.004   -26.349    20.010
 8     0.142     0.797     0.587
 8    -0.180    -0.562     0.807
 8     0.973    -0.220     0.064
 9   127.551   -28.601    39.562
 9     0.146     0.391    -0.910
 9    -0.129     0.918     0.373
 9     0.981     0.064     0.184
 2    98.672   -22.661    59.339
 2     0.971    -0.240    -0.015
 2     0.239     0.969     0.047
 2     0.004    -0.050     0.999
 3   126.178    -1.223     3.088
 3     0.547    -0.073    -0.834
 3    -0.244     0.939    -0.242
 3     0.801     0.335     0.495
 4   114.474    15.464     0.331
 4     0.579    -0.758     0.303
 4     0.735     0.323    -0.596
 4     0.354     0.567     0.743
 5   116.289    19.739    23.934
 5     0.280    -0.303     0.911
 5     0.056    -0.942    -0.329
 5     0.958     0.142    -0.246
 6   126.072    24.022    42.160
 6     0.194    -0.560    -0.807
 6     0.086     0.827    -0.553
 6     0.977     0.035     0.207
 7   116.508   -19.308    -1.436
 7     0.731     0.649     0.210
 7    -0.656     0.584     0.478
 7     0.188    -0.487     0.853
 8   120.158   -26.301    20.047
 8     0.139     0.803     0.579
 8    -0.180    -0.554     0.812
 8     0.974    -0.217     0.068
 9   127.572   -28.552    39.610
 9     0.144     0.386    -0.912
 9    -0.129     0.920     0.368
 9     0.981     0.066     0.181
 2    98.672   -22.661    59.365
 2     0.971    -0.240    -0.015
 2     0.239     0.969     0.047
 2     0.004    -0.050     0.999
 3   126.206    -1.171     3.133
 3     0.545    -0.076    -0.835
 3    -0.243     0.939    -0.244
 3     0.802     0.335     0.493
 4   114.476    15.516     0.354
 4     0.577    -0.760     0.302
 4     0.735     0.322    -0.596
 4     0.355     0.565     0.744
 5   116.298    19.741    23.918
 5     0.279    -0.301     0.912
 5     0.053    -0.943    -0.326
 5     0.959     0.138    -0.246
 6   126.072    24.021    42.159
 6     0.194    -0.562    -0.806
 6     0.085     0.826    -0.555
 6     0.977     0.036     0.207
 7   116.561   -19.306    -1.439
 7     0.731     0.649     0.211
 7    -0.655     0.583     0.480
 7     0.189    -0.489     0.851
 8   120.110   -26.250    20.099
 8     0.139     0.801     0.583
 8    -0.180    -0.558     0.809
 8     0.974    -0.217     0.067
 9   127.571   -28.605    39.610
 9     0.144     0.386    -0.912
 9    -0.130     0.920     0.368
 9     0.981     0.067     0.182
 2    98.672   -22.610    59.340
 2     0.971    -0.240    -0.015
 2     0.239     0.969     0.047
 2     0.004    -0.051     0.999
 3   126.180    -1.171     3.183
 3     0.546    -0.078    -0.835
 3    -0.243     0.938    -0.246
 3     0.802     0.336     0.493
 4   114.453    15.467     0.350
 4     0.576    -0.759     0.304
 4     0.735     0.320    -0.597
 4     0.356     0.567     0.742
 5   116.298    19.742    23.919
 5     0.279    -0.301     0.912
 5     0.054    -0.943    -0.327
 5     0.959     0.139    -0.246
 6   126.021    24.021    42.210
 6     0.194    -0.562    -0.806
 6     0.085     0.826    -0.555
 6     0.977     0.036     0.206
 7   116.440   -19.355    -1.390
 7     0.732     0.647     0.213
 7    -0.654     0.581     0.484
 7     0.190    -0.493     0.849
 8   120.002   -26.300    20.163
 8     0.141     0.798     0.586
 8    -0.180    -0.561     0.807
 8     0.973    -0.219     0.065
 9   127.548   -28.553    39.637
 9     0.145     0.389    -0.910
 9    -0.130     0.919     0.371
 9     0.981     0.066     0.183
 2    98.672   -22.661    59.339
 2     0.971    -0.240    -0.015
 2     0.239     0.969     0.046
 2     0.004    -0.050     0.999
 3   126.081    -1.221     3.183
 3     0.546    -0.076    -0.835
 3    -0.242     0.939    -0.244
 3     0.802     0.335     0.494
 4   114.448    15.465     0.356
 4     0.577    -0.758     0.304
 4     0.736     0.322    -0.595
 4     0.354     0.567     0.744
 5   116.290    19.739    23.938
 5     0.280    -0.304     0.911
 5     0.057    -0.942    -0.331
 5     0.958     0.144    -0.245
 6   126.072    24.021    42.160
 6     0.193    -0.560    -0.807
 6     0.085     0.827    -0.553
 6     0.977     0.035     0.206
 7   116.467   -19.456    -1.393
 7     0.731     0.648     0.211
 7    -0.654     0.580     0.484
 7     0.191    -0.492     0.849
 8   120.104   -26.436    20.101
 8     0.134     0.804     0.579
 8    -0.181    -0.554     0.812
 8     0.974    -0.213     0.071
 9   127.551   -28.601    39.639
 9     0.145     0.389    -0.911
 9    -0.128     0.919     0.371
 9     0.981     0.063     0.182
 2    98.672   -22.610    59.339
 2     0.971    -0.240    -0.015
 2     0.239     0.969     0.046
 2     0.004    -0.050     0.999
 3   126.355    -1.168     3.183
 3     0.547    -0.080    -0.833
 3    -0.238     0.940    -0.246
 3     0.802     0.333     0.495
 4   114.685    15.416     0.175
 4     0.577    -0.763     0.292
 4     0.734     0.328    -0.593
 4     0.357     0.556     0.750
 5   116.290    19.741    23.913
 5     0.280    -0.304     0.911
 5     0.059    -0.941    -0.331
 5     0.958     0.145    -0.245
 6   126.072    24.021    42.160
 6     0.193    -0.560    -0.807
 6     0.085     0.827    -0.553
 6     0.977     0.035     0.206
 7   116.842   -19.400    -1.510
 7     0.737     0.646     0.198
 7    -0.647     0.591     0.482
 7     0.194    -0.483     0.853
 8   120.331   -26.386    19.984
 8     0.132     0.813     0.567
 8    -0.180    -0.542     0.820
 8     0.975    -0.210     0.076
 9   127.630   -28.528    39.616
 9     0.139     0.374    -0.918
 9    -0.128     0.925     0.356
 9     0.982     0.069     0.176
 2    98.672   -22.610    59.339
 2     0.971    -0.240    -0.015
 2     0.239     0.969     0.046
 2     0.004    -0.050     0.999
 3   126.423    -1.094     3.093
 3     0.549    -0.077    -0.832
 3    -0.239     0.940    -0.244
 3     0.800     0.333     0.498
 4   114.688    15.468     0.223
 4     0.577    -0.763     0.291
 4     0.734     0.329    -0.594
 4     0.358     0.556     0.750
 5   116.289    19.740    23.936
 5     0.279    -0.302     0.912
 5     0.057    -0.943    -0.328
 5     0.958     0.143    -0.245
 6   126.021    24.021    42.158
 6     0.193    -0.565    -0.804
 6     0.085     0.824    -0.557
 6     0.977     0.036     0.205
 7   116.840   -19.350    -1.507
 7     0.737     0.646     0.198
 7    -0.647     0.592     0.480
 7     0.193    -0.482     0.854
 8   120.329   -26.440    19.908
 8     0.129     0.815     0.565
 8    -0.178    -0.541     0.821
 8     0.975    -0.206     0.076
 9   127.680   -28.553    39.590
 9     0.139     0.374    -0.917
 9    -0.128     0.924     0.357
 9     0.982     0.069     0.176
 2    98.672   -22.610    59.339
 2     0.971    -0.240    -0.015
 2     0.239     0.969     0.046
 2     0.004    -0.050     0.999
 3   126.577    -1.043     3.088
 3     0.549    -0.076    -0.833
 3    -0.240     0.940    -0.243
 3     0.801     0.333     0.497
 4   114.903    15.520     0.165
 4     0.580    -0.766     0.278
 4     0.730     0.337    -0.594
 4     0.362     0.547     0.755
 5   116.332    19.766    23.890
 5     0.280    -0.314     0.908
 5     0.068    -0.936    -0.343
 5     0.957     0.156    -0.241
 6   125.979    24.028    42.116
 6     0.188    -0.575    -0.798
 6     0.085     0.817    -0.568
 6     0.978     0.036     0.201
 7   117.098   -19.346    -1.524
 7     0.736     0.649     0.192
 7    -0.647     0.592     0.479
 7     0.198    -0.477     0.856
 8   120.411   -26.392    19.946
 8     0.126     0.817     0.563
 8    -0.179    -0.539     0.823
 8     0.976    -0.204     0.079
 9   127.678   -28.554    39.615
 9     0.137     0.373    -0.918
 9    -0.127     0.925     0.356
 9     0.982     0.069     0.173
 2    98.672   -22.610    59.339
 2     0.971    -0.240    -0.015
 2     0.239     0.969     0.046
 2     0.004    -0.050     0.999
 3   126.846    -1.141     3.189
 3     0.540    -0.078    -0.839
 3    -0.243     0.939    -0.243
 3     0.806     0.335     0.488
 4   115.140    15.524     0.207
 4     0.580    -0.769     0.271
 4     0.728     0.339    -0.596
 4     0.366     0.542     0.756
 5   116.427    19.770    23.921
 5     0.276    -0.317     0.908
 5     0.065    -0.936    -0.344
 5     0.959     0.153    -0.237
 6   125.991    24.031    42.126
 6     0.186    -0.575    -0.798
 6     0.084     0.817    -0.568
 6     0.979     0.036     0.199
 7   117.151   -19.346    -1.475
 7     0.734     0.651     0.191
 7    -0.648     0.591     0.479
 7     0.199    -0.476     0.856
 8   120.415   -26.454    19.885
 8     0.116     0.819     0.562
 8    -0.176    -0.540     0.823
 8     0.977    -0.194     0.082
 9   127.678   -28.529    39.666
 9     0.137     0.372    -0.919
 9    -0.127     0.925     0.355
 9     0.982     0.069     0.173
 2    98.669   -22.611    59.342
 2     0.971    -0.240    -0.014
 2     0.239     0.969     0.046
 2     0.003    -0.049     0.999
 3   126.799    -1.167     3.234
 3     0.537    -0.078    -0.841
 3    -0.245     0.938    -0.244
 3     0.807     0.336     0.484
 4   115.278    15.474     0.247
 4     0.585    -0.768     0.263
 4     0.721     0.344    -0.600
 4     0.370     0.540     0.755
 5   116.375    19.835    23.664
 5     0.261    -0.335     0.906
 5     0.084    -0.927    -0.365
 5     0.961     0.170    -0.213
 6   126.046    24.031    42.005
 6     0.186    -0.564    -0.806
 6     0.085     0.825    -0.557
 6     0.979     0.032     0.200
 7   117.297   -19.277    -1.377
 7     0.751     0.634     0.186
 7    -0.627     0.596     0.501
 7     0.207    -0.493     0.845
 8   120.930   -26.485    19.378
 8     0.099     0.842     0.531
 8    -0.179    -0.510     0.841
 8     0.979    -0.178     0.101
 9   127.617   -28.927    39.444
 9     0.129     0.426    -0.896
 9    -0.147     0.901     0.406
 9     0.981     0.080     0.178
 2    98.672   -22.661    59.339
 2     0.971    -0.240    -0.015
 2     0.239     0.969     0.046
 2     0.004    -0.050     0.999
 3   126.918    -1.084     3.334
 3     0.530    -0.084    -0.844
 3    -0.242     0.939    -0.245
 3     0.812     0.334     0.477
 4   115.591    15.467     0.098
 4     0.589    -0.768     0.253
 4     0.722     0.359    -0.591
 4     0.363     0.530     0.766
 5   116.796    20.487    23.262
 5     0.249    -0.352     0.903
 5     0.142    -0.909    -0.391
 5     0.958     0.224    -0.176
 6   126.576    25.462    41.176
 6     0.201    -0.603    -0.774
 6     0.124     0.797    -0.589
 6     0.972     0.020     0.233
 7   117.423   -19.269    -1.095
 7     0.761     0.621     0.187
 7    -0.614     0.599     0.513
 7     0.206    -0.506     0.837
 8   122.809   -26.819    19.599
 8     0.205     0.795     0.572
 8    -0.209    -0.534     0.818
 8     0.956    -0.287     0.058
 9   132.017   -29.888    38.072
 9     0.245     0.432    -0.870
 9    -0.183     0.899     0.393
 9     0.952     0.064     0.298
 2    98.672   -22.610    59.339
 2     0.971    -0.240    -0.015
 2     0.239     0.969     0.046
 2     0.004    -0.050     0.999
 3   126.811    -1.153     3.323
 3     0.529    -0.079    -0.845
 3    -0.234     0.943    -0.235
 3     0.815     0.321     0.480
 4   115.068    15.168    -0.535
 4     0.608    -0.735     0.302
 4     0.741     0.389    -0.546
 4     0.284     0.555     0.781
 5   119.065    21.662    22.371
 5     0.391    -0.308     0.868
 5     0.215    -0.886    -0.410
 5     0.895     0.345    -0.280
 6   131.928    27.440    37.639
 6     0.378    -0.570    -0.732
 6     0.175     0.818    -0.546
 6     0.909     0.077     0.407
 7   116.911   -19.473    -1.195
 7     0.777     0.589     0.221
 7    -0.607     0.611     0.508
 7     0.164    -0.529     0.832
 8   125.863   -27.019    19.096
 8     0.408     0.721     0.561
 8    -0.220    -0.518     0.826
 8     0.886    -0.460    -0.052
 9   138.465   -29.540    34.599
 9     0.442     0.376    -0.816
 9    -0.182     0.926     0.326
 9     0.878     0.005     0.477
 2    98.672   -22.610    59.339
 2     0.971    -0.240    -0.015
 2     0.239     0.969     0.046
 2     0.004    -0.050     0.999
 3   126.561    -1.440     3.194
 3     0.542    -0.057    -0.839
 3    -0.234     0.948    -0.215
 3     0.807     0.313     0.499
 4   114.745    14.678    -1.196
 4     0.665    -0.659     0.351
 4     0.725     0.458    -0.513
 4     0.177     0.595     0.783
 5   122.343    22.561    20.994
 5     0.558    -0.286     0.779
 5     0.249    -0.838    -0.484
 5     0.791     0.464    -0.397
 6   137.953    27.526    32.925
 6     0.582    -0.454    -0.676
 6     0.161     0.878    -0.449
 6     0.796     0.152     0.584
 7   116.053   -19.517    -1.262
 7     0.780     0.568     0.265
 7    -0.616     0.620     0.486
 7     0.112    -0.542     0.833
 8   128.106   -26.711    18.134
 8     0.588     0.603     0.541
 8    -0.217    -0.525     0.822
 8     0.779    -0.600    -0.178
 9   143.406   -28.519    30.295
 9     0.608     0.315    -0.731
 9    -0.155     0.947     0.277
 9     0.779    -0.056     0.623
 2    98.672   -22.610    59.339
 2     0.971    -0.240    -0.015
 2     0.239     0.969     0.046
 2     0.004    -0.050     0.999
 3   126.354    -1.579     2.949
 3     0.555    -0.033    -0.831
 3    -0.237     0.951    -0.196
 3     0.797     0.305     0.520
 4   114.182    14.408    -1.625
 4     0.700    -0.592     0.401
 4     0.709     0.510    -0.487
 4     0.084     0.624     0.776
 5   124.826    23.056    19.371
 5     0.687    -0.240     0.687
 5     0.260    -0.801    -0.538
 5     0.678     0.548    -0.488
 6   142.038    27.380    28.226
 6     0.721    -0.359    -0.594
 6     0.141     0.913    -0.380
 6     0.678     0.191     0.709
 7   115.292   -19.316    -1.377
 7     0.784     0.540     0.307
 7    -0.619     0.640     0.455
 7     0.049    -0.546     0.836
 8   130.255   -26.279    16.417
 8     0.733     0.472     0.491
 8    -0.211    -0.527     0.822
 8     0.646    -0.706    -0.287
 9   147.426   -27.689    24.595
 9     0.750     0.269    -0.605
 9    -0.139     0.957     0.252
 9     0.646    -0.106     0.755
 2    98.672   -22.610    59.340
 2     0.971    -0.240    -0.015
 2     0.239     0.969     0.047
 2     0.004    -0.051     0.999
 3   126.136    -1.469     2.734
 3     0.569    -0.014    -0.823
 3    -0.243     0.952    -0.185
 3     0.785     0.305     0.538
 4   113.267    14.254    -1.720
 4     0.722    -0.517     0.461
 4     0.691     0.559    -0.458
 4    -0.021     0.648     0.760
 5   127.115    23.462    17.318
 5     0.807    -0.152     0.570
 5     0.256    -0.781    -0.568
 5     0.531     0.605    -0.593
 6   145.444    27.078    22.150
 6     0.854    -0.257    -0.452
 6     0.109     0.938    -0.328
 6     0.508     0.230     0.829
 7   114.486   -18.616    -1.706
 7     0.784     0.515     0.345
 7    -0.620     0.670     0.409
 7    -0.021    -0.534     0.844
 8   131.516   -25.567    14.241
 8     0.826     0.357     0.437
 8    -0.208    -0.526     0.824
 8     0.524    -0.772    -0.361
 9   149.496   -26.644    19.316
 9     0.840     0.233    -0.491
 9    -0.128     0.963     0.237
 9     0.526    -0.138     0.838
 2    98.672   -22.610    59.340
 2     0.971    -0.240    -0.015
 2     0.239     0.969     0.048
 2     0.004    -0.051     0.999
 3   125.939    -1.207     2.427
 3     0.586     0.007    -0.811
 3    -0.249     0.953    -0.172
 3     0.771     0.302     0.560
 4   112.255    13.873    -2.170
 4     0.728    -0.449     0.519
 4     0.674     0.606    -0.421
 4    -0.126     0.656     0.743
 5   128.492    23.675    14.852
 5     0.880    -0.082     0.469
 5     0.250    -0.758    -0.601
 5     0.404     0.646    -0.647
 6   147.088    26.402    16.576
 6     0.931    -0.164    -0.326
 6     0.072     0.958    -0.277
 6     0.357     0.234     0.904
 7   113.702   -18.375    -1.974
 7     0.779     0.490     0.391
 7    -0.619     0.695     0.364
 7    -0.094    -0.526     0.845
 8   132.520   -25.010    11.700
 8     0.901     0.250     0.354
 8    -0.186    -0.514     0.837
 8     0.390    -0.821    -0.417
 9   151.182   -25.363    13.084
 9     0.923     0.173    -0.345
 9    -0.101     0.970     0.219
 9     0.371    -0.168     0.912
 2    98.671   -22.612    59.343
 2     0.971    -0.239    -0.014
 2     0.238     0.969     0.048
 2     0.003    -0.052     0.999
 3   125.688    -1.146     1.918
 3     0.605     0.022    -0.796
 3    -0.249     0.955    -0.163
 3     0.756     0.296     0.583
 4   111.092    13.317    -2.431
 4     0.711    -0.412     0.570
 4     0.671     0.636    -0.379
 4    -0.207     0.652     0.729
 5   128.716    23.834    12.817
 5     0.915    -0.011     0.403
 5     0.261    -0.747    -0.611
 5     0.308     0.665    -0.681
 6   147.297    25.907    11.470
 6     0.978    -0.087    -0.190
 6     0.036     0.966    -0.256
 6     0.205     0.243     0.948
 7   112.784   -18.035    -2.124
 7     0.775     0.453     0.441
 7    -0.608     0.723     0.327
 7    -0.172    -0.521     0.836
 8   132.990   -24.559     9.103
 8     0.953     0.144     0.267
 8    -0.164    -0.496     0.852
 8     0.255    -0.856    -0.449
 9   151.528   -24.232     7.084
 9     0.971     0.116    -0.208
 9    -0.079     0.980     0.182
 9     0.224    -0.161     0.961
 2    98.671   -22.612    59.343
 2     0.971    -0.239    -0.014
 2     0.238     0.969     0.048
 2     0.003    -0.052     0.999
 3   125.049    -1.177     1.211
 3     0.646     0.040    -0.764
 3    -0.247     0.956    -0.159
 3     0.722     0.291     0.626
 4   109.629    13.015    -2.531
 4     0.691    -0.366     0.625
 4     0.665     0.659    -0.351
 4    -0.284     0.657     0.697
 5   128.707    23.840    10.744
 5     0.941     0.050     0.334
 5     0.262    -0.734    -0.626
 5     0.214     0.677    -0.704
 6   146.899    25.395     7.290
 6     0.996    -0.030    -0.083
 6     0.010     0.971    -0.237
 6     0.088     0.234     0.968
 7   111.530   -17.992    -1.916
 7     0.760     0.419     0.497
 7    -0.604     0.736     0.305
 7    -0.238    -0.532     0.812
 8   132.718   -24.556     7.046
 8     0.979     0.047     0.200
 8    -0.152    -0.490     0.858
 8     0.138    -0.870    -0.473
 9   150.966   -23.977     2.382
 9     0.992     0.086    -0.086
 9    -0.072     0.984     0.162
 9     0.098    -0.154     0.983
 2    98.671   -22.612    59.343
 2     0.971    -0.239    -0.014
 2     0.238     0.969     0.049
 2     0.003    -0.052     0.998
 3   124.479    -1.424     0.764
 3     0.674     0.061    -0.737
 3    -0.239     0.961    -0.140
 3     0.698     0.270     0.662
 4   108.672    12.375    -2.910
 4     0.676    -0.332     0.658
 4     0.653     0.681    -0.328
 4    -0.340     0.652     0.677
 5   128.473    23.617     9.146
 5     0.949     0.080     0.304
 5     0.266    -0.721    -0.640
 5     0.168     0.688    -0.706
 6   146.460    25.031     4.877
 6     0.999    -0.022    -0.041
 6     0.014     0.976    -0.216
 6     0.044     0.214     0.975
 7   110.700   -18.137    -1.845
 7     0.740     0.401     0.541
 7    -0.610     0.737     0.289
 7    -0.282    -0.544     0.789
 8   132.198   -24.979     5.888
 8     0.983    -0.014     0.179
 8    -0.163    -0.493     0.855
 8     0.076    -0.870    -0.487
 9   150.188   -24.743    -0.041
 9     0.995     0.097    -0.025
 9    -0.092     0.984     0.154
 9     0.039    -0.151     0.988
 2    98.721   -22.611    59.343
 2     0.971    -0.239    -0.014
 2     0.238     0.969     0.048
 2     0.003    -0.052     0.998
 3   124.211    -1.639     0.451
 3     0.691     0.074    -0.719
 3    -0.237     0.963    -0.128
 3     0.683     0.259     0.682
 4   108.156    11.991    -3.160
 4     0.669    -0.317     0.673
 4     0.646     0.694    -0.316
 4    -0.368     0.646     0.668
 5   128.286    23.310     8.128
 5     0.953     0.096     0.285
 5     0.265    -0.714    -0.648
 5     0.141     0.693    -0.707
 6   146.212    24.564     3.106
 6     1.000    -0.001    -0.007
 6    -0.001     0.978    -0.206
 6     0.007     0.206     0.978
 7   110.071   -18.169    -1.743
 7     0.724     0.391     0.569
 7    -0.615     0.738     0.276
 7    -0.312    -0.550     0.774
 8   131.758   -25.292     5.012
 8     0.984    -0.059     0.165
 8    -0.172    -0.490     0.854
 8     0.030    -0.870    -0.493
 9   149.508   -25.322    -1.961
 9     0.994     0.103     0.026
 9    -0.106     0.984     0.146
 9    -0.010    -0.148     0.989
 2    98.721   -22.662    59.343
 2     0.971    -0.239    -0.014
 2     0.238     0.969     0.049
 2     0.003    -0.052     0.998
 3   123.927    -1.801     0.147
 3     0.703     0.081    -0.707
 3    -0.233     0.965    -0.122
 3     0.671     0.250     0.697
 4   107.666    11.609    -3.463
 4     0.658    -0.305     0.688
 4     0.641     0.706    -0.301
 4    -0.395     0.639     0.660
 5   128.022    23.218     7.263
 5     0.954     0.109     0.278
 5     0.271    -0.704    -0.656
 5     0.124     0.701    -0.702
 6   145.868    24.264     1.827
 6     1.000     0.008     0.015
 6    -0.005     0.981    -0.194
 6    -0.016     0.194     0.981
 7   109.523   -18.205    -1.671
 7     0.708     0.373     0.599
 7    -0.613     0.745     0.261
 7    -0.349    -0.553     0.756
 8   131.211   -25.649     3.607
 8     0.983    -0.126     0.133
 8    -0.178    -0.484     0.857
 8    -0.044    -0.866    -0.498
 9   148.360   -25.706    -5.220
 9     0.988     0.100     0.114
 9    -0.115     0.985     0.126
 9    -0.099    -0.138     0.985
 2    98.673   -22.661    59.366
 2     0.971    -0.239    -0.015
 2     0.238     0.969     0.049
 2     0.004    -0.052     0.998
 3   123.676    -1.988    -0.068
 3     0.711     0.089    -0.697
 3    -0.235     0.965    -0.117
 3     0.662     0.246     0.707
 4   107.352    11.336    -3.692
 4     0.653    -0.297     0.697
 4     0.635     0.715    -0.292
 4    -0.412     0.633     0.655
 5   127.773    23.029     6.661
 5     0.955     0.116     0.272
 5     0.273    -0.698    -0.662
 5     0.113     0.707    -0.698
 6   145.560    23.813     0.820
 6     0.999     0.023     0.031
 6    -0.017     0.983    -0.183
 6    -0.035     0.182     0.982
 7   108.930   -18.201    -1.695
 7     0.686     0.355     0.635
 7    -0.610     0.755     0.238
 7    -0.395    -0.551     0.735
 8   130.521   -25.947     1.815
 8     0.972    -0.215     0.092
 8    -0.187    -0.476     0.859
 8    -0.141    -0.853    -0.503
 9   146.796   -26.211    -9.165
 9     0.970     0.102     0.219
 9    -0.127     0.987     0.099
 9    -0.206    -0.124     0.970
 2    98.671   -22.611    59.343
 2     0.971    -0.240    -0.015
 2     0.239     0.969     0.049
 2     0.003    -0.052     0.998
 3   123.410    -2.203    -0.317
 3     0.725     0.093    -0.683
 3    -0.233     0.965    -0.116
 3     0.648     0.242     0.721
 4   106.680    10.679    -4.033
 4     0.645    -0.292     0.706
 4     0.629     0.726    -0.276
 4    -0.433     0.622     0.652
 5   127.251    22.860     5.700
 5     0.953     0.135     0.269
 5     0.286    -0.685    -0.670
 5     0.093     0.716    -0.692
 6   144.843    23.556    -0.635
 6     0.997     0.031     0.064
 6    -0.019     0.985    -0.172
 6    -0.068     0.170     0.983
 7   108.369   -18.115    -1.680
 7     0.669     0.330     0.666
 7    -0.601     0.767     0.224
 7    -0.437    -0.550     0.711
 8   129.610   -26.286    -0.536
 8     0.958    -0.268     0.096
 8    -0.206    -0.419     0.884
 8    -0.197    -0.868    -0.457
 9   145.285   -26.519   -12.565
 9     0.948     0.106     0.300
 9    -0.136     0.987     0.079
 9    -0.288    -0.116     0.950
 2    98.671   -22.611    59.343
 2     0.971    -0.240    -0.014
 2     0.239     0.969     0.049
 2     0.003    -0.053     0.998
 3   123.258    -2.183    -0.516
 3     0.733     0.089    -0.675
 3    -0.230     0.965    -0.123
 3     0.640     0.245     0.728
 4   106.176    10.386    -4.118
 4     0.639    -0.294     0.712
 4     0.627     0.733    -0.261
 4    -0.446     0.613     0.652
 5   126.697    22.842     5.073
 5     0.951     0.158     0.264
 5     0.299    -0.674    -0.675
 5     0.071     0.721    -0.689
 6   144.084    23.427    -1.892
 6     0.995     0.038     0.094
 6    -0.023     0.987    -0.158
 6    -0.098     0.156     0.983
 7   107.785   -17.657    -1.826
 7     0.649     0.309     0.695
 7    -0.585     0.786     0.198
 7    -0.485    -0.535     0.691
 8   128.697   -26.198    -2.511
 8     0.941    -0.330     0.078
 8    -0.207    -0.376     0.903
 8    -0.268    -0.866    -0.422
 9   143.369   -26.129   -16.466
 9     0.916     0.120     0.382
 9    -0.141     0.990     0.026
 9    -0.375    -0.078     0.924
 2    98.719   -22.612    59.347
 2     0.971    -0.239    -0.014
 2     0.238     0.969     0.050
 2     0.002    -0.053     0.998
 3   122.994    -2.084    -0.732
 3     0.738     0.084    -0.670
 3    -0.227     0.965    -0.129
 3     0.636     0.247     0.731
 4   105.569    10.173    -4.186
 4     0.627    -0.296     0.721
 4     0.630     0.736    -0.246
 4    -0.458     0.608     0.647
 5   126.122    22.979     4.464
 5     0.948     0.181     0.261
 5     0.314    -0.665    -0.678
 5     0.051     0.724    -0.687
 6   143.203    23.365    -3.201
 6     0.990     0.049     0.131
 6    -0.029     0.988    -0.148
 6    -0.137     0.144     0.980
 7   107.061   -17.400    -1.949
 7     0.628     0.282     0.725
 7    -0.570     0.801     0.182
 7    -0.530    -0.527     0.664
 8   127.604   -25.959    -4.405
 8     0.919    -0.390     0.056
 8    -0.199    -0.338     0.920
 8    -0.340    -0.857    -0.388
 9   141.146   -25.577   -19.828
 9     0.881     0.127     0.455
 9    -0.137     0.990    -0.013
 9    -0.452    -0.051     0.890
 2    98.719   -22.612    59.346
 2     0.971    -0.240    -0.013
 2     0.239     0.969     0.050
 2     0.002    -0.053     0.998
 3   122.570    -2.192    -0.982
 3     0.745     0.083    -0.662
 3    -0.225     0.965    -0.133
 3     0.628     0.247     0.737
 4   104.734     9.690    -4.241
 4     0.615    -0.286     0.734
 4     0.623     0.746    -0.232
 4    -0.482     0.600     0.637
 5   125.524    22.722     3.379
 5     0.946     0.207     0.248
 5     0.322    -0.652    -0.686
 5     0.020     0.729    -0.684
 6   142.349    23.048    -4.911
 6     0.983     0.059     0.171
 6    -0.036     0.990    -0.133
 6    -0.177     0.125     0.976
 7   106.386   -17.305    -1.888
 7     0.606     0.262     0.751
 7    -0.567     0.804     0.176
 7    -0.558    -0.533     0.636
 8   126.512   -26.178    -5.565
 8     0.900    -0.433     0.053
 8    -0.208    -0.318     0.925
 8    -0.383    -0.843    -0.376
 9   139.440   -26.091   -21.693
 9     0.854     0.151     0.497
 9    -0.155     0.987    -0.035
 9    -0.496    -0.047     0.867
 2    98.717   -22.613    59.350
 2     0.971    -0.239    -0.013
 2     0.238     0.969     0.050
 2     0.001    -0.054     0.998
 3   122.152    -2.396    -1.386
 3     0.754     0.081    -0.652
 3    -0.213     0.969    -0.127
 3     0.621     0.234     0.747
 4   103.861     8.894    -4.370
 4     0.600    -0.281     0.749
 4     0.613     0.762    -0.206
 4    -0.513     0.583     0.629
 5   124.713    22.502     1.981
 5     0.940     0.248     0.233
 5     0.340    -0.628    -0.700
 5    -0.027     0.737    -0.675
 6   141.028    22.512    -7.430
 6     0.971     0.065     0.231
 6    -0.039     0.993    -0.111
 6    -0.236     0.100     0.966
 7   105.829   -17.501    -1.775
 7     0.585     0.255     0.770
 7    -0.578     0.797     0.174
 7    -0.570    -0.547     0.613
 8   125.434   -26.794    -6.074
 8     0.882    -0.467     0.065
 8    -0.229    -0.304     0.925
 8    -0.412    -0.831    -0.375
 9   137.748   -27.103   -22.926
 9     0.830     0.181     0.528
 9    -0.182     0.982    -0.050
 9    -0.527    -0.054     0.848
 2    98.667   -22.613    59.350
 2     0.971    -0.239    -0.013
 2     0.238     0.969     0.050
 2     0.001    -0.054     0.998
 3   121.860    -2.618    -1.572
 3     0.756     0.076    -0.651
 3    -0.203     0.971    -0.123
 3     0.623     0.224     0.749
 4   103.346     8.442    -4.517
 4     0.593    -0.277     0.756
 4     0.606     0.771    -0.194
 4    -0.530     0.573     0.625
 5   124.318    22.178     1.250
 5     0.938     0.262     0.225
 5     0.342    -0.617    -0.708
 5    -0.047     0.741    -0.669
 6   140.512    22.032    -8.525
 6     0.964     0.074     0.254
 6    -0.049     0.994    -0.099
 6    -0.259     0.084     0.962
 7   105.273   -17.397    -1.597
 7     0.567     0.242     0.787
 7    -0.576     0.799     0.170
 7    -0.588    -0.550     0.593
 8   124.336   -27.018    -7.144
 8     0.856    -0.512     0.066
 8    -0.239    -0.280     0.930
 8    -0.457    -0.812    -0.362
 9   135.891   -27.313   -24.557
 9     0.798     0.197     0.569
 9    -0.193     0.979    -0.069
 9    -0.570    -0.055     0.819
 2    98.667   -22.613    59.350
 2     0.971    -0.239    -0.013
 2     0.238     0.969     0.050
 2     0.001    -0.054     0.998
 3   121.692    -2.718    -1.637
 3     0.752     0.073    -0.656
 3    -0.205     0.970    -0.128
 3     0.626     0.230     0.744
 4   103.192     8.338    -4.510
 4     0.593    -0.275     0.757
 4     0.604     0.773    -0.193
 4    -0.532     0.571     0.624
 5   124.221    21.997     1.203
 5     0.940     0.259     0.222
 5     0.337    -0.616    -0.712
 5    -0.047     0.744    -0.667
 6   140.469    21.778    -8.529
 6     0.965     0.079     0.251
 6    -0.054     0.993    -0.099
 6    -0.257     0.083     0.963
 7   104.954   -17.319    -1.616
 7     0.553     0.226     0.802
 7    -0.568     0.806     0.165
 7    -0.609    -0.547     0.574
 8   123.297   -26.970    -8.116
 8     0.826    -0.560     0.062
 8    -0.243    -0.254     0.936
 8    -0.508    -0.789    -0.346
 9   133.655   -27.389   -26.672
 9     0.754     0.215     0.621
 9    -0.205     0.974    -0.089
 9    -0.624    -0.060     0.779
 2    98.667   -22.613    59.349
 2     0.971    -0.239    -0.013
 2     0.238     0.969     0.050
 2     0.001    -0.053     0.998
 3   121.506    -2.764    -1.786
 3     0.748     0.067    -0.661
 3    -0.203     0.970    -0.132
 3     0.631     0.232     0.739
 4   102.693     7.922    -4.527
 4     0.584    -0.282     0.762
 4     0.604     0.776    -0.177
 4    -0.542     0.563     0.623
 5   123.753    21.830     0.615
 5     0.935     0.277     0.221
 5     0.348    -0.605    -0.716
 5    -0.065     0.746    -0.662
 6   139.622    21.527    -9.577
 6     0.958     0.080     0.275
 6    -0.057     0.994    -0.090
 6    -0.280     0.072     0.957
 7   104.367   -17.176    -1.616
 7     0.531     0.195     0.824
 7    -0.555     0.815     0.165
 7    -0.640    -0.545     0.541
 8   121.802   -26.737    -9.714
 8     0.783    -0.620     0.048
 8    -0.231    -0.218     0.948
 8    -0.576    -0.754    -0.314
 9   130.996   -26.664   -29.134
 9     0.700     0.215     0.682
 9    -0.192     0.975    -0.109
 9    -0.688    -0.055     0.723
 2    98.667   -22.613    59.350
 2     0.971    -0.239    -0.013
 2     0.238     0.969     0.050
 2     0.001    -0.054     0.998
 3   121.101    -2.752    -1.995
 3     0.746     0.052    -0.664
 3    -0.190     0.972    -0.137
 3     0.638     0.228     0.735
 4   101.848     7.556    -4.490
 4     0.564    -0.289     0.774
 4     0.611     0.776    -0.156
 4    -0.556     0.561     0.613
 5   122.715    21.914    -0.040
 5     0.926     0.306     0.219
 5     0.366    -0.594    -0.716
 5    -0.089     0.744    -0.662
 6   138.428    21.856   -10.685
 6     0.949     0.070     0.306
 6    -0.047     0.995    -0.079
 6    -0.310     0.062     0.948
 7   103.991   -17.115    -1.505
 7     0.521     0.176     0.835
 7    -0.548     0.819     0.169
 7    -0.654    -0.546     0.523
 8   121.291   -26.678   -10.021
 8     0.774    -0.632     0.048
 8    -0.230    -0.208     0.951
 8    -0.590    -0.747    -0.306
 9   130.327   -26.731   -29.555
 9     0.690     0.226     0.688
 9    -0.201     0.972    -0.117
 9    -0.696    -0.057     0.716
 2    98.667   -22.613    59.350
 2     0.971    -0.239    -0.013
 2     0.238     0.969     0.050
 2     0.001    -0.054     0.998
 3   121.006    -2.696    -2.004
 3     0.746     0.045    -0.664
 3    -0.182     0.973    -0.139
 3     0.640     0.224     0.734
 4   101.714     7.376    -4.583
 4     0.559    -0.293     0.776
 4     0.613     0.775    -0.149
 4    -0.559     0.559     0.612
 5   122.543    21.865    -0.117
 5     0.925     0.307     0.224
 5     0.369    -0.590    -0.718
 5    -0.088     0.747    -0.659
 6   138.279    21.727   -10.679
 6     0.949     0.073     0.307
 6    -0.051     0.995    -0.077
 6    -0.311     0.059     0.948
 7   103.853   -17.254    -1.441
 7     0.510     0.173     0.842
 7    -0.549     0.819     0.164
 7    -0.662    -0.546     0.513
 8   120.759   -26.823   -10.242
 8     0.760    -0.648     0.052
 8    -0.235    -0.199     0.951
 8    -0.605    -0.735    -0.304
 9   129.439   -26.985   -30.021
 9     0.672     0.231     0.704
 9    -0.206     0.971    -0.122
 9    -0.711    -0.063     0.699
 2    98.665   -22.614    59.352
 2     0.971    -0.239    -0.012
 2     0.238     0.969     0.050
 2     0.000    -0.053     0.998
 3   121.086    -2.911    -2.089
 3     0.741     0.040    -0.670
 3    -0.173     0.976    -0.133
 3     0.649     0.214     0.730
 4   101.753     6.961    -4.731
 4     0.557    -0.296     0.776
 4     0.607     0.782    -0.138
 4    -0.566     0.547     0.616
 5   122.471    21.560    -0.342
 5     0.924     0.306     0.227
 5     0.371    -0.584    -0.722
 5    -0.088     0.752    -0.653
 6   138.255    21.188   -11.020
 6     0.947     0.083     0.310
 6    -0.063     0.995    -0.073
 6    -0.314     0.051     0.948
 7   103.665   -17.343    -1.350
 7     0.497     0.173     0.850
 7    -0.551     0.820     0.155
 7    -0.670    -0.546     0.503
 8   120.384   -27.017   -10.367
 8     0.748    -0.661     0.057
 8    -0.243    -0.192     0.951
 8    -0.618    -0.725    -0.304
 9   128.692   -27.490   -30.346
 9     0.657     0.243     0.714
 9    -0.218     0.967    -0.128
 9    -0.722    -0.071     0.688
 2    98.717   -22.613    59.350
 2     0.971    -0.239    -0.013
 2     0.238     0.969     0.050
 2     0.001    -0.054     0.998
 3   121.022    -2.983    -2.100
 3     0.738     0.039    -0.673
 3    -0.170     0.977    -0.130
 3     0.652     0.210     0.728
 4   101.616     6.831    -4.795
 4     0.553    -0.298     0.778
 4     0.607     0.783    -0.133
 4    -0.570     0.546     0.614
 5   122.370    21.458    -0.464
 5     0.923     0.307     0.231
 5     0.373    -0.579    -0.725
 5    -0.089     0.755    -0.649
 6   138.211    21.088   -11.026
 6     0.948     0.084     0.308
 6    -0.063     0.995    -0.072
 6    -0.312     0.050     0.948
 7   103.409   -17.236    -1.365
 7     0.483     0.168     0.859
 7    -0.546     0.825     0.146
 7    -0.684    -0.540     0.491
 8   119.640   -27.043   -10.774
 8     0.729    -0.681     0.066
 8    -0.250    -0.174     0.953
 8    -0.637    -0.711    -0.297
 9   127.365   -27.526   -31.199
 9     0.632     0.256     0.732
 9    -0.225     0.963    -0.142
 9    -0.741    -0.075     0.666
 2    98.667   -22.664    59.349
 2     0.971    -0.239    -0.013
 2     0.238     0.969     0.050
 2     0.001    -0.053     0.998
 3   120.925    -2.907    -2.104
 3     0.737     0.040    -0.675
 3    -0.172     0.976    -0.130
 3     0.653     0.211     0.726
 4   101.435     6.934    -4.775
 4     0.549    -0.298     0.781
 4     0.612     0.779    -0.133
 4    -0.570     0.551     0.609
 5   122.250    21.564    -0.397
 5     0.922     0.307     0.234
 5     0.376    -0.580    -0.723
 5    -0.086     0.755    -0.650
 6   137.933    21.189   -10.977
 6     0.948     0.085     0.307
 6    -0.063     0.995    -0.078
 6    -0.312     0.056     0.948
 7   102.943   -16.870    -1.292
 7     0.457     0.157     0.875
 7    -0.533     0.836     0.128
 7    -0.712    -0.526     0.466
 8   118.185   -26.821   -11.695
 8     0.688    -0.722     0.073
 8    -0.253    -0.144     0.957
 8    -0.680    -0.677    -0.281
 9   124.454   -27.304   -32.998
 9     0.576     0.268     0.772
 9    -0.225     0.960    -0.165
 9    -0.786    -0.079     0.613
 2    98.667   -22.613    59.350
 2     0.971    -0.239    -0.013
 2     0.238     0.969     0.050
 2     0.001    -0.054     0.998
 3   120.585    -2.908    -2.288
 3     0.734     0.049    -0.677
 3    -0.175     0.977    -0.119
 3     0.655     0.206     0.726
 4   101.021     6.885    -4.675
 4     0.539    -0.299     0.788
 4     0.619     0.774    -0.130
 4    -0.572     0.557     0.602
 5   121.611    21.690    -0.342
 5     0.918     0.317     0.238
 5     0.386    -0.579    -0.718
 5    -0.090     0.751    -0.654
 6   137.385    21.437   -11.115
 6     0.946     0.079     0.314
 6    -0.055     0.995    -0.083
 6    -0.319     0.063     0.945
 7   101.760   -16.439    -1.107
 7     0.377     0.143     0.915
 7    -0.510     0.857     0.076
 7    -0.773    -0.495     0.396
 8   114.713   -26.480   -13.573
 8     0.575    -0.813     0.093
 8    -0.256    -0.070     0.964
 8    -0.777    -0.578    -0.248
 9   117.673   -26.566   -36.118
 9     0.431     0.292     0.854
 9    -0.222     0.951    -0.212
 9    -0.875    -0.098     0.474
 2    98.667   -22.613    59.350
 2     0.971    -0.239    -0.013
 2     0.238     0.969     0.050
 2     0.001    -0.054     0.998
 3   120.306    -2.936    -2.353
 3     0.727     0.070    -0.683
 3    -0.189     0.977    -0.101
 3     0.660     0.202     0.723
 4   100.519     6.888    -4.461
 4     0.535    -0.295     0.792
 4     0.623     0.769    -0.135
 4    -0.570     0.566     0.595
 5   121.255    21.637    -0.290
 5     0.918     0.320     0.234
 5     0.385    -0.583    -0.715
 5    -0.092     0.747    -0.658
 6   136.896    21.533   -11.102
 6     0.944     0.079     0.319
 6    -0.052     0.995    -0.087
 6    -0.324     0.066     0.943
 7   100.789   -15.881    -0.880
 7     0.296     0.118     0.948
 7    -0.474     0.879     0.038
 7    -0.829    -0.461     0.316
 8   111.523   -25.613   -15.014
 8     0.454    -0.884     0.113
 8    -0.229     0.008     0.973
 8    -0.861    -0.468    -0.198
 9   111.689   -24.743   -38.153
 9     0.300     0.315     0.901
 9    -0.186     0.945    -0.268
 9    -0.936    -0.088     0.342
 2    98.670   -22.612    59.347
 2     0.971    -0.239    -0.014
 2     0.238     0.969     0.050
 2     0.002    -0.054     0.998
 3   120.146    -2.758    -2.367
 3     0.721     0.078    -0.688
 3    -0.194     0.976    -0.094
 3     0.664     0.201     0.719
 4   100.393     6.972    -4.478
 4     0.527    -0.302     0.795
 4     0.633     0.762    -0.131
 4    -0.567     0.572     0.592
 5   120.912    21.925    -0.129
 5     0.914     0.323     0.245
 5     0.396    -0.582    -0.711
 5    -0.087     0.746    -0.659
 6   136.676    21.895   -10.841
 6     0.947     0.071     0.314
 6    -0.044     0.995    -0.089
 6    -0.319     0.072     0.945
 7   100.243   -15.462    -0.475
 7     0.219     0.123     0.968
 7    -0.448     0.894    -0.012
 7    -0.867    -0.431     0.251
 8   108.298   -25.025   -15.525
 8     0.318    -0.933     0.169
