% Calibrated with leiden_pols
% Positions are in centimeters
Data =[
 2    98.672   -22.661    59.340
 2     0.971    -0.240    -0.015
 2     0.239     0.969     0.047
 2     0.004    -0.051     0.999
 3   125.987    -1.330     2.981
 3     0.552    -0.068    -0.832
 3    -0.245     0.939    -0.240
 3     0.797     0.336     0.500
 4   114.335    15.383     0.344
 4     0.582    -0.753     0.309
 4     0.734     0.323    -0.596
 4     0.349     0.573     0.741
 5   116.331    19.736    23.925
 5     0.283    -0.306     0.910
 5     0.059    -0.940    -0.334
 5     0.957     0.147    -0.247
 6   126.124    23.971    42.086
 6     0.194    -0.554    -0.811
 6     0.086     0.831    -0.547
 6     0.977     0.034     0.208
 7   116.332   -19.411    -1.478
 7     0.729     0.649     0.217
 7    -0.658     0.579     0.480
 7     0.186    -0.493     0.850
 8   120.004   -26.349    20.010
 8     0.142     0.797     0.587
 8    -0.180    -0.562     0.807
 8     0.973    -0.220     0.064
 9   127.551   -28.601    39.562
 9     0.146     0.391    -0.910
 9    -0.129     0.918     0.373
 9     0.981     0.064     0.184
 2    98.672   -22.661    59.339
 2     0.971    -0.240    -0.015
 2     0.239     0.969     0.047
 2     0.004    -0.050     0.999
 3   126.178    -1.223     3.088
 3     0.547    -0.073    -0.834
 3    -0.244     0.939    -0.242
 3     0.801     0.335     0.495
 4   114.474    15.464     0.331
 4     0.579    -0.758     0.303
 4     0.735     0.323    -0.596
 4     0.354     0.567     0.743
 5   116.289    19.739    23.934
 5     0.280    -0.303     0.911
 5     0.056    -0.942    -0.329
 5     0.958     0.142    -0.246
 6   126.072    24.022    42.160
 6     0.194    -0.560    -0.807
 6     0.086     0.827    -0.553
 6     0.977     0.035     0.207
 7   116.508   -19.308    -1.436
 7     0.731     0.649     0.210
 7    -0.656     0.584     0.478
 7     0.188    -0.487     0.853
 8   120.158   -26.301    20.047
 8     0.139     0.803     0.579
 8    -0.180    -0.554     0.812
 8     0.974    -0.217     0.068
 9   127.572   -28.552    39.610
 9     0.144     0.386    -0.912
 9    -0.129     0.920     0.368
 9     0.981     0.066     0.181
 2    98.672   -22.661    59.365
 2     0.971    -0.240    -0.015
 2     0.239     0.969     0.047
 2     0.004    -0.050     0.999
 3   126.206    -1.171     3.133
 3     0.545    -0.076    -0.835
 3    -0.243     0.939    -0.244
 3     0.802     0.335     0.493
 4   114.476    15.516     0.354
 4     0.577    -0.760     0.302
 4     0.735     0.322    -0.596
 4     0.355     0.565     0.744
 5   116.298    19.741    23.918
 5     0.279    -0.301     0.912
 5     0.053    -0.943    -0.326
 5     0.959     0.138    -0.246
 6   126.072    24.021    42.159
 6     0.194    -0.562    -0.806
 6     0.085     0.826    -0.555
 6     0.977     0.036     0.207
 7   116.561   -19.306    -1.439
 7     0.731     0.649     0.211
 7    -0.655     0.583     0.480
 7     0.189    -0.489     0.851
 8   120.110   -26.250    20.099
 8     0.139     0.801     0.583
 8    -0.180    -0.558     0.809
 8     0.974    -0.217     0.067
 9   127.571   -28.605    39.610
 9     0.144     0.386    -0.912
 9    -0.130     0.920     0.368
 9     0.981     0.067     0.182
 2    98.672   -22.610    59.340
 2     0.971    -0.240    -0.015
 2     0.239     0.969     0.047
 2     0.004    -0.051     0.999
 3   126.180    -1.171     3.183
 3     0.546    -0.078    -0.835
 3    -0.243     0.938    -0.246
 3     0.802     0.336     0.493
 4   114.453    15.467     0.350
 4     0.576    -0.759     0.304
 4     0.735     0.320    -0.597
 4     0.356     0.567     0.742
 5   116.298    19.742    23.919
 5     0.279    -0.301     0.912
 5     0.054    -0.943    -0.327
 5     0.959     0.139    -0.246
 6   126.021    24.021    42.210
 6     0.194    -0.562    -0.806
 6     0.085     0.826    -0.555
 6     0.977     0.036     0.206
 7   116.440   -19.355    -1.390
 7     0.732     0.647     0.213
 7    -0.654     0.581     0.484
 7     0.190    -0.493     0.849
 8   120.002   -26.300    20.163
 8     0.141     0.798     0.586
 8    -0.180    -0.561     0.807
 8     0.973    -0.219     0.065
 9   127.548   -28.553    39.637
 9     0.145     0.389    -0.910
 9    -0.130     0.919     0.371
 9     0.981     0.066     0.183
 2    98.672   -22.661    59.339
 2     0.971    -0.240    -0.015
 2     0.239     0.969     0.046
 2     0.004    -0.050     0.999
 3   126.081    -1.221     3.183
 3     0.546    -0.076    -0.835
 3    -0.242     0.939    -0.244
 3     0.802     0.335     0.494
 4   114.448    15.465     0.356
 4     0.577    -0.758     0.304
 4     0.736     0.322    -0.595
 4     0.354     0.567     0.744
 5   116.290    19.739    23.938
 5     0.280    -0.304     0.911
 5     0.057    -0.942    -0.331
 5     0.958     0.144    -0.245
 6   126.072    24.021    42.160
 6     0.193    -0.560    -0.807
 6     0.085     0.827    -0.553
 6     0.977     0.035     0.206
 7   116.467   -19.456    -1.393
 7     0.731     0.648     0.211
 7    -0.654     0.580     0.484
 7     0.191    -0.492     0.849
 8   120.104   -26.436    20.101
 8     0.134     0.804     0.579
 8    -0.181    -0.554     0.812
 8     0.974    -0.213     0.071
 9   127.551   -28.601    39.639
 9     0.145     0.389    -0.911
 9    -0.128     0.919     0.371
 9     0.981     0.063     0.182
 2    98.672   -22.610    59.339
 2     0.971    -0.240    -0.015
 2     0.239     0.969     0.046
 2     0.004    -0.050     0.999
 3   126.355    -1.168     3.183
 3     0.547    -0.080    -0.833
 3    -0.238     0.940    -0.246
 3     0.802     0.333     0.495
 4   114.685    15.416     0.175
 4     0.577    -0.763     0.292
 4     0.734     0.328    -0.593
 4     0.357     0.556     0.750
 5   116.290    19.741    23.913
 5     0.280    -0.304     0.911
 5     0.059    -0.941    -0.331
 5     0.958     0.145    -0.245
 6   126.072    24.021    42.160
 6     0.193    -0.560    -0.807
 6     0.085     0.827    -0.553
 6     0.977     0.035     0.206
 7   116.842   -19.400    -1.510
 7     0.737     0.646     0.198
 7    -0.647     0.591     0.482
 7     0.194    -0.483     0.853
 8   120.331   -26.386    19.984
 8     0.132     0.813     0.567
 8    -0.180    -0.542     0.820
 8     0.975    -0.210     0.076
 9   127.630   -28.528    39.616
 9     0.139     0.374    -0.918
 9    -0.128     0.925     0.356
 9     0.982     0.069     0.176
 2    98.672   -22.610    59.339
 2     0.971    -0.240    -0.015
 2     0.239     0.969     0.046
 2     0.004    -0.050     0.999
 3   126.423    -1.094     3.093
 3     0.549    -0.077    -0.832
 3    -0.239     0.940    -0.244
 3     0.800     0.333     0.498
 4   114.688    15.468     0.223
 4     0.577    -0.763     0.291
 4     0.734     0.329    -0.594
 4     0.358     0.556     0.750
 5   116.289    19.740    23.936
 5     0.279    -0.302     0.912
 5     0.057    -0.943    -0.328
 5     0.958     0.143    -0.245
 6   126.021    24.021    42.158
 6     0.193    -0.565    -0.804
 6     0.085     0.824    -0.557
 6     0.977     0.036     0.205
 7   116.840   -19.350    -1.507
 7     0.737     0.646     0.198
 7    -0.647     0.592     0.480
 7     0.193    -0.482     0.854
 8   120.329   -26.440    19.908
 8     0.129     0.815     0.565
 8    -0.178    -0.541     0.821
 8     0.975    -0.206     0.076
 9   127.680   -28.553    39.590
 9     0.139     0.374    -0.917
 9    -0.128     0.924     0.357
 9     0.982     0.069     0.176
 2    98.672   -22.610    59.339
 2     0.971    -0.240    -0.015
 2     0.239     0.969     0.046
 2     0.004    -0.050     0.999
 3   126.577    -1.043     3.088
 3     0.549    -0.076    -0.833
 3    -0.240     0.940    -0.243
 3     0.801     0.333     0.497
 4   114.903    15.520     0.165
 4     0.580    -0.766     0.278
 4     0.730     0.337    -0.594
 4     0.362     0.547     0.755
 5   116.332    19.766    23.890
 5     0.280    -0.314     0.908
 5     0.068    -0.936    -0.343
 5     0.957     0.156    -0.241
