% Calibrated with leiden_pols
% Positions are in centimeters
Data =[
 2    98.665   -22.619    59.311
 2     0.973    -0.229    -0.009
 2     0.228     0.972     0.053
 2    -0.002    -0.056     0.998
 3   125.038    -2.023     1.716
 3     0.573     0.015    -0.820
 3    -0.173     0.979    -0.104
 3     0.801     0.201     0.563
 4   109.109     9.943    -4.891
 4     0.554    -0.583     0.596
 4     0.803     0.561    -0.198
 4    -0.219     0.588     0.778
 5   115.585    26.345    10.815
 5     0.510    -0.165     0.845
 5     0.628    -0.599    -0.495
 5     0.587     0.783    -0.202
 6   131.184    16.330     8.903
 6     0.562     0.799    -0.216
 6    -0.818     0.498    -0.288
 6    -0.124     0.338     0.933
 7   110.027   -17.148    -3.632
 7     0.624     0.562     0.543
 7    -0.739     0.649     0.177
 7    -0.253    -0.511     0.821
 8   120.943   -33.921     6.786
 8     0.669     0.354     0.654
 8    -0.660    -0.121     0.741
 8     0.340    -0.928     0.151
 9   135.932   -19.868     7.783
 9     0.549    -0.812    -0.201
 9     0.811     0.574    -0.104
 9     0.198    -0.105     0.974
 2    98.665   -22.619    59.311
 2     0.973    -0.229    -0.009
 2     0.228     0.972     0.053
 2    -0.002    -0.056     0.998
 3   125.103    -2.072     1.466
 3     0.566     0.016    -0.825
 3    -0.176     0.979    -0.103
 3     0.805     0.203     0.556
 4   109.276     9.583    -5.394
 4     0.562    -0.565     0.605
 4     0.789     0.584    -0.187
 4    -0.247     0.582     0.774
 5   116.451    26.427     9.651
 5     0.539    -0.153     0.828
 5     0.638    -0.569    -0.519
 5     0.549     0.808    -0.210
 6   131.839    16.061     7.183
 6     0.545     0.817    -0.190
 6    -0.831     0.497    -0.249
 6    -0.110     0.293     0.949
 7   109.934   -16.750    -4.486
 7     0.624     0.549     0.557
 7    -0.725     0.672     0.149
 7    -0.292    -0.496     0.817
 8   121.625   -33.671     4.928
 8     0.695     0.322     0.644
 8    -0.657    -0.078     0.749
 8     0.291    -0.943     0.156
 9   136.262   -19.200     5.627
 9     0.527    -0.834    -0.167
 9     0.826     0.548    -0.131
 9     0.199    -0.069     0.977
 2    98.715   -22.669    59.310
 2     0.973    -0.230    -0.009
 2     0.228     0.972     0.053
 2    -0.002    -0.055     0.998
 3   125.295    -2.120     1.167
 3     0.559     0.019    -0.829
 3    -0.180     0.979    -0.099
 3     0.809     0.204     0.551
 4   109.475     9.380    -5.834
 4     0.568    -0.549     0.614
 4     0.777     0.602    -0.181
 4    -0.271     0.579     0.768
 5   117.277    26.503     8.857
 5     0.557    -0.155     0.817
 5     0.639    -0.549    -0.539
 5     0.530     0.821    -0.207
 6   132.556    15.714     6.618
 6     0.530     0.826    -0.192
 6    -0.842     0.488    -0.227
 6    -0.095     0.282     0.955
 7   110.234   -16.637    -4.940
 7     0.627     0.540     0.563
 7    -0.714     0.686     0.137
 7    -0.312    -0.487     0.815
 8   122.466   -33.647     3.628
 8     0.717     0.307     0.626
 8    -0.651    -0.028     0.759
 8     0.249    -0.951     0.178
 9   136.888   -18.578     4.295
 9     0.492    -0.858    -0.152
 9     0.839     0.512    -0.181
 9     0.232    -0.038     0.972
 2    98.665   -22.669    59.311
 2     0.973    -0.230    -0.009
 2     0.228     0.972     0.053
 2    -0.002    -0.056     0.998
 3   125.543    -2.288     1.067
 3     0.555     0.021    -0.832
 3    -0.173     0.981    -0.091
 3     0.814     0.194     0.547
 4   109.811     9.137    -6.053
 4     0.579    -0.541     0.611
 4     0.765     0.617    -0.179
 4    -0.281     0.571     0.771
 5   117.819    26.610     8.306
 5     0.569    -0.167     0.806
 5     0.640    -0.526    -0.559
 5     0.516     0.834    -0.193
 6   132.990    15.194     6.207
 6     0.513     0.835    -0.199
 6    -0.855     0.478    -0.199
 6    -0.072     0.272     0.959
 7   110.496   -16.761    -4.960
 7     0.639     0.527     0.561
 7    -0.702     0.697     0.144
 7    -0.316    -0.486     0.815
 8   123.235   -33.515     3.500
 8     0.741     0.297     0.602
 8    -0.628    -0.012     0.778
 8     0.238    -0.955     0.176
 9   137.076   -17.922     4.252
 9     0.470    -0.872    -0.141
 9     0.855     0.488    -0.175
 9     0.220    -0.039     0.974
 2    98.715   -22.669    59.311
 2     0.973    -0.229    -0.009
 2     0.228     0.972     0.053
 2    -0.002    -0.056     0.998
 3   125.505    -2.358     1.135
 3     0.553     0.023    -0.834
 3    -0.166     0.982    -0.083
 3     0.816     0.184     0.546
 4   109.988     9.059    -6.047
 4     0.584    -0.539     0.608
 4     0.761     0.622    -0.179
 4    -0.282     0.567     0.773
 5   117.968    26.488     8.365
 5     0.569    -0.182     0.803
 5     0.635    -0.524    -0.567
 5     0.523     0.832    -0.184
 6   133.103    14.969     6.516
 6     0.508     0.835    -0.213
 6    -0.859     0.472    -0.197
 6    -0.065     0.282     0.957
 7   110.367   -16.927    -4.703
 7     0.632     0.539     0.557
 7    -0.715     0.682     0.152
 7    -0.298    -0.494     0.816
 8   122.622   -33.628     4.303
 8     0.727     0.301     0.618
 8    -0.635    -0.046     0.770
 8     0.260    -0.952     0.157
 9   136.808   -18.558     4.733
 9     0.497    -0.857    -0.139
 9     0.845     0.514    -0.146
 9     0.196    -0.045     0.979
 2    98.715   -22.669    59.310
 2     0.973    -0.230    -0.009
 2     0.228     0.972     0.053
 2    -0.002    -0.055     0.998
 3   125.506    -2.409     1.187
 3     0.553     0.025    -0.834
 3    -0.166     0.983    -0.081
 3     0.816     0.183     0.546
 4   109.922     9.114    -5.982
 4     0.583    -0.543     0.606
 4     0.763     0.620    -0.180
 4    -0.278     0.567     0.775
 5   117.762    26.321     8.786
 5     0.565    -0.172     0.808
 5     0.631    -0.541    -0.555
 5     0.531     0.823    -0.198
 6   132.971    15.309     6.611
 6     0.534     0.820    -0.208
 6    -0.840     0.486    -0.239
 6    -0.096     0.301     0.948
 7   110.275   -16.927    -4.629
 7     0.627     0.543     0.559
 7    -0.720     0.677     0.151
 7    -0.296    -0.497     0.815
 8   122.088   -33.736     4.862
 8     0.710     0.228     0.668
 8    -0.661    -0.114     0.741
 8     0.244    -0.967     0.068
 9   136.774   -20.152     2.399
 9     0.573    -0.816    -0.074
 9     0.816     0.576    -0.034
 9     0.070    -0.041     0.996
 2    98.715   -22.669    59.310
 2     0.974    -0.229    -0.009
 2     0.228     0.972     0.053
 2    -0.002    -0.055     0.998
 3   125.445    -2.337     1.195
 3     0.555     0.022    -0.832
 3    -0.169     0.982    -0.087
 3     0.814     0.189     0.548
 4   109.525     9.331    -5.780
 4     0.561    -0.560     0.611
 4     0.782     0.599    -0.170
 4    -0.271     0.573     0.773
 5   117.019    26.097     9.280
 5     0.552    -0.061     0.831
 5     0.659    -0.579    -0.480
 5     0.510     0.812    -0.280
 6   132.737    18.060     5.177
 6     0.632     0.748    -0.206
 6    -0.744     0.511    -0.429
 6    -0.218     0.423     0.879
 7   110.193   -16.764    -4.620
 7     0.609     0.552     0.571
 7    -0.733     0.665     0.139
 7    -0.303    -0.503     0.809
 8   120.424   -34.190     5.669
 8     0.630     0.030     0.776
 8    -0.747    -0.251     0.616
 8     0.212    -0.968    -0.136
 9   135.746   -26.162    -2.109
 9     0.712    -0.702     0.017
 9     0.662     0.680     0.313
 9    -0.232    -0.211     0.949
 2    98.665   -22.669    59.311
 2     0.973    -0.229    -0.009
 2     0.228     0.972     0.053
 2    -0.002    -0.056     0.998
 3   125.242    -1.984     1.125
 3     0.556     0.024    -0.831
 3    -0.170     0.982    -0.085
 3     0.813     0.188     0.550
 4   109.163     9.336    -5.835
 4     0.546    -0.565     0.619
 4     0.792     0.587    -0.162
 4    -0.272     0.579     0.768
 5   116.359    26.283     9.504
 5     0.537    -0.012     0.843
 5     0.676    -0.593    -0.438
 5     0.504     0.805    -0.311
 6   132.292    20.099     4.935
 6     0.679     0.693    -0.245
 6    -0.663     0.438    -0.606
 6    -0.314     0.572     0.756
 7   110.176   -16.659    -4.685
 7     0.596     0.556     0.579
 7    -0.747     0.648     0.146
 7    -0.294    -0.520     0.801
 8   119.641   -33.767     7.495
 8     0.565    -0.189     0.804
 8    -0.792    -0.397     0.463
 8     0.232    -0.898    -0.373
 9   132.198   -32.987    -5.092
 9     0.699    -0.655     0.289
 9     0.396     0.690     0.605
 9    -0.595    -0.309     0.741
 2    98.712   -22.620    59.313
 2     0.973    -0.230    -0.008
 2     0.228     0.972     0.053
 2    -0.003    -0.055     0.998
 3   125.110    -1.821     0.952
 3     0.554     0.021    -0.833
 3    -0.159     0.984    -0.082
 3     0.817     0.178     0.548
 4   108.694     9.167    -5.913
 4     0.513    -0.587     0.627
 4     0.813     0.565    -0.137
 4    -0.274     0.579     0.767
 5   115.232    26.410     9.091
 5     0.505     0.049     0.862
 5     0.714    -0.584    -0.385
 5     0.484     0.810    -0.330
 6   131.359    22.140     4.393
 6     0.729     0.644    -0.235
 6    -0.582     0.404    -0.705
 6    -0.360     0.649     0.669
 7   110.429   -16.756    -4.695
 7     0.586     0.556     0.590
 7    -0.757     0.633     0.156
 7    -0.287    -0.538     0.792
 8   118.528   -33.985     7.770
 8     0.484    -0.296     0.824
 8    -0.844    -0.405     0.351
 8     0.231    -0.865    -0.445
 9   129.150   -38.885    -5.675
 9     0.658    -0.645     0.390
 9     0.150     0.618     0.771
 9    -0.738    -0.449     0.503
 2    98.665   -22.670    59.310
 2     0.973    -0.229    -0.009
 2     0.228     0.972     0.053
 2    -0.002    -0.055     0.998
 3   125.076    -1.733     0.957
 3     0.542     0.022    -0.841
 3    -0.154     0.985    -0.074
 3     0.826     0.169     0.536
 4   108.579     9.333    -5.889
 4     0.498    -0.600     0.628
 4     0.825     0.548    -0.131
 4    -0.266     0.583     0.767
 5   114.692    26.586     9.403
 5     0.475     0.047     0.879
 5     0.724    -0.588    -0.359
 5     0.499     0.807    -0.314
 6   131.400    23.830     5.410
 6     0.792     0.569    -0.227
 6    -0.493     0.377    -0.784
 6    -0.361     0.731     0.578
 7   110.464   -16.705    -4.695
 7     0.581     0.556     0.595
 7    -0.762     0.627     0.158
 7    -0.285    -0.545     0.788
 8   118.669   -33.588     8.317
 8     0.460    -0.366     0.810
 8    -0.855    -0.428     0.292
 8     0.240    -0.827    -0.509
 9   127.390   -43.385    -4.522
 9     0.546    -0.750     0.374
 9    -0.104     0.382     0.918
 9    -0.831    -0.540     0.131
 2    98.665   -22.669    59.311
 2     0.973    -0.229    -0.009
 2     0.228     0.972     0.053
 2    -0.002    -0.056     0.998
 3   125.043    -1.501     0.976
 3     0.533     0.013    -0.847
 3    -0.156     0.984    -0.083
 3     0.831     0.177     0.526
 4   108.562     9.609    -5.817
 4     0.484    -0.614     0.625
 4     0.839     0.526    -0.132
 4    -0.248     0.588     0.769
 5   114.130    26.571     9.724
 5     0.445     0.053     0.894
 5     0.726    -0.606    -0.326
 5     0.524     0.794    -0.308
 6   130.846    24.762     5.969
 6     0.817     0.544    -0.196
 6    -0.448     0.388    -0.805
 6    -0.363     0.744     0.560
 7   110.676   -16.428    -4.857
 7     0.585     0.549     0.598
 7    -0.757     0.633     0.160
 7    -0.291    -0.546     0.785
 8   118.911   -33.252     8.209
 8     0.453    -0.406     0.794
 8    -0.859    -0.433     0.268
 8     0.236    -0.804    -0.545
 9   126.852   -45.153    -4.304
 9     0.501    -0.768     0.399
 9    -0.214     0.336     0.917
 9    -0.838    -0.545     0.004
 2    98.665   -22.670    59.310
 2     0.974    -0.229    -0.009
 2     0.228     0.972     0.053
 2    -0.002    -0.055     0.998
 3   125.014    -1.190     0.887
 3     0.524     0.001    -0.852
 3    -0.156     0.983    -0.095
 3     0.837     0.183     0.515
 4   108.323     9.801    -5.847
 4     0.467    -0.625     0.626
 4     0.851     0.508    -0.127
 4    -0.239     0.592     0.769
 5   113.543    26.589    10.043
 5     0.424     0.073     0.902
 5     0.732    -0.614    -0.294
 5     0.532     0.785    -0.315
 6   130.217    25.799     6.066
 6     0.831     0.532    -0.166
 6    -0.403     0.373    -0.836
 6    -0.383     0.760     0.523
 7   110.663   -16.305    -4.970
 7     0.586     0.546     0.599
 7    -0.754     0.637     0.157
 7    -0.296    -0.544     0.785
 8   119.016   -33.049     8.154
 8     0.448    -0.431     0.784
 8    -0.864    -0.434     0.254
 8     0.231    -0.791    -0.566
 9   126.177   -45.612    -4.340
 9     0.458    -0.791     0.406
 9    -0.248     0.325     0.912
 9    -0.854    -0.518    -0.048
 2    98.665   -22.669    59.311
 2     0.973    -0.229    -0.009
 2     0.228     0.972     0.053
 2    -0.002    -0.056     0.998
 3   124.963    -1.140     0.835
 3     0.523    -0.001    -0.853
 3    -0.158     0.982    -0.098
 3     0.837     0.186     0.513
 4   108.154     9.911    -5.787
 4     0.458    -0.632     0.627
 4     0.858     0.497    -0.124
 4    -0.234     0.594     0.769
 5   113.147    26.546    10.131
 5     0.411     0.085     0.907
 5     0.737    -0.616    -0.276
 5     0.535     0.783    -0.316
 6   129.751    26.694     6.323
 6     0.846     0.510    -0.156
 6    -0.359     0.333    -0.872
 6    -0.393     0.792     0.464
 7   110.521   -16.059    -5.046
 7     0.583     0.545     0.604
 7    -0.753     0.640     0.150
 7    -0.304    -0.542     0.783
 8   118.904   -32.902     8.139
 8     0.443    -0.450     0.776
 8    -0.868    -0.428     0.248
 8     0.221    -0.784    -0.580
 9   125.542   -45.935    -4.612
 9     0.429    -0.804     0.412
 9    -0.266     0.323     0.908
 9    -0.863    -0.499    -0.075
 2    98.665   -22.670    59.362
 2     0.974    -0.229    -0.009
 2     0.228     0.972     0.053
 2    -0.002    -0.056     0.998
 3   124.838    -1.065     0.809
 3     0.523     0.000    -0.853
 3    -0.159     0.982    -0.097
 3     0.837     0.187     0.513
 4   107.977     9.964    -5.794
 4     0.451    -0.632     0.631
 4     0.861     0.492    -0.123
 4    -0.233     0.599     0.766
 5   112.851    26.655    10.169
 5     0.401     0.093     0.911
 5     0.741    -0.618    -0.264
 5     0.538     0.781    -0.317
 6   129.367    27.156     6.431
 6     0.855     0.498    -0.151
 6    -0.335     0.309    -0.890
 6    -0.397     0.810     0.429
 7   110.232   -15.917    -5.094
 7     0.576     0.544     0.610
 7    -0.755     0.639     0.143
 7    -0.312    -0.543     0.779
 8   118.475   -33.094     7.665
 8     0.432    -0.469     0.772
 8    -0.879    -0.410     0.242
 8     0.204    -0.783    -0.588
 9   124.751   -46.693    -5.056
 9     0.417    -0.804     0.424
 9    -0.296     0.320     0.899
 9    -0.859    -0.500    -0.104
 2    98.665   -22.669    59.311
 2     0.973    -0.229    -0.009
 2     0.228     0.972     0.053
 2    -0.002    -0.056     0.998
 3   124.753    -1.067     0.600
 3     0.528     0.005    -0.849
 3    -0.156     0.983    -0.091
 3     0.834     0.180     0.520
 4   107.554     9.810    -5.810
 4     0.437    -0.630     0.642
 4     0.867     0.484    -0.114
 4    -0.239     0.606     0.758
 5   112.261    26.607    10.021
 5     0.389     0.110     0.915
 5     0.750    -0.615    -0.245
 5     0.535     0.781    -0.322
 6   128.847    27.512     6.309
 6     0.858     0.496    -0.135
 6    -0.318     0.312    -0.895
 6    -0.402     0.810     0.424
 7   109.692   -15.984    -5.099
 7     0.560     0.546     0.625
 7    -0.763     0.632     0.132
 7    -0.323    -0.550     0.769
 8   117.413   -33.444     7.528
 8     0.400    -0.486     0.778
 8    -0.896    -0.386     0.218
 8     0.195    -0.784    -0.588
 9   123.176   -47.692    -5.101
 9     0.396    -0.798     0.454
 9    -0.329     0.338     0.881
 9    -0.857    -0.499    -0.129
 2    98.665   -22.670    59.310
 2     0.974    -0.229    -0.009
 2     0.228     0.972     0.053
 2    -0.002    -0.055     0.998
 3   124.255    -1.207     0.210
 3     0.547     0.015    -0.837
 3    -0.156     0.984    -0.085
 3     0.822     0.177     0.541
 4   106.665     9.727    -5.665
 4     0.423    -0.620     0.662
 4     0.871     0.478    -0.108
 4    -0.250     0.622     0.741
 5   111.476    26.502    10.085
 5     0.386     0.142     0.911
 5     0.758    -0.612    -0.226
 5     0.526     0.778    -0.344
 6   127.732    28.082     5.954
 6     0.859     0.503    -0.099
 6    -0.287     0.316    -0.905
 6    -0.424     0.804     0.414
 7   108.933   -16.097    -4.934
 7     0.549     0.539     0.639
 7    -0.766     0.628     0.129
 7    -0.332    -0.561     0.758
 8   116.837   -33.522     7.551
 8     0.395    -0.505     0.768
 8    -0.899    -0.383     0.210
 8     0.189    -0.774    -0.604
 9   122.321   -47.953    -5.111
 9     0.379    -0.804     0.460
 9    -0.341     0.340     0.876
 9    -0.860    -0.488    -0.146
 2    98.665   -22.670    59.310
 2     0.974    -0.229    -0.009
 2     0.228     0.972     0.053
 2    -0.002    -0.055     0.998
 3   123.818    -1.164     0.079
 3     0.562     0.011    -0.827
 3    -0.151     0.984    -0.089
 3     0.813     0.175     0.554
 4   106.178     9.758    -5.573
 4     0.405    -0.620     0.673
 4     0.879     0.464    -0.101
 4    -0.250     0.632     0.733
 5   110.912    26.385    10.240
 5     0.376     0.153     0.914
 5     0.759    -0.616    -0.209
 5     0.531     0.772    -0.348
 6   127.276    28.439     6.181
 6     0.863     0.498    -0.087
 6    -0.266     0.305    -0.915
 6    -0.430     0.811     0.394
 7   108.725   -16.000    -4.917
 7     0.548     0.533     0.645
 7    -0.765     0.630     0.129
 7    -0.337    -0.564     0.753
 8   116.763   -33.522     7.554
 8     0.396    -0.508     0.766
 8    -0.899    -0.384     0.209
 8     0.188    -0.771    -0.608
 9   122.336   -47.999    -5.117
 9     0.380    -0.805     0.457
 9    -0.347     0.333     0.876
 9    -0.858    -0.491    -0.153
 2    98.665   -22.619    59.311
 2     0.973    -0.229    -0.009
 2     0.228     0.972     0.053
 2    -0.002    -0.056     0.998
 3   123.766    -1.047     0.032
 3     0.569     0.013    -0.823
 3    -0.158     0.983    -0.094
 3     0.807     0.183     0.560
 4   106.138     9.914    -5.462
 4     0.407    -0.617     0.674
 4     0.880     0.462    -0.108
 4    -0.245     0.637     0.730
 5   110.923    26.439    10.453
 5     0.379     0.154     0.912
 5     0.755    -0.622    -0.209
 5     0.535     0.768    -0.352
 6   127.259    28.618     6.527
 6     0.865     0.495    -0.089
 6    -0.256     0.286    -0.923
 6    -0.432     0.820     0.373
 7   108.510   -15.782    -4.964
 7     0.541     0.535     0.650
 7    -0.767     0.630     0.120
 7    -0.345    -0.563     0.750
 8   116.402   -33.403     7.351
 8     0.388    -0.516     0.765
 8    -0.904    -0.374     0.205
 8     0.181    -0.771    -0.610
 9   121.710   -47.957    -5.283
 9     0.373    -0.801     0.469
 9    -0.351     0.345     0.870
 9    -0.859    -0.489    -0.152
 2    98.665   -22.619    59.311
 2     0.973    -0.229    -0.009
 2     0.228     0.972     0.053
 2    -0.002    -0.056     0.998
 3   123.741    -0.993     0.001
 3     0.559     0.017    -0.830
 3    -0.163     0.982    -0.090
 3     0.813     0.185     0.551
 4   106.207     9.998    -5.407
 4     0.406    -0.622     0.670
 4     0.882     0.456    -0.110
 4    -0.237     0.636     0.734
 5   110.786    26.352    10.641
 5     0.370     0.146     0.917
 5     0.750    -0.629    -0.202
 5     0.548     0.763    -0.343
 6   127.222    28.710     6.965
 6     0.873     0.481    -0.088
 6    -0.245     0.278    -0.929
 6    -0.422     0.831     0.359
 7   108.671   -15.832    -4.978
 7     0.536     0.544     0.647
 7    -0.773     0.624     0.116
 7    -0.340    -0.562     0.754
 8   116.318   -33.402     7.460
 8     0.378    -0.517     0.769
 8    -0.907    -0.374     0.193
 8     0.188    -0.770    -0.609
 9   121.405   -48.532    -4.708
 9     0.360    -0.797     0.485
 9    -0.382     0.348     0.855
 9    -0.851    -0.493    -0.179
 2    98.663   -22.620    59.262
 2     0.974    -0.229    -0.008
 2     0.228     0.972     0.053
 2    -0.003    -0.055     0.998
 3   124.166    -1.098     0.168
 3     0.535     0.017    -0.845
 3    -0.156     0.984    -0.079
 3     0.830     0.173     0.529
 4   106.675     9.879    -5.544
 4     0.403    -0.637     0.658
 4     0.885     0.452    -0.104
 4    -0.231     0.624     0.745
 5   110.908    26.311    10.630
 5     0.354     0.132     0.926
 5     0.753    -0.628    -0.198
 5     0.555     0.767    -0.322
 6   127.579    28.506     7.356
 6     0.881     0.462    -0.101
 6    -0.251     0.283    -0.926
 6    -0.399     0.840     0.365
 7   109.092   -15.925    -4.991
 7     0.534     0.559     0.635
 7    -0.779     0.616     0.113
 7    -0.328    -0.555     0.764
 8   116.454   -33.445     7.914
 8     0.368    -0.509     0.779
 8    -0.907    -0.381     0.179
 8     0.206    -0.772    -0.600
 9   122.333   -48.315    -4.438
 9     0.392    -0.778     0.491
 9    -0.370     0.355     0.858
 9    -0.842    -0.518    -0.149
 2    98.665   -22.619    59.311
 2     0.973    -0.229    -0.009
 2     0.228     0.972     0.053
 2    -0.002    -0.056     0.998
 3   124.649    -1.312     0.376
 3     0.514     0.021    -0.858
 3    -0.157     0.985    -0.070
 3     0.843     0.170     0.509
 4   107.743     9.638    -5.822
 4     0.438    -0.636     0.636
 4     0.868     0.482    -0.115
 4    -0.234     0.602     0.762
 5   112.362    26.333    10.008
 5     0.386     0.090     0.918
 5     0.746    -0.615    -0.253
 5     0.542     0.783    -0.305
 6   129.418    26.416     6.683
 6     0.856     0.492    -0.161
 6    -0.363     0.353    -0.862
 6    -0.367     0.795     0.480
 7   109.974   -16.113    -4.978
 7     0.551     0.557     0.621
 7    -0.770     0.625     0.122
 7    -0.320    -0.546     0.773
 8   117.629   -34.141     6.746
 8     0.408    -0.450     0.795
 8    -0.899    -0.348     0.263
 8     0.159    -0.822    -0.546
 9   125.873   -45.122    -7.275
 9     0.519    -0.736     0.436
 9    -0.155     0.420     0.894
 9    -0.841    -0.531     0.103
 2    98.665   -22.619    59.310
 2     0.973    -0.229    -0.009
 2     0.228     0.972     0.053
 2    -0.002    -0.055     0.998
 3   125.185    -1.533     0.737
 3     0.499     0.022    -0.867
 3    -0.160     0.985    -0.067
 3     0.851     0.172     0.494
 4   108.637     9.551    -5.982
 4     0.472    -0.628     0.619
 4     0.849     0.510    -0.130
 4    -0.235     0.587     0.774
 5   113.707    26.366     9.776
 5     0.419     0.037     0.907
 5     0.728    -0.610    -0.311
 5     0.542     0.791    -0.284
 6   130.884    24.487     6.751
 6     0.825     0.517    -0.233
 6    -0.458     0.371    -0.808
 6    -0.331     0.771     0.542
 7   110.566   -16.255    -5.050
 7     0.571     0.551     0.609
 7    -0.757     0.639     0.131
 7    -0.318    -0.536     0.782
 8   118.536   -34.638     5.465
 8     0.459    -0.365     0.811
 8    -0.881    -0.301     0.363
 8     0.112    -0.881    -0.458
 9   129.868   -40.564    -8.779
 9     0.643    -0.703     0.304
 9     0.098     0.469     0.878
 9    -0.759    -0.535     0.370
 2    98.663   -22.620    59.262
 2     0.973    -0.230    -0.008
 2     0.228     0.972     0.053
 2    -0.003    -0.055     0.998
 3   125.562    -1.653     1.008
 3     0.489     0.023    -0.872
 3    -0.161     0.985    -0.065
 3     0.857     0.172     0.485
 4   109.490     9.545    -6.082
 4     0.504    -0.620     0.603
 4     0.832     0.533    -0.147
 4    -0.231     0.575     0.784
 5   114.994    26.182     9.657
 5     0.448    -0.028     0.894
 5     0.701    -0.610    -0.370
 5     0.555     0.792    -0.254
 6   132.149    22.309     7.364
 6     0.781     0.552    -0.297
 6    -0.555     0.395    -0.732
 6    -0.287     0.734     0.614
 7   111.025   -16.441    -5.045
 7     0.590     0.549     0.593
 7    -0.746     0.650     0.141
 7    -0.308    -0.525     0.793
 8   119.406   -34.833     4.634
 8     0.514    -0.233     0.826
 8    -0.851    -0.255     0.458
 8     0.105    -0.938    -0.328
 9   134.538   -35.501    -7.299
 9     0.784    -0.604     0.149
 9     0.321     0.599     0.733
 9    -0.531    -0.526     0.663
 2    98.665   -22.670    59.310
 2     0.973    -0.230    -0.009
 2     0.228     0.972     0.053
 2    -0.002    -0.055     0.998
 3   125.737    -1.779     1.288
 3     0.490     0.021    -0.872
 3    -0.160     0.985    -0.066
 3     0.857     0.172     0.485
 4   109.914     9.567    -5.987
 4     0.530    -0.608     0.592
 4     0.817     0.551    -0.166
 4    -0.226     0.571     0.788
 5   116.252    25.949    10.027
 5     0.487    -0.071     0.871
 5     0.663    -0.619    -0.421
 5     0.568     0.782    -0.255
 6   133.103    20.162     7.750
 6     0.720     0.621    -0.315
 6    -0.641     0.423    -0.639
 6    -0.264     0.660     0.702
 7   111.116   -16.579    -4.813
 7     0.604     0.553     0.575
 7    -0.740     0.656     0.147
 7    -0.296    -0.514     0.805
 8   120.326   -34.725     4.382
 8     0.581    -0.061     0.812
 8    -0.804    -0.201     0.560
 8     0.129    -0.978    -0.165
 9   137.872   -29.513    -2.641
 9     0.819    -0.574    -0.032
 9     0.538     0.748     0.387
 9    -0.199    -0.333     0.922
 2    98.663   -22.670    59.262
 2     0.974    -0.229    -0.008
 2     0.228     0.972     0.053
 2    -0.003    -0.055     0.998
 3   125.824    -2.068     1.639
 3     0.502     0.019    -0.865
 3    -0.163     0.984    -0.073
 3     0.849     0.177     0.496
 4   110.210     9.661    -5.783
 4     0.557    -0.595     0.581
 4     0.800     0.570    -0.183
 4    -0.223     0.566     0.793
 5   117.176    25.888    10.364
 5     0.520    -0.124     0.845
 5     0.629    -0.615    -0.476
 5     0.578     0.778    -0.243
 6   133.535    18.027     8.397
 6     0.664     0.681    -0.311
 6    -0.718     0.466    -0.516
 6    -0.208     0.564     0.798
 7   110.988   -16.857    -4.416
 7     0.620     0.557     0.554
 7    -0.736     0.656     0.165
 7    -0.271    -0.510     0.816
 8   121.661   -34.130     5.320
 8     0.660     0.115     0.743
 8    -0.724    -0.168     0.669
 8     0.201    -0.979    -0.027
 9   138.924   -23.678     2.530
 9     0.740    -0.672    -0.028
 9     0.671     0.740    -0.036
 9     0.045     0.007     0.999
 2    98.663   -22.620    59.262
 2     0.973    -0.230    -0.008
 2     0.228     0.972     0.053
 2    -0.003    -0.055     0.998
 3   125.789    -2.024     1.905
 3     0.514     0.011    -0.858
 3    -0.162     0.983    -0.085
 3     0.842     0.183     0.506
 4   110.265     9.843    -5.577
 4     0.571    -0.592     0.570
 4     0.793     0.577    -0.195
 4    -0.213     0.562     0.798
 5   117.809    25.719    10.951
 5     0.536    -0.198     0.821
 5     0.587    -0.612    -0.530
 5     0.606     0.765    -0.213
 6   133.793    16.237     9.751
 6     0.614     0.726    -0.312
 6    -0.776     0.486    -0.400
 6    -0.141     0.486     0.862
 7   111.072   -16.836    -4.076
 7     0.635     0.558     0.536
 7    -0.730     0.658     0.180
 7    -0.252    -0.505     0.825
 8   122.638   -33.322     5.856
 8     0.706     0.252     0.662
 8    -0.659    -0.109     0.744
 8     0.259    -0.962     0.088
 9   139.249   -20.347     6.816
 9     0.659    -0.746    -0.099
 9     0.722     0.664    -0.194
 9     0.210     0.057     0.976
 2    98.712   -22.620    59.313
 2     0.973    -0.230    -0.008
 2     0.228     0.972     0.053
 2    -0.003    -0.055     0.998
 3   125.838    -1.966     2.135
 3     0.526     0.007    -0.851
 3    -0.175     0.979    -0.101
 3     0.832     0.202     0.516
 4   110.373    10.392    -5.053
 4     0.588    -0.589     0.555
 4     0.786     0.577    -0.221
 4    -0.190     0.565     0.802
 5   118.113    25.562    11.961
 5     0.542    -0.265     0.799
 5     0.543    -0.615    -0.571
 5     0.641     0.742    -0.190
 6   133.716    14.917    11.574
 6     0.582     0.740    -0.338
 6    -0.807     0.478    -0.344
 6    -0.094     0.472     0.876
 7   110.932   -16.767    -3.779
 7     0.645     0.560     0.521
 7    -0.728     0.658     0.193
 7    -0.234    -0.503     0.831
 8   123.697   -32.241     6.986
 8     0.740     0.339     0.582
 8    -0.589    -0.091     0.802
 8     0.325    -0.936     0.132
 9   139.221   -17.870     9.352
 9     0.599    -0.792    -0.124
 9     0.753     0.608    -0.249
 9     0.272     0.055     0.960
 2    98.665   -22.619    59.311
 2     0.973    -0.229    -0.009
 2     0.228     0.972     0.053
 2    -0.002    -0.056     0.998
 3   125.840    -1.798     2.279
 3     0.529    -0.001    -0.849
 3    -0.183     0.976    -0.115
 3     0.828     0.217     0.516
 4   110.557    10.820    -4.820
 4     0.595    -0.595     0.542
 4     0.787     0.567    -0.241
 4    -0.164     0.569     0.805
 5   118.032    25.345    12.740
 5     0.524    -0.322     0.789
 5     0.511    -0.622    -0.592
 5     0.681     0.713    -0.162
 6   133.551    14.158    13.295
 6     0.571     0.733    -0.372
 6    -0.819     0.478    -0.314
 6    -0.055     0.483     0.873
 7   111.132   -16.721    -3.606
 7     0.662     0.556     0.503
 7    -0.717     0.665     0.208
 7    -0.219    -0.499     0.838
 8   124.560   -31.236     8.070
 8     0.749     0.426     0.507
 8    -0.529    -0.075     0.845
 8     0.398    -0.901     0.168
 9   139.025   -15.846    12.531
 9     0.533    -0.824    -0.194
 9     0.775     0.566    -0.278
 9     0.338    -0.003     0.941
 2    98.665   -22.619    59.310
 2     0.973    -0.230    -0.009
 2     0.228     0.972     0.053
 2    -0.002    -0.055     0.998
 3   125.933    -1.700     2.511
 3     0.529    -0.005    -0.849
 3    -0.188     0.974    -0.122
 3     0.827     0.224     0.515
 4   111.035    11.328    -4.453
 4     0.611    -0.596     0.522
 4     0.781     0.562    -0.272
 4    -0.131     0.573     0.808
 5   118.342    25.151    13.664
 5     0.509    -0.393     0.768
 5     0.469    -0.621    -0.626
 5     0.722     0.678    -0.132
 6   133.480    12.891    15.522
 6     0.542     0.724    -0.428
 6    -0.840     0.463    -0.279
 6    -0.006     0.510     0.859
 7   111.389   -16.780    -3.586
 7     0.670     0.558     0.490
 7    -0.714     0.664     0.220
 7    -0.202    -0.496     0.844
 8   124.808   -30.833     8.973
 8     0.737     0.494     0.461
 8    -0.496    -0.067     0.865
 8     0.458    -0.867     0.195
 9   138.554   -15.042    14.751
 9     0.496    -0.835    -0.240
 9     0.780     0.549    -0.300
 9     0.381    -0.038     0.923
 2    98.665   -22.670    59.310
 2     0.973    -0.229    -0.009
 2     0.228     0.972     0.053
 2    -0.002    -0.055     0.998
 3   126.106    -1.708     2.689
 3     0.525     0.003    -0.852
 3    -0.201     0.972    -0.121
 3     0.827     0.234     0.510
 4   111.504    11.858    -4.048
 4     0.624    -0.598     0.505
 4     0.775     0.557    -0.299
 4    -0.102     0.577     0.810
 5   118.665    25.002    14.660
 5     0.494    -0.439     0.753
 5     0.435    -0.624    -0.648
 5     0.753     0.646    -0.118
 6   133.534    12.226    17.308
 6     0.532     0.706    -0.470
 6    -0.846     0.458    -0.269
 6     0.024     0.540     0.840
 7   111.540   -16.869    -3.450
 7     0.674     0.563     0.479
 7    -0.714     0.662     0.226
 7    -0.189    -0.494     0.848
 8   124.657   -30.566     9.934
 8     0.716     0.539     0.443
 8    -0.478    -0.084     0.874
 8     0.509    -0.838     0.197
 9   138.247   -14.696    16.613
 9     0.487    -0.823    -0.294
 9     0.775     0.560    -0.290
 9     0.402    -0.087     0.911
 2    98.665   -22.670    59.310
 2     0.974    -0.229    -0.009
 2     0.228     0.972     0.053
 2    -0.002    -0.055     0.998
 3   126.268    -1.771     2.783
 3     0.523     0.016    -0.853
 3    -0.215     0.970    -0.115
 3     0.824     0.243     0.510
 4   111.917    12.234    -3.588
 4     0.635    -0.600     0.489
 4     0.769     0.550    -0.323
 4    -0.075     0.581     0.810
 5   118.752    24.745    15.535
 5     0.481    -0.464     0.746
 5     0.411    -0.632    -0.656
 5     0.774     0.621    -0.113
 6   133.556    11.808    18.775
 6     0.533     0.685    -0.499
 6    -0.845     0.458    -0.273
 6     0.040     0.566     0.822
 7   111.837   -16.985    -3.383
 7     0.677     0.567     0.470
 7    -0.714     0.660     0.233
 7    -0.178    -0.493     0.851
 8   124.792   -30.256    10.575
 8     0.704     0.566     0.429
 8    -0.459    -0.099     0.883
 8     0.542    -0.818     0.189
 9   138.155   -14.337    17.429
 9     0.478    -0.822    -0.312
 9     0.780     0.559    -0.281
 9     0.404    -0.109     0.907
 2    98.665   -22.619    59.311
 2     0.973    -0.229    -0.009
 2     0.228     0.972     0.053
 2    -0.002    -0.056     0.998
 3   126.437    -1.724     2.840
 3     0.524     0.017    -0.852
 3    -0.219     0.969    -0.116
 3     0.823     0.247     0.511
 4   111.922    12.616    -2.804
 4     0.629    -0.610     0.484
 4     0.776     0.529    -0.341
 4    -0.048     0.589     0.806
 5   118.417    24.396    16.863
 5     0.464    -0.469     0.753
 5     0.386    -0.658    -0.646
 5     0.797     0.589    -0.124
 6   133.362    11.766    20.298
 6     0.554     0.653    -0.519
 6    -0.831     0.464    -0.303
 6     0.041     0.598     0.799
 7   112.066   -17.140    -3.047
 7     0.682     0.571     0.459
 7    -0.715     0.651     0.253
 7    -0.154    -0.500     0.851
 8   124.611   -30.015    11.817
 8     0.682     0.594     0.427
 8    -0.439    -0.133     0.888
 8     0.584    -0.793     0.170
 9   137.725   -14.093    19.028
 9     0.481    -0.804    -0.353
 9     0.782     0.574    -0.243
 9     0.395    -0.159     0.904
 2    98.665   -22.619    59.311
 2     0.973    -0.229    -0.009
 2     0.228     0.972     0.053
 2    -0.002    -0.056     0.998
 3   126.489    -1.722     2.841
 3     0.524     0.019    -0.852
 3    -0.217     0.969    -0.112
 3     0.823     0.244     0.512
 4   112.014    12.764    -2.510
 4     0.623    -0.620     0.480
 4     0.782     0.512    -0.354
 4    -0.027     0.594     0.803
 5   117.970    24.098    17.500
 5     0.440    -0.468     0.768
 5     0.374    -0.682    -0.628
 5     0.816     0.562    -0.124
 6   133.219    11.910    21.371
 6     0.584     0.610    -0.540
 6    -0.810     0.472    -0.343
 6     0.045     0.635     0.769
 7   112.192   -17.595    -2.781
 7     0.681     0.579     0.449
 7    -0.722     0.632     0.279
 7    -0.122    -0.514     0.849
 8   124.063   -29.793    13.185
 8     0.652     0.618     0.440
 8    -0.419    -0.190     0.887
 8     0.632    -0.763     0.134
 9   137.338   -14.191    20.631
 9     0.506    -0.766    -0.399
 9     0.775     0.605    -0.181
 9     0.378    -0.217     0.899
 2    98.665   -22.619    59.311
 2     0.973    -0.229    -0.009
 2     0.228     0.972     0.053
 2    -0.002    -0.056     0.998
 3   126.576    -1.818     2.834
 3     0.524     0.023    -0.851
 3    -0.211     0.972    -0.104
 3     0.825     0.234     0.514
 4   112.037    12.827    -2.364
 4     0.619    -0.626     0.476
 4     0.785     0.504    -0.359
 4    -0.016     0.595     0.802
 5   117.848    23.633    17.986
 5     0.432    -0.467     0.774
 5     0.358    -0.698    -0.619
 5     0.828     0.543    -0.134
 6   133.357    11.898    22.051
 6     0.617     0.559    -0.557
 6    -0.785     0.474    -0.395
 6     0.042     0.680     0.730
 7   112.133   -17.921    -2.402
 7     0.674     0.595     0.439
 7    -0.734     0.606     0.305
 7    -0.084    -0.528     0.844
 8   122.890   -28.843    15.396
 8     0.604     0.630     0.490
 8    -0.367    -0.324     0.871
 8     0.707    -0.706     0.035
 9   137.003   -14.498    22.316
 9     0.586    -0.651    -0.488
 9     0.750     0.659     0.023
 9     0.305    -0.378     0.872
 2    98.662   -22.620    59.313
 2     0.974    -0.229    -0.008
 2     0.228     0.972     0.053
 2    -0.003    -0.055     0.998
 3   126.454    -1.892     2.886
 3     0.526     0.026    -0.851
 3    -0.208     0.973    -0.099
 3     0.825     0.228     0.516
 4   112.223    13.160    -1.933
 4     0.630    -0.630     0.457
 4     0.776     0.493    -0.392
 4     0.021     0.600     0.799
 5   118.373    22.658    19.171
 5     0.437    -0.486     0.758
 5     0.298    -0.716    -0.630
 5     0.848     0.500    -0.168
 6   134.476    11.321    24.682
 6     0.658     0.451    -0.608
 6    -0.741     0.527    -0.413
 6     0.134     0.720     0.678
 7   112.820   -18.881    -1.581
 7     0.688     0.604     0.403
 7    -0.725     0.573     0.381
 7    -0.001    -0.554     0.832
 8   123.207   -27.152    17.985
 8     0.566     0.683     0.463
 8    -0.236    -0.402     0.884
 8     0.790    -0.609    -0.067
 9   138.561   -14.473    26.239
 9     0.650    -0.284    -0.710
 9     0.682     0.622     0.380
 9     0.335    -0.729     0.593
 2    98.665   -22.670    59.311
 2     0.974    -0.229    -0.009
 2     0.228     0.972     0.053
 2    -0.002    -0.056     0.998
 3   126.282    -2.161     3.106
 3     0.500     0.011    -0.866
 3    -0.214     0.970    -0.111
 3     0.839     0.241     0.487
 4   113.405    14.139    -1.247
 4     0.641    -0.661     0.391
 4     0.756     0.457    -0.468
 4     0.131     0.595     0.792
 5   119.707    20.006    21.667
 5     0.410    -0.620     0.672
 5     0.084    -0.706    -0.702
 5     0.908     0.343    -0.236
 6   135.536     9.818    30.379
 6     0.688     0.095    -0.721
 6    -0.678     0.434    -0.592
 6     0.259     0.896     0.359
 7   114.301   -19.666    -0.828
 7     0.734     0.596     0.326
 7    -0.673     0.576     0.463
 7     0.088    -0.559     0.824
 8   124.595   -24.938    20.090
 8     0.519     0.781     0.347
 8    -0.037    -0.385     0.922
 8     0.853    -0.492    -0.171
 9   139.419   -14.202    32.457
 9     0.653     0.209    -0.728
 9     0.645     0.350     0.679
 9     0.397    -0.913     0.093
];