% Calibrated with leiden_pols
% Positions are in centimeters
Data =[
 2    98.665   -22.619    59.311
 2     0.973    -0.229    -0.009
 2     0.228     0.972     0.053
 2    -0.002    -0.056     0.998
 3   125.038    -2.023     1.716
 3     0.573     0.015    -0.820
 3    -0.173     0.979    -0.104
 3     0.801     0.201     0.563
 4   109.109     9.943    -4.891
 4     0.554    -0.583     0.596
 4     0.803     0.561    -0.198
 4    -0.219     0.588     0.778
 5   115.585    26.345    10.815
 5     0.510    -0.165     0.845
 5     0.628    -0.599    -0.495
 5     0.587     0.783    -0.202
 6   131.184    16.330     8.903
 6     0.562     0.799    -0.216
 6    -0.818     0.498    -0.288
 6    -0.124     0.338     0.933
 7   110.027   -17.148    -3.632
 7     0.624     0.562     0.543
 7    -0.739     0.649     0.177
 7    -0.253    -0.511     0.821
 8   120.943   -33.921     6.786
 8     0.669     0.354     0.654
 8    -0.660    -0.121     0.741
 8     0.340    -0.928     0.151
 9   135.932   -19.868     7.783
 9     0.549    -0.812    -0.201
 9     0.811     0.574    -0.104
 9     0.198    -0.105     0.974
 2    98.665   -22.619    59.311
 2     0.973    -0.229    -0.009
 2     0.228     0.972     0.053
 2    -0.002    -0.056     0.998
 3   125.103    -2.072     1.466
 3     0.566     0.016    -0.825
 3    -0.176     0.979    -0.103
 3     0.805     0.203     0.556
 4   109.276     9.583    -5.394
 4     0.562    -0.565     0.605
 4     0.789     0.584    -0.187
 4    -0.247     0.582     0.774
 5   116.451    26.427     9.651
 5     0.539    -0.153     0.828
 5     0.638    -0.569    -0.519
 5     0.549     0.808    -0.210
 6   131.839    16.061     7.183
 6     0.545     0.817    -0.190
 6    -0.831     0.497    -0.249
 6    -0.110     0.293     0.949
 7   109.934   -16.750    -4.486
 7     0.624     0.549     0.557
 7    -0.725     0.672     0.149
 7    -0.292    -0.496     0.817
 8   121.625   -33.671     4.928
 8     0.695     0.322     0.644
 8    -0.657    -0.078     0.749
 8     0.291    -0.943     0.156
 9   136.262   -19.200     5.627
 9     0.527    -0.834    -0.167
 9     0.826     0.548    -0.131
 9     0.199    -0.069     0.977
 2    98.715   -22.669    59.310
 2     0.973    -0.230    -0.009
 2     0.228     0.972     0.053
 2    -0.002    -0.055     0.998
 3   125.295    -2.120     1.167
 3     0.559     0.019    -0.829
 3    -0.180     0.979    -0.099
 3     0.809     0.204     0.551
 4   109.475     9.380    -5.834
 4     0.568    -0.549     0.614
 4     0.777     0.602    -0.181
 4    -0.271     0.579     0.768
 5   117.277    26.503     8.857
 5     0.557    -0.155     0.817
 5     0.639    -0.549    -0.539
 5     0.530     0.821    -0.207
 6   132.556    15.714     6.618
 6     0.530     0.826    -0.192
 6    -0.842     0.488    -0.227
 6    -0.095     0.282     0.955
 7   110.234   -16.637    -4.940
 7     0.627     0.540     0.563
 7    -0.714     0.686     0.137
 7    -0.312    -0.487     0.815
 8   122.466   -33.647     3.628
 8     0.717     0.307     0.626
 8    -0.651    -0.028     0.759
 8     0.249    -0.951     0.178
 9   136.888   -18.578     4.295
 9     0.492    -0.858    -0.152
 9     0.839     0.512    -0.181
 9     0.232    -0.038     0.972
 2    98.665   -22.669    59.311
 2     0.973    -0.230    -0.009
 2     0.228     0.972     0.053
 2    -0.002    -0.056     0.998
 3   125.543    -2.288     1.067
 3     0.555     0.021    -0.832
 3    -0.173     0.981    -0.091
 3     0.814     0.194     0.547
 4   109.811     9.137    -6.053
 4     0.579    -0.541     0.611
 4     0.765     0.617    -0.179
 4    -0.281     0.571     0.771
 5   117.819    26.610     8.306
 5     0.569    -0.167     0.806
 5     0.640    -0.526    -0.559
 5     0.516     0.834    -0.193
 6   132.990    15.194     6.207
 6     0.513     0.835    -0.199
 6    -0.855     0.478    -0.199
 6    -0.072     0.272     0.959
 7   110.496   -16.761    -4.960
 7     0.639     0.527     0.561
 7    -0.702     0.697     0.144
 7    -0.316    -0.486     0.815
 8   123.235   -33.515     3.500
 8     0.741     0.297     0.602
 8    -0.628    -0.012     0.778
 8     0.238    -0.955     0.176
 9   137.076   -17.922     4.252
 9     0.470    -0.872    -0.141
 9     0.855     0.488    -0.175
 9     0.220    -0.039     0.974
 2    98.715   -22.669    59.311
 2     0.973    -0.229    -0.009
 2     0.228     0.972     0.053
 2    -0.002    -0.056     0.998
 3   125.505    -2.358     1.135
 3     0.553     0.023    -0.834
 3    -0.166     0.982    -0.083
 3     0.816     0.184     0.546
 4   109.988     9.059    -6.047
 4     0.584    -0.539     0.608
 4     0.761     0.622    -0.179
 4    -0.282     0.567     0.773
 5   117.968    26.488     8.365
 5     0.569    -0.182     0.803
 5     0.635    -0.524    -0.567
 5     0.523     0.832    -0.184
 6   133.103    14.969     6.516
 6     0.508     0.835    -0.213
 6    -0.859     0.472    -0.197
 6    -0.065     0.282     0.957
 7   110.367   -16.927    -4.703
 7     0.632     0.539     0.557
 7    -0.715     0.682     0.152
 7    -0.298    -0.494     0.816
 8   122.622   -33.628     4.303
 8     0.727     0.301     0.618
 8    -0.635    -0.046     0.770
 8     0.260    -0.952     0.157
 9   136.808   -18.558     4.733
 9     0.497    -0.857    -0.139
 9     0.845     0.514    -0.146
 9     0.196    -0.045     0.979
 2    98.715   -22.669    59.310
 2     0.973    -0.230    -0.009
 2     0.228     0.972     0.053
 2    -0.002    -0.055     0.998
 3   125.506    -2.409     1.187
 3     0.553     0.025    -0.834
 3    -0.166     0.983    -0.081
 3     0.816     0.183     0.546
 4   109.922     9.114    -5.982
 4     0.583    -0.543     0.606
 4     0.763     0.620    -0.180
 4    -0.278     0.567     0.775
 5   117.762    26.321     8.786
 5     0.565    -0.172     0.808
 5     0.631    -0.541    -0.555
 5     0.531     0.823    -0.198
 6   132.971    15.309     6.611
 6     0.534     0.820    -0.208
 6    -0.840     0.486    -0.239
 6    -0.096     0.301     0.948
 7   110.275   -16.927    -4.629
 7     0.627     0.543     0.559
 7    -0.720     0.677     0.151
 7    -0.296    -0.497     0.815
 8   122.088   -33.736     4.862
 8     0.710     0.228     0.668
 8    -0.661    -0.114     0.741
 8     0.244    -0.967     0.068
 9   136.774   -20.152     2.399
 9     0.573    -0.816    -0.074
 9     0.816     0.576    -0.034
 9     0.070    -0.041     0.996
 2    98.715   -22.669    59.310
 2     0.974    -0.229    -0.009
 2     0.228     0.972     0.053
 2    -0.002    -0.055     0.998
 3   125.445    -2.337     1.195
 3     0.555     0.022    -0.832
 3    -0.169     0.982    -0.087
 3     0.814     0.189     0.548
 4   109.525     9.331    -5.780
 4     0.561    -0.560     0.611
 4     0.782     0.599    -0.170
 4    -0.271     0.573     0.773
 5   117.019    26.097     9.280
 5     0.552    -0.061     0.831
 5     0.659    -0.579    -0.480
 5     0.510     0.812    -0.280
 6   132.737    18.060     5.177
 6     0.632     0.748    -0.206
 6    -0.744     0.511    -0.429
 6    -0.218     0.423     0.879
 7   110.193   -16.764    -4.620
 7     0.609     0.552     0.571
 7    -0.733     0.665     0.139
 7    -0.303    -0.503     0.809
 8   120.424   -34.190     5.669
 8     0.630     0.030     0.776
 8    -0.747    -0.251     0.616
 8     0.212    -0.968    -0.136
 9   135.746   -26.162    -2.109
 9     0.712    -0.702     0.017
 9     0.662     0.680     0.313
 9    -0.232    -0.211     0.949
 2    98.665   -22.669    59.311
 2     0.973    -0.229    -0.009
 2     0.228     0.972     0.053
 2    -0.002    -0.056     0.998
 3   125.242    -1.984     1.125
 3     0.556     0.024    -0.831
 3    -0.170     0.982    -0.085
 3     0.813     0.188     0.550
 4   109.163     9.336    -5.835
 4     0.546    -0.565     0.619
 4     0.792     0.587    -0.162
 4    -0.272     0.579     0.768
 5   116.359    26.283     9.504
 5     0.537    -0.012     0.843
 5     0.676    -0.593    -0.438
 5     0.504     0.805    -0.311
