% Calibrated with leiden_pols
% Positions are in centimeters
Data =[
 2    98.671   -22.662    59.343
 2     0.971    -0.240    -0.014
 2     0.239     0.969     0.049
 2     0.003    -0.053     0.998
 3   123.045    -2.035     1.481
 3     0.693    -0.043    -0.720
 3    -0.223     0.936    -0.271
 3     0.685     0.348     0.639
 4   108.980    13.379    -2.145
 4     0.811    -0.358     0.464
 4     0.561     0.697    -0.446
 4    -0.164     0.621     0.766
 5   128.756    15.242    15.536
 5     0.803    -0.590    -0.085
 5    -0.373    -0.388    -0.843
 5     0.464     0.708    -0.531
 6   135.425    -5.177    12.377
 6     0.112     0.674    -0.731
 6    -0.989     0.005    -0.145
 6    -0.094     0.739     0.667
 7   110.762   -18.695    -2.113
 7     0.803     0.369     0.468
 7    -0.561     0.734     0.383
 7    -0.202    -0.570     0.796
 8   130.033   -20.373    14.909
 8     0.724     0.683    -0.096
 8     0.199    -0.077     0.977
 8     0.660    -0.726    -0.192
 9   133.717     2.029    18.996
 9    -0.057    -0.490    -0.870
 9     0.983     0.125    -0.136
 9     0.176    -0.863     0.474
 2    98.671   -22.611    59.344
 2     0.971    -0.239    -0.014
 2     0.238     0.969     0.049
 2     0.003    -0.053     0.998
 3   123.048    -2.034     1.502
 3     0.692    -0.043    -0.720
 3    -0.224     0.936    -0.272
 3     0.686     0.349     0.638
 4   108.930    13.353    -2.145
 4     0.811    -0.358     0.463
 4     0.561     0.697    -0.446
 4    -0.164     0.621     0.766
 5   128.731    15.243    15.537
 5     0.804    -0.589    -0.086
 5    -0.372    -0.387    -0.844
 5     0.464     0.709    -0.530
 6   135.376    -5.228    12.428
 6     0.111     0.674    -0.731
 6    -0.989     0.005    -0.144
 6    -0.094     0.738     0.667
 7   110.741   -18.694    -2.068
 7     0.803     0.370     0.467
 7    -0.561     0.733     0.384
 7    -0.200    -0.570     0.797
 8   129.983   -20.373    14.909
 8     0.724     0.683    -0.096
 8     0.199    -0.077     0.977
 8     0.660    -0.726    -0.192
 9   133.664     2.028    18.999
 9    -0.057    -0.491    -0.870
 9     0.983     0.125    -0.135
 9     0.175    -0.862     0.474
 2    98.671   -22.611    59.343
 2     0.971    -0.240    -0.014
 2     0.239     0.969     0.049
 2     0.003    -0.053     0.998
 3   122.998    -2.035     1.552
 3     0.692    -0.045    -0.721
 3    -0.225     0.935    -0.273
 3     0.686     0.351     0.637
 4   108.932    13.379    -2.096
 4     0.811    -0.359     0.462
 4     0.561     0.697    -0.445
 4    -0.163     0.620     0.766
 5   128.728    15.242    15.591
 5     0.804    -0.589    -0.086
 5    -0.372    -0.387    -0.844
 5     0.463     0.709    -0.530
 6   135.376    -5.228    12.428
 6     0.111     0.674    -0.731
 6    -0.989     0.005    -0.144
 6    -0.094     0.738     0.667
 7   110.742   -18.694    -2.042
 7     0.803     0.370     0.467
 7    -0.561     0.733     0.384
 7    -0.200    -0.570     0.796
 8   130.033   -20.373    14.960
 8     0.724     0.683    -0.095
 8     0.198    -0.077     0.977
 8     0.660    -0.726    -0.191
 9   133.640     2.028    18.999
 9    -0.057    -0.490    -0.870
 9     0.983     0.125    -0.135
 9     0.175    -0.863     0.474
 2    98.671   -22.611    59.344
 2     0.971    -0.239    -0.014
 2     0.238     0.969     0.049
 2     0.003    -0.053     0.998
 3   122.954    -2.035     1.594
 3     0.689    -0.044    -0.724
 3    -0.228     0.934    -0.273
 3     0.688     0.353     0.633
 4   108.885    13.380    -2.049
 4     0.812    -0.359     0.462
 4     0.561     0.697    -0.446
 4    -0.162     0.621     0.766
 5   128.679    15.241    15.592
 5     0.804    -0.589    -0.088
 5    -0.373    -0.386    -0.844
 5     0.463     0.710    -0.529
 6   135.351    -5.228    12.428
 6     0.111     0.674    -0.731
 6    -0.989     0.005    -0.144
 6    -0.094     0.738     0.667
 7   110.741   -18.694    -2.043
 7     0.803     0.371     0.466
 7    -0.561     0.733     0.384
 7    -0.200    -0.570     0.797
 8   129.933   -20.374    14.985
 8     0.724     0.683    -0.094
 8     0.198    -0.078     0.977
 8     0.660    -0.726    -0.191
 9   133.638     2.053    19.053
 9    -0.056    -0.490    -0.870
 9     0.983     0.125    -0.134
 9     0.174    -0.863     0.474
 2    98.671   -22.611    59.344
 2     0.971    -0.239    -0.014
 2     0.238     0.969     0.049
 2     0.003    -0.053     0.998
 3   122.954    -2.036     1.594
 3     0.688    -0.043    -0.725
 3    -0.230     0.934    -0.273
 3     0.688     0.354     0.632
 4   108.885    13.380    -2.049
 4     0.812    -0.358     0.461
 4     0.561     0.697    -0.447
 4    -0.162     0.621     0.766
 5   128.679    15.190    15.592
 5     0.804    -0.589    -0.088
 5    -0.373    -0.386    -0.844
 5     0.463     0.710    -0.529
 6   135.353    -5.278    12.477
 6     0.110     0.674    -0.731
 6    -0.990     0.004    -0.143
 6    -0.093     0.738     0.667
 7   110.687   -18.698    -2.065
 7     0.799     0.378     0.467
 7    -0.566     0.734     0.375
 7    -0.201    -0.564     0.801
 8   129.856   -20.425    14.994
 8     0.726     0.682    -0.089
 8     0.198    -0.086     0.976
 8     0.658    -0.726    -0.198
 9   133.634     2.017    18.943
 9    -0.048    -0.516    -0.856
 9     0.985     0.116    -0.126
 9     0.165    -0.849     0.502
 2    98.669   -22.612    59.347
 2     0.971    -0.239    -0.013
 2     0.238     0.969     0.049
 2     0.002    -0.053     0.998
 3   122.864    -2.131     1.511
 3     0.678    -0.032    -0.734
 3    -0.232     0.938    -0.255
 3     0.697     0.343     0.629
 4   108.537    13.187    -2.083
 4     0.799    -0.369     0.476
 4     0.573     0.706    -0.415
 4    -0.184     0.604     0.775
 5   128.142    15.151    15.564
 5     0.830    -0.554    -0.067
 5    -0.349    -0.426    -0.835
 5     0.434     0.715    -0.546
 6   135.080    -4.687    10.999
 6     0.122     0.684    -0.720
 6    -0.978    -0.044    -0.205
 6    -0.172     0.728     0.663
 7   110.776   -18.773    -2.241
 7     0.782     0.397     0.480
 7    -0.584     0.735     0.344
 7    -0.217    -0.549     0.807
 8   128.655   -20.186    15.910
 8     0.699     0.711     0.071
 8     0.214    -0.305     0.928
 8     0.681    -0.634    -0.366
 9   133.690     1.302    17.618
 9     0.045    -0.584    -0.811
 9     0.995     0.094    -0.014
 9     0.085    -0.806     0.585
 2    98.669   -22.612    59.347
 2     0.971    -0.239    -0.013
 2     0.238     0.969     0.049
 2     0.002    -0.053     0.998
 3   122.555    -2.152     1.380
 3     0.682    -0.051    -0.729
 3    -0.223     0.935    -0.275
 3     0.696     0.350     0.627
 4   107.328    12.665    -1.938
 4     0.774    -0.377     0.509
 4     0.589     0.724    -0.360
 4    -0.233     0.578     0.781
 5   127.174    14.756    15.160
 5     0.891    -0.452    -0.052
 5    -0.303    -0.509    -0.806
 5     0.338     0.733    -0.590
 6   135.559    -2.163     7.205
 6     0.214     0.749    -0.628
 6    -0.893    -0.111    -0.434
 6    -0.395     0.653     0.646
 7   110.775   -18.826    -2.410
 7     0.780     0.395     0.485
 7    -0.586     0.732     0.346
 7    -0.219    -0.554     0.802
 8   127.185   -19.670    16.897
 8     0.690     0.669     0.277
 8     0.230    -0.565     0.792
 8     0.686    -0.483    -0.544
 9   136.504    -1.449    15.708
 9     0.315    -0.450    -0.838
 9     0.936    -0.000     0.349
 9    -0.155    -0.893     0.419
 2    98.719   -22.612    59.347
 2     0.971    -0.239    -0.013
 2     0.238     0.969     0.049
 2     0.002    -0.053     0.998
 3   122.298    -2.078     1.116
 3     0.697    -0.057    -0.715
 3    -0.208     0.938    -0.277
 3     0.686     0.342     0.641
 4   106.865    12.503    -1.971
 4     0.751    -0.391     0.533
 4     0.619     0.696    -0.363
 4    -0.229     0.602     0.764
 5   126.044    14.114    15.927
 5     0.895    -0.438     0.085
 5    -0.263    -0.673    -0.691
 5     0.359     0.595    -0.718
 6   135.696     1.830     6.401
 6     0.312     0.764    -0.567
 6    -0.715    -0.204    -0.667
 6    -0.625     0.612     0.484
 7   111.334   -19.080    -2.582
 7     0.772     0.428     0.470
 7    -0.616     0.685     0.389
 7    -0.155    -0.589     0.792
 8   126.163   -18.431    18.272
 8     0.687     0.543     0.483
 8     0.253    -0.801     0.542
 8     0.681    -0.251    -0.687
 9   138.761    -8.328    13.679
 9     0.566    -0.454    -0.692
 9     0.621    -0.318     0.714
 9    -0.541    -0.832     0.101
 2    98.671   -22.611    59.344
 2     0.971    -0.239    -0.014
 2     0.238     0.969     0.049
 2     0.003    -0.053     0.998
 3   122.563    -1.908     1.239
 3     0.687    -0.033    -0.726
 3    -0.228     0.939    -0.258
 3     0.689     0.342     0.638
 4   107.207    13.173    -1.749
 4     0.722    -0.435     0.539
 4     0.673     0.620    -0.403
 4    -0.159     0.653     0.740
 5   124.804    14.355    17.516
 5     0.898    -0.357     0.258
 5    -0.184    -0.837    -0.515
 5     0.400     0.415    -0.817
 6   135.797     6.507     7.722
 6     0.427     0.766    -0.484
 6    -0.533    -0.218    -0.816
 6    -0.730     0.604     0.317
 7   111.863   -19.085    -2.618
 7     0.770     0.458     0.444
 7    -0.630     0.654     0.419
 7    -0.098    -0.602     0.792
 8   125.578   -18.286    18.928
 8     0.698     0.427     0.575
 8     0.214    -0.890     0.401
 8     0.683    -0.158    -0.713
 9   138.779   -15.189    12.800
 9     0.656    -0.633    -0.418
 9     0.314    -0.270     0.908
 9    -0.685    -0.726     0.022
 2    98.671   -22.611    59.344
 2     0.971    -0.239    -0.014
 2     0.238     0.969     0.049
 2     0.003    -0.053     0.998
 3   122.800    -1.604     1.366
 3     0.685    -0.016    -0.729
 3    -0.232     0.943    -0.239
 3     0.691     0.332     0.642
 4   107.502    13.611    -1.657
 4     0.686    -0.486     0.543
 4     0.722     0.547    -0.423
 4    -0.092     0.682     0.725
 5   123.510    14.827    18.697
 5     0.878    -0.250     0.409
 5    -0.099    -0.929    -0.354
 5     0.468     0.271    -0.841
 6   136.500    11.549    10.674
 6     0.608     0.687    -0.403
 6    -0.336    -0.233    -0.911
 6    -0.719     0.688     0.090
 7   111.863   -18.922    -2.669
 7     0.759     0.477     0.443
 7    -0.646     0.634     0.426
 7    -0.078    -0.609     0.789
 8   125.239   -18.250    18.986
 8     0.723     0.334     0.605
 8     0.164    -0.933     0.318
 8     0.671    -0.131    -0.729
 9   137.385   -20.304    12.034
 9     0.627    -0.759    -0.183
 9     0.069    -0.175     0.981
 9    -0.776    -0.627    -0.056
 2    98.671   -22.611    59.343
 2     0.971    -0.240    -0.014
 2     0.239     0.969     0.049
 2     0.003    -0.053     0.998
 3   122.985    -1.373     1.413
 3     0.683    -0.009    -0.731
 3    -0.229     0.947    -0.225
 3     0.693     0.321     0.644
 4   107.353    13.799    -1.674
 4     0.641    -0.530     0.556
 4     0.766     0.485    -0.420
 4    -0.047     0.695     0.717
 5   122.094    15.371    19.387
 5     0.854    -0.140     0.502
 5    -0.020    -0.971    -0.235
 5     0.519     0.192    -0.832
 6   136.002    16.286    13.241
 6     0.720     0.642    -0.269
 6    -0.115    -0.266    -0.956
 6    -0.684     0.718    -0.118
 7   111.893   -18.741    -2.702
 7     0.748     0.497     0.440
 7    -0.660     0.621     0.421
 7    -0.065    -0.606     0.792
 8   125.072   -18.234    19.142
 8     0.738     0.234     0.634
 8     0.108    -0.967     0.230
 8     0.666    -0.102    -0.738
 9   135.876   -24.346    12.315
 9     0.575    -0.819     0.000
 9    -0.132    -0.090     0.987
 9    -0.807    -0.567    -0.159
 2    98.671   -22.611    59.344
 2     0.971    -0.239    -0.014
 2     0.238     0.969     0.049
 2     0.003    -0.053     0.998
 3   123.055    -0.958     1.472
 3     0.681    -0.011    -0.732
 3    -0.219     0.951    -0.218
 3     0.698     0.308     0.646
 4   107.230    13.966    -1.487
 4     0.608    -0.560     0.564
 4     0.794     0.443    -0.416
 4    -0.017     0.700     0.713
 5   121.613    15.416    19.757
 5     0.847    -0.073     0.528
 5     0.020    -0.985    -0.167
 5     0.532     0.153    -0.833
 6   134.832    19.396    14.038
 6     0.715     0.685    -0.146
 6     0.037    -0.239    -0.970
 6    -0.698     0.688    -0.197
 7   111.835   -18.554    -2.756
 7     0.740     0.515     0.433
 7    -0.671     0.609     0.423
 7    -0.046    -0.603     0.796
 8   124.760   -18.267    19.328
 8     0.743     0.148     0.653
 8     0.056    -0.986     0.157
 8     0.666    -0.081    -0.741
 9   134.511   -27.145    12.705
 9     0.527    -0.840     0.133
 9    -0.263    -0.011     0.965
 9    -0.808    -0.543    -0.226
 2    98.671   -22.612    59.343
 2     0.971    -0.239    -0.014
 2     0.238     0.969     0.049
 2     0.003    -0.052     0.998
 3   123.075    -0.822     1.505
 3     0.679    -0.010    -0.734
 3    -0.210     0.956    -0.207
 3     0.703     0.294     0.646
 4   106.908    13.919    -1.472
 4     0.574    -0.584     0.575
 4     0.819     0.407    -0.404
 4     0.002     0.702     0.711
 5   120.929    15.612    19.888
 5     0.836    -0.005     0.548
 5     0.067    -0.992    -0.109
 5     0.543     0.128    -0.829
 6   133.467    21.680    14.604
 6     0.695     0.718    -0.045
 6     0.144    -0.197    -0.970
 6    -0.704     0.667    -0.240
 7   111.809   -18.516    -2.714
 7     0.731     0.534     0.426
 7    -0.682     0.593     0.428
 7    -0.024    -0.603     0.797
 8   124.488   -18.368    19.486
 8     0.740     0.072     0.669
 8     0.014    -0.996     0.089
 8     0.672    -0.057    -0.738
 9   133.381   -29.203    13.460
 9     0.494    -0.836     0.237
 9    -0.363     0.050     0.930
 9    -0.790    -0.546    -0.278
 2    98.671   -22.611    59.344
 2     0.971    -0.239    -0.014
 2     0.238     0.969     0.049
 2     0.003    -0.053     0.998
 3   123.044    -0.584     1.537
 3     0.677    -0.013    -0.736
 3    -0.199     0.959    -0.200
 3     0.708     0.282     0.647
 4   106.630    13.818    -1.468
 4     0.541    -0.607     0.584
 4     0.841     0.375    -0.389
 4     0.017     0.701     0.712
 5   120.401    15.715    20.133
 5     0.831     0.050     0.554
 5     0.106    -0.992    -0.067
 5     0.546     0.115    -0.830
 6   131.942    23.591    14.872
 6     0.651     0.758     0.031
 6     0.238    -0.162    -0.958
 6    -0.720     0.631    -0.286
 7   111.727   -18.507    -2.639
 7     0.720     0.553     0.420
 7    -0.694     0.577     0.429
 7    -0.005    -0.600     0.799
 8   124.299   -18.499    19.642
 8     0.739    -0.006     0.674
 8    -0.030    -0.999     0.023
 8     0.673    -0.037    -0.738
 9   132.147   -30.799    13.664
 9     0.439    -0.847     0.302
 9    -0.422     0.102     0.901
 9    -0.793    -0.522    -0.313
 2    98.671   -22.611    59.344
 2     0.971    -0.239    -0.014
 2     0.238     0.969     0.049
 2     0.003    -0.053     0.998
 3   122.994    -0.453     1.544
 3     0.681    -0.013    -0.732
 3    -0.189     0.963    -0.193
 3     0.707     0.269     0.653
 4   106.187    13.669    -1.227
 4     0.507    -0.623     0.596
 4     0.861     0.336    -0.381
 4     0.037     0.706     0.707
 5   120.099    15.583    20.183
 5     0.840     0.100     0.533
 5     0.139    -0.990    -0.032
 5     0.524     0.100    -0.845
 6   130.362    24.390    14.034
 6     0.570     0.820     0.042
 6     0.284    -0.146    -0.948
 6    -0.771     0.552    -0.316
 7   111.555   -18.445    -2.625
 7     0.707     0.574     0.414
 7    -0.707     0.558     0.434
 7     0.018    -0.599     0.800
 8   123.979   -18.738    19.836
 8     0.732    -0.065     0.678
 8    -0.074    -0.997    -0.017
 8     0.677    -0.038    -0.734
 9   130.981   -32.228    14.005
 9     0.391    -0.852     0.349
 9    -0.476     0.137     0.868
 9    -0.788    -0.505    -0.352
 2    98.669   -22.612    59.347
 2     0.971    -0.239    -0.013
 2     0.238     0.969     0.049
 2     0.002    -0.053     0.998
 3   122.911    -0.480     1.432
 3     0.685    -0.011    -0.729
 3    -0.185     0.964    -0.188
 3     0.704     0.263     0.658
 4   106.016    13.576    -1.241
 4     0.494    -0.629     0.601
 4     0.868     0.324    -0.375
 4     0.041     0.707     0.705
 5   119.998    15.635    20.196
 5     0.842     0.124     0.525
 5     0.155    -0.988    -0.015
 5     0.517     0.094    -0.851
 6   129.593    24.738    13.781
 6     0.533     0.844     0.054
 6     0.306    -0.131    -0.943
 6    -0.789     0.519    -0.328
 7   111.409   -18.385    -2.427
 7     0.706     0.575     0.414
 7    -0.707     0.549     0.445
 7     0.029    -0.607     0.794
 8   123.927   -18.881    19.889
 8     0.740    -0.089     0.667
 8    -0.097    -0.995    -0.026
 8     0.666    -0.046    -0.744
 9   130.398   -33.198    14.404
 9     0.354    -0.867     0.349
 9    -0.523     0.125     0.843
 9    -0.775    -0.481    -0.409
 2    98.671   -22.611    59.344
 2     0.971    -0.239    -0.014
 2     0.238     0.969     0.049
 2     0.003    -0.053     0.998
 3   122.912    -0.403     1.382
 3     0.686    -0.010    -0.728
 3    -0.184     0.965    -0.186
 3     0.704     0.261     0.660
 4   105.864    13.693    -1.179
 4     0.482    -0.635     0.604
 4     0.874     0.306    -0.376
 4     0.054     0.709     0.702
 5   119.766    15.546    20.253
 5     0.839     0.152     0.522
 5     0.169    -0.985     0.014
 5     0.517     0.076    -0.852
 6   128.822    25.281    13.817
 6     0.501     0.863     0.067
 6     0.333    -0.120    -0.935
 6    -0.798     0.491    -0.347
 7   111.143   -18.156    -2.460
 7     0.688     0.596     0.415
 7    -0.724     0.530     0.441
 7     0.043    -0.604     0.796
 8   123.445   -19.023    19.894
 8     0.731    -0.143     0.667
 8    -0.142    -0.988    -0.057
 8     0.667    -0.053    -0.742
 9   129.133   -34.138    14.680
 9     0.316    -0.875     0.366
 9    -0.552     0.144     0.821
 9    -0.771    -0.462    -0.438
 2    98.671   -22.611    59.343
 2     0.971    -0.240    -0.014
 2     0.239     0.969     0.049
 2     0.003    -0.053     0.998
 3   122.812    -0.301     1.287
 3     0.687    -0.004    -0.727
 3    -0.181     0.967    -0.177
 3     0.703     0.253     0.663
 4   105.785    13.706    -1.136
 4     0.471    -0.641     0.606
 4     0.879     0.290    -0.376
 4     0.065     0.710     0.700
 5   119.545    15.511    20.372
 5     0.834     0.177     0.523
 5     0.180    -0.983     0.046
 5     0.521     0.055    -0.851
 6   128.163    25.766    13.889
 6     0.481     0.873     0.081
 6     0.364    -0.113    -0.925
 6    -0.797     0.474    -0.372
 7   111.018   -18.253    -2.439
 7     0.679     0.607     0.413
 7    -0.732     0.518     0.442
 7     0.054    -0.602     0.796
 8   123.248   -19.128    20.003
 8     0.730    -0.160     0.664
 8    -0.153    -0.986    -0.069
 8     0.666    -0.051    -0.744
 9   128.635   -34.518    14.700
 9     0.279    -0.891     0.357
 9    -0.570     0.146     0.808
 9    -0.773    -0.429    -0.468
 2    98.721   -22.611    59.369
 2     0.971    -0.240    -0.014
 2     0.239     0.969     0.049
 2     0.003    -0.053     0.998
 3   122.788    -0.301     1.263
 3     0.688    -0.003    -0.727
 3    -0.180     0.968    -0.175
 3     0.703     0.250     0.664
 4   105.747    13.740    -1.158
 4     0.463    -0.645     0.609
 4     0.883     0.279    -0.376
 4     0.072     0.711     0.698
 5   119.417    15.573    20.354
 5     0.831     0.199     0.520
 5     0.192    -0.979     0.069
 5     0.522     0.042    -0.851
 6   127.652    26.084    13.843
 6     0.461     0.882     0.097
 6     0.384    -0.099    -0.918
 6    -0.800     0.461    -0.384
 7   111.089   -18.145    -2.520
 7     0.677     0.613     0.407
 7    -0.733     0.513     0.446
 7     0.064    -0.600     0.797
 8   123.202   -19.082    20.015
 8     0.728    -0.186     0.660
 8    -0.169    -0.981    -0.089
 8     0.664    -0.047    -0.746
 9   127.930   -34.758    14.585
 9     0.244    -0.901     0.359
 9    -0.576     0.163     0.801
 9    -0.780    -0.402    -0.479
 2    98.671   -22.611    59.343
 2     0.971    -0.240    -0.014
 2     0.239     0.969     0.049
 2     0.003    -0.053     0.998
 3   122.785    -0.225     1.216
 3     0.689    -0.003    -0.725
 3    -0.179     0.968    -0.174
 3     0.702     0.249     0.666
 4   105.698    13.906    -1.045
 4     0.456    -0.648     0.610
 4     0.886     0.264    -0.381
 4     0.085     0.714     0.694
 5   119.350    15.411    20.519
 5     0.826     0.222     0.517
 5     0.197    -0.975     0.102
 5     0.527     0.017    -0.849
 6   126.401    26.341    13.735
 6     0.397     0.910     0.122
 6     0.395    -0.048    -0.918
 6    -0.829     0.412    -0.378
 7   111.139   -18.018    -2.706
 7     0.677     0.618     0.401
 7    -0.733     0.517     0.441
 7     0.066    -0.592     0.802
 8   123.140   -19.221    19.816
 8     0.728    -0.208     0.653
 8    -0.191    -0.977    -0.098
 8     0.658    -0.053    -0.751
 9   127.121   -34.902    13.932
 9     0.194    -0.910     0.367
 9    -0.559     0.205     0.803
 9    -0.806    -0.361    -0.469
 2    98.719   -22.612    59.347
 2     0.971    -0.239    -0.013
 2     0.238     0.969     0.049
 2     0.002    -0.053     0.998
 3   122.799    -0.053     1.120
 3     0.689    -0.005    -0.725
 3    -0.185     0.966    -0.182
 3     0.700     0.259     0.664
 4   105.788    14.100    -0.843
 4     0.456    -0.651     0.608
 4     0.884     0.251    -0.394
 4     0.103     0.716     0.689
 5   121.609    15.320    22.725
 5     0.825     0.233     0.514
 5     0.195    -0.972     0.126
 5     0.529    -0.004    -0.848
 6   125.385    26.092    13.175
 6     0.340     0.927     0.155
 6     0.380     0.016    -0.925
 6    -0.860     0.374    -0.346
 7   111.200   -17.895    -2.876
 7     0.679     0.619     0.396
 7    -0.732     0.524     0.435
 7     0.062    -0.585     0.808
 8   123.130   -19.330    19.654
 8     0.728    -0.215     0.651
 8    -0.201    -0.975    -0.096
 8     0.655    -0.061    -0.753
 9   126.877   -34.945    13.734
 9     0.178    -0.909     0.378
 9    -0.552     0.225     0.803
 9    -0.815    -0.352    -0.461
 2    98.671   -22.611    59.343
 2     0.971    -0.240    -0.014
 2     0.239     0.969     0.049
 2     0.003    -0.053     0.998
 3   122.799     0.049     1.171
 3     0.690    -0.005    -0.724
 3    -0.185     0.966    -0.182
 3     0.700     0.259     0.665
 4   105.750    14.132    -0.809
 4     0.451    -0.655     0.607
 4     0.886     0.245    -0.393
 4     0.109     0.714     0.690
 5   121.496    15.217    22.753
 5     0.824     0.249     0.509
 5     0.205    -0.968     0.143
 5     0.528    -0.014    -0.849
 6   125.116    26.243    13.161
 6     0.330     0.928     0.172
 6     0.382     0.036    -0.924
 6    -0.863     0.371    -0.342
 7   111.084   -17.894    -2.831
 7     0.674     0.622     0.398
 7    -0.735     0.518     0.436
 7     0.065    -0.587     0.806
 8   123.031   -19.384    19.715
 8     0.727    -0.233     0.646
 8    -0.212    -0.971    -0.111
 8     0.653    -0.057    -0.755
 9   126.497   -35.224    13.863
 9     0.166    -0.908     0.384
 9    -0.557     0.234     0.796
 9    -0.813    -0.346    -0.468
 2    98.669   -22.612    59.347
 2     0.971    -0.239    -0.013
 2     0.238     0.969     0.049
 2     0.002    -0.053     0.998
 3   122.776    -0.053     1.122
 3     0.689    -0.000    -0.725
 3    -0.186     0.966    -0.178
 3     0.700     0.257     0.665
 4   105.751    14.132    -0.809
 4     0.452    -0.655     0.606
 4     0.885     0.245    -0.394
 4     0.109     0.714     0.690
 5   121.495    15.217    22.753
 5     0.823     0.250     0.509
 5     0.205    -0.968     0.144
 5     0.528    -0.015    -0.849
 6   125.066    26.298    13.226
 6     0.330     0.928     0.170
 6     0.385     0.032    -0.922
 6    -0.862     0.370    -0.347
 7   110.798   -17.971    -2.655
 7     0.666     0.625     0.408
 7    -0.743     0.506     0.438
 7     0.068    -0.595     0.801
 8   122.835   -19.437    19.853
 8     0.726    -0.251     0.641
 8    -0.222    -0.967    -0.126
 8     0.651    -0.050    -0.757
 9   126.006   -35.500    14.085
 9     0.150    -0.908     0.392
 9    -0.569     0.244     0.784
 9    -0.808    -0.341    -0.480
 2    98.671   -22.662    59.344
 2     0.971    -0.239    -0.014
 2     0.238     0.969     0.049
 2     0.003    -0.053     0.998
 3   122.674    -0.133     1.128
 3     0.689     0.006    -0.726
 3    -0.190     0.967    -0.173
 3     0.699     0.256     0.666
 4   105.697    14.104    -0.803
 4     0.454    -0.654     0.606
 4     0.884     0.248    -0.394
 4     0.107     0.714     0.691
 5   121.447    15.141    22.749
 5     0.823     0.253     0.508
 5     0.206    -0.967     0.147
 5     0.529    -0.017    -0.848
 6   125.125    26.388    13.371
 6     0.331     0.929     0.163
 6     0.392     0.021    -0.920
 6    -0.858     0.369    -0.357
 7   110.582   -18.022    -2.530
 7     0.662     0.625     0.413
 7    -0.746     0.498     0.441
 7     0.070    -0.600     0.796
 8   122.725   -19.387    19.966
 8     0.729    -0.247     0.638
 8    -0.219    -0.968    -0.124
 8     0.648    -0.049    -0.759
 9   126.143   -35.558    14.416
 9     0.150    -0.917     0.370
 9    -0.579     0.221     0.785
 9    -0.802    -0.332    -0.498
 2    98.669   -22.612    59.347
 2     0.971    -0.239    -0.013
 2     0.238     0.969     0.049
 2     0.002    -0.053     0.998
 3   122.632    -0.232     1.120
 3     0.688     0.007    -0.726
 3    -0.190     0.967    -0.170
 3     0.701     0.254     0.666
 4   105.907    13.989    -0.947
 4     0.469    -0.651     0.598
 4     0.878     0.268    -0.396
 4     0.097     0.710     0.697
 5   119.381    15.101    20.565
 5     0.830     0.207     0.518
 5     0.181    -0.978     0.100
 5     0.528     0.010    -0.849
 6   126.686    25.560    13.376
 6     0.390     0.914     0.110
 6     0.366    -0.043    -0.930
 6    -0.845     0.403    -0.351
 7   110.715   -18.241    -2.368
 7     0.671     0.619     0.409
 7    -0.738     0.502     0.451
 7     0.074    -0.604     0.793
 8   123.094   -19.525    20.039
 8     0.750    -0.162     0.641
 8    -0.183    -0.983    -0.034
 8     0.635    -0.092    -0.766
 9   128.463   -34.510    14.065
 9     0.242    -0.927     0.285
 9    -0.542     0.115     0.832
 9    -0.805    -0.356    -0.475
 2    98.671   -22.611    59.343
 2     0.971    -0.240    -0.014
 2     0.239     0.969     0.049
 2     0.003    -0.053     0.998
 3   122.814    -0.536     1.333
 3     0.682     0.005    -0.732
 3    -0.196     0.964    -0.177
 3     0.704     0.264     0.658
 4   106.449    13.907    -1.231
 4     0.505    -0.639     0.581
 4     0.860     0.313    -0.402
 4     0.075     0.702     0.707
 5   119.895    15.184    20.559
 5     0.841     0.115     0.529
 5     0.131    -0.991     0.008
 5     0.525     0.063    -0.849
 6   129.373    23.655    13.267
 6     0.502     0.864     0.029
 6     0.274    -0.125    -0.954
 6    -0.820     0.487    -0.299
 7   110.710   -18.463    -2.087
 7     0.685     0.605     0.406
 7    -0.724     0.512     0.461
 7     0.072    -0.610     0.789
 8   123.424   -19.529    20.172
 8     0.772    -0.029     0.634
 8    -0.115    -0.989     0.093
 8     0.624    -0.145    -0.767
 9   132.133   -32.195    14.075
 9     0.422    -0.894     0.151
 9    -0.458    -0.066     0.887
 9    -0.782    -0.444    -0.436
 2    98.671   -22.611    59.343
 2     0.971    -0.240    -0.014
 2     0.239     0.969     0.049
 2     0.003    -0.053     0.998
 3   122.857    -0.718     1.341
 3     0.683     0.007    -0.731
 3    -0.201     0.963    -0.179
 3     0.702     0.269     0.658
 4   106.631    13.736    -1.403
 4     0.541    -0.614     0.576
 4     0.840     0.362    -0.404
 4     0.039     0.702     0.710
 5   120.420    15.256    20.195
 5     0.853     0.015     0.522
 5     0.076    -0.993    -0.094
 5     0.516     0.120    -0.848
 6   131.980    20.883    13.372
 6     0.611     0.787    -0.096
 6     0.142    -0.224    -0.964
 6    -0.779     0.575    -0.248
 7   110.563   -18.645    -1.878
 7     0.693     0.593     0.411
 7    -0.718     0.519     0.463
 7     0.061    -0.616     0.785
 8   123.582   -19.709    20.128
 8     0.782     0.081     0.619
 8    -0.060    -0.977     0.202
 8     0.620    -0.195    -0.759
 9   135.579   -28.001    13.959
 9     0.598    -0.801    -0.037
 9    -0.256    -0.231     0.938
 9    -0.759    -0.552    -0.343
 2    98.671   -22.612    59.343
 2     0.971    -0.239    -0.014
 2     0.238     0.969     0.049
 2     0.003    -0.052     0.998
 3   122.878    -1.138     1.321
 3     0.686     0.011    -0.728
 3    -0.215     0.958    -0.188
 3     0.694     0.285     0.660
 4   106.975    13.641    -1.503
 4     0.580    -0.588     0.565
 4     0.814     0.412    -0.407
 4     0.006     0.695     0.718
 5   120.887    15.234    20.017
 5     0.847    -0.077     0.527
 5     0.019    -0.984    -0.173
 5     0.531     0.157    -0.832
 6   134.144    17.017    13.437
 6     0.686     0.683    -0.258
 6    -0.050    -0.304    -0.950
 6    -0.726     0.664    -0.174
 7   110.599   -18.830    -2.018
 7     0.704     0.582     0.408
 7    -0.709     0.538     0.456
 7     0.046    -0.610     0.791
 8   124.004   -19.882    19.858
 8     0.778     0.176     0.604
 8    -0.015    -0.955     0.295
 8     0.628    -0.240    -0.740
 9   138.265   -23.418    14.093
 9     0.714    -0.665    -0.226
 9    -0.019    -0.335     0.941
 9    -0.699    -0.667    -0.252
 2    98.671   -22.611    59.344
 2     0.971    -0.239    -0.014
 2     0.238     0.969     0.049
 2     0.003    -0.053     0.998
 3   122.989    -1.323     1.305
 3     0.687     0.012    -0.727
 3    -0.225     0.954    -0.198
 3     0.691     0.299     0.657
 4   107.388    13.662    -1.611
 4     0.609    -0.567     0.556
 4     0.793     0.448    -0.412
 4    -0.016     0.691     0.722
 5   121.329    15.223    19.818
 5     0.836    -0.151     0.529
 5    -0.028    -0.972    -0.232
 5     0.548     0.179    -0.817
 6   135.377    14.016    13.790
 6     0.710     0.600    -0.376
 6    -0.208    -0.327    -0.920
 6    -0.672     0.730    -0.108
 7   110.872   -18.838    -2.019
 7     0.720     0.565     0.404
 7    -0.694     0.562     0.449
 7     0.026    -0.604     0.796
 8   124.558   -20.111    19.431
 8     0.775     0.275     0.571
 8     0.031    -0.917     0.397
 8     0.631    -0.290    -0.719
 9   139.837   -17.986    14.561
 9     0.747    -0.531    -0.408
 9     0.267    -0.318     0.908
 9    -0.609    -0.786    -0.098
 2    98.671   -22.611    59.344
 2     0.971    -0.239    -0.014
 2     0.238     0.969     0.049
 2     0.003    -0.053     0.998
 3   123.167    -1.425     1.293
 3     0.683     0.006    -0.730
 3    -0.231     0.950    -0.208
 3     0.693     0.310     0.651
 4   107.710    13.690    -1.733
 4     0.627    -0.554     0.548
 4     0.778     0.475    -0.411
 4    -0.033     0.683     0.728
 5   121.598    15.458    19.704
 5     0.816    -0.213     0.540
 5    -0.063    -0.957    -0.280
 5     0.575     0.195    -0.794
 6   136.323    10.912    14.456
 6     0.722     0.502    -0.483
 6    -0.379    -0.294    -0.875
 6    -0.579     0.813    -0.024
 7   111.002   -18.872    -1.922
 7     0.733     0.548     0.403
 7    -0.680     0.583     0.445
 7     0.008    -0.600     0.799
 8   125.100   -20.188    19.218
 8     0.767     0.359     0.532
 8     0.065    -0.869     0.490
 8     0.638    -0.342    -0.690
 9   140.312   -13.661    15.120
 9     0.727    -0.458    -0.518
 9     0.497    -0.167     0.849
 9    -0.472    -0.873     0.104
 2    98.671   -22.611    59.344
 2     0.971    -0.239    -0.014
 2     0.238     0.969     0.049
 2     0.003    -0.053     0.998
 3   123.341    -1.502     1.286
 3     0.680     0.002    -0.734
 3    -0.236     0.948    -0.215
 3     0.694     0.319     0.644
 4   108.079    13.730    -1.813
 4     0.642    -0.545     0.541
 4     0.766     0.490    -0.416
 4    -0.039     0.680     0.731
 5   121.890    15.513    19.654
 5     0.799    -0.256     0.545
 5    -0.091    -0.946    -0.310
 5     0.594     0.199    -0.779
 6   136.903     9.223    15.437
 6     0.727     0.441    -0.531
 6    -0.472    -0.238    -0.847
 6    -0.497     0.865     0.033
 7   111.137   -18.879    -1.983
 7     0.744     0.533     0.404
 7    -0.668     0.599     0.440
 7    -0.008    -0.597     0.802
 8   125.454   -20.361    19.038
 8     0.755     0.408     0.514
 8     0.081    -0.835     0.543
 8     0.650    -0.368    -0.664
 9   140.277   -11.040    16.179
 9     0.693    -0.427    -0.587
 9     0.628    -0.044     0.775
 9    -0.354    -0.903     0.235
 2    98.671   -22.611    59.344
 2     0.971    -0.239    -0.014
 2     0.238     0.969     0.049
 2     0.003    -0.053     0.998
 3   123.496    -1.500     1.276
 3     0.677    -0.001    -0.736
 3    -0.237     0.946    -0.220
 3     0.696     0.323     0.640
 4   108.282    13.753    -1.862
 4     0.650    -0.540     0.536
 4     0.759     0.496    -0.421
 4    -0.039     0.680     0.732
 5   121.964    15.658    19.584
 5     0.781    -0.282     0.558
 5    -0.102    -0.938    -0.328
 5     0.616     0.200    -0.762
 6   137.098     7.695    16.295
 6     0.718     0.399    -0.577
 6    -0.571    -0.137    -0.807
 6    -0.398     0.906     0.126
 7   111.345   -18.856    -2.041
 7     0.749     0.524     0.405
 7    -0.662     0.607     0.439
 7    -0.015    -0.597     0.802
 8   125.302   -20.495    19.034
 8     0.734     0.419     0.536
 8     0.078    -0.834     0.545
 8     0.675    -0.359    -0.645
 9   140.031   -10.377    17.157
 9     0.680    -0.384    -0.630
 9     0.668    -0.028     0.740
 9    -0.299    -0.923     0.234
 2    98.671   -22.611    59.343
 2     0.971    -0.240    -0.014
 2     0.239     0.969     0.049
 2     0.003    -0.053     0.998
 3   123.523    -1.501     1.296
 3     0.675    -0.001    -0.738
 3    -0.240     0.945    -0.221
 3     0.697     0.326     0.637
 4   108.591    13.852    -1.763
 4     0.661    -0.534     0.528
 4     0.749     0.504    -0.430
 4    -0.037     0.679     0.732
 5   122.240    15.788    19.652
 5     0.767    -0.317     0.560
 5    -0.119    -0.925    -0.358
 5     0.630     0.208    -0.747
 6   137.213     6.487    17.057
 6     0.697     0.369    -0.619
 6    -0.631    -0.093    -0.768
 6    -0.339     0.924     0.166
 7   111.361   -18.886    -2.025
 7     0.747     0.524     0.409
 7    -0.664     0.607     0.436
 7    -0.020    -0.597     0.801
 8   125.002   -20.613    19.149
 8     0.720     0.416     0.556
 8     0.068    -0.839     0.538
 8     0.690    -0.350    -0.633
 9   139.814   -10.218    18.258
 9     0.681    -0.326    -0.660
 9     0.679    -0.056     0.729
 9    -0.271    -0.944     0.181
 2    98.669   -22.612    59.346
 2     0.971    -0.240    -0.014
 2     0.239     0.969     0.049
 2     0.002    -0.053     0.998
 3   123.515    -1.599     1.453
 3     0.669    -0.000    -0.743
 3    -0.243     0.945    -0.220
 3     0.702     0.327     0.632
 4   108.568    13.911    -1.564
 4     0.665    -0.536     0.521
 4     0.747     0.500    -0.438
 4    -0.026     0.680     0.732
 5   122.315    15.887    19.773
 5     0.761    -0.341     0.554
 5    -0.129    -0.914    -0.383
 5     0.636     0.220    -0.739
 6   137.065     5.927    17.728
 6     0.690     0.337    -0.645
 6    -0.656    -0.087    -0.748
 6    -0.306     0.937     0.158
 7   111.278   -18.992    -1.830
 7     0.747     0.520     0.415
 7    -0.665     0.607     0.436
 7    -0.025    -0.601     0.798
 8   124.732   -20.603    19.427
 8     0.714     0.406     0.571
 8     0.069    -0.852     0.518
 8     0.696    -0.331    -0.637
 9   138.801   -10.106    17.487
 9     0.657    -0.515    -0.558
 9     0.687     0.104     0.716
 9    -0.309    -0.851     0.419
 2    98.669   -22.612    59.346
 2     0.971    -0.240    -0.014
 2     0.239     0.969     0.049
 2     0.002    -0.053     0.998
 3   123.312    -1.721     1.581
 3     0.663     0.001    -0.749
 3    -0.243     0.946    -0.214
 3     0.708     0.324     0.626
 4   108.449    13.864    -1.446
 4     0.662    -0.540     0.521
 4     0.749     0.497    -0.437
 4    -0.023     0.679     0.732
 5   121.855    16.272    19.959
 5     0.734    -0.375     0.569
 5    -0.124    -0.894    -0.428
 5     0.668     0.244    -0.702
 6   136.876     5.677    19.750
 6     0.710     0.136    -0.693
 6    -0.674    -0.157    -0.721
 6    -0.204     0.978    -0.022
 7   111.062   -19.116    -1.575
 7     0.746     0.515     0.423
 7    -0.665     0.599     0.445
 7    -0.024    -0.613     0.789
 8   124.939   -20.487    19.596
 8     0.728     0.431     0.534
 8     0.090    -0.831     0.548
 8     0.680    -0.351    -0.643
 9   136.212    -8.953    14.221
 9     0.521    -0.790    -0.326
 9     0.745     0.236     0.622
 9    -0.416    -0.565     0.712
 2    98.671   -22.611    59.343
 2     0.971    -0.240    -0.014
 2     0.239     0.969     0.049
 2     0.003    -0.053     0.998
 3   123.210    -1.672     1.648
 3     0.660    -0.008    -0.752
 3    -0.247     0.942    -0.227
 3     0.709     0.335     0.619
 4   108.376    13.901    -1.364
 4     0.670    -0.528     0.523
 4     0.742     0.506    -0.439
 4    -0.034     0.682     0.730
 5   122.466    16.631    19.891
 5     0.739    -0.447     0.507
 5    -0.149    -0.839    -0.521
 5     0.657     0.310    -0.686
 6   136.833     3.899    19.860
 6     0.626     0.161    -0.765
 6    -0.770    -0.027    -0.636
 6    -0.120     0.986     0.104
 7   111.160   -19.128    -1.574
 7     0.770     0.479     0.421
 7    -0.635     0.633     0.442
 7    -0.055    -0.608     0.792
 8   126.978   -20.560    18.420
 8     0.740     0.596     0.313
 8     0.163    -0.609     0.775
 8     0.653    -0.523    -0.548
 9   133.338    -2.791    13.941
 9     0.165    -0.797    -0.582
 9     0.942    -0.047     0.330
 9    -0.290    -0.603     0.743
 2    98.671   -22.611    59.369
 2     0.971    -0.239    -0.014
 2     0.238     0.969     0.049
 2     0.003    -0.053     0.998
 3   123.077    -1.682     1.616
 3     0.647    -0.032    -0.762
 3    -0.273     0.923    -0.271
 3     0.712     0.383     0.588
 4   108.463    13.894    -1.392
 4     0.697    -0.499     0.516
 4     0.714     0.540    -0.444
 4    -0.057     0.677     0.732
 5   123.376    17.346    19.545
 5     0.734    -0.543     0.408
 5    -0.174    -0.731    -0.659
 5     0.656     0.413    -0.632
 6   136.204     2.345    20.055
 6     0.494     0.146    -0.858
 6    -0.864    -0.035    -0.502
 6    -0.100     0.988     0.107
 7   110.989   -18.900    -1.771
 7     0.783     0.449     0.430
 7    -0.614     0.665     0.425
 7    -0.095    -0.597     0.796
 8   127.673   -20.152    17.501
 8     0.745     0.635     0.205
 8     0.191    -0.497     0.846
 8     0.639    -0.591    -0.492
 9   132.978    -1.386    12.840
 9     0.120    -0.828    -0.548
 9     0.967    -0.028     0.252
 9    -0.225    -0.559     0.797
 2    98.669   -22.612    59.347
 2     0.971    -0.239    -0.013
 2     0.238     0.969     0.049
 2     0.002    -0.053     0.998
 3   123.070    -1.612     1.609
 3     0.641    -0.038    -0.767
 3    -0.286     0.915    -0.285
 3     0.712     0.402     0.575
 4   108.591    13.951    -1.288
 4     0.704    -0.502     0.503
 4     0.708     0.542    -0.451
 4    -0.047     0.673     0.737
 5   123.789    17.587    19.404
 5     0.733    -0.569     0.373
 5    -0.178    -0.689    -0.702
 5     0.656     0.448    -0.607
 6   136.202     2.023    20.440
 6     0.463     0.101    -0.881
 6    -0.883    -0.034    -0.467
 6    -0.075     0.994     0.072
 7   111.227   -18.799    -1.814
 7     0.789     0.442     0.427
 7    -0.606     0.671     0.426
 7    -0.099    -0.595     0.797
 8   127.694   -20.045    17.472
 8     0.739     0.640     0.209
