% Calibrated with leiden_pols
% Positions are in centimeters
Data =[
 2    98.671   -22.662    59.343
 2     0.971    -0.240    -0.014
 2     0.239     0.969     0.049
 2     0.003    -0.053     0.998
 3   123.045    -2.035     1.481
 3     0.693    -0.043    -0.720
 3    -0.223     0.936    -0.271
 3     0.685     0.348     0.639
 4   108.980    13.379    -2.145
 4     0.811    -0.358     0.464
 4     0.561     0.697    -0.446
 4    -0.164     0.621     0.766
 5   128.756    15.242    15.536
 5     0.803    -0.590    -0.085
 5    -0.373    -0.388    -0.843
 5     0.464     0.708    -0.531
 6   135.425    -5.177    12.377
 6     0.112     0.674    -0.731
 6    -0.989     0.005    -0.145
 6    -0.094     0.739     0.667
 7   110.762   -18.695    -2.113
 7     0.803     0.369     0.468
 7    -0.561     0.734     0.383
 7    -0.202    -0.570     0.796
 8   130.033   -20.373    14.909
 8     0.724     0.683    -0.096
 8     0.199    -0.077     0.977
 8     0.660    -0.726    -0.192
 9   133.717     2.029    18.996
 9    -0.057    -0.490    -0.870
 9     0.983     0.125    -0.136
 9     0.176    -0.863     0.474
 2    98.671   -22.611    59.344
 2     0.971    -0.239    -0.014
 2     0.238     0.969     0.049
 2     0.003    -0.053     0.998
 3   123.048    -2.034     1.502
 3     0.692    -0.043    -0.720
 3    -0.224     0.936    -0.272
 3     0.686     0.349     0.638
 4   108.930    13.353    -2.145
 4     0.811    -0.358     0.463
 4     0.561     0.697    -0.446
 4    -0.164     0.621     0.766
 5   128.731    15.243    15.537
 5     0.804    -0.589    -0.086
 5    -0.372    -0.387    -0.844
 5     0.464     0.709    -0.530
 6   135.376    -5.228    12.428
 6     0.111     0.674    -0.731
 6    -0.989     0.005    -0.144
 6    -0.094     0.738     0.667
 7   110.741   -18.694    -2.068
 7     0.803     0.370     0.467
 7    -0.561     0.733     0.384
 7    -0.200    -0.570     0.797
 8   129.983   -20.373    14.909
 8     0.724     0.683    -0.096
 8     0.199    -0.077     0.977
 8     0.660    -0.726    -0.192
 9   133.664     2.028    18.999
 9    -0.057    -0.491    -0.870
 9     0.983     0.125    -0.135
 9     0.175    -0.862     0.474
 2    98.671   -22.611    59.343
 2     0.971    -0.240    -0.014
 2     0.239     0.969     0.049
 2     0.003    -0.053     0.998
 3   122.998    -2.035     1.552
 3     0.692    -0.045    -0.721
 3    -0.225     0.935    -0.273
 3     0.686     0.351     0.637
 4   108.932    13.379    -2.096
 4     0.811    -0.359     0.462
 4     0.561     0.697    -0.445
 4    -0.163     0.620     0.766
 5   128.728    15.242    15.591
 5     0.804    -0.589    -0.086
 5    -0.372    -0.387    -0.844
 5     0.463     0.709    -0.530
 6   135.376    -5.228    12.428
 6     0.111     0.674    -0.731
 6    -0.989     0.005    -0.144
 6    -0.094     0.738     0.667
 7   110.742   -18.694    -2.042
 7     0.803     0.370     0.467
 7    -0.561     0.733     0.384
 7    -0.200    -0.570     0.796
 8   130.033   -20.373    14.960
 8     0.724     0.683    -0.095
 8     0.198    -0.077     0.977
 8     0.660    -0.726    -0.191
 9   133.640     2.028    18.999
 9    -0.057    -0.490    -0.870
 9     0.983     0.125    -0.135
 9     0.175    -0.863     0.474
 2    98.671   -22.611    59.344
 2     0.971    -0.239    -0.014
 2     0.238     0.969     0.049
 2     0.003    -0.053     0.998
 3   122.954    -2.035     1.594
 3     0.689    -0.044    -0.724
 3    -0.228     0.934    -0.273
 3     0.688     0.353     0.633
 4   108.885    13.380    -2.049
 4     0.812    -0.359     0.462
 4     0.561     0.697    -0.446
 4    -0.162     0.621     0.766
 5   128.679    15.241    15.592
 5     0.804    -0.589    -0.088
 5    -0.373    -0.386    -0.844
 5     0.463     0.710    -0.529
 6   135.351    -5.228    12.428
 6     0.111     0.674    -0.731
 6    -0.989     0.005    -0.144
 6    -0.094     0.738     0.667
 7   110.741   -18.694    -2.043
 7     0.803     0.371     0.466
 7    -0.561     0.733     0.384
 7    -0.200    -0.570     0.797
 8   129.933   -20.374    14.985
 8     0.724     0.683    -0.094
 8     0.198    -0.078     0.977
 8     0.660    -0.726    -0.191
 9   133.638     2.053    19.053
 9    -0.056    -0.490    -0.870
 9     0.983     0.125    -0.134
 9     0.174    -0.863     0.474
 2    98.671   -22.611    59.344
 2     0.971    -0.239    -0.014
 2     0.238     0.969     0.049
 2     0.003    -0.053     0.998
 3   122.954    -2.036     1.594
 3     0.688    -0.043    -0.725
 3    -0.230     0.934    -0.273
 3     0.688     0.354     0.632
 4   108.885    13.380    -2.049
 4     0.812    -0.358     0.461
 4     0.561     0.697    -0.447
 4    -0.162     0.621     0.766
 5   128.679    15.190    15.592
 5     0.804    -0.589    -0.088
 5    -0.373    -0.386    -0.844
 5     0.463     0.710    -0.529
 6   135.353    -5.278    12.477
 6     0.110     0.674    -0.731
 6    -0.990     0.004    -0.143
 6    -0.093     0.738     0.667
 7   110.687   -18.698    -2.065
 7     0.799     0.378     0.467
 7    -0.566     0.734     0.375
 7    -0.201    -0.564     0.801
 8   129.856   -20.425    14.994
 8     0.726     0.682    -0.089
 8     0.198    -0.086     0.976
 8     0.658    -0.726    -0.198
 9   133.634     2.017    18.943
 9    -0.048    -0.516    -0.856
 9     0.985     0.116    -0.126
 9     0.165    -0.849     0.502
 2    98.669   -22.612    59.347
 2     0.971    -0.239    -0.013
 2     0.238     0.969     0.049
 2     0.002    -0.053     0.998
 3   122.864    -2.131     1.511
 3     0.678    -0.032    -0.734
 3    -0.232     0.938    -0.255
 3     0.697     0.343     0.629
 4   108.537    13.187    -2.083
 4     0.799    -0.369     0.476
 4     0.573     0.706    -0.415
 4    -0.184     0.604     0.775
 5   128.142    15.151    15.564
 5     0.830    -0.554    -0.067
 5    -0.349    -0.426    -0.835
 5     0.434     0.715    -0.546
 6   135.080    -4.687    10.999
 6     0.122     0.684    -0.720
 6    -0.978    -0.044    -0.205
 6    -0.172     0.728     0.663
 7   110.776   -18.773    -2.241
 7     0.782     0.397     0.480
 7    -0.584     0.735     0.344
 7    -0.217    -0.549     0.807
 8   128.655   -20.186    15.910
 8     0.699     0.711     0.071
 8     0.214    -0.305     0.928
 8     0.681    -0.634    -0.366
 9   133.690     1.302    17.618
 9     0.045    -0.584    -0.811
 9     0.995     0.094    -0.014
 9     0.085    -0.806     0.585
 2    98.669   -22.612    59.347
 2     0.971    -0.239    -0.013
 2     0.238     0.969     0.049
 2     0.002    -0.053     0.998
 3   122.555    -2.152     1.380
 3     0.682    -0.051    -0.729
 3    -0.223     0.935    -0.275
 3     0.696     0.350     0.627
 4   107.328    12.665    -1.938
 4     0.774    -0.377     0.509
 4     0.589     0.724    -0.360
 4    -0.233     0.578     0.781
 5   127.174    14.756    15.160
 5     0.891    -0.452    -0.052
 5    -0.303    -0.509    -0.806
 5     0.338     0.733    -0.590
 6   135.559    -2.163     7.205
 6     0.214     0.749    -0.628
 6    -0.893    -0.111    -0.434
 6    -0.395     0.653     0.646
 7   110.775   -18.826    -2.410
 7     0.780     0.395     0.485
 7    -0.586     0.732     0.346
 7    -0.219    -0.554     0.802
 8   127.185   -19.670    16.897
 8     0.690     0.669     0.277
 8     0.230    -0.565     0.792
 8     0.686    -0.483    -0.544
 9   136.504    -1.449    15.708
 9     0.315    -0.450    -0.838
 9     0.936    -0.000     0.349
 9    -0.155    -0.893     0.419
 2    98.719   -22.612    59.347
 2     0.971    -0.239    -0.013
 2     0.238     0.969     0.049
 2     0.002    -0.053     0.998
 3   122.298    -2.078     1.116
 3     0.697    -0.057    -0.715
 3    -0.208     0.938    -0.277
 3     0.686     0.342     0.641
 4   106.865    12.503    -1.971
 4     0.751    -0.391     0.533
 4     0.619     0.696    -0.363
 4    -0.229     0.602     0.764
 5   126.044    14.114    15.927
 5     0.895    -0.438     0.085
 5    -0.263    -0.673    -0.691
 5     0.359     0.595    -0.718
