% Calibrated with leiden_pols
% Positions are in centimeters
Data =[
 2    97.398   -18.271    59.663
 2     0.625    -0.780     0.002
 2     0.780     0.625     0.034
 2    -0.028    -0.020     0.999
 3   123.116    -3.006     9.266
 3    -0.125     0.062    -0.990
 3     0.030    -0.997    -0.067
 3    -0.992    -0.038     0.122
 4   112.408    11.799   -12.280
 4     0.607    -0.602     0.518
 4     0.753     0.644    -0.135
 4    -0.253     0.472     0.844
 5   123.253    35.851     6.436
 5     0.585    -0.140     0.799
 5     0.580    -0.617    -0.532
 5     0.567     0.775    -0.280
 6   145.319    18.813    21.089
 6     0.437     0.681    -0.588
 6    -0.667     0.683     0.296
 6     0.603     0.262     0.753
 7   115.053   -21.390    -9.700
 7     0.591     0.740     0.320
 7    -0.806     0.520     0.283
 7     0.043    -0.425     0.904
 8   128.130   -40.522    10.004
 8     0.735     0.322     0.596
 8    -0.396    -0.510     0.764
 8     0.550    -0.798    -0.247
 9   145.351   -29.383    10.449
 9     0.613    -0.722    -0.321
 9     0.641     0.691    -0.333
 9     0.462    -0.002     0.887
 2    97.398   -18.271    59.663
 2     0.625    -0.781     0.002
 2     0.780     0.625     0.034
 2    -0.028    -0.020     0.999
 3   123.116    -3.006     9.215
 3    -0.125     0.062    -0.990
 3     0.030    -0.997    -0.066
 3    -0.992    -0.038     0.122
 4   112.380    11.849   -12.328
 4     0.607    -0.602     0.519
 4     0.753     0.644    -0.134
 4    -0.254     0.472     0.844
 5   123.203    35.851     6.385
 5     0.584    -0.140     0.799
 5     0.580    -0.616    -0.532
 5     0.567     0.775    -0.279
 6   145.321    18.814    21.136
 6     0.436     0.682    -0.588
 6    -0.667     0.683     0.298
 6     0.604     0.262     0.752
 7   115.075   -21.390    -9.697
 7     0.591     0.740     0.319
 7    -0.805     0.521     0.282
 7     0.042    -0.424     0.905
 8   128.200   -40.651     9.876
 8     0.735     0.327     0.594
 8    -0.397    -0.503     0.768
 8     0.550    -0.800    -0.240
 9   145.237   -29.300    10.350
 9     0.607    -0.729    -0.317
 9     0.642     0.684    -0.345
 9     0.468     0.006     0.883
 2    97.398   -18.271    59.663
 2     0.625    -0.780     0.002
 2     0.780     0.625     0.034
 2    -0.028    -0.020     0.999
 3   123.066    -3.006     9.212
 3    -0.123     0.060    -0.990
 3     0.030    -0.997    -0.064
 3    -0.992    -0.037     0.121
 4   112.405    11.798   -12.329
 4     0.607    -0.602     0.519
 4     0.753     0.644    -0.134
 4    -0.254     0.472     0.844
 5   123.307    35.801     6.434
 5     0.584    -0.142     0.799
 5     0.580    -0.616    -0.533
 5     0.568     0.775    -0.278
 6   145.330    18.687    21.081
 6     0.432     0.687    -0.585
 6    -0.668     0.679     0.305
 6     0.606     0.259     0.752
 7   115.115   -21.342    -9.788
 7     0.593     0.738     0.320
 7    -0.804     0.525     0.279
 7     0.038    -0.423     0.905
 8   128.345   -40.652     9.641
 8     0.735     0.338     0.587
 8    -0.394    -0.490     0.777
 8     0.551    -0.803    -0.227
 9   145.083   -29.289    10.263
 9     0.597    -0.737    -0.316
 9     0.644     0.675    -0.359
 9     0.478     0.011     0.878
 2    97.396   -18.272    59.666
 2     0.625    -0.781     0.002
 2     0.780     0.625     0.034
 2    -0.029    -0.020     0.999
 3   123.112    -3.056     9.213
 3    -0.123     0.059    -0.990
 3     0.029    -0.997    -0.064
 3    -0.992    -0.037     0.121
 4   112.458    11.799   -12.381
 4     0.608    -0.602     0.518
 4     0.752     0.645    -0.134
 4    -0.253     0.471     0.845
 5   123.314    35.778     6.377
 5     0.583    -0.145     0.799
 5     0.579    -0.617    -0.534
 5     0.570     0.774    -0.276
 6   145.232    18.635    21.077
 6     0.428     0.687    -0.587
 6    -0.669     0.677     0.305
 6     0.607     0.262     0.750
 7   115.161   -21.343    -9.833
 7     0.594     0.737     0.321
 7    -0.804     0.526     0.278
 7     0.036    -0.423     0.905
 8   128.346   -40.601     9.637
 8     0.735     0.341     0.586
 8    -0.394    -0.489     0.778
 8     0.552    -0.803    -0.225
 9   145.014   -29.236    10.360
 9     0.594    -0.738    -0.320
 9     0.645     0.675    -0.358
 9     0.480     0.006     0.877
 2    97.398   -18.271    59.663
 2     0.625    -0.781     0.002
 2     0.780     0.625     0.034
 2    -0.028    -0.020     0.999
 3   123.110    -3.006     9.210
 3    -0.122     0.059    -0.991
 3     0.029    -0.998    -0.063
 3    -0.992    -0.036     0.120
 4   112.510    11.748   -12.380
 4     0.609    -0.602     0.516
 4     0.751     0.646    -0.134
 4    -0.253     0.469     0.846
 5   123.270    35.805     6.320
 5     0.581    -0.148     0.800
 5     0.578    -0.617    -0.534
 5     0.572     0.773    -0.273
 6   145.097    18.501    21.184
 6     0.422     0.685    -0.594
 6    -0.675     0.675     0.299
 6     0.605     0.275     0.746
 7   115.163   -21.343    -9.836
 7     0.594     0.737     0.321
 7    -0.804     0.526     0.278
 7     0.037    -0.424     0.905
 8   128.022   -40.568     9.961
 8     0.732     0.321     0.601
 8    -0.395    -0.519     0.758
 8     0.555    -0.792    -0.253
 9   145.210   -29.390    10.588
 9     0.612    -0.719    -0.330
 9     0.648     0.694    -0.311
 9     0.453    -0.024     0.891
 2    97.398   -18.271    59.663
 2     0.625    -0.781     0.002
 2     0.780     0.625     0.034
 2    -0.028    -0.020     0.999
 3   123.108    -3.056     9.314
 3    -0.121     0.057    -0.991
 3     0.028    -0.998    -0.061
 3    -0.992    -0.036     0.119
 4   112.560    11.798   -12.380
 4     0.610    -0.602     0.516
 4     0.751     0.646    -0.134
 4    -0.253     0.469     0.846
 5   123.273    35.781     6.368
 5     0.581    -0.148     0.800
 5     0.578    -0.618    -0.534
 5     0.573     0.772    -0.273
 6   145.321    18.261    21.226
 6     0.430     0.667    -0.609
 6    -0.682     0.682     0.264
 6     0.591     0.301     0.748
 7   115.063   -21.389    -9.679
 7     0.585     0.743     0.324
 7    -0.810     0.512     0.285
 7     0.046    -0.430     0.902
 8   127.420   -40.333    10.950
 8     0.732     0.275     0.624
 8    -0.401    -0.567     0.720
 8     0.551    -0.777    -0.305
 9   145.764   -29.717    10.628
 9     0.649    -0.684    -0.333
 9     0.643     0.727    -0.241
 9     0.406    -0.058     0.912
 2    97.398   -18.271    59.663
 2     0.625    -0.780     0.002
 2     0.780     0.625     0.034
 2    -0.028    -0.020     0.999
 3   123.101    -3.107     9.257
 3    -0.123     0.055    -0.991
 3     0.028    -0.998    -0.059
 3    -0.992    -0.035     0.121
 4   112.563    11.748   -12.332
 4     0.612    -0.601     0.515
 4     0.750     0.647    -0.136
 4    -0.252     0.469     0.846
 5   123.324    35.730     6.418
 5     0.582    -0.149     0.799
 5     0.577    -0.618    -0.534
 5     0.573     0.772    -0.274
 6   145.359    18.014    20.708
 6     0.447     0.632    -0.633
 6    -0.692     0.693     0.203
 6     0.567     0.347     0.747
 7   114.974   -21.514    -9.688
 7     0.581     0.746     0.326
 7    -0.812     0.507     0.288
 7     0.050    -0.432     0.900
 8   127.210   -40.279    11.280
 8     0.730     0.257     0.633
 8    -0.403    -0.586     0.703
 8     0.552    -0.769    -0.324
 9   145.941   -30.196    10.522
 9     0.666    -0.671    -0.325
 9     0.639     0.738    -0.215
 9     0.384    -0.064     0.921
 2    97.398   -18.271    59.663
 2     0.625    -0.780     0.002
 2     0.780     0.625     0.034
 2    -0.028    -0.020     0.999
 3   123.100    -3.056     9.257
 3    -0.123     0.054    -0.991
 3     0.028    -0.998    -0.058
 3    -0.992    -0.035     0.121
 4   112.515    11.749   -12.386
 4     0.612    -0.600     0.515
 4     0.749     0.647    -0.137
 4    -0.251     0.470     0.846
 5   123.174    35.556     6.761
 5     0.582    -0.135     0.802
 5     0.576    -0.628    -0.524
 5     0.574     0.767    -0.288
 6   145.872    19.023    20.788
 6     0.499     0.528    -0.687
 6    -0.681     0.729     0.066
 6     0.536     0.434     0.724
 7   114.919   -21.612    -9.556
 7     0.575     0.750     0.325
 7    -0.816     0.498     0.294
 7     0.058    -0.435     0.899
 8   126.561   -39.732    12.720
 8     0.725     0.182     0.664
 8    -0.413    -0.656     0.631
 8     0.551    -0.732    -0.400
 9   146.984   -30.988    10.460
 9     0.728    -0.614    -0.305
 9     0.614     0.781    -0.106
 9     0.304    -0.110     0.946
 2    97.396   -18.272    59.666
 2     0.625    -0.781     0.002
 2     0.780     0.625     0.034
 2    -0.029    -0.020     0.999
 3   123.156    -3.107     9.208
 3    -0.124     0.053    -0.991
 3     0.029    -0.998    -0.057
 3    -0.992    -0.036     0.122
 4   112.392    11.750   -12.262
 4     0.610    -0.601     0.515
 4     0.751     0.645    -0.138
 4    -0.250     0.471     0.846
 5   123.080    35.426     6.794
 5     0.584    -0.118     0.803
 5     0.578    -0.633    -0.514
 5     0.569     0.765    -0.302
 6   146.268    19.700    20.661
 6     0.536     0.459    -0.709
 6    -0.673     0.739    -0.030
 6     0.510     0.493     0.705
 7   114.861   -21.652    -9.428
 7     0.566     0.759     0.321
 7    -0.821     0.483     0.304
 7     0.076    -0.436     0.897
 8   125.888   -39.141    13.888
 8     0.725     0.100     0.681
 8    -0.426    -0.712     0.557
 8     0.541    -0.695    -0.474
 9   147.944   -32.181    10.221
 9     0.785    -0.556    -0.272
 9     0.575     0.818    -0.012
 9     0.229    -0.147     0.962
 2    97.398   -18.271    59.663
 2     0.625    -0.780     0.002
 2     0.780     0.625     0.034
 2    -0.028    -0.020     0.999
 3   123.154    -3.107     9.207
 3    -0.125     0.053    -0.991
 3     0.029    -0.998    -0.057
 3    -0.992    -0.036     0.123
 4   112.025    11.747   -12.100
 4     0.603    -0.602     0.523
 4     0.755     0.641    -0.134
 4    -0.255     0.476     0.841
 5   122.874    35.496     6.872
 5     0.584    -0.104     0.805
 5     0.587    -0.631    -0.508
 5     0.560     0.769    -0.308
 6   146.647    20.642    19.856
 6     0.583     0.379    -0.719
 6    -0.650     0.748    -0.134
 6     0.487     0.545     0.682
 7   114.784   -21.672    -9.329
 7     0.560     0.766     0.317
 7    -0.824     0.474     0.309
 7     0.086    -0.434     0.897
 8   125.554   -38.832    14.582
 8     0.724     0.044     0.688
 8    -0.436    -0.744     0.507
 8     0.534    -0.667    -0.520
 9   148.434   -32.939     9.884
 9     0.818    -0.521    -0.243
 9     0.545     0.837     0.040
 9     0.183    -0.166     0.969
 2    97.398   -18.271    59.663
 2     0.625    -0.780     0.002
 2     0.780     0.625     0.034
 2    -0.028    -0.020     0.999
 3   123.176    -3.099     9.142
 3    -0.127     0.053    -0.990
 3     0.030    -0.998    -0.058
 3    -0.991    -0.038     0.125
 4   111.857    11.715   -12.082
 4     0.601    -0.599     0.530
 4     0.755     0.642    -0.131
 4    -0.262     0.479     0.838
 5   122.739    35.588     6.730
 5     0.586    -0.092     0.805
 5     0.596    -0.624    -0.505
 5     0.549     0.776    -0.311
 6   147.487    21.952    19.718
 6     0.631     0.268    -0.728
 6    -0.614     0.745    -0.259
 6     0.473     0.610     0.635
 7   114.726   -21.719    -9.296
 7     0.555     0.769     0.316
 7    -0.827     0.467     0.313
 7     0.093    -0.435     0.896
 8   125.400   -38.242    15.301
 8     0.724    -0.014     0.689
 8    -0.444    -0.775     0.451
 8     0.527    -0.632    -0.568
 9   149.307   -33.601     9.870
 9     0.856    -0.470    -0.217
 9     0.500     0.859     0.111
 9     0.134    -0.204     0.970
 2    97.398   -18.271    59.663
 2     0.625    -0.781     0.002
 2     0.780     0.625     0.034
 2    -0.028    -0.020     0.999
 3   123.224    -3.100     9.063
 3    -0.130     0.054    -0.990
 3     0.031    -0.998    -0.059
 3    -0.991    -0.038     0.128
 4   111.720    11.737   -12.047
 4     0.598    -0.597     0.535
 4     0.756     0.642    -0.130
 4    -0.266     0.482     0.835
 5   122.631    35.530     6.581
 5     0.586    -0.076     0.807
 5     0.605    -0.621    -0.498
 5     0.539     0.780    -0.318
 6   147.751    23.283    19.372
 6     0.678     0.179    -0.713
 6    -0.578     0.730    -0.366
 6     0.455     0.660     0.598
 7   114.626   -21.713    -9.302
 7     0.548     0.775     0.312
 7    -0.829     0.458     0.319
 7     0.104    -0.434     0.895
 8   125.338   -37.644    16.256
 8     0.722    -0.078     0.687
 8    -0.450    -0.807     0.381
 8     0.525    -0.585    -0.618
 9   150.446   -34.769     9.882
 9     0.893    -0.407    -0.190
 9     0.441     0.876     0.195
 9     0.087    -0.259     0.962
 2    97.398   -18.271    59.663
 2     0.625    -0.780     0.002
 2     0.780     0.625     0.034
 2    -0.028    -0.020     0.999
 3   123.228    -3.049     9.013
 3    -0.132     0.055    -0.990
 3     0.032    -0.998    -0.060
 3    -0.991    -0.039     0.130
 4   111.584    11.709   -12.038
 4     0.595    -0.595     0.539
 4     0.757     0.641    -0.128
 4    -0.270     0.484     0.832
 5   122.618    35.579     6.543
 5     0.582    -0.070     0.810
 5     0.612    -0.618    -0.493
 5     0.535     0.783    -0.317
 6   147.944    24.576    19.868
 6     0.710     0.105    -0.696
 6    -0.537     0.719    -0.440
 6     0.455     0.687     0.567
 7   114.669   -21.710    -9.273
 7     0.542     0.781     0.309
 7    -0.833     0.450     0.322
 7     0.112    -0.432     0.895
 8   125.128   -36.869    17.160
 8     0.718    -0.144     0.681
 8    -0.458    -0.834     0.308
 8     0.523    -0.533    -0.665
 9   151.001   -35.913     9.974
 9     0.927    -0.337    -0.162
 9     0.371     0.880     0.296
 9     0.042    -0.335     0.941
 2    97.398   -18.271    59.663
 2     0.625    -0.781     0.002
 2     0.780     0.625     0.034
 2    -0.028    -0.020     0.999
 3   123.229    -3.048     8.939
 3    -0.133     0.056    -0.990
 3     0.032    -0.998    -0.061
 3    -0.991    -0.040     0.131
 4   111.527    11.708   -11.983
 4     0.591    -0.596     0.543
 4     0.759     0.639    -0.126
 4    -0.272     0.486     0.830
 5   122.376    35.606     6.529
 5     0.572    -0.058     0.818
 5     0.624    -0.616    -0.480
 5     0.531     0.785    -0.317
 6   148.032    26.018    19.970
 6     0.743     0.039    -0.668
 6    -0.494     0.706    -0.508
 6     0.452     0.707     0.543
 7   114.684   -21.758    -9.292
 7     0.536     0.787     0.304
 7    -0.836     0.443     0.323
 7     0.119    -0.428     0.896
 8   125.055   -36.429    17.608
 8     0.715    -0.195     0.671
 8    -0.467    -0.848     0.251
 8     0.520    -0.493    -0.698
 9   151.651   -36.911     9.902
 9     0.948    -0.288    -0.132
 9     0.316     0.879     0.356
 9     0.014    -0.379     0.925
 2    97.398   -18.271    59.663
 2     0.625    -0.781     0.002
 2     0.780     0.625     0.034
 2    -0.028    -0.020     0.999
 3   123.246    -3.092     8.820
 3    -0.135     0.057    -0.989
 3     0.033    -0.997    -0.063
 3    -0.990    -0.041     0.133
 4   111.230    11.704   -11.841
 4     0.581    -0.598     0.552
 4     0.764     0.633    -0.119
 4    -0.279     0.491     0.825
 5   122.040    35.754     6.505
 5     0.566    -0.035     0.824
 5     0.639    -0.613    -0.465
 5     0.521     0.789    -0.324
 6   148.422    27.555    19.364
 6     0.789    -0.023    -0.614
 6    -0.438     0.680    -0.589
 6     0.431     0.733     0.526
 7   114.672   -21.754    -9.310
 7     0.533     0.790     0.302
 7    -0.837     0.439     0.326
 7     0.125    -0.427     0.896
 8   125.006   -35.837    18.336
 8     0.711    -0.245     0.659
 8    -0.476    -0.857     0.195
 8     0.517    -0.453    -0.726
 9   151.699   -38.066     9.982
 9     0.966    -0.240    -0.098
 9     0.258     0.864     0.432
 9    -0.020    -0.443     0.896
 2    97.398   -18.271    59.663
 2     0.625    -0.781     0.002
 2     0.780     0.625     0.034
 2    -0.028    -0.020     0.999
 3   123.196    -2.990     8.823
 3    -0.137     0.062    -0.989
 3     0.033    -0.997    -0.067
 3    -0.990    -0.042     0.134
 4   111.090    11.650   -11.830
 4     0.577    -0.597     0.558
 4     0.766     0.633    -0.115
 4    -0.284     0.494     0.822
 5   121.833    35.877     6.353
 5     0.560    -0.019     0.828
 5     0.651    -0.608    -0.454
 5     0.512     0.794    -0.328
 6   148.502    29.485    18.636
 6     0.830    -0.105    -0.548
 6    -0.367     0.636    -0.678
 6     0.420     0.764     0.489
 7   114.684   -21.701    -9.273
 7     0.530     0.793     0.300
 7    -0.838     0.435     0.329
 7     0.130    -0.426     0.895
 8   125.086   -35.478    18.550
 8     0.713    -0.284     0.640
 8    -0.483    -0.862     0.155
 8     0.508    -0.420    -0.752
 9   152.034   -39.086     9.693
 9     0.977    -0.202    -0.065
 9     0.206     0.835     0.510
 9    -0.049    -0.512     0.858
 2    97.398   -18.271    59.663
 2     0.625    -0.781     0.002
 2     0.780     0.625     0.034
 2    -0.028    -0.020     0.999
 3   123.240    -2.939     8.744
 3    -0.140     0.064    -0.988
 3     0.033    -0.997    -0.070
 3    -0.990    -0.042     0.137
 4   110.951    11.596   -11.843
 4     0.572    -0.597     0.562
 4     0.768     0.631    -0.110
 4    -0.289     0.495     0.819
 5   121.544    35.829     6.256
 5     0.551    -0.005     0.834
 5     0.661    -0.608    -0.439
 5     0.509     0.794    -0.332
 6   148.236    31.170    19.263
 6     0.857    -0.191    -0.479
 6    -0.296     0.578    -0.760
 6     0.422     0.793     0.438
 7   114.646   -21.749    -9.236
 7     0.527     0.795     0.299
 7    -0.839     0.431     0.332
 7     0.135    -0.427     0.894
 8   125.096   -35.118    18.973
 8     0.713    -0.313     0.627
 8    -0.488    -0.864     0.123
 8     0.504    -0.394    -0.769
 9   152.054   -40.446     9.706
 9     0.986    -0.162    -0.041
 9     0.156     0.804     0.574
 9    -0.060    -0.573     0.818
 2    97.398   -18.271    59.663
 2     0.625    -0.780     0.002
 2     0.780     0.625     0.034
 2    -0.028    -0.020     0.999
 3   123.246    -2.982     8.675
 3    -0.142     0.065    -0.988
 3     0.032    -0.997    -0.071
 3    -0.989    -0.042     0.139
 4   110.846    11.544   -11.889
 4     0.569    -0.598     0.564
 4     0.769     0.630    -0.107
 4    -0.291     0.495     0.819
 5   121.294    35.834     6.177
 5     0.540    -0.001     0.841
 5     0.669    -0.606    -0.430
 5     0.510     0.795    -0.327
 6   148.129    32.314    19.468
 6     0.868    -0.239    -0.436
 6    -0.251     0.547    -0.799
 6     0.429     0.802     0.414
 7   114.600   -21.799    -9.241
 7     0.525     0.796     0.300
 7    -0.840     0.428     0.333
 7     0.137    -0.427     0.894
 8   125.047   -35.117    18.934
 8     0.713    -0.326     0.621
 8    -0.491    -0.864     0.110
 8     0.501    -0.384    -0.776
 9   151.652   -41.333    10.079
 9     0.992    -0.118    -0.030
 9     0.107     0.727     0.677
 9    -0.058    -0.676     0.735
 2    97.398   -18.271    59.663
 2     0.625    -0.780     0.002
 2     0.780     0.625     0.034
 2    -0.028    -0.020     0.999
 3   123.185    -2.930     8.620
 3    -0.144     0.067    -0.987
 3     0.031    -0.997    -0.072
 3    -0.989    -0.041     0.141
 4   110.810    11.516   -11.929
 4     0.565    -0.600     0.566
 4     0.770     0.629    -0.103
 4    -0.295     0.494     0.818
 5   121.107    35.835     6.082
 5     0.533     0.010     0.846
 5     0.677    -0.605    -0.420
 5     0.507     0.796    -0.329
 6   147.917    33.908    19.283
 6     0.885    -0.275    -0.376
 6    -0.191     0.522    -0.831
 6     0.424     0.807     0.410
 7   114.606   -21.747    -9.246
 7     0.523     0.797     0.300
 7    -0.841     0.426     0.335
 7     0.139    -0.427     0.893
 8   125.107   -34.886    19.236
 8     0.709    -0.359     0.607
 8    -0.501    -0.862     0.075
 8     0.496    -0.357    -0.791
 9   151.422   -43.348    10.383
 9     0.996    -0.080     0.010
 9     0.043     0.648     0.760
 9    -0.068    -0.757     0.650
 2    97.348   -18.220    59.663
 2     0.625    -0.781     0.002
 2     0.780     0.624     0.034
 2    -0.028    -0.020     0.999
 3   123.178    -2.981     8.566
 3    -0.144     0.067    -0.987
 3     0.030    -0.997    -0.072
 3    -0.989    -0.040     0.142
 4   110.751    11.463   -11.972
 4     0.562    -0.599     0.569
 4     0.771     0.628    -0.100
 4    -0.298     0.495     0.816
 5   120.995    35.886     6.013
 5     0.528     0.018     0.849
 5     0.683    -0.602    -0.412
 5     0.504     0.798    -0.331
 6   147.798    35.586    19.205
 6     0.899    -0.322    -0.296
 6    -0.119     0.470    -0.875
 6     0.421     0.821     0.384
 7   114.561   -21.799    -9.250
 7     0.518     0.800     0.301
 7    -0.844     0.420     0.334
 7     0.141    -0.427     0.893
 8   125.097   -34.761    19.409
 8     0.710    -0.389     0.586
 8    -0.511    -0.858     0.049
 8     0.484    -0.334    -0.809
 9   150.804   -45.369    10.337
 9     0.996    -0.059     0.069
 9    -0.026     0.547     0.836
 9    -0.088    -0.835     0.543
 2    97.398   -18.271    59.663
 2     0.625    -0.780     0.002
 2     0.780     0.625     0.034
 2    -0.028    -0.020     0.999
 3   123.176    -2.981     8.540
 3    -0.146     0.066    -0.987
 3     0.030    -0.997    -0.072
 3    -0.989    -0.040     0.143
 4   110.645    11.462   -11.918
 4     0.559    -0.600     0.572
 4     0.773     0.626    -0.098
 4    -0.300     0.497     0.814
 5   120.863    35.839     6.087
 5     0.522     0.030     0.852
 5     0.688    -0.605    -0.401
 5     0.503     0.796    -0.337
 6   147.578    37.258    19.540
 6     0.907    -0.358    -0.223
 6    -0.059     0.416    -0.908
 6     0.417     0.836     0.356
 7   114.488   -21.750    -9.400
 7     0.513     0.802     0.304
 7    -0.846     0.415     0.333
 7     0.141    -0.429     0.892
 8   125.220   -34.534    19.559
 8     0.707    -0.430     0.560
 8    -0.526    -0.850     0.011
 8     0.472    -0.302    -0.828
 9   150.213   -47.333    10.757
 9     0.989    -0.046     0.137
 9    -0.105     0.425     0.899
 9    -0.100    -0.904     0.416
 2    97.398   -18.220    59.663
 2     0.625    -0.781     0.002
 2     0.780     0.624     0.035
 2    -0.028    -0.020     0.999
 3   123.234    -2.973     8.370
 3    -0.150     0.065    -0.986
 3     0.030    -0.997    -0.071
 3    -0.988    -0.041     0.148
 4   110.614    11.410   -11.913
 4     0.557    -0.599     0.575
 4     0.773     0.627    -0.097
 4    -0.302     0.499     0.812
 5   120.808    35.941     6.063
 5     0.519     0.036     0.854
 5     0.691    -0.605    -0.395
 5     0.502     0.795    -0.339
 6   147.364    39.372    19.615
 6     0.909    -0.395    -0.132
 6     0.025     0.368    -0.929
 6     0.416     0.841     0.344
 7   114.394   -21.750    -9.353
 7     0.509     0.804     0.306
 7    -0.849     0.409     0.334
 7     0.143    -0.430     0.891
 8   125.231   -34.176    19.813
 8     0.702    -0.466     0.538
 8    -0.538    -0.842    -0.027
 8     0.466    -0.271    -0.842
 9   149.164   -49.690    11.693
 9     0.976    -0.037     0.215
 9    -0.196     0.284     0.938
 9    -0.096    -0.958     0.270
 2    97.396   -18.272    59.666
 2     0.625    -0.781     0.002
 2     0.780     0.625     0.035
 2    -0.029    -0.020     0.999
 3   123.253    -2.923     8.289
 3    -0.152     0.065    -0.986
 3     0.030    -0.997    -0.070
 3    -0.988    -0.040     0.150
 4   110.500    11.406   -11.849
 4     0.553    -0.599     0.578
 4     0.774     0.626    -0.093
 4    -0.307     0.499     0.810
 5   120.712    36.069     5.971
 5     0.512     0.053     0.857
 5     0.700    -0.604    -0.381
 5     0.497     0.795    -0.347
 6   146.750    40.735    19.031
 6     0.908    -0.414    -0.066
 6     0.087     0.339    -0.937
 6     0.410     0.844     0.344
 7   114.403   -21.698    -9.363
 7     0.505     0.807     0.306
 7    -0.851     0.405     0.336
 7     0.147    -0.430     0.891
 8   125.120   -34.074    20.003
 8     0.693    -0.495     0.524
 8    -0.552    -0.832    -0.056
 8     0.464    -0.250    -0.850
 9   148.398   -51.204    12.723
 9     0.962    -0.040     0.270
 9    -0.259     0.180     0.949
 9    -0.087    -0.983     0.163
 2    97.396   -18.272    59.666
 2     0.625    -0.781     0.002
 2     0.780     0.625     0.035
 2    -0.029    -0.020     0.999
 3   123.222    -2.922     8.238
 3    -0.154     0.064    -0.986
 3     0.029    -0.997    -0.070
 3    -0.988    -0.040     0.151
 4   110.439    11.353   -11.890
 4     0.548    -0.601     0.581
 4     0.776     0.624    -0.087
 4    -0.311     0.499     0.809
 5   120.481    36.120     5.919
 5     0.509     0.061     0.858
 5     0.703    -0.605    -0.374
 5     0.496     0.794    -0.351
 6   146.233    42.281    19.241
 6     0.900    -0.435     0.014
 6     0.153     0.286    -0.946
 6     0.407     0.853     0.324
 7   114.386   -21.748    -9.320
 7     0.501     0.809     0.306
 7    -0.852     0.400     0.337
 7     0.150    -0.430     0.890
 8   125.124   -33.895    20.217
 8     0.688    -0.529     0.496
 8    -0.565    -0.820    -0.091
 8     0.455    -0.217    -0.863
 9   147.359   -53.204    13.931
 9     0.938    -0.069     0.339
 9    -0.336     0.056     0.940
 9    -0.084    -0.996     0.030
 2    97.396   -18.221    59.666
 2     0.625    -0.781     0.002
 2     0.780     0.624     0.035
 2    -0.029    -0.020     0.999
 3   123.223    -2.890     8.166
 3    -0.156     0.065    -0.986
 3     0.028    -0.997    -0.070
 3    -0.987    -0.038     0.153
 4   110.408    11.352   -11.885
 4     0.546    -0.603     0.582
 4     0.777     0.623    -0.084
 4    -0.313     0.499     0.808
 5   120.350    36.122     5.917
 5     0.507     0.072     0.859
 5     0.706    -0.607    -0.366
 5     0.495     0.791    -0.358
 6   145.672    43.308    19.194
 6     0.894    -0.443     0.068
 6     0.200     0.259    -0.945
 6     0.401     0.858     0.320
 7   114.346   -21.848    -9.330
 7     0.497     0.811     0.307
 7    -0.854     0.394     0.339
 7     0.154    -0.431     0.889
 8   125.358   -33.589    20.559
 8     0.679    -0.570     0.462
 8    -0.583    -0.802    -0.133
 8     0.446    -0.179    -0.877
 9   146.637   -55.027    15.331
 9     0.907    -0.121     0.401
 9    -0.411    -0.061     0.910
 9    -0.086    -0.991    -0.105
 2    97.396   -18.272    59.666
 2     0.625    -0.780     0.003
 2     0.780     0.625     0.034
 2    -0.029    -0.020     0.999
 3   123.242    -2.889     8.165
 3    -0.157     0.066    -0.985
 3     0.027    -0.997    -0.071
 3    -0.987    -0.038     0.155
 4   110.355    11.326   -11.882
 4     0.544    -0.603     0.583
 4     0.778     0.622    -0.083
 4    -0.314     0.499     0.808
 5   120.115    36.199     6.016
 5     0.505     0.086     0.858
 5     0.708    -0.610    -0.355
 5     0.493     0.787    -0.369
 6   145.072    44.767    18.956
 6     0.883    -0.451     0.132
 6     0.260     0.233    -0.937
 6     0.391     0.861     0.323
 7   114.302   -21.797    -9.333
 7     0.492     0.814     0.309
 7    -0.856     0.388     0.340
 7     0.156    -0.432     0.888
 8   125.202   -33.358    20.702
 8     0.668    -0.604     0.435
 8    -0.598    -0.783    -0.170
 8     0.443    -0.147    -0.884
 9   145.684   -56.552    16.219
 9     0.878    -0.171     0.446
 9    -0.469    -0.131     0.873
 9    -0.091    -0.976    -0.195
 2    97.398   -18.271    59.663
 2     0.625    -0.781     0.002
 2     0.780     0.625     0.034
 2    -0.028    -0.020     0.999
 3   123.240    -2.889     8.138
 3    -0.159     0.066    -0.985
 3     0.027    -0.997    -0.071
 3    -0.987    -0.038     0.157
 4   110.248    11.326   -11.878
 4     0.538    -0.606     0.585
 4     0.781     0.619    -0.078
 4    -0.316     0.499     0.807
 5   119.935    36.304     6.137
 5     0.501     0.097     0.859
 5     0.711    -0.612    -0.346
 5     0.493     0.784    -0.377
 6   144.330    46.076    18.856
 6     0.867    -0.458     0.196
 6     0.317     0.201    -0.927
 6     0.385     0.865     0.319
 7   114.312   -21.747    -9.343
 7     0.485     0.818     0.309
 7    -0.860     0.381     0.340
 7     0.160    -0.430     0.888
 8   125.178   -32.997    20.935
 8     0.657    -0.634     0.408
 8    -0.610    -0.765    -0.206
 8     0.443    -0.114    -0.889
 9   144.923   -57.427    18.183
 9     0.844    -0.243     0.478
 9    -0.529    -0.232     0.816
 9    -0.088    -0.942    -0.325
 2    97.398   -18.271    59.663
 2     0.625    -0.780     0.002
 2     0.780     0.625     0.034
 2    -0.028    -0.020     0.999
 3   123.239    -2.889     8.137
 3    -0.160     0.066    -0.985
 3     0.027    -0.997    -0.072
 3    -0.987    -0.038     0.158
 4   110.172    11.352   -11.828
 4     0.535    -0.609     0.586
 4     0.784     0.616    -0.075
 4    -0.316     0.499     0.807
 5   119.779    36.305     6.234
 5     0.502     0.111     0.858
 5     0.712    -0.617    -0.337
 5     0.492     0.779    -0.388
 6   143.529    47.356    18.873
 6     0.848    -0.462     0.259
 6     0.373     0.174    -0.911
 6     0.375     0.869     0.320
 7   114.267   -21.697    -9.347
 7     0.481     0.820     0.309
 7    -0.862     0.377     0.340
 7     0.162    -0.430     0.888
 8   125.248   -32.690    21.082
 8     0.642    -0.669     0.374
 8    -0.628    -0.739    -0.244
 8     0.439    -0.078    -0.895
 9   144.217   -58.230    19.121
 9     0.810    -0.305     0.499
 9    -0.579    -0.295     0.760
 9    -0.085    -0.905    -0.416
 2    97.398   -18.271    59.663
 2     0.625    -0.781     0.002
 2     0.780     0.625     0.034
 2    -0.028    -0.020     0.999
 3   123.250    -2.781     8.073
 3    -0.162     0.068    -0.984
 3     0.027    -0.997    -0.074
 3    -0.986    -0.039     0.160
 4   110.167    11.277   -11.826
 4     0.530    -0.612     0.587
 4     0.786     0.613    -0.070
 4    -0.317     0.499     0.806
 5   119.569    36.306     6.260
 5     0.499     0.121     0.858
 5     0.715    -0.617    -0.329
 5     0.490     0.777    -0.395
 6   143.206    47.918    18.757
 6     0.839    -0.463     0.286
 6     0.398     0.165    -0.902
 6     0.370     0.871     0.323
 7   114.320   -21.749    -9.399
 7     0.475     0.823     0.310
 7    -0.865     0.371     0.338
 7     0.163    -0.429     0.888
 8   125.149   -32.509    21.229
 8     0.629    -0.692     0.354
 8    -0.640    -0.719    -0.270
 8     0.442    -0.057    -0.895
 9   143.435   -58.472    20.517
 9     0.784    -0.353     0.511
 9    -0.617    -0.341     0.709
 9    -0.076    -0.871    -0.485
 2    97.396   -18.272    59.666
 2     0.625    -0.781     0.002
 2     0.780     0.625     0.034
 2    -0.029    -0.020     0.999
 3   123.248    -2.781     8.021
 3    -0.164     0.069    -0.984
 3     0.027    -0.997    -0.075
 3    -0.986    -0.039     0.162
 4   110.113    11.328   -11.773
 4     0.526    -0.615     0.588
 4     0.789     0.610    -0.068
 4    -0.318     0.499     0.806
 5   119.507    36.255     6.487
 5     0.501     0.138     0.854
 5     0.715    -0.622    -0.319
 5     0.487     0.771    -0.411
 6   142.455    49.248    18.826
 6     0.816    -0.465     0.344
 6     0.452     0.142    -0.880
 6     0.360     0.874     0.326
 7   114.372   -21.701    -9.451
 7     0.469     0.827     0.309
 7    -0.868     0.366     0.336
 7     0.164    -0.426     0.889
 8   125.166   -32.226    21.358
 8     0.621    -0.709     0.334
 8    -0.647    -0.704    -0.292
 8     0.442    -0.034    -0.896
 9   142.958   -58.795    21.654
 9     0.758    -0.403     0.512
 9    -0.648    -0.376     0.662
 9    -0.075    -0.834    -0.547
 2    97.398   -18.271    59.663
 2     0.625    -0.781     0.002
 2     0.780     0.625     0.034
 2    -0.028    -0.020     0.999
 3   123.353    -2.780     8.025
 3    -0.167     0.071    -0.983
 3     0.028    -0.997    -0.077
 3    -0.986    -0.041     0.164
 4   110.115    11.329   -11.750
 4     0.525    -0.616     0.588
 4     0.790     0.609    -0.067
 4    -0.317     0.499     0.806
 5   119.506    36.205     6.611
 5     0.501     0.144     0.853
 5     0.715    -0.624    -0.315
 5     0.487     0.768    -0.416
 6   142.162    49.837    18.782
 6     0.803    -0.469     0.367
 6     0.476     0.136    -0.869
 6     0.357     0.873     0.332
 7   114.602   -21.701    -9.459
 7     0.463     0.832     0.306
 7    -0.870     0.361     0.334
 7     0.167    -0.421     0.891
 8   123.062   -32.288    19.557
 8     0.610    -0.736     0.293
 8    -0.658    -0.677    -0.330
 8     0.441     0.008    -0.897
 9   142.773   -58.554    23.014
 9     0.728    -0.463     0.505
 9    -0.682    -0.413     0.604
 9    -0.071    -0.785    -0.616
 2    97.396   -18.272    59.666
 2     0.625    -0.780     0.002
 2     0.780     0.625     0.034
 2    -0.029    -0.020     0.999
 3   123.550    -2.775     7.938
 3    -0.168     0.073    -0.983
 3     0.030    -0.996    -0.080
 3    -0.985    -0.043     0.165
 4   110.343    11.333   -11.706
 4     0.521    -0.620     0.587
 4     0.793     0.605    -0.065
 4    -0.315     0.499     0.807
 5   119.555    36.206     6.609
 5     0.501     0.146     0.853
 5     0.715    -0.625    -0.313
 5     0.487     0.767    -0.418
 6   141.717    50.430    18.959
 6     0.787    -0.470     0.398
 6     0.504     0.119    -0.856
 6     0.355     0.874     0.331
 7   114.958   -21.749    -9.548
 7     0.460     0.836     0.300
 7    -0.871     0.360     0.333
 7     0.171    -0.415     0.894
 8   123.555   -31.811    19.803
 8     0.606    -0.749     0.268
 8    -0.660    -0.662    -0.356
 8     0.444     0.038    -0.895
 9   142.992   -58.597    24.152
 9     0.700    -0.513     0.497
 9    -0.710    -0.431     0.556
 9    -0.071    -0.742    -0.666
 2    97.398   -18.271    59.663
 2     0.625    -0.780     0.002
 2     0.780     0.625     0.034
 2    -0.028    -0.020     0.999
 3   123.720    -2.780     8.033
 3    -0.165     0.078    -0.983
 3     0.030    -0.996    -0.084
 3    -0.986    -0.044     0.162
 4   110.463    11.282   -11.649
 4     0.517    -0.623     0.587
 4     0.795     0.603    -0.061
 4    -0.317     0.498     0.807
 5   119.784    36.152     6.972
 5     0.505     0.167     0.846
 5     0.716    -0.629    -0.303
 5     0.481     0.759    -0.438
 6   141.570    50.959    18.690
 6     0.776    -0.463     0.428
 6     0.530     0.111    -0.840
 6     0.341     0.879     0.332
 7   115.185   -21.749    -9.554
 7     0.457     0.839     0.295
 7    -0.872     0.359     0.333
 7     0.173    -0.410     0.896
 8   124.094   -31.261    19.959
 8     0.603    -0.762     0.236
 8    -0.661    -0.644    -0.385
 8     0.445     0.076    -0.892
 9   143.016   -58.265    24.747
 9     0.680    -0.555     0.479
 9    -0.729    -0.442     0.522
 9    -0.078    -0.704    -0.705
 2    97.398   -18.271    59.663
 2     0.625    -0.780     0.002
 2     0.780     0.625     0.034
 2    -0.028    -0.020     0.999
 3   123.902    -2.704     8.087
 3    -0.165     0.082    -0.983
 3     0.031    -0.995    -0.088
 3    -0.986    -0.045     0.161
 4   110.588    11.232   -11.573
 4     0.517    -0.623     0.588
 4     0.795     0.603    -0.061
 4    -0.317     0.498     0.807
 5   119.998    36.021     7.032
 5     0.511     0.172     0.842
 5     0.714    -0.630    -0.305
 5     0.477     0.758    -0.445
 6   141.545    51.444    18.610
 6     0.762    -0.466     0.448
 6     0.554     0.112    -0.825
 6     0.334     0.877     0.344
 7   115.261   -21.801    -9.557
 7     0.454     0.842     0.292
 7    -0.874     0.356     0.330
 7     0.174    -0.405     0.897
 8   124.402   -30.957    20.148
 8     0.605    -0.765     0.221
 8    -0.659    -0.637    -0.399
 8     0.446     0.095    -0.890
 9   143.111   -57.669    25.079
 9     0.668    -0.596     0.445
 9    -0.736    -0.442     0.512
 9    -0.109    -0.670    -0.734
 2    97.398   -18.271    59.663
 2     0.625    -0.781     0.002
 2     0.780     0.625     0.034
 2    -0.028    -0.020     0.999
 3   124.089    -2.780     8.142
 3    -0.165     0.080    -0.983
 3     0.033    -0.996    -0.087
 3    -0.986    -0.047     0.161
 4   110.742    11.285   -11.478
 4     0.517    -0.622     0.587
 4     0.795     0.603    -0.063
 4    -0.315     0.500     0.807
 5   120.357    35.673     7.638
 5     0.516     0.191     0.834
 5     0.708    -0.643    -0.291
 5     0.481     0.741    -0.468
 6   141.140    51.908    18.980
 6     0.739    -0.469     0.484
 6     0.589     0.100    -0.802
 6     0.328     0.877     0.350
 7   115.295   -21.760    -9.583
 7     0.446     0.844     0.295
 7    -0.879     0.352     0.321
 7     0.167    -0.403     0.900
 8   124.788   -30.801    19.975
 8     0.602    -0.777     0.184
 8    -0.669    -0.616    -0.416
 8     0.437     0.126    -0.891
 9   142.965   -57.006    24.812
 9     0.647    -0.646     0.404
 9    -0.747    -0.433     0.504
 9    -0.151    -0.629    -0.763
 2    97.398   -18.271    59.663
 2     0.625    -0.780     0.002
 2     0.780     0.625     0.034
 2    -0.028    -0.020     0.999
 3   124.288    -2.781     8.150
 3    -0.165     0.081    -0.983
 3     0.037    -0.995    -0.089
 3    -0.986    -0.051     0.161
 4   110.819    11.286   -11.404
 4     0.516    -0.624     0.587
 4     0.797     0.600    -0.063
 4    -0.314     0.500     0.807
 5   120.356    35.775     7.589
 5     0.514     0.190     0.836
 5     0.710    -0.641    -0.291
 5     0.481     0.743    -0.465
 6   140.763    52.318    19.030
 6     0.729    -0.477     0.490
 6     0.600     0.101    -0.793
 6     0.329     0.873     0.360
 7   115.259   -21.654    -9.525
 7     0.433     0.848     0.304
 7    -0.888     0.346     0.301
 7     0.150    -0.401     0.903
 8   124.822   -30.866    19.932
 8     0.597    -0.784     0.168
 8    -0.677    -0.605    -0.418
 8     0.430     0.135    -0.893
 9   142.320   -57.126    23.638
 9     0.620    -0.700     0.353
 9    -0.745    -0.385     0.545
 9    -0.246    -0.601    -0.760
 2    97.446   -18.272    59.666
 2     0.625    -0.781     0.002
 2     0.780     0.625     0.034
 2    -0.029    -0.020     0.999
 3   124.373    -2.775     8.135
 3    -0.166     0.081    -0.983
 3     0.037    -0.995    -0.088
 3    -0.985    -0.051     0.162
 4   110.864    11.286   -11.398
 4     0.513    -0.626     0.587
 4     0.798     0.600    -0.058
 4    -0.316     0.498     0.807
 5   120.168    35.899     7.476
 5     0.510     0.193     0.838
 5     0.716    -0.636    -0.289
 5     0.477     0.747    -0.463
 6   140.262    52.850    18.643
 6     0.717    -0.479     0.506
 6     0.618     0.100    -0.780
 6     0.322     0.872     0.367
 7   114.893   -21.526    -9.401
 7     0.419     0.849     0.321
 7    -0.899     0.337     0.280
 7     0.129    -0.406     0.905
 8   124.903   -30.766    19.897
 8     0.589    -0.798     0.125
 8    -0.691    -0.578    -0.434
 8     0.419     0.169    -0.892
 9   140.784   -56.095    21.888
 9     0.579    -0.760     0.293
 9    -0.720    -0.309     0.621
 9    -0.382    -0.571    -0.726
 2    97.398   -18.271    59.663
 2     0.625    -0.780     0.002
 2     0.780     0.625     0.034
 2    -0.028    -0.020     0.999
 3   124.401    -2.723     8.077
 3    -0.170     0.082    -0.982
 3     0.034    -0.995    -0.089
 3    -0.985    -0.049     0.167
 4   110.847    11.179   -11.403
 4     0.507    -0.630     0.588
 4     0.799     0.599    -0.047
 4    -0.323     0.494     0.807
 5   119.921    35.971     7.270
 5     0.505     0.199     0.839
 5     0.724    -0.628    -0.286
 5     0.470     0.752    -0.462
 6   139.824    53.333    18.476
 6     0.708    -0.483     0.514
 6     0.629     0.102    -0.771
 6     0.319     0.870     0.375
 7   114.753   -21.513    -9.295
 7     0.407     0.852     0.327
 7    -0.905     0.329     0.269
 7     0.121    -0.406     0.906
 8   124.726   -30.453    20.282
 8     0.578    -0.810     0.103
