% Calibrated with leiden_pols
% Positions are in centimeters
Data =[
 2    97.425   -18.255    59.654
 2     0.577    -0.817     0.002
 2     0.816     0.576     0.032
 2    -0.028    -0.017     0.999
 3   124.163    -2.471    10.440
 3    -0.152     0.070    -0.986
 3     0.119    -0.989    -0.089
 3    -0.981    -0.131     0.142
 4   114.497    15.203    -8.248
 4     0.522    -0.840     0.150
 4     0.834     0.466    -0.295
 4     0.178     0.279     0.943
 5   113.127    23.419    22.222
 5     0.235    -0.031     0.971
 5     0.142    -0.988    -0.066
 5     0.961     0.153    -0.228
 6   127.516    25.340    50.606
 6     0.244    -0.771    -0.588
 6    -0.112     0.580    -0.807
 6     0.963     0.263     0.056
 7   116.819   -22.373    -7.851
 7     0.392     0.912     0.120
 7    -0.862     0.318     0.394
 7     0.321    -0.258     0.911
 8   115.504   -24.980    24.363
 8     0.354    -0.115     0.928
 8    -0.140    -0.988    -0.069
 8     0.924    -0.106    -0.366
 9   124.968   -29.541    42.136
 9     0.391     0.832    -0.393
 9     0.002     0.425     0.905
 9     0.920    -0.355     0.164
 2    97.425   -18.255    59.680
 2     0.577    -0.817     0.002
 2     0.816     0.576     0.033
 2    -0.028    -0.017     0.999
 3   124.140    -2.522    10.567
 3    -0.151     0.069    -0.986
 3     0.119    -0.989    -0.088
 3    -0.981    -0.130     0.141
 4   114.500    15.204    -8.200
 4     0.521    -0.840     0.149
 4     0.834     0.465    -0.296
 4     0.179     0.278     0.943
 5   113.136    23.422    22.263
 5     0.233    -0.031     0.972
 5     0.141    -0.988    -0.066
 5     0.962     0.152    -0.226
 6   127.348    25.341    50.692
 6     0.242    -0.774    -0.586
 6    -0.113     0.577    -0.809
 6     0.964     0.261     0.052
 7   116.821   -22.322    -7.803
 7     0.391     0.912     0.119
 7    -0.862     0.318     0.395
 7     0.322    -0.257     0.911
 8   115.460   -24.979    24.405
 8     0.353    -0.115     0.928
 8    -0.140    -0.988    -0.069
 8     0.925    -0.106    -0.365
 9   124.917   -29.541    42.187
 9     0.391     0.833    -0.392
 9     0.002     0.424     0.905
 9     0.920    -0.355     0.164
 2    97.425   -18.255    59.680
 2     0.577    -0.817     0.002
 2     0.816     0.576     0.033
 2    -0.028    -0.017     0.999
 3   124.081    -2.476    10.633
 3    -0.150     0.071    -0.986
 3     0.118    -0.989    -0.089
 3    -0.982    -0.130     0.140
 4   114.502    15.205    -8.203
 4     0.521    -0.841     0.148
 4     0.834     0.465    -0.296
 4     0.180     0.278     0.943
 5   113.061    23.371    22.315
 5     0.232    -0.032     0.972
 5     0.141    -0.988    -0.066
 5     0.962     0.152    -0.225
 6   127.297    25.341    50.691
 6     0.241    -0.775    -0.584
 6    -0.113     0.575    -0.810
 6     0.964     0.262     0.051
 7   116.724   -22.296    -7.781
 7     0.391     0.913     0.118
 7    -0.862     0.318     0.395
 7     0.323    -0.257     0.911
 8   115.460   -24.928    24.354
 8     0.353    -0.115     0.928
 8    -0.140    -0.988    -0.069
 8     0.925    -0.106    -0.365
 9   124.868   -29.541    42.136
 9     0.391     0.833    -0.392
 9     0.002     0.424     0.905
 9     0.920    -0.355     0.164
 2    97.425   -18.255    59.680
 2     0.577    -0.817     0.002
 2     0.816     0.577     0.033
 2    -0.028    -0.018     0.999
 3   124.091    -2.420    10.620
 3    -0.150     0.071    -0.986
 3     0.118    -0.989    -0.090
 3    -0.981    -0.130     0.140
 4   114.502    15.206    -8.203
 4     0.520    -0.841     0.148
 4     0.835     0.464    -0.296
 4     0.180     0.278     0.943
 5   113.011    23.371    22.264
 5     0.232    -0.032     0.972
 5     0.141    -0.988    -0.066
 5     0.962     0.152    -0.225
 6   127.246    25.392    50.691
 6     0.241    -0.775    -0.584
 6    -0.113     0.575    -0.810
 6     0.964     0.262     0.051
 7   116.774   -22.296    -7.730
 7     0.390     0.913     0.117
 7    -0.862     0.318     0.395
 7     0.323    -0.256     0.911
 8   115.460   -24.929    24.406
 8     0.352    -0.116     0.928
 8    -0.141    -0.988    -0.070
 8     0.925    -0.106    -0.364
 9   124.842   -29.541    42.187
 9     0.391     0.833    -0.391
 9     0.002     0.424     0.906
 9     0.920    -0.355     0.164
 2    97.375   -18.255    59.680
 2     0.577    -0.817     0.002
 2     0.816     0.576     0.033
 2    -0.028    -0.018     0.999
 3   124.085    -2.476    10.634
 3    -0.149     0.071    -0.986
 3     0.118    -0.989    -0.089
 3    -0.982    -0.130     0.139
 4   114.502    15.205    -8.152
 4     0.520    -0.841     0.148
 4     0.834     0.464    -0.296
 4     0.180     0.278     0.943
 5   113.012    23.370    22.265
 5     0.232    -0.032     0.972
 5     0.141    -0.988    -0.066
 5     0.962     0.152    -0.224
 6   127.221    25.392    50.716
 6     0.241    -0.776    -0.583
 6    -0.113     0.574    -0.811
 6     0.964     0.261     0.051
 7   116.773   -22.296    -7.781
 7     0.390     0.913     0.117
 7    -0.862     0.318     0.395
 7     0.323    -0.255     0.911
 8   115.385   -24.930    24.406
 8     0.351    -0.116     0.929
 8    -0.141    -0.987    -0.070
 8     0.925    -0.107    -0.364
 9   124.842   -29.542    42.238
 9     0.391     0.833    -0.391
 9     0.001     0.424     0.906
 9     0.920    -0.354     0.164
 2    97.375   -18.255    59.680
 2     0.577    -0.817     0.001
 2     0.816     0.576     0.033
 2    -0.028    -0.018     0.999
 3   124.046    -2.476    10.715
 3    -0.147     0.072    -0.986
 3     0.119    -0.989    -0.090
 3    -0.982    -0.131     0.137
 4   114.505    15.206    -8.154
 4     0.521    -0.841     0.147
 4     0.834     0.465    -0.297
 4     0.181     0.277     0.943
 5   113.125    23.194    22.183
 5     0.200    -0.061     0.978
 5     0.152    -0.984    -0.092
 5     0.968     0.167    -0.188
 6   127.399    26.047    50.606
 6     0.202    -0.708    -0.677
 6    -0.022     0.688    -0.725
 6     0.979     0.161     0.124
 7   116.873   -22.295    -7.782
 7     0.392     0.912     0.116
 7    -0.861     0.320     0.394
 7     0.323    -0.255     0.911
 8   115.522   -24.771    24.046
 8     0.312    -0.106     0.944
 8    -0.135    -0.989    -0.066
 8     0.940    -0.107    -0.323
 9   123.874   -28.030    42.549
 9     0.355     0.800    -0.484
 9     0.002     0.516     0.856
 9     0.935    -0.304     0.182
 2    97.375   -18.204    59.680
 2     0.577    -0.817     0.001
 2     0.816     0.576     0.033
 2    -0.028    -0.018     0.999
 3   124.097    -2.425    10.716
 3    -0.147     0.071    -0.987
 3     0.119    -0.989    -0.089
 3    -0.982    -0.131     0.136
 4   114.588    15.335    -8.162
 4     0.523    -0.840     0.144
 4     0.832     0.466    -0.299
 4     0.184     0.276     0.943
 5   113.020    23.279    22.147
 5     0.192    -0.051     0.980
 5     0.160    -0.984    -0.083
 5     0.968     0.172    -0.181
 6   126.988    26.786    50.324
 6     0.192    -0.688    -0.700
 6    -0.002     0.713    -0.701
 6     0.981     0.135     0.135
 7   116.917   -22.246    -7.777
 7     0.394     0.912     0.114
 7    -0.861     0.323     0.393
 7     0.321    -0.253     0.912
 8   115.206   -25.363    23.719
 8     0.288    -0.106     0.951
 8    -0.156    -0.986    -0.063
 8     0.944    -0.130    -0.301
 9   123.278   -28.475    41.096
 9     0.363     0.792    -0.492
 9    -0.007     0.529     0.848
 9     0.932    -0.304     0.197
 2    97.375   -18.204    59.654
 2     0.576    -0.817     0.002
 2     0.816     0.576     0.033
 2    -0.028    -0.018     0.999
 3   124.107    -2.426    10.770
 3    -0.145     0.072    -0.987
 3     0.120    -0.989    -0.090
 3    -0.982    -0.131     0.134
 4   114.779    15.340    -8.176
 4     0.522    -0.842     0.134
 4     0.831     0.468    -0.300
 4     0.190     0.268     0.944
 5   112.501    23.696    21.955
 5     0.173    -0.059     0.983
 5     0.175    -0.980    -0.089
 5     0.969     0.187    -0.159
 6   125.899    27.244    50.636
 6     0.163    -0.665    -0.729
 6     0.024     0.741    -0.671
 6     0.986     0.092     0.137
 7   117.345   -22.139    -7.800
 7     0.397     0.913     0.095
 7    -0.858     0.332     0.391
 7     0.326    -0.237     0.915
 8   114.704   -25.585    23.537
 8     0.256    -0.098     0.961
 8    -0.162    -0.985    -0.057
 8     0.953    -0.141    -0.269
 9   122.911   -28.227    40.833
 9     0.341     0.760    -0.555
 9     0.004     0.588     0.808
 9     0.940    -0.278     0.197
 2    97.376   -18.204    59.655
 2     0.577    -0.817     0.002
 2     0.816     0.576     0.033
 2    -0.028    -0.018     0.999
 3   124.338    -2.361    11.284
 3    -0.126     0.080    -0.989
 3     0.121    -0.988    -0.096
 3    -0.984    -0.131     0.115
 4   115.591    15.359    -8.050
 4     0.521    -0.847     0.100
 4     0.827     0.472    -0.306
 4     0.212     0.242     0.947
 5   111.642    23.743    21.644
 5     0.121    -0.052     0.991
 5     0.182    -0.981    -0.073
 5     0.976     0.189    -0.109
 6   123.830    27.363    50.971
 6     0.113    -0.670    -0.734
 6     0.036     0.741    -0.671
 6     0.993     0.049     0.109
 7   117.830   -22.187    -7.845
 7     0.392     0.916     0.084
 7    -0.858     0.332     0.393
 7     0.332    -0.226     0.916
 8   114.149   -25.609    23.071
 8     0.209    -0.092     0.973
 8    -0.160    -0.985    -0.059
 8     0.964    -0.144    -0.221
 9   121.475   -28.184    41.881
 9     0.282     0.766    -0.579
 9     0.011     0.600     0.799
 9     0.959    -0.232     0.160
 2    97.425   -18.204    59.680
 2     0.577    -0.817     0.002
 2     0.816     0.576     0.033
 2    -0.028    -0.018     0.999
 3   124.533    -2.320    11.406
 3    -0.117     0.083    -0.990
 3     0.121    -0.988    -0.097
 3    -0.986    -0.131     0.105
 4   116.270    15.544    -8.195
 4     0.524    -0.848     0.076
 4     0.822     0.480    -0.304
 4     0.221     0.222     0.949
 5   110.575    24.440    20.837
 5     0.053    -0.104     0.993
 5     0.181    -0.977    -0.112
 5     0.982     0.185    -0.033
 6   121.337    27.234    50.951
 6     0.048    -0.632    -0.773
 6     0.020     0.775    -0.632
 6     0.998     0.015     0.050
 7   118.390   -22.232    -7.871
 7     0.390     0.918     0.068
 7    -0.856     0.334     0.394
 7     0.339    -0.212     0.916
 8   113.165   -26.172    22.329
 8     0.148    -0.053     0.987
 8    -0.156    -0.987    -0.030
 8     0.976    -0.149    -0.154
 9   119.421   -27.733    43.177
 9     0.204     0.749    -0.631
 9     0.027     0.639     0.768
 9     0.978    -0.174     0.110
 2    97.375   -18.204    59.680
 2     0.576    -0.817     0.002
 2     0.816     0.576     0.033
 2    -0.028    -0.018     0.999
 3   124.609    -2.275    11.614
 3    -0.109     0.086    -0.990
 3     0.121    -0.988    -0.099
 3    -0.987    -0.131     0.097
 4   116.708    15.553    -8.372
 4     0.526    -0.849     0.047
 4     0.818     0.489    -0.302
 4     0.233     0.197     0.952
 5   108.740    25.217    20.067
 5    -0.025    -0.157     0.987
 5     0.181    -0.972    -0.150
 5     0.983     0.175     0.052
 6   119.283    26.263    52.455
 6    -0.028    -0.608    -0.794
 6    -0.001     0.794    -0.608
 6     0.999    -0.016    -0.023
 7   118.565   -22.233    -7.981
 7     0.385     0.921     0.058
 7    -0.857     0.334     0.392
 7     0.341    -0.201     0.918
 8   111.751   -26.627    21.543
 8     0.084    -0.014     0.996
 8    -0.148    -0.989    -0.001
 8     0.985    -0.147    -0.085
 9   116.114   -27.385    45.249
 9     0.092     0.737    -0.670
 9     0.042     0.668     0.742
 9     0.995    -0.097     0.030
 2    97.425   -18.204    59.680
 2     0.577    -0.817     0.002
 2     0.816     0.576     0.033
 2    -0.028    -0.017     0.999
 3   124.652    -2.326    11.671
 3    -0.106     0.087    -0.990
 3     0.122    -0.987    -0.100
 3    -0.987    -0.131     0.094
 4   117.021    15.489    -8.349
 4     0.520    -0.854     0.019
 4     0.818     0.491    -0.299
 4     0.246     0.171     0.954
 5   106.752    25.835    19.243
 5    -0.103    -0.179     0.978
 5     0.187    -0.970    -0.157
 5     0.977     0.167     0.133
 6   115.881    26.378    52.004
 6    -0.091    -0.602    -0.793
 6    -0.026     0.798    -0.602
 6     0.995    -0.034    -0.088
 7   118.740   -22.237    -8.064
 7     0.375     0.925     0.046
 7    -0.861     0.330     0.387
 7     0.343    -0.186     0.920
 8   110.437   -27.189    20.474
 8     0.027     0.021     0.999
 8    -0.145    -0.989     0.025
 8     0.989    -0.145    -0.024
 9   113.373   -27.391    46.696
 9     0.001     0.704    -0.710
 9     0.058     0.708     0.703
 9     0.998    -0.042    -0.041
 2    97.425   -18.204    59.680
 2     0.576    -0.817     0.002
 2     0.817     0.576     0.033
 2    -0.028    -0.018     0.999
 3   124.658    -2.326    11.724
 3    -0.104     0.089    -0.990
 3     0.121    -0.987    -0.102
 3    -0.987    -0.130     0.092
 4   117.497    15.631    -8.393
 4     0.519    -0.854    -0.010
 4     0.813     0.497    -0.303
 4     0.264     0.149     0.953
 5   105.439    25.978    18.118
 5    -0.174    -0.194     0.965
 5     0.192    -0.968    -0.160
 5     0.966     0.157     0.206
 6   112.806    26.189    51.703
 6    -0.157    -0.600    -0.785
 6    -0.045     0.798    -0.601
 6     0.986    -0.059    -0.152
 7   118.932   -22.292    -8.286
 7     0.371     0.927     0.044
 7    -0.864     0.327     0.383
 7     0.341    -0.180     0.922
 8   109.183   -27.989    19.546
 8    -0.042     0.096     0.994
 8    -0.126    -0.988     0.090
 8     0.991    -0.121     0.054
 9   110.965   -26.366    48.410
 9    -0.084     0.673    -0.735
 9     0.088     0.739     0.667
 9     0.992    -0.009    -0.122
 2    97.375   -18.204    59.680
 2     0.576    -0.817     0.002
 2     0.816     0.576     0.033
 2    -0.028    -0.018     0.999
 3   124.663    -2.377    11.751
 3    -0.103     0.089    -0.990
 3     0.121    -0.987    -0.101
 3    -0.987    -0.130     0.091
 4   118.065    15.644    -8.480
 4     0.518    -0.855    -0.036
 4     0.809     0.502    -0.305
 4     0.279     0.129     0.951
 5   104.165    25.815    17.350
 5    -0.242    -0.194     0.951
 5     0.189    -0.970    -0.150
 5     0.951     0.144     0.271
 6   109.959    25.845    51.203
 6    -0.211    -0.603    -0.770
 6    -0.058     0.793    -0.606
 6     0.976    -0.083    -0.202
 7   119.250   -22.298    -8.562
 7     0.362     0.931     0.035
 7    -0.868     0.323     0.378
 7     0.340    -0.168     0.925
 8   108.196   -28.370    18.928
 8    -0.097     0.120     0.988
 8    -0.126    -0.986     0.108
 8     0.987    -0.114     0.110
 9   106.258   -26.427    47.491
 9    -0.162     0.686    -0.709
 9     0.089     0.725     0.682
 9     0.983     0.048    -0.179
 2    97.425   -18.204    59.680
 2     0.576    -0.817     0.002
 2     0.816     0.576     0.033
 2    -0.028    -0.018     0.999
 3   124.723    -2.376    11.857
 3    -0.101     0.089    -0.991
 3     0.121    -0.987    -0.101
 3    -0.987    -0.130     0.089
 4   118.324    15.708    -8.462
 4     0.509    -0.859    -0.055
 4     0.810     0.499    -0.307
 4     0.292     0.112     0.950
 5   103.118    25.585    16.618
 5    -0.290    -0.182     0.940
 5     0.189    -0.973    -0.130
 5     0.938     0.140     0.316
 6   107.739    25.741    50.671
 6    -0.245    -0.626    -0.740
 6    -0.069     0.773    -0.631
 6     0.967    -0.103    -0.233
 7   119.502   -22.247    -8.595
 7     0.359     0.933     0.028
 7    -0.868     0.323     0.376
 7     0.342    -0.160     0.926
 8   107.207   -28.579    18.281
 8    -0.147     0.128     0.981
 8    -0.131    -0.985     0.109
 8     0.980    -0.113     0.161
 9   103.703   -27.038    48.204
 9    -0.223     0.700    -0.678
 9     0.087     0.707     0.702
 9     0.971     0.097    -0.219
 2    97.375   -18.255    59.680
 2     0.577    -0.817     0.002
 2     0.816     0.577     0.033
 2    -0.028    -0.018     0.999
 3   124.728    -2.382    11.931
 3    -0.099     0.090    -0.991
 3     0.122    -0.987    -0.102
 3    -0.988    -0.131     0.086
 4   118.653    15.669    -8.540
 4     0.499    -0.863    -0.071
 4     0.811     0.495    -0.310
 4     0.303     0.097     0.948
 5   102.219    25.352    15.656
 5    -0.337    -0.173     0.925
 5     0.192    -0.975    -0.113
 5     0.922     0.139     0.362
 6   105.817    25.447    49.937
 6    -0.274    -0.639    -0.719
 6    -0.082     0.760    -0.645
 6     0.958    -0.117    -0.261
 7   119.779   -22.249    -8.702
 7     0.351     0.936     0.023
 7    -0.871     0.317     0.376
 7     0.344    -0.152     0.926
 8   106.369   -28.420    17.596
 8    -0.193     0.118     0.974
 8    -0.136    -0.986     0.092
 8     0.971    -0.115     0.207
 9   100.929   -27.575    48.798
 9    -0.284     0.715    -0.639
 9     0.082     0.682     0.727
 9     0.955     0.154    -0.253
 2    97.375   -18.204    59.680
 2     0.576    -0.817     0.002
 2     0.816     0.576     0.033
 2    -0.028    -0.018     0.999
 3   124.813    -2.382    12.122
 3    -0.092     0.091    -0.991
 3     0.122    -0.987    -0.102
 3    -0.988    -0.131     0.080
 4   118.898    15.730    -8.509
 4     0.488    -0.868    -0.085
 4     0.815     0.489    -0.311
 4     0.311     0.082     0.946
 5   101.378    25.048    15.029
 5    -0.377    -0.158     0.912
 5     0.190    -0.978    -0.090
 5     0.906     0.139     0.398
 6   103.982    25.412    49.362
 6    -0.302    -0.654    -0.694
 6    -0.087     0.744    -0.663
 6     0.949    -0.140    -0.281
 7   120.012   -22.251    -8.792
 7     0.338     0.941     0.015
 7    -0.874     0.308     0.376
 7     0.349    -0.140     0.926
 8   105.446   -28.335    17.096
 8    -0.238     0.106     0.965
 8    -0.130    -0.989     0.077
 8     0.962    -0.107     0.249
 9    98.577   -27.819    49.254
 9    -0.340     0.715    -0.611
 9     0.085     0.670     0.737
 9     0.936     0.199    -0.289
 2    97.375   -18.255    59.680
 2     0.577    -0.817     0.002
 2     0.816     0.576     0.033
 2    -0.028    -0.017     0.999
 3   124.878    -2.388    12.275
 3    -0.087     0.093    -0.992
 3     0.122    -0.987    -0.104
 3    -0.989    -0.130     0.075
 4   119.056    15.634    -8.565
 4     0.479    -0.873    -0.093
 4     0.819     0.483    -0.308
 4     0.314     0.071     0.947
 5   101.020    24.983    14.613
 5    -0.398    -0.151     0.905
 5     0.191    -0.978    -0.079
 5     0.897     0.141     0.418
 6   103.610    24.114    48.869
 6    -0.315    -0.358    -0.879
 6    -0.061     0.932    -0.358
 6     0.947    -0.059    -0.315
 7   120.151   -22.327    -8.788
 7     0.327     0.945     0.006
 7    -0.875     0.301     0.379
 7     0.356    -0.129     0.925
 8   104.883   -28.346    16.850
 8    -0.268     0.107     0.957
 8    -0.122    -0.990     0.076
 8     0.955    -0.097     0.278
 9    97.402   -27.929    49.404
 9    -0.374     0.707    -0.600
 9     0.092     0.672     0.735
 9     0.923     0.220    -0.316
 2    97.425   -18.204    59.654
 2     0.576    -0.817     0.002
 2     0.817     0.576     0.033
 2    -0.028    -0.018     0.999
 3   124.919    -2.413    12.358
 3    -0.083     0.094    -0.992
 3     0.120    -0.987    -0.104
 3    -0.989    -0.128     0.071
 4   119.129    15.686    -8.585
 4     0.474    -0.875    -0.099
 4     0.823     0.480    -0.304
 4     0.313     0.063     0.947
 5   100.976    25.314    14.319
 5    -0.422    -0.210     0.882
 5     0.174    -0.973    -0.148
 5     0.889     0.091     0.447
 6   100.157    20.002    46.929
 6    -0.314     0.211    -0.925
 6    -0.070     0.967     0.244
 6     0.947     0.142    -0.289
 7   120.331   -22.377    -8.696
 7     0.323     0.946     0.001
 7    -0.876     0.299     0.380
 7     0.359    -0.124     0.925
 8   104.615   -28.406    16.539
 8    -0.297     0.128     0.946
 8    -0.112    -0.989     0.099
 8     0.948    -0.076     0.308
 9    96.205   -27.781    49.553
 9    -0.411     0.684    -0.603
 9     0.100     0.691     0.715
 9     0.906     0.233    -0.353
 2    97.305   -18.404    59.634
 2     0.623    -0.782     0.007
 2     0.781     0.623     0.040
 2    -0.036    -0.020     0.999
 3   124.925    -2.387    12.360
 3    -0.082     0.095    -0.992
 3     0.120    -0.987    -0.105
 3    -0.989    -0.128     0.070
 4   119.444    15.691    -8.569
 4     0.470    -0.875    -0.112
 4     0.823     0.481    -0.302
 4     0.318     0.050     0.947
 5   100.363    25.287    13.766
 5    -0.458    -0.225     0.860
 5     0.159    -0.972    -0.170
 5     0.874     0.059     0.481
 6    97.643    18.977    46.232
 6    -0.370     0.338    -0.865
 6    -0.074     0.918     0.390
 6     0.926     0.208    -0.315
 7   120.404   -22.432    -8.745
 7     0.314     0.949    -0.005
 7    -0.879     0.293     0.377
 7     0.359    -0.115     0.926
 8   103.932   -28.343    16.138
 8    -0.333     0.135     0.933
 8    -0.102    -0.989     0.107
 8     0.937    -0.060     0.343
 9    94.198   -27.938    49.678
 9    -0.467     0.658    -0.591
 9     0.103     0.704     0.702
 9     0.878     0.266    -0.397
 2    97.396   -18.221    59.666
 2     0.625    -0.781     0.003
 2     0.780     0.625     0.035
 2    -0.029    -0.020     0.999
 3   124.973    -2.394    12.483
 3    -0.080     0.095    -0.992
 3     0.120    -0.987    -0.104
 3    -0.990    -0.127     0.068
 4   119.613    15.701    -8.584
 4     0.457    -0.880    -0.129
 4     0.827     0.474    -0.301
 4     0.325     0.031     0.945
 5    99.614    24.958    13.225
 5    -0.493    -0.216     0.843
 5     0.152    -0.975    -0.161
 5     0.856     0.049     0.513
 6    95.898    18.713    45.677
 6    -0.432     0.325    -0.841
 6    -0.043     0.924     0.379
 6     0.901     0.200    -0.385
 7   120.555   -22.436    -8.649
 7     0.305     0.952    -0.012
 7    -0.881     0.288     0.375
 7     0.361    -0.104     0.927
 8   103.403   -28.334    15.760
 8    -0.361     0.133     0.923
 8    -0.097    -0.990     0.104
 8     0.927    -0.052     0.370
 9    92.810   -28.333    49.673
 9    -0.502     0.647    -0.574
 9     0.100     0.703     0.704
 9     0.859     0.295    -0.418
 2    97.396   -18.272    59.614
 2     0.625    -0.781     0.003
 2     0.780     0.625     0.035
 2    -0.029    -0.019     0.999
 3   125.031    -2.343    12.486
 3    -0.078     0.096    -0.992
 3     0.119    -0.987    -0.105
 3    -0.990    -0.126     0.066
 4   119.651    15.709    -8.601
 4     0.447    -0.885    -0.133
 4     0.831     0.465    -0.304
 4     0.331     0.026     0.943
 5    99.341    24.593    12.870
 5    -0.510    -0.201     0.836
 5     0.149    -0.978    -0.144
 5     0.847     0.051     0.529
 6    95.023    18.799    45.428
 6    -0.464     0.299    -0.834
 6    -0.017     0.938     0.346
 6     0.885     0.175    -0.430
 7   120.631   -22.487    -8.652
 7     0.302     0.953    -0.016
 7    -0.882     0.286     0.375
 7     0.362    -0.100     0.927
 8   103.182   -28.252    15.597
 8    -0.379     0.129     0.916
 8    -0.098    -0.990     0.100
 8     0.920    -0.052     0.388
 9    92.126   -28.659    49.592
 9    -0.521     0.639    -0.566
 9     0.093     0.701     0.707
 9     0.849     0.316    -0.424
 2    97.396   -18.272    59.614
 2     0.625    -0.780     0.003
 2     0.780     0.625     0.034
 2    -0.029    -0.019     0.999
 3   124.990    -2.393    12.540
 3    -0.076     0.096    -0.992
 3     0.118    -0.987    -0.104
 3    -0.990    -0.125     0.064
 4   119.704    15.662    -8.632
 4     0.439    -0.888    -0.134
 4     0.834     0.459    -0.306
 4     0.333     0.022     0.942
 5    98.919    24.170    12.371
 5    -0.535    -0.187     0.824
 5     0.140    -0.981    -0.132
 5     0.833     0.044     0.551
 6    91.826    22.032    43.307
 6    -0.519     0.282    -0.807
 6     0.015     0.946     0.322
 6     0.854     0.155    -0.495
 7   120.681   -22.488    -8.626
 7     0.300     0.954    -0.016
 7    -0.882     0.284     0.375
 7     0.362    -0.098     0.927
 8   103.009   -28.245    15.260
 8    -0.397     0.126     0.909
 8    -0.100    -0.990     0.094
 8     0.912    -0.054     0.406
 9    90.757   -29.645    49.549
 9    -0.561     0.617    -0.552
 9     0.073     0.701     0.709
 9     0.824     0.358    -0.439
 2    97.396   -18.272    59.614
 2     0.625    -0.780     0.003
 2     0.780     0.625     0.034
 2    -0.029    -0.019     0.999
 3   125.044    -2.342    12.594
 3    -0.075     0.097    -0.992
 3     0.117    -0.987    -0.106
 3    -0.990    -0.125     0.063
 4   119.717    15.622    -8.621
 4     0.420    -0.896    -0.145
 4     0.841     0.444    -0.307
 4     0.339     0.007     0.940
 5    98.203    23.792    11.687
 5    -0.565    -0.174     0.807
 5     0.133    -0.984    -0.119
 5     0.814     0.040     0.579
 6    89.524    22.470    42.317
 6    -0.570     0.262    -0.779
 6     0.040     0.955     0.292
 6     0.821     0.135    -0.555
 7   120.853   -22.490    -8.626
 7     0.296     0.955    -0.022
 7    -0.884     0.282     0.373
 7     0.362    -0.092     0.927
 8   102.639   -28.359    14.671
 8    -0.430     0.134     0.893
 8    -0.100    -0.990     0.101
 8     0.897    -0.046     0.439
 9    89.090   -30.734    49.022
 9    -0.610     0.580    -0.540
 9     0.065     0.716     0.695
 9     0.790     0.389    -0.474
 2    97.396   -18.272    59.614
 2     0.625    -0.781     0.003
 2     0.780     0.625     0.034
 2    -0.029    -0.019     0.999
 3   125.052    -2.342    12.622
 3    -0.073     0.099    -0.992
 3     0.116    -0.987    -0.107
 3    -0.990    -0.123     0.061
 4   119.826    15.681    -8.633
 4     0.404    -0.902    -0.151
 4     0.848     0.431    -0.309
 4     0.344    -0.003     0.939
 5    97.730    23.521    11.180
 5    -0.589    -0.161     0.792
 5     0.131    -0.986    -0.102
 5     0.798     0.043     0.601
 6    88.206    22.803    41.458
 6    -0.598     0.240    -0.765
 6     0.053     0.964     0.261
 6     0.800     0.115    -0.589
 7   121.201   -22.494    -8.659
 7     0.286     0.957    -0.036
 7    -0.886     0.278     0.370
 7     0.364    -0.074     0.928
 8   102.049   -28.412    13.929
 8    -0.470     0.141     0.871
 8    -0.093    -0.990     0.110
 8     0.878    -0.030     0.478
 9    87.306   -31.367    48.228
 9    -0.654     0.547    -0.523
 9     0.066     0.729     0.680
 9     0.753     0.411    -0.513
 2    97.396   -18.272    59.614
 2     0.625    -0.780     0.003
 2     0.780     0.625     0.034
 2    -0.029    -0.019     0.999
 3   125.135    -2.297    12.750
 3    -0.069     0.102    -0.992
 3     0.114    -0.987    -0.110
 3    -0.991    -0.120     0.056
 4   119.960    15.688    -8.592
 4     0.393    -0.906    -0.158
 4     0.851     0.423    -0.311
 4     0.348    -0.012     0.937
 5    97.505    23.333    10.748
 5    -0.604    -0.147     0.783
 5     0.128    -0.988    -0.087
 5     0.787     0.047     0.615
 6    87.478    22.717    40.907
 6    -0.613     0.218    -0.760
 6     0.054     0.970     0.235
 6     0.788     0.103    -0.606
 7   121.424   -22.500    -8.712
 7     0.274     0.960    -0.047
 7    -0.890     0.272     0.367
 7     0.365    -0.059     0.929
 8   101.569   -28.271    13.403
 8    -0.497     0.138     0.857
 8    -0.088    -0.990     0.108
 8     0.863    -0.022     0.504
 9    86.249   -31.521    47.591
 9    -0.678     0.529    -0.510
 9     0.069     0.736     0.673
 9     0.732     0.421    -0.536
 2    97.398   -18.271    59.612
 2     0.625    -0.780     0.003
 2     0.780     0.625     0.034
 2    -0.028    -0.019     0.999
 3   125.207    -2.295    12.836
 3    -0.065     0.104    -0.992
 3     0.112    -0.987    -0.111
 3    -0.991    -0.119     0.052
 4   120.088    15.693    -8.646
 4     0.381    -0.910    -0.162
 4     0.856     0.413    -0.311
 4     0.350    -0.021     0.936
 5    97.154    22.815    10.345
 5    -0.619    -0.129     0.774
 5     0.118    -0.990    -0.070
 5     0.776     0.048     0.628
 6    86.546    22.300    40.262
 6    -0.630     0.195    -0.752
 6     0.050     0.976     0.210
 6     0.775     0.094    -0.625
 7   121.598   -22.451    -8.639
 7     0.268     0.962    -0.055
 7    -0.891     0.269     0.365
 7     0.366    -0.049     0.929
 8   101.465   -28.396    13.064
 8    -0.514     0.141     0.846
 8    -0.084    -0.990     0.114
 8     0.853    -0.013     0.521
 9    85.770   -31.532    47.091
 9    -0.692     0.510    -0.511
 9     0.073     0.754     0.652
 9     0.718     0.414    -0.559
 2    97.398   -18.296    59.662
 2     0.625    -0.780     0.003
 2     0.780     0.625     0.034
 2    -0.028    -0.019     0.999
 3   125.245    -2.176    12.907
 3    -0.064     0.108    -0.992
 3     0.111    -0.987    -0.115
 3    -0.992    -0.117     0.051
 4   120.010    15.622    -8.643
 4     0.363    -0.917    -0.167
 4     0.864     0.398    -0.310
 4     0.350    -0.032     0.936
 5    96.701    22.374     9.760
 5    -0.635    -0.110     0.764
 5     0.113    -0.992    -0.048
 5     0.764     0.056     0.643
 6    85.540    22.038    39.532
 6    -0.645     0.165    -0.746
 6     0.047     0.983     0.177
 6     0.762     0.079    -0.642
 7   121.816   -22.506    -8.764
 7     0.263     0.962    -0.063
 7    -0.893     0.268     0.362
 7     0.365    -0.039     0.930
 8   101.088   -28.378    12.329
 8    -0.541     0.142     0.828
 8    -0.081    -0.990     0.117
 8     0.837    -0.004     0.547
 9    84.524   -31.795    46.165
 9    -0.718     0.493    -0.491
 9     0.080     0.759     0.646
 9     0.691     0.424    -0.585
 2    97.398   -18.296    59.612
 2     0.625    -0.780     0.003
 2     0.780     0.625     0.034
 2    -0.028    -0.019     0.999
 3   125.256    -2.200    12.962
 3    -0.061     0.112    -0.992
 3     0.108    -0.987    -0.118
 3    -0.992    -0.114     0.048
 4   120.031    15.575    -8.718
 4     0.348    -0.922    -0.168
 4     0.869     0.385    -0.310
 4     0.350    -0.039     0.936
 5    96.400    22.084     9.326
 5    -0.650    -0.095     0.754
 5     0.110    -0.993    -0.030
 5     0.752     0.064     0.656
 6    84.729    21.923    38.861
 6    -0.662     0.146    -0.735
 6     0.048     0.987     0.152
 6     0.747     0.065    -0.661
 7   122.085   -22.423    -9.039
 7     0.245     0.966    -0.081
 7    -0.902     0.257     0.347
 7     0.356    -0.013     0.934
 8   100.523   -28.187    11.272
 8    -0.574     0.125     0.809
 8    -0.078    -0.992     0.099
 8     0.815    -0.006     0.579
 9    83.147   -32.090    44.701
 9    -0.747     0.478    -0.462
 9     0.084     0.757     0.647
 9     0.660     0.444    -0.606
 2    97.399   -18.297    59.612
 2     0.626    -0.780     0.003
 2     0.779     0.625     0.034
 2    -0.028    -0.019     0.999
 3   125.391    -2.256    13.053
 3    -0.055     0.115    -0.992
 3     0.108    -0.987    -0.120
 3    -0.993    -0.114     0.041
 4   120.317    15.583    -8.730
 4     0.336    -0.925    -0.177
 4     0.872     0.376    -0.312
 4     0.355    -0.049     0.933
 5    96.249    21.843     8.848
 5    -0.665    -0.087     0.741
 5     0.108    -0.994    -0.019
 5     0.739     0.067     0.670
 6    83.970    21.857    38.071
 6    -0.679     0.131    -0.722
 6     0.046     0.990     0.135
 6     0.732     0.058    -0.678
 7   122.287   -22.362    -9.116
 7     0.229     0.969    -0.094
 7    -0.909     0.248     0.336
 7     0.349     0.007     0.937
 8   100.366   -28.207    10.842
 8    -0.593     0.128     0.795
 8    -0.079    -0.992     0.101
 8     0.801    -0.003     0.598
 9    82.709   -32.406    43.899
 9    -0.757     0.467    -0.458
 9     0.081     0.762     0.642
 9     0.649     0.448    -0.615
 2    97.398   -18.296    59.612
 2     0.625    -0.780     0.003
 2     0.780     0.625     0.034
 2    -0.028    -0.019     0.999
 3   125.532    -2.253    13.153
 3    -0.047     0.118    -0.992
 3     0.109    -0.986    -0.122
 3    -0.993    -0.114     0.033
 4   120.499    15.589    -8.735
 4     0.324    -0.928    -0.185
 4     0.875     0.368    -0.313
 4     0.358    -0.060     0.931
 5    96.071    21.628     8.418
 5    -0.679    -0.075     0.730
 5     0.104    -0.995    -0.005
 5     0.726     0.073     0.683
 6    83.180    21.840    37.482
 6    -0.697     0.116    -0.708
 6     0.050     0.992     0.114
 6     0.715     0.044    -0.697
 7   122.502   -22.366    -9.137
 7     0.226     0.968    -0.103
 7    -0.910     0.248     0.332
 7     0.347     0.018     0.937
 8   100.475   -28.272    10.460
 8    -0.606     0.134     0.784
 8    -0.078    -0.991     0.109
 8     0.792     0.004     0.610
 9    82.496   -32.467    43.391
 9    -0.766     0.455    -0.454
 9     0.087     0.774     0.627
 9     0.637     0.441    -0.632
 2    97.398   -18.296    59.662
 2     0.625    -0.780     0.003
 2     0.780     0.625     0.034
 2    -0.028    -0.019     0.999
 3   125.716    -2.201    13.276
 3    -0.039     0.122    -0.992
 3     0.108    -0.986    -0.126
 3    -0.993    -0.112     0.026
 4   120.626    15.542    -8.735
 4     0.313    -0.930    -0.191
 4     0.879     0.359    -0.312
 4     0.359    -0.070     0.930
 5    95.930    21.389     7.952
 5    -0.691    -0.068     0.720
 5     0.103    -0.995     0.005
 5     0.715     0.078     0.694
 6    82.575    21.801    36.737
 6    -0.712     0.103    -0.695
 6     0.050     0.994     0.096
 6     0.700     0.033    -0.713
 7   122.746   -22.395    -9.109
 7     0.220     0.969    -0.112
 7    -0.912     0.245     0.329
 7     0.346     0.029     0.937
 8   100.238   -28.374    10.008
 8    -0.624     0.135     0.769
 8    -0.074    -0.991     0.114
 8     0.777     0.013     0.628
 9    81.735   -32.715    42.579
 9    -0.781     0.441    -0.443
 9     0.092     0.781     0.617
 9     0.618     0.441    -0.651
 2    97.398   -18.296    59.662
 2     0.625    -0.780     0.003
 2     0.780     0.625     0.034
 2    -0.028    -0.019     0.999
 3   125.855    -2.256    13.345
 3    -0.033     0.123    -0.992
 3     0.107    -0.986    -0.126
 3    -0.994    -0.111     0.019
 4   120.776    15.546    -8.786
 4     0.302    -0.933    -0.196
 4     0.882     0.352    -0.313
 4     0.360    -0.078     0.929
 5    95.771    21.204     7.631
 5    -0.700    -0.060     0.711
 5     0.101    -0.995     0.016
 5     0.706     0.083     0.703
 6    82.009    21.817    36.305
 6    -0.723     0.090    -0.685
 6     0.051     0.995     0.078
 6     0.689     0.021    -0.725
 7   122.860   -22.401    -9.049
 7     0.215     0.969    -0.119
 7    -0.914     0.242     0.325
 7     0.343     0.038     0.938
 8   100.035   -28.493     9.494
 8    -0.642     0.137     0.755
 8    -0.077    -0.990     0.115
 8     0.763     0.016     0.646
 9    81.218   -33.081    41.496
 9    -0.791     0.424    -0.440
 9     0.088     0.791     0.605
 9     0.605     0.440    -0.664
 2    97.398   -18.296    59.662
 2     0.625    -0.780     0.003
 2     0.780     0.625     0.034
 2    -0.028    -0.019     0.999
 3   125.890    -2.204    13.358
 3    -0.029     0.126    -0.991
 3     0.107    -0.986    -0.128
 3    -0.994    -0.110     0.015
 4   120.782    15.551    -8.795
 4     0.294    -0.935    -0.196
 4     0.884     0.344    -0.316
 4     0.363    -0.081     0.928
 5    95.528    21.099     7.570
 5    -0.706    -0.051     0.707
 5     0.097    -0.995     0.025
 5     0.702     0.086     0.707
 6    81.423    21.735    36.097
 6    -0.732     0.077    -0.677
 6     0.049     0.997     0.060
 6     0.680     0.010    -0.733
 7   122.956   -22.377    -9.097
 7     0.214     0.969    -0.122
 7    -0.915     0.243     0.322
 7     0.342     0.043     0.939
 8    99.976   -28.624     9.131
 8    -0.652     0.145     0.744
 8    -0.086    -0.989     0.117
 8     0.753     0.013     0.657
 9    80.975   -33.796    40.728
 9    -0.796     0.417    -0.438
 9     0.082     0.792     0.605
 9     0.600     0.446    -0.664
 2    97.398   -18.271    59.662
 2     0.625    -0.780     0.003
 2     0.780     0.625     0.034
 2    -0.028    -0.019     0.999
 3   125.985    -2.251    13.527
 3    -0.025     0.128    -0.991
 3     0.109    -0.985    -0.130
 3    -0.994    -0.112     0.010
 4   120.634    15.734    -8.702
 4     0.281    -0.940    -0.195
 4     0.887     0.332    -0.321
 4     0.366    -0.083     0.927
 5    95.191    20.737     7.251
 5    -0.716    -0.037     0.698
 5     0.088    -0.995     0.037
 5     0.693     0.088     0.715
 6    80.653    21.319    35.549
 6    -0.743     0.059    -0.667
 6     0.041     0.998     0.043
 6     0.668     0.004    -0.744
 7   123.062   -22.206    -9.153
 7     0.215     0.968    -0.127
 7    -0.917     0.245     0.314
 7     0.335     0.049     0.941
 8    99.975   -28.727     8.585
 8    -0.661     0.149     0.736
 8    -0.096    -0.989     0.114
 8     0.744     0.005     0.667
 9    80.774   -34.313    39.947
 9    -0.802     0.411    -0.433
 9     0.076     0.790     0.608
 9     0.592     0.455    -0.665
 2    97.398   -18.296    59.662
 2     0.625    -0.780     0.003
 2     0.780     0.625     0.034
 2    -0.028    -0.019     0.999
 3   126.051    -2.114    13.522
 3    -0.020     0.134    -0.991
 3     0.114    -0.984    -0.136
 3    -0.993    -0.115     0.005
 4   120.635    15.789    -8.683
 4     0.270    -0.943    -0.194
 4     0.890     0.321    -0.324
 4     0.368    -0.085     0.926
 5    95.061    20.552     7.054
 5    -0.724    -0.030     0.689
 5     0.084    -0.995     0.045
 5     0.685     0.091     0.723
 6    81.870    20.527    37.612
 6    -0.753     0.051    -0.656
 6     0.041     0.999     0.030
 6     0.656    -0.004    -0.754
 7   123.255   -21.937    -9.396
 7     0.216     0.967    -0.131
 7    -0.921     0.247     0.301
 7     0.323     0.055     0.945
 8   100.006   -28.629     8.082
 8    -0.668     0.149     0.729
 8    -0.102    -0.989     0.110
 8     0.737    -0.001     0.675
 9    80.758   -34.523    39.206
 9    -0.807     0.405    -0.430
 9     0.073     0.790     0.608
 9     0.586     0.459    -0.667
 2    97.398   -18.296    59.662
 2     0.625    -0.780     0.003
 2     0.780     0.625     0.034
 2    -0.028    -0.019     0.999
 3   126.089    -2.059    13.537
 3    -0.017     0.140    -0.990
 3     0.118    -0.983    -0.141
 3    -0.993    -0.120    -0.000
 4   120.609    15.868    -8.584
 4     0.262    -0.946    -0.192
 4     0.891     0.314    -0.327
 4     0.369    -0.085     0.925
 5    95.028    20.551     7.060
 5    -0.725    -0.028     0.688
 5     0.085    -0.995     0.050
 5     0.683     0.094     0.723
 6    82.149    20.781    37.724
 6    -0.750     0.046    -0.660
 6     0.047     0.999     0.016
 6     0.659    -0.019    -0.751
 7   123.261   -21.778    -9.744
 7     0.213     0.968    -0.129
 7    -0.928     0.242     0.283
 7     0.305     0.059     0.950
 8   100.003   -28.551     7.640
 8    -0.670     0.143     0.728
 8    -0.106    -0.990     0.097
 8     0.734    -0.012     0.678
 9    80.760   -34.625    38.729
 9    -0.807     0.405    -0.429
 9     0.069     0.787     0.613
 9     0.586     0.465    -0.664
 2    97.398   -18.271    59.662
 2     0.625    -0.780     0.003
 2     0.780     0.625     0.034
 2    -0.028    -0.019     0.999
 3   126.144    -1.999    13.420
 3    -0.016     0.143    -0.990
 3     0.123    -0.982    -0.144
 3    -0.992    -0.124    -0.002
 4   120.560    15.869    -8.640
 4     0.261    -0.947    -0.186
 4     0.891     0.311    -0.330
 4     0.370    -0.080     0.925
 5    95.066    20.505     7.168
 5    -0.721    -0.025     0.692
 5     0.086    -0.995     0.054
 5     0.687     0.099     0.719
 6    82.150    20.756    37.844
 6    -0.749     0.041    -0.661
 6     0.045     0.999     0.010
 6     0.661    -0.022    -0.750
 7   123.119   -21.518    -9.937
 7     0.206     0.971    -0.123
 7    -0.935     0.233     0.266
 7     0.287     0.060     0.956
 8    99.943   -28.392     7.452
 8    -0.668     0.137     0.731
