% Calibrated with leiden_pols
% Positions are in centimeters
Data =[
 2    97.425   -18.255    59.654
 2     0.577    -0.817     0.002
 2     0.816     0.576     0.032
 2    -0.028    -0.017     0.999
 3   124.163    -2.471    10.440
 3    -0.152     0.070    -0.986
 3     0.119    -0.989    -0.089
 3    -0.981    -0.131     0.142
 4   114.497    15.203    -8.248
 4     0.522    -0.840     0.150
 4     0.834     0.466    -0.295
 4     0.178     0.279     0.943
 5   113.127    23.419    22.222
 5     0.235    -0.031     0.971
 5     0.142    -0.988    -0.066
 5     0.961     0.153    -0.228
 6   127.516    25.340    50.606
 6     0.244    -0.771    -0.588
 6    -0.112     0.580    -0.807
 6     0.963     0.263     0.056
 7   116.819   -22.373    -7.851
 7     0.392     0.912     0.120
 7    -0.862     0.318     0.394
 7     0.321    -0.258     0.911
 8   115.504   -24.980    24.363
 8     0.354    -0.115     0.928
 8    -0.140    -0.988    -0.069
 8     0.924    -0.106    -0.366
 9   124.968   -29.541    42.136
 9     0.391     0.832    -0.393
 9     0.002     0.425     0.905
 9     0.920    -0.355     0.164
 2    97.425   -18.255    59.680
 2     0.577    -0.817     0.002
 2     0.816     0.576     0.033
 2    -0.028    -0.017     0.999
 3   124.140    -2.522    10.567
 3    -0.151     0.069    -0.986
 3     0.119    -0.989    -0.088
 3    -0.981    -0.130     0.141
 4   114.500    15.204    -8.200
 4     0.521    -0.840     0.149
 4     0.834     0.465    -0.296
 4     0.179     0.278     0.943
 5   113.136    23.422    22.263
 5     0.233    -0.031     0.972
 5     0.141    -0.988    -0.066
 5     0.962     0.152    -0.226
 6   127.348    25.341    50.692
 6     0.242    -0.774    -0.586
 6    -0.113     0.577    -0.809
 6     0.964     0.261     0.052
 7   116.821   -22.322    -7.803
 7     0.391     0.912     0.119
 7    -0.862     0.318     0.395
 7     0.322    -0.257     0.911
 8   115.460   -24.979    24.405
 8     0.353    -0.115     0.928
 8    -0.140    -0.988    -0.069
 8     0.925    -0.106    -0.365
 9   124.917   -29.541    42.187
 9     0.391     0.833    -0.392
 9     0.002     0.424     0.905
 9     0.920    -0.355     0.164
 2    97.425   -18.255    59.680
 2     0.577    -0.817     0.002
 2     0.816     0.576     0.033
 2    -0.028    -0.017     0.999
 3   124.081    -2.476    10.633
 3    -0.150     0.071    -0.986
 3     0.118    -0.989    -0.089
 3    -0.982    -0.130     0.140
 4   114.502    15.205    -8.203
 4     0.521    -0.841     0.148
 4     0.834     0.465    -0.296
 4     0.180     0.278     0.943
 5   113.061    23.371    22.315
 5     0.232    -0.032     0.972
 5     0.141    -0.988    -0.066
 5     0.962     0.152    -0.225
 6   127.297    25.341    50.691
 6     0.241    -0.775    -0.584
 6    -0.113     0.575    -0.810
 6     0.964     0.262     0.051
 7   116.724   -22.296    -7.781
 7     0.391     0.913     0.118
 7    -0.862     0.318     0.395
 7     0.323    -0.257     0.911
 8   115.460   -24.928    24.354
 8     0.353    -0.115     0.928
 8    -0.140    -0.988    -0.069
 8     0.925    -0.106    -0.365
 9   124.868   -29.541    42.136
 9     0.391     0.833    -0.392
 9     0.002     0.424     0.905
 9     0.920    -0.355     0.164
 2    97.425   -18.255    59.680
 2     0.577    -0.817     0.002
 2     0.816     0.577     0.033
 2    -0.028    -0.018     0.999
 3   124.091    -2.420    10.620
 3    -0.150     0.071    -0.986
 3     0.118    -0.989    -0.090
 3    -0.981    -0.130     0.140
 4   114.502    15.206    -8.203
 4     0.520    -0.841     0.148
 4     0.835     0.464    -0.296
 4     0.180     0.278     0.943
 5   113.011    23.371    22.264
 5     0.232    -0.032     0.972
 5     0.141    -0.988    -0.066
 5     0.962     0.152    -0.225
 6   127.246    25.392    50.691
 6     0.241    -0.775    -0.584
 6    -0.113     0.575    -0.810
 6     0.964     0.262     0.051
 7   116.774   -22.296    -7.730
 7     0.390     0.913     0.117
 7    -0.862     0.318     0.395
 7     0.323    -0.256     0.911
 8   115.460   -24.929    24.406
 8     0.352    -0.116     0.928
 8    -0.141    -0.988    -0.070
 8     0.925    -0.106    -0.364
 9   124.842   -29.541    42.187
 9     0.391     0.833    -0.391
 9     0.002     0.424     0.906
 9     0.920    -0.355     0.164
 2    97.375   -18.255    59.680
 2     0.577    -0.817     0.002
 2     0.816     0.576     0.033
 2    -0.028    -0.018     0.999
 3   124.085    -2.476    10.634
 3    -0.149     0.071    -0.986
 3     0.118    -0.989    -0.089
 3    -0.982    -0.130     0.139
 4   114.502    15.205    -8.152
 4     0.520    -0.841     0.148
 4     0.834     0.464    -0.296
 4     0.180     0.278     0.943
 5   113.012    23.370    22.265
 5     0.232    -0.032     0.972
 5     0.141    -0.988    -0.066
 5     0.962     0.152    -0.224
 6   127.221    25.392    50.716
 6     0.241    -0.776    -0.583
 6    -0.113     0.574    -0.811
 6     0.964     0.261     0.051
 7   116.773   -22.296    -7.781
 7     0.390     0.913     0.117
 7    -0.862     0.318     0.395
 7     0.323    -0.255     0.911
 8   115.385   -24.930    24.406
 8     0.351    -0.116     0.929
 8    -0.141    -0.987    -0.070
 8     0.925    -0.107    -0.364
 9   124.842   -29.542    42.238
 9     0.391     0.833    -0.391
 9     0.001     0.424     0.906
 9     0.920    -0.354     0.164
 2    97.375   -18.255    59.680
 2     0.577    -0.817     0.001
 2     0.816     0.576     0.033
 2    -0.028    -0.018     0.999
 3   124.046    -2.476    10.715
 3    -0.147     0.072    -0.986
 3     0.119    -0.989    -0.090
 3    -0.982    -0.131     0.137
 4   114.505    15.206    -8.154
 4     0.521    -0.841     0.147
 4     0.834     0.465    -0.297
 4     0.181     0.277     0.943
 5   113.125    23.194    22.183
 5     0.200    -0.061     0.978
 5     0.152    -0.984    -0.092
 5     0.968     0.167    -0.188
 6   127.399    26.047    50.606
 6     0.202    -0.708    -0.677
 6    -0.022     0.688    -0.725
 6     0.979     0.161     0.124
 7   116.873   -22.295    -7.782
 7     0.392     0.912     0.116
 7    -0.861     0.320     0.394
 7     0.323    -0.255     0.911
 8   115.522   -24.771    24.046
 8     0.312    -0.106     0.944
 8    -0.135    -0.989    -0.066
 8     0.940    -0.107    -0.323
 9   123.874   -28.030    42.549
 9     0.355     0.800    -0.484
 9     0.002     0.516     0.856
 9     0.935    -0.304     0.182
 2    97.375   -18.204    59.680
 2     0.577    -0.817     0.001
 2     0.816     0.576     0.033
 2    -0.028    -0.018     0.999
 3   124.097    -2.425    10.716
 3    -0.147     0.071    -0.987
 3     0.119    -0.989    -0.089
 3    -0.982    -0.131     0.136
 4   114.588    15.335    -8.162
 4     0.523    -0.840     0.144
 4     0.832     0.466    -0.299
 4     0.184     0.276     0.943
 5   113.020    23.279    22.147
 5     0.192    -0.051     0.980
 5     0.160    -0.984    -0.083
 5     0.968     0.172    -0.181
 6   126.988    26.786    50.324
 6     0.192    -0.688    -0.700
 6    -0.002     0.713    -0.701
 6     0.981     0.135     0.135
 7   116.917   -22.246    -7.777
 7     0.394     0.912     0.114
 7    -0.861     0.323     0.393
 7     0.321    -0.253     0.912
 8   115.206   -25.363    23.719
 8     0.288    -0.106     0.951
 8    -0.156    -0.986    -0.063
 8     0.944    -0.130    -0.301
 9   123.278   -28.475    41.096
 9     0.363     0.792    -0.492
 9    -0.007     0.529     0.848
 9     0.932    -0.304     0.197
 2    97.375   -18.204    59.654
 2     0.576    -0.817     0.002
 2     0.816     0.576     0.033
 2    -0.028    -0.018     0.999
 3   124.107    -2.426    10.770
 3    -0.145     0.072    -0.987
 3     0.120    -0.989    -0.090
 3    -0.982    -0.131     0.134
 4   114.779    15.340    -8.176
 4     0.522    -0.842     0.134
 4     0.831     0.468    -0.300
 4     0.190     0.268     0.944
 5   112.501    23.696    21.955
 5     0.173    -0.059     0.983
 5     0.175    -0.980    -0.089
 5     0.969     0.187    -0.159
