% Calibrated with leiden_pols
% Positions are in centimeters
Data =[
 2    36.397    -7.221    15.729
 2     0.960    -0.281    -0.003
 2     0.280     0.958     0.052
 2    -0.010    -0.052     0.998
 3    39.869     2.110    -2.446
 3     0.822    -0.274     0.499
 3     0.516     0.727    -0.453
 3    -0.239     0.630     0.738
 4    39.952    -6.185    -1.794
 4     0.819     0.343     0.459
 4    -0.479     0.849     0.222
 4    -0.314    -0.402     0.860
 5    46.096    -8.753     0.373
 5     0.939     0.169     0.300
 5    -0.231    -0.335     0.913
 5     0.255    -0.927    -0.276
 6    49.417    -3.206     1.099
 6     0.361    -0.931     0.061
 6     0.701     0.229    -0.674
 6     0.614     0.285     0.736
 7    46.344    -1.669    -2.028
 7     0.398     0.284    -0.872
 7    -0.249     0.948     0.195
 7     0.883     0.139     0.448
 8    45.338     5.745    -0.043
 8     0.954    -0.039     0.298
 8     0.271    -0.317    -0.909
 8     0.129     0.948    -0.292
 9    49.925    -0.992     1.821
 9     0.193     0.963    -0.187
 9    -0.900     0.249     0.357
 9     0.390     0.099     0.915
 2    36.397    -7.222    15.730
 2     0.960    -0.281    -0.003
 2     0.279     0.958     0.051
 2    -0.010    -0.052     0.998
 3    39.846     2.110    -2.449
 3     0.823    -0.274     0.499
 3     0.516     0.726    -0.454
 3    -0.238     0.630     0.738
 4    39.921    -6.187    -1.788
 4     0.819     0.343     0.460
 4    -0.479     0.850     0.219
 4    -0.316    -0.399     0.860
 5    46.094    -8.755     0.348
 5     0.938     0.170     0.301
 5    -0.234    -0.329     0.914
 5     0.255    -0.929    -0.270
 6    49.385    -3.198     1.104
 6     0.352    -0.934     0.059
 6     0.701     0.222    -0.677
 6     0.620     0.278     0.733
 7    46.343    -1.670    -2.029
 7     0.397     0.283    -0.873
 7    -0.249     0.948     0.193
 7     0.883     0.141     0.447
 8    45.325     5.776    -0.031
 8     0.953    -0.043     0.300
 8     0.272    -0.317    -0.908
 8     0.134     0.947    -0.290
 9    49.893    -0.997     1.849
 9     0.187     0.962    -0.196
 9    -0.902     0.247     0.354
 9     0.389     0.110     0.914
 2    36.395    -7.223    15.733
 2     0.960    -0.281    -0.002
 2     0.279     0.958     0.051
 2    -0.011    -0.052     0.998
 3    39.851     2.113    -2.454
 3     0.823    -0.277     0.497
 3     0.517     0.726    -0.454
 3    -0.236     0.630     0.740
 4    39.944    -6.186    -1.790
 4     0.820     0.343     0.458
 4    -0.477     0.851     0.217
 4    -0.316    -0.397     0.861
 5    46.094    -8.755     0.348
 5     0.938     0.171     0.302
 5    -0.234    -0.329     0.914
 5     0.255    -0.929    -0.269
 6    49.409    -3.201     1.082
 6     0.358    -0.932     0.055
 6     0.699     0.229    -0.677
 6     0.619     0.280     0.734
 7    46.347    -1.644    -2.037
 7     0.395     0.282    -0.875
 7    -0.250     0.948     0.192
 7     0.884     0.143     0.445
 8    45.321     5.805     0.013
 8     0.951    -0.039     0.306
 8     0.278    -0.324    -0.904
 8     0.134     0.945    -0.298
 9    49.933    -0.951     1.866
 9     0.203     0.960    -0.194
 9    -0.904     0.259     0.340
 9     0.375     0.106     0.920
 2    36.397    -7.221    15.729
 2     0.960    -0.281    -0.003
 2     0.280     0.958     0.052
 2    -0.010    -0.052     0.998
 3    39.883     2.116    -2.437
 3     0.823    -0.279     0.496
 3     0.518     0.725    -0.453
 3    -0.233     0.629     0.740
 4    39.946    -6.160    -1.793
 4     0.820     0.343     0.458
 4    -0.477     0.851     0.218
 4    -0.315    -0.397     0.862
 5    45.917    -8.882     0.465
 5     0.933     0.109     0.342
 5    -0.280    -0.376     0.883
 5     0.225    -0.920    -0.321
 6    49.831    -3.731     0.692
 6     0.494    -0.869    -0.036
 6     0.682     0.413    -0.603
 6     0.539     0.272     0.797
 7    46.348    -1.645    -2.036
 7     0.394     0.282    -0.875
 7    -0.250     0.948     0.193
 7     0.884     0.142     0.444
 8    45.050     5.898     0.155
 8     0.930     0.053     0.363
 8     0.350    -0.419    -0.838
 8     0.107     0.906    -0.409
 9    50.058    -0.478     1.198
 9     0.351     0.923    -0.161
 9    -0.913     0.374     0.158
 9     0.205     0.091     0.974
 2    36.397    -7.221    15.729
 2     0.960    -0.282    -0.003
 2     0.280     0.958     0.052
 2    -0.010    -0.052     0.998
 3    39.930     2.118    -2.491
 3     0.820    -0.281     0.500
 3     0.522     0.722    -0.454
 3    -0.233     0.632     0.738
 4    39.985    -6.171    -1.785
 4     0.815     0.353     0.459
 4    -0.497     0.833     0.244
 4    -0.296    -0.427     0.854
 5    45.756    -8.883     0.854
 5     0.913    -0.009     0.407
 5    -0.352    -0.518     0.779
 5     0.204    -0.855    -0.477
 6    50.782    -5.124     0.299
 6     0.723    -0.595    -0.359
 6     0.593     0.794    -0.121
 6     0.354    -0.123     0.925
 7    46.385    -1.614    -2.075
 7     0.392     0.285    -0.875
 7    -0.246     0.948     0.198
 7     0.886     0.138     0.441
 8    44.779     5.829     0.424
 8     0.895     0.202     0.396
 8     0.435    -0.588    -0.682
 8     0.095     0.783    -0.614
 9    49.701     0.143     0.562
 9     0.494     0.865    -0.100
 9    -0.859     0.467    -0.203
 9    -0.131     0.184     0.974
 2    36.397    -7.221    15.729
 2     0.960    -0.282    -0.003
 2     0.280     0.958     0.052
 2    -0.010    -0.052     0.998
 3    40.066     2.116    -2.600
 3     0.815    -0.302     0.495
 3     0.538     0.710    -0.454
 3    -0.215     0.636     0.740
 4    40.052    -6.182    -1.728
 4     0.817     0.360     0.452
 4    -0.505     0.824     0.256
 4    -0.280    -0.437     0.854
 5    45.834    -8.913     0.940
 5     0.907    -0.057     0.416
 5    -0.375    -0.556     0.741
 5     0.189    -0.829    -0.526
 6    50.957    -6.060     0.129
 6     0.781    -0.413    -0.478
 6     0.592     0.724     0.351
 6     0.200    -0.553     0.805
 7    46.500    -1.607    -2.123
 7     0.389     0.277    -0.879
 7    -0.241     0.951     0.193
 7     0.889     0.137     0.436
 8    44.787     5.280     0.957
 8     0.872     0.305     0.383
 8     0.460    -0.774    -0.434
 8     0.164     0.554    -0.815
 9    48.680     1.283     0.455
 9     0.564     0.825     0.027
 9    -0.620     0.447    -0.645
 9    -0.545     0.346     0.764
 2    36.397    -7.221    15.729
 2     0.960    -0.282    -0.003
 2     0.280     0.958     0.052
 2    -0.010    -0.052     0.998
 3    40.140     2.221    -2.651
 3     0.812    -0.322     0.489
 3     0.552     0.693    -0.462
 3    -0.191     0.644     0.740
 4    40.046    -6.234    -1.513
 4     0.800     0.385     0.461
 4    -0.537     0.802     0.261
 4    -0.269    -0.456     0.848
 5    45.694    -9.049     1.140
 5     0.894    -0.104     0.436
 5    -0.411    -0.578     0.705
 5     0.179    -0.810    -0.559
 6    50.844    -6.722     0.288
 6     0.808    -0.323    -0.499
 6     0.583     0.552     0.595
 6     0.084    -0.769     0.630
 7    46.566    -1.544    -2.159
 7     0.391     0.278    -0.878
 7    -0.229     0.952     0.199
 7     0.891     0.123     0.436
 8    44.798     5.016     1.120
 8     0.862     0.358     0.360
 8     0.468    -0.833    -0.295
 8     0.194     0.422    -0.885
 9    48.050     2.245     0.489
 9     0.583     0.810     0.062
 9    -0.427     0.371    -0.824
 9    -0.691     0.453     0.562
 2    36.397    -7.221    15.729
 2     0.960    -0.281    -0.003
 2     0.280     0.958     0.052
 2    -0.010    -0.052     0.998
 3    40.196     2.286    -2.695
 3     0.812    -0.329     0.483
 3     0.555     0.687    -0.469
 3    -0.177     0.648     0.740
 4    39.883    -6.284    -1.241
 4     0.776     0.397     0.490
 4    -0.563     0.786     0.256
 4    -0.284    -0.474     0.833
 5    45.612    -9.103     1.319
 5     0.892    -0.137     0.430
 5    -0.420    -0.599     0.681
 5     0.165    -0.789    -0.592
