% Calibrated with leiden_pols
% Positions are in centimeters
Data =[
 2    36.397    -7.221    15.729
 2     0.960    -0.281    -0.003
 2     0.280     0.958     0.052
 2    -0.010    -0.052     0.998
 3    39.869     2.110    -2.446
 3     0.822    -0.274     0.499
 3     0.516     0.727    -0.453
 3    -0.239     0.630     0.738
 4    39.952    -6.185    -1.794
 4     0.819     0.343     0.459
 4    -0.479     0.849     0.222
 4    -0.314    -0.402     0.860
 5    46.096    -8.753     0.373
 5     0.939     0.169     0.300
 5    -0.231    -0.335     0.913
 5     0.255    -0.927    -0.276
 6    49.417    -3.206     1.099
 6     0.361    -0.931     0.061
 6     0.701     0.229    -0.674
 6     0.614     0.285     0.736
 7    46.344    -1.669    -2.028
 7     0.398     0.284    -0.872
 7    -0.249     0.948     0.195
 7     0.883     0.139     0.448
 8    45.338     5.745    -0.043
 8     0.954    -0.039     0.298
 8     0.271    -0.317    -0.909
 8     0.129     0.948    -0.292
 9    49.925    -0.992     1.821
 9     0.193     0.963    -0.187
 9    -0.900     0.249     0.357
 9     0.390     0.099     0.915
 2    36.397    -7.222    15.730
 2     0.960    -0.281    -0.003
 2     0.279     0.958     0.051
 2    -0.010    -0.052     0.998
 3    39.846     2.110    -2.449
 3     0.823    -0.274     0.499
 3     0.516     0.726    -0.454
 3    -0.238     0.630     0.738
 4    39.921    -6.187    -1.788
 4     0.819     0.343     0.460
 4    -0.479     0.850     0.219
 4    -0.316    -0.399     0.860
 5    46.094    -8.755     0.348
 5     0.938     0.170     0.301
 5    -0.234    -0.329     0.914
 5     0.255    -0.929    -0.270
 6    49.385    -3.198     1.104
 6     0.352    -0.934     0.059
 6     0.701     0.222    -0.677
 6     0.620     0.278     0.733
 7    46.343    -1.670    -2.029
 7     0.397     0.283    -0.873
 7    -0.249     0.948     0.193
 7     0.883     0.141     0.447
 8    45.325     5.776    -0.031
 8     0.953    -0.043     0.300
 8     0.272    -0.317    -0.908
 8     0.134     0.947    -0.290
 9    49.893    -0.997     1.849
 9     0.187     0.962    -0.196
 9    -0.902     0.247     0.354
 9     0.389     0.110     0.914
 2    36.395    -7.223    15.733
 2     0.960    -0.281    -0.002
 2     0.279     0.958     0.051
 2    -0.011    -0.052     0.998
 3    39.851     2.113    -2.454
 3     0.823    -0.277     0.497
 3     0.517     0.726    -0.454
 3    -0.236     0.630     0.740
 4    39.944    -6.186    -1.790
 4     0.820     0.343     0.458
 4    -0.477     0.851     0.217
 4    -0.316    -0.397     0.861
 5    46.094    -8.755     0.348
 5     0.938     0.171     0.302
 5    -0.234    -0.329     0.914
 5     0.255    -0.929    -0.269
 6    49.409    -3.201     1.082
 6     0.358    -0.932     0.055
 6     0.699     0.229    -0.677
 6     0.619     0.280     0.734
 7    46.347    -1.644    -2.037
 7     0.395     0.282    -0.875
 7    -0.250     0.948     0.192
 7     0.884     0.143     0.445
 8    45.321     5.805     0.013
 8     0.951    -0.039     0.306
 8     0.278    -0.324    -0.904
 8     0.134     0.945    -0.298
 9    49.933    -0.951     1.866
 9     0.203     0.960    -0.194
 9    -0.904     0.259     0.340
 9     0.375     0.106     0.920
 2    36.397    -7.221    15.729
 2     0.960    -0.281    -0.003
 2     0.280     0.958     0.052
 2    -0.010    -0.052     0.998
 3    39.883     2.116    -2.437
 3     0.823    -0.279     0.496
 3     0.518     0.725    -0.453
 3    -0.233     0.629     0.740
 4    39.946    -6.160    -1.793
 4     0.820     0.343     0.458
 4    -0.477     0.851     0.218
 4    -0.315    -0.397     0.862
 5    45.917    -8.882     0.465
 5     0.933     0.109     0.342
 5    -0.280    -0.376     0.883
 5     0.225    -0.920    -0.321
 6    49.831    -3.731     0.692
 6     0.494    -0.869    -0.036
 6     0.682     0.413    -0.603
 6     0.539     0.272     0.797
 7    46.348    -1.645    -2.036
 7     0.394     0.282    -0.875
 7    -0.250     0.948     0.193
 7     0.884     0.142     0.444
 8    45.050     5.898     0.155
 8     0.930     0.053     0.363
 8     0.350    -0.419    -0.838
 8     0.107     0.906    -0.409
 9    50.058    -0.478     1.198
 9     0.351     0.923    -0.161
 9    -0.913     0.374     0.158
 9     0.205     0.091     0.974
 2    36.397    -7.221    15.729
 2     0.960    -0.282    -0.003
 2     0.280     0.958     0.052
 2    -0.010    -0.052     0.998
 3    39.930     2.118    -2.491
 3     0.820    -0.281     0.500
 3     0.522     0.722    -0.454
 3    -0.233     0.632     0.738
 4    39.985    -6.171    -1.785
 4     0.815     0.353     0.459
 4    -0.497     0.833     0.244
 4    -0.296    -0.427     0.854
 5    45.756    -8.883     0.854
 5     0.913    -0.009     0.407
 5    -0.352    -0.518     0.779
 5     0.204    -0.855    -0.477
 6    50.782    -5.124     0.299
 6     0.723    -0.595    -0.359
 6     0.593     0.794    -0.121
 6     0.354    -0.123     0.925
 7    46.385    -1.614    -2.075
 7     0.392     0.285    -0.875
 7    -0.246     0.948     0.198
 7     0.886     0.138     0.441
 8    44.779     5.829     0.424
 8     0.895     0.202     0.396
 8     0.435    -0.588    -0.682
 8     0.095     0.783    -0.614
 9    49.701     0.143     0.562
 9     0.494     0.865    -0.100
 9    -0.859     0.467    -0.203
 9    -0.131     0.184     0.974
 2    36.397    -7.221    15.729
 2     0.960    -0.282    -0.003
 2     0.280     0.958     0.052
 2    -0.010    -0.052     0.998
 3    40.066     2.116    -2.600
 3     0.815    -0.302     0.495
 3     0.538     0.710    -0.454
 3    -0.215     0.636     0.740
 4    40.052    -6.182    -1.728
 4     0.817     0.360     0.452
 4    -0.505     0.824     0.256
 4    -0.280    -0.437     0.854
 5    45.834    -8.913     0.940
 5     0.907    -0.057     0.416
 5    -0.375    -0.556     0.741
 5     0.189    -0.829    -0.526
 6    50.957    -6.060     0.129
 6     0.781    -0.413    -0.478
 6     0.592     0.724     0.351
 6     0.200    -0.553     0.805
 7    46.500    -1.607    -2.123
 7     0.389     0.277    -0.879
 7    -0.241     0.951     0.193
 7     0.889     0.137     0.436
 8    44.787     5.280     0.957
 8     0.872     0.305     0.383
 8     0.460    -0.774    -0.434
 8     0.164     0.554    -0.815
 9    48.680     1.283     0.455
 9     0.564     0.825     0.027
 9    -0.620     0.447    -0.645
 9    -0.545     0.346     0.764
 2    36.397    -7.221    15.729
 2     0.960    -0.282    -0.003
 2     0.280     0.958     0.052
 2    -0.010    -0.052     0.998
 3    40.140     2.221    -2.651
 3     0.812    -0.322     0.489
 3     0.552     0.693    -0.462
 3    -0.191     0.644     0.740
 4    40.046    -6.234    -1.513
 4     0.800     0.385     0.461
 4    -0.537     0.802     0.261
 4    -0.269    -0.456     0.848
 5    45.694    -9.049     1.140
 5     0.894    -0.104     0.436
 5    -0.411    -0.578     0.705
 5     0.179    -0.810    -0.559
 6    50.844    -6.722     0.288
 6     0.808    -0.323    -0.499
 6     0.583     0.552     0.595
 6     0.084    -0.769     0.630
 7    46.566    -1.544    -2.159
 7     0.391     0.278    -0.878
 7    -0.229     0.952     0.199
 7     0.891     0.123     0.436
 8    44.798     5.016     1.120
 8     0.862     0.358     0.360
 8     0.468    -0.833    -0.295
 8     0.194     0.422    -0.885
 9    48.050     2.245     0.489
 9     0.583     0.810     0.062
 9    -0.427     0.371    -0.824
 9    -0.691     0.453     0.562
 2    36.397    -7.221    15.729
 2     0.960    -0.281    -0.003
 2     0.280     0.958     0.052
 2    -0.010    -0.052     0.998
 3    40.196     2.286    -2.695
 3     0.812    -0.329     0.483
 3     0.555     0.687    -0.469
 3    -0.177     0.648     0.740
 4    39.883    -6.284    -1.241
 4     0.776     0.397     0.490
 4    -0.563     0.786     0.256
 4    -0.284    -0.474     0.833
 5    45.612    -9.103     1.319
 5     0.892    -0.137     0.430
 5    -0.420    -0.599     0.681
 5     0.165    -0.789    -0.592
 6    50.801    -7.110     0.269
 6     0.830    -0.298    -0.476
 6     0.554     0.509     0.658
 6     0.047    -0.808     0.583
 7    46.606    -1.506    -2.197
 7     0.394     0.277    -0.877
 7    -0.218     0.954     0.203
 7     0.893     0.111     0.436
 8    44.747     5.026     1.163
 8     0.849     0.386     0.361
 8     0.484    -0.841    -0.241
 8     0.210     0.379    -0.901
 9    47.769     2.892     0.571
 9     0.600     0.795     0.087
 9    -0.329     0.345    -0.879
 9    -0.729     0.498     0.469
 2    36.397    -7.222    15.730
 2     0.960    -0.281    -0.004
 2     0.279     0.958     0.052
 2    -0.010    -0.052     0.998
 3    40.182     2.318    -2.683
 3     0.810    -0.338     0.480
 3     0.560     0.684    -0.466
 3    -0.172     0.646     0.743
 4    39.782    -6.330    -1.078
 4     0.761     0.401     0.510
 4    -0.575     0.781     0.245
 4    -0.300    -0.479     0.824
 5    45.514    -9.163     1.370
 5     0.892    -0.157     0.424
 5    -0.427    -0.603     0.674
 5     0.150    -0.782    -0.605
 6    50.801    -7.468     0.187
 6     0.856    -0.275    -0.443
 6     0.517     0.484     0.707
 6     0.021    -0.831     0.552
 7    46.613    -1.500    -2.205
 7     0.395     0.275    -0.877
 7    -0.212     0.955     0.204
 7     0.894     0.106     0.435
 8    44.670     5.058     1.156
 8     0.828     0.431     0.358
 8     0.516    -0.835    -0.190
 8     0.217     0.341    -0.914
 9    47.417     3.700     0.531
 9     0.606     0.785     0.128
 9    -0.215     0.317    -0.924
 9    -0.766     0.531     0.361
 2    36.397    -7.222    15.730
 2     0.960    -0.280    -0.003
 2     0.279     0.958     0.052
 2    -0.010    -0.052     0.998
 3    40.191     2.324    -2.694
 3     0.807    -0.347     0.480
 3     0.566     0.683    -0.460
 3    -0.168     0.642     0.747
 4    39.640    -6.333    -0.917
 4     0.742     0.405     0.535
 4    -0.587     0.776     0.228
 4    -0.323    -0.483     0.813
 5    45.432    -9.253     1.421
 5     0.889    -0.189     0.417
 5    -0.440    -0.608     0.661
 5     0.128    -0.771    -0.624
 6    50.752    -7.932     0.062
 6     0.883    -0.251    -0.400
 6     0.468     0.456     0.757
 6    -0.007    -0.854     0.516
 7    46.595    -1.494    -2.211
 7     0.396     0.273    -0.877
 7    -0.207     0.956     0.204
 7     0.895     0.101     0.434
 8    44.660     5.023     1.148
 8     0.805     0.491     0.334
 8     0.549    -0.828    -0.108
 8     0.224     0.269    -0.936
 9    46.732     4.846     0.460
 9     0.571     0.799     0.187
 9    -0.036     0.252    -0.967
 9    -0.820     0.545     0.173
 2    36.397    -7.222    15.730
 2     0.960    -0.281    -0.003
 2     0.279     0.958     0.051
 2    -0.010    -0.052     0.998
 3    40.220     2.354    -2.699
 3     0.802    -0.356     0.480
 3     0.573     0.681    -0.454
 3    -0.166     0.639     0.750
 4    39.594    -6.300    -0.824
 4     0.729     0.413     0.546
 4    -0.597     0.773     0.213
 4    -0.334    -0.481     0.810
 5    45.296    -9.367     1.395
 5     0.880    -0.204     0.429
 5    -0.459    -0.597     0.657
 5     0.122    -0.776    -0.619
 6    50.717    -8.342     0.054
 6     0.904    -0.216    -0.371
 6     0.427     0.454     0.783
 6     0.000    -0.865     0.499
 7    46.607    -1.488    -2.226
 7     0.393     0.270    -0.879
 7    -0.202     0.958     0.203
 7     0.897     0.098     0.430
 8    44.517     5.198     1.083
 8     0.759     0.568     0.320
 8     0.609    -0.792    -0.042
 8     0.229     0.225    -0.947
 9    46.017     5.993     0.349
 9     0.531     0.802     0.273
 9     0.104     0.257    -0.960
 9    -0.841     0.539     0.053
 2    36.397    -7.222    15.730
 2     0.960    -0.281    -0.003
 2     0.279     0.958     0.051
 2    -0.010    -0.052     0.998
 3    40.196     2.336    -2.706
 3     0.794    -0.370     0.485
 3     0.586     0.677    -0.445
 3    -0.164     0.636     0.753
 4    39.523    -6.317    -0.756
 4     0.715     0.424     0.556
 4    -0.608     0.769     0.196
 4    -0.345    -0.478     0.807
 5    45.205    -9.474     1.370
 5     0.869    -0.215     0.445
 5    -0.479    -0.591     0.649
 5     0.124    -0.777    -0.617
 6    50.688    -8.680     0.070
 6     0.920    -0.191    -0.346
 6     0.392     0.442     0.807
 6    -0.001    -0.876     0.478
 7    46.624    -1.454    -2.224
 7     0.389     0.262    -0.884
 7    -0.195     0.960     0.199
 7     0.900     0.095     0.424
 8    44.388     5.399     1.067
 8     0.710     0.635     0.307
 8     0.662    -0.749     0.015
 8     0.238     0.191    -0.952
 9    45.392     7.056     0.357
 9     0.493     0.804     0.333
 9     0.228     0.248    -0.941
 9    -0.839     0.539    -0.062
 2    36.397    -7.221    15.729
 2     0.960    -0.281    -0.003
 2     0.280     0.958     0.051
 2    -0.010    -0.052     0.998
 3    40.195     2.366    -2.711
 3     0.786    -0.379     0.489
 3     0.595     0.672    -0.439
 3    -0.163     0.635     0.754
 4    39.479    -6.306    -0.722
 4     0.704     0.433     0.563
 4    -0.615     0.767     0.179
 4    -0.354    -0.473     0.806
 5    45.112    -9.528     1.389
 5     0.860    -0.238     0.451
 5    -0.495    -0.598     0.630
 5     0.120    -0.765    -0.632
 6    50.593    -8.997     0.039
 6     0.933    -0.177    -0.314
 6     0.358     0.445     0.822
 6    -0.005    -0.878     0.476
 7    46.634    -1.448    -2.241
 7     0.386     0.256    -0.887
 7    -0.190     0.962     0.194
 7     0.902     0.094     0.419
 8    44.163     5.651     1.103
 8     0.672     0.670     0.319
 8     0.700    -0.714     0.024
 8     0.243     0.205    -0.947
 9    45.172     7.592     0.395
 9     0.501     0.788     0.361
 9     0.266     0.254    -0.929
 9    -0.823     0.560    -0.083
 2    36.397    -7.221    15.729
 2     0.960    -0.282    -0.003
 2     0.280     0.958     0.051
 2    -0.010    -0.052     0.998
 3    40.164     2.395    -2.685
 3     0.778    -0.388     0.495
 3     0.606     0.669    -0.431
 3    -0.164     0.634     0.754
 4    39.432    -6.293    -0.688
 4     0.698     0.434     0.570
 4    -0.617     0.768     0.171
 4    -0.364    -0.470     0.803
 5    45.020    -9.567     1.335
 5     0.853    -0.244     0.462
 5    -0.509    -0.582     0.634
 5     0.114    -0.776    -0.620
 6    50.547    -9.280    -0.042
 6     0.947    -0.155    -0.284
 6     0.321     0.468     0.824
 6     0.006    -0.870     0.490
 7    46.639    -1.420    -2.224
 7     0.385     0.253    -0.888
 7    -0.189     0.963     0.191
 7     0.903     0.094     0.418
 8    44.134     5.724     1.117
 8     0.668     0.670     0.326
 8     0.704    -0.709     0.015
 8     0.241     0.218    -0.945
 9    45.204     7.647     0.442
 9     0.511     0.776     0.373
 9     0.264     0.269    -0.925
 9    -0.818     0.569    -0.069
 2    36.397    -7.222    15.730
 2     0.960    -0.281    -0.003
 2     0.279     0.958     0.051
 2    -0.010    -0.052     0.998
 3    40.182     2.391    -2.676
 3     0.779    -0.385     0.496
 3     0.604     0.670    -0.431
 3    -0.167     0.634     0.754
 4    39.383    -6.273    -0.654
 4     0.691     0.441     0.573
 4    -0.624     0.763     0.165
 4    -0.365    -0.472     0.802
 5    44.919    -9.649     1.317
 5     0.846    -0.250     0.470
 5    -0.521    -0.575     0.631
 5     0.113    -0.779    -0.616
 6    50.487    -9.409    -0.051
 6     0.953    -0.143    -0.270
 6     0.303     0.473     0.828
 6     0.010    -0.870     0.491
 7    46.621    -1.419    -2.231
 7     0.383     0.253    -0.889
 7    -0.188     0.963     0.193
 7     0.904     0.093     0.416
 8    44.155     5.726     1.117
 8     0.664     0.675     0.324
 8     0.708    -0.705     0.017
 8     0.240     0.216    -0.946
 9    45.199     7.762     0.417
 9     0.507     0.773     0.383
 9     0.277     0.273    -0.920
 9    -0.816     0.573    -0.077
 2    36.397    -7.221    15.729
 2     0.960    -0.281    -0.003
 2     0.280     0.958     0.051
 2    -0.010    -0.052     0.998
 3    40.180     2.367    -2.672
 3     0.776    -0.391     0.497
 3     0.608     0.671    -0.424
 3    -0.168     0.630     0.757
 4    39.384    -6.302    -0.651
 4     0.685     0.449     0.574
 4    -0.631     0.759     0.158
 4    -0.365    -0.470     0.803
 5    44.816    -9.760     1.299
 5     0.835    -0.256     0.486
 5    -0.538    -0.562     0.629
 5     0.112    -0.787    -0.606
 6    50.453    -9.790    -0.040
 6     0.964    -0.113    -0.241
 6     0.263     0.491     0.831
 6     0.025    -0.864     0.501
 7    46.633    -1.438    -2.247
 7     0.380     0.253    -0.890
 7    -0.184     0.963     0.194
 7     0.906     0.091     0.412
 8    44.066     5.812     1.092
 8     0.643     0.696     0.322
 8     0.728    -0.684     0.026
 8     0.238     0.216    -0.946
 9    45.063     7.997     0.428
 9     0.507     0.764     0.406
 9     0.302     0.281    -0.909
 9    -0.807     0.581    -0.090
 2    36.397    -7.221    15.729
 2     0.960    -0.282    -0.003
 2     0.280     0.958     0.051
 2    -0.010    -0.052     0.998
 3    40.147     2.340    -2.664
 3     0.772    -0.393     0.500
 3     0.612     0.670    -0.420
 3    -0.171     0.629     0.757
 4    39.284    -6.319    -0.603
 4     0.673     0.454     0.585
 4    -0.636     0.757     0.145
 4    -0.378    -0.469     0.798
 5    44.718    -9.849     1.269
 5     0.830    -0.273     0.487
 5    -0.549    -0.555     0.625
 5     0.099    -0.786    -0.610
 6    50.304   -10.039    -0.222
 6     0.972    -0.111    -0.209
 6     0.235     0.495     0.837
 6     0.011    -0.862     0.505
 7    46.633    -1.463    -2.246
 7     0.381     0.252    -0.890
 7    -0.184     0.963     0.193
 7     0.906     0.090     0.413
 8    44.038     5.811     1.095
 8     0.642     0.697     0.322
 8     0.729    -0.683     0.026
 8     0.237     0.217    -0.946
 9    45.066     8.141     0.411
 9     0.508     0.763     0.405
 9     0.316     0.270    -0.908
 9    -0.802     0.587    -0.105
 2    36.397    -7.221    15.729
 2     0.960    -0.282    -0.003
 2     0.280     0.958     0.051
 2    -0.010    -0.052     0.998
 3    40.132     2.360    -2.647
 3     0.771    -0.389     0.505
 3     0.611     0.671    -0.418
 3    -0.177     0.631     0.755
 4    39.254    -6.298    -0.590
 4     0.669     0.455     0.588
 4    -0.638     0.756     0.141
 4    -0.381    -0.470     0.796
 5    44.650    -9.884     1.249
 5     0.826    -0.283     0.488
 5    -0.557    -0.547     0.626
 5     0.090    -0.788    -0.608
 6    50.248   -10.173    -0.288
 6     0.975    -0.107    -0.194
 6     0.220     0.502     0.837
 6     0.008    -0.858     0.511
 7    46.603    -1.435    -2.264
 7     0.385     0.247    -0.889
 7    -0.179     0.965     0.190
 7     0.905     0.086     0.415
 8    43.974     5.901     1.054
 8     0.624     0.719     0.307
 8     0.744    -0.665     0.045
 8     0.236     0.198    -0.950
 9    44.806     8.655     0.353
 9     0.485     0.785     0.389
 9     0.385     0.205    -0.898
 9    -0.785     0.585    -0.204
 2    36.394    -7.222    15.732
 2     0.960    -0.281    -0.002
 2     0.280     0.958     0.051
 2    -0.011    -0.052     0.998
 3    40.067     2.357    -2.635
 3     0.766    -0.391     0.512
 3     0.617     0.670    -0.413
 3    -0.182     0.631     0.753
 4    39.218    -6.334    -0.596
 4     0.660     0.464     0.591
 4    -0.644     0.753     0.129
 4    -0.386    -0.466     0.796
 5    44.535    -9.971     1.195
 5     0.818    -0.289     0.498
 5    -0.569    -0.533     0.626
 5     0.084    -0.795    -0.600
 6    50.161   -10.326    -0.391
 6     0.978    -0.097    -0.184
 6     0.205     0.522     0.829
 6     0.016    -0.847     0.528
 7    46.602    -1.461    -2.265
 7     0.385     0.247    -0.890
 7    -0.180     0.965     0.189
 7     0.905     0.088     0.415
 8    43.874     5.970     1.059
 8     0.617     0.715     0.333
 8     0.751    -0.659     0.023
 8     0.234     0.234    -0.943
 9    45.121     8.324     0.428
 9     0.544     0.764     0.348
 9     0.312     0.200    -0.928
 9    -0.779     0.613    -0.129
 2    36.397    -7.221    15.729
 2     0.960    -0.282    -0.003
 2     0.280     0.958     0.051
 2    -0.010    -0.052     0.998
 3    40.034     2.355    -2.601
 3     0.764    -0.391     0.516
 3     0.618     0.670    -0.411
 3    -0.185     0.631     0.752
 4    39.179    -6.309    -0.644
 4     0.666     0.460     0.588
 4    -0.637     0.760     0.126
 4    -0.389    -0.458     0.799
 5    44.552    -9.898     1.127
 5     0.835    -0.248     0.491
 5    -0.544    -0.509     0.667
 5     0.085    -0.824    -0.560
 6    50.418    -9.060    -0.278
 6     0.928    -0.157    -0.341
 6     0.359     0.615     0.703
 6     0.100    -0.773     0.624
 7    46.558    -1.440    -2.244
 7     0.391     0.244    -0.888
 7    -0.182     0.965     0.184
 7     0.902     0.090     0.421
 8    43.624     6.426     1.085
 8     0.672     0.608     0.426
 8     0.718    -0.674    -0.173
 8     0.181     0.420    -0.888
 9    46.639     6.293     0.315
 9     0.676     0.705     0.213
 9    -0.092     0.367    -0.926
 9    -0.731     0.606     0.313
 2    36.397    -7.222    15.730
 2     0.960    -0.281    -0.003
 2     0.279     0.958     0.051
 2    -0.010    -0.052     0.998
 3    39.935     2.399    -2.553
 3     0.759    -0.386     0.524
 3     0.621     0.670    -0.407
 3    -0.194     0.634     0.748
 4    39.345    -6.247    -0.772
 4     0.708     0.425     0.565
 4    -0.599     0.783     0.162
 4    -0.374    -0.453     0.808
 5    44.906    -9.633     1.085
 5     0.872    -0.139     0.469
 5    -0.473    -0.490     0.733
 5     0.128    -0.861    -0.492
 6    50.752    -7.386     0.290
 6     0.826    -0.243    -0.512
 6     0.508     0.704     0.495
 6     0.241    -0.667     0.702
 7    46.528    -1.385    -2.237
 7     0.396     0.239    -0.887
 7    -0.176     0.967     0.181
 7     0.901     0.085     0.424
 8    43.637     6.795     0.899
 8     0.743     0.468     0.481
 8     0.657    -0.644    -0.391
 8     0.126     0.605    -0.785
 9    48.380     4.291     0.256
 9     0.730     0.681    -0.064
 9    -0.471     0.439    -0.765
 9    -0.494     0.586     0.641
 2    36.397    -7.221    15.729
 2     0.960    -0.281    -0.003
 2     0.280     0.958     0.051
 2    -0.010    -0.052     0.998
 3    39.952     2.388    -2.498
 3     0.764    -0.384     0.519
 3     0.613     0.682    -0.399
 3    -0.201     0.622     0.756
 4    39.521    -6.292    -0.926
 4     0.737     0.406     0.541
 4    -0.575     0.797     0.185
 4    -0.356    -0.447     0.820
 5    45.317    -9.312     1.069
 5     0.902    -0.053     0.427
 5    -0.398    -0.482     0.780
 5     0.164    -0.875    -0.456
 6    50.899    -6.054     0.729
 6     0.724    -0.376    -0.585
 6     0.596     0.758     0.257
 6     0.347    -0.533     0.769
 7    46.551    -1.379    -2.191
 7     0.388     0.237    -0.891
 7    -0.174     0.968     0.181
 7     0.905     0.085     0.416
 8    43.856     6.895     0.719
 8     0.794     0.349     0.499
 8     0.598    -0.593    -0.539
 8     0.108     0.726    -0.678
 9    49.291     3.037     0.585
 9     0.690     0.679    -0.259
 9    -0.672     0.469    -0.571
 9    -0.268     0.564     0.780
 2    36.397    -7.221    15.729
 2     0.960    -0.281    -0.003
 2     0.280     0.958     0.051
 2    -0.010    -0.052     0.998
 3    40.013     2.389    -2.472
 3     0.767    -0.388     0.512
 3     0.609     0.688    -0.394
 3    -0.199     0.613     0.763
 4    39.769    -6.254    -1.085
 4     0.765     0.396     0.509
 4    -0.555     0.805     0.208
 4    -0.328    -0.441     0.835
 5    45.561    -9.112     1.140
 5     0.911     0.020     0.411
 5    -0.350    -0.489     0.799
 5     0.216    -0.872    -0.439
 6    50.788    -5.268     1.219
 6     0.647    -0.494    -0.587
 6     0.639     0.764     0.064
 6     0.415    -0.415     0.807
 7    46.603    -1.347    -2.181
 7     0.377     0.230    -0.897
 7    -0.172     0.969     0.176
 7     0.910     0.088     0.404
 8    43.988     7.014     0.573
 8     0.817     0.254     0.517
 8     0.565    -0.529    -0.634
 8     0.112     0.810    -0.575
 9    49.757     2.355     1.045
 9     0.624     0.687    -0.379
 9    -0.779     0.510    -0.360
 9    -0.057     0.517     0.853
 2    36.397    -7.221    15.729
 2     0.960    -0.282    -0.003
 2     0.280     0.958     0.052
 2    -0.010    -0.052     0.998
 3    40.020     2.389    -2.443
 3     0.769    -0.393     0.505
 3     0.608     0.692    -0.388
 3    -0.198     0.605     0.770
 4    39.973    -6.268    -1.273
 4     0.788     0.392     0.475
 4    -0.539     0.812     0.224
 4    -0.298    -0.432     0.851
 5    45.811    -8.946     1.194
 5     0.914     0.080     0.396
 5    -0.311    -0.487     0.816
 5     0.258    -0.870    -0.421
 6    50.497    -4.518     1.684
 6     0.563    -0.686    -0.472
 6     0.660     0.707    -0.244
 6     0.496    -0.172     0.847
 7    46.624    -1.342    -2.139
 7     0.368     0.222    -0.903
 7    -0.172     0.970     0.168
 7     0.914     0.093     0.395
 8    44.250     7.093     0.307
 8     0.851     0.141     0.506
 8     0.513    -0.427    -0.744
 8     0.112     0.893    -0.436
 9    50.094     1.622     1.629
 9     0.500     0.759    -0.423
 9    -0.848     0.524    -0.059
 9     0.172     0.385     0.904
 2    36.394    -7.222    15.732
 2     0.960    -0.282    -0.003
 2     0.280     0.958     0.052
 2    -0.011    -0.052     0.998
 3    40.051     2.387    -2.412
 3     0.773    -0.394     0.499
 3     0.603     0.699    -0.384
 3    -0.198     0.597     0.776
 4    40.108    -6.243    -1.346
 4     0.802     0.390     0.452
 4    -0.528     0.816     0.233
 4    -0.278    -0.426     0.861
 5    45.943    -8.717     1.206
 5     0.912     0.169     0.374
 5    -0.258    -0.471     0.843
 5     0.318    -0.866    -0.386
 6    49.814    -3.683     2.147
 6     0.457    -0.859    -0.233
 6     0.689     0.505    -0.519
 6     0.562     0.077     0.822
 7    46.585    -1.332    -2.086
 7     0.363     0.218    -0.906
 7    -0.186     0.969     0.158
 7     0.913     0.111     0.392
 8    44.625     6.920     0.344
 8     0.884    -0.034     0.466
 8     0.424    -0.360    -0.831
 8     0.196     0.932    -0.304
 9    49.851     0.746     2.706
 9     0.330     0.842    -0.429
 9    -0.877     0.440     0.193
 9     0.349     0.311     0.882
 2    36.397    -7.222    15.730
 2     0.960    -0.281    -0.003
 2     0.279     0.958     0.051
 2    -0.010    -0.052     0.998
 3    40.180     2.463    -2.420
 3     0.786    -0.401     0.471
 3     0.595     0.697    -0.401
 3    -0.167     0.595     0.785
 4    40.315    -6.197    -1.543
 4     0.825     0.391     0.410
 4    -0.514     0.819     0.254
 4    -0.236    -0.420     0.876
 5    46.156    -8.407     1.262
 5     0.891     0.301     0.341
 5    -0.188    -0.438     0.878
 5     0.414    -0.847    -0.334
 6    49.168    -2.971     2.871
 6     0.337    -0.931    -0.140
 6     0.724     0.351    -0.593
 6     0.601     0.098     0.793
 7    46.648    -1.369    -2.010
 7     0.347     0.224    -0.911
 7    -0.200     0.966     0.160
 7     0.916     0.127     0.380
 8    44.979     6.699     0.684
 8     0.881    -0.167     0.443
 8     0.361    -0.367    -0.857
 8     0.305     0.915    -0.264
 9    49.632     0.218     3.422
 9     0.256     0.882    -0.397
 9    -0.884     0.378     0.275
 9     0.391     0.280     0.876
 2    36.397    -7.222    15.730
 2     0.960    -0.281    -0.003
 2     0.279     0.958     0.051
 2    -0.010    -0.052     0.998
 3    40.303     2.480    -2.422
 3     0.790    -0.412     0.455
 3     0.594     0.693    -0.407
 3    -0.148     0.592     0.792
 4    40.405    -6.214    -1.570
 4     0.828     0.392     0.400
 4    -0.511     0.820     0.257
 4    -0.228    -0.417     0.879
 5    46.187    -8.312     1.336
 5     0.882     0.323     0.345
 5    -0.180    -0.445     0.876
 5     0.436    -0.835    -0.335
 6    49.260    -3.017     3.035
 6     0.350    -0.923    -0.159
 6     0.709     0.372    -0.599
 6     0.612     0.096     0.785
 7    46.659    -1.394    -2.002
 7     0.342     0.223    -0.913
 7    -0.201     0.966     0.160
 7     0.918     0.129     0.375
 8    45.006     6.637     0.764
 8     0.878    -0.171     0.447
 8     0.357    -0.387    -0.849
 8     0.317     0.906    -0.280
 9    49.678     0.138     3.572
 9     0.267     0.874    -0.408
 9    -0.885     0.389     0.258
 9     0.382     0.291     0.876
 2    36.397    -7.221    15.729
 2     0.960    -0.282    -0.003
 2     0.280     0.958     0.051
 2    -0.010    -0.052     0.998
 3    40.303     2.480    -2.396
 3     0.791    -0.411     0.455
 3     0.594     0.693    -0.408
 3    -0.148     0.592     0.791
 4    40.343    -6.222    -1.575
 4     0.824     0.395     0.406
 4    -0.516     0.819     0.251
 4    -0.234    -0.416     0.878
 5    46.138    -8.366     1.317
 5     0.880     0.317     0.353
 5    -0.189    -0.449     0.873
 5     0.435    -0.835    -0.336
 6    49.268    -3.121     3.031
 6     0.359    -0.919    -0.166
 6     0.703     0.382    -0.599
 6     0.613     0.097     0.783
 7    46.653    -1.396    -1.993
 7     0.343     0.226    -0.912
 7    -0.202     0.965     0.163
 7     0.917     0.129     0.376
 8    44.989     6.614     0.780
 8     0.878    -0.173     0.447
 8     0.356    -0.389    -0.849
 8     0.320     0.905    -0.281
 9    49.650     0.139     3.569
 9     0.268     0.871    -0.413
 9    -0.884     0.391     0.256
 9     0.382     0.296     0.874
 2    36.397    -7.221    15.729
 2     0.960    -0.281    -0.003
 2     0.280     0.958     0.051
 2    -0.010    -0.052     0.998
 3    40.305     2.480    -2.399
 3     0.791    -0.411     0.454
 3     0.593     0.693    -0.409
 3    -0.147     0.593     0.791
 4    40.346    -6.248    -1.576
 4     0.822     0.399     0.407
 4    -0.520     0.817     0.250
 4    -0.233    -0.416     0.878
 5    46.108    -8.414     1.349
 5     0.875     0.317     0.365
 5    -0.196    -0.457     0.867
 5     0.441    -0.831    -0.339
 6    49.239    -3.228     3.071
 6     0.366    -0.914    -0.178
 6     0.702     0.396    -0.592
 6     0.610     0.091     0.786
 7    46.649    -1.448    -2.008
 7     0.346     0.230    -0.910
 7    -0.203     0.965     0.166
 7     0.916     0.127     0.380
 8    44.958     6.626     0.802
 8     0.873    -0.175     0.455
 8     0.360    -0.396    -0.844
 8     0.328     0.901    -0.284
 9    49.638     0.138     3.649
 9     0.274     0.865    -0.422
 9    -0.883     0.399     0.246
 9     0.379     0.305     0.872
 2    36.397    -7.221    15.729
 2     0.960    -0.281    -0.003
 2     0.280     0.958     0.051
 2    -0.010    -0.052     0.998
 3    40.307     2.481    -2.403
 3     0.791    -0.410     0.454
 3     0.593     0.692    -0.411
 3    -0.146     0.594     0.790
 4    40.321    -6.250    -1.571
 4     0.819     0.401     0.409
 4    -0.523     0.815     0.248
 4    -0.234    -0.417     0.878
 5    46.073    -8.498     1.349
 5     0.875     0.303     0.378
 5    -0.211    -0.463     0.860
 5     0.435    -0.833    -0.342
 6    49.289    -3.308     3.022
 6     0.377    -0.909    -0.180
 6     0.697     0.406    -0.591
 6     0.609     0.097     0.786
 7    46.688    -1.452    -1.990
 7     0.350     0.236    -0.907
 7    -0.205     0.963     0.171
 7     0.914     0.126     0.385
 8    44.987     6.602     0.818
 8     0.873    -0.176     0.455
 8     0.358    -0.401    -0.842
 8     0.330     0.899    -0.289
 9    49.647     0.107     3.674
 9     0.276     0.866    -0.418
 9    -0.886     0.397     0.241
 9     0.372     0.302     0.876
 2    36.397    -7.221    15.729
 2     0.960    -0.282    -0.003
 2     0.280     0.958     0.051
 2    -0.010    -0.052     0.998
 3    40.333     2.455    -2.377
 3     0.793    -0.408     0.453
 3     0.591     0.693    -0.413
 3    -0.146     0.594     0.790
 4    40.342    -6.280    -1.563
 4     0.815     0.407     0.412
 4    -0.529     0.813     0.244
 4    -0.236    -0.416     0.878
 5    46.049    -8.578     1.355
 5     0.873     0.297     0.386
 5    -0.220    -0.467     0.856
 5     0.434    -0.833    -0.343
 6    49.312    -3.440     3.005
 6     0.386    -0.904    -0.186
 6     0.694     0.416    -0.587
 6     0.607     0.097     0.788
 7    46.709    -1.479    -2.006
 7     0.351     0.240    -0.905
 7    -0.206     0.962     0.175
 7     0.913     0.125     0.387
 8    45.013     6.578     0.838
 8     0.873    -0.175     0.454
 8     0.356    -0.406    -0.841
 8     0.331     0.897    -0.294
 9    49.658     0.055     3.637
 9     0.282     0.864    -0.418
 9    -0.886     0.400     0.234
 9     0.367     0.304     0.878
];