% Calibrated with leiden_pols
% Positions are in centimeters
Data =[
 2    36.390    -7.212    15.720
 2     0.952    -0.307    -0.005
 2     0.305     0.950     0.049
 2    -0.009    -0.050     0.999
 3    41.632     3.121    -2.269
 3     0.677    -0.706     0.210
 3     0.692     0.514    -0.505
 3     0.248     0.487     0.837
 4    42.035    -7.012    -1.793
 4     0.617     0.769     0.167
 4    -0.753     0.515     0.410
 4     0.229    -0.378     0.896
 5    44.125    -7.193     2.697
 5     0.391     0.156     0.907
 5    -0.150    -0.962     0.229
 5     0.908    -0.225    -0.353
 6    46.592    -8.474     8.050
 6     0.149     0.677    -0.723
 6    -0.025     0.731     0.679
 6     0.988    -0.081     0.124
 7    47.264    -1.684    -2.037
 7     0.336     0.222    -0.916
 7    -0.127     0.973     0.189
 7     0.933     0.053     0.355
 8    42.836     5.150     1.987
 8     0.271    -0.183     0.945
 8     0.297    -0.918    -0.262
 8     0.915     0.351    -0.195
 9    46.657     5.936     9.224
 9     0.250    -0.661    -0.711
 9     0.076     0.743    -0.663
 9     0.965     0.109     0.234
 2    36.390    -7.212    15.720
 2     0.952    -0.307    -0.005
 2     0.305     0.950     0.049
 2    -0.009    -0.050     0.999
 3    41.635     3.122    -2.272
 3     0.677    -0.706     0.209
 3     0.692     0.515    -0.505
 3     0.249     0.486     0.837
 4    42.046    -7.007    -1.810
 4     0.618     0.769     0.163
 4    -0.750     0.515     0.413
 4     0.234    -0.378     0.896
 5    44.135    -7.236     2.549
 5     0.365     0.141     0.920
 5    -0.168    -0.963     0.213
 5     0.915    -0.232    -0.328
 6    46.526    -8.471     8.056
 6     0.151     0.692    -0.708
 6    -0.024     0.716     0.695
 6     0.988    -0.086     0.123
 7    47.239    -1.684    -2.036
 7     0.336     0.223    -0.916
 7    -0.127     0.973     0.189
 7     0.933     0.052     0.354
 8    42.902     5.262     1.809
 8     0.217    -0.231     0.949
 8     0.303    -0.908    -0.289
 8     0.928     0.349    -0.128
 9    46.647     5.960     9.235
 9     0.251    -0.662    -0.710
 9     0.077     0.742    -0.664
 9     0.964     0.110     0.236
 2    36.388    -7.213    15.723
 2     0.952    -0.307    -0.005
 2     0.305     0.950     0.050
 2    -0.010    -0.051     0.999
 3    41.661     3.095    -2.272
 3     0.679    -0.705     0.208
 3     0.690     0.516    -0.506
 3     0.249     0.487     0.837
 4    42.134    -7.011    -1.831
 4     0.630     0.759     0.161
 4    -0.736     0.517     0.437
 4     0.248    -0.394     0.885
 5    44.095    -7.314     2.159
 5     0.285     0.157     0.946
 5    -0.184    -0.960     0.214
 5     0.941    -0.234    -0.245
 6    46.233    -8.579     7.942
 6     0.124     0.725    -0.680
 6    -0.029     0.685     0.726
 6     0.992    -0.069     0.104
 7    47.271    -1.680    -2.046
 7     0.335     0.220    -0.916
 7    -0.124     0.974     0.188
 7     0.934     0.051     0.353
 8    42.766     5.268     1.740
 8     0.174    -0.206     0.963
 8     0.319    -0.914    -0.252
 8     0.932     0.350    -0.093
 9    46.355     6.105     9.147
 9     0.247    -0.707    -0.666
 9     0.090     0.698    -0.708
 9     0.964     0.113     0.235
 2    36.388    -7.213    15.723
 2     0.952    -0.307    -0.005
 2     0.305     0.950     0.050
 2    -0.010    -0.051     0.999
 3    41.726     3.077    -2.328
 3     0.680    -0.702     0.211
 3     0.686     0.509    -0.520
 3     0.257     0.498     0.828
 4    42.215    -7.000    -1.874
 4     0.628     0.763     0.154
 4    -0.733     0.513     0.446
 4     0.261    -0.393     0.882
 5    43.775    -7.518     1.718
 5     0.187     0.179     0.966
 5    -0.198    -0.956     0.215
 5     0.962    -0.231    -0.143
 6    45.394    -8.714     7.635
 6     0.037     0.689    -0.725
 6    -0.023     0.725     0.688
 6     0.999    -0.007     0.041
 7    47.308    -1.677    -2.041
 7     0.330     0.217    -0.919
 7    -0.124     0.974     0.184
 7     0.936     0.054     0.348
 8    42.323     5.569     1.594
 8     0.078    -0.260     0.963
 8     0.354    -0.896    -0.270
 8     0.932     0.360     0.022
 9    45.583     6.428     8.950
 9     0.177    -0.672    -0.722
 9     0.089     0.739    -0.666
 9     0.980     0.051     0.189
 2    36.388    -7.213    15.723
 2     0.952    -0.307    -0.005
 2     0.305     0.950     0.050
 2    -0.010    -0.051     0.999
 3    41.859     3.093    -2.422
 3     0.670    -0.714     0.206
 3     0.690     0.498    -0.524
 3     0.271     0.493     0.826
 4    42.451    -7.042    -1.995
 4     0.628     0.768     0.123
 4    -0.729     0.526     0.438
 4     0.272    -0.365     0.890
 5    43.427    -7.997     1.178
 5     0.047     0.279     0.959
 5    -0.196    -0.939     0.282
 5     0.979    -0.200     0.010
 6    43.417    -9.904     7.856
 6    -0.092     0.582    -0.808
 6    -0.015     0.810     0.585
 6     0.995     0.067    -0.066
 7    47.397    -1.658    -2.027
 7     0.315     0.193    -0.929
 7    -0.113     0.979     0.164
 7     0.942     0.054     0.330
 8    41.403     6.113     1.390
 8    -0.069    -0.409     0.910
 8     0.407    -0.844    -0.348
 8     0.910     0.346     0.225
 9    44.182     7.054     8.511
 9     0.039    -0.572    -0.820
 9     0.087     0.818    -0.567
 9     0.995    -0.051     0.081
 2    36.388    -7.213    15.723
 2     0.952    -0.307    -0.005
 2     0.305     0.950     0.050
 2    -0.010    -0.051     0.999
 3    41.843     3.057    -2.507
 3     0.643    -0.739     0.204
 3     0.714     0.482    -0.506
 3     0.276     0.470     0.838
 4    42.577    -7.085    -2.041
 4     0.623     0.775     0.106
 4    -0.729     0.525     0.439
 4     0.285    -0.351     0.892
 5    42.903    -8.370     1.048
 5    -0.057     0.298     0.953
 5    -0.201    -0.938     0.281
 5     0.978    -0.175     0.113
 6    42.164   -10.078     7.954
 6    -0.183     0.540    -0.822
 6    -0.012     0.834     0.551
 6     0.983     0.112    -0.147
 7    47.424    -1.587    -2.020
 7     0.309     0.168    -0.936
 7    -0.099     0.984     0.143
 7     0.946     0.049     0.321
 8    40.498     6.331     1.136
 8    -0.191    -0.443     0.876
 8     0.460    -0.829    -0.319
 8     0.867     0.342     0.362
 9    42.812     7.555     8.301
 9    -0.047    -0.606    -0.795
 9     0.094     0.789    -0.606
 9     0.994    -0.105     0.019
 2    36.388    -7.213    15.723
 2     0.952    -0.307    -0.005
 2     0.305     0.950     0.050
 2    -0.010    -0.051     0.999
 3    41.761     3.070    -2.581
 3     0.612    -0.763     0.209
 3     0.741     0.461    -0.488
 3     0.276     0.453     0.847
 4    42.742    -7.101    -2.106
 4     0.625     0.777     0.083
 4    -0.723     0.534     0.438
 4     0.295    -0.334     0.895
 5    42.549    -8.662     0.986
 5    -0.137     0.333     0.933
 5    -0.189    -0.933     0.306
 5     0.972    -0.135     0.191
 6    40.265    -7.265     6.520
 6    -0.250     0.486    -0.838
 6     0.005     0.865     0.500
 6     0.968     0.121    -0.219
 7    47.460    -1.524    -2.046
 7     0.304     0.144    -0.942
 7    -0.091     0.988     0.121
 7     0.948     0.049     0.313
 8    39.994     6.233     0.995
 8    -0.268    -0.447     0.853
 8     0.461    -0.837    -0.294
 8     0.846     0.315     0.430
 9    41.946     7.408     8.257
 9    -0.095    -0.615    -0.783
 9     0.076     0.779    -0.622
 9     0.992    -0.121    -0.028
 2    36.388    -7.213    15.723
 2     0.952    -0.307    -0.005
 2     0.305     0.950     0.050
 2    -0.010    -0.051     0.999
 3    41.778     3.059    -2.709
 3     0.592    -0.779     0.208
 3     0.753     0.444    -0.485
 3     0.285     0.444     0.849
 4    42.852    -7.095    -2.185
 4     0.624     0.778     0.068
 4    -0.720     0.540     0.436
 4     0.302    -0.321     0.897
 5    42.335    -8.748     0.957
 5    -0.181     0.333     0.925
 5    -0.177    -0.937     0.303
 5     0.967    -0.109     0.228
 6    39.808    -7.098     6.446
 6    -0.284     0.453    -0.845
 6     0.019     0.884     0.467
 6     0.959     0.117    -0.260
 7    47.471    -1.493    -2.045
 7     0.298     0.132    -0.946
 7    -0.089     0.990     0.110
 7     0.950     0.052     0.306
 8    39.441     6.056     0.816
 8    -0.352    -0.430     0.832
 8     0.450    -0.856    -0.252
 8     0.820     0.286     0.494
 9    40.805     7.268     8.155
 9    -0.157    -0.637    -0.755
 9     0.074     0.754    -0.652
 9     0.984    -0.160    -0.071
 2    36.395    -7.221    15.728
 2     0.960    -0.282    -0.003
 2     0.280     0.958     0.048
 2    -0.010    -0.049     0.999
 3    41.701     3.084    -2.792
 3     0.552    -0.809     0.204
 3     0.779     0.412    -0.472
 3     0.297     0.419     0.858
 4    42.878    -7.088    -2.200
 4     0.617     0.784     0.055
 4    -0.721     0.536     0.438
 4     0.314    -0.311     0.897
 5    41.901    -8.768     0.967
 5    -0.241     0.318     0.917
 5    -0.153    -0.945     0.288
 5     0.958    -0.071     0.276
 6    38.912    -6.937     6.394
 6    -0.342     0.421    -0.840
 6     0.035     0.899     0.436
 6     0.939     0.120    -0.323
 7    47.446    -1.426    -2.078
 7     0.292     0.115    -0.949
 7    -0.078     0.992     0.096
 7     0.953     0.046     0.299
 8    38.888     5.977     0.624
 8    -0.424    -0.434     0.795
 8     0.433    -0.868    -0.242
 8     0.795     0.242     0.556
 9    39.685     6.973     8.024
 9    -0.227    -0.554    -0.801
 9     0.048     0.815    -0.577
 9     0.973    -0.171    -0.158
 2    36.397    -7.221    15.729
 2     0.960    -0.282    -0.004
 2     0.280     0.958     0.052
 2    -0.010    -0.052     0.998
 3    41.571     3.062    -2.887
 3     0.538    -0.819     0.203
 3     0.789     0.404    -0.462
 3     0.296     0.408     0.863
 4    42.845    -7.136    -2.272
 4     0.611     0.790     0.052
 4    -0.724     0.530     0.442
 4     0.321    -0.308     0.895
 5    41.558    -8.778     0.953
 5    -0.284     0.303     0.910
 5    -0.123    -0.953     0.278
 5     0.951    -0.033     0.307
 6    38.306    -6.576     6.274
 6    -0.380     0.393    -0.837
 6     0.070     0.915     0.397
 6     0.922     0.092    -0.375
 7    47.344    -1.414    -2.157
 7     0.294     0.098    -0.951
 7    -0.068     0.994     0.081
 7     0.953     0.041     0.299
 8    38.450     5.757     0.497
 8    -0.476    -0.426     0.770
 8     0.410    -0.881    -0.234
 8     0.778     0.204     0.593
 9    38.825     6.556     7.925
 9    -0.267    -0.532    -0.803
 9     0.015     0.831    -0.556
 9     0.964    -0.161    -0.214
 2    36.397    -7.221    15.729
 2     0.960    -0.282    -0.003
 2     0.280     0.958     0.052
 2    -0.010    -0.052     0.998
 3    41.430     3.001    -2.953
 3     0.508    -0.838     0.202
 3     0.807     0.380    -0.452
 3     0.302     0.392     0.869
 4    42.879    -7.175    -2.299
 4     0.606     0.794     0.038
 4    -0.721     0.528     0.448
 4     0.336    -0.299     0.893
 5    41.095    -8.868     0.990
 5    -0.346     0.289     0.892
 5    -0.103    -0.957     0.270
 5     0.932     0.001     0.360
 6    37.407    -6.526     6.176
 6    -0.436     0.375    -0.818
 6     0.084     0.922     0.377
 6     0.896     0.095    -0.434
 7    47.305    -1.399    -2.192
 7     0.293     0.088    -0.952
 7    -0.056     0.995     0.074
 7     0.954     0.031     0.297
 8    38.157     5.612     0.405
 8    -0.517    -0.407     0.754
 8     0.396    -0.893    -0.211
 8     0.759     0.190     0.622
 9    38.316     6.339     7.791
 9    -0.295    -0.521    -0.801
 9     0.003     0.838    -0.546
 9     0.955    -0.164    -0.246
 2    36.397    -7.221    15.729
 2     0.960    -0.282    -0.003
 2     0.280     0.958     0.052
 2    -0.010    -0.052     0.998
 3    41.441     2.956    -2.981
 3     0.498    -0.847     0.189
 3     0.811     0.378    -0.445
 3     0.305     0.374     0.875
 4    42.914    -7.191    -2.378
 4     0.596     0.803     0.021
 4    -0.722     0.523     0.453
 4     0.352    -0.286     0.891
 5    40.823    -9.061     0.923
 5    -0.395     0.309     0.865
 5    -0.120    -0.951     0.285
 5     0.910     0.008     0.412
 6    36.812    -6.700     5.943
 6    -0.477     0.313    -0.821
 6     0.084     0.946     0.312
 6     0.874     0.079    -0.478
 7    47.343    -1.406    -2.233
 7     0.281     0.089    -0.955
 7    -0.046     0.995     0.079
 7     0.958     0.022     0.284
 8    37.971     5.490     0.286
 8    -0.551    -0.400     0.733
 8     0.388    -0.900    -0.199
 8     0.739     0.175     0.650
 9    39.822     4.696     8.340
 9    -0.327    -0.504    -0.799
 9    -0.008     0.847    -0.531
 9     0.945    -0.168    -0.281
 2    36.397    -7.221    15.729
 2     0.960    -0.281    -0.003
 2     0.280     0.958     0.052
 2    -0.010    -0.052     0.998
 3    41.518     2.917    -3.074
 3     0.482    -0.861     0.165
 3     0.818     0.374    -0.437
 3     0.314     0.345     0.884
 4    43.003    -7.231    -2.447
 4     0.584     0.812    -0.005
 4    -0.722     0.521     0.454
 4     0.371    -0.262     0.891
 5    40.470    -9.178     0.880
 5    -0.449     0.294     0.844
 5    -0.118    -0.955     0.270
 5     0.885     0.022     0.463
 6    36.049    -6.649     5.786
 6    -0.527     0.295    -0.797
 6     0.095     0.952     0.289
 6     0.844     0.077    -0.530
 7    47.400    -1.408    -2.226
 7     0.263     0.084    -0.961
 7    -0.036     0.996     0.076
 7     0.964     0.015     0.265
 8    37.729     5.320     0.216
 8    -0.589    -0.376     0.716
 8     0.369    -0.912    -0.176
 8     0.719     0.160     0.675
 9    39.413     4.462     8.162
 9    -0.352    -0.493    -0.795
 9    -0.024     0.854    -0.519
 9     0.935    -0.164    -0.313
 2    36.397    -7.221    15.729
 2     0.960    -0.282    -0.003
 2     0.280     0.958     0.051
 2    -0.010    -0.052     0.998
 3    41.558     2.874    -3.083
 3     0.472    -0.869     0.152
 3     0.822     0.370    -0.433
 3     0.319     0.329     0.888
 4    43.004    -7.254    -2.486
 4     0.568     0.823    -0.018
 4    -0.728     0.512     0.455
 4     0.383    -0.246     0.890
 5    40.308    -9.142     0.911
 5    -0.471     0.285     0.835
 5    -0.104    -0.958     0.268
 5     0.876     0.039     0.480
 6    35.804    -6.527     5.674
 6    -0.540     0.276    -0.795
 6     0.104     0.959     0.262
 6     0.835     0.058    -0.547
 7    47.387    -1.430    -2.237
 7     0.259     0.086    -0.962
 7    -0.035     0.996     0.079
 7     0.965     0.013     0.260
 8    37.748     5.389     0.196
 8    -0.582    -0.391     0.714
 8     0.387    -0.904    -0.179
 8     0.715     0.171     0.677
 9    39.534     4.679     8.154
 9    -0.345    -0.458    -0.819
 9    -0.010     0.874    -0.485
 9     0.938    -0.159    -0.306
 2    36.397    -7.221    15.729
 2     0.960    -0.282    -0.003
 2     0.280     0.958     0.052
 2    -0.010    -0.052     0.998
 3    41.519     2.891    -3.066
 3     0.480    -0.864     0.156
 3     0.819     0.376    -0.432
 3     0.313     0.335     0.888
 4    42.993    -7.259    -2.472
 4     0.567     0.823    -0.016
 4    -0.731     0.512     0.450
 4     0.379    -0.244     0.892
 5    40.181    -9.126     0.802
 5    -0.481     0.280     0.831
 5    -0.106    -0.959     0.261
 5     0.870     0.037     0.491
 6    35.494    -6.517     5.552
 6    -0.557     0.261    -0.788
 6     0.100     0.963     0.248
 6     0.824     0.059    -0.563
 7    47.336    -1.434    -2.264
 7     0.260     0.086    -0.962
 7    -0.038     0.996     0.079
 7     0.965     0.016     0.262
 8    37.552     5.379     0.116
 8    -0.596    -0.381     0.708
 8     0.386    -0.908    -0.164
 8     0.704     0.175     0.687
 9    39.136     4.643     8.054
 9    -0.366    -0.456    -0.811
 9    -0.012     0.874    -0.486
 9     0.930    -0.168    -0.326
 2    36.397    -7.221    15.729
 2     0.960    -0.282    -0.003
 2     0.280     0.958     0.052
 2    -0.010    -0.052     0.998
 3    41.444     2.924    -3.122
 3     0.462    -0.873     0.157
 3     0.829     0.361    -0.426
 3     0.315     0.327     0.891
 4    42.962    -7.239    -2.546
 4     0.562     0.827    -0.022
 4    -0.736     0.511     0.444
 4     0.378    -0.234     0.896
 5    40.063    -9.080     0.747
 5    -0.505     0.269     0.820
 5    -0.102    -0.962     0.252
 5     0.857     0.044     0.513
 6    35.193    -6.463     5.396
 6    -0.580     0.245    -0.777
 6     0.097     0.968     0.232
 6     0.809     0.060    -0.585
 7    47.301    -1.406    -2.276
 7     0.261     0.081    -0.962
 7    -0.034     0.996     0.074
 7     0.964     0.013     0.263
 8    37.380     5.329    -0.006
 8    -0.625    -0.370     0.688
 8     0.386    -0.912    -0.140
 8     0.679     0.178     0.712
 9    38.703     4.658     7.841
 9    -0.395    -0.456    -0.798
 9    -0.005     0.869    -0.494
 9     0.919    -0.192    -0.345
 2    36.397    -7.221    15.729
 2     0.960    -0.282    -0.003
 2     0.280     0.958     0.051
 2    -0.010    -0.052     0.998
 3    41.498     2.931    -3.122
 3     0.446    -0.883     0.149
 3     0.837     0.352    -0.419
 3     0.317     0.311     0.896
 4    42.991    -7.192    -2.581
 4     0.551     0.834    -0.030
 4    -0.742     0.506     0.439
 4     0.381    -0.220     0.898
 5    39.904    -9.085     0.671
 5    -0.536     0.255     0.805
 5    -0.105    -0.966     0.236
 5     0.838     0.042     0.543
 6    34.759    -6.550     5.208
 6    -0.610     0.233    -0.757
 6     0.088     0.969     0.228
 6     0.787     0.073    -0.612
 7    47.354    -1.371    -2.289
 7     0.253     0.077    -0.964
 7    -0.032     0.997     0.071
 7     0.967     0.013     0.255
 8    37.265     5.311    -0.054
 8    -0.644    -0.370     0.671
 8     0.385    -0.913    -0.132
 8     0.661     0.173     0.729
 9    38.477     4.691     7.775
 9    -0.413    -0.446    -0.794
 9    -0.001     0.872    -0.490
 9     0.910    -0.202    -0.361
 2    36.397    -7.221    15.729
 2     0.960    -0.282    -0.003
 2     0.280     0.958     0.052
 2    -0.010    -0.052     0.998
 3    41.539     2.936    -3.140
 3     0.444    -0.885     0.144
 3     0.835     0.350    -0.423
 3     0.323     0.308     0.895
 4    43.009    -7.170    -2.574
 4     0.549     0.835    -0.033
 4    -0.745     0.506     0.435
 4     0.379    -0.215     0.900
 5    39.828    -9.075     0.575
 5    -0.555     0.246     0.795
 5    -0.110    -0.968     0.223
 5     0.825     0.036     0.564
 6    34.502    -6.585     5.042
 6    -0.632     0.190    -0.751
 6     0.069     0.979     0.190
 6     0.772     0.067    -0.632
 7    47.373    -1.340    -2.317
 7     0.246     0.073    -0.967
 7    -0.031     0.997     0.067
 7     0.969     0.014     0.247
 8    37.213     5.304    -0.016
 8    -0.656    -0.366     0.661
 8     0.376    -0.916    -0.134
 8     0.654     0.161     0.739
 9    38.296     4.612     7.751
 9    -0.427    -0.438    -0.792
 9    -0.016     0.879    -0.477
 9     0.904    -0.191    -0.382
 2    36.397    -7.221    15.729
 2     0.960    -0.282    -0.003
 2     0.280     0.958     0.052
 2    -0.010    -0.052     0.998
 3    41.558     2.996    -3.139
 3     0.437    -0.889     0.139
 3     0.836     0.344    -0.427
 3     0.331     0.303     0.893
 4    43.054    -7.147    -2.623
 4     0.548     0.836    -0.037
 4    -0.746     0.507     0.430
 4     0.378    -0.209     0.902
 5    39.775    -9.129     0.494
 5    -0.571     0.257     0.780
 5    -0.128    -0.966     0.225
 5     0.811     0.029     0.584
 6    34.298    -6.769     4.901
 6    -0.650     0.138    -0.748
 6     0.039     0.988     0.148
 6     0.759     0.067    -0.647
 7    47.371    -1.317    -2.294
 7     0.246     0.068    -0.967
 7    -0.033     0.997     0.062
 7     0.969     0.017     0.247
 8    37.106     5.320     0.023
 8    -0.666    -0.365     0.651
 8     0.375    -0.918    -0.130
 8     0.645     0.157     0.747
 9    38.115     4.651     7.781
 9    -0.440    -0.424    -0.792
 9    -0.012     0.884    -0.466
 9     0.898    -0.196    -0.394
 2    36.397    -7.221    15.729
 2     0.960    -0.282    -0.003
 2     0.280     0.958     0.051
 2    -0.010    -0.052     0.998
 3    41.538     3.059    -3.083
 3     0.434    -0.889     0.144
 3     0.832     0.335    -0.442
 3     0.344     0.311     0.885
 4    43.047    -7.079    -2.641
 4     0.555     0.831    -0.039
 4    -0.746     0.517     0.418
 4     0.367    -0.203     0.907
 5    39.730    -9.125     0.380
 5    -0.584     0.272     0.765
 5    -0.153    -0.962     0.224
 5     0.797     0.014     0.603
 6    34.033    -6.987     4.709
 6    -0.669     0.092    -0.737
 6     0.004     0.993     0.120
 6     0.743     0.078    -0.665
 7    47.343    -1.287    -2.300
 7     0.249     0.062    -0.967
 7    -0.046     0.997     0.052
 7     0.967     0.031     0.251
 8    36.919     5.304    -0.057
 8    -0.685    -0.359     0.635
 8     0.369    -0.921    -0.122
 8     0.628     0.151     0.762
 9    37.698     4.606     7.630
 9    -0.463    -0.419    -0.781
 9    -0.025     0.887    -0.461
 9     0.886    -0.194    -0.422
 2    36.397    -7.221    15.729
 2     0.960    -0.282    -0.003
 2     0.280     0.958     0.051
 2    -0.010    -0.052     0.998
 3    41.496     3.119    -3.089
 3     0.413    -0.901     0.134
 3     0.841     0.321    -0.435
 3     0.348     0.292     0.890
 4    43.048    -7.005    -2.699
 4     0.549     0.834    -0.047
 4    -0.750     0.516     0.414
 4     0.369    -0.193     0.909
 5    39.633    -9.100     0.374
 5    -0.601     0.261     0.755
 5    -0.146    -0.965     0.217
 5     0.786     0.020     0.618
 6    33.839    -6.874     4.611
 6    -0.682     0.090    -0.726
 6     0.014     0.994     0.110
 6     0.731     0.065    -0.679
 7    47.328    -1.227    -2.288
 7     0.247     0.055    -0.967
 7    -0.041     0.998     0.046
 7     0.968     0.028     0.249
 8    36.816     5.265    -0.126
 8    -0.700    -0.352     0.622
 8     0.367    -0.923    -0.109
 8     0.613     0.152     0.775
 9    37.594     4.613     7.494
 9    -0.471    -0.415    -0.778
 9    -0.017     0.886    -0.463
 9     0.882    -0.205    -0.425
 2    36.397    -7.221    15.729
 2     0.960    -0.282    -0.003
 2     0.280     0.958     0.051
 2    -0.010    -0.052     0.998
 3    41.514     3.092    -3.102
 3     0.411    -0.902     0.132
 3     0.844     0.321    -0.430
 3     0.345     0.287     0.893
 4    43.060    -7.028    -2.690
 4     0.545     0.837    -0.052
 4    -0.750     0.513     0.416
 4     0.374    -0.189     0.908
 5    39.537    -9.145     0.405
 5    -0.615     0.262     0.744
 5    -0.143    -0.964     0.222
 5     0.776     0.030     0.630
 6    33.592    -6.916     4.566
 6    -0.700     0.070    -0.711
 6     0.010     0.996     0.089
 6     0.714     0.055    -0.698
 7    47.364    -1.249    -2.275
 7     0.244     0.056    -0.968
 7    -0.040     0.998     0.047
 7     0.969     0.027     0.245
 8    36.900     5.290    -0.084
 8    -0.693    -0.362     0.624
 8     0.377    -0.919    -0.114
 8     0.614     0.156     0.773
 9    35.796     6.197     6.780
 9    -0.462    -0.407    -0.788
 9     0.001     0.888    -0.459
 9     0.887    -0.213    -0.410
 2    36.397    -7.221    15.729
 2     0.960    -0.282    -0.003
 2     0.280     0.958     0.051
 2    -0.010    -0.052     0.998
 3    41.488     3.051    -3.048
 3     0.432    -0.890     0.143
 3     0.837     0.337    -0.430
 3     0.334     0.305     0.891
 4    43.038    -7.068    -2.608
 4     0.564     0.825    -0.037
 4    -0.737     0.522     0.429
 4     0.372    -0.215     0.902
 5    39.959    -9.225     0.627
 5    -0.551     0.317     0.772
 5    -0.144    -0.947     0.286
 5     0.822     0.046     0.567
 6    35.895    -9.894     6.875
 6    -0.628     0.039    -0.778
 6    -0.007     0.998     0.056
 6     0.778     0.040    -0.626
 7    47.301    -1.292    -2.273
 7     0.258     0.068    -0.964
 7    -0.047     0.997     0.058
 7     0.965     0.030     0.260
 8    37.364     5.454     0.242
 8    -0.618    -0.382     0.688
 8     0.394    -0.907    -0.149
 8     0.680     0.179     0.710
 9    37.217     6.380     7.316
 9    -0.360    -0.425    -0.830
 9     0.014     0.887    -0.461
 9     0.932    -0.178    -0.314
 2    36.397    -7.221    15.729
 2     0.960    -0.281    -0.003
 2     0.280     0.958     0.051
 2    -0.010    -0.052     0.998
 3    41.312     3.008    -2.977
 3     0.492    -0.850     0.190
 3     0.816     0.373    -0.441
 3     0.304     0.371     0.877
 4    42.859    -7.126    -2.475
 4     0.603     0.798    -0.001
 4    -0.710     0.537     0.455
 4     0.363    -0.274     0.890
 5    40.668    -9.254     0.908
 5    -0.428     0.390     0.816
 5    -0.149    -0.920     0.361
 5     0.891     0.033     0.451
 6    37.603    -9.855     7.438
 6    -0.514     0.001    -0.858
 6    -0.023     1.000     0.014
 6     0.857     0.027    -0.514
 7    47.110    -1.387    -2.232
 7     0.289     0.094    -0.953
 7    -0.069     0.995     0.077
 7     0.955     0.043     0.293
 8    38.215     5.710     0.516
 8    -0.487    -0.411     0.771
 8     0.434    -0.879    -0.194
 8     0.758     0.241     0.606
 9    39.322     6.824     7.703
 9    -0.224    -0.427    -0.876
 9     0.049     0.892    -0.448
 9     0.973    -0.144    -0.179
 2    36.397    -7.221    15.729
 2     0.960    -0.281    -0.003
 2     0.280     0.958     0.051
 2    -0.010    -0.052     0.998
 3    41.260     2.935    -2.914
 3     0.550    -0.807     0.218
 3     0.790     0.417    -0.449
 3     0.271     0.418     0.866
 4    42.736    -7.166    -2.354
 4     0.626     0.780     0.025
 4    -0.693     0.540     0.477
 4     0.358    -0.316     0.878
 5    41.511    -9.192     1.114
 5    -0.297     0.434     0.850
 5    -0.158    -0.901     0.404
 5     0.942    -0.014     0.336
 6    39.490    -9.810     7.775
 6    -0.388    -0.014    -0.921
 6    -0.037     0.999     0.001
 6     0.921     0.034    -0.389
 7    47.107    -1.461    -2.178
 7     0.307     0.119    -0.944
 7    -0.080     0.992     0.099
 7     0.948     0.045     0.314
 8    39.134     5.987     0.682
 8    -0.365    -0.434     0.823
 8     0.463    -0.852    -0.244
 8     0.807     0.292     0.512
 9    41.119     7.157     7.831
 9    -0.123    -0.411    -0.903
 9     0.071     0.904    -0.421
 9     0.990    -0.116    -0.082
 2    36.397    -7.221    15.729
 2     0.960    -0.282    -0.003
 2     0.280     0.958     0.051
 2    -0.010    -0.052     0.998
 3    41.340     2.903    -2.881
 3     0.592    -0.773     0.229
 3     0.766     0.452    -0.457
 3     0.250     0.445     0.859
 4    42.717    -7.137    -2.297
 4     0.646     0.763     0.038
 4    -0.679     0.550     0.485
 4     0.348    -0.340     0.873
 5    42.671    -8.990     1.089
 5    -0.138     0.469     0.872
 5    -0.179    -0.878     0.443
 5     0.974    -0.095     0.205
 6    41.732    -9.746     7.787
 6    -0.243    -0.033    -0.969
 6    -0.054     0.998    -0.021
 6     0.969     0.046    -0.244
 7    47.135    -1.501    -2.171
 7     0.315     0.134    -0.940
 7    -0.089     0.990     0.111
 7     0.945     0.049     0.323
 8    39.852     6.144     0.856
 8    -0.268    -0.442     0.856
 8     0.476    -0.833    -0.281
 8     0.837     0.332     0.433
 9    42.501     7.276     7.849
 9    -0.041    -0.394    -0.918
 9     0.083     0.914    -0.396
 9     0.995    -0.093    -0.006
 2    36.397    -7.221    15.729
 2     0.960    -0.282    -0.003
 2     0.280     0.958     0.051
 2    -0.010    -0.052     0.998
 3    41.404     2.916    -2.815
 3     0.611    -0.757     0.230
 3     0.752     0.466    -0.464
 3     0.244     0.457     0.855
 4    42.768    -7.127    -2.280
 4     0.659     0.751     0.032
 4    -0.666     0.562     0.490
 4     0.349    -0.345     0.871
 5    43.629    -8.518     1.260
 5     0.005     0.438     0.899
 5    -0.186    -0.883     0.431
 5     0.982    -0.169     0.077
 6    43.842    -9.502     7.642
 6    -0.100     0.041    -0.994
 6    -0.068     0.996     0.048
 6     0.992     0.072    -0.097
 7    47.212    -1.515    -2.089
 7     0.319     0.145    -0.937
 7    -0.098     0.988     0.120
 7     0.942     0.054     0.329
 8    40.712     6.316     1.115
 8    -0.148    -0.439     0.886
 8     0.484    -0.813    -0.323
 8     0.862     0.381     0.333
 9    44.058     7.317     7.959
 9     0.058    -0.374    -0.926
 9     0.102     0.924    -0.367
 9     0.993    -0.074     0.092
 2    36.397    -7.221    15.729
 2     0.960    -0.282    -0.003
 2     0.280     0.958     0.051
 2    -0.010    -0.052     0.998
 3    41.505     2.952    -2.704
 3     0.642    -0.734     0.224
 3     0.728     0.490    -0.479
 3     0.241     0.470     0.849
 4    42.778    -7.097    -2.294
 4     0.660     0.751     0.030
 4    -0.663     0.562     0.493
 4     0.353    -0.346     0.869
 5    44.328    -7.917     1.592
 5     0.160     0.378     0.912
 5    -0.163    -0.901     0.401
 5     0.974    -0.211    -0.082
 6    46.015    -8.442     7.587
 6     0.052     0.194    -0.980
 6    -0.046     0.980     0.192
 6     0.997     0.034     0.060
 7    47.205    -1.532    -2.086
 7     0.330     0.169    -0.929
 7    -0.108     0.984     0.140
 7     0.937     0.054     0.343
 8    41.616     6.370     1.350
 8    -0.005    -0.413     0.911
 8     0.477    -0.802    -0.360
 8     0.879     0.432     0.201
 9    45.458     7.062     8.321
 9     0.180    -0.368    -0.912
 9     0.095     0.929    -0.356
 9     0.979    -0.024     0.201
 2    36.397    -7.221    15.729
 2     0.960    -0.281    -0.003
 2     0.280     0.958     0.051
 2    -0.010    -0.052     0.998
 3    41.584     2.994    -2.605
 3     0.664    -0.714     0.221
 3     0.708     0.505    -0.494
 3     0.241     0.484     0.841
 4    42.680    -7.006    -2.234
 4     0.661     0.749     0.038
 4    -0.667     0.564     0.487
 4     0.343    -0.348     0.872
 5    44.549    -7.653     1.971
 5     0.261     0.301     0.918
 5    -0.153    -0.926     0.345
 5     0.953    -0.229    -0.195
 6    46.756    -8.324     7.755
 6     0.148     0.309    -0.940
 6    -0.041     0.951     0.305
 6     0.988    -0.006     0.153
 7    47.237    -1.598    -2.055
 7     0.336     0.189    -0.923
 7    -0.119     0.980     0.157
 7     0.934     0.057     0.352
 8    42.198     6.202     1.533
 8     0.087    -0.354     0.931
 8     0.446    -0.822    -0.354
 8     0.891     0.445     0.086
 9    46.239     6.669     8.626
 9     0.249    -0.377    -0.892
 9     0.075     0.926    -0.370
 9     0.965     0.024     0.258
 2    36.397    -7.221    15.729
 2     0.960    -0.282    -0.003
 2     0.280     0.958     0.051
 2    -0.010    -0.052     0.998
 3    41.670     2.990    -2.533
 3     0.677    -0.705     0.212
 3     0.695     0.517    -0.500
 3     0.243     0.485     0.839
 4    42.632    -7.018    -2.228
 4     0.657     0.753     0.044
 4    -0.676     0.561     0.477
 4     0.334    -0.343     0.878
 5    44.613    -7.652     2.147
 5     0.315     0.274     0.909
 5    -0.159    -0.929     0.334
 5     0.935    -0.249    -0.249
 6    47.067    -8.406     7.791
 6     0.181     0.362    -0.915
 6    -0.039     0.932     0.360
 6     0.982    -0.029     0.183
 7    47.292    -1.607    -2.051
 7     0.342     0.198    -0.919
 7    -0.124     0.978     0.164
 7     0.931     0.058     0.359
 8    42.599     6.003     1.695
 8     0.173    -0.311     0.935
 8     0.424    -0.833    -0.354
 8     0.889     0.457    -0.012
 9    46.901     6.317     8.762
 9     0.314    -0.383    -0.870
 9     0.053     0.921    -0.385
 9     0.948     0.074     0.309
 2    36.397    -7.221    15.729
 2     0.960    -0.282    -0.003
 2     0.280     0.958     0.051
 2    -0.010    -0.052     0.998
 3    41.701     3.002    -2.481
 3     0.692    -0.690     0.213
 3     0.683     0.530    -0.502
 3     0.234     0.493     0.838
 4    42.565    -6.983    -2.175
 4     0.659     0.751     0.050
 4    -0.682     0.566     0.463
 4     0.318    -0.339     0.885
 5    44.663    -7.682     2.318
 5     0.361     0.268     0.894
 5    -0.162    -0.926     0.341
 5     0.918    -0.267    -0.291
 6    47.362    -8.439     7.756
 6     0.219     0.364    -0.906
 6    -0.036     0.930     0.364
 6     0.975    -0.046     0.216
 7    47.268    -1.643    -2.089
 7     0.350     0.210    -0.913
 7    -0.130     0.976     0.174
 7     0.927     0.058     0.369
 8    42.986     6.008     1.906
 8     0.275    -0.324     0.906
 8     0.411    -0.813    -0.413
 8     0.869     0.484    -0.090
 9    47.549     6.126     8.780
 9     0.365    -0.334    -0.869
 9     0.030     0.937    -0.347
 9     0.930     0.100     0.352
 2    36.397    -7.221    15.729
 2     0.960    -0.282    -0.003
 2     0.280     0.958     0.051
 2    -0.010    -0.052     0.998
 3    41.673     3.011    -2.440
 3     0.702    -0.680     0.216
 3     0.677     0.541    -0.498
 3     0.221     0.495     0.840
 4    42.526    -6.968    -2.155
 4     0.667     0.743     0.054
 4    -0.681     0.577     0.450
 4     0.303    -0.337     0.891
 5    44.835    -7.716     2.468
 5     0.417     0.272     0.868
 5    -0.161    -0.918     0.363
 5     0.895    -0.289    -0.338
 6    47.836    -8.463     7.688
 6     0.267     0.348    -0.899
 6    -0.037     0.935     0.350
 6     0.963    -0.060     0.261
 7    47.288    -1.619    -2.104
 7     0.354     0.216    -0.910
 7    -0.131     0.974     0.179
 7     0.926     0.056     0.373
 8    43.393     6.008     2.080
 8     0.369    -0.326     0.871
 8     0.391    -0.796    -0.462
 8     0.843     0.509    -0.166
 9    48.264     6.027     8.775
 9     0.416    -0.311    -0.855
 9     0.020     0.942    -0.333
 9     0.909     0.121     0.398
 2    36.397    -7.221    15.729
 2     0.960    -0.282    -0.003
 2     0.280     0.958     0.051
 2    -0.010    -0.052     0.998
 3    41.736     3.076    -2.415
 3     0.714    -0.668     0.211
 3     0.666     0.555    -0.498
 3     0.214     0.495     0.841
 4    42.474    -6.907    -2.169
 4     0.675     0.735     0.061
 4    -0.681     0.589     0.434
 4     0.283    -0.335     0.899
 5    44.978    -7.766     2.575
 5     0.465     0.266     0.845
 5    -0.170    -0.910     0.377
 5     0.869    -0.318    -0.378
 6    48.215    -8.576     7.566
 6     0.311     0.351    -0.884
 6    -0.047     0.934     0.353
 6     0.949    -0.068     0.306
 7    47.343    -1.606    -2.128
 7     0.357     0.227    -0.906
 7    -0.139     0.972     0.187
 7     0.923     0.060     0.378
 8    43.706     5.904     2.268
 8     0.433    -0.299     0.851
 8     0.376    -0.798    -0.471
 8     0.819     0.523    -0.233
 9    48.834     5.932     8.753
 9     0.468    -0.316    -0.826
 9     0.019     0.937    -0.348
 9     0.883     0.147     0.443
];