% Calibrated with leiden_pols
% Positions are in centimeters
Data =[
 2    36.390    -7.212    15.720
 2     0.952    -0.307    -0.005
 2     0.305     0.950     0.049
 2    -0.009    -0.050     0.999
 3    41.632     3.121    -2.269
 3     0.677    -0.706     0.210
 3     0.692     0.514    -0.505
 3     0.248     0.487     0.837
 4    42.035    -7.012    -1.793
 4     0.617     0.769     0.167
 4    -0.753     0.515     0.410
 4     0.229    -0.378     0.896
 5    44.125    -7.193     2.697
 5     0.391     0.156     0.907
 5    -0.150    -0.962     0.229
 5     0.908    -0.225    -0.353
 6    46.592    -8.474     8.050
 6     0.149     0.677    -0.723
 6    -0.025     0.731     0.679
 6     0.988    -0.081     0.124
 7    47.264    -1.684    -2.037
 7     0.336     0.222    -0.916
 7    -0.127     0.973     0.189
 7     0.933     0.053     0.355
 8    42.836     5.150     1.987
 8     0.271    -0.183     0.945
 8     0.297    -0.918    -0.262
 8     0.915     0.351    -0.195
 9    46.657     5.936     9.224
 9     0.250    -0.661    -0.711
 9     0.076     0.743    -0.663
 9     0.965     0.109     0.234
 2    36.390    -7.212    15.720
 2     0.952    -0.307    -0.005
 2     0.305     0.950     0.049
 2    -0.009    -0.050     0.999
 3    41.635     3.122    -2.272
 3     0.677    -0.706     0.209
 3     0.692     0.515    -0.505
 3     0.249     0.486     0.837
 4    42.046    -7.007    -1.810
 4     0.618     0.769     0.163
 4    -0.750     0.515     0.413
 4     0.234    -0.378     0.896
 5    44.135    -7.236     2.549
 5     0.365     0.141     0.920
 5    -0.168    -0.963     0.213
 5     0.915    -0.232    -0.328
 6    46.526    -8.471     8.056
 6     0.151     0.692    -0.708
 6    -0.024     0.716     0.695
 6     0.988    -0.086     0.123
 7    47.239    -1.684    -2.036
 7     0.336     0.223    -0.916
 7    -0.127     0.973     0.189
 7     0.933     0.052     0.354
 8    42.902     5.262     1.809
 8     0.217    -0.231     0.949
 8     0.303    -0.908    -0.289
 8     0.928     0.349    -0.128
 9    46.647     5.960     9.235
 9     0.251    -0.662    -0.710
 9     0.077     0.742    -0.664
 9     0.964     0.110     0.236
 2    36.388    -7.213    15.723
 2     0.952    -0.307    -0.005
 2     0.305     0.950     0.050
 2    -0.010    -0.051     0.999
 3    41.661     3.095    -2.272
 3     0.679    -0.705     0.208
 3     0.690     0.516    -0.506
 3     0.249     0.487     0.837
 4    42.134    -7.011    -1.831
 4     0.630     0.759     0.161
 4    -0.736     0.517     0.437
 4     0.248    -0.394     0.885
 5    44.095    -7.314     2.159
 5     0.285     0.157     0.946
 5    -0.184    -0.960     0.214
 5     0.941    -0.234    -0.245
 6    46.233    -8.579     7.942
 6     0.124     0.725    -0.680
 6    -0.029     0.685     0.726
 6     0.992    -0.069     0.104
 7    47.271    -1.680    -2.046
 7     0.335     0.220    -0.916
 7    -0.124     0.974     0.188
 7     0.934     0.051     0.353
 8    42.766     5.268     1.740
 8     0.174    -0.206     0.963
 8     0.319    -0.914    -0.252
 8     0.932     0.350    -0.093
 9    46.355     6.105     9.147
 9     0.247    -0.707    -0.666
 9     0.090     0.698    -0.708
 9     0.964     0.113     0.235
 2    36.388    -7.213    15.723
 2     0.952    -0.307    -0.005
 2     0.305     0.950     0.050
 2    -0.010    -0.051     0.999
 3    41.726     3.077    -2.328
 3     0.680    -0.702     0.211
 3     0.686     0.509    -0.520
 3     0.257     0.498     0.828
 4    42.215    -7.000    -1.874
 4     0.628     0.763     0.154
 4    -0.733     0.513     0.446
 4     0.261    -0.393     0.882
 5    43.775    -7.518     1.718
 5     0.187     0.179     0.966
 5    -0.198    -0.956     0.215
 5     0.962    -0.231    -0.143
 6    45.394    -8.714     7.635
 6     0.037     0.689    -0.725
 6    -0.023     0.725     0.688
 6     0.999    -0.007     0.041
 7    47.308    -1.677    -2.041
 7     0.330     0.217    -0.919
 7    -0.124     0.974     0.184
 7     0.936     0.054     0.348
 8    42.323     5.569     1.594
 8     0.078    -0.260     0.963
 8     0.354    -0.896    -0.270
 8     0.932     0.360     0.022
 9    45.583     6.428     8.950
 9     0.177    -0.672    -0.722
 9     0.089     0.739    -0.666
 9     0.980     0.051     0.189
 2    36.388    -7.213    15.723
 2     0.952    -0.307    -0.005
 2     0.305     0.950     0.050
 2    -0.010    -0.051     0.999
 3    41.859     3.093    -2.422
 3     0.670    -0.714     0.206
 3     0.690     0.498    -0.524
 3     0.271     0.493     0.826
 4    42.451    -7.042    -1.995
 4     0.628     0.768     0.123
 4    -0.729     0.526     0.438
 4     0.272    -0.365     0.890
 5    43.427    -7.997     1.178
 5     0.047     0.279     0.959
 5    -0.196    -0.939     0.282
 5     0.979    -0.200     0.010
 6    43.417    -9.904     7.856
 6    -0.092     0.582    -0.808
 6    -0.015     0.810     0.585
 6     0.995     0.067    -0.066
 7    47.397    -1.658    -2.027
 7     0.315     0.193    -0.929
 7    -0.113     0.979     0.164
 7     0.942     0.054     0.330
 8    41.403     6.113     1.390
 8    -0.069    -0.409     0.910
 8     0.407    -0.844    -0.348
 8     0.910     0.346     0.225
 9    44.182     7.054     8.511
 9     0.039    -0.572    -0.820
 9     0.087     0.818    -0.567
 9     0.995    -0.051     0.081
 2    36.388    -7.213    15.723
 2     0.952    -0.307    -0.005
 2     0.305     0.950     0.050
 2    -0.010    -0.051     0.999
 3    41.843     3.057    -2.507
 3     0.643    -0.739     0.204
 3     0.714     0.482    -0.506
 3     0.276     0.470     0.838
 4    42.577    -7.085    -2.041
 4     0.623     0.775     0.106
 4    -0.729     0.525     0.439
 4     0.285    -0.351     0.892
 5    42.903    -8.370     1.048
 5    -0.057     0.298     0.953
 5    -0.201    -0.938     0.281
 5     0.978    -0.175     0.113
 6    42.164   -10.078     7.954
 6    -0.183     0.540    -0.822
 6    -0.012     0.834     0.551
 6     0.983     0.112    -0.147
 7    47.424    -1.587    -2.020
 7     0.309     0.168    -0.936
 7    -0.099     0.984     0.143
 7     0.946     0.049     0.321
 8    40.498     6.331     1.136
 8    -0.191    -0.443     0.876
 8     0.460    -0.829    -0.319
 8     0.867     0.342     0.362
 9    42.812     7.555     8.301
 9    -0.047    -0.606    -0.795
 9     0.094     0.789    -0.606
 9     0.994    -0.105     0.019
 2    36.388    -7.213    15.723
 2     0.952    -0.307    -0.005
 2     0.305     0.950     0.050
 2    -0.010    -0.051     0.999
 3    41.761     3.070    -2.581
 3     0.612    -0.763     0.209
 3     0.741     0.461    -0.488
 3     0.276     0.453     0.847
 4    42.742    -7.101    -2.106
 4     0.625     0.777     0.083
 4    -0.723     0.534     0.438
 4     0.295    -0.334     0.895
 5    42.549    -8.662     0.986
 5    -0.137     0.333     0.933
 5    -0.189    -0.933     0.306
 5     0.972    -0.135     0.191
 6    40.265    -7.265     6.520
 6    -0.250     0.486    -0.838
 6     0.005     0.865     0.500
 6     0.968     0.121    -0.219
 7    47.460    -1.524    -2.046
 7     0.304     0.144    -0.942
 7    -0.091     0.988     0.121
 7     0.948     0.049     0.313
 8    39.994     6.233     0.995
 8    -0.268    -0.447     0.853
 8     0.461    -0.837    -0.294
 8     0.846     0.315     0.430
 9    41.946     7.408     8.257
 9    -0.095    -0.615    -0.783
 9     0.076     0.779    -0.622
 9     0.992    -0.121    -0.028
 2    36.388    -7.213    15.723
 2     0.952    -0.307    -0.005
 2     0.305     0.950     0.050
 2    -0.010    -0.051     0.999
 3    41.778     3.059    -2.709
 3     0.592    -0.779     0.208
 3     0.753     0.444    -0.485
 3     0.285     0.444     0.849
 4    42.852    -7.095    -2.185
 4     0.624     0.778     0.068
 4    -0.720     0.540     0.436
 4     0.302    -0.321     0.897
 5    42.335    -8.748     0.957
 5    -0.181     0.333     0.925
 5    -0.177    -0.937     0.303
 5     0.967    -0.109     0.228
