2  1326.95  -31.25  164.75  
   -0.30  -0.06  -0.95  
   -0.90  -0.32  0.31  
   -0.32  0.95  0.04  

3  1284.09  -17.86  -29.02  
   -0.19  -0.01  -0.98  
   -0.03  -1.00  0.01  
   -0.98  0.03  0.19  

2  1324.72  -21.88  154.48  
   -0.29  0.23  -0.93  
   -0.83  -0.54  0.13  
   -0.48  0.81  0.34  

3  1284.54  -17.86  -29.91  
   -0.19  0.00  -0.98  
   -0.04  -1.00  0.00  
   -0.98  0.04  0.19  

2  1327.40  -13.84  151.36  
   -0.21  0.33  -0.92  
   -0.77  -0.64  -0.06  
   -0.60  0.70  0.39  

3  1285.43  -16.97  -29.02  
   -0.18  0.01  -0.98  
   -0.05  -1.00  0.00  
   -0.98  0.05  0.18  

2  1332.31  -12.95  155.82  
   -0.00  0.25  -0.97  
   -0.74  -0.65  -0.17  
   -0.67  0.72  0.19  

3  1286.32  -16.97  -28.13  
   -0.17  0.01  -0.99  
   -0.06  -1.00  -0.00  
   -0.98  0.06  0.17  

2  1331.42  -20.09  159.39  
   -0.16  0.04  -0.99  
   -0.81  -0.58  0.11  
   -0.56  0.82  0.12  

3  1287.21  -17.41  -29.47  
   -0.19  0.00  -0.98  
   -0.04  -1.00  0.00  
   -0.98  0.04  0.19  

2  1284.98  -13.39  -98.67  
   -0.37  0.33  -0.87  
   -0.76  -0.65  0.08  
   -0.54  0.68  0.49  

3  1286.77  -14.29  -27.24  
   -0.20  0.00  -0.98  
   -0.01  -1.00  0.00  
   -0.98  0.01  0.20  

2  1286.32  2.23  -100.01  
   -0.24  0.49  -0.84  
   -0.52  -0.79  -0.32  
   -0.82  0.36  0.44  

3  1286.32  -14.29  -27.24  
   -0.20  0.00  -0.98  
   -0.01  -1.00  0.00  
   -0.98  0.01  0.20  

2  1273.37  -0.45  -108.05  
   -0.53  0.68  -0.50  
   -0.68  -0.70  -0.22  
   -0.50  0.23  0.84  

3  1287.66  -13.84  -26.79  
   -0.20  0.01  -0.98  
   -0.01  -1.00  -0.00  
   -0.98  0.01  0.20  

2  1276.50  -10.27  -107.60  
   -0.60  0.58  -0.56  
   -0.73  -0.67  0.09  
   -0.32  0.46  0.83  

3  1288.55  -13.84  -27.24  
   -0.20  0.01  -0.98  
   -0.01  -1.00  -0.01  
   -0.98  0.01  0.20  

2  1283.64  -23.22  -97.33  
   -0.58  0.26  -0.77  
   -0.74  -0.56  0.38  
   -0.33  0.79  0.52  

3  1288.55  -12.95  -25.90  
   -0.19  0.01  -0.98  
   -0.01  -1.00  -0.00  
   -0.98  0.01  0.19  

2  1155.50  -28.13  -229.49  
   -0.03  0.94  0.34  
   -1.00  -0.04  0.03  
   0.04  -0.34  0.94  

3  1304.18  -14.73  -25.00  
   -0.13  0.01  -0.99  
   -0.02  -1.00  -0.01  
   -0.99  0.02  0.13  

2  1141.66  -22.32  -223.24  
   -0.19  0.74  0.64  
   -0.98  -0.08  -0.19  
   -0.09  -0.66  0.74  

3  1304.18  -14.73  -24.56  
   -0.12  0.01  -0.99  
   -0.02  -1.00  -0.01  
   -0.99  0.01  0.12  

2  1141.66  -37.95  -221.90  
   0.15  0.71  0.69  
   -0.99  0.05  0.16  
   0.08  -0.71  0.70  

3  1304.18  -16.07  -23.66  
   -0.12  0.01  -0.99  
   -0.01  -1.00  -0.01  
   -0.99  0.01  0.12  

2  1156.39  -41.52  -227.26  
   0.21  0.92  0.33  
   -0.96  0.14  0.23  
   0.16  -0.36  0.92  

3  1304.18  -16.07  -23.66  
   -0.12  0.01  -0.99  
   -0.01  -1.00  -0.01  
   -0.99  0.01  0.12  

2  1160.41  -33.49  -228.60  
   0.13  0.96  0.23  
   -0.99  0.12  0.06  
   0.03  -0.24  0.97  

3  1304.18  -16.52  -22.32  
   -0.12  0.01  -0.99  
   -0.01  -1.00  -0.01  
   -0.99  0.01  0.12  

2  1113.53  -24.56  -3.13  
   -0.18  0.42  0.89  
   -0.97  -0.21  -0.10  
   0.15  -0.88  0.44  

3  1383.66  -20.54  6.70  
   0.09  -0.05  -0.99  
   -0.08  -1.00  0.05  
   -0.99  0.07  -0.09  

2  1109.07  -18.75  16.52  
   -0.22  0.00  0.98  
   -0.93  -0.30  -0.21  
   0.29  -0.95  0.07  

3  1381.87  -20.54  6.70  
   0.08  -0.06  -0.99  
   -0.07  -1.00  0.05  
   -0.99  0.07  -0.09  

2  1109.07  -33.04  7.14  
   0.02  0.32  0.95  
   -0.97  -0.21  0.09  
   0.23  -0.92  0.30  

3  1380.98  -20.54  5.36  
   0.08  -0.05  -1.00  
   -0.07  -1.00  0.05  
   -0.99  0.07  -0.08  

2  1110.41  -32.15  -4.91  
   -0.00  0.55  0.83  
   -0.99  -0.13  0.08  
   0.15  -0.82  0.54  

3  1379.64  -20.09  4.91  
   0.08  -0.05  -1.00  
   -0.08  -1.00  0.04  
   -0.99  0.07  -0.08  

2  1108.17  -15.63  3.57  
   -0.29  0.34  0.89  
   -0.95  -0.15  -0.26  
   0.05  -0.93  0.37  

3  1379.64  -20.09  4.02  
   0.07  -0.05  -1.00  
   -0.08  -1.00  0.04  
   -0.99  0.07  -0.08  

2  1276.50  -10.72  -112.07  
   -0.37  0.27  -0.89  
   -0.83  -0.53  0.18  
   -0.42  0.80  0.42  

3  1278.73  -21.43  -55.36  
   -0.30  -0.01  -0.95  
   -0.03  -1.00  0.02  
   -0.95  0.04  0.30  

2  1279.62  0.00  -114.75  
   -0.23  0.43  -0.87  
   -0.73  -0.67  -0.13  
   -0.64  0.61  0.47  

3  1280.07  -20.98  -54.92  
   -0.30  -0.01  -0.95  
   -0.03  -1.00  0.02  
   -0.95  0.04  0.30  

2  1272.93  -1.79  -118.76  
   -0.35  0.60  -0.72  
   -0.76  -0.63  -0.15  
   -0.54  0.50  0.68  

3  1280.52  -21.43  -52.69  
   -0.29  -0.01  -0.96  
   -0.04  -1.00  0.02  
   -0.96  0.04  0.29  

2  1272.93  -9.38  -118.32  
   -0.42  0.54  -0.73  
   -0.82  -0.57  0.05  
   -0.39  0.62  0.68  

3  1280.96  -21.88  -52.24  
   -0.29  -0.01  -0.96  
   -0.04  -1.00  0.02  
   -0.96  0.04  0.28  

2  1277.84  -14.29  -113.85  
   -0.39  0.42  -0.82  
   -0.85  -0.51  0.14  
   -0.36  0.75  0.55  

3  1282.30  -23.22  -51.79  
   -0.28  -0.02  -0.96  
   -0.04  -1.00  0.03  
   -0.96  0.05  0.28  

2  1227.83  104.48  -106.26  
   -0.06  -0.18  -0.98  
   -0.56  -0.81  0.18  
   -0.83  0.56  -0.05  

4  1133.62  158.50  -141.09  
   0.48  -0.79  0.37  
   0.85  0.33  -0.40  
   0.20  0.51  0.83  

2  1231.85  115.64  -111.62  
   -0.07  0.15  -0.99  
   -0.37  -0.92  -0.11  
   -0.93  0.35  0.12  

4  1134.96  158.95  -141.09  
   0.48  -0.79  0.37  
   0.85  0.33  -0.40  
   0.20  0.51  0.84  

2  1228.28  112.96  -117.87  
   -0.29  0.25  -0.92  
   -0.41  -0.91  -0.12  
   -0.87  0.34  0.36  

4  1136.30  158.06  -141.98  
   0.49  -0.80  0.36  
   0.85  0.34  -0.40  
   0.20  0.50  0.84  

2  1229.17  106.26  -116.09  
   -0.35  0.11  -0.93  
   -0.50  -0.86  0.09  
   -0.79  0.50  0.36  

4  1137.64  157.61  -142.43  
   0.49  -0.80  0.35  
   0.85  0.34  -0.40  
   0.20  0.49  0.85  

2  1229.62  104.92  -115.64  
   -0.28  0.06  -0.96  
   -0.51  -0.86  0.10  
   -0.82  0.51  0.27  

4  1137.64  157.16  -141.98  
   0.49  -0.80  0.35  
   0.85  0.34  -0.40  
   0.20  0.49  0.85  

2  1179.61  142.43  -175.47  
   -0.60  0.58  -0.55  
   -0.56  -0.80  -0.23  
   -0.57  0.17  0.80  

4  1136.30  153.59  -141.98  
   0.49  -0.79  0.37  
   0.85  0.34  -0.41  
   0.19  0.51  0.84  

2  1177.38  156.27  -171.90  
   -0.59  0.66  -0.46  
   -0.39  -0.73  -0.56  
   -0.71  -0.15  0.69  

4  1136.75  153.14  -142.88  
   0.49  -0.79  0.37  
   0.85  0.34  -0.40  
   0.19  0.51  0.84  

2  1171.13  151.36  -177.70  
   -0.62  0.73  -0.28  
   -0.57  -0.66  -0.49  
   -0.55  -0.14  0.83  

4  1138.54  151.80  -144.66  
   0.50  -0.79  0.36  
   0.84  0.35  -0.41  
   0.19  0.50  0.84  

2  1177.38  137.07  -177.70  
   -0.56  0.70  -0.44  
   -0.73  -0.67  -0.15  
   -0.40  0.23  0.89  

4  1138.54  151.80  -142.88  
   0.50  -0.79  0.36  
   0.84  0.35  -0.41  
   0.19  0.50  0.84  

2  1184.08  138.86  -173.68  
   -0.47  0.64  -0.61  
   -0.71  -0.69  -0.17  
   -0.53  0.35  0.77  

4  1136.75  152.25  -141.54  
   0.50  -0.79  0.36  
   0.85  0.35  -0.40  
   0.19  0.51  0.84  

2  1118.00  199.13  -113.41  
   -0.66  0.49  0.56  
   -0.38  0.43  -0.82  
   -0.65  -0.75  -0.10  

4  1161.75  159.39  -142.43  
   0.50  -0.81  0.30  
   0.84  0.37  -0.41  
   0.22  0.46  0.86  

2  1115.32  197.79  -125.46  
   -0.56  0.58  0.59  
   -0.56  0.27  -0.79  
   -0.61  -0.77  0.18  

4  1159.07  161.18  -141.98  
   0.49  -0.81  0.31  
   0.84  0.36  -0.41  
   0.22  0.46  0.86  

2  1129.16  202.70  -126.80  
   -0.55  0.79  0.28  
   -0.35  0.09  -0.93  
   -0.76  -0.61  0.23  

4  1159.07  161.63  -141.54  
   0.50  -0.81  0.31  
   0.84  0.36  -0.41  
   0.22  0.46  0.86  

2  1137.20  204.04  -122.34  
   -0.53  0.84  0.09  
   -0.16  0.01  -0.99  
   -0.83  -0.54  0.13  

4  1159.52  160.73  -141.98  
   0.49  -0.81  0.31  
   0.84  0.35  -0.41  
   0.22  0.46  0.86  

2  1126.48  202.70  -116.09  
   -0.61  0.71  0.36  
   -0.22  0.28  -0.93  
   -0.76  -0.65  -0.02  

4  1160.86  160.29  -141.98  
   0.49  -0.81  0.30  
   0.84  0.36  -0.41  
   0.22  0.46  0.86  

2  1065.76  49.11  -147.79  
   -0.17  0.56  0.81  
   -0.94  0.16  -0.30  
   -0.29  -0.82  0.50  

4  1160.41  165.65  -140.20  
   0.51  -0.80  0.31  
   0.84  0.38  -0.39  
   0.20  0.46  0.87  

2  1066.20  58.94  -138.86  
   -0.36  0.55  0.75  
   -0.78  0.26  -0.57  
   -0.51  -0.79  0.33  

4  1158.63  165.65  -139.75  
   0.51  -0.80  0.31  
   0.84  0.38  -0.39  
   0.20  0.46  0.86  

2  1070.67  54.47  -150.91  
   -0.27  0.70  0.66  
   -0.88  0.10  -0.47  
   -0.39  -0.71  0.59  

4  1159.07  165.65  -139.75  
   0.50  -0.81  0.32  
   0.84  0.37  -0.39  
   0.20  0.46  0.86  

2  1063.97  54.02  -137.52  
   -0.31  0.41  0.86  
   -0.86  0.27  -0.44  
   -0.41  -0.87  0.27  

4  1158.63  165.65  -139.30  
   0.50  -0.81  0.31  
   0.84  0.37  -0.39  
   0.20  0.46  0.86  

2  1070.22  59.38  -148.23  
   -0.36  0.66  0.66  
   -0.79  0.16  -0.59  
   -0.50  -0.73  0.46  

4  1159.07  165.65  -139.30  
   0.50  -0.81  0.31  
   0.84  0.37  -0.39  
   0.20  0.46  0.86  

2  1056.38  121.89  43.31  
   -0.34  0.50  0.80  
   -0.12  0.82  -0.56  
   -0.93  -0.29  -0.22  

4  1204.61  169.66  -143.32  
   0.58  -0.78  0.22  
   0.78  0.46  -0.42  
   0.22  0.41  0.88  

2  1058.61  121.89  28.57  
   -0.17  0.56  0.81  
   -0.27  0.77  -0.58  
   -0.95  -0.32  0.02  

4  1208.19  167.88  -144.21  
   0.58  -0.79  0.22  
   0.79  0.47  -0.41  
   0.22  0.41  0.89  

2  1063.97  128.14  39.29  
   -0.22  0.78  0.58  
   0.02  0.60  -0.80  
   -0.97  -0.17  -0.15  

4  1206.85  166.99  -145.55  
   0.58  -0.78  0.22  
   0.79  0.47  -0.41  
   0.21  0.41  0.89  

2  1064.87  125.02  38.84  
   -0.29  0.79  0.54  
   0.09  0.58  -0.81  
   -0.95  -0.18  -0.24  

4  1206.40  165.65  -145.55  
   0.58  -0.78  0.22  
   0.79  0.47  -0.40  
   0.21  0.41  0.89  

2  1061.74  122.78  39.74  
   -0.29  0.77  0.57  
   0.05  0.61  -0.79  
   -0.96  -0.20  -0.22  

4  1206.40  164.75  -145.11  
   0.58  -0.79  0.22  
   0.79  0.47  -0.40  
   0.21  0.40  0.89  

2  1164.43  417.91  121.44  
   0.06  0.49  -0.87  
   -0.27  -0.83  -0.49  
   -0.96  0.26  0.08  

5  1111.30  355.85  30.81  
   0.31  0.91  0.26  
   -0.60  0.40  -0.69  
   -0.74  0.05  0.68  

2  1157.29  425.95  127.25  
   0.00  0.72  -0.69  
   0.06  -0.69  -0.72  
   -1.00  -0.04  -0.05  

5  1110.85  356.29  31.25  
   0.31  0.91  0.26  
   -0.60  0.40  -0.69  
   -0.74  0.06  0.67  

2  1147.02  428.18  112.51  
   -0.25  0.85  -0.47  
   -0.26  -0.52  -0.81  
   -0.93  -0.08  0.35  

5  1111.75  355.40  30.81  
   0.31  0.92  0.26  
   -0.60  0.40  -0.69  
   -0.74  0.06  0.67  

2  1154.16  416.57  107.16  
   -0.27  0.70  -0.66  
   -0.51  -0.69  -0.51  
   -0.81  0.20  0.55  

5  1111.75  356.29  31.70  
   0.31  0.92  0.25  
   -0.60  0.39  -0.69  
   -0.74  0.06  0.67  

2  1163.09  414.34  118.76  
   -0.09  0.46  -0.88  
   -0.29  -0.86  -0.42  
   -0.95  0.22  0.21  

5  1110.41  356.74  32.15  
   0.31  0.92  0.26  
   -0.60  0.40  -0.69  
   -0.74  0.06  0.67  

2  1046.56  328.61  107.60  
   0.16  0.70  0.70  
   -0.45  -0.58  0.68  
   0.88  -0.42  0.22  

5  1114.87  356.74  31.25  
   0.29  0.93  0.24  
   -0.61  0.37  -0.70  
   -0.73  0.06  0.68  

2  1038.08  343.35  103.14  
   -0.16  0.48  0.86  
   -0.50  -0.79  0.35  
   0.85  -0.38  0.36  

5  1113.98  356.74  31.70  
   0.29  0.93  0.24  
   -0.61  0.37  -0.70  
   -0.73  0.06  0.68  

2  1042.09  332.63  114.30  
   0.20  0.54  0.81  
   -0.44  -0.69  0.57  
   0.88  -0.47  0.10  

5  1114.43  357.19  31.70  
   0.29  0.93  0.24  
   -0.61  0.37  -0.70  
   -0.73  0.06  0.68  

2  1043.88  327.72  108.50  
   0.14  0.73  0.66  
   -0.43  -0.56  0.71  
   0.89  -0.39  0.24  

5  1113.09  357.19  32.59  
   0.30  0.92  0.24  
   -0.61  0.38  -0.70  
   -0.74  0.06  0.68  

2  1035.84  343.79  100.01  
   -0.18  0.49  0.85  
   -0.55  -0.77  0.33  
   0.81  -0.41  0.41  

5  1112.19  357.19  33.04  
   0.30  0.92  0.25  
   -0.61  0.38  -0.70  
   -0.74  0.06  0.68  

2  1461.79  73.67  345.58  
   -0.68  0.70  -0.23  
   -0.33  -0.01  0.94  
   0.65  0.72  0.24  

6  1433.21  169.22  310.31  
   0.89  0.26  -0.36  
   -0.42  0.78  -0.46  
   0.17  0.56  0.81  

2  1460.00  76.80  330.84  
   -0.72  0.67  -0.19  
   -0.51  -0.32  0.80  
   0.47  0.67  0.57  

6  1433.21  169.22  310.31  
   0.89  0.26  -0.36  
   -0.42  0.78  -0.47  
   0.16  0.57  0.81  

2  1443.48  75.90  330.40  
   -0.65  0.71  0.29  
   -0.31  -0.59  0.74  
   0.70  0.39  0.60  

6  1433.21  168.77  310.75  
   0.90  0.26  -0.36  
   -0.42  0.78  -0.47  
   0.16  0.57  0.81  

2  1447.50  70.99  352.28  
   -0.57  0.80  0.18  
   0.04  -0.19  0.98  
   0.82  0.57  0.08  

6  1433.66  168.77  310.75  
   0.90  0.26  -0.36  
   -0.41  0.78  -0.47  
   0.16  0.57  0.81  

2  1458.66  70.10  347.36  
   -0.67  0.73  -0.12  
   -0.22  -0.04  0.97  
   0.71  0.68  0.19  

6  1433.66  167.88  311.20  
   0.90  0.26  -0.36  
   -0.41  0.78  -0.47  
   0.16  0.57  0.80  

2  1487.24  194.67  369.24  
   0.76  0.47  -0.45  
   -0.27  -0.41  -0.87  
   -0.59  0.78  -0.19  

6  1433.21  166.09  312.09  
   0.90  0.26  -0.36  
   -0.42  0.78  -0.47  
   0.16  0.57  0.80  

2  1475.18  201.81  364.78  
   0.60  0.77  -0.22  
   -0.08  -0.22  -0.97  
   -0.80  0.60  -0.08  

6  1433.21  167.88  312.09  
   0.89  0.26  -0.37  
   -0.42  0.77  -0.48  
   0.16  0.58  0.80  

2  1479.65  194.67  346.92  
   0.40  0.82  -0.41  
   -0.54  -0.15  -0.83  
   -0.74  0.55  0.38  

6  1432.77  167.88  312.54  
   0.90  0.26  -0.36  
   -0.42  0.77  -0.48  
   0.16  0.58  0.80  

2  1493.04  190.20  358.97  
   0.47  0.55  -0.69  
   -0.56  -0.42  -0.71  
   -0.68  0.72  0.12  

6  1432.77  167.43  312.99  
   0.90  0.26  -0.36  
   -0.41  0.77  -0.48  
   0.16  0.58  0.80  

2  1483.22  196.45  370.14  
   0.61  0.66  -0.44  
   -0.18  -0.43  -0.88  
   -0.77  0.62  -0.15  

6  1432.77  166.99  312.99  
   0.90  0.25  -0.36  
   -0.41  0.77  -0.48  
   0.16  0.58  0.80  

2  1286.32  -37.50  -107.16  
   0.37  -0.62  -0.69  
   0.92  0.15  0.36  
   -0.12  -0.77  0.62  

3  1295.70  -30.36  -24.11  
   -0.19  -0.11  -0.98  
   0.06  -0.99  0.10  
   -0.98  -0.04  0.19  

2  1295.70  -36.61  -92.87  
   0.39  -0.30  -0.87  
   0.92  0.12  0.37  
   -0.01  -0.95  0.32  

3  1296.14  -29.47  -23.66  
   -0.18  -0.10  -0.98  
   0.06  -0.99  0.09  
   -0.98  -0.04  0.19  

2  1292.13  -26.34  -97.33  
   0.24  -0.44  -0.87  
   0.97  0.12  0.20  
   0.02  -0.89  0.46  

3  1296.14  -28.13  -23.66  
   -0.18  -0.10  -0.98  
   0.06  -0.99  0.09  
   -0.98  -0.05  0.19  

2  1287.21  -26.79  -103.14  
   0.24  -0.57  -0.79  
   0.97  0.10  0.22  
   -0.05  -0.82  0.58  

3  1296.14  -28.13  -23.66  
   -0.18  -0.10  -0.98  
   0.07  -0.99  0.09  
   -0.98  -0.05  0.19  

2  1284.54  -34.38  -103.14  
   0.35  -0.61  -0.71  
   0.90  0.02  0.43  
   -0.25  -0.79  0.56  

3  1296.59  -28.13  -24.56  
   -0.19  -0.10  -0.98  
   0.06  -0.99  0.08  
   -0.98  -0.04  0.20  

2  1231.40  -156.72  -102.69  
   0.03  -0.49  -0.87  
   0.99  -0.13  0.10  
   -0.16  -0.86  0.48  

7  1138.98  -220.56  -116.09  
   0.55  0.75  0.37  
   -0.76  0.26  0.60  
   0.35  -0.61  0.71  

2  1237.65  -157.16  -93.32  
   0.09  -0.26  -0.96  
   0.97  -0.18  0.14  
   -0.21  -0.95  0.24  

7  1140.77  -220.12  -115.64  
   0.55  0.75  0.36  
   -0.75  0.27  0.60  
   0.35  -0.61  0.71  

2  1233.19  -146.00  -96.89  
   -0.19  -0.34  -0.92  
   0.96  -0.27  -0.10  
   -0.22  -0.90  0.38  

7  1140.77  -221.01  -115.64  
   0.56  0.75  0.36  
   -0.75  0.27  0.60  
   0.35  -0.61  0.71  

2  1226.05  -147.34  -109.39  
   -0.21  -0.63  -0.75  
   0.96  -0.26  -0.05  
   -0.17  -0.73  0.66  

7  1140.77  -220.12  -115.19  
   0.56  0.75  0.36  
   -0.75  0.27  0.60  
   0.35  -0.61  0.71  

2  1229.17  -162.07  -107.16  
   0.01  -0.62  -0.78  
   0.95  -0.24  0.20  
   -0.31  -0.75  0.59  

7  1141.21  -221.46  -115.19  
   0.55  0.75  0.36  
   -0.76  0.26  0.60  
   0.36  -0.60  0.71  

2  1168.90  -209.85  -160.73  
   0.18  -0.98  -0.10  
   0.88  0.11  0.46  
   -0.44  -0.17  0.88  

7  1142.55  -218.33  -114.30  
   0.53  0.75  0.39  
   -0.76  0.22  0.61  
   0.37  -0.62  0.69  

2  1179.17  -217.44  -149.57  
   0.26  -0.88  -0.39  
   0.77  -0.05  0.64  
   -0.58  -0.47  0.67  

7  1142.11  -219.22  -113.85  
   0.53  0.75  0.39  
   -0.76  0.22  0.61  
   0.37  -0.63  0.68  

2  1182.74  -203.15  -154.93  
   0.09  -0.88  -0.47  
   0.93  -0.10  0.36  
   -0.37  -0.47  0.80  

7  1142.55  -218.33  -112.96  
   0.53  0.75  0.39  
   -0.76  0.22  0.61  
   0.37  -0.62  0.69  

2  1174.70  -199.58  -159.84  
   0.15  -0.95  -0.25  
   0.96  0.09  0.25  
   -0.22  -0.28  0.93  

7  1143.00  -218.33  -112.51  
   0.53  0.75  0.39  
   -0.76  0.22  0.61  
   0.37  -0.62  0.69  

2  1169.79  -213.42  -157.16  
   0.16  -0.98  -0.14  
   0.85  0.06  0.53  
   -0.51  -0.20  0.84  

7  1143.45  -219.22  -112.51  
   0.53  0.75  0.39  
   -0.76  0.22  0.61  
   0.38  -0.62  0.69  

2  1109.51  -228.60  -86.17  
   -0.13  -0.41  0.90  
   -0.05  0.91  0.41  
   -0.99  0.01  -0.14  

7  1155.50  -210.29  -118.32  
   0.52  0.77  0.36  
   -0.77  0.24  0.59  
   0.37  -0.58  0.72  

2  1114.87  -242.89  -83.49  
   -0.06  -0.65  0.75  
   -0.24  0.74  0.62  
   -0.97  -0.14  -0.20  

7  1155.06  -211.19  -117.87  
   0.52  0.77  0.36  
   -0.77  0.24  0.59  
   0.37  -0.59  0.72  

2  1117.55  -246.01  -92.42  
   0.07  -0.75  0.66  
   -0.09  0.66  0.75  
   -0.99  -0.11  -0.02  

7  1155.06  -211.19  -117.43  
   0.52  0.77  0.36  
   -0.77  0.24  0.59  
   0.37  -0.59  0.72  

2  1111.75  -234.40  -100.46  
   0.08  -0.57  0.82  
   0.15  0.82  0.55  
   -0.99  0.08  0.15  

7  1155.06  -210.74  -117.43  
   0.52  0.77  0.36  
   -0.77  0.24  0.59  
   0.37  -0.59  0.72  

2  1109.07  -226.81  -91.08  
   -0.10  -0.36  0.93  
   0.17  0.91  0.37  
   -0.98  0.19  -0.03  

7  1155.50  -211.63  -117.87  
   0.52  0.77  0.36  
   -0.77  0.25  0.59  
   0.36  -0.59  0.72  

2  1077.37  -67.42  -136.18  
   0.45  -0.19  0.87  
   0.63  0.76  -0.16  
   -0.63  0.63  0.46  

7  1159.07  -229.05  -112.51  
   0.55  0.76  0.34  
   -0.75  0.27  0.60  
   0.37  -0.59  0.72  

2  1077.81  -78.58  -141.98  
   0.44  -0.40  0.80  
   0.52  0.84  0.14  
   -0.74  0.35  0.58  

7  1159.07  -229.94  -112.96  
   0.55  0.76  0.35  
   -0.75  0.27  0.60  
   0.37  -0.59  0.72  

2  1086.74  -72.78  -150.91  
   0.64  -0.53  0.56  
   0.57  0.81  0.12  
   -0.52  0.24  0.82  

7  1158.63  -229.05  -114.30  
   0.55  0.76  0.35  
   -0.76  0.27  0.60  
   0.36  -0.59  0.72  

2  1080.94  -48.22  -133.95  
   0.61  -0.06  0.79  
   0.59  0.70  -0.40  
   -0.53  0.71  0.46  

7  1159.07  -229.05  -114.30  
   0.55  0.76  0.35  
   -0.75  0.27  0.60  
   0.36  -0.59  0.72  

2  1074.24  -54.92  -121.89  
   0.36  0.14  0.92  
   0.59  0.73  -0.34  
   -0.72  0.67  0.18  

7  1159.52  -229.05  -113.85  
   0.55  0.76  0.34  
   -0.75  0.27  0.60  
   0.36  -0.59  0.72  

2  1033.61  -120.10  45.54  
   -0.23  0.00  0.97  
   0.60  0.79  0.14  
   -0.77  0.61  -0.19  

7  1176.04  -230.83  -131.27  
   0.58  0.75  0.32  
   -0.76  0.35  0.55  
   0.30  -0.57  0.77  

2  1035.84  -135.73  44.20  
   -0.36  -0.32  0.88  
   0.36  0.82  0.44  
   -0.86  0.48  -0.18  

7  1176.93  -231.28  -130.82  
   0.58  0.75  0.32  
   -0.76  0.35  0.55  
   0.30  -0.56  0.77  

2  1034.95  -132.16  33.04  
   -0.21  -0.37  0.91  
   0.53  0.74  0.42  
   -0.82  0.57  0.04  

7  1176.49  -230.83  -130.82  
   0.58  0.75  0.32  
   -0.76  0.35  0.55  
   0.30  -0.56  0.77  

2  1032.27  -117.43  37.50  
   -0.09  -0.08  0.99  
   0.65  0.75  0.12  
   -0.75  0.66  -0.02  

7  1176.04  -231.28  -130.82  
   0.58  0.75  0.32  
   -0.76  0.35  0.55  
   0.30  -0.56  0.77  

2  1032.72  -123.23  48.22  
   -0.33  0.00  0.94  
   0.60  0.77  0.21  
   -0.73  0.63  -0.25  

7  1176.04  -231.73  -130.82  
   0.58  0.75  0.32  
   -0.76  0.35  0.55  
   0.30  -0.56  0.77  

2  1241.67  -438.89  126.80  
   0.11  -0.17  -0.98  
   0.37  0.92  -0.12  
   0.92  -0.34  0.17  

8  1163.09  -433.54  38.84  
   0.05  -0.98  0.17  
   0.62  0.16  0.77  
   -0.79  0.07  0.61  

2  1254.62  -460.33  124.57  
   0.31  0.30  -0.90  
   0.13  0.93  0.35  
   0.94  -0.23  0.25  

8  1177.83  -435.32  40.18  
   0.03  -0.99  0.12  
   0.62  0.12  0.78  
   -0.79  0.05  0.62  

2  1253.28  -443.36  133.05  
   0.04  -0.09  -1.00  
   0.34  0.94  -0.07  
   0.94  -0.34  0.07  

8  1175.59  -435.32  40.18  
   0.03  -0.99  0.13  
   0.62  0.12  0.78  
   -0.79  0.05  0.61  

2  1251.94  -434.88  125.46  
   0.16  -0.28  -0.94  
   0.40  0.89  -0.20  
   0.90  -0.35  0.26  

8  1175.59  -435.77  41.08  
   0.04  -0.99  0.13  
   0.61  0.12  0.78  
   -0.79  0.05  0.61  

2  1252.84  -458.09  123.68  
   0.40  0.20  -0.89  
   0.15  0.95  0.28  
   0.91  -0.24  0.35  

8  1176.93  -435.77  41.97  
   0.04  -0.99  0.12  
   0.61  0.12  0.78  
   -0.79  0.05  0.61  

2  1111.30  -437.55  119.21  
   0.16  0.39  0.91  
   0.39  0.82  -0.42  
   -0.91  0.42  -0.02  

8  1174.70  -436.66  41.97  
   0.06  -0.99  0.13  
   0.62  0.14  0.77  
   -0.78  0.03  0.62  

2  1104.16  -460.33  120.10  
   -0.03  0.00  1.00  
   0.17  0.99  0.00  
   -0.99  0.17  -0.03  

8  1174.25  -437.11  42.86  
   0.06  -0.99  0.13  
   0.62  0.14  0.77  
   -0.79  0.03  0.62  

2  1109.51  -479.52  104.48  
   0.27  -0.38  0.88  
   0.07  0.92  0.38  
   -0.96  -0.04  0.28  

8  1173.81  -438.45  44.65  
   0.06  -0.99  0.13  
   0.61  0.14  0.78  
   -0.79  0.03  0.62  

2  1112.64  -452.74  100.01  
   0.46  -0.07  0.89  
   0.28  0.96  -0.07  
   -0.84  0.28  0.46  

8  1175.59  -438.00  45.09  
   0.06  -0.99  0.13  
   0.61  0.14  0.78  
   -0.79  0.03  0.62  

2  1111.30  -431.30  132.16  
   0.25  0.43  0.87  
   0.54  0.68  -0.49  
   -0.80  0.59  -0.06  

8  1174.25  -438.45  45.09  
   0.06  -0.99  0.14  
   0.61  0.15  0.77  
   -0.79  0.03  0.62  

2  1539.48  -120.55  323.70  
   0.78  -0.62  -0.04  
   0.40  0.55  -0.73  
   0.48  0.55  0.68  

9  1503.31  -215.21  337.99  
   0.95  0.09  -0.30  
   0.23  0.45  0.86  
   0.21  -0.89  0.41  

2  1545.28  -123.23  317.45  
   0.78  -0.59  -0.22  
   0.38  0.72  -0.58  
   0.50  0.36  0.79  

9  1501.97  -212.53  339.33  
   0.95  0.08  -0.30  
   0.24  0.45  0.86  
   0.20  -0.89  0.41  

2  1539.48  -110.28  335.76  
   0.63  -0.77  -0.09  
   0.36  0.38  -0.85  
   0.69  0.50  0.52  

9  1501.97  -213.42  338.88  
   0.95  0.08  -0.30  
   0.24  0.45  0.86  
   0.20  -0.89  0.41  

2  1538.59  -122.34  318.79  
   0.70  -0.71  -0.09  
   0.50  0.57  -0.64  
   0.51  0.40  0.76  

9  1501.97  -212.53  338.88  
   0.95  0.07  -0.30  
   0.24  0.45  0.86  
   0.20  -0.89  0.41  

2  1542.16  -132.16  309.41  
   0.73  -0.65  -0.20  
   0.58  0.75  -0.32  
   0.36  0.12  0.93  

9  1501.97  -212.97  338.88  
   0.95  0.07  -0.30  
   0.24  0.45  0.86  
   0.19  -0.89  0.41  

2  1511.80  -273.25  362.99  
   -0.48  -0.82  0.29  
   -0.01  0.34  0.94  
   -0.87  0.45  -0.17  

9  1496.62  -242.89  327.27  
   0.94  -0.07  -0.32  
   0.27  0.73  0.62  
   0.19  -0.67  0.71  

2  1521.17  -275.03  358.97  
   -0.27  -0.96  0.07  
   -0.12  0.11  0.99  
   -0.95  0.26  -0.15  

9  1496.62  -242.89  327.27  
   0.94  -0.07  -0.32  
   0.27  0.73  0.62  
   0.19  -0.67  0.71  

2  1522.51  -277.71  342.45  
   -0.05  -1.00  0.03  
   0.17  0.02  0.99  
   -0.98  0.05  0.17  

9  1496.17  -243.78  326.38  
   0.94  -0.07  -0.32  
   0.27  0.73  0.62  
   0.19  -0.68  0.71  

2  1510.46  -281.73  362.10  
   -0.28  -0.88  0.38  
   0.07  0.37  0.93  
   -0.96  0.29  -0.04  

9  1495.72  -245.12  328.17  
   0.94  -0.07  -0.33  
   0.27  0.73  0.63  
   0.19  -0.68  0.71  

2  1522.51  -272.80  371.92  
   -0.48  -0.87  0.10  
   -0.35  0.29  0.89  
   -0.81  0.39  -0.44  

9  1497.06  -243.78  327.27  
   0.94  -0.08  -0.33  
   0.28  0.73  0.63  
   0.19  -0.68  0.71  

