% Calibrated with leiden_pols
% Positions are in centimeters
Data =[
 2    96.673   -20.019    59.079
 2     0.022    -1.000     0.005
 2     0.999     0.023     0.032
 2    -0.033     0.003     0.999
 3   134.263    -5.043     0.969
 3     0.404     0.020    -0.915
 3    -0.310     0.944    -0.116
 3     0.860     0.330     0.387
 4   121.672    14.898    -9.923
 4     0.494    -0.869     0.036
 4     0.824     0.454    -0.337
 4     0.276     0.196     0.941
 5   118.578    23.959    20.744
 5     0.238    -0.317     0.919
 5     0.250    -0.894    -0.371
 5     0.938     0.316    -0.133
 6   134.941    25.033    42.615
 6     0.473    -0.445    -0.762
 6     0.021     0.869    -0.492
 6     0.880     0.216     0.420
 7   120.375   -24.433    -8.726
 7     0.341     0.916     0.213
 7    -0.823     0.181     0.537
 7     0.454    -0.358     0.816
 8   120.448   -33.416    18.275
 8     0.236     0.462     0.856
 8    -0.306    -0.800     0.515
 8     0.922    -0.382    -0.046
 9   138.634   -31.336    42.817
 9     0.515     0.045    -0.856
 9     0.113     0.986     0.126
 9     0.849    -0.163     0.501
 2    96.673   -20.019    59.079
 2     0.022    -1.000     0.004
 2     0.999     0.023     0.032
 2    -0.033     0.003     0.999
 3   133.729    -4.742     0.621
 3     0.426     0.036    -0.904
 3    -0.307     0.945    -0.108
 3     0.851     0.323     0.413
 4   121.334    15.288   -10.195
 4     0.508    -0.860     0.058
 4     0.820     0.461    -0.337
 4     0.262     0.218     0.940
 5   119.246    23.908    20.351
 5     0.247    -0.316     0.916
 5     0.236    -0.898    -0.372
 5     0.940     0.307    -0.147
 6   135.204    25.397    42.633
 6     0.422    -0.469    -0.778
 6     0.049     0.867    -0.493
 6     0.905     0.169     0.388
 7   119.792   -24.186    -8.454
 7     0.304     0.925     0.229
 7    -0.830     0.138     0.541
 7     0.468    -0.354     0.809
 8   120.581   -30.739    19.096
 8     0.197     0.392     0.899
 8    -0.245    -0.869     0.430
 8     0.949    -0.303    -0.074
 9   136.972   -32.915    45.404
 9     0.412     0.251    -0.877
 9    -0.067     0.967     0.245
 9     0.909    -0.043     0.414
 2    96.673   -20.019    59.079
 2     0.022    -1.000     0.004
 2     0.999     0.023     0.032
 2    -0.033     0.003     0.999
 3   134.015    -4.796     0.549
 3     0.421     0.061    -0.905
 3    -0.310     0.947    -0.081
 3     0.852     0.314     0.417
 4   122.084    15.228   -10.459
 4     0.531    -0.846     0.048
 4     0.807     0.487    -0.334
 4     0.258     0.217     0.941
 5   120.882    24.303    20.411
 5     0.246    -0.414     0.878
 5     0.204    -0.863    -0.462
 5     0.948     0.290    -0.127
 6   135.810    23.677    43.645
 6     0.380    -0.219    -0.899
 6     0.024     0.974    -0.227
 6     0.924     0.064     0.375
 7   119.930   -24.211    -8.346
 7     0.294     0.929     0.222
 7    -0.830     0.133     0.541
 7     0.474    -0.344     0.811
 8   120.753   -30.552    19.277
 8     0.164     0.495     0.854
 8    -0.208    -0.828     0.519
 8     0.964    -0.261    -0.032
 9   135.055   -30.772    46.837
 9     0.350     0.065    -0.935
 9    -0.038     0.998     0.059
 9     0.936     0.014     0.351
 2    96.673   -20.019    59.079
 2     0.022    -1.000     0.005
 2     0.999     0.023     0.032
 2    -0.033     0.003     0.999
 3   133.320    -4.832     0.885
 3     0.427     0.071    -0.901
 3    -0.317     0.945    -0.076
 3     0.847     0.318     0.426
 4   121.162    15.280   -10.016
 4     0.531    -0.845     0.059
 4     0.806     0.482    -0.343
 4     0.261     0.230     0.937
 5   120.135    23.707    21.035
 5     0.259    -0.410     0.876
 5     0.182    -0.869    -0.459
 5     0.948     0.277    -0.150
 6   135.394    23.034    43.882
 6     0.387    -0.225    -0.894
 6     0.016     0.971    -0.238
 6     0.922     0.078     0.379
 7   118.411   -24.224    -7.896
 7     0.292     0.925     0.242
 7    -0.837     0.124     0.532
 7     0.463    -0.358     0.811
 8   119.400   -30.259    19.906
 8     0.199     0.485     0.852
 8    -0.184    -0.835     0.517
 8     0.962    -0.258    -0.076
 9   134.411   -29.771    46.952
 9     0.369     0.043    -0.928
 9    -0.008     0.999     0.046
 9     0.929    -0.011     0.369
 2    96.673   -20.019    59.079
 2     0.022    -1.000     0.005
 2     0.999     0.023     0.032
 2    -0.033     0.003     0.999
 3   132.190    -4.889     0.787
 3     0.458     0.077    -0.886
 3    -0.311     0.947    -0.078
 3     0.833     0.311     0.457
 4   119.377    15.161    -9.966
 4     0.526    -0.846     0.092
 4     0.816     0.470    -0.336
 4     0.240     0.252     0.937
 5   119.481    23.493    21.136
 5     0.304    -0.365     0.881
 5     0.197    -0.880    -0.431
 5     0.932     0.303    -0.195
 6   135.932    24.000    42.888
 6     0.440    -0.279    -0.854
 6     0.043     0.956    -0.289
 6     0.897     0.090     0.432
 7   117.341   -24.447    -7.767
 7     0.304     0.918     0.255
 7    -0.833     0.126     0.538
 7     0.462    -0.376     0.803
 8   120.010   -30.480    20.441
 8     0.289     0.443     0.849
 8    -0.193    -0.842     0.503
 8     0.938    -0.308    -0.156
 9   136.320   -31.488    45.832
 9     0.420     0.074    -0.905
 9    -0.053     0.997     0.060
 9     0.906     0.022     0.422
 2    96.673   -20.019    59.079
 2     0.022    -1.000     0.004
 2     0.999     0.023     0.032
 2    -0.033     0.003     0.999
 3   131.636    -5.078     0.408
 3     0.481     0.088    -0.872
 3    -0.311     0.947    -0.077
 3     0.819     0.309     0.483
 4   118.640    14.943   -10.212
 4     0.533    -0.839     0.114
 4     0.815     0.473    -0.334
 4     0.226     0.270     0.936
 5   121.556    23.802    20.830
 5     0.413    -0.255     0.876
 5     0.257    -0.889    -0.377
 5     0.874     0.379    -0.301
 6   140.722    27.351    39.136
 6     0.576    -0.442    -0.691
 6     0.133     0.881    -0.450
 6     0.806     0.167     0.565
 7   117.082   -24.562    -7.681
 7     0.346     0.900     0.266
 7    -0.794     0.129     0.594
 7     0.500    -0.416     0.759
 8   121.631   -31.571    20.238
 8     0.361     0.239     0.902
 8    -0.314    -0.880     0.356
 8     0.878    -0.410    -0.242
 9   141.044   -38.709    41.313
 9     0.548     0.325    -0.772
 9    -0.229     0.944     0.233
 9     0.804     0.048     0.591
 2    96.673   -20.019    59.079
 2     0.022    -1.000     0.005
 2     0.999     0.023     0.032
 2    -0.033     0.003     0.999
 3   131.659    -5.210     0.065
 3     0.493     0.093    -0.865
 3    -0.311     0.947    -0.077
 3     0.812     0.307     0.496
 4   118.269    14.463   -10.838
 4     0.530    -0.838     0.129
 4     0.825     0.474    -0.307
 4     0.196     0.269     0.943
 5   122.850    25.538    19.573
 5     0.486     0.016     0.874
 5     0.423    -0.880    -0.218
 5     0.765     0.475    -0.434
 6   141.523    36.816    34.155
 6     0.591    -0.714    -0.384
 6     0.367     0.655    -0.657
 6     0.718     0.249     0.648
 7   117.445   -24.821    -7.897
 7     0.393     0.870     0.298
 7    -0.779     0.142     0.610
 7     0.488    -0.471     0.734
 8   122.166   -34.058    19.297
 8     0.402    -0.122     0.907
 8    -0.519    -0.847     0.116
 8     0.754    -0.518    -0.404
 9   139.431   -51.927    34.430
 9     0.532     0.724    -0.444
 9    -0.526     0.689     0.496
 9     0.663    -0.033     0.746
 2    96.673   -20.019    59.104
 2     0.022    -1.000     0.004
 2     0.999     0.023     0.032
 2    -0.033     0.003     0.999
 3   131.682    -5.479    -0.240
 3     0.490     0.092    -0.867
 3    -0.303     0.950    -0.072
 3     0.817     0.298     0.493
 4   117.537    13.630   -11.628
 4     0.510    -0.849     0.139
 4     0.845     0.463    -0.267
 4     0.162     0.254     0.953
 5   121.593    27.727    17.358
 5     0.461     0.292     0.838
 5     0.610    -0.789    -0.062
 5     0.644     0.540    -0.542
