% Calibrated with leiden_pols
% Positions are in centimeters
Data =[
 2    96.673   -20.019    59.079
 2     0.022    -1.000     0.005
 2     0.999     0.023     0.032
 2    -0.033     0.003     0.999
 3   134.263    -5.043     0.969
 3     0.404     0.020    -0.915
 3    -0.310     0.944    -0.116
 3     0.860     0.330     0.387
 4   121.672    14.898    -9.923
 4     0.494    -0.869     0.036
 4     0.824     0.454    -0.337
 4     0.276     0.196     0.941
 5   118.578    23.959    20.744
 5     0.238    -0.317     0.919
 5     0.250    -0.894    -0.371
 5     0.938     0.316    -0.133
 6   134.941    25.033    42.615
 6     0.473    -0.445    -0.762
 6     0.021     0.869    -0.492
 6     0.880     0.216     0.420
 7   120.375   -24.433    -8.726
 7     0.341     0.916     0.213
 7    -0.823     0.181     0.537
 7     0.454    -0.358     0.816
 8   120.448   -33.416    18.275
 8     0.236     0.462     0.856
 8    -0.306    -0.800     0.515
 8     0.922    -0.382    -0.046
 9   138.634   -31.336    42.817
 9     0.515     0.045    -0.856
 9     0.113     0.986     0.126
 9     0.849    -0.163     0.501
 2    96.673   -20.019    59.079
 2     0.022    -1.000     0.004
 2     0.999     0.023     0.032
 2    -0.033     0.003     0.999
 3   133.729    -4.742     0.621
 3     0.426     0.036    -0.904
 3    -0.307     0.945    -0.108
 3     0.851     0.323     0.413
 4   121.334    15.288   -10.195
 4     0.508    -0.860     0.058
 4     0.820     0.461    -0.337
 4     0.262     0.218     0.940
 5   119.246    23.908    20.351
 5     0.247    -0.316     0.916
 5     0.236    -0.898    -0.372
 5     0.940     0.307    -0.147
 6   135.204    25.397    42.633
 6     0.422    -0.469    -0.778
 6     0.049     0.867    -0.493
 6     0.905     0.169     0.388
 7   119.792   -24.186    -8.454
 7     0.304     0.925     0.229
 7    -0.830     0.138     0.541
 7     0.468    -0.354     0.809
 8   120.581   -30.739    19.096
 8     0.197     0.392     0.899
 8    -0.245    -0.869     0.430
 8     0.949    -0.303    -0.074
 9   136.972   -32.915    45.404
 9     0.412     0.251    -0.877
 9    -0.067     0.967     0.245
 9     0.909    -0.043     0.414
 2    96.673   -20.019    59.079
 2     0.022    -1.000     0.004
 2     0.999     0.023     0.032
 2    -0.033     0.003     0.999
 3   134.015    -4.796     0.549
 3     0.421     0.061    -0.905
 3    -0.310     0.947    -0.081
 3     0.852     0.314     0.417
 4   122.084    15.228   -10.459
 4     0.531    -0.846     0.048
 4     0.807     0.487    -0.334
 4     0.258     0.217     0.941
 5   120.882    24.303    20.411
 5     0.246    -0.414     0.878
 5     0.204    -0.863    -0.462
 5     0.948     0.290    -0.127
 6   135.810    23.677    43.645
 6     0.380    -0.219    -0.899
 6     0.024     0.974    -0.227
 6     0.924     0.064     0.375
 7   119.930   -24.211    -8.346
 7     0.294     0.929     0.222
 7    -0.830     0.133     0.541
 7     0.474    -0.344     0.811
 8   120.753   -30.552    19.277
 8     0.164     0.495     0.854
 8    -0.208    -0.828     0.519
 8     0.964    -0.261    -0.032
 9   135.055   -30.772    46.837
 9     0.350     0.065    -0.935
 9    -0.038     0.998     0.059
 9     0.936     0.014     0.351
 2    96.673   -20.019    59.079
 2     0.022    -1.000     0.005
 2     0.999     0.023     0.032
 2    -0.033     0.003     0.999
 3   133.320    -4.832     0.885
 3     0.427     0.071    -0.901
 3    -0.317     0.945    -0.076
 3     0.847     0.318     0.426
 4   121.162    15.280   -10.016
 4     0.531    -0.845     0.059
 4     0.806     0.482    -0.343
 4     0.261     0.230     0.937
 5   120.135    23.707    21.035
 5     0.259    -0.410     0.876
 5     0.182    -0.869    -0.459
 5     0.948     0.277    -0.150
 6   135.394    23.034    43.882
 6     0.387    -0.225    -0.894
 6     0.016     0.971    -0.238
 6     0.922     0.078     0.379
 7   118.411   -24.224    -7.896
 7     0.292     0.925     0.242
 7    -0.837     0.124     0.532
 7     0.463    -0.358     0.811
 8   119.400   -30.259    19.906
 8     0.199     0.485     0.852
 8    -0.184    -0.835     0.517
 8     0.962    -0.258    -0.076
 9   134.411   -29.771    46.952
 9     0.369     0.043    -0.928
 9    -0.008     0.999     0.046
 9     0.929    -0.011     0.369
 2    96.673   -20.019    59.079
 2     0.022    -1.000     0.005
 2     0.999     0.023     0.032
 2    -0.033     0.003     0.999
 3   132.190    -4.889     0.787
 3     0.458     0.077    -0.886
 3    -0.311     0.947    -0.078
 3     0.833     0.311     0.457
 4   119.377    15.161    -9.966
 4     0.526    -0.846     0.092
 4     0.816     0.470    -0.336
 4     0.240     0.252     0.937
 5   119.481    23.493    21.136
 5     0.304    -0.365     0.881
 5     0.197    -0.880    -0.431
 5     0.932     0.303    -0.195
 6   135.932    24.000    42.888
 6     0.440    -0.279    -0.854
 6     0.043     0.956    -0.289
 6     0.897     0.090     0.432
 7   117.341   -24.447    -7.767
 7     0.304     0.918     0.255
 7    -0.833     0.126     0.538
 7     0.462    -0.376     0.803
 8   120.010   -30.480    20.441
 8     0.289     0.443     0.849
 8    -0.193    -0.842     0.503
 8     0.938    -0.308    -0.156
 9   136.320   -31.488    45.832
 9     0.420     0.074    -0.905
 9    -0.053     0.997     0.060
 9     0.906     0.022     0.422
 2    96.673   -20.019    59.079
 2     0.022    -1.000     0.004
 2     0.999     0.023     0.032
 2    -0.033     0.003     0.999
 3   131.636    -5.078     0.408
 3     0.481     0.088    -0.872
 3    -0.311     0.947    -0.077
 3     0.819     0.309     0.483
 4   118.640    14.943   -10.212
 4     0.533    -0.839     0.114
 4     0.815     0.473    -0.334
 4     0.226     0.270     0.936
 5   121.556    23.802    20.830
 5     0.413    -0.255     0.876
 5     0.257    -0.889    -0.377
 5     0.874     0.379    -0.301
 6   140.722    27.351    39.136
 6     0.576    -0.442    -0.691
 6     0.133     0.881    -0.450
 6     0.806     0.167     0.565
 7   117.082   -24.562    -7.681
 7     0.346     0.900     0.266
 7    -0.794     0.129     0.594
 7     0.500    -0.416     0.759
 8   121.631   -31.571    20.238
 8     0.361     0.239     0.902
 8    -0.314    -0.880     0.356
 8     0.878    -0.410    -0.242
 9   141.044   -38.709    41.313
 9     0.548     0.325    -0.772
 9    -0.229     0.944     0.233
 9     0.804     0.048     0.591
 2    96.673   -20.019    59.079
 2     0.022    -1.000     0.005
 2     0.999     0.023     0.032
 2    -0.033     0.003     0.999
 3   131.659    -5.210     0.065
 3     0.493     0.093    -0.865
 3    -0.311     0.947    -0.077
 3     0.812     0.307     0.496
 4   118.269    14.463   -10.838
 4     0.530    -0.838     0.129
 4     0.825     0.474    -0.307
 4     0.196     0.269     0.943
 5   122.850    25.538    19.573
 5     0.486     0.016     0.874
 5     0.423    -0.880    -0.218
 5     0.765     0.475    -0.434
 6   141.523    36.816    34.155
 6     0.591    -0.714    -0.384
 6     0.367     0.655    -0.657
 6     0.718     0.249     0.648
 7   117.445   -24.821    -7.897
 7     0.393     0.870     0.298
 7    -0.779     0.142     0.610
 7     0.488    -0.471     0.734
 8   122.166   -34.058    19.297
 8     0.402    -0.122     0.907
 8    -0.519    -0.847     0.116
 8     0.754    -0.518    -0.404
 9   139.431   -51.927    34.430
 9     0.532     0.724    -0.444
 9    -0.526     0.689     0.496
 9     0.663    -0.033     0.746
 2    96.673   -20.019    59.104
 2     0.022    -1.000     0.004
 2     0.999     0.023     0.032
 2    -0.033     0.003     0.999
 3   131.682    -5.479    -0.240
 3     0.490     0.092    -0.867
 3    -0.303     0.950    -0.072
 3     0.817     0.298     0.493
 4   117.537    13.630   -11.628
 4     0.510    -0.849     0.139
 4     0.845     0.463    -0.267
 4     0.162     0.254     0.953
 5   121.593    27.727    17.358
 5     0.461     0.292     0.838
 5     0.610    -0.789    -0.062
 5     0.644     0.540    -0.542
 6   137.998    44.804    28.698
 6     0.540    -0.836    -0.108
 6     0.563     0.450    -0.692
 6     0.625     0.313     0.714
 7   117.342   -25.102    -8.813
 7     0.436     0.828     0.352
 7    -0.790     0.166     0.589
 7     0.430    -0.536     0.727
 8   119.824   -37.967    15.655
 8     0.307    -0.299     0.904
 8    -0.698    -0.716     0.001
 8     0.647    -0.631    -0.428
 9   133.842   -61.405    26.915
 9     0.435     0.851    -0.301
 9    -0.720     0.525     0.452
 9     0.539     0.017     0.840
 2    96.674   -20.019    59.079
 2     0.022    -1.000     0.004
 2     0.999     0.023     0.032
 2    -0.033     0.002     0.999
 3   131.141    -6.416    -0.790
 3     0.481     0.124    -0.868
 3    -0.304     0.952    -0.033
 3     0.822     0.280     0.495
 4   116.535    12.714   -12.365
 4     0.514    -0.840     0.174
 4     0.848     0.466    -0.253
 4     0.131     0.277     0.952
 5   120.611    29.298    14.866
 5     0.422     0.461     0.781
 5     0.736    -0.676     0.000
 5     0.529     0.575    -0.624
 6   134.571    50.068    23.261
 6     0.465    -0.884     0.046
 6     0.701     0.335    -0.630
 6     0.540     0.325     0.775
 7   115.963   -25.441   -10.270
 7     0.440     0.795     0.418
 7    -0.823     0.170     0.542
 7     0.360    -0.582     0.729
 8   117.246   -40.542    12.401
 8     0.227    -0.361     0.905
 8    -0.786    -0.615    -0.048
 8     0.575    -0.701    -0.423
 9   129.383   -66.656    20.791
 9     0.370     0.884    -0.289
 9    -0.820     0.454     0.347
 9     0.436     0.105     0.892
 2    96.671   -20.019    59.082
 2     0.022    -1.000     0.004
 2     0.999     0.023     0.033
 2    -0.034     0.003     0.999
 3   130.412    -7.242    -1.795
 3     0.494     0.159    -0.855
 3    -0.311     0.950    -0.003
 3     0.812     0.267     0.518
 4   115.121    12.248   -12.734
 4     0.538    -0.808     0.242
 4     0.837     0.478    -0.266
 4     0.099     0.345     0.933
 5   121.354    30.848    12.289
 5     0.479     0.571     0.668
 5     0.794    -0.604    -0.053
 5     0.373     0.556    -0.742
 6   135.397    52.348    16.076
 6     0.510    -0.845     0.167
 6     0.767     0.358    -0.531
 6     0.388     0.397     0.831
 7   114.422   -25.542   -11.105
 7     0.455     0.750     0.480
 7    -0.841     0.185     0.507
 7     0.291    -0.634     0.716
 8   117.059   -41.813    10.507
 8     0.249    -0.427     0.870
 8    -0.823    -0.566    -0.043
 8     0.511    -0.705    -0.491
 9   129.594   -68.386    15.865
 9     0.391     0.888    -0.247
 9    -0.856     0.447     0.259
 9     0.339     0.108     0.934
 2    96.673   -20.019    59.079
 2     0.022    -1.000     0.005
 2     0.999     0.023     0.032
 2    -0.033     0.003     0.999
 3   129.590    -7.647    -2.746
 3     0.520     0.193    -0.832
 3    -0.321     0.947     0.018
 3     0.791     0.257     0.554
 4   114.199    11.846   -13.119
 4     0.573    -0.766     0.293
 4     0.817     0.508    -0.270
 4     0.058     0.394     0.917
 5   122.606    32.070     9.253
 5     0.527     0.622     0.581
 5     0.812    -0.569    -0.127
 5     0.251     0.538    -0.804
 6   136.468    53.549     9.861
 6     0.526    -0.826     0.208
 6     0.805     0.404    -0.433
 6     0.274     0.394     0.877
 7   113.087   -25.686   -11.798
 7     0.466     0.695     0.548
 7    -0.861     0.216     0.458
 7     0.200    -0.686     0.699
 8   117.506   -42.766     8.950
 8     0.289    -0.486     0.826
 8    -0.847    -0.531    -0.017
 8     0.447    -0.694    -0.564
 9   130.581   -69.476    11.039
 9     0.426     0.889    -0.171
 9    -0.875     0.451     0.176
 9     0.232     0.073     0.969
 2    96.673   -20.019    59.079
 2     0.022    -1.000     0.005
 2     0.999     0.023     0.032
 2    -0.033     0.003     0.999
 3   128.918    -8.119    -3.435
 3     0.538     0.214    -0.815
 3    -0.327     0.944     0.031
 3     0.777     0.250     0.578
 4   113.188    11.354   -13.392
 4     0.587    -0.738     0.335
 4     0.809     0.522    -0.267
 4     0.023     0.427     0.903
 5   122.563    32.476     7.672
 5     0.541     0.669     0.512
 5     0.824    -0.542    -0.163
 5     0.168     0.509    -0.843
 6   136.233    53.634     5.959
 6     0.558    -0.760     0.339
 6     0.813     0.418    -0.403
 6     0.165     0.498     0.850
 7   112.147   -25.937   -11.961
 7     0.474     0.661     0.582
 7    -0.865     0.226     0.447
 7     0.164    -0.715     0.679
 8   117.823   -43.177     8.569
 8     0.324    -0.531     0.784
 8    -0.857    -0.514     0.005
 8     0.401    -0.673    -0.620
 9   131.032   -69.957     7.913
 9     0.473     0.873     0.125
 9    -0.869     0.437     0.230
 9     0.147    -0.216     0.965
 2    96.673   -20.019    59.079
 2     0.022    -1.000     0.005
 2     0.999     0.023     0.032
 2    -0.033     0.003     0.999
 3   128.450    -8.258    -3.657
 3     0.552     0.220    -0.804
 3    -0.330     0.943     0.030
 3     0.765     0.249     0.593
 4   112.533    11.344   -13.342
 4     0.585    -0.732     0.351
 4     0.811     0.521    -0.266
 4     0.012     0.439     0.898
 5   122.537    32.042     8.034
 5     0.541     0.685     0.490
 5     0.825    -0.542    -0.154
 5     0.159     0.486    -0.858
 6   135.164    53.755     6.214
 6     0.581    -0.433     0.693
 6     0.804     0.171    -0.568
 6     0.126     0.885     0.443
 7   112.096   -25.932   -11.804
 7     0.485     0.651     0.584
 7    -0.859     0.231     0.456
 7     0.162    -0.722     0.671
 8   118.807   -42.710     9.104
 8     0.345    -0.559     0.755
 8    -0.856    -0.516     0.008
 8     0.385    -0.649    -0.655
 9   129.761   -70.598     8.653
 9     0.500     0.290     0.817
 9    -0.865     0.137     0.481
 9     0.026    -0.947     0.317
 2    96.673   -20.019    59.079
 2     0.022    -1.000     0.004
 2     0.999     0.023     0.032
 2    -0.033     0.003     0.999
 3   128.437    -8.134    -3.695
 3     0.557     0.215    -0.803
 3    -0.330     0.943     0.022
 3     0.762     0.252     0.596
 4   112.482    11.395   -13.291
 4     0.583    -0.733     0.352
 4     0.812     0.519    -0.265
 4     0.012     0.439     0.898
 5   123.048    31.717     8.290
 5     0.548     0.705     0.452
 5     0.821    -0.554    -0.133
 5     0.156     0.443    -0.882
 6   134.926    53.860     6.470
 6     0.596    -0.154     0.788
 6     0.796    -0.008    -0.604
 6     0.099     0.988     0.116
 7   112.284   -25.971   -11.798
 7     0.499     0.644     0.582
 7    -0.851     0.233     0.470
 7     0.167    -0.729     0.663
 8   120.002   -42.692     9.229
 8     0.392    -0.571     0.722
 8    -0.844    -0.534     0.035
 8     0.366    -0.623    -0.690
 9   131.604   -70.237     8.073
 9     0.491    -0.291     0.824
 9    -0.867    -0.070     0.491
 9    -0.084    -0.954    -0.283
 2    96.673   -20.019    59.079
 2     0.022    -1.000     0.005
 2     0.999     0.023     0.032
 2    -0.033     0.003     0.999
 3   128.376    -8.136    -3.681
 3     0.561     0.215    -0.800
 3    -0.330     0.943     0.021
 3     0.759     0.252     0.599
 4   112.340    11.389   -13.273
 4     0.583    -0.730     0.358
 4     0.812     0.520    -0.262
 4     0.005     0.443     0.896
 5   123.893    31.243     8.327
 5     0.563     0.735     0.380
 5     0.813    -0.574    -0.093
 5     0.149     0.361    -0.920
 6   135.149    53.637     6.567
 6     0.611     0.078     0.788
 6     0.788    -0.154    -0.595
 6     0.075     0.985    -0.155
 7   111.725   -26.061   -11.393
 7     0.501     0.617     0.607
 7    -0.853     0.234     0.465
 7     0.145    -0.751     0.644
 8   121.087   -42.230     9.704
 8     0.436    -0.598     0.673
 8    -0.826    -0.562     0.036
 8     0.357    -0.572    -0.738
 9   132.951   -69.537     7.886
 9     0.484    -0.426     0.768
 9    -0.867    -0.114     0.483
 9    -0.116    -0.897    -0.420
 2    96.673   -20.019    59.079
 2     0.022    -1.000     0.005
 2     0.999     0.023     0.032
 2    -0.033     0.003     0.999
 3   128.120    -8.194    -3.987
 3     0.575     0.225    -0.787
 3    -0.329     0.944     0.029
 3     0.749     0.242     0.616
 4   111.824    11.273   -13.362
 4     0.583    -0.720     0.376
 4     0.812     0.523    -0.258
 4    -0.011     0.455     0.890
 5   124.077    31.088     7.684
 5     0.566     0.764     0.310
 5     0.817    -0.569    -0.089
 5     0.107     0.303    -0.946
 6   134.447    53.989     5.290
 6     0.588     0.139     0.797
 6     0.807    -0.166    -0.567
 6     0.054     0.976    -0.208
 7   109.982   -26.237    -9.758
 7     0.491     0.525     0.696
 7    -0.870     0.255     0.421
 7     0.044    -0.812     0.581
 8   122.390   -42.851     9.213
 8     0.495    -0.687     0.534
 8    -0.833    -0.549     0.065
 8     0.248    -0.476    -0.843
 9   133.474   -70.237     3.173
 9     0.445    -0.568     0.698
 9    -0.863    -0.063     0.498
 9    -0.238    -0.821    -0.515
 2    96.673   -20.019    59.079
 2     0.022    -1.000     0.005
 2     0.999     0.023     0.032
 2    -0.033     0.003     0.999
 3   127.732    -8.427    -4.182
 3     0.584     0.239    -0.776
 3    -0.327     0.944     0.044
 3     0.743     0.227     0.629
 4   111.074    10.991   -13.385
 4     0.583    -0.705     0.405
 4     0.811     0.531    -0.245
 4    -0.042     0.470     0.881
 5   124.813    31.447     6.128
 5     0.608     0.773     0.183
 5     0.794    -0.588    -0.154
 5    -0.011     0.238    -0.971
 6   134.754    53.204    -0.457
 6     0.606     0.306     0.736
 6     0.780    -0.044    -0.624
 6    -0.157     0.951    -0.262
 7   108.917   -25.993    -9.421
 7     0.487     0.417     0.768
 7    -0.870     0.308     0.384
 7    -0.077    -0.855     0.513
 8   123.740   -43.813     6.238
 8     0.549    -0.729     0.411
 8    -0.832    -0.524     0.181
 8     0.083    -0.440    -0.893
 9   134.313   -69.615    -5.717
 9     0.422    -0.673     0.610
 9    -0.796     0.046     0.602
 9    -0.434    -0.738    -0.514
 2    96.673   -20.069    59.079
 2     0.022    -1.000     0.004
 2     0.999     0.023     0.032
 2    -0.033     0.003     0.999
 3   127.545    -8.388    -4.201
 3     0.577     0.244    -0.780
 3    -0.342     0.938     0.039
 3     0.741     0.244     0.624
 4   110.893    11.067   -13.163
 4     0.584    -0.698     0.417
 4     0.811     0.527    -0.254
 4    -0.042     0.485     0.873
 5   125.388    31.063     6.534
 5     0.638     0.746     0.194
 5     0.770    -0.611    -0.184
 5    -0.019     0.266    -0.964
 6   135.873    50.349    -3.440
 6     0.642     0.397     0.660
 6     0.678     0.108    -0.725
 6    -0.358     0.911    -0.196
 7   108.794   -25.902    -9.630
 7     0.486     0.390     0.782
 7    -0.865     0.341     0.367
 7    -0.125    -0.855     0.503
 8   125.380   -44.284     3.280
 8     0.602    -0.734     0.318
 8    -0.797    -0.524     0.299
 8    -0.053    -0.432    -0.900
 9   135.683   -66.487   -14.702
 9     0.407    -0.757     0.515
 9    -0.655     0.150     0.739
 9    -0.637    -0.636    -0.434
 2    96.673   -20.019    59.079
 2     0.022    -1.000     0.005
 2     0.999     0.023     0.032
 2    -0.033     0.003     0.999
 3   127.565    -8.449    -4.254
 3     0.568     0.247    -0.786
 3    -0.358     0.932     0.033
 3     0.741     0.263     0.617
 4   111.000    11.247   -12.949
 4     0.586    -0.693     0.421
 4     0.809     0.524    -0.263
 4    -0.038     0.494     0.868
 5   126.297    30.424     7.001
 5     0.662     0.724     0.195
 5     0.749    -0.627    -0.214
 5    -0.033     0.287    -0.957
 6   135.853    45.230    -8.469
 6     0.611     0.541     0.583
 6     0.483     0.326    -0.810
 6    -0.627     0.775    -0.060
 7   109.041   -25.840    -9.846
 7     0.496     0.379     0.781
 7    -0.855     0.366     0.365
 7    -0.148    -0.850     0.505
 8   126.962   -43.843     1.473
 8     0.643    -0.724     0.248
 8    -0.752    -0.538     0.380
 8    -0.142    -0.431    -0.891
 9   136.662   -62.225   -20.942
 9     0.376    -0.822     0.431
 9    -0.499     0.211     0.839
 9    -0.781    -0.530    -0.331
 2    96.673   -20.069    59.104
 2     0.022    -1.000     0.005
 2     0.999     0.023     0.032
 2    -0.033     0.004     0.999
 3   127.657    -8.230    -4.175
 3     0.561     0.248    -0.790
 3    -0.371     0.928     0.027
 3     0.740     0.278     0.612
 4   110.753    11.161   -12.676
 4     0.588    -0.666     0.461
 4     0.805     0.535    -0.255
 4    -0.077     0.520     0.850
 5   128.046    29.952     4.554
 5     0.699     0.706     0.110
 5     0.699    -0.645    -0.310
 5    -0.148     0.293    -0.944
 6   135.001    38.407   -16.718
 6     0.500     0.694     0.523
 6     0.195     0.494    -0.845
 6    -0.844     0.523     0.110
 7   108.856   -25.771    -9.929
 7     0.495     0.361     0.790
 7    -0.848     0.397     0.350
 7    -0.188    -0.844     0.502
 8   128.051   -43.603    -1.812
 8     0.675    -0.723     0.145
 8    -0.689    -0.548     0.474
 8    -0.263    -0.419    -0.869
 9   136.139   -57.917   -28.065
 9     0.311    -0.868     0.388
 9    -0.355     0.272     0.894
 9    -0.882    -0.415    -0.224
 2    96.675   -20.018    59.075
 2     0.023    -1.000     0.006
 2     0.999     0.023     0.031
 2    -0.032     0.005     0.999
 3   127.515    -8.673    -4.270
 3     0.562     0.265    -0.784
 3    -0.382     0.923     0.038
 3     0.734     0.278     0.619
 4   110.034    10.189   -12.913
 4     0.602    -0.605     0.522
 4     0.782     0.578    -0.233
 4    -0.161     0.548     0.820
 5   129.064    29.603    -0.976
 5     0.719     0.694     0.028
 5     0.620    -0.622    -0.478
 5    -0.314     0.361    -0.878
 6   134.484    31.633   -24.432
 6     0.417     0.756     0.509
 6    -0.050     0.574    -0.816
 6    -0.907     0.313     0.274
 7   108.261   -26.287    -9.595
 7     0.480     0.333     0.812
 7    -0.847     0.414     0.331
 7    -0.227    -0.847     0.480
 8   128.352   -43.564    -4.230
 8     0.683    -0.728     0.057
 8    -0.633    -0.551     0.544
 8    -0.364    -0.408    -0.837
 9   134.133   -54.635   -33.076
 9     0.228    -0.900     0.371
 9    -0.237     0.318     0.917
 9    -0.944    -0.297    -0.141
 2    96.677   -20.017    59.072
 2     0.023    -1.000     0.007
 2     0.999     0.023     0.030
 2    -0.031     0.006     0.999
 3   127.193    -9.363    -4.328
 3     0.560     0.291    -0.776
 3    -0.387     0.919     0.064
 3     0.732     0.265     0.627
 4   109.498     9.344   -12.928
 4     0.615    -0.535     0.580
 4     0.750     0.622    -0.222
 4    -0.242     0.571     0.783
 5   130.364    27.860    -5.282
 5     0.723     0.686    -0.085
 5     0.535    -0.632    -0.559
 5    -0.437     0.359    -0.825
 6   133.251    25.514   -29.757
 6     0.280     0.804     0.527
 6    -0.210     0.584    -0.783
 6    -0.937     0.108     0.329
 7   107.363   -26.347    -9.385
 7     0.454     0.277     0.847
 7    -0.840     0.450     0.303
 7    -0.297    -0.849     0.436
 8   127.683   -43.116    -7.420
 8     0.661    -0.750    -0.021
 8    -0.583    -0.531     0.615
 8    -0.472    -0.395    -0.788
 9   129.571   -50.031   -38.876
 9     0.106    -0.895     0.433
 9    -0.087     0.425     0.901
 9    -0.990    -0.133    -0.034
 2    96.682   -20.016    59.066
 2     0.025    -1.000     0.008
 2     0.999     0.026     0.028
 2    -0.029     0.007     0.999
 3   126.959    -9.582    -4.455
 3     0.552     0.318    -0.771
 3    -0.405     0.910     0.084
 3     0.728     0.266     0.631
 4   109.111     8.970   -13.021
 4     0.631    -0.468     0.619
 4     0.714     0.660    -0.229
 4    -0.302     0.587     0.750
 5   131.372    25.808    -8.985
 5     0.725     0.666    -0.178
 5     0.443    -0.646    -0.621
 5    -0.527     0.372    -0.764
 6   132.668    20.900   -33.510
 6     0.195     0.833     0.520
 6    -0.315     0.553    -0.771
 6    -0.929    -0.014     0.367
 7   106.492   -26.199    -9.337
 7     0.436     0.217     0.874
 7    -0.823     0.488     0.289
 7    -0.364    -0.845     0.391
 8   126.931   -42.204   -10.378
 8     0.641    -0.763    -0.089
 8    -0.523    -0.517     0.677
 8    -0.562    -0.388    -0.731
 9   126.064   -46.157   -43.278
 9     0.027    -0.889     0.457
 9     0.000     0.457     0.889
 9    -1.000    -0.023     0.011
 2    96.694   -20.026    59.099
 2     0.063    -0.998     0.008
 2     0.997     0.064     0.030
 2    -0.031     0.005     0.999
 3   126.714    -9.872    -4.581
 3     0.540     0.339    -0.773
 3    -0.422     0.900     0.099
 3     0.729     0.272     0.627
 4   108.521     8.471   -13.141
 4     0.636    -0.402     0.659
 4     0.681     0.692    -0.237
 4    -0.361     0.599     0.713
 5   131.367    24.065   -13.313
 5     0.704     0.673    -0.229
 5     0.366    -0.617    -0.695
 5    -0.608     0.406    -0.682
 6   131.663    16.973   -38.063
 6     0.153     0.822     0.551
 6    -0.376     0.562    -0.737
 6    -0.914    -0.095     0.391
 7   105.876   -25.616    -9.610
 7     0.437     0.139     0.888
 7    -0.787     0.537     0.303
 7    -0.436    -0.832     0.344
 8   126.637   -40.130   -13.304
 8     0.638    -0.756    -0.148
 8    -0.451    -0.520     0.724
 8    -0.625    -0.396    -0.673
 9   124.229   -42.272   -47.348
 9     0.009    -0.888     0.461
 9     0.036     0.461     0.886
 9    -0.999     0.010     0.035
 2    96.747   -20.002    59.074
 2     0.068    -0.998     0.007
 2     0.997     0.068     0.030
 2    -0.031     0.005     0.999
 3   126.600    -9.577    -4.689
 3     0.538     0.344    -0.771
 3    -0.430     0.897     0.098
 3     0.725     0.278     0.629
 4   107.946     8.427   -13.179
 4     0.631    -0.338     0.699
 4     0.651     0.719    -0.242
 4    -0.421     0.607     0.673
 5   130.875    21.655   -17.656
 5     0.678     0.677    -0.290
 5     0.258    -0.585    -0.768
 5    -0.688     0.446    -0.572
 6   130.474    12.412   -42.532
 6     0.127     0.812     0.571
 6    -0.433     0.561    -0.706
 6    -0.893    -0.159     0.419
 7   105.555   -24.890    -9.899
 7     0.437     0.100     0.894
 7    -0.760     0.572     0.308
 7    -0.480    -0.814     0.326
 8   126.695   -38.072   -15.387
 8     0.632    -0.750    -0.198
 8    -0.384    -0.522     0.761
 8    -0.673    -0.406    -0.618
 9   123.031   -36.795   -50.342
 9    -0.023    -0.875     0.485
 9     0.121     0.479     0.869
 9    -0.992     0.079     0.092
 2    96.745   -20.003    59.103
 2     0.069    -0.998     0.005
 2     0.997     0.069     0.031
 2    -0.032     0.003     0.999
 3   126.580    -9.231    -4.897
 3     0.538     0.347    -0.770
 3    -0.438     0.893     0.094
 3     0.720     0.286     0.631
 4   107.410     8.184   -13.375
 4     0.623    -0.283     0.729
 4     0.620     0.745    -0.242
 4    -0.476     0.603     0.640
 5   130.351    18.846   -21.170
 5     0.638     0.672    -0.380
 5     0.150    -0.589    -0.793
 5    -0.755     0.449    -0.476
 6   128.523     8.404   -45.773
 6     0.080     0.812     0.579
 6    -0.471     0.541    -0.698
 6    -0.879    -0.218     0.422
 7   105.008   -24.345   -10.105
 7     0.431     0.064     0.900
 7    -0.734     0.604     0.309
 7    -0.524    -0.794     0.308
 8   126.071   -36.340   -17.188
 8     0.621    -0.748    -0.236
 8    -0.327    -0.519     0.789
 8    -0.712    -0.413    -0.567
 9   121.703   -33.273   -52.410
 9    -0.046    -0.862     0.505
 9     0.171     0.491     0.854
 9    -0.984     0.126     0.123
 2    96.746   -20.003    59.103
 2     0.070    -0.997     0.005
 2     0.997     0.070     0.031
 2    -0.032     0.003     0.999
 3   126.329    -9.076    -5.008
 3     0.543     0.359    -0.760
 3    -0.455     0.885     0.091
 3     0.705     0.297     0.643
 4   106.746     7.992   -13.543
 4     0.607    -0.235     0.760
 4     0.592     0.770    -0.236
 4    -0.530     0.592     0.606
 5   129.403    16.851   -23.599
 5     0.600     0.674    -0.435
 5     0.085    -0.590    -0.802
 5    -0.796     0.444    -0.411
 6   126.403     5.574   -48.136
 6     0.031     0.811     0.585
 6    -0.486     0.522    -0.701
 6    -0.873    -0.264     0.407
 7   104.514   -23.847   -10.141
 7     0.417     0.046     0.907
 7    -0.719     0.628     0.299
 7    -0.556    -0.777     0.295
 8   125.524   -35.357   -18.242
 8     0.608    -0.752    -0.259
 8    -0.294    -0.513     0.806
 8    -0.737    -0.414    -0.533
 9   120.359   -30.616   -53.566
 9    -0.075    -0.863     0.500
 9     0.213     0.475     0.854
 9    -0.974     0.170     0.146
 2    96.748   -20.027    59.075
 2     0.070    -0.997     0.005
 2     0.997     0.070     0.030
 2    -0.031     0.003     0.999
 3   126.132    -8.855    -5.104
 3     0.550     0.363    -0.754
 3    -0.458     0.883     0.090
 3     0.698     0.296     0.651
 4   106.321     7.856   -13.687
 4     0.595    -0.212     0.775
 4     0.578     0.782    -0.231
 4    -0.558     0.586     0.588
 5   128.693    15.210   -25.016
 5     0.567     0.668    -0.486
 5     0.030    -0.603    -0.796
 5    -0.823     0.437    -0.362
 6   124.682     3.050   -49.068
 6    -0.015     0.813     0.582
 6    -0.523     0.489    -0.699
 6    -0.852    -0.316     0.415
 7   104.224   -23.626   -10.069
 7     0.415     0.045     0.909
 7    -0.716     0.633     0.295
 7    -0.562    -0.773     0.295
 8   125.514   -35.001   -18.167
 8     0.611    -0.746    -0.268
 8    -0.284    -0.520     0.804
 8    -0.738    -0.416    -0.530
 9   120.528   -30.229   -53.026
 9    -0.076    -0.878     0.472
 9     0.224     0.446     0.866
 9    -0.972     0.172     0.161
 2    96.746   -20.028    59.078
 2     0.070    -0.997     0.005
 2     0.997     0.070     0.031
 2    -0.032     0.003     0.999
 3   126.090    -8.845    -5.216
 3     0.557     0.355    -0.753
 3    -0.446     0.890     0.089
 3     0.700     0.286     0.652
 4   106.128     7.720   -13.664
 4     0.592    -0.208     0.778
 4     0.574     0.785    -0.229
 4    -0.565     0.583     0.584
 5   128.906    14.063   -25.361
 5     0.567     0.660    -0.497
 5    -0.006    -0.597    -0.801
 5    -0.823     0.456    -0.335
 6   124.877     1.718   -49.214
 6    -0.014     0.820     0.573
 6    -0.534     0.476    -0.699
 6    -0.845    -0.317     0.428
 7   104.354   -23.823   -10.083
 7     0.421     0.042     0.906
 7    -0.714     0.631     0.302
 7    -0.559    -0.774     0.296
 8   125.803   -34.718   -18.080
 8     0.620    -0.735    -0.278
 8    -0.270    -0.529     0.804
 8    -0.737    -0.424    -0.526
 9   121.028   -28.904   -53.044
 9    -0.078    -0.872     0.483
 9     0.259     0.450     0.854
 9    -0.963     0.192     0.189
 2    96.696   -20.028    59.103
 2     0.070    -0.997     0.005
 2     0.997     0.070     0.031
 2    -0.032     0.003     0.999
 3   126.160    -8.888    -5.140
 3     0.553     0.351    -0.757
 3    -0.441     0.892     0.091
 3     0.706     0.283     0.647
 4   106.323     7.530   -13.762
 4     0.600    -0.197     0.775
 4     0.560     0.794    -0.233
 4    -0.571     0.574     0.587
 5   129.019    13.412   -25.494
 5     0.570     0.659    -0.495
 5    -0.031    -0.581    -0.812
 5    -0.821     0.477    -0.311
 6   125.230     0.036   -49.050
 6    -0.008     0.811     0.585
 6    -0.566     0.477    -0.673
 6    -0.824    -0.337     0.452
 7   104.404   -23.769   -10.044
 7     0.427     0.045     0.903
 7    -0.712     0.632     0.306
 7    -0.557    -0.773     0.302
 8   126.044   -34.709   -17.751
 8     0.627    -0.730    -0.276
 8    -0.270    -0.532     0.801
 8    -0.731    -0.429    -0.531
 9   121.419   -29.298   -52.648
 9    -0.073    -0.878     0.472
 9     0.248     0.442     0.862
 9    -0.966     0.180     0.184
 2    96.746   -20.003    59.078
 2     0.070    -0.997     0.005
 2     0.997     0.070     0.031
 2    -0.032     0.003     0.999
 3   126.128    -8.805    -4.992
 3     0.567     0.355    -0.745
 3    -0.451     0.888     0.079
 3     0.689     0.291     0.662
 4   106.115     7.715   -13.647
 4     0.589    -0.207     0.781
 4     0.572     0.788    -0.224
 4    -0.570     0.579     0.582
 5   128.368    14.784   -25.365
 5     0.565     0.682    -0.468
 5     0.013    -0.571    -0.819
 5    -0.824     0.457    -0.332
 6   125.035     2.677   -49.170
 6     0.016     0.784     0.622
 6    -0.528     0.533    -0.661
 6    -0.849    -0.319     0.419
 7   104.490   -23.807    -9.804
 7     0.429     0.070     0.900
 7    -0.724     0.622     0.297
 7    -0.539    -0.780     0.318
 8   126.203   -35.515   -16.475
 8     0.640    -0.729    -0.246
 8    -0.308    -0.534     0.786
 8    -0.703    -0.428    -0.567
 9   122.790   -32.085   -51.027
 9    -0.024    -0.862     0.508
 9     0.201     0.492     0.847
 9    -0.979     0.123     0.159
 2    96.696   -20.028    59.104
 2     0.070    -0.997     0.005
 2     0.997     0.070     0.031
 2    -0.032     0.002     0.999
 3   126.111    -8.629    -4.864
 3     0.578     0.355    -0.737
 3    -0.447     0.890     0.077
 3     0.683     0.284     0.672
 4   106.087     7.872   -13.531
 4     0.573    -0.238     0.785
 4     0.603     0.770    -0.208
 4    -0.555     0.592     0.584
 5   127.267    18.796   -24.522
 5     0.562     0.749    -0.354
 5     0.153    -0.511    -0.845
 5    -0.813     0.420    -0.401
 6   125.616     9.466   -48.862
 6     0.109     0.696     0.711
 6    -0.411     0.681    -0.606
 6    -0.905    -0.227     0.355
 7   105.007   -24.147    -9.442
 7     0.427     0.125     0.895
 7    -0.762     0.582     0.282
 7    -0.487    -0.803     0.344
 8   126.497   -37.835   -13.802
 8     0.649    -0.741    -0.173
 8    -0.410    -0.531     0.741
 8    -0.640    -0.411    -0.649
 9   124.892   -38.697   -47.456
 9     0.044    -0.832     0.553
 9     0.084     0.554     0.827
 9    -0.996     0.011     0.091
 2    96.746   -20.028    59.078
 2     0.070    -0.997     0.005
 2     0.997     0.071     0.031
 2    -0.032     0.002     0.999
 3   126.272    -8.481    -4.925
 3     0.597     0.339    -0.729
 3    -0.417     0.905     0.077
 3     0.685     0.257     0.681
 4   106.018     8.202   -13.363
 4     0.554    -0.281     0.783
 4     0.645     0.739    -0.192
 4    -0.525     0.612     0.590
 5   126.239    23.094   -22.227
 5     0.555     0.791    -0.261
 5     0.326    -0.492    -0.807
 5    -0.765     0.363    -0.531
 6   125.432    19.121   -47.304
 6     0.180     0.628     0.760
 6    -0.178     0.777    -0.600
 6    -0.968    -0.030     0.246
 7   105.626   -24.686    -8.842
 7     0.414     0.200     0.888
 7    -0.808     0.530     0.257
 7    -0.420    -0.824     0.381
 8   126.137   -40.892    -9.811
 8     0.637    -0.767    -0.074
 8    -0.551    -0.520     0.653
 8    -0.539    -0.375    -0.754
 9   127.279   -47.383   -41.371
 9     0.113    -0.788     0.607
 9    -0.089     0.599     0.794
 9    -0.990    -0.141    -0.006
 2    96.696   -20.028    59.104
 2     0.070    -0.997     0.004
 2     0.997     0.070     0.031
 2    -0.032     0.002     0.999
 3   126.210    -8.580    -4.967
 3     0.606     0.324    -0.728
 3    -0.386     0.918     0.086
 3     0.695     0.228     0.680
 4   105.970     8.491   -13.153
 4     0.548    -0.330     0.769
 4     0.685     0.703    -0.187
 4    -0.480     0.629     0.610
 5   126.090    26.226   -18.841
 5     0.557     0.803    -0.215
 5     0.466    -0.515    -0.719
 5    -0.687     0.301    -0.661
 6   125.790    28.949   -44.041
 6     0.247     0.589     0.773
 6     0.091     0.777    -0.619
 6    -0.965     0.220     0.134
 7   105.882   -25.123    -8.604
 7     0.394     0.254     0.884
 7    -0.837     0.496     0.230
 7    -0.381    -0.830     0.407
 8   125.423   -42.989    -6.591
 8     0.614    -0.789     0.019
 8    -0.664    -0.503     0.552
 8    -0.426    -0.352    -0.833
 9   128.185   -55.080   -36.066
 9     0.176    -0.717     0.678
 9    -0.271     0.625     0.729
 9    -0.947    -0.309    -0.088
 2    96.744   -20.029    59.081
 2     0.070    -0.997     0.004
 2     0.997     0.071     0.031
 2    -0.033     0.002     0.999
 3   126.443    -8.562    -5.164
 3     0.618     0.300    -0.728
 3    -0.361     0.929     0.074
 3     0.698     0.217     0.681
 4   106.255     8.983   -12.994
 4     0.544    -0.376     0.751
 4     0.719     0.668    -0.188
 4    -0.432     0.642     0.633
 5   126.229    28.254   -15.759
 5     0.573     0.802    -0.172
 5     0.548    -0.529    -0.647
 5    -0.609     0.276    -0.743
 6   128.485    36.438   -39.574
 6     0.354     0.522     0.781
 6     0.302     0.724    -0.616
 6    -0.885     0.450     0.098
 7   106.499   -25.106    -8.820
 7     0.396     0.289     0.872
 7    -0.847     0.481     0.225
 7    -0.355    -0.828     0.435
 8   125.191   -43.766    -3.660
 8     0.598    -0.795     0.105
 8    -0.742    -0.500     0.446
 8    -0.302    -0.344    -0.889
 9   129.756   -60.220   -30.400
 9     0.248    -0.661     0.713
 9    -0.428     0.583     0.687
 9    -0.869    -0.472    -0.141
 2    96.747   -20.028    59.079
 2     0.070    -0.997     0.003
 2     0.997     0.071     0.031
 2    -0.032     0.001     0.999
 3   126.661    -8.072    -5.222
 3     0.625     0.276    -0.731
 3    -0.348     0.935     0.053
 3     0.698     0.221     0.680
 4   106.546     9.801   -12.727
 4     0.545    -0.418     0.727
 4     0.745     0.637    -0.193
 4    -0.383     0.647     0.659
 5   126.474    29.685   -12.827
 5     0.596     0.794    -0.122
 5     0.599    -0.540    -0.592
 5    -0.534     0.281    -0.797
 6   130.532    40.682   -35.399
 6     0.427     0.464     0.782
 6     0.413     0.667    -0.616
 6    -0.805     0.582     0.092
 7   106.991   -25.017    -9.048
 7     0.418     0.304     0.856
 7    -0.851     0.461     0.251
 7    -0.319    -0.834     0.451
 8   124.809   -43.723    -0.396
 8     0.582    -0.788     0.203
 8    -0.798    -0.507     0.324
 8    -0.153    -0.350    -0.924
 9   131.331   -64.453   -22.820
 9     0.323    -0.605     0.733
 9    -0.578     0.485     0.652
 9    -0.749    -0.631    -0.193
 2    96.745   -20.029    59.082
 2     0.071    -0.997     0.004
 2     0.997     0.071     0.031
 2    -0.033     0.001     0.999
 3   126.848    -7.883    -4.963
 3     0.629     0.258    -0.734
 3    -0.334     0.941     0.044
 3     0.702     0.217     0.678
 4   106.941    10.020   -12.613
 4     0.556    -0.483     0.677
 4     0.768     0.609    -0.196
 4    -0.318     0.629     0.709
 5   125.659    31.297    -9.105
 5     0.597     0.802    -0.027
 5     0.673    -0.518    -0.528
 5    -0.437     0.297    -0.849
 6   131.421    45.355   -28.935
 6     0.485     0.423     0.770
 6     0.522     0.566    -0.635
 6    -0.702     0.707     0.055
 7   107.463   -25.428    -8.817
 7     0.448     0.341     0.827
 7    -0.860     0.415     0.295
 7    -0.243    -0.844     0.479
 8   123.946   -43.290     4.100
 8     0.565    -0.754     0.336
 8    -0.824    -0.532     0.193
 8     0.033    -0.385    -0.922
 9   132.789   -68.027   -11.545
 9     0.405    -0.540     0.744
 9    -0.730     0.299     0.611
 9    -0.551    -0.787    -0.270
 2    96.745   -20.029    59.107
 2     0.071    -0.997     0.003
 2     0.997     0.071     0.031
 2    -0.033     0.001     0.999
 3   126.899    -7.982    -4.420
 3     0.625     0.239    -0.745
 3    -0.308     0.950     0.044
 3     0.717     0.201     0.666
 4   107.540    10.100   -12.500
 4     0.567    -0.534     0.629
 4     0.781     0.589    -0.205
 4    -0.261     0.607     0.750
 5   125.821    31.836    -4.344
 5     0.601     0.799     0.025
 5     0.740    -0.544    -0.395
 5    -0.302     0.256    -0.918
 6   133.261    49.820   -20.344
 6     0.542     0.399     0.743
 6     0.653     0.356    -0.666
 6    -0.528     0.845    -0.065
 7   108.171   -25.604    -8.606
 7     0.470     0.380     0.797
 7    -0.863     0.385     0.325
 7    -0.184    -0.841     0.508
 8   123.320   -42.697     6.663
 8     0.530    -0.731     0.432
