% Calibrated with leiden_pols
% Positions are in centimeters
Data =[
 2    96.782   -20.024    59.084
 2     0.045    -0.999     0.002
 2     0.998     0.045     0.033
 2    -0.034     0.000     0.999
 3   130.896    -5.433    -0.538
 3     0.474     0.136    -0.870
 3    -0.311     0.950    -0.022
 3     0.823     0.281     0.492
 4   116.450    11.458   -15.244
 4     0.653    -0.665     0.364
 4     0.751     0.629    -0.198
 4    -0.097     0.402     0.910
 5   129.253    31.915     5.310
 5     0.711    -0.483     0.513
 5     0.374    -0.357    -0.855
 5     0.595     0.799    -0.074
 6   141.076     8.616    10.208
 6     0.348     0.929     0.125
 6    -0.910     0.302     0.283
 6     0.227    -0.212     0.951
 7   117.134   -23.542   -11.339
 7     0.599     0.606     0.525
 7    -0.798     0.390     0.459
 7     0.074    -0.693     0.716
 8   129.692   -41.949     3.425
 8     0.685     0.469     0.558
 8    -0.512    -0.233     0.825
 8     0.517    -0.852     0.080
 9   140.630   -17.221    10.221
 9     0.301    -0.870     0.393
 9     0.912     0.142    -0.381
 9     0.277     0.472     0.837
 2    96.734   -20.024    59.081
 2     0.045    -0.999     0.002
 2     0.998     0.045     0.033
 2    -0.033     0.000     0.999
 3   130.953    -5.437    -0.645
 3     0.480     0.131    -0.867
 3    -0.312     0.949    -0.030
 3     0.819     0.285     0.497
 4   116.368    11.457   -15.190
 4     0.650    -0.666     0.369
 4     0.754     0.626    -0.198
 4    -0.099     0.406     0.908
 5   129.112    31.964     5.444
 5     0.712    -0.471     0.522
 5     0.377    -0.368    -0.849
 5     0.591     0.801    -0.085
 6   141.084     8.732     9.895
 6     0.357     0.927     0.118
 6    -0.910     0.317     0.266
 6     0.211    -0.202     0.956
 7   117.230   -23.644   -11.384
 7     0.600     0.603     0.527
 7    -0.797     0.391     0.460
 7     0.072    -0.695     0.714
 8   129.765   -41.846     3.427
 8     0.689     0.468     0.555
 8    -0.509    -0.233     0.828
 8     0.516    -0.852     0.077
 9   140.561   -17.124    10.088
 9     0.296    -0.870     0.398
 9     0.916     0.139    -0.373
 9     0.270     0.474     0.838
 2    96.734   -20.024    59.081
 2     0.045    -0.999     0.002
 2     0.998     0.045     0.033
 2    -0.033     0.000     0.999
 3   130.910    -5.409    -0.555
 3     0.478     0.127    -0.869
 3    -0.311     0.950    -0.033
 3     0.821     0.286     0.494
 4   116.319    11.459   -15.143
 4     0.647    -0.668     0.370
 4     0.756     0.623    -0.198
 4    -0.098     0.406     0.908
 5   128.982    32.015     5.497
 5     0.712    -0.469     0.525
 5     0.380    -0.370    -0.846
 5     0.590     0.802    -0.086
 6   141.085     8.835     9.942
 6     0.359     0.926     0.118
 6    -0.909     0.318     0.268
 6     0.212    -0.202     0.956
 7   117.255   -23.641   -11.234
 7     0.606     0.600     0.525
 7    -0.792     0.395     0.464
 7     0.072    -0.696     0.713
 8   129.964   -41.902     3.356
 8     0.696     0.464     0.550
 8    -0.508    -0.222     0.831
 8     0.507    -0.858     0.080
 9   140.532   -17.116     9.817
 9     0.280    -0.865     0.417
 9     0.920     0.117    -0.372
 9     0.273     0.487     0.829
 2    96.733   -20.025    59.084
 2     0.046    -0.999     0.002
 2     0.998     0.046     0.033
 2    -0.034     0.000     0.999
 3   130.893    -5.406    -0.491
 3     0.476     0.125    -0.871
 3    -0.309     0.950    -0.034
 3     0.823     0.285     0.490
 4   116.370    11.408   -15.142
 4     0.649    -0.667     0.368
 4     0.755     0.625    -0.198
 4    -0.098     0.406     0.908
 5   129.048    32.037     5.382
 5     0.713    -0.467     0.525
 5     0.383    -0.366    -0.847
 5     0.587     0.805    -0.083
 6   141.173     8.839     9.979
 6     0.357     0.927     0.119
 6    -0.908     0.314     0.273
 6     0.217    -0.205     0.954
 7   117.305   -23.640   -11.158
 7     0.607     0.599     0.524
 7    -0.792     0.395     0.465
 7     0.072    -0.696     0.713
 8   129.958   -41.854     3.364
 8     0.696     0.463     0.550
 8    -0.509    -0.221     0.831
 8     0.505    -0.858     0.081
 9   140.489   -17.114     9.935
 9     0.280    -0.866     0.417
 9     0.919     0.116    -0.374
 9     0.276     0.487     0.828
 2    96.734   -20.024    59.081
 2     0.045    -0.999     0.002
 2     0.998     0.045     0.033
 2    -0.033     0.000     0.999
 3   130.855    -5.404    -0.329
 3     0.471     0.123    -0.874
 3    -0.309     0.950    -0.033
 3     0.826     0.285     0.485
 4   116.451    11.358   -15.070
 4     0.651    -0.667     0.365
 4     0.753     0.626    -0.199
 4    -0.096     0.404     0.909
 5   129.041    32.037     5.439
 5     0.713    -0.464     0.528
 5     0.386    -0.367    -0.845
 5     0.585     0.806    -0.084
 6   141.295     8.969     9.877
 6     0.365     0.924     0.119
 6    -0.906     0.322     0.274
 6     0.216    -0.207     0.954
 7   117.309   -23.638   -11.113
 7     0.607     0.600     0.522
 7    -0.791     0.394     0.466
 7     0.074    -0.696     0.713
 8   129.874   -41.856     3.624
 8     0.701     0.444     0.560
 8    -0.512    -0.233     0.826
 8     0.497    -0.865     0.062
 9   140.776   -17.168     9.456
 9     0.288    -0.856     0.430
 9     0.918     0.118    -0.377
 9     0.272     0.503     0.820
 2    96.735   -20.024    59.081
 2     0.046    -0.999     0.002
 2     0.998     0.046     0.033
 2    -0.033     0.000     0.999
 3   130.806    -5.403    -0.278
 3     0.472     0.123    -0.873
 3    -0.309     0.950    -0.033
 3     0.826     0.285     0.486
 4   116.321    11.409   -15.026
 4     0.651    -0.661     0.376
 4     0.753     0.623    -0.208
 4    -0.096     0.418     0.903
 5   127.868    31.467     6.248
 5     0.707    -0.396     0.588
 5     0.408    -0.450    -0.793
 5     0.578     0.800    -0.158
 6   141.650     9.855     8.438
 6     0.454     0.886     0.095
 6    -0.884     0.434     0.170
 6     0.111    -0.161     0.980
 7   116.939   -23.725   -11.018
 7     0.604     0.589     0.538
 7    -0.795     0.392     0.462
 7     0.061    -0.706     0.704
 8   129.060   -42.014     4.072
 8     0.707     0.375     0.601
 8    -0.523    -0.293     0.799
 8     0.475    -0.879    -0.013
 9   141.027   -18.038     7.053
 9     0.360    -0.802     0.480
 9     0.919     0.214    -0.329
 9     0.162     0.558     0.813
 2    96.734   -20.024    59.081
 2     0.045    -0.999     0.002
 2     0.998     0.046     0.032
 2    -0.033     0.000     0.999
 3   130.778    -5.590    -0.519
 3     0.480     0.131    -0.868
 3    -0.313     0.949    -0.030
 3     0.819     0.286     0.496
 4   116.036    11.463   -14.902
 4     0.639    -0.668     0.385
 4     0.763     0.611    -0.207
 4    -0.097     0.425     0.899
 5   125.901    30.659     8.008
 5     0.694    -0.271     0.668
 5     0.437    -0.578    -0.688
 5     0.571     0.769    -0.284
 6   141.451    12.031     5.868
 6     0.551     0.829     0.099
 6    -0.830     0.556    -0.042
 6    -0.088    -0.058     0.994
 7   116.547   -23.962   -10.931
 7     0.585     0.593     0.554
 7    -0.808     0.375     0.453
 7     0.061    -0.712     0.698
 8   127.746   -41.417     6.698
 8     0.718     0.183     0.672
 8    -0.539    -0.464     0.702
 8     0.439    -0.867    -0.236
 9   140.839   -20.058     2.335
 9     0.469    -0.649     0.604
 9     0.876     0.425    -0.219
 9    -0.114     0.631     0.766
 2    96.734   -20.024    59.081
 2     0.045    -0.999     0.002
 2     0.998     0.046     0.032
 2    -0.033     0.000     0.999
 3   130.675    -5.622    -0.786
 3     0.491     0.136    -0.861
 3    -0.315     0.948    -0.031
 3     0.812     0.286     0.508
 4   115.669    11.539   -14.896
 4     0.627    -0.672     0.394
 4     0.772     0.602    -0.202
 4    -0.101     0.430     0.896
 5   125.885    28.965     9.619
 5     0.738    -0.015     0.674
 5     0.470    -0.706    -0.530
 5     0.483     0.708    -0.514
 6   141.247    14.987     0.919
 6     0.589     0.770     0.249
 6    -0.720     0.638    -0.273
 6    -0.367    -0.017     0.929
 7   116.236   -24.050   -10.899
 7     0.572     0.593     0.568
 7    -0.819     0.367     0.440
 7     0.053    -0.716     0.695
 8   127.304   -40.496     8.764
 8     0.717    -0.107     0.689
 8    -0.601    -0.595     0.533
 8     0.353    -0.796    -0.491
 9   140.441   -25.078    -4.536
 9     0.536    -0.509     0.679
 9     0.721     0.687    -0.053
 9    -0.439     0.518     0.732
 2    96.734   -20.024    59.081
 2     0.045    -0.999     0.002
 2     0.998     0.046     0.032
 2    -0.033     0.000     0.999
 3   130.671    -5.674    -0.856
 3     0.492     0.139    -0.860
 3    -0.317     0.948    -0.029
 3     0.811     0.287     0.510
 4   115.640    11.640   -14.843
 4     0.625    -0.674     0.396
 4     0.774     0.600    -0.201
 4    -0.102     0.431     0.896
 5   126.180    27.524    10.513
 5     0.754     0.178     0.632
 5     0.507    -0.770    -0.388
 5     0.417     0.613    -0.671
 6   139.652    17.816    -1.799
 6     0.550     0.785     0.288
 6    -0.608     0.610    -0.508
 6    -0.573     0.105     0.812
 7   116.146   -24.098   -10.707
 7     0.553     0.610     0.569
 7    -0.830     0.346     0.435
 7     0.068    -0.713     0.697
 8   127.336   -38.875    11.319
 8     0.690    -0.335     0.642
 8    -0.648    -0.680     0.342
 8     0.322    -0.652    -0.686
 9   137.488   -30.720    -8.006
 9     0.467    -0.445     0.767
 9     0.512     0.839     0.174
 9    -0.720     0.313     0.617
 2    96.732   -20.024    59.084
 2     0.045    -0.999     0.002
 2     0.998     0.046     0.033
 2    -0.034     0.000     0.999
 3   130.664    -5.777    -0.998
 3     0.495     0.141    -0.858
 3    -0.316     0.948    -0.027
 3     0.809     0.285     0.513
 4   115.301    11.588   -14.729
 4     0.616    -0.679     0.401
 4     0.780     0.594    -0.193
 4    -0.107     0.432     0.895
 5   126.107    26.131    11.325
 5     0.748     0.345     0.568
 5     0.552    -0.798    -0.243
 5     0.369     0.495    -0.786
 6   137.307    20.485    -3.569
 6     0.503     0.763     0.410
 6    -0.465     0.635    -0.617
 6    -0.729     0.120     0.672
 7   115.171   -24.627   -10.005
 7     0.512     0.626     0.589
 7    -0.854     0.294     0.428
 7     0.095    -0.721     0.685
 8   127.845   -37.353    13.726
 8     0.679    -0.507     0.533
 8    -0.667    -0.727     0.159
 8     0.307    -0.463    -0.831
 9   133.612   -37.684    -9.321
 9     0.314    -0.423     0.852
 9     0.228     0.902     0.363
 9    -0.922     0.083     0.377
 2    96.732   -20.024    59.084
 2     0.045    -0.999     0.002
 2     0.998     0.046     0.033
 2    -0.034     0.000     0.999
 3   130.082    -6.333    -1.725
 3     0.517     0.188    -0.835
 3    -0.302     0.952     0.027
 3     0.801     0.239     0.549
 4   114.246    11.492   -14.400
 4     0.601    -0.689     0.407
 4     0.788     0.594    -0.159
 4    -0.132     0.415     0.899
 5   125.875    25.689    11.512
 5     0.724     0.509     0.467
 5     0.621    -0.774    -0.121
 5     0.300     0.377    -0.875
 6   134.602    24.158    -5.377
 6     0.452     0.728     0.519
 6    -0.302     0.669    -0.678
 6    -0.839     0.149     0.519
 7   112.116   -25.556    -8.163
 7     0.423     0.633     0.650
 7    -0.894     0.171     0.414
 7     0.150    -0.755     0.637
 8   128.218   -35.837    15.930
 8     0.719    -0.586     0.375
 8    -0.635    -0.772     0.011
 8     0.283    -0.245    -0.927
 9   130.097   -43.867    -7.259
 9     0.139    -0.425     0.895
 9    -0.051     0.899     0.433
 9    -0.989    -0.104     0.101
 2    96.732   -20.075    59.084
 2     0.045    -0.999     0.002
 2     0.998     0.046     0.033
 2    -0.034     0.000     0.999
 3   129.034    -7.624    -2.446
 3     0.550     0.237    -0.802
 3    -0.279     0.955     0.090
 3     0.787     0.175     0.591
 4   112.836    10.661   -14.023
 4     0.601    -0.682     0.417
 4     0.785     0.601    -0.148
 4    -0.149     0.416     0.896
 5   125.571    23.893    12.278
 5     0.696     0.607     0.385
 5     0.660    -0.750    -0.012
 5     0.282     0.261    -0.922
 6   131.839    25.764    -5.206
 6     0.386     0.707     0.595
 6    -0.149     0.682    -0.715
 6    -0.910     0.187     0.366
 7   110.205   -26.577    -6.723
 7     0.366     0.643     0.673
 7    -0.908     0.088     0.408
 7     0.203    -0.761     0.616
 8   127.240   -35.598    17.473
 8     0.723    -0.612     0.322
 8    -0.626    -0.776    -0.071
 8     0.292    -0.150    -0.944
 9   128.234   -45.845    -5.102
 9     0.068    -0.418     0.906
 9    -0.130     0.896     0.423
 9    -0.989    -0.145     0.005
 2    96.734   -20.024    59.081
 2     0.045    -0.999     0.002
 2     0.998     0.046     0.032
 2    -0.033     0.000     0.999
 3   128.817    -8.541    -2.507
 3     0.549     0.265    -0.793
 3    -0.283     0.951     0.121
 3     0.786     0.158     0.597
 4   113.225    10.319   -13.715
 4     0.620    -0.682     0.390
 4     0.774     0.611    -0.162
 4    -0.128     0.402     0.906
 5   126.361    22.464    12.955
 5     0.689     0.635     0.351
 5     0.659    -0.749     0.062
 5     0.302     0.187    -0.934
 6   131.458    26.599    -4.422
 6     0.359     0.705     0.615
 6    -0.060     0.672    -0.737
 6    -0.932     0.226     0.281
 7   110.323   -26.745    -6.431
 7     0.353     0.658     0.666
 7    -0.908     0.070     0.411
 7     0.224    -0.749     0.622
 8   127.500   -35.203    18.003
 8     0.721    -0.620     0.310
 8    -0.624    -0.775    -0.098
 8     0.301    -0.122    -0.946
 9   128.201   -46.123    -4.352
 9     0.036    -0.419     0.907
 9    -0.151     0.895     0.418
 9    -0.988    -0.151    -0.032
 2    96.732   -20.024    59.084
 2     0.045    -0.999     0.001
 2     0.998     0.045     0.033
 2    -0.034    -0.000     0.999
 3   129.048    -8.433    -2.493
 3     0.550     0.257    -0.795
 3    -0.276     0.954     0.117
 3     0.788     0.155     0.595
 4   113.430    10.462   -13.625
 4     0.614    -0.693     0.380
 4     0.781     0.602    -0.165
 4    -0.114     0.397     0.910
 5   125.875    22.582    13.560
 5     0.657     0.669     0.349
 5     0.681    -0.724     0.106
 5     0.323     0.167    -0.931
 6   130.656    28.311    -3.742
 6     0.370     0.667     0.650
 6     0.006     0.695    -0.717
 6    -0.929     0.268     0.251
 7   110.770   -26.688    -6.495
 7     0.364     0.665     0.653
 7    -0.904     0.081     0.420
 7     0.226    -0.743     0.630
 8   127.850   -35.022    17.994
 8     0.726    -0.611     0.316
 8    -0.616    -0.781    -0.093
 8     0.303    -0.126    -0.944
 9   128.940   -45.991    -4.289
 9     0.041    -0.462     0.886
 9    -0.160     0.872     0.461
 9    -0.986    -0.159    -0.039
 2    96.732   -20.024    59.084
 2     0.045    -0.999     0.002
 2     0.998     0.045     0.033
 2    -0.034     0.000     0.999
 3   129.148    -8.125    -2.400
 3     0.550     0.245    -0.799
 3    -0.272     0.956     0.104
 3     0.789     0.160     0.592
 4   113.395    10.752   -13.474
 4     0.605    -0.702     0.377
 4     0.789     0.590    -0.167
 4    -0.105     0.398     0.911
 5   125.587    22.729    13.726
 5     0.639     0.690     0.342
 5     0.694    -0.707     0.130
 5     0.331     0.153    -0.930
 6   130.240    29.359    -3.321
 6     0.370     0.651     0.666
 6     0.044     0.701    -0.710
 6    -0.928     0.290     0.228
 7   110.928   -26.565    -6.607
 7     0.369     0.666     0.649
 7    -0.903     0.091     0.419
 7     0.220    -0.740     0.635
 8   127.896   -35.186    17.763
 8     0.728    -0.604     0.325
 8    -0.618    -0.783    -0.070
 8     0.296    -0.149    -0.943
 9   129.086   -45.189    -4.929
 9     0.050    -0.463     0.885
 9    -0.114     0.878     0.465
 9    -0.992    -0.123    -0.010
 2    96.732   -20.075    59.084
 2     0.045    -0.999     0.002
 2     0.998     0.046     0.033
 2    -0.034     0.000     0.999
 3   129.286    -7.894    -2.252
 3     0.542     0.234    -0.808
 3    -0.275     0.957     0.092
 3     0.794     0.172     0.582
 4   113.646    10.940   -13.375
 4     0.604    -0.708     0.367
 4     0.791     0.587    -0.171
 4    -0.094     0.393     0.914
 5   125.988    22.691    13.887
 5     0.661     0.656     0.365
 5     0.670    -0.734     0.105
 5     0.336     0.174    -0.925
 6   131.452    28.383    -2.979
 6     0.389     0.662     0.643
 6     0.004     0.695    -0.718
 6    -0.921     0.281     0.265
 7   111.513   -26.460    -6.785
 7     0.385     0.671     0.634
 7    -0.897     0.111     0.427
 7     0.217    -0.733     0.644
 8   128.473   -35.374    17.391
 8     0.742    -0.581     0.335
 8    -0.607    -0.794    -0.031
 8     0.284    -0.179    -0.942
 9   129.589   -43.608    -5.455
 9     0.052    -0.453     0.890
 9    -0.056     0.888     0.455
 9    -0.997    -0.072     0.020
 2    96.732   -20.024    59.109
 2     0.045    -0.999     0.002
 2     0.998     0.045     0.033
 2    -0.034     0.000     0.999
 3   129.606    -7.840    -2.107
 3     0.531     0.229    -0.817
 3    -0.279     0.956     0.085
 3     0.800     0.182     0.571
 4   114.092    10.973   -13.445
 4     0.606    -0.711     0.357
 4     0.791     0.587    -0.174
 4    -0.086     0.387     0.917
 5   126.343    22.505    13.958
 5     0.681     0.627     0.381
 5     0.647    -0.757     0.089
 5     0.343     0.185    -0.920
 6   132.412    26.913    -2.783
 6     0.402     0.683     0.614
 6    -0.055     0.684    -0.726
 6    -0.914     0.257     0.309
 7   112.021   -26.458    -7.013
 7     0.398     0.677     0.620
 7    -0.892     0.128     0.432
 7     0.214    -0.724     0.655
 8   128.841   -35.276    17.262
 8     0.762    -0.543     0.354
 8    -0.583    -0.812     0.008
 8     0.282    -0.212    -0.935
 9   130.532   -40.495    -6.579
 9     0.146    -0.529     0.836
 9     0.099     0.848     0.519
 9    -0.984     0.008     0.174
 2    96.682   -20.075    59.109
 2     0.046    -0.999     0.001
 2     0.998     0.046     0.033
 2    -0.034    -0.000     0.999
 3   129.712    -7.609    -1.898
 3     0.527     0.216    -0.822
 3    -0.279     0.957     0.072
 3     0.803     0.192     0.564
 4   114.258    11.132   -13.361
 4     0.604    -0.717     0.350
 4     0.793     0.583    -0.174
 4    -0.079     0.382     0.920
 5   125.418    23.530    13.814
 5     0.724     0.488     0.488
 5     0.580    -0.812    -0.050
 5     0.372     0.319    -0.871
 6   134.645    23.293    -1.839
 6     0.478     0.713     0.516
 6    -0.258     0.672    -0.693
 6    -0.840     0.197     0.502
 7   112.829   -26.366    -7.134
 7     0.417     0.690     0.592
 7    -0.881     0.146     0.450
 7     0.224    -0.709     0.668
 8   127.415   -36.349    17.217
 8     0.778    -0.386     0.496
 8    -0.525    -0.832     0.177
 8     0.344    -0.398    -0.850
 9   134.587   -33.820    -4.804
 9     0.276    -0.722     0.636
 9     0.401     0.686     0.607
 9    -0.874     0.088     0.477
 2    96.732   -20.024    59.084
 2     0.045    -0.999     0.002
 2     0.998     0.046     0.033
 2    -0.034     0.000     0.999
 3   129.939    -7.405    -1.659
 3     0.523     0.203    -0.828
 3    -0.279     0.958     0.057
 3     0.805     0.201     0.557
 4   114.499    11.327   -13.282
 4     0.601    -0.725     0.336
 4     0.796     0.576    -0.183
 4    -0.061     0.377     0.924
 5   124.665    25.092    13.598
 5     0.752     0.311     0.582
 5     0.518    -0.823    -0.231
 5     0.407     0.475    -0.780
 6   136.884    19.290    -0.386
 6     0.533     0.775     0.344
 6    -0.491     0.611    -0.620
 6    -0.689     0.161     0.705
 7   113.280   -26.251    -7.393
 7     0.441     0.694     0.570
 7    -0.868     0.167     0.467
 7     0.229    -0.700     0.675
 8   125.279   -38.630    15.246
 8     0.750    -0.042     0.660
 8    -0.456    -0.756     0.469
 8     0.479    -0.653    -0.587
 9   138.410   -26.013     1.492
 9     0.400    -0.869     0.294
 9     0.717     0.495     0.491
 9    -0.571     0.014     0.820
 2    96.732   -20.075    59.084
 2     0.045    -0.999     0.002
 2     0.998     0.046     0.033
 2    -0.034     0.000     0.999
 3   130.028    -7.123    -1.461
 3     0.514     0.190    -0.837
 3    -0.281     0.958     0.044
 3     0.810     0.212     0.546
 4   114.894    11.610   -13.092
 4     0.601    -0.733     0.321
 4     0.799     0.564    -0.207
 4    -0.029     0.380     0.924
 5   124.299    28.667    11.836
 5     0.752     0.021     0.658
 5     0.466    -0.724    -0.508
 5     0.465     0.689    -0.555
 6   139.182    15.369     3.121
 6     0.552     0.820     0.151
 6    -0.728     0.561    -0.393
 6    -0.406     0.107     0.907
 7   114.585   -26.044    -8.079
 7     0.467     0.718     0.517
 7    -0.847     0.195     0.493
 7     0.254    -0.668     0.699
 8   124.465   -39.419    14.455
 8     0.685     0.150     0.714
 8    -0.441    -0.694     0.568
 8     0.580    -0.704    -0.410
 9   139.285   -23.437     5.393
 9     0.438    -0.869     0.229
 9     0.811     0.491     0.316
 9    -0.387     0.047     0.920
 2    96.735   -20.074    59.081
 2     0.046    -0.999     0.001
 2     0.998     0.046     0.032
 2    -0.033    -0.000     0.999
 3   130.420    -6.936    -1.174
 3     0.495     0.175    -0.851
 3    -0.283     0.958     0.032
 3     0.822     0.224     0.523
 4   115.524    11.780   -13.022
 4     0.607    -0.736     0.301
 4     0.795     0.564    -0.221
 4    -0.007     0.373     0.927
 5   125.188    30.666     9.947
 5     0.749    -0.081     0.658
 5     0.477    -0.623    -0.619
 5     0.459     0.778    -0.429
 6   139.555    13.638     4.774
 6     0.497     0.825     0.274
 6    -0.833     0.539    -0.115
 6    -0.240    -0.170     0.955
 7   115.304   -25.820    -8.970
 7     0.495     0.708     0.505
 7    -0.837     0.231     0.495
 7     0.234    -0.667     0.707
 8   125.175   -41.210    11.042
 8     0.674     0.245     0.698
 8    -0.481    -0.571     0.664
 8     0.560    -0.783    -0.268
 9   139.468   -21.307     7.247
 9     0.443    -0.845     0.304
 9     0.889     0.455    -0.026
 9    -0.115     0.281     0.952
 2    96.682   -20.075    59.109
 2     0.046    -0.999     0.001
 2     0.998     0.046     0.033
 2    -0.034    -0.000     0.999
 3   130.579    -6.749    -0.980
 3     0.467     0.169    -0.868
 3    -0.286     0.957     0.032
 3     0.837     0.234     0.495
 4   116.287    11.974   -13.305
 4     0.619    -0.738     0.270
 4     0.785     0.574    -0.231
 4     0.016     0.354     0.935
 5   126.754    32.641     7.454
 5     0.752    -0.230     0.618
 5     0.465    -0.479    -0.744
 5     0.466     0.847    -0.255
 6   140.571    12.061     6.748
 6     0.444     0.837     0.324
 6    -0.896     0.413     0.156
 6    -0.000    -0.359     0.932
 7   116.073   -25.463    -9.602
 7     0.514     0.713     0.478
 7    -0.827     0.264     0.496
 7     0.228    -0.649     0.725
 8   125.908   -41.850     9.617
 8     0.636     0.392     0.665
 8    -0.481    -0.472     0.738
 8     0.603    -0.789    -0.113
 9   139.460   -19.298    10.811
 9     0.427    -0.853     0.304
 9     0.900     0.365    -0.235
 9     0.091     0.373     0.923
 2    96.684   -20.024    59.081
 2     0.045    -0.999     0.001
 2     0.998     0.046     0.032
 2    -0.033    -0.000     0.999
 3   130.876    -6.791    -0.662
 3     0.445     0.167    -0.880
 3    -0.286     0.957     0.036
 3     0.848     0.236     0.474
 4   117.130    11.814   -13.385
 4     0.632    -0.739     0.234
 4     0.774     0.586    -0.240
 4     0.040     0.332     0.942
 5   128.233    32.995     6.512
 5     0.746    -0.325     0.583
 5     0.459    -0.384    -0.801
 5     0.482     0.864    -0.138
 6   141.438    11.267     8.545
 6     0.406     0.876     0.265
 6    -0.904     0.340     0.254
 6     0.135    -0.342     0.930
 7   116.413   -25.565    -9.799
 7     0.518     0.714     0.473
 7    -0.825     0.271     0.495
 7     0.225    -0.646     0.729
 8   126.429   -42.112     9.129
 8     0.640     0.403     0.655
 8    -0.484    -0.451     0.749
 8     0.597    -0.796    -0.094
 9   139.849   -19.306    10.558
 9     0.420    -0.858     0.298
 9     0.901     0.354    -0.248
 9     0.109     0.371     0.922
 2    96.733   -20.075    59.084
 2     0.046    -0.999     0.002
 2     0.998     0.046     0.033
 2    -0.034     0.000     0.999
 3   130.935    -6.868    -0.621
 3     0.440     0.169    -0.882
 3    -0.289     0.956     0.039
 3     0.850     0.237     0.470
 4   117.280    11.711   -13.432
 4     0.635    -0.737     0.232
 4     0.772     0.589    -0.238
 4     0.039     0.330     0.943
 5   128.235    33.108     6.277
 5     0.752    -0.304     0.586
 5     0.466    -0.383    -0.796
 5     0.466     0.872    -0.148
 6   141.510    11.343     8.272
 6     0.407     0.874     0.270
 6    -0.904     0.341     0.255
 6     0.133    -0.347     0.928
 7   116.502   -25.470   -10.032
 7     0.531     0.701     0.478
 7    -0.821     0.286     0.493
 7     0.209    -0.654     0.726
 8   126.713   -42.122     8.623
 8     0.649     0.396     0.651
 8    -0.488    -0.439     0.753
 8     0.583    -0.806    -0.092
 9   139.977   -19.225    10.062
 9     0.415    -0.859     0.305
 9     0.903     0.346    -0.252
 9     0.112     0.378     0.918
 2    96.682   -20.025    59.109
 2     0.046    -0.999     0.001
 2     0.998     0.046     0.033
 2    -0.034    -0.000     0.999
 3   130.878    -6.743    -0.618
 3     0.441     0.165    -0.882
 3    -0.290     0.956     0.033
 3     0.849     0.241     0.469
 4   117.130    11.941   -13.360
 4     0.632    -0.739     0.234
 4     0.774     0.586    -0.239
 4     0.040     0.332     0.942
 5   127.927    33.395     6.537
 5     0.745    -0.311     0.592
 5     0.470    -0.385    -0.793
 5     0.473     0.869    -0.142
 6   141.330    11.750     8.543
 6     0.412     0.875     0.257
 6    -0.901     0.348     0.253
 6     0.134    -0.335     0.932
 7   116.689   -25.238    -9.958
 7     0.529     0.711     0.466
 7    -0.821     0.287     0.493
 7     0.217    -0.642     0.734
 8   126.050   -41.806     9.169
 8     0.616     0.417     0.670
 8    -0.493    -0.458     0.738
 8     0.614    -0.785    -0.077
 9   139.760   -19.274    11.116
 9     0.430    -0.859     0.280
 9     0.894     0.363    -0.257
 9     0.121     0.359     0.925
 2    96.732   -20.024    59.084
 2     0.045    -0.999     0.002
 2     0.998     0.046     0.033
 2    -0.034     0.000     0.999
 3   130.984    -6.612    -0.531
 3     0.440     0.154    -0.885
 3    -0.287     0.957     0.024
 3     0.851     0.243     0.465
 4   117.339    12.133   -13.171
 4     0.627    -0.747     0.222
 4     0.777     0.579    -0.246
 4     0.055     0.327     0.943
 5   127.692    33.786     6.375
 5     0.731    -0.324     0.602
 5     0.485    -0.373    -0.790
 5     0.479     0.869    -0.117
 6   141.349    12.301     9.000
 6     0.414     0.880     0.235
 6    -0.896     0.349     0.270
 6     0.158    -0.321     0.933
 7   116.845   -25.237    -9.942
 7     0.526     0.714     0.463
 7    -0.821     0.286     0.493
 7     0.220    -0.639     0.736
 8   125.935   -41.934     9.231
 8     0.609     0.420     0.675
 8    -0.497    -0.461     0.734
 8     0.618    -0.782    -0.072
 9   139.714   -19.452    11.293
 9     0.435    -0.858     0.276
 9     0.892     0.368    -0.258
 9     0.122     0.357     0.926
 2    96.734   -20.024    59.081
 2     0.045    -0.999     0.002
 2     0.998     0.046     0.032
 2    -0.033     0.000     0.999
 3   131.038    -6.611    -0.512
 3     0.438     0.154    -0.886
 3    -0.287     0.957     0.024
 3     0.852     0.244     0.463
 4   117.506    12.139   -13.138
 4     0.628    -0.748     0.216
 4     0.775     0.579    -0.250
 4     0.062     0.324     0.944
 5   127.668    33.769     6.627
 5     0.728    -0.333     0.601
 5     0.481    -0.376    -0.791
 5     0.488     0.865    -0.115
 6   141.248    12.172     9.347
 6     0.410     0.885     0.222
 6    -0.898     0.349     0.266
 6     0.160    -0.307     0.938
 7   116.844   -25.237    -9.942
 7     0.526     0.715     0.462
 7    -0.822     0.286     0.492
 7     0.220    -0.637     0.738
 8   125.846   -41.908     9.266
 8     0.604     0.424     0.677
 8    -0.498    -0.462     0.733
 8     0.622    -0.779    -0.069
 9   139.665   -19.453    11.446
 9     0.435    -0.859     0.273
 9     0.892     0.369    -0.257
 9     0.122     0.355     0.927
];