% Calibrated with leiden_pols
% Positions are in centimeters
Data =[
 2    96.782   -20.024    59.084
 2     0.045    -0.999     0.002
 2     0.998     0.045     0.033
 2    -0.034     0.000     0.999
 3   130.896    -5.433    -0.538
 3     0.474     0.136    -0.870
 3    -0.311     0.950    -0.022
 3     0.823     0.281     0.492
 4   116.450    11.458   -15.244
 4     0.653    -0.665     0.364
 4     0.751     0.629    -0.198
 4    -0.097     0.402     0.910
 5   129.253    31.915     5.310
 5     0.711    -0.483     0.513
 5     0.374    -0.357    -0.855
 5     0.595     0.799    -0.074
 6   141.076     8.616    10.208
 6     0.348     0.929     0.125
 6    -0.910     0.302     0.283
 6     0.227    -0.212     0.951
 7   117.134   -23.542   -11.339
 7     0.599     0.606     0.525
 7    -0.798     0.390     0.459
 7     0.074    -0.693     0.716
 8   129.692   -41.949     3.425
 8     0.685     0.469     0.558
 8    -0.512    -0.233     0.825
 8     0.517    -0.852     0.080
 9   140.630   -17.221    10.221
 9     0.301    -0.870     0.393
 9     0.912     0.142    -0.381
 9     0.277     0.472     0.837
 2    96.734   -20.024    59.081
 2     0.045    -0.999     0.002
 2     0.998     0.045     0.033
 2    -0.033     0.000     0.999
 3   130.953    -5.437    -0.645
 3     0.480     0.131    -0.867
 3    -0.312     0.949    -0.030
 3     0.819     0.285     0.497
 4   116.368    11.457   -15.190
 4     0.650    -0.666     0.369
 4     0.754     0.626    -0.198
 4    -0.099     0.406     0.908
 5   129.112    31.964     5.444
 5     0.712    -0.471     0.522
 5     0.377    -0.368    -0.849
 5     0.591     0.801    -0.085
 6   141.084     8.732     9.895
 6     0.357     0.927     0.118
 6    -0.910     0.317     0.266
 6     0.211    -0.202     0.956
 7   117.230   -23.644   -11.384
 7     0.600     0.603     0.527
 7    -0.797     0.391     0.460
 7     0.072    -0.695     0.714
 8   129.765   -41.846     3.427
 8     0.689     0.468     0.555
 8    -0.509    -0.233     0.828
 8     0.516    -0.852     0.077
 9   140.561   -17.124    10.088
 9     0.296    -0.870     0.398
 9     0.916     0.139    -0.373
 9     0.270     0.474     0.838
 2    96.734   -20.024    59.081
 2     0.045    -0.999     0.002
 2     0.998     0.045     0.033
 2    -0.033     0.000     0.999
 3   130.910    -5.409    -0.555
 3     0.478     0.127    -0.869
 3    -0.311     0.950    -0.033
 3     0.821     0.286     0.494
 4   116.319    11.459   -15.143
 4     0.647    -0.668     0.370
 4     0.756     0.623    -0.198
 4    -0.098     0.406     0.908
 5   128.982    32.015     5.497
 5     0.712    -0.469     0.525
 5     0.380    -0.370    -0.846
 5     0.590     0.802    -0.086
 6   141.085     8.835     9.942
 6     0.359     0.926     0.118
 6    -0.909     0.318     0.268
 6     0.212    -0.202     0.956
 7   117.255   -23.641   -11.234
 7     0.606     0.600     0.525
 7    -0.792     0.395     0.464
 7     0.072    -0.696     0.713
 8   129.964   -41.902     3.356
 8     0.696     0.464     0.550
 8    -0.508    -0.222     0.831
 8     0.507    -0.858     0.080
 9   140.532   -17.116     9.817
 9     0.280    -0.865     0.417
 9     0.920     0.117    -0.372
 9     0.273     0.487     0.829
 2    96.733   -20.025    59.084
 2     0.046    -0.999     0.002
 2     0.998     0.046     0.033
 2    -0.034     0.000     0.999
 3   130.893    -5.406    -0.491
 3     0.476     0.125    -0.871
 3    -0.309     0.950    -0.034
 3     0.823     0.285     0.490
 4   116.370    11.408   -15.142
 4     0.649    -0.667     0.368
 4     0.755     0.625    -0.198
 4    -0.098     0.406     0.908
 5   129.048    32.037     5.382
 5     0.713    -0.467     0.525
 5     0.383    -0.366    -0.847
 5     0.587     0.805    -0.083
 6   141.173     8.839     9.979
 6     0.357     0.927     0.119
 6    -0.908     0.314     0.273
 6     0.217    -0.205     0.954
 7   117.305   -23.640   -11.158
 7     0.607     0.599     0.524
 7    -0.792     0.395     0.465
 7     0.072    -0.696     0.713
 8   129.958   -41.854     3.364
 8     0.696     0.463     0.550
 8    -0.509    -0.221     0.831
 8     0.505    -0.858     0.081
 9   140.489   -17.114     9.935
 9     0.280    -0.866     0.417
 9     0.919     0.116    -0.374
 9     0.276     0.487     0.828
 2    96.734   -20.024    59.081
 2     0.045    -0.999     0.002
 2     0.998     0.045     0.033
 2    -0.033     0.000     0.999
 3   130.855    -5.404    -0.329
 3     0.471     0.123    -0.874
 3    -0.309     0.950    -0.033
 3     0.826     0.285     0.485
 4   116.451    11.358   -15.070
 4     0.651    -0.667     0.365
 4     0.753     0.626    -0.199
 4    -0.096     0.404     0.909
 5   129.041    32.037     5.439
 5     0.713    -0.464     0.528
 5     0.386    -0.367    -0.845
 5     0.585     0.806    -0.084
 6   141.295     8.969     9.877
 6     0.365     0.924     0.119
 6    -0.906     0.322     0.274
 6     0.216    -0.207     0.954
 7   117.309   -23.638   -11.113
 7     0.607     0.600     0.522
 7    -0.791     0.394     0.466
 7     0.074    -0.696     0.713
 8   129.874   -41.856     3.624
 8     0.701     0.444     0.560
 8    -0.512    -0.233     0.826
 8     0.497    -0.865     0.062
 9   140.776   -17.168     9.456
 9     0.288    -0.856     0.430
 9     0.918     0.118    -0.377
 9     0.272     0.503     0.820
 2    96.735   -20.024    59.081
 2     0.046    -0.999     0.002
 2     0.998     0.046     0.033
 2    -0.033     0.000     0.999
 3   130.806    -5.403    -0.278
 3     0.472     0.123    -0.873
 3    -0.309     0.950    -0.033
 3     0.826     0.285     0.486
 4   116.321    11.409   -15.026
 4     0.651    -0.661     0.376
 4     0.753     0.623    -0.208
 4    -0.096     0.418     0.903
 5   127.868    31.467     6.248
 5     0.707    -0.396     0.588
 5     0.408    -0.450    -0.793
 5     0.578     0.800    -0.158
 6   141.650     9.855     8.438
 6     0.454     0.886     0.095
 6    -0.884     0.434     0.170
 6     0.111    -0.161     0.980
 7   116.939   -23.725   -11.018
 7     0.604     0.589     0.538
 7    -0.795     0.392     0.462
 7     0.061    -0.706     0.704
 8   129.060   -42.014     4.072
 8     0.707     0.375     0.601
 8    -0.523    -0.293     0.799
 8     0.475    -0.879    -0.013
 9   141.027   -18.038     7.053
 9     0.360    -0.802     0.480
 9     0.919     0.214    -0.329
 9     0.162     0.558     0.813
 2    96.734   -20.024    59.081
 2     0.045    -0.999     0.002
 2     0.998     0.046     0.032
 2    -0.033     0.000     0.999
 3   130.778    -5.590    -0.519
 3     0.480     0.131    -0.868
 3    -0.313     0.949    -0.030
 3     0.819     0.286     0.496
 4   116.036    11.463   -14.902
 4     0.639    -0.668     0.385
 4     0.763     0.611    -0.207
 4    -0.097     0.425     0.899
 5   125.901    30.659     8.008
 5     0.694    -0.271     0.668
 5     0.437    -0.578    -0.688
 5     0.571     0.769    -0.284
 6   141.451    12.031     5.868
 6     0.551     0.829     0.099
 6    -0.830     0.556    -0.042
 6    -0.088    -0.058     0.994
 7   116.547   -23.962   -10.931
 7     0.585     0.593     0.554
 7    -0.808     0.375     0.453
 7     0.061    -0.712     0.698
 8   127.746   -41.417     6.698
 8     0.718     0.183     0.672
 8    -0.539    -0.464     0.702
 8     0.439    -0.867    -0.236
 9   140.839   -20.058     2.335
 9     0.469    -0.649     0.604
 9     0.876     0.425    -0.219
 9    -0.114     0.631     0.766
 2    96.734   -20.024    59.081
 2     0.045    -0.999     0.002
 2     0.998     0.046     0.032
 2    -0.033     0.000     0.999
 3   130.675    -5.622    -0.786
 3     0.491     0.136    -0.861
 3    -0.315     0.948    -0.031
 3     0.812     0.286     0.508
 4   115.669    11.539   -14.896
 4     0.627    -0.672     0.394
 4     0.772     0.602    -0.202
 4    -0.101     0.430     0.896
 5   125.885    28.965     9.619
 5     0.738    -0.015     0.674
 5     0.470    -0.706    -0.530
 5     0.483     0.708    -0.514
