% Calibrated with leiden_pols
% Positions are in centimeters
Data =[
 2    96.742   -20.028    59.082
 2     0.063    -0.998     0.002
 2     0.997     0.063     0.033
 2    -0.033    -0.000     0.999
 3   130.439    -5.108     0.679
 3     0.518     0.071    -0.852
 3    -0.271     0.958    -0.086
 3     0.811     0.275     0.516
 4   115.562    13.827    -9.927
 4     0.528    -0.823     0.208
 4     0.838     0.466    -0.283
 4     0.136     0.323     0.936
 5   122.203    23.448    20.595
 5     0.536    -0.486     0.692
 5     0.053    -0.797    -0.601
 5     0.842     0.358    -0.401
 6   140.024     5.655    23.037
 6     0.629     0.319    -0.713
 6    -0.777     0.275    -0.564
 6     0.018     0.907     0.417
 7   116.342   -25.646    -7.590
 7     0.315     0.913     0.259
 7    -0.849     0.149     0.507
 7     0.424    -0.380     0.822
 8   121.066   -28.266    22.167
 8     0.476     0.453     0.755
 8     0.049    -0.870     0.490
 8     0.878    -0.196    -0.435
 9   139.194   -13.925    17.453
 9     0.634    -0.741    -0.225
 9     0.714     0.451     0.533
 9    -0.296    -0.498     0.815
 2    96.740   -20.079    59.085
 2     0.063    -0.998     0.002
 2     0.997     0.063     0.033
 2    -0.034    -0.001     0.999
 3   130.391    -5.058     0.774
 3     0.515     0.070    -0.854
 3    -0.272     0.958    -0.086
 3     0.812     0.277     0.512
 4   115.700    13.933    -9.839
 4     0.530    -0.823     0.204
 4     0.836     0.467    -0.286
 4     0.141     0.322     0.936
 5   122.163    23.450    20.659
 5     0.533    -0.488     0.693
 5     0.051    -0.797    -0.600
 5     0.844     0.355    -0.400
 6   139.967     5.680    23.213
 6     0.630     0.312    -0.715
 6    -0.776     0.268    -0.568
 6     0.017     0.911     0.407
 7   116.337   -25.547    -7.536
 7     0.313     0.915     0.255
 7    -0.850     0.150     0.504
 7     0.423    -0.375     0.825
 8   120.991   -28.242    22.218
 8     0.475     0.452     0.756
 8     0.048    -0.870     0.489
 8     0.878    -0.196    -0.434
 9   139.149   -13.872    17.550
 9     0.635    -0.739    -0.226
 9     0.714     0.451     0.533
 9    -0.294    -0.500     0.815
 2    96.740   -20.028    59.084
 2     0.063    -0.998     0.002
 2     0.997     0.063     0.033
 2    -0.034    -0.000     0.999
 3   130.404    -5.005     0.886
 3     0.510     0.070    -0.857
 3    -0.273     0.958    -0.085
 3     0.815     0.277     0.507
 4   115.755    13.960    -9.818
 4     0.530    -0.824     0.201
 4     0.836     0.467    -0.287
 4     0.143     0.320     0.936
 5   122.097    23.453    20.800
 5     0.530    -0.489     0.694
 5     0.050    -0.798    -0.599
 5     0.846     0.352    -0.398
 6   139.913     5.679    23.239
 6     0.630     0.309    -0.716
 6    -0.776     0.265    -0.570
 6     0.016     0.913     0.403
 7   116.334   -25.523    -7.482
 7     0.312     0.916     0.253
 7    -0.851     0.151     0.503
 7     0.422    -0.372     0.826
 8   120.941   -28.243    22.243
 8     0.476     0.454     0.756
 8     0.047    -0.869     0.490
 8     0.878    -0.197    -0.434
 9   139.123   -13.821    17.601
 9     0.634    -0.740    -0.226
 9     0.715     0.451     0.533
 9    -0.294    -0.499     0.815
 2    96.740   -20.028    59.085
 2     0.063    -0.998     0.001
 2     0.997     0.063     0.033
 2    -0.034    -0.001     0.999
 3   130.350    -5.058     0.892
 3     0.511     0.071    -0.856
 3    -0.274     0.958    -0.084
 3     0.814     0.277     0.509
 4   115.678    13.932    -9.816
 4     0.533    -0.822     0.202
 4     0.834     0.470    -0.289
 4     0.142     0.322     0.936
 5   122.097    23.453    20.800
 5     0.530    -0.488     0.695
 5     0.050    -0.798    -0.599
 5     0.846     0.352    -0.398
 6   139.910     5.679    23.241
 6     0.631     0.309    -0.716
 6    -0.775     0.264    -0.571
 6     0.015     0.913     0.402
 7   116.211   -25.548    -7.532
 7     0.313     0.914     0.257
 7    -0.851     0.149     0.503
 7     0.422    -0.376     0.825
 8   120.939   -28.192    22.225
 8     0.477     0.449     0.757
 8     0.047    -0.872     0.486
 8     0.877    -0.195    -0.436
 9   139.124   -13.872    17.601
 9     0.635    -0.740    -0.226
 9     0.714     0.451     0.533
 9    -0.294    -0.499     0.815
 2    96.740   -20.028    59.085
 2     0.063    -0.998     0.001
 2     0.997     0.063     0.033
 2    -0.034    -0.001     0.999
 3   130.392    -5.057     0.622
 3     0.517     0.071    -0.853
 3    -0.271     0.958    -0.085
 3     0.812     0.275     0.514
 4   115.669    13.928    -9.882
 4     0.535    -0.820     0.205
 4     0.833     0.472    -0.287
 4     0.138     0.324     0.936
 5   122.117    23.453    20.653
 5     0.531    -0.486     0.696
 5     0.053    -0.799    -0.597
 5     0.845     0.354    -0.398
 6   139.915     5.731    23.160
 6     0.631     0.309    -0.716
 6    -0.775     0.266    -0.570
 6     0.017     0.913     0.404
 7   116.161   -25.646    -7.580
 7     0.319     0.911     0.264
 7    -0.849     0.150     0.506
 7     0.421    -0.385     0.821
 8   120.980   -28.193    22.187
 8     0.481     0.446     0.757
 8     0.049    -0.873     0.483
 8     0.875    -0.195    -0.440
 9   139.123   -13.821    17.549
 9     0.634    -0.740    -0.226
 9     0.715     0.451     0.532
 9    -0.294    -0.498     0.815
 2    96.740   -20.028    59.085
 2     0.063    -0.998     0.002
 2     0.997     0.063     0.033
 2    -0.034    -0.001     0.999
 3   130.387    -5.107     0.330
 3     0.521     0.076    -0.850
 3    -0.268     0.960    -0.079
 3     0.810     0.269     0.521
 4   115.605    13.923    -9.992
 4     0.536    -0.818     0.209
 4     0.833     0.474    -0.283
 4     0.132     0.326     0.936
 5   122.203    23.449    20.468
 5     0.537    -0.483     0.693
 5     0.055    -0.798    -0.598
 5     0.842     0.359    -0.401
 6   140.014     5.730    23.036
 6     0.631     0.310    -0.715
 6    -0.775     0.266    -0.570
 6     0.016     0.913     0.405
 7   115.964   -25.657    -7.776
 7     0.315     0.911     0.268
 7    -0.855     0.149     0.496
 7     0.412    -0.385     0.825
 8   120.618   -28.060    22.058
 8     0.482     0.429     0.766
 8     0.051    -0.885     0.462
 8     0.875    -0.183    -0.447
 9   138.991   -14.198    17.298
 9     0.646    -0.737    -0.200
 9     0.696     0.462     0.548
 9    -0.312    -0.492     0.812
 2    96.740   -20.028    59.084
 2     0.063    -0.998     0.003
 2     0.997     0.063     0.033
 2    -0.034     0.000     0.999
 3   130.292    -5.184     0.284
 3     0.522     0.088    -0.849
 3    -0.268     0.961    -0.065
 3     0.810     0.261     0.525
 4   115.673    13.817   -10.075
 4     0.538    -0.819     0.201
 4     0.833     0.480    -0.273
 4     0.127     0.314     0.940
 5   121.358    22.743    20.603
 5     0.529    -0.422     0.739
 5     0.066    -0.845    -0.528
 5     0.846     0.328    -0.419
 6   140.479     7.379    22.709
 6     0.704     0.293    -0.651
 6    -0.709     0.245    -0.659
 6    -0.031     0.924     0.376
 7   116.110   -25.740    -7.682
 7     0.302     0.919     0.252
 7    -0.859     0.148     0.490
 7     0.414    -0.364     0.834
 8   119.971   -27.465    22.202
 8     0.465     0.369     0.806
 8     0.036    -0.916     0.397
 8     0.884    -0.154    -0.438
 9   139.364   -16.681    17.735
 9     0.732    -0.677    -0.079
 9     0.566     0.540     0.623
 9    -0.379    -0.500     0.778
 2    96.740   -20.028    59.084
 2     0.063    -0.998     0.002
 2     0.997     0.063     0.033
 2    -0.034    -0.000     0.999
 3   130.290    -5.284     0.541
 3     0.512     0.097    -0.854
 3    -0.271     0.961    -0.054
 3     0.815     0.258     0.518
 4   115.829    13.692   -10.073
 4     0.533    -0.824     0.192
 4     0.836     0.479    -0.267
 4     0.128     0.302     0.944
 5   120.364    21.513    21.062
 5     0.529    -0.297     0.796
 5     0.099    -0.909    -0.402
 5     0.842     0.291    -0.452
 6   140.994    10.682    22.129
 6     0.811     0.291    -0.513
 6    -0.575     0.234    -0.782
 6    -0.105     0.927     0.353
 7   116.333   -25.835    -7.644
 7     0.296     0.925     0.239
 7    -0.856     0.145     0.497
 7     0.425    -0.352     0.834
 8   119.471   -27.048    22.419
 8     0.449     0.309     0.839
 8     0.022    -0.942     0.333
 8     0.893    -0.130    -0.429
 9   139.847   -18.575    18.408
 9     0.815    -0.580     0.021
 9     0.437     0.637     0.634
 9    -0.380    -0.507     0.773
 2    96.740   -20.028    59.084
 2     0.063    -0.998     0.003
 2     0.997     0.063     0.033
 2    -0.034     0.000     0.999
 3   130.261    -5.278     0.743
 3     0.505     0.097    -0.858
 3    -0.269     0.962    -0.050
 3     0.820     0.256     0.511
 4   115.783    13.645   -10.026
 4     0.526    -0.830     0.187
 4     0.840     0.473    -0.264
 4     0.130     0.295     0.946
 5   119.769    20.821    21.286
 5     0.539    -0.200     0.819
 5     0.137    -0.938    -0.317
 5     0.831     0.282    -0.478
 6   140.997    13.844    21.190
 6     0.878     0.313    -0.367
 6    -0.445     0.248    -0.860
 6    -0.178     0.916     0.354
 7   116.337   -25.783    -7.549
 7     0.295     0.926     0.236
 7    -0.855     0.145     0.498
 7     0.427    -0.349     0.834
 8   119.220   -26.599    22.424
 8     0.450     0.252     0.857
 8     0.000    -0.960     0.280
 8     0.893    -0.124    -0.432
 9   140.392   -21.996    18.177
 9     0.868    -0.482     0.128
 9     0.272     0.672     0.687
 9    -0.416    -0.562     0.715
 2    96.690   -20.029    59.085
 2     0.063    -0.998     0.002
 2     0.997     0.063     0.033
 2    -0.034    -0.001     0.999
 3   130.167    -5.328     0.764
 3     0.504     0.098    -0.858
 3    -0.268     0.962    -0.048
 3     0.821     0.254     0.511
 4   115.733    13.648   -10.080
 4     0.522    -0.833     0.188
 4     0.843     0.469    -0.264
 4     0.131     0.296     0.946
 5   119.146    20.245    21.431
 5     0.534    -0.088     0.842
 5     0.187    -0.958    -0.216
 5     0.825     0.272    -0.494
 6   140.763    17.175    20.616
 6     0.931     0.300    -0.212
 6    -0.298     0.295    -0.908
 6    -0.209     0.907     0.361
 7   116.352   -25.780    -7.395
 7     0.289     0.929     0.229
 7    -0.853     0.141     0.502
 7     0.434    -0.340     0.834
 8   119.130   -26.198    22.534
 8     0.442     0.199     0.875
 8    -0.020    -0.973     0.229
 8     0.896    -0.117    -0.425
 9   141.062   -26.594    18.979
 9     0.907    -0.365     0.214
 9     0.081     0.644     0.759
 9    -0.413    -0.672     0.615
 2    96.740   -20.028    59.085
 2     0.063    -0.998     0.001
 2     0.997     0.063     0.033
 2    -0.034    -0.001     0.999
 3   130.151    -5.324     0.855
 3     0.502     0.096    -0.860
 3    -0.265     0.963    -0.047
 3     0.823     0.251     0.508
 4   115.736    13.573   -10.153
 4     0.518    -0.837     0.180
 4     0.845     0.468    -0.257
 4     0.131     0.285     0.949
 5   119.075    19.758    21.440
 5     0.529    -0.024     0.849
 5     0.208    -0.966    -0.155
 5     0.823     0.258    -0.505
 6   140.626    20.430    20.451
 6     0.960     0.274    -0.061
 6    -0.141     0.290    -0.947
 6    -0.241     0.917     0.315
 7   116.515   -25.890    -7.520
 7     0.278     0.937     0.212
 7    -0.857     0.143     0.494
 7     0.433    -0.319     0.843
 8   119.375   -25.756    22.466
 8     0.439     0.189     0.879
 8    -0.013    -0.976     0.215
 8     0.898    -0.104    -0.425
 9   141.391   -29.924    19.873
 9     0.916    -0.283     0.288
 9    -0.073     0.583     0.807
 9    -0.395    -0.761     0.515
 2    96.740   -20.028    59.085
 2     0.063    -0.998     0.002
 2     0.997     0.063     0.033
 2    -0.034    -0.001     0.999
 3   130.207    -5.275     0.706
 3     0.512     0.099    -0.853
 3    -0.261     0.964    -0.046
 3     0.818     0.246     0.520
 4   115.650    13.570   -10.243
 4     0.514    -0.839     0.182
 4     0.848     0.464    -0.252
 4     0.127     0.283     0.950
 5   118.853    19.372    21.497
 5     0.525     0.060     0.849
 5     0.242    -0.967    -0.080
 5     0.816     0.248    -0.521
 6   139.722    23.909    20.475
 6     0.969     0.233     0.085
 6     0.014     0.293    -0.956
 6    -0.247     0.927     0.280
 7   116.586   -25.883    -7.526
 7     0.276     0.939     0.206
 7    -0.853     0.140     0.502
 7     0.442    -0.315     0.840
 8   119.188   -25.404    22.448
 8     0.432     0.131     0.892
 8    -0.032    -0.987     0.159
 8     0.901    -0.096    -0.422
 9   140.648   -33.794    20.566
 9     0.897    -0.218     0.386
 9    -0.225     0.524     0.819
 9    -0.380    -0.823     0.423
 2    96.740   -20.028    59.085
 2     0.063    -0.998     0.002
 2     0.997     0.063     0.033
 2    -0.034    -0.001     0.999
 3   130.139    -5.276     0.556
 3     0.522     0.102    -0.847
 3    -0.257     0.965    -0.043
 3     0.813     0.240     0.530
 4   115.546    13.596   -10.292
 4     0.511    -0.839     0.183
 4     0.850     0.463    -0.251
 4     0.126     0.284     0.950
 5   118.670    19.040    21.567
 5     0.515     0.118     0.849
 5     0.259    -0.966    -0.022
 5     0.817     0.231    -0.528
 6   138.836    27.028    21.211
 6     0.960     0.183     0.214
 6     0.162     0.258    -0.952
 6    -0.229     0.948     0.218
 7   116.601   -25.937    -7.434
 7     0.271     0.941     0.203
 7    -0.841     0.130     0.525
 7     0.467    -0.313     0.826
 8   119.513   -25.369    22.683
 8     0.445     0.094     0.891
 8    -0.050    -0.991     0.127
 8     0.894    -0.100    -0.436
 9   139.986   -36.833    20.931
 9     0.855    -0.212     0.476
 9    -0.347     0.447     0.822
 9    -0.384    -0.869     0.311
 2    96.690   -20.029    59.085
 2     0.063    -0.998     0.002
 2     0.997     0.063     0.033
 2    -0.034    -0.001     0.999
 3   130.066    -5.274     0.557
 3     0.524     0.102    -0.845
 3    -0.253     0.966    -0.041
 3     0.813     0.235     0.532
 4   115.548    13.571   -10.295
 4     0.511    -0.840     0.184
 4     0.850     0.462    -0.252
 4     0.127     0.285     0.950
 5   118.543    18.752    21.546
 5     0.507     0.156     0.848
 5     0.270    -0.963     0.015
 5     0.818     0.221    -0.530
 6   138.125    28.823    22.091
 6     0.947     0.129     0.295
 6     0.257     0.246    -0.934
 6    -0.193     0.961     0.201
 7   116.644   -25.977    -7.335
 7     0.263     0.943     0.201
 7    -0.835     0.118     0.537
 7     0.483    -0.310     0.819
 8   119.042   -25.124    22.774
 8     0.428     0.074     0.901
 8    -0.045    -0.994     0.102
 8     0.902    -0.083    -0.422
 9   139.517   -38.420    23.102
 9     0.846    -0.194     0.500
 9    -0.429     0.311     0.846
 9    -0.318    -0.930     0.182
 2    96.740   -20.028    59.084
 2     0.063    -0.998     0.002
 2     0.997     0.063     0.033
 2    -0.034    -0.000     0.999
 3   130.026    -5.399     0.624
 3     0.521     0.104    -0.847
 3    -0.252     0.967    -0.037
 3     0.815     0.232     0.530
 4   115.500    13.471   -10.292
 4     0.506    -0.844     0.178
 4     0.853     0.458    -0.248
 4     0.127     0.277     0.952
 5   117.955    18.490    21.678
 5     0.482     0.258     0.837
 5     0.306    -0.945     0.114
 5     0.820     0.202    -0.535
 6   136.285    31.785    23.123
 6     0.906     0.068     0.417
 6     0.396     0.206    -0.894
 6    -0.146     0.976     0.162
 7   116.545   -26.022    -7.292
 7     0.256     0.946     0.200
 7    -0.831     0.109     0.545
 7     0.493    -0.306     0.814
 8   118.530   -24.934    22.787
 8     0.411     0.035     0.911
 8    -0.048    -0.997     0.058
 8     0.910    -0.067    -0.408
 9   138.664   -40.347    25.520
 9     0.823    -0.202     0.533
 9    -0.515     0.131     0.846
 9    -0.239    -0.971     0.008
 2    96.740   -20.079    59.085
 2     0.063    -0.998     0.002
 2     0.997     0.063     0.033
 2    -0.034    -0.001     0.999
 3   129.961    -5.394     0.665
 3     0.520     0.105    -0.848
 3    -0.247     0.968    -0.032
 3     0.817     0.226     0.529
 4   115.426    13.423   -10.370
 4     0.500    -0.848     0.175
 4     0.856     0.454    -0.245
 4     0.128     0.272     0.953
 5   117.731    18.341    21.691
 5     0.465     0.318     0.827
 5     0.325    -0.929     0.173
 5     0.823     0.188    -0.535
 6   134.808    33.705    24.002
 6     0.865     0.037     0.501
 6     0.489     0.161    -0.856
 6    -0.112     0.986     0.123
 7   116.386   -26.097    -7.209
 7     0.247     0.948     0.202
 7    -0.831     0.100     0.548
 7     0.499    -0.303     0.812
 8   118.420   -24.909    22.780
 8     0.408     0.010     0.913
 8    -0.054    -0.998     0.034
 8     0.911    -0.063    -0.407
 9   138.172   -41.048    25.951
 9     0.807    -0.206     0.556
 9    -0.546     0.097     0.831
 9    -0.224    -0.974    -0.031
 2    96.690   -20.029    59.084
 2     0.063    -0.998     0.002
 2     0.997     0.063     0.033
 2    -0.034    -0.000     0.999
 3   129.966    -5.442     0.661
 3     0.520     0.106    -0.848
 3    -0.245     0.969    -0.030
 3     0.818     0.223     0.529
 4   115.460    13.478   -10.330
 4     0.498    -0.850     0.172
 4     0.857     0.452    -0.247
 4     0.132     0.270     0.953
 5   117.693    18.248    21.695
 5     0.460     0.329     0.825
 5     0.325    -0.927     0.187
 5     0.826     0.183    -0.532
 6   134.698    33.999    24.319
 6     0.861     0.033     0.508
 6     0.499     0.146    -0.854
 6    -0.101     0.989     0.111
 7   116.308   -26.074    -7.256
 7     0.245     0.948     0.203
 7    -0.832     0.097     0.546
 7     0.498    -0.302     0.812
 8   118.189   -24.867    22.774
 8     0.411    -0.010     0.912
 8    -0.064    -0.998     0.016
 8     0.909    -0.065    -0.410
 9   137.783   -41.295    25.545
 9     0.800    -0.213     0.564
 9    -0.550     0.118     0.825
 9    -0.241    -0.970    -0.019
 2    96.740   -20.028    59.084
 2     0.063    -0.998     0.002
 2     0.997     0.063     0.033
 2    -0.034    -0.000     0.999
 3   129.971    -5.390     0.656
 3     0.519     0.108    -0.848
 3    -0.245     0.969    -0.027
 3     0.819     0.222     0.529
 4   115.465    13.530   -10.310
 4     0.498    -0.851     0.170
 4     0.857     0.451    -0.248
 4     0.134     0.269     0.953
 5   117.500    18.264    21.723
 5     0.448     0.354     0.821
 5     0.334    -0.918     0.213
 5     0.829     0.179    -0.530
 6   134.179    34.466    24.528
 6     0.852     0.024     0.524
 6     0.515     0.145    -0.844
 6    -0.095     0.989     0.113
 7   116.157   -26.078    -7.249
 7     0.239     0.949     0.205
 7    -0.834     0.092     0.544
 7     0.497    -0.302     0.813
 8   118.075   -24.816    22.792
 8     0.409    -0.021     0.912
 8    -0.067    -0.998     0.006
 8     0.910    -0.063    -0.409
 9   137.462   -41.434    25.391
 9     0.793    -0.211     0.573
 9    -0.555     0.136     0.819
 9    -0.249    -0.968    -0.006
 2    96.740   -20.028    59.084
 2     0.063    -0.998     0.003
 2     0.997     0.063     0.033
 2    -0.034     0.000     0.999
 3   129.922    -5.441     0.657
 3     0.519     0.110    -0.848
 3    -0.245     0.969    -0.024
 3     0.819     0.220     0.530
 4   115.521    13.531   -10.315
 4     0.499    -0.850     0.168
 4     0.856     0.452    -0.250
 4     0.136     0.268     0.953
 5   117.495    18.313    21.730
 5     0.449     0.356     0.820
 5     0.336    -0.917     0.213
 5     0.828     0.181    -0.531
 6   134.431    34.124    24.378
 6     0.862     0.022     0.508
 6     0.497     0.162    -0.852
 6    -0.100     0.986     0.131
 7   116.029   -26.081    -7.194
 7     0.236     0.949     0.207
 7    -0.836     0.089     0.542
 7     0.496    -0.301     0.814
 8   118.026   -24.868    22.759
 8     0.408    -0.013     0.913
 8    -0.067    -0.998     0.014
 8     0.911    -0.066    -0.407
 9   138.318   -40.129    24.848
 9     0.832    -0.204     0.518
 9    -0.480     0.203     0.852
 9    -0.277    -0.958     0.074
 2    96.740   -20.028    59.085
 2     0.063    -0.998     0.001
 2     0.997     0.063     0.033
 2    -0.034    -0.001     0.999
 3   130.089    -5.392     0.660
 3     0.520     0.103    -0.848
 3    -0.246     0.968    -0.034
 3     0.818     0.226     0.528
 4   115.679    13.586   -10.276
 4     0.498    -0.851     0.168
 4     0.855     0.451    -0.254
 4     0.140     0.270     0.952
 5   117.782    18.575    21.670
 5     0.460     0.292     0.839
 5     0.306    -0.938     0.159
 5     0.833     0.184    -0.520
 6   137.071    30.560    23.809
 6     0.938     0.053     0.342
 6     0.323     0.219    -0.920
 6    -0.124     0.974     0.189
 7   116.673   -25.916    -7.348
 7     0.261     0.944     0.201
 7    -0.829     0.112     0.547
 7     0.494    -0.310     0.812
 8   118.631   -24.987    22.594
 8     0.406     0.054     0.912
 8    -0.047    -0.996     0.078
 8     0.912    -0.074    -0.402
 9   140.149   -36.122    23.691
 9     0.900    -0.265     0.348
 9    -0.279     0.262     0.923
 9    -0.335    -0.928     0.163
 2    96.740   -20.028    59.085
 2     0.063    -0.998     0.001
 2     0.997     0.063     0.033
 2    -0.034    -0.001     0.999
 3   130.309    -5.220     0.657
 3     0.515     0.099    -0.851
 3    -0.255     0.966    -0.043
 3     0.818     0.239     0.523
 4   116.062    13.852   -10.218
 4     0.499    -0.851     0.163
 4     0.852     0.448    -0.268
 4     0.155     0.273     0.949
 5   118.330    19.151    21.468
 5     0.480     0.167     0.861
 5     0.244    -0.968     0.053
 5     0.843     0.185    -0.505
 6   140.179    22.948    23.299
 6     0.992     0.126    -0.003
 6    -0.034     0.252    -0.968
 6    -0.121     0.959     0.253
 7   117.299   -25.775    -7.433
 7     0.286     0.938     0.197
 7    -0.821     0.133     0.555
 7     0.494    -0.320     0.808
 8   119.131   -25.743    22.520
 8     0.412     0.161     0.897
 8    -0.020    -0.983     0.184
 8     0.911    -0.093    -0.401
 9   142.124   -29.331    22.798
 9     0.922    -0.385     0.044
 9     0.041     0.213     0.976
 9    -0.385    -0.898     0.211
 2    96.740   -20.028    59.085
 2     0.063    -0.998     0.002
 2     0.997     0.063     0.033
 2    -0.034    -0.001     0.999
 3   130.432    -5.223     0.656
 3     0.513     0.099    -0.853
 3    -0.260     0.964    -0.044
 3     0.818     0.244     0.520
 4   116.262    13.799   -10.266
 4     0.507    -0.846     0.164
 4     0.848     0.456    -0.271
 4     0.154     0.276     0.948
 5   118.969    19.783    21.335
 5     0.494    -0.017     0.870
 5     0.165    -0.980    -0.112
 5     0.854     0.198    -0.481
 6   141.041    16.535    23.583
 6     0.945     0.174    -0.279
 6    -0.317     0.287    -0.904
 6    -0.077     0.942     0.323
 7   117.355   -25.819    -7.437
 7     0.294     0.934     0.201
 7    -0.818     0.137     0.559
 7     0.495    -0.329     0.804
 8   118.954   -26.071    22.434
 8     0.405     0.232     0.885
 8     0.017    -0.969     0.245
 8     0.914    -0.083    -0.396
 9   142.129   -24.036    23.063
 9     0.896    -0.412    -0.170
 9     0.257     0.179     0.949
 9    -0.360    -0.894     0.264
 2    96.740   -20.028    59.085
 2     0.063    -0.998     0.002
 2     0.997     0.063     0.033
 2    -0.034    -0.001     0.999
 3   130.393    -5.326     0.817
 3     0.505     0.100    -0.857
 3    -0.266     0.963    -0.044
 3     0.821     0.250     0.513
 4   116.375    13.802   -10.154
 4     0.511    -0.844     0.162
 4     0.844     0.458    -0.277
 4     0.159     0.278     0.947
 5   119.189    20.462    21.416
 5     0.500    -0.106     0.860
 5     0.137    -0.971    -0.197
 5     0.855     0.215    -0.470
 6   140.977    14.185    23.526
 6     0.903     0.219    -0.373
 6    -0.423     0.306    -0.853
 6    -0.071     0.926     0.365
 7   117.379   -25.827    -7.407
 7     0.297     0.934     0.198
 7    -0.821     0.144     0.552
 7     0.486    -0.327     0.810
 8   119.427   -26.527    22.532
 8     0.411     0.313     0.857
 8     0.038    -0.944     0.325
 8     0.911    -0.099    -0.399
 9   142.058   -21.040    23.041
 9     0.855    -0.453    -0.260
 9     0.386     0.225     0.894
 9    -0.346    -0.863     0.365
 2    96.742   -20.028    59.082
 2     0.063    -0.998     0.001
 2     0.997     0.063     0.033
 2    -0.033    -0.001     0.999
 3   130.341    -5.277     0.917
 3     0.504     0.098    -0.859
 3    -0.268     0.962    -0.047
 3     0.821     0.254     0.510
 4   116.296    13.912   -10.057
 4     0.510    -0.845     0.161
 4     0.843     0.454    -0.287
 4     0.169     0.282     0.944
 5   119.589    21.571    21.263
 5     0.496    -0.226     0.839
 5     0.106    -0.943    -0.314
 5     0.861     0.244    -0.443
 6   140.486    11.000    24.193
 6     0.822     0.237    -0.522
 6    -0.569     0.320    -0.757
 6    -0.011     0.917     0.393
 7   117.389   -25.676    -7.444
 7     0.304     0.933     0.194
 7    -0.822     0.153     0.548
 7     0.481    -0.326     0.813
 8   119.601   -26.710    22.522
 8     0.415     0.338     0.846
 8     0.041    -0.935     0.352
 8     0.909    -0.110    -0.400
 9   141.589   -19.758    22.007
 9     0.823    -0.510    -0.256
 9     0.468     0.358     0.807
 9    -0.321    -0.782     0.532
 2    96.692   -20.078    59.082
 2     0.063    -0.998     0.001
 2     0.997     0.063     0.033
 2    -0.033    -0.001     0.999
 3   130.345    -5.227     1.039
 3     0.500     0.098    -0.861
 3    -0.271     0.961    -0.048
 3     0.822     0.257     0.507
 4   116.378    13.971    -9.918
 4     0.517    -0.841     0.157
 4     0.836     0.458    -0.302
 4     0.182     0.287     0.940
 5   120.426    22.634    21.145
 5     0.493    -0.338     0.804
 5     0.097    -0.895    -0.434
 5     0.864     0.291    -0.407
 6   140.036     8.829    24.089
 6     0.743     0.288    -0.610
 6    -0.669     0.319    -0.669
 6     0.004     0.902     0.426
 7   117.373   -25.657    -7.474
 7     0.304     0.932     0.194
 7    -0.825     0.156     0.542
 7     0.475    -0.325     0.817
 8   119.746   -27.150    22.437
 8     0.418     0.369     0.831
 8     0.042    -0.921     0.386
 8     0.907    -0.126    -0.399
 9   141.178   -18.121    21.015
 9     0.773    -0.550    -0.324
 9     0.559     0.351     0.749
 9    -0.298    -0.758     0.577
 2    96.742   -20.078    59.082
 2     0.063    -0.998     0.002
 2     0.997     0.063     0.032
 2    -0.033    -0.000     0.999
 3   130.344    -5.227     1.038
 3     0.501     0.097    -0.860
 3    -0.270     0.961    -0.049
 3     0.822     0.257     0.507
 4   116.433    13.972    -9.923
 4     0.519    -0.841     0.155
 4     0.835     0.459    -0.305
 4     0.184     0.287     0.940
 5   120.627    23.108    20.932
 5     0.489    -0.385     0.785
 5     0.096    -0.869    -0.484
 5     0.867     0.311    -0.387
 6   139.869     8.315    24.074
 6     0.718     0.295    -0.636
 6    -0.696     0.319    -0.641
 6     0.015     0.900     0.430
 7   117.274   -25.687    -7.516
 7     0.312     0.929     0.201
 7    -0.828     0.162     0.536
 7     0.465    -0.334     0.820
 8   120.089   -27.617    22.327
 8     0.423     0.404     0.812
 8     0.042    -0.903     0.426
 8     0.905    -0.145    -0.398
 9   141.240   -16.725    21.101
 9     0.733    -0.536    -0.426
 9     0.625     0.287     0.724
 9    -0.266    -0.794     0.543
 2    96.740   -20.028    59.085
 2     0.063    -0.998     0.002
 2     0.997     0.063     0.033
 2    -0.034    -0.001     0.999
 3   130.385    -5.176     0.921
 3     0.505     0.094    -0.858
 3    -0.268     0.962    -0.053
 3     0.820     0.257     0.511
 4   116.438    13.998    -9.880
 4     0.523    -0.838     0.158
 4     0.832     0.460    -0.310
 4     0.186     0.293     0.938
 5   120.994    23.534    20.718
 5     0.485    -0.421     0.769
 5     0.096    -0.847    -0.521
 5     0.869     0.325    -0.370
 6   139.833     8.056    23.759
 6     0.692     0.272    -0.673
 6    -0.721     0.288    -0.627
 6     0.025     0.918     0.391
 7   117.203   -25.617    -7.586
 7     0.318     0.925     0.207
 7    -0.831     0.166     0.530
 7     0.456    -0.341     0.822
 8   120.966   -28.406    22.176
 8     0.444     0.472     0.763
 8     0.042    -0.860     0.507
 8     0.895    -0.192    -0.400
 9   141.522   -15.023    21.637
 9     0.683    -0.519    -0.521
 9     0.692     0.233     0.680
 9    -0.232    -0.822     0.516
 2    96.742   -20.028    59.082
 2     0.063    -0.998     0.002
 2     0.997     0.063     0.033
 2    -0.033    -0.000     0.999
 3   130.430    -5.152     0.874
 3     0.507     0.092    -0.857
 3    -0.269     0.961    -0.056
 3     0.819     0.259     0.511
 4   116.494    14.051    -9.890
 4     0.524    -0.837     0.160
 4     0.830     0.460    -0.313
 4     0.189     0.296     0.936
 5   120.879    23.463    20.754
 5     0.482    -0.417     0.773
 5     0.096    -0.850    -0.516
 5     0.871     0.322    -0.369
 6   139.837     8.064    23.862
 6     0.698     0.256    -0.673
 6    -0.716     0.283    -0.636
 6     0.030     0.924     0.377
 7   117.058   -25.623    -7.631
 7     0.322     0.922     0.215
 7    -0.835     0.169     0.524
 7     0.447    -0.348     0.824
 8   121.388   -28.727    22.093
 8     0.456     0.503     0.736
 8     0.040    -0.836     0.545
 8     0.889    -0.218    -0.400
 9   141.689   -14.517    21.883
 9     0.670    -0.507    -0.551
 9     0.711     0.224     0.663
 9    -0.211    -0.833     0.507
 2    96.742   -20.028    59.082
 2     0.063    -0.998     0.002
 2     0.997     0.063     0.032
 2    -0.033    -0.000     0.999
 3   130.440    -5.148     0.906
 3     0.502     0.084    -0.861
 3    -0.268     0.961    -0.062
 3     0.822     0.262     0.505
 4   116.445    14.053    -9.791
 4     0.521    -0.838     0.160
 4     0.832     0.457    -0.314
 4     0.190     0.296     0.936
 5   120.788    23.518    20.866
 5     0.478    -0.415     0.776
 5     0.095    -0.852    -0.513
 5     0.873     0.317    -0.368
 6   139.537     7.828    23.875
 6     0.689     0.265    -0.679
 6    -0.724     0.283    -0.627
 6     0.028     0.922     0.382
 7   116.844   -25.698    -7.582
 7     0.318     0.920     0.228
 7    -0.835     0.158     0.527
 7     0.449    -0.358     0.819
 8   120.685   -28.590    22.228
 8     0.444     0.476     0.761
 8     0.036    -0.856     0.513
 8     0.895    -0.200    -0.396
 9   140.857   -14.841    21.299
 9     0.669    -0.557    -0.500
 9     0.709     0.277     0.645
 9    -0.220    -0.783     0.578
 2    96.740   -20.028    59.084
 2     0.063    -0.998     0.003
 2     0.997     0.063     0.033
 2    -0.034     0.000     0.999
 3   130.463    -5.168     0.948
 3     0.492     0.077    -0.867
 3    -0.267     0.961    -0.067
 3     0.828     0.264     0.493
 4   116.397    14.003    -9.769
 4     0.520    -0.839     0.160
 4     0.832     0.456    -0.315
 4     0.191     0.296     0.935
 5   120.531    23.513    21.037
 5     0.481    -0.410     0.777
 5     0.085    -0.859    -0.504
 5     0.872     0.307    -0.377
 6   139.380     7.720    23.812
 6     0.686     0.269    -0.680
 6    -0.727     0.279    -0.625
 6     0.024     0.921     0.383
 7   116.641   -25.744    -7.421
 7     0.314     0.919     0.240
 7    -0.833     0.145     0.534
 7     0.455    -0.367     0.811
 8   120.399   -28.408    22.303
 8     0.444     0.455     0.774
 8     0.036    -0.870     0.489
 8     0.895    -0.189    -0.401
 9   140.694   -14.846    21.181
 9     0.669    -0.563    -0.492
 9     0.708     0.282     0.644
 9    -0.224    -0.777     0.585
 2    96.740   -20.028    59.084
 2     0.063    -0.998     0.002
 2     0.997     0.063     0.033
 2    -0.034    -0.000     0.999
 3   130.451    -5.216     0.836
 3     0.501     0.072    -0.863
 3    -0.261     0.963    -0.071
 3     0.825     0.261     0.501
 4   116.310    13.923    -9.756
 4     0.520    -0.839     0.164
 4     0.833     0.455    -0.312
 4     0.186     0.299     0.936
 5   120.429    23.285    21.078
 5     0.483    -0.402     0.780
 5     0.081    -0.865    -0.493
 5     0.872     0.300    -0.384
 6   139.381     7.649    23.856
 6     0.693     0.266    -0.675
 6    -0.721     0.283    -0.631
 6     0.025     0.921     0.383
 7   116.571   -25.793    -7.474
 7     0.315     0.917     0.245
 7    -0.833     0.143     0.535
 7     0.456    -0.373     0.808
 8   120.329   -28.357    22.278
 8     0.444     0.446     0.779
 8     0.034    -0.875     0.480
 8     0.895    -0.186    -0.403
 9   140.695   -14.897    21.228
 9     0.671    -0.563    -0.489
 9     0.706     0.287     0.644
 9    -0.223    -0.775     0.589
];