% Calibrated with leiden_pols
% Positions are in centimeters
Data =[
 2    96.742   -20.028    59.082
 2     0.063    -0.998     0.002
 2     0.997     0.063     0.033
 2    -0.033    -0.000     0.999
 3   130.439    -5.108     0.679
 3     0.518     0.071    -0.852
 3    -0.271     0.958    -0.086
 3     0.811     0.275     0.516
 4   115.562    13.827    -9.927
 4     0.528    -0.823     0.208
 4     0.838     0.466    -0.283
 4     0.136     0.323     0.936
 5   122.203    23.448    20.595
 5     0.536    -0.486     0.692
 5     0.053    -0.797    -0.601
 5     0.842     0.358    -0.401
 6   140.024     5.655    23.037
 6     0.629     0.319    -0.713
 6    -0.777     0.275    -0.564
 6     0.018     0.907     0.417
 7   116.342   -25.646    -7.590
 7     0.315     0.913     0.259
 7    -0.849     0.149     0.507
 7     0.424    -0.380     0.822
 8   121.066   -28.266    22.167
 8     0.476     0.453     0.755
 8     0.049    -0.870     0.490
 8     0.878    -0.196    -0.435
 9   139.194   -13.925    17.453
 9     0.634    -0.741    -0.225
 9     0.714     0.451     0.533
 9    -0.296    -0.498     0.815
 2    96.740   -20.079    59.085
 2     0.063    -0.998     0.002
 2     0.997     0.063     0.033
 2    -0.034    -0.001     0.999
 3   130.391    -5.058     0.774
 3     0.515     0.070    -0.854
 3    -0.272     0.958    -0.086
 3     0.812     0.277     0.512
 4   115.700    13.933    -9.839
 4     0.530    -0.823     0.204
 4     0.836     0.467    -0.286
 4     0.141     0.322     0.936
 5   122.163    23.450    20.659
 5     0.533    -0.488     0.693
 5     0.051    -0.797    -0.600
 5     0.844     0.355    -0.400
 6   139.967     5.680    23.213
 6     0.630     0.312    -0.715
 6    -0.776     0.268    -0.568
 6     0.017     0.911     0.407
 7   116.337   -25.547    -7.536
 7     0.313     0.915     0.255
 7    -0.850     0.150     0.504
 7     0.423    -0.375     0.825
 8   120.991   -28.242    22.218
 8     0.475     0.452     0.756
 8     0.048    -0.870     0.489
 8     0.878    -0.196    -0.434
 9   139.149   -13.872    17.550
 9     0.635    -0.739    -0.226
 9     0.714     0.451     0.533
 9    -0.294    -0.500     0.815
 2    96.740   -20.028    59.084
 2     0.063    -0.998     0.002
 2     0.997     0.063     0.033
 2    -0.034    -0.000     0.999
 3   130.404    -5.005     0.886
 3     0.510     0.070    -0.857
 3    -0.273     0.958    -0.085
 3     0.815     0.277     0.507
 4   115.755    13.960    -9.818
 4     0.530    -0.824     0.201
 4     0.836     0.467    -0.287
 4     0.143     0.320     0.936
 5   122.097    23.453    20.800
 5     0.530    -0.489     0.694
 5     0.050    -0.798    -0.599
 5     0.846     0.352    -0.398
 6   139.913     5.679    23.239
 6     0.630     0.309    -0.716
 6    -0.776     0.265    -0.570
 6     0.016     0.913     0.403
 7   116.334   -25.523    -7.482
 7     0.312     0.916     0.253
 7    -0.851     0.151     0.503
 7     0.422    -0.372     0.826
 8   120.941   -28.243    22.243
 8     0.476     0.454     0.756
 8     0.047    -0.869     0.490
 8     0.878    -0.197    -0.434
 9   139.123   -13.821    17.601
 9     0.634    -0.740    -0.226
 9     0.715     0.451     0.533
 9    -0.294    -0.499     0.815
 2    96.740   -20.028    59.085
 2     0.063    -0.998     0.001
 2     0.997     0.063     0.033
 2    -0.034    -0.001     0.999
 3   130.350    -5.058     0.892
 3     0.511     0.071    -0.856
 3    -0.274     0.958    -0.084
 3     0.814     0.277     0.509
 4   115.678    13.932    -9.816
 4     0.533    -0.822     0.202
 4     0.834     0.470    -0.289
 4     0.142     0.322     0.936
 5   122.097    23.453    20.800
 5     0.530    -0.488     0.695
 5     0.050    -0.798    -0.599
 5     0.846     0.352    -0.398
 6   139.910     5.679    23.241
 6     0.631     0.309    -0.716
 6    -0.775     0.264    -0.571
 6     0.015     0.913     0.402
 7   116.211   -25.548    -7.532
 7     0.313     0.914     0.257
 7    -0.851     0.149     0.503
 7     0.422    -0.376     0.825
 8   120.939   -28.192    22.225
 8     0.477     0.449     0.757
 8     0.047    -0.872     0.486
 8     0.877    -0.195    -0.436
 9   139.124   -13.872    17.601
 9     0.635    -0.740    -0.226
 9     0.714     0.451     0.533
 9    -0.294    -0.499     0.815
 2    96.740   -20.028    59.085
 2     0.063    -0.998     0.001
 2     0.997     0.063     0.033
 2    -0.034    -0.001     0.999
 3   130.392    -5.057     0.622
 3     0.517     0.071    -0.853
 3    -0.271     0.958    -0.085
 3     0.812     0.275     0.514
 4   115.669    13.928    -9.882
 4     0.535    -0.820     0.205
 4     0.833     0.472    -0.287
 4     0.138     0.324     0.936
 5   122.117    23.453    20.653
 5     0.531    -0.486     0.696
 5     0.053    -0.799    -0.597
 5     0.845     0.354    -0.398
 6   139.915     5.731    23.160
 6     0.631     0.309    -0.716
 6    -0.775     0.266    -0.570
 6     0.017     0.913     0.404
 7   116.161   -25.646    -7.580
 7     0.319     0.911     0.264
 7    -0.849     0.150     0.506
 7     0.421    -0.385     0.821
 8   120.980   -28.193    22.187
 8     0.481     0.446     0.757
 8     0.049    -0.873     0.483
 8     0.875    -0.195    -0.440
 9   139.123   -13.821    17.549
 9     0.634    -0.740    -0.226
 9     0.715     0.451     0.532
 9    -0.294    -0.498     0.815
 2    96.740   -20.028    59.085
 2     0.063    -0.998     0.002
 2     0.997     0.063     0.033
 2    -0.034    -0.001     0.999
 3   130.387    -5.107     0.330
 3     0.521     0.076    -0.850
 3    -0.268     0.960    -0.079
 3     0.810     0.269     0.521
 4   115.605    13.923    -9.992
 4     0.536    -0.818     0.209
 4     0.833     0.474    -0.283
 4     0.132     0.326     0.936
 5   122.203    23.449    20.468
 5     0.537    -0.483     0.693
 5     0.055    -0.798    -0.598
 5     0.842     0.359    -0.401
 6   140.014     5.730    23.036
 6     0.631     0.310    -0.715
 6    -0.775     0.266    -0.570
 6     0.016     0.913     0.405
 7   115.964   -25.657    -7.776
 7     0.315     0.911     0.268
 7    -0.855     0.149     0.496
 7     0.412    -0.385     0.825
 8   120.618   -28.060    22.058
 8     0.482     0.429     0.766
 8     0.051    -0.885     0.462
 8     0.875    -0.183    -0.447
 9   138.991   -14.198    17.298
 9     0.646    -0.737    -0.200
 9     0.696     0.462     0.548
 9    -0.312    -0.492     0.812
 2    96.740   -20.028    59.084
 2     0.063    -0.998     0.003
 2     0.997     0.063     0.033
 2    -0.034     0.000     0.999
 3   130.292    -5.184     0.284
 3     0.522     0.088    -0.849
 3    -0.268     0.961    -0.065
 3     0.810     0.261     0.525
 4   115.673    13.817   -10.075
 4     0.538    -0.819     0.201
 4     0.833     0.480    -0.273
 4     0.127     0.314     0.940
 5   121.358    22.743    20.603
 5     0.529    -0.422     0.739
 5     0.066    -0.845    -0.528
 5     0.846     0.328    -0.419
 6   140.479     7.379    22.709
 6     0.704     0.293    -0.651
 6    -0.709     0.245    -0.659
 6    -0.031     0.924     0.376
 7   116.110   -25.740    -7.682
 7     0.302     0.919     0.252
 7    -0.859     0.148     0.490
 7     0.414    -0.364     0.834
 8   119.971   -27.465    22.202
 8     0.465     0.369     0.806
 8     0.036    -0.916     0.397
 8     0.884    -0.154    -0.438
 9   139.364   -16.681    17.735
 9     0.732    -0.677    -0.079
 9     0.566     0.540     0.623
 9    -0.379    -0.500     0.778
 2    96.740   -20.028    59.084
 2     0.063    -0.998     0.002
 2     0.997     0.063     0.033
 2    -0.034    -0.000     0.999
 3   130.290    -5.284     0.541
 3     0.512     0.097    -0.854
 3    -0.271     0.961    -0.054
 3     0.815     0.258     0.518
 4   115.829    13.692   -10.073
 4     0.533    -0.824     0.192
 4     0.836     0.479    -0.267
 4     0.128     0.302     0.944
 5   120.364    21.513    21.062
 5     0.529    -0.297     0.796
 5     0.099    -0.909    -0.402
 5     0.842     0.291    -0.452
