% Calibrated with leiden_pols
% Positions are in centimeters
Data =[
 2   137.055    -4.946     6.693
 2     0.256     0.295    -0.921
 2    -0.572     0.813     0.101
 2     0.779     0.501     0.376
 3   132.505    -3.530     1.254
 3     0.512    -0.035    -0.858
 3    -0.302     0.928    -0.218
 3     0.804     0.370     0.464
 4     0.000     0.000     0.000
 4     1.000     0.000     0.000
 4     0.000     1.000     0.000
 4     0.000     0.000     1.000
 5     0.000     0.000     0.000
 5     1.000     0.000     0.000
 5     0.000     1.000     0.000
 5     0.000     0.000     1.000
 6     0.000     0.000     0.000
 6     1.000     0.000     0.000
 6     0.000     1.000     0.000
 6     0.000     0.000     1.000
 7     0.000     0.000     0.000
 7     1.000     0.000     0.000
 7     0.000     1.000     0.000
 7     0.000     0.000     1.000
 8     0.000     0.000     0.000
 8     1.000     0.000     0.000
 8     0.000     1.000     0.000
 8     0.000     0.000     1.000
 9     0.000     0.000     0.000
 9     1.000     0.000     0.000
 9     0.000     1.000     0.000
 9     0.000     0.000     1.000
 2     0.000     0.000     0.000
 2     1.000     0.000     0.000
 2     0.000     1.000     0.000
 2     0.000     0.000     1.000
 3     0.000     0.000     0.000
 3     1.000     0.000     0.000
 3     0.000     1.000     0.000
 3     0.000     0.000     1.000
 4   117.549    15.389    -8.530
 4     0.542    -0.790     0.288
 4     0.821     0.423    -0.383
 4     0.181     0.443     0.877
 5   129.956    19.585    22.065
 5     0.674    -0.242     0.699
 5     0.094    -0.909    -0.403
 5     0.733     0.338    -0.590
 6     0.000     0.000     0.000
 6     1.000     0.000     0.000
 6     0.000     1.000     0.000
 6     0.000     0.000     1.000
 7     0.000     0.000     0.000
 7     1.000     0.000     0.000
 7     0.000     1.000     0.000
 7     0.000     0.000     1.000
 8     0.000     0.000     0.000
 8     1.000     0.000     0.000
 8     0.000     1.000     0.000
 8     0.000     0.000     1.000
 9     0.000     0.000     0.000
 9     1.000     0.000     0.000
 9     0.000     1.000     0.000
 9     0.000     0.000     1.000
 2     0.000     0.000     0.000
 2     1.000     0.000     0.000
 2     0.000     1.000     0.000
 2     0.000     0.000     1.000
 3     0.000     0.000     0.000
 3     1.000     0.000     0.000
 3     0.000     1.000     0.000
 3     0.000     0.000     1.000
 4     0.000     0.000     0.000
 4     1.000     0.000     0.000
 4     0.000     1.000     0.000
 4     0.000     0.000     1.000
 5     0.000     0.000     0.000
 5     1.000     0.000     0.000
 5     0.000     1.000     0.000
 5     0.000     0.000     1.000
 6   152.685    17.958    31.390
 6     0.866    -0.115    -0.487
 6    -0.070     0.936    -0.346
 6     0.495     0.332     0.802
 7   118.530   -24.053    -9.749
 7     0.446     0.809     0.384
 7    -0.869     0.287     0.402
 7     0.215    -0.512     0.831
 8     0.000     0.000     0.000
 8     1.000     0.000     0.000
 8     0.000     1.000     0.000
 8     0.000     0.000     1.000
 9     0.000     0.000     0.000
 9     1.000     0.000     0.000
 9     0.000     1.000     0.000
 9     0.000     0.000     1.000
 2     0.000     0.000     0.000
 2     1.000     0.000     0.000
 2     0.000     1.000     0.000
 2     0.000     0.000     1.000
 3     0.000     0.000     0.000
 3     1.000     0.000     0.000
 3     0.000     1.000     0.000
 3     0.000     0.000     1.000
 4     0.000     0.000     0.000
 4     1.000     0.000     0.000
 4     0.000     1.000     0.000
 4     0.000     0.000     1.000
 5     0.000     0.000     0.000
 5     1.000     0.000     0.000
 5     0.000     1.000     0.000
 5     0.000     0.000     1.000
 6     0.000     0.000     0.000
 6     1.000     0.000     0.000
 6     0.000     1.000     0.000
 6     0.000     0.000     1.000
 7     0.000     0.000     0.000
 7     1.000     0.000     0.000
 7     0.000     1.000     0.000
 7     0.000     0.000     1.000
 8   133.313   -29.151    16.581
 8     0.627     0.637     0.450
 8    -0.007    -0.572     0.819
 8     0.778    -0.517    -0.354
 9   155.087   -16.676    33.348
 9     0.702    -0.291    -0.654
 9     0.322     0.943    -0.065
 9     0.634    -0.162     0.753
 2   136.818    -6.056     6.863
 2     0.227     0.517    -0.826
 2    -0.555     0.764     0.326
 2     0.800     0.386     0.459
 3   132.393    -3.654     1.417
 3     0.507    -0.034    -0.861
 3    -0.302     0.929    -0.214
 3     0.807     0.368     0.460
 4     0.000     0.000     0.000
 4     1.000     0.000     0.000
 4     0.000     1.000     0.000
 4     0.000     0.000     1.000
 5     0.000     0.000     0.000
 5     1.000     0.000     0.000
 5     0.000     1.000     0.000
 5     0.000     0.000     1.000
 6     0.000     0.000     0.000
 6     1.000     0.000     0.000
 6     0.000     1.000     0.000
 6     0.000     0.000     1.000
 7     0.000     0.000     0.000
 7     1.000     0.000     0.000
 7     0.000     1.000     0.000
 7     0.000     0.000     1.000
 8     0.000     0.000     0.000
 8     1.000     0.000     0.000
 8     0.000     1.000     0.000
 8     0.000     0.000     1.000
 9     0.000     0.000     0.000
 9     1.000     0.000     0.000
 9     0.000     1.000     0.000
 9     0.000     0.000     1.000
 2     0.000     0.000     0.000
 2     1.000     0.000     0.000
 2     0.000     1.000     0.000
 2     0.000     0.000     1.000
 3     0.000     0.000     0.000
 3     1.000     0.000     0.000
 3     0.000     1.000     0.000
 3     0.000     0.000     1.000
 4   117.653    15.261    -8.526
 4     0.544    -0.791     0.281
 4     0.819     0.428    -0.381
 4     0.181     0.437     0.880
 5   129.927    19.509    22.068
 5     0.674    -0.240     0.699
 5     0.096    -0.910    -0.402
 5     0.732     0.338    -0.591
 6     0.000     0.000     0.000
 6     1.000     0.000     0.000
 6     0.000     1.000     0.000
 6     0.000     0.000     1.000
 7     0.000     0.000     0.000
 7     1.000     0.000     0.000
 7     0.000     1.000     0.000
 7     0.000     0.000     1.000
 8     0.000     0.000     0.000
 8     1.000     0.000     0.000
 8     0.000     1.000     0.000
 8     0.000     0.000     1.000
 9     0.000     0.000     0.000
 9     1.000     0.000     0.000
 9     0.000     1.000     0.000
 9     0.000     0.000     1.000
 2     0.000     0.000     0.000
 2     1.000     0.000     0.000
 2     0.000     1.000     0.000
 2     0.000     0.000     1.000
 3     0.000     0.000     0.000
 3     1.000     0.000     0.000
 3     0.000     1.000     0.000
 3     0.000     0.000     1.000
 4     0.000     0.000     0.000
 4     1.000     0.000     0.000
 4     0.000     1.000     0.000
 4     0.000     0.000     1.000
 5     0.000     0.000     0.000
 5     1.000     0.000     0.000
 5     0.000     1.000     0.000
 5     0.000     0.000     1.000
 6   152.683    17.958    31.394
 6     0.866    -0.115    -0.486
 6    -0.069     0.936    -0.346
 6     0.494     0.331     0.803
 7   118.435   -24.180    -9.601
 7     0.442     0.811     0.385
 7    -0.870     0.283     0.402
 7     0.217    -0.512     0.831
 8     0.000     0.000     0.000
 8     1.000     0.000     0.000
 8     0.000     1.000     0.000
 8     0.000     0.000     1.000
 9     0.000     0.000     0.000
 9     1.000     0.000     0.000
 9     0.000     1.000     0.000
 9     0.000     0.000     1.000
 2     0.000     0.000     0.000
 2     1.000     0.000     0.000
 2     0.000     1.000     0.000
 2     0.000     0.000     1.000
 3     0.000     0.000     0.000
 3     1.000     0.000     0.000
 3     0.000     1.000     0.000
 3     0.000     0.000     1.000
 4     0.000     0.000     0.000
 4     1.000     0.000     0.000
 4     0.000     1.000     0.000
 4     0.000     0.000     1.000
 5     0.000     0.000     0.000
 5     1.000     0.000     0.000
 5     0.000     1.000     0.000
 5     0.000     0.000     1.000
 6     0.000     0.000     0.000
 6     1.000     0.000     0.000
 6     0.000     1.000     0.000
 6     0.000     0.000     1.000
 7     0.000     0.000     0.000
 7     1.000     0.000     0.000
 7     0.000     1.000     0.000
 7     0.000     0.000     1.000
 8   133.235   -29.176    16.637
 8     0.629     0.635     0.450
 8    -0.005    -0.573     0.818
 8     0.777    -0.517    -0.357
 9   155.081   -16.678    33.356
 9     0.704    -0.289    -0.653
 9     0.323     0.943    -0.062
 9     0.632    -0.164     0.755
 2   136.310    -4.259     6.956
 2     0.562     0.256    -0.788
 2    -0.461     0.886    -0.043
 2     0.686     0.387     0.615
 3   132.343    -3.603     1.467
 3     0.507    -0.035    -0.861
 3    -0.301     0.929    -0.215
 3     0.807     0.368     0.460
 4     0.000     0.000     0.000
 4     1.000     0.000     0.000
 4     0.000     1.000     0.000
 4     0.000     0.000     1.000
 5     0.000     0.000     0.000
 5     1.000     0.000     0.000
 5     0.000     1.000     0.000
 5     0.000     0.000     1.000
 6     0.000     0.000     0.000
 6     1.000     0.000     0.000
 6     0.000     1.000     0.000
 6     0.000     0.000     1.000
 7     0.000     0.000     0.000
 7     1.000     0.000     0.000
 7     0.000     1.000     0.000
 7     0.000     0.000     1.000
 8     0.000     0.000     0.000
 8     1.000     0.000     0.000
 8     0.000     1.000     0.000
 8     0.000     0.000     1.000
 9     0.000     0.000     0.000
 9     1.000     0.000     0.000
 9     0.000     1.000     0.000
 9     0.000     0.000     1.000
 2     0.000     0.000     0.000
 2     1.000     0.000     0.000
 2     0.000     1.000     0.000
 2     0.000     0.000     1.000
 3     0.000     0.000     0.000
 3     1.000     0.000     0.000
 3     0.000     1.000     0.000
 3     0.000     0.000     1.000
 4   117.561    15.393    -8.467
 4     0.541    -0.792     0.284
 4     0.820     0.422    -0.387
 4     0.186     0.442     0.877
 5   129.926    19.534    22.169
 5     0.674    -0.240     0.700
 5     0.094    -0.911    -0.401
 5     0.732     0.336    -0.591
 6     0.000     0.000     0.000
 6     1.000     0.000     0.000
 6     0.000     1.000     0.000
 6     0.000     0.000     1.000
 7     0.000     0.000     0.000
 7     1.000     0.000     0.000
 7     0.000     1.000     0.000
 7     0.000     0.000     1.000
 8     0.000     0.000     0.000
 8     1.000     0.000     0.000
 8     0.000     1.000     0.000
 8     0.000     0.000     1.000
 9     0.000     0.000     0.000
 9     1.000     0.000     0.000
 9     0.000     1.000     0.000
 9     0.000     0.000     1.000
 2     0.000     0.000     0.000
 2     1.000     0.000     0.000
 2     0.000     1.000     0.000
 2     0.000     0.000     1.000
 3     0.000     0.000     0.000
 3     1.000     0.000     0.000
 3     0.000     1.000     0.000
 3     0.000     0.000     1.000
 4     0.000     0.000     0.000
 4     1.000     0.000     0.000
 4     0.000     1.000     0.000
 4     0.000     0.000     1.000
 5     0.000     0.000     0.000
 5     1.000     0.000     0.000
 5     0.000     1.000     0.000
 5     0.000     0.000     1.000
 6   152.682    17.958    31.444
 6     0.867    -0.116    -0.485
 6    -0.069     0.935    -0.348
 6     0.494     0.333     0.802
 7   118.480   -24.054    -9.647
 7     0.445     0.810     0.384
 7    -0.869     0.286     0.401
 7     0.215    -0.511     0.831
 8     0.000     0.000     0.000
 8     1.000     0.000     0.000
 8     0.000     1.000     0.000
 8     0.000     0.000     1.000
 9     0.000     0.000     0.000
 9     1.000     0.000     0.000
 9     0.000     1.000     0.000
 9     0.000     0.000     1.000
 2     0.000     0.000     0.000
 2     1.000     0.000     0.000
 2     0.000     1.000     0.000
 2     0.000     0.000     1.000
 3     0.000     0.000     0.000
 3     1.000     0.000     0.000
 3     0.000     1.000     0.000
 3     0.000     0.000     1.000
 4     0.000     0.000     0.000
 4     1.000     0.000     0.000
 4     0.000     1.000     0.000
 4     0.000     0.000     1.000
 5     0.000     0.000     0.000
 5     1.000     0.000     0.000
 5     0.000     1.000     0.000
 5     0.000     0.000     1.000
 6     0.000     0.000     0.000
 6     1.000     0.000     0.000
 6     0.000     1.000     0.000
 6     0.000     0.000     1.000
 7     0.000     0.000     0.000
 7     1.000     0.000     0.000
 7     0.000     1.000     0.000
 7     0.000     0.000     1.000
 8   133.260   -29.177    16.586
 8     0.629     0.635     0.450
 8    -0.007    -0.572     0.819
 8     0.777    -0.518    -0.355
 9   155.084   -16.677    33.352
 9     0.703    -0.290    -0.653
 9     0.322     0.943    -0.065
 9     0.633    -0.162     0.754
 2   137.442    -4.757     8.052
 2     0.099     0.083    -0.992
 2    -0.586     0.810     0.009
 2     0.804     0.581     0.129
 3   132.459    -3.553     1.299
 3     0.511    -0.036    -0.859
 3    -0.301     0.928    -0.218
 3     0.805     0.370     0.463
 4     0.000     0.000     0.000
 4     1.000     0.000     0.000
 4     0.000     1.000     0.000
 4     0.000     0.000     1.000
 5     0.000     0.000     0.000
 5     1.000     0.000     0.000
 5     0.000     1.000     0.000
 5     0.000     0.000     1.000
 6     0.000     0.000     0.000
 6     1.000     0.000     0.000
 6     0.000     1.000     0.000
 6     0.000     0.000     1.000
 7     0.000     0.000     0.000
 7     1.000     0.000     0.000
 7     0.000     1.000     0.000
 7     0.000     0.000     1.000
 8     0.000     0.000     0.000
 8     1.000     0.000     0.000
 8     0.000     1.000     0.000
 8     0.000     0.000     1.000
 9     0.000     0.000     0.000
 9     1.000     0.000     0.000
 9     0.000     1.000     0.000
 9     0.000     0.000     1.000
 2     0.000     0.000     0.000
 2     1.000     0.000     0.000
 2     0.000     1.000     0.000
 2     0.000     0.000     1.000
 3     0.000     0.000     0.000
 3     1.000     0.000     0.000
 3     0.000     1.000     0.000
 3     0.000     0.000     1.000
 4   117.553    15.339    -8.531
 4     0.542    -0.791     0.285
 4     0.820     0.424    -0.383
 4     0.182     0.440     0.879
 5   129.948    19.533    22.072
 5     0.675    -0.240     0.699
 5     0.095    -0.910    -0.402
 5     0.731     0.337    -0.592
 6     0.000     0.000     0.000
 6     1.000     0.000     0.000
 6     0.000     1.000     0.000
 6     0.000     0.000     1.000
 7     0.000     0.000     0.000
 7     1.000     0.000     0.000
 7     0.000     1.000     0.000
 7     0.000     0.000     1.000
 8     0.000     0.000     0.000
 8     1.000     0.000     0.000
 8     0.000     1.000     0.000
 8     0.000     0.000     1.000
 9     0.000     0.000     0.000
 9     1.000     0.000     0.000
 9     0.000     1.000     0.000
 9     0.000     0.000     1.000
 2     0.000     0.000     0.000
 2     1.000     0.000     0.000
 2     0.000     1.000     0.000
 2     0.000     0.000     1.000
 3     0.000     0.000     0.000
 3     1.000     0.000     0.000
 3     0.000     1.000     0.000
 3     0.000     0.000     1.000
 4     0.000     0.000     0.000
 4     1.000     0.000     0.000
 4     0.000     1.000     0.000
 4     0.000     0.000     1.000
 5     0.000     0.000     0.000
 5     1.000     0.000     0.000
 5     0.000     1.000     0.000
 5     0.000     0.000     1.000
 6   152.685    17.959    31.390
 6     0.866    -0.115    -0.486
 6    -0.069     0.936    -0.346
 6     0.495     0.331     0.802
 7   118.534   -24.154    -9.704
 7     0.444     0.810     0.384
 7    -0.869     0.285     0.402
 7     0.217    -0.512     0.831
 8     0.000     0.000     0.000
 8     1.000     0.000     0.000
 8     0.000     1.000     0.000
 8     0.000     0.000     1.000
 9     0.000     0.000     0.000
 9     1.000     0.000     0.000
 9     0.000     1.000     0.000
 9     0.000     0.000     1.000
 2     0.000     0.000     0.000
 2     1.000     0.000     0.000
 2     0.000     1.000     0.000
 2     0.000     0.000     1.000
 3     0.000     0.000     0.000
 3     1.000     0.000     0.000
 3     0.000     1.000     0.000
 3     0.000     0.000     1.000
 4     0.000     0.000     0.000
 4     1.000     0.000     0.000
 4     0.000     1.000     0.000
 4     0.000     0.000     1.000
 5     0.000     0.000     0.000
 5     1.000     0.000     0.000
 5     0.000     1.000     0.000
 5     0.000     0.000     1.000
 6     0.000     0.000     0.000
 6     1.000     0.000     0.000
 6     0.000     1.000     0.000
 6     0.000     0.000     1.000
 7     0.000     0.000     0.000
 7     1.000     0.000     0.000
 7     0.000     1.000     0.000
 7     0.000     0.000     1.000
 8   133.264   -29.175    16.581
 8     0.628     0.635     0.450
 8    -0.006    -0.573     0.819
 8     0.778    -0.517    -0.356
 9   155.134   -16.727    33.352
 9     0.703    -0.289    -0.654
 9     0.323     0.943    -0.062
 9     0.633    -0.164     0.754
 2   136.415    -4.311     7.674
 2     0.404     0.193    -0.895
 2    -0.689     0.706    -0.160
 2     0.601     0.681     0.417
 3   132.410    -3.554     1.325
 3     0.511    -0.036    -0.859
 3    -0.301     0.928    -0.218
 3     0.805     0.369     0.464
 4     0.000     0.000     0.000
 4     1.000     0.000     0.000
 4     0.000     1.000     0.000
 4     0.000     0.000     1.000
 5     0.000     0.000     0.000
 5     1.000     0.000     0.000
 5     0.000     1.000     0.000
 5     0.000     0.000     1.000
 6     0.000     0.000     0.000
 6     1.000     0.000     0.000
 6     0.000     1.000     0.000
 6     0.000     0.000     1.000
 7     0.000     0.000     0.000
 7     1.000     0.000     0.000
 7     0.000     1.000     0.000
 7     0.000     0.000     1.000
 8     0.000     0.000     0.000
 8     1.000     0.000     0.000
 8     0.000     1.000     0.000
 8     0.000     0.000     1.000
 9     0.000     0.000     0.000
 9     1.000     0.000     0.000
 9     0.000     1.000     0.000
 9     0.000     0.000     1.000
 2     0.000     0.000     0.000
 2     1.000     0.000     0.000
 2     0.000     1.000     0.000
 2     0.000     0.000     1.000
 3     0.000     0.000     0.000
 3     1.000     0.000     0.000
 3     0.000     1.000     0.000
 3     0.000     0.000     1.000
 4   117.552    15.339    -8.533
 4     0.541    -0.791     0.287
 4     0.821     0.422    -0.384
 4     0.182     0.443     0.877
 5   129.952    19.508    22.068
 5     0.675    -0.240     0.699
 5     0.094    -0.910    -0.401
 5     0.732     0.337    -0.592
 6     0.000     0.000     0.000
 6     1.000     0.000     0.000
 6     0.000     1.000     0.000
 6     0.000     0.000     1.000
 7     0.000     0.000     0.000
 7     1.000     0.000     0.000
 7     0.000     1.000     0.000
 7     0.000     0.000     1.000
 8     0.000     0.000     0.000
 8     1.000     0.000     0.000
 8     0.000     1.000     0.000
 8     0.000     0.000     1.000
 9     0.000     0.000     0.000
 9     1.000     0.000     0.000
 9     0.000     1.000     0.000
 9     0.000     0.000     1.000
 2     0.000     0.000     0.000
 2     1.000     0.000     0.000
 2     0.000     1.000     0.000
 2     0.000     0.000     1.000
 3     0.000     0.000     0.000
 3     1.000     0.000     0.000
 3     0.000     1.000     0.000
 3     0.000     0.000     1.000
 4     0.000     0.000     0.000
 4     1.000     0.000     0.000
 4     0.000     1.000     0.000
 4     0.000     0.000     1.000
 5     0.000     0.000     0.000
 5     1.000     0.000     0.000
 5     0.000     1.000     0.000
 5     0.000     0.000     1.000
 6   152.685    17.908    31.390
 6     0.866    -0.115    -0.486
 6    -0.069     0.936    -0.347
 6     0.495     0.333     0.802
 7   118.482   -24.155    -9.650
 7     0.444     0.810     0.384
 7    -0.869     0.285     0.402
 7     0.216    -0.512     0.831
 8     0.000     0.000     0.000
 8     1.000     0.000     0.000
 8     0.000     1.000     0.000
 8     0.000     0.000     1.000
 9     0.000     0.000     0.000
 9     1.000     0.000     0.000
 9     0.000     1.000     0.000
 9     0.000     0.000     1.000
 2     0.000     0.000     0.000
 2     1.000     0.000     0.000
 2     0.000     1.000     0.000
 2     0.000     0.000     1.000
 3     0.000     0.000     0.000
 3     1.000     0.000     0.000
 3     0.000     1.000     0.000
 3     0.000     0.000     1.000
 4     0.000     0.000     0.000
 4     1.000     0.000     0.000
 4     0.000     1.000     0.000
 4     0.000     0.000     1.000
 5     0.000     0.000     0.000
 5     1.000     0.000     0.000
 5     0.000     1.000     0.000
 5     0.000     0.000     1.000
 6     0.000     0.000     0.000
 6     1.000     0.000     0.000
 6     0.000     1.000     0.000
 6     0.000     0.000     1.000
 7     0.000     0.000     0.000
 7     1.000     0.000     0.000
 7     0.000     1.000     0.000
 7     0.000     0.000     1.000
 8   133.260   -29.177    16.586
 8     0.629     0.635     0.450
 8    -0.007    -0.573     0.819
 8     0.777    -0.518    -0.356
 9   155.134   -16.677    33.403
 9     0.703    -0.289    -0.654
 9     0.322     0.943    -0.063
 9     0.633    -0.164     0.754
 2   128.812    -5.664    -3.385
 2    -0.153     0.823    -0.547
 2    -0.985    -0.170     0.018
 2    -0.078     0.541     0.837
 3   132.417    -3.553     1.315
 3     0.507    -0.034    -0.861
 3    -0.302     0.929    -0.215
 3     0.807     0.369     0.460
 4     0.000     0.000     0.000
 4     1.000     0.000     0.000
 4     0.000     1.000     0.000
 4     0.000     0.000     1.000
 5     0.000     0.000     0.000
 5     1.000     0.000     0.000
 5     0.000     1.000     0.000
 5     0.000     0.000     1.000
 6     0.000     0.000     0.000
 6     1.000     0.000     0.000
 6     0.000     1.000     0.000
 6     0.000     0.000     1.000
 7     0.000     0.000     0.000
 7     1.000     0.000     0.000
 7     0.000     1.000     0.000
 7     0.000     0.000     1.000
 8     0.000     0.000     0.000
 8     1.000     0.000     0.000
 8     0.000     1.000     0.000
 8     0.000     0.000     1.000
 9     0.000     0.000     0.000
 9     1.000     0.000     0.000
 9     0.000     1.000     0.000
 9     0.000     0.000     1.000
 2     0.000     0.000     0.000
 2     1.000     0.000     0.000
 2     0.000     1.000     0.000
 2     0.000     0.000     1.000
 3     0.000     0.000     0.000
 3     1.000     0.000     0.000
 3     0.000     1.000     0.000
 3     0.000     0.000     1.000
 4   117.699    15.259    -8.520
 4     0.545    -0.790     0.282
 4     0.819     0.430    -0.380
 4     0.179     0.437     0.881
 5   130.051    19.409    22.115
 5     0.675    -0.236     0.700
 5     0.094    -0.913    -0.396
 5     0.732     0.333    -0.594
 6     0.000     0.000     0.000
 6     1.000     0.000     0.000
 6     0.000     1.000     0.000
 6     0.000     0.000     1.000
 7     0.000     0.000     0.000
 7     1.000     0.000     0.000
 7     0.000     1.000     0.000
 7     0.000     0.000     1.000
 8     0.000     0.000     0.000
 8     1.000     0.000     0.000
 8     0.000     1.000     0.000
 8     0.000     0.000     1.000
 9     0.000     0.000     0.000
 9     1.000     0.000     0.000
 9     0.000     1.000     0.000
 9     0.000     0.000     1.000
 2     0.000     0.000     0.000
 2     1.000     0.000     0.000
 2     0.000     1.000     0.000
 2     0.000     0.000     1.000
 3     0.000     0.000     0.000
 3     1.000     0.000     0.000
 3     0.000     1.000     0.000
 3     0.000     0.000     1.000
 4     0.000     0.000     0.000
 4     1.000     0.000     0.000
 4     0.000     1.000     0.000
 4     0.000     0.000     1.000
 5     0.000     0.000     0.000
 5     1.000     0.000     0.000
 5     0.000     1.000     0.000
 5     0.000     0.000     1.000
 6   152.752    17.908    31.343
 6     0.867    -0.120    -0.483
 6    -0.066     0.934    -0.353
 6     0.493     0.337     0.801
 7   118.484   -24.154    -9.602
 7     0.444     0.811     0.383
 7    -0.870     0.285     0.402
 7     0.217    -0.511     0.831
 8     0.000     0.000     0.000
 8     1.000     0.000     0.000
 8     0.000     1.000     0.000
 8     0.000     0.000     1.000
 9     0.000     0.000     0.000
 9     1.000     0.000     0.000
 9     0.000     1.000     0.000
 9     0.000     0.000     1.000
 2     0.000     0.000     0.000
 2     1.000     0.000     0.000
 2     0.000     1.000     0.000
 2     0.000     0.000     1.000
 3     0.000     0.000     0.000
 3     1.000     0.000     0.000
 3     0.000     1.000     0.000
 3     0.000     0.000     1.000
 4     0.000     0.000     0.000
 4     1.000     0.000     0.000
 4     0.000     1.000     0.000
 4     0.000     0.000     1.000
 5     0.000     0.000     0.000
 5     1.000     0.000     0.000
 5     0.000     1.000     0.000
 5     0.000     0.000     1.000
 6     0.000     0.000     0.000
 6     1.000     0.000     0.000
 6     0.000     1.000     0.000
 6     0.000     0.000     1.000
 7     0.000     0.000     0.000
 7     1.000     0.000     0.000
 7     0.000     1.000     0.000
 7     0.000     0.000     1.000
 8   133.234   -29.177    16.642
 8     0.630     0.632     0.453
 8    -0.007    -0.577     0.815
 8     0.776    -0.517    -0.359
 9   155.187   -16.677    33.431
 9     0.703    -0.285    -0.656
 9     0.322     0.943    -0.056
 9     0.633    -0.169     0.753
 2   128.860    -6.546    -3.885
 2    -0.274     0.794    -0.543
 2    -0.951    -0.138     0.277
 2     0.145     0.591     0.793
 3   132.346    -3.554     1.411
 3     0.503    -0.035    -0.864
 3    -0.305     0.928    -0.215
 3     0.808     0.371     0.456
 4     0.000     0.000     0.000
 4     1.000     0.000     0.000
 4     0.000     1.000     0.000
 4     0.000     0.000     1.000
 5     0.000     0.000     0.000
 5     1.000     0.000     0.000
 5     0.000     1.000     0.000
 5     0.000     0.000     1.000
 6     0.000     0.000     0.000
 6     1.000     0.000     0.000
 6     0.000     1.000     0.000
 6     0.000     0.000     1.000
 7     0.000     0.000     0.000
 7     1.000     0.000     0.000
 7     0.000     1.000     0.000
 7     0.000     0.000     1.000
 8     0.000     0.000     0.000
 8     1.000     0.000     0.000
 8     0.000     1.000     0.000
 8     0.000     0.000     1.000
 9     0.000     0.000     0.000
 9     1.000     0.000     0.000
 9     0.000     1.000     0.000
 9     0.000     0.000     1.000
 2     0.000     0.000     0.000
 2     1.000     0.000     0.000
 2     0.000     1.000     0.000
 2     0.000     0.000     1.000
 3     0.000     0.000     0.000
 3     1.000     0.000     0.000
 3     0.000     1.000     0.000
 3     0.000     0.000     1.000
 4   117.723    15.205    -8.512
 4     0.551    -0.788     0.277
 4     0.816     0.437    -0.378
 4     0.177     0.433     0.883
 5   129.997    19.357    22.169
 5     0.675    -0.235     0.700
 5     0.094    -0.913    -0.395
 5     0.731     0.332    -0.595
 6     0.000     0.000     0.000
 6     1.000     0.000     0.000
 6     0.000     1.000     0.000
 6     0.000     0.000     1.000
 7     0.000     0.000     0.000
 7     1.000     0.000     0.000
 7     0.000     1.000     0.000
 7     0.000     0.000     1.000
 8     0.000     0.000     0.000
 8     1.000     0.000     0.000
 8     0.000     1.000     0.000
 8     0.000     0.000     1.000
 9     0.000     0.000     0.000
 9     1.000     0.000     0.000
 9     0.000     1.000     0.000
 9     0.000     0.000     1.000
 2     0.000     0.000     0.000
 2     1.000     0.000     0.000
 2     0.000     1.000     0.000
 2     0.000     0.000     1.000
 3     0.000     0.000     0.000
 3     1.000     0.000     0.000
 3     0.000     1.000     0.000
 3     0.000     0.000     1.000
 4     0.000     0.000     0.000
 4     1.000     0.000     0.000
 4     0.000     1.000     0.000
 4     0.000     0.000     1.000
 5     0.000     0.000     0.000
 5     1.000     0.000     0.000
 5     0.000     1.000     0.000
 5     0.000     0.000     1.000
 6   152.751    17.908    31.342
 6     0.868    -0.122    -0.482
 6    -0.065     0.933    -0.355
 6     0.493     0.338     0.801
 7   118.486   -24.179    -9.580
 7     0.443     0.811     0.383
 7    -0.870     0.284     0.402
 7     0.218    -0.510     0.832
 8     0.000     0.000     0.000
 8     1.000     0.000     0.000
 8     0.000     1.000     0.000
 8     0.000     0.000     1.000
 9     0.000     0.000     0.000
 9     1.000     0.000     0.000
 9     0.000     1.000     0.000
 9     0.000     0.000     1.000
 2     0.000     0.000     0.000
 2     1.000     0.000     0.000
 2     0.000     1.000     0.000
 2     0.000     0.000     1.000
 3     0.000     0.000     0.000
 3     1.000     0.000     0.000
 3     0.000     1.000     0.000
 3     0.000     0.000     1.000
 4     0.000     0.000     0.000
 4     1.000     0.000     0.000
 4     0.000     1.000     0.000
 4     0.000     0.000     1.000
 5     0.000     0.000     0.000
 5     1.000     0.000     0.000
 5     0.000     1.000     0.000
 5     0.000     0.000     1.000
 6     0.000     0.000     0.000
 6     1.000     0.000     0.000
 6     0.000     1.000     0.000
 6     0.000     0.000     1.000
 7     0.000     0.000     0.000
 7     1.000     0.000     0.000
 7     0.000     1.000     0.000
 7     0.000     0.000     1.000
 8   133.235   -29.226    16.693
 8     0.631     0.631     0.453
 8    -0.006    -0.578     0.815
 8     0.776    -0.516    -0.361
 9   155.181   -16.729    33.362
 9     0.704    -0.285    -0.654
 9     0.323     0.944    -0.055
 9     0.631    -0.170     0.754
 2   127.636    -5.500    -3.937
 2    -0.229     0.922    -0.313
 2    -0.971    -0.241    -0.002
 2    -0.076     0.303     0.950
 3   132.346    -3.554     1.411
 3     0.503    -0.036    -0.864
 3    -0.305     0.927    -0.216
 3     0.808     0.371     0.456
 4     0.000     0.000     0.000
 4     1.000     0.000     0.000
 4     0.000     1.000     0.000
 4     0.000     0.000     1.000
 5     0.000     0.000     0.000
 5     1.000     0.000     0.000
 5     0.000     1.000     0.000
 5     0.000     0.000     1.000
 6     0.000     0.000     0.000
 6     1.000     0.000     0.000
 6     0.000     1.000     0.000
 6     0.000     0.000     1.000
 7     0.000     0.000     0.000
 7     1.000     0.000     0.000
 7     0.000     1.000     0.000
 7     0.000     0.000     1.000
 8     0.000     0.000     0.000
 8     1.000     0.000     0.000
 8     0.000     1.000     0.000
 8     0.000     0.000     1.000
 9     0.000     0.000     0.000
 9     1.000     0.000     0.000
 9     0.000     1.000     0.000
 9     0.000     0.000     1.000
 2     0.000     0.000     0.000
 2     1.000     0.000     0.000
 2     0.000     1.000     0.000
 2     0.000     0.000     1.000
 3     0.000     0.000     0.000
 3     1.000     0.000     0.000
 3     0.000     1.000     0.000
 3     0.000     0.000     1.000
 4   117.651    15.286    -8.524
 4     0.545    -0.790     0.282
 4     0.819     0.429    -0.380
 4     0.180     0.438     0.880
 5   129.997    19.331    22.169
 5     0.675    -0.234     0.701
 5     0.094    -0.914    -0.393
 5     0.731     0.332    -0.595
 6     0.000     0.000     0.000
 6     1.000     0.000     0.000
 6     0.000     1.000     0.000
 6     0.000     0.000     1.000
 7     0.000     0.000     0.000
 7     1.000     0.000     0.000
 7     0.000     1.000     0.000
 7     0.000     0.000     1.000
 8     0.000     0.000     0.000
 8     1.000     0.000     0.000
 8     0.000     1.000     0.000
 8     0.000     0.000     1.000
 9     0.000     0.000     0.000
 9     1.000     0.000     0.000
 9     0.000     1.000     0.000
 9     0.000     0.000     1.000
 2     0.000     0.000     0.000
 2     1.000     0.000     0.000
 2     0.000     1.000     0.000
 2     0.000     0.000     1.000
 3     0.000     0.000     0.000
 3     1.000     0.000     0.000
 3     0.000     1.000     0.000
 3     0.000     0.000     1.000
 4     0.000     0.000     0.000
 4     1.000     0.000     0.000
 4     0.000     1.000     0.000
 4     0.000     0.000     1.000
 5     0.000     0.000     0.000
 5     1.000     0.000     0.000
 5     0.000     1.000     0.000
 5     0.000     0.000     1.000
 6   152.751    17.908    31.393
 6     0.867    -0.122    -0.482
 6    -0.066     0.932    -0.356
 6     0.493     0.340     0.800
 7   118.481   -24.104    -9.600
 7     0.445     0.810     0.382
 7    -0.869     0.287     0.402
 7     0.216    -0.510     0.832
 8     0.000     0.000     0.000
 8     1.000     0.000     0.000
 8     0.000     1.000     0.000
 8     0.000     0.000     1.000
 9     0.000     0.000     0.000
 9     1.000     0.000     0.000
 9     0.000     1.000     0.000
 9     0.000     0.000     1.000
 2     0.000     0.000     0.000
 2     1.000     0.000     0.000
 2     0.000     1.000     0.000
 2     0.000     0.000     1.000
 3     0.000     0.000     0.000
 3     1.000     0.000     0.000
 3     0.000     1.000     0.000
 3     0.000     0.000     1.000
 4     0.000     0.000     0.000
 4     1.000     0.000     0.000
 4     0.000     1.000     0.000
 4     0.000     0.000     1.000
 5     0.000     0.000     0.000
 5     1.000     0.000     0.000
 5     0.000     1.000     0.000
 5     0.000     0.000     1.000
 6     0.000     0.000     0.000
 6     1.000     0.000     0.000
 6     0.000     1.000     0.000
 6     0.000     0.000     1.000
 7     0.000     0.000     0.000
 7     1.000     0.000     0.000
 7     0.000     1.000     0.000
 7     0.000     0.000     1.000
 8   133.258   -29.152    16.642
 8     0.630     0.632     0.452
 8    -0.007    -0.576     0.816
 8     0.776    -0.518    -0.359
 9   155.186   -16.728    33.405
 9     0.703    -0.285    -0.656
 9     0.321     0.944    -0.057
 9     0.633    -0.167     0.753
 2   129.552    -4.440    -1.734
 2     0.114     0.466    -0.877
 2    -0.960    -0.176    -0.218
 2    -0.255     0.867     0.427
 3   132.492    -3.432     1.268
 3     0.516    -0.035    -0.856
 3    -0.304     0.927    -0.221
 3     0.801     0.374     0.467
 4     0.000     0.000     0.000
 4     1.000     0.000     0.000
 4     0.000     1.000     0.000
 4     0.000     0.000     1.000
 5     0.000     0.000     0.000
 5     1.000     0.000     0.000
 5     0.000     1.000     0.000
 5     0.000     0.000     1.000
 6     0.000     0.000     0.000
 6     1.000     0.000     0.000
 6     0.000     1.000     0.000
 6     0.000     0.000     1.000
 7     0.000     0.000     0.000
 7     1.000     0.000     0.000
 7     0.000     1.000     0.000
 7     0.000     0.000     1.000
 8     0.000     0.000     0.000
 8     1.000     0.000     0.000
 8     0.000     1.000     0.000
 8     0.000     0.000     1.000
 9     0.000     0.000     0.000
 9     1.000     0.000     0.000
 9     0.000     1.000     0.000
 9     0.000     0.000     1.000
 2     0.000     0.000     0.000
 2     1.000     0.000     0.000
 2     0.000     1.000     0.000
 2     0.000     0.000     1.000
 3     0.000     0.000     0.000
 3     1.000     0.000     0.000
 3     0.000     1.000     0.000
 3     0.000     0.000     1.000
 4   117.646    15.387    -8.523
 4     0.542    -0.790     0.286
 4     0.821     0.425    -0.380
 4     0.179     0.441     0.879
 5   129.996    19.408    22.117
 5     0.676    -0.234     0.700
 5     0.094    -0.914    -0.392
 5     0.731     0.331    -0.596
 6     0.000     0.000     0.000
 6     1.000     0.000     0.000
 6     0.000     1.000     0.000
 6     0.000     0.000     1.000
 7     0.000     0.000     0.000
 7     1.000     0.000     0.000
 7     0.000     1.000     0.000
 7     0.000     0.000     1.000
 8     0.000     0.000     0.000
 8     1.000     0.000     0.000
 8     0.000     1.000     0.000
 8     0.000     0.000     1.000
 9     0.000     0.000     0.000
 9     1.000     0.000     0.000
 9     0.000     1.000     0.000
 9     0.000     0.000     1.000
 2     0.000     0.000     0.000
 2     1.000     0.000     0.000
 2     0.000     1.000     0.000
 2     0.000     0.000     1.000
 3     0.000     0.000     0.000
 3     1.000     0.000     0.000
 3     0.000     1.000     0.000
 3     0.000     0.000     1.000
 4     0.000     0.000     0.000
 4     1.000     0.000     0.000
 4     0.000     1.000     0.000
 4     0.000     0.000     1.000
 5     0.000     0.000     0.000
 5     1.000     0.000     0.000
 5     0.000     1.000     0.000
 5     0.000     0.000     1.000
 6   152.751    17.959    31.291
 6     0.867    -0.122    -0.483
 6    -0.066     0.933    -0.355
 6     0.493     0.339     0.800
 7   118.582   -24.052    -9.651
 7     0.447     0.809     0.383
 7    -0.868     0.288     0.402
 7     0.216    -0.512     0.831
 8     0.000     0.000     0.000
 8     1.000     0.000     0.000
 8     0.000     1.000     0.000
 8     0.000     0.000     1.000
 9     0.000     0.000     0.000
 9     1.000     0.000     0.000
 9     0.000     1.000     0.000
 9     0.000     0.000     1.000
 2     0.000     0.000     0.000
 2     1.000     0.000     0.000
 2     0.000     1.000     0.000
 2     0.000     0.000     1.000
 3     0.000     0.000     0.000
 3     1.000     0.000     0.000
 3     0.000     1.000     0.000
 3     0.000     0.000     1.000
 4     0.000     0.000     0.000
 4     1.000     0.000     0.000
 4     0.000     1.000     0.000
 4     0.000     0.000     1.000
 5     0.000     0.000     0.000
 5     1.000     0.000     0.000
 5     0.000     1.000     0.000
 5     0.000     0.000     1.000
 6     0.000     0.000     0.000
 6     1.000     0.000     0.000
 6     0.000     1.000     0.000
 6     0.000     0.000     1.000
 7     0.000     0.000     0.000
 7     1.000     0.000     0.000
 7     0.000     1.000     0.000
 7     0.000     0.000     1.000
 8   133.312   -29.151    16.587
 8     0.630     0.632     0.453
 8    -0.008    -0.576     0.816
 8     0.777    -0.518    -0.358
 9   155.189   -16.676    33.350
 9     0.703    -0.286    -0.656
 9     0.321     0.944    -0.059
 9     0.634    -0.166     0.752
 2   129.559    -5.913    -2.616
 2    -0.144     0.553    -0.821
 2    -0.988    -0.123     0.090
 2    -0.051     0.824     0.564
 3   132.416    -3.528     1.313
 3     0.507    -0.037    -0.861
 3    -0.303     0.927    -0.218
 3     0.807     0.371     0.458
 4     0.000     0.000     0.000
 4     1.000     0.000     0.000
 4     0.000     1.000     0.000
 4     0.000     0.000     1.000
 5     0.000     0.000     0.000
 5     1.000     0.000     0.000
 5     0.000     1.000     0.000
 5     0.000     0.000     1.000
 6     0.000     0.000     0.000
 6     1.000     0.000     0.000
 6     0.000     1.000     0.000
 6     0.000     0.000     1.000
 7     0.000     0.000     0.000
 7     1.000     0.000     0.000
 7     0.000     1.000     0.000
 7     0.000     0.000     1.000
 8     0.000     0.000     0.000
 8     1.000     0.000     0.000
 8     0.000     1.000     0.000
 8     0.000     0.000     1.000
 9     0.000     0.000     0.000
 9     1.000     0.000     0.000
 9     0.000     1.000     0.000
 9     0.000     0.000     1.000
 2     0.000     0.000     0.000
 2     1.000     0.000     0.000
 2     0.000     1.000     0.000
 2     0.000     0.000     1.000
 3     0.000     0.000     0.000
 3     1.000     0.000     0.000
 3     0.000     1.000     0.000
 3     0.000     0.000     1.000
 4   117.692    15.282    -8.563
 4     0.547    -0.789     0.283
 4     0.819     0.432    -0.378
 4     0.176     0.438     0.881
 5   130.046    19.357    22.066
 5     0.676    -0.234     0.700
 5     0.094    -0.914    -0.393
 5     0.731     0.331    -0.596
 6     0.000     0.000     0.000
 6     1.000     0.000     0.000
 6     0.000     1.000     0.000
 6     0.000     0.000     1.000
 7     0.000     0.000     0.000
 7     1.000     0.000     0.000
 7     0.000     1.000     0.000
 7     0.000     0.000     1.000
 8     0.000     0.000     0.000
 8     1.000     0.000     0.000
