% Calibrated with leiden_pols
% Positions are in centimeters
Data =[
 2    97.653   -19.393    59.068
 2     0.658    -0.754     0.003
 2     0.752     0.657     0.029
 2    -0.023    -0.018     0.999
 3   133.884    -5.247     4.990
 3     0.481    -0.113    -0.870
 3     0.132     0.989    -0.054
 3     0.866    -0.090     0.490
 4   120.530    11.946    -3.384
 4     0.391    -0.897     0.209
 4     0.893     0.315    -0.321
 4     0.222     0.311     0.924
 5   121.021    18.783    22.833
 5     0.354    -0.439     0.828
 5     0.198    -0.829    -0.522
 5     0.914     0.347    -0.205
 6   134.775    23.578    45.438
 6     0.344    -0.546    -0.767
 6     0.124     0.833    -0.535
 6     0.930     0.087     0.353
 7   121.228   -23.454    -3.021
 7     0.493     0.846     0.206
 7    -0.858     0.432     0.276
 7     0.145    -0.313     0.938
 8   124.426   -30.330    22.088
 8     0.211     0.737     0.642
 8    -0.037    -0.650     0.758
 8     0.977    -0.183    -0.109
 9   134.212   -31.252    44.723
 9     0.239     0.493    -0.839
 9     0.067     0.851     0.518
 9     0.968    -0.177     0.169
 2    97.653   -19.393    59.068
 2     0.658    -0.754     0.003
 2     0.752     0.657     0.029
 2    -0.023    -0.018     0.999
 3   133.885    -5.272     4.990
 3     0.482    -0.110    -0.870
 3     0.132     0.990    -0.051
 3     0.866    -0.091     0.491
 4   120.573    11.949    -3.355
 4     0.398    -0.894     0.207
 4     0.888     0.319    -0.330
 4     0.229     0.315     0.921
 5   121.150    18.898    22.783
 5     0.365    -0.433     0.826
 5     0.208    -0.826    -0.522
 5     0.907     0.360    -0.211
 6   134.980    23.856    45.290
 6     0.350    -0.545    -0.766
 6     0.133     0.834    -0.532
 6     0.927     0.082     0.362
 7   121.226   -23.455    -3.017
 7     0.493     0.845     0.208
 7    -0.858     0.432     0.276
 7     0.144    -0.314     0.938
 8   124.706   -30.488    21.977
 8     0.231     0.731     0.642
 8    -0.052    -0.650     0.758
 8     0.971    -0.208    -0.111
 9   134.923   -31.919    44.284
 9     0.261     0.502    -0.827
 9     0.049     0.846     0.528
 9     0.964    -0.176     0.195
 2    97.653   -19.393    59.068
 2     0.658    -0.754     0.003
 2     0.752     0.657     0.029
 2    -0.023    -0.018     0.999
 3   133.885    -5.198     4.914
 3     0.483    -0.107    -0.870
 3     0.130     0.990    -0.049
 3     0.866    -0.090     0.491
 4   120.636    12.053    -3.320
 4     0.404    -0.891     0.208
 4     0.884     0.322    -0.338
 4     0.234     0.319     0.918
 5   121.489    19.231    22.757
 5     0.386    -0.418     0.824
 5     0.230    -0.821    -0.522
 5     0.893     0.389    -0.220
 6   135.956    24.730    44.681
 6     0.372    -0.541    -0.758
 6     0.153     0.837    -0.520
 6     0.915     0.076     0.393
 7   121.173   -23.328    -3.160
 7     0.498     0.840     0.215
 7    -0.856     0.435     0.279
 7     0.141    -0.323     0.936
 8   125.090   -30.664    21.944
 8     0.257     0.719     0.646
 8    -0.066    -0.653     0.753
 8     0.964    -0.235    -0.120
 9   135.734   -32.304    43.826
 9     0.286     0.502    -0.819
 9     0.038     0.846     0.529
 9     0.957    -0.180     0.222
 2    97.653   -19.393    59.068
 2     0.658    -0.754     0.003
 2     0.752     0.657     0.029
 2    -0.023    -0.018     0.999
 3   133.890    -5.196     4.856
 3     0.481    -0.107    -0.870
 3     0.129     0.990    -0.049
 3     0.867    -0.089     0.490
 4   120.506    11.998    -3.362
 4     0.409    -0.889     0.206
 4     0.882     0.328    -0.336
 4     0.231     0.319     0.919
 5   122.061    19.571    22.781
 5     0.421    -0.405     0.814
 5     0.255    -0.807    -0.531
 5     0.870     0.429    -0.236
 6   137.302    25.384    43.809
 6     0.409    -0.525    -0.751
 6     0.168     0.848    -0.499
 6     0.896     0.076     0.433
 7   121.082   -23.322    -3.068
 7     0.504     0.836     0.219
 7    -0.852     0.438     0.286
 7     0.144    -0.330     0.932
 8   125.797   -31.048    22.104
 8     0.300     0.707     0.641
 8    -0.081    -0.650     0.755
 8     0.950    -0.278    -0.137
 9   137.474   -32.876    43.113
 9     0.328     0.479    -0.817
 9     0.027     0.857     0.511
 9     0.944    -0.188     0.268
 2    97.653   -19.342    59.067
 2     0.658    -0.754     0.004
 2     0.752     0.657     0.029
 2    -0.023    -0.017     0.999
 3   133.775    -5.244     4.793
 3     0.477    -0.107    -0.872
 3     0.129     0.990    -0.050
 3     0.869    -0.089     0.486
 4   120.393    11.890    -3.473
 4     0.417    -0.885     0.210
 4     0.880     0.335    -0.334
 4     0.225     0.324     0.919
 5   123.250    19.886    22.896
 5     0.479    -0.386     0.789
 5     0.280    -0.785    -0.552
 5     0.832     0.484    -0.268
 6   139.644    25.817    42.701
 6     0.466    -0.489    -0.742
 6     0.172     0.868    -0.461
 6     0.868     0.086     0.487
 7   120.988   -23.327    -3.139
 7     0.509     0.830     0.229
 7    -0.850     0.443     0.284
 7     0.134    -0.339     0.931
 8   127.004   -31.390    22.078
 8     0.364     0.690     0.626
 8    -0.099    -0.639     0.762
 8     0.926    -0.339    -0.163
 9   139.859   -32.999    41.858
 9     0.388     0.438    -0.814
 9     0.020     0.876     0.479
 9     0.921    -0.201     0.330
 2    97.603   -19.393    59.068
 2     0.658    -0.754     0.003
 2     0.752     0.657     0.029
 2    -0.023    -0.018     0.999
 3   133.687    -5.268     4.756
 3     0.473    -0.103    -0.875
 3     0.126     0.991    -0.047
 3     0.871    -0.089     0.481
 4   120.362    11.935    -3.519
 4     0.428    -0.878     0.217
 4     0.876     0.344    -0.338
 4     0.222     0.334     0.916
 5   124.400    20.176    23.020
 5     0.534    -0.366     0.764
 5     0.295    -0.765    -0.571
 5     0.792     0.530    -0.301
 6   141.766    25.949    41.576
 6     0.516    -0.465    -0.723
 6     0.170     0.879    -0.441
 6     0.839     0.104     0.532
 7   121.009   -23.233    -3.276
 7     0.516     0.823     0.240
 7    -0.848     0.451     0.277
 7     0.120    -0.346     0.930
 8   128.246   -31.699    21.834
 8     0.423     0.676     0.605
 8    -0.109    -0.624     0.773
 8     0.899    -0.392    -0.189
 9   142.048   -32.853    40.695
 9     0.436     0.393    -0.812
 9     0.023     0.894     0.444
 9     0.899    -0.212     0.380
 2    97.603   -19.342    59.068
 2     0.658    -0.754     0.003
 2     0.752     0.657     0.029
 2    -0.023    -0.018     0.999
 3   133.681    -5.237     4.730
 3     0.467    -0.103    -0.878
 3     0.125     0.991    -0.049
 3     0.875    -0.087     0.475
 4   120.381    12.031    -3.563
 4     0.437    -0.873     0.221
 4     0.872     0.350    -0.339
 4     0.219     0.340     0.914
 5   125.334    20.404    23.003
 5     0.577    -0.345     0.741
 5     0.306    -0.750    -0.586
 5     0.757     0.564    -0.328
 6   143.279    26.268    40.424
 6     0.557    -0.453    -0.701
 6     0.174     0.884    -0.429
 6     0.812     0.118     0.570
 7   120.931   -23.114    -3.366
 7     0.524     0.815     0.248
 7    -0.845     0.461     0.270
 7     0.107    -0.351     0.930
 8   129.370   -31.729    21.691
 8     0.482     0.649     0.591
 8    -0.118    -0.618     0.776
 8     0.868    -0.443    -0.221
 9   144.002   -32.892    39.406
 9     0.490     0.367    -0.792
 9     0.023     0.901     0.431
 9     0.871    -0.229     0.433
 2    97.603   -19.393    59.068
 2     0.658    -0.754     0.003
 2     0.752     0.657     0.029
 2    -0.023    -0.018     0.999
 3   133.646    -5.180     4.661
 3     0.460    -0.105    -0.882
 3     0.126     0.990    -0.051
 3     0.878    -0.088     0.469
 4   120.341    12.050    -3.572
 4     0.442    -0.869     0.226
 4     0.871     0.355    -0.337
 4     0.213     0.345     0.914
 5   125.907    20.622    22.789
 5     0.605    -0.325     0.728
 5     0.318    -0.740    -0.592
 5     0.730     0.589    -0.345
 6   144.513    26.533    39.353
 6     0.598    -0.437    -0.674
 6     0.173     0.889    -0.420
 6     0.782     0.134     0.607
 7   120.912   -23.068    -3.390
 7     0.529     0.810     0.254
 7    -0.843     0.467     0.267
 7     0.098    -0.355     0.929
 8   130.211   -31.705    21.659
 8     0.534     0.616     0.581
 8    -0.124    -0.621     0.773
 8     0.836    -0.484    -0.255
 9   145.841   -32.803    38.110
 9     0.539     0.349    -0.767
 9     0.023     0.904     0.426
 9     0.841    -0.247     0.479
 2    97.603   -19.393    59.068
 2     0.658    -0.754     0.003
 2     0.752     0.657     0.029
 2    -0.023    -0.018     0.999
 3   133.661    -5.123     4.642
 3     0.454    -0.107    -0.885
 3     0.127     0.990    -0.054
 3     0.881    -0.089     0.463
 4   120.270    12.142    -3.650
 4     0.448    -0.864     0.233
 4     0.870     0.361    -0.333
 4     0.204     0.351     0.914
 5   126.873    20.803    22.504
 5     0.643    -0.295     0.708
 5     0.326    -0.730    -0.599
 5     0.693     0.616    -0.374
 6   146.337    26.711    37.715
 6     0.649    -0.422    -0.635
 6     0.173     0.893    -0.413
 6     0.740     0.158     0.652
 7   120.846   -23.021    -3.392
 7     0.534     0.805     0.261
 7    -0.841     0.472     0.264
 7     0.090    -0.360     0.928
 8   131.170   -31.789    21.544
 8     0.597     0.575     0.562
 8    -0.128    -0.622     0.771
 8     0.792    -0.532    -0.297
 9   147.603   -32.842    36.642
 9     0.590     0.329    -0.738
 9     0.022     0.906     0.421
 9     0.807    -0.266     0.527
 2    97.603   -19.342    59.068
 2     0.658    -0.754     0.003
 2     0.752     0.657     0.029
 2    -0.023    -0.018     0.999
 3   133.627    -5.118     4.623
 3     0.450    -0.107    -0.887
 3     0.128     0.990    -0.054
 3     0.884    -0.090     0.459
 4   120.200    12.133    -3.702
 4     0.456    -0.858     0.239
 4     0.868     0.369    -0.330
 4     0.195     0.357     0.913
 5   127.445    20.822    22.362
 5     0.668    -0.282     0.689
 5     0.323    -0.725    -0.607
 5     0.670     0.628    -0.394
 6   147.235    26.608    36.847
 6     0.676    -0.411    -0.614
 6     0.169     0.895    -0.410
 6     0.717     0.174     0.674
 7   120.694   -22.978    -3.456
 7     0.541     0.797     0.271
 7    -0.838     0.480     0.259
 7     0.077    -0.367     0.927
 8   132.750   -31.726    21.107
 8     0.665     0.533     0.525
 8    -0.126    -0.610     0.781
 8     0.736    -0.585    -0.339
 9   150.291   -32.724    34.095
 9     0.661     0.292    -0.691
 9     0.024     0.912     0.408
 9     0.750    -0.287     0.596
 2    97.603   -19.342    59.068
 2     0.658    -0.754     0.003
 2     0.752     0.657     0.029
 2    -0.023    -0.018     0.999
 3   133.558    -5.115     4.566
 3     0.446    -0.106    -0.889
 3     0.129     0.990    -0.053
 3     0.885    -0.092     0.454
 4   120.050    12.174    -3.778
 4     0.460    -0.853     0.248
 4     0.868     0.374    -0.326
 4     0.185     0.365     0.912
 5   128.058    20.836    22.055
 5     0.696    -0.267     0.668
 5     0.318    -0.719    -0.617
 5     0.643     0.642    -0.416
 6   148.475    26.464    35.517
 6     0.713    -0.388    -0.585
 6     0.158     0.901    -0.402
 6     0.682     0.195     0.704
 7   120.563   -22.960    -3.536
 7     0.550     0.785     0.286
 7    -0.833     0.490     0.256
 7     0.061    -0.378     0.923
 8   134.348   -31.719    20.214
 8     0.729     0.492     0.478
 8    -0.122    -0.592     0.795
 8     0.673    -0.638    -0.372
 9   152.806   -32.247    31.308
 9     0.724     0.243    -0.645
 9     0.033     0.922     0.385
 9     0.688    -0.300     0.660
 2    97.603   -19.342    59.118
 2     0.658    -0.754     0.003
 2     0.752     0.657     0.029
 2    -0.023    -0.018     0.999
 3   133.513    -5.063     4.483
 3     0.445    -0.105    -0.890
 3     0.130     0.990    -0.051
 3     0.886    -0.093     0.454
 4   119.871    12.162    -3.874
 4     0.466    -0.846     0.259
 4     0.868     0.380    -0.320
 4     0.173     0.373     0.911
 5   128.570    20.886    21.697
 5     0.715    -0.256     0.652
 5     0.317    -0.712    -0.626
 5     0.623     0.654    -0.428
 6   149.220    26.367    34.680
 6     0.732    -0.374    -0.571
 6     0.154     0.905    -0.393
 6     0.663     0.200     0.721
 7   120.437   -22.875    -3.588
 7     0.557     0.773     0.305
 7    -0.829     0.502     0.244
 7     0.036    -0.388     0.920
 8   135.936   -31.773    19.049
 8     0.791     0.424     0.441
 8    -0.130    -0.587     0.798
 8     0.597    -0.689    -0.411
 9   155.406   -32.273    27.439
 9     0.796     0.201    -0.571
 9     0.032     0.928     0.372
 9     0.604    -0.315     0.732
 2    97.603   -19.342    59.068
 2     0.658    -0.754     0.003
 2     0.752     0.657     0.029
 2    -0.023    -0.018     0.999
 3   133.411    -5.116     4.314
 3     0.447    -0.098    -0.889
 3     0.129     0.990    -0.043
 3     0.885    -0.096     0.455
 4   119.841    12.175    -3.946
 4     0.474    -0.838     0.273
 4     0.865     0.386    -0.318
 4     0.161     0.386     0.908
 5   129.254    20.857    21.369
 5     0.736    -0.248     0.631
 5     0.310    -0.705    -0.637
 5     0.601     0.665    -0.443
 6   150.248    26.110    33.538
 6     0.757    -0.351    -0.552
 6     0.145     0.913    -0.380
 6     0.637     0.208     0.742
 7   120.191   -22.722    -3.763
 7     0.565     0.757     0.331
 7    -0.825     0.516     0.226
 7     0.001    -0.400     0.916
 8   137.034   -31.744    17.745
 8     0.837     0.373     0.401
 8    -0.133    -0.572     0.808
 8     0.531    -0.730    -0.430
 9   157.056   -32.080    24.032
 9     0.846     0.163    -0.507
 9     0.034     0.933     0.359
 9     0.532    -0.320     0.783
 2    97.603   -19.342    59.068
 2     0.658    -0.754     0.003
 2     0.752     0.657     0.029
 2    -0.023    -0.018     0.999
 3   133.407    -5.069     4.142
 3     0.449    -0.094    -0.888
 3     0.125     0.991    -0.041
 3     0.884    -0.094     0.457
 4   119.614    12.266    -3.975
 4     0.481    -0.828     0.290
 4     0.864     0.390    -0.318
 4     0.151     0.402     0.902
 5   129.810    20.979    21.119
 5     0.757    -0.235     0.611
 5     0.304    -0.700    -0.645
 5     0.578     0.674    -0.459
 6   151.136    25.898    32.410
 6     0.784    -0.330    -0.527
 6     0.135     0.917    -0.373
 6     0.606     0.222     0.763
 7   119.986   -22.657    -3.899
 7     0.566     0.752     0.340
 7    -0.824     0.522     0.218
 7    -0.013    -0.402     0.915
 8   137.398   -31.580    17.296
 8     0.852     0.357     0.383
 8    -0.126    -0.568     0.812
 8     0.507    -0.741    -0.440
 9   157.513   -31.642    22.951
 9     0.861     0.144    -0.487
 9     0.043     0.934     0.356
 9     0.506    -0.327     0.797
 2    97.603   -19.342    59.068
 2     0.658    -0.754     0.003
 2     0.752     0.657     0.029
 2    -0.023    -0.018     0.999
 3   133.332    -5.044     4.041
 3     0.450    -0.093    -0.888
 3     0.125     0.991    -0.039
 3     0.884    -0.095     0.457
 4   119.405    12.253    -4.067
 4     0.485    -0.821     0.303
 4     0.863     0.395    -0.312
 4     0.137     0.412     0.900
 5   130.293    20.900    20.664
 5     0.775    -0.223     0.592
 5     0.301    -0.693    -0.654
 5     0.555     0.685    -0.471
 6   151.956    25.587    31.103
 6     0.808    -0.306    -0.504
 6     0.126     0.924    -0.358
 6     0.575     0.226     0.786
 7   119.827   -22.687    -3.884
 7     0.566     0.750     0.343
 7    -0.824     0.523     0.215
 7    -0.018    -0.404     0.914
 8   137.829   -31.732    16.667
 8     0.874     0.326     0.362
 8    -0.127    -0.564     0.815
 8     0.469    -0.759    -0.452
 9   158.133   -31.504    20.979
 9     0.888     0.117    -0.444
 9     0.050     0.936     0.350
 9     0.456    -0.332     0.825
 2    97.603   -19.393    59.118
 2     0.658    -0.754     0.003
 2     0.752     0.657     0.029
 2    -0.023    -0.018     0.999
 3   133.214    -5.222     3.969
 3     0.451    -0.074    -0.890
 3     0.125     0.992    -0.019
 3     0.884    -0.103     0.456
 4   119.380    12.140    -4.089
 4     0.494    -0.812     0.311
 4     0.860     0.404    -0.310
 4     0.126     0.420     0.898
 5   130.703    20.652    20.360
 5     0.788    -0.219     0.575
 5     0.294    -0.688    -0.662
 5     0.540     0.691    -0.479
 6   152.584    25.135    30.359
 6     0.823    -0.289    -0.490
 6     0.117     0.929    -0.351
 6     0.556     0.231     0.797
 7   119.269   -22.719    -3.946
 7     0.567     0.739     0.366
 7    -0.822     0.537     0.188
 7    -0.057    -0.406     0.911
 8   138.691   -32.161    14.463
 8     0.918     0.239     0.317
 8    -0.145    -0.542     0.827
 8     0.369    -0.806    -0.464
 9   159.504   -31.969    15.209
 9     0.945     0.062    -0.321
 9     0.047     0.945     0.324
 9     0.323    -0.319     0.890
 2    97.603   -19.342    59.068
 2     0.658    -0.754     0.003
 2     0.752     0.657     0.029
 2    -0.023    -0.018     0.999
 3   133.112    -5.304     3.875
 3     0.453    -0.064    -0.889
 3     0.120     0.992    -0.009
 3     0.883    -0.104     0.457
 4   119.260    12.131    -4.096
 4     0.503    -0.803     0.323
 4     0.856     0.411    -0.312
 4     0.118     0.432     0.893
 5   131.012    20.581    20.157
 5     0.801    -0.214     0.560
 5     0.286    -0.684    -0.670
 5     0.525     0.697    -0.488
 6   153.139    24.760    29.538
 6     0.837    -0.270    -0.477
 6     0.107     0.934    -0.341
 6     0.537     0.234     0.810
 7   118.873   -22.576    -4.047
 7     0.572     0.725     0.386
 7    -0.814     0.558     0.157
 7    -0.101    -0.404     0.909
 8   139.377   -32.416    11.977
 8     0.951     0.148     0.271
 8    -0.160    -0.515     0.842
 8     0.264    -0.844    -0.466
 9   160.092   -31.847     9.614
 9     0.980     0.012    -0.197
 9     0.047     0.954     0.295
 9     0.191    -0.297     0.935
 2    97.603   -19.342    59.068
 2     0.658    -0.754     0.003
 2     0.752     0.657     0.029
 2    -0.023    -0.018     0.999
 3   132.933    -5.306     3.831
 3     0.455    -0.058    -0.888
 3     0.119     0.993    -0.004
 3     0.882    -0.104     0.459
 4   118.934    12.094    -4.171
 4     0.508    -0.795     0.334
 4     0.854     0.416    -0.309
 4     0.107     0.442     0.890
 5   131.246    20.537    19.928
 5     0.812    -0.206     0.547
 5     0.283    -0.680    -0.676
 5     0.510     0.704    -0.495
 6   153.425    24.541    28.883
 6     0.847    -0.260    -0.464
 6     0.103     0.936    -0.335
 6     0.521     0.235     0.820
 7   118.552   -22.567    -3.936
 7     0.575     0.717     0.396
 7    -0.809     0.570     0.143
 7    -0.122    -0.401     0.907
 8   139.552   -32.404    10.761
 8     0.965     0.097     0.242
 8    -0.161    -0.509     0.845
 8     0.205    -0.855    -0.476
 9   160.116   -31.833     6.426
 9     0.992    -0.016    -0.123
 9     0.050     0.957     0.288
 9     0.113    -0.291     0.949
 2    97.603   -19.342    59.068
 2     0.658    -0.754     0.003
 2     0.752     0.657     0.029
 2    -0.023    -0.018     0.999
 3   132.862    -5.434     3.833
 3     0.456    -0.050    -0.888
 3     0.118     0.993     0.005
 3     0.882    -0.108     0.458
 4   118.925    11.988    -4.211
 4     0.511    -0.792     0.336
 4     0.853     0.420    -0.307
 4     0.103     0.443     0.890
 5   131.238    20.432    19.862
 5     0.814    -0.206     0.544
 5     0.282    -0.678    -0.677
 5     0.507     0.705    -0.495
 6   153.494    24.462    28.665
 6     0.849    -0.257    -0.463
 6     0.102     0.938    -0.332
 6     0.518     0.234     0.822
 7   118.444   -22.527    -3.847
 7     0.578     0.713     0.398
 7    -0.804     0.579     0.131
 7    -0.136    -0.395     0.908
 8   139.664   -32.647     9.606
 8     0.973     0.046     0.226
 8    -0.174    -0.498     0.849
 8     0.151    -0.866    -0.477
 9   159.958   -32.197     3.548
 9     0.998    -0.028    -0.052
 9     0.041     0.959     0.281
 9     0.042    -0.282     0.958
 2    97.603   -19.342    59.068
 2     0.658    -0.754     0.003
 2     0.752     0.657     0.029
 2    -0.023    -0.018     0.999
 3   132.929    -5.442     3.669
 3     0.462    -0.038    -0.886
 3     0.111     0.993     0.016
 3     0.880    -0.107     0.463
 4   118.977    12.040    -4.164
 4     0.513    -0.790     0.338
 4     0.852     0.420    -0.311
 4     0.104     0.447     0.888
 5   131.263    20.432    19.811
 5     0.814    -0.206     0.543
 5     0.281    -0.679    -0.677
 5     0.507     0.705    -0.496
 6   153.542    24.410    28.543
 6     0.849    -0.255    -0.462
 6     0.102     0.938    -0.329
 6     0.517     0.232     0.823
 7   118.026   -22.284    -3.877
 7     0.578     0.703     0.417
 7    -0.796     0.596     0.099
 7    -0.178    -0.388     0.903
 8   139.353   -33.204     7.137
 8     0.975    -0.045     0.215
 8    -0.211    -0.467     0.858
 8     0.061    -0.883    -0.466
 9   158.926   -33.070    -1.878
 9     0.996    -0.042     0.076
 9     0.021     0.967     0.253
 9    -0.084    -0.251     0.964
 2    97.603   -19.342    59.068
 2     0.658    -0.754     0.003
 2     0.753     0.657     0.029
 2    -0.023    -0.018     0.999
 3   132.866    -5.451     3.562
 3     0.469    -0.027    -0.883
 3     0.105     0.994     0.025
 3     0.877    -0.105     0.469
 4   118.865    12.111    -4.209
 4     0.518    -0.782     0.349
 4     0.849     0.422    -0.316
 4     0.100     0.459     0.882
 5   131.519    20.423    19.604
 5     0.820    -0.202     0.535
 5     0.277    -0.678    -0.680
 5     0.500     0.707    -0.501
 6   153.755    24.406    28.332
 6     0.853    -0.252    -0.458
 6     0.101     0.939    -0.327
 6     0.512     0.232     0.826
 7   117.631   -22.119    -4.056
 7     0.576     0.693     0.436
 7    -0.787     0.612     0.065
 7    -0.221    -0.380     0.897
 8   138.882   -33.629     4.787
 8     0.971    -0.124     0.204
 8    -0.238    -0.429     0.871
 8    -0.020    -0.895    -0.446
 9   157.704   -33.174    -6.750
 9     0.979    -0.064     0.192
 9     0.020     0.975     0.218
 9    -0.201    -0.212     0.957
 2    97.603   -19.342    59.068
 2     0.658    -0.754     0.003
 2     0.752     0.657     0.029
 2    -0.023    -0.018     0.999
 3   132.857    -5.507     3.447
 3     0.473    -0.023    -0.881
 3     0.102     0.994     0.029
 3     0.875    -0.104     0.472
 4   118.777    12.157    -4.223
 4     0.519    -0.779     0.355
 4     0.849     0.423    -0.314
 4     0.095     0.464     0.880
 5   131.553    20.365    19.497
 5     0.824    -0.199     0.531
 5     0.276    -0.676    -0.682
 5     0.494     0.709    -0.503
 6   153.914    24.349    28.001
 6     0.857    -0.246    -0.453
 6     0.100     0.941    -0.322
 6     0.505     0.231     0.831
 7   117.409   -22.085    -3.953
 7     0.578     0.689     0.438
 7    -0.780     0.623     0.047
 7    -0.240    -0.369     0.897
 8   138.471   -33.733     3.318
 8     0.963    -0.190     0.189
 8    -0.253    -0.411     0.876
 8    -0.089    -0.891    -0.444
 9   156.463   -33.535   -10.169
 9     0.958    -0.063     0.279
 9     0.003     0.978     0.205
 9    -0.286    -0.198     0.938
 2    97.603   -19.342    59.068
 2     0.658    -0.754     0.003
 2     0.752     0.657     0.029
 2    -0.023    -0.018     0.999
 3   132.843    -5.556     3.384
 3     0.470    -0.019    -0.883
 3     0.100     0.994     0.032
 3     0.877    -0.104     0.469
 4   118.720    12.078    -4.265
 4     0.519    -0.778     0.356
 4     0.850     0.424    -0.312
 4     0.092     0.463     0.881
 5   131.576    20.364    19.450
 5     0.824    -0.198     0.531
 5     0.277    -0.676    -0.682
 5     0.493     0.710    -0.503
 6   153.910    24.321    27.881
 6     0.858    -0.245    -0.452
 6     0.099     0.942    -0.321
 6     0.503     0.230     0.832
 7   117.213   -21.800    -3.803
 7     0.577     0.677     0.457
 7    -0.762     0.646     0.004
 7    -0.292    -0.350     0.889
 8   137.792   -33.962     0.103
 8     0.939    -0.303     0.162
 8    -0.271    -0.361     0.892
 8    -0.212    -0.882    -0.421
 9   153.565   -33.644   -16.909
 9     0.896    -0.068     0.439
 9    -0.012     0.984     0.172
 9    -0.443    -0.162     0.882
 2    97.603   -19.342    59.068
 2     0.658    -0.754     0.003
 2     0.752     0.657     0.029
 2    -0.023    -0.018     0.999
 3   132.923    -5.556     3.327
 3     0.468    -0.015    -0.884
 3     0.096     0.995     0.034
 3     0.878    -0.101     0.467
 4   118.769    12.077    -4.261
 4     0.520    -0.778     0.355
 4     0.849     0.425    -0.310
 4     0.091     0.462     0.881
 5   131.668    20.310    19.383
 5     0.826    -0.197     0.528
 5     0.277    -0.675    -0.683
 5     0.490     0.711    -0.504
 6   154.078    24.267    27.714
 6     0.860    -0.241    -0.450
 6     0.098     0.943    -0.318
 6     0.500     0.229     0.834
 7   116.571   -21.379    -3.781
 7     0.566     0.661     0.494
 7    -0.743     0.667    -0.043
 7    -0.357    -0.342     0.868
 8   136.360   -33.757    -2.882
 8     0.904    -0.397     0.157
 8    -0.286    -0.291     0.913
 8    -0.317    -0.871    -0.376
 9   150.276   -32.727   -22.217
 9     0.833    -0.063     0.551
 9     0.002     0.994     0.104
 9    -0.553    -0.089     0.828
 2    97.603   -19.342    59.068
 2     0.658    -0.754     0.003
 2     0.752     0.657     0.029
 2    -0.023    -0.018     0.999
 3   132.732    -5.519     3.266
 3     0.476    -0.009    -0.879
 3     0.082     0.996     0.034
 3     0.875    -0.089     0.475
 4   118.535    12.200    -4.179
 4     0.524    -0.772     0.361
 4     0.847     0.428    -0.313
 4     0.088     0.469     0.878
 5   131.648    20.301    19.352
 5     0.833    -0.192     0.520
 5     0.271    -0.677    -0.683
 5     0.483     0.710    -0.513
 6   154.178    24.078    27.294
 6     0.867    -0.232    -0.441
 6     0.092     0.945    -0.314
 6     0.489     0.231     0.841
 7   115.841   -21.117    -3.751
 7     0.548     0.656     0.520
 7    -0.737     0.671    -0.072
 7    -0.396    -0.344     0.851
 8   134.940   -33.954    -4.548
 8     0.871    -0.461     0.170
 8    -0.306    -0.239     0.921
 8    -0.384    -0.854    -0.349
 9   147.775   -32.678   -25.138
 9     0.790    -0.038     0.612
 9    -0.003     0.998     0.059
 9    -0.612    -0.051     0.788
 2    97.603   -19.342    59.068
 2     0.658    -0.754     0.003
 2     0.752     0.657     0.029
 2    -0.023    -0.018     0.999
 3   132.603    -5.524     3.170
 3     0.480    -0.006    -0.877
 3     0.078     0.996     0.036
 3     0.874    -0.086     0.478
 4   118.335    12.087    -4.227
 4     0.528    -0.766     0.369
 4     0.845     0.434    -0.310
 4     0.077     0.474     0.876
 5   131.738    20.261    19.114
 5     0.840    -0.185     0.511
 5     0.270    -0.674    -0.687
 5     0.470     0.715    -0.517
 6   154.319    23.963    26.809
 6     0.875    -0.222    -0.430
 6     0.089     0.947    -0.308
 6     0.475     0.231     0.849
 7   115.327   -21.156    -3.578
 7     0.525     0.653     0.548
 7    -0.735     0.671    -0.096
 7    -0.430    -0.352     0.830
 8   133.620   -34.277    -6.166
 8     0.835    -0.520     0.180
 8    -0.318    -0.189     0.929
 8    -0.449    -0.833    -0.323
 9   144.985   -32.813   -27.918
 9     0.741    -0.007     0.672
 9    -0.007     1.000     0.012
 9    -0.672    -0.015     0.740
 2    97.603   -19.342    59.068
 2     0.658    -0.754     0.003
 2     0.753     0.657     0.029
 2    -0.023    -0.018     0.999
 3   132.530    -5.761     3.074
 3     0.488    -0.001    -0.873
 3     0.076     0.996     0.042
 3     0.869    -0.087     0.486
 4   118.114    11.712    -4.450
 4     0.535    -0.755     0.380
 4     0.843     0.446    -0.299
 4     0.056     0.480     0.875
 5   132.032    20.133    18.528
 5     0.853    -0.175     0.492
 5     0.267    -0.663    -0.698
 5     0.448     0.727    -0.520
 6   154.826    23.400    25.441
 6     0.892    -0.196    -0.407
 6     0.077     0.953    -0.291
 6     0.444     0.228     0.866
 7   114.693   -21.150    -3.444
 7     0.489     0.655     0.577
 7    -0.738     0.662    -0.126
 7    -0.464    -0.365     0.806
 8   132.169   -34.570    -7.619
 8     0.795    -0.575     0.192
 8    -0.331    -0.147     0.932
 8    -0.507    -0.805    -0.307
 9   142.381   -33.116   -30.166
 9     0.694     0.025     0.719
 9    -0.015     1.000    -0.025
 9    -0.719     0.006     0.694
 2    97.603   -19.342    59.068
 2     0.658    -0.754     0.003
 2     0.752     0.657     0.029
 2    -0.023    -0.018     0.999
 3   132.479    -6.032     2.837
 3     0.508     0.007    -0.861
 3     0.074     0.996     0.051
 3     0.858    -0.090     0.505
 4   117.975    11.569    -4.532
 4     0.540    -0.746     0.393
 4     0.841     0.455    -0.291
 4     0.039     0.487     0.872
 5   132.437    19.985    18.053
 5     0.863    -0.167     0.477
 5     0.263    -0.656    -0.706
 5     0.430     0.735    -0.523
 6   155.399    23.022    24.277
 6     0.905    -0.177    -0.387
 6     0.069     0.958    -0.277
 6     0.420     0.224     0.879
 7   114.094   -21.074    -3.364
 7     0.454     0.651     0.609
 7    -0.735     0.659    -0.157
 7    -0.504    -0.376     0.777
 8   130.587   -34.816    -8.962
 8     0.751    -0.626     0.210
 8    -0.341    -0.096     0.935
 8    -0.565    -0.774    -0.286
 9   139.279   -32.870   -32.617
 9     0.634     0.046     0.772
 9    -0.004     0.998    -0.062
 9    -0.773     0.036     0.632
 2    97.603   -19.342    59.068
 2     0.658    -0.754     0.003
 2     0.753     0.657     0.029
 2    -0.023    -0.018     0.999
 3   132.387    -6.151     2.660
 3     0.524     0.011    -0.852
 3     0.068     0.996     0.054
 3     0.849    -0.086     0.521
 4   117.767    11.428    -4.624
 4     0.546    -0.734     0.405
 4     0.837     0.463    -0.288
 4     0.025     0.496     0.867
 5   132.571    19.865    17.646
 5     0.872    -0.159     0.463
 5     0.259    -0.652    -0.712
 5     0.414     0.741    -0.529
 6   155.612    22.751    23.519
 6     0.913    -0.163    -0.373
 6     0.061     0.961    -0.271
 6     0.403     0.224     0.887
 7   113.253   -20.722    -3.306
 7     0.410     0.652     0.639
 7    -0.734     0.651    -0.193
 7    -0.542    -0.389     0.744
 8   128.987   -34.849   -10.081
 8     0.708    -0.669     0.225
 8    -0.352    -0.059     0.934
 8    -0.611    -0.741    -0.277
 9   136.425   -32.735   -34.298
 9     0.585     0.064     0.809
 9     0.002     0.996    -0.087
 9    -0.811     0.053     0.581
 2    97.603   -19.393    59.068
 2     0.658    -0.754     0.003
 2     0.752     0.657     0.029
 2    -0.023    -0.018     0.999
 3   132.190    -6.115     2.458
 3     0.533     0.019    -0.846
 3     0.054     0.997     0.057
 3     0.844    -0.077     0.531
 4   117.683    11.652    -4.569
 4     0.552    -0.726     0.414
 4     0.834     0.465    -0.295
 4     0.022     0.506     0.861
 5   132.684    19.832    17.610
 5     0.877    -0.159     0.453
 5     0.251    -0.653    -0.714
 5     0.409     0.740    -0.534
 6   155.716    22.512    23.145
 6     0.918    -0.154    -0.366
 6     0.054     0.962    -0.269
 6     0.393     0.226     0.891
 7   112.899   -20.516    -3.315
 7     0.393     0.651     0.651
 7    -0.730     0.650    -0.209
 7    -0.558    -0.393     0.730
 8   128.303   -34.719   -10.474
 8     0.691    -0.684     0.235
 8    -0.358    -0.043     0.932
 8    -0.627    -0.729    -0.274
 9   135.354   -32.429   -34.829
 9     0.563     0.068     0.823
 9     0.012     0.995    -0.095
 9    -0.826     0.064     0.560
 2    97.603   -19.393    59.068
 2     0.658    -0.754     0.003
 2     0.752     0.657     0.029
 2    -0.023    -0.018     0.999
 3   132.190    -6.117     2.457
 3     0.533     0.020    -0.846
 3     0.051     0.997     0.056
 3     0.844    -0.074     0.530
 4   117.628    11.650    -4.564
 4     0.552    -0.724     0.415
 4     0.833     0.467    -0.295
 4     0.020     0.507     0.861
 5   132.727    19.777    17.594
 5     0.880    -0.158     0.449
 5     0.248    -0.654    -0.714
 5     0.406     0.740    -0.536
 6   155.892    22.221    22.749
 6     0.923    -0.143    -0.358
 6     0.046     0.963    -0.267
 6     0.382     0.229     0.895
 7   112.692   -20.460    -3.358
 7     0.382     0.651     0.658
 7    -0.726     0.650    -0.223
 7    -0.573    -0.392     0.719
 8   127.865   -34.662   -10.875
 8     0.679    -0.696     0.235
 8    -0.355    -0.032     0.934
 8    -0.642    -0.718    -0.268
 9   134.356   -31.967   -35.544
 9     0.542     0.059     0.838
 9     0.027     0.995    -0.093
 9    -0.840     0.074     0.537
 2    97.603   -19.393    59.068
 2     0.658    -0.754     0.003
 2     0.752     0.657     0.029
 2    -0.023    -0.018     0.999
 3   132.134    -6.223     2.462
 3     0.536     0.022    -0.844
 3     0.046     0.997     0.056
 3     0.843    -0.069     0.533
 4   117.622    11.595    -4.556
 4     0.555    -0.722     0.416
 4     0.831     0.470    -0.294
 4     0.017     0.508     0.860
 5   132.890    19.642    17.508
 5     0.883    -0.159     0.442
 5     0.242    -0.652    -0.718
 5     0.401     0.741    -0.538
 6   155.962    22.039    22.658
 6     0.924    -0.136    -0.356
 6     0.040     0.964    -0.264
 6     0.379     0.229     0.896
 7   112.462   -20.382    -3.335
 7     0.363     0.648     0.670
 7    -0.721     0.650    -0.239
 7    -0.590    -0.397     0.702
 8   127.235   -34.589   -11.490
 8     0.657    -0.717     0.234
 8    -0.353    -0.018     0.935
 8    -0.666    -0.697    -0.265
 9   132.925   -31.826   -36.450
 9     0.507     0.057     0.860
 9     0.039     0.995    -0.095
 9    -0.861     0.083     0.501
 2    97.603   -19.393    59.118
 2     0.658    -0.754     0.003
 2     0.752     0.657     0.029
 2    -0.023    -0.018     0.999
 3   132.097    -6.307     2.428
 3     0.541     0.029    -0.840
 3     0.039     0.997     0.059
 3     0.840    -0.065     0.538
 4   117.615    11.590    -4.595
 4     0.560    -0.717     0.417
 4     0.828     0.476    -0.294
 4     0.013     0.509     0.859
 5   133.051    19.584    17.298
 5     0.887    -0.157     0.434
 5     0.238    -0.651    -0.720
 5     0.395     0.743    -0.541
 6   156.169    21.828    22.332
 6     0.928    -0.127    -0.350
 6     0.035     0.965    -0.259
 6     0.370     0.227     0.900
 7   112.055   -20.178    -3.393
 7     0.346     0.649     0.678
 7    -0.716     0.649    -0.256
 7    -0.606    -0.397     0.688
 8   126.601   -34.534   -11.792
 8     0.643    -0.726     0.245
 8    -0.355     0.001     0.935
 8    -0.679    -0.688    -0.257
 9   131.997   -31.482   -36.919
 9     0.493     0.061     0.868
 9     0.051     0.993    -0.104
 9    -0.868     0.097     0.486
 2    97.603   -19.342    59.068
 2     0.658    -0.754     0.003
 2     0.752     0.657     0.029
 2    -0.023    -0.018     0.999
 3   132.038    -6.364     2.311
 3     0.544     0.033    -0.838
 3     0.032     0.997     0.061
 3     0.838    -0.060     0.541
 4   117.649    11.583    -4.577
 4     0.564    -0.711     0.422
 4     0.825     0.481    -0.294
 4     0.006     0.513     0.858
 5   133.166    19.528    17.285
 5     0.890    -0.155     0.430
 5     0.235    -0.650    -0.722
 5     0.391     0.743    -0.543
 6   156.230    21.643    22.050
 6     0.931    -0.120    -0.344
 6     0.030     0.966    -0.256
 6     0.363     0.227     0.903
 7   111.854   -20.072    -3.437
 7     0.330     0.651     0.684
 7    -0.712     0.646    -0.272
 7    -0.619    -0.398     0.677
 8   125.946   -34.454   -12.161
 8     0.625    -0.738     0.257
 8    -0.361     0.018     0.932
 8    -0.693    -0.675    -0.254
 9   130.937   -31.327   -37.540
 9     0.475     0.079     0.877
 9     0.053     0.991    -0.122
 9    -0.878     0.106     0.465
 2    97.603   -19.342    59.068
 2     0.658    -0.754     0.003
 2     0.752     0.657     0.029
 2    -0.023    -0.018     0.999
 3   132.067    -6.428     2.212
 3     0.552     0.044    -0.833
 3     0.020     0.997     0.066
 3     0.833    -0.054     0.549
 4   117.661    11.703    -4.663
 4     0.569    -0.705     0.426
 4     0.822     0.486    -0.294
 4     0.000     0.516     0.855
 5   133.420    19.570    17.081
 5     0.893    -0.151     0.423
 5     0.233    -0.650    -0.723
 5     0.383     0.745    -0.546
 6   156.486    21.430    21.672
 6     0.935    -0.111    -0.338
 6     0.023     0.967    -0.254
 6     0.354     0.229     0.906
 7   111.397   -19.646    -3.376
 7     0.304     0.654     0.693
 7    -0.708     0.641    -0.295
 7    -0.637    -0.401     0.657
 8   124.935   -34.305   -12.539
 8     0.600    -0.753     0.272
 8    -0.368     0.042     0.929
 8    -0.710    -0.657    -0.251
 9   129.243   -31.002   -38.201
 9     0.447     0.094     0.889
 9     0.062     0.988    -0.140
 9    -0.892     0.120     0.435
 2    97.603   -19.342    59.068
 2     0.658    -0.754     0.003
 2     0.752     0.657     0.029
 2    -0.023    -0.018     0.999
 3   131.856    -6.344     1.974
 3     0.565     0.049    -0.824
 3     0.009     0.998     0.066
 3     0.825    -0.045     0.563
 4   117.454    11.826    -4.610
 4     0.573    -0.698     0.432
 4     0.820     0.488    -0.298
 4    -0.002     0.524     0.851
 5   133.413    19.514    17.037
 5     0.897    -0.151     0.416
 5     0.226    -0.652    -0.723
 5     0.380     0.743    -0.552
 6   156.550    21.297    21.459
 6     0.937    -0.105    -0.334
 6     0.018     0.967    -0.254
 6     0.349     0.231     0.908
 7   110.838   -19.418    -3.344
 7     0.287     0.649     0.705
 7    -0.699     0.644    -0.309
 7    -0.655    -0.405     0.638
 8   123.956   -34.031   -13.108
 8     0.578    -0.768     0.276
 8    -0.364     0.059     0.929
 8    -0.731    -0.637    -0.245
 9   127.491   -30.214   -38.911
 9     0.421     0.120     0.899
 9     0.077     0.983    -0.169
 9    -0.904     0.141     0.404
 2    97.603   -19.342    59.068
 2     0.658    -0.754     0.003
 2     0.752     0.657     0.029
 2    -0.023    -0.018     0.999
 3   131.464    -6.286     1.898
 3     0.579     0.054    -0.813
 3    -0.001     0.998     0.065
 3     0.815    -0.037     0.578
 4   116.988    11.999    -4.602
 4     0.573    -0.690     0.444
 4     0.819     0.486    -0.302
 4    -0.007     0.536     0.843
 5   133.262    19.553    16.888
 5     0.902    -0.145     0.407
 5     0.222    -0.653    -0.723
 5     0.370     0.743    -0.557
 6   156.573    21.158    21.064
 6     0.941    -0.096    -0.324
 6     0.012     0.967    -0.254
 6     0.337     0.234     0.911
 7   110.053   -19.154    -3.325
 7     0.251     0.646     0.721
 7    -0.691     0.640    -0.334
 7    -0.678    -0.415     0.607
 8   122.540   -33.794   -13.697
 8     0.545    -0.788     0.287
 8    -0.361     0.087     0.928
 8    -0.757    -0.609    -0.237
 9   125.242   -29.661   -39.750
 9     0.382     0.126     0.915
 9     0.091     0.980    -0.176
 9    -0.919     0.152     0.363
 2    97.603   -19.342    59.068
 2     0.658    -0.754     0.003
 2     0.752     0.657     0.029
 2    -0.023    -0.018     0.999
 3   131.283    -6.326     1.703
 3     0.588     0.057    -0.807
 3    -0.012     0.998     0.061
 3     0.808    -0.026     0.588
 4   116.911    11.996    -4.601
 4     0.577    -0.686     0.447
 4     0.817     0.488    -0.305
 4    -0.008     0.539     0.841
 5   133.259    19.551    16.891
 5     0.903    -0.146     0.405
 5     0.219    -0.654    -0.724
 5     0.369     0.742    -0.559
 6   156.522    21.055    21.018
 6     0.942    -0.092    -0.323
 6     0.008     0.968    -0.253
 6     0.336     0.234     0.912
 7   109.981   -18.994    -3.404
 7     0.238     0.651     0.722
 7    -0.686     0.637    -0.350
 7    -0.688    -0.412     0.597
 8   122.353   -33.778   -13.906
 8     0.538    -0.789     0.298
