% Calibrated with leiden_pols
% Positions are in centimeters
Data =[
 2    97.653   -19.393    59.068
 2     0.658    -0.754     0.003
 2     0.752     0.657     0.029
 2    -0.023    -0.018     0.999
 3   133.884    -5.247     4.990
 3     0.481    -0.113    -0.870
 3     0.132     0.989    -0.054
 3     0.866    -0.090     0.490
 4   120.530    11.946    -3.384
 4     0.391    -0.897     0.209
 4     0.893     0.315    -0.321
 4     0.222     0.311     0.924
 5   121.021    18.783    22.833
 5     0.354    -0.439     0.828
 5     0.198    -0.829    -0.522
 5     0.914     0.347    -0.205
 6   134.775    23.578    45.438
 6     0.344    -0.546    -0.767
 6     0.124     0.833    -0.535
 6     0.930     0.087     0.353
 7   121.228   -23.454    -3.021
 7     0.493     0.846     0.206
 7    -0.858     0.432     0.276
 7     0.145    -0.313     0.938
 8   124.426   -30.330    22.088
 8     0.211     0.737     0.642
 8    -0.037    -0.650     0.758
 8     0.977    -0.183    -0.109
 9   134.212   -31.252    44.723
 9     0.239     0.493    -0.839
 9     0.067     0.851     0.518
 9     0.968    -0.177     0.169
 2    97.653   -19.393    59.068
 2     0.658    -0.754     0.003
 2     0.752     0.657     0.029
 2    -0.023    -0.018     0.999
 3   133.885    -5.272     4.990
 3     0.482    -0.110    -0.870
 3     0.132     0.990    -0.051
 3     0.866    -0.091     0.491
 4   120.573    11.949    -3.355
 4     0.398    -0.894     0.207
 4     0.888     0.319    -0.330
 4     0.229     0.315     0.921
 5   121.150    18.898    22.783
 5     0.365    -0.433     0.826
 5     0.208    -0.826    -0.522
 5     0.907     0.360    -0.211
 6   134.980    23.856    45.290
 6     0.350    -0.545    -0.766
 6     0.133     0.834    -0.532
 6     0.927     0.082     0.362
 7   121.226   -23.455    -3.017
 7     0.493     0.845     0.208
 7    -0.858     0.432     0.276
 7     0.144    -0.314     0.938
 8   124.706   -30.488    21.977
 8     0.231     0.731     0.642
 8    -0.052    -0.650     0.758
 8     0.971    -0.208    -0.111
 9   134.923   -31.919    44.284
 9     0.261     0.502    -0.827
 9     0.049     0.846     0.528
 9     0.964    -0.176     0.195
 2    97.653   -19.393    59.068
 2     0.658    -0.754     0.003
 2     0.752     0.657     0.029
 2    -0.023    -0.018     0.999
 3   133.885    -5.198     4.914
 3     0.483    -0.107    -0.870
 3     0.130     0.990    -0.049
 3     0.866    -0.090     0.491
 4   120.636    12.053    -3.320
 4     0.404    -0.891     0.208
 4     0.884     0.322    -0.338
 4     0.234     0.319     0.918
 5   121.489    19.231    22.757
 5     0.386    -0.418     0.824
 5     0.230    -0.821    -0.522
 5     0.893     0.389    -0.220
 6   135.956    24.730    44.681
 6     0.372    -0.541    -0.758
 6     0.153     0.837    -0.520
 6     0.915     0.076     0.393
 7   121.173   -23.328    -3.160
 7     0.498     0.840     0.215
 7    -0.856     0.435     0.279
 7     0.141    -0.323     0.936
 8   125.090   -30.664    21.944
 8     0.257     0.719     0.646
 8    -0.066    -0.653     0.753
 8     0.964    -0.235    -0.120
 9   135.734   -32.304    43.826
 9     0.286     0.502    -0.819
 9     0.038     0.846     0.529
 9     0.957    -0.180     0.222
 2    97.653   -19.393    59.068
 2     0.658    -0.754     0.003
 2     0.752     0.657     0.029
 2    -0.023    -0.018     0.999
 3   133.890    -5.196     4.856
 3     0.481    -0.107    -0.870
 3     0.129     0.990    -0.049
 3     0.867    -0.089     0.490
 4   120.506    11.998    -3.362
 4     0.409    -0.889     0.206
 4     0.882     0.328    -0.336
 4     0.231     0.319     0.919
 5   122.061    19.571    22.781
 5     0.421    -0.405     0.814
 5     0.255    -0.807    -0.531
 5     0.870     0.429    -0.236
 6   137.302    25.384    43.809
 6     0.409    -0.525    -0.751
 6     0.168     0.848    -0.499
 6     0.896     0.076     0.433
 7   121.082   -23.322    -3.068
 7     0.504     0.836     0.219
 7    -0.852     0.438     0.286
 7     0.144    -0.330     0.932
 8   125.797   -31.048    22.104
 8     0.300     0.707     0.641
 8    -0.081    -0.650     0.755
 8     0.950    -0.278    -0.137
 9   137.474   -32.876    43.113
 9     0.328     0.479    -0.817
 9     0.027     0.857     0.511
 9     0.944    -0.188     0.268
 2    97.653   -19.342    59.067
 2     0.658    -0.754     0.004
 2     0.752     0.657     0.029
 2    -0.023    -0.017     0.999
 3   133.775    -5.244     4.793
 3     0.477    -0.107    -0.872
 3     0.129     0.990    -0.050
 3     0.869    -0.089     0.486
 4   120.393    11.890    -3.473
 4     0.417    -0.885     0.210
 4     0.880     0.335    -0.334
 4     0.225     0.324     0.919
 5   123.250    19.886    22.896
 5     0.479    -0.386     0.789
 5     0.280    -0.785    -0.552
 5     0.832     0.484    -0.268
 6   139.644    25.817    42.701
 6     0.466    -0.489    -0.742
 6     0.172     0.868    -0.461
 6     0.868     0.086     0.487
 7   120.988   -23.327    -3.139
 7     0.509     0.830     0.229
 7    -0.850     0.443     0.284
 7     0.134    -0.339     0.931
 8   127.004   -31.390    22.078
 8     0.364     0.690     0.626
 8    -0.099    -0.639     0.762
 8     0.926    -0.339    -0.163
 9   139.859   -32.999    41.858
 9     0.388     0.438    -0.814
 9     0.020     0.876     0.479
 9     0.921    -0.201     0.330
 2    97.603   -19.393    59.068
 2     0.658    -0.754     0.003
 2     0.752     0.657     0.029
 2    -0.023    -0.018     0.999
 3   133.687    -5.268     4.756
 3     0.473    -0.103    -0.875
 3     0.126     0.991    -0.047
 3     0.871    -0.089     0.481
 4   120.362    11.935    -3.519
 4     0.428    -0.878     0.217
 4     0.876     0.344    -0.338
 4     0.222     0.334     0.916
 5   124.400    20.176    23.020
 5     0.534    -0.366     0.764
 5     0.295    -0.765    -0.571
 5     0.792     0.530    -0.301
 6   141.766    25.949    41.576
 6     0.516    -0.465    -0.723
 6     0.170     0.879    -0.441
 6     0.839     0.104     0.532
 7   121.009   -23.233    -3.276
 7     0.516     0.823     0.240
 7    -0.848     0.451     0.277
 7     0.120    -0.346     0.930
 8   128.246   -31.699    21.834
 8     0.423     0.676     0.605
 8    -0.109    -0.624     0.773
 8     0.899    -0.392    -0.189
 9   142.048   -32.853    40.695
 9     0.436     0.393    -0.812
 9     0.023     0.894     0.444
 9     0.899    -0.212     0.380
 2    97.603   -19.342    59.068
 2     0.658    -0.754     0.003
 2     0.752     0.657     0.029
 2    -0.023    -0.018     0.999
 3   133.681    -5.237     4.730
 3     0.467    -0.103    -0.878
 3     0.125     0.991    -0.049
 3     0.875    -0.087     0.475
 4   120.381    12.031    -3.563
 4     0.437    -0.873     0.221
 4     0.872     0.350    -0.339
 4     0.219     0.340     0.914
 5   125.334    20.404    23.003
 5     0.577    -0.345     0.741
 5     0.306    -0.750    -0.586
 5     0.757     0.564    -0.328
 6   143.279    26.268    40.424
 6     0.557    -0.453    -0.701
 6     0.174     0.884    -0.429
 6     0.812     0.118     0.570
 7   120.931   -23.114    -3.366
 7     0.524     0.815     0.248
 7    -0.845     0.461     0.270
 7     0.107    -0.351     0.930
 8   129.370   -31.729    21.691
 8     0.482     0.649     0.591
 8    -0.118    -0.618     0.776
 8     0.868    -0.443    -0.221
 9   144.002   -32.892    39.406
 9     0.490     0.367    -0.792
 9     0.023     0.901     0.431
 9     0.871    -0.229     0.433
 2    97.603   -19.393    59.068
 2     0.658    -0.754     0.003
 2     0.752     0.657     0.029
 2    -0.023    -0.018     0.999
 3   133.646    -5.180     4.661
 3     0.460    -0.105    -0.882
 3     0.126     0.990    -0.051
 3     0.878    -0.088     0.469
 4   120.341    12.050    -3.572
 4     0.442    -0.869     0.226
 4     0.871     0.355    -0.337
 4     0.213     0.345     0.914
 5   125.907    20.622    22.789
 5     0.605    -0.325     0.728
 5     0.318    -0.740    -0.592
 5     0.730     0.589    -0.345
