% Calibrated with leiden_pols
% Positions are in centimeters
Data =[
 2    97.603   -19.393    59.068
 2     0.658    -0.754     0.003
 2     0.752     0.657     0.029
 2    -0.023    -0.018     0.999
 3   134.183    -5.918     4.102
 3     0.493    -0.176    -0.853
 3     0.120     0.984    -0.132
 3     0.861    -0.038     0.505
 4   120.564    11.356    -4.385
 4     0.505    -0.812     0.295
 4     0.857     0.431    -0.281
 4     0.101     0.393     0.913
 5   129.704    18.131    22.077
 5     0.688    -0.597     0.415
 5    -0.013    -0.580    -0.814
 5     0.725     0.554    -0.407
 6   145.848     1.078    22.779
 6     0.586     0.231    -0.780
 6    -0.796    -0.022    -0.603
 6    -0.151     0.973     0.167
 7   119.890   -23.249    -3.661
 7     0.576     0.722     0.387
 7    -0.812     0.558     0.168
 7    -0.094    -0.410     0.906
 8   136.858   -27.510    20.195
 8     0.652     0.758    -0.027
 8     0.258    -0.192     0.946
 8     0.713    -0.623    -0.321
 9   142.324    -4.181    24.610
 9    -0.038    -0.357    -0.933
 9     0.999    -0.035    -0.028
 9    -0.023    -0.933     0.358
 2    97.653   -19.393    59.068
 2     0.658    -0.754     0.003
 2     0.752     0.657     0.029
 2    -0.023    -0.018     0.999
 3   134.164    -5.816     4.148
 3     0.493    -0.174    -0.853
 3     0.120     0.984    -0.129
 3     0.862    -0.040     0.505
 4   120.469    11.358    -4.366
 4     0.506    -0.812     0.294
 4     0.856     0.431    -0.283
 4     0.103     0.394     0.913
 5   129.679    18.131    22.103
 5     0.688    -0.597     0.414
 5    -0.013    -0.580    -0.814
 5     0.725     0.555    -0.407
 6   145.848     1.103    22.830
 6     0.587     0.231    -0.780
 6    -0.796    -0.022    -0.604
 6    -0.151     0.973     0.167
 7   119.841   -23.199    -3.661
 7     0.576     0.721     0.387
 7    -0.812     0.558     0.168
 7    -0.094    -0.411     0.906
 8   136.776   -27.512    20.153
 8     0.653     0.757    -0.029
 8     0.258    -0.190     0.947
 8     0.711    -0.625    -0.320
 9   142.278    -4.180    24.579
 9    -0.038    -0.358    -0.933
 9     0.999    -0.034    -0.028
 9    -0.021    -0.933     0.359
 2    97.603   -19.342    59.068
 2     0.658    -0.754     0.003
 2     0.752     0.657     0.029
 2    -0.023    -0.018     0.999
 3   134.114    -5.867     4.148
 3     0.493    -0.172    -0.853
 3     0.119     0.984    -0.128
 3     0.862    -0.039     0.505
 4   120.446    11.358    -4.369
 4     0.507    -0.811     0.295
 4     0.856     0.431    -0.284
 4     0.104     0.396     0.912
 5   129.626    18.078    22.107
 5     0.689    -0.597     0.413
 5    -0.014    -0.579    -0.814
 5     0.724     0.556    -0.408
 6   145.795     1.102    22.782
 6     0.586     0.231    -0.780
 6    -0.795    -0.023    -0.604
 6    -0.152     0.972     0.166
 7   119.814   -23.149    -3.658
 7     0.576     0.720     0.388
 7    -0.812     0.558     0.168
 7    -0.095    -0.411     0.906
 8   136.775   -27.487    20.152
 8     0.653     0.757    -0.031
 8     0.259    -0.189     0.947
 8     0.711    -0.626    -0.320
 9   142.278    -4.129    24.579
 9    -0.039    -0.358    -0.933
 9     0.999    -0.034    -0.029
 9    -0.021    -0.933     0.359
 2    97.603   -19.393    59.068
 2     0.658    -0.754     0.003
 2     0.752     0.657     0.029
 2    -0.023    -0.018     0.999
 3   134.109    -5.818     4.154
 3     0.493    -0.173    -0.853
 3     0.119     0.984    -0.129
 3     0.861    -0.039     0.506
 4   120.395    11.409    -4.370
 4     0.507    -0.811     0.296
 4     0.856     0.430    -0.285
 4     0.104     0.397     0.911
 5   129.622    18.128    22.112
 5     0.691    -0.595     0.412
 5    -0.014    -0.579    -0.814
 5     0.723     0.557    -0.408
 6   145.793     1.101    22.734
 6     0.586     0.232    -0.780
 6    -0.795    -0.023    -0.604
 6    -0.153     0.972     0.167
 7   119.766   -23.148    -3.661
 7     0.576     0.721     0.388
 7    -0.812     0.558     0.168
 7    -0.094    -0.411     0.906
 8   136.822   -27.488    20.132
 8     0.655     0.755    -0.031
 8     0.258    -0.189     0.947
 8     0.710    -0.627    -0.319
 9   142.227    -4.129    24.579
 9    -0.039    -0.359    -0.932
 9     0.999    -0.033    -0.029
 9    -0.021    -0.933     0.360
 2    97.603   -19.342    59.068
 2     0.658    -0.754     0.003
 2     0.752     0.657     0.029
 2    -0.023    -0.018     0.999
 3   134.053    -5.820     4.082
 3     0.496    -0.175    -0.851
 3     0.118     0.984    -0.131
 3     0.860    -0.036     0.509
 4   120.395    11.459    -4.319
 4     0.508    -0.810     0.296
 4     0.855     0.431    -0.286
 4     0.104     0.398     0.911
 5   129.614    18.176    22.095
 5     0.692    -0.594     0.412
 5    -0.013    -0.579    -0.814
 5     0.721     0.558    -0.409
 6   145.844     1.152    22.735
 6     0.586     0.233    -0.780
 6    -0.796    -0.023    -0.603
 6    -0.153     0.972     0.168
 7   119.811   -23.099    -3.604
 7     0.577     0.720     0.389
 7    -0.811     0.559     0.168
 7    -0.096    -0.411     0.906
 8   136.843   -27.489    20.136
 8     0.656     0.755    -0.033
 8     0.259    -0.188     0.947
 8     0.709    -0.628    -0.319
 9   142.279    -4.078    24.576
 9    -0.039    -0.360    -0.932
 9     0.999    -0.033    -0.029
 9    -0.020    -0.932     0.360
 2    97.603   -19.342    59.068
 2     0.658    -0.754     0.003
 2     0.753     0.657     0.029
 2    -0.023    -0.018     0.999
 3   134.098    -5.796     4.088
 3     0.497    -0.175    -0.850
 3     0.118     0.984    -0.132
 3     0.859    -0.036     0.509
 4   120.445    11.459    -4.320
 4     0.508    -0.809     0.298
 4     0.855     0.431    -0.287
 4     0.104     0.399     0.910
 5   129.736    18.174    22.099
 5     0.694    -0.593     0.411
 5    -0.015    -0.579    -0.814
 5     0.720     0.559    -0.411
 6   145.842     1.099    22.688
 6     0.584     0.235    -0.780
 6    -0.796    -0.023    -0.602
 6    -0.154     0.972     0.169
 7   119.814   -23.098    -3.606
 7     0.577     0.719     0.390
 7    -0.812     0.559     0.169
 7    -0.095    -0.412     0.905
 8   136.841   -27.490    20.089
 8     0.657     0.754    -0.032
 8     0.259    -0.189     0.947
 8     0.708    -0.629    -0.320
 9   142.329    -4.129    24.524
 9    -0.038    -0.362    -0.932
 9     0.999    -0.033    -0.028
 9    -0.020    -0.932     0.363
 2    97.603   -19.342    59.068
 2     0.658    -0.754     0.003
 2     0.752     0.657     0.029
 2    -0.023    -0.018     0.999
 3   134.100    -5.796     3.988
 3     0.497    -0.171    -0.851
 3     0.118     0.984    -0.127
 3     0.859    -0.038     0.510
 4   120.397    11.510    -4.323
 4     0.510    -0.807     0.298
 4     0.853     0.432    -0.289
 4     0.105     0.401     0.910
 5   129.778    18.122    22.105
 5     0.696    -0.590     0.411
 5    -0.016    -0.583    -0.811
 5     0.718     0.558    -0.415
 6   145.952     1.198    22.529
 6     0.590     0.241    -0.775
 6    -0.791    -0.024    -0.609
 6    -0.161     0.970     0.173
 7   119.763   -23.099    -3.653
 7     0.576     0.718     0.392
 7    -0.812     0.558     0.170
 7    -0.096    -0.414     0.904
 8   136.881   -27.441    20.052
 8     0.659     0.751    -0.035
 8     0.260    -0.189     0.946
 8     0.705    -0.632    -0.321
 9   142.548    -4.023    24.356
 9    -0.054    -0.378    -0.924
 9     0.998    -0.035    -0.044
 9    -0.016    -0.925     0.379
 2    97.603   -19.393    59.068
 2     0.658    -0.754     0.003
 2     0.752     0.657     0.029
 2    -0.023    -0.018     0.999
 3   134.056    -5.820     4.034
 3     0.496    -0.167    -0.852
 3     0.118     0.985    -0.123
 3     0.860    -0.040     0.508
 4   120.396    11.458    -4.269
 4     0.511    -0.808     0.297
 4     0.853     0.433    -0.288
 4     0.104     0.400     0.910
 5   129.647    17.994    22.178
 5     0.697    -0.586     0.416
 5    -0.018    -0.592    -0.805
 5     0.717     0.553    -0.423
 6   146.028     1.323    22.546
 6     0.601     0.244    -0.766
 6    -0.781    -0.030    -0.621
 6    -0.170     0.969     0.169
 7   119.714   -23.098    -3.653
 7     0.577     0.718     0.392
 7    -0.811     0.558     0.171
 7    -0.096    -0.416     0.904
 8   136.914   -27.395    20.022
 8     0.664     0.747    -0.040
 8     0.262    -0.188     0.946
 8     0.700    -0.638    -0.321
 9   142.548    -4.071    24.273
 9    -0.060    -0.382    -0.922
 9     0.998    -0.035    -0.051
 9    -0.014    -0.924     0.383
 2    97.603   -19.393    59.068
 2     0.658    -0.754     0.003
 2     0.752     0.657     0.029
 2    -0.023    -0.018     0.999
 3   134.012    -5.819     4.029
 3     0.494    -0.164    -0.854
 3     0.118     0.985    -0.119
 3     0.861    -0.042     0.506
 4   120.346    11.509    -4.268
 4     0.511    -0.808     0.297
 4     0.853     0.434    -0.287
 4     0.104     0.399     0.910
 5   129.642    17.942    22.230
 5     0.697    -0.584     0.417
 5    -0.021    -0.597    -0.801
 5     0.716     0.551    -0.428
 6   146.088     1.596    22.447
 6     0.614     0.245    -0.755
 6    -0.767    -0.044    -0.637
 6    -0.185     0.968     0.157
 7   119.662   -23.074    -3.701
 7     0.576     0.718     0.393
 7    -0.812     0.558     0.169
 7    -0.097    -0.415     0.904
 8   136.908   -27.397    20.031
 8     0.666     0.745    -0.039
 8     0.263    -0.190     0.946
 8     0.698    -0.639    -0.322
 9   142.607    -4.215    24.217
 9    -0.026    -0.378    -0.926
 9     0.999    -0.037    -0.013
 9    -0.030    -0.925     0.378
 2    97.603   -19.393    59.068
 2     0.658    -0.754     0.003
 2     0.752     0.657     0.029
 2    -0.023    -0.018     0.999
 3   134.018    -5.818     4.075
 3     0.492    -0.161    -0.856
 3     0.117     0.986    -0.116
 3     0.862    -0.044     0.503
 4   120.397    11.508    -4.267
 4     0.512    -0.808     0.294
 4     0.852     0.435    -0.287
 4     0.104     0.397     0.911
 5   129.527    17.761    22.318
 5     0.702    -0.578     0.418
 5    -0.021    -0.602    -0.797
 5     0.712     0.551    -0.435
 6   146.344     1.949    22.217
 6     0.632     0.245    -0.739
 6    -0.748    -0.058    -0.659
 6    -0.200     0.967     0.142
 7   119.585   -23.076    -3.697
 7     0.574     0.719     0.394
 7    -0.813     0.557     0.168
 7    -0.098    -0.416     0.904
 8   136.629   -27.532    20.106
 8     0.675     0.737    -0.012
 8     0.249    -0.216     0.944
 8     0.693    -0.640    -0.330
 9   143.079    -4.803    24.321
 9     0.014    -0.370    -0.929
 9     0.999    -0.024     0.024
 9    -0.030    -0.929     0.369
 2    97.603   -19.393    59.068
 2     0.658    -0.754     0.003
 2     0.752     0.657     0.029
 2    -0.023    -0.018     0.999
 3   133.963    -5.968     4.137
 3     0.488    -0.145    -0.861
 3     0.113     0.988    -0.101
 3     0.865    -0.049     0.498
 4   120.419    11.462    -4.213
 4     0.520    -0.805     0.288
 4     0.847     0.440    -0.297
 4     0.112     0.397     0.910
 5   129.671    17.623    22.393
 5     0.723    -0.539     0.434
 5     0.002    -0.625    -0.780
 5     0.691     0.565    -0.451
 6   147.254     3.790    21.534
 6     0.692     0.289    -0.668
 6    -0.684    -0.032    -0.725
 6    -0.227     0.956     0.171
 7   119.462   -23.106    -3.693
 7     0.566     0.725     0.395
 7    -0.819     0.549     0.163
 7    -0.098    -0.415     0.904
 8   136.235   -27.955    20.236
 8     0.695     0.718     0.048
 8     0.207    -0.267     0.941
 8     0.688    -0.643    -0.334
 9   144.326    -6.046    24.008
 9     0.110    -0.423    -0.900
 9     0.994     0.040     0.101
 9    -0.005    -0.905     0.424
 2    97.603   -19.342    59.068
 2     0.658    -0.754     0.003
 2     0.752     0.657     0.029
 2    -0.023    -0.018     0.999
 3   134.037    -6.036     4.117
 3     0.480    -0.134    -0.867
 3     0.115     0.989    -0.088
 3     0.869    -0.058     0.490
 4   120.429    11.465    -4.223
 4     0.520    -0.806     0.284
 4     0.846     0.440    -0.298
 4     0.116     0.395     0.911
 5   129.484    17.702    22.399
 5     0.735    -0.493     0.468
 5     0.031    -0.663    -0.747
 5     0.677     0.564    -0.472
 6   147.907     6.055    21.165
 6     0.759     0.317    -0.576
 6    -0.604     0.011    -0.794
 6    -0.242     0.948     0.195
 7   119.491   -23.105    -3.694
 7     0.564     0.725     0.398
 7    -0.820     0.547     0.164
 7    -0.097    -0.418     0.902
 8   135.619   -28.425    20.372
 8     0.708     0.693     0.133
 8     0.156    -0.340     0.927
 8     0.688    -0.636    -0.349
 9   145.859    -7.807    24.071
 9     0.237    -0.421    -0.878
 9     0.971     0.106     0.208
 9     0.009    -0.901     0.432
 2    97.603   -19.393    59.068
 2     0.658    -0.754     0.003
 2     0.752     0.657     0.029
 2    -0.023    -0.018     0.999
 3   134.060    -5.978     4.147
 3     0.474    -0.127    -0.872
 3     0.117     0.990    -0.080
 3     0.873    -0.065     0.483
 4   120.434    11.518    -4.176
 4     0.517    -0.810     0.280
 4     0.848     0.438    -0.297
 4     0.118     0.390     0.913
 5   129.255    17.579    22.479
 5     0.740    -0.464     0.489
 5     0.043    -0.690    -0.721
 5     0.671     0.555    -0.491
 6   148.169     7.858    21.029
 6     0.809     0.340    -0.488
 6    -0.529     0.061    -0.844
 6    -0.255     0.938     0.224
 7   119.549   -23.078    -3.701
 7     0.561     0.727     0.398
 7    -0.822     0.543     0.166
 7    -0.094    -0.420     0.902
 8   135.207   -28.663    20.570
 8     0.717     0.672     0.184
 8     0.127    -0.387     0.913
 8     0.685    -0.632    -0.363
 9   147.093    -9.605    24.041
 9     0.345    -0.411    -0.847
 9     0.938     0.148     0.306
 9     0.003    -0.899     0.435
 2    97.603   -19.342    59.068
 2     0.658    -0.754     0.003
 2     0.752     0.657     0.029
 2    -0.023    -0.018     0.999
 3   134.099    -5.950     4.087
 3     0.470    -0.119    -0.875
 3     0.117     0.990    -0.071
 3     0.875    -0.070     0.479
 4   120.433    11.544    -4.176
 4     0.515    -0.811     0.279
 4     0.849     0.437    -0.296
 4     0.118     0.389     0.913
 5   129.032    17.586    22.527
 5     0.743    -0.436     0.510
 5     0.058    -0.715    -0.695
 5     0.667     0.547    -0.506
 6   148.284     9.486    21.030
 6     0.848     0.355    -0.401
 6    -0.462     0.128    -0.876
 6    -0.258     0.926     0.267
 7   119.506   -22.977    -3.755
 7     0.557     0.729     0.400
 7    -0.825     0.538     0.167
 7    -0.092    -0.423     0.901
 8   134.242   -29.520    20.681
 8     0.730     0.634     0.257
 8     0.074    -0.447     0.891
 8     0.679    -0.631    -0.374
 9   148.205   -12.391    24.107
 9     0.470    -0.398    -0.795
 9     0.882     0.211     0.412
 9     0.008    -0.893     0.445
 2    97.603   -19.342    59.068
 2     0.658    -0.754     0.003
 2     0.752     0.657     0.029
 2    -0.023    -0.018     0.999
 3   134.166    -5.949     4.004
 3     0.467    -0.097    -0.879
 3     0.114     0.992    -0.047
 3     0.877    -0.079     0.474
 4   120.433    11.596    -4.175
 4     0.513    -0.812     0.280
 4     0.850     0.435    -0.294
 4     0.118     0.388     0.914
 5   128.798    17.598    22.611
 5     0.742    -0.410     0.533
 5     0.074    -0.737    -0.670
 5     0.667     0.537    -0.517
 6   148.453    10.988    21.238
 6     0.879     0.348    -0.329
 6    -0.401     0.172    -0.900
 6    -0.256     0.921     0.287
 7   119.485   -22.979    -3.754
 7     0.551     0.733     0.402
 7    -0.830     0.532     0.166
 7    -0.091    -0.425     0.900
 8   133.085   -30.173    20.853
 8     0.735     0.573     0.364
 8     0.003    -0.537     0.843
 8     0.678    -0.619    -0.397
 9   149.064   -16.009    23.909
 9     0.605    -0.362    -0.714
 9     0.795     0.261     0.543
 9    -0.007    -0.895     0.442
 2    97.603   -19.342    59.068
 2     0.658    -0.754     0.003
 2     0.752     0.657     0.029
 2    -0.023    -0.018     0.999
 3   134.249    -5.964     3.979
 3     0.456    -0.079    -0.886
 3     0.117     0.992    -0.027
 3     0.882    -0.092     0.462
 4   120.376    11.697    -4.247
 4     0.509    -0.814     0.281
 4     0.853     0.432    -0.292
 4     0.116     0.388     0.914
 5   128.574    17.559    22.615
 5     0.738    -0.392     0.551
 5     0.084    -0.754    -0.649
 5     0.669     0.526    -0.524
 6   148.388    12.230    21.396
 6     0.902     0.338    -0.274
 6    -0.348     0.195    -0.917
 6    -0.256     0.921     0.290
 7   119.522   -22.927    -3.787
 7     0.544     0.736     0.405
 7    -0.834     0.523     0.169
 7    -0.087    -0.429     0.898
 8   131.632   -30.493    21.334
 8     0.726     0.492     0.482
 8    -0.076    -0.637     0.765
 8     0.683    -0.593    -0.426
 9   149.248   -20.126    23.841
 9     0.737    -0.319    -0.601
 9     0.674     0.291     0.676
 9    -0.038    -0.902     0.425
 2    97.603   -19.342    59.068
 2     0.658    -0.754     0.003
 2     0.752     0.657     0.029
 2    -0.023    -0.018     0.999
 3   134.323    -6.011     3.915
 3     0.451    -0.056    -0.891
 3     0.115     0.993    -0.004
 3     0.885    -0.101     0.454
 4   120.428    11.698    -4.250
 4     0.508    -0.815     0.282
 4     0.854     0.430    -0.292
 4     0.117     0.388     0.914
 5   128.342    17.271    22.673
 5     0.732    -0.379     0.568
 5     0.089    -0.772    -0.628
 5     0.676     0.510    -0.532
 6   148.230    13.261    21.444
 6     0.919     0.331    -0.219
 6    -0.294     0.207    -0.933
 6    -0.263     0.921     0.285
 7   119.516   -23.028    -3.775
 7     0.532     0.744     0.406
 7    -0.843     0.510     0.169
 7    -0.080    -0.431     0.898
 8   130.338   -31.054    21.615
 8     0.719     0.388     0.579
 8    -0.161    -0.716     0.678
 8     0.676    -0.581    -0.453
 9   149.219   -24.825    23.818
 9     0.848    -0.266    -0.462
 9     0.525     0.313     0.791
 9    -0.064    -0.912     0.401
 2    97.603   -19.342    59.068
 2     0.658    -0.754     0.003
 2     0.752     0.657     0.029
 2    -0.023    -0.018     0.999
 3   134.305    -6.177     3.965
 3     0.439    -0.045    -0.897
 3     0.120     0.992     0.010
 3     0.890    -0.113     0.441
 4   120.364    11.592    -4.282
 4     0.505    -0.816     0.283
 4     0.856     0.431    -0.285
 4     0.111     0.385     0.916
 5   128.061    17.527    22.492
 5     0.738    -0.333     0.588
 5     0.131    -0.783    -0.607
 5     0.662     0.525    -0.535
 6   148.099    15.214    21.136
 6     0.936     0.321    -0.142
 6    -0.231     0.266    -0.936
 6    -0.263     0.908     0.322
 7   119.482   -23.154    -3.635
 7     0.523     0.750     0.407
 7    -0.849     0.498     0.171
 7    -0.074    -0.434     0.897
 8   128.869   -31.547    22.037
 8     0.697     0.252     0.672
 8    -0.261    -0.783     0.562
 8     0.667    -0.568    -0.481
 9   148.276   -30.672    23.754
 9     0.946    -0.189    -0.265
 9     0.313     0.334     0.890
 9    -0.079    -0.924     0.371
 2    97.603   -19.342    59.068
 2     0.658    -0.754     0.003
 2     0.753     0.657     0.029
 2    -0.023    -0.018     0.999
 3   134.228    -6.272     4.052
 3     0.433    -0.029    -0.901
 3     0.122     0.992     0.027
 3     0.893    -0.123     0.433
 4   120.232    11.413    -4.370
 4     0.500    -0.820     0.280
 4     0.859     0.429    -0.276
 4     0.107     0.377     0.919
 5   127.406    17.606    22.568
 5     0.724    -0.301     0.622
 5     0.159    -0.803    -0.572
 5     0.671     0.514    -0.534
 6   147.530    16.956    21.563
 6     0.955     0.288    -0.065
 6    -0.154     0.302    -0.941
 6    -0.251     0.908     0.332
 7   119.403   -23.330    -3.576
 7     0.511     0.758     0.408
 7    -0.857     0.484     0.173
 7    -0.066    -0.437     0.896
 8   127.656   -31.409    22.449
 8     0.666     0.142     0.733
 8    -0.326    -0.828     0.455
 8     0.671    -0.542    -0.506
 9   146.844   -35.237    24.324
 9     0.990    -0.117    -0.081
 9     0.114     0.325     0.939
 9    -0.083    -0.939     0.332
 2    97.603   -19.342    59.068
 2     0.658    -0.754     0.003
 2     0.752     0.657     0.029
 2    -0.023    -0.018     0.999
 3   134.235    -6.294     4.098
 3     0.431    -0.024    -0.902
 3     0.124     0.991     0.033
 3     0.894    -0.126     0.430
 4   120.175    11.285    -4.437
 4     0.495    -0.824     0.278
 4     0.862     0.427    -0.271
 4     0.104     0.373     0.922
 5   126.965    17.671    22.486
 5     0.719    -0.264     0.644
 5     0.188    -0.817    -0.544
 5     0.669     0.512    -0.538
 6   147.094    18.631    21.601
 6     0.964     0.266     0.006
 6    -0.088     0.344    -0.935
 6    -0.250     0.901     0.354
 7   119.390   -23.380    -3.533
 7     0.505     0.760     0.411
 7    -0.861     0.476     0.175
 7    -0.062    -0.441     0.894
 8   127.108   -31.585    22.589
 8     0.648     0.049     0.760
 8    -0.380    -0.844     0.377
 8     0.660    -0.534    -0.528
 9   145.251   -39.158    24.547
 9     0.994    -0.057     0.090
 9    -0.071     0.282     0.957
 9    -0.080    -0.958     0.276
 2    97.603   -19.342    59.068
 2     0.658    -0.754     0.003
 2     0.752     0.657     0.029
 2    -0.023    -0.018     0.999
 3   134.219    -6.394     4.093
 3     0.429    -0.017    -0.903
 3     0.124     0.991     0.040
 3     0.895    -0.130     0.427
 4   120.173    11.284    -4.433
 4     0.493    -0.825     0.277
 4     0.864     0.426    -0.267
 4     0.103     0.370     0.923
 5   126.703    17.683    22.537
 5     0.712    -0.254     0.656
 5     0.196    -0.824    -0.530
 5     0.674     0.506    -0.537
 6   146.791    19.502    22.130
 6     0.971     0.236     0.028
 6    -0.051     0.329    -0.943
 6    -0.230     0.914     0.331
 7   119.398   -23.481    -3.437
 7     0.500     0.763     0.412
 7    -0.864     0.471     0.176
 7    -0.059    -0.443     0.894
 8   126.899   -31.408    22.701
 8     0.641     0.013     0.767
 8    -0.392    -0.855     0.340
 8     0.659    -0.519    -0.543
 9   144.311   -41.013    25.425
 9     0.980    -0.021     0.196
 9    -0.188     0.202     0.961
 9    -0.060    -0.979     0.194
 2    97.603   -19.393    59.068
 2     0.658    -0.754     0.003
 2     0.752     0.657     0.029
 2    -0.023    -0.018     0.999
 3   134.219    -6.394     4.043
 3     0.429    -0.015    -0.903
 3     0.124     0.991     0.043
 3     0.895    -0.131     0.427
 4   120.097    11.286    -4.483
 4     0.487    -0.829     0.275
 4     0.867     0.421    -0.264
 4     0.103     0.366     0.924
 5   126.367    17.745    22.614
 5     0.705    -0.247     0.666
 5     0.202    -0.829    -0.520
 5     0.679     0.501    -0.535
 6   146.568    20.196    22.795
 6     0.978     0.205     0.040
 6    -0.022     0.295    -0.955
 6    -0.206     0.933     0.292
 7   119.431   -23.477    -3.445
 7     0.501     0.762     0.414
 7    -0.864     0.469     0.180
 7    -0.056    -0.447     0.892
 8   126.810   -31.230    22.835
 8     0.638    -0.015     0.770
 8    -0.400    -0.861     0.314
 8     0.658    -0.509    -0.555
 9   143.440   -42.626    26.512
 9     0.957    -0.006     0.290
 9    -0.288     0.094     0.953
 9    -0.033    -0.995     0.089
 2    97.603   -19.393    59.068
 2     0.658    -0.754     0.003
 2     0.752     0.657     0.029
 2    -0.023    -0.018     0.999
 3   134.219    -6.343     3.992
 3     0.429    -0.014    -0.903
 3     0.124     0.991     0.043
 3     0.895    -0.131     0.427
 4   119.995    11.235    -4.479
 4     0.484    -0.832     0.274
 4     0.869     0.420    -0.261
 4     0.102     0.363     0.926
 5   126.143    17.700    22.556
 5     0.702    -0.237     0.673
 5     0.211    -0.833    -0.511
 5     0.680     0.500    -0.535
 6   146.292    20.794    22.945
 6     0.979     0.191     0.062
 6     0.004     0.289    -0.958
 6    -0.201     0.938     0.282
 7   119.439   -23.474    -3.428
 7     0.501     0.761     0.414
 7    -0.864     0.468     0.184
 7    -0.053    -0.450     0.891
 8   126.590   -31.236    22.982
 8     0.629    -0.051     0.776
 8    -0.419    -0.863     0.282
 8     0.655    -0.502    -0.564
 9   142.266   -44.454    27.265
 9     0.922    -0.014     0.386
 9    -0.386     0.009     0.922
 9    -0.015    -1.000     0.004
 2    97.603   -19.342    59.068
 2     0.658    -0.754     0.003
 2     0.752     0.657     0.029
 2    -0.023    -0.018     0.999
 3   134.215    -6.395     4.000
 3     0.429    -0.013    -0.903
 3     0.125     0.991     0.045
 3     0.894    -0.133     0.426
 4   119.931    11.155    -4.461
 4     0.480    -0.834     0.274
 4     0.872     0.418    -0.253
 4     0.096     0.360     0.928
 5   125.957    17.831    22.509
 5     0.699    -0.221     0.680
 5     0.224    -0.836    -0.500
 5     0.678     0.502    -0.535
 6   146.015    21.801    23.125
 6     0.979     0.183     0.084
 6     0.039     0.238    -0.971
 6    -0.198     0.954     0.226
 7   119.493   -23.497    -3.380
 7     0.503     0.758     0.418
 7    -0.863     0.468     0.188
 7    -0.052    -0.454     0.889
 8   126.444   -31.461    22.866
 8     0.616    -0.102     0.781
 8    -0.455    -0.855     0.247
 8     0.643    -0.508    -0.573
 9   141.013   -46.287    27.454
 9     0.883    -0.039     0.469
 9    -0.470    -0.059     0.880
 9    -0.006    -0.998    -0.068
 2    97.603   -19.342    59.068
 2     0.658    -0.754     0.003
 2     0.752     0.657     0.029
 2    -0.023    -0.018     0.999
 3   134.286    -6.397     3.932
 3     0.431    -0.009    -0.902
 3     0.125     0.990     0.051
 3     0.893    -0.136     0.428
 4   119.928    11.180    -4.508
 4     0.478    -0.836     0.274
 4     0.873     0.417    -0.250
 4     0.095     0.357     0.929
 5   125.826    17.935    22.485
 5     0.699    -0.212     0.684
 5     0.230    -0.838    -0.493
 5     0.677     0.502    -0.537
 6   145.739    22.821    23.770
 6     0.978     0.182     0.097
 6     0.082     0.091    -0.993
 6    -0.190     0.979     0.073
 7   119.442   -23.498    -3.376
 7     0.503     0.756     0.420
 7    -0.863     0.468     0.188
 7    -0.053    -0.456     0.887
 8   126.317   -31.519    22.893
 8     0.609    -0.132     0.782
 8    -0.470    -0.854     0.222
 8     0.638    -0.503    -0.582
 9   140.072   -47.264    28.211
 9     0.841    -0.094     0.534
 9    -0.541    -0.163     0.825
 9     0.010    -0.982    -0.186
 2    97.603   -19.393    59.068
 2     0.658    -0.754     0.003
 2     0.752     0.657     0.029
 2    -0.023    -0.018     0.999
 3   134.280    -6.397     3.939
 3     0.433    -0.009    -0.901
 3     0.127     0.990     0.051
 3     0.892    -0.137     0.430
 4   119.790    11.179    -4.570
 4     0.468    -0.841     0.274
 4     0.879     0.411    -0.241
 4     0.090     0.352     0.931
 5   125.393    18.016    22.430
 5     0.696    -0.195     0.691
 5     0.241    -0.844    -0.479
 5     0.676     0.500    -0.541
 6   145.193    23.576    23.934
 6     0.974     0.192     0.118
 6     0.121    -0.000    -0.993
 6    -0.190     0.981    -0.024
 7   119.436   -23.499    -3.440
 7     0.505     0.752     0.426
 7    -0.861     0.470     0.189
 7    -0.057    -0.461     0.885
 8   126.269   -31.446    22.786
 8     0.605    -0.161     0.780
 8    -0.481    -0.854     0.198
 8     0.634    -0.495    -0.594
 9   139.200   -48.140    28.746
 9     0.797    -0.146     0.587
 9    -0.603    -0.238     0.761
 9     0.030    -0.960    -0.275
 2    97.603   -19.342    59.068
 2     0.658    -0.754     0.003
 2     0.752     0.657     0.029
 2    -0.023    -0.018     0.999
 3   134.326    -6.398     3.845
 3     0.435    -0.010    -0.900
 3     0.129     0.990     0.052
 3     0.891    -0.140     0.432
 4   119.729    11.152    -4.659
 4     0.462    -0.844     0.274
 4     0.882     0.408    -0.234
 4     0.086     0.349     0.933
 5   125.065    18.001    22.467
 5     0.691    -0.173     0.702
 5     0.254    -0.852    -0.458
 5     0.677     0.494    -0.545
 6   144.495    24.875    24.222
 6     0.964     0.206     0.168
 6     0.186    -0.070    -0.980
 6    -0.189     0.976    -0.106
 7   119.389   -23.483    -3.559
 7     0.505     0.748     0.432
 7    -0.861     0.474     0.182
 7    -0.068    -0.464     0.883
 8   126.344   -31.663    22.724
 8     0.600    -0.203     0.774
 8    -0.505    -0.845     0.171
 8     0.620    -0.494    -0.610
 9   138.223   -49.153    28.795
 9     0.750    -0.200     0.631
 9    -0.660    -0.284     0.696
 9     0.041    -0.938    -0.342
 2    97.603   -19.342    59.068
 2     0.658    -0.754     0.003
 2     0.752     0.657     0.029
 2    -0.023    -0.018     0.999
 3   134.321    -6.399     3.801
 3     0.436    -0.009    -0.900
 3     0.130     0.990     0.053
 3     0.890    -0.141     0.433
 4   119.547    11.100    -4.675
 4     0.457    -0.847     0.272
 4     0.885     0.404    -0.228
 4     0.083     0.345     0.935
 5   124.837    17.905    22.459
 5     0.689    -0.158     0.708
 5     0.259    -0.858    -0.443
 5     0.677     0.488    -0.550
 6   144.066    25.369    24.372
 6     0.958     0.218     0.188
 6     0.215    -0.108    -0.971
 6    -0.191     0.970    -0.150
 7   119.326   -23.514    -3.565
 7     0.503     0.747     0.437
 7    -0.861     0.475     0.177
 7    -0.074    -0.464     0.882
 8   126.241   -31.668    22.637
 8     0.596    -0.216     0.773
 8    -0.513    -0.843     0.161
 8     0.617    -0.493    -0.614
 9   137.795   -49.324    29.168
 9     0.732    -0.212     0.650
 9    -0.679    -0.302     0.668
 9     0.056    -0.929    -0.362
 2    97.603   -19.393    59.068
 2     0.658    -0.754     0.003
 2     0.752     0.657     0.029
 2    -0.023    -0.018     0.999
 3   134.322    -6.400     3.750
 3     0.437    -0.004    -0.899
 3     0.128     0.990     0.059
 3     0.890    -0.141     0.433
 4   119.547    11.100    -4.676
 4     0.456    -0.848     0.273
 4     0.886     0.403    -0.227
 4     0.083     0.345     0.935
 5   124.770    17.728    22.473
 5     0.689    -0.162     0.707
 5     0.253    -0.860    -0.442
 5     0.679     0.483    -0.552
 6   143.827    25.374    24.415
 6     0.954     0.224     0.199
 6     0.230    -0.120    -0.966
 6    -0.193     0.967    -0.166
 7   119.256   -23.449    -3.634
 7     0.497     0.748     0.442
 7    -0.864     0.474     0.167
 7    -0.084    -0.464     0.881
 8   126.016   -31.726    22.524
 8     0.586    -0.235     0.775
 8    -0.527    -0.837     0.145
 8     0.615    -0.494    -0.615
 9   137.200   -49.729    29.249
 9     0.712    -0.221     0.668
 9    -0.699    -0.309     0.644
 9     0.066    -0.925    -0.371
 2    97.603   -19.393    59.068
 2     0.658    -0.754     0.003
 2     0.752     0.657     0.029
 2    -0.023    -0.018     0.999
 3   134.323    -6.400     3.726
 3     0.436    -0.001    -0.900
 3     0.128     0.990     0.061
 3     0.890    -0.142     0.432
 4   119.487    11.047    -4.765
 4     0.451    -0.850     0.272
 4     0.889     0.400    -0.220
 4     0.079     0.341     0.936
 5   124.664    17.679    22.398
 5     0.688    -0.153     0.710
 5     0.258    -0.863    -0.434
 5     0.678     0.482    -0.554
 6   143.550    25.861    24.358
 6     0.947     0.237     0.217
 6     0.253    -0.134    -0.958
 6    -0.198     0.962    -0.187
 7   119.242   -23.405    -3.713
 7     0.494     0.748     0.446
 7    -0.865     0.475     0.161
 7    -0.091    -0.464     0.880
 8   125.940   -31.731    22.434
 8     0.580    -0.250     0.775
 8    -0.536    -0.833     0.133
 8     0.613    -0.493    -0.617
 9   136.753   -50.034    29.267
 9     0.691    -0.238     0.684
 9    -0.719    -0.319     0.617
 9     0.072    -0.917    -0.388
 2    97.603   -19.393    59.068
 2     0.658    -0.754     0.003
 2     0.752     0.657     0.029
 2    -0.023    -0.018     0.999
 3   134.379    -6.399     3.720
 3     0.436     0.000    -0.900
 3     0.128     0.990     0.062
 3     0.891    -0.143     0.431
 4   119.346    10.967    -4.870
 4     0.444    -0.854     0.271
 4     0.893     0.397    -0.210
 4     0.072     0.334     0.939
 5   124.487    17.556    22.288
 5     0.687    -0.142     0.713
 5     0.260    -0.867    -0.423
 5     0.678     0.476    -0.559
 6   143.254    26.228    24.233
 6     0.939     0.251     0.236
 6     0.279    -0.158    -0.947
 6    -0.199     0.955    -0.218
 7   119.186   -23.460    -3.729
 7     0.491     0.749     0.448
 7    -0.866     0.473     0.157
 7    -0.094    -0.464     0.880
 8   125.940   -31.784    22.495
 8     0.577    -0.262     0.774
 8    -0.542    -0.831     0.123
 8     0.611    -0.490    -0.621
 9   136.487   -50.392    29.249
 9     0.679    -0.252     0.691
 9    -0.730    -0.322     0.602
 9     0.072    -0.912    -0.400
 2    97.603   -19.393    59.068
 2     0.658    -0.754     0.003
 2     0.752     0.657     0.029
 2    -0.023    -0.018     0.999
 3   134.399    -6.450     3.677
 3     0.436     0.002    -0.900
 3     0.130     0.989     0.065
 3     0.890    -0.146     0.431
 4   119.393    10.814    -4.863
 4     0.442    -0.857     0.268
 4     0.894     0.396    -0.206
 4     0.070     0.330     0.941
 5   124.372    17.434    22.272
 5     0.685    -0.140     0.715
 5     0.259    -0.871    -0.417
 5     0.681     0.471    -0.560
 6   142.947    26.423    24.420
 6     0.933     0.258     0.250
 6     0.302    -0.189    -0.934
 6    -0.194     0.947    -0.254
 7   119.153   -23.466    -3.689
 7     0.485     0.752     0.449
 7    -0.869     0.470     0.150
 7    -0.098    -0.462     0.880
 8   125.820   -31.862    22.549
 8     0.571    -0.276     0.774
 8    -0.548    -0.829     0.110
 8     0.611    -0.487    -0.624
 9   136.040   -50.618    29.451
 9     0.661    -0.279     0.699
 9    -0.747    -0.335     0.574
 9     0.076    -0.900    -0.426
 2    97.603   -19.393    59.068
 2     0.658    -0.754     0.003
 2     0.752     0.657     0.029
 2    -0.023    -0.018     0.999
 3   134.381    -6.498     3.671
 3     0.435     0.004    -0.901
 3     0.132     0.989     0.068
 3     0.891    -0.149     0.429
 4   119.339    10.813    -4.963
 4     0.441    -0.857     0.269
 4     0.895     0.396    -0.205
 4     0.069     0.331     0.941
 5   124.534    17.190    22.290
 5     0.697    -0.153     0.701
 5     0.240    -0.871    -0.427
 5     0.676     0.466    -0.571
 6   143.052    26.221    24.463
 6     0.935     0.257     0.246
 6     0.299    -0.196    -0.934
 6    -0.192     0.946    -0.259
 7   119.150   -23.521    -3.757
 7     0.480     0.754     0.451
 7    -0.872     0.466     0.145
 7    -0.100    -0.462     0.880
 8   126.023   -31.727    22.596
 8     0.580    -0.273     0.768
 8    -0.539    -0.834     0.111
 8     0.611    -0.478    -0.631
 9   136.273   -50.437    29.555
 9     0.660    -0.288     0.697
 9    -0.748    -0.343     0.567
 9     0.076    -0.894    -0.438
 2    97.603   -19.342    59.118
 2     0.658    -0.754     0.003
 2     0.752     0.657     0.029
 2    -0.023    -0.018     0.999
 3   134.413    -6.517     3.667
 3     0.429     0.003    -0.903
 3     0.137     0.988     0.069
 3     0.892    -0.154     0.423
 4   119.392    10.788    -4.966
 4     0.443    -0.855     0.270
 4     0.894     0.397    -0.207
 4     0.070     0.333     0.940
 5   124.655    17.182    22.225
 5     0.702    -0.165     0.693
 5     0.230    -0.869    -0.438
 5     0.674     0.467    -0.572
 6   143.581    25.398    24.442
 6     0.946     0.227     0.230
 6     0.265    -0.136    -0.955
 6    -0.184     0.964    -0.189
 7   119.227   -23.514    -3.764
 7     0.491     0.746     0.452
 7    -0.865     0.476     0.154
 7    -0.099    -0.466     0.878
 8   126.785   -31.593    22.573
 8     0.611    -0.238     0.755
 8    -0.515    -0.844     0.151
 8     0.601    -0.481    -0.638
 9   137.826   -49.617    29.232
 9     0.695    -0.229     0.684
 9    -0.714    -0.328     0.618
 9     0.083    -0.916    -0.388
 2    97.603   -19.342    59.068
 2     0.658    -0.754     0.003
 2     0.753     0.657     0.029
 2    -0.023    -0.018     0.999
 3   134.411    -6.515     3.666
 3     0.428    -0.001    -0.904
 3     0.140     0.988     0.065
 3     0.892    -0.155     0.423
 4   119.399    10.815    -5.026
 4     0.447    -0.853     0.271
 4     0.891     0.399    -0.212
 4     0.073     0.336     0.939
 5   124.970    17.298    22.145
 5     0.708    -0.179     0.684
 5     0.222    -0.863    -0.453
 5     0.670     0.472    -0.572
 6   144.296    24.546    24.354
 6     0.960     0.193     0.201
 6     0.217    -0.065    -0.974
 6    -0.175     0.979    -0.104
 7   119.276   -23.408    -3.767
 7     0.499     0.741     0.452
 7    -0.861     0.481     0.159
 7    -0.099    -0.468     0.877
 8   127.207   -31.727    22.216
 8     0.630    -0.212     0.747
 8    -0.508    -0.840     0.190
 8     0.587    -0.499    -0.637
 9   139.420   -48.976    27.767
 9     0.762    -0.073     0.644
 9    -0.643    -0.202     0.739
 9     0.078    -0.977    -0.198
 2    97.603   -19.342    59.068
 2     0.658    -0.754     0.003
 2     0.752     0.657     0.029
 2    -0.023    -0.018     0.999
 3   134.410    -6.491     3.665
 3     0.430    -0.003    -0.903
 3     0.139     0.988     0.063
 3     0.892    -0.153     0.425
 4   119.479    10.967    -5.034
 4     0.455    -0.848     0.273
 4     0.887     0.405    -0.219
 4     0.075     0.342     0.936
 5   125.312    17.413    22.096
 5     0.714    -0.194     0.673
 5     0.215    -0.853    -0.474
 5     0.666     0.483    -0.568
 6   145.122    23.540    24.164
 6     0.973     0.165     0.160
 6     0.160     0.016    -0.987
 6    -0.164     0.986    -0.010
 7   119.325   -23.304    -3.821
 7     0.505     0.737     0.451
 7    -0.857     0.487     0.162
 7    -0.099    -0.468     0.878
 8   127.358   -31.959    22.087
 8     0.639    -0.174     0.749
 8    -0.498    -0.836     0.231
 8     0.586    -0.521    -0.621
 9   140.956   -47.912    26.891
 9     0.831     0.054     0.553
 9    -0.550    -0.058     0.833
 9     0.078    -0.997    -0.017
 2    97.603   -19.342    59.068
 2     0.658    -0.754     0.003
 2     0.753     0.657     0.029
 2    -0.023    -0.018     0.999
 3   134.409    -6.439     3.665
 3     0.429    -0.008    -0.903
 3     0.140     0.988     0.059
 3     0.892    -0.152     0.425
 4   119.596    10.994    -5.000
 4     0.466    -0.842     0.273
 4     0.881     0.413    -0.229
 4     0.081     0.346     0.934
 5   125.677    17.501    22.104
 5     0.718    -0.232     0.657
 5     0.192    -0.841    -0.505
 5     0.668     0.489    -0.560
 6   146.082    21.408    24.297
 6     0.988     0.139     0.067
 6     0.054     0.097    -0.994
 6    -0.145     0.985     0.087
 7   119.287   -23.222    -3.896
 7     0.509     0.739     0.444
 7    -0.856     0.488     0.168
 7    -0.092    -0.464     0.880
 8   127.516   -31.809    22.047
 8     0.662    -0.071     0.746
 8    -0.443    -0.840     0.313
 8     0.604    -0.538    -0.587
 9   144.064   -44.109    26.372
 9     0.939     0.156     0.307
 9    -0.331     0.157     0.930
 9     0.097    -0.975     0.199
 2    97.603   -19.393    59.068
 2     0.658    -0.754     0.003
 2     0.752     0.657     0.029
 2    -0.023    -0.018     0.999
 3   134.331    -6.387     3.739
 3     0.429    -0.018    -0.903
 3     0.143     0.988     0.048
 3     0.892    -0.150     0.426
 4   119.560    11.047    -5.071
 4     0.476    -0.836     0.275
 4     0.875     0.418    -0.242
 4     0.087     0.355     0.930
 5   126.161    17.476    21.959
 5     0.728    -0.285     0.624
 5     0.158    -0.816    -0.555
 5     0.666     0.503    -0.550
 6   147.055    19.029    24.149
 6     0.991     0.131    -0.030
 6    -0.047     0.141    -0.989
 6    -0.125     0.981     0.144
 7   119.192   -23.218    -3.907
 7     0.512     0.738     0.441
 7    -0.854     0.490     0.171
 7    -0.089    -0.463     0.881
 8   128.462   -31.994    21.563
 8     0.704     0.056     0.707
