% Calibrated with leiden_pols
% Positions are in centimeters
Data =[
 2    97.603   -19.393    59.068
 2     0.658    -0.754     0.003
 2     0.752     0.657     0.029
 2    -0.023    -0.018     0.999
 3   134.183    -5.918     4.102
 3     0.493    -0.176    -0.853
 3     0.120     0.984    -0.132
 3     0.861    -0.038     0.505
 4   120.564    11.356    -4.385
 4     0.505    -0.812     0.295
 4     0.857     0.431    -0.281
 4     0.101     0.393     0.913
 5   129.704    18.131    22.077
 5     0.688    -0.597     0.415
 5    -0.013    -0.580    -0.814
 5     0.725     0.554    -0.407
 6   145.848     1.078    22.779
 6     0.586     0.231    -0.780
 6    -0.796    -0.022    -0.603
 6    -0.151     0.973     0.167
 7   119.890   -23.249    -3.661
 7     0.576     0.722     0.387
 7    -0.812     0.558     0.168
 7    -0.094    -0.410     0.906
 8   136.858   -27.510    20.195
 8     0.652     0.758    -0.027
 8     0.258    -0.192     0.946
 8     0.713    -0.623    -0.321
 9   142.324    -4.181    24.610
 9    -0.038    -0.357    -0.933
 9     0.999    -0.035    -0.028
 9    -0.023    -0.933     0.358
 2    97.653   -19.393    59.068
 2     0.658    -0.754     0.003
 2     0.752     0.657     0.029
 2    -0.023    -0.018     0.999
 3   134.164    -5.816     4.148
 3     0.493    -0.174    -0.853
 3     0.120     0.984    -0.129
 3     0.862    -0.040     0.505
 4   120.469    11.358    -4.366
 4     0.506    -0.812     0.294
 4     0.856     0.431    -0.283
 4     0.103     0.394     0.913
 5   129.679    18.131    22.103
 5     0.688    -0.597     0.414
 5    -0.013    -0.580    -0.814
 5     0.725     0.555    -0.407
 6   145.848     1.103    22.830
 6     0.587     0.231    -0.780
 6    -0.796    -0.022    -0.604
 6    -0.151     0.973     0.167
 7   119.841   -23.199    -3.661
 7     0.576     0.721     0.387
 7    -0.812     0.558     0.168
 7    -0.094    -0.411     0.906
 8   136.776   -27.512    20.153
 8     0.653     0.757    -0.029
 8     0.258    -0.190     0.947
 8     0.711    -0.625    -0.320
 9   142.278    -4.180    24.579
 9    -0.038    -0.358    -0.933
 9     0.999    -0.034    -0.028
 9    -0.021    -0.933     0.359
 2    97.603   -19.342    59.068
 2     0.658    -0.754     0.003
 2     0.752     0.657     0.029
 2    -0.023    -0.018     0.999
 3   134.114    -5.867     4.148
 3     0.493    -0.172    -0.853
 3     0.119     0.984    -0.128
 3     0.862    -0.039     0.505
 4   120.446    11.358    -4.369
 4     0.507    -0.811     0.295
 4     0.856     0.431    -0.284
 4     0.104     0.396     0.912
 5   129.626    18.078    22.107
 5     0.689    -0.597     0.413
 5    -0.014    -0.579    -0.814
 5     0.724     0.556    -0.408
 6   145.795     1.102    22.782
 6     0.586     0.231    -0.780
 6    -0.795    -0.023    -0.604
 6    -0.152     0.972     0.166
 7   119.814   -23.149    -3.658
 7     0.576     0.720     0.388
 7    -0.812     0.558     0.168
 7    -0.095    -0.411     0.906
 8   136.775   -27.487    20.152
 8     0.653     0.757    -0.031
 8     0.259    -0.189     0.947
 8     0.711    -0.626    -0.320
 9   142.278    -4.129    24.579
 9    -0.039    -0.358    -0.933
 9     0.999    -0.034    -0.029
 9    -0.021    -0.933     0.359
 2    97.603   -19.393    59.068
 2     0.658    -0.754     0.003
 2     0.752     0.657     0.029
 2    -0.023    -0.018     0.999
 3   134.109    -5.818     4.154
 3     0.493    -0.173    -0.853
 3     0.119     0.984    -0.129
 3     0.861    -0.039     0.506
 4   120.395    11.409    -4.370
 4     0.507    -0.811     0.296
 4     0.856     0.430    -0.285
 4     0.104     0.397     0.911
 5   129.622    18.128    22.112
 5     0.691    -0.595     0.412
 5    -0.014    -0.579    -0.814
 5     0.723     0.557    -0.408
 6   145.793     1.101    22.734
 6     0.586     0.232    -0.780
 6    -0.795    -0.023    -0.604
 6    -0.153     0.972     0.167
 7   119.766   -23.148    -3.661
 7     0.576     0.721     0.388
 7    -0.812     0.558     0.168
 7    -0.094    -0.411     0.906
 8   136.822   -27.488    20.132
 8     0.655     0.755    -0.031
 8     0.258    -0.189     0.947
 8     0.710    -0.627    -0.319
 9   142.227    -4.129    24.579
 9    -0.039    -0.359    -0.932
 9     0.999    -0.033    -0.029
 9    -0.021    -0.933     0.360
 2    97.603   -19.342    59.068
 2     0.658    -0.754     0.003
 2     0.752     0.657     0.029
 2    -0.023    -0.018     0.999
 3   134.053    -5.820     4.082
 3     0.496    -0.175    -0.851
 3     0.118     0.984    -0.131
 3     0.860    -0.036     0.509
 4   120.395    11.459    -4.319
 4     0.508    -0.810     0.296
 4     0.855     0.431    -0.286
 4     0.104     0.398     0.911
 5   129.614    18.176    22.095
 5     0.692    -0.594     0.412
 5    -0.013    -0.579    -0.814
 5     0.721     0.558    -0.409
 6   145.844     1.152    22.735
 6     0.586     0.233    -0.780
 6    -0.796    -0.023    -0.603
 6    -0.153     0.972     0.168
 7   119.811   -23.099    -3.604
 7     0.577     0.720     0.389
 7    -0.811     0.559     0.168
 7    -0.096    -0.411     0.906
 8   136.843   -27.489    20.136
 8     0.656     0.755    -0.033
 8     0.259    -0.188     0.947
 8     0.709    -0.628    -0.319
 9   142.279    -4.078    24.576
 9    -0.039    -0.360    -0.932
 9     0.999    -0.033    -0.029
 9    -0.020    -0.932     0.360
 2    97.603   -19.342    59.068
 2     0.658    -0.754     0.003
 2     0.753     0.657     0.029
 2    -0.023    -0.018     0.999
 3   134.098    -5.796     4.088
 3     0.497    -0.175    -0.850
 3     0.118     0.984    -0.132
 3     0.859    -0.036     0.509
 4   120.445    11.459    -4.320
 4     0.508    -0.809     0.298
 4     0.855     0.431    -0.287
 4     0.104     0.399     0.910
 5   129.736    18.174    22.099
 5     0.694    -0.593     0.411
 5    -0.015    -0.579    -0.814
 5     0.720     0.559    -0.411
 6   145.842     1.099    22.688
 6     0.584     0.235    -0.780
 6    -0.796    -0.023    -0.602
 6    -0.154     0.972     0.169
 7   119.814   -23.098    -3.606
 7     0.577     0.719     0.390
 7    -0.812     0.559     0.169
 7    -0.095    -0.412     0.905
 8   136.841   -27.490    20.089
 8     0.657     0.754    -0.032
 8     0.259    -0.189     0.947
 8     0.708    -0.629    -0.320
 9   142.329    -4.129    24.524
 9    -0.038    -0.362    -0.932
 9     0.999    -0.033    -0.028
 9    -0.020    -0.932     0.363
 2    97.603   -19.342    59.068
 2     0.658    -0.754     0.003
 2     0.752     0.657     0.029
 2    -0.023    -0.018     0.999
 3   134.100    -5.796     3.988
 3     0.497    -0.171    -0.851
 3     0.118     0.984    -0.127
 3     0.859    -0.038     0.510
 4   120.397    11.510    -4.323
 4     0.510    -0.807     0.298
 4     0.853     0.432    -0.289
 4     0.105     0.401     0.910
 5   129.778    18.122    22.105
 5     0.696    -0.590     0.411
 5    -0.016    -0.583    -0.811
 5     0.718     0.558    -0.415
 6   145.952     1.198    22.529
 6     0.590     0.241    -0.775
 6    -0.791    -0.024    -0.609
 6    -0.161     0.970     0.173
 7   119.763   -23.099    -3.653
 7     0.576     0.718     0.392
 7    -0.812     0.558     0.170
 7    -0.096    -0.414     0.904
 8   136.881   -27.441    20.052
 8     0.659     0.751    -0.035
 8     0.260    -0.189     0.946
 8     0.705    -0.632    -0.321
 9   142.548    -4.023    24.356
 9    -0.054    -0.378    -0.924
 9     0.998    -0.035    -0.044
 9    -0.016    -0.925     0.379
 2    97.603   -19.393    59.068
 2     0.658    -0.754     0.003
 2     0.752     0.657     0.029
 2    -0.023    -0.018     0.999
 3   134.056    -5.820     4.034
 3     0.496    -0.167    -0.852
 3     0.118     0.985    -0.123
 3     0.860    -0.040     0.508
 4   120.396    11.458    -4.269
 4     0.511    -0.808     0.297
 4     0.853     0.433    -0.288
 4     0.104     0.400     0.910
 5   129.647    17.994    22.178
 5     0.697    -0.586     0.416
 5    -0.018    -0.592    -0.805
 5     0.717     0.553    -0.423
