% Calibrated with leiden_pols
% Positions are in centimeters
Data =[
 2    97.603   -19.393    59.118
 2     0.658    -0.754     0.003
 2     0.752     0.657     0.029
 2    -0.023    -0.018     0.999
 3   133.619    -5.966     3.983
 3     0.501    -0.188    -0.845
 3     0.152     0.980    -0.126
 3     0.852    -0.066     0.519
 4   118.934    10.834    -5.271
 4     0.524    -0.794     0.309
 4     0.849     0.460    -0.258
 4     0.063     0.397     0.915
 5   129.305    18.583    20.384
 5     0.688    -0.646     0.332
 5    -0.034    -0.484    -0.874
 5     0.724     0.590    -0.355
 6   141.139    -2.529    20.452
 6     0.338     0.501    -0.800
 6    -0.913    -0.034    -0.403
 6    -0.228     0.865     0.444
 7   118.851   -23.115    -3.723
 7     0.566     0.698     0.442
 7    -0.812     0.564     0.149
 7    -0.145    -0.442     0.884
 8   136.133   -28.158    19.365
 8     0.652     0.758    -0.037
 8     0.215    -0.143     0.966
 8     0.727    -0.636    -0.257
 9   143.982    -6.114    26.569
 9     0.121    -0.255    -0.960
 9     0.984     0.154     0.082
 9     0.129    -0.955     0.268
 2    97.603   -19.342    59.118
 2     0.658    -0.754     0.003
 2     0.752     0.657     0.029
 2    -0.023    -0.018     0.999
 3   133.559    -5.970     3.994
 3     0.503    -0.190    -0.844
 3     0.151     0.980    -0.129
 3     0.850    -0.064     0.521
 4   118.934    10.834    -5.271
 4     0.524    -0.794     0.309
 4     0.849     0.460    -0.258
 4     0.063     0.397     0.915
 5   129.305    18.584    20.383
 5     0.689    -0.645     0.333
 5    -0.033    -0.486    -0.873
 5     0.724     0.590    -0.356
 6   141.191    -2.529    20.501
 6     0.337     0.500    -0.801
 6    -0.914    -0.034    -0.402
 6    -0.227     0.865     0.444
 7   118.849   -23.116    -3.770
 7     0.566     0.697     0.442
 7    -0.812     0.564     0.148
 7    -0.146    -0.442     0.884
 8   136.134   -28.108    19.366
 8     0.652     0.758    -0.035
 8     0.214    -0.145     0.966
 8     0.727    -0.636    -0.257
 9   144.033    -6.088    26.621
 9     0.120    -0.252    -0.961
 9     0.984     0.154     0.081
 9     0.129    -0.955     0.265
 2    97.603   -19.342    59.118
 2     0.658    -0.754     0.003
 2     0.752     0.657     0.029
 2    -0.023    -0.018     0.999
 3   133.603    -5.920     3.948
 3     0.505    -0.193    -0.842
 3     0.151     0.979    -0.131
 3     0.849    -0.062     0.523
 4   118.932    10.832    -5.269
 4     0.525    -0.793     0.310
 4     0.849     0.460    -0.258
 4     0.062     0.398     0.915
 5   129.375    18.634    20.310
 5     0.690    -0.643     0.335
 5    -0.032    -0.488    -0.872
 5     0.723     0.590    -0.357
 6   141.243    -2.528    20.446
 6     0.337     0.499    -0.802
 6    -0.914    -0.034    -0.402
 6    -0.226     0.866     0.443
 7   118.850   -23.116    -3.770
 7     0.565     0.697     0.443
 7    -0.812     0.563     0.148
 7    -0.146    -0.443     0.884
 8   136.135   -28.108    19.366
 8     0.651     0.758    -0.034
 8     0.214    -0.145     0.965
 8     0.727    -0.635    -0.258
 9   144.061    -6.088    26.567
 9     0.121    -0.251    -0.961
 9     0.984     0.156     0.082
 9     0.130    -0.955     0.264
 2    97.603   -19.393    59.068
 2     0.658    -0.754     0.003
 2     0.752     0.657     0.029
 2    -0.023    -0.018     0.999
 3   133.598    -5.921     3.953
 3     0.506    -0.193    -0.841
 3     0.152     0.979    -0.132
 3     0.848    -0.062     0.525
 4   118.932    10.883    -5.320
 4     0.525    -0.793     0.311
 4     0.849     0.460    -0.258
 4     0.062     0.398     0.915
 5   129.422    18.633    20.314
 5     0.690    -0.642     0.335
 5    -0.032    -0.488    -0.872
 5     0.722     0.591    -0.358
 6   141.318    -2.527    20.446
 6     0.337     0.499    -0.802
 6    -0.914    -0.034    -0.402
 6    -0.226     0.866     0.443
 7   118.873   -23.066    -3.766
 7     0.565     0.696     0.444
 7    -0.812     0.564     0.148
 7    -0.147    -0.444     0.883
 8   136.138   -28.107    19.361
 8     0.651     0.759    -0.033
 8     0.214    -0.146     0.965
 8     0.728    -0.635    -0.258
 9   144.034    -6.088    26.621
 9     0.121    -0.250    -0.961
 9     0.984     0.155     0.083
 9     0.129    -0.956     0.263
 2    97.603   -19.342    59.068
 2     0.658    -0.754     0.003
 2     0.752     0.657     0.029
 2    -0.023    -0.018     0.999
 3   133.608    -5.969     3.994
 3     0.503    -0.192    -0.843
 3     0.152     0.979    -0.130
 3     0.850    -0.064     0.521
 4   118.932    10.883    -5.320
 4     0.525    -0.793     0.311
 4     0.849     0.461    -0.258
 4     0.062     0.398     0.915
 5   129.423    18.582    20.316
 5     0.690    -0.643     0.333
 5    -0.032    -0.486    -0.873
 5     0.722     0.592    -0.356
 6   141.328    -2.575    20.437
 6     0.336     0.500    -0.801
 6    -0.915    -0.030    -0.399
 6    -0.222     0.865     0.446
 7   118.884   -23.112    -3.731
 7     0.567     0.696     0.442
 7    -0.811     0.563     0.153
 7    -0.142    -0.445     0.883
 8   136.115   -28.107    19.464
 8     0.651     0.759    -0.027
 8     0.213    -0.152     0.965
 8     0.728    -0.633    -0.261
 9   144.055    -6.091    26.630
 9     0.126    -0.250    -0.961
 9     0.984     0.153     0.088
 9     0.126    -0.956     0.263
 2    97.603   -19.342    59.068
 2     0.658    -0.754     0.003
 2     0.753     0.657     0.029
 2    -0.023    -0.018     0.999
 3   133.554    -5.987     4.024
 3     0.496    -0.187    -0.848
 3     0.155     0.980    -0.124
 3     0.854    -0.071     0.515
 4   118.929    10.831    -5.217
 4     0.528    -0.790     0.314
 4     0.847     0.462    -0.260
 4     0.061     0.403     0.913
 5   128.934    18.228    20.508
 5     0.693    -0.630     0.353
 5    -0.033    -0.515    -0.856
 5     0.720     0.582    -0.377
 6   141.425    -2.330    20.212
 6     0.373     0.522    -0.771
 6    -0.900    -0.002    -0.432
 6    -0.226     0.853     0.469
 7   118.860   -23.111    -3.735
 7     0.568     0.696     0.441
 7    -0.811     0.564     0.154
 7    -0.141    -0.445     0.884
 8   136.275   -28.296    19.171
 8     0.661     0.750    -0.048
 8     0.213    -0.131     0.968
 8     0.719    -0.649    -0.246
 9   144.384    -6.216    26.264
 9     0.126    -0.256    -0.959
 9     0.983     0.156     0.086
 9     0.129    -0.954     0.270
 2    97.603   -19.342    59.068
 2     0.658    -0.754     0.003
 2     0.753     0.657     0.029
 2    -0.023    -0.018     0.999
 3   133.468    -6.033     4.067
 3     0.492    -0.179    -0.853
 3     0.157     0.981    -0.113
 3     0.856    -0.079     0.509
 4   118.930    10.881    -5.191
 4     0.529    -0.789     0.313
 4     0.846     0.463    -0.261
 4     0.061     0.402     0.913
 5   129.008    18.141    20.492
 5     0.707    -0.612     0.354
 5    -0.019    -0.516    -0.856
 5     0.706     0.599    -0.377
 6   142.349    -1.469    19.937
 6     0.439     0.561    -0.706
 6    -0.866     0.051    -0.495
 6    -0.241     0.826     0.507
 7   118.704   -23.115    -3.775
 7     0.564     0.698     0.443
 7    -0.813     0.562     0.150
 7    -0.144    -0.444     0.884
 8   136.090   -28.555    19.205
 8     0.693     0.721    -0.008
 8     0.187    -0.174     0.967
 8     0.695    -0.671    -0.256
 9   145.851    -7.403    26.004
 9     0.224    -0.292    -0.931
 9     0.966     0.188     0.171
 9     0.127    -0.938     0.322
 2    97.603   -19.342    59.068
 2     0.658    -0.754     0.003
 2     0.752     0.657     0.029
 2    -0.023    -0.018     0.999
 3   133.491    -6.128     4.125
 3     0.484    -0.168    -0.859
 3     0.158     0.982    -0.101
 3     0.860    -0.088     0.501
 4   118.936    10.883    -5.194
 4     0.528    -0.792     0.308
 4     0.846     0.464    -0.259
 4     0.063     0.397     0.915
 5   129.150    17.950    20.519
 5     0.730    -0.576     0.370
 5     0.001    -0.539    -0.842
 5     0.684     0.614    -0.393
