% Calibrated with leiden_pols
% Positions are in centimeters
Data =[
 2    97.603   -19.393    59.118
 2     0.658    -0.754     0.003
 2     0.752     0.657     0.029
 2    -0.023    -0.018     0.999
 3   133.619    -5.966     3.983
 3     0.501    -0.188    -0.845
 3     0.152     0.980    -0.126
 3     0.852    -0.066     0.519
 4   118.934    10.834    -5.271
 4     0.524    -0.794     0.309
 4     0.849     0.460    -0.258
 4     0.063     0.397     0.915
 5   129.305    18.583    20.384
 5     0.688    -0.646     0.332
 5    -0.034    -0.484    -0.874
 5     0.724     0.590    -0.355
 6   141.139    -2.529    20.452
 6     0.338     0.501    -0.800
 6    -0.913    -0.034    -0.403
 6    -0.228     0.865     0.444
 7   118.851   -23.115    -3.723
 7     0.566     0.698     0.442
 7    -0.812     0.564     0.149
 7    -0.145    -0.442     0.884
 8   136.133   -28.158    19.365
 8     0.652     0.758    -0.037
 8     0.215    -0.143     0.966
 8     0.727    -0.636    -0.257
 9   143.982    -6.114    26.569
 9     0.121    -0.255    -0.960
 9     0.984     0.154     0.082
 9     0.129    -0.955     0.268
 2    97.603   -19.342    59.118
 2     0.658    -0.754     0.003
 2     0.752     0.657     0.029
 2    -0.023    -0.018     0.999
 3   133.559    -5.970     3.994
 3     0.503    -0.190    -0.844
 3     0.151     0.980    -0.129
 3     0.850    -0.064     0.521
 4   118.934    10.834    -5.271
 4     0.524    -0.794     0.309
 4     0.849     0.460    -0.258
 4     0.063     0.397     0.915
 5   129.305    18.584    20.383
 5     0.689    -0.645     0.333
 5    -0.033    -0.486    -0.873
 5     0.724     0.590    -0.356
 6   141.191    -2.529    20.501
 6     0.337     0.500    -0.801
 6    -0.914    -0.034    -0.402
 6    -0.227     0.865     0.444
 7   118.849   -23.116    -3.770
 7     0.566     0.697     0.442
 7    -0.812     0.564     0.148
 7    -0.146    -0.442     0.884
 8   136.134   -28.108    19.366
 8     0.652     0.758    -0.035
 8     0.214    -0.145     0.966
 8     0.727    -0.636    -0.257
 9   144.033    -6.088    26.621
 9     0.120    -0.252    -0.961
 9     0.984     0.154     0.081
 9     0.129    -0.955     0.265
 2    97.603   -19.342    59.118
 2     0.658    -0.754     0.003
 2     0.752     0.657     0.029
 2    -0.023    -0.018     0.999
 3   133.603    -5.920     3.948
 3     0.505    -0.193    -0.842
 3     0.151     0.979    -0.131
 3     0.849    -0.062     0.523
 4   118.932    10.832    -5.269
 4     0.525    -0.793     0.310
 4     0.849     0.460    -0.258
 4     0.062     0.398     0.915
 5   129.375    18.634    20.310
 5     0.690    -0.643     0.335
 5    -0.032    -0.488    -0.872
 5     0.723     0.590    -0.357
 6   141.243    -2.528    20.446
 6     0.337     0.499    -0.802
 6    -0.914    -0.034    -0.402
 6    -0.226     0.866     0.443
 7   118.850   -23.116    -3.770
 7     0.565     0.697     0.443
 7    -0.812     0.563     0.148
 7    -0.146    -0.443     0.884
 8   136.135   -28.108    19.366
 8     0.651     0.758    -0.034
 8     0.214    -0.145     0.965
 8     0.727    -0.635    -0.258
 9   144.061    -6.088    26.567
 9     0.121    -0.251    -0.961
 9     0.984     0.156     0.082
 9     0.130    -0.955     0.264
 2    97.603   -19.393    59.068
 2     0.658    -0.754     0.003
 2     0.752     0.657     0.029
 2    -0.023    -0.018     0.999
 3   133.598    -5.921     3.953
 3     0.506    -0.193    -0.841
 3     0.152     0.979    -0.132
 3     0.848    -0.062     0.525
 4   118.932    10.883    -5.320
 4     0.525    -0.793     0.311
 4     0.849     0.460    -0.258
 4     0.062     0.398     0.915
 5   129.422    18.633    20.314
 5     0.690    -0.642     0.335
 5    -0.032    -0.488    -0.872
 5     0.722     0.591    -0.358
 6   141.318    -2.527    20.446
 6     0.337     0.499    -0.802
 6    -0.914    -0.034    -0.402
 6    -0.226     0.866     0.443
 7   118.873   -23.066    -3.766
 7     0.565     0.696     0.444
 7    -0.812     0.564     0.148
 7    -0.147    -0.444     0.883
 8   136.138   -28.107    19.361
 8     0.651     0.759    -0.033
 8     0.214    -0.146     0.965
 8     0.728    -0.635    -0.258
 9   144.034    -6.088    26.621
 9     0.121    -0.250    -0.961
 9     0.984     0.155     0.083
 9     0.129    -0.956     0.263
 2    97.603   -19.342    59.068
 2     0.658    -0.754     0.003
 2     0.752     0.657     0.029
 2    -0.023    -0.018     0.999
 3   133.608    -5.969     3.994
 3     0.503    -0.192    -0.843
 3     0.152     0.979    -0.130
 3     0.850    -0.064     0.521
 4   118.932    10.883    -5.320
 4     0.525    -0.793     0.311
 4     0.849     0.461    -0.258
 4     0.062     0.398     0.915
 5   129.423    18.582    20.316
 5     0.690    -0.643     0.333
 5    -0.032    -0.486    -0.873
 5     0.722     0.592    -0.356
 6   141.328    -2.575    20.437
 6     0.336     0.500    -0.801
 6    -0.915    -0.030    -0.399
 6    -0.222     0.865     0.446
 7   118.884   -23.112    -3.731
 7     0.567     0.696     0.442
 7    -0.811     0.563     0.153
 7    -0.142    -0.445     0.883
 8   136.115   -28.107    19.464
 8     0.651     0.759    -0.027
 8     0.213    -0.152     0.965
 8     0.728    -0.633    -0.261
 9   144.055    -6.091    26.630
 9     0.126    -0.250    -0.961
 9     0.984     0.153     0.088
 9     0.126    -0.956     0.263
 2    97.603   -19.342    59.068
 2     0.658    -0.754     0.003
 2     0.753     0.657     0.029
 2    -0.023    -0.018     0.999
 3   133.554    -5.987     4.024
 3     0.496    -0.187    -0.848
 3     0.155     0.980    -0.124
 3     0.854    -0.071     0.515
 4   118.929    10.831    -5.217
 4     0.528    -0.790     0.314
 4     0.847     0.462    -0.260
 4     0.061     0.403     0.913
 5   128.934    18.228    20.508
 5     0.693    -0.630     0.353
 5    -0.033    -0.515    -0.856
 5     0.720     0.582    -0.377
 6   141.425    -2.330    20.212
 6     0.373     0.522    -0.771
 6    -0.900    -0.002    -0.432
 6    -0.226     0.853     0.469
 7   118.860   -23.111    -3.735
 7     0.568     0.696     0.441
 7    -0.811     0.564     0.154
 7    -0.141    -0.445     0.884
 8   136.275   -28.296    19.171
 8     0.661     0.750    -0.048
 8     0.213    -0.131     0.968
 8     0.719    -0.649    -0.246
 9   144.384    -6.216    26.264
 9     0.126    -0.256    -0.959
 9     0.983     0.156     0.086
 9     0.129    -0.954     0.270
 2    97.603   -19.342    59.068
 2     0.658    -0.754     0.003
 2     0.753     0.657     0.029
 2    -0.023    -0.018     0.999
 3   133.468    -6.033     4.067
 3     0.492    -0.179    -0.853
 3     0.157     0.981    -0.113
 3     0.856    -0.079     0.509
 4   118.930    10.881    -5.191
 4     0.529    -0.789     0.313
 4     0.846     0.463    -0.261
 4     0.061     0.402     0.913
 5   129.008    18.141    20.492
 5     0.707    -0.612     0.354
 5    -0.019    -0.516    -0.856
 5     0.706     0.599    -0.377
 6   142.349    -1.469    19.937
 6     0.439     0.561    -0.706
 6    -0.866     0.051    -0.495
 6    -0.241     0.826     0.507
 7   118.704   -23.115    -3.775
 7     0.564     0.698     0.443
 7    -0.813     0.562     0.150
 7    -0.144    -0.444     0.884
 8   136.090   -28.555    19.205
 8     0.693     0.721    -0.008
 8     0.187    -0.174     0.967
 8     0.695    -0.671    -0.256
 9   145.851    -7.403    26.004
 9     0.224    -0.292    -0.931
 9     0.966     0.188     0.171
 9     0.127    -0.938     0.322
 2    97.603   -19.342    59.068
 2     0.658    -0.754     0.003
 2     0.752     0.657     0.029
 2    -0.023    -0.018     0.999
 3   133.491    -6.128     4.125
 3     0.484    -0.168    -0.859
 3     0.158     0.982    -0.101
 3     0.860    -0.088     0.501
 4   118.936    10.883    -5.194
 4     0.528    -0.792     0.308
 4     0.846     0.464    -0.259
 4     0.063     0.397     0.915
 5   129.150    17.950    20.519
 5     0.730    -0.576     0.370
 5     0.001    -0.539    -0.842
 5     0.684     0.614    -0.393
 6   143.748    -0.029    19.142
 6     0.521     0.646    -0.565
 6    -0.817     0.182    -0.544
 6    -0.249     0.741     0.621
 7   118.652   -23.067    -3.768
 7     0.562     0.698     0.446
 7    -0.814     0.560     0.148
 7    -0.146    -0.445     0.882
 8   135.715   -28.936    19.189
 8     0.720     0.691     0.061
 8     0.148    -0.244     0.958
 8     0.677    -0.681    -0.278
 9   147.411    -9.265    25.455
 9     0.337    -0.357    -0.875
 9     0.929     0.270     0.245
 9     0.151    -0.895     0.419
 2    97.602   -19.342    59.118
 2     0.658    -0.754     0.003
 2     0.753     0.657     0.029
 2    -0.023    -0.018     0.999
 3   133.520    -6.117     4.152
 3     0.474    -0.158    -0.867
 3     0.163     0.982    -0.089
 3     0.865    -0.100     0.490
 4   118.987    10.883    -5.193
 4     0.527    -0.794     0.305
 4     0.847     0.463    -0.257
 4     0.063     0.393     0.917
 5   129.287    18.121    20.431
 5     0.754    -0.512     0.413
 5     0.046    -0.584    -0.809
 5     0.655     0.630    -0.418
 6   145.504     2.358    18.586
 6     0.622     0.665    -0.423
 6    -0.747     0.341    -0.567
 6    -0.234     0.665     0.707
 7   118.693   -22.971    -3.877
 7     0.558     0.699     0.450
 7    -0.816     0.559     0.144
 7    -0.151    -0.447     0.881
 8   135.298   -29.547    19.073
 8     0.746     0.649     0.147
 8     0.096    -0.326     0.941
 8     0.659    -0.687    -0.305
 9   149.014   -11.443    24.561
 9     0.448    -0.414    -0.798
 9     0.878     0.357     0.306
 9     0.162    -0.838     0.519
 2    97.653   -19.393    59.068
 2     0.658    -0.754     0.003
 2     0.752     0.657     0.029
 2    -0.023    -0.018     0.999
 3   133.670    -6.060     4.184
 3     0.467    -0.142    -0.873
 3     0.163     0.984    -0.072
 3     0.869    -0.109     0.482
 4   118.984    10.934    -5.189
 4     0.525    -0.796     0.303
 4     0.849     0.462    -0.254
 4     0.062     0.390     0.918
 5   129.159    18.023    20.501
 5     0.763    -0.470     0.446
 5     0.069    -0.624    -0.777
 5     0.643     0.624    -0.444
 6   146.814     4.613    18.613
 6     0.714     0.627    -0.318
 6    -0.666     0.467    -0.581
 6    -0.217     0.623     0.749
 7   118.689   -22.899    -3.870
 7     0.555     0.700     0.451
 7    -0.818     0.557     0.141
 7    -0.153    -0.446     0.881
 8   134.828   -29.791    19.146
 8     0.758     0.616     0.216
 8     0.055    -0.391     0.919
 8     0.650    -0.684    -0.330
 9   149.881   -13.409    24.240
 9     0.538    -0.453    -0.717
 9     0.822     0.462     0.325
 9     0.185    -0.763     0.617
 2    97.603   -19.393    59.068
 2     0.658    -0.754     0.003
 2     0.752     0.657     0.029
 2    -0.023    -0.018     0.999
 3   133.680    -6.110     4.080
 3     0.465    -0.128    -0.876
 3     0.161     0.985    -0.057
 3     0.870    -0.115     0.479
 4   119.030    11.062    -5.211
 4     0.518    -0.800     0.304
 4     0.853     0.458    -0.250
 4     0.061     0.388     0.919
 5   128.697    18.273    20.701
 5     0.758    -0.433     0.490
 5     0.100    -0.663    -0.741
 5     0.644     0.611    -0.459
 6   147.717     7.080    19.349
 6     0.791     0.549    -0.275
 6    -0.585     0.548    -0.598
 6    -0.179     0.631     0.753
 7   118.740   -22.798    -3.945
 7     0.553     0.701     0.453
 7    -0.819     0.555     0.140
 7    -0.153    -0.447     0.880
 8   134.228   -30.416    19.136
 8     0.761     0.581     0.290
 8     0.001    -0.447     0.894
 8     0.649    -0.680    -0.341
 9   150.565   -15.649    24.124
 9     0.612    -0.432    -0.669
 9     0.763     0.536     0.354
 9     0.205    -0.726     0.653
 2    97.603   -19.342    59.068
 2     0.658    -0.754     0.003
 2     0.752     0.657     0.029
 2    -0.023    -0.018     0.999
 3   133.851    -6.003     4.041
 3     0.460    -0.113    -0.881
 3     0.161     0.986    -0.042
 3     0.873    -0.123     0.471
 4   119.024    11.112    -5.206
 4     0.515    -0.802     0.305
 4     0.855     0.455    -0.246
 4     0.059     0.387     0.920
 5   128.801    18.547    20.531
 5     0.769    -0.389     0.509
 5     0.133    -0.679    -0.720
 5     0.625     0.622    -0.471
 6   148.616     9.003    19.742
 6     0.840     0.486    -0.247
 6    -0.524     0.610    -0.594
 6    -0.138     0.625     0.766
 7   118.741   -22.724    -4.044
 7     0.548     0.704     0.454
 7    -0.822     0.551     0.137
 7    -0.153    -0.447     0.880
 8   133.573   -31.182    19.056
 8     0.769     0.519     0.373
 8    -0.068    -0.513     0.855
 8     0.635    -0.683    -0.359
 9   151.169   -18.626    23.491
 9     0.698    -0.396    -0.603
 9     0.688     0.594     0.412
 9     0.195    -0.700     0.683
 2    97.603   -19.393    59.068
 2     0.658    -0.754     0.003
 2     0.752     0.657     0.029
 2    -0.023    -0.018     0.999
 3   133.922    -6.051     3.976
 3     0.455    -0.097    -0.886
 3     0.157     0.987    -0.026
 3     0.876    -0.128     0.463
 4   119.069    11.137    -5.200
 4     0.512    -0.803     0.305
 4     0.857     0.453    -0.244
 4     0.057     0.386     0.920
 5   128.696    18.759    20.489
 5     0.768    -0.355     0.534
 5     0.163    -0.697    -0.697
 5     0.619     0.623    -0.479
 6   149.055    10.675    19.956
 6     0.875     0.431    -0.221
 6    -0.470     0.653    -0.595
 6    -0.113     0.623     0.773
 7   118.842   -22.726    -4.092
 7     0.543     0.707     0.455
 7    -0.826     0.547     0.135
 7    -0.153    -0.448     0.880
 8   132.445   -31.920    19.337
 8     0.764     0.442     0.471
 8    -0.149    -0.588     0.794
 8     0.627    -0.677    -0.385
 9   151.415   -22.599    23.210
 9     0.792    -0.314    -0.528
 9     0.581     0.644     0.497
 9     0.183    -0.698     0.688
 2    97.603   -19.342    59.068
 2     0.658    -0.754     0.003
 2     0.752     0.657     0.029
 2    -0.023    -0.018     0.999
 3   134.018    -6.125     3.962
 3     0.450    -0.078    -0.890
 3     0.153     0.988    -0.008
 3     0.879    -0.134     0.456
 4   119.062    11.110    -5.241
 4     0.508    -0.807     0.305
 4     0.860     0.451    -0.237
 4     0.054     0.381     0.922
 5   128.304    19.098    20.441
 5     0.765    -0.312     0.565
 5     0.209    -0.708    -0.673
 5     0.609     0.633    -0.477
 6   149.345    12.506    20.424
 6     0.905     0.374    -0.205
 6    -0.418     0.695    -0.585
 6    -0.077     0.614     0.784
 7   118.744   -22.733    -4.086
 7     0.530     0.717     0.455
 7    -0.834     0.536     0.126
 7    -0.153    -0.446     0.881
 8   131.178   -32.895    19.276
 8     0.750     0.354     0.560
 8    -0.238    -0.644     0.726
 8     0.616    -0.678    -0.400
 9   150.979   -26.897    22.931
 9     0.868    -0.220    -0.448
 9     0.461     0.681     0.570
 9     0.180    -0.698     0.688
 2    97.603   -19.342    59.068
 2     0.658    -0.754     0.003
 2     0.752     0.657     0.029
 2    -0.023    -0.018     0.999
 3   134.034    -6.174     4.004
 3     0.448    -0.060    -0.892
 3     0.150     0.988     0.009
 3     0.881    -0.139     0.451
 4   119.046    10.952    -5.323
 4     0.506    -0.806     0.307
 4     0.861     0.453    -0.230
 4     0.047     0.380     0.923
 5   128.197    19.852    20.034
 5     0.767    -0.246     0.593
 5     0.274    -0.709    -0.648
 5     0.579     0.660    -0.477
 6   149.749    14.918    20.135
 6     0.933     0.315    -0.172
 6    -0.355     0.748    -0.561
 6    -0.049     0.583     0.810
 7   118.743   -22.686    -4.029
 7     0.524     0.721     0.456
 7    -0.838     0.531     0.122
 7    -0.154    -0.445     0.881
 8   130.001   -33.875    19.170
 8     0.726     0.267     0.635
 8    -0.328    -0.676     0.658
 8     0.604    -0.686    -0.404
 9   150.241   -30.984    22.730
 9     0.923    -0.117    -0.369
 9     0.332     0.720     0.611
 9     0.193    -0.684     0.700
 2    97.603   -19.342    59.068
 2     0.658    -0.754     0.003
 2     0.752     0.657     0.029
 2    -0.023    -0.018     0.999
 3   134.041    -6.122     4.025
 3     0.446    -0.055    -0.893
 3     0.150     0.988     0.015
 3     0.882    -0.142     0.449
 4   118.820    10.759    -5.514
 4     0.496    -0.810     0.314
 4     0.868     0.451    -0.206
 4     0.025     0.373     0.927
 5   127.582    20.642    19.499
 5     0.755    -0.177     0.632
 5     0.349    -0.707    -0.614
 5     0.555     0.684    -0.473
 6   149.500    17.792    19.978
 6     0.961     0.237    -0.143
 6    -0.275     0.792    -0.546
 6    -0.017     0.562     0.826
 7   118.745   -22.686    -4.079
 7     0.522     0.721     0.458
 7    -0.839     0.529     0.122
 7    -0.154    -0.447     0.880
 8   128.834   -34.580    18.957
 8     0.695     0.176     0.697
 8    -0.414    -0.695     0.587
 8     0.587    -0.697    -0.411
 9   149.202   -35.433    22.347
 9     0.961     0.001    -0.275
 9     0.179     0.753     0.635
 9     0.208    -0.658     0.722
 2    97.603   -19.393    59.068
 2     0.658    -0.754     0.003
 2     0.752     0.657     0.029
 2    -0.023    -0.018     0.999
 3   133.993    -6.096     4.026
 3     0.446    -0.051    -0.894
 3     0.151     0.988     0.020
 3     0.882    -0.145     0.448
 4   118.607    10.619    -5.592
 4     0.490    -0.813     0.318
 4     0.872     0.453    -0.186
 4     0.008     0.367     0.930
 5   127.132    20.975    19.355
 5     0.746    -0.134     0.652
 5     0.386    -0.711    -0.587
 5     0.542     0.690    -0.479
 6   149.358    20.129    20.107
 6     0.981     0.153    -0.115
 6    -0.191     0.816    -0.546
 6     0.010     0.557     0.830
 7   118.629   -22.684    -4.085
 7     0.520     0.721     0.461
 7    -0.841     0.525     0.125
 7    -0.151    -0.452     0.878
 8   127.931   -35.152    18.835
 8     0.669     0.085     0.739
 8    -0.483    -0.706     0.517
 8     0.565    -0.703    -0.431
 9   147.982   -39.093    21.966
 9     0.974     0.118    -0.193
 9     0.035     0.765     0.644
 9     0.223    -0.633     0.740
 2    97.603   -19.393    59.068
 2     0.658    -0.754     0.003
 2     0.752     0.657     0.029
 2    -0.023    -0.018     0.999
 3   133.966    -6.099     4.034
 3     0.448    -0.041    -0.893
 3     0.149     0.988     0.030
 3     0.881    -0.147     0.449
 4   118.495    10.540    -5.628
 4     0.484    -0.816     0.318
 4     0.875     0.450    -0.178
 4     0.003     0.363     0.931
 5   126.552    21.068    19.287
 5     0.729    -0.105     0.677
 5     0.416    -0.718    -0.558
 5     0.544     0.688    -0.480
 6   148.921    21.861    20.868
 6     0.991     0.074    -0.109
 6    -0.122     0.829    -0.546
 6     0.049     0.554     0.830
 7   118.581   -22.685    -4.108
 7     0.517     0.722     0.463
 7    -0.843     0.522     0.125
 7    -0.151    -0.455     0.877
 8   127.142   -35.346    18.802
 8     0.643     0.045     0.765
 8    -0.518    -0.710     0.477
 8     0.564    -0.703    -0.433
 9   146.764   -41.333    22.379
 9     0.966     0.207    -0.154
 9    -0.058     0.754     0.654
 9     0.252    -0.623     0.740
 2    97.653   -19.393    59.068
 2     0.658    -0.754     0.003
 2     0.752     0.657     0.029
 2    -0.023    -0.018     0.999
 3   133.988    -6.124     4.018
 3     0.448    -0.035    -0.893
 3     0.152     0.987     0.038
 3     0.880    -0.153     0.448
 4   118.417    10.355    -5.771
 4     0.475    -0.821     0.319
 4     0.880     0.446    -0.161
 4    -0.009     0.356     0.934
 5   126.051    21.380    19.076
 5     0.714    -0.078     0.696
 5     0.449    -0.713    -0.539
 5     0.538     0.697    -0.474
 6   148.417    23.592    20.839
 6     0.995     0.021    -0.091
 6    -0.068     0.841    -0.537
 6     0.065     0.540     0.838
 7   118.485   -22.736    -4.084
 7     0.515     0.722     0.465
 7    -0.844     0.519     0.126
 7    -0.150    -0.457     0.876
 8   126.705   -35.643    18.749
 8     0.626     0.004     0.779
 8    -0.548    -0.709     0.443
 8     0.554    -0.705    -0.443
 9   145.879   -43.259    22.089
 9     0.958     0.265    -0.104
 9    -0.132     0.738     0.662
 9     0.252    -0.621     0.742
 2    97.603   -19.393    59.068
 2     0.658    -0.754     0.003
 2     0.752     0.657     0.029
 2    -0.023    -0.018     0.999
 3   133.965    -6.123     3.969
 3     0.449    -0.031    -0.893
 3     0.154     0.987     0.043
 3     0.880    -0.157     0.448
 4   118.271    10.196    -5.796
 4     0.470    -0.823     0.321
 4     0.882     0.444    -0.151
 4    -0.018     0.354     0.935
 5   125.466    21.741    19.021
 5     0.697    -0.044     0.716
 5     0.483    -0.709    -0.513
 5     0.530     0.703    -0.473
 6   147.816    25.274    20.880
 6     0.996    -0.033    -0.077
 6    -0.013     0.848    -0.530
 6     0.083     0.529     0.844
 7   118.468   -22.784    -4.041
 7     0.514     0.722     0.466
 7    -0.845     0.517     0.129
 7    -0.147    -0.460     0.875
 8   126.459   -35.685    18.795
 8     0.616    -0.049     0.786
 8    -0.575    -0.710     0.406
 8     0.538    -0.703    -0.466
 9   145.008   -45.092    21.734
 9     0.946     0.322    -0.036
 9    -0.214     0.703     0.678
 9     0.243    -0.634     0.734
 2    97.603   -19.342    59.068
 2     0.658    -0.754     0.003
 2     0.753     0.657     0.029
 2    -0.023    -0.018     0.999
 3   134.036    -6.125     3.925
 3     0.451    -0.030    -0.892
 3     0.154     0.987     0.045
 3     0.879    -0.158     0.449
 4   118.116    10.164    -5.838
 4     0.457    -0.829     0.324
 4     0.889     0.437    -0.134
 4    -0.030     0.348     0.936
 5   125.016    22.025    18.681
 5     0.682    -0.019     0.731
 5     0.510    -0.704    -0.493
 5     0.524     0.709    -0.471
 6   147.311    26.597    20.951
 6     0.994    -0.081    -0.066
 6     0.035     0.849    -0.528
 6     0.099     0.523     0.846
 7   118.485   -22.737    -4.075
 7     0.513     0.719     0.472
 7    -0.845     0.518     0.128
 7    -0.152    -0.464     0.872
 8   126.060   -35.875    18.663
 8     0.597    -0.076     0.798
 8    -0.597    -0.707     0.379
 8     0.535    -0.703    -0.468
 9   144.128   -46.239    21.981
 9     0.929     0.369    -0.009
 9    -0.263     0.679     0.685
 9     0.258    -0.635     0.728
 2    97.603   -19.342    59.068
 2     0.658    -0.754     0.003
 2     0.753     0.657     0.029
 2    -0.023    -0.018     0.999
 3   134.077    -6.103     3.761
 3     0.454    -0.026    -0.891
 3     0.154     0.987     0.050
 3     0.877    -0.160     0.451
 4   118.104    10.059    -5.927
 4     0.455    -0.829     0.327
 4     0.890     0.436    -0.129
 4    -0.035     0.349     0.936
 5   124.904    22.127    18.638
 5     0.679    -0.011     0.734
 5     0.517    -0.704    -0.487
 5     0.521     0.710    -0.472
 6   147.194    27.013    20.932
 6     0.993    -0.096    -0.064
 6     0.049     0.848    -0.528
 6     0.105     0.521     0.847
 7   118.407   -22.689    -4.093
 7     0.511     0.718     0.475
 7    -0.845     0.517     0.127
 7    -0.154    -0.466     0.870
 8   125.770   -35.802    18.770
 8     0.586    -0.097     0.804
 8    -0.608    -0.709     0.357
 8     0.535    -0.699    -0.475
 9   143.397   -47.010    22.112
 9     0.917     0.397     0.020
 9    -0.300     0.655     0.693
 9     0.261    -0.642     0.720
 2    97.603   -19.342    59.068
 2     0.658    -0.754     0.003
 2     0.753     0.657     0.029
 2    -0.023    -0.018     0.999
 3   134.123    -6.104     3.718
 3     0.456    -0.022    -0.890
 3     0.155     0.986     0.055
 3     0.876    -0.163     0.452
 4   118.024     9.949    -6.124
 4     0.448    -0.830     0.333
 4     0.893     0.434    -0.117
 4    -0.047     0.349     0.935
 5   124.737    22.323    18.322
 5     0.674     0.011     0.738
 5     0.536    -0.695    -0.479
 5     0.508     0.719    -0.475
 6   146.946    27.733    20.565
 6     0.991    -0.118    -0.055
 6     0.073     0.851    -0.520
 6     0.108     0.511     0.852
 7   118.455   -22.740    -4.140
 7     0.511     0.717     0.477
 7    -0.846     0.517     0.127
 7    -0.155    -0.467     0.870
 8   125.594   -36.422    18.369
 8     0.575    -0.142     0.806
 8    -0.646    -0.683     0.340
 8     0.502    -0.716    -0.485
 9   142.687   -48.930    20.677
 9     0.904     0.422     0.073
 9    -0.358     0.651     0.669
 9     0.234    -0.631     0.740
 2    97.603   -19.342    59.068
 2     0.658    -0.754     0.003
 2     0.752     0.657     0.029
 2    -0.023    -0.018     0.999
 3   134.156    -6.102     3.637
 3     0.455    -0.018    -0.891
 3     0.156     0.986     0.060
 3     0.877    -0.167     0.450
 4   117.905     9.867    -6.152
 4     0.443    -0.832     0.335
 4     0.895     0.433    -0.107
 4    -0.055     0.347     0.936
 5   124.438    22.502    18.186
 5     0.663     0.029     0.747
 5     0.554    -0.691    -0.464
 5     0.502     0.722    -0.475
 6   146.529    28.732    20.436
 6     0.988    -0.147    -0.035
 6     0.108     0.848    -0.518
 6     0.106     0.508     0.854
 7   118.400   -22.743    -4.181
 7     0.509     0.716     0.479
 7    -0.846     0.517     0.125
 7    -0.158    -0.468     0.868
 8   125.197   -36.752    18.060
 8     0.562    -0.184     0.806
 8    -0.675    -0.665     0.318
 8     0.478    -0.723    -0.498
 9   141.547   -50.543    19.746
 9     0.884     0.449     0.131
 9    -0.417     0.630     0.655
 9     0.211    -0.633     0.744
 2    97.603   -19.342    59.068
 2     0.658    -0.754     0.003
 2     0.752     0.657     0.029
 2    -0.023    -0.018     0.999
 3   134.163    -6.126     3.632
 3     0.453    -0.011    -0.892
 3     0.155     0.985     0.067
 3     0.878    -0.169     0.447
 4   117.826     9.815    -6.146
 4     0.440    -0.834     0.335
 4     0.896     0.430    -0.104
 4    -0.057     0.345     0.936
 5   124.320    22.432    18.225
 5     0.658     0.034     0.752
 5     0.558    -0.693    -0.457
 5     0.505     0.720    -0.475
 6   146.261    29.048    20.587
 6     0.985    -0.167    -0.030
 6     0.126     0.842    -0.524
 6     0.113     0.513     0.851
 7   118.396   -22.695    -4.174
 7     0.508     0.717     0.480
 7    -0.847     0.517     0.122
 7    -0.160    -0.468     0.868
 8   125.074   -36.806    18.117
 8     0.555    -0.195     0.809
 8    -0.681    -0.664     0.307
 8     0.477    -0.722    -0.501
 9   140.939   -51.205    19.950
 9     0.863     0.481     0.157
 9    -0.453     0.598     0.661
 9     0.224    -0.642     0.733
 2    97.603   -19.393    59.068
 2     0.658    -0.754     0.003
 2     0.752     0.657     0.029
 2    -0.023    -0.018     0.999
 3   134.160    -6.169     3.634
 3     0.444    -0.007    -0.896
 3     0.157     0.985     0.071
 3     0.882    -0.173     0.438
 4   117.870     9.814    -6.167
 4     0.438    -0.834     0.336
 4     0.897     0.429    -0.102
 4    -0.059     0.346     0.936
 5   124.781    21.966    18.220
 5     0.677     0.018     0.735
 5     0.533    -0.700    -0.474
 5     0.506     0.713    -0.484
 6   146.667    28.617    20.657
 6     0.986    -0.163    -0.034
 6     0.120     0.839    -0.531
 6     0.115     0.519     0.847
 7   118.347   -22.746    -4.224
 7     0.507     0.716     0.482
 7    -0.847     0.516     0.123
 7    -0.160    -0.469     0.867
 8   125.540   -36.636    18.076
 8     0.573    -0.172     0.801
 8    -0.659    -0.677     0.327
 8     0.486    -0.716    -0.501
 9   141.771   -50.466    20.592
 9     0.868     0.477     0.136
 9    -0.430     0.587     0.685
 9     0.247    -0.654     0.715
 2    97.603   -19.342    59.068
 2     0.658    -0.754     0.003
 2     0.753     0.657     0.029
 2    -0.023    -0.018     0.999
 3   134.153    -6.431     3.569
 3     0.428     0.006    -0.904
 3     0.163     0.983     0.083
 3     0.889    -0.183     0.419
 4   118.106     9.686    -6.335
 4     0.456    -0.821     0.346
 4     0.888     0.442    -0.119
 4    -0.055     0.360     0.931
 5   126.408    21.057    18.202
 5     0.722    -0.049     0.690
 5     0.461    -0.710    -0.532
 5     0.515     0.702    -0.491
 6   148.978    24.883    20.679
 6     0.993    -0.075    -0.087
 6     0.017     0.842    -0.539
 6     0.114     0.533     0.838
 7   118.462   -22.783    -4.326
 7     0.521     0.706     0.482
 7    -0.839     0.524     0.140
 7    -0.153    -0.477     0.864
 8   127.626   -36.035    18.109
 8     0.646    -0.098     0.757
 8    -0.586    -0.700     0.409
 8     0.489    -0.708    -0.510
 9   144.938   -47.827    21.041
 9     0.897     0.437     0.065
 9    -0.350     0.613     0.708
 9     0.269    -0.658     0.703
 2    97.603   -19.342    59.068
 2     0.658    -0.754     0.003
 2     0.753     0.657     0.029
 2    -0.023    -0.018     0.999
 3   134.142    -6.382     3.775
 3     0.429    -0.008    -0.903
 3     0.162     0.984     0.068
 3     0.888    -0.176     0.423
 4   118.319     9.821    -6.326
 4     0.474    -0.812     0.341
 4     0.879     0.454    -0.141
 4    -0.040     0.366     0.929
 5   127.822    20.039    18.466
 5     0.766    -0.111     0.633
 5     0.375    -0.723    -0.580
 5     0.521     0.682    -0.513
 6   150.341    21.749    20.787
 6     0.993     0.001    -0.119
 6    -0.068     0.829    -0.556
 6     0.098     0.559     0.823
 7   118.472   -22.676    -4.296
 7     0.525     0.708     0.475
 7    -0.839     0.525     0.143
 7    -0.147    -0.472     0.868
 8   128.820   -35.368    18.273
 8     0.708    -0.031     0.705
 8    -0.513    -0.709     0.483
 8     0.485    -0.704    -0.518
 9   147.805   -43.783    20.926
 9     0.947     0.316    -0.047
 9    -0.199     0.698     0.688
 9     0.250    -0.642     0.724
 2    97.603   -19.342    59.068
 2     0.658    -0.754     0.003
 2     0.753     0.657     0.029
 2    -0.023    -0.018     0.999
 3   133.898    -6.383     4.022
 3     0.433    -0.024    -0.901
 3     0.170     0.984     0.056
 3     0.885    -0.178     0.430
 4   118.297     9.928    -6.306
 4     0.487    -0.806     0.338
 4     0.873     0.461    -0.157
 4    -0.029     0.371     0.928
 5   128.163    19.121    18.700
 5     0.783    -0.183     0.595
 5     0.300    -0.726    -0.617
 5     0.545     0.662    -0.514
 6   150.681    18.145    20.960
 6     0.981     0.098    -0.167
 6    -0.175     0.810    -0.560
 6     0.080     0.578     0.811
 7   118.263   -22.772    -4.253
 7     0.524     0.717     0.462
 7    -0.841     0.521     0.144
 7    -0.137    -0.463     0.875
 8   130.607   -33.815    18.917
 8     0.777     0.131     0.616
 8    -0.356    -0.717     0.599
 8     0.519    -0.685    -0.511
 9   151.035   -36.068    22.124
 9     0.965     0.108    -0.237
 9     0.063     0.785     0.617
 9     0.252    -0.610     0.750
 2    97.603   -19.342    59.068
 2     0.658    -0.754     0.003
 2     0.753     0.657     0.029
 2    -0.023    -0.018     0.999
 3   133.740    -6.486     4.051
 3     0.438    -0.048    -0.898
 3     0.183     0.982     0.037
 3     0.880    -0.181     0.439
 4   118.252     9.825    -6.410
 4     0.494    -0.802     0.337
 4     0.869     0.467    -0.161
 4    -0.028     0.372     0.927
 5   128.169    18.353    18.692
 5     0.790    -0.251     0.559
 5     0.234    -0.719    -0.653
 5     0.566     0.648    -0.510
 6   150.419    14.860    20.539
 6     0.961     0.194    -0.199
 6    -0.273     0.786    -0.556
 6     0.049     0.587     0.807
 7   118.183   -22.960    -4.170
 7     0.537     0.715     0.449
 7    -0.834     0.528     0.156
 7    -0.125    -0.458     0.879
 8   132.952   -31.272    19.440
 8     0.828     0.297     0.476
 8    -0.159    -0.689     0.706
 8     0.537    -0.661    -0.524
 9   153.386   -27.837    22.780
 9     0.923    -0.092    -0.375
 9     0.293     0.794     0.535
 9     0.248    -0.601     0.757
 2    97.603   -19.393    59.068
 2     0.658    -0.754     0.003
 2     0.752     0.657     0.029
 2    -0.023    -0.018     0.999
 3   133.607    -6.517     3.898
 3     0.445    -0.071    -0.893
 3     0.187     0.982     0.015
 3     0.875    -0.174     0.450
 4   118.124     9.695    -6.583
 4     0.498    -0.799     0.339
 4     0.866     0.471    -0.162
 4    -0.030     0.374     0.927
 5   128.572    17.802    18.632
 5     0.800    -0.297     0.522
 5     0.181    -0.709    -0.680
 5     0.571     0.639    -0.515
 6   150.368    12.446    19.966
 6     0.939     0.267    -0.217
 6    -0.343     0.759    -0.554
 6     0.016     0.593     0.804
 7   118.082   -22.964    -4.329
 7     0.547     0.710     0.446
 7    -0.826     0.542     0.150
 7    -0.134    -0.449     0.882
 8   134.193   -29.861    19.195
 8     0.837     0.420     0.352
 8    -0.025    -0.612     0.790
 8     0.547    -0.670    -0.502
 9   153.845   -21.467    22.536
 9     0.841    -0.276    -0.469
 9     0.476     0.782     0.403
 9     0.255    -0.558     0.786
 2    97.603   -19.342    59.068
 2     0.658    -0.754     0.003
 2     0.753     0.657     0.029
 2    -0.023    -0.018     0.999
 3   133.637    -6.397     3.785
 3     0.453    -0.085    -0.888
 3     0.185     0.982     0.001
 3     0.872    -0.166     0.460
 4   118.022     9.746    -6.712
 4     0.499    -0.797     0.343
 4     0.866     0.471    -0.165
 4    -0.030     0.378     0.925
 5   128.784    17.594    18.610
 5     0.801    -0.330     0.501
 5     0.149    -0.699    -0.698
 5     0.580     0.634    -0.511
 6   150.098    10.074    19.478
 6     0.904     0.353    -0.244
 6    -0.428     0.723    -0.543
 6    -0.017     0.593     0.803
 7   118.123   -22.794    -4.428
 7     0.555     0.707     0.441
 7    -0.819     0.556     0.139
 7    -0.146    -0.437     0.887
 8   135.237   -29.121    18.617
 8     0.817     0.526     0.234
 8     0.063    -0.486     0.871
 8     0.573    -0.698    -0.431
 9   152.953   -15.739    22.804
 9     0.707    -0.480    -0.527
 9     0.647     0.732     0.207
 9     0.284    -0.483     0.824
 2    97.603   -19.342    59.068
 2     0.658    -0.754     0.003
 2     0.753     0.657     0.029
 2    -0.023    -0.018     0.999
 3   133.612    -6.275     3.795
 3     0.458    -0.112    -0.882
 3     0.185     0.982    -0.028
 3     0.869    -0.151     0.470
 4   118.030     9.875    -6.725
 4     0.502    -0.795     0.343
 4     0.864     0.472    -0.170
 4    -0.026     0.381     0.923
 5   128.951    17.390    18.663
 5     0.794    -0.381     0.474
 5     0.106    -0.680    -0.725
 5     0.598     0.626    -0.500
 6   148.791     6.331    18.708
 6     0.821     0.495    -0.288
 6    -0.566     0.640    -0.521
 6    -0.075     0.588     0.803
 7   118.155   -22.770    -4.472
 7     0.564     0.704     0.434
 7    -0.812     0.567     0.134
 7    -0.151    -0.427     0.891
 8   135.994   -28.571    18.268
 8     0.799     0.586     0.132
 8     0.125    -0.380     0.917
 8     0.587    -0.716    -0.377
 9   151.275   -11.288    22.493
 9     0.566    -0.652    -0.511
 9     0.774     0.628     0.056
 9     0.281    -0.426     0.858
 2    97.603   -19.342    59.068
 2     0.658    -0.754     0.003
 2     0.753     0.657     0.029
 2    -0.023    -0.018     0.999
 3   133.541    -6.283     3.858
 3     0.466    -0.126    -0.876
 3     0.181     0.982    -0.043
 3     0.866    -0.139     0.480
 4   118.137     9.873    -6.675
 4     0.511    -0.791     0.340
 4     0.859     0.480    -0.174
 4    -0.025     0.380     0.924
 5   128.910    16.942    18.784
 5     0.780    -0.429     0.457
 5     0.062    -0.672    -0.737
 5     0.622     0.604    -0.498
 6   146.893     2.834    17.769
 6     0.714     0.615    -0.342
 6    -0.687     0.519    -0.507
 6    -0.136     0.593     0.791
 7   117.938   -22.736    -4.672
 7     0.564     0.700     0.441
 7    -0.808     0.575     0.119
 7    -0.170    -0.423     0.889
 8   136.334   -27.604    17.375
 8     0.769     0.638     0.032
 8     0.189    -0.279     0.942
 8     0.610    -0.718    -0.334
 9   148.614    -7.391    22.112
 9     0.408    -0.757    -0.517
 9     0.867     0.493    -0.044
 9     0.285    -0.429     0.855
 2    97.603   -19.393    59.068
 2     0.658    -0.754     0.003
 2     0.752     0.657     0.029
 2    -0.023    -0.018     0.999
 3   133.613    -6.242     2.996
 3     0.475    -0.156    -0.866
 3     0.171     0.981    -0.082
 3     0.863    -0.110     0.493
 4   118.175     9.692    -7.310
 4     0.516    -0.781     0.354
 4     0.856     0.483    -0.182
 4    -0.028     0.396     0.917
 5   128.715    16.613    18.052
 5     0.747    -0.501     0.439
 5     0.017    -0.643    -0.764
 5     0.665     0.578    -0.472
 6   144.668    -0.425    17.676
 6     0.594     0.670    -0.453
 6    -0.789     0.378    -0.480
 6    -0.152     0.639     0.752
 7   118.438   -22.682    -5.299
 7     0.581     0.689     0.436
 7    -0.794     0.595     0.119
 7    -0.177    -0.414     0.892
 8   136.922   -26.742    17.631
 8     0.718     0.694    -0.057
 8     0.258    -0.195     0.946
 8     0.645    -0.693    -0.319
 9   145.817    -4.577    22.880
 9     0.222    -0.833    -0.509
 9     0.938     0.322    -0.124
 9     0.265    -0.449     0.852
 2    97.603   -19.393    59.068
 2     0.658    -0.754     0.003
 2     0.752     0.657     0.029
 2    -0.023    -0.018     0.999
 3   133.557    -6.180     3.342
 3     0.467    -0.193    -0.864
 3     0.186     0.975    -0.116
 3     0.864    -0.108     0.490
 4   118.098     9.395    -7.209
 4     0.527    -0.774     0.353
 4     0.849     0.499    -0.170
 4    -0.044     0.388     0.920
 5   129.582    16.159    18.059
 5     0.739    -0.586     0.333
 5    -0.071    -0.558    -0.826
 5     0.669     0.587    -0.454
 6   141.718    -4.460    17.161
 6     0.381     0.760    -0.530
 6    -0.903     0.182    -0.385
 6    -0.198     0.623     0.755
 7   118.464   -22.851    -5.033
 7     0.579     0.697     0.425
 7    -0.799     0.588     0.122
 7    -0.164    -0.409     0.897
 8   136.904   -26.592    18.131
 8     0.695     0.715    -0.085
 8     0.286    -0.170     0.943
 8     0.659    -0.678    -0.323
 9   143.104    -3.431    22.957
 9     0.084    -0.821    -0.565
 9     0.975     0.183    -0.124
 9     0.204    -0.541     0.816
 2    97.603   -19.342    59.068
 2     0.658    -0.754     0.003
 2     0.752     0.657     0.029
 2    -0.023    -0.018     0.999
 3   133.230    -6.242     3.605
 3     0.480    -0.231    -0.847
 3     0.189     0.969    -0.155
 3     0.856    -0.087     0.508
 4   117.764     9.362    -7.070
 4     0.537    -0.764     0.359
 4     0.842     0.510    -0.174
 4    -0.049     0.395     0.917
 5   129.680    16.438    17.886
 5     0.728    -0.614     0.305
 5    -0.083    -0.520    -0.850
 5     0.680     0.593    -0.430
 6   140.581    -5.352    17.393
 6     0.303     0.769    -0.567
 6    -0.934     0.123    -0.330
 6    -0.186     0.627     0.755
 7   118.207   -22.803    -4.796
 7     0.581     0.695     0.426
 7    -0.797     0.591     0.122
 7    -0.167    -0.409     0.896
 8   136.857   -26.357    17.970
 8     0.683     0.721    -0.120
 8     0.299    -0.131     0.945
 8     0.666    -0.680    -0.305
 9   142.435    -2.774    23.350
 9     0.023    -0.785    -0.620
 9     0.976     0.152    -0.157
 9     0.217    -0.601     0.769
 2    97.602   -19.342    59.067
 2     0.657    -0.754     0.003
 2     0.753     0.656     0.029
 2    -0.023    -0.018     0.999
 3   133.163    -5.980     3.582
 3     0.496    -0.248    -0.833
 3     0.178     0.967    -0.180
 3     0.849    -0.060     0.523
 4   117.789     9.625    -6.876
 4     0.540    -0.763     0.357
 4     0.841     0.507    -0.188
 4    -0.037     0.401     0.915
 5   130.126    16.835    17.954
 5     0.724    -0.635     0.268
 5    -0.092    -0.474    -0.875
 5     0.683     0.609    -0.402
 6   140.268    -5.873    18.498
 6     0.250     0.745    -0.621
 6    -0.958     0.095    -0.268
 6    -0.142     0.660     0.737
 7   118.182   -22.685    -4.765
 7     0.581     0.693     0.428
 7    -0.794     0.597     0.111
 7    -0.178    -0.404     0.896
 8   136.554   -26.399    18.202
 8     0.676     0.731    -0.094
