% Calibrated with leiden_pols
% Positions are in centimeters
Data =[
 2    97.653   -19.342    59.119
 2     0.658    -0.754     0.003
 2     0.752     0.657     0.029
 2    -0.023    -0.018     0.999
 3   137.786    -5.525     4.483
 3     0.396    -0.033    -0.918
 3     0.123     0.992     0.018
 3     0.909    -0.121     0.397
 4   124.296    11.777    -6.037
 4     0.461    -0.867     0.187
 4     0.878     0.416    -0.236
 4     0.127     0.273     0.953
 5   127.239    20.928    20.037
 5     0.502    -0.500     0.708
 5     0.270    -0.685    -0.675
 5     0.821     0.529    -0.208
 6   145.032    21.543    39.398
 6     0.524    -0.167    -0.836
 6     0.013     0.982    -0.190
 6     0.852     0.089     0.515
 7   123.205   -22.135    -4.455
 7     0.542     0.811     0.222
 7    -0.841     0.521     0.143
 7     0.001    -0.264     0.964
 8   131.039   -30.147    21.097
 8     0.523     0.646     0.558
 8    -0.084    -0.611     0.786
 8     0.848    -0.458    -0.265
 9   146.063   -28.204    38.583
 9     0.447     0.030    -0.894
 9     0.096     0.992     0.085
 9     0.889    -0.126     0.439
 2    97.603   -19.342    59.068
 2     0.658    -0.754     0.003
 2     0.753     0.657     0.029
 2    -0.023    -0.018     0.999
 3   137.736    -5.525     4.482
 3     0.397    -0.034    -0.917
 3     0.123     0.992     0.017
 3     0.909    -0.120     0.397
 4   124.251    11.779    -5.991
 4     0.460    -0.869     0.185
 4     0.878     0.415    -0.237
 4     0.129     0.271     0.954
 5   127.137    20.930    20.188
 5     0.501    -0.497     0.711
 5     0.272    -0.688    -0.672
 5     0.821     0.529    -0.209
 6   145.032    21.541    39.449
 6     0.523    -0.168    -0.836
 6     0.011     0.981    -0.192
 6     0.852     0.090     0.514
 7   123.252   -22.085    -4.504
 7     0.542     0.811     0.222
 7    -0.840     0.522     0.142
 7     0.000    -0.263     0.964
 8   131.034   -30.150    21.155
 8     0.524     0.645     0.559
 8    -0.086    -0.611     0.786
 8     0.847    -0.459    -0.264
 9   146.013   -28.230    38.532
 9     0.447     0.030    -0.894
 9     0.095     0.992     0.085
 9     0.889    -0.125     0.439
 2    97.603   -19.393    59.068
 2     0.658    -0.754     0.003
 2     0.752     0.657     0.029
 2    -0.023    -0.018     0.999
 3   137.661    -5.526     4.533
 3     0.397    -0.034    -0.917
 3     0.122     0.992     0.016
 3     0.909    -0.119     0.397
 4   124.203    11.805    -5.994
 4     0.459    -0.869     0.184
 4     0.878     0.414    -0.238
 4     0.130     0.271     0.953
 5   127.137    20.930    20.136
 5     0.502    -0.496     0.711
 5     0.272    -0.688    -0.671
 5     0.821     0.528    -0.210
 6   144.997    21.589    39.461
 6     0.525    -0.168    -0.835
 6     0.011     0.981    -0.192
 6     0.850     0.091     0.516
 7   123.205   -22.085    -4.455
 7     0.541     0.812     0.222
 7    -0.841     0.521     0.143
 7     0.001    -0.263     0.964
 8   130.980   -30.100    21.110
 8     0.525     0.644     0.559
 8    -0.086    -0.611     0.785
 8     0.846    -0.460    -0.265
 9   146.007   -28.206    38.512
 9     0.448     0.030    -0.894
 9     0.095     0.992     0.084
 9     0.888    -0.124     0.441
 2    97.603   -19.393    59.068
 2     0.658    -0.754     0.003
 2     0.752     0.657     0.029
 2    -0.023    -0.018     0.999
 3   137.611    -5.527     4.557
 3     0.398    -0.035    -0.917
 3     0.121     0.992     0.016
 3     0.909    -0.118     0.399
 4   124.131    11.805    -5.946
 4     0.460    -0.869     0.184
 4     0.878     0.414    -0.238
 4     0.131     0.270     0.954
 5   127.132    20.928    20.140
 5     0.503    -0.496     0.711
 5     0.272    -0.688    -0.671
 5     0.820     0.529    -0.211
 6   144.998    21.538    39.461
 6     0.526    -0.167    -0.835
 6     0.010     0.982    -0.191
 6     0.850     0.091     0.516
 7   123.155   -22.086    -4.455
 7     0.540     0.812     0.222
 7    -0.842     0.520     0.143
 7     0.001    -0.263     0.964
 8   130.981   -30.100    21.110
 8     0.526     0.642     0.560
 8    -0.087    -0.612     0.785
 8     0.846    -0.461    -0.266
 9   146.008   -28.232    38.513
 9     0.450     0.031    -0.893
 9     0.094     0.992     0.086
 9     0.888    -0.125     0.442
 2    97.603   -19.393    59.068
 2     0.658    -0.754     0.003
 2     0.752     0.657     0.029
 2    -0.023    -0.018     0.999
 3   137.560    -5.475     4.608
 3     0.397    -0.036    -0.917
 3     0.122     0.992     0.015
 3     0.909    -0.118     0.398
 4   124.131    11.805    -5.946
 4     0.460    -0.869     0.183
 4     0.878     0.414    -0.238
 4     0.131     0.270     0.954
 5   127.132    20.928    20.191
 5     0.503    -0.494     0.711
 5     0.272    -0.689    -0.670
 5     0.820     0.530    -0.212
 6   144.997    21.538    39.410
 6     0.526    -0.167    -0.834
 6     0.010     0.982    -0.191
 6     0.850     0.092     0.517
 7   123.155   -22.086    -4.454
 7     0.540     0.812     0.223
 7    -0.842     0.520     0.143
 7     0.001    -0.264     0.964
 8   130.981   -30.100    21.161
 8     0.526     0.642     0.561
 8    -0.087    -0.613     0.783
 8     0.846    -0.460    -0.266
 9   146.009   -28.232    38.539
 9     0.450     0.034    -0.893
 9     0.095     0.991     0.090
 9     0.888    -0.127     0.442
 2    97.603   -19.342    59.068
 2     0.658    -0.754     0.003
 2     0.752     0.657     0.029
 2    -0.023    -0.018     0.999
 3   137.614    -5.471     4.701
 3     0.394    -0.043    -0.918
 3     0.124     0.992     0.007
 3     0.910    -0.117     0.396
 4   124.129    11.805    -5.941
 4     0.459    -0.870     0.181
 4     0.879     0.415    -0.235
 4     0.130     0.266     0.955
 5   127.132    20.929    20.216
 5     0.503    -0.494     0.712
 5     0.273    -0.689    -0.670
 5     0.820     0.530    -0.212
 6   144.992    21.536    39.466
 6     0.527    -0.167    -0.834
 6     0.009     0.982    -0.192
 6     0.849     0.093     0.517
 7   123.252   -22.035    -4.423
 7     0.542     0.810     0.225
 7    -0.840     0.522     0.143
 7    -0.001    -0.266     0.964
 8   130.962   -30.075    21.181
 8     0.524     0.639     0.565
 8    -0.089    -0.617     0.780
 8     0.847    -0.459    -0.266
 9   145.964   -28.385    38.645
 9     0.449     0.053    -0.892
 9     0.093     0.990     0.109
 9     0.888    -0.133     0.439
 2    97.603   -19.342    59.068
 2     0.658    -0.754     0.003
 2     0.753     0.657     0.029
 2    -0.023    -0.018     0.999
 3   137.613    -5.472     4.701
 3     0.395    -0.044    -0.918
 3     0.123     0.992     0.006
 3     0.910    -0.116     0.397
 4   124.129    11.805    -5.941
 4     0.458    -0.870     0.181
 4     0.879     0.414    -0.235
 4     0.130     0.266     0.955
 5   127.052    20.928    20.194
 5     0.504    -0.492     0.712
 5     0.273    -0.691    -0.668
 5     0.819     0.530    -0.214
 6   144.992    21.536    39.516
 6     0.528    -0.167    -0.833
 6     0.009     0.981    -0.193
 6     0.849     0.094     0.518
 7   123.240   -21.989    -4.405
 7     0.543     0.808     0.230
 7    -0.840     0.524     0.140
 7    -0.007    -0.269     0.963
 8   130.983   -30.025    21.187
 8     0.525     0.639     0.565
 8    -0.089    -0.616     0.781
 8     0.846    -0.460    -0.266
 9   145.964   -28.335    38.594
 9     0.449     0.053    -0.892
 9     0.092     0.990     0.109
 9     0.888    -0.132     0.439
 2    97.603   -19.342    59.068
 2     0.658    -0.754     0.003
 2     0.753     0.657     0.029
 2    -0.023    -0.018     0.999
 3   137.563    -5.372     4.701
 3     0.396    -0.044    -0.917
 3     0.122     0.992     0.005
 3     0.910    -0.115     0.398
 4   124.132    11.857    -5.893
 4     0.458    -0.870     0.180
 4     0.879     0.414    -0.236
 4     0.131     0.265     0.955
 5   127.051    20.953    20.270
 5     0.503    -0.490     0.713
 5     0.273    -0.692    -0.667
 5     0.819     0.530    -0.214
 6   144.941    21.586    39.516
 6     0.528    -0.168    -0.833
 6     0.008     0.981    -0.194
 6     0.849     0.095     0.518
 7   123.238   -21.964    -4.402
 7     0.543     0.807     0.232
 7    -0.839     0.524     0.140
 7    -0.008    -0.270     0.962
 8   130.988   -30.024    21.156
 8     0.524     0.638     0.566
 8    -0.090    -0.618     0.780
 8     0.847    -0.459    -0.266
 9   145.970   -28.385    38.537
 9     0.449     0.055    -0.892
 9     0.091     0.990     0.110
 9     0.889    -0.132     0.439
 2    97.603   -19.342    59.068
 2     0.658    -0.754     0.003
 2     0.753     0.657     0.029
 2    -0.023    -0.018     0.999
 3   137.563    -5.372     4.700
 3     0.395    -0.043    -0.917
 3     0.121     0.992     0.005
 3     0.910    -0.114     0.397
 4   124.131    11.907    -5.893
 4     0.458    -0.870     0.180
 4     0.879     0.414    -0.236
 4     0.131     0.265     0.955
 5   127.051    20.953    20.270
 5     0.504    -0.490     0.714
 5     0.274    -0.692    -0.667
 5     0.819     0.530    -0.214
 6   144.941    21.586    39.515
 6     0.528    -0.169    -0.833
 6     0.008     0.981    -0.195
 6     0.849     0.096     0.518
 7   123.239   -21.964    -4.427
 7     0.543     0.807     0.233
 7    -0.840     0.524     0.140
 7    -0.008    -0.271     0.962
 8   130.963   -29.975    21.156
 8     0.524     0.637     0.567
 8    -0.091    -0.618     0.779
 8     0.847    -0.460    -0.265
 9   145.970   -28.334    38.537
 9     0.449     0.056    -0.892
 9     0.091     0.990     0.111
 9     0.889    -0.132     0.439
 2    97.603   -19.342    59.068
 2     0.658    -0.754     0.003
 2     0.753     0.657     0.029
 2    -0.023    -0.018     0.999
 3   137.613    -5.373     4.649
 3     0.396    -0.043    -0.917
 3     0.120     0.993     0.005
 3     0.910    -0.113     0.398
 4   124.181    11.958    -5.893
 4     0.458    -0.871     0.180
 4     0.879     0.414    -0.236
 4     0.131     0.266     0.955
 5   126.944    21.058    20.223
 5     0.502    -0.481     0.721
 5     0.281    -0.697    -0.659
 5     0.818     0.532    -0.214
 6   144.936    21.686    39.470
 6     0.529    -0.169    -0.832
 6     0.008     0.981    -0.195
 6     0.848     0.097     0.519
 7   123.256   -21.966    -4.465
 7     0.544     0.805     0.238
 7    -0.839     0.526     0.139
 7    -0.012    -0.274     0.961
 8   130.915   -30.029    21.056
 8     0.522     0.633     0.574
 8    -0.097    -0.623     0.775
 8     0.847    -0.460    -0.264
 9   145.967   -28.386    38.520
 9     0.450     0.059    -0.891
 9     0.091     0.989     0.116
 9     0.888    -0.135     0.439
 2    97.603   -19.342    59.068
 2     0.658    -0.754     0.003
 2     0.753     0.657     0.029
 2    -0.023    -0.018     0.999
 3   137.622    -5.292     4.633
 3     0.392    -0.049    -0.919
 3     0.121     0.992    -0.001
 3     0.912    -0.111     0.395
 4   124.203    11.957    -5.942
 4     0.458    -0.870     0.181
 4     0.879     0.413    -0.236
 4     0.130     0.267     0.954
 5   126.923    21.136    20.067
 5     0.499    -0.469     0.731
 5     0.297    -0.699    -0.650
 5     0.814     0.540    -0.210
 6   144.927    21.862    39.304
 6     0.533    -0.169    -0.830
 6     0.010     0.981    -0.195
 6     0.846     0.095     0.523
 7   123.351   -21.969    -4.557
 7     0.543     0.805     0.240
 7    -0.839     0.525     0.137
 7    -0.015    -0.276     0.961
 8   130.818   -30.167    20.832
 8     0.518     0.619     0.592
 8    -0.115    -0.633     0.764
 8     0.847    -0.464    -0.257
 9   145.893   -28.951    38.300
 9     0.454     0.081    -0.887
 9     0.083     0.987     0.136
 9     0.887    -0.137     0.441
 2    97.603   -19.342    59.068
 2     0.658    -0.754     0.003
 2     0.753     0.657     0.029
 2    -0.023    -0.018     0.999
 3   137.634    -5.233     4.671
 3     0.384    -0.054    -0.922
 3     0.127     0.992    -0.004
 3     0.914    -0.116     0.388
 4   124.364    11.904    -6.152
 4     0.453    -0.874     0.180
 4     0.883     0.410    -0.227
 4     0.124     0.261     0.957
 5   126.313    21.512    19.598
 5     0.470    -0.447     0.763
 5     0.340    -0.706    -0.620
 5     0.814     0.550    -0.180
 6   143.932    23.805    39.125
 6     0.513    -0.220    -0.830
 6     0.062     0.973    -0.220
 6     0.855     0.061     0.513
 7   123.566   -21.921    -4.622
 7     0.543     0.805     0.242
 7    -0.839     0.525     0.133
 7    -0.019    -0.275     0.961
 8   130.162   -30.720    20.527
 8     0.491     0.606     0.629
 8    -0.154    -0.648     0.744
 8     0.857    -0.461    -0.224
 9   144.813   -30.470    38.436
 9     0.433     0.111    -0.895
 9     0.054     0.987     0.151
 9     0.900    -0.115     0.420
 2    97.603   -19.342    59.068
 2     0.658    -0.754     0.003
 2     0.753     0.657     0.029
 2    -0.023    -0.018     0.999
 3   137.823    -5.222     4.838
 3     0.377    -0.054    -0.924
 3     0.136     0.990    -0.002
 3     0.916    -0.125     0.381
 4   124.537    11.805    -6.221
 4     0.441    -0.881     0.171
 4     0.889     0.402    -0.218
 4     0.123     0.248     0.961
 5   125.602    21.719    19.261
 5     0.433    -0.445     0.786
 5     0.364    -0.710    -0.601
 5     0.824     0.545    -0.145
 6   142.784    24.833    39.433
 6     0.481    -0.243    -0.843
 6     0.089     0.969    -0.227
 6     0.872     0.033     0.487
 7   123.877   -21.966    -4.641
 7     0.544     0.805     0.235
 7    -0.839     0.527     0.137
 7    -0.013    -0.271     0.962
 8   129.311   -31.191    20.378
 8     0.449     0.602     0.662
 8    -0.185    -0.661     0.725
 8     0.874    -0.447    -0.185
 9   143.407   -31.806    38.875
 9     0.399     0.142    -0.906
 9     0.029     0.985     0.170
 9     0.916    -0.095     0.386
 2    97.603   -19.393    59.068
 2     0.658    -0.754     0.003
 2     0.752     0.657     0.029
 2    -0.023    -0.018     0.999
 3   137.928    -5.213     4.910
 3     0.370    -0.062    -0.927
 3     0.145     0.989    -0.008
 3     0.917    -0.132     0.375
 4   124.712    11.629    -6.392
 4     0.435    -0.885     0.163
 4     0.892     0.399    -0.211
 4     0.122     0.237     0.964
 5   125.451    21.653    19.114
 5     0.423    -0.452     0.787
 5     0.366    -0.709    -0.602
 5     0.829     0.541    -0.135
 6   142.501    24.607    39.439
 6     0.475    -0.235    -0.849
 6     0.085     0.971    -0.222
 6     0.875     0.033     0.480
 7   124.280   -22.089    -4.754
 7     0.546     0.806     0.228
 7    -0.838     0.528     0.137
 7    -0.010    -0.266     0.964
 8   128.883   -31.611    20.008
 8     0.417     0.601     0.683
 8    -0.207    -0.668     0.713
 8     0.885    -0.438    -0.154
 9   142.550   -32.505    39.116
 9     0.374     0.159    -0.914
 9     0.018     0.983     0.181
 9     0.927    -0.085     0.364
 2    97.603   -19.342    59.068
 2     0.658    -0.754     0.003
 2     0.752     0.657     0.029
 2    -0.023    -0.018     0.999
 3   138.122    -5.301     5.068
 3     0.361    -0.067    -0.930
 3     0.153     0.988    -0.011
 3     0.920    -0.139     0.367
 4   125.037    11.377    -6.536
 4     0.428    -0.891     0.151
 4     0.895     0.396    -0.203
 4     0.121     0.222     0.967
 5   125.038    21.672    18.635
 5     0.395    -0.463     0.795
 5     0.379    -0.706    -0.597
 5     0.837     0.536    -0.103
 6   141.704    24.682    39.456
 6     0.448    -0.229    -0.865
 6     0.090     0.973    -0.211
 6     0.889     0.016     0.455
 7   124.756   -22.161    -4.946
 7     0.550     0.806     0.218
 7    -0.835     0.533     0.135
 7    -0.007    -0.256     0.966
 8   128.128   -32.249    19.402
 8     0.373     0.606     0.704
 8    -0.236    -0.671     0.701
 8     0.897    -0.427    -0.106
 9   141.156   -33.429    39.009
 9     0.344     0.168    -0.924
 9     0.009     0.983     0.184
 9     0.939    -0.073     0.334
 2    97.603   -19.342    59.068
 2     0.658    -0.754     0.003
 2     0.753     0.657     0.029
 2    -0.023    -0.018     0.999
 3   138.378    -5.295     5.064
 3     0.355    -0.068    -0.933
 3     0.158     0.987    -0.011
 3     0.921    -0.144     0.360
 4   125.193    11.222    -6.918
 4     0.416    -0.898     0.147
 4     0.902     0.387    -0.190
 4     0.113     0.211     0.971
 5   124.415    21.952    17.987
 5     0.354    -0.465     0.812
 5     0.402    -0.709    -0.579
 5     0.844     0.530    -0.064
 6   140.525    25.373    39.319
 6     0.417    -0.237    -0.878
 6     0.105     0.971    -0.212
 6     0.902    -0.004     0.429
 7   125.203   -22.210    -5.262
 7     0.550     0.809     0.206
 7    -0.835     0.535     0.130
 7    -0.005    -0.243     0.970
 8   127.305   -32.974    18.441
 8     0.314     0.627     0.714
 8    -0.264    -0.664     0.698
 8     0.912    -0.407    -0.042
 9   139.425   -34.841    38.870
 9     0.295     0.192    -0.936
 9    -0.015     0.980     0.197
 9     0.955    -0.045     0.290
 2    97.603   -19.342    59.068
 2     0.658    -0.754     0.003
 2     0.752     0.657     0.029
 2    -0.023    -0.018     0.999
 3   138.722    -5.281     5.045
 3     0.344    -0.072    -0.936
 3     0.166     0.986    -0.013
 3     0.924    -0.152     0.351
 4   125.489    11.047    -7.162
 4     0.403    -0.905     0.136
 4     0.908     0.377    -0.180
 4     0.111     0.196     0.974
 5   124.025    22.019    17.509
 5     0.324    -0.465     0.825
 5     0.422    -0.710    -0.564
 5     0.847     0.529    -0.033
 6   139.702    25.906    39.259
 6     0.393    -0.246    -0.887
 6     0.120     0.969    -0.216
 6     0.911    -0.023     0.409
 7   125.819   -22.325    -5.374
 7     0.556     0.809     0.192
 7    -0.831     0.539     0.134
 7     0.005    -0.234     0.972
 8   126.139   -33.925    17.365
 8     0.229     0.675     0.702
 8    -0.284    -0.643     0.710
 8     0.931    -0.361     0.045
 9   136.790   -35.981    39.005
 9     0.214     0.193    -0.957
 9    -0.029     0.981     0.193
 9     0.976    -0.015     0.215
 2    97.603   -19.342    59.068
 2     0.658    -0.754     0.003
 2     0.752     0.657     0.029
 2    -0.023    -0.018     0.999
 3   138.813    -5.348     5.135
 3     0.335    -0.068    -0.940
 3     0.170     0.985    -0.010
 3     0.926    -0.158     0.341
 4   125.775    10.925    -7.271
 4     0.399    -0.908     0.127
 4     0.909     0.374    -0.179
 4     0.115     0.187     0.975
 5   123.592    21.863    17.123
 5     0.292    -0.475     0.831
 5     0.425    -0.714    -0.556
 5     0.856     0.514    -0.006
 6   138.834    25.770    39.292
 6     0.373    -0.245    -0.896
 6     0.117     0.969    -0.216
 6     0.920    -0.026     0.388
 7   126.040   -22.430    -5.604
 7     0.552     0.813     0.184
 7    -0.834     0.537     0.127
 7     0.005    -0.223     0.974
 8   125.039   -34.434    16.325
 8     0.163     0.684     0.711
 8    -0.308    -0.649     0.694
 8     0.937    -0.332     0.105
 9   134.681   -37.250    38.519
 9     0.158     0.219    -0.963
 9    -0.053     0.975     0.214
 9     0.986     0.016     0.165
 2    97.603   -19.393    59.068
 2     0.658    -0.754     0.003
 2     0.752     0.657     0.029
 2    -0.023    -0.018     0.999
 3   138.999    -5.449     5.181
 3     0.334    -0.052    -0.941
 3     0.168     0.985     0.005
 3     0.927    -0.161     0.337
 4   126.164    10.754    -7.357
 4     0.394    -0.912     0.114
 4     0.911     0.371    -0.178
 4     0.120     0.174     0.977
 5   123.267    21.832    16.933
 5     0.259    -0.478     0.840
 5     0.435    -0.719    -0.542
 5     0.862     0.504     0.022
 6   137.954    26.029    39.462
 6     0.342    -0.252    -0.906
 6     0.126     0.967    -0.221
 6     0.931    -0.040     0.362
 7   126.687   -22.593    -5.699
 7     0.558     0.812     0.169
 7    -0.829     0.542     0.135
 7     0.018    -0.215     0.976
 8   124.894   -35.967    14.772
 8     0.058     0.812     0.580
 8    -0.311    -0.537     0.783
 8     0.948    -0.226     0.222
 9   131.864   -36.536    38.652
 9     0.018     0.041    -0.999
 9    -0.016     0.999     0.042
 9     0.999     0.012     0.018
 2    97.603   -19.342    59.068
 2     0.658    -0.754     0.003
 2     0.752     0.657     0.029
 2    -0.023    -0.018     0.999
 3   139.200    -5.632     5.409
 3     0.318    -0.060    -0.946
 3     0.180     0.983    -0.001
 3     0.931    -0.171     0.323
 4   126.568    10.324    -7.524
 4     0.387    -0.917     0.096
 4     0.914     0.368    -0.169
 4     0.119     0.153     0.981
 5   123.088    21.658    16.376
 5     0.240    -0.488     0.840
 5     0.447    -0.712    -0.540
 5     0.861     0.504     0.048
 6   137.461    25.995    39.180
 6     0.326    -0.249    -0.912
 6     0.135     0.967    -0.215
 6     0.935    -0.054     0.349
 7   127.064   -22.989    -5.615
 7     0.553     0.819     0.154
 7    -0.833     0.536     0.139
 7     0.032    -0.205     0.978
 8   123.500   -36.329    14.479
 8    -0.054     0.835     0.547
 8    -0.329    -0.533     0.779
 8     0.943    -0.138     0.304
 9   128.448   -37.965    38.791
 9    -0.058     0.035    -0.998
 9    -0.028     0.999     0.037
 9     0.998     0.027    -0.058
 2    97.603   -19.342    59.068
 2     0.658    -0.754     0.003
 2     0.752     0.657     0.029
 2    -0.023    -0.018     0.999
 3   139.310    -5.851     5.586
 3     0.309    -0.050    -0.950
 3     0.187     0.982     0.010
 3     0.932    -0.181     0.313
 4   126.968     9.944    -7.742
 4     0.384    -0.919     0.084
 4     0.916     0.368    -0.161
 4     0.117     0.138     0.983
 5   122.719    21.645    15.761
 5     0.205    -0.501     0.842
 5     0.462    -0.709    -0.532
 5     0.863     0.496     0.086
 6   136.598    26.257    38.969
 6     0.296    -0.247    -0.923
 6     0.151     0.966    -0.210
 6     0.943    -0.078     0.322
 7   127.504   -23.234    -5.594
 7     0.555     0.819     0.143
 7    -0.831     0.537     0.144
 7     0.041    -0.198     0.979
 8   122.582   -37.157    13.609
 8    -0.152     0.866     0.476
 8    -0.344    -0.498     0.796
 8     0.926    -0.043     0.374
 9   124.692   -38.402    38.933
 9    -0.167    -0.014    -0.986
 9    -0.022     1.000    -0.010
 9     0.985     0.018    -0.168
 2    97.603   -19.342    59.068
 2     0.658    -0.754     0.003
 2     0.753     0.657     0.029
 2    -0.023    -0.018     0.999
 3   139.406    -5.963     5.744
 3     0.296    -0.054    -0.954
 3     0.194     0.981     0.005
 3     0.935    -0.188     0.301
 4   127.191     9.691    -7.859
 4     0.378    -0.923     0.074
 4     0.918     0.364    -0.154
 4     0.115     0.126     0.985
 5   122.416    21.501    15.255
 5     0.174    -0.507     0.845
 5     0.474    -0.709    -0.521
 5     0.863     0.490     0.118
 6   135.770    26.565    38.795
 6     0.269    -0.250    -0.930
 6     0.164     0.963    -0.211
 6     0.949    -0.096     0.299
 7   127.738   -23.384    -5.609
 7     0.550     0.824     0.134
 7    -0.833     0.533     0.143
 7     0.046    -0.191     0.980
 8   121.354   -37.256    12.964
 8    -0.216     0.846     0.487
 8    -0.353    -0.532     0.769
 8     0.910    -0.006     0.414
 9   122.433   -38.783    38.466
 9    -0.209     0.026    -0.977
 9    -0.014     0.999     0.030
 9     0.978     0.018    -0.209
 2    97.603   -19.342    59.068
 2     0.658    -0.754     0.003
 2     0.752     0.657     0.029
 2    -0.023    -0.018     0.999
 3   139.521    -6.057     5.832
 3     0.289    -0.050    -0.956
 3     0.195     0.980     0.009
 3     0.937    -0.190     0.293
 4   127.420     9.516    -7.960
 4     0.373    -0.925     0.065
 4     0.920     0.360    -0.151
 4     0.116     0.116     0.986
 5   122.071    21.436    15.013
 5     0.144    -0.512     0.848
 5     0.480    -0.714    -0.510
 5     0.865     0.478     0.144
 6   134.894    26.667    38.871
 6     0.242    -0.253    -0.937
 6     0.169     0.961    -0.216
 6     0.955    -0.107     0.275
 7   128.010   -23.410    -5.716
 7     0.549     0.826     0.126
 7    -0.834     0.533     0.137
 7     0.047    -0.180     0.982
 8   120.859   -37.305    12.439
 8    -0.249     0.840     0.481
 8    -0.356    -0.541     0.762
 8     0.901     0.018     0.434
 9   121.545   -36.439    38.891
 9    -0.236    -0.031    -0.971
 9     0.010     0.999    -0.034
 9     0.971    -0.020    -0.236
 2    97.603   -19.342    59.068
 2     0.658    -0.754     0.003
 2     0.753     0.657     0.029
 2    -0.023    -0.018     0.999
 3   139.560    -6.052     5.840
 3     0.284    -0.050    -0.958
 3     0.194     0.981     0.007
 3     0.939    -0.189     0.288
 4   127.447     9.568    -7.962
 4     0.369    -0.927     0.062
 4     0.922     0.357    -0.150
 4     0.117     0.112     0.987
 5   121.998    21.389    15.059
 5     0.139    -0.509     0.850
 5     0.480    -0.716    -0.506
 5     0.866     0.477     0.145
 6   134.845    26.642    38.871
 6     0.242    -0.256    -0.937
 6     0.169     0.961    -0.219
 6     0.955    -0.107     0.274
 7   128.143   -23.329    -5.730
 7     0.552     0.825     0.121
 7    -0.832     0.535     0.141
 7     0.051    -0.179     0.982
 8   120.948   -37.359    12.391
 8    -0.281     0.861     0.423
 8    -0.347    -0.502     0.792
 8     0.894     0.076     0.440
 9   120.583   -34.901    38.992
 9    -0.278    -0.168    -0.946
 9     0.029     0.982    -0.183
 9     0.960    -0.080    -0.269
 2    97.603   -19.342    59.068
 2     0.658    -0.754     0.003
 2     0.752     0.657     0.029
 2    -0.023    -0.018     0.999
 3   139.608    -5.950     5.814
 3     0.283    -0.057    -0.958
 3     0.194     0.981    -0.000
 3     0.939    -0.187     0.288
 4   127.446     9.594    -7.962
 4     0.367    -0.928     0.061
 4     0.923     0.355    -0.150
 4     0.117     0.111     0.987
 5   121.957    21.394    15.000
 5     0.133    -0.507     0.852
 5     0.479    -0.720    -0.501
 5     0.868     0.473     0.148
 6   134.624    26.726    38.913
 6     0.234    -0.264    -0.936
 6     0.173     0.958    -0.227
 6     0.956    -0.110     0.270
 7   128.232   -23.222    -5.751
 7     0.551     0.826     0.116
 7    -0.832     0.535     0.145
 7     0.058    -0.177     0.982
 8   120.582   -37.033    12.466
 8    -0.299     0.851     0.432
 8    -0.334    -0.517     0.788
 8     0.893     0.091     0.439
 9   119.531   -34.264    39.028
 9    -0.309    -0.175    -0.935
 9     0.051     0.978    -0.201
 9     0.949    -0.111    -0.294
 2    97.603   -19.393    59.068
 2     0.658    -0.754     0.003
 2     0.752     0.657     0.029
 2    -0.023    -0.018     0.999
 3   139.657    -5.925     5.762
 3     0.283    -0.058    -0.958
 3     0.194     0.981    -0.002
 3     0.939    -0.186     0.288
 4   127.445     9.646    -8.012
 4     0.363    -0.930     0.060
 4     0.924     0.351    -0.149
 4     0.117     0.110     0.987
 5   121.751    21.225    14.882
 5     0.121    -0.509     0.854
 5     0.473    -0.726    -0.498
 5     0.872     0.462     0.153
 6   134.301    26.430    38.933
 6     0.225    -0.265    -0.938
 6     0.169     0.958    -0.230
 6     0.959    -0.108     0.259
 7   128.297   -23.318    -5.721
 7     0.549     0.828     0.111
 7    -0.833     0.532     0.150
 7     0.065    -0.175     0.982
 8   120.323   -37.067    12.471
 8    -0.319     0.861     0.397
 8    -0.318    -0.491     0.811
 8     0.893     0.132     0.430
 9   118.657   -33.749    39.327
 9    -0.334    -0.143    -0.932
 9     0.075     0.981    -0.178
 9     0.939    -0.130    -0.317
 2    97.603   -19.342    59.068
 2     0.658    -0.754     0.003
 2     0.752     0.657     0.029
 2    -0.023    -0.018     0.999
 3   139.657    -5.947     5.764
 3     0.280    -0.059    -0.958
 3     0.197     0.980    -0.002
 3     0.939    -0.189     0.286
 4   127.441     9.518    -8.031
 4     0.362    -0.930     0.058
 4     0.925     0.351    -0.147
 4     0.115     0.107     0.987
 5   121.470    21.100    14.643
 5     0.110    -0.510     0.853
 5     0.479    -0.726    -0.494
 5     0.871     0.461     0.165
 6   133.794    26.520    38.866
 6     0.212    -0.266    -0.941
 6     0.174     0.957    -0.230
 6     0.961    -0.116     0.249
 7   128.277   -23.537    -5.609
 7     0.544     0.833     0.102
 7    -0.835     0.526     0.160
 7     0.079    -0.173     0.982
 8   119.563   -37.122    12.492
 8    -0.352     0.846     0.400
 8    -0.301    -0.507     0.808
 8     0.886     0.164     0.433
 9   117.226   -33.531    39.211
 9    -0.355    -0.097    -0.930
 9     0.085     0.987    -0.136
 9     0.931    -0.128    -0.343
 2    97.603   -19.393    59.068
 2     0.658    -0.754     0.003
 2     0.752     0.657     0.029
 2    -0.023    -0.018     0.999
 3   139.610    -6.094     5.820
 3     0.276    -0.054    -0.960
 3     0.204     0.979     0.004
 3     0.939    -0.198     0.281
 4   127.407     9.235    -8.168
 4     0.362    -0.930     0.056
 4     0.925     0.352    -0.140
 4     0.110     0.102     0.988
 5   121.264    20.872    14.328
 5     0.099    -0.513     0.853
 5     0.482    -0.726    -0.491
 5     0.870     0.459     0.176
 6   133.341    26.354    38.621
 6     0.203    -0.264    -0.943
 6     0.178     0.956    -0.229
 6     0.963    -0.123     0.240
 7   128.175   -23.735    -5.458
 7     0.537     0.838     0.097
 7    -0.839     0.518     0.167
 7     0.089    -0.171     0.981
 8   119.088   -37.021    12.526
 8    -0.368     0.836     0.406
 8    -0.292    -0.518     0.804
 8     0.883     0.177     0.434
 9   116.590   -33.613    39.295
 9    -0.365    -0.056    -0.929
 9     0.096     0.990    -0.097
 9     0.926    -0.125    -0.357
 2    97.603   -19.342    59.068
 2     0.658    -0.754     0.003
 2     0.753     0.657     0.029
 2    -0.023    -0.018     0.999
 3   139.531    -6.270     5.833
 3     0.275    -0.049    -0.960
 3     0.208     0.978     0.010
 3     0.938    -0.204     0.278
 4   127.402     8.979    -8.285
 4     0.361    -0.931     0.052
 4     0.926     0.352    -0.135
 4     0.107     0.097     0.989
 5   120.936    20.699    14.164
 5     0.082    -0.514     0.855
 5     0.486    -0.729    -0.483
 5     0.870     0.453     0.190
 6   132.742    26.475    38.646
 6     0.184    -0.269    -0.946
 6     0.183     0.954    -0.235
 6     0.966    -0.131     0.224
 7   128.233   -23.886    -5.393
 7     0.534     0.840     0.093
 7    -0.840     0.515     0.168
 7     0.093    -0.168     0.981
 8   118.810   -36.998    12.414
 8    -0.386     0.832     0.398
 8    -0.293    -0.520     0.802
 8     0.874     0.193     0.444
 9   116.028   -33.973    39.121
 9    -0.380    -0.045    -0.924
 9     0.091     0.992    -0.086
 9     0.920    -0.117    -0.373
 2    97.603   -19.342    59.068
 2     0.658    -0.754     0.003
 2     0.752     0.657     0.029
 2    -0.023    -0.018     0.999
 3   139.620    -6.213     5.944
 3     0.269    -0.050    -0.962
 3     0.209     0.977     0.009
 3     0.940    -0.205     0.273
 4   127.610     8.982    -8.342
 4     0.360    -0.932     0.047
 4     0.926     0.351    -0.136
 4     0.110     0.092     0.989
 5   121.042    20.700    14.162
 5     0.080    -0.519     0.851
 5     0.484    -0.727    -0.487
 5     0.871     0.449     0.193
 6   132.742    26.424    38.697
 6     0.183    -0.269    -0.946
 6     0.181     0.954    -0.236
 6     0.966    -0.129     0.222
 7   128.412   -23.884    -5.403
 7     0.533     0.842     0.087
 7    -0.841     0.515     0.167
 7     0.096    -0.162     0.982
 8   118.782   -37.014    12.318
 8    -0.398     0.829     0.392
 8    -0.291    -0.519     0.803
 8     0.870     0.205     0.447
 9   115.592   -33.803    39.091
 9    -0.394    -0.043    -0.918
 9     0.092     0.992    -0.087
 9     0.914    -0.119    -0.387
 2    97.603   -19.342    59.068
 2     0.658    -0.754     0.003
 2     0.753     0.657     0.029
 2    -0.023    -0.018     0.999
 3   139.676    -6.158     5.987
 3     0.265    -0.053    -0.963
 3     0.209     0.977     0.004
 3     0.941    -0.204     0.269
 4   127.763     8.984    -8.344
 4     0.359    -0.932     0.044
 4     0.926     0.350    -0.136
 4     0.111     0.090     0.989
 5   120.989    20.703    14.092
 5     0.072    -0.518     0.853
 5     0.485    -0.729    -0.482
 5     0.871     0.447     0.199
 6   132.576    26.482    38.689
 6     0.177    -0.271    -0.947
 6     0.184     0.953    -0.238
 6     0.967    -0.133     0.217
 7   128.499   -23.880    -5.320
 7     0.531     0.843     0.081
 7    -0.841     0.513     0.170
 7     0.102    -0.159     0.982
 8   118.746   -36.973    12.404
 8    -0.403     0.828     0.390
 8    -0.286    -0.518     0.806
 8     0.869     0.213     0.446
 9   115.540   -33.603    39.170
 9    -0.395    -0.040    -0.918
 9     0.098     0.991    -0.086
 9     0.913    -0.124    -0.387
 2    97.603   -19.393    59.068
 2     0.658    -0.754     0.003
 2     0.752     0.657     0.029
 2    -0.023    -0.018     0.999
 3   139.776    -6.208     6.013
 3     0.263    -0.054    -0.963
 3     0.210     0.977     0.003
 3     0.941    -0.205     0.268
 4   127.784     8.881    -8.364
 4     0.359    -0.932     0.044
 4     0.927     0.350    -0.134
 4     0.109     0.089     0.990
 5   120.815    20.532    13.823
 5     0.052    -0.519     0.854
 5     0.487    -0.734    -0.474
 5     0.872     0.439     0.215
 6   131.719    26.539    38.638
 6     0.145    -0.274    -0.951
 6     0.197     0.949    -0.243
 6     0.969    -0.153     0.191
 7   128.556   -24.005    -5.302
 7     0.529     0.844     0.080
 7    -0.842     0.511     0.173
 7     0.105    -0.160     0.981
 8   118.579   -36.912    12.524
 8    -0.411     0.824     0.389
 8    -0.280    -0.520     0.807
 8     0.867     0.223     0.444
 9   115.120   -33.607    39.199
 9    -0.404    -0.033    -0.914
 9     0.100     0.992    -0.080
 9     0.909    -0.124    -0.398
 2    97.603   -19.342    59.068
 2     0.658    -0.754     0.003
 2     0.753     0.657     0.029
 2    -0.023    -0.018     0.999
 3   139.793    -6.259     6.023
 3     0.264    -0.054    -0.963
 3     0.213     0.977     0.004
 3     0.940    -0.207     0.269
 4   127.883     8.856    -8.415
 4     0.357    -0.933     0.043
 4     0.927     0.349    -0.133
 4     0.109     0.088     0.990
 5   120.677    20.532    13.645
 5     0.037    -0.521     0.853
 5     0.491    -0.734    -0.469
 5     0.870     0.434     0.229
 6   131.199    26.839    38.644
 6     0.124    -0.276    -0.953
 6     0.207     0.946    -0.246
 6     0.970    -0.168     0.175
 7   128.612   -24.080    -5.310
 7     0.525     0.847     0.078
 7    -0.844     0.507     0.174
 7     0.108    -0.157     0.981
 8   118.430   -36.828    12.379
 8    -0.423     0.819     0.389
 8    -0.276    -0.525     0.805
 8     0.863     0.233     0.447
 9   114.717   -33.561    39.111
 9    -0.415    -0.029    -0.909
 9     0.098     0.992    -0.076
 9     0.904    -0.121    -0.409
 2    97.603   -19.342    59.068
 2     0.658    -0.754     0.003
 2     0.753     0.657     0.029
 2    -0.023    -0.018     0.999
 3   139.948    -6.256     5.988
 3     0.263    -0.055    -0.963
 3     0.213     0.977     0.002
 3     0.941    -0.206     0.269
 4   127.955     8.882    -8.411
 4     0.352    -0.935     0.042
 4     0.929     0.344    -0.131
 4     0.108     0.085     0.990
 5   120.595    20.439    13.576
 5     0.028    -0.520     0.854
 5     0.485    -0.740    -0.465
 5     0.874     0.426     0.232
 6   130.885    26.771    38.740
 6     0.115    -0.281    -0.953
 6     0.206     0.945    -0.253
 6     0.971    -0.169     0.165
 7   128.691   -24.003    -5.317
 7     0.525     0.848     0.074
 7    -0.844     0.507     0.174
 7     0.110    -0.154     0.982
 8   118.262   -36.727    12.303
 8    -0.439     0.813     0.382
 8    -0.271    -0.525     0.807
 8     0.856     0.250     0.450
 9   114.003   -33.292    38.988
 9    -0.432    -0.022    -0.901
 9     0.102     0.992    -0.072
 9     0.896    -0.123    -0.427
 2    97.603   -19.342    59.068
 2     0.658    -0.754     0.003
 2     0.752     0.657     0.029
 2    -0.023    -0.018     0.999
 3   140.090    -6.252     5.972
 3     0.259    -0.052    -0.965
 3     0.210     0.977     0.005
 3     0.943    -0.205     0.263
 4   128.375     9.041    -8.305
 4     0.354    -0.935     0.036
 4     0.928     0.346    -0.138
 4     0.116     0.083     0.990
 5   120.950    20.445    13.687
 5     0.023    -0.537     0.843
 5     0.475    -0.737    -0.481
 5     0.879     0.411     0.239
 6   130.903    26.514    39.057
 6     0.097    -0.269    -0.959
 6     0.200     0.948    -0.245
 6     0.975    -0.169     0.145
 7   128.747   -24.007    -5.178
 7     0.510     0.858     0.060
 7    -0.852     0.495     0.169
 7     0.115    -0.137     0.984
 8   117.841   -36.624    12.292
 8    -0.453     0.798     0.398
 8    -0.261    -0.545     0.796
 8     0.852     0.257     0.455
 9   113.757   -33.343    38.942
 9    -0.434    -0.004    -0.901
 9     0.105     0.993    -0.055
 9     0.895    -0.118    -0.430
 2    97.603   -19.342    59.068
 2     0.658    -0.754     0.003
 2     0.753     0.657     0.029
 2    -0.023    -0.018     0.999
 3   140.159    -6.497     6.214
 3     0.249    -0.038    -0.968
 3     0.210     0.977     0.016
 3     0.945    -0.208     0.251
 4   128.657     8.861    -8.181
 4     0.368    -0.929     0.038
 4     0.922     0.360    -0.142
 4     0.117     0.087     0.989
 5   121.584    20.543    13.889
 5     0.043    -0.564     0.825
 5     0.467    -0.719    -0.515
 5     0.883     0.406     0.233
 6   131.902    26.143    39.112
 6     0.112    -0.250    -0.962
 6     0.194     0.954    -0.226
 6     0.974    -0.163     0.155
 7   128.783   -24.137    -5.157
 7     0.514     0.855     0.067
 7    -0.851     0.498     0.165
 7     0.108    -0.142     0.984
 8   118.367   -37.070    12.519
 8    -0.430     0.815     0.389
 8    -0.268    -0.526     0.807
 8     0.862     0.242     0.444
 9   114.748   -33.985    39.144
 9    -0.410     0.009    -0.912
 9     0.094     0.995    -0.032
 9     0.907    -0.099    -0.409
 2    97.603   -19.393    59.068
 2     0.658    -0.754     0.003
 2     0.752     0.657     0.029
 2    -0.023    -0.018     0.999
 3   140.111    -6.652     6.315
 3     0.251    -0.033    -0.968
 3     0.208     0.978     0.021
 3     0.945    -0.207     0.251
 4   128.933     8.989    -7.851
 4     0.391    -0.919     0.040
 4     0.911     0.381    -0.154
 4     0.126     0.097     0.987
 5   122.963    20.793    14.761
 5     0.086    -0.585     0.807
 5     0.448    -0.701    -0.555
 5     0.890     0.408     0.202
 6   134.165    25.695    39.769
 6     0.154    -0.226    -0.962
 6     0.176     0.964    -0.198
 6     0.972    -0.140     0.187
 7   128.654   -24.015    -5.124
 7     0.509     0.858     0.066
 7    -0.854     0.494     0.161
 7     0.106    -0.139     0.984
 8   118.621   -36.800    12.705
 8    -0.402     0.822     0.404
 8    -0.271    -0.528     0.805
 8     0.875     0.214     0.434
 9   116.142   -33.839    39.463
 9    -0.375     0.022    -0.927
 9     0.091     0.995    -0.014
 9     0.922    -0.090    -0.375
 2    97.603   -19.342    59.068
 2     0.658    -0.754     0.003
 2     0.753     0.657     0.029
 2    -0.023    -0.018     0.999
 3   140.012    -6.667     6.306
 3     0.264    -0.023    -0.964
 3     0.193     0.980     0.030
 3     0.945    -0.194     0.263
 4   128.590     9.403    -7.613
 4     0.398    -0.917     0.041
 4     0.906     0.385    -0.171
 4     0.140     0.105     0.984
 5   123.850    21.004    15.848
 5     0.150    -0.577     0.803
 5     0.430    -0.694    -0.577
 5     0.890     0.431     0.145
 6   136.335    25.223    40.238
 6     0.215    -0.220    -0.952
 6     0.157     0.969    -0.189
 6     0.964    -0.110     0.243
 7   128.166   -23.673    -5.376
 7     0.516     0.853     0.080
 7    -0.852     0.501     0.150
 7     0.088    -0.145     0.985
 8   118.796   -36.437    12.997
 8    -0.359     0.827     0.433
