% Calibrated with leiden_pols
% Positions are in centimeters
Data =[
 2    97.653   -19.342    59.119
 2     0.658    -0.754     0.003
 2     0.752     0.657     0.029
 2    -0.023    -0.018     0.999
 3   137.786    -5.525     4.483
 3     0.396    -0.033    -0.918
 3     0.123     0.992     0.018
 3     0.909    -0.121     0.397
 4   124.296    11.777    -6.037
 4     0.461    -0.867     0.187
 4     0.878     0.416    -0.236
 4     0.127     0.273     0.953
 5   127.239    20.928    20.037
 5     0.502    -0.500     0.708
 5     0.270    -0.685    -0.675
 5     0.821     0.529    -0.208
 6   145.032    21.543    39.398
 6     0.524    -0.167    -0.836
 6     0.013     0.982    -0.190
 6     0.852     0.089     0.515
 7   123.205   -22.135    -4.455
 7     0.542     0.811     0.222
 7    -0.841     0.521     0.143
 7     0.001    -0.264     0.964
 8   131.039   -30.147    21.097
 8     0.523     0.646     0.558
 8    -0.084    -0.611     0.786
 8     0.848    -0.458    -0.265
 9   146.063   -28.204    38.583
 9     0.447     0.030    -0.894
 9     0.096     0.992     0.085
 9     0.889    -0.126     0.439
 2    97.603   -19.342    59.068
 2     0.658    -0.754     0.003
 2     0.753     0.657     0.029
 2    -0.023    -0.018     0.999
 3   137.736    -5.525     4.482
 3     0.397    -0.034    -0.917
 3     0.123     0.992     0.017
 3     0.909    -0.120     0.397
 4   124.251    11.779    -5.991
 4     0.460    -0.869     0.185
 4     0.878     0.415    -0.237
 4     0.129     0.271     0.954
 5   127.137    20.930    20.188
 5     0.501    -0.497     0.711
 5     0.272    -0.688    -0.672
 5     0.821     0.529    -0.209
 6   145.032    21.541    39.449
 6     0.523    -0.168    -0.836
 6     0.011     0.981    -0.192
 6     0.852     0.090     0.514
 7   123.252   -22.085    -4.504
 7     0.542     0.811     0.222
 7    -0.840     0.522     0.142
 7     0.000    -0.263     0.964
 8   131.034   -30.150    21.155
 8     0.524     0.645     0.559
 8    -0.086    -0.611     0.786
 8     0.847    -0.459    -0.264
 9   146.013   -28.230    38.532
 9     0.447     0.030    -0.894
 9     0.095     0.992     0.085
 9     0.889    -0.125     0.439
 2    97.603   -19.393    59.068
 2     0.658    -0.754     0.003
 2     0.752     0.657     0.029
 2    -0.023    -0.018     0.999
 3   137.661    -5.526     4.533
 3     0.397    -0.034    -0.917
 3     0.122     0.992     0.016
 3     0.909    -0.119     0.397
 4   124.203    11.805    -5.994
 4     0.459    -0.869     0.184
 4     0.878     0.414    -0.238
 4     0.130     0.271     0.953
 5   127.137    20.930    20.136
 5     0.502    -0.496     0.711
 5     0.272    -0.688    -0.671
 5     0.821     0.528    -0.210
 6   144.997    21.589    39.461
 6     0.525    -0.168    -0.835
 6     0.011     0.981    -0.192
 6     0.850     0.091     0.516
 7   123.205   -22.085    -4.455
 7     0.541     0.812     0.222
 7    -0.841     0.521     0.143
 7     0.001    -0.263     0.964
 8   130.980   -30.100    21.110
 8     0.525     0.644     0.559
 8    -0.086    -0.611     0.785
 8     0.846    -0.460    -0.265
 9   146.007   -28.206    38.512
 9     0.448     0.030    -0.894
 9     0.095     0.992     0.084
 9     0.888    -0.124     0.441
 2    97.603   -19.393    59.068
 2     0.658    -0.754     0.003
 2     0.752     0.657     0.029
 2    -0.023    -0.018     0.999
 3   137.611    -5.527     4.557
 3     0.398    -0.035    -0.917
 3     0.121     0.992     0.016
 3     0.909    -0.118     0.399
 4   124.131    11.805    -5.946
 4     0.460    -0.869     0.184
 4     0.878     0.414    -0.238
 4     0.131     0.270     0.954
 5   127.132    20.928    20.140
 5     0.503    -0.496     0.711
 5     0.272    -0.688    -0.671
 5     0.820     0.529    -0.211
 6   144.998    21.538    39.461
 6     0.526    -0.167    -0.835
 6     0.010     0.982    -0.191
 6     0.850     0.091     0.516
 7   123.155   -22.086    -4.455
 7     0.540     0.812     0.222
 7    -0.842     0.520     0.143
 7     0.001    -0.263     0.964
 8   130.981   -30.100    21.110
 8     0.526     0.642     0.560
 8    -0.087    -0.612     0.785
 8     0.846    -0.461    -0.266
 9   146.008   -28.232    38.513
 9     0.450     0.031    -0.893
 9     0.094     0.992     0.086
 9     0.888    -0.125     0.442
 2    97.603   -19.393    59.068
 2     0.658    -0.754     0.003
 2     0.752     0.657     0.029
 2    -0.023    -0.018     0.999
 3   137.560    -5.475     4.608
 3     0.397    -0.036    -0.917
 3     0.122     0.992     0.015
 3     0.909    -0.118     0.398
 4   124.131    11.805    -5.946
 4     0.460    -0.869     0.183
 4     0.878     0.414    -0.238
 4     0.131     0.270     0.954
 5   127.132    20.928    20.191
 5     0.503    -0.494     0.711
 5     0.272    -0.689    -0.670
 5     0.820     0.530    -0.212
 6   144.997    21.538    39.410
 6     0.526    -0.167    -0.834
 6     0.010     0.982    -0.191
 6     0.850     0.092     0.517
 7   123.155   -22.086    -4.454
 7     0.540     0.812     0.223
 7    -0.842     0.520     0.143
 7     0.001    -0.264     0.964
 8   130.981   -30.100    21.161
 8     0.526     0.642     0.561
 8    -0.087    -0.613     0.783
 8     0.846    -0.460    -0.266
 9   146.009   -28.232    38.539
 9     0.450     0.034    -0.893
 9     0.095     0.991     0.090
 9     0.888    -0.127     0.442
 2    97.603   -19.342    59.068
 2     0.658    -0.754     0.003
 2     0.752     0.657     0.029
 2    -0.023    -0.018     0.999
 3   137.614    -5.471     4.701
 3     0.394    -0.043    -0.918
 3     0.124     0.992     0.007
 3     0.910    -0.117     0.396
 4   124.129    11.805    -5.941
 4     0.459    -0.870     0.181
 4     0.879     0.415    -0.235
 4     0.130     0.266     0.955
 5   127.132    20.929    20.216
 5     0.503    -0.494     0.712
 5     0.273    -0.689    -0.670
 5     0.820     0.530    -0.212
 6   144.992    21.536    39.466
 6     0.527    -0.167    -0.834
 6     0.009     0.982    -0.192
 6     0.849     0.093     0.517
 7   123.252   -22.035    -4.423
 7     0.542     0.810     0.225
 7    -0.840     0.522     0.143
 7    -0.001    -0.266     0.964
 8   130.962   -30.075    21.181
 8     0.524     0.639     0.565
 8    -0.089    -0.617     0.780
 8     0.847    -0.459    -0.266
 9   145.964   -28.385    38.645
 9     0.449     0.053    -0.892
 9     0.093     0.990     0.109
 9     0.888    -0.133     0.439
 2    97.603   -19.342    59.068
 2     0.658    -0.754     0.003
 2     0.753     0.657     0.029
 2    -0.023    -0.018     0.999
 3   137.613    -5.472     4.701
 3     0.395    -0.044    -0.918
 3     0.123     0.992     0.006
 3     0.910    -0.116     0.397
 4   124.129    11.805    -5.941
 4     0.458    -0.870     0.181
 4     0.879     0.414    -0.235
 4     0.130     0.266     0.955
 5   127.052    20.928    20.194
 5     0.504    -0.492     0.712
 5     0.273    -0.691    -0.668
 5     0.819     0.530    -0.214
 6   144.992    21.536    39.516
 6     0.528    -0.167    -0.833
 6     0.009     0.981    -0.193
 6     0.849     0.094     0.518
 7   123.240   -21.989    -4.405
 7     0.543     0.808     0.230
 7    -0.840     0.524     0.140
 7    -0.007    -0.269     0.963
 8   130.983   -30.025    21.187
 8     0.525     0.639     0.565
 8    -0.089    -0.616     0.781
 8     0.846    -0.460    -0.266
 9   145.964   -28.335    38.594
 9     0.449     0.053    -0.892
 9     0.092     0.990     0.109
 9     0.888    -0.132     0.439
 2    97.603   -19.342    59.068
 2     0.658    -0.754     0.003
 2     0.753     0.657     0.029
 2    -0.023    -0.018     0.999
 3   137.563    -5.372     4.701
 3     0.396    -0.044    -0.917
 3     0.122     0.992     0.005
 3     0.910    -0.115     0.398
 4   124.132    11.857    -5.893
 4     0.458    -0.870     0.180
 4     0.879     0.414    -0.236
 4     0.131     0.265     0.955
 5   127.051    20.953    20.270
 5     0.503    -0.490     0.713
 5     0.273    -0.692    -0.667
 5     0.819     0.530    -0.214
