% Calibrated with leiden_pols
% Positions are in centimeters
Data =[
 2    96.625   -18.701    59.852
 2    -0.131    -0.991    -0.025
 2     0.989    -0.133     0.068
 2    -0.071    -0.015     0.997
 3   131.079    -1.280     4.472
 3     0.609    -0.593    -0.527
 3     0.274     0.781    -0.561
 3     0.744     0.197     0.638
 4   112.419    15.269    -4.373
 4     0.645    -0.713     0.276
 4     0.763     0.581    -0.282
 4     0.040     0.393     0.918
 5   113.042    24.025    20.641
 5     0.442    -0.171     0.881
 5     0.271    -0.911    -0.312
 5     0.855     0.376    -0.356
 6   131.947    23.602    43.442
 6     0.165    -0.064    -0.984
 6    -0.052     0.996    -0.074
 6     0.985     0.063     0.160
 7   113.530   -20.512    -2.683
 7     0.752     0.619     0.223
 7    -0.651     0.751     0.112
 7    -0.098    -0.230     0.968
 8   117.080   -26.859    24.814
 8     0.590     0.147     0.794
 8    -0.161    -0.942     0.294
 8     0.791    -0.301    -0.532
 9   134.468   -28.982    41.211
 9     0.451     0.219    -0.865
 9     0.013     0.968     0.252
 9     0.892    -0.125     0.433
 2    96.626   -18.650    59.852
 2    -0.131    -0.991    -0.024
 2     0.989    -0.133     0.068
 2    -0.071    -0.015     0.997
 3   131.026    -1.231     4.527
 3     0.610    -0.593    -0.526
 3     0.274     0.780    -0.562
 3     0.743     0.198     0.639
 4   112.424    15.271    -4.353
 4     0.644    -0.713     0.275
 4     0.763     0.581    -0.282
 4     0.042     0.392     0.919
 5   112.970    24.079    20.684
 5     0.440    -0.164     0.883
 5     0.272    -0.912    -0.305
 5     0.856     0.375    -0.357
 6   131.893    23.595    43.540
 6     0.164    -0.072    -0.984
 6    -0.056     0.995    -0.082
 6     0.985     0.068     0.160
 7   113.478   -20.462    -2.680
 7     0.752     0.619     0.224
 7    -0.651     0.751     0.112
 7    -0.099    -0.230     0.968
 8   117.080   -26.859    24.865
 8     0.590     0.147     0.794
 8    -0.161    -0.942     0.294
 8     0.791    -0.301    -0.533
 9   134.418   -29.059    41.262
 9     0.451     0.220    -0.865
 9     0.012     0.967     0.253
 9     0.892    -0.125     0.433
 2    96.623   -18.651    59.855
 2    -0.131    -0.991    -0.024
 2     0.989    -0.133     0.069
 2    -0.072    -0.015     0.997
 3   131.025    -1.231     4.552
 3     0.611    -0.593    -0.525
 3     0.274     0.780    -0.562
 3     0.743     0.199     0.639
 4   112.376    15.298    -4.305
 4     0.643    -0.714     0.275
 4     0.764     0.579    -0.283
 4     0.043     0.392     0.919
 5   112.964    24.029    20.636
 5     0.440    -0.160     0.884
 5     0.273    -0.914    -0.301
 5     0.855     0.374    -0.359
 6   131.925    23.693    43.452
 6     0.169    -0.081    -0.982
 6    -0.058     0.994    -0.093
 6     0.984     0.072     0.163
 7   113.480   -20.461    -2.632
 7     0.753     0.619     0.224
 7    -0.651     0.751     0.112
 7    -0.098    -0.230     0.968
 8   117.081   -26.859    24.814
 8     0.590     0.146     0.794
 8    -0.161    -0.943     0.293
 8     0.791    -0.300    -0.533
 9   134.463   -29.060    41.218
 9     0.452     0.221    -0.864
 9     0.013     0.967     0.254
 9     0.891    -0.126     0.435
 2    96.623   -18.651    59.855
 2    -0.131    -0.991    -0.025
 2     0.988    -0.133     0.069
 2    -0.072    -0.015     0.997
 3   130.967    -1.131     4.611
 3     0.612    -0.593    -0.523
 3     0.275     0.779    -0.563
 3     0.741     0.201     0.640
 4   112.432    15.300    -4.263
 4     0.643    -0.716     0.274
 4     0.765     0.578    -0.285
 4     0.046     0.392     0.918
 5   112.868    24.006    20.752
 5     0.440    -0.154     0.885
 5     0.271    -0.916    -0.294
 5     0.856     0.370    -0.362
 6   131.846    23.707    43.583
 6     0.172    -0.111    -0.979
 6    -0.065     0.990    -0.124
 6     0.983     0.085     0.163
 7   113.480   -20.461    -2.632
 7     0.753     0.619     0.224
 7    -0.651     0.751     0.113
 7    -0.098    -0.231     0.968
 8   117.084   -26.858    24.865
 8     0.590     0.139     0.795
 8    -0.162    -0.944     0.285
 8     0.791    -0.297    -0.535
 9   134.365   -29.061    41.220
 9     0.453     0.224    -0.863
 9     0.012     0.966     0.257
 9     0.891    -0.128     0.435
 2    96.623   -18.651    59.855
 2    -0.131    -0.991    -0.025
 2     0.989    -0.133     0.069
 2    -0.072    -0.015     0.997
 3   130.963    -1.107     4.564
 3     0.614    -0.593    -0.521
 3     0.275     0.779    -0.564
 3     0.740     0.203     0.641
 4   112.311    15.302    -4.269
 4     0.643    -0.715     0.273
 4     0.764     0.577    -0.288
 4     0.048     0.394     0.917
 5   112.866    23.956    20.746
 5     0.441    -0.148     0.885
 5     0.270    -0.919    -0.288
 5     0.856     0.366    -0.366
 6   131.828    23.752    43.390
 6     0.177    -0.130    -0.976
 6    -0.069     0.987    -0.144
 6     0.982     0.092     0.166
 7   113.428   -20.462    -2.680
 7     0.753     0.618     0.224
 7    -0.650     0.751     0.113
 7    -0.099    -0.231     0.968
 8   117.059   -26.858    24.814
 8     0.590     0.138     0.795
 8    -0.162    -0.945     0.284
 8     0.791    -0.297    -0.535
 9   134.411   -29.062    41.176
 9     0.455     0.226    -0.861
 9     0.012     0.965     0.260
 9     0.890    -0.129     0.436
 2    96.624   -18.651    59.855
 2    -0.131    -0.991    -0.025
 2     0.988    -0.133     0.069
 2    -0.072    -0.016     0.997
 3   130.960    -1.109     4.543
 3     0.615    -0.593    -0.520
 3     0.274     0.779    -0.564
 3     0.739     0.204     0.641
 4   112.365    15.354    -4.276
 4     0.643    -0.715     0.274
 4     0.764     0.575    -0.290
 4     0.050     0.396     0.917
 5   112.815    23.958    20.743
 5     0.440    -0.143     0.886
 5     0.271    -0.920    -0.283
 5     0.856     0.364    -0.367
 6   131.772    23.853    43.588
 6     0.174    -0.136    -0.975
 6    -0.069     0.986    -0.150
 6     0.982     0.094     0.162
 7   113.428   -20.461    -2.680
 7     0.753     0.618     0.225
 7    -0.650     0.751     0.114
 7    -0.099    -0.232     0.968
 8   117.060   -26.806    24.814
 8     0.590     0.138     0.795
 8    -0.161    -0.945     0.284
 8     0.791    -0.296    -0.536
 9   134.416   -29.061    41.169
 9     0.454     0.226    -0.861
 9     0.011     0.965     0.260
 9     0.891    -0.128     0.436
 2    96.624   -18.651    59.855
 2    -0.131    -0.991    -0.025
 2     0.988    -0.133     0.069
 2    -0.072    -0.016     0.997
 3   130.960    -1.134     4.492
 3     0.615    -0.593    -0.520
 3     0.274     0.779    -0.564
 3     0.739     0.204     0.641
 4   112.364    15.354    -4.327
 4     0.643    -0.715     0.275
 4     0.764     0.575    -0.292
 4     0.050     0.398     0.916
 5   112.869    23.862    20.607
 5     0.437    -0.135     0.889
 5     0.272    -0.923    -0.273
 5     0.857     0.361    -0.367
 6   131.804    23.796    43.524
 6     0.176    -0.151    -0.973
 6    -0.072     0.983    -0.165
 6     0.981     0.099     0.162
 7   113.429   -20.461    -2.730
 7     0.754     0.617     0.226
 7    -0.649     0.751     0.115
 7    -0.099    -0.234     0.967
 8   117.103   -26.775    24.767
 8     0.585     0.136     0.799
 8    -0.159    -0.947     0.277
 8     0.795    -0.289    -0.533
 9   134.416   -29.112    41.169
 9     0.454     0.228    -0.861
 9     0.011     0.965     0.261
 9     0.891    -0.128     0.436
 2    96.624   -18.651    59.855
 2    -0.131    -0.991    -0.025
 2     0.989    -0.133     0.069
 2    -0.072    -0.016     0.997
 3   131.009    -1.109     4.339
 3     0.615    -0.594    -0.519
 3     0.274     0.778    -0.565
 3     0.739     0.205     0.641
 4   112.368    15.356    -4.333
 4     0.642    -0.716     0.275
 4     0.764     0.574    -0.294
 4     0.052     0.398     0.916
 5   112.645    23.757    20.530
 5     0.415    -0.119     0.902
 5     0.287    -0.924    -0.254
 5     0.863     0.364    -0.350
 6   131.601    23.917    43.599
 6     0.183    -0.195    -0.964
 6    -0.078     0.974    -0.212
 6     0.980     0.113     0.163
 7   113.549   -20.503    -2.756
 7     0.755     0.616     0.221
 7    -0.649     0.751     0.124
 7    -0.090    -0.237     0.967
 8   117.007   -26.673    24.585
 8     0.575     0.119     0.809
 8    -0.167    -0.951     0.259
 8     0.801    -0.284    -0.527
 9   134.506   -29.202    41.090
 9     0.467     0.235    -0.852
 9     0.005     0.963     0.268
 9     0.884    -0.130     0.449
 2    96.624   -18.701    59.855
 2    -0.131    -0.991    -0.025
 2     0.989    -0.133     0.069
 2    -0.072    -0.016     0.997
 3   131.067    -1.183     4.203
 3     0.614    -0.593    -0.522
 3     0.273     0.779    -0.564
 3     0.741     0.203     0.640
 4   112.412    15.314    -4.419
 4     0.643    -0.714     0.278
 4     0.763     0.567    -0.309
 4     0.062     0.411     0.909
 5   112.337    23.551    20.296
 5     0.389    -0.102     0.915
 5     0.310    -0.921    -0.235
 5     0.867     0.375    -0.327
 6   131.395    23.922    43.416
 6     0.194    -0.228    -0.954
 6    -0.076     0.966    -0.246
 6     0.978     0.120     0.170
 7   113.526   -20.543    -2.741
 7     0.756     0.618     0.213
 7    -0.649     0.749     0.132
 7    -0.078    -0.239     0.968
 8   117.052   -26.709    24.894
 8     0.593     0.078     0.801
 8    -0.205    -0.948     0.245
 8     0.778    -0.309    -0.546
 9   135.048   -31.150    40.195
 9     0.500     0.327    -0.801
 9    -0.064     0.937     0.343
 9     0.863    -0.121     0.490
 2    96.624   -18.701    59.855
 2    -0.131    -0.991    -0.025
 2     0.989    -0.133     0.069
 2    -0.072    -0.016     0.997
 3   131.129    -1.177     4.116
 3     0.608    -0.595    -0.526
 3     0.276     0.779    -0.562
 3     0.744     0.196     0.639
 4   112.327    15.313    -4.540
 4     0.639    -0.714     0.285
 4     0.766     0.563    -0.308
 4     0.059     0.415     0.908
 5   111.801    23.484    20.098
 5     0.373    -0.047     0.926
 5     0.353    -0.916    -0.189
 5     0.858     0.397    -0.326
 6   131.113    25.350    42.748
 6     0.238    -0.331    -0.913
 6    -0.049     0.935    -0.351
 6     0.970     0.128     0.207
 7   113.540   -20.537    -2.712
 7     0.757     0.619     0.207
 7    -0.649     0.748     0.136
 7    -0.071    -0.237     0.969
 8   117.418   -27.195    25.004
 8     0.628     0.003     0.778
 8    -0.288    -0.928     0.236
 8     0.723    -0.372    -0.583
 9   135.436   -34.361    38.748
 9     0.515     0.445    -0.733
 9    -0.169     0.891     0.422
 9     0.840    -0.093     0.534
 2    96.574   -18.651    59.855
 2    -0.131    -0.991    -0.025
 2     0.989    -0.133     0.069
 2    -0.072    -0.016     0.997
 3   131.008    -1.164     4.159
 3     0.596    -0.602    -0.532
 3     0.283     0.777    -0.562
 3     0.752     0.184     0.633
 4   111.987    14.938    -4.866
 4     0.627    -0.719     0.298
 4     0.778     0.564    -0.277
 4     0.031     0.406     0.913
 5   111.673    23.492    19.910
 5     0.376    -0.028     0.926
 5     0.383    -0.906    -0.183
 5     0.843     0.423    -0.331
 6   130.991    27.769    41.737
 6     0.260    -0.441    -0.859
 6     0.010     0.891    -0.454
 6     0.965     0.109     0.236
 7   113.441   -20.537    -2.685
 7     0.757     0.619     0.207
 7    -0.650     0.748     0.137
 7    -0.071    -0.239     0.968
 8   117.878   -28.656    24.686
 8     0.653    -0.110     0.749
 8    -0.413    -0.881     0.231
 8     0.634    -0.460    -0.621
 9   136.062   -39.074    35.639
 9     0.554     0.531    -0.641
 9    -0.287     0.844     0.452
 9     0.782    -0.067     0.620
 2    96.573   -18.701    59.855
 2    -0.131    -0.991    -0.025
 2     0.989    -0.133     0.069
 2    -0.072    -0.016     0.997
 3   130.990    -1.211     4.262
 3     0.591    -0.600    -0.539
 3     0.288     0.781    -0.553
 3     0.753     0.171     0.635
 4   111.929    14.725    -5.050
 4     0.621    -0.723     0.302
 4     0.783     0.565    -0.259
 4     0.016     0.397     0.917
 5   111.480    23.359    19.636
 5     0.366     0.003     0.930
 5     0.420    -0.893    -0.163
 5     0.830     0.450    -0.328
 6   130.537    29.275    41.329
 6     0.270    -0.505    -0.820
 6     0.054     0.858    -0.510
 6     0.961     0.093     0.259
 7   112.943   -20.475    -2.762
 7     0.740     0.633     0.225
 7    -0.664     0.741     0.099
 7    -0.104    -0.223     0.969
 8   118.440   -30.988    23.518
 8     0.683    -0.237     0.690
 8    -0.530    -0.812     0.246
 8     0.502    -0.534    -0.680
 9   136.565   -43.959    30.909
 9     0.603     0.602    -0.522
 9    -0.409     0.796     0.446
 9     0.685    -0.056     0.726
 2    96.624   -18.651    59.855
 2    -0.131    -0.991    -0.025
 2     0.989    -0.133     0.069
 2    -0.072    -0.016     0.997
 3   130.814    -1.389     4.405
 3     0.590    -0.594    -0.547
 3     0.295     0.789    -0.539
 3     0.751     0.156     0.641
 4   111.802    14.385    -5.215
 4     0.617    -0.725     0.306
 4     0.786     0.567    -0.244
 4     0.003     0.391     0.920
 5   111.491    23.225    19.324
 5     0.366     0.015     0.930
 5     0.437    -0.886    -0.157
 5     0.822     0.464    -0.331
 6   130.585    30.053    40.575
 6     0.280    -0.540    -0.793
 6     0.087     0.837    -0.540
 6     0.956     0.082     0.281
 7   112.151   -20.234    -3.031
 7     0.712     0.655     0.252
 7    -0.684     0.728     0.041
 7    -0.157    -0.202     0.967
 8   118.866   -33.688    21.503
 8     0.705    -0.367     0.606
 8    -0.630    -0.718     0.298
 8     0.326    -0.592    -0.737
 9   136.707   -48.978    23.859
 9     0.657     0.656    -0.371
 9    -0.534     0.753     0.385
 9     0.532    -0.056     0.845
 2    96.624   -18.701    59.855
 2    -0.131    -0.991    -0.025
 2     0.989    -0.133     0.069
 2    -0.072    -0.016     0.997
 3   130.695    -1.701     4.342
 3     0.596    -0.584    -0.551
 3     0.303     0.799    -0.519
 3     0.744     0.142     0.653
 4   111.663    13.750    -5.871
 4     0.597    -0.734     0.323
 4     0.801     0.563    -0.201
 4    -0.035     0.379     0.924
 5   111.304    22.913    18.808
 5     0.375     0.057     0.925
 5     0.481    -0.865    -0.142
 5     0.792     0.498    -0.352
 6   130.440    32.407    38.901
 6     0.325    -0.625    -0.710
 6     0.166     0.777    -0.608
 6     0.931     0.080     0.356
 7   111.328   -19.968    -3.507
 7     0.673     0.682     0.284
 7    -0.701     0.711    -0.046
 7    -0.234    -0.168     0.958
 8   119.007   -36.266    18.703
 8     0.688    -0.505     0.521
 8    -0.712    -0.605     0.355
 8     0.136    -0.616    -0.776
 9   135.263   -53.280    15.608
 9     0.672     0.717    -0.183
 9    -0.654     0.691     0.307
 9     0.347    -0.087     0.934
 2    96.624   -18.701    59.804
 2    -0.131    -0.991    -0.025
 2     0.989    -0.132     0.069
 2    -0.072    -0.015     0.997
 3   130.454    -1.932     4.240
 3     0.597    -0.583    -0.552
 3     0.311     0.802    -0.510
 3     0.739     0.133     0.660
 4   110.779    12.952    -6.307
 4     0.561    -0.746     0.358
 4     0.822     0.550    -0.144
 4    -0.090     0.375     0.922
 5   111.196    23.476    18.202
 5     0.396     0.141     0.907
 5     0.564    -0.818    -0.119
 5     0.725     0.558    -0.404
 6   130.677    35.701    35.607
 6     0.398    -0.691    -0.604
 6     0.263     0.716    -0.646
 6     0.879     0.098     0.467
 7   110.295   -19.650    -3.917
 7     0.629     0.712     0.311
 7    -0.715     0.688    -0.128
 7    -0.305    -0.142     0.942
 8   118.638   -38.033    15.555
 8     0.648    -0.616     0.448
 8    -0.761    -0.506     0.405
 8    -0.023    -0.603    -0.797
 9   132.777   -56.877     8.075
 9     0.639     0.769    -0.013
 9    -0.748     0.625     0.224
 9     0.180    -0.134     0.974
 2    96.623   -18.651    59.855
 2    -0.131    -0.991    -0.025
 2     0.989    -0.133     0.069
 2    -0.072    -0.015     0.997
 3   130.096    -2.164     4.025
 3     0.600    -0.580    -0.551
 3     0.313     0.804    -0.505
 3     0.736     0.131     0.664
 4   109.597    12.289    -6.717
 4     0.510    -0.764     0.396
 4     0.849     0.521    -0.089
 4    -0.139     0.381     0.914
 5   110.683    24.111    17.692
 5     0.403     0.278     0.872
 5     0.657    -0.751    -0.064
 5     0.637     0.599    -0.486
 6   130.738    39.845    31.325
 6     0.507    -0.742    -0.439
 6     0.382     0.650    -0.657
 6     0.772     0.165     0.613
 7   109.386   -19.233    -4.051
 7     0.592     0.733     0.334
 7    -0.723     0.666    -0.182
 7    -0.356    -0.134     0.925
 8   117.947   -39.155    13.152
 8     0.607    -0.686     0.400
 8    -0.784    -0.436     0.443
 8    -0.129    -0.583    -0.802
 9   130.373   -58.222     2.881
 9     0.600     0.793     0.107
 9    -0.798     0.583     0.150
 9     0.056    -0.175     0.983
 2    96.624   -18.651    59.855
 2    -0.131    -0.991    -0.025
 2     0.989    -0.133     0.069
 2    -0.072    -0.016     0.997
 3   129.649    -2.119     3.796
 3     0.604    -0.581    -0.545
 3     0.319     0.803    -0.503
 3     0.730     0.130     0.670
 4   108.693    11.690    -7.004
 4     0.474    -0.774     0.419
 4     0.864     0.499    -0.055
 4    -0.167     0.388     0.906
 5   110.180    24.515    16.953
 5     0.400     0.366     0.840
 5     0.716    -0.698    -0.037
 5     0.572     0.616    -0.541
 6   130.348    41.827    27.712
 6     0.556    -0.753    -0.352
 6     0.455     0.630    -0.629
 6     0.695     0.190     0.693
 7   108.518   -18.847    -4.164
 7     0.553     0.749     0.364
 7    -0.723     0.649    -0.235
 7    -0.412    -0.134     0.901
 8   117.313   -39.757    11.030
 8     0.569    -0.740     0.358
 8    -0.792    -0.378     0.479
 8    -0.219    -0.556    -0.802
 9   128.415   -58.764    -1.746
 9     0.565     0.806     0.175
 9    -0.823     0.564     0.057
 9    -0.052    -0.176     0.983
 2    96.624   -18.651    59.855
 2    -0.131    -0.991    -0.025
 2     0.989    -0.132     0.069
 2    -0.072    -0.016     0.997
 3   129.306    -2.074     3.511
 3     0.609    -0.583    -0.538
 3     0.322     0.801    -0.504
 3     0.725     0.133     0.676
 4   107.781    11.202    -7.323
 4     0.435    -0.785     0.441
 4     0.881     0.471    -0.030
 4    -0.185     0.402     0.897
 5   109.759    24.665    16.570
 5     0.396     0.417     0.818
 5     0.745    -0.667    -0.021
 5     0.536     0.617    -0.575
 6   129.733    43.279    25.405
 6     0.595    -0.761    -0.259
 6     0.514     0.608    -0.605
 6     0.618     0.227     0.753
 7   107.871   -18.556    -4.434
 7     0.524     0.755     0.393
 7    -0.712     0.642    -0.284
 7    -0.467    -0.132     0.874
 8   116.641   -40.406     8.839
 8     0.534    -0.776     0.336
 8    -0.792    -0.321     0.519
 8    -0.295    -0.544    -0.786
 9   126.419   -58.754    -6.523
 9     0.531     0.809     0.250
 9    -0.830     0.556    -0.036
 9    -0.169    -0.189     0.967
 2    96.624   -18.651    59.855
 2    -0.131    -0.991    -0.025
 2     0.989    -0.133     0.069
 2    -0.072    -0.016     0.997
 3   128.996    -2.001     3.337
 3     0.611    -0.588    -0.531
 3     0.323     0.797    -0.511
 3     0.723     0.141     0.676
 4   107.102    10.975    -7.491
 4     0.409    -0.792     0.454
 4     0.892     0.451    -0.016
 4    -0.192     0.411     0.891
 5   109.411    24.764    16.324
 5     0.402     0.451     0.796
 5     0.763    -0.646    -0.019
 5     0.505     0.616    -0.604
 6   129.715    43.326    23.199
 6     0.654    -0.739    -0.162
 6     0.531     0.601    -0.597
 6     0.538     0.304     0.786
 7   107.191   -18.183    -4.573
 7     0.495     0.760     0.419
 7    -0.700     0.635    -0.326
 7    -0.514    -0.132     0.847
 8   116.086   -40.504     6.989
 8     0.502    -0.811     0.300
 8    -0.788    -0.286     0.545
 8    -0.357    -0.510    -0.783
 9   124.556   -58.597   -10.315
 9     0.491     0.808     0.324
 9    -0.831     0.547    -0.105
 9    -0.262    -0.218     0.940
 2    96.573   -18.701    59.855
 2    -0.131    -0.991    -0.025
 2     0.989    -0.133     0.069
 2    -0.072    -0.015     0.997
 3   128.752    -1.956     3.178
 3     0.616    -0.589    -0.523
 3     0.323     0.795    -0.514
 3     0.718     0.148     0.680
 4   106.777    10.793    -7.626
 4     0.398    -0.792     0.464
 4     0.895     0.445    -0.009
 4    -0.200     0.418     0.886
 5   109.417    24.918    16.083
 5     0.413     0.468     0.781
 5     0.772    -0.635    -0.028
 5     0.482     0.615    -0.624
 6   129.993    43.929    21.270
 6     0.707    -0.704    -0.063
 6     0.542     0.597    -0.590
 6     0.453     0.383     0.804
 7   106.781   -17.657    -4.811
 7     0.469     0.764     0.443
 7    -0.682     0.632    -0.368
 7    -0.561    -0.130     0.818
 8   115.502   -40.561     4.845
 8     0.456    -0.844     0.280
 8    -0.785    -0.234     0.574
 8    -0.419    -0.482    -0.770
 9   122.151   -58.025   -14.378
 9     0.435     0.810     0.392
 9    -0.824     0.534    -0.188
 9    -0.362    -0.242     0.900
 2    96.624   -18.651    59.855
 2    -0.131    -0.991    -0.025
 2     0.989    -0.133     0.069
 2    -0.072    -0.016     0.997
 3   128.620    -1.909     3.083
 3     0.620    -0.587    -0.521
 3     0.322     0.795    -0.514
 3     0.716     0.151     0.682
 4   106.480    10.712    -7.687
 4     0.390    -0.791     0.471
 4     0.897     0.441    -0.002
 4    -0.207     0.423     0.882
 5   109.552    25.115    15.867
 5     0.426     0.486     0.763
 5     0.784    -0.619    -0.043
 5     0.451     0.617    -0.645
 6   130.483    43.502    19.429
 6     0.753    -0.658    -0.002
 6     0.537     0.616    -0.576
 6     0.380     0.433     0.817
 7   106.159   -17.308    -4.985
 7     0.439     0.771     0.461
 7    -0.667     0.623    -0.408
 7    -0.602    -0.128     0.788
 8   114.626   -40.503     3.186
 8     0.416    -0.870     0.262
 8    -0.781    -0.195     0.593
 8    -0.465    -0.452    -0.761
 9   120.053   -57.182   -17.647
 9     0.388     0.805     0.449
 9    -0.807     0.532    -0.256
 9    -0.445    -0.263     0.856
 2    96.623   -18.651    59.855
 2    -0.131    -0.991    -0.025
 2     0.989    -0.132     0.069
 2    -0.072    -0.015     0.997
 3   128.360    -1.975     2.842
 3     0.634    -0.580    -0.512
 3     0.315     0.797    -0.514
 3     0.706     0.165     0.688
 4   106.234    10.603    -7.770
 4     0.389    -0.786     0.480
 4     0.896     0.444     0.002
 4    -0.215     0.429     0.877
 5   109.677    25.322    15.741
 5     0.437     0.492     0.752
 5     0.788    -0.613    -0.057
 5     0.433     0.618    -0.656
 6   131.014    43.403    18.157
 6     0.780    -0.625     0.030
 6     0.532     0.636    -0.559
 6     0.330     0.451     0.829
 7   105.611   -17.050    -5.052
 7     0.411     0.774     0.481
 7    -0.654     0.618    -0.436
 7    -0.635    -0.136     0.760
 8   114.079   -40.461     1.696
 8     0.395    -0.885     0.244
 8    -0.769    -0.173     0.615
 8    -0.503    -0.431    -0.749
 9   118.774   -56.363   -20.078
 9     0.359     0.795     0.488
 9    -0.785     0.541    -0.303
 9    -0.505    -0.275     0.818
 2    96.624   -18.651    59.855
 2    -0.131    -0.991    -0.025
 2     0.989    -0.133     0.069
 2    -0.072    -0.016     0.997
 3   128.211    -2.036     2.690
 3     0.643    -0.576    -0.505
 3     0.312     0.799    -0.514
 3     0.699     0.173     0.693
 4   106.041    10.470    -7.779
 4     0.387    -0.782     0.488
 4     0.895     0.446     0.005
 4    -0.222     0.434     0.873
 5   109.705    25.209    15.589
 5     0.447     0.493     0.746
 5     0.788    -0.612    -0.067
 5     0.424     0.618    -0.662
 6   131.438    42.557    17.330
 6     0.802    -0.598     0.019
 6     0.518     0.678    -0.521
 6     0.298     0.427     0.853
 7   105.259   -16.917    -5.144
 7     0.388     0.770     0.506
 7    -0.635     0.621    -0.459
 7    -0.668    -0.143     0.730
 8   114.039   -40.219     0.061
 8     0.370    -0.908     0.195
 8    -0.745    -0.165     0.647
 8    -0.556    -0.385    -0.737
 9   117.371   -54.908   -23.250
 9     0.324     0.763     0.559
 9    -0.741     0.572    -0.351
 9    -0.588    -0.301     0.751
 2    96.624   -18.651    59.855
 2    -0.131    -0.991    -0.025
 2     0.989    -0.132     0.069
 2    -0.072    -0.016     0.997
 3   128.093    -2.069     2.580
 3     0.650    -0.575    -0.497
 3     0.309     0.797    -0.518
 3     0.694     0.183     0.696
 4   105.846    10.287    -7.916
 4     0.383    -0.779     0.495
 4     0.895     0.446     0.009
 4    -0.229     0.440     0.868
 5   109.843    25.193    15.401
 5     0.457     0.496     0.738
 5     0.789    -0.609    -0.079
 5     0.410     0.619    -0.670
 6   132.043    42.111    15.988
 6     0.823    -0.567     0.016
 6     0.505     0.719    -0.478
 6     0.259     0.402     0.878
 7   104.960   -16.551    -5.298
 7     0.370     0.762     0.530
 7    -0.612     0.630    -0.478
 7    -0.698    -0.148     0.700
 8   113.880   -39.940    -1.321
 8     0.354    -0.919     0.173
 8    -0.728    -0.154     0.668
 8    -0.587    -0.362    -0.724
 9   116.545   -53.629   -25.511
 9     0.299     0.749     0.591
 9    -0.707     0.590    -0.390
 9    -0.641    -0.302     0.706
 2    96.624   -18.651    59.855
 2    -0.131    -0.991    -0.025
 2     0.989    -0.133     0.069
 2    -0.072    -0.016     0.997
 3   128.038    -2.054     2.378
 3     0.660    -0.575    -0.483
 3     0.306     0.793    -0.526
 3     0.686     0.199     0.699
 4   105.694    10.177    -8.019
 4     0.378    -0.775     0.506
 4     0.894     0.447     0.016
 4    -0.239     0.446     0.862
 5   109.907    25.449    15.058
 5     0.463     0.506     0.728
 5     0.797    -0.597    -0.092
 5     0.388     0.622    -0.680
 6   132.201    42.066    15.222
 6     0.829    -0.558     0.021
 6     0.505     0.734    -0.453
 6     0.237     0.386     0.891
 7   104.732   -16.301    -5.460
 7     0.356     0.758     0.546
 7    -0.597     0.634    -0.491
 7    -0.719    -0.151     0.678
 8   113.593   -39.679    -2.344
 8     0.343    -0.925     0.165
 8    -0.719    -0.145     0.680
 8    -0.605    -0.352    -0.714
 9   116.002   -52.903   -26.755
 9     0.286     0.744     0.603
 9    -0.688     0.598    -0.411
 9    -0.667    -0.297     0.684
 2    96.624   -18.651    59.855
 2    -0.131    -0.991    -0.025
 2     0.989    -0.133     0.069
 2    -0.072    -0.016     0.997
 3   127.923    -1.959     2.264
 3     0.666    -0.574    -0.477
 3     0.302     0.792    -0.531
 3     0.682     0.209     0.701
 4   105.623    10.221    -8.076
 4     0.376    -0.771     0.512
 4     0.893     0.450     0.021
 4    -0.247     0.450     0.858
 5   110.057    25.573    14.823
 5     0.457     0.518     0.722
 5     0.804    -0.588    -0.087
 5     0.380     0.621    -0.686
 6   132.029    42.541    14.565
 6     0.826    -0.562     0.049
 6     0.518     0.720    -0.462
 6     0.223     0.407     0.885
 7   104.643   -16.234    -5.534
 7     0.351     0.756     0.552
 7    -0.592     0.636    -0.494
 7    -0.725    -0.153     0.671
 8   113.656   -39.504    -2.701
 8     0.343    -0.927     0.153
 8    -0.712    -0.150     0.686
 8    -0.612    -0.344    -0.712
 9   116.087   -52.436   -27.311
 9     0.286     0.737     0.612
 9    -0.673     0.609    -0.419
 9    -0.682    -0.293     0.670
 2    96.624   -18.651    59.855
 2    -0.131    -0.991    -0.025
 2     0.989    -0.133     0.069
 2    -0.072    -0.016     0.997
 3   127.908    -1.888     2.202
 3     0.670    -0.574    -0.471
 3     0.302     0.790    -0.532
 3     0.678     0.214     0.703
 4   105.591    10.219    -8.123
 4     0.375    -0.770     0.516
 4     0.893     0.449     0.021
 4    -0.249     0.453     0.856
 5   109.994    25.528    14.833
 5     0.453     0.518     0.725
 5     0.804    -0.589    -0.082
 5     0.385     0.620    -0.684
 6   131.674    42.691    15.230
 6     0.812    -0.581     0.043
 6     0.528     0.703    -0.477
 6     0.246     0.410     0.878
 7   104.631   -16.189    -5.536
 7     0.349     0.751     0.559
 7    -0.588     0.641    -0.494
 7    -0.730    -0.156     0.665
 8   114.109   -39.277    -3.054
 8     0.351    -0.927     0.133
 8    -0.701    -0.166     0.694
 8    -0.621    -0.337    -0.708
 9   116.489   -51.765   -27.798
 9     0.293     0.728     0.620
 9    -0.655     0.625    -0.425
 9    -0.697    -0.281     0.660
 2    96.574   -18.651    59.855
 2    -0.131    -0.991    -0.025
 2     0.989    -0.133     0.069
 2    -0.072    -0.016     0.997
 3   127.890    -1.892     2.067
 3     0.674    -0.575    -0.464
 3     0.305     0.788    -0.535
 3     0.673     0.219     0.706
 4   105.542    10.220    -8.126
 4     0.373    -0.770     0.518
 4     0.894     0.447     0.022
 4    -0.248     0.454     0.855
 5   109.819    25.361    14.808
 5     0.448     0.515     0.730
 5     0.802    -0.592    -0.075
 5     0.394     0.620    -0.679
 6   131.442    42.880    15.503
 6     0.805    -0.591     0.042
 6     0.534     0.694    -0.483
 6     0.256     0.411     0.875
 7   104.620   -16.117    -5.622
 7     0.348     0.749     0.564
 7    -0.583     0.644    -0.495
 7    -0.734    -0.157     0.661
 8   114.139   -39.207    -3.341
 8     0.354    -0.926     0.130
 8    -0.693    -0.167     0.701
 8    -0.627    -0.339    -0.701
 9   116.620   -51.397   -28.346
 9     0.296     0.727     0.619
 9    -0.640     0.632    -0.437
 9    -0.709    -0.267     0.653
 2    96.574   -18.651    59.855
 2    -0.131    -0.991    -0.025
 2     0.989    -0.133     0.069
 2    -0.072    -0.016     0.997
 3   127.935    -1.842     2.045
 3     0.675    -0.577    -0.461
 3     0.305     0.786    -0.537
 3     0.672     0.222     0.706
 4   105.541    10.271    -8.127
 4     0.372    -0.771     0.517
 4     0.894     0.446     0.021
 4    -0.248     0.455     0.855
 5   109.802    25.364    14.953
 5     0.445     0.514     0.733
 5     0.802    -0.592    -0.073
 5     0.397     0.621    -0.676
 6   131.376    42.943    15.820
 6     0.800    -0.600     0.029
 6     0.536     0.691    -0.484
 6     0.270     0.403     0.874
 7   104.552   -16.076    -5.666
 7     0.343     0.746     0.570
 7    -0.577     0.646    -0.499
 7    -0.741    -0.158     0.652
 8   114.125   -39.059    -3.548
 8     0.354    -0.927     0.125
 8    -0.688    -0.167     0.706
 8    -0.633    -0.336    -0.697
 9   116.503   -51.076   -28.628
 9     0.294     0.726     0.621
 9    -0.634     0.635    -0.442
 9    -0.715    -0.264     0.647
 2    96.574   -18.651    59.855
 2    -0.131    -0.991    -0.025
 2     0.989    -0.133     0.069
 2    -0.072    -0.016     0.997
 3   127.878    -1.845     2.051
 3     0.677    -0.577    -0.457
 3     0.304     0.784    -0.540
 3     0.670     0.226     0.706
 4   105.599    10.274    -8.084
 4     0.373    -0.771     0.517
 4     0.895     0.446     0.019
 4    -0.245     0.455     0.856
 5   109.582    25.128    15.078
 5     0.441     0.500     0.745
 5     0.795    -0.603    -0.066
 5     0.416     0.621    -0.664
 6   131.226    42.689    16.681
 6     0.791    -0.612    -0.001
 6     0.534     0.690    -0.488
 6     0.299     0.385     0.873
 7   104.340   -15.920    -5.652
 7     0.333     0.743     0.580
 7    -0.565     0.650    -0.508
 7    -0.755    -0.158     0.636
 8   114.082   -38.823    -4.185
 8     0.347    -0.931     0.113
 8    -0.674    -0.165     0.720
 8    -0.652    -0.326    -0.685
 9   115.953   -50.175   -30.093
 9     0.280     0.720     0.634
 9    -0.610     0.643    -0.462
 9    -0.741    -0.258     0.620
 2    96.574   -18.651    59.855
 2    -0.131    -0.991    -0.025
 2     0.989    -0.133     0.069
 2    -0.072    -0.016     0.997
 3   127.824    -1.897     2.003
 3     0.679    -0.577    -0.454
 3     0.303     0.783    -0.543
 3     0.669     0.230     0.706
 4   105.551    10.275    -8.087
 4     0.373    -0.771     0.516
 4     0.895     0.445     0.018
 4    -0.244     0.455     0.856
 5   109.537    25.080    15.098
 5     0.440     0.500     0.745
 5     0.795    -0.603    -0.064
 5     0.418     0.621    -0.663
 6   131.155    42.793    16.752
 6     0.789    -0.614    -0.002
 6     0.535     0.690    -0.487
 6     0.301     0.383     0.873
 7   104.064   -15.769    -5.721
 7     0.321     0.738     0.593
 7    -0.547     0.656    -0.519
 7    -0.773    -0.158     0.615
 8   113.775   -38.496    -5.372
 8     0.328    -0.939     0.103
 8    -0.658    -0.149     0.738
 8    -0.678    -0.310    -0.667
 9   115.007   -48.756   -31.543
 9     0.260     0.713     0.651
 9    -0.578     0.655    -0.487
 9    -0.774    -0.250     0.582
 2    96.624   -18.701    59.855
 2    -0.131    -0.991    -0.025
 2     0.989    -0.133     0.069
 2    -0.072    -0.016     0.997
 3   127.749    -1.924     2.052
 3     0.680    -0.576    -0.454
 3     0.299     0.783    -0.545
 3     0.669     0.234     0.705
 4   105.510    10.405    -8.023
 4     0.376    -0.769     0.517
 4     0.895     0.445     0.012
 4    -0.240     0.458     0.856
 5   109.589    25.127    15.274
 5     0.448     0.497     0.743
 5     0.790    -0.609    -0.069
 5     0.418     0.618    -0.666
 6   131.345    42.616    17.024
 6     0.793    -0.609    -0.014
 6     0.527     0.698    -0.485
 6     0.305     0.377     0.874
 7   103.863   -15.504    -5.755
 7     0.315     0.734     0.602
 7    -0.537     0.661    -0.524
 7    -0.782    -0.158     0.602
 8   113.438   -38.201    -5.756
 8     0.322    -0.941     0.107
 8    -0.655    -0.140     0.742
 8    -0.683    -0.309    -0.661
 9   114.765   -48.244   -32.069
 9     0.253     0.710     0.656
 9    -0.562     0.660    -0.498
 9    -0.787    -0.243     0.567
 2    96.624   -18.651    59.855
 2    -0.131    -0.991    -0.025
 2     0.989    -0.133     0.069
 2    -0.072    -0.016     0.997
 3   127.646    -1.799     1.947
 3     0.681    -0.576    -0.452
 3     0.296     0.781    -0.550
 3     0.669     0.241     0.703
 4   105.480    10.539    -7.871
 4     0.378    -0.769     0.516
 4     0.896     0.443     0.003
 4    -0.231     0.461     0.857
 5   109.454    25.089    15.590
 5     0.448     0.487     0.749
 5     0.782    -0.620    -0.066
 5     0.432     0.615    -0.659
 6   131.368    42.176    17.981
 6     0.792    -0.608    -0.055
 6     0.514     0.713    -0.477
 6     0.329     0.350     0.877
 7   103.855   -15.429    -5.800
 7     0.317     0.731     0.604
 7    -0.533     0.664    -0.524
 7    -0.784    -0.156     0.600
 8   113.708   -38.046    -5.773
 8     0.327    -0.941     0.093
 8    -0.650    -0.152     0.744
 8    -0.686    -0.303    -0.661
 9   115.201   -47.831   -32.186
 9     0.256     0.688     0.679
 9    -0.559     0.678    -0.476
 9    -0.788    -0.258     0.559
 2    96.624   -18.651    59.855
 2    -0.131    -0.991    -0.025
 2     0.989    -0.133     0.069
 2    -0.072    -0.016     0.997
 3   127.649    -1.747     1.943
 3     0.681    -0.577    -0.451
 3     0.296     0.780    -0.552
 3     0.670     0.242     0.701
 4   105.489    10.645    -7.831
 4     0.377    -0.771     0.514
 4     0.897     0.440     0.001
 4    -0.227     0.460     0.858
 5   109.307    24.947    15.714
 5     0.444     0.482     0.755
 5     0.779    -0.624    -0.061
 5     0.442     0.615    -0.653
 6   131.346    41.928    18.315
 6     0.792    -0.607    -0.069
 6     0.509     0.718    -0.475
 6     0.338     0.340     0.877
 7   103.994   -15.280    -5.863
 7     0.326     0.723     0.608
 7    -0.518     0.675    -0.525
 7    -0.791    -0.144     0.595
 8   114.546   -37.603    -6.224
 8     0.329    -0.942     0.060
 8    -0.647    -0.179     0.741
 8    -0.688    -0.283    -0.669
 9   116.203   -47.328   -32.824
 9     0.267     0.687     0.675
 9    -0.569     0.678    -0.465
 9    -0.778    -0.260     0.572
 2    96.624   -18.701    59.855
 2    -0.131    -0.991    -0.025
 2     0.989    -0.133     0.069
 2    -0.072    -0.016     0.997
 3   127.648    -1.567     2.037
 3     0.679    -0.583    -0.446
 3     0.297     0.773    -0.560
 3     0.671     0.248     0.698
 4   105.548    10.776    -7.791
 4     0.377    -0.772     0.511
 4     0.899     0.438    -0.001
 4    -0.223     0.460     0.859
 5   109.265    25.001    15.781
 5     0.442     0.481     0.756
 5     0.778    -0.625    -0.057
 5     0.445     0.614    -0.651
 6   131.280    42.007    18.481
 6     0.790    -0.609    -0.074
 6     0.508     0.718    -0.476
 6     0.342     0.338     0.876
 7   103.968   -15.161    -5.887
 7     0.327     0.717     0.616
 7    -0.507     0.683    -0.526
 7    -0.798    -0.140     0.586
 8   116.009   -36.575    -7.145
 8     0.322    -0.942    -0.096
 8    -0.625    -0.288     0.725
 8    -0.710    -0.174    -0.682
 9   116.415   -46.092   -33.923
 9     0.273     0.639     0.719
 9    -0.542     0.719    -0.434
 9    -0.794    -0.271     0.543
 2    96.574   -18.651    59.855
 2    -0.131    -0.991    -0.025
 2     0.989    -0.133     0.069
 2    -0.072    -0.016     0.997
 3   127.617    -1.493     2.063
 3     0.681    -0.586    -0.439
 3     0.296     0.768    -0.567
 3     0.670     0.256     0.697
 4   105.552    10.828    -7.772
 4     0.377    -0.772     0.511
 4     0.899     0.437    -0.004
 4    -0.221     0.461     0.859
 5   109.261    24.931    15.861
 5     0.444     0.477     0.758
 5     0.774    -0.631    -0.056
 5     0.452     0.612    -0.649
 6   131.311    41.813    18.857
 6     0.788    -0.609    -0.087
 6     0.504     0.720    -0.476
 6     0.353     0.331     0.875
 7   103.695   -15.061    -5.900
 7     0.313     0.705     0.635
 7    -0.488     0.694    -0.530
 7    -0.815    -0.144     0.562
 8   116.323   -35.951    -8.170
 8     0.318    -0.931    -0.181
 8    -0.587    -0.343     0.733
 8    -0.745    -0.127    -0.655
 9   115.799   -43.223   -35.767
 9     0.258     0.550     0.794
 9    -0.452     0.795    -0.404
 9    -0.854    -0.255     0.453
 2    96.623   -18.651    59.855
 2    -0.131    -0.991    -0.025
 2     0.989    -0.133     0.069
 2    -0.072    -0.015     0.997
 3   127.606    -1.497     2.047
 3     0.685    -0.586    -0.434
 3     0.294     0.766    -0.571
 3     0.667     0.263     0.697
 4   105.504    10.829    -7.724
 4     0.377    -0.772     0.512
 4     0.899     0.437    -0.005
 4    -0.220     0.462     0.859
 5   109.222    24.934    15.977
 5     0.444     0.473     0.760
 5     0.771    -0.635    -0.056
 5     0.456     0.611    -0.647
 6   131.227    41.826    19.401
 6     0.782    -0.614    -0.107
 6     0.502     0.723    -0.474
 6     0.368     0.317     0.874
 7   103.505   -15.022    -5.875
 7     0.304     0.696     0.650
 7    -0.480     0.702    -0.526
 7    -0.823    -0.152     0.547
 8   117.244   -35.048    -8.991
 8     0.336    -0.886    -0.319
 8    -0.532    -0.458     0.712
 8    -0.777    -0.070    -0.626
 9   115.781   -40.762   -37.148
 9     0.248     0.390     0.886
 9    -0.345     0.891    -0.296
 9    -0.905    -0.232     0.356
 2    96.573   -18.651    59.855
 2    -0.132    -0.991    -0.025
 2     0.988    -0.133     0.069
 2    -0.072    -0.015     0.997
 3   127.409    -1.505     2.015
 3     0.691    -0.585    -0.424
 3     0.291     0.763    -0.578
 3     0.661     0.275     0.697
 4   105.433    10.906    -7.680
 4     0.379    -0.770     0.514
 4     0.899     0.437    -0.009
 4    -0.218     0.465     0.858
 5   108.976    24.668    16.154
 5     0.450     0.457     0.766
 5     0.757    -0.651    -0.057
 5     0.473     0.606    -0.640
 6   131.203    41.209    20.096
 6     0.780    -0.609    -0.145
 6     0.487     0.735    -0.471
 6     0.393     0.296     0.870
 7   103.308   -15.023    -5.839
 7     0.302     0.689     0.658
 7    -0.479     0.707    -0.520
 7    -0.824    -0.159     0.544
 8   118.813   -33.859    -9.217
 8     0.380    -0.808    -0.450
