% Calibrated with leiden_pols
% Positions are in centimeters
Data =[
 2    96.625   -18.701    59.852
 2    -0.131    -0.991    -0.025
 2     0.989    -0.133     0.068
 2    -0.071    -0.015     0.997
 3   131.079    -1.280     4.472
 3     0.609    -0.593    -0.527
 3     0.274     0.781    -0.561
 3     0.744     0.197     0.638
 4   112.419    15.269    -4.373
 4     0.645    -0.713     0.276
 4     0.763     0.581    -0.282
 4     0.040     0.393     0.918
 5   113.042    24.025    20.641
 5     0.442    -0.171     0.881
 5     0.271    -0.911    -0.312
 5     0.855     0.376    -0.356
 6   131.947    23.602    43.442
 6     0.165    -0.064    -0.984
 6    -0.052     0.996    -0.074
 6     0.985     0.063     0.160
 7   113.530   -20.512    -2.683
 7     0.752     0.619     0.223
 7    -0.651     0.751     0.112
 7    -0.098    -0.230     0.968
 8   117.080   -26.859    24.814
 8     0.590     0.147     0.794
 8    -0.161    -0.942     0.294
 8     0.791    -0.301    -0.532
 9   134.468   -28.982    41.211
 9     0.451     0.219    -0.865
 9     0.013     0.968     0.252
 9     0.892    -0.125     0.433
 2    96.626   -18.650    59.852
 2    -0.131    -0.991    -0.024
 2     0.989    -0.133     0.068
 2    -0.071    -0.015     0.997
 3   131.026    -1.231     4.527
 3     0.610    -0.593    -0.526
 3     0.274     0.780    -0.562
 3     0.743     0.198     0.639
 4   112.424    15.271    -4.353
 4     0.644    -0.713     0.275
 4     0.763     0.581    -0.282
 4     0.042     0.392     0.919
 5   112.970    24.079    20.684
 5     0.440    -0.164     0.883
 5     0.272    -0.912    -0.305
 5     0.856     0.375    -0.357
 6   131.893    23.595    43.540
 6     0.164    -0.072    -0.984
 6    -0.056     0.995    -0.082
 6     0.985     0.068     0.160
 7   113.478   -20.462    -2.680
 7     0.752     0.619     0.224
 7    -0.651     0.751     0.112
 7    -0.099    -0.230     0.968
 8   117.080   -26.859    24.865
 8     0.590     0.147     0.794
 8    -0.161    -0.942     0.294
 8     0.791    -0.301    -0.533
 9   134.418   -29.059    41.262
 9     0.451     0.220    -0.865
 9     0.012     0.967     0.253
 9     0.892    -0.125     0.433
 2    96.623   -18.651    59.855
 2    -0.131    -0.991    -0.024
 2     0.989    -0.133     0.069
 2    -0.072    -0.015     0.997
 3   131.025    -1.231     4.552
 3     0.611    -0.593    -0.525
 3     0.274     0.780    -0.562
 3     0.743     0.199     0.639
 4   112.376    15.298    -4.305
 4     0.643    -0.714     0.275
 4     0.764     0.579    -0.283
 4     0.043     0.392     0.919
 5   112.964    24.029    20.636
 5     0.440    -0.160     0.884
 5     0.273    -0.914    -0.301
 5     0.855     0.374    -0.359
 6   131.925    23.693    43.452
 6     0.169    -0.081    -0.982
 6    -0.058     0.994    -0.093
 6     0.984     0.072     0.163
 7   113.480   -20.461    -2.632
 7     0.753     0.619     0.224
 7    -0.651     0.751     0.112
 7    -0.098    -0.230     0.968
 8   117.081   -26.859    24.814
 8     0.590     0.146     0.794
 8    -0.161    -0.943     0.293
 8     0.791    -0.300    -0.533
 9   134.463   -29.060    41.218
 9     0.452     0.221    -0.864
 9     0.013     0.967     0.254
 9     0.891    -0.126     0.435
 2    96.623   -18.651    59.855
 2    -0.131    -0.991    -0.025
 2     0.988    -0.133     0.069
 2    -0.072    -0.015     0.997
 3   130.967    -1.131     4.611
 3     0.612    -0.593    -0.523
 3     0.275     0.779    -0.563
 3     0.741     0.201     0.640
 4   112.432    15.300    -4.263
 4     0.643    -0.716     0.274
 4     0.765     0.578    -0.285
 4     0.046     0.392     0.918
 5   112.868    24.006    20.752
 5     0.440    -0.154     0.885
 5     0.271    -0.916    -0.294
 5     0.856     0.370    -0.362
 6   131.846    23.707    43.583
 6     0.172    -0.111    -0.979
 6    -0.065     0.990    -0.124
 6     0.983     0.085     0.163
 7   113.480   -20.461    -2.632
 7     0.753     0.619     0.224
 7    -0.651     0.751     0.113
 7    -0.098    -0.231     0.968
 8   117.084   -26.858    24.865
 8     0.590     0.139     0.795
 8    -0.162    -0.944     0.285
 8     0.791    -0.297    -0.535
 9   134.365   -29.061    41.220
 9     0.453     0.224    -0.863
 9     0.012     0.966     0.257
 9     0.891    -0.128     0.435
 2    96.623   -18.651    59.855
 2    -0.131    -0.991    -0.025
 2     0.989    -0.133     0.069
 2    -0.072    -0.015     0.997
 3   130.963    -1.107     4.564
 3     0.614    -0.593    -0.521
 3     0.275     0.779    -0.564
 3     0.740     0.203     0.641
 4   112.311    15.302    -4.269
 4     0.643    -0.715     0.273
 4     0.764     0.577    -0.288
 4     0.048     0.394     0.917
 5   112.866    23.956    20.746
 5     0.441    -0.148     0.885
 5     0.270    -0.919    -0.288
 5     0.856     0.366    -0.366
 6   131.828    23.752    43.390
 6     0.177    -0.130    -0.976
 6    -0.069     0.987    -0.144
 6     0.982     0.092     0.166
 7   113.428   -20.462    -2.680
 7     0.753     0.618     0.224
 7    -0.650     0.751     0.113
 7    -0.099    -0.231     0.968
 8   117.059   -26.858    24.814
 8     0.590     0.138     0.795
 8    -0.162    -0.945     0.284
 8     0.791    -0.297    -0.535
 9   134.411   -29.062    41.176
 9     0.455     0.226    -0.861
 9     0.012     0.965     0.260
 9     0.890    -0.129     0.436
 2    96.624   -18.651    59.855
 2    -0.131    -0.991    -0.025
 2     0.988    -0.133     0.069
 2    -0.072    -0.016     0.997
 3   130.960    -1.109     4.543
 3     0.615    -0.593    -0.520
 3     0.274     0.779    -0.564
 3     0.739     0.204     0.641
 4   112.365    15.354    -4.276
 4     0.643    -0.715     0.274
 4     0.764     0.575    -0.290
 4     0.050     0.396     0.917
 5   112.815    23.958    20.743
 5     0.440    -0.143     0.886
 5     0.271    -0.920    -0.283
 5     0.856     0.364    -0.367
 6   131.772    23.853    43.588
 6     0.174    -0.136    -0.975
 6    -0.069     0.986    -0.150
 6     0.982     0.094     0.162
 7   113.428   -20.461    -2.680
 7     0.753     0.618     0.225
 7    -0.650     0.751     0.114
 7    -0.099    -0.232     0.968
 8   117.060   -26.806    24.814
 8     0.590     0.138     0.795
 8    -0.161    -0.945     0.284
 8     0.791    -0.296    -0.536
 9   134.416   -29.061    41.169
 9     0.454     0.226    -0.861
 9     0.011     0.965     0.260
 9     0.891    -0.128     0.436
 2    96.624   -18.651    59.855
 2    -0.131    -0.991    -0.025
 2     0.988    -0.133     0.069
 2    -0.072    -0.016     0.997
 3   130.960    -1.134     4.492
 3     0.615    -0.593    -0.520
 3     0.274     0.779    -0.564
 3     0.739     0.204     0.641
 4   112.364    15.354    -4.327
 4     0.643    -0.715     0.275
 4     0.764     0.575    -0.292
 4     0.050     0.398     0.916
 5   112.869    23.862    20.607
 5     0.437    -0.135     0.889
 5     0.272    -0.923    -0.273
 5     0.857     0.361    -0.367
 6   131.804    23.796    43.524
 6     0.176    -0.151    -0.973
 6    -0.072     0.983    -0.165
 6     0.981     0.099     0.162
 7   113.429   -20.461    -2.730
 7     0.754     0.617     0.226
 7    -0.649     0.751     0.115
 7    -0.099    -0.234     0.967
 8   117.103   -26.775    24.767
 8     0.585     0.136     0.799
 8    -0.159    -0.947     0.277
 8     0.795    -0.289    -0.533
 9   134.416   -29.112    41.169
 9     0.454     0.228    -0.861
 9     0.011     0.965     0.261
 9     0.891    -0.128     0.436
 2    96.624   -18.651    59.855
 2    -0.131    -0.991    -0.025
 2     0.989    -0.133     0.069
 2    -0.072    -0.016     0.997
 3   131.009    -1.109     4.339
 3     0.615    -0.594    -0.519
 3     0.274     0.778    -0.565
 3     0.739     0.205     0.641
 4   112.368    15.356    -4.333
 4     0.642    -0.716     0.275
 4     0.764     0.574    -0.294
 4     0.052     0.398     0.916
 5   112.645    23.757    20.530
 5     0.415    -0.119     0.902
 5     0.287    -0.924    -0.254
 5     0.863     0.364    -0.350
