% Calibrated with leiden_pols
% Positions are in centimeters
Data =[
 2    96.624   -18.651    59.855
 2    -0.131    -0.991    -0.025
 2     0.989    -0.133     0.069
 2    -0.072    -0.016     0.997
 3   130.170    -2.046     4.921
 3     0.652    -0.592    -0.474
 3     0.330     0.784    -0.525
 3     0.682     0.185     0.707
 4   111.511    13.706    -5.525
 4     0.652    -0.691     0.311
 4     0.755     0.626    -0.194
 4    -0.061     0.362     0.930
 5   114.109    23.213    20.318
 5     0.570    -0.149     0.808
 5     0.297    -0.879    -0.372
 5     0.766     0.452    -0.458
 6   136.804    23.796    37.358
 6     0.672    -0.557    -0.488
 6    -0.225     0.474    -0.851
 6     0.705     0.682     0.194
 7   112.700   -20.902    -3.150
 7     0.725     0.625     0.288
 7    -0.670     0.736     0.090
 7    -0.156    -0.259     0.953
 8   114.593   -27.824    24.850
 8     0.650     0.157     0.743
 8    -0.144    -0.935     0.324
 8     0.746    -0.318    -0.586
 9   134.596   -30.587    37.960
 9     0.760     0.577    -0.297
 9     0.103     0.343     0.933
 9     0.641    -0.741     0.201
 2    96.624   -18.651    59.855
 2    -0.131    -0.991    -0.025
 2     0.989    -0.133     0.069
 2    -0.072    -0.016     0.997
 3   130.137    -2.007     4.952
 3     0.663    -0.591    -0.460
 3     0.327     0.781    -0.531
 3     0.673     0.201     0.711
 4   111.421    13.832    -5.543
 4     0.643    -0.696     0.320
 4     0.763     0.617    -0.190
 4    -0.065     0.366     0.928
 5   113.857    23.174    20.181
 5     0.560    -0.125     0.819
 5     0.312    -0.884    -0.348
 5     0.767     0.450    -0.456
 6   136.355    24.311    37.434
 6     0.654    -0.583    -0.481
 6    -0.205     0.475    -0.856
 6     0.728     0.658     0.191
 7   112.614   -20.858    -3.180
 7     0.721     0.627     0.294
 7    -0.673     0.734     0.086
 7    -0.162    -0.260     0.952
 8   114.368   -27.768    24.450
 8     0.640     0.172     0.748
 8    -0.140    -0.932     0.334
 8     0.755    -0.319    -0.573
 9   134.316   -30.567    37.989
 9     0.740     0.600    -0.303
 9     0.100     0.348     0.932
 9     0.665    -0.720     0.198
 2    96.624   -18.651    59.855
 2    -0.131    -0.991    -0.025
 2     0.989    -0.133     0.069
 2    -0.072    -0.016     0.997
 3   130.084    -2.008     4.905
 3     0.665    -0.588    -0.461
 3     0.326     0.783    -0.530
 3     0.672     0.202     0.712
 4   111.431    14.010    -5.422
 4     0.649    -0.693     0.315
 4     0.758     0.622    -0.195
 4    -0.062     0.365     0.929
 5   113.906    23.483    20.266
 5     0.555    -0.158     0.817
 5     0.293    -0.882    -0.370
 5     0.778     0.444    -0.443
 6   136.144    23.051    38.327
 6     0.612    -0.578    -0.540
 6    -0.267     0.492    -0.829
 6     0.745     0.651     0.146
 7   112.507   -20.760    -3.222
 7     0.720     0.627     0.294
 7    -0.674     0.734     0.083
 7    -0.165    -0.258     0.952
 8   114.492   -27.585    24.538
 8     0.640     0.194     0.743
 8    -0.127    -0.927     0.352
 8     0.757    -0.320    -0.569
 9   134.337   -30.458    38.291
 9     0.733     0.608    -0.306
 9     0.101     0.347     0.932
 9     0.672    -0.714     0.193
 2    96.624   -18.651    59.855
 2    -0.131    -0.991    -0.025
 2     0.988    -0.133     0.069
 2    -0.072    -0.016     0.997
 3   130.040    -1.880     4.897
 3     0.663    -0.589    -0.462
 3     0.325     0.782    -0.531
 3     0.674     0.202     0.710
 4   111.392    14.243    -5.313
 4     0.650    -0.692     0.313
 4     0.758     0.621    -0.201
 4    -0.056     0.368     0.928
 5   113.581    23.204    20.495
 5     0.537    -0.126     0.833
 5     0.303    -0.894    -0.331
 5     0.786     0.431    -0.442
 6   135.756    23.277    38.422
 6     0.639    -0.607    -0.472
 6    -0.250     0.417    -0.874
 6     0.727     0.677     0.115
 7   112.556   -20.581    -3.304
 7     0.723     0.626     0.292
 7    -0.671     0.737     0.082
 7    -0.164    -0.255     0.953
 8   114.248   -27.464    24.281
 8     0.628     0.171     0.759
 8    -0.149    -0.931     0.334
 8     0.764    -0.323    -0.559
 9   133.862   -30.866    38.431
 9     0.728     0.634    -0.261
 9     0.067     0.313     0.947
 9     0.683    -0.707     0.185
 2    96.624   -18.651    59.855
 2    -0.131    -0.991    -0.025
 2     0.989    -0.133     0.069
 2    -0.072    -0.016     0.997
 3   129.999    -1.538     4.850
 3     0.653    -0.596    -0.468
 3     0.322     0.777    -0.540
 3     0.685     0.202     0.700
 4   111.403    14.556    -5.239
 4     0.646    -0.695     0.318
 4     0.762     0.612    -0.212
 4    -0.048     0.379     0.924
 5   113.533    23.260    20.491
 5     0.533    -0.120     0.837
 5     0.310    -0.893    -0.325
 5     0.787     0.433    -0.439
 6   135.372    25.747    38.534
 6     0.655    -0.651    -0.383
 6    -0.162     0.374    -0.913
 6     0.738     0.660     0.139
 7   112.670   -20.266    -3.511
 7     0.731     0.620     0.284
 7    -0.664     0.742     0.088
 7    -0.156    -0.253     0.955
 8   114.376   -27.439    24.086
 8     0.624     0.151     0.766
 8    -0.184    -0.925     0.333
 8     0.759    -0.349    -0.549
 9   133.312   -32.758    38.120
 9     0.700     0.671    -0.242
 9    -0.016     0.354     0.935
 9     0.713    -0.651     0.258
 2    96.624   -18.651    59.855
 2    -0.131    -0.991    -0.025
 2     0.989    -0.133     0.069
 2    -0.072    -0.016     0.997
 3   130.064    -1.406     4.931
 3     0.650    -0.597    -0.470
 3     0.319     0.776    -0.544
 3     0.690     0.203     0.695
 4   111.459    14.689    -5.227
 4     0.641    -0.698     0.318
 4     0.766     0.606    -0.213
 4    -0.044     0.380     0.923
 5   113.027    23.154    20.501
 5     0.512    -0.056     0.857
 5     0.352    -0.896    -0.269
 5     0.783     0.440    -0.439
 6   134.181    28.334    38.089
 6     0.688    -0.693    -0.216
 6    -0.045     0.257    -0.965
 6     0.725     0.673     0.145
 7   112.795   -20.034    -3.670
 7     0.735     0.616     0.280
 7    -0.660     0.746     0.088
 7    -0.155    -0.250     0.956
 8   114.433   -27.060    24.110
 8     0.629     0.056     0.775
 8    -0.259    -0.925     0.278
 8     0.732    -0.376    -0.568
 9   132.513   -35.868    37.378
 9     0.680     0.727    -0.092
 9    -0.164     0.273     0.948
 9     0.714    -0.630     0.305
 2    96.624   -18.651    59.855
 2    -0.131    -0.991    -0.025
 2     0.989    -0.133     0.069
 2    -0.072    -0.016     0.997
 3   130.023    -1.277     4.917
 3     0.648    -0.599    -0.471
 3     0.316     0.774    -0.548
 3     0.693     0.206     0.691
 4   111.340    14.795    -5.523
 4     0.618    -0.717     0.323
 4     0.785     0.587    -0.198
 4    -0.048     0.376     0.925
 5   112.517    22.994    20.251
 5     0.492     0.024     0.870
 5     0.399    -0.894    -0.201
 5     0.773     0.446    -0.450
 6   133.262    31.379    37.352
 6     0.704    -0.703    -0.096
 6     0.051     0.185    -0.981
 6     0.708     0.686     0.166
 7   112.663   -19.784    -3.793
 7     0.734     0.620     0.277
 7    -0.661     0.746     0.081
 7    -0.157    -0.243     0.957
 8   114.535   -27.572    24.069
 8     0.628    -0.099     0.771
 8    -0.376    -0.907     0.190
 8     0.681    -0.410    -0.607
 9   131.148   -39.858    35.982
 9     0.644     0.764     0.029
 9    -0.305     0.222     0.926
 9     0.701    -0.606     0.376
 2    96.624   -18.651    59.855
 2    -0.131    -0.991    -0.025
 2     0.989    -0.133     0.069
 2    -0.072    -0.016     0.997
 3   129.973    -1.226     4.917
 3     0.648    -0.599    -0.471
 3     0.317     0.774    -0.548
 3     0.693     0.206     0.691
 4   111.145    14.616    -5.734
 4     0.604    -0.726     0.329
 4     0.794     0.578    -0.186
 4    -0.055     0.374     0.926
 5   111.960    23.119    20.022
 5     0.476     0.081     0.875
 5     0.448    -0.879    -0.163
 5     0.756     0.470    -0.455
