% Calibrated with leiden_pols
% Positions are in centimeters
Data =[
 2    96.624   -18.651    59.855
 2    -0.131    -0.991    -0.025
 2     0.989    -0.133     0.069
 2    -0.072    -0.016     0.997
 3   130.170    -2.046     4.921
 3     0.652    -0.592    -0.474
 3     0.330     0.784    -0.525
 3     0.682     0.185     0.707
 4   111.511    13.706    -5.525
 4     0.652    -0.691     0.311
 4     0.755     0.626    -0.194
 4    -0.061     0.362     0.930
 5   114.109    23.213    20.318
 5     0.570    -0.149     0.808
 5     0.297    -0.879    -0.372
 5     0.766     0.452    -0.458
 6   136.804    23.796    37.358
 6     0.672    -0.557    -0.488
 6    -0.225     0.474    -0.851
 6     0.705     0.682     0.194
 7   112.700   -20.902    -3.150
 7     0.725     0.625     0.288
 7    -0.670     0.736     0.090
 7    -0.156    -0.259     0.953
 8   114.593   -27.824    24.850
 8     0.650     0.157     0.743
 8    -0.144    -0.935     0.324
 8     0.746    -0.318    -0.586
 9   134.596   -30.587    37.960
 9     0.760     0.577    -0.297
 9     0.103     0.343     0.933
 9     0.641    -0.741     0.201
 2    96.624   -18.651    59.855
 2    -0.131    -0.991    -0.025
 2     0.989    -0.133     0.069
 2    -0.072    -0.016     0.997
 3   130.137    -2.007     4.952
 3     0.663    -0.591    -0.460
 3     0.327     0.781    -0.531
 3     0.673     0.201     0.711
 4   111.421    13.832    -5.543
 4     0.643    -0.696     0.320
 4     0.763     0.617    -0.190
 4    -0.065     0.366     0.928
 5   113.857    23.174    20.181
 5     0.560    -0.125     0.819
 5     0.312    -0.884    -0.348
 5     0.767     0.450    -0.456
 6   136.355    24.311    37.434
 6     0.654    -0.583    -0.481
 6    -0.205     0.475    -0.856
 6     0.728     0.658     0.191
 7   112.614   -20.858    -3.180
 7     0.721     0.627     0.294
 7    -0.673     0.734     0.086
 7    -0.162    -0.260     0.952
 8   114.368   -27.768    24.450
 8     0.640     0.172     0.748
 8    -0.140    -0.932     0.334
 8     0.755    -0.319    -0.573
 9   134.316   -30.567    37.989
 9     0.740     0.600    -0.303
 9     0.100     0.348     0.932
 9     0.665    -0.720     0.198
 2    96.624   -18.651    59.855
 2    -0.131    -0.991    -0.025
 2     0.989    -0.133     0.069
 2    -0.072    -0.016     0.997
 3   130.084    -2.008     4.905
 3     0.665    -0.588    -0.461
 3     0.326     0.783    -0.530
 3     0.672     0.202     0.712
 4   111.431    14.010    -5.422
 4     0.649    -0.693     0.315
 4     0.758     0.622    -0.195
 4    -0.062     0.365     0.929
 5   113.906    23.483    20.266
 5     0.555    -0.158     0.817
 5     0.293    -0.882    -0.370
 5     0.778     0.444    -0.443
 6   136.144    23.051    38.327
 6     0.612    -0.578    -0.540
 6    -0.267     0.492    -0.829
 6     0.745     0.651     0.146
 7   112.507   -20.760    -3.222
 7     0.720     0.627     0.294
 7    -0.674     0.734     0.083
 7    -0.165    -0.258     0.952
 8   114.492   -27.585    24.538
 8     0.640     0.194     0.743
 8    -0.127    -0.927     0.352
 8     0.757    -0.320    -0.569
 9   134.337   -30.458    38.291
 9     0.733     0.608    -0.306
 9     0.101     0.347     0.932
 9     0.672    -0.714     0.193
 2    96.624   -18.651    59.855
 2    -0.131    -0.991    -0.025
 2     0.988    -0.133     0.069
 2    -0.072    -0.016     0.997
 3   130.040    -1.880     4.897
 3     0.663    -0.589    -0.462
 3     0.325     0.782    -0.531
 3     0.674     0.202     0.710
 4   111.392    14.243    -5.313
 4     0.650    -0.692     0.313
 4     0.758     0.621    -0.201
 4    -0.056     0.368     0.928
 5   113.581    23.204    20.495
 5     0.537    -0.126     0.833
 5     0.303    -0.894    -0.331
 5     0.786     0.431    -0.442
 6   135.756    23.277    38.422
 6     0.639    -0.607    -0.472
 6    -0.250     0.417    -0.874
 6     0.727     0.677     0.115
 7   112.556   -20.581    -3.304
 7     0.723     0.626     0.292
 7    -0.671     0.737     0.082
 7    -0.164    -0.255     0.953
 8   114.248   -27.464    24.281
 8     0.628     0.171     0.759
 8    -0.149    -0.931     0.334
 8     0.764    -0.323    -0.559
 9   133.862   -30.866    38.431
 9     0.728     0.634    -0.261
 9     0.067     0.313     0.947
 9     0.683    -0.707     0.185
 2    96.624   -18.651    59.855
 2    -0.131    -0.991    -0.025
 2     0.989    -0.133     0.069
 2    -0.072    -0.016     0.997
 3   129.999    -1.538     4.850
 3     0.653    -0.596    -0.468
 3     0.322     0.777    -0.540
 3     0.685     0.202     0.700
 4   111.403    14.556    -5.239
 4     0.646    -0.695     0.318
 4     0.762     0.612    -0.212
 4    -0.048     0.379     0.924
 5   113.533    23.260    20.491
 5     0.533    -0.120     0.837
 5     0.310    -0.893    -0.325
 5     0.787     0.433    -0.439
 6   135.372    25.747    38.534
 6     0.655    -0.651    -0.383
 6    -0.162     0.374    -0.913
 6     0.738     0.660     0.139
 7   112.670   -20.266    -3.511
 7     0.731     0.620     0.284
 7    -0.664     0.742     0.088
 7    -0.156    -0.253     0.955
 8   114.376   -27.439    24.086
 8     0.624     0.151     0.766
 8    -0.184    -0.925     0.333
 8     0.759    -0.349    -0.549
 9   133.312   -32.758    38.120
 9     0.700     0.671    -0.242
 9    -0.016     0.354     0.935
 9     0.713    -0.651     0.258
 2    96.624   -18.651    59.855
 2    -0.131    -0.991    -0.025
 2     0.989    -0.133     0.069
 2    -0.072    -0.016     0.997
 3   130.064    -1.406     4.931
 3     0.650    -0.597    -0.470
 3     0.319     0.776    -0.544
 3     0.690     0.203     0.695
 4   111.459    14.689    -5.227
 4     0.641    -0.698     0.318
 4     0.766     0.606    -0.213
 4    -0.044     0.380     0.923
 5   113.027    23.154    20.501
 5     0.512    -0.056     0.857
 5     0.352    -0.896    -0.269
 5     0.783     0.440    -0.439
 6   134.181    28.334    38.089
 6     0.688    -0.693    -0.216
 6    -0.045     0.257    -0.965
 6     0.725     0.673     0.145
 7   112.795   -20.034    -3.670
 7     0.735     0.616     0.280
 7    -0.660     0.746     0.088
 7    -0.155    -0.250     0.956
 8   114.433   -27.060    24.110
 8     0.629     0.056     0.775
 8    -0.259    -0.925     0.278
 8     0.732    -0.376    -0.568
 9   132.513   -35.868    37.378
 9     0.680     0.727    -0.092
 9    -0.164     0.273     0.948
 9     0.714    -0.630     0.305
 2    96.624   -18.651    59.855
 2    -0.131    -0.991    -0.025
 2     0.989    -0.133     0.069
 2    -0.072    -0.016     0.997
 3   130.023    -1.277     4.917
 3     0.648    -0.599    -0.471
 3     0.316     0.774    -0.548
 3     0.693     0.206     0.691
 4   111.340    14.795    -5.523
 4     0.618    -0.717     0.323
 4     0.785     0.587    -0.198
 4    -0.048     0.376     0.925
 5   112.517    22.994    20.251
 5     0.492     0.024     0.870
 5     0.399    -0.894    -0.201
 5     0.773     0.446    -0.450
 6   133.262    31.379    37.352
 6     0.704    -0.703    -0.096
 6     0.051     0.185    -0.981
 6     0.708     0.686     0.166
 7   112.663   -19.784    -3.793
 7     0.734     0.620     0.277
 7    -0.661     0.746     0.081
 7    -0.157    -0.243     0.957
 8   114.535   -27.572    24.069
 8     0.628    -0.099     0.771
 8    -0.376    -0.907     0.190
 8     0.681    -0.410    -0.607
 9   131.148   -39.858    35.982
 9     0.644     0.764     0.029
 9    -0.305     0.222     0.926
 9     0.701    -0.606     0.376
 2    96.624   -18.651    59.855
 2    -0.131    -0.991    -0.025
 2     0.989    -0.133     0.069
 2    -0.072    -0.016     0.997
 3   129.973    -1.226     4.917
 3     0.648    -0.599    -0.471
 3     0.317     0.774    -0.548
 3     0.693     0.206     0.691
 4   111.145    14.616    -5.734
 4     0.604    -0.726     0.329
 4     0.794     0.578    -0.186
 4    -0.055     0.374     0.926
 5   111.960    23.119    20.022
 5     0.476     0.081     0.875
 5     0.448    -0.879    -0.163
 5     0.756     0.470    -0.455
 6   132.215    33.552    36.458
 6     0.708    -0.706    -0.011
 6     0.127     0.142    -0.982
 6     0.694     0.693     0.190
 7   112.492   -19.693    -3.872
 7     0.730     0.624     0.277
 7    -0.663     0.745     0.067
 7    -0.165    -0.233     0.958
 8   114.484   -27.992    23.924
 8     0.612    -0.210     0.762
 8    -0.467    -0.874     0.134
 8     0.638    -0.438    -0.633
 9   129.941   -42.743    34.667
 9     0.610     0.781     0.128
 9    -0.404     0.169     0.899
 9     0.681    -0.601     0.419
 2    96.623   -18.650    59.855
 2    -0.132    -0.991    -0.025
 2     0.988    -0.133     0.069
 2    -0.072    -0.016     0.997
 3   129.870    -1.278     4.921
 3     0.648    -0.598    -0.472
 3     0.317     0.775    -0.547
 3     0.692     0.205     0.692
 4   110.855    14.391    -5.802
 4     0.584    -0.740     0.333
 4     0.809     0.561    -0.174
 4    -0.059     0.371     0.926
 5   111.471    23.194    19.820
 5     0.458     0.146     0.877
 5     0.497    -0.860    -0.117
 5     0.737     0.490    -0.466
 6   131.126    35.574    35.846
 6     0.700    -0.712     0.050
 6     0.189     0.118    -0.975
 6     0.688     0.692     0.218
 7   112.418   -19.695    -3.772
 7     0.726     0.629     0.275
 7    -0.667     0.742     0.063
 7    -0.164    -0.229     0.959
 8   114.394   -28.735    23.753
 8     0.585    -0.301     0.753
 8    -0.546    -0.833     0.092
 8     0.599    -0.465    -0.652
 9   128.575   -45.395    33.547
 9     0.572     0.797     0.193
 9    -0.485     0.138     0.863
 9     0.661    -0.588     0.466
 2    96.624   -18.651    59.855
 2    -0.131    -0.991    -0.025
 2     0.988    -0.133     0.069
 2    -0.072    -0.016     0.997
 3   129.845    -1.227     4.871
 3     0.648    -0.598    -0.471
 3     0.318     0.775    -0.546
 3     0.692     0.204     0.693
 4   110.581    14.265    -5.836
 4     0.562    -0.754     0.339
 4     0.824     0.544    -0.158
 4    -0.066     0.368     0.927
 5   110.695    23.373    19.677
 5     0.421     0.217     0.880
 5     0.556    -0.829    -0.062
 5     0.716     0.515    -0.470
 6   129.741    37.818    34.932
 6     0.689    -0.716     0.108
 6     0.260     0.105    -0.960
 6     0.676     0.689     0.259
 7   112.321   -19.800    -3.722
 7     0.719     0.639     0.271
 7    -0.675     0.735     0.057
 7    -0.163    -0.225     0.960
 8   113.915   -30.269    23.030
 8     0.557    -0.318     0.767
 8    -0.606    -0.787     0.114
 8     0.568    -0.528    -0.631
 9   127.149   -48.360    31.572
 9     0.515     0.847     0.130
 9    -0.559     0.217     0.800
 9     0.650    -0.485     0.585
 2    96.573   -18.651    59.855
 2    -0.132    -0.991    -0.025
 2     0.988    -0.133     0.069
 2    -0.072    -0.016     0.997
 3   129.800    -1.276     4.817
 3     0.646    -0.598    -0.475
 3     0.319     0.776    -0.544
 3     0.693     0.200     0.692
 4   110.161    13.987    -5.822
 4     0.541    -0.767     0.344
 4     0.838     0.527    -0.143
 4    -0.072     0.366     0.928
 5   110.132    23.476    19.542
 5     0.390     0.283     0.876
 5     0.602    -0.799    -0.010
 5     0.697     0.531    -0.483
 6   128.437    39.777    34.003
 6     0.677    -0.714     0.175
 6     0.326     0.078    -0.942
 6     0.659     0.695     0.285
 7   112.126   -19.892    -3.619
 7     0.707     0.653     0.269
 7    -0.686     0.727     0.039
 7    -0.171    -0.212     0.962
 8   113.450   -31.699    22.229
 8     0.533    -0.341     0.774
 8    -0.660    -0.740     0.129
 8     0.529    -0.580    -0.620
 9   126.233   -50.580    29.743
 9     0.484     0.869     0.105
 9    -0.614     0.251     0.748
 9     0.623    -0.427     0.655
 2    96.623   -18.701    59.855
 2    -0.131    -0.991    -0.025
 2     0.989    -0.133     0.069
 2    -0.072    -0.015     0.997
 3   129.683    -1.223     4.735
 3     0.643    -0.597    -0.479
 3     0.320     0.778    -0.540
 3     0.695     0.194     0.692
 4   109.721    13.805    -5.969
 4     0.518    -0.777     0.357
 4     0.851     0.510    -0.125
 4    -0.085     0.369     0.925
 5   109.788    23.515    19.345
 5     0.373     0.332     0.866
 5     0.638    -0.770     0.021
 5     0.674     0.545    -0.499
 6   127.260    41.247    33.177
 6     0.667    -0.708     0.232
 6     0.378     0.054    -0.924
 6     0.641     0.704     0.304
 7   111.791   -19.785    -3.705
 7     0.696     0.665     0.268
 7    -0.693     0.721     0.013
 7    -0.185    -0.195     0.963
 8   113.189   -32.880    21.234
 8     0.507    -0.393     0.767
 8    -0.721    -0.682     0.126
 8     0.473    -0.617    -0.629
 9   125.127   -52.916    27.136
 9     0.456     0.881     0.122
 9    -0.679     0.256     0.688
 9     0.575    -0.397     0.715
 2    96.624   -18.701    59.855
 2    -0.131    -0.991    -0.025
 2     0.989    -0.133     0.069
 2    -0.072    -0.016     0.997
 3   129.517    -1.271     4.576
 3     0.640    -0.596    -0.485
 3     0.321     0.781    -0.535
 3     0.697     0.187     0.692
 4   109.210    13.547    -6.119
 4     0.496    -0.786     0.369
 4     0.863     0.493    -0.109
 4    -0.097     0.373     0.923
 5   109.356    23.702    19.026
 5     0.356     0.385     0.851
 5     0.674    -0.737     0.051
 5     0.647     0.555    -0.522
 6   126.242    42.801    31.769
 6     0.668    -0.676     0.310
 6     0.433     0.014    -0.901
 6     0.604     0.736     0.302
 7   111.286   -19.640    -3.766
 7     0.677     0.686     0.265
 7    -0.706     0.707    -0.028
 7    -0.207    -0.169     0.964
 8   112.618   -34.163    20.352
 8     0.481    -0.439     0.759
 8    -0.774    -0.618     0.134
 8     0.411    -0.652    -0.638
 9   123.688   -55.406    24.181
 9     0.429     0.888     0.163
 9    -0.740     0.243     0.627
 9     0.517    -0.390     0.761
 2    96.623   -18.701    59.855
 2    -0.131    -0.991    -0.025
 2     0.989    -0.133     0.069
 2    -0.072    -0.015     0.997
 3   129.347    -1.219     4.447
 3     0.638    -0.595    -0.488
 3     0.324     0.783    -0.531
 3     0.698     0.181     0.693
 4   108.601    13.266    -6.199
 4     0.471    -0.795     0.382
 4     0.875     0.474    -0.094
 4    -0.107     0.378     0.919
 5   109.027    23.915    18.804
 5     0.341     0.436     0.833
 5     0.706    -0.703     0.078
 5     0.620     0.561    -0.548
 6   125.119    44.202    30.764
 6     0.666    -0.635     0.391
 6     0.487    -0.028    -0.873
 6     0.565     0.772     0.290
 7   110.683   -19.549    -3.866
 7     0.654     0.707     0.270
 7    -0.721     0.690    -0.063
 7    -0.231    -0.154     0.961
 8   111.918   -35.242    19.428
 8     0.453    -0.506     0.734
 8    -0.825    -0.549     0.131
 8     0.337    -0.665    -0.667
 9   121.885   -57.369    21.324
 9     0.404     0.885     0.231
 9    -0.799     0.219     0.560
 9     0.445    -0.411     0.795
 2    96.573   -18.651    59.855
 2    -0.131    -0.991    -0.025
 2     0.988    -0.133     0.069
 2    -0.072    -0.016     0.997
 3   129.121    -1.219     4.225
 3     0.638    -0.593    -0.491
 3     0.327     0.786    -0.525
 3     0.697     0.174     0.695
 4   108.086    12.954    -6.421
 4     0.453    -0.799     0.395
 4     0.883     0.462    -0.078
 4    -0.121     0.384     0.915
 5   108.749    23.904    18.407
 5     0.329     0.475     0.816
 5     0.730    -0.676     0.099
 5     0.599     0.563    -0.569
 6   123.970    45.246    29.580
 6     0.659    -0.586     0.472
 6     0.540    -0.069    -0.839
 6     0.524     0.808     0.270
 7   110.086   -19.416    -4.041
 7     0.625     0.729     0.276
 7    -0.734     0.670    -0.107
 7    -0.263    -0.136     0.955
 8   111.232   -36.112    18.507
 8     0.426    -0.563     0.708
 8    -0.865    -0.484     0.135
 8     0.267    -0.670    -0.693
 9   119.888   -59.018    18.514
 9     0.372     0.877     0.303
 9    -0.847     0.187     0.498
 9     0.380    -0.442     0.812
 2    96.624   -18.651    59.855
 2    -0.131    -0.991    -0.025
 2     0.988    -0.133     0.069
 2    -0.072    -0.016     0.997
 3   128.991    -1.272     4.056
 3     0.639    -0.593    -0.491
 3     0.329     0.787    -0.521
 3     0.695     0.171     0.698
 4   107.552    12.544    -6.675
 4     0.432    -0.806     0.406
 4     0.892     0.447    -0.061
 4    -0.132     0.388     0.912
 5   108.395    23.940    18.061
 5     0.320     0.511     0.797
 5     0.751    -0.650     0.114
 5     0.577     0.563    -0.592
 6   123.208    45.935    28.663
 6     0.654    -0.552     0.517
 6     0.576    -0.080    -0.814
 6     0.490     0.829     0.266
 7   109.445   -19.179    -4.172
 7     0.599     0.749     0.282
 7    -0.744     0.651    -0.147
 7    -0.293    -0.122     0.948
 8   110.522   -36.829    17.590
 8     0.397    -0.617     0.679
 8    -0.897    -0.418     0.144
 8     0.194    -0.667    -0.720
 9   117.774   -60.285    15.699
 9     0.338     0.852     0.399
 9    -0.889     0.150     0.433
 9     0.309    -0.501     0.808
 2    96.623   -18.650    59.855
 2    -0.132    -0.991    -0.025
 2     0.988    -0.133     0.069
 2    -0.072    -0.016     0.997
 3   128.643    -1.330     3.779
 3     0.645    -0.592    -0.483
 3     0.333     0.787    -0.519
 3     0.688     0.173     0.705
 4   106.966    12.236    -6.855
 4     0.411    -0.810     0.418
 4     0.900     0.433    -0.047
 4    -0.143     0.395     0.907
 5   108.036    23.929    17.750
 5     0.315     0.538     0.782
 5     0.766    -0.630     0.125
 5     0.560     0.560    -0.610
 6   122.737    46.224    27.334
 6     0.664    -0.503     0.554
 6     0.604    -0.075    -0.793
 6     0.440     0.861     0.254
 7   108.488   -18.780    -4.388
 7     0.560     0.773     0.296
 7    -0.758     0.623    -0.193
 7    -0.333    -0.117     0.935
 8   109.950   -37.178    16.704
 8     0.382    -0.666     0.640
 8    -0.916    -0.366     0.165
 8     0.124    -0.649    -0.750
 9   115.886   -61.105    13.127
 9     0.316     0.786     0.530
 9    -0.919     0.115     0.377
 9     0.235    -0.607     0.759
 2    96.624   -18.651    59.855
 2    -0.131    -0.991    -0.025
 2     0.988    -0.133     0.069
 2    -0.072    -0.016     0.997
 3   128.483    -1.367     3.460
 3     0.655    -0.589    -0.473
 3     0.333     0.786    -0.520
 3     0.678     0.183     0.711
 4   106.774    12.056    -6.947
 4     0.401    -0.811     0.425
 4     0.904     0.425    -0.042
 4    -0.148     0.401     0.904
 5   107.961    23.926    17.691
 5     0.311     0.550     0.775
 5     0.773    -0.621     0.131
 5     0.553     0.558    -0.618
 6   122.212    46.507    27.138
 6     0.662    -0.463     0.589
 6     0.628    -0.086    -0.773
 6     0.408     0.882     0.234
 7   107.803   -18.518    -4.512
 7     0.529     0.792     0.304
 7    -0.767     0.600    -0.226
 7    -0.362    -0.114     0.925
 8   109.993   -37.633    15.991
 8     0.350    -0.748     0.563
 8    -0.936    -0.301     0.182
 8     0.033    -0.591    -0.806
 9   114.135   -61.652    10.468
 9     0.289     0.669     0.684
 9    -0.947     0.094     0.309
 9     0.142    -0.737     0.661
 2    96.573   -18.651    59.855
 2    -0.131    -0.991    -0.025
 2     0.988    -0.133     0.069
 2    -0.072    -0.016     0.997
 3   128.342    -1.374     3.301
 3     0.660    -0.588    -0.468
 3     0.333     0.786    -0.519
 3     0.673     0.186     0.715
 4   106.430    11.878    -7.015
 4     0.387    -0.813     0.434
 4     0.909     0.415    -0.033
 4    -0.153     0.408     0.900
 5   107.840    23.915    17.498
 5     0.311     0.568     0.762
 5     0.782    -0.608     0.133
 5     0.539     0.554    -0.634
 6   122.188    46.601    26.176
 6     0.671    -0.429     0.605
 6     0.642    -0.072    -0.763
 6     0.371     0.900     0.227
 7   107.293   -18.334    -4.656
 7     0.497     0.808     0.315
 7    -0.774     0.578    -0.260
 7    -0.392    -0.115     0.913
 8   110.008   -38.323    14.910
 8     0.329    -0.804     0.496
 8    -0.942    -0.243     0.231
 8    -0.065    -0.543    -0.837
 9   112.772   -62.403     7.434
 9     0.260     0.560     0.786
 9    -0.964     0.108     0.241
 9     0.050    -0.821     0.569
 2    96.573   -18.651    59.855
 2    -0.131    -0.991    -0.025
 2     0.988    -0.133     0.069
 2    -0.072    -0.016     0.997
 3   128.275    -1.430     3.141
 3     0.665    -0.586    -0.463
 3     0.333     0.787    -0.519
 3     0.668     0.191     0.719
 4   106.360    11.719    -7.147
 4     0.385    -0.812     0.440
 4     0.909     0.416    -0.028
 4    -0.161     0.410     0.897
 5   107.882    24.135    17.351
 5     0.309     0.577     0.756
 5     0.790    -0.598     0.133
 5     0.529     0.557    -0.641
 6   122.141    47.029    25.510
 6     0.676    -0.395     0.622
 6     0.656    -0.062    -0.752
 6     0.336     0.917     0.217
 7   106.727   -18.189    -4.763
 7     0.461     0.816     0.348
 7    -0.771     0.563    -0.298
 7    -0.439    -0.131     0.889
 8   110.414   -39.340    13.095
 8     0.318    -0.847     0.425
 8    -0.933    -0.202     0.297
 8    -0.166    -0.491    -0.855
 9   112.493   -62.736     3.282
 9     0.253     0.441     0.861
 9    -0.965     0.182     0.190
 9    -0.073    -0.879     0.471
 2    96.573   -18.651    59.855
 2    -0.131    -0.991    -0.025
 2     0.988    -0.133     0.069
 2    -0.072    -0.015     0.997
 3   128.150    -1.611     2.866
 3     0.668    -0.580    -0.466
 3     0.328     0.792    -0.514
 3     0.667     0.191     0.720
 4   106.088    11.359    -7.256
 4     0.378    -0.810     0.449
 4     0.910     0.413    -0.021
 4    -0.169     0.417     0.893
 5   107.929    23.934    17.149
 5     0.329     0.583     0.743
 5     0.794    -0.596     0.116
 5     0.510     0.552    -0.659
 6   122.716    46.702    24.404
 6     0.698    -0.343     0.629
 6     0.657    -0.043    -0.753
 6     0.285     0.938     0.195
 7   106.258   -17.870    -5.008
 7     0.436     0.816     0.379
 7    -0.753     0.562    -0.344
 7    -0.493    -0.135     0.859
 8   111.122   -39.977    10.885
 8     0.302    -0.890     0.343
 8    -0.914    -0.169     0.367
 8    -0.269    -0.425    -0.865
 9   111.971   -62.820    -1.401
 9     0.225     0.267     0.937
 9    -0.952     0.264     0.154
 9    -0.207    -0.927     0.314
 2    96.623   -18.650    59.855
 2    -0.132    -0.991    -0.025
 2     0.989    -0.133     0.069
 2    -0.072    -0.016     0.997
 3   128.047    -1.664     2.692
 3     0.670    -0.578    -0.465
 3     0.327     0.793    -0.514
 3     0.666     0.192     0.721
 4   105.765    11.228    -7.369
 4     0.367    -0.809     0.459
 4     0.913     0.407    -0.014
 4    -0.176     0.424     0.888
 5   107.959    24.045    16.984
 5     0.340     0.593     0.729
 5     0.800    -0.590     0.108
 5     0.495     0.547    -0.676
 6   123.064    46.740    23.291
 6     0.718    -0.267     0.643
 6     0.662    -0.023    -0.749
 6     0.215     0.963     0.161
 7   105.691   -17.503    -5.165
 7     0.406     0.814     0.414
 7    -0.732     0.561    -0.387
 7    -0.547    -0.146     0.824
 8   111.687   -40.245     8.709
 8     0.266    -0.932     0.247
 8    -0.896    -0.145     0.418
 8    -0.354    -0.333    -0.874
 9   111.087   -62.406    -5.466
 9     0.180     0.094     0.979
 9    -0.932     0.334     0.140
 9    -0.314    -0.938     0.148
 2    96.624   -18.651    59.855
 2    -0.131    -0.991    -0.025
 2     0.988    -0.133     0.069
 2    -0.072    -0.016     0.997
 3   127.868    -1.667     2.388
 3     0.673    -0.577    -0.463
 3     0.323     0.793    -0.517
 3     0.665     0.198     0.720
 4   105.420    11.124    -7.409
 4     0.357    -0.808     0.468
 4     0.916     0.401    -0.007
 4    -0.182     0.431     0.883
 5   107.960    24.208    16.897
 5     0.346     0.608     0.714
 5     0.807    -0.582     0.104
 5     0.479     0.540    -0.692
 6   123.348    46.625    22.046
 6     0.737    -0.196     0.646
 6     0.659     0.000    -0.752
 6     0.146     0.980     0.129
 7   105.239   -17.103    -5.339
 7     0.380     0.808     0.450
 7    -0.709     0.567    -0.419
 7    -0.594    -0.160     0.788
 8   112.096   -40.267     7.001
 8     0.242    -0.955     0.168
 8    -0.879    -0.143     0.455
 8    -0.411    -0.259    -0.874
 9   110.681   -61.822    -8.623
 9     0.148    -0.061     0.987
 9    -0.903     0.399     0.160
 9    -0.403    -0.915     0.004
 2    96.623   -18.650    59.855
 2    -0.132    -0.991    -0.025
 2     0.988    -0.133     0.069
 2    -0.072    -0.016     0.997
 3   127.695    -1.566     2.254
 3     0.674    -0.576    -0.462
 3     0.319     0.792    -0.521
 3     0.666     0.204     0.718
 4   105.054    11.098    -7.356
 4     0.346    -0.807     0.479
 4     0.920     0.392    -0.004
 4    -0.185     0.442     0.878
 5   107.930    24.243    17.024
 5     0.365     0.612     0.701
 5     0.805    -0.586     0.093
 5     0.468     0.531    -0.707
 6   123.851    46.339    21.280
 6     0.757    -0.119     0.642
 6     0.648     0.009    -0.762
 6     0.085     0.993     0.084
 7   104.915   -16.840    -5.375
 7     0.361     0.796     0.485
 7    -0.688     0.579    -0.438
 7    -0.629    -0.176     0.757
 8   112.740   -40.146     5.522
 8     0.247    -0.965     0.087
 8    -0.855    -0.175     0.488
 8    -0.456    -0.195    -0.868
 9   111.130   -60.801   -11.449
 9     0.143    -0.209     0.967
 9    -0.857     0.462     0.227
 9    -0.494    -0.862    -0.113
 2    96.574   -18.651    59.855
 2    -0.131    -0.991    -0.025
 2     0.989    -0.133     0.069
 2    -0.072    -0.016     0.997
 3   127.558    -1.444     2.084
 3     0.678    -0.577    -0.456
 3     0.316     0.789    -0.527
 3     0.663     0.213     0.717
 4   104.685    10.997    -7.353
 4     0.331    -0.806     0.491
 4     0.924     0.381     0.002
 4    -0.189     0.453     0.871
 5   107.931    24.270    17.019
 5     0.389     0.616     0.685
 5     0.804    -0.590     0.074
 5     0.450     0.521    -0.725
 6   124.721    45.586    19.433
 6     0.791    -0.041     0.609
 6     0.611     0.054    -0.790
 6    -0.001     0.997     0.068
 7   104.734   -16.574    -5.566
 7     0.349     0.779     0.520
 7    -0.661     0.598    -0.453
 7    -0.664    -0.186     0.724
 8   113.355   -40.014     3.835
 8     0.258    -0.965     0.042
 8    -0.827    -0.198     0.527
 8    -0.500    -0.171    -0.849
 9   111.532   -59.861   -14.396
 9     0.135    -0.262     0.955
 9    -0.818     0.514     0.257
 9    -0.558    -0.817    -0.145
 2    96.623   -18.650    59.855
 2    -0.132    -0.991    -0.025
 2     0.988    -0.133     0.069
 2    -0.072    -0.016     0.997
 3   127.436    -1.195     1.817
 3     0.683    -0.582    -0.441
 3     0.317     0.780    -0.539
 3     0.658     0.228     0.718
 4   104.310    11.094    -7.340
 4     0.321    -0.802     0.504
 4     0.926     0.376     0.008
 4    -0.196     0.464     0.864
 5   108.156    24.619    16.966
 5     0.410     0.624     0.665
 5     0.808    -0.587     0.052
 5     0.423     0.515    -0.745
 6   125.569    45.362    17.969
 6     0.812     0.006     0.583
 6     0.579     0.102    -0.809
 6    -0.065     0.995     0.079
 7   104.475   -16.156    -5.562
 7     0.340     0.763     0.549
 7    -0.632     0.618    -0.468
 7    -0.697    -0.188     0.692
 8   113.778   -39.689     1.814
 8     0.263    -0.964     0.001
 8    -0.793    -0.216     0.569
 8    -0.549    -0.151    -0.822
 9   111.678   -58.373   -18.007
 9     0.119    -0.289     0.950
 9    -0.777     0.568     0.270
 9    -0.618    -0.770    -0.157
 2    96.623   -18.650    59.855
 2    -0.132    -0.991    -0.025
 2     0.988    -0.133     0.069
 2    -0.072    -0.016     0.997
 3   127.338    -0.974     1.887
 3     0.689    -0.584    -0.429
 3     0.316     0.775    -0.547
 3     0.652     0.241     0.718
 4   104.300    11.090    -7.331
 4     0.322    -0.799     0.507
 4     0.925     0.379     0.009
 4    -0.200     0.466     0.861
 5   108.308    24.653    16.946
 5     0.428     0.617     0.660
 5     0.803    -0.595     0.034
 5     0.413     0.515    -0.751
 6   126.179    44.621    17.057
 6     0.830     0.004     0.557
 6     0.551     0.144    -0.822
 6    -0.084     0.989     0.117
 7   104.127   -15.850    -5.633
 7     0.320     0.752     0.575
 7    -0.598     0.632    -0.493
 7    -0.734    -0.187     0.652
 8   114.015   -39.244    -0.471
 8     0.263    -0.964    -0.034
 8    -0.756    -0.227     0.614
 8    -0.600    -0.136    -0.788
 9   111.385   -56.466   -21.780
 9     0.092    -0.339     0.936
 9    -0.720     0.627     0.298
 9    -0.688    -0.701    -0.186
 2    96.574   -18.651    59.855
 2    -0.131    -0.991    -0.025
 2     0.989    -0.133     0.069
 2    -0.072    -0.016     0.997
 3   127.165    -1.118     1.831
 3     0.703    -0.581    -0.410
 3     0.312     0.770    -0.556
 3     0.638     0.263     0.723
 4   104.238    10.984    -7.319
 4     0.323    -0.794     0.514
 4     0.923     0.383     0.010
 4    -0.205     0.471     0.858
 5   108.428    24.646    16.779
 5     0.437     0.613     0.658
 5     0.801    -0.599     0.026
 5     0.410     0.516    -0.752
 6   126.541    44.654    16.524
 6     0.835    -0.001     0.550
 6     0.541     0.176    -0.822
 6    -0.096     0.984     0.148
 7   103.666   -15.556    -5.620
 7     0.293     0.740     0.605
 7    -0.559     0.646    -0.519
 7    -0.775    -0.186     0.604
 8   114.009   -38.649    -3.048
 8     0.245    -0.965    -0.090
 8    -0.714    -0.242     0.657
 8    -0.656    -0.097    -0.749
 9   110.261   -54.158   -25.999
 9     0.043    -0.416     0.908
 9    -0.649     0.679     0.343
 9    -0.760    -0.604    -0.240
 2    96.624   -18.651    59.855
 2    -0.131    -0.991    -0.025
 2     0.989    -0.133     0.069
 2    -0.072    -0.016     0.997
 3   126.973    -1.234     1.819
 3     0.716    -0.578    -0.392
 3     0.309     0.765    -0.565
 3     0.626     0.283     0.726
 4   104.228    11.028    -7.306
 4     0.330    -0.788     0.519
 4     0.920     0.391     0.008
 4    -0.210     0.474     0.855
 5   108.639    24.739    16.698
 5     0.443     0.608     0.658
 5     0.800    -0.600     0.015
 5     0.404     0.520    -0.753
 6   126.971    44.349    16.450
 6     0.844    -0.019     0.535
 6     0.528     0.197    -0.826
 6    -0.090     0.980     0.177
 7   103.145   -15.200    -5.710
 7     0.264     0.726     0.635
 7    -0.532     0.659    -0.532
 7    -0.805    -0.197     0.560
 8   114.144   -37.492    -5.739
 8     0.236    -0.957    -0.169
 8    -0.659    -0.286     0.696
 8    -0.714    -0.053    -0.698
 9   109.734   -51.345   -29.438
 9     0.004    -0.523     0.852
 9    -0.570     0.699     0.432
 9    -0.821    -0.488    -0.295
 2    96.623   -18.650    59.855
 2    -0.132    -0.991    -0.025
 2     0.989    -0.133     0.069
 2    -0.072    -0.015     0.997
 3   126.917    -1.245     1.643
 3     0.725    -0.576    -0.377
 3     0.305     0.760    -0.574
 3     0.617     0.301     0.727
 4   104.288    11.081    -7.318
 4     0.337    -0.785     0.520
 4     0.919     0.394     0.000
 4    -0.206     0.478     0.854
 5   108.571    24.471    16.932
 5     0.451     0.587     0.672
 5     0.786    -0.618     0.012
 5     0.422     0.523    -0.740
 6   127.213    43.908    17.185
 6     0.854    -0.045     0.517
 6     0.515     0.200    -0.833
 6    -0.066     0.979     0.194
 7   102.949   -14.886    -5.803
 7     0.245     0.710     0.660
 7    -0.502     0.675    -0.541
 7    -0.830    -0.198     0.522
 8   114.303   -36.643    -7.694
 8     0.232    -0.951    -0.206
 8    -0.610    -0.307     0.730
 8    -0.757    -0.044    -0.651
 9   109.365   -48.524   -32.661
 9    -0.021    -0.585     0.811
 9    -0.479     0.718     0.505
 9    -0.878    -0.378    -0.295
 2    96.624   -18.651    59.855
 2    -0.131    -0.991    -0.025
 2     0.988    -0.133     0.069
 2    -0.072    -0.016     0.997
 3   126.912    -1.246     1.543
 3     0.726    -0.577    -0.374
 3     0.304     0.757    -0.578
 3     0.616     0.306     0.726
 4   104.397    11.084    -7.305
 4     0.338    -0.784     0.521
 4     0.919     0.394    -0.005
 4    -0.202     0.480     0.854
 5   108.556    24.250    16.979
 5     0.454     0.576     0.680
 5     0.778    -0.628     0.011
 5     0.433     0.524    -0.733
 6   127.381    43.487    17.661
 6     0.861    -0.061     0.505
 6     0.506     0.201    -0.839
 6    -0.051     0.978     0.204
 7   102.629   -14.510    -5.870
 7     0.228     0.693     0.683
 7    -0.479     0.691    -0.542
 7    -0.848    -0.204     0.489
 8   114.274   -35.685    -9.107
 8     0.223    -0.947    -0.232
 8    -0.576    -0.320     0.753
 8    -0.787    -0.035    -0.616
 9   108.624   -45.987   -34.881
 9    -0.052    -0.617     0.785
 9    -0.411     0.730     0.546
 9    -0.910    -0.294    -0.292
 2    96.624   -18.651    59.855
 2    -0.131    -0.991    -0.025
 2     0.988    -0.133     0.069
 2    -0.072    -0.016     0.997
 3   126.854    -1.070     1.414
 3     0.729    -0.580    -0.365
 3     0.302     0.750    -0.588
 3     0.615     0.318     0.721
 4   104.292    11.160    -7.304
 4     0.337    -0.783     0.523
 4     0.919     0.393    -0.004
 4    -0.203     0.483     0.852
 5   108.586    24.475    16.995
 5     0.452     0.583     0.675
 5     0.783    -0.622     0.012
 5     0.427     0.523    -0.737
 6   127.420    43.558    17.496
 6     0.861    -0.056     0.505
 6     0.506     0.204    -0.838
 6    -0.056     0.977     0.204
 7   102.537   -14.300    -5.924
 7     0.214     0.678     0.703
 7    -0.467     0.703    -0.537
 7    -0.858    -0.213     0.467
 8   113.978   -34.953   -10.211
 8     0.214    -0.945    -0.247
 8    -0.544    -0.326     0.773
 8    -0.811    -0.031    -0.584
 9   108.229   -44.152   -36.252
 9    -0.065    -0.632     0.772
 9    -0.358     0.737     0.573
 9    -0.932    -0.239    -0.274
 2    96.624   -18.651    59.855
 2    -0.131    -0.991    -0.025
 2     0.988    -0.133     0.069
 2    -0.072    -0.016     0.997
 3   126.743    -0.972     1.371
 3     0.731    -0.580    -0.359
 3     0.302     0.746    -0.593
 3     0.612     0.325     0.721
 4   104.195    11.153    -7.311
 4     0.333    -0.778     0.533
 4     0.919     0.394     0.001
 4    -0.211     0.489     0.846
 5   108.679    24.591    16.847
 5     0.455     0.589     0.667
 5     0.787    -0.617     0.007
 5     0.416     0.522    -0.745
 6   127.481    43.642    16.862
 6     0.861    -0.043     0.506
 6     0.503     0.218    -0.836
 6    -0.074     0.975     0.209
 7   102.303   -14.285    -5.929
 7     0.206     0.666     0.716
 7    -0.459     0.712    -0.531
 7    -0.864    -0.219     0.453
 8   114.110   -34.229   -11.331
 8     0.221    -0.938    -0.267
 8    -0.496    -0.344     0.797
 8    -0.839    -0.044    -0.542
 9   108.342   -41.620   -37.797
 9    -0.070    -0.654     0.753
 9    -0.276     0.738     0.615
 9    -0.958    -0.165    -0.232
 2    96.624   -18.651    59.855
 2    -0.131    -0.991    -0.025
 2     0.989    -0.133     0.069
 2    -0.072    -0.016     0.997
 3   126.674    -1.081     1.213
 3     0.737    -0.577    -0.352
 3     0.299     0.745    -0.595
 3     0.606     0.333     0.722
 4   104.141    11.101    -7.361
 4     0.334    -0.775     0.536
 4     0.918     0.395    -0.001
 4    -0.212     0.493     0.844
 5   108.853    24.513    16.821
 5     0.462     0.589     0.663
 5     0.784    -0.621     0.005
 5     0.415     0.517    -0.748
 6   127.699    43.458    16.700
 6     0.863    -0.040     0.503
 6     0.498     0.222    -0.838
 6    -0.079     0.974     0.211
 7   102.167   -14.148    -5.974
 7     0.203     0.652     0.730
 7    -0.442     0.726    -0.526
 7    -0.874    -0.216     0.436
 8   114.166   -33.422   -12.306
 8     0.226    -0.933    -0.281
 8    -0.460    -0.356     0.813
 8    -0.859    -0.055    -0.510
 9   108.286   -39.352   -39.141
 9    -0.078    -0.669     0.739
 9    -0.212     0.735     0.643
 9    -0.974    -0.107    -0.199
 2    96.574   -18.651    59.855
 2    -0.131    -0.991    -0.025
 2     0.989    -0.133     0.069
 2    -0.072    -0.016     0.997
 3   126.641    -1.084     1.141
 3     0.740    -0.577    -0.347
 3     0.297     0.743    -0.600
 3     0.604     0.341     0.720
 4   104.143    11.255    -7.370
 4     0.335    -0.771     0.541
 4     0.918     0.396    -0.005
 4    -0.210     0.499     0.841
 5   109.048    24.414    16.930
 5     0.470     0.582     0.664
 5     0.775    -0.631     0.004
 5     0.421     0.513    -0.748
 6   128.058    43.228    16.753
 6     0.868    -0.040     0.494
 6     0.489     0.225    -0.843
 6    -0.078     0.973     0.215
 7   102.117   -13.905    -6.061
 7     0.200     0.642     0.740
 7    -0.429     0.737    -0.523
 7    -0.881    -0.213     0.423
 8   114.353   -32.727   -12.938
 8     0.232    -0.926    -0.298
 8    -0.434    -0.373     0.820
 8    -0.871    -0.061    -0.488
 9   108.560   -37.744   -39.732
 9    -0.079    -0.687     0.722
 9    -0.171     0.723     0.669
 9    -0.982    -0.071    -0.175
 2    96.624   -18.701    59.855
 2    -0.131    -0.991    -0.025
 2     0.989    -0.133     0.069
 2    -0.072    -0.016     0.997
 3   126.656    -0.934     0.966
 3     0.742    -0.577    -0.341
 3     0.296     0.738    -0.606
 3     0.602     0.349     0.718
 4   104.090    11.383    -7.322
 4     0.333    -0.769     0.546
 4     0.919     0.393    -0.006
 4    -0.210     0.504     0.838
 5   109.147    24.465    16.877
 5     0.472     0.583     0.661
 5     0.775    -0.632     0.005
 5     0.421     0.510    -0.750
 6   128.134    43.126    16.804
 6     0.869    -0.039     0.492
 6     0.488     0.226    -0.843
 6    -0.078     0.973     0.215
 7   102.102   -13.808    -6.089
 7     0.199     0.633     0.748
 7    -0.420     0.745    -0.519
 7    -0.885    -0.211     0.414
 8   114.470   -32.457   -13.274
 8     0.235    -0.924    -0.302
 8    -0.420    -0.377     0.825
 8    -0.876    -0.067    -0.477
 9   108.762   -36.618   -40.132
 9    -0.082    -0.693     0.717
 9    -0.134     0.720     0.681
 9    -0.988    -0.040    -0.152
 2    96.623   -18.650    59.855
 2    -0.132    -0.991    -0.025
 2     0.988    -0.133     0.069
 2    -0.072    -0.016     0.997
 3   126.705    -0.806     0.914
 3     0.741    -0.581    -0.338
 3     0.297     0.734    -0.610
 3     0.602     0.351     0.717
 4   104.010    11.435    -7.324
 4     0.326    -0.770     0.548
 4     0.922     0.388    -0.004
 4    -0.210     0.507     0.836
 5   109.003    24.420    16.965
 5     0.468     0.588     0.659
 5     0.775    -0.632     0.013
 5     0.424     0.505    -0.752
 6   128.080    43.174    16.813
 6     0.869    -0.040     0.493
 6     0.488     0.231    -0.842
 6    -0.080     0.972     0.220
 7   102.098   -13.784    -6.109
 7     0.199     0.630     0.750
 7    -0.418     0.747    -0.517
 7    -0.886    -0.211     0.412
 8   114.532   -32.332   -13.317
 8     0.238    -0.921    -0.308
 8    -0.416    -0.383     0.825
 8    -0.878    -0.069    -0.474
 9   108.830   -36.060   -39.986
 9    -0.095    -0.718     0.689
 9    -0.105     0.696     0.710
 9    -0.990    -0.005    -0.142
 2    96.574   -18.651    59.855
 2    -0.131    -0.991    -0.025
 2     0.989    -0.133     0.069
 2    -0.072    -0.016     0.997
 3   126.650    -0.680     0.814
 3     0.740    -0.584    -0.333
 3     0.299     0.730    -0.614
 3     0.601     0.354     0.716
 4   103.779    11.489    -7.328
 4     0.316    -0.771     0.553
 4     0.925     0.379    -0.000
 4    -0.210     0.512     0.833
 5   108.877    24.421    16.988
 5     0.468     0.591     0.657
 5     0.775    -0.632     0.016
 5     0.424     0.502    -0.754
 6   127.869    43.031    16.461
 6     0.870    -0.050     0.489
 6     0.483     0.273    -0.832
 6    -0.092     0.961     0.261
 7   102.106   -13.807    -6.111
 7     0.198     0.629     0.751
 7    -0.420     0.748    -0.515
 7    -0.885    -0.214     0.412
 8   114.640   -32.378   -13.222
 8     0.239    -0.919    -0.314
