2 	  33.57	  -8.03	  22.76
	  0.681	  0.731	 -0.034
	 -0.733	  0.679	 -0.037
	 -0.003	  0.050	  0.999

3 	  37.11	  -0.95	   1.72
	  0.225	  0.016	 -0.974
	 -0.132	  0.991	 -0.014
	  0.965	  0.131	  0.225

4 	  40.85	   6.15	  -0.46
	  0.834	  0.527	  0.162
	 -0.512	  0.629	  0.584
	  0.207	 -0.570	  0.795

5 	  39.67	   9.05	  11.13
	  0.470	  0.195	  0.861
	 -0.331	 -0.866	  0.375
	  0.820	 -0.459	 -0.342

6 	  45.21	  10.83	  19.11
	  0.465	 -0.043	  0.884
	 -0.853	  0.249	  0.458
	 -0.245	 -0.966	  0.078

7 	  40.25	  -6.70	  -1.02
	  0.728	 -0.683	  0.060
	  0.537	  0.514	 -0.668
	  0.427	  0.519	  0.741

8 	  39.55	  -9.86	   9.46
	 -0.212	  0.305	 -0.928
	 -0.213	  0.913	  0.348
	  0.954	  0.270	 -0.128

9 	  45.93	 -11.43	  18.62
	  0.452	  0.158	  0.878
	  0.720	  0.519	 -0.460
	 -0.534	  0.837	  0.120

2 	  33.59	  -8.03	  22.78
	  0.682	  0.731	 -0.034
	 -0.732	  0.680	 -0.037
	 -0.003	  0.050	  0.999

3 	  37.11	  -0.97	   1.72
	  0.223	  0.015	 -0.975
	 -0.133	  0.991	 -0.015
	  0.966	  0.133	  0.223

4 	  40.83	   6.13	  -0.46
	  0.833	  0.529	  0.160
	 -0.513	  0.630	  0.582
	  0.208	 -0.568	  0.796

5 	  39.67	   9.04	  11.16
	  0.473	  0.197	  0.859
	 -0.330	 -0.865	  0.377
	  0.819	 -0.460	 -0.344

6 	  45.19	  10.83	  19.11
	  0.466	 -0.044	  0.883
	 -0.853	  0.248	  0.459
	 -0.245	 -0.966	  0.077

7 	  40.25	  -6.70	  -1.00
	  0.728	 -0.683	  0.059
	  0.538	  0.514	 -0.668
	  0.427	  0.518	  0.741

8 	  39.55	  -9.86	   9.47
	 -0.215	  0.307	 -0.927
	 -0.213	  0.912	  0.350
	  0.953	  0.271	 -0.130

9 	  45.93	 -11.43	  18.62
	  0.454	  0.161	  0.876
	  0.719	  0.518	 -0.464
	 -0.534	  0.837	  0.119

2 	  33.57	  -8.03	  22.78
	  0.681	  0.731	 -0.034
	 -0.733	  0.679	 -0.037
	 -0.003	  0.050	  0.999

3 	  37.11	  -0.97	   1.72
	  0.222	  0.015	 -0.975
	 -0.134	  0.991	 -0.015
	  0.966	  0.134	  0.222

4 	  40.82	   6.13	  -0.46
	  0.833	  0.530	  0.160
	 -0.514	  0.630	  0.582
	  0.208	 -0.568	  0.797

5 	  39.67	   9.04	  11.16
	  0.473	  0.198	  0.859
	 -0.328	 -0.866	  0.377
	  0.819	 -0.459	 -0.344

6 	  45.19	  10.83	  19.11
	  0.467	 -0.045	  0.883
	 -0.853	  0.248	  0.460
	 -0.245	 -0.966	  0.076

7 	  40.25	  -6.70	  -1.00
	  0.727	 -0.684	  0.059
	  0.538	  0.514	 -0.668
	  0.427	  0.518	  0.741

8 	  39.55	  -9.86	   9.46
	 -0.217	  0.308	 -0.926
	 -0.213	  0.911	  0.352
	  0.953	  0.273	 -0.132

9 	  45.95	 -11.41	  18.60
	  0.455	  0.161	  0.875
	  0.716	  0.520	 -0.465
	 -0.536	  0.836	  0.120

2 	  33.57	  -8.03	  22.76
	  0.681	  0.731	 -0.034
	 -0.733	  0.679	 -0.037
	 -0.003	  0.050	  0.999

3 	  37.11	  -0.95	   1.72
	  0.221	  0.015	 -0.975
	 -0.135	  0.990	 -0.015
	  0.966	  0.135	  0.221

4 	  40.83	   6.15	  -0.46
	  0.833	  0.530	  0.161
	 -0.514	  0.630	  0.582
	  0.208	 -0.568	  0.796

5 	  39.66	   9.02	  11.18
	  0.472	  0.198	  0.859
	 -0.328	 -0.866	  0.377
	  0.819	 -0.458	 -0.344

6 	  45.18	  10.83	  19.11
	  0.467	 -0.046	  0.883
	 -0.853	  0.247	  0.461
	 -0.244	 -0.967	  0.075

7 	  40.25	  -6.70	  -1.02
	  0.728	 -0.683	  0.059
	  0.538	  0.514	 -0.668
	  0.427	  0.518	  0.741

8 	  39.53	  -9.86	   9.44
	 -0.217	  0.309	 -0.926
	 -0.212	  0.912	  0.352
	  0.953	  0.271	 -0.132

9 	  45.95	 -11.41	  18.58
	  0.455	  0.161	  0.875
	  0.716	  0.521	 -0.464
	 -0.537	  0.835	  0.121

2 	  33.57	  -8.03	  22.76
	  0.681	  0.731	 -0.034
	 -0.733	  0.679	 -0.037
	 -0.003	  0.050	  0.999

3 	  37.11	  -0.95	   1.72
	  0.221	  0.016	 -0.975
	 -0.135	  0.990	 -0.015
	  0.966	  0.135	  0.221

4 	  40.83	   6.15	  -0.44
	  0.833	  0.529	  0.162
	 -0.514	  0.629	  0.582
	  0.207	 -0.568	  0.796

5 	  39.66	   9.04	  11.18
	  0.474	  0.197	  0.858
	 -0.325	 -0.868	  0.376
	  0.819	 -0.456	 -0.348

6 	  45.18	  10.83	  19.11
	  0.467	 -0.045	  0.883
	 -0.853	  0.247	  0.461
	 -0.244	 -0.967	  0.076

7 	  40.25	  -6.70	  -1.02
	  0.728	 -0.683	  0.059
	  0.538	  0.514	 -0.668
	  0.427	  0.518	  0.741

8 	  39.55	  -9.88	   9.39
	 -0.212	  0.308	 -0.928
	 -0.212	  0.912	  0.350
	  0.954	  0.269	 -0.127

9 	  45.97	 -11.41	  18.58
	  0.453	  0.161	  0.876
	  0.716	  0.523	 -0.462
	 -0.538	  0.834	  0.121

2 	  33.57	  -8.03	  22.76
	  0.682	  0.731	 -0.034
	 -0.732	  0.680	 -0.037
	 -0.003	  0.050	  0.999

3 	  37.11	  -0.95	   1.72
	  0.220	  0.017	 -0.975
	 -0.135	  0.990	 -0.013
	  0.966	  0.135	  0.220

4 	  40.83	   6.17	  -0.46
	  0.832	  0.530	  0.162
	 -0.515	  0.628	  0.583
	  0.208	 -0.569	  0.795

5 	  39.66	   9.04	  11.16
	  0.477	  0.195	  0.857
	 -0.324	 -0.869	  0.375
	  0.818	 -0.454	 -0.351

6 	  45.18	  10.81	  19.11
	  0.466	 -0.045	  0.883
	 -0.853	  0.247	  0.460
	 -0.244	 -0.967	  0.075

7 	  40.27	  -6.68	  -1.04
	  0.729	 -0.682	  0.059
	  0.537	  0.515	 -0.667
	  0.426	  0.518	  0.741

8 	  39.59	  -9.90	   9.33
	 -0.207	  0.308	 -0.928
	 -0.215	  0.912	  0.349
	  0.955	  0.271	 -0.122

9 	  45.95	 -11.41	  18.56
	  0.450	  0.159	  0.879
	  0.716	  0.527	 -0.458
	 -0.541	  0.832	  0.122

2 	  33.57	  -8.03	  22.76
	  0.682	  0.731	 -0.034
	 -0.732	  0.680	 -0.037
	 -0.003	  0.050	  0.999

3 	  37.12	  -0.93	   1.71
	  0.219	  0.018	 -0.975
	 -0.131	  0.991	 -0.011
	  0.967	  0.129	  0.220

4 	  40.89	   6.19	  -0.47
	  0.834	  0.526	  0.165
	 -0.511	  0.625	  0.590
	  0.207	 -0.578	  0.789

5 	  39.59	   9.14	  10.99
	  0.461	  0.194	  0.865
	 -0.343	 -0.861	  0.374
	  0.819	 -0.468	 -0.330

6 	  44.81	  11.00	  19.14
	  0.419	 -0.014	  0.908
	 -0.872	  0.276	  0.404
	 -0.261	 -0.960	  0.101

7 	  40.39	  -6.66	  -1.09
	  0.735	 -0.675	  0.062
	  0.532	  0.517	 -0.670
	  0.421	  0.526	  0.739

8 	  39.38	 -10.14	   8.82
	 -0.140	  0.329	 -0.934
	 -0.268	  0.896	  0.354
	  0.953	  0.299	 -0.037

9 	  44.82	 -12.18	  18.60
	  0.351	  0.103	  0.930
	  0.745	  0.573	 -0.340
	 -0.573	  0.811	  0.123

2 	  33.57	  -8.03	  22.76
	  0.682	  0.731	 -0.034
	 -0.732	  0.680	 -0.037
	 -0.003	  0.050	  0.999

3 	  37.18	  -0.91	   1.67
	  0.219	  0.019	 -0.976
	 -0.132	  0.991	 -0.010
	  0.967	  0.131	  0.219

4 	  40.96	   6.22	  -0.56
	  0.829	  0.532	  0.168
	 -0.517	  0.618	  0.591
	  0.211	 -0.578	  0.788

5 	  38.74	   9.77	  10.18
	  0.325	  0.280	  0.903
	 -0.386	 -0.833	  0.395
	  0.865	 -0.476	 -0.162

6 	  42.82	  12.09	  18.97
	  0.261	  0.050	  0.964
	 -0.905	  0.361	  0.223
	 -0.341	 -0.930	  0.137

7 	  40.50	  -6.63	  -1.20
	  0.731	 -0.678	  0.073
	  0.540	  0.509	 -0.670
	  0.418	  0.529	  0.738

8 	  38.30	 -10.46	   8.03
	  0.009	  0.377	 -0.926
	 -0.297	  0.886	  0.356
	  0.955	  0.270	  0.120

9 	  42.12	 -13.31	  18.56
	  0.179	  0.034	  0.983
	  0.786	  0.596	 -0.161
	 -0.594	  0.800	  0.078

2 	  33.57	  -8.03	  22.76
	  0.681	  0.731	 -0.034
	 -0.733	  0.679	 -0.037
	 -0.003	  0.050	  0.999

3 	  37.21	  -0.90	   1.62
	  0.219	  0.019	 -0.975
	 -0.142	  0.990	 -0.013
	  0.965	  0.141	  0.219

4 	  40.97	   6.17	  -0.67
	  0.821	  0.544	  0.174
	 -0.531	  0.611	  0.588
	  0.214	 -0.575	  0.789

5 	  37.79	  10.51	   9.05
	  0.143	  0.335	  0.931
	 -0.506	 -0.784	  0.359
	  0.851	 -0.521	  0.058

6 	  40.48	  12.74	  18.65
	  0.064	  0.080	  0.994
	 -0.887	  0.461	  0.017
	 -0.459	 -0.883	  0.098

7 	  40.52	  -6.63	  -1.27
	  0.719	 -0.689	  0.090
	  0.558	  0.493	 -0.667
	  0.417	  0.530	  0.738

8 	  37.37	 -10.49	   7.22
	  0.157	  0.391	 -0.907
	 -0.337	  0.884	  0.322
	  0.928	  0.255	  0.271

9 	  39.66	 -13.69	  18.30
	  0.020	  0.003	  1.000
	  0.797	  0.604	 -0.017
	 -0.605	  0.796	  0.008

2 	  33.57	  -8.03	  22.76
	  0.681	  0.731	 -0.034
	 -0.733	  0.679	 -0.037
	 -0.003	  0.050	  0.999

3 	  37.21	  -0.88	   1.60
	  0.215	  0.023	 -0.976
	 -0.151	  0.988	 -0.010
	  0.964	  0.149	  0.216

4 	  40.92	   6.17	  -0.76
	  0.807	  0.563	  0.177
	 -0.548	  0.600	  0.583
	  0.222	 -0.568	  0.792

5 	  37.18	  10.72	   8.40
	  0.018	  0.351	  0.936
	 -0.567	 -0.768	  0.297
	  0.823	 -0.536	  0.186

6 	  38.88	  12.88	  18.35
	 -0.054	  0.088	  0.994
	 -0.874	  0.477	 -0.092
	 -0.484	 -0.874	  0.049

7 	  40.48	  -6.56	  -1.34
	  0.705	 -0.702	  0.104
	  0.580	  0.485	 -0.655
	  0.410	  0.521	  0.748

8 	  36.76	 -10.42	   6.71
	  0.252	  0.393	 -0.884
	 -0.339	  0.891	  0.300
	  0.906	  0.224	  0.358

9 	  38.13	 -13.80	  17.98
	 -0.069	 -0.010	  0.997
	  0.806	  0.588	  0.063
	 -0.588	  0.808	 -0.034

2 	  33.57	  -8.03	  22.76
	  0.682	  0.731	 -0.034
	 -0.732	  0.680	 -0.037
	 -0.003	  0.050	  0.999

3 	  37.21	  -0.86	   1.58
	  0.214	  0.027	 -0.976
	 -0.153	  0.988	 -0.006
	  0.964	  0.151	  0.216

4 	  40.92	   6.21	  -0.81
	  0.796	  0.575	  0.186
	 -0.564	  0.593	  0.574
	  0.220	 -0.563	  0.796

5 	  36.69	  10.81	   7.84
	 -0.081	  0.368	  0.926
	 -0.583	 -0.771	  0.255
	  0.808	 -0.520	  0.277

6 	  37.55	  12.96	  17.95
	 -0.149	  0.095	  0.984
	 -0.853	  0.490	 -0.179
	 -0.500	 -0.866	  0.006

7 	  40.50	  -6.50	  -1.44
	  0.693	 -0.711	  0.117
	  0.602	  0.481	 -0.637
	  0.398	  0.511	  0.761

8 	  36.37	 -10.28	   6.24
	  0.319	  0.393	 -0.862
	 -0.330	  0.899	  0.288
	  0.888	  0.192	  0.416

9 	  36.93	 -13.80	  17.63
	 -0.142	 -0.018	  0.990
	  0.811	  0.571	  0.128
	 -0.568	  0.820	 -0.068

2 	  33.57	  -8.03	  22.76
	  0.682	  0.731	 -0.034
	 -0.732	  0.680	 -0.037
	 -0.003	  0.050	  0.999

3 	  37.25	  -0.83	   1.51
	  0.216	  0.027	 -0.976
	 -0.152	  0.988	 -0.006
	  0.964	  0.150	  0.217

4 	  40.97	   6.19	  -0.93
	  0.783	  0.586	  0.205
	 -0.589	  0.594	  0.548
	  0.200	 -0.551	  0.810

5 	  36.18	  10.93	   7.10
	 -0.180	  0.394	  0.901
	 -0.587	 -0.778	  0.223
	  0.789	 -0.488	  0.372

6 	  36.09	  13.32	  17.24
	 -0.243	  0.118	  0.963
	 -0.838	  0.473	 -0.271
	 -0.489	 -0.872	 -0.017

7 	  40.59	  -6.47	  -1.51
	  0.681	 -0.720	  0.133
	  0.629	  0.481	 -0.611
	  0.377	  0.500	  0.779

8 	  36.09	 -10.21	   5.87
	  0.377	  0.395	 -0.838
	 -0.328	  0.902	  0.279
	  0.866	  0.169	  0.469

9 	  36.00	 -13.83	  17.24
	 -0.204	 -0.024	  0.978
	  0.799	  0.573	  0.181
	 -0.565	  0.819	 -0.099

2 	  33.57	  -8.03	  22.76
	  0.682	  0.731	 -0.034
	 -0.732	  0.680	 -0.037
	 -0.003	  0.050	  0.999

3 	  37.27	  -0.79	   1.44
	  0.223	  0.025	 -0.974
	 -0.160	  0.987	 -0.011
	  0.962	  0.158	  0.224

4 	  40.96	   6.12	  -1.00
	  0.769	  0.601	  0.218
	 -0.614	  0.597	  0.517
	  0.181	 -0.531	  0.828

5 	  35.68	  10.79	   6.68
	 -0.248	  0.406	  0.879
	 -0.560	 -0.801	  0.212
	  0.791	 -0.439	  0.426

6 	  35.10	  13.36	  16.82
	 -0.290	  0.126	  0.948
	 -0.839	  0.442	 -0.317
	 -0.459	 -0.888	 -0.024

7 	  40.62	  -6.40	  -1.58
	  0.678	 -0.721	  0.139
	  0.640	  0.487	 -0.594
	  0.362	  0.492	  0.792

8 	  35.96	 -10.12	   5.64
	  0.397	  0.398	 -0.827
	 -0.325	  0.903	  0.280
	  0.858	  0.157	  0.488

9 	  35.53	 -13.78	  17.03
	 -0.234	 -0.021	  0.972
	  0.800	  0.563	  0.205
	 -0.553	  0.825	 -0.116

2 	  33.57	  -8.03	  22.76
	  0.682	  0.731	 -0.034
	 -0.732	  0.680	 -0.037
	 -0.003	  0.050	  0.999

3 	  37.27	  -0.79	   1.41
	  0.221	  0.028	 -0.975
	 -0.165	  0.986	 -0.009
	  0.961	  0.162	  0.223

4 	  40.92	   6.15	  -0.98
	  0.760	  0.609	  0.227
	 -0.627	  0.594	  0.503
	  0.172	 -0.526	  0.833

5 	  35.47	  10.71	   6.52
	 -0.275	  0.408	  0.870
	 -0.543	 -0.813	  0.210
	  0.794	 -0.415	  0.445

6 	  34.75	  13.29	  16.68
	 -0.307	  0.126	  0.943
	 -0.838	  0.434	 -0.331
	 -0.451	 -0.892	 -0.028

7 	  40.64	  -6.33	  -1.63
	  0.675	 -0.724	  0.144
	  0.652	  0.493	 -0.576
	  0.347	  0.482	  0.804

8 	  35.74	 -10.02	   5.34
	  0.424	  0.403	 -0.811
	 -0.315	  0.905	  0.285
	  0.849	  0.134	  0.510

9 	  34.98	 -13.76	  16.75
	 -0.264	 -0.025	  0.964
	  0.800	  0.552	  0.234
	 -0.538	  0.833	 -0.126

2 	  33.57	  -8.02	  22.78
	  0.682	  0.731	 -0.034
	 -0.732	  0.680	 -0.037
	 -0.003	  0.050	  0.999

3 	  37.25	  -0.77	   1.37
	  0.220	  0.033	 -0.975
	 -0.163	  0.987	 -0.003
	  0.962	  0.159	  0.222

4 	  40.92	   6.17	  -1.00
	  0.755	  0.611	  0.239
	 -0.636	  0.591	  0.495
	  0.162	 -0.526	  0.834

5 	  35.33	  10.65	   6.35
	 -0.302	  0.409	  0.861
	 -0.538	 -0.819	  0.200
	  0.787	 -0.403	  0.466

6 	  34.31	  13.25	  16.47
	 -0.333	  0.124	  0.934
	 -0.828	  0.434	 -0.354
	 -0.450	 -0.892	 -0.042

7 	  40.68	  -6.33	  -1.71
	  0.667	 -0.729	  0.149
	  0.665	  0.493	 -0.561
	  0.336	  0.473	  0.814

8 	  35.61	  -9.93	   5.15
	  0.448	  0.403	 -0.798
	 -0.304	  0.908	  0.288
	  0.841	  0.113	  0.529

9 	  34.52	 -13.71	  16.54
	 -0.294	 -0.022	  0.955
	  0.796	  0.547	  0.258
	 -0.529	  0.836	 -0.144

2 	  33.57	  -8.02	  22.78
	  0.682	  0.731	 -0.034
	 -0.732	  0.680	 -0.037
	 -0.003	  0.050	  0.999

3 	  37.25	  -0.76	   1.34
	  0.222	  0.033	 -0.974
	 -0.162	  0.987	 -0.003
	  0.961	  0.159	  0.224

4 	  40.94	   6.13	  -1.09
	  0.748	  0.615	  0.250
	 -0.647	  0.590	  0.483
	  0.150	 -0.523	  0.839

5 	  35.12	  10.62	   6.01
	 -0.335	  0.417	  0.845
	 -0.527	 -0.826	  0.198
	  0.781	 -0.379	  0.496

6 	  33.79	  13.32	  16.08
	 -0.361	  0.133	  0.923
	 -0.819	  0.428	 -0.383
	 -0.446	 -0.894	 -0.047

7 	  40.71	  -6.29	  -1.72
	  0.661	 -0.733	  0.159
	  0.677	  0.492	 -0.547
	  0.323	  0.469	  0.821

8 	  35.46	  -9.83	   4.96
	  0.475	  0.404	 -0.781
	 -0.298	  0.909	  0.289
	  0.828	  0.095	  0.553

9 	  33.96	 -13.62	  16.31
	 -0.325	 -0.021	  0.945
	  0.790	  0.542	  0.284
	 -0.519	  0.839	 -0.160

2 	  33.57	  -8.03	  22.76
	  0.682	  0.731	 -0.034
	 -0.732	  0.680	 -0.037
	 -0.003	  0.050	  0.999

3 	  37.25	  -0.76	   1.28
	  0.225	  0.032	 -0.974
	 -0.161	  0.987	 -0.004
	  0.961	  0.158	  0.227

4 	  40.96	   6.10	  -1.14
	  0.743	  0.616	  0.261
	 -0.656	  0.591	  0.469
	  0.135	 -0.520	  0.843

5 	  35.03	  10.60	   5.77
	 -0.360	  0.426	  0.830
	 -0.522	 -0.829	  0.199
	  0.774	 -0.361	  0.520

6 	  33.50	  13.41	  15.82
	 -0.380	  0.140	  0.914
	 -0.810	  0.427	 -0.402
	 -0.447	 -0.893	 -0.049

7 	  40.69	  -6.28	  -1.74
	  0.654	 -0.738	  0.167
	  0.688	  0.488	 -0.536
	  0.315	  0.466	  0.827

8 	  35.33	  -9.77	   4.87
	  0.494	  0.401	 -0.771
	 -0.291	  0.912	  0.288
	  0.819	  0.081	  0.567

9 	  33.61	 -13.54	  16.21
	 -0.345	 -0.016	  0.938
	  0.787	  0.539	  0.298
	 -0.511	  0.842	 -0.174

2 	  33.57	  -8.03	  22.76
	  0.682	  0.731	 -0.034
	 -0.732	  0.680	 -0.037
	 -0.003	  0.050	  0.999

3 	  37.23	  -0.74	   1.28
	  0.225	  0.033	 -0.974
	 -0.162	  0.987	 -0.004
	  0.961	  0.158	  0.228

4 	  40.97	   6.08	  -1.16
	  0.742	  0.614	  0.269
	 -0.659	  0.592	  0.464
	  0.126	 -0.522	  0.844

5 	  34.95	  10.53	   5.68
	 -0.375	  0.426	  0.823
	 -0.515	 -0.834	  0.197
	  0.771	 -0.350	  0.532

6 	  33.24	  13.32	  15.70
	 -0.395	  0.139	  0.908
	 -0.802	  0.429	 -0.415
	 -0.448	 -0.892	 -0.059

7 	  40.69	  -6.24	  -1.78
	  0.649	 -0.740	  0.175
	  0.698	  0.488	 -0.523
	  0.303	  0.461	  0.834

8 	  35.17	  -9.69	   4.64
	  0.518	  0.402	 -0.755
	 -0.288	  0.913	  0.289
	  0.805	  0.067	  0.589

9 	  33.10	 -13.45	  15.94
	 -0.375	 -0.014	  0.927
	  0.781	  0.534	  0.324
	 -0.500	  0.845	 -0.190

2 	  33.57	  -8.02	  22.76
	  0.682	  0.731	 -0.034
	 -0.732	  0.680	 -0.037
	 -0.003	  0.050	  0.999

3 	  37.23	  -0.72	   1.25
	  0.226	  0.035	 -0.974
	 -0.164	  0.986	 -0.003
	  0.960	  0.160	  0.228

4 	  40.99	   6.10	  -1.18
	  0.736	  0.614	  0.285
	 -0.668	  0.587	  0.458
	  0.114	 -0.527	  0.842

5 	  34.77	  10.42	   5.48
	 -0.403	  0.422	  0.812
	 -0.500	 -0.845	  0.190
	  0.766	 -0.330	  0.551

6 	  32.84	  13.24	  15.49
	 -0.417	  0.138	  0.898
	 -0.792	  0.428	 -0.434
	 -0.445	 -0.893	 -0.070

7 	  40.73	  -6.22	  -1.81
	  0.635	 -0.748	  0.193
	  0.714	  0.472	 -0.517
	  0.296	  0.466	  0.834

8 	  35.07	  -9.65	   4.52
	  0.536	  0.400	 -0.743
	 -0.290	  0.914	  0.284
	  0.793	  0.063	  0.606

9 	  32.84	 -13.38	  15.80
	 -0.394	 -0.012	  0.919
	  0.773	  0.536	  0.339
	 -0.497	  0.844	 -0.202

2 	  33.57	  -8.02	  22.76
	  0.682	  0.731	 -0.034
	 -0.732	  0.680	 -0.037
	 -0.003	  0.050	  0.999

3 	  37.23	  -0.72	   1.21
	  0.227	  0.036	 -0.973
	 -0.167	  0.986	 -0.002
	  0.959	  0.163	  0.230

4 	  41.03	   6.06	  -1.18
	  0.732	  0.614	  0.295
	 -0.673	  0.585	  0.452
	  0.105	 -0.530	  0.841

5 	  34.70	  10.32	   5.38
	 -0.418	  0.422	  0.804
	 -0.491	 -0.850	  0.191
	  0.765	 -0.315	  0.562

6 	  32.66	  13.17	  15.35
	 -0.426	  0.140	  0.893
	 -0.789	  0.424	 -0.443
	 -0.441	 -0.895	 -0.071

7 	  40.71	  -6.24	  -1.81
	  0.627	 -0.752	  0.202
	  0.721	  0.463	 -0.515
	  0.294	  0.468	  0.833

8 	  34.95	  -9.54	   4.45
	  0.550	  0.394	 -0.736
	 -0.282	  0.917	  0.281
	  0.786	  0.052	  0.616

9 	  32.45	 -13.24	  15.68
	 -0.414	 -0.004	  0.910
	  0.771	  0.530	  0.353
	 -0.484	  0.848	 -0.216

2 	  33.57	  -8.03	  22.78
	  0.682	  0.731	 -0.034
	 -0.732	  0.680	 -0.037
	 -0.003	  0.050	  0.999

3 	  37.20	  -0.72	   1.18
	  0.220	  0.043	 -0.974
	 -0.167	  0.986	  0.007
	  0.961	  0.161	  0.224

4 	  40.99	   6.06	  -1.21
	  0.729	  0.614	  0.301
	 -0.677	  0.583	  0.449
	  0.100	 -0.532	  0.841

5 	  34.59	  10.21	   5.27
	 -0.431	  0.420	  0.798
	 -0.482	 -0.855	  0.190
	  0.763	 -0.302	  0.571

6 	  32.38	  13.10	  15.21
	 -0.442	  0.139	  0.886
	 -0.782	  0.424	 -0.457
	 -0.439	 -0.895	 -0.079

7 	  40.71	  -6.24	  -1.83
	  0.617	 -0.757	  0.214
	  0.733	  0.454	 -0.506
	  0.286	  0.469	  0.835

8 	  34.82	  -9.47	   4.29
	  0.571	  0.387	 -0.724
	 -0.276	  0.921	  0.276
	  0.773	  0.041	  0.632

9 	  32.06	 -13.17	  15.49
	 -0.436	 -0.001	  0.900
	  0.763	  0.530	  0.370
	 -0.478	  0.847	 -0.231

2 	  33.57	  -8.02	  22.76
	  0.681	  0.731	 -0.034
	 -0.733	  0.679	 -0.037
	 -0.003	  0.050	  0.999

3 	  37.20	  -0.72	   1.18
	  0.219	  0.048	 -0.975
	 -0.168	  0.986	  0.011
	  0.961	  0.161	  0.224

4 	  40.99	   6.03	  -1.23
	  0.727	  0.611	  0.311
	 -0.680	  0.582	  0.446
	  0.092	 -0.536	  0.839

5 	  34.51	  10.12	   5.19
	 -0.445	  0.418	  0.792
	 -0.474	 -0.860	  0.188
	  0.760	 -0.292	  0.581

6 	  32.17	  13.04	  15.08
	 -0.456	  0.140	  0.879
	 -0.776	  0.422	 -0.469
	 -0.437	 -0.896	 -0.084

7 	  40.71	  -6.24	  -1.81
	  0.616	 -0.756	  0.222
	  0.737	  0.452	 -0.502
	  0.280	  0.473	  0.835

8 	  34.84	  -9.51	   4.22
	  0.577	  0.389	 -0.718
	 -0.283	  0.920	  0.271
	  0.766	  0.047	  0.640

9 	  31.97	 -13.24	  15.38
	 -0.450	 -0.009	  0.893
	  0.751	  0.537	  0.383
	 -0.483	  0.843	 -0.235

2 	  33.57	  -8.03	  22.78
	  0.682	  0.731	 -0.034
	 -0.732	  0.680	 -0.037
	 -0.003	  0.050	  0.999

3 	  37.20	  -0.72	   1.16
	  0.217	  0.050	 -0.975
	 -0.173	  0.985	  0.013
	  0.961	  0.165	  0.223

4 	  41.01	   6.01	  -1.23
	  0.723	  0.613	  0.318
	 -0.686	  0.578	  0.442
	  0.087	 -0.538	  0.838

5 	  34.42	  10.04	   5.06
	 -0.459	  0.418	  0.784
	 -0.467	 -0.864	  0.188
	  0.756	 -0.279	  0.591

6 	  31.92	  13.06	  14.91
	 -0.472	  0.145	  0.870
	 -0.768	  0.417	 -0.486
	 -0.433	 -0.897	 -0.085

7 	  40.75	  -6.26	  -1.83
	  0.614	 -0.756	  0.227
	  0.741	  0.451	 -0.498
	  0.275	  0.474	  0.836

8 	  34.80	  -9.47	   4.15
	  0.584	  0.387	 -0.713
	 -0.283	  0.920	  0.269
	  0.761	  0.044	  0.647

9 	  31.83	 -13.18	  15.29
	 -0.459	 -0.009	  0.888
	  0.747	  0.537	  0.391
	 -0.481	  0.843	 -0.241

2 	  33.59	  -8.03	  22.78
	  0.681	  0.731	 -0.034
	 -0.733	  0.679	 -0.037
	 -0.003	  0.050	  0.999

3 	  37.23	  -0.74	   1.14
	  0.219	  0.053	 -0.974
	 -0.172	  0.985	  0.015
	  0.960	  0.164	  0.224

4 	  41.01	   5.99	  -1.27
	  0.721	  0.612	  0.325
	 -0.688	  0.577	  0.439
	  0.081	 -0.541	  0.837

5 	  34.40	  10.02	   4.99
	 -0.465	  0.419	  0.780
	 -0.465	 -0.865	  0.188
	  0.753	 -0.275	  0.597

6 	  31.83	  13.04	  14.80
	 -0.479	  0.148	  0.865
	 -0.761	  0.419	 -0.494
	 -0.436	 -0.896	 -0.088

7 	  40.76	  -6.26	  -1.85
	  0.611	 -0.757	  0.231
	  0.744	  0.449	 -0.494
	  0.271	  0.474	  0.838

8 	  34.79	  -9.47	   4.06
	  0.591	  0.387	 -0.708
	 -0.283	  0.921	  0.268
	  0.755	  0.041	  0.653

9 	  31.68	 -13.22	  15.17
	 -0.472	 -0.012	  0.881
	  0.740	  0.538	  0.403
	 -0.479	  0.842	 -0.245

2 	  33.57	  -8.02	  22.76
	  0.681	  0.731	 -0.034
	 -0.733	  0.679	 -0.037
	 -0.003	  0.050	  0.999

3 	  37.23	  -0.74	   1.12
	  0.221	  0.057	 -0.974
	 -0.171	  0.985	  0.019
	  0.960	  0.162	  0.227

4 	  41.03	   6.01	  -1.27
	  0.719	  0.610	  0.333
	 -0.691	  0.576	  0.437
	  0.075	 -0.544	  0.835

5 	  34.37	   9.95	   4.92
	 -0.475	  0.418	  0.774
	 -0.461	 -0.868	  0.186
	  0.750	 -0.268	  0.605

6 	  31.64	  13.06	  14.70
	 -0.495	  0.151	  0.856
	 -0.751	  0.422	 -0.508
	 -0.438	 -0.894	 -0.095

7 	  40.78	  -6.24	  -1.85
	  0.609	 -0.758	  0.234
	  0.747	  0.448	 -0.490
	  0.266	  0.473	  0.839

8 	  34.77	  -9.46	   4.03
	  0.595	  0.388	 -0.703
	 -0.284	  0.920	  0.269
	  0.752	  0.040	  0.658

9 	  31.61	 -13.22	  15.10
	 -0.477	 -0.014	  0.879
	  0.737	  0.538	  0.408
	 -0.479	  0.842	 -0.247

2 	  33.57	  -8.03	  22.76
	  0.681	  0.731	 -0.034
	 -0.733	  0.679	 -0.037
	 -0.003	  0.050	  0.999

3 	  37.23	  -0.74	   1.12
	  0.222	  0.058	 -0.973
	 -0.172	  0.985	  0.020
	  0.960	  0.163	  0.229

4 	  41.03	   6.01	  -1.28
	  0.719	  0.609	  0.334
	 -0.691	  0.575	  0.437
	  0.074	 -0.546	  0.834

5 	  34.35	   9.93	   4.90
	 -0.478	  0.417	  0.773
	 -0.460	 -0.868	  0.185
	  0.749	 -0.267	  0.606

6 	  31.59	  13.04	  14.66
	 -0.501	  0.152	  0.852
	 -0.745	  0.426	 -0.514
	 -0.442	 -0.892	 -0.100

7 	  40.78	  -6.24	  -1.86
	  0.607	 -0.758	  0.237
	  0.750	  0.447	 -0.488
	  0.264	  0.474	  0.840

8 	  34.73	  -9.46	   3.97
	  0.601	  0.387	 -0.699
	 -0.282	  0.921	  0.268
	  0.748	  0.036	  0.662

9 	  31.50	 -13.24	  15.01
	 -0.485	 -0.015	  0.874
	  0.733	  0.538	  0.415
	 -0.477	  0.842	 -0.250

2 	  33.57	  -8.03	  22.76
	  0.682	  0.731	 -0.034
	 -0.732	  0.680	 -0.037
	 -0.003	  0.050	  0.999

3 	  37.21	  -0.74	   1.12
	  0.222	  0.060	 -0.973
	 -0.174	  0.984	  0.021
	  0.959	  0.165	  0.229

4 	  41.03	   5.99	  -1.27
	  0.719	  0.608	  0.337
	 -0.692	  0.575	  0.436
	  0.071	 -0.547	  0.834

5 	  34.33	   9.91	   4.89
	 -0.480	  0.417	  0.771
	 -0.459	 -0.869	  0.185
	  0.748	 -0.265	  0.608

6 	  31.57	  13.04	  14.64
	 -0.503	  0.154	  0.850
	 -0.743	  0.426	 -0.517
	 -0.442	 -0.891	 -0.100

7 	  40.78	  -6.26	  -1.86
	  0.607	 -0.757	  0.240
	  0.750	  0.446	 -0.487
	  0.262	  0.476	  0.839

8 	  34.72	  -9.46	   3.97
	  0.601	  0.388	 -0.699
	 -0.285	  0.920	  0.267
	  0.747	  0.038	  0.664

9 	  31.50	 -13.25	  15.01
	 -0.486	 -0.016	  0.874
	  0.731	  0.540	  0.416
	 -0.479	  0.841	 -0.251

2 	  33.57	  -8.02	  22.78
	  0.681	  0.731	 -0.034
	 -0.733	  0.679	 -0.037
	 -0.003	  0.050	  0.999

3 	  37.21	  -0.76	   1.12
	  0.221	  0.060	 -0.973
	 -0.176	  0.984	  0.021
	  0.959	  0.166	  0.229

4 	  41.01	   5.98	  -1.27
	  0.719	  0.608	  0.338
	 -0.692	  0.575	  0.436
	  0.070	 -0.547	  0.834

5 	  34.40	   9.93	   5.06
	 -0.468	  0.412	  0.782
	 -0.464	 -0.867	  0.180
	  0.752	 -0.279	  0.596

6 	  31.94	  12.99	  14.92
	 -0.483	  0.150	  0.862
	 -0.749	  0.440	 -0.496
	 -0.453	 -0.885	 -0.100

7 	  40.73	  -6.28	  -1.83
	  0.610	 -0.755	  0.237
	  0.746	  0.447	 -0.493
	  0.267	  0.478	  0.836

8 	  34.84	  -9.58	   4.25
	  0.574	  0.387	 -0.721
	 -0.301	  0.919	  0.254
	  0.761	  0.071	  0.644

9 	  32.03	 -13.31	  15.42
	 -0.451	 -0.017	  0.892
	  0.742	  0.548	  0.385
	 -0.496	  0.836	 -0.235

2 	  33.57	  -8.02	  22.78
	  0.681	  0.731	 -0.034
	 -0.733	  0.679	 -0.037
	 -0.003	  0.050	  0.999

3 	  37.18	  -0.76	   1.16
	  0.221	  0.061	 -0.973
	 -0.174	  0.984	  0.022
	  0.959	  0.165	  0.228

4 	  40.97	   6.05	  -1.18
	  0.729	  0.603	  0.322
	 -0.679	  0.580	  0.450
	  0.085	 -0.547	  0.833

5 	  34.63	  10.12	   5.45
	 -0.429	  0.413	  0.803
	 -0.486	 -0.855	  0.180
	  0.762	 -0.313	  0.567

6 	  32.61	  13.08	  15.42
	 -0.444	  0.150	  0.883
	 -0.763	  0.453	 -0.461
	 -0.470	 -0.879	 -0.086

7 	  40.66	  -6.36	  -1.76
	  0.623	 -0.750	  0.223
	  0.727	  0.448	 -0.520
	  0.291	  0.486	  0.824

8 	  35.02	  -9.83	   4.61
	  0.523	  0.388	 -0.759
	 -0.346	  0.910	  0.228
	  0.779	  0.143	  0.610

9 	  32.84	 -13.41	  15.94
	 -0.404	 -0.012	  0.914
	  0.755	  0.560	  0.341
	 -0.516	  0.828	 -0.218

2 	  33.59	  -8.02	  22.78
	  0.681	  0.731	 -0.034
	 -0.733	  0.679	 -0.037
	 -0.003	  0.050	  0.999

3 	  37.14	  -0.76	   1.25
	  0.222	  0.059	 -0.973
	 -0.167	  0.985	  0.022
	  0.960	  0.157	  0.229

4 	  40.96	   6.08	  -1.12
	  0.740	  0.598	  0.307
	 -0.665	  0.584	  0.465
	  0.099	 -0.549	  0.830

5 	  34.93	  10.30	   5.84
	 -0.381	  0.413	  0.827
	 -0.507	 -0.841	  0.187
	  0.773	 -0.348	  0.530

6 	  33.47	  13.17	  15.94
	 -0.394	  0.145	  0.908
	 -0.783	  0.464	 -0.414
	 -0.481	 -0.874	 -0.069

7 	  40.66	  -6.40	  -1.71
	  0.641	 -0.738	  0.210
	  0.704	  0.455	 -0.545
	  0.308	  0.497	  0.811

8 	  35.30	 -10.09	   4.90
	  0.474	  0.399	 -0.785
	 -0.386	  0.895	  0.222
	  0.791	  0.197	  0.578

9 	  33.70	 -13.54	  16.31
	 -0.363	 -0.008	  0.932
	  0.755	  0.583	  0.299
	 -0.546	  0.812	 -0.206

2 	  33.57	  -8.02	  22.76
	  0.681	  0.731	 -0.034
	 -0.733	  0.679	 -0.037
	 -0.003	  0.050	  0.999

3 	  37.18	  -0.77	   1.28
	  0.226	  0.060	 -0.972
	 -0.158	  0.987	  0.025
	  0.961	  0.147	  0.233

4 	  40.99	   6.13	  -1.07
	  0.754	  0.587	  0.294
	 -0.647	  0.590	  0.483
	  0.110	 -0.555	  0.824

5 	  35.35	  10.51	   6.29
	 -0.324	  0.417	  0.849
	 -0.534	 -0.822	  0.199
	  0.781	 -0.389	  0.489

6 	  34.54	  13.29	  16.45
	 -0.336	  0.145	  0.930
	 -0.795	  0.486	 -0.364
	 -0.505	 -0.862	 -0.049

7 	  40.71	  -6.45	  -1.69
	  0.661	 -0.725	  0.194
	  0.680	  0.468	 -0.564
	  0.319	  0.505	  0.802

8 	  35.67	 -10.37	   5.13
	  0.424	  0.411	 -0.807
	 -0.418	  0.879	  0.229
	  0.803	  0.240	  0.545

9 	  34.65	 -13.78	  16.61
	 -0.323	 -0.015	  0.946
	  0.744	  0.614	  0.263
	 -0.585	  0.789	 -0.188

2 	  33.57	  -8.03	  22.78
	  0.682	  0.731	 -0.034
	 -0.732	  0.680	 -0.037
	 -0.003	  0.050	  0.999

3 	  37.21	  -0.74	   1.35
	  0.235	  0.062	 -0.970
	 -0.153	  0.988	  0.026
	  0.960	  0.142	  0.242

4 	  41.10	   6.24	  -1.00
	  0.771	  0.570	  0.283
	 -0.626	  0.598	  0.500
	  0.116	 -0.563	  0.818

5 	  35.89	  10.76	   6.84
	 -0.257	  0.415	  0.872
	 -0.557	 -0.802	  0.217
	  0.790	 -0.430	  0.437

6 	  35.81	  13.38	  17.02
	 -0.271	  0.140	  0.952
	 -0.812	  0.498	 -0.306
	 -0.517	 -0.856	 -0.022

7 	  40.78	  -6.45	  -1.62
	  0.682	 -0.709	  0.180
	  0.654	  0.480	 -0.584
	  0.329	  0.516	  0.791

8 	  36.18	 -10.60	   5.54
	  0.366	  0.416	 -0.832
	 -0.444	  0.864	  0.237
	  0.818	  0.282	  0.501

9 	  35.81	 -13.90	  17.05
	 -0.272	 -0.014	  0.962
	  0.731	  0.646	  0.217
	 -0.625	  0.762	 -0.166

2 	  33.59	  -8.03	  22.78
	  0.681	  0.731	 -0.034
	 -0.733	  0.679	 -0.037
	 -0.003	  0.050	  0.999

3 	  37.23	  -0.76	   1.37
	  0.238	  0.061	 -0.969
	 -0.153	  0.988	  0.024
	  0.959	  0.142	  0.244

4 	  41.17	   6.28	  -0.90
	  0.789	  0.550	  0.273
	 -0.603	  0.606	  0.519
	  0.120	 -0.574	  0.810

5 	  36.53	  10.81	   7.52
	 -0.171	  0.407	  0.897
	 -0.566	 -0.786	  0.248
	  0.806	 -0.466	  0.365

6 	  37.28	  13.29	  17.70
	 -0.190	  0.131	  0.973
	 -0.832	  0.503	 -0.233
	 -0.521	 -0.853	  0.012

7 	  40.83	  -6.50	  -1.55
	  0.699	 -0.695	  0.167
	  0.632	  0.491	 -0.599
	  0.335	  0.525	  0.782

8 	  36.67	 -10.72	   6.01
	  0.299	  0.418	 -0.858
	 -0.466	  0.848	  0.251
	  0.833	  0.324	  0.448

9 	  37.14	 -13.80	  17.54
	 -0.206	 -0.011	  0.978
	  0.725	  0.669	  0.161
	 -0.657	  0.742	 -0.131

2 	  33.57	  -8.03	  22.76
	  0.682	  0.731	 -0.034
	 -0.732	  0.680	 -0.037
	 -0.003	  0.050	  0.999

3 	  37.25	  -0.76	   1.44
	  0.244	  0.060	 -0.968
	 -0.154	  0.988	  0.023
	  0.957	  0.143	  0.250

4 	  41.19	   6.33	  -0.77
	  0.805	  0.531	  0.264
	 -0.579	  0.610	  0.540
	  0.126	 -0.588	  0.799

5 	  37.07	  10.78	   8.24
	 -0.081	  0.393	  0.916
	 -0.558	 -0.779	  0.285
	  0.825	 -0.488	  0.282

6 	  38.69	  13.13	  18.28
	 -0.102	  0.117	  0.988
	 -0.855	  0.496	 -0.149
	 -0.508	 -0.860	  0.047

7 	  40.82	  -6.50	  -1.49
	  0.716	 -0.682	  0.151
	  0.608	  0.501	 -0.615
	  0.345	  0.532	  0.773

8 	  37.20	 -10.69	   6.57
	  0.221	  0.410	 -0.885
	 -0.465	  0.842	  0.273
	  0.857	  0.350	  0.377

9 	  38.58	 -13.68	  18.00
	 -0.120	 -0.004	  0.993
	  0.736	  0.670	  0.093
	 -0.666	  0.742	 -0.079

2 	  33.57	  -8.02	  22.76
	  0.681	  0.731	 -0.034
	 -0.733	  0.679	 -0.037
	 -0.003	  0.050	  0.999

3 	  37.25	  -0.72	   1.49
	  0.252	  0.055	 -0.966
	 -0.151	  0.988	  0.017
	  0.956	  0.141	  0.257

4 	  41.20	   6.35	  -0.65
	  0.821	  0.511	  0.255
	 -0.558	  0.616	  0.556
	  0.127	 -0.599	  0.791

5 	  37.71	  10.58	   8.91
	  0.021	  0.377	  0.926
	 -0.531	 -0.781	  0.330
	  0.847	 -0.498	  0.184

6 	  40.25	  12.83	  18.77
	  0.005	  0.095	  0.995
	 -0.881	  0.472	 -0.042
	 -0.475	 -0.876	  0.084

7 	  40.78	  -6.56	  -1.41
	  0.727	 -0.673	  0.136
	  0.590	  0.509	 -0.626
	  0.353	  0.536	  0.767

8 	  37.72	 -10.76	   7.10
	  0.135	  0.407	 -0.903
	 -0.447	  0.839	  0.311
	  0.884	  0.361	  0.295

9 	  40.18	 -13.64	  18.33
	 -0.017	  0.002	  1.000
	  0.753	  0.657	  0.014
	 -0.658	  0.753	 -0.014

2 	  33.59	  -8.03	  22.78
	  0.682	  0.731	 -0.034
	 -0.732	  0.680	 -0.037
	 -0.003	  0.050	  0.999

3 	  37.21	  -0.72	   1.55
	  0.257	  0.047	 -0.965
	 -0.138	  0.990	  0.012
	  0.956	  0.129	  0.262

4 	  41.24	   6.33	  -0.56
	  0.835	  0.492	  0.245
	 -0.536	  0.623	  0.570
	  0.127	 -0.608	  0.784

5 	  38.48	  10.39	   9.62
	  0.150	  0.353	  0.924
	 -0.495	 -0.782	  0.377
	  0.856	 -0.513	  0.058

6 	  41.96	  12.46	  19.05
	  0.132	  0.069	  0.989
	 -0.897	  0.434	  0.086
	 -0.426	 -0.897	  0.117

7 	  40.76	  -6.57	  -1.34
	  0.737	 -0.663	  0.129
	  0.572	  0.510	 -0.642
	  0.361	  0.548	  0.755

8 	  38.39	 -10.62	   7.72
	  0.036	  0.387	 -0.921
	 -0.413	  0.845	  0.339
	  0.910	  0.368	  0.190

9 	  41.91	 -13.17	  18.62
	  0.093	  0.027	  0.995
	  0.760	  0.644	 -0.086
	 -0.645	  0.763	  0.037

2 	  33.57	  -8.03	  22.76
	  0.681	  0.731	 -0.034
	 -0.733	  0.679	 -0.037
	 -0.003	  0.050	  0.999

3 	  37.20	  -0.74	   1.56
	  0.258	  0.044	 -0.965
	 -0.133	  0.991	  0.010
	  0.957	  0.126	  0.262

4 	  41.24	   6.36	  -0.47
	  0.841	  0.482	  0.245
	 -0.527	  0.623	  0.578
	  0.126	 -0.616	  0.778

5 	  39.16	  10.11	  10.25
	  0.281	  0.304	  0.910
	 -0.461	 -0.790	  0.405
	  0.843	 -0.531	 -0.081

6 	  43.54	  12.08	  19.21
	  0.252	  0.042	  0.967
	 -0.898	  0.384	  0.214
	 -0.367	 -0.921	  0.132

7 	  40.78	  -6.57	  -1.23
	  0.746	 -0.653	  0.127
	  0.560	  0.513	 -0.650
	  0.360	  0.556	  0.748

8 	  38.99	 -10.65	   8.17
	 -0.045	  0.383	 -0.923
	 -0.398	  0.841	  0.367
	  0.917	  0.383	  0.115

9 	  43.33	 -13.10	  18.67
	  0.179	  0.039	  0.983
	  0.755	  0.636	 -0.159
	 -0.635	  0.769	  0.082

2 	  33.57	  -8.03	  22.76
	  0.682	  0.731	 -0.034
	 -0.732	  0.680	 -0.037
	 -0.003	  0.050	  0.999

3 	  37.20	  -0.74	   1.60
	  0.259	  0.036	 -0.965
	 -0.123	  0.992	  0.004
	  0.958	  0.117	  0.261

4 	  41.26	   6.33	  -0.39
	  0.849	  0.469	  0.244
	 -0.515	  0.627	  0.585
	  0.121	 -0.622	  0.773

5 	  39.92	   9.86	  10.71
	  0.391	  0.272	  0.879
	 -0.418	 -0.800	  0.431
	  0.822	 -0.534	 -0.199

6 	  45.04	  11.76	  19.12
	  0.361	  0.018	  0.932
	 -0.878	  0.345	  0.330
	 -0.321	 -0.937	  0.139

7 	  40.75	  -6.64	  -1.14
	  0.750	 -0.649	  0.126
	  0.554	  0.513	 -0.656
	  0.362	  0.562	  0.744

8 	  39.59	 -10.49	   8.65
	 -0.134	  0.365	 -0.921
	 -0.342	  0.856	  0.387
	  0.930	  0.366	  0.010

9 	  44.82	 -12.74	  18.65
	  0.293	  0.063	  0.954
	  0.764	  0.585	 -0.270
	 -0.580	  0.806	  0.121

2 	  33.57	  -8.02	  22.76
	  0.682	  0.731	 -0.034
	 -0.732	  0.680	 -0.037
	 -0.003	  0.050	  0.999

3 	  37.16	  -0.77	   1.63
	  0.256	  0.027	 -0.966
	 -0.115	  0.993	 -0.002
	  0.960	  0.111	  0.257

4 	  41.24	   6.28	  -0.35
	  0.853	  0.463	  0.241
	 -0.509	  0.631	  0.585
	  0.119	 -0.622	  0.774

5 	  40.46	   9.63	  11.06
	  0.465	  0.251	  0.849
	 -0.377	 -0.812	  0.445
	  0.803	 -0.525	 -0.283

6 	  46.12	  11.48	  18.95
	  0.446	  0.001	  0.895
	 -0.854	  0.306	  0.421
	 -0.280	 -0.950	  0.136

7 	  40.64	  -6.70	  -1.02
	  0.750	 -0.649	  0.125
	  0.552	  0.511	 -0.659
	  0.364	  0.564	  0.741

8 	  40.04	 -10.32	   9.05
	 -0.207	  0.344	 -0.916
	 -0.298	  0.870	  0.393
	  0.932	  0.353	 -0.077

9 	  45.97	 -12.39	  18.56
	  0.376	  0.077	  0.923
	  0.753	  0.558	 -0.349
	 -0.547	  0.823	  0.151

2 	  33.57	  -8.02	  22.76
	  0.681	  0.731	 -0.034
	 -0.733	  0.679	 -0.037
	 -0.003	  0.050	  0.999

3 	  37.12	  -0.81	   1.67
	  0.250	  0.021	 -0.968
	 -0.107	  0.994	 -0.006
	  0.962	  0.105	  0.251

4 	  41.20	   6.26	  -0.32
	  0.854	  0.463	  0.238
	 -0.507	  0.635	  0.582
	  0.119	 -0.618	  0.777

5 	  41.03	   9.49	  11.18
	  0.525	  0.248	  0.814
	 -0.334	 -0.821	  0.463
	  0.785	 -0.513	 -0.348

6 	  47.02	  11.43	  18.63
	  0.505	  0.005	  0.863
	 -0.829	  0.284	  0.481
	 -0.249	 -0.957	  0.147

7 	  40.64	  -6.70	  -1.00
	  0.750	 -0.650	  0.117
	  0.550	  0.516	 -0.656
	  0.367	  0.557	  0.745

8 	  40.59	 -10.14	   9.32
	 -0.273	  0.333	 -0.902
	 -0.245	  0.884	  0.399
	  0.931	  0.327	 -0.159

9 	  47.14	 -12.29	  18.25
	  0.461	  0.069	  0.884
	  0.744	  0.515	 -0.424
	 -0.491	  0.852	  0.184

2 	  33.57	  -8.03	  22.78
	  0.682	  0.731	 -0.034
	 -0.732	  0.680	 -0.037
	 -0.003	  0.050	  0.999

3 	  37.12	  -0.83	   1.67
	  0.246	  0.017	 -0.969
	 -0.104	  0.994	 -0.009
	  0.964	  0.102	  0.246

4 	  41.19	   6.26	  -0.30
	  0.855	  0.462	  0.233
	 -0.505	  0.642	  0.576
	  0.117	 -0.611	  0.783

5 	  41.38	   9.16	  11.37
	  0.568	  0.226	  0.791
	 -0.299	 -0.839	  0.454
	  0.767	 -0.493	 -0.409

6 	  47.51	  11.21	  18.56
	  0.537	  0.004	  0.843
	 -0.818	  0.250	  0.517
	 -0.215	 -0.967	  0.137

7 	  40.59	  -6.70	  -0.95
	  0.751	 -0.651	  0.109
	  0.549	  0.523	 -0.651
	  0.368	  0.549	  0.750

8 	  40.94	  -9.77	   9.62
	 -0.326	  0.303	 -0.895
	 -0.201	  0.904	  0.377
	  0.924	  0.301	 -0.234

9 	  47.95	 -11.65	  18.11
	  0.528	  0.091	  0.844
	  0.730	  0.462	 -0.503
	 -0.443	  0.879	  0.177

2 	  33.57	  -8.03	  22.76
	  0.682	  0.731	 -0.034
	 -0.732	  0.680	 -0.037
	 -0.003	  0.050	  0.999

3 	  37.04	  -0.86	   1.72
	  0.236	  0.020	 -0.972
	 -0.115	  0.993	 -0.007
	  0.965	  0.113	  0.237

4 	  40.96	   6.24	  -0.26
	  0.850	  0.475	  0.224
	 -0.510	  0.641	  0.573
	  0.129	 -0.602	  0.788

5 	  41.26	   8.86	  11.48
	  0.580	  0.210	  0.787
	 -0.277	 -0.858	  0.432
	  0.767	 -0.468	 -0.440

6 	  47.37	  11.06	  18.70
	  0.545	  0.012	  0.838
	 -0.825	  0.194	  0.531
	 -0.162	 -0.980	  0.116

7 	  40.45	  -6.73	  -0.91
	  0.748	 -0.656	  0.097
	  0.548	  0.528	 -0.649
	  0.375	  0.539	  0.754

8 	  40.96	  -9.72	   9.79
	 -0.357	  0.292	 -0.887
	 -0.200	  0.904	  0.376
	  0.913	  0.310	 -0.264

9 	  48.18	 -11.30	  18.00
	  0.550	  0.117	  0.827
	  0.707	  0.465	 -0.532
	 -0.453	  0.875	  0.172

2 	  33.57	  -8.02	  22.76
	  0.682	  0.731	 -0.034
	 -0.732	  0.680	 -0.037
	 -0.003	  0.050	  0.999

3 	  36.97	  -0.88	   1.76
	  0.230	  0.026	 -0.973
	 -0.117	  0.993	 -0.002
	  0.966	  0.114	  0.232

4 	  40.87	   6.22	  -0.26
	  0.851	  0.478	  0.216
	 -0.508	  0.644	  0.572
	  0.135	 -0.597	  0.791

5 	  41.13	   8.72	  11.58
	  0.581	  0.202	  0.788
	 -0.259	 -0.873	  0.413
	  0.773	 -0.442	 -0.455

6 	  47.29	  10.97	  18.74
	  0.552	  0.012	  0.834
	 -0.823	  0.175	  0.540
	 -0.145	 -0.984	  0.107

7 	  40.32	  -6.73	  -0.88
	  0.741	 -0.665	  0.091
	  0.552	  0.526	 -0.647
	  0.383	  0.530	  0.756

8 	  40.89	  -9.65	   9.93
	 -0.373	  0.292	 -0.880
	 -0.187	  0.906	  0.378
	  0.909	  0.304	 -0.283

9 	  48.15	 -11.30	  18.02
	  0.554	  0.124	  0.823
	  0.704	  0.460	 -0.539
	 -0.453	  0.876	  0.167

