% Calibrated with leiden_pols
% Positions are in centimeters
Data =[
 2    97.016   -18.704    59.874
 2     0.394    -0.919     0.008
 2     0.917     0.394     0.052
 2    -0.051    -0.014     0.998
 3   124.160    -3.749     8.927
 3    -0.474    -0.097    -0.875
 3     0.117    -0.992     0.046
 3    -0.873    -0.081     0.481
 4   116.032    15.597    -5.304
 4     0.681    -0.726     0.093
 4     0.693     0.599    -0.400
 4     0.234     0.337     0.912
 5   114.690    25.700    19.012
 5     0.177    -0.694     0.698
 5     0.219    -0.663    -0.716
 5     0.959     0.279     0.035
 6   127.487    25.055    43.839
 6     0.232    -0.457    -0.859
 6    -0.104     0.866    -0.489
 6     0.967     0.202     0.154
 7   118.167   -23.630    -3.951
 7     0.605     0.795    -0.038
 7    -0.714     0.562     0.418
 7     0.354    -0.226     0.907
 8   118.644   -32.311    20.023
 8     0.225     0.907     0.356
 8    -0.068    -0.350     0.934
 8     0.972    -0.234    -0.018
 9   129.533   -29.605    43.984
 9     0.206     0.220    -0.953
 9     0.045     0.971     0.234
 9     0.977    -0.092     0.190
 2    97.016   -18.755    59.873
 2     0.395    -0.919     0.008
 2     0.917     0.394     0.052
 2    -0.051    -0.013     0.999
 3   124.164    -3.747     8.896
 3    -0.474    -0.097    -0.875
 3     0.117    -0.992     0.046
 3    -0.872    -0.081     0.482
 4   116.032    15.623    -5.304
 4     0.681    -0.726     0.094
 4     0.693     0.599    -0.400
 4     0.234     0.337     0.911
 5   114.689    25.700    19.063
 5     0.177    -0.694     0.698
 5     0.219    -0.664    -0.715
 5     0.959     0.279     0.035
 6   127.486    25.055    43.888
 6     0.232    -0.457    -0.858
 6    -0.104     0.866    -0.489
 6     0.967     0.203     0.153
 7   118.167   -23.579    -3.951
 7     0.605     0.795    -0.038
 7    -0.713     0.562     0.418
 7     0.354    -0.226     0.907
 8   118.594   -32.311    20.023
 8     0.225     0.906     0.357
 8    -0.068    -0.351     0.934
 8     0.972    -0.234    -0.018
 9   129.508   -29.605    44.035
 9     0.206     0.221    -0.953
 9     0.045     0.971     0.235
 9     0.977    -0.092     0.190
 2    97.017   -18.704    59.823
 2     0.394    -0.919     0.007
 2     0.917     0.394     0.052
 2    -0.051    -0.014     0.998
 3   124.112    -3.696     8.895
 3    -0.475    -0.096    -0.875
 3     0.116    -0.992     0.046
 3    -0.872    -0.080     0.482
 4   116.032    15.623    -5.254
 4     0.681    -0.726     0.093
 4     0.694     0.599    -0.400
 4     0.234     0.337     0.911
 5   114.673    25.703    19.077
 5     0.176    -0.693     0.699
 5     0.219    -0.665    -0.714
 5     0.960     0.279     0.035
 6   127.436    25.055    43.887
 6     0.232    -0.459    -0.858
 6    -0.104     0.865    -0.491
 6     0.967     0.203     0.153
 7   118.116   -23.580    -3.922
 7     0.605     0.795    -0.037
 7    -0.714     0.562     0.418
 7     0.353    -0.227     0.907
 8   118.519   -32.260    20.099
 8     0.225     0.906     0.359
 8    -0.068    -0.353     0.933
 8     0.972    -0.234    -0.018
 9   129.508   -29.605    44.035
 9     0.207     0.222    -0.953
 9     0.045     0.970     0.236
 9     0.977    -0.092     0.190
 2    97.017   -18.704    59.823
 2     0.394    -0.919     0.008
 2     0.917     0.394     0.052
 2    -0.051    -0.014     0.998
 3   124.108    -3.748     8.926
 3    -0.474    -0.097    -0.875
 3     0.116    -0.992     0.047
 3    -0.873    -0.080     0.481
 4   115.981    15.623    -5.254
 4     0.680    -0.727     0.094
 4     0.694     0.598    -0.400
 4     0.234     0.337     0.911
 5   114.622    25.705    19.077
 5     0.175    -0.692     0.700
 5     0.220    -0.666    -0.713
 5     0.960     0.278     0.035
 6   127.435    25.057    43.937
 6     0.233    -0.460    -0.857
 6    -0.103     0.864    -0.492
 6     0.967     0.203     0.153
 7   118.118   -23.528    -3.925
 7     0.605     0.795    -0.038
 7    -0.713     0.563     0.419
 7     0.354    -0.227     0.907
 8   118.470   -32.235    20.150
 8     0.224     0.905     0.359
 8    -0.068    -0.354     0.933
 8     0.972    -0.234    -0.018
 9   129.458   -29.554    44.137
 9     0.206     0.224    -0.952
 9     0.045     0.970     0.238
 9     0.977    -0.092     0.190
 2    97.017   -18.704    59.823
 2     0.394    -0.919     0.008
 2     0.917     0.394     0.052
 2    -0.051    -0.014     0.998
 3   124.108    -3.749     8.925
 3    -0.473    -0.097    -0.875
 3     0.116    -0.992     0.047
 3    -0.873    -0.079     0.481
 4   115.984    15.624    -5.231
 4     0.680    -0.727     0.093
 4     0.694     0.598    -0.400
 4     0.235     0.337     0.911
 5   114.621    25.705    19.128
 5     0.175    -0.692     0.701
 5     0.220    -0.666    -0.713
 5     0.960     0.278     0.035
 6   127.409    25.107    43.988
 6     0.232    -0.461    -0.856
 6    -0.103     0.864    -0.494
 6     0.967     0.203     0.153
 7   118.071   -23.528    -3.928
 7     0.604     0.795    -0.038
 7    -0.713     0.562     0.420
 7     0.355    -0.227     0.907
 8   118.470   -32.236    20.151
 8     0.225     0.905     0.360
 8    -0.069    -0.354     0.932
 8     0.972    -0.234    -0.018
 9   129.457   -29.605    44.162
 9     0.206     0.226    -0.952
 9     0.045     0.970     0.239
 9     0.977    -0.092     0.190
 2    97.017   -18.704    59.823
 2     0.394    -0.919     0.007
 2     0.917     0.394     0.052
 2    -0.051    -0.014     0.999
 3   124.103    -3.801     8.981
 3    -0.472    -0.097    -0.876
 3     0.115    -0.992     0.047
 3    -0.874    -0.079     0.479
 4   116.036    15.625    -5.234
 4     0.680    -0.727     0.093
 4     0.694     0.598    -0.401
 4     0.236     0.337     0.911
 5   114.622    25.705    19.129
 5     0.174    -0.691     0.701
 5     0.220    -0.667    -0.712
 5     0.960     0.278     0.036
 6   127.360    25.056    43.988
 6     0.232    -0.462    -0.856
 6    -0.103     0.863    -0.494
 6     0.967     0.203     0.153
 7   118.073   -23.527    -3.830
 7     0.604     0.796    -0.039
 7    -0.713     0.561     0.420
 7     0.356    -0.227     0.906
 8   118.471   -32.236    20.202
 8     0.224     0.905     0.361
 8    -0.069    -0.355     0.932
 8     0.972    -0.234    -0.018
 9   129.409   -29.605    44.163
 9     0.207     0.227    -0.952
 9     0.045     0.969     0.240
 9     0.977    -0.093     0.190
 2    97.016   -18.704    59.823
 2     0.394    -0.919     0.008
 2     0.917     0.394     0.052
 2    -0.051    -0.013     0.999
 3   124.098    -3.702     8.986
 3    -0.471    -0.096    -0.877
 3     0.115    -0.992     0.047
 3    -0.875    -0.078     0.478
 4   115.989    15.676    -5.186
 4     0.679    -0.728     0.092
 4     0.694     0.597    -0.401
 4     0.237     0.336     0.911
 5   114.571    25.655    19.179
 5     0.174    -0.690     0.702
 5     0.220    -0.668    -0.711
 5     0.960     0.278     0.035
 6   127.359    25.058    44.012
 6     0.233    -0.464    -0.854
 6    -0.102     0.862    -0.496
 6     0.967     0.203     0.153
 7   118.076   -23.526    -3.883
 7     0.603     0.796    -0.039
 7    -0.713     0.561     0.421
 7     0.357    -0.227     0.906
 8   118.420   -32.238    20.202
 8     0.225     0.905     0.361
 8    -0.070    -0.355     0.932
 8     0.972    -0.235    -0.017
 9   129.409   -29.605    44.163
 9     0.207     0.228    -0.952
 9     0.045     0.969     0.242
 9     0.977    -0.093     0.190
 2    97.016   -18.704    59.823
 2     0.394    -0.919     0.008
 2     0.917     0.394     0.052
 2    -0.051    -0.013     0.998
 3   124.070    -3.805     9.093
 3    -0.469    -0.097    -0.878
 3     0.115    -0.992     0.048
 3    -0.876    -0.078     0.476
 4   115.989    15.626    -5.185
 4     0.679    -0.728     0.091
 4     0.694     0.598    -0.401
 4     0.237     0.335     0.911
 5   114.503    25.585    19.222
 5     0.168    -0.686     0.708
 5     0.219    -0.675    -0.705
 5     0.961     0.274     0.037
