% Calibrated with leiden_pols
% Positions are in centimeters
Data =[
 2    97.016   -18.704    59.874
 2     0.394    -0.919     0.008
 2     0.917     0.394     0.052
 2    -0.051    -0.014     0.998
 3   124.160    -3.749     8.927
 3    -0.474    -0.097    -0.875
 3     0.117    -0.992     0.046
 3    -0.873    -0.081     0.481
 4   116.032    15.597    -5.304
 4     0.681    -0.726     0.093
 4     0.693     0.599    -0.400
 4     0.234     0.337     0.912
 5   114.690    25.700    19.012
 5     0.177    -0.694     0.698
 5     0.219    -0.663    -0.716
 5     0.959     0.279     0.035
 6   127.487    25.055    43.839
 6     0.232    -0.457    -0.859
 6    -0.104     0.866    -0.489
 6     0.967     0.202     0.154
 7   118.167   -23.630    -3.951
 7     0.605     0.795    -0.038
 7    -0.714     0.562     0.418
 7     0.354    -0.226     0.907
 8   118.644   -32.311    20.023
 8     0.225     0.907     0.356
 8    -0.068    -0.350     0.934
 8     0.972    -0.234    -0.018
 9   129.533   -29.605    43.984
 9     0.206     0.220    -0.953
 9     0.045     0.971     0.234
 9     0.977    -0.092     0.190
 2    97.016   -18.755    59.873
 2     0.395    -0.919     0.008
 2     0.917     0.394     0.052
 2    -0.051    -0.013     0.999
 3   124.164    -3.747     8.896
 3    -0.474    -0.097    -0.875
 3     0.117    -0.992     0.046
 3    -0.872    -0.081     0.482
 4   116.032    15.623    -5.304
 4     0.681    -0.726     0.094
 4     0.693     0.599    -0.400
 4     0.234     0.337     0.911
 5   114.689    25.700    19.063
 5     0.177    -0.694     0.698
 5     0.219    -0.664    -0.715
 5     0.959     0.279     0.035
 6   127.486    25.055    43.888
 6     0.232    -0.457    -0.858
 6    -0.104     0.866    -0.489
 6     0.967     0.203     0.153
 7   118.167   -23.579    -3.951
 7     0.605     0.795    -0.038
 7    -0.713     0.562     0.418
 7     0.354    -0.226     0.907
 8   118.594   -32.311    20.023
 8     0.225     0.906     0.357
 8    -0.068    -0.351     0.934
 8     0.972    -0.234    -0.018
 9   129.508   -29.605    44.035
 9     0.206     0.221    -0.953
 9     0.045     0.971     0.235
 9     0.977    -0.092     0.190
 2    97.017   -18.704    59.823
 2     0.394    -0.919     0.007
 2     0.917     0.394     0.052
 2    -0.051    -0.014     0.998
 3   124.112    -3.696     8.895
 3    -0.475    -0.096    -0.875
 3     0.116    -0.992     0.046
 3    -0.872    -0.080     0.482
 4   116.032    15.623    -5.254
 4     0.681    -0.726     0.093
 4     0.694     0.599    -0.400
 4     0.234     0.337     0.911
 5   114.673    25.703    19.077
 5     0.176    -0.693     0.699
 5     0.219    -0.665    -0.714
 5     0.960     0.279     0.035
 6   127.436    25.055    43.887
 6     0.232    -0.459    -0.858
 6    -0.104     0.865    -0.491
 6     0.967     0.203     0.153
 7   118.116   -23.580    -3.922
 7     0.605     0.795    -0.037
 7    -0.714     0.562     0.418
 7     0.353    -0.227     0.907
 8   118.519   -32.260    20.099
 8     0.225     0.906     0.359
 8    -0.068    -0.353     0.933
 8     0.972    -0.234    -0.018
 9   129.508   -29.605    44.035
 9     0.207     0.222    -0.953
 9     0.045     0.970     0.236
 9     0.977    -0.092     0.190
 2    97.017   -18.704    59.823
 2     0.394    -0.919     0.008
 2     0.917     0.394     0.052
 2    -0.051    -0.014     0.998
 3   124.108    -3.748     8.926
 3    -0.474    -0.097    -0.875
 3     0.116    -0.992     0.047
 3    -0.873    -0.080     0.481
 4   115.981    15.623    -5.254
 4     0.680    -0.727     0.094
 4     0.694     0.598    -0.400
 4     0.234     0.337     0.911
 5   114.622    25.705    19.077
 5     0.175    -0.692     0.700
 5     0.220    -0.666    -0.713
 5     0.960     0.278     0.035
 6   127.435    25.057    43.937
 6     0.233    -0.460    -0.857
 6    -0.103     0.864    -0.492
 6     0.967     0.203     0.153
 7   118.118   -23.528    -3.925
 7     0.605     0.795    -0.038
 7    -0.713     0.563     0.419
 7     0.354    -0.227     0.907
 8   118.470   -32.235    20.150
 8     0.224     0.905     0.359
 8    -0.068    -0.354     0.933
 8     0.972    -0.234    -0.018
 9   129.458   -29.554    44.137
 9     0.206     0.224    -0.952
 9     0.045     0.970     0.238
 9     0.977    -0.092     0.190
 2    97.017   -18.704    59.823
 2     0.394    -0.919     0.008
 2     0.917     0.394     0.052
 2    -0.051    -0.014     0.998
 3   124.108    -3.749     8.925
 3    -0.473    -0.097    -0.875
 3     0.116    -0.992     0.047
 3    -0.873    -0.079     0.481
 4   115.984    15.624    -5.231
 4     0.680    -0.727     0.093
 4     0.694     0.598    -0.400
 4     0.235     0.337     0.911
 5   114.621    25.705    19.128
 5     0.175    -0.692     0.701
 5     0.220    -0.666    -0.713
 5     0.960     0.278     0.035
 6   127.409    25.107    43.988
 6     0.232    -0.461    -0.856
 6    -0.103     0.864    -0.494
 6     0.967     0.203     0.153
 7   118.071   -23.528    -3.928
 7     0.604     0.795    -0.038
 7    -0.713     0.562     0.420
 7     0.355    -0.227     0.907
 8   118.470   -32.236    20.151
 8     0.225     0.905     0.360
 8    -0.069    -0.354     0.932
 8     0.972    -0.234    -0.018
 9   129.457   -29.605    44.162
 9     0.206     0.226    -0.952
 9     0.045     0.970     0.239
 9     0.977    -0.092     0.190
 2    97.017   -18.704    59.823
 2     0.394    -0.919     0.007
 2     0.917     0.394     0.052
 2    -0.051    -0.014     0.999
 3   124.103    -3.801     8.981
 3    -0.472    -0.097    -0.876
 3     0.115    -0.992     0.047
 3    -0.874    -0.079     0.479
 4   116.036    15.625    -5.234
 4     0.680    -0.727     0.093
 4     0.694     0.598    -0.401
 4     0.236     0.337     0.911
 5   114.622    25.705    19.129
 5     0.174    -0.691     0.701
 5     0.220    -0.667    -0.712
 5     0.960     0.278     0.036
 6   127.360    25.056    43.988
 6     0.232    -0.462    -0.856
 6    -0.103     0.863    -0.494
 6     0.967     0.203     0.153
 7   118.073   -23.527    -3.830
 7     0.604     0.796    -0.039
 7    -0.713     0.561     0.420
 7     0.356    -0.227     0.906
 8   118.471   -32.236    20.202
 8     0.224     0.905     0.361
 8    -0.069    -0.355     0.932
 8     0.972    -0.234    -0.018
 9   129.409   -29.605    44.163
 9     0.207     0.227    -0.952
 9     0.045     0.969     0.240
 9     0.977    -0.093     0.190
 2    97.016   -18.704    59.823
 2     0.394    -0.919     0.008
 2     0.917     0.394     0.052
 2    -0.051    -0.013     0.999
 3   124.098    -3.702     8.986
 3    -0.471    -0.096    -0.877
 3     0.115    -0.992     0.047
 3    -0.875    -0.078     0.478
 4   115.989    15.676    -5.186
 4     0.679    -0.728     0.092
 4     0.694     0.597    -0.401
 4     0.237     0.336     0.911
 5   114.571    25.655    19.179
 5     0.174    -0.690     0.702
 5     0.220    -0.668    -0.711
 5     0.960     0.278     0.035
 6   127.359    25.058    44.012
 6     0.233    -0.464    -0.854
 6    -0.102     0.862    -0.496
 6     0.967     0.203     0.153
 7   118.076   -23.526    -3.883
 7     0.603     0.796    -0.039
 7    -0.713     0.561     0.421
 7     0.357    -0.227     0.906
 8   118.420   -32.238    20.202
 8     0.225     0.905     0.361
 8    -0.070    -0.355     0.932
 8     0.972    -0.235    -0.017
 9   129.409   -29.605    44.163
 9     0.207     0.228    -0.952
 9     0.045     0.969     0.242
 9     0.977    -0.093     0.190
 2    97.016   -18.704    59.823
 2     0.394    -0.919     0.008
 2     0.917     0.394     0.052
 2    -0.051    -0.013     0.998
 3   124.070    -3.805     9.093
 3    -0.469    -0.097    -0.878
 3     0.115    -0.992     0.048
 3    -0.876    -0.078     0.476
 4   115.989    15.626    -5.185
 4     0.679    -0.728     0.091
 4     0.694     0.598    -0.401
 4     0.237     0.335     0.911
 5   114.503    25.585    19.222
 5     0.168    -0.686     0.708
 5     0.219    -0.675    -0.705
 5     0.961     0.274     0.037
 6   127.308    25.111    44.012
 6     0.234    -0.470    -0.851
 6    -0.101     0.859    -0.503
 6     0.967     0.203     0.154
 7   118.028   -23.526    -3.836
 7     0.603     0.797    -0.039
 7    -0.713     0.560     0.421
 7     0.358    -0.226     0.906
 8   118.455   -32.338    20.206
 8     0.219     0.909     0.354
 8    -0.083    -0.344     0.935
 8     0.972    -0.234     0.000
 9   129.409   -29.659    44.137
 9     0.209     0.228    -0.951
 9     0.043     0.969     0.241
 9     0.977    -0.092     0.192
 2    97.016   -18.704    59.823
 2     0.394    -0.919     0.008
 2     0.917     0.394     0.052
 2    -0.051    -0.013     0.998
 3   124.068    -3.755     9.092
 3    -0.468    -0.097    -0.878
 3     0.114    -0.992     0.049
 3    -0.876    -0.077     0.476
 4   116.040    15.600    -5.185
 4     0.679    -0.728     0.090
 4     0.694     0.598    -0.400
 4     0.237     0.334     0.912
 5   114.538    25.537    19.105
 5     0.168    -0.684     0.710
 5     0.216    -0.677    -0.703
 5     0.962     0.271     0.034
 6   127.423    25.117    43.946
 6     0.241    -0.478    -0.845
 6    -0.097     0.854    -0.511
 6     0.966     0.205     0.159
 7   118.000   -23.627    -3.656
 7     0.605     0.795    -0.041
 7    -0.712     0.563     0.420
 7     0.357    -0.225     0.906
 8   119.042   -32.307    20.123
 8     0.221     0.923     0.315
 8    -0.107    -0.299     0.948
 8     0.969    -0.243     0.033
 9   130.345   -29.336    44.022
 9     0.236     0.171    -0.957
 9     0.034     0.982     0.184
 9     0.971    -0.076     0.226
 2    97.016   -18.704    59.873
 2     0.394    -0.919     0.008
 2     0.917     0.394     0.052
 2    -0.051    -0.013     0.999
 3   124.014    -3.805     9.116
 3    -0.468    -0.098    -0.878
 3     0.112    -0.992     0.051
 3    -0.876    -0.075     0.476
 4   115.897    15.542    -5.211
 4     0.682    -0.726     0.093
 4     0.694     0.602    -0.393
 4     0.229     0.333     0.914
 5   115.907    25.779    19.000
 5     0.228    -0.685     0.692
 5     0.228    -0.653    -0.722
 5     0.946     0.323     0.007
 6   130.227    25.669    42.703
 6     0.309    -0.463    -0.831
 6    -0.080     0.858    -0.507
 6     0.947     0.223     0.228
 7   117.628   -23.580    -3.579
 7     0.615     0.787    -0.037
 7    -0.707     0.572     0.415
 7     0.348    -0.229     0.909
 8   120.339   -32.686    20.070
 8     0.306     0.902     0.304
 8    -0.125    -0.278     0.952
 8     0.944    -0.329     0.027
 9   133.716   -30.206    42.405
 9     0.324     0.143    -0.935
 9     0.010     0.988     0.154
 9     0.946    -0.060     0.318
 2    97.016   -18.704    59.823
 2     0.394    -0.919     0.008
 2     0.917     0.394     0.052
 2    -0.051    -0.013     0.999
 3   123.835    -3.856     8.986
 3    -0.469    -0.101    -0.877
 3     0.111    -0.992     0.055
 3    -0.876    -0.072     0.477
 4   115.501    15.381    -5.475
 4     0.701    -0.704     0.113
 4     0.685     0.621    -0.379
 4     0.197     0.343     0.918
 5   118.374    26.063    18.703
 5     0.353    -0.656     0.667
 5     0.255    -0.619    -0.743
 5     0.900     0.432    -0.052
 6   135.028    27.089    40.363
 6     0.420    -0.427    -0.801
 6    -0.037     0.873    -0.485
 6     0.906     0.234     0.351
 7   117.172   -23.643    -3.730
 7     0.636     0.771    -0.015
 7    -0.701     0.586     0.407
 7     0.323    -0.249     0.913
 8   122.434   -32.947    19.735
 8     0.434     0.851     0.296
 8    -0.149    -0.256     0.955
 8     0.888    -0.459     0.016
 9   138.319   -31.304    40.147
 9     0.440     0.123    -0.889
 9    -0.030     0.992     0.123
 9     0.897    -0.027     0.440
 2    97.016   -18.704    59.873
 2     0.394    -0.919     0.008
 2     0.917     0.394     0.052
 2    -0.051    -0.013     0.998
 3   123.710    -3.983     8.756
 3    -0.470    -0.104    -0.877
 3     0.112    -0.992     0.058
 3    -0.876    -0.071     0.477
 4   115.083    14.967    -5.799
 4     0.735    -0.662     0.143
 4     0.662     0.658    -0.358
 4     0.142     0.358     0.922
 5   121.284    26.323    17.953
 5     0.497    -0.593     0.634
 5     0.274    -0.585    -0.763
 5     0.823     0.553    -0.129
 6   140.500    27.727    36.314
 6     0.550    -0.380    -0.744
 6     0.001     0.891    -0.454
 6     0.835     0.248     0.490
 7   116.767   -23.615    -3.901
 7     0.671     0.741     0.013
 7    -0.687     0.615     0.387
 7     0.278    -0.269     0.922
 8   125.160   -33.425    18.444
 8     0.574     0.770     0.276
 8    -0.162    -0.224     0.961
 8     0.802    -0.597    -0.004
 9   143.562   -31.897    35.889
 9     0.574     0.084    -0.814
 9    -0.059     0.996     0.062
 9     0.817     0.012     0.577
 2    97.016   -18.704    59.823
 2     0.394    -0.919     0.008
 2     0.917     0.394     0.052
 2    -0.051    -0.013     0.998
 3   123.519    -4.111     8.454
 3    -0.467    -0.106    -0.878
 3     0.116    -0.991     0.057
 3    -0.876    -0.075     0.475
 4   114.726    14.493    -6.199
 4     0.769    -0.615     0.176
 4     0.634     0.699    -0.330
 4     0.079     0.365     0.927
 5   124.370    25.930    16.638
 5     0.646    -0.512     0.566
 5     0.261    -0.549    -0.794
 5     0.717     0.661    -0.221
 6   145.605    27.786    31.082
 6     0.686    -0.314    -0.656
 6     0.006     0.904    -0.427
 6     0.727     0.289     0.622
 7   116.461   -23.474    -4.239
 7     0.715     0.697     0.052
 7    -0.666     0.657     0.353
 7     0.211    -0.288     0.934
 8   127.905   -33.243    16.942
 8     0.710     0.661     0.242
 8    -0.143    -0.202     0.969
 8     0.689    -0.723    -0.049
 9   148.646   -30.855    30.764
 9     0.706     0.054    -0.706
 9    -0.036     0.998     0.041
 9     0.707    -0.004     0.707
 2    96.991   -18.704    59.874
 2     0.394    -0.919     0.008
 2     0.917     0.394     0.052
 2    -0.051    -0.014     0.998
 3   123.501    -4.241     8.183
 3    -0.464    -0.108    -0.879
 3     0.121    -0.991     0.057
 3    -0.877    -0.080     0.473
 4   114.443    13.722    -6.806
 4     0.808    -0.548     0.216
 4     0.589     0.751    -0.297
 4     0.000     0.367     0.930
 5   127.486    25.096    14.307
 5     0.776    -0.425     0.465
 5     0.226    -0.501    -0.835
 5     0.588     0.754    -0.293
 6   150.396    25.775    24.993
 6     0.798    -0.205    -0.566
 6    -0.032     0.924    -0.380
 6     0.601     0.321     0.731
 7   116.057   -23.393    -4.600
 7     0.757     0.645     0.101
 7    -0.640     0.700     0.316
 7     0.133    -0.304     0.943
 8   130.267   -32.964    14.884
 8     0.821     0.535     0.197
 8    -0.109    -0.192     0.975
 8     0.560    -0.823    -0.100
 9   152.452   -29.330    24.884
 9     0.815     0.025    -0.579
 9     0.004     0.999     0.049
 9     0.580    -0.043     0.813
 2    97.017   -18.704    59.874
 2     0.395    -0.919     0.007
 2     0.917     0.394     0.052
 2    -0.051    -0.014     0.998
 3   123.400    -4.472     7.983
 3    -0.463    -0.114    -0.879
 3     0.124    -0.990     0.063
 3    -0.878    -0.079     0.472
 4   114.201    12.970    -7.593
 4     0.837    -0.481     0.259
 4     0.540     0.801    -0.256
 4    -0.085     0.354     0.931
 5   129.809    24.132    11.667
 5     0.866    -0.334     0.371
 5     0.193    -0.462    -0.866
 5     0.460     0.822    -0.336
 6   153.580    23.827    18.663
 6     0.877    -0.107    -0.467
 6    -0.068     0.936    -0.344
 6     0.474     0.334     0.814
 7   115.614   -23.218    -4.944
 7     0.790     0.592     0.156
 7    -0.610     0.741     0.278
 7     0.048    -0.315     0.948
 8   132.067   -32.409    12.607
 8     0.898     0.416     0.145
 8    -0.079    -0.172     0.982
 8     0.433    -0.893    -0.122
 9   155.248   -27.596    19.356
 9     0.889    -0.018    -0.458
 9     0.041     0.998     0.039
 9     0.456    -0.054     0.888
 2    96.991   -18.704    59.874
 2     0.394    -0.919     0.007
 2     0.917     0.394     0.052
 2    -0.051    -0.014     0.998
 3   123.273    -4.749     7.793
 3    -0.463    -0.125    -0.877
 3     0.123    -0.989     0.075
 3    -0.877    -0.073     0.474
 4   113.596    12.226    -8.066
 4     0.851    -0.427     0.305
 4     0.498     0.840    -0.215
 4    -0.164     0.335     0.928
 5   131.273    23.116     8.900
 5     0.924    -0.249     0.289
 5     0.161    -0.432    -0.887
 5     0.346     0.867    -0.359
 6   155.295    21.893    13.202
 6     0.928    -0.021    -0.373
 6    -0.104     0.944    -0.312
 6     0.358     0.328     0.874
 7   114.967   -23.096    -5.204
 7     0.807     0.550     0.212
 7    -0.589     0.771     0.242
 7    -0.030    -0.320     0.947
 8   133.103   -31.996    10.376
 8     0.945     0.309     0.102
 8    -0.053    -0.163     0.985
 8     0.321    -0.937    -0.138
 9   156.422   -27.023    13.911
 9     0.937    -0.044    -0.346
 9     0.062     0.997     0.042
 9     0.343    -0.061     0.937
 2    96.991   -18.704    59.874
 2     0.394    -0.919     0.007
 2     0.917     0.394     0.052
 2    -0.051    -0.014     0.998
 3   123.045    -4.869     7.413
 3    -0.471    -0.130    -0.872
 3     0.119    -0.989     0.083
 3    -0.874    -0.064     0.482
 4   112.935    11.465    -8.619
 4     0.857    -0.380     0.348
 4     0.459     0.869    -0.183
 4    -0.233     0.317     0.919
 5   132.176    22.343     6.470
 5     0.961    -0.170     0.219
 5     0.134    -0.405    -0.904
 5     0.242     0.898    -0.367
 6   156.367    20.696     8.184
 6     0.957     0.035    -0.289
 6    -0.122     0.950    -0.289
 6     0.264     0.311     0.913
 7   114.223   -22.749    -5.495
 7     0.815     0.515     0.265
 7    -0.570     0.796     0.204
 7    -0.106    -0.317     0.942
 8   133.842   -31.657     7.925
 8     0.975     0.209     0.064
 8    -0.033    -0.153     0.987
 8     0.217    -0.966    -0.143
 9   157.303   -25.915     8.473
 9     0.969    -0.074    -0.233
 9     0.086     0.995     0.042
 9     0.229    -0.061     0.971
 2    97.017   -18.704    59.823
 2     0.394    -0.919     0.007
 2     0.917     0.394     0.052
 2    -0.051    -0.014     0.999
 3   122.822    -4.987     7.056
 3    -0.480    -0.132    -0.867
 3     0.114    -0.990     0.087
 3    -0.870    -0.057     0.490
 4   112.418    10.971    -8.923
 4     0.855    -0.344     0.387
 4     0.429     0.889    -0.157
 4    -0.291     0.300     0.908
 5   132.665    21.894     4.372
 5     0.981    -0.096     0.166
 5     0.118    -0.385    -0.915
 5     0.151     0.918    -0.367
 6   156.953    19.387     3.145
 6     0.976     0.097    -0.192
 6    -0.145     0.957    -0.253
 6     0.159     0.274     0.948
 7   113.679   -22.751    -5.791
 7     0.814     0.489     0.312
 7    -0.555     0.814     0.171
 7    -0.171    -0.313     0.934
 8   134.230   -31.078     6.097
 8     0.991     0.127     0.034
 8    -0.015    -0.152     0.988
 8     0.131    -0.980    -0.149
 9   157.571   -24.995     4.186
 9     0.985    -0.093    -0.144
 9     0.102     0.993     0.057
 9     0.137    -0.071     0.988
 2    97.017   -18.704    59.823
 2     0.394    -0.919     0.008
 2     0.917     0.394     0.052
 2    -0.051    -0.014     0.998
 3   122.650    -5.080     6.775
 3    -0.487    -0.135    -0.863
 3     0.110    -0.990     0.092
 3    -0.866    -0.050     0.497
 4   112.062    10.455    -9.161
 4     0.850    -0.311     0.424
 4     0.398     0.907    -0.133
 4    -0.344     0.281     0.896
 5   133.271    21.167     2.185
 5     0.993    -0.025     0.113
 5     0.096    -0.365    -0.926
 5     0.064     0.930    -0.360
 6   157.100    18.256    -0.973
 6     0.983     0.137    -0.119
 6    -0.162     0.959    -0.232
 6     0.083     0.247     0.965
 7   113.264   -22.497    -6.197
 7     0.811     0.462     0.357
 7    -0.536     0.833     0.139
 7    -0.233    -0.304     0.923
 8   134.630   -30.556     3.907
 8     0.999     0.037     0.003
 8     0.003    -0.156     0.988
 8     0.037    -0.987    -0.156
 9   157.479   -24.209    -0.467
 9     0.992    -0.112    -0.048
 9     0.115     0.990     0.080
 9     0.038    -0.085     0.995
 2    97.017   -18.704    59.823
 2     0.394    -0.919     0.008
 2     0.917     0.394     0.052
 2    -0.051    -0.014     0.998
 3   122.575    -5.075     6.609
 3    -0.492    -0.136    -0.860
 3     0.107    -0.990     0.094
 3    -0.864    -0.046     0.501
 4   111.647     9.997    -9.320
 4     0.843    -0.285     0.456
 4     0.371     0.922    -0.110
 4    -0.389     0.262     0.883
 5   133.339    20.637     0.179
 5     0.996     0.035     0.077
 5     0.084    -0.344    -0.935
 5    -0.007     0.938    -0.346
 6   156.856    17.295    -5.273
 6     0.984     0.173    -0.038
 6    -0.178     0.961    -0.211
 6    -0.001     0.214     0.977
 7   112.745   -22.247    -6.425
 7     0.803     0.441     0.400
 7    -0.517     0.850     0.100
 7    -0.295    -0.288     0.911
 8   134.577   -30.369     1.492
 8     0.998    -0.056    -0.020
 8     0.011    -0.157     0.987
 8    -0.059    -0.986    -0.156
 9   156.771   -23.915    -5.532
 9     0.990    -0.125     0.057
 9     0.118     0.987     0.104
 9    -0.069    -0.097     0.993
 2    97.016   -18.704    59.823
 2     0.394    -0.919     0.008
 2     0.917     0.394     0.052
 2    -0.051    -0.013     0.998
 3   122.481    -5.198     6.469
 3    -0.495    -0.140    -0.857
 3     0.108    -0.989     0.099
 3    -0.862    -0.043     0.505
 4   111.205     9.591    -9.457
 4     0.832    -0.261     0.489
 4     0.347     0.933    -0.092
 4    -0.433     0.247     0.867
 5   133.401    20.434    -1.919
 5     0.994     0.102     0.047
 5     0.078    -0.318    -0.945
 5    -0.081     0.942    -0.324
 6   156.405    16.570    -9.342
 6     0.979     0.200     0.041
 6    -0.189     0.964    -0.186
 6    -0.077     0.174     0.981
 7   112.107   -21.973    -6.683
 7     0.789     0.426     0.442
 7    -0.501     0.863     0.063
 7    -0.354    -0.271     0.895
 8   134.243   -30.026    -0.704
 8     0.989    -0.140    -0.042
 8     0.020    -0.149     0.988
 8    -0.144    -0.979    -0.145
 9   156.088   -23.484    -9.886
 9     0.979    -0.140     0.147
 9     0.124     0.986     0.109
 9    -0.160    -0.089     0.983
 2    97.016   -18.704    59.823
 2     0.394    -0.919     0.008
 2     0.917     0.394     0.052
 2    -0.051    -0.013     0.998
 3   122.314    -5.241     6.193
 3    -0.502    -0.139    -0.853
 3     0.105    -0.989     0.099
 3    -0.858    -0.040     0.511
 4   110.720     9.188    -9.629
 4     0.818    -0.241     0.521
 4     0.326     0.942    -0.076
 4    -0.473     0.232     0.850
 5   133.125    20.016    -3.527
 5     0.988     0.153     0.023
 5     0.068    -0.297    -0.952
 5    -0.139     0.942    -0.304
 6   155.605    16.057   -12.686
 6     0.970     0.215     0.108
 6    -0.196     0.966    -0.165
 6    -0.140     0.138     0.980
 7   111.512   -21.668    -6.804
 7     0.774     0.411     0.481
 7    -0.485     0.873     0.035
 7    -0.406    -0.261     0.876
 8   133.717   -29.955    -2.562
 8     0.977    -0.208    -0.050
 8     0.021    -0.139     0.990
 8    -0.213    -0.968    -0.132
 9   154.559   -22.899   -13.905
 9     0.960    -0.152     0.233
 9     0.131     0.986     0.102
 9    -0.245    -0.068     0.967
 2    97.017   -18.704    59.823
 2     0.394    -0.919     0.007
 2     0.917     0.394     0.052
 2    -0.051    -0.014     0.999
 3   122.070    -5.281     5.808
 3    -0.512    -0.137    -0.848
 3     0.100    -0.990     0.100
 3    -0.853    -0.034     0.520
 4   110.205     8.835    -9.795
 4     0.801    -0.223     0.555
 4     0.305     0.950    -0.059
 4    -0.514     0.216     0.830
 5   132.549    19.713    -5.482
 5     0.976     0.216    -0.001
 5     0.059    -0.270    -0.961
 5    -0.208     0.938    -0.276
 6   154.277    15.403   -16.773
 6     0.954     0.230     0.191
 6    -0.207     0.969    -0.137
 6    -0.217     0.091     0.972
 7   110.952   -21.411    -7.012
 7     0.756     0.399     0.517
 7    -0.472     0.882     0.009
 7    -0.453    -0.251     0.855
 8   133.115   -29.912    -4.549
 8     0.959    -0.277    -0.052
 8     0.018    -0.123     0.992
 8    -0.281    -0.953    -0.113
 9   153.063   -22.787   -17.071
 9     0.940    -0.154     0.304
 9     0.131     0.987     0.092
 9    -0.315    -0.046     0.948
 2    97.019   -18.703    59.820
 2     0.394    -0.919     0.007
 2     0.917     0.394     0.051
 2    -0.050    -0.014     0.999
 3   121.902    -5.273     5.607
 3    -0.519    -0.137    -0.844
 3     0.097    -0.990     0.101
 3    -0.849    -0.029     0.527
 4   109.490     8.481    -9.834
 4     0.781    -0.210     0.588
 4     0.287     0.957    -0.041
 4    -0.554     0.200     0.808
 5   132.028    19.399    -7.564
 5     0.957     0.288    -0.024
 5     0.049    -0.242    -0.969
 5    -0.285     0.926    -0.246
 6   152.572    14.541   -20.647
 6     0.929     0.243     0.276
 6    -0.221     0.969    -0.111
 6    -0.295     0.042     0.954
 7   110.240   -21.158    -7.139
 7     0.734     0.392     0.553
 7    -0.459     0.888    -0.020
 7    -0.500    -0.240     0.832
 8   132.123   -29.901    -6.484
 8     0.934    -0.352    -0.057
 8     0.017    -0.114     0.993
 8    -0.356    -0.929    -0.101
 9   151.210   -22.646   -21.373
 9     0.904    -0.157     0.397
 9     0.134     0.987     0.084
 9    -0.405    -0.023     0.914
 2    97.021   -18.702    59.817
 2     0.393    -0.920     0.006
 2     0.918     0.392     0.050
 2    -0.049    -0.014     0.999
 3   121.565    -5.333     5.002
 3    -0.534    -0.141    -0.834
 3     0.092    -0.990     0.108
 3    -0.841    -0.019     0.541
 4   108.637     8.020    -9.963
 4     0.756    -0.192     0.625
 4     0.267     0.963    -0.028
 4    -0.597     0.188     0.780
 5   130.976    19.264    -9.407
 5     0.938     0.344    -0.022
 5     0.055    -0.213    -0.975
 5    -0.340     0.914    -0.219
 6   150.869    14.025   -24.034
 6     0.906     0.241     0.346
 6    -0.225     0.970    -0.088
 6    -0.357     0.001     0.934
 7   109.113   -20.984    -7.102
 7     0.705     0.383     0.596
 7    -0.452     0.891    -0.039
 7    -0.546    -0.242     0.802
 8   130.748   -29.793    -8.284
 8     0.901    -0.429    -0.059
 8     0.017    -0.103     0.994
 8    -0.432    -0.897    -0.085
 9   148.431   -22.789   -25.413
 9     0.860    -0.156     0.486
 9     0.132     0.988     0.083
 9    -0.493    -0.007     0.870
 2    97.027   -18.698    59.809
 2     0.390    -0.921     0.005
 2     0.919     0.390     0.048
 2    -0.046    -0.015     0.999
 3   121.089    -5.412     4.504
 3    -0.553    -0.145    -0.820
 3     0.085    -0.989     0.117
 3    -0.829    -0.005     0.559
 4   107.625     7.519   -10.072
 4     0.732    -0.183     0.656
 4     0.256     0.966    -0.016
 4    -0.631     0.180     0.754
 5   129.599    19.108   -11.086
 5     0.917     0.397    -0.016
 5     0.066    -0.192    -0.979
 5    -0.392     0.897    -0.202
 6   148.841    14.279   -26.764
 6     0.887     0.219     0.406
 6    -0.209     0.975    -0.069
 6    -0.412    -0.024     0.911
 7   108.084   -20.930    -6.860
 7     0.677     0.378     0.630
 7    -0.449     0.892    -0.053
 7    -0.583    -0.247     0.774
 8   129.313   -29.808    -9.930
 8     0.867    -0.495    -0.057
 8     0.016    -0.088     0.996
 8    -0.498    -0.865    -0.068
 9   145.736   -22.687   -28.367
 9     0.816    -0.153     0.557
 9     0.137     0.988     0.070
 9    -0.561     0.019     0.827
 2    97.026   -18.698    59.809
 2     0.390    -0.921     0.004
 2     0.920     0.389     0.047
 2    -0.046    -0.015     0.999
 3   120.597    -5.645     3.988
 3    -0.570    -0.151    -0.807
 3     0.084    -0.989     0.125
 3    -0.817     0.003     0.576
 4   106.537     7.176    -9.965
 4     0.705    -0.182     0.685
 4     0.254     0.967    -0.006
 4    -0.662     0.178     0.728
 5   128.228    19.147   -12.566
 5     0.890     0.456    -0.009
 5     0.077    -0.169    -0.982
 5    -0.450     0.873    -0.186
 6   146.495    14.276   -29.490
 6     0.861     0.203     0.465
 6    -0.204     0.978    -0.051
 6    -0.465    -0.052     0.883
 7   107.161   -20.794    -6.914
 7     0.652     0.372     0.660
 7    -0.443     0.894    -0.067
 7    -0.615    -0.249     0.748
 8   127.866   -29.939   -11.370
 8     0.837    -0.546    -0.045
 8     0.009    -0.068     0.997
 8    -0.547    -0.835    -0.052
 9   143.498   -22.700   -30.978
 9     0.776    -0.146     0.613
 9     0.140     0.988     0.057
 9    -0.614     0.041     0.788
 2    97.031   -18.697    59.803
 2     0.390    -0.921     0.003
 2     0.920     0.389     0.046
 2    -0.044    -0.015     0.999
 3   120.279    -5.578     3.588
 3    -0.584    -0.151    -0.797
 3     0.085    -0.988     0.125
 3    -0.807     0.005     0.590
 4   105.654     6.914    -9.865
 4     0.677    -0.187     0.711
 4     0.255     0.967     0.011
 4    -0.690     0.173     0.703
 5   126.442    19.481   -14.021
 5     0.854     0.521     0.006
 5     0.089    -0.133    -0.987
 5    -0.513     0.843    -0.160
 6   143.437    14.687   -32.447
 6     0.825     0.178     0.536
 6    -0.194     0.981    -0.028
 6    -0.531    -0.081     0.843
 7   106.531   -20.598    -6.869
 7     0.631     0.371     0.681
 7    -0.439     0.895    -0.080
 7    -0.639    -0.249     0.728
 8   126.720   -30.086   -12.357
 8     0.811    -0.584    -0.029
 8    -0.000    -0.050     0.999
 8    -0.585    -0.810    -0.041
 9   141.441   -22.626   -32.959
 9     0.742    -0.136     0.656
 9     0.140     0.989     0.047
 9    -0.655     0.057     0.753
 2    97.034   -18.696    59.801
 2     0.390    -0.921     0.002
 2     0.920     0.389     0.045
 2    -0.043    -0.016     0.999
 3   120.056    -5.439     3.303
 3    -0.594    -0.143    -0.792
 3     0.074    -0.990     0.124
 3    -0.801     0.015     0.598
 4   104.873     6.651    -9.764
 4     0.649    -0.195     0.735
 4     0.254     0.966     0.032
 4    -0.717     0.166     0.677
 5   124.560    19.614   -15.925
 5     0.800     0.598     0.026
 5     0.098    -0.088    -0.991
 5    -0.591     0.796    -0.129
 6   139.688    14.966   -36.200
 6     0.764     0.140     0.630
 6    -0.180     0.984    -0.001
 6    -0.620    -0.112     0.777
 7   106.077   -20.323    -6.839
 7     0.614     0.370     0.697
 7    -0.432     0.896    -0.096
 7    -0.660    -0.243     0.711
 8   125.662   -30.035   -13.456
 8     0.779    -0.626    -0.011
 8    -0.009    -0.029     0.999
 8    -0.626    -0.779    -0.028
 9   139.329   -22.681   -34.882
 9     0.703    -0.131     0.698
 9     0.141     0.989     0.043
 9    -0.696     0.068     0.714
 2    97.010   -18.695    59.849
 2     0.390    -0.921     0.001
 2     0.920     0.389     0.045
 2    -0.042    -0.016     0.999
 3   119.930    -5.255     3.111
 3    -0.598    -0.136    -0.790
 3     0.066    -0.990     0.120
 3    -0.798     0.019     0.601
 4   104.195     6.548    -9.560
 4     0.621    -0.204     0.756
 4     0.260     0.964     0.047
 4    -0.739     0.168     0.653
 5   122.372    19.825   -17.559
 5     0.739     0.671     0.050
 5     0.110    -0.047    -0.993
 5    -0.664     0.739    -0.109
 6   135.665    15.435   -39.358
 6     0.704     0.094     0.704
 6    -0.162     0.986     0.029
 6    -0.692    -0.134     0.709
 7   105.583   -19.957    -6.779
 7     0.589     0.371     0.717
 7    -0.425     0.898    -0.115
 7    -0.687    -0.237     0.687
 8   124.094   -30.106   -14.737
 8     0.735    -0.678     0.021
 8    -0.022     0.008     1.000
 8    -0.678    -0.735    -0.009
 9   136.418   -22.653   -37.350
 9     0.649    -0.114     0.752
 9     0.141     0.989     0.028
 9    -0.747     0.087     0.658
 2    97.035   -18.695    59.849
 2     0.390    -0.921     0.002
 2     0.920     0.389     0.044
 2    -0.042    -0.016     0.999
 3   119.708    -5.071     2.819
 3    -0.603    -0.126    -0.787
 3     0.060    -0.992     0.112
 3    -0.795     0.020     0.606
 4   103.556     6.429    -9.357
 4     0.597    -0.214     0.773
 4     0.269     0.961     0.057
 4    -0.755     0.174     0.632
 5   120.377    19.787   -18.889
 5     0.678     0.732     0.060
 5     0.114    -0.023    -0.993
 5    -0.726     0.680    -0.099
 6   131.758    15.525   -41.792
 6     0.640     0.053     0.766
 6    -0.147     0.987     0.055
 6    -0.754    -0.148     0.640
 7   104.972   -19.603    -6.830
 7     0.554     0.368     0.747
 7    -0.415     0.900    -0.136
 7    -0.722    -0.235     0.651
 8   122.108   -30.016   -16.500
 8     0.672    -0.739     0.048
 8    -0.026     0.042     0.999
 8    -0.740    -0.672     0.009
 9   132.441   -22.320   -40.449
 9     0.569    -0.102     0.815
 9     0.144     0.989     0.023
 9    -0.809     0.104     0.578
 2    97.035   -18.695    59.798
 2     0.389    -0.921     0.001
 2     0.920     0.389     0.044
 2    -0.042    -0.016     0.999
 3   119.460    -4.708     2.551
 3    -0.610    -0.105    -0.785
 3     0.049    -0.994     0.095
 3    -0.791     0.020     0.611
 4   102.916     6.334    -9.252
 4     0.574    -0.219     0.789
 4     0.275     0.959     0.066
 4    -0.771     0.179     0.611
 5   118.593    19.469   -20.093
 5     0.621     0.781     0.068
 5     0.101     0.007    -0.995
 5    -0.777     0.625    -0.075
 6   128.291    14.829   -43.976
 6     0.574     0.032     0.818
 6    -0.165     0.983     0.077
 6    -0.802    -0.180     0.570
 7   104.313   -19.103    -6.768
 7     0.512     0.371     0.774
 7    -0.408     0.899    -0.161
 7    -0.756    -0.233     0.612
 8   120.058   -29.852   -17.847
 8     0.603    -0.794     0.079
 8    -0.036     0.072     0.997
 8    -0.797    -0.604     0.015
 9   128.326   -22.465   -42.932
 9     0.490    -0.081     0.868
 9     0.141     0.990     0.012
 9    -0.860     0.116     0.496
 2    97.038   -18.694    59.846
 2     0.390    -0.921     0.000
 2     0.920     0.389     0.044
 2    -0.041    -0.017     0.999
 3   119.366    -4.578     2.368
 3    -0.613    -0.097    -0.784
 3     0.047    -0.995     0.087
 3    -0.789     0.017     0.614
 4   102.290     6.188    -9.205
 4     0.556    -0.218     0.802
 4     0.275     0.959     0.069
 4    -0.784     0.182     0.593
 5   116.906    19.015   -21.315
 5     0.559     0.826     0.061
 5     0.080     0.019    -0.996
 5    -0.825     0.562    -0.056
 6   124.710    13.691   -45.685
 6     0.499     0.030     0.866
 6    -0.189     0.979     0.075
 6    -0.846    -0.201     0.494
 7   103.540   -18.659    -6.727
 7     0.463     0.390     0.796
 7    -0.408     0.891    -0.200
 7    -0.787    -0.232     0.571
 8   117.664   -30.067   -19.048
 8     0.534    -0.837     0.120
 8    -0.056     0.107     0.993
 8    -0.844    -0.537     0.010
 9   124.224   -22.633   -44.925
 9     0.413    -0.048     0.909
 9     0.132     0.991    -0.008
 9    -0.901     0.123     0.416
 2    97.043   -18.642    59.790
 2     0.391    -0.920    -0.001
 2     0.919     0.391     0.042
 2    -0.039    -0.017     0.999
 3   119.159    -4.467     2.015
 3    -0.620    -0.092    -0.779
 3     0.045    -0.995     0.082
 3    -0.783     0.015     0.621
 4   101.889     5.968    -9.137
 4     0.538    -0.216     0.814
 4     0.276     0.958     0.072
 4    -0.796     0.186     0.575
 5   115.250    18.651   -22.090
 5     0.498     0.865     0.057
 5     0.071     0.025    -0.997
 5    -0.864     0.500    -0.049
 6   121.008    12.885   -47.144
 6     0.422     0.021     0.906
 6    -0.199     0.977     0.070
 6    -0.884    -0.210     0.417
 7   102.808   -18.423    -6.416
 7     0.405     0.413     0.815
 7    -0.412     0.879    -0.240
 7    -0.816    -0.239     0.526
 8   115.399   -30.610   -19.685
 8     0.461    -0.873     0.159
 8    -0.079     0.138     0.987
 8    -0.884    -0.468    -0.006
 9   119.866   -23.901   -46.647
 9     0.330    -0.013     0.943
 9     0.114     0.993    -0.026
 9    -0.937     0.116     0.330
 2    97.043   -18.642    59.790
 2     0.391    -0.920    -0.001
 2     0.919     0.391     0.042
 2    -0.039    -0.017     0.999
 3   119.049    -4.457     1.683
 3    -0.628    -0.092    -0.772
 3     0.043    -0.995     0.083
 3    -0.777     0.019     0.629
 4   101.189     5.647    -9.042
 4     0.510    -0.222     0.830
 4     0.286     0.955     0.079
 4    -0.811     0.197     0.551
 5   113.223    18.583   -22.749
 5     0.431     0.899     0.066
 5     0.079     0.035    -0.996
 5    -0.898     0.435    -0.056
 6   117.107    13.068   -48.094
 6     0.347     0.002     0.938
 6    -0.187     0.980     0.067
 6    -0.919    -0.199     0.340
 7   102.059   -18.437    -6.232
 7     0.343     0.433     0.833
 7    -0.422     0.864    -0.276
 7    -0.839    -0.257     0.479
 8   113.220   -31.097   -19.999
 8     0.383    -0.906     0.179
 8    -0.102     0.151     0.983
 8    -0.918    -0.395    -0.034
 9   115.584   -24.889   -47.578
 9     0.249     0.005     0.968
 9     0.090     0.995    -0.029
 9    -0.964     0.095     0.247
 2    97.046   -18.641    59.787
 2     0.392    -0.920    -0.001
 2     0.919     0.391     0.042
 2    -0.038    -0.018     0.999
 3   118.827    -4.441     1.157
 3    -0.640    -0.094    -0.763
 3     0.042    -0.995     0.088
 3    -0.767     0.024     0.641
 4   100.586     5.454    -8.902
 4     0.481    -0.227     0.846
 4     0.296     0.951     0.086
 4    -0.825     0.209     0.525
 5   111.350    18.577   -23.213
 5     0.369     0.927     0.069
 5     0.088     0.040    -0.995
 5    -0.925     0.373    -0.067
 6   113.478    13.278   -48.847
 6     0.273    -0.008     0.962
 6    -0.173     0.983     0.057
 6    -0.946    -0.182     0.267
 7   101.368   -18.242    -5.887
 7     0.287     0.451     0.844
 7    -0.426     0.850    -0.309
 7    -0.858    -0.271     0.437
 8   111.346   -31.164   -20.119
 8     0.315    -0.930     0.190
 8    -0.114     0.162     0.980
 8    -0.942    -0.331    -0.055
 9   111.526   -25.498   -48.375
 9     0.174     0.024     0.984
 9     0.078     0.996    -0.038
 9    -0.982     0.083     0.172
 2    97.046   -18.641    59.838
 2     0.392    -0.920    -0.002
 2     0.919     0.392     0.042
 2    -0.038    -0.018     0.999
 3   118.575    -4.481     0.767
 3    -0.649    -0.100    -0.754
 3     0.043    -0.995     0.094
 3    -0.759     0.028     0.650
 4   100.056     5.314    -8.797
 4     0.461    -0.226     0.858
 4     0.300     0.950     0.088
 4    -0.835     0.217     0.506
 5   109.738    18.578   -23.595
 5     0.311     0.948     0.069
 5     0.092     0.043    -0.995
 5    -0.946     0.316    -0.074
 6   110.465    13.420   -49.120
 6     0.207    -0.010     0.978
 6    -0.168     0.984     0.045
 6    -0.964    -0.174     0.203
 7   100.748   -18.070    -5.673
 7     0.236     0.466     0.852
 7    -0.421     0.839    -0.343
 7    -0.876    -0.278     0.395
 8   109.572   -31.302   -20.313
 8     0.247    -0.949     0.197
 8    -0.120     0.171     0.978
 8    -0.961    -0.266    -0.072
 9   107.994   -25.419   -48.848
 9     0.102     0.028     0.994
 9     0.076     0.996    -0.036
 9    -0.992     0.079     0.100
 2    97.046   -18.641    59.839
 2     0.392    -0.920    -0.002
 2     0.919     0.392     0.042
 2    -0.038    -0.019     0.999
 3   118.424    -4.418     0.353
 3    -0.658    -0.103    -0.745
 3     0.045    -0.994     0.098
 3    -0.751     0.031     0.659
 4    99.609     5.204    -8.671
 4     0.442    -0.235     0.866
 4     0.306     0.946     0.101
 4    -0.843     0.220     0.490
 5   108.419    18.436   -23.915
 5     0.266     0.961     0.075
 5     0.090     0.053    -0.995
 5    -0.960     0.272    -0.072
 6   108.102    13.048   -49.249
 6     0.154     0.006     0.988
 6    -0.179     0.983     0.022
 6    -0.972    -0.180     0.153
 7   100.257   -17.939    -5.396
 7     0.187     0.474     0.860
 7    -0.419     0.830    -0.367
 7    -0.889    -0.292     0.354
 8   108.273   -31.301   -20.231
 8     0.182    -0.967     0.179
