% Calibrated with leiden_pols
% Positions are in centimeters
Data =[
 2    97.017   -18.702    59.871
 2     0.390    -0.921     0.007
 2     0.919     0.389     0.051
 2    -0.050    -0.014     0.999
 3   125.152    -3.941     8.996
 3    -0.408    -0.075    -0.910
 3     0.137    -0.990     0.020
 3    -0.902    -0.117     0.415
 4   116.090    11.575    -9.304
 4     0.815    -0.474     0.333
 4     0.540     0.829    -0.141
 4    -0.210     0.295     0.932
 5   130.584    28.191     5.467
 5     0.852    -0.474     0.224
 5     0.278     0.047    -0.959
 5     0.443     0.880     0.172
 6   140.231     3.745    11.792
 6     0.032     0.965    -0.258
 6    -0.946     0.112     0.305
 6     0.323     0.234     0.917
 7   118.999   -20.030    -8.096
 7     0.866     0.458     0.199
 7    -0.462     0.886    -0.030
 7    -0.190    -0.067     0.979
 8   137.815   -32.420    -0.128
 8     0.943     0.285    -0.170
 8    -0.009     0.532     0.846
 8     0.332    -0.797     0.505
 9   144.467    -7.739    10.901
 9     0.032    -0.937    -0.346
 9     0.847     0.209    -0.489
 9     0.531    -0.278     0.800
 2    97.017   -18.702    59.871
 2     0.390    -0.921     0.007
 2     0.919     0.389     0.051
 2    -0.050    -0.014     0.998
 3   125.914    -3.773     9.815
 3    -0.374    -0.062    -0.925
 3     0.146    -0.989     0.007
 3    -0.916    -0.132     0.379
 4   117.658    11.965    -9.144
 4     0.825    -0.484     0.292
 4     0.538     0.830    -0.145
 4    -0.173     0.276     0.945
 5   132.052    28.268     6.137
 5     0.841    -0.505     0.196
 5     0.259     0.055    -0.964
 5     0.475     0.861     0.177
 6   140.902     3.335    13.298
 6    -0.000     0.957    -0.290
 6    -0.941     0.097     0.323
 6     0.338     0.273     0.901
 7   120.122   -19.871    -8.024
 7     0.871     0.463     0.164
 7    -0.466     0.884    -0.021
 7    -0.155    -0.058     0.986
 8   138.525   -31.925     1.125
 8     0.926     0.322    -0.198
 8    -0.004     0.531     0.847
 8     0.378    -0.784     0.492
 9   144.556    -7.687    11.775
 9     0.017    -0.939    -0.344
 9     0.848     0.195    -0.492
 9     0.529    -0.283     0.800
 2    97.017   -18.702    59.871
 2     0.390    -0.921     0.007
 2     0.919     0.389     0.051
 2    -0.050    -0.014     0.999
 3   126.255    -3.608    10.132
 3    -0.360    -0.062    -0.931
 3     0.147    -0.989     0.009
 3    -0.921    -0.134     0.365
 4   118.417    12.200    -9.114
 4     0.834    -0.478     0.274
 4     0.526     0.838    -0.141
 4    -0.162     0.262     0.951
 5   132.806    28.124     6.327
 5     0.837    -0.521     0.167
 5     0.241     0.076    -0.967
 5     0.491     0.850     0.189
 6   141.160     3.108    13.838
 6    -0.025     0.954    -0.299
 6    -0.935     0.084     0.345
 6     0.354     0.288     0.889
 7   120.406   -19.709    -7.831
 7     0.868     0.471     0.153
 7    -0.475     0.879    -0.012
 7    -0.141    -0.062     0.988
 8   138.726   -31.781     1.622
 8     0.917     0.339    -0.208
 8    -0.001     0.524     0.851
 8     0.398    -0.781     0.481
 9   144.444    -7.436    12.587
 9     0.009    -0.934    -0.356
 9     0.852     0.194    -0.487
 9     0.524    -0.299     0.798
 2    97.017   -18.702    59.871
 2     0.390    -0.921     0.007
 2     0.919     0.389     0.051
 2    -0.050    -0.014     0.999
 3   126.377    -3.611    10.213
 3    -0.357    -0.069    -0.932
 3     0.148    -0.989     0.017
 3    -0.922    -0.132     0.363
 4   118.625    12.197    -9.215
 4     0.841    -0.469     0.268
 4     0.516     0.844    -0.142
 4    -0.161     0.258     0.953
 5   133.077    28.050     6.211
 5     0.836    -0.527     0.153
 5     0.232     0.087    -0.969
 5     0.497     0.845     0.195
 6   141.123     2.981    13.975
 6    -0.035     0.953    -0.300
 6    -0.932     0.077     0.354
 6     0.360     0.292     0.886
 7   120.219   -19.813    -7.756
 7     0.862     0.482     0.155
 7    -0.487     0.873    -0.006
 7    -0.138    -0.070     0.988
 8   138.410   -31.849     2.170
 8     0.912     0.353    -0.208
 8    -0.005     0.516     0.856
 8     0.410    -0.780     0.473
 9   144.358    -7.572    13.149
 9     0.018    -0.927    -0.374
 9     0.855     0.208    -0.474
 9     0.517    -0.311     0.797
 2    97.017   -18.702    59.820
 2     0.390    -0.921     0.007
 2     0.919     0.389     0.051
 2    -0.050    -0.014     0.999
 3   126.351    -3.736    10.252
 3    -0.359    -0.079    -0.930
 3     0.148    -0.989     0.027
 3    -0.921    -0.128     0.367
 4   118.597    12.144    -9.233
 4     0.842    -0.466     0.270
 4     0.513     0.846    -0.141
 4    -0.163     0.257     0.952
 5   133.058    28.053     6.205
 5     0.834    -0.529     0.153
 5     0.233     0.087    -0.968
 5     0.499     0.844     0.196
 6   141.173     2.981    13.974
 6    -0.034     0.953    -0.302
 6    -0.932     0.079     0.354
 6     0.360     0.293     0.885
 7   119.776   -20.126    -7.682
 7     0.851     0.497     0.167
 7    -0.505     0.863     0.006
 7    -0.141    -0.090     0.986
 8   137.507   -32.587     2.499
 8     0.910     0.372    -0.181
 8    -0.026     0.489     0.872
 8     0.413    -0.789     0.455
 9   144.187    -8.263    13.287
 9     0.061    -0.914    -0.401
 9     0.869     0.246    -0.430
 9     0.491    -0.323     0.809
 2    97.017   -18.702    59.819
 2     0.390    -0.921     0.007
 2     0.919     0.390     0.051
 2    -0.050    -0.013     0.999
 3   126.241    -3.857    10.051
 3    -0.367    -0.090    -0.926
 3     0.145    -0.989     0.038
 3    -0.919    -0.120     0.375
 4   118.224    11.908    -9.441
 4     0.839    -0.465     0.281
 4     0.515     0.845    -0.141
 4    -0.172     0.263     0.949
 5   131.757    28.195     6.288
 5     0.824    -0.525     0.214
 5     0.272     0.035    -0.962
 5     0.497     0.850     0.172
 6   141.903     3.807    13.158
 6     0.052     0.934    -0.354
 6    -0.943     0.163     0.291
 6     0.329     0.318     0.889
 7   119.076   -20.537    -7.381
 7     0.830     0.529     0.177
 7    -0.543     0.839     0.036
 7    -0.130    -0.126     0.983
 8   135.466   -34.136     3.956
 8     0.900     0.424    -0.100
 8    -0.083     0.393     0.916
 8     0.427    -0.816     0.389
 9   144.450    -9.989    12.976
 9     0.164    -0.867    -0.470
 9     0.890     0.336    -0.309
 9     0.425    -0.367     0.827
 2    97.017   -18.702    59.819
 2     0.390    -0.921     0.007
 2     0.919     0.390     0.051
 2    -0.050    -0.013     0.999
 3   125.985    -3.948     9.733
 3    -0.377    -0.100    -0.921
 3     0.140    -0.989     0.050
 3    -0.915    -0.110     0.387
 4   117.383    11.774    -9.693
 4     0.826    -0.477     0.300
 4     0.532     0.835    -0.137
 4    -0.185     0.273     0.944
 5   129.883    28.835     6.395
 5     0.814    -0.489     0.313
 5     0.334    -0.046    -0.941
 5     0.474     0.871     0.126
 6   143.414     5.967    12.011
 6     0.206     0.867    -0.453
 6    -0.937     0.308     0.164
 6     0.282     0.391     0.876
 7   118.089   -21.075    -7.107
 7     0.800     0.567     0.195
 7    -0.589     0.805     0.073
 7    -0.116    -0.173     0.978
 8   132.613   -35.386     5.882
 8     0.887     0.460     0.037
 8    -0.159     0.229     0.960
 8     0.434    -0.858     0.277
 9   145.354   -12.807    12.359
 9     0.348    -0.764    -0.543
 9     0.884     0.460    -0.082
 9     0.312    -0.451     0.836
 2    97.017   -18.702    59.819
 2     0.390    -0.921     0.007
 2     0.919     0.389     0.051
 2    -0.050    -0.013     0.999
 3   125.413    -4.042     8.914
 3    -0.411    -0.120    -0.903
 3     0.130    -0.989     0.073
 3    -0.902    -0.087     0.422
 4   116.025    11.530    -9.936
 4     0.799    -0.498     0.338
 4     0.563     0.817    -0.126
 4    -0.213     0.291     0.932
 5   127.394    29.329     6.245
 5     0.791    -0.413     0.451
 5     0.421    -0.166    -0.892
 5     0.443     0.895     0.042
