% Calibrated with leiden_pols
% Positions are in centimeters
Data =[
 2    97.017   -18.702    59.871
 2     0.390    -0.921     0.007
 2     0.919     0.389     0.051
 2    -0.050    -0.014     0.999
 3   125.152    -3.941     8.996
 3    -0.408    -0.075    -0.910
 3     0.137    -0.990     0.020
 3    -0.902    -0.117     0.415
 4   116.090    11.575    -9.304
 4     0.815    -0.474     0.333
 4     0.540     0.829    -0.141
 4    -0.210     0.295     0.932
 5   130.584    28.191     5.467
 5     0.852    -0.474     0.224
 5     0.278     0.047    -0.959
 5     0.443     0.880     0.172
 6   140.231     3.745    11.792
 6     0.032     0.965    -0.258
 6    -0.946     0.112     0.305
 6     0.323     0.234     0.917
 7   118.999   -20.030    -8.096
 7     0.866     0.458     0.199
 7    -0.462     0.886    -0.030
 7    -0.190    -0.067     0.979
 8   137.815   -32.420    -0.128
 8     0.943     0.285    -0.170
 8    -0.009     0.532     0.846
 8     0.332    -0.797     0.505
 9   144.467    -7.739    10.901
 9     0.032    -0.937    -0.346
 9     0.847     0.209    -0.489
 9     0.531    -0.278     0.800
 2    97.017   -18.702    59.871
 2     0.390    -0.921     0.007
 2     0.919     0.389     0.051
 2    -0.050    -0.014     0.998
 3   125.914    -3.773     9.815
 3    -0.374    -0.062    -0.925
 3     0.146    -0.989     0.007
 3    -0.916    -0.132     0.379
 4   117.658    11.965    -9.144
 4     0.825    -0.484     0.292
 4     0.538     0.830    -0.145
 4    -0.173     0.276     0.945
 5   132.052    28.268     6.137
 5     0.841    -0.505     0.196
 5     0.259     0.055    -0.964
 5     0.475     0.861     0.177
 6   140.902     3.335    13.298
 6    -0.000     0.957    -0.290
 6    -0.941     0.097     0.323
 6     0.338     0.273     0.901
 7   120.122   -19.871    -8.024
 7     0.871     0.463     0.164
 7    -0.466     0.884    -0.021
 7    -0.155    -0.058     0.986
 8   138.525   -31.925     1.125
 8     0.926     0.322    -0.198
 8    -0.004     0.531     0.847
 8     0.378    -0.784     0.492
 9   144.556    -7.687    11.775
 9     0.017    -0.939    -0.344
 9     0.848     0.195    -0.492
 9     0.529    -0.283     0.800
 2    97.017   -18.702    59.871
 2     0.390    -0.921     0.007
 2     0.919     0.389     0.051
 2    -0.050    -0.014     0.999
 3   126.255    -3.608    10.132
 3    -0.360    -0.062    -0.931
 3     0.147    -0.989     0.009
 3    -0.921    -0.134     0.365
 4   118.417    12.200    -9.114
 4     0.834    -0.478     0.274
 4     0.526     0.838    -0.141
 4    -0.162     0.262     0.951
 5   132.806    28.124     6.327
 5     0.837    -0.521     0.167
 5     0.241     0.076    -0.967
 5     0.491     0.850     0.189
 6   141.160     3.108    13.838
 6    -0.025     0.954    -0.299
 6    -0.935     0.084     0.345
 6     0.354     0.288     0.889
 7   120.406   -19.709    -7.831
 7     0.868     0.471     0.153
 7    -0.475     0.879    -0.012
 7    -0.141    -0.062     0.988
 8   138.726   -31.781     1.622
 8     0.917     0.339    -0.208
 8    -0.001     0.524     0.851
 8     0.398    -0.781     0.481
 9   144.444    -7.436    12.587
 9     0.009    -0.934    -0.356
 9     0.852     0.194    -0.487
 9     0.524    -0.299     0.798
 2    97.017   -18.702    59.871
 2     0.390    -0.921     0.007
 2     0.919     0.389     0.051
 2    -0.050    -0.014     0.999
 3   126.377    -3.611    10.213
 3    -0.357    -0.069    -0.932
 3     0.148    -0.989     0.017
 3    -0.922    -0.132     0.363
 4   118.625    12.197    -9.215
 4     0.841    -0.469     0.268
 4     0.516     0.844    -0.142
 4    -0.161     0.258     0.953
 5   133.077    28.050     6.211
 5     0.836    -0.527     0.153
 5     0.232     0.087    -0.969
 5     0.497     0.845     0.195
 6   141.123     2.981    13.975
 6    -0.035     0.953    -0.300
 6    -0.932     0.077     0.354
 6     0.360     0.292     0.886
 7   120.219   -19.813    -7.756
 7     0.862     0.482     0.155
 7    -0.487     0.873    -0.006
 7    -0.138    -0.070     0.988
 8   138.410   -31.849     2.170
 8     0.912     0.353    -0.208
 8    -0.005     0.516     0.856
 8     0.410    -0.780     0.473
 9   144.358    -7.572    13.149
 9     0.018    -0.927    -0.374
 9     0.855     0.208    -0.474
 9     0.517    -0.311     0.797
 2    97.017   -18.702    59.820
 2     0.390    -0.921     0.007
 2     0.919     0.389     0.051
 2    -0.050    -0.014     0.999
 3   126.351    -3.736    10.252
 3    -0.359    -0.079    -0.930
 3     0.148    -0.989     0.027
 3    -0.921    -0.128     0.367
 4   118.597    12.144    -9.233
 4     0.842    -0.466     0.270
 4     0.513     0.846    -0.141
 4    -0.163     0.257     0.952
 5   133.058    28.053     6.205
 5     0.834    -0.529     0.153
 5     0.233     0.087    -0.968
 5     0.499     0.844     0.196
 6   141.173     2.981    13.974
 6    -0.034     0.953    -0.302
 6    -0.932     0.079     0.354
 6     0.360     0.293     0.885
 7   119.776   -20.126    -7.682
 7     0.851     0.497     0.167
 7    -0.505     0.863     0.006
 7    -0.141    -0.090     0.986
 8   137.507   -32.587     2.499
 8     0.910     0.372    -0.181
 8    -0.026     0.489     0.872
 8     0.413    -0.789     0.455
 9   144.187    -8.263    13.287
 9     0.061    -0.914    -0.401
 9     0.869     0.246    -0.430
 9     0.491    -0.323     0.809
 2    97.017   -18.702    59.819
 2     0.390    -0.921     0.007
 2     0.919     0.390     0.051
 2    -0.050    -0.013     0.999
 3   126.241    -3.857    10.051
 3    -0.367    -0.090    -0.926
 3     0.145    -0.989     0.038
 3    -0.919    -0.120     0.375
 4   118.224    11.908    -9.441
 4     0.839    -0.465     0.281
 4     0.515     0.845    -0.141
 4    -0.172     0.263     0.949
 5   131.757    28.195     6.288
 5     0.824    -0.525     0.214
 5     0.272     0.035    -0.962
 5     0.497     0.850     0.172
 6   141.903     3.807    13.158
 6     0.052     0.934    -0.354
 6    -0.943     0.163     0.291
 6     0.329     0.318     0.889
 7   119.076   -20.537    -7.381
 7     0.830     0.529     0.177
 7    -0.543     0.839     0.036
 7    -0.130    -0.126     0.983
 8   135.466   -34.136     3.956
 8     0.900     0.424    -0.100
 8    -0.083     0.393     0.916
 8     0.427    -0.816     0.389
 9   144.450    -9.989    12.976
 9     0.164    -0.867    -0.470
 9     0.890     0.336    -0.309
 9     0.425    -0.367     0.827
 2    97.017   -18.702    59.819
 2     0.390    -0.921     0.007
 2     0.919     0.390     0.051
 2    -0.050    -0.013     0.999
 3   125.985    -3.948     9.733
 3    -0.377    -0.100    -0.921
 3     0.140    -0.989     0.050
 3    -0.915    -0.110     0.387
 4   117.383    11.774    -9.693
 4     0.826    -0.477     0.300
 4     0.532     0.835    -0.137
 4    -0.185     0.273     0.944
 5   129.883    28.835     6.395
 5     0.814    -0.489     0.313
 5     0.334    -0.046    -0.941
 5     0.474     0.871     0.126
 6   143.414     5.967    12.011
 6     0.206     0.867    -0.453
 6    -0.937     0.308     0.164
 6     0.282     0.391     0.876
 7   118.089   -21.075    -7.107
 7     0.800     0.567     0.195
 7    -0.589     0.805     0.073
 7    -0.116    -0.173     0.978
 8   132.613   -35.386     5.882
 8     0.887     0.460     0.037
 8    -0.159     0.229     0.960
 8     0.434    -0.858     0.277
 9   145.354   -12.807    12.359
 9     0.348    -0.764    -0.543
 9     0.884     0.460    -0.082
 9     0.312    -0.451     0.836
 2    97.017   -18.702    59.819
 2     0.390    -0.921     0.007
 2     0.919     0.389     0.051
 2    -0.050    -0.013     0.999
 3   125.413    -4.042     8.914
 3    -0.411    -0.120    -0.903
 3     0.130    -0.989     0.073
 3    -0.902    -0.087     0.422
 4   116.025    11.530    -9.936
 4     0.799    -0.498     0.338
 4     0.563     0.817    -0.126
 4    -0.213     0.291     0.932
 5   127.394    29.329     6.245
 5     0.791    -0.413     0.451
 5     0.421    -0.166    -0.892
 5     0.443     0.895     0.042
 6   144.709     9.219     9.885
 6     0.410     0.742    -0.529
 6    -0.893     0.445    -0.069
 6     0.184     0.501     0.845
 7   116.824   -21.778    -6.752
 7     0.750     0.629     0.204
 7    -0.657     0.743     0.125
 7    -0.073    -0.228     0.971
 8   129.362   -36.446     9.041
 8     0.869     0.451     0.203
 8    -0.226    -0.003     0.974
 8     0.440    -0.892     0.099
 9   145.573   -16.418    11.526
 9     0.530    -0.620    -0.579
 9     0.840     0.476     0.260
 9     0.114    -0.624     0.773
 2    97.017   -18.702    59.820
 2     0.390    -0.921     0.007
 2     0.919     0.390     0.051
 2    -0.050    -0.014     0.999
 3   124.847    -4.178     8.076
 3    -0.450    -0.137    -0.882
 3     0.114    -0.989     0.095
 3    -0.885    -0.057     0.461
 4   114.727    11.519   -10.248
 4     0.772    -0.515     0.373
 4     0.590     0.798    -0.121
 4    -0.235     0.313     0.920
 5   125.869    29.558     6.391
 5     0.781    -0.364     0.506
 5     0.457    -0.220    -0.862
 5     0.425     0.905    -0.006
 6   144.570    10.963     8.857
 6     0.494     0.570    -0.656
 6    -0.865     0.398    -0.305
 6     0.087     0.718     0.690
 7   115.672   -22.440    -5.983
 7     0.722     0.659     0.211
 7    -0.691     0.700     0.178
 7    -0.030    -0.274     0.961
 8   127.589   -36.059    11.427
 8     0.878     0.391     0.275
 8    -0.229    -0.161     0.960
 8     0.419    -0.906    -0.052
 9   145.140   -17.596    10.400
 9     0.582    -0.559    -0.590
 9     0.811     0.344     0.473
 9    -0.062    -0.754     0.654
 2    97.017   -18.702    59.820
 2     0.390    -0.921     0.007
 2     0.919     0.389     0.051
 2    -0.050    -0.014     0.999
 3   124.203    -4.194     7.135
 3    -0.483    -0.141    -0.864
 3     0.095    -0.990     0.109
 3    -0.870    -0.030     0.491
 4   112.810    11.060   -10.587
 4     0.754    -0.495     0.431
 4     0.589     0.800    -0.110
 4    -0.291     0.337     0.895
 5   125.011    29.518     5.301
 5     0.802    -0.317     0.506
 5     0.455    -0.224    -0.862
 5     0.386     0.921    -0.035
 6   144.220    11.256     7.134
 6     0.526     0.528    -0.666
 6    -0.850     0.331    -0.410
 6     0.004     0.782     0.623
 7   114.271   -22.798    -5.469
 7     0.715     0.651     0.254
 7    -0.698     0.682     0.216
 7    -0.033    -0.332     0.943
 8   127.076   -35.142    13.167
 8     0.903     0.326     0.279
 8    -0.197    -0.264     0.944
 8     0.381    -0.908    -0.174
 9   144.188   -17.892     8.966
 9     0.584    -0.604    -0.543
 9     0.764     0.184     0.618
 9    -0.273    -0.776     0.569
 2    97.017   -18.702    59.820
 2     0.390    -0.921     0.007
 2     0.919     0.390     0.051
 2    -0.050    -0.014     0.999
 3   123.378    -4.145     5.936
 3    -0.525    -0.136    -0.840
 3     0.070    -0.991     0.116
 3    -0.848     0.002     0.529
 4   111.091    10.807   -10.780
 4     0.728    -0.478     0.490
 4     0.592     0.800    -0.099
 4    -0.345     0.362     0.865
 5   123.953    29.352     4.493
 5     0.827    -0.217     0.519
 5     0.468    -0.246    -0.849
 5     0.312     0.944    -0.102
 6   143.182    11.753     4.060
 6     0.530     0.576    -0.622
 6    -0.843     0.277    -0.462
 6    -0.094     0.769     0.632
 7   113.236   -22.980    -5.036
 7     0.706     0.648     0.286
 7    -0.707     0.665     0.238
 7    -0.036    -0.371     0.928
 8   126.304   -34.913    13.707
 8     0.920     0.246     0.303
 8    -0.210    -0.341     0.916
 8     0.329    -0.907    -0.262
 9   143.307   -18.465     7.266
 9     0.576    -0.640    -0.509
 9     0.725     0.114     0.678
 9    -0.376    -0.760     0.530
 2    97.017   -18.702    59.820
 2     0.390    -0.921     0.007
 2     0.919     0.389     0.051
 2    -0.050    -0.014     0.999
 3   122.822    -3.952     5.092
 3    -0.560    -0.125    -0.819
 3     0.054    -0.992     0.115
 3    -0.827     0.020     0.562
 4   109.607    10.292   -10.964
 4     0.696    -0.468     0.545
 4     0.592     0.803    -0.067
 4    -0.407     0.369     0.836
 5   122.796    29.966     2.857
 5     0.838    -0.142     0.527
 5     0.493    -0.216    -0.843
 5     0.233     0.966    -0.111
 6   141.589    12.036     0.301
 6     0.495     0.671    -0.553
 6    -0.855     0.262    -0.448
 6    -0.155     0.694     0.703
 7   112.187   -23.191    -4.829
 7     0.687     0.649     0.326
 7    -0.723     0.652     0.226
 7    -0.066    -0.391     0.918
 8   125.151   -35.428    13.705
 8     0.922     0.189     0.338
 8    -0.253    -0.369     0.894
 8     0.294    -0.910    -0.292
 9   142.433   -20.046     5.804
 9     0.578    -0.674    -0.460
 9     0.692     0.107     0.713
 9    -0.432    -0.731     0.529
 2    97.017   -18.702    59.820
 2     0.390    -0.921     0.007
 2     0.919     0.389     0.051
 2    -0.050    -0.014     0.999
 3   122.333    -4.071     4.393
 3    -0.586    -0.121    -0.801
 3     0.040    -0.992     0.120
 3    -0.809     0.038     0.586
 4   108.443     9.825   -11.084
 4     0.663    -0.467     0.584
 4     0.599     0.800    -0.041
 4    -0.448     0.377     0.810
 5   121.734    29.773     1.944
 5     0.838    -0.082     0.539
 5     0.514    -0.211    -0.831
 5     0.181     0.974    -0.135
 6   140.179    12.240    -1.841
 6     0.481     0.721    -0.498
 6    -0.853     0.253    -0.457
 6    -0.204     0.644     0.737
 7   111.260   -23.513    -4.597
 7     0.666     0.652     0.361
 7    -0.742     0.629     0.231
 7    -0.077    -0.422     0.903
 8   124.223   -35.729    13.893
 8     0.919     0.126     0.372
 8    -0.292    -0.415     0.861
 8     0.264    -0.901    -0.345
 9   141.381   -21.990     4.578
 9     0.581    -0.701    -0.414
 9     0.647     0.089     0.757
 9    -0.494    -0.708     0.505
 2    97.017   -18.702    59.820
 2     0.390    -0.921     0.007
 2     0.919     0.389     0.051
 2    -0.050    -0.014     0.999
 3   121.966    -4.423     3.782
 3    -0.608    -0.119    -0.785
 3     0.029    -0.991     0.128
 3    -0.793     0.055     0.606
 4   107.526     9.209   -11.165
 4     0.638    -0.467     0.612
 4     0.600     0.799    -0.016
 4    -0.482     0.377     0.791
 5   120.642    29.933     0.850
 5     0.825    -0.065     0.561
 5     0.543    -0.182    -0.820
 5     0.155     0.981    -0.115
 6   139.281    12.579    -3.041
 6     0.488     0.739    -0.465
 6    -0.850     0.281    -0.445
 6    -0.198     0.612     0.765
 7   110.376   -23.709    -4.472
 7     0.646     0.657     0.387
 7    -0.758     0.612     0.226
 7    -0.088    -0.440     0.894
 8   123.416   -36.411    13.943
 8     0.914     0.089     0.395
 8    -0.324    -0.423     0.846
 8     0.243    -0.901    -0.358
 9   140.818   -22.848     4.148
 9     0.584    -0.711    -0.391
 9     0.631     0.094     0.770
 9    -0.511    -0.696     0.504
 2    97.017   -18.702    59.820
 2     0.390    -0.921     0.007
 2     0.919     0.390     0.051
 2    -0.050    -0.014     0.999
 3   121.655    -4.684     3.376
 3    -0.621    -0.118    -0.775
 3     0.018    -0.990     0.136
 3    -0.783     0.070     0.617
 4   106.743     8.596   -11.195
 4     0.613    -0.475     0.631
 4     0.600     0.799     0.019
 4    -0.514     0.367     0.775
 5   119.436    30.062     0.058
 5     0.806    -0.025     0.590
 5     0.579    -0.164    -0.798
 5     0.116     0.986    -0.118
 6   138.806    13.301    -4.490
 6     0.512     0.743    -0.431
 6    -0.835     0.315    -0.451
 6    -0.199     0.591     0.782
 7   109.655   -23.858    -4.285
 7     0.625     0.664     0.410
 7    -0.773     0.597     0.213
 7    -0.103    -0.451     0.886
 8   122.676   -36.916    13.662
 8     0.910     0.058     0.410
 8    -0.351    -0.420     0.837
 8     0.221    -0.906    -0.362
 9   140.186   -24.085     3.369
 9     0.590    -0.724    -0.357
 9     0.615     0.116     0.780
 9    -0.523    -0.680     0.514
 2    97.017   -18.702    59.820
 2     0.390    -0.921     0.007
 2     0.919     0.390     0.051
 2    -0.050    -0.014     0.999
 3   121.416    -4.898     3.108
 3    -0.631    -0.116    -0.766
 3     0.010    -0.990     0.142
 3    -0.775     0.083     0.626
 4   106.181     8.169   -11.258
 4     0.593    -0.479     0.648
 4     0.601     0.798     0.039
 4    -0.536     0.366     0.761
 5   118.678    30.048    -0.648
 5     0.794    -0.005     0.607
 5     0.600    -0.148    -0.786
 5     0.094     0.989    -0.115
 6   138.337    13.899    -5.217
 6     0.536     0.740    -0.407
 6    -0.821     0.345    -0.454
 6    -0.196     0.577     0.792
 7   109.193   -23.973    -4.271
 7     0.613     0.664     0.427
 7    -0.782     0.588     0.208
 7    -0.113    -0.462     0.880
 8   122.325   -37.209    13.437
 8     0.908     0.033     0.418
 8    -0.366    -0.423     0.829
 8     0.205    -0.905    -0.372
 9   139.826   -24.635     2.695
 9     0.589    -0.734    -0.336
 9     0.604     0.125     0.786
 9    -0.536    -0.667     0.518
 2    97.017   -18.702    59.819
 2     0.390    -0.921     0.007
 2     0.919     0.390     0.051
 2    -0.050    -0.013     0.999
 3   121.201    -4.964     2.903
 3    -0.639    -0.113    -0.761
 3     0.003    -0.989     0.144
 3    -0.769     0.090     0.632
 4   105.720     7.980   -11.326
 4     0.581    -0.479     0.658
 4     0.602     0.797     0.049
 4    -0.548     0.367     0.752
 5   118.217    30.090    -0.871
 5     0.788     0.009     0.615
 5     0.610    -0.143    -0.779
 5     0.081     0.989    -0.119
 6   137.995    13.980    -5.652
 6     0.542     0.743    -0.393
 6    -0.818     0.358    -0.450
 6    -0.194     0.565     0.802
 7   108.844   -24.053    -4.183
 7     0.608     0.663     0.436
 7    -0.786     0.582     0.209
 7    -0.115    -0.470     0.875
 8   122.138   -37.315    13.380
 8     0.908     0.027     0.417
 8    -0.368    -0.423     0.828
 8     0.199    -0.906    -0.374
 9   139.615   -24.766     2.474
 9     0.588    -0.739    -0.330
 9     0.603     0.128     0.787
 9    -0.539    -0.662     0.521
 2    97.017   -18.702    59.820
 2     0.390    -0.921     0.007
 2     0.919     0.390     0.051
 2    -0.050    -0.014     0.999
 3   122.762    -7.234     4.881
 3    -0.644    -0.113    -0.756
 3    -0.000    -0.989     0.147
 3    -0.765     0.095     0.637
 4   105.426     7.744   -11.305
 4     0.576    -0.478     0.663
 4     0.599     0.798     0.054
 4    -0.555     0.366     0.746
 5   117.967    30.081    -1.245
 5     0.785     0.013     0.618
 5     0.614    -0.131    -0.778
 5     0.070     0.991    -0.111
 6   137.855    13.995    -5.868
 6     0.546     0.742    -0.389
 6    -0.818     0.373    -0.438
 6    -0.180     0.557     0.810
 7   108.722   -24.154    -4.181
 7     0.606     0.662     0.439
 7    -0.787     0.580     0.211
 7    -0.115    -0.474     0.873
 8   122.056   -37.342    13.414
 8     0.909     0.026     0.415
 8    -0.367    -0.421     0.829
 8     0.196    -0.907    -0.373
 9   139.432   -24.819     2.402
 9     0.585    -0.741    -0.329
 9     0.604     0.128     0.786
 9    -0.541    -0.659     0.523
 2    97.017   -18.702    59.819
 2     0.390    -0.921     0.007
 2     0.919     0.389     0.051
 2    -0.050    -0.013     0.999
 3   122.690    -7.280     4.816
 3    -0.646    -0.112    -0.755
 3    -0.003    -0.989     0.149
 3    -0.763     0.098     0.638
 4   105.366     7.663   -11.316
 4     0.574    -0.478     0.664
 4     0.598     0.799     0.058
 4    -0.559     0.364     0.745
 5   117.777    30.102    -1.455
 5     0.781     0.015     0.625
 5     0.622    -0.121    -0.774
 5     0.064     0.992    -0.104
 6   137.829    14.238    -6.055
 6     0.555     0.737    -0.385
 6    -0.815     0.388    -0.431
 6    -0.169     0.553     0.816
 7   108.672   -24.205    -4.130
 7     0.606     0.662     0.440
 7    -0.787     0.579     0.212
 7    -0.115    -0.475     0.872
 8   122.001   -37.395    13.395
 8     0.909     0.025     0.415
 8    -0.367    -0.419     0.830
 8     0.194    -0.907    -0.372
 9   139.334   -24.869     2.398
 9     0.585    -0.742    -0.329
 9     0.605     0.129     0.786
 9    -0.540    -0.658     0.524
 2    97.017   -18.702    59.820
 2     0.390    -0.921     0.007
 2     0.919     0.390     0.051
 2    -0.050    -0.014     0.999
 3   122.688    -7.305     4.812
 3    -0.646    -0.111    -0.755
 3    -0.005    -0.989     0.150
 3    -0.763     0.101     0.638
 4   105.365     7.561   -11.312
 4     0.573    -0.480     0.664
 4     0.598     0.799     0.061
 4    -0.560     0.362     0.745
 5   117.666    30.073    -1.668
 5     0.778     0.015     0.627
 5     0.624    -0.113    -0.773
 5     0.059     0.993    -0.098
 6   137.922    14.145    -6.078
 6     0.557     0.735    -0.386
 6    -0.814     0.394    -0.426
 6    -0.161     0.552     0.818
 7   108.618   -24.208    -4.225
 7     0.604     0.663     0.441
 7    -0.788     0.579     0.209
 7    -0.117    -0.474     0.873
 8   121.947   -37.524    13.245
 8     0.909     0.025     0.416
 8    -0.369    -0.415     0.831
 8     0.193    -0.909    -0.368
 9   139.262   -24.892     2.289
 9     0.585    -0.742    -0.328
 9     0.606     0.131     0.784
 9    -0.538    -0.658     0.526
 2    97.017   -18.702    59.820
 2     0.390    -0.921     0.007
 2     0.919     0.390     0.051
 2    -0.050    -0.014     0.999
 3   122.687    -7.355     4.861
 3    -0.646    -0.112    -0.755
 3    -0.006    -0.988     0.151
 3    -0.763     0.102     0.638
 4   105.466     7.561   -11.312
 4     0.574    -0.480     0.663
 4     0.598     0.799     0.061
 4    -0.560     0.361     0.745
 5   117.725    30.075    -1.698
 5     0.778     0.009     0.628
 5     0.625    -0.110    -0.773
 5     0.062     0.994    -0.091
 6   138.040    14.127    -5.949
 6     0.558     0.732    -0.391
 6    -0.815     0.397    -0.421
 6    -0.153     0.553     0.818
 7   108.618   -24.208    -4.229
 7     0.604     0.665     0.438
 7    -0.788     0.579     0.207
 7    -0.116    -0.471     0.874
 8   121.877   -37.574    13.097
 8     0.908     0.037     0.417
 8    -0.368    -0.405     0.837
 8     0.199    -0.914    -0.354
 9   139.285   -24.882     2.435
 9     0.589    -0.736    -0.334
 9     0.612     0.135     0.779
 9    -0.528    -0.663     0.530
 2    97.017   -18.702    59.819
 2     0.390    -0.921     0.007
 2     0.919     0.389     0.051
 2    -0.050    -0.013     0.999
 3   122.678    -7.411     4.950
 3    -0.643    -0.112    -0.758
 3    -0.006    -0.988     0.151
 3    -0.766     0.102     0.634
 4   105.768     7.569   -11.332
 4     0.582    -0.482     0.654
 4     0.597     0.800     0.058
 4    -0.552     0.356     0.754
 5   118.026    30.081    -1.639
 5     0.780    -0.006     0.626
 5     0.621    -0.106    -0.776
 5     0.071     0.994    -0.079
 6   138.325    14.040    -5.340
 6     0.558     0.723    -0.407
 6    -0.819     0.399    -0.413
 6    -0.136     0.563     0.815
 7   108.931   -24.199    -4.338
 7     0.609     0.669     0.425
 7    -0.786     0.582     0.210
 7    -0.107    -0.462     0.880
 8   122.027   -37.486    13.167
 8     0.908     0.062     0.413
 8    -0.358    -0.395     0.846
 8     0.216    -0.916    -0.337
 9   139.637   -24.554     2.955
 9     0.595    -0.722    -0.353
 9     0.624     0.138     0.769
 9    -0.507    -0.678     0.533
 2    97.017   -18.702    59.820
 2     0.390    -0.921     0.007
 2     0.919     0.389     0.051
 2    -0.050    -0.014     0.999
 3   122.903    -7.423     5.273
 3    -0.631    -0.110    -0.767
 3    -0.006    -0.989     0.147
 3    -0.775     0.098     0.624
 4   106.424     7.768   -11.258
 4     0.595    -0.492     0.635
 4     0.601     0.797     0.054
 4    -0.533     0.350     0.770
 5   118.408    30.058    -1.080
 5     0.780    -0.043     0.624
 5     0.617    -0.112    -0.779
 5     0.103     0.993    -0.061
 6   138.826    13.990    -3.958
 6     0.562     0.700    -0.440
 6    -0.820     0.403    -0.406
 6    -0.108     0.589     0.801
 7   109.403   -24.183    -4.392
 7     0.618     0.674     0.403
 7    -0.780     0.587     0.216
 7    -0.092    -0.448     0.889
 8   122.339   -37.369    13.318
 8     0.907     0.095     0.410
 8    -0.346    -0.384     0.856
 8     0.239    -0.918    -0.316
 9   140.054   -24.069     3.691
 9     0.602    -0.703    -0.378
 9     0.637     0.138     0.758
 9    -0.481    -0.697     0.531
 2    97.017   -18.702    59.820
 2     0.390    -0.921     0.007
 2     0.919     0.390     0.051
 2    -0.050    -0.014     0.998
 3   123.215    -7.447     5.763
 3    -0.613    -0.110    -0.782
 3    -0.001    -0.990     0.140
 3    -0.790     0.087     0.607
 4   107.383     7.976   -11.263
 4     0.616    -0.500     0.608
 4     0.605     0.795     0.041
 4    -0.504     0.343     0.793
 5   119.141    30.051    -0.188
 5     0.780    -0.101     0.618
 5     0.607    -0.122    -0.786
 5     0.154     0.987    -0.034
 6   139.610    13.749    -1.729
 6     0.562     0.670    -0.484
 6    -0.824     0.409    -0.392
 6    -0.065     0.620     0.782
 7   110.504   -24.175    -4.679
 7     0.637     0.679     0.365
 7    -0.768     0.597     0.231
 7    -0.061    -0.428     0.902
 8   123.037   -36.971    13.616
 8     0.904     0.168     0.393
 8    -0.311    -0.373     0.874
 8     0.294    -0.912    -0.285
 9   141.219   -22.851     5.688
 9     0.630    -0.643    -0.436
 9     0.679     0.183     0.710
 9    -0.376    -0.744     0.552
 2    97.017   -18.702    59.820
 2     0.390    -0.921     0.007
 2     0.919     0.390     0.051
 2    -0.050    -0.014     0.998
 3   122.053    -5.133     4.459
 3    -0.584    -0.109    -0.804
 3     0.010    -0.992     0.128
 3    -0.811     0.067     0.580
 4   108.765     8.662   -11.128
 4     0.644    -0.513     0.567
 4     0.615     0.788     0.014
 4    -0.454     0.340     0.824
 5   120.428    29.762     1.009
 5     0.776    -0.165     0.608
 5     0.588    -0.160    -0.793
 5     0.228     0.973    -0.027
 6   141.793    13.827     3.418
 6     0.544     0.506    -0.670
 6    -0.834     0.414    -0.364
 6     0.093     0.756     0.647
 7   111.756   -23.941    -4.826
 7     0.663     0.678     0.316
 7    -0.747     0.621     0.236
 7    -0.037    -0.393     0.919
 8   124.448   -36.964    12.627
 8     0.885     0.315     0.341
 8    -0.259    -0.275     0.926
 8     0.386    -0.908    -0.162
 9   143.233   -20.105    10.597
 9     0.623    -0.473    -0.623
 9     0.777     0.283     0.562
 9    -0.090    -0.834     0.544
 2    97.017   -18.702    59.820
 2     0.390    -0.921     0.007
 2     0.919     0.390     0.051
 2    -0.050    -0.014     0.998
 3   122.828    -4.947     5.490
 3    -0.551    -0.108    -0.827
 3     0.025    -0.993     0.113
 3    -0.834     0.042     0.550
 4   110.739     9.398   -10.928
 4     0.700    -0.516     0.494
 4     0.611     0.790    -0.041
 4    -0.370     0.330     0.868
 5   122.041    29.755     3.302
 5     0.757    -0.349     0.551
 5     0.533    -0.157    -0.831
 5     0.377     0.924     0.067
 6   142.007    12.182     7.926
 6     0.487     0.481    -0.729
 6    -0.854     0.438    -0.281
 6     0.184     0.759     0.624
 7   113.652   -23.605    -5.053
 7     0.701     0.671     0.241
 7    -0.713     0.654     0.251
 7     0.011    -0.348     0.937
 8   126.084   -35.646    13.568
 8     0.842     0.483     0.238
 8    -0.172    -0.178     0.969
 8     0.510    -0.857    -0.067
 9   143.811   -17.401    15.215
 9     0.577    -0.373    -0.727
 9     0.816     0.303     0.492
 9     0.037    -0.877     0.479
 2    97.017   -18.702    59.819
 2     0.390    -0.921     0.007
 2     0.919     0.389     0.051
 2    -0.050    -0.013     0.999
 3   123.728    -4.755     6.256
 3    -0.522    -0.103    -0.847
 3     0.044    -0.995     0.094
 3    -0.852     0.012     0.524
 4   112.462    10.238   -10.572
 4     0.730    -0.533     0.426
 4     0.619     0.781    -0.084
 4    -0.288     0.325     0.901
 5   123.044    29.304     5.841
 5     0.736    -0.426     0.526
 5     0.488    -0.205    -0.848
 5     0.469     0.881     0.057
 6   142.438    11.370    12.056
 6     0.474     0.426    -0.771
 6    -0.853     0.438    -0.283
 6     0.217     0.792     0.571
 7   115.171   -23.511    -5.088
 7     0.718     0.669     0.188
 7    -0.694     0.670     0.265
 7     0.051    -0.322     0.945
 8   127.177   -35.064    14.209
 8     0.815     0.544     0.198
 8    -0.137    -0.151     0.979
 8     0.562    -0.825    -0.049
 9   144.422   -16.048    18.079
 9     0.563    -0.308    -0.767
 9     0.819     0.328     0.469
 9     0.107    -0.893     0.438
 2    97.017   -18.702    59.820
 2     0.390    -0.921     0.007
 2     0.919     0.389     0.051
 2    -0.050    -0.014     0.999
 3   124.275    -4.532     7.107
 3    -0.495    -0.096    -0.864
 3     0.055    -0.995     0.079
 3    -0.867    -0.008     0.497
 4   113.896    11.010   -10.223
 4     0.751    -0.547     0.370
 4     0.622     0.774    -0.120
 4    -0.221     0.320     0.921
 5   124.018    28.791     7.771
 5     0.712    -0.489     0.503
 5     0.441    -0.246    -0.863
 5     0.546     0.837     0.040
 6   143.718    10.806    17.463
 6     0.491     0.392    -0.778
 6    -0.816     0.519    -0.254
 6     0.304     0.760     0.575
 7   116.321   -23.631    -5.113
 7     0.731     0.665     0.149
 7    -0.677     0.683     0.274
 7     0.080    -0.302     0.950
 8   128.191   -34.297    15.096
 8     0.779     0.609     0.148
 8    -0.096    -0.117     0.988
 8     0.620    -0.784    -0.032
 9   145.749   -15.559    22.423
 9     0.588    -0.262    -0.766
 9     0.773     0.461     0.436
 9     0.238    -0.848     0.473
 2    97.017   -18.702    59.820
 2     0.390    -0.921     0.007
 2     0.919     0.390     0.051
 2    -0.050    -0.014     0.999
 3   124.708    -4.628     7.596
 3    -0.479    -0.096    -0.873
 3     0.072    -0.995     0.070
 3    -0.875    -0.029     0.483
 4   115.753    11.957    -9.507
 4     0.782    -0.551     0.292
 4     0.612     0.768    -0.187
 4    -0.121     0.325     0.938
 5   125.178    27.329    11.119
 5     0.661    -0.592     0.460
 5     0.345    -0.304    -0.888
 5     0.666     0.746     0.003
 6   144.124     9.774    23.785
 6     0.486     0.349    -0.802
 6    -0.757     0.626    -0.186
 6     0.437     0.697     0.568
 7   118.129   -23.908    -4.859
 7     0.744     0.664     0.069
 7    -0.649     0.694     0.312
 7     0.159    -0.277     0.947
 8   128.928   -32.917    17.276
 8     0.680     0.729     0.073
 8    -0.000    -0.100     0.995
 8     0.733    -0.677    -0.068
 9   145.463   -14.574    29.458
 9     0.552    -0.147    -0.821
 9     0.708     0.602     0.368
 9     0.440    -0.785     0.436
 2    97.017   -18.702    59.820
 2     0.390    -0.921     0.007
 2     0.919     0.390     0.051
 2    -0.050    -0.014     0.999
 3   125.464    -4.780     8.479
 3    -0.455    -0.106    -0.884
 3     0.092    -0.993     0.071
 3    -0.885    -0.049     0.462
 4   118.175    13.095    -8.134
 4     0.807    -0.567     0.165
 4     0.589     0.760    -0.272
 4     0.028     0.317     0.948
 5   126.054    24.879    15.350
 5     0.558    -0.728     0.397
 5     0.183    -0.359    -0.915
 5     0.809     0.583    -0.067
 6   143.270     8.969    32.549
 6     0.468     0.223    -0.855
 6    -0.681     0.708    -0.188
 6     0.563     0.670     0.482
 7   119.712   -24.204    -4.240
 7     0.704     0.710    -0.016
 7    -0.655     0.658     0.371
 7     0.274    -0.251     0.928
 8   127.577   -31.062    20.901
 8     0.626     0.763     0.158
 8     0.084    -0.267     0.960
 8     0.775    -0.588    -0.232
 9   144.218   -13.876    31.640
 9     0.575    -0.223    -0.787
 9     0.683     0.659     0.312
 9     0.449    -0.718     0.531
 2    97.017   -18.702    59.820
 2     0.389    -0.921     0.007
 2     0.919     0.389     0.051
 2    -0.050    -0.014     0.998
 3   125.914    -5.142     9.448
 3    -0.427    -0.128    -0.895
 3     0.114    -0.990     0.087
 3    -0.897    -0.065     0.438
 4   119.443    13.872    -6.271
 4     0.776    -0.626     0.081
 4     0.613     0.716    -0.333
 4     0.150     0.308     0.939
 5   124.252    23.340    19.486
 5     0.526    -0.672     0.521
 5     0.130    -0.542    -0.830
 5     0.841     0.504    -0.198
 6   143.153     8.690    32.363
 6     0.577     0.234    -0.782
 6    -0.672     0.680    -0.292
 6     0.464     0.694     0.550
 7   120.420   -24.418    -4.085
 7     0.686     0.727    -0.033
 7    -0.663     0.643     0.382
 7     0.299    -0.240     0.923
 8   126.882   -31.010    21.777
 8     0.603     0.764     0.231
 8     0.078    -0.345     0.935
 8     0.794    -0.546    -0.267
 9   144.194   -14.834    32.535
 9     0.599    -0.154    -0.786
 9     0.679     0.617     0.397
 9     0.423    -0.772     0.474
 2    97.017   -18.702    59.820
 2     0.390    -0.921     0.007
 2     0.919     0.390     0.051
 2    -0.050    -0.014     0.999
 3   125.988    -5.152     9.762
 3    -0.416    -0.124    -0.901
 3     0.127    -0.989     0.077
 3    -0.900    -0.082     0.427
 4   119.454    13.930    -6.112
 4     0.771    -0.632     0.080
 4     0.618     0.710    -0.337
 4     0.156     0.309     0.938
 5   124.092    23.824    19.656
 5     0.521    -0.683     0.512
 5     0.129    -0.531    -0.838
 5     0.844     0.502    -0.188
 6   143.005     8.772    32.082
 6     0.586     0.255    -0.769
 6    -0.678     0.674    -0.293
 6     0.443     0.693     0.568
 7   120.696   -24.337    -4.095
 7     0.690     0.722    -0.041
 7    -0.658     0.650     0.380
 7     0.301    -0.236     0.924
 8   127.068   -31.183    21.806
 8     0.597     0.770     0.225
 8     0.079    -0.335     0.939
 8     0.798    -0.543    -0.261
 9   144.188   -14.681    32.487
 9     0.594    -0.159    -0.789
 9     0.685     0.614     0.392
 9     0.422    -0.773     0.474
 2    97.017   -18.702    59.820
 2     0.390    -0.921     0.007
 2     0.919     0.390     0.051
 2    -0.050    -0.014     0.999
 3   125.987    -5.030     9.905
 3    -0.412    -0.122    -0.903
 3     0.129    -0.989     0.074
 3    -0.902    -0.086     0.423
 4   119.440    14.242    -5.931
 4     0.765    -0.639     0.080
 4     0.623     0.703    -0.344
 4     0.163     0.312     0.935
 5   123.820    23.754    20.036
 5     0.518    -0.671     0.530
 5     0.125    -0.553    -0.824
 5     0.846     0.493    -0.203
 6   142.925     8.891    32.167
 6     0.593     0.257    -0.763
 6    -0.679     0.669    -0.303
 6     0.432     0.698     0.571
 7   120.829   -24.106    -4.003
 7     0.690     0.722    -0.043
 7    -0.656     0.650     0.383
 7     0.304    -0.236     0.923
 8   126.786   -30.776    22.027
 8     0.595     0.765     0.246
 8     0.073    -0.357     0.931
 8     0.800    -0.536    -0.269
 9   144.138   -14.656    32.639
 9     0.594    -0.160    -0.788
 9     0.684     0.615     0.391
 9     0.422    -0.772     0.475
 2    97.017   -18.702    59.819
 2     0.390    -0.921     0.007
 2     0.919     0.389     0.051
 2    -0.050    -0.013     0.999
 3   126.005    -4.699     9.907
 3    -0.412    -0.117    -0.904
 3     0.134    -0.989     0.066
 3    -0.901    -0.094     0.423
 4   119.279    14.658    -5.733
 4     0.759    -0.646     0.082
 4     0.628     0.693    -0.354
 4     0.172     0.320     0.931
 5   123.692    23.879    20.283
 5     0.519    -0.667     0.534
 5     0.120    -0.561    -0.819
 5     0.846     0.489    -0.211
 6   142.750     9.004    32.277
 6     0.606     0.262    -0.751
 6    -0.680     0.661    -0.318
 6     0.413     0.703     0.578
 7   120.776   -23.929    -4.102
 7     0.692     0.721    -0.044
 7    -0.656     0.652     0.381
 7     0.303    -0.235     0.923
 8   126.835   -30.829    21.900
 8     0.595     0.764     0.246
 8     0.070    -0.355     0.932
 8     0.800    -0.538    -0.266
 9   144.142   -14.655    32.530
 9     0.596    -0.162    -0.787
 9     0.682     0.619     0.389
 9     0.424    -0.768     0.479
 2    96.992   -18.702    59.871
 2     0.390    -0.921     0.006
 2     0.919     0.389     0.051
 2    -0.050    -0.014     0.999
 3   125.881    -4.397    10.022
 3    -0.410    -0.111    -0.905
 3     0.144    -0.988     0.056
 3    -0.901    -0.108     0.421
 4   119.115    14.994    -5.477
 4     0.755    -0.650     0.084
 4     0.630     0.685    -0.364
 4     0.179     0.328     0.927
 5   123.438    23.878    20.603
 5     0.521    -0.662     0.538
 5     0.113    -0.571    -0.813
 5     0.846     0.484    -0.223
 6   142.680     9.049    32.327
 6     0.611     0.264    -0.747
 6    -0.680     0.657    -0.324
 6     0.405     0.705     0.581
 7   120.862   -23.654    -4.216
 7     0.694     0.718    -0.045
 7    -0.655     0.656     0.375
 7     0.298    -0.231     0.926
 8   126.912   -30.730    21.615
 8     0.595     0.765     0.245
 8     0.065    -0.350     0.934
 8     0.801    -0.540    -0.258
 9   144.150   -14.552    32.439
 9     0.596    -0.162    -0.787
 9     0.679     0.624     0.386
 9     0.428    -0.764     0.482
 2    96.992   -18.702    59.871
 2     0.390    -0.921     0.007
 2     0.919     0.389     0.051
 2    -0.050    -0.014     0.998
 3   125.894    -4.170    10.053
 3    -0.408    -0.108    -0.906
 3     0.149    -0.988     0.050
 3    -0.901    -0.114     0.419
 4   119.120    15.200    -5.411
 4     0.753    -0.652     0.085
 4     0.631     0.682    -0.369
 4     0.182     0.331     0.925
 5   123.436    24.003    20.726
 5     0.521    -0.661     0.539
 5     0.109    -0.575    -0.811
 5     0.846     0.481    -0.228
 6   142.711     9.043    32.272
 6     0.614     0.265    -0.743
 6    -0.681     0.653    -0.330
 6     0.398     0.709     0.582
 7   120.929   -23.300    -4.314
 7     0.697     0.715    -0.049
 7    -0.654     0.661     0.368
 7     0.296    -0.224     0.928
 8   126.864   -30.631    21.559
 8     0.593     0.766     0.245
 8     0.061    -0.347     0.936
 8     0.802    -0.540    -0.253
 9   144.134   -14.473    32.451
 9     0.594    -0.163    -0.788
 9     0.678     0.627     0.382
 9     0.432    -0.762     0.483
 2    97.017   -18.702    59.820
 2     0.390    -0.921     0.007
 2     0.919     0.389     0.051
 2    -0.050    -0.014     0.999
 3   125.953    -3.993    10.160
 3    -0.406    -0.105    -0.908
 3     0.152    -0.987     0.046
 3    -0.901    -0.119     0.416
 4   119.211    15.436    -5.308
 4     0.752    -0.654     0.081
 4     0.631     0.679    -0.375
 4     0.190     0.333     0.923
 5   123.390    24.105    20.896
 5     0.520    -0.661     0.540
 5     0.105    -0.578    -0.809
 5     0.847     0.478    -0.231
 6   142.692     9.139    32.344
 6     0.618     0.265    -0.740
 6    -0.682     0.649    -0.337
 6     0.391     0.713     0.582
 7   121.145   -22.896    -4.438
 7     0.698     0.714    -0.056
 7    -0.653     0.667     0.360
 7     0.294    -0.215     0.931
 8   126.970   -30.555    21.422
 8     0.591     0.768     0.246
 8     0.057    -0.344     0.937
 8     0.804    -0.540    -0.247
 9   144.143   -14.419    32.412
 9     0.592    -0.162    -0.789
 9     0.677     0.630     0.379
 9     0.436    -0.759     0.483
];