2 	  33.21	  -8.30	  22.82
	  0.971	  0.238	  0.002
	 -0.239	  0.969	 -0.053
	 -0.013	  0.049	  0.998

3 	  42.26	  -0.26	   1.39
	  0.613	 -0.239	  0.752
	  0.044	  0.962	  0.270
	 -0.789	 -0.133	  0.599

4 	  38.11	   6.36	  -0.18
	  0.600	  0.774	  0.204
	 -0.695	  0.376	  0.612
	  0.398	 -0.509	  0.763

5 	  37.25	  10.02	   9.46
	  0.114	  0.087	  0.990
	 -0.809	 -0.570	  0.142
	  0.577	 -0.817	  0.006

6 	  40.96	   9.81	  16.84
	  0.207	 -0.045	  0.977
	 -0.368	  0.922	  0.120
	 -0.907	 -0.384	  0.174

7 	  37.78	  -6.96	  -0.83
	  0.688	 -0.719	  0.096
	  0.610	  0.501	 -0.614
	  0.394	  0.481	  0.783

8 	  37.99	 -11.23	   7.89
	  0.099	 -0.257	  0.961
	  0.870	 -0.446	 -0.209
	  0.483	  0.857	  0.180

9 	  42.15	 -11.55	  15.87
	  0.299	 -0.023	  0.954
	  0.342	  0.936	 -0.084
	 -0.891	  0.351	  0.287

2 	  33.19	  -8.28	  22.82
	  0.971	  0.238	  0.003
	 -0.239	  0.969	 -0.053
	 -0.014	  0.049	  0.998

3 	  42.28	  -0.26	   1.39
	  0.612	 -0.240	  0.753
	  0.044	  0.961	  0.271
	 -0.790	 -0.133	  0.599

4 	  38.11	   6.36	  -0.18
	  0.599	  0.774	  0.205
	 -0.696	  0.376	  0.612
	  0.397	 -0.510	  0.763

5 	  37.25	  10.02	   9.46
	  0.113	  0.086	  0.990
	 -0.808	 -0.571	  0.142
	  0.578	 -0.816	  0.005

6 	  40.96	   9.81	  16.86
	  0.206	 -0.045	  0.977
	 -0.369	  0.921	  0.120
	 -0.906	 -0.385	  0.173

7 	  37.79	  -6.96	  -0.83
	  0.688	 -0.719	  0.096
	  0.610	  0.501	 -0.613
	  0.394	  0.480	  0.783

8 	  38.00	 -11.20	   7.91
	  0.099	 -0.257	  0.961
	  0.872	 -0.443	 -0.208
	  0.479	  0.859	  0.181

9 	  42.15	 -11.55	  15.87
	  0.298	 -0.023	  0.954
	  0.341	  0.936	 -0.084
	 -0.892	  0.350	  0.286

2 	  33.21	  -8.30	  22.82
	  0.971	  0.239	  0.003
	 -0.240	  0.969	 -0.053
	 -0.014	  0.049	  0.998

3 	  42.28	  -0.25	   1.39
	  0.612	 -0.239	  0.753
	  0.042	  0.961	  0.271
	 -0.790	 -0.134	  0.598

4 	  38.11	   6.36	  -0.16
	  0.599	  0.774	  0.206
	 -0.696	  0.375	  0.612
	  0.397	 -0.510	  0.763

5 	  37.25	  10.02	   9.46
	  0.113	  0.085	  0.990
	 -0.808	 -0.572	  0.141
	  0.579	 -0.815	  0.005

6 	  40.94	   9.81	  16.86
	  0.206	 -0.045	  0.977
	 -0.370	  0.921	  0.120
	 -0.906	 -0.386	  0.173

7 	  37.79	  -6.96	  -0.83
	  0.688	 -0.719	  0.096
	  0.610	  0.502	 -0.613
	  0.393	  0.481	  0.783

8 	  38.00	 -11.21	   7.89
	  0.099	 -0.258	  0.961
	  0.875	 -0.438	 -0.208
	  0.474	  0.861	  0.183

9 	  42.17	 -11.55	  15.87
	  0.297	 -0.023	  0.954
	  0.340	  0.936	 -0.083
	 -0.892	  0.349	  0.285

2 	  33.19	  -8.30	  22.82
	  0.971	  0.238	  0.003
	 -0.239	  0.969	 -0.053
	 -0.014	  0.049	  0.998

3 	  42.28	  -0.26	   1.39
	  0.611	 -0.240	  0.754
	  0.042	  0.961	  0.272
	 -0.791	 -0.135	  0.597

4 	  38.11	   6.36	  -0.16
	  0.599	  0.774	  0.207
	 -0.697	  0.375	  0.611
	  0.397	 -0.510	  0.763

5 	  37.25	  10.02	   9.46
	  0.112	  0.085	  0.990
	 -0.808	 -0.573	  0.140
	  0.579	 -0.815	  0.005

6 	  40.94	   9.81	  16.86
	  0.206	 -0.045	  0.977
	 -0.370	  0.921	  0.120
	 -0.906	 -0.386	  0.173

7 	  37.81	  -6.94	  -0.83
	  0.689	 -0.718	  0.096
	  0.610	  0.503	 -0.612
	  0.391	  0.481	  0.784

8 	  38.04	 -11.21	   7.89
	  0.099	 -0.260	  0.960
	  0.876	 -0.435	 -0.208
	  0.472	  0.862	  0.185

9 	  42.17	 -11.53	  15.87
	  0.295	 -0.022	  0.955
	  0.338	  0.937	 -0.083
	 -0.894	  0.347	  0.284

2 	  33.19	  -8.28	  22.82
	  0.971	  0.238	  0.003
	 -0.239	  0.969	 -0.053
	 -0.014	  0.049	  0.998

3 	  42.29	  -0.25	   1.39
	  0.611	 -0.239	  0.754
	  0.041	  0.961	  0.272
	 -0.791	 -0.136	  0.597

4 	  38.11	   6.38	  -0.16
	  0.598	  0.774	  0.207
	 -0.698	  0.374	  0.611
	  0.396	 -0.510	  0.763

5 	  37.27	  10.02	   9.46
	  0.113	  0.086	  0.990
	 -0.811	 -0.568	  0.141
	  0.575	 -0.818	  0.006

6 	  40.96	   9.81	  16.86
	  0.204	 -0.045	  0.978
	 -0.369	  0.922	  0.119
	 -0.907	 -0.385	  0.172

7 	  37.81	  -6.94	  -0.84
	  0.690	 -0.718	  0.095
	  0.609	  0.504	 -0.612
	  0.392	  0.480	  0.784

8 	  38.04	 -11.21	   7.89
	  0.099	 -0.260	  0.960
	  0.877	 -0.433	 -0.207
	  0.470	  0.863	  0.186

9 	  42.17	 -11.53	  15.89
	  0.293	 -0.022	  0.956
	  0.338	  0.937	 -0.082
	 -0.895	  0.347	  0.282

2 	  33.21	  -8.28	  22.82
	  0.971	  0.239	  0.003
	 -0.240	  0.969	 -0.053
	 -0.014	  0.049	  0.998

3 	  42.31	  -0.26	   1.39
	  0.612	 -0.239	  0.753
	  0.041	  0.961	  0.272
	 -0.790	 -0.136	  0.598

4 	  38.13	   6.38	  -0.18
	  0.598	  0.774	  0.207
	 -0.697	  0.374	  0.611
	  0.396	 -0.510	  0.763

5 	  37.25	  10.02	   9.44
	  0.113	  0.087	  0.990
	 -0.811	 -0.568	  0.142
	  0.574	 -0.818	  0.007

6 	  40.94	   9.81	  16.86
	  0.203	 -0.045	  0.978
	 -0.370	  0.921	  0.119
	 -0.907	 -0.386	  0.170

7 	  37.83	  -6.94	  -0.84
	  0.690	 -0.717	  0.096
	  0.609	  0.504	 -0.612
	  0.391	  0.480	  0.785

8 	  38.04	 -11.21	   7.89
	  0.099	 -0.262	  0.960
	  0.877	 -0.432	 -0.208
	  0.470	  0.862	  0.187

9 	  42.17	 -11.53	  15.89
	  0.292	 -0.022	  0.956
	  0.338	  0.937	 -0.082
	 -0.895	  0.347	  0.281

2 	  33.21	  -8.28	  22.82
	  0.971	  0.239	  0.003
	 -0.240	  0.969	 -0.053
	 -0.014	  0.049	  0.998

3 	  42.31	  -0.25	   1.37
	  0.613	 -0.239	  0.753
	  0.041	  0.961	  0.272
	 -0.790	 -0.136	  0.598

4 	  38.18	   6.38	  -0.19
	  0.596	  0.773	  0.216
	 -0.705	  0.374	  0.603
	  0.386	 -0.511	  0.767

5 	  37.02	   9.91	   9.33
	  0.103	  0.163	  0.981
	 -0.769	 -0.613	  0.182
	  0.631	 -0.773	  0.063

6 	  40.76	  10.07	  16.66
	  0.215	 -0.022	  0.976
	 -0.402	  0.909	  0.108
	 -0.890	 -0.416	  0.186

7 	  37.93	  -6.91	  -0.88
	  0.698	 -0.708	  0.105
	  0.607	  0.508	 -0.611
	  0.379	  0.490	  0.784

8 	  37.79	 -11.46	   7.51
	  0.083	 -0.383	  0.920
	  0.811	 -0.510	 -0.285
	  0.578	  0.770	  0.269

9 	  41.96	 -12.01	  15.33
	  0.293	 -0.032	  0.955
	  0.248	  0.968	 -0.044
	 -0.923	  0.249	  0.292

2 	  33.21	  -8.28	  22.82
	  0.971	  0.239	  0.003
	 -0.240	  0.969	 -0.053
	 -0.014	  0.049	  0.998

3 	  42.35	  -0.12	   1.32
	  0.608	 -0.236	  0.758
	  0.032	  0.961	  0.274
	 -0.794	 -0.143	  0.591

4 	  38.04	   6.36	  -0.65
	  0.552	  0.808	  0.203
	 -0.740	  0.363	  0.565
	  0.384	 -0.462	  0.799

5 	  35.65	  10.30	   8.21
	 -0.009	  0.400	  0.916
	 -0.540	 -0.773	  0.332
	  0.842	 -0.491	  0.223

6 	  39.04	  11.62	  15.64
	  0.198	  0.074	  0.977
	 -0.443	  0.896	  0.020
	 -0.875	 -0.436	  0.209

7 	  37.86	  -6.63	  -1.39
	  0.668	 -0.739	  0.082
	  0.640	  0.515	 -0.570
	  0.379	  0.433	  0.817

8 	  35.84	 -12.11	   5.62
	 -0.119	 -0.578	  0.807
	  0.730	 -0.602	 -0.323
	  0.672	  0.551	  0.494

9 	  39.01	 -13.75	  13.89
	  0.228	 -0.095	  0.969
	  0.290	  0.957	  0.025
	 -0.930	  0.275	  0.245

2 	  33.19	  -8.26	  22.82
	  0.971	  0.239	  0.003
	 -0.240	  0.969	 -0.053
	 -0.014	  0.049	  0.998

3 	  42.31	  -0.02	   1.30
	  0.558	 -0.224	  0.799
	  0.032	  0.968	  0.249
	 -0.830	 -0.114	  0.547

4 	  37.99	   6.29	  -1.02
	  0.486	  0.840	  0.241
	 -0.800	  0.315	  0.511
	  0.354	 -0.441	  0.825

5 	  34.28	   9.93	   7.22
	 -0.191	  0.418	  0.888
	 -0.475	 -0.831	  0.289
	  0.859	 -0.367	  0.357

6 	  36.69	  11.48	  15.19
	  0.062	  0.092	  0.994
	 -0.437	  0.897	 -0.057
	 -0.897	 -0.431	  0.095

7 	  37.79	  -6.43	  -1.72
	  0.594	 -0.796	  0.117
	  0.716	  0.457	 -0.527
	  0.366	  0.397	  0.841

8 	  34.24	 -11.43	   4.82
	 -0.331	 -0.535	  0.777
	  0.668	 -0.714	 -0.207
	  0.666	  0.451	  0.594

9 	  35.81	 -13.82	  13.66
	  0.022	 -0.169	  0.985
	  0.402	  0.904	  0.147
	 -0.915	  0.393	  0.088

2 	  33.19	  -8.28	  22.82
	  0.971	  0.239	  0.003
	 -0.240	  0.969	 -0.053
	 -0.014	  0.049	  0.998

3 	  42.31	   0.04	   1.32
	  0.529	 -0.205	  0.823
	  0.012	  0.972	  0.234
	 -0.849	 -0.115	  0.516

4 	  37.83	   6.21	  -1.21
	  0.421	  0.866	  0.271
	 -0.842	  0.261	  0.471
	  0.338	 -0.426	  0.839

5 	  33.40	   9.53	   6.64
	 -0.298	  0.417	  0.859
	 -0.414	 -0.867	  0.277
	  0.860	 -0.273	  0.430

6 	  35.23	  11.41	  14.77
	 -0.005	  0.111	  0.994
	 -0.439	  0.892	 -0.102
	 -0.899	 -0.437	  0.044

7 	  37.81	  -6.35	  -1.81
	  0.573	 -0.809	  0.131
	  0.741	  0.443	 -0.505
	  0.350	  0.387	  0.853

8 	  33.82	 -10.95	   4.68
	 -0.395	 -0.482	  0.781
	  0.647	 -0.750	 -0.136
	  0.652	  0.452	  0.608

9 	  34.51	 -13.68	  13.57
	 -0.085	 -0.211	  0.974
	  0.462	  0.857	  0.226
	 -0.883	  0.469	  0.024

2 	  33.19	  -8.28	  22.82
	  0.971	  0.239	  0.003
	 -0.240	  0.969	 -0.053
	 -0.014	  0.049	  0.998

3 	  42.22	   0.12	   1.28
	  0.529	 -0.197	  0.825
	 -0.001	  0.972	  0.232
	 -0.849	 -0.124	  0.513

4 	  37.63	   6.19	  -1.25
	  0.391	  0.871	  0.297
	 -0.854	  0.223	  0.470
	  0.344	 -0.437	  0.831

5 	  32.91	   9.25	   6.33
	 -0.357	  0.401	  0.843
	 -0.388	 -0.885	  0.257
	  0.850	 -0.235	  0.471

6 	  34.10	  11.37	  14.57
	 -0.091	  0.133	  0.987
	 -0.450	  0.878	 -0.161
	 -0.888	 -0.459	 -0.020

7 	  37.69	  -6.15	  -2.06
	  0.536	 -0.835	  0.125
	  0.769	  0.421	 -0.481
	  0.349	  0.354	  0.867

8 	  33.26	 -10.53	   4.11
	 -0.470	 -0.454	  0.757
	  0.592	 -0.798	 -0.111
	  0.655	  0.396	  0.643

9 	  32.77	 -13.87	  12.80
	 -0.237	 -0.276	  0.931
	  0.477	  0.802	  0.359
	 -0.846	  0.530	 -0.059

2 	  33.19	  -8.28	  22.82
	  0.971	  0.239	  0.003
	 -0.240	  0.969	 -0.053
	 -0.014	  0.049	  0.998

3 	  42.26	   0.18	   1.23
	  0.514	 -0.198	  0.834
	 -0.007	  0.972	  0.234
	 -0.858	 -0.126	  0.498

4 	  37.76	   6.15	  -1.44
	  0.370	  0.873	  0.317
	 -0.872	  0.208	  0.443
	  0.322	 -0.440	  0.838

5 	  32.80	   9.12	   5.91
	 -0.412	  0.393	  0.821
	 -0.385	 -0.893	  0.235
	  0.826	 -0.219	  0.519

6 	  33.22	  11.57	  14.12
	 -0.208	  0.172	  0.963
	 -0.413	  0.877	 -0.246
	 -0.887	 -0.448	 -0.112

7 	  37.99	  -6.13	  -2.25
	  0.530	 -0.836	  0.140
	  0.787	  0.423	 -0.449
	  0.317	  0.347	  0.882

8 	  33.36	 -10.42	   3.85
	 -0.509	 -0.431	  0.745
	  0.593	 -0.803	 -0.060
	  0.624	  0.411	  0.664

9 	  31.85	 -14.06	  12.27
	 -0.381	 -0.318	  0.868
	  0.424	  0.774	  0.470
	 -0.822	  0.547	 -0.160

2 	  33.19	  -8.28	  22.82
	  0.971	  0.239	  0.003
	 -0.240	  0.969	 -0.053
	 -0.014	  0.049	  0.998

3 	  42.35	   0.16	   1.27
	  0.501	 -0.191	  0.844
	 -0.017	  0.973	  0.230
	 -0.865	 -0.130	  0.484

4 	  37.85	   6.06	  -1.60
	  0.357	  0.879	  0.317
	 -0.882	  0.206	  0.423
	  0.307	 -0.430	  0.849

5 	  32.73	   8.98	   5.55
	 -0.449	  0.387	  0.805
	 -0.379	 -0.898	  0.221
	  0.809	 -0.206	  0.550

6 	  32.50	  11.67	  13.69
	 -0.299	  0.202	  0.932
	 -0.394	  0.864	 -0.314
	 -0.869	 -0.461	 -0.178

7 	  38.16	  -6.17	  -2.32
	  0.525	 -0.837	  0.157
	  0.799	  0.421	 -0.428
	  0.293	  0.350	  0.890

8 	  33.28	 -10.27	   3.66
	 -0.547	 -0.403	  0.734
	  0.583	 -0.812	 -0.012
	  0.601	  0.422	  0.678

9 	  31.08	 -13.92	  11.85
	 -0.466	 -0.315	  0.826
	  0.386	  0.768	  0.511
	 -0.796	  0.557	 -0.236

2 	  33.19	  -8.28	  22.82
	  0.971	  0.238	  0.003
	 -0.239	  0.969	 -0.053
	 -0.014	  0.049	  0.998

3 	  42.43	   0.12	   1.25
	  0.483	 -0.185	  0.856
	 -0.020	  0.975	  0.222
	 -0.875	 -0.125	  0.467

4 	  37.99	   6.01	  -1.71
	  0.350	  0.880	  0.320
	 -0.892	  0.208	  0.401
	  0.286	 -0.426	  0.858

5 	  32.80	   8.91	   5.33
	 -0.473	  0.382	  0.794
	 -0.375	 -0.903	  0.211
	  0.798	 -0.197	  0.569

6 	  32.33	  11.65	  13.50
	 -0.332	  0.206	  0.920
	 -0.388	  0.859	 -0.333
	 -0.860	 -0.467	 -0.205

7 	  38.43	  -6.10	  -2.48
	  0.515	 -0.841	  0.163
	  0.815	  0.423	 -0.395
	  0.264	  0.336	  0.904

8 	  33.38	 -10.20	   3.25
	 -0.579	 -0.400	  0.710
	  0.574	 -0.819	  0.006
	  0.579	  0.412	  0.703

9 	  30.73	 -13.97	  11.27
	 -0.524	 -0.327	  0.786
	  0.355	  0.755	  0.551
	 -0.774	  0.568	 -0.280

2 	  33.19	  -8.28	  22.82
	  0.971	  0.238	  0.003
	 -0.239	  0.969	 -0.053
	 -0.014	  0.049	  0.998

3 	  42.70	   0.19	   1.35
	  0.453	 -0.190	  0.871
	 -0.028	  0.973	  0.227
	 -0.891	 -0.127	  0.435

4 	  38.39	   6.06	  -1.83
	  0.340	  0.879	  0.333
	 -0.905	  0.209	  0.370
	  0.256	 -0.427	  0.867

5 	  32.91	   8.89	   5.01
	 -0.506	  0.375	  0.776
	 -0.376	 -0.906	  0.194
	  0.777	 -0.194	  0.599

6 	  32.08	  11.55	  13.17
	 -0.374	  0.198	  0.906
	 -0.379	  0.859	 -0.345
	 -0.846	 -0.472	 -0.246

7 	  38.76	  -6.01	  -2.58
	  0.498	 -0.849	  0.178
	  0.837	  0.415	 -0.357
	  0.229	  0.327	  0.917

8 	  33.31	  -9.98	   2.87
	 -0.627	 -0.385	  0.677
	  0.547	 -0.837	  0.030
	  0.556	  0.389	  0.734

9 	  29.97	 -13.78	  10.65
	 -0.598	 -0.319	  0.735
	  0.316	  0.750	  0.581
	 -0.737	  0.580	 -0.348

2 	  33.19	  -8.30	  22.82
	  0.971	  0.238	  0.003
	 -0.239	  0.969	 -0.053
	 -0.014	  0.049	  0.998

3 	  42.79	   0.16	   1.41
	  0.428	 -0.192	  0.883
	 -0.026	  0.974	  0.224
	 -0.903	 -0.119	  0.412

4 	  38.57	   6.03	  -1.85
	  0.334	  0.879	  0.340
	 -0.913	  0.211	  0.350
	  0.236	 -0.427	  0.873

5 	  32.96	   8.75	   4.90
	 -0.523	  0.365	  0.770
	 -0.376	 -0.910	  0.177
	  0.766	 -0.197	  0.612

6 	  31.97	  11.39	  13.10
	 -0.391	  0.193	  0.900
	 -0.375	  0.859	 -0.347
	 -0.840	 -0.473	 -0.264

7 	  39.09	  -6.06	  -2.51
	  0.498	 -0.844	  0.198
	  0.844	  0.419	 -0.333
	  0.198	  0.333	  0.922

8 	  33.66	 -10.00	   2.88
	 -0.638	 -0.366	  0.677
	  0.561	 -0.823	  0.084
	  0.527	  0.434	  0.730

9 	  30.23	 -13.55	  10.72
	 -0.616	 -0.302	  0.728
	  0.286	  0.775	  0.563
	 -0.734	  0.555	 -0.391

2 	  33.19	  -8.28	  22.82
	  0.971	  0.239	  0.003
	 -0.240	  0.969	 -0.053
	 -0.014	  0.049	  0.998

3 	  43.17	   0.23	   1.62
	  0.393	 -0.184	  0.901
	 -0.066	  0.972	  0.227
	 -0.918	 -0.148	  0.369

4 	  39.09	   6.03	  -1.92
	  0.301	  0.882	  0.361
	 -0.933	  0.195	  0.301
	  0.195	 -0.427	  0.883

5 	  33.06	   8.54	   4.46
	 -0.578	  0.340	  0.741
	 -0.360	 -0.922	  0.143
	  0.733	 -0.184	  0.655

6 	  31.46	  11.00	  12.60
	 -0.458	  0.168	  0.873
	 -0.374	  0.854	 -0.361
	 -0.806	 -0.492	 -0.328

7 	  39.73	  -6.01	  -2.60
	  0.489	 -0.843	  0.225
	  0.861	  0.424	 -0.280
	  0.141	  0.331	  0.933

8 	  33.87	  -9.79	   2.64
	 -0.678	 -0.341	  0.650
	  0.543	 -0.830	  0.130
	  0.496	  0.441	  0.748

9 	  29.87	 -13.18	  10.28
	 -0.672	 -0.283	  0.685
	  0.264	  0.772	  0.578
	 -0.693	  0.568	 -0.444

2 	  33.19	  -8.28	  22.82
	  0.971	  0.238	  0.003
	 -0.239	  0.969	 -0.053
	 -0.014	  0.049	  0.998

3 	  43.28	   0.25	   1.69
	  0.371	 -0.191	  0.909
	 -0.057	  0.972	  0.227
	 -0.927	 -0.136	  0.349

4 	  39.16	   6.10	  -1.85
	  0.302	  0.876	  0.376
	 -0.936	  0.196	  0.293
	  0.183	 -0.440	  0.879

5 	  33.12	   8.54	   4.66
	 -0.577	  0.327	  0.748
	 -0.367	 -0.922	  0.121
	  0.730	 -0.205	  0.652

6 	  31.52	  10.99	  12.85
	 -0.463	  0.168	  0.870
	 -0.352	  0.866	 -0.355
	 -0.813	 -0.471	 -0.342

7 	  39.16	  -5.91	  -2.60
	  0.458	 -0.865	  0.207
	  0.873	  0.392	 -0.291
	  0.170	  0.313	  0.934

8 	  33.26	  -9.56	   2.71
	 -0.674	 -0.327	  0.662
	  0.510	 -0.854	  0.096
	  0.535	  0.403	  0.742

9 	  29.13	 -13.03	  10.23
	 -0.687	 -0.278	  0.671
	  0.280	  0.751	  0.597
	 -0.670	  0.598	 -0.439

2 	  33.19	  -8.28	  22.82
	  0.971	  0.238	  0.003
	 -0.239	  0.969	 -0.053
	 -0.014	  0.049	  0.998

3 	  43.03	   0.12	   1.53
	  0.377	 -0.208	  0.902
	 -0.015	  0.973	  0.230
	 -0.926	 -0.100	  0.363

4 	  38.97	   6.13	  -1.81
	  0.316	  0.869	  0.381
	 -0.930	  0.204	  0.304
	  0.187	 -0.450	  0.873

5 	  32.96	   8.46	   4.66
	 -0.581	  0.315	  0.750
	 -0.366	 -0.925	  0.106
	  0.728	 -0.212	  0.652

6 	  31.18	  10.83	  12.76
	 -0.496	  0.161	  0.853
	 -0.331	  0.873	 -0.357
	 -0.803	 -0.460	 -0.380

7 	  38.92	  -5.82	  -2.69
	  0.430	 -0.881	  0.195
	  0.884	  0.367	 -0.290
	  0.184	  0.297	  0.937

8 	  33.01	  -9.42	   2.44
	 -0.692	 -0.324	  0.645
	  0.480	 -0.874	  0.075
	  0.540	  0.361	  0.760

9 	  28.78	 -13.03	   9.74
	 -0.725	 -0.283	  0.628
	  0.242	  0.749	  0.617
	 -0.645	  0.599	 -0.475

2 	  33.19	  -8.28	  22.82
	  0.971	  0.238	  0.002
	 -0.239	  0.969	 -0.053
	 -0.013	  0.049	  0.998

3 	  43.10	   0.14	   1.53
	  0.373	 -0.208	  0.904
	 -0.018	  0.972	  0.232
	 -0.928	 -0.103	  0.359

4 	  39.09	   6.12	  -1.86
	  0.316	  0.869	  0.381
	 -0.932	  0.209	  0.295
	  0.177	 -0.449	  0.876

5 	  33.08	   8.47	   4.52
	 -0.588	  0.318	  0.743
	 -0.367	 -0.924	  0.105
	  0.721	 -0.211	  0.660

6 	  31.17	  10.86	  12.57
	 -0.510	  0.167	  0.844
	 -0.317	  0.876	 -0.364
	 -0.800	 -0.453	 -0.394

7 	  39.15	  -5.87	  -2.71
	  0.440	 -0.875	  0.202
	  0.882	  0.378	 -0.282
	  0.170	  0.302	  0.938

8 	  33.21	  -9.51	   2.37
	 -0.698	 -0.327	  0.637
	  0.491	 -0.866	  0.092
	  0.522	  0.377	  0.765

9 	  28.65	 -13.13	   9.49
	 -0.746	 -0.288	  0.601
	  0.215	  0.750	  0.626
	 -0.630	  0.596	 -0.497

2 	  33.19	  -8.28	  22.82
	  0.971	  0.238	  0.003
	 -0.239	  0.969	 -0.053
	 -0.014	  0.049	  0.998

3 	  43.15	   0.09	   1.56
	  0.362	 -0.204	  0.910
	 -0.019	  0.974	  0.225
	 -0.932	 -0.099	  0.347

4 	  39.16	   6.03	  -1.93
	  0.312	  0.871	  0.378
	 -0.935	  0.211	  0.283
	  0.167	 -0.442	  0.881

5 	  33.06	   8.40	   4.36
	 -0.601	  0.321	  0.732
	 -0.364	 -0.925	  0.107
	  0.712	 -0.202	  0.672

6 	  31.03	  10.92	  12.38
	 -0.532	  0.178	  0.828
	 -0.305	  0.872	 -0.384
	 -0.790	 -0.456	 -0.409

7 	  39.15	  -5.91	  -2.69
	  0.432	 -0.878	  0.204
	  0.886	  0.371	 -0.277
	  0.168	  0.301	  0.939

8 	  33.17	  -9.60	   2.48
	 -0.694	 -0.327	  0.641
	  0.493	 -0.865	  0.091
	  0.526	  0.380	  0.761

9 	  28.85	 -13.24	   9.74
	 -0.737	 -0.292	  0.609
	  0.213	  0.755	  0.620
	 -0.641	  0.587	 -0.495

2 	  33.19	  -8.28	  22.82
	  0.971	  0.238	  0.003
	 -0.239	  0.969	 -0.053
	 -0.014	  0.049	  0.998

3 	  43.10	   0.04	   1.56
	  0.367	 -0.200	  0.908
	 -0.016	  0.975	  0.221
	 -0.930	 -0.096	  0.354

4 	  39.06	   5.96	  -1.93
	  0.315	  0.873	  0.371
	 -0.932	  0.212	  0.292
	  0.177	 -0.438	  0.881

5 	  33.01	   8.35	   4.50
	 -0.588	  0.322	  0.741
	 -0.359	 -0.926	  0.118
	  0.725	 -0.197	  0.660

6 	  31.13	  10.88	  12.53
	 -0.517	  0.181	  0.836
	 -0.319	  0.866	 -0.384
	 -0.794	 -0.465	 -0.391

7 	  38.97	  -6.01	  -2.60
	  0.449	 -0.871	  0.199
	  0.874	  0.382	 -0.299
	  0.185	  0.308	  0.933

8 	  33.22	  -9.72	   2.81
	 -0.664	 -0.332	  0.671
	  0.506	 -0.859	  0.075
	  0.552	  0.389	  0.737

9 	  29.41	 -13.32	  10.39
	 -0.688	 -0.292	  0.664
	  0.258	  0.757	  0.600
	 -0.678	  0.584	 -0.445

2 	  33.19	  -8.28	  22.82
	  0.971	  0.238	  0.003
	 -0.239	  0.969	 -0.053
	 -0.014	  0.049	  0.998

3 	  43.00	   0.00	   1.53
	  0.391	 -0.200	  0.898
	 -0.011	  0.975	  0.221
	 -0.921	 -0.096	  0.378

4 	  38.92	   5.98	  -1.86
	  0.330	  0.871	  0.364
	 -0.923	  0.218	  0.315
	  0.196	 -0.440	  0.876

5 	  33.13	   8.44	   4.83
	 -0.557	  0.329	  0.763
	 -0.371	 -0.920	  0.126
	  0.744	 -0.212	  0.633

6 	  31.68	  10.99	  12.94
	 -0.477	  0.188	  0.859
	 -0.320	  0.872	 -0.369
	 -0.818	 -0.451	 -0.356

7 	  38.78	  -6.15	  -2.46
	  0.474	 -0.860	  0.188
	  0.855	  0.398	 -0.332
	  0.211	  0.318	  0.924

8 	  33.49	 -10.00	   3.45
	 -0.604	 -0.347	  0.717
	  0.545	 -0.837	  0.053
	  0.582	  0.423	  0.694

9 	  30.55	 -13.62	  11.39
	 -0.599	 -0.302	  0.741
	  0.303	  0.771	  0.559
	 -0.741	  0.559	 -0.371

2 	  33.19	  -8.28	  22.82
	  0.971	  0.238	  0.003
	 -0.239	  0.969	 -0.053
	 -0.014	  0.049	  0.998

3 	  42.91	  -0.07	   1.56
	  0.433	 -0.209	  0.876
	 -0.006	  0.972	  0.235
	 -0.902	 -0.107	  0.419

4 	  38.88	   6.05	  -1.76
	  0.378	  0.860	  0.343
	 -0.900	  0.253	  0.355
	  0.219	 -0.443	  0.869

5 	  33.64	   8.82	   5.36
	 -0.487	  0.359	  0.796
	 -0.417	 -0.896	  0.150
	  0.767	 -0.259	  0.586

6 	  32.96	  11.39	  13.59
	 -0.398	  0.208	  0.893
	 -0.303	  0.889	 -0.342
	 -0.866	 -0.407	 -0.291

7 	  38.58	  -6.36	  -2.23
	  0.526	 -0.832	  0.177
	  0.814	  0.432	 -0.386
	  0.245	  0.347	  0.905

8 	  34.15	 -10.55	   4.34
	 -0.492	 -0.388	  0.779
	  0.628	 -0.778	  0.009
	  0.602	  0.494	  0.626

9 	  32.64	 -14.13	  12.66
	 -0.455	 -0.336	  0.825
	  0.294	  0.817	  0.495
	 -0.840	  0.468	 -0.273

2 	  33.19	  -8.30	  22.82
	  0.971	  0.238	  0.002
	 -0.239	  0.969	 -0.053
	 -0.013	  0.049	  0.998

3 	  42.84	  -0.11	   1.58
	  0.484	 -0.228	  0.845
	  0.002	  0.966	  0.260
	 -0.875	 -0.124	  0.467

4 	  38.94	   6.21	  -1.53
	  0.455	  0.831	  0.320
	 -0.859	  0.315	  0.403
	  0.235	 -0.458	  0.857

5 	  34.56	   9.47	   6.21
	 -0.371	  0.396	  0.840
	 -0.490	 -0.852	  0.186
	  0.789	 -0.342	  0.510

6 	  34.98	  11.90	  14.43
	 -0.284	  0.230	  0.931
	 -0.250	  0.919	 -0.304
	 -0.926	 -0.319	 -0.203

7 	  38.55	  -6.45	  -2.06
	  0.590	 -0.792	  0.160
	  0.764	  0.483	 -0.427
	  0.261	  0.374	  0.890

8 	  35.40	 -11.20	   5.08
	 -0.336	 -0.445	  0.830
	  0.743	 -0.667	 -0.057
	  0.579	  0.598	  0.554

9 	  35.49	 -14.62	  13.59
	 -0.272	 -0.359	  0.893
	  0.244	  0.871	  0.425
	 -0.931	  0.333	 -0.149

2 	  33.19	  -8.28	  22.83
	  0.971	  0.239	  0.003
	 -0.240	  0.969	 -0.053
	 -0.014	  0.050	  0.998

3 	  42.87	  -0.12	   1.65
	  0.507	 -0.242	  0.827
	 -0.001	  0.959	  0.281
	 -0.862	 -0.144	  0.486

4 	  39.20	   6.31	  -1.34
	  0.533	  0.790	  0.301
	 -0.813	  0.381	  0.438
	  0.232	 -0.479	  0.846

5 	  36.00	   9.95	   7.10
	 -0.218	  0.417	  0.882
	 -0.563	 -0.792	  0.235
	  0.797	 -0.446	  0.408

6 	  37.71	  12.08	  15.19
	 -0.134	  0.232	  0.963
	 -0.209	  0.944	 -0.256
	 -0.969	 -0.235	 -0.078

7 	  38.76	  -6.54	  -1.90
	  0.636	 -0.756	  0.157
	  0.729	  0.520	 -0.445
	  0.254	  0.397	  0.881

8 	  36.88	 -11.69	   5.68
	 -0.159	 -0.485	  0.860
	  0.789	 -0.586	 -0.185
	  0.593	  0.649	  0.476

9 	  38.67	 -14.91	  13.96
	 -0.069	 -0.370	  0.926
	  0.265	  0.888	  0.375
	 -0.962	  0.271	  0.036

2 	  33.19	  -8.30	  22.82
	  0.971	  0.238	  0.003
	 -0.239	  0.969	 -0.053
	 -0.014	  0.050	  0.998

3 	  43.00	  -0.16	   1.76
	  0.510	 -0.254	  0.821
	 -0.008	  0.954	  0.299
	 -0.860	 -0.160	  0.484

4 	  39.48	   6.36	  -1.09
	  0.591	  0.753	  0.287
	 -0.773	  0.429	  0.467
	  0.229	 -0.498	  0.836

5 	  37.53	  10.11	   7.98
	 -0.051	  0.422	  0.905
	 -0.577	 -0.753	  0.318
	  0.816	 -0.505	  0.281

6 	  40.38	  12.06	  15.61
	  0.024	  0.230	  0.973
	 -0.209	  0.953	 -0.221
	 -0.978	 -0.198	  0.071

7 	  38.97	  -6.66	  -1.69
	  0.668	 -0.726	  0.164
	  0.703	  0.543	 -0.458
	  0.243	  0.421	  0.873

8 	  38.37	 -11.64	   6.47
	  0.022	 -0.452	  0.892
	  0.794	 -0.533	 -0.290
	  0.607	  0.714	  0.348

9 	  41.71	 -14.06	  14.47
	  0.122	 -0.301	  0.946
	  0.304	  0.918	  0.253
	 -0.945	  0.256	  0.204

2 	  33.19	  -8.30	  22.82
	  0.971	  0.238	  0.003
	 -0.239	  0.969	 -0.053
	 -0.014	  0.049	  0.998

3 	  43.10	  -0.23	   1.79
	  0.505	 -0.265	  0.821
	 -0.011	  0.950	  0.313
	 -0.863	 -0.167	  0.476

4 	  39.67	   6.38	  -0.84
	  0.625	  0.728	  0.281
	 -0.745	  0.448	  0.493
	  0.233	 -0.518	  0.823

5 	  38.62	   9.33	   9.02
	  0.101	  0.364	  0.926
	 -0.450	 -0.814	  0.368
	  0.888	 -0.453	  0.081

6 	  42.26	  11.55	  16.07
	  0.164	  0.199	  0.966
	 -0.429	  0.896	 -0.114
	 -0.889	 -0.395	  0.231

7 	  39.06	  -6.80	  -1.35
	  0.687	 -0.702	  0.185
	  0.686	  0.544	 -0.482
	  0.238	  0.459	  0.856

8 	  39.67	 -10.76	   7.58
	  0.198	 -0.321	  0.926
	  0.730	 -0.583	 -0.357
	  0.655	  0.745	  0.119

9 	  44.09	 -12.34	  15.13
	  0.271	 -0.183	  0.945
	  0.444	  0.894	  0.048
	 -0.855	  0.405	  0.323

2 	  33.19	  -8.30	  22.82
	  0.971	  0.238	  0.002
	 -0.239	  0.969	 -0.053
	 -0.013	  0.049	  0.998

3 	  43.19	  -0.30	   1.90
	  0.491	 -0.265	  0.829
	 -0.021	  0.949	  0.315
	 -0.871	 -0.172	  0.460

4 	  39.73	   6.38	  -0.56
	  0.632	  0.724	  0.277
	 -0.733	  0.439	  0.520
	  0.255	 -0.532	  0.807

5 	  39.38	   8.68	   9.67
	  0.210	  0.285	  0.935
	 -0.411	 -0.843	  0.347
	  0.888	 -0.456	 -0.059

6 	  43.51	  10.30	  16.44
	  0.240	  0.122	  0.963
	 -0.386	  0.922	 -0.022
	 -0.891	 -0.366	  0.267

7 	  39.18	  -6.94	  -0.95
	  0.707	 -0.674	  0.213
	  0.669	  0.540	 -0.511
	  0.229	  0.504	  0.833

8 	  40.27	 -10.30	   8.23
	  0.249	 -0.244	  0.937
	  0.734	 -0.585	 -0.346
	  0.633	  0.773	  0.034

9 	  44.53	 -11.53	  15.80
	  0.268	 -0.135	  0.954
	  0.477	  0.879	 -0.007
	 -0.839	  0.455	  0.298

2 	  33.19	  -8.30	  22.82
	  0.971	  0.238	  0.002
	 -0.239	  0.969	 -0.053
	 -0.013	  0.049	  0.998

3 	  43.24	  -0.33	   1.90
	  0.495	 -0.260	  0.828
	 -0.024	  0.950	  0.312
	 -0.869	 -0.174	  0.464

4 	  39.64	   6.40	  -0.35
	  0.631	  0.718	  0.293
	 -0.732	  0.426	  0.531
	  0.258	 -0.550	  0.794

5 	  39.34	   8.21	  10.27
	  0.278	  0.197	  0.940
	 -0.398	 -0.867	  0.298
	  0.875	 -0.456	 -0.162

6 	  43.44	   9.77	  16.91
	  0.257	  0.073	  0.963
	 -0.507	  0.859	  0.068
	 -0.825	 -0.504	  0.257

7 	  39.29	  -6.96	  -0.83
	  0.709	 -0.668	  0.224
	  0.670	  0.539	 -0.511
	  0.221	  0.512	  0.829

8 	  39.73	  -9.84	   8.63
	  0.187	 -0.186	  0.965
	  0.698	 -0.666	 -0.262
	  0.691	  0.722	  0.006

9 	  43.38	 -11.51	  16.44
	  0.196	 -0.114	  0.974
	  0.686	  0.725	 -0.051
	 -0.703	  0.677	  0.219

2 	  33.19	  -8.30	  22.82
	  0.971	  0.238	  0.002
	 -0.239	  0.969	 -0.053
	 -0.013	  0.049	  0.998

3 	  43.21	  -0.25	   1.88
	  0.502	 -0.257	  0.825
	 -0.021	  0.951	  0.308
	 -0.865	 -0.172	  0.471

4 	  39.50	   6.52	  -0.21
	  0.615	  0.726	  0.306
	 -0.743	  0.403	  0.534
	  0.265	 -0.556	  0.787

5 	  39.30	   8.12	  10.42
	  0.304	  0.143	  0.942
	 -0.371	 -0.893	  0.254
	  0.878	 -0.426	 -0.218

6 	  43.40	   9.72	  17.10
	  0.247	  0.064	  0.967
	 -0.505	  0.860	  0.069
	 -0.829	 -0.504	  0.244

7 	  39.20	  -6.91	  -0.90
	  0.703	 -0.681	  0.204
	  0.671	  0.541	 -0.507
	  0.235	  0.493	  0.837

8 	  39.66	  -9.81	   8.65
	  0.178	 -0.180	  0.967
	  0.689	 -0.679	 -0.252
	  0.703	  0.711	  0.004

9 	  43.40	 -11.43	  16.44
	  0.209	 -0.098	  0.973
	  0.691	  0.718	 -0.074
	 -0.694	  0.687	  0.216

