2 	  32.71	  -6.84	  23.03
	  0.394	  0.918	 -0.050
	 -0.919	  0.394	 -0.014
	  0.007	  0.051	  0.998

3 	  44.35	  -0.67	   1.71
	 -0.489	  0.139	 -0.861
	 -0.125	 -0.988	 -0.088
	 -0.863	  0.065	  0.500

4 	  39.55	   6.77	  -2.20
	  0.691	  0.693	  0.203
	 -0.709	  0.597	  0.375
	  0.139	 -0.404	  0.904

5 	  38.76	  10.32	   8.82
	  0.241	  0.208	  0.948
	 -0.679	 -0.661	  0.318
	  0.693	 -0.721	 -0.018

6 	  44.07	  10.07	  18.09
	  0.279	 -0.113	  0.953
	 -0.366	  0.905	  0.214
	 -0.888	 -0.409	  0.211

7 	  40.03	  -8.49	  -1.85
	  0.626	 -0.717	  0.307
	  0.779	  0.566	 -0.267
	  0.017	  0.406	  0.913

8 	  39.78	 -12.38	   8.74
	  0.291	 -0.070	  0.954
	  0.879	 -0.373	 -0.295
	  0.376	  0.925	 -0.047

9 	  44.91	 -11.39	  18.02
	  0.270	  0.046	  0.962
	  0.172	  0.980	 -0.095
	 -0.948	  0.191	  0.256

2 	  32.70	  -6.82	  23.03
	  0.394	  0.918	 -0.051
	 -0.919	  0.393	 -0.014
	  0.007	  0.052	  0.999

3 	  44.35	  -0.65	   1.72
	 -0.488	  0.139	 -0.862
	 -0.124	 -0.988	 -0.089
	 -0.864	  0.064	  0.500

4 	  39.57	   6.80	  -2.18
	  0.690	  0.694	  0.204
	 -0.710	  0.596	  0.375
	  0.138	 -0.404	  0.904

5 	  38.74	  10.32	   8.82
	  0.241	  0.208	  0.948
	 -0.679	 -0.661	  0.318
	  0.693	 -0.721	 -0.019

6 	  44.07	  10.09	  18.07
	  0.279	 -0.113	  0.953
	 -0.366	  0.905	  0.214
	 -0.888	 -0.409	  0.211

7 	  40.03	  -8.49	  -1.85
	  0.626	 -0.717	  0.306
	  0.779	  0.567	 -0.266
	  0.017	  0.406	  0.914

8 	  39.78	 -12.38	   8.75
	  0.290	 -0.070	  0.954
	  0.880	 -0.372	 -0.295
	  0.376	  0.925	 -0.047

9 	  44.89	 -11.37	  18.02
	  0.269	  0.046	  0.962
	  0.171	  0.980	 -0.095
	 -0.948	  0.190	  0.255

2 	  32.71	  -6.82	  23.01
	  0.394	  0.918	 -0.050
	 -0.919	  0.394	 -0.014
	  0.007	  0.051	  0.998

3 	  44.35	  -0.63	   1.74
	 -0.488	  0.139	 -0.861
	 -0.123	 -0.988	 -0.089
	 -0.864	  0.062	  0.500

4 	  39.55	   6.79	  -2.20
	  0.691	  0.693	  0.204
	 -0.710	  0.597	  0.375
	  0.138	 -0.404	  0.904

5 	  38.76	  10.32	   8.82
	  0.241	  0.207	  0.948
	 -0.681	 -0.660	  0.317
	  0.692	 -0.722	 -0.018

6 	  44.07	  10.07	  18.09
	  0.277	 -0.114	  0.954
	 -0.365	  0.906	  0.214
	 -0.889	 -0.407	  0.209

7 	  40.04	  -8.49	  -1.85
	  0.626	 -0.717	  0.307
	  0.779	  0.567	 -0.266
	  0.016	  0.405	  0.914

8 	  39.80	 -12.39	   8.72
	  0.289	 -0.069	  0.954
	  0.881	 -0.371	 -0.294
	  0.374	  0.926	 -0.047

9 	  44.91	 -11.39	  18.00
	  0.268	  0.046	  0.962
	  0.170	  0.981	 -0.095
	 -0.948	  0.189	  0.255

2 	  32.71	  -6.82	  23.01
	  0.394	  0.917	 -0.050
	 -0.919	  0.394	 -0.014
	  0.007	  0.051	  0.998

3 	  44.35	  -0.63	   1.74
	 -0.489	  0.139	 -0.861
	 -0.123	 -0.988	 -0.090
	 -0.864	  0.062	  0.500

4 	  39.59	   6.77	  -2.20
	  0.692	  0.692	  0.204
	 -0.709	  0.598	  0.373
	  0.136	 -0.404	  0.905

5 	  38.78	  10.34	   8.79
	  0.241	  0.208	  0.948
	 -0.683	 -0.658	  0.318
	  0.689	 -0.724	 -0.017

6 	  44.07	  10.05	  18.07
	  0.274	 -0.115	  0.955
	 -0.361	  0.908	  0.213
	 -0.891	 -0.403	  0.207

7 	  40.06	  -8.49	  -1.86
	  0.626	 -0.716	  0.306
	  0.779	  0.568	 -0.265
	  0.015	  0.404	  0.914

8 	  39.80	 -12.41	   8.70
	  0.289	 -0.068	  0.955
	  0.882	 -0.369	 -0.294
	  0.372	  0.927	 -0.047

9 	  44.91	 -11.36	  18.02
	  0.267	  0.047	  0.962
	  0.167	  0.981	 -0.095
	 -0.949	  0.186	  0.254

2 	  32.70	  -6.84	  23.03
	  0.394	  0.917	 -0.050
	 -0.919	  0.394	 -0.014
	  0.007	  0.052	  0.999

3 	  44.35	  -0.65	   1.72
	 -0.490	  0.140	 -0.860
	 -0.123	 -0.988	 -0.091
	 -0.863	  0.061	  0.501

4 	  39.59	   6.77	  -2.23
	  0.692	  0.692	  0.203
	 -0.708	  0.599	  0.373
	  0.136	 -0.402	  0.905

5 	  38.79	  10.35	   8.75
	  0.241	  0.208	  0.948
	 -0.683	 -0.657	  0.318
	  0.689	 -0.724	 -0.017

6 	  44.09	  10.05	  18.07
	  0.272	 -0.116	  0.955
	 -0.359	  0.909	  0.213
	 -0.893	 -0.401	  0.206

7 	  40.06	  -8.51	  -1.88
	  0.627	 -0.716	  0.306
	  0.778	  0.569	 -0.264
	  0.015	  0.404	  0.914

8 	  39.85	 -12.43	   8.67
	  0.289	 -0.068	  0.955
	  0.882	 -0.367	 -0.294
	  0.370	  0.927	 -0.046

9 	  44.93	 -11.37	  17.98
	  0.267	  0.048	  0.962
	  0.164	  0.982	 -0.094
	 -0.950	  0.183	  0.254

2 	  32.71	  -6.82	  23.01
	  0.394	  0.918	 -0.050
	 -0.919	  0.394	 -0.014
	  0.007	  0.051	  0.998

3 	  44.37	  -0.63	   1.71
	 -0.492	  0.140	 -0.859
	 -0.122	 -0.988	 -0.091
	 -0.862	  0.060	  0.503

4 	  39.60	   6.77	  -2.25
	  0.693	  0.692	  0.202
	 -0.708	  0.601	  0.372
	  0.136	 -0.401	  0.906

5 	  38.83	  10.35	   8.74
	  0.241	  0.208	  0.948
	 -0.685	 -0.656	  0.318
	  0.687	 -0.726	 -0.016

6 	  44.12	  10.05	  18.05
	  0.271	 -0.118	  0.955
	 -0.355	  0.910	  0.213
	 -0.894	 -0.397	  0.205

7 	  40.08	  -8.51	  -1.90
	  0.628	 -0.716	  0.304
	  0.778	  0.570	 -0.264
	  0.016	  0.402	  0.915

8 	  39.88	 -12.45	   8.61
	  0.287	 -0.070	  0.955
	  0.886	 -0.359	 -0.293
	  0.364	  0.930	 -0.042

9 	  44.96	 -11.39	  17.95
	  0.267	  0.047	  0.962
	  0.158	  0.983	 -0.093
	 -0.950	  0.177	  0.255

2 	  32.70	  -6.82	  23.03
	  0.394	  0.917	 -0.050
	 -0.919	  0.394	 -0.014
	  0.007	  0.052	  0.999

3 	  44.38	  -0.65	   1.71
	 -0.495	  0.140	 -0.857
	 -0.123	 -0.988	 -0.091
	 -0.860	  0.060	  0.506

4 	  39.62	   6.77	  -2.27
	  0.695	  0.691	  0.199
	 -0.706	  0.603	  0.370
	  0.136	 -0.398	  0.907

5 	  38.87	  10.35	   8.68
	  0.240	  0.207	  0.948
	 -0.683	 -0.658	  0.317
	  0.690	 -0.724	 -0.018

6 	  44.14	  10.05	  18.04
	  0.272	 -0.118	  0.955
	 -0.356	  0.910	  0.213
	 -0.894	 -0.398	  0.206

7 	  40.06	  -8.53	  -1.97
	  0.628	 -0.719	  0.296
	  0.778	  0.572	 -0.259
	  0.016	  0.393	  0.919

8 	  40.17	 -12.50	   8.47
	  0.280	 -0.095	  0.955
	  0.902	 -0.313	 -0.296
	  0.327	  0.945	 -0.002

9 	  45.33	 -11.25	  17.82
	  0.282	  0.041	  0.958
	  0.098	  0.992	 -0.072
	 -0.954	  0.114	  0.276

2 	  32.71	  -6.84	  23.01
	  0.394	  0.918	 -0.050
	 -0.919	  0.394	 -0.014
	  0.007	  0.051	  0.998

3 	  44.38	  -0.63	   1.63
	 -0.502	  0.140	 -0.853
	 -0.124	 -0.988	 -0.090
	 -0.856	  0.061	  0.513

4 	  39.62	   6.77	  -2.34
	  0.697	  0.690	  0.193
	 -0.704	  0.608	  0.367
	  0.135	 -0.393	  0.910

5 	  39.18	  10.42	   8.60
	  0.263	  0.209	  0.941
	 -0.679	 -0.653	  0.335
	  0.685	 -0.728	 -0.030

6 	  44.81	  10.18	  17.74
	  0.309	 -0.106	  0.945
	 -0.345	  0.913	  0.215
	 -0.886	 -0.393	  0.246

7 	  40.06	  -8.53	  -1.99
	  0.641	 -0.712	  0.287
	  0.767	  0.589	 -0.253
	  0.010	  0.382	  0.924

8 	  40.73	 -12.45	   8.38
	  0.324	 -0.102	  0.941
	  0.903	 -0.262	 -0.339
	  0.281	  0.959	  0.007

9 	  46.20	 -11.14	  17.49
	  0.325	  0.026	  0.945
	  0.049	  0.998	 -0.045
	 -0.944	  0.061	  0.323

2 	  32.71	  -6.82	  23.01
	  0.394	  0.918	 -0.051
	 -0.919	  0.393	 -0.014
	  0.007	  0.052	  0.999

3 	  44.37	  -0.67	   1.60
	 -0.506	  0.141	 -0.851
	 -0.127	 -0.988	 -0.088
	 -0.853	  0.064	  0.517

4 	  39.59	   6.71	  -2.39
	  0.708	  0.683	  0.179
	 -0.692	  0.619	  0.371
	  0.142	 -0.387	  0.911

5 	  40.06	  10.48	   8.49
	  0.346	  0.228	  0.910
	 -0.665	 -0.624	  0.409
	  0.661	 -0.747	 -0.065

6 	  46.35	  10.53	  16.93
	  0.399	 -0.074	  0.914
	 -0.332	  0.917	  0.219
	 -0.854	 -0.391	  0.342

7 	  40.11	  -8.51	  -1.99
	  0.664	 -0.693	  0.280
	  0.747	  0.612	 -0.257
	  0.006	  0.380	  0.925

8 	  41.59	 -12.43	   8.30
	  0.406	 -0.108	  0.907
	  0.880	 -0.219	 -0.420
	  0.244	  0.970	  0.005

9 	  47.69	 -11.32	  16.82
	  0.402	  0.000	  0.915
	  0.023	  1.000	 -0.011
	 -0.915	  0.026	  0.402

2 	  32.71	  -6.82	  23.01
	  0.394	  0.918	 -0.051
	 -0.919	  0.393	 -0.014
	  0.007	  0.052	  0.999

3 	  44.38	  -0.69	   1.58
	 -0.506	  0.138	 -0.851
	 -0.127	 -0.988	 -0.085
	 -0.853	  0.065	  0.517

4 	  39.62	   6.66	  -2.43
	  0.729	  0.667	  0.152
	 -0.667	  0.642	  0.378
	  0.155	 -0.377	  0.913

5 	  41.33	  10.56	   8.23
	  0.464	  0.244	  0.851
	 -0.634	 -0.580	  0.511
	  0.619	 -0.777	 -0.115

6 	  48.45	  10.72	  15.70
	  0.504	 -0.033	  0.863
	 -0.302	  0.929	  0.212
	 -0.809	 -0.368	  0.459

7 	  40.15	  -8.51	  -1.93
	  0.688	 -0.673	  0.271
	  0.725	  0.636	 -0.262
	  0.003	  0.377	  0.926

8 	  42.64	 -12.36	   8.07
	  0.528	 -0.106	  0.842
	  0.817	 -0.203	 -0.539
	  0.228	  0.973	 -0.021

9 	  49.82	 -11.25	  15.56
	  0.521	 -0.016	  0.853
	  0.017	  1.000	  0.008
	 -0.853	  0.010	  0.521

2 	  32.71	  -6.82	  23.01
	  0.394	  0.918	 -0.050
	 -0.919	  0.393	 -0.014
	  0.007	  0.051	  0.998

3 	  44.40	  -0.76	   1.63
	 -0.495	  0.132	 -0.858
	 -0.123	 -0.989	 -0.081
	 -0.860	  0.065	  0.506

4 	  39.67	   6.45	  -2.65
	  0.765	  0.635	  0.100
	 -0.620	  0.686	  0.381
	  0.173	 -0.354	  0.919

5 	  42.68	  10.46	   7.65
	  0.600	  0.239	  0.763
	 -0.574	 -0.536	  0.619
	  0.557	 -0.809	 -0.184

6 	  50.62	  10.79	  13.75
	  0.621	 -0.008	  0.784
	 -0.243	  0.948	  0.202
	 -0.745	 -0.316	  0.587

7 	  40.15	  -8.49	  -1.99
	  0.725	 -0.649	  0.229
	  0.687	  0.672	 -0.274
	  0.024	  0.356	  0.934

8 	  43.86	 -12.18	   7.45
	  0.662	 -0.086	  0.744
	  0.720	 -0.201	 -0.664
	  0.207	  0.976	 -0.071

9 	  51.89	 -10.90	  13.73
	  0.647	 -0.006	  0.762
	  0.017	  1.000	 -0.007
	 -0.762	  0.017	  0.647

2 	  32.70	  -6.82	  23.03
	  0.394	  0.918	 -0.050
	 -0.919	  0.393	 -0.014
	  0.007	  0.052	  0.999

3 	  44.40	  -0.83	   1.60
	 -0.487	  0.130	 -0.864
	 -0.122	 -0.989	 -0.081
	 -0.865	  0.066	  0.497

4 	  39.64	   6.21	  -2.95
	  0.800	  0.599	  0.028
	 -0.562	  0.733	  0.382
	  0.208	 -0.321	  0.924

5 	  44.05	  10.28	   6.57
	  0.735	  0.226	  0.639
	 -0.473	 -0.506	  0.721
	  0.486	 -0.833	 -0.265

6 	  52.65	  10.65	  11.23
	  0.743	 -0.009	  0.668
	 -0.186	  0.957	  0.220
	 -0.642	 -0.288	  0.710

7 	  40.13	  -8.44	  -2.09
	  0.764	 -0.621	  0.172
	  0.642	  0.710	 -0.288
	  0.056	  0.331	  0.942

8 	  44.91	 -11.88	   6.86
	  0.772	 -0.052	  0.633
	  0.611	 -0.209	 -0.763
	  0.172	  0.976	 -0.130

9 	  53.63	 -10.37	  11.69
	  0.756	  0.025	  0.654
	  0.015	  0.998	 -0.057
	 -0.654	  0.052	  0.754

2 	  32.70	  -6.82	  23.03
	  0.394	  0.918	 -0.051
	 -0.919	  0.393	 -0.014
	  0.007	  0.052	  0.999

3 	  44.37	  -0.88	   1.55
	 -0.480	  0.129	 -0.868
	 -0.125	 -0.989	 -0.079
	 -0.868	  0.070	  0.491

4 	  39.55	   5.92	  -3.30
	  0.829	  0.555	 -0.058
	 -0.499	  0.784	  0.368
	  0.250	 -0.277	  0.928

5 	  45.14	  10.02	   5.38
	  0.834	  0.200	  0.514
	 -0.383	 -0.460	  0.801
	  0.396	 -0.865	 -0.308

6 	  54.26	  10.12	   8.51
	  0.841	 -0.036	  0.540
	 -0.109	  0.966	  0.233
	 -0.530	 -0.255	  0.808

7 	  39.92	  -8.38	  -2.29
	  0.797	 -0.596	  0.096
	  0.594	  0.745	 -0.302
	  0.108	  0.297	  0.948

8 	  45.70	 -11.78	   5.78
	  0.861	 -0.034	  0.507
	  0.490	 -0.204	 -0.847
	  0.132	  0.978	 -0.159

9 	  54.88	  -9.97	   9.37
	  0.842	  0.049	  0.537
	 -0.002	  0.996	 -0.088
	 -0.539	  0.073	  0.839

2 	  32.71	  -6.82	  23.01
	  0.394	  0.918	 -0.050
	 -0.919	  0.394	 -0.014
	  0.007	  0.051	  0.998

3 	  44.31	  -0.93	   1.49
	 -0.476	  0.128	 -0.870
	 -0.128	 -0.989	 -0.076
	 -0.870	  0.075	  0.487

4 	  39.41	   5.61	  -3.67
	  0.849	  0.509	 -0.141
	 -0.439	  0.828	  0.349
	  0.294	 -0.235	  0.926

5 	  45.97	   9.72	   4.15
	  0.905	  0.173	  0.387
	 -0.283	 -0.435	  0.855
	  0.316	 -0.884	 -0.345

6 	  55.28	   9.58	   6.01
	  0.904	 -0.058	  0.422
	 -0.047	  0.971	  0.232
	 -0.424	 -0.230	  0.876

7 	  39.73	  -8.31	  -2.53
	  0.815	 -0.579	  0.009
	  0.554	  0.775	 -0.305
	  0.169	  0.253	  0.952

8 	  46.30	 -11.67	   4.61
	  0.924	 -0.027	  0.381
	  0.368	 -0.197	 -0.908
	  0.099	  0.980	 -0.172

9 	  55.83	  -9.60	   6.70
	  0.911	  0.067	  0.406
	 -0.031	  0.995	 -0.096
	 -0.410	  0.074	  0.909

2 	  32.70	  -6.82	  23.03
	  0.394	  0.918	 -0.050
	 -0.919	  0.393	 -0.014
	  0.007	  0.051	  0.998

3 	  44.28	  -0.98	   1.44
	 -0.476	  0.129	 -0.870
	 -0.130	 -0.989	 -0.075
	 -0.870	  0.078	  0.487

4 	  39.23	   5.36	  -3.92
	  0.857	  0.471	 -0.210
	 -0.392	  0.859	  0.328
	  0.335	 -0.198	  0.921

5 	  46.53	   9.46	   2.97
	  0.951	  0.149	  0.271
	 -0.189	 -0.411	  0.891
	  0.244	 -0.899	 -0.363

6 	  55.90	   9.19	   3.78
	  0.947	 -0.074	  0.313
	  0.002	  0.975	  0.222
	 -0.322	 -0.209	  0.923

7 	  39.53	  -8.16	  -2.78
	  0.825	 -0.559	 -0.081
	  0.516	  0.804	 -0.297
	  0.230	  0.203	  0.952

8 	  46.74	 -11.60	   3.30
	  0.965	 -0.012	  0.260
	  0.254	 -0.177	 -0.951
	  0.057	  0.984	 -0.168

9 	  56.32	  -9.32	   4.45
	  0.952	  0.082	  0.295
	 -0.055	  0.994	 -0.097
	 -0.301	  0.076	  0.951

2 	  32.71	  -6.82	  23.01
	  0.393	  0.918	 -0.050
	 -0.919	  0.393	 -0.014
	  0.007	  0.051	  0.998

3 	  44.19	  -1.05	   1.37
	 -0.477	  0.128	 -0.869
	 -0.132	 -0.988	 -0.073
	 -0.869	  0.080	  0.489

4 	  39.11	   5.15	  -4.15
	  0.859	  0.431	 -0.274
	 -0.348	  0.886	  0.305
	  0.374	 -0.167	  0.912

5 	  46.99	   9.23	   1.85
	  0.979	  0.125	  0.160
	 -0.100	 -0.388	  0.916
	  0.177	 -0.913	 -0.367

6 	  56.34	   8.65	   1.23
	  0.976	 -0.099	  0.194
	  0.060	  0.979	  0.195
	 -0.209	 -0.179	  0.961

7 	  39.36	  -8.00	  -3.08
	  0.826	 -0.538	 -0.168
	  0.483	  0.830	 -0.279
	  0.289	  0.149	  0.945

8 	  47.11	 -11.29	   2.20
	  0.988	  0.009	  0.151
	  0.150	 -0.166	 -0.974
	  0.017	  0.986	 -0.165

9 	  56.69	  -8.84	   1.81
	  0.980	  0.106	  0.166
	 -0.091	  0.991	 -0.099
	 -0.175	  0.081	  0.981

2 	  32.71	  -6.82	  23.01
	  0.394	  0.918	 -0.050
	 -0.919	  0.393	 -0.014
	  0.007	  0.051	  0.998

3 	  44.17	  -1.07	   1.30
	 -0.480	  0.126	 -0.868
	 -0.132	 -0.989	 -0.070
	 -0.867	  0.080	  0.491

4 	  38.99	   4.94	  -4.36
	  0.853	  0.393	 -0.342
	 -0.309	  0.910	  0.275
	  0.420	 -0.130	  0.898

5 	  47.29	   9.11	   0.58
	  0.993	  0.105	  0.051
	 -0.011	 -0.350	  0.937
	  0.117	 -0.931	 -0.346

6 	  56.53	   8.12	  -1.27
	  0.989	 -0.129	  0.070
	  0.117	  0.982	  0.148
	 -0.089	 -0.138	  0.986

7 	  39.22	  -7.75	  -3.32
	  0.823	 -0.509	 -0.251
	  0.450	  0.855	 -0.255
	  0.344	  0.097	  0.934

8 	  47.37	 -11.09	   0.86
	  0.999	  0.024	  0.035
	  0.038	 -0.150	 -0.988
	 -0.019	  0.988	 -0.151

9 	  56.78	  -8.47	  -0.77
	  0.991	  0.126	  0.040
	 -0.122	  0.988	 -0.095
	 -0.052	  0.089	  0.994

2 	  32.71	  -6.84	  23.01
	  0.394	  0.918	 -0.050
	 -0.919	  0.394	 -0.014
	  0.007	  0.051	  0.998

3 	  44.14	  -1.07	   1.23
	 -0.482	  0.122	 -0.867
	 -0.131	 -0.989	 -0.067
	 -0.866	  0.081	  0.493

4 	  38.83	   4.76	  -4.57
	  0.839	  0.361	 -0.406
	 -0.278	  0.927	  0.249
	  0.466	 -0.097	  0.879

5 	  47.43	   9.02	  -0.62
	  0.994	  0.092	 -0.052
	  0.078	 -0.315	  0.946
	  0.071	 -0.945	 -0.320

6 	  56.48	   7.77	  -3.52
	  0.989	 -0.145	 -0.028
	  0.147	  0.984	  0.103
	  0.012	 -0.106	  0.994

7 	  39.01	  -7.52	  -3.59
	  0.812	 -0.481	 -0.332
	  0.425	  0.876	 -0.228
	  0.400	  0.044	  0.915

8 	  47.44	 -10.88	  -0.51
	  0.996	  0.038	 -0.081
	 -0.075	 -0.136	 -0.988
	 -0.049	  0.990	 -0.133

9 	  56.60	  -8.00	  -3.39
	  0.985	  0.146	 -0.092
	 -0.155	  0.983	 -0.092
	  0.077	  0.104	  0.991

2 	  32.71	  -6.82	  23.01
	  0.394	  0.918	 -0.050
	 -0.919	  0.393	 -0.014
	  0.007	  0.051	  0.998

3 	  44.07	  -1.05	   1.12
	 -0.486	  0.118	 -0.866
	 -0.129	 -0.990	 -0.062
	 -0.864	  0.081	  0.496

4 	  38.67	   4.55	  -4.73
	  0.824	  0.328	 -0.461
	 -0.250	  0.942	  0.225
	  0.507	 -0.071	  0.859

5 	  47.39	   8.86	  -1.76
	  0.986	  0.080	 -0.144
	  0.160	 -0.280	  0.946
	  0.035	 -0.957	 -0.289

6 	  56.13	   7.38	  -5.62
	  0.978	 -0.164	 -0.129
	  0.170	  0.984	  0.041
	  0.120	 -0.062	  0.991

7 	  38.79	  -7.37	  -3.81
	  0.794	 -0.454	 -0.403
	  0.406	  0.891	 -0.202
	  0.451	 -0.003	  0.892

8 	  47.34	 -10.74	  -1.83
	  0.981	  0.044	 -0.187
	 -0.180	 -0.120	 -0.976
	 -0.065	  0.992	 -0.110

9 	  56.16	  -7.59	  -5.66
	  0.964	  0.164	 -0.207
	 -0.184	  0.979	 -0.079
	  0.189	  0.114	  0.975

2 	  32.71	  -6.82	  23.01
	  0.394	  0.918	 -0.050
	 -0.919	  0.394	 -0.014
	  0.007	  0.051	  0.998

3 	  44.00	  -1.09	   1.02
	 -0.490	  0.114	 -0.864
	 -0.128	 -0.990	 -0.058
	 -0.862	  0.082	  0.500

4 	  38.44	   4.36	  -4.89
	  0.803	  0.303	 -0.513
	 -0.230	  0.952	  0.202
	  0.550	 -0.045	  0.834

5 	  47.23	   8.68	  -2.81
	  0.972	  0.070	 -0.223
	  0.233	 -0.246	  0.941
	  0.011	 -0.967	 -0.256

6 	  55.58	   7.05	  -7.49
	  0.961	 -0.180	 -0.208
	  0.182	  0.983	 -0.007
	  0.206	 -0.031	  0.978

7 	  38.58	  -7.22	  -4.01
	  0.772	 -0.432	 -0.465
	  0.390	  0.901	 -0.187
	  0.500	 -0.037	  0.865

8 	  47.20	 -10.62	  -2.87
	  0.962	  0.049	 -0.268
	 -0.262	 -0.102	 -0.959
	 -0.075	  0.993	 -0.085

9 	  55.56	  -7.42	  -7.66
	  0.937	  0.171	 -0.304
	 -0.196	  0.979	 -0.053
	  0.288	  0.109	  0.951

2 	  32.71	  -6.84	  23.01
	  0.394	  0.918	 -0.050
	 -0.919	  0.394	 -0.014
	  0.007	  0.051	  0.998

3 	  43.91	  -1.09	   0.90
	 -0.496	  0.111	 -0.861
	 -0.126	 -0.990	 -0.055
	 -0.859	  0.082	  0.506

4 	  38.27	   4.17	  -5.03
	  0.784	  0.277	 -0.555
	 -0.210	  0.960	  0.183
	  0.583	 -0.028	  0.811

5 	  47.06	   8.58	  -3.71
	  0.955	  0.064	 -0.288
	  0.295	 -0.211	  0.932
	 -0.002	 -0.975	 -0.221

6 	  55.04	   6.73	  -9.12
	  0.940	 -0.193	 -0.281
	  0.185	  0.981	 -0.054
	  0.286	 -0.001	  0.958

7 	  38.36	  -7.15	  -4.15
	  0.751	 -0.414	 -0.514
	  0.379	  0.908	 -0.178
	  0.541	 -0.061	  0.839

8 	  46.92	 -10.55	  -3.80
	  0.940	  0.054	 -0.336
	 -0.331	 -0.089	 -0.939
	 -0.081	  0.994	 -0.066

9 	  54.90	  -7.26	  -9.12
	  0.908	  0.178	 -0.380
	 -0.205	  0.978	 -0.032
	  0.365	  0.107	  0.924

2 	  32.71	  -6.84	  23.01
	  0.394	  0.918	 -0.050
	 -0.919	  0.394	 -0.014
	  0.007	  0.051	  0.998

3 	  43.80	  -1.16	   0.69
	 -0.505	  0.103	 -0.857
	 -0.128	 -0.991	 -0.043
	 -0.853	  0.088	  0.514

4 	  38.06	   3.96	  -5.19
	  0.761	  0.250	 -0.598
	 -0.187	  0.968	  0.167
	  0.621	 -0.015	  0.784

5 	  46.85	   8.42	  -4.66
	  0.933	  0.059	 -0.356
	  0.360	 -0.179	  0.915
	 -0.010	 -0.982	 -0.188

6 	  54.37	   6.45	 -10.65
	  0.915	 -0.197	 -0.351
	  0.174	  0.980	 -0.096
	  0.362	  0.026	  0.932

7 	  38.13	  -7.03	  -4.24
	  0.729	 -0.398	 -0.557
	  0.368	  0.914	 -0.171
	  0.577	 -0.080	  0.813

8 	  46.67	 -10.42	  -4.45
	  0.918	  0.063	 -0.390
	 -0.384	 -0.085	 -0.919
	 -0.091	  0.994	 -0.054

9 	  54.28	  -7.01	 -10.60
	  0.872	  0.190	 -0.450
	 -0.219	  0.976	 -0.011
	  0.436	  0.108	  0.893

2 	  32.71	  -6.82	  23.01
	  0.394	  0.918	 -0.050
	 -0.919	  0.393	 -0.014
	  0.007	  0.051	  0.998

3 	  43.75	  -1.21	   0.53
	 -0.515	  0.098	 -0.851
	 -0.130	 -0.991	 -0.036
	 -0.847	  0.093	  0.523

4 	  37.86	   3.81	  -5.29
	  0.742	  0.234	 -0.628
	 -0.178	  0.972	  0.153
	  0.646	 -0.002	  0.763

5 	  46.49	   8.23	  -5.57
	  0.907	  0.048	 -0.418
	  0.421	 -0.148	  0.895
	 -0.019	 -0.988	 -0.155

6 	  53.70	   6.21	 -12.15
	  0.887	 -0.201	 -0.416
	  0.160	  0.978	 -0.132
	  0.433	  0.050	  0.900

7 	  37.97	  -6.96	  -4.36
	  0.711	 -0.386	 -0.588
	  0.361	  0.918	 -0.166
	  0.604	 -0.094	  0.791

8 	  46.44	 -10.34	  -5.03
	  0.895	  0.064	 -0.440
	 -0.434	 -0.089	 -0.896
	 -0.097	  0.994	 -0.052

9 	  53.68	  -6.98	 -11.65
	  0.842	  0.193	 -0.504
	 -0.224	  0.974	  0.000
	  0.491	  0.112	  0.864

2 	  32.71	  -6.82	  23.01
	  0.394	  0.918	 -0.050
	 -0.919	  0.393	 -0.014
	  0.007	  0.051	  0.998

3 	  43.70	  -1.21	   0.42
	 -0.522	  0.095	 -0.848
	 -0.127	 -0.991	 -0.033
	 -0.844	  0.091	  0.529

4 	  37.67	   3.67	  -5.36
	  0.721	  0.225	 -0.655
	 -0.176	  0.974	  0.141
	  0.669	  0.013	  0.743

5 	  46.07	   8.17	  -6.42
	  0.872	  0.041	 -0.488
	  0.489	 -0.113	  0.865
	 -0.019	 -0.993	 -0.119

6 	  52.68	   5.94	 -13.64
	  0.849	 -0.207	 -0.485
	  0.137	  0.975	 -0.176
	  0.509	  0.083	  0.856

7 	  37.83	  -6.86	  -4.46
	  0.692	 -0.374	 -0.618
	  0.353	  0.921	 -0.162
	  0.629	 -0.107	  0.769

8 	  46.11	 -10.39	  -5.70
	  0.868	  0.053	 -0.493
	 -0.489	 -0.081	 -0.869
	 -0.086	  0.995	 -0.044

9 	  53.05	  -6.94	 -12.74
	  0.807	  0.189	 -0.560
	 -0.219	  0.975	  0.013
	  0.548	  0.112	  0.828

2 	  32.70	  -6.82	  23.03
	  0.394	  0.918	 -0.050
	 -0.919	  0.393	 -0.014
	  0.007	  0.051	  0.998

3 	  43.63	  -1.18	   0.26
	 -0.531	  0.087	 -0.843
	 -0.121	 -0.992	 -0.026
	 -0.838	  0.088	  0.537

4 	  37.42	   3.60	  -5.34
	  0.702	  0.222	 -0.676
	 -0.179	  0.974	  0.135
	  0.689	  0.026	  0.724

5 	  45.54	   8.19	  -7.14
	  0.829	  0.041	 -0.557
	  0.558	 -0.087	  0.825
	 -0.015	 -0.995	 -0.095

6 	  51.57	   6.03	 -15.06
	  0.802	 -0.192	 -0.565
	  0.100	  0.977	 -0.189
	  0.588	  0.094	  0.803

7 	  37.67	  -6.79	  -4.50
	  0.674	 -0.366	 -0.642
	  0.349	  0.923	 -0.159
	  0.651	 -0.117	  0.750

8 	  45.74	 -10.35	  -6.24
	  0.835	  0.040	 -0.549
	 -0.545	 -0.080	 -0.835
	 -0.077	  0.996	 -0.045

9 	  52.15	  -7.22	 -13.96
	  0.761	  0.174	 -0.625
	 -0.219	  0.975	  0.005
	  0.610	  0.133	  0.781

2 	  32.70	  -6.82	  23.03
	  0.393	  0.918	 -0.050
	 -0.919	  0.393	 -0.014
	  0.007	  0.052	  0.998

3 	  43.56	  -1.18	   0.16
	 -0.537	  0.080	 -0.840
	 -0.116	 -0.993	 -0.020
	 -0.836	  0.086	  0.542

4 	  37.16	   3.53	  -5.33
	  0.680	  0.226	 -0.697
	 -0.188	  0.973	  0.133
	  0.708	  0.040	  0.704

5 	  44.95	   8.19	  -7.82
	  0.783	  0.039	 -0.621
	  0.622	 -0.059	  0.781
	 -0.006	 -0.997	 -0.071

6 	  50.40	   5.98	 -16.19
	  0.754	 -0.187	 -0.630
	  0.068	  0.976	 -0.208
	  0.653	  0.114	  0.748

7 	  37.49	  -6.70	  -4.52
	  0.654	 -0.358	 -0.666
	  0.347	  0.925	 -0.157
	  0.672	 -0.128	  0.729

8 	  45.28	 -10.42	  -6.79
	  0.797	  0.030	 -0.602
	 -0.600	 -0.064	 -0.797
	 -0.062	  0.997	 -0.034

9 	  51.24	  -7.19	 -14.99
	  0.712	  0.170	 -0.681
	 -0.222	  0.975	  0.012
	  0.666	  0.143	  0.732

2 	  32.71	  -6.82	  23.01
	  0.394	  0.918	 -0.050
	 -0.919	  0.393	 -0.013
	  0.007	  0.051	  0.998

3 	  43.47	  -1.09	   0.07
	 -0.543	  0.071	 -0.837
	 -0.105	 -0.994	 -0.017
	 -0.833	  0.079	  0.547

4 	  36.91	   3.50	  -5.29
	  0.659	  0.231	 -0.715
	 -0.197	  0.971	  0.132
	  0.726	  0.053	  0.686

5 	  44.37	   8.12	  -8.33
	  0.740	  0.032	 -0.671
	  0.672	 -0.039	  0.739
	 -0.002	 -0.999	 -0.050

6 	  49.24	   5.89	 -17.23
	  0.701	 -0.188	 -0.688
	  0.043	  0.974	 -0.222
	  0.712	  0.126	  0.691

7 	  37.34	  -6.59	  -4.54
	  0.636	 -0.347	 -0.689
	  0.340	  0.927	 -0.153
	  0.692	 -0.137	  0.708

8 	  44.82	 -10.34	  -7.37
	  0.756	  0.027	 -0.654
	 -0.652	 -0.047	 -0.757
	 -0.051	  0.998	 -0.018

9 	  50.19	  -7.10	 -16.07
	  0.655	  0.174	 -0.736
	 -0.228	  0.973	  0.027
	  0.720	  0.150	  0.677

2 	  32.71	  -6.82	  23.01
	  0.393	  0.918	 -0.049
	 -0.919	  0.393	 -0.014
	  0.006	  0.051	  0.999

3 	  43.38	  -1.04	  -0.02
	 -0.548	  0.061	 -0.834
	 -0.094	 -0.995	 -0.011
	 -0.831	  0.072	  0.551

4 	  36.72	   3.45	  -5.29
	  0.642	  0.232	 -0.731
	 -0.202	  0.970	  0.131
	  0.740	  0.063	  0.670

5 	  43.89	   8.02	  -8.79
	  0.695	  0.016	 -0.718
	  0.718	 -0.025	  0.695
	 -0.007	 -1.000	 -0.029

6 	  48.09	   5.64	 -18.04
	  0.642	 -0.202	 -0.739
	  0.040	  0.972	 -0.230
	  0.765	  0.119	  0.633

7 	  37.20	  -6.47	  -4.55
	  0.615	 -0.336	 -0.713
	  0.336	  0.930	 -0.149
	  0.713	 -0.148	  0.685

8 	  44.35	 -10.25	  -7.96
	  0.712	  0.030	 -0.702
	 -0.701	 -0.022	 -0.712
	 -0.037	  0.999	  0.006

9 	  49.31	  -6.89	 -16.93
	  0.601	  0.182	 -0.778
	 -0.231	  0.972	  0.049
	  0.765	  0.150	  0.626

2 	  32.70	  -6.82	  23.03
	  0.391	  0.919	 -0.046
	 -0.920	  0.391	 -0.016
	  0.003	  0.048	  0.999

3 	  43.33	  -1.00	  -0.04
	 -0.550	  0.056	 -0.833
	 -0.089	 -0.996	 -0.008
	 -0.830	  0.070	  0.553

4 	  36.49	   3.32	  -5.26
	  0.624	  0.230	 -0.747
	 -0.205	  0.970	  0.128
	  0.754	  0.073	  0.652

5 	  43.31	   7.93	  -9.30
	  0.646	  0.011	 -0.763
	  0.763	 -0.019	  0.646
	 -0.007	 -1.000	 -0.021

6 	  46.97	   5.45	 -18.81
	  0.587	 -0.214	 -0.781
	  0.043	  0.971	 -0.233
	  0.808	  0.103	  0.580

7 	  36.98	  -6.36	  -4.52
	  0.589	 -0.331	 -0.737
	  0.338	  0.929	 -0.147
	  0.734	 -0.163	  0.659

8 	  43.75	 -10.21	  -8.53
	  0.665	  0.028	 -0.746
	 -0.746	  0.013	 -0.665
	 -0.009	  0.999	  0.030

9 	  48.08	  -6.75	 -17.74
	  0.541	  0.189	 -0.819
	 -0.221	  0.972	  0.079
	  0.811	  0.138	  0.568

2 	  32.70	  -6.82	  23.03
	  0.391	  0.919	 -0.044
	 -0.921	  0.390	 -0.016
	  0.002	  0.047	  0.999

3 	  43.21	  -0.97	  -0.21
	 -0.561	  0.041	 -0.827
	 -0.078	 -0.997	  0.003
	 -0.824	  0.066	  0.562

4 	  36.23	   3.27	  -5.26
	  0.599	  0.240	 -0.763
	 -0.214	  0.967	  0.136
	  0.771	  0.081	  0.631

5 	  42.70	   7.96	  -9.62
	  0.603	  0.019	 -0.797
	  0.797	 -0.010	  0.604
	  0.003	 -1.000	 -0.021

6 	  45.86	   5.55	 -19.39
	  0.539	 -0.202	 -0.818
	  0.022	  0.974	 -0.226
	  0.842	  0.104	  0.530

7 	  36.70	  -6.28	  -4.52
	  0.554	 -0.329	 -0.765
	  0.341	  0.928	 -0.152
	  0.759	 -0.177	  0.627

8 	  43.12	 -10.23	  -8.95
	  0.614	  0.022	 -0.789
	 -0.789	  0.026	 -0.614
	  0.007	  0.999	  0.033

9 	  46.85	  -6.77	 -18.49
	  0.478	  0.183	 -0.859
	 -0.222	  0.971	  0.083
	  0.850	  0.150	  0.505

2 	  32.70	  -6.82	  23.01
	  0.391	  0.919	 -0.042
	 -0.921	  0.390	 -0.017
	  0.001	  0.045	  0.999

3 	  43.05	  -0.93	  -0.32
	 -0.570	  0.032	 -0.821
	 -0.072	 -0.997	  0.011
	 -0.818	  0.066	  0.571

4 	  35.93	   3.18	  -5.26
	  0.583	  0.246	 -0.774
	 -0.216	  0.966	  0.144
	  0.783	  0.082	  0.616

5 	  42.12	   7.89	  -9.98
	  0.557	  0.018	 -0.830
	  0.830	 -0.003	  0.557
	  0.007	 -1.000	 -0.017

6 	  44.72	   5.52	 -19.93
	  0.486	 -0.201	 -0.850
	  0.010	  0.974	 -0.224
	  0.873	  0.100	  0.476

7 	  36.40	  -6.21	  -4.48
	  0.515	 -0.334	 -0.790
	  0.351	  0.922	 -0.161
	  0.782	 -0.195	  0.592

8 	  42.45	 -10.23	  -9.32
	  0.559	  0.016	 -0.828
	 -0.828	  0.034	 -0.559
	  0.019	  0.999	  0.032

9 	  45.54	  -6.96	 -19.28
	  0.410	  0.177	 -0.895
	 -0.212	  0.972	  0.096
	  0.887	  0.150	  0.436

2 	  32.71	  -6.82	  23.01
	  0.391	  0.919	 -0.041
	 -0.921	  0.390	 -0.017
	  0.000	  0.043	  0.999

3 	  42.94	  -0.95	  -0.44
	 -0.581	  0.029	 -0.813
	 -0.071	 -0.997	  0.015
	 -0.811	  0.066	  0.582

4 	  35.67	   3.09	  -5.20
	  0.566	  0.253	 -0.784
	 -0.224	  0.963	  0.150
	  0.793	  0.091	  0.602

5 	  41.48	   7.91	 -10.21
	  0.515	  0.023	 -0.857
	  0.857	  0.014	  0.515
	  0.023	 -1.000	 -0.013

6 	  43.59	   5.47	 -20.36
	  0.439	 -0.203	 -0.875
	 -0.007	  0.973	 -0.229
	  0.898	  0.107	  0.426

7 	  36.11	  -6.17	  -4.46
	  0.469	 -0.336	 -0.817
	  0.362	  0.917	 -0.169
	  0.805	 -0.216	  0.552

8 	  41.84	 -10.25	  -9.65
	  0.505	  0.015	 -0.863
	 -0.863	  0.042	 -0.504
	  0.029	  0.999	  0.034

9 	  44.40	  -6.77	 -19.67
	  0.350	  0.183	 -0.919
	 -0.213	  0.970	  0.112
	  0.912	  0.156	  0.378

2 	  32.70	  -6.82	  23.01
	  0.390	  0.920	 -0.040
	 -0.921	  0.390	 -0.017
	  0.000	  0.043	  0.999

3 	  42.84	  -0.93	  -0.58
	 -0.594	  0.025	 -0.804
	 -0.068	 -0.997	  0.019
	 -0.801	  0.066	  0.594

4 	  35.40	   3.02	  -5.19
	  0.544	  0.261	 -0.797
	 -0.230	  0.960	  0.157
	  0.806	  0.098	  0.583

5 	  40.90	   7.89	 -10.44
	  0.470	  0.026	 -0.882
	  0.882	  0.019	  0.470
	  0.029	 -0.999	 -0.014

6 	  42.50	   5.47	 -20.72
	  0.383	 -0.205	 -0.901
	 -0.005	  0.974	 -0.224
	  0.923	  0.089	  0.372

7 	  35.81	  -6.13	  -4.39
	  0.423	 -0.341	 -0.839
	  0.373	  0.910	 -0.181
	  0.825	 -0.237	  0.512

8 	  41.20	 -10.28	  -9.90
	  0.456	  0.011	 -0.890
	 -0.889	  0.052	 -0.455
	  0.041	  0.998	  0.034

9 	  43.28	  -6.96	 -20.20
	  0.292	  0.180	 -0.939
	 -0.202	  0.971	  0.123
	  0.935	  0.154	  0.320

2 	  32.70	  -6.82	  23.01
	  0.390	  0.920	 -0.040
	 -0.921	  0.390	 -0.017
	 -0.000	  0.043	  0.999

3 	  42.70	  -0.91	  -0.67
	 -0.606	  0.025	 -0.795
	 -0.069	 -0.997	  0.021
	 -0.792	  0.067	  0.606

4 	  35.21	   2.99	  -5.13
	  0.529	  0.267	 -0.805
	 -0.234	  0.958	  0.165
	  0.815	  0.101	  0.570

5 	  40.38	   7.91	 -10.56
	  0.428	  0.033	 -0.903
	  0.902	  0.034	  0.429
	  0.045	 -0.999	 -0.016

6 	  41.54	   5.41	 -20.94
	  0.335	 -0.217	 -0.917
	 -0.007	  0.973	 -0.232
	  0.942	  0.084	  0.324

7 	  35.56	  -6.06	  -4.34
	  0.377	 -0.345	 -0.859
	  0.387	  0.901	 -0.192
	  0.841	 -0.261	  0.474

8 	  40.57	 -10.32	 -10.09
	  0.407	  0.003	 -0.914
	 -0.911	  0.065	 -0.406
	  0.058	  0.998	  0.029

9 	  42.08	  -7.07	 -20.57
	  0.235	  0.178	 -0.955
	 -0.189	  0.972	  0.135
	  0.953	  0.149	  0.263

2 	  32.71	  -6.82	  23.03
	  0.391	  0.920	 -0.039
	 -0.921	  0.390	 -0.017
	 -0.000	  0.043	  0.999

3 	  42.64	  -0.93	  -0.77
	 -0.614	  0.027	 -0.789
	 -0.072	 -0.997	  0.021
	 -0.786	  0.070	  0.614

4 	  35.09	   2.92	  -5.10
	  0.514	  0.274	 -0.812
	 -0.236	  0.956	  0.173
	  0.824	  0.103	  0.557

5 	  39.94	   7.95	 -10.71
	  0.383	  0.038	 -0.923
	  0.922	  0.037	  0.384
	  0.049	 -0.999	 -0.021

6 	  40.52	   5.36	 -21.18
	  0.274	 -0.228	 -0.934
	  0.008	  0.972	 -0.234
	  0.961	  0.056	  0.268

7 	  35.35	  -6.05	  -4.31
	  0.326	 -0.355	 -0.876
	  0.411	  0.888	 -0.207
	  0.851	 -0.292	  0.436

8 	  39.97	 -10.44	 -10.25
	  0.351	 -0.012	 -0.936
	 -0.934	  0.071	 -0.351
	  0.071	  0.997	  0.014

9 	  40.96	  -7.33	 -20.81
	  0.178	  0.164	 -0.970
	 -0.186	  0.974	  0.131
	  0.966	  0.157	  0.204

2 	  32.70	  -6.82	  23.03
	  0.390	  0.920	 -0.039
	 -0.921	  0.390	 -0.017
	 -0.000	  0.042	  0.999

3 	  42.59	  -0.95	  -0.90
	 -0.622	  0.033	 -0.782
	 -0.079	 -0.996	  0.021
	 -0.779	  0.075	  0.623

4 	  34.91	   2.87	  -5.06
	  0.497	  0.280	 -0.821
	 -0.241	  0.953	  0.179
	  0.833	  0.109	  0.542

5 	  39.52	   7.93	 -10.88
	  0.345	  0.042	 -0.938
	  0.937	  0.041	  0.347
	  0.053	 -0.998	 -0.025

6 	  39.76	   5.33	 -21.43
	  0.233	 -0.230	 -0.945
	  0.013	  0.972	 -0.234
	  0.972	  0.042	  0.230

7 	  35.07	  -5.99	  -4.27
	  0.279	 -0.365	 -0.888
	  0.429	  0.875	 -0.225
	  0.859	 -0.319	  0.401

8 	  39.38	 -10.60	 -10.32
	  0.306	 -0.031	 -0.951
	 -0.948	  0.084	 -0.308
	  0.089	  0.996	 -0.003

9 	  39.88	  -7.68	 -21.01
	  0.131	  0.146	 -0.980
	 -0.171	  0.977	  0.123
	  0.976	  0.151	  0.153

2 	  32.71	  -6.82	  23.03
	  0.390	  0.920	 -0.039
	 -0.921	  0.390	 -0.017
	 -0.000	  0.042	  0.999

3 	  42.49	  -0.97	  -1.00
	 -0.631	  0.040	 -0.774
	 -0.088	 -0.996	  0.020
	 -0.770	  0.081	  0.632

4 	  34.75	   2.83	  -5.03
	  0.483	  0.286	 -0.827
	 -0.247	  0.951	  0.185
	  0.840	  0.114	  0.530

5 	  39.11	   7.96	 -10.93
	  0.314	  0.046	 -0.948
	  0.947	  0.052	  0.317
	  0.064	 -0.998	 -0.028

6 	  39.04	   5.24	 -21.45
	  0.196	 -0.244	 -0.950
	  0.020	  0.969	 -0.245
	  0.980	  0.029	  0.195

7 	  34.89	  -6.01	  -4.22
	  0.245	 -0.375	 -0.894
	  0.442	  0.864	 -0.241
	  0.863	 -0.336	  0.378

8 	  38.92	 -10.76	 -10.34
	  0.272	 -0.048	 -0.961
	 -0.957	  0.089	 -0.276
	  0.099	  0.995	 -0.021

9 	  39.15	  -7.98	 -21.09
	  0.096	  0.134	 -0.986
	 -0.169	  0.979	  0.117
	  0.981	  0.155	  0.117

2 	  32.71	  -6.80	  23.03
	  0.390	  0.920	 -0.039
	 -0.921	  0.390	 -0.017
	 -0.000	  0.043	  0.999

3 	  42.42	  -1.00	  -1.07
	 -0.637	  0.044	 -0.770
	 -0.093	 -0.995	  0.020
	 -0.765	  0.084	  0.638

4 	  34.63	   2.83	  -4.96
	  0.471	  0.290	 -0.833
	 -0.249	  0.949	  0.190
	  0.846	  0.118	  0.520

5 	  38.88	   7.98	 -10.95
	  0.294	  0.046	 -0.955
	  0.953	  0.054	  0.296
	  0.065	 -0.997	 -0.028

6 	  38.60	   5.17	 -21.48
	  0.169	 -0.255	 -0.952
	  0.039	  0.967	 -0.253
	  0.985	  0.006	  0.173

7 	  34.79	  -6.03	  -4.20
	  0.231	 -0.379	 -0.896
	  0.445	  0.860	 -0.249
	  0.865	 -0.341	  0.368

8 	  38.72	 -10.85	 -10.34
	  0.258	 -0.055	 -0.964
	 -0.960	  0.093	 -0.262
	  0.104	  0.994	 -0.029

9 	  38.87	  -8.12	 -21.09
	  0.085	  0.128	 -0.988
	 -0.167	  0.979	  0.112
	  0.982	  0.156	  0.105

2 	  32.71	  -6.80	  23.01
	  0.390	  0.920	 -0.039
	 -0.921	  0.390	 -0.017
	 -0.000	  0.043	  0.999

3 	  42.36	  -1.02	  -1.07
	 -0.639	  0.046	 -0.768
	 -0.095	 -0.995	  0.020
	 -0.763	  0.086	  0.640

4 	  34.59	   2.81	  -4.94
	  0.467	  0.292	 -0.834
	 -0.250	  0.949	  0.192
	  0.848	  0.118	  0.516

5 	  38.83	   7.96	 -10.95
	  0.290	  0.046	 -0.956
	  0.955	  0.054	  0.292
	  0.065	 -0.997	 -0.028

6 	  38.55	   5.12	 -21.43
	  0.165	 -0.261	 -0.951
	  0.046	  0.965	 -0.257
	  0.985	 -0.002	  0.172

7 	  34.79	  -6.03	  -4.20
	  0.230	 -0.380	 -0.896
	  0.446	  0.859	 -0.250
	  0.865	 -0.342	  0.367

8 	  38.72	 -10.86	 -10.34
	  0.258	 -0.057	 -0.964
	 -0.960	  0.093	 -0.263
	  0.104	  0.994	 -0.030

9 	  38.92	  -8.14	 -21.06
	  0.087	  0.127	 -0.988
	 -0.171	  0.979	  0.111
	  0.981	  0.159	  0.107

2 	  32.71	  -6.82	  23.01
	  0.391	  0.919	 -0.039
	 -0.920	  0.390	 -0.017
	 -0.000	  0.042	  0.999

3 	  42.36	  -1.04	  -1.07
	 -0.639	  0.047	 -0.768
	 -0.095	 -0.995	  0.018
	 -0.763	  0.085	  0.640

4 	  34.63	   2.83	  -4.92
	  0.469	  0.297	 -0.831
	 -0.251	  0.948	  0.197
	  0.846	  0.116	  0.520

5 	  39.16	   8.05	 -10.76
	  0.314	  0.053	 -0.948
	  0.947	  0.046	  0.317
	  0.060	 -0.997	 -0.036

6 	  39.13	   5.31	 -21.20
	  0.193	 -0.255	 -0.947
	  0.061	  0.967	 -0.248
	  0.979	 -0.010	  0.202

7 	  34.96	  -6.12	  -4.24
	  0.262	 -0.382	 -0.886
	  0.436	  0.866	 -0.244
	  0.861	 -0.323	  0.393

8 	  39.25	 -10.88	 -10.18
	  0.302	 -0.055	 -0.952
	 -0.949	  0.077	 -0.306
	  0.090	  0.995	 -0.028

9 	  40.01	  -8.14	 -20.79
	  0.134	  0.130	 -0.982
	 -0.200	  0.974	  0.101
	  0.970	  0.183	  0.156

2 	  32.71	  -6.82	  23.01
	  0.390	  0.920	 -0.040
	 -0.921	  0.390	 -0.017
	  0.000	  0.043	  0.999

3 	  42.45	  -1.04	  -0.95
	 -0.630	  0.047	 -0.775
	 -0.089	 -0.996	  0.012
	 -0.772	  0.077	  0.631

4 	  34.84	   2.99	  -4.89
	  0.482	  0.313	 -0.818
	 -0.256	  0.943	  0.210
	  0.837	  0.108	  0.535

5 	  39.76	   8.23	 -10.41
	  0.367	  0.069	 -0.927
	  0.928	  0.029	  0.370
	  0.052	 -0.997	 -0.053

6 	  40.39	   5.75	 -20.83
	  0.256	 -0.235	 -0.938
	  0.076	  0.972	 -0.223
	  0.963	 -0.015	  0.267

7 	  35.30	  -6.22	  -4.25
	  0.325	 -0.384	 -0.864
	  0.422	  0.877	 -0.230
	  0.846	 -0.290	  0.447

8 	  40.10	 -10.92	  -9.90
	  0.380	 -0.050	 -0.923
	 -0.921	  0.066	 -0.383
	  0.080	  0.996	 -0.021

9 	  41.70	  -8.09	 -20.34
	  0.217	  0.135	 -0.967
	 -0.215	  0.972	  0.088
	  0.952	  0.188	  0.240

2 	  32.71	  -6.82	  23.01
	  0.390	  0.920	 -0.041
	 -0.921	  0.390	 -0.017
	  0.001	  0.044	  0.999

3 	  42.54	  -0.97	  -0.74
	 -0.621	  0.045	 -0.783
	 -0.081	 -0.997	  0.007
	 -0.780	  0.068	  0.622

4 	  35.14	   3.16	  -4.87
	  0.505	  0.328	 -0.798
	 -0.260	  0.940	  0.222
	  0.822	  0.095	  0.560

5 	  40.55	   8.47	  -9.91
	  0.438	  0.088	 -0.894
	  0.897	  0.015	  0.441
	  0.052	 -0.996	 -0.073

6 	  41.96	   6.22	 -20.27
	  0.340	 -0.208	 -0.917
	  0.079	  0.978	 -0.193
	  0.937	 -0.007	  0.349

7 	  35.67	  -6.33	  -4.24
	  0.397	 -0.382	 -0.834
	  0.408	  0.888	 -0.213
	  0.822	 -0.256	  0.508

8 	  41.06	 -10.93	  -9.44
	  0.465	 -0.048	 -0.884
	 -0.882	  0.053	 -0.467
	  0.069	  0.997	 -0.017

9 	  43.58	  -8.12	 -19.67
	  0.310	  0.134	 -0.941
	 -0.226	  0.972	  0.064
	  0.923	  0.193	  0.331

2 	  32.70	  -6.84	  23.03
	  0.391	  0.919	 -0.043
	 -0.921	  0.390	 -0.016
	  0.002	  0.046	  0.999

3 	  42.75	  -0.95	  -0.49
	 -0.611	  0.050	 -0.790
	 -0.080	 -0.997	 -0.001
	 -0.787	  0.062	  0.613

4 	  35.42	   3.34	  -4.83
	  0.532	  0.338	 -0.776
	 -0.262	  0.937	  0.228
	  0.805	  0.082	  0.588

5 	  41.33	   8.65	  -9.44
	  0.503	  0.101	 -0.858
	  0.863	 -0.010	  0.505
	  0.042	 -0.995	 -0.093

6 	  43.51	   6.63	 -19.72
	  0.418	 -0.183	 -0.890
	  0.086	  0.983	 -0.162
	  0.904	 -0.009	  0.427

7 	  36.05	  -6.45	  -4.22
	  0.458	 -0.378	 -0.804
	  0.391	  0.898	 -0.200
	  0.798	 -0.223	  0.560

8 	  41.96	 -10.95	  -8.95
	  0.537	 -0.042	 -0.842
	 -0.842	  0.026	 -0.539
	  0.045	  0.999	 -0.021

9 	  45.11	  -8.12	 -18.93
	  0.383	  0.136	 -0.913
	 -0.247	  0.968	  0.041
	  0.890	  0.209	  0.405

2 	  32.71	  -6.82	  23.01
	  0.390	  0.919	 -0.045
	 -0.921	  0.390	 -0.015
	  0.004	  0.047	  0.999

3 	  42.87	  -0.93	  -0.30
	 -0.602	  0.056	 -0.796
	 -0.081	 -0.997	 -0.009
	 -0.794	  0.059	  0.605

4 	  35.72	   3.50	  -4.80
	  0.558	  0.348	 -0.753
	 -0.269	  0.934	  0.232
	  0.785	  0.072	  0.615

5 	  42.06	   8.84	  -8.86
	  0.567	  0.114	 -0.816
	  0.823	 -0.041	  0.566
	  0.031	 -0.992	 -0.117

6 	  44.88	   7.03	 -18.93
	  0.482	 -0.160	 -0.861
	  0.101	  0.987	 -0.127
	  0.870	 -0.026	  0.492

7 	  36.35	  -6.56	  -4.15
	  0.510	 -0.378	 -0.773
	  0.378	  0.905	 -0.194
	  0.773	 -0.193	  0.604

8 	  42.75	 -10.93	  -8.38
	  0.603	 -0.032	 -0.797
	 -0.797	 -0.010	 -0.603
	  0.011	  0.999	 -0.032

9 	  46.51	  -8.17	 -18.18
	  0.452	  0.136	 -0.881
	 -0.273	  0.962	  0.009
	  0.849	  0.236	  0.472

2 	  32.71	  -6.82	  23.01
	  0.390	  0.919	 -0.047
	 -0.921	  0.390	 -0.015
	  0.005	  0.048	  0.999

3 	  42.94	  -0.93	  -0.14
	 -0.596	  0.062	 -0.800
	 -0.083	 -0.996	 -0.016
	 -0.798	  0.057	  0.599

4 	  35.96	   3.62	  -4.78
	  0.584	  0.357	 -0.729
	 -0.277	  0.932	  0.235
	  0.763	  0.064	  0.643

5 	  42.73	   8.95	  -8.31
	  0.626	  0.122	 -0.770
	  0.779	 -0.059	  0.624
	  0.031	 -0.991	 -0.133

6 	  46.23	   7.42	 -18.18
	  0.553	 -0.139	 -0.821
	  0.094	  0.990	 -0.104
	  0.827	 -0.020	  0.561

7 	  36.63	  -6.68	  -4.11
	  0.554	 -0.378	 -0.741
	  0.369	  0.910	 -0.188
	  0.745	 -0.170	  0.644

8 	  43.47	 -10.92	  -7.82
	  0.661	 -0.024	 -0.750
	 -0.750	 -0.037	 -0.660
	 -0.012	  0.999	 -0.043

9 	  47.92	  -8.07	 -17.23
	  0.518	  0.140	 -0.844
	 -0.292	  0.956	 -0.020
	  0.804	  0.257	  0.536

2 	  32.71	  -6.82	  23.01
	  0.390	  0.919	 -0.047
	 -0.921	  0.390	 -0.015
	  0.005	  0.049	  0.999

3 	  43.07	  -0.91	   0.00
	 -0.589	  0.068	 -0.805
	 -0.087	 -0.996	 -0.021
	 -0.803	  0.057	  0.593

4 	  36.25	   3.73	  -4.75
	  0.611	  0.365	 -0.703
	 -0.287	  0.929	  0.233
	  0.737	  0.059	  0.672

5 	  43.37	   9.04	  -7.72
	  0.682	  0.131	 -0.719
	  0.730	 -0.092	  0.677
	  0.023	 -0.987	 -0.158

6 	  47.51	   7.75	 -17.24
	  0.618	 -0.114	 -0.778
	  0.103	  0.992	 -0.063
	  0.779	 -0.042	  0.625

7 	  36.91	  -6.84	  -4.04
	  0.595	 -0.382	 -0.707
	  0.365	  0.912	 -0.186
	  0.716	 -0.148	  0.682

8 	  44.14	 -10.99	  -7.17
	  0.714	 -0.021	 -0.700
	 -0.700	 -0.072	 -0.711
	 -0.036	  0.997	 -0.066

9 	  49.10	  -8.33	 -16.33
	  0.579	  0.133	 -0.805
	 -0.302	  0.951	 -0.060
	  0.757	  0.277	  0.591

2 	  32.70	  -6.82	  23.03
	  0.390	  0.919	 -0.047
	 -0.921	  0.390	 -0.015
	  0.005	  0.049	  0.999

3 	  43.17	  -0.93	   0.19
	 -0.580	  0.077	 -0.811
	 -0.094	 -0.995	 -0.027
	 -0.809	  0.061	  0.585

4 	  36.51	   3.83	  -4.73
	  0.637	  0.369	 -0.676
	 -0.293	  0.928	  0.230
	  0.712	  0.051	  0.700

5 	  44.03	   9.07	  -7.03
	  0.736	  0.132	 -0.664
	  0.677	 -0.137	  0.723
	  0.005	 -0.982	 -0.190

6 	  48.81	   7.96	 -16.24
	  0.675	 -0.103	 -0.730
	  0.127	  0.991	 -0.021
	  0.726	 -0.079	  0.683

7 	  37.18	  -6.98	  -4.01
	  0.632	 -0.388	 -0.671
	  0.361	  0.913	 -0.188
	  0.686	 -0.124	  0.717

8 	  44.81	 -10.93	  -6.49
	  0.765	 -0.010	 -0.644
	 -0.641	 -0.114	 -0.759
	 -0.065	  0.993	 -0.094

9 	  50.36	  -8.30	 -15.22
	  0.641	  0.133	 -0.756
	 -0.317	  0.943	 -0.102
	  0.699	  0.304	  0.647

2 	  32.71	  -6.82	  23.01
	  0.390	  0.919	 -0.048
	 -0.921	  0.390	 -0.014
	  0.005	  0.050	  0.999

3 	  43.28	  -0.97	   0.33
	 -0.577	  0.088	 -0.812
	 -0.105	 -0.994	 -0.033
	 -0.810	  0.066	  0.583

4 	  36.77	   3.92	  -4.71
	  0.672	  0.370	 -0.641
	 -0.295	  0.928	  0.226
	  0.679	  0.037	  0.733

5 	  44.67	   9.11	  -6.28
	  0.792	  0.134	 -0.596
	  0.610	 -0.166	  0.774
	  0.004	 -0.977	 -0.213

6 	  50.20	   8.09	 -14.85
	  0.748	 -0.092	 -0.657
	  0.127	  0.992	  0.006
	  0.651	 -0.088	  0.753

7 	  37.51	  -7.07	  -3.94
	  0.676	 -0.391	 -0.625
	  0.361	  0.915	 -0.182
	  0.642	 -0.103	  0.760

8 	  45.40	 -10.88	  -5.64
	  0.822	  0.003	 -0.569
	 -0.564	 -0.123	 -0.816
	 -0.072	  0.992	 -0.100

9 	  51.68	  -8.09	 -13.80
	  0.717	  0.143	 -0.682
	 -0.304	  0.945	 -0.121
	  0.628	  0.294	  0.721

2 	  32.70	  -6.82	  23.03
	  0.390	  0.919	 -0.049
	 -0.921	  0.390	 -0.015
	  0.006	  0.050	  0.999

3 	  43.42	  -0.97	   0.49
	 -0.571	  0.097	 -0.815
	 -0.112	 -0.993	 -0.040
	 -0.813	  0.069	  0.578

4 	  37.16	   4.06	  -4.68
	  0.708	  0.373	 -0.599
	 -0.298	  0.927	  0.225
	  0.640	  0.019	  0.768

5 	  45.26	   9.14	  -5.43
	  0.841	  0.135	 -0.524
	  0.541	 -0.201	  0.816
	  0.005	 -0.970	 -0.242

6 	  51.45	   8.26	 -13.57
