% Calibrated with leiden_pols
% Positions are in centimeters
Data =[
 2    97.016   -18.704    59.873
 2     0.394    -0.919     0.008
 2     0.917     0.394     0.052
 2    -0.051    -0.013     0.998
 3   123.712    -3.977     8.743
 3    -0.474    -0.094    -0.875
 3     0.097    -0.994     0.054
 3    -0.875    -0.060     0.481
 4   115.296    15.131    -5.490
 4     0.674    -0.731     0.105
 4     0.705     0.595    -0.385
 4     0.219     0.333     0.917
 5   113.890    25.479    18.696
 5     0.165    -0.683     0.711
 5     0.239    -0.672    -0.701
 5     0.957     0.286     0.052
 6   126.799    25.116    43.442
 6     0.230    -0.464    -0.855
 6    -0.096     0.864    -0.494
 6     0.968     0.196     0.154
 7   117.398   -24.057    -3.536
 7     0.597     0.802    -0.022
 7    -0.716     0.544     0.437
 7     0.362    -0.245     0.899
 8   117.832   -32.226    20.698
 8     0.238     0.892     0.383
 8    -0.063    -0.380     0.923
 8     0.969    -0.244    -0.035
 9   129.253   -29.670    44.436
 9     0.221     0.240    -0.945
 9     0.044     0.965     0.256
 9     0.974    -0.098     0.202
 2    96.991   -18.704    59.874
 2     0.394    -0.919     0.007
 2     0.917     0.394     0.052
 2    -0.051    -0.014     0.998
 3   123.711    -3.927     8.742
 3    -0.475    -0.094    -0.875
 3     0.097    -0.994     0.054
 3    -0.875    -0.059     0.481
 4   115.296    15.130    -5.490
 4     0.675    -0.731     0.104
 4     0.704     0.596    -0.385
 4     0.219     0.333     0.917
 5   113.890    25.429    18.696
 5     0.165    -0.683     0.711
 5     0.239    -0.672    -0.701
 5     0.957     0.286     0.052
 6   126.850    25.116    43.469
 6     0.230    -0.463    -0.856
 6    -0.096     0.864    -0.494
 6     0.968     0.195     0.154
 7   117.400   -24.005    -3.488
 7     0.597     0.802    -0.022
 7    -0.715     0.545     0.437
 7     0.363    -0.245     0.899
 8   117.832   -32.226    20.698
 8     0.239     0.892     0.384
 8    -0.063    -0.380     0.923
 8     0.969    -0.244    -0.035
 9   129.204   -29.670    44.488
 9     0.221     0.241    -0.945
 9     0.044     0.965     0.256
 9     0.974    -0.099     0.202
 2    97.016   -18.704    59.874
 2     0.394    -0.919     0.008
 2     0.917     0.394     0.052
 2    -0.051    -0.014     0.998
 3   123.711    -3.978     8.793
 3    -0.474    -0.094    -0.875
 3     0.097    -0.994     0.055
 3    -0.875    -0.059     0.480
 4   115.296    15.131    -5.490
 4     0.675    -0.731     0.104
 4     0.705     0.596    -0.385
 4     0.219     0.333     0.917
 5   113.890    25.479    18.696
 5     0.165    -0.683     0.711
 5     0.239    -0.672    -0.701
 5     0.957     0.286     0.052
 6   126.850    25.116    43.469
 6     0.230    -0.464    -0.855
 6    -0.096     0.864    -0.494
 6     0.968     0.196     0.155
 7   117.401   -24.005    -3.488
 7     0.597     0.801    -0.022
 7    -0.715     0.545     0.438
 7     0.363    -0.246     0.899
 8   117.831   -32.225    20.697
 8     0.239     0.892     0.383
 8    -0.062    -0.380     0.923
 8     0.969    -0.245    -0.035
 9   129.203   -29.670    44.487
 9     0.220     0.241    -0.945
 9     0.044     0.965     0.256
 9     0.974    -0.099     0.202
 2    96.991   -18.704    59.874
 2     0.394    -0.919     0.007
 2     0.917     0.394     0.052
 2    -0.051    -0.014     0.998
 3   123.686    -3.978     8.844
 3    -0.474    -0.095    -0.875
 3     0.097    -0.994     0.055
 3    -0.875    -0.059     0.480
 4   115.296    15.131    -5.490
 4     0.675    -0.731     0.104
 4     0.705     0.596    -0.385
 4     0.219     0.333     0.917
 5   113.890    25.479    18.696
 5     0.165    -0.683     0.711
 5     0.239    -0.672    -0.701
 5     0.957     0.286     0.052
 6   126.800    25.116    43.469
 6     0.230    -0.463    -0.856
 6    -0.096     0.864    -0.494
 6     0.968     0.195     0.154
 7   117.401   -24.005    -3.488
 7     0.597     0.802    -0.022
 7    -0.715     0.545     0.438
 7     0.363    -0.246     0.899
 8   117.782   -32.225    20.697
 8     0.239     0.892     0.383
 8    -0.062    -0.380     0.923
 8     0.969    -0.245    -0.036
 9   129.204   -29.670    44.488
 9     0.221     0.241    -0.945
 9     0.044     0.965     0.256
 9     0.974    -0.099     0.202
 2    96.991   -18.704    59.874
 2     0.394    -0.919     0.007
 2     0.917     0.394     0.052
 2    -0.051    -0.014     0.998
 3   123.711    -3.978     8.793
 3    -0.474    -0.095    -0.875
 3     0.097    -0.994     0.055
 3    -0.875    -0.059     0.480
 4   115.246    15.131    -5.490
 4     0.674    -0.731     0.104
 4     0.705     0.596    -0.385
 4     0.219     0.333     0.917
 5   113.890    25.479    18.646
 5     0.165    -0.684     0.711
 5     0.240    -0.672    -0.701
 5     0.957     0.286     0.053
 6   126.800    25.116    43.443
 6     0.230    -0.463    -0.856
 6    -0.096     0.865    -0.493
 6     0.968     0.195     0.154
 7   117.400   -24.005    -3.488
 7     0.597     0.801    -0.023
 7    -0.715     0.545     0.437
 7     0.363    -0.245     0.899
 8   117.833   -32.224    20.698
 8     0.239     0.892     0.383
 8    -0.062    -0.379     0.923
 8     0.969    -0.244    -0.036
 9   129.202   -29.618    44.487
 9     0.220     0.240    -0.946
 9     0.045     0.966     0.255
 9     0.974    -0.099     0.202
 2    97.016   -18.704    59.874
 2     0.394    -0.919     0.007
 2     0.917     0.394     0.052
 2    -0.051    -0.014     0.998
 3   123.712    -4.028     8.793
 3    -0.475    -0.096    -0.875
 3     0.098    -0.994     0.055
 3    -0.875    -0.059     0.481
 4   115.297    15.130    -5.489
 4     0.675    -0.730     0.104
 4     0.704     0.597    -0.384
 4     0.219     0.332     0.917
 5   113.965    25.479    18.596
 5     0.165    -0.686     0.709
 5     0.240    -0.669    -0.703
 5     0.957     0.286     0.053
 6   126.886    25.067    43.432
 6     0.229    -0.460    -0.858
 6    -0.096     0.866    -0.490
 6     0.969     0.194     0.154
 7   117.398   -24.057    -3.536
 7     0.597     0.801    -0.022
 7    -0.715     0.545     0.437
 7     0.362    -0.246     0.899
 8   117.832   -32.224    20.697
 8     0.238     0.892     0.382
 8    -0.061    -0.379     0.923
 8     0.969    -0.244    -0.036
 9   129.202   -29.566    44.487
 9     0.220     0.239    -0.946
 9     0.046     0.966     0.254
 9     0.974    -0.099     0.201
 2    97.016   -18.704    59.823
 2     0.394    -0.919     0.008
 2     0.917     0.394     0.052
 2    -0.051    -0.013     0.998
 3   123.691    -4.026     8.737
 3    -0.476    -0.096    -0.874
 3     0.098    -0.994     0.055
 3    -0.874    -0.060     0.483
 4   115.292    15.128    -5.585
 4     0.676    -0.729     0.104
 4     0.704     0.598    -0.383
 4     0.217     0.332     0.918
 5   113.965    25.533    18.406
 5     0.157    -0.690     0.707
 5     0.242    -0.667    -0.705
 5     0.957     0.282     0.062
 6   126.861    25.117    43.381
 6     0.228    -0.459    -0.859
 6    -0.096     0.867    -0.489
 6     0.969     0.193     0.153
 7   117.400   -24.056    -3.539
 7     0.597     0.801    -0.023
 7    -0.715     0.545     0.437
 7     0.363    -0.245     0.899
 8   117.881   -32.222    20.697
 8     0.238     0.893     0.382
 8    -0.060    -0.379     0.923
 8     0.969    -0.243    -0.036
 9   129.203   -29.616    44.437
 9     0.220     0.238    -0.946
 9     0.046     0.966     0.254
 9     0.974    -0.100     0.201
 2    97.017   -18.755    59.823
 2     0.395    -0.919     0.008
 2     0.917     0.394     0.052
 2    -0.051    -0.013     0.999
 3   123.696    -4.025     8.732
 3    -0.478    -0.097    -0.873
 3     0.099    -0.993     0.056
 3    -0.873    -0.060     0.484
 4   115.341    15.076    -5.606
 4     0.677    -0.728     0.102
 4     0.703     0.600    -0.381
 4     0.216     0.330     0.919
 5   114.274    25.717    17.856
 5     0.140    -0.721     0.679
 5     0.242    -0.640    -0.729
 5     0.960     0.266     0.085
 6   126.887    25.144    43.280
 6     0.226    -0.458    -0.860
 6    -0.094     0.868    -0.487
 6     0.969     0.191     0.153
 7   117.493   -24.108    -3.610
 7     0.598     0.801    -0.025
 7    -0.715     0.547     0.434
 7     0.361    -0.242     0.900
 8   118.014   -32.438    20.258
 8     0.218     0.902     0.371
 8    -0.083    -0.362     0.928
 8     0.972    -0.233    -0.005
 9   129.201   -29.616    44.436
 9     0.220     0.238    -0.946
 9     0.046     0.966     0.253
 9     0.974    -0.099     0.202
 2    97.017   -18.704    59.823
 2     0.394    -0.919     0.007
 2     0.917     0.394     0.052
 2    -0.051    -0.014     0.998
 3   123.771    -4.024     8.732
 3    -0.478    -0.097    -0.873
 3     0.099    -0.993     0.056
 3    -0.873    -0.060     0.484
 4   115.712    14.994    -5.745
 4     0.687    -0.720     0.099
 4     0.695     0.611    -0.379
 4     0.212     0.329     0.920
 5   114.557    26.251    17.221
 5     0.109    -0.763     0.637
 5     0.262    -0.596    -0.759
 5     0.958     0.250     0.135
 6   126.995    25.955    42.586
 6     0.201    -0.438    -0.876
 6    -0.062     0.887    -0.458
 6     0.977     0.146     0.151
 7   117.818   -24.114    -3.746
 7     0.602     0.797    -0.036
 7    -0.716     0.559     0.418
 7     0.354    -0.226     0.907
 8   118.063   -32.681    19.679
 8     0.185     0.918     0.350
 8    -0.113    -0.335     0.935
 8     0.976    -0.213     0.042
 9   128.764   -30.385    44.034
 9     0.208     0.257    -0.944
 9     0.031     0.962     0.269
 9     0.977    -0.086     0.192
 2    97.017   -18.704    59.823
 2     0.394    -0.919     0.007
 2     0.917     0.394     0.052
 2    -0.051    -0.014     0.998
 3   124.029    -4.030     8.795
 3    -0.472    -0.099    -0.876
 3     0.096    -0.993     0.061
 3    -0.876    -0.056     0.478
 4   116.329    14.887    -6.026
 4     0.691    -0.717     0.091
 4     0.692     0.622    -0.366
 4     0.206     0.316     0.926
 5   114.349    27.165    16.481
 5     0.094    -0.750     0.655
 5     0.324    -0.599    -0.732
 5     0.941     0.281     0.187
 6   126.704    28.264    41.689
 6     0.193    -0.456    -0.869
 6    -0.014     0.884    -0.467
 6     0.981     0.102     0.164
 7   118.156   -24.016    -3.866
 7     0.601     0.797    -0.042
 7    -0.718     0.563     0.410
 7     0.351    -0.216     0.911
 8   117.889   -33.426    19.121
 8     0.172     0.915     0.363
 8    -0.156    -0.339     0.927
 8     0.972    -0.216     0.084
 9   128.520   -31.838    43.568
 9     0.197     0.278    -0.940
 9     0.000     0.959     0.284
 9     0.980    -0.057     0.189
 2    97.017   -18.704    59.823
 2     0.394    -0.919     0.008
 2     0.917     0.394     0.052
 2    -0.051    -0.014     0.998
 3   124.344    -4.170     8.953
 3    -0.461    -0.104    -0.881
 3     0.092    -0.993     0.069
 3    -0.883    -0.049     0.467
 4   116.762    14.794    -6.394
 4     0.695    -0.713     0.094
 4     0.694     0.631    -0.345
 4     0.186     0.305     0.934
 5   115.062    28.130    15.598
 5     0.110    -0.742     0.661
 5     0.388    -0.580    -0.716
 5     0.915     0.335     0.224
 6   128.054    31.680    39.921
 6     0.222    -0.483    -0.847
 6     0.068     0.874    -0.481
 6     0.972     0.049     0.227
 7   118.304   -24.128    -3.910
 7     0.599     0.799    -0.042
 7    -0.724     0.563     0.398
 7     0.341    -0.209     0.916
 8   118.151   -34.622    18.449
 8     0.208     0.887     0.411
 8    -0.228    -0.365     0.903
 8     0.951    -0.282     0.126
 9   129.874   -35.781    42.126
 9     0.234     0.359    -0.903
 9    -0.085     0.933     0.349
 9     0.968    -0.005     0.248
 2    97.017   -18.704    59.823
 2     0.394    -0.919     0.008
 2     0.917     0.394     0.052
 2    -0.051    -0.014     0.998
 3   124.585    -4.404     8.969
 3    -0.453    -0.108    -0.885
 3     0.093    -0.993     0.073
 3    -0.886    -0.049     0.460
 4   117.343    14.508    -6.540
 4     0.712    -0.697     0.086
 4     0.677     0.649    -0.347
 4     0.185     0.305     0.934
 5   116.294    29.013    14.492
 5     0.132    -0.790     0.599
 5     0.433    -0.498    -0.752
 5     0.892     0.358     0.276
 6   129.363    33.277    38.752
 6     0.204    -0.399    -0.894
 6     0.118     0.916    -0.382
 6     0.972    -0.027     0.234
 7   118.682   -24.187    -4.225
 7     0.614     0.788    -0.047
 7    -0.719     0.583     0.378
 7     0.325    -0.198     0.925
 8   118.658   -35.799    17.306
 8     0.205     0.907     0.366
 8    -0.269    -0.308     0.912
 8     0.941    -0.286     0.181
 9   129.795   -37.364    41.086
 9     0.225     0.321    -0.920
 9    -0.112     0.946     0.303
 9     0.968     0.035     0.249
 2    97.017   -18.704    59.823
 2     0.394    -0.919     0.007
 2     0.917     0.394     0.052
 2    -0.051    -0.014     0.998
 3   125.055    -4.551     9.197
 3    -0.436    -0.112    -0.893
 3     0.094    -0.992     0.078
 3    -0.895    -0.050     0.443
 4   118.212    14.280    -6.793
 4     0.722    -0.689     0.066
 4     0.666     0.666    -0.337
 4     0.188     0.287     0.939
 5   116.095    30.087    13.421
 5     0.077    -0.842     0.534
 5     0.472    -0.441    -0.763
 5     0.878     0.311     0.363
 6   127.663    34.504    38.495
 6     0.108    -0.312    -0.944
 6     0.138     0.945    -0.297
 6     0.984    -0.099     0.145
 7   119.322   -24.029    -4.444
 7     0.606     0.791    -0.075
 7    -0.720     0.587     0.369
 7     0.336    -0.170     0.926
 8   117.453   -36.326    16.363
 8     0.102     0.941     0.323
 8    -0.288    -0.283     0.915
 8     0.952    -0.186     0.242
 9   125.690   -38.304    41.335
 9     0.109     0.297    -0.949
 9    -0.124     0.951     0.283
 9     0.986     0.087     0.141
 2    97.016   -18.704    59.823
 2     0.394    -0.919     0.008
 2     0.917     0.394     0.052
 2    -0.051    -0.013     0.999
 3   125.334    -4.618     9.571
 3    -0.421    -0.113    -0.900
 3     0.096    -0.992     0.080
 3    -0.902    -0.053     0.428
 4   118.976    14.280    -6.856
 4     0.710    -0.703     0.033
 4     0.671     0.662    -0.334
 4     0.213     0.259     0.942
 5   114.307    30.301    12.629
 5    -0.035    -0.863     0.504
 5     0.491    -0.454    -0.743
 5     0.870     0.222     0.440
 6   122.889    35.927    38.862
 6    -0.032    -0.278    -0.960
 6     0.182     0.942    -0.279
 6     0.982    -0.184     0.021
 7   120.021   -24.025    -4.675
 7     0.573     0.812    -0.111
 7    -0.736     0.569     0.367
 7     0.361    -0.129     0.923
 8   114.986   -36.413    15.835
 8    -0.051     0.949     0.312
 8    -0.284    -0.313     0.906
 8     0.957    -0.043     0.285
 9   119.660   -38.762    41.609
 9    -0.037     0.308    -0.950
 9    -0.127     0.942     0.311
 9     0.991     0.132     0.004
 2    97.017   -18.704    59.823
 2     0.394    -0.919     0.007
 2     0.917     0.394     0.052
 2    -0.051    -0.014     0.998
 3   125.497    -4.481     9.918
 3    -0.407    -0.109    -0.907
 3     0.099    -0.992     0.075
 3    -0.908    -0.059     0.415
 4   119.273    14.382    -6.913
 4     0.688    -0.725     0.012
 4     0.687     0.646    -0.334
 4     0.234     0.238     0.942
 5   112.182    30.277    11.656
 5    -0.151    -0.861     0.486
 5     0.495    -0.491    -0.717
 5     0.856     0.132     0.500
 6   117.422    36.975    38.877
 6    -0.154    -0.241    -0.958
 6     0.214     0.938    -0.271
 6     0.964    -0.247    -0.093
 7   120.322   -24.037    -5.018
 7     0.528     0.839    -0.131
 7    -0.762     0.536     0.363
 7     0.375    -0.092     0.922
 8   112.377   -36.113    14.800
 8    -0.178     0.923     0.342
 8    -0.280    -0.380     0.881
 8     0.943     0.061     0.325
 9   114.101   -39.385    40.964
 9    -0.153     0.349    -0.924
 9    -0.144     0.917     0.370
 9     0.978     0.190    -0.090
 2    96.991   -18.704    59.874
 2     0.394    -0.919     0.007
 2     0.917     0.394     0.052
 2    -0.051    -0.014     0.998
 3   125.548    -4.489     9.994
 3    -0.399    -0.107    -0.911
 3     0.103    -0.992     0.072
 3    -0.911    -0.065     0.407
 4   119.346    14.504    -7.099
 4     0.662    -0.749     0.003
 4     0.707     0.624    -0.331
 4     0.246     0.222     0.943
 5   110.183    30.081    10.470
 5    -0.255    -0.846     0.467
 5     0.496    -0.530    -0.688
 5     0.830     0.056     0.555
 6   112.636    37.607    37.999
 6    -0.273    -0.198    -0.941
 6     0.229     0.937    -0.264
 6     0.934    -0.287    -0.210
 7   120.547   -24.031    -5.422
 7     0.490     0.860    -0.141
 7    -0.786     0.506     0.356
 7     0.377    -0.064     0.924
 8   110.540   -36.137    13.526
 8    -0.270     0.894     0.357
 8    -0.290    -0.430     0.855
 8     0.918     0.127     0.375
 9   109.933   -40.458    39.783
 9    -0.248     0.365    -0.897
 9    -0.178     0.893     0.412
 9     0.952     0.262    -0.157
 2    97.016   -18.704    59.873
 2     0.394    -0.919     0.008
 2     0.917     0.394     0.052
 2    -0.051    -0.013     0.998
 3   125.660    -4.324    10.106
 3    -0.387    -0.103    -0.916
 3     0.104    -0.992     0.068
 3    -0.916    -0.069     0.395
 4   119.874    14.515    -7.404
 4     0.641    -0.768    -0.007
 4     0.727     0.609    -0.317
 4     0.248     0.198     0.948
 5   109.113    30.048     9.094
 5    -0.340    -0.831     0.440
 5     0.503    -0.556    -0.662
 5     0.795    -0.004     0.607
 6   109.262    38.032    36.529
 6    -0.362    -0.152    -0.920
 6     0.234     0.940    -0.247
 6     0.902    -0.305    -0.305
 7   121.136   -23.946    -5.643
 7     0.463     0.872    -0.156
 7    -0.803     0.487     0.344
 7     0.376    -0.034     0.926
 8   109.519   -36.385    12.322
 8    -0.352     0.874     0.335
 8    -0.300    -0.445     0.844
 8     0.886     0.197     0.418
 9   106.859   -41.141    38.368
 9    -0.326     0.343    -0.881
 9    -0.183     0.891     0.415
 9     0.927     0.296    -0.228
 2    96.991   -18.704    59.874
 2     0.394    -0.919     0.007
 2     0.917     0.394     0.052
 2    -0.051    -0.014     0.998
 3   125.941    -4.336    10.292
 3    -0.375    -0.104    -0.921
 3     0.103    -0.992     0.069
 3    -0.921    -0.069     0.382
 4   120.633    14.294    -7.579
 4     0.629    -0.777    -0.025
 4     0.736     0.606    -0.302
 4     0.250     0.172     0.953
 5   108.910    30.011     7.767
 5    -0.397    -0.823     0.407
 5     0.517    -0.567    -0.642
 5     0.758    -0.045     0.650
 6   107.270    38.952    34.704
 6    -0.429    -0.104    -0.897
 6     0.269     0.933    -0.237
 6     0.862    -0.344    -0.372
 7   121.487   -24.188    -5.648
 7     0.432     0.885    -0.172
 7    -0.818     0.464     0.338
 7     0.379    -0.006     0.925
 8   108.441   -36.292    11.593
 8    -0.413     0.847     0.335
 8    -0.305    -0.475     0.825
 8     0.858     0.238     0.454
 9   104.338   -41.575    37.259
 9    -0.380     0.350    -0.856
 9    -0.191     0.876     0.443
 9     0.905     0.331    -0.266
 2    96.991   -18.704    59.874
 2     0.394    -0.919     0.007
 2     0.917     0.394     0.052
 2    -0.051    -0.014     0.998
 3   126.213    -4.581    10.531
 3    -0.361    -0.115    -0.925
 3     0.102    -0.991     0.083
 3    -0.927    -0.065     0.369
 4   121.395    14.070    -7.747
 4     0.621    -0.782    -0.050
 4     0.742     0.608    -0.282
 4     0.251     0.138     0.958
 5   108.833    30.156     6.311
 5    -0.444    -0.820     0.361
 5     0.557    -0.568    -0.606
 5     0.702    -0.068     0.709
 6   105.624    41.270    31.963
 6    -0.487    -0.047    -0.872
 6     0.348     0.906    -0.243
 6     0.801    -0.422    -0.425
 7   121.631   -24.280    -5.591
 7     0.403     0.897    -0.183
 7    -0.833     0.442     0.332
 7     0.379     0.019     0.925
 8   107.498   -36.584    10.683
 8    -0.463     0.821     0.335
 8    -0.321    -0.508     0.799
 8     0.826     0.262     0.498
 9   102.024   -42.852    35.874
 9    -0.432     0.341    -0.835
 9    -0.222     0.857     0.465
 9     0.874     0.386    -0.295
 2    97.017   -18.704    59.823
 2     0.394    -0.919     0.007
 2     0.917     0.394     0.052
 2    -0.051    -0.014     0.998
 3   126.400    -4.821    10.556
 3    -0.349    -0.122    -0.929
 3     0.096    -0.991     0.094
 3    -0.932    -0.056     0.358
 4   121.902    13.531    -7.999
 4     0.614    -0.786    -0.074
 4     0.752     0.611    -0.246
 4     0.238     0.096     0.966
 5   108.697    30.330     4.617
 5    -0.473    -0.817     0.329
 5     0.599    -0.572    -0.560
 5     0.646    -0.067     0.760
 6   104.402    43.220    29.128
 6    -0.525    -0.011    -0.851
 6     0.406     0.875    -0.262
 6     0.747    -0.484    -0.455
 7   121.598   -24.459    -5.625
 7     0.374     0.907    -0.191
 7    -0.852     0.417     0.317
 7     0.368     0.044     0.929
 8   106.709   -36.811     9.522
 8    -0.506     0.795     0.334
 8    -0.349    -0.543     0.764
 8     0.789     0.270     0.552
 9    99.879   -44.378    34.071
 9    -0.480     0.326    -0.815
 9    -0.264     0.831     0.488
 9     0.836     0.449    -0.313
 2    97.017   -18.704    59.823
 2     0.394    -0.919     0.007
 2     0.917     0.394     0.052
 2    -0.051    -0.014     0.998
 3   126.575    -5.014    10.689
 3    -0.336    -0.128    -0.933
 3     0.087    -0.991     0.105
 3    -0.938    -0.046     0.344
 4   122.365    13.045    -8.184
 4     0.606    -0.789    -0.096
 4     0.761     0.611    -0.215
 4     0.228     0.057     0.972
 5   108.540    30.046     3.483
 5    -0.505    -0.809     0.299
 5     0.608    -0.580    -0.542
 5     0.612    -0.092     0.785
 6   103.010    43.269    27.603
 6    -0.569     0.039    -0.821
 6     0.417     0.874    -0.248
 6     0.708    -0.484    -0.514
 7   121.743   -24.712    -5.591
 7     0.344     0.916    -0.207
 7    -0.867     0.395     0.303
 7     0.359     0.075     0.930
 8   105.916   -37.156     8.384
 8    -0.555     0.765     0.326
 8    -0.357    -0.574     0.737
 8     0.751     0.292     0.592
 9    97.556   -45.210    32.441
 9    -0.533     0.290    -0.795
 9    -0.282     0.825     0.490
 9     0.798     0.485    -0.358
 2    97.017   -18.704    59.823
 2     0.394    -0.919     0.007
 2     0.917     0.394     0.052
 2    -0.051    -0.014     0.998
 3   126.666    -5.380    10.889
 3    -0.324    -0.135    -0.936
 3     0.081    -0.990     0.114
 3    -0.942    -0.039     0.332
 4   122.704    12.587    -8.258
 4     0.597    -0.795    -0.109
 4     0.771     0.605    -0.196
 4     0.221     0.033     0.974
 5   108.285    29.522     2.786
 5    -0.535    -0.792     0.293
 5     0.607    -0.602    -0.520
 5     0.588    -0.101     0.803
 6   101.703    43.540    25.934
 6    -0.602     0.047    -0.797
 6     0.437     0.855    -0.279
 6     0.668    -0.516    -0.535
 7   121.708   -24.917    -5.520
 7     0.314     0.924    -0.218
 7    -0.883     0.369     0.289
 7     0.347     0.101     0.932
 8   105.187   -37.199     7.485
 8    -0.588     0.739     0.328
 8    -0.371    -0.607     0.703
 8     0.718     0.291     0.631
 9    95.781   -46.452    30.634
 9    -0.570     0.268    -0.777
 9    -0.320     0.798     0.510
 9     0.757     0.539    -0.370
 2    96.991   -18.704    59.874
 2     0.394    -0.919     0.007
 2     0.917     0.394     0.052
 2    -0.051    -0.014     0.998
 3   126.741    -5.515    10.907
 3    -0.317    -0.139    -0.938
 3     0.077    -0.990     0.120
 3    -0.945    -0.035     0.324
 4   122.837    12.276    -8.293
 4     0.593    -0.796    -0.122
 4     0.777     0.605    -0.172
 4     0.210     0.007     0.977
 5   108.461    29.758     1.498
 5    -0.533    -0.801     0.271
 5     0.647    -0.593    -0.479
 5     0.544    -0.080     0.835
 6   102.019    45.305    23.645
 6    -0.602     0.076    -0.795
 6     0.490     0.822    -0.292
 6     0.631    -0.565    -0.532
 7   121.493   -24.939    -5.647
 7     0.300     0.928    -0.221
 7    -0.894     0.354     0.274
 7     0.332     0.115     0.936
 8   104.822   -37.466     6.677
 8    -0.600     0.732     0.323
 8    -0.397    -0.623     0.674
 8     0.694     0.276     0.665
 9    95.048   -47.770    29.351
 9    -0.588     0.242    -0.771
 9    -0.358     0.777     0.517
 9     0.725     0.580    -0.371
 2    97.017   -18.704    59.823
 2     0.394    -0.919     0.007
 2     0.917     0.394     0.052
 2    -0.051    -0.014     0.998
 3   126.764    -5.803    10.820
 3    -0.308    -0.146    -0.940
 3     0.073    -0.989     0.129
 3    -0.948    -0.029     0.316
 4   122.826    11.904    -8.511
 4     0.599    -0.791    -0.125
 4     0.778     0.611    -0.144
 4     0.191    -0.011     0.981
 5   108.700    29.871     0.977
 5    -0.525    -0.809     0.265
 5     0.666    -0.584    -0.464
 5     0.530    -0.067     0.845
 6   102.435    45.902    22.870
 6    -0.597     0.084    -0.798
 6     0.510     0.807    -0.297
 6     0.619    -0.585    -0.525
 7   121.319   -24.979    -5.688
 7     0.291     0.931    -0.219
 7    -0.901     0.344     0.265
 7     0.322     0.120     0.939
 8   104.456   -37.302     6.535
 8    -0.610     0.719     0.331
 8    -0.393    -0.638     0.662
 8     0.688     0.274     0.672
 9    94.326   -47.536    29.159
 9    -0.600     0.249    -0.760
 9    -0.351     0.772     0.530
 9     0.719     0.585    -0.376
 2    96.991   -18.704    59.874
 2     0.394    -0.919     0.007
 2     0.917     0.394     0.052
 2    -0.051    -0.014     0.998
 3   126.757    -5.883    10.825
 3    -0.305    -0.150    -0.940
 3     0.073    -0.988     0.134
 3    -0.949    -0.027     0.312
 4   122.869    11.850    -8.523
 4     0.600    -0.790    -0.127
 4     0.778     0.613    -0.139
 4     0.187    -0.015     0.982
 5   108.692    29.792     0.909
 5    -0.525    -0.808     0.266
 5     0.668    -0.585    -0.459
 5     0.527    -0.064     0.847
 6   102.379    45.900    22.698
 6    -0.598     0.083    -0.797
 6     0.512     0.805    -0.300
 6     0.617    -0.588    -0.524
 7   121.183   -25.041    -5.768
 7     0.277     0.936    -0.216
 7    -0.907     0.329     0.262
 7     0.317     0.123     0.940
 8   104.124   -37.133     6.428
 8    -0.616     0.711     0.339
 8    -0.388    -0.649     0.655
 8     0.685     0.272     0.675
 9    94.018   -47.393    29.001
 9    -0.604     0.257    -0.755
 9    -0.349     0.766     0.540
 9     0.716     0.589    -0.373
 2    97.017   -18.704    59.823
 2     0.394    -0.919     0.008
 2     0.918     0.394     0.052
 2    -0.051    -0.014     0.998
 3   126.749    -6.038    10.807
 3    -0.303    -0.154    -0.940
 3     0.072    -0.988     0.138
 3    -0.950    -0.026     0.310
 4   122.806    11.666    -8.500
 4     0.601    -0.789    -0.128
 4     0.778     0.614    -0.129
 4     0.180    -0.022     0.983
 5   108.570    29.736     0.698
 5    -0.525    -0.807     0.271
 5     0.674    -0.588    -0.448
 5     0.520    -0.052     0.852
 6   102.368    46.049    22.398
 6    -0.596     0.075    -0.800
 6     0.516     0.798    -0.310
 6     0.615    -0.598    -0.514
 7   120.999   -25.047    -5.753
 7     0.274     0.937    -0.214
 7    -0.909     0.325     0.260
 7     0.313     0.123     0.941
 8   104.058   -37.178     6.373
 8    -0.613     0.711     0.344
 8    -0.392    -0.652     0.649
 8     0.686     0.262     0.679
 9    94.050   -47.615    28.877
 9    -0.600     0.263    -0.755
 9    -0.356     0.758     0.547
 9     0.716     0.597    -0.361
 2    97.017   -18.704    59.823
 2     0.394    -0.919     0.008
 2     0.917     0.394     0.052
 2    -0.051    -0.014     0.998
 3   126.746    -6.038    10.703
 3    -0.302    -0.155    -0.940
 3     0.071    -0.988     0.140
 3    -0.950    -0.025     0.310
 4   122.766    11.559    -8.530
 4     0.602    -0.788    -0.125
 4     0.779     0.614    -0.123
 4     0.173    -0.024     0.984
 5   108.446    29.635     0.639
 5    -0.523    -0.805     0.279
 5     0.674    -0.591    -0.443
 5     0.521    -0.043     0.852
 6   102.329    46.002    22.425
 6    -0.594     0.060    -0.803
 6     0.511     0.798    -0.319
 6     0.621    -0.600    -0.504
 7   120.896   -25.099    -5.822
 7     0.274     0.939    -0.209
 7    -0.910     0.323     0.259
 7     0.311     0.119     0.943
 8   104.096   -37.163     6.647
 8    -0.602     0.717     0.350
 8    -0.388    -0.647     0.656
 8     0.698     0.259     0.668
 9    94.415   -47.370    29.483
 9    -0.589     0.270    -0.761
 9    -0.349     0.765     0.541
 9     0.728     0.585    -0.357
 2    97.016   -18.704    59.874
 2     0.394    -0.919     0.007
 2     0.918     0.394     0.052
 2    -0.051    -0.014     0.998
 3   126.588    -6.067    10.812
 3    -0.302    -0.157    -0.940
 3     0.071    -0.987     0.142
 3    -0.951    -0.024     0.309
 4   122.661    11.557    -8.526
 4     0.603    -0.788    -0.120
 4     0.779     0.614    -0.123
 4     0.171    -0.020     0.985
 5   108.382    29.630     1.381
 5    -0.518    -0.803     0.293
 5     0.660    -0.594    -0.460
 5     0.543    -0.045     0.838
 6   102.767    45.265    23.993
 6    -0.581     0.037    -0.813
 6     0.488     0.815    -0.311
 6     0.651    -0.578    -0.492
 7   120.727   -25.157    -5.677
 7     0.290     0.937    -0.196
 7    -0.901     0.336     0.273
 7     0.321     0.097     0.942
 8   104.484   -37.120     8.327
 8    -0.566     0.743     0.357
 8    -0.354    -0.609     0.709
 8     0.745     0.275     0.608
 9    96.562   -45.755    32.344
 9    -0.544     0.269    -0.795
 9    -0.308     0.817     0.487
 9     0.780     0.510    -0.362
 2    96.991   -18.704    59.874
 2     0.394    -0.919     0.007
 2     0.917     0.394     0.052
 2    -0.051    -0.014     0.998
 3   126.431    -6.156    10.904
 3    -0.314    -0.160    -0.936
 3     0.072    -0.987     0.144
 3    -0.947    -0.022     0.321
 4   122.275    12.022    -8.251
 4     0.625    -0.775    -0.093
 4     0.756     0.630    -0.173
 4     0.193     0.037     0.980
 5   109.279    29.739     4.567
 5    -0.452    -0.820     0.351
 5     0.622    -0.572    -0.535
 5     0.639    -0.023     0.769
 6   106.626    43.233    28.837
 6    -0.471    -0.031    -0.881
 6     0.426     0.867    -0.259
 6     0.772    -0.498    -0.395
 7   120.536   -25.402    -5.064
 7     0.344     0.922    -0.177
 7    -0.859     0.386     0.338
 7     0.380     0.036     0.924
 8   106.836   -36.423    12.751
 8    -0.434     0.813     0.387
 8    -0.303    -0.537     0.787
 8     0.848     0.224     0.479
 9   103.553   -42.957    37.670
 9    -0.392     0.318    -0.863
 9    -0.243     0.869     0.431
 9     0.887     0.378    -0.263
 2    97.017   -18.704    59.823
 2     0.394    -0.919     0.008
 2     0.917     0.394     0.052
 2    -0.051    -0.014     0.998
 3   126.231    -6.205    10.915
 3    -0.338    -0.161    -0.927
 3     0.076    -0.987     0.144
 3    -0.938    -0.023     0.345
 4   121.591    12.669    -7.668
 4     0.658    -0.751    -0.059
 4     0.718     0.648    -0.253
 4     0.228     0.124     0.965
 5   111.176    29.385     9.363
 5    -0.290    -0.822     0.490
 5     0.567    -0.560    -0.604
 5     0.771     0.103     0.628
 6   114.456    40.392    34.765
 6    -0.239    -0.202    -0.950
 6     0.366     0.887    -0.281
 6     0.899    -0.415    -0.138
 7   119.988   -25.447    -4.259
 7     0.413     0.896    -0.161
 7    -0.806     0.443     0.394
 7     0.424    -0.033     0.905
 8   110.808   -35.209    16.610
 8    -0.169     0.857     0.486
 8    -0.266    -0.515     0.815
 8     0.949     0.008     0.315
 9   115.548   -40.349    41.929
 9    -0.111     0.406    -0.907
 9    -0.202     0.884     0.421
 9     0.973     0.230    -0.016
 2    97.017   -18.704    59.823
 2     0.394    -0.919     0.008
 2     0.917     0.394     0.052
 2    -0.051    -0.014     0.998
 3   125.796    -6.036    10.558
 3    -0.377    -0.155    -0.913
 3     0.086    -0.987     0.132
 3    -0.922    -0.029     0.386
 4   120.158    13.255    -6.906
 4     0.676    -0.737    -0.014
 4     0.695     0.644    -0.319
 4     0.244     0.206     0.947
 5   113.942    27.715    14.468
 5    -0.013    -0.658     0.753
 5     0.510    -0.652    -0.561
 5     0.860     0.377     0.344
 6   124.934    37.652    37.653
 6     0.187    -0.666    -0.722
 6     0.268     0.741    -0.615
 6     0.945    -0.079     0.317
 7   119.115   -25.185    -4.054
 7     0.489     0.866    -0.107
 7    -0.768     0.485     0.419
 7     0.414    -0.123     0.902
 8   116.200   -34.128    19.157
 8     0.168     0.811     0.559
 8    -0.243    -0.516     0.822
 8     0.955    -0.274     0.110
 9   129.013   -37.518    42.067
 9     0.240     0.483    -0.842
 9    -0.145     0.875     0.461
 9     0.960     0.012     0.280
 2    96.991   -18.704    59.874
 2     0.394    -0.919     0.008
 2     0.917     0.394     0.052
 2    -0.051    -0.014     0.998
 3   125.222    -5.701     9.958
 3    -0.406    -0.141    -0.903
 3     0.104    -0.989     0.107
 3    -0.908    -0.050     0.415
 4   118.696    13.900    -6.026
 4     0.711    -0.703     0.034
 4     0.659     0.648    -0.382
 4     0.246     0.294     0.923
 5   118.671    26.767    17.457
 5     0.276    -0.622     0.733
 5     0.401    -0.618    -0.676
 5     0.873     0.481     0.079
 6   135.221    31.956    38.697
 6     0.447    -0.582    -0.680
 6     0.121     0.792    -0.599
 6     0.886     0.185     0.424
 7   118.454   -24.598    -4.297
 7     0.563     0.823    -0.072
 7    -0.736     0.539     0.408
 7     0.375    -0.177     0.910
 8   120.750   -33.790    19.816
 8     0.425     0.759     0.492
 8    -0.205    -0.449     0.869
 8     0.881    -0.471    -0.036
 9   138.133   -34.294    39.592
 9     0.486     0.428    -0.762
 9    -0.055     0.885     0.462
 9     0.872    -0.183     0.454
 2    97.017   -18.704    59.823
 2     0.394    -0.919     0.008
 2     0.917     0.394     0.052
 2    -0.051    -0.014     0.998
 3   124.943    -5.384     9.580
 3    -0.416    -0.136    -0.899
 3     0.123    -0.988     0.093
 3    -0.901    -0.072     0.428
 4   118.421    14.468    -5.679
 4     0.743    -0.667     0.042
 4     0.622     0.666    -0.411
 4     0.246     0.332     0.910
 5   122.016    25.321    18.597
 5     0.435    -0.615     0.658
 5     0.295    -0.593    -0.749
 5     0.851     0.520    -0.076
 6   140.023    27.592    38.273
 6     0.549    -0.494    -0.674
 6     0.018     0.814    -0.581
 6     0.835     0.307     0.455
 7   118.037   -23.948    -4.464
 7     0.598     0.800    -0.052
 7    -0.722     0.566     0.397
 7     0.346    -0.200     0.916
 8   122.648   -33.159    19.414
 8     0.509     0.738     0.442
 8    -0.179    -0.411     0.894
 8     0.842    -0.534    -0.077
 9   140.429   -32.973    38.091
 9     0.550     0.401    -0.733
 9    -0.025     0.885     0.465
 9     0.835    -0.238     0.496
 2    97.017   -18.704    59.823
 2     0.394    -0.919     0.007
 2     0.917     0.394     0.052
 2    -0.051    -0.014     0.998
 3   125.036    -5.101     9.396
 3    -0.417    -0.141    -0.898
 3     0.137    -0.986     0.090
 3    -0.898    -0.086     0.431
 4   118.545    14.892    -5.473
 4     0.755    -0.655     0.042
 4     0.608     0.674    -0.419
 4     0.245     0.341     0.907
 5   122.505    24.810    19.118
 5     0.446    -0.623     0.642
 5     0.254    -0.600    -0.759
 5     0.858     0.502    -0.110
 6   140.434    26.159    39.110
 6     0.545    -0.490    -0.680
 6    -0.016     0.805    -0.593
 6     0.838     0.333     0.431
 7   118.218   -23.665    -4.526
 7     0.600     0.797    -0.057
 7    -0.719     0.570     0.397
 7     0.349    -0.198     0.916
 8   121.708   -32.750    19.041
 8     0.417     0.804     0.423
 8    -0.175    -0.386     0.906
 8     0.892    -0.452    -0.021
 9   136.807   -32.652    40.201
 9     0.433     0.380    -0.817
 9    -0.038     0.913     0.405
 9     0.900    -0.144     0.410
 2    97.017   -18.704    59.823
 2     0.394    -0.919     0.007
 2     0.917     0.394     0.052
 2    -0.051    -0.014     0.998
 3   125.148    -4.874     9.529
 3    -0.416    -0.139    -0.899
 3     0.142    -0.986     0.087
 3    -0.898    -0.092     0.430
 4   118.738    15.236    -5.097
 4     0.743    -0.668     0.041
 4     0.619     0.662    -0.423
 4     0.255     0.339     0.905
 5   120.001    25.328    19.484
 5     0.333    -0.629     0.702
 5     0.274    -0.648    -0.711
 5     0.902     0.429    -0.044
 6   135.578    27.655    41.670
 6     0.431    -0.564    -0.705
 6     0.003     0.782    -0.624
 6     0.902     0.266     0.339
 7   118.843   -23.404    -4.343
 7     0.574     0.814    -0.080
 7    -0.729     0.554     0.403
 7     0.372    -0.173     0.911
 8   118.698   -32.983    18.675
 8     0.228     0.874     0.428
 8    -0.190    -0.391     0.900
 8     0.955    -0.286     0.076
 9   129.636   -33.760    42.748
 9     0.232     0.381    -0.895
 9    -0.072     0.924     0.375
 9     0.970    -0.023     0.241
 2    97.017   -18.704    59.823
 2     0.394    -0.919     0.007
 2     0.917     0.394     0.052
 2    -0.051    -0.014     0.998
 3   125.228    -4.615     9.748
 3    -0.421    -0.133    -0.897
 3     0.141    -0.987     0.080
 3    -0.896    -0.093     0.434
 4   118.621    15.557    -4.889
 4     0.716    -0.697     0.043
 4     0.646     0.639    -0.417
 4     0.262     0.326     0.908
 5   116.218    25.862    19.145
 5     0.191    -0.611     0.768
 5     0.286    -0.713    -0.639
 5     0.939     0.342     0.039
 6   128.700    28.960    43.547
 6     0.282    -0.630    -0.723
 6     0.010     0.755    -0.655
 6     0.959     0.177     0.219
 7   118.734   -23.493    -4.199
 7     0.540     0.837    -0.080
 7    -0.751     0.523     0.402
 7     0.378    -0.157     0.912
 8   115.545   -33.337    18.148
 8     0.069     0.897     0.435
 8    -0.191    -0.416     0.889
 8     0.979    -0.145     0.143
 9   123.529   -34.682    43.447
 9     0.083     0.380    -0.921
 9    -0.083     0.924     0.373
 9     0.993     0.045     0.109
 2    97.017   -18.704    59.823
 2     0.394    -0.919     0.008
 2     0.917     0.394     0.052
 2    -0.051    -0.014     0.998
 3   124.897    -4.422     9.833
 3    -0.436    -0.131    -0.890
 3     0.140    -0.987     0.077
 3    -0.889    -0.091     0.449
 4   117.938    15.607    -4.857
 4     0.696    -0.716     0.056
 4     0.672     0.623    -0.400
 4     0.251     0.316     0.915
 5   113.449    25.589    18.706
 5     0.096    -0.628     0.772
 5     0.253    -0.734    -0.629
 5     0.962     0.256     0.089
 6   123.950    28.022    44.099
 6     0.175    -0.615    -0.769
 6    -0.021     0.778    -0.627
 6     0.984     0.126     0.123
 7   118.322   -23.657    -4.098
 7     0.531     0.844    -0.071
 7    -0.761     0.512     0.398
 7     0.372    -0.157     0.914
 8   114.537   -33.402    18.213
 8     0.031     0.905     0.424
 8    -0.176    -0.413     0.894
 8     0.984    -0.102     0.146
 9   122.315   -34.044    43.624
 9     0.059     0.360    -0.931
 9    -0.064     0.932     0.356
 9     0.996     0.038     0.078
 2    97.016   -18.704    59.823
 2     0.394    -0.919     0.008
 2     0.917     0.394     0.052
 2    -0.051    -0.013     0.998
 3   124.391    -4.354     9.482
 3    -0.453    -0.128    -0.882
 3     0.137    -0.988     0.073
 3    -0.881    -0.089     0.465
 4   116.743    15.624    -5.049
 4     0.685    -0.724     0.081
 4     0.689     0.609    -0.394
 4     0.236     0.325     0.915
 5   112.797    25.306    18.717
 5     0.090    -0.640     0.763
 5     0.219    -0.735    -0.642
 5     0.971     0.225     0.073
 6   123.787    25.805    44.411
 6     0.173    -0.540    -0.824
 6    -0.083     0.825    -0.558
 6     0.981     0.165     0.098
 7   117.558   -23.729    -4.066
 7     0.554     0.831    -0.045
 7    -0.749     0.522     0.407
 7     0.362    -0.192     0.912
 8   116.023   -32.517    19.112
 8     0.121     0.907     0.402
