% Calibrated with leiden_pols
% Positions are in centimeters
Data =[
 2    97.016   -18.704    59.873
 2     0.394    -0.919     0.008
 2     0.917     0.394     0.052
 2    -0.051    -0.013     0.998
 3   123.712    -3.977     8.743
 3    -0.474    -0.094    -0.875
 3     0.097    -0.994     0.054
 3    -0.875    -0.060     0.481
 4   115.296    15.131    -5.490
 4     0.674    -0.731     0.105
 4     0.705     0.595    -0.385
 4     0.219     0.333     0.917
 5   113.890    25.479    18.696
 5     0.165    -0.683     0.711
 5     0.239    -0.672    -0.701
 5     0.957     0.286     0.052
 6   126.799    25.116    43.442
 6     0.230    -0.464    -0.855
 6    -0.096     0.864    -0.494
 6     0.968     0.196     0.154
 7   117.398   -24.057    -3.536
 7     0.597     0.802    -0.022
 7    -0.716     0.544     0.437
 7     0.362    -0.245     0.899
 8   117.832   -32.226    20.698
 8     0.238     0.892     0.383
 8    -0.063    -0.380     0.923
 8     0.969    -0.244    -0.035
 9   129.253   -29.670    44.436
 9     0.221     0.240    -0.945
 9     0.044     0.965     0.256
 9     0.974    -0.098     0.202
 2    96.991   -18.704    59.874
 2     0.394    -0.919     0.007
 2     0.917     0.394     0.052
 2    -0.051    -0.014     0.998
 3   123.711    -3.927     8.742
 3    -0.475    -0.094    -0.875
 3     0.097    -0.994     0.054
 3    -0.875    -0.059     0.481
 4   115.296    15.130    -5.490
 4     0.675    -0.731     0.104
 4     0.704     0.596    -0.385
 4     0.219     0.333     0.917
 5   113.890    25.429    18.696
 5     0.165    -0.683     0.711
 5     0.239    -0.672    -0.701
 5     0.957     0.286     0.052
 6   126.850    25.116    43.469
 6     0.230    -0.463    -0.856
 6    -0.096     0.864    -0.494
 6     0.968     0.195     0.154
 7   117.400   -24.005    -3.488
 7     0.597     0.802    -0.022
 7    -0.715     0.545     0.437
 7     0.363    -0.245     0.899
 8   117.832   -32.226    20.698
 8     0.239     0.892     0.384
 8    -0.063    -0.380     0.923
 8     0.969    -0.244    -0.035
 9   129.204   -29.670    44.488
 9     0.221     0.241    -0.945
 9     0.044     0.965     0.256
 9     0.974    -0.099     0.202
 2    97.016   -18.704    59.874
 2     0.394    -0.919     0.008
 2     0.917     0.394     0.052
 2    -0.051    -0.014     0.998
 3   123.711    -3.978     8.793
 3    -0.474    -0.094    -0.875
 3     0.097    -0.994     0.055
 3    -0.875    -0.059     0.480
 4   115.296    15.131    -5.490
 4     0.675    -0.731     0.104
 4     0.705     0.596    -0.385
 4     0.219     0.333     0.917
 5   113.890    25.479    18.696
 5     0.165    -0.683     0.711
 5     0.239    -0.672    -0.701
 5     0.957     0.286     0.052
 6   126.850    25.116    43.469
 6     0.230    -0.464    -0.855
 6    -0.096     0.864    -0.494
 6     0.968     0.196     0.155
 7   117.401   -24.005    -3.488
 7     0.597     0.801    -0.022
 7    -0.715     0.545     0.438
 7     0.363    -0.246     0.899
 8   117.831   -32.225    20.697
 8     0.239     0.892     0.383
 8    -0.062    -0.380     0.923
 8     0.969    -0.245    -0.035
 9   129.203   -29.670    44.487
 9     0.220     0.241    -0.945
 9     0.044     0.965     0.256
 9     0.974    -0.099     0.202
 2    96.991   -18.704    59.874
 2     0.394    -0.919     0.007
 2     0.917     0.394     0.052
 2    -0.051    -0.014     0.998
 3   123.686    -3.978     8.844
 3    -0.474    -0.095    -0.875
 3     0.097    -0.994     0.055
 3    -0.875    -0.059     0.480
 4   115.296    15.131    -5.490
 4     0.675    -0.731     0.104
 4     0.705     0.596    -0.385
 4     0.219     0.333     0.917
 5   113.890    25.479    18.696
 5     0.165    -0.683     0.711
 5     0.239    -0.672    -0.701
 5     0.957     0.286     0.052
 6   126.800    25.116    43.469
 6     0.230    -0.463    -0.856
 6    -0.096     0.864    -0.494
 6     0.968     0.195     0.154
 7   117.401   -24.005    -3.488
 7     0.597     0.802    -0.022
 7    -0.715     0.545     0.438
 7     0.363    -0.246     0.899
 8   117.782   -32.225    20.697
 8     0.239     0.892     0.383
 8    -0.062    -0.380     0.923
 8     0.969    -0.245    -0.036
 9   129.204   -29.670    44.488
 9     0.221     0.241    -0.945
 9     0.044     0.965     0.256
 9     0.974    -0.099     0.202
 2    96.991   -18.704    59.874
 2     0.394    -0.919     0.007
 2     0.917     0.394     0.052
 2    -0.051    -0.014     0.998
 3   123.711    -3.978     8.793
 3    -0.474    -0.095    -0.875
 3     0.097    -0.994     0.055
 3    -0.875    -0.059     0.480
 4   115.246    15.131    -5.490
 4     0.674    -0.731     0.104
 4     0.705     0.596    -0.385
 4     0.219     0.333     0.917
 5   113.890    25.479    18.646
 5     0.165    -0.684     0.711
 5     0.240    -0.672    -0.701
 5     0.957     0.286     0.053
 6   126.800    25.116    43.443
 6     0.230    -0.463    -0.856
 6    -0.096     0.865    -0.493
 6     0.968     0.195     0.154
 7   117.400   -24.005    -3.488
 7     0.597     0.801    -0.023
 7    -0.715     0.545     0.437
 7     0.363    -0.245     0.899
 8   117.833   -32.224    20.698
 8     0.239     0.892     0.383
 8    -0.062    -0.379     0.923
 8     0.969    -0.244    -0.036
 9   129.202   -29.618    44.487
 9     0.220     0.240    -0.946
 9     0.045     0.966     0.255
 9     0.974    -0.099     0.202
 2    97.016   -18.704    59.874
 2     0.394    -0.919     0.007
 2     0.917     0.394     0.052
 2    -0.051    -0.014     0.998
 3   123.712    -4.028     8.793
 3    -0.475    -0.096    -0.875
 3     0.098    -0.994     0.055
 3    -0.875    -0.059     0.481
 4   115.297    15.130    -5.489
 4     0.675    -0.730     0.104
 4     0.704     0.597    -0.384
 4     0.219     0.332     0.917
 5   113.965    25.479    18.596
 5     0.165    -0.686     0.709
 5     0.240    -0.669    -0.703
 5     0.957     0.286     0.053
 6   126.886    25.067    43.432
 6     0.229    -0.460    -0.858
 6    -0.096     0.866    -0.490
 6     0.969     0.194     0.154
 7   117.398   -24.057    -3.536
 7     0.597     0.801    -0.022
 7    -0.715     0.545     0.437
 7     0.362    -0.246     0.899
 8   117.832   -32.224    20.697
 8     0.238     0.892     0.382
 8    -0.061    -0.379     0.923
 8     0.969    -0.244    -0.036
 9   129.202   -29.566    44.487
 9     0.220     0.239    -0.946
 9     0.046     0.966     0.254
 9     0.974    -0.099     0.201
 2    97.016   -18.704    59.823
 2     0.394    -0.919     0.008
 2     0.917     0.394     0.052
 2    -0.051    -0.013     0.998
 3   123.691    -4.026     8.737
 3    -0.476    -0.096    -0.874
 3     0.098    -0.994     0.055
 3    -0.874    -0.060     0.483
 4   115.292    15.128    -5.585
 4     0.676    -0.729     0.104
 4     0.704     0.598    -0.383
 4     0.217     0.332     0.918
 5   113.965    25.533    18.406
 5     0.157    -0.690     0.707
 5     0.242    -0.667    -0.705
 5     0.957     0.282     0.062
 6   126.861    25.117    43.381
 6     0.228    -0.459    -0.859
 6    -0.096     0.867    -0.489
 6     0.969     0.193     0.153
 7   117.400   -24.056    -3.539
 7     0.597     0.801    -0.023
 7    -0.715     0.545     0.437
 7     0.363    -0.245     0.899
 8   117.881   -32.222    20.697
 8     0.238     0.893     0.382
 8    -0.060    -0.379     0.923
 8     0.969    -0.243    -0.036
 9   129.203   -29.616    44.437
 9     0.220     0.238    -0.946
 9     0.046     0.966     0.254
 9     0.974    -0.100     0.201
 2    97.017   -18.755    59.823
 2     0.395    -0.919     0.008
 2     0.917     0.394     0.052
 2    -0.051    -0.013     0.999
 3   123.696    -4.025     8.732
 3    -0.478    -0.097    -0.873
 3     0.099    -0.993     0.056
 3    -0.873    -0.060     0.484
 4   115.341    15.076    -5.606
 4     0.677    -0.728     0.102
 4     0.703     0.600    -0.381
 4     0.216     0.330     0.919
 5   114.274    25.717    17.856
 5     0.140    -0.721     0.679
 5     0.242    -0.640    -0.729
 5     0.960     0.266     0.085
