% Calibrated with leiden_pols
% Positions are in centimeters
Data =[
 2    95.962   -19.314    59.899
 2    -0.444    -0.891    -0.094
 2     0.864    -0.454     0.217
 2    -0.237     0.015     0.971
 3   132.184    -4.567     4.418
 3     0.502    -0.068    -0.862
 3     0.195     0.980     0.037
 3     0.843    -0.187     0.505
 4   120.336    10.373    -3.555
 4     0.728    -0.594     0.341
 4     0.664     0.735    -0.138
 4    -0.169     0.327     0.930
 5   122.482    17.921    11.868
 5     0.419    -0.584     0.695
 5     0.175    -0.699    -0.693
 5     0.891     0.412    -0.190
 6   134.891    23.308    36.086
 6     0.316    -0.730    -0.606
 6     0.085     0.658    -0.748
 6     0.945     0.185     0.270
 7   120.038   -21.289    -2.327
 7     0.766     0.622     0.163
 7    -0.643     0.749     0.162
 7    -0.022    -0.229     0.973
 8   121.431   -22.956    18.573
 8     0.507     0.053     0.860
 8    -0.149    -0.978     0.148
 8     0.848    -0.204    -0.488
 9   129.004   -28.502    34.634
 9     0.472     0.640     0.605
 9    -0.192    -0.596     0.780
 9     0.860    -0.484    -0.159
 2    95.912   -19.314    59.899
 2    -0.444    -0.891    -0.094
 2     0.864    -0.453     0.217
 2    -0.237     0.015     0.971
 3   132.188    -4.565     4.490
 3     0.499    -0.068    -0.864
 3     0.196     0.980     0.036
 3     0.844    -0.188     0.502
 4   120.437    10.322    -3.606
 4     0.729    -0.594     0.340
 4     0.663     0.735    -0.138
 4    -0.169     0.326     0.930
 5   122.483    17.871    11.869
 5     0.418    -0.586     0.694
 5     0.175    -0.698    -0.694
 5     0.891     0.412    -0.189
 6   134.892    23.307    36.035
 6     0.316    -0.729    -0.607
 6     0.084     0.659    -0.748
 6     0.945     0.185     0.270
 7   120.041   -21.363    -2.334
 7     0.767     0.621     0.160
 7    -0.641     0.750     0.162
 7    -0.020    -0.228     0.973
 8   121.431   -23.081    18.515
 8     0.507     0.065     0.859
 8    -0.145    -0.976     0.159
 8     0.849    -0.206    -0.486
 9   129.055   -28.500    34.627
 9     0.472     0.646     0.600
 9    -0.189    -0.591     0.785
 9     0.861    -0.484    -0.157
 2    95.962   -19.314    59.899
 2    -0.444    -0.891    -0.095
 2     0.864    -0.453     0.217
 2    -0.237     0.015     0.971
 3   132.198    -4.688     4.606
 3     0.496    -0.067    -0.866
 3     0.197     0.979     0.036
 3     0.846    -0.189     0.499
 4   120.390    10.297    -3.557
 4     0.729    -0.594     0.339
 4     0.663     0.735    -0.138
 4    -0.168     0.325     0.930
 5   122.482    17.872    11.844
 5     0.418    -0.586     0.694
 5     0.177    -0.697    -0.695
 5     0.891     0.413    -0.188
 6   134.941    23.307    36.086
 6     0.315    -0.729    -0.608
 6     0.084     0.659    -0.747
 6     0.945     0.184     0.269
 7   120.220   -21.359    -2.295
 7     0.770     0.618     0.156
 7    -0.638     0.753     0.162
 7    -0.017    -0.224     0.974
 8   121.557   -23.079    18.559
 8     0.507     0.071     0.859
 8    -0.143    -0.976     0.166
 8     0.850    -0.207    -0.484
 9   129.158   -28.499    34.620
 9     0.471     0.650     0.596
 9    -0.188    -0.587     0.788
 9     0.862    -0.483    -0.155
 2    95.962   -19.314    59.899
 2    -0.444    -0.891    -0.094
 2     0.864    -0.453     0.217
 2    -0.237     0.015     0.971
 3   132.201    -4.610     4.702
 3     0.492    -0.070    -0.867
 3     0.198     0.979     0.033
 3     0.847    -0.189     0.496
 4   120.445    10.299    -3.562
 4     0.729    -0.595     0.338
 4     0.663     0.735    -0.138
 4    -0.166     0.324     0.931
 5   122.533    17.845    11.871
 5     0.418    -0.588     0.692
 5     0.176    -0.695    -0.697
 5     0.891     0.413    -0.187
 6   134.941    23.358    36.086
 6     0.315    -0.729    -0.608
 6     0.084     0.659    -0.747
 6     0.945     0.185     0.269
 7   120.271   -21.357    -2.350
 7     0.771     0.617     0.154
 7    -0.636     0.754     0.162
 7    -0.016    -0.223     0.974
 8   121.556   -23.080    18.559
 8     0.506     0.073     0.859
 8    -0.143    -0.975     0.167
 8     0.850    -0.208    -0.483
 9   129.157   -28.499    34.620
 9     0.471     0.651     0.595
 9    -0.187    -0.585     0.789
 9     0.862    -0.483    -0.154
 2    95.962   -19.314    59.899
 2    -0.444    -0.891    -0.094
 2     0.864    -0.453     0.217
 2    -0.237     0.015     0.971
 3   132.255    -4.608     4.696
 3     0.491    -0.071    -0.868
 3     0.199     0.979     0.032
 3     0.848    -0.189     0.495
 4   120.523    10.300    -3.564
 4     0.730    -0.596     0.336
 4     0.663     0.735    -0.138
 4    -0.165     0.323     0.932
 5   122.483    17.872    11.848
 5     0.417    -0.587     0.693
 5     0.179    -0.695    -0.697
 5     0.891     0.415    -0.185
 6   134.891    23.433    36.137
 6     0.315    -0.728    -0.609
 6     0.083     0.661    -0.746
 6     0.945     0.184     0.268
 7   120.426   -21.303    -2.309
 7     0.772     0.617     0.150
 7    -0.635     0.755     0.162
 7    -0.013    -0.221     0.975
 8   121.560   -23.029    18.502
 8     0.505     0.074     0.860
 8    -0.143    -0.975     0.168
 8     0.851    -0.208    -0.482
 9   129.161   -28.574    34.613
 9     0.470     0.652     0.595
 9    -0.187    -0.585     0.789
 9     0.863    -0.482    -0.153
 2    95.962   -19.314    59.899
 2    -0.444    -0.891    -0.094
 2     0.864    -0.453     0.218
 2    -0.237     0.015     0.971
 3   132.360    -4.605     4.691
 3     0.489    -0.071    -0.870
 3     0.200     0.979     0.032
 3     0.849    -0.190     0.492
 4   120.754    10.149    -3.569
 4     0.733    -0.594     0.333
 4     0.661     0.738    -0.139
 4    -0.163     0.322     0.933
 5   122.784    17.852    11.580
 5     0.411    -0.591     0.694
 5     0.190    -0.689    -0.699
 5     0.891     0.419    -0.172
 6   135.253    23.306    35.927
 6     0.313    -0.721    -0.618
 6     0.080     0.669    -0.739
 6     0.946     0.182     0.267
 7   120.609   -21.401    -2.423
 7     0.772     0.618     0.146
 7    -0.635     0.755     0.164
 7    -0.009    -0.219     0.975
 8   121.713   -23.132    18.498
 8     0.502     0.071     0.862
 8    -0.147    -0.975     0.166
 8     0.852    -0.211    -0.479
 9   129.230   -28.756    34.596
 9     0.469     0.652     0.595
 9    -0.191    -0.584     0.789
 9     0.862    -0.484    -0.150
 2    95.962   -19.314    59.899
 2    -0.444    -0.891    -0.094
 2     0.864    -0.453     0.217
 2    -0.237     0.015     0.971
 3   132.491    -4.679     4.738
 3     0.486    -0.067    -0.871
 3     0.201     0.979     0.037
 3     0.850    -0.193     0.489
 4   121.156    10.068    -3.717
 4     0.742    -0.581     0.333
 4     0.649     0.746    -0.146
 4    -0.164     0.325     0.931
 5   123.349    17.879    11.400
 5     0.409    -0.603     0.685
 5     0.190    -0.678    -0.710
 5     0.893     0.420    -0.163
 6   135.631    23.494    35.909
 6     0.303    -0.715    -0.630
 6     0.083     0.679    -0.729
 6     0.949     0.168     0.265
 7   120.735   -21.350    -2.427
 7     0.772     0.618     0.144
 7    -0.635     0.755     0.162
 7    -0.008    -0.217     0.976
 8   121.832   -23.424    18.406
 8     0.508     0.047     0.860
 8    -0.187    -0.969     0.164
 8     0.840    -0.244    -0.484
 9   129.406   -29.957    34.202
 9     0.469     0.641     0.607
 9    -0.227    -0.577     0.784
 9     0.853    -0.506    -0.126
 2    95.962   -19.314    59.899
 2    -0.444    -0.891    -0.094
 2     0.864    -0.453     0.217
 2    -0.237     0.015     0.971
 3   132.573    -4.856     4.759
 3     0.486    -0.061    -0.872
 3     0.199     0.979     0.042
 3     0.851    -0.194     0.488
 4   121.433     9.837    -3.661
 4     0.749    -0.573     0.332
 4     0.641     0.753    -0.149
 4    -0.165     0.324     0.931
 5   123.587    17.853    11.292
 5     0.409    -0.600     0.687
 5     0.198    -0.677    -0.709
 5     0.891     0.426    -0.158
 6   136.065    23.860    35.457
 6     0.304    -0.720    -0.624
 6     0.104     0.676    -0.730
 6     0.947     0.157     0.281
 7   120.801   -21.404    -2.543
 7     0.772     0.618     0.146
 7    -0.635     0.756     0.159
 7    -0.012    -0.216     0.976
 8   122.097   -24.068    18.239
 8     0.512    -0.008     0.859
 8    -0.256    -0.956     0.143
 8     0.820    -0.293    -0.491
 9   129.529   -31.747    33.267
 9     0.469     0.621     0.627
 9    -0.293    -0.560     0.775
 9     0.833    -0.547    -0.081
 2    95.962   -19.314    59.899
 2    -0.444    -0.891    -0.094
 2     0.864    -0.453     0.217
 2    -0.237     0.015     0.971
 3   132.750    -5.008     4.761
 3     0.486    -0.056    -0.872
 3     0.198     0.979     0.048
 3     0.851    -0.197     0.487
 4   121.611     9.775    -3.806
 4     0.750    -0.569     0.337
 4     0.637     0.758    -0.140
 4    -0.176     0.320     0.931
 5   123.931    18.043    10.911
 5     0.422    -0.571     0.704
 5     0.244    -0.677    -0.694
 5     0.873     0.464    -0.147
 6   136.953    25.739    34.585
 6     0.324    -0.739    -0.591
 6     0.156     0.658    -0.737
 6     0.933     0.146     0.329
 7   120.865   -21.415    -2.679
 7     0.774     0.613     0.154
 7    -0.632     0.760     0.147
 7    -0.027    -0.212     0.977
 8   122.418   -24.669    18.011
 8     0.510    -0.082     0.856
 8    -0.336    -0.935     0.110
 8     0.792    -0.344    -0.505
 9   129.869   -33.851    32.218
 9     0.469     0.582     0.663
 9    -0.370    -0.553     0.747
 9     0.801    -0.596    -0.044
 2    95.962   -19.314    59.899
 2    -0.444    -0.891    -0.094
 2     0.864    -0.454     0.218
 2    -0.237     0.015     0.971
 3   133.018    -5.060     4.750
 3     0.489    -0.052    -0.871
 3     0.202     0.978     0.055
 3     0.849    -0.203     0.488
 4   121.742     9.501    -4.097
 4     0.751    -0.561     0.349
 4     0.630     0.766    -0.125
 4    -0.198     0.313     0.929
 5   124.272    18.222    10.351
 5     0.442    -0.530     0.724
 5     0.291    -0.678    -0.675
 5     0.848     0.509    -0.145
 6   137.613    27.118    33.404
 6     0.352    -0.755    -0.553
 6     0.205     0.638    -0.742
 6     0.913     0.148     0.379
 7   120.889   -21.475    -2.797
 7     0.775     0.611     0.163
 7    -0.631     0.763     0.140
 7    -0.039    -0.211     0.976
 8   122.688   -25.275    17.646
 8     0.504    -0.144     0.851
 8    -0.395    -0.915     0.078
 8     0.768    -0.376    -0.518
 9   130.063   -35.379    31.271
 9     0.466     0.536     0.703
 9    -0.433    -0.556     0.710
 9     0.771    -0.635    -0.027
 2    95.962   -19.263    59.899
 2    -0.444    -0.891    -0.094
 2     0.864    -0.454     0.217
 2    -0.237     0.015     0.971
 3   133.078    -5.191     4.597
 3     0.493    -0.047    -0.868
 3     0.205     0.976     0.064
 3     0.845    -0.211     0.491
 4   121.803     9.253    -4.269
 4     0.752    -0.552     0.361
 4     0.623     0.774    -0.113
 4    -0.217     0.309     0.926
 5   124.475    18.462     9.749
 5     0.450    -0.499     0.741
 5     0.333    -0.676    -0.657
 5     0.829     0.542    -0.138
 6   138.153    28.702    32.197
 6     0.369    -0.762    -0.531
 6     0.249     0.632    -0.734
 6     0.895     0.138     0.423
 7   120.951   -21.481    -2.902
 7     0.773     0.610     0.171
 7    -0.632     0.762     0.138
 7    -0.046    -0.215     0.975
 8   123.029   -25.671    17.454
 8     0.490    -0.196     0.849
 8    -0.446    -0.894     0.050
 8     0.749    -0.403    -0.526
 9   130.127   -36.697    30.428
 9     0.456     0.490     0.743
 9    -0.488    -0.561     0.669
 9     0.744    -0.667    -0.017
 2    95.962   -19.314    59.899
 2    -0.444    -0.891    -0.094
 2     0.864    -0.453     0.218
 2    -0.237     0.015     0.971
 3   133.293    -5.447     4.567
 3     0.497    -0.038    -0.867
 3     0.208     0.975     0.077
 3     0.842    -0.219     0.492
 4   121.938     9.059    -4.564
 4     0.747    -0.554     0.368
 4     0.621     0.778    -0.090
 4    -0.237     0.296     0.925
 5   124.331    18.932     9.176
 5     0.441    -0.460     0.771
 5     0.397    -0.670    -0.627
 5     0.805     0.582    -0.113
 6   138.179    30.792    30.360
 6     0.379    -0.765    -0.521
 6     0.310     0.635    -0.707
 6     0.872     0.106     0.478
 7   121.031   -21.440    -2.947
 7     0.771     0.611     0.180
 7    -0.634     0.761     0.133
 7    -0.056    -0.217     0.974
 8   123.460   -26.103    17.200
 8     0.476    -0.273     0.835
 8    -0.510    -0.860     0.009
 8     0.716    -0.431    -0.549
 9   130.190   -38.279    29.379
 9     0.440     0.426     0.791
 9    -0.555    -0.564     0.612
 9     0.706    -0.708    -0.012
 2    95.962   -19.314    59.899
 2    -0.444    -0.891    -0.094
 2     0.864    -0.454     0.218
 2    -0.237     0.015     0.971
 3   133.551    -5.321     4.465
 3     0.500    -0.041    -0.865
 3     0.217     0.973     0.079
 3     0.838    -0.228     0.495
 4   121.840     8.942    -4.808
 4     0.734    -0.563     0.379
 4     0.628     0.775    -0.064
 4    -0.258     0.285     0.923
 5   123.812    19.598     8.448
 5     0.427    -0.416     0.803
 5     0.468    -0.659    -0.589
 5     0.774     0.627    -0.087
 6   137.715    33.488    28.657
 6     0.381    -0.775    -0.505
 6     0.376     0.629    -0.681
 6     0.845     0.069     0.530
 7   121.189   -21.318    -3.075
 7     0.772     0.607     0.188
 7    -0.632     0.763     0.131
 7    -0.064    -0.220     0.973
 8   123.677   -26.663    16.816
 8     0.464    -0.316     0.827
 8    -0.567    -0.824     0.004
 8     0.681    -0.470    -0.562
 9   130.187   -39.732    28.095
 9     0.431     0.393     0.812
 9    -0.610    -0.536     0.583
 9     0.665    -0.747     0.009
 2    95.962   -19.314    59.899
 2    -0.444    -0.891    -0.094
 2     0.864    -0.454     0.218
 2    -0.237     0.015     0.971
 3   133.705    -4.913     4.387
 3     0.500    -0.054    -0.864
 3     0.232     0.969     0.074
 3     0.834    -0.238     0.497
 4   121.573     8.905    -5.110
 4     0.720    -0.577     0.385
 4     0.637     0.770    -0.037
 4    -0.276     0.272     0.922
 5   123.194    20.058     7.744
 5     0.406    -0.377     0.832
 5     0.534    -0.642    -0.551
 5     0.741     0.668    -0.060
 6   136.827    35.520    26.776
 6     0.379    -0.784    -0.492
 6     0.439     0.620    -0.650
 6     0.815     0.030     0.579
 7   121.332   -21.049    -3.240
 7     0.775     0.600     0.197
 7    -0.627     0.769     0.122
 7    -0.078    -0.218     0.973
 8   123.595   -27.623    16.177
 8     0.446    -0.370     0.815
 8    -0.639    -0.770     0.000
 8     0.627    -0.521    -0.579
 9   129.610   -41.940    26.021
 9     0.416     0.351     0.839
 9    -0.680    -0.493     0.543
 9     0.604    -0.797     0.034
 2    95.962   -19.314    59.899
 2    -0.444    -0.891    -0.094
 2     0.864    -0.454     0.218
 2    -0.237     0.015     0.971
 3   133.764    -4.735     4.173
 3     0.501    -0.066    -0.863
 3     0.241     0.968     0.065
 3     0.831    -0.241     0.501
 4   121.139     8.714    -5.454
 4     0.697    -0.596     0.399
 4     0.652     0.758    -0.006
 4    -0.299     0.264     0.917
 5   122.302    20.392     7.146
 5     0.387    -0.323     0.863
 5     0.591    -0.632    -0.502
 5     0.707     0.704    -0.054
 6   135.954    37.494    25.034
 6     0.385    -0.799    -0.462
 6     0.490     0.601    -0.632
 6     0.782     0.017     0.623
 7   121.341   -20.769    -3.514
 7     0.775     0.594     0.214
 7    -0.623     0.776     0.100
 7    -0.107    -0.211     0.972
 8   123.438   -28.506    15.291
 8     0.421    -0.423     0.802
 8    -0.708    -0.707    -0.001
 8     0.568    -0.567    -0.597
 9   128.902   -43.847    23.754
 9     0.394     0.310     0.865
 9    -0.746    -0.442     0.498
 9     0.536    -0.842     0.058
 2    95.962   -19.314    59.899
 2    -0.444    -0.891    -0.094
 2     0.864    -0.454     0.218
 2    -0.237     0.015     0.971
 3   134.019    -4.481     3.958
 3     0.502    -0.085    -0.861
 3     0.250     0.967     0.050
 3     0.828    -0.240     0.507
 4   120.580     8.595    -5.741
 4     0.677    -0.612     0.410
 4     0.662     0.749     0.025
 4    -0.323     0.254     0.912
 5   121.670    20.472     6.342
 5     0.375    -0.291     0.880
 5     0.630    -0.616    -0.472
 5     0.679     0.732    -0.048
 6   134.983    38.761    23.295
 6     0.386    -0.811    -0.441
 6     0.534     0.585    -0.610
 6     0.752    -0.000     0.658
 7   121.275   -20.336    -3.843
 7     0.775     0.588     0.229
 7    -0.617     0.783     0.077
 7    -0.135    -0.201     0.970
 8   123.039   -29.187    14.265
 8     0.387    -0.466     0.795
 8    -0.769    -0.639    -0.001
 8     0.509    -0.611    -0.606
 9   127.729   -45.630    21.297
 9     0.358     0.279     0.891
 9    -0.808    -0.386     0.446
 9     0.468    -0.879     0.087
 2    95.962   -19.314    59.899
 2    -0.444    -0.891    -0.094
 2     0.864    -0.453     0.217
 2    -0.237     0.015     0.971
 3   134.171    -4.078     3.671
 3     0.504    -0.103    -0.857
 3     0.256     0.966     0.035
 3     0.824    -0.237     0.513
 4   120.174     8.500    -6.127
 4     0.661    -0.622     0.420
 4     0.665     0.744     0.056
 4    -0.347     0.242     0.906
 5   121.137    20.855     5.664
 5     0.363    -0.261     0.894
 5     0.667    -0.597    -0.445
 5     0.650     0.759    -0.043
 6   134.442    40.285    21.422
 6     0.383    -0.822    -0.422
 6     0.576     0.570    -0.586
 6     0.722    -0.019     0.692
 7   121.260   -19.929    -4.227
 7     0.773     0.586     0.243
 7    -0.613     0.788     0.049
 7    -0.162    -0.187     0.969
 8   122.697   -29.601    13.264
 8     0.351    -0.498     0.793
 8    -0.815    -0.580    -0.004
 8     0.461    -0.645    -0.609
 9   126.608   -46.872    18.935
 9     0.315     0.250     0.915
 9    -0.857    -0.338     0.387
 9     0.407    -0.907     0.108
 2    95.962   -19.314    59.899
 2    -0.444    -0.891    -0.094
 2     0.864    -0.453     0.217
 2    -0.237     0.015     0.971
 3   134.281    -3.851     3.424
 3     0.507    -0.117    -0.854
 3     0.259     0.965     0.022
 3     0.822    -0.232     0.520
 4   119.866     8.506    -6.361
 4     0.644    -0.634     0.428
 4     0.669     0.738     0.086
 4    -0.371     0.231     0.899
 5   120.670    21.136     5.249
 5     0.359    -0.235     0.903
 5     0.693    -0.580    -0.427
 5     0.624     0.780    -0.045
 6   133.960    40.974    20.299
 6     0.386    -0.826    -0.411
 6     0.601     0.563    -0.567
 6     0.699    -0.028     0.714
 7   121.157   -19.544    -4.470
 7     0.770     0.585     0.252
 7    -0.610     0.792     0.027
 7    -0.184    -0.175     0.967
 8   122.273   -29.744    12.634
 8     0.318    -0.524     0.790
 8    -0.846    -0.533    -0.013
 8     0.428    -0.664    -0.613
 9   125.598   -47.279    17.495
 9     0.276     0.243     0.930
 9    -0.886    -0.309     0.344
 9     0.371    -0.919     0.130
 2    95.912   -19.314    59.899
 2    -0.444    -0.891    -0.094
 2     0.864    -0.454     0.217
 2    -0.237     0.015     0.971
 3   134.365    -3.576     3.260
 3     0.510    -0.127    -0.851
 3     0.261     0.965     0.012
 3     0.819    -0.229     0.525
 4   119.515     8.601    -6.560
 4     0.632    -0.644     0.431
 4     0.674     0.731     0.103
 4    -0.381     0.225     0.896
 5   120.436    21.375     4.822
 5     0.359    -0.218     0.907
 5     0.708    -0.570    -0.417
 5     0.607     0.792    -0.051
 6   133.746    41.642    19.176
 6     0.392    -0.829    -0.398
 6     0.619     0.558    -0.553
 6     0.681    -0.030     0.732
 7   121.133   -19.249    -4.621
 7     0.770     0.584     0.256
 7    -0.608     0.794     0.016
 7    -0.194    -0.169     0.966
 8   122.060   -29.714    12.104
 8     0.305    -0.522     0.796
 8    -0.857    -0.515    -0.009
 8     0.414    -0.680    -0.605
 9   125.218   -47.475    16.786
 9     0.262     0.263     0.928
 9    -0.894    -0.296     0.336
 9     0.363    -0.918     0.158
 2    95.912   -19.314    59.899
 2    -0.444    -0.891    -0.095
 2     0.864    -0.454     0.218
 2    -0.237     0.015     0.971
 3   134.357    -3.272     3.110
 3     0.512    -0.136    -0.848
 3     0.263     0.965     0.004
 3     0.818    -0.225     0.530
 4   119.306     8.588    -6.641
 4     0.624    -0.648     0.436
 4     0.673     0.729     0.120
 4    -0.396     0.218     0.892
 5   120.222    21.545     4.605
 5     0.353    -0.204     0.913
 5     0.721    -0.562    -0.405
 5     0.596     0.801    -0.052
 6   133.346    42.240    18.469
 6     0.389    -0.835    -0.390
 6     0.635     0.549    -0.543
 6     0.667    -0.037     0.744
 7   121.058   -18.877    -4.721
 7     0.770     0.582     0.261
 7    -0.604     0.797     0.008
 7    -0.204    -0.164     0.965
 8   122.165   -29.543    11.957
 8     0.307    -0.524     0.794
 8    -0.861    -0.508    -0.002
 8     0.405    -0.683    -0.608
 9   125.364   -47.432    16.243
 9     0.267     0.260     0.928
 9    -0.898    -0.283     0.338
 9     0.350    -0.923     0.157
 2    95.912   -19.314    59.899
 2    -0.443    -0.891    -0.095
 2     0.864    -0.453     0.217
 2    -0.237     0.015     0.971
 3   134.351    -2.847     2.960
 3     0.517    -0.153    -0.842
 3     0.268     0.963    -0.010
 3     0.812    -0.221     0.539
 4   118.875     8.569    -6.805
 4     0.608    -0.657     0.445
 4     0.675     0.723     0.145
 4    -0.418     0.212     0.883
 5   119.755    21.798     4.111
 5     0.353    -0.178     0.918
 5     0.743    -0.543    -0.391
 5     0.568     0.820    -0.060
 6   132.948    43.102    16.978
 6     0.394    -0.841    -0.372
 6     0.661     0.540    -0.521
 6     0.638    -0.040     0.768
 7   121.047   -18.361    -4.986
 7     0.776     0.567     0.277
 7    -0.588     0.809    -0.009
 7    -0.229    -0.156     0.961
 8   122.684   -29.614    11.271
 8     0.334    -0.534     0.776
 8    -0.872    -0.489     0.039
 8     0.358    -0.690    -0.629
 9   126.514   -47.635    14.483
 9     0.303     0.239     0.922
 9    -0.906    -0.227     0.357
 9     0.294    -0.944     0.147
 2    95.962   -19.314    59.950
 2    -0.444    -0.891    -0.094
 2     0.864    -0.453     0.218
 2    -0.237     0.015     0.971
 3   134.310    -2.321     2.742
 3     0.524    -0.177    -0.833
 3     0.280     0.959    -0.027
 3     0.804    -0.219     0.552
 4   118.131     8.427    -6.790
 4     0.576    -0.679     0.455
 4     0.688     0.703     0.178
 4    -0.442     0.210     0.872
 5   119.045    21.811     3.903
 5     0.359    -0.128     0.924
 5     0.771    -0.518    -0.371
 5     0.526     0.845    -0.088
 6   132.373    43.869    15.211
 6     0.415    -0.847    -0.332
 6     0.691     0.531    -0.491
 6     0.591    -0.026     0.806
 7   120.904   -18.085    -5.114
 7     0.781     0.547     0.300
 7    -0.565     0.825    -0.035
 7    -0.267    -0.142     0.953
 8   123.108   -30.124    10.416
 8     0.360    -0.551     0.753
 8    -0.883    -0.461     0.085
 8     0.300    -0.696    -0.653
 9   127.287   -48.255    12.234
 9     0.336     0.202     0.920
 9    -0.915    -0.161     0.370
 9     0.223    -0.966     0.131
 2    95.912   -19.314    59.899
 2    -0.444    -0.891    -0.095
 2     0.864    -0.453     0.217
 2    -0.237     0.015     0.971
 3   134.259    -2.173     2.483
 3     0.529    -0.194    -0.826
 3     0.286     0.957    -0.042
 3     0.799    -0.214     0.562
 4   117.453     7.944    -6.956
 4     0.551    -0.691     0.468
 4     0.688     0.694     0.213
 4    -0.472     0.205     0.857
 5   118.651    21.795     3.315
 5     0.374    -0.097     0.922
 5     0.790    -0.487    -0.371
 5     0.485     0.868    -0.105
 6   132.137    44.462    13.130
 6     0.433    -0.850    -0.300
 6     0.718     0.526    -0.456
 6     0.545    -0.018     0.838
 7   120.762   -18.031    -5.290
 7     0.780     0.538     0.319
 7    -0.552     0.832    -0.053
 7    -0.295    -0.135     0.946
 8   123.394   -30.424     9.787
 8     0.375    -0.564     0.735
 8    -0.890    -0.440     0.116
 8     0.258    -0.698    -0.667
 9   127.654   -48.690    10.708
 9     0.352     0.180     0.918
 9    -0.920    -0.115     0.375
 9     0.173    -0.977     0.126
 2    95.962   -19.314    59.950
 2    -0.444    -0.891    -0.094
 2     0.864    -0.453     0.217
 2    -0.237     0.015     0.971
 3   134.241    -2.099     2.426
 3     0.531    -0.202    -0.823
 3     0.292     0.955    -0.046
 3     0.795    -0.216     0.566
 4   117.062     7.610    -6.994
 4     0.540    -0.690     0.481
 4     0.677     0.696     0.238
 4    -0.500     0.197     0.843
 5   118.564    21.738     2.874
 5     0.385    -0.079     0.919
 5     0.803    -0.462    -0.376
 5     0.454     0.883    -0.115
 6   132.496    44.507    11.591
 6     0.451    -0.847    -0.283
 6     0.732     0.532    -0.426
 6     0.511    -0.015     0.859
 7   120.679   -17.993    -5.300
 7     0.777     0.534     0.330
 7    -0.547     0.834    -0.063
 7    -0.309    -0.132     0.942
 8   123.463   -30.694     9.442
 8     0.378    -0.575     0.725
 8    -0.896    -0.423     0.132
 8     0.231    -0.700    -0.675
 9   127.810   -48.890     9.814
 9     0.356     0.169     0.919
 9    -0.924    -0.085     0.374
 9     0.141    -0.982     0.126
 2    95.912   -19.314    59.899
 2    -0.444    -0.891    -0.095
 2     0.864    -0.454     0.217
 2    -0.237     0.015     0.971
 3   134.258    -2.101     2.283
 3     0.533    -0.204    -0.821
 3     0.295     0.954    -0.046
 3     0.793    -0.218     0.568
 4   117.029     7.261    -7.093
 4     0.539    -0.685     0.490
 4     0.665     0.703     0.250
 4    -0.516     0.191     0.835
 5   118.684    21.563     2.506
 5     0.396    -0.070     0.915
 5     0.809    -0.444    -0.385
 5     0.433     0.893    -0.120
 6   132.808    44.408    10.378
 6     0.464    -0.842    -0.274
 6     0.740     0.539    -0.402
 6     0.486    -0.016     0.874
 7   120.580   -18.005    -5.267
 7     0.773     0.536     0.338
 7    -0.547     0.834    -0.072
 7    -0.320    -0.129     0.938
 8   123.414   -31.016     9.071
 8     0.374    -0.590     0.715
 8    -0.905    -0.402     0.141
 8     0.205    -0.699    -0.685
 9   127.569   -49.397     8.792
 9     0.354     0.158     0.922
 9    -0.929    -0.057     0.366
 9     0.110    -0.986     0.127
 2    95.912   -19.314    59.899
 2    -0.444    -0.891    -0.095
 2     0.864    -0.453     0.217
 2    -0.237     0.015     0.971
 3   134.304    -2.102     2.289
 3     0.533    -0.203    -0.821
 3     0.296     0.954    -0.044
 3     0.792    -0.220     0.569
 4   117.058     7.046    -7.084
 4     0.538    -0.682     0.494
 4     0.658     0.706     0.258
 4    -0.526     0.186     0.830
 5   118.826    21.473     2.215
 5     0.404    -0.065     0.912
 5     0.812    -0.433    -0.391
 5     0.420     0.899    -0.123
 6   133.127    44.345     9.761
 6     0.472    -0.838    -0.272
 6     0.744     0.544    -0.387
 6     0.473    -0.019     0.881
 7   120.463   -18.193    -5.190
 7     0.767     0.542     0.343
 7    -0.551     0.830    -0.080
 7    -0.328    -0.127     0.936
 8   123.330   -31.357     9.050
 8     0.373    -0.599     0.709
 8    -0.909    -0.390     0.148
 8     0.188    -0.699    -0.690
 9   127.297   -49.768     8.275
 9     0.354     0.148     0.923
 9    -0.931    -0.037     0.363
 9     0.088    -0.988     0.125
 2    95.912   -19.314    59.899
 2    -0.444    -0.891    -0.094
 2     0.864    -0.453     0.217
 2    -0.237     0.015     0.971
 3   134.308    -2.507     2.164
 3     0.533    -0.196    -0.823
 3     0.297     0.954    -0.034
 3     0.792    -0.226     0.567
 4   116.989     6.677    -7.196
 4     0.541    -0.679     0.496
 4     0.648     0.712     0.269
 4    -0.537     0.176     0.825
 5   118.799    21.284     1.998
 5     0.406    -0.066     0.911
 5     0.817    -0.421    -0.395
 5     0.409     0.905    -0.117
 6   133.194    44.232     8.874
 6     0.475    -0.835    -0.276
 6     0.751     0.548    -0.368
 6     0.458    -0.033     0.888
 7   120.329   -18.378    -5.120
 7     0.762     0.547     0.347
 7    -0.556     0.827    -0.084
 7    -0.333    -0.128     0.934
 8   123.180   -31.619     9.045
 8     0.371    -0.609     0.701
 8    -0.912    -0.380     0.153
 8     0.174    -0.696    -0.696
 9   127.093   -50.008     8.068
 9     0.352     0.138     0.926
 9    -0.933    -0.026     0.358
 9     0.073    -0.990     0.120
 2    95.962   -19.314    59.899
 2    -0.444    -0.891    -0.094
 2     0.864    -0.454     0.218
 2    -0.237     0.015     0.971
 3   134.272    -2.856     2.389
 3     0.527    -0.186    -0.829
 3     0.302     0.953    -0.021
 3     0.794    -0.240     0.558
 4   116.975     6.333    -7.282
 4     0.544    -0.677     0.496
 4     0.636     0.718     0.281
 4    -0.547     0.163     0.821
 5   118.820    21.043     1.684
 5     0.406    -0.069     0.911
 5     0.823    -0.406    -0.397
 5     0.397     0.911    -0.108
 6   133.223    44.225     8.423
 6     0.474    -0.835    -0.281
 6     0.757     0.549    -0.354
 6     0.449    -0.045     0.892
 7   120.205   -18.609    -4.986
 7     0.758     0.551     0.348
 7    -0.560     0.824    -0.085
 7    -0.334    -0.131     0.933
 8   123.072   -31.800     9.062
 8     0.368    -0.614     0.698
 8    -0.914    -0.376     0.152
 8     0.169    -0.694    -0.700
 9   126.908   -50.242     7.988
 9     0.346     0.132     0.928
 9    -0.936    -0.022     0.352
 9     0.067    -0.991     0.116
 2    95.912   -19.314    59.899
 2    -0.444    -0.891    -0.094
 2     0.864    -0.453     0.217
 2    -0.237     0.015     0.971
 3   134.244    -3.034     2.293
 3     0.527    -0.184    -0.830
 3     0.305     0.952    -0.017
 3     0.793    -0.244     0.558
 4   116.877     5.965    -7.371
 4     0.542    -0.674     0.502
 4     0.628     0.722     0.291
 4    -0.558     0.157     0.814
 5   118.719    20.906     1.358
 5     0.408    -0.065     0.910
 5     0.827    -0.396    -0.399
 5     0.387     0.916    -0.108
 6   133.246    44.012     7.701
 6     0.477    -0.833    -0.280
 6     0.762     0.551    -0.340
 6     0.437    -0.051     0.898
 7   119.974   -18.744    -4.838
 7     0.751     0.556     0.355
 7    -0.566     0.820    -0.086
 7    -0.339    -0.137     0.931
 8   122.889   -31.983     9.034
 8     0.360    -0.623     0.694
 8    -0.918    -0.367     0.148
 8     0.163    -0.691    -0.704
 9   126.493   -50.506     7.843
 9     0.334     0.124     0.934
 9    -0.940    -0.018     0.339
 9     0.058    -0.992     0.110
 2    95.962   -19.314    59.899
 2    -0.444    -0.891    -0.094
 2     0.864    -0.453     0.217
 2    -0.237     0.015     0.971
 3   134.262    -3.060     2.304
 3     0.529    -0.184    -0.828
 3     0.308     0.951    -0.015
 3     0.791    -0.248     0.560
 4   116.682     5.690    -7.464
 4     0.536    -0.671     0.513
 4     0.618     0.725     0.303
 4    -0.576     0.155     0.803
 5   118.802    20.841     0.999
 5     0.410    -0.059     0.910
 5     0.833    -0.382    -0.400
 5     0.371     0.922    -0.108
 6   133.285    44.026     6.937
 6     0.478    -0.833    -0.278
 6     0.770     0.549    -0.323
 6     0.422    -0.060     0.904
 7   119.819   -18.941    -4.858
 7     0.739     0.562     0.371
 7    -0.572     0.815    -0.094
 7    -0.355    -0.142     0.924
 8   122.813   -32.097     8.839
 8     0.349    -0.640     0.685
 8    -0.926    -0.349     0.146
 8     0.146    -0.685    -0.714
 9   126.034   -50.806     7.104
 9     0.315     0.104     0.943
 9    -0.948    -0.005     0.317
 9     0.037    -0.995     0.097
 2    95.962   -19.314    59.899
 2    -0.444    -0.891    -0.094
 2     0.864    -0.453     0.217
 2    -0.237     0.015     0.971
 3   134.281    -3.298     1.987
 3     0.538    -0.184    -0.822
 3     0.311     0.950    -0.010
 3     0.783    -0.250     0.569
 4   116.688     5.389    -7.658
 4     0.530    -0.666     0.526
 4     0.605     0.731     0.314
 4    -0.594     0.152     0.790
 5   118.913    20.689     0.310
 5     0.418    -0.047     0.907
 5     0.839    -0.360    -0.406
 5     0.346     0.931    -0.111
 6   133.624    43.878     5.495
 6     0.486    -0.831    -0.272
 6     0.779     0.552    -0.296
 6     0.396    -0.068     0.916
 7   119.731   -18.909    -4.957
 7     0.732     0.563     0.382
 7    -0.571     0.814    -0.107
 7    -0.372    -0.140     0.918
 8   122.750   -32.343     8.450
 8     0.337    -0.650     0.681
 8    -0.933    -0.328     0.149
 8     0.126    -0.686    -0.717
 9   125.760   -51.058     6.343
 9     0.302     0.097     0.948
 9    -0.953     0.017     0.302
 9     0.013    -0.995     0.098
 2    95.914   -19.313    59.897
 2    -0.443    -0.891    -0.094
 2     0.864    -0.453     0.217
 2    -0.236     0.015     0.971
 3   134.391    -3.353     1.828
 3     0.543    -0.186    -0.819
 3     0.313     0.949    -0.008
 3     0.779    -0.252     0.574
 4   116.714     5.249    -7.801
 4     0.528    -0.661     0.533
 4     0.597     0.735     0.320
 4    -0.604     0.150     0.783
 5   119.054    20.673     0.047
 5     0.426    -0.044     0.903
 5     0.841    -0.347    -0.414
 5     0.332     0.937    -0.111
 6   133.844    43.918     4.978
 6     0.490    -0.829    -0.271
 6     0.783     0.554    -0.281
 6     0.383    -0.075     0.921
 7   119.711   -18.917    -5.010
 7     0.729     0.565     0.386
 7    -0.569     0.814    -0.115
 7    -0.380    -0.136     0.915
 8   122.623   -32.556     8.136
 8     0.334    -0.653     0.679
 8    -0.936    -0.316     0.156
 8     0.113    -0.688    -0.717
 9   125.591   -51.203     5.590
 9     0.299     0.095     0.949
 9    -0.954     0.037     0.297
 9    -0.007    -0.995     0.102
 2    95.912   -19.339    59.899
 2    -0.443    -0.891    -0.094
 2     0.864    -0.453     0.217
 2    -0.237     0.015     0.971
 3   134.363    -3.405     1.833
 3     0.544    -0.186    -0.818
 3     0.314     0.949    -0.008
 3     0.778    -0.253     0.575
 4   116.603     5.014    -7.783
 4     0.527    -0.658     0.538
 4     0.593     0.738     0.322
 4    -0.609     0.149     0.779
 5   119.051    20.544     0.002
 5     0.429    -0.044     0.902
 5     0.841    -0.345    -0.417
 5     0.330     0.937    -0.111
 6   133.936    43.788     4.762
 6     0.493    -0.827    -0.270
 6     0.783     0.557    -0.277
 6     0.379    -0.075     0.922
 7   119.469   -19.054    -4.983
 7     0.724     0.567     0.392
 7    -0.570     0.813    -0.122
 7    -0.388    -0.135     0.912
 8   122.425   -32.792     7.942
 8     0.334    -0.656     0.676
 8    -0.937    -0.310     0.163
 8     0.102    -0.688    -0.719
 9   125.418   -51.515     5.238
 9     0.300     0.093     0.949
 9    -0.954     0.047     0.297
 9    -0.017    -0.994     0.103
 2    95.913   -19.339    59.900
 2    -0.443    -0.891    -0.094
 2     0.865    -0.453     0.217
 2    -0.237     0.014     0.971
 3   134.310    -3.533     1.813
 3     0.545    -0.186    -0.818
 3     0.314     0.949    -0.006
 3     0.777    -0.254     0.576
 4   116.512     4.828    -7.890
 4     0.525    -0.656     0.543
 4     0.588     0.740     0.325
 4    -0.615     0.149     0.774
 5   118.998    20.492     0.004
 5     0.430    -0.044     0.902
 5     0.841    -0.345    -0.417
 5     0.329     0.937    -0.112
 6   133.887    43.686     4.763
 6     0.493    -0.826    -0.272
 6     0.782     0.558    -0.276
 6     0.379    -0.077     0.922
 7   119.420   -19.105    -4.931
 7     0.723     0.568     0.393
 7    -0.571     0.812    -0.122
 7    -0.388    -0.137     0.911
 8   122.423   -32.894     7.944
 8     0.335    -0.657     0.675
 8    -0.937    -0.309     0.164
 8     0.101    -0.687    -0.719
 9   125.392   -51.565     5.314
 9     0.301     0.094     0.948
 9    -0.953     0.047     0.298
 9    -0.017    -0.994     0.104
 2    95.913   -19.314    59.900
 2    -0.443    -0.891    -0.095
 2     0.864    -0.453     0.217
 2    -0.237     0.014     0.971
 3   134.249    -3.585     1.777
 3     0.546    -0.186    -0.816
 3     0.319     0.948    -0.003
 3     0.774    -0.259     0.577
 4   116.367     4.690    -7.857
 4     0.522    -0.655     0.546
 4     0.582     0.742     0.333
 4    -0.624     0.144     0.768
 5   118.902    20.255    -0.273
 5     0.429    -0.042     0.902
 5     0.845    -0.335    -0.417
 5     0.320     0.941    -0.108
 6   133.739    43.449     3.985
 6     0.494    -0.825    -0.272
 6     0.787     0.558    -0.262
 6     0.368    -0.085     0.926
 7   119.367   -19.158    -4.897
 7     0.721     0.568     0.396
 7    -0.572     0.811    -0.121
 7    -0.390    -0.139     0.910
 8   122.469   -32.894     8.000
 8     0.338    -0.657     0.673
 8    -0.936    -0.310     0.167
 8     0.099    -0.687    -0.720
 9   125.388   -51.516     5.243
 9     0.302     0.094     0.948
 9    -0.953     0.050     0.298
 9    -0.019    -0.994     0.105
 2    95.913   -19.339    59.900
 2    -0.443    -0.891    -0.094
 2     0.865    -0.453     0.217
 2    -0.237     0.014     0.971
 3   134.177    -3.767     1.628
 3     0.550    -0.190    -0.813
 3     0.328     0.945     0.000
 3     0.768    -0.267     0.582
 4   116.226     4.338    -8.074
 4     0.515    -0.653     0.555
 4     0.568     0.745     0.348
 4    -0.641     0.136     0.755
 5   118.801    20.110    -0.775
 5     0.431    -0.033     0.901
 5     0.851    -0.317    -0.418
 5     0.300     0.948    -0.109
 6   133.750    43.488     3.196
 6     0.495    -0.826    -0.268
 6     0.794     0.556    -0.247
 6     0.352    -0.091     0.931
 7   119.271   -19.183    -4.890
 7     0.717     0.559     0.415
 7    -0.556     0.819    -0.141
 7    -0.419    -0.130     0.898
 8   122.619   -33.179     7.084
 8     0.341    -0.668     0.661
 8    -0.938    -0.280     0.202
 8     0.050    -0.689    -0.723
 9   125.556   -51.513     3.196
 9     0.301     0.077     0.950
 9    -0.950     0.110     0.292
 9    -0.082    -0.991     0.107
 2    95.912   -19.314    59.951
 2    -0.443    -0.891    -0.095
 2     0.864    -0.453     0.217
 2    -0.237     0.014     0.971
 3   134.148    -3.823     1.380
 3     0.554    -0.203    -0.807
 3     0.336     0.941    -0.006
 3     0.761    -0.269     0.590
 4   115.987     3.873    -8.161
 4     0.505    -0.645     0.573
 4     0.549     0.752     0.363
 4    -0.666     0.131     0.734
 5   118.686    19.929    -1.355
 5     0.439    -0.027     0.898
 5     0.856    -0.291    -0.427
 5     0.273     0.956    -0.105
 6   133.882    43.055     1.465
 6     0.507    -0.820    -0.264
 6     0.800     0.562    -0.210
 6     0.320    -0.105     0.941
 7   118.858   -19.092    -5.065
 7     0.707     0.556     0.437
 7    -0.542     0.823    -0.171
 7    -0.454    -0.116     0.883
 8   122.499   -33.390     6.072
 8     0.336    -0.687     0.644
 8    -0.942    -0.245     0.230
 8    -0.000    -0.683    -0.730
 9   125.132   -51.720     1.061
 9     0.280     0.050     0.958
 9    -0.949     0.166     0.269
 9    -0.146    -0.985     0.094
 2    95.912   -19.339    59.950
 2    -0.443    -0.891    -0.095
 2     0.864    -0.453     0.217
 2    -0.237     0.015     0.971
 3   134.126    -3.777     1.273
 3     0.558    -0.210    -0.802
 3     0.341     0.940    -0.010
 3     0.756    -0.268     0.597
 4   115.806     3.567    -8.368
 4     0.494    -0.640     0.588
 4     0.535     0.757     0.375
 4    -0.686     0.129     0.716
 5   118.673    19.830    -1.922
 5     0.443    -0.012     0.896
 5     0.861    -0.271    -0.430
 5     0.248     0.962    -0.109
 6   133.826    43.037     0.364
 6     0.509    -0.823    -0.253
 6     0.808     0.558    -0.190
 6     0.297    -0.108     0.948
 7   118.684   -18.981    -5.149
 7     0.693     0.556     0.459
 7    -0.527     0.825    -0.205
 7    -0.493    -0.100     0.864
 8   122.298   -33.659     5.074
 8     0.320    -0.706     0.631
