% Calibrated with leiden_pols
% Positions are in centimeters
Data =[
 2    95.962   -19.314    59.899
 2    -0.444    -0.891    -0.094
 2     0.864    -0.453     0.217
 2    -0.237     0.015     0.971
 3   131.478    -4.620     5.010
 3     0.512    -0.038    -0.858
 3     0.284     0.950     0.127
 3     0.811    -0.309     0.497
 4   117.267     7.775    -4.863
 4     0.751    -0.508     0.423
 4     0.568     0.822    -0.022
 4    -0.337     0.256     0.906
 5   125.926    16.364     8.837
 5     0.551    -0.823     0.134
 5    -0.052    -0.195    -0.979
 5     0.833     0.532    -0.150
 6   137.956    -2.475    20.868
 6     0.132     0.340    -0.931
 6    -0.974    -0.128    -0.185
 6    -0.182     0.931     0.315
 7   119.416   -20.926    -2.036
 7     0.830     0.443     0.338
 7    -0.520     0.835     0.180
 7    -0.203    -0.325     0.923
 8   127.613   -21.842    17.976
 8     0.622     0.647     0.440
 8     0.269    -0.705     0.656
 8     0.735    -0.290    -0.613
 9   139.350   -10.927    30.414
 9     0.383     0.662    -0.644
 9     0.921    -0.218     0.324
 9     0.074    -0.717    -0.693
 2    95.962   -19.314    59.899
 2    -0.444    -0.891    -0.094
 2     0.864    -0.453     0.217
 2    -0.237     0.015     0.971
 3   131.662    -4.613     5.104
 3     0.505    -0.037    -0.863
 3     0.289     0.948     0.129
 3     0.813    -0.314     0.489
 4   117.760     7.731    -5.029
 4     0.754    -0.510     0.413
 4     0.567     0.823    -0.019
 4    -0.331     0.249     0.910
 5   126.175    16.475     8.660
 5     0.544    -0.828     0.136
 5    -0.049    -0.193    -0.980
 5     0.838     0.526    -0.145
 6   138.132    -2.370    20.985
 6     0.135     0.335    -0.932
 6    -0.974    -0.125    -0.186
 6    -0.180     0.934     0.309
 7   120.019   -20.912    -2.080
 7     0.833     0.447     0.325
 7    -0.520     0.834     0.184
 7    -0.189    -0.323     0.927
 8   127.956   -21.733    18.003
 8     0.615     0.651     0.446
 8     0.272    -0.705     0.655
 8     0.740    -0.281    -0.610
 9   139.526   -10.748    30.545
 9     0.382     0.667    -0.639
 9     0.921    -0.220     0.320
 9     0.073    -0.711    -0.699
 2    95.962   -19.314    59.899
 2    -0.444    -0.891    -0.094
 2     0.864    -0.453     0.218
 2    -0.237     0.015     0.971
 3   132.119    -4.730     5.147
 3     0.495    -0.027    -0.868
 3     0.287     0.948     0.134
 3     0.820    -0.316     0.477
 4   118.549     7.741    -5.060
 4     0.765    -0.506     0.398
 4     0.559     0.828    -0.023
 4    -0.318     0.240     0.917
 5   126.743    16.487     8.791
 5     0.528    -0.839     0.133
 5    -0.051    -0.187    -0.981
 5     0.847     0.511    -0.141
 6   138.432    -2.417    21.273
 6     0.137     0.319    -0.938
 6    -0.974    -0.126    -0.185
 6    -0.177     0.939     0.294
 7   120.439   -20.953    -2.166
 7     0.835     0.452     0.312
 7    -0.520     0.834     0.183
 7    -0.178    -0.316     0.932
 8   128.116   -21.720    18.159
 8     0.602     0.656     0.456
 8     0.273    -0.705     0.654
 8     0.750    -0.269    -0.604
 9   139.547   -10.791    31.013
 9     0.382     0.682    -0.624
 9     0.920    -0.223     0.320
 9     0.079    -0.697    -0.713
 2    95.914   -19.313    59.897
 2    -0.444    -0.891    -0.094
 2     0.864    -0.453     0.217
 2    -0.236     0.015     0.971
 3   132.233    -4.725     5.286
 3     0.491    -0.022    -0.871
 3     0.287     0.948     0.138
 3     0.823    -0.318     0.471
 4   118.862     7.715    -5.083
 4     0.773    -0.501     0.389
 4     0.550     0.835    -0.019
 4    -0.316     0.228     0.921
 5   126.957    16.450     8.747
 5     0.515    -0.847     0.131
 5    -0.049    -0.183    -0.982
 5     0.855     0.499    -0.136
 6   138.438    -2.412    21.654
 6     0.137     0.303    -0.943
 6    -0.976    -0.124    -0.181
 6    -0.171     0.945     0.278
 7   120.570   -21.000    -2.129
 7     0.836     0.455     0.307
 7    -0.521     0.834     0.181
 7    -0.174    -0.312     0.934
 8   128.133   -21.662    18.185
 8     0.594     0.659     0.460
 8     0.276    -0.705     0.654
 8     0.755    -0.262    -0.601
 9   139.502   -10.790    31.112
 9     0.383     0.685    -0.619
 9     0.920    -0.226     0.320
 9     0.080    -0.692    -0.717
 2    95.914   -19.313    59.897
 2    -0.444    -0.891    -0.094
 2     0.864    -0.453     0.217
 2    -0.236     0.015     0.971
 3   132.277    -4.829     5.247
 3     0.493    -0.015    -0.870
 3     0.287     0.947     0.146
 3     0.821    -0.322     0.471
 4   118.959     7.556    -5.068
 4     0.777    -0.494     0.390
 4     0.541     0.840    -0.016
 4    -0.320     0.224     0.920
 5   127.179    16.397     8.630
 5     0.517    -0.847     0.125
 5    -0.049    -0.176    -0.983
 5     0.854     0.502    -0.133
 6   138.589    -2.541    21.560
 6     0.132     0.306    -0.943
 6    -0.976    -0.125    -0.178
 6    -0.172     0.943     0.282
 7   120.607   -20.952    -2.122
 7     0.838     0.450     0.306
 7    -0.515     0.839     0.175
 7    -0.178    -0.304     0.936
 8   128.307   -21.889    18.104
 8     0.592     0.667     0.452
 8     0.279    -0.696     0.661
 8     0.756    -0.265    -0.598
 9   139.605   -10.916    31.109
 9     0.385     0.685    -0.618
 9     0.919    -0.226     0.322
 9     0.081    -0.692    -0.717
 2    95.912   -19.314    59.899
 2    -0.444    -0.891    -0.094
 2     0.864    -0.453     0.218
 2    -0.237     0.015     0.971
 3   132.452    -4.856     5.323
 3     0.495    -0.015    -0.869
 3     0.285     0.947     0.146
 3     0.821    -0.320     0.473
 4   118.984     7.556    -5.042
 4     0.778    -0.493     0.390
 4     0.541     0.841    -0.017
 4    -0.320     0.224     0.920
 5   127.180    16.345     8.681
 5     0.517    -0.847     0.125
 5    -0.050    -0.175    -0.983
 5     0.854     0.502    -0.133
 6   138.707    -2.646    21.548
 6     0.133     0.310    -0.941
 6    -0.975    -0.127    -0.180
 6    -0.176     0.942     0.286
 7   120.783   -21.132    -2.283
 7     0.843     0.441     0.306
 7    -0.504     0.847     0.167
 7    -0.186    -0.296     0.937
 8   128.531   -22.345    17.712
 8     0.588     0.676     0.443
 8     0.281    -0.685     0.672
 8     0.758    -0.271    -0.593
 9   139.832   -11.091    30.947
 9     0.379     0.685    -0.621
 9     0.921    -0.219     0.321
 9     0.084    -0.695    -0.714
 2    95.962   -19.314    59.899
 2    -0.444    -0.891    -0.094
 2     0.864    -0.454     0.217
 2    -0.237     0.015     0.971
 3   132.514    -5.012     5.339
 3     0.499    -0.017    -0.866
 3     0.285     0.947     0.146
 3     0.818    -0.320     0.477
 4   118.980     7.377    -4.935
 4     0.777    -0.493     0.392
 4     0.541     0.840    -0.016
 4    -0.322     0.225     0.920
 5   127.255    16.269     8.681
 5     0.518    -0.846     0.125
 5    -0.050    -0.176    -0.983
 5     0.854     0.503    -0.133
 6   138.758    -2.773    21.498
 6     0.132     0.312    -0.941
 6    -0.975    -0.128    -0.180
 6    -0.176     0.941     0.288
 7   120.706   -21.184    -2.229
 7     0.843     0.441     0.307
 7    -0.504     0.847     0.167
 7    -0.187    -0.296     0.936
 8   128.573   -22.346    17.824
 8     0.590     0.677     0.439
 8     0.283    -0.683     0.673
 8     0.756    -0.273    -0.595
 9   139.899   -11.272    30.828
 9     0.382     0.679    -0.626
 9     0.920    -0.220     0.323
 9     0.081    -0.700    -0.710
 2    95.962   -19.314    59.899
 2    -0.444    -0.891    -0.094
 2     0.864    -0.454     0.218
 2    -0.237     0.015     0.971
 3   132.457    -5.066     5.324
 3     0.503    -0.015    -0.864
 3     0.285     0.946     0.149
 3     0.816    -0.322     0.480
 4   118.796     7.373    -4.928
 4     0.776    -0.490     0.396
 4     0.540     0.841    -0.019
 4    -0.325     0.228     0.918
 5   127.217    16.111     8.649
 5     0.522    -0.844     0.119
 5    -0.051    -0.171    -0.984
 5     0.851     0.508    -0.133
