% Calibrated with leiden_pols
% Positions are in centimeters
Data =[
 2    95.962   -19.314    59.899
 2    -0.444    -0.891    -0.094
 2     0.864    -0.453     0.217
 2    -0.237     0.015     0.971
 3   131.478    -4.620     5.010
 3     0.512    -0.038    -0.858
 3     0.284     0.950     0.127
 3     0.811    -0.309     0.497
 4   117.267     7.775    -4.863
 4     0.751    -0.508     0.423
 4     0.568     0.822    -0.022
 4    -0.337     0.256     0.906
 5   125.926    16.364     8.837
 5     0.551    -0.823     0.134
 5    -0.052    -0.195    -0.979
 5     0.833     0.532    -0.150
 6   137.956    -2.475    20.868
 6     0.132     0.340    -0.931
 6    -0.974    -0.128    -0.185
 6    -0.182     0.931     0.315
 7   119.416   -20.926    -2.036
 7     0.830     0.443     0.338
 7    -0.520     0.835     0.180
 7    -0.203    -0.325     0.923
 8   127.613   -21.842    17.976
 8     0.622     0.647     0.440
 8     0.269    -0.705     0.656
 8     0.735    -0.290    -0.613
 9   139.350   -10.927    30.414
 9     0.383     0.662    -0.644
 9     0.921    -0.218     0.324
 9     0.074    -0.717    -0.693
 2    95.962   -19.314    59.899
 2    -0.444    -0.891    -0.094
 2     0.864    -0.453     0.217
 2    -0.237     0.015     0.971
 3   131.662    -4.613     5.104
 3     0.505    -0.037    -0.863
 3     0.289     0.948     0.129
 3     0.813    -0.314     0.489
 4   117.760     7.731    -5.029
 4     0.754    -0.510     0.413
 4     0.567     0.823    -0.019
 4    -0.331     0.249     0.910
 5   126.175    16.475     8.660
 5     0.544    -0.828     0.136
 5    -0.049    -0.193    -0.980
 5     0.838     0.526    -0.145
 6   138.132    -2.370    20.985
 6     0.135     0.335    -0.932
 6    -0.974    -0.125    -0.186
 6    -0.180     0.934     0.309
 7   120.019   -20.912    -2.080
 7     0.833     0.447     0.325
 7    -0.520     0.834     0.184
 7    -0.189    -0.323     0.927
 8   127.956   -21.733    18.003
 8     0.615     0.651     0.446
 8     0.272    -0.705     0.655
 8     0.740    -0.281    -0.610
 9   139.526   -10.748    30.545
 9     0.382     0.667    -0.639
 9     0.921    -0.220     0.320
 9     0.073    -0.711    -0.699
 2    95.962   -19.314    59.899
 2    -0.444    -0.891    -0.094
 2     0.864    -0.453     0.218
 2    -0.237     0.015     0.971
 3   132.119    -4.730     5.147
 3     0.495    -0.027    -0.868
 3     0.287     0.948     0.134
 3     0.820    -0.316     0.477
 4   118.549     7.741    -5.060
 4     0.765    -0.506     0.398
 4     0.559     0.828    -0.023
 4    -0.318     0.240     0.917
 5   126.743    16.487     8.791
 5     0.528    -0.839     0.133
 5    -0.051    -0.187    -0.981
 5     0.847     0.511    -0.141
 6   138.432    -2.417    21.273
 6     0.137     0.319    -0.938
 6    -0.974    -0.126    -0.185
 6    -0.177     0.939     0.294
 7   120.439   -20.953    -2.166
 7     0.835     0.452     0.312
 7    -0.520     0.834     0.183
 7    -0.178    -0.316     0.932
 8   128.116   -21.720    18.159
 8     0.602     0.656     0.456
 8     0.273    -0.705     0.654
 8     0.750    -0.269    -0.604
 9   139.547   -10.791    31.013
 9     0.382     0.682    -0.624
 9     0.920    -0.223     0.320
 9     0.079    -0.697    -0.713
 2    95.914   -19.313    59.897
 2    -0.444    -0.891    -0.094
 2     0.864    -0.453     0.217
 2    -0.236     0.015     0.971
 3   132.233    -4.725     5.286
 3     0.491    -0.022    -0.871
 3     0.287     0.948     0.138
 3     0.823    -0.318     0.471
 4   118.862     7.715    -5.083
 4     0.773    -0.501     0.389
 4     0.550     0.835    -0.019
 4    -0.316     0.228     0.921
 5   126.957    16.450     8.747
 5     0.515    -0.847     0.131
 5    -0.049    -0.183    -0.982
 5     0.855     0.499    -0.136
 6   138.438    -2.412    21.654
 6     0.137     0.303    -0.943
 6    -0.976    -0.124    -0.181
 6    -0.171     0.945     0.278
 7   120.570   -21.000    -2.129
 7     0.836     0.455     0.307
 7    -0.521     0.834     0.181
 7    -0.174    -0.312     0.934
 8   128.133   -21.662    18.185
 8     0.594     0.659     0.460
 8     0.276    -0.705     0.654
 8     0.755    -0.262    -0.601
 9   139.502   -10.790    31.112
 9     0.383     0.685    -0.619
 9     0.920    -0.226     0.320
 9     0.080    -0.692    -0.717
 2    95.914   -19.313    59.897
 2    -0.444    -0.891    -0.094
 2     0.864    -0.453     0.217
 2    -0.236     0.015     0.971
 3   132.277    -4.829     5.247
 3     0.493    -0.015    -0.870
 3     0.287     0.947     0.146
 3     0.821    -0.322     0.471
 4   118.959     7.556    -5.068
 4     0.777    -0.494     0.390
 4     0.541     0.840    -0.016
 4    -0.320     0.224     0.920
 5   127.179    16.397     8.630
 5     0.517    -0.847     0.125
 5    -0.049    -0.176    -0.983
 5     0.854     0.502    -0.133
 6   138.589    -2.541    21.560
 6     0.132     0.306    -0.943
 6    -0.976    -0.125    -0.178
 6    -0.172     0.943     0.282
 7   120.607   -20.952    -2.122
 7     0.838     0.450     0.306
 7    -0.515     0.839     0.175
 7    -0.178    -0.304     0.936
 8   128.307   -21.889    18.104
 8     0.592     0.667     0.452
 8     0.279    -0.696     0.661
 8     0.756    -0.265    -0.598
 9   139.605   -10.916    31.109
 9     0.385     0.685    -0.618
 9     0.919    -0.226     0.322
 9     0.081    -0.692    -0.717
 2    95.912   -19.314    59.899
 2    -0.444    -0.891    -0.094
 2     0.864    -0.453     0.218
 2    -0.237     0.015     0.971
 3   132.452    -4.856     5.323
 3     0.495    -0.015    -0.869
 3     0.285     0.947     0.146
 3     0.821    -0.320     0.473
 4   118.984     7.556    -5.042
 4     0.778    -0.493     0.390
 4     0.541     0.841    -0.017
 4    -0.320     0.224     0.920
 5   127.180    16.345     8.681
 5     0.517    -0.847     0.125
 5    -0.050    -0.175    -0.983
 5     0.854     0.502    -0.133
 6   138.707    -2.646    21.548
 6     0.133     0.310    -0.941
 6    -0.975    -0.127    -0.180
 6    -0.176     0.942     0.286
 7   120.783   -21.132    -2.283
 7     0.843     0.441     0.306
 7    -0.504     0.847     0.167
 7    -0.186    -0.296     0.937
 8   128.531   -22.345    17.712
 8     0.588     0.676     0.443
 8     0.281    -0.685     0.672
 8     0.758    -0.271    -0.593
 9   139.832   -11.091    30.947
 9     0.379     0.685    -0.621
 9     0.921    -0.219     0.321
 9     0.084    -0.695    -0.714
 2    95.962   -19.314    59.899
 2    -0.444    -0.891    -0.094
 2     0.864    -0.454     0.217
 2    -0.237     0.015     0.971
 3   132.514    -5.012     5.339
 3     0.499    -0.017    -0.866
 3     0.285     0.947     0.146
 3     0.818    -0.320     0.477
 4   118.980     7.377    -4.935
 4     0.777    -0.493     0.392
 4     0.541     0.840    -0.016
 4    -0.322     0.225     0.920
 5   127.255    16.269     8.681
 5     0.518    -0.846     0.125
 5    -0.050    -0.176    -0.983
 5     0.854     0.503    -0.133
 6   138.758    -2.773    21.498
 6     0.132     0.312    -0.941
 6    -0.975    -0.128    -0.180
 6    -0.176     0.941     0.288
 7   120.706   -21.184    -2.229
 7     0.843     0.441     0.307
 7    -0.504     0.847     0.167
 7    -0.187    -0.296     0.936
 8   128.573   -22.346    17.824
 8     0.590     0.677     0.439
 8     0.283    -0.683     0.673
 8     0.756    -0.273    -0.595
 9   139.899   -11.272    30.828
 9     0.382     0.679    -0.626
 9     0.920    -0.220     0.323
 9     0.081    -0.700    -0.710
 2    95.962   -19.314    59.899
 2    -0.444    -0.891    -0.094
 2     0.864    -0.454     0.218
 2    -0.237     0.015     0.971
 3   132.457    -5.066     5.324
 3     0.503    -0.015    -0.864
 3     0.285     0.946     0.149
 3     0.816    -0.322     0.480
 4   118.796     7.373    -4.928
 4     0.776    -0.490     0.396
 4     0.540     0.841    -0.019
 4    -0.325     0.228     0.918
 5   127.217    16.111     8.649
 5     0.522    -0.844     0.119
 5    -0.051    -0.171    -0.984
 5     0.851     0.508    -0.133
 6   138.709    -2.956    21.233
 6     0.124     0.322    -0.939
 6    -0.976    -0.130    -0.174
 6    -0.178     0.938     0.298
 7   120.131   -21.318    -2.136
 7     0.836     0.449     0.316
 7    -0.515     0.840     0.168
 7    -0.190    -0.304     0.933
 8   128.234   -22.404    17.899
 8     0.598     0.669     0.441
 8     0.279    -0.690     0.668
 8     0.751    -0.276    -0.599
 9   139.714   -11.405    30.766
 9     0.389     0.672    -0.630
 9     0.918    -0.226     0.325
 9     0.076    -0.705    -0.705
 2    95.962   -19.263    59.899
 2    -0.444    -0.891    -0.094
 2     0.864    -0.454     0.218
 2    -0.237     0.015     0.971
 3   132.199    -5.245     5.342
 3     0.504    -0.008    -0.864
 3     0.290     0.943     0.161
 3     0.813    -0.331     0.477
 4   118.664     7.292    -5.042
 4     0.777    -0.486     0.399
 4     0.536     0.844    -0.016
 4    -0.329     0.226     0.917
 5   127.119    16.086     8.527
 5     0.523    -0.844     0.115
 5    -0.048    -0.164    -0.985
 5     0.851     0.510    -0.126
 6   138.601    -3.003    21.314
 6     0.117     0.317    -0.941
 6    -0.978    -0.125    -0.165
 6    -0.170     0.940     0.296
 7   120.156   -21.438    -2.010
 7     0.834     0.454     0.311
 7    -0.521     0.835     0.175
 7    -0.180    -0.308     0.934
 8   128.064   -22.350    18.153
 8     0.597     0.666     0.447
 8     0.281    -0.696     0.660
 8     0.751    -0.269    -0.603
 9   139.584   -11.381    30.855
 9     0.391     0.674    -0.627
 9     0.917    -0.232     0.323
 9     0.072    -0.702    -0.709
 2    95.962   -19.314    59.899
 2    -0.444    -0.891    -0.094
 2     0.864    -0.453     0.218
 2    -0.237     0.015     0.971
 3   132.162    -5.240     5.456
 3     0.498    -0.006    -0.867
 3     0.292     0.942     0.162
 3     0.816    -0.334     0.471
 4   118.717     7.190    -5.014
 4     0.779    -0.486     0.397
 4     0.534     0.845    -0.014
 4    -0.329     0.223     0.918
 5   127.180    16.038     8.567
 5     0.520    -0.846     0.115
 5    -0.048    -0.163    -0.985
 5     0.853     0.507    -0.125
 6   138.550    -3.002    21.363
 6     0.119     0.314    -0.942
 6    -0.978    -0.125    -0.165
 6    -0.170     0.941     0.293
 7   120.158   -21.437    -2.013
 7     0.834     0.455     0.310
 7    -0.521     0.835     0.176
 7    -0.179    -0.308     0.934
 8   127.814   -22.355    18.265
 8     0.603     0.654     0.456
 8     0.273    -0.707     0.652
 8     0.749    -0.268    -0.605
 9   139.398   -11.916    31.078
 9     0.438     0.674    -0.595
 9     0.896    -0.272     0.351
 9     0.075    -0.687    -0.723
 2    95.912   -19.314    59.899
 2    -0.444    -0.891    -0.094
 2     0.864    -0.453     0.218
 2    -0.237     0.015     0.971
 3   132.121    -5.264     5.445
 3     0.498    -0.004    -0.867
 3     0.289     0.943     0.161
 3     0.818    -0.331     0.470
 4   118.652     7.234    -5.024
 4     0.777    -0.483     0.403
 4     0.533     0.846    -0.013
 4    -0.335     0.225     0.915
 5   126.885    16.043     8.570
 5     0.516    -0.847     0.127
 5    -0.050    -0.178    -0.983
 5     0.855     0.500    -0.135
 6   138.556    -2.551    20.914
 6     0.171     0.354    -0.919
 6    -0.964    -0.132    -0.231
 6    -0.204     0.925     0.319
 7   119.706   -21.274    -2.009
 7     0.819     0.485     0.306
 7    -0.545     0.825     0.151
 7    -0.179    -0.290     0.940
 8   126.378   -22.375    18.442
 8     0.630     0.547     0.551
 8     0.194    -0.798     0.570
 8     0.751    -0.253    -0.610
 9   139.196   -14.016    31.695
 9     0.600     0.638    -0.482
 9     0.796    -0.425     0.429
 9     0.069    -0.642    -0.764
 2    95.962   -19.314    59.899
 2    -0.444    -0.891    -0.094
 2     0.864    -0.453     0.218
 2    -0.237     0.015     0.971
 3   132.088    -5.314     5.422
 3     0.497     0.002    -0.868
 3     0.278     0.947     0.162
 3     0.822    -0.322     0.470
 4   118.639     7.331    -5.010
 4     0.776    -0.480     0.409
 4     0.531     0.847    -0.013
 4    -0.340     0.228     0.912
 5   126.257    16.198     8.700
 5     0.496    -0.849     0.178
 5    -0.047    -0.232    -0.972
 5     0.867     0.474    -0.155
 6   138.948    -1.003    20.725
 6     0.312     0.398    -0.863
 6    -0.908    -0.141    -0.394
 6    -0.278     0.906     0.317
 7   119.461   -21.160    -2.160
 7     0.800     0.519     0.301
 7    -0.574     0.809     0.128
 7    -0.177    -0.275     0.945
 8   125.088   -22.564    18.345
 8     0.638     0.407     0.653
 8     0.101    -0.885     0.453
 8     0.763    -0.223    -0.606
 9   138.455   -16.749    32.174
 9     0.766     0.536    -0.355
 9     0.642    -0.608     0.467
 9     0.035    -0.585    -0.810
 2    95.962   -19.314    59.899
 2    -0.443    -0.891    -0.094
 2     0.864    -0.453     0.217
 2    -0.237     0.015     0.971
 3   132.071    -5.366     5.409
 3     0.497     0.004    -0.867
 3     0.271     0.949     0.160
 3     0.824    -0.315     0.471
 4   118.742     7.513    -5.067
 4     0.772    -0.489     0.406
 4     0.538     0.843    -0.009
 4    -0.338     0.225     0.914
 5   125.717    16.290     8.761
 5     0.472    -0.847     0.244
 5    -0.033    -0.294    -0.955
 5     0.881     0.442    -0.167
 6   139.254     1.414    20.596
 6     0.454     0.442    -0.774
 6    -0.819    -0.135    -0.558
 6    -0.350     0.887     0.300
 7   119.567   -21.031    -2.247
 7     0.788     0.544     0.287
 7    -0.594     0.795     0.121
 7    -0.163    -0.266     0.950
 8   124.137   -22.148    18.645
 8     0.616     0.273     0.738
 8     0.033    -0.946     0.323
 8     0.786    -0.174    -0.592
 9   138.082   -18.680    32.891
 9     0.891     0.380    -0.246
 9     0.452    -0.767     0.454
 9    -0.016    -0.516    -0.856
 2    95.962   -19.314    59.950
 2    -0.443    -0.891    -0.095
 2     0.864    -0.453     0.218
 2    -0.237     0.015     0.971
 3   132.204    -5.315     5.398
 3     0.496     0.006    -0.868
 3     0.266     0.951     0.159
 3     0.826    -0.310     0.470
 4   119.071     7.558    -5.244
 4     0.763    -0.522     0.381
 4     0.558     0.830     0.019
 4    -0.327     0.198     0.924
 5   124.503    16.660     8.983
 5     0.451    -0.814     0.367
 5     0.017    -0.403    -0.915
 5     0.892     0.418    -0.168
 6   139.237     5.393    20.694
 6     0.618     0.455    -0.641
 6    -0.674    -0.111    -0.730
 6    -0.403     0.883     0.238
 7   119.610   -21.102    -2.091
 7     0.773     0.573     0.271
 7    -0.618     0.777     0.117
 7    -0.144    -0.259     0.955
 8   123.376   -22.078    18.904
 8     0.603     0.153     0.783
 8    -0.029    -0.976     0.213
 8     0.797    -0.151    -0.584
 9   137.461   -21.169    32.797
 9     0.971     0.155    -0.179
 9     0.219    -0.875     0.431
 9    -0.090    -0.458    -0.884
 2    95.912   -19.314    59.899
 2    -0.443    -0.891    -0.095
 2     0.864    -0.453     0.218
 2    -0.237     0.015     0.971
 3   132.337    -5.314     5.437
 3     0.495     0.009    -0.869
 3     0.261     0.952     0.159
 3     0.828    -0.305     0.469
 4   119.210     7.691    -5.252
 4     0.745    -0.565     0.355
 4     0.592     0.805     0.037
 4    -0.307     0.182     0.934
 5   123.490    16.812     9.061
 5     0.443    -0.756     0.481
 5     0.066    -0.508    -0.859
 5     0.894     0.412    -0.175
 6   138.867     9.935    20.941
 6     0.770     0.472    -0.429
 6    -0.456    -0.063    -0.888
 6    -0.446     0.879     0.166
 7   119.689   -21.147    -2.097
 7     0.767     0.584     0.265
 7    -0.628     0.768     0.123
 7    -0.132    -0.261     0.956
 8   123.282   -21.785    18.771
 8     0.587     0.076     0.806
 8    -0.048    -0.990     0.128
 8     0.808    -0.114    -0.578
 9   137.444   -22.398    32.910
 9     0.982    -0.099    -0.160
 9    -0.033    -0.928     0.371
 9    -0.185    -0.359    -0.914
 2    95.962   -19.314    59.950
 2    -0.443    -0.891    -0.094
 2     0.864    -0.453     0.218
 2    -0.237     0.015     0.971
 3   132.481    -5.240     5.467
 3     0.498     0.004    -0.867
 3     0.260     0.953     0.154
 3     0.827    -0.302     0.473
 4   119.467     8.117    -5.208
 4     0.735    -0.608     0.300
 4     0.632     0.774     0.019
 4    -0.244     0.176     0.953
 5   122.870    16.612     9.572
 5     0.426    -0.724     0.542
 5     0.061    -0.575    -0.816
 5     0.902     0.380    -0.201
 6   137.672    12.891    20.913
 6     0.818     0.539    -0.200
 6    -0.234    -0.005    -0.972
 6    -0.525     0.842     0.122
 7   119.752   -21.000    -1.946
 7     0.763     0.598     0.246
 7    -0.638     0.757     0.138
 7    -0.104    -0.263     0.959
 8   122.942   -21.324    18.971
 8     0.575    -0.007     0.818
 8    -0.075    -0.996     0.044
 8     0.814    -0.087    -0.574
 9   136.635   -24.181    32.450
 9     0.942    -0.280    -0.183
 9    -0.198    -0.908     0.369
 9    -0.270    -0.312    -0.911
 2    95.962   -19.314    59.899
 2    -0.444    -0.891    -0.094
 2     0.864    -0.453     0.218
 2    -0.237     0.015     0.971
 3   132.661    -5.250     5.307
 3     0.509     0.003    -0.861
 3     0.252     0.956     0.152
 3     0.823    -0.294     0.486
 4   119.546     8.238    -5.427
 4     0.715    -0.654     0.248
 4     0.667     0.744     0.037
 4    -0.209     0.139     0.968
 5   121.706    16.481     9.483
 5     0.417    -0.641     0.644
 5     0.094    -0.674    -0.733
 5     0.904     0.366    -0.221
 6   135.863    16.459    20.553
 6     0.824     0.566     0.017
 6    -0.034     0.079    -0.996
 6    -0.565     0.820     0.084
 7   119.288   -20.899    -1.952
 7     0.729     0.644     0.230
 7    -0.679     0.721     0.135
 7    -0.079    -0.255     0.964
 8   122.304   -21.138    19.173
 8     0.559    -0.145     0.816
 8    -0.140    -0.987    -0.079
 8     0.817    -0.070    -0.572
 9   135.571   -25.893    32.264
 9     0.884    -0.426    -0.194
 9    -0.334    -0.865     0.374
 9    -0.327    -0.266    -0.907
 2    95.962   -19.314    59.899
 2    -0.444    -0.891    -0.094
 2     0.864    -0.453     0.218
 2    -0.237     0.015     0.971
 3   132.778    -5.176     5.122
 3     0.536     0.004    -0.844
 3     0.241     0.957     0.157
 3     0.809    -0.288     0.512
 4   119.121     8.445    -5.480
 4     0.669    -0.718     0.191
 4     0.723     0.689     0.054
 4    -0.171     0.101     0.980
 5   120.403    16.112     9.795
 5     0.412    -0.538     0.735
 5     0.111    -0.771    -0.627
 5     0.904     0.340    -0.258
 6   134.049    18.799    21.219
 6     0.814     0.551     0.179
 6     0.140     0.113    -0.984
 6    -0.563     0.826     0.015
 7   118.627   -20.906    -1.795
 7     0.699     0.677     0.228
 7    -0.711     0.690     0.135
 7    -0.066    -0.257     0.964
 8   121.795   -20.867    19.342
 8     0.555    -0.202     0.806
 8    -0.164    -0.978    -0.132
 8     0.815    -0.059    -0.576
 9   134.745   -26.635    31.958
 9     0.847    -0.487    -0.211
 9    -0.390    -0.841     0.374
 9    -0.360    -0.234    -0.903
 2    95.962   -19.314    59.899
 2    -0.444    -0.891    -0.094
 2     0.864    -0.453     0.217
 2    -0.237     0.015     0.971
 3   132.598    -5.480     4.648
 3     0.560    -0.000    -0.828
 3     0.228     0.961     0.154
 3     0.796    -0.276     0.539
 4   118.855     8.521    -5.488
 4     0.640    -0.754     0.148
 4     0.752     0.654     0.078
 4    -0.156     0.062     0.986
 5   119.403    15.752     9.760
 5     0.398    -0.437     0.806
 5     0.130    -0.843    -0.521
 5     0.908     0.312    -0.279
 6   132.700    19.840    21.189
 6     0.806     0.528     0.265
 6     0.219     0.148    -0.964
 6    -0.549     0.836     0.004
 7   118.094   -20.851    -1.816
 7     0.673     0.702     0.233
 7    -0.736     0.666     0.119
 7    -0.072    -0.252     0.965
 8   121.368   -20.806    19.047
 8     0.553    -0.251     0.794
 8    -0.193    -0.966    -0.171
 8     0.810    -0.058    -0.583
 9   134.179   -27.368    31.496
 9     0.821    -0.529    -0.214
 9    -0.427    -0.819     0.383
 9    -0.378    -0.224    -0.898
 2    95.962   -19.314    59.899
 2    -0.444    -0.891    -0.094
 2     0.864    -0.453     0.218
 2    -0.237     0.015     0.971
 3   132.666    -5.388     4.322
 3     0.571    -0.012    -0.821
 3     0.227     0.963     0.144
 3     0.789    -0.269     0.552
 4   118.618     8.656    -5.442
 4     0.617    -0.773     0.148
 4     0.771     0.631     0.081
 4    -0.156     0.064     0.986
 5   118.827    15.697     9.704
 5     0.394    -0.376     0.839
 5     0.154    -0.873    -0.464
 5     0.906     0.312    -0.286
 6   131.907    20.938    21.314
 6     0.799     0.510     0.318
 6     0.267     0.173    -0.948
 6    -0.538     0.843     0.002
 7   117.901   -20.816    -1.919
 7     0.658     0.717     0.230
 7    -0.749     0.655     0.100
 7    -0.079    -0.238     0.968
 8   120.980   -20.584    18.908
 8     0.525    -0.296     0.797
 8    -0.218    -0.953    -0.210
 8     0.823    -0.063    -0.565
 9   133.251   -28.038    31.573
 9     0.813    -0.562    -0.151
 9    -0.476    -0.792     0.380
 9    -0.334    -0.238    -0.912
 2    95.912   -19.314    59.899
 2    -0.444    -0.891    -0.094
 2     0.864    -0.453     0.218
 2    -0.237     0.015     0.971
 3   132.658    -5.211     4.274
 3     0.571    -0.023    -0.821
 3     0.229     0.964     0.133
 3     0.788    -0.265     0.555
 4   118.442     8.737    -5.451
 4     0.607    -0.781     0.148
 4     0.780     0.621     0.080
 4    -0.154     0.067     0.985
 5   118.746    15.645     9.683
 5     0.396    -0.372     0.840
 5     0.155    -0.874    -0.460
 5     0.905     0.312    -0.288
 6   131.811    21.072    21.473
 6     0.801     0.492     0.341
 6     0.296     0.170    -0.940
 6    -0.521     0.854    -0.009
 7   117.884   -20.647    -2.082
 7     0.655     0.721     0.225
 7    -0.751     0.655     0.086
 7    -0.085    -0.226     0.970
 8   120.861   -20.669    18.679
 8     0.516    -0.315     0.797
 8    -0.233    -0.947    -0.223
 8     0.824    -0.070    -0.562
 9   133.030   -28.415    31.632
 9     0.810    -0.572    -0.129
 9    -0.492    -0.782     0.382
 9    -0.319    -0.246    -0.915
 2    95.912   -19.314    59.899
 2    -0.444    -0.891    -0.094
 2     0.864    -0.453     0.218
 2    -0.237     0.015     0.971
 3   132.729    -5.085     4.169
 3     0.572    -0.031    -0.820
 3     0.229     0.965     0.123
 3     0.788    -0.259     0.559
 4   118.545     8.895    -5.465
 4     0.599    -0.786     0.148
 4     0.786     0.613     0.075
 4    -0.150     0.071     0.986
 5   118.793    15.748     9.756
 5     0.395    -0.368     0.841
 5     0.155    -0.876    -0.456
 5     0.905     0.310    -0.290
 6   131.869    21.396    21.914
 6     0.806     0.476     0.351
 6     0.305     0.174    -0.936
 6    -0.507     0.862    -0.005
 7   118.098   -20.375    -2.260
 7     0.646     0.734     0.209
 7    -0.758     0.648     0.067
 7    -0.086    -0.202     0.975
 8   120.757   -20.421    18.509
 8     0.492    -0.352     0.796
 8    -0.251    -0.933    -0.258
 8     0.833    -0.073    -0.548
 9   132.479   -28.876    31.704
 9     0.798    -0.594    -0.099
 9    -0.518    -0.761     0.390
 9    -0.307    -0.260    -0.915
 2    95.912   -19.314    59.899
 2    -0.444    -0.891    -0.094
 2     0.864    -0.453     0.218
 2    -0.237     0.015     0.971
 3   132.851    -4.856     4.143
 3     0.571    -0.037    -0.820
 3     0.229     0.966     0.116
 3     0.788    -0.255     0.560
 4   118.604     9.083    -5.437
 4     0.589    -0.795     0.144
 4     0.795     0.602     0.071
 4    -0.143     0.073     0.987
 5   118.648    15.713     9.775
 5     0.391    -0.335     0.857
 5     0.159    -0.893    -0.421
 5     0.907     0.300    -0.296
 6   131.526    21.818    21.992
 6     0.801     0.464     0.378
 6     0.328     0.188    -0.926
 6    -0.501     0.866    -0.002
 7   118.121   -20.305    -2.441
 7     0.637     0.745     0.199
 7    -0.766     0.640     0.056
 7    -0.085    -0.188     0.978
 8   120.756   -20.247    18.337
 8     0.480    -0.378     0.791
 8    -0.262    -0.923    -0.282
 8     0.837    -0.072    -0.542
 9   132.263   -29.057    31.649
 9     0.790    -0.606    -0.088
 9    -0.532    -0.750     0.392
 9    -0.304    -0.263    -0.916
 2    95.912   -19.314    59.899
 2    -0.444    -0.891    -0.094
 2     0.864    -0.453     0.218
 2    -0.237     0.015     0.971
 3   133.062    -4.449     3.997
 3     0.571    -0.055    -0.819
 3     0.237     0.966     0.100
 3     0.786    -0.252     0.564
 4   118.421     9.219    -5.442
 4     0.564    -0.814     0.139
 4     0.813     0.577     0.076
 4    -0.142     0.070     0.987
 5   118.094    15.633     9.806
 5     0.380    -0.285     0.880
 5     0.177    -0.911    -0.371
 5     0.908     0.297    -0.296
 6   130.548    22.695    22.148
 6     0.790     0.439     0.427
 6     0.377     0.200    -0.904
 6    -0.483     0.876    -0.007
 7   118.306   -20.250    -2.562
 7     0.635     0.749     0.189
 7    -0.768     0.638     0.055
 7    -0.079    -0.181     0.980
 8   120.813   -20.064    18.302
 8     0.470    -0.391     0.791
 8    -0.261    -0.918    -0.299
 8     0.843    -0.066    -0.534
 9   132.158   -29.003    31.755
 9     0.786    -0.613    -0.078
 9    -0.543    -0.745     0.388
 9    -0.296    -0.263    -0.918
 2    95.962   -19.314    59.899
 2    -0.444    -0.891    -0.094
 2     0.864    -0.453     0.218
 2    -0.237     0.015     0.971
 3   133.149    -4.192     3.929
 3     0.568    -0.072    -0.820
 3     0.250     0.964     0.088
 3     0.784    -0.255     0.565
 4   118.232     9.219    -5.560
 4     0.550    -0.824     0.137
 4     0.822     0.562     0.083
 4    -0.146     0.067     0.987
 5   117.860    15.637     9.710
 5     0.378    -0.271     0.885
 5     0.184    -0.915    -0.359
 5     0.907     0.299    -0.296
 6   130.340    23.014    22.194
 6     0.790     0.428     0.439
 6     0.390     0.203    -0.898
 6    -0.474     0.881    -0.006
 7   118.541   -20.140    -2.482
 7     0.643     0.744     0.182
 7    -0.763     0.644     0.060
 7    -0.073    -0.178     0.981
 8   120.982   -19.825    18.319
 8     0.467    -0.381     0.797
 8    -0.249    -0.922    -0.294
 8     0.848    -0.061    -0.526
 9   132.292   -28.794    31.835
 9     0.792    -0.605    -0.076
 9    -0.536    -0.751     0.385
 9    -0.290    -0.264    -0.920
 2    95.962   -19.314    59.899
 2    -0.444    -0.891    -0.094
 2     0.864    -0.453     0.218
 2    -0.237     0.015     0.971
 3   133.166    -3.911     3.932
 3     0.566    -0.084    -0.820
 3     0.257     0.963     0.078
 3     0.783    -0.255     0.566
 4   118.182     9.352    -5.617
 4     0.538    -0.832     0.133
 4     0.830     0.550     0.085
 4    -0.144     0.065     0.987
 5   117.585    15.649     9.693
 5     0.372    -0.246     0.895
 5     0.190    -0.923    -0.333
 5     0.908     0.294    -0.297
 6   130.062    23.307    22.343
 6     0.790     0.414     0.451
 6     0.400     0.209    -0.892
 6    -0.464     0.886     0.000
 7   118.717   -20.010    -2.593
 7     0.646     0.742     0.177
 7    -0.760     0.647     0.059
 7    -0.071    -0.173     0.982
 8   121.050   -19.646    18.219
 8     0.460    -0.385     0.800
 8    -0.249    -0.921    -0.300
 8     0.852    -0.061    -0.519
 9   132.344   -28.691    31.827
 9     0.795    -0.602    -0.076
 9    -0.534    -0.753     0.385
 9    -0.288    -0.266    -0.920
 2    95.962   -19.314    59.899
 2    -0.444    -0.891    -0.094
 2     0.864    -0.453     0.217
 2    -0.237     0.016     0.971
 3   133.263    -3.681     3.880
 3     0.564    -0.093    -0.820
 3     0.260     0.963     0.069
 3     0.783    -0.253     0.568
 4   118.131     9.483    -5.620
 4     0.527    -0.840     0.127
 4     0.838     0.539     0.088
 4    -0.143     0.060     0.988
 5   117.413    15.582     9.681
 5     0.368    -0.229     0.901
 5     0.196    -0.928    -0.316
 5     0.909     0.292    -0.297
 6   129.678    23.553    22.433
 6     0.787     0.402     0.467
 6     0.418     0.209    -0.884
 6    -0.454     0.891    -0.004
 7   118.814   -19.961    -2.671
 7     0.643     0.746     0.171
 7    -0.762     0.645     0.053
 7    -0.071    -0.165     0.984
 8   121.029   -19.542    18.031
 8     0.449    -0.394     0.802
 8    -0.250    -0.917    -0.310
 8     0.858    -0.061    -0.510
 9   132.087   -28.560    31.797
 9     0.795    -0.603    -0.063
 9    -0.539    -0.750     0.382
 9    -0.278    -0.271    -0.922
 2    95.912   -19.314    59.899
 2    -0.444    -0.891    -0.094
 2     0.864    -0.453     0.218
 2    -0.237     0.015     0.971
 3   133.260    -3.553     3.802
 3     0.564    -0.099    -0.820
 3     0.262     0.963     0.064
 3     0.783    -0.251     0.569
 4   117.955     9.539    -5.622
 4     0.514    -0.849     0.119
 4     0.846     0.525     0.093
 4    -0.142     0.053     0.988
 5   117.114    15.543     9.612
 5     0.362    -0.200     0.910
 5     0.201    -0.937    -0.286
 5     0.910     0.287    -0.299
 6   129.215    24.001    22.559
 6     0.779     0.386     0.493
 6     0.440     0.221    -0.870
 6    -0.446     0.895     0.002
 7   118.815   -19.836    -2.728
 7     0.640     0.750     0.164
 7    -0.765     0.642     0.049
 7    -0.069    -0.157     0.985
 8   120.951   -19.335    18.107
 8     0.441    -0.401     0.802
 8    -0.248    -0.914    -0.321
 8     0.862    -0.057    -0.503
 9   132.048   -28.381    31.866
 9     0.792    -0.607    -0.060
 9    -0.545    -0.748     0.378
 9    -0.275    -0.267    -0.924
 2    95.962   -19.314    59.899
 2    -0.444    -0.891    -0.094
 2     0.864    -0.453     0.218
 2    -0.237     0.015     0.971
 3   133.255    -3.453     3.807
 3     0.565    -0.102    -0.819
 3     0.263     0.963     0.061
 3     0.782    -0.250     0.570
 4   117.906     9.540    -5.624
 4     0.511    -0.852     0.117
 4     0.848     0.521     0.094
 4    -0.141     0.051     0.989
 5   117.018    15.548     9.651
 5     0.360    -0.192     0.913
 5     0.201    -0.939    -0.277
 5     0.911     0.284    -0.300
 6   129.121    23.929    22.574
 6     0.780     0.385     0.493
 6     0.442     0.219    -0.870
 6    -0.443     0.896     0.000
 7   118.770   -19.935    -2.734
 7     0.641     0.750     0.163
 7    -0.765     0.642     0.051
 7    -0.067    -0.158     0.985
 8   121.006   -19.350    18.044
 8     0.446    -0.391     0.805
 8    -0.236    -0.919    -0.316
 8     0.863    -0.049    -0.502
 9   132.149   -28.225    31.916
 9     0.795    -0.603    -0.065
 9    -0.540    -0.754     0.374
 9    -0.275    -0.262    -0.925
 2    95.912   -19.314    59.899
 2    -0.444    -0.891    -0.094
 2     0.864    -0.454     0.217
 2    -0.237     0.015     0.971
 3   133.303    -3.375     3.755
 3     0.563    -0.108    -0.819
 3     0.267     0.962     0.056
 3     0.782    -0.250     0.571
 4   117.905     9.543    -5.624
 4     0.504    -0.856     0.112
 4     0.852     0.515     0.097
 4    -0.141     0.047     0.989
 5   116.992    15.499     9.599
 5     0.359    -0.190     0.913
 5     0.203    -0.940    -0.275
 5     0.911     0.284    -0.300
 6   129.122    23.929    22.550
 6     0.779     0.383     0.496
 6     0.443     0.222    -0.868
 6    -0.443     0.896     0.003
 7   118.947   -19.778    -2.748
 7     0.646     0.746     0.156
 7    -0.760     0.648     0.050
 7    -0.064    -0.152     0.986
 8   121.132   -19.350    17.962
 8     0.445    -0.386     0.807
 8    -0.235    -0.921    -0.310
 8     0.864    -0.052    -0.501
 9   132.223   -28.148    31.863
 9     0.797    -0.599    -0.067
 9    -0.537    -0.756     0.374
 9    -0.275    -0.263    -0.925
 2    95.912   -19.314    59.899
 2    -0.443    -0.891    -0.094
 2     0.864    -0.453     0.217
 2    -0.237     0.016     0.971
 3   133.381    -3.245     3.801
 3     0.560    -0.113    -0.821
 3     0.270     0.961     0.052
 3     0.783    -0.251     0.569
 4   117.959     9.546    -5.628
 4     0.500    -0.859     0.108
 4     0.854     0.510     0.097
 4    -0.139     0.043     0.989
 5   116.947    15.379     9.592
 5     0.353    -0.180     0.918
 5     0.206    -0.942    -0.264
 5     0.912     0.282    -0.296
 6   128.961    23.937    22.533
 6     0.779     0.375     0.502
 6     0.449     0.225    -0.865
 6    -0.437     0.899     0.007
 7   119.051   -19.878    -2.805
 7     0.646     0.747     0.154
 7    -0.761     0.647     0.050
 7    -0.062    -0.150     0.987
 8   121.128   -19.221    17.962
 8     0.437    -0.395     0.808
 8    -0.235    -0.917    -0.321
 8     0.868    -0.050    -0.494
 9   132.224   -28.097    31.911
 9     0.798    -0.599    -0.065
 9    -0.537    -0.756     0.374
 9    -0.274    -0.264    -0.925
 2    95.964   -19.338    59.897
 2    -0.444    -0.891    -0.094
 2     0.864    -0.453     0.217
 2    -0.236     0.015     0.971
 3   133.376    -3.246     3.755
 3     0.560    -0.115    -0.821
 3     0.271     0.961     0.050
 3     0.782    -0.251     0.569
 4   117.847     9.468    -5.720
 4     0.494    -0.863     0.110
 4     0.858     0.504     0.101
 4    -0.143     0.044     0.989
 5   116.756    15.330     9.526
 5     0.354    -0.161     0.921
 5     0.214    -0.945    -0.248
 5     0.910     0.285    -0.300
 6   128.790    24.122    22.471
 6     0.776     0.369     0.511
 6     0.458     0.228    -0.859
 6    -0.434     0.901     0.008
 7   118.904   -19.929    -2.755
 7     0.643     0.750     0.155
 7    -0.763     0.644     0.052
 7    -0.061    -0.152     0.986
 8   121.141   -19.165    17.929
 8     0.436    -0.407     0.802
 8    -0.234    -0.912    -0.336
 8     0.869    -0.042    -0.493
 9   132.157   -28.046    31.987
 9     0.794    -0.605    -0.065
 9    -0.543    -0.753     0.370
 9    -0.273    -0.259    -0.927
 2    95.962   -19.314    59.899
 2    -0.444    -0.891    -0.094
 2     0.864    -0.453     0.218
 2    -0.237     0.016     0.971
 3   133.178    -3.277     3.605
 3     0.566    -0.120    -0.815
 3     0.276     0.959     0.050
 3     0.776    -0.254     0.577
 4   117.389     9.305    -5.738
 4     0.486    -0.865     0.122
 4     0.859     0.499     0.110
 4    -0.156     0.051     0.986
 5   116.454    15.275     9.550
 5     0.360    -0.148     0.921
 5     0.221    -0.945    -0.239
 5     0.906     0.290    -0.308
 6   128.565    24.178    22.358
 6     0.771     0.368     0.519
 6     0.466     0.227    -0.855
 6    -0.432     0.902     0.004
 7   118.480   -20.138    -2.662
 7     0.635     0.753     0.167
 7    -0.769     0.636     0.056
 7    -0.064    -0.164     0.984
 8   120.983   -19.161    18.073
 8     0.443    -0.410     0.797
 8    -0.232    -0.911    -0.340
 8     0.866    -0.034    -0.499
 9   132.026   -28.152    31.987
 9     0.787    -0.613    -0.073
 9    -0.550    -0.750     0.368
 9    -0.280    -0.249    -0.927
 2    95.964   -19.313    59.897
 2    -0.444    -0.891    -0.094
 2     0.864    -0.453     0.217
 2    -0.236     0.015     0.971
 3   132.938    -3.383     3.496
 3     0.572    -0.123    -0.811
 3     0.279     0.959     0.051
 3     0.772    -0.256     0.582
 4   117.071     9.122    -5.797
 4     0.484    -0.865     0.128
 4     0.860     0.498     0.114
 4    -0.163     0.055     0.985
 5   116.234    15.093     9.515
 5     0.365    -0.138     0.921
 5     0.225    -0.946    -0.231
 5     0.903     0.292    -0.314
 6   128.311    24.257    22.277
 6     0.768     0.368     0.524
 6     0.473     0.226    -0.851
 6    -0.432     0.902    -0.000
 7   118.256   -20.192    -2.605
 7     0.630     0.757     0.171
 7    -0.773     0.631     0.056
 7    -0.065    -0.168     0.984
 8   120.692   -19.160    18.123
 8     0.442    -0.427     0.789
 8    -0.235    -0.904    -0.358
 8     0.866    -0.027    -0.500
 9   131.705   -28.385    31.999
 9     0.776    -0.626    -0.072
 9    -0.563    -0.741     0.366
 9    -0.282    -0.244    -0.928
 2    95.912   -19.314    59.899
 2    -0.444    -0.891    -0.094
 2     0.864    -0.453     0.218
 2    -0.237     0.015     0.971
 3   132.855    -3.436     3.403
 3     0.574    -0.123    -0.810
 3     0.279     0.959     0.052
 3     0.770    -0.256     0.584
 4   116.966     9.120    -5.741
 4     0.483    -0.866     0.130
 4     0.860     0.497     0.115
 4    -0.165     0.055     0.985
 5   116.133    15.070     9.511
 5     0.365    -0.132     0.921
 5     0.227    -0.947    -0.225
 5     0.903     0.291    -0.316
 6   128.217    24.315    22.337
 6     0.766     0.365     0.529
 6     0.479     0.224    -0.849
 6    -0.428     0.904    -0.004
 7   118.031   -20.249    -2.648
 7     0.621     0.764     0.172
 7    -0.781     0.622     0.054
 7    -0.066    -0.168     0.983
 8   120.533   -19.110    18.113
 8     0.435    -0.444     0.783
 8    -0.240    -0.896    -0.374
 8     0.868    -0.025    -0.497
 9   131.192   -28.617    32.018
 9     0.766    -0.640    -0.059
 9    -0.580    -0.727     0.367
 9    -0.278    -0.247    -0.928
 2    95.912   -19.314    59.899
 2    -0.443    -0.891    -0.094
 2     0.864    -0.453     0.218
 2    -0.237     0.015     0.971
 3   132.803    -3.463     3.409
 3     0.574    -0.120    -0.810
 3     0.279     0.958     0.056
 3     0.769    -0.259     0.584
 4   116.914     9.119    -5.788
 4     0.482    -0.866     0.129
 4     0.860     0.496     0.117
 4    -0.166     0.054     0.984
 5   116.024    14.980     9.439
 5     0.357    -0.121     0.926
 5     0.229    -0.950    -0.212
 5     0.906     0.288    -0.311
 6   128.009    24.376    22.415
 6     0.766     0.356     0.534
 6     0.486     0.223    -0.845
 6    -0.420     0.907    -0.002
 7   117.962   -20.253    -2.607
 7     0.609     0.777     0.160
 7    -0.791     0.610     0.046
 7    -0.062    -0.155     0.986
 8   120.162   -18.994    18.165
 8     0.415    -0.478     0.774
 8    -0.256    -0.878    -0.404
 8     0.873    -0.031    -0.487
 9   130.220   -29.233    32.215
 9     0.745    -0.666    -0.024
 9    -0.612    -0.698     0.372
 9    -0.264    -0.263    -0.928
 2    95.912   -19.314    59.899
 2    -0.444    -0.891    -0.094
 2     0.864    -0.453     0.218
 2    -0.237     0.015     0.971
 3   132.867    -3.613     3.455
 3     0.572    -0.106    -0.813
 3     0.278     0.958     0.071
 3     0.771    -0.267     0.577
 4   117.095     9.093    -5.733
 4     0.488    -0.864     0.122
 4     0.857     0.501     0.120
 4    -0.166     0.046     0.985
 5   116.155    15.033     9.409
 5     0.353    -0.123     0.927
 5     0.229    -0.950    -0.213
 5     0.907     0.287    -0.307
 6   128.078    24.382    22.576
 6     0.771     0.348     0.533
 6     0.485     0.221    -0.846
 6    -0.413     0.911     0.002
 7   117.650   -20.314    -2.616
 7     0.584     0.798     0.147
 7    -0.810     0.585     0.038
 7    -0.056    -0.142     0.988
 8   119.781   -18.926    18.107
 8     0.402    -0.506     0.763
 8    -0.268    -0.862    -0.430
 8     0.875    -0.032    -0.482
 9   129.494   -29.542    32.255
 9     0.726    -0.688    -0.007
 9    -0.638    -0.677     0.367
 9    -0.257    -0.262    -0.930
 2    95.912   -19.314    59.899
 2    -0.444    -0.891    -0.094
 2     0.864    -0.453     0.218
 2    -0.237     0.015     0.971
 3   132.882    -3.871     3.397
 3     0.577    -0.080    -0.813
 3     0.262     0.960     0.091
 3     0.773    -0.266     0.575
 4   117.508     9.163    -5.782
 4     0.511    -0.850     0.123
 4     0.843     0.524     0.118
 4    -0.165     0.043     0.985
 5   116.698    15.105     9.299
 5     0.354    -0.149     0.923
 5     0.218    -0.947    -0.236
 5     0.909     0.285    -0.303
 6   128.985    23.922    22.567
 6     0.791     0.348     0.503
 6     0.458     0.209    -0.864
 6    -0.406     0.914     0.006
 7   117.414   -20.219    -2.668
 7     0.564     0.812     0.148
 7    -0.824     0.566     0.039
 7    -0.052    -0.144     0.988
 8   119.622   -18.767    17.964
 8     0.401    -0.511     0.760
