% Calibrated with leiden_pols
% Positions are in centimeters
Data =[
 2    95.962   -19.314    59.899
 2    -0.444    -0.891    -0.094
 2     0.864    -0.453     0.217
 2    -0.237     0.015     0.971
 3   135.622    -4.210     5.126
 3     0.457    -0.003    -0.890
 3     0.240     0.963     0.120
 3     0.856    -0.269     0.440
 4   123.070     8.783    -6.035
 4     0.768    -0.453     0.453
 4     0.554     0.825    -0.114
 4    -0.322     0.338     0.884
 5   127.680    18.526     7.994
 5     0.444    -0.763     0.469
 5     0.120    -0.469    -0.875
 5     0.888     0.445    -0.117
 6   141.054    19.699    32.944
 6     0.217    -0.187    -0.958
 6     0.065     0.982    -0.177
 6     0.974    -0.024     0.225
 7   122.145   -19.429    -3.239
 7     0.734     0.628     0.256
 7    -0.662     0.746     0.068
 7    -0.148    -0.220     0.964
 8   123.795   -21.708    17.066
 8     0.486     0.031     0.873
 8    -0.206    -0.967     0.149
 8     0.849    -0.252    -0.464
 9   132.038   -28.481    32.507
 9     0.485     0.693     0.532
 9    -0.206    -0.501     0.840
 9     0.850    -0.518    -0.100
 2    95.965   -19.313    59.897
 2    -0.443    -0.891    -0.094
 2     0.864    -0.453     0.217
 2    -0.236     0.015     0.971
 3   135.727    -4.420     5.532
 3     0.437     0.021    -0.899
 3     0.240     0.960     0.140
 3     0.866    -0.277     0.415
 4   123.696     8.558    -5.870
 4     0.788    -0.446     0.424
 4     0.532     0.840    -0.104
 4    -0.310     0.308     0.899
 5   127.954    18.443     7.903
 5     0.426    -0.774     0.468
 5     0.126    -0.461    -0.878
 5     0.896     0.433    -0.099
 6   140.978    19.942    33.203
 6     0.206    -0.185    -0.961
 6     0.070     0.982    -0.174
 6     0.976    -0.032     0.215
 7   122.221   -19.596    -3.024
 7     0.734     0.634     0.243
 7    -0.665     0.743     0.073
 7    -0.135    -0.215     0.967
 8   123.803   -21.750    17.280
 8     0.487     0.041     0.872
 8    -0.196    -0.968     0.154
 8     0.851    -0.246    -0.464
 9   131.929   -28.376    32.718
 9     0.480     0.693     0.537
 9    -0.205    -0.507     0.837
 9     0.853    -0.512    -0.102
 2    95.964   -19.313    59.896
 2    -0.444    -0.891    -0.094
 2     0.864    -0.453     0.217
 2    -0.236     0.016     0.971
 3   135.785    -4.998     5.694
 3     0.431     0.056    -0.901
 3     0.237     0.956     0.173
 3     0.870    -0.288     0.399
 4   124.209     8.076    -5.960
 4     0.808    -0.425     0.408
 4     0.506     0.855    -0.112
 4    -0.301     0.297     0.906
 5   128.503    18.092     7.824
 5     0.418    -0.790     0.448
 5     0.128    -0.437    -0.890
 5     0.899     0.429    -0.082
 6   141.600    19.560    33.153
 6     0.190    -0.126    -0.974
 6     0.081     0.990    -0.113
 6     0.978    -0.058     0.198
 7   122.187   -20.004    -3.036
 7     0.722     0.649     0.239
 7    -0.679     0.730     0.070
 7    -0.129    -0.213     0.968
 8   123.740   -22.041    17.338
 8     0.488     0.045     0.871
 8    -0.182    -0.971     0.152
 8     0.853    -0.233    -0.466
 9   131.614   -28.471    33.047
 9     0.470     0.677     0.566
 9    -0.206    -0.539     0.816
 9     0.858    -0.501    -0.114
 2    95.962   -19.314    59.899
 2    -0.444    -0.891    -0.094
 2     0.864    -0.453     0.217
 2    -0.237     0.015     0.971
 3   136.087    -5.530     5.622
 3     0.431     0.082    -0.898
 3     0.225     0.954     0.195
 3     0.874    -0.286     0.393
 4   124.582     7.795    -5.834
 4     0.820    -0.412     0.396
 4     0.488     0.865    -0.112
 4    -0.297     0.285     0.911
 5   128.690    17.923     7.891
 5     0.412    -0.790     0.454
 5     0.134    -0.441    -0.888
 5     0.901     0.426    -0.076
 6   141.666    19.492    33.323
 6     0.184    -0.115    -0.976
 6     0.084     0.991    -0.101
 6     0.979    -0.064     0.192
 7   122.158   -20.239    -3.027
 7     0.713     0.659     0.238
 7    -0.688     0.723     0.063
 7    -0.131    -0.209     0.969
 8   123.655   -22.130    17.264
 8     0.488     0.054     0.871
 8    -0.168    -0.974     0.154
 8     0.856    -0.222    -0.466
 9   131.409   -28.341    33.139
 9     0.465     0.664     0.585
 9    -0.207    -0.561     0.802
 9     0.860    -0.495    -0.123
 2    95.962   -19.314    59.899
 2    -0.444    -0.891    -0.094
 2     0.864    -0.454     0.218
 2    -0.237     0.015     0.971
 3   136.048    -5.887     5.541
 3     0.432     0.099    -0.896
 3     0.218     0.953     0.210
 3     0.875    -0.286     0.390
 4   124.715     7.613    -5.822
 4     0.827    -0.405     0.390
 4     0.477     0.873    -0.104
 4    -0.298     0.272     0.915
 5   128.719    17.832     7.864
 5     0.406    -0.786     0.466
 5     0.147    -0.447    -0.882
 5     0.902     0.426    -0.066
 6   141.606    19.394    33.258
 6     0.182    -0.106    -0.978
 6     0.083     0.992    -0.093
 6     0.980    -0.064     0.189
 7   121.935   -20.322    -2.920
 7     0.703     0.669     0.238
 7    -0.698     0.713     0.058
 7    -0.131    -0.207     0.969
 8   123.455   -22.199    17.302
 8     0.484     0.024     0.874
 8    -0.170    -0.978     0.120
 8     0.858    -0.207    -0.469
 9   131.193   -28.341    33.159
 9     0.462     0.658     0.594
 9    -0.209    -0.570     0.794
 9     0.861    -0.492    -0.126
 2    95.912   -19.314    59.899
 2    -0.444    -0.891    -0.094
 2     0.864    -0.453     0.217
 2    -0.237     0.015     0.971
 3   136.150    -5.887     5.542
 3     0.431     0.103    -0.896
 3     0.218     0.952     0.214
 3     0.875    -0.288     0.388
 4   124.765     7.560    -5.766
 4     0.828    -0.404     0.388
 4     0.474     0.874    -0.101
 4    -0.299     0.268     0.916
 5   128.719    17.934     7.865
 5     0.405    -0.786     0.467
 5     0.148    -0.448    -0.881
 5     0.902     0.426    -0.065
 6   141.607    19.493    33.308
 6     0.182    -0.103    -0.978
 6     0.081     0.993    -0.089
 6     0.980    -0.063     0.188
 7   122.007   -20.321    -3.020
 7     0.705     0.667     0.239
 7    -0.696     0.715     0.058
 7    -0.132    -0.207     0.969
 8   123.587   -22.124    17.170
 8     0.482     0.016     0.876
 8    -0.173    -0.978     0.113
 8     0.859    -0.206    -0.469
 9   131.323   -28.414    33.069
 9     0.461     0.667     0.585
 9    -0.206    -0.561     0.801
 9     0.863    -0.490    -0.122
 2    95.962   -19.314    59.899
 2    -0.444    -0.891    -0.094
 2     0.864    -0.454     0.218
 2    -0.237     0.015     0.971
 3   136.472    -5.533     5.234
 3     0.434     0.079    -0.897
 3     0.228     0.954     0.194
 3     0.871    -0.289     0.396
 4   124.573     7.665    -5.887
 4     0.816    -0.423     0.395
 4     0.492     0.865    -0.091
 4    -0.303     0.269     0.914
 5   128.496    18.165     7.731
 5     0.406    -0.774     0.486
 5     0.160    -0.463    -0.872
 5     0.899     0.432    -0.064
 6   141.614    19.682    33.137
 6     0.187    -0.111    -0.976
 6     0.074     0.992    -0.099
 6     0.979    -0.054     0.194
 7   122.608   -20.141    -3.185
 7     0.721     0.650     0.240
 7    -0.679     0.732     0.054
 7    -0.140    -0.202     0.969
 8   124.200   -22.163    16.903
 8     0.477     0.015     0.878
 8    -0.187    -0.975     0.119
 8     0.858    -0.221    -0.463
 9   131.989   -28.821    32.595
 9     0.459     0.693     0.555
 9    -0.203    -0.527     0.825
 9     0.865    -0.491    -0.102
 2    95.912   -19.314    59.899
 2    -0.444    -0.891    -0.094
 2     0.864    -0.453     0.218
 2    -0.237     0.015     0.971
 3   137.232    -5.166     5.320
 3     0.424     0.067    -0.903
 3     0.236     0.954     0.182
 3     0.874    -0.291     0.388
 4   125.804     7.664    -6.395
 4     0.823    -0.410     0.392
 4     0.480     0.871    -0.098
 4    -0.302     0.269     0.915
 5   129.742    18.302     6.760
 5     0.396    -0.785     0.476
 5     0.214    -0.426    -0.879
 5     0.893     0.450    -0.000
