% Calibrated with leiden_pols
% Positions are in centimeters
Data =[
 2    95.962   -19.314    59.899
 2    -0.444    -0.891    -0.094
 2     0.864    -0.453     0.217
 2    -0.237     0.015     0.971
 3   135.622    -4.210     5.126
 3     0.457    -0.003    -0.890
 3     0.240     0.963     0.120
 3     0.856    -0.269     0.440
 4   123.070     8.783    -6.035
 4     0.768    -0.453     0.453
 4     0.554     0.825    -0.114
 4    -0.322     0.338     0.884
 5   127.680    18.526     7.994
 5     0.444    -0.763     0.469
 5     0.120    -0.469    -0.875
 5     0.888     0.445    -0.117
 6   141.054    19.699    32.944
 6     0.217    -0.187    -0.958
 6     0.065     0.982    -0.177
 6     0.974    -0.024     0.225
 7   122.145   -19.429    -3.239
 7     0.734     0.628     0.256
 7    -0.662     0.746     0.068
 7    -0.148    -0.220     0.964
 8   123.795   -21.708    17.066
 8     0.486     0.031     0.873
 8    -0.206    -0.967     0.149
 8     0.849    -0.252    -0.464
 9   132.038   -28.481    32.507
 9     0.485     0.693     0.532
 9    -0.206    -0.501     0.840
 9     0.850    -0.518    -0.100
 2    95.965   -19.313    59.897
 2    -0.443    -0.891    -0.094
 2     0.864    -0.453     0.217
 2    -0.236     0.015     0.971
 3   135.727    -4.420     5.532
 3     0.437     0.021    -0.899
 3     0.240     0.960     0.140
 3     0.866    -0.277     0.415
 4   123.696     8.558    -5.870
 4     0.788    -0.446     0.424
 4     0.532     0.840    -0.104
 4    -0.310     0.308     0.899
 5   127.954    18.443     7.903
 5     0.426    -0.774     0.468
 5     0.126    -0.461    -0.878
 5     0.896     0.433    -0.099
 6   140.978    19.942    33.203
 6     0.206    -0.185    -0.961
 6     0.070     0.982    -0.174
 6     0.976    -0.032     0.215
 7   122.221   -19.596    -3.024
 7     0.734     0.634     0.243
 7    -0.665     0.743     0.073
 7    -0.135    -0.215     0.967
 8   123.803   -21.750    17.280
 8     0.487     0.041     0.872
 8    -0.196    -0.968     0.154
 8     0.851    -0.246    -0.464
 9   131.929   -28.376    32.718
 9     0.480     0.693     0.537
 9    -0.205    -0.507     0.837
 9     0.853    -0.512    -0.102
 2    95.964   -19.313    59.896
 2    -0.444    -0.891    -0.094
 2     0.864    -0.453     0.217
 2    -0.236     0.016     0.971
 3   135.785    -4.998     5.694
 3     0.431     0.056    -0.901
 3     0.237     0.956     0.173
 3     0.870    -0.288     0.399
 4   124.209     8.076    -5.960
 4     0.808    -0.425     0.408
 4     0.506     0.855    -0.112
 4    -0.301     0.297     0.906
 5   128.503    18.092     7.824
 5     0.418    -0.790     0.448
 5     0.128    -0.437    -0.890
 5     0.899     0.429    -0.082
 6   141.600    19.560    33.153
 6     0.190    -0.126    -0.974
 6     0.081     0.990    -0.113
 6     0.978    -0.058     0.198
 7   122.187   -20.004    -3.036
 7     0.722     0.649     0.239
 7    -0.679     0.730     0.070
 7    -0.129    -0.213     0.968
 8   123.740   -22.041    17.338
 8     0.488     0.045     0.871
 8    -0.182    -0.971     0.152
 8     0.853    -0.233    -0.466
 9   131.614   -28.471    33.047
 9     0.470     0.677     0.566
 9    -0.206    -0.539     0.816
 9     0.858    -0.501    -0.114
 2    95.962   -19.314    59.899
 2    -0.444    -0.891    -0.094
 2     0.864    -0.453     0.217
 2    -0.237     0.015     0.971
 3   136.087    -5.530     5.622
 3     0.431     0.082    -0.898
 3     0.225     0.954     0.195
 3     0.874    -0.286     0.393
 4   124.582     7.795    -5.834
 4     0.820    -0.412     0.396
 4     0.488     0.865    -0.112
 4    -0.297     0.285     0.911
 5   128.690    17.923     7.891
 5     0.412    -0.790     0.454
 5     0.134    -0.441    -0.888
 5     0.901     0.426    -0.076
 6   141.666    19.492    33.323
 6     0.184    -0.115    -0.976
 6     0.084     0.991    -0.101
 6     0.979    -0.064     0.192
 7   122.158   -20.239    -3.027
 7     0.713     0.659     0.238
 7    -0.688     0.723     0.063
 7    -0.131    -0.209     0.969
 8   123.655   -22.130    17.264
 8     0.488     0.054     0.871
 8    -0.168    -0.974     0.154
 8     0.856    -0.222    -0.466
 9   131.409   -28.341    33.139
 9     0.465     0.664     0.585
 9    -0.207    -0.561     0.802
 9     0.860    -0.495    -0.123
 2    95.962   -19.314    59.899
 2    -0.444    -0.891    -0.094
 2     0.864    -0.454     0.218
 2    -0.237     0.015     0.971
 3   136.048    -5.887     5.541
 3     0.432     0.099    -0.896
 3     0.218     0.953     0.210
 3     0.875    -0.286     0.390
 4   124.715     7.613    -5.822
 4     0.827    -0.405     0.390
 4     0.477     0.873    -0.104
 4    -0.298     0.272     0.915
 5   128.719    17.832     7.864
 5     0.406    -0.786     0.466
 5     0.147    -0.447    -0.882
 5     0.902     0.426    -0.066
 6   141.606    19.394    33.258
 6     0.182    -0.106    -0.978
 6     0.083     0.992    -0.093
 6     0.980    -0.064     0.189
 7   121.935   -20.322    -2.920
 7     0.703     0.669     0.238
 7    -0.698     0.713     0.058
 7    -0.131    -0.207     0.969
 8   123.455   -22.199    17.302
 8     0.484     0.024     0.874
 8    -0.170    -0.978     0.120
 8     0.858    -0.207    -0.469
 9   131.193   -28.341    33.159
 9     0.462     0.658     0.594
 9    -0.209    -0.570     0.794
 9     0.861    -0.492    -0.126
 2    95.912   -19.314    59.899
 2    -0.444    -0.891    -0.094
 2     0.864    -0.453     0.217
 2    -0.237     0.015     0.971
 3   136.150    -5.887     5.542
 3     0.431     0.103    -0.896
 3     0.218     0.952     0.214
 3     0.875    -0.288     0.388
 4   124.765     7.560    -5.766
 4     0.828    -0.404     0.388
 4     0.474     0.874    -0.101
 4    -0.299     0.268     0.916
 5   128.719    17.934     7.865
 5     0.405    -0.786     0.467
 5     0.148    -0.448    -0.881
 5     0.902     0.426    -0.065
 6   141.607    19.493    33.308
 6     0.182    -0.103    -0.978
 6     0.081     0.993    -0.089
 6     0.980    -0.063     0.188
 7   122.007   -20.321    -3.020
 7     0.705     0.667     0.239
 7    -0.696     0.715     0.058
 7    -0.132    -0.207     0.969
 8   123.587   -22.124    17.170
 8     0.482     0.016     0.876
 8    -0.173    -0.978     0.113
 8     0.859    -0.206    -0.469
 9   131.323   -28.414    33.069
 9     0.461     0.667     0.585
 9    -0.206    -0.561     0.801
 9     0.863    -0.490    -0.122
 2    95.962   -19.314    59.899
 2    -0.444    -0.891    -0.094
 2     0.864    -0.454     0.218
 2    -0.237     0.015     0.971
 3   136.472    -5.533     5.234
 3     0.434     0.079    -0.897
 3     0.228     0.954     0.194
 3     0.871    -0.289     0.396
 4   124.573     7.665    -5.887
 4     0.816    -0.423     0.395
 4     0.492     0.865    -0.091
 4    -0.303     0.269     0.914
 5   128.496    18.165     7.731
 5     0.406    -0.774     0.486
 5     0.160    -0.463    -0.872
 5     0.899     0.432    -0.064
 6   141.614    19.682    33.137
 6     0.187    -0.111    -0.976
 6     0.074     0.992    -0.099
 6     0.979    -0.054     0.194
 7   122.608   -20.141    -3.185
 7     0.721     0.650     0.240
 7    -0.679     0.732     0.054
 7    -0.140    -0.202     0.969
 8   124.200   -22.163    16.903
 8     0.477     0.015     0.878
 8    -0.187    -0.975     0.119
 8     0.858    -0.221    -0.463
 9   131.989   -28.821    32.595
 9     0.459     0.693     0.555
 9    -0.203    -0.527     0.825
 9     0.865    -0.491    -0.102
 2    95.912   -19.314    59.899
 2    -0.444    -0.891    -0.094
 2     0.864    -0.453     0.218
 2    -0.237     0.015     0.971
 3   137.232    -5.166     5.320
 3     0.424     0.067    -0.903
 3     0.236     0.954     0.182
 3     0.874    -0.291     0.388
 4   125.804     7.664    -6.395
 4     0.823    -0.410     0.392
 4     0.480     0.871    -0.098
 4    -0.302     0.269     0.915
 5   129.742    18.302     6.760
 5     0.396    -0.785     0.476
 5     0.214    -0.426    -0.879
 5     0.893     0.450    -0.000
 6   143.016    20.508    32.228
 6     0.184    -0.035    -0.982
 6     0.086     0.996    -0.020
 6     0.979    -0.081     0.186
 7   124.251   -19.756    -3.763
 7     0.738     0.634     0.231
 7    -0.659     0.751     0.041
 7    -0.148    -0.183     0.972
 8   125.738   -22.709    16.315
 8     0.485     0.068     0.872
 8    -0.213    -0.958     0.193
 8     0.848    -0.279    -0.450
 9   133.953   -29.854    31.650
 9     0.461     0.739     0.491
 9    -0.211    -0.446     0.870
 9     0.861    -0.505    -0.050
 2    95.912   -19.314    59.899
 2    -0.444    -0.891    -0.094
 2     0.864    -0.453     0.218
 2    -0.237     0.015     0.971
 3   138.827    -5.174     5.191
 3     0.409     0.060    -0.910
 3     0.244     0.954     0.172
 3     0.879    -0.293     0.376
 4   128.160     7.009    -6.894
 4     0.839    -0.388     0.380
 4     0.457     0.883    -0.107
 4    -0.294     0.264     0.918
 5   131.682    18.423     5.878
 5     0.391    -0.784     0.483
 5     0.292    -0.392    -0.872
 5     0.873     0.482     0.076
 6   144.981    22.198    31.087
 6     0.180     0.009    -0.984
 6     0.148     0.988     0.036
 6     0.972    -0.152     0.176
 7   127.242   -19.384    -4.512
 7     0.766     0.604     0.216
 7    -0.624     0.781     0.027
 7    -0.153    -0.156     0.976
 8   128.531   -23.445    14.762
 8     0.471     0.104     0.876
 8    -0.282    -0.923     0.261
 8     0.836    -0.370    -0.406
 9   136.570   -31.670    29.620
 9     0.453     0.772     0.445
 9    -0.272    -0.355     0.894
 9     0.849    -0.526     0.049
 2    95.912   -19.314    59.899
 2    -0.444    -0.891    -0.094
 2     0.864    -0.453     0.217
 2    -0.237     0.015     0.971
 3   141.456    -4.650     5.596
 3     0.366     0.043    -0.929
 3     0.249     0.958     0.142
 3     0.896    -0.284     0.340
 4   131.587     6.759    -7.230
 4     0.851    -0.398     0.342
 4     0.450     0.888    -0.089
 4    -0.268     0.230     0.935
 5   133.878    19.157     4.502
 5     0.324    -0.776     0.541
 5     0.411    -0.399    -0.820
 5     0.852     0.488     0.189
 6   145.683    26.330    30.582
 6     0.112    -0.015    -0.994
 6     0.246     0.969     0.013
 6     0.962    -0.247     0.112
 7   131.461   -18.526    -5.113
 7     0.813     0.556     0.172
 7    -0.566     0.824     0.009
 7    -0.137    -0.104     0.985
 8   131.194   -24.434    12.795
 8     0.358     0.162     0.919
 8    -0.366    -0.882     0.298
 8     0.859    -0.443    -0.256
 9   138.016   -33.665    27.681
 9     0.363     0.844     0.394
 9    -0.356    -0.265     0.896
 9     0.861    -0.466     0.204
 2    95.962   -19.339    59.899
 2    -0.443    -0.891    -0.094
 2     0.864    -0.453     0.217
 2    -0.237     0.015     0.971
 3   143.958    -3.971     6.026
 3     0.321     0.021    -0.947
 3     0.253     0.961     0.108
 3     0.912    -0.274     0.303
 4   134.717     6.755    -7.393
 4     0.856    -0.430     0.285
 4     0.462     0.885    -0.052
 4    -0.230     0.176     0.957
 5   134.769    19.763     2.937
 5     0.204    -0.786     0.583
 5     0.518    -0.419    -0.746
 5     0.830     0.454     0.322
 6   143.330    29.388    29.282
 6    -0.003    -0.063    -0.998
 6     0.331     0.941    -0.061
 6     0.943    -0.331     0.018
 7   134.352   -17.662    -5.774
 7     0.839     0.523     0.147
 7    -0.528     0.849    -0.008
 7    -0.129    -0.071     0.989
 8   132.287   -24.660    10.881
 8     0.226     0.160     0.961
 8    -0.436    -0.865     0.247
 8     0.871    -0.475    -0.126
 9   137.649   -35.381    25.640
 9     0.264     0.887     0.379
 9    -0.417    -0.249     0.874
 9     0.870    -0.389     0.304
 2    95.962   -19.314    59.899
 2    -0.444    -0.891    -0.094
 2     0.864    -0.453     0.217
 2    -0.237     0.016     0.971
 3   145.445    -3.707     5.973
 3     0.312     0.017    -0.950
 3     0.240     0.966     0.096
 3     0.919    -0.259     0.297
 4   137.095     6.940    -7.806
 4     0.859    -0.452     0.238
 4     0.469     0.883    -0.018
 4    -0.203     0.127     0.971
 5   134.391    20.110     1.982
 5     0.027    -0.799     0.601
 5     0.592    -0.472    -0.654
 5     0.805     0.373     0.460
 6   138.578    32.084    28.919
 6    -0.165    -0.104    -0.981
 6     0.377     0.912    -0.160
 6     0.911    -0.396    -0.111
 7   135.849   -17.027    -6.229
 7     0.846     0.514     0.139
 7    -0.515     0.856    -0.031
 7    -0.135    -0.045     0.990
 8   132.051   -25.057     9.371
 8     0.118     0.203     0.972
 8    -0.500    -0.833     0.235
 8     0.858    -0.514     0.003
 9   135.973   -37.140    23.556
 9     0.175     0.932     0.317
 9    -0.471    -0.203     0.858
 9     0.864    -0.300     0.403
 2    95.962   -19.314    59.899
 2    -0.444    -0.891    -0.094
 2     0.864    -0.454     0.218
 2    -0.237     0.016     0.971
 3   145.973    -3.566     6.434
 3     0.295     0.014    -0.955
 3     0.226     0.970     0.084
 3     0.928    -0.241     0.283
 4   138.261     7.243    -7.435
 4     0.858    -0.484     0.173
 4     0.489     0.872     0.011
 4    -0.157     0.075     0.985
 5   133.056    19.980     0.603
 5    -0.134    -0.805     0.578
 5     0.641    -0.515    -0.569
 5     0.755     0.294     0.585
 6   133.205    33.045    27.011
 6    -0.307    -0.105    -0.946
 6     0.394     0.890    -0.227
 6     0.866    -0.443    -0.232
 7   137.005   -16.448    -6.673
 7     0.853     0.505     0.129
 7    -0.501     0.863    -0.068
 7    -0.146    -0.007     0.989
 8   131.376   -26.290     6.663
 8    -0.016     0.308     0.951
 8    -0.574    -0.782     0.244
 8     0.819    -0.542     0.189
 9   134.047   -39.288    20.237
 9     0.061     0.983     0.171
 9    -0.523    -0.115     0.845
 9     0.850    -0.141     0.507
 2    95.962   -19.314    59.899
 2    -0.444    -0.891    -0.094
 2     0.864    -0.454     0.218
 2    -0.237     0.015     0.971
 3   146.560    -3.213     6.478
 3     0.270     0.004    -0.963
 3     0.216     0.974     0.065
 3     0.938    -0.226     0.262
 4   139.575     7.944    -7.050
 4     0.845    -0.527     0.091
 4     0.526     0.849     0.038
 4    -0.098     0.015     0.995
 5   132.172    19.951     0.038
 5    -0.298    -0.781     0.549
 5     0.645    -0.588    -0.487
 5     0.703     0.209     0.679
 6   128.157    33.894    25.902
 6    -0.452    -0.121    -0.884
 6     0.376     0.872    -0.312
 6     0.809    -0.473    -0.348
 7   138.748   -15.653    -6.811
 7     0.867     0.491     0.082
 7    -0.485     0.870    -0.089
 7    -0.115     0.037     0.992
 8   130.836   -25.987     5.043
 8    -0.174     0.400     0.900
 8    -0.623    -0.752     0.214
 8     0.762    -0.524     0.380
 9   131.415   -39.764    17.895
 9    -0.085     0.995     0.040
 9    -0.556    -0.081     0.828
 9     0.827     0.048     0.560
 2    95.962   -19.263    59.899
 2    -0.444    -0.891    -0.094
 2     0.864    -0.453     0.218
 2    -0.237     0.016     0.971
 3   147.102    -2.571     7.030
 3     0.236    -0.007    -0.972
 3     0.214     0.976     0.044
 3     0.948    -0.219     0.232
 4   140.687     8.725    -6.522
 4     0.819    -0.573     0.006
 4     0.572     0.818     0.055
 4    -0.037    -0.042     0.998
 5   131.177    19.835    -0.377
 5    -0.441    -0.739     0.509
 5     0.627    -0.660    -0.414
 5     0.642     0.137     0.754
 6   123.483    33.211    24.009
 6    -0.568    -0.128    -0.812
 6     0.352     0.854    -0.381
 6     0.743    -0.503    -0.441
 7   139.831   -15.094    -6.738
 7     0.867     0.497     0.035
 7    -0.492     0.864    -0.103
 7    -0.082     0.072     0.994
 8   129.976   -25.459     3.676
 8    -0.321     0.431     0.843
 8    -0.653    -0.745     0.133
 8     0.686    -0.508     0.521
 9   128.254   -40.275    15.122
 9    -0.230     0.973    -0.033
 9    -0.582    -0.110     0.806
 9     0.780     0.204     0.591
 2    95.960   -19.315    59.902
 2    -0.444    -0.891    -0.094
 2     0.864    -0.454     0.218
 2    -0.238     0.015     0.971
 3   147.436    -1.902     7.575
 3     0.199    -0.013    -0.980
 3     0.214     0.976     0.030
 3     0.956    -0.216     0.197
 4   141.636     9.456    -5.897
 4     0.788    -0.609    -0.090
 4     0.615     0.785     0.071
 4     0.027    -0.111     0.993
 5   130.590    19.633    -0.622
 5    -0.555    -0.698     0.453
 5     0.601    -0.712    -0.362
 5     0.575     0.071     0.814
 6   119.426    32.748    22.299
 6    -0.673    -0.124    -0.729
 6     0.324     0.836    -0.442
 6     0.665    -0.534    -0.522
 7   141.064   -14.701    -6.017
 7     0.858     0.511    -0.039
 7    -0.512     0.851    -0.114
 7    -0.026     0.118     0.992
 8   129.489   -25.013     2.580
 8    -0.446     0.456     0.770
 8    -0.669    -0.741     0.052
 8     0.594    -0.492     0.636
 9   125.539   -40.454    12.855
 9    -0.370     0.923    -0.106
 9    -0.591    -0.146     0.793
 9     0.717     0.355     0.600
 2    95.959   -19.315    59.902
 2    -0.444    -0.891    -0.094
 2     0.864    -0.454     0.219
 2    -0.238     0.016     0.971
 3   147.675    -1.487     8.797
 3     0.139    -0.016    -0.990
 3     0.225     0.974     0.016
 3     0.964    -0.225     0.139
 4   142.464     9.798    -4.861
 4     0.749    -0.638    -0.180
 4     0.658     0.748     0.084
 4     0.081    -0.182     0.980
 5   129.875    19.060    -0.821
 5    -0.646    -0.650     0.399
 5     0.560    -0.760    -0.331
 5     0.518     0.009     0.855
 6   116.280    31.324    20.295
 6    -0.753    -0.118    -0.647
 6     0.296     0.818    -0.493
 6     0.587    -0.563    -0.581
 7   141.942   -14.959    -5.441
 7     0.847     0.518    -0.112
 7    -0.529     0.841    -0.110
 7     0.037     0.152     0.987
 8   129.365   -24.866     2.075
 8    -0.546     0.480     0.687
 8    -0.660    -0.751     0.001
 8     0.516    -0.453     0.727
 9   123.590   -40.219    11.580
 9    -0.481     0.860    -0.170
 9    -0.581    -0.167     0.797
 9     0.657     0.482     0.580
 2    95.959   -19.264    59.902
 2    -0.444    -0.891    -0.094
 2     0.864    -0.454     0.219
 2    -0.238     0.016     0.971
 3   147.861    -1.442     9.580
 3     0.089    -0.016    -0.996
 3     0.244     0.970     0.006
 3     0.966    -0.244     0.090
 4   143.200     9.566    -4.533
 4     0.709    -0.656    -0.259
 4     0.696     0.710     0.104
 4     0.115    -0.254     0.960
 5   129.808    18.230    -1.179
 5    -0.718    -0.604     0.346
 5     0.525    -0.797    -0.299
 5     0.456    -0.032     0.889
 6   113.687    30.092    17.712
 6    -0.827    -0.093    -0.555
 6     0.272     0.797    -0.539
 6     0.492    -0.597    -0.634
 7   143.143   -15.322    -4.452
 7     0.831     0.525    -0.183
 7    -0.547     0.830    -0.104
 7     0.098     0.186     0.977
 8   129.354   -24.450     1.766
 8    -0.624     0.495     0.604
 8    -0.650    -0.758    -0.050
 8     0.433    -0.424     0.795
 9   122.026   -39.919     9.761
 9    -0.573     0.792    -0.211
 9    -0.569    -0.200     0.797
 9     0.589     0.577     0.565
 2    95.959   -19.315    59.902
 2    -0.444    -0.891    -0.094
 2     0.864    -0.454     0.219
 2    -0.238     0.016     0.971
 3   148.054    -1.356    10.671
 3     0.036    -0.016    -0.999
 3     0.264     0.964    -0.006
 3     0.964    -0.264     0.038
 4   144.206     9.379    -3.621
 4     0.667    -0.660    -0.344
 4     0.731     0.669     0.133
 4     0.143    -0.340     0.929
 5   129.801    17.488    -2.144
 5    -0.780    -0.554     0.291
 5     0.500    -0.831    -0.242
 5     0.376    -0.043     0.925
 6   111.733    29.132    14.394
 6    -0.886    -0.058    -0.460
 6     0.258     0.764    -0.592
 6     0.386    -0.643    -0.661
 7   143.978   -15.771    -3.530
 7     0.806     0.530    -0.262
 7    -0.571     0.813    -0.110
 7     0.154     0.238     0.959
 8   129.410   -24.622     1.182
 8    -0.698     0.497     0.515
 8    -0.630    -0.768    -0.115
 8     0.338    -0.405     0.849
 9   120.593   -39.751     8.021
 9    -0.662     0.706    -0.250
 9    -0.551    -0.233     0.801
 9     0.508     0.668     0.543
 2    95.959   -19.315    59.902
 2    -0.444    -0.891    -0.094
 2     0.864    -0.454     0.219
 2    -0.238     0.016     0.971
 3   148.123    -1.611    11.667
 3    -0.018    -0.001    -1.000
 3     0.281     0.959    -0.006
 3     0.959    -0.282    -0.017
 4   144.912     9.149    -3.090
 4     0.645    -0.648    -0.405
 4     0.747     0.646     0.156
 4     0.160    -0.403     0.901
 5   130.315    16.774    -2.287
 5    -0.815    -0.530     0.234
 5     0.493    -0.846    -0.201
 5     0.305    -0.048     0.951
 6   111.043    28.794    12.066
 6    -0.919    -0.013    -0.395
 6     0.260     0.734    -0.628
 6     0.298    -0.679    -0.671
 7   144.952   -16.318    -2.318
 7     0.775     0.530    -0.344
 7    -0.594     0.797    -0.110
 7     0.215     0.289     0.932
 8   129.680   -24.564     1.289
 8    -0.744     0.510     0.431
 8    -0.617    -0.773    -0.149
 8     0.256    -0.377     0.890
 9   119.986   -39.673     6.840
 9    -0.718     0.632    -0.291
 9    -0.539    -0.241     0.807
 9     0.440     0.736     0.513
 2    95.959   -19.315    59.902
 2    -0.444    -0.891    -0.094
 2     0.864    -0.454     0.219
 2    -0.238     0.016     0.971
 3   148.188    -1.450    12.629
 3    -0.058     0.010    -0.998
 3     0.298     0.954    -0.008
 3     0.953    -0.298    -0.058
 4   145.826     8.947    -2.396
 4     0.627    -0.630    -0.458
 4     0.757     0.630     0.171
 4     0.181    -0.455     0.872
 5   130.876    16.326    -2.377
 5    -0.836    -0.516     0.185
 5     0.489    -0.854    -0.176
 5     0.249    -0.056     0.967
 6   110.691    28.389    10.232
 6    -0.939     0.034    -0.341
 6     0.262     0.713    -0.650
 6     0.221    -0.700    -0.679
 7   145.287   -16.748    -1.506
 7     0.754     0.524    -0.396
 7    -0.605     0.789    -0.107
 7     0.256     0.320     0.912
 8   129.892   -24.628     1.449
 8    -0.771     0.520     0.368
 8    -0.605    -0.779    -0.165
 8     0.201    -0.350     0.915
 9   119.436   -39.696     6.333
 9    -0.756     0.573    -0.316
 9    -0.527    -0.248     0.813
 9     0.388     0.781     0.489
 2    95.960   -19.315    59.851
 2    -0.444    -0.891    -0.094
 2     0.864    -0.453     0.219
 2    -0.238     0.016     0.971
 3   148.228    -1.497    13.386
 3    -0.093     0.024    -0.995
 3     0.310     0.951    -0.006
 3     0.946    -0.309    -0.096
 4   146.453     8.510    -1.741
 4     0.614    -0.609    -0.502
 4     0.764     0.618     0.185
 4     0.197    -0.497     0.845
 5   131.287    15.834    -2.572
 5    -0.851    -0.505     0.143
 5     0.484    -0.861    -0.156
 5     0.202    -0.063     0.977
 6   110.623    27.866     8.634
 6    -0.953     0.071    -0.296
 6     0.259     0.696    -0.670
 6     0.158    -0.715    -0.681
 7   145.993   -16.901    -0.685
 7     0.733     0.516    -0.443
 7    -0.613     0.783    -0.102
 7     0.294     0.346     0.891
 8   130.287   -24.683     1.489
 8    -0.796     0.517     0.314
 8    -0.584    -0.793    -0.172
 8     0.160    -0.320     0.934
 9   119.095   -39.428     5.941
 9    -0.787     0.523    -0.328
 9    -0.510    -0.252     0.822
 9     0.347     0.814     0.465
 2    95.959   -19.315    59.902
 2    -0.444    -0.891    -0.094
 2     0.864    -0.454     0.219
 2    -0.238     0.016     0.971
 3   148.254    -1.495    14.175
 3    -0.122     0.038    -0.992
 3     0.318     0.948    -0.003
 3     0.940    -0.316    -0.128
 4   147.155     8.759    -0.940
 4     0.597    -0.590    -0.543
 4     0.772     0.605     0.192
 4     0.215    -0.534     0.817
 5   131.807    15.624    -2.448
 5    -0.865    -0.490     0.104
 5     0.475    -0.869    -0.141
 5     0.159    -0.072     0.984
 6   110.416    27.549     7.323
 6    -0.962     0.105    -0.254
 6     0.256     0.678    -0.688
 6     0.100    -0.727    -0.679
 7   146.144   -17.142    -0.231
 7     0.713     0.512    -0.479
 7    -0.624     0.775    -0.101
 7     0.319     0.371     0.872
 8   130.177   -24.533     1.522
 8    -0.813     0.518     0.265
 8    -0.571    -0.798    -0.191
 8     0.112    -0.307     0.945
 9   118.606   -39.359     4.927
 9    -0.806     0.476    -0.352
 9    -0.516    -0.272     0.812
 9     0.291     0.836     0.465
 2    95.910   -19.315    59.902
 2    -0.444    -0.891    -0.095
 2     0.864    -0.453     0.219
 2    -0.238     0.015     0.971
 3   148.153    -1.490    14.677
 3    -0.145     0.047    -0.988
 3     0.318     0.948    -0.002
 3     0.937    -0.315    -0.152
 4   147.227     8.538    -0.951
 4     0.592    -0.579    -0.561
 4     0.775     0.600     0.199
 4     0.221    -0.553     0.803
 5   131.810    15.220    -2.725
 5    -0.871    -0.485     0.082
 5     0.474    -0.872    -0.120
 5     0.129    -0.065     0.989
 6   110.236    27.449     6.253
 6    -0.964     0.128    -0.231
 6     0.256     0.667    -0.699
 6     0.064    -0.733    -0.677
 7   145.951   -17.352    -0.081
 7     0.694     0.510    -0.508
 7    -0.642     0.758    -0.115
 7     0.326     0.405     0.854
 8   129.929   -24.476     1.148
 8    -0.824     0.518     0.229
 8    -0.563    -0.794    -0.228
 8     0.064    -0.317     0.946
 9   118.143   -39.353     3.782
 9    -0.816     0.443    -0.372
 9    -0.525    -0.296     0.798
 9     0.243     0.846     0.473
 2    95.910   -19.315    59.902
 2    -0.444    -0.891    -0.095
 2     0.864    -0.453     0.219
 2    -0.238     0.015     0.971
 3   147.997    -1.841    14.901
 3    -0.158     0.059    -0.985
 3     0.312     0.950     0.006
 3     0.936    -0.307    -0.169
 4   147.301     8.470    -0.644
 4     0.591    -0.570    -0.571
 4     0.773     0.602     0.198
 4     0.230    -0.559     0.796
 5   131.890    15.213    -2.698
 5    -0.873    -0.483     0.072
 5     0.473    -0.873    -0.121
 5     0.120    -0.071     0.990
 6   110.280    27.345     6.268
 6    -0.964     0.135    -0.228
 6     0.258     0.671    -0.695
 6     0.059    -0.729    -0.682
 7   145.881   -17.556     0.083
 7     0.686     0.509    -0.520
 7    -0.649     0.752    -0.119
 7     0.330     0.419     0.846
 8   129.827   -24.770     1.011
 8    -0.829     0.516     0.215
 8    -0.556    -0.798    -0.233
 8     0.052    -0.313     0.948
 9   117.893   -39.466     3.707
 9    -0.820     0.430    -0.377
 9    -0.522    -0.294     0.801
 9     0.234     0.853     0.465
 2    95.910   -19.315    59.902
 2    -0.444    -0.891    -0.095
 2     0.864    -0.454     0.219
 2    -0.238     0.015     0.971
 3   147.880    -2.166    14.949
 3    -0.163     0.067    -0.984
 3     0.309     0.951     0.014
 3     0.937    -0.302    -0.176
 4   147.403     8.071    -0.494
 4     0.594    -0.562    -0.576
 4     0.767     0.610     0.198
 4     0.240    -0.559     0.793
 5   132.123    15.035    -2.537
 5    -0.872    -0.486     0.061
 5     0.475    -0.869    -0.137
 5     0.120    -0.090     0.988
 6   110.621    27.086     6.529
 6    -0.963     0.152    -0.224
 6     0.266     0.680    -0.683
 6     0.048    -0.717    -0.695
 7   145.797   -17.909     0.188
 7     0.678     0.510    -0.529
 7    -0.653     0.748    -0.116
 7     0.337     0.424     0.841
 8   129.788   -24.917     1.281
 8    -0.835     0.515     0.191
 8    -0.548    -0.806    -0.223
 8     0.039    -0.291     0.956
 9   117.645   -39.617     3.682
 9    -0.829     0.407    -0.384
 9    -0.516    -0.290     0.806
 9     0.217     0.866     0.450
 2    95.959   -19.315    59.953
 2    -0.444    -0.891    -0.095
 2     0.864    -0.453     0.219
 2    -0.238     0.015     0.971
 3   147.821    -2.547    15.250
 3    -0.169     0.084    -0.982
 3     0.312     0.949     0.027
 3     0.935    -0.302    -0.187
 4   147.895     7.776    -0.149
 4     0.601    -0.543    -0.587
 4     0.757     0.620     0.202
 4     0.254    -0.566     0.784
 5   132.576    14.920    -2.188
 5    -0.869    -0.493     0.040
 5     0.483    -0.863    -0.144
 5     0.106    -0.106     0.989
 6   111.299    27.382     6.394
 6    -0.959     0.177    -0.223
 6     0.282     0.680    -0.676
 6     0.032    -0.711    -0.702
 7   146.052   -18.231     0.428
 7     0.667     0.509    -0.544
 7    -0.658     0.745    -0.109
 7     0.350     0.430     0.832
 8   129.934   -24.883     1.271
 8    -0.841     0.511     0.174
 8    -0.540    -0.812    -0.224
 8     0.027    -0.282     0.959
 9   117.607   -39.560     3.625
 9    -0.836     0.389    -0.387
 9    -0.510    -0.289     0.810
 9     0.203     0.875     0.440
 2    95.960   -19.315    59.902
 2    -0.444    -0.891    -0.095
 2     0.864    -0.454     0.219
 2    -0.238     0.015     0.971
 3   147.970    -2.775    15.388
 3    -0.170     0.097    -0.981
 3     0.313     0.949     0.039
 3     0.934    -0.300    -0.192
 4   148.173     7.654     0.002
 4     0.608    -0.530    -0.591
 4     0.749     0.630     0.204
 4     0.264    -0.567     0.780
 5   133.153    14.915    -2.123
 5    -0.863    -0.505     0.029
 5     0.495    -0.855    -0.154
 5     0.102    -0.118     0.988
 6   111.921    27.735     6.531
 6    -0.956     0.187    -0.225
 6     0.291     0.682    -0.671
 6     0.028    -0.707    -0.707
 7   146.163   -18.432     0.591
 7     0.661     0.510    -0.551
 7    -0.661     0.743    -0.105
 7     0.355     0.433     0.828
 8   129.992   -24.994     1.368
 8    -0.845     0.508     0.163
 8    -0.534    -0.816    -0.221
 8     0.021    -0.274     0.961
 9   117.724   -39.411     3.735
 9    -0.837     0.384    -0.389
 9    -0.509    -0.287     0.812
 9     0.200     0.878     0.435
 2    95.959   -19.315    59.902
 2    -0.444    -0.891    -0.094
 2     0.864    -0.453     0.219
 2    -0.238     0.016     0.971
 3   148.142    -3.055    15.576
 3    -0.172     0.109    -0.979
 3     0.316     0.947     0.050
 3     0.933    -0.300    -0.197
 4   148.586     7.479     0.144
 4     0.613    -0.523    -0.593
 4     0.743     0.635     0.208
 4     0.268    -0.568     0.778
 5   133.328    15.041    -1.992
 5    -0.862    -0.507     0.026
 5     0.497    -0.854    -0.156
 5     0.101    -0.121     0.987
 6   112.131    27.915     6.929
 6    -0.954     0.189    -0.231
 6     0.296     0.683    -0.668
 6     0.031    -0.706    -0.708
 7   146.246   -18.403     0.658
 7     0.661     0.510    -0.550
 7    -0.659     0.745    -0.102
 7     0.358     0.430     0.828
 8   130.174   -25.337     1.764
 8    -0.846     0.505     0.170
 8    -0.532    -0.824    -0.197
 8     0.040    -0.257     0.965
 9   118.023   -39.708     5.150
 9    -0.830     0.406    -0.383
 9    -0.506    -0.261     0.822
 9     0.234     0.875     0.422
 2    95.960   -19.315    59.902
 2    -0.444    -0.891    -0.095
 2     0.864    -0.453     0.219
 2    -0.238     0.015     0.971
 3   148.186    -3.057    15.582
 3    -0.170     0.111    -0.979
 3     0.318     0.946     0.052
 3     0.932    -0.303    -0.196
 4   148.515     7.317    -0.065
 4     0.623    -0.529    -0.577
 4     0.738     0.641     0.209
 4     0.260    -0.556     0.790
 5   133.308    15.063    -1.845
 5    -0.853    -0.520     0.046
 5     0.505    -0.844    -0.181
 5     0.132    -0.131     0.982
 6   112.599    28.126     8.390
 6    -0.947     0.168    -0.273
 6     0.310     0.696    -0.647
 6     0.081    -0.698    -0.712
 7   146.178   -18.571     0.773
 7     0.679     0.513    -0.525
 7    -0.642     0.762    -0.086
 7     0.356     0.395     0.847
 8   129.975   -25.866     2.867
 8    -0.837     0.501     0.218
 8    -0.538    -0.828    -0.160
 8     0.100    -0.251     0.963
 9   118.220   -40.164     7.117
 9    -0.805     0.473    -0.358
 9    -0.510    -0.244     0.825
 9     0.303     0.847     0.437
 2    95.960   -19.315    59.902
 2    -0.444    -0.891    -0.095
 2     0.864    -0.453     0.219
 2    -0.238     0.015     0.971
 3   148.147    -3.062    15.434
 3    -0.156     0.108    -0.982
 3     0.325     0.944     0.052
 3     0.933    -0.311    -0.182
 4   148.106     7.062    -0.242
 4     0.648    -0.545    -0.531
 4     0.723     0.659     0.206
 4     0.238    -0.517     0.822
 5   133.171    15.440    -1.259
 5    -0.830    -0.550     0.092
 5     0.522    -0.824    -0.219
 5     0.196    -0.134     0.971
 6   113.602    28.891    11.059
 6    -0.925     0.135    -0.356
 6     0.341     0.707    -0.619
 6     0.168    -0.694    -0.700
 7   145.649   -19.004     0.567
 7     0.707     0.525    -0.473
 7    -0.622     0.781    -0.063
 7     0.336     0.338     0.878
 8   129.463   -26.383     3.685
 8    -0.813     0.493     0.309
 8    -0.549    -0.826    -0.127
 8     0.193    -0.273     0.942
 9   118.627   -40.661     9.861
 9    -0.762     0.564    -0.318
 9    -0.505    -0.211     0.837
 9     0.404     0.798     0.446
 2    95.910   -19.315    59.902
 2    -0.444    -0.891    -0.095
 2     0.864    -0.453     0.219
 2    -0.238     0.015     0.971
 3   148.022    -3.732    14.772
 3    -0.110     0.104    -0.988
 3     0.329     0.942     0.063
 3     0.938    -0.319    -0.138
 4   147.206     6.363    -1.171
 4     0.689    -0.560    -0.460
 4     0.693     0.693     0.195
 4     0.210    -0.453     0.866
 5   132.595    15.575    -0.969
 5    -0.785    -0.601     0.150
 5     0.552    -0.789    -0.270
 5     0.280    -0.129     0.951
 6   114.877    29.542    13.821
 6    -0.890     0.090    -0.446
 6     0.363     0.730    -0.578
 6     0.274    -0.677    -0.683
 7   144.679   -19.381    -0.263
 7     0.734     0.544    -0.405
 7    -0.610     0.791    -0.042
 7     0.297     0.277     0.913
 8   128.593   -26.875     4.315
 8    -0.786     0.469     0.403
 8    -0.547    -0.831    -0.099
 8     0.289    -0.298     0.910
 9   118.730   -40.654    12.335
 9    -0.714     0.649    -0.261
 9    -0.484    -0.189     0.855
 9     0.506     0.736     0.449
 2    95.910   -19.315    59.902
 2    -0.444    -0.891    -0.095
 2     0.864    -0.453     0.219
 2    -0.238     0.015     0.971
 3   147.908    -4.209    13.269
 3    -0.044     0.093    -0.995
 3     0.326     0.942     0.074
 3     0.944    -0.322    -0.072
 4   146.134     5.894    -2.573
 4     0.729    -0.577    -0.367
 4     0.667     0.719     0.195
 4     0.151    -0.387     0.909
 5   132.275    15.735    -1.051
 5    -0.730    -0.644     0.230
 5     0.582    -0.762    -0.285
 5     0.359    -0.073     0.930
 6   116.703    30.030    16.409
 6    -0.835     0.002    -0.550
 6     0.370     0.741    -0.560
 6     0.406    -0.671    -0.620
 7   143.450   -19.609    -1.387
 7     0.758     0.574    -0.310
 7    -0.610     0.792    -0.026
 7     0.230     0.209     0.950
 8   128.011   -26.870     4.767
 8    -0.743     0.427     0.515
 8    -0.543    -0.834    -0.093
 8     0.390    -0.349     0.852
 9   119.230   -40.426    14.197
 9    -0.644     0.744    -0.175
 9    -0.461    -0.196     0.865
 9     0.610     0.638     0.469
 2    95.960   -19.315    59.902
 2    -0.444    -0.891    -0.095
 2     0.864    -0.453     0.219
 2    -0.238     0.015     0.971
 3   147.891    -4.450    11.639
 3     0.035     0.078    -0.996
 3     0.320     0.943     0.085
 3     0.946    -0.322     0.008
 4   144.796     5.103    -4.036
 4     0.771    -0.588    -0.244
 4     0.631     0.753     0.184
 4     0.075    -0.296     0.952
 5   132.387    15.304    -1.395
 5    -0.645    -0.694     0.321
 5     0.610    -0.720    -0.331
 5     0.461    -0.018     0.887
 6   119.873    29.856    18.843
 6    -0.755    -0.062    -0.653
 6     0.389     0.759    -0.522
 6     0.528    -0.648    -0.549
 7   142.303   -20.312    -2.929
 7     0.776     0.600    -0.192
 7    -0.614     0.789    -0.018
 7     0.141     0.132     0.981
 8   127.875   -27.463     5.034
 8    -0.684     0.375     0.625
 8    -0.537    -0.839    -0.084
 8     0.493    -0.394     0.776
 9   120.709   -40.612    15.786
 9    -0.553     0.829    -0.085
 9    -0.433    -0.198     0.879
 9     0.712     0.523     0.469
 2    95.910   -19.315    59.902
 2    -0.444    -0.891    -0.095
 2     0.864    -0.453     0.219
 2    -0.238     0.015     0.971
 3   147.917    -5.781    10.057
 3     0.101     0.086    -0.991
 3     0.304     0.946     0.113
 3     0.947    -0.313     0.070
 4   144.113     3.654    -5.619
 4     0.817    -0.562    -0.128
 4     0.576     0.799     0.170
 4     0.007    -0.213     0.977
 5   133.295    15.050    -1.620
 5    -0.538    -0.751     0.383
 5     0.653    -0.659    -0.374
 5     0.533     0.049     0.845
 6   124.265    30.300    20.590
 6    -0.654    -0.084    -0.752
 6     0.429     0.777    -0.460
 6     0.623    -0.624    -0.472
 7   141.111   -21.037    -4.253
 7     0.791     0.607    -0.077
 7    -0.609     0.793    -0.013
 7     0.053     0.057     0.997
 8   127.833   -28.222     5.255
 8    -0.604     0.329     0.726
 8    -0.542    -0.837    -0.072
 8     0.584    -0.437     0.683
 9   122.488   -41.342    17.417
 9    -0.443     0.896    -0.010
 9    -0.407    -0.191     0.893
 9     0.799     0.399     0.449
 2    95.910   -19.315    59.902
 2    -0.443    -0.891    -0.095
 2     0.864    -0.453     0.219
 2    -0.238     0.015     0.971
 3   147.509    -7.095     8.621
 3     0.165     0.092    -0.982
 3     0.286     0.948     0.137
 3     0.944    -0.304     0.130
 4   142.494     1.988    -6.714
 4     0.862    -0.506    -0.007
 4     0.501     0.852     0.151
 4    -0.070    -0.134     0.988
 5   133.672    14.773    -1.307
 5    -0.396    -0.809     0.434
 5     0.706    -0.570    -0.419
 5     0.587     0.141     0.797
 6   129.263    30.643    22.351
 6    -0.506    -0.087    -0.858
 6     0.474     0.803    -0.361
 6     0.720    -0.589    -0.366
 7   139.144   -21.785    -5.385
 7     0.805     0.592     0.033
 7    -0.592     0.806    -0.013
 7    -0.034    -0.010     0.999
 8   127.343   -29.381     5.532
 8    -0.507     0.286     0.812
 8    -0.557    -0.828    -0.056
 8     0.657    -0.482     0.580
 9   124.092   -42.106    18.698
 9    -0.319     0.946     0.042
 9    -0.392    -0.172     0.904
 9     0.863     0.272     0.426
 2    95.910   -19.315    59.902
 2    -0.444    -0.891    -0.095
 2     0.864    -0.453     0.219
 2    -0.238     0.015     0.971
 3   146.008    -7.929     7.313
 3     0.218     0.089    -0.972
 3     0.275     0.950     0.148
 3     0.936    -0.300     0.182
 4   139.885     1.240    -7.720
 4     0.880    -0.463     0.109
 4     0.453     0.885     0.106
 4    -0.146    -0.045     0.988
 5   133.339    15.057    -0.683
 5    -0.230    -0.833     0.503
 5     0.728    -0.490    -0.479
 5     0.645     0.257     0.719
 6   133.739    30.930    24.500
 6    -0.349    -0.098    -0.932
 6     0.475     0.838    -0.266
 6     0.807    -0.536    -0.246
 7   136.734   -21.687    -5.576
 7     0.812     0.571     0.120
 7    -0.574     0.818    -0.011
 7    -0.105    -0.061     0.992
 8   126.564   -29.654     6.559
 8    -0.401     0.241     0.883
 8    -0.580    -0.813    -0.042
 8     0.708    -0.529     0.466
 9   125.467   -42.185    20.223
 9    -0.197     0.977     0.074
 9    -0.394    -0.148     0.907
 9     0.898     0.149     0.414
 2    95.960   -19.315    59.902
 2    -0.444    -0.891    -0.095
 2     0.864    -0.453     0.219
 2    -0.238     0.015     0.971
 3   144.467    -7.834     6.873
 3     0.252     0.092    -0.963
 3     0.270     0.949     0.162
 3     0.929    -0.302     0.214
 4   137.719     1.254    -8.096
 4     0.893    -0.408     0.188
 4     0.406     0.912     0.047
 4    -0.191     0.035     0.981
 5   133.739    15.621     0.035
 5    -0.072    -0.856     0.511
 5     0.703    -0.407    -0.583
 5     0.707     0.318     0.631
 6   138.019    29.345    25.842
 6    -0.206    -0.068    -0.976
 6     0.457     0.875    -0.157
 6     0.865    -0.478    -0.149
 7   133.995   -21.799    -5.720
 7     0.799     0.565     0.205
 7    -0.577     0.817    -0.004
 7    -0.170    -0.115     0.979
 8   126.117   -29.971     7.802
 8    -0.263     0.208     0.942
