% Calibrated with leiden_pols
% Positions are in centimeters
Data =[
 2    96.563   -18.711    59.782
 2    -0.102    -0.995    -0.011
 2     0.993    -0.103     0.045
 2    -0.047    -0.006     0.999
 3   123.939    -2.669     1.798
 3     0.457    -0.097    -0.884
 3     0.173     0.984    -0.019
 3     0.872    -0.145     0.466
 4   107.969    16.813    -8.192
 4     0.315    -0.916     0.249
 4     0.923     0.234    -0.306
 4     0.221     0.326     0.919
 5   107.257    22.308    22.242
 5     0.275    -0.117     0.954
 5     0.247    -0.950    -0.188
 5     0.929     0.288    -0.233
 6   125.254    24.262    48.128
 6     0.438    -0.708    -0.554
 6    -0.156     0.547    -0.823
 6     0.885     0.447     0.129
 7   110.426   -24.207    -7.729
 7     0.146     0.989     0.000
 7    -0.930     0.137     0.340
 7     0.336    -0.050     0.940
 8   109.497   -26.697    22.500
 8     0.172    -0.125     0.977
 8    -0.202    -0.975    -0.089
 8     0.964    -0.182    -0.194
 9   126.155   -32.459    47.356
 9     0.421     0.751    -0.508
 9     0.068     0.533     0.843
 9     0.904    -0.390     0.173
 2    96.513   -18.762    59.833
 2    -0.102    -0.995    -0.011
 2     0.993    -0.102     0.046
 2    -0.047    -0.007     0.999
 3   123.964    -2.643     1.798
 3     0.457    -0.098    -0.884
 3     0.173     0.984    -0.020
 3     0.872    -0.145     0.467
 4   107.969    16.813    -8.192
 4     0.315    -0.916     0.249
 4     0.923     0.235    -0.306
 4     0.221     0.326     0.919
 5   107.257    22.308    22.242
 5     0.275    -0.118     0.954
 5     0.247    -0.950    -0.189
 5     0.929     0.288    -0.233
 6   125.254    24.262    48.128
 6     0.438    -0.708    -0.554
 6    -0.156     0.547    -0.822
 6     0.885     0.447     0.129
 7   110.526   -24.206    -7.729
 7     0.146     0.989     0.000
 7    -0.930     0.137     0.340
 7     0.336    -0.050     0.940
 8   109.496   -26.647    22.500
 8     0.172    -0.124     0.977
 8    -0.202    -0.975    -0.088
 8     0.964    -0.182    -0.193
 9   126.135   -32.432    47.348
 9     0.420     0.751    -0.510
 9     0.069     0.533     0.843
 9     0.905    -0.390     0.173
 2    96.513   -18.762    59.833
 2    -0.102    -0.995    -0.011
 2     0.993    -0.103     0.046
 2    -0.047    -0.007     0.999
 3   123.939    -2.643     1.798
 3     0.456    -0.098    -0.884
 3     0.173     0.984    -0.020
 3     0.872    -0.145     0.466
 4   107.943    16.839    -8.192
 4     0.315    -0.916     0.249
 4     0.923     0.234    -0.306
 4     0.221     0.326     0.919
 5   107.257    22.308    22.244
 5     0.275    -0.119     0.954
 5     0.248    -0.950    -0.190
 5     0.929     0.289    -0.232
 6   125.254    24.237    48.129
 6     0.437    -0.708    -0.555
 6    -0.156     0.547    -0.822
 6     0.885     0.446     0.129
 7   110.526   -24.257    -7.729
 7     0.146     0.989     0.000
 7    -0.930     0.138     0.340
 7     0.336    -0.050     0.940
 8   109.494   -26.647    22.500
 8     0.172    -0.121     0.977
 8    -0.202    -0.975    -0.085
 8     0.964    -0.183    -0.193
 9   126.160   -32.381    47.348
 9     0.420     0.750    -0.510
 9     0.069     0.534     0.842
 9     0.905    -0.389     0.173
 2    96.513   -18.711    59.832
 2    -0.102    -0.995    -0.011
 2     0.993    -0.103     0.046
 2    -0.047    -0.006     0.999
 3   123.939    -2.643     1.747
 3     0.457    -0.098    -0.884
 3     0.173     0.984    -0.019
 3     0.872    -0.145     0.466
 4   107.943    16.839    -8.192
 4     0.315    -0.916     0.249
 4     0.923     0.235    -0.306
 4     0.221     0.326     0.919
 5   107.250    22.306    22.228
 5     0.275    -0.120     0.954
 5     0.249    -0.949    -0.192
 5     0.928     0.290    -0.231
 6   125.204    24.262    48.078
 6     0.437    -0.708    -0.555
 6    -0.156     0.548    -0.822
 6     0.885     0.446     0.129
 7   110.475   -24.257    -7.780
 7     0.147     0.989    -0.000
 7    -0.930     0.138     0.339
 7     0.336    -0.050     0.940
 8   109.494   -26.649    22.449
 8     0.172    -0.120     0.977
 8    -0.203    -0.975    -0.084
 8     0.964    -0.184    -0.193
 9   126.161   -32.432    47.348
 9     0.420     0.750    -0.511
 9     0.069     0.535     0.842
 9     0.905    -0.389     0.172
 2    96.513   -18.711    59.832
 2    -0.102    -0.995    -0.011
 2     0.993    -0.103     0.046
 2    -0.047    -0.006     0.999
 3   123.969    -2.642     1.741
 3     0.456    -0.097    -0.885
 3     0.173     0.984    -0.019
 3     0.873    -0.145     0.466
 4   107.943    16.839    -8.192
 4     0.315    -0.916     0.249
 4     0.923     0.235    -0.305
 4     0.221     0.326     0.919
 5   107.300    22.331    22.178
 5     0.275    -0.122     0.953
 5     0.249    -0.949    -0.193
 5     0.928     0.291    -0.231
 6   125.260    24.238    48.071
 6     0.437    -0.708    -0.555
 6    -0.157     0.548    -0.822
 6     0.886     0.446     0.128
 7   110.523   -24.207    -7.777
 7     0.147     0.989    -0.001
 7    -0.930     0.139     0.339
 7     0.335    -0.049     0.941
 8   109.491   -26.650    22.449
 8     0.172    -0.118     0.978
 8    -0.203    -0.976    -0.082
 8     0.964    -0.185    -0.192
 9   126.161   -32.381    47.348
 9     0.419     0.750    -0.512
 9     0.069     0.535     0.842
 9     0.905    -0.389     0.172
 2    96.513   -18.711    59.833
 2    -0.102    -0.995    -0.011
 2     0.993    -0.103     0.046
 2    -0.047    -0.007     0.999
 3   123.969    -2.591     1.741
 3     0.456    -0.097    -0.885
 3     0.173     0.984    -0.018
 3     0.873    -0.145     0.466
 4   107.966    16.838    -8.240
 4     0.315    -0.916     0.249
 4     0.923     0.235    -0.305
 4     0.220     0.326     0.919
 5   107.258    22.308    22.222
 5     0.274    -0.124     0.953
 5     0.249    -0.949    -0.195
 5     0.929     0.291    -0.230
 6   125.209    24.264    48.122
 6     0.436    -0.708    -0.555
 6    -0.156     0.548    -0.822
 6     0.886     0.445     0.128
 7   110.523   -24.207    -7.777
 7     0.147     0.989    -0.001
 7    -0.931     0.139     0.338
 7     0.335    -0.049     0.941
 8   109.542   -26.701    22.450
 8     0.172    -0.118     0.978
 8    -0.204    -0.976    -0.081
 8     0.964    -0.185    -0.192
 9   126.159   -32.330    47.398
 9     0.418     0.749    -0.513
 9     0.070     0.536     0.841
 9     0.905    -0.388     0.172
 2    96.513   -18.711    59.833
 2    -0.102    -0.995    -0.011
 2     0.993    -0.103     0.046
 2    -0.047    -0.007     0.999
 3   124.015    -2.644     1.697
 3     0.457    -0.096    -0.884
 3     0.172     0.985    -0.018
 3     0.872    -0.145     0.466
 4   107.966    16.888    -8.189
 4     0.316    -0.916     0.249
 4     0.923     0.235    -0.304
 4     0.220     0.326     0.919
 5   107.258    22.333    22.223
 5     0.274    -0.124     0.953
 5     0.249    -0.949    -0.195
 5     0.929     0.291    -0.229
 6   125.259    24.264    48.122
 6     0.436    -0.709    -0.555
 6    -0.156     0.547    -0.822
 6     0.886     0.445     0.128
 7   110.545   -24.207    -7.800
 7     0.148     0.989    -0.002
 7    -0.931     0.140     0.337
 7     0.334    -0.049     0.941
 8   109.591   -26.651    22.399
 8     0.172    -0.116     0.978
 8    -0.204    -0.976    -0.080
 8     0.964    -0.186    -0.192
 9   126.166   -32.328    47.340
 9     0.417     0.750    -0.514
 9     0.070     0.536     0.841
 9     0.906    -0.387     0.171
 2    96.513   -18.711    59.833
 2    -0.102    -0.995    -0.011
 2     0.993    -0.103     0.046
 2    -0.047    -0.007     0.999
 3   124.015    -2.593     1.646
 3     0.457    -0.096    -0.884
 3     0.172     0.985    -0.018
 3     0.872    -0.145     0.467
 4   107.966    16.838    -8.189
 4     0.316    -0.916     0.249
 4     0.923     0.236    -0.304
 4     0.220     0.326     0.919
 5   107.308    22.333    22.222
 5     0.274    -0.124     0.953
 5     0.248    -0.949    -0.194
 5     0.929     0.290    -0.230
