% Calibrated with leiden_pols
% Positions are in centimeters
Data =[
 2    96.563   -18.711    59.782
 2    -0.102    -0.995    -0.011
 2     0.993    -0.103     0.045
 2    -0.047    -0.006     0.999
 3   123.939    -2.669     1.798
 3     0.457    -0.097    -0.884
 3     0.173     0.984    -0.019
 3     0.872    -0.145     0.466
 4   107.969    16.813    -8.192
 4     0.315    -0.916     0.249
 4     0.923     0.234    -0.306
 4     0.221     0.326     0.919
 5   107.257    22.308    22.242
 5     0.275    -0.117     0.954
 5     0.247    -0.950    -0.188
 5     0.929     0.288    -0.233
 6   125.254    24.262    48.128
 6     0.438    -0.708    -0.554
 6    -0.156     0.547    -0.823
 6     0.885     0.447     0.129
 7   110.426   -24.207    -7.729
 7     0.146     0.989     0.000
 7    -0.930     0.137     0.340
 7     0.336    -0.050     0.940
 8   109.497   -26.697    22.500
 8     0.172    -0.125     0.977
 8    -0.202    -0.975    -0.089
 8     0.964    -0.182    -0.194
 9   126.155   -32.459    47.356
 9     0.421     0.751    -0.508
 9     0.068     0.533     0.843
 9     0.904    -0.390     0.173
 2    96.513   -18.762    59.833
 2    -0.102    -0.995    -0.011
 2     0.993    -0.102     0.046
 2    -0.047    -0.007     0.999
 3   123.964    -2.643     1.798
 3     0.457    -0.098    -0.884
 3     0.173     0.984    -0.020
 3     0.872    -0.145     0.467
 4   107.969    16.813    -8.192
 4     0.315    -0.916     0.249
 4     0.923     0.235    -0.306
 4     0.221     0.326     0.919
 5   107.257    22.308    22.242
 5     0.275    -0.118     0.954
 5     0.247    -0.950    -0.189
 5     0.929     0.288    -0.233
 6   125.254    24.262    48.128
 6     0.438    -0.708    -0.554
 6    -0.156     0.547    -0.822
 6     0.885     0.447     0.129
 7   110.526   -24.206    -7.729
 7     0.146     0.989     0.000
 7    -0.930     0.137     0.340
 7     0.336    -0.050     0.940
 8   109.496   -26.647    22.500
 8     0.172    -0.124     0.977
 8    -0.202    -0.975    -0.088
 8     0.964    -0.182    -0.193
 9   126.135   -32.432    47.348
 9     0.420     0.751    -0.510
 9     0.069     0.533     0.843
 9     0.905    -0.390     0.173
 2    96.513   -18.762    59.833
 2    -0.102    -0.995    -0.011
 2     0.993    -0.103     0.046
 2    -0.047    -0.007     0.999
 3   123.939    -2.643     1.798
 3     0.456    -0.098    -0.884
 3     0.173     0.984    -0.020
 3     0.872    -0.145     0.466
 4   107.943    16.839    -8.192
 4     0.315    -0.916     0.249
 4     0.923     0.234    -0.306
 4     0.221     0.326     0.919
 5   107.257    22.308    22.244
 5     0.275    -0.119     0.954
 5     0.248    -0.950    -0.190
 5     0.929     0.289    -0.232
 6   125.254    24.237    48.129
 6     0.437    -0.708    -0.555
 6    -0.156     0.547    -0.822
 6     0.885     0.446     0.129
 7   110.526   -24.257    -7.729
 7     0.146     0.989     0.000
 7    -0.930     0.138     0.340
 7     0.336    -0.050     0.940
 8   109.494   -26.647    22.500
 8     0.172    -0.121     0.977
 8    -0.202    -0.975    -0.085
 8     0.964    -0.183    -0.193
 9   126.160   -32.381    47.348
 9     0.420     0.750    -0.510
 9     0.069     0.534     0.842
 9     0.905    -0.389     0.173
 2    96.513   -18.711    59.832
 2    -0.102    -0.995    -0.011
 2     0.993    -0.103     0.046
 2    -0.047    -0.006     0.999
 3   123.939    -2.643     1.747
 3     0.457    -0.098    -0.884
 3     0.173     0.984    -0.019
 3     0.872    -0.145     0.466
 4   107.943    16.839    -8.192
 4     0.315    -0.916     0.249
 4     0.923     0.235    -0.306
 4     0.221     0.326     0.919
 5   107.250    22.306    22.228
 5     0.275    -0.120     0.954
 5     0.249    -0.949    -0.192
 5     0.928     0.290    -0.231
 6   125.204    24.262    48.078
 6     0.437    -0.708    -0.555
 6    -0.156     0.548    -0.822
 6     0.885     0.446     0.129
 7   110.475   -24.257    -7.780
 7     0.147     0.989    -0.000
 7    -0.930     0.138     0.339
 7     0.336    -0.050     0.940
 8   109.494   -26.649    22.449
 8     0.172    -0.120     0.977
 8    -0.203    -0.975    -0.084
 8     0.964    -0.184    -0.193
 9   126.161   -32.432    47.348
 9     0.420     0.750    -0.511
 9     0.069     0.535     0.842
 9     0.905    -0.389     0.172
 2    96.513   -18.711    59.832
 2    -0.102    -0.995    -0.011
 2     0.993    -0.103     0.046
 2    -0.047    -0.006     0.999
 3   123.969    -2.642     1.741
 3     0.456    -0.097    -0.885
 3     0.173     0.984    -0.019
 3     0.873    -0.145     0.466
 4   107.943    16.839    -8.192
 4     0.315    -0.916     0.249
 4     0.923     0.235    -0.305
 4     0.221     0.326     0.919
 5   107.300    22.331    22.178
 5     0.275    -0.122     0.953
 5     0.249    -0.949    -0.193
 5     0.928     0.291    -0.231
 6   125.260    24.238    48.071
 6     0.437    -0.708    -0.555
 6    -0.157     0.548    -0.822
 6     0.886     0.446     0.128
 7   110.523   -24.207    -7.777
 7     0.147     0.989    -0.001
 7    -0.930     0.139     0.339
 7     0.335    -0.049     0.941
 8   109.491   -26.650    22.449
 8     0.172    -0.118     0.978
 8    -0.203    -0.976    -0.082
 8     0.964    -0.185    -0.192
 9   126.161   -32.381    47.348
 9     0.419     0.750    -0.512
 9     0.069     0.535     0.842
 9     0.905    -0.389     0.172
 2    96.513   -18.711    59.833
 2    -0.102    -0.995    -0.011
 2     0.993    -0.103     0.046
 2    -0.047    -0.007     0.999
 3   123.969    -2.591     1.741
 3     0.456    -0.097    -0.885
 3     0.173     0.984    -0.018
 3     0.873    -0.145     0.466
 4   107.966    16.838    -8.240
 4     0.315    -0.916     0.249
 4     0.923     0.235    -0.305
 4     0.220     0.326     0.919
 5   107.258    22.308    22.222
 5     0.274    -0.124     0.953
 5     0.249    -0.949    -0.195
 5     0.929     0.291    -0.230
 6   125.209    24.264    48.122
 6     0.436    -0.708    -0.555
 6    -0.156     0.548    -0.822
 6     0.886     0.445     0.128
 7   110.523   -24.207    -7.777
 7     0.147     0.989    -0.001
 7    -0.931     0.139     0.338
 7     0.335    -0.049     0.941
 8   109.542   -26.701    22.450
 8     0.172    -0.118     0.978
 8    -0.204    -0.976    -0.081
 8     0.964    -0.185    -0.192
 9   126.159   -32.330    47.398
 9     0.418     0.749    -0.513
 9     0.070     0.536     0.841
 9     0.905    -0.388     0.172
 2    96.513   -18.711    59.833
 2    -0.102    -0.995    -0.011
 2     0.993    -0.103     0.046
 2    -0.047    -0.007     0.999
 3   124.015    -2.644     1.697
 3     0.457    -0.096    -0.884
 3     0.172     0.985    -0.018
 3     0.872    -0.145     0.466
 4   107.966    16.888    -8.189
 4     0.316    -0.916     0.249
 4     0.923     0.235    -0.304
 4     0.220     0.326     0.919
 5   107.258    22.333    22.223
 5     0.274    -0.124     0.953
 5     0.249    -0.949    -0.195
 5     0.929     0.291    -0.229
 6   125.259    24.264    48.122
 6     0.436    -0.709    -0.555
 6    -0.156     0.547    -0.822
 6     0.886     0.445     0.128
 7   110.545   -24.207    -7.800
 7     0.148     0.989    -0.002
 7    -0.931     0.140     0.337
 7     0.334    -0.049     0.941
 8   109.591   -26.651    22.399
 8     0.172    -0.116     0.978
 8    -0.204    -0.976    -0.080
 8     0.964    -0.186    -0.192
 9   126.166   -32.328    47.340
 9     0.417     0.750    -0.514
 9     0.070     0.536     0.841
 9     0.906    -0.387     0.171
 2    96.513   -18.711    59.833
 2    -0.102    -0.995    -0.011
 2     0.993    -0.103     0.046
 2    -0.047    -0.007     0.999
 3   124.015    -2.593     1.646
 3     0.457    -0.096    -0.884
 3     0.172     0.985    -0.018
 3     0.872    -0.145     0.467
 4   107.966    16.838    -8.189
 4     0.316    -0.916     0.249
 4     0.923     0.236    -0.304
 4     0.220     0.326     0.919
 5   107.308    22.333    22.222
 5     0.274    -0.124     0.953
 5     0.248    -0.949    -0.194
 5     0.929     0.290    -0.230
 6   125.259    24.264    48.122
 6     0.436    -0.709    -0.555
 6    -0.156     0.547    -0.822
 6     0.886     0.445     0.128
 7   110.689   -24.208    -7.795
 7     0.150     0.988    -0.004
 7    -0.931     0.143     0.336
 7     0.332    -0.047     0.942
 8   109.638   -26.652    22.400
 8     0.171    -0.112     0.979
 8    -0.203    -0.976    -0.076
 8     0.964    -0.186    -0.190
 9   126.170   -32.275    47.332
 9     0.416     0.749    -0.516
 9     0.071     0.539     0.839
 9     0.907    -0.386     0.171
 2    96.513   -18.711    59.833
 2    -0.102    -0.995    -0.011
 2     0.993    -0.103     0.046
 2    -0.047    -0.007     0.999
 3   124.124    -2.539     1.633
 3     0.455    -0.095    -0.885
 3     0.171     0.985    -0.019
 3     0.874    -0.143     0.464
 4   108.343    16.997    -8.038
 4     0.322    -0.915     0.243
 4     0.918     0.240    -0.315
 4     0.230     0.324     0.917
 5   107.432    22.333    22.294
 5     0.275    -0.120     0.954
 5     0.246    -0.950    -0.191
 5     0.929     0.287    -0.232
 6   125.534    24.137    48.165
 6     0.430    -0.693    -0.578
 6    -0.157     0.573    -0.804
 6     0.889     0.437     0.137
 7   110.805   -24.157    -7.839
 7     0.156     0.988    -0.007
 7    -0.931     0.149     0.332
 7     0.329    -0.045     0.943
 8   109.807   -26.652    22.374
 8     0.173    -0.097     0.980
 8    -0.204    -0.977    -0.061
 8     0.964    -0.189    -0.189
 9   126.359   -32.246    47.237
 9     0.405     0.733    -0.546
 9     0.067     0.571     0.818
 9     0.912    -0.368     0.183
 2    96.513   -18.762    59.833
 2    -0.102    -0.995    -0.011
 2     0.993    -0.103     0.046
 2    -0.047    -0.007     0.999
 3   124.219    -2.458     1.658
 3     0.448    -0.095    -0.889
 3     0.167     0.985    -0.021
 3     0.878    -0.140     0.458
 4   108.885    17.204    -7.895
 4     0.348    -0.909     0.228
 4     0.905     0.263    -0.333
 4     0.243     0.322     0.915
 5   108.347    22.597    22.453
 5     0.292    -0.103     0.951
 5     0.259    -0.948    -0.183
 5     0.921     0.300    -0.250
 6   127.474    24.993    47.294
 6     0.438    -0.632    -0.639
 6    -0.150     0.650    -0.745
 6     0.886     0.423     0.190
 7   111.072   -24.033    -7.927
 7     0.175     0.984    -0.005
 7    -0.933     0.167     0.319
 7     0.315    -0.051     0.947
 8   111.555   -27.475    22.187
 8     0.231    -0.050     0.971
 8    -0.237    -0.971     0.006
 8     0.943    -0.232    -0.236
 9   129.509   -33.215    45.548
 9     0.424     0.641    -0.640
 9     0.012     0.702     0.712
 9     0.906    -0.309     0.290
 2    96.513   -18.711    59.833
 2    -0.102    -0.995    -0.012
 2     0.993    -0.103     0.046
 2    -0.047    -0.007     0.999
 3   124.421    -2.346     1.566
 3     0.437    -0.102    -0.893
 3     0.166     0.985    -0.032
 3     0.884    -0.134     0.448
 4   109.051    17.293    -7.828
 4     0.373    -0.899     0.230
 4     0.897     0.286    -0.337
 4     0.237     0.332     0.913
 5   111.242    24.192    22.662
 5     0.386    -0.046     0.921
 5     0.325    -0.928    -0.183
 5     0.863     0.370    -0.344
 6   132.989    28.398    44.035
 6     0.540    -0.572    -0.618
 6    -0.086     0.693    -0.716
 6     0.837     0.440     0.324
 7   111.185   -23.633    -8.203
 7     0.212     0.977     0.010
 7    -0.934     0.200     0.296
 7     0.287    -0.072     0.955
 8   114.923   -29.462    21.922
 8     0.363    -0.049     0.930
 8    -0.306    -0.949     0.069
 8     0.880    -0.310    -0.360
 9   136.013   -35.754    41.414
 9     0.556     0.548    -0.625
 9    -0.046     0.771     0.635
 9     0.830    -0.325     0.453
 2    96.513   -18.711    59.833
 2    -0.102    -0.995    -0.011
 2     0.993    -0.103     0.046
 2    -0.047    -0.007     0.999
 3   124.474    -2.293     1.483
 3     0.434    -0.108    -0.894
 3     0.167     0.985    -0.038
 3     0.885    -0.133     0.445
 4   108.905    17.295    -8.170
 4     0.419    -0.871     0.258
 4     0.887     0.331    -0.322
 4     0.194     0.363     0.911
 5   115.567    26.442    21.762
 5     0.542     0.037     0.839
 5     0.398    -0.891    -0.218
 5     0.740     0.453    -0.498
 6   140.779    32.654    36.753
 6     0.700    -0.457    -0.549
 6    -0.022     0.754    -0.656
 6     0.714     0.471     0.518
 7   110.755   -23.174    -8.527
 7     0.272     0.960     0.059
 7    -0.936     0.249     0.249
 7     0.225    -0.123     0.966
 8   119.994   -32.062    20.209
 8     0.579    -0.114     0.807
 8    -0.387    -0.910     0.149
 8     0.717    -0.399    -0.571
 9   145.023   -38.522    31.945
 9     0.778     0.404    -0.480
 9    -0.081     0.823     0.562
 9     0.622    -0.399     0.673
 2    96.513   -18.711    59.833
 2    -0.102    -0.995    -0.011
 2     0.993    -0.103     0.046
 2    -0.047    -0.007     0.999
 3   124.422    -2.213     1.126
 3     0.431    -0.119    -0.894
 3     0.173     0.984    -0.047
 3     0.885    -0.135     0.445
 4   108.296    16.696    -8.766
 4     0.472    -0.821     0.321
 4     0.876     0.394    -0.279
 4     0.103     0.413     0.905
 5   120.760    28.760    18.423
 5     0.724     0.169     0.668
 5     0.462    -0.839    -0.288
 5     0.512     0.517    -0.686
 6   148.444    35.914    24.074
 6     0.884    -0.287    -0.370
 6     0.019     0.812    -0.583
 6     0.467     0.508     0.723
 7   110.120   -22.587    -8.963
 7     0.331     0.934     0.135
 7    -0.934     0.304     0.188
 7     0.134    -0.188     0.973
 8   125.866   -34.716    15.434
 8     0.785    -0.259     0.562
 8    -0.460    -0.851     0.251
 8     0.414    -0.456    -0.788
 9   152.354   -40.401    15.394
 9     0.957     0.207    -0.201
 9    -0.094     0.882     0.461
 9     0.272    -0.423     0.864
 2    96.513   -18.711    59.833
 2    -0.102    -0.995    -0.011
 2     0.993    -0.103     0.046
 2    -0.047    -0.007     0.999
 3   124.409    -2.263     0.731
 3     0.434    -0.127    -0.892
 3     0.179     0.982    -0.053
 3     0.883    -0.137     0.449
 4   107.320    16.010    -9.522
 4     0.501    -0.755     0.423
 4     0.865     0.456    -0.210
 4    -0.035     0.471     0.881
 5   125.385    30.503    12.070
 5     0.842     0.331     0.426
 5     0.500    -0.775    -0.386
 5     0.203     0.538    -0.818
 6   152.674    37.350     7.381
 6     0.988    -0.094    -0.118
 6     0.027     0.880    -0.474
 6     0.148     0.465     0.872
 7   109.440   -22.080    -9.365
 7     0.387     0.890     0.242
 7    -0.922     0.371     0.107
 7     0.006    -0.265     0.964
 8   129.706   -36.856     7.664
 8     0.872    -0.409     0.268
 8    -0.487    -0.783     0.386
 8     0.052    -0.467    -0.882
 9   154.026   -40.879    -4.407
 9     0.991     0.037     0.128
 9    -0.079     0.937     0.339
 9    -0.107    -0.346     0.932
 2    96.513   -18.711    59.833
 2    -0.102    -0.995    -0.011
 2     0.993    -0.103     0.046
 2    -0.047    -0.007     0.999
 3   124.470    -2.348     0.239
 3     0.446    -0.138    -0.884
 3     0.185     0.981    -0.060
 3     0.876    -0.137     0.462
 4   106.224    15.015   -10.034
 4     0.498    -0.686     0.530
 4     0.848     0.512    -0.134
 4    -0.180     0.516     0.837
 5   127.513    31.743     4.176
 5     0.851     0.484     0.203
 5     0.517    -0.704    -0.487
 5    -0.093     0.519    -0.849
 6   151.899    36.902    -9.923
 6     0.986     0.057     0.155
 6     0.000     0.938    -0.346
 6    -0.165     0.341     0.925
 7   108.714   -21.548    -9.787
 7     0.415     0.848     0.328
 7    -0.903     0.427     0.040
 7    -0.107    -0.313     0.943
 8   130.598   -37.642    -0.675
 8     0.845    -0.534     0.036
 8    -0.474    -0.714     0.515
 8    -0.249    -0.452    -0.856
 9   150.268   -38.818   -21.469
 9     0.911    -0.058     0.407
 9    -0.035     0.975     0.217
 9    -0.410    -0.212     0.887
 2    96.515   -18.711    59.830
 2    -0.102    -0.995    -0.011
 2     0.993    -0.103     0.045
 2    -0.046    -0.006     0.999
 3   124.468    -2.353    -0.086
 3     0.452    -0.144    -0.880
 3     0.191     0.979    -0.062
 3     0.871    -0.140     0.470
 4   105.195    14.305   -10.463
 4     0.475    -0.626     0.618
 4     0.830     0.551    -0.081
 4    -0.291     0.552     0.781
 5   127.428    32.268    -3.289
 5     0.785     0.619     0.026
 5     0.520    -0.635    -0.571
 5    -0.337     0.462    -0.820
 6   147.179    35.105   -25.235
 6     0.895     0.144     0.421
 6    -0.044     0.970    -0.239
 6    -0.443     0.195     0.875
 7   107.785   -20.986    -9.894
 7     0.404     0.807     0.430
 7    -0.893     0.450    -0.004
 7    -0.197    -0.383     0.902
 8   129.399   -37.537    -7.485
 8     0.751    -0.644    -0.144
 8    -0.457    -0.664     0.592
 8    -0.477    -0.379    -0.793
 9   143.010   -37.482   -34.685
 9     0.765    -0.093     0.637
 9    -0.012     0.987     0.159
 9    -0.644    -0.129     0.754
 2    96.492   -18.675    59.790
 2    -0.098    -0.995     0.000
 2     0.994    -0.098     0.033
 2    -0.033     0.003     0.999
 3   124.438    -2.359    -0.506
 3     0.460    -0.148    -0.876
 3     0.199     0.978    -0.061
 3     0.865    -0.146     0.479
 4   104.233    13.550   -10.634
 4     0.442    -0.570     0.692
 4     0.818     0.573    -0.051
 4    -0.368     0.589     0.719
 5   125.589    32.197    -9.866
 5     0.683     0.723    -0.104
 5     0.508    -0.572    -0.644
 5    -0.525     0.387    -0.758
 6   139.865    32.792   -36.622
 6     0.754     0.192     0.628
 6    -0.098     0.978    -0.181
 6    -0.650     0.075     0.756
 7   106.791   -20.527    -9.876
 7     0.361     0.760     0.540
 7    -0.890     0.454    -0.043
 7    -0.278    -0.465     0.840
 8   126.998   -37.369   -12.279
 8     0.637    -0.722    -0.269
 8    -0.443    -0.629     0.639
 8    -0.631    -0.288    -0.721
 9   135.399   -36.809   -42.992
 9     0.611    -0.094     0.785
 9     0.003     0.993     0.116
 9    -0.791    -0.069     0.608
 2    96.680   -18.530    59.798
 2     0.048    -0.999     0.001
 2     0.998     0.048     0.033
 2    -0.034    -0.001     0.999
 3   124.361    -2.295    -1.202
 3     0.475    -0.151    -0.867
 3     0.210     0.976    -0.055
 3     0.854    -0.156     0.495
 4   103.128    12.806   -10.659
 4     0.388    -0.540     0.746
 4     0.822     0.569    -0.016
 4    -0.416     0.620     0.665
 5   122.495    32.183   -14.374
 5     0.564     0.806    -0.178
 5     0.502    -0.506    -0.702
 5    -0.656     0.306    -0.690
 6   132.034    31.395   -43.541
 6     0.613     0.181     0.769
 6    -0.134     0.983    -0.124
 6    -0.778    -0.027     0.627
 7   105.628   -20.241    -9.976
 7     0.304     0.721     0.622
 7    -0.889     0.450    -0.087
 7    -0.343    -0.527     0.777
 8   124.141   -37.592   -15.357
 8     0.526    -0.780    -0.337
 8    -0.449    -0.592     0.669
 8    -0.722    -0.201    -0.662
 9   128.165   -36.800   -47.789
 9     0.486    -0.069     0.871
 9     0.001     0.997     0.078
 9    -0.874    -0.037     0.485
 2    96.740   -18.666    59.771
 2     0.131    -0.991    -0.000
 2     0.991     0.131     0.023
 2    -0.023    -0.003     1.000
 3   124.148    -2.306    -1.682
 3     0.488    -0.147    -0.860
 3     0.218     0.975    -0.043
 3     0.845    -0.167     0.508
 4   102.231    12.164   -10.546
 4     0.333    -0.528     0.781
 4     0.834     0.552     0.017
 4    -0.440     0.646     0.624
 5   118.966    32.430   -17.737
 5     0.434     0.878    -0.201
 5     0.506    -0.422    -0.752
 5    -0.745     0.225    -0.627
 6   124.647    30.526   -47.731
 6     0.493     0.133     0.859
 6    -0.155     0.986    -0.064
 6    -0.856    -0.102     0.507
 7   104.860   -19.811    -9.960
 7     0.246     0.681     0.689
 7    -0.888     0.443    -0.120
 7    -0.387    -0.582     0.715
 8   121.303   -37.897   -17.878
 8     0.414    -0.825    -0.385
 8    -0.456    -0.554     0.697
 8    -0.788    -0.113    -0.605
 9   121.278   -37.088   -50.899
 9     0.359    -0.050     0.932
 9    -0.004     0.998     0.055
 9    -0.933    -0.023     0.359
 2    96.804   -18.576    59.780
 2     0.174    -0.985    -0.001
 2     0.984     0.174     0.025
 2    -0.025    -0.005     1.000
 3   124.031    -2.439    -1.914
 3     0.494    -0.144    -0.857
 3     0.219     0.975    -0.038
 3     0.841    -0.169     0.513
 4   101.325    11.733   -10.528
 4     0.275    -0.523     0.807
 4     0.845     0.531     0.056
 4    -0.457     0.667     0.588
 5   115.977    32.662   -19.777
 5     0.333     0.919    -0.210
 5     0.514    -0.363    -0.777
 5    -0.791     0.151    -0.593
 6   118.697    30.088   -49.905
 6     0.391     0.117     0.913
 6    -0.167     0.984    -0.055
 6    -0.905    -0.131     0.404
 7   103.956   -19.387    -9.909
 7     0.193     0.647     0.737
 7    -0.891     0.430    -0.145
 7    -0.411    -0.629     0.660
 8   118.463   -38.306   -19.264
 8     0.313    -0.859    -0.404
 8    -0.465    -0.510     0.724
 8    -0.828    -0.039    -0.559
 9   114.932   -37.449   -52.668
 9     0.251    -0.031     0.967
 9    -0.000     0.999     0.032
 9    -0.968    -0.008     0.251
 2    96.809   -18.585    59.790
 2     0.201    -0.980    -0.000
 2     0.979     0.201     0.029
 2    -0.028    -0.006     0.999
 3   123.787    -2.344    -2.300
 3     0.500    -0.147    -0.853
 3     0.220     0.974    -0.040
 3     0.837    -0.168     0.520
 4   100.520    11.254   -10.465
 4     0.229    -0.525     0.820
 4     0.854     0.513     0.090
 4    -0.468     0.679     0.566
 5   113.093    33.074   -20.779
 5     0.253     0.948    -0.191
 5     0.520    -0.300    -0.799
 5    -0.815     0.103    -0.570
 6   114.492    30.017   -50.574
 6     0.333     0.088     0.938
 6    -0.179     0.983    -0.029
 6    -0.925    -0.159     0.344
 7   103.151   -19.059    -9.826
 7     0.132     0.629     0.766
 7    -0.897     0.404    -0.177
 7    -0.421    -0.664     0.617
 8   112.920   -39.790   -22.379
 8     0.238    -0.886    -0.398
 8    -0.477    -0.464     0.746
 8    -0.846     0.012    -0.533
 9   110.429   -38.348   -53.137
 9     0.191     0.001     0.981
 9    -0.011     1.000     0.001
 9    -0.981    -0.011     0.191
 2    96.912   -18.688    59.791
 2     0.209    -0.978     0.000
 2     0.977     0.209     0.028
 2    -0.028    -0.006     0.999
 3   123.477    -2.323    -2.596
 3     0.505    -0.148    -0.850
 3     0.218     0.975    -0.040
 3     0.835    -0.165     0.525
 4    99.924    10.935   -10.430
 4     0.195    -0.528     0.827
 4     0.862     0.494     0.112
 4    -0.468     0.690     0.551
 5   111.208    33.374   -21.209
 5     0.201     0.964    -0.173
 5     0.530    -0.255    -0.809
 5    -0.824     0.071    -0.562
 6   111.527    29.861   -50.941
 6     0.290     0.075     0.954
 6    -0.186     0.982    -0.021
 6    -0.938    -0.172     0.299
 7   102.761   -18.769    -9.885
 7     0.099     0.620     0.778
 7    -0.899     0.390    -0.197
 7    -0.426    -0.680     0.596
 8   111.365   -40.254   -22.455
 8     0.195    -0.901    -0.387
 8    -0.495    -0.431     0.755
 8    -0.847     0.044    -0.530
 9   108.474   -39.308   -52.972
 9     0.163     0.029     0.986
 9    -0.040     0.999    -0.023
 9    -0.986    -0.036     0.164
 2    96.867   -18.697    59.750
 2     0.236    -0.972     0.001
 2     0.971     0.236     0.031
 2    -0.031    -0.007     0.999
 3   123.372    -2.351    -2.770
 3     0.507    -0.150    -0.849
 3     0.217     0.975    -0.043
 3     0.834    -0.162     0.526
 4    99.733    10.713   -10.537
 4     0.172    -0.533     0.828
 4     0.866     0.482     0.130
 4    -0.469     0.695     0.544
 5   110.330    33.523   -21.375
 5     0.176     0.970    -0.169
 5     0.539    -0.238    -0.808
 5    -0.824     0.051    -0.564
 6   110.062    30.306   -51.084
 6     0.265     0.078     0.961
 6    -0.173     0.984    -0.033
 6    -0.948    -0.157     0.275
 7   102.599   -18.773    -9.879
 7     0.082     0.619     0.781
 7    -0.902     0.379    -0.206
 7    -0.424    -0.688     0.590
 8   110.770   -40.628   -22.421
 8     0.175    -0.905    -0.387
 8    -0.508    -0.420     0.752
 8    -0.843     0.064    -0.533
 9   107.682   -40.229   -52.673
 9     0.152     0.036     0.988
 9    -0.059     0.998    -0.028
 9    -0.987    -0.054     0.154
 2    96.874   -18.701    59.803
 2     0.253    -0.968     0.000
 2     0.967     0.253     0.031
 2    -0.031    -0.008     0.999
 3   123.292    -2.327    -2.944
 3     0.507    -0.152    -0.848
 3     0.217     0.975    -0.044
 3     0.833    -0.162     0.528
 4    99.677    10.687   -10.531
 4     0.168    -0.536     0.827
 4     0.866     0.481     0.135
 4    -0.471     0.694     0.545
 5   110.199    33.401   -21.511
 5     0.171     0.970    -0.171
 5     0.540    -0.238    -0.807
 5    -0.824     0.046    -0.565
 6   109.978    30.633   -51.085
 6     0.264     0.081     0.961
 6    -0.164     0.986    -0.038
 6    -0.950    -0.147     0.274
 7   102.549   -18.776    -9.877
 7     0.078     0.622     0.779
 7    -0.902     0.377    -0.210
 7    -0.424    -0.686     0.591
 8   110.673   -40.627   -22.376
 8     0.175    -0.907    -0.383
 8    -0.510    -0.416     0.753
 8    -0.842     0.063    -0.536
 9   107.767   -40.221   -52.565
 9     0.156     0.043     0.987
 9    -0.064     0.997    -0.033
 9    -0.985    -0.058     0.159
 2    96.874   -18.651    59.803
 2     0.253    -0.968    -0.000
 2     0.967     0.253     0.031
 2    -0.031    -0.008     0.999
 3   123.297    -2.402    -2.872
 3     0.506    -0.151    -0.849
 3     0.217     0.975    -0.043
 3     0.834    -0.163     0.526
 4    99.801    10.579   -10.593
 4     0.176    -0.536     0.825
 4     0.862     0.488     0.133
 4    -0.474     0.688     0.548
 5   110.793    33.037   -21.730
 5     0.186     0.966    -0.180
 5     0.536    -0.254    -0.805
 5    -0.823     0.053    -0.566
 6   111.157    30.368   -51.192
 6     0.277     0.098     0.956
 6    -0.157     0.986    -0.055
 6    -0.948    -0.135     0.288
 7   102.583   -18.728    -9.998
 7     0.085     0.628     0.773
 7    -0.899     0.382    -0.211
 7    -0.428    -0.678     0.597
 8   111.007   -40.432   -22.538
 8     0.190    -0.906    -0.379
 8    -0.503    -0.421     0.754
 8    -0.843     0.048    -0.536
 9   108.865   -39.598   -52.830
 9     0.183     0.043     0.982
 9    -0.052     0.998    -0.034
 9    -0.982    -0.045     0.185
 2    96.925   -18.701    59.803
 2     0.253    -0.967     0.000
 2     0.967     0.253     0.031
 2    -0.031    -0.008     0.999
 3   123.297    -2.452    -2.872
 3     0.506    -0.151    -0.849
 3     0.218     0.975    -0.044
 3     0.834    -0.163     0.526
 4    99.953    10.745   -10.725
 4     0.196    -0.533     0.823
 4     0.856     0.502     0.121
 4    -0.478     0.681     0.555
 5   112.023    32.659   -21.620
 5     0.225     0.955    -0.192
 5     0.528    -0.286    -0.800
 5    -0.819     0.079    -0.568
 6   113.483    29.996   -51.024
 6     0.304     0.130     0.943
 6    -0.169     0.982    -0.081
 6    -0.937    -0.135     0.321
 7   102.779   -18.898   -10.066
 7     0.119     0.635     0.763
 7    -0.894     0.402    -0.195
 7    -0.431    -0.660     0.616
 8   112.381   -40.029   -22.451
 8     0.238    -0.896    -0.376
 8    -0.494    -0.445     0.747
 8    -0.836     0.008    -0.548
 9   111.702   -38.936   -52.775
 9     0.231     0.019     0.972
 9    -0.042     0.999    -0.009
 9    -0.972    -0.039     0.232
 2    96.925   -18.651    59.803
 2     0.254    -0.967     0.000
 2     0.966     0.254     0.032
 2    -0.031    -0.008     0.999
 3   123.246    -2.401    -2.771
 3     0.506    -0.152    -0.849
 3     0.218     0.975    -0.045
 3     0.834    -0.162     0.527
 4   100.186    11.041   -10.798
 4     0.235    -0.526     0.817
 4     0.848     0.521     0.091
 4    -0.474     0.672     0.569
 5   114.006    32.320   -20.707
 5     0.292     0.934    -0.203
 5     0.525    -0.334    -0.783
 5    -0.800     0.122    -0.588
 6   117.115    29.879   -50.154
 6     0.354     0.176     0.918
 6    -0.175     0.977    -0.120
 6    -0.918    -0.118     0.377
 7   103.147   -19.133   -10.208
 7     0.175     0.657     0.732
 7    -0.888     0.427    -0.171
 7    -0.426    -0.620     0.659
 8   117.990   -38.516   -19.125
 8     0.325    -0.864    -0.384
 8    -0.489    -0.502     0.714
 8    -0.810    -0.045    -0.585
 9   116.909   -38.820   -51.576
 9     0.314    -0.023     0.949
 9    -0.044     0.998     0.038
 9    -0.948    -0.054     0.312
 2    96.926   -18.651    59.803
 2     0.256    -0.967     0.000
 2     0.966     0.256     0.032
 2    -0.031    -0.008     0.999
 3   123.300    -2.501    -2.523
 3     0.505    -0.154    -0.849
 3     0.217     0.975    -0.048
 3     0.835    -0.160     0.526
 4   100.639    11.315   -10.960
 4     0.282    -0.522     0.805
 4     0.839     0.540     0.056
 4    -0.464     0.660     0.590
 5   116.589    31.927   -19.210
 5     0.382     0.902    -0.199
 5     0.523    -0.389    -0.758
 5    -0.762     0.186    -0.621
 6   122.501    29.926   -48.160
 6     0.433     0.227     0.872
 6    -0.180     0.970    -0.163
 6    -0.883    -0.086     0.461
 7   103.788   -19.509   -10.315
 7     0.234     0.682     0.692
 7    -0.882     0.449    -0.144
 7    -0.409    -0.577     0.707
 8   121.075   -38.087   -17.418
 8     0.432    -0.819    -0.378
 8    -0.485    -0.564     0.668
 8    -0.760    -0.105    -0.641
 9   123.264   -38.832   -49.457
 9     0.417    -0.070     0.906
 9    -0.048     0.994     0.099
 9    -0.907    -0.085     0.411
 2    96.926   -18.651    59.803
 2     0.256    -0.967     0.000
 2     0.966     0.256     0.032
 2    -0.031    -0.008     0.999
 3   123.359    -2.524    -2.254
 3     0.502    -0.155    -0.851
 3     0.216     0.975    -0.050
 3     0.837    -0.159     0.523
 4   101.387    11.725   -10.985
 4     0.328    -0.528     0.783
 4     0.832     0.554     0.025
 4    -0.447     0.643     0.621
 5   119.646    31.593   -16.878
 5     0.494     0.849    -0.187
 5     0.516    -0.460    -0.722
 5    -0.699     0.260    -0.666
 6   128.597    29.972   -45.032
 6     0.529     0.270     0.804
 6    -0.183     0.962    -0.203
 6    -0.829    -0.039     0.558
 7   104.474   -19.824   -10.370
 7     0.294     0.701     0.649
 7    -0.875     0.470    -0.111
 7    -0.384    -0.536     0.752
 8   123.894   -37.491   -15.210
 8     0.536    -0.765    -0.358
 8    -0.482    -0.625     0.614
 8    -0.693    -0.157    -0.703
 9   129.114   -38.825   -46.186
 9     0.517    -0.111     0.849
 9    -0.054     0.985     0.162
 9    -0.854    -0.130     0.503
 2    96.926   -18.651    59.803
 2     0.257    -0.966     0.000
 2     0.966     0.257     0.032
 2    -0.031    -0.008     0.999
 3   123.510    -2.516    -1.804
 3     0.493    -0.156    -0.856
 3     0.213     0.975    -0.055
 3     0.843    -0.156     0.514
 4   102.194    12.275   -10.993
 4     0.377    -0.542     0.751
 4     0.827     0.562    -0.009
 4    -0.417     0.624     0.660
 5   122.529    31.083   -13.872
 5     0.604     0.780    -0.160
 5     0.504    -0.530    -0.682
 5    -0.617     0.332    -0.714
 6   134.300    29.685   -41.108
 6     0.618     0.308     0.722
 6    -0.189     0.951    -0.245
 6    -0.763     0.015     0.646
 7   105.053   -20.144   -10.367
 7     0.334     0.719     0.609
 7    -0.873     0.480    -0.088
 7    -0.356    -0.502     0.788
 8   126.338   -37.039   -12.491
 8     0.630    -0.709    -0.317
 8    -0.481    -0.677     0.557
 8    -0.609    -0.199    -0.767
 9   134.732   -39.276   -42.184
 9     0.613    -0.136     0.778
 9    -0.066     0.973     0.221
 9    -0.787    -0.187     0.588
 2    96.924   -18.652    59.806
 2     0.257    -0.966     0.000
 2     0.966     0.257     0.032
 2    -0.032    -0.008     0.999
 3   123.613    -2.660    -1.482
 3     0.485    -0.155    -0.861
 3     0.210     0.976    -0.057
 3     0.849    -0.154     0.506
 4   103.002    12.778   -10.912
 4     0.421    -0.555     0.718
 4     0.822     0.568    -0.043
 4    -0.384     0.608     0.695
 5   124.824    30.664   -10.797
 5     0.693     0.711    -0.116
 5     0.492    -0.585    -0.644
 5    -0.526     0.390    -0.756
 6   139.369    29.663   -36.590
 6     0.692     0.342     0.635
 6    -0.196     0.936    -0.291
 6    -0.694     0.077     0.715
 7   105.558   -20.434   -10.281
 7     0.363     0.739     0.568
 7    -0.875     0.480    -0.064
 7    -0.319    -0.474     0.821
 8   128.125   -36.810    -8.992
 8     0.714    -0.654    -0.249
 8    -0.484    -0.719     0.499
 8    -0.505    -0.236    -0.830
 9   139.839   -39.621   -36.795
 9     0.708    -0.144     0.691
 9    -0.072     0.959     0.273
 9    -0.702    -0.243     0.669
 2    96.924   -18.602    59.806
 2     0.257    -0.966     0.000
 2     0.966     0.257     0.033
 2    -0.032    -0.008     0.999
 3   123.682    -2.680    -1.199
 3     0.478    -0.152    -0.865
 3     0.208     0.976    -0.057
 3     0.853    -0.153     0.498
 4   103.911    13.347   -10.718
 4     0.462    -0.570     0.679
 4     0.820     0.566    -0.082
 4    -0.338     0.595     0.729
 5   126.594    30.347    -7.024
 5     0.770     0.636    -0.053
 5     0.486    -0.638    -0.597
 5    -0.414     0.434    -0.800
 6   144.011    29.649   -30.503
 6     0.767     0.368     0.525
 6    -0.201     0.915    -0.348
 6    -0.609     0.161     0.776
 7   106.052   -20.866   -10.139
 7     0.385     0.764     0.517
 7    -0.884     0.466    -0.031
 7    -0.265    -0.446     0.855
 8   129.607   -36.412    -4.533
 8     0.792    -0.592    -0.148
 8    -0.488    -0.760     0.428
 8    -0.366    -0.267    -0.891
 9   145.300   -40.472   -28.658
 9     0.809    -0.140     0.570
 9    -0.080     0.936     0.343
 9    -0.581    -0.323     0.746
 2    96.924   -18.652    59.806
 2     0.257    -0.966     0.000
 2     0.966     0.257     0.032
 2    -0.032    -0.008     0.999
 3   123.752    -2.725    -0.891
 3     0.472    -0.149    -0.869
 3     0.206     0.977    -0.055
 3     0.857    -0.153     0.492
 4   104.881    13.986   -10.454
 4     0.496    -0.594     0.633
 4     0.824     0.551    -0.129
 4    -0.273     0.586     0.763
 5   127.946    30.146    -1.827
 5     0.837     0.544     0.051
 5     0.480    -0.689    -0.543
 5    -0.260     0.479    -0.838
 6   148.487    30.178   -21.830
 6     0.853     0.360     0.378
 6    -0.201     0.895    -0.398
 6    -0.482     0.263     0.836
 7   106.595   -21.342    -9.991
 7     0.401     0.787     0.469
 7    -0.894     0.449     0.011
 7    -0.202    -0.423     0.883
 8   129.978   -35.900     1.540
 8     0.856    -0.516     0.016
 8    -0.493    -0.807     0.326
 8    -0.155    -0.287    -0.945
 9   149.623   -41.440   -18.636
 9     0.910    -0.099     0.401
 9    -0.096     0.894     0.438
 9    -0.402    -0.438     0.804
 2    96.924   -18.652    59.806
 2     0.257    -0.966     0.000
 2     0.966     0.257     0.033
 2    -0.032    -0.008     0.999
 3   123.868    -2.772    -0.526
 3     0.467    -0.144    -0.872
 3     0.203     0.977    -0.053
 3     0.860    -0.153     0.486
 4   105.840    14.593   -10.211
 4     0.521    -0.632     0.573
 4     0.832     0.526    -0.177
 4    -0.190     0.569     0.800
 5   127.701    29.834     4.212
 5     0.879     0.429     0.205
 5     0.472    -0.739    -0.481
 5    -0.055     0.520    -0.852
 6   151.769    30.652   -10.470
 6     0.937     0.298     0.180
 6    -0.188     0.868    -0.459
 6    -0.293     0.397     0.870
 7   107.686   -21.915    -9.877
 7     0.418     0.816     0.398
 7    -0.902     0.423     0.080
 7    -0.103    -0.393     0.914
 8   129.203   -34.950     7.735
 8     0.868    -0.441     0.226
 8    -0.486    -0.847     0.214
 8     0.097    -0.296    -0.950
 9   152.779   -42.070    -3.864
 9     0.982     0.025     0.188
 9    -0.123     0.839     0.529
 9    -0.144    -0.543     0.827
 2    96.870   -18.654    59.760
 2     0.257    -0.966     0.002
 2     0.965     0.257     0.034
 2    -0.034    -0.007     0.999
 3   124.084    -2.770    -0.034
 3     0.464    -0.138    -0.875
 3     0.198     0.979    -0.049
 3     0.863    -0.151     0.481
 4   107.021    15.269    -9.669
 4     0.539    -0.681     0.496
 4     0.838     0.493    -0.235
 4    -0.085     0.542     0.836
 5   126.412    28.949    10.224
 5     0.877     0.307     0.369
 5     0.452    -0.789    -0.416
 5     0.164     0.531    -0.831
 6   153.393    30.630     1.899
 6     0.984     0.177    -0.026
 6    -0.164     0.834    -0.527
 6    -0.072     0.522     0.849
 7   108.819   -22.569    -9.463
 7     0.430     0.841     0.328
 7    -0.903     0.404     0.147
 7    -0.009    -0.360     0.933
 8   127.161   -33.689    13.202
 8     0.820    -0.365     0.441
 8    -0.457    -0.881     0.121
 8     0.344    -0.301    -0.889
 9   152.753   -41.500     8.700
 9     0.984     0.174    -0.021
 9    -0.127     0.788     0.603
 9     0.121    -0.591     0.797
 2    96.870   -18.654    59.760
 2     0.257    -0.966     0.002
 2     0.965     0.257     0.035
 2    -0.034    -0.007     0.999
 3   124.268    -2.821     0.385
 3     0.463    -0.135    -0.876
 3     0.191     0.980    -0.051
 3     0.865    -0.144     0.479
 4   108.054    15.823    -9.114
 4     0.540    -0.729     0.420
 4     0.841     0.454    -0.294
 4     0.023     0.512     0.858
 5   124.330    28.009    14.977
 5     0.834     0.207     0.510
 5     0.427    -0.828    -0.363
 5     0.348     0.521    -0.780
 6   152.521    30.645    13.629
 6     0.979     0.025    -0.201
 6    -0.138     0.811    -0.569
 6     0.148     0.585     0.797
 7   109.721   -23.099    -9.096
 7     0.423     0.871     0.249
 7    -0.901     0.377     0.215
 7     0.093    -0.315     0.944
 8   124.139   -32.335    17.610
 8     0.726    -0.297     0.619
 8    -0.420    -0.906     0.057
 8     0.544    -0.302    -0.783
 9   150.075   -39.844    20.762
 9     0.932     0.299    -0.206
 9    -0.095     0.747     0.657
 9     0.350    -0.593     0.725
 2    96.917   -18.655    59.814
 2     0.257    -0.966     0.003
 2     0.965     0.257     0.035
 2    -0.035    -0.006     0.999
 3   124.366    -2.722     0.662
 3     0.465    -0.137    -0.875
 3     0.186     0.981    -0.055
 3     0.865    -0.137     0.482
 4   108.781    16.316    -8.708
 4     0.523    -0.776     0.352
 4     0.844     0.414    -0.342
 4     0.119     0.476     0.871
 5   121.596    27.085    18.608
 5     0.759     0.125     0.638
 5     0.405    -0.859    -0.314
 5     0.509     0.496    -0.703
 6   149.582    30.012    22.905
 6     0.936    -0.114    -0.332
 6    -0.123     0.779    -0.615
 6     0.329     0.616     0.715
 7   110.330   -23.325    -8.583
 7     0.399     0.899     0.178
 7    -0.901     0.347     0.261
 7     0.173    -0.265     0.948
 8   120.452   -31.271    20.307
 8     0.611    -0.229     0.758
 8    -0.381    -0.924     0.027
 8     0.694    -0.305    -0.652
 9   145.523   -38.391    30.212
 9     0.837     0.411    -0.362
 9    -0.062     0.727     0.684
 9     0.544    -0.550     0.634
 2    96.917   -18.655    59.814
 2     0.257    -0.966     0.003
 2     0.965     0.257     0.035
 2    -0.035    -0.006     0.999
 3   124.366    -2.599     0.916
 3     0.468    -0.132    -0.874
 3     0.180     0.982    -0.052
 3     0.865    -0.133     0.484
 4   109.178    16.640    -8.321
 4     0.496    -0.814     0.303
 4     0.847     0.376    -0.377
 4     0.192     0.443     0.875
 5   117.984    26.281    20.959
 5     0.655     0.049     0.754
 5     0.385    -0.880    -0.277
 5     0.650     0.472    -0.595
 6   144.583    29.355    31.901
 6     0.851    -0.264    -0.455
 6    -0.117     0.748    -0.653
 6     0.512     0.609     0.605
 7   110.623   -23.656    -8.380
 7     0.350     0.928     0.121
 7    -0.907     0.304     0.290
 7     0.232    -0.212     0.949
 8   116.875   -30.229    21.688
 8     0.486    -0.187     0.854
