% Calibrated with leiden_pols
% Positions are in centimeters
Data =[
 2    96.914   -18.656    59.816
 2     0.258    -0.966     0.004
 2     0.965     0.257     0.036
 2    -0.036    -0.005     0.999
 3   123.841    -2.770     1.813
 3     0.456    -0.104    -0.884
 3     0.170     0.985    -0.029
 3     0.873    -0.137     0.467
 4   107.970    16.922    -8.049
 4     0.330    -0.902     0.278
 4     0.922     0.244    -0.301
 4     0.203     0.356     0.912
 5   106.487    22.741    21.782
 5     0.240    -0.128     0.962
 5     0.253    -0.949    -0.190
 5     0.937     0.289    -0.195
 6   124.534    23.912    48.009
 6     0.386    -0.567    -0.727
 6    -0.154     0.738    -0.657
 6     0.909     0.365     0.198
 7   110.515   -24.381    -7.641
 7     0.179     0.984     0.003
 7    -0.930     0.169     0.327
 7     0.321    -0.061     0.945
 8   108.770   -27.242    22.188
 8     0.133    -0.094     0.986
 8    -0.210    -0.976    -0.065
 8     0.969    -0.198    -0.150
 9   125.054   -32.407    47.523
 9     0.374     0.695    -0.614
 9     0.065     0.641     0.765
 9     0.925    -0.326     0.194
 2    96.915   -18.656    59.765
 2     0.258    -0.966     0.004
 2     0.965     0.258     0.036
 2    -0.036    -0.005     0.999
 3   123.891    -2.770     1.813
 3     0.456    -0.104    -0.884
 3     0.170     0.985    -0.028
 3     0.873    -0.137     0.467
 4   107.970    16.922    -8.049
 4     0.330    -0.902     0.278
 4     0.922     0.244    -0.301
 4     0.203     0.356     0.912
 5   106.438    22.690    21.782
 5     0.240    -0.129     0.962
 5     0.253    -0.949    -0.190
 5     0.937     0.289    -0.195
 6   124.534    23.962    47.984
 6     0.386    -0.568    -0.727
 6    -0.154     0.738    -0.658
 6     0.909     0.365     0.198
 7   110.515   -24.381    -7.692
 7     0.179     0.984     0.003
 7    -0.930     0.169     0.327
 7     0.321    -0.061     0.945
 8   108.718   -27.217    22.187
 8     0.133    -0.094     0.986
 8    -0.209    -0.976    -0.065
 8     0.969    -0.198    -0.149
 9   125.054   -32.407    47.523
 9     0.374     0.695    -0.614
 9     0.065     0.641     0.765
 9     0.925    -0.326     0.194
 2    96.915   -18.656    59.766
 2     0.258    -0.966     0.004
 2     0.965     0.258     0.036
 2    -0.036    -0.006     0.999
 3   123.891    -2.770     1.814
 3     0.455    -0.104    -0.884
 3     0.170     0.985    -0.028
 3     0.873    -0.138     0.466
 4   107.971    16.922    -8.049
 4     0.330    -0.902     0.278
 4     0.922     0.245    -0.301
 4     0.203     0.355     0.912
 5   106.488    22.690    21.782
 5     0.240    -0.129     0.962
 5     0.253    -0.948    -0.191
 5     0.937     0.289    -0.195
 6   124.539    24.016    47.975
 6     0.386    -0.568    -0.727
 6    -0.153     0.738    -0.657
 6     0.910     0.365     0.197
 7   110.515   -24.381    -7.692
 7     0.179     0.984     0.002
 7    -0.930     0.169     0.327
 7     0.321    -0.061     0.945
 8   108.718   -27.243    22.137
 8     0.133    -0.094     0.987
 8    -0.210    -0.976    -0.064
 8     0.969    -0.198    -0.149
 9   125.054   -32.407    47.523
 9     0.373     0.695    -0.614
 9     0.065     0.641     0.765
 9     0.925    -0.326     0.194
 2    96.915   -18.656    59.766
 2     0.258    -0.966     0.004
 2     0.965     0.258     0.036
 2    -0.036    -0.006     0.999
 3   123.896    -2.768     1.782
 3     0.455    -0.103    -0.884
 3     0.171     0.985    -0.027
 3     0.874    -0.139     0.466
 4   107.971    16.922    -7.997
 4     0.330    -0.902     0.277
 4     0.922     0.245    -0.300
 4     0.203     0.354     0.913
 5   106.488    22.690    21.782
 5     0.240    -0.129     0.962
 5     0.253    -0.948    -0.191
 5     0.937     0.289    -0.195
 6   124.540    23.964    48.001
 6     0.385    -0.568    -0.728
 6    -0.154     0.738    -0.657
 6     0.910     0.365     0.197
 7   110.565   -24.330    -7.641
 7     0.179     0.984     0.002
 7    -0.930     0.169     0.327
 7     0.321    -0.061     0.945
 8   108.718   -27.242    22.187
 8     0.133    -0.092     0.987
 8    -0.209    -0.976    -0.062
 8     0.969    -0.198    -0.149
 9   125.054   -32.432    47.472
 9     0.373     0.694    -0.615
 9     0.065     0.642     0.764
 9     0.925    -0.326     0.194
 2    96.915   -18.656    59.817
 2     0.258    -0.966     0.004
 2     0.965     0.258     0.036
 2    -0.036    -0.006     0.999
 3   123.902    -2.767     1.776
 3     0.453    -0.103    -0.885
 3     0.170     0.985    -0.027
 3     0.875    -0.139     0.464
 4   108.077    16.923    -8.003
 4     0.333    -0.902     0.275
 4     0.920     0.247    -0.303
 4     0.205     0.354     0.912
 5   106.775    22.808    21.804
 5     0.246    -0.138     0.959
 5     0.256    -0.945    -0.202
 5     0.935     0.296    -0.197
 6   125.247    23.960    47.619
 6     0.386    -0.539    -0.749
 6    -0.155     0.762    -0.628
 6     0.909     0.358     0.211
 7   110.618   -24.275    -7.647
 7     0.186     0.982     0.003
 7    -0.928     0.175     0.329
 7     0.322    -0.064     0.944
 8   108.928   -27.395    22.184
 8     0.145    -0.075     0.986
 8    -0.217    -0.975    -0.042
 8     0.965    -0.208    -0.158
 9   125.639   -32.729    47.097
 9     0.375     0.668    -0.643
 9     0.043     0.680     0.732
 9     0.926    -0.302     0.226
 2    96.915   -18.656    59.817
 2     0.258    -0.966     0.004
 2     0.965     0.258     0.036
 2    -0.036    -0.006     0.999
 3   123.962    -2.711     1.790
 3     0.448    -0.103    -0.888
 3     0.172     0.984    -0.027
 3     0.877    -0.141     0.459
 4   108.401    16.975    -7.945
 4     0.351    -0.897     0.267
 4     0.912     0.263    -0.316
 4     0.212     0.354     0.910
 5   107.927    23.302    22.004
 5     0.281    -0.127     0.951
 5     0.279    -0.937    -0.208
 5     0.918     0.324    -0.229
 6   127.234    24.846    46.971
 6     0.411    -0.508    -0.757
 6    -0.143     0.784    -0.603
 6     0.900     0.356     0.250
 7   110.663   -24.146    -7.690
 7     0.195     0.981     0.008
 7    -0.927     0.182     0.327
 7     0.319    -0.071     0.945
 8   110.124   -28.051    22.288
 8     0.194    -0.070     0.978
 8    -0.251    -0.968    -0.019
 8     0.948    -0.242    -0.206
 9   128.095   -33.864    45.707
 9     0.420     0.620    -0.662
 9    -0.005     0.731     0.682
 9     0.907    -0.284     0.309
 2    96.865   -18.656    59.766
 2     0.258    -0.966     0.004
 2     0.965     0.258     0.036
 2    -0.036    -0.006     0.999
 3   123.998    -2.656     1.829
 3     0.444    -0.102    -0.890
 3     0.172     0.984    -0.027
 3     0.879    -0.142     0.455
 4   108.659    16.969    -7.893
 4     0.373    -0.890     0.262
 4     0.903     0.284    -0.322
 4     0.212     0.356     0.910
 5   110.112    24.439    22.227
 5     0.354    -0.104     0.929
 5     0.318    -0.921    -0.224
 5     0.879     0.375    -0.293
 6   131.062    26.840    44.975
 6     0.475    -0.466    -0.747
 6    -0.111     0.810    -0.576
 6     0.873     0.356     0.333
 7   110.616   -24.078    -7.749
 7     0.215     0.976     0.025
 7    -0.930     0.197     0.309
 7     0.297    -0.090     0.951
 8   112.619   -29.445    22.346
 8     0.291    -0.090     0.952
 8    -0.301    -0.953     0.002
 8     0.908    -0.288    -0.304
 9   133.004   -36.141    42.818
 9     0.523     0.576    -0.628
 9    -0.049     0.755     0.653
 9     0.851    -0.311     0.424
 2    96.915   -18.656    59.817
 2     0.258    -0.966     0.004
 2     0.965     0.258     0.036
 2    -0.036    -0.006     0.999
 3   123.932    -2.652     1.816
 3     0.440    -0.105    -0.891
 3     0.173     0.984    -0.030
 3     0.881    -0.142     0.452
 4   109.023    16.954    -7.923
 4     0.404    -0.875     0.264
 4     0.891     0.313    -0.328
 4     0.204     0.368     0.907
 5   113.090    25.522    22.271
 5     0.456    -0.054     0.888
 5     0.357    -0.903    -0.238
 5     0.815     0.426    -0.393
 6   136.317    29.025    41.685
 6     0.576    -0.413    -0.705
 6    -0.075     0.832    -0.549
 6     0.814     0.369     0.449
 7   110.730   -23.855    -7.848
 7     0.254     0.966     0.040
 7    -0.929     0.232     0.288
 7     0.269    -0.111     0.957
 8   116.024   -30.732    22.082
 8     0.424    -0.119     0.897
 8    -0.350    -0.936     0.041
 8     0.835    -0.331    -0.439
 9   139.004   -37.588    38.490
 9     0.652     0.511    -0.561
 9    -0.067     0.775     0.628
 9     0.755    -0.372     0.539
 2    96.915   -18.656    59.765
 2     0.258    -0.966     0.004
 2     0.965     0.258     0.036
 2    -0.036    -0.005     0.999
 3   123.990    -2.646     1.802
 3     0.435    -0.114    -0.893
 3     0.177     0.983    -0.040
 3     0.883    -0.141     0.448
 4   109.197    16.878    -8.113
 4     0.447    -0.852     0.273
 4     0.874     0.351    -0.335
 4     0.189     0.388     0.902
 5   116.835    26.618    21.467
 5     0.583     0.021     0.812
 5     0.396    -0.880    -0.261
 5     0.709     0.473    -0.522
 6   142.270    31.160    36.060
 6     0.706    -0.339    -0.622
 6    -0.045     0.855    -0.516
 6     0.707     0.392     0.588
 7   110.589   -23.565    -8.133
 7     0.298     0.952     0.067
 7    -0.927     0.272     0.258
 7     0.227    -0.140     0.964
 8   119.833   -32.415    20.583
 8     0.574    -0.164     0.802
 8    -0.400    -0.911     0.100
 8     0.714    -0.378    -0.589
 9   144.607   -39.320    31.477
 9     0.784     0.420    -0.457
 9    -0.092     0.807     0.583
 9     0.613    -0.415     0.672
 2    96.915   -18.656    59.765
 2     0.258    -0.966     0.004
 2     0.965     0.258     0.036
 2    -0.036    -0.005     0.999
 3   124.018    -2.642     1.795
 3     0.430    -0.121    -0.895
 3     0.180     0.982    -0.046
 3     0.884    -0.141     0.444
 4   109.149    16.829    -8.350
 4     0.489    -0.819     0.301
 4     0.860     0.395    -0.323
 4     0.145     0.416     0.897
 5   120.862    27.834    19.400
 5     0.711     0.111     0.694
 5     0.426    -0.854    -0.300
 5     0.559     0.509    -0.655
 6   147.727    33.374    28.371
 6     0.826    -0.264    -0.498
 6    -0.011     0.876    -0.483
 6     0.563     0.404     0.720
 7   110.251   -23.184    -8.329
 7     0.340     0.934     0.107
 7    -0.924     0.311     0.221
 7     0.173    -0.175     0.969
 8   123.640   -33.979    18.087
 8     0.711    -0.216     0.668
 8    -0.440    -0.879     0.184
 8     0.547    -0.426    -0.720
 9   149.896   -40.693    21.980
 9     0.900     0.301    -0.316
 9    -0.106     0.853     0.511
 9     0.423    -0.427     0.799
 2    96.915   -18.656    59.817
 2     0.258    -0.966     0.004
 2     0.965     0.258     0.036
 2    -0.036    -0.006     0.999
 3   123.997    -2.613     1.712
 3     0.428    -0.126    -0.895
 3     0.183     0.982    -0.051
 3     0.885    -0.142     0.443
 4   108.808    16.477    -8.764
 4     0.526    -0.776     0.350
 4     0.847     0.443    -0.293
 4     0.072     0.450     0.890
 5   124.357    28.785    16.061
 5     0.809     0.204     0.551
 5     0.447    -0.822    -0.354
 5     0.380     0.532    -0.756
 6   151.887    34.708    19.417
 6     0.918    -0.173    -0.356
 6     0.004     0.904    -0.428
 6     0.395     0.391     0.831
 7   109.889   -22.890    -8.535
 7     0.380     0.911     0.161
 7    -0.919     0.351     0.179
 7     0.106    -0.217     0.970
 8   126.891   -35.515    14.301
 8     0.811    -0.299     0.503
 8    -0.474    -0.840     0.264
 8     0.343    -0.452    -0.823
 9   153.082   -40.985    11.283
 9     0.973     0.182    -0.143
 9    -0.101     0.890     0.444
 9     0.208    -0.418     0.884
 2    96.865   -18.656    59.766
 2     0.258    -0.966     0.004
 2     0.965     0.258     0.036
 2    -0.036    -0.006     0.999
 3   124.016    -2.612     1.490
 3     0.427    -0.129    -0.895
 3     0.187     0.981    -0.053
 3     0.884    -0.145     0.443
 4   108.273    16.021    -9.135
 4     0.546    -0.734     0.404
 4     0.838     0.482    -0.255
 4    -0.008     0.478     0.878
 5   126.593    29.734    12.395
 5     0.860     0.293     0.418
 5     0.465    -0.787    -0.405
 5     0.210     0.542    -0.813
 6   154.091    35.451     9.703
 6     0.976    -0.083    -0.200
 6     0.005     0.932    -0.362
 6     0.217     0.352     0.910
 7   109.359   -22.635    -8.836
 7     0.408     0.884     0.226
 7    -0.912     0.387     0.131
 7     0.029    -0.260     0.965
 8   128.940   -36.751     9.881
 8     0.860    -0.378     0.342
 8    -0.489    -0.800     0.347
 8     0.142    -0.466    -0.873
 9   154.109   -41.230     0.150
 9     0.995     0.083     0.040
 9    -0.092     0.926     0.366
 9    -0.006    -0.369     0.929
 2    96.915   -18.656    59.817
 2     0.258    -0.966     0.004
 2     0.965     0.258     0.036
 2    -0.036    -0.006     0.999
 3   123.986    -2.612     1.268
 3     0.428    -0.131    -0.894
 3     0.189     0.980    -0.053
 3     0.883    -0.147     0.444
 4   107.522    15.572    -9.344
 4     0.548    -0.700     0.458
 4     0.832     0.510    -0.215
 4    -0.083     0.499     0.862
 5   127.938    30.395     8.521
 5     0.875     0.389     0.289
 5     0.482    -0.756    -0.442
 5     0.047     0.526    -0.849
 6   154.451    35.426     0.230
 6     0.999    -0.006    -0.033
 6    -0.004     0.953    -0.302
 6     0.033     0.301     0.953
 7   108.893   -22.431    -9.047
 7     0.424     0.859     0.286
 7    -0.905     0.417     0.088
 7    -0.043    -0.297     0.954
 8   130.106   -37.393     5.472
 8     0.871    -0.451     0.194
 8    -0.489    -0.767     0.415
 8    -0.038    -0.457    -0.889
 9   153.000   -40.845    -9.234
 9     0.979     0.017     0.199
 9    -0.081     0.945     0.317
 9    -0.183    -0.327     0.927
 2    96.868   -18.654    59.811
 2     0.255    -0.967     0.002
 2     0.966     0.255     0.034
 2    -0.034    -0.007     0.999
 3   123.981    -2.689     1.046
 3     0.431    -0.132    -0.893
 3     0.192     0.980    -0.052
 3     0.882    -0.149     0.447
 4   106.861    15.147    -9.595
 4     0.538    -0.670     0.511
 4     0.827     0.536    -0.169
 4    -0.161     0.514     0.842
 5   128.448    30.914     4.203
 5     0.863     0.471     0.178
 5     0.493    -0.719    -0.490
 5    -0.103     0.510    -0.854
 6   153.350    34.924    -8.933
 6     0.990     0.051     0.128
 6    -0.019     0.972    -0.236
 6    -0.137     0.231     0.963
 7   108.368   -22.125    -9.184
 7     0.428     0.840     0.332
 7    -0.897     0.438     0.048
 7    -0.106    -0.319     0.942
 8   130.426   -37.775     1.561
 8     0.855    -0.513     0.076
 8    -0.483    -0.733     0.479
 8    -0.190    -0.447    -0.874
 9   151.091   -39.740   -17.589
 9     0.939    -0.036     0.341
 9    -0.057     0.964     0.260
 9    -0.338    -0.263     0.903
 2    96.918   -18.601    59.808
 2     0.249    -0.969     0.001
 2     0.968     0.248     0.033
 2    -0.033    -0.008     0.999
 3   123.966    -2.741     0.762
 3     0.433    -0.131    -0.892
 3     0.198     0.979    -0.048
 3     0.879    -0.156     0.450
 4   106.094    14.517    -9.965
 4     0.520    -0.643     0.562
 4     0.820     0.561    -0.116
 4    -0.241     0.521     0.818
 5   128.211    31.540    -0.111
 5     0.831     0.549     0.090
 5     0.502    -0.669    -0.549
 5    -0.241     0.501    -0.831
 6   150.888    34.329   -18.030
 6     0.957     0.077     0.280
 6    -0.035     0.988    -0.153
 6    -0.289     0.136     0.948
 7   107.727   -21.771    -9.348
 7     0.419     0.825     0.379
 7    -0.893     0.451     0.006
 7    -0.166    -0.341     0.925
 8   129.799   -38.082    -2.424
 8     0.813    -0.581    -0.027
 8    -0.479    -0.695     0.536
 8    -0.330    -0.423    -0.844
 9   147.570   -39.079   -25.926
 9     0.873    -0.059     0.483
 9    -0.040     0.981     0.191
 9    -0.485    -0.186     0.854
 2    96.870   -18.599    59.805
 2     0.247    -0.969     0.000
 2     0.968     0.247     0.033
 2    -0.032    -0.008     0.999
 3   123.953    -2.743     0.377
 3     0.436    -0.130    -0.891
 3     0.204     0.978    -0.043
 3     0.876    -0.164     0.453
 4   105.224    13.877   -10.227
 4     0.490    -0.620     0.612
 4     0.816     0.574    -0.072
 4    -0.307     0.535     0.787
 5   127.243    31.556    -4.640
 5     0.779     0.626     0.001
 5     0.501    -0.622    -0.602
 5    -0.376     0.470    -0.799
 6   146.873    33.653   -26.242
 6     0.899     0.079     0.430
 6    -0.049     0.995    -0.080
 6    -0.434     0.051     0.899
 7   107.052   -21.466    -9.465
 7     0.403     0.806     0.433
 7    -0.888     0.459    -0.029
 7    -0.222    -0.373     0.901
 8   128.686   -38.290    -6.393
 8     0.753    -0.647    -0.119
 8    -0.471    -0.656     0.590
 8    -0.460    -0.388    -0.799
 9   142.903   -38.218   -33.487
 9     0.786    -0.061     0.614
 9    -0.023     0.991     0.128
 9    -0.617    -0.115     0.778
 2    96.871   -18.598    59.751
 2     0.244    -0.970     0.001
 2     0.969     0.243     0.032
 2    -0.031    -0.007     0.999
 3   123.893    -2.744     0.211
 3     0.438    -0.131    -0.889
 3     0.208     0.977    -0.041
 3     0.874    -0.167     0.455
 4   104.202    13.199   -10.274
 4     0.453    -0.601     0.658
 4     0.816     0.577    -0.034
 4    -0.360     0.552     0.752
 5   125.479    31.920    -8.404
 5     0.711     0.700    -0.060
 5     0.504    -0.568    -0.650
 5    -0.490     0.432    -0.757
 6   142.225    32.308   -33.514
 6     0.821     0.081     0.565
 6    -0.080     0.996    -0.027
 6    -0.566    -0.023     0.824
 7   106.264   -21.063    -9.441
 7     0.375     0.781     0.499
 7    -0.884     0.463    -0.061
 7    -0.278    -0.419     0.864
 8   126.928   -38.395   -10.078
 8     0.675    -0.710    -0.198
 8    -0.462    -0.617     0.637
 8    -0.574    -0.339    -0.745
 9   137.607   -37.352   -39.728
 9     0.687    -0.059     0.724
 9    -0.003     0.996     0.083
 9    -0.727    -0.060     0.684
 2    96.869   -18.698    59.802
 2     0.239    -0.971     0.000
 2     0.970     0.239     0.032
 2    -0.031    -0.008     0.999
 3   123.823    -2.800    -0.196
 3     0.445    -0.132    -0.886
 3     0.212     0.976    -0.039
 3     0.870    -0.170     0.462
 4   103.222    12.536   -10.363
 4     0.407    -0.582     0.704
 4     0.820     0.572    -0.003
 4    -0.401     0.578     0.710
 5   123.051    32.110   -12.234
 5     0.622     0.774    -0.113
 5     0.505    -0.508    -0.698
 5    -0.598     0.377    -0.707
 6   136.275    31.165   -39.605
 6     0.725     0.071     0.684
 6    -0.111     0.994     0.015
 6    -0.679    -0.087     0.729
 7   105.539   -20.711    -9.521
 7     0.336     0.754     0.564
 7    -0.882     0.462    -0.092
 7    -0.330    -0.467     0.820
 8   124.974   -38.307   -12.995
 8     0.593    -0.760    -0.265
 8    -0.455    -0.588     0.669
 8    -0.665    -0.277    -0.694
 9   131.953   -36.553   -44.524
 9     0.578    -0.059     0.814
 9     0.020     0.998     0.057
 9    -0.816    -0.017     0.578
 2    96.868   -18.698    59.750
 2     0.238    -0.971     0.000
 2     0.971     0.238     0.031
 2    -0.031    -0.007     0.999
 3   123.668    -2.758    -0.669
 3     0.455    -0.134    -0.880
 3     0.215     0.976    -0.037
 3     0.864    -0.172     0.473
 4   102.191    12.144   -10.319
 4     0.352    -0.568     0.744
 4     0.832     0.554     0.029
 4    -0.428     0.609     0.668
 5   120.006    32.296   -15.428
 5     0.517     0.843    -0.147
 5     0.507    -0.440    -0.741
 5    -0.689     0.309    -0.655
 6   129.943    30.182   -44.318
 6     0.623     0.039     0.781
 6    -0.137     0.989     0.060
 6    -0.770    -0.145     0.621
 7   104.778   -20.228    -9.509
 7     0.294     0.721     0.626
 7    -0.878     0.463    -0.120
 7    -0.377    -0.515     0.770
 8   122.796   -38.207   -15.518
 8     0.505    -0.802    -0.318
 8    -0.451    -0.559     0.696
 8    -0.736    -0.209    -0.644
 9   126.081   -35.798   -48.285
 9     0.467    -0.054     0.882
 9     0.034     0.998     0.042
 9    -0.883     0.010     0.468
 2    96.868   -18.647    59.750
 2     0.238    -0.971     0.000
 2     0.971     0.238     0.031
 2    -0.031    -0.007     0.999
 3   123.404    -2.593    -1.106
 3     0.468    -0.138    -0.873
 3     0.219     0.975    -0.037
 3     0.856    -0.174     0.486
 4   101.279    11.635   -10.245
 4     0.292    -0.562     0.774
 4     0.845     0.530     0.066
 4    -0.447     0.635     0.630
 5   116.466    32.825   -17.813
 5     0.402     0.904    -0.146
 5     0.516    -0.355    -0.779
 5    -0.756     0.238    -0.609
 6   122.918    29.858   -47.620
 6     0.514     0.013     0.858
 6    -0.162     0.983     0.081
 6    -0.842    -0.181     0.507
 7   104.053   -19.911    -9.543
 7     0.247     0.692     0.678
 7    -0.879     0.454    -0.144
 7    -0.408    -0.561     0.720
 8   120.485   -38.340   -17.138
 8     0.421    -0.837    -0.351
 8    -0.456    -0.529     0.715
 8    -0.784    -0.141    -0.604
 9   120.694   -35.912   -50.618
 9     0.364    -0.056     0.929
 9     0.045     0.998     0.042
 9    -0.930     0.026     0.366
 2    96.869   -18.647    59.751
 2     0.239    -0.971     0.000
 2     0.970     0.238     0.032
 2    -0.031    -0.008     0.999
 3   123.195    -2.501    -1.525
 3     0.478    -0.143    -0.867
 3     0.223     0.974    -0.038
 3     0.849    -0.175     0.497
 4   100.285    11.213   -10.243
 4     0.225    -0.567     0.792
 4     0.860     0.498     0.112
 4    -0.458     0.656     0.600
 5   113.316    33.362   -19.218
 5     0.305     0.941    -0.143
 5     0.533    -0.293    -0.794
 5    -0.789     0.166    -0.591
 6   117.214    30.268   -49.253
 6     0.421     0.003     0.907
 6    -0.162     0.984     0.072
 6    -0.892    -0.177     0.415
 7   103.382   -19.635    -9.518
 7     0.196     0.669     0.716
 7    -0.884     0.437    -0.166
 7    -0.425    -0.601     0.677
 8   118.523   -38.597   -18.074
 8     0.348    -0.857    -0.379
 8    -0.471    -0.509     0.720
 8    -0.811    -0.072    -0.581
 9   116.123   -36.723   -51.653
 9     0.281    -0.059     0.958
 9     0.036     0.998     0.051
 9    -0.959     0.020     0.282
 2    96.870   -18.648    59.802
 2     0.243    -0.970    -0.000
 2     0.969     0.242     0.032
 2    -0.031    -0.008     0.999
 3   123.003    -2.377    -1.866
 3     0.482    -0.152    -0.863
 3     0.227     0.973    -0.045
 3     0.846    -0.174     0.504
 4    99.732    10.821   -10.366
 4     0.184    -0.568     0.802
 4     0.870     0.474     0.136
 4    -0.458     0.673     0.581
 5   110.996    33.692   -20.013
 5     0.234     0.963    -0.132
 5     0.548    -0.243    -0.800
 5    -0.803     0.115    -0.585
 6   113.243    31.037   -49.907
 6     0.368    -0.033     0.929
 6    -0.136     0.987     0.089
 6    -0.920    -0.159     0.359
 7   102.974   -19.299    -9.559
 7     0.150     0.656     0.739
 7    -0.889     0.417    -0.189
 7    -0.432    -0.629     0.646
 8   116.765   -38.967   -18.796
 8     0.286    -0.876    -0.387
 8    -0.489    -0.482     0.727
 8    -0.824    -0.019    -0.566
 9   112.818   -37.874   -52.148
 9     0.229    -0.042     0.972
 9     0.007     0.999     0.041
 9    -0.973    -0.002     0.229
 2    96.871   -18.648    59.802
 2     0.244    -0.970    -0.000
 2     0.969     0.244     0.032
 2    -0.031    -0.008     0.999
 3   122.871    -2.253    -2.117
 3     0.484    -0.158    -0.861
 3     0.227     0.972    -0.051
 3     0.845    -0.171     0.507
 4    99.425    10.654   -10.436
 4     0.162    -0.568     0.807
 4     0.875     0.459     0.148
 4    -0.455     0.682     0.572
 5   109.807    33.901   -20.575
 5     0.188     0.972    -0.136
 5     0.559    -0.220    -0.799
 5    -0.807     0.075    -0.585
 6   110.747    31.869   -50.279
 6     0.323    -0.035     0.945
 6    -0.117     0.990     0.077
 6    -0.939    -0.136     0.316
 7   102.633   -19.086    -9.648
 7     0.118     0.651     0.749
 7    -0.892     0.401    -0.208
 7    -0.436    -0.644     0.629
 8   112.593   -40.233   -21.648
 8     0.250    -0.885    -0.393
 8    -0.502    -0.465     0.729
 8    -0.828     0.015    -0.561
 9   110.836   -38.697   -52.221
 9     0.198    -0.032     0.979
 9    -0.017     0.999     0.036
 9    -0.980    -0.024     0.197
 2    96.871   -18.648    59.802
 2     0.244    -0.970    -0.000
 2     0.969     0.244     0.032
 2    -0.031    -0.008     0.999
 3   122.820    -2.252    -2.296
 3     0.483    -0.161    -0.861
 3     0.228     0.972    -0.054
 3     0.845    -0.170     0.506
 4    99.187    10.429   -10.562
 4     0.145    -0.574     0.806
 4     0.877     0.451     0.163
 4    -0.457     0.683     0.569
 5   108.874    33.856   -20.883
 5     0.167     0.978    -0.122
 5     0.560    -0.196    -0.805
 5    -0.811     0.066    -0.581
 6   109.809    31.682   -50.553
 6     0.315    -0.046     0.948
 6    -0.115     0.989     0.086
 6    -0.942    -0.137     0.306
 7   102.484   -18.966    -9.678
 7     0.104     0.650     0.753
 7    -0.892     0.395    -0.218
 7    -0.439    -0.649     0.621
 8   112.015   -40.310   -21.727
 8     0.233    -0.890    -0.393
 8    -0.505    -0.456     0.733
 8    -0.831     0.027    -0.556
 9   109.899   -38.901   -52.333
 9     0.183    -0.022     0.983
 9    -0.022     0.999     0.027
 9    -0.983    -0.027     0.183
 2    96.871   -18.649    59.751
 2     0.245    -0.969     0.000
 2     0.969     0.245     0.032
 2    -0.031    -0.007     0.999
 3   122.774    -2.250    -2.481
 3     0.482    -0.162    -0.861
 3     0.228     0.972    -0.056
 3     0.846    -0.169     0.505
 4    99.181    10.251   -10.631
 4     0.139    -0.580     0.803
 4     0.877     0.448     0.171
 4    -0.459     0.681     0.571
 5   108.691    33.827   -20.945
 5     0.164     0.980    -0.113
 5     0.558    -0.187    -0.808
 5    -0.813     0.070    -0.578
 6   109.752    31.479   -50.675
 6     0.315    -0.049     0.947
 6    -0.121     0.988     0.091
 6    -0.941    -0.143     0.306
 7   102.482   -18.920    -9.799
 7     0.098     0.653     0.750
 7    -0.893     0.391    -0.224
 7    -0.440    -0.648     0.622
 8   111.834   -40.444   -21.821
 8     0.228    -0.895    -0.384
 8    -0.506    -0.446     0.738
 8    -0.832     0.025    -0.554
 9   109.869   -38.794   -52.362
 9     0.187    -0.015     0.982
 9    -0.020     1.000     0.018
 9    -0.982    -0.023     0.186
 2    96.869   -18.650    59.754
 2     0.245    -0.969     0.000
 2     0.969     0.245     0.032
 2    -0.032    -0.008     0.999
 3   122.729    -2.300    -2.461
 3     0.480    -0.163    -0.862
 3     0.227     0.972    -0.057
 3     0.847    -0.169     0.503
 4    99.230    10.247   -10.673
 4     0.144    -0.580     0.802
 4     0.876     0.452     0.169
 4    -0.461     0.678     0.573
 5   109.238    33.612   -20.978
 5     0.181     0.977    -0.115
 5     0.555    -0.198    -0.808
 5    -0.812     0.082    -0.578
 6   110.842    31.089   -50.595
 6     0.330    -0.031     0.943
 6    -0.130     0.988     0.078
 6    -0.935    -0.149     0.322
 7   102.573   -19.044    -9.864
 7     0.109     0.661     0.742
 7    -0.892     0.395    -0.221
 7    -0.439    -0.638     0.633
 8   112.011   -40.476   -21.813
 8     0.239    -0.896    -0.374
 8    -0.505    -0.444     0.740
 8    -0.829     0.012    -0.559
 9   111.317   -38.759   -52.251
 9     0.215    -0.007     0.976
 9    -0.021     1.000     0.011
 9    -0.976    -0.022     0.215
 2    96.919   -18.650    59.805
 2     0.246    -0.969     0.000
 2     0.969     0.245     0.032
 2    -0.032    -0.008     0.999
 3   122.729    -2.324    -2.410
 3     0.479    -0.164    -0.862
 3     0.228     0.972    -0.058
 3     0.847    -0.169     0.503
 4    99.442    10.366   -10.768
 4     0.167    -0.575     0.801
 4     0.872     0.465     0.152
 4    -0.461     0.673     0.579
 5   110.503    33.349   -20.613
 5     0.217     0.968    -0.124
 5     0.554    -0.227    -0.801
 5    -0.804     0.106    -0.586
 6   112.722    31.142   -50.229
 6     0.354    -0.008     0.935
 6    -0.132     0.989     0.058
 6    -0.926    -0.144     0.349
 7   102.786   -19.260    -9.953
 7     0.138     0.671     0.728
 7    -0.890     0.407    -0.206
 7    -0.435    -0.620     0.653
 8   116.351   -39.366   -18.889
 8     0.282    -0.885    -0.369
 8    -0.507    -0.465     0.726
 8    -0.814    -0.018    -0.580
 9   114.066   -38.930   -51.608
 9     0.264    -0.013     0.964
 9    -0.029     0.999     0.021
 9    -0.964    -0.034     0.264
 2    96.922   -18.649    59.802
 2     0.247    -0.969     0.000
 2     0.969     0.246     0.032
 2    -0.031    -0.008     0.999
 3   122.728    -2.324    -2.283
 3     0.479    -0.165    -0.862
 3     0.229     0.971    -0.059
 3     0.847    -0.169     0.503
 4    99.638    10.537   -10.789
 4     0.195    -0.569     0.799
 4     0.866     0.481     0.131
 4    -0.459     0.667     0.587
 5   111.872    33.220   -20.041
 5     0.262     0.956    -0.130
 5     0.555    -0.260    -0.790
 5    -0.789     0.135    -0.599
 6   115.274    31.186   -49.474
 6     0.389     0.024     0.921
 6    -0.134     0.990     0.030
 6    -0.911    -0.136     0.388
 7   103.127   -19.417    -9.967
 7     0.182     0.682     0.708
 7    -0.886     0.426    -0.182
 7    -0.426    -0.595     0.682
 8   117.854   -39.161   -18.136
 8     0.337    -0.869    -0.362
 8    -0.506    -0.492     0.709
 8    -0.794    -0.056    -0.605
 9   117.371   -38.857   -50.596
 9     0.319    -0.033     0.947
 9    -0.031     0.998     0.045
 9    -0.947    -0.044     0.318
 2    96.922   -18.649    59.802
 2     0.247    -0.969     0.000
 2     0.968     0.247     0.032
 2    -0.031    -0.008     0.999
 3   122.829    -2.475    -2.104
 3     0.478    -0.166    -0.863
 3     0.230     0.971    -0.060
 3     0.847    -0.171     0.502
 4   100.116    10.706   -10.887
 4     0.231    -0.562     0.794
 4     0.859     0.500     0.104
 4    -0.456     0.659     0.599
 5   113.698    32.870   -19.180
 5     0.321     0.937    -0.137
 5     0.556    -0.303    -0.774
 5    -0.767     0.172    -0.618
 6   118.452    31.203   -48.778
 6     0.426     0.067     0.902
 6    -0.137     0.990    -0.009
 6    -0.894    -0.120     0.432
 7   103.519   -19.701   -10.030
 7     0.222     0.692     0.687
 7    -0.881     0.444    -0.162
 7    -0.417    -0.569     0.708
 8   119.626   -38.997   -17.274
 8     0.395    -0.846    -0.359
 8    -0.502    -0.526     0.687
 8    -0.769    -0.091    -0.632
 9   120.696   -39.015   -49.726
 9     0.370    -0.057     0.927
 9    -0.031     0.996     0.074
 9    -0.928    -0.057     0.367
 2    96.922   -18.649    59.802
 2     0.247    -0.969     0.000
 2     0.968     0.247     0.032
 2    -0.031    -0.008     0.999
 3   122.838    -2.497    -1.886
 3     0.475    -0.167    -0.864
 3     0.231     0.971    -0.061
 3     0.849    -0.171     0.500
 4   100.514    10.980   -11.024
 4     0.278    -0.553     0.785
 4     0.850     0.522     0.066
 4    -0.447     0.649     0.615
 5   116.060    32.555   -17.939
 5     0.392     0.908    -0.143
 5     0.552    -0.357    -0.753
 5    -0.735     0.217    -0.642
 6   122.452    30.986   -47.194
 6     0.478     0.120     0.870
 6    -0.146     0.988    -0.057
 6    -0.866    -0.099     0.490
 7   103.899   -20.005   -10.061
 7     0.262     0.703     0.661
 7    -0.877     0.459    -0.140
 7    -0.402    -0.543     0.737
 8   121.266   -38.676   -16.276
 8     0.455    -0.819    -0.351
 8    -0.498    -0.560     0.662
 8    -0.738    -0.127    -0.662
 9   124.369   -38.654   -48.197
 9     0.430    -0.087     0.899
 9    -0.028     0.993     0.109
 9    -0.902    -0.073     0.424
 2    96.920   -18.650    59.805
 2     0.247    -0.969     0.000
 2     0.968     0.246     0.032
 2    -0.032    -0.008     0.999
 3   122.922    -2.494    -1.669
 3     0.472    -0.167    -0.865
 3     0.230     0.971    -0.062
 3     0.851    -0.170     0.497
 4   101.100    11.384   -10.965
 4     0.326    -0.548     0.770
 4     0.840     0.542     0.030
 4    -0.434     0.637     0.637
 5   118.561    32.152   -16.302
 5     0.477     0.867    -0.142
 5     0.543    -0.419    -0.728
 5    -0.690     0.270    -0.671
 6   127.111    30.836   -45.038
 6     0.541     0.170     0.823
 6    -0.155     0.982    -0.102
 6    -0.827    -0.073     0.558
 7   104.367   -20.176   -10.112
 7     0.304     0.712     0.632
 7    -0.873     0.474    -0.114
 7    -0.381    -0.518     0.766
 8   123.097   -38.542   -14.791
 8     0.521    -0.786    -0.333
 8    -0.498    -0.596     0.630
 8    -0.693    -0.162    -0.702
 9   128.332   -38.973   -46.044
 9     0.497    -0.111     0.860
 9    -0.034     0.988     0.147
 9    -0.867    -0.103     0.487
 2    96.870   -18.650    59.754
 2     0.247    -0.969     0.000
 2     0.968     0.247     0.032
 2    -0.032    -0.008     0.999
 3   123.037    -2.643    -1.406
 3     0.467    -0.163    -0.869
 3     0.226     0.972    -0.061
 3     0.854    -0.168     0.491
 4   101.990    11.878   -10.965
 4     0.376    -0.549     0.746
 4     0.831     0.556    -0.010
 4    -0.409     0.624     0.666
 5   121.007    31.693   -14.248
 5     0.560     0.818    -0.128
 5     0.534    -0.476    -0.699
 5    -0.633     0.323    -0.704
 6   132.026    30.804   -42.004
 6     0.612     0.203     0.764
 6    -0.159     0.978    -0.132
 6    -0.775    -0.040     0.631
 7   104.840   -20.426   -10.130
 7     0.339     0.719     0.606
 7    -0.869     0.486    -0.092
 7    -0.360    -0.495     0.790
 8   124.884   -38.299   -12.908
 8     0.588    -0.750    -0.302
 8    -0.500    -0.631     0.593
 8    -0.635    -0.198    -0.746
 9   132.505   -39.102   -43.013
 9     0.571    -0.126     0.811
 9    -0.043     0.982     0.183
 9    -0.819    -0.140     0.556
 2    96.920   -18.650    59.805
 2     0.247    -0.969     0.000
 2     0.968     0.247     0.032
 2    -0.032    -0.008     0.999
 3   123.135    -2.662    -1.079
 3     0.460    -0.161    -0.873
 3     0.222     0.973    -0.062
 3     0.859    -0.165     0.483
 4   102.667    12.431   -10.860
 4     0.419    -0.555     0.719
 4     0.826     0.561    -0.048
 4    -0.377     0.613     0.694
 5   122.997    31.552   -11.947
 5     0.631     0.768    -0.108
 5     0.528    -0.527    -0.666
 5    -0.569     0.363    -0.738
 6   135.939    31.059   -38.855
 6     0.669     0.233     0.705
 6    -0.160     0.972    -0.170
 6    -0.726     0.001     0.688
 7   105.403   -20.619   -10.114
 7     0.373     0.726     0.578
 7    -0.866     0.496    -0.065
 7    -0.333    -0.476     0.813
 8   126.649   -37.896   -10.720
 8     0.655    -0.708    -0.262
 8    -0.501    -0.667     0.551
 8    -0.565    -0.230    -0.792
 9   136.793   -39.711   -39.484
 9     0.646    -0.134     0.751
 9    -0.057     0.973     0.222
 9    -0.761    -0.186     0.621
 2    96.870   -18.650    59.805
 2     0.247    -0.969    -0.000
 2     0.968     0.247     0.032
 2    -0.032    -0.008     0.999
 3   123.200    -2.758    -0.791
 3     0.455    -0.160    -0.876
 3     0.221     0.973    -0.063
 3     0.862    -0.165     0.478
 4   103.332    12.909   -10.753
 4     0.451    -0.563     0.692
 4     0.822     0.564    -0.078
 4    -0.347     0.604     0.717
 5   124.482    31.517    -9.525
 5     0.690     0.720    -0.071
 5     0.523    -0.563    -0.640
 5    -0.501     0.404    -0.766
 6   139.452    30.912   -35.334
 6     0.725     0.257     0.639
 6    -0.166     0.965    -0.201
 6    -0.668     0.040     0.743
 7   105.848   -20.942   -10.063
 7     0.397     0.731     0.555
 7    -0.865     0.500    -0.039
 7    -0.306    -0.464     0.831
 8   128.218   -37.689    -8.070
 8     0.716    -0.665    -0.211
 8    -0.503    -0.702     0.503
 8    -0.483    -0.254    -0.838
 9   140.567   -40.370   -35.286
 9     0.718    -0.128     0.684
 9    -0.074     0.963     0.258
 9    -0.692    -0.236     0.682
 2    96.870   -18.650    59.805
 2     0.247    -0.969    -0.000
 2     0.968     0.246     0.033
 2    -0.032    -0.008     0.999
 3   123.310    -2.755    -0.624
 3     0.452    -0.160    -0.877
 3     0.220     0.973    -0.063
 3     0.864    -0.165     0.475
 4   103.989    13.421   -10.546
 4     0.483    -0.571     0.664
 4     0.820     0.561    -0.114
 4    -0.308     0.599     0.739
 5   125.707    31.370    -6.787
 5     0.743     0.668    -0.030
 5     0.520    -0.605    -0.603
 5    -0.421     0.433    -0.797
 6   142.902    31.221   -31.252
 6     0.777     0.270     0.567
 6    -0.162     0.958    -0.235
 6    -0.608     0.091     0.789
 7   106.251   -21.267   -10.041
 7     0.411     0.743     0.528
 7    -0.869     0.494    -0.019
 7    -0.276    -0.451     0.849
 8   129.394   -37.296    -4.929
 8     0.776    -0.614    -0.145
 8    -0.502    -0.740     0.448
 8    -0.383    -0.275    -0.882
 9   144.447   -40.656   -30.035
 9     0.792    -0.131     0.595
 9    -0.080     0.946     0.314
 9    -0.605    -0.297     0.739
 2    96.870   -18.650    59.805
 2     0.247    -0.969    -0.000
 2     0.968     0.247     0.032
 2    -0.032    -0.008     0.999
 3   123.350    -2.753    -0.414
 3     0.449    -0.157    -0.880
 3     0.216     0.974    -0.063
 3     0.867    -0.162     0.471
 4   104.832    13.912   -10.252
 4     0.516    -0.577     0.633
 4     0.814     0.559    -0.155
 4    -0.264     0.595     0.758
 5   127.140    31.026    -3.789
 5     0.791     0.611     0.013
 5     0.512    -0.651    -0.561
 5    -0.334     0.451    -0.828
 6   146.083    31.659   -26.526
 6     0.827     0.280     0.487
 6    -0.155     0.947    -0.281
 6    -0.540     0.156     0.827
 7   106.676   -21.582    -9.902
 7     0.430     0.754     0.495
 7    -0.871     0.490     0.010
 7    -0.235    -0.436     0.869
 8   130.223   -36.618    -1.526
 8     0.829    -0.555    -0.060
 8    -0.492    -0.777     0.392
 8    -0.265    -0.296    -0.918
 9   148.136   -40.475   -23.788
 9     0.864    -0.119     0.489
 9    -0.085     0.924     0.373
 9    -0.496    -0.364     0.788
 2    96.870   -18.650    59.754
 2     0.247    -0.969     0.000
 2     0.968     0.247     0.033
 2    -0.032    -0.008     0.999
 3   123.412    -2.828    -0.171
 3     0.447    -0.151    -0.882
 3     0.211     0.975    -0.060
 3     0.869    -0.160     0.468
 4   105.672    14.377   -10.080
 4     0.544    -0.589     0.597
 4     0.809     0.556    -0.189
 4    -0.221     0.586     0.779
 5   128.102    30.612    -0.655
 5     0.835     0.544     0.079
 5     0.498    -0.687    -0.530
 5    -0.234     0.482    -0.844
 6   149.094    31.451   -20.973
 6     0.878     0.277     0.390
 6    -0.158     0.937    -0.311
 6    -0.452     0.211     0.867
 7   107.368   -22.015    -9.807
 7     0.450     0.764     0.462
 7    -0.873     0.485     0.048
 7    -0.187    -0.425     0.885
 8   131.002   -35.808     2.137
 8     0.868    -0.495     0.032
 8    -0.476    -0.815     0.329
 8    -0.136    -0.301    -0.944
 9   151.325   -40.341   -16.348
 9     0.925    -0.087     0.370
 9    -0.090     0.896     0.435
 9    -0.369    -0.436     0.821
 2    96.920   -18.650    59.805
 2     0.247    -0.969     0.000
 2     0.968     0.247     0.033
 2    -0.032    -0.008     0.999
 3   123.523    -2.825     0.046
 3     0.444    -0.148    -0.883
 3     0.209     0.976    -0.058
 3     0.871    -0.160     0.465
 4   106.623    14.756    -9.747
 4     0.570    -0.610     0.550
 4     0.805     0.547    -0.228
 4    -0.162     0.573     0.803
 5   128.564    30.187     2.893
 5     0.865     0.475     0.159
 5     0.487    -0.722    -0.491
 5    -0.119     0.503    -0.856
 6   151.676    31.611   -14.528
 6     0.925     0.257     0.277
 6    -0.152     0.924    -0.351
 6    -0.346     0.283     0.894
 7   107.981   -22.428    -9.601
 7     0.464     0.776     0.427
 7    -0.874     0.478     0.082
 7    -0.141    -0.412     0.900
 8   130.957   -35.032     5.422
 8     0.888    -0.439     0.135
