% Calibrated with leiden_pols
% Positions are in centimeters
Data =[
 2    96.914   -18.656    59.816
 2     0.258    -0.966     0.004
 2     0.965     0.257     0.036
 2    -0.036    -0.005     0.999
 3   123.841    -2.770     1.813
 3     0.456    -0.104    -0.884
 3     0.170     0.985    -0.029
 3     0.873    -0.137     0.467
 4   107.970    16.922    -8.049
 4     0.330    -0.902     0.278
 4     0.922     0.244    -0.301
 4     0.203     0.356     0.912
 5   106.487    22.741    21.782
 5     0.240    -0.128     0.962
 5     0.253    -0.949    -0.190
 5     0.937     0.289    -0.195
 6   124.534    23.912    48.009
 6     0.386    -0.567    -0.727
 6    -0.154     0.738    -0.657
 6     0.909     0.365     0.198
 7   110.515   -24.381    -7.641
 7     0.179     0.984     0.003
 7    -0.930     0.169     0.327
 7     0.321    -0.061     0.945
 8   108.770   -27.242    22.188
 8     0.133    -0.094     0.986
 8    -0.210    -0.976    -0.065
 8     0.969    -0.198    -0.150
 9   125.054   -32.407    47.523
 9     0.374     0.695    -0.614
 9     0.065     0.641     0.765
 9     0.925    -0.326     0.194
 2    96.915   -18.656    59.765
 2     0.258    -0.966     0.004
 2     0.965     0.258     0.036
 2    -0.036    -0.005     0.999
 3   123.891    -2.770     1.813
 3     0.456    -0.104    -0.884
 3     0.170     0.985    -0.028
 3     0.873    -0.137     0.467
 4   107.970    16.922    -8.049
 4     0.330    -0.902     0.278
 4     0.922     0.244    -0.301
 4     0.203     0.356     0.912
 5   106.438    22.690    21.782
 5     0.240    -0.129     0.962
 5     0.253    -0.949    -0.190
 5     0.937     0.289    -0.195
 6   124.534    23.962    47.984
 6     0.386    -0.568    -0.727
 6    -0.154     0.738    -0.658
 6     0.909     0.365     0.198
 7   110.515   -24.381    -7.692
 7     0.179     0.984     0.003
 7    -0.930     0.169     0.327
 7     0.321    -0.061     0.945
 8   108.718   -27.217    22.187
 8     0.133    -0.094     0.986
 8    -0.209    -0.976    -0.065
 8     0.969    -0.198    -0.149
 9   125.054   -32.407    47.523
 9     0.374     0.695    -0.614
 9     0.065     0.641     0.765
 9     0.925    -0.326     0.194
 2    96.915   -18.656    59.766
 2     0.258    -0.966     0.004
 2     0.965     0.258     0.036
 2    -0.036    -0.006     0.999
 3   123.891    -2.770     1.814
 3     0.455    -0.104    -0.884
 3     0.170     0.985    -0.028
 3     0.873    -0.138     0.466
 4   107.971    16.922    -8.049
 4     0.330    -0.902     0.278
 4     0.922     0.245    -0.301
 4     0.203     0.355     0.912
 5   106.488    22.690    21.782
 5     0.240    -0.129     0.962
 5     0.253    -0.948    -0.191
 5     0.937     0.289    -0.195
 6   124.539    24.016    47.975
 6     0.386    -0.568    -0.727
 6    -0.153     0.738    -0.657
 6     0.910     0.365     0.197
 7   110.515   -24.381    -7.692
 7     0.179     0.984     0.002
 7    -0.930     0.169     0.327
 7     0.321    -0.061     0.945
 8   108.718   -27.243    22.137
 8     0.133    -0.094     0.987
 8    -0.210    -0.976    -0.064
 8     0.969    -0.198    -0.149
 9   125.054   -32.407    47.523
 9     0.373     0.695    -0.614
 9     0.065     0.641     0.765
 9     0.925    -0.326     0.194
 2    96.915   -18.656    59.766
 2     0.258    -0.966     0.004
 2     0.965     0.258     0.036
 2    -0.036    -0.006     0.999
 3   123.896    -2.768     1.782
 3     0.455    -0.103    -0.884
 3     0.171     0.985    -0.027
 3     0.874    -0.139     0.466
 4   107.971    16.922    -7.997
 4     0.330    -0.902     0.277
 4     0.922     0.245    -0.300
 4     0.203     0.354     0.913
 5   106.488    22.690    21.782
 5     0.240    -0.129     0.962
 5     0.253    -0.948    -0.191
 5     0.937     0.289    -0.195
 6   124.540    23.964    48.001
 6     0.385    -0.568    -0.728
 6    -0.154     0.738    -0.657
 6     0.910     0.365     0.197
 7   110.565   -24.330    -7.641
 7     0.179     0.984     0.002
 7    -0.930     0.169     0.327
 7     0.321    -0.061     0.945
 8   108.718   -27.242    22.187
 8     0.133    -0.092     0.987
 8    -0.209    -0.976    -0.062
 8     0.969    -0.198    -0.149
 9   125.054   -32.432    47.472
 9     0.373     0.694    -0.615
 9     0.065     0.642     0.764
 9     0.925    -0.326     0.194
 2    96.915   -18.656    59.817
 2     0.258    -0.966     0.004
 2     0.965     0.258     0.036
 2    -0.036    -0.006     0.999
 3   123.902    -2.767     1.776
 3     0.453    -0.103    -0.885
 3     0.170     0.985    -0.027
 3     0.875    -0.139     0.464
 4   108.077    16.923    -8.003
 4     0.333    -0.902     0.275
 4     0.920     0.247    -0.303
 4     0.205     0.354     0.912
 5   106.775    22.808    21.804
 5     0.246    -0.138     0.959
 5     0.256    -0.945    -0.202
 5     0.935     0.296    -0.197
 6   125.247    23.960    47.619
 6     0.386    -0.539    -0.749
 6    -0.155     0.762    -0.628
 6     0.909     0.358     0.211
 7   110.618   -24.275    -7.647
 7     0.186     0.982     0.003
 7    -0.928     0.175     0.329
 7     0.322    -0.064     0.944
 8   108.928   -27.395    22.184
 8     0.145    -0.075     0.986
 8    -0.217    -0.975    -0.042
 8     0.965    -0.208    -0.158
 9   125.639   -32.729    47.097
 9     0.375     0.668    -0.643
 9     0.043     0.680     0.732
 9     0.926    -0.302     0.226
 2    96.915   -18.656    59.817
 2     0.258    -0.966     0.004
 2     0.965     0.258     0.036
 2    -0.036    -0.006     0.999
 3   123.962    -2.711     1.790
 3     0.448    -0.103    -0.888
 3     0.172     0.984    -0.027
 3     0.877    -0.141     0.459
 4   108.401    16.975    -7.945
 4     0.351    -0.897     0.267
 4     0.912     0.263    -0.316
 4     0.212     0.354     0.910
 5   107.927    23.302    22.004
 5     0.281    -0.127     0.951
 5     0.279    -0.937    -0.208
 5     0.918     0.324    -0.229
 6   127.234    24.846    46.971
 6     0.411    -0.508    -0.757
 6    -0.143     0.784    -0.603
 6     0.900     0.356     0.250
 7   110.663   -24.146    -7.690
 7     0.195     0.981     0.008
 7    -0.927     0.182     0.327
 7     0.319    -0.071     0.945
 8   110.124   -28.051    22.288
 8     0.194    -0.070     0.978
 8    -0.251    -0.968    -0.019
 8     0.948    -0.242    -0.206
 9   128.095   -33.864    45.707
 9     0.420     0.620    -0.662
 9    -0.005     0.731     0.682
 9     0.907    -0.284     0.309
 2    96.865   -18.656    59.766
 2     0.258    -0.966     0.004
 2     0.965     0.258     0.036
 2    -0.036    -0.006     0.999
 3   123.998    -2.656     1.829
 3     0.444    -0.102    -0.890
 3     0.172     0.984    -0.027
 3     0.879    -0.142     0.455
 4   108.659    16.969    -7.893
 4     0.373    -0.890     0.262
 4     0.903     0.284    -0.322
 4     0.212     0.356     0.910
 5   110.112    24.439    22.227
 5     0.354    -0.104     0.929
 5     0.318    -0.921    -0.224
 5     0.879     0.375    -0.293
 6   131.062    26.840    44.975
 6     0.475    -0.466    -0.747
 6    -0.111     0.810    -0.576
 6     0.873     0.356     0.333
 7   110.616   -24.078    -7.749
 7     0.215     0.976     0.025
 7    -0.930     0.197     0.309
 7     0.297    -0.090     0.951
 8   112.619   -29.445    22.346
 8     0.291    -0.090     0.952
 8    -0.301    -0.953     0.002
 8     0.908    -0.288    -0.304
 9   133.004   -36.141    42.818
 9     0.523     0.576    -0.628
 9    -0.049     0.755     0.653
 9     0.851    -0.311     0.424
 2    96.915   -18.656    59.817
 2     0.258    -0.966     0.004
 2     0.965     0.258     0.036
 2    -0.036    -0.006     0.999
 3   123.932    -2.652     1.816
 3     0.440    -0.105    -0.891
 3     0.173     0.984    -0.030
 3     0.881    -0.142     0.452
 4   109.023    16.954    -7.923
 4     0.404    -0.875     0.264
 4     0.891     0.313    -0.328
 4     0.204     0.368     0.907
 5   113.090    25.522    22.271
 5     0.456    -0.054     0.888
 5     0.357    -0.903    -0.238
 5     0.815     0.426    -0.393
