% Calibrated with leiden_pols
% Positions are in centimeters
Data =[
 2    97.052   -18.711    59.842
 2     0.464    -0.886     0.004
 2     0.885     0.464     0.039
 2    -0.037    -0.015     0.999
 3   123.983    -2.678     1.250
 3     0.478    -0.217    -0.851
 3     0.209     0.969    -0.129
 3     0.853    -0.117     0.509
 4   109.381    16.311   -10.078
 4     0.618    -0.738     0.272
 4     0.771     0.501    -0.393
 4     0.153     0.452     0.878
 5   121.643    22.421    19.177
 5     0.623    -0.708     0.333
 5    -0.174    -0.540    -0.823
 5     0.763     0.455    -0.460
 6   131.382    -7.649    16.141
 6    -0.019     0.385    -0.923
 6    -0.961    -0.261    -0.089
 6    -0.275     0.885     0.375
 7   111.415   -23.352    -8.799
 7     0.522     0.849     0.085
 7    -0.836     0.489     0.247
 7     0.168    -0.200     0.965
 8   124.171   -27.780    19.855
 8     0.591     0.642     0.487
 8     0.172    -0.691     0.702
 8     0.788    -0.331    -0.519
 9   135.429    -0.925    25.530
 9     0.117    -0.231    -0.966
 9     0.984     0.161     0.080
 9     0.137    -0.959     0.246
 2    97.052   -18.711    59.791
 2     0.464    -0.886     0.005
 2     0.885     0.464     0.039
 2    -0.037    -0.014     0.999
 3   123.933    -2.728     1.301
 3     0.478    -0.216    -0.851
 3     0.209     0.969    -0.128
 3     0.853    -0.117     0.508
 4   109.381    16.311   -10.078
 4     0.618    -0.738     0.272
 4     0.771     0.501    -0.393
 4     0.153     0.452     0.878
 5   121.593    22.421    19.228
 5     0.622    -0.708     0.334
 5    -0.173    -0.540    -0.823
 5     0.763     0.454    -0.459
 6   131.382    -7.649    16.141
 6    -0.019     0.385    -0.923
 6    -0.961    -0.261    -0.089
 6    -0.275     0.885     0.375
 7   111.416   -23.353    -8.748
 7     0.521     0.849     0.085
 7    -0.836     0.489     0.247
 7     0.168    -0.200     0.965
 8   124.221   -27.780    19.855
 8     0.591     0.642     0.487
 8     0.172    -0.691     0.702
 8     0.788    -0.331    -0.519
 9   135.429    -0.925    25.480
 9     0.117    -0.231    -0.966
 9     0.984     0.161     0.080
 9     0.137    -0.959     0.246
 2    97.052   -18.711    59.791
 2     0.464    -0.886     0.004
 2     0.885     0.464     0.039
 2    -0.037    -0.014     0.999
 3   123.983    -2.728     1.301
 3     0.478    -0.215    -0.852
 3     0.209     0.969    -0.128
 3     0.853    -0.117     0.508
 4   109.381    16.311   -10.078
 4     0.618    -0.738     0.272
 4     0.771     0.501    -0.393
 4     0.153     0.452     0.878
 5   121.597    22.422    19.224
 5     0.622    -0.708     0.334
 5    -0.174    -0.540    -0.823
 5     0.764     0.454    -0.459
 6   131.382    -7.649    16.191
 6    -0.019     0.384    -0.923
 6    -0.961    -0.261    -0.089
 6    -0.275     0.886     0.374
 7   111.366   -23.353    -8.748
 7     0.521     0.849     0.085
 7    -0.837     0.489     0.247
 7     0.168    -0.200     0.965
 8   124.221   -27.780    19.906
 8     0.591     0.642     0.488
 8     0.172    -0.692     0.702
 8     0.788    -0.331    -0.519
 9   135.377    -0.925    25.534
 9     0.116    -0.231    -0.966
 9     0.984     0.160     0.080
 9     0.136    -0.960     0.245
 2    97.052   -18.762    59.790
 2     0.464    -0.886     0.005
 2     0.885     0.464     0.039
 2    -0.037    -0.014     0.999
 3   123.934    -2.729     1.301
 3     0.478    -0.215    -0.851
 3     0.209     0.969    -0.127
 3     0.853    -0.118     0.508
 4   109.381    16.311   -10.078
 4     0.618    -0.738     0.271
 4     0.771     0.501    -0.393
 4     0.153     0.452     0.879
 5   121.593    22.370    19.228
 5     0.622    -0.709     0.333
 5    -0.174    -0.540    -0.823
 5     0.763     0.454    -0.459
 6   131.381    -7.649    16.191
 6    -0.019     0.384    -0.923
 6    -0.961    -0.261    -0.089
 6    -0.275     0.886     0.373
 7   111.368   -23.403    -8.750
 7     0.520     0.849     0.085
 7    -0.837     0.488     0.248
 7     0.169    -0.200     0.965
 8   124.221   -27.780    19.906
 8     0.591     0.642     0.488
 8     0.172    -0.692     0.701
 8     0.788    -0.331    -0.519
 9   135.353    -0.926    25.534
 9     0.117    -0.230    -0.966
 9     0.984     0.160     0.081
 9     0.136    -0.960     0.245
 2    97.052   -18.711    59.791
 2     0.464    -0.886     0.004
 2     0.885     0.464     0.039
 2    -0.037    -0.014     0.999
 3   123.934    -2.729     1.301
 3     0.478    -0.215    -0.852
 3     0.209     0.969    -0.127
 3     0.853    -0.118     0.509
 4   109.381    16.311   -10.078
 4     0.618    -0.738     0.271
 4     0.771     0.501    -0.393
 4     0.153     0.452     0.878
 5   121.597    22.422    19.224
 5     0.621    -0.709     0.334
 5    -0.173    -0.540    -0.823
 5     0.764     0.454    -0.459
 6   131.434    -7.674    16.189
 6    -0.020     0.384    -0.923
 6    -0.961    -0.260    -0.088
 6    -0.274     0.886     0.374
 7   111.366   -23.353    -8.747
 7     0.521     0.849     0.085
 7    -0.837     0.488     0.248
 7     0.168    -0.201     0.965
 8   124.221   -27.780    19.855
 8     0.591     0.642     0.488
 8     0.172    -0.692     0.701
 8     0.788    -0.331    -0.519
 9   135.425    -0.926    25.536
 9     0.117    -0.231    -0.966
 9     0.984     0.160     0.081
 9     0.135    -0.960     0.245
 2    97.052   -18.711    59.791
 2     0.464    -0.886     0.005
 2     0.885     0.464     0.039
 2    -0.037    -0.014     0.999
 3   123.983    -2.728     1.301
 3     0.478    -0.215    -0.852
 3     0.210     0.969    -0.127
 3     0.853    -0.118     0.509
 4   109.384    16.312   -10.029
 4     0.618    -0.738     0.271
 4     0.771     0.501    -0.392
 4     0.154     0.451     0.879
 5   121.596    22.422    19.223
 5     0.621    -0.709     0.334
 5    -0.173    -0.540    -0.823
 5     0.764     0.453    -0.459
 6   131.434    -7.648    16.188
 6    -0.019     0.383    -0.923
 6    -0.961    -0.260    -0.089
 6    -0.274     0.886     0.373
 7   111.366   -23.353    -8.747
 7     0.521     0.849     0.085
 7    -0.837     0.488     0.248
 7     0.168    -0.201     0.965
 8   124.172   -27.780    19.906
 8     0.591     0.642     0.488
 8     0.172    -0.692     0.701
 8     0.788    -0.331    -0.520
 9   135.375    -0.876    25.486
 9     0.117    -0.231    -0.966
 9     0.984     0.160     0.081
 9     0.135    -0.960     0.245
 2    97.052   -18.711    59.791
 2     0.464    -0.886     0.005
 2     0.885     0.464     0.039
 2    -0.037    -0.014     0.999
 3   123.984    -2.728     1.251
 3     0.478    -0.215    -0.852
 3     0.210     0.969    -0.126
 3     0.853    -0.119     0.508
 4   109.382    16.260   -10.077
 4     0.618    -0.738     0.271
 4     0.771     0.501    -0.392
 4     0.153     0.451     0.879
 5   121.593    22.421    19.177
 5     0.622    -0.708     0.334
 5    -0.173    -0.541    -0.823
 5     0.763     0.454    -0.459
 6   131.434    -7.673    16.188
 6    -0.019     0.383    -0.924
 6    -0.961    -0.260    -0.089
 6    -0.274     0.886     0.373
 7   111.368   -23.352    -8.750
 7     0.520     0.850     0.085
 7    -0.837     0.487     0.249
 7     0.169    -0.201     0.965
 8   124.123   -27.729    19.957
 8     0.590     0.641     0.490
 8     0.172    -0.693     0.699
 8     0.788    -0.329    -0.520
 9   135.475    -0.826    25.438
 9     0.120    -0.228    -0.966
 9     0.984     0.158     0.085
 9     0.134    -0.961     0.244
 2    97.052   -18.711    59.791
 2     0.464    -0.886     0.005
 2     0.885     0.464     0.039
 2    -0.037    -0.014     0.999
 3   123.984    -2.728     1.302
 3     0.478    -0.214    -0.852
 3     0.210     0.969    -0.126
 3     0.853    -0.119     0.508
 4   109.381    16.312   -10.027
 4     0.617    -0.738     0.272
 4     0.772     0.500    -0.392
 4     0.153     0.452     0.878
 5   121.461    22.268    19.275
 5     0.622    -0.704     0.342
 5    -0.176    -0.551    -0.816
 5     0.762     0.447    -0.467
 6   131.758    -7.492    16.259
 6     0.002     0.367    -0.930
 6    -0.960    -0.260    -0.105
 6    -0.280     0.893     0.351
 7   111.424   -23.351    -8.704
 7     0.519     0.850     0.086
 7    -0.838     0.485     0.250
 7     0.171    -0.202     0.964
 8   124.053   -27.574    19.988
 8     0.592     0.632     0.500
 8     0.174    -0.706     0.686
 8     0.787    -0.319    -0.528
 9   135.691    -1.012    25.287
 9     0.136    -0.221    -0.966
 9     0.983     0.153     0.103
 9     0.125    -0.963     0.238
 2    97.053   -18.711    59.791
 2     0.464    -0.886     0.004
 2     0.885     0.464     0.040
 2    -0.037    -0.015     0.999
 3   123.985    -2.728     1.302
 3     0.478    -0.214    -0.852
 3     0.210     0.969    -0.125
 3     0.853    -0.120     0.508
 4   109.394    16.320    -9.928
 4     0.612    -0.740     0.278
 4     0.774     0.489    -0.401
 4     0.161     0.461     0.872
 5   120.857    22.018    19.510
 5     0.627    -0.681     0.379
 5    -0.180    -0.600    -0.779
 5     0.758     0.420    -0.499
 6   132.668    -7.000    16.198
 6     0.060     0.354    -0.933
 6    -0.952    -0.262    -0.161
 6    -0.301     0.897     0.321
 7   111.423   -23.352    -8.751
 7     0.518     0.851     0.089
 7    -0.838     0.484     0.251
 7     0.170    -0.205     0.964
 8   123.624   -27.260    20.171
 8     0.593     0.607     0.529
 8     0.177    -0.739     0.649
 8     0.786    -0.291    -0.546
 9   136.416    -1.389    24.932
 9     0.180    -0.198    -0.964
 9     0.978     0.135     0.155
 9     0.100    -0.971     0.218
 2    97.053   -18.711    59.791
 2     0.464    -0.886     0.004
 2     0.885     0.464     0.039
 2    -0.037    -0.015     0.999
 3   124.005    -2.678     1.258
 3     0.478    -0.213    -0.852
 3     0.211     0.969    -0.124
 3     0.852    -0.121     0.508
 4   109.356    16.333    -9.859
 4     0.599    -0.747     0.288
 4     0.782     0.470    -0.409
 4     0.170     0.470     0.866
 5   119.759    21.137    19.955
 5     0.642    -0.621     0.449
 5    -0.177    -0.691    -0.701
 5     0.745     0.371    -0.554
 6   134.483    -5.627    15.564
 6     0.183     0.367    -0.912
 6    -0.923    -0.255    -0.288
 6    -0.338     0.894     0.292
 7   111.412   -23.464    -8.849
 7     0.508     0.855     0.102
 7    -0.846     0.473     0.247
 7     0.163    -0.212     0.964
 8   122.723   -27.074    20.579
 8     0.597     0.540     0.593
 8     0.161    -0.805     0.571
 8     0.786    -0.245    -0.568
 9   138.047    -2.762    25.099
 9     0.276    -0.146    -0.950
 9     0.958     0.117     0.261
 9     0.073    -0.982     0.172
 2    97.053   -18.711    59.791
 2     0.464    -0.886     0.004
 2     0.885     0.464     0.040
 2    -0.037    -0.015     0.999
 3   124.051    -2.729     1.265
 3     0.479    -0.210    -0.852
 3     0.213     0.969    -0.120
 3     0.851    -0.124     0.509
 4   109.240    16.293    -9.828
 4     0.584    -0.757     0.293
 4     0.792     0.454    -0.408
 4     0.176     0.470     0.865
 5   118.778    20.657    20.455
 5     0.659    -0.538     0.525
 5    -0.148    -0.777    -0.611
 5     0.737     0.325    -0.592
 6   136.707    -3.034    15.613
 6     0.319     0.390    -0.864
 6    -0.877    -0.223    -0.425
 6    -0.358     0.893     0.270
 7   111.361   -23.522    -8.938
 7     0.494     0.862     0.109
 7    -0.854     0.458     0.245
 7     0.161    -0.214     0.963
 8   121.595   -26.941    20.974
 8     0.602     0.438     0.668
 8     0.125    -0.878     0.462
 8     0.789    -0.195    -0.583
 9   139.939    -5.335    25.053
 9     0.408    -0.121    -0.905
 9     0.912     0.106     0.396
 9     0.048    -0.987     0.153
 2    97.053   -18.711    59.791
 2     0.464    -0.886     0.004
 2     0.885     0.464     0.040
 2    -0.037    -0.015     0.999
 3   124.155    -2.679     1.166
 3     0.479    -0.201    -0.854
 3     0.213     0.971    -0.109
 3     0.851    -0.130     0.508
 4   109.182    16.306    -9.777
 4     0.566    -0.772     0.290
 4     0.803     0.437    -0.404
 4     0.185     0.462     0.867
 5   118.168    20.250    20.945
 5     0.685    -0.436     0.583
 5    -0.101    -0.850    -0.516
 5     0.721     0.295    -0.627
 6   138.858     0.161    15.724
 6     0.462     0.414    -0.784
 6    -0.808    -0.167    -0.564
 6    -0.365     0.895     0.258
 7   111.241   -23.558    -8.977
 7     0.472     0.873     0.118
 7    -0.866     0.436     0.243
 7     0.161    -0.217     0.963
 8   120.715   -26.483    21.227
 8     0.612     0.330     0.718
 8     0.092    -0.932     0.350
 8     0.785    -0.148    -0.601
 9   141.928    -8.146    24.738
 9     0.553    -0.110    -0.826
 9     0.832     0.096     0.545
 9     0.020    -0.989     0.145
 2    97.053   -18.762    59.791
 2     0.464    -0.886     0.004
 2     0.885     0.464     0.039
 2    -0.037    -0.015     0.999
 3   124.185    -2.656     1.144
 3     0.482    -0.187    -0.856
 3     0.209     0.973    -0.095
 3     0.851    -0.134     0.508
 4   108.987    16.376    -9.641
 4     0.545    -0.789     0.285
 4     0.814     0.416    -0.404
 4     0.200     0.452     0.869
 5   117.666    19.586    21.320
 5     0.711    -0.318     0.626
 5    -0.052    -0.913    -0.404
 5     0.700     0.255    -0.666
 6   140.871     4.369    15.547
 6     0.604     0.432    -0.669
 6    -0.699    -0.115    -0.706
 6    -0.382     0.894     0.232
 7   111.158   -23.569    -8.923
 7     0.440     0.888     0.127
 7    -0.882     0.402     0.244
 7     0.165    -0.220     0.961
 8   119.775   -25.460    21.754
 8     0.626     0.171     0.760
 8     0.055    -0.983     0.176
 8     0.777    -0.068    -0.625
 9   143.825   -12.457    23.857
 9     0.727    -0.096    -0.680
 9     0.686     0.051     0.726
 9    -0.035    -0.994     0.103
 2    97.053   -18.711    59.791
 2     0.464    -0.886     0.004
 2     0.885     0.464     0.039
 2    -0.037    -0.015     0.999
 3   124.329    -2.610     1.056
 3     0.486    -0.175    -0.856
 3     0.206     0.975    -0.082
 3     0.849    -0.137     0.510
 4   108.723    16.419    -9.738
 4     0.511    -0.811     0.283
 4     0.834     0.388    -0.392
 4     0.208     0.437     0.875
 5   117.272    19.079    21.656
 5     0.732    -0.192     0.653
 5     0.002    -0.959    -0.284
 5     0.681     0.209    -0.701
 6   142.184     9.374    15.594
 6     0.735     0.436    -0.519
 6    -0.552    -0.058    -0.831
 6    -0.392     0.898     0.198
 7   110.925   -23.583    -9.044
 7     0.404     0.904     0.139
 7    -0.899     0.365     0.243
 7     0.169    -0.223     0.960
 8   116.897   -24.251    20.255
 8     0.643     0.007     0.766
 8     0.012    -1.000    -0.001
 8     0.766     0.010    -0.643
 9   145.144   -18.611    23.089
 9     0.878    -0.103    -0.467
 9     0.466    -0.028     0.884
 9    -0.104    -0.994     0.023
 2    97.053   -18.762    59.791
 2     0.464    -0.886     0.004
 2     0.885     0.464     0.039
 2    -0.037    -0.015     0.999
 3   124.349    -2.438     1.020
 3     0.491    -0.162    -0.856
 3     0.203     0.977    -0.068
 3     0.847    -0.141     0.512
 4   108.291    16.486    -9.739
 4     0.461    -0.841     0.282
 4     0.862     0.349    -0.368
 4     0.210     0.413     0.886
 5   116.778    18.803    21.776
 5     0.742    -0.080     0.665
 5     0.057    -0.982    -0.182
 5     0.668     0.172    -0.724
 6   142.644    14.178    15.970
 6     0.830     0.420    -0.366
 6    -0.398    -0.013    -0.917
 6    -0.390     0.907     0.156
 7   110.660   -23.655    -9.021
 7     0.356     0.921     0.155
 7    -0.919     0.316     0.237
 7     0.169    -0.227     0.959
 8   116.511   -24.215    20.492
 8     0.657    -0.145     0.739
 8    -0.064    -0.988    -0.137
 8     0.750     0.043    -0.659
 9   144.936   -26.235    22.184
 9     0.967    -0.145    -0.210
 9     0.201    -0.074     0.977
 9    -0.157    -0.987    -0.042
 2    97.053   -18.762    59.791
 2     0.464    -0.886     0.004
 2     0.885     0.464     0.039
 2    -0.037    -0.015     0.999
 3   124.439    -2.344     0.912
 3     0.497    -0.150    -0.855
 3     0.199     0.978    -0.056
 3     0.844    -0.143     0.516
 4   107.507    16.323    -9.865
 4     0.388    -0.876     0.285
 4     0.899     0.292    -0.328
 4     0.203     0.383     0.901
 5   115.968    18.605    21.893
 5     0.744     0.030     0.667
 5     0.116    -0.990    -0.084
 5     0.657     0.140    -0.740
 6   142.038    18.788    16.695
 6     0.897     0.391    -0.207
 6    -0.237     0.032    -0.971
 6    -0.373     0.920     0.121
 7   110.275   -23.607    -9.175
 7     0.292     0.941     0.172
 7    -0.941     0.251     0.228
 7     0.171    -0.229     0.958
 8   116.157   -24.028    20.603
 8     0.651    -0.315     0.690
 8    -0.160    -0.946    -0.281
 8     0.741     0.073    -0.667
 9   142.902   -34.188    21.556
 9     0.977    -0.202     0.071
 9    -0.091    -0.090     0.992
 9    -0.194    -0.975    -0.107
 2    97.053   -18.762    59.791
 2     0.464    -0.885     0.004
 2     0.885     0.464     0.039
 2    -0.037    -0.015     0.999
 3   124.438    -2.269     0.860
 3     0.499    -0.152    -0.853
 3     0.197     0.978    -0.059
 3     0.844    -0.139     0.518
 4   106.228    16.159    -9.961
 4     0.300    -0.905     0.301
 4     0.934     0.215    -0.284
 4     0.192     0.366     0.910
 5   115.031    18.397    21.771
 5     0.746     0.123     0.653
 5     0.168    -0.986    -0.006
 5     0.644     0.114    -0.757
 6   140.544    23.100    16.815
 6     0.928     0.367    -0.055
 6    -0.083     0.061    -0.995
 6    -0.362     0.928     0.087
 7   109.814   -23.360    -9.322
 7     0.220     0.957     0.189
 7    -0.960     0.178     0.215
 7     0.172    -0.229     0.958
 8   115.718   -24.306    20.471
 8     0.618    -0.496     0.609
 8    -0.275    -0.863    -0.423
 8     0.736     0.094    -0.670
 9   138.763   -41.856    21.320
 9     0.908    -0.246     0.338
 9    -0.363    -0.063     0.930
 9    -0.207    -0.967    -0.147
 2    97.053   -18.762    59.791
 2     0.464    -0.886     0.004
 2     0.885     0.464     0.039
 2    -0.037    -0.015     0.999
 3   124.422    -1.868     0.687
 3     0.503    -0.168    -0.848
 3     0.195     0.977    -0.077
 3     0.842    -0.127     0.524
 4   105.055    15.860   -10.137
 4     0.214    -0.924     0.316
 4     0.961     0.142    -0.236
 4     0.173     0.354     0.919
 5   114.179    18.565    21.506
 5     0.743     0.195     0.640
 5     0.217    -0.975     0.045
 5     0.633     0.105    -0.767
 6   139.255    26.415    17.189
 6     0.938     0.340     0.063
 6     0.038     0.079    -0.996
 6    -0.344     0.937     0.061
 7   109.155   -23.114    -9.652
 7     0.143     0.969     0.202
 7    -0.974     0.101     0.202
 7     0.175    -0.226     0.958
 8   114.939   -24.929    20.430
 8     0.557    -0.666     0.497
 8    -0.400    -0.739    -0.542
 8     0.728     0.103    -0.678
 9   132.975   -48.438    20.674
 9     0.781    -0.274     0.561
 9    -0.586    -0.008     0.810
 9    -0.218    -0.962    -0.167
 2    97.052   -18.711    59.842
 2     0.464    -0.886     0.004
 2     0.885     0.464     0.039
 2    -0.037    -0.015     0.999
 3   124.446    -1.596     0.397
 3     0.511    -0.184    -0.840
 3     0.192     0.976    -0.097
 3     0.838    -0.112     0.534
 4   103.915    15.583   -10.040
 4     0.141    -0.934     0.329
 4     0.977     0.079    -0.195
 4     0.156     0.349     0.924
 5   113.387    18.780    21.391
 5     0.737     0.253     0.626
 5     0.257    -0.962     0.086
 5     0.624     0.098    -0.775
 6   137.706    29.129    17.513
 6     0.933     0.322     0.158
 6     0.139     0.083    -0.987
 6    -0.332     0.943     0.033
 7   107.886   -22.275    -9.907
 7     0.047     0.976     0.214
 7    -0.984     0.008     0.180
 7     0.173    -0.219     0.960
 8   113.583   -25.764    20.030
 8     0.473    -0.801     0.367
 8    -0.515    -0.590    -0.622
 8     0.714     0.106    -0.692
 9   127.003   -52.976    20.035
 9     0.645    -0.272     0.714
 9    -0.732     0.048     0.680
 9    -0.219    -0.961    -0.168
 2    97.052   -18.711    59.842
 2     0.464    -0.886     0.004
 2     0.885     0.464     0.040
 2    -0.037    -0.015     0.999
 3   124.436    -1.400     0.141
 3     0.516    -0.189    -0.835
 3     0.182     0.977    -0.109
 3     0.837    -0.096     0.539
 4   103.072    15.326   -10.037
 4     0.083    -0.936     0.341
 4     0.987     0.030    -0.157
 4     0.136     0.350     0.927
 5   112.734    18.788    21.320
 5     0.733     0.291     0.614
 5     0.282    -0.952     0.115
 5     0.618     0.089    -0.781
 6   136.353    30.913    17.536
 6     0.921     0.317     0.227
 6     0.213     0.080    -0.974
 6    -0.327     0.945     0.006
 7   106.944   -21.606   -10.372
 7    -0.036     0.973     0.229
 7    -0.984    -0.074     0.159
 7     0.172    -0.219     0.960
 8   111.972   -26.169    19.759
 8     0.395    -0.880     0.263
 8    -0.594    -0.464    -0.657
 8     0.701     0.103    -0.706
 9   121.593   -55.611    19.765
 9     0.531    -0.270     0.803
 9    -0.820     0.073     0.567
 9    -0.212    -0.960    -0.182
 2    97.053   -18.711    59.791
 2     0.464    -0.886     0.004
 2     0.885     0.464     0.039
 2    -0.037    -0.015     0.999
 3   124.418    -1.309    -0.230
 3     0.524    -0.193    -0.830
 3     0.172     0.978    -0.119
 3     0.834    -0.080     0.545
 4   102.338    14.916   -10.065
 4     0.035    -0.937     0.348
 4     0.992    -0.009    -0.123
 4     0.118     0.350     0.929
 5   111.956    18.777    21.129
 5     0.723     0.323     0.610
 5     0.306    -0.942     0.135
 5     0.619     0.089    -0.780
 6   135.136    32.296    17.874
 6     0.910     0.299     0.285
 6     0.273     0.084    -0.958
 6    -0.311     0.950    -0.005
 7   106.493   -21.227   -10.693
 7    -0.087     0.967     0.237
 7    -0.982    -0.123     0.145
 7     0.169    -0.220     0.960
 8   110.618   -26.335    19.414
 8     0.336    -0.917     0.214
 8    -0.639    -0.390    -0.663
 8     0.692     0.086    -0.717
 9   118.415   -56.685    20.112
 9     0.465    -0.253     0.848
 9    -0.866     0.067     0.495
 9    -0.182    -0.965    -0.188
 2    97.053   -18.711    59.791
 2     0.464    -0.886     0.004
 2     0.885     0.464     0.039
 2    -0.037    -0.015     0.999
 3   124.434    -1.262    -0.586
 3     0.527    -0.203    -0.825
 3     0.167     0.977    -0.133
 3     0.833    -0.068     0.549
 4   101.872    14.556   -10.131
 4     0.005    -0.936     0.352
 4     0.994    -0.033    -0.101
 4     0.105     0.350     0.930
 5   111.294    18.796    21.101
 5     0.709     0.349     0.612
 5     0.326    -0.933     0.154
 5     0.625     0.090    -0.775
 6   134.291    33.296    18.208
 6     0.904     0.277     0.326
 6     0.315     0.088    -0.945
 6    -0.290     0.957    -0.008
 7   106.265   -20.987   -10.798
 7    -0.111     0.964     0.242
 7    -0.980    -0.147     0.135
 7     0.166    -0.223     0.960
 8   109.830   -26.436    19.229
 8     0.292    -0.936     0.198
 8    -0.655    -0.347    -0.671
 8     0.696     0.066    -0.714
 9   116.629   -56.985    20.752
 9     0.430    -0.238     0.870
 9    -0.890     0.051     0.454
 9    -0.153    -0.970    -0.190
 2    97.052   -18.711    59.842
 2     0.464    -0.886     0.004
 2     0.885     0.464     0.040
 2    -0.037    -0.015     0.999
 3   124.428    -1.187    -0.709
 3     0.529    -0.206    -0.823
 3     0.167     0.976    -0.137
 3     0.832    -0.065     0.551
 4   101.670    14.374   -10.134
 4    -0.008    -0.934     0.357
 4     0.995    -0.042    -0.087
 4     0.096     0.354     0.930
 5   110.987    18.931    20.947
 5     0.702     0.369     0.609
 5     0.343    -0.925     0.165
 5     0.624     0.092    -0.776
 6   133.694    33.957    18.606
 6     0.900     0.259     0.351
 6     0.341     0.086    -0.936
 6    -0.272     0.962    -0.011
 7   106.105   -20.864   -10.850
 7    -0.128     0.958     0.255
 7    -0.977    -0.165     0.133
 7     0.170    -0.232     0.958
 8   109.394   -26.182    19.212
 8     0.269    -0.943     0.194
 8    -0.654    -0.326    -0.682
 8     0.707     0.056    -0.705
 9   115.656   -57.078    21.353
 9     0.410    -0.232     0.882
 9    -0.903     0.035     0.429
 9    -0.130    -0.972    -0.195
 2    97.052   -18.711    59.842
 2     0.464    -0.886     0.004
 2     0.885     0.464     0.040
 2    -0.037    -0.015     0.999
 3   124.419    -1.189    -0.775
 3     0.531    -0.207    -0.821
 3     0.168     0.976    -0.138
 3     0.830    -0.065     0.553
 4   101.513    14.138   -10.255
 4    -0.017    -0.932     0.361
 4     0.996    -0.046    -0.073
 4     0.084     0.358     0.930
 5   110.734    19.013    20.872
 5     0.695     0.382     0.608
 5     0.356    -0.919     0.171
 5     0.624     0.098    -0.775
 6   133.408    34.375    18.658
 6     0.897     0.249     0.364
 6     0.353     0.089    -0.931
 6    -0.264     0.964    -0.008
 7   105.866   -20.868   -10.850
 7    -0.143     0.954     0.262
 7    -0.974    -0.182     0.131
 7     0.173    -0.237     0.956
 8   109.069   -26.083    19.112
 8     0.251    -0.949     0.188
 8    -0.653    -0.310    -0.691
 8     0.714     0.051    -0.698
 9   114.774   -57.020    21.852
 9     0.392    -0.242     0.887
 9    -0.912     0.019     0.408
 9    -0.115    -0.970    -0.213
 2    97.003   -18.711    59.791
 2     0.464    -0.886     0.004
 2     0.885     0.464     0.039
 2    -0.037    -0.015     0.999
 3   124.414    -1.242    -0.922
 3     0.533    -0.208    -0.820
 3     0.167     0.976    -0.138
 3     0.829    -0.064     0.555
 4   101.349    14.083   -10.242
 4    -0.021    -0.932     0.363
 4     0.996    -0.048    -0.067
 4     0.079     0.360     0.929
 5   110.642    19.070    20.810
 5     0.690     0.390     0.610
 5     0.362    -0.915     0.175
 5     0.627     0.100    -0.773
 6   133.298    34.459    18.767
 6     0.898     0.240     0.368
 6     0.357     0.091    -0.930
 6    -0.257     0.966    -0.005
 7   105.815   -20.771   -10.889
 7    -0.150     0.952     0.266
 7    -0.974    -0.189     0.127
 7     0.171    -0.241     0.955
 8   108.736   -26.042    18.993
 8     0.226    -0.957     0.182
 8    -0.657    -0.288    -0.697
 8     0.719     0.038    -0.694
 9   113.962   -57.200    21.887
 9     0.377    -0.235     0.896
 9    -0.920     0.017     0.392
 9    -0.108    -0.972    -0.209
 2    97.052   -18.711    59.842
 2     0.464    -0.886     0.004
 2     0.885     0.464     0.040
 2    -0.037    -0.015     0.999
 3   124.414    -1.242    -0.948
 3     0.533    -0.209    -0.819
 3     0.168     0.976    -0.139
 3     0.829    -0.064     0.556
 4   101.343    14.007   -10.263
 4    -0.025    -0.931     0.364
 4     0.997    -0.051    -0.063
 4     0.077     0.362     0.929
 5   110.425    19.078    20.797
 5     0.684     0.397     0.612
 5     0.368    -0.912     0.181
 5     0.630     0.101    -0.770
 6   132.982    34.798    18.926
 6     0.896     0.233     0.377
 6     0.366     0.091    -0.926
 6    -0.251     0.968    -0.004
 7   105.684   -20.679   -10.894
 7    -0.163     0.948     0.273
 7    -0.972    -0.201     0.118
 7     0.167    -0.246     0.955
 8   108.420   -26.051    18.958
 8     0.206    -0.962     0.176
 8    -0.660    -0.270    -0.701
 8     0.722     0.028    -0.691
 9   113.176   -57.431    22.105
 9     0.362    -0.234     0.902
 9    -0.927     0.015     0.375
 9    -0.102    -0.972    -0.211
 2    97.053   -18.711    59.791
 2     0.464    -0.886     0.004
 2     0.885     0.464     0.040
 2    -0.037    -0.015     0.999
 3   124.410    -1.243    -1.044
 3     0.535    -0.209    -0.819
 3     0.168     0.976    -0.139
 3     0.828    -0.064     0.557
 4   101.338    13.955   -10.257
 4    -0.026    -0.931     0.364
 4     0.997    -0.051    -0.061
 4     0.075     0.361     0.929
 5   110.378    19.131    20.794
 5     0.682     0.399     0.612
 5     0.370    -0.911     0.183
 5     0.631     0.102    -0.769
 6   132.821    34.835    19.076
 6     0.894     0.228     0.385
 6     0.376     0.085    -0.922
 6    -0.243     0.970    -0.010
 7   105.634   -20.657   -10.938
 7    -0.169     0.946     0.275
 7    -0.971    -0.207     0.115
 7     0.166    -0.248     0.954
 8   108.352   -26.052    18.900
 8     0.201    -0.964     0.174
 8    -0.660    -0.265    -0.703
 8     0.724     0.026    -0.689
 9   112.950   -57.324    22.292
 9     0.355    -0.244     0.902
 9    -0.930     0.005     0.367
 9    -0.095    -0.970    -0.225
 2    97.052   -18.711    59.842
 2     0.464    -0.886     0.004
 2     0.885     0.464     0.040
 2    -0.037    -0.015     0.999
 3   124.409    -1.268    -1.096
 3     0.535    -0.209    -0.818
 3     0.168     0.976    -0.139
 3     0.828    -0.063     0.557
 4   101.261    13.903   -10.254
 4    -0.026    -0.931     0.364
 4     0.997    -0.052    -0.060
 4     0.074     0.361     0.929
 5   110.353    19.080    20.793
 5     0.682     0.399     0.613
 5     0.369    -0.911     0.182
 5     0.631     0.101    -0.769
 6   132.803    34.840    19.216
 6     0.893     0.224     0.389
 6     0.380     0.083    -0.921
 6    -0.239     0.971    -0.011
 7   105.634   -20.657   -10.989
 7    -0.169     0.946     0.276
 7    -0.971    -0.207     0.115
 7     0.166    -0.249     0.954
 8   108.406   -25.972    18.893
 8     0.202    -0.963     0.180
 8    -0.658    -0.270    -0.703
 8     0.725     0.024    -0.688
 9   113.080   -57.320    22.285
 9     0.357    -0.247     0.901
 9    -0.929     0.003     0.369
 9    -0.093    -0.969    -0.228
 2    97.053   -18.711    59.791
 2     0.464    -0.886     0.004
 2     0.885     0.464     0.040
 2    -0.037    -0.015     0.999
 3   124.405    -1.245    -1.116
 3     0.536    -0.210    -0.818
 3     0.168     0.975    -0.140
 3     0.827    -0.063     0.558
 4   101.309    13.904   -10.306
 4    -0.029    -0.930     0.365
 4     0.997    -0.054    -0.059
 4     0.074     0.363     0.929
 5   110.353    19.080    20.793
 5     0.681     0.400     0.612
 5     0.370    -0.911     0.183
 5     0.631     0.101    -0.769
 6   132.808    34.946    19.282
 6     0.893     0.221     0.391
 6     0.383     0.082    -0.920
 6    -0.236     0.972    -0.012
 7   105.636   -20.605   -10.992
 7    -0.169     0.946     0.277
 7    -0.971    -0.208     0.116
 7     0.167    -0.249     0.954
 8   108.419   -25.912    18.920
 8     0.205    -0.960     0.189
 8    -0.653    -0.278    -0.704
 8     0.729     0.021    -0.684
 9   113.312   -57.238    22.426
 9     0.363    -0.249     0.898
 9    -0.927    -0.003     0.374
 9    -0.090    -0.969    -0.232
 2    97.052   -18.711    59.842
 2     0.464    -0.886     0.004
 2     0.885     0.464     0.040
 2    -0.037    -0.015     0.999
 3   124.404    -1.269    -1.167
 3     0.536    -0.210    -0.818
 3     0.169     0.975    -0.141
 3     0.827    -0.063     0.558
 4   101.207    13.852   -10.304
 4    -0.030    -0.930     0.366
 4     0.997    -0.055    -0.057
 4     0.073     0.363     0.929
 5   110.348    19.133    20.795
 5     0.680     0.406     0.609
 5     0.375    -0.908     0.187
 5     0.630     0.101    -0.770
 6   132.815    35.079    19.321
 6     0.891     0.217     0.397
 6     0.389     0.082    -0.918
 6    -0.232     0.973    -0.011
 7   105.639   -20.605   -10.994
 7    -0.170     0.945     0.278
 7    -0.971    -0.209     0.117
 7     0.168    -0.250     0.953
 8   108.373   -25.857    18.862
 8     0.207    -0.959     0.192
 8    -0.651    -0.281    -0.704
 8     0.730     0.020    -0.683
 9   113.393   -57.134    22.496
 9     0.365    -0.251     0.896
 9    -0.927    -0.007     0.375
 9    -0.088    -0.968    -0.235
 2    97.052   -18.762    59.842
 2     0.464    -0.886     0.004
 2     0.885     0.464     0.040
 2    -0.037    -0.015     0.999
 3   124.404    -1.269    -1.218
 3     0.536    -0.211    -0.817
 3     0.169     0.975    -0.141
 3     0.827    -0.062     0.558
 4   101.204    13.852   -10.301
 4    -0.031    -0.930     0.366
 4     0.997    -0.056    -0.056
 4     0.072     0.363     0.929
 5   110.245    19.131    20.748
 5     0.681     0.407     0.609
 5     0.375    -0.908     0.187
 5     0.629     0.101    -0.771
 6   132.771    35.083    19.363
 6     0.891     0.214     0.399
 6     0.391     0.081    -0.917
 6    -0.229     0.973    -0.011
 7   105.641   -20.605   -10.997
 7    -0.171     0.945     0.278
 7    -0.970    -0.210     0.117
 7     0.169    -0.250     0.953
 8   108.430   -25.774    18.850
 8     0.211    -0.957     0.200
 8    -0.648    -0.290    -0.704
 8     0.732     0.019    -0.681
 9   113.547   -57.003    22.593
 9     0.370    -0.253     0.894
 9    -0.925    -0.011     0.380
 9    -0.087    -0.967    -0.238
 2    97.052   -18.711    59.842
 2     0.464    -0.886     0.004
 2     0.885     0.464     0.040
 2    -0.037    -0.015     0.999
 3   124.404    -1.269    -1.269
 3     0.536    -0.212    -0.817
 3     0.169     0.975    -0.142
 3     0.827    -0.062     0.558
 4   101.254    13.852   -10.301
 4    -0.031    -0.930     0.366
 4     0.997    -0.056    -0.056
 4     0.072     0.363     0.929
 5   110.245    19.131    20.749
 5     0.681     0.406     0.609
 5     0.375    -0.908     0.186
 5     0.629     0.102    -0.771
 6   132.784    35.037    19.528
 6     0.893     0.209     0.398
 6     0.391     0.080    -0.917
 6    -0.224     0.974    -0.010
 7   105.644   -20.604   -11.000
 7    -0.171     0.945     0.278
 7    -0.970    -0.210     0.118
 7     0.170    -0.250     0.953
 8   108.436   -25.717    18.887
 8     0.214    -0.954     0.208
 8    -0.644    -0.298    -0.705
 8     0.734     0.017    -0.678
 9   113.753   -56.871    22.658
 9     0.376    -0.254     0.891
 9    -0.923    -0.015     0.386
 9    -0.084    -0.967    -0.240
 2    97.052   -18.711    59.842
 2     0.464    -0.886     0.004
 2     0.885     0.464     0.040
 2    -0.037    -0.015     0.999
 3   124.404    -1.270    -1.269
 3     0.536    -0.212    -0.817
 3     0.168     0.975    -0.142
 3     0.827    -0.062     0.558
 4   101.202    13.825   -10.247
 4    -0.031    -0.930     0.366
 4     0.997    -0.055    -0.055
 4     0.071     0.363     0.929
 5   110.251    19.135    20.741
 5     0.677     0.409     0.611
 5     0.377    -0.907     0.189
 5     0.631     0.102    -0.769
 6   132.792    35.092    19.645
 6     0.893     0.205     0.400
 6     0.392     0.080    -0.917
 6    -0.220     0.975    -0.009
 7   105.644   -20.604   -11.000
 7    -0.171     0.945     0.278
 7    -0.970    -0.210     0.118
 7     0.170    -0.250     0.953
 8   108.447   -25.633    18.871
 8     0.216    -0.953     0.213
 8    -0.640    -0.304    -0.705
 8     0.737     0.016    -0.676
 9   113.906   -56.818    22.705
 9     0.379    -0.254     0.890
 9    -0.922    -0.017     0.388
 9    -0.083    -0.967    -0.241
 2    97.053   -18.711    59.791
 2     0.464    -0.886     0.004
 2     0.885     0.464     0.040
 2    -0.037    -0.015     0.999
 3   124.408    -1.318    -1.275
 3     0.534    -0.212    -0.818
 3     0.169     0.975    -0.142
 3     0.828    -0.062     0.557
 4   101.202    13.825   -10.298
 4    -0.031    -0.930     0.366
 4     0.997    -0.055    -0.055
 4     0.071     0.363     0.929
 5   110.181    19.139    20.784
 5     0.675     0.412     0.612
 5     0.379    -0.905     0.192
 5     0.633     0.102    -0.767
 6   132.797    35.043    19.690
 6     0.894     0.204     0.399
 6     0.392     0.078    -0.917
 6    -0.218     0.976    -0.010
 7   105.642   -20.679   -11.002
 7    -0.169     0.946     0.275
 7    -0.971    -0.208     0.119
 7     0.170    -0.247     0.954
 8   108.633   -25.508    18.870
 8     0.238    -0.942     0.235
 8    -0.629    -0.334    -0.702
 8     0.740     0.019    -0.673
 9   115.032   -56.398    22.868
 9     0.407    -0.258     0.876
 9    -0.910    -0.028     0.414
 9    -0.082    -0.966    -0.246
 2    97.052   -18.711    59.842
 2     0.464    -0.886     0.004
 2     0.885     0.464     0.040
 2    -0.037    -0.015     0.999
 3   124.413    -1.317    -1.229
 3     0.533    -0.211    -0.819
 3     0.169     0.975    -0.141
 3     0.829    -0.063     0.556
 4   101.197    13.771   -10.239
 4    -0.026    -0.930     0.366
 4     0.997    -0.050    -0.054
 4     0.068     0.364     0.929
 5   110.361    19.130    20.841
 5     0.682     0.393     0.617
 5     0.366    -0.914     0.177
 5     0.633     0.105    -0.767
 6   133.035    34.737    19.812
 6     0.899     0.202     0.387
 6     0.380     0.075    -0.922
 6    -0.215     0.976    -0.009
 7   105.738   -20.823   -11.069
 7    -0.150     0.953     0.264
 7    -0.974    -0.189     0.128
 7     0.171    -0.238     0.956
 8   109.581   -25.150    18.952
 8     0.307    -0.910     0.279
 8    -0.599    -0.413    -0.686
 8     0.739     0.043    -0.672
 9   118.463   -55.178    22.633
 9     0.472    -0.286     0.833
 9    -0.876    -0.049     0.480
 9    -0.096    -0.957    -0.273
 2    97.053   -18.711    59.791
 2     0.464    -0.886     0.004
 2     0.885     0.464     0.039
 2    -0.037    -0.015     0.999
 3   124.427    -1.365    -1.108
 3     0.529    -0.201    -0.824
 3     0.169     0.977    -0.129
 3     0.831    -0.072     0.551
 4   101.434    13.945   -10.169
 4    -0.003    -0.929     0.370
 4     0.997    -0.029    -0.064
 4     0.070     0.369     0.927
 5   111.051    18.922    20.828
 5     0.706     0.343     0.619
 5     0.330    -0.933     0.140
 5     0.626     0.105    -0.772
 6   134.258    33.293    19.545
 6     0.914     0.215     0.344
 6     0.338     0.068    -0.939
 6    -0.225     0.974    -0.011
 7   106.124   -21.149   -11.030
 7    -0.105     0.964     0.242
 7    -0.978    -0.145     0.153
 7     0.182    -0.221     0.958
 8   111.248   -24.384    19.115
 8     0.413    -0.845     0.339
 8    -0.536    -0.527    -0.659
 8     0.736     0.090    -0.671
 9   123.909   -52.535    22.962
 9     0.580    -0.304     0.755
 9    -0.808    -0.100     0.580
 9    -0.101    -0.947    -0.304
 2    97.053   -18.762    59.791
 2     0.464    -0.886     0.004
 2     0.885     0.464     0.039
 2    -0.037    -0.015     0.999
 3   124.439    -1.308    -0.936
 3     0.525    -0.194    -0.829
 3     0.175     0.977    -0.118
 3     0.833    -0.083     0.547
 4   101.806    14.117   -10.080
 4     0.037    -0.927     0.372
 4     0.996     0.007    -0.083
 4     0.074     0.374     0.924
 5   111.916    18.603    20.827
 5     0.734     0.273     0.621
 5     0.281    -0.956     0.089
 5     0.618     0.109    -0.779
 6   136.114    30.653    18.777
 6     0.932     0.244     0.267
 6     0.260     0.061    -0.964
 6    -0.251     0.968    -0.006
 7   106.525   -21.601   -10.826
 7    -0.049     0.974     0.222
 7    -0.981    -0.089     0.172
 7     0.188    -0.209     0.960
 8   112.752   -23.771    19.176
 8     0.523    -0.744     0.415
 8    -0.447    -0.654    -0.610
 8     0.725     0.134    -0.675
 9   129.516   -49.184    22.619
 9     0.703    -0.302     0.644
 9    -0.702    -0.148     0.696
 9    -0.115    -0.942    -0.316
 2    97.053   -18.762    59.791
 2     0.464    -0.886     0.004
 2     0.885     0.464     0.039
 2    -0.037    -0.015     0.999
 3   124.447    -1.482    -0.708
 3     0.521    -0.187    -0.833
 3     0.179     0.978    -0.108
 3     0.834    -0.093     0.543
 4   102.181    14.284   -10.090
 4     0.092    -0.922     0.376
 4     0.993     0.056    -0.106
 4     0.077     0.383     0.920
 5   112.787    18.306    20.751
 5     0.759     0.195     0.621
 5     0.225    -0.974     0.030
 5     0.611     0.117    -0.783
 6   137.761    27.775    17.877
 6     0.944     0.277     0.177
 6     0.169     0.051    -0.984
 6    -0.282     0.959     0.001
 7   107.036   -22.075   -10.637
 7     0.024     0.980     0.196
 7    -0.982    -0.014     0.190
 7     0.188    -0.197     0.962
 8   113.673   -23.328    19.258
 8     0.601    -0.615     0.511
