% Calibrated with leiden_pols
% Positions are in centimeters
Data =[
 2    97.052   -18.711    59.842
 2     0.464    -0.886     0.004
 2     0.885     0.464     0.039
 2    -0.037    -0.015     0.999
 3   123.983    -2.678     1.250
 3     0.478    -0.217    -0.851
 3     0.209     0.969    -0.129
 3     0.853    -0.117     0.509
 4   109.381    16.311   -10.078
 4     0.618    -0.738     0.272
 4     0.771     0.501    -0.393
 4     0.153     0.452     0.878
 5   121.643    22.421    19.177
 5     0.623    -0.708     0.333
 5    -0.174    -0.540    -0.823
 5     0.763     0.455    -0.460
 6   131.382    -7.649    16.141
 6    -0.019     0.385    -0.923
 6    -0.961    -0.261    -0.089
 6    -0.275     0.885     0.375
 7   111.415   -23.352    -8.799
 7     0.522     0.849     0.085
 7    -0.836     0.489     0.247
 7     0.168    -0.200     0.965
 8   124.171   -27.780    19.855
 8     0.591     0.642     0.487
 8     0.172    -0.691     0.702
 8     0.788    -0.331    -0.519
 9   135.429    -0.925    25.530
 9     0.117    -0.231    -0.966
 9     0.984     0.161     0.080
 9     0.137    -0.959     0.246
 2    97.052   -18.711    59.791
 2     0.464    -0.886     0.005
 2     0.885     0.464     0.039
 2    -0.037    -0.014     0.999
 3   123.933    -2.728     1.301
 3     0.478    -0.216    -0.851
 3     0.209     0.969    -0.128
 3     0.853    -0.117     0.508
 4   109.381    16.311   -10.078
 4     0.618    -0.738     0.272
 4     0.771     0.501    -0.393
 4     0.153     0.452     0.878
 5   121.593    22.421    19.228
 5     0.622    -0.708     0.334
 5    -0.173    -0.540    -0.823
 5     0.763     0.454    -0.459
 6   131.382    -7.649    16.141
 6    -0.019     0.385    -0.923
 6    -0.961    -0.261    -0.089
 6    -0.275     0.885     0.375
 7   111.416   -23.353    -8.748
 7     0.521     0.849     0.085
 7    -0.836     0.489     0.247
 7     0.168    -0.200     0.965
 8   124.221   -27.780    19.855
 8     0.591     0.642     0.487
 8     0.172    -0.691     0.702
 8     0.788    -0.331    -0.519
 9   135.429    -0.925    25.480
 9     0.117    -0.231    -0.966
 9     0.984     0.161     0.080
 9     0.137    -0.959     0.246
 2    97.052   -18.711    59.791
 2     0.464    -0.886     0.004
 2     0.885     0.464     0.039
 2    -0.037    -0.014     0.999
 3   123.983    -2.728     1.301
 3     0.478    -0.215    -0.852
 3     0.209     0.969    -0.128
 3     0.853    -0.117     0.508
 4   109.381    16.311   -10.078
 4     0.618    -0.738     0.272
 4     0.771     0.501    -0.393
 4     0.153     0.452     0.878
 5   121.597    22.422    19.224
 5     0.622    -0.708     0.334
 5    -0.174    -0.540    -0.823
 5     0.764     0.454    -0.459
 6   131.382    -7.649    16.191
 6    -0.019     0.384    -0.923
 6    -0.961    -0.261    -0.089
 6    -0.275     0.886     0.374
 7   111.366   -23.353    -8.748
 7     0.521     0.849     0.085
 7    -0.837     0.489     0.247
 7     0.168    -0.200     0.965
 8   124.221   -27.780    19.906
 8     0.591     0.642     0.488
 8     0.172    -0.692     0.702
 8     0.788    -0.331    -0.519
 9   135.377    -0.925    25.534
 9     0.116    -0.231    -0.966
 9     0.984     0.160     0.080
 9     0.136    -0.960     0.245
 2    97.052   -18.762    59.790
 2     0.464    -0.886     0.005
 2     0.885     0.464     0.039
 2    -0.037    -0.014     0.999
 3   123.934    -2.729     1.301
 3     0.478    -0.215    -0.851
 3     0.209     0.969    -0.127
 3     0.853    -0.118     0.508
 4   109.381    16.311   -10.078
 4     0.618    -0.738     0.271
 4     0.771     0.501    -0.393
 4     0.153     0.452     0.879
 5   121.593    22.370    19.228
 5     0.622    -0.709     0.333
 5    -0.174    -0.540    -0.823
 5     0.763     0.454    -0.459
 6   131.381    -7.649    16.191
 6    -0.019     0.384    -0.923
 6    -0.961    -0.261    -0.089
 6    -0.275     0.886     0.373
 7   111.368   -23.403    -8.750
 7     0.520     0.849     0.085
 7    -0.837     0.488     0.248
 7     0.169    -0.200     0.965
 8   124.221   -27.780    19.906
 8     0.591     0.642     0.488
 8     0.172    -0.692     0.701
 8     0.788    -0.331    -0.519
 9   135.353    -0.926    25.534
 9     0.117    -0.230    -0.966
 9     0.984     0.160     0.081
 9     0.136    -0.960     0.245
 2    97.052   -18.711    59.791
 2     0.464    -0.886     0.004
 2     0.885     0.464     0.039
 2    -0.037    -0.014     0.999
 3   123.934    -2.729     1.301
 3     0.478    -0.215    -0.852
 3     0.209     0.969    -0.127
 3     0.853    -0.118     0.509
 4   109.381    16.311   -10.078
 4     0.618    -0.738     0.271
 4     0.771     0.501    -0.393
 4     0.153     0.452     0.878
 5   121.597    22.422    19.224
 5     0.621    -0.709     0.334
 5    -0.173    -0.540    -0.823
 5     0.764     0.454    -0.459
 6   131.434    -7.674    16.189
 6    -0.020     0.384    -0.923
 6    -0.961    -0.260    -0.088
 6    -0.274     0.886     0.374
 7   111.366   -23.353    -8.747
 7     0.521     0.849     0.085
 7    -0.837     0.488     0.248
 7     0.168    -0.201     0.965
 8   124.221   -27.780    19.855
 8     0.591     0.642     0.488
 8     0.172    -0.692     0.701
 8     0.788    -0.331    -0.519
 9   135.425    -0.926    25.536
 9     0.117    -0.231    -0.966
 9     0.984     0.160     0.081
 9     0.135    -0.960     0.245
 2    97.052   -18.711    59.791
 2     0.464    -0.886     0.005
 2     0.885     0.464     0.039
 2    -0.037    -0.014     0.999
 3   123.983    -2.728     1.301
 3     0.478    -0.215    -0.852
 3     0.210     0.969    -0.127
 3     0.853    -0.118     0.509
 4   109.384    16.312   -10.029
 4     0.618    -0.738     0.271
 4     0.771     0.501    -0.392
 4     0.154     0.451     0.879
 5   121.596    22.422    19.223
 5     0.621    -0.709     0.334
 5    -0.173    -0.540    -0.823
 5     0.764     0.453    -0.459
 6   131.434    -7.648    16.188
 6    -0.019     0.383    -0.923
 6    -0.961    -0.260    -0.089
 6    -0.274     0.886     0.373
 7   111.366   -23.353    -8.747
 7     0.521     0.849     0.085
 7    -0.837     0.488     0.248
 7     0.168    -0.201     0.965
 8   124.172   -27.780    19.906
 8     0.591     0.642     0.488
 8     0.172    -0.692     0.701
 8     0.788    -0.331    -0.520
 9   135.375    -0.876    25.486
 9     0.117    -0.231    -0.966
 9     0.984     0.160     0.081
 9     0.135    -0.960     0.245
 2    97.052   -18.711    59.791
 2     0.464    -0.886     0.005
 2     0.885     0.464     0.039
 2    -0.037    -0.014     0.999
 3   123.984    -2.728     1.251
 3     0.478    -0.215    -0.852
 3     0.210     0.969    -0.126
 3     0.853    -0.119     0.508
 4   109.382    16.260   -10.077
 4     0.618    -0.738     0.271
 4     0.771     0.501    -0.392
 4     0.153     0.451     0.879
 5   121.593    22.421    19.177
 5     0.622    -0.708     0.334
 5    -0.173    -0.541    -0.823
 5     0.763     0.454    -0.459
 6   131.434    -7.673    16.188
 6    -0.019     0.383    -0.924
 6    -0.961    -0.260    -0.089
 6    -0.274     0.886     0.373
 7   111.368   -23.352    -8.750
 7     0.520     0.850     0.085
 7    -0.837     0.487     0.249
 7     0.169    -0.201     0.965
 8   124.123   -27.729    19.957
 8     0.590     0.641     0.490
 8     0.172    -0.693     0.699
 8     0.788    -0.329    -0.520
 9   135.475    -0.826    25.438
 9     0.120    -0.228    -0.966
 9     0.984     0.158     0.085
 9     0.134    -0.961     0.244
 2    97.052   -18.711    59.791
 2     0.464    -0.886     0.005
 2     0.885     0.464     0.039
 2    -0.037    -0.014     0.999
 3   123.984    -2.728     1.302
 3     0.478    -0.214    -0.852
 3     0.210     0.969    -0.126
 3     0.853    -0.119     0.508
 4   109.381    16.312   -10.027
 4     0.617    -0.738     0.272
 4     0.772     0.500    -0.392
 4     0.153     0.452     0.878
 5   121.461    22.268    19.275
 5     0.622    -0.704     0.342
 5    -0.176    -0.551    -0.816
 5     0.762     0.447    -0.467
