% Calibrated with leiden_pols
% Positions are in centimeters
Data =[
 2    97.217   -18.722    59.730
 2     0.522    -0.853     0.004
 2     0.852     0.521     0.034
 2    -0.031    -0.015     0.999
 3   123.740    -2.420     1.856
 3     0.467    -0.141    -0.873
 3     0.185     0.981    -0.059
 3     0.865    -0.134     0.484
 4   109.001    17.220    -7.901
 4     0.392    -0.885     0.250
 4     0.894     0.303    -0.330
 4     0.216     0.353     0.910
 5   111.720    20.395    22.878
 5     0.391    -0.083     0.917
 5     0.177    -0.970    -0.164
 5     0.903     0.227    -0.365
 6   129.480    24.057    47.800
 6     0.506    -0.757    -0.414
 6    -0.134     0.405    -0.904
 6     0.852     0.513     0.104
 7   111.942   -24.413    -7.546
 7     0.260     0.965     0.001
 7    -0.910     0.245     0.333
 7     0.322    -0.088     0.943
 8   112.195   -24.853    22.804
 8     0.207    -0.091     0.974
 8    -0.132    -0.989    -0.065
 8     0.969    -0.115    -0.217
 9   127.397   -31.087    48.602
 9     0.427     0.858    -0.286
 9     0.048     0.294     0.954
 9     0.903    -0.421     0.084
 2    97.167   -18.773    59.730
 2     0.522    -0.853     0.003
 2     0.852     0.521     0.034
 2    -0.031    -0.015     0.999
 3   123.724    -2.425     1.873
 3     0.471    -0.143    -0.870
 3     0.185     0.980    -0.061
 3     0.862    -0.132     0.489
 4   109.046    17.218    -7.948
 4     0.394    -0.883     0.253
 4     0.894     0.304    -0.330
 4     0.214     0.356     0.909
 5   111.796    20.421    22.752
 5     0.390    -0.086     0.917
 5     0.177    -0.970    -0.167
 5     0.903     0.227    -0.363
 6   129.440    24.085    47.738
 6     0.503    -0.758    -0.417
 6    -0.133     0.408    -0.903
 6     0.854     0.509     0.104
 7   112.238   -24.512    -7.723
 7     0.264     0.964    -0.001
 7    -0.909     0.250     0.333
 7     0.321    -0.087     0.943
 8   112.300   -24.854    22.664
 8     0.203    -0.088     0.975
 8    -0.130    -0.989    -0.062
 8     0.970    -0.115    -0.212
 9   127.363   -31.210    48.580
 9     0.421     0.860    -0.286
 9     0.047     0.294     0.954
 9     0.906    -0.416     0.083
 2    97.167   -18.723    59.730
 2     0.522    -0.853     0.003
 2     0.852     0.521     0.034
 2    -0.031    -0.015     0.999
 3   123.720    -2.375     1.879
 3     0.472    -0.145    -0.870
 3     0.186     0.980    -0.062
 3     0.861    -0.133     0.490
 4   109.159    17.264    -8.111
 4     0.397    -0.881     0.255
 4     0.893     0.308    -0.327
 4     0.209     0.357     0.910
 5   111.909    20.475    22.667
 5     0.386    -0.092     0.917
 5     0.176    -0.969    -0.171
 5     0.905     0.228    -0.359
 6   129.456    24.062    47.774
 6     0.497    -0.758    -0.422
 6    -0.134     0.414    -0.900
 6     0.857     0.504     0.104
 7   112.458   -24.512    -7.798
 7     0.266     0.964    -0.005
 7    -0.909     0.253     0.331
 7     0.320    -0.083     0.943
 8   112.434   -24.904    22.575
 8     0.201    -0.086     0.976
 8    -0.130    -0.990    -0.060
 8     0.971    -0.115    -0.210
 9   127.419   -31.259    48.496
 9     0.419     0.861    -0.287
 9     0.047     0.295     0.954
 9     0.907    -0.413     0.083
 2    97.117   -18.773    59.730
 2     0.522    -0.853     0.003
 2     0.852     0.521     0.034
 2    -0.031    -0.015     0.999
 3   123.724    -2.373     1.924
 3     0.471    -0.146    -0.870
 3     0.187     0.980    -0.063
 3     0.862    -0.133     0.489
 4   109.157    17.213    -8.108
 4     0.397    -0.882     0.255
 4     0.894     0.308    -0.326
 4     0.208     0.357     0.910
 5   111.860    20.474    22.616
 5     0.387    -0.092     0.917
 5     0.176    -0.969    -0.171
 5     0.905     0.228    -0.359
 6   129.455    24.062    47.773
 6     0.497    -0.758    -0.422
 6    -0.135     0.413    -0.901
 6     0.857     0.505     0.103
 7   112.458   -24.563    -7.849
 7     0.266     0.964    -0.005
 7    -0.909     0.253     0.330
 7     0.320    -0.083     0.944
 8   112.435   -24.904    22.575
 8     0.200    -0.086     0.976
 8    -0.129    -0.990    -0.061
 8     0.971    -0.114    -0.209
 9   127.419   -31.208    48.496
 9     0.418     0.861    -0.288
 9     0.047     0.295     0.954
 9     0.907    -0.413     0.083
 2    97.167   -18.723    59.730
 2     0.522    -0.853     0.004
 2     0.852     0.521     0.034
 2    -0.031    -0.015     0.999
 3   123.729    -2.421     1.969
 3     0.468    -0.148    -0.871
 3     0.189     0.980    -0.065
 3     0.863    -0.135     0.486
 4   109.157    17.213    -8.057
 4     0.396    -0.882     0.254
 4     0.894     0.308    -0.325
 4     0.208     0.356     0.911
 5   111.860    20.474    22.667
 5     0.387    -0.092     0.917
 5     0.176    -0.969    -0.171
 5     0.905     0.228    -0.359
 6   129.450    24.060    47.779
 6     0.498    -0.758    -0.421
 6    -0.135     0.412    -0.901
 6     0.856     0.505     0.103
 7   112.458   -24.512    -7.799
 7     0.266     0.964    -0.006
 7    -0.909     0.253     0.330
 7     0.320    -0.082     0.944
 8   112.435   -24.904    22.575
 8     0.200    -0.086     0.976
 8    -0.129    -0.990    -0.061
 8     0.971    -0.114    -0.209
 9   127.469   -31.156    48.547
 9     0.418     0.861    -0.289
 9     0.048     0.296     0.954
 9     0.907    -0.413     0.082
 2    97.117   -18.723    59.730
 2     0.522    -0.853     0.003
 2     0.852     0.521     0.034
 2    -0.031    -0.015     0.999
 3   123.683    -2.367     2.014
 3     0.465    -0.149    -0.873
 3     0.191     0.979    -0.066
 3     0.864    -0.136     0.484
 4   109.057    17.163    -7.979
 4     0.392    -0.885     0.252
 4     0.896     0.305    -0.323
 4     0.208     0.352     0.912
 5   111.860    20.424    22.743
 5     0.387    -0.090     0.917
 5     0.176    -0.969    -0.170
 5     0.905     0.228    -0.359
 6   129.450    24.061    47.728
 6     0.500    -0.758    -0.420
 6    -0.135     0.410    -0.902
 6     0.856     0.507     0.103
 7   112.455   -24.564    -7.846
 7     0.265     0.964    -0.006
 7    -0.910     0.252     0.329
 7     0.319    -0.082     0.944
 8   112.484   -24.954    22.575
 8     0.200    -0.086     0.976
 8    -0.129    -0.990    -0.060
 8     0.971    -0.114    -0.209
 9   127.423   -31.155    48.564
 9     0.417     0.861    -0.291
 9     0.048     0.298     0.953
 9     0.908    -0.411     0.083
 2    97.116   -18.722    59.730
 2     0.521    -0.853     0.003
 2     0.853     0.521     0.034
 2    -0.031    -0.015     0.999
 3   123.738    -2.416     2.034
 3     0.463    -0.149    -0.874
 3     0.191     0.979    -0.066
 3     0.865    -0.137     0.482
 4   109.158    17.163    -8.055
 4     0.392    -0.885     0.250
 4     0.896     0.306    -0.322
 4     0.208     0.350     0.913
 5   111.809    20.475    22.691
 5     0.386    -0.090     0.918
 5     0.177    -0.969    -0.170
 5     0.905     0.228    -0.359
 6   129.420    24.058    47.784
 6     0.499    -0.758    -0.419
 6    -0.136     0.410    -0.902
 6     0.855     0.507     0.102
 7   112.669   -24.515    -7.789
 7     0.268     0.963    -0.014
 7    -0.910     0.258     0.324
 7     0.316    -0.074     0.946
 8   112.507   -25.007    22.576
 8     0.198    -0.082     0.977
 8    -0.129    -0.990    -0.057
 8     0.971    -0.115    -0.207
 9   127.472   -31.154    48.615
 9     0.415     0.861    -0.293
 9     0.050     0.300     0.952
 9     0.908    -0.410     0.082
 2    97.117   -18.773    59.730
 2     0.522    -0.853     0.003
 2     0.852     0.521     0.034
 2    -0.031    -0.015     0.999
 3   124.089    -2.278     2.008
 3     0.452    -0.145    -0.880
 3     0.194     0.979    -0.061
 3     0.870    -0.143     0.471
 4   109.452    17.210    -8.089
 4     0.393    -0.887     0.241
 4     0.896     0.312    -0.314
 4     0.204     0.340     0.918
 5   111.916    20.703    22.614
 5     0.384    -0.100     0.918
 5     0.175    -0.968    -0.179
 5     0.906     0.229    -0.354
