% Calibrated with leiden_pols
% Positions are in centimeters
Data =[
 2    97.217   -18.722    59.730
 2     0.522    -0.853     0.004
 2     0.852     0.521     0.034
 2    -0.031    -0.015     0.999
 3   123.740    -2.420     1.856
 3     0.467    -0.141    -0.873
 3     0.185     0.981    -0.059
 3     0.865    -0.134     0.484
 4   109.001    17.220    -7.901
 4     0.392    -0.885     0.250
 4     0.894     0.303    -0.330
 4     0.216     0.353     0.910
 5   111.720    20.395    22.878
 5     0.391    -0.083     0.917
 5     0.177    -0.970    -0.164
 5     0.903     0.227    -0.365
 6   129.480    24.057    47.800
 6     0.506    -0.757    -0.414
 6    -0.134     0.405    -0.904
 6     0.852     0.513     0.104
 7   111.942   -24.413    -7.546
 7     0.260     0.965     0.001
 7    -0.910     0.245     0.333
 7     0.322    -0.088     0.943
 8   112.195   -24.853    22.804
 8     0.207    -0.091     0.974
 8    -0.132    -0.989    -0.065
 8     0.969    -0.115    -0.217
 9   127.397   -31.087    48.602
 9     0.427     0.858    -0.286
 9     0.048     0.294     0.954
 9     0.903    -0.421     0.084
 2    97.167   -18.773    59.730
 2     0.522    -0.853     0.003
 2     0.852     0.521     0.034
 2    -0.031    -0.015     0.999
 3   123.724    -2.425     1.873
 3     0.471    -0.143    -0.870
 3     0.185     0.980    -0.061
 3     0.862    -0.132     0.489
 4   109.046    17.218    -7.948
 4     0.394    -0.883     0.253
 4     0.894     0.304    -0.330
 4     0.214     0.356     0.909
 5   111.796    20.421    22.752
 5     0.390    -0.086     0.917
 5     0.177    -0.970    -0.167
 5     0.903     0.227    -0.363
 6   129.440    24.085    47.738
 6     0.503    -0.758    -0.417
 6    -0.133     0.408    -0.903
 6     0.854     0.509     0.104
 7   112.238   -24.512    -7.723
 7     0.264     0.964    -0.001
 7    -0.909     0.250     0.333
 7     0.321    -0.087     0.943
 8   112.300   -24.854    22.664
 8     0.203    -0.088     0.975
 8    -0.130    -0.989    -0.062
 8     0.970    -0.115    -0.212
 9   127.363   -31.210    48.580
 9     0.421     0.860    -0.286
 9     0.047     0.294     0.954
 9     0.906    -0.416     0.083
 2    97.167   -18.723    59.730
 2     0.522    -0.853     0.003
 2     0.852     0.521     0.034
 2    -0.031    -0.015     0.999
 3   123.720    -2.375     1.879
 3     0.472    -0.145    -0.870
 3     0.186     0.980    -0.062
 3     0.861    -0.133     0.490
 4   109.159    17.264    -8.111
 4     0.397    -0.881     0.255
 4     0.893     0.308    -0.327
 4     0.209     0.357     0.910
 5   111.909    20.475    22.667
 5     0.386    -0.092     0.917
 5     0.176    -0.969    -0.171
 5     0.905     0.228    -0.359
 6   129.456    24.062    47.774
 6     0.497    -0.758    -0.422
 6    -0.134     0.414    -0.900
 6     0.857     0.504     0.104
 7   112.458   -24.512    -7.798
 7     0.266     0.964    -0.005
 7    -0.909     0.253     0.331
 7     0.320    -0.083     0.943
 8   112.434   -24.904    22.575
 8     0.201    -0.086     0.976
 8    -0.130    -0.990    -0.060
 8     0.971    -0.115    -0.210
 9   127.419   -31.259    48.496
 9     0.419     0.861    -0.287
 9     0.047     0.295     0.954
 9     0.907    -0.413     0.083
 2    97.117   -18.773    59.730
 2     0.522    -0.853     0.003
 2     0.852     0.521     0.034
 2    -0.031    -0.015     0.999
 3   123.724    -2.373     1.924
 3     0.471    -0.146    -0.870
 3     0.187     0.980    -0.063
 3     0.862    -0.133     0.489
 4   109.157    17.213    -8.108
 4     0.397    -0.882     0.255
 4     0.894     0.308    -0.326
 4     0.208     0.357     0.910
 5   111.860    20.474    22.616
 5     0.387    -0.092     0.917
 5     0.176    -0.969    -0.171
 5     0.905     0.228    -0.359
 6   129.455    24.062    47.773
 6     0.497    -0.758    -0.422
 6    -0.135     0.413    -0.901
 6     0.857     0.505     0.103
 7   112.458   -24.563    -7.849
 7     0.266     0.964    -0.005
 7    -0.909     0.253     0.330
 7     0.320    -0.083     0.944
 8   112.435   -24.904    22.575
 8     0.200    -0.086     0.976
 8    -0.129    -0.990    -0.061
 8     0.971    -0.114    -0.209
 9   127.419   -31.208    48.496
 9     0.418     0.861    -0.288
 9     0.047     0.295     0.954
 9     0.907    -0.413     0.083
 2    97.167   -18.723    59.730
 2     0.522    -0.853     0.004
 2     0.852     0.521     0.034
 2    -0.031    -0.015     0.999
 3   123.729    -2.421     1.969
 3     0.468    -0.148    -0.871
 3     0.189     0.980    -0.065
 3     0.863    -0.135     0.486
 4   109.157    17.213    -8.057
 4     0.396    -0.882     0.254
 4     0.894     0.308    -0.325
 4     0.208     0.356     0.911
 5   111.860    20.474    22.667
 5     0.387    -0.092     0.917
 5     0.176    -0.969    -0.171
 5     0.905     0.228    -0.359
 6   129.450    24.060    47.779
 6     0.498    -0.758    -0.421
 6    -0.135     0.412    -0.901
 6     0.856     0.505     0.103
 7   112.458   -24.512    -7.799
 7     0.266     0.964    -0.006
 7    -0.909     0.253     0.330
 7     0.320    -0.082     0.944
 8   112.435   -24.904    22.575
 8     0.200    -0.086     0.976
 8    -0.129    -0.990    -0.061
 8     0.971    -0.114    -0.209
 9   127.469   -31.156    48.547
 9     0.418     0.861    -0.289
 9     0.048     0.296     0.954
 9     0.907    -0.413     0.082
 2    97.117   -18.723    59.730
 2     0.522    -0.853     0.003
 2     0.852     0.521     0.034
 2    -0.031    -0.015     0.999
 3   123.683    -2.367     2.014
 3     0.465    -0.149    -0.873
 3     0.191     0.979    -0.066
 3     0.864    -0.136     0.484
 4   109.057    17.163    -7.979
 4     0.392    -0.885     0.252
 4     0.896     0.305    -0.323
 4     0.208     0.352     0.912
 5   111.860    20.424    22.743
 5     0.387    -0.090     0.917
 5     0.176    -0.969    -0.170
 5     0.905     0.228    -0.359
 6   129.450    24.061    47.728
 6     0.500    -0.758    -0.420
 6    -0.135     0.410    -0.902
 6     0.856     0.507     0.103
 7   112.455   -24.564    -7.846
 7     0.265     0.964    -0.006
 7    -0.910     0.252     0.329
 7     0.319    -0.082     0.944
 8   112.484   -24.954    22.575
 8     0.200    -0.086     0.976
 8    -0.129    -0.990    -0.060
 8     0.971    -0.114    -0.209
 9   127.423   -31.155    48.564
 9     0.417     0.861    -0.291
 9     0.048     0.298     0.953
 9     0.908    -0.411     0.083
 2    97.116   -18.722    59.730
 2     0.521    -0.853     0.003
 2     0.853     0.521     0.034
 2    -0.031    -0.015     0.999
 3   123.738    -2.416     2.034
 3     0.463    -0.149    -0.874
 3     0.191     0.979    -0.066
 3     0.865    -0.137     0.482
 4   109.158    17.163    -8.055
 4     0.392    -0.885     0.250
 4     0.896     0.306    -0.322
 4     0.208     0.350     0.913
 5   111.809    20.475    22.691
 5     0.386    -0.090     0.918
 5     0.177    -0.969    -0.170
 5     0.905     0.228    -0.359
 6   129.420    24.058    47.784
 6     0.499    -0.758    -0.419
 6    -0.136     0.410    -0.902
 6     0.855     0.507     0.102
 7   112.669   -24.515    -7.789
 7     0.268     0.963    -0.014
 7    -0.910     0.258     0.324
 7     0.316    -0.074     0.946
 8   112.507   -25.007    22.576
 8     0.198    -0.082     0.977
 8    -0.129    -0.990    -0.057
 8     0.971    -0.115    -0.207
 9   127.472   -31.154    48.615
 9     0.415     0.861    -0.293
 9     0.050     0.300     0.952
 9     0.908    -0.410     0.082
 2    97.117   -18.773    59.730
 2     0.522    -0.853     0.003
 2     0.852     0.521     0.034
 2    -0.031    -0.015     0.999
 3   124.089    -2.278     2.008
 3     0.452    -0.145    -0.880
 3     0.194     0.979    -0.061
 3     0.870    -0.143     0.471
 4   109.452    17.210    -8.089
 4     0.393    -0.887     0.241
 4     0.896     0.312    -0.314
 4     0.204     0.340     0.918
 5   111.916    20.703    22.614
 5     0.384    -0.100     0.918
 5     0.175    -0.968    -0.179
 5     0.906     0.229    -0.354
 6   129.445    24.057    47.732
 6     0.499    -0.757    -0.421
 6    -0.138     0.411    -0.901
 6     0.855     0.508     0.100
 7   112.835   -24.417    -7.780
 7     0.268     0.963    -0.019
 7    -0.911     0.260     0.320
 7     0.313    -0.069     0.947
 8   112.656   -24.957    22.577
 8     0.198    -0.078     0.977
 8    -0.129    -0.990    -0.053
 8     0.971    -0.115    -0.206
 9   127.528   -31.203    48.556
 9     0.413     0.862    -0.295
 9     0.049     0.302     0.952
 9     0.909    -0.408     0.082
 2    97.117   -18.773    59.730
 2     0.522    -0.853     0.004
 2     0.852     0.521     0.034
 2    -0.031    -0.015     0.999
 3   124.459    -2.222     1.984
 3     0.446    -0.143    -0.883
 3     0.191     0.979    -0.062
 3     0.874    -0.142     0.464
 4   110.097    17.320    -8.229
 4     0.388    -0.894     0.224
 4     0.897     0.310    -0.314
 4     0.211     0.323     0.922
 5   111.985    20.762    22.548
 5     0.376    -0.101     0.921
 5     0.177    -0.968    -0.179
 5     0.909     0.230    -0.346
 6   129.424    24.058    47.776
 6     0.498    -0.758    -0.421
 6    -0.140     0.409    -0.902
 6     0.856     0.508     0.097
 7   113.828   -24.287    -7.953
 7     0.271     0.961    -0.051
 7    -0.909     0.273     0.315
 7     0.316    -0.039     0.948
 8   112.839   -24.969    22.454
 8     0.189    -0.072     0.979
 8    -0.132    -0.990    -0.047
 8     0.973    -0.121    -0.197
 9   127.458   -31.198    48.681
 9     0.405     0.871    -0.278
 9     0.046     0.284     0.958
 9     0.913    -0.401     0.074
 2    97.117   -18.773    59.730
 2     0.522    -0.853     0.003
 2     0.852     0.521     0.034
 2    -0.031    -0.015     0.999
 3   125.228    -2.072     2.436
 3     0.396    -0.138    -0.908
 3     0.198     0.978    -0.062
 3     0.896    -0.156     0.415
 4   111.599    17.331    -8.400
 4     0.393    -0.903     0.171
 4     0.891     0.329    -0.312
 4     0.225     0.275     0.934
 5   111.953    21.300    22.094
 5     0.313    -0.135     0.940
 5     0.190    -0.961    -0.201
 5     0.930     0.241    -0.276
 6   129.256    24.058    47.939
 6     0.492    -0.761    -0.422
 6    -0.144     0.407    -0.902
 6     0.858     0.505     0.090
 7   115.575   -24.104    -7.845
 7     0.268     0.957    -0.109
 7    -0.907     0.289     0.307
 7     0.325     0.016     0.945
 8   113.152   -24.914    22.209
 8     0.160    -0.087     0.983
 8    -0.144    -0.987    -0.064
 8     0.976    -0.131    -0.170
 9   126.841   -31.859    48.895
 9     0.379     0.898    -0.223
 9     0.016     0.234     0.972
 9     0.925    -0.373     0.075
 2    97.117   -18.773    59.730
 2     0.522    -0.853     0.004
 2     0.852     0.521     0.034
 2    -0.031    -0.015     0.999
 3   126.918    -1.876     2.946
 3     0.325    -0.118    -0.938
 3     0.203     0.977    -0.053
 3     0.923    -0.173     0.342
 4   114.504    17.260    -8.539
 4     0.392    -0.916     0.089
 4     0.883     0.347    -0.316
 4     0.258     0.202     0.944
 5   112.359    21.662    21.515
 5     0.227    -0.139     0.964
 5     0.210    -0.960    -0.187
 5     0.951     0.245    -0.189
 6   127.473    24.782    48.956
 6     0.415    -0.801    -0.432
 6    -0.127     0.419    -0.899
 6     0.901     0.428     0.072
 7   118.576   -24.025    -7.879
 7     0.247     0.951    -0.184
 7    -0.908     0.294     0.299
 7     0.339     0.093     0.936
 8   113.889   -25.618    21.689
 8     0.078    -0.117     0.990
 8    -0.187    -0.977    -0.101
 8     0.979    -0.177    -0.098
 9   125.605   -34.289    48.694
 9     0.301     0.930    -0.209
 9    -0.047     0.233     0.971
 9     0.952    -0.283     0.113
 2    97.117   -18.723    59.730
 2     0.522    -0.853     0.004
 2     0.852     0.521     0.034
 2    -0.031    -0.015     0.999
 3   129.439    -1.847     3.432
 3     0.246    -0.100    -0.964
 3     0.204     0.977    -0.050
 3     0.947    -0.185     0.261
 4   117.920    17.176    -8.497
 4     0.368    -0.930     0.004
 4     0.881     0.347    -0.322
 4     0.298     0.122     0.946
 5   112.741    22.122    20.601
 5     0.113    -0.126     0.985
 5     0.252    -0.956    -0.151
 5     0.961     0.265    -0.076
 6   125.517    26.659    49.205
 6     0.308    -0.828    -0.468
 6    -0.078     0.468    -0.880
 6     0.948     0.308     0.079
 7   121.975   -23.959    -7.969
 7     0.230     0.938    -0.259
 7    -0.903     0.305     0.302
 7     0.362     0.164     0.917
 8   114.050   -26.696    20.860
 8    -0.034    -0.114     0.993
 8    -0.225    -0.967    -0.119
 8     0.974    -0.227     0.007
 9   123.444   -36.261    48.242
 9     0.186     0.945    -0.268
 9    -0.088     0.287     0.954
 9     0.979    -0.154     0.136
 2    97.117   -18.773    59.730
 2     0.522    -0.853     0.004
 2     0.852     0.521     0.034
 2    -0.031    -0.015     0.999
 3   131.380    -1.788     4.028
 3     0.190    -0.090    -0.978
 3     0.201     0.978    -0.051
 3     0.961    -0.187     0.203
 4   120.611    17.212    -8.455
 4     0.351    -0.935    -0.040
 4     0.875     0.343    -0.340
 4     0.332     0.084     0.939
 5   112.385    23.126    19.789
 5    -0.010    -0.130     0.991
 5     0.304    -0.945    -0.121
 5     0.953     0.300     0.049
 6   122.867    29.286    48.859
 6     0.197    -0.842    -0.502
 6    -0.024     0.507    -0.861
 6     0.980     0.181     0.080
 7   123.630   -23.854    -7.651
 7     0.201     0.932    -0.301
 7    -0.902     0.296     0.313
 7     0.381     0.208     0.901
 8   113.203   -27.198    20.333
 8    -0.134    -0.121     0.983
 8    -0.249    -0.957    -0.151
 8     0.959    -0.265     0.098
 9   120.264   -38.166    47.627
 9     0.097     0.956    -0.278
 9    -0.125     0.289     0.949
 9     0.987    -0.057     0.147
 2    97.117   -18.773    59.730
 2     0.522    -0.853     0.003
 2     0.852     0.521     0.034
 2    -0.031    -0.015     0.999
 3   132.045    -1.791     4.355
 3     0.168    -0.074    -0.983
 3     0.199     0.979    -0.040
 3     0.965    -0.190     0.179
 4   121.391    17.295    -8.480
 4     0.339    -0.939    -0.053
 4     0.879     0.336    -0.337
 4     0.334     0.068     0.940
 5   110.480    24.321    18.362
 5    -0.104    -0.160     0.981
 5     0.357    -0.927    -0.113
 5     0.928     0.338     0.153
 6   119.014    32.637    47.471
 6     0.100    -0.848    -0.521
 6     0.031     0.526    -0.850
 6     0.994     0.069     0.079
 7   123.824   -23.861    -7.494
 7     0.172     0.936    -0.308
 7    -0.905     0.274     0.326
 7     0.390     0.223     0.893
 8   111.124   -27.648    19.625
 8    -0.222    -0.150     0.963
 8    -0.283    -0.935    -0.211
 8     0.933    -0.320     0.165
 9   115.761   -40.245    46.538
 9     0.015     0.964    -0.265
 9    -0.171     0.263     0.949
 9     0.985     0.031     0.168
 2    97.114   -18.774    59.733
 2     0.522    -0.853     0.004
 2     0.852     0.521     0.035
 2    -0.032    -0.015     0.999
 3   132.117    -1.600     4.570
 3     0.156    -0.060    -0.986
 3     0.201     0.979    -0.028
 3     0.967    -0.194     0.165
 4   121.209    17.338    -8.777
 4     0.309    -0.950    -0.045
 4     0.897     0.306    -0.317
 4     0.315     0.057     0.947
 5   107.944    25.323    16.472
 5    -0.199    -0.179     0.963
 5     0.407    -0.909    -0.085
 5     0.891     0.375     0.254
 6   114.325    35.755    45.755
 6     0.013    -0.854    -0.521
 6     0.081     0.520    -0.850
 6     0.996    -0.031     0.076
 7   123.831   -23.925    -7.497
 7     0.139     0.939    -0.314
 7    -0.908     0.247     0.337
 7     0.394     0.238     0.887
 8   108.844   -28.433    18.216
 8    -0.314    -0.157     0.936
 8    -0.322    -0.910    -0.261
 8     0.893    -0.383     0.235
 9   110.918   -42.743    44.498
 9    -0.074     0.960    -0.270
 9    -0.222     0.248     0.943
 9     0.972     0.129     0.194
 2    97.165   -18.723    59.733
 2     0.522    -0.853     0.004
 2     0.852     0.521     0.035
 2    -0.032    -0.015     0.999
 3   132.080    -1.645     4.742
 3     0.150    -0.049    -0.987
 3     0.201     0.979    -0.018
 3     0.968    -0.196     0.157
 4   121.349    17.110    -9.148
 4     0.277    -0.960    -0.045
 4     0.911     0.277    -0.304
 4     0.304     0.043     0.951
 5   105.662    26.159    13.942
 5    -0.301    -0.219     0.928
 5     0.451    -0.890    -0.063
 5     0.840     0.400     0.366
 6   109.149    38.182    43.530
 6    -0.092    -0.840    -0.535
 6     0.117     0.525    -0.843
 6     0.989    -0.140     0.051
 7   124.089   -23.871    -7.653
 7     0.104     0.940    -0.325
 7    -0.915     0.218     0.339
 7     0.390     0.262     0.883
 8   106.706   -29.147    16.078
 8    -0.415    -0.127     0.901
 8    -0.357    -0.888    -0.289
 8     0.837    -0.442     0.323
 9   106.069   -44.878    41.895
 9    -0.179     0.938    -0.296
 9    -0.260     0.245     0.934
 9     0.949     0.244     0.199
 2    97.165   -18.723    59.733
 2     0.522    -0.853     0.004
 2     0.852     0.521     0.035
 2    -0.032    -0.015     0.999
 3   132.320    -1.634     4.919
 3     0.139    -0.034    -0.990
 3     0.201     0.979    -0.006
 3     0.969    -0.199     0.143
 4   121.806    16.930    -9.681
 4     0.243    -0.969    -0.052
 4     0.925     0.248    -0.286
 4     0.289     0.021     0.957
 5   103.899    26.560    11.253
 5    -0.400    -0.251     0.882
 5     0.486    -0.874    -0.028
 5     0.777     0.417     0.471
 6   104.383    40.064    40.491
 6    -0.195    -0.823    -0.533
 6     0.153     0.511    -0.846
 6     0.969    -0.246     0.026
 7   124.517   -23.855    -8.047
 7     0.065     0.940    -0.336
 7    -0.925     0.183     0.332
 7     0.374     0.289     0.881
 8   104.877   -29.634    13.319
 8    -0.517    -0.078     0.852
 8    -0.383    -0.870    -0.311
 8     0.766    -0.487     0.420
 9   101.081   -46.479    38.296
 9    -0.289     0.899    -0.328
 9    -0.291     0.243     0.925
 9     0.912     0.363     0.191
 2    97.116   -18.722    59.730
 2     0.521    -0.853     0.004
 2     0.853     0.521     0.034
 2    -0.031    -0.015     0.999
 3   132.641    -1.569     5.033
 3     0.126    -0.023    -0.992
 3     0.202     0.979     0.003
 3     0.971    -0.201     0.128
 4   122.275    16.718   -10.198
 4     0.213    -0.975    -0.059
 4     0.939     0.221    -0.262
 4     0.268     0.000     0.963
 5   102.658    26.839     8.347
 5    -0.482    -0.279     0.831
 5     0.514    -0.857     0.011
 5     0.709     0.432     0.557
 6   100.186    41.832    36.814
 6    -0.291    -0.797    -0.529
 6     0.190     0.493    -0.849
 6     0.938    -0.348     0.008
 7   124.848   -23.620    -8.361
 7     0.023     0.936    -0.350
 7    -0.937     0.142     0.319
 7     0.349     0.320     0.880
 8   103.260   -29.910    10.707
 8    -0.610    -0.032     0.792
 8    -0.400    -0.850    -0.342
 8     0.684    -0.525     0.506
 9    96.474   -47.799    34.334
 9    -0.394     0.849    -0.351
 9    -0.322     0.231     0.918
 9     0.861     0.475     0.182
 2    97.116   -18.722    59.730
 2     0.521    -0.853     0.003
 2     0.853     0.521     0.034
 2    -0.031    -0.015     0.999
 3   132.789    -1.551     5.250
 3     0.109    -0.011    -0.994
 3     0.201     0.979     0.011
 3     0.973    -0.201     0.109
 4   122.736    16.372   -10.645
 4     0.194    -0.978    -0.071
 4     0.951     0.205    -0.232
 4     0.241    -0.023     0.970
 5   101.785    27.170     5.864
 5    -0.543    -0.308     0.781
 5     0.547    -0.836     0.051
 5     0.637     0.454     0.622
 6    97.201    43.778    33.101
 6    -0.364    -0.769    -0.526
 6     0.235     0.470    -0.850
 6     0.901    -0.433     0.009
 7   124.856   -23.588    -8.573
 7    -0.018     0.933    -0.359
 7    -0.946     0.100     0.309
 7     0.324     0.345     0.880
 8   101.964   -30.135     8.372
 8    -0.680     0.007     0.733
 8    -0.416    -0.826    -0.379
 8     0.603    -0.563     0.565
 9    92.832   -48.879    30.319
 9    -0.476     0.797    -0.370
 9    -0.358     0.209     0.910
 9     0.803     0.566     0.186
 2    97.116   -18.722    59.730
 2     0.521    -0.853     0.003
 2     0.853     0.521     0.034
 2    -0.031    -0.015     0.999
 3   132.863    -1.636     5.186
 3     0.095     0.001    -0.995
 3     0.202     0.979     0.020
 3     0.975    -0.203     0.093
 4   123.063    15.995   -10.952
 4     0.182    -0.980    -0.083
 4     0.961     0.195    -0.197
 4     0.209    -0.044     0.977
 5   101.389    27.583     3.544
 5    -0.584    -0.337     0.738
 5     0.580    -0.809     0.090
 5     0.567     0.481     0.668
 6    95.235    45.731    29.354
 6    -0.416    -0.741    -0.527
 6     0.283     0.446    -0.849
 6     0.864    -0.503     0.024
 7   124.970   -23.445    -8.793
 7    -0.044     0.929    -0.367
 7    -0.953     0.071     0.295
 7     0.300     0.363     0.882
 8   101.239   -30.262     6.173
 8    -0.730     0.043     0.682
 8    -0.430    -0.805    -0.410
 8     0.531    -0.592     0.606
 9    90.194   -49.832    26.675
 9    -0.539     0.750    -0.383
 9    -0.385     0.185     0.904
 9     0.749     0.634     0.190
 2    97.118   -18.721    59.727
 2     0.521    -0.853     0.003
 2     0.853     0.521     0.033
 2    -0.030    -0.015     0.999
 3   132.923    -1.618     5.190
 3     0.077     0.007    -0.997
 3     0.203     0.979     0.022
 3     0.976    -0.205     0.074
 4   123.281    15.563   -11.428
 4     0.171    -0.981    -0.091
 4     0.970     0.184    -0.160
 4     0.173    -0.061     0.983
 5   100.937    27.698     1.295
 5    -0.616    -0.355     0.703
 5     0.609    -0.781     0.139
 5     0.499     0.514     0.697
 6    93.580    47.484    25.558
 6    -0.457    -0.721    -0.521
 6     0.333     0.405    -0.852
 6     0.825    -0.562     0.055
 7   125.111   -23.085    -9.185
 7    -0.073     0.923    -0.376
 7    -0.961     0.036     0.274
 7     0.266     0.381     0.885
 8   100.570   -29.828     4.249
 8    -0.775     0.064     0.629
 8    -0.428    -0.786    -0.447
 8     0.465    -0.615     0.636
 9    87.636   -49.793    23.206
 9    -0.596     0.704    -0.385
 9    -0.399     0.156     0.903
 9     0.697     0.692     0.188
 2    97.169   -18.721    59.727
 2     0.521    -0.853     0.003
 2     0.853     0.521     0.033
 2    -0.030    -0.015     0.999
 3   132.994    -1.657     5.204
 3     0.063     0.007    -0.998
 3     0.205     0.978     0.020
 3     0.976    -0.206     0.061
 4   123.441    15.052   -11.843
 4     0.160    -0.982    -0.099
 4     0.978     0.171    -0.119
 4     0.133    -0.078     0.988
 5   100.716    27.597    -0.688
 5    -0.643    -0.365     0.673
 5     0.627    -0.756     0.188
 5     0.440     0.543     0.715
 6    92.169    48.582    21.952
 6    -0.494    -0.699    -0.517
 6     0.372     0.368    -0.852
 6     0.786    -0.613     0.078
 7   124.991   -22.858    -9.530
 7    -0.107     0.918    -0.382
 7    -0.968    -0.009     0.250
 7     0.226     0.396     0.889
 8    99.902   -29.184     2.427
 8    -0.813     0.075     0.577
 8    -0.419    -0.763    -0.492
 8     0.404    -0.642     0.652
 9    85.269   -49.471    19.858
 9    -0.647     0.663    -0.378
 9    -0.408     0.118     0.905
 9     0.644     0.739     0.194
 2    97.169   -18.721    59.727
 2     0.521    -0.853     0.003
 2     0.853     0.521     0.032
 2    -0.030    -0.015     0.999
 3   133.044    -1.602     5.031
 3     0.060     0.007    -0.998
 3     0.209     0.978     0.019
 3     0.976    -0.210     0.057
 4   123.576    14.591   -12.490
 4     0.150    -0.983    -0.106
 4     0.984     0.159    -0.078
 4     0.093    -0.092     0.991
 5   100.577    27.304    -2.377
 5    -0.666    -0.369     0.649
 5     0.635    -0.736     0.233
 5     0.391     0.567     0.724
 6    91.042    49.234    18.910
 6    -0.522    -0.687    -0.506
 6     0.399     0.328    -0.856
 6     0.754    -0.649     0.103
 7   124.917   -22.519    -9.729
 7    -0.134     0.911    -0.391
 7    -0.972    -0.043     0.232
 7     0.195     0.410     0.891
 8    99.406   -28.805     0.869
 8    -0.839     0.090     0.536
 8    -0.415    -0.744    -0.524
 8     0.351    -0.662     0.662
 9    83.554   -49.434    16.700
 9    -0.684     0.625    -0.376
 9    -0.421     0.084     0.903
 9     0.596     0.776     0.206
 2    97.171   -18.771    59.724
 2     0.521    -0.853     0.003
 2     0.853     0.521     0.032
 2    -0.029    -0.015     0.999
 3   133.034    -1.653     4.921
 3     0.058     0.011    -0.998
 3     0.213     0.976     0.024
 3     0.975    -0.214     0.054
 4   123.739    14.113   -12.887
 4     0.144    -0.983    -0.115
 4     0.987     0.150    -0.048
 4     0.064    -0.107     0.992
 5   100.522    26.818    -3.770
 5    -0.683    -0.372     0.628
 5     0.639    -0.721     0.267
 5     0.353     0.584     0.730
 6    90.238    49.385    16.439
 6    -0.547    -0.669    -0.503
 6     0.418     0.301    -0.857
 6     0.725    -0.679     0.115
 7   124.872   -22.490    -9.820
 7    -0.144     0.907    -0.396
 7    -0.974    -0.059     0.219
 7     0.176     0.417     0.891
 8    99.146   -28.748    -0.436
 8    -0.858     0.112     0.501
 8    -0.414    -0.727    -0.547
 8     0.303    -0.677     0.671
 9    82.326   -49.641    14.099
 9    -0.713     0.588    -0.382
 9    -0.432     0.060     0.900
 9     0.552     0.807     0.211
 2    97.171   -18.721    59.724
 2     0.521    -0.853     0.003
 2     0.853     0.521     0.032
 2    -0.029    -0.015     0.999
 3   133.124    -1.830     4.762
 3     0.056     0.017    -0.998
 3     0.220     0.975     0.029
 3     0.974    -0.221     0.051
 4   123.970    13.742   -13.079
 4     0.141    -0.982    -0.123
 4     0.989     0.146    -0.026
 4     0.043    -0.118     0.992
 5   100.562    26.614    -4.772
 5    -0.695    -0.382     0.610
 5     0.644    -0.708     0.290
 5     0.321     0.594     0.737
 6    89.746    49.715    14.489
 6    -0.567    -0.651    -0.505
 6     0.436     0.283    -0.854
 6     0.698    -0.705     0.123
 7   124.863   -22.457    -9.852
 7    -0.154     0.902    -0.404
 7    -0.974    -0.071     0.212
 7     0.162     0.426     0.890
 8    99.048   -28.701    -1.087
 8    -0.870     0.128     0.477
 8    -0.413    -0.718    -0.560
 8     0.271    -0.684     0.677
 9    81.616   -49.678    12.660
 9    -0.732     0.562    -0.386
 9    -0.438     0.046     0.898
 9     0.522     0.826     0.212
 2    97.171   -18.721    59.724
 2     0.521    -0.854     0.003
 2     0.853     0.521     0.032
 2    -0.029    -0.015     0.999
 3   133.116    -1.908     4.726
 3     0.056     0.023    -0.998
 3     0.223     0.974     0.035
 3     0.973    -0.225     0.049
 4   124.197    13.504   -13.221
 4     0.143    -0.981    -0.128
 4     0.989     0.146    -0.012
 4     0.031    -0.125     0.991
 5   100.606    26.519    -5.320
 5    -0.699    -0.390     0.599
 5     0.649    -0.698     0.303
 5     0.299     0.601     0.741
 6    89.597    49.954    13.350
 6    -0.575    -0.641    -0.507
 6     0.450     0.270    -0.851
 6     0.683    -0.718     0.133
 7   124.850   -22.566    -9.886
 7    -0.160     0.899    -0.407
 7    -0.974    -0.079     0.210
 7     0.157     0.430     0.889
 8    98.852   -28.494    -1.542
 8    -0.878     0.133     0.459
 8    -0.408    -0.710    -0.574
 8     0.249    -0.691     0.678
 9    80.987   -49.503    11.620
 9    -0.746     0.546    -0.382
 9    -0.437     0.032     0.899
 9     0.502     0.837     0.214
 2    97.171   -18.721    59.724
 2     0.521    -0.853     0.002
 2     0.853     0.521     0.032
 2    -0.029    -0.015     0.999
 3   133.117    -2.009     4.727
 3     0.056     0.027    -0.998
 3     0.225     0.973     0.039
 3     0.973    -0.227     0.048
 4   124.277    13.369   -13.293
 4     0.144    -0.981    -0.132
 4     0.989     0.145    -0.002
 4     0.021    -0.130     0.991
 5   100.689    26.379    -5.911
 5    -0.705    -0.395     0.589
 5     0.650    -0.692     0.314
 5     0.283     0.604     0.744
 6    89.246    49.992    12.316
 6    -0.587    -0.633    -0.504
 6     0.456     0.256    -0.852
 6     0.668    -0.731     0.138
 7   124.808   -22.474    -9.863
 7    -0.165     0.897    -0.410
 7    -0.975    -0.084     0.206
 7     0.150     0.434     0.888
 8    98.692   -28.335    -1.893
 8    -0.886     0.137     0.443
 8    -0.400    -0.709    -0.580
 8     0.234    -0.692     0.683
 9    80.525   -49.219    10.905
 9    -0.756     0.531    -0.382
 9    -0.434     0.030     0.900
 9     0.489     0.847     0.207
 2    97.171   -18.721    59.724
 2     0.521    -0.853     0.002
 2     0.853     0.521     0.032
 2    -0.029    -0.015     0.999
 3   133.108    -2.062     4.690
 3     0.057     0.028    -0.998
 3     0.226     0.973     0.041
 3     0.972    -0.228     0.048
 4   124.288    13.237   -13.400
 4     0.145    -0.980    -0.133
 4     0.989     0.145     0.005
 4     0.014    -0.132     0.991
 5   100.618    26.271    -6.117
 5    -0.708    -0.397     0.584
 5     0.651    -0.689     0.320
 5     0.275     0.606     0.746
 6    89.157    50.039    11.974
 6    -0.590    -0.631    -0.504
 6     0.459     0.251    -0.852
 6     0.664    -0.734     0.141
 7   124.749   -22.428    -9.901
 7    -0.167     0.895    -0.412
 7    -0.975    -0.089     0.204
 7     0.146     0.436     0.888
 8    98.676   -28.292    -2.046
 8    -0.889     0.141     0.437
 8    -0.398    -0.708    -0.583
 8     0.227    -0.692     0.685
 9    80.380   -49.227    10.625
 9    -0.760     0.524    -0.384
 9    -0.435     0.028     0.900
 9     0.482     0.851     0.207
 2    97.123   -18.770    59.721
 2     0.521    -0.853     0.002
 2     0.853     0.521     0.032
 2    -0.028    -0.015     0.999
 3   133.159    -2.087     4.664
 3     0.057     0.031    -0.998
 3     0.226     0.973     0.043
 3     0.972    -0.229     0.048
 4   124.332    13.133   -13.391
 4     0.145    -0.980    -0.134
 4     0.989     0.145     0.008
 4     0.011    -0.134     0.991
 5   100.610    26.218    -6.134
 5    -0.709    -0.398     0.582
 5     0.651    -0.688     0.322
 5     0.272     0.607     0.746
 6    89.046    50.037    11.781
 6    -0.592    -0.631    -0.502
 6     0.461     0.246    -0.852
 6     0.661    -0.736     0.145
 7   124.746   -22.480    -9.898
 7    -0.168     0.895    -0.413
 7    -0.975    -0.089     0.203
 7     0.145     0.437     0.887
 8    98.726   -28.468    -1.903
 8    -0.887     0.144     0.439
 8    -0.401    -0.712    -0.576
 8     0.229    -0.687     0.689
 9    80.769   -49.494    11.177
 9    -0.754     0.527    -0.392
 9    -0.438     0.041     0.898
 9     0.489     0.849     0.199
 2    97.173   -18.770    59.721
 2     0.521    -0.854     0.002
 2     0.853     0.521     0.032
 2    -0.028    -0.015     0.999
 3   133.158    -2.086     4.691
 3     0.056     0.031    -0.998
 3     0.227     0.973     0.044
 3     0.972    -0.230     0.047
 4   124.281    13.081   -13.439
 4     0.146    -0.980    -0.134
 4     0.989     0.146     0.010
 4     0.010    -0.134     0.991
 5   100.544    26.171    -6.069
 5    -0.710    -0.394     0.584
 5     0.648    -0.690     0.322
 5     0.276     0.607     0.745
 6    89.012    49.864    12.119
 6    -0.590    -0.634    -0.499
 6     0.456     0.248    -0.855
 6     0.666    -0.732     0.143
 7   124.800   -22.527    -9.907
 7    -0.164     0.895    -0.414
 7    -0.975    -0.084     0.204
 7     0.147     0.437     0.887
 8    98.882   -28.731    -1.479
 8    -0.880     0.142     0.452
 8    -0.405    -0.721    -0.562
 8     0.245    -0.678     0.692
 9    81.263   -49.599    12.077
 9    -0.743     0.540    -0.395
 9    -0.437     0.055     0.898
 9     0.506     0.840     0.194
 2    97.173   -18.770    59.721
 2     0.521    -0.853     0.002
 2     0.853     0.521     0.032
 2    -0.028    -0.015     0.999
 3   133.158    -2.137     4.691
 3     0.056     0.033    -0.998
 3     0.228     0.972     0.045
 3     0.972    -0.231     0.047
 4   124.198    13.003   -13.380
 4     0.145    -0.981    -0.132
 4     0.989     0.144     0.012
 4     0.007    -0.132     0.991
 5   100.409    26.101    -5.858
 5    -0.709    -0.390     0.588
 5     0.646    -0.693     0.320
 5     0.282     0.607     0.742
 6    89.026    49.766    12.408
 6    -0.587    -0.638    -0.499
 6     0.454     0.251    -0.855
 6     0.670    -0.728     0.142
 7   124.812   -22.647    -9.873
 7    -0.160     0.897    -0.413
 7    -0.975    -0.079     0.206
 7     0.152     0.435     0.887
 8    98.860   -28.846    -1.170
 8    -0.876     0.139     0.462
 8    -0.408    -0.725    -0.554
 8     0.258    -0.674     0.692
 9    81.471   -49.710    12.743
 9    -0.735     0.549    -0.397
 9    -0.437     0.063     0.897
 9     0.518     0.833     0.193
 2    97.122   -18.770    59.772
 2     0.521    -0.853     0.002
 2     0.853     0.521     0.032
 2    -0.028    -0.015     0.999
 3   133.099    -2.089     4.704
 3     0.057     0.034    -0.998
 3     0.229     0.972     0.046
 3     0.971    -0.231     0.047
 4   124.019    13.002   -13.380
 4     0.145    -0.981    -0.126
 4     0.989     0.144     0.012
 4     0.006    -0.127     0.992
 5   100.447    26.289    -5.366
 5    -0.701    -0.387     0.599
 5     0.648    -0.695     0.310
 5     0.296     0.606     0.738
 6    89.391    49.877    13.249
 6    -0.575    -0.646    -0.502
 6     0.452     0.261    -0.853
 6     0.682    -0.718     0.142
 7   124.676   -22.638    -9.766
 7    -0.153     0.899    -0.411
 7    -0.975    -0.071     0.208
 7     0.158     0.432     0.887
 8    98.852   -29.080    -0.607
 8    -0.867     0.135     0.479
 8    -0.413    -0.733    -0.540
 8     0.278    -0.666     0.691
 9    82.111   -49.956    14.099
 9    -0.719     0.569    -0.399
 9    -0.436     0.079     0.896
 9     0.542     0.818     0.191
 2    97.123   -18.770    59.721
 2     0.521    -0.853     0.002
 2     0.853     0.521     0.032
 2    -0.028    -0.015     0.999
 3   133.109    -2.138     4.690
 3     0.057     0.035    -0.998
 3     0.228     0.972     0.047
 3     0.972    -0.231     0.048
 4   123.674    13.231   -13.396
 4     0.149    -0.982    -0.113
 4     0.989     0.149     0.007
 4     0.010    -0.113     0.993
 5   100.444    26.615    -4.606
 5    -0.687    -0.382     0.619
 5     0.651    -0.701     0.290
 5     0.323     0.602     0.730
 6    90.164    49.971    14.868
 6    -0.554    -0.657    -0.510
 6     0.445     0.284    -0.849
 6     0.703    -0.698     0.135
 7   124.474   -22.625    -9.695
 7    -0.141     0.904    -0.403
 7    -0.976    -0.058     0.211
 7     0.167     0.423     0.890
 8    98.930   -29.499     0.331
 8    -0.850     0.128     0.510
 8    -0.423    -0.743    -0.518
 8     0.313    -0.656     0.686
 9    83.363   -50.332    16.037
 9    -0.688     0.600    -0.408
 9    -0.439     0.104     0.892
 9     0.578     0.793     0.191
 2    97.121   -18.721    59.724
 2     0.521    -0.853     0.002
 2     0.853     0.521     0.032
 2    -0.029    -0.015     0.999
 3   132.961    -2.090     4.738
 3     0.060     0.034    -0.998
 3     0.224     0.973     0.047
 3     0.972    -0.227     0.050
 4   123.373    13.314   -13.309
 4     0.160    -0.982    -0.097
 4     0.987     0.162    -0.007
 4     0.022    -0.095     0.995
 5   100.496    27.049    -3.318
 5    -0.665    -0.375     0.645
 5     0.654    -0.710     0.261
 5     0.360     0.596     0.718
 6    91.218    50.098    16.982
 6    -0.523    -0.676    -0.518
 6     0.436     0.310    -0.845
 6     0.732    -0.668     0.132
 7   124.178   -22.723    -9.688
 7    -0.121     0.913    -0.388
 7    -0.975    -0.035     0.220
 7     0.188     0.405     0.895
 8    99.196   -29.976     1.691
 8    -0.823     0.118     0.556
 8    -0.437    -0.757    -0.485
 8     0.364    -0.642     0.674
 9    85.161   -50.787    18.828
 9    -0.643     0.642    -0.417
 9    -0.438     0.138     0.888
 9     0.628     0.754     0.192
 2    97.121   -18.771    59.724
 2     0.521    -0.853     0.002
 2     0.853     0.521     0.032
 2    -0.029    -0.015     0.999
 3   132.621    -2.069     4.817
 3     0.066     0.030    -0.997
 3     0.219     0.974     0.044
 3     0.973    -0.221     0.058
 4   122.818    13.683   -13.074
 4     0.174    -0.982    -0.076
 4     0.984     0.176    -0.031
 4     0.044    -0.069     0.996
 5   100.524    27.501    -1.557
 5    -0.634    -0.360     0.684
 5     0.651    -0.725     0.222
 5     0.416     0.586     0.695
 6    92.809    49.783    20.138
 6    -0.475    -0.706    -0.525
 6     0.414     0.347    -0.841
 6     0.776    -0.617     0.127
 7   123.766   -22.864    -9.717
 7    -0.091     0.925    -0.368
 7    -0.973    -0.004     0.230
 7     0.212     0.378     0.901
 8    99.482   -30.387     3.494
 8    -0.785     0.098     0.612
 8    -0.444    -0.777    -0.445
 8     0.432    -0.621     0.654
 9    87.395   -50.841    22.539
 9    -0.583     0.697    -0.417
 9    -0.423     0.177     0.888
 9     0.693     0.694     0.192
 2    97.120   -18.771    59.775
 2     0.521    -0.854     0.002
 2     0.853     0.521     0.032
 2    -0.029    -0.015     0.999
 3   132.282    -1.978     4.736
 3     0.079     0.016    -0.997
 3     0.212     0.976     0.032
 3     0.974    -0.214     0.073
 4   121.917    14.188   -12.832
 4     0.192    -0.980    -0.047
 4     0.978     0.195    -0.073
 4     0.080    -0.032     0.996
 5   100.548    27.863     0.534
 5    -0.590    -0.344     0.731
 5     0.646    -0.744     0.170
 5     0.485     0.572     0.661
 6    94.956    49.025    24.074
 6    -0.412    -0.734    -0.539
 6     0.380     0.399    -0.834
 6     0.828    -0.549     0.115
 7   123.027   -23.007    -9.862
 7    -0.060     0.939    -0.337
 7    -0.970     0.024     0.240
 7     0.233     0.341     0.910
 8    99.793   -30.704     5.591
 8    -0.733     0.066     0.677
 8    -0.445    -0.799    -0.404
 8     0.514    -0.598     0.615
 9    90.256   -50.439    26.526
 9    -0.503     0.761    -0.409
 9    -0.404     0.211     0.890
 9     0.764     0.613     0.201
 2    97.118   -18.721    59.727
 2     0.521    -0.853     0.002
 2     0.853     0.521     0.033
 2    -0.030    -0.015     0.999
 3   131.571    -2.002     4.672
 3     0.102     0.001    -0.995
 3     0.206     0.978     0.022
 3     0.973    -0.207     0.099
 4   120.768    14.666   -12.771
 4     0.218    -0.976    -0.014
 4     0.969     0.218    -0.116
 4     0.116     0.011     0.993
 5   100.642    28.254     2.779
 5    -0.534    -0.329     0.778
 5     0.636    -0.763     0.113
 5     0.557     0.555     0.617
 6    97.388    48.240    27.816
 6    -0.340    -0.758    -0.557
 6     0.344     0.450    -0.824
 6     0.875    -0.471     0.108
 7   122.093   -22.966    -9.937
 7    -0.019     0.953    -0.304
 7    -0.967     0.060     0.248
 7     0.255     0.298     0.920
 8   100.197   -30.786     7.846
 8    -0.670     0.031     0.742
 8    -0.442    -0.819    -0.365
 8     0.596    -0.572     0.563
 9    93.478   -49.828    30.384
 9    -0.414     0.820    -0.395
 9    -0.379     0.239     0.894
 9     0.827     0.520     0.212
 2    97.118   -18.721    59.727
 2     0.521    -0.853     0.003
 2     0.853     0.521     0.033
 2    -0.030    -0.015     0.999
 3   130.763    -1.987     4.449
 3     0.136    -0.017    -0.990
 3     0.201     0.979     0.011
 3     0.970    -0.201     0.137
 4   119.459    15.223   -12.501
 4     0.248    -0.969     0.018
 4     0.956     0.242    -0.168
 4     0.158     0.059     0.985
 5   100.832    28.672     5.258
 5    -0.466    -0.325     0.823
 5     0.620    -0.783     0.042
 5     0.630     0.530     0.567
 6   100.504    46.824    31.765
 6    -0.262    -0.762    -0.593
 6     0.297     0.521    -0.800
 6     0.918    -0.385     0.089
 7   121.024   -23.251    -9.848
 7     0.022     0.965    -0.262
 7    -0.959     0.095     0.267
 7     0.282     0.245     0.927
 8   100.933   -30.953    10.124
 8    -0.588     0.004     0.808
