2 	  32.77	  -6.79	  22.96
	  0.829	  0.555	 -0.064
	 -0.555	  0.831	  0.015
	  0.062	  0.023	  0.998

3 	  43.77	   0.26	   2.07
	 -0.438	  0.097	 -0.893
	  0.052	 -0.990	 -0.134
	 -0.897	 -0.106	  0.428

4 	  36.90	   6.08	  -4.18
	  0.488	  0.866	  0.107
	 -0.775	  0.374	  0.509
	  0.401	 -0.332	  0.853

5 	  36.51	   8.00	   9.12
	  0.273	  0.226	  0.935
	  0.102	 -0.973	  0.206
	  0.956	  0.039	 -0.290

6 	  41.33	  10.65	  19.79
	  0.224	 -0.094	  0.970
	 -0.739	  0.633	  0.231
	 -0.636	 -0.768	  0.072

7 	  39.53	  -8.58	  -4.38
	  0.317	 -0.858	  0.404
	  0.947	  0.263	 -0.183
	  0.050	  0.441	  0.896

8 	  38.65	 -10.65	   8.40
	  0.369	 -0.165	  0.915
	  0.190	 -0.950	 -0.248
	  0.910	  0.265	 -0.319

9 	  44.89	 -11.81	  18.40
	  0.231	  0.130	  0.964
	  0.512	  0.826	 -0.235
	 -0.827	  0.548	  0.124

2 	  32.77	  -6.79	  22.96
	  0.829	  0.555	 -0.064
	 -0.555	  0.831	  0.015
	  0.062	  0.023	  0.998

3 	  43.77	   0.26	   2.06
	 -0.438	  0.097	 -0.894
	  0.052	 -0.990	 -0.133
	 -0.897	 -0.105	  0.428

4 	  36.91	   6.08	  -4.20
	  0.489	  0.866	  0.105
	 -0.775	  0.375	  0.508
	  0.401	 -0.330	  0.854

5 	  36.53	   8.00	   9.12
	  0.275	  0.225	  0.935
	  0.099	 -0.974	  0.205
	  0.956	  0.036	 -0.290

6 	  41.34	  10.63	  19.81
	  0.222	 -0.095	  0.970
	 -0.737	  0.635	  0.231
	 -0.639	 -0.766	  0.071

7 	  39.53	  -8.58	  -4.38
	  0.318	 -0.858	  0.404
	  0.946	  0.265	 -0.183
	  0.049	  0.440	  0.896

8 	  38.64	 -10.65	   8.38
	  0.369	 -0.165	  0.914
	  0.189	 -0.950	 -0.248
	  0.910	  0.265	 -0.319

9 	  44.89	 -11.79	  18.40
	  0.230	  0.130	  0.964
	  0.511	  0.827	 -0.234
	 -0.828	  0.547	  0.124

2 	  32.77	  -6.79	  22.96
	  0.829	  0.555	 -0.064
	 -0.555	  0.831	  0.015
	  0.061	  0.023	  0.998

3 	  43.77	   0.28	   2.06
	 -0.438	  0.097	 -0.894
	  0.051	 -0.990	 -0.133
	 -0.898	 -0.103	  0.428

4 	  36.93	   6.10	  -4.22
	  0.488	  0.867	  0.099
	 -0.776	  0.379	  0.505
	  0.400	 -0.323	  0.857

5 	  36.53	   8.03	   9.14
	  0.275	  0.223	  0.935
	  0.097	 -0.974	  0.204
	  0.956	  0.035	 -0.289

6 	  41.34	  10.63	  19.81
	  0.220	 -0.095	  0.971
	 -0.735	  0.638	  0.229
	 -0.641	 -0.764	  0.070

7 	  39.53	  -8.58	  -4.38
	  0.320	 -0.857	  0.403
	  0.946	  0.267	 -0.183
	  0.049	  0.440	  0.896

8 	  38.67	 -10.67	   8.38
	  0.369	 -0.165	  0.914
	  0.190	 -0.950	 -0.248
	  0.910	  0.265	 -0.319

9 	  44.89	 -11.79	  18.39
	  0.230	  0.130	  0.964
	  0.510	  0.828	 -0.234
	 -0.829	  0.545	  0.124

2 	  32.75	  -6.79	  22.96
	  0.829	  0.555	 -0.064
	 -0.555	  0.831	  0.015
	  0.061	  0.023	  0.998

3 	  43.77	   0.28	   2.04
	 -0.438	  0.098	 -0.894
	  0.050	 -0.990	 -0.132
	 -0.898	 -0.102	  0.428

4 	  36.93	   6.08	  -4.22
	  0.487	  0.868	  0.093
	 -0.776	  0.382	  0.501
	  0.399	 -0.316	  0.860

5 	  36.54	   8.03	   9.12
	  0.276	  0.220	  0.936
	  0.091	 -0.975	  0.203
	  0.957	  0.029	 -0.289

6 	  41.36	  10.62	  19.81
	  0.219	 -0.096	  0.971
	 -0.733	  0.641	  0.229
	 -0.644	 -0.761	  0.070

7 	  39.55	  -8.58	  -4.39
	  0.323	 -0.856	  0.402
	  0.945	  0.270	 -0.185
	  0.049	  0.440	  0.896

8 	  38.65	 -10.67	   8.38
	  0.369	 -0.165	  0.914
	  0.190	 -0.950	 -0.248
	  0.909	  0.266	 -0.320

9 	  44.89	 -11.79	  18.39
	  0.230	  0.130	  0.964
	  0.509	  0.828	 -0.234
	 -0.830	  0.544	  0.124

2 	  32.77	  -6.79	  22.96
	  0.829	  0.555	 -0.064
	 -0.555	  0.831	  0.015
	  0.061	  0.023	  0.998

3 	  43.79	   0.28	   2.04
	 -0.438	  0.098	 -0.894
	  0.049	 -0.990	 -0.132
	 -0.898	 -0.102	  0.428

4 	  36.95	   6.10	  -4.22
	  0.487	  0.869	  0.089
	 -0.776	  0.383	  0.500
	  0.401	 -0.313	  0.861

5 	  36.56	   8.05	   9.14
	  0.276	  0.220	  0.936
	  0.087	 -0.975	  0.203
	  0.957	  0.026	 -0.288

6 	  41.36	  10.62	  19.83
	  0.216	 -0.097	  0.971
	 -0.730	  0.645	  0.227
	 -0.648	 -0.758	  0.068

7 	  39.55	  -8.60	  -4.38
	  0.323	 -0.856	  0.402
	  0.945	  0.270	 -0.185
	  0.050	  0.440	  0.896

8 	  38.65	 -10.67	   8.38
	  0.369	 -0.165	  0.914
	  0.190	 -0.950	 -0.248
	  0.909	  0.265	 -0.320

9 	  44.89	 -11.79	  18.39
	  0.230	  0.130	  0.964
	  0.509	  0.828	 -0.234
	 -0.829	  0.545	  0.124

2 	  32.77	  -6.79	  22.96
	  0.829	  0.555	 -0.064
	 -0.555	  0.831	  0.015
	  0.061	  0.023	  0.998

3 	  43.79	   0.28	   2.04
	 -0.438	  0.098	 -0.894
	  0.048	 -0.990	 -0.132
	 -0.898	 -0.101	  0.428

4 	  36.93	   6.08	  -4.22
	  0.487	  0.869	  0.088
	 -0.776	  0.384	  0.500
	  0.401	 -0.312	  0.861

5 	  36.56	   8.03	   9.12
	  0.276	  0.220	  0.935
	  0.087	 -0.975	  0.203
	  0.957	  0.025	 -0.288

6 	  41.36	  10.60	  19.83
	  0.217	 -0.098	  0.971
	 -0.729	  0.645	  0.227
	 -0.649	 -0.758	  0.068

7 	  39.53	  -8.60	  -4.38
	  0.323	 -0.856	  0.403
	  0.945	  0.270	 -0.186
	  0.050	  0.441	  0.896

8 	  38.65	 -10.67	   8.38
	  0.369	 -0.165	  0.914
	  0.189	 -0.950	 -0.248
	  0.910	  0.264	 -0.320

9 	  44.89	 -11.81	  18.39
	  0.230	  0.131	  0.964
	  0.510	  0.827	 -0.234
	 -0.828	  0.546	  0.124

2 	  32.75	  -6.79	  22.96
	  0.829	  0.555	 -0.064
	 -0.555	  0.831	  0.015
	  0.061	  0.023	  0.998

3 	  43.79	   0.28	   2.04
	 -0.438	  0.098	 -0.894
	  0.048	 -0.990	 -0.132
	 -0.898	 -0.100	  0.428

4 	  36.93	   6.10	  -4.24
	  0.487	  0.869	  0.088
	 -0.776	  0.384	  0.500
	  0.401	 -0.312	  0.861

5 	  36.56	   8.05	   9.12
	  0.276	  0.220	  0.936
	  0.087	 -0.975	  0.203
	  0.957	  0.026	 -0.288

6 	  41.36	  10.62	  19.83
	  0.217	 -0.098	  0.971
	 -0.730	  0.644	  0.228
	 -0.648	 -0.758	  0.069

7 	  39.53	  -8.60	  -4.38
	  0.323	 -0.856	  0.403
	  0.945	  0.270	 -0.186
	  0.050	  0.441	  0.896

8 	  38.65	 -10.65	   8.38
	  0.370	 -0.165	  0.914
	  0.188	 -0.950	 -0.248
	  0.910	  0.264	 -0.320

9 	  44.89	 -11.79	  18.40
	  0.230	  0.131	  0.964
	  0.511	  0.827	 -0.234
	 -0.828	  0.547	  0.124

2 	  32.77	  -6.79	  22.96
	  0.829	  0.555	 -0.064
	 -0.555	  0.831	  0.015
	  0.061	  0.023	  0.998

3 	  43.79	   0.28	   2.04
	 -0.438	  0.098	 -0.894
	  0.048	 -0.990	 -0.132
	 -0.898	 -0.101	  0.428

4 	  36.95	   6.08	  -4.22
	  0.487	  0.868	  0.090
	 -0.776	  0.383	  0.502
	  0.401	 -0.315	  0.860

5 	  36.53	   8.03	   9.12
	  0.274	  0.222	  0.936
	  0.094	 -0.974	  0.203
	  0.957	  0.032	 -0.288

6 	  41.34	  10.62	  19.83
	  0.219	 -0.098	  0.971
	 -0.734	  0.638	  0.230
	 -0.642	 -0.763	  0.068

7 	  39.53	  -8.60	  -4.38
	  0.323	 -0.856	  0.403
	  0.945	  0.270	 -0.186
	  0.050	  0.441	  0.896

8 	  38.64	 -10.65	   8.40
	  0.369	 -0.165	  0.914
	  0.189	 -0.950	 -0.247
	  0.910	  0.264	 -0.320

9 	  44.89	 -11.81	  18.40
	  0.230	  0.131	  0.964
	  0.511	  0.827	 -0.234
	 -0.828	  0.547	  0.124

2 	  32.77	  -6.79	  22.96
	  0.829	  0.555	 -0.064
	 -0.555	  0.831	  0.015
	  0.061	  0.023	  0.998

3 	  43.77	   0.28	   2.04
	 -0.438	  0.098	 -0.894
	  0.048	 -0.990	 -0.132
	 -0.898	 -0.101	  0.428

4 	  36.91	   6.10	  -4.20
	  0.487	  0.867	  0.096
	 -0.775	  0.380	  0.505
	  0.401	 -0.321	  0.858

5 	  36.49	   8.02	   9.12
	  0.273	  0.225	  0.935
	  0.100	 -0.974	  0.205
	  0.957	  0.037	 -0.288

6 	  41.31	  10.65	  19.83
	  0.222	 -0.096	  0.970
	 -0.739	  0.633	  0.231
	 -0.637	 -0.768	  0.070

7 	  39.53	  -8.60	  -4.38
	  0.324	 -0.855	  0.404
	  0.944	  0.270	 -0.186
	  0.050	  0.442	  0.895

8 	  38.64	 -10.65	   8.38
	  0.369	 -0.165	  0.914
	  0.189	 -0.950	 -0.248
	  0.910	  0.264	 -0.320

9 	  44.89	 -11.78	  18.39
	  0.231	  0.131	  0.964
	  0.511	  0.827	 -0.235
	 -0.828	  0.547	  0.124

2 	  32.77	  -6.77	  22.94
	  0.829	  0.555	 -0.064
	 -0.555	  0.831	  0.015
	  0.062	  0.023	  0.998

3 	  43.77	   0.30	   2.04
	 -0.437	  0.098	 -0.894
	  0.049	 -0.990	 -0.133
	 -0.898	 -0.102	  0.428

4 	  36.91	   6.08	  -4.18
	  0.490	  0.865	  0.104
	 -0.774	  0.376	  0.509
	  0.401	 -0.330	  0.854

5 	  36.47	   7.96	   9.07
	  0.272	  0.231	  0.934
	  0.112	 -0.972	  0.208
	  0.956	  0.049	 -0.290

6 	  41.27	  10.71	  19.76
	  0.227	 -0.094	  0.969
	 -0.745	  0.623	  0.235
	 -0.626	 -0.776	  0.072

7 	  39.53	  -8.60	  -4.36
	  0.328	 -0.853	  0.404
	  0.943	  0.273	 -0.191
	  0.052	  0.444	  0.894

8 	  38.55	 -10.65	   8.21
	  0.338	 -0.183	  0.923
	  0.173	 -0.952	 -0.252
	  0.925	  0.245	 -0.290

9 	  44.84	 -11.85	  18.37
	  0.233	  0.129	  0.964
	  0.520	  0.821	 -0.236
	 -0.822	  0.556	  0.124

2 	  32.75	  -6.79	  22.94
	  0.829	  0.555	 -0.064
	 -0.555	  0.831	  0.015
	  0.062	  0.023	  0.998

3 	  43.77	   0.30	   2.04
	 -0.438	  0.098	 -0.894
	  0.050	 -0.990	 -0.133
	 -0.898	 -0.103	  0.428

4 	  36.91	   6.05	  -4.18
	  0.493	  0.863	  0.111
	 -0.774	  0.376	  0.509
	  0.398	 -0.337	  0.853

5 	  36.42	   8.02	   9.09
	  0.269	  0.238	  0.933
	  0.121	 -0.969	  0.213
	  0.955	  0.056	 -0.290

6 	  41.26	  10.74	  19.76
	  0.230	 -0.092	  0.969
	 -0.750	  0.617	  0.237
	 -0.619	 -0.781	  0.073

7 	  39.55	  -8.60	  -4.36
	  0.334	 -0.851	  0.404
	  0.941	  0.277	 -0.196
	  0.054	  0.446	  0.893

8 	  38.50	 -10.69	   8.19
	  0.301	 -0.193	  0.934
	  0.173	 -0.952	 -0.253
	  0.937	  0.238	 -0.254

9 	  44.79	 -11.90	  18.33
	  0.233	  0.126	  0.964
	  0.525	  0.818	 -0.234
	 -0.818	  0.561	  0.125

2 	  32.77	  -6.77	  22.94
	  0.829	  0.555	 -0.064
	 -0.555	  0.831	  0.015
	  0.062	  0.023	  0.998

3 	  43.79	   0.30	   2.04
	 -0.439	  0.097	 -0.893
	  0.052	 -0.990	 -0.133
	 -0.897	 -0.105	  0.429

4 	  36.91	   6.03	  -4.18
	  0.495	  0.860	  0.120
	 -0.776	  0.376	  0.507
	  0.391	 -0.345	  0.853

5 	  36.40	   8.05	   9.05
	  0.270	  0.251	  0.929
	  0.126	 -0.966	  0.224
	  0.954	  0.056	 -0.293

6 	  41.24	  10.81	  19.72
	  0.233	 -0.090	  0.968
	 -0.751	  0.616	  0.237
	 -0.618	 -0.783	  0.076

7 	  39.57	  -8.61	  -4.34
	  0.339	 -0.848	  0.407
	  0.939	  0.280	 -0.200
	  0.055	  0.450	  0.891

8 	  38.48	 -10.71	   8.16
	  0.297	 -0.201	  0.933
	  0.169	 -0.951	 -0.258
	  0.939	  0.235	 -0.249

9 	  44.72	 -12.02	  18.30
	  0.230	  0.119	  0.966
	  0.521	  0.823	 -0.226
	 -0.822	  0.555	  0.128

2 	  32.77	  -6.77	  22.94
	  0.829	  0.555	 -0.064
	 -0.555	  0.831	  0.015
	  0.062	  0.023	  0.998

3 	  43.77	   0.28	   2.02
	 -0.440	  0.097	 -0.893
	  0.053	 -0.990	 -0.134
	 -0.896	 -0.107	  0.430

4 	  36.90	   6.01	  -4.20
	  0.497	  0.858	  0.127
	 -0.777	  0.375	  0.505
	  0.386	 -0.350	  0.854

5 	  36.39	   8.16	   9.09
	  0.268	  0.273	  0.924
	  0.144	 -0.959	  0.242
	  0.952	  0.068	 -0.297

6 	  41.27	  11.16	  19.63
	  0.243	 -0.070	  0.967
	 -0.760	  0.606	  0.235
	 -0.603	 -0.792	  0.094

7 	  39.55	  -8.60	  -4.32
	  0.343	 -0.843	  0.414
	  0.937	  0.281	 -0.205
	  0.056	  0.458	  0.887

8 	  38.39	 -10.78	   8.07
	  0.283	 -0.226	  0.932
	  0.143	 -0.951	 -0.275
	  0.948	  0.211	 -0.237

9 	  44.61	 -12.29	  18.26
	  0.228	  0.104	  0.968
	  0.529	  0.821	 -0.213
	 -0.817	  0.561	  0.132

2 	  32.77	  -6.79	  22.94
	  0.829	  0.555	 -0.064
	 -0.555	  0.831	  0.015
	  0.062	  0.023	  0.998

3 	  43.79	   0.28	   2.04
	 -0.440	  0.096	 -0.893
	  0.055	 -0.990	 -0.134
	 -0.896	 -0.108	  0.430

4 	  36.90	   5.99	  -4.22
	  0.501	  0.854	  0.140
	 -0.781	  0.376	  0.499
	  0.373	 -0.359	  0.855

5 	  36.44	   8.28	   9.02
	  0.269	  0.301	  0.914
	  0.171	 -0.950	  0.262
	  0.947	  0.086	 -0.307

6 	  41.31	  11.58	  19.51
	  0.252	 -0.048	  0.966
	 -0.767	  0.599	  0.229
	 -0.590	 -0.799	  0.113

7 	  39.57	  -8.60	  -4.31
	  0.344	 -0.839	  0.422
	  0.937	  0.279	 -0.209
	  0.057	  0.468	  0.882

8 	  38.34	 -10.93	   8.03
	  0.275	 -0.268	  0.923
	  0.094	 -0.948	 -0.303
	  0.957	  0.170	 -0.235

9 	  44.47	 -13.11	  18.05
	  0.234	  0.057	  0.970
	  0.569	  0.801	 -0.184
	 -0.788	  0.596	  0.155

2 	  32.75	  -6.79	  22.96
	  0.829	  0.555	 -0.064
	 -0.555	  0.831	  0.015
	  0.061	  0.023	  0.998

3 	  43.77	   0.26	   2.04
	 -0.441	  0.096	 -0.892
	  0.056	 -0.989	 -0.134
	 -0.896	 -0.109	  0.431

4 	  36.91	   5.99	  -4.20
	  0.504	  0.849	  0.156
	 -0.786	  0.377	  0.490
	  0.358	 -0.370	  0.857

5 	  36.54	   8.51	   9.04
	  0.268	  0.341	  0.901
	  0.210	 -0.933	  0.290
	  0.940	  0.111	 -0.322

6 	  41.47	  12.36	  19.27
	  0.268	 -0.008	  0.963
	 -0.779	  0.586	  0.221
	 -0.566	 -0.810	  0.151

7 	  39.53	  -8.61	  -4.31
	  0.344	 -0.838	  0.424
	  0.937	  0.277	 -0.212
	  0.060	  0.470	  0.880

8 	  38.34	 -11.13	   8.00
	  0.278	 -0.306	  0.910
	  0.060	 -0.941	 -0.334
	  0.958	  0.147	 -0.244

9 	  44.51	 -13.82	  17.86
	  0.244	  0.020	  0.969
	  0.593	  0.788	 -0.166
	 -0.767	  0.615	  0.181

2 	  32.77	  -6.79	  22.96
	  0.829	  0.555	 -0.064
	 -0.555	  0.831	  0.015
	  0.062	  0.023	  0.998

3 	  43.77	   0.26	   2.04
	 -0.442	  0.095	 -0.892
	  0.057	 -0.989	 -0.134
	 -0.895	 -0.110	  0.432

4 	  36.93	   5.99	  -4.18
	  0.505	  0.848	  0.159
	 -0.788	  0.377	  0.487
	  0.353	 -0.372	  0.858

5 	  36.65	   8.70	   8.98
	  0.274	  0.370	  0.887
	  0.229	 -0.921	  0.313
	  0.934	  0.118	 -0.338

6 	  41.57	  13.01	  19.02
	  0.283	  0.027	  0.958
	 -0.787	  0.578	  0.216
	 -0.549	 -0.815	  0.185

7 	  39.53	  -8.61	  -4.31
	  0.344	 -0.837	  0.425
	  0.936	  0.276	 -0.216
	  0.063	  0.473	  0.879

8 	  38.39	 -11.30	   7.93
	  0.283	 -0.329	  0.901
	  0.039	 -0.934	 -0.354
	  0.958	  0.136	 -0.252

9 	  44.63	 -14.27	  17.63
	  0.258	 -0.007	  0.966
	  0.606	  0.780	 -0.156
	 -0.753	  0.626	  0.205

2 	  32.75	  -6.79	  22.94
	  0.829	  0.555	 -0.064
	 -0.555	  0.831	  0.015
	  0.062	  0.023	  0.998

3 	  43.77	   0.25	   2.04
	 -0.443	  0.095	 -0.891
	  0.056	 -0.989	 -0.134
	 -0.895	 -0.110	  0.433

4 	  36.93	   6.01	  -4.22
	  0.507	  0.845	  0.169
	 -0.791	  0.377	  0.482
	  0.344	 -0.379	  0.859

5 	  36.74	   8.88	   8.96
	  0.276	  0.391	  0.878
	  0.240	 -0.912	  0.331
	  0.930	  0.120	 -0.346

6 	  41.77	  13.39	  18.83
	  0.295	  0.047	  0.954
	 -0.787	  0.579	  0.214
	 -0.542	 -0.814	  0.207

7 	  39.55	  -8.61	  -4.29
	  0.345	 -0.836	  0.426
	  0.936	  0.277	 -0.216
	  0.062	  0.474	  0.878

8 	  38.48	 -11.39	   7.86
	  0.290	 -0.339	  0.895
	  0.032	 -0.931	 -0.362
	  0.956	  0.134	 -0.259

9 	  44.77	 -14.43	  17.54
	  0.267	 -0.017	  0.963
	  0.610	  0.777	 -0.156
	 -0.746	  0.629	  0.218

2 	  32.77	  -6.79	  22.96
	  0.829	  0.555	 -0.064
	 -0.555	  0.831	  0.015
	  0.062	  0.023	  0.998

3 	  43.77	   0.26	   2.06
	 -0.445	  0.093	 -0.890
	  0.055	 -0.990	 -0.131
	 -0.894	 -0.108	  0.435

4 	  36.95	   6.01	  -4.20
	  0.507	  0.843	  0.178
	 -0.795	  0.376	  0.476
	  0.334	 -0.383	  0.861

5 	  36.76	   9.02	   8.91
	  0.276	  0.407	  0.870
	  0.248	 -0.905	  0.344
	  0.928	  0.121	 -0.351

6 	  41.77	  13.68	  18.74
	  0.299	  0.060	  0.952
	 -0.788	  0.578	  0.211
	 -0.538	 -0.814	  0.220

7 	  39.55	  -8.61	  -4.29
	  0.346	 -0.834	  0.430
	  0.936	  0.277	 -0.216
	  0.060	  0.477	  0.876

8 	  38.57	 -11.41	   7.88
	  0.295	 -0.354	  0.887
	  0.027	 -0.925	 -0.379
	  0.955	  0.136	 -0.263

9 	  44.95	 -14.66	  17.38
	  0.279	 -0.033	  0.959
	  0.612	  0.776	 -0.152
	 -0.740	  0.630	  0.236

2 	  32.77	  -6.79	  22.96
	  0.829	  0.555	 -0.064
	 -0.555	  0.831	  0.015
	  0.062	  0.023	  0.998

3 	  43.77	   0.26	   2.04
	 -0.448	  0.092	 -0.889
	  0.053	 -0.990	 -0.130
	 -0.892	 -0.106	  0.438

4 	  36.97	   6.01	  -4.22
	  0.506	  0.842	  0.183
	 -0.797	  0.376	  0.472
	  0.329	 -0.385	  0.862

5 	  36.70	   9.16	   8.86
	  0.271	  0.423	  0.864
	  0.251	 -0.898	  0.360
	  0.929	  0.119	 -0.350

6 	  41.78	  13.99	  18.56
	  0.302	  0.076	  0.950
	 -0.789	  0.579	  0.204
	 -0.535	 -0.811	  0.234

7 	  39.55	  -8.60	  -4.29
	  0.346	 -0.833	  0.431
	  0.936	  0.278	 -0.216
	  0.060	  0.478	  0.876

8 	  38.65	 -11.62	   7.73
	  0.303	 -0.382	  0.873
	  0.009	 -0.915	 -0.404
	  0.953	  0.131	 -0.274

9 	  45.12	 -15.06	  17.10
	  0.294	 -0.055	  0.954
	  0.617	  0.773	 -0.145
	 -0.730	  0.631	  0.261

2 	  32.75	  -6.79	  22.96
	  0.829	  0.555	 -0.064
	 -0.555	  0.831	  0.015
	  0.061	  0.023	  0.998

3 	  43.77	   0.26	   2.04
	 -0.449	  0.092	 -0.889
	  0.053	 -0.990	 -0.129
	 -0.892	 -0.105	  0.439

4 	  36.97	   6.01	  -4.22
	  0.505	  0.842	  0.189
	 -0.800	  0.375	  0.469
	  0.324	 -0.388	  0.862

5 	  36.65	   9.33	   8.79
	  0.265	  0.443	  0.856
	  0.261	 -0.888	  0.379
	  0.928	  0.122	 -0.352

6 	  41.68	  14.40	  18.44
	  0.301	  0.096	  0.949
	 -0.793	  0.578	  0.193
	 -0.530	 -0.810	  0.250

7 	  39.53	  -8.60	  -4.31
	  0.349	 -0.834	  0.427
	  0.935	  0.278	 -0.221
	  0.065	  0.477	  0.876

8 	  38.64	 -11.87	   7.65
	  0.306	 -0.409	  0.859
	 -0.019	 -0.905	 -0.424
	  0.952	  0.113	 -0.285

9 	  45.14	 -15.50	  16.88
	  0.303	 -0.077	  0.950
	  0.627	  0.766	 -0.138
	 -0.718	  0.637	  0.280

2 	  32.75	  -6.77	  22.96
	  0.829	  0.555	 -0.064
	 -0.555	  0.831	  0.015
	  0.062	  0.023	  0.998

3 	  43.77	   0.26	   2.04
	 -0.450	  0.092	 -0.888
	  0.052	 -0.990	 -0.129
	 -0.892	 -0.104	  0.440

4 	  36.97	   6.03	  -4.24
	  0.505	  0.841	  0.192
	 -0.801	  0.374	  0.467
	  0.321	 -0.390	  0.863

5 	  36.69	   9.53	   8.70
	  0.266	  0.465	  0.844
	  0.273	 -0.876	  0.396
	  0.924	  0.125	 -0.360

6 	  41.66	  14.84	  18.19
	  0.303	  0.120	  0.945
	 -0.797	  0.575	  0.182
	 -0.522	 -0.809	  0.270

7 	  39.52	  -8.58	  -4.34
	  0.351	 -0.834	  0.426
	  0.934	  0.280	 -0.223
	  0.066	  0.476	  0.877

8 	  38.65	 -11.97	   7.56
	  0.307	 -0.429	  0.849
	 -0.039	 -0.897	 -0.439
	  0.951	  0.102	 -0.292

9 	  45.18	 -15.86	  16.68
	  0.309	 -0.097	  0.946
	  0.634	  0.762	 -0.129
	 -0.709	  0.639	  0.297

2 	  32.77	  -6.77	  22.96
	  0.829	  0.555	 -0.064
	 -0.555	  0.831	  0.015
	  0.061	  0.023	  0.998

3 	  43.77	   0.26	   2.04
	 -0.450	  0.093	 -0.888
	  0.052	 -0.990	 -0.130
	 -0.892	 -0.104	  0.441

4 	  36.98	   6.03	  -4.24
	  0.505	  0.841	  0.196
	 -0.803	  0.373	  0.464
	  0.317	 -0.392	  0.864

5 	  36.74	   9.76	   8.63
	  0.270	  0.487	  0.830
	  0.285	 -0.864	  0.414
	  0.919	  0.124	 -0.373

6 	  41.68	  15.36	  17.98
	  0.310	  0.143	  0.940
	 -0.801	  0.572	  0.177
	 -0.512	 -0.808	  0.292

7 	  39.52	  -8.58	  -4.34
	  0.352	 -0.834	  0.426
	  0.933	  0.280	 -0.224
	  0.067	  0.476	  0.877

8 	  38.69	 -12.09	   7.52
	  0.310	 -0.450	  0.837
	 -0.062	 -0.888	 -0.455
	  0.948	  0.089	 -0.304

9 	  45.23	 -16.21	  16.40
	  0.320	 -0.117	  0.940
	  0.640	  0.758	 -0.124
	 -0.699	  0.641	  0.317

2 	  32.77	  -6.77	  22.96
	  0.829	  0.555	 -0.064
	 -0.555	  0.831	  0.015
	  0.061	  0.023	  0.998

3 	  43.77	   0.28	   2.04
	 -0.450	  0.093	 -0.888
	  0.051	 -0.990	 -0.130
	 -0.892	 -0.104	  0.440

4 	  36.98	   6.03	  -4.24
	  0.505	  0.840	  0.200
	 -0.804	  0.373	  0.463
	  0.314	 -0.394	  0.863

5 	  36.77	   9.93	   8.56
	  0.275	  0.506	  0.817
	  0.297	 -0.853	  0.428
	  0.914	  0.125	 -0.385

6 	  41.82	  15.73	  17.72
	  0.322	  0.163	  0.932
	 -0.801	  0.572	  0.177
	 -0.505	 -0.804	  0.315

7 	  39.52	  -8.54	  -4.36
	  0.354	 -0.833	  0.425
	  0.932	  0.281	 -0.226
	  0.068	  0.476	  0.877

8 	  38.69	 -12.16	   7.45
	  0.313	 -0.462	  0.830
	 -0.074	 -0.883	 -0.463
	  0.947	  0.084	 -0.311

9 	  45.28	 -16.49	  16.22
	  0.328	 -0.131	  0.935
	  0.643	  0.756	 -0.120
	 -0.692	  0.641	  0.332

2 	  32.77	  -6.77	  22.96
	  0.829	  0.555	 -0.064
	 -0.555	  0.831	  0.015
	  0.061	  0.023	  0.998

3 	  43.77	   0.28	   2.04
	 -0.449	  0.094	 -0.888
	  0.051	 -0.990	 -0.131
	 -0.892	 -0.104	  0.440

4 	  37.00	   6.05	  -4.25
	  0.505	  0.839	  0.203
	 -0.805	  0.372	  0.462
	  0.312	 -0.397	  0.863

5 	  36.77	  10.09	   8.54
	  0.280	  0.522	  0.805
	  0.309	 -0.843	  0.439
	  0.908	  0.126	 -0.398

6 	  41.85	  16.05	  17.54
	  0.332	  0.176	  0.927
	 -0.803	  0.568	  0.179
	 -0.495	 -0.804	  0.330

7 	  39.48	  -8.54	  -4.36
	  0.355	 -0.833	  0.425
	  0.932	  0.282	 -0.227
	  0.069	  0.476	  0.876

8 	  38.69	 -12.20	   7.42
	  0.315	 -0.468	  0.825
	 -0.079	 -0.880	 -0.469
	  0.945	  0.082	 -0.315

9 	  45.32	 -16.58	  16.14
	  0.332	 -0.136	  0.933
	  0.643	  0.756	 -0.119
	 -0.690	  0.640	  0.338

2 	  32.77	  -6.77	  22.96
	  0.829	  0.555	 -0.064
	 -0.555	  0.831	  0.015
	  0.062	  0.023	  0.998

3 	  43.77	   0.30	   2.04
	 -0.449	  0.095	 -0.888
	  0.051	 -0.990	 -0.131
	 -0.892	 -0.104	  0.439

4 	  36.98	   6.06	  -4.25
	  0.505	  0.838	  0.208
	 -0.806	  0.371	  0.461
	  0.309	 -0.401	  0.862

5 	  36.76	  10.20	   8.51
	  0.280	  0.534	  0.798
	  0.317	 -0.836	  0.448
	  0.906	  0.128	 -0.403

6 	  41.87	  16.28	  17.38
	  0.340	  0.188	  0.921
	 -0.804	  0.567	  0.181
	 -0.488	 -0.802	  0.344

7 	  39.50	  -8.51	  -4.36
	  0.356	 -0.832	  0.425
	  0.932	  0.283	 -0.227
	  0.068	  0.477	  0.876

8 	  38.67	 -12.20	   7.40
	  0.315	 -0.470	  0.824
	 -0.081	 -0.879	 -0.470
	  0.945	  0.081	 -0.315

9 	  45.30	 -16.63	  16.12
	  0.332	 -0.138	  0.933
	  0.643	  0.756	 -0.118
	 -0.690	  0.639	  0.340

2 	  32.75	  -6.79	  22.96
	  0.829	  0.555	 -0.064
	 -0.555	  0.831	  0.015
	  0.061	  0.023	  0.998

3 	  43.73	   0.30	   2.06
	 -0.448	  0.097	 -0.889
	  0.050	 -0.990	 -0.133
	 -0.893	 -0.104	  0.438

4 	  36.98	   6.08	  -4.27
	  0.504	  0.837	  0.212
	 -0.808	  0.369	  0.460
	  0.307	 -0.403	  0.862

5 	  36.72	  10.34	   8.47
	  0.276	  0.547	  0.790
	  0.326	 -0.827	  0.458
	  0.904	  0.131	 -0.407

6 	  41.82	  16.58	  17.24
	  0.343	  0.201	  0.917
	 -0.807	  0.562	  0.179
	 -0.480	 -0.802	  0.355

7 	  39.48	  -8.51	  -4.36
	  0.356	 -0.832	  0.425
	  0.932	  0.283	 -0.227
	  0.068	  0.477	  0.876

8 	  38.65	 -12.23	   7.37
	  0.313	 -0.482	  0.818
	 -0.095	 -0.873	 -0.478
	  0.945	  0.072	 -0.319

9 	  45.28	 -16.73	  16.03
	  0.334	 -0.145	  0.931
	  0.646	  0.755	 -0.114
	 -0.687	  0.639	  0.345

2 	  32.75	  -6.79	  22.96
	  0.829	  0.555	 -0.064
	 -0.555	  0.831	  0.015
	  0.061	  0.023	  0.998

3 	  43.73	   0.32	   2.07
	 -0.447	  0.098	 -0.889
	  0.050	 -0.990	 -0.135
	 -0.893	 -0.105	  0.438

4 	  36.97	   6.10	  -4.24
	  0.502	  0.837	  0.216
	 -0.810	  0.367	  0.458
	  0.304	 -0.405	  0.862

5 	  36.67	  10.48	   8.38
	  0.274	  0.561	  0.781
	  0.334	 -0.817	  0.470
	  0.902	  0.132	 -0.411

6 	  41.73	  16.88	  17.09
	  0.344	  0.216	  0.913
	 -0.810	  0.560	  0.172
	 -0.474	 -0.800	  0.368

7 	  39.48	  -8.49	  -4.36
	  0.358	 -0.831	  0.425
	  0.931	  0.284	 -0.228
	  0.068	  0.477	  0.876

8 	  38.65	 -12.34	   7.29
	  0.312	 -0.498	  0.809
	 -0.106	 -0.864	 -0.491
	  0.944	  0.068	 -0.323

9 	  45.26	 -17.09	  15.80
	  0.338	 -0.165	  0.927
	  0.651	  0.752	 -0.104
	 -0.680	  0.638	  0.361

2 	  32.75	  -6.79	  22.96
	  0.829	  0.555	 -0.064
	 -0.555	  0.831	  0.015
	  0.062	  0.023	  0.998

3 	  43.73	   0.33	   2.09
	 -0.447	  0.099	 -0.889
	  0.050	 -0.989	 -0.136
	 -0.893	 -0.106	  0.437

4 	  36.98	   6.12	  -4.22
	  0.501	  0.837	  0.220
	 -0.811	  0.365	  0.456
	  0.301	 -0.407	  0.862

5 	  36.70	  10.67	   8.30
	  0.273	  0.579	  0.768
	  0.341	 -0.805	  0.485
	  0.899	  0.129	 -0.418

6 	  41.75	  17.35	  16.82
	  0.348	  0.239	  0.906
	 -0.812	  0.561	  0.163
	 -0.469	 -0.793	  0.389

7 	  39.50	  -8.47	  -4.36
	  0.358	 -0.832	  0.424
	  0.931	  0.285	 -0.228
	  0.069	  0.477	  0.876

8 	  38.69	 -12.52	   7.15
	  0.314	 -0.518	  0.795
	 -0.120	 -0.853	 -0.508
	  0.941	  0.065	 -0.331

9 	  45.32	 -17.46	  15.50
	  0.345	 -0.187	  0.920
	  0.655	  0.750	 -0.093
	 -0.672	  0.634	  0.381

2 	  32.75	  -6.79	  22.96
	  0.829	  0.555	 -0.064
	 -0.555	  0.831	  0.015
	  0.061	  0.023	  0.998

3 	  43.73	   0.35	   2.09
	 -0.448	  0.101	 -0.888
	  0.051	 -0.989	 -0.138
	 -0.893	 -0.107	  0.437

4 	  36.97	   6.12	  -4.24
	  0.501	  0.837	  0.221
	 -0.811	  0.365	  0.457
	  0.302	 -0.408	  0.861

5 	  36.77	  10.88	   8.19
	  0.280	  0.597	  0.752
	  0.349	 -0.793	  0.499
	  0.894	  0.123	 -0.430

6 	  41.92	  17.70	  16.51
	  0.361	  0.257	  0.896
	 -0.807	  0.567	  0.162
	 -0.467	 -0.782	  0.412

7 	  39.46	  -8.44	  -4.41
	  0.360	 -0.832	  0.421
	  0.930	  0.286	 -0.230
	  0.071	  0.475	  0.877

8 	  38.71	 -12.66	   7.05
	  0.317	 -0.534	  0.784
	 -0.130	 -0.843	 -0.521
	  0.939	  0.064	 -0.336

9 	  45.33	 -17.77	  15.24
	  0.351	 -0.206	  0.913
	  0.658	  0.748	 -0.084
	 -0.666	  0.631	  0.398

2 	  32.77	  -6.79	  22.96
	  0.829	  0.555	 -0.064
	 -0.555	  0.831	  0.015
	  0.062	  0.023	  0.998

3 	  43.73	   0.35	   2.09
	 -0.448	  0.102	 -0.888
	  0.050	 -0.989	 -0.139
	 -0.892	 -0.107	  0.438

4 	  36.97	   6.13	  -4.22
	  0.501	  0.836	  0.221
	 -0.811	  0.365	  0.457
	  0.301	 -0.409	  0.861

5 	  36.81	  11.07	   8.10
	  0.284	  0.614	  0.737
	  0.353	 -0.781	  0.514
	  0.891	  0.114	 -0.439

6 	  42.12	  18.18	  16.14
	  0.379	  0.278	  0.883
	 -0.803	  0.573	  0.163
	 -0.460	 -0.771	  0.440

7 	  39.48	  -8.40	  -4.41
	  0.362	 -0.832	  0.420
	  0.929	  0.287	 -0.231
	  0.071	  0.474	  0.877

8 	  38.76	 -12.67	   7.03
	  0.318	 -0.539	  0.780
	 -0.134	 -0.840	 -0.526
	  0.938	  0.063	 -0.339

9 	  45.39	 -17.89	  15.12
	  0.355	 -0.214	  0.910
	  0.660	  0.747	 -0.082
	 -0.662	  0.630	  0.406

2 	  32.75	  -6.79	  22.96
	  0.829	  0.554	 -0.064
	 -0.555	  0.831	  0.015
	  0.061	  0.023	  0.998

3 	  43.73	   0.35	   2.11
	 -0.448	  0.102	 -0.888
	  0.050	 -0.989	 -0.139
	 -0.892	 -0.107	  0.438

4 	  36.98	   6.13	  -4.24
	  0.501	  0.836	  0.221
	 -0.811	  0.365	  0.458
	  0.302	 -0.409	  0.861

5 	  36.83	  11.23	   7.98
	  0.285	  0.627	  0.725
	  0.357	 -0.771	  0.527
	  0.889	  0.108	 -0.444

6 	  42.19	  18.40	  15.91
	  0.386	  0.290	  0.876
	 -0.800	  0.578	  0.161
	 -0.460	 -0.763	  0.455

7 	  39.48	  -8.40	  -4.43
	  0.362	 -0.832	  0.420
	  0.929	  0.288	 -0.232
	  0.072	  0.474	  0.877

8 	  38.78	 -12.71	   7.00
	  0.319	 -0.542	  0.777
	 -0.137	 -0.838	 -0.529
	  0.938	  0.062	 -0.342

9 	  45.40	 -17.95	  15.05
	  0.357	 -0.217	  0.908
	  0.660	  0.746	 -0.081
	 -0.661	  0.629	  0.410

2 	  32.77	  -6.79	  22.96
	  0.829	  0.555	 -0.064
	 -0.555	  0.831	  0.015
	  0.061	  0.023	  0.998

3 	  43.73	   0.35	   2.09
	 -0.449	  0.102	 -0.888
	  0.049	 -0.989	 -0.139
	 -0.892	 -0.106	  0.439

4 	  36.98	   6.13	  -4.25
	  0.502	  0.836	  0.219
	 -0.810	  0.366	  0.458
	  0.303	 -0.407	  0.861

5 	  36.84	  11.37	   7.88
	  0.285	  0.640	  0.714
	  0.366	 -0.761	  0.535
	  0.885	  0.109	 -0.451

6 	  42.22	  18.58	  15.70
	  0.390	  0.301	  0.870
	 -0.800	  0.578	  0.159
	 -0.455	 -0.759	  0.466

7 	  39.48	  -8.40	  -4.43
	  0.363	 -0.831	  0.421
	  0.929	  0.289	 -0.233
	  0.072	  0.475	  0.877

8 	  38.78	 -12.73	   7.00
	  0.319	 -0.546	  0.775
	 -0.139	 -0.836	 -0.531
	  0.937	  0.062	 -0.343

9 	  45.42	 -18.04	  15.01
	  0.357	 -0.221	  0.907
	  0.661	  0.746	 -0.079
	 -0.659	  0.628	  0.413

2 	  32.77	  -6.77	  22.94
	  0.829	  0.555	 -0.065
	 -0.555	  0.831	  0.015
	  0.062	  0.023	  0.998

3 	  43.73	   0.35	   2.09
	 -0.449	  0.102	 -0.888
	  0.049	 -0.989	 -0.139
	 -0.892	 -0.106	  0.438

4 	  36.98	   6.12	  -4.29
	  0.503	  0.837	  0.215
	 -0.809	  0.368	  0.458
	  0.304	 -0.405	  0.862

5 	  36.90	  11.39	   7.84
	  0.284	  0.648	  0.706
	  0.381	 -0.753	  0.537
	  0.879	  0.117	 -0.461

6 	  42.19	  18.95	  15.40
	  0.402	  0.328	  0.854
	 -0.827	  0.531	  0.185
	 -0.393	 -0.781	  0.485

7 	  39.48	  -8.38	  -4.43
	  0.364	 -0.831	  0.420
	  0.928	  0.289	 -0.233
	  0.072	  0.475	  0.877

8 	  38.76	 -12.76	   6.98
	  0.318	 -0.550	  0.772
	 -0.141	 -0.833	 -0.535
	  0.937	  0.061	 -0.343

9 	  45.40	 -18.09	  14.96
	  0.357	 -0.226	  0.906
	  0.663	  0.745	 -0.075
	 -0.658	  0.627	  0.416

2 	  32.77	  -6.77	  22.94
	  0.829	  0.555	 -0.064
	 -0.555	  0.831	  0.015
	  0.062	  0.023	  0.998

3 	  43.73	   0.37	   2.09
	 -0.449	  0.102	 -0.888
	  0.049	 -0.989	 -0.139
	 -0.892	 -0.106	  0.439

4 	  36.97	   6.12	  -4.29
	  0.504	  0.837	  0.214
	 -0.808	  0.369	  0.459
	  0.305	 -0.405	  0.862

5 	  36.95	  11.39	   7.84
	  0.279	  0.655	  0.702
	  0.403	 -0.744	  0.533
	  0.871	  0.134	 -0.472

6 	  42.12	  19.18	  15.31
	  0.408	  0.344	  0.845
	 -0.849	  0.484	  0.212
	 -0.337	 -0.804	  0.490

7 	  39.46	  -8.38	  -4.43
	  0.364	 -0.831	  0.420
	  0.928	  0.289	 -0.233
	  0.072	  0.475	  0.877

8 	  38.74	 -12.78	   6.94
	  0.318	 -0.554	  0.769
	 -0.145	 -0.830	 -0.538
	  0.937	  0.060	 -0.344

9 	  45.40	 -18.19	  14.89
	  0.357	 -0.232	  0.904
	  0.664	  0.744	 -0.071
	 -0.657	  0.626	  0.420

2 	  32.75	  -6.79	  22.96
	  0.829	  0.555	 -0.064
	 -0.555	  0.831	  0.015
	  0.061	  0.023	  0.998

3 	  43.73	   0.37	   2.09
	 -0.449	  0.102	 -0.888
	  0.049	 -0.989	 -0.139
	 -0.892	 -0.106	  0.439

4 	  36.97	   6.13	  -4.31
	  0.504	  0.837	  0.213
	 -0.807	  0.369	  0.460
	  0.306	 -0.404	  0.862

5 	  37.00	  11.32	   7.86
	  0.271	  0.660	  0.701
	  0.427	 -0.735	  0.526
	  0.862	  0.157	 -0.481

6 	  41.82	  19.41	  15.31
	  0.417	  0.376	  0.828
	 -0.890	  0.355	  0.286
	 -0.186	 -0.856	  0.482

7 	  39.46	  -8.38	  -4.43
	  0.364	 -0.831	  0.420
	  0.928	  0.289	 -0.233
	  0.072	  0.474	  0.877

8 	  38.74	 -12.80	   6.91
	  0.317	 -0.558	  0.767
	 -0.147	 -0.828	 -0.541
	  0.937	  0.059	 -0.345

9 	  45.39	 -18.26	  14.84
	  0.356	 -0.238	  0.903
	  0.666	  0.742	 -0.067
	 -0.655	  0.626	  0.423

2 	  32.77	  -6.77	  22.94
	  0.829	  0.555	 -0.065
	 -0.555	  0.831	  0.015
	  0.062	  0.023	  0.998

3 	  43.73	   0.37	   2.09
	 -0.449	  0.102	 -0.888
	  0.049	 -0.989	 -0.139
	 -0.892	 -0.106	  0.439

4 	  36.97	   6.12	  -4.31
	  0.505	  0.836	  0.212
	 -0.807	  0.370	  0.460
	  0.307	 -0.404	  0.862

5 	  37.04	  11.23	   7.88
	  0.260	  0.663	  0.701
	  0.459	 -0.724	  0.514
	  0.849	  0.189	 -0.493

6 	  41.50	  19.65	  15.22
	  0.431	  0.420	  0.799
	 -0.903	  0.194	  0.384
	  0.006	 -0.887	  0.462

7 	  39.46	  -8.37	  -4.45
	  0.364	 -0.832	  0.419
	  0.928	  0.289	 -0.233
	  0.073	  0.474	  0.877

8 	  38.78	 -12.83	   6.89
	  0.316	 -0.560	  0.765
	 -0.150	 -0.826	 -0.543
	  0.937	  0.057	 -0.345

9 	  45.35	 -18.33	  14.80
	  0.355	 -0.242	  0.903
	  0.669	  0.740	 -0.064
	 -0.653	  0.627	  0.425

2 	  32.77	  -6.77	  22.94
	  0.829	  0.555	 -0.064
	 -0.555	  0.831	  0.015
	  0.062	  0.023	  0.998

3 	  43.73	   0.37	   2.09
	 -0.449	  0.103	 -0.887
	  0.049	 -0.989	 -0.139
	 -0.892	 -0.106	  0.439

4 	  36.97	   6.13	  -4.31
	  0.505	  0.837	  0.212
	 -0.807	  0.370	  0.460
	  0.307	 -0.403	  0.862

5 	  37.04	  11.21	   7.95
	  0.249	  0.665	  0.703
	  0.476	 -0.717	  0.509
	  0.843	  0.208	 -0.496

6 	  41.24	  19.74	  15.22
	  0.439	  0.454	  0.775
	 -0.886	  0.073	  0.458
	  0.152	 -0.888	  0.434

7 	  39.46	  -8.37	  -4.45
	  0.364	 -0.832	  0.418
	  0.928	  0.289	 -0.233
	  0.073	  0.473	  0.878

8 	  38.76	 -12.83	   6.87
	  0.316	 -0.562	  0.765
	 -0.151	 -0.825	 -0.544
	  0.937	  0.057	 -0.346

9 	  45.35	 -18.35	  14.80
	  0.354	 -0.245	  0.902
	  0.670	  0.740	 -0.063
	 -0.653	  0.627	  0.426

2 	  32.77	  -6.77	  22.94
	  0.829	  0.555	 -0.064
	 -0.555	  0.831	  0.015
	  0.062	  0.023	  0.998

3 	  43.73	   0.37	   2.09
	 -0.449	  0.103	 -0.887
	  0.049	 -0.989	 -0.140
	 -0.892	 -0.106	  0.439

4 	  36.97	   6.13	  -4.31
	  0.505	  0.837	  0.210
	 -0.806	  0.370	  0.461
	  0.308	 -0.403	  0.862

5 	  37.07	  11.16	   7.93
	  0.246	  0.667	  0.703
	  0.493	 -0.711	  0.501
	  0.834	  0.223	 -0.504

6 	  41.19	  19.79	  15.21
	  0.446	  0.475	  0.758
	 -0.862	 -0.000	  0.507
	  0.241	 -0.880	  0.409

7 	  39.45	  -8.35	  -4.46
	  0.364	 -0.833	  0.417
	  0.928	  0.289	 -0.233
	  0.073	  0.472	  0.878

8 	  38.76	 -12.83	   6.87
	  0.316	 -0.563	  0.763
	 -0.152	 -0.824	 -0.545
	  0.936	  0.056	 -0.346

9 	  45.37	 -18.40	  14.75
	  0.354	 -0.248	  0.901
	  0.671	  0.739	 -0.061
	 -0.651	  0.627	  0.428

2 	  32.77	  -6.77	  22.94
	  0.829	  0.555	 -0.064
	 -0.555	  0.831	  0.015
	  0.062	  0.023	  0.998

3 	  43.73	   0.37	   2.09
	 -0.449	  0.103	 -0.887
	  0.049	 -0.989	 -0.140
	 -0.892	 -0.106	  0.439

4 	  36.97	   6.13	  -4.31
	  0.505	  0.837	  0.209
	 -0.806	  0.371	  0.461
	  0.308	 -0.402	  0.862

5 	  37.14	  11.04	   8.03
	  0.241	  0.667	  0.705
	  0.519	 -0.703	  0.487
	  0.820	  0.249	 -0.515

6 	  41.03	  19.79	  15.35
	  0.446	  0.498	  0.743
	 -0.825	 -0.092	  0.557
	  0.346	 -0.862	  0.370

7 	  39.45	  -8.35	  -4.46
	  0.364	 -0.833	  0.417
	  0.928	  0.289	 -0.233
	  0.073	  0.472	  0.878

8 	  38.78	 -12.83	   6.86
	  0.316	 -0.564	  0.763
	 -0.152	 -0.824	 -0.546
	  0.936	  0.056	 -0.347

9 	  45.37	 -18.44	  14.73
	  0.354	 -0.250	  0.901
	  0.672	  0.738	 -0.060
	 -0.650	  0.627	  0.429

2 	  32.77	  -6.77	  22.94
	  0.829	  0.555	 -0.065
	 -0.555	  0.831	  0.015
	  0.062	  0.023	  0.998

3 	  43.73	   0.37	   2.09
	 -0.450	  0.103	 -0.887
	  0.049	 -0.989	 -0.139
	 -0.892	 -0.106	  0.440

4 	  36.97	   6.13	  -4.31
	  0.505	  0.837	  0.209
	 -0.806	  0.371	  0.461
	  0.308	 -0.402	  0.862

5 	  37.18	  10.99	   8.03
	  0.239	  0.666	  0.706
	  0.530	 -0.699	  0.480
	  0.813	  0.260	 -0.520

6 	  41.03	  19.71	  15.33
	  0.451	  0.509	  0.733
	 -0.798	 -0.137	  0.586
	  0.399	 -0.850	  0.345

7 	  39.46	  -8.33	  -4.48
	  0.364	 -0.833	  0.416
	  0.928	  0.289	 -0.233
	  0.074	  0.471	  0.879

8 	  38.78	 -12.83	   6.86
	  0.317	 -0.565	  0.762
	 -0.154	 -0.823	 -0.546
	  0.936	  0.056	 -0.348

9 	  45.35	 -18.46	  14.71
	  0.354	 -0.251	  0.901
	  0.673	  0.737	 -0.060
	 -0.649	  0.627	  0.430

2 	  32.77	  -6.79	  22.94
	  0.829	  0.555	 -0.064
	 -0.555	  0.831	  0.015
	  0.062	  0.023	  0.998

3 	  43.73	   0.37	   2.09
	 -0.450	  0.103	 -0.887
	  0.049	 -0.989	 -0.139
	 -0.892	 -0.106	  0.440

4 	  36.97	   6.13	  -4.32
	  0.506	  0.837	  0.208
	 -0.806	  0.372	  0.460
	  0.307	 -0.401	  0.863

5 	  37.25	  10.93	   8.03
	  0.238	  0.667	  0.705
	  0.545	 -0.693	  0.471
	  0.803	  0.272	 -0.529

6 	  40.96	  19.78	  15.33
	  0.447	  0.520	  0.728
	 -0.784	 -0.164	  0.598
	  0.430	 -0.838	  0.335

7 	  39.45	  -8.35	  -4.48
	  0.363	 -0.834	  0.415
	  0.928	  0.288	 -0.233
	  0.074	  0.470	  0.879

8 	  38.78	 -12.83	   6.84
	  0.317	 -0.565	  0.761
	 -0.155	 -0.823	 -0.546
	  0.936	  0.056	 -0.348

9 	  45.35	 -18.47	  14.71
	  0.354	 -0.252	  0.900
	  0.674	  0.736	 -0.059
	 -0.649	  0.627	  0.431

2 	  32.77	  -6.79	  22.96
	  0.829	  0.555	 -0.064
	 -0.555	  0.831	  0.015
	  0.062	  0.023	  0.998

3 	  43.73	   0.35	   2.09
	 -0.450	  0.102	 -0.887
	  0.048	 -0.989	 -0.139
	 -0.891	 -0.105	  0.440

4 	  36.95	   6.13	  -4.32
	  0.507	  0.837	  0.207
	 -0.806	  0.374	  0.460
	  0.307	 -0.400	  0.863

5 	  37.34	  10.88	   8.07
	  0.234	  0.667	  0.707
	  0.563	 -0.686	  0.460
	  0.792	  0.290	 -0.536

6 	  40.90	  19.65	  15.40
	  0.440	  0.526	  0.728
	 -0.770	 -0.195	  0.607
	  0.461	 -0.828	  0.319

7 	  39.45	  -8.33	  -4.48
	  0.362	 -0.834	  0.415
	  0.929	  0.288	 -0.233
	  0.074	  0.470	  0.879

8 	  38.78	 -12.85	   6.82
	  0.317	 -0.566	  0.761
	 -0.156	 -0.822	 -0.547
	  0.935	  0.054	 -0.349

9 	  45.33	 -18.49	  14.68
	  0.354	 -0.254	  0.900
	  0.675	  0.735	 -0.058
	 -0.647	  0.628	  0.432

2 	  32.75	  -6.79	  22.96
	  0.829	  0.555	 -0.064
	 -0.555	  0.831	  0.015
	  0.061	  0.023	  0.998

3 	  43.73	   0.35	   2.09
	 -0.450	  0.101	 -0.887
	  0.048	 -0.989	 -0.137
	 -0.891	 -0.105	  0.440

4 	  36.98	   6.13	  -4.32
	  0.508	  0.836	  0.206
	 -0.805	  0.376	  0.459
	  0.306	 -0.400	  0.864

5 	  37.34	  10.85	   8.07
	  0.234	  0.666	  0.708
	  0.564	 -0.686	  0.458
	  0.791	  0.293	 -0.537

6 	  40.89	  19.67	  15.47
	  0.432	  0.532	  0.728
	 -0.766	 -0.210	  0.608
	  0.477	 -0.820	  0.317

7 	  39.45	  -8.35	  -4.48
	  0.361	 -0.835	  0.415
	  0.929	  0.286	 -0.232
	  0.075	  0.469	  0.880

8 	  38.78	 -12.85	   6.82
	  0.317	 -0.567	  0.760
	 -0.158	 -0.822	 -0.547
	  0.935	  0.054	 -0.350

9 	  45.33	 -18.53	  14.68
	  0.354	 -0.255	  0.900
	  0.676	  0.734	 -0.058
	 -0.646	  0.629	  0.432

2 	  32.75	  -6.79	  22.96
	  0.829	  0.555	 -0.064
	 -0.555	  0.831	  0.015
	  0.061	  0.023	  0.998

3 	  43.73	   0.35	   2.09
	 -0.450	  0.100	 -0.887
	  0.048	 -0.989	 -0.137
	 -0.891	 -0.104	  0.441

4 	  36.98	   6.12	  -4.32
	  0.509	  0.836	  0.205
	 -0.805	  0.377	  0.458
	  0.306	 -0.399	  0.864

5 	  37.39	  10.76	   8.09
	  0.231	  0.666	  0.709
	  0.580	 -0.680	  0.448
	  0.781	  0.308	 -0.544

6 	  40.85	  19.55	  15.47
	  0.424	  0.547	  0.721
	 -0.745	 -0.243	  0.622
	  0.516	 -0.801	  0.304

7 	  39.43	  -8.33	  -4.50
	  0.360	 -0.836	  0.414
	  0.929	  0.286	 -0.232
	  0.075	  0.469	  0.880

8 	  38.78	 -12.85	   6.82
	  0.317	 -0.568	  0.760
	 -0.159	 -0.822	 -0.548
	  0.935	  0.053	 -0.351

9 	  45.33	 -18.54	  14.66
	  0.354	 -0.256	  0.899
	  0.677	  0.734	 -0.058
	 -0.645	  0.629	  0.433

2 	  32.75	  -6.79	  22.96
	  0.829	  0.555	 -0.064
	 -0.555	  0.831	  0.015
	  0.061	  0.023	  0.998

3 	  43.73	   0.35	   2.09
	 -0.450	  0.100	 -0.887
	  0.047	 -0.990	 -0.136
	 -0.891	 -0.104	  0.441

4 	  36.98	   6.12	  -4.32
	  0.509	  0.836	  0.205
	 -0.805	  0.377	  0.458
	  0.306	 -0.398	  0.865

5 	  37.37	  10.78	   8.07
	  0.232	  0.666	  0.708
	  0.580	 -0.679	  0.449
	  0.780	  0.307	 -0.545

6 	  40.85	  19.58	  15.47
	  0.420	  0.552	  0.720
	 -0.745	 -0.244	  0.621
	  0.518	 -0.798	  0.308

7 	  39.43	  -8.35	  -4.50
	  0.359	 -0.836	  0.414
	  0.930	  0.285	 -0.232
	  0.076	  0.469	  0.880

8 	  38.79	 -12.87	   6.82
	  0.317	 -0.568	  0.759
	 -0.160	 -0.821	 -0.548
	  0.934	  0.052	 -0.352

9 	  45.33	 -18.54	  14.64
	  0.354	 -0.257	  0.899
	  0.677	  0.733	 -0.058
	 -0.645	  0.629	  0.434

2 	  32.75	  -6.79	  22.96
	  0.829	  0.555	 -0.064
	 -0.555	  0.831	  0.015
	  0.062	  0.023	  0.998

3 	  43.73	   0.33	   2.09
	 -0.451	  0.100	 -0.887
	  0.047	 -0.990	 -0.136
	 -0.891	 -0.103	  0.441

4 	  36.98	   6.12	  -4.34
	  0.509	  0.836	  0.203
	 -0.804	  0.378	  0.459
	  0.307	 -0.397	  0.865

5 	  37.39	  10.79	   8.09
	  0.232	  0.667	  0.707
	  0.580	 -0.679	  0.450
	  0.780	  0.306	 -0.545

6 	  40.87	  19.60	  15.45
	  0.417	  0.558	  0.717
	 -0.748	 -0.238	  0.620
	  0.516	 -0.795	  0.318

7 	  39.43	  -8.33	  -4.50
	  0.359	 -0.836	  0.414
	  0.930	  0.285	 -0.232
	  0.076	  0.468	  0.880

8 	  38.79	 -12.87	   6.80
	  0.318	 -0.569	  0.758
	 -0.161	 -0.820	 -0.549
	  0.934	  0.052	 -0.352

9 	  45.35	 -18.56	  14.62
	  0.355	 -0.259	  0.898
	  0.678	  0.733	 -0.057
	 -0.644	  0.629	  0.435

2 	  32.77	  -6.77	  22.94
	  0.829	  0.555	 -0.064
	 -0.555	  0.831	  0.015
	  0.062	  0.023	  0.998

3 	  43.73	   0.33	   2.09
	 -0.451	  0.100	 -0.887
	  0.047	 -0.990	 -0.136
	 -0.891	 -0.103	  0.441

4 	  36.98	   6.13	  -4.34
	  0.509	  0.837	  0.201
	 -0.803	  0.378	  0.460
	  0.309	 -0.396	  0.865

5 	  37.41	  10.81	   8.07
	  0.233	  0.670	  0.705
	  0.582	 -0.677	  0.450
	  0.779	  0.305	 -0.548

6 	  40.92	  19.67	  15.38
	  0.417	  0.563	  0.713
	 -0.747	 -0.235	  0.622
	  0.518	 -0.792	  0.323

7 	  39.43	  -8.33	  -4.50
	  0.359	 -0.837	  0.413
	  0.930	  0.285	 -0.231
	  0.075	  0.468	  0.880

8 	  38.79	 -12.87	   6.79
	  0.318	 -0.571	  0.757
	 -0.162	 -0.819	 -0.550
	  0.934	  0.053	 -0.353

9 	  45.33	 -18.58	  14.61
	  0.354	 -0.260	  0.898
	  0.678	  0.732	 -0.056
	 -0.643	  0.629	  0.436

2 	  32.75	  -6.77	  22.96
	  0.829	  0.555	 -0.064
	 -0.555	  0.831	  0.015
	  0.061	  0.023	  0.998

3 	  43.73	   0.33	   2.09
	 -0.451	  0.100	 -0.887
	  0.047	 -0.990	 -0.136
	 -0.891	 -0.103	  0.441

4 	  36.97	   6.12	  -4.34
	  0.509	  0.837	  0.200
	 -0.803	  0.378	  0.460
	  0.309	 -0.395	  0.865

5 	  37.39	  10.93	   7.98
	  0.234	  0.679	  0.696
	  0.582	 -0.671	  0.458
	  0.778	  0.298	 -0.553

6 	  40.94	  19.86	  15.22
	  0.419	  0.573	  0.704
	 -0.745	 -0.226	  0.627
	  0.518	 -0.788	  0.332

7 	  39.43	  -8.31	  -4.50
	  0.359	 -0.837	  0.413
	  0.930	  0.285	 -0.231
	  0.076	  0.467	  0.881

8 	  38.81	 -12.88	   6.80
	  0.318	 -0.572	  0.756
	 -0.162	 -0.819	 -0.551
	  0.934	  0.053	 -0.354

9 	  45.33	 -18.62	  14.57
	  0.354	 -0.263	  0.897
	  0.680	  0.731	 -0.054
	 -0.642	  0.629	  0.438

2 	  32.77	  -6.77	  22.94
	  0.829	  0.555	 -0.064
	 -0.555	  0.831	  0.015
	  0.062	  0.023	  0.998

3 	  43.73	   0.35	   2.09
	 -0.451	  0.101	 -0.886
	  0.047	 -0.989	 -0.137
	 -0.891	 -0.104	  0.442

4 	  36.97	   6.12	  -4.36
	  0.509	  0.838	  0.198
	 -0.803	  0.378	  0.461
	  0.311	 -0.394	  0.865

5 	  37.42	  11.11	   7.86
	  0.238	  0.692	  0.681
	  0.589	 -0.661	  0.465
	  0.772	  0.290	 -0.565

6 	  41.01	  20.14	  14.89
