2 	  32.77	  -6.79	  22.96
	  0.829	  0.554	 -0.064
	 -0.555	  0.832	  0.015
	  0.062	  0.023	  0.998

3 	  43.86	   0.56	   1.92
	 -0.406	  0.117	 -0.906
	  0.080	 -0.983	 -0.163
	 -0.910	 -0.139	  0.390

4 	  36.58	   6.03	  -4.78
	  0.459	  0.885	  0.076
	 -0.802	  0.377	  0.462
	  0.380	 -0.274	  0.883

5 	  35.95	   8.26	   8.28
	  0.198	  0.305	  0.931
	  0.223	 -0.939	  0.260
	  0.954	  0.156	 -0.254

6 	  40.57	  12.36	  18.76
	  0.286	 -0.013	  0.958
	 -0.849	  0.461	  0.259
	 -0.445	 -0.887	  0.121

7 	  39.16	  -8.00	  -5.20
	  0.373	 -0.880	  0.296
	  0.922	  0.318	 -0.219
	  0.098	  0.354	  0.930

8 	  38.21	 -10.51	   7.33
	  0.379	 -0.224	  0.897
	  0.113	 -0.952	 -0.285
	  0.918	  0.209	 -0.336

9 	  44.86	 -12.22	  17.07
	  0.287	  0.098	  0.953
	  0.513	  0.824	 -0.240
	 -0.809	  0.558	  0.186

2 	  32.75	  -6.79	  22.94
	  0.829	  0.555	 -0.064
	 -0.555	  0.831	  0.015
	  0.062	  0.023	  0.998

3 	  43.86	   0.58	   1.92
	 -0.406	  0.117	 -0.906
	  0.081	 -0.983	 -0.164
	 -0.910	 -0.140	  0.390

4 	  36.58	   6.03	  -4.76
	  0.458	  0.885	  0.077
	 -0.803	  0.376	  0.462
	  0.380	 -0.274	  0.884

5 	  35.95	   8.26	   8.30
	  0.196	  0.307	  0.931
	  0.224	 -0.939	  0.262
	  0.954	  0.157	 -0.253

6 	  40.55	  12.36	  18.76
	  0.285	 -0.011	  0.958
	 -0.852	  0.456	  0.258
	 -0.440	 -0.890	  0.121

7 	  39.15	  -7.96	  -5.20
	  0.371	 -0.881	  0.294
	  0.923	  0.318	 -0.215
	  0.096	  0.351	  0.931

8 	  38.29	 -10.49	   7.33
	  0.386	 -0.218	  0.896
	  0.124	 -0.951	 -0.284
	  0.914	  0.221	 -0.341

9 	  44.91	 -12.15	  17.07
	  0.287	  0.101	  0.952
	  0.508	  0.826	 -0.241
	 -0.812	  0.553	  0.186

2 	  32.75	  -6.79	  22.96
	  0.829	  0.555	 -0.064
	 -0.555	  0.831	  0.015
	  0.062	  0.023	  0.998

3 	  43.86	   0.58	   1.92
	 -0.407	  0.117	 -0.906
	  0.081	 -0.983	 -0.164
	 -0.910	 -0.140	  0.390

4 	  36.58	   6.05	  -4.76
	  0.458	  0.885	  0.077
	 -0.803	  0.375	  0.462
	  0.380	 -0.273	  0.883

5 	  36.02	   8.07	   8.33
	  0.197	  0.292	  0.936
	  0.241	 -0.939	  0.242
	  0.950	  0.178	 -0.256

6 	  40.54	  12.18	  18.86
	  0.284	 -0.014	  0.958
	 -0.866	  0.425	  0.263
	 -0.412	 -0.905	  0.109

7 	  39.13	  -7.95	  -5.24
	  0.368	 -0.883	  0.292
	  0.925	  0.316	 -0.211
	  0.093	  0.347	  0.933

8 	  38.34	 -10.48	   7.35
	  0.389	 -0.210	  0.896
	  0.132	 -0.951	 -0.281
	  0.911	  0.228	 -0.342

9 	  44.98	 -12.02	  17.09
	  0.286	  0.106	  0.952
	  0.499	  0.832	 -0.243
	 -0.818	  0.544	  0.185

2 	  32.77	  -6.79	  22.94
	  0.829	  0.555	 -0.064
	 -0.555	  0.831	  0.015
	  0.061	  0.023	  0.998

3 	  43.86	   0.62	   1.93
	 -0.406	  0.118	 -0.906
	  0.080	 -0.983	 -0.164
	 -0.910	 -0.139	  0.389

4 	  36.58	   6.06	  -4.76
	  0.457	  0.886	  0.074
	 -0.806	  0.377	  0.456
	  0.377	 -0.268	  0.886

5 	  36.11	   7.98	   8.40
	  0.209	  0.267	  0.940
	  0.214	 -0.951	  0.222
	  0.954	  0.155	 -0.257

6 	  40.78	  11.55	  18.93
	  0.271	 -0.048	  0.961
	 -0.828	  0.498	  0.258
	 -0.491	 -0.866	  0.094

7 	  39.13	  -7.93	  -5.22
	  0.366	 -0.883	  0.294
	  0.926	  0.316	 -0.205
	  0.088	  0.348	  0.933

8 	  38.34	 -10.48	   7.38
	  0.390	 -0.209	  0.896
	  0.138	 -0.950	 -0.281
	  0.910	  0.233	 -0.342

9 	  44.98	 -12.01	  17.10
	  0.284	  0.106	  0.953
	  0.496	  0.834	 -0.241
	 -0.821	  0.541	  0.184

2 	  32.75	  -6.79	  22.96
	  0.829	  0.554	 -0.064
	 -0.555	  0.831	  0.015
	  0.062	  0.023	  0.998

3 	  43.84	   0.62	   1.93
	 -0.407	  0.117	 -0.906
	  0.079	 -0.983	 -0.162
	 -0.910	 -0.138	  0.391

4 	  36.56	   6.08	  -4.76
	  0.452	  0.889	  0.072
	 -0.814	  0.378	  0.441
	  0.365	 -0.259	  0.894

5 	  36.21	   7.84	   8.46
	  0.234	  0.239	  0.942
	  0.184	 -0.963	  0.199
	  0.954	  0.127	 -0.269

6 	  41.03	  11.16	  19.02
	  0.275	 -0.072	  0.958
	 -0.811	  0.518	  0.271
	 -0.516	 -0.852	  0.084

7 	  39.11	  -7.95	  -5.20
	  0.363	 -0.883	  0.296
	  0.927	  0.313	 -0.205
	  0.088	  0.349	  0.933

8 	  38.34	 -10.48	   7.42
	  0.391	 -0.208	  0.896
	  0.136	 -0.950	 -0.280
	  0.910	  0.231	 -0.343

9 	  44.98	 -12.01	  17.12
	  0.284	  0.106	  0.953
	  0.495	  0.834	 -0.241
	 -0.821	  0.540	  0.184

2 	  32.75	  -6.79	  22.96
	  0.829	  0.555	 -0.064
	 -0.555	  0.831	  0.015
	  0.061	  0.023	  0.998

3 	  43.82	   0.54	   1.99
	 -0.409	  0.110	 -0.906
	  0.076	 -0.985	 -0.155
	 -0.909	 -0.133	  0.395

4 	  36.77	   6.06	  -4.73
	  0.473	  0.878	  0.078
	 -0.803	  0.392	  0.448
	  0.363	 -0.275	  0.890

5 	  36.49	   8.02	   8.47
	  0.251	  0.226	  0.941
	  0.097	 -0.973	  0.207
	  0.963	  0.039	 -0.267

6 	  41.62	  10.81	  19.00
	  0.263	 -0.090	  0.960
	 -0.755	  0.601	  0.262
	 -0.601	 -0.794	  0.090

7 	  39.09	  -8.00	  -5.20
	  0.363	 -0.882	  0.300
	  0.928	  0.312	 -0.205
	  0.087	  0.353	  0.931

8 	  38.34	 -10.56	   7.49
	  0.393	 -0.202	  0.897
	  0.155	 -0.947	 -0.281
	  0.906	  0.249	 -0.341

9 	  44.98	 -11.99	  17.21
	  0.280	  0.109	  0.954
	  0.486	  0.840	 -0.239
	 -0.828	  0.531	  0.182

2 	  32.75	  -6.79	  22.96
	  0.829	  0.555	 -0.064
	 -0.555	  0.831	  0.015
	  0.061	  0.023	  0.998

3 	  43.82	   0.49	   2.00
	 -0.408	  0.111	 -0.906
	  0.073	 -0.985	 -0.153
	 -0.910	 -0.128	  0.394

4 	  36.76	   6.03	  -4.75
	  0.476	  0.876	  0.076
	 -0.800	  0.396	  0.451
	  0.365	 -0.276	  0.889

5 	  36.62	   8.16	   8.46
	  0.266	  0.225	  0.937
	  0.053	 -0.974	  0.219
	  0.962	 -0.008	 -0.271

6 	  41.87	  10.79	  19.00
	  0.254	 -0.093	  0.962
	 -0.716	  0.651	  0.252
	 -0.650	 -0.753	  0.099

7 	  39.09	  -8.03	  -5.19
	  0.361	 -0.882	  0.304
	  0.928	  0.309	 -0.204
	  0.086	  0.356	  0.930

8 	  38.30	 -10.55	   7.52
	  0.391	 -0.203	  0.897
	  0.149	 -0.948	 -0.279
	  0.908	  0.243	 -0.341

9 	  44.95	 -11.99	  17.24
	  0.280	  0.109	  0.954
	  0.492	  0.837	 -0.240
	 -0.824	  0.536	  0.180

2 	  32.75	  -6.79	  22.96
	  0.829	  0.555	 -0.064
	 -0.555	  0.831	  0.015
	  0.061	  0.023	  0.998

3 	  43.82	   0.49	   2.02
	 -0.408	  0.111	 -0.906
	  0.073	 -0.985	 -0.154
	 -0.910	 -0.129	  0.393

4 	  36.70	   6.06	  -4.76
	  0.471	  0.879	  0.069
	 -0.797	  0.390	  0.462
	  0.379	 -0.273	  0.884

5 	  36.58	   8.19	   8.47
	  0.269	  0.218	  0.938
	  0.036	 -0.976	  0.216
	  0.962	 -0.024	 -0.270

6 	  41.87	  10.74	  19.02
	  0.253	 -0.095	  0.963
	 -0.713	  0.655	  0.252
	 -0.654	 -0.750	  0.097

7 	  39.15	  -7.98	  -5.12
	  0.365	 -0.878	  0.309
	  0.928	  0.316	 -0.196
	  0.074	  0.358	  0.930

8 	  38.30	 -10.49	   7.52
	  0.388	 -0.203	  0.899
	  0.149	 -0.949	 -0.278
	  0.909	  0.242	 -0.338

9 	  44.82	 -11.99	  17.31
	  0.272	  0.106	  0.956
	  0.503	  0.831	 -0.236
	 -0.820	  0.545	  0.173

2 	  32.75	  -6.79	  22.96
	  0.829	  0.555	 -0.064
	 -0.555	  0.831	  0.015
	  0.061	  0.023	  0.998

3 	  43.79	   0.54	   2.04
	 -0.405	  0.114	 -0.907
	  0.074	 -0.985	 -0.157
	 -0.911	 -0.131	  0.390

4 	  36.67	   6.08	  -4.75
	  0.469	  0.880	  0.071
	 -0.798	  0.388	  0.461
	  0.379	 -0.273	  0.884

5 	  36.49	   8.14	   8.51
	  0.258	  0.218	  0.941
	  0.058	 -0.976	  0.210
	  0.964	  0.001	 -0.265

6 	  41.71	  10.76	  19.04
	  0.256	 -0.099	  0.961
	 -0.727	  0.636	  0.259
	 -0.637	 -0.765	  0.091

7 	  39.15	  -7.96	  -5.13
	  0.365	 -0.879	  0.308
	  0.928	  0.317	 -0.195
	  0.073	  0.357	  0.931

8 	  38.29	 -10.46	   7.51
	  0.387	 -0.204	  0.899
	  0.149	 -0.948	 -0.280
	  0.909	  0.243	 -0.337

9 	  44.82	 -11.99	  17.31
	  0.273	  0.106	  0.956
	  0.503	  0.831	 -0.236
	 -0.820	  0.545	  0.174

2 	  32.75	  -6.79	  22.96
	  0.829	  0.554	 -0.064
	 -0.555	  0.831	  0.015
	  0.061	  0.023	  0.998

3 	  43.79	   0.60	   2.07
	 -0.400	  0.118	 -0.909
	  0.074	 -0.984	 -0.161
	 -0.914	 -0.132	  0.385

4 	  36.65	   6.13	  -4.71
	  0.464	  0.882	  0.077
	 -0.804	  0.383	  0.454
	  0.372	 -0.273	  0.887

5 	  36.32	   8.02	   8.49
	  0.244	  0.225	  0.943
	  0.105	 -0.973	  0.205
	  0.964	  0.049	 -0.262

6 	  41.31	  10.88	  19.20
	  0.253	 -0.094	  0.963
	 -0.758	  0.599	  0.257
	 -0.601	 -0.795	  0.080

7 	  39.18	  -7.89	  -5.15
	  0.371	 -0.878	  0.302
	  0.925	  0.323	 -0.198
	  0.076	  0.353	  0.932

8 	  38.23	 -10.42	   7.38
	  0.382	 -0.213	  0.899
	  0.139	 -0.949	 -0.284
	  0.913	  0.234	 -0.333

9 	  44.82	 -11.99	  17.24
	  0.276	  0.106	  0.955
	  0.506	  0.829	 -0.238
	 -0.817	  0.549	  0.175

2 	  32.75	  -6.79	  22.96
	  0.829	  0.555	 -0.064
	 -0.555	  0.831	  0.015
	  0.061	  0.023	  0.998

3 	  43.79	   0.62	   2.07
	 -0.399	  0.119	 -0.909
	  0.076	 -0.984	 -0.162
	 -0.914	 -0.134	  0.383

4 	  36.65	   6.15	  -4.71
	  0.461	  0.883	  0.088
	 -0.810	  0.377	  0.449
	  0.363	 -0.279	  0.889

5 	  36.19	   8.03	   8.47
	  0.226	  0.239	  0.944
	  0.133	 -0.968	  0.213
	  0.964	  0.078	 -0.251

6 	  41.03	  11.14	  19.12
	  0.245	 -0.079	  0.966
	 -0.773	  0.585	  0.244
	 -0.585	 -0.807	  0.082

7 	  39.20	  -7.89	  -5.19
	  0.373	 -0.879	  0.298
	  0.924	  0.323	 -0.203
	  0.082	  0.351	  0.932

8 	  38.16	 -10.44	   7.33
	  0.372	 -0.229	  0.900
	  0.108	 -0.952	 -0.286
	  0.922	  0.203	 -0.329

9 	  44.77	 -12.25	  17.03
	  0.297	  0.094	  0.950
	  0.539	  0.805	 -0.249
	 -0.788	  0.586	  0.189

2 	  32.75	  -6.79	  22.96
	  0.829	  0.555	 -0.064
	 -0.555	  0.831	  0.015
	  0.061	  0.023	  0.998

3 	  43.80	   0.63	   2.07
	 -0.400	  0.118	 -0.909
	  0.077	 -0.984	 -0.161
	 -0.913	 -0.135	  0.384

4 	  36.70	   6.17	  -4.69
	  0.461	  0.882	  0.097
	 -0.813	  0.376	  0.446
	  0.356	 -0.285	  0.890

5 	  36.11	   8.16	   8.42
	  0.207	  0.270	  0.940
	  0.180	 -0.955	  0.234
	  0.961	  0.121	 -0.246

6 	  40.71	  11.69	  19.05
	  0.240	 -0.048	  0.969
	 -0.801	  0.555	  0.225
	 -0.549	 -0.831	  0.094

7 	  39.20	  -7.88	  -5.19
	  0.371	 -0.879	  0.299
	  0.924	  0.320	 -0.207
	  0.086	  0.354	  0.931

8 	  38.14	 -10.41	   7.35
	  0.369	 -0.245	  0.896
	  0.081	 -0.952	 -0.294
	  0.926	  0.182	 -0.332

9 	  44.72	 -12.57	  16.98
	  0.306	  0.073	  0.949
	  0.571	  0.783	 -0.245
	 -0.761	  0.617	  0.197

2 	  32.75	  -6.79	  22.96
	  0.829	  0.555	 -0.064
	 -0.555	  0.831	  0.015
	  0.061	  0.023	  0.998

3 	  43.79	   0.62	   2.07
	 -0.403	  0.115	 -0.908
	  0.081	 -0.984	 -0.161
	 -0.912	 -0.138	  0.387

4 	  36.70	   6.15	  -4.71
	  0.462	  0.880	  0.103
	 -0.813	  0.375	  0.444
	  0.353	 -0.289	  0.890

5 	  36.12	   8.38	   8.35
	  0.202	  0.301	  0.932
	  0.204	 -0.944	  0.261
	  0.958	  0.137	 -0.252

6 	  40.68	  12.20	  18.91
	  0.241	 -0.020	  0.970
	 -0.814	  0.540	  0.213
	 -0.529	 -0.841	  0.114

7 	  39.20	  -7.89	  -5.19
	  0.368	 -0.879	  0.303
	  0.925	  0.315	 -0.209
	  0.088	  0.358	  0.929

8 	  38.06	 -10.46	   7.29
	  0.357	 -0.271	  0.894
	  0.037	 -0.952	 -0.304
	  0.933	  0.142	 -0.330

9 	  44.65	 -12.99	  16.86
	  0.318	  0.047	  0.947
	  0.611	  0.753	 -0.243
	 -0.725	  0.656	  0.211

2 	  32.77	  -6.79	  22.94
	  0.829	  0.555	 -0.064
	 -0.555	  0.831	  0.015
	  0.062	  0.023	  0.998

3 	  43.80	   0.62	   2.07
	 -0.405	  0.115	 -0.907
	  0.083	 -0.983	 -0.162
	 -0.911	 -0.141	  0.388

4 	  36.74	   6.13	  -4.73
	  0.466	  0.878	  0.108
	 -0.812	  0.376	  0.447
	  0.352	 -0.296	  0.888

5 	  36.21	   8.67	   8.33
	  0.199	  0.337	  0.920
	  0.226	 -0.929	  0.291
	  0.953	  0.150	 -0.261

6 	  40.68	  13.01	  18.74
	  0.249	  0.019	  0.968
	 -0.830	  0.519	  0.203
	 -0.499	 -0.854	  0.145

7 	  39.18	  -7.89	  -5.17
	  0.362	 -0.880	  0.307
	  0.928	  0.309	 -0.209
	  0.089	  0.361	  0.928

8 	  38.06	 -10.55	   7.28
	  0.357	 -0.296	  0.886
	  0.004	 -0.948	 -0.318
	  0.934	  0.117	 -0.337

9 	  44.63	 -13.45	  16.77
	  0.326	  0.021	  0.945
	  0.636	  0.735	 -0.236
	 -0.700	  0.677	  0.226

2 	  32.75	  -6.79	  22.94
	  0.829	  0.555	 -0.064
	 -0.555	  0.831	  0.015
	  0.062	  0.023	  0.998

3 	  43.80	   0.60	   2.09
	 -0.408	  0.116	 -0.906
	  0.083	 -0.983	 -0.163
	 -0.909	 -0.141	  0.391

4 	  36.83	   6.17	  -4.78
	  0.472	  0.873	  0.119
	 -0.813	  0.379	  0.442
	  0.341	 -0.306	  0.889

5 	  36.28	   9.02	   8.23
	  0.202	  0.373	  0.905
	  0.243	 -0.915	  0.323
	  0.948	  0.155	 -0.276

6 	  40.76	  13.76	  18.39
	  0.262	  0.057	  0.963
	 -0.840	  0.504	  0.199
	 -0.474	 -0.862	  0.180

7 	  39.16	  -7.89	  -5.20
	  0.357	 -0.883	  0.306
	  0.930	  0.303	 -0.208
	  0.091	  0.359	  0.929

8 	  38.07	 -10.60	   7.24
	  0.360	 -0.313	  0.878
	 -0.013	 -0.943	 -0.331
	  0.932	  0.108	 -0.344

9 	  44.65	 -13.75	  16.65
	  0.329	  0.003	  0.944
	  0.646	  0.728	 -0.228
	 -0.688	  0.685	  0.238

2 	  32.77	  -6.79	  22.96
	  0.829	  0.555	 -0.064
	 -0.555	  0.831	  0.015
	  0.062	  0.023	  0.998

3 	  43.80	   0.58	   2.09
	 -0.411	  0.116	 -0.904
	  0.081	 -0.983	 -0.164
	 -0.908	 -0.141	  0.394

4 	  36.91	   6.15	  -4.80
	  0.476	  0.870	  0.123
	 -0.816	  0.385	  0.431
	  0.327	 -0.306	  0.894

5 	  36.32	   9.37	   8.12
	  0.201	  0.407	  0.891
	  0.254	 -0.900	  0.354
	  0.946	  0.155	 -0.285

6 	  40.80	  14.52	  18.14
	  0.269	  0.093	  0.958
	 -0.852	  0.487	  0.191
	 -0.449	 -0.868	  0.210

7 	  39.16	  -7.89	  -5.19
	  0.354	 -0.883	  0.308
	  0.931	  0.301	 -0.206
	  0.089	  0.360	  0.929

8 	  38.14	 -10.63	   7.21
	  0.344	 -0.338	  0.876
	 -0.050	 -0.938	 -0.343
	  0.938	  0.074	 -0.339

9 	  44.72	 -14.08	  16.49
	  0.345	 -0.018	  0.938
	  0.666	  0.708	 -0.232
	 -0.661	  0.705	  0.256

2 	  32.75	  -6.79	  22.96
	  0.829	  0.555	 -0.064
	 -0.555	  0.831	  0.015
	  0.061	  0.023	  0.998

3 	  43.80	   0.56	   2.11
	 -0.414	  0.116	 -0.903
	  0.082	 -0.983	 -0.164
	 -0.907	 -0.141	  0.397

4 	  36.93	   6.15	  -4.82
	  0.478	  0.869	  0.126
	 -0.818	  0.389	  0.422
	  0.318	 -0.306	  0.897

5 	  36.32	   9.54	   8.03
	  0.201	  0.427	  0.882
	  0.258	 -0.891	  0.372
	  0.945	  0.153	 -0.289

6 	  40.78	  14.92	  17.91
	  0.273	  0.115	  0.955
	 -0.856	  0.481	  0.186
	 -0.438	 -0.869	  0.230

7 	  39.11	  -7.89	  -5.19
	  0.352	 -0.884	  0.307
	  0.931	  0.300	 -0.205
	  0.089	  0.358	  0.929

8 	  38.21	 -10.74	   7.15
	  0.349	 -0.358	  0.866
	 -0.071	 -0.932	 -0.356
	  0.934	  0.062	 -0.351

9 	  44.82	 -14.33	  16.29
	  0.354	 -0.034	  0.934
	  0.672	  0.703	 -0.229
	 -0.650	  0.709	  0.272

2 	  32.75	  -6.79	  22.96
	  0.829	  0.555	 -0.064
	 -0.555	  0.831	  0.015
	  0.062	  0.023	  0.998

3 	  43.80	   0.56	   2.07
	 -0.413	  0.120	 -0.903
	  0.078	 -0.983	 -0.167
	 -0.907	 -0.139	  0.397

4 	  36.93	   6.15	  -4.83
	  0.479	  0.869	  0.126
	 -0.818	  0.389	  0.423
	  0.318	 -0.306	  0.897

5 	  36.28	   9.67	   7.95
	  0.198	  0.443	  0.874
	  0.278	 -0.880	  0.384
	  0.940	  0.167	 -0.298

6 	  40.69	  15.24	  17.77
	  0.275	  0.131	  0.952
	 -0.863	  0.469	  0.185
	 -0.423	 -0.873	  0.242

7 	  39.04	  -7.86	  -5.22
	  0.351	 -0.887	  0.299
	  0.931	  0.297	 -0.211
	  0.098	  0.353	  0.930

8 	  38.20	 -10.76	   7.19
	  0.362	 -0.361	  0.859
	 -0.077	 -0.930	 -0.359
	  0.929	  0.064	 -0.365

9 	  44.86	 -14.45	  16.24
	  0.358	 -0.041	  0.932
	  0.674	  0.702	 -0.229
	 -0.646	  0.711	  0.279

2 	  32.75	  -6.79	  22.96
	  0.829	  0.555	 -0.064
	 -0.555	  0.831	  0.015
	  0.062	  0.023	  0.998

3 	  43.79	   0.60	   2.07
	 -0.412	  0.122	 -0.903
	  0.076	 -0.983	 -0.168
	 -0.908	 -0.138	  0.396

4 	  36.90	   6.15	  -4.85
	  0.478	  0.869	  0.126
	 -0.818	  0.387	  0.426
	  0.322	 -0.307	  0.896

5 	  36.19	   9.79	   7.91
	  0.186	  0.463	  0.866
	  0.305	 -0.865	  0.397
	  0.933	  0.190	 -0.303

6 	  40.46	  15.71	  17.61
	  0.275	  0.157	  0.948
	 -0.878	  0.443	  0.180
	 -0.392	 -0.882	  0.260

7 	  39.06	  -7.84	  -5.22
	  0.353	 -0.885	  0.303
	  0.930	  0.298	 -0.213
	  0.098	  0.357	  0.928

8 	  38.14	 -10.60	   7.17
	  0.350	 -0.363	  0.863
	 -0.103	 -0.931	 -0.350
	  0.931	  0.033	 -0.363

9 	  44.70	 -14.43	  16.24
	  0.364	 -0.046	  0.930
	  0.699	  0.673	 -0.241
	 -0.616	  0.738	  0.277

2 	  32.75	  -6.77	  22.96
	  0.829	  0.555	 -0.064
	 -0.555	  0.831	  0.015
	  0.061	  0.023	  0.998

3 	  43.77	   0.63	   2.09
	 -0.415	  0.125	 -0.901
	  0.075	 -0.982	 -0.171
	 -0.907	 -0.138	  0.398

4 	  36.83	   6.21	  -4.83
	  0.473	  0.872	  0.127
	 -0.819	  0.381	  0.428
	  0.325	 -0.307	  0.894

5 	  36.11	   9.95	   7.88
	  0.177	  0.481	  0.859
	  0.320	 -0.853	  0.411
	  0.930	  0.202	 -0.306

6 	  40.22	  16.17	  17.44
	  0.269	  0.182	  0.946
	 -0.889	  0.425	  0.171
	 -0.371	 -0.887	  0.276

7 	  39.06	  -7.80	  -5.19
	  0.354	 -0.882	  0.311
	  0.930	  0.297	 -0.216
	  0.098	  0.365	  0.925

8 	  38.14	 -10.58	   7.21
	  0.342	 -0.384	  0.858
	 -0.130	 -0.923	 -0.361
	  0.930	  0.012	 -0.366

9 	  44.68	 -14.64	  16.15
	  0.364	 -0.060	  0.929
	  0.708	  0.666	 -0.234
	 -0.605	  0.743	  0.285

2 	  32.75	  -6.77	  22.96
	  0.829	  0.555	 -0.064
	 -0.555	  0.831	  0.015
	  0.061	  0.023	  0.998

3 	  43.75	   0.65	   2.11
	 -0.416	  0.126	 -0.900
	  0.075	 -0.982	 -0.173
	 -0.906	 -0.140	  0.399

4 	  36.83	   6.21	  -4.83
	  0.471	  0.872	  0.129
	 -0.820	  0.379	  0.429
	  0.326	 -0.308	  0.894

5 	  36.07	  10.20	   7.82
	  0.170	  0.507	  0.845
	  0.333	 -0.837	  0.435
	  0.927	  0.207	 -0.311

6 	  40.10	  16.65	  17.23
	  0.266	  0.207	  0.941
	 -0.895	  0.417	  0.161
	 -0.359	 -0.885	  0.296

7 	  39.04	  -7.79	  -5.19
	  0.355	 -0.881	  0.311
	  0.929	  0.298	 -0.217
	  0.098	  0.366	  0.925

8 	  38.23	 -10.74	   7.08
	  0.337	 -0.417	  0.844
	 -0.163	 -0.909	 -0.383
	  0.927	 -0.008	 -0.375

9 	  44.61	 -15.17	  15.93
	  0.360	 -0.098	  0.927
	  0.724	  0.657	 -0.212
	 -0.589	  0.748	  0.307

2 	  32.75	  -6.79	  22.96
	  0.829	  0.555	 -0.064
	 -0.555	  0.831	  0.015
	  0.061	  0.023	  0.998

3 	  43.73	   0.65	   2.11
	 -0.416	  0.128	 -0.900
	  0.074	 -0.982	 -0.174
	 -0.906	 -0.140	  0.399

4 	  36.83	   6.21	  -4.82
	  0.471	  0.872	  0.129
	 -0.820	  0.379	  0.429
	  0.325	 -0.309	  0.894

5 	  36.12	  10.51	   7.72
	  0.172	  0.537	  0.825
	  0.344	 -0.818	  0.460
	  0.923	  0.205	 -0.326

6 	  40.13	  17.40	  16.79
	  0.271	  0.246	  0.930
	 -0.898	  0.411	  0.153
	 -0.345	 -0.877	  0.333

7 	  39.04	  -7.75	  -5.20
	  0.357	 -0.882	  0.308
	  0.928	  0.298	 -0.221
	  0.102	  0.365	  0.925

8 	  38.27	 -10.99	   7.00
	  0.338	 -0.452	  0.826
	 -0.195	 -0.892	 -0.408
	  0.921	 -0.023	 -0.390

9 	  44.70	 -15.79	  15.57
	  0.369	 -0.130	  0.920
	  0.729	  0.654	 -0.200
	 -0.576	  0.745	  0.337

2 	  32.77	  -6.77	  22.96
	  0.829	  0.555	 -0.064
	 -0.555	  0.831	  0.015
	  0.061	  0.023	  0.998

3 	  43.73	   0.67	   2.11
	 -0.417	  0.131	 -0.899
	  0.073	 -0.981	 -0.177
	 -0.906	 -0.140	  0.400

4 	  36.81	   6.22	  -4.82
	  0.471	  0.872	  0.130
	 -0.820	  0.379	  0.429
	  0.325	 -0.309	  0.893

5 	  36.18	  10.71	   7.63
	  0.177	  0.557	  0.811
	  0.358	 -0.805	  0.474
	  0.916	  0.206	 -0.342

6 	  40.17	  17.79	  16.56
	  0.281	  0.267	  0.922
	 -0.900	  0.407	  0.156
	 -0.333	 -0.874	  0.355

7 	  39.04	  -7.72	  -5.22
	  0.358	 -0.882	  0.305
	  0.927	  0.299	 -0.224
	  0.106	  0.364	  0.925

8 	  38.27	 -11.09	   6.96
	  0.339	 -0.462	  0.819
	 -0.203	 -0.887	 -0.415
	  0.918	 -0.026	 -0.395

9 	  44.70	 -15.94	  15.45
	  0.374	 -0.139	  0.917
	  0.730	  0.654	 -0.198
	 -0.573	  0.743	  0.346

2 	  32.77	  -6.79	  22.94
	  0.829	  0.555	 -0.064
	 -0.555	  0.831	  0.015
	  0.061	  0.023	  0.998

3 	  43.72	   0.67	   2.11
	 -0.417	  0.131	 -0.899
	  0.073	 -0.981	 -0.178
	 -0.906	 -0.140	  0.400

4 	  36.83	   6.24	  -4.80
	  0.472	  0.871	  0.133
	 -0.819	  0.378	  0.432
	  0.326	 -0.313	  0.892

5 	  36.26	  10.81	   7.63
	  0.180	  0.568	  0.803
	  0.366	 -0.797	  0.481
	  0.913	  0.207	 -0.352

6 	  40.27	  18.02	  16.40
	  0.288	  0.279	  0.916
	 -0.901	  0.404	  0.160
	 -0.326	 -0.871	  0.367

7 	  39.02	  -7.72	  -5.22
	  0.357	 -0.883	  0.304
	  0.927	  0.298	 -0.225
	  0.108	  0.363	  0.925

8 	  38.25	 -11.07	   6.94
	  0.340	 -0.462	  0.819
	 -0.204	 -0.886	 -0.415
	  0.918	 -0.026	 -0.395

9 	  44.68	 -15.96	  15.43
	  0.374	 -0.140	  0.917
	  0.730	  0.654	 -0.198
	 -0.572	  0.743	  0.346

2 	  32.75	  -6.79	  22.96
	  0.829	  0.555	 -0.064
	 -0.555	  0.831	  0.015
	  0.061	  0.023	  0.998

3 	  43.73	   0.67	   2.13
	 -0.418	  0.132	 -0.899
	  0.074	 -0.981	 -0.179
	 -0.905	 -0.141	  0.400

4 	  36.83	   6.24	  -4.78
	  0.473	  0.871	  0.134
	 -0.819	  0.378	  0.432
	  0.326	 -0.314	  0.891

5 	  36.25	  10.93	   7.58
	  0.179	  0.578	  0.796
	  0.370	 -0.789	  0.489
	  0.911	  0.207	 -0.356

6 	  40.25	  18.25	  16.28
	  0.288	  0.290	  0.912
	 -0.902	  0.402	  0.157
	 -0.322	 -0.868	  0.377

7 	  39.04	  -7.72	  -5.20
	  0.359	 -0.881	  0.309
	  0.927	  0.299	 -0.226
	  0.107	  0.367	  0.924

8 	  38.25	 -11.06	   6.94
	  0.338	 -0.461	  0.821
	 -0.203	 -0.887	 -0.415
	  0.919	 -0.026	 -0.393

9 	  44.70	 -15.96	  15.43
	  0.374	 -0.139	  0.917
	  0.730	  0.653	 -0.199
	 -0.572	  0.744	  0.346

2 	  32.77	  -6.77	  22.96
	  0.829	  0.555	 -0.064
	 -0.555	  0.831	  0.015
	  0.062	  0.023	  0.998

3 	  43.70	   0.67	   2.13
	 -0.418	  0.132	 -0.899
	  0.074	 -0.981	 -0.179
	 -0.905	 -0.142	  0.400

4 	  36.84	   6.24	  -4.80
	  0.473	  0.871	  0.134
	 -0.819	  0.378	  0.432
	  0.326	 -0.314	  0.892

5 	  36.21	  11.00	   7.51
	  0.175	  0.588	  0.789
	  0.373	 -0.781	  0.500
	  0.911	  0.207	 -0.356

6 	  40.18	  18.44	  16.15
	  0.285	  0.301	  0.910
	 -0.904	  0.400	  0.150
	 -0.319	 -0.865	  0.386

7 	  39.06	  -7.73	  -5.22
	  0.361	 -0.879	  0.312
	  0.926	  0.299	 -0.229
	  0.108	  0.372	  0.922

8 	  38.32	 -11.27	   6.82
	  0.331	 -0.492	  0.805
	 -0.224	 -0.870	 -0.439
	  0.917	 -0.035	 -0.398

9 	  44.72	 -16.52	  15.06
	  0.378	 -0.172	  0.909
	  0.734	  0.655	 -0.181
	 -0.565	  0.736	  0.374

2 	  32.77	  -6.79	  22.94
	  0.829	  0.555	 -0.064
	 -0.555	  0.831	  0.015
	  0.062	  0.023	  0.998

3 	  43.73	   0.67	   2.11
	 -0.419	  0.134	 -0.898
	  0.074	 -0.980	 -0.181
	 -0.905	 -0.143	  0.401

4 	  36.83	   6.24	  -4.78
	  0.473	  0.871	  0.134
	 -0.819	  0.378	  0.431
	  0.325	 -0.314	  0.892

5 	  36.14	  11.18	   7.42
	  0.168	  0.602	  0.780
	  0.376	 -0.771	  0.514
	  0.911	  0.207	 -0.356

6 	  39.99	  18.81	  15.98
	  0.276	  0.320	  0.906
	 -0.908	  0.396	  0.137
	 -0.315	 -0.861	  0.400

7 	  39.06	  -7.70	  -5.24
	  0.364	 -0.879	  0.307
	  0.924	  0.302	 -0.232
	  0.110	  0.369	  0.923

8 	  38.48	 -11.65	   6.56
	  0.330	 -0.539	  0.775
	 -0.249	 -0.841	 -0.480
	  0.910	 -0.034	 -0.412

9 	  44.91	 -17.44	  14.45
	  0.382	 -0.229	  0.895
	  0.740	  0.656	 -0.149
	 -0.553	  0.719	  0.420

2 	  32.77	  -6.79	  22.94
	  0.829	  0.555	 -0.064
	 -0.555	  0.831	  0.015
	  0.062	  0.023	  0.998

3 	  43.70	   0.69	   2.13
	 -0.420	  0.137	 -0.897
	  0.073	 -0.980	 -0.184
	 -0.905	 -0.143	  0.401

4 	  36.84	   6.26	  -4.78
	  0.472	  0.871	  0.136
	 -0.820	  0.377	  0.430
	  0.323	 -0.315	  0.892

5 	  36.09	  11.32	   7.35
	  0.164	  0.616	  0.770
	  0.371	 -0.762	  0.530
	  0.913	  0.199	 -0.354

6 	  39.94	  19.09	  15.79
	  0.272	  0.335	  0.901
	 -0.908	  0.400	  0.126
	 -0.318	 -0.853	  0.413

7 	  39.06	  -7.70	  -5.27
	  0.368	 -0.880	  0.299
	  0.922	  0.306	 -0.234
	  0.114	  0.362	  0.925

8 	  38.69	 -12.09	   6.28
	  0.332	 -0.583	  0.741
	 -0.267	 -0.812	 -0.519
	  0.904	 -0.025	 -0.426

9 	  45.11	 -18.30	  13.73
	  0.393	 -0.281	  0.875
	  0.745	  0.655	 -0.124
	 -0.538	  0.702	  0.466

2 	  32.77	  -6.79	  22.94
	  0.829	  0.555	 -0.064
	 -0.555	  0.831	  0.015
	  0.062	  0.023	  0.998

3 	  43.72	   0.69	   2.11
	 -0.421	  0.140	 -0.896
	  0.069	 -0.980	 -0.185
	 -0.904	 -0.140	  0.403

4 	  36.86	   6.24	  -4.80
	  0.472	  0.871	  0.137
	 -0.821	  0.377	  0.428
	  0.321	 -0.315	  0.893

5 	  36.09	  11.48	   7.28
	  0.162	  0.627	  0.761
	  0.369	 -0.754	  0.543
	  0.915	  0.193	 -0.354

6 	  39.90	  19.37	  15.59
	  0.269	  0.349	  0.897
	 -0.908	  0.402	  0.116
	 -0.321	 -0.846	  0.425

7 	  39.06	  -7.68	  -5.27
	  0.370	 -0.880	  0.296
	  0.922	  0.309	 -0.234
	  0.114	  0.359	  0.926

8 	  38.79	 -12.38	   6.13
	  0.337	 -0.611	  0.716
	 -0.282	 -0.791	 -0.542
	  0.898	 -0.019	 -0.439

9 	  45.32	 -18.83	  13.24
	  0.406	 -0.312	  0.859
	  0.749	  0.652	 -0.118
	 -0.523	  0.691	  0.498

2 	  32.75	  -6.79	  22.96
	  0.829	  0.554	 -0.064
	 -0.555	  0.832	  0.015
	  0.061	  0.023	  0.998

3 	  43.70	   0.69	   2.13
	 -0.421	  0.140	 -0.896
	  0.068	 -0.980	 -0.185
	 -0.904	 -0.139	  0.403

4 	  36.86	   6.24	  -4.80
	  0.472	  0.871	  0.138
	 -0.822	  0.377	  0.427
	  0.319	 -0.315	  0.893

5 	  36.09	  11.62	   7.17
	  0.163	  0.640	  0.750
	  0.367	 -0.746	  0.556
	  0.915	  0.185	 -0.357

6 	  39.94	  19.63	  15.35
	  0.271	  0.364	  0.891
	 -0.906	  0.409	  0.109
	 -0.325	 -0.837	  0.440

7 	  39.08	  -7.68	  -5.27
	  0.373	 -0.880	  0.294
	  0.920	  0.312	 -0.236
	  0.116	  0.359	  0.926

8 	  38.88	 -12.53	   6.03
	  0.339	 -0.633	  0.696
	 -0.307	 -0.774	 -0.554
	  0.889	 -0.026	 -0.457

9 	  45.37	 -19.20	  12.90
	  0.415	 -0.334	  0.846
	  0.756	  0.643	 -0.118
	 -0.505	  0.689	  0.519

2 	  32.75	  -6.79	  22.96
	  0.829	  0.554	 -0.064
	 -0.555	  0.832	  0.015
	  0.061	  0.023	  0.998

3 	  43.70	   0.69	   2.11
	 -0.422	  0.140	 -0.896
	  0.066	 -0.980	 -0.185
	 -0.904	 -0.138	  0.405

4 	  36.90	   6.24	  -4.82
	  0.472	  0.871	  0.138
	 -0.822	  0.377	  0.426
	  0.319	 -0.315	  0.894

5 	  36.12	  11.88	   7.03
	  0.165	  0.659	  0.734
	  0.363	 -0.732	  0.576
	  0.917	  0.171	 -0.361

6 	  39.99	  20.09	  14.98
	  0.272	  0.386	  0.881
	 -0.904	  0.416	  0.096
	 -0.330	 -0.823	  0.463

7 	  39.08	  -7.68	  -5.27
	  0.375	 -0.879	  0.293
	  0.919	  0.313	 -0.237
	  0.117	  0.359	  0.926

8 	  38.90	 -12.73	   5.87
	  0.338	 -0.652	  0.678
	 -0.321	 -0.757	 -0.568
	  0.884	 -0.026	 -0.466

9 	  45.33	 -19.63	  12.50
	  0.417	 -0.362	  0.834
	  0.763	  0.637	 -0.105
	 -0.494	  0.680	  0.542

2 	  32.75	  -6.79	  22.96
	  0.829	  0.554	 -0.064
	 -0.555	  0.831	  0.015
	  0.061	  0.022	  0.998

3 	  43.72	   0.69	   2.11
	 -0.423	  0.141	 -0.895
	  0.064	 -0.981	 -0.185
	 -0.904	 -0.135	  0.406

4 	  36.90	   6.22	  -4.82
	  0.472	  0.870	  0.138
	 -0.822	  0.378	  0.426
	  0.318	 -0.315	  0.894

5 	  36.14	  12.04	   6.89
	  0.168	  0.673	  0.720
	  0.360	 -0.722	  0.591
	  0.917	  0.160	 -0.364

6 	  40.04	  20.36	  14.70
	  0.274	  0.402	  0.873
	 -0.901	  0.424	  0.087
	 -0.336	 -0.811	  0.479

7 	  39.06	  -7.66	  -5.27
	  0.375	 -0.880	  0.290
	  0.919	  0.314	 -0.238
	  0.118	  0.356	  0.927

8 	  38.85	 -12.99	   5.68
	  0.332	 -0.677	  0.657
	 -0.332	 -0.736	 -0.590
	  0.883	 -0.022	 -0.469

9 	  45.25	 -20.16	  12.09
	  0.412	 -0.394	  0.821
	  0.769	  0.634	 -0.082
	 -0.489	  0.665	  0.564

2 	  32.75	  -6.79	  22.96
	  0.829	  0.554	 -0.064
	 -0.555	  0.831	  0.015
	  0.061	  0.023	  0.998

3 	  43.70	   0.67	   2.09
	 -0.425	  0.141	 -0.894
	  0.062	 -0.981	 -0.185
	 -0.903	 -0.134	  0.407

4 	  36.91	   6.22	  -4.83
	  0.473	  0.870	  0.137
	 -0.822	  0.379	  0.424
	  0.317	 -0.314	  0.895

5 	  36.16	  12.18	   6.82
	  0.168	  0.684	  0.710
	  0.360	 -0.713	  0.601
	  0.917	  0.154	 -0.367

6 	  40.08	  20.58	  14.47
	  0.276	  0.415	  0.867
	 -0.900	  0.427	  0.083
	 -0.336	 -0.804	  0.491

7 	  39.06	  -7.65	  -5.27
	  0.376	 -0.881	  0.286
	  0.919	  0.314	 -0.238
	  0.120	  0.353	  0.928

8 	  38.87	 -13.15	   5.57
	  0.328	 -0.693	  0.642
	 -0.346	 -0.720	 -0.601
	  0.879	 -0.025	 -0.476

9 	  45.23	 -20.43	  11.83
	  0.414	 -0.410	  0.812
	  0.774	  0.628	 -0.077
	 -0.479	  0.661	  0.577

2 	  32.75	  -6.79	  22.96
	  0.829	  0.554	 -0.064
	 -0.555	  0.832	  0.015
	  0.061	  0.023	  0.998

3 	  43.70	   0.67	   2.09
	 -0.425	  0.142	 -0.894
	  0.061	 -0.981	 -0.184
	 -0.903	 -0.133	  0.408

4 	  36.93	   6.21	  -4.82
	  0.474	  0.869	  0.137
	 -0.822	  0.381	  0.423
	  0.316	 -0.314	  0.895

5 	  36.19	  12.30	   6.75
	  0.172	  0.694	  0.699
	  0.360	 -0.705	  0.611
	  0.917	  0.147	 -0.371

6 	  40.13	  20.81	  14.24
	  0.279	  0.427	  0.860
	 -0.899	  0.430	  0.078
	 -0.337	 -0.795	  0.504

7 	  39.06	  -7.66	  -5.27
	  0.375	 -0.882	  0.284
	  0.919	  0.314	 -0.239
	  0.121	  0.351	  0.928

8 	  38.88	 -13.29	   5.45
	  0.326	 -0.709	  0.625
	 -0.363	 -0.705	 -0.610
	  0.873	 -0.028	 -0.487

9 	  45.18	 -20.79	  11.50
	  0.417	 -0.432	  0.800
	  0.782	  0.619	 -0.074
	 -0.463	  0.656	  0.595

2 	  32.75	  -6.79	  22.96
	  0.829	  0.555	 -0.064
	 -0.555	  0.831	  0.015
	  0.061	  0.023	  0.998

3 	  43.70	   0.67	   2.09
	 -0.424	  0.141	 -0.894
	  0.060	 -0.981	 -0.184
	 -0.903	 -0.132	  0.408

4 	  36.95	   6.21	  -4.83
	  0.475	  0.869	  0.136
	 -0.821	  0.382	  0.423
	  0.316	 -0.313	  0.896

5 	  36.26	  12.46	   6.61
	  0.177	  0.707	  0.684
	  0.359	 -0.694	  0.624
	  0.916	  0.135	 -0.377

6 	  40.24	  21.13	  13.94
	  0.284	  0.444	  0.850
	 -0.896	  0.438	  0.070
	 -0.342	 -0.781	  0.522

7 	  39.02	  -7.65	  -5.27
	  0.375	 -0.883	  0.283
	  0.918	  0.314	 -0.239
	  0.122	  0.349	  0.929

8 	  38.88	 -13.45	   5.33
	  0.324	 -0.725	  0.607
	 -0.377	 -0.688	 -0.620
	  0.867	 -0.028	 -0.496

9 	  45.16	 -21.16	  11.11
	  0.420	 -0.454	  0.786
	  0.788	  0.612	 -0.068
	 -0.450	  0.648	  0.614

2 	  32.75	  -6.79	  22.96
	  0.829	  0.555	 -0.064
	 -0.555	  0.831	  0.015
	  0.061	  0.023	  0.998

3 	  43.72	   0.65	   2.09
	 -0.424	  0.141	 -0.894
	  0.059	 -0.981	 -0.183
	 -0.903	 -0.131	  0.408

4 	  36.98	   6.19	  -4.83
	  0.475	  0.869	  0.135
	 -0.821	  0.383	  0.422
	  0.315	 -0.312	  0.896

5 	  36.28	  12.62	   6.50
	  0.179	  0.719	  0.671
	  0.355	 -0.684	  0.637
	  0.917	  0.124	 -0.378

6 	  40.29	  21.39	  13.68
	  0.285	  0.458	  0.842
	 -0.894	  0.445	  0.061
	 -0.347	 -0.770	  0.536

7 	  39.04	  -7.66	  -5.29
	  0.376	 -0.883	  0.280
	  0.918	  0.315	 -0.239
	  0.122	  0.347	  0.930

8 	  38.90	 -13.61	   5.22
	  0.322	 -0.739	  0.591
	 -0.386	 -0.673	 -0.631
	  0.864	 -0.025	 -0.502

9 	  45.14	 -21.50	  10.74
	  0.423	 -0.475	  0.772
	  0.792	  0.608	 -0.060
	 -0.441	  0.637	  0.632

2 	  32.75	  -6.79	  22.96
	  0.829	  0.555	 -0.064
	 -0.555	  0.831	  0.015
	  0.061	  0.023	  0.998

3 	  43.72	   0.65	   2.09
	 -0.424	  0.142	 -0.894
	  0.058	 -0.981	 -0.183
	 -0.904	 -0.130	  0.408

4 	  36.97	   6.17	  -4.85
	  0.476	  0.869	  0.134
	 -0.821	  0.384	  0.422
	  0.315	 -0.311	  0.896

5 	  36.30	  12.74	   6.38
	  0.181	  0.729	  0.660
	  0.357	 -0.674	  0.646
	  0.916	  0.119	 -0.382

6 	  40.31	  21.55	  13.41
	  0.288	  0.469	  0.834
	 -0.893	  0.447	  0.057
	 -0.347	 -0.761	  0.547

7 	  39.04	  -7.68	  -5.27
	  0.377	 -0.883	  0.278
	  0.918	  0.317	 -0.238
	  0.121	  0.345	  0.931

8 	  38.94	 -13.71	   5.13
	  0.322	 -0.747	  0.582
	 -0.390	 -0.665	 -0.637
	  0.863	 -0.022	 -0.505

9 	  45.12	 -21.67	  10.55
	  0.423	 -0.486	  0.764
	  0.794	  0.605	 -0.054
	 -0.437	  0.630	  0.642

2 	  32.77	  -6.77	  22.96
	  0.829	  0.555	 -0.064
	 -0.555	  0.831	  0.015
	  0.061	  0.023	  0.998

3 	  43.72	   0.63	   2.09
	 -0.424	  0.142	 -0.895
	  0.058	 -0.981	 -0.183
	 -0.904	 -0.129	  0.408

4 	  37.00	   6.17	  -4.85
	  0.476	  0.869	  0.132
	 -0.821	  0.385	  0.421
	  0.316	 -0.309	  0.897

5 	  36.30	  12.81	   6.29
	  0.183	  0.736	  0.652
	  0.360	 -0.667	  0.652
	  0.914	  0.115	 -0.387

6 	  40.32	  21.73	  13.27
	  0.289	  0.477	  0.830
	 -0.893	  0.446	  0.054
	 -0.345	 -0.757	  0.555

7 	  39.06	  -7.66	  -5.26
	  0.379	 -0.883	  0.277
	  0.917	  0.320	 -0.236
	  0.120	  0.344	  0.931

8 	  38.94	 -13.73	   5.10
	  0.321	 -0.751	  0.577
	 -0.393	 -0.660	 -0.640
	  0.862	 -0.021	 -0.507

9 	  45.12	 -21.76	  10.44
	  0.423	 -0.492	  0.761
	  0.795	  0.604	 -0.052
	 -0.434	  0.627	  0.646

2 	  32.75	  -6.77	  22.96
	  0.829	  0.555	 -0.064
	 -0.555	  0.831	  0.015
	  0.061	  0.023	  0.998

3 	  43.72	   0.63	   2.09
	 -0.423	  0.142	 -0.895
	  0.057	 -0.981	 -0.183
	 -0.904	 -0.129	  0.407

4 	  37.00	   6.15	  -4.87
	  0.476	  0.869	  0.131
	 -0.821	  0.386	  0.421
	  0.315	 -0.308	  0.897

5 	  36.33	  12.90	   6.22
	  0.187	  0.743	  0.642
	  0.363	 -0.660	  0.658
	  0.912	  0.110	 -0.393

6 	  40.38	  21.87	  13.04
	  0.292	  0.488	  0.822
	 -0.893	  0.448	  0.052
	 -0.343	 -0.749	  0.566

7 	  39.06	  -7.66	  -5.27
	  0.380	 -0.883	  0.276
	  0.917	  0.322	 -0.236
	  0.119	  0.343	  0.932

8 	  38.94	 -13.80	   5.03
	  0.319	 -0.757	  0.569
	 -0.399	 -0.652	 -0.644
	  0.859	 -0.021	 -0.511

9 	  45.09	 -21.94	  10.27
	  0.420	 -0.503	  0.755
	  0.799	  0.600	 -0.045
	 -0.430	  0.622	  0.654

2 	  32.75	  -6.79	  22.94
	  0.829	  0.555	 -0.064
	 -0.555	  0.831	  0.015
	  0.062	  0.023	  0.998

3 	  43.72	   0.63	   2.09
	 -0.423	  0.142	 -0.895
	  0.057	 -0.981	 -0.184
	 -0.904	 -0.129	  0.407

4 	  37.00	   6.15	  -4.87
	  0.476	  0.870	  0.130
	 -0.821	  0.386	  0.421
	  0.316	 -0.307	  0.897

5 	  36.39	  13.03	   6.13
	  0.190	  0.751	  0.631
	  0.365	 -0.651	  0.665
	  0.911	  0.104	 -0.399

6 	  40.45	  22.11	  12.80
	  0.296	  0.500	  0.814
	 -0.893	  0.448	  0.049
	 -0.340	 -0.741	  0.579

7 	  39.06	  -7.65	  -5.26
	  0.382	 -0.882	  0.276
	  0.916	  0.324	 -0.234
	  0.117	  0.342	  0.932

8 	  38.95	 -13.89	   4.94
	  0.318	 -0.765	  0.560
	 -0.403	 -0.644	 -0.651
	  0.858	 -0.019	 -0.513

9 	  45.05	 -22.11	  10.07
	  0.417	 -0.515	  0.748
	  0.802	  0.596	 -0.037
	 -0.428	  0.615	  0.662

2 	  32.75	  -6.79	  22.96
	  0.829	  0.555	 -0.064
	 -0.555	  0.831	  0.015
	  0.061	  0.023	  0.998

3 	  43.72	   0.63	   2.09
	 -0.423	  0.143	 -0.895
	  0.057	 -0.981	 -0.184
	 -0.904	 -0.129	  0.406

4 	  37.00	   6.13	  -4.87
	  0.476	  0.870	  0.128
	 -0.821	  0.387	  0.420
	  0.316	 -0.305	  0.898

5 	  36.44	  13.06	   6.08
	  0.191	  0.758	  0.624
	  0.374	 -0.644	  0.667
	  0.907	  0.105	 -0.407

6 	  40.52	  22.27	  12.52
	  0.313	  0.517	  0.796
	 -0.911	  0.401	  0.098
	 -0.269	 -0.756	  0.597

7 	  39.06	  -7.66	  -5.26
	  0.384	 -0.881	  0.275
	  0.916	  0.327	 -0.234
	  0.116	  0.342	  0.932

8 	  38.99	 -13.92	   4.89
	  0.319	 -0.771	  0.552
	 -0.408	 -0.637	 -0.654
	  0.855	 -0.016	 -0.518

9 	  45.07	 -22.22	   9.93
	  0.418	 -0.522	  0.743
	  0.803	  0.594	 -0.035
	 -0.424	  0.611	  0.668

2 	  32.75	  -6.79	  22.96
	  0.829	  0.555	 -0.064
	 -0.555	  0.831	  0.015
	  0.061	  0.023	  0.998

3 	  43.72	   0.62	   2.07
	 -0.423	  0.144	 -0.895
	  0.057	 -0.981	 -0.185
	 -0.904	 -0.129	  0.406

4 	  37.00	   6.13	  -4.89
	  0.474	  0.871	  0.125
	 -0.822	  0.387	  0.418
	  0.315	 -0.301	  0.900

5 	  36.53	  12.97	   6.13
	  0.187	  0.762	  0.619
	  0.415	 -0.633	  0.653
	  0.890	  0.135	 -0.435

6 	  40.24	  22.46	  12.48
	  0.324	  0.542	  0.775
	 -0.938	  0.290	  0.190
	 -0.122	 -0.789	  0.603

7 	  39.08	  -7.66	  -5.24
	  0.387	 -0.880	  0.274
	  0.915	  0.330	 -0.233
	  0.114	  0.341	  0.933

8 	  39.04	 -14.01	   4.85
	  0.320	 -0.775	  0.545
	 -0.412	 -0.632	 -0.656
	  0.853	 -0.014	 -0.522

9 	  45.09	 -22.34	   9.81
	  0.420	 -0.529	  0.738
	  0.805	  0.592	 -0.034
	 -0.419	  0.608	  0.674

2 	  32.75	  -6.79	  22.96
	  0.829	  0.554	 -0.064
	 -0.555	  0.831	  0.015
	  0.061	  0.023	  0.998

3 	  43.72	   0.62	   2.09
	 -0.422	  0.144	 -0.895
	  0.057	 -0.981	 -0.185
	 -0.905	 -0.130	  0.406

4 	  37.02	   6.13	  -4.89
	  0.475	  0.871	  0.124
	 -0.822	  0.388	  0.417
	  0.316	 -0.300	  0.900

5 	  36.58	  12.90	   6.22
	  0.178	  0.765	  0.619
	  0.453	 -0.622	  0.638
	  0.873	  0.167	 -0.458

6 	  39.96	  22.59	  12.43
	  0.329	  0.575	  0.748
	 -0.943	  0.153	  0.297
	  0.056	 -0.804	  0.593

7 	  39.08	  -7.65	  -5.24
	  0.388	 -0.880	  0.274
	  0.914	  0.331	 -0.232
	  0.114	  0.340	  0.933

8 	  39.04	 -14.01	   4.83
	  0.321	 -0.776	  0.542
	 -0.415	 -0.630	 -0.657
	  0.851	 -0.014	 -0.524

9 	  45.09	 -22.38	   9.76
	  0.421	 -0.532	  0.735
	  0.806	  0.591	 -0.034
	 -0.417	  0.607	  0.677

2 	  32.75	  -6.77	  22.96
	  0.829	  0.555	 -0.064
	 -0.555	  0.831	  0.015
	  0.061	  0.023	  0.998

3 	  43.72	   0.62	   2.07
	 -0.422	  0.145	 -0.895
	  0.057	 -0.981	 -0.186
	 -0.905	 -0.130	  0.406

4 	  37.02	   6.13	  -4.89
	  0.474	  0.871	  0.123
	 -0.821	  0.388	  0.418
	  0.316	 -0.300	  0.900

5 	  36.62	  12.83	   6.24
	  0.172	  0.766	  0.619
	  0.479	 -0.614	  0.627
	  0.860	  0.189	 -0.474

6 	  39.66	  22.73	  12.36
	  0.328	  0.605	  0.726
	 -0.927	  0.057	  0.371
	  0.183	 -0.794	  0.579

7 	  39.09	  -7.65	  -5.24
	  0.388	 -0.880	  0.273
	  0.914	  0.332	 -0.232
	  0.114	  0.340	  0.933

8 	  39.06	 -14.01	   4.82
	  0.320	 -0.777	  0.541
	 -0.417	 -0.629	 -0.656
	  0.850	 -0.016	 -0.526

9 	  45.09	 -22.41	   9.70
	  0.421	 -0.533	  0.734
	  0.807	  0.589	 -0.034
	 -0.415	  0.606	  0.678

2 	  32.75	  -6.79	  22.96
	  0.829	  0.555	 -0.064
	 -0.555	  0.831	  0.015
	  0.061	  0.023	  0.998

3 	  43.72	   0.62	   2.07
	 -0.422	  0.145	 -0.895
	  0.057	 -0.981	 -0.186
	 -0.905	 -0.130	  0.406

4 	  37.02	   6.12	  -4.90
	  0.474	  0.872	  0.123
	 -0.821	  0.388	  0.418
	  0.317	 -0.299	  0.900

5 	  36.65	  12.71	   6.29
	  0.161	  0.768	  0.619
	  0.514	 -0.601	  0.612
	  0.842	  0.220	 -0.492

6 	  39.41	  22.66	  12.38
	  0.324	  0.629	  0.707
	 -0.894	 -0.040	  0.445
	  0.308	 -0.776	  0.549

7 	  39.09	  -7.65	  -5.24
	  0.389	 -0.880	  0.273
	  0.914	  0.332	 -0.233
	  0.114	  0.340	  0.933

8 	  39.06	 -14.01	   4.82
	  0.318	 -0.779	  0.540
	 -0.422	 -0.627	 -0.655
	  0.849	 -0.020	 -0.528

9 	  45.05	 -22.46	   9.65
	  0.419	 -0.537	  0.732
	  0.810	  0.585	 -0.035
	 -0.410	  0.607	  0.680

2 	  32.75	  -6.79	  22.96
	  0.829	  0.555	 -0.064
	 -0.555	  0.831	  0.015
	  0.061	  0.023	  0.998

3 	  43.72	   0.62	   2.07
	 -0.422	  0.145	 -0.895
	  0.057	 -0.981	 -0.187
	 -0.905	 -0.130	  0.406

4 	  37.00	   6.12	  -4.90
	  0.474	  0.872	  0.121
	 -0.821	  0.389	  0.418
	  0.317	 -0.298	  0.900

5 	  36.76	  12.62	   6.38
	  0.149	  0.771	  0.619
	  0.561	 -0.582	  0.589
	  0.814	  0.260	 -0.519

6 	  39.06	  22.69	  12.52
	  0.307	  0.661	  0.684
	 -0.835	 -0.159	  0.527
	  0.457	 -0.733	  0.503

7 	  39.08	  -7.65	  -5.24
	  0.389	 -0.880	  0.273
	  0.914	  0.332	 -0.233
	  0.114	  0.340	  0.933

8 	  39.06	 -14.01	   4.83
	  0.316	 -0.780	  0.540
	 -0.429	 -0.625	 -0.652
	  0.846	 -0.025	 -0.532

9 	  44.98	 -22.52	   9.62
	  0.417	 -0.542	  0.729
	  0.815	  0.578	 -0.037
	 -0.402	  0.610	  0.682

2 	  32.75	  -6.79	  22.96
	  0.829	  0.555	 -0.064
	 -0.555	  0.831	  0.015
	  0.061	  0.023	  0.998

3 	  43.72	   0.62	   2.09
	 -0.422	  0.146	 -0.894
	  0.057	 -0.981	 -0.187
	 -0.904	 -0.130	  0.406

4 	  37.02	   6.10	  -4.92
	  0.475	  0.872	  0.119
	 -0.821	  0.390	  0.418
	  0.318	 -0.296	  0.901

5 	  36.93	  12.45	   6.45
	  0.140	  0.772	  0.619
	  0.613	 -0.559	  0.558
	  0.778	  0.301	 -0.552

6 	  38.85	  22.57	  12.57
	  0.293	  0.691	  0.661
	 -0.756	 -0.256	  0.602
	  0.585	 -0.676	  0.448

7 	  39.08	  -7.65	  -5.26
	  0.389	 -0.880	  0.273
	  0.914	  0.332	 -0.232
	  0.114	  0.340	  0.933

8 	  39.08	 -14.03	   4.80
	  0.315	 -0.782	  0.538
	 -0.443	 -0.623	 -0.645
	  0.839	 -0.036	 -0.543

9 	  44.95	 -22.61	   9.54
	  0.415	 -0.547	  0.726
	  0.821	  0.569	 -0.041
	 -0.391	  0.614	  0.686

2 	  32.75	  -6.79	  22.96
	  0.829	  0.555	 -0.064
	 -0.555	  0.831	  0.015
	  0.061	  0.023	  0.998

3 	  43.72	   0.60	   2.09
	 -0.423	  0.146	 -0.894
	  0.057	 -0.980	 -0.188
	 -0.904	 -0.131	  0.406

4 	  37.02	   6.10	  -4.94
	  0.475	  0.872	  0.117
	 -0.820	  0.390	  0.418
	  0.318	 -0.295	  0.901

5 	  37.05	  12.32	   6.54
	  0.133	  0.770	  0.624
	  0.654	 -0.542	  0.529
	  0.745	  0.337	 -0.576

6 	  38.74	  22.45	  12.76
	  0.276	  0.708	  0.650
	 -0.691	 -0.324	  0.646
	  0.668	 -0.628	  0.399

7 	  39.08	  -7.66	  -5.24
	  0.389	 -0.879	  0.273
	  0.914	  0.333	 -0.232
	  0.113	  0.340	  0.933

8 	  39.11	 -14.01	   4.82
	  0.312	 -0.781	  0.541
	 -0.453	 -0.623	 -0.639
	  0.835	 -0.046	 -0.548

9 	  44.84	 -22.68	   9.54
	  0.405	 -0.555	  0.727
	  0.836	  0.547	 -0.049
	 -0.371	  0.627	  0.685

2 	  32.75	  -6.79	  22.96
	  0.829	  0.555	 -0.064
	 -0.555	  0.831	  0.015
	  0.061	  0.023	  0.998

3 	  43.70	   0.60	   2.09
	 -0.425	  0.147	 -0.893
	  0.058	 -0.980	 -0.189
	 -0.903	 -0.132	  0.408

4 	  37.02	   6.08	  -4.94
	  0.474	  0.873	  0.117
	 -0.821	  0.390	  0.418
	  0.319	 -0.294	  0.901

5 	  37.14	  12.20	   6.61
	  0.131	  0.766	  0.630
	  0.679	 -0.532	  0.506
	  0.722	  0.361	 -0.590

6 	  38.71	  22.29	  12.92
