2 	  33.36	  -8.24	  22.75
	  0.570	  0.820	 -0.044
	 -0.822	  0.569	 -0.031
	 -0.000	  0.054	  0.998

3 	  39.60	   0.88	  -2.65
	  0.359	 -0.123	 -0.925
	  0.108	  0.990	 -0.090
	  0.927	 -0.068	  0.368

4 	  44.67	   7.66	  -5.17
	  0.683	  0.630	  0.368
	 -0.727	  0.535	  0.430
	  0.073	 -0.562	  0.824

5 	  50.73	  11.55	  15.56
	  0.312	 -0.151	  0.938
	 -0.269	  0.933	  0.240
	 -0.911	 -0.328	  0.250

6 	  44.56	  12.13	   4.97
	 -0.120	 -0.223	 -0.967
	  0.708	  0.664	 -0.240
	  0.697	 -0.713	  0.080

7 	  44.81	  -6.71	  -5.40
	  0.707	 -0.690	  0.150
	  0.669	  0.585	 -0.458
	  0.229	  0.425	  0.875

8 	  50.45	 -11.43	  14.99
	  0.427	  0.161	  0.889
	  0.596	  0.693	 -0.405
	 -0.686	  0.699	  0.200

9 	  44.33	 -11.23	   4.90
	 -0.175	  0.187	 -0.966
	 -0.685	  0.682	  0.255
	  0.708	  0.706	  0.010

2 	  33.36	  -8.24	  22.76
	  0.570	  0.820	 -0.044
	 -0.822	  0.568	 -0.031
	 -0.000	  0.054	  0.998

3 	  39.60	   0.88	  -2.64
	  0.358	 -0.123	 -0.926
	  0.106	  0.990	 -0.091
	  0.928	 -0.066	  0.367

4 	  44.65	   7.68	  -5.15
	  0.683	  0.630	  0.370
	 -0.727	  0.535	  0.430
	  0.073	 -0.563	  0.823

5 	  50.70	  11.57	  15.57
	  0.313	 -0.152	  0.937
	 -0.276	  0.930	  0.244
	 -0.908	 -0.335	  0.249

6 	  44.53	  12.15	   4.99
	 -0.119	 -0.224	 -0.967
	  0.708	  0.664	 -0.240
	  0.697	 -0.713	  0.081

7 	  44.81	  -6.70	  -5.38
	  0.707	 -0.691	  0.151
	  0.670	  0.585	 -0.457
	  0.227	  0.424	  0.876

8 	  50.45	 -11.43	  14.99
	  0.429	  0.160	  0.889
	  0.596	  0.692	 -0.406
	 -0.685	  0.700	  0.201

9 	  44.31	 -11.23	   4.92
	 -0.175	  0.188	 -0.966
	 -0.684	  0.683	  0.256
	  0.709	  0.705	  0.011

2 	  33.36	  -8.24	  22.75
	  0.570	  0.820	 -0.044
	 -0.822	  0.568	 -0.031
	 -0.000	  0.054	  0.998

3 	  39.60	   0.88	  -2.65
	  0.357	 -0.123	 -0.926
	  0.107	  0.990	 -0.091
	  0.928	 -0.066	  0.367

4 	  44.67	   7.68	  -5.12
	  0.682	  0.629	  0.372
	 -0.728	  0.534	  0.430
	  0.071	 -0.564	  0.822

5 	  50.68	  11.53	  15.59
	  0.312	 -0.154	  0.937
	 -0.279	  0.928	  0.245
	 -0.908	 -0.339	  0.247

6 	  44.54	  12.13	   5.01
	 -0.118	 -0.224	 -0.967
	  0.709	  0.663	 -0.239
	  0.696	 -0.713	  0.081

7 	  44.81	  -6.70	  -5.38
	  0.706	 -0.691	  0.152
	  0.671	  0.585	 -0.455
	  0.226	  0.424	  0.877

8 	  50.43	 -11.43	  14.99
	  0.430	  0.159	  0.888
	  0.598	  0.690	 -0.407
	 -0.683	  0.702	  0.201

9 	  44.30	 -11.21	   4.94
	 -0.174	  0.189	 -0.966
	 -0.683	  0.683	  0.256
	  0.709	  0.704	  0.011

2 	  33.36	  -8.24	  22.76
	  0.570	  0.820	 -0.044
	 -0.822	  0.568	 -0.031
	 -0.000	  0.054	  0.998

3 	  39.60	   0.88	  -2.65
	  0.357	 -0.123	 -0.926
	  0.106	  0.990	 -0.091
	  0.928	 -0.066	  0.366

4 	  44.65	   7.70	  -5.10
	  0.681	  0.629	  0.374
	 -0.729	  0.533	  0.429
	  0.069	 -0.566	  0.821

5 	  50.64	  11.55	  15.63
	  0.313	 -0.155	  0.937
	 -0.287	  0.925	  0.249
	 -0.905	 -0.347	  0.245

6 	  44.51	  12.13	   5.01
	 -0.117	 -0.224	 -0.968
	  0.708	  0.664	 -0.238
	  0.697	 -0.713	  0.082

7 	  44.81	  -6.70	  -5.38
	  0.707	 -0.691	  0.152
	  0.671	  0.586	 -0.454
	  0.224	  0.423	  0.878

8 	  50.43	 -11.43	  15.01
	  0.432	  0.159	  0.888
	  0.598	  0.690	 -0.408
	 -0.682	  0.703	  0.202

9 	  44.28	 -11.21	   4.94
	 -0.175	  0.190	 -0.966
	 -0.682	  0.684	  0.257
	  0.710	  0.703	  0.012

2 	  33.36	  -8.24	  22.76
	  0.570	  0.820	 -0.044
	 -0.822	  0.568	 -0.031
	  0.000	  0.054	  0.998

3 	  39.60	   0.90	  -2.65
	  0.358	 -0.123	 -0.926
	  0.106	  0.990	 -0.091
	  0.928	 -0.065	  0.367

4 	  44.67	   7.70	  -5.10
	  0.681	  0.628	  0.376
	 -0.729	  0.532	  0.430
	  0.069	 -0.567	  0.820

5 	  50.62	  11.55	  15.63
	  0.314	 -0.156	  0.936
	 -0.289	  0.924	  0.250
	 -0.904	 -0.349	  0.245

6 	  44.49	  12.15	   5.03
	 -0.116	 -0.224	 -0.968
	  0.708	  0.664	 -0.238
	  0.697	 -0.712	  0.082

7 	  44.79	  -6.68	  -5.36
	  0.707	 -0.691	  0.153
	  0.672	  0.586	 -0.453
	  0.223	  0.423	  0.878

8 	  50.43	 -11.41	  15.01
	  0.432	  0.159	  0.887
	  0.599	  0.689	 -0.408
	 -0.681	  0.703	  0.202

9 	  44.26	 -11.20	   4.96
	 -0.175	  0.190	 -0.966
	 -0.683	  0.683	  0.258
	  0.710	  0.704	  0.012

2 	  33.35	  -8.24	  22.75
	  0.570	  0.820	 -0.044
	 -0.822	  0.568	 -0.031
	 -0.000	  0.054	  0.998

3 	  39.59	   0.90	  -2.64
	  0.358	 -0.123	 -0.926
	  0.106	  0.990	 -0.091
	  0.928	 -0.065	  0.367

4 	  44.67	   7.70	  -5.08
	  0.681	  0.628	  0.377
	 -0.729	  0.532	  0.429
	  0.068	 -0.568	  0.820

5 	  50.62	  11.55	  15.63
	  0.314	 -0.157	  0.936
	 -0.291	  0.923	  0.252
	 -0.904	 -0.352	  0.244

6 	  44.47	  12.15	   5.04
	 -0.116	 -0.223	 -0.968
	  0.708	  0.665	 -0.237
	  0.697	 -0.712	  0.083

7 	  44.79	  -6.66	  -5.36
	  0.707	 -0.690	  0.153
	  0.672	  0.587	 -0.452
	  0.222	  0.422	  0.878

8 	  50.43	 -11.43	  15.01
	  0.432	  0.158	  0.888
	  0.599	  0.689	 -0.408
	 -0.681	  0.704	  0.202

9 	  44.26	 -11.20	   4.94
	 -0.175	  0.191	 -0.966
	 -0.684	  0.682	  0.258
	  0.709	  0.705	  0.012

2 	  33.36	  -8.24	  22.76
	  0.570	  0.820	 -0.044
	 -0.822	  0.568	 -0.031
	 -0.000	  0.054	  0.998

3 	  39.59	   0.91	  -2.65
	  0.357	 -0.121	 -0.926
	  0.104	  0.990	 -0.090
	  0.928	 -0.064	  0.366

4 	  44.67	   7.73	  -5.08
	  0.680	  0.628	  0.378
	 -0.730	  0.531	  0.429
	  0.068	 -0.568	  0.820

5 	  50.61	  11.55	  15.63
	  0.314	 -0.158	  0.936
	 -0.291	  0.922	  0.253
	 -0.904	 -0.353	  0.243

6 	  44.47	  12.16	   5.04
	 -0.116	 -0.223	 -0.968
	  0.708	  0.665	 -0.236
	  0.697	 -0.712	  0.082

7 	  44.81	  -6.64	  -5.36
	  0.708	 -0.690	  0.153
	  0.671	  0.588	 -0.451
	  0.222	  0.422	  0.879

8 	  50.43	 -11.41	  15.01
	  0.432	  0.158	  0.887
	  0.598	  0.690	 -0.407
	 -0.682	  0.703	  0.203

9 	  44.30	 -11.20	   4.92
	 -0.175	  0.191	 -0.966
	 -0.685	  0.681	  0.258
	  0.708	  0.706	  0.013

2 	  33.36	  -8.24	  22.76
	  0.570	  0.820	 -0.044
	 -0.822	  0.568	 -0.031
	  0.000	  0.054	  0.998

3 	  39.59	   0.91	  -2.64
	  0.357	 -0.120	 -0.926
	  0.105	  0.990	 -0.089
	  0.928	 -0.065	  0.366

4 	  44.65	   7.72	  -5.08
	  0.681	  0.628	  0.377
	 -0.729	  0.532	  0.430
	  0.069	 -0.568	  0.820

5 	  50.62	  11.55	  15.61
	  0.315	 -0.158	  0.936
	 -0.290	  0.922	  0.254
	 -0.904	 -0.352	  0.244

6 	  44.56	  12.23	   4.82
	 -0.077	 -0.264	 -0.961
	  0.695	  0.677	 -0.240
	  0.715	 -0.686	  0.133

7 	  44.81	  -6.64	  -5.38
	  0.708	 -0.689	  0.152
	  0.671	  0.588	 -0.451
	  0.222	  0.422	  0.879

8 	  50.43	 -11.44	  14.91
	  0.438	  0.150	  0.886
	  0.610	  0.677	 -0.411
	 -0.667	  0.716	  0.205

9 	  44.23	 -11.13	   4.85
	 -0.175	  0.190	 -0.966
	 -0.676	  0.690	  0.257
	  0.716	  0.698	  0.009

2 	  33.36	  -8.24	  22.76
	  0.570	  0.820	 -0.044
	 -0.822	  0.568	 -0.031
	 -0.000	  0.054	  0.998

3 	  39.52	   0.90	  -2.62
	  0.349	 -0.127	 -0.928
	  0.092	  0.990	 -0.102
	  0.932	 -0.050	  0.358

4 	  44.42	   7.66	  -5.22
	  0.667	  0.645	  0.372
	 -0.740	  0.522	  0.422
	  0.078	 -0.558	  0.826

5 	  52.22	  12.32	  14.38
	  0.480	 -0.112	  0.870
	 -0.380	  0.868	  0.320
	 -0.792	 -0.484	  0.373

6 	  44.81	  12.18	   4.71
	 -0.177	 -0.297	 -0.938
	  0.633	  0.696	 -0.338
	  0.755	 -0.653	  0.067

7 	  44.38	  -6.64	  -5.38
	  0.698	 -0.699	  0.153
	  0.681	  0.582	 -0.444
	  0.221	  0.414	  0.883

8 	  52.17	 -12.62	  13.13
	  0.619	  0.080	  0.781
	  0.575	  0.633	 -0.518
	 -0.539	  0.767	  0.347

9 	  44.46	 -11.41	   4.82
	 -0.320	  0.273	 -0.907
	 -0.554	  0.723	  0.411
	  0.770	  0.633	 -0.079

2 	  33.35	  -8.24	  22.76
	  0.570	  0.820	 -0.044
	 -0.822	  0.569	 -0.031
	 -0.000	  0.054	  0.998

3 	  39.22	   0.77	  -2.53
	  0.321	 -0.140	 -0.937
	  0.054	  0.990	 -0.129
	  0.945	 -0.009	  0.325

4 	  43.88	   7.40	  -5.34
	  0.656	  0.676	  0.336
	 -0.747	  0.516	  0.418
	  0.109	 -0.526	  0.843

5 	  54.49	  12.94	  11.60
	  0.719	 -0.077	  0.690
	 -0.366	  0.803	  0.469
	 -0.591	 -0.589	  0.550

6 	  45.42	  12.18	   4.20
	 -0.349	 -0.332	 -0.876
	  0.547	  0.688	 -0.476
	  0.763	 -0.643	 -0.057

7 	  43.86	  -6.68	  -5.47
	  0.703	 -0.702	  0.115
	  0.662	  0.586	 -0.467
	  0.261	  0.404	  0.876

8 	  54.37	 -13.31	  10.34
	  0.801	  0.059	  0.596
	  0.420	  0.655	 -0.628
	 -0.429	  0.752	  0.500

9 	  45.12	 -11.87	   4.31
	 -0.463	  0.362	 -0.809
	 -0.443	  0.697	  0.564
	  0.770	  0.617	 -0.162

2 	  33.36	  -8.24	  22.75
	  0.570	  0.820	 -0.044
	 -0.822	  0.568	 -0.031
	 -0.000	  0.054	  0.998

3 	  39.01	   0.62	  -2.55
	  0.310	 -0.148	 -0.939
	  0.013	  0.988	 -0.151
	  0.951	  0.035	  0.308

4 	  43.45	   7.12	  -5.54
	  0.663	  0.690	  0.288
	 -0.734	  0.524	  0.431
	  0.147	 -0.498	  0.854

5 	  55.86	  13.39	   9.04
	  0.848	 -0.039	  0.529
	 -0.296	  0.792	  0.533
	 -0.441	 -0.608	  0.660

6 	  45.90	  12.22	   3.50
	 -0.467	 -0.373	 -0.801
	  0.462	  0.671	 -0.579
	  0.756	 -0.639	 -0.141

7 	  43.61	  -6.68	  -5.55
	  0.705	 -0.703	  0.090
	  0.650	  0.591	 -0.478
	  0.283	  0.395	  0.873

8 	  55.71	 -13.50	   7.66
	  0.903	  0.092	  0.420
	  0.241	  0.699	 -0.673
	 -0.356	  0.709	  0.608

9 	  45.54	 -12.23	   3.66
	 -0.535	  0.429	 -0.728
	 -0.352	  0.671	  0.652
	  0.770	  0.602	 -0.208

2 	  33.36	  -8.24	  22.76
	  0.570	  0.820	 -0.044
	 -0.822	  0.569	 -0.031
	 -0.000	  0.054	  0.998

3 	  38.97	   0.56	  -2.55
	  0.309	 -0.152	 -0.939
	 -0.005	  0.987	 -0.161
	  0.951	  0.054	  0.304

4 	  43.15	   6.89	  -5.77
	  0.664	  0.707	  0.243
	 -0.725	  0.530	  0.439
	  0.182	 -0.468	  0.865

5 	  56.79	  14.15	   5.87
	  0.945	  0.010	  0.326
	 -0.208	  0.788	  0.579
	 -0.252	 -0.616	  0.746

6 	  46.30	  12.45	   2.57
	 -0.563	 -0.437	 -0.701
	  0.331	  0.660	 -0.674
	  0.760	 -0.609	 -0.228

7 	  43.35	  -6.61	  -5.64
	  0.702	 -0.710	  0.052
	  0.638	  0.593	 -0.491
	  0.318	  0.378	  0.869

8 	  56.51	 -13.76	   4.43
	  0.973	  0.123	  0.197
	  0.046	  0.726	 -0.686
	 -0.228	  0.678	  0.698

9 	  45.76	 -12.67	   2.88
	 -0.583	  0.522	 -0.622
	 -0.215	  0.641	  0.737
	  0.785	  0.561	 -0.262

2 	  33.36	  -8.24	  22.75
	  0.570	  0.820	 -0.044
	 -0.822	  0.569	 -0.031
	 -0.000	  0.054	  0.998

3 	  38.90	   0.54	  -2.50
	  0.304	 -0.155	 -0.940
	 -0.014	  0.986	 -0.167
	  0.953	  0.063	  0.297

4 	  42.80	   6.64	  -5.98
	  0.663	  0.721	  0.202
	 -0.718	  0.535	  0.446
	  0.214	 -0.441	  0.872

5 	  57.04	  14.68	   3.13
	  0.985	  0.042	  0.167
	 -0.131	  0.809	  0.572
	 -0.112	 -0.586	  0.802

6 	  46.30	  12.60	   1.62
	 -0.607	 -0.508	 -0.611
	  0.211	  0.640	 -0.739
	  0.767	 -0.575	 -0.282

7 	  43.00	  -6.56	  -5.71
	  0.691	 -0.723	  0.004
	  0.625	  0.594	 -0.505
	  0.364	  0.351	  0.862

8 	  56.58	 -14.19	   1.72
	  0.991	  0.130	  0.030
	 -0.080	  0.755	 -0.651
	 -0.109	  0.645	  0.757

9 	  45.65	 -13.10	   2.06
	 -0.601	  0.596	 -0.532
	 -0.107	  0.601	  0.792
	  0.793	  0.531	 -0.299

2 	  33.36	  -8.24	  22.76
	  0.570	  0.820	 -0.044
	 -0.822	  0.569	 -0.031
	 -0.000	  0.054	  0.998

3 	  38.76	   0.47	  -2.46
	  0.295	 -0.155	 -0.943
	 -0.026	  0.985	 -0.170
	  0.955	  0.075	  0.286

4 	  42.38	   6.50	  -6.06
	  0.647	  0.736	  0.197
	 -0.727	  0.516	  0.453
	  0.232	 -0.437	  0.869

5 	  56.43	  15.56	   1.93
	  0.987	  0.104	  0.121
	 -0.153	  0.833	  0.531
	 -0.046	 -0.543	  0.838

6 	  45.58	  12.85	   1.14
	 -0.575	 -0.574	 -0.583
	  0.151	  0.627	 -0.764
	  0.805	 -0.525	 -0.274

7 	  42.71	  -6.40	  -5.77
	  0.670	 -0.742	 -0.018
	  0.634	  0.583	 -0.508
	  0.390	  0.329	  0.860

8 	  55.02	 -15.68	   1.56
	  0.998	  0.022	  0.049
	  0.014	  0.771	 -0.636
	 -0.052	  0.637	  0.769

9 	  43.95	 -13.15	   1.90
	 -0.468	  0.698	 -0.542
	 -0.033	  0.599	  0.799
	  0.884	  0.391	 -0.258

2 	  33.36	  -8.24	  22.76
	  0.570	  0.820	 -0.044
	 -0.822	  0.569	 -0.031
	 -0.000	  0.054	  0.998

3 	  38.72	   0.49	  -2.53
	  0.308	 -0.152	 -0.939
	 -0.073	  0.980	 -0.182
	  0.948	  0.125	  0.291

4 	  41.99	   6.43	  -6.15
	  0.592	  0.779	  0.206
	 -0.764	  0.460	  0.451
	  0.257	 -0.425	  0.868

5 	  54.16	  18.93	   1.23
	  0.907	  0.397	  0.140
	 -0.417	  0.795	  0.441
	  0.064	 -0.459	  0.886

6 	  44.35	  13.38	   0.42
	 -0.476	 -0.702	 -0.530
	 -0.009	  0.607	 -0.794
	  0.880	 -0.372	 -0.296

7 	  42.22	  -5.98	  -5.89
	  0.582	 -0.810	 -0.068
	  0.687	  0.534	 -0.493
	  0.437	  0.240	  0.866

8 	  50.98	 -19.27	   0.67
	  0.947	 -0.319	  0.045
	  0.276	  0.735	 -0.619
	  0.164	  0.598	  0.784

9 	  41.52	 -13.01	   1.04
	 -0.210	  0.849	 -0.484
	  0.135	  0.516	  0.845
	  0.968	  0.111	 -0.223

2 	  33.35	  -8.24	  22.76
	  0.570	  0.820	 -0.044
	 -0.822	  0.568	 -0.032
	 -0.001	  0.054	  0.998

3 	  38.51	   0.63	  -2.51
	  0.314	 -0.155	 -0.937
	 -0.120	  0.972	 -0.201
	  0.942	  0.175	  0.287

4 	  41.52	   6.45	  -6.19
	  0.558	  0.807	  0.192
	 -0.776	  0.425	  0.466
	  0.295	 -0.409	  0.863

5 	  52.49	  20.90	  -0.33
	  0.817	  0.572	  0.072
	 -0.546	  0.726	  0.418
	  0.187	 -0.382	  0.905

6 	  43.72	  13.73	  -0.30
	 -0.451	 -0.768	 -0.455
	 -0.125	  0.559	 -0.820
	  0.884	 -0.312	 -0.348

7 	  41.40	  -5.48	  -6.17
	  0.514	 -0.842	 -0.167
	  0.703	  0.523	 -0.481
	  0.494	  0.129	  0.859

8 	  48.69	 -21.29	  -2.21
	  0.829	 -0.554	 -0.073
	  0.412	  0.695	 -0.589
	  0.377	  0.458	  0.804

9 	  40.92	 -13.08	  -0.23
	 -0.145	  0.911	 -0.386
	  0.282	  0.412	  0.866
	  0.948	  0.016	 -0.317

2 	  33.35	  -8.24	  22.75
	  0.570	  0.820	 -0.044
	 -0.822	  0.568	 -0.031
	  0.000	  0.054	  0.998

3 	  38.21	   0.70	  -2.43
	  0.290	 -0.158	 -0.944
	 -0.130	  0.971	 -0.202
	  0.948	  0.181	  0.261

4 	  41.12	   6.38	  -6.28
	  0.552	  0.818	  0.161
	 -0.765	  0.419	  0.488
	  0.333	 -0.393	  0.857

5 	  51.98	  21.29	  -1.88
	  0.787	  0.616	 -0.006
	 -0.559	  0.716	  0.417
	  0.262	 -0.327	  0.908

6 	  43.58	  13.83	  -1.00
	 -0.474	 -0.797	 -0.374
	 -0.202	  0.511	 -0.835
	  0.857	 -0.320	 -0.403

7 	  40.94	  -5.27	  -6.29
	  0.485	 -0.842	 -0.236
	  0.680	  0.531	 -0.505
	  0.552	  0.084	  0.829

8 	  47.48	 -22.22	  -4.92
	  0.708	 -0.677	 -0.204
	  0.469	  0.664	 -0.582
	  0.531	  0.317	  0.786

9 	  41.06	 -13.27	  -1.34
	 -0.174	  0.945	 -0.277
	  0.402	  0.324	  0.856
	  0.899	  0.036	 -0.436

2 	  33.36	  -8.26	  22.76
	  0.570	  0.820	 -0.044
	 -0.822	  0.569	 -0.031
	 -0.000	  0.054	  0.998

3 	  38.14	   0.76	  -2.41
	  0.275	 -0.167	 -0.947
	 -0.125	  0.970	 -0.207
	  0.953	  0.175	  0.246

4 	  40.97	   6.26	  -6.36
	  0.551	  0.825	  0.125
	 -0.754	  0.427	  0.499
	  0.359	 -0.369	  0.857

5 	  51.84	  21.27	  -4.31
	  0.773	  0.620	 -0.135
	 -0.517	  0.738	  0.434
	  0.370	 -0.267	  0.890

6 	  43.80	  13.90	  -1.90
	 -0.502	 -0.819	 -0.276
	 -0.270	  0.452	 -0.850
	  0.822	 -0.352	 -0.448

7 	  40.75	  -5.12	  -6.35
	  0.468	 -0.840	 -0.274
	  0.654	  0.537	 -0.533
	  0.596	  0.069	  0.799

8 	  47.20	 -21.99	  -7.49
	  0.667	 -0.662	 -0.343
	  0.434	  0.718	 -0.544
	  0.608	  0.214	  0.764

9 	  41.31	 -13.36	  -2.23
	 -0.182	  0.965	 -0.187
	  0.462	  0.250	  0.851
	  0.869	  0.068	 -0.491

2 	  33.36	  -8.24	  22.75
	  0.570	  0.820	 -0.044
	 -0.822	  0.568	 -0.031
	  0.000	  0.054	  0.998

3 	  38.16	   0.81	  -2.37
	  0.264	 -0.169	 -0.949
	 -0.109	  0.973	 -0.203
	  0.958	  0.156	  0.239

4 	  40.94	   6.21	  -6.43
	  0.558	  0.824	  0.098
	 -0.740	  0.440	  0.508
	  0.376	 -0.356	  0.855

5 	  52.01	  20.85	  -6.28
	  0.774	  0.583	 -0.245
	 -0.452	  0.780	  0.431
	  0.444	 -0.225	  0.867

6 	  44.14	  13.89	  -2.69
	 -0.542	 -0.818	 -0.193
	 -0.317	  0.411	 -0.854
	  0.779	 -0.402	 -0.481

7 	  40.68	  -5.03	  -6.42
	  0.456	 -0.832	 -0.315
	  0.622	  0.550	 -0.556
	  0.638	  0.058	  0.768

8 	  47.48	 -21.13	  -9.70
	  0.668	 -0.584	 -0.461
	  0.375	  0.799	 -0.470
	  0.643	  0.143	  0.752

9 	  41.55	 -13.36	  -3.08
	 -0.190	  0.975	 -0.113
	  0.494	  0.193	  0.847
	  0.849	  0.105	 -0.518

2 	  33.36	  -8.24	  22.75
	  0.570	  0.820	 -0.044
	 -0.822	  0.568	 -0.031
	  0.000	  0.054	  0.998

3 	  38.18	   0.83	  -2.32
	  0.256	 -0.165	 -0.953
	 -0.083	  0.978	 -0.192
	  0.963	  0.128	  0.237

4 	  40.89	   6.13	  -6.50
	  0.561	  0.824	  0.072
	 -0.726	  0.447	  0.522
	  0.399	 -0.345	  0.849

5 	  52.08	  20.34	  -7.91
	  0.771	  0.541	 -0.336
	 -0.393	  0.818	  0.418
	  0.502	 -0.193	  0.843

6 	  44.37	  13.87	  -3.25
	 -0.567	 -0.814	 -0.127
	 -0.355	  0.379	 -0.854
	  0.744	 -0.440	 -0.503

7 	  40.61	  -4.89	  -6.57
	  0.452	 -0.816	 -0.360
	  0.579	  0.574	 -0.579
	  0.680	  0.052	  0.731

8 	  47.72	 -20.00	 -11.88
	  0.668	 -0.480	 -0.569
	  0.310	  0.874	 -0.374
	  0.677	  0.074	  0.732

9 	  41.84	 -13.32	  -4.01
	 -0.209	  0.977	 -0.026
	  0.524	  0.133	  0.841
	  0.826	  0.161	 -0.540

2 	  33.36	  -8.24	  22.75
	  0.570	  0.820	 -0.044
	 -0.822	  0.568	 -0.031
	 -0.000	  0.054	  0.998

3 	  38.18	   0.90	  -2.27
	  0.244	 -0.161	 -0.956
	 -0.058	  0.982	 -0.180
	  0.968	  0.098	  0.230

4 	  40.82	   6.12	  -6.54
	  0.569	  0.821	  0.044
	 -0.705	  0.459	  0.539
	  0.424	 -0.337	  0.840

5 	  52.15	  19.81	  -9.25
	  0.764	  0.496	 -0.413
	 -0.331	  0.849	  0.411
	  0.555	 -0.179	  0.812

6 	  44.56	  13.82	  -3.78
	 -0.590	 -0.804	 -0.073
	 -0.384	  0.359	 -0.851
	  0.711	 -0.474	 -0.520

7 	  40.46	  -4.76	  -6.66
	  0.453	 -0.796	 -0.400
	  0.533	  0.601	 -0.596
	  0.716	  0.057	  0.695

8 	  47.78	 -18.86	 -13.69
	  0.652	 -0.383	 -0.654
	  0.244	  0.923	 -0.296
	  0.718	  0.032	  0.695

9 	  42.06	 -13.18	  -4.89
	 -0.231	  0.971	  0.057
	  0.557	  0.082	  0.826
	  0.799	  0.222	 -0.559

2 	  33.36	  -8.26	  22.75
	  0.570	  0.820	 -0.044
	 -0.822	  0.569	 -0.031
	  0.000	  0.054	  0.998

3 	  38.13	   0.93	  -2.18
	  0.229	 -0.157	 -0.961
	 -0.029	  0.985	 -0.168
	  0.973	  0.066	  0.221

4 	  40.66	   6.10	  -6.56
	  0.579	  0.815	  0.009
	 -0.679	  0.475	  0.559
	  0.453	 -0.330	  0.828

5 	  52.19	  19.00	 -10.71
	  0.755	  0.430	 -0.496
	 -0.251	  0.887	  0.387
	  0.606	 -0.169	  0.777

6 	  44.75	  13.71	  -4.36
	 -0.614	 -0.789	 -0.009
	 -0.419	  0.334	 -0.844
	  0.670	 -0.515	 -0.535

7 	  40.25	  -4.68	  -6.77
	  0.448	 -0.776	 -0.445
	  0.481	  0.627	 -0.612
	  0.755	  0.060	  0.653

8 	  47.76	 -17.37	 -15.52
	  0.617	 -0.264	 -0.741
	  0.168	  0.965	 -0.202
	  0.769	 -0.003	  0.639

9 	  42.31	 -13.04	  -5.68
	 -0.254	  0.957	  0.136
	  0.595	  0.041	  0.803
	  0.764	  0.284	 -0.579

2 	  33.36	  -8.24	  22.75
	  0.570	  0.820	 -0.044
	 -0.822	  0.569	 -0.031
	  0.000	  0.054	  0.998

3 	  38.06	   0.95	  -2.07
	  0.208	 -0.156	 -0.965
	 -0.006	  0.987	 -0.161
	  0.978	  0.039	  0.205

4 	  40.52	   6.06	  -6.57
	  0.593	  0.805	 -0.030
	 -0.646	  0.497	  0.579
	  0.482	 -0.324	  0.814

5 	  52.22	  18.00	 -12.06
	  0.748	  0.343	 -0.568
	 -0.158	  0.924	  0.348
	  0.644	 -0.169	  0.745

6 	  44.89	  13.52	  -4.90
	 -0.641	 -0.766	  0.047
	 -0.441	  0.316	 -0.840
	  0.630	 -0.559	 -0.539

7 	  40.10	  -4.66	  -6.80
	  0.443	 -0.759	 -0.478
	  0.433	  0.646	 -0.628
	  0.786	  0.071	  0.614

8 	  47.67	 -15.59	 -16.98
	  0.581	 -0.103	 -0.807
	  0.076	  0.995	 -0.068
	  0.810	 -0.026	  0.585

9 	  42.50	 -12.92	  -6.38
	 -0.289	  0.932	  0.220
	  0.631	  0.011	  0.775
	  0.721	  0.361	 -0.591

2 	  33.36	  -8.24	  22.75
	  0.570	  0.820	 -0.044
	 -0.822	  0.568	 -0.031
	  0.000	  0.054	  0.998

3 	  38.02	   0.91	  -1.99
	  0.189	 -0.163	 -0.968
	  0.003	  0.986	 -0.165
	  0.982	  0.028	  0.187

4 	  40.36	   5.98	  -6.56
	  0.606	  0.793	 -0.059
	 -0.618	  0.514	  0.595
	  0.504	 -0.324	  0.800

5 	  52.07	  17.05	 -13.24
	  0.727	  0.267	 -0.632
	 -0.071	  0.946	  0.316
	  0.683	 -0.182	  0.707

6 	  44.96	  13.34	  -5.38
	 -0.662	 -0.743	  0.102
	 -0.469	  0.302	 -0.830
	  0.587	 -0.597	 -0.547

7 	  39.96	  -4.68	  -6.84
	  0.443	 -0.747	 -0.495
	  0.402	  0.658	 -0.636
	  0.802	  0.082	  0.591

8 	  47.71	 -13.78	 -17.98
	  0.538	  0.059	 -0.840
	 -0.028	  0.998	  0.057
	  0.843	 -0.012	  0.537

9 	  42.80	 -12.80	  -6.94
	 -0.344	  0.891	  0.297
	  0.656	 -0.001	  0.755
	  0.674	  0.453	 -0.583

2 	  33.36	  -8.24	  22.75
	  0.570	  0.820	 -0.044
	 -0.822	  0.569	 -0.031
	 -0.000	  0.054	  0.998

3 	  37.93	   0.90	  -1.92
	  0.173	 -0.163	 -0.971
	  0.013	  0.986	 -0.163
	  0.985	  0.016	  0.173

4 	  40.17	   5.96	  -6.57
	  0.608	  0.789	 -0.081
	 -0.597	  0.521	  0.610
	  0.526	 -0.323	  0.787

5 	  51.93	  16.21	 -13.90
	  0.717	  0.176	 -0.674
	  0.013	  0.965	  0.262
	  0.697	 -0.193	  0.690

6 	  44.91	  13.25	  -5.54
	 -0.673	 -0.728	  0.126
	 -0.474	  0.294	 -0.830
	  0.568	 -0.619	 -0.542

7 	  39.80	  -4.69	  -6.80
	  0.454	 -0.733	 -0.506
	  0.378	  0.672	 -0.637
	  0.808	  0.098	  0.580

8 	  47.76	 -12.23	 -18.51
	  0.498	  0.196	 -0.845
	 -0.096	  0.980	  0.176
	  0.864	 -0.011	  0.503

9 	  43.10	 -12.57	  -7.28
	 -0.394	  0.848	  0.354
	  0.677	  0.005	  0.736
	  0.624	  0.529	 -0.575

2 	  33.36	  -8.24	  22.75
	  0.570	  0.820	 -0.044
	 -0.822	  0.568	 -0.031
	  0.000	  0.054	  0.998

3 	  37.88	   0.93	  -1.86
	  0.164	 -0.162	 -0.973
	  0.017	  0.987	 -0.162
	  0.986	  0.010	  0.164

4 	  40.11	   5.99	  -6.56
	  0.613	  0.785	 -0.094
	 -0.582	  0.528	  0.618
	  0.536	 -0.324	  0.779

5 	  51.87	  15.77	 -14.34
	  0.704	  0.130	 -0.698
	  0.069	  0.967	  0.245
	  0.708	 -0.216	  0.672

6 	  44.95	  13.22	  -5.68
	 -0.678	 -0.720	  0.145
	 -0.485	  0.289	 -0.825
	  0.554	 -0.630	 -0.544

7 	  39.73	  -4.64	  -6.86
	  0.451	 -0.724	 -0.522
	  0.363	  0.682	 -0.634
	  0.816	  0.096	  0.570

8 	  47.51	 -11.18	 -19.07
	  0.450	  0.268	 -0.852
	 -0.133	  0.962	  0.239
	  0.885	  0.002	  0.464

9 	  43.29	 -12.38	  -7.70
	 -0.421	  0.813	  0.402
	  0.698	  0.006	  0.716
	  0.581	  0.581	 -0.569

2 	  33.36	  -8.26	  22.76
	  0.570	  0.820	 -0.043
	 -0.822	  0.569	 -0.031
	 -0.000	  0.054	  0.998

3 	  37.86	   0.93	  -1.85
	  0.156	 -0.159	 -0.975
	  0.020	  0.987	 -0.157
	  0.987	  0.005	  0.158

4 	  40.04	   6.01	  -6.50
	  0.617	  0.781	 -0.103
	 -0.570	  0.531	  0.626
	  0.545	 -0.328	  0.771

5 	  51.68	  15.33	 -14.71
	  0.690	  0.087	 -0.719
	  0.118	  0.967	  0.226
	  0.716	 -0.236	  0.657

6 	  44.89	  13.20	  -5.80
	 -0.677	 -0.717	  0.164
	 -0.495	  0.279	 -0.823
	  0.546	 -0.638	 -0.543

7 	  39.67	  -4.62	  -6.87
	  0.456	 -0.718	 -0.526
	  0.354	  0.688	 -0.633
	  0.817	  0.102	  0.567

8 	  47.55	 -10.79	 -19.05
	  0.438	  0.301	 -0.847
	 -0.152	  0.952	  0.267
	  0.888	  0.008	  0.458

9 	  43.35	 -12.34	  -7.72
	 -0.430	  0.807	  0.405
	  0.698	  0.011	  0.716
	  0.575	  0.589	 -0.568

2 	  33.36	  -8.26	  22.76
	  0.570	  0.820	 -0.044
	 -0.822	  0.569	 -0.031
	  0.000	  0.054	  0.998

3 	  37.81	   0.93	  -1.81
	  0.149	 -0.159	 -0.976
	  0.019	  0.987	 -0.158
	  0.988	  0.005	  0.150

4 	  39.94	   5.99	  -6.52
	  0.612	  0.783	 -0.112
	 -0.566	  0.531	  0.630
	  0.554	 -0.322	  0.767

5 	  51.50	  14.89	 -15.01
	  0.680	  0.036	 -0.732
	  0.163	  0.968	  0.193
	  0.718	 -0.245	  0.651

6 	  44.77	  13.18	  -5.92
	 -0.669	 -0.722	  0.178
	 -0.497	  0.254	 -0.830
	  0.555	 -0.644	 -0.527

7 	  39.60	  -4.69	  -6.86
	  0.453	 -0.720	 -0.526
	  0.349	  0.685	 -0.640
	  0.821	  0.107	  0.561

8 	  47.41	 -10.42	 -19.02
	  0.418	  0.350	 -0.838
	 -0.187	  0.934	  0.303
	  0.891	  0.026	  0.452

9 	  43.31	 -12.39	  -7.73
	 -0.434	  0.801	  0.411
	  0.700	  0.012	  0.714
	  0.569	  0.597	 -0.566

2 	  33.36	  -8.26	  22.75
	  0.570	  0.820	 -0.044
	 -0.822	  0.569	 -0.031
	  0.000	  0.054	  0.998

3 	  37.74	   0.90	  -1.79
	  0.140	 -0.162	 -0.977
	  0.025	  0.987	 -0.160
	  0.990	 -0.002	  0.143

4 	  39.83	   5.92	  -6.52
	  0.617	  0.777	 -0.127
	 -0.554	  0.542	  0.632
	  0.561	 -0.319	  0.763

5 	  51.45	  14.22	 -15.35
	  0.670	 -0.021	 -0.742
	  0.206	  0.966	  0.155
	  0.717	 -0.251	  0.650

6 	  44.79	  13.06	  -6.10
	 -0.681	 -0.704	  0.202
	 -0.498	  0.242	 -0.833
	  0.539	 -0.667	 -0.514

7 	  39.52	  -4.71	  -6.84
	  0.452	 -0.715	 -0.533
	  0.341	  0.690	 -0.638
	  0.825	  0.107	  0.555

8 	  47.25	  -9.88	 -19.21
	  0.397	  0.391	 -0.831
	 -0.197	  0.917	  0.345
	  0.899	  0.024	  0.436

9 	  43.33	 -12.30	  -7.93
	 -0.446	  0.782	  0.435
	  0.708	  0.009	  0.706
	  0.550	  0.622	 -0.557

2 	  33.36	  -8.24	  22.75
	  0.570	  0.820	 -0.044
	 -0.822	  0.568	 -0.031
	  0.000	  0.054	  0.998

3 	  37.71	   0.90	  -1.74
	  0.135	 -0.164	 -0.977
	  0.035	  0.986	 -0.161
	  0.990	 -0.013	  0.139

4 	  39.81	   5.92	  -6.54
	  0.623	  0.770	 -0.139
	 -0.542	  0.550	  0.635
	  0.567	 -0.320	  0.759

5 	  51.45	  13.80	 -15.57
	  0.661	 -0.058	 -0.748
	  0.240	  0.962	  0.132
	  0.715	 -0.261	  0.648

6 	  44.84	  12.99	  -6.21
	 -0.690	 -0.691	  0.215
	 -0.498	  0.237	 -0.834
	  0.526	 -0.683	 -0.506

7 	  39.46	  -4.71	  -6.86
	  0.451	 -0.711	 -0.539
	  0.336	  0.694	 -0.636
	  0.827	  0.106	  0.552

8 	  47.25	  -9.56	 -19.34
	  0.394	  0.406	 -0.825
	 -0.191	  0.911	  0.364
	  0.902	  0.011	  0.431

9 	  43.44	 -12.20	  -8.10
	 -0.457	  0.766	  0.451
	  0.711	  0.009	  0.703
	  0.536	  0.641	 -0.549

2 	  33.36	  -8.24	  22.75
	  0.570	  0.820	 -0.044
	 -0.822	  0.568	 -0.031
	  0.000	  0.054	  0.998

3 	  37.69	   0.91	  -1.72
	  0.131	 -0.164	 -0.978
	  0.038	  0.986	 -0.161
	  0.990	 -0.016	  0.135

4 	  39.74	   5.91	  -6.56
	  0.625	  0.766	 -0.153
	 -0.529	  0.558	  0.639
	  0.576	 -0.318	  0.753

5 	  51.33	  13.20	 -16.00
	  0.643	 -0.110	 -0.758
	  0.282	  0.955	  0.095
	  0.717	 -0.270	  0.642

6 	  44.88	  12.90	  -6.42
	 -0.701	 -0.669	  0.248
	 -0.503	  0.217	 -0.836
	  0.507	 -0.711	 -0.487

7 	  39.43	  -4.73	  -6.86
	  0.456	 -0.705	 -0.543
	  0.328	  0.699	 -0.635
	  0.828	  0.112	  0.549

8 	  47.30	  -9.25	 -19.41
	  0.385	  0.423	 -0.820
	 -0.204	  0.903	  0.378
	  0.903	  0.019	  0.429

9 	  43.51	 -12.13	  -8.19
	 -0.470	  0.754	  0.459
	  0.711	  0.014	  0.703
	  0.525	  0.656	 -0.542

2 	  33.36	  -8.24	  22.75
	  0.570	  0.820	 -0.043
	 -0.822	  0.569	 -0.031
	  0.000	  0.054	  0.998

3 	  37.67	   0.88	  -1.69
	  0.125	 -0.165	 -0.978
	  0.040	  0.986	 -0.161
	  0.991	 -0.019	  0.130

4 	  39.71	   5.87	  -6.57
	  0.627	  0.761	 -0.163
	 -0.521	  0.564	  0.640
	  0.581	 -0.317	  0.750

5 	  51.19	  12.60	 -16.21
	  0.627	 -0.167	 -0.761
	  0.322	  0.945	  0.052
	  0.714	 -0.272	  0.644

6 	  44.84	  12.87	  -6.56
	 -0.704	 -0.660	  0.263
	 -0.506	  0.204	 -0.838
	  0.500	 -0.723	 -0.477

7 	  39.39	  -4.76	  -6.87
	  0.458	 -0.702	 -0.546
	  0.322	  0.702	 -0.635
	  0.829	  0.115	  0.547

8 	  47.30	  -9.05	 -19.42
	  0.377	  0.438	 -0.816
	 -0.215	  0.896	  0.389
	  0.903	  0.026	  0.427

9 	  43.54	 -12.09	  -8.23
	 -0.477	  0.748	  0.462
	  0.711	  0.017	  0.703
	  0.519	  0.663	 -0.539

2 	  33.36	  -8.24	  22.76
	  0.570	  0.820	 -0.044
	 -0.822	  0.568	 -0.031
	 -0.000	  0.054	  0.998

3 	  37.63	   0.86	  -1.69
	  0.121	 -0.166	 -0.979
	  0.040	  0.986	 -0.162
	  0.992	 -0.020	  0.126

4 	  39.67	   5.87	  -6.57
	  0.628	  0.760	 -0.169
	 -0.516	  0.567	  0.642
	  0.585	 -0.316	  0.747

5 	  51.12	  12.34	 -16.29
	  0.621	 -0.195	 -0.759
	  0.340	  0.940	  0.031
	  0.711	 -0.273	  0.647

6 	  44.81	  12.85	  -6.59
	 -0.708	 -0.653	  0.271
	 -0.505	  0.198	 -0.840
	  0.496	 -0.731	 -0.469

7 	  39.34	  -4.76	  -6.86
	  0.458	 -0.701	 -0.547
	  0.320	  0.703	 -0.635
	  0.830	  0.115	  0.545

8 	  47.29	  -9.00	 -19.44
	  0.377	  0.441	 -0.815
	 -0.216	  0.894	  0.392
	  0.903	  0.025	  0.427

9 	  43.49	 -12.09	  -8.24
	 -0.476	  0.747	  0.464
	  0.711	  0.015	  0.703
	  0.521	  0.663	 -0.537

2 	  33.36	  -8.26	  22.75
	  0.570	  0.820	 -0.044
	 -0.822	  0.569	 -0.031
	  0.000	  0.054	  0.998

3 	  37.60	   0.88	  -1.67
	  0.116	 -0.165	 -0.979
	  0.042	  0.986	 -0.161
	  0.992	 -0.023	  0.121

4 	  39.60	   5.87	  -6.57
	  0.627	  0.759	 -0.174
	 -0.512	  0.569	  0.643
	  0.588	 -0.315	  0.745

5 	  51.08	  12.27	 -16.33
	  0.618	 -0.200	 -0.760
	  0.345	  0.938	  0.029
	  0.712	 -0.275	  0.646

6 	  44.79	  12.85	  -6.61
	 -0.708	 -0.652	  0.271
	 -0.505	  0.199	 -0.840
	  0.495	 -0.731	 -0.469

7 	  39.29	  -4.76	  -6.86
	  0.457	 -0.699	 -0.550
	  0.318	  0.705	 -0.633
	  0.831	  0.115	  0.544

8 	  47.27	  -8.96	 -19.48
	  0.378	  0.441	 -0.814
	 -0.216	  0.894	  0.392
	  0.903	  0.026	  0.428

9 	  43.47	 -12.06	  -8.26
	 -0.475	  0.748	  0.463
	  0.710	  0.014	  0.704
	  0.522	  0.662	 -0.537

2 	  33.36	  -8.24	  22.75
	  0.570	  0.820	 -0.044
	 -0.822	  0.569	 -0.031
	 -0.000	  0.054	  0.998

3 	  37.56	   0.88	  -1.63
	  0.114	 -0.165	 -0.980
	  0.042	  0.986	 -0.161
	  0.992	 -0.023	  0.119

4 	  39.55	   5.87	  -6.54
	  0.625	  0.760	 -0.178
	 -0.512	  0.570	  0.642
	  0.591	 -0.310	  0.744

5 	  51.05	  12.29	 -16.33
	  0.618	 -0.201	 -0.760
	  0.346	  0.938	  0.028
	  0.711	 -0.276	  0.646

6 	  44.72	  12.85	  -6.61
	 -0.707	 -0.653	  0.272
	 -0.506	  0.197	 -0.839
	  0.495	 -0.731	 -0.469

7 	  39.27	  -4.75	  -6.84
	  0.458	 -0.697	 -0.552
	  0.317	  0.707	 -0.632
	  0.831	  0.115	  0.544

8 	  47.27	  -8.96	 -19.51
	  0.378	  0.440	 -0.815
	 -0.217	  0.895	  0.391
	  0.903	  0.026	  0.428

9 	  43.45	 -12.04	  -8.28
	 -0.473	  0.752	  0.459
	  0.709	  0.014	  0.705
	  0.525	  0.658	 -0.540

2 	  33.36	  -8.24	  22.76
	  0.570	  0.820	 -0.044
	 -0.822	  0.568	 -0.031
	 -0.000	  0.054	  0.998

3 	  37.53	   0.88	  -1.62
	  0.112	 -0.164	 -0.980
	  0.042	  0.986	 -0.160
	  0.993	 -0.023	  0.117

4 	  39.50	   5.91	  -6.54
	  0.619	  0.764	 -0.181
	 -0.516	  0.568	  0.641
	  0.594	 -0.304	  0.745

5 	  50.99	  12.34	 -16.29
	  0.619	 -0.199	 -0.760
	  0.344	  0.938	  0.029
	  0.711	 -0.275	  0.646

6 	  44.56	  12.94	  -6.49
	 -0.698	 -0.672	  0.249
	 -0.501	  0.208	 -0.840
	  0.514	 -0.711	 -0.480

7 	  39.23	  -4.76	  -6.86
	  0.458	 -0.696	 -0.552
	  0.318	  0.708	 -0.631
	  0.831	  0.113	  0.545

8 	  47.32	  -9.67	 -19.25
	  0.404	  0.392	 -0.827
	 -0.195	  0.917	  0.347
	  0.896	  0.019	  0.442

9 	  43.21	 -12.22	  -7.80
	 -0.451	  0.797	  0.402
	  0.699	  0.033	  0.714
	  0.558	  0.602	 -0.571

2 	  33.36	  -8.24	  22.75
	  0.570	  0.820	 -0.044
	 -0.822	  0.569	 -0.031
	 -0.000	  0.054	  0.998

3 	  37.44	   0.91	  -1.62
	  0.107	 -0.167	 -0.980
	  0.025	  0.986	 -0.166
	  0.994	 -0.007	  0.109

4 	  39.48	   6.03	  -6.47
	  0.603	  0.784	 -0.147
	 -0.559	  0.545	  0.625
	  0.572	 -0.295	  0.766

5 	  51.71	  14.45	 -14.26
	  0.714	 -0.039	 -0.699
	  0.219	  0.962	  0.165
	  0.669	 -0.265	  0.694

6 	  44.33	  13.32	  -5.24
	 -0.677	 -0.730	  0.094
	 -0.435	  0.292	 -0.852
	  0.595	 -0.618	 -0.514

7 	  39.20	  -4.90	  -6.68
	  0.453	 -0.737	 -0.502
	  0.352	  0.664	 -0.659
	  0.820	  0.122	  0.559

8 	  47.72	 -13.22	 -17.44
	  0.518	  0.148	 -0.842
	 -0.109	  0.988	  0.112
	  0.850	  0.029	  0.525

9 	  42.59	 -12.85	  -5.99
	 -0.360	  0.914	  0.184
	  0.643	  0.098	  0.760
	  0.678	  0.391	 -0.622

2 	  33.36	  -8.26	  22.76
	  0.570	  0.820	 -0.044
	 -0.822	  0.569	 -0.031
	 -0.000	  0.054	  0.998

3 	  37.41	   0.83	  -1.63
	  0.107	 -0.179	 -0.978
	 -0.015	  0.983	 -0.181
	  0.994	  0.033	  0.102

4 	  39.60	   6.21	  -6.31
	  0.566	  0.822	 -0.063
	 -0.634	  0.482	  0.604
	  0.528	 -0.302	  0.793

5 	  52.51	  18.12	  -8.70
	  0.842	  0.270	 -0.466
	 -0.045	  0.898	  0.437
	  0.537	 -0.345	  0.769

6 	  43.77	  13.64	  -2.57
	 -0.594	 -0.776	 -0.213
	 -0.282	  0.449	 -0.848
	  0.754	 -0.443	 -0.485

7 	  39.38	  -5.31	  -6.45
	  0.461	 -0.791	 -0.402
	  0.429	  0.594	 -0.680
	  0.777	  0.141	  0.613

8 	  48.45	 -17.81	 -12.67
	  0.661	 -0.218	 -0.718
	 -0.011	  0.955	 -0.295
	  0.751	  0.198	  0.629

9 	  41.99	 -13.27	  -3.18
	 -0.232	  0.964	 -0.130
	  0.550	  0.239	  0.800
	  0.803	  0.113	 -0.584

2 	  33.36	  -8.24	  22.75
	  0.570	  0.820	 -0.044
	 -0.822	  0.568	 -0.031
	  0.000	  0.054	  0.998

3 	  37.53	   0.69	  -1.81
	  0.127	 -0.181	 -0.975
	 -0.072	  0.979	 -0.191
	  0.989	  0.094	  0.111

4 	  39.87	   6.35	  -6.03
	  0.540	  0.841	  0.044
	 -0.680	  0.404	  0.612
	  0.498	 -0.360	  0.789

5 	  52.24	  19.86	  -1.12
	  0.886	  0.456	 -0.082
	 -0.323	  0.734	  0.597
	  0.332	 -0.503	  0.797

6 	  42.94	  13.41	   0.33
	 -0.464	 -0.720	 -0.517
	 -0.092	  0.620	 -0.779
	  0.881	 -0.313	 -0.354

7 	  39.94	  -5.57	  -6.15
	  0.484	 -0.836	 -0.257
	  0.536	  0.514	 -0.669
	  0.693	  0.186	  0.696

8 	  48.80	 -20.30	  -4.85
	  0.802	 -0.466	 -0.374
	  0.164	  0.774	 -0.611
	  0.574	  0.427	  0.698

9 	  41.10	 -12.85	   0.35
	 -0.153	  0.894	 -0.421
	  0.394	  0.444	  0.804
	  0.907	 -0.043	 -0.419

2 	  33.36	  -8.24	  22.76
	  0.570	  0.820	 -0.043
	 -0.822	  0.569	 -0.031
	 -0.000	  0.054	  0.998

3 	  37.78	   0.76	  -2.02
	  0.185	 -0.160	 -0.970
	 -0.107	  0.977	 -0.181
	  0.977	  0.137	  0.163

4 	  40.61	   6.84	  -5.71
	  0.547	  0.824	  0.148
	 -0.710	  0.361	  0.605
	  0.446	 -0.435	  0.782

5 	  51.42	  18.40	   6.93
	  0.847	  0.361	  0.389
	 -0.527	  0.659	  0.536
	 -0.064	 -0.659	  0.749

6 	  42.28	  12.76	   2.55
	 -0.311	 -0.557	 -0.770
	  0.210	  0.750	 -0.627
	  0.927	 -0.355	 -0.116

7 	  41.03	  -6.01	  -5.85
	  0.531	 -0.842	 -0.095
	  0.647	  0.474	 -0.597
	  0.549	  0.255	  0.796

8 	  49.04	 -19.00	   5.71
	  0.839	 -0.464	  0.285
	  0.506	  0.470	 -0.723
	  0.201	  0.751	  0.629

9 	  41.12	 -11.72	   3.25
	 -0.249	  0.644	 -0.723
	  0.050	  0.755	  0.654
	  0.967	  0.125	 -0.220

2 	  33.36	  -8.24	  22.76
	  0.570	  0.820	 -0.044
	 -0.822	  0.568	 -0.031
	  0.000	  0.054	  0.998

3 	  38.25	   0.72	  -2.23
	  0.237	 -0.151	 -0.960
	 -0.065	  0.983	 -0.170
	  0.969	  0.103	  0.224

4 	  41.87	   7.17	  -5.62
	  0.589	  0.778	  0.218
	 -0.740	  0.408	  0.535
	  0.328	 -0.476	  0.816

5 	  50.40	  14.75	  12.36
	  0.602	  0.042	  0.797
	 -0.438	  0.852	  0.284
	 -0.669	 -0.519	  0.532

6 	  42.68	  12.50	   3.34
	 -0.159	 -0.423	 -0.892
	  0.557	  0.708	 -0.433
	  0.815	 -0.565	  0.124

7 	  42.63	  -6.59	  -5.52
	  0.616	 -0.786	  0.040
	  0.681	  0.505	 -0.529
	  0.397	  0.353	  0.847

8 	  49.17	 -14.22	  12.60
	  0.651	 -0.083	  0.754
	  0.677	  0.516	 -0.524
	 -0.351	  0.850	  0.392

9 	  42.08	 -11.06	   4.59
	 -0.192	  0.324	 -0.926
	 -0.373	  0.849	  0.373
	  0.909	  0.415	 -0.041

2 	  33.35	  -8.24	  22.75
	  0.570	  0.820	 -0.044
	 -0.822	  0.568	 -0.031
	  0.000	  0.054	  0.998

3 	  38.81	   0.70	  -2.43
	  0.288	 -0.156	 -0.945
	  0.059	  0.987	 -0.146
	  0.956	 -0.014	  0.294

4 	  43.21	   7.38	  -5.52
	  0.640	  0.719	  0.271
	 -0.738	  0.477	  0.477
	  0.214	 -0.506	  0.835

5 	  49.83	  12.27	  14.62
	  0.366	 -0.136	  0.920
	 -0.228	  0.945	  0.232
	 -0.902	 -0.296	  0.315

6 	  43.56	  12.25	   4.03
	 -0.079	 -0.336	 -0.938
	  0.690	  0.661	 -0.294
	  0.720	 -0.670	  0.181

7 	  43.72	  -6.70	  -5.48
	  0.664	 -0.744	  0.071
	  0.677	  0.557	 -0.482
	  0.319	  0.368	  0.873

8 	  49.06	 -11.67	  14.55
	  0.502	  0.156	  0.850
	  0.644	  0.592	 -0.484
	 -0.585	  0.787	  0.196

9 	  42.84	 -11.27	   4.89
	 -0.141	  0.230	 -0.963
	 -0.549	  0.791	  0.268
	  0.824	  0.565	  0.016

2 	  33.35	  -8.24	  22.76
	  0.570	  0.820	 -0.043
	 -0.822	  0.568	 -0.031
	  0.000	  0.053	  0.998

3 	  39.36	   0.81	  -2.58
	  0.335	 -0.147	 -0.931
	  0.109	  0.987	 -0.117
	  0.936	 -0.062	  0.347

4 	  44.19	   7.54	  -5.38
	  0.662	  0.679	  0.316
	 -0.738	  0.519	  0.431
	  0.129	 -0.519	  0.845

5 	  49.87	  11.92	  15.24
	  0.321	 -0.192	  0.927
	 -0.287	  0.913	  0.289
	 -0.903	 -0.359	  0.236

6 	  43.96	  12.36	   4.46
	 -0.078	 -0.281	 -0.956
	  0.704	  0.664	 -0.252
	  0.707	 -0.692	  0.147

7 	  44.44	  -6.71	  -5.40
	  0.671	 -0.733	  0.109
	  0.688	  0.561	 -0.460
	  0.276	  0.384	  0.881

8 	  49.15	 -11.62	  14.85
	  0.441	  0.196	  0.875
	  0.582	  0.682	 -0.442
	 -0.688	  0.701	  0.187

9 	  43.33	 -11.41	   4.94
	 -0.134	  0.228	 -0.964
	 -0.611	  0.747	  0.261
	  0.781	  0.624	  0.040

2 	  33.36	  -8.24	  22.75
	  0.570	  0.820	 -0.043
	 -0.822	  0.568	 -0.031
	  0.000	  0.053	  0.998

3 	  39.59	   0.77	  -2.65
	  0.354	 -0.139	 -0.925
	  0.100	  0.989	 -0.110
	  0.930	 -0.054	  0.364

4 	  44.46	   7.56	  -5.29
	  0.658	  0.677	  0.328
	 -0.745	  0.522	  0.416
	  0.110	 -0.519	  0.848

5 	  49.92	  11.90	  15.43
	  0.308	 -0.192	  0.932
	 -0.285	  0.916	  0.284
	 -0.908	 -0.353	  0.226

6 	  44.10	  12.34	   4.59
	 -0.075	 -0.261	 -0.962
	  0.698	  0.675	 -0.237
	  0.712	 -0.689	  0.133

7 	  44.58	  -6.68	  -5.36
	  0.672	 -0.730	  0.122
	  0.691	  0.561	 -0.456
	  0.265	  0.391	  0.881

8 	  49.29	 -11.44	  15.05
	  0.425	  0.196	  0.883
	  0.546	  0.725	 -0.420
	 -0.725	  0.658	  0.201

9 	  43.42	 -11.37	   5.01
	 -0.133	  0.222	 -0.966
	 -0.613	  0.748	  0.255
	  0.779	  0.625	  0.037

2 	  33.35	  -8.24	  22.75
	  0.570	  0.820	 -0.043
	 -0.822	  0.568	 -0.031
	  0.000	  0.053	  0.998

3 	  39.67	   0.83	  -2.67
	  0.363	 -0.138	 -0.922
	  0.103	  0.989	 -0.108
	  0.926	 -0.056	  0.373

4 	  44.61	   7.56	  -5.24
	  0.662	  0.669	  0.338
	 -0.743	  0.527	  0.412
	  0.097	 -0.524	  0.846

5 	  50.15	  11.97	  15.56
	  0.295	 -0.172	  0.940
	 -0.227	  0.943	  0.245
	 -0.928	 -0.286	  0.237

6 	  44.28	  12.30	   4.71
	 -0.078	 -0.258	 -0.963
	  0.696	  0.677	 -0.236
	  0.714	 -0.688	  0.128

7 	  44.67	  -6.68	  -5.40
	  0.670	 -0.732	  0.123
	  0.695	  0.561	 -0.450
	  0.261	  0.387	  0.884

8 	  49.27	 -11.43	  15.05
	  0.424	  0.197	  0.884
	  0.545	  0.726	 -0.419
	 -0.727	  0.657	  0.201

9 	  43.42	 -11.34	   5.03
	 -0.130	  0.221	 -0.966
	 -0.611	  0.749	  0.253
	  0.781	  0.623	  0.039

2 	  33.35	  -8.24	  22.76
	  0.570	  0.820	 -0.043
	 -0.822	  0.568	 -0.031
	 -0.000	  0.053	  0.998

3 	  39.67	   0.83	  -2.69
	  0.364	 -0.137	 -0.921
	  0.106	  0.989	 -0.106
	  0.925	 -0.059	  0.374

4 	  44.63	   7.59	  -5.20
	  0.663	  0.665	  0.342
	 -0.742	  0.528	  0.411
	  0.093	 -0.527	  0.844

5 	  50.17	  11.99	  15.57
	  0.294	 -0.168	  0.941
	 -0.222	  0.945	  0.240
	 -0.930	 -0.281	  0.239

6 	  44.31	  12.30	   4.75
	 -0.077	 -0.257	 -0.963
	  0.695	  0.679	 -0.236
	  0.715	 -0.687	  0.127

7 	  44.67	  -6.66	  -5.40
	  0.671	 -0.731	  0.122
	  0.695	  0.562	 -0.448
	  0.260	  0.385	  0.885

8 	  49.29	 -11.41	  15.03
	  0.423	  0.196	  0.884
	  0.544	  0.728	 -0.417
	 -0.728	  0.655	  0.202

9 	  43.44	 -11.34	   4.99
	 -0.130	  0.221	 -0.966
	 -0.613	  0.748	  0.253
	  0.780	  0.625	  0.039

2 	  33.35	  -8.24	  22.75
	  0.570	  0.821	 -0.043
	 -0.822	  0.568	 -0.030
	  0.000	  0.053	  0.998

3 	  39.67	   0.83	  -2.69
	  0.365	 -0.135	 -0.921
	  0.106	  0.989	 -0.103
	  0.925	 -0.061	  0.375

4 	  44.60	   7.59	  -5.20
	  0.665	  0.663	  0.341
	 -0.741	  0.530	  0.413
	  0.093	 -0.528	  0.844

5 	  50.22	  11.99	  15.54
	  0.293	 -0.167	  0.941
	 -0.217	  0.947	  0.237
	 -0.931	 -0.275	  0.240

6 	  44.31	  12.30	   4.73
	 -0.080	 -0.256	 -0.963
	  0.693	  0.680	 -0.237
	  0.717	 -0.686	  0.124

7 	  44.68	  -6.64	  -5.47
	  0.675	 -0.728	  0.119
	  0.691	  0.567	 -0.448
	  0.260	  0.385	  0.885

8 	  49.34	 -11.39	  14.98
	  0.416	  0.197	  0.887
	  0.537	  0.736	 -0.412
	 -0.737	  0.645	  0.201

9 	  43.51	 -11.36	   4.90
	 -0.130	  0.220	 -0.967
	 -0.618	  0.744	  0.252
	  0.776	  0.629	  0.040

2 	  33.35	  -8.24	  22.75
	  0.570	  0.820	 -0.043
	 -0.822	  0.568	 -0.031
	  0.000	  0.053	  0.998

3 	  39.66	   0.86	  -2.69
	  0.365	 -0.131	 -0.922
	  0.110	  0.989	 -0.097
	  0.924	 -0.066	  0.375

4 	  44.67	   7.61	  -5.26
	  0.673	  0.657	  0.338
	 -0.734	  0.537	  0.415
	  0.091	 -0.528	  0.844

5 	  50.33	  11.99	  15.49
	  0.289	 -0.162	  0.943
	 -0.208	  0.951	  0.229
	 -0.934	 -0.264	  0.240

6 	  44.44	  12.30	   4.69
	 -0.083	 -0.255	 -0.963
	  0.696	  0.677	 -0.238
	  0.713	 -0.690	  0.123

7 	  44.70	  -6.63	  -5.50
	  0.676	 -0.727	  0.119
	  0.690	  0.567	 -0.449
	  0.260	  0.385	  0.885

8 	  49.36	 -11.39	  14.94
	  0.412	  0.197	  0.889
	  0.534	  0.741	 -0.408
	 -0.742	  0.640	  0.200

9 	  43.54	 -11.36	   4.87
	 -0.130	  0.220	 -0.967
	 -0.619	  0.744	  0.252
	  0.775	  0.630	  0.041

2 	  33.35	  -8.26	  22.75
	  0.570	  0.821	 -0.043
	 -0.822	  0.568	 -0.030
	  0.000	  0.052	  0.998

3 	  39.66	   0.86	  -2.67
	  0.365	 -0.131	 -0.922
	  0.114	  0.989	 -0.096
	  0.924	 -0.070	  0.376

4 	  44.68	   7.61	  -5.27
	  0.676	  0.655	  0.336
	 -0.731	  0.540	  0.416
	  0.090	 -0.528	  0.844

5 	  50.40	  12.01	  15.47
	  0.286	 -0.157	  0.945
	 -0.206	  0.953	  0.222
	 -0.936	 -0.259	  0.238

6 	  44.47	  12.32	   4.66
