2 	  33.36	  -8.26	  22.76
	  0.601	  0.798	 -0.042
	 -0.800	  0.599	 -0.032
	  0.001	  0.053	  0.998

3 	  37.60	  -0.53	  -2.04
	  0.196	 -0.193	 -0.961
	  0.098	  0.979	 -0.176
	  0.975	 -0.060	  0.211

4 	  42.56	   5.87	  -5.31
	  0.771	  0.602	  0.206
	 -0.613	  0.612	  0.499
	  0.174	 -0.512	  0.841

5 	  54.40	   8.67	  11.02
	  0.724	 -0.234	  0.648
	 -0.073	  0.909	  0.411
	 -0.685	 -0.347	  0.640

6 	  44.96	  10.44	   4.57
	 -0.380	 -0.170	 -0.909
	  0.615	  0.688	 -0.384
	  0.693	 -0.704	 -0.155

7 	  41.64	  -8.53	  -4.87
	  0.689	 -0.723	  0.037
	  0.584	  0.524	 -0.619
	  0.430	  0.448	  0.783

8 	  29.83	  -3.83	  39.30
	  0.158	 -0.193	  0.968
	 -0.195	 -0.967	 -0.164
	  0.969	 -0.157	 -0.189

9 	  31.10	  -4.15	  36.21
	 -0.112	 -0.017	  0.993
	  0.009	 -1.000	 -0.014
	  0.993	  0.007	  0.112

2 	  33.36	  -8.24	  22.76
	  0.600	  0.798	 -0.042
	 -0.800	  0.599	 -0.032
	  0.001	  0.053	  0.998

3 	  37.53	  -1.28	  -1.85
	  0.155	 -0.302	 -0.940
	  0.179	  0.945	 -0.274
	  0.971	 -0.126	  0.201

4 	  42.87	   4.29	  -6.03
	  0.827	  0.545	  0.134
	 -0.543	  0.714	  0.442
	  0.146	 -0.439	  0.887

5 	  54.56	   8.31	  10.56
	  0.660	 -0.174	  0.730
	 -0.051	  0.960	  0.276
	 -0.750	 -0.222	  0.624

6 	  45.56	   9.72	   3.20
	 -0.375	 -0.256	 -0.891
	  0.661	  0.600	 -0.449
	  0.652	 -0.756	 -0.055

7 	  40.80	  -9.79	  -4.03
	  0.636	 -0.770	  0.053
	  0.605	  0.454	 -0.654
	  0.481	  0.447	  0.754

8 	  29.83	  -3.83	  39.32
	  0.158	 -0.193	  0.968
	 -0.195	 -0.967	 -0.164
	  0.969	 -0.157	 -0.189

9 	  31.08	  -4.15	  36.21
	 -0.111	 -0.017	  0.994
	  0.011	 -1.000	 -0.014
	  0.994	  0.008	  0.112

2 	  33.36	  -8.26	  22.76
	  0.601	  0.798	 -0.042
	 -0.800	  0.599	 -0.032
	  0.001	  0.053	  0.998

3 	  37.49	  -1.32	  -1.88
	  0.153	 -0.268	 -0.951
	  0.183	  0.953	 -0.240
	  0.971	 -0.138	  0.195

4 	  42.80	   4.39	  -5.80
	  0.822	  0.547	  0.154
	 -0.549	  0.691	  0.470
	  0.151	 -0.472	  0.869

5 	  54.51	   8.30	  10.74
	  0.671	 -0.173	  0.721
	 -0.061	  0.955	  0.288
	 -0.739	 -0.240	  0.630

6 	  45.46	   9.65	   3.50
	 -0.376	 -0.248	 -0.892
	  0.647	  0.620	 -0.443
	  0.665	 -0.743	 -0.071

7 	  40.76	  -9.76	  -4.41
	  0.633	 -0.774	  0.000
	  0.604	  0.493	 -0.626
	  0.485	  0.396	  0.779

8 	  29.83	  -3.83	  39.30
	  0.158	 -0.193	  0.968
	 -0.195	 -0.967	 -0.164
	  0.969	 -0.157	 -0.189

9 	  31.10	  -4.15	  36.21
	 -0.112	 -0.017	  0.993
	  0.011	 -1.000	 -0.014
	  0.994	  0.008	  0.112

2 	  33.36	  -8.26	  22.76
	  0.601	  0.798	 -0.042
	 -0.800	  0.599	 -0.032
	  0.001	  0.053	  0.998

3 	  37.65	  -1.49	  -1.85
	  0.157	 -0.306	 -0.939
	  0.158	  0.946	 -0.282
	  0.975	 -0.104	  0.197

4 	  42.94	   4.06	  -6.12
	  0.831	  0.542	  0.120
	 -0.532	  0.712	  0.458
	  0.163	 -0.445	  0.880

5 	  54.65	   8.26	  10.42
	  0.647	 -0.161	  0.745
	 -0.028	  0.971	  0.237
	 -0.763	 -0.178	  0.622

6 	  45.74	   9.62	   2.92
	 -0.380	 -0.280	 -0.881
	  0.662	  0.585	 -0.469
	  0.649	 -0.760	 -0.036

7 	  40.66	  -9.93	  -4.11
	  0.608	 -0.793	  0.025
	  0.633	  0.465	 -0.618
	  0.480	  0.392	  0.785

8 	  29.83	  -3.83	  39.30
	  0.158	 -0.193	  0.968
	 -0.195	 -0.967	 -0.164
	  0.969	 -0.157	 -0.189

9 	  31.10	  -4.15	  36.21
	 -0.111	 -0.017	  0.994
	  0.011	 -1.000	 -0.013
	  0.994	  0.008	  0.112

2 	  33.36	  -8.26	  22.76
	  0.601	  0.798	 -0.042
	 -0.800	  0.599	 -0.033
	  0.000	  0.053	  0.998

3 	  37.48	  -1.58	  -1.78
	  0.151	 -0.339	 -0.928
	  0.158	  0.935	 -0.316
	  0.976	 -0.099	  0.195

4 	  42.82	   3.73	  -6.33
	  0.843	  0.530	  0.092
	 -0.514	  0.743	  0.428
	  0.158	 -0.408	  0.899

5 	  54.54	   8.24	  10.27
	  0.633	 -0.151	  0.759
	 -0.015	  0.978	  0.209
	 -0.774	 -0.146	  0.616

6 	  45.72	   9.56	   2.57
	 -0.385	 -0.299	 -0.873
	  0.682	  0.546	 -0.486
	  0.625	 -0.781	 -0.005

7 	  40.38	 -10.02	  -3.41
	  0.626	 -0.770	  0.124
	  0.630	  0.405	 -0.662
	  0.460	  0.492	  0.738

8 	  29.81	  -3.85	  39.30
	  0.158	 -0.193	  0.968
	 -0.195	 -0.967	 -0.164
	  0.969	 -0.157	 -0.189

9 	  31.10	  -4.15	  36.21
	 -0.111	 -0.017	  0.994
	  0.010	 -1.000	 -0.014
	  0.994	  0.007	  0.112

2 	  33.36	  -8.26	  22.76
	  0.601	  0.798	 -0.042
	 -0.800	  0.599	 -0.032
	  0.001	  0.053	  0.998

3 	  37.04	  -1.51	  -1.74
	  0.153	 -0.275	 -0.949
	  0.139	  0.957	 -0.255
	  0.978	 -0.094	  0.185

4 	  42.26	   4.24	  -5.89
	  0.824	  0.553	  0.121
	 -0.538	  0.697	  0.473
	  0.178	 -0.455	  0.872

5 	  54.19	   8.53	  10.86
	  0.662	 -0.119	  0.740
	 -0.111	  0.961	  0.254
	 -0.741	 -0.252	  0.622

6 	  45.19	   9.42	   3.38
	 -0.382	 -0.234	 -0.894
	  0.660	  0.609	 -0.439
	  0.649	 -0.756	 -0.078

7 	  40.41	  -9.97	  -4.15
	  0.644	 -0.764	  0.050
	  0.579	  0.442	 -0.684
	  0.502	  0.469	  0.726

8 	  29.83	  -3.83	  39.32
	  0.158	 -0.192	  0.968
	 -0.194	 -0.967	 -0.163
	  0.969	 -0.157	 -0.189

9 	  31.10	  -4.15	  36.21
	 -0.111	 -0.017	  0.994
	  0.011	 -1.000	 -0.014
	  0.994	  0.008	  0.112

