% Calibrated with leiden_pols
% Positions are in centimeters
Data =[
 2    99.184   -21.911    59.175
 2     0.555    -0.832    -0.001
 2     0.830     0.553     0.057
 2    -0.047    -0.033     0.998
 3   100.280    -5.336    14.132
 3    -0.001    -0.159     0.987
 3    -0.079     0.984     0.158
 3    -0.997    -0.078    -0.014
 4   108.837    12.462    -0.705
 4     0.570    -0.653     0.500
 4     0.813     0.536    -0.227
 4    -0.119     0.535     0.835
 5   128.132    30.411    40.506
 5     0.553    -0.812     0.186
 5     0.176    -0.104    -0.979
 5     0.814     0.573     0.085
 6   111.403    17.767    32.891
 6    -0.306    -0.380     0.873
 6    -0.133     0.925     0.354
 6    -0.943    -0.008    -0.334
 7   109.932   -19.559    -0.405
 7     0.693     0.599     0.401
 7    -0.634     0.771    -0.056
 7    -0.343    -0.215     0.914
 8   133.417   -31.947    38.934
 8     0.762     0.647    -0.011
 8    -0.024     0.043     0.999
 8     0.647    -0.761     0.049
 9   109.179   -29.290    27.302
 9    -0.552    -0.362     0.752
 9     0.224     0.803     0.550
 9    -0.803     0.472    -0.363
 2    99.184   -21.961    59.175
 2     0.555    -0.832    -0.000
 2     0.830     0.553     0.057
 2    -0.047    -0.033     0.998
 3   100.282    -5.289    14.161
 3    -0.004    -0.162     0.987
 3    -0.077     0.984     0.160
 3    -0.997    -0.076    -0.016
 4   108.776    12.459    -0.696
 4     0.568    -0.651     0.505
 4     0.814     0.535    -0.225
 4    -0.123     0.538     0.833
 5   128.123    30.408    40.438
 5     0.556    -0.810     0.188
 5     0.175    -0.107    -0.979
 5     0.812     0.577     0.082
 6   111.408    17.769    32.857
 6    -0.307    -0.380     0.873
 6    -0.133     0.925     0.355
 6    -0.942    -0.008    -0.334
 7   109.875   -19.562    -0.447
 7     0.692     0.599     0.404
 7    -0.633     0.771    -0.058
 7    -0.346    -0.215     0.913
 8   133.646   -32.277    38.511
 8     0.781     0.623     0.047
 8    -0.054    -0.011     0.998
 8     0.622    -0.782     0.026
 9   109.445   -29.073    27.195
 9    -0.576    -0.346     0.742
 9     0.220     0.807     0.546
 9    -0.787     0.478    -0.388
 2    99.184   -21.911    59.175
 2     0.555    -0.832    -0.001
 2     0.830     0.553     0.057
 2    -0.047    -0.033     0.998
 3   100.263    -5.329    14.305
 3    -0.005    -0.182     0.983
 3    -0.076     0.980     0.181
 3    -0.997    -0.074    -0.019
 4   108.588    12.298    -0.605
 4     0.560    -0.669     0.490
 4     0.821     0.524    -0.223
 4    -0.108     0.526     0.843
 5   128.044    32.055    39.147
 5     0.621    -0.709     0.336
 5     0.256    -0.220    -0.941
 5     0.740     0.670     0.044
 6   111.489    17.866    32.765
 6    -0.352    -0.384     0.854
 6    -0.197     0.922     0.333
 6    -0.915    -0.052    -0.400
 7   108.723   -18.722    -0.985
 7     0.676     0.608     0.417
 7    -0.627     0.771    -0.108
 7    -0.387    -0.188     0.902
 8   134.838   -35.809    34.375
 8     0.844     0.474     0.249
 8    -0.205    -0.145     0.968
 8     0.494    -0.869    -0.025
 9   110.685   -29.671    25.353
 9    -0.667    -0.238     0.707
 9     0.293     0.787     0.541
 9    -0.685     0.568    -0.455
 2    99.184   -21.911    59.175
 2     0.555    -0.832    -0.000
 2     0.830     0.553     0.058
 2    -0.047    -0.033     0.998
 3   100.245    -5.241    14.268
 3    -0.012    -0.184     0.983
 3    -0.061     0.981     0.182
 3    -0.998    -0.058    -0.023
 4   108.140    11.834    -0.728
 4     0.534    -0.704     0.469
 4     0.839     0.505    -0.199
 4    -0.097     0.499     0.860
 5   128.508    35.310    35.566
 5     0.706    -0.538     0.463
 5     0.377    -0.267    -0.886
 5     0.599     0.799     0.013
 6   112.579    18.988    31.551
 6    -0.558    -0.326     0.764
 6    -0.363     0.923     0.129
 6    -0.747    -0.205    -0.632
 7   107.726   -17.685    -1.596
 7     0.659     0.616     0.432
 7    -0.596     0.777    -0.200
 7    -0.459    -0.126     0.879
 8   136.192   -38.882    29.127
 8     0.871     0.293     0.394
 8    -0.344    -0.210     0.915
 8     0.350    -0.933    -0.083
 9   112.831   -30.016    22.687
 9    -0.751    -0.112     0.651
 9     0.358     0.759     0.543
 9    -0.554     0.641    -0.531
 2    99.135   -21.911    59.176
 2     0.555    -0.832    -0.001
 2     0.830     0.553     0.058
 2    -0.047    -0.034     0.998
 3   100.132    -5.070    13.693
 3    -0.025    -0.163     0.986
 3    -0.064     0.985     0.161
 3    -0.998    -0.059    -0.035
 4   107.683    11.155    -1.330
 4     0.507    -0.728     0.462
 4     0.856     0.487    -0.172
 4    -0.099     0.482     0.870
 5   129.675    38.462    30.245
 5     0.747    -0.341     0.572
 5     0.503    -0.273    -0.819
 5     0.435     0.899    -0.034
 6   115.518    20.317    29.300
 6    -0.666    -0.401     0.630
 6    -0.467     0.881     0.065
 6    -0.581    -0.250    -0.774
 7   107.184   -16.835    -1.931
 7     0.648     0.637     0.418
 7    -0.585     0.767    -0.262
 7    -0.487    -0.075     0.869
 8   136.886   -40.571    25.614
 8     0.864     0.123     0.488
 8    -0.445    -0.266     0.855
 8     0.235    -0.956    -0.175
 9   114.036   -29.912    21.392
 9    -0.786    -0.019     0.618
 9     0.392     0.757     0.521
 9    -0.478     0.652    -0.589
 2    99.134   -21.961    59.175
 2     0.555    -0.832     0.000
 2     0.830     0.554     0.058
 2    -0.047    -0.033     0.998
 3    99.966    -5.044    12.925
 3    -0.006    -0.206     0.978
 3    -0.070     0.976     0.205
 3    -0.997    -0.067    -0.020
 4   107.638    10.855    -1.562
 4     0.500    -0.737     0.456
 4     0.860     0.481    -0.166
 4    -0.097     0.475     0.874
 5   128.637    40.464    28.462
 5     0.702    -0.253     0.666
 5     0.595    -0.305    -0.743
 5     0.391     0.918    -0.065
 6   116.086    20.958    28.424
 6    -0.670    -0.452     0.590
 6    -0.511     0.856     0.074
 6    -0.538    -0.252    -0.804
 7   107.358   -16.822    -1.929
 7     0.655     0.642     0.400
 7    -0.589     0.764    -0.262
 7    -0.474    -0.064     0.878
 8   136.739   -41.615    24.875
 8     0.838     0.044     0.544
 8    -0.506    -0.308     0.805
 8     0.203    -0.950    -0.235
 9   114.978   -29.866    21.069
 9    -0.793     0.041     0.608
 9     0.417     0.763     0.493
 9    -0.444     0.645    -0.622
 2    99.135   -21.962    59.175
 2     0.556    -0.832    -0.000
 2     0.830     0.554     0.057
 2    -0.047    -0.033     0.998
 3    99.971    -5.089    12.710
 3     0.007    -0.225     0.974
 3    -0.074     0.971     0.225
 3    -0.997    -0.074    -0.009
 4   107.679    10.776    -1.602
 4     0.498    -0.737     0.457
 4     0.861     0.481    -0.161
 4    -0.101     0.474     0.874
 5   129.238    41.426    26.631
 5     0.714    -0.214     0.666
 5     0.615    -0.262    -0.743
 5     0.333     0.941    -0.057
 6   116.945    21.802    27.458
 6    -0.675    -0.465     0.574
 6    -0.547     0.836     0.033
 6    -0.495    -0.291    -0.818
 7   107.550   -16.896    -1.847
 7     0.660     0.632     0.406
 7    -0.580     0.772    -0.259
 7    -0.477    -0.065     0.876
 8   138.402   -42.674    21.482
 8     0.850    -0.045     0.526
 8    -0.518    -0.259     0.815
 8     0.099    -0.965    -0.243
 9   116.689   -30.272    19.432
 9    -0.804     0.111     0.584
 9     0.458     0.740     0.491
 9    -0.378     0.663    -0.646
 2    99.134   -21.961    59.175
 2     0.555    -0.832    -0.000
 2     0.830     0.553     0.057
 2    -0.047    -0.033     0.998
 3   100.007    -5.134    12.788
 3     0.005    -0.236     0.972
 3    -0.078     0.969     0.235
 3    -0.997    -0.077    -0.013
 4   107.553    10.350    -1.773
 4     0.498    -0.727     0.474
 4     0.858     0.490    -0.150
 4    -0.123     0.481     0.867
 5   130.035    42.804    22.688
 5     0.732    -0.142     0.667
 5     0.641    -0.188    -0.744
 5     0.230     0.972    -0.046
