% Calibrated with leiden_pols
% Positions are in centimeters
Data =[
 2    99.184   -21.911    59.175
 2     0.555    -0.832    -0.001
 2     0.830     0.553     0.057
 2    -0.047    -0.033     0.998
 3   100.280    -5.336    14.132
 3    -0.001    -0.159     0.987
 3    -0.079     0.984     0.158
 3    -0.997    -0.078    -0.014
 4   108.837    12.462    -0.705
 4     0.570    -0.653     0.500
 4     0.813     0.536    -0.227
 4    -0.119     0.535     0.835
 5   128.132    30.411    40.506
 5     0.553    -0.812     0.186
 5     0.176    -0.104    -0.979
 5     0.814     0.573     0.085
 6   111.403    17.767    32.891
 6    -0.306    -0.380     0.873
 6    -0.133     0.925     0.354
 6    -0.943    -0.008    -0.334
 7   109.932   -19.559    -0.405
 7     0.693     0.599     0.401
 7    -0.634     0.771    -0.056
 7    -0.343    -0.215     0.914
 8   133.417   -31.947    38.934
 8     0.762     0.647    -0.011
 8    -0.024     0.043     0.999
 8     0.647    -0.761     0.049
 9   109.179   -29.290    27.302
 9    -0.552    -0.362     0.752
 9     0.224     0.803     0.550
 9    -0.803     0.472    -0.363
 2    99.184   -21.961    59.175
 2     0.555    -0.832    -0.000
 2     0.830     0.553     0.057
 2    -0.047    -0.033     0.998
 3   100.282    -5.289    14.161
 3    -0.004    -0.162     0.987
 3    -0.077     0.984     0.160
 3    -0.997    -0.076    -0.016
 4   108.776    12.459    -0.696
 4     0.568    -0.651     0.505
 4     0.814     0.535    -0.225
 4    -0.123     0.538     0.833
 5   128.123    30.408    40.438
 5     0.556    -0.810     0.188
 5     0.175    -0.107    -0.979
 5     0.812     0.577     0.082
 6   111.408    17.769    32.857
 6    -0.307    -0.380     0.873
 6    -0.133     0.925     0.355
 6    -0.942    -0.008    -0.334
 7   109.875   -19.562    -0.447
 7     0.692     0.599     0.404
 7    -0.633     0.771    -0.058
 7    -0.346    -0.215     0.913
 8   133.646   -32.277    38.511
 8     0.781     0.623     0.047
 8    -0.054    -0.011     0.998
 8     0.622    -0.782     0.026
 9   109.445   -29.073    27.195
 9    -0.576    -0.346     0.742
 9     0.220     0.807     0.546
 9    -0.787     0.478    -0.388
 2    99.184   -21.911    59.175
 2     0.555    -0.832    -0.001
 2     0.830     0.553     0.057
 2    -0.047    -0.033     0.998
 3   100.263    -5.329    14.305
 3    -0.005    -0.182     0.983
 3    -0.076     0.980     0.181
 3    -0.997    -0.074    -0.019
 4   108.588    12.298    -0.605
 4     0.560    -0.669     0.490
 4     0.821     0.524    -0.223
 4    -0.108     0.526     0.843
 5   128.044    32.055    39.147
 5     0.621    -0.709     0.336
 5     0.256    -0.220    -0.941
 5     0.740     0.670     0.044
 6   111.489    17.866    32.765
 6    -0.352    -0.384     0.854
 6    -0.197     0.922     0.333
 6    -0.915    -0.052    -0.400
 7   108.723   -18.722    -0.985
 7     0.676     0.608     0.417
 7    -0.627     0.771    -0.108
 7    -0.387    -0.188     0.902
 8   134.838   -35.809    34.375
 8     0.844     0.474     0.249
 8    -0.205    -0.145     0.968
 8     0.494    -0.869    -0.025
 9   110.685   -29.671    25.353
 9    -0.667    -0.238     0.707
 9     0.293     0.787     0.541
 9    -0.685     0.568    -0.455
 2    99.184   -21.911    59.175
 2     0.555    -0.832    -0.000
 2     0.830     0.553     0.058
 2    -0.047    -0.033     0.998
 3   100.245    -5.241    14.268
 3    -0.012    -0.184     0.983
 3    -0.061     0.981     0.182
 3    -0.998    -0.058    -0.023
 4   108.140    11.834    -0.728
 4     0.534    -0.704     0.469
 4     0.839     0.505    -0.199
 4    -0.097     0.499     0.860
 5   128.508    35.310    35.566
 5     0.706    -0.538     0.463
 5     0.377    -0.267    -0.886
 5     0.599     0.799     0.013
 6   112.579    18.988    31.551
 6    -0.558    -0.326     0.764
 6    -0.363     0.923     0.129
 6    -0.747    -0.205    -0.632
 7   107.726   -17.685    -1.596
 7     0.659     0.616     0.432
 7    -0.596     0.777    -0.200
 7    -0.459    -0.126     0.879
 8   136.192   -38.882    29.127
 8     0.871     0.293     0.394
 8    -0.344    -0.210     0.915
 8     0.350    -0.933    -0.083
 9   112.831   -30.016    22.687
 9    -0.751    -0.112     0.651
 9     0.358     0.759     0.543
 9    -0.554     0.641    -0.531
 2    99.135   -21.911    59.176
 2     0.555    -0.832    -0.001
 2     0.830     0.553     0.058
 2    -0.047    -0.034     0.998
 3   100.132    -5.070    13.693
 3    -0.025    -0.163     0.986
 3    -0.064     0.985     0.161
 3    -0.998    -0.059    -0.035
 4   107.683    11.155    -1.330
 4     0.507    -0.728     0.462
 4     0.856     0.487    -0.172
 4    -0.099     0.482     0.870
 5   129.675    38.462    30.245
 5     0.747    -0.341     0.572
 5     0.503    -0.273    -0.819
 5     0.435     0.899    -0.034
 6   115.518    20.317    29.300
 6    -0.666    -0.401     0.630
 6    -0.467     0.881     0.065
 6    -0.581    -0.250    -0.774
 7   107.184   -16.835    -1.931
 7     0.648     0.637     0.418
 7    -0.585     0.767    -0.262
 7    -0.487    -0.075     0.869
 8   136.886   -40.571    25.614
 8     0.864     0.123     0.488
 8    -0.445    -0.266     0.855
 8     0.235    -0.956    -0.175
 9   114.036   -29.912    21.392
 9    -0.786    -0.019     0.618
 9     0.392     0.757     0.521
 9    -0.478     0.652    -0.589
 2    99.134   -21.961    59.175
 2     0.555    -0.832     0.000
 2     0.830     0.554     0.058
 2    -0.047    -0.033     0.998
 3    99.966    -5.044    12.925
 3    -0.006    -0.206     0.978
 3    -0.070     0.976     0.205
 3    -0.997    -0.067    -0.020
 4   107.638    10.855    -1.562
 4     0.500    -0.737     0.456
 4     0.860     0.481    -0.166
 4    -0.097     0.475     0.874
 5   128.637    40.464    28.462
 5     0.702    -0.253     0.666
 5     0.595    -0.305    -0.743
 5     0.391     0.918    -0.065
 6   116.086    20.958    28.424
 6    -0.670    -0.452     0.590
 6    -0.511     0.856     0.074
 6    -0.538    -0.252    -0.804
 7   107.358   -16.822    -1.929
 7     0.655     0.642     0.400
 7    -0.589     0.764    -0.262
 7    -0.474    -0.064     0.878
 8   136.739   -41.615    24.875
 8     0.838     0.044     0.544
 8    -0.506    -0.308     0.805
 8     0.203    -0.950    -0.235
 9   114.978   -29.866    21.069
 9    -0.793     0.041     0.608
 9     0.417     0.763     0.493
 9    -0.444     0.645    -0.622
 2    99.135   -21.962    59.175
 2     0.556    -0.832    -0.000
 2     0.830     0.554     0.057
 2    -0.047    -0.033     0.998
 3    99.971    -5.089    12.710
 3     0.007    -0.225     0.974
 3    -0.074     0.971     0.225
 3    -0.997    -0.074    -0.009
 4   107.679    10.776    -1.602
 4     0.498    -0.737     0.457
 4     0.861     0.481    -0.161
 4    -0.101     0.474     0.874
 5   129.238    41.426    26.631
 5     0.714    -0.214     0.666
 5     0.615    -0.262    -0.743
 5     0.333     0.941    -0.057
 6   116.945    21.802    27.458
 6    -0.675    -0.465     0.574
 6    -0.547     0.836     0.033
 6    -0.495    -0.291    -0.818
 7   107.550   -16.896    -1.847
 7     0.660     0.632     0.406
 7    -0.580     0.772    -0.259
 7    -0.477    -0.065     0.876
 8   138.402   -42.674    21.482
 8     0.850    -0.045     0.526
 8    -0.518    -0.259     0.815
 8     0.099    -0.965    -0.243
 9   116.689   -30.272    19.432
 9    -0.804     0.111     0.584
 9     0.458     0.740     0.491
 9    -0.378     0.663    -0.646
 2    99.134   -21.961    59.175
 2     0.555    -0.832    -0.000
 2     0.830     0.553     0.057
 2    -0.047    -0.033     0.998
 3   100.007    -5.134    12.788
 3     0.005    -0.236     0.972
 3    -0.078     0.969     0.235
 3    -0.997    -0.077    -0.013
 4   107.553    10.350    -1.773
 4     0.498    -0.727     0.474
 4     0.858     0.490    -0.150
 4    -0.123     0.481     0.867
 5   130.035    42.804    22.688
 5     0.732    -0.142     0.667
 5     0.641    -0.188    -0.744
 5     0.230     0.972    -0.046
 6   118.049    23.111    25.206
 6    -0.697    -0.490     0.524
 6    -0.589     0.807    -0.028
 6    -0.409    -0.328    -0.851
 7   107.428   -16.912    -1.737
 7     0.658     0.622     0.424
 7    -0.566     0.780    -0.266
 7    -0.496    -0.065     0.865
 8   139.536   -43.219    18.068
 8     0.856    -0.118     0.503
 8    -0.517    -0.209     0.830
 8     0.007    -0.971    -0.238
 9   118.081   -30.730    17.595
 9    -0.800     0.170     0.576
 9     0.501     0.717     0.484
 9    -0.330     0.676    -0.659
 2    99.134   -21.961    59.175
 2     0.555    -0.832    -0.000
 2     0.830     0.553     0.057
 2    -0.047    -0.033     0.998
 3   100.051    -5.414    13.040
 3    -0.011    -0.248     0.969
 3    -0.097     0.964     0.245
 3    -0.995    -0.092    -0.034
 4   106.708     9.613    -2.048
 4     0.483    -0.709     0.515
 4     0.856     0.505    -0.108
 4    -0.183     0.492     0.850
 5   129.803    44.309    16.973
 5     0.748    -0.045     0.661
 5     0.658    -0.065    -0.750
 5     0.077     0.997    -0.018
 6   118.059    24.465    22.527
 6    -0.698    -0.525     0.489
 6    -0.639     0.763    -0.093
 6    -0.324    -0.376    -0.867
 7   106.986   -17.074    -1.660
 7     0.649     0.602     0.465
 7    -0.540     0.795    -0.275
 7    -0.535    -0.073     0.841
 8   140.200   -44.403    13.104
 8     0.849    -0.220     0.482
 8    -0.515    -0.138     0.846
 8    -0.120    -0.966    -0.229
 9   119.053   -31.344    15.377
 9    -0.787     0.233     0.572
 9     0.549     0.686     0.476
 9    -0.281     0.689    -0.667
 2    99.135   -21.962    59.175
 2     0.556    -0.832    -0.000
 2     0.830     0.554     0.057
 2    -0.047    -0.033     0.998
 3   100.050    -5.622    13.222
 3    -0.030    -0.264     0.964
 3    -0.104     0.960     0.259
 3    -0.994    -0.092    -0.056
 4   106.159     9.322    -2.118
 4     0.475    -0.694     0.542
 4     0.851     0.518    -0.082
 4    -0.224     0.500     0.836
 5   129.577    44.697    14.223
 5     0.750     0.015     0.661
 5     0.661    -0.020    -0.750
 5     0.002     1.000    -0.024
 6   118.325    25.067    20.941
 6    -0.694    -0.535     0.483
 6    -0.657     0.743    -0.122
 6    -0.294    -0.401    -0.867
 7   106.611   -16.929    -1.682
 7     0.637     0.593     0.493
 7    -0.523     0.802    -0.288
 7    -0.566    -0.074     0.821
 8   140.961   -43.701    10.639
 8     0.852    -0.263     0.455
 8    -0.494    -0.112     0.862
 8    -0.174    -0.958    -0.224
 9   119.797   -31.277    13.915
 9    -0.786     0.245     0.569
 9     0.558     0.675     0.481
 9    -0.266     0.695    -0.667
 2    99.135   -21.962    59.175
 2     0.556    -0.832    -0.000
 2     0.830     0.554     0.057
 2    -0.047    -0.033     0.998
 3   100.092    -5.585    13.461
 3    -0.039    -0.251     0.967
 3    -0.094     0.964     0.247
 3    -0.995    -0.082    -0.061
 4   105.832     9.180    -2.108
 4     0.470    -0.673     0.571
 4     0.841     0.536    -0.061
 4    -0.266     0.509     0.818
 5   129.508    45.473    10.955
 5     0.738     0.064     0.671
 5     0.671     0.032    -0.741
 5    -0.069     0.997    -0.018
 6   118.750    25.938    19.120
 6    -0.691    -0.555     0.465
 6    -0.680     0.717    -0.155
 6    -0.247    -0.422    -0.872
 7   106.348   -16.708    -1.803
 7     0.627     0.579     0.521
 7    -0.498     0.812    -0.303
 7    -0.599    -0.069     0.798
 8   141.415   -43.326     7.216
 8     0.848    -0.314     0.429
 8    -0.468    -0.063     0.881
 8    -0.249    -0.948    -0.198
 9   120.544   -31.279    11.867
 9    -0.789     0.273     0.551
 9     0.573     0.648     0.501
 9    -0.220     0.711    -0.668
 2    99.184   -21.961    59.175
 2     0.555    -0.832    -0.000
 2     0.830     0.553     0.058
 2    -0.047    -0.033     0.998
 3   100.284    -5.470    13.909
 3    -0.054    -0.265     0.963
 3    -0.077     0.962     0.260
 3    -0.995    -0.061    -0.072
 4   105.243     8.915    -2.135
 4     0.452    -0.647     0.615
 4     0.828     0.559    -0.019
 4    -0.332     0.517     0.788
 5   128.867    46.304     5.878
 5     0.713     0.157     0.684
 5     0.675     0.109    -0.729
 5    -0.189     0.981    -0.026
 6   119.298    27.117    16.374
 6    -0.686    -0.595     0.419
 6    -0.708     0.677    -0.199
 6    -0.166    -0.432    -0.886
 7   105.853   -16.517    -1.765
 7     0.613     0.569     0.548
 7    -0.472     0.820    -0.323
 7    -0.633    -0.061     0.771
 8   140.884   -43.715     2.602
 8     0.816    -0.391     0.428
 8    -0.464    -0.000     0.885
 8    -0.345    -0.920    -0.180
 9   120.949   -31.531     9.170
 9    -0.771     0.337     0.540
 9     0.615     0.612     0.497
 9    -0.164     0.715    -0.679
 2    99.135   -21.962    59.175
 2     0.556    -0.832    -0.000
 2     0.830     0.554     0.057
 2    -0.047    -0.033     0.998
 3   100.462    -5.377    14.406
 3    -0.063    -0.281     0.958
 3    -0.059     0.959     0.277
 3    -0.996    -0.039    -0.077
 4   104.774     8.812    -2.041
 4     0.433    -0.619     0.656
 4     0.814     0.580     0.010
 4    -0.387     0.530     0.754
 5   128.162    46.769     1.908
 5     0.681     0.224     0.698
 5     0.681     0.158    -0.714
 5    -0.269     0.962    -0.043
 6   119.813    27.750    14.029
 6    -0.679    -0.627     0.383
 6    -0.726     0.648    -0.228
 6    -0.105    -0.432    -0.895
 7   105.450   -16.142    -1.805
 7     0.601     0.566     0.564
 7    -0.452     0.822    -0.344
 7    -0.659    -0.048     0.750
 8   139.659   -44.251    -1.164
 8     0.777    -0.452     0.442
 8    -0.466     0.061     0.882
 8    -0.424    -0.890    -0.161
 9   120.751   -31.739     7.154
 9    -0.742     0.382     0.552
 9     0.657     0.575     0.487
 9    -0.132     0.723    -0.677
 2    99.184   -21.961    59.175
 2     0.555    -0.832    -0.000
 2     0.830     0.553     0.058
 2    -0.047    -0.033     0.998
 3   100.494    -5.207    14.678
 3    -0.072    -0.234     0.969
 3    -0.045     0.972     0.231
 3    -0.996    -0.027    -0.081
 4   104.297     8.768    -2.022
 4     0.411    -0.595     0.692
 4     0.802     0.595     0.036
 4    -0.433     0.540     0.721
 5   127.052    47.253    -1.072
 5     0.645     0.267     0.717
 5     0.690     0.200    -0.694
 5    -0.328     0.943    -0.053
 6   119.852    28.322    11.972
 6    -0.664    -0.656     0.361
 6    -0.746     0.615    -0.254
 6    -0.055    -0.437    -0.897
 7   105.160   -15.920    -1.880
 7     0.589     0.550     0.593
 7    -0.422     0.834    -0.354
 7    -0.689    -0.042     0.723
 8   139.032   -44.137    -4.548
 8     0.747    -0.495     0.447
 8    -0.453     0.112     0.883
 8    -0.487    -0.862    -0.139
 9   120.933   -31.754     5.093
 9    -0.726     0.418     0.547
 9     0.681     0.544     0.490
 9    -0.093     0.727    -0.679
 2    99.134   -21.961    59.175
 2     0.555    -0.832    -0.000
 2     0.830     0.553     0.057
 2    -0.047    -0.033     0.998
 3   100.500    -5.225    14.760
 3    -0.070    -0.207     0.976
 3    -0.046     0.978     0.204
 3    -0.996    -0.031    -0.078
 4   104.077     8.426    -2.100
 4     0.398    -0.577     0.714
 4     0.788     0.612     0.055
 4    -0.469     0.541     0.698
 5   125.396    47.373    -4.967
 5     0.591     0.325     0.740
 5     0.700     0.250    -0.668
 5    -0.400     0.912    -0.077
 6   119.785    28.603     9.582
 6    -0.636    -0.697     0.332
 6    -0.771     0.573    -0.274
 6     0.001    -0.430    -0.902
 7   105.082   -15.826    -1.855
 7     0.587     0.544     0.600
 7    -0.411     0.838    -0.357
 7    -0.697    -0.037     0.716
 8   137.604   -45.035    -7.190
 8     0.700    -0.533     0.479
 8    -0.471     0.158     0.866
 8    -0.536    -0.832    -0.139
 9   120.553   -32.260     3.593
 9    -0.697     0.466     0.547
 9     0.714     0.513     0.475
 9    -0.059     0.720    -0.690
 2    99.184   -21.961    59.175
 2     0.555    -0.832     0.000
 2     0.830     0.554     0.058
 2    -0.047    -0.033     0.998
 3   100.470    -5.233    14.739
 3    -0.069    -0.197     0.978
 3    -0.048     0.980     0.193
 3    -0.996    -0.034    -0.077
 4   103.711     8.230    -2.042
 4     0.377    -0.574     0.727
 4     0.785     0.614     0.077
 4    -0.491     0.542     0.682
 5   123.317    48.045    -6.437
 5     0.541     0.340     0.771
 5     0.724     0.279    -0.629
 5    -0.428     0.898    -0.093
 6   118.959    28.990     8.353
 6    -0.604    -0.729     0.325
 6    -0.797     0.536    -0.278
 6     0.028    -0.426    -0.904
 7   104.823   -15.765    -1.866
 7     0.580     0.542     0.608
 7    -0.402     0.839    -0.365
 7    -0.708    -0.033     0.705
 8   136.125   -45.616    -9.137
 8     0.663    -0.555     0.506
 8    -0.483     0.197     0.851
 8    -0.572    -0.808    -0.136
 9   120.055   -32.470     2.327
 9    -0.672     0.497     0.551
 9     0.740     0.482     0.468
 9    -0.033     0.721    -0.691
 2    99.184   -21.961    59.175
 2     0.555    -0.832    -0.000
 2     0.830     0.554     0.057
 2    -0.047    -0.033     0.998
 3   100.461    -5.236    14.837
 3    -0.074    -0.182     0.980
 3    -0.045     0.983     0.179
 3    -0.996    -0.031    -0.080
 4   103.413     8.051    -2.097
 4     0.364    -0.561     0.744
 4     0.775     0.625     0.092
 4    -0.517     0.543     0.661
 5   121.998    47.755    -9.347
 5     0.506     0.375     0.778
 5     0.711     0.330    -0.620
 5    -0.489     0.866    -0.098
 6   118.754    29.250     6.637
 6    -0.583    -0.751     0.313
 6    -0.810     0.503    -0.299
 6     0.067    -0.427    -0.901
 7   104.535   -15.601    -1.924
 7     0.574     0.535     0.620
 7    -0.390     0.844    -0.367
 7    -0.720    -0.031     0.693
 8   134.647   -45.774   -11.623
 8     0.624    -0.579     0.530
 8    -0.484     0.245     0.838
 8    -0.614    -0.778    -0.126
 9   119.737   -32.614     0.642
 9    -0.649     0.532     0.546
 9     0.760     0.446     0.471
 9     0.007     0.720    -0.693
 2    99.134   -21.961    59.175
 2     0.555    -0.832    -0.000
 2     0.830     0.553     0.057
 2    -0.047    -0.033     0.998
 3   100.488    -5.187    14.919
 3    -0.076    -0.165     0.983
 3    -0.042     0.986     0.162
 3    -0.996    -0.029    -0.082
 4   103.288     7.787    -2.187
 4     0.361    -0.541     0.760
 4     0.756     0.646     0.101
 4    -0.546     0.538     0.641
 5   121.084    46.984   -12.494
 5     0.472     0.415     0.780
 5     0.691     0.376    -0.616
 5    -0.547     0.829    -0.108
 6   118.957    29.114     4.371
 6    -0.565    -0.774     0.288
 6    -0.817     0.473    -0.330
 6     0.119    -0.421    -0.899
 7   104.235   -15.617    -1.879
 7     0.563     0.536     0.629
 7    -0.387     0.843    -0.373
 7    -0.730    -0.034     0.682
 8   132.996   -46.358   -13.534
 8     0.580    -0.602     0.553
 8    -0.492     0.280     0.822
 8    -0.649    -0.748    -0.132
 9   119.205   -32.939    -0.581
 9    -0.623     0.569     0.538
 9     0.781     0.415     0.466
 9     0.042     0.710    -0.702
 2    99.184   -21.962    59.175
 2     0.556    -0.832     0.000
 2     0.830     0.554     0.057
 2    -0.047    -0.032     0.998
 3   100.459    -5.203    14.936
 3    -0.078    -0.143     0.987
 3    -0.044     0.989     0.139
 3    -0.996    -0.033    -0.083
 4   103.105     7.510    -2.226
 4     0.351    -0.533     0.770
 4     0.745     0.656     0.115
 4    -0.567     0.534     0.627
 5   120.096    46.413   -14.452
 5     0.443     0.436     0.785
 5     0.680     0.407    -0.608
 5    -0.584     0.802    -0.115
 6   118.696    29.088     3.187
 6    -0.550    -0.788     0.277
 6    -0.821     0.449    -0.351
 6     0.152    -0.420    -0.894
 7   103.909   -15.590    -1.815
 7     0.550     0.535     0.641
 7    -0.375     0.844    -0.383
 7    -0.746    -0.030     0.665
 8   131.583   -46.183   -15.909
 8     0.536    -0.629     0.568
 8    -0.489     0.316     0.811
 8    -0.688    -0.711    -0.138
 9   118.975   -32.789    -2.447
 9    -0.608     0.603     0.519
 9     0.789     0.384     0.479
 9     0.090     0.699    -0.708
 2    99.135   -21.962    59.175
 2     0.556    -0.832    -0.000
 2     0.830     0.554     0.057
 2    -0.047    -0.033     0.998
 3   100.419    -5.204    14.948
 3    -0.079    -0.134     0.988
 3    -0.043     0.990     0.131
 3    -0.996    -0.032    -0.083
 4   103.084     7.476    -2.274
 4     0.350    -0.507     0.788
 4     0.725     0.678     0.113
 4    -0.593     0.532     0.605
 5   120.197    44.697   -17.849
 5     0.430     0.487     0.763
 5     0.627     0.448    -0.636
 5    -0.650     0.750    -0.112
 6   119.633    28.692     0.606
 6    -0.558    -0.795     0.240
 6    -0.800     0.438    -0.409
 6     0.220    -0.420    -0.880
 7   103.814   -15.334    -1.977
 7     0.539     0.530     0.655
 7    -0.353     0.847    -0.396
 7    -0.765    -0.018     0.643
 8   130.088   -45.268   -19.293
 8     0.485    -0.659     0.579
 8    -0.465     0.365     0.805
 8    -0.741    -0.658    -0.129
 9   119.067   -32.363    -4.646
 9    -0.597     0.640     0.486
 9     0.786     0.347     0.510
 9     0.158     0.685    -0.710
 2    99.134   -21.961    59.175
 2     0.555    -0.832    -0.000
 2     0.830     0.553     0.057
 2    -0.047    -0.033     0.998
 3   100.344    -5.217    14.887
 3    -0.074    -0.110     0.991
 3    -0.048     0.993     0.106
 3    -0.996    -0.039    -0.079
 4   103.057     7.090    -2.375
 4     0.353    -0.493     0.796
 4     0.705     0.698     0.119
 4    -0.615     0.519     0.593
 5   119.532    42.890   -21.008
 5     0.403     0.520     0.755
 5     0.581     0.492    -0.647
 5    -0.707     0.698    -0.103
 6   119.829    28.212    -1.225
 6    -0.556    -0.804     0.215
 6    -0.788     0.426    -0.445
 6     0.266    -0.416    -0.870
 7   103.623   -15.451    -1.936
 7     0.531     0.528     0.663
 7    -0.341     0.849    -0.403
 7    -0.776    -0.012     0.630
 8   128.490   -44.920   -21.448
 8     0.438    -0.685     0.585
 8    -0.448     0.397     0.799
 8    -0.779    -0.611    -0.133
 9   118.740   -32.464    -6.038
 9    -0.579     0.674     0.461
 9     0.788     0.318     0.525
 9     0.207     0.666    -0.715
 2    99.185   -21.962    59.175
 2     0.556    -0.832    -0.000
 2     0.830     0.554     0.057
 2    -0.047    -0.033     0.998
 3   100.272    -5.333    14.832
 3    -0.072    -0.103     0.992
 3    -0.054     0.994     0.098
 3    -0.996    -0.047    -0.077
 4   103.003     6.898    -2.388
 4     0.349    -0.490     0.799
 4     0.697     0.705     0.128
 4    -0.626     0.512     0.587
 5   119.253    42.277   -21.835
 5     0.396     0.535     0.749
 5     0.564     0.502    -0.654
 5    -0.725     0.680    -0.103
 6   119.739    27.960    -1.769
 6    -0.557    -0.805     0.209
 6    -0.786     0.428    -0.446
 6     0.269    -0.412    -0.870
 7   103.575   -15.484    -1.864
 7     0.527     0.526     0.668
 7    -0.333     0.850    -0.407
 7    -0.782    -0.008     0.623
 8   127.297   -44.704   -22.872
 8     0.400    -0.701     0.595
 8    -0.446     0.417     0.790
 8    -0.801    -0.579    -0.146
 9   118.565   -32.321    -7.255
 9    -0.561     0.704     0.438
 9     0.790     0.298     0.534
 9     0.246     0.644    -0.723
 2    99.134   -21.961    59.175
 2     0.555    -0.832    -0.000
 2     0.830     0.553     0.057
 2    -0.047    -0.033     0.998
 3   100.250    -5.331    14.807
 3    -0.071    -0.098     0.992
 3    -0.057     0.994     0.094
 3    -0.996    -0.049    -0.076
 4   103.038     6.826    -2.414
 4     0.350    -0.473     0.809
 4     0.683     0.719     0.125
 4    -0.641     0.508     0.575
 5   118.864    41.134   -23.882
 5     0.371     0.557     0.745
 5     0.550     0.514    -0.657
 5    -0.748     0.652    -0.116
 6   120.067    27.458    -3.654
 6    -0.552    -0.815     0.176
 6    -0.772     0.420    -0.477
 6     0.315    -0.399    -0.861
 7   103.468   -15.320    -1.830
 7     0.521     0.521     0.676
 7    -0.311     0.853    -0.418
 7    -0.794     0.008     0.607
 8   124.885   -44.144   -25.201
 8     0.330    -0.722     0.612
 8    -0.431     0.460     0.774
 8    -0.840    -0.517    -0.160
 9   118.032   -32.207    -8.952
 9    -0.526     0.748     0.407
 9     0.792     0.257     0.552
 9     0.309     0.612    -0.727
 2    99.134   -21.961    59.175
 2     0.555    -0.832    -0.000
 2     0.830     0.553     0.057
 2    -0.047    -0.033     0.998
 3   100.236    -5.363    14.853
 3    -0.069    -0.093     0.993
 3    -0.056     0.994     0.089
 3    -0.996    -0.049    -0.073
 4   102.811     6.623    -2.356
 4     0.346    -0.456     0.820
 4     0.668     0.733     0.125
 4    -0.659     0.505     0.558
 5   118.535    40.112   -25.234
 5     0.354     0.581     0.735
 5     0.530     0.523    -0.666
 5    -0.770     0.624    -0.123
 6   120.326    26.946    -4.837
 6    -0.556    -0.819     0.142
 6    -0.754     0.424    -0.501
 6     0.350    -0.385    -0.854
 7   103.207   -15.439    -1.678
 7     0.511     0.519     0.685
 7    -0.303     0.854    -0.421
 7    -0.805     0.007     0.594
 8   123.957   -43.860   -26.072
 8     0.299    -0.739     0.606
 8    -0.430     0.462     0.774
 8    -0.852    -0.491    -0.181
 9   117.924   -31.969    -9.865
 9    -0.515     0.772     0.376
 9     0.788     0.254     0.559
 9     0.336     0.583    -0.739
 2    99.184   -21.961    59.175
 2     0.555    -0.832    -0.000
 2     0.830     0.553     0.057
 2    -0.047    -0.033     0.998
 3   100.234    -5.419    14.858
 3    -0.068    -0.083     0.994
 3    -0.062     0.995     0.079
 3    -0.996    -0.056    -0.073
 4   102.811     6.315    -2.515
 4     0.344    -0.443     0.828
 4     0.649     0.749     0.130
 4    -0.678     0.492     0.545
 5   117.742    38.477   -27.569
 5     0.323     0.611     0.725
 5     0.509     0.533    -0.674
 5    -0.798     0.585    -0.139
 6   120.516    26.170    -6.666
 6    -0.543    -0.833     0.107
 6    -0.738     0.413    -0.533
 6     0.399    -0.368    -0.840
 7   103.106   -15.446    -1.640
 7     0.509     0.517     0.688
 7    -0.282     0.855    -0.434
 7    -0.813     0.027     0.581
 8   122.497   -42.795   -27.950
 8     0.252    -0.756     0.606
 8    -0.408     0.484     0.772
 8    -0.878    -0.440    -0.187
 9   117.774   -31.502   -11.465
 9    -0.494     0.800     0.343
 9     0.776     0.227     0.588
 9     0.392     0.555    -0.733
 2    99.134   -21.962    59.175
 2     0.556    -0.832     0.000
 2     0.830     0.554     0.057
 2    -0.047    -0.032     0.998
 3   100.205    -5.468    14.789
 3    -0.068    -0.079     0.995
 3    -0.068     0.995     0.074
 3    -0.995    -0.063    -0.073
 4   102.678     6.045    -2.547
 4     0.339    -0.441     0.831
 4     0.639     0.755     0.140
 4    -0.690     0.484     0.537
 5   116.852    37.853   -28.553
 5     0.301     0.621     0.726
 5     0.501     0.544    -0.671
 5    -0.811     0.564    -0.148
 6   120.269    25.910    -7.438
 6    -0.530    -0.843     0.094
 6    -0.736     0.401    -0.545
 6     0.421    -0.358    -0.833
 7   102.862   -15.335    -1.639
 7     0.502     0.522     0.690
 7    -0.258     0.851    -0.456
 7    -0.825     0.051     0.562
 8   120.456   -41.489   -29.862
 8     0.196    -0.771     0.608
 8    -0.375     0.513     0.771
 8    -0.906    -0.378    -0.189
 9   117.237   -30.932   -13.000
 9    -0.467     0.828     0.313
 9     0.761     0.196     0.617
 9     0.450     0.525    -0.722
 2    99.184   -21.961    59.175
 2     0.555    -0.832    -0.000
 2     0.830     0.553     0.058
 2    -0.047    -0.033     0.998
 3   100.171    -5.515    14.801
 3    -0.070    -0.085     0.994
 3    -0.068     0.994     0.080
 3    -0.995    -0.062    -0.075
 4   102.589     6.090    -2.534
 4     0.336    -0.438     0.834
 4     0.636     0.758     0.141
 4    -0.694     0.483     0.533
 5   116.592    37.565   -28.994
 5     0.291     0.631     0.721
 5     0.496     0.544    -0.674
 5    -0.818     0.552    -0.155
 6   120.310    25.744    -7.978
 6    -0.528    -0.846     0.078
 6    -0.728     0.402    -0.554
 6     0.437    -0.350    -0.829
 7   102.736   -15.170    -1.589
 7     0.495     0.523     0.693
 7    -0.241     0.850    -0.468
 7    -0.834     0.065     0.547
 8   118.771   -40.543   -31.106
 8     0.144    -0.791     0.595
 8    -0.350     0.521     0.777
 8    -0.926    -0.319    -0.203
 9   116.833   -30.502   -14.171
 9    -0.440     0.854     0.279
 9     0.751     0.179     0.635
 9     0.492     0.488    -0.720
 2    99.134   -21.961    59.175
 2     0.555    -0.832    -0.000
 2     0.830     0.554     0.058
 2    -0.047    -0.033     0.998
 3   100.170    -5.512    14.796
 3    -0.069    -0.085     0.994
 3    -0.068     0.994     0.080
 3    -0.995    -0.062    -0.075
 4   102.512     6.026    -2.503
 4     0.333    -0.430     0.839
 4     0.628     0.765     0.142
 4    -0.703     0.480     0.525
 5   116.180    36.697   -29.943
 5     0.280     0.643     0.715
 5     0.476     0.554    -0.682
 5    -0.834     0.529    -0.151
 6   120.280    25.450    -8.686
 6    -0.524    -0.849     0.068
 6    -0.718     0.397    -0.571
 6     0.457    -0.348    -0.818
 7   102.522   -15.264    -1.389
 7     0.484     0.525     0.700
 7    -0.233     0.848    -0.475
 7    -0.844     0.066     0.532
 8   117.956   -39.522   -31.931
 8     0.112    -0.816     0.568
 8    -0.329     0.508     0.795
 8    -0.938    -0.275    -0.213
 9   116.878   -30.046   -15.111
 9    -0.437     0.868     0.236
 9     0.728     0.188     0.658
 9     0.527     0.459    -0.715
 2    99.184   -21.961    59.175
 2     0.555    -0.832     0.000
 2     0.830     0.554     0.058
 2    -0.047    -0.033     0.998
 3   100.168    -5.521    14.805
 3    -0.066    -0.066     0.995
 3    -0.072     0.995     0.061
 3    -0.995    -0.067    -0.071
 4   102.592     5.719    -2.715
 4     0.333    -0.417     0.846
 4     0.608     0.780     0.144
 4    -0.720     0.467     0.513
 5   116.372    35.736   -30.889
 5     0.277     0.654     0.705
 5     0.459     0.554    -0.693
 5    -0.844     0.514    -0.147
 6   120.668    24.871    -9.577
 6    -0.530    -0.847     0.053
 6    -0.703     0.403    -0.585
 6     0.473    -0.347    -0.809
 7   102.642   -15.224    -1.511
 7     0.475     0.517     0.712
 7    -0.212     0.852    -0.477
 7    -0.854     0.075     0.514
 8   118.050   -38.648   -32.683
 8     0.105    -0.824     0.557
 8    -0.309     0.505     0.805
 8    -0.945    -0.256    -0.203
 9   117.222   -29.694   -15.798
 9    -0.438     0.871     0.223
 9     0.716     0.188     0.672
 9     0.543     0.453    -0.707
 2    99.184   -21.962    59.175
 2     0.556    -0.832     0.000
 2     0.830     0.554     0.057
 2    -0.047    -0.032     0.998
 3   100.153    -5.621    14.645
 3    -0.056    -0.031     0.998
 3    -0.080     0.996     0.027
 3    -0.995    -0.078    -0.058
 4   102.777     5.619    -3.009
 4     0.331    -0.409     0.850
 4     0.591     0.792     0.151
 4    -0.735     0.453     0.504
 5   116.526    35.101   -31.756
 5     0.271     0.664     0.699
 5     0.458     0.549    -0.697
 5    -0.847     0.507    -0.156
 6   120.895    24.471   -10.324
 6    -0.532    -0.846     0.039
 6    -0.695     0.410    -0.591
 6     0.483    -0.342    -0.806
 7   102.773   -15.230    -1.672
 7     0.469     0.512     0.719
 7    -0.195     0.855    -0.481
 7    -0.861     0.085     0.501
 8   117.930   -37.996   -33.381
 8     0.092    -0.835     0.544
 8    -0.297     0.497     0.814
 8    -0.950    -0.235    -0.204
 9   117.448   -29.364   -16.472
 9    -0.437     0.877     0.203
 9     0.703     0.192     0.684
 9     0.561     0.441    -0.700
 2    99.134   -21.961    59.175
 2     0.555    -0.832    -0.000
 2     0.830     0.553     0.057
 2    -0.047    -0.033     0.998
 3   100.143    -5.733    14.634
 3    -0.050    -0.032     0.998
 3    -0.080     0.996     0.028
 3    -0.996    -0.078    -0.052
 4   102.654     5.495    -3.181
 4     0.322    -0.403     0.857
 4     0.577     0.800     0.159
 4    -0.750     0.443     0.490
 5   115.710    34.640   -32.816
 5     0.248     0.676     0.696
 5     0.454     0.552    -0.697
 5    -0.856     0.487    -0.171
 6   120.789    24.240   -11.474
 6    -0.519    -0.855     0.019
 6    -0.686     0.403    -0.606
 6     0.510    -0.328    -0.795
 7   102.783   -15.216    -1.639
 7     0.459     0.506     0.730
 7    -0.182     0.858    -0.480
 7    -0.869     0.087     0.486
 8   117.366   -37.203   -34.075
 8     0.067    -0.845     0.531
 8    -0.278     0.495     0.822
 8    -0.958    -0.202    -0.203
 9   117.443   -29.029   -17.144
 9    -0.427     0.886     0.180
 9     0.690     0.191     0.697
 9     0.584     0.422    -0.694
 2    99.134   -21.961    59.175
 2     0.555    -0.832    -0.000
 2     0.830     0.553     0.057
 2    -0.047    -0.033     0.998
 3   100.136    -5.733    14.838
 3    -0.052    -0.074     0.996
 3    -0.083     0.994     0.069
 3    -0.995    -0.079    -0.057
 4   101.952     5.348    -3.021
 4     0.293    -0.409     0.864
 4     0.569     0.800     0.185
 4    -0.768     0.438     0.467
 5   113.347    33.807   -34.254
 5     0.201     0.690     0.697
 5     0.454     0.564    -0.688
 5    -0.868     0.453    -0.201
 6   119.779    23.747   -12.946
 6    -0.492    -0.871    -0.014
 6    -0.673     0.390    -0.629
 6     0.552    -0.300    -0.777
 7   102.792   -15.346    -1.458
 7     0.453     0.483     0.749
 7    -0.172     0.872    -0.457
 7    -0.874     0.078     0.478
 8   117.848   -36.934   -34.066
 8     0.065    -0.865     0.499
 8    -0.279     0.464     0.840
 8    -0.958    -0.193    -0.212
 9   117.916   -28.658   -17.161
 9    -0.443     0.884     0.149
 9     0.677     0.221     0.701
 9     0.587     0.411    -0.697
 2    99.135   -21.962    59.175
 2     0.556    -0.832    -0.000
 2     0.830     0.554     0.057
 2    -0.047    -0.033     0.998
 3   100.104    -5.782    14.906
 3    -0.053    -0.074     0.996
 3    -0.087     0.994     0.069
 3    -0.995    -0.083    -0.059
 4   101.742     5.214    -3.004
 4     0.281    -0.404     0.870
 4     0.566     0.802     0.189
 4    -0.775     0.440     0.454
 5   112.148    32.594   -35.340
 5     0.178     0.682     0.711
 5     0.421     0.599    -0.679
 5    -0.889     0.418    -0.182
 6   119.242    23.596   -13.770
 6    -0.466    -0.885    -0.011
 6    -0.660     0.355    -0.662
 6     0.590    -0.301    -0.749
 7   102.625   -15.227    -1.494
 7     0.447     0.484     0.752
 7    -0.159     0.870    -0.466
 7    -0.880     0.088     0.466
 8   116.939   -35.558   -35.007
 8     0.047    -0.861     0.506
 8    -0.238     0.482     0.842
 8    -0.970    -0.159    -0.183
 9   117.667   -28.167   -17.973
 9    -0.431     0.891     0.143
 9     0.658     0.201     0.726
 9     0.618     0.406    -0.673
 2    99.135   -21.962    59.175
 2     0.556    -0.832    -0.001
 2     0.830     0.554     0.057
 2    -0.047    -0.033     0.998
 3   100.149    -5.780    15.049
 3    -0.056    -0.085     0.995
 3    -0.082     0.993     0.080
 3    -0.995    -0.078    -0.062
 4   101.428     5.158    -2.862
 4     0.264    -0.403     0.876
 4     0.565     0.801     0.198
 4    -0.782     0.443     0.439
 5   111.676    31.569   -35.973
 5     0.174     0.689     0.704
 5     0.380     0.612    -0.692
 5    -0.908     0.386    -0.157
 6   119.056    23.448   -14.142
 6    -0.463    -0.886    -0.015
 6    -0.646     0.348    -0.679
 6     0.607    -0.305    -0.734
 7   102.436   -15.427    -1.374
 7     0.429     0.482     0.764
 7    -0.163     0.873    -0.459
 7    -0.888     0.072     0.453
 8   116.560   -35.337   -35.189
 8     0.032    -0.876     0.482
 8    -0.218     0.464     0.858
 8    -0.975    -0.132    -0.177
 9   117.560   -28.280   -18.185
 9    -0.431     0.894     0.123
 9     0.651     0.213     0.728
 9     0.625     0.394    -0.674
 2    99.134   -21.911    59.201
 2     0.555    -0.832    -0.001
 2     0.830     0.553     0.057
 2    -0.047    -0.033     0.998
 3   100.136    -5.889    15.046
 3    -0.056    -0.065     0.996
 3    -0.088     0.994     0.060
 3    -0.995    -0.085    -0.061
 4   101.555     4.964    -2.954
 4     0.266    -0.390     0.881
 4     0.552     0.811     0.192
 4    -0.790     0.436     0.431
 5   112.166    30.679   -36.378
 5     0.180     0.702     0.690
 5     0.362     0.604    -0.708
 5    -0.914     0.376    -0.146
 6   119.431    22.962   -14.450
 6    -0.475    -0.880    -0.029
 6    -0.628     0.361    -0.690
 6     0.617    -0.309    -0.723
 7   102.221   -15.620    -1.203
 7     0.419     0.489     0.765
 7    -0.175     0.870    -0.460
 7    -0.891     0.058     0.450
 8   115.811   -35.208   -35.194
 8     0.017    -0.876     0.482
 8    -0.193     0.470     0.860
 8    -0.981    -0.107    -0.162
 9   117.250   -28.599   -18.278
 9    -0.418     0.900     0.125
 9     0.649     0.199     0.734
 9     0.636     0.387    -0.667
 2    99.135   -21.962    59.175
 2     0.556    -0.832    -0.000
 2     0.830     0.554     0.057
 2    -0.047    -0.033     0.998
 3   100.136    -5.906    15.156
 3    -0.055    -0.058     0.997
 3    -0.090     0.994     0.053
 3    -0.994    -0.087    -0.060
 4   101.406     4.861    -2.877
 4     0.267    -0.388     0.882
 4     0.551     0.812     0.190
 4    -0.790     0.436     0.431
 5   112.276    29.760   -36.617
 5     0.183     0.706     0.686
 5     0.343     0.607    -0.715
 5    -0.921     0.365    -0.132
 6   119.556    22.502   -14.616
 6    -0.480    -0.877    -0.033
 6    -0.613     0.361    -0.703
 6     0.628    -0.317    -0.710
 7   102.325   -15.911    -0.915
 7     0.427     0.476     0.769
 7    -0.189     0.878    -0.439
 7    -0.884     0.042     0.464
 8   116.270   -34.913   -34.917
 8     0.020    -0.887     0.461
 8    -0.174     0.451     0.875
 8    -0.985    -0.097    -0.146
 9   117.488   -28.673   -17.913
 9    -0.430     0.896     0.112
 9     0.643     0.216     0.735
 9     0.634     0.388    -0.669
 2    99.184   -21.962    59.175
 2     0.556    -0.832     0.000
 2     0.830     0.554     0.057
 2    -0.047    -0.032     0.998
 3   100.064    -6.016    15.094
 3    -0.046    -0.021     0.999
 3    -0.105     0.994     0.016
 3    -0.993    -0.104    -0.048
 4   101.523     4.613    -2.715
 4     0.273    -0.385     0.882
 4     0.555     0.811     0.182
 4    -0.786     0.440     0.435
 5   112.950    29.028   -36.519
 5     0.196     0.708     0.680
 5     0.331     0.604    -0.723
 5    -0.923     0.366    -0.117
 6   119.901    21.956   -14.546
 6    -0.496    -0.868    -0.039
 6    -0.600     0.374    -0.707
 6     0.627    -0.327    -0.706
 7   102.462   -16.180    -0.774
 7     0.433     0.467     0.771
 7    -0.199     0.883    -0.424
 7    -0.879     0.030     0.475
 8   116.832   -34.897   -34.957
 8     0.031    -0.897     0.441
 8    -0.183     0.429     0.884
 8    -0.983    -0.108    -0.152
 9   117.917   -28.490   -17.796
 9    -0.451     0.888     0.093
 9     0.630     0.243     0.737
 9     0.631     0.391    -0.669
 2    99.184   -21.962    59.175
 2     0.556    -0.832     0.000
 2     0.830     0.554     0.057
 2    -0.047    -0.032     0.998
 3   100.072    -6.136    15.064
 3    -0.049    -0.015     0.999
 3    -0.114     0.993     0.009
 3    -0.992    -0.113    -0.051
 4   101.676     4.565    -2.626
 4     0.286    -0.380     0.880
 4     0.555     0.813     0.171
 4    -0.781     0.440     0.443
 5   113.351    28.351   -36.763
 5     0.201     0.714     0.672
 5     0.320     0.600    -0.732
 5    -0.926     0.360    -0.109
 6   120.164    21.595   -14.612
 6    -0.505    -0.862    -0.047
 6    -0.587     0.381    -0.714
 6     0.633    -0.333    -0.698
 7   102.216   -15.957    -0.708
 7     0.433     0.485     0.759
 7    -0.195     0.873    -0.447
 7    -0.880     0.045     0.473
 8   116.154   -33.748   -35.304
 8     0.031    -0.881     0.472
