% Calibrated with leiden_pols
% Positions are in centimeters
Data =[
 2    99.241   -21.989    59.174
 2     0.565    -0.825    -0.000
 2     0.824     0.563     0.057
 2    -0.046    -0.033     0.998
 3   100.348    -3.893    13.543
 3     0.002    -0.164     0.986
 3    -0.041     0.985     0.163
 3    -0.999    -0.041    -0.005
 4   109.036    13.814    -0.157
 4     0.558    -0.683     0.473
 4     0.828     0.498    -0.258
 4    -0.060     0.535     0.842
 5   123.633    34.316    41.652
 5     0.409    -0.657     0.636
 5     0.431    -0.473    -0.766
 5     0.804     0.586     0.090
 6   114.446    17.965    35.666
 6    -0.605    -0.223     0.764
 6    -0.236     0.967     0.094
 6    -0.760    -0.124    -0.638
 7   109.881   -18.246    -0.405
 7     0.698     0.609     0.377
 7    -0.641     0.766    -0.051
 7    -0.319    -0.206     0.925
 8   129.067   -37.066    38.958
 8     0.620     0.543     0.568
 8    -0.405    -0.396     0.822
 8     0.671    -0.740    -0.027
 9   108.860   -27.355    28.003
 9    -0.566    -0.170     0.807
 9     0.242     0.901     0.358
 9    -0.788     0.397    -0.469
 2    99.243   -21.988    59.197
 2     0.565    -0.826    -0.001
 2     0.824     0.563     0.056
 2    -0.045    -0.033     0.998
 3   100.272    -3.928    13.481
 3     0.005    -0.166     0.986
 3    -0.042     0.985     0.165
 3    -0.999    -0.043    -0.001
 4   108.985    13.812    -0.147
 4     0.557    -0.687     0.467
 4     0.828     0.501    -0.251
 4    -0.062     0.526     0.847
 5   123.128    33.849    41.720
 5     0.404    -0.499     0.769
 5     0.436    -0.634    -0.637
 5     0.804     0.591    -0.039
 6   114.593    17.971    35.605
 6    -0.613    -0.219     0.760
 6    -0.229     0.969     0.094
 6    -0.756    -0.116    -0.644
 7   109.829   -18.298    -0.402
 7     0.698     0.608     0.379
 7    -0.641     0.766    -0.050
 7    -0.320    -0.207     0.924
 8   128.543   -37.330    39.128
 8     0.592     0.421     0.688
 8    -0.458    -0.526     0.715
 8     0.663    -0.738    -0.120
 9   109.105   -27.192    28.003
 9    -0.586    -0.152     0.797
 9     0.233     0.909     0.344
 9    -0.776     0.387    -0.497
 2    99.191   -21.989    59.174
 2     0.565    -0.826    -0.000
 2     0.824     0.563     0.056
 2    -0.046    -0.033     0.998
 3   100.307    -3.895    13.506
 3     0.004    -0.171     0.985
 3    -0.043     0.984     0.170
 3    -0.999    -0.043    -0.003
 4   108.907    13.862    -0.188
 4     0.553    -0.693     0.463
 4     0.831     0.501    -0.241
 4    -0.064     0.517     0.853
 5   122.231    33.669    41.674
 5     0.385    -0.298     0.875
 5     0.459    -0.761    -0.458
 5     0.801     0.576    -0.157
 6   114.967    17.826    35.536
 6    -0.620    -0.258     0.741
 6    -0.237     0.962     0.136
 6    -0.748    -0.091    -0.657
 7   109.795   -18.252    -0.440
 7     0.695     0.611     0.379
 7    -0.642     0.764    -0.055
 7    -0.324    -0.205     0.923
 8   127.660   -38.436    38.668
 8     0.552     0.235     0.801
 8    -0.544    -0.626     0.558
 8     0.631    -0.744    -0.218
 9   109.516   -26.834    27.858
 9    -0.609    -0.067     0.791
 9     0.259     0.925     0.276
 9    -0.750     0.373    -0.546
 2    99.243   -21.988    59.197
 2     0.565    -0.826    -0.001
 2     0.824     0.563     0.056
 2    -0.045    -0.033     0.998
 3   100.241    -3.914    13.335
 3     0.006    -0.179     0.984
 3    -0.039     0.983     0.179
 3    -0.999    -0.040    -0.001
 4   108.919    13.713    -0.309
 4     0.538    -0.719     0.441
 4     0.842     0.481    -0.244
 4    -0.037     0.501     0.864
 5   121.933    34.565    40.973
 5     0.385    -0.206     0.900
 5     0.507    -0.768    -0.391
 5     0.771     0.606    -0.192
 6   115.195    17.998    35.099
 6    -0.599    -0.384     0.703
 6    -0.322     0.919     0.227
 6    -0.733    -0.090    -0.673
 7   109.683   -17.958    -0.727
 7     0.686     0.622     0.378
 7    -0.649     0.757    -0.069
 7    -0.329    -0.198     0.923
 8   127.302   -40.114    37.313
 8     0.524     0.100     0.846
 8    -0.620    -0.636     0.459
 8     0.583    -0.765    -0.272
 9   110.411   -26.758    27.187
 9    -0.634     0.063     0.771
 9     0.330     0.924     0.195
 9    -0.699     0.378    -0.607
 2    99.243   -21.988    59.171
 2     0.565    -0.826    -0.001
 2     0.824     0.563     0.056
 2    -0.045    -0.033     0.998
 3   100.068    -3.885    13.042
 3     0.012    -0.183     0.983
 3    -0.039     0.982     0.183
 3    -0.999    -0.041     0.005
 4   108.861    13.516    -0.383
 4     0.521    -0.746     0.416
 4     0.854     0.459    -0.245
 4    -0.008     0.482     0.875
 5   121.544    36.595    39.642
 5     0.388    -0.146     0.910
 5     0.575    -0.734    -0.361
 5     0.720     0.662    -0.202
 6   115.565    18.849    34.242
 6    -0.571    -0.486     0.663
 6    -0.414     0.866     0.278
 6    -0.709    -0.115    -0.695
 7   109.241   -17.599    -0.905
 7     0.678     0.629     0.381
 7    -0.649     0.755    -0.092
 7    -0.346    -0.185     0.920
 8   128.287   -40.854    35.721
 8     0.547     0.053     0.835
 8    -0.644    -0.610     0.460
 8     0.534    -0.790    -0.300
 9   111.636   -26.743    26.325
 9    -0.675     0.115     0.729
 9     0.361     0.913     0.190
 9    -0.643     0.391    -0.658
 2    99.241   -21.989    59.199
 2     0.565    -0.826    -0.000
 2     0.824     0.563     0.057
 2    -0.046    -0.033     0.998
 3   100.036    -4.001    12.836
 3     0.009    -0.200     0.980
 3    -0.041     0.979     0.200
 3    -0.999    -0.042     0.000
 4   108.718    13.282    -0.505
 4     0.505    -0.760     0.411
 4     0.863     0.439    -0.247
 4     0.008     0.479     0.877
 5   122.672    38.669    37.328
 5     0.424    -0.105     0.900
 5     0.631    -0.678    -0.375
 5     0.649     0.727    -0.222
 6   116.614    20.110    33.014
 6    -0.555    -0.531     0.642
 6    -0.480     0.833     0.273
 6    -0.679    -0.156    -0.716
 7   109.012   -17.311    -1.056
 7     0.680     0.621     0.389
 7    -0.635     0.764    -0.111
 7    -0.366    -0.171     0.914
 8   129.626   -42.502    33.213
 8     0.563    -0.014     0.826
 8    -0.684    -0.568     0.457
 8     0.463    -0.823    -0.329
 9   112.882   -27.472    25.038
 9    -0.689     0.216     0.692
 9     0.445     0.880     0.168
 9    -0.572     0.423    -0.702
 2    99.243   -21.988    59.197
 2     0.565    -0.825    -0.001
 2     0.823     0.563     0.056
 2    -0.045    -0.033     0.998
 3    99.771    -3.987    12.310
 3     0.022    -0.209     0.977
 3    -0.035     0.977     0.210
 3    -0.999    -0.039     0.014
 4   108.777    13.007    -0.695
 4     0.502    -0.763     0.408
 4     0.865     0.436    -0.249
 4     0.012     0.478     0.878
 5   123.161    41.553    34.173
 5     0.437    -0.070     0.897
 5     0.697    -0.604    -0.386
 5     0.568     0.794    -0.216
 6   117.428    21.893    31.196
 6    -0.541    -0.576     0.615
 6    -0.559     0.790     0.248
 6    -0.628    -0.209    -0.749
 7   108.719   -17.032    -1.221
 7     0.677     0.624     0.390
 7    -0.624     0.768    -0.145
 7    -0.390    -0.145     0.909
 8   129.964   -44.751    30.252
 8     0.566    -0.078     0.821
 8    -0.731    -0.506     0.456
 8     0.380    -0.859    -0.343
 9   113.789   -28.405    23.574
 9    -0.677     0.309     0.668
 9     0.527     0.836     0.148
 9    -0.513     0.453    -0.729
 2    99.240   -21.963    59.173
 2     0.564    -0.826     0.000
 2     0.824     0.563     0.056
 2    -0.046    -0.032     0.998
 3    99.548    -4.009    11.725
 3     0.043    -0.219     0.975
 3    -0.031     0.975     0.220
 3    -0.999    -0.039     0.035
 4   108.750    12.540    -0.988
 4     0.500    -0.762     0.412
 4     0.866     0.440    -0.236
 4    -0.001     0.474     0.880
 5   123.780    44.313    30.204
 5     0.460    -0.025     0.887
 5     0.757    -0.510    -0.407
 5     0.463     0.859    -0.216
