% Calibrated with leiden_pols
% Positions are in centimeters
Data =[
 2    99.241   -21.989    59.174
 2     0.565    -0.825    -0.000
 2     0.824     0.563     0.057
 2    -0.046    -0.033     0.998
 3   100.348    -3.893    13.543
 3     0.002    -0.164     0.986
 3    -0.041     0.985     0.163
 3    -0.999    -0.041    -0.005
 4   109.036    13.814    -0.157
 4     0.558    -0.683     0.473
 4     0.828     0.498    -0.258
 4    -0.060     0.535     0.842
 5   123.633    34.316    41.652
 5     0.409    -0.657     0.636
 5     0.431    -0.473    -0.766
 5     0.804     0.586     0.090
 6   114.446    17.965    35.666
 6    -0.605    -0.223     0.764
 6    -0.236     0.967     0.094
 6    -0.760    -0.124    -0.638
 7   109.881   -18.246    -0.405
 7     0.698     0.609     0.377
 7    -0.641     0.766    -0.051
 7    -0.319    -0.206     0.925
 8   129.067   -37.066    38.958
 8     0.620     0.543     0.568
 8    -0.405    -0.396     0.822
 8     0.671    -0.740    -0.027
 9   108.860   -27.355    28.003
 9    -0.566    -0.170     0.807
 9     0.242     0.901     0.358
 9    -0.788     0.397    -0.469
 2    99.243   -21.988    59.197
 2     0.565    -0.826    -0.001
 2     0.824     0.563     0.056
 2    -0.045    -0.033     0.998
 3   100.272    -3.928    13.481
 3     0.005    -0.166     0.986
 3    -0.042     0.985     0.165
 3    -0.999    -0.043    -0.001
 4   108.985    13.812    -0.147
 4     0.557    -0.687     0.467
 4     0.828     0.501    -0.251
 4    -0.062     0.526     0.847
 5   123.128    33.849    41.720
 5     0.404    -0.499     0.769
 5     0.436    -0.634    -0.637
 5     0.804     0.591    -0.039
 6   114.593    17.971    35.605
 6    -0.613    -0.219     0.760
 6    -0.229     0.969     0.094
 6    -0.756    -0.116    -0.644
 7   109.829   -18.298    -0.402
 7     0.698     0.608     0.379
 7    -0.641     0.766    -0.050
 7    -0.320    -0.207     0.924
 8   128.543   -37.330    39.128
 8     0.592     0.421     0.688
 8    -0.458    -0.526     0.715
 8     0.663    -0.738    -0.120
 9   109.105   -27.192    28.003
 9    -0.586    -0.152     0.797
 9     0.233     0.909     0.344
 9    -0.776     0.387    -0.497
 2    99.191   -21.989    59.174
 2     0.565    -0.826    -0.000
 2     0.824     0.563     0.056
 2    -0.046    -0.033     0.998
 3   100.307    -3.895    13.506
 3     0.004    -0.171     0.985
 3    -0.043     0.984     0.170
 3    -0.999    -0.043    -0.003
 4   108.907    13.862    -0.188
 4     0.553    -0.693     0.463
 4     0.831     0.501    -0.241
 4    -0.064     0.517     0.853
 5   122.231    33.669    41.674
 5     0.385    -0.298     0.875
 5     0.459    -0.761    -0.458
 5     0.801     0.576    -0.157
 6   114.967    17.826    35.536
 6    -0.620    -0.258     0.741
 6    -0.237     0.962     0.136
 6    -0.748    -0.091    -0.657
 7   109.795   -18.252    -0.440
 7     0.695     0.611     0.379
 7    -0.642     0.764    -0.055
 7    -0.324    -0.205     0.923
 8   127.660   -38.436    38.668
 8     0.552     0.235     0.801
 8    -0.544    -0.626     0.558
 8     0.631    -0.744    -0.218
 9   109.516   -26.834    27.858
 9    -0.609    -0.067     0.791
 9     0.259     0.925     0.276
 9    -0.750     0.373    -0.546
 2    99.243   -21.988    59.197
 2     0.565    -0.826    -0.001
 2     0.824     0.563     0.056
 2    -0.045    -0.033     0.998
 3   100.241    -3.914    13.335
 3     0.006    -0.179     0.984
 3    -0.039     0.983     0.179
 3    -0.999    -0.040    -0.001
 4   108.919    13.713    -0.309
 4     0.538    -0.719     0.441
 4     0.842     0.481    -0.244
 4    -0.037     0.501     0.864
 5   121.933    34.565    40.973
 5     0.385    -0.206     0.900
 5     0.507    -0.768    -0.391
 5     0.771     0.606    -0.192
 6   115.195    17.998    35.099
 6    -0.599    -0.384     0.703
 6    -0.322     0.919     0.227
 6    -0.733    -0.090    -0.673
 7   109.683   -17.958    -0.727
 7     0.686     0.622     0.378
 7    -0.649     0.757    -0.069
 7    -0.329    -0.198     0.923
 8   127.302   -40.114    37.313
 8     0.524     0.100     0.846
 8    -0.620    -0.636     0.459
 8     0.583    -0.765    -0.272
 9   110.411   -26.758    27.187
 9    -0.634     0.063     0.771
 9     0.330     0.924     0.195
 9    -0.699     0.378    -0.607
 2    99.243   -21.988    59.171
 2     0.565    -0.826    -0.001
 2     0.824     0.563     0.056
 2    -0.045    -0.033     0.998
 3   100.068    -3.885    13.042
 3     0.012    -0.183     0.983
 3    -0.039     0.982     0.183
 3    -0.999    -0.041     0.005
 4   108.861    13.516    -0.383
 4     0.521    -0.746     0.416
 4     0.854     0.459    -0.245
 4    -0.008     0.482     0.875
 5   121.544    36.595    39.642
 5     0.388    -0.146     0.910
 5     0.575    -0.734    -0.361
 5     0.720     0.662    -0.202
 6   115.565    18.849    34.242
 6    -0.571    -0.486     0.663
 6    -0.414     0.866     0.278
 6    -0.709    -0.115    -0.695
 7   109.241   -17.599    -0.905
 7     0.678     0.629     0.381
 7    -0.649     0.755    -0.092
 7    -0.346    -0.185     0.920
 8   128.287   -40.854    35.721
 8     0.547     0.053     0.835
 8    -0.644    -0.610     0.460
 8     0.534    -0.790    -0.300
 9   111.636   -26.743    26.325
 9    -0.675     0.115     0.729
 9     0.361     0.913     0.190
 9    -0.643     0.391    -0.658
 2    99.241   -21.989    59.199
 2     0.565    -0.826    -0.000
 2     0.824     0.563     0.057
 2    -0.046    -0.033     0.998
 3   100.036    -4.001    12.836
 3     0.009    -0.200     0.980
 3    -0.041     0.979     0.200
 3    -0.999    -0.042     0.000
 4   108.718    13.282    -0.505
 4     0.505    -0.760     0.411
 4     0.863     0.439    -0.247
 4     0.008     0.479     0.877
 5   122.672    38.669    37.328
 5     0.424    -0.105     0.900
 5     0.631    -0.678    -0.375
 5     0.649     0.727    -0.222
 6   116.614    20.110    33.014
 6    -0.555    -0.531     0.642
 6    -0.480     0.833     0.273
 6    -0.679    -0.156    -0.716
 7   109.012   -17.311    -1.056
 7     0.680     0.621     0.389
 7    -0.635     0.764    -0.111
 7    -0.366    -0.171     0.914
 8   129.626   -42.502    33.213
 8     0.563    -0.014     0.826
 8    -0.684    -0.568     0.457
 8     0.463    -0.823    -0.329
 9   112.882   -27.472    25.038
 9    -0.689     0.216     0.692
 9     0.445     0.880     0.168
 9    -0.572     0.423    -0.702
 2    99.243   -21.988    59.197
 2     0.565    -0.825    -0.001
 2     0.823     0.563     0.056
 2    -0.045    -0.033     0.998
 3    99.771    -3.987    12.310
 3     0.022    -0.209     0.977
 3    -0.035     0.977     0.210
 3    -0.999    -0.039     0.014
 4   108.777    13.007    -0.695
 4     0.502    -0.763     0.408
 4     0.865     0.436    -0.249
 4     0.012     0.478     0.878
 5   123.161    41.553    34.173
 5     0.437    -0.070     0.897
 5     0.697    -0.604    -0.386
 5     0.568     0.794    -0.216
 6   117.428    21.893    31.196
 6    -0.541    -0.576     0.615
 6    -0.559     0.790     0.248
 6    -0.628    -0.209    -0.749
 7   108.719   -17.032    -1.221
 7     0.677     0.624     0.390
 7    -0.624     0.768    -0.145
 7    -0.390    -0.145     0.909
 8   129.964   -44.751    30.252
 8     0.566    -0.078     0.821
 8    -0.731    -0.506     0.456
 8     0.380    -0.859    -0.343
 9   113.789   -28.405    23.574
 9    -0.677     0.309     0.668
 9     0.527     0.836     0.148
 9    -0.513     0.453    -0.729
 2    99.240   -21.963    59.173
 2     0.564    -0.826     0.000
 2     0.824     0.563     0.056
 2    -0.046    -0.032     0.998
 3    99.548    -4.009    11.725
 3     0.043    -0.219     0.975
 3    -0.031     0.975     0.220
 3    -0.999    -0.039     0.035
 4   108.750    12.540    -0.988
 4     0.500    -0.762     0.412
 4     0.866     0.440    -0.236
 4    -0.001     0.474     0.880
 5   123.780    44.313    30.204
 5     0.460    -0.025     0.887
 5     0.757    -0.510    -0.407
 5     0.463     0.859    -0.216
 6   118.340    23.825    28.865
 6    -0.537    -0.604     0.592
 6    -0.624     0.754     0.203
 6    -0.568    -0.260    -0.780
 7   108.551   -16.784    -1.359
 7     0.676     0.618     0.401
 7    -0.602     0.777    -0.182
 7    -0.424    -0.119     0.897
 8   130.584   -46.825    26.798
 8     0.574    -0.134     0.808
 8    -0.767    -0.433     0.473
 8     0.287    -0.891    -0.350
 9   114.684   -29.428    21.740
 9    -0.656     0.379     0.653
 9     0.595     0.791     0.139
 9    -0.464     0.480    -0.744
 2    99.241   -21.989    59.174
 2     0.565    -0.826    -0.000
 2     0.824     0.563     0.056
 2    -0.046    -0.032     0.998
 3    99.455    -4.005    11.474
 3     0.053    -0.228     0.972
 3    -0.031     0.973     0.230
 3    -0.998    -0.042     0.045
 4   108.506    12.082    -1.284
 4     0.500    -0.755     0.426
 4     0.865     0.452    -0.214
 4    -0.032     0.475     0.879
 5   124.729    46.607    25.436
 5     0.487     0.040     0.872
 5     0.804    -0.410    -0.430
 5     0.341     0.911    -0.231
 6   119.393    25.587    26.078
 6    -0.545    -0.626     0.561
 6    -0.678     0.720     0.145
 6    -0.494    -0.301    -0.815
 7   108.202   -16.529    -1.496
 7     0.664     0.616     0.425
 7    -0.580     0.781    -0.228
 7    -0.472    -0.095     0.876
 8   131.085   -48.593    23.010
 8     0.576    -0.195     0.794
 8    -0.794    -0.360     0.488
 8     0.192    -0.912    -0.360
 9   115.556   -30.407    19.670
 9    -0.629     0.438     0.643
 9     0.653     0.745     0.133
 9    -0.421     0.503    -0.754
 2    99.241   -21.989    59.174
 2     0.565    -0.825    -0.000
 2     0.823     0.563     0.056
 2    -0.046    -0.032     0.998
 3    99.541    -4.184    11.492
 3     0.055    -0.252     0.966
 3    -0.043     0.966     0.254
 3    -0.998    -0.056     0.042
 4   108.026    11.459    -1.514
 4     0.493    -0.745     0.449
 4     0.866     0.466    -0.176
 4    -0.078     0.476     0.876
 5   124.629    48.400    20.664
 5     0.497     0.095     0.862
 5     0.838    -0.308    -0.449
 5     0.223     0.946    -0.232
 6   119.667    26.981    23.267
 6    -0.538    -0.648     0.541
 6    -0.723     0.682     0.098
 6    -0.432    -0.338    -0.835
 7   107.590   -16.291    -1.496
 7     0.643     0.607     0.468
 7    -0.547     0.790    -0.275
 7    -0.536    -0.079     0.840
 8   131.540   -50.564    17.636
 8     0.578    -0.263     0.774
 8    -0.814    -0.256     0.520
 8     0.063    -0.930    -0.359
 9   116.329   -31.694    16.689
 9    -0.606     0.489     0.630
 9     0.711     0.685     0.153
 9    -0.357     0.540    -0.761
 2    99.241   -21.989    59.174
 2     0.565    -0.826     0.000
 2     0.824     0.563     0.056
 2    -0.046    -0.032     0.998
 3    99.531    -4.354    11.742
 3     0.039    -0.266     0.963
 3    -0.051     0.962     0.267
 3    -0.998    -0.059     0.024
 4   107.486    11.009    -1.765
 4     0.489    -0.729     0.481
 4     0.863     0.483    -0.144
 4    -0.127     0.485     0.864
 5   124.845    49.560    15.945
 5     0.509     0.162     0.846
 5     0.854    -0.215    -0.472
 5     0.106     0.963    -0.246
 6   120.063    28.038    20.521
 6    -0.537    -0.666     0.521
 6    -0.754     0.653     0.057
 6    -0.377    -0.360    -0.852
 7   106.981   -16.014    -1.594
 7     0.613     0.599     0.515
 7    -0.507     0.798    -0.325
 7    -0.606    -0.062     0.793
 8   132.004   -51.671    12.123
 8     0.576    -0.330     0.750
 8    -0.815    -0.157     0.557
 8    -0.065    -0.931    -0.357
 9   117.262   -32.471    13.629
 9    -0.585     0.531     0.615
 9     0.756     0.630     0.176
 9    -0.294     0.566    -0.769
 2    99.241   -21.989    59.174
 2     0.565    -0.826     0.000
 2     0.824     0.563     0.056
 2    -0.046    -0.032     0.998
 3    99.529    -4.381    12.064
 3     0.025    -0.267     0.963
 3    -0.049     0.962     0.268
 3    -0.999    -0.054     0.011
 4   106.969    10.709    -1.835
 4     0.484    -0.711     0.511
 4     0.857     0.502    -0.112
 4    -0.177     0.492     0.852
 5   124.442    50.366    12.017
 5     0.503     0.217     0.837
 5     0.864    -0.140    -0.483
 5     0.013     0.966    -0.256
 6   120.113    28.912    18.217
 6    -0.527    -0.687     0.504
 6    -0.782     0.621     0.030
 6    -0.332    -0.377    -0.864
 7   106.448   -15.790    -1.612
 7     0.591     0.593     0.547
 7    -0.474     0.803    -0.360
 7    -0.653    -0.047     0.755
 8   131.994   -52.059     8.530
 8     0.568    -0.381     0.732
 8    -0.810    -0.099     0.577
 8    -0.146    -0.919    -0.362
 9   117.639   -32.761    11.773
 9    -0.576     0.557     0.601
 9     0.776     0.601     0.187
 9    -0.256     0.573    -0.777
 2    99.193   -21.988    59.197
 2     0.565    -0.826    -0.001
 2     0.824     0.563     0.056
 2    -0.045    -0.033     0.998
 3    99.790    -4.415    12.596
 3     0.001    -0.262     0.965
 3    -0.055     0.963     0.262
 3    -0.999    -0.054    -0.014
 4   106.530    10.302    -1.959
 4     0.472    -0.693     0.546
 4     0.850     0.521    -0.072
 4    -0.235     0.498     0.834
 5   123.735    50.831     8.551
 5     0.492     0.256     0.833
 5     0.868    -0.074    -0.490
 5    -0.062     0.964    -0.257
 6   119.952    29.451    15.906
 6    -0.512    -0.705     0.493
 6    -0.808     0.589     0.004
 6    -0.292    -0.395    -0.870
 7   106.212   -15.783    -1.559
 7     0.572     0.585     0.575
 7    -0.443     0.810    -0.384
 7    -0.690    -0.035     0.722
 8   132.057   -52.322     4.723
 8     0.559    -0.419     0.718
 8    -0.799    -0.037     0.599
 8    -0.224    -0.907    -0.353
 9   118.180   -33.202     9.426
 9    -0.562     0.583     0.589
 9     0.799     0.565     0.204
 9    -0.214     0.584    -0.782
 2    99.241   -21.963    59.174
 2     0.565    -0.826     0.000
 2     0.824     0.563     0.056
 2    -0.046    -0.032     0.998
 3    99.952    -4.558    12.773
 3    -0.009    -0.245     0.969
 3    -0.058     0.968     0.244
 3    -0.998    -0.054    -0.023
 4   106.055     9.681    -2.134
 4     0.463    -0.671     0.579
 4     0.834     0.550    -0.029
 4    -0.300     0.496     0.814
 5   123.253    50.981     3.523
 5     0.482     0.308     0.821
 5     0.859     0.018    -0.510
 5    -0.171     0.951    -0.254
 6   120.124    29.975    12.806
 6    -0.502    -0.724     0.477
 6    -0.833     0.552    -0.038
 6    -0.235    -0.414    -0.878
 7   105.800   -15.653    -1.604
 7     0.554     0.577     0.601
 7    -0.400     0.817    -0.416
 7    -0.730    -0.010     0.682
 8   131.269   -52.563    -0.339
 8     0.526    -0.478     0.706
 8    -0.784     0.049     0.617
 8    -0.328    -0.877    -0.346
 9   118.508   -33.617     6.267
 9    -0.539     0.626     0.564
 9     0.829     0.510     0.226
 9    -0.146     0.589    -0.794
 2    99.190   -21.963    59.173
 2     0.564    -0.826     0.000
 2     0.824     0.563     0.056
 2    -0.046    -0.032     0.998
 3   100.137    -4.640    13.183
 3    -0.024    -0.225     0.974
 3    -0.058     0.973     0.224
 3    -0.998    -0.051    -0.036
 4   105.526     9.255    -2.237
 4     0.444    -0.645     0.623
 4     0.814     0.579     0.019
 4    -0.373     0.498     0.782
 5   122.394    50.765    -0.963
 5     0.461     0.362     0.812
 5     0.846     0.096    -0.522
 5    -0.266     0.927    -0.260
 6   120.117    30.381     9.923
 6    -0.491    -0.750     0.446
 6    -0.854     0.514    -0.074
 6    -0.173    -0.416    -0.892
 7   105.218   -15.406    -1.570
 7     0.526     0.569     0.633
 7    -0.353     0.822    -0.446
 7    -0.774     0.011     0.633
 8   129.606   -52.395    -6.359
 8     0.465    -0.558     0.691
 8    -0.763     0.144     0.629
 8    -0.450    -0.817    -0.357
 9   118.580   -33.749     2.472
 9    -0.517     0.687     0.514
 9     0.854     0.451     0.255
 9    -0.056     0.570    -0.818
 2    99.240   -21.989    59.173
 2     0.564    -0.826     0.000
 2     0.824     0.563     0.056
 2    -0.046    -0.032     0.998
 3   100.218    -4.635    13.530
 3    -0.040    -0.217     0.975
 3    -0.057     0.975     0.214
 3    -0.998    -0.047    -0.051
 4   105.029     8.943    -2.304
 4     0.428    -0.619     0.658
 4     0.794     0.604     0.052
 4    -0.431     0.500     0.750
 5   122.301    50.075    -4.647
 5     0.455     0.417     0.789
 5     0.820     0.149    -0.551
 5    -0.346     0.896    -0.272
 6   120.530    30.417     7.690
 6    -0.503    -0.760     0.413
 6    -0.856     0.502    -0.117
 6    -0.118    -0.411    -0.903
 7   104.831   -15.221    -1.495
 7     0.501     0.557     0.662
 7    -0.318     0.830    -0.457
 7    -0.805     0.018     0.593
 8   128.557   -51.585   -10.413
 8     0.426    -0.611     0.670
 8    -0.730     0.205     0.650
 8    -0.534    -0.765    -0.357
 9   118.700   -33.632     0.138
 9    -0.507     0.719     0.479
 9     0.861     0.419     0.283
 9     0.004     0.554    -0.831
 2    99.241   -21.963    59.174
 2     0.565    -0.826    -0.000
 2     0.824     0.563     0.057
 2    -0.046    -0.033     0.998
 3   100.374    -4.621    13.747
 3    -0.048    -0.206     0.977
 3    -0.055     0.978     0.203
 3    -0.997    -0.044    -0.058
 4   104.856     8.772    -2.294
 4     0.423    -0.596     0.683
 4     0.775     0.628     0.068
 4    -0.470     0.500     0.726
 5   122.571    49.267    -7.574
 5     0.455     0.460     0.765
 5     0.790     0.189    -0.582
 5    -0.411     0.867    -0.276
 6   121.065    30.214     5.910
 6    -0.515    -0.765     0.388
 6    -0.854     0.498    -0.151
 6    -0.077    -0.408    -0.909
 7   104.652   -15.312    -1.296
 7     0.474     0.541     0.695
 7    -0.285     0.841    -0.460
 7    -0.833     0.020     0.553
 8   128.025   -50.925   -13.172
 8     0.397    -0.642     0.659
 8    -0.708     0.243     0.661
 8    -0.585    -0.727    -0.357
 9   119.079   -33.390    -1.982
 9    -0.504     0.746     0.438
 9     0.861     0.398     0.312
 9     0.059     0.534    -0.843
 2    99.240   -21.963    59.173
 2     0.564    -0.826     0.000
 2     0.824     0.563     0.056
 2    -0.046    -0.032     0.998
 3   100.480    -4.774    14.009
 3    -0.050    -0.198     0.979
 3    -0.056     0.979     0.194
 3    -0.997    -0.045    -0.060
 4   104.601     8.363    -2.281
 4     0.409    -0.565     0.717
 4     0.750     0.655     0.088
 4    -0.519     0.502     0.691
 5   122.522    47.988   -11.332
 5     0.442     0.518     0.735
 5     0.752     0.233    -0.615
 5    -0.489     0.823    -0.285
 6   121.693    29.958     3.165
 6    -0.529    -0.780     0.338
 6    -0.849     0.486    -0.205
 6    -0.004    -0.394    -0.918
 7   104.365   -15.253    -1.112
 7     0.444     0.515     0.734
 7    -0.237     0.857    -0.457
 7    -0.864     0.029     0.502
 8   127.255   -49.420   -17.198
 8     0.356    -0.692     0.631
 8    -0.667     0.284     0.686
 8    -0.654    -0.663    -0.360
 9   119.679   -32.703    -4.826
 9    -0.511     0.775     0.372
 9     0.847     0.381     0.369
 9     0.145     0.503    -0.851
 2    99.240   -21.963    59.173
 2     0.564    -0.826     0.000
 2     0.824     0.563     0.056
 2    -0.046    -0.032     0.998
 3   100.563    -4.788    14.315
 3    -0.051    -0.174     0.983
 3    -0.053     0.984     0.171
 3    -0.997    -0.044    -0.059
 4   104.496     8.202    -2.268
 4     0.404    -0.517     0.755
 4     0.717     0.690     0.089
 4    -0.567     0.506     0.650
 5   122.877    45.870   -15.908
 5     0.428     0.599     0.680
 5     0.691     0.268    -0.669
 5    -0.582     0.754    -0.298
 6   122.913    29.252    -0.005
 6    -0.556    -0.789     0.264
 6    -0.827     0.492    -0.273
 6     0.085    -0.369    -0.925
 7   104.030   -15.041    -1.075
 7     0.412     0.499     0.762
 7    -0.194     0.865    -0.462
 7    -0.890     0.042     0.453
 8   126.655   -47.422   -20.729
 8     0.321    -0.748     0.584
 8    -0.621     0.298     0.722
 8    -0.715    -0.593    -0.369
 9   120.144   -31.672    -7.229
 9    -0.524     0.796     0.304
 9     0.823     0.382     0.418
 9     0.217     0.469    -0.856
 2    99.190   -21.989    59.173
 2     0.564    -0.826     0.000
 2     0.824     0.563     0.056
 2    -0.046    -0.032     0.998
 3   100.613    -4.884    14.493
 3    -0.046    -0.156     0.987
 3    -0.053     0.987     0.153
 3    -0.998    -0.045    -0.053
 4   104.254     7.743    -2.267
 4     0.392    -0.484     0.783
 4     0.689     0.717     0.097
 4    -0.609     0.502     0.614
 5   122.078    43.412   -20.584
 5     0.391     0.668     0.635
 5     0.624     0.313    -0.714
 5    -0.676     0.674    -0.294
 6   123.172    28.469    -3.103
 6    -0.560    -0.803     0.202
 6    -0.810     0.482    -0.333
 6     0.171    -0.350    -0.921
 7   103.615   -15.157    -0.857
 7     0.380     0.495     0.781
 7    -0.153     0.866    -0.475
 7    -0.912     0.061     0.405
 8   125.166   -45.837   -23.821
 8     0.272    -0.792     0.549
 8    -0.577     0.322     0.749
 8    -0.770    -0.519    -0.370
 9   119.992   -31.147    -9.530
 9    -0.515     0.823     0.243
 9     0.804     0.365     0.468
 9     0.297     0.435    -0.850
 2    99.240   -21.963    59.173
 2     0.564    -0.826     0.000
 2     0.824     0.563     0.056
 2    -0.046    -0.032     0.998
 3   100.569    -5.057    14.597
 3    -0.048    -0.144     0.988
 3    -0.060     0.988     0.140
 3    -0.997    -0.053    -0.056
 4   103.862     7.221    -2.319
 4     0.378    -0.464     0.802
 4     0.668     0.735     0.110
 4    -0.641     0.495     0.587
 5   120.750    41.611   -23.592
 5     0.356     0.705     0.616
 5     0.584     0.346    -0.733
 5    -0.730     0.619    -0.288
 6   122.982    27.744    -5.229
 6    -0.554    -0.817     0.165
 6    -0.803     0.471    -0.365
 6     0.221    -0.334    -0.916
 7   102.995   -15.258    -0.524
 7     0.336     0.508     0.793
 7    -0.111     0.858    -0.502
 7    -0.935     0.080     0.344
 8   123.654   -43.997   -26.442
 8     0.229    -0.826     0.517
 8    -0.528     0.339     0.777
 8    -0.818    -0.450    -0.359
 9   119.748   -30.528   -11.504
 9    -0.510     0.840     0.184
 9     0.776     0.358     0.517
 9     0.369     0.406    -0.836
 2    99.190   -21.963    59.173
 2     0.564    -0.826     0.000
 2     0.824     0.563     0.056
 2    -0.046    -0.032     0.998
 3   100.525    -5.147    14.825
 3    -0.066    -0.139     0.988
 3    -0.066     0.989     0.134
 3    -0.996    -0.057    -0.074
 4   103.491     7.205    -2.309
 4     0.367    -0.450     0.814
 4     0.661     0.741     0.112
 4    -0.654     0.497     0.569
 5   120.191    40.733   -24.856
 5     0.344     0.727     0.597
 5     0.558     0.352    -0.750
 5    -0.755     0.589    -0.285
 6   122.765    27.288    -6.037
 6    -0.559    -0.815     0.152
 6    -0.799     0.481    -0.359
 6     0.220    -0.322    -0.921
 7   102.648   -15.157    -0.348
 7     0.313     0.510     0.801
 7    -0.089     0.855    -0.510
 7    -0.946     0.089     0.313
 8   123.173   -42.611   -27.687
 8     0.218    -0.838     0.502
 8    -0.493     0.349     0.796
 8    -0.843    -0.419    -0.338
 9   119.812   -29.713   -12.595
 9    -0.515     0.844     0.154
 9     0.751     0.357     0.554
 9     0.413     0.400    -0.818
 2    99.191   -21.963    59.123
 2     0.564    -0.826     0.000
 2     0.824     0.563     0.056
 2    -0.046    -0.032     0.998
 3   100.558    -5.084    14.856
 3    -0.069    -0.138     0.988
 3    -0.067     0.989     0.133
 3    -0.995    -0.057    -0.077
 4   103.257     7.144    -2.259
 4     0.358    -0.443     0.822
 4     0.657     0.744     0.114
 4    -0.663     0.500     0.557
 5   119.506    39.868   -26.117
 5     0.326     0.751     0.577
 5     0.526     0.362    -0.768
 5    -0.786     0.552    -0.277
 6   122.547    27.094    -6.668
 6    -0.560    -0.817     0.139
 6    -0.795     0.482    -0.369
 6     0.234    -0.316    -0.919
 7   102.265   -15.133    -0.246
 7     0.283     0.514     0.810
 7    -0.065     0.853    -0.518
 7    -0.957     0.094     0.275
 8   122.295   -40.557   -29.722
 8     0.190    -0.861     0.473
 8    -0.442     0.354     0.823
 8    -0.877    -0.364    -0.314
 9   119.769   -28.816   -13.993
 9    -0.511     0.852     0.113
 9     0.725     0.356     0.589
 9     0.462     0.383    -0.800
 2    99.191   -21.963    59.123
 2     0.564    -0.826     0.000
 2     0.824     0.563     0.056
 2    -0.046    -0.032     0.998
 3   100.516    -5.127    15.025
 3    -0.078    -0.130     0.988
 3    -0.072     0.990     0.124
 3    -0.994    -0.061    -0.086
 4   103.064     7.048    -2.241
 4     0.354    -0.424     0.833
 4     0.645     0.756     0.110
 4    -0.677     0.499     0.541
 5   119.185    38.599   -27.487
 5     0.312     0.775     0.552
 5     0.492     0.364    -0.790
 5    -0.813     0.516    -0.268
 6   122.618    26.551    -7.735
 6    -0.567    -0.816     0.113
 6    -0.779     0.487    -0.393
 6     0.266    -0.311    -0.912
 7   101.926   -15.204    -0.181
 7     0.259     0.514     0.818
 7    -0.047     0.852    -0.521
 7    -0.965     0.096     0.245
 8   121.861   -38.240   -31.324
 8     0.175    -0.887     0.429
 8    -0.384     0.339     0.858
 8    -0.906    -0.314    -0.282
 9   119.921   -27.828   -15.331
 9    -0.521     0.852     0.063
 9     0.678     0.366     0.637
 9     0.519     0.375    -0.768
 2    99.240   -21.963    59.173
 2     0.564    -0.826     0.000
 2     0.824     0.562     0.056
 2    -0.046    -0.032     0.998
 3   100.546    -5.159    15.039
 3    -0.080    -0.120     0.989
 3    -0.076     0.990     0.114
 3    -0.994    -0.066    -0.088
 4   102.968     6.933    -2.313
 4     0.355    -0.415     0.837
 4     0.636     0.763     0.109
 4    -0.685     0.494     0.535
 5   119.195    37.234   -28.639
 5     0.306     0.796     0.524
 5     0.444     0.366    -0.816
 5    -0.842     0.481    -0.242
 6   122.727    26.201    -8.369
 6    -0.573    -0.813     0.102
 6    -0.770     0.491    -0.408
 6     0.282    -0.312    -0.907
 7   101.851   -15.209    -0.173
 7     0.250     0.515     0.820
 7    -0.042     0.852    -0.522
 7    -0.967     0.096     0.235
 8   121.610   -37.204   -31.957
 8     0.171    -0.889     0.427
 8    -0.355     0.347     0.867
 8    -0.919    -0.299    -0.257
 9   119.936   -27.617   -15.627
 9    -0.524     0.850     0.058
 9     0.670     0.369     0.643
 9     0.525     0.376    -0.763
 2    99.191   -21.963    59.123
 2     0.564    -0.826     0.000
 2     0.824     0.562     0.056
 2    -0.046    -0.032     0.998
 3   100.546    -5.208    15.006
 3    -0.083    -0.114     0.990
 3    -0.080     0.991     0.107
 3    -0.993    -0.071    -0.091
 4   102.850     6.798    -2.369
 4     0.353    -0.409     0.841
 4     0.630     0.768     0.108
 4    -0.691     0.492     0.529
 5   119.046    36.840   -29.021
 5     0.302     0.802     0.517
 5     0.435     0.365    -0.822
 5    -0.848     0.471    -0.240
 6   122.732    25.997    -8.601
 6    -0.577    -0.811     0.098
 6    -0.766     0.495    -0.410
 6     0.284    -0.312    -0.907
 7   101.576   -15.280    -0.080
 7     0.231     0.521     0.822
 7    -0.036     0.849    -0.528
 7    -0.972     0.092     0.215
 8   120.382   -36.204   -33.033
 8     0.143    -0.895     0.424
 8    -0.324     0.362     0.873
 8    -0.935    -0.261    -0.239
 9   119.515   -27.248   -16.578
 9    -0.508     0.860     0.039
 9     0.655     0.356     0.666
 9     0.559     0.365    -0.745
 2    99.190   -21.963    59.173
 2     0.564    -0.826     0.000
 2     0.824     0.563     0.056
 2    -0.046    -0.032     0.998
 3   100.481    -5.251    15.053
 3    -0.092    -0.107     0.990
 3    -0.084     0.991     0.099
 3    -0.992    -0.074    -0.100
 4   102.812     6.688    -2.350
 4     0.354    -0.402     0.844
 4     0.625     0.773     0.106
 4    -0.696     0.490     0.525
 5   119.098    36.365   -29.391
 5     0.300     0.809     0.507
 5     0.423     0.362    -0.829
 5    -0.855     0.462    -0.234
 6   122.838    25.665    -8.858
 6    -0.583    -0.807     0.094
 6    -0.760     0.501    -0.413
 6     0.286    -0.313    -0.906
 7   101.320   -15.303    -0.027
 7     0.217     0.528     0.821
 7    -0.036     0.844    -0.534
 7    -0.976     0.086     0.202
 8   119.760   -35.622   -33.528
 8     0.130    -0.898     0.421
 8    -0.301     0.368     0.879
 8    -0.945    -0.240    -0.223
 9   119.201   -27.158   -16.848
 9    -0.504     0.864     0.031
 9     0.647     0.352     0.675
 9     0.571     0.360    -0.737
 2    99.191   -21.963    59.123
 2     0.564    -0.826     0.000
 2     0.824     0.563     0.056
 2    -0.046    -0.032     0.998
 3   100.516    -5.245    15.104
 3    -0.099    -0.101     0.990
 3    -0.085     0.992     0.092
 3    -0.991    -0.075    -0.107
 4   102.676     6.543    -2.358
 4     0.350    -0.393     0.850
 4     0.614     0.781     0.108
 4    -0.708     0.484     0.515
 5   118.397    34.883   -30.763
 5     0.280     0.827     0.489
 5     0.383     0.370    -0.845
 5    -0.880     0.423    -0.214
 6   122.621    25.147    -9.940
 6    -0.582    -0.810     0.078
 6    -0.750     0.497    -0.435
 6     0.313    -0.311    -0.897
 7   101.168   -15.345     0.138
 7     0.203     0.531     0.822
 7    -0.034     0.843    -0.536
 7    -0.979     0.081     0.189
 8   118.721   -34.787   -34.054
 8     0.103    -0.909     0.404
 8    -0.274     0.364     0.889
 8    -0.956    -0.202    -0.212
 9   118.833   -26.897   -17.477
 9    -0.490     0.872     0.010
 9     0.635     0.348     0.689
 9     0.597     0.344    -0.724
 2    99.191   -21.963    59.123
 2     0.564    -0.826     0.000
 2     0.824     0.562     0.056
 2    -0.046    -0.032     0.998
 3   100.438    -5.244    15.126
 3    -0.103    -0.094     0.990
 3    -0.090     0.992     0.085
 3    -0.990    -0.081    -0.111
 4   102.520     6.347    -2.368
 4     0.348    -0.382     0.856
 4     0.601     0.791     0.107
 4    -0.719     0.478     0.505
 5   117.437    33.480   -32.170
 5     0.254     0.843     0.476
 5     0.346     0.379    -0.857
 5    -0.903     0.381    -0.197
 6   122.470    24.559   -11.123
 6    -0.576    -0.816     0.055
 6    -0.740     0.491    -0.458
 6     0.346    -0.304    -0.887
 7   100.905   -15.327     0.144
 7     0.190     0.540     0.820
 7    -0.028     0.838    -0.545
 7    -0.981     0.080     0.174
 8   117.064   -33.948   -34.900
 8     0.060    -0.910     0.410
 8    -0.237     0.385     0.891
 8    -0.970    -0.151    -0.193
 9   118.188   -26.764   -18.306
 9    -0.457     0.890     0.003
 9     0.630     0.321     0.707
 9     0.627     0.324    -0.708
 2    99.240   -21.963    59.173
 2     0.564    -0.826     0.000
 2     0.824     0.563     0.056
 2    -0.046    -0.032     0.998
 3   100.357    -5.292    15.141
 3    -0.108    -0.096     0.989
 3    -0.091     0.992     0.086
 3    -0.990    -0.080    -0.115
 4   102.363     6.205    -2.383
 4     0.343    -0.374     0.862
 4     0.593     0.797     0.110
 4    -0.729     0.473     0.495
 5   116.751    31.890   -33.326
 5     0.236     0.855     0.462
 5     0.304     0.386    -0.870
 5    -0.923     0.345    -0.170
 6   122.194    24.120   -12.113
 6    -0.570    -0.821     0.041
 6    -0.727     0.481    -0.489
 6     0.382    -0.308    -0.871
 7   100.729   -15.236     0.163
 7     0.179     0.537     0.824
 7    -0.021     0.839    -0.543
 7    -0.984     0.079     0.161
 8   116.181   -32.588   -35.603
 8     0.040    -0.913     0.406
 8    -0.195     0.391     0.899
 8    -0.980    -0.114    -0.164
 9   117.952   -26.259   -18.907
 9    -0.448     0.894    -0.007
 9     0.618     0.315     0.720
 9     0.646     0.318    -0.693
 2    99.191   -21.963    59.123
 2     0.564    -0.826     0.000
 2     0.824     0.562     0.056
 2    -0.046    -0.032     0.998
 3   100.413    -5.290    15.170
 3    -0.109    -0.097     0.989
 3    -0.091     0.992     0.087
 3    -0.990    -0.080    -0.117
 4   102.190     6.093    -2.357
 4     0.338    -0.370     0.865
 4     0.586     0.801     0.114
 4    -0.736     0.469     0.488
 5   116.120    30.809   -34.124
 5     0.224     0.858     0.464
 5     0.265     0.403    -0.875
 5    -0.938     0.318    -0.139
 6   121.998    23.823   -12.656
 6    -0.563    -0.826     0.043
 6    -0.724     0.467    -0.506
 6     0.398    -0.316    -0.861
 7   100.651   -15.245     0.239
 7     0.172     0.536     0.826
 7    -0.022     0.841    -0.541
 7    -0.985     0.075     0.157
 8   115.765   -32.129   -35.807
 8     0.029    -0.915     0.402
 8    -0.172     0.392     0.903
 8    -0.985    -0.095    -0.147
 9   117.758   -26.248   -19.066
 9    -0.443     0.896    -0.012
 9     0.612     0.311     0.727
 9     0.655     0.315    -0.686
 2    99.240   -21.963    59.173
 2     0.564    -0.826     0.000
 2     0.824     0.562     0.056
 2    -0.046    -0.032     0.998
 3   100.429    -5.314    15.212
 3    -0.114    -0.091     0.989
 3    -0.092     0.992     0.080
 3    -0.989    -0.082    -0.121
 4   102.185     6.014    -2.349
 4     0.337    -0.370     0.866
 4     0.584     0.803     0.115
 4    -0.738     0.467     0.487
 5   116.068    30.519   -34.223
 5     0.223     0.857     0.465
 5     0.258     0.407    -0.875
 5    -0.940     0.314    -0.131
 6   121.917    23.721   -12.702
 6    -0.560    -0.827     0.049
 6    -0.728     0.463    -0.506
 6     0.396    -0.318    -0.861
 7   100.544   -15.304     0.259
 7     0.164     0.538     0.826
 7    -0.022     0.840    -0.542
 7    -0.986     0.071     0.150
 8   115.062   -31.168   -36.212
 8     0.009    -0.916     0.401
 8    -0.135     0.396     0.907
 8    -0.991    -0.062    -0.121
 9   117.423   -26.101   -19.642
 9    -0.429     0.903    -0.015
 9     0.602     0.297     0.740
 9     0.673     0.309    -0.672
 2    99.191   -21.963    59.123
 2     0.564    -0.826     0.000
 2     0.824     0.562     0.056
 2    -0.046    -0.032     0.998
 3   100.383    -5.314    15.164
 3    -0.115    -0.091     0.989
 3    -0.092     0.992     0.080
 3    -0.989    -0.082    -0.122
 4   102.185     6.014    -2.348
 4     0.338    -0.370     0.866
 4     0.583     0.803     0.115
 4    -0.738     0.467     0.487
 5   116.117    30.328   -34.297
 5     0.223     0.859     0.462
 5     0.250     0.406    -0.878
 5    -0.942     0.311    -0.125
 6   121.912    23.668   -12.694
 6    -0.561    -0.826     0.050
 6    -0.728     0.464    -0.505
 6     0.394    -0.320    -0.862
 7   100.355   -15.179     0.169
 7     0.155     0.538     0.828
 7    -0.013     0.839    -0.543
 7    -0.988     0.074     0.137
 8   114.570   -29.950   -36.673
 8    -0.001    -0.918     0.397
 8    -0.103     0.395     0.912
 8    -0.995    -0.040    -0.095
 9   117.299   -25.574   -20.124
 9    -0.426     0.905    -0.020
 9     0.588     0.292     0.754
 9     0.688     0.309    -0.657
 2    99.190   -21.963    59.173
 2     0.564    -0.826     0.000
 2     0.824     0.562     0.056
 2    -0.046    -0.032     0.998
 3   100.395    -5.318    15.257
 3    -0.115    -0.091     0.989
 3    -0.087     0.993     0.080
 3    -0.990    -0.077    -0.122
 4   101.999     6.087    -2.244
 4     0.335    -0.365     0.869
 4     0.584     0.803     0.113
 4    -0.740     0.470     0.482
 5   115.371    29.279   -34.909
 5     0.203     0.871     0.449
 5     0.202     0.410    -0.888
 5    -0.958     0.270    -0.094
 6   121.678    23.601   -13.121
 6    -0.557    -0.830     0.042
 6    -0.720     0.456    -0.523
 6     0.414    -0.322    -0.851
 7   100.188   -15.014     0.021
 7     0.148     0.534     0.833
 7    -0.001     0.842    -0.539
 7    -0.989     0.079     0.125
 8   114.268   -28.433   -36.982
 8    -0.015    -0.920     0.393
 8    -0.055     0.392     0.917
 8    -0.998    -0.008    -0.057
 9   117.198   -25.065   -20.651
 9    -0.421     0.907    -0.030
 9     0.565     0.287     0.773
 9     0.709     0.309    -0.633
 2    99.240   -21.963    59.173
 2     0.564    -0.826     0.000
 2     0.824     0.563     0.056
 2    -0.046    -0.032     0.998
 3   100.390    -5.291    15.352
 3    -0.119    -0.088     0.989
 3    -0.080     0.994     0.079
 3    -0.990    -0.070    -0.125
 4   101.813     6.139    -2.196
 4     0.328    -0.363     0.872
 4     0.585     0.802     0.113
 4    -0.741     0.473     0.475
 5   114.921    28.896   -35.126
 5     0.193     0.874     0.447
 5     0.186     0.414    -0.890
 5    -0.963     0.255    -0.083
 6   121.486    23.655   -13.265
 6    -0.554    -0.832     0.043
 6    -0.720     0.451    -0.526
 6     0.418    -0.322    -0.849
 7   100.029   -14.837     0.015
 7     0.139     0.533     0.834
 7     0.003     0.842    -0.539
 7    -0.990     0.077     0.115
 8   110.452   -29.281   -38.518
 8    -0.035    -0.922     0.385
 8    -0.011     0.386     0.922
 8    -0.999     0.028    -0.025
 9   116.854   -24.742   -21.014
 9    -0.412     0.911    -0.036
 9     0.552     0.280     0.785
 9     0.724     0.304    -0.618
 2    99.191   -21.989    59.174
 2     0.565    -0.826     0.000
 2     0.824     0.563     0.056
 2    -0.046    -0.032     0.998
 3   100.397    -5.290    15.410
 3    -0.120    -0.087     0.989
 3    -0.079     0.994     0.078
 3    -0.990    -0.069    -0.126
 4   101.727     6.135    -2.186
 4     0.326    -0.361     0.874
 4     0.583     0.803     0.114
 4    -0.744     0.473     0.472
 5   114.523    27.882   -35.542
 5     0.186     0.874     0.450
 5     0.148     0.427    -0.891
 5    -0.971     0.232    -0.052
 6   121.168    23.506   -13.566
 6    -0.547    -0.835     0.050
 6    -0.722     0.441    -0.532
 6     0.423    -0.327    -0.845
 7    99.973   -14.811     0.007
 7     0.139     0.534     0.834
 7     0.004     0.842    -0.540
 7    -0.990     0.078     0.114
 8   109.889   -26.307   -40.297
 8    -0.029    -0.918     0.395
 8     0.024     0.394     0.918
 8    -0.999     0.036     0.010
 9   116.845   -24.928   -20.863
 9    -0.415     0.910    -0.019
 9     0.554     0.268     0.788
 9     0.721     0.316    -0.616
 2    99.190   -21.989    59.173
 2     0.564    -0.826     0.000
 2     0.824     0.563     0.056
 2    -0.046    -0.032     0.998
 3   100.389    -5.292    15.455
 3    -0.122    -0.078     0.989
 3    -0.076     0.995     0.068
 3    -0.990    -0.067    -0.128
 4   101.742     6.194    -2.129
 4     0.326    -0.368     0.871
 4     0.589     0.799     0.116
 4    -0.739     0.475     0.477
 5   115.082    28.375   -35.077
 5     0.197     0.870     0.452
 5     0.154     0.427    -0.890
 5    -0.968     0.244    -0.051
 6   121.328    23.816   -12.832
 6    -0.555    -0.830     0.071
 6    -0.732     0.444    -0.516
 6     0.396    -0.337    -0.854
 7   100.116   -14.941     0.025
 7     0.147     0.534     0.832
 7    -0.002     0.842    -0.540
 7    -0.989     0.078     0.124
 8   114.267   -27.920   -37.130
 8     0.007    -0.916     0.401
 8    -0.015     0.401     0.916
 8    -1.000    -0.012    -0.012
 9   117.238   -25.282   -20.185
 9    -0.438     0.899     0.005
 9     0.582     0.279     0.763
 9     0.685     0.337    -0.646
 2    99.191   -21.963    59.123
 2     0.564    -0.826     0.000
 2     0.824     0.562     0.056
 2    -0.046    -0.032     0.998
 3   100.395    -5.286    15.429
 3    -0.122    -0.077     0.989
 3    -0.077     0.995     0.068
 3    -0.989    -0.068    -0.128
 4   101.953     6.282    -2.155
 4     0.335    -0.378     0.863
 4     0.595     0.794     0.116
 4    -0.730     0.475     0.491
 5   115.873    29.117   -34.206
 5     0.214     0.868     0.449
 5     0.171     0.419    -0.891
 5    -0.962     0.267    -0.060
 6   121.611    24.152   -11.906
 6    -0.565    -0.821     0.085
 6    -0.740     0.458    -0.492
 6     0.365    -0.340    -0.867
 7   100.281   -14.993    -0.037
 7     0.158     0.538     0.828
 7    -0.008     0.839    -0.544
 7    -0.988     0.079     0.136
 8   115.765   -29.772   -36.420
 8     0.041    -0.919     0.393
