% Calibrated with leiden_pols
% Positions are in centimeters
Data =[
 2    99.234   -21.961    59.201
 2     0.555    -0.832    -0.000
 2     0.830     0.554     0.057
 2    -0.047    -0.033     0.998
 3   111.887    -3.431     4.595
 3     0.362    -0.000     0.932
 3     0.022     1.000    -0.009
 3    -0.932     0.023     0.362
 4   125.024    12.924    -5.193
 4     0.656    -0.690     0.308
 4     0.752     0.629    -0.196
 4    -0.058     0.359     0.931
 5   144.675    13.206    22.351
 5     0.830     0.108    -0.550
 5    -0.536    -0.122    -0.834
 5    -0.154     0.986    -0.047
 6   122.989    18.151    29.693
 6    -0.571     0.281     0.772
 6    -0.034     0.931    -0.362
 6    -0.820    -0.233    -0.522
 7   124.297   -18.186    -6.786
 7     0.743     0.642     0.190
 7    -0.639     0.764    -0.086
 7    -0.201    -0.057     0.978
 8   144.482   -20.943    22.495
 8     0.889    -0.119    -0.443
 8     0.414    -0.203     0.886
 8    -0.193    -0.972    -0.135
 9   117.873   -28.138    22.647
 9    -0.528    -0.539     0.658
 9     0.028     0.761     0.646
 9    -0.848     0.360    -0.387
 2    99.185   -21.962    59.175
 2     0.556    -0.832    -0.000
 2     0.830     0.554     0.057
 2    -0.047    -0.033     0.998
 3   111.917    -3.479     4.588
 3     0.363    -0.001     0.931
 3     0.022     1.000    -0.007
 3    -0.931     0.023     0.363
 4   125.096    12.921    -5.238
 4     0.659    -0.687     0.309
 4     0.749     0.632    -0.196
 4    -0.060     0.359     0.931
 5   144.769    12.956    22.503
 5     0.824     0.094    -0.560
 5    -0.547    -0.126    -0.827
 5    -0.145     0.987    -0.057
 6   123.114    18.315    29.580
 6    -0.567     0.297     0.769
 6    -0.035     0.924    -0.380
 6    -0.823    -0.242    -0.513
 7   124.609   -18.280    -6.927
 7     0.746     0.638     0.192
 7    -0.637     0.767    -0.077
 7    -0.196    -0.064     0.978
 8   144.507   -20.882    22.536
 8     0.890    -0.106    -0.445
 8     0.418    -0.201     0.885
 8    -0.181    -0.974    -0.138
 9   117.891   -28.207    22.607
 9    -0.517    -0.543     0.663
 9     0.028     0.761     0.646
 9    -0.856     0.353    -0.378
 2    99.184   -21.962    59.175
 2     0.556    -0.832     0.000
 2     0.830     0.554     0.057
 2    -0.047    -0.032     0.998
 3   112.023    -3.527     4.530
 3     0.366    -0.003     0.930
 3     0.022     1.000    -0.006
 3    -0.930     0.023     0.366
 4   125.195    12.818    -5.336
 4     0.661    -0.686     0.308
 4     0.748     0.634    -0.195
 4    -0.061     0.357     0.931
 5   144.686    13.032    22.516
 5     0.829     0.104    -0.551
 5    -0.538    -0.119    -0.833
 5    -0.149     0.987    -0.047
 6   122.574    17.742    29.629
 6    -0.565     0.226     0.794
 6    -0.072     0.945    -0.318
 6    -0.822    -0.236    -0.517
 7   124.409   -18.331    -6.991
 7     0.733     0.653     0.189
 7    -0.653     0.754    -0.070
 7    -0.188    -0.072     0.979
 8   144.186   -22.008    22.409
 8     0.924    -0.166    -0.347
 8     0.303    -0.233     0.923
 8    -0.232    -0.958    -0.168
 9   117.207   -26.646    22.846
 9    -0.533    -0.473     0.703
 9     0.028     0.819     0.572
 9    -0.846     0.324    -0.423
 2    99.135   -21.962    59.175
 2     0.556    -0.832    -0.000
 2     0.830     0.554     0.057
 2    -0.047    -0.033     0.998
 3   111.907    -3.347     4.502
 3     0.364    -0.013     0.931
 3     0.029     0.999     0.002
 3    -0.931     0.026     0.365
 4   124.751    12.983    -5.559
 4     0.641    -0.705     0.305
 4     0.765     0.615    -0.188
 4    -0.055     0.353     0.934
 5   143.872    15.726    21.167
 5     0.905     0.221    -0.367
 5    -0.360    -0.057    -0.930
 5    -0.225     0.973     0.024
 6   121.986    16.399    29.456
 6    -0.569     0.089     0.818
 6    -0.129     0.972    -0.194
 6    -0.812    -0.216    -0.541
 7   123.985   -18.056    -7.192
 7     0.718     0.667     0.200
 7    -0.672     0.739    -0.054
 7    -0.183    -0.096     0.978
 8   143.902   -24.582    20.765
 8     0.938    -0.296    -0.188
 8     0.110    -0.251     0.960
 8    -0.329    -0.922    -0.206
 9   117.375   -25.387    22.705
 9    -0.580    -0.397     0.713
 9     0.053     0.853     0.517
 9    -0.813     0.337    -0.473
 2    99.184   -21.911    59.175
 2     0.555    -0.832    -0.000
 2     0.830     0.553     0.057
 2    -0.047    -0.033     0.998
 3   111.559    -3.079     4.414
 3     0.352    -0.052     0.934
 3     0.024     0.998     0.046
 3    -0.936     0.006     0.352
 4   124.397    13.369    -5.927
 4     0.621    -0.723     0.304
 4     0.783     0.585    -0.208
 4    -0.027     0.367     0.929
 5   143.814    16.847    20.943
 5     0.925     0.239    -0.299
 5    -0.281    -0.097    -0.954
 5    -0.256     0.966    -0.026
 6   122.159    16.021    29.457
 6    -0.580     0.057     0.813
 6    -0.134     0.977    -0.163
 6    -0.803    -0.204    -0.559
 7   123.645   -17.707    -7.404
 7     0.706     0.676     0.214
 7    -0.684     0.727    -0.043
 7    -0.184    -0.115     0.976
 8   143.422   -26.047    19.788
 8     0.927    -0.369    -0.069
 8    -0.011    -0.206     0.978
 8    -0.374    -0.906    -0.198
 9   117.390   -24.890    22.478
 9    -0.615    -0.352     0.707
 9     0.088     0.859     0.503
 9    -0.784     0.371    -0.497
 2    99.135   -21.911    59.125
 2     0.555    -0.832    -0.000
 2     0.830     0.553     0.058
 2    -0.047    -0.033     0.998
 3   111.317    -2.718     4.396
 3     0.351    -0.087     0.932
 3     0.028     0.996     0.082
 3    -0.936    -0.003     0.352
 4   124.258    13.637    -5.931
 4     0.626    -0.719     0.302
 4     0.779     0.581    -0.232
 4    -0.009     0.380     0.924
 5   143.738    17.330    21.138
 5     0.932     0.253    -0.265
 5    -0.235    -0.135    -0.962
 5    -0.277     0.958    -0.071
 6   122.202    15.768    29.610
 6    -0.591     0.028     0.806
 6    -0.140     0.980    -0.136
 6    -0.794    -0.194    -0.576
 7   123.453   -17.583    -7.531
 7     0.698     0.683     0.215
 7    -0.692     0.720    -0.042
 7    -0.182    -0.119     0.976
 8   142.928   -27.023    19.626
 8     0.925    -0.380    -0.013
 8    -0.070    -0.200     0.977
 8    -0.373    -0.903    -0.214
 9   117.142   -24.639    22.461
 9    -0.615    -0.316     0.724
 9     0.111     0.873     0.473
 9    -0.781     0.371    -0.502
 2    99.184   -21.910    59.175
 2     0.554    -0.833    -0.001
 2     0.831     0.553     0.057
 2    -0.047    -0.033     0.998
 3   111.174    -2.899     4.326
 3     0.346    -0.109     0.932
 3     0.025     0.994     0.106
 3    -0.938    -0.014     0.347
 4   123.869    13.760    -5.910
 4     0.608    -0.738     0.294
 4     0.794     0.560    -0.236
 4     0.010     0.376     0.926
 5   143.233    18.396    21.278
 5     0.945     0.258    -0.204
 5    -0.160    -0.171    -0.971
 5    -0.284     0.951    -0.123
 6   121.927    15.374    29.594
 6    -0.591    -0.036     0.806
 6    -0.173     0.981    -0.082
 6    -0.788    -0.187    -0.587
 7   123.421   -17.653    -7.524
 7     0.698     0.684     0.213
 7    -0.695     0.718    -0.033
 7    -0.175    -0.124     0.976
 8   142.607   -28.452    19.757
 8     0.919    -0.390     0.056
 8    -0.146    -0.199     0.969
 8    -0.366    -0.899    -0.241
 9   117.012   -24.477    22.550
 9    -0.622    -0.281     0.733
 9     0.131     0.883     0.448
 9    -0.772     0.375    -0.512
 2    99.184   -21.911    59.175
 2     0.555    -0.832    -0.000
 2     0.830     0.553     0.057
 2    -0.047    -0.033     0.998
 3   111.031    -2.959     4.408
 3     0.351    -0.095     0.931
 3     0.002     0.995     0.100
 3    -0.936    -0.033     0.350
 4   123.731    13.717    -5.927
 4     0.602    -0.744     0.291
 4     0.798     0.553    -0.237
 4     0.016     0.374     0.927
 5   143.128    18.940    21.266
 5     0.949     0.265    -0.176
 5    -0.126    -0.186    -0.974
 5    -0.289     0.946    -0.147
 6   121.944    15.336    29.619
 6    -0.594    -0.054     0.802
 6    -0.179     0.981    -0.066
 6    -0.784    -0.183    -0.593
 7   123.213   -17.804    -7.532
 7     0.691     0.691     0.216
 7    -0.702     0.711    -0.025
 7    -0.170    -0.133     0.976
 8   142.453   -28.833    19.808
 8     0.916    -0.394     0.074
 8    -0.168    -0.205     0.964
 8    -0.363    -0.896    -0.255
 9   117.081   -24.388    22.623
 9    -0.629    -0.272     0.730
 9     0.132     0.886     0.442
 9    -0.766     0.375    -0.521
 2    99.135   -21.962    59.175
 2     0.556    -0.832    -0.000
 2     0.830     0.554     0.057
 2    -0.047    -0.033     0.998
 3   110.938    -2.967     4.439
 3     0.356    -0.080     0.931
 3    -0.021     0.995     0.094
 3    -0.934    -0.053     0.353
 4   123.518    13.485    -6.086
 4     0.595    -0.750     0.291
 4     0.803     0.550    -0.226
 4     0.010     0.367     0.930
 5   142.917    19.428    21.092
 5     0.950     0.277    -0.145
 5    -0.090    -0.193    -0.976
 5    -0.298     0.941    -0.162
 6   121.858    15.140    29.590
 6    -0.602    -0.096     0.792
 6    -0.201     0.979    -0.034
 6    -0.772    -0.180    -0.609
 7   122.991   -17.934    -7.417
 7     0.687     0.692     0.226
 7    -0.706     0.707    -0.017
 7    -0.172    -0.147     0.974
 8   142.463   -28.908    19.831
 8     0.915    -0.394     0.081
 8    -0.176    -0.208     0.962
 8    -0.361    -0.895    -0.261
 9   116.961   -24.278    22.730
 9    -0.633    -0.264     0.730
 9     0.131     0.890     0.434
 9    -0.763     0.370    -0.528
 2    99.234   -21.961    59.175
 2     0.556    -0.832     0.000
 2     0.830     0.554     0.057
 2    -0.047    -0.032     0.998
 3   110.757    -3.149     4.534
 3     0.356    -0.081     0.931
 3    -0.029     0.995     0.097
 3    -0.934    -0.062     0.352
 4   123.111    13.358    -6.027
 4     0.587    -0.757     0.291
 4     0.809     0.544    -0.218
 4     0.007     0.362     0.931
 5   142.527    20.011    20.837
 5     0.948     0.297    -0.115
 5    -0.058    -0.187    -0.980
 5    -0.311     0.936    -0.163
 6   121.778    15.027    29.632
 6    -0.608    -0.112     0.786
 6    -0.209     0.977    -0.022
 6    -0.766    -0.178    -0.617
 7   122.793   -18.113    -7.360
 7     0.685     0.691     0.233
 7    -0.708     0.706    -0.013
 7    -0.173    -0.155     0.972
 8   142.405   -29.031    20.043
 8     0.917    -0.390     0.086
 8    -0.182    -0.213     0.960
 8    -0.355    -0.896    -0.267
 9   116.860   -24.329    22.829
 9    -0.633    -0.259     0.731
 9     0.132     0.893     0.429
 9    -0.763     0.368    -0.530
 2    99.184   -21.911    59.175
 2     0.555    -0.832    -0.000
 2     0.830     0.553     0.057
 2    -0.047    -0.033     0.998
 3   110.581    -3.214     4.624
 3     0.343    -0.083     0.936
 3    -0.028     0.995     0.098
 3    -0.939    -0.060     0.339
 4   123.005    13.356    -6.022
 4     0.586    -0.757     0.294
 4     0.810     0.543    -0.216
 4     0.005     0.363     0.931
 5   142.472    20.010    20.842
 5     0.948     0.300    -0.112
 5    -0.055    -0.184    -0.981
 5    -0.313     0.936    -0.161
 6   121.756    14.980    29.624
 6    -0.608    -0.117     0.785
 6    -0.212     0.977    -0.019
 6    -0.765    -0.178    -0.619
 7   122.688   -18.116    -7.400
 7     0.684     0.690     0.237
 7    -0.708     0.706    -0.014
 7    -0.176    -0.158     0.971
 8   142.314   -29.132    20.091
 8     0.916    -0.390     0.094
 8    -0.190    -0.214     0.958
 8    -0.353    -0.896    -0.271
 9   116.844   -24.276    22.770
 9    -0.634    -0.255     0.732
 9     0.135     0.894     0.426
 9    -0.761     0.369    -0.532
 2    99.184   -21.911    59.175
 2     0.555    -0.832    -0.001
 2     0.830     0.553     0.057
 2    -0.047    -0.033     0.998
 3   110.512    -3.308     4.724
 3     0.328    -0.082     0.941
 3    -0.031     0.995     0.097
 3    -0.944    -0.061     0.324
 4   122.928    13.280    -6.019
 4     0.584    -0.758     0.293
 4     0.812     0.542    -0.214
 4     0.004     0.362     0.931
 5   142.189    20.373    20.764
 5     0.949     0.305    -0.086
 5    -0.031    -0.172    -0.984
 5    -0.314     0.936    -0.156
 6   121.624    14.747    29.639
 6    -0.608    -0.151     0.780
 6    -0.228     0.973     0.011
 6    -0.761    -0.171    -0.626
 7   122.638   -18.194    -7.344
 7     0.682     0.691     0.240
 7    -0.710     0.704    -0.013
 7    -0.177    -0.161     0.971
 8   142.148   -29.360    20.190
 8     0.915    -0.392     0.102
 8    -0.200    -0.215     0.956
 8    -0.351    -0.895    -0.276
 9   116.690   -24.328    22.943
 9    -0.632    -0.244     0.737
 9     0.138     0.899     0.413
 9    -0.762     0.363    -0.535
 2    99.184   -21.961    59.175
 2     0.555    -0.832    -0.000
 2     0.830     0.553     0.057
 2    -0.047    -0.033     0.998
 3   110.498    -3.410     4.734
 3     0.329    -0.090     0.940
 3    -0.034     0.994     0.106
 3    -0.944    -0.067     0.324
 4   122.751    13.179    -6.091
 4     0.578    -0.763     0.291
 4     0.816     0.539    -0.208
 4     0.003     0.356     0.934
 5   142.104    20.734    20.712
 5     0.948     0.311    -0.067
 5    -0.013    -0.167    -0.985
 5    -0.316     0.935    -0.157
 6   121.580    14.753    29.618
 6    -0.608    -0.159     0.778
 6    -0.235     0.972     0.015
 6    -0.758    -0.173    -0.628
 7   122.519   -18.294    -7.272
 7     0.680     0.693     0.241
 7    -0.712     0.702    -0.010
 7    -0.175    -0.164     0.970
 8   142.072   -29.542    20.203
 8     0.911    -0.396     0.108
 8    -0.208    -0.215     0.954
 8    -0.354    -0.892    -0.280
 9   116.699   -24.271    22.981
 9    -0.636    -0.240     0.735
 9     0.138     0.900     0.411
 9    -0.759     0.363    -0.539
 2    99.185   -21.962    59.175
 2     0.556    -0.832    -0.000
 2     0.830     0.554     0.057
 2    -0.047    -0.033     0.998
 3   110.502    -3.359     4.738
 3     0.329    -0.092     0.940
 3    -0.035     0.993     0.109
 3    -0.944    -0.069     0.324
 4   122.748    13.179    -6.062
 4     0.576    -0.765     0.290
 4     0.817     0.538    -0.205
 4     0.002     0.354     0.935
 5   141.996    20.963    20.663
 5     0.948     0.314    -0.058
 5    -0.004    -0.164    -0.986
 5    -0.318     0.935    -0.157
 6   121.584    14.758    29.604
 6    -0.608    -0.166     0.776
 6    -0.240     0.970     0.019
 6    -0.756    -0.174    -0.630
 7   122.473   -18.371    -7.273
 7     0.678     0.695     0.241
 7    -0.715     0.699    -0.008
 7    -0.174    -0.166     0.970
 8   141.972   -29.568    20.233
 8     0.911    -0.398     0.110
 8    -0.211    -0.216     0.953
 8    -0.355    -0.891    -0.281
 9   116.673   -24.220    22.979
 9    -0.636    -0.239     0.735
 9     0.138     0.901     0.410
 9    -0.759     0.362    -0.540
 2    99.235   -21.961    59.175
 2     0.555    -0.832    -0.000
 2     0.830     0.553     0.057
 2    -0.047    -0.033     0.998
 3   110.518    -3.355     4.726
 3     0.332    -0.088     0.939
 3    -0.038     0.993     0.106
 3    -0.942    -0.071     0.327
 4   122.797    13.127    -6.084
 4     0.577    -0.765     0.289
 4     0.817     0.539    -0.205
 4     0.001     0.353     0.935
 5   142.006    21.018    20.705
 5     0.949     0.310    -0.056
 5    -0.004    -0.160    -0.987
 5    -0.314     0.937    -0.153
 6   121.577    14.756    29.605
 6    -0.607    -0.167     0.777
 6    -0.243     0.970     0.018
 6    -0.757    -0.178    -0.629
 7   122.526   -18.345    -7.224
 7     0.677     0.696     0.241
 7    -0.715     0.698    -0.007
 7    -0.173    -0.167     0.970
 8   141.974   -29.618    20.230
 8     0.911    -0.397     0.110
 8    -0.211    -0.217     0.953
 8    -0.354    -0.892    -0.282
 9   116.617   -24.224    23.012
 9    -0.634    -0.238     0.737
 9     0.139     0.901     0.408
 9    -0.761     0.361    -0.539
 2    99.134   -21.911    59.175
 2     0.555    -0.832    -0.000
 2     0.830     0.553     0.057
 2    -0.047    -0.033     0.998
 3   110.547    -3.356     4.730
 3     0.333    -0.088     0.939
 3    -0.040     0.993     0.106
 3    -0.942    -0.073     0.327
 4   122.820    13.102    -6.131
 4     0.575    -0.766     0.287
 4     0.818     0.538    -0.201
 4     0.000     0.349     0.936
 5   142.008    21.097    20.703
 5     0.950     0.310    -0.051
 5    -0.000    -0.157    -0.987
 5    -0.313     0.938    -0.151
 6   121.626    14.762    29.534
 6    -0.605    -0.176     0.776
 6    -0.253     0.967     0.021
 6    -0.755    -0.183    -0.630
 7   122.481   -18.369    -7.178
 7     0.676     0.697     0.240
 7    -0.716     0.697    -0.006
 7    -0.171    -0.168     0.970
 8   141.952   -29.566    20.329
 8     0.911    -0.396     0.110
 8    -0.211    -0.218     0.952
 8    -0.353    -0.892    -0.283
 9   116.621   -24.222    23.059
 9    -0.634    -0.237     0.737
 9     0.140     0.901     0.407
 9    -0.760     0.361    -0.539
 2    99.185   -21.962    59.201
 2     0.556    -0.832    -0.000
 2     0.830     0.554     0.057
 2    -0.047    -0.033     0.998
 3   110.547    -3.356     4.730
 3     0.333    -0.088     0.938
 3    -0.040     0.993     0.107
 3    -0.942    -0.073     0.328
 4   122.821    13.127    -6.130
 4     0.574    -0.768     0.286
 4     0.819     0.537    -0.199
 4     0.000     0.347     0.937
 5   141.926    21.224    20.604
 5     0.949     0.312    -0.046
 5     0.006    -0.156    -0.987
 5    -0.315     0.937    -0.152
 6   121.578    14.715    29.626
 6    -0.604    -0.184     0.776
 6    -0.258     0.965     0.028
 6    -0.754    -0.183    -0.630
 7   122.482   -18.344    -7.177
 7     0.675     0.698     0.241
 7    -0.718     0.695    -0.006
 7    -0.171    -0.168     0.970
 8   141.951   -29.567    20.328
 8     0.911    -0.396     0.111
 8    -0.211    -0.217     0.953
 8    -0.353    -0.892    -0.282
 9   116.675   -24.275    22.988
 9    -0.635    -0.238     0.737
 9     0.142     0.900     0.411
 9    -0.760     0.365    -0.537
 2    99.184   -21.911    59.175
 2     0.555    -0.832     0.000
 2     0.830     0.554     0.058
 2    -0.047    -0.033     0.998
 3   110.613    -3.280     4.751
 3     0.333    -0.060     0.941
 3    -0.032     0.996     0.075
 3    -0.942    -0.055     0.330
 4   122.986    13.230    -5.895
 4     0.587    -0.758     0.288
 4     0.809     0.545    -0.215
 4     0.006     0.358     0.933
 5   142.175    20.441    21.251
 5     0.959     0.252    -0.130
 5    -0.103    -0.106    -0.989
 5    -0.263     0.962    -0.078
 6   121.135    15.398    29.723
 6    -0.581    -0.174     0.795
 6    -0.259     0.965     0.022
 6    -0.771    -0.193    -0.606
 7   122.905   -18.107    -7.116
 7     0.700     0.679     0.224
 7    -0.693     0.720    -0.020
 7    -0.174    -0.140     0.974
 8   142.651   -26.225    21.111
 8     0.951    -0.284    -0.126
 8     0.054    -0.240     0.968
 8    -0.304    -0.928    -0.216
 9   116.162   -25.621    22.990
 9    -0.574    -0.311     0.759
 9     0.128     0.880     0.455
 9    -0.809     0.358    -0.465
 2    99.134   -21.961    59.175
 2     0.555    -0.832    -0.000
 2     0.830     0.553     0.057
 2    -0.047    -0.033     0.998
 3   110.475    -3.280     4.715
 3     0.334    -0.032     0.942
 3    -0.022     0.999     0.042
 3    -0.942    -0.035     0.333
 4   123.227    13.311    -5.528
 4     0.609    -0.744     0.278
 4     0.793     0.560    -0.237
 4     0.021     0.363     0.931
 5   142.904    15.926    22.381
 5     0.904     0.151    -0.403
 5    -0.380    -0.148    -0.912
 5    -0.195     0.977    -0.081
 6   121.355    17.799    29.665
 6    -0.599     0.075     0.797
 6    -0.184     0.956    -0.228
 6    -0.779    -0.283    -0.559
 7   122.974   -17.922    -7.139
 7     0.713     0.670     0.208
 7    -0.680     0.732    -0.029
 7    -0.171    -0.120     0.978
 8   143.344   -24.172    21.278
 8     0.941    -0.172    -0.293
 8     0.252    -0.220     0.941
 8    -0.225    -0.960    -0.168
 9   116.458   -26.566    22.673
 9    -0.561    -0.365     0.745
 9     0.132     0.848     0.512
 9    -0.817     0.385    -0.427
 2    99.185   -21.962    59.175
 2     0.556    -0.832    -0.000
 2     0.830     0.554     0.057
 2    -0.047    -0.033     0.998
 3   110.780    -3.086     4.691
 3     0.350    -0.023     0.936
 3    -0.024     0.999     0.033
 3    -0.936    -0.034     0.349
 4   123.620    13.406    -5.391
 4     0.621    -0.732     0.283
 4     0.784     0.571    -0.243
 4     0.017     0.371     0.928
 5   143.666    13.071    23.166
 5     0.792    -0.043    -0.610
 5    -0.605    -0.183    -0.774
 5    -0.077     0.982    -0.173
 6   122.205    19.521    29.140
 6    -0.599     0.256     0.760
 6    -0.117     0.910    -0.397
 6    -0.792    -0.326    -0.515
 7   123.268   -17.939    -7.036
 7     0.715     0.667     0.209
 7    -0.672     0.738    -0.058
 7    -0.192    -0.098     0.976
 8   143.519   -20.983    23.463
 8     0.871     0.074    -0.485
 8     0.488    -0.236     0.840
 8    -0.052    -0.969    -0.243
 9   116.437   -28.429    22.133
 9    -0.514    -0.472     0.718
 9     0.121     0.787     0.603
 9    -0.849     0.397    -0.347
 2    99.184   -21.962    59.175
 2     0.556    -0.832     0.000
 2     0.830     0.554     0.057
 2    -0.047    -0.032     0.998
 3   111.285    -3.148     4.656
 3     0.364    -0.020     0.931
 3    -0.027     0.999     0.032
 3    -0.931    -0.037     0.363
 4   123.947    13.269    -5.563
 4     0.624    -0.727     0.287
 4     0.781     0.577    -0.236
 4     0.006     0.371     0.928
 5   143.586    13.100    23.919
 5     0.791    -0.104    -0.603
 5    -0.610    -0.213    -0.763
 5    -0.048     0.971    -0.233
 6   121.943    19.268    29.335
 6    -0.590     0.243     0.770
 6    -0.123     0.915    -0.381
 6    -0.797    -0.320    -0.510
 7   123.483   -18.070    -7.076
 7     0.714     0.668     0.210
 7    -0.672     0.738    -0.063
 7    -0.196    -0.095     0.975
 8   143.639   -20.856    24.198
 8     0.860     0.121    -0.497
 8     0.508    -0.281     0.813
 8    -0.040    -0.952    -0.303
 9   116.847   -28.831    22.360
 9    -0.517    -0.479     0.711
 9     0.121     0.780     0.613
 9    -0.847     0.403    -0.345
 2    99.134   -21.911    59.175
 2     0.555    -0.832    -0.000
 2     0.830     0.554     0.058
 2    -0.047    -0.033     0.998
 3   111.404    -3.371     4.711
 3     0.367    -0.039     0.929
 3    -0.029     0.998     0.053
 3    -0.930    -0.046     0.365
 4   123.947    13.118    -5.537
 4     0.622    -0.729     0.286
 4     0.782     0.576    -0.234
 4     0.006     0.369     0.929
 5   143.671    13.331    23.821
 5     0.793    -0.093    -0.604
 5    -0.607    -0.196    -0.768
 5    -0.046     0.976    -0.213
 6   122.010    19.698    29.235
 6    -0.594     0.248     0.766
 6    -0.130     0.909    -0.394
 6    -0.794    -0.333    -0.508
 7   123.722   -18.234    -6.791
 7     0.725     0.656     0.211
 7    -0.662     0.747    -0.049
 7    -0.190    -0.104     0.976
 8   143.861   -20.672    24.371
 8     0.849     0.131    -0.513
 8     0.527    -0.282     0.801
 8    -0.039    -0.950    -0.308
 9   116.981   -29.009    22.413
 9    -0.517    -0.481     0.709
 9     0.124     0.776     0.616
 9    -0.846     0.407    -0.342
 2    99.184   -21.961    59.201
 2     0.555    -0.832    -0.001
 2     0.830     0.553     0.058
 2    -0.047    -0.033     0.998
 3   111.464    -3.372     4.759
 3     0.368    -0.030     0.929
 3    -0.033     0.998     0.045
 3    -0.929    -0.047     0.367
 4   124.080    13.110    -5.540
 4     0.624    -0.726     0.291
 4     0.781     0.580    -0.229
 4    -0.002     0.370     0.929
 5   143.839    13.335    23.806
 5     0.789    -0.098    -0.607
 5    -0.613    -0.189    -0.766
 5    -0.039     0.977    -0.210
 6   122.166    19.870    29.014
 6    -0.589     0.251     0.769
 6    -0.135     0.907    -0.397
 6    -0.797    -0.338    -0.500
 7   123.661   -18.240    -6.802
 7     0.723     0.656     0.214
 7    -0.662     0.747    -0.055
 7    -0.195    -0.102     0.975
 8   143.961   -20.670    24.233
 8     0.846     0.130    -0.517
 8     0.531    -0.272     0.802
 8    -0.036    -0.953    -0.300
 9   117.173   -29.063    22.188
 9    -0.518    -0.475     0.713
 9     0.134     0.777     0.614
 9    -0.845     0.413    -0.338
 2    99.184   -21.961    59.201
 2     0.555    -0.832    -0.001
 2     0.830     0.554     0.058
 2    -0.047    -0.033     0.998
 3   111.578    -3.194     4.750
 3     0.369    -0.022     0.929
 3    -0.030     0.999     0.036
 3    -0.929    -0.041     0.367
 4   124.245    13.207    -5.530
 4     0.628    -0.721     0.296
 4     0.778     0.583    -0.231
 4    -0.006     0.374     0.927
 5   143.877    13.389    23.891
 5     0.786    -0.105    -0.610
 5    -0.617    -0.188    -0.763
 5    -0.033     0.976    -0.213
 6   122.258    19.969    28.971
 6    -0.586     0.253     0.771
 6    -0.136     0.906    -0.399
 6    -0.799    -0.338    -0.497
 7   123.764   -18.120    -6.930
 7     0.724     0.655     0.218
 7    -0.659     0.749    -0.063
 7    -0.204    -0.098     0.974
 8   144.039   -20.592    24.122
 8     0.845     0.131    -0.520
 8     0.534    -0.266     0.802
 8    -0.033    -0.955    -0.295
 9   117.277   -29.064    22.091
 9    -0.518    -0.476     0.712
 9     0.136     0.774     0.616
 9    -0.845     0.416    -0.336
];