% Calibrated with leiden_pols
% Positions are in centimeters
Data =[
 2    99.234   -21.961    59.201
 2     0.555    -0.832    -0.000
 2     0.830     0.554     0.057
 2    -0.047    -0.033     0.998
 3   111.887    -3.431     4.595
 3     0.362    -0.000     0.932
 3     0.022     1.000    -0.009
 3    -0.932     0.023     0.362
 4   125.024    12.924    -5.193
 4     0.656    -0.690     0.308
 4     0.752     0.629    -0.196
 4    -0.058     0.359     0.931
 5   144.675    13.206    22.351
 5     0.830     0.108    -0.550
 5    -0.536    -0.122    -0.834
 5    -0.154     0.986    -0.047
 6   122.989    18.151    29.693
 6    -0.571     0.281     0.772
 6    -0.034     0.931    -0.362
 6    -0.820    -0.233    -0.522
 7   124.297   -18.186    -6.786
 7     0.743     0.642     0.190
 7    -0.639     0.764    -0.086
 7    -0.201    -0.057     0.978
 8   144.482   -20.943    22.495
 8     0.889    -0.119    -0.443
 8     0.414    -0.203     0.886
 8    -0.193    -0.972    -0.135
 9   117.873   -28.138    22.647
 9    -0.528    -0.539     0.658
 9     0.028     0.761     0.646
 9    -0.848     0.360    -0.387
 2    99.185   -21.962    59.175
 2     0.556    -0.832    -0.000
 2     0.830     0.554     0.057
 2    -0.047    -0.033     0.998
 3   111.917    -3.479     4.588
 3     0.363    -0.001     0.931
 3     0.022     1.000    -0.007
 3    -0.931     0.023     0.363
 4   125.096    12.921    -5.238
 4     0.659    -0.687     0.309
 4     0.749     0.632    -0.196
 4    -0.060     0.359     0.931
 5   144.769    12.956    22.503
 5     0.824     0.094    -0.560
 5    -0.547    -0.126    -0.827
 5    -0.145     0.987    -0.057
 6   123.114    18.315    29.580
 6    -0.567     0.297     0.769
 6    -0.035     0.924    -0.380
 6    -0.823    -0.242    -0.513
 7   124.609   -18.280    -6.927
 7     0.746     0.638     0.192
 7    -0.637     0.767    -0.077
 7    -0.196    -0.064     0.978
 8   144.507   -20.882    22.536
 8     0.890    -0.106    -0.445
 8     0.418    -0.201     0.885
 8    -0.181    -0.974    -0.138
 9   117.891   -28.207    22.607
 9    -0.517    -0.543     0.663
 9     0.028     0.761     0.646
 9    -0.856     0.353    -0.378
 2    99.184   -21.962    59.175
 2     0.556    -0.832     0.000
 2     0.830     0.554     0.057
 2    -0.047    -0.032     0.998
 3   112.023    -3.527     4.530
 3     0.366    -0.003     0.930
 3     0.022     1.000    -0.006
 3    -0.930     0.023     0.366
 4   125.195    12.818    -5.336
 4     0.661    -0.686     0.308
 4     0.748     0.634    -0.195
 4    -0.061     0.357     0.931
 5   144.686    13.032    22.516
 5     0.829     0.104    -0.551
 5    -0.538    -0.119    -0.833
 5    -0.149     0.987    -0.047
 6   122.574    17.742    29.629
 6    -0.565     0.226     0.794
 6    -0.072     0.945    -0.318
 6    -0.822    -0.236    -0.517
 7   124.409   -18.331    -6.991
 7     0.733     0.653     0.189
 7    -0.653     0.754    -0.070
 7    -0.188    -0.072     0.979
 8   144.186   -22.008    22.409
 8     0.924    -0.166    -0.347
 8     0.303    -0.233     0.923
 8    -0.232    -0.958    -0.168
 9   117.207   -26.646    22.846
 9    -0.533    -0.473     0.703
 9     0.028     0.819     0.572
 9    -0.846     0.324    -0.423
 2    99.135   -21.962    59.175
 2     0.556    -0.832    -0.000
 2     0.830     0.554     0.057
 2    -0.047    -0.033     0.998
 3   111.907    -3.347     4.502
 3     0.364    -0.013     0.931
 3     0.029     0.999     0.002
 3    -0.931     0.026     0.365
 4   124.751    12.983    -5.559
 4     0.641    -0.705     0.305
 4     0.765     0.615    -0.188
 4    -0.055     0.353     0.934
 5   143.872    15.726    21.167
 5     0.905     0.221    -0.367
 5    -0.360    -0.057    -0.930
 5    -0.225     0.973     0.024
 6   121.986    16.399    29.456
 6    -0.569     0.089     0.818
 6    -0.129     0.972    -0.194
 6    -0.812    -0.216    -0.541
 7   123.985   -18.056    -7.192
 7     0.718     0.667     0.200
 7    -0.672     0.739    -0.054
 7    -0.183    -0.096     0.978
 8   143.902   -24.582    20.765
 8     0.938    -0.296    -0.188
 8     0.110    -0.251     0.960
 8    -0.329    -0.922    -0.206
 9   117.375   -25.387    22.705
 9    -0.580    -0.397     0.713
 9     0.053     0.853     0.517
 9    -0.813     0.337    -0.473
 2    99.184   -21.911    59.175
 2     0.555    -0.832    -0.000
 2     0.830     0.553     0.057
 2    -0.047    -0.033     0.998
 3   111.559    -3.079     4.414
 3     0.352    -0.052     0.934
 3     0.024     0.998     0.046
 3    -0.936     0.006     0.352
 4   124.397    13.369    -5.927
 4     0.621    -0.723     0.304
 4     0.783     0.585    -0.208
 4    -0.027     0.367     0.929
 5   143.814    16.847    20.943
 5     0.925     0.239    -0.299
 5    -0.281    -0.097    -0.954
 5    -0.256     0.966    -0.026
 6   122.159    16.021    29.457
 6    -0.580     0.057     0.813
 6    -0.134     0.977    -0.163
 6    -0.803    -0.204    -0.559
 7   123.645   -17.707    -7.404
 7     0.706     0.676     0.214
 7    -0.684     0.727    -0.043
 7    -0.184    -0.115     0.976
 8   143.422   -26.047    19.788
 8     0.927    -0.369    -0.069
 8    -0.011    -0.206     0.978
 8    -0.374    -0.906    -0.198
 9   117.390   -24.890    22.478
 9    -0.615    -0.352     0.707
 9     0.088     0.859     0.503
 9    -0.784     0.371    -0.497
 2    99.135   -21.911    59.125
 2     0.555    -0.832    -0.000
 2     0.830     0.553     0.058
 2    -0.047    -0.033     0.998
 3   111.317    -2.718     4.396
 3     0.351    -0.087     0.932
 3     0.028     0.996     0.082
 3    -0.936    -0.003     0.352
 4   124.258    13.637    -5.931
 4     0.626    -0.719     0.302
 4     0.779     0.581    -0.232
 4    -0.009     0.380     0.924
 5   143.738    17.330    21.138
 5     0.932     0.253    -0.265
 5    -0.235    -0.135    -0.962
 5    -0.277     0.958    -0.071
 6   122.202    15.768    29.610
 6    -0.591     0.028     0.806
 6    -0.140     0.980    -0.136
 6    -0.794    -0.194    -0.576
 7   123.453   -17.583    -7.531
 7     0.698     0.683     0.215
 7    -0.692     0.720    -0.042
 7    -0.182    -0.119     0.976
 8   142.928   -27.023    19.626
 8     0.925    -0.380    -0.013
 8    -0.070    -0.200     0.977
 8    -0.373    -0.903    -0.214
 9   117.142   -24.639    22.461
 9    -0.615    -0.316     0.724
 9     0.111     0.873     0.473
 9    -0.781     0.371    -0.502
 2    99.184   -21.910    59.175
 2     0.554    -0.833    -0.001
 2     0.831     0.553     0.057
 2    -0.047    -0.033     0.998
 3   111.174    -2.899     4.326
 3     0.346    -0.109     0.932
 3     0.025     0.994     0.106
 3    -0.938    -0.014     0.347
 4   123.869    13.760    -5.910
 4     0.608    -0.738     0.294
 4     0.794     0.560    -0.236
 4     0.010     0.376     0.926
 5   143.233    18.396    21.278
 5     0.945     0.258    -0.204
 5    -0.160    -0.171    -0.971
 5    -0.284     0.951    -0.123
 6   121.927    15.374    29.594
 6    -0.591    -0.036     0.806
 6    -0.173     0.981    -0.082
 6    -0.788    -0.187    -0.587
 7   123.421   -17.653    -7.524
 7     0.698     0.684     0.213
 7    -0.695     0.718    -0.033
 7    -0.175    -0.124     0.976
 8   142.607   -28.452    19.757
 8     0.919    -0.390     0.056
 8    -0.146    -0.199     0.969
 8    -0.366    -0.899    -0.241
 9   117.012   -24.477    22.550
 9    -0.622    -0.281     0.733
 9     0.131     0.883     0.448
 9    -0.772     0.375    -0.512
 2    99.184   -21.911    59.175
 2     0.555    -0.832    -0.000
 2     0.830     0.553     0.057
 2    -0.047    -0.033     0.998
 3   111.031    -2.959     4.408
 3     0.351    -0.095     0.931
 3     0.002     0.995     0.100
 3    -0.936    -0.033     0.350
 4   123.731    13.717    -5.927
 4     0.602    -0.744     0.291
 4     0.798     0.553    -0.237
 4     0.016     0.374     0.927
 5   143.128    18.940    21.266
 5     0.949     0.265    -0.176
 5    -0.126    -0.186    -0.974
 5    -0.289     0.946    -0.147
