% Calibrated with leiden_pols
% Positions are in centimeters
Data =[
 2    99.184   -21.961    59.175
 2     0.555    -0.832     0.000
 2     0.830     0.553     0.057
 2    -0.047    -0.032     0.998
 3   115.690    -2.228     2.766
 3     0.464    -0.087     0.881
 3     0.032     0.996     0.080
 3    -0.885    -0.009     0.465
 4   128.327    13.937    -4.931
 4     0.603    -0.777     0.181
 4     0.784     0.534    -0.316
 4     0.149     0.331     0.931
 5   138.315    29.736    38.405
 5     0.374    -0.736    -0.572
 5     0.118     0.643    -0.754
 5     0.919     0.212     0.325
 6   121.158    19.642    28.615
 6    -0.340     0.080     0.937
 6    -0.299     0.936    -0.188
 6    -0.892    -0.343    -0.295
 7   128.480   -16.330    -6.337
 7     0.786     0.616     0.049
 7    -0.613     0.787    -0.058
 7    -0.074     0.016     0.997
 8   142.120   -29.122    35.586
 8     0.535     0.423    -0.733
 8    -0.008     0.869     0.493
 8     0.844    -0.258     0.468
 9   119.832   -28.592    22.660
 9    -0.337    -0.537     0.775
 9     0.215     0.756     0.617
 9    -0.917     0.373    -0.138
 2    99.186   -21.960    59.172
 2     0.555    -0.832    -0.000
 2     0.830     0.553     0.056
 2    -0.046    -0.032     0.998
 3   115.737    -2.228     2.789
 3     0.465    -0.080     0.881
 3     0.032     0.997     0.073
 3    -0.885    -0.006     0.466
 4   128.417    13.959    -4.995
 4     0.602    -0.777     0.183
 4     0.785     0.535    -0.311
 4     0.145     0.330     0.932
 5   138.380    29.842    38.265
 5     0.370    -0.734    -0.578
 5     0.118     0.647    -0.749
 5     0.921     0.207     0.323
 6   121.195    19.741    28.478
 6    -0.335     0.083     0.938
 6    -0.302     0.934    -0.189
 6    -0.892    -0.346    -0.288
 7   128.690   -16.333    -6.424
 7     0.789     0.612     0.052
 7    -0.609     0.790    -0.064
 7    -0.080     0.019     0.996
 8   142.047   -29.347    35.415
 8     0.525     0.423    -0.741
 8    -0.017     0.873     0.484
 8     0.851    -0.241     0.465
 9   120.001   -28.685    22.417
 9    -0.324    -0.539     0.779
 9     0.224     0.755     0.614
 9    -0.919     0.372    -0.123
 2    99.136   -21.961    59.172
 2     0.555    -0.832    -0.000
 2     0.830     0.553     0.056
 2    -0.046    -0.032     0.998
 3   116.129    -2.167     2.578
 3     0.474    -0.076     0.877
 3     0.033     0.997     0.068
 3    -0.880    -0.003     0.475
 4   128.853    14.013    -5.055
 4     0.604    -0.778     0.177
 4     0.783     0.537    -0.313
 4     0.149     0.327     0.933
 5   138.340    29.990    38.218
 5     0.347    -0.726    -0.601
 5     0.125     0.665    -0.733
 5     0.929     0.177     0.318
 6   121.142    19.751    28.053
 6    -0.316     0.088     0.944
 6    -0.301     0.935    -0.187
 6    -0.900    -0.343    -0.269
 7   129.293   -16.226    -6.453
 7     0.794     0.605     0.055
 7    -0.602     0.796    -0.057
 7    -0.079     0.012     0.997
 8   141.484   -29.642    34.953
 8     0.500     0.373    -0.783
 8    -0.026     0.909     0.415
 8     0.865    -0.187     0.463
 9   119.502   -29.120    21.329
 9    -0.266    -0.538     0.801
 9     0.274     0.754     0.596
 9    -0.924     0.377    -0.053
 2    99.136   -21.961    59.172
 2     0.555    -0.832    -0.000
 2     0.830     0.553     0.056
 2    -0.046    -0.032     0.998
 3   117.037    -2.142     2.155
 3     0.498    -0.067     0.865
 3     0.028     0.998     0.060
 3    -0.867    -0.005     0.499
 4   130.243    14.166    -5.311
 4     0.601    -0.784     0.157
 4     0.779     0.531    -0.332
 4     0.177     0.321     0.930
 5   134.005    31.586    37.734
 5     0.169    -0.722    -0.674
 5     0.167     0.691    -0.700
 5     0.971     0.002     0.234
 6   118.944    20.276    25.500
 6    -0.185     0.123     0.975
 6    -0.336     0.925    -0.179
 6    -0.924    -0.359    -0.130
 7   131.357   -16.051    -6.793
 7     0.802     0.597    -0.008
 7    -0.596     0.801    -0.059
 7    -0.029     0.051     0.998
 8   136.011   -33.075    33.572
 8     0.304     0.357    -0.884
 8    -0.100     0.934     0.342
 8     0.947    -0.016     0.319
 9   117.772   -30.483    17.824
 9    -0.072    -0.570     0.819
 9     0.407     0.732     0.545
 9    -0.911     0.372     0.180
 2    99.136   -21.961    59.172
 2     0.555    -0.832    -0.000
 2     0.830     0.553     0.057
 2    -0.046    -0.032     0.998
 3   118.550    -2.081     1.143
 3     0.549    -0.046     0.834
 3     0.028     0.999     0.036
 3    -0.835     0.003     0.550
 4   132.167    14.202    -5.769
 4     0.567    -0.818     0.094
 4     0.798     0.517    -0.309
 4     0.204     0.250     0.946
 5   129.405    32.550    36.082
 5     0.005    -0.715    -0.701
 5     0.186     0.687    -0.701
 5     0.982    -0.130     0.134
 6   117.027    20.035    22.329
 6    -0.046     0.104     0.993
 6    -0.367     0.923    -0.114
 6    -0.929    -0.369    -0.003
 7   133.704   -15.905    -7.533
 7     0.795     0.600    -0.089
 7    -0.605     0.792    -0.071
 7     0.027     0.110     0.993
 8   131.821   -34.410    31.683
 8     0.130     0.346    -0.929
 8    -0.131     0.935     0.329
 8     0.983     0.079     0.167
 9   117.431   -30.470    14.532
 9     0.088    -0.599     0.796
 9     0.453     0.735     0.503
 9    -0.887     0.316     0.337
 2    99.184   -21.961    59.175
 2     0.555    -0.832    -0.000
 2     0.830     0.553     0.057
 2    -0.047    -0.033     0.998
 3   120.195    -2.200     0.226
 3     0.586    -0.057     0.808
 3     0.050     0.998     0.034
 3    -0.808     0.020     0.588
 4   133.539    14.023    -6.172
 4     0.518    -0.854     0.044
 4     0.829     0.488    -0.273
 4     0.211     0.178     0.961
 5   126.363    32.836    34.406
 5    -0.088    -0.737    -0.670
 5     0.203     0.644    -0.737
 5     0.975    -0.203     0.091
 6   116.292    19.139    20.013
 6     0.036     0.052     0.998
 6    -0.375     0.926    -0.034
 6    -0.926    -0.373     0.053
 7   135.443   -15.710    -7.972
 7     0.787     0.602    -0.136
 7    -0.615     0.783    -0.089
 7     0.052     0.152     0.986
 8   129.831   -34.789    30.284
 8     0.040     0.353    -0.935
 8    -0.149     0.927     0.343
 8     0.988     0.125     0.089
 9   117.452   -29.885    12.803
 9     0.169    -0.594     0.786
 9     0.465     0.752     0.467
 9    -0.869     0.286     0.404
 2    99.184   -21.911    59.175
 2     0.555    -0.832     0.000
 2     0.830     0.553     0.057
 2    -0.047    -0.032     0.998
 3   121.369    -2.315    -0.243
 3     0.609    -0.096     0.787
 3     0.054     0.995     0.079
 3    -0.791    -0.005     0.612
 4   134.520    13.707    -6.469
 4     0.483    -0.876     0.015
 4     0.849     0.463    -0.252
 4     0.213     0.134     0.967
 5   124.647    32.651    33.333
 5    -0.151    -0.740    -0.655
 5     0.219     0.621    -0.752
 5     0.964    -0.259     0.067
 6   116.037    18.538    18.832
 6     0.087     0.009     0.996
 6    -0.374     0.927     0.024
 6    -0.923    -0.374     0.084
 7   136.158   -15.593    -8.144
 7     0.775     0.615    -0.150
 7    -0.630     0.769    -0.104
 7     0.050     0.173     0.983
 8   127.810   -35.456    29.199
 8    -0.034     0.370    -0.928
 8    -0.180     0.911     0.370
 8     0.983     0.180     0.035
 9   117.182   -29.398    11.435
 9     0.226    -0.582     0.781
 9     0.469     0.767     0.436
 9    -0.854     0.268     0.446
 2    99.184   -21.911    59.175
 2     0.555    -0.832     0.000
 2     0.830     0.553     0.057
 2    -0.047    -0.032     0.998
 3   121.811    -2.380    -0.363
 3     0.615    -0.133     0.777
 3     0.049     0.990     0.128
 3    -0.787    -0.040     0.616
 4   134.752    13.454    -6.770
 4     0.464    -0.886     0.004
 4     0.862     0.449    -0.234
 4     0.205     0.112     0.972
 5   123.081    32.635    32.118
 5    -0.198    -0.736    -0.647
 5     0.234     0.605    -0.760
 5     0.952    -0.303     0.051
 6   115.633    17.979    17.523
 6     0.122    -0.014     0.992
 6    -0.375     0.925     0.059
 6    -0.919    -0.379     0.108
 7   135.843   -15.165    -8.759
 7     0.750     0.652    -0.117
 7    -0.662     0.739    -0.123
 7     0.005     0.168     0.985
 8   125.695   -36.292    27.674
 8    -0.083     0.405    -0.910
 8    -0.232     0.880     0.413
 8     0.969     0.246     0.020
 9   116.418   -28.614     9.952
 9     0.246    -0.556     0.794
 9     0.487     0.779     0.394
 9    -0.838     0.289     0.462
 2    99.184   -21.961    59.175
 2     0.555    -0.832    -0.000
 2     0.830     0.553     0.058
 2    -0.047    -0.033     0.998
 3   121.702    -2.384    -0.566
 3     0.609    -0.210     0.765
 3     0.021     0.968     0.247
 3    -0.793    -0.134     0.594
 4   134.498    12.932    -7.369
 4     0.452    -0.892     0.013
 4     0.873     0.439    -0.212
 4     0.183     0.107     0.977
 5   121.695    32.323    31.185
 5    -0.226    -0.734    -0.641
 5     0.237     0.596    -0.767
 5     0.945    -0.326     0.038
 6   114.970    17.557    16.652
 6     0.137    -0.030     0.990
 6    -0.371     0.925     0.079
 6    -0.918    -0.378     0.116
 7   135.255   -14.697    -9.179
 7     0.734     0.673    -0.083
 7    -0.678     0.723    -0.131
 7    -0.029     0.151     0.988
 8   124.124   -36.723    26.696
 8    -0.120     0.413    -0.903
 8    -0.261     0.864     0.430
 8     0.958     0.288     0.004
 9   115.788   -28.247     8.902
 9     0.261    -0.556     0.790
 9     0.495     0.779     0.384
 9    -0.829     0.291     0.478
 2    99.134   -21.961    59.175
 2     0.555    -0.832    -0.000
 2     0.830     0.553     0.057
 2    -0.047    -0.033     0.998
 3   121.657    -2.486    -0.665
 3     0.604    -0.255     0.756
 3     0.011     0.950     0.309
 3    -0.797    -0.179     0.576
 4   134.145    12.798    -7.567
 4     0.445    -0.896     0.018
 4     0.879     0.432    -0.201
 4     0.172     0.105     0.979
 5   120.307    32.581    30.419
 5    -0.269    -0.719    -0.641
 5     0.251     0.590    -0.767
 5     0.930    -0.367     0.021
 6   114.636    17.611    15.975
 6     0.155    -0.020     0.988
 6    -0.369     0.926     0.076
 6    -0.917    -0.376     0.136
 7   135.082   -14.625    -9.256
 7     0.726     0.682    -0.089
 7    -0.686     0.714    -0.133
 7    -0.028     0.156     0.987
 8   121.412   -37.011    26.089
 8    -0.210     0.382    -0.900
 8    -0.264     0.864     0.428
 8     0.941     0.328    -0.081
 9   115.261   -28.183     7.983
 9     0.310    -0.565     0.765
 9     0.496     0.782     0.376
 9    -0.811     0.263     0.522
 2    99.184   -21.961    59.175
 2     0.555    -0.832     0.000
 2     0.830     0.553     0.057
 2    -0.047    -0.032     0.998
 3   121.620    -2.484    -0.661
 3     0.605    -0.265     0.752
 3     0.008     0.945     0.325
 3    -0.796    -0.190     0.574
 4   134.190    12.667    -7.578
 4     0.448    -0.894     0.012
 4     0.878     0.437    -0.195
 4     0.168     0.099     0.980
 5   119.635    33.117    29.877
 5    -0.298    -0.707    -0.642
 5     0.273     0.581    -0.767
 5     0.915    -0.404     0.019
 6   114.632    17.750    15.662
 6     0.169    -0.010     0.985
 6    -0.373     0.925     0.073
 6    -0.912    -0.380     0.153
 7   135.108   -14.744    -9.065
 7     0.721     0.685    -0.105
 7    -0.692     0.710    -0.130
 7    -0.015     0.165     0.986
 8   120.220   -37.585    25.765
 8    -0.252     0.381    -0.889
 8    -0.278     0.851     0.444
 8     0.927     0.359    -0.109
 9   115.190   -28.301     7.734
 9     0.330    -0.570     0.754
 9     0.497     0.782     0.373
 9    -0.802     0.252     0.541
 2    99.184   -21.961    59.175
 2     0.555    -0.832     0.000
 2     0.830     0.553     0.057
 2    -0.047    -0.032     0.998
 3   121.710    -2.660    -0.656
 3     0.606    -0.268     0.750
 3     0.002     0.942     0.333
 3    -0.795    -0.200     0.571
 4   134.226    12.382    -7.653
 4     0.447    -0.895     0.006
 4     0.880     0.438    -0.183
 4     0.160     0.087     0.983
 5   118.980    33.326    29.142
 5    -0.323    -0.694    -0.643
 5     0.288     0.575    -0.765
 5     0.901    -0.433     0.013
 6   114.581    17.767    15.000
 6     0.190     0.000     0.982
 6    -0.381     0.921     0.073
 6    -0.905    -0.388     0.175
 7   135.255   -15.013    -8.922
 7     0.722     0.682    -0.116
 7    -0.691     0.711    -0.126
 7    -0.004     0.170     0.985
 8   119.240   -37.946    25.438
 8    -0.289     0.363    -0.886
 8    -0.285     0.850     0.442
 8     0.914     0.380    -0.143
 9   115.069   -28.469     7.360
 9     0.350    -0.577     0.738
 9     0.499     0.781     0.374
 9    -0.793     0.237     0.561
 2    99.184   -21.911    59.201
 2     0.555    -0.832    -0.001
 2     0.830     0.553     0.058
 2    -0.047    -0.033     0.998
 3   121.779    -2.784    -0.687
 3     0.610    -0.265     0.748
 3    -0.005     0.941     0.336
 3    -0.792    -0.208     0.572
 4   134.338    12.198    -7.752
 4     0.448    -0.894    -0.002
 4     0.880     0.442    -0.171
 4     0.152     0.075     0.985
 5   118.155    33.659    28.465
 5    -0.359    -0.667    -0.653
 5     0.304     0.577    -0.758
 5     0.882    -0.470    -0.005
 6   114.572    17.834    14.284
 6     0.212     0.016     0.977
 6    -0.385     0.920     0.068
 6    -0.898    -0.391     0.201
 7   135.332   -15.181    -8.833
 7     0.719     0.683    -0.130
 7    -0.694     0.709    -0.121
 7     0.009     0.176     0.984
 8   118.074   -38.311    25.111
 8    -0.328     0.351    -0.877
 8    -0.294     0.844     0.448
 8     0.897     0.405    -0.174
 9   114.968   -28.564     7.066
 9     0.370    -0.578     0.728
 9     0.496     0.784     0.371
 9    -0.785     0.224     0.577
 2    99.184   -21.911    59.175
 2     0.555    -0.832     0.000
 2     0.830     0.553     0.057
 2    -0.047    -0.032     0.998
 3   121.908    -2.905    -0.793
 3     0.615    -0.269     0.742
 3    -0.014     0.936     0.349
 3    -0.788    -0.224     0.572
 4   134.379    12.068    -7.888
 4     0.447    -0.895    -0.007
 4     0.882     0.441    -0.162
 4     0.147     0.067     0.987
 5   117.341    33.867    27.937
 5    -0.388    -0.657    -0.646
 5     0.318     0.562    -0.763
 5     0.865    -0.502    -0.010
 6   114.480    17.794    13.982
 6     0.230     0.019     0.973
 6    -0.383     0.921     0.072
 6    -0.895    -0.389     0.219
 7   135.425   -15.351    -8.785
 7     0.720     0.681    -0.140
 7    -0.694     0.710    -0.117
 7     0.018     0.180     0.983
 8   117.667   -38.689    24.994
 8    -0.346     0.339    -0.875
 8    -0.303     0.842     0.446
 8     0.888     0.419    -0.189
 9   114.986   -28.687     7.036
 9     0.375    -0.585     0.719
 9     0.496     0.781     0.377
 9    -0.782     0.216     0.583
 2    99.134   -21.961    59.175
 2     0.555    -0.832     0.000
 2     0.830     0.553     0.057
 2    -0.047    -0.032     0.998
 3   121.909    -2.906    -0.741
 3     0.615    -0.267     0.742
 3    -0.016     0.937     0.348
 3    -0.788    -0.225     0.572
 4   134.429    12.016    -7.884
 4     0.449    -0.893    -0.009
 4     0.881     0.444    -0.160
 4     0.146     0.064     0.987
 5   117.370    33.988    27.839
 5    -0.394    -0.649    -0.651
 5     0.325     0.564    -0.759
 5     0.860    -0.511    -0.012
 6   114.595    17.868    13.975
 6     0.232     0.028     0.972
 6    -0.381     0.922     0.064
 6    -0.895    -0.386     0.225
 7   135.395   -15.421    -8.627
 7     0.717     0.682    -0.142
 7    -0.696     0.709    -0.108
 7     0.026     0.175     0.984
 8   117.565   -38.491    25.403
 8    -0.347     0.341    -0.874
 8    -0.299     0.842     0.447
 8     0.888     0.417    -0.191
 9   114.934   -28.710     7.582
 9     0.373    -0.585     0.721
 9     0.480     0.786     0.389
 9    -0.794     0.202     0.573
 2    99.184   -21.911    59.175
 2     0.555    -0.832     0.000
 2     0.830     0.553     0.057
 2    -0.047    -0.032     0.998
 3   121.913    -2.960    -0.686
 3     0.615    -0.258     0.746
 3    -0.022     0.939     0.342
 3    -0.788    -0.226     0.572
 4   134.425    11.988    -7.878
 4     0.452    -0.892    -0.009
 4     0.880     0.447    -0.158
 4     0.144     0.064     0.987
 5   117.375    33.964    27.883
 5    -0.391    -0.650    -0.652
 5     0.325     0.564    -0.758
 5     0.861    -0.508    -0.010
 6   114.473    17.739    13.986
 6     0.229     0.025     0.973
 6    -0.381     0.922     0.065
 6    -0.896    -0.386     0.221
 7   135.336   -15.595    -8.485
 7     0.716     0.685    -0.140
 7    -0.697     0.709    -0.098
 7     0.031     0.166     0.985
 8   117.500   -38.489    25.620
 8    -0.347     0.343    -0.873
 8    -0.297     0.842     0.449
 8     0.890     0.415    -0.190
 9   114.829   -28.762     7.662
 9     0.371    -0.583     0.723
 9     0.479     0.787     0.389
 9    -0.795     0.202     0.571
 2    99.184   -21.961    59.175
 2     0.555    -0.832     0.000
 2     0.830     0.553     0.057
 2    -0.047    -0.032     0.998
 3   121.743    -3.089    -0.656
 3     0.614    -0.254     0.748
 3    -0.027     0.940     0.339
 3    -0.788    -0.228     0.570
 4   134.269    11.832    -7.870
 4     0.455    -0.891    -0.006
 4     0.879     0.450    -0.156
 4     0.141     0.066     0.988
 5   117.763    33.692    28.423
 5    -0.377    -0.652    -0.657
 5     0.321     0.573    -0.754
 5     0.868    -0.495    -0.007
 6   114.569    17.762    14.654
 6     0.208     0.031     0.977
 6    -0.368     0.928     0.049
 6    -0.906    -0.370     0.205
 7   134.991   -15.927    -8.238
 7     0.714     0.690    -0.121
 7    -0.699     0.710    -0.081
 7     0.028     0.141     0.989
 8   118.612   -38.155    26.989
 8    -0.309     0.358    -0.881
 8    -0.284     0.849     0.445
 8     0.908     0.387    -0.161
 9   114.778   -29.175     9.399
 9     0.324    -0.592     0.738
 9     0.449     0.783     0.430
 9    -0.833     0.192     0.519
 2    99.184   -21.911    59.175
 2     0.555    -0.832     0.000
 2     0.830     0.553     0.057
 2    -0.047    -0.032     0.998
 3   121.149    -3.002    -0.030
 3     0.597    -0.183     0.781
 3    -0.039     0.966     0.254
 3    -0.801    -0.182     0.570
 4   133.814    12.056    -7.324
 4     0.489    -0.872     0.023
 4     0.859     0.477    -0.186
 4     0.150     0.110     0.982
 5   120.816    33.456    30.690
 5    -0.293    -0.658    -0.694
 5     0.302     0.624    -0.720
 5     0.907    -0.421     0.015
 6   115.249    18.433    17.233
 6     0.122     0.054     0.991
 6    -0.340     0.940    -0.009
 6    -0.933    -0.335     0.133
 7   134.119   -16.509    -7.476
 7     0.727     0.683    -0.063
 7    -0.686     0.726    -0.042
 7     0.017     0.072     0.997
 8   122.832   -37.512    30.156
 8    -0.177     0.393    -0.903
 8    -0.259     0.866     0.427
 8     0.949     0.309    -0.052
 9   115.372   -30.074    13.214
 9     0.201    -0.610     0.767
 9     0.400     0.765     0.503
 9    -0.894     0.205     0.398
 2    99.184   -21.911    59.175
 2     0.555    -0.832    -0.000
 2     0.830     0.553     0.057
 2    -0.047    -0.033     0.998
 3   120.409    -3.351     0.682
 3     0.573    -0.129     0.809
 3    -0.054     0.979     0.193
 3    -0.818    -0.154     0.554
 4   133.152    11.990    -6.997
 4     0.525    -0.849     0.060
 4     0.838     0.503    -0.208
 4     0.146     0.160     0.976
 5   124.870    33.412    32.619
 5    -0.155    -0.682    -0.715
 5     0.290     0.660    -0.692
 5     0.944    -0.316     0.095
 6   116.194    18.687    19.651
 6     0.009     0.055     0.998
 6    -0.339     0.940    -0.048
 6    -0.941    -0.337     0.028
 7   133.223   -17.301    -6.862
 7     0.753     0.657    -0.011
 7    -0.657     0.753    -0.027
 7    -0.010     0.026     0.999
 8   128.294   -36.811    32.677
 8    -0.014     0.421    -0.907
 8    -0.228     0.881     0.412
 8     0.973     0.213     0.083
 9   116.607   -31.103    16.446
 9     0.063    -0.628     0.776
 9     0.366     0.738     0.566
 9    -0.928     0.248     0.277
 2    99.184   -21.911    59.175
 2     0.555    -0.832     0.000
 2     0.830     0.553     0.057
 2    -0.047    -0.032     0.998
 3   119.700    -3.914     1.240
 3     0.549    -0.125     0.827
 3    -0.051     0.982     0.182
 3    -0.834    -0.142     0.532
 4   132.408    11.910    -6.582
 4     0.542    -0.837     0.077
 4     0.827     0.514    -0.225
 4     0.149     0.186     0.971
 5   128.221    33.349    33.974
 5    -0.033    -0.721    -0.693
 5     0.280     0.657    -0.699
 5     0.959    -0.219     0.179
 6   117.218    18.918    22.109
 6    -0.091     0.046     0.995
 6    -0.343     0.937    -0.074
 6    -0.935    -0.347    -0.069
 7   132.622   -17.751    -6.476
 7     0.781     0.625     0.015
 7    -0.625     0.781    -0.018
 7    -0.023     0.004     1.000
 8   133.028   -36.392    34.075
 8     0.129     0.428    -0.895
 8    -0.210     0.893     0.396
 8     0.969     0.138     0.203
 9   118.126   -31.671    18.640
 9    -0.064    -0.631     0.773
 9     0.342     0.714     0.610
 9    -0.937     0.303     0.171
 2    99.134   -21.911    59.175
 2     0.555    -0.832    -0.001
 2     0.830     0.553     0.058
 2    -0.047    -0.033     0.998
 3   118.946    -3.942     1.633
 3     0.525    -0.126     0.841
 3    -0.037     0.984     0.170
 3    -0.850    -0.120     0.512
 4   131.772    12.219    -6.059
 4     0.568    -0.818     0.090
 4     0.806     0.530    -0.264
 4     0.167     0.222     0.960
 5   133.359    33.664    35.191
 5     0.128    -0.734    -0.669
 5     0.269     0.672    -0.688
 5     0.954    -0.095     0.281
 6   119.789    20.314    24.620
 6    -0.230     0.082     0.970
 6    -0.339     0.928    -0.157
 6    -0.912    -0.364    -0.185
 7   131.976   -17.743    -6.172
 7     0.793     0.608     0.026
 7    -0.608     0.794    -0.002
 7    -0.023    -0.015     0.999
 8   137.454   -34.776    35.112
 8     0.265     0.430    -0.865
 8    -0.169     0.901     0.395
 8     0.949     0.043     0.310
 9   119.680   -31.409    20.553
 9    -0.194    -0.638     0.746
 9     0.281     0.692     0.664
 9    -0.940     0.338     0.046
 2    99.134   -21.961    59.175
 2     0.555    -0.832    -0.000
 2     0.830     0.553     0.057
 2    -0.047    -0.033     0.998
 3   118.391    -3.532     1.869
 3     0.507    -0.114     0.854
 3    -0.020     0.989     0.143
 3    -0.862    -0.089     0.499
 4   131.468    12.818    -5.402
 4     0.596    -0.797     0.099
 4     0.778     0.542    -0.318
 4     0.199     0.266     0.943
 5   138.273    34.007    36.340
 5     0.267    -0.712    -0.654
 5     0.258     0.702    -0.661
 5     0.928     0.005     0.367
 6   122.848    21.092    27.121
 6    -0.374     0.095     0.923
 6    -0.323     0.919    -0.224
 6    -0.869    -0.381    -0.313
 7   131.379   -17.781    -5.847
 7     0.799     0.601     0.026
 7    -0.601     0.799     0.015
 7    -0.012    -0.028     0.999
 8   141.952   -33.427    35.733
 8     0.413     0.471    -0.783
 8    -0.135     0.878     0.454
 8     0.901    -0.081     0.425
 9   121.924   -30.854    22.318
 9    -0.336    -0.610     0.719
 9     0.226     0.687     0.689
 9    -0.914     0.393    -0.092
 2    99.134   -21.961    59.175
 2     0.555    -0.832    -0.000
 2     0.830     0.553     0.057
 2    -0.047    -0.033     0.998
 3   117.954    -3.261     2.319
 3     0.493    -0.108     0.863
 3     0.011     0.993     0.117
 3    -0.870    -0.048     0.491
 4   130.945    13.414    -4.597
 4     0.614    -0.782     0.108
 4     0.757     0.544    -0.362
 4     0.224     0.304     0.926
 5   143.158    32.119    37.307
 5     0.418    -0.661    -0.630
 5     0.177     0.734    -0.652
 5     0.891     0.159     0.422
 6   125.852    21.567    29.499
 6    -0.487     0.164     0.859
 6    -0.240     0.920    -0.309
 6    -0.840    -0.356    -0.409
 7   131.519   -17.760    -5.187
 7     0.818     0.574     0.020
 7    -0.573     0.816     0.071
 7     0.024    -0.070     0.997
 8   145.892   -31.382    36.428
 8     0.535     0.486    -0.694
 8    -0.065     0.839     0.536
 8     0.842    -0.242     0.480
 9   123.963   -30.525    23.872
 9    -0.415    -0.631     0.657
 9     0.153     0.661     0.733
 9    -0.896     0.404    -0.177
 2    99.134   -21.961    59.175
 2     0.555    -0.832    -0.001
 2     0.830     0.553     0.058
 2    -0.047    -0.033     0.998
 3   117.626    -3.067     2.434
 3     0.485    -0.079     0.871
 3     0.023     0.997     0.077
 3    -0.874    -0.017     0.485
 4   130.863    14.077    -3.870
 4     0.624    -0.773     0.117
 4     0.745     0.543    -0.385
 4     0.234     0.327     0.915
 5   145.172    29.711    39.408
 5     0.471    -0.709    -0.531
 5     0.123     0.643    -0.753
 5     0.873     0.289     0.389
 6   127.719    20.198    31.746
 6    -0.529     0.249     0.813
 6    -0.090     0.935    -0.342
 6    -0.844    -0.254    -0.471
 7   131.817   -17.722    -5.043
 7     0.822     0.569     0.011
 7    -0.568     0.819     0.077
 7     0.035    -0.070     0.997
 8   147.007   -27.828    37.155
 8     0.593     0.478    -0.651
 8     0.057     0.779     0.623
 8     0.803    -0.406     0.435
 9   123.941   -29.582    24.709
 9    -0.409    -0.678     0.612
 9     0.060     0.647     0.759
 9    -0.910     0.347    -0.223
 2    99.184   -21.961    59.175
 2     0.555    -0.832    -0.000
 2     0.830     0.553     0.057
 2    -0.047    -0.033     0.998
 3   117.676    -2.879     2.330
 3     0.490    -0.086     0.868
 3     0.032     0.996     0.080
 3    -0.871    -0.011     0.491
 4   130.792    14.265    -4.096
 4     0.609    -0.785     0.115
 4     0.773     0.554    -0.308
 4     0.178     0.276     0.944
 5   144.294    29.437    39.897
 5     0.454    -0.796    -0.409
 5     0.123     0.504    -0.853
 5     0.882     0.336     0.325
 6   127.296    20.191    31.992
 6    -0.519     0.248     0.820
 6    -0.074     0.941    -0.328
 6    -0.852    -0.230    -0.469
 7   131.701   -17.414    -5.405
 7     0.823     0.567     0.001
 7    -0.567     0.823     0.027
 7     0.014    -0.023     0.999
 8   146.501   -27.992    37.087
 8     0.572     0.548    -0.615
 8     0.041     0.726     0.684
 8     0.819    -0.416     0.393
 9   124.030   -29.760    24.266
 9    -0.395    -0.703     0.593
 9     0.063     0.622     0.779
 9    -0.916     0.345    -0.201
 2    99.184   -21.961    59.201
 2     0.555    -0.832    -0.000
 2     0.830     0.553     0.057
 2    -0.047    -0.033     0.998
 3   117.592    -2.645     2.303
 3     0.493    -0.078     0.866
 3     0.040     0.997     0.066
 3    -0.869     0.002     0.494
 4   130.698    14.394    -4.060
 4     0.611    -0.783     0.120
 4     0.770     0.552    -0.318
 4     0.182     0.286     0.940
 5   144.130    29.290    40.133
 5     0.449    -0.811    -0.384
 5     0.113     0.471    -0.873
 5     0.886     0.347     0.302
 6   127.247    20.191    32.095
 6    -0.518     0.248     0.820
 6    -0.073     0.941    -0.327
 6    -0.852    -0.229    -0.469
 7   131.507   -17.167    -5.566
 7     0.823     0.567     0.003
 7    -0.567     0.823     0.016
 7     0.007    -0.015     1.000
 8   146.145   -28.137    37.112
 8     0.553     0.546    -0.633
 8     0.029     0.743     0.665
 8     0.832    -0.386     0.395
 9   124.095   -29.614    24.028
 9    -0.394    -0.709     0.586
 9     0.068     0.612     0.787
 9    -0.916     0.349    -0.192
 2    99.134   -21.961    59.175
 2     0.555    -0.832    -0.001
 2     0.830     0.553     0.058
 2    -0.047    -0.033     0.998
 3   117.434    -2.545     2.390
 3     0.490    -0.088     0.867
 3     0.043     0.996     0.076
 3    -0.871     0.000     0.492
 4   130.488    14.442    -4.100
 4     0.609    -0.784     0.123
 4     0.773     0.551    -0.313
 4     0.178     0.285     0.941
 5   143.722    29.486    40.160
 5     0.432    -0.820    -0.384
 5     0.120     0.468    -0.874
 5     0.894     0.330     0.299
 6   127.066    20.287    32.111
 6    -0.516     0.252     0.820
 6    -0.070     0.940    -0.330
 6    -0.854    -0.228    -0.467
 7   131.455   -17.116    -5.513
 7     0.826     0.564     0.004
 7    -0.564     0.825     0.017
 7     0.006    -0.016     1.000
 8   146.027   -28.160    37.227
 8     0.551     0.546    -0.635
 8     0.030     0.744     0.664
 8     0.834    -0.385     0.394
 9   123.983   -29.599    24.174
 9    -0.388    -0.708     0.592
 9     0.070     0.616     0.783
 9    -0.919     0.345    -0.189
];