% Calibrated with leiden_pols
% Positions are in centimeters
Data =[
 2    99.184   -21.961    59.175
 2     0.555    -0.832     0.000
 2     0.830     0.553     0.057
 2    -0.047    -0.032     0.998
 3   115.690    -2.228     2.766
 3     0.464    -0.087     0.881
 3     0.032     0.996     0.080
 3    -0.885    -0.009     0.465
 4   128.327    13.937    -4.931
 4     0.603    -0.777     0.181
 4     0.784     0.534    -0.316
 4     0.149     0.331     0.931
 5   138.315    29.736    38.405
 5     0.374    -0.736    -0.572
 5     0.118     0.643    -0.754
 5     0.919     0.212     0.325
 6   121.158    19.642    28.615
 6    -0.340     0.080     0.937
 6    -0.299     0.936    -0.188
 6    -0.892    -0.343    -0.295
 7   128.480   -16.330    -6.337
 7     0.786     0.616     0.049
 7    -0.613     0.787    -0.058
 7    -0.074     0.016     0.997
 8   142.120   -29.122    35.586
 8     0.535     0.423    -0.733
 8    -0.008     0.869     0.493
 8     0.844    -0.258     0.468
 9   119.832   -28.592    22.660
 9    -0.337    -0.537     0.775
 9     0.215     0.756     0.617
 9    -0.917     0.373    -0.138
 2    99.186   -21.960    59.172
 2     0.555    -0.832    -0.000
 2     0.830     0.553     0.056
 2    -0.046    -0.032     0.998
 3   115.737    -2.228     2.789
 3     0.465    -0.080     0.881
 3     0.032     0.997     0.073
 3    -0.885    -0.006     0.466
 4   128.417    13.959    -4.995
 4     0.602    -0.777     0.183
 4     0.785     0.535    -0.311
 4     0.145     0.330     0.932
 5   138.380    29.842    38.265
 5     0.370    -0.734    -0.578
 5     0.118     0.647    -0.749
 5     0.921     0.207     0.323
 6   121.195    19.741    28.478
 6    -0.335     0.083     0.938
 6    -0.302     0.934    -0.189
 6    -0.892    -0.346    -0.288
 7   128.690   -16.333    -6.424
 7     0.789     0.612     0.052
 7    -0.609     0.790    -0.064
 7    -0.080     0.019     0.996
 8   142.047   -29.347    35.415
 8     0.525     0.423    -0.741
 8    -0.017     0.873     0.484
 8     0.851    -0.241     0.465
 9   120.001   -28.685    22.417
 9    -0.324    -0.539     0.779
 9     0.224     0.755     0.614
 9    -0.919     0.372    -0.123
 2    99.136   -21.961    59.172
 2     0.555    -0.832    -0.000
 2     0.830     0.553     0.056
 2    -0.046    -0.032     0.998
 3   116.129    -2.167     2.578
 3     0.474    -0.076     0.877
 3     0.033     0.997     0.068
 3    -0.880    -0.003     0.475
 4   128.853    14.013    -5.055
 4     0.604    -0.778     0.177
 4     0.783     0.537    -0.313
 4     0.149     0.327     0.933
 5   138.340    29.990    38.218
 5     0.347    -0.726    -0.601
 5     0.125     0.665    -0.733
 5     0.929     0.177     0.318
 6   121.142    19.751    28.053
 6    -0.316     0.088     0.944
 6    -0.301     0.935    -0.187
 6    -0.900    -0.343    -0.269
 7   129.293   -16.226    -6.453
 7     0.794     0.605     0.055
 7    -0.602     0.796    -0.057
 7    -0.079     0.012     0.997
 8   141.484   -29.642    34.953
 8     0.500     0.373    -0.783
 8    -0.026     0.909     0.415
 8     0.865    -0.187     0.463
 9   119.502   -29.120    21.329
 9    -0.266    -0.538     0.801
 9     0.274     0.754     0.596
 9    -0.924     0.377    -0.053
 2    99.136   -21.961    59.172
 2     0.555    -0.832    -0.000
 2     0.830     0.553     0.056
 2    -0.046    -0.032     0.998
 3   117.037    -2.142     2.155
 3     0.498    -0.067     0.865
 3     0.028     0.998     0.060
 3    -0.867    -0.005     0.499
 4   130.243    14.166    -5.311
 4     0.601    -0.784     0.157
 4     0.779     0.531    -0.332
 4     0.177     0.321     0.930
 5   134.005    31.586    37.734
 5     0.169    -0.722    -0.674
 5     0.167     0.691    -0.700
 5     0.971     0.002     0.234
 6   118.944    20.276    25.500
 6    -0.185     0.123     0.975
 6    -0.336     0.925    -0.179
 6    -0.924    -0.359    -0.130
 7   131.357   -16.051    -6.793
 7     0.802     0.597    -0.008
 7    -0.596     0.801    -0.059
 7    -0.029     0.051     0.998
 8   136.011   -33.075    33.572
 8     0.304     0.357    -0.884
 8    -0.100     0.934     0.342
 8     0.947    -0.016     0.319
 9   117.772   -30.483    17.824
 9    -0.072    -0.570     0.819
 9     0.407     0.732     0.545
 9    -0.911     0.372     0.180
 2    99.136   -21.961    59.172
 2     0.555    -0.832    -0.000
 2     0.830     0.553     0.057
 2    -0.046    -0.032     0.998
 3   118.550    -2.081     1.143
 3     0.549    -0.046     0.834
 3     0.028     0.999     0.036
 3    -0.835     0.003     0.550
 4   132.167    14.202    -5.769
 4     0.567    -0.818     0.094
 4     0.798     0.517    -0.309
 4     0.204     0.250     0.946
 5   129.405    32.550    36.082
 5     0.005    -0.715    -0.701
 5     0.186     0.687    -0.701
 5     0.982    -0.130     0.134
 6   117.027    20.035    22.329
 6    -0.046     0.104     0.993
 6    -0.367     0.923    -0.114
 6    -0.929    -0.369    -0.003
 7   133.704   -15.905    -7.533
 7     0.795     0.600    -0.089
 7    -0.605     0.792    -0.071
 7     0.027     0.110     0.993
 8   131.821   -34.410    31.683
 8     0.130     0.346    -0.929
 8    -0.131     0.935     0.329
 8     0.983     0.079     0.167
 9   117.431   -30.470    14.532
 9     0.088    -0.599     0.796
 9     0.453     0.735     0.503
 9    -0.887     0.316     0.337
 2    99.184   -21.961    59.175
 2     0.555    -0.832    -0.000
 2     0.830     0.553     0.057
 2    -0.047    -0.033     0.998
 3   120.195    -2.200     0.226
 3     0.586    -0.057     0.808
 3     0.050     0.998     0.034
 3    -0.808     0.020     0.588
 4   133.539    14.023    -6.172
 4     0.518    -0.854     0.044
 4     0.829     0.488    -0.273
 4     0.211     0.178     0.961
 5   126.363    32.836    34.406
 5    -0.088    -0.737    -0.670
 5     0.203     0.644    -0.737
 5     0.975    -0.203     0.091
 6   116.292    19.139    20.013
 6     0.036     0.052     0.998
 6    -0.375     0.926    -0.034
 6    -0.926    -0.373     0.053
 7   135.443   -15.710    -7.972
 7     0.787     0.602    -0.136
 7    -0.615     0.783    -0.089
 7     0.052     0.152     0.986
 8   129.831   -34.789    30.284
 8     0.040     0.353    -0.935
 8    -0.149     0.927     0.343
 8     0.988     0.125     0.089
 9   117.452   -29.885    12.803
 9     0.169    -0.594     0.786
 9     0.465     0.752     0.467
 9    -0.869     0.286     0.404
 2    99.184   -21.911    59.175
 2     0.555    -0.832     0.000
 2     0.830     0.553     0.057
 2    -0.047    -0.032     0.998
 3   121.369    -2.315    -0.243
 3     0.609    -0.096     0.787
 3     0.054     0.995     0.079
 3    -0.791    -0.005     0.612
 4   134.520    13.707    -6.469
 4     0.483    -0.876     0.015
 4     0.849     0.463    -0.252
 4     0.213     0.134     0.967
 5   124.647    32.651    33.333
 5    -0.151    -0.740    -0.655
 5     0.219     0.621    -0.752
 5     0.964    -0.259     0.067
 6   116.037    18.538    18.832
 6     0.087     0.009     0.996
 6    -0.374     0.927     0.024
 6    -0.923    -0.374     0.084
 7   136.158   -15.593    -8.144
 7     0.775     0.615    -0.150
 7    -0.630     0.769    -0.104
 7     0.050     0.173     0.983
 8   127.810   -35.456    29.199
 8    -0.034     0.370    -0.928
 8    -0.180     0.911     0.370
 8     0.983     0.180     0.035
 9   117.182   -29.398    11.435
 9     0.226    -0.582     0.781
 9     0.469     0.767     0.436
 9    -0.854     0.268     0.446
 2    99.184   -21.911    59.175
 2     0.555    -0.832     0.000
 2     0.830     0.553     0.057
 2    -0.047    -0.032     0.998
 3   121.811    -2.380    -0.363
 3     0.615    -0.133     0.777
 3     0.049     0.990     0.128
 3    -0.787    -0.040     0.616
 4   134.752    13.454    -6.770
 4     0.464    -0.886     0.004
 4     0.862     0.449    -0.234
 4     0.205     0.112     0.972
 5   123.081    32.635    32.118
 5    -0.198    -0.736    -0.647
 5     0.234     0.605    -0.760
 5     0.952    -0.303     0.051
