% Calibrated with leiden_pols
% Positions are in centimeters
Data =[
 2    97.008   -20.088    59.049
 2     0.429    -0.904     0.004
 2     0.903     0.428     0.030
 2    -0.029    -0.010     0.999
 3   126.566    -2.706    -0.855
 3     0.658    -0.002    -0.754
 3    -0.154     0.978    -0.137
 3     0.737     0.205     0.643
 4   104.246    10.913   -10.043
 4     0.124    -0.697     0.707
 4     0.978     0.205     0.031
 4    -0.167     0.687     0.706
 5   117.026    31.679     2.846
 5     0.789     0.094     0.608
 5     0.605    -0.295    -0.739
 5     0.109     0.951    -0.290
 6   125.619    12.644    -8.797
 6    -0.051     0.998     0.011
 6    -0.912    -0.042    -0.408
 6    -0.406    -0.031     0.913
 7   104.638   -17.923    -6.706
 7     0.363     0.457     0.812
 7    -0.804     0.594     0.024
 7    -0.471    -0.662     0.583
 8   117.969   -41.530    -6.796
 8     0.663    -0.538     0.521
 8    -0.596     0.040     0.801
 8    -0.452    -0.842    -0.294
 9   125.737   -19.393   -17.449
 9     0.057    -0.965     0.255
 9     0.998     0.047    -0.046
 9     0.032     0.257     0.966
 2    96.960   -20.088    59.097
 2     0.429    -0.903     0.004
 2     0.902     0.429     0.029
 2    -0.028    -0.010     0.999
 3   126.462    -2.761    -0.928
 3     0.657     0.002    -0.755
 3    -0.160     0.977    -0.136
 3     0.736     0.210     0.642
 4   104.019    10.665   -10.119
 4     0.124    -0.684     0.719
 4     0.974     0.220     0.042
 4    -0.188     0.695     0.694
 5   116.777    32.275     1.510
 5     0.773     0.129     0.622
 5     0.632    -0.249    -0.734
 5     0.060     0.960    -0.274
 6   125.972    12.950    -9.594
 6    -0.016     0.996     0.086
 6    -0.925     0.019    -0.380
 6    -0.380    -0.086     0.921
 7   104.554   -17.837    -6.777
 7     0.357     0.451     0.818
 7    -0.797     0.603     0.015
 7    -0.487    -0.658     0.575
 8   117.623   -41.557    -7.686
 8     0.644    -0.550     0.534
 8    -0.602     0.068     0.795
 8    -0.473    -0.832    -0.286
 9   125.886   -19.443   -17.953
 9     0.085    -0.962     0.259
 9     0.995     0.072    -0.060
 9     0.039     0.262     0.964
 2    96.959   -20.088    59.097
 2     0.429    -0.903     0.004
 2     0.903     0.429     0.030
 2    -0.028    -0.010     0.999
 3   126.332    -2.665    -0.924
 3     0.657     0.005    -0.754
 3    -0.167     0.976    -0.139
 3     0.735     0.217     0.642
 4   103.990    10.903   -10.021
 4     0.122    -0.684     0.719
 4     0.976     0.212     0.037
 4    -0.178     0.698     0.694
 5   116.618    32.413     1.963
 5     0.769     0.129     0.626
 5     0.635    -0.260    -0.727
 5     0.069     0.957    -0.282
 6   125.990    13.442    -9.274
 6    -0.002     0.998     0.063
 6    -0.917     0.023    -0.397
 6    -0.398    -0.059     0.915
 7   104.523   -17.713    -6.821
 7     0.357     0.452     0.817
 7    -0.796     0.604     0.013
 7    -0.489    -0.656     0.576
 8   117.706   -41.375    -7.633
 8     0.649    -0.541     0.538
 8    -0.601     0.070     0.795
 8    -0.467    -0.838    -0.279
 9   126.164   -19.343   -17.723
 9     0.089    -0.962     0.258
 9     0.995     0.075    -0.062
 9     0.039     0.262     0.964
 2    96.959   -20.088    59.097
 2     0.429    -0.903     0.004
 2     0.903     0.428     0.030
 2    -0.028    -0.010     0.999
 3   126.334    -2.537    -0.879
 3     0.656     0.002    -0.755
 3    -0.167     0.975    -0.143
 3     0.736     0.220     0.640
 4   103.993    11.007    -9.976
 4     0.120    -0.684     0.720
 4     0.977     0.209     0.036
 4    -0.176     0.699     0.693
 5   116.751    32.467     2.253
 5     0.771     0.131     0.623
 5     0.632    -0.269    -0.726
 5     0.073     0.954    -0.290
 6   126.202    13.329    -9.426
 6    -0.015     0.998     0.055
 6    -0.915     0.009    -0.404
 6    -0.404    -0.057     0.913
 7   104.706   -17.590    -6.906
 7     0.360     0.449     0.818
 7    -0.790     0.612     0.012
 7    -0.495    -0.651     0.575
 8   118.223   -41.066    -7.870
 8     0.659    -0.538     0.527
 8    -0.589     0.066     0.805
 8    -0.467    -0.840    -0.273
 9   126.417   -18.904   -17.887
 9     0.076    -0.963     0.259
 9     0.996     0.062    -0.062
 9     0.043     0.262     0.964
 2    97.010   -20.037    59.046
 2     0.429    -0.904     0.004
 2     0.903     0.428     0.030
 2    -0.028    -0.010     0.999
 3   126.340    -2.435    -0.812
 3     0.652     0.002    -0.758
 3    -0.170     0.975    -0.144
 3     0.738     0.222     0.636
 4   104.264    11.200   -10.063
 4     0.142    -0.677     0.722
 4     0.973     0.229     0.023
 4    -0.181     0.699     0.691
 5   117.772    32.266     1.919
 5     0.791     0.137     0.597
 5     0.609    -0.268    -0.746
 5     0.057     0.953    -0.296
 6   126.451    12.920    -9.754
 6    -0.039     0.997     0.062
 6    -0.916    -0.010    -0.401
 6    -0.399    -0.073     0.914
 7   104.854   -17.625    -7.074
 7     0.360     0.444     0.820
 7    -0.783     0.621     0.008
 7    -0.506    -0.646     0.571
 8   118.770   -40.918    -8.174
 8     0.660    -0.559     0.502
 8    -0.575     0.054     0.816
 8    -0.483    -0.827    -0.286
 9   126.417   -18.450   -18.596
 9     0.058    -0.948     0.312
 9     0.998     0.045    -0.051
 9     0.033     0.314     0.949
 2    97.010   -20.087    59.046
 2     0.429    -0.903     0.004
 2     0.903     0.428     0.029
 2    -0.028    -0.010     0.999
 3   126.324    -2.415    -0.872
 3     0.656     0.001    -0.755
 3    -0.173     0.974    -0.149
 3     0.734     0.228     0.638
 4   103.970    11.243    -9.897
 4     0.146    -0.666     0.732
 4     0.971     0.236     0.022
 4    -0.188     0.707     0.681
 5   118.788    31.491     1.906
 5     0.810     0.242     0.534
 5     0.585    -0.314    -0.747
 5    -0.014     0.918    -0.396
 6   125.155    12.826   -11.845
 6    -0.127     0.973     0.194
 6    -0.884    -0.022    -0.466
 6    -0.449    -0.230     0.863
 7   104.294   -17.561    -6.841
 7     0.348     0.423     0.837
 7    -0.781     0.624     0.010
 7    -0.518    -0.657     0.547
 8   118.527   -40.729    -7.954
 8     0.635    -0.613     0.470
 8    -0.578     0.025     0.815
 8    -0.512    -0.789    -0.338
 9   124.487   -18.614   -20.588
 9     0.046    -0.880     0.472
 9     0.998     0.064     0.020
 9    -0.049     0.470     0.881
 2    96.960   -20.088    59.097
 2     0.429    -0.904     0.003
 2     0.903     0.428     0.030
 2    -0.028    -0.011     0.999
 3   125.904    -2.340    -1.116
 3     0.675     0.010    -0.738
 3    -0.184     0.970    -0.155
 3     0.714     0.240     0.656
 4   103.296    11.512    -9.589
 4     0.159    -0.635     0.756
 4     0.968     0.251     0.007
 4    -0.195     0.730     0.654
 5   119.507    30.922     1.963
 5     0.815     0.357     0.457
 5     0.572    -0.374    -0.730
 5    -0.090     0.856    -0.508
 6   123.056    13.911   -13.142
 6    -0.223     0.901     0.373
 6    -0.838     0.018    -0.544
 6    -0.497    -0.434     0.751
 7   103.774   -17.682    -6.465
 7     0.323     0.408     0.854
 7    -0.798     0.601     0.015
 7    -0.508    -0.687     0.520
 8   118.338   -40.954    -6.237
 8     0.606    -0.670     0.431
 8    -0.615    -0.052     0.786
 8    -0.504    -0.741    -0.443
 9   122.513   -20.605   -21.746
 9     0.025    -0.785     0.618
 9     0.976     0.152     0.153
 9    -0.215     0.600     0.770
 2    97.010   -20.037    59.046
 2     0.429    -0.904     0.004
 2     0.903     0.428     0.030
 2    -0.028    -0.010     0.999
 3   125.651    -2.450    -1.127
 3     0.684     0.017    -0.730
 3    -0.184     0.971    -0.151
 3     0.705     0.237     0.667
 4   103.237    11.761    -9.240
 4     0.151    -0.635     0.757
 4     0.973     0.231    -0.000
 4    -0.175     0.737     0.653
 5   119.194    31.050     2.864
 5     0.802     0.376     0.464
 5     0.592    -0.400    -0.700
 5    -0.077     0.836    -0.543
