% Calibrated with leiden_pols
% Positions are in centimeters
Data =[
 2    97.008   -20.088    59.049
 2     0.429    -0.904     0.004
 2     0.903     0.428     0.030
 2    -0.029    -0.010     0.999
 3   126.566    -2.706    -0.855
 3     0.658    -0.002    -0.754
 3    -0.154     0.978    -0.137
 3     0.737     0.205     0.643
 4   104.246    10.913   -10.043
 4     0.124    -0.697     0.707
 4     0.978     0.205     0.031
 4    -0.167     0.687     0.706
 5   117.026    31.679     2.846
 5     0.789     0.094     0.608
 5     0.605    -0.295    -0.739
 5     0.109     0.951    -0.290
 6   125.619    12.644    -8.797
 6    -0.051     0.998     0.011
 6    -0.912    -0.042    -0.408
 6    -0.406    -0.031     0.913
 7   104.638   -17.923    -6.706
 7     0.363     0.457     0.812
 7    -0.804     0.594     0.024
 7    -0.471    -0.662     0.583
 8   117.969   -41.530    -6.796
 8     0.663    -0.538     0.521
 8    -0.596     0.040     0.801
 8    -0.452    -0.842    -0.294
 9   125.737   -19.393   -17.449
 9     0.057    -0.965     0.255
 9     0.998     0.047    -0.046
 9     0.032     0.257     0.966
 2    96.960   -20.088    59.097
 2     0.429    -0.903     0.004
 2     0.902     0.429     0.029
 2    -0.028    -0.010     0.999
 3   126.462    -2.761    -0.928
 3     0.657     0.002    -0.755
 3    -0.160     0.977    -0.136
 3     0.736     0.210     0.642
 4   104.019    10.665   -10.119
 4     0.124    -0.684     0.719
 4     0.974     0.220     0.042
 4    -0.188     0.695     0.694
 5   116.777    32.275     1.510
 5     0.773     0.129     0.622
 5     0.632    -0.249    -0.734
 5     0.060     0.960    -0.274
 6   125.972    12.950    -9.594
 6    -0.016     0.996     0.086
 6    -0.925     0.019    -0.380
 6    -0.380    -0.086     0.921
 7   104.554   -17.837    -6.777
 7     0.357     0.451     0.818
 7    -0.797     0.603     0.015
 7    -0.487    -0.658     0.575
 8   117.623   -41.557    -7.686
 8     0.644    -0.550     0.534
 8    -0.602     0.068     0.795
 8    -0.473    -0.832    -0.286
 9   125.886   -19.443   -17.953
 9     0.085    -0.962     0.259
 9     0.995     0.072    -0.060
 9     0.039     0.262     0.964
 2    96.959   -20.088    59.097
 2     0.429    -0.903     0.004
 2     0.903     0.429     0.030
 2    -0.028    -0.010     0.999
 3   126.332    -2.665    -0.924
 3     0.657     0.005    -0.754
 3    -0.167     0.976    -0.139
 3     0.735     0.217     0.642
 4   103.990    10.903   -10.021
 4     0.122    -0.684     0.719
 4     0.976     0.212     0.037
 4    -0.178     0.698     0.694
 5   116.618    32.413     1.963
 5     0.769     0.129     0.626
 5     0.635    -0.260    -0.727
 5     0.069     0.957    -0.282
 6   125.990    13.442    -9.274
 6    -0.002     0.998     0.063
 6    -0.917     0.023    -0.397
 6    -0.398    -0.059     0.915
 7   104.523   -17.713    -6.821
 7     0.357     0.452     0.817
 7    -0.796     0.604     0.013
 7    -0.489    -0.656     0.576
 8   117.706   -41.375    -7.633
 8     0.649    -0.541     0.538
 8    -0.601     0.070     0.795
 8    -0.467    -0.838    -0.279
 9   126.164   -19.343   -17.723
 9     0.089    -0.962     0.258
 9     0.995     0.075    -0.062
 9     0.039     0.262     0.964
 2    96.959   -20.088    59.097
 2     0.429    -0.903     0.004
 2     0.903     0.428     0.030
 2    -0.028    -0.010     0.999
 3   126.334    -2.537    -0.879
 3     0.656     0.002    -0.755
 3    -0.167     0.975    -0.143
 3     0.736     0.220     0.640
 4   103.993    11.007    -9.976
 4     0.120    -0.684     0.720
 4     0.977     0.209     0.036
 4    -0.176     0.699     0.693
 5   116.751    32.467     2.253
 5     0.771     0.131     0.623
 5     0.632    -0.269    -0.726
 5     0.073     0.954    -0.290
 6   126.202    13.329    -9.426
 6    -0.015     0.998     0.055
 6    -0.915     0.009    -0.404
 6    -0.404    -0.057     0.913
 7   104.706   -17.590    -6.906
 7     0.360     0.449     0.818
 7    -0.790     0.612     0.012
 7    -0.495    -0.651     0.575
 8   118.223   -41.066    -7.870
 8     0.659    -0.538     0.527
 8    -0.589     0.066     0.805
 8    -0.467    -0.840    -0.273
 9   126.417   -18.904   -17.887
 9     0.076    -0.963     0.259
 9     0.996     0.062    -0.062
 9     0.043     0.262     0.964
 2    97.010   -20.037    59.046
 2     0.429    -0.904     0.004
 2     0.903     0.428     0.030
 2    -0.028    -0.010     0.999
 3   126.340    -2.435    -0.812
 3     0.652     0.002    -0.758
 3    -0.170     0.975    -0.144
 3     0.738     0.222     0.636
 4   104.264    11.200   -10.063
 4     0.142    -0.677     0.722
 4     0.973     0.229     0.023
 4    -0.181     0.699     0.691
 5   117.772    32.266     1.919
 5     0.791     0.137     0.597
 5     0.609    -0.268    -0.746
 5     0.057     0.953    -0.296
 6   126.451    12.920    -9.754
 6    -0.039     0.997     0.062
 6    -0.916    -0.010    -0.401
 6    -0.399    -0.073     0.914
 7   104.854   -17.625    -7.074
 7     0.360     0.444     0.820
 7    -0.783     0.621     0.008
 7    -0.506    -0.646     0.571
 8   118.770   -40.918    -8.174
 8     0.660    -0.559     0.502
 8    -0.575     0.054     0.816
 8    -0.483    -0.827    -0.286
 9   126.417   -18.450   -18.596
 9     0.058    -0.948     0.312
 9     0.998     0.045    -0.051
 9     0.033     0.314     0.949
 2    97.010   -20.087    59.046
 2     0.429    -0.903     0.004
 2     0.903     0.428     0.029
 2    -0.028    -0.010     0.999
 3   126.324    -2.415    -0.872
 3     0.656     0.001    -0.755
 3    -0.173     0.974    -0.149
 3     0.734     0.228     0.638
 4   103.970    11.243    -9.897
 4     0.146    -0.666     0.732
 4     0.971     0.236     0.022
 4    -0.188     0.707     0.681
 5   118.788    31.491     1.906
 5     0.810     0.242     0.534
 5     0.585    -0.314    -0.747
 5    -0.014     0.918    -0.396
 6   125.155    12.826   -11.845
 6    -0.127     0.973     0.194
 6    -0.884    -0.022    -0.466
 6    -0.449    -0.230     0.863
 7   104.294   -17.561    -6.841
 7     0.348     0.423     0.837
 7    -0.781     0.624     0.010
 7    -0.518    -0.657     0.547
 8   118.527   -40.729    -7.954
 8     0.635    -0.613     0.470
 8    -0.578     0.025     0.815
 8    -0.512    -0.789    -0.338
 9   124.487   -18.614   -20.588
 9     0.046    -0.880     0.472
 9     0.998     0.064     0.020
 9    -0.049     0.470     0.881
 2    96.960   -20.088    59.097
 2     0.429    -0.904     0.003
 2     0.903     0.428     0.030
 2    -0.028    -0.011     0.999
 3   125.904    -2.340    -1.116
 3     0.675     0.010    -0.738
 3    -0.184     0.970    -0.155
 3     0.714     0.240     0.656
 4   103.296    11.512    -9.589
 4     0.159    -0.635     0.756
 4     0.968     0.251     0.007
 4    -0.195     0.730     0.654
 5   119.507    30.922     1.963
 5     0.815     0.357     0.457
 5     0.572    -0.374    -0.730
 5    -0.090     0.856    -0.508
 6   123.056    13.911   -13.142
 6    -0.223     0.901     0.373
 6    -0.838     0.018    -0.544
 6    -0.497    -0.434     0.751
 7   103.774   -17.682    -6.465
 7     0.323     0.408     0.854
 7    -0.798     0.601     0.015
 7    -0.508    -0.687     0.520
 8   118.338   -40.954    -6.237
 8     0.606    -0.670     0.431
 8    -0.615    -0.052     0.786
 8    -0.504    -0.741    -0.443
 9   122.513   -20.605   -21.746
 9     0.025    -0.785     0.618
 9     0.976     0.152     0.153
 9    -0.215     0.600     0.770
 2    97.010   -20.037    59.046
 2     0.429    -0.904     0.004
 2     0.903     0.428     0.030
 2    -0.028    -0.010     0.999
 3   125.651    -2.450    -1.127
 3     0.684     0.017    -0.730
 3    -0.184     0.971    -0.151
 3     0.705     0.237     0.667
 4   103.237    11.761    -9.240
 4     0.151    -0.635     0.757
 4     0.973     0.231    -0.000
 4    -0.175     0.737     0.653
 5   119.194    31.050     2.864
 5     0.802     0.376     0.464
 5     0.592    -0.400    -0.700
 5    -0.077     0.836    -0.543
 6   123.136    14.816   -12.493
 6    -0.172     0.826     0.537
 6    -0.810     0.192    -0.554
 6    -0.561    -0.529     0.636
 7   103.969   -18.148    -6.216
 7     0.314     0.409     0.857
 7    -0.828     0.559     0.036
 7    -0.464    -0.721     0.514
 8   119.128   -41.050    -3.335
 8     0.619    -0.663     0.422
 8    -0.657    -0.143     0.740
 8    -0.431    -0.735    -0.523
 9   122.613   -23.176   -21.562
 9     0.035    -0.714     0.699
 9     0.913     0.307     0.268
 9    -0.406     0.629     0.663
 2    97.007   -20.038    59.100
 2     0.429    -0.904     0.004
 2     0.903     0.428     0.030
 2    -0.029    -0.010     0.999
 3   125.688    -2.298    -1.102
 3     0.692     0.018    -0.723
 3    -0.174     0.974    -0.143
 3     0.700     0.224     0.676
 4   103.102    12.137    -8.817
 4     0.144    -0.632     0.762
 4     0.977     0.211    -0.009
 4    -0.155     0.745     0.648
 5   119.541    30.852     4.181
 5     0.794     0.397     0.461
 5     0.605    -0.440    -0.664
 5    -0.060     0.806    -0.589
 6   123.165    16.120   -12.634
 6    -0.143     0.760     0.634
 6    -0.743     0.340    -0.575
 6    -0.654    -0.553     0.516
 7   103.851   -18.321    -5.761
 7     0.294     0.413     0.862
 7    -0.855     0.515     0.044
 7    -0.426    -0.751     0.505
 8   120.871   -40.017    -0.335
 8     0.646    -0.687     0.333
 8    -0.661    -0.287     0.693
 8    -0.381    -0.667    -0.640
 9   121.043   -25.474   -22.344
 9    -0.072    -0.612     0.788
 9     0.803     0.433     0.409
 9    -0.591     0.662     0.460
 2    97.010   -20.037    59.046
 2     0.429    -0.904     0.004
 2     0.903     0.428     0.030
 2    -0.028    -0.010     0.999
 3   125.531    -2.117    -1.036
 3     0.698     0.014    -0.715
 3    -0.161     0.977    -0.138
 3     0.697     0.211     0.685
 4   102.937    12.649    -8.096
 4     0.141    -0.620     0.771
 4     0.982     0.185    -0.030
 4    -0.125     0.762     0.635
 5   119.804    30.423     5.568
 5     0.792     0.425     0.439
 5     0.609    -0.496    -0.620
 5    -0.046     0.757    -0.651
 6   122.851    17.536   -12.399
 6    -0.154     0.756     0.636
 6    -0.662     0.399    -0.634
 6    -0.734    -0.518     0.439
 7   103.898   -18.534    -5.580
 7     0.288     0.411     0.865
 7    -0.866     0.497     0.052
 7    -0.409    -0.764     0.499
 8   121.825   -39.445     0.538
 8     0.654    -0.703     0.279
 8    -0.662    -0.354     0.661
 8    -0.366    -0.617    -0.696
 9   120.572   -27.493   -23.827
 9    -0.137    -0.568     0.812
 9     0.695     0.529     0.486
 9    -0.705     0.631     0.323
 2    97.008   -20.038    59.049
 2     0.429    -0.904     0.004
 2     0.903     0.428     0.030
 2    -0.029    -0.010     0.999
 3   125.495    -2.041    -1.075
 3     0.703     0.010    -0.711
 3    -0.156     0.977    -0.141
 3     0.694     0.210     0.688
 4   102.834    12.890    -7.829
 4     0.134    -0.614     0.777
 4     0.984     0.172    -0.034
 4    -0.113     0.770     0.628
 5   119.948    30.410     6.296
 5     0.782     0.466     0.416
 5     0.621    -0.527    -0.579
 5    -0.050     0.710    -0.701
 6   121.941    18.838   -12.619
 6    -0.208     0.727     0.654
 6    -0.601     0.433    -0.671
 6    -0.772    -0.532     0.348
 7   104.068   -18.578    -5.468
 7     0.286     0.403     0.869
 7    -0.869     0.490     0.058
 7    -0.403    -0.772     0.490
 8   122.326   -39.204     0.519
 8     0.645    -0.726     0.237
 8    -0.667    -0.384     0.638
 8    -0.373    -0.570    -0.732
 9   119.670   -29.914   -25.855
 9    -0.175    -0.548     0.818
 9     0.601     0.598     0.529
 9    -0.780     0.584     0.225
 2    97.008   -20.038    59.049
 2     0.429    -0.904     0.004
 2     0.903     0.428     0.030
 2    -0.029    -0.010     0.999
 3   125.329    -1.866    -1.087
 3     0.707     0.002    -0.708
 3    -0.151     0.977    -0.148
 3     0.690     0.212     0.691
 4   102.447    13.159    -7.409
 4     0.115    -0.609     0.784
 4     0.988     0.151    -0.027
 4    -0.102     0.778     0.619
 5   119.327    30.729     6.851
 5     0.760     0.514     0.400
 5     0.648    -0.543    -0.534
 5    -0.057     0.664    -0.745
 6   120.608    20.500   -12.338
 6    -0.239     0.705     0.669
 6    -0.563     0.461    -0.685
 6    -0.791    -0.539     0.288
 7   103.715   -18.414    -5.319
 7     0.263     0.393     0.881
 7    -0.872     0.487     0.042
 7    -0.412    -0.780     0.471
 8   121.828   -39.203     0.608
 8     0.626    -0.745     0.229
 8    -0.684    -0.385     0.619
 8    -0.373    -0.544    -0.751
 9   118.621   -32.975   -26.988
 9    -0.170    -0.585     0.793
 9     0.496     0.644     0.581
 9    -0.851     0.492     0.181
 2    97.008   -20.038    59.049
 2     0.429    -0.904     0.004
 2     0.903     0.428     0.030
 2    -0.029    -0.010     0.999
 3   124.981    -1.631    -1.271
 3     0.709    -0.010    -0.706
 3    -0.139     0.978    -0.154
 3     0.691     0.207     0.692
 4   102.228    13.583    -6.970
 4     0.101    -0.613     0.783
 4     0.991     0.130    -0.026
 4    -0.086     0.779     0.620
 5   118.918    30.762     8.135
 5     0.748     0.542     0.383
 5     0.661    -0.574    -0.482
 5    -0.041     0.614    -0.787
 6   119.421    21.743   -11.231
 6    -0.275     0.707     0.653
 6    -0.518     0.463    -0.718
 6    -0.810    -0.534     0.239
 7   103.503   -18.177    -5.383
 7     0.235     0.413     0.880
 7    -0.891     0.452     0.026
 7    -0.387    -0.791     0.474
 8   121.180   -39.370     1.146
 8     0.613    -0.752     0.243
 8    -0.706    -0.383     0.596
 8    -0.355    -0.537    -0.765
 9   118.407   -36.307   -27.285
 9    -0.138    -0.646     0.750
 9     0.388     0.662     0.641
 9    -0.911     0.379     0.159
 2    97.010   -20.037    59.097
 2     0.429    -0.904     0.004
 2     0.903     0.428     0.030
 2    -0.028    -0.010     0.999
 3   124.845    -1.580    -1.311
 3     0.713    -0.018    -0.701
 3    -0.132     0.978    -0.159
 3     0.688     0.206     0.695
 4   102.031    13.647    -6.699
 4     0.093    -0.618     0.781
 4     0.993     0.115    -0.027
 4    -0.073     0.777     0.624
 5   118.743    30.602     8.777
 5     0.740     0.561     0.371
 5     0.671    -0.588    -0.451
 5    -0.035     0.582    -0.812
 6   118.893    22.348   -10.905
 6    -0.297     0.709     0.640
 6    -0.490     0.462    -0.739
 6    -0.820    -0.532     0.211
 7   103.383   -18.278    -5.298
 7     0.231     0.404     0.885
 7    -0.892     0.450     0.027
 7    -0.388    -0.796     0.464
 8   120.801   -39.597     1.180
 8     0.603    -0.757     0.252
 8    -0.717    -0.377     0.585
 8    -0.348    -0.534    -0.770
 9   118.820   -39.820   -27.679
 9    -0.089    -0.696     0.713
 9     0.259     0.674     0.691
 9    -0.962     0.247     0.120
 2    97.010   -20.087    59.097
 2     0.429    -0.904     0.004
 2     0.903     0.428     0.030
 2    -0.028    -0.010     0.999
 3   124.736    -1.590    -1.373
 3     0.723    -0.019    -0.691
 3    -0.132     0.977    -0.165
 3     0.678     0.210     0.703
 4   101.919    13.707    -6.625
 4     0.088    -0.611     0.787
 4     0.994     0.105    -0.030
 4    -0.065     0.784     0.616
 5   118.763    30.425     8.896
 5     0.741     0.567     0.360
 5     0.670    -0.596    -0.442
 5    -0.036     0.568    -0.821
 6   118.643    22.364   -10.705
 6    -0.318     0.713     0.626
 6    -0.479     0.448    -0.754
 6    -0.818    -0.539     0.200
 7   103.332   -18.355    -5.133
 7     0.230     0.395     0.889
 7    -0.891     0.452     0.029
 7    -0.391    -0.800     0.456
 8   120.660   -39.764     1.404
 8     0.599    -0.760     0.251
 8    -0.726    -0.384     0.570
 8    -0.337    -0.524    -0.782
 9   119.080   -42.430   -27.187
 9    -0.065    -0.736     0.673
 9     0.159     0.658     0.735
 9    -0.985     0.155     0.074
 2    97.010   -20.087    59.046
 2     0.429    -0.903     0.004
 2     0.903     0.428     0.029
 2    -0.028    -0.010     0.999
 3   124.729    -1.693    -1.365
 3     0.725    -0.019    -0.689
 3    -0.131     0.977    -0.165
 3     0.676     0.210     0.706
 4   102.044    13.605    -6.679
 4     0.092    -0.605     0.791
 4     0.993     0.107    -0.033
 4    -0.065     0.789     0.610
 5   118.985    30.197     8.942
 5     0.744     0.569     0.351
 5     0.667    -0.604    -0.437
 5    -0.037     0.558    -0.828
 6   118.821    22.352   -10.688
 6    -0.331     0.725     0.605
 6    -0.470     0.428    -0.771
 6    -0.818    -0.539     0.200
 7   103.305   -18.626    -4.979
 7     0.229     0.391     0.891
 7    -0.895     0.444     0.035
 7    -0.383    -0.806     0.451
 8   120.405   -40.031     1.861
 8     0.592    -0.762     0.265
 8    -0.740    -0.384     0.552
 8    -0.319    -0.522    -0.791
 9   118.694   -45.245   -26.772
 9    -0.046    -0.733     0.678
 9     0.067     0.675     0.734
 9    -0.997     0.079     0.017
 2    97.008   -20.088    59.049
 2     0.429    -0.904     0.004
 2     0.903     0.428     0.030
 2    -0.029    -0.010     0.999
 3   124.731    -1.871    -1.364
 3     0.725    -0.016    -0.689
 3    -0.133     0.978    -0.162
 3     0.676     0.209     0.706
 4   102.064    13.561    -6.625
 4     0.095    -0.605     0.791
 4     0.994     0.103    -0.040
 4    -0.057     0.790     0.610
 5   118.860    30.090     9.276
 5     0.742     0.559     0.371
 5     0.670    -0.605    -0.430
 5    -0.017     0.567    -0.823
 6   119.640    23.434   -10.937
 6    -0.274     0.803     0.529
 6    -0.433     0.388    -0.813
 6    -0.859    -0.451     0.242
 7   103.204   -18.745    -4.821
 7     0.225     0.385     0.895
 7    -0.899     0.435     0.039
 7    -0.375    -0.814     0.444
 8   120.041   -40.329     2.230
 8     0.582    -0.765     0.275
 8    -0.753    -0.381     0.536
 8    -0.305    -0.519    -0.798
 9   122.516   -48.054   -22.708
 9    -0.016    -0.748     0.663
 9    -0.027     0.663     0.747
 9    -1.000    -0.005    -0.032
 2    96.959   -20.088    59.097
 2     0.429    -0.904     0.004
 2     0.903     0.428     0.030
 2    -0.028    -0.010     0.999
 3   124.664    -1.951    -1.370
 3     0.729    -0.018    -0.685
 3    -0.132     0.977    -0.166
 3     0.671     0.210     0.710
 4   101.957    13.546    -6.548
 4     0.087    -0.607     0.790
 4     0.995     0.091    -0.040
 4    -0.048     0.790     0.611
 5   118.534    30.103     9.476
 5     0.736     0.559     0.383
 5     0.677    -0.602    -0.424
 5    -0.006     0.571    -0.821
 6   119.699    23.604   -10.861
 6    -0.255     0.805     0.536
 6    -0.428     0.402    -0.808
 6    -0.867    -0.436     0.243
 7   103.265   -18.815    -4.882
 7     0.229     0.374     0.898
 7    -0.899     0.434     0.049
 7    -0.372    -0.819     0.436
 8   119.956   -40.426     2.387
 8     0.580    -0.765     0.281
 8    -0.758    -0.381     0.529
 8    -0.298    -0.520    -0.800
 9   122.471   -48.991   -22.797
 9    -0.001    -0.748     0.664
 9    -0.063     0.662     0.746
 9    -0.998    -0.040    -0.049
 2    97.010   -20.037    59.097
 2     0.429    -0.903     0.004
 2     0.903     0.428     0.030
 2    -0.028    -0.010     0.999
 3   124.618    -1.948    -1.355
 3     0.728    -0.025    -0.686
 3    -0.130     0.976    -0.173
 3     0.673     0.214     0.707
 4   101.949    13.493    -6.642
 4     0.085    -0.607     0.790
 4     0.995     0.092    -0.037
 4    -0.051     0.789     0.611
 5   118.525    30.150     9.412
 5     0.734     0.561     0.384
 5     0.678    -0.598    -0.427
 5    -0.010     0.573    -0.819
 6   119.701    23.559   -11.109
 6    -0.253     0.803     0.540
 6    -0.433     0.404    -0.805
 6    -0.865    -0.437     0.247
 7   103.392   -18.810    -4.892
 7     0.236     0.373     0.897
 7    -0.899     0.435     0.056
 7    -0.370    -0.820     0.437
 8   119.949   -40.421     2.661
 8     0.580    -0.761     0.292
 8    -0.762    -0.381     0.524
 8    -0.288    -0.526    -0.800
 9   122.564   -49.242   -22.690
 9     0.007    -0.747     0.665
 9    -0.071     0.662     0.745
 9    -0.997    -0.052    -0.050
 2    97.010   -20.037    59.097
 2     0.429    -0.904     0.004
 2     0.903     0.428     0.030
 2    -0.028    -0.010     0.999
 3   124.620    -1.947    -1.361
 3     0.727    -0.028    -0.686
 3    -0.128     0.976    -0.176
 3     0.674     0.215     0.706
 4   101.847    13.441    -6.639
 4     0.085    -0.607     0.790
 4     0.995     0.093    -0.036
 4    -0.052     0.789     0.612
 5   118.570    30.224     9.316
 5     0.734     0.562     0.384
 5     0.679    -0.595    -0.429
 5    -0.012     0.574    -0.818
 6   119.663    23.491   -11.256
 6    -0.254     0.799     0.545
 6    -0.439     0.406    -0.801
 6    -0.862    -0.442     0.248
 7   103.317   -18.860    -4.892
 7     0.237     0.372     0.897
 7    -0.898     0.435     0.057
 7    -0.370    -0.820     0.437
 8   119.899   -40.447     2.661
 8     0.580    -0.761     0.292
 8    -0.762    -0.381     0.524
 8    -0.288    -0.526    -0.800
 9   122.448   -49.177   -22.644
 9     0.006    -0.746     0.666
 9    -0.065     0.664     0.744
 9    -0.998    -0.047    -0.046
 2    97.007   -20.038    59.100
 2     0.429    -0.904     0.004
 2     0.903     0.428     0.030
 2    -0.029    -0.010     0.999
 3   124.570    -1.997    -1.310
 3     0.727    -0.028    -0.686
 3    -0.128     0.976    -0.176
 3     0.674     0.216     0.706
 4   101.886    13.435    -6.646
 4     0.089    -0.608     0.789
 4     0.994     0.100    -0.035
 4    -0.058     0.787     0.613
 5   118.905    30.247     8.617
 5     0.751     0.538     0.384
 5     0.660    -0.589    -0.466
 5    -0.025     0.602    -0.797
 6   120.965    22.061   -11.799
 6    -0.216     0.811     0.544
 6    -0.481     0.397    -0.781
 6    -0.850    -0.429     0.305
 7   103.393   -18.911    -4.959
 7     0.237     0.385     0.892
 7    -0.900     0.433     0.052
 7    -0.366    -0.815     0.449
 8   119.973   -40.556     2.782
 8     0.610    -0.729     0.309
 8    -0.736    -0.379     0.560
 8    -0.292    -0.569    -0.768
 9   123.931   -43.565   -24.299
 9     0.119    -0.755     0.645
 9     0.153     0.655     0.739
 9    -0.981     0.011     0.193
 2    97.010   -20.037    59.046
 2     0.429    -0.903     0.004
 2     0.903     0.428     0.030
 2    -0.028    -0.010     0.999
 3   124.777    -2.087    -1.065
 3     0.720    -0.030    -0.694
 3    -0.122     0.978    -0.168
 3     0.683     0.206     0.700
 4   102.428    13.153    -7.117
 4     0.122    -0.608     0.785
 4     0.989     0.137    -0.048
 4    -0.079     0.782     0.618
 5   119.724    30.051     7.755
 5     0.793     0.431     0.431
 5     0.609    -0.564    -0.558
 5     0.002     0.704    -0.709
 6   125.095    19.085   -11.518
 6    -0.065     0.860     0.505
 6    -0.594     0.373    -0.712
 6    -0.802    -0.347     0.487
 7   104.157   -19.134    -5.236
 7     0.270     0.411     0.871
 7    -0.890     0.452     0.062
 7    -0.368    -0.792     0.487
 8   120.615   -40.791     2.334
 8     0.670    -0.625     0.402
 8    -0.695    -0.338     0.634
 8    -0.260    -0.704    -0.660
 9   130.042   -34.339   -21.548
 9     0.306    -0.740     0.600
 9     0.510     0.658     0.553
 9    -0.804     0.137     0.577
 2    97.007   -20.038    59.100
 2     0.429    -0.904     0.004
 2     0.903     0.428     0.030
 2    -0.029    -0.010     0.999
 3   125.391    -2.100    -0.844
 3     0.711    -0.020    -0.703
 3    -0.119     0.982    -0.147
 3     0.693     0.188     0.695
 4   103.859    13.361    -7.844
 4     0.182    -0.626     0.759
 4     0.982     0.159    -0.103
 4    -0.057     0.763     0.643
 5   121.059    29.341     8.237
 5     0.838     0.256     0.482
 5     0.535    -0.558    -0.635
 5     0.106     0.789    -0.604
 6   130.706    16.311    -8.591
 6     0.090     0.973     0.211
 6    -0.673     0.215    -0.707
 6    -0.734    -0.078     0.675
 7   105.108   -19.296    -5.610
 7     0.296     0.464     0.835
 7    -0.890     0.452     0.063
 7    -0.348    -0.762     0.546
 8   121.395   -40.595     3.132
 8     0.731    -0.479     0.487
 8    -0.661    -0.321     0.678
 8    -0.169    -0.817    -0.550
 9   133.554   -28.057   -14.762
 9     0.361    -0.733     0.579
 9     0.729     0.607     0.316
 9    -0.582     0.307     0.751
 2    97.008   -20.038    59.049
 2     0.429    -0.904     0.004
 2     0.903     0.428     0.030
 2    -0.029    -0.010     0.999
 3   126.225    -2.327    -0.530
 3     0.701     0.012    -0.713
 3    -0.132     0.985    -0.114
 3     0.700     0.173     0.692
 4   105.846    13.761    -8.071
 4     0.235    -0.666     0.709
 4     0.972     0.154    -0.177
 4     0.009     0.730     0.683
 5   122.188    28.141    10.517
 5     0.854     0.098     0.511
 5     0.463    -0.590    -0.661
 5     0.236     0.801    -0.549
 6   133.944    14.052    -3.978
 6     0.186     0.980     0.066
 6    -0.691     0.179    -0.700
 6    -0.699     0.084     0.710
 7   106.469   -20.024    -5.912
 7     0.318     0.534     0.783
 7    -0.907     0.412     0.086
 7    -0.277    -0.738     0.615
 8   122.585   -40.319     5.953
 8     0.784    -0.333     0.524
 8    -0.620    -0.370     0.692
 8    -0.036    -0.867    -0.496
 9   135.391   -24.534    -7.418
 9     0.347    -0.800     0.491
 9     0.830     0.505     0.238
 9    -0.437     0.325     0.838
 2    97.007   -20.037    59.049
 2     0.428    -0.904     0.004
 2     0.903     0.427     0.030
 2    -0.029    -0.010     0.999
 3   126.896    -2.635    -0.215
 3     0.684     0.026    -0.729
 3    -0.125     0.989    -0.083
 3     0.718     0.147     0.679
 4   107.015    13.854    -8.241
 4     0.248    -0.710     0.660
 4     0.967     0.137    -0.215
 4     0.062     0.691     0.720
 5   121.602    27.377    12.819
 5     0.826    -0.076     0.559
 5     0.409    -0.600    -0.686
 5     0.387     0.796    -0.465
 6   135.095    12.016     0.919
 6     0.258     0.966    -0.001
 6    -0.720     0.192    -0.666
 6    -0.644     0.172     0.746
 7   107.481   -20.489    -6.017
 7     0.349     0.566     0.748
 7    -0.907     0.403     0.117
 7    -0.235    -0.719     0.653
 8   123.087   -40.633     6.369
 8     0.800    -0.205     0.563
 8    -0.597    -0.344     0.724
 8     0.046    -0.916    -0.398
 9   136.837   -22.566    -2.169
 9     0.360    -0.833     0.423
 9     0.893     0.437     0.103
 9    -0.269     0.340     0.900
 2    97.008   -20.038    59.049
 2     0.429    -0.904     0.004
 2     0.903     0.428     0.030
 2    -0.029    -0.010     0.999
 3   127.223    -2.695    -0.043
 3     0.670     0.030    -0.741
 3    -0.121     0.990    -0.069
 3     0.732     0.135     0.667
 4   107.583    14.065    -8.151
 4     0.240    -0.738     0.631
 4     0.966     0.114    -0.233
 4     0.099     0.665     0.740
 5   120.628    27.049    14.116
 5     0.792    -0.172     0.586
 5     0.382    -0.608    -0.695
 5     0.475     0.775    -0.417
 6   134.474    11.402     3.750
 6     0.273     0.961    -0.048
 6    -0.731     0.176    -0.659
 6    -0.625     0.215     0.751
 7   107.984   -20.503    -6.183
 7     0.367     0.576     0.730
 7    -0.902     0.411     0.128
 7    -0.227    -0.706     0.670
 8   123.240   -40.852     6.093
 8     0.804    -0.127     0.581
 8    -0.589    -0.304     0.749
 8     0.082    -0.944    -0.319
 9   136.943   -21.581     0.282
 9     0.332    -0.861     0.386
 9     0.927     0.372     0.033
 9    -0.172     0.347     0.922
 2    96.959   -20.088    59.097
 2     0.429    -0.903     0.004
 2     0.903     0.428     0.030
 2    -0.028    -0.010     0.999
 3   127.325    -2.558     0.047
 3     0.661     0.025    -0.750
 3    -0.118     0.990    -0.071
 3     0.740     0.135     0.658
 4   107.584    14.119    -8.151
 4     0.228    -0.744     0.628
 4     0.968     0.106    -0.225
 4     0.100     0.659     0.745
 5   120.282    27.365    14.018
 5     0.782    -0.186     0.596
 5     0.392    -0.598    -0.699
 5     0.485     0.780    -0.395
 6   134.380    11.553     3.863
 6     0.277     0.960    -0.044
 6    -0.746     0.186    -0.639
 6    -0.605     0.209     0.768
 7   108.438   -20.502    -6.302
 7     0.382     0.574     0.725
 7    -0.894     0.426     0.133
 7    -0.233    -0.699     0.676
 8   123.722   -40.993     5.329
 8     0.806    -0.111     0.581
 8    -0.587    -0.270     0.763
 8     0.072    -0.957    -0.282
 9   137.311   -21.125     0.236
 9     0.316    -0.864     0.394
 9     0.941     0.338    -0.011
 9    -0.123     0.373     0.919
 2    97.008   -20.088    59.049
 2     0.429    -0.903     0.004
 2     0.903     0.429     0.030
 2    -0.029    -0.010     0.999
 3   127.544    -2.449     0.018
 3     0.655     0.017    -0.755
 3    -0.116     0.990    -0.078
 3     0.746     0.138     0.651
 4   107.651    14.058    -8.347
 4     0.228    -0.738     0.636
 4     0.970     0.113    -0.215
 4     0.087     0.665     0.741
 5   120.592    28.198    13.065
 5     0.789    -0.165     0.593
 5     0.415    -0.568    -0.710
 5     0.453     0.806    -0.380
 6   134.392    11.676     3.070
 6     0.259     0.965    -0.029
 6    -0.772     0.189    -0.607
 6    -0.580     0.179     0.794
 7   108.621   -20.435    -6.587
 7     0.393     0.566     0.725
 7    -0.885     0.446     0.130
 7    -0.250    -0.693     0.676
 8   123.964   -41.303     3.976
 8     0.805    -0.120     0.580
 8    -0.592    -0.228     0.773
 8     0.039    -0.966    -0.255
 9   137.464   -21.010    -0.418
 9     0.311    -0.863     0.400
 9     0.947     0.317    -0.050
 9    -0.083     0.394     0.915
 2    97.010   -20.087    59.046
 2     0.429    -0.903     0.004
 2     0.903     0.429     0.030
 2    -0.028    -0.010     0.999
 3   127.554    -2.371    -0.005
 3     0.650     0.012    -0.760
 3    -0.120     0.989    -0.087
 3     0.750     0.148     0.644
 4   107.537    14.055    -8.335
 4     0.225    -0.735     0.640
 4     0.971     0.113    -0.210
 4     0.082     0.668     0.739
 5   120.552    28.371    12.981
 5     0.789    -0.161     0.594
 5     0.420    -0.563    -0.710
 5     0.448     0.810    -0.377
 6   134.404    11.856     2.990
 6     0.256     0.966    -0.022
 6    -0.776     0.192    -0.601
 6    -0.577     0.171     0.799
 7   108.704   -20.221    -6.739
 7     0.397     0.561     0.727
 7    -0.878     0.462     0.122
 7    -0.268    -0.687     0.675
 8   123.852   -41.405     2.987
 8     0.799    -0.131     0.586
 8    -0.600    -0.196     0.775
 8     0.013    -0.972    -0.236
 9   137.385   -21.163    -1.214
 9     0.307    -0.857     0.415
 9     0.950     0.301    -0.079
 9    -0.057     0.418     0.906
 2    97.008   -20.088    59.049
 2     0.429    -0.903     0.004
 2     0.903     0.429     0.030
 2    -0.029    -0.010     0.999
 3   127.404    -2.270     0.038
 3     0.648     0.007    -0.762
 3    -0.123     0.988    -0.096
 3     0.751     0.156     0.641
 4   107.267    14.153    -8.221
 4     0.216    -0.732     0.647
 4     0.973     0.109    -0.201
 4     0.076     0.673     0.735
 5   120.403    28.715    12.722
 5     0.791    -0.139     0.597
 5     0.433    -0.561    -0.705
 5     0.432     0.816    -0.384
 6   134.132    12.130     2.479
 6     0.249     0.968    -0.004
 6    -0.776     0.197    -0.599
 6    -0.580     0.152     0.800
 7   108.653   -20.108    -7.009
 7     0.408     0.548     0.731
 7    -0.866     0.485     0.118
 7    -0.290    -0.681     0.672
 8   123.946   -41.537     1.714
 8     0.798    -0.147     0.585
 8    -0.603    -0.160     0.782
 8    -0.021    -0.976    -0.216
 9   137.383   -20.958    -1.936
 9     0.298    -0.853     0.429
 9     0.954     0.280    -0.105
 9    -0.030     0.440     0.897
 2    97.010   -20.037    59.097
 2     0.429    -0.903     0.004
 2     0.903     0.428     0.030
 2    -0.028    -0.010     0.999
 3   127.352    -2.195     0.087
 3     0.648     0.002    -0.762
 3    -0.124     0.987    -0.103
 3     0.751     0.161     0.639
 4   107.106    14.099    -8.212
 4     0.214    -0.729     0.651
 4     0.974     0.109    -0.197
 4     0.072     0.676     0.733
 5   120.330    28.835    12.619
 5     0.792    -0.131     0.597
 5     0.439    -0.557    -0.704
 5     0.424     0.820    -0.384
 6   134.072    12.311     2.248
 6     0.245     0.969     0.006
 6    -0.779     0.201    -0.593
 6    -0.577     0.140     0.805
 7   108.717   -20.059    -7.024
 7     0.411     0.547     0.730
 7    -0.863     0.490     0.118
 7    -0.294    -0.679     0.672
 8   124.052   -41.542     1.377
 8     0.798    -0.148     0.583
 8    -0.601    -0.151     0.784
 8    -0.028    -0.977    -0.210
 9   137.404   -20.845    -2.071
 9     0.293    -0.854     0.431
 9     0.956     0.270    -0.113
 9    -0.019     0.445     0.895
 2    97.008   -20.088    59.049
 2     0.429    -0.903     0.004
 2     0.903     0.429     0.030
 2    -0.029    -0.010     0.999
 3   127.330    -2.194     0.082
 3     0.647     0.000    -0.762
 3    -0.124     0.987    -0.105
 3     0.752     0.162     0.638
 4   107.089    14.043    -8.346
 4     0.213    -0.726     0.654
 4     0.975     0.112    -0.191
 4     0.065     0.678     0.732
 5   120.348    29.104    12.154
 5     0.792    -0.125     0.599
 5     0.451    -0.542    -0.708
 5     0.412     0.831    -0.374
 6   134.350    12.246     1.970
 6     0.252     0.967     0.010
 6    -0.798     0.214    -0.563
 6    -0.547     0.134     0.826
 7   108.955   -19.889    -7.688
 7     0.421     0.549     0.722
 7    -0.854     0.507     0.111
 7    -0.305    -0.664     0.682
 8   124.080   -41.427     0.584
 8     0.794    -0.144     0.591
 8    -0.607    -0.131     0.783
 8    -0.035    -0.981    -0.191
 9   137.315   -20.975    -2.724
 9     0.288    -0.830     0.479
 9     0.957     0.232    -0.171
 9     0.031     0.507     0.861
 2    97.010   -20.087    59.046
 2     0.429    -0.903     0.004
 2     0.903     0.429     0.030
 2    -0.028    -0.010     0.999
 3   127.528    -2.344    -0.294
 3     0.625    -0.013    -0.781
 3    -0.113     0.988    -0.107
 3     0.772     0.155     0.615
 4   107.142    12.491   -10.257
 4     0.193    -0.732     0.653
 4     0.980     0.166    -0.104
 4    -0.032     0.660     0.750
 5   118.933    31.409     6.889
 5     0.749    -0.123     0.652
 5     0.570    -0.382    -0.727
 5     0.337     0.916    -0.217
 6   133.281    12.920    -1.031
 6     0.276     0.957     0.092
 6    -0.885     0.290    -0.364
 6    -0.375     0.018     0.927
 7   108.912   -18.986    -9.170
 7     0.411     0.566     0.715
 7    -0.825     0.564     0.026
 7    -0.389    -0.601     0.698
 8   122.245   -42.264    -4.762
 8     0.741    -0.170     0.650
 8    -0.656     0.020     0.754
 8    -0.141    -0.985    -0.096
 9   135.721   -21.594    -7.075
 9     0.271    -0.822     0.501
 9     0.949     0.143    -0.278
 9     0.157     0.551     0.819
 2    96.959   -20.088    59.097
 2     0.429    -0.903     0.004
 2     0.903     0.429     0.030
 2    -0.028    -0.010     0.999
 3   127.629    -2.507    -0.543
 3     0.607    -0.019    -0.795
 3    -0.115     0.987    -0.112
 3     0.786     0.159     0.596
 4   106.983    11.918   -10.841
 4     0.187    -0.727     0.661
 4     0.979     0.191    -0.066
 4    -0.079     0.659     0.747
 5   118.657    31.942     4.735
 5     0.745    -0.090     0.661
 5     0.606    -0.324    -0.726
 5     0.278     0.942    -0.187
 6   132.590    12.767    -2.751
 6     0.247     0.959     0.136
 6    -0.907     0.278    -0.316
 6    -0.341    -0.045     0.939
 7   108.516   -18.704    -9.431
 7     0.403     0.562     0.723
 7    -0.818     0.574     0.009
 7    -0.410    -0.595     0.691
 8   121.839   -42.069    -5.859
 8     0.732    -0.201     0.650
 8    -0.656     0.045     0.753
 8    -0.181    -0.979    -0.098
 9   135.276   -21.359    -8.026
 9     0.265    -0.843     0.469
 9     0.950     0.145    -0.277
 9     0.166     0.518     0.838
 2    96.959   -20.088    59.097
 2     0.429    -0.904     0.004
 2     0.903     0.428     0.030
 2    -0.028    -0.010     0.999
 3   127.627    -2.561    -0.562
 3     0.608    -0.013    -0.794
 3    -0.119     0.987    -0.107
 3     0.785     0.159     0.598
 4   107.082    11.915   -10.892
 4     0.198    -0.719     0.666
 4     0.977     0.199    -0.074
 4    -0.080     0.665     0.742
 5   119.067    31.834     4.673
 5     0.751    -0.081     0.656
 5     0.601    -0.326    -0.729
 5     0.272     0.942    -0.197
 6   133.004    12.594    -2.862
 6     0.246     0.959     0.142
 6    -0.909     0.279    -0.310
 6    -0.337    -0.053     0.940
 7   108.514   -18.655    -9.503
 7     0.402     0.563     0.723
 7    -0.819     0.574     0.008
 7    -0.411    -0.595     0.690
 8   121.787   -42.070    -5.856
 8     0.732    -0.202     0.651
 8    -0.657     0.047     0.752
 8    -0.182    -0.978    -0.097
 9   135.318   -21.440    -8.058
 9     0.268    -0.846     0.461
 9     0.950     0.152    -0.273
 9     0.161     0.511     0.844
 2    96.959   -20.088    59.097
 2     0.429    -0.903     0.004
 2     0.903     0.428     0.029
 2    -0.028    -0.010     0.999
 3   127.620    -2.589    -0.602
 3     0.610    -0.011    -0.792
 3    -0.120     0.987    -0.105
 3     0.783     0.159     0.601
 4   107.031    11.864   -10.842
 4     0.196    -0.719     0.667
 4     0.977     0.198    -0.073
 4    -0.080     0.666     0.741
 5   119.049    31.780     4.710
 5     0.751    -0.070     0.657
 5     0.604    -0.329    -0.725
 5     0.266     0.941    -0.206
 6   133.105    12.522    -2.965
 6     0.252     0.956     0.150
 6    -0.907     0.287    -0.307
 6    -0.337    -0.058     0.940
 7   108.566   -18.654    -9.507
 7     0.402     0.563     0.723
 7    -0.819     0.573     0.008
 7    -0.410    -0.595     0.691
 8   121.786   -42.072    -5.801
 8     0.730    -0.204     0.653
 8    -0.659     0.047     0.751
 8    -0.183    -0.978    -0.099
 9   135.362   -21.546    -8.050
 9     0.273    -0.844     0.463
 9     0.949     0.156    -0.273
 9     0.158     0.513     0.843
 2    97.010   -20.087    59.046
 2     0.429    -0.903     0.004
 2     0.903     0.429     0.030
 2    -0.028    -0.010     0.999
 3   127.620    -2.589    -0.602
 3     0.610    -0.010    -0.792
 3    -0.120     0.987    -0.105
 3     0.783     0.159     0.601
 4   106.928    11.839   -10.840
 4     0.194    -0.719     0.667
 4     0.978     0.197    -0.071
 4    -0.081     0.666     0.741
 5   119.003    31.783     4.856
 5     0.748    -0.070     0.660
 5     0.606    -0.332    -0.722
 5     0.268     0.941    -0.207
 6   133.237    12.583    -2.705
 6     0.266     0.952     0.153
 6    -0.905     0.301    -0.302
 6    -0.333    -0.058     0.941
 7   108.399   -18.653    -9.464
 7     0.399     0.567     0.721
 7    -0.822     0.569     0.007
 7    -0.407    -0.596     0.692
 8   121.459   -42.297    -5.543
 8     0.722    -0.198     0.663
 8    -0.669     0.042     0.742
 8    -0.174    -0.979    -0.102
 9   135.383   -21.962    -7.673
 9     0.292    -0.843     0.453
 9     0.944     0.178    -0.276
 9     0.152     0.508     0.847
];