% Calibrated with leiden_pols
% Positions are in centimeters
Data =[
 2    96.244   -22.657    59.954
 2     0.185    -0.980     0.069
 2     0.964     0.194     0.182
 2    -0.192     0.033     0.981
 3   134.104    -2.497     6.839
 3     0.292     0.176    -0.940
 3     0.192     0.952     0.238
 3     0.937    -0.250     0.244
 4   117.858    13.421    -6.820
 4     0.521    -0.853     0.037
 4     0.823     0.490    -0.287
 4     0.227     0.180     0.957
 5   113.578    20.749    19.853
 5     0.185    -0.246     0.951
 5     0.181    -0.943    -0.279
 5     0.966     0.224    -0.130
 6   125.720    26.136    46.016
 6     0.356    -0.891    -0.282
 6    -0.066     0.277    -0.959
 6     0.932     0.359     0.040
 7   122.594   -26.182    -4.202
 7     0.661     0.747    -0.066
 7    -0.653     0.616     0.441
 7     0.370    -0.249     0.895
 8   116.088   -29.817    21.403
 8     0.189     0.569     0.800
 8    -0.081    -0.803     0.590
 8     0.978    -0.177    -0.106
 9   127.740   -32.334    47.790
 9     0.328     0.902    -0.279
 9     0.105     0.259     0.960
 9     0.938    -0.345    -0.010
 2    96.194   -22.657    59.954
 2     0.185    -0.980     0.069
 2     0.964     0.194     0.182
 2    -0.192     0.033     0.981
 3   134.112    -2.495     6.932
 3     0.289     0.177    -0.941
 3     0.191     0.952     0.238
 3     0.938    -0.249     0.241
 4   117.812    13.374    -6.725
 4     0.517    -0.855     0.039
 4     0.825     0.485    -0.290
 4     0.229     0.181     0.956
 5   113.627    20.750    19.903
 5     0.185    -0.246     0.951
 5     0.181    -0.943    -0.279
 5     0.966     0.223    -0.130
 6   125.720    26.137    46.016
 6     0.356    -0.891    -0.282
 6    -0.065     0.277    -0.958
 6     0.932     0.360     0.041
 7   122.683   -26.354    -4.146
 7     0.658     0.749    -0.071
 7    -0.651     0.615     0.444
 7     0.376    -0.247     0.893
 8   115.950   -29.864    21.386
 8     0.185     0.566     0.803
 8    -0.079    -0.806     0.587
 8     0.979    -0.173    -0.104
 9   127.597   -32.382    47.882
 9     0.326     0.903    -0.279
 9     0.106     0.258     0.960
 9     0.939    -0.343    -0.012
 2    96.244   -22.657    59.954
 2     0.185    -0.980     0.069
 2     0.964     0.194     0.182
 2    -0.192     0.033     0.981
 3   134.118    -2.544     6.821
 3     0.286     0.176    -0.942
 3     0.189     0.953     0.235
 3     0.939    -0.245     0.239
 4   117.732    13.325    -6.779
 4     0.512    -0.858     0.045
 4     0.828     0.478    -0.293
 4     0.229     0.188     0.955
 5   113.443    20.716    19.750
 5     0.172    -0.236     0.956
 5     0.171    -0.949    -0.265
 5     0.970     0.209    -0.123
 6   125.901    26.185    46.136
 6     0.344    -0.867    -0.360
 6    -0.067     0.359    -0.931
 6     0.937     0.344     0.065
 7   122.786   -26.352    -4.103
 7     0.658     0.748    -0.076
 7    -0.650     0.617     0.443
 7     0.378    -0.243     0.893
 8   115.998   -29.822    21.262
 8     0.184     0.566     0.803
 8    -0.083    -0.806     0.586
 8     0.979    -0.175    -0.101
 9   127.615   -32.376    47.689
 9     0.315     0.898    -0.307
 9     0.105     0.288     0.951
 9     0.943    -0.332    -0.004
 2    96.244   -22.657    59.954
 2     0.185    -0.980     0.069
 2     0.964     0.194     0.182
 2    -0.192     0.033     0.981
 3   134.136    -2.414     6.765
 3     0.282     0.170    -0.944
 3     0.183     0.956     0.227
 3     0.942    -0.237     0.239
 4   117.580    13.556    -6.738
 4     0.505    -0.861     0.055
 4     0.831     0.469    -0.298
 4     0.231     0.196     0.953
 5   113.441    20.768    19.855
 5     0.170    -0.232     0.958
 5     0.172    -0.950    -0.260
 5     0.970     0.209    -0.121
 6   126.086    26.180    46.182
 6     0.334    -0.851    -0.406
 6    -0.071     0.407    -0.911
 6     0.940     0.333     0.076
 7   122.895   -26.179    -4.267
 7     0.661     0.746    -0.078
 7    -0.651     0.622     0.435
 7     0.373    -0.237     0.897
 8   115.991   -29.843    20.965
 8     0.180     0.565     0.805
 8    -0.093    -0.805     0.586
 8     0.979    -0.180    -0.093
 9   127.716   -32.478    47.232
 9     0.310     0.887    -0.340
 9     0.102     0.325     0.940
 9     0.945    -0.327     0.010
 2    96.194   -22.657    59.954
 2     0.185    -0.980     0.069
 2     0.964     0.194     0.182
 2    -0.192     0.033     0.981
 3   134.217    -2.287     6.652
 3     0.280     0.168    -0.945
 3     0.178     0.958     0.224
 3     0.943    -0.231     0.238
 4   117.581    13.684    -6.666
 4     0.504    -0.862     0.057
 4     0.831     0.466    -0.301
 4     0.232     0.199     0.952
 5   113.489    20.896    19.851
 5     0.169    -0.227     0.959
 5     0.171    -0.951    -0.255
 5     0.970     0.207    -0.122
 6   126.467    25.999    45.905
 6     0.328    -0.831    -0.450
 6    -0.072     0.453    -0.889
 6     0.942     0.323     0.089
 7   123.008   -26.005    -4.535
 7     0.662     0.745    -0.080
 7    -0.653     0.625     0.428
 7     0.369    -0.232     0.900
 8   116.049   -29.774    20.723
 8     0.174     0.564     0.807
 8    -0.095    -0.806     0.584
 8     0.980    -0.179    -0.087
 9   127.851   -32.298    46.907
 9     0.299     0.870    -0.391
 9     0.098     0.379     0.920
 9     0.949    -0.314     0.027
 2    96.195   -22.657    59.955
 2     0.185    -0.980     0.069
 2     0.964     0.194     0.182
 2    -0.192     0.032     0.981
 3   134.331    -2.183     6.582
 3     0.277     0.168    -0.946
 3     0.174     0.959     0.222
 3     0.945    -0.226     0.236
 4   117.581    13.787    -6.620
 4     0.504    -0.861     0.061
 4     0.831     0.465    -0.304
 4     0.233     0.204     0.951
 5   113.722    21.082    19.904
 5     0.161    -0.227     0.960
 5     0.174    -0.951    -0.254
 5     0.971     0.208    -0.114
 6   126.840    26.008    45.907
 6     0.294    -0.772    -0.563
 6    -0.066     0.571    -0.818
 6     0.953     0.277     0.117
 7   123.053   -25.931    -4.610
 7     0.661     0.746    -0.083
 7    -0.654     0.626     0.424
 7     0.368    -0.226     0.902
 8   116.119   -29.781    20.515
 8     0.164     0.565     0.808
 8    -0.096    -0.806     0.583
 8     0.982    -0.173    -0.078
 9   127.950   -32.374    46.728
 9     0.288     0.841    -0.458
 9     0.092     0.451     0.887
 9     0.953    -0.298     0.053
 2    96.244   -22.657    59.954
 2     0.185    -0.980     0.069
 2     0.964     0.194     0.182
 2    -0.192     0.033     0.981
 3   134.331    -2.235     6.581
 3     0.277     0.170    -0.946
 3     0.172     0.959     0.223
 3     0.945    -0.224     0.236
 4   117.559    13.856    -6.550
 4     0.506    -0.859     0.073
 4     0.832     0.464    -0.302
 4     0.225     0.214     0.950
 5   114.326    21.353    19.664
 5     0.165    -0.238     0.957
 5     0.182    -0.946    -0.266
 5     0.969     0.219    -0.113
 6   128.369    26.071    45.232
 6     0.265    -0.643    -0.719
 6    -0.053     0.735    -0.676
 6     0.963     0.217     0.161
 7   123.014   -25.979    -4.668
 7     0.660     0.747    -0.078
 7    -0.654     0.621     0.432
 7     0.371    -0.234     0.898
 8   116.711   -30.335    20.569
 8     0.171     0.594     0.786
 8    -0.106    -0.782     0.614
 8     0.979    -0.188    -0.072
 9   128.912   -32.663    46.637
 9     0.282     0.771    -0.571
 9     0.083     0.573     0.815
 9     0.955    -0.278     0.097
 2    96.192   -22.658    59.958
 2     0.185    -0.980     0.069
 2     0.964     0.194     0.182
 2    -0.193     0.032     0.981
 3   134.174    -2.441     6.470
 3     0.305     0.172    -0.937
 3     0.169     0.958     0.231
 3     0.937    -0.229     0.263
 4   117.226    13.637    -6.565
 4     0.519    -0.850     0.090
 4     0.828     0.474    -0.298
 4     0.211     0.229     0.950
 5   115.509    21.915    19.785
 5     0.200    -0.278     0.939
 5     0.201    -0.927    -0.317
 5     0.959     0.252    -0.129
 6   130.383    25.376    45.071
 6     0.257    -0.461    -0.849
 6    -0.049     0.871    -0.488
 6     0.965     0.167     0.201
 7   122.635   -26.061    -4.515
 7     0.673     0.737    -0.056
 7    -0.648     0.625     0.436
 7     0.356    -0.257     0.898
 8   117.600   -31.159    20.824
 8     0.210     0.612     0.762
 8    -0.122    -0.758     0.641
 8     0.970    -0.228    -0.084
 9   131.044   -33.187    45.934
 9     0.318     0.703    -0.636
 9     0.070     0.651     0.755
 9     0.945    -0.285     0.158
 2    96.244   -22.657    59.954
 2     0.185    -0.980     0.069
 2     0.964     0.194     0.182
 2    -0.192     0.033     0.981
 3   133.949    -2.504     6.377
 3     0.317     0.179    -0.931
 3     0.168     0.956     0.240
 3     0.933    -0.233     0.273
 4   117.105    13.633    -6.522
 4     0.536    -0.839     0.097
 4     0.817     0.486    -0.310
 4     0.212     0.246     0.946
 5   116.417    22.150    20.110
 5     0.238    -0.295     0.925
 5     0.210    -0.915    -0.345
 5     0.948     0.276    -0.156
 6   132.497    25.055    44.622
 6     0.285    -0.368    -0.885
 6    -0.046     0.917    -0.396
 6     0.957     0.154     0.245
 7   122.295   -26.072    -4.687
 7     0.685     0.727    -0.040
 7    -0.645     0.631     0.431
 7     0.338    -0.270     0.901
 8   118.483   -31.556    21.013
 8     0.263     0.613     0.745
 8    -0.140    -0.740     0.658
 8     0.954    -0.278    -0.109
 9   132.963   -33.761    45.372
 9     0.360     0.683    -0.636
 9     0.056     0.664     0.745
 9     0.931    -0.304     0.201
 2    96.242   -22.658    59.958
 2     0.185    -0.980     0.069
 2     0.964     0.194     0.182
 2    -0.193     0.032     0.981
 3   133.805    -2.508     6.378
 3     0.319     0.194    -0.927
 3     0.163     0.953     0.255
 3     0.933    -0.233     0.272
 4   117.066    13.807    -6.353
 4     0.552    -0.828     0.096
 4     0.805     0.500    -0.318
 4     0.215     0.253     0.943
 5   117.477    22.286    20.427
 5     0.278    -0.301     0.912
 5     0.213    -0.907    -0.364
 5     0.936     0.295    -0.188
 6   133.831    25.535    44.703
 6     0.306    -0.343    -0.888
 6    -0.036     0.928    -0.371
 6     0.951     0.145     0.271
 7   122.132   -25.895    -4.720
 7     0.693     0.720    -0.034
 7    -0.640     0.636     0.431
 7     0.332    -0.277     0.902
 8   119.285   -31.623    21.243
 8     0.316     0.594     0.739
 8    -0.157    -0.736     0.658
 8     0.936    -0.324    -0.140
 9   134.656   -34.258    44.712
 9     0.400     0.663    -0.633
 9     0.041     0.677     0.735
 9     0.915    -0.320     0.243
 2    96.195   -22.657    59.955
 2     0.185    -0.980     0.069
 2     0.964     0.194     0.182
 2    -0.192     0.032     0.981
 3   133.746    -2.507     6.361
 3     0.318     0.203    -0.926
 3     0.159     0.951     0.263
 3     0.935    -0.231     0.270
 4   116.966    13.930    -6.222
 4     0.559    -0.823     0.094
 4     0.800     0.507    -0.319
 4     0.214     0.254     0.943
 5   118.465    22.494    20.675
 5     0.329    -0.274     0.903
 5     0.225    -0.907    -0.356
 5     0.917     0.320    -0.237
 6   136.072    26.021    43.772
 6     0.362    -0.335    -0.870
 6    -0.023     0.929    -0.368
 6     0.932     0.153     0.328
 7   122.083   -25.670    -4.742
 7     0.704     0.709    -0.030
 7    -0.632     0.646     0.427
 7     0.322    -0.282     0.904
 8   120.309   -32.006    21.345
 8     0.370     0.581     0.724
 8    -0.177    -0.721     0.669
 8     0.912    -0.376    -0.164
 9   136.601   -34.647    43.884
 9     0.436     0.630    -0.642
 9     0.028     0.704     0.710
 9     0.899    -0.328     0.290
 2    96.195   -22.657    59.955
 2     0.185    -0.980     0.068
 2     0.964     0.194     0.182
 2    -0.192     0.032     0.981
 3   133.697    -2.458     6.361
 3     0.317     0.207    -0.926
 3     0.156     0.951     0.266
 3     0.935    -0.229     0.269
 4   116.960    14.050    -6.108
 4     0.570    -0.816     0.094
 4     0.794     0.518    -0.317
 4     0.210     0.255     0.943
 5   119.775    22.891    20.847
 5     0.393    -0.231     0.890
 5     0.240    -0.908    -0.342
 5     0.887     0.348    -0.302
 6   138.583    26.929    42.621
 6     0.425    -0.331    -0.843
 6    -0.006     0.930    -0.368
 6     0.905     0.161     0.393
 7   122.131   -25.444    -4.788
 7     0.718     0.695    -0.026
 7    -0.623     0.658     0.423
 7     0.311    -0.287     0.906
 8   121.749   -32.500    21.338
 8     0.434     0.566     0.700
 8    -0.201    -0.697     0.688
 8     0.878    -0.440    -0.189
 9   139.491   -35.308    42.479
 9     0.490     0.576    -0.654
 9     0.006     0.748     0.664
 9     0.872    -0.329     0.362
 2    96.244   -22.657    59.954
 2     0.185    -0.980     0.069
 2     0.964     0.194     0.182
 2    -0.192     0.033     0.981
 3   133.581    -2.406     6.404
 3     0.315     0.213    -0.925
 3     0.155     0.950     0.272
 3     0.936    -0.229     0.266
 4   116.892    13.974    -6.276
 4     0.592    -0.799     0.104
 4     0.783     0.540    -0.308
 4     0.189     0.264     0.945
 5   121.692    22.866    20.605
 5     0.469    -0.206     0.859
 5     0.250    -0.902    -0.353
 5     0.847     0.380    -0.371
 6   141.773    27.008    40.421
 6     0.499    -0.302    -0.812
 6     0.004     0.938    -0.347
 6     0.867     0.170     0.469
 7   122.179   -25.452    -5.008
 7     0.738     0.674    -0.017
 7    -0.609     0.676     0.414
 7     0.290    -0.295     0.910
 8   123.354   -33.199    21.258
 8     0.503     0.529     0.683
 8    -0.226    -0.682     0.695
 8     0.834    -0.504    -0.224
 9   142.397   -36.411    40.403
 9     0.555     0.539    -0.633
 9    -0.020     0.770     0.638
 9     0.831    -0.342     0.438
 2    96.194   -22.657    59.954
 2     0.185    -0.980     0.069
 2     0.964     0.194     0.182
 2    -0.192     0.033     0.981
 3   133.535    -2.403     6.408
 3     0.314     0.223    -0.923
 3     0.158     0.946     0.283
 3     0.936    -0.235     0.262
 4   116.866    13.818    -6.306
 4     0.617    -0.778     0.117
 4     0.769     0.565    -0.297
 4     0.164     0.273     0.948
 5   123.200    23.174    20.282
 5     0.533    -0.190     0.824
 5     0.258    -0.891    -0.373
 5     0.805     0.412    -0.426
 6   144.468    27.395    38.523
 6     0.558    -0.260    -0.788
 6     0.013     0.952    -0.305
 6     0.829     0.160     0.535
 7   122.156   -25.382    -5.002
 7     0.757     0.652    -0.007
 7    -0.594     0.693     0.407
 7     0.270    -0.305     0.913
 8   124.999   -33.700    20.918
 8     0.573     0.478     0.665
 8    -0.251    -0.670     0.698
 8     0.780    -0.568    -0.264
 9   145.078   -37.130    38.443
 9     0.616     0.491    -0.615
 9    -0.042     0.801     0.597
 9     0.786    -0.342     0.514
 2    96.245   -22.657    59.904
 2     0.185    -0.980     0.069
 2     0.964     0.194     0.182
 2    -0.192     0.033     0.981
 3   133.589    -2.452     6.462
 3     0.314     0.230    -0.921
 3     0.161     0.943     0.291
 3     0.936    -0.240     0.259
 4   116.823    13.541    -6.423
 4     0.637    -0.760     0.128
 4     0.758     0.586    -0.287
 4     0.143     0.280     0.949
 5   124.805    22.896    19.909
 5     0.600    -0.170     0.782
 5     0.259    -0.884    -0.390
 5     0.757     0.436    -0.486
 6   146.866    27.050    36.394
 6     0.610    -0.214    -0.763
 6     0.017     0.966    -0.258
 6     0.792     0.144     0.593
 7   122.076   -25.342    -5.186
 7     0.776     0.630     0.009
 7    -0.580     0.709     0.401
 7     0.246    -0.317     0.916
 8   126.306   -34.329    20.365
 8     0.636     0.419     0.648
 8    -0.276    -0.661     0.698
 8     0.721    -0.623    -0.305
 9   147.559   -37.955    35.904
 9     0.674     0.451    -0.585
 9    -0.072     0.828     0.556
 9     0.735    -0.333     0.590
 2    96.195   -22.657    59.955
 2     0.185    -0.980     0.069
 2     0.964     0.194     0.182
 2    -0.192     0.032     0.981
 3   133.527    -2.506     6.429
 3     0.318     0.232    -0.919
 3     0.163     0.941     0.295
 3     0.934    -0.244     0.261
 4   116.645    13.411    -6.532
 4     0.656    -0.740     0.146
 4     0.745     0.605    -0.279
 4     0.118     0.292     0.949
 5   126.224    22.998    19.465
 5     0.663    -0.137     0.735
 5     0.258    -0.881    -0.397
 5     0.702     0.453    -0.549
 6   149.317    27.124    33.839
 6     0.670    -0.192    -0.717
 6     0.018     0.970    -0.243
 6     0.742     0.149     0.653
 7   121.951   -25.233    -5.394
 7     0.795     0.605     0.033
 7    -0.568     0.724     0.392
 7     0.213    -0.331     0.919
 8   127.754   -34.548    19.642
 8     0.691     0.357     0.628
 8    -0.294    -0.656     0.696
 8     0.660    -0.665    -0.348
 9   149.783   -38.724    33.363
 9     0.725     0.429    -0.538
 9    -0.097     0.837     0.538
 9     0.681    -0.338     0.649
 2    96.192   -22.658    59.957
 2     0.185    -0.980     0.069
 2     0.964     0.195     0.182
 2    -0.193     0.033     0.981
 3   133.413    -2.645     6.301
 3     0.332     0.234    -0.914
 3     0.167     0.939     0.301
 3     0.928    -0.253     0.273
 4   116.394    13.246    -6.613
 4     0.678    -0.715     0.172
 4     0.730     0.628    -0.268
 4     0.083     0.307     0.948
 5   127.695    22.994    18.404
 5     0.722    -0.114     0.682
 5     0.260    -0.869    -0.420
 5     0.641     0.481    -0.598
 6   151.388    26.533    30.508
 6     0.729    -0.163    -0.664
 6     0.016     0.975    -0.223
 6     0.684     0.152     0.713
 7   121.581   -25.032    -5.779
 7     0.812     0.579     0.063
 7    -0.557     0.740     0.377
 7     0.171    -0.342     0.924
 8   128.866   -34.763    18.762
 8     0.739     0.307     0.599
 8    -0.303    -0.643     0.703
 8     0.601    -0.702    -0.382
 9   151.637   -39.185    30.352
 9     0.772     0.401    -0.493
 9    -0.114     0.851     0.513
 9     0.625    -0.340     0.703
 2    96.192   -22.709    59.957
 2     0.185    -0.980     0.069
 2     0.964     0.195     0.182
 2    -0.193     0.033     0.981
 3   133.295    -2.652     6.224
 3     0.340     0.237    -0.910
 3     0.168     0.937     0.307
 3     0.925    -0.258     0.279
 4   116.192    13.080    -6.761
 4     0.700    -0.688     0.194
 4     0.713     0.654    -0.251
 4     0.046     0.314     0.948
 5   129.013    23.021    17.323
 5     0.771    -0.094     0.630
 5     0.260    -0.857    -0.445
 5     0.582     0.507    -0.636
 6   153.554    26.762    27.662
 6     0.778    -0.136    -0.613
 6     0.018     0.981    -0.195
 6     0.628     0.140     0.765
 7   121.364   -24.831    -6.146
 7     0.827     0.555     0.089
 7    -0.547     0.756     0.359
 7     0.131    -0.346     0.929
 8   130.088   -35.061    17.833
 8     0.787     0.245     0.566
 8    -0.314    -0.631     0.710
 8     0.531    -0.736    -0.419
 9   153.810   -39.552    27.056
 9     0.823     0.367    -0.434
 9    -0.127     0.863     0.489
 9     0.553    -0.347     0.757
 2    96.192   -22.658    59.958
 2     0.185    -0.980     0.069
 2     0.964     0.195     0.182
 2    -0.193     0.032     0.981
 3   133.165    -2.704     6.233
 3     0.342     0.240    -0.908
 3     0.170     0.935     0.311
 3     0.924    -0.261     0.279
 4   115.856    12.768    -6.776
 4     0.715    -0.667     0.211
 4     0.699     0.675    -0.237
 4     0.016     0.317     0.948
 5   129.968    22.952    16.401
 5     0.812    -0.070     0.579
 5     0.257    -0.848    -0.463
 5     0.524     0.525    -0.671
 6   154.645    26.412    24.978
 6     0.816    -0.117    -0.566
 6     0.017     0.984    -0.179
 6     0.578     0.137     0.804
 7   120.978   -24.601    -6.344
 7     0.842     0.526     0.114
 7    -0.531     0.774     0.344
 7     0.093    -0.351     0.932
 8   131.361   -35.206    16.513
 8     0.829     0.190     0.525
 8    -0.318    -0.612     0.724
 8     0.459    -0.767    -0.447
 9   155.397   -39.357    23.650
 9     0.865     0.326    -0.382
 9    -0.135     0.883     0.449
 9     0.484    -0.337     0.807
 2    96.242   -22.658    59.958
 2     0.185    -0.980     0.069
 2     0.964     0.195     0.182
 2    -0.193     0.032     0.981
 3   132.980    -2.834     6.199
 3     0.345     0.242    -0.907
 3     0.172     0.933     0.315
 3     0.922    -0.265     0.280
 4   115.536    12.607    -6.810
 4     0.727    -0.645     0.233
 4     0.686     0.692    -0.224
 4    -0.017     0.322     0.946
 5   130.889    22.789    15.459
 5     0.845    -0.045     0.532
 5     0.255    -0.842    -0.476
 5     0.469     0.538    -0.700
 6   156.126    26.364    22.103
 6     0.853    -0.098    -0.513
 6     0.016     0.986    -0.163
 6     0.522     0.130     0.843
 7   120.754   -24.477    -6.681
 7     0.855     0.498     0.142
 7    -0.515     0.792     0.327
 7     0.050    -0.353     0.934
 8   132.310   -35.472    15.243
 8     0.861     0.152     0.484
 8    -0.315    -0.588     0.745
 8     0.398    -0.794    -0.459
 9   156.917   -39.412    20.151
 9     0.899     0.286    -0.332
 9    -0.137     0.902     0.408
 9     0.416    -0.322     0.850
 2    96.242   -22.658    59.958
 2     0.185    -0.980     0.069
 2     0.964     0.195     0.182
 2    -0.193     0.032     0.981
 3   132.843    -2.887     6.088
 3     0.349     0.242    -0.905
 3     0.176     0.932     0.317
 3     0.920    -0.271     0.283
 4   115.185    12.341    -6.836
 4     0.738    -0.623     0.259
 4     0.672     0.710    -0.210
 4    -0.053     0.328     0.943
 5   131.447    22.782    14.382
 5     0.872    -0.022     0.488
 5     0.255    -0.831    -0.493
 5     0.416     0.555    -0.720
 6   156.981    25.967    19.327
 6     0.881    -0.079    -0.466
 6     0.014     0.990    -0.142
 6     0.472     0.119     0.873
 7   120.286   -24.330    -7.019
 7     0.864     0.473     0.172
 7    -0.504     0.806     0.312
 7     0.008    -0.356     0.934
 8   133.157   -35.275    14.052
 8     0.888     0.114     0.444
 8    -0.306    -0.576     0.758
 8     0.342    -0.810    -0.477
 9   157.862   -38.952    17.034
 9     0.926     0.251    -0.283
 9    -0.132     0.916     0.379
 9     0.354    -0.314     0.881
 2    96.244   -22.657    59.954
 2     0.185    -0.980     0.069
 2     0.964     0.195     0.182
 2    -0.192     0.033     0.981
 3   132.720    -2.968     5.942
 3     0.357     0.241    -0.903
 3     0.182     0.930     0.320
 3     0.916    -0.279     0.288
 4   114.677    12.024    -7.005
 4     0.744    -0.604     0.284
 4     0.661     0.725    -0.189
 4    -0.092     0.328     0.940
 5   132.178    22.539    13.086
 5     0.900    -0.004     0.436
 5     0.247    -0.820    -0.516
 5     0.359     0.572    -0.737
 6   157.900    25.587    16.219
 6     0.910    -0.053    -0.411
 6     0.006     0.993    -0.114
 6     0.414     0.100     0.904
 7   119.857   -24.227    -7.222
 7     0.871     0.448     0.200
 7    -0.490     0.818     0.302
 7    -0.028    -0.362     0.932
 8   133.786   -35.203    13.056
 8     0.911     0.074     0.406
 8    -0.296    -0.567     0.768
 8     0.287    -0.820    -0.495
 9   158.654   -38.561    14.603
 9     0.946     0.219    -0.239
 9    -0.124     0.925     0.357
 9     0.299    -0.309     0.903
 2    96.242   -22.658    59.957
 2     0.185    -0.980     0.069
 2     0.964     0.195     0.182
 2    -0.193     0.033     0.981
 3   132.515    -2.924     5.853
 3     0.365     0.237    -0.900
 3     0.189     0.928     0.321
 3     0.911    -0.287     0.294
 4   114.207    11.685    -7.141
 4     0.751    -0.584     0.308
 4     0.648     0.740    -0.176
 4    -0.125     0.332     0.935
 5   132.606    22.297    11.863
 5     0.923     0.021     0.383
 5     0.239    -0.812    -0.532
 5     0.300     0.583    -0.755
 6   158.309    24.754    13.493
 6     0.932    -0.029    -0.360
 6    -0.005     0.995    -0.094
 6     0.361     0.089     0.928
 7   119.299   -24.079    -7.413
 7     0.874     0.426     0.232
 7    -0.481     0.827     0.292
 7    -0.067    -0.367     0.927
 8   134.035   -35.154    12.033
 8     0.926     0.039     0.375
 8    -0.290    -0.560     0.776
 8     0.240    -0.827    -0.508
 9   159.147   -38.094    11.917
 9     0.963     0.188    -0.191
 9    -0.114     0.932     0.342
 9     0.243    -0.308     0.920
 2    96.242   -22.658    59.906
 2     0.185    -0.980     0.069
 2     0.964     0.194     0.182
 2    -0.193     0.033     0.981
 3   132.318    -3.108     5.577
 3     0.374     0.236    -0.897
 3     0.193     0.926     0.324
 3     0.907    -0.294     0.300
 4   113.787    11.473    -7.224
 4     0.755    -0.566     0.330
 4     0.636     0.755    -0.161
 4    -0.158     0.332     0.930
 5   133.085    22.066    10.763
 5     0.940     0.041     0.339
 5     0.232    -0.805    -0.546
 5     0.250     0.592    -0.766
 6   158.772    24.331    10.883
 6     0.950    -0.012    -0.311
 6    -0.013     0.997    -0.077
 6     0.310     0.077     0.947
 7   118.883   -23.978    -7.627
 7     0.873     0.413     0.258
 7    -0.477     0.832     0.282
 7    -0.098    -0.370     0.924
 8   134.255   -35.177    11.133
 8     0.936     0.010     0.351
 8    -0.287    -0.554     0.781
 8     0.202    -0.832    -0.516
 9   159.416   -38.002     9.633
 9     0.974     0.167    -0.151
 9    -0.110     0.937     0.330
 9     0.197    -0.305     0.932
 2    96.192   -22.658    59.958
 2     0.185    -0.980     0.069
 2     0.964     0.194     0.182
 2    -0.193     0.032     0.981
 3   132.301    -3.086     5.446
 3     0.378     0.234    -0.895
 3     0.196     0.925     0.325
 3     0.904    -0.299     0.304
 4   113.506    11.371    -7.328
 4     0.757    -0.553     0.349
 4     0.627     0.764    -0.150
 4    -0.184     0.332     0.925
 5   133.333    22.022     9.815
 5     0.951     0.062     0.303
 5     0.229    -0.799    -0.556
 5     0.208     0.598    -0.774
 6   159.024    23.989     8.555
 6     0.964    -0.000    -0.266
 6    -0.018     0.998    -0.065
 6     0.265     0.067     0.962
 7   118.610   -23.819    -7.792
 7     0.872     0.403     0.275
 7    -0.474     0.837     0.275
 7    -0.120    -0.370     0.921
 8   134.324   -35.195    10.349
 8     0.941    -0.011     0.338
 8    -0.289    -0.547     0.785
 8     0.176    -0.837    -0.518
 9   159.402   -37.847     8.187
 9     0.979     0.157    -0.126
 9    -0.110     0.940     0.321
 9     0.169    -0.301     0.938
 2    96.242   -22.658    59.957
 2     0.185    -0.980     0.069
 2     0.964     0.194     0.182
 2    -0.193     0.033     0.981
 3   132.190    -3.090     5.282
 3     0.383     0.232    -0.894
 3     0.198     0.924     0.325
 3     0.902    -0.302     0.308
 4   113.284    11.196    -7.392
 4     0.759    -0.540     0.364
 4     0.618     0.773    -0.141
 4    -0.206     0.332     0.920
 5   133.648    21.932     8.928
 5     0.959     0.075     0.271
 5     0.222    -0.793    -0.567
 5     0.172     0.604    -0.778
 6   159.166    23.651     6.313
 6     0.974     0.013    -0.226
 6    -0.025     0.998    -0.050
 6     0.225     0.054     0.973
 7   118.210   -23.712    -8.051
 7     0.870     0.393     0.297
 7    -0.471     0.840     0.268
 7    -0.144    -0.373     0.917
 8   134.487   -35.292     9.551
 8     0.945    -0.036     0.325
 8    -0.293    -0.539     0.790
 8     0.146    -0.841    -0.520
 9   158.929   -37.748     6.263
 9     0.984     0.149    -0.098
 9    -0.113     0.945     0.306
 9     0.138    -0.290     0.947
 2    96.194   -22.657    59.954
 2     0.185    -0.980     0.069
 2     0.964     0.194     0.182
 2    -0.192     0.033     0.981
 3   132.099    -3.120     5.176
 3     0.389     0.231    -0.891
 3     0.200     0.923     0.327
 3     0.899    -0.306     0.313
 4   112.933    11.096    -7.377
 4     0.758    -0.529     0.382
 4     0.610     0.781    -0.131
 4    -0.229     0.332     0.915
 5   133.758    22.004     8.273
 5     0.964     0.089     0.249
 5     0.222    -0.785    -0.578
 5     0.144     0.613    -0.777
 6   159.163    23.503     4.918
 6     0.979     0.020    -0.200
 6    -0.028     0.999    -0.036
 6     0.199     0.041     0.979
 7   117.826   -23.515    -8.242
 7     0.868     0.372     0.328
 7    -0.461     0.849     0.257
 7    -0.183    -0.375     0.909
 8   134.730   -35.327     8.355
 8     0.951    -0.076     0.299
 8    -0.294    -0.522     0.801
 8     0.096    -0.849    -0.519
 9   159.328   -37.791     3.711
 9     0.990     0.133    -0.050
 9    -0.114     0.954     0.278
 9     0.085    -0.270     0.959
 2    96.244   -22.657    59.954
 2     0.185    -0.980     0.069
 2     0.964     0.194     0.182
 2    -0.192     0.033     0.981
 3   131.982    -3.175     5.018
 3     0.395     0.228    -0.890
 3     0.203     0.923     0.326
 3     0.896    -0.310     0.319
 4   112.695    10.889    -7.471
 4     0.757    -0.514     0.403
 4     0.600     0.791    -0.120
 4    -0.258     0.332     0.907
 5   133.920    22.135     7.140
 5     0.969     0.118     0.216
 5     0.227    -0.771    -0.595
 5     0.096     0.625    -0.774
 6   159.258    23.465     2.297
 6     0.988     0.024    -0.150
 6    -0.027     0.999    -0.016
 6     0.149     0.020     0.988
 7   117.502   -23.324    -8.339
 7     0.863     0.350     0.363
 7    -0.450     0.860     0.241
 7    -0.228    -0.371     0.900
 8   135.050   -35.599     6.528
 8     0.954    -0.124     0.271
 8    -0.296    -0.500     0.813
 8     0.035    -0.857    -0.514
 9   159.556   -37.852    -0.004
 9     0.993     0.113     0.017
 9    -0.114     0.962     0.247
 9     0.011    -0.248     0.969
 2    96.194   -22.657    59.954
 2     0.185    -0.980     0.069
 2     0.964     0.195     0.182
 2    -0.192     0.033     0.981
 3   131.934    -3.130     4.918
 3     0.401     0.220    -0.889
 3     0.207     0.924     0.322
 3     0.892    -0.314     0.324
 4   112.456    10.860    -7.442
 4     0.754    -0.499     0.426
 4     0.591     0.799    -0.110
 4    -0.286     0.334     0.898
 5   134.077    22.381     5.602
 5     0.971     0.159     0.176
 5     0.234    -0.758    -0.609
 5     0.036     0.633    -0.773
 6   159.052    23.723    -0.708
 6     0.995     0.022    -0.089
 6    -0.022     1.000    -0.001
 6     0.089     0.003     0.996
 7   117.053   -23.134    -8.588
 7     0.856     0.328     0.399
 7    -0.438     0.870     0.226
 7    -0.273    -0.368     0.888
 8   135.189   -35.533     5.130
 8     0.956    -0.163     0.242
 8    -0.291    -0.484     0.825
 8    -0.017    -0.860    -0.510
 9   159.334   -37.547    -3.116
 9     0.993     0.093     0.074
 9    -0.107     0.969     0.222
 9    -0.052    -0.229     0.972
 2    96.244   -22.657    59.954
 2     0.185    -0.980     0.069
 2     0.964     0.195     0.182
 2    -0.192     0.033     0.981
 3   131.740    -3.107     4.758
 3     0.405     0.209    -0.890
 3     0.212     0.925     0.314
 3     0.889    -0.317     0.331
 4   112.163    10.676    -7.483
 4     0.751    -0.482     0.450
 4     0.579     0.809    -0.101
 4    -0.316     0.336     0.887
 5   134.081    22.560     4.189
 5     0.971     0.193     0.141
 5     0.239    -0.746    -0.621
 5    -0.015     0.637    -0.771
 6   158.650    23.675    -3.793
 6     0.999     0.024    -0.030
 6    -0.024     1.000     0.010
 6     0.030    -0.010     0.999
 7   116.617   -22.812    -8.832
 7     0.849     0.309     0.429
 7    -0.427     0.879     0.212
 7    -0.311    -0.363     0.878
 8   135.423   -35.307     3.857
 8     0.957    -0.194     0.214
 8    -0.282    -0.474     0.834
 8    -0.060    -0.859    -0.508
 9   159.151   -37.010    -5.991
 9     0.989     0.072     0.127
 9    -0.097     0.974     0.202
 9    -0.109    -0.213     0.971
 2    96.194   -22.708    59.954
 2     0.185    -0.980     0.069
 2     0.964     0.195     0.182
 2    -0.192     0.033     0.981
 3   131.616    -2.961     4.681
 3     0.411     0.199    -0.890
 3     0.216     0.927     0.307
 3     0.885    -0.319     0.337
 4   111.770    10.568    -7.523
 4     0.747    -0.465     0.474
 4     0.567     0.818    -0.091
 4    -0.346     0.337     0.875
 5   134.152    22.371     3.346
 5     0.971     0.212     0.113
 5     0.235    -0.740    -0.631
 5    -0.050     0.639    -0.768
 6   158.395    23.593    -5.692
 6     1.000     0.026     0.008
 6    -0.026     0.999     0.021
 6    -0.008    -0.021     1.000
 7   116.200   -22.662    -8.970
 7     0.841     0.296     0.452
 7    -0.420     0.885     0.200
 7    -0.341    -0.359     0.869
 8   135.433   -35.150     2.931
 8     0.957    -0.216     0.193
 8    -0.275    -0.468     0.840
 8    -0.091    -0.857    -0.507
 9   158.829   -36.381    -7.896
 9     0.985     0.053     0.162
 9    -0.083     0.978     0.188
 9    -0.149    -0.199     0.968
 2    96.194   -22.657    59.954
 2     0.185    -0.980     0.069
 2     0.964     0.195     0.182
 2    -0.192     0.033     0.981
 3   131.423    -3.016     4.571
 3     0.416     0.192    -0.889
 3     0.219     0.927     0.303
 3     0.882    -0.321     0.344
 4   111.471    10.368    -7.589
 4     0.742    -0.455     0.491
 4     0.560     0.824    -0.083
 4    -0.367     0.337     0.867
 5   133.974    22.310     2.372
 5     0.969     0.231     0.088
 5     0.233    -0.732    -0.640
 5    -0.084     0.641    -0.763
 6   157.880    23.429    -7.983
 6     0.998     0.029     0.052
 6    -0.031     0.999     0.031
 6    -0.051    -0.033     0.998
 7   115.868   -22.431    -9.124
 7     0.834     0.285     0.472
 7    -0.412     0.891     0.190
 7    -0.366    -0.354     0.861
 8   135.411   -34.995     1.962
 8     0.955    -0.241     0.172
 8    -0.268    -0.460     0.846
 8    -0.125    -0.855    -0.504
 9   158.247   -36.191   -10.191
 9     0.978     0.039     0.204
 9    -0.076     0.982     0.174
 9    -0.194    -0.186     0.963
 2    96.244   -22.657    59.954
 2     0.185    -0.980     0.069
 2     0.964     0.195     0.182
 2    -0.192     0.033     0.981
 3   131.337    -2.967     4.457
 3     0.420     0.186    -0.888
 3     0.222     0.927     0.299
 3     0.880    -0.324     0.348
 4   111.129    10.248    -7.588
 4     0.736    -0.449     0.505
 4     0.556     0.827    -0.075
 4    -0.385     0.336     0.859
 5   133.855    22.409     1.560
 5     0.965     0.252     0.069
 5     0.236    -0.725    -0.647
 5    -0.113     0.641    -0.759
 6   157.495    23.304    -9.526
 6     0.996     0.028     0.081
 6    -0.032     0.998     0.041
 6    -0.080    -0.044     0.996
 7   115.625   -22.396    -9.172
 7     0.830     0.275     0.485
 7    -0.404     0.896     0.183
 7    -0.384    -0.349     0.855
 8   135.317   -34.926     0.933
 8     0.949    -0.280     0.145
 8    -0.264    -0.454     0.851
 8    -0.172    -0.846    -0.505
 9   157.247   -35.918   -13.266
 9     0.963     0.024     0.267
 9    -0.070     0.984     0.164
 9    -0.259    -0.177     0.949
 2    96.245   -22.657    59.955
 2     0.185    -0.980     0.069
 2     0.964     0.195     0.182
 2    -0.192     0.032     0.981
 3   131.164    -3.023     4.302
 3     0.425     0.176    -0.888
 3     0.226     0.929     0.292
 3     0.876    -0.325     0.355
 4   110.724    10.046    -7.698
 4     0.729    -0.440     0.524
 4     0.549     0.833    -0.065
 4    -0.408     0.335     0.849
 5   133.565    22.498     0.444
 5     0.959     0.279     0.046
 5     0.240    -0.714    -0.658
 5    -0.151     0.642    -0.751
 6   156.505    23.548   -11.643
 6     0.992     0.021     0.123
 6    -0.028     0.998     0.057
 6    -0.122    -0.061     0.990
 7   115.214   -22.192    -9.220
 7     0.823     0.260     0.505
 7    -0.394     0.902     0.176
 7    -0.410    -0.344     0.845
 8   135.277   -34.933    -0.276
 8     0.940    -0.319     0.121
 8    -0.263    -0.450     0.854
 8    -0.218    -0.834    -0.507
 9   156.819   -35.178   -15.278
 9     0.948     0.003     0.318
 9    -0.056     0.986     0.158
 9    -0.313    -0.168     0.935
 2    96.194   -22.708    59.954
 2     0.185    -0.980     0.069
 2     0.964     0.195     0.182
 2    -0.192     0.033     0.981
 3   131.120    -2.899     4.166
 3     0.429     0.163    -0.888
 3     0.232     0.930     0.282
 3     0.873    -0.328     0.361
 4   110.389     9.894    -7.731
 4     0.720    -0.428     0.546
 4     0.543     0.838    -0.059
 4    -0.432     0.339     0.836
 5   133.374    22.507    -0.592
 5     0.952     0.304     0.019
 5     0.239    -0.704    -0.669
 5    -0.190     0.641    -0.743
 6   155.864    23.588   -13.780
 6     0.986     0.016     0.167
 6    -0.029     0.997     0.073
 6    -0.165    -0.078     0.983
 7   114.743   -21.993    -9.377
 7     0.811     0.246     0.530
 7    -0.384     0.908     0.166
 7    -0.441    -0.339     0.831
 8   134.980   -34.909    -1.314
 8     0.932    -0.348     0.103
 8    -0.260    -0.443     0.858
 8    -0.253    -0.826    -0.504
 9   156.108   -35.094   -17.462
 9     0.932    -0.006     0.363
 9    -0.053     0.987     0.150
 9    -0.359    -0.159     0.919
 2    96.194   -22.708    59.955
 2     0.185    -0.980     0.069
 2     0.964     0.195     0.182
 2    -0.192     0.032     0.981
 3   130.893    -2.957     4.017
 3     0.436     0.153    -0.887
 3     0.235     0.932     0.276
 3     0.868    -0.329     0.370
 4   110.034     9.692    -7.845
 4     0.713    -0.415     0.565
 4     0.535     0.843    -0.055
 4    -0.454     0.341     0.823
 5   133.055    22.515    -1.751
 5     0.943     0.331    -0.007
 5     0.238    -0.692    -0.681
 5    -0.230     0.641    -0.732
 6   154.890    22.881   -16.447
 6     0.975     0.019     0.218
 6    -0.042     0.994     0.097
 6    -0.216    -0.104     0.971
 7   114.362   -21.890    -9.585
 7     0.802     0.236     0.548
 7    -0.377     0.912     0.157
 7    -0.464    -0.333     0.821
 8   134.738   -34.985    -2.517
 8     0.923    -0.374     0.089
 8    -0.259    -0.432     0.864
 8    -0.284    -0.821    -0.496
 9   155.444   -34.899   -19.195
 9     0.918    -0.012     0.396
 9    -0.047     0.989     0.139
 9    -0.394    -0.147     0.907
 2    96.244   -22.657    59.954
 2     0.185    -0.980     0.069
 2     0.964     0.195     0.182
 2    -0.192     0.033     0.981
 3   130.801    -2.909     3.855
 3     0.441     0.143    -0.886
 3     0.239     0.932     0.269
 3     0.865    -0.331     0.377
 4   109.758     9.591    -7.858
 4     0.706    -0.403     0.583
 4     0.526     0.849    -0.050
 4    -0.475     0.342     0.811
 5   132.861    22.380    -2.732
 5     0.936     0.350    -0.027
 5     0.235    -0.682    -0.692
 5    -0.260     0.642    -0.721
 6   154.430    22.626   -18.007
 6     0.968     0.018     0.250
 6    -0.048     0.992     0.113
 6    -0.246    -0.121     0.961
 7   114.043   -21.741    -9.543
 7     0.789     0.224     0.572
 7    -0.367     0.919     0.146
 7    -0.493    -0.325     0.807
 8   134.593   -34.848    -3.141
 8     0.917    -0.390     0.077
 8    -0.254    -0.428     0.867
 8    -0.305    -0.815    -0.492
 9   154.800   -34.596   -20.517
 9     0.906    -0.019     0.422
 9    -0.042     0.990     0.134
 9    -0.421    -0.139     0.896
 2    96.194   -22.708    59.954
 2     0.186    -0.980     0.069
 2     0.964     0.195     0.182
 2    -0.192     0.033     0.981
 3   130.691    -2.963     3.739
 3     0.445     0.139    -0.885
 3     0.240     0.933     0.267
 3     0.863    -0.332     0.381
 4   109.596     9.422    -7.913
 4     0.700    -0.395     0.595
 4     0.519     0.853    -0.045
 4    -0.490     0.340     0.802
 5   132.592    22.358    -3.209
 5     0.931     0.362    -0.037
 5     0.234    -0.673    -0.701
 5    -0.279     0.644    -0.712
 6   153.914    22.173   -19.183
 6     0.961     0.020     0.273
 6    -0.056     0.990     0.124
 6    -0.268    -0.135     0.954
 7   113.882   -21.705    -9.622
 7     0.782     0.214     0.584
 7    -0.360     0.922     0.143
 7    -0.508    -0.323     0.799
 8   134.435   -34.658    -3.524
 8     0.913    -0.403     0.067
