% Calibrated with leiden_pols
% Positions are in centimeters
Data =[
 2    96.244   -22.657    59.954
 2     0.185    -0.980     0.069
 2     0.964     0.195     0.182
 2    -0.192     0.033     0.981
 3   130.861    -3.408     4.296
 3     0.471     0.514    -0.716
 3     0.222     0.717     0.661
 3     0.853    -0.470     0.224
 4   115.241    13.707    -8.389
 4     0.754    -0.625     0.203
 4     0.650     0.663    -0.372
 4     0.097     0.412     0.906
 5   122.942    18.986    19.382
 5     0.551    -0.680     0.484
 5    -0.230    -0.682    -0.694
 5     0.802     0.271    -0.532
 6   137.273    -3.013    17.090
 6     0.271     0.587    -0.762
 6    -0.907    -0.110    -0.407
 6    -0.323     0.802     0.503
 7   119.334   -24.661    -7.848
 7     0.896     0.423     0.129
 7    -0.439     0.808     0.393
 7     0.062    -0.409     0.910
 8   129.002   -27.099    19.160
 8     0.535     0.844    -0.018
 8     0.350    -0.203     0.914
 8     0.769    -0.495    -0.404
 9   142.151    -3.351    24.444
 9     0.294    -0.130    -0.947
 9     0.954     0.097     0.283
 9     0.055    -0.987     0.153
 2    96.244   -22.708    59.954
 2     0.185    -0.980     0.069
 2     0.964     0.195     0.182
 2    -0.192     0.033     0.981
 3   130.915    -3.407     4.341
 3     0.470     0.515    -0.717
 3     0.221     0.718     0.660
 3     0.854    -0.469     0.224
 4   115.282    13.767    -8.363
 4     0.749    -0.631     0.201
 4     0.653     0.657    -0.376
 4     0.105     0.413     0.905
 5   122.777    19.145    19.515
 5     0.548    -0.676     0.493
 5    -0.227    -0.687    -0.690
 5     0.805     0.266    -0.530
 6   137.198    -2.886    17.140
 6     0.272     0.588    -0.762
 6    -0.907    -0.109    -0.408
 6    -0.323     0.802     0.503
 7   119.464   -24.659    -7.853
 7     0.896     0.425     0.128
 7    -0.440     0.807     0.394
 7     0.064    -0.410     0.910
 8   128.966   -27.146    19.293
 8     0.530     0.848    -0.016
 8     0.348    -0.201     0.915
 8     0.773    -0.491    -0.402
 9   142.027    -3.300    24.495
 9     0.294    -0.127    -0.947
 9     0.954     0.096     0.283
 9     0.055    -0.987     0.150
 2    96.245   -22.657    59.904
 2     0.185    -0.980     0.069
 2     0.964     0.195     0.182
 2    -0.192     0.033     0.981
 3   130.870    -3.355     4.411
 3     0.468     0.515    -0.718
 3     0.220     0.718     0.660
 3     0.855    -0.467     0.223
 4   115.288    13.821    -8.321
 4     0.748    -0.633     0.200
 4     0.655     0.654    -0.378
 4     0.108     0.413     0.904
 5   122.685    19.199    19.529
 5     0.546    -0.675     0.496
 5    -0.225    -0.689    -0.689
 5     0.807     0.264    -0.529
 6   137.078    -2.785    17.263
 6     0.269     0.587    -0.763
 6    -0.908    -0.110    -0.405
 6    -0.321     0.802     0.503
 7   119.467   -24.709    -7.856
 7     0.895     0.426     0.128
 7    -0.440     0.806     0.395
 7     0.065    -0.410     0.910
 8   128.969   -27.197    19.237
 8     0.530     0.847    -0.015
 8     0.344    -0.200     0.917
 8     0.774    -0.492    -0.398
 9   141.712    -3.401    24.673
 9     0.298    -0.115    -0.948
 9     0.953     0.094     0.288
 9     0.056    -0.989     0.137
 2    96.244   -22.708    59.954
 2     0.185    -0.980     0.069
 2     0.964     0.195     0.182
 2    -0.192     0.033     0.981
 3   130.876    -3.329     4.406
 3     0.467     0.518    -0.717
 3     0.220     0.717     0.661
 3     0.856    -0.467     0.221
 4   115.297    13.850    -8.281
 4     0.747    -0.635     0.197
 4     0.656     0.653    -0.379
 4     0.112     0.412     0.904
 5   122.734    19.276    19.581
 5     0.547    -0.674     0.497
 5    -0.224    -0.689    -0.689
 5     0.807     0.265    -0.528
 6   136.810    -2.589    17.089
 6     0.258     0.610    -0.749
 6    -0.910    -0.107    -0.400
 6    -0.324     0.785     0.528
 7   119.418   -24.632    -7.860
 7     0.896     0.424     0.126
 7    -0.438     0.807     0.396
 7     0.066    -0.410     0.910
 8   129.081   -27.331    19.068
 8     0.537     0.843    -0.023
 8     0.339    -0.191     0.921
 8     0.772    -0.503    -0.389
 9   141.648    -3.490    24.470
 9     0.296    -0.122    -0.947
 9     0.954     0.077     0.288
 9     0.038    -0.990     0.139
 2    96.244   -22.708    59.954
 2     0.185    -0.980     0.069
 2     0.964     0.195     0.182
 2    -0.192     0.033     0.981
 3   130.887    -3.352     4.496
 3     0.465     0.523    -0.714
 3     0.218     0.714     0.665
 3     0.858    -0.465     0.218
 4   115.272    13.824    -8.205
 4     0.747    -0.634     0.198
 4     0.655     0.652    -0.381
 4     0.112     0.414     0.903
 5   122.895    19.395    19.535
 5     0.552    -0.678     0.484
 5    -0.224    -0.680    -0.698
 5     0.803     0.277    -0.527
 6   136.819    -2.716    16.937
 6     0.253     0.616    -0.746
 6    -0.912    -0.104    -0.396
 6    -0.322     0.781     0.535
 7   119.421   -24.628    -7.813
 7     0.899     0.419     0.124
 7    -0.432     0.808     0.400
 7     0.067    -0.414     0.908
 8   129.251   -27.383    19.017
 8     0.536     0.843    -0.033
 8     0.339    -0.180     0.923
 8     0.772    -0.507    -0.383
 9   141.667    -3.262    24.568
 9     0.289    -0.101    -0.952
 9     0.956     0.064     0.284
 9     0.032    -0.993     0.115
 2    96.245   -22.657    59.955
 2     0.185    -0.980     0.069
 2     0.964     0.195     0.182
 2    -0.192     0.032     0.981
 3   130.888    -3.326     4.446
 3     0.464     0.523    -0.715
 3     0.219     0.713     0.665
 3     0.858    -0.466     0.216
 4   115.269    13.823    -8.280
 4     0.747    -0.634     0.199
 4     0.655     0.652    -0.382
 4     0.111     0.416     0.902
 5   122.874    19.398    19.529
 5     0.552    -0.678     0.485
 5    -0.222    -0.681    -0.698
 5     0.804     0.277    -0.527
 6   136.826    -2.611    16.979
 6     0.255     0.617    -0.744
 6    -0.913    -0.100    -0.396
 6    -0.319     0.780     0.537
 7   119.521   -24.525    -7.762
 7     0.901     0.416     0.124
 7    -0.429     0.808     0.403
 7     0.067    -0.416     0.907
 8   129.402   -27.229    19.063
 8     0.535     0.844    -0.039
 8     0.342    -0.174     0.923
 8     0.773    -0.507    -0.382
 9   141.720    -3.184    24.563
 9     0.287    -0.101    -0.953
 9     0.957     0.065     0.281
 9     0.034    -0.993     0.115
 2    96.194   -22.708    59.954
 2     0.185    -0.980     0.069
 2     0.964     0.195     0.182
 2    -0.192     0.033     0.981
 3   130.938    -3.274     4.446
 3     0.464     0.523    -0.715
 3     0.220     0.713     0.665
 3     0.858    -0.467     0.215
 4   115.268    13.773    -8.280
 4     0.746    -0.635     0.201
 4     0.656     0.651    -0.381
 4     0.111     0.416     0.902
 5   122.828    19.502    19.472
 5     0.551    -0.675     0.490
 5    -0.219    -0.684    -0.696
 5     0.805     0.276    -0.525
 6   136.879    -2.609    16.976
 6     0.256     0.617    -0.744
 6    -0.913    -0.099    -0.396
 6    -0.318     0.781     0.538
 7   119.547   -24.525    -7.762
 7     0.901     0.415     0.124
 7    -0.428     0.808     0.404
 7     0.067    -0.417     0.906
 8   129.312   -27.228    19.002
 8     0.533     0.845    -0.034
 8     0.339    -0.177     0.924
 8     0.775    -0.504    -0.382
 9   141.854    -3.410    24.423
 9     0.293    -0.104    -0.950
 9     0.955     0.071     0.286
 9     0.038    -0.992     0.120
 2    96.244   -22.657    59.954
 2     0.185    -0.980     0.069
 2     0.964     0.195     0.182
 2    -0.192     0.033     0.981
 3   131.008    -3.325     4.401
 3     0.465     0.523    -0.714
 3     0.222     0.712     0.666
 3     0.857    -0.468     0.215
 4   115.291    13.773    -8.328
 4     0.746    -0.635     0.202
 4     0.657     0.651    -0.381
 4     0.110     0.416     0.902
 5   122.882    19.454    19.416
 5     0.550    -0.674     0.492
 5    -0.217    -0.685    -0.695
 5     0.806     0.276    -0.524
