% Calibrated with leiden_pols
% Positions are in centimeters
Data =[
 2    96.244   -22.657    59.954
 2     0.185    -0.980     0.069
 2     0.964     0.195     0.182
 2    -0.192     0.033     0.981
 3   130.861    -3.408     4.296
 3     0.471     0.514    -0.716
 3     0.222     0.717     0.661
 3     0.853    -0.470     0.224
 4   115.241    13.707    -8.389
 4     0.754    -0.625     0.203
 4     0.650     0.663    -0.372
 4     0.097     0.412     0.906
 5   122.942    18.986    19.382
 5     0.551    -0.680     0.484
 5    -0.230    -0.682    -0.694
 5     0.802     0.271    -0.532
 6   137.273    -3.013    17.090
 6     0.271     0.587    -0.762
 6    -0.907    -0.110    -0.407
 6    -0.323     0.802     0.503
 7   119.334   -24.661    -7.848
 7     0.896     0.423     0.129
 7    -0.439     0.808     0.393
 7     0.062    -0.409     0.910
 8   129.002   -27.099    19.160
 8     0.535     0.844    -0.018
 8     0.350    -0.203     0.914
 8     0.769    -0.495    -0.404
 9   142.151    -3.351    24.444
 9     0.294    -0.130    -0.947
 9     0.954     0.097     0.283
 9     0.055    -0.987     0.153
 2    96.244   -22.708    59.954
 2     0.185    -0.980     0.069
 2     0.964     0.195     0.182
 2    -0.192     0.033     0.981
 3   130.915    -3.407     4.341
 3     0.470     0.515    -0.717
 3     0.221     0.718     0.660
 3     0.854    -0.469     0.224
 4   115.282    13.767    -8.363
 4     0.749    -0.631     0.201
 4     0.653     0.657    -0.376
 4     0.105     0.413     0.905
 5   122.777    19.145    19.515
 5     0.548    -0.676     0.493
 5    -0.227    -0.687    -0.690
 5     0.805     0.266    -0.530
 6   137.198    -2.886    17.140
 6     0.272     0.588    -0.762
 6    -0.907    -0.109    -0.408
 6    -0.323     0.802     0.503
 7   119.464   -24.659    -7.853
 7     0.896     0.425     0.128
 7    -0.440     0.807     0.394
 7     0.064    -0.410     0.910
 8   128.966   -27.146    19.293
 8     0.530     0.848    -0.016
 8     0.348    -0.201     0.915
 8     0.773    -0.491    -0.402
 9   142.027    -3.300    24.495
 9     0.294    -0.127    -0.947
 9     0.954     0.096     0.283
 9     0.055    -0.987     0.150
 2    96.245   -22.657    59.904
 2     0.185    -0.980     0.069
 2     0.964     0.195     0.182
 2    -0.192     0.033     0.981
 3   130.870    -3.355     4.411
 3     0.468     0.515    -0.718
 3     0.220     0.718     0.660
 3     0.855    -0.467     0.223
 4   115.288    13.821    -8.321
 4     0.748    -0.633     0.200
 4     0.655     0.654    -0.378
 4     0.108     0.413     0.904
 5   122.685    19.199    19.529
 5     0.546    -0.675     0.496
 5    -0.225    -0.689    -0.689
 5     0.807     0.264    -0.529
 6   137.078    -2.785    17.263
 6     0.269     0.587    -0.763
 6    -0.908    -0.110    -0.405
 6    -0.321     0.802     0.503
 7   119.467   -24.709    -7.856
 7     0.895     0.426     0.128
 7    -0.440     0.806     0.395
 7     0.065    -0.410     0.910
 8   128.969   -27.197    19.237
 8     0.530     0.847    -0.015
 8     0.344    -0.200     0.917
 8     0.774    -0.492    -0.398
 9   141.712    -3.401    24.673
 9     0.298    -0.115    -0.948
 9     0.953     0.094     0.288
 9     0.056    -0.989     0.137
 2    96.244   -22.708    59.954
 2     0.185    -0.980     0.069
 2     0.964     0.195     0.182
 2    -0.192     0.033     0.981
 3   130.876    -3.329     4.406
 3     0.467     0.518    -0.717
 3     0.220     0.717     0.661
 3     0.856    -0.467     0.221
 4   115.297    13.850    -8.281
 4     0.747    -0.635     0.197
 4     0.656     0.653    -0.379
 4     0.112     0.412     0.904
 5   122.734    19.276    19.581
 5     0.547    -0.674     0.497
 5    -0.224    -0.689    -0.689
 5     0.807     0.265    -0.528
 6   136.810    -2.589    17.089
 6     0.258     0.610    -0.749
 6    -0.910    -0.107    -0.400
 6    -0.324     0.785     0.528
 7   119.418   -24.632    -7.860
 7     0.896     0.424     0.126
 7    -0.438     0.807     0.396
 7     0.066    -0.410     0.910
 8   129.081   -27.331    19.068
 8     0.537     0.843    -0.023
 8     0.339    -0.191     0.921
 8     0.772    -0.503    -0.389
 9   141.648    -3.490    24.470
 9     0.296    -0.122    -0.947
 9     0.954     0.077     0.288
 9     0.038    -0.990     0.139
 2    96.244   -22.708    59.954
 2     0.185    -0.980     0.069
 2     0.964     0.195     0.182
 2    -0.192     0.033     0.981
 3   130.887    -3.352     4.496
 3     0.465     0.523    -0.714
 3     0.218     0.714     0.665
 3     0.858    -0.465     0.218
 4   115.272    13.824    -8.205
 4     0.747    -0.634     0.198
 4     0.655     0.652    -0.381
 4     0.112     0.414     0.903
 5   122.895    19.395    19.535
 5     0.552    -0.678     0.484
 5    -0.224    -0.680    -0.698
 5     0.803     0.277    -0.527
 6   136.819    -2.716    16.937
 6     0.253     0.616    -0.746
 6    -0.912    -0.104    -0.396
 6    -0.322     0.781     0.535
 7   119.421   -24.628    -7.813
 7     0.899     0.419     0.124
 7    -0.432     0.808     0.400
 7     0.067    -0.414     0.908
 8   129.251   -27.383    19.017
 8     0.536     0.843    -0.033
 8     0.339    -0.180     0.923
 8     0.772    -0.507    -0.383
 9   141.667    -3.262    24.568
 9     0.289    -0.101    -0.952
 9     0.956     0.064     0.284
 9     0.032    -0.993     0.115
 2    96.245   -22.657    59.955
 2     0.185    -0.980     0.069
 2     0.964     0.195     0.182
 2    -0.192     0.032     0.981
 3   130.888    -3.326     4.446
 3     0.464     0.523    -0.715
 3     0.219     0.713     0.665
 3     0.858    -0.466     0.216
 4   115.269    13.823    -8.280
 4     0.747    -0.634     0.199
 4     0.655     0.652    -0.382
 4     0.111     0.416     0.902
 5   122.874    19.398    19.529
 5     0.552    -0.678     0.485
 5    -0.222    -0.681    -0.698
 5     0.804     0.277    -0.527
 6   136.826    -2.611    16.979
 6     0.255     0.617    -0.744
 6    -0.913    -0.100    -0.396
 6    -0.319     0.780     0.537
 7   119.521   -24.525    -7.762
 7     0.901     0.416     0.124
 7    -0.429     0.808     0.403
 7     0.067    -0.416     0.907
 8   129.402   -27.229    19.063
 8     0.535     0.844    -0.039
 8     0.342    -0.174     0.923
 8     0.773    -0.507    -0.382
 9   141.720    -3.184    24.563
 9     0.287    -0.101    -0.953
 9     0.957     0.065     0.281
 9     0.034    -0.993     0.115
 2    96.194   -22.708    59.954
 2     0.185    -0.980     0.069
 2     0.964     0.195     0.182
 2    -0.192     0.033     0.981
 3   130.938    -3.274     4.446
 3     0.464     0.523    -0.715
 3     0.220     0.713     0.665
 3     0.858    -0.467     0.215
 4   115.268    13.773    -8.280
 4     0.746    -0.635     0.201
 4     0.656     0.651    -0.381
 4     0.111     0.416     0.902
 5   122.828    19.502    19.472
 5     0.551    -0.675     0.490
 5    -0.219    -0.684    -0.696
 5     0.805     0.276    -0.525
 6   136.879    -2.609    16.976
 6     0.256     0.617    -0.744
 6    -0.913    -0.099    -0.396
 6    -0.318     0.781     0.538
 7   119.547   -24.525    -7.762
 7     0.901     0.415     0.124
 7    -0.428     0.808     0.404
 7     0.067    -0.417     0.906
 8   129.312   -27.228    19.002
 8     0.533     0.845    -0.034
 8     0.339    -0.177     0.924
 8     0.775    -0.504    -0.382
 9   141.854    -3.410    24.423
 9     0.293    -0.104    -0.950
 9     0.955     0.071     0.286
 9     0.038    -0.992     0.120
 2    96.244   -22.657    59.954
 2     0.185    -0.980     0.069
 2     0.964     0.195     0.182
 2    -0.192     0.033     0.981
 3   131.008    -3.325     4.401
 3     0.465     0.523    -0.714
 3     0.222     0.712     0.666
 3     0.857    -0.468     0.215
 4   115.291    13.773    -8.328
 4     0.746    -0.635     0.202
 4     0.657     0.651    -0.381
 4     0.110     0.416     0.902
 5   122.882    19.454    19.416
 5     0.550    -0.674     0.492
 5    -0.217    -0.685    -0.695
 5     0.806     0.276    -0.524
 6   136.933    -2.581    17.020
 6     0.257     0.616    -0.744
 6    -0.913    -0.096    -0.396
 6    -0.316     0.781     0.538
 7   119.549   -24.574    -7.765
 7     0.901     0.414     0.124
 7    -0.427     0.808     0.405
 7     0.068    -0.418     0.906
 8   129.313   -27.279    19.002
 8     0.535     0.844    -0.030
 8     0.337    -0.180     0.924
 8     0.775    -0.504    -0.381
 9   141.956    -3.438    24.398
 9     0.306    -0.137    -0.942
 9     0.951     0.090     0.296
 9     0.044    -0.986     0.158
 2    96.192   -22.658    59.957
 2     0.185    -0.980     0.069
 2     0.964     0.195     0.182
 2    -0.193     0.033     0.981
 3   131.004    -3.326     4.357
 3     0.466     0.523    -0.714
 3     0.223     0.711     0.667
 3     0.856    -0.470     0.214
 4   115.288    13.721    -8.377
 4     0.745    -0.635     0.203
 4     0.658     0.651    -0.379
 4     0.109     0.416     0.902
 5   122.882    19.406    19.363
 5     0.552    -0.672     0.494
 5    -0.215    -0.687    -0.694
 5     0.806     0.276    -0.524
 6   136.938    -2.604    16.963
 6     0.258     0.617    -0.743
 6    -0.914    -0.094    -0.396
 6    -0.314     0.781     0.539
 7   119.471   -24.575    -7.733
 7     0.902     0.411     0.125
 7    -0.425     0.808     0.407
 7     0.066    -0.421     0.905
 8   129.253   -27.337    18.916
 8     0.542     0.839    -0.026
 8     0.331    -0.186     0.925
 8     0.772    -0.510    -0.379
 9   142.029    -3.619    23.975
 9     0.318    -0.167    -0.933
 9     0.947     0.105     0.303
 9     0.047    -0.980     0.192
 2    96.195   -22.657    59.955
 2     0.185    -0.980     0.069
 2     0.964     0.195     0.182
 2    -0.192     0.032     0.981
 3   131.050    -3.352     4.338
 3     0.467     0.524    -0.713
 3     0.224     0.709     0.668
 3     0.855    -0.472     0.214
 4   115.206    13.719    -8.445
 4     0.745    -0.635     0.205
 4     0.659     0.650    -0.378
 4     0.106     0.416     0.903
 5   122.659    19.242    19.172
 5     0.555    -0.653     0.514
 5    -0.200    -0.705    -0.680
 5     0.807     0.275    -0.522
 6   137.287    -2.166    16.749
 6     0.288     0.626    -0.725
 6    -0.901    -0.079    -0.426
 6    -0.324     0.776     0.541
 7   119.325   -24.530    -7.887
 7     0.905     0.404     0.130
 7    -0.421     0.812     0.404
 7     0.057    -0.421     0.905
 8   129.127   -27.473    18.754
 8     0.555     0.832    -0.003
 8     0.317    -0.208     0.925
 8     0.769    -0.515    -0.380
 9   142.249    -3.871    23.943
 9     0.341    -0.250    -0.906
 9     0.939     0.126     0.319
 9     0.034    -0.960     0.278
 2    96.195   -22.708    59.955
 2     0.186    -0.980     0.069
 2     0.964     0.195     0.182
 2    -0.192     0.032     0.981
 3   131.045    -3.354     4.293
 3     0.469     0.522    -0.713
 3     0.224     0.710     0.668
 3     0.854    -0.473     0.215
 4   115.164    13.674    -8.507
 4     0.739    -0.643     0.203
 4     0.665     0.646    -0.375
 4     0.110     0.412     0.904
 5   122.379    19.132    19.311
 5     0.562    -0.626     0.540
 5    -0.180    -0.730    -0.659
 5     0.807     0.273    -0.523
 6   137.594    -1.327    16.709
 6     0.328     0.686    -0.650
 6    -0.888    -0.010    -0.459
 6    -0.322     0.728     0.606
 7   119.276   -24.479    -7.835
 7     0.905     0.403     0.131
 7    -0.421     0.811     0.406
 7     0.057    -0.423     0.904
 8   128.503   -27.812    18.670
 8     0.569     0.821     0.048
 8     0.285    -0.252     0.924
 8     0.771    -0.513    -0.378
 9   142.493    -5.049    23.198
 9     0.379    -0.316    -0.870
 9     0.924     0.169     0.341
 9     0.039    -0.933     0.356
 2    96.195   -22.708    59.955
 2     0.186    -0.980     0.069
 2     0.964     0.195     0.182
 2    -0.192     0.032     0.981
 3   131.095    -3.354     4.293
 3     0.469     0.522    -0.713
 3     0.224     0.710     0.667
 3     0.854    -0.473     0.216
 4   115.170    13.679    -8.464
 4     0.734    -0.648     0.201
 4     0.669     0.642    -0.374
 4     0.113     0.409     0.905
 5   122.134    19.197    19.335
 5     0.573    -0.593     0.566
 5    -0.159    -0.758    -0.633
 5     0.804     0.272    -0.528
 6   137.731    -0.497    16.043
 6     0.349     0.717    -0.603
 6    -0.872     0.012    -0.490
 6    -0.344     0.697     0.629
 7   119.108   -24.314    -7.900
 7     0.911     0.385     0.149
 7    -0.411     0.814     0.409
 7     0.036    -0.434     0.900
 8   128.187   -27.813    18.541
 8     0.570     0.817     0.083
 8     0.265    -0.279     0.923
 8     0.777    -0.505    -0.375
 9   142.728    -5.762    23.259
 9     0.411    -0.381    -0.828
 9     0.910     0.227     0.347
 9     0.055    -0.896     0.440
 2    96.195   -22.657    59.955
 2     0.185    -0.980     0.069
 2     0.964     0.195     0.182
 2    -0.192     0.032     0.981
 3   131.213    -3.330     4.298
 3     0.471     0.517    -0.715
 3     0.225     0.713     0.664
 3     0.853    -0.474     0.219
 4   115.091    13.655    -8.436
 4     0.727    -0.656     0.203
 4     0.677     0.636    -0.369
 4     0.112     0.406     0.907
 5   121.922    18.977    19.207
 5     0.579    -0.571     0.582
 5    -0.147    -0.775    -0.614
 5     0.802     0.270    -0.533
 6   138.006     0.100    15.910
 6     0.385     0.761    -0.523
 6    -0.852     0.075    -0.518
 6    -0.355     0.645     0.677
 7   118.948   -24.258    -7.945
 7     0.914     0.367     0.171
 7    -0.405     0.820     0.404
 7     0.008    -0.439     0.898
 8   127.614   -28.247    18.422
 8     0.573     0.807     0.138
 8     0.231    -0.321     0.918
 8     0.786    -0.495    -0.371
 9   142.982    -7.610    22.571
 9     0.467    -0.459    -0.756
 9     0.882     0.295     0.366
 9     0.055    -0.838     0.543
 2    96.245   -22.657    59.955
 2     0.185    -0.980     0.069
 2     0.963     0.195     0.182
 2    -0.192     0.032     0.981
 3   131.257    -3.331     4.253
 3     0.472     0.514    -0.716
 3     0.226     0.714     0.662
 3     0.852    -0.475     0.221
 4   115.095    13.608    -8.466
 4     0.723    -0.661     0.202
 4     0.681     0.633    -0.367
 4     0.114     0.402     0.908
 5   121.749    18.859    19.340
 5     0.588    -0.541     0.601
 5    -0.131    -0.797    -0.590
 5     0.798     0.268    -0.539
 6   138.553     1.428    15.432
 6     0.442     0.805    -0.396
 6    -0.822     0.186    -0.539
 6    -0.360     0.564     0.743
 7   118.821   -24.212    -7.932
 7     0.911     0.371     0.179
 7    -0.412     0.815     0.407
 7     0.005    -0.445     0.896
 8   127.073   -28.176    18.666
 8     0.580     0.791     0.193
 8     0.204    -0.371     0.906
 8     0.789    -0.486    -0.377
 9   143.455    -7.901    22.637
 9     0.516    -0.521    -0.680
 9     0.854     0.375     0.360
 9     0.067    -0.767     0.638
 2    96.194   -22.708    59.955
 2     0.185    -0.980     0.069
 2     0.964     0.195     0.182
 2    -0.192     0.032     0.981
 3   131.352    -3.356     4.259
 3     0.473     0.510    -0.718
 3     0.229     0.716     0.660
 3     0.851    -0.477     0.221
 4   115.121    13.612    -8.468
 4     0.717    -0.668     0.201
 4     0.687     0.629    -0.362
 4     0.115     0.398     0.910
 5   121.227    18.608    19.477
 5     0.589    -0.495     0.638
 5    -0.105    -0.830    -0.547
 5     0.801     0.255    -0.541
 6   138.326     2.033    15.160
 6     0.507     0.832    -0.223
 6    -0.795     0.352    -0.495
 6    -0.333     0.428     0.840
 7   118.649   -24.294    -7.843
 7     0.906     0.378     0.189
 7    -0.423     0.807     0.412
 7     0.003    -0.453     0.891
 8   126.672   -28.394    18.695
 8     0.595     0.768     0.237
 8     0.176    -0.413     0.894
 8     0.784    -0.490    -0.381
 9   143.940    -9.303    21.719
 9     0.588    -0.587    -0.558
 9     0.807     0.478     0.347
 9     0.063    -0.654     0.754
 2    96.195   -22.657    59.955
 2     0.185    -0.980     0.069
 2     0.964     0.195     0.182
 2    -0.192     0.032     0.981
 3   131.295    -3.406     4.314
 3     0.472     0.505    -0.722
 3     0.232     0.719     0.655
 3     0.850    -0.477     0.222
 4   115.043    13.563    -8.516
 4     0.711    -0.674     0.202
 4     0.694     0.625    -0.357
 4     0.114     0.393     0.912
 5   120.798    18.508    19.376
 5     0.592    -0.446     0.671
 5    -0.073    -0.859    -0.507
 5     0.802     0.251    -0.542
 6   138.460     3.557    15.077
 6     0.582     0.810    -0.064
 6    -0.753     0.508    -0.417
 6    -0.306     0.291     0.906
 7   118.548   -24.348    -7.783
 7     0.903     0.381     0.196
 7    -0.429     0.803     0.414
 7     0.001    -0.458     0.889
 8   126.549   -28.507    18.684
 8     0.604     0.751     0.266
 8     0.153    -0.437     0.886
 8     0.782    -0.495    -0.379
 9   144.232   -10.261    21.054
 9     0.628    -0.625    -0.464
 9     0.776     0.550     0.308
 9     0.062    -0.554     0.830
 2    96.195   -22.657    59.955
 2     0.185    -0.980     0.069
 2     0.964     0.195     0.182
 2    -0.192     0.032     0.981
 3   131.337    -3.405     4.370
 3     0.471     0.497    -0.729
 3     0.238     0.724     0.647
 3     0.849    -0.479     0.223
 4   114.907    13.515    -8.558
 4     0.697    -0.687     0.206
 4     0.708     0.615    -0.346
 4     0.111     0.386     0.915
 5   120.297    18.357    19.395
 5     0.593    -0.396     0.701
 5    -0.045    -0.885    -0.463
 5     0.804     0.243    -0.543
 6   138.808     4.669    14.754
 6     0.643     0.765     0.001
 6    -0.705     0.594    -0.387
 6    -0.297     0.248     0.922
 7   118.485   -24.304    -7.756
 7     0.902     0.379     0.205
 7    -0.431     0.801     0.415
 7    -0.007    -0.464     0.886
 8   126.232   -28.688    18.687
 8     0.603     0.737     0.304
 8     0.129    -0.467     0.875
 8     0.787    -0.488    -0.377
 9   144.270   -11.030    21.003
 9     0.659    -0.617    -0.431
 9     0.749     0.590     0.301
 9     0.068    -0.521     0.851
 2    96.245   -22.708    59.903
 2     0.185    -0.980     0.069
 2     0.964     0.195     0.182
 2    -0.192     0.033     0.981
 3   131.280    -3.278     4.375
 3     0.471     0.489    -0.734
 3     0.241     0.728     0.641
 3     0.848    -0.480     0.225
 4   114.854    13.569    -8.635
 4     0.688    -0.695     0.207
 4     0.717     0.608    -0.341
 4     0.111     0.383     0.917
 5   119.875    18.207    19.380
 5     0.589    -0.345     0.730
 5    -0.020    -0.910    -0.414
 5     0.807     0.229    -0.543
 6   139.488     6.666    15.264
 6     0.711     0.703     0.010
 6    -0.641     0.654    -0.401
 6    -0.289     0.278     0.916
 7   118.451   -24.233    -7.739
 7     0.901     0.379     0.212
 7    -0.434     0.799     0.416
 7    -0.012    -0.467     0.884
 8   125.528   -28.335    18.845
 8     0.602     0.709     0.366
 8     0.102    -0.523     0.846
 8     0.792    -0.472    -0.387
 9   145.260   -12.989    20.907
 9     0.727    -0.544    -0.419
 9     0.685     0.619     0.385
 9     0.049    -0.567     0.823
 2    96.244   -22.657    59.954
 2     0.185    -0.980     0.069
 2     0.964     0.195     0.182
 2    -0.192     0.033     0.981
 3   131.341    -3.153     4.461
 3     0.472     0.478    -0.740
 3     0.245     0.735     0.631
 3     0.846    -0.480     0.230
 4   114.773    13.708    -8.589
 4     0.678    -0.706     0.205
 4     0.724     0.596    -0.345
 4     0.121     0.382     0.916
 5   119.599    18.232    19.633
 5     0.587    -0.298     0.752
 5     0.008    -0.928    -0.373
 5     0.809     0.225    -0.542
 6   140.355     8.830    15.685
 6     0.782     0.623     0.014
 6    -0.561     0.714    -0.419
 6    -0.271     0.320     0.908
 7   118.300   -24.113    -7.780
 7     0.894     0.390     0.218
 7    -0.447     0.795     0.410
 7    -0.014    -0.465     0.885
 8   125.069   -28.292    18.778
 8     0.607     0.683     0.405
 8     0.080    -0.560     0.824
 8     0.791    -0.468    -0.395
 9   145.804   -15.457    20.456
 9     0.792    -0.467    -0.394
 9     0.609     0.636     0.472
 9     0.030    -0.614     0.788
 2    96.194   -22.708    59.955
 2     0.185    -0.980     0.069
 2     0.964     0.195     0.182
 2    -0.192     0.032     0.981
 3   131.334    -3.180     4.415
 3     0.475     0.472    -0.743
 3     0.246     0.739     0.627
 3     0.845    -0.481     0.234
 4   114.880    13.769    -8.603
 4     0.664    -0.719     0.204
 4     0.737     0.583    -0.341
 4     0.126     0.377     0.917
 5   118.899    18.234    19.535
 5     0.566    -0.231     0.791
 5     0.043    -0.950    -0.308
 5     0.823     0.209    -0.528
 6   140.955    10.887    17.543
 6     0.846     0.531    -0.035
 6    -0.496     0.763    -0.414
 6    -0.193     0.368     0.909
 7   118.218   -24.122    -7.841
 7     0.887     0.401     0.227
 7    -0.460     0.790     0.404
 7    -0.018    -0.463     0.886
 8   124.719   -28.430    18.854
 8     0.614     0.656     0.438
 8     0.058    -0.591     0.805
 8     0.787    -0.469    -0.401
 9   146.815   -17.522    21.236
 9     0.826    -0.405    -0.391
 9     0.562     0.625     0.541
 9     0.025    -0.667     0.745
 2    96.245   -22.657    59.955
 2     0.185    -0.980     0.069
 2     0.964     0.195     0.182
 2    -0.192     0.032     0.981
 3   131.420    -2.999     4.570
 3     0.472     0.452    -0.757
 3     0.255     0.752     0.608
 3     0.844    -0.480     0.240
 4   114.852    13.834    -8.583
 4     0.650    -0.733     0.199
 4     0.747     0.570    -0.341
 4     0.137     0.370     0.918
 5   118.421    18.148    19.763
 5     0.545    -0.187     0.817
 5     0.068    -0.961    -0.266
 5     0.835     0.201    -0.512
 6   141.047    12.732    18.575
 6     0.902     0.430    -0.024
 6    -0.410     0.839    -0.357
 6    -0.134     0.331     0.934
 7   118.217   -24.125    -7.807
 7     0.885     0.403     0.232
 7    -0.465     0.788     0.404
 7    -0.020    -0.466     0.885
 8   123.963   -28.754    18.693
 8     0.587     0.646     0.488
 8     0.023    -0.616     0.787
 8     0.809    -0.451    -0.377
 9   145.816   -18.047    21.730
 9     0.849    -0.398    -0.347
 9     0.523     0.717     0.460
 9     0.065    -0.573     0.817
 2    96.195   -22.657    59.955
 2     0.185    -0.980     0.069
 2     0.963     0.195     0.182
 2    -0.192     0.032     0.981
 3   131.358    -2.975     4.479
 3     0.472     0.442    -0.763
 3     0.260     0.757     0.599
 3     0.842    -0.481     0.242
 4   114.851    13.888    -8.638
 4     0.643    -0.740     0.199
 4     0.753     0.563    -0.339
 4     0.138     0.368     0.919
 5   118.291    18.109    19.805
 5     0.544    -0.160     0.824
 5     0.081    -0.967    -0.242
 5     0.835     0.198    -0.513
 6   141.414    14.090    18.778
 6     0.930     0.366    -0.001
 6    -0.346     0.877    -0.333
 6    -0.121     0.310     0.943
 7   118.292   -24.152    -7.774
 7     0.873     0.427     0.235
 7    -0.487     0.776     0.401
 7    -0.011    -0.465     0.885
 8   123.359   -28.601    18.958
 8     0.576     0.627     0.524
 8     0.005    -0.644     0.765
 8     0.817    -0.438    -0.374
 9   145.791   -19.456    22.146
 9     0.880    -0.350    -0.320
 9     0.470     0.736     0.487
 9     0.066    -0.579     0.812
 2    96.244   -22.657    59.954
 2     0.185    -0.980     0.069
 2     0.964     0.195     0.182
 2    -0.192     0.033     0.981
 3   131.410    -2.972     4.600
 3     0.469     0.437    -0.768
 3     0.262     0.761     0.593
 3     0.843    -0.480     0.242
 4   114.855    13.968    -8.592
 4     0.637    -0.745     0.198
 4     0.758     0.559    -0.336
 4     0.140     0.364     0.921
 5   117.948    18.032    19.829
 5     0.535    -0.117     0.836
 5     0.105    -0.973    -0.204
 5     0.838     0.197    -0.509
 6   141.112    15.885    19.117
 6     0.957     0.288     0.016
 6    -0.270     0.913    -0.304
 6    -0.103     0.287     0.952
 7   118.234   -24.133    -7.760
 7     0.869     0.431     0.241
 7    -0.494     0.774     0.397
 7    -0.015    -0.464     0.886
 8   123.078   -28.769    18.909
 8     0.582     0.599     0.549
 8    -0.021    -0.665     0.747
 8     0.813    -0.446    -0.374
 9   145.904   -20.902    21.724
 9     0.908    -0.315    -0.277
 9     0.415     0.763     0.494
 9     0.055    -0.564     0.824
 2    96.194   -22.657    59.954
 2     0.185    -0.980     0.069
 2     0.964     0.195     0.182
 2    -0.192     0.033     0.981
 3   131.291    -2.974     4.538
 3     0.471     0.424    -0.774
 3     0.267     0.767     0.583
 3     0.840    -0.481     0.248
 4   114.710    13.916    -8.749
 4     0.625    -0.754     0.202
 4     0.769     0.551    -0.325
 4     0.133     0.358     0.924
 5   117.505    17.982    19.575
 5     0.524    -0.072     0.848
 5     0.133    -0.977    -0.165
 5     0.841     0.199    -0.503
 6   140.821    17.262    18.985
 6     0.973     0.230     0.023
 6    -0.212     0.930    -0.301
 6    -0.090     0.288     0.953
 7   118.120   -24.144    -7.733
 7     0.864     0.436     0.251
 7    -0.503     0.771     0.390
 7    -0.023    -0.464     0.885
 8   122.843   -28.905    18.960
 8     0.579     0.576     0.577
 8    -0.044    -0.685     0.727
 8     0.814    -0.446    -0.372
 9   146.034   -22.393    21.730
 9     0.931    -0.273    -0.243
 9     0.362     0.776     0.516
 9     0.048    -0.568     0.821
 2    96.244   -22.657    59.954
 2     0.185    -0.980     0.069
 2     0.964     0.195     0.182
 2    -0.192     0.033     0.981
 3   131.372    -2.822     4.604
 3     0.472     0.407    -0.782
 3     0.276     0.774     0.569
 3     0.837    -0.485     0.253
 4   114.528    13.970    -8.849
 4     0.612    -0.764     0.205
 4     0.780     0.539    -0.318
 4     0.132     0.354     0.926
 5   117.161    18.132    19.629
 5     0.512    -0.033     0.858
 5     0.156    -0.979    -0.131
 5     0.844     0.201    -0.497
 6   140.722    18.926    20.075
 6     0.989     0.145    -0.000
 6    -0.139     0.945    -0.294
 6    -0.043     0.291     0.956
 7   117.869   -24.182    -7.664
 7     0.850     0.455     0.263
 7    -0.526     0.760     0.382
 7    -0.026    -0.463     0.886
 8   122.335   -28.964    18.985
 8     0.575     0.547     0.607
 8    -0.065    -0.709     0.702
 8     0.815    -0.443    -0.372
 9   145.675   -23.883    21.849
 9     0.953    -0.223    -0.203
 9     0.297     0.810     0.505
 9     0.052    -0.542     0.838
 2    96.245   -22.658    59.954
 2     0.186    -0.980     0.069
 2     0.964     0.195     0.182
 2    -0.192     0.033     0.981
 3   131.239    -2.875     4.608
 3     0.473     0.398    -0.786
 3     0.277     0.779     0.562
 3     0.836    -0.484     0.258
 4   114.493    13.852    -8.894
 4     0.603    -0.772     0.200
 4     0.785     0.531    -0.318
 4     0.139     0.349     0.927
 5   116.996    17.896    19.528
 5     0.504    -0.004     0.863
 5     0.169    -0.980    -0.103
 5     0.847     0.198    -0.494
 6   140.557    19.782    20.448
 6     0.996     0.087    -0.009
 6    -0.086     0.962    -0.258
 6    -0.014     0.257     0.966
 7   117.769   -24.339    -7.607
 7     0.844     0.463     0.267
 7    -0.535     0.755     0.379
 7    -0.027    -0.463     0.886
 8   122.050   -28.971    19.162
 8     0.572     0.523     0.632
 8    -0.083    -0.729     0.679
 8     0.816    -0.441    -0.374
 9   145.652   -24.849    21.515
 9     0.969    -0.188    -0.157
 9     0.241     0.845     0.476
 9     0.043    -0.500     0.865
 2    96.195   -22.657    59.955
 2     0.185    -0.980     0.069
 2     0.964     0.195     0.182
 2    -0.192     0.032     0.981
 3   131.252    -2.877     4.566
 3     0.475     0.390    -0.789
 3     0.279     0.783     0.555
 3     0.834    -0.484     0.263
 4   114.376    13.912    -8.957
 4     0.588    -0.784     0.196
 4     0.796     0.518    -0.313
 4     0.144     0.340     0.929
 5   116.523    18.044    19.460
 5     0.493     0.036     0.869
 5     0.192    -0.979    -0.068
 5     0.849     0.200    -0.489
 6   139.990    20.894    20.548
 6     0.999     0.040    -0.004
 6    -0.040     0.970    -0.239
 6    -0.006     0.238     0.971
 7   117.635   -24.300    -7.558
 7     0.834     0.475     0.278
 7    -0.550     0.749     0.369
 7    -0.033    -0.461     0.887
 8   121.711   -29.063    19.207
 8     0.577     0.487     0.655
 8    -0.108    -0.750     0.652
 8     0.809    -0.447    -0.381
 9   145.747   -26.177    21.242
 9     0.983    -0.145    -0.107
 9     0.178     0.865     0.468
 9     0.025    -0.480     0.877
 2    96.242   -22.658    59.958
 2     0.185    -0.980     0.069
 2     0.964     0.195     0.182
 2    -0.193     0.032     0.981
 3   131.111    -2.826     4.447
 3     0.474     0.370    -0.799
 3     0.286     0.793     0.537
 3     0.832    -0.484     0.270
 4   114.080    13.757    -9.035
 4     0.575    -0.793     0.200
 4     0.807     0.509    -0.300
 4     0.136     0.333     0.933
 5   115.899    17.941    19.214
 5     0.477     0.082     0.875
 5     0.219    -0.975    -0.028
 5     0.851     0.204    -0.484
 6   139.340    21.540    20.356
 6     1.000     0.010     0.001
 6    -0.010     0.973    -0.230
 6    -0.003     0.230     0.973
 7   117.340   -24.391    -7.541
 7     0.826     0.480     0.296
 7    -0.562     0.743     0.364
 7    -0.045    -0.467     0.883
 8   121.398   -29.363    18.987
 8     0.578     0.455     0.676
 8    -0.139    -0.762     0.632
 8     0.804    -0.460    -0.378
 9   145.161   -27.849    20.361
 9     0.991    -0.107    -0.074
 9     0.129     0.875     0.465
 9     0.015    -0.471     0.882
 2    96.245   -22.657    59.955
 2     0.185    -0.980     0.069
 2     0.964     0.195     0.182
 2    -0.192     0.032     0.981
 3   131.151    -2.802     4.475
 3     0.475     0.358    -0.804
 3     0.288     0.800     0.527
 3     0.831    -0.482     0.277
 4   113.875    13.805    -9.079
 4     0.555    -0.807     0.203
 4     0.822     0.495    -0.281
 4     0.125     0.323     0.938
 5   115.271    17.971    19.150
 5     0.456     0.126     0.881
 5     0.240    -0.971     0.015
 5     0.857     0.205    -0.473
 6   138.645    22.391    20.508
 6     1.000    -0.020     0.000
 6     0.020     0.974    -0.226
 6     0.004     0.225     0.974
 7   117.118   -24.412    -7.595
 7     0.810     0.495     0.314
 7    -0.584     0.733     0.349
 7    -0.058    -0.466     0.883
 8   120.498   -29.632    18.872
 8     0.563     0.424     0.709
 8    -0.171    -0.780     0.602
 8     0.808    -0.461    -0.367
 9   144.517   -29.154    20.189
 9     0.995    -0.077    -0.057
 9     0.094     0.881     0.463
 9     0.015    -0.467     0.884
 2    96.245   -22.657    59.955
 2     0.185    -0.980     0.069
 2     0.964     0.195     0.182
 2    -0.192     0.032     0.981
 3   131.094    -2.801     4.388
 3     0.473     0.334    -0.815
 3     0.289     0.815     0.501
 3     0.832    -0.473     0.289
 4   113.633    13.732    -9.286
 4     0.529    -0.825     0.198
 4     0.840     0.477    -0.258
 4     0.119     0.302     0.945
 5   114.816    17.764    19.029
 5     0.443     0.175     0.879
 5     0.259    -0.964     0.061
 5     0.858     0.201    -0.473
 6   137.696    24.035    20.313
 6     0.996    -0.087     0.015
 6     0.088     0.971    -0.221
 6     0.004     0.221     0.975
 7   116.862   -24.421    -7.504
 7     0.789     0.526     0.317
 7    -0.613     0.716     0.334
 7    -0.051    -0.458     0.887
 8   119.456   -29.694    19.006
 8     0.537     0.376     0.755
 8    -0.206    -0.809     0.550
 8     0.818    -0.451    -0.357
 9   143.404   -30.995    20.700
 9     0.999    -0.009    -0.035
 9     0.024     0.890     0.454
 9     0.027    -0.455     0.890
 2    96.195   -22.658    59.955
 2     0.186    -0.980     0.069
 2     0.964     0.195     0.182
 2    -0.192     0.032     0.981
 3   131.127    -2.625     4.336
 3     0.474     0.304    -0.827
 3     0.292     0.831     0.473
 3     0.831    -0.466     0.305
 4   113.419    13.636    -9.321
 4     0.500    -0.844     0.191
 4     0.858     0.454    -0.240
 4     0.115     0.284     0.952
 5   114.542    17.674    18.983
 5     0.437     0.218     0.872
 5     0.277    -0.955     0.100
 5     0.855     0.198    -0.478
 6   137.135    25.160    20.105
 6     0.990    -0.138     0.035
 6     0.142     0.968    -0.204
 6    -0.006     0.207     0.978
 7   116.711   -24.473    -7.348
 7     0.774     0.549     0.314
 7    -0.632     0.702     0.328
 7    -0.041    -0.453     0.891
 8   118.862   -29.578    19.280
 8     0.521     0.326     0.789
 8    -0.234    -0.834     0.499
 8     0.821    -0.445    -0.358
 9   142.661   -32.488    20.785
 9     0.999     0.046    -0.007
 9    -0.039     0.898     0.438
 9     0.027    -0.438     0.899
 2    96.245   -22.657    59.955
 2     0.185    -0.980     0.069
 2     0.964     0.195     0.182
 2    -0.192     0.032     0.981
 3   131.163    -2.576     4.158
 3     0.473     0.282    -0.834
 3     0.293     0.842     0.451
 3     0.830    -0.459     0.316
 4   112.910    13.517    -9.400
 4     0.473    -0.859     0.195
 4     0.873     0.428    -0.232
 4     0.115     0.280     0.953
 5   114.166    17.475    18.965
 5     0.438     0.251     0.863
 5     0.289    -0.948     0.129
 5     0.851     0.193    -0.488
 6   136.633    25.515    19.769
 6     0.985    -0.162     0.048
 6     0.168     0.965    -0.199
 6    -0.015     0.204     0.979
 7   116.557   -24.582    -7.341
 7     0.752     0.580     0.312
 7    -0.658     0.685     0.314
 7    -0.032    -0.442     0.896
 8   118.274   -29.548    19.387
 8     0.507     0.257     0.823
 8    -0.271    -0.858     0.435
 8     0.818    -0.444    -0.365
 9   141.821   -34.530    20.589
 9     0.992     0.114     0.040
 9    -0.121     0.894     0.430
 9     0.013    -0.432     0.902
 2    96.195   -22.657    59.955
 2     0.185    -0.980     0.069
 2     0.964     0.195     0.182
 2    -0.192     0.032     0.981
 3   131.110    -2.395     4.048
 3     0.470     0.264    -0.842
 3     0.297     0.851     0.433
 3     0.831    -0.454     0.321
 4   112.675    13.466    -9.264
 4     0.464    -0.864     0.197
 4     0.879     0.420    -0.227
 4     0.112     0.278     0.954
 5   113.922    17.503    18.979
 5     0.436     0.270     0.858
 5     0.301    -0.943     0.143
 5     0.848     0.196    -0.493
 6   136.154    26.278    19.560
 6     0.980    -0.191     0.062
 6     0.199     0.962    -0.189
 6    -0.024     0.197     0.980
 7   116.155   -24.671    -7.399
 7     0.734     0.598     0.321
 7    -0.678     0.670     0.302
 7    -0.035    -0.440     0.897
 8   117.736   -29.617    19.359
 8     0.503     0.211     0.838
 8    -0.298    -0.868     0.398
 8     0.811    -0.450    -0.374
 9   141.189   -35.718    20.343
 9     0.986     0.151     0.067
 9    -0.165     0.889     0.427
 9     0.005    -0.432     0.901
 2    96.245   -22.708    59.954
 2     0.186    -0.980     0.069
 2     0.964     0.195     0.182
 2    -0.192     0.033     0.981
 3   130.973    -2.448     3.870
 3     0.472     0.247    -0.846
 3     0.298     0.859     0.417
 3     0.830    -0.449     0.332
 4   112.037    13.207    -9.408
 4     0.442    -0.873     0.208
 4     0.891     0.401    -0.210
 4     0.099     0.278     0.955
 5   113.548    17.427    18.940
 5     0.437     0.290     0.851
 5     0.309    -0.937     0.161
 5     0.844     0.193    -0.500
 6   135.683    26.313    19.239
 6     0.975    -0.214     0.062
 6     0.221     0.957    -0.184
 6    -0.020     0.193     0.981
 7   115.715   -24.614    -7.486
 7     0.716     0.610     0.337
 7    -0.696     0.657     0.289
 7    -0.045    -0.442     0.896
 8   117.333   -29.708    19.211
 8     0.496     0.172     0.851
 8    -0.321    -0.875     0.364
 8     0.807    -0.453    -0.379
 9   140.496   -36.391    20.272
 9     0.979     0.187     0.081
 9    -0.204     0.886     0.416
 9     0.006    -0.424     0.906
 2    96.195   -22.657    59.955
 2     0.185    -0.980     0.069
 2     0.964     0.195     0.182
 2    -0.192     0.032     0.981
 3   130.902    -2.300     3.627
 3     0.475     0.223    -0.851
 3     0.300     0.868     0.395
 3     0.827    -0.444     0.345
 4   111.371    13.000    -9.422
 4     0.413    -0.884     0.217
 4     0.906     0.377    -0.190
 4     0.085     0.275     0.957
 5   113.053    17.482    18.898
 5     0.434     0.316     0.843
 5     0.322    -0.929     0.183
 5     0.841     0.192    -0.505
 6   134.993    27.570    19.581
 6     0.960    -0.274     0.048
 6     0.278     0.941    -0.191
 6     0.007     0.196     0.980
 7   115.493   -24.569    -7.482
 7     0.707     0.620     0.340
 7    -0.706     0.649     0.284
 7    -0.045    -0.441     0.896
 8   116.992   -29.586    19.292
 8     0.488     0.146     0.860
 8    -0.331    -0.881     0.337
 8     0.807    -0.450    -0.382
 9   140.052   -37.573    20.010
 9     0.969     0.224     0.102
 9    -0.246     0.875     0.415
 9     0.004    -0.428     0.904
 2    96.195   -22.657    59.955
 2     0.185    -0.980     0.069
 2     0.963     0.195     0.182
 2    -0.192     0.032     0.981
 3   130.734    -2.122     3.583
 3     0.472     0.200    -0.858
 3     0.308     0.875     0.373
 3     0.825    -0.441     0.352
 4   110.685    12.792    -9.467
 4     0.390    -0.892     0.226
 4     0.917     0.357    -0.173
 4     0.073     0.275     0.958
 5   112.720    17.384    18.821
 5     0.432     0.331     0.839
 5     0.328    -0.924     0.196
 5     0.840     0.190    -0.508
 6   134.728    28.029    19.968
 6     0.951    -0.307     0.035
 6     0.307     0.930    -0.200
 6     0.029     0.200     0.979
 7   115.392   -24.692    -7.485
 7     0.697     0.633     0.335
 7    -0.716     0.638     0.284
 7    -0.034    -0.438     0.898
 8   116.555   -29.458    19.430
 8     0.472     0.130     0.872
 8    -0.334    -0.889     0.314
 8     0.815    -0.440    -0.376
 9   139.655   -38.003    20.264
 9     0.964     0.246     0.101
 9    -0.266     0.869     0.417
 9     0.015    -0.429     0.903
 2    96.195   -22.657    59.955
 2     0.185    -0.980     0.069
 2     0.964     0.195     0.182
 2    -0.192     0.032     0.981
 3   130.650    -1.997     3.501
 3     0.474     0.177    -0.863
 3     0.308     0.884     0.351
 3     0.825    -0.432     0.364
 4   110.380    12.747    -9.397
 4     0.373    -0.898     0.232
 4     0.925     0.340    -0.170
 4     0.074     0.278     0.958
 5   112.292    17.262    18.838
 5     0.429     0.346     0.834
 5     0.330    -0.920     0.211
 5     0.840     0.185    -0.510
 6   134.295    28.440    20.142
 6     0.944    -0.327     0.038
 6     0.327     0.924    -0.198
 6     0.029     0.199     0.979
 7   115.327   -24.635    -7.432
 7     0.687     0.651     0.321
 7    -0.726     0.627     0.283
 7    -0.017    -0.428     0.904
 8   116.040   -29.230    19.542
 8     0.456     0.120     0.882
 8    -0.339    -0.893     0.297
 8     0.823    -0.435    -0.367
 9   139.172   -38.095    20.827
 9     0.959     0.266     0.092
 9    -0.280     0.862     0.422
 9     0.033    -0.431     0.902
 2    96.192   -22.658    59.958
 2     0.185    -0.980     0.069
 2     0.964     0.195     0.182
 2    -0.193     0.032     0.981
 3   130.642    -1.820     3.446
 3     0.474     0.160    -0.866
 3     0.307     0.891     0.333
 3     0.825    -0.424     0.373
 4   110.043    12.646    -9.340
 4     0.361    -0.902     0.238
 4     0.930     0.328    -0.165
 4     0.071     0.280     0.957
 5   111.968    17.270    18.879
 5     0.423     0.361     0.831
 5     0.337    -0.914     0.226
 5     0.841     0.184    -0.509
 6   133.842    28.673    20.060
 6     0.939    -0.342     0.039
 6     0.342     0.919    -0.194
 6     0.030     0.196     0.980
 7   115.287   -24.634    -7.394
 7     0.681     0.660     0.317
 7    -0.732     0.621     0.280
 7    -0.012    -0.423     0.906
 8   115.863   -29.186    19.506
 8     0.452     0.103     0.886
