% Calibrated with leiden_pols
% Positions are in centimeters
Data =[
 2    96.244   -22.708    59.954
 2     0.185    -0.980     0.069
 2     0.964     0.195     0.182
 2    -0.192     0.033     0.981
 3   130.258    -3.000     3.898
 3     0.504     0.499    -0.705
 3     0.267     0.685     0.677
 3     0.821    -0.530     0.212
 4   112.868    13.265    -9.334
 4     0.737    -0.626     0.254
 4     0.674     0.654    -0.344
 4     0.049     0.424     0.904
 5   122.704    19.528    17.804
 5     0.580    -0.703     0.411
 5    -0.228    -0.625    -0.746
 5     0.782     0.339    -0.523
 6   136.805    -3.400    16.354
 6     0.251     0.672    -0.697
 6    -0.936    -0.015    -0.352
 6    -0.247     0.740     0.625
 7   116.950   -24.659    -6.704
 7     0.901     0.377     0.214
 7    -0.432     0.816     0.384
 7    -0.030    -0.438     0.898
 8   129.729   -27.037    18.625
 8     0.588     0.801    -0.109
 8     0.323    -0.110     0.940
 8     0.741    -0.588    -0.324
 9   140.471    -1.849    22.713
 9     0.221    -0.506    -0.834
 9     0.973     0.171     0.154
 9     0.065    -0.845     0.530
 2    96.245   -22.708    59.955
 2     0.185    -0.980     0.069
 2     0.964     0.195     0.182
 2    -0.192     0.032     0.981
 3   130.208    -3.000     3.897
 3     0.504     0.499    -0.705
 3     0.267     0.686     0.677
 3     0.821    -0.530     0.212
 4   112.868    13.265    -9.334
 4     0.737    -0.626     0.254
 4     0.674     0.654    -0.343
 4     0.049     0.424     0.904
 5   122.582    19.530    17.848
 5     0.579    -0.701     0.415
 5    -0.227    -0.628    -0.745
 5     0.783     0.337    -0.523
 6   136.804    -3.400    16.404
 6     0.252     0.672    -0.697
 6    -0.935    -0.015    -0.353
 6    -0.247     0.740     0.625
 7   116.946   -24.610    -6.699
 7     0.901     0.375     0.215
 7    -0.431     0.817     0.382
 7    -0.032    -0.438     0.898
 8   129.675   -27.038    18.629
 8     0.589     0.801    -0.110
 8     0.324    -0.109     0.939
 8     0.740    -0.589    -0.324
 9   140.393    -1.900    22.660
 9     0.221    -0.511    -0.831
 9     0.973     0.172     0.153
 9     0.065    -0.842     0.535
 2    96.195   -22.708    59.955
 2     0.186    -0.980     0.069
 2     0.964     0.195     0.182
 2    -0.192     0.032     0.981
 3   130.138    -2.954     3.790
 3     0.510     0.490    -0.707
 3     0.269     0.689     0.672
 3     0.817    -0.533     0.220
 4   112.783    13.263    -9.373
 4     0.734    -0.629     0.257
 4     0.677     0.652    -0.339
 4     0.045     0.423     0.905
 5   122.270    19.334    17.891
 5     0.572    -0.698     0.431
 5    -0.230    -0.641    -0.732
 5     0.787     0.320    -0.527
 6   136.706    -3.301    16.197
 6     0.266     0.675    -0.689
 6    -0.929    -0.011    -0.369
 6    -0.257     0.738     0.624
 7   116.830   -24.513    -6.734
 7     0.903     0.369     0.216
 7    -0.427     0.821     0.379
 7    -0.038    -0.435     0.899
 8   129.767   -26.990    18.536
 8     0.592     0.798    -0.114
 8     0.324    -0.107     0.940
 8     0.738    -0.593    -0.322
 9   140.411    -1.443    22.457
 9     0.220    -0.545    -0.809
 9     0.973     0.182     0.141
 9     0.070    -0.818     0.570
 2    96.244   -22.657    59.954
 2     0.185    -0.980     0.069
 2     0.964     0.195     0.182
 2    -0.192     0.033     0.981
 3   130.126    -2.780     3.799
 3     0.512     0.483    -0.710
 3     0.270     0.694     0.667
 3     0.815    -0.533     0.225
 4   112.681    13.416    -9.323
 4     0.730    -0.633     0.259
 4     0.682     0.648    -0.338
 4     0.045     0.423     0.905
 5   122.133    19.336    17.943
 5     0.576    -0.689     0.441
 5    -0.227    -0.653    -0.723
 5     0.785     0.316    -0.532
 6   136.804    -2.948    16.212
 6     0.280     0.671    -0.687
 6    -0.922    -0.010    -0.386
 6    -0.266     0.741     0.615
 7   116.878   -24.386    -6.732
 7     0.904     0.368     0.217
 7    -0.425     0.822     0.379
 7    -0.039    -0.435     0.900
 8   129.707   -26.818    18.439
 8     0.602     0.793    -0.094
 8     0.320    -0.132     0.938
 8     0.732    -0.594    -0.333
 9   140.681    -1.810    21.831
 9     0.263    -0.584    -0.768
 9     0.962     0.217     0.164
 9     0.070    -0.782     0.619
 2    96.244   -22.657    59.954
 2     0.185    -0.980     0.069
 2     0.964     0.195     0.182
 2    -0.192     0.033     0.981
 3   130.127    -2.781     3.799
 3     0.514     0.483    -0.709
 3     0.268     0.694     0.667
 3     0.815    -0.534     0.227
 4   112.682    13.443    -9.377
 4     0.729    -0.634     0.259
 4     0.683     0.648    -0.338
 4     0.046     0.423     0.905
 5   121.819    19.196    17.936
 5     0.585    -0.663     0.468
 5    -0.211    -0.681    -0.701
 5     0.783     0.311    -0.538
 6   137.250    -1.919    16.044
 6     0.333     0.698    -0.634
 6    -0.900     0.035    -0.435
 6    -0.282     0.715     0.640
 7   116.746   -24.339    -6.875
 7     0.903     0.369     0.220
 7    -0.428     0.822     0.376
 7    -0.042    -0.434     0.900
 8   129.268   -26.747    18.461
 8     0.613     0.788    -0.046
 8     0.306    -0.183     0.934
 8     0.728    -0.587    -0.354
 9   141.312    -2.287    21.704
 9     0.310    -0.603    -0.735
 9     0.949     0.243     0.200
 9     0.058    -0.760     0.647
 2    96.244   -22.657    59.954
 2     0.185    -0.980     0.069
 2     0.964     0.195     0.182
 2    -0.192     0.033     0.981
 3   130.166    -2.684     3.808
 3     0.518     0.478    -0.709
 3     0.265     0.698     0.665
 3     0.813    -0.533     0.235
 4   112.748    13.505    -9.400
 4     0.719    -0.646     0.254
 4     0.692     0.639    -0.335
 4     0.054     0.417     0.907
 5   121.200    19.098    18.142
 5     0.587    -0.624     0.516
 5    -0.186    -0.724    -0.664
 5     0.787     0.294    -0.542
 6   137.830    -0.587    16.018
 6     0.399     0.713    -0.576
 6    -0.873     0.104    -0.477
 6    -0.280     0.693     0.664
 7   116.693   -24.318    -6.893
 7     0.900     0.373     0.223
 7    -0.433     0.820     0.374
 7    -0.044    -0.434     0.900
 8   128.743   -26.570    18.765
 8     0.619     0.785    -0.000
 8     0.292    -0.230     0.928
 8     0.729    -0.574    -0.372
 9   142.464    -3.502    21.139
 9     0.387    -0.607    -0.694
 9     0.920     0.295     0.256
 9     0.049    -0.738     0.673
 2    96.242   -22.658    59.958
 2     0.185    -0.980     0.069
 2     0.964     0.195     0.182
 2    -0.193     0.032     0.981
 3   130.211    -2.737     3.838
 3     0.520     0.475    -0.710
 3     0.265     0.700     0.663
 3     0.812    -0.533     0.238
 4   112.751    13.460    -9.480
 4     0.708    -0.659     0.251
 4     0.703     0.632    -0.325
 4     0.056     0.407     0.911
 5   120.711    18.894    18.170
 5     0.597    -0.577     0.557
 5    -0.158    -0.766    -0.623
 5     0.786     0.284    -0.549
 6   138.347     0.669    15.658
 6     0.463     0.740    -0.487
 6    -0.841     0.194    -0.506
 6    -0.280     0.643     0.712
 7   116.574   -24.320    -6.943
 7     0.896     0.381     0.227
 7    -0.442     0.815     0.375
 7    -0.043    -0.436     0.899
 8   128.510   -26.578    18.672
 8     0.631     0.774     0.027
 8     0.281    -0.262     0.923
 8     0.722    -0.575    -0.384
 9   143.552    -4.244    21.267
 9     0.446    -0.595    -0.669
 9     0.893     0.345     0.289
 9     0.058    -0.726     0.685
 2    96.244   -22.657    59.954
 2     0.185    -0.980     0.069
 2     0.964     0.195     0.182
 2    -0.192     0.033     0.981
 3   130.271    -2.739     3.827
 3     0.522     0.468    -0.713
 3     0.268     0.703     0.658
 3     0.809    -0.535     0.242
 4   112.653    13.517    -9.434
 4     0.697    -0.672     0.250
 4     0.714     0.623    -0.319
 4     0.058     0.401     0.914
 5   120.348    18.862    18.331
 5     0.605    -0.537     0.588
 5    -0.136    -0.797    -0.588
 5     0.785     0.276    -0.555
