% Calibrated with leiden_pols
% Positions are in centimeters
Data =[
 2    96.244   -22.708    59.954
 2     0.185    -0.980     0.069
 2     0.964     0.195     0.182
 2    -0.192     0.033     0.981
 3   130.258    -3.000     3.898
 3     0.504     0.499    -0.705
 3     0.267     0.685     0.677
 3     0.821    -0.530     0.212
 4   112.868    13.265    -9.334
 4     0.737    -0.626     0.254
 4     0.674     0.654    -0.344
 4     0.049     0.424     0.904
 5   122.704    19.528    17.804
 5     0.580    -0.703     0.411
 5    -0.228    -0.625    -0.746
 5     0.782     0.339    -0.523
 6   136.805    -3.400    16.354
 6     0.251     0.672    -0.697
 6    -0.936    -0.015    -0.352
 6    -0.247     0.740     0.625
 7   116.950   -24.659    -6.704
 7     0.901     0.377     0.214
 7    -0.432     0.816     0.384
 7    -0.030    -0.438     0.898
 8   129.729   -27.037    18.625
 8     0.588     0.801    -0.109
 8     0.323    -0.110     0.940
 8     0.741    -0.588    -0.324
 9   140.471    -1.849    22.713
 9     0.221    -0.506    -0.834
 9     0.973     0.171     0.154
 9     0.065    -0.845     0.530
 2    96.245   -22.708    59.955
 2     0.185    -0.980     0.069
 2     0.964     0.195     0.182
 2    -0.192     0.032     0.981
 3   130.208    -3.000     3.897
 3     0.504     0.499    -0.705
 3     0.267     0.686     0.677
 3     0.821    -0.530     0.212
 4   112.868    13.265    -9.334
 4     0.737    -0.626     0.254
 4     0.674     0.654    -0.343
 4     0.049     0.424     0.904
 5   122.582    19.530    17.848
 5     0.579    -0.701     0.415
 5    -0.227    -0.628    -0.745
 5     0.783     0.337    -0.523
 6   136.804    -3.400    16.404
 6     0.252     0.672    -0.697
 6    -0.935    -0.015    -0.353
 6    -0.247     0.740     0.625
 7   116.946   -24.610    -6.699
 7     0.901     0.375     0.215
 7    -0.431     0.817     0.382
 7    -0.032    -0.438     0.898
 8   129.675   -27.038    18.629
 8     0.589     0.801    -0.110
 8     0.324    -0.109     0.939
 8     0.740    -0.589    -0.324
 9   140.393    -1.900    22.660
 9     0.221    -0.511    -0.831
 9     0.973     0.172     0.153
 9     0.065    -0.842     0.535
 2    96.195   -22.708    59.955
 2     0.186    -0.980     0.069
 2     0.964     0.195     0.182
 2    -0.192     0.032     0.981
 3   130.138    -2.954     3.790
 3     0.510     0.490    -0.707
 3     0.269     0.689     0.672
 3     0.817    -0.533     0.220
 4   112.783    13.263    -9.373
 4     0.734    -0.629     0.257
 4     0.677     0.652    -0.339
 4     0.045     0.423     0.905
 5   122.270    19.334    17.891
 5     0.572    -0.698     0.431
 5    -0.230    -0.641    -0.732
 5     0.787     0.320    -0.527
 6   136.706    -3.301    16.197
 6     0.266     0.675    -0.689
 6    -0.929    -0.011    -0.369
 6    -0.257     0.738     0.624
 7   116.830   -24.513    -6.734
 7     0.903     0.369     0.216
 7    -0.427     0.821     0.379
 7    -0.038    -0.435     0.899
 8   129.767   -26.990    18.536
 8     0.592     0.798    -0.114
 8     0.324    -0.107     0.940
 8     0.738    -0.593    -0.322
 9   140.411    -1.443    22.457
 9     0.220    -0.545    -0.809
 9     0.973     0.182     0.141
 9     0.070    -0.818     0.570
 2    96.244   -22.657    59.954
 2     0.185    -0.980     0.069
 2     0.964     0.195     0.182
 2    -0.192     0.033     0.981
 3   130.126    -2.780     3.799
 3     0.512     0.483    -0.710
 3     0.270     0.694     0.667
 3     0.815    -0.533     0.225
 4   112.681    13.416    -9.323
 4     0.730    -0.633     0.259
 4     0.682     0.648    -0.338
 4     0.045     0.423     0.905
 5   122.133    19.336    17.943
 5     0.576    -0.689     0.441
 5    -0.227    -0.653    -0.723
 5     0.785     0.316    -0.532
 6   136.804    -2.948    16.212
 6     0.280     0.671    -0.687
 6    -0.922    -0.010    -0.386
 6    -0.266     0.741     0.615
 7   116.878   -24.386    -6.732
 7     0.904     0.368     0.217
 7    -0.425     0.822     0.379
 7    -0.039    -0.435     0.900
 8   129.707   -26.818    18.439
 8     0.602     0.793    -0.094
 8     0.320    -0.132     0.938
 8     0.732    -0.594    -0.333
 9   140.681    -1.810    21.831
 9     0.263    -0.584    -0.768
 9     0.962     0.217     0.164
 9     0.070    -0.782     0.619
 2    96.244   -22.657    59.954
 2     0.185    -0.980     0.069
 2     0.964     0.195     0.182
 2    -0.192     0.033     0.981
 3   130.127    -2.781     3.799
 3     0.514     0.483    -0.709
 3     0.268     0.694     0.667
 3     0.815    -0.534     0.227
 4   112.682    13.443    -9.377
 4     0.729    -0.634     0.259
 4     0.683     0.648    -0.338
 4     0.046     0.423     0.905
 5   121.819    19.196    17.936
 5     0.585    -0.663     0.468
 5    -0.211    -0.681    -0.701
 5     0.783     0.311    -0.538
 6   137.250    -1.919    16.044
 6     0.333     0.698    -0.634
 6    -0.900     0.035    -0.435
 6    -0.282     0.715     0.640
 7   116.746   -24.339    -6.875
 7     0.903     0.369     0.220
 7    -0.428     0.822     0.376
 7    -0.042    -0.434     0.900
 8   129.268   -26.747    18.461
 8     0.613     0.788    -0.046
 8     0.306    -0.183     0.934
 8     0.728    -0.587    -0.354
 9   141.312    -2.287    21.704
 9     0.310    -0.603    -0.735
 9     0.949     0.243     0.200
 9     0.058    -0.760     0.647
 2    96.244   -22.657    59.954
 2     0.185    -0.980     0.069
 2     0.964     0.195     0.182
 2    -0.192     0.033     0.981
 3   130.166    -2.684     3.808
 3     0.518     0.478    -0.709
 3     0.265     0.698     0.665
 3     0.813    -0.533     0.235
 4   112.748    13.505    -9.400
 4     0.719    -0.646     0.254
 4     0.692     0.639    -0.335
 4     0.054     0.417     0.907
 5   121.200    19.098    18.142
 5     0.587    -0.624     0.516
 5    -0.186    -0.724    -0.664
 5     0.787     0.294    -0.542
 6   137.830    -0.587    16.018
 6     0.399     0.713    -0.576
 6    -0.873     0.104    -0.477
 6    -0.280     0.693     0.664
 7   116.693   -24.318    -6.893
 7     0.900     0.373     0.223
 7    -0.433     0.820     0.374
 7    -0.044    -0.434     0.900
 8   128.743   -26.570    18.765
 8     0.619     0.785    -0.000
 8     0.292    -0.230     0.928
 8     0.729    -0.574    -0.372
 9   142.464    -3.502    21.139
 9     0.387    -0.607    -0.694
 9     0.920     0.295     0.256
 9     0.049    -0.738     0.673
 2    96.242   -22.658    59.958
 2     0.185    -0.980     0.069
 2     0.964     0.195     0.182
 2    -0.193     0.032     0.981
 3   130.211    -2.737     3.838
 3     0.520     0.475    -0.710
 3     0.265     0.700     0.663
 3     0.812    -0.533     0.238
 4   112.751    13.460    -9.480
 4     0.708    -0.659     0.251
 4     0.703     0.632    -0.325
 4     0.056     0.407     0.911
 5   120.711    18.894    18.170
 5     0.597    -0.577     0.557
 5    -0.158    -0.766    -0.623
 5     0.786     0.284    -0.549
 6   138.347     0.669    15.658
 6     0.463     0.740    -0.487
 6    -0.841     0.194    -0.506
 6    -0.280     0.643     0.712
 7   116.574   -24.320    -6.943
 7     0.896     0.381     0.227
 7    -0.442     0.815     0.375
 7    -0.043    -0.436     0.899
 8   128.510   -26.578    18.672
 8     0.631     0.774     0.027
 8     0.281    -0.262     0.923
 8     0.722    -0.575    -0.384
 9   143.552    -4.244    21.267
 9     0.446    -0.595    -0.669
 9     0.893     0.345     0.289
 9     0.058    -0.726     0.685
 2    96.244   -22.657    59.954
 2     0.185    -0.980     0.069
 2     0.964     0.195     0.182
 2    -0.192     0.033     0.981
 3   130.271    -2.739     3.827
 3     0.522     0.468    -0.713
 3     0.268     0.703     0.658
 3     0.809    -0.535     0.242
 4   112.653    13.517    -9.434
 4     0.697    -0.672     0.250
 4     0.714     0.623    -0.319
 4     0.058     0.401     0.914
 5   120.348    18.862    18.331
 5     0.605    -0.537     0.588
 5    -0.136    -0.797    -0.588
 5     0.785     0.276    -0.555
 6   138.457     2.078    15.556
 6     0.520     0.765    -0.381
 6    -0.809     0.297    -0.508
 6    -0.276     0.572     0.773
 7   116.524   -24.220    -7.044
 7     0.895     0.382     0.228
 7    -0.444     0.814     0.374
 7    -0.043    -0.436     0.899
 8   128.226   -26.581    18.777
 8     0.638     0.767     0.063
 8     0.266    -0.297     0.917
 8     0.722    -0.568    -0.394
 9   143.906    -5.582    21.015
 9     0.513    -0.615    -0.598
 9     0.856     0.416     0.306
 9     0.060    -0.670     0.740
 2    96.195   -22.657    59.955
 2     0.185    -0.980     0.069
 2     0.964     0.195     0.182
 2    -0.192     0.032     0.981
 3   130.239    -2.689     3.832
 3     0.524     0.461    -0.716
 3     0.271     0.707     0.653
 3     0.808    -0.536     0.245
 4   112.578    13.522    -9.436
 4     0.688    -0.681     0.250
 4     0.723     0.615    -0.313
 4     0.059     0.396     0.916
 5   119.816    18.879    18.431
 5     0.616    -0.487     0.619
 5    -0.109    -0.831    -0.546
 5     0.780     0.268    -0.565
 6   138.646     3.177    14.977
 6     0.575     0.767    -0.284
 6    -0.769     0.389    -0.506
 6    -0.278     0.510     0.814
 7   116.302   -24.173    -7.117
 7     0.891     0.390     0.232
 7    -0.452     0.810     0.372
 7    -0.043    -0.437     0.898
 8   127.793   -26.536    18.806
 8     0.647     0.755     0.102
 8     0.245    -0.333     0.910
 8     0.722    -0.564    -0.401
 9   144.806    -6.634    20.838
 9     0.578    -0.621    -0.531
 9     0.813     0.495     0.306
 9     0.072    -0.609     0.790
 2    96.195   -22.708    59.955
 2     0.186    -0.980     0.069
 2     0.963     0.195     0.182
 2    -0.192     0.032     0.981
 3   130.218    -2.617     3.850
 3     0.526     0.449    -0.722
 3     0.275     0.714     0.644
 3     0.804    -0.538     0.252
 4   112.429    13.631    -9.422
 4     0.673    -0.695     0.253
 4     0.736     0.602    -0.309
 4     0.062     0.394     0.917
 5   119.255    18.726    18.532
 5     0.620    -0.434     0.653
 5    -0.079    -0.863    -0.498
 5     0.780     0.258    -0.570
 6   139.063     5.183    15.345
 6     0.663     0.726    -0.179
 6    -0.704     0.526    -0.477
 6    -0.252     0.442     0.860
 7   116.178   -24.152    -7.237
 7     0.885     0.399     0.238
 7    -0.462     0.805     0.371
 7    -0.044    -0.439     0.897
 8   127.403   -26.366    18.920
 8     0.656     0.742     0.139
 8     0.225    -0.368     0.902
 8     0.720    -0.560    -0.409
 9   145.218    -8.126    20.588
 9     0.647    -0.606    -0.463
 9     0.759     0.571     0.312
 9     0.075    -0.553     0.830
 2    96.245   -22.708    59.904
 2     0.186    -0.980     0.069
 2     0.964     0.195     0.182
 2    -0.192     0.033     0.981
 3   130.211    -2.567     3.803
 3     0.527     0.439    -0.727
 3     0.277     0.719     0.636
 3     0.803    -0.538     0.257
 4   112.266    13.591    -9.392
 4     0.662    -0.706     0.253
 4     0.746     0.589    -0.309
 4     0.069     0.393     0.917
 5   118.916    18.675    18.642
 5     0.626    -0.380     0.681
 5    -0.045    -0.890    -0.454
 5     0.779     0.253    -0.574
 6   139.808     6.859    15.364
 6     0.742     0.662    -0.105
 6    -0.633     0.641    -0.435
 6    -0.221     0.389     0.894
 7   116.085   -24.153    -7.214
 7     0.882     0.403     0.240
 7    -0.468     0.801     0.372
 7    -0.042    -0.441     0.896
 8   127.020   -26.373    19.006
 8     0.665     0.724     0.183
 8     0.201    -0.410     0.889
 8     0.719    -0.555    -0.419
 9   146.121    -9.517    20.580
 9     0.717    -0.563    -0.412
 9     0.693     0.641     0.330
 9     0.078    -0.522     0.849
 2    96.245   -22.657    59.904
 2     0.185    -0.980     0.069
 2     0.964     0.195     0.182
 2    -0.192     0.033     0.981
 3   130.216    -2.442     3.714
 3     0.528     0.423    -0.736
 3     0.284     0.729     0.622
 3     0.800    -0.538     0.265
 4   112.242    13.600    -9.478
 4     0.644    -0.722     0.253
 4     0.761     0.574    -0.302
 4     0.072     0.387     0.919
 5   118.283    18.538    18.712
 5     0.618    -0.318     0.719
 5    -0.005    -0.916    -0.400
 5     0.786     0.244    -0.568
 6   140.450     9.316    16.429
 6     0.823     0.563    -0.070
 6    -0.542     0.742    -0.394
 6    -0.170     0.362     0.916
 7   116.098   -24.103    -7.298
 7     0.877     0.414     0.243
 7    -0.479     0.794     0.374
 7    -0.038    -0.444     0.895
 8   126.512   -26.457    19.356
 8     0.676     0.697     0.239
 8     0.173    -0.466     0.868
 8     0.716    -0.546    -0.436
 9   146.897   -11.779    20.676
 9     0.786    -0.489    -0.379
 9     0.614     0.685     0.390
 9     0.069    -0.540     0.839
 2    96.194   -22.708    59.954
 2     0.186    -0.980     0.069
 2     0.964     0.195     0.182
 2    -0.192     0.033     0.981
 3   130.173    -2.494     3.726
 3     0.529     0.406    -0.745
 3     0.291     0.737     0.609
 3     0.797    -0.539     0.272
 4   112.068    13.609    -9.488
 4     0.626    -0.737     0.255
 4     0.776     0.557    -0.295
 4     0.075     0.382     0.921
 5   117.771    18.479    18.713
 5     0.609    -0.247     0.753
 5     0.043    -0.938    -0.342
 5     0.792     0.241    -0.561
 6   140.770    11.385    17.015
 6     0.884     0.463    -0.055
 6    -0.451     0.820    -0.353
 6    -0.118     0.337     0.934
 7   115.812   -24.005    -7.251
 7     0.867     0.431     0.248
 7    -0.496     0.784     0.372
 7    -0.034    -0.446     0.894
 8   125.777   -26.343    19.563
 8     0.689     0.658     0.301
 8     0.136    -0.526     0.839
 8     0.711    -0.538    -0.453
 9   147.430   -14.536    20.214
 9     0.856    -0.406    -0.320
 9     0.513     0.731     0.449
 9     0.051    -0.549     0.834
 2    96.194   -22.657    59.954
 2     0.185    -0.980     0.069
 2     0.964     0.195     0.182
 2    -0.192     0.033     0.981
 3   130.150    -2.317     3.788
 3     0.529     0.381    -0.759
 3     0.300     0.752     0.587
 3     0.794    -0.538     0.283
 4   111.786    13.618    -9.462
 4     0.601    -0.758     0.255
 4     0.796     0.537    -0.280
 4     0.075     0.371     0.925
 5   117.144    18.525    18.873
 5     0.593    -0.177     0.785
 5     0.083    -0.957    -0.278
 5     0.801     0.230    -0.553
 6   140.694    13.961    18.355
 6     0.934     0.353    -0.055
 6    -0.352     0.882    -0.313
 6    -0.062     0.311     0.948
 7   115.694   -23.986    -7.298
 7     0.858     0.446     0.255
 7    -0.513     0.775     0.369
 7    -0.033    -0.447     0.894
 8   125.263   -26.587    19.670
 8     0.702     0.616     0.357
 8     0.095    -0.578     0.810
 8     0.706    -0.535    -0.465
 9   147.846   -17.315    20.096
 9     0.913    -0.318    -0.256
 9     0.406     0.767     0.497
 9     0.038    -0.558     0.829
 2    96.244   -22.657    59.954
 2     0.185    -0.980     0.069
 2     0.964     0.195     0.182
 2    -0.192     0.033     0.981
 3   129.979    -2.345     3.747
 3     0.530     0.359    -0.768
 3     0.306     0.764     0.568
 3     0.791    -0.536     0.295
 4   111.550    13.573    -9.481
 4     0.577    -0.775     0.257
 4     0.813     0.517    -0.266
 4     0.073     0.362     0.929
 5   116.433    18.385    18.871
 5     0.579    -0.111     0.807
 5     0.117    -0.969    -0.217
 5     0.807     0.220    -0.549
 6   140.414    15.652    19.154
 6     0.963     0.263    -0.063
 6    -0.270     0.917    -0.294
 6    -0.020     0.300     0.954
 7   115.430   -24.018    -7.296
 7     0.846     0.463     0.262
 7    -0.531     0.763     0.366
 7    -0.031    -0.450     0.892
 8   124.524   -26.600    19.856
 8     0.711     0.569     0.412
 8     0.058    -0.632     0.772
 8     0.700    -0.526    -0.483
 9   147.469   -19.960    20.164
 9     0.950    -0.239    -0.202
 9     0.311     0.785     0.534
 9     0.031    -0.571     0.820
 2    96.195   -22.657    59.955
 2     0.185    -0.980     0.069
 2     0.964     0.195     0.182
 2    -0.192     0.032     0.981
 3   129.962    -2.269     3.753
 3     0.528     0.336    -0.780
 3     0.313     0.776     0.547
 3     0.789    -0.533     0.305
 4   111.349    13.506    -9.462
 4     0.556    -0.791     0.256
 4     0.828     0.499    -0.257
 4     0.075     0.355     0.932
 5   115.889    18.417    18.911
 5     0.565    -0.052     0.823
 5     0.150    -0.975    -0.165
 5     0.811     0.216    -0.543
 6   140.220    17.845    19.791
 6     0.983     0.170    -0.068
 6    -0.183     0.943    -0.278
 6     0.017     0.285     0.958
 7   115.378   -24.121    -7.235
 7     0.834     0.482     0.266
 7    -0.550     0.750     0.366
 7    -0.023    -0.452     0.891
 8   123.915   -26.679    20.100
 8     0.710     0.529     0.465
 8     0.026    -0.679     0.733
 8     0.704    -0.508    -0.496
 9   147.768   -21.808    20.290
 9     0.972    -0.173    -0.158
 9     0.232     0.797     0.557
 9     0.029    -0.579     0.815
 2    96.242   -22.658    59.958
 2     0.185    -0.980     0.069
 2     0.964     0.195     0.182
 2    -0.193     0.032     0.981
 3   129.874    -2.320     3.855
 3     0.527     0.316    -0.789
 3     0.317     0.788     0.527
 3     0.788    -0.528     0.315
 4   111.118    13.359    -9.457
 4     0.536    -0.805     0.254
 4     0.841     0.483    -0.244
 4     0.074     0.344     0.936
 5   115.353    18.242    18.872
 5     0.551    -0.004     0.834
 5     0.174    -0.978    -0.119
 5     0.816     0.211    -0.538
 6   139.640    19.082    20.302
 6     0.991     0.104    -0.079
 6    -0.122     0.953    -0.275
 6     0.046     0.282     0.958
 7   115.301   -24.297    -7.201
 7     0.826     0.495     0.267
 7    -0.563     0.739     0.369
 7    -0.015    -0.456     0.890
 8   123.420   -26.782    20.214
 8     0.706     0.502     0.499
 8     0.004    -0.708     0.707
 8     0.708    -0.497    -0.501
 9   147.582   -23.288    20.532
 9     0.984    -0.119    -0.132
 9     0.173     0.802     0.570
 9     0.038    -0.584     0.810
 2    96.195   -22.657    59.955
 2     0.185    -0.980     0.069
 2     0.964     0.195     0.182
 2    -0.192     0.032     0.981
 3   129.918    -2.218     3.726
 3     0.526     0.303    -0.795
 3     0.320     0.795     0.515
 3     0.788    -0.525     0.321
 4   110.952    13.284    -9.518
 4     0.517    -0.817     0.255
 4     0.853     0.468    -0.230
 4     0.069     0.336     0.939
 5   114.886    18.345    18.944
 5     0.536     0.044     0.843
 5     0.201    -0.976    -0.077
 5     0.820     0.211    -0.532
 6   139.364    20.691    20.637
 6     0.996     0.042    -0.081
 6    -0.063     0.959    -0.275
 6     0.066     0.278     0.958
 7   115.255   -24.419    -7.100
 7     0.818     0.509     0.268
 7    -0.576     0.727     0.375
 7    -0.004    -0.461     0.887
 8   123.164   -26.785    20.392
 8     0.705     0.475     0.526
 8    -0.016    -0.731     0.682
 8     0.709    -0.489    -0.508
 9   147.385   -24.466    20.764
 9     0.991    -0.074    -0.107
 9     0.122     0.800     0.586
 9     0.042    -0.595     0.803
 2    96.245   -22.657    59.955
 2     0.185    -0.980     0.069
 2     0.964     0.195     0.182
 2    -0.192     0.032     0.981
 3   129.913    -2.216     3.723
 3     0.523     0.290    -0.801
 3     0.324     0.801     0.502
 3     0.788    -0.523     0.325
 4   110.686    13.057    -9.606
 4     0.499    -0.828     0.256
 4     0.864     0.454    -0.218
 4     0.064     0.330     0.942
 5   114.568    18.284    18.843
 5     0.529     0.086     0.844
 5     0.225    -0.973    -0.042
 5     0.818     0.212    -0.535
 6   138.853    21.965    20.757
 6     0.996    -0.018    -0.079
 6    -0.004     0.961    -0.275
 6     0.081     0.274     0.958
 7   115.223   -24.469    -7.116
 7     0.810     0.521     0.268
 7    -0.586     0.718     0.375
 7     0.003    -0.461     0.887
 8   122.784   -26.740    20.551
 8     0.704     0.439     0.559
 8    -0.041    -0.760     0.648
 8     0.709    -0.479    -0.517
 9   147.207   -26.182    20.734
 9     0.997    -0.023    -0.069
 9     0.060     0.794     0.605
 9     0.041    -0.608     0.793
 2    96.245   -22.657    59.955
 2     0.185    -0.980     0.069
 2     0.964     0.195     0.182
 2    -0.192     0.032     0.981
 3   129.853    -2.114     3.668
 3     0.521     0.268    -0.810
 3     0.327     0.814     0.480
 3     0.788    -0.516     0.336
 4   110.375    13.062    -9.498
 4     0.475    -0.842     0.256
 4     0.878     0.433    -0.206
 4     0.062     0.322     0.944
 5   114.038    18.305    18.826
 5     0.516     0.135     0.846
 5     0.250    -0.968     0.002
 5     0.819     0.211    -0.534
 6   138.141    23.929    21.202
 6     0.993    -0.090    -0.077
 6     0.065     0.959    -0.274
 6     0.098     0.267     0.958
 7   115.120   -24.469    -7.086
 7     0.798     0.540     0.267
 7    -0.602     0.706     0.372
 7     0.012    -0.458     0.889
 8   122.269   -26.846    20.611
 8     0.697     0.400     0.595
 8    -0.072    -0.787     0.613
 8     0.714    -0.470    -0.519
 9   146.849   -27.891    21.058
 9     0.999     0.034    -0.036
 9    -0.005     0.782     0.622
 9     0.050    -0.621     0.782
 2    96.195   -22.657    59.955
 2     0.185    -0.980     0.069
 2     0.964     0.195     0.182
 2    -0.192     0.032     0.981
 3   129.740    -1.939     3.718
 3     0.522     0.247    -0.817
 3     0.328     0.825     0.460
 3     0.787    -0.508     0.349
 4   110.006    12.936    -9.431
 4     0.455    -0.852     0.259
 4     0.888     0.416    -0.193
 4     0.056     0.318     0.946
 5   113.706    18.268    18.818
 5     0.508     0.167     0.845
 5     0.266    -0.963     0.031
 5     0.819     0.209    -0.534
 6   137.644    24.613    21.351
 6     0.988    -0.127    -0.085
 6     0.100     0.958    -0.270
 6     0.115     0.258     0.959
 7   114.984   -24.421    -7.146
 7     0.788     0.553     0.269
 7    -0.615     0.696     0.370
 7     0.017    -0.457     0.889
 8   121.834   -26.978    20.611
 8     0.693     0.374     0.616
 8    -0.092    -0.802     0.591
 8     0.715    -0.466    -0.521
 9   146.349   -29.143    21.055
 9     0.997     0.072    -0.013
 9    -0.049     0.776     0.629
 9     0.055    -0.626     0.777
 2    96.195   -22.657    59.955
 2     0.185    -0.980     0.069
 2     0.964     0.195     0.182
 2    -0.192     0.032     0.981
 3   129.780    -1.993     3.567
 3     0.525     0.236    -0.818
 3     0.326     0.832     0.449
 3     0.786    -0.502     0.359
 4   109.889    12.882    -9.415
 4     0.448    -0.854     0.264
 4     0.892     0.411    -0.185
 4     0.050     0.318     0.946
 5   113.677    18.275    18.812
 5     0.504     0.185     0.843
 5     0.274    -0.961     0.047
 5     0.819     0.207    -0.535
 6   137.543    25.218    21.659
 6     0.983    -0.156    -0.092
 6     0.126     0.954    -0.272
 6     0.130     0.256     0.958
 7   114.831   -24.375    -7.191
 7     0.770     0.578     0.269
 7    -0.637     0.680     0.361
 7     0.026    -0.450     0.893
 8   121.334   -27.035    20.603
 8     0.686     0.341     0.642
 8    -0.118    -0.819     0.561
 8     0.718    -0.461    -0.522
 9   145.637   -30.494    21.218
 9     0.993     0.116     0.011
 9    -0.097     0.763     0.639
 9     0.065    -0.635     0.769
 2    96.195   -22.657    59.955
 2     0.185    -0.980     0.069
 2     0.964     0.195     0.182
 2    -0.192     0.032     0.981
 3   129.910    -1.916     3.522
 3     0.523     0.225    -0.822
 3     0.320     0.842     0.434
 3     0.789    -0.490     0.369
 4   109.756    12.883    -9.284
 4     0.437    -0.859     0.266
 4     0.898     0.401    -0.180
 4     0.048     0.318     0.947
 5   113.522    18.233    18.907
 5     0.499     0.206     0.841
 5     0.282    -0.957     0.067
 5     0.819     0.204    -0.536
 6   137.326    25.766    21.909
 6     0.978    -0.186    -0.092
 6     0.154     0.949    -0.274
 6     0.138     0.254     0.957
 7   114.774   -24.302    -7.209
 7     0.755     0.600     0.265
 7    -0.655     0.668     0.353
 7     0.034    -0.440     0.897
 8   120.884   -27.119    20.597
 8     0.677     0.304     0.670
 8    -0.147    -0.836     0.528
 8     0.721    -0.456    -0.522
 9   145.132   -31.878    21.304
 9     0.986     0.159     0.047
 9    -0.152     0.750     0.643
 9     0.067    -0.641     0.764
 2    96.244   -22.657    59.954
 2     0.185    -0.980     0.069
 2     0.964     0.195     0.182
 2    -0.192     0.033     0.981
 3   129.893    -1.914     3.454
 3     0.522     0.218    -0.824
 3     0.316     0.848     0.425
 3     0.792    -0.483     0.374
 4   109.657    12.887    -9.240
 4     0.431    -0.861     0.268
 4     0.901     0.395    -0.181
 4     0.050     0.319     0.946
 5   113.394    18.237    18.954
 5     0.496     0.219     0.840
 5     0.287    -0.955     0.080
 5     0.819     0.202    -0.537
 6   137.215    26.238    21.956
 6     0.973    -0.210    -0.095
 6     0.177     0.946    -0.273
 6     0.147     0.248     0.957
 7   114.619   -24.354    -7.227
 7     0.742     0.615     0.266
 7    -0.669     0.655     0.351
 7     0.042    -0.438     0.898
 8   120.508   -27.071    20.817
 8     0.669     0.275     0.690
 8    -0.164    -0.851     0.499
 8     0.724    -0.447    -0.525
 9   144.642   -32.828    21.318
 9     0.980     0.185     0.073
 9    -0.188     0.739     0.647
 9     0.066    -0.648     0.759
 2    96.244   -22.657    59.954
 2     0.185    -0.980     0.069
 2     0.964     0.195     0.182
 2    -0.192     0.033     0.981
 3   129.915    -1.940     3.401
 3     0.523     0.212    -0.825
 3     0.315     0.852     0.418
 3     0.792    -0.479     0.378
 4   109.539    12.891    -9.075
 4     0.428    -0.862     0.271
 4     0.902     0.390    -0.186
 4     0.054     0.324     0.944
 5   113.322    18.292    19.074
 5     0.494     0.224     0.840
 5     0.289    -0.953     0.084
 5     0.820     0.201    -0.536
 6   137.017    26.327    22.376
 6     0.969    -0.222    -0.106
 6     0.186     0.944    -0.271
 6     0.160     0.243     0.956
 7   114.418   -24.379    -7.226
 7     0.730     0.631     0.263
 7    -0.682     0.642     0.350
 7     0.052    -0.435     0.899
 8   119.919   -27.121    20.891
 8     0.658     0.247     0.711
 8    -0.181    -0.865     0.468
 8     0.731    -0.436    -0.524
 9   144.011   -33.901    21.547
 9     0.972     0.212     0.094
 9    -0.222     0.725     0.651
 9     0.070    -0.654     0.753
 2    96.244   -22.657    59.954
 2     0.185    -0.980     0.069
 2     0.964     0.195     0.182
 2    -0.192     0.033     0.981
 3   129.836    -1.991     3.315
 3     0.522     0.195    -0.830
 3     0.313     0.861     0.400
 3     0.793    -0.469     0.388
 4   109.311    12.766    -9.026
 4     0.420    -0.865     0.274
 4     0.906     0.382    -0.184
 4     0.054     0.325     0.944
 5   112.973    18.124    19.114
 5     0.486     0.245     0.839
 5     0.298    -0.949     0.105
 5     0.821     0.199    -0.534
 6   136.556    26.877    22.444
 6     0.962    -0.251    -0.109
 6     0.214     0.939    -0.270
 6     0.170     0.236     0.957
 7   114.357   -24.550    -6.991
 7     0.715     0.650     0.256
 7    -0.696     0.626     0.352
 7     0.069    -0.430     0.900
 8   119.372   -27.169    21.099
 8     0.641     0.214     0.737
 8    -0.199    -0.881     0.429
 8     0.742    -0.421    -0.522
 9   143.031   -35.376    22.285
 9     0.959     0.256     0.120
 9    -0.270     0.703     0.658
 9     0.084    -0.664     0.743
 2    96.195   -22.657    59.955
 2     0.185    -0.980     0.069
 2     0.964     0.195     0.182
 2    -0.192     0.032     0.981
 3   129.790    -1.988     3.372
 3     0.518     0.181    -0.836
 3     0.312     0.870     0.382
 3     0.796    -0.459     0.394
 4   109.080    12.667    -8.998
 4     0.408    -0.870     0.275
 4     0.911     0.371    -0.178
 4     0.053     0.323     0.945
 5   112.588    18.036    19.115
 5     0.476     0.261     0.839
 5     0.304    -0.945     0.121
 5     0.825     0.197    -0.529
 6   136.173    27.247    22.795
 6     0.955    -0.274    -0.115
 6     0.236     0.934    -0.267
 6     0.180     0.228     0.957
 7   114.190   -24.701    -6.976
 7     0.698     0.670     0.252
 7    -0.711     0.609     0.353
 7     0.083    -0.425     0.901
 8   118.732   -27.169    21.252
 8     0.628     0.183     0.756
 8    -0.214    -0.894     0.394
 8     0.748    -0.409    -0.522
 9   142.166   -36.268    22.698
 9     0.947     0.289     0.140
 9    -0.307     0.684     0.662
 9     0.095    -0.670     0.736
 2    96.245   -22.657    59.955
 2     0.185    -0.980     0.069
 2     0.964     0.195     0.182
 2    -0.192     0.032     0.981
 3   129.662    -1.939     3.285
 3     0.519     0.166    -0.838
 3     0.308     0.878     0.365
 3     0.797    -0.448     0.405
 4   108.769    12.592    -8.940
 4     0.394    -0.876     0.278
 4     0.917     0.358    -0.171
 4     0.050     0.322     0.945
 5   112.315    17.866    19.154
 5     0.471     0.275     0.838
 5     0.307    -0.942     0.136
 5     0.826     0.193    -0.529
 6   135.697    27.483    22.785
 6     0.949    -0.294    -0.112
 6     0.256     0.929    -0.266
 6     0.182     0.224     0.957
 7   114.039   -24.777    -6.949
 7     0.683     0.686     0.248
 7    -0.724     0.593     0.351
 7     0.093    -0.420     0.903
 8   118.333   -27.070    21.340
 8     0.618     0.153     0.771
 8    -0.230    -0.903     0.363
 8     0.752    -0.402    -0.523
 9   141.342   -37.266    22.923
 9     0.932     0.321     0.168
 9    -0.348     0.662     0.664
 9     0.101    -0.677     0.729
 2    96.245   -22.657    59.955
 2     0.185    -0.980     0.069
 2     0.964     0.195     0.182
 2    -0.192     0.032     0.981
 3   129.657    -1.941     3.230
 3     0.521     0.155    -0.839
 3     0.305     0.885     0.352
 3     0.797    -0.440     0.414
 4   108.633    12.541    -8.933
 4     0.385    -0.879     0.282
 4     0.922     0.350    -0.166
 4     0.047     0.323     0.945
 5   112.071    17.925    19.191
 5     0.466     0.289     0.836
 5     0.312    -0.938     0.150
 5     0.828     0.191    -0.527
 6   135.303    27.975    23.044
 6     0.943    -0.313    -0.113
 6     0.274     0.923    -0.268
 6     0.188     0.221     0.956
 7   113.905   -24.777    -6.967
 7     0.673     0.697     0.245
 7    -0.733     0.584     0.349
 7     0.100    -0.415     0.904
 8   117.998   -27.073    21.334
 8     0.610     0.131     0.781
 8    -0.243    -0.908     0.342
 8     0.754    -0.398    -0.522
 9   140.956   -37.856    23.275
 9     0.921     0.342     0.185
 9    -0.374     0.651     0.660
 9     0.105    -0.678     0.728
 2    96.244   -22.657    59.954
 2     0.185    -0.980     0.069
 2     0.964     0.195     0.182
 2    -0.192     0.033     0.981
 3   129.557    -1.916     3.172
 3     0.521     0.149    -0.841
 3     0.302     0.889     0.344
 3     0.798    -0.433     0.418
 4   108.505    12.593    -8.833
 4     0.379    -0.881     0.283
 4     0.924     0.344    -0.165
 4     0.047     0.324     0.944
 5   111.925    17.827    19.235
 5     0.462     0.293     0.836
 5     0.313    -0.937     0.156
 5     0.829     0.190    -0.525
 6   135.127    28.130    23.040
 6     0.941    -0.320    -0.112
 6     0.281     0.921    -0.269
 6     0.189     0.222     0.956
 7   113.890   -24.753    -6.979
 7     0.664     0.707     0.242
 7    -0.740     0.576     0.346
 7     0.105    -0.410     0.906
 8   117.740   -27.075    21.323
 8     0.602     0.115     0.790
 8    -0.252    -0.911     0.325
 8     0.757    -0.395    -0.520
 9   140.494   -38.520    23.193
 9     0.912     0.359     0.198
 9    -0.395     0.642     0.657
 9     0.109    -0.677     0.727
 2    96.195   -22.657    59.955
 2     0.185    -0.980     0.069
 2     0.964     0.195     0.182
 2    -0.192     0.032     0.981
 3   129.559    -1.865     3.165
 3     0.520     0.143    -0.842
 3     0.301     0.891     0.338
 3     0.799    -0.429     0.420
 4   108.455    12.595    -8.837
 4     0.375    -0.882     0.285
 4     0.926     0.340    -0.165
 4     0.048     0.326     0.944
 5   111.757    17.834    19.248
 5     0.457     0.301     0.836
 5     0.316    -0.935     0.164
 5     0.831     0.189    -0.523
 6   134.901    28.336    23.213
 6     0.938    -0.329    -0.111
 6     0.290     0.918    -0.269
 6     0.190     0.220     0.956
 7   113.919   -24.753    -6.985
 7     0.662     0.710     0.239
 7    -0.742     0.575     0.345
 7     0.107    -0.406     0.907
 8   117.745   -27.050    21.344
 8     0.600     0.110     0.792
 8    -0.255    -0.913     0.320
 8     0.758    -0.394    -0.520
 9   140.272   -38.753    23.248
 9     0.907     0.367     0.206
 9    -0.407     0.636     0.655
 9     0.109    -0.678     0.727
 2    96.195   -22.657    59.955
 2     0.185    -0.980     0.069
 2     0.964     0.195     0.182
 2    -0.192     0.032     0.981
 3   129.535    -1.864     3.108
 3     0.518     0.137    -0.844
 3     0.301     0.894     0.330
 3     0.800    -0.426     0.422
 4   108.304    12.545    -8.838
 4     0.373    -0.882     0.288
 4     0.927     0.338    -0.165
 4     0.048     0.328     0.943
 5   111.681    17.835    19.249
 5     0.455     0.304     0.837
 5     0.318    -0.933     0.166
 5     0.831     0.191    -0.522
 6   134.824    28.310    23.166
 6     0.937    -0.330    -0.111
 6     0.291     0.918    -0.268
 6     0.189     0.218     0.957
 7   113.901   -24.776    -6.998
 7     0.660     0.713     0.236
 7    -0.743     0.574     0.345
 7     0.111    -0.403     0.908
 8   117.700   -27.050    21.391
 8     0.598     0.106     0.794
 8    -0.256    -0.914     0.315
 8     0.759    -0.392    -0.520
 9   140.148   -38.881    23.275
 9     0.905     0.369     0.210
 9    -0.411     0.634     0.655
 9     0.109    -0.679     0.726
 2    96.245   -22.657    59.904
 2     0.185    -0.980     0.069
 2     0.964     0.195     0.182
 2    -0.192     0.033     0.981
 3   129.563    -1.811     3.153
 3     0.517     0.134    -0.846
 3     0.302     0.895     0.327
 3     0.801    -0.425     0.422
 4   108.298    12.443    -8.833
 4     0.369    -0.883     0.289
 4     0.928     0.335    -0.162
 4     0.046     0.328     0.943
 5   111.580    17.812    19.251
 5     0.452     0.308     0.836
 5     0.323    -0.931     0.168
 5     0.831     0.194    -0.521
 6   134.668    28.437    23.171
 6     0.936    -0.335    -0.108
 6     0.297     0.917    -0.265
 6     0.187     0.216     0.958
 7   113.908   -24.825    -6.981
 7     0.658     0.716     0.234
 7    -0.744     0.571     0.346
 7     0.114    -0.402     0.908
 8   117.640   -26.997    21.428
 8     0.594     0.099     0.798
 8    -0.258    -0.916     0.306
 8     0.762    -0.387    -0.519
 9   139.967   -39.039    23.443
 9     0.902     0.372     0.218
 9    -0.418     0.630     0.654
 9     0.105    -0.681     0.724
 2    96.195   -22.657    59.955
 2     0.185    -0.980     0.069
 2     0.964     0.195     0.182
 2    -0.192     0.032     0.981
 3   129.531    -1.862     3.157
 3     0.517     0.126    -0.847
 3     0.305     0.897     0.320
 3     0.800    -0.424     0.425
 4   108.208    12.312    -8.867
 4     0.363    -0.885     0.292
 4     0.931     0.331    -0.155
 4     0.040     0.327     0.944
 5   111.334    17.716    19.169
 5     0.448     0.316     0.836
 5     0.328    -0.928     0.175
 5     0.832     0.195    -0.519
 6   134.276    28.484    22.936
 6     0.934    -0.342    -0.099
 6     0.307     0.915    -0.261
 6     0.180     0.213     0.960
 7   113.924   -24.872    -6.949
 7     0.653     0.721     0.230
 7    -0.747     0.565     0.349
 7     0.121    -0.400     0.908
 8   117.429   -26.996    21.491
 8     0.588     0.088     0.804
 8    -0.262    -0.920     0.292
 8     0.765    -0.383    -0.517
 9   139.616   -39.402    23.483
 9     0.895     0.379     0.234
 9    -0.434     0.622     0.652
 9     0.102    -0.685     0.721
 2    96.244   -22.657    59.954
 2     0.185    -0.980     0.069
 2     0.964     0.195     0.182
 2    -0.192     0.033     0.981
 3   129.549    -1.915     3.109
 3     0.518     0.120    -0.847
 3     0.304     0.900     0.313
 3     0.799    -0.420     0.430
 4   108.097    12.235    -8.855
 4     0.354    -0.889     0.291
 4     0.934     0.324    -0.147
 4     0.036     0.324     0.945
 5   110.949    17.680    19.200
 5     0.434     0.332     0.837
 5     0.336    -0.922     0.192
 5     0.836     0.198    -0.512
 6   133.760    29.021    23.119
 6     0.927    -0.364    -0.092
 6     0.331     0.907    -0.257
 6     0.177     0.208     0.962
 7   113.838   -24.922    -6.914
 7     0.646     0.728     0.229
 7    -0.753     0.557     0.350
 7     0.127    -0.399     0.908
 8   117.270   -26.895    21.580
 8     0.581     0.077     0.810
 8    -0.268    -0.922     0.280
 8     0.768    -0.379    -0.516
 9   139.164   -39.766    23.651
 9     0.887     0.389     0.250
 9    -0.452     0.613     0.648
 9     0.099    -0.687     0.719
 2    96.194   -22.708    59.955
 2     0.185    -0.980     0.069
 2     0.964     0.195     0.182
 2    -0.192     0.032     0.981
 3   129.470    -1.814     3.208
 3     0.518     0.111    -0.848
 3     0.304     0.903     0.304
 3     0.799    -0.416     0.434
 4   108.009    12.081    -8.841
 4     0.345    -0.892     0.291
 4     0.938     0.318    -0.139
 4     0.031     0.320     0.946
 5   110.777    17.558    19.141
 5     0.429     0.339     0.837
 5     0.338    -0.920     0.199
 5     0.837     0.197    -0.510
 6   133.396    29.096    23.030
 6     0.924    -0.372    -0.086
 6     0.340     0.905    -0.256
 6     0.172     0.207     0.963
 7   113.770   -24.923    -7.023
 7     0.640     0.733     0.227
 7    -0.757     0.552     0.349
 7     0.130    -0.396     0.909
 8   117.143   -26.872    21.535
 8     0.581     0.069     0.811
 8    -0.272    -0.923     0.273
 8     0.767    -0.380    -0.517
 9   139.288   -39.627    23.238
 9     0.884     0.385     0.265
 9    -0.459     0.613     0.642
 9     0.085    -0.690     0.719
 2    96.245   -22.708    59.955
 2     0.185    -0.980     0.069
 2     0.964     0.195     0.182
 2    -0.192     0.032     0.981
 3   129.518    -1.814     3.155
 3     0.519     0.106    -0.848
 3     0.303     0.905     0.299
 3     0.799    -0.412     0.438
 4   107.957    12.082    -8.790
 4     0.339    -0.894     0.291
 4     0.940     0.313    -0.136
 4     0.031     0.320     0.947
 5   110.651    17.560    19.139
 5     0.428     0.344     0.835
 5     0.340    -0.918     0.204
 5     0.837     0.196    -0.510
 6   133.207    29.246    22.916
 6     0.922    -0.378    -0.078
 6     0.348     0.902    -0.254
 6     0.167     0.207     0.964
 7   113.771   -24.924    -7.025
 7     0.637     0.737     0.226
 7    -0.759     0.550     0.347
 7     0.131    -0.393     0.910
 8   117.147   -26.821    21.536
 8     0.580     0.062     0.812
 8    -0.274    -0.924     0.266
 8     0.767    -0.377    -0.519
 9   138.959   -39.861    23.254
 9     0.880     0.387     0.276
 9    -0.468     0.607     0.641
 9     0.081    -0.694     0.716
 2    96.244   -22.657    60.006
 2     0.185    -0.980     0.068
 2     0.963     0.195     0.182
 2    -0.192     0.032     0.981
 3   129.466    -1.866     3.103
 3     0.520     0.102    -0.848
 3     0.302     0.906     0.295
 3     0.799    -0.410     0.441
 4   107.903    12.082    -8.788
 4     0.336    -0.895     0.292
 4     0.941     0.309    -0.135
 4     0.030     0.320     0.947
 5   110.601    17.509    19.138
 5     0.428     0.347     0.834
 5     0.340    -0.917     0.207
 5     0.837     0.195    -0.511
 6   133.071    29.269    22.875
 6     0.921    -0.381    -0.074
 6     0.352     0.900    -0.255
 6     0.163     0.209     0.964
 7   113.779   -24.948    -6.986
 7     0.633     0.741     0.222
 7    -0.762     0.547     0.346
 7     0.135    -0.389     0.911
 8   117.104   -26.769    21.633
 8     0.578     0.056     0.814
