% Calibrated with leiden_pols
% Positions are in centimeters
Data =[
 2    96.244   -22.708    59.903
 2     0.184    -0.980     0.070
 2     0.964     0.194     0.182
 2    -0.192     0.034     0.981
 3   131.501    -2.749     4.455
 3     0.395     0.188    -0.899
 3     0.191     0.940     0.281
 3     0.898    -0.283     0.335
 4   113.742    14.330    -6.021
 4     0.540    -0.813     0.216
 4     0.824     0.459    -0.333
 4     0.171     0.358     0.918
 5   113.056    20.149    20.719
 5     0.223    -0.172     0.959
 5     0.154    -0.966    -0.208
 5     0.962     0.194    -0.189
 6   126.001    26.125    46.300
 6     0.413    -0.890    -0.190
 6    -0.041     0.190    -0.981
 6     0.909     0.413     0.042
 7   118.130   -26.433    -4.914
 7     0.689     0.719     0.090
 7    -0.680     0.598     0.423
 7     0.250    -0.353     0.901
 8   115.452   -29.601    21.813
 8     0.351     0.548     0.759
 8    -0.039    -0.801     0.597
 8     0.935    -0.239    -0.260
 9   128.729   -31.862    47.080
 9     0.454     0.891    -0.004
 9     0.121    -0.058     0.991
 9     0.883    -0.450    -0.135
 2    96.244   -22.708    59.903
 2     0.184    -0.980     0.070
 2     0.964     0.194     0.182
 2    -0.192     0.033     0.981
 3   131.500    -2.749     4.455
 3     0.396     0.188    -0.899
 3     0.192     0.940     0.281
 3     0.898    -0.284     0.336
 4   113.742    14.329    -6.046
 4     0.541    -0.813     0.216
 4     0.824     0.459    -0.332
 4     0.171     0.358     0.918
 5   113.006    20.149    20.666
 5     0.223    -0.171     0.960
 5     0.154    -0.966    -0.207
 5     0.962     0.194    -0.190
 6   125.999    26.177    46.272
 6     0.414    -0.891    -0.185
 6    -0.041     0.185    -0.982
 6     0.909     0.414     0.040
 7   118.123   -26.435    -4.956
 7     0.690     0.718     0.092
 7    -0.681     0.600     0.421
 7     0.247    -0.353     0.902
 8   115.508   -29.519    21.904
 8     0.349     0.555     0.755
 8    -0.034    -0.798     0.602
 8     0.936    -0.236    -0.260
 9   128.779   -31.680    47.130
 9     0.451     0.892    -0.007
 9     0.127    -0.057     0.990
 9     0.883    -0.448    -0.139
 2    96.242   -22.709    59.957
 2     0.185    -0.980     0.069
 2     0.964     0.194     0.182
 2    -0.193     0.033     0.981
 3   131.545    -2.751     4.412
 3     0.397     0.187    -0.898
 3     0.192     0.940     0.281
 3     0.897    -0.285     0.337
 4   113.716    14.303    -6.043
 4     0.542    -0.812     0.216
 4     0.823     0.460    -0.332
 4     0.170     0.358     0.918
 5   113.057    20.098    20.665
 5     0.223    -0.170     0.959
 5     0.153    -0.966    -0.207
 5     0.962     0.193    -0.190
 6   125.999    26.075    46.219
 6     0.415    -0.891    -0.183
 6    -0.042     0.182    -0.982
 6     0.909     0.415     0.038
 7   118.063   -26.465    -5.045
 7     0.689     0.718     0.094
 7    -0.682     0.600     0.417
 7     0.243    -0.352     0.904
 8   115.502   -29.598    21.786
 8     0.352     0.552     0.756
 8    -0.036    -0.799     0.600
 8     0.935    -0.239    -0.262
 9   128.779   -31.731    47.130
 9     0.451     0.892    -0.006
 9     0.126    -0.058     0.990
 9     0.883    -0.448    -0.139
 2    96.242   -22.709    59.906
 2     0.185    -0.980     0.069
 2     0.964     0.194     0.182
 2    -0.193     0.033     0.981
 3   131.544    -2.751     4.360
 3     0.398     0.187    -0.898
 3     0.192     0.940     0.281
 3     0.897    -0.284     0.339
 4   113.741    14.328    -6.043
 4     0.542    -0.812     0.217
 4     0.823     0.460    -0.333
 4     0.170     0.358     0.918
 5   113.066    20.152    20.654
 5     0.223    -0.170     0.960
 5     0.153    -0.966    -0.207
 5     0.963     0.192    -0.189
 6   126.024    26.125    46.270
 6     0.414    -0.892    -0.183
 6    -0.043     0.182    -0.982
 6     0.909     0.414     0.037
 7   118.061   -26.440    -5.042
 7     0.689     0.718     0.094
 7    -0.682     0.601     0.416
 7     0.242    -0.352     0.904
 8   115.552   -29.599    21.812
 8     0.351     0.550     0.758
 8    -0.037    -0.801     0.598
 8     0.935    -0.238    -0.261
 9   128.729   -31.782    47.130
 9     0.451     0.892    -0.004
 9     0.126    -0.059     0.990
 9     0.883    -0.448    -0.139
 2    96.242   -22.709    59.906
 2     0.185    -0.980     0.069
 2     0.964     0.194     0.182
 2    -0.193     0.033     0.981
 3   131.544    -2.751     4.334
 3     0.398     0.187    -0.898
 3     0.192     0.940     0.281
 3     0.897    -0.284     0.339
 4   113.741    14.328    -6.043
 4     0.542    -0.812     0.216
 4     0.823     0.461    -0.333
 4     0.170     0.358     0.918
 5   113.127    20.154    20.595
 5     0.218    -0.175     0.960
 5     0.150    -0.966    -0.209
 5     0.964     0.189    -0.184
 6   126.005    26.126    46.262
 6     0.413    -0.891    -0.187
 6    -0.044     0.185    -0.982
 6     0.910     0.413     0.036
 7   118.108   -26.390    -5.065
 7     0.690     0.717     0.095
 7    -0.682     0.601     0.416
 7     0.241    -0.352     0.904
 8   115.559   -29.597    21.803
 8     0.351     0.549     0.758
 8    -0.037    -0.801     0.598
 8     0.936    -0.238    -0.261
 9   128.908   -31.906    47.107
 9     0.446     0.894    -0.030
 9     0.128    -0.031     0.991
 9     0.886    -0.446    -0.128
 2    96.245   -22.708    59.903
 2     0.185    -0.980     0.069
 2     0.964     0.194     0.182
 2    -0.192     0.033     0.981
 3   131.545    -2.776     4.335
 3     0.398     0.188    -0.898
 3     0.192     0.940     0.281
 3     0.897    -0.284     0.338
 4   113.743    14.329    -6.046
 4     0.542    -0.812     0.215
 4     0.823     0.461    -0.333
 4     0.171     0.358     0.918
 5   113.077    20.230    20.594
 5     0.218    -0.176     0.960
 5     0.149    -0.966    -0.211
 5     0.964     0.189    -0.185
 6   126.438    26.245    46.215
 6     0.405    -0.881    -0.242
 6    -0.052     0.243    -0.969
 6     0.913     0.405     0.053
 7   118.109   -26.440    -5.065
 7     0.691     0.717     0.095
 7    -0.682     0.601     0.417
 7     0.241    -0.353     0.904
 8   115.607   -29.885    21.720
 8     0.347     0.557     0.754
 8    -0.044    -0.794     0.607
 8     0.937    -0.244    -0.251
 9   128.911   -32.029    47.025
 9     0.437     0.896    -0.070
 9     0.130     0.014     0.991
 9     0.890    -0.443    -0.111
 2    96.244   -22.657    59.903
 2     0.184    -0.980     0.069
 2     0.964     0.194     0.182
 2    -0.192     0.033     0.981
 3   131.550    -2.774     4.354
 3     0.396     0.189    -0.899
 3     0.192     0.940     0.282
 3     0.898    -0.284     0.336
 4   113.718    14.329    -6.046
 4     0.542    -0.812     0.215
 4     0.823     0.460    -0.333
 4     0.171     0.358     0.918
 5   113.282    20.580    20.619
 5     0.218    -0.188     0.957
 5     0.162    -0.960    -0.226
 5     0.962     0.205    -0.179
 6   127.438    26.155    45.885
 6     0.376    -0.822    -0.428
 6    -0.064     0.438    -0.897
 6     0.924     0.365     0.112
 7   118.112   -26.387    -5.043
 7     0.693     0.714     0.095
 7    -0.679     0.602     0.419
 7     0.242    -0.356     0.903
 8   115.508   -29.941    21.661
 8     0.343     0.564     0.751
 8    -0.049    -0.788     0.614
 8     0.938    -0.247    -0.243
 9   129.470   -32.391    46.446
 9     0.418     0.879    -0.229
 9     0.120     0.196     0.973
 9     0.901    -0.434    -0.024
 2    96.242   -22.658    59.957
 2     0.185    -0.980     0.069
 2     0.964     0.194     0.182
 2    -0.193     0.033     0.981
 3   131.558    -2.773     4.399
 3     0.394     0.193    -0.899
 3     0.191     0.939     0.286
 3     0.899    -0.285     0.333
 4   113.745    14.330    -6.023
 4     0.542    -0.812     0.216
 4     0.822     0.460    -0.334
 4     0.172     0.358     0.917
 5   113.687    21.020    20.737
 5     0.230    -0.189     0.954
 5     0.184    -0.955    -0.233
 5     0.955     0.229    -0.185
 6   128.984    26.093    45.358
 6     0.352    -0.681    -0.642
 6    -0.065     0.667    -0.743
 6     0.934     0.303     0.190
 7   118.110   -26.337    -4.989
 7     0.694     0.713     0.097
 7    -0.678     0.603     0.420
 7     0.241    -0.358     0.902
 8   115.586   -30.325    21.449
 8     0.341     0.568     0.749
 8    -0.071    -0.779     0.623
 8     0.937    -0.266    -0.225
 9   130.076   -32.441    46.045
 9     0.384     0.803    -0.454
 9     0.112     0.448     0.887
 9     0.916    -0.392     0.082
 2    96.244   -22.657    59.954
 2     0.184    -0.980     0.069
 2     0.964     0.194     0.182
 2    -0.192     0.033     0.981
 3   131.564    -2.745     4.494
 3     0.391     0.197    -0.899
 3     0.191     0.938     0.288
 3     0.900    -0.284     0.330
 4   113.795    14.329    -5.974
 4     0.545    -0.810     0.217
 4     0.820     0.462    -0.337
 4     0.172     0.362     0.916
 5   114.254    21.480    20.625
 5     0.246    -0.208     0.947
 5     0.204    -0.944    -0.260
 5     0.948     0.257    -0.190
 6   130.416    25.145    44.883
 6     0.326    -0.469    -0.821
 6    -0.065     0.855    -0.514
 6     0.943     0.220     0.248
 7   118.103   -26.287    -5.052
 7     0.697     0.709     0.102
 7    -0.676     0.604     0.421
 7     0.237    -0.363     0.901
 8   115.864   -30.651    21.209
 8     0.340     0.577     0.742
 8    -0.087    -0.766     0.636
 8     0.936    -0.281    -0.210
 9   130.930   -32.189    45.400
 9     0.359     0.673    -0.646
 9     0.098     0.661     0.744
 9     0.928    -0.331     0.171
 2    96.244   -22.657    59.954
 2     0.184    -0.980     0.069
 2     0.964     0.194     0.182
 2    -0.192     0.033     0.981
 3   131.623    -2.770     4.515
 3     0.390     0.205    -0.898
 3     0.189     0.936     0.296
 3     0.901    -0.286     0.326
 4   113.920    14.326    -5.920
 4     0.552    -0.805     0.218
 4     0.816     0.468    -0.339
 4     0.171     0.364     0.915
 5   114.480    21.647    20.684
 5     0.251    -0.219     0.943
 5     0.208    -0.939    -0.274
 5     0.945     0.264    -0.191
 6   130.962    25.074    44.869
 6     0.317    -0.365    -0.876
 6    -0.057     0.914    -0.401
 6     0.947     0.176     0.269
 7   118.100   -26.211    -5.021
 7     0.701     0.705     0.105
 7    -0.673     0.606     0.424
 7     0.235    -0.368     0.899
 8   116.162   -30.888    21.091
 8     0.333     0.597     0.730
 8    -0.093    -0.750     0.655
 8     0.938    -0.287    -0.194
 9   131.099   -32.037    45.186
 9     0.343     0.585    -0.735
 9     0.086     0.760     0.644
 9     0.935    -0.285     0.210
 2    96.242   -22.658    59.957
 2     0.184    -0.980     0.069
 2     0.964     0.194     0.182
 2    -0.193     0.033     0.981
 3   131.654    -2.767     4.559
 3     0.387     0.206    -0.898
 3     0.190     0.936     0.297
 3     0.902    -0.286     0.323
 4   113.915    14.324    -5.914
 4     0.552    -0.805     0.218
 4     0.816     0.469    -0.338
 4     0.169     0.364     0.915
 5   114.572    21.745    20.692
 5     0.256    -0.218     0.941
 5     0.209    -0.939    -0.274
 5     0.944     0.267    -0.195
 6   131.246    24.544    44.827
 6     0.308    -0.268    -0.913
 6    -0.053     0.953    -0.298
 6     0.950     0.140     0.279
 7   118.148   -26.109    -5.043
 7     0.703     0.702     0.106
 7    -0.671     0.607     0.425
 7     0.234    -0.370     0.899
 8   116.216   -30.968    21.058
 8     0.329     0.600     0.729
 8    -0.097    -0.747     0.658
 8     0.939    -0.287    -0.188
 9   131.408   -31.444    44.903
 9     0.334     0.415    -0.847
 9     0.059     0.887     0.458
 9     0.941    -0.203     0.271
 2    96.242   -22.658    59.906
 2     0.184    -0.980     0.069
 2     0.964     0.194     0.182
 2    -0.193     0.033     0.981
 3   131.654    -2.767     4.661
 3     0.386     0.207    -0.899
 3     0.190     0.935     0.298
 3     0.902    -0.286     0.322
 4   113.916    14.324    -5.964
 4     0.553    -0.804     0.217
 4     0.816     0.470    -0.337
 4     0.169     0.363     0.916
 5   114.740    22.133    20.559
 5     0.260    -0.264     0.929
 5     0.211    -0.923    -0.321
 5     0.942     0.279    -0.184
 6   131.561    23.968    44.775
 6     0.293    -0.133    -0.947
 6    -0.047     0.987    -0.154
 6     0.955     0.089     0.282
 7   118.143   -26.083    -5.038
 7     0.706     0.700     0.107
 7    -0.669     0.609     0.425
 7     0.232    -0.372     0.899
 8   116.639   -31.615    20.336
 8     0.301     0.657     0.691
 8    -0.103    -0.698     0.709
 8     0.948    -0.285    -0.142
 9   131.545   -30.410    44.284
 9     0.339     0.209    -0.917
 9     0.060     0.968     0.243
 9     0.939    -0.138     0.315
 2    96.245   -22.708    59.903
 2     0.185    -0.980     0.069
 2     0.964     0.194     0.182
 2    -0.192     0.033     0.981
 3   131.602    -2.705     4.977
 3     0.404     0.197    -0.893
 3     0.196     0.935     0.295
 3     0.893    -0.294     0.339
 4   113.919    14.375    -5.916
 4     0.554    -0.804     0.215
 4     0.815     0.471    -0.337
 4     0.170     0.362     0.916
 5   114.517    22.276    20.243
 5     0.233    -0.298     0.925
 5     0.215    -0.913    -0.348
 5     0.948     0.280    -0.149
 6   130.784    23.937    45.023
 6     0.261    -0.153    -0.953
 6    -0.044     0.984    -0.170
 6     0.964     0.086     0.251
 7   118.049   -26.046    -5.211
 7     0.714     0.690     0.117
 7    -0.667     0.619     0.414
 7     0.213    -0.374     0.902
 8   116.810   -31.662    19.933
 8     0.272     0.703     0.657
 8    -0.097    -0.659     0.746
 8     0.957    -0.266    -0.112
 9   131.208   -29.602    44.117
 9     0.313     0.147    -0.938
 9     0.063     0.982     0.174
 9     0.947    -0.114     0.299
 2    96.242   -22.658    59.906
 2     0.184    -0.980     0.069
 2     0.964     0.194     0.182
 2    -0.193     0.033     0.980
 3   131.544    -2.768     4.887
 3     0.417     0.190    -0.888
 3     0.196     0.936     0.292
 3     0.887    -0.296     0.353
 4   113.967    14.373    -6.015
 4     0.557    -0.802     0.216
 4     0.813     0.473    -0.338
 4     0.169     0.364     0.916
 5   113.965    22.184    19.989
 5     0.196    -0.317     0.928
 5     0.204    -0.913    -0.354
 5     0.959     0.259    -0.114
 6   128.962    24.286    45.675
 6     0.190    -0.161    -0.968
 6    -0.034     0.984    -0.171
 6     0.981     0.065     0.181
 7   118.014   -25.905    -5.442
 7     0.719     0.682     0.129
 7    -0.666     0.625     0.407
 7     0.197    -0.379     0.904
 8   116.600   -31.573    19.737
 8     0.261     0.695     0.669
 8    -0.106    -0.669     0.736
 8     0.959    -0.263    -0.101
 9   130.790   -30.085    44.187
 9     0.290     0.127    -0.948
 9     0.037     0.989     0.144
 9     0.956    -0.077     0.281
 2    96.242   -22.658    59.957
 2     0.185    -0.980     0.069
 2     0.964     0.194     0.182
 2    -0.193     0.033     0.981
 3   131.546    -2.612     5.058
 3     0.414     0.182    -0.892
 3     0.199     0.938     0.284
 3     0.888    -0.295     0.351
 4   113.920    14.427    -6.020
 4     0.552    -0.806     0.214
 4     0.816     0.469    -0.338
 4     0.171     0.361     0.916
 5   113.641    22.196    20.067
 5     0.185    -0.316     0.930
 5     0.202    -0.914    -0.351
 5     0.962     0.252    -0.105
 6   128.764    23.790    45.525
 6     0.197    -0.157    -0.968
 6    -0.040     0.985    -0.168
 6     0.979     0.072     0.188
 7   118.014   -25.904    -5.442
 7     0.721     0.681     0.130
 7    -0.665     0.626     0.408
 7     0.197    -0.380     0.904
 8   116.519   -31.691    19.641
 8     0.256     0.691     0.675
 8    -0.117    -0.672     0.732
 8     0.959    -0.267    -0.091
 9   130.477   -31.815    44.114
 9     0.292     0.440    -0.849
 9     0.032     0.883     0.469
 9     0.956    -0.165     0.244
 2    96.245   -22.657    59.904
 2     0.185    -0.980     0.069
 2     0.964     0.194     0.182
 2    -0.192     0.033     0.981
 3   131.430    -2.543     5.076
 3     0.421     0.178    -0.889
 3     0.197     0.939     0.282
 3     0.885    -0.295     0.360
 4   113.903    14.423    -6.127
 4     0.547    -0.808     0.218
 4     0.820     0.467    -0.329
 4     0.164     0.359     0.918
 5   112.876    20.875    19.647
 5     0.145    -0.207     0.967
 5     0.175    -0.957    -0.231
 5     0.974     0.203    -0.103
 6   124.962    27.960    45.721
 6     0.346    -0.907    -0.239
 6     0.016     0.260    -0.965
 6     0.938     0.330     0.104
 7   118.105   -26.010    -5.538
 7     0.702     0.701     0.124
 7    -0.682     0.612     0.400
 7     0.205    -0.365     0.908
 8   114.844   -30.571    19.606
 8     0.240     0.577     0.780
 8    -0.125    -0.779     0.614
 8     0.963    -0.245    -0.115
 9   125.844   -35.202    45.813
 9     0.367     0.919     0.139
 9     0.024    -0.159     0.987
 9     0.930    -0.359    -0.081
 2    96.242   -22.709    59.906
 2     0.185    -0.980     0.069
 2     0.964     0.194     0.182
 2    -0.193     0.033     0.981
 3   131.468    -2.597     5.139
 3     0.425     0.175    -0.888
 3     0.199     0.939     0.280
 3     0.883    -0.296     0.364
 4   114.021    14.431    -6.143
 4     0.541    -0.815     0.206
 4     0.823     0.464    -0.327
 4     0.171     0.347     0.922
 5   112.727    20.931    19.707
 5     0.130    -0.242     0.961
 5     0.172    -0.950    -0.262
 5     0.976     0.199    -0.083
 6   124.205    27.805    46.102
 6     0.331    -0.928    -0.173
 6     0.018     0.189    -0.982
 6     0.943     0.321     0.079
 7   118.086   -26.062    -5.545
 7     0.695     0.708     0.122
 7    -0.688     0.607     0.398
 7     0.208    -0.361     0.909
 8   114.494   -30.691    19.655
 8     0.226     0.603     0.765
 8    -0.116    -0.763     0.636
 8     0.967    -0.233    -0.103
 9   125.372   -34.960    46.044
 9     0.373     0.911     0.174
 9     0.039    -0.203     0.978
 9     0.927    -0.358    -0.112
 2    96.192   -22.709    59.957
 2     0.185    -0.980     0.069
 2     0.964     0.194     0.182
 2    -0.193     0.033     0.981
 3   131.368    -2.674     5.139
 3     0.425     0.175    -0.888
 3     0.197     0.939     0.280
 3     0.883    -0.295     0.365
 4   114.084    14.333    -6.156
 4     0.542    -0.816     0.202
 4     0.822     0.464    -0.330
 4     0.176     0.345     0.922
 5   112.728    20.980    19.711
 5     0.130    -0.242     0.961
 5     0.172    -0.949    -0.262
 5     0.976     0.200    -0.082
 6   124.081    27.983    46.210
 6     0.339    -0.930    -0.145
 6     0.020     0.161    -0.987
 6     0.941     0.331     0.073
 7   117.884   -26.068    -5.536
 7     0.689     0.714     0.127
 7    -0.695     0.600     0.396
 7     0.206    -0.361     0.909
 8   114.410   -30.828    19.618
 8     0.240     0.576     0.781
 8    -0.126    -0.780     0.613
 8     0.962    -0.246    -0.115
 9   127.657   -35.720    44.581
 9     0.385     0.919    -0.078
 9     0.020     0.076     0.997
 9     0.923    -0.385     0.010
 2    96.245   -22.708    59.903
 2     0.185    -0.980     0.069
 2     0.964     0.195     0.182
 2    -0.192     0.033     0.981
 3   131.374    -2.722     5.210
 3     0.422     0.179    -0.888
 3     0.198     0.938     0.283
 3     0.884    -0.296     0.361
 4   114.090    14.334    -6.110
 4     0.543    -0.816     0.198
 4     0.820     0.466    -0.332
 4     0.178     0.343     0.922
 5   113.378    22.038    20.068
 5     0.163    -0.315     0.935
 5     0.199    -0.918    -0.344
 5     0.966     0.242    -0.087
 6   127.767    25.207    45.990
 6     0.205    -0.405    -0.891
 6    -0.035     0.906    -0.421
 6     0.978     0.117     0.172
 7   117.806   -26.138    -5.308
 7     0.700     0.703     0.125
 7    -0.684     0.610     0.400
 7     0.205    -0.366     0.908
 8   116.226   -32.098    19.455
 8     0.238     0.707     0.665
 8    -0.115    -0.660     0.743
 8     0.964    -0.254    -0.076
 9   129.750   -31.431    44.889
 9     0.263     0.274    -0.925
 9     0.017     0.957     0.288
 9     0.964    -0.092     0.247
 2    96.242   -22.709    59.906
 2     0.185    -0.980     0.069
 2     0.964     0.194     0.182
 2    -0.193     0.033     0.981
 3   131.370    -2.790     5.245
 3     0.415     0.189    -0.890
 3     0.201     0.935     0.293
 3     0.887    -0.301     0.350
 4   113.994    14.255    -6.033
 4     0.551    -0.811     0.196
 4     0.815     0.473    -0.335
 4     0.178     0.344     0.921
 5   113.565    22.198    19.912
 5     0.176    -0.340     0.923
 5     0.199    -0.907    -0.372
 5     0.964     0.249    -0.092
 6   128.364    24.106    45.749
 6     0.190    -0.231    -0.954
 6    -0.038     0.969    -0.242
 6     0.981     0.082     0.175
 7   118.026   -25.948    -5.242
 7     0.721     0.683     0.114
 7    -0.661     0.631     0.406
 7     0.205    -0.369     0.907
 8   116.245   -31.389    19.984
 8     0.229     0.711     0.664
 8    -0.099    -0.662     0.743
 8     0.968    -0.236    -0.081
 9   129.453   -30.492    45.087
 9     0.273     0.207    -0.939
 9     0.026     0.974     0.222
 9     0.961    -0.086     0.261
 2    96.245   -22.708    59.903
 2     0.185    -0.980     0.069
 2     0.964     0.195     0.182
 2    -0.192     0.033     0.981
 3   131.401    -2.787     5.291
 3     0.411     0.191    -0.891
 3     0.203     0.933     0.294
 3     0.888    -0.303     0.345
 4   113.994    14.255    -5.982
 4     0.551    -0.812     0.196
 4     0.815     0.473    -0.334
 4     0.178     0.344     0.922
 5   113.548    21.977    20.043
 5     0.173    -0.323     0.930
 5     0.195    -0.915    -0.354
 5     0.965     0.243    -0.095
 6   128.213    24.084    46.102
 6     0.183    -0.199    -0.963
 6    -0.035     0.977    -0.208
 6     0.982     0.071     0.172
 7   117.869   -26.001    -5.147
 7     0.708     0.695     0.123
 7    -0.674     0.614     0.410
 7     0.210    -0.374     0.903
 8   115.899   -31.441    19.898
 8     0.233     0.688     0.687
 8    -0.103    -0.685     0.721
 8     0.967    -0.239    -0.089
 9   129.401   -30.585    44.854
 9     0.292     0.182    -0.939
 9     0.022     0.980     0.197
 9     0.956    -0.079     0.282
 2    96.245   -22.708    59.903
 2     0.185    -0.980     0.069
 2     0.964     0.194     0.182
 2    -0.192     0.033     0.981
 3   131.512    -2.834     5.278
 3     0.409     0.194    -0.892
 3     0.203     0.933     0.296
 3     0.890    -0.302     0.342
 4   114.044    14.255    -5.982
 4     0.551    -0.811     0.195
 4     0.815     0.473    -0.334
 4     0.178     0.343     0.922
 5   113.673    22.027    20.039
 5     0.176    -0.327     0.928
 5     0.195    -0.913    -0.358
 5     0.965     0.244    -0.098
 6   128.562    23.905    45.799
 6     0.189    -0.168    -0.967
 6    -0.034     0.983    -0.177
 6     0.981     0.066     0.180
 7   117.869   -25.951    -5.198
 7     0.708     0.695     0.123
 7    -0.675     0.614     0.410
 7     0.210    -0.374     0.903
 8   115.884   -31.577    19.835
 8     0.233     0.691     0.683
 8    -0.107    -0.680     0.725
 8     0.966    -0.242    -0.084
 9   129.499   -30.773    44.687
 9     0.300     0.159    -0.940
 9     0.015     0.985     0.172
 9     0.954    -0.066     0.293
 2    96.242   -22.709    59.906
 2     0.185    -0.980     0.069
 2     0.964     0.194     0.182
 2    -0.193     0.033     0.981
 3   131.569    -2.832     5.222
 3     0.406     0.198    -0.892
 3     0.203     0.932     0.299
 3     0.891    -0.303     0.338
 4   114.120    14.204    -5.981
 4     0.553    -0.810     0.195
 4     0.814     0.475    -0.334
 4     0.178     0.343     0.922
 5   113.879    22.094    20.083
 5     0.183    -0.328     0.926
 5     0.196    -0.911    -0.362
 5     0.963     0.248    -0.103
 6   128.853    23.901    45.820
 6     0.193    -0.155    -0.969
 6    -0.035     0.986    -0.164
 6     0.980     0.065     0.185
 7   117.861   -26.005    -5.236
 7     0.707     0.695     0.127
 7    -0.676     0.613     0.409
 7     0.206    -0.375     0.903
 8   115.930   -31.873    19.725
 8     0.241     0.683     0.689
 8    -0.120    -0.683     0.720
 8     0.963    -0.257    -0.083
 9   129.760   -31.015    44.544
 9     0.310     0.148    -0.939
 9     0.010     0.987     0.159
 9     0.950    -0.058     0.305
 2    96.245   -22.708    59.903
 2     0.185    -0.980     0.069
 2     0.964     0.194     0.182
 2    -0.192     0.033     0.981
 3   131.606    -2.929     5.210
 3     0.401     0.204    -0.893
 3     0.203     0.931     0.303
 3     0.893    -0.303     0.332
 4   114.217    14.151    -6.026
 4     0.556    -0.808     0.195
 4     0.812     0.478    -0.333
 4     0.176     0.343     0.922
 5   113.995    22.191    20.063
 5     0.189    -0.326     0.926
 5     0.197    -0.911    -0.361
 5     0.962     0.251    -0.108
 6   129.118    23.847    45.711
 6     0.200    -0.148    -0.969
 6    -0.036     0.987    -0.159
 6     0.979     0.066     0.192
 7   117.934   -26.006    -5.232
 7     0.708     0.694     0.129
 7    -0.676     0.613     0.409
 7     0.205    -0.377     0.903
 8   116.045   -31.878    19.662
 8     0.244     0.683     0.688
 8    -0.124    -0.682     0.721
 8     0.962    -0.261    -0.082
 9   129.903   -31.122    44.376
 9     0.315     0.146    -0.938
 9     0.006     0.987     0.156
 9     0.949    -0.056     0.310
 2    96.245   -22.708    59.903
 2     0.185    -0.980     0.069
 2     0.964     0.195     0.182
 2    -0.192     0.033     0.981
 3   131.792    -2.873     5.096
 3     0.396     0.205    -0.895
 3     0.204     0.930     0.303
 3     0.895    -0.303     0.327
 4   114.314    14.150    -6.049
 4     0.556    -0.808     0.195
 4     0.812     0.478    -0.333
 4     0.175     0.344     0.922
 5   114.035    22.138    20.072
 5     0.191    -0.323     0.927
 5     0.199    -0.912    -0.359
 5     0.961     0.253    -0.110
 6   129.129    23.921    45.724
 6     0.203    -0.151    -0.967
 6    -0.036     0.986    -0.162
 6     0.978     0.068     0.195
 7   118.034   -26.004    -5.284
 7     0.709     0.693     0.128
 7    -0.674     0.614     0.410
 7     0.205    -0.377     0.903
 8   116.144   -31.958    19.663
 8     0.242     0.681     0.690
 8    -0.126    -0.684     0.719
 8     0.962    -0.261    -0.080
 9   129.944   -31.123    44.385
 9     0.317     0.145    -0.937
 9     0.007     0.988     0.156
 9     0.948    -0.056     0.312
 2    96.245   -22.708    59.903
 2     0.185    -0.980     0.069
 2     0.964     0.195     0.182
 2    -0.192     0.033     0.981
 3   131.799    -2.922     5.064
 3     0.393     0.206    -0.896
 3     0.203     0.931     0.304
 3     0.896    -0.302     0.324
 4   114.394    14.203    -6.054
 4     0.556    -0.808     0.193
 4     0.812     0.479    -0.334
 4     0.177     0.343     0.922
 5   113.925    22.049    20.078
 5     0.181    -0.308     0.934
 5     0.198    -0.919    -0.342
 5     0.963     0.247    -0.105
 6   128.120    25.511    45.496
 6     0.271    -0.618    -0.738
 6    -0.070     0.752    -0.655
 6     0.960     0.229     0.161
 7   118.094   -26.003    -5.248
 7     0.705     0.698     0.123
 7    -0.677     0.611     0.410
 7     0.210    -0.373     0.903
 8   115.579   -31.323    20.032
 8     0.236     0.641     0.730
 8    -0.113    -0.729     0.675
 8     0.965    -0.242    -0.100
 9   128.779   -33.124    45.381
 9     0.308     0.758    -0.575
 9     0.074     0.583     0.808
 9     0.948    -0.292     0.123
 2    96.242   -22.658    59.906
 2     0.185    -0.980     0.069
 2     0.964     0.194     0.182
 2    -0.193     0.033     0.981
 3   131.808    -2.817     5.049
 3     0.389     0.201    -0.899
 3     0.202     0.933     0.297
 3     0.898    -0.298     0.322
 4   114.411    14.264    -5.999
 4     0.546    -0.816     0.187
 4     0.817     0.470    -0.335
 4     0.185     0.336     0.923
 5   113.556    21.517    20.231
 5     0.171    -0.257     0.951
 5     0.189    -0.939    -0.287
 5     0.967     0.229    -0.112
 6   126.271    27.511    46.293
 6     0.370    -0.894    -0.253
 6    -0.019     0.265    -0.964
 6     0.929     0.361     0.082
 7   118.317   -26.099    -5.234
 7     0.696     0.709     0.110
 7    -0.682     0.607     0.407
 7     0.222    -0.359     0.906
 8   115.029   -30.777    20.121
 8     0.242     0.589     0.771
 8    -0.111    -0.772     0.625
 8     0.964    -0.237    -0.122
 9   127.222   -34.161    46.167
 9     0.375     0.923    -0.080
 9     0.092     0.048     0.994
 9     0.922    -0.381    -0.067
 2    96.245   -22.708    59.903
 2     0.185    -0.980     0.069
 2     0.964     0.195     0.182
 2    -0.192     0.033     0.981
 3   131.817    -2.763     5.059
 3     0.387     0.199    -0.900
 3     0.202     0.934     0.293
 3     0.900    -0.295     0.321
 4   114.417    14.317    -5.957
 4     0.545    -0.817     0.187
 4     0.817     0.468    -0.337
 4     0.188     0.336     0.922
 5   113.662    21.512    20.135
 5     0.171    -0.292     0.941
 5     0.177    -0.930    -0.321
 5     0.969     0.222    -0.108
 6   126.140    27.202    46.243
 6     0.376    -0.901    -0.217
 6    -0.026     0.224    -0.974
 6     0.926     0.372     0.061
 7   118.314   -26.050    -5.231
 7     0.695     0.710     0.110
 7    -0.684     0.606     0.405
 7     0.221    -0.357     0.907
 8   115.203   -30.967    20.025
 8     0.243     0.619     0.747
 8    -0.100    -0.750     0.654
 8     0.965    -0.234    -0.121
 9   127.269   -33.925    46.073
 9     0.374     0.923    -0.083
 9     0.104     0.047     0.993
 9     0.921    -0.381    -0.078
 2    96.245   -22.708    59.903
 2     0.185    -0.980     0.069
 2     0.964     0.195     0.182
 2    -0.192     0.033     0.981
 3   131.918    -2.764     5.060
 3     0.387     0.201    -0.900
 3     0.200     0.934     0.295
 3     0.900    -0.295     0.321
 4   114.556    14.320    -5.920
 4     0.549    -0.816     0.183
 4     0.813     0.470    -0.342
 4     0.193     0.336     0.922
 5   113.406    21.375    20.117
 5     0.158    -0.294     0.942
 5     0.169    -0.932    -0.320
 5     0.973     0.210    -0.098
 6   125.417    26.847    46.660
 6     0.369    -0.910    -0.189
 6    -0.036     0.189    -0.981
 6     0.928     0.369     0.037
 7   118.311   -26.102    -5.279
 7     0.694     0.711     0.108
 7    -0.685     0.607     0.402
 7     0.220    -0.354     0.909
 8   115.046   -30.965    19.898
 8     0.233     0.621     0.748
 8    -0.097    -0.751     0.653
 8     0.967    -0.225    -0.115
 9   127.025   -33.601    46.301
 9     0.357     0.928    -0.108
 9     0.115     0.070     0.991
 9     0.927    -0.366    -0.082
 2    96.194   -22.708    59.954
 2     0.185    -0.980     0.069
 2     0.964     0.195     0.182
 2    -0.192     0.033     0.981
 3   131.923    -2.762     5.053
 3     0.385     0.200    -0.901
 3     0.200     0.935     0.293
 3     0.901    -0.294     0.320
 4   114.615    14.324    -5.931
 4     0.547    -0.818     0.180
 4     0.813     0.468    -0.344
 4     0.197     0.334     0.921
 5   112.682    21.553    19.924
 5     0.128    -0.291     0.948
 5     0.176    -0.934    -0.310
 5     0.976     0.207    -0.069
 6   124.096    27.180    46.545
 6     0.333    -0.921    -0.204
 6    -0.030     0.206    -0.978
 6     0.942     0.331     0.041
 7   118.415   -26.051    -5.341
 7     0.691     0.715     0.102
 7    -0.687     0.607     0.399
 7     0.223    -0.346     0.911
 8   114.398   -30.959    19.700
 8     0.203     0.612     0.764
 8    -0.105    -0.762     0.639
 8     0.973    -0.211    -0.091
 9   125.633   -33.967    46.276
 9     0.316     0.936    -0.153
 9     0.098     0.128     0.987
 9     0.943    -0.327    -0.052
 2    96.245   -22.708    59.903
 2     0.185    -0.980     0.069
 2     0.964     0.195     0.182
 2    -0.192     0.033     0.981
 3   131.980    -2.682     5.189
 3     0.381     0.193    -0.904
 3     0.199     0.938     0.284
 3     0.903    -0.289     0.319
 4   114.756    14.407    -5.925
 4     0.543    -0.821     0.173
 4     0.814     0.465    -0.347
 4     0.204     0.330     0.921
 5   111.956    21.583    19.723
 5     0.092    -0.286     0.954
 5     0.184    -0.937    -0.298
 5     0.979     0.203    -0.034
 6   122.547    27.466    46.780
 6     0.280    -0.924    -0.260
 6    -0.025     0.264    -0.964
 6     0.959     0.276     0.050
 7   118.422   -26.002    -5.250
 7     0.683     0.723     0.097
 7    -0.693     0.602     0.395
 7     0.227    -0.338     0.913
 8   113.402   -30.903    19.147
 8     0.164     0.590     0.790
 8    -0.119    -0.783     0.610
 8     0.979    -0.194    -0.058
 9   123.960   -34.126    46.050
 9     0.271     0.942    -0.196
 9     0.081     0.180     0.980
 9     0.959    -0.282    -0.027
 2    96.245   -22.708    59.903
 2     0.185    -0.980     0.069
 2     0.964     0.195     0.182
 2    -0.192     0.033     0.981
 3   131.926    -2.682     5.186
 3     0.379     0.183    -0.907
 3     0.198     0.941     0.273
 3     0.903    -0.283     0.321
 4   114.765    14.411    -5.931
 4     0.539    -0.826     0.167
 4     0.816     0.463    -0.345
 4     0.207     0.323     0.923
 5   111.471    21.718    19.534
 5     0.074    -0.280     0.957
 5     0.190    -0.938    -0.290
 5     0.979     0.203    -0.016
 6   122.021    27.395    46.554
 6     0.236    -0.895    -0.378
 6    -0.032     0.381    -0.924
 6     0.971     0.230     0.061
 7   118.302   -26.006    -5.354
 7     0.674     0.732     0.098
 7    -0.702     0.594     0.392
 7     0.229    -0.334     0.914
 8   112.675   -30.913    18.775
 8     0.127     0.583     0.802
 8    -0.130    -0.792     0.597
 8     0.983    -0.180    -0.025
 9   122.681   -34.889    45.666
 9     0.239     0.943    -0.233
 9     0.056     0.225     0.972
 9     0.969    -0.246     0.000
 2    96.194   -22.708    59.954
 2     0.185    -0.980     0.069
 2     0.964     0.195     0.182
 2    -0.192     0.033     0.981
 3   131.826    -2.734     5.185
 3     0.381     0.179    -0.907
 3     0.197     0.942     0.269
 3     0.903    -0.282     0.323
 4   114.742    14.462    -5.959
 4     0.539    -0.826     0.167
 4     0.816     0.462    -0.346
 4     0.208     0.323     0.923
 5   111.293    21.796    19.389
 5     0.063    -0.295     0.953
 5     0.193    -0.934    -0.302
 5     0.979     0.203    -0.002
 6   121.842    27.479    46.526
 6     0.228    -0.899    -0.375
 6    -0.030     0.379    -0.925
 6     0.973     0.222     0.059
 7   118.169   -26.107    -5.373
 7     0.664     0.741     0.096
 7    -0.709     0.584     0.394
 7     0.236    -0.330     0.914
 8   111.758   -31.138    18.445
 8     0.092     0.577     0.811
 8    -0.138    -0.800     0.584
 8     0.986    -0.166     0.005
 9   121.025   -35.097    45.746
 9     0.195     0.947    -0.254
 9     0.045     0.250     0.967
 9     0.979    -0.201     0.006
 2    96.242   -22.709    59.906
 2     0.185    -0.980     0.069
 2     0.964     0.195     0.182
 2    -0.193     0.033     0.981
 3   131.824    -2.761     5.210
 3     0.382     0.179    -0.907
 3     0.196     0.943     0.269
 3     0.903    -0.280     0.325
 4   114.883    14.365    -6.026
 4     0.542    -0.825     0.161
 4     0.812     0.465    -0.351
 4     0.214     0.321     0.922
 5   110.898    21.806    19.138
 5     0.038    -0.314     0.949
 5     0.195    -0.929    -0.315
 5     0.980     0.197     0.026
 6   120.710    27.315    46.525
 6     0.182    -0.891    -0.415
 6    -0.032     0.417    -0.908
 6     0.982     0.179     0.047
 7   118.071   -26.232    -5.356
 7     0.649     0.755     0.089
 7    -0.719     0.571     0.396
 7     0.248    -0.321     0.914
 8   110.829   -31.004    18.144
 8     0.053     0.573     0.818
 8    -0.140    -0.807     0.574
 8     0.989    -0.145     0.037
 9   119.181   -35.302    45.625
 9     0.153     0.954    -0.258
 9     0.036     0.255     0.966
 9     0.987    -0.158     0.004
 2    96.245   -22.708    59.903
 2     0.185    -0.980     0.069
 2     0.964     0.195     0.182
 2    -0.192     0.033     0.981
 3   131.824    -2.862     5.209
 3     0.381     0.178    -0.907
 3     0.195     0.943     0.267
 3     0.903    -0.279     0.325
 4   115.258    14.373    -6.150
 4     0.542    -0.827     0.148
 4     0.810     0.468    -0.353
 4     0.223     0.311     0.924
 5   110.115    21.750    18.729
 5    -0.007    -0.295     0.955
 5     0.200    -0.936    -0.288
 5     0.980     0.189     0.065
 6   118.720    27.433    46.461
 6     0.124    -0.894    -0.430
 6    -0.035     0.429    -0.902
 6     0.992     0.126     0.022
 7   118.053   -26.279    -5.451
 7     0.633     0.770     0.076
 7    -0.728     0.558     0.397
 7     0.263    -0.307     0.914
 8   109.941   -31.127    17.766
 8     0.015     0.563     0.826
 8    -0.144    -0.816     0.559
 8     0.989    -0.127     0.069
 9   117.366   -35.402    45.406
 9     0.115     0.963    -0.245
 9     0.029     0.243     0.969
 9     0.993    -0.119    -0.000
 2    96.245   -22.708    59.903
 2     0.185    -0.980     0.069
 2     0.964     0.195     0.182
 2    -0.192     0.033     0.981
 3   131.843    -2.934     5.341
 3     0.375     0.181    -0.909
 3     0.192     0.944     0.267
 3     0.906    -0.276     0.319
 4   115.716    14.434    -6.078
 4     0.542    -0.830     0.131
 4     0.806     0.471    -0.357
 4     0.235     0.299     0.925
 5   109.743    21.871    18.422
 5    -0.037    -0.292     0.955
 5     0.213    -0.937    -0.278
 5     0.976     0.193     0.096
 6   117.967    27.668    46.148
 6     0.091    -0.891    -0.445
 6    -0.029     0.445    -0.895
 6     0.995     0.094     0.015
 7   118.181   -26.123    -5.443
 7     0.618     0.783     0.060
 7    -0.735     0.550     0.396
 7     0.277    -0.290     0.916
 8   109.355   -30.964    17.467
 8    -0.019     0.558     0.829
 8    -0.145    -0.823     0.550
 8     0.989    -0.110     0.096
 9   116.069   -35.234    45.170
 9     0.076     0.963    -0.258
 9     0.025     0.257     0.966
 9     0.997    -0.080    -0.005
 2    96.194   -22.708    59.954
 2     0.185    -0.980     0.069
 2     0.964     0.195     0.182
 2    -0.192     0.033     0.981
 3   132.043    -3.071     5.590
 3     0.360     0.196    -0.912
 3     0.188     0.942     0.276
 3     0.914    -0.271     0.302
 4   116.554    14.595    -6.109
 4     0.550    -0.828     0.109
 4     0.797     0.482    -0.364
 4     0.248     0.287     0.925
 5   109.528    22.265    18.101
 5    -0.072    -0.315     0.946
 5     0.223    -0.930    -0.292
 5     0.972     0.190     0.137
 6   116.906    28.405    45.974
 6     0.053    -0.897    -0.439
 6    -0.017     0.439    -0.898
 6     0.998     0.055     0.008
 7   118.425   -26.174    -5.472
 7     0.601     0.797     0.049
 7    -0.745     0.538     0.394
 7     0.287    -0.273     0.918
 8   108.888   -30.985    17.205
 8    -0.047     0.549     0.834
 8    -0.146    -0.830     0.538
 8     0.988    -0.097     0.119
 9   115.032   -35.455    44.918
 9     0.051     0.967    -0.248
 9     0.017     0.247     0.969
 9     0.998    -0.054    -0.004
 2    96.194   -22.708    59.954
 2     0.185    -0.980     0.069
 2     0.964     0.195     0.182
 2    -0.192     0.033     0.981
 3   132.201    -3.085     5.912
 3     0.347     0.203    -0.916
 3     0.187     0.941     0.280
 3     0.919    -0.269     0.288
 4   116.930    14.602    -6.182
 4     0.550    -0.830     0.096
 4     0.794     0.484    -0.366
 4     0.257     0.277     0.925
 5   109.195    22.253    17.867
 5    -0.103    -0.308     0.946
 5     0.234    -0.932    -0.278
 5     0.966     0.193     0.168
 6   115.978    28.772    45.427
 6     0.024    -0.901    -0.432
 6    -0.006     0.432    -0.902
 6     1.000     0.024     0.005
 7   118.616   -26.118    -5.498
 7     0.597     0.801     0.039
 7    -0.745     0.537     0.394
 7     0.295    -0.265     0.918
 8   108.698   -31.118    17.065
 8    -0.064     0.555     0.829
