2 	  33.13	  -6.98	  22.85
	  0.703	  0.711	 -0.018
	 -0.712	  0.701	 -0.025
	 -0.004	  0.030	  0.999

3 	  45.37	  -1.07	  -0.14
	  0.515	  0.316	  0.796
	 -0.227	  0.946	 -0.231
	 -0.827	 -0.061	  0.558

4 	  40.43	   4.11	  -3.71
	  0.530	  0.690	 -0.493
	 -0.656	  0.701	  0.278
	  0.539	  0.176	  0.823

5 	  46.85	  11.99	  -2.46
	  0.758	  0.644	 -0.104
	  0.144	 -0.010	  0.989
	  0.636	 -0.765	 -0.099

6 	  51.86	   4.52	  -1.02
	  0.336	 -0.863	  0.376
	  0.921	  0.384	  0.061
	 -0.198	  0.328	  0.924

7 	  41.20	  -6.13	  -3.76
	  0.594	 -0.636	 -0.492
	  0.482	  0.770	 -0.417
	  0.646	  0.011	  0.763

8 	  45.95	 -13.83	  -3.11
	  0.664	 -0.736	 -0.131
	  0.037	  0.207	 -0.978
	  0.747	  0.644	  0.165

9 	  51.57	  -6.71	  -0.95
	  0.401	  0.843	  0.357
	 -0.915	  0.386	  0.112
	 -0.044	 -0.372	  0.927

2 	  33.13	  -6.98	  22.83
	  0.702	  0.711	 -0.018
	 -0.713	  0.701	 -0.025
	 -0.004	  0.030	  0.999

3 	  45.39	  -1.04	  -0.12
	  0.513	  0.320	  0.796
	 -0.230	  0.945	 -0.234
	 -0.827	 -0.062	  0.558

4 	  40.43	   4.11	  -3.73
	  0.530	  0.690	 -0.492
	 -0.657	  0.701	  0.278
	  0.538	  0.176	  0.824

5 	  46.79	  11.99	  -2.44
	  0.753	  0.650	 -0.099
	  0.135	 -0.005	  0.991
	  0.643	 -0.760	 -0.091

6 	  51.79	   4.52	  -0.95
	  0.331	 -0.863	  0.381
	  0.921	  0.383	  0.068
	 -0.206	  0.330	  0.921

7 	  41.17	  -6.15	  -3.74
	  0.594	 -0.638	 -0.491
	  0.487	  0.769	 -0.413
	  0.642	  0.007	  0.766

8 	  45.88	 -13.89	  -3.09
	  0.660	 -0.739	 -0.131
	  0.043	  0.211	 -0.976
	  0.750	  0.639	  0.171

9 	  51.40	  -6.80	  -0.84
	  0.388	  0.845	  0.368
	 -0.921	  0.374	  0.109
	 -0.046	 -0.381	  0.923

2 	  33.13	  -6.98	  22.83
	  0.702	  0.712	 -0.018
	 -0.713	  0.701	 -0.025
	 -0.004	  0.031	  0.999

3 	  45.39	  -1.05	  -0.12
	  0.514	  0.320	  0.796
	 -0.230	  0.945	 -0.233
	 -0.827	 -0.062	  0.558

4 	  40.38	   3.99	  -3.74
	  0.523	  0.691	 -0.499
	 -0.664	  0.696	  0.271
	  0.536	  0.189	  0.822

5 	  46.60	  11.99	  -2.50
	  0.745	  0.659	 -0.102
	  0.130	  0.008	  0.991
	  0.654	 -0.752	 -0.079

6 	  51.63	   4.57	  -0.93
	  0.327	 -0.860	  0.391
	  0.920	  0.383	  0.076
	 -0.217	  0.337	  0.916

7 	  41.17	  -6.17	  -3.74
	  0.593	 -0.639	 -0.490
	  0.490	  0.768	 -0.411
	  0.641	  0.004	  0.767

8 	  45.84	 -13.90	  -3.11
	  0.661	 -0.739	 -0.132
	  0.046	  0.216	 -0.975
	  0.749	  0.638	  0.176

9 	  51.24	  -6.75	  -0.90
	  0.370	  0.854	  0.366
	 -0.928	  0.353	  0.113
	 -0.033	 -0.382	  0.923

2 	  33.13	  -6.98	  22.85
	  0.702	  0.712	 -0.018
	 -0.713	  0.701	 -0.026
	 -0.004	  0.031	  0.999

3 	  45.37	  -1.09	  -0.14
	  0.512	  0.322	  0.795
	 -0.236	  0.943	 -0.232
	 -0.826	 -0.068	  0.559

4 	  40.31	   3.99	  -3.73
	  0.514	  0.695	 -0.503
	 -0.671	  0.690	  0.271
	  0.537	  0.198	  0.820

5 	  46.83	  11.69	  -2.57
	  0.768	  0.626	 -0.133
	  0.209	 -0.048	  0.977
	  0.605	 -0.778	 -0.167

6 	  51.82	   4.11	  -2.14
	  0.360	 -0.884	  0.297
	  0.920	  0.390	  0.046
	 -0.157	  0.258	  0.953

7 	  41.10	  -6.17	  -3.78
	  0.590	 -0.631	 -0.504
	  0.489	  0.775	 -0.400
	  0.644	 -0.010	  0.765

8 	  46.11	 -13.69	  -3.16
	  0.685	 -0.706	 -0.179
	 -0.088	  0.164	 -0.983
	  0.722	  0.689	  0.050

9 	  51.61	  -6.10	  -2.41
	  0.402	  0.886	  0.229
	 -0.907	  0.349	  0.237
	  0.131	 -0.302	  0.944

2 	  33.13	  -6.98	  22.83
	  0.702	  0.712	 -0.018
	 -0.713	  0.701	 -0.025
	 -0.004	  0.031	  0.999

3 	  45.30	  -1.05	  -0.16
	  0.514	  0.323	  0.794
	 -0.243	  0.943	 -0.229
	 -0.823	 -0.075	  0.563

4 	  40.22	   4.03	  -3.64
	  0.503	  0.697	 -0.510
	 -0.665	  0.689	  0.288
	  0.554	  0.194	  0.809

5 	  47.16	  11.43	  -2.50
	  0.796	  0.584	 -0.156
	  0.338	 -0.215	  0.916
	  0.502	 -0.783	 -0.367

6 	  51.94	   3.85	  -4.96
	  0.395	 -0.919	  0.014
	  0.918	  0.394	 -0.051
	  0.041	  0.033	  0.999

7 	  41.01	  -6.13	  -3.74
	  0.584	 -0.628	 -0.514
	  0.488	  0.777	 -0.398
	  0.650	 -0.017	  0.759

8 	  46.51	 -13.46	  -2.50
	  0.710	 -0.682	 -0.173
	 -0.295	 -0.064	 -0.953
	  0.640	  0.728	 -0.245

9 	  51.71	  -6.06	  -5.89
	  0.433	  0.878	 -0.204
	 -0.787	  0.478	  0.389
	  0.442	 -0.005	  0.896

2 	  33.13	  -6.98	  22.83
	  0.702	  0.712	 -0.018
	 -0.713	  0.700	 -0.025
	 -0.004	  0.031	  0.999

3 	  45.28	  -1.09	  -0.16
	  0.530	  0.312	  0.788
	 -0.229	  0.948	 -0.223
	 -0.817	 -0.061	  0.573

4 	  40.20	   4.11	  -3.46
	  0.476	  0.698	 -0.534
	 -0.615	  0.698	  0.367
	  0.630	  0.154	  0.761

5 	  47.16	  11.58	  -2.09
	  0.786	  0.599	 -0.151
	  0.454	 -0.393	  0.799
	  0.421	 -0.697	 -0.580

6 	  52.24	   5.98	  -7.93
	  0.520	 -0.778	 -0.352
	  0.845	  0.529	  0.077
	  0.125	 -0.338	  0.933

7 	  40.97	  -6.12	  -3.76
	  0.573	 -0.632	 -0.522
	  0.483	  0.774	 -0.409
	  0.663	 -0.017	  0.748

8 	  47.09	 -13.08	  -1.04
	  0.739	 -0.668	 -0.088
	 -0.460	 -0.403	 -0.791
	  0.494	  0.626	 -0.603

9 	  50.99	  -8.89	  -9.49
	  0.358	  0.550	 -0.755
	 -0.738	  0.661	  0.133
	  0.576	  0.510	  0.638

2 	  33.13	  -6.98	  22.83
	  0.702	  0.712	 -0.018
	 -0.713	  0.700	 -0.025
	 -0.004	  0.031	  0.999

3 	  45.30	  -1.04	  -0.23
	  0.549	  0.302	  0.779
	 -0.232	  0.950	 -0.207
	 -0.804	 -0.067	  0.591

4 	  39.96	   4.13	  -3.29
	  0.410	  0.721	 -0.559
	 -0.595	  0.675	  0.436
	  0.693	  0.154	  0.704

5 	  46.95	  11.72	  -1.46
	  0.769	  0.625	 -0.132
	  0.542	 -0.529	  0.652
	  0.339	 -0.574	 -0.745

6 	  51.70	   8.96	  -9.42
	  0.556	 -0.526	 -0.644
	  0.795	  0.564	  0.223
	  0.247	 -0.636	  0.731

7 	  40.82	  -6.03	  -3.78
	  0.519	 -0.645	 -0.560
	  0.493	  0.761	 -0.421
	  0.699	 -0.058	  0.712

8 	  47.13	 -12.88	  -0.60
	  0.729	 -0.679	 -0.086
	 -0.584	 -0.550	 -0.597
	  0.359	  0.486	 -0.796

9 	  49.32	 -13.08	 -10.90
	  0.214	  0.119	 -0.970
	 -0.803	  0.587	 -0.104
	  0.559	  0.800	  0.217

2 	  33.13	  -6.98	  22.83
	  0.702	  0.712	 -0.018
	 -0.713	  0.700	 -0.025
	 -0.004	  0.031	  0.999

3 	  45.33	  -0.90	  -0.53
	  0.583	  0.295	  0.756
	 -0.255	  0.950	 -0.177
	 -0.772	 -0.089	  0.629

4 	  39.62	   4.15	  -3.04
	  0.308	  0.763	 -0.568
	 -0.618	  0.614	  0.491
	  0.724	  0.199	  0.659

5 	  46.16	  12.27	  -0.77
	  0.719	  0.686	 -0.112
	  0.614	 -0.551	  0.565
	  0.328	 -0.476	 -0.816

6 	  50.66	  10.69	  -9.33
	  0.542	 -0.409	 -0.734
	  0.781	  0.568	  0.260
	  0.312	 -0.714	  0.626

7 	  40.57	  -5.68	  -3.80
	  0.401	 -0.645	 -0.651
	  0.508	  0.747	 -0.429
	  0.763	 -0.158	  0.626

8 	  46.12	 -13.29	  -0.69
	  0.607	 -0.788	 -0.102
	 -0.739	 -0.511	 -0.439
	  0.296	  0.342	 -0.891

9 	  46.56	 -16.35	 -10.81
	  0.033	 -0.155	 -0.987
	 -0.846	  0.521	 -0.110
	  0.532	  0.838	 -0.116

2 	  33.13	  -6.96	  22.83
	  0.701	  0.712	 -0.018
	 -0.714	  0.700	 -0.026
	 -0.004	  0.031	  0.999

3 	  45.37	  -0.67	  -0.72
	  0.599	  0.280	  0.750
	 -0.263	  0.953	 -0.148
	 -0.757	 -0.108	  0.644

4 	  39.50	   4.27	  -2.88
	  0.246	  0.787	 -0.565
	 -0.635	  0.571	  0.521
	  0.733	  0.230	  0.640

5 	  45.49	  12.73	  -0.18
	  0.668	  0.741	 -0.068
	  0.651	 -0.537	  0.536
	  0.363	 -0.403	 -0.840

6 	  50.10	  12.27	  -8.74
	  0.567	 -0.306	 -0.765
	  0.753	  0.569	  0.330
	  0.335	 -0.763	  0.552

7 	  40.13	  -5.36	  -3.88
	  0.279	 -0.679	 -0.679
	  0.559	  0.689	 -0.462
	  0.781	 -0.251	  0.571

8 	  44.37	 -13.66	   0.25
	  0.455	 -0.891	  0.005
	 -0.822	 -0.421	 -0.385
	  0.347	  0.170	 -0.922

9 	  44.24	 -18.16	  -9.30
	 -0.027	 -0.298	 -0.954
	 -0.762	  0.625	 -0.172
	  0.648	  0.721	 -0.245

2 	  33.13	  -6.98	  22.83
	  0.701	  0.712	 -0.018
	 -0.714	  0.700	 -0.025
	 -0.004	  0.031	  0.999

3 	  45.28	  -0.76	  -0.81
	  0.618	  0.247	  0.746
	 -0.227	  0.965	 -0.133
	 -0.753	 -0.087	  0.652

4 	  39.46	   4.36	  -2.76
	  0.237	  0.795	 -0.558
	 -0.631	  0.562	  0.535
	  0.739	  0.225	  0.634

5 	  45.44	  12.69	   0.33
	  0.664	  0.747	 -0.018
	  0.637	 -0.551	  0.539
	  0.395	 -0.370	 -0.841

6 	  50.33	  12.50	  -8.23
	  0.589	 -0.273	 -0.760
	  0.749	  0.538	  0.386
	  0.305	 -0.797	  0.521

7 	  39.94	  -5.40	  -3.85
	  0.255	 -0.693	 -0.674
	  0.586	  0.664	 -0.464
	  0.770	 -0.276	  0.575

8 	  43.84	 -13.80	   0.65
	  0.422	 -0.905	  0.046
	 -0.819	 -0.401	 -0.411
	  0.392	  0.135	 -0.910

9 	  43.93	 -18.46	  -8.77
	 -0.003	 -0.319	 -0.948
	 -0.729	  0.649	 -0.215
	  0.684	  0.689	 -0.236

2 	  33.13	  -6.98	  22.83
	  0.701	  0.713	 -0.018
	 -0.714	  0.700	 -0.025
	 -0.004	  0.031	  0.999

3 	  45.25	  -0.84	  -0.84
	  0.625	  0.238	  0.743
	 -0.219	  0.967	 -0.128
	 -0.750	 -0.082	  0.656

4 	  39.43	   4.27	  -2.71
	  0.223	  0.794	 -0.565
	 -0.628	  0.559	  0.540
	  0.746	  0.234	  0.623

5 	  45.47	  12.59	   0.49
	  0.672	  0.740	 -0.019
	  0.640	 -0.566	  0.520
	  0.376	 -0.362	 -0.853

6 	  49.94	  11.99	  -8.24
	  0.525	 -0.330	 -0.784
	  0.805	  0.490	  0.333
	  0.275	 -0.807	  0.523

7 	  39.99	  -5.52	  -3.85
	  0.258	 -0.702	 -0.664
	  0.588	  0.658	 -0.469
	  0.767	 -0.270	  0.582

8 	  44.46	 -13.54	   0.95
	  0.486	 -0.872	  0.062
	 -0.787	 -0.466	 -0.403
	  0.382	  0.146	 -0.912

9 	  44.67	 -17.24	  -8.79
	 -0.010	 -0.210	 -0.978
	 -0.740	  0.660	 -0.133
	  0.673	  0.721	 -0.163

2 	  33.13	  -6.96	  22.85
	  0.700	  0.713	 -0.019
	 -0.715	  0.699	 -0.026
	 -0.004	  0.031	  0.999

3 	  45.28	  -0.84	  -0.90
	  0.634	  0.244	  0.733
	 -0.233	  0.965	 -0.121
	 -0.738	 -0.093	  0.668

4 	  39.38	   4.24	  -2.72
	  0.212	  0.792	 -0.572
	 -0.626	  0.559	  0.544
	  0.751	  0.243	  0.613

5 	  45.44	  12.57	   0.44
	  0.673	  0.739	 -0.021
	  0.639	 -0.567	  0.519
	  0.374	 -0.363	 -0.853

6 	  49.90	  12.29	  -8.33
	  0.527	 -0.295	 -0.797
	  0.807	  0.467	  0.360
	  0.265	 -0.834	  0.484

7 	  39.99	  -5.55	  -3.88
	  0.286	 -0.691	 -0.664
	  0.591	  0.672	 -0.447
	  0.755	 -0.265	  0.600

8 	  44.81	 -13.50	   0.63
	  0.547	 -0.836	  0.039
	 -0.723	 -0.494	 -0.482
	  0.425	  0.235	 -0.874

9 	  46.16	 -15.26	  -9.44
	  0.102	 -0.004	 -0.995
	 -0.724	  0.686	 -0.076
	  0.683	  0.727	  0.065

2 	  33.13	  -6.98	  22.85
	  0.700	  0.714	 -0.018
	 -0.715	  0.699	 -0.025
	 -0.004	  0.031	  0.999

3 	  45.23	  -0.84	  -0.91
	  0.638	  0.248	  0.728
	 -0.243	  0.963	 -0.117
	 -0.731	 -0.101	  0.674

4 	  39.29	   4.20	  -2.74
	  0.205	  0.794	 -0.572
	 -0.625	  0.556	  0.548
	  0.754	  0.245	  0.609

5 	  45.25	  12.62	   0.49
	  0.663	  0.749	 -0.013
	  0.645	 -0.561	  0.520
	  0.384	 -0.353	 -0.853

6 	  49.82	  12.53	  -8.19
	  0.540	 -0.274	 -0.796
	  0.794	  0.480	  0.372
	  0.280	 -0.833	  0.476

7 	  40.11	  -5.61	  -3.83
	  0.321	 -0.682	 -0.657
	  0.583	  0.688	 -0.431
	  0.747	 -0.245	  0.618

8 	  45.63	 -13.15	   0.60
	  0.624	 -0.781	  0.030
	 -0.675	 -0.556	 -0.485
	  0.398	  0.282	 -0.873

9 	  47.04	 -14.33	  -9.53
	  0.104	  0.054	 -0.993
	 -0.743	  0.668	 -0.040
	  0.662	  0.742	  0.107

2 	  33.13	  -6.98	  22.83
	  0.700	  0.713	 -0.019
	 -0.715	  0.699	 -0.026
	 -0.004	  0.031	  0.999

3 	  45.30	  -0.81	  -0.83
	  0.623	  0.268	  0.734
	 -0.260	  0.957	 -0.130
	 -0.738	 -0.109	  0.665

4 	  39.45	   4.24	  -2.88
	  0.256	  0.791	 -0.555
	 -0.641	  0.568	  0.516
	  0.724	  0.224	  0.652

5 	  45.44	  12.52	   0.12
	  0.669	  0.742	 -0.030
	  0.620	 -0.534	  0.575
	  0.412	 -0.404	 -0.816

6 	  50.70	  10.79	  -7.98
	  0.605	 -0.437	 -0.666
	  0.747	  0.601	  0.282
	  0.278	 -0.668	  0.690

7 	  40.22	  -5.70	  -3.83
	  0.360	 -0.682	 -0.637
	  0.595	  0.693	 -0.406
	  0.719	 -0.233	  0.654

8 	  45.53	 -13.57	  -0.16
	  0.654	 -0.756	  0.005
	 -0.519	 -0.452	 -0.726
	  0.552	  0.473	 -0.686

9 	  50.10	 -11.20	  -8.95
	  0.430	  0.420	 -0.799
	 -0.792	  0.601	 -0.108
	  0.437	  0.679	  0.589

2 	  33.13	  -6.98	  22.83
	  0.700	  0.714	 -0.018
	 -0.715	  0.698	 -0.025
	 -0.004	  0.031	  0.999

3 	  45.28	  -0.95	  -0.69
	  0.620	  0.265	  0.738
	 -0.237	  0.960	 -0.147
	 -0.749	 -0.083	  0.658

4 	  39.66	   4.27	  -3.06
	  0.360	  0.751	 -0.554
	 -0.604	  0.639	  0.476
	  0.712	  0.163	  0.682

5 	  46.14	  12.29	  -1.42
	  0.721	  0.685	 -0.107
	  0.443	 -0.335	  0.832
	  0.535	 -0.647	 -0.543

6 	  52.47	   6.79	  -5.70
	  0.637	 -0.751	 -0.173
	  0.767	  0.640	  0.034
	  0.084	 -0.154	  0.984

7 	  40.39	  -5.75	  -3.78
	  0.458	 -0.651	 -0.605
	  0.582	  0.733	 -0.351
	  0.674	 -0.191	  0.714

8 	  46.37	 -13.27	  -1.71
	  0.741	 -0.665	 -0.085
	 -0.292	 -0.204	 -0.934
	  0.605	  0.718	 -0.345

9 	  52.29	  -6.79	  -6.38
	  0.527	  0.789	 -0.316
	 -0.824	  0.565	  0.041
	  0.212	  0.239	  0.947

2 	  33.15	  -6.98	  22.83
	  0.699	  0.714	 -0.019
	 -0.716	  0.698	 -0.026
	 -0.004	  0.031	  0.999

3 	  45.37	  -0.97	  -0.54
	  0.604	  0.271	  0.749
	 -0.234	  0.959	 -0.160
	 -0.763	 -0.077	  0.642

4 	  40.03	   4.39	  -3.20
	  0.437	  0.721	 -0.538
	 -0.594	  0.679	  0.430
	  0.676	  0.132	  0.724

5 	  47.13	  11.78	  -1.88
	  0.787	  0.605	 -0.117
	  0.315	 -0.231	  0.920
	  0.531	 -0.761	 -0.371

6 	  53.05	   4.92	  -3.80
	  0.535	 -0.842	  0.066
	  0.844	  0.534	 -0.039
	 -0.003	  0.077	  0.997

7 	  40.62	  -5.77	  -3.78
	  0.498	 -0.634	 -0.591
	  0.583	  0.749	 -0.314
	  0.643	 -0.188	  0.742

8 	  46.99	 -12.88	  -2.53
	  0.794	 -0.592	 -0.140
	 -0.198	 -0.032	 -0.980
	  0.575	  0.805	 -0.141

9 	  52.58	  -4.97	  -4.03
	  0.455	  0.890	 -0.006
	 -0.871	  0.446	  0.205
	  0.187	 -0.088	  0.978

2 	  33.13	  -6.96	  22.85
	  0.699	  0.714	 -0.019
	 -0.716	  0.698	 -0.026
	 -0.004	  0.031	  0.999

3 	  45.42	  -1.00	  -0.44
	  0.587	  0.280	  0.760
	 -0.237	  0.956	 -0.171
	 -0.775	 -0.079	  0.627

4 	  40.24	   4.34	  -3.39
	  0.499	  0.702	 -0.508
	 -0.583	  0.705	  0.405
	  0.643	  0.093	  0.760

5 	  47.55	  11.50	  -1.27
	  0.814	  0.580	 -0.027
	  0.180	 -0.207	  0.961
	  0.552	 -0.788	 -0.272

6 	  53.16	   4.22	  -1.44
	  0.451	 -0.868	  0.207
	  0.884	  0.466	  0.031
	 -0.125	  0.171	  0.977

7 	  40.75	  -5.82	  -3.76
	  0.522	 -0.633	 -0.572
	  0.586	  0.752	 -0.300
	  0.621	 -0.178	  0.763

8 	  47.36	 -12.69	  -2.44
	  0.832	 -0.547	 -0.092
	 -0.065	  0.068	 -0.996
	  0.551	  0.834	  0.021

9 	  52.03	  -4.29	  -1.20
	  0.290	  0.928	  0.233
	 -0.954	  0.260	  0.147
	  0.076	 -0.265	  0.961

2 	  33.13	  -6.98	  22.85
	  0.699	  0.714	 -0.019
	 -0.716	  0.698	 -0.026
	 -0.004	  0.031	  0.999

3 	  45.46	  -1.02	  -0.39
	  0.572	  0.291	  0.766
	 -0.248	  0.952	 -0.178
	 -0.782	 -0.087	  0.617

4 	  40.52	   4.39	  -3.57
	  0.551	  0.699	 -0.456
	 -0.576	  0.713	  0.401
	  0.607	  0.041	  0.794

5 	  47.36	  11.71	  -0.33
	  0.786	  0.610	  0.099
	 -0.004	 -0.156	  0.987
	  0.618	 -0.776	 -0.121

6 	  52.35	   4.10	   1.07
	  0.302	 -0.892	  0.337
	  0.926	  0.358	  0.118
	 -0.228	  0.277	  0.933

7 	  40.89	  -5.91	  -3.78
	  0.547	 -0.637	 -0.543
	  0.594	  0.752	 -0.287
	  0.592	 -0.165	  0.789

8 	  47.29	 -12.83	  -1.83
	  0.829	 -0.557	  0.042
	  0.176	  0.188	 -0.966
	  0.530	  0.809	  0.253

9 	  50.77	  -4.73	   1.51
	  0.107	  0.907	  0.406
	 -0.994	  0.097	  0.046
	  0.003	 -0.409	  0.912

2 	  33.13	  -6.96	  22.83
	  0.699	  0.715	 -0.019
	 -0.716	  0.697	 -0.026
	 -0.004	  0.031	  0.999

3 	  45.51	  -1.05	  -0.33
	  0.559	  0.300	  0.773
	 -0.257	  0.948	 -0.185
	 -0.789	 -0.095	  0.607

4 	  40.62	   4.27	  -3.67
	  0.563	  0.700	 -0.439
	 -0.572	  0.712	  0.406
	  0.598	  0.022	  0.801

5 	  46.81	  11.97	   0.05
	  0.731	  0.663	  0.157
	 -0.086	 -0.141	  0.986
	  0.677	 -0.734	 -0.047

6 	  51.93	   4.57	   2.04
	  0.293	 -0.880	  0.374
	  0.908	  0.378	  0.179
	 -0.300	  0.289	  0.909

7 	  40.97	  -6.01	  -3.71
	  0.553	 -0.645	 -0.527
	  0.598	  0.747	 -0.291
	  0.583	 -0.154	  0.797

8 	  46.71	 -13.38	  -1.44
	  0.778	 -0.622	  0.090
	  0.245	  0.168	 -0.955
	  0.579	  0.765	  0.282

9 	  50.62	  -5.52	   2.04
	  0.151	  0.898	  0.412
	 -0.989	  0.137	  0.062
	 -0.000	 -0.417	  0.909

2 	  33.13	  -6.96	  22.83
	  0.698	  0.715	 -0.019
	 -0.716	  0.697	 -0.026
	 -0.004	  0.031	  0.999

3 	  45.51	  -1.14	  -0.26
	  0.553	  0.306	  0.774
	 -0.242	  0.948	 -0.203
	 -0.798	 -0.074	  0.598

4 	  40.61	   4.20	  -3.73
	  0.559	  0.703	 -0.440
	 -0.577	  0.710	  0.404
	  0.598	  0.028	  0.801

5 	  46.60	  12.08	   0.02
	  0.709	  0.686	  0.160
	 -0.094	 -0.135	  0.986
	  0.699	 -0.715	 -0.032

6 	  51.87	   4.90	   2.30
	  0.321	 -0.862	  0.393
	  0.891	  0.415	  0.185
	 -0.324	  0.292	  0.900

7 	  40.97	  -6.12	  -3.69
	  0.547	 -0.662	 -0.512
	  0.602	  0.735	 -0.310
	  0.584	 -0.139	  0.800

8 	  46.48	 -13.57	  -1.07
	  0.753	 -0.648	  0.113
	  0.247	  0.118	 -0.962
	  0.610	  0.752	  0.248

9 	  50.78	  -5.77	   1.95
	  0.209	  0.906	  0.367
	 -0.977	  0.205	  0.049
	 -0.031	 -0.370	  0.929

2 	  33.13	  -6.98	  22.85
	  0.698	  0.715	 -0.019
	 -0.716	  0.697	 -0.026
	 -0.004	  0.031	  0.999

3 	  45.53	  -1.18	  -0.25
	  0.550	  0.309	  0.775
	 -0.235	  0.948	 -0.214
	 -0.802	 -0.064	  0.594

4 	  40.61	   4.13	  -3.73
	  0.556	  0.706	 -0.438
	 -0.586	  0.706	  0.398
	  0.592	  0.035	  0.805

5 	  46.53	  12.08	   0.05
	  0.704	  0.690	  0.164
	 -0.096	 -0.138	  0.985
	  0.704	 -0.709	 -0.033

6 	  51.87	   4.94	   2.37
	  0.328	 -0.860	  0.391
	  0.885	  0.424	  0.191
	 -0.332	  0.285	  0.899

7 	  41.01	  -6.13	  -3.66
	  0.550	 -0.665	 -0.506
	  0.599	  0.735	 -0.317
	  0.584	 -0.129	  0.801

8 	  46.49	 -13.61	  -1.00
	  0.750	 -0.651	  0.115
	  0.234	  0.098	 -0.967
	  0.619	  0.752	  0.225

9 	  50.92	  -5.78	   1.85
	  0.226	  0.908	  0.352
	 -0.973	  0.224	  0.046
	 -0.037	 -0.353	  0.935

2 	  33.13	  -6.98	  22.83
	  0.698	  0.716	 -0.019
	 -0.717	  0.696	 -0.026
	 -0.004	  0.031	  0.999

3 	  45.54	  -1.18	  -0.21
	  0.545	  0.312	  0.777
	 -0.233	  0.947	 -0.220
	 -0.806	 -0.060	  0.589

4 	  40.64	   4.10	  -3.73
	  0.556	  0.708	 -0.435
	 -0.591	  0.704	  0.393
	  0.587	  0.038	  0.809

5 	  46.51	  12.04	   0.14
	  0.702	  0.691	  0.171
	 -0.100	 -0.144	  0.984
	  0.706	 -0.708	 -0.034

6 	  51.91	   4.90	   2.43
	  0.332	 -0.860	  0.387
	  0.881	  0.429	  0.199
	 -0.340	  0.277	  0.899

7 	  41.06	  -6.19	  -3.64
	  0.553	 -0.666	 -0.501
	  0.599	  0.734	 -0.318
	  0.581	 -0.125	  0.804

8 	  46.49	 -13.66	  -0.97
	  0.748	 -0.653	  0.116
	  0.235	  0.096	 -0.967
	  0.621	  0.750	  0.224

9 	  50.98	  -5.87	   1.86
	  0.229	  0.906	  0.355
	 -0.972	  0.230	  0.041
	 -0.044	 -0.355	  0.934

2 	  33.13	  -6.96	  22.83
	  0.698	  0.716	 -0.019
	 -0.717	  0.696	 -0.026
	 -0.004	  0.031	  0.999

3 	  45.58	  -1.23	  -0.18
	  0.542	  0.313	  0.779
	 -0.230	  0.947	 -0.222
	 -0.809	 -0.058	  0.585

4 	  40.71	   4.06	  -3.74
	  0.562	  0.702	 -0.438
	 -0.589	  0.710	  0.385
	  0.583	  0.041	  0.811

5 	  46.63	  11.97	   0.04
	  0.708	  0.686	  0.166
	 -0.102	 -0.135	  0.985
	  0.699	 -0.714	 -0.027

6 	  51.94	   4.75	   2.34
	  0.317	 -0.864	  0.392
	  0.885	  0.417	  0.204
	 -0.341	  0.284	  0.896

7 	  41.10	  -6.19	  -3.66
	  0.557	 -0.663	 -0.501
	  0.599	  0.737	 -0.312
	  0.577	 -0.126	  0.807

8 	  46.56	 -13.66	  -1.12
	  0.752	 -0.651	  0.107
	  0.242	  0.120	 -0.963
	  0.614	  0.749	  0.246

9 	  50.94	  -5.89	   1.92
	  0.217	  0.901	  0.375
	 -0.975	  0.218	  0.040
	 -0.046	 -0.374	  0.926

2 	  33.13	  -6.98	  22.85
	  0.698	  0.716	 -0.019
	 -0.717	  0.696	 -0.026
	 -0.004	  0.031	  0.999

3 	  45.62	  -1.25	  -0.16
	  0.542	  0.313	  0.780
	 -0.229	  0.948	 -0.223
	 -0.809	 -0.057	  0.584

4 	  40.75	   4.04	  -3.78
	  0.565	  0.699	 -0.438
	 -0.590	  0.712	  0.380
	  0.579	  0.044	  0.814

5 	  46.67	  11.95	   0.07
	  0.706	  0.687	  0.173
	 -0.112	 -0.135	  0.984
	  0.700	 -0.714	 -0.020

6 	  51.96	   4.75	   2.46
	  0.317	 -0.863	  0.393
	  0.882	  0.420	  0.213
	 -0.351	  0.281	  0.893

7 	  41.12	  -6.28	  -3.64
	  0.553	 -0.676	 -0.486
	  0.606	  0.726	 -0.323
	  0.573	 -0.116	  0.811

8 	  46.42	 -13.80	  -0.18
	  0.734	 -0.651	  0.193
	  0.276	  0.024	 -0.961
	  0.622	  0.758	  0.196

9 	  51.47	  -5.75	   2.41
	  0.307	  0.919	  0.247
	 -0.949	  0.316	  0.002
	 -0.076	 -0.235	  0.969

2 	  33.13	  -6.98	  22.85
	  0.697	  0.716	 -0.019
	 -0.717	  0.696	 -0.026
	 -0.004	  0.031	  0.999

3 	  45.65	  -1.30	  -0.16
	  0.563	  0.304	  0.768
	 -0.220	  0.951	 -0.218
	 -0.797	 -0.045	  0.601

4 	  40.82	   4.43	  -3.32
	  0.575	  0.766	 -0.286
	 -0.636	  0.638	  0.433
	  0.516	 -0.067	  0.854

5 	  45.98	  10.85	   4.48
	  0.626	  0.584	  0.516
	 -0.200	 -0.521	  0.829
	  0.755	 -0.621	 -0.211

6 	  53.03	   4.38	   5.71
	  0.581	 -0.796	  0.166
	  0.670	  0.582	  0.460
	 -0.469	 -0.154	  0.870

7 	  41.41	  -7.05	  -2.92
	  0.573	 -0.776	 -0.265
	  0.656	  0.626	 -0.420
	  0.494	  0.066	  0.867

8 	  46.00	 -11.71	   5.78
	  0.657	 -0.372	  0.656
	  0.404	 -0.562	 -0.722
	  0.639	  0.737	 -0.220

9 	  53.12	  -4.64	   5.78
	  0.664	  0.744	 -0.078
	 -0.720	  0.605	 -0.341
	 -0.209	  0.282	  0.936

