2 	  46.97	  -0.51	   3.48
	 -0.090	 -0.972	 -0.217
	  0.478	 -0.233	  0.847
	 -0.874	 -0.027	  0.485

3 	  36.86	  -1.23	   1.81
	  0.228	  0.001	 -0.974
	 -0.105	  0.994	 -0.024
	  0.968	  0.107	  0.227

4 	  40.66	   5.99	  -0.18
	  0.852	  0.512	  0.106
	 -0.475	  0.669	  0.571
	  0.222	 -0.538	  0.813

5 	  43.84	   7.89	  11.60
	  0.852	  0.067	  0.519
	 -0.211	 -0.864	  0.457
	  0.479	 -0.498	 -0.723

6 	  52.88	   7.00	  12.66
	  0.938	 -0.247	  0.240
	  0.023	  0.740	  0.672
	 -0.344	 -0.627	  0.698

7 	  40.45	  -7.00	  -0.84
	  0.765	 -0.644	 -0.009
	  0.474	  0.573	 -0.668
	  0.436	  0.507	  0.743

8 	  29.85	  -4.82	  39.11
	 -0.330	 -0.234	  0.915
	  0.713	 -0.694	  0.092
	  0.615	  0.675	  0.405

9 	  30.23	  -2.32	  39.29
	 -0.278	 -0.073	  0.957
	 -0.752	  0.635	 -0.181
	 -0.601	 -0.762	 -0.244

2 	  46.97	  -0.51	   3.50
	 -0.084	 -0.974	 -0.208
	  0.487	 -0.222	  0.844
	 -0.870	 -0.030	  0.493

3 	  36.86	  -1.23	   1.79
	  0.228	  0.000	 -0.974
	 -0.105	  0.994	 -0.024
	  0.968	  0.107	  0.227

4 	  40.66	   6.01	  -0.18
	  0.852	  0.512	  0.107
	 -0.475	  0.670	  0.570
	  0.220	 -0.538	  0.813

5 	  43.84	   7.91	  11.62
	  0.852	  0.067	  0.519
	 -0.211	 -0.864	  0.457
	  0.479	 -0.498	 -0.723

6 	  52.88	   7.00	  12.66
	  0.939	 -0.247	  0.240
	  0.023	  0.740	  0.672
	 -0.344	 -0.627	  0.698

7 	  40.45	  -7.00	  -0.84
	  0.765	 -0.644	 -0.009
	  0.475	  0.573	 -0.668
	  0.436	  0.507	  0.743

8 	  29.83	  -4.82	  39.09
	 -0.330	 -0.234	  0.915
	  0.713	 -0.694	  0.092
	  0.615	  0.675	  0.405

9 	  30.23	  -2.32	  39.27
	 -0.278	 -0.073	  0.957
	 -0.752	  0.635	 -0.181
	 -0.601	 -0.762	 -0.244

2 	  46.93	  -0.46	   3.41
	 -0.071	 -0.973	 -0.217
	  0.526	 -0.221	  0.821
	 -0.847	 -0.056	  0.528

3 	  36.86	  -1.23	   1.79
	  0.228	  0.000	 -0.974
	 -0.105	  0.994	 -0.024
	  0.968	  0.107	  0.227

4 	  40.66	   6.01	  -0.18
	  0.852	  0.511	  0.108
	 -0.475	  0.670	  0.571
	  0.220	 -0.538	  0.813

5 	  43.84	   7.89	  11.62
	  0.852	  0.066	  0.519
	 -0.212	 -0.865	  0.456
	  0.479	 -0.498	 -0.723

6 	  52.86	   7.00	  12.66
	  0.939	 -0.246	  0.239
	  0.023	  0.739	  0.673
	 -0.343	 -0.629	  0.698

7 	  40.45	  -6.98	  -0.84
	  0.765	 -0.644	 -0.009
	  0.475	  0.573	 -0.667
	  0.436	  0.506	  0.744

8 	  29.83	  -4.82	  39.09
	 -0.330	 -0.233	  0.915
	  0.713	 -0.694	  0.093
	  0.615	  0.675	  0.405

9 	  30.22	  -2.32	  39.27
	 -0.278	 -0.072	  0.957
	 -0.752	  0.635	 -0.181
	 -0.601	 -0.762	 -0.243

2 	  46.95	  -0.44	   3.45
	 -0.066	 -0.975	 -0.210
	  0.526	 -0.213	  0.823
	 -0.848	 -0.056	  0.526

3 	  36.86	  -1.21	   1.79
	  0.228	  0.001	 -0.974
	 -0.105	  0.994	 -0.023
	  0.968	  0.107	  0.227

4 	  40.66	   6.01	  -0.16
	  0.852	  0.512	  0.108
	 -0.475	  0.669	  0.570
	  0.220	 -0.538	  0.813

5 	  43.82	   7.89	  11.64
	  0.851	  0.065	  0.520
	 -0.212	 -0.865	  0.454
	  0.480	 -0.497	 -0.723

6 	  52.86	   7.03	  12.67
	  0.940	 -0.245	  0.238
	  0.022	  0.738	  0.674
	 -0.342	 -0.630	  0.697

7 	  40.45	  -6.98	  -0.84
	  0.765	 -0.644	 -0.009
	  0.475	  0.573	 -0.667
	  0.436	  0.506	  0.744

8 	  29.83	  -4.82	  39.09
	 -0.330	 -0.234	  0.915
	  0.713	 -0.694	  0.092
	  0.615	  0.675	  0.405

9 	  30.23	  -2.32	  39.27
	 -0.277	 -0.073	  0.957
	 -0.752	  0.635	 -0.180
	 -0.601	 -0.762	 -0.243

2 	  46.95	  -0.37	   3.45
	 -0.061	 -0.971	 -0.233
	  0.532	 -0.229	  0.815
	 -0.845	 -0.074	  0.530

3 	  36.86	  -1.21	   1.79
	  0.228	  0.001	 -0.974
	 -0.105	  0.994	 -0.023
	  0.968	  0.107	  0.227

4 	  40.66	   6.03	  -0.16
	  0.852	  0.512	  0.109
	 -0.476	  0.669	  0.570
	  0.220	 -0.538	  0.813

5 	  43.82	   7.91	  11.64
	  0.851	  0.064	  0.520
	 -0.213	 -0.865	  0.454
	  0.480	 -0.496	 -0.723

6 	  52.86	   7.01	  12.67
	  0.940	 -0.245	  0.237
	  0.022	  0.737	  0.676
	 -0.341	 -0.632	  0.696

7 	  40.45	  -6.96	  -0.84
	  0.765	 -0.644	 -0.009
	  0.476	  0.573	 -0.667
	  0.436	  0.506	  0.744

8 	  29.81	  -4.82	  39.11
	 -0.331	 -0.234	  0.915
	  0.713	 -0.694	  0.093
	  0.615	  0.675	  0.406

9 	  30.23	  -2.32	  39.27
	 -0.277	 -0.073	  0.957
	 -0.752	  0.635	 -0.180
	 -0.601	 -0.762	 -0.243

2 	  45.49	  -0.56	  -0.21
	 -0.191	 -0.695	 -0.693
	  0.225	 -0.718	  0.659
	 -0.956	 -0.030	  0.293

3 	  36.88	  -1.20	   1.81
	  0.230	  0.004	 -0.973
	 -0.104	  0.994	 -0.021
	  0.967	  0.106	  0.229

4 	  40.66	   6.03	  -0.14
	  0.852	  0.512	  0.110
	 -0.477	  0.668	  0.571
	  0.219	 -0.539	  0.813

5 	  43.82	   7.89	  11.65
	  0.850	  0.065	  0.522
	 -0.211	 -0.867	  0.452
	  0.483	 -0.494	 -0.724

6 	  52.88	   7.01	  12.66
	  0.941	 -0.243	  0.235
	  0.021	  0.736	  0.677
	 -0.338	 -0.634	  0.696

7 	  40.45	  -6.94	  -0.84
	  0.765	 -0.644	 -0.010
	  0.476	  0.576	 -0.664
	  0.434	  0.503	  0.747

8 	  29.83	  -4.83	  39.09
	 -0.330	 -0.233	  0.915
	  0.713	 -0.694	  0.093
	  0.615	  0.675	  0.405

9 	  30.23	  -2.32	  39.29
	 -0.278	 -0.072	  0.957
	 -0.752	  0.635	 -0.181
	 -0.601	 -0.762	 -0.243

2 	  45.49	  -0.56	  -0.23
	 -0.188	 -0.689	 -0.699
	  0.226	 -0.723	  0.653
	 -0.956	 -0.035	  0.291

3 	  36.88	  -1.20	   1.81
	  0.231	  0.004	 -0.973
	 -0.104	  0.994	 -0.020
	  0.967	  0.106	  0.230

4 	  40.66	   6.03	  -0.14
	  0.852	  0.512	  0.110
	 -0.477	  0.668	  0.570
	  0.219	 -0.539	  0.813

5 	  43.82	   7.89	  11.67
	  0.850	  0.064	  0.522
	 -0.213	 -0.867	  0.451
	  0.482	 -0.494	 -0.724

6 	  52.86	   7.03	  12.67
	  0.941	 -0.242	  0.234
	  0.021	  0.735	  0.678
	 -0.337	 -0.635	  0.695

7 	  40.45	  -6.94	  -0.84
	  0.765	 -0.644	 -0.010
	  0.476	  0.576	 -0.664
	  0.434	  0.503	  0.747

8 	  29.83	  -4.82	  39.09
	 -0.330	 -0.233	  0.915
	  0.713	 -0.694	  0.093
	  0.615	  0.675	  0.405

9 	  30.22	  -2.32	  39.27
	 -0.278	 -0.072	  0.957
	 -0.752	  0.635	 -0.181
	 -0.601	 -0.762	 -0.243

2 	  45.47	  -0.49	  -0.23
	 -0.183	 -0.688	 -0.703
	  0.243	 -0.724	  0.646
	 -0.953	 -0.053	  0.299

3 	  36.88	  -1.20	   1.81
	  0.230	  0.005	 -0.973
	 -0.104	  0.994	 -0.020
	  0.967	  0.106	  0.229

4 	  40.66	   6.05	  -0.12
	  0.851	  0.512	  0.111
	 -0.477	  0.668	  0.570
	  0.218	 -0.539	  0.813

5 	  43.82	   7.89	  11.69
	  0.850	  0.063	  0.523
	 -0.214	 -0.867	  0.450
	  0.482	 -0.494	 -0.724

6 	  52.86	   7.03	  12.67
	  0.942	 -0.243	  0.232
	  0.021	  0.733	  0.679
	 -0.336	 -0.636	  0.694

7 	  40.45	  -6.93	  -0.86
	  0.766	 -0.643	 -0.010
	  0.476	  0.577	 -0.664
	  0.433	  0.503	  0.747

8 	  29.83	  -4.82	  39.11
	 -0.330	 -0.233	  0.915
	  0.713	 -0.694	  0.093
	  0.615	  0.675	  0.405

9 	  30.22	  -2.32	  39.29
	 -0.278	 -0.072	  0.957
	 -0.752	  0.635	 -0.181
	 -0.601	 -0.762	 -0.243

2 	  45.47	  -0.47	  -0.28
	 -0.184	 -0.686	 -0.704
	  0.264	 -0.724	  0.637
	 -0.947	 -0.069	  0.314

3 	  36.86	  -1.20	   1.79
	  0.230	  0.006	 -0.973
	 -0.105	  0.994	 -0.019
	  0.967	  0.106	  0.229

4 	  40.66	   6.05	  -0.12
	  0.851	  0.513	  0.111
	 -0.478	  0.667	  0.571
	  0.219	 -0.539	  0.813

5 	  43.82	   7.89	  11.67
	  0.850	  0.063	  0.523
	 -0.213	 -0.867	  0.449
	  0.482	 -0.493	 -0.724

6 	  52.86	   7.05	  12.67
	  0.942	 -0.242	  0.232
	  0.021	  0.733	  0.679
	 -0.336	 -0.637	  0.694

7 	  40.46	  -6.93	  -0.86
	  0.766	 -0.643	 -0.011
	  0.476	  0.578	 -0.663
	  0.433	  0.503	  0.747

8 	  29.83	  -4.82	  39.09
	 -0.330	 -0.233	  0.915
	  0.713	 -0.694	  0.093
	  0.615	  0.675	  0.405

9 	  30.23	  -2.32	  39.27
	 -0.278	 -0.073	  0.957
	 -0.752	  0.635	 -0.180
	 -0.601	 -0.761	 -0.244

2 	  45.51	  -0.49	  -0.25
	 -0.179	 -0.691	 -0.700
	  0.245	 -0.720	  0.649
	 -0.953	 -0.055	  0.298

3 	  36.88	  -1.18	   1.79
	  0.230	  0.006	 -0.973
	 -0.104	  0.994	 -0.018
	  0.967	  0.105	  0.229

4 	  40.66	   6.06	  -0.14
	  0.851	  0.514	  0.110
	 -0.478	  0.666	  0.572
	  0.221	 -0.540	  0.812

5 	  43.82	   7.91	  11.67
	  0.850	  0.064	  0.522
	 -0.211	 -0.868	  0.448
	  0.483	 -0.491	 -0.725

6 	  52.86	   7.05	  12.67
	  0.942	 -0.243	  0.232
	  0.021	  0.733	  0.680
	 -0.336	 -0.637	  0.693

7 	  40.46	  -6.93	  -0.86
	  0.766	 -0.643	 -0.012
	  0.475	  0.578	 -0.664
	  0.434	  0.503	  0.747

8 	  29.83	  -4.82	  39.09
	 -0.330	 -0.233	  0.915
	  0.714	 -0.694	  0.094
	  0.615	  0.676	  0.405

9 	  30.23	  -2.32	  39.29
	 -0.278	 -0.072	  0.957
	 -0.752	  0.635	 -0.181
	 -0.601	 -0.762	 -0.243

2 	  37.76	  -0.90	  -2.67
	  0.458	 -0.551	 -0.697
	  0.236	  0.831	 -0.502
	  0.857	  0.065	  0.511

3 	  37.04	  -1.09	   1.72
	  0.225	  0.005	 -0.974
	 -0.101	  0.995	 -0.018
	  0.969	  0.102	  0.224

4 	  40.85	   6.15	  -0.09
	  0.852	  0.507	  0.127
	 -0.481	  0.663	  0.573
	  0.207	 -0.550	  0.809

5 	  43.86	   7.96	  11.78
	  0.848	  0.059	  0.527
	 -0.214	 -0.871	  0.442
	  0.486	 -0.487	 -0.726

6 	  52.89	   7.10	  12.71
	  0.941	 -0.249	  0.227
	  0.025	  0.723	  0.690
	 -0.337	 -0.645	  0.685

7 	  40.64	  -6.80	  -0.88
	  0.765	 -0.643	  0.007
	  0.493	  0.579	 -0.649
	  0.414	  0.500	  0.760

8 	  29.83	  -4.83	  39.11
	 -0.330	 -0.233	  0.915
	  0.713	 -0.694	  0.093
	  0.615	  0.675	  0.405

9 	  30.22	  -2.34	  39.27
	 -0.278	 -0.073	  0.957
	 -0.752	  0.635	 -0.181
	 -0.601	 -0.762	 -0.244

2 	  37.74	  -0.88	  -2.67
	  0.463	 -0.548	 -0.696
	  0.236	  0.833	 -0.500
	  0.854	  0.066	  0.515

3 	  37.04	  -1.07	   1.72
	  0.224	  0.005	 -0.974
	 -0.102	  0.995	 -0.018
	  0.969	  0.103	  0.224

4 	  40.85	   6.15	  -0.09
	  0.852	  0.508	  0.127
	 -0.482	  0.663	  0.573
	  0.208	 -0.550	  0.809

5 	  43.86	   7.96	  11.78
	  0.847	  0.060	  0.527
	 -0.214	 -0.871	  0.441
	  0.487	 -0.486	 -0.726

6 	  52.89	   7.10	  12.73
	  0.941	 -0.250	  0.228
	  0.025	  0.723	  0.690
	 -0.338	 -0.645	  0.685

7 	  40.64	  -6.79	  -0.90
	  0.765	 -0.643	  0.005
	  0.493	  0.580	 -0.648
	  0.415	  0.499	  0.760

8 	  29.83	  -4.82	  39.09
	 -0.330	 -0.234	  0.915
	  0.713	 -0.694	  0.092
	  0.615	  0.675	  0.405

9 	  30.23	  -2.34	  39.27
	 -0.277	 -0.073	  0.957
	 -0.752	  0.635	 -0.180
	 -0.601	 -0.762	 -0.243

2 	  37.76	  -0.88	  -2.67
	  0.462	 -0.555	 -0.692
	  0.222	  0.827	 -0.516
	  0.859	  0.085	  0.505

3 	  37.04	  -1.07	   1.72
	  0.225	  0.006	 -0.974
	 -0.102	  0.995	 -0.017
	  0.969	  0.103	  0.224

4 	  40.85	   6.17	  -0.09
	  0.851	  0.509	  0.126
	 -0.482	  0.661	  0.574
	  0.210	 -0.550	  0.808

5 	  43.86	   7.96	  11.78
	  0.847	  0.061	  0.527
	 -0.212	 -0.872	  0.440
	  0.487	 -0.484	 -0.727

6 	  52.89	   7.10	  12.71
	  0.941	 -0.250	  0.228
	  0.025	  0.723	  0.691
	 -0.338	 -0.646	  0.684

7 	  40.66	  -6.79	  -0.91
	  0.766	 -0.643	  0.004
	  0.492	  0.581	 -0.649
	  0.415	  0.499	  0.760

8 	  29.83	  -4.82	  39.09
	 -0.330	 -0.233	  0.915
	  0.713	 -0.694	  0.093
	  0.615	  0.675	  0.405

9 	  30.22	  -2.34	  39.27
	 -0.277	 -0.073	  0.957
	 -0.752	  0.635	 -0.180
	 -0.601	 -0.762	 -0.243

2 	  37.78	  -0.84	  -2.69
	  0.464	 -0.552	 -0.693
	  0.231	  0.830	 -0.507
	  0.855	  0.075	  0.512

3 	  37.04	  -1.07	   1.72
	  0.225	  0.008	 -0.974
	 -0.102	  0.995	 -0.016
	  0.969	  0.102	  0.224

4 	  40.87	   6.17	  -0.09
	  0.851	  0.510	  0.126
	 -0.482	  0.660	  0.576
	  0.212	 -0.551	  0.807

5 	  43.86	   7.96	  11.76
	  0.847	  0.061	  0.527
	 -0.211	 -0.873	  0.439
	  0.488	 -0.482	 -0.728

6 	  52.89	   7.10	  12.71
	  0.941	 -0.250	  0.228
	  0.025	  0.722	  0.691
	 -0.339	 -0.646	  0.684

7 	  40.66	  -6.77	  -0.91
	  0.766	 -0.642	  0.003
	  0.491	  0.581	 -0.649
	  0.416	  0.499	  0.760

8 	  29.83	  -4.80	  39.09
	 -0.330	 -0.233	  0.915
	  0.714	 -0.694	  0.093
	  0.615	  0.676	  0.405

9 	  30.23	  -2.32	  39.27
	 -0.277	 -0.073	  0.957
	 -0.752	  0.635	 -0.180
	 -0.601	 -0.762	 -0.243

2 	  37.78	  -0.91	  -2.69
	  0.469	 -0.561	 -0.682
	  0.226	  0.823	 -0.522
	  0.854	  0.091	  0.512

3 	  37.04	  -1.07	   1.72
	  0.225	  0.007	 -0.974
	 -0.101	  0.995	 -0.016
	  0.969	  0.102	  0.224

4 	  40.87	   6.17	  -0.09
	  0.850	  0.510	  0.126
	 -0.482	  0.660	  0.576
	  0.211	 -0.551	  0.807

5 	  43.86	   7.96	  11.78
	  0.847	  0.060	  0.527
	 -0.212	 -0.873	  0.439
	  0.487	 -0.483	 -0.727

6 	  52.89	   7.10	  12.73
	  0.941	 -0.250	  0.228
	  0.025	  0.722	  0.691
	 -0.339	 -0.646	  0.684

7 	  40.66	  -6.77	  -0.91
	  0.766	 -0.642	  0.004
	  0.491	  0.581	 -0.648
	  0.415	  0.499	  0.760

8 	  29.83	  -4.82	  39.09
	 -0.330	 -0.234	  0.915
	  0.714	 -0.694	  0.092
	  0.615	  0.675	  0.405

9 	  30.22	  -2.34	  39.27
	 -0.277	 -0.073	  0.957
	 -0.752	  0.635	 -0.180
	 -0.601	 -0.762	 -0.243

2 	  35.88	  -1.32	   5.50
	  0.063	 -0.297	  0.953
	 -0.073	 -0.954	 -0.292
	  0.995	 -0.051	 -0.082

3 	  37.04	  -1.14	   1.76
	  0.115	  0.022	 -0.993
	 -0.132	  0.991	  0.006
	  0.984	  0.130	  0.117

4 	  40.80	   6.08	  -0.11
	  0.818	  0.575	 -0.007
	 -0.452	  0.648	  0.613
	  0.357	 -0.499	  0.789

5 	  43.88	   7.96	  11.74
	  0.847	  0.061	  0.528
	 -0.216	 -0.868	  0.446
	  0.486	 -0.491	 -0.723

6 	  52.91	   7.07	  12.71
	  0.939	 -0.252	  0.231
	  0.026	  0.725	  0.687
	 -0.342	 -0.642	  0.687

7 	  40.66	  -6.87	  -0.86
	  0.763	 -0.646	  0.010
	  0.496	  0.575	 -0.651
	  0.416	  0.501	  0.759

8 	  29.83	  -4.83	  39.11
	 -0.330	 -0.233	  0.915
	  0.713	 -0.695	  0.093
	  0.615	  0.675	  0.405

9 	  30.23	  -2.32	  39.27
	 -0.277	 -0.073	  0.957
	 -0.752	  0.635	 -0.180
	 -0.601	 -0.762	 -0.243

2 	  35.88	  -1.30	   5.50
	  0.062	 -0.292	  0.954
	 -0.073	 -0.955	 -0.287
	  0.995	 -0.052	 -0.080

3 	  37.04	  -1.14	   1.76
	  0.117	  0.022	 -0.993
	 -0.132	  0.991	  0.006
	  0.984	  0.130	  0.119

4 	  40.78	   6.08	  -0.11
	  0.818	  0.575	 -0.006
	 -0.452	  0.648	  0.613
	  0.357	 -0.500	  0.789

5 	  43.88	   7.96	  11.74
	  0.847	  0.060	  0.527
	 -0.217	 -0.868	  0.447
	  0.485	 -0.492	 -0.723

6 	  52.91	   7.07	  12.67
	  0.940	 -0.252	  0.229
	  0.027	  0.726	  0.687
	 -0.340	 -0.641	  0.687

7 	  40.66	  -6.87	  -0.86
	  0.763	 -0.646	  0.010
	  0.496	  0.574	 -0.651
	  0.416	  0.502	  0.759

8 	  29.83	  -4.83	  39.09
	 -0.330	 -0.234	  0.915
	  0.713	 -0.695	  0.092
	  0.616	  0.675	  0.405

9 	  30.22	  -2.34	  39.27
	 -0.277	 -0.073	  0.957
	 -0.752	  0.635	 -0.180
	 -0.601	 -0.762	 -0.243

2 	  35.89	  -1.32	   5.52
	  0.065	 -0.283	  0.957
	 -0.070	 -0.958	 -0.279
	  0.995	 -0.049	 -0.082

3 	  37.04	  -1.12	   1.76
	  0.114	  0.021	 -0.993
	 -0.132	  0.991	  0.006
	  0.984	  0.130	  0.116

4 	  40.78	   6.08	  -0.11
	  0.818	  0.575	 -0.006
	 -0.452	  0.648	  0.613
	  0.357	 -0.500	  0.789

5 	  43.88	   7.96	  11.72
	  0.847	  0.061	  0.527
	 -0.216	 -0.868	  0.447
	  0.486	 -0.492	 -0.722

6 	  52.89	   7.07	  12.69
	  0.940	 -0.252	  0.231
	  0.026	  0.726	  0.687
	 -0.341	 -0.641	  0.687

7 	  40.66	  -6.87	  -0.86
	  0.763	 -0.646	  0.010
	  0.496	  0.575	 -0.651
	  0.415	  0.501	  0.759

8 	  29.83	  -4.85	  39.09
	 -0.330	 -0.233	  0.915
	  0.713	 -0.695	  0.093
	  0.615	  0.675	  0.405

9 	  30.22	  -2.32	  39.29
	 -0.278	 -0.073	  0.957
	 -0.752	  0.635	 -0.181
	 -0.601	 -0.762	 -0.244

2 	  35.88	  -1.32	   5.50
	  0.063	 -0.284	  0.957
	 -0.068	 -0.958	 -0.279
	  0.995	 -0.047	 -0.080

3 	  37.04	  -1.12	   1.76
	  0.114	  0.021	 -0.993
	 -0.132	  0.991	  0.006
	  0.984	  0.130	  0.115

4 	  40.78	   6.08	  -0.11
	  0.817	  0.576	 -0.007
	 -0.452	  0.646	  0.615
	  0.359	 -0.500	  0.788

5 	  43.89	   7.96	  11.72
	  0.847	  0.062	  0.528
	 -0.215	 -0.869	  0.446
	  0.486	 -0.491	 -0.723

6 	  52.91	   7.08	  12.69
	  0.939	 -0.253	  0.231
	  0.026	  0.726	  0.687
	 -0.342	 -0.641	  0.687

7 	  40.66	  -6.86	  -0.86
	  0.763	 -0.646	  0.009
	  0.495	  0.575	 -0.651
	  0.416	  0.502	  0.758

8 	  29.83	  -4.83	  39.09
	 -0.330	 -0.234	  0.915
	  0.713	 -0.694	  0.092
	  0.615	  0.675	  0.406

9 	  30.22	  -2.32	  39.27
	 -0.278	 -0.073	  0.957
	 -0.752	  0.635	 -0.181
	 -0.601	 -0.762	 -0.244

2 	  35.88	  -1.34	   5.48
	  0.056	 -0.284	  0.957
	 -0.066	 -0.957	 -0.281
	  0.996	 -0.048	 -0.073

3 	  37.04	  -1.12	   1.76
	  0.114	  0.021	 -0.993
	 -0.132	  0.991	  0.006
	  0.984	  0.130	  0.116

4 	  40.80	   6.08	  -0.12
	  0.817	  0.576	 -0.008
	 -0.451	  0.646	  0.615
	  0.360	 -0.500	  0.787

5 	  43.89	   7.96	  11.71
	  0.847	  0.063	  0.528
	 -0.214	 -0.869	  0.445
	  0.487	 -0.489	 -0.723

6 	  52.89	   7.07	  12.73
	  0.939	 -0.254	  0.233
	  0.026	  0.726	  0.687
	 -0.344	 -0.640	  0.686

7 	  40.68	  -6.87	  -0.88
	  0.764	 -0.645	  0.008
	  0.494	  0.575	 -0.652
	  0.417	  0.502	  0.757

8 	  29.83	  -4.83	  39.09
	 -0.330	 -0.233	  0.915
	  0.713	 -0.694	  0.093
	  0.615	  0.675	  0.405

9 	  30.23	  -2.32	  39.27
	 -0.277	 -0.073	  0.957
	 -0.752	  0.635	 -0.180
	 -0.601	 -0.762	 -0.243

2 	  45.35	   0.07	  -0.58
	 -0.364	 -0.625	 -0.691
	  0.264	 -0.780	  0.568
	 -0.893	  0.024	  0.448

3 	  36.95	  -1.16	   1.79
	  0.211	  0.012	 -0.977
	 -0.109	  0.994	 -0.011
	  0.971	  0.108	  0.211

4 	  40.75	   6.05	  -0.14
	  0.854	  0.512	  0.091
	 -0.465	  0.670	  0.578
	  0.236	 -0.537	  0.810

5 	  43.82	   7.89	  11.71
	  0.847	  0.056	  0.528
	 -0.219	 -0.870	  0.441
	  0.485	 -0.489	 -0.725

6 	  52.88	   7.07	  12.67
	  0.943	 -0.245	  0.224
	  0.025	  0.726	  0.686
	 -0.332	 -0.644	  0.690

7 	  40.50	  -6.93	  -0.83
	  0.763	 -0.647	  0.002
	  0.489	  0.573	 -0.657
	  0.424	  0.502	  0.753

8 	  29.85	  -4.82	  39.11
	 -0.330	 -0.234	  0.915
	  0.713	 -0.694	  0.092
	  0.615	  0.675	  0.405

9 	  30.23	  -2.32	  39.27
	 -0.277	 -0.073	  0.957
	 -0.752	  0.634	 -0.180
	 -0.601	 -0.762	 -0.243

2 	  45.35	   0.09	  -0.62
	 -0.367	 -0.624	 -0.690
	  0.278	 -0.781	  0.559
	 -0.888	  0.013	  0.459

3 	  36.93	  -1.16	   1.79
	  0.211	  0.013	 -0.977
	 -0.108	  0.994	 -0.010
	  0.971	  0.107	  0.211

4 	  40.75	   6.06	  -0.12
	  0.853	  0.514	  0.091
	 -0.465	  0.668	  0.580
	  0.238	 -0.537	  0.809

5 	  43.82	   7.91	  11.71
	  0.847	  0.057	  0.528
	 -0.216	 -0.871	  0.441
	  0.486	 -0.487	 -0.725

6 	  52.86	   7.08	  12.67
	  0.943	 -0.244	  0.225
	  0.025	  0.727	  0.686
	 -0.332	 -0.643	  0.689

7 	  40.50	  -6.91	  -0.84
	  0.764	 -0.646	  0.001
	  0.488	  0.575	 -0.656
	  0.424	  0.502	  0.753

8 	  29.85	  -4.82	  39.09
	 -0.330	 -0.234	  0.915
	  0.713	 -0.694	  0.092
	  0.615	  0.675	  0.405

9 	  30.23	  -2.32	  39.25
	 -0.277	 -0.072	  0.957
	 -0.753	  0.634	 -0.180
	 -0.601	 -0.762	 -0.243

2 	  45.33	   0.09	  -0.63
	 -0.373	 -0.628	 -0.683
	  0.286	 -0.778	  0.559
	 -0.883	  0.013	  0.469

3 	  36.93	  -1.16	   1.79
	  0.211	  0.014	 -0.977
	 -0.108	  0.994	 -0.010
	  0.971	  0.107	  0.212

4 	  40.75	   6.06	  -0.14
	  0.853	  0.514	  0.090
	 -0.465	  0.669	  0.580
	  0.238	 -0.537	  0.809

5 	  43.82	   7.89	  11.69
	  0.847	  0.057	  0.528
	 -0.216	 -0.871	  0.441
	  0.486	 -0.487	 -0.726

6 	  52.86	   7.07	  12.67
	  0.943	 -0.245	  0.226
	  0.025	  0.726	  0.686
	 -0.333	 -0.643	  0.689

7 	  40.52	  -6.91	  -0.84
	  0.764	 -0.645	  0.001
	  0.488	  0.575	 -0.656
	  0.424	  0.502	  0.754

8 	  29.85	  -4.82	  39.09
	 -0.330	 -0.234	  0.915
	  0.714	 -0.694	  0.092
	  0.615	  0.676	  0.405

9 	  30.23	  -2.32	  39.27
	 -0.277	 -0.073	  0.957
	 -0.752	  0.634	 -0.180
	 -0.601	 -0.762	 -0.243

2 	  45.32	   0.09	  -0.65
	 -0.381	 -0.629	 -0.678
	  0.284	 -0.777	  0.562
	 -0.880	  0.021	  0.474

3 	  36.93	  -1.16	   1.79
	  0.211	  0.014	 -0.977
	 -0.108	  0.994	 -0.010
	  0.971	  0.107	  0.212

4 	  40.75	   6.06	  -0.12
	  0.853	  0.514	  0.091
	 -0.465	  0.669	  0.580
	  0.237	 -0.537	  0.809

5 	  43.82	   7.89	  11.71
	  0.847	  0.057	  0.529
	 -0.217	 -0.871	  0.441
	  0.486	 -0.487	 -0.725

6 	  52.86	   7.07	  12.66
	  0.943	 -0.245	  0.224
	  0.026	  0.726	  0.687
	 -0.332	 -0.644	  0.689

7 	  40.50	  -6.89	  -0.84
	  0.764	 -0.645	  0.001
	  0.488	  0.576	 -0.656
	  0.423	  0.502	  0.754

8 	  29.85	  -4.82	  39.09
	 -0.330	 -0.234	  0.915
	  0.714	 -0.694	  0.092
	  0.615	  0.676	  0.405

9 	  30.23	  -2.32	  39.27
	 -0.277	 -0.073	  0.957
	 -0.752	  0.634	 -0.180
	 -0.601	 -0.762	 -0.243

2 	  45.32	   0.09	  -0.62
	 -0.374	 -0.631	 -0.680
	  0.274	 -0.775	  0.570
	 -0.887	  0.027	  0.462

3 	  36.93	  -1.16	   1.79
	  0.211	  0.014	 -0.977
	 -0.108	  0.994	 -0.009
	  0.971	  0.107	  0.212

4 	  40.75	   6.08	  -0.12
	  0.853	  0.513	  0.091
	 -0.465	  0.669	  0.579
	  0.237	 -0.537	  0.809

5 	  43.82	   7.89	  11.72
	  0.846	  0.056	  0.530
	 -0.219	 -0.871	  0.440
	  0.486	 -0.487	 -0.725

6 	  52.86	   7.08	  12.66
	  0.943	 -0.244	  0.223
	  0.025	  0.726	  0.687
	 -0.331	 -0.645	  0.689

7 	  40.50	  -6.91	  -0.84
	  0.763	 -0.646	  0.002
	  0.489	  0.575	 -0.656
	  0.423	  0.501	  0.754

8 	  29.85	  -4.82	  39.09
	 -0.330	 -0.234	  0.915
	  0.713	 -0.694	  0.092
	  0.615	  0.675	  0.405

9 	  30.23	  -2.32	  39.29
	 -0.277	 -0.073	  0.957
	 -0.752	  0.635	 -0.180
	 -0.601	 -0.762	 -0.243

2 	  44.09	   4.04	   0.51
	 -0.446	 -0.505	 -0.739
	  0.244	 -0.863	  0.443
	 -0.861	  0.017	  0.508

3 	  37.04	  -1.09	   1.74
	  0.225	 -0.000	 -0.974
	 -0.096	  0.995	 -0.022
	  0.969	  0.098	  0.224

4 	  41.01	   6.03	  -0.12
	  0.789	  0.605	  0.104
	 -0.576	  0.668	  0.470
	  0.216	 -0.432	  0.876

5 	  43.77	   7.88	  11.85
	  0.841	  0.061	  0.537
	 -0.207	 -0.882	  0.423
	  0.500	 -0.466	 -0.729

6 	  52.86	   7.14	  12.73
	  0.947	 -0.241	  0.211
	  0.026	  0.713	  0.700
	 -0.320	 -0.660	  0.680

7 	  40.59	  -6.86	  -0.90
	  0.763	 -0.647	 -0.001
	  0.492	  0.580	 -0.649
	  0.421	  0.495	  0.760

8 	  29.85	  -4.82	  39.09
	 -0.330	 -0.234	  0.915
	  0.713	 -0.694	  0.092
	  0.615	  0.675	  0.405

9 	  30.23	  -2.32	  39.25
	 -0.277	 -0.073	  0.957
	 -0.753	  0.634	 -0.180
	 -0.601	 -0.762	 -0.243

2 	  44.07	   3.97	   0.47
	 -0.459	 -0.513	 -0.725
	  0.254	 -0.858	  0.447
	 -0.851	  0.021	  0.524

3 	  37.04	  -1.09	   1.74
	  0.225	 -0.000	 -0.974
	 -0.096	  0.995	 -0.022
	  0.969	  0.098	  0.224

4 	  41.01	   6.03	  -0.12
	  0.789	  0.606	  0.103
	 -0.576	  0.668	  0.470
	  0.217	 -0.431	  0.876

5 	  43.79	   7.88	  11.85
	  0.840	  0.061	  0.538
	 -0.208	 -0.882	  0.423
	  0.501	 -0.467	 -0.729

6 	  52.84	   7.15	  12.73
	  0.947	 -0.240	  0.210
	  0.026	  0.713	  0.700
	 -0.319	 -0.660	  0.680

7 	  40.59	  -6.86	  -0.90
	  0.763	 -0.647	 -0.000
	  0.493	  0.580	 -0.649
	  0.421	  0.495	  0.760

8 	  29.85	  -4.82	  39.11
	 -0.330	 -0.234	  0.915
	  0.713	 -0.694	  0.092
	  0.615	  0.675	  0.405

9 	  30.23	  -2.32	  39.27
	 -0.277	 -0.072	  0.957
	 -0.753	  0.634	 -0.181
	 -0.601	 -0.762	 -0.242

2 	  44.07	   3.97	   0.47
	 -0.468	 -0.525	 -0.711
	  0.260	 -0.850	  0.457
	 -0.845	  0.029	  0.534

3 	  37.02	  -1.09	   1.74
	  0.225	  0.000	 -0.974
	 -0.097	  0.995	 -0.022
	  0.969	  0.099	  0.224

4 	  41.01	   6.03	  -0.14
	  0.788	  0.607	  0.103
	 -0.577	  0.668	  0.470
	  0.217	 -0.431	  0.876

5 	  43.77	   7.88	  11.85
	  0.841	  0.060	  0.537
	 -0.208	 -0.882	  0.423
	  0.500	 -0.467	 -0.729

6 	  52.84	   7.15	  12.73
	  0.947	 -0.240	  0.210
	  0.026	  0.713	  0.700
	 -0.319	 -0.660	  0.680

7 	  40.59	  -6.86	  -0.90
	  0.763	 -0.647	 -0.001
	  0.492	  0.580	 -0.648
	  0.421	  0.494	  0.760

8 	  29.85	  -4.82	  39.11
	 -0.330	 -0.234	  0.915
	  0.713	 -0.694	  0.092
	  0.615	  0.675	  0.405

9 	  30.25	  -2.32	  39.27
	 -0.277	 -0.073	  0.957
	 -0.752	  0.634	 -0.180
	 -0.601	 -0.762	 -0.243

2 	  44.07	   4.01	   0.47
	 -0.474	 -0.523	 -0.708
	  0.263	 -0.851	  0.454
	 -0.841	  0.029	  0.540

3 	  37.02	  -1.09	   1.74
	  0.224	  0.001	 -0.974
	 -0.097	  0.995	 -0.021
	  0.969	  0.099	  0.223

4 	  40.99	   6.03	  -0.12
	  0.788	  0.607	  0.102
	 -0.576	  0.667	  0.472
	  0.219	 -0.431	  0.875

5 	  43.77	   7.88	  11.85
	  0.841	  0.062	  0.537
	 -0.206	 -0.883	  0.422
	  0.501	 -0.465	 -0.730

6 	  52.84	   7.15	  12.73
	  0.947	 -0.241	  0.210
	  0.026	  0.712	  0.701
	 -0.319	 -0.660	  0.679

7 	  40.59	  -6.84	  -0.90
	  0.764	 -0.646	 -0.002
	  0.491	  0.581	 -0.648
	  0.421	  0.494	  0.760

8 	  29.85	  -4.82	  39.09
	 -0.330	 -0.234	  0.915
	  0.714	 -0.694	  0.092
	  0.615	  0.676	  0.405

9 	  30.23	  -2.32	  39.27
	 -0.278	 -0.073	  0.957
	 -0.753	  0.634	 -0.180
	 -0.601	 -0.762	 -0.243

2 	  44.03	   3.97	   0.44
	 -0.480	 -0.532	 -0.698
	  0.266	 -0.845	  0.463
	 -0.836	  0.037	  0.547

3 	  37.00	  -1.09	   1.74
	  0.225	  0.002	 -0.974
	 -0.098	  0.995	 -0.020
	  0.969	  0.100	  0.224

4 	  40.97	   6.03	  -0.12
	  0.789	  0.607	  0.097
	 -0.573	  0.668	  0.474
	  0.224	 -0.430	  0.874

5 	  43.77	   7.88	  11.83
	  0.841	  0.064	  0.537
	 -0.203	 -0.884	  0.422
	  0.502	 -0.463	 -0.730

6 	  52.84	   7.15	  12.73
	  0.947	 -0.241	  0.210
	  0.025	  0.712	  0.701
	 -0.319	 -0.660	  0.679

7 	  40.59	  -6.84	  -0.91
	  0.764	 -0.645	 -0.004
	  0.489	  0.582	 -0.649
	  0.422	  0.494	  0.760

8 	  29.85	  -4.82	  39.09
	 -0.330	 -0.234	  0.915
	  0.713	 -0.694	  0.092
	  0.615	  0.675	  0.405

9 	  30.25	  -2.30	  39.27
	 -0.277	 -0.072	  0.957
	 -0.753	  0.634	 -0.181
	 -0.601	 -0.762	 -0.242

2 	  42.03	   5.33	  -1.53
	 -0.863	 -0.457	 -0.217
	  0.451	 -0.889	  0.083
	 -0.232	 -0.025	  0.972

3 	  36.97	  -1.05	   1.78
	  0.216	  0.026	 -0.976
	 -0.114	  0.993	  0.002
	  0.970	  0.110	  0.218

4 	  40.78	   6.15	  -0.05
	  0.842	  0.524	  0.129
	 -0.504	  0.678	  0.535
	  0.193	 -0.516	  0.834

5 	  43.73	   7.89	  11.94
	  0.845	  0.058	  0.531
	 -0.201	 -0.887	  0.415
	  0.496	 -0.457	 -0.738

6 	  52.80	   7.21	  12.73
	  0.950	 -0.237	  0.201
	  0.026	  0.704	  0.709
	 -0.311	 -0.671	  0.673

7 	  40.57	  -6.73	  -0.95
	  0.766	 -0.643	 -0.011
	  0.487	  0.591	 -0.643
	  0.420	  0.488	  0.765

8 	  29.85	  -4.80	  39.09
	 -0.329	 -0.233	  0.915
	  0.714	 -0.694	  0.092
	  0.615	  0.676	  0.405

9 	  30.23	  -2.32	  39.27
	 -0.277	 -0.073	  0.957
	 -0.752	  0.634	 -0.180
	 -0.601	 -0.762	 -0.243

2 	  41.98	   5.31	  -1.53
	 -0.873	 -0.442	 -0.207
	  0.435	 -0.896	  0.083
	 -0.224	 -0.017	  0.974

3 	  36.97	  -1.07	   1.78
	  0.216	  0.026	 -0.976
	 -0.114	  0.993	  0.002
	  0.970	  0.110	  0.217

4 	  40.76	   6.13	  -0.05
	  0.843	  0.523	  0.128
	 -0.502	  0.679	  0.535
	  0.193	 -0.516	  0.834

5 	  43.72	   7.89	  11.94
	  0.845	  0.057	  0.531
	 -0.202	 -0.887	  0.416
	  0.495	 -0.458	 -0.738

6 	  52.82	   7.19	  12.73
	  0.950	 -0.237	  0.200
	  0.026	  0.704	  0.709
	 -0.310	 -0.671	  0.674

7 	  40.57	  -6.75	  -0.95
	  0.766	 -0.643	 -0.011
	  0.487	  0.591	 -0.643
	  0.420	  0.488	  0.765

8 	  29.87	  -4.82	  39.09
	 -0.329	 -0.233	  0.916
	  0.714	 -0.694	  0.092
	  0.615	  0.676	  0.404

9 	  30.23	  -2.30	  39.25
	 -0.277	 -0.072	  0.957
	 -0.752	  0.634	 -0.181
	 -0.601	 -0.762	 -0.242

2 	  41.99	   5.34	  -1.51
	 -0.870	 -0.444	 -0.216
	  0.439	 -0.895	  0.073
	 -0.227	 -0.030	  0.973

3 	  36.97	  -1.05	   1.78
	  0.216	  0.026	 -0.976
	 -0.114	  0.993	  0.002
	  0.970	  0.111	  0.217

4 	  40.76	   6.13	  -0.07
	  0.844	  0.521	  0.128
	 -0.501	  0.678	  0.537
	  0.194	 -0.517	  0.833

5 	  43.72	   7.88	  11.94
	  0.845	  0.057	  0.531
	 -0.202	 -0.887	  0.415
	  0.495	 -0.458	 -0.738

6 	  52.80	   7.21	  12.73
	  0.950	 -0.237	  0.200
	  0.026	  0.704	  0.710
	 -0.310	 -0.671	  0.673

7 	  40.57	  -6.73	  -0.95
	  0.766	 -0.643	 -0.011
	  0.487	  0.591	 -0.643
	  0.420	  0.488	  0.765

8 	  29.85	  -4.80	  39.09
	 -0.330	 -0.233	  0.915
	  0.714	 -0.694	  0.092
	  0.615	  0.676	  0.405

9 	  30.23	  -2.32	  39.25
	 -0.277	 -0.073	  0.957
	 -0.753	  0.634	 -0.180
	 -0.601	 -0.762	 -0.243

2 	  41.99	   5.38	  -1.55
	 -0.866	 -0.452	 -0.215
	  0.453	 -0.890	  0.046
	 -0.214	 -0.057	  0.975

3 	  36.97	  -1.05	   1.78
	  0.216	  0.026	 -0.976
	 -0.114	  0.993	  0.002
	  0.970	  0.111	  0.217

4 	  40.76	   6.13	  -0.07
	  0.843	  0.523	  0.125
	 -0.500	  0.676	  0.540
	  0.198	 -0.519	  0.831

5 	  43.72	   7.89	  11.94
	  0.845	  0.058	  0.531
	 -0.200	 -0.887	  0.415
	  0.496	 -0.456	 -0.739

6 	  52.80	   7.21	  12.73
	  0.950	 -0.238	  0.200
	  0.026	  0.703	  0.710
	 -0.311	 -0.671	  0.673

7 	  40.57	  -6.73	  -0.95
	  0.766	 -0.643	 -0.011
	  0.487	  0.591	 -0.643
	  0.421	  0.487	  0.765

8 	  29.85	  -4.80	  39.09
	 -0.329	 -0.233	  0.915
	  0.714	 -0.694	  0.092
	  0.615	  0.676	  0.405

9 	  30.23	  -2.32	  39.27
	 -0.277	 -0.073	  0.957
	 -0.752	  0.634	 -0.180
	 -0.601	 -0.762	 -0.243

2 	  41.96	   5.40	  -1.58
	 -0.865	 -0.462	 -0.194
	  0.466	 -0.884	  0.036
	 -0.189	 -0.058	  0.980

3 	  36.97	  -1.05	   1.78
	  0.215	  0.026	 -0.976
	 -0.114	  0.993	  0.002
	  0.970	  0.110	  0.217

4 	  40.78	   6.13	  -0.07
	  0.844	  0.523	  0.122
	 -0.498	  0.675	  0.544
	  0.202	 -0.520	  0.830

5 	  43.73	   7.89	  11.90
	  0.845	  0.061	  0.530
	 -0.197	 -0.889	  0.414
	  0.497	 -0.454	 -0.740

6 	  52.80	   7.21	  12.73
	  0.950	 -0.238	  0.202
	  0.026	  0.704	  0.709
	 -0.312	 -0.670	  0.673

7 	  40.57	  -6.75	  -0.95
	  0.766	 -0.642	 -0.012
	  0.486	  0.591	 -0.644
	  0.421	  0.488	  0.764

8 	  29.85	  -4.80	  39.09
	 -0.329	 -0.233	  0.916
	  0.714	 -0.694	  0.092
	  0.615	  0.676	  0.404

9 	  30.23	  -2.32	  39.27
	 -0.277	 -0.072	  0.957
	 -0.752	  0.634	 -0.181
	 -0.601	 -0.762	 -0.243

2 	  40.34	   7.80	   0.91
	 -0.430	  0.007	 -0.903
	  0.866	  0.285	 -0.410
	  0.255	 -0.958	 -0.129

3 	  37.02	  -1.18	   1.76
	  0.209	  0.004	 -0.978
	 -0.102	  0.995	 -0.018
	  0.972	  0.103	  0.209

4 	  40.92	   5.99	  -0.19
	  0.854	  0.509	  0.109
	 -0.487	  0.705	  0.514
	  0.185	 -0.493	  0.850

5 	  43.80	   7.88	  11.78
	  0.844	  0.063	  0.532
	 -0.208	 -0.877	  0.433
	  0.495	 -0.475	 -0.727

6 	  52.88	   7.14	  12.73
	  0.946	 -0.242	  0.215
	  0.025	  0.717	  0.696
	 -0.324	 -0.655	  0.683

7 	  40.59	  -6.93	  -0.86
	  0.760	 -0.650	  0.002
	  0.496	  0.576	 -0.649
	  0.422	  0.495	  0.760

8 	  29.87	  -4.82	  39.09
	 -0.329	 -0.233	  0.916
	  0.714	 -0.694	  0.092
	  0.615	  0.676	  0.404

9 	  30.25	  -2.32	  39.27
	 -0.277	 -0.073	  0.957
	 -0.752	  0.634	 -0.180
	 -0.601	 -0.762	 -0.243

2 	  40.31	   7.82	   0.93
	 -0.426	 -0.003	 -0.905
	  0.865	  0.294	 -0.407
	  0.267	 -0.956	 -0.123

3 	  37.02	  -1.16	   1.76
	  0.210	  0.005	 -0.978
	 -0.103	  0.994	 -0.017
	  0.972	  0.104	  0.209

4 	  40.90	   6.01	  -0.19
	  0.854	  0.509	  0.108
	 -0.487	  0.705	  0.515
	  0.187	 -0.493	  0.850

5 	  43.80	   7.88	  11.81
	  0.844	  0.061	  0.533
	 -0.210	 -0.877	  0.432
	  0.494	 -0.476	 -0.727

6 	  52.86	   7.15	  12.71
	  0.946	 -0.241	  0.214
	  0.025	  0.716	  0.697
	 -0.322	 -0.656	  0.682

7 	  40.59	  -6.91	  -0.86
	  0.760	 -0.650	  0.003
	  0.496	  0.576	 -0.649
	  0.421	  0.495	  0.760

8 	  29.87	  -4.80	  39.09
	 -0.329	 -0.233	  0.915
	  0.714	 -0.694	  0.092
	  0.615	  0.676	  0.404

9 	  30.25	  -2.32	  39.27
	 -0.277	 -0.073	  0.957
	 -0.752	  0.635	 -0.179
	 -0.601	 -0.761	 -0.243

2 	  40.25	   7.80	   0.98
	 -0.424	  0.017	 -0.906
	  0.860	  0.321	 -0.396
	  0.284	 -0.947	 -0.151

3 	  37.02	  -1.16	   1.76
	  0.209	  0.005	 -0.978
	 -0.104	  0.994	 -0.017
	  0.972	  0.105	  0.209

4 	  40.89	   6.01	  -0.18
	  0.853	  0.511	  0.108
	 -0.488	  0.704	  0.516
	  0.188	 -0.493	  0.849

5 	  43.79	   7.88	  11.79
	  0.844	  0.061	  0.533
	 -0.211	 -0.876	  0.432
	  0.494	 -0.477	 -0.727

6 	  52.84	   7.14	  12.73
	  0.947	 -0.240	  0.214
	  0.024	  0.717	  0.697
	 -0.322	 -0.656	  0.682

7 	  40.59	  -6.91	  -0.86
	  0.760	 -0.650	  0.003
	  0.497	  0.576	 -0.649
	  0.420	  0.495	  0.760

8 	  29.87	  -4.82	  39.09
	 -0.329	 -0.233	  0.915
	  0.714	 -0.694	  0.092
	  0.615	  0.676	  0.404

9 	  30.23	  -2.32	  39.27
	 -0.277	 -0.073	  0.957
	 -0.752	  0.635	 -0.180
	 -0.601	 -0.762	 -0.243

2 	  40.25	   7.77	   0.95
	 -0.413	  0.018	 -0.910
	  0.862	  0.328	 -0.385
	  0.292	 -0.944	 -0.151

3 	  37.02	  -1.16	   1.76
	  0.210	  0.005	 -0.978
	 -0.104	  0.994	 -0.017
	  0.972	  0.105	  0.209

4 	  40.89	   5.99	  -0.19
	  0.851	  0.514	  0.105
	 -0.490	  0.703	  0.516
	  0.192	 -0.491	  0.850

5 	  43.80	   7.88	  11.79
	  0.844	  0.061	  0.532
	 -0.210	 -0.876	  0.433
	  0.493	 -0.477	 -0.727

6 	  52.84	   7.14	  12.71
	  0.946	 -0.242	  0.215
	  0.025	  0.717	  0.697
	 -0.323	 -0.655	  0.682

7 	  40.59	  -6.91	  -0.88
	  0.761	 -0.649	  0.002
	  0.495	  0.577	 -0.650
	  0.422	  0.495	  0.759

8 	  29.85	  -4.80	  39.09
	 -0.329	 -0.233	  0.915
	  0.714	 -0.694	  0.092
	  0.615	  0.676	  0.405

9 	  30.23	  -2.32	  39.27
	 -0.277	 -0.073	  0.957
	 -0.752	  0.635	 -0.180
	 -0.601	 -0.762	 -0.243

2 	  40.25	   7.79	   0.95
	 -0.405	  0.018	 -0.914
	  0.868	  0.322	 -0.378
	  0.288	 -0.947	 -0.146

3 	  37.02	  -1.16	   1.76
	  0.210	  0.005	 -0.978
	 -0.104	  0.994	 -0.017
	  0.972	  0.105	  0.209

4 	  40.89	   5.99	  -0.19
	  0.850	  0.516	  0.104
	 -0.490	  0.701	  0.518
	  0.195	 -0.491	  0.849

5 	  43.80	   7.89	  11.76
	  0.844	  0.064	  0.532
	 -0.207	 -0.877	  0.433
	  0.495	 -0.475	 -0.728

6 	  52.86	   7.14	  12.73
	  0.945	 -0.243	  0.217
	  0.025	  0.716	  0.697
	 -0.325	 -0.655	  0.682

7 	  40.61	  -6.91	  -0.88
	  0.761	 -0.649	  0.001
	  0.494	  0.578	 -0.650
	  0.422	  0.495	  0.759

8 	  29.85	  -4.80	  39.09
	 -0.330	 -0.233	  0.915
	  0.714	 -0.694	  0.092
	  0.615	  0.676	  0.405

9 	  30.25	  -2.32	  39.27
	 -0.277	 -0.072	  0.957
	 -0.753	  0.634	 -0.180
	 -0.601	 -0.762	 -0.243

2 	  37.32	   2.69	  -0.49
	 -0.641	  0.074	  0.764
	  0.082	 -0.983	  0.164
	  0.763	  0.167	  0.624

3 	  37.09	  -1.04	   1.72
	  0.210	  0.021	 -0.977
	 -0.111	  0.994	 -0.002
	  0.971	  0.108	  0.212

4 	  40.90	   6.22	   0.04
	  0.810	  0.585	  0.043
	 -0.499	  0.647	  0.576
	  0.310	 -0.488	  0.815

5 	  43.80	   7.93	  11.95
	  0.844	  0.054	  0.533
	 -0.207	 -0.886	  0.415
	  0.495	 -0.460	 -0.737

6 	  52.86	   7.22	  12.76
	  0.948	 -0.242	  0.204
	  0.023	  0.697	  0.717
	 -0.316	 -0.677	  0.665

7 	  40.68	  -6.73	  -0.95
	  0.762	 -0.647	 -0.004
	  0.497	  0.588	 -0.638
	  0.416	  0.484	  0.769

8 	  29.85	  -4.82	  39.11
	 -0.330	 -0.234	  0.915
	  0.713	 -0.694	  0.092
	  0.615	  0.675	  0.405

9 	  30.25	  -2.32	  39.29
	 -0.278	 -0.073	  0.957
	 -0.752	  0.635	 -0.180
	 -0.601	 -0.762	 -0.243

2 	  37.28	   2.71	  -0.32
	 -0.603	  0.049	  0.796
	  0.100	 -0.985	  0.137
	  0.791	  0.162	  0.589

3 	  37.09	  -1.04	   1.72
	  0.211	  0.022	 -0.977
	 -0.111	  0.994	 -0.001
	  0.971	  0.108	  0.212

4 	  40.92	   6.24	   0.04
	  0.812	  0.581	  0.043
	 -0.496	  0.650	  0.576
	  0.308	 -0.490	  0.815

5 	  43.80	   7.93	  11.95
	  0.844	  0.053	  0.533
	 -0.208	 -0.886	  0.415
	  0.494	 -0.460	 -0.737

6 	  52.86	   7.24	  12.76
	  0.949	 -0.241	  0.203
	  0.023	  0.696	  0.717
	 -0.315	 -0.677	  0.665

7 	  40.69	  -6.73	  -0.97
	  0.763	 -0.647	 -0.004
	  0.497	  0.589	 -0.637
	  0.415	  0.484	  0.770

8 	  29.85	  -4.82	  39.11
	 -0.330	 -0.234	  0.915
	  0.713	 -0.694	  0.092
	  0.615	  0.675	  0.405

9 	  30.22	  -2.32	  39.27
	 -0.278	 -0.073	  0.957
	 -0.752	  0.635	 -0.181
	 -0.601	 -0.762	 -0.244

2 	  37.35	   2.20	  -0.05
	 -0.550	 -0.003	  0.835
	  0.345	 -0.911	  0.224
	  0.761	  0.411	  0.502

3 	  37.11	  -1.02	   1.72
	  0.212	  0.022	 -0.977
	 -0.110	  0.994	 -0.001
	  0.971	  0.108	  0.213

4 	  40.90	   6.22	   0.04
	  0.810	  0.585	  0.040
	 -0.498	  0.648	  0.576
	  0.312	 -0.487	  0.815

5 	  43.80	   7.95	  11.97
	  0.844	  0.052	  0.533
	 -0.208	 -0.886	  0.414
	  0.494	 -0.460	 -0.738

6 	  52.86	   7.24	  12.78
	  0.949	 -0.241	  0.203
	  0.023	  0.696	  0.718
	 -0.315	 -0.678	  0.664

7 	  40.69	  -6.73	  -0.97
	  0.762	 -0.647	 -0.004
	  0.497	  0.589	 -0.637
	  0.415	  0.484	  0.770

8 	  29.83	  -4.82	  39.11
	 -0.330	 -0.233	  0.915
	  0.713	 -0.694	  0.093
	  0.615	  0.675	  0.405

9 	  30.23	  -2.32	  39.27
	 -0.278	 -0.073	  0.957
	 -0.752	  0.635	 -0.181
	 -0.601	 -0.762	 -0.244

2 	  37.32	   2.92	  -0.49
	 -0.588	 -0.032	  0.808
	  0.113	 -0.993	  0.042
	  0.801	  0.116	  0.587

3 	  37.11	  -1.02	   1.72
	  0.212	  0.022	 -0.977
	 -0.109	  0.994	 -0.001
	  0.971	  0.107	  0.213

4 	  40.92	   6.26	   0.04
	  0.815	  0.577	  0.049
	 -0.495	  0.648	  0.579
	  0.303	 -0.496	  0.813

5 	  43.80	   7.95	  11.97
	  0.845	  0.052	  0.533
	 -0.207	 -0.886	  0.414
	  0.494	 -0.460	 -0.738

6 	  52.86	   7.24	  12.76
	  0.949	 -0.241	  0.203
	  0.023	  0.695	  0.718
	 -0.315	 -0.678	  0.664

7 	  40.69	  -6.73	  -0.98
	  0.762	 -0.647	 -0.005
	  0.496	  0.590	 -0.637
	  0.416	  0.483	  0.770

8 	  29.85	  -4.82	  39.09
	 -0.330	 -0.233	  0.915
	  0.713	 -0.694	  0.093
	  0.615	  0.675	  0.405

9 	  30.23	  -2.32	  39.27
	 -0.277	 -0.073	  0.957
	 -0.752	  0.635	 -0.180
	 -0.601	 -0.762	 -0.243

2 	  37.42	   3.11	  -0.60
	 -0.712	 -0.075	  0.698
	  0.012	 -0.995	 -0.094
	  0.702	 -0.058	  0.710

3 	  37.11	  -1.02	   1.72
	  0.212	  0.022	 -0.977
	 -0.109	  0.994	 -0.001
	  0.971	  0.106	  0.213

4 	  40.92	   6.24	   0.04
	  0.816	  0.575	  0.048
	 -0.493	  0.648	  0.580
	  0.303	 -0.498	  0.812

5 	  43.80	   7.95	  11.95
	  0.844	  0.054	  0.533
	 -0.205	 -0.887	  0.414
	  0.495	 -0.458	 -0.738

6 	  52.86	   7.24	  12.78
	  0.948	 -0.242	  0.204
	  0.023	  0.695	  0.718
	 -0.317	 -0.678	  0.663

7 	  40.69	  -6.71	  -0.98
	  0.763	 -0.646	 -0.005
	  0.496	  0.590	 -0.637
	  0.416	  0.483	  0.770

8 	  29.83	  -4.82	  39.09
	 -0.330	 -0.233	  0.915
	  0.713	 -0.694	  0.093
	  0.615	  0.675	  0.405

9 	  30.23	  -2.34	  39.27
	 -0.278	 -0.072	  0.957
	 -0.752	  0.635	 -0.180
	 -0.601	 -0.761	 -0.243

2 	  37.28	   2.81	  -0.37
	 -0.578	 -0.120	  0.807
	  0.145	 -0.988	 -0.044
	  0.803	  0.091	  0.588

3 	  37.11	  -1.02	   1.72
	  0.212	  0.021	 -0.977
	 -0.108	  0.994	 -0.002
	  0.971	  0.106	  0.214

4 	  40.92	   6.22	   0.02
	  0.815	  0.578	  0.049
	 -0.495	  0.647	  0.579
	  0.304	 -0.497	  0.813

5 	  43.82	   7.95	  11.94
	  0.844	  0.055	  0.533
	 -0.205	 -0.886	  0.415
	  0.495	 -0.459	 -0.738

6 	  52.86	   7.22	  12.76
	  0.948	 -0.243	  0.205
	  0.024	  0.696	  0.717
	 -0.318	 -0.677	  0.664

7 	  40.69	  -6.73	  -0.97
	  0.762	 -0.647	 -0.005
	  0.497	  0.589	 -0.637
	  0.416	  0.484	  0.770

8 	  29.83	  -4.82	  39.09
	 -0.330	 -0.233	  0.915
	  0.713	 -0.694	  0.093
	  0.615	  0.675	  0.405

9 	  30.23	  -2.34	  39.27
	 -0.277	 -0.073	  0.957
	 -0.752	  0.635	 -0.180
	 -0.601	 -0.762	 -0.243

2 	  36.11	   1.97	   4.36
	  0.102	 -0.946	 -0.307
	 -0.139	  0.292	 -0.946
	  0.985	  0.140	 -0.101

3 	  37.20	  -0.98	   1.69
	  0.233	  0.009	 -0.973
	 -0.075	  0.997	 -0.008
	  0.969	  0.075	  0.233

4 	  41.15	   6.22	  -0.11
	  0.846	  0.521	  0.111
	 -0.488	  0.674	  0.554
	  0.214	 -0.523	  0.825

5 	  43.86	   7.98	  11.88
	  0.839	  0.056	  0.542
	 -0.216	 -0.879	  0.425
	  0.500	 -0.473	 -0.725

6 	  52.91	   7.24	  12.78
	  0.946	 -0.246	  0.209
	  0.020	  0.692	  0.721
	 -0.323	 -0.680	  0.658

7 	  40.76	  -6.75	  -0.93
	  0.760	 -0.650	  0.003
	  0.502	  0.583	 -0.639
	  0.414	  0.487	  0.769

8 	  29.83	  -4.83	  39.09
	 -0.330	 -0.233	  0.915
	  0.713	 -0.694	  0.093
	  0.615	  0.675	  0.405

9 	  30.23	  -2.32	  39.27
	 -0.277	 -0.073	  0.957
	 -0.752	  0.635	 -0.180
	 -0.601	 -0.762	 -0.243

2 	  36.09	   1.97	   4.36
	  0.099	 -0.946	 -0.309
	 -0.134	  0.295	 -0.946
	  0.986	  0.135	 -0.097

3 	  37.18	  -0.98	   1.69
	  0.232	  0.010	 -0.973
	 -0.076	  0.997	 -0.008
	  0.970	  0.075	  0.232

4 	  41.13	   6.22	  -0.09
	  0.847	  0.520	  0.111
	 -0.487	  0.675	  0.553
	  0.213	 -0.524	  0.825

5 	  43.84	   7.96	  11.88
	  0.839	  0.056	  0.541
	 -0.216	 -0.879	  0.425
	  0.500	 -0.473	 -0.725

6 	  52.89	   7.24	  12.78
	  0.947	 -0.244	  0.208
	  0.020	  0.692	  0.721
	 -0.321	 -0.681	  0.658

7 	  40.75	  -6.75	  -0.93
	  0.760	 -0.650	  0.004
	  0.503	  0.583	 -0.639
	  0.414	  0.487	  0.769

8 	  29.85	  -4.82	  39.11
	 -0.330	 -0.234	  0.915
	  0.713	 -0.694	  0.092
	  0.615	  0.675	  0.405

9 	  30.23	  -2.32	  39.29
	 -0.278	 -0.073	  0.957
	 -0.752	  0.635	 -0.181
	 -0.601	 -0.762	 -0.244

2 	  36.07	   1.99	   4.38
	  0.095	 -0.946	 -0.311
	 -0.135	  0.297	 -0.945
	  0.986	  0.132	 -0.099

3 	  37.16	  -0.98	   1.69
	  0.231	  0.010	 -0.973
	 -0.077	  0.997	 -0.009
	  0.970	  0.077	  0.231

4 	  41.13	   6.21	  -0.09
	  0.847	  0.519	  0.112
	 -0.488	  0.675	  0.553
	  0.212	 -0.524	  0.825

5 	  43.84	   7.96	  11.90
	  0.839	  0.056	  0.541
	 -0.217	 -0.878	  0.425
	  0.500	 -0.473	 -0.725

6 	  52.88	   7.26	  12.78
