% Calibrated with leiden_pols
% Positions are in centimeters
Data =[
 2    96.256   -22.744    60.085
 2    -0.015    -1.000    -0.012
 2     0.980    -0.017     0.199
 2    -0.200    -0.009     0.980
 3   126.912    -3.251     9.226
 3     0.531    -0.317    -0.786
 3     0.285     0.940    -0.186
 3     0.798    -0.125     0.589
 4   112.312    10.814     3.557
 4     0.586    -0.784     0.204
 4     0.805     0.536    -0.254
 4     0.089     0.312     0.945
 5   113.977    19.252    28.800
 5     0.384    -0.200     0.901
 5     0.211    -0.931    -0.296
 5     0.899     0.304    -0.316
 6   126.509    24.718    52.970
 6     0.331    -0.690    -0.643
 6    -0.078     0.659    -0.748
 6     0.940     0.298     0.164
 7   115.267   -22.514     4.093
 7     0.790     0.521     0.323
 7    -0.606     0.745     0.278
 7    -0.095    -0.416     0.904
 8   118.157   -24.529    29.872
 8     0.392     0.103     0.914
 8    -0.148    -0.974     0.173
 8     0.908    -0.203    -0.367
 9   133.675   -28.999    52.612
 9     0.240     0.518    -0.820
 9    -0.021     0.848     0.530
 9     0.970    -0.111     0.214
 2    96.256   -22.744    60.085
 2    -0.015    -1.000    -0.012
 2     0.980    -0.017     0.199
 2    -0.200    -0.009     0.980
 3   126.912    -3.225     9.226
 3     0.530    -0.317    -0.786
 3     0.285     0.940    -0.186
 3     0.798    -0.126     0.589
 4   112.312    10.814     3.557
 4     0.586    -0.784     0.203
 4     0.805     0.536    -0.253
 4     0.089     0.312     0.946
 5   113.971    19.276    28.857
 5     0.385    -0.199     0.901
 5     0.211    -0.931    -0.296
 5     0.898     0.304    -0.317
 6   126.485    24.717    52.972
 6     0.330    -0.689    -0.645
 6    -0.079     0.661    -0.746
 6     0.940     0.297     0.164
 7   115.266   -22.515     4.093
 7     0.790     0.521     0.323
 7    -0.606     0.745     0.278
 7    -0.095    -0.415     0.905
 8   118.158   -24.580    29.872
 8     0.392     0.102     0.914
 8    -0.149    -0.974     0.172
 8     0.908    -0.203    -0.367
 9   133.650   -28.947    52.612
 9     0.240     0.519    -0.821
 9    -0.020     0.847     0.530
 9     0.970    -0.111     0.213
 2    96.256   -22.694    60.085
 2    -0.015    -1.000    -0.013
 2     0.979    -0.017     0.199
 2    -0.200    -0.009     0.980
 3   126.912    -3.251     9.226
 3     0.530    -0.317    -0.786
 3     0.285     0.940    -0.186
 3     0.798    -0.126     0.589
 4   112.311    10.813     3.561
 4     0.587    -0.784     0.201
 4     0.805     0.537    -0.251
 4     0.088     0.309     0.947
 5   114.021    19.275    28.858
 5     0.386    -0.200     0.900
 5     0.211    -0.931    -0.297
 5     0.898     0.305    -0.318
 6   126.485    24.743    52.921
 6     0.330    -0.688    -0.646
 6    -0.078     0.662    -0.745
 6     0.940     0.297     0.165
 7   115.266   -22.515     4.093
 7     0.789     0.522     0.323
 7    -0.606     0.745     0.278
 7    -0.095    -0.415     0.905
 8   118.157   -24.529    29.846
 8     0.392     0.102     0.914
 8    -0.148    -0.974     0.172
 8     0.908    -0.203    -0.367
 9   133.675   -28.947    52.612
 9     0.239     0.519    -0.820
 9    -0.020     0.847     0.531
 9     0.970    -0.111     0.213
 2    96.256   -22.694    60.085
 2    -0.015    -1.000    -0.013
 2     0.979    -0.017     0.199
 2    -0.200    -0.009     0.980
 3   126.963    -3.251     9.277
 3     0.530    -0.316    -0.787
 3     0.285     0.940    -0.186
 3     0.798    -0.126     0.588
 4   112.263    10.813     3.615
 4     0.586    -0.786     0.195
 4     0.805     0.539    -0.246
 4     0.088     0.302     0.949
 5   114.066    19.247    28.811
 5     0.389    -0.202     0.899
 5     0.209    -0.931    -0.299
 5     0.897     0.304    -0.321
 6   126.673    24.743    52.868
 6     0.328    -0.679    -0.657
 6    -0.078     0.673    -0.735
 6     0.941     0.292     0.168
 7   115.267   -22.515     4.094
 7     0.789     0.522     0.323
 7    -0.607     0.744     0.279
 7    -0.095    -0.416     0.904
 8   118.109   -24.580    29.872
 8     0.390     0.100     0.915
 8    -0.149    -0.974     0.170
 8     0.908    -0.202    -0.366
 9   133.675   -28.895    52.612
 9     0.240     0.520    -0.820
 9    -0.019     0.847     0.531
 9     0.970    -0.112     0.213
 2    96.256   -22.694    60.085
 2    -0.015    -1.000    -0.013
 2     0.979    -0.017     0.199
 2    -0.200    -0.009     0.980
 3   126.916    -3.249     9.221
 3     0.529    -0.317    -0.787
 3     0.286     0.940    -0.187
 3     0.799    -0.126     0.588
 4   112.268    10.763     3.563
 4     0.587    -0.786     0.191
 4     0.804     0.541    -0.245
 4     0.089     0.298     0.950
 5   114.198    19.197    28.808
 5     0.387    -0.207     0.898
 5     0.208    -0.930    -0.304
 5     0.898     0.304    -0.317
 6   126.997    24.668    52.684
 6     0.324    -0.659    -0.679
 6    -0.078     0.697    -0.713
 6     0.943     0.284     0.174
 7   115.242   -22.515     4.094
 7     0.788     0.522     0.323
 7    -0.607     0.744     0.279
 7    -0.095    -0.416     0.904
 8   118.070   -24.529    29.857
 8     0.386     0.097     0.917
 8    -0.149    -0.975     0.166
 8     0.910    -0.201    -0.362
 9   133.601   -28.998    52.613
 9     0.240     0.522    -0.818
 9    -0.020     0.845     0.533
 9     0.970    -0.112     0.213
 2    96.256   -22.694    60.085
 2    -0.015    -1.000    -0.013
 2     0.979    -0.017     0.200
 2    -0.200    -0.009     0.980
 3   126.863    -3.301     9.277
 3     0.530    -0.317    -0.787
 3     0.286     0.940    -0.185
 3     0.798    -0.127     0.588
 4   112.223    10.762     3.563
 4     0.590    -0.785     0.187
 4     0.802     0.545    -0.244
 4     0.090     0.294     0.951
 5   114.506    19.197    28.758
 5     0.385    -0.216     0.897
 5     0.208    -0.927    -0.312
 5     0.899     0.307    -0.312
 6   127.673    24.622    52.546
 6     0.313    -0.618    -0.721
 6    -0.075     0.740    -0.668
 6     0.947     0.263     0.186
 7   115.072   -22.617     4.145
 7     0.786     0.524     0.326
 7    -0.610     0.740     0.281
 7    -0.094    -0.421     0.902
 8   118.072   -24.529    29.849
 8     0.383     0.103     0.917
 8    -0.148    -0.974     0.171
 8     0.911    -0.202    -0.358
 9   133.831   -28.955    52.466
 9     0.244     0.501    -0.830
 9    -0.025     0.859     0.511
 9     0.969    -0.104     0.222
 2    96.256   -22.744    60.085
 2    -0.015    -1.000    -0.012
 2     0.979    -0.017     0.199
 2    -0.200    -0.009     0.980
 3   126.718    -3.358     9.225
 3     0.536    -0.317    -0.782
 3     0.288     0.939    -0.184
 3     0.793    -0.127     0.595
 4   111.968    10.733     3.521
 4     0.594    -0.782     0.187
 4     0.799     0.549    -0.243
 4     0.087     0.293     0.952
 5   115.421    19.222    28.712
 5     0.406    -0.227     0.885
 5     0.214    -0.918    -0.334
 5     0.888     0.325    -0.325
 6   129.315    24.628    51.769
 6     0.322    -0.560    -0.764
 6    -0.059     0.793    -0.606
 6     0.945     0.239     0.222
 7   114.723   -22.645     4.210
 7     0.784     0.521     0.336
 7    -0.613     0.735     0.289
 7    -0.097    -0.433     0.896
 8   118.445   -24.837    29.686
 8     0.390     0.141     0.910
 8    -0.145    -0.967     0.212
 8     0.909    -0.214    -0.357
 9   134.499   -29.030    52.019
 9     0.257     0.459    -0.850
 9    -0.038     0.884     0.466
 9     0.965    -0.088     0.245
 2    96.256   -22.694    60.085
 2    -0.015    -1.000    -0.013
 2     0.979    -0.017     0.199
 2    -0.200    -0.009     0.980
 3   126.562    -3.446     9.034
 3     0.547    -0.317    -0.774
 3     0.289     0.940    -0.180
 3     0.785    -0.125     0.606
 4   111.732    10.675     3.533
 4     0.601    -0.775     0.193
 4     0.795     0.555    -0.244
 4     0.082     0.300     0.950
 5   116.786    19.193    28.566
 5     0.456    -0.229     0.860
 5     0.221    -0.907    -0.359
 5     0.862     0.353    -0.363
