% Calibrated with leiden_pols
% Positions are in centimeters
Data =[
 2    96.256   -22.744    60.085
 2    -0.015    -1.000    -0.012
 2     0.980    -0.017     0.199
 2    -0.200    -0.009     0.980
 3   126.912    -3.251     9.226
 3     0.531    -0.317    -0.786
 3     0.285     0.940    -0.186
 3     0.798    -0.125     0.589
 4   112.312    10.814     3.557
 4     0.586    -0.784     0.204
 4     0.805     0.536    -0.254
 4     0.089     0.312     0.945
 5   113.977    19.252    28.800
 5     0.384    -0.200     0.901
 5     0.211    -0.931    -0.296
 5     0.899     0.304    -0.316
 6   126.509    24.718    52.970
 6     0.331    -0.690    -0.643
 6    -0.078     0.659    -0.748
 6     0.940     0.298     0.164
 7   115.267   -22.514     4.093
 7     0.790     0.521     0.323
 7    -0.606     0.745     0.278
 7    -0.095    -0.416     0.904
 8   118.157   -24.529    29.872
 8     0.392     0.103     0.914
 8    -0.148    -0.974     0.173
 8     0.908    -0.203    -0.367
 9   133.675   -28.999    52.612
 9     0.240     0.518    -0.820
 9    -0.021     0.848     0.530
 9     0.970    -0.111     0.214
 2    96.256   -22.744    60.085
 2    -0.015    -1.000    -0.012
 2     0.980    -0.017     0.199
 2    -0.200    -0.009     0.980
 3   126.912    -3.225     9.226
 3     0.530    -0.317    -0.786
 3     0.285     0.940    -0.186
 3     0.798    -0.126     0.589
 4   112.312    10.814     3.557
 4     0.586    -0.784     0.203
 4     0.805     0.536    -0.253
 4     0.089     0.312     0.946
 5   113.971    19.276    28.857
 5     0.385    -0.199     0.901
 5     0.211    -0.931    -0.296
 5     0.898     0.304    -0.317
 6   126.485    24.717    52.972
 6     0.330    -0.689    -0.645
 6    -0.079     0.661    -0.746
 6     0.940     0.297     0.164
 7   115.266   -22.515     4.093
 7     0.790     0.521     0.323
 7    -0.606     0.745     0.278
 7    -0.095    -0.415     0.905
 8   118.158   -24.580    29.872
 8     0.392     0.102     0.914
 8    -0.149    -0.974     0.172
 8     0.908    -0.203    -0.367
 9   133.650   -28.947    52.612
 9     0.240     0.519    -0.821
 9    -0.020     0.847     0.530
 9     0.970    -0.111     0.213
 2    96.256   -22.694    60.085
 2    -0.015    -1.000    -0.013
 2     0.979    -0.017     0.199
 2    -0.200    -0.009     0.980
 3   126.912    -3.251     9.226
 3     0.530    -0.317    -0.786
 3     0.285     0.940    -0.186
 3     0.798    -0.126     0.589
 4   112.311    10.813     3.561
 4     0.587    -0.784     0.201
 4     0.805     0.537    -0.251
 4     0.088     0.309     0.947
 5   114.021    19.275    28.858
 5     0.386    -0.200     0.900
 5     0.211    -0.931    -0.297
 5     0.898     0.305    -0.318
 6   126.485    24.743    52.921
 6     0.330    -0.688    -0.646
 6    -0.078     0.662    -0.745
 6     0.940     0.297     0.165
 7   115.266   -22.515     4.093
 7     0.789     0.522     0.323
 7    -0.606     0.745     0.278
 7    -0.095    -0.415     0.905
 8   118.157   -24.529    29.846
 8     0.392     0.102     0.914
 8    -0.148    -0.974     0.172
 8     0.908    -0.203    -0.367
 9   133.675   -28.947    52.612
 9     0.239     0.519    -0.820
 9    -0.020     0.847     0.531
 9     0.970    -0.111     0.213
 2    96.256   -22.694    60.085
 2    -0.015    -1.000    -0.013
 2     0.979    -0.017     0.199
 2    -0.200    -0.009     0.980
 3   126.963    -3.251     9.277
 3     0.530    -0.316    -0.787
 3     0.285     0.940    -0.186
 3     0.798    -0.126     0.588
 4   112.263    10.813     3.615
 4     0.586    -0.786     0.195
 4     0.805     0.539    -0.246
 4     0.088     0.302     0.949
 5   114.066    19.247    28.811
 5     0.389    -0.202     0.899
 5     0.209    -0.931    -0.299
 5     0.897     0.304    -0.321
 6   126.673    24.743    52.868
 6     0.328    -0.679    -0.657
 6    -0.078     0.673    -0.735
 6     0.941     0.292     0.168
 7   115.267   -22.515     4.094
 7     0.789     0.522     0.323
 7    -0.607     0.744     0.279
 7    -0.095    -0.416     0.904
 8   118.109   -24.580    29.872
 8     0.390     0.100     0.915
 8    -0.149    -0.974     0.170
 8     0.908    -0.202    -0.366
 9   133.675   -28.895    52.612
 9     0.240     0.520    -0.820
 9    -0.019     0.847     0.531
 9     0.970    -0.112     0.213
 2    96.256   -22.694    60.085
 2    -0.015    -1.000    -0.013
 2     0.979    -0.017     0.199
 2    -0.200    -0.009     0.980
 3   126.916    -3.249     9.221
 3     0.529    -0.317    -0.787
 3     0.286     0.940    -0.187
 3     0.799    -0.126     0.588
 4   112.268    10.763     3.563
 4     0.587    -0.786     0.191
 4     0.804     0.541    -0.245
 4     0.089     0.298     0.950
 5   114.198    19.197    28.808
 5     0.387    -0.207     0.898
 5     0.208    -0.930    -0.304
 5     0.898     0.304    -0.317
 6   126.997    24.668    52.684
 6     0.324    -0.659    -0.679
 6    -0.078     0.697    -0.713
 6     0.943     0.284     0.174
 7   115.242   -22.515     4.094
 7     0.788     0.522     0.323
 7    -0.607     0.744     0.279
 7    -0.095    -0.416     0.904
 8   118.070   -24.529    29.857
 8     0.386     0.097     0.917
 8    -0.149    -0.975     0.166
 8     0.910    -0.201    -0.362
 9   133.601   -28.998    52.613
 9     0.240     0.522    -0.818
 9    -0.020     0.845     0.533
 9     0.970    -0.112     0.213
 2    96.256   -22.694    60.085
 2    -0.015    -1.000    -0.013
 2     0.979    -0.017     0.200
 2    -0.200    -0.009     0.980
 3   126.863    -3.301     9.277
 3     0.530    -0.317    -0.787
 3     0.286     0.940    -0.185
 3     0.798    -0.127     0.588
 4   112.223    10.762     3.563
 4     0.590    -0.785     0.187
 4     0.802     0.545    -0.244
 4     0.090     0.294     0.951
 5   114.506    19.197    28.758
 5     0.385    -0.216     0.897
 5     0.208    -0.927    -0.312
 5     0.899     0.307    -0.312
 6   127.673    24.622    52.546
 6     0.313    -0.618    -0.721
 6    -0.075     0.740    -0.668
 6     0.947     0.263     0.186
 7   115.072   -22.617     4.145
 7     0.786     0.524     0.326
 7    -0.610     0.740     0.281
 7    -0.094    -0.421     0.902
 8   118.072   -24.529    29.849
 8     0.383     0.103     0.917
 8    -0.148    -0.974     0.171
 8     0.911    -0.202    -0.358
 9   133.831   -28.955    52.466
 9     0.244     0.501    -0.830
 9    -0.025     0.859     0.511
 9     0.969    -0.104     0.222
 2    96.256   -22.744    60.085
 2    -0.015    -1.000    -0.012
 2     0.979    -0.017     0.199
 2    -0.200    -0.009     0.980
 3   126.718    -3.358     9.225
 3     0.536    -0.317    -0.782
 3     0.288     0.939    -0.184
 3     0.793    -0.127     0.595
 4   111.968    10.733     3.521
 4     0.594    -0.782     0.187
 4     0.799     0.549    -0.243
 4     0.087     0.293     0.952
 5   115.421    19.222    28.712
 5     0.406    -0.227     0.885
 5     0.214    -0.918    -0.334
 5     0.888     0.325    -0.325
 6   129.315    24.628    51.769
 6     0.322    -0.560    -0.764
 6    -0.059     0.793    -0.606
 6     0.945     0.239     0.222
 7   114.723   -22.645     4.210
 7     0.784     0.521     0.336
 7    -0.613     0.735     0.289
 7    -0.097    -0.433     0.896
 8   118.445   -24.837    29.686
 8     0.390     0.141     0.910
 8    -0.145    -0.967     0.212
 8     0.909    -0.214    -0.357
 9   134.499   -29.030    52.019
 9     0.257     0.459    -0.850
 9    -0.038     0.884     0.466
 9     0.965    -0.088     0.245
 2    96.256   -22.694    60.085
 2    -0.015    -1.000    -0.013
 2     0.979    -0.017     0.199
 2    -0.200    -0.009     0.980
 3   126.562    -3.446     9.034
 3     0.547    -0.317    -0.774
 3     0.289     0.940    -0.180
 3     0.785    -0.125     0.606
 4   111.732    10.675     3.533
 4     0.601    -0.775     0.193
 4     0.795     0.555    -0.244
 4     0.082     0.300     0.950
 5   116.786    19.193    28.566
 5     0.456    -0.229     0.860
 5     0.221    -0.907    -0.359
 5     0.862     0.353    -0.363
 6   131.554    25.087    51.166
 6     0.347    -0.519    -0.781
 6    -0.038     0.824    -0.565
 6     0.937     0.225     0.267
 7   114.497   -22.647     4.298
 7     0.783     0.517     0.344
 7    -0.614     0.733     0.294
 7    -0.100    -0.442     0.891
 8   119.220   -25.185    29.493
 8     0.423     0.178     0.888
 8    -0.149    -0.953     0.262
 8     0.894    -0.243    -0.377
 9   136.196   -29.245    51.267
 9     0.286     0.408    -0.867
 9    -0.060     0.911     0.408
 9     0.956    -0.065     0.285
 2    96.256   -22.694    60.085
 2    -0.015    -1.000    -0.013
 2     0.979    -0.017     0.199
 2    -0.200    -0.009     0.980
 3   126.359    -3.556     8.939
 3     0.556    -0.319    -0.767
 3     0.291     0.939    -0.180
 3     0.778    -0.123     0.615
 4   111.587    10.614     3.429
 4     0.608    -0.767     0.203
 4     0.790     0.562    -0.243
 4     0.073     0.308     0.948
 5   118.219    19.311    28.376
 5     0.508    -0.232     0.829
 5     0.222    -0.895    -0.386
 5     0.832     0.380    -0.404
 6   134.041    25.254    49.617
 6     0.384    -0.463    -0.799
 6    -0.018     0.861    -0.508
 6     0.923     0.209     0.322
 7   114.255   -22.654     4.302
 7     0.783     0.511     0.354
 7    -0.613     0.733     0.296
 7    -0.109    -0.448     0.887
 8   120.425   -25.513    29.389
 8     0.472     0.210     0.856
 8    -0.151    -0.937     0.314
 8     0.868    -0.278    -0.411
 9   138.427   -29.565    49.795
 9     0.334     0.359    -0.871
 9    -0.081     0.932     0.353
 9     0.939    -0.048     0.340
 2    96.206   -22.694    60.110
 2    -0.015    -1.000    -0.013
 2     0.979    -0.017     0.200
 2    -0.200    -0.009     0.980
 3   126.243    -3.689     8.778
 3     0.562    -0.321    -0.762
 3     0.291     0.939    -0.181
 3     0.774    -0.120     0.622
 4   111.393    10.544     3.358
 4     0.614    -0.759     0.214
 4     0.787     0.571    -0.232
 4     0.053     0.311     0.949
 5   119.667    19.518    28.048
 5     0.569    -0.225     0.790
 5     0.224    -0.883    -0.413
 5     0.791     0.412    -0.452
 6   136.749    25.852    48.252
 6     0.420    -0.405    -0.812
 6     0.007     0.896    -0.443
 6     0.907     0.180     0.379
 7   114.099   -22.666     4.249
 7     0.783     0.500     0.369
 7    -0.609     0.737     0.293
 7    -0.125    -0.455     0.882
 8   121.971   -25.847    29.130
 8     0.535     0.242     0.809
 8    -0.150    -0.916     0.373
 8     0.831    -0.321    -0.454
 9   141.228   -29.606    47.982
 9     0.394     0.305    -0.867
 9    -0.096     0.952     0.291
 9     0.914    -0.031     0.404
 2    96.206   -22.694    60.085
 2    -0.015    -1.000    -0.013
 2     0.979    -0.017     0.199
 2    -0.200    -0.010     0.980
 3   126.118    -3.645     8.575
 3     0.569    -0.328    -0.754
 3     0.294     0.937    -0.186
 3     0.768    -0.116     0.630
 4   111.071    10.568     3.470
 4     0.613    -0.754     0.234
 4     0.789     0.577    -0.208
 4     0.022     0.313     0.949
 5   121.589    19.549    27.278
 5     0.646    -0.217     0.731
 5     0.219    -0.866    -0.450
 5     0.731     0.451    -0.512
 6   140.287    25.680    45.394
 6     0.486    -0.318    -0.814
 6     0.019     0.935    -0.354
 6     0.873     0.156     0.461
 7   113.860   -22.612     4.108
 7     0.785     0.481     0.390
 7    -0.600     0.748     0.285
 7    -0.155    -0.457     0.876
 8   124.071   -26.062    28.579
 8     0.612     0.266     0.744
 8    -0.141    -0.890     0.434
 8     0.777    -0.371    -0.507
 9   144.727   -29.273    45.443
 9     0.463     0.244    -0.852
 9    -0.110     0.969     0.218
 9     0.879    -0.007     0.476
 2    96.256   -22.694    60.085
 2    -0.015    -1.000    -0.013
 2     0.979    -0.017     0.199
 2    -0.200    -0.010     0.980
 3   126.034    -3.622     8.480
 3     0.572    -0.333    -0.750
 3     0.295     0.936    -0.191
 3     0.766    -0.112     0.633
 4   110.991    10.579     3.382
 4     0.616    -0.739     0.275
 4     0.787     0.586    -0.189
 4    -0.022     0.333     0.943
 5   123.998    19.886    26.331
 5     0.737    -0.171     0.653
 5     0.215    -0.858    -0.467
 5     0.640     0.484    -0.596
 6   144.588    25.774    41.837
 6     0.591    -0.276    -0.758
 6     0.018     0.944    -0.329
 6     0.807     0.180     0.562
 7   113.734   -22.539     4.036
 7     0.783     0.463     0.415
 7    -0.592     0.759     0.270
 7    -0.191    -0.457     0.869
 8   126.565   -26.165    27.435
 8     0.707     0.261     0.657
 8    -0.128    -0.867     0.481
 8     0.695    -0.424    -0.580
 9   148.995   -28.313    41.891
 9     0.561     0.204    -0.802
 9    -0.105     0.979     0.175
 9     0.821    -0.014     0.571
 2    96.206   -22.694    60.110
 2    -0.015    -1.000    -0.013
 2     0.979    -0.017     0.199
 2    -0.200    -0.009     0.980
 3   126.033    -3.649     8.428
 3     0.573    -0.333    -0.749
 3     0.292     0.936    -0.193
 3     0.766    -0.108     0.634
 4   110.915    10.532     3.369
 4     0.617    -0.718     0.322
 4     0.783     0.599    -0.165
 4    -0.075     0.354     0.932
 5   126.531    19.214    24.634
 5     0.828    -0.122     0.546
 5     0.192    -0.855    -0.482
 5     0.526     0.504    -0.685
 6   148.917    24.591    36.567
 6     0.709    -0.220    -0.670
 6    -0.004     0.949    -0.315
 6     0.705     0.226     0.672
 7   113.522   -22.456     3.759
 7     0.777     0.437     0.452
 7    -0.580     0.776     0.248
 7    -0.243    -0.455     0.857
 8   129.045   -25.636    25.965
 8     0.799     0.242     0.551
 8    -0.097    -0.852     0.514
 8     0.594    -0.464    -0.657
 9   152.823   -26.631    37.077
 9     0.668     0.160    -0.727
 9    -0.083     0.986     0.141
 9     0.739    -0.034     0.672
 2    96.206   -22.694    60.085
 2    -0.015    -1.000    -0.013
 2     0.979    -0.017     0.200
 2    -0.200    -0.009     0.980
 3   125.982    -3.701     8.299
 3     0.574    -0.335    -0.747
 3     0.289     0.936    -0.197
 3     0.766    -0.103     0.634
 4   110.678    10.468     3.126
 4     0.616    -0.692     0.376
 4     0.774     0.620    -0.127
 4    -0.145     0.369     0.918
 5   128.564    18.503    22.635
 5     0.894    -0.089     0.439
 5     0.160    -0.853    -0.497
 5     0.418     0.515    -0.748
 6   152.200    22.737    31.763
 6     0.791    -0.149    -0.593
 6    -0.042     0.954    -0.295
 6     0.610     0.258     0.749
 7   113.380   -22.374     3.459
 7     0.770     0.411     0.487
 7    -0.565     0.795     0.222
 7    -0.296    -0.446     0.844
 8   131.367   -24.863    24.027
 8     0.877     0.212     0.431
 8    -0.061    -0.841     0.538
 8     0.477    -0.498    -0.725
 9   156.374   -25.246    31.076
 9     0.770     0.122    -0.626
 9    -0.062     0.991     0.118
 9     0.634    -0.052     0.771
 2    96.206   -22.694    60.085
 2    -0.015    -1.000    -0.013
 2     0.980    -0.017     0.199
 2    -0.200    -0.009     0.980
 3   125.893    -3.755     8.004
 3     0.578    -0.342    -0.742
 3     0.289     0.935    -0.206
 3     0.763    -0.095     0.638
 4   110.371    10.274     2.864
 4     0.615    -0.667     0.420
 4     0.759     0.645    -0.085
 4    -0.215     0.371     0.903
 5   130.016    17.986    20.565
 5     0.938    -0.059     0.341
 5     0.132    -0.850    -0.510
 5     0.320     0.523    -0.790
 6   154.162    21.583    27.092
 6     0.854    -0.093    -0.513
 6    -0.065     0.957    -0.282
 6     0.517     0.273     0.811
 7   113.116   -22.239     3.247
 7     0.762     0.390     0.516
 7    -0.548     0.814     0.194
 7    -0.345    -0.431     0.834
 8   133.081   -24.340    21.847
 8     0.929     0.183     0.321
 8    -0.029    -0.831     0.556
 8     0.369    -0.526    -0.766
 9   158.497   -23.853    25.510
 9     0.844     0.087    -0.529
 9    -0.042     0.994     0.096
 9     0.534    -0.059     0.843
 2    96.206   -22.694    60.085
 2    -0.015    -1.000    -0.013
 2     0.979    -0.017     0.199
 2    -0.200    -0.010     0.979
 3   125.704    -3.759     7.786
 3     0.581    -0.348    -0.735
 3     0.290     0.933    -0.213
 3     0.760    -0.090     0.643
 4   110.149    10.160     2.566
 4     0.610    -0.643     0.462
 4     0.741     0.670    -0.046
 4    -0.280     0.370     0.886
 5   131.150    17.263    18.739
 5     0.965    -0.037     0.260
 5     0.107    -0.848    -0.520
 5     0.240     0.529    -0.814
 6   155.759    20.210    22.431
 6     0.898    -0.039    -0.437
 6    -0.087     0.961    -0.264
 6     0.430     0.274     0.860
 7   112.816   -22.151     2.935
 7     0.753     0.376     0.539
 7    -0.532     0.831     0.164
 7    -0.386    -0.411     0.826
 8   134.367   -23.581    19.966
 8     0.962     0.151     0.227
 8    -0.002    -0.829     0.559
 8     0.273    -0.538    -0.797
 9   160.060   -22.598    21.159
 9     0.892     0.065    -0.448
 9    -0.028     0.995     0.089
 9     0.451    -0.067     0.890
 2    96.206   -22.694    60.085
 2    -0.015    -1.000    -0.013
 2     0.979    -0.017     0.200
 2    -0.200    -0.010     0.980
 3   125.695    -3.760     7.717
 3     0.582    -0.353    -0.733
 3     0.293     0.931    -0.216
 3     0.758    -0.089     0.646
 4   109.890     9.923     2.201
 4     0.604    -0.621     0.500
 4     0.721     0.692    -0.011
 4    -0.339     0.367     0.866
 5   132.015    16.820    16.608
 5     0.983    -0.013     0.183
 5     0.089    -0.840    -0.535
 5     0.160     0.542    -0.825
 6   156.761    19.536    18.332
 6     0.931    -0.002    -0.366
 6    -0.096     0.964    -0.248
 6     0.353     0.266     0.897
 7   112.581   -22.031     2.878
 7     0.745     0.367     0.556
 7    -0.518     0.844     0.136
 7    -0.419    -0.389     0.820
 8   135.317   -23.256    17.969
 8     0.984     0.111     0.141
 8     0.013    -0.829     0.559
 8     0.179    -0.548    -0.817
 9   160.958   -21.861    16.166
 9     0.934     0.050    -0.354
 9    -0.022     0.996     0.084
 9     0.357    -0.071     0.931
 2    96.206   -22.694    60.085
 2    -0.015    -1.000    -0.013
 2     0.979    -0.017     0.199
 2    -0.200    -0.010     0.979
 3   125.537    -3.863     7.548
 3     0.583    -0.357    -0.730
 3     0.296     0.929    -0.219
 3     0.756    -0.089     0.648
 4   109.629     9.643     1.838
 4     0.598    -0.602     0.529
 4     0.702     0.712     0.018
 4    -0.388     0.361     0.848
 5   132.544    16.381    14.464
 5     0.994     0.012     0.109
 5     0.071    -0.832    -0.550
 5     0.084     0.555    -0.828
 6   157.342    18.376    13.804
 6     0.955     0.042    -0.292
 6    -0.113     0.967    -0.227
 6     0.273     0.250     0.929
 7   112.360   -21.993     2.687
 7     0.733     0.359     0.577
 7    -0.503     0.858     0.105
 7    -0.457    -0.367     0.810
 8   136.021   -23.273    15.690
 8     0.997     0.058     0.052
 8     0.018    -0.822     0.569
 8     0.075    -0.566    -0.821
 9   161.186   -21.601    10.201
 9     0.970     0.040    -0.239
 9    -0.025     0.997     0.065
 9     0.241    -0.058     0.969
 2    96.206   -22.694    60.085
 2    -0.015    -1.000    -0.013
 2     0.979    -0.017     0.200
 2    -0.200    -0.010     0.980
 3   125.457    -3.989     7.169
 3     0.582    -0.365    -0.726
 3     0.301     0.927    -0.224
 3     0.755    -0.089     0.650
 4   109.329     9.186     1.269
 4     0.594    -0.583     0.554
 4     0.677     0.734     0.046
 4    -0.434     0.347     0.831
 5   132.945    15.734    12.150
 5     0.998     0.039     0.033
 5     0.052    -0.822    -0.567
 5     0.005     0.568    -0.823
 6   157.690    17.109     9.186
 6     0.973     0.088    -0.212
 6    -0.132     0.969    -0.207
 6     0.187     0.229     0.955
 7   112.017   -21.889     2.524
 7     0.716     0.348     0.604
 7    -0.483     0.873     0.068
 7    -0.503    -0.341     0.794
 8   136.376   -23.252    12.798
 8     0.999    -0.004    -0.046
 8     0.024    -0.808     0.589
 8    -0.039    -0.589    -0.807
 9   160.962   -21.633     3.600
 9     0.993     0.037    -0.110
 9    -0.033     0.998     0.040
 9     0.111    -0.036     0.993
 2    96.206   -22.694    60.085
 2    -0.015    -1.000    -0.013
 2     0.979    -0.017     0.200
 2    -0.200    -0.010     0.980
 3   125.214    -4.169     6.930
 3     0.584    -0.374    -0.720
 3     0.307     0.923    -0.231
 3     0.751    -0.086     0.654
 4   108.923     8.659     0.788
 4     0.591    -0.573     0.568
 4     0.654     0.752     0.078
 4    -0.473     0.325     0.819
 5   133.170    15.241     9.732
 5     0.996     0.072    -0.039
 5     0.036    -0.813    -0.581
 5    -0.074     0.578    -0.813
 6   157.316    15.654     3.935
 6     0.984     0.132    -0.118
 6    -0.153     0.969    -0.192
 6     0.089     0.206     0.974
 7   111.562   -21.771     2.166
 7     0.695     0.334     0.636
 7    -0.451     0.892     0.024
 7    -0.560    -0.304     0.771
 8   136.565   -23.213     9.645
 8     0.986    -0.072    -0.147
 8     0.032    -0.792     0.610
 8    -0.160    -0.607    -0.779
 9   159.692   -21.476    -3.460
 9     0.999     0.038     0.031
 9    -0.039     0.999     0.014
 9    -0.031    -0.016     0.999
 2    96.206   -22.694    60.085
 2    -0.015    -1.000    -0.013
 2     0.980    -0.017     0.199
 2    -0.200    -0.009     0.980
 3   125.072    -4.351     6.631
 3     0.589    -0.386    -0.710
 3     0.305     0.919    -0.247
 3     0.748    -0.071     0.659
 4   108.563     8.140     0.363
 4     0.588    -0.568     0.576
 4     0.633     0.766     0.109
 4    -0.504     0.300     0.810
 5   133.268    14.486     7.844
 5     0.991     0.092    -0.097
 5     0.017    -0.807    -0.591
 5    -0.133     0.583    -0.801
 6   157.149    14.294     0.361
 6     0.984     0.169    -0.049
 6    -0.176     0.968    -0.181
 6     0.017     0.186     0.982
 7   111.161   -21.352     1.832
 7     0.672     0.322     0.666
 7    -0.407     0.913    -0.031
 7    -0.618    -0.251     0.745
 8   136.289   -23.132     6.249
 8     0.958    -0.149    -0.245
 8     0.042    -0.772     0.634
 8    -0.284    -0.618    -0.733
 9   157.623   -20.720   -10.827
 9     0.982     0.038     0.182
 9    -0.038     0.999    -0.007
 9    -0.182    -0.001     0.983
 2    96.206   -22.694    60.085
 2    -0.015    -1.000    -0.012
 2     0.979    -0.017     0.200
 2    -0.200    -0.009     0.979
 3   124.932    -4.431     6.275
 3     0.594    -0.401    -0.698
 3     0.300     0.915    -0.270
 3     0.746    -0.049     0.663
 4   108.110     7.702    -0.002
 4     0.583    -0.566     0.583
 4     0.616     0.776     0.137
 4    -0.530     0.279     0.800
 5   133.033    13.892     6.166
 5     0.983     0.112    -0.146
 5     0.002    -0.799    -0.601
 5    -0.184     0.591    -0.786
 6   156.417    13.305    -2.652
 6     0.981     0.194     0.006
 6    -0.190     0.967    -0.167
 6    -0.038     0.162     0.986
 7   110.580   -20.833     1.417
 7     0.646     0.315     0.695
 7    -0.360     0.929    -0.087
 7    -0.673    -0.195     0.713
 8   135.684   -22.700     2.773
 8     0.913    -0.227    -0.339
 8     0.057    -0.752     0.657
 8    -0.404    -0.619    -0.673
 9   154.730   -20.223   -17.973
 9     0.944     0.044     0.327
 9    -0.037     0.999    -0.029
 9    -0.328     0.015     0.944
 2    96.207   -22.745    60.085
 2    -0.014    -1.000    -0.013
 2     0.979    -0.016     0.199
 2    -0.200    -0.010     0.980
 3   124.738    -4.310     5.998
 3     0.600    -0.416    -0.683
 3     0.297     0.909    -0.292
 3     0.743    -0.027     0.669
 4   107.708     7.448    -0.278
 4     0.573    -0.568     0.591
 4     0.605     0.779     0.163
 4    -0.553     0.264     0.790
 5   132.804    13.541     4.855
 5     0.975     0.128    -0.181
 5    -0.010    -0.792    -0.611
 5    -0.221     0.597    -0.771
 6   155.979    12.348    -5.280
 6     0.975     0.216     0.053
 6    -0.206     0.966    -0.153
 6    -0.085     0.138     0.987
 7   110.009   -20.286     1.100
 7     0.615     0.305     0.727
 7    -0.315     0.940    -0.129
 7    -0.723    -0.150     0.674
 8   134.497   -22.223    -0.619
 8     0.851    -0.306    -0.427
 8     0.073    -0.737     0.672
 8    -0.521    -0.603    -0.604
 9   150.664   -19.118   -24.231
 9     0.884     0.038     0.465
 9    -0.025     0.999    -0.035
 9    -0.466     0.019     0.885
 2    96.206   -22.694    60.085
 2    -0.015    -1.000    -0.013
 2     0.979    -0.017     0.200
 2    -0.200    -0.010     0.980
 3   124.499    -4.272     5.749
 3     0.612    -0.428    -0.665
 3     0.293     0.903    -0.312
 3     0.734    -0.005     0.678
 4   107.225     7.114    -0.545
 4     0.561    -0.571     0.599
 4     0.592     0.783     0.191
 4    -0.578     0.247     0.777
 5   132.354    13.180     3.295
 5     0.964     0.152    -0.220
 5    -0.020    -0.780    -0.625
 5    -0.267     0.606    -0.749
 6   154.718    11.584    -8.488
 6     0.965     0.234     0.114
 6    -0.219     0.966    -0.136
 6    -0.142     0.106     0.984
 7   109.167   -19.844     0.817
 7     0.574     0.300     0.761
 7    -0.287     0.945    -0.157
 7    -0.767    -0.128     0.629
 8   132.972   -21.784    -3.558
 8     0.783    -0.372    -0.498
 8     0.088    -0.728     0.680
 8    -0.615    -0.577    -0.537
 9   146.207   -18.358   -29.708
 9     0.812     0.021     0.582
 9    -0.011     1.000    -0.021
 9    -0.583     0.010     0.812
 2    96.206   -22.694    60.085
 2    -0.015    -1.000    -0.013
 2     0.979    -0.017     0.200
 2    -0.200    -0.010     0.980
 3   124.259    -4.439     5.302
 3     0.626    -0.432    -0.649
 3     0.289     0.902    -0.321
 3     0.724     0.014     0.689
 4   106.414     6.564    -0.728
 4     0.543    -0.570     0.616
 4     0.573     0.788     0.223
 4    -0.613     0.232     0.755
 5   131.733    12.693     1.085
 5     0.942     0.193    -0.273
 5    -0.030    -0.765    -0.643
 5    -0.333     0.614    -0.715
 6   153.300    10.680   -12.262
 6     0.949     0.250     0.190
 6    -0.230     0.966    -0.121
 6    -0.214     0.071     0.974
 7   108.549   -19.663     0.648
 7     0.540     0.294     0.788
 7    -0.270     0.948    -0.168
 7    -0.797    -0.122     0.591
 8   131.777   -21.570    -5.512
 8     0.733    -0.413    -0.540
 8     0.098    -0.721     0.685
 8    -0.673    -0.556    -0.488
 9   143.407   -17.850   -32.503
 9     0.765     0.013     0.643
 9    -0.004     1.000    -0.017
 9    -0.644     0.010     0.765
 2    96.206   -22.694    60.111
 2    -0.015    -1.000    -0.013
 2     0.979    -0.017     0.200
 2    -0.200    -0.010     0.980
 3   124.014    -4.445     5.014
 3     0.632    -0.437    -0.640
 3     0.289     0.899    -0.328
 3     0.719     0.023     0.694
 4   105.975     6.126    -0.989
 4     0.529    -0.572     0.627
 4     0.558     0.791     0.250
 4    -0.639     0.218     0.737
 5   131.172    12.133    -0.259
 5     0.927     0.218    -0.305
 5    -0.039    -0.753    -0.657
 5    -0.373     0.621    -0.689
 6   152.162     9.798   -14.715
 6     0.935     0.260     0.238
 6    -0.241     0.964    -0.110
 6    -0.259     0.045     0.965
 7   108.120   -19.525     0.458
 7     0.510     0.284     0.811
 7    -0.254     0.951    -0.173
 7    -0.821    -0.118     0.558
 8   130.665   -21.549    -7.065
 8     0.688    -0.451    -0.568
 8     0.099    -0.717     0.690
 8    -0.719    -0.531    -0.449
 9   140.695   -17.697   -35.123
 9     0.715     0.011     0.698
 9    -0.005     1.000    -0.011
 9    -0.699     0.005     0.715
 2    96.206   -22.694    60.111
 2    -0.015    -1.000    -0.013
 2     0.979    -0.017     0.199
 2    -0.200    -0.010     0.979
 3   123.907    -4.525     4.784
 3     0.636    -0.440    -0.634
 3     0.282     0.897    -0.340
 3     0.718     0.037     0.695
 4   105.798     5.906    -1.094
 4     0.526    -0.569     0.632
 4     0.547     0.795     0.260
 4    -0.651     0.209     0.730
 5   130.980    11.748    -1.028
 5     0.918     0.227    -0.324
 5    -0.050    -0.747    -0.663
 5    -0.393     0.625    -0.674
 6   151.731     9.043   -15.774
 6     0.927     0.269     0.259
 6    -0.251     0.962    -0.104
 6    -0.277     0.031     0.960
 7   107.742   -19.389     0.169
 7     0.479     0.279     0.832
 7    -0.240     0.953    -0.182
 7    -0.844    -0.113     0.524
 8   129.629   -21.503    -8.655
 8     0.642    -0.489    -0.590
 8     0.101    -0.710     0.697
 8    -0.760    -0.507    -0.407
 9   137.938   -17.720   -37.651
 9     0.663     0.013     0.748
 9    -0.007     1.000    -0.011
 9    -0.748     0.002     0.663
 2    96.206   -22.694    60.111
 2    -0.015    -1.000    -0.013
 2     0.979    -0.017     0.200
 2    -0.200    -0.010     0.980
 3   123.830    -4.759     4.601
 3     0.641    -0.438    -0.630
 3     0.270     0.897    -0.349
 3     0.718     0.053     0.694
 4   105.563     5.479    -1.265
 4     0.521    -0.566     0.639
 4     0.535     0.800     0.272
 4    -0.666     0.200     0.719
 5   130.637    11.234    -1.868
 5     0.908     0.238    -0.344
 5    -0.060    -0.739    -0.671
 5    -0.414     0.630    -0.657
 6   150.930     8.226   -17.410
 6     0.915     0.279     0.290
 6    -0.263     0.960    -0.095
 6    -0.305     0.010     0.952
 7   107.181   -19.181    -0.113
 7     0.445     0.276     0.852
 7    -0.224     0.955    -0.193
 7    -0.867    -0.105     0.487
 8   128.341   -21.379   -10.208
 8     0.595    -0.522    -0.611
 8     0.107    -0.702     0.704
 8    -0.796    -0.485    -0.362
 9   135.119   -17.661   -39.635
 9     0.612     0.010     0.790
 9    -0.006     1.000    -0.009
 9    -0.790     0.000     0.612
 2    96.207   -22.745    60.085
 2    -0.014    -1.000    -0.013
 2     0.979    -0.017     0.199
 2    -0.200    -0.010     0.979
 3   123.690    -4.845     4.334
 3     0.650    -0.432    -0.625
 3     0.259     0.899    -0.353
 3     0.714     0.067     0.696
 4   105.255     5.285    -1.221
 4     0.512    -0.564     0.647
 4     0.527     0.802     0.281
 4    -0.678     0.197     0.708
 5   130.201    10.934    -2.874
 5     0.890     0.262    -0.372
 5    -0.064    -0.737    -0.673
 5    -0.450     0.623    -0.639
 6   149.881     7.491   -19.450
 6     0.895     0.293     0.336
 6    -0.275     0.956    -0.103
 6    -0.352    -0.001     0.936
 7   106.528   -18.920    -0.300
 7     0.411     0.273     0.869
 7    -0.209     0.957    -0.202
 7    -0.887    -0.099     0.451
 8   127.166   -21.355   -11.492
 8     0.552    -0.555    -0.622
 8     0.108    -0.692     0.714
 8    -0.827    -0.461    -0.322
 9   132.359   -17.679   -41.376
 9     0.563     0.019     0.826
 9    -0.010     1.000    -0.017
 9    -0.826     0.001     0.563
 2    96.206   -22.694    60.085
 2    -0.015    -1.000    -0.012
 2     0.979    -0.017     0.200
 2    -0.200    -0.009     0.979
 3   123.523    -4.854     4.149
 3     0.658    -0.426    -0.621
 3     0.251     0.901    -0.352
 3     0.709     0.076     0.700
 4   105.001     5.224    -1.216
 4     0.503    -0.564     0.654
 4     0.523     0.801     0.288
 4    -0.687     0.197     0.699
 5   129.878    10.754    -3.472
 5     0.880     0.273    -0.389
 5    -0.069    -0.737    -0.673
 5    -0.470     0.619    -0.630
 6   149.132     7.263   -20.373
 6     0.884     0.300     0.358
 6    -0.280     0.954    -0.109
 6    -0.374    -0.004     0.927
 7   105.912   -18.461    -0.482
 7     0.375     0.275     0.885
 7    -0.190     0.957    -0.217
 7    -0.907    -0.087     0.411
 8   125.522   -21.367   -12.887
 8     0.501    -0.600    -0.623
 8     0.105    -0.672     0.733
 8    -0.859    -0.433    -0.274
 9   128.927   -17.585   -43.284
 9     0.501     0.029     0.865
 9    -0.015     0.999    -0.026
 9    -0.865     0.000     0.502
 2    96.206   -22.744    60.085
 2    -0.015    -1.000    -0.013
 2     0.979    -0.017     0.200
 2    -0.200    -0.010     0.980
 3   123.344    -4.913     3.827
 3     0.665    -0.414    -0.621
 3     0.240     0.906    -0.348
 3     0.707     0.082     0.702
 4   104.864     5.167    -1.252
 4     0.500    -0.563     0.658
 4     0.521     0.802     0.290
 4    -0.691     0.197     0.695
 5   129.732    10.564    -3.797
 5     0.875     0.277    -0.397
 5    -0.072    -0.736    -0.672
 5    -0.479     0.617    -0.624
 6   148.758     6.921   -20.999
 6     0.878     0.303     0.369
 6    -0.282     0.953    -0.112
 6    -0.385    -0.006     0.923
 7   105.300   -18.203    -0.648
 7     0.341     0.282     0.896
 7    -0.174     0.956    -0.235
 7    -0.924    -0.075     0.376
 8   123.879   -21.426   -14.197
 8     0.452    -0.641    -0.620
 8     0.105    -0.652     0.750
 8    -0.886    -0.404    -0.228
 9   125.989   -17.480   -44.882
 9     0.444     0.028     0.895
 9    -0.016     0.999    -0.024
 9    -0.896    -0.004     0.445
 2    96.206   -22.694    60.085
 2    -0.015    -1.000    -0.013
 2     0.979    -0.017     0.200
 2    -0.200    -0.010     0.980
 3   123.220    -5.046     3.654
 3     0.670    -0.400    -0.625
 3     0.228     0.912    -0.339
 3     0.706     0.084     0.703
 4   104.723     5.083    -1.235
 4     0.498    -0.558     0.663
 4     0.517     0.805     0.289
 4    -0.696     0.199     0.690
 5   129.638    10.476    -4.025
 5     0.870     0.281    -0.405
 5    -0.075    -0.737    -0.672
 5    -0.487     0.615    -0.620
 6   148.415     6.707   -21.376
 6     0.873     0.306     0.378
 6    -0.286     0.952    -0.112
 6    -0.394    -0.010     0.919
 7   104.789   -17.932    -0.747
 7     0.315     0.290     0.903
 7    -0.161     0.954    -0.250
 7    -0.935    -0.066     0.348
 8   122.607   -21.520   -14.990
 8     0.417    -0.672    -0.612
 8     0.101    -0.634     0.766
 8    -0.903    -0.381    -0.197
 9   123.474   -17.892   -45.743
 9     0.403     0.044     0.914
 9    -0.023     0.999    -0.038
 9    -0.915    -0.006     0.404
 2    96.206   -22.694    60.085
 2    -0.015    -1.000    -0.013
 2     0.979    -0.017     0.199
 2    -0.200    -0.010     0.980
 3   123.098    -5.204     3.484
 3     0.673    -0.384    -0.631
 3     0.220     0.920    -0.324
 3     0.705     0.079     0.704
 4   104.608     5.026    -1.218
 4     0.494    -0.556     0.668
 4     0.514     0.807     0.291
 4    -0.701     0.199     0.684
 5   129.385    10.178    -4.391
 5     0.863     0.286    -0.416
 5    -0.080    -0.736    -0.672
 5    -0.499     0.613    -0.613
 6   147.962     6.285   -21.965
 6     0.865     0.312     0.391
 6    -0.291     0.950    -0.115
 6    -0.408    -0.015     0.913
 7   104.144   -17.645    -0.751
 7     0.284     0.304     0.909
 7    -0.148     0.951    -0.272
 7    -0.947    -0.057     0.315
 8   121.120   -21.981   -15.835
 8     0.376    -0.713    -0.592
 8     0.091    -0.608     0.789
 8    -0.922    -0.350    -0.163
 9   120.696   -18.191   -46.731
 9     0.353     0.070     0.933
 9    -0.032     0.997    -0.063
 9    -0.935    -0.007     0.354
 2    96.206   -22.694    60.085
 2    -0.015    -1.000    -0.013
 2     0.979    -0.017     0.199
 2    -0.200    -0.010     0.980
 3   123.112    -5.462     3.285
 3     0.677    -0.358    -0.643
 3     0.209     0.931    -0.298
 3     0.706     0.067     0.705
 4   104.659     4.974    -1.268
 4     0.496    -0.554     0.669
 4     0.512     0.808     0.289
 4    -0.701     0.199     0.685
 5   129.435     9.947    -4.487
 5     0.862     0.284    -0.420
 5    -0.084    -0.737    -0.671
 5    -0.500     0.614    -0.611
 6   147.986     6.131   -22.037
 6     0.864     0.313     0.392
 6    -0.293     0.949    -0.114
 6    -0.409    -0.016     0.912
 7   103.341   -17.304    -0.396
 7     0.237     0.327     0.914
 7    -0.128     0.944    -0.305
 7    -0.963    -0.045     0.266
 8   118.833   -22.060   -16.604
 8     0.310    -0.756    -0.576
 8     0.087    -0.581     0.809
 8    -0.947    -0.301    -0.114
 9   116.082   -18.300   -47.511
 9     0.275     0.086     0.957
 9    -0.040     0.996    -0.079
 9    -0.961    -0.017     0.277
 2    96.206   -22.694    60.085
 2    -0.015    -1.000    -0.013
 2     0.979    -0.017     0.199
 2    -0.200    -0.010     0.980
 3   123.056    -5.615     3.213
 3     0.675    -0.313    -0.669
 3     0.187     0.948    -0.255
 3     0.714     0.047     0.698
 4   104.946     5.035    -1.306
 4     0.512    -0.540     0.667
 4     0.510     0.817     0.268
 4    -0.690     0.203     0.694
 5   129.822     9.604    -4.166
 5     0.868     0.267    -0.417
 5    -0.094    -0.738    -0.668
 5    -0.487     0.620    -0.616
 6   148.525     5.614   -21.470
 6     0.870     0.315     0.379
 6    -0.297     0.949    -0.107
 6    -0.394    -0.020     0.919
 7   102.488   -16.902    -0.202
 7     0.181     0.353     0.918
 7    -0.107     0.935    -0.339
 7    -0.978    -0.037     0.207
 8   116.452   -21.912   -17.454
 8     0.238    -0.794    -0.560
 8     0.090    -0.556     0.826
 8    -0.967    -0.247    -0.061
 9   111.949   -17.987   -48.119
 9     0.198     0.083     0.976
 9    -0.035     0.996    -0.078
 9    -0.979    -0.019     0.200
 2    96.206   -22.694    60.110
 2    -0.015    -1.000    -0.012
 2     0.979    -0.017     0.199
 2    -0.200    -0.009     0.980
 3   122.908    -5.647     2.977
 3     0.676    -0.275    -0.684
 3     0.165     0.961    -0.223
 3     0.718     0.037     0.695
 4   105.007     5.167    -1.278
 4     0.518    -0.530     0.671
 4     0.512     0.821     0.253
 4    -0.685     0.213     0.697
 5   129.912     9.661    -3.956
 5     0.871     0.260    -0.416
 5    -0.097    -0.740    -0.665
 5    -0.481     0.620    -0.620
 6   148.788     5.595   -21.160
 6     0.873     0.313     0.373
 6    -0.295     0.949    -0.107
 6    -0.388    -0.017     0.921
 7   101.909   -16.686    -0.085
 7     0.150     0.360     0.920
 7    -0.091     0.932    -0.350
 7    -0.984    -0.031     0.173
 8   114.964   -21.548   -17.855
 8     0.196    -0.804    -0.561
 8     0.096    -0.553     0.827
 8    -0.976    -0.216    -0.031
 9   109.862   -17.600   -48.103
 9     0.166     0.071     0.983
 9    -0.031     0.997    -0.067
 9    -0.986    -0.020     0.168
 2    96.256   -22.694    60.085
 2    -0.015    -1.000    -0.012
 2     0.980    -0.017     0.199
 2    -0.200    -0.009     0.980
 3   122.734    -5.648     2.985
 3     0.676    -0.266    -0.687
 3     0.166     0.963    -0.209
 3     0.717     0.027     0.696
 4   104.587     5.213    -1.212
 4     0.509    -0.534     0.675
 4     0.513     0.818     0.259
 4    -0.690     0.214     0.691
 5   129.589     9.648    -4.107
 5     0.866     0.264    -0.424
 5    -0.098    -0.742    -0.663
 5    -0.490     0.616    -0.617
 6   148.290     5.610   -21.409
 6     0.869     0.312     0.383
 6    -0.293     0.950    -0.108
 6    -0.398    -0.018     0.917
 7   101.660   -16.543    -0.083
 7     0.140     0.354     0.924
 7    -0.083     0.935    -0.345
 7    -0.986    -0.029     0.161
 8   114.653   -21.377   -18.035
 8     0.187    -0.807    -0.560
 8     0.098    -0.552     0.828
 8    -0.977    -0.210    -0.024
 9   109.394   -17.481   -48.218
 9     0.159     0.071     0.984
 9    -0.029     0.997    -0.068
 9    -0.987    -0.018     0.161
 2    96.256   -22.744    60.085
 2    -0.015    -1.000    -0.012
 2     0.980    -0.017     0.199
 2    -0.200    -0.009     0.980
 3   122.674    -5.573     2.948
 3     0.678    -0.268    -0.684
 3     0.172     0.963    -0.207
 3     0.714     0.022     0.699
 4   104.362     5.154    -1.158
 4     0.499    -0.543     0.675
 4     0.514     0.813     0.273
 4    -0.698     0.210     0.685
 5   129.025     9.666    -4.690
 5     0.851     0.282    -0.442
 5    -0.097    -0.743    -0.662
 5    -0.515     0.607    -0.605
 6   147.205     5.444   -22.944
 6     0.851     0.313     0.420
 6    -0.293     0.949    -0.115
 6    -0.435    -0.026     0.900
 7   101.573   -16.532    -0.088
 7     0.133     0.351     0.927
 7    -0.081     0.936    -0.343
 7    -0.988    -0.030     0.153
 8   114.241   -21.390   -18.026
 8     0.175    -0.808    -0.563
