% Calibrated with leiden_pols
% Positions are in centimeters
Data =[
 2    96.256   -22.744    60.085
 2    -0.015    -1.000    -0.012
 2     0.980    -0.017     0.199
 2    -0.200    -0.009     0.980
 3   126.061    -4.040     7.950
 3     0.557    -0.308    -0.771
 3     0.313     0.938    -0.149
 3     0.769    -0.159     0.619
 4   109.515     9.309     1.471
 4     0.494    -0.701     0.514
 4     0.791     0.607     0.068
 4    -0.360     0.374     0.855
 5   125.302    24.818    18.397
 5     0.864    -0.268     0.426
 5     0.233    -0.536    -0.811
 5     0.446     0.800    -0.401
 6   138.412     1.249    22.117
 6     0.198     0.979    -0.031
 6    -0.896     0.194     0.400
 6     0.398    -0.052     0.916
 7   112.263   -22.551     3.009
 7     0.698     0.464     0.545
 7    -0.600     0.795     0.090
 7    -0.392    -0.390     0.833
 8   128.941   -33.544    18.679
 8     0.908     0.205     0.364
 8    -0.203    -0.544     0.814
 8     0.365    -0.814    -0.452
 9   138.704    -7.795    21.761
 9     0.227    -0.965     0.132
 9     0.789     0.103    -0.605
 9     0.570     0.241     0.785
 2    96.256   -22.744    60.085
 2    -0.014    -1.000    -0.012
 2     0.980    -0.017     0.199
 2    -0.200    -0.009     0.980
 3   126.011    -4.040     7.950
 3     0.557    -0.310    -0.771
 3     0.314     0.937    -0.150
 3     0.769    -0.159     0.619
 4   109.513     9.308     1.475
 4     0.493    -0.702     0.514
 4     0.791     0.607     0.069
 4    -0.361     0.372     0.855
 5   125.249    24.817    18.349
 5     0.864    -0.267     0.426
 5     0.234    -0.537    -0.810
 5     0.445     0.800    -0.402
 6   138.409     1.274    22.120
 6     0.199     0.979    -0.031
 6    -0.896     0.195     0.400
 6     0.397    -0.052     0.916
 7   112.187   -22.551     3.008
 7     0.698     0.464     0.545
 7    -0.599     0.795     0.090
 7    -0.392    -0.390     0.833
 8   128.890   -33.494    18.733
 8     0.909     0.204     0.364
 8    -0.203    -0.545     0.813
 8     0.364    -0.813    -0.453
 9   138.698    -7.823    21.691
 9     0.229    -0.964     0.133
 9     0.791     0.104    -0.603
 9     0.568     0.243     0.786
 2    96.206   -22.694    60.085
 2    -0.014    -1.000    -0.012
 2     0.979    -0.017     0.199
 2    -0.200    -0.009     0.980
 3   125.956    -4.016     8.004
 3     0.557    -0.312    -0.769
 3     0.314     0.937    -0.152
 3     0.768    -0.157     0.620
 4   109.324     9.302     1.545
 4     0.490    -0.705     0.513
 4     0.791     0.606     0.078
 4    -0.367     0.368     0.854
 5   125.113    24.833    18.379
 5     0.869    -0.249     0.427
 5     0.240    -0.544    -0.804
 5     0.433     0.801    -0.413
 6   138.401     1.316    21.363
 6     0.210     0.977    -0.013
 6    -0.901     0.199     0.386
 6     0.380    -0.070     0.922
 7   112.182   -22.503     3.014
 7     0.697     0.464     0.546
 7    -0.599     0.796     0.088
 7    -0.394    -0.388     0.833
 8   128.693   -33.605    18.688
 8     0.912     0.176     0.369
 8    -0.214    -0.562     0.799
 8     0.348    -0.808    -0.475
 9   138.626    -8.309    20.783
 9     0.253    -0.956     0.146
 9     0.802     0.122    -0.585
 9     0.541     0.265     0.798
 2    96.206   -22.694    60.111
 2    -0.015    -1.000    -0.013
 2     0.979    -0.017     0.199
 2    -0.200    -0.010     0.980
 3   125.922    -4.044     7.910
 3     0.561    -0.315    -0.766
 3     0.314     0.937    -0.156
 3     0.766    -0.153     0.624
 4   109.185     9.246     1.512
 4     0.486    -0.706     0.514
 4     0.790     0.607     0.086
 4    -0.373     0.365     0.853
 5   125.147    24.966    18.138
 5     0.878    -0.222     0.424
 5     0.247    -0.549    -0.799
 5     0.410     0.806    -0.427
 6   138.464     1.611    20.663
 6     0.222     0.975     0.008
 6    -0.906     0.203     0.372
 6     0.361    -0.091     0.928
 7   112.077   -22.455     3.021
 7     0.695     0.465     0.547
 7    -0.599     0.796     0.084
 7    -0.396    -0.386     0.833
 8   128.504   -33.791    18.787
 8     0.913     0.148     0.378
 8    -0.229    -0.580     0.781
 8     0.335    -0.801    -0.496
 9   138.879    -8.396    19.597
 9     0.278    -0.946     0.167
 9     0.817     0.141    -0.559
 9     0.505     0.292     0.812
 2    96.206   -22.694    60.085
 2    -0.015    -1.000    -0.013
 2     0.979    -0.017     0.199
 2    -0.200    -0.010     0.979
 3   125.913    -4.022     8.018
 3     0.565    -0.319    -0.761
 3     0.312     0.936    -0.160
 3     0.764    -0.147     0.628
 4   109.237     9.299     1.637
 4     0.484    -0.709     0.513
 4     0.792     0.604     0.088
 4    -0.372     0.364     0.854
 5   125.149    25.024    18.323
 5     0.886    -0.187     0.424
 5     0.256    -0.566    -0.783
 5     0.386     0.803    -0.454
 6   138.765     2.039    19.291
 6     0.242     0.969     0.047
 6    -0.918     0.213     0.334
 6     0.314    -0.124     0.941
 7   112.078   -22.454     3.067
 7     0.697     0.466     0.545
 7    -0.599     0.797     0.084
 7    -0.395    -0.385     0.834
 8   128.190   -33.928    19.033
 8     0.914     0.104     0.391
 8    -0.252    -0.611     0.750
 8     0.317    -0.785    -0.532
 9   138.736    -8.985    18.397
 9     0.313    -0.931     0.188
 9     0.837     0.177    -0.518
 9     0.449     0.319     0.834
 2    96.206   -22.694    60.085
 2    -0.015    -1.000    -0.012
 2     0.979    -0.017     0.199
 2    -0.200    -0.009     0.980
 3   125.892    -3.979     8.090
 3     0.571    -0.323    -0.754
 3     0.311     0.936    -0.165
 3     0.759    -0.141     0.635
 4   109.241     9.430     1.754
 4     0.481    -0.711     0.512
 4     0.795     0.600     0.086
 4    -0.369     0.366     0.854
 5   125.407    25.136    18.347
 5     0.893    -0.154     0.422
 5     0.263    -0.584    -0.768
 5     0.364     0.797    -0.481
 6   138.881     2.187    18.179
 6     0.250     0.965     0.077
 6    -0.929     0.216     0.300
 6     0.273    -0.147     0.950
 7   112.246   -22.494     3.266
 7     0.702     0.468     0.536
 7    -0.599     0.796     0.089
 7    -0.386    -0.384     0.839
 8   127.915   -34.292    19.307
 8     0.909     0.062     0.411
 8    -0.282    -0.634     0.720
 8     0.306    -0.771    -0.559
 9   138.868   -10.057    17.228
 9     0.346    -0.915     0.207
 9     0.853     0.215    -0.475
 9     0.390     0.341     0.855
 2    96.206   -22.694    60.085
 2    -0.015    -1.000    -0.013
 2     0.979    -0.017     0.199
 2    -0.200    -0.010     0.980
 3   125.900    -3.882     8.183
 3     0.576    -0.329    -0.749
 3     0.314     0.934    -0.169
 3     0.755    -0.138     0.641
 4   109.371     9.485     1.896
 4     0.479    -0.713     0.512
 4     0.798     0.597     0.084
 4    -0.366     0.368     0.854
 5   125.371    25.124    18.558
 5     0.899    -0.119     0.421
 5     0.269    -0.609    -0.746
 5     0.345     0.784    -0.516
 6   138.926     2.627    17.041
 6     0.267     0.958     0.105
 6    -0.940     0.235     0.248
 6     0.213    -0.166     0.963
 7   112.389   -22.536     3.417
 7     0.707     0.467     0.531
 7    -0.598     0.796     0.096
 7    -0.378    -0.386     0.842
 8   127.604   -34.709    19.623
 8     0.905     0.018     0.425
 8    -0.312    -0.654     0.689
 8     0.290    -0.756    -0.586
 9   138.835   -10.878    15.948
 9     0.372    -0.899     0.231
 9     0.870     0.250    -0.425
 9     0.324     0.359     0.875
 2    96.206   -22.694    60.085
 2    -0.015    -1.000    -0.013
 2     0.979    -0.017     0.199
 2    -0.200    -0.010     0.980
 3   125.926    -3.863     8.260
 3     0.581    -0.334    -0.742
 3     0.317     0.932    -0.172
 3     0.749    -0.136     0.648
 4   109.371     9.485     1.922
 4     0.478    -0.714     0.512
 4     0.798     0.596     0.086
 4    -0.366     0.367     0.855
 5   125.483    25.032    18.682
 5     0.907    -0.067     0.416
 5     0.278    -0.646    -0.711
 5     0.317     0.760    -0.567
