% Calibrated with leiden_pols
% Positions are in centimeters
Data =[
 2    96.256   -22.744    60.085
 2    -0.015    -1.000    -0.012
 2     0.980    -0.017     0.199
 2    -0.200    -0.009     0.980
 3   126.061    -4.040     7.950
 3     0.557    -0.308    -0.771
 3     0.313     0.938    -0.149
 3     0.769    -0.159     0.619
 4   109.515     9.309     1.471
 4     0.494    -0.701     0.514
 4     0.791     0.607     0.068
 4    -0.360     0.374     0.855
 5   125.302    24.818    18.397
 5     0.864    -0.268     0.426
 5     0.233    -0.536    -0.811
 5     0.446     0.800    -0.401
 6   138.412     1.249    22.117
 6     0.198     0.979    -0.031
 6    -0.896     0.194     0.400
 6     0.398    -0.052     0.916
 7   112.263   -22.551     3.009
 7     0.698     0.464     0.545
 7    -0.600     0.795     0.090
 7    -0.392    -0.390     0.833
 8   128.941   -33.544    18.679
 8     0.908     0.205     0.364
 8    -0.203    -0.544     0.814
 8     0.365    -0.814    -0.452
 9   138.704    -7.795    21.761
 9     0.227    -0.965     0.132
 9     0.789     0.103    -0.605
 9     0.570     0.241     0.785
 2    96.256   -22.744    60.085
 2    -0.014    -1.000    -0.012
 2     0.980    -0.017     0.199
 2    -0.200    -0.009     0.980
 3   126.011    -4.040     7.950
 3     0.557    -0.310    -0.771
 3     0.314     0.937    -0.150
 3     0.769    -0.159     0.619
 4   109.513     9.308     1.475
 4     0.493    -0.702     0.514
 4     0.791     0.607     0.069
 4    -0.361     0.372     0.855
 5   125.249    24.817    18.349
 5     0.864    -0.267     0.426
 5     0.234    -0.537    -0.810
 5     0.445     0.800    -0.402
 6   138.409     1.274    22.120
 6     0.199     0.979    -0.031
 6    -0.896     0.195     0.400
 6     0.397    -0.052     0.916
 7   112.187   -22.551     3.008
 7     0.698     0.464     0.545
 7    -0.599     0.795     0.090
 7    -0.392    -0.390     0.833
 8   128.890   -33.494    18.733
 8     0.909     0.204     0.364
 8    -0.203    -0.545     0.813
 8     0.364    -0.813    -0.453
 9   138.698    -7.823    21.691
 9     0.229    -0.964     0.133
 9     0.791     0.104    -0.603
 9     0.568     0.243     0.786
 2    96.206   -22.694    60.085
 2    -0.014    -1.000    -0.012
 2     0.979    -0.017     0.199
 2    -0.200    -0.009     0.980
 3   125.956    -4.016     8.004
 3     0.557    -0.312    -0.769
 3     0.314     0.937    -0.152
 3     0.768    -0.157     0.620
 4   109.324     9.302     1.545
 4     0.490    -0.705     0.513
 4     0.791     0.606     0.078
 4    -0.367     0.368     0.854
 5   125.113    24.833    18.379
 5     0.869    -0.249     0.427
 5     0.240    -0.544    -0.804
 5     0.433     0.801    -0.413
 6   138.401     1.316    21.363
 6     0.210     0.977    -0.013
 6    -0.901     0.199     0.386
 6     0.380    -0.070     0.922
 7   112.182   -22.503     3.014
 7     0.697     0.464     0.546
 7    -0.599     0.796     0.088
 7    -0.394    -0.388     0.833
 8   128.693   -33.605    18.688
 8     0.912     0.176     0.369
 8    -0.214    -0.562     0.799
 8     0.348    -0.808    -0.475
 9   138.626    -8.309    20.783
 9     0.253    -0.956     0.146
 9     0.802     0.122    -0.585
 9     0.541     0.265     0.798
 2    96.206   -22.694    60.111
 2    -0.015    -1.000    -0.013
 2     0.979    -0.017     0.199
 2    -0.200    -0.010     0.980
 3   125.922    -4.044     7.910
 3     0.561    -0.315    -0.766
 3     0.314     0.937    -0.156
 3     0.766    -0.153     0.624
 4   109.185     9.246     1.512
 4     0.486    -0.706     0.514
 4     0.790     0.607     0.086
 4    -0.373     0.365     0.853
 5   125.147    24.966    18.138
 5     0.878    -0.222     0.424
 5     0.247    -0.549    -0.799
 5     0.410     0.806    -0.427
 6   138.464     1.611    20.663
 6     0.222     0.975     0.008
 6    -0.906     0.203     0.372
 6     0.361    -0.091     0.928
 7   112.077   -22.455     3.021
 7     0.695     0.465     0.547
 7    -0.599     0.796     0.084
 7    -0.396    -0.386     0.833
 8   128.504   -33.791    18.787
 8     0.913     0.148     0.378
 8    -0.229    -0.580     0.781
 8     0.335    -0.801    -0.496
 9   138.879    -8.396    19.597
 9     0.278    -0.946     0.167
 9     0.817     0.141    -0.559
 9     0.505     0.292     0.812
 2    96.206   -22.694    60.085
 2    -0.015    -1.000    -0.013
 2     0.979    -0.017     0.199
 2    -0.200    -0.010     0.979
 3   125.913    -4.022     8.018
 3     0.565    -0.319    -0.761
 3     0.312     0.936    -0.160
 3     0.764    -0.147     0.628
 4   109.237     9.299     1.637
 4     0.484    -0.709     0.513
 4     0.792     0.604     0.088
 4    -0.372     0.364     0.854
 5   125.149    25.024    18.323
 5     0.886    -0.187     0.424
 5     0.256    -0.566    -0.783
 5     0.386     0.803    -0.454
 6   138.765     2.039    19.291
 6     0.242     0.969     0.047
 6    -0.918     0.213     0.334
 6     0.314    -0.124     0.941
 7   112.078   -22.454     3.067
 7     0.697     0.466     0.545
 7    -0.599     0.797     0.084
 7    -0.395    -0.385     0.834
 8   128.190   -33.928    19.033
 8     0.914     0.104     0.391
 8    -0.252    -0.611     0.750
 8     0.317    -0.785    -0.532
 9   138.736    -8.985    18.397
 9     0.313    -0.931     0.188
 9     0.837     0.177    -0.518
 9     0.449     0.319     0.834
 2    96.206   -22.694    60.085
 2    -0.015    -1.000    -0.012
 2     0.979    -0.017     0.199
 2    -0.200    -0.009     0.980
 3   125.892    -3.979     8.090
 3     0.571    -0.323    -0.754
 3     0.311     0.936    -0.165
 3     0.759    -0.141     0.635
 4   109.241     9.430     1.754
 4     0.481    -0.711     0.512
 4     0.795     0.600     0.086
 4    -0.369     0.366     0.854
 5   125.407    25.136    18.347
 5     0.893    -0.154     0.422
 5     0.263    -0.584    -0.768
 5     0.364     0.797    -0.481
 6   138.881     2.187    18.179
 6     0.250     0.965     0.077
 6    -0.929     0.216     0.300
 6     0.273    -0.147     0.950
 7   112.246   -22.494     3.266
 7     0.702     0.468     0.536
 7    -0.599     0.796     0.089
 7    -0.386    -0.384     0.839
 8   127.915   -34.292    19.307
 8     0.909     0.062     0.411
 8    -0.282    -0.634     0.720
 8     0.306    -0.771    -0.559
 9   138.868   -10.057    17.228
 9     0.346    -0.915     0.207
 9     0.853     0.215    -0.475
 9     0.390     0.341     0.855
 2    96.206   -22.694    60.085
 2    -0.015    -1.000    -0.013
 2     0.979    -0.017     0.199
 2    -0.200    -0.010     0.980
 3   125.900    -3.882     8.183
 3     0.576    -0.329    -0.749
 3     0.314     0.934    -0.169
 3     0.755    -0.138     0.641
 4   109.371     9.485     1.896
 4     0.479    -0.713     0.512
 4     0.798     0.597     0.084
 4    -0.366     0.368     0.854
 5   125.371    25.124    18.558
 5     0.899    -0.119     0.421
 5     0.269    -0.609    -0.746
 5     0.345     0.784    -0.516
 6   138.926     2.627    17.041
 6     0.267     0.958     0.105
 6    -0.940     0.235     0.248
 6     0.213    -0.166     0.963
 7   112.389   -22.536     3.417
 7     0.707     0.467     0.531
 7    -0.598     0.796     0.096
 7    -0.378    -0.386     0.842
 8   127.604   -34.709    19.623
 8     0.905     0.018     0.425
 8    -0.312    -0.654     0.689
 8     0.290    -0.756    -0.586
 9   138.835   -10.878    15.948
 9     0.372    -0.899     0.231
 9     0.870     0.250    -0.425
 9     0.324     0.359     0.875
 2    96.206   -22.694    60.085
 2    -0.015    -1.000    -0.013
 2     0.979    -0.017     0.199
 2    -0.200    -0.010     0.980
 3   125.926    -3.863     8.260
 3     0.581    -0.334    -0.742
 3     0.317     0.932    -0.172
 3     0.749    -0.136     0.648
 4   109.371     9.485     1.922
 4     0.478    -0.714     0.512
 4     0.798     0.596     0.086
 4    -0.366     0.367     0.855
 5   125.483    25.032    18.682
 5     0.907    -0.067     0.416
 5     0.278    -0.646    -0.711
 5     0.317     0.760    -0.567
 6   139.243     3.151    15.013
 6     0.288     0.946     0.147
 6    -0.949     0.261     0.175
 6     0.127    -0.190     0.973
 7   112.594   -22.547     3.631
 7     0.712     0.467     0.524
 7    -0.599     0.793     0.108
 7    -0.365    -0.391     0.845
 8   127.161   -34.937    20.610
 8     0.892    -0.055     0.448
 8    -0.353    -0.703     0.617
 8     0.281    -0.709    -0.647
 9   138.965   -12.515    13.898
 9     0.419    -0.874     0.247
 9     0.885     0.333    -0.325
 9     0.201     0.354     0.913
 2    96.206   -22.694    60.085
 2    -0.015    -1.000    -0.013
 2     0.979    -0.017     0.199
 2    -0.200    -0.010     0.979
 3   126.010    -3.765     8.226
 3     0.585    -0.340    -0.737
 3     0.321     0.931    -0.174
 3     0.745    -0.135     0.653
 4   109.356     9.582     1.991
 4     0.473    -0.717     0.512
 4     0.798     0.594     0.094
 4    -0.372     0.364     0.854
 5   125.425    24.917    19.003
 5     0.911    -0.018     0.412
 5     0.292    -0.678    -0.675
 5     0.291     0.735    -0.612
 6   139.147     3.775    13.647
 6     0.301     0.937     0.176
 6    -0.953     0.286     0.104
 6     0.047    -0.199     0.979
 7   112.764   -22.575     3.898
 7     0.722     0.466     0.511
 7    -0.600     0.790     0.126
 7    -0.345    -0.398     0.850
 8   126.704   -34.700    21.446
 8     0.883    -0.115     0.455
 8    -0.379    -0.747     0.546
 8     0.278    -0.655    -0.703
 9   138.863   -13.625    12.214
 9     0.436    -0.865     0.247
 9     0.895     0.389    -0.218
 9     0.092     0.316     0.944
 2    96.206   -22.694    60.034
 2    -0.015    -1.000    -0.012
 2     0.979    -0.017     0.200
 2    -0.200    -0.009     0.979
 3   125.942    -3.641     8.242
 3     0.587    -0.347    -0.731
 3     0.326     0.928    -0.179
 3     0.741    -0.133     0.658
 4   109.221     9.581     2.107
 4     0.463    -0.727     0.506
 4     0.802     0.586     0.108
 4    -0.376     0.356     0.855
 5   125.219    25.011    19.117
 5     0.910     0.036     0.412
 5     0.317    -0.703    -0.637
 5     0.266     0.710    -0.651
 6   139.137     4.725    11.914
 6     0.315     0.926     0.208
 6    -0.948     0.316     0.029
 6    -0.039    -0.206     0.978
 7   112.892   -22.612     3.988
 7     0.728     0.462     0.505
 7    -0.598     0.788     0.142
 7    -0.333    -0.406     0.851
 8   126.593   -34.148    22.556
 8     0.872    -0.169     0.460
 8    -0.399    -0.789     0.466
 8     0.284    -0.590    -0.755
 9   138.842   -15.307    10.658
 9     0.447    -0.864     0.230
 9     0.894     0.441    -0.080
 9    -0.033     0.241     0.970
 2    96.206   -22.694    60.085
 2    -0.015    -1.000    -0.013
 2     0.979    -0.017     0.199
 2    -0.200    -0.009     0.979
 3   125.975    -3.594     8.181
 3     0.590    -0.356    -0.725
 3     0.329     0.925    -0.187
 3     0.737    -0.128     0.663
 4   109.100     9.625     2.372
 4     0.449    -0.746     0.492
 4     0.816     0.566     0.112
 4    -0.362     0.351     0.863
 5   124.652    24.797    19.902
 5     0.902     0.091     0.421
 5     0.345    -0.739    -0.578
 5     0.259     0.667    -0.698
 6   139.003     6.549    10.815
 6     0.339     0.925     0.168
 6    -0.927     0.359    -0.110
 6    -0.162    -0.119     0.979
 7   113.154   -22.541     4.120
 7     0.738     0.454     0.499
 7    -0.595     0.786     0.164
 7    -0.318    -0.419     0.851
 8   126.387   -33.181    23.951
 8     0.857    -0.236     0.458
 8    -0.421    -0.833     0.359
 8     0.297    -0.501    -0.813
 9   138.712   -17.180     9.582
 9     0.456    -0.868     0.196
 9     0.873     0.479     0.087
 9    -0.170     0.131     0.976
 2    96.206   -22.694    60.085
 2    -0.015    -1.000    -0.013
 2     0.979    -0.017     0.199
 2    -0.200    -0.010     0.979
 3   125.957    -3.317     8.087
 3     0.592    -0.372    -0.715
 3     0.333     0.921    -0.203
 3     0.734    -0.118     0.669
 4   108.954     9.748     2.501
 4     0.436    -0.760     0.482
 4     0.831     0.546     0.109
 4    -0.346     0.353     0.869
 5   124.167    24.695    20.554
 5     0.892     0.134     0.432
 5     0.367    -0.772    -0.518
 5     0.264     0.621    -0.738
 6   139.034     7.580    10.611
 6     0.353     0.932     0.072
 6    -0.894     0.359    -0.268
 6    -0.276     0.030     0.961
 7   113.311   -22.475     4.183
 7     0.745     0.447     0.493
 7    -0.593     0.784     0.184
 7    -0.305    -0.430     0.850
 8   126.425   -32.109    25.041
 8     0.848    -0.293     0.441
 8    -0.432    -0.866     0.254
 8     0.308    -0.406    -0.861
 9   138.306   -19.167     8.332
 9     0.457    -0.870     0.183
 9     0.831     0.491     0.260
 9    -0.317     0.033     0.948
 2    96.206   -22.694    60.085
 2    -0.015    -1.000    -0.012
 2     0.980    -0.017     0.199
 2    -0.200    -0.009     0.980
 3   125.942    -3.143     8.045
 3     0.595    -0.382    -0.707
 3     0.333     0.918    -0.215
 3     0.731    -0.108     0.673
 4   108.870     9.895     2.725
 4     0.431    -0.768     0.472
 4     0.841     0.532     0.097
 4    -0.327     0.355     0.876
 5   124.000    24.357    21.215
 5     0.888     0.152     0.433
 5     0.370    -0.796    -0.480
 5     0.272     0.587    -0.763
 6   139.210     8.419    10.637
 6     0.349     0.935    -0.054
 6    -0.863     0.299    -0.406
 6    -0.364     0.188     0.912
 7   113.378   -22.439     4.186
 7     0.751     0.441     0.490
 7    -0.589     0.784     0.196
 7    -0.298    -0.436     0.849
 8   126.710   -31.117    25.728
 8     0.847    -0.323     0.422
 8    -0.427    -0.886     0.180
 8     0.316    -0.333    -0.889
 9   137.811   -19.951     7.554
 9     0.431    -0.886     0.171
 9     0.795     0.463     0.390
 9    -0.425    -0.032     0.905
 2    96.206   -22.694    60.085
 2    -0.015    -1.000    -0.013
 2     0.979    -0.017     0.199
 2    -0.200    -0.009     0.979
 3   125.931    -3.019     7.974
 3     0.598    -0.387    -0.702
 3     0.332     0.916    -0.222
 3     0.729    -0.100     0.677
 4   108.809    10.014     2.875
 4     0.432    -0.772     0.466
 4     0.847     0.524     0.083
 4    -0.309     0.359     0.881
 5   123.994    24.009    21.595
 5     0.889     0.165     0.427
 5     0.368    -0.814    -0.450
 5     0.273     0.557    -0.785
 6   139.040     8.864    10.095
 6     0.327     0.921    -0.209
 6    -0.817     0.164    -0.553
 6    -0.475     0.352     0.806
 7   113.458   -22.281     4.174
 7     0.756     0.436     0.486
 7    -0.583     0.786     0.202
 7    -0.295    -0.437     0.850
 8   127.056   -29.662    26.410
 8     0.847    -0.353     0.396
 8    -0.419    -0.903     0.092
 8     0.325    -0.244    -0.914
 9   137.346   -21.779     6.883
 9     0.411    -0.891     0.194
 9     0.729     0.449     0.516
 9    -0.547    -0.071     0.834
 2    96.206   -22.694    60.085
 2    -0.015    -1.000    -0.013
 2     0.979    -0.017     0.199
 2    -0.200    -0.010     0.979
 3   125.921    -2.896     7.852
 3     0.602    -0.392    -0.696
 3     0.330     0.915    -0.230
 3     0.727    -0.091     0.680
 4   108.882    10.225     3.002
 4     0.434    -0.775     0.459
 4     0.858     0.511     0.052
 4    -0.275     0.371     0.887
 5   124.062    23.740    22.320
 5     0.890     0.184     0.417
 5     0.365    -0.838    -0.407
 5     0.275     0.514    -0.812
 6   138.838     9.892    10.278
 6     0.323     0.884    -0.338
 6    -0.740     0.013    -0.673
 6    -0.590     0.467     0.658
 7   113.600   -22.091     4.142
 7     0.766     0.429     0.478
 7    -0.575     0.790     0.212
 7    -0.286    -0.438     0.852
 8   127.565   -27.919    27.186
 8     0.851    -0.383     0.359
 8    -0.405    -0.914    -0.016
 8     0.335    -0.132    -0.933
 9   136.399   -23.440     6.709
 9     0.369    -0.908     0.200
 9     0.626     0.401     0.668
 9    -0.687    -0.122     0.716
 2    96.206   -22.694    60.085
 2    -0.015    -1.000    -0.012
 2     0.979    -0.017     0.199
 2    -0.200    -0.009     0.980
 3   125.865    -2.720     7.854
 3     0.603    -0.396    -0.692
 3     0.329     0.914    -0.237
 3     0.726    -0.085     0.682
 4   108.969    10.440     3.164
 4     0.439    -0.778     0.449
 4     0.867     0.498     0.015
 4    -0.235     0.383     0.893
 5   124.012    23.266    22.869
 5     0.891     0.194     0.409
 5     0.357    -0.857    -0.372
 5     0.278     0.477    -0.833
 6   138.399    10.313    10.291
 6     0.320     0.840    -0.438
 6    -0.663    -0.132    -0.737
 6    -0.677     0.526     0.515
 7   113.789   -21.898     4.102
 7     0.779     0.421     0.463
 7    -0.562     0.797     0.221
 7    -0.276    -0.433     0.858
 8   128.144   -26.075    27.852
 8     0.854    -0.401     0.330
 8    -0.386    -0.915    -0.112
 8     0.347    -0.032    -0.937
 9   135.726   -25.418     6.642
 9     0.324    -0.926     0.196
 9     0.512     0.346     0.786
 9    -0.795    -0.154     0.586
 2    96.206   -22.694    60.085
 2    -0.015    -1.000    -0.013
 2     0.979    -0.017     0.199
 2    -0.200    -0.009     0.979
 3   125.862    -2.593     7.749
 3     0.604    -0.401    -0.689
 3     0.328     0.912    -0.245
 3     0.726    -0.078     0.682
 4   109.033    10.647     3.305
 4     0.439    -0.783     0.441
 4     0.875     0.484    -0.011
 4    -0.205     0.391     0.897
 5   124.026    22.924    23.657
 5     0.892     0.199     0.404
 5     0.348    -0.875    -0.336
 5     0.287     0.440    -0.851
 6   137.956    10.878    10.647
 6     0.314     0.802    -0.508
 6    -0.588    -0.255    -0.767
 6    -0.745     0.539     0.392
 7   113.885   -21.818     4.016
 7     0.786     0.415     0.457
 7    -0.553     0.803     0.222
 7    -0.275    -0.428     0.861
 8   126.048   -25.084    26.003
 8     0.854    -0.419     0.309
 8    -0.378    -0.907    -0.184
 8     0.358     0.040    -0.933
 9   135.231   -27.177     6.943
 9     0.286    -0.942     0.173
 9     0.397     0.281     0.873
 9    -0.872    -0.182     0.455
 2    96.206   -22.694    60.085
 2    -0.015    -1.000    -0.013
 2     0.979    -0.017     0.200
 2    -0.200    -0.009     0.980
 3   125.918    -2.363     7.655
 3     0.603    -0.409    -0.685
 3     0.324     0.910    -0.258
 3     0.729    -0.066     0.681
 4   108.890    10.789     3.466
 4     0.435    -0.788     0.434
 4     0.880     0.474    -0.021
 4    -0.190     0.391     0.900
 5   123.796    22.472    24.165
 5     0.894     0.209     0.395
 5     0.342    -0.889    -0.304
 5     0.288     0.407    -0.867
 6   137.304    11.340    10.429
 6     0.306     0.780    -0.546
 6    -0.526    -0.339    -0.780
 6    -0.793     0.526     0.307
 7   113.951   -21.641     3.921
 7     0.789     0.410     0.457
 7    -0.548     0.807     0.221
 7    -0.278    -0.425     0.861
 8   126.205   -23.976    26.106
 8     0.849    -0.443     0.288
 8    -0.383    -0.892    -0.242
 8     0.364     0.095    -0.927
 9   134.224   -28.433     7.345
 9     0.252    -0.953     0.167
 9     0.298     0.240     0.923
 9    -0.921    -0.184     0.345
 2    96.206   -22.694    60.085
 2    -0.015    -1.000    -0.012
 2     0.979    -0.017     0.199
 2    -0.200    -0.009     0.980
 3   125.824    -2.033     7.485
 3     0.603    -0.414    -0.682
 3     0.317     0.909    -0.271
 3     0.732    -0.053     0.679
 4   108.784    11.079     3.591
 4     0.426    -0.797     0.428
 4     0.886     0.462    -0.023
 4    -0.180     0.389     0.903
 5   123.655    22.425    24.509
 5     0.894     0.224     0.387
 5     0.344    -0.897    -0.276
 5     0.285     0.380    -0.880
 6   136.852    12.146    10.141
 6     0.295     0.772    -0.563
 6    -0.477    -0.391    -0.787
 6    -0.828     0.500     0.253
 7   113.983   -21.314     3.704
 7     0.793     0.403     0.456
 7    -0.539     0.813     0.218
 7    -0.284    -0.419     0.863
 8   126.391   -23.294    26.142
 8     0.840    -0.482     0.249
 8    -0.405    -0.863    -0.302
 8     0.361     0.152    -0.920
 9   133.004   -30.901     7.468
 9     0.201    -0.962     0.185
 9     0.183     0.222     0.957
 9    -0.962    -0.159     0.221
 2    96.206   -22.694    60.085
 2    -0.015    -1.000    -0.013
 2     0.979    -0.017     0.199
 2    -0.200    -0.010     0.979
 3   125.825    -1.729     7.477
 3     0.603    -0.418    -0.680
 3     0.314     0.907    -0.279
 3     0.733    -0.045     0.678
 4   108.750    11.268     3.692
 4     0.418    -0.803     0.425
 4     0.892     0.451    -0.026
 4    -0.171     0.390     0.905
 5   123.640    22.174    24.775
 5     0.896     0.237     0.375
 5     0.343    -0.906    -0.247
 5     0.282     0.350    -0.893
 6   136.467    12.478     9.917
 6     0.289     0.751    -0.593
 6    -0.426    -0.454    -0.782
 6    -0.858     0.478     0.188
 7   114.075   -21.137     3.580
 7     0.795     0.401     0.454
 7    -0.535     0.818     0.214
 7    -0.286    -0.413     0.864
 8   126.517   -22.836    25.992
 8     0.832    -0.510     0.217
 8    -0.425    -0.839    -0.340
 8     0.356     0.191    -0.915
 9   131.880   -31.999     7.461
 9     0.158    -0.968     0.196
 9     0.123     0.216     0.968
 9    -0.980    -0.129     0.153
 2    96.206   -22.694    60.085
 2    -0.015    -1.000    -0.013
 2     0.979    -0.017     0.199
 2    -0.200    -0.010     0.979
 3   125.769    -1.606     7.299
 3     0.608    -0.418    -0.675
 3     0.307     0.908    -0.286
 3     0.732    -0.033     0.680
 4   108.645    11.404     3.790
 4     0.415    -0.805     0.422
 4     0.895     0.444    -0.034
 4    -0.161     0.392     0.906
 5   123.719    21.764    24.906
 5     0.899     0.245     0.362
 5     0.339    -0.913    -0.227
 5     0.275     0.327    -0.904
 6   136.259    12.779     9.874
 6     0.280     0.747    -0.603
 6    -0.397    -0.481    -0.781
 6    -0.874     0.458     0.162
 7   113.825   -20.972     3.384
 7     0.790     0.403     0.462
 7    -0.536     0.819     0.203
 7    -0.297    -0.408     0.863
 8   126.483   -22.969    25.844
 8     0.819    -0.544     0.183
 8    -0.456    -0.811    -0.367
 8     0.348     0.217    -0.912
 9   130.706   -33.416     7.475
 9     0.114    -0.974     0.195
 9     0.071     0.204     0.976
 9    -0.991    -0.098     0.092
 2    96.206   -22.694    60.085
 2    -0.015    -1.000    -0.013
 2     0.979    -0.017     0.199
 2    -0.200    -0.010     0.979
 3   125.723    -1.618     7.094
 3     0.620    -0.412    -0.668
 3     0.297     0.911    -0.286
 3     0.726    -0.021     0.687
 4   108.428    11.459     3.779
 4     0.413    -0.808     0.420
 4     0.897     0.440    -0.034
 4    -0.157     0.391     0.907
 5   123.440    21.717    25.023
 5     0.898     0.252     0.359
 5     0.343    -0.915    -0.214
 5     0.275     0.315    -0.908
 6   135.826    12.994     9.828
 6     0.283     0.732    -0.620
 6    -0.369    -0.513    -0.775
 6    -0.885     0.448     0.125
 7   113.459   -20.858     3.209
 7     0.781     0.410     0.470
 7    -0.544     0.817     0.191
 7    -0.305    -0.405     0.862
 8   126.126   -23.025    25.571
 8     0.806    -0.573     0.146
 8    -0.484    -0.781    -0.394
 8     0.340     0.247    -0.907
 9   129.677   -34.141     7.681
 9     0.076    -0.981     0.178
 9     0.025     0.180     0.983
 9    -0.997    -0.070     0.038
 2    96.206   -22.694    60.085
 2    -0.015    -1.000    -0.013
 2     0.979    -0.017     0.200
 2    -0.200    -0.010     0.979
 3   125.457    -1.533     6.838
 3     0.634    -0.407    -0.657
 3     0.295     0.913    -0.281
 3     0.714    -0.015     0.699
 4   107.932    11.531     3.753
 4     0.397    -0.818     0.415
 4     0.903     0.429    -0.017
 4    -0.165     0.381     0.909
 5   122.841    21.823    25.023
 5     0.893     0.278     0.354
 5     0.361    -0.912    -0.194
 5     0.269     0.301    -0.915
 6   135.115    13.761     9.379
 6     0.280     0.730    -0.624
 6    -0.339    -0.533    -0.775
 6    -0.898     0.428     0.099
 7   113.056   -20.867     3.071
 7     0.773     0.420     0.474
 7    -0.554     0.812     0.183
 7    -0.308    -0.405     0.861
 8   125.982   -23.190    25.564
 8     0.796    -0.592     0.128
 8    -0.501    -0.762    -0.410
 8     0.340     0.262    -0.903
 9   129.189   -34.847     7.894
 9     0.056    -0.982     0.181
 9     0.000     0.181     0.983
 9    -0.998    -0.055     0.010
 2    96.206   -22.694    60.085
 2    -0.015    -1.000    -0.013
 2     0.979    -0.017     0.199
 2    -0.200    -0.010     0.979
 3   125.295    -1.472     6.528
 3     0.648    -0.403    -0.646
 3     0.294     0.915    -0.276
 3     0.703    -0.011     0.711
 4   107.639    11.503     3.743
 4     0.385    -0.823     0.416
 4     0.906     0.422    -0.006
 4    -0.171     0.380     0.909
 5   122.394    21.901    25.003
 5     0.888     0.299     0.349
 5     0.377    -0.908    -0.180
 5     0.263     0.292    -0.920
 6   134.526    14.249     9.186
 6     0.273     0.729    -0.627
 6    -0.317    -0.547    -0.774
 6    -0.908     0.410     0.082
 7   112.836   -20.869     3.071
 7     0.770     0.425     0.476
 7    -0.560     0.808     0.183
 7    -0.307    -0.407     0.860
 8   125.697   -23.199    25.522
 8     0.786    -0.608     0.112
 8    -0.514    -0.744    -0.427
 8     0.343     0.278    -0.897
 9   129.159   -35.218     8.464
 9     0.037    -0.985     0.166
 9    -0.031     0.165     0.986
 9    -0.999    -0.042    -0.025
 2    96.206   -22.694    60.085
 2    -0.015    -1.000    -0.013
 2     0.979    -0.017     0.199
 2    -0.200    -0.010     0.979
 3   125.159    -1.435     6.216
 3     0.660    -0.400    -0.635
 3     0.291     0.916    -0.274
 3     0.692    -0.004     0.722
 4   107.470    11.508     3.729
 4     0.382    -0.823     0.420
 4     0.909     0.417    -0.009
 4    -0.167     0.385     0.907
 5   122.441    21.822    24.963
 5     0.888     0.312     0.336
 5     0.382    -0.910    -0.164
 5     0.254     0.274    -0.927
 6   134.006    14.377     8.752
 6     0.248     0.726    -0.641
 6    -0.288    -0.577    -0.764
 6    -0.925     0.374     0.066
 7   112.657   -20.697     2.957
 7     0.764     0.431     0.480
 7    -0.566     0.805     0.178
 7    -0.310    -0.408     0.859
 8   125.573   -23.111    25.367
 8     0.777    -0.623     0.094
 8    -0.529    -0.726    -0.439
 8     0.341     0.291    -0.894
 9   129.174   -35.526     8.711
 9     0.016    -0.988     0.155
 9    -0.058     0.154     0.986
 9    -0.998    -0.025    -0.055
 2    96.206   -22.694    60.085
 2    -0.015    -1.000    -0.013
 2     0.979    -0.017     0.199
 2    -0.200    -0.010     0.979
 3   125.143    -1.368     6.057
 3     0.669    -0.394    -0.630
 3     0.284     0.919    -0.273
 3     0.687     0.003     0.727
 4   107.610    11.726     3.849
 4     0.389    -0.819     0.422
 4     0.909     0.415    -0.034
 4    -0.148     0.397     0.906
 5   122.700    21.536    25.098
 5     0.894     0.310     0.323
 5     0.373    -0.915    -0.153
 5     0.248     0.257    -0.934
 6   134.018    14.190     8.686
 6     0.229     0.714    -0.661
 6    -0.269    -0.606    -0.748
 6    -0.935     0.350     0.053
 7   112.404   -20.579     2.789
 7     0.755     0.444     0.482
 7    -0.577     0.799     0.166
 7    -0.312    -0.403     0.860
 8   125.304   -23.074    25.254
 8     0.765    -0.639     0.078
 8    -0.546    -0.708    -0.447
 8     0.341     0.299    -0.891
 9   128.797   -35.682     8.836
 9     0.000    -0.988     0.156
 9    -0.071     0.155     0.985
 9    -0.997    -0.011    -0.070
 2    96.206   -22.694    60.085
 2    -0.015    -1.000    -0.013
 2     0.979    -0.017     0.199
 2    -0.200    -0.009     0.980
 3   125.078    -1.326     5.899
 3     0.676    -0.386    -0.628
 3     0.278     0.922    -0.269
 3     0.682     0.007     0.731
 4   107.838    11.793     3.862
 4     0.405    -0.812     0.421
 4     0.905     0.420    -0.063
 4    -0.126     0.406     0.905
 5   123.007    20.951    25.262
 5     0.901     0.296     0.315
 5     0.353    -0.925    -0.141
 5     0.250     0.238    -0.938
 6   133.811    13.548     8.852
 6     0.214     0.685    -0.696
 6    -0.247    -0.652    -0.717
 6    -0.945     0.325     0.029
 7   112.276   -20.604     2.768
 7     0.746     0.463     0.478
 7    -0.593     0.789     0.159
 7    -0.303    -0.402     0.864
 8   125.272   -23.137    25.272
 8     0.752    -0.657     0.051
 8    -0.562    -0.680    -0.471
 8     0.344     0.325    -0.881
 9   124.816   -38.158     6.830
 9    -0.036    -0.992     0.120
 9    -0.125     0.123     0.984
 9    -0.991     0.020    -0.128
 2    96.206   -22.694    60.085
 2    -0.015    -1.000    -0.012
 2     0.979    -0.017     0.200
 2    -0.200    -0.009     0.979
 3   125.103    -1.464     5.812
 3     0.686    -0.376    -0.623
 3     0.277     0.927    -0.254
 3     0.673     0.002     0.739
 4   108.016    11.732     3.856
 4     0.421    -0.808     0.411
 4     0.901     0.425    -0.087
 4    -0.105     0.407     0.907
 5   123.037    20.426    25.582
 5     0.903     0.285     0.320
 5     0.340    -0.932    -0.130
 5     0.261     0.226    -0.938
 6   133.492    12.999     9.176
 6     0.206     0.670    -0.713
 6    -0.234    -0.674    -0.701
 6    -0.950     0.311     0.018
 7   112.066   -20.799     2.959
 7     0.739     0.480     0.472
 7    -0.609     0.776     0.164
 7    -0.288    -0.409     0.866
 8   125.294   -23.061    25.306
 8     0.750    -0.660     0.030
 8    -0.561    -0.661    -0.498
 8     0.349     0.356    -0.867
 9   124.445   -38.588     7.396
 9    -0.069    -0.995     0.068
 9    -0.180     0.080     0.980
 9    -0.981     0.056    -0.184
 2    96.206   -22.694    60.085
 2    -0.015    -1.000    -0.013
 2     0.979    -0.017     0.199
 2    -0.200    -0.010     0.979
 3   124.993    -1.705     5.768
 3     0.696    -0.367    -0.618
 3     0.282     0.930    -0.235
 3     0.660    -0.011     0.750
 4   107.944    11.553     3.807
 4     0.425    -0.807     0.409
 4     0.899     0.429    -0.088
 4    -0.105     0.405     0.908
 5   122.824    20.030    25.600
 5     0.902     0.274     0.332
 5     0.333    -0.934    -0.132
 5     0.274     0.230    -0.934
 6   133.450    12.735     9.283
 6     0.216     0.661    -0.719
 6    -0.239    -0.678    -0.695
 6    -0.947     0.322     0.011
 7   111.853   -21.137     3.202
 7     0.734     0.494     0.465
 7    -0.625     0.759     0.181
 7    -0.264    -0.424     0.866
 8   125.468   -22.600    25.495
 8     0.757    -0.654     0.010
 8    -0.549    -0.644    -0.532
 8     0.354     0.397    -0.847
 9   124.148   -39.308     8.052
 9    -0.106    -0.994     0.025
 9    -0.244     0.050     0.968
 9    -0.964     0.097    -0.247
 2    96.206   -22.694    60.111
 2    -0.015    -1.000    -0.013
 2     0.979    -0.017     0.199
 2    -0.200    -0.010     0.980
 3   124.904    -1.895     5.650
 3     0.705    -0.360    -0.611
 3     0.291     0.932    -0.214
 3     0.646    -0.027     0.762
 4   107.819    11.261     3.611
 4     0.429    -0.802     0.415
 4     0.895     0.437    -0.080
 4    -0.117     0.406     0.906
 5   122.780    20.006    25.546
 5     0.901     0.272     0.336
 5     0.332    -0.933    -0.135
 5     0.276     0.233    -0.932
 6   133.379    12.560     9.171
 6     0.217     0.654    -0.725
 6    -0.241    -0.684    -0.689
 6    -0.946     0.324     0.009
 7   111.478   -21.302     3.518
 7     0.729     0.500     0.467
 7    -0.638     0.743     0.201
 7    -0.247    -0.445     0.861
 8   125.343   -22.187    25.593
 8     0.760    -0.650    -0.001
 8    -0.540    -0.631    -0.556
 8     0.361     0.423    -0.831
 9   123.855   -39.364     8.372
 9    -0.121    -0.993    -0.007
 9    -0.289     0.028     0.957
 9    -0.949     0.118    -0.290
 2    96.206   -22.694    60.085
 2    -0.015    -1.000    -0.013
 2     0.979    -0.017     0.200
 2    -0.200    -0.009     0.980
 3   124.754    -2.134     5.565
 3     0.714    -0.353    -0.605
 3     0.293     0.935    -0.199
 3     0.636    -0.036     0.771
 4   107.670    11.073     3.462
 4     0.431    -0.797     0.422
 4     0.893     0.444    -0.075
 4    -0.128     0.409     0.903
 5   122.826    19.771    25.378
 5     0.906     0.265     0.330
 5     0.325    -0.936    -0.139
 5     0.273     0.233    -0.934
 6   133.110    12.045     8.656
 6     0.198     0.644    -0.739
 6    -0.244    -0.698    -0.674
 6    -0.949     0.313     0.019
 7   111.224   -21.427     3.636
 7     0.722     0.505     0.472
 7    -0.648     0.732     0.208
 7    -0.241    -0.457     0.856
 8   125.126   -22.001    25.696
 8     0.756    -0.654    -0.002
 8    -0.537    -0.620    -0.572
 8     0.372     0.433    -0.820
 9   123.609   -39.463     8.539
 9    -0.123    -0.992    -0.004
 9    -0.293     0.032     0.955
 9    -0.948     0.118    -0.295
 2    96.206   -22.694    60.085
 2    -0.015    -1.000    -0.013
 2     0.979    -0.017     0.200
 2    -0.200    -0.009     0.980
 3   124.588    -2.215     5.540
 3     0.717    -0.350    -0.603
 3     0.296     0.936    -0.191
 3     0.630    -0.042     0.775
 4   107.553    10.964     3.357
 4     0.432    -0.795     0.425
 4     0.891     0.448    -0.069
 4    -0.136     0.409     0.902
 5   122.886    19.583    25.221
 5     0.910     0.259     0.323
 5     0.318    -0.937    -0.142
 5     0.266     0.232    -0.935
 6   132.959    11.665     8.338
 6     0.186     0.624    -0.758
 6    -0.239    -0.720    -0.652
 6    -0.953     0.303     0.015
 7   111.067   -21.502     3.675
 7     0.715     0.514     0.474
 7    -0.658     0.723     0.209
 7    -0.235    -0.461     0.855
 8   124.866   -21.865    25.841
 8     0.749    -0.663    -0.005
 8    -0.539    -0.605    -0.587
 8     0.386     0.442    -0.810
 9   123.230   -39.733     9.050
 9    -0.120    -0.993    -0.012
 9    -0.310     0.025     0.950
 9    -0.943     0.118    -0.311
 2    96.206   -22.694    60.085
 2    -0.015    -1.000    -0.013
 2     0.979    -0.017     0.199
 2    -0.200    -0.009     0.980
 3   124.583    -2.344     5.498
 3     0.720    -0.346    -0.602
 3     0.296     0.937    -0.185
 3     0.628    -0.045     0.777
 4   107.595    10.935     3.293
 4     0.433    -0.795     0.425
 4     0.890     0.450    -0.066
 4    -0.140     0.406     0.903
 5   123.004    19.117    25.103
 5     0.916     0.247     0.315
 5     0.302    -0.943    -0.139
 5     0.262     0.223    -0.939
 6   132.487    11.176     8.258
 6     0.170     0.599    -0.783
 6    -0.225    -0.750    -0.622
 6    -0.959     0.282     0.007
 7   110.906   -21.477     3.665
 7     0.708     0.523     0.473
 7    -0.667     0.715     0.207
 7    -0.230    -0.463     0.856
 8   124.570   -21.733    25.996
 8     0.741    -0.671    -0.007
 8    -0.542    -0.593    -0.596
 8     0.396     0.446    -0.803
 9   122.807   -39.697     9.283
 9    -0.125    -0.992    -0.017
 9    -0.319     0.023     0.947
 9    -0.939     0.124    -0.319
 2    96.206   -22.694    60.085
 2    -0.015    -1.000    -0.013
 2     0.979    -0.017     0.199
 2    -0.200    -0.009     0.979
 3   124.576    -2.398     5.511
 3     0.721    -0.343    -0.601
 3     0.297     0.938    -0.179
 3     0.625    -0.049     0.778
 4   107.600    10.935     3.293
 4     0.435    -0.796     0.421
 4     0.889     0.452    -0.064
 4    -0.139     0.402     0.905
 5   123.008    18.939    25.097
 5     0.918     0.242     0.313
 5     0.296    -0.945    -0.136
 5     0.263     0.217    -0.940
 6   132.474    11.215     8.231
 6     0.165     0.594    -0.787
 6    -0.222    -0.756    -0.616
 6    -0.961     0.276     0.007
 7   110.913   -21.476     3.708
 7     0.706     0.528     0.471
 7    -0.671     0.712     0.206
 7    -0.227    -0.462     0.857
 8   124.507   -21.732    25.987
 8     0.737    -0.676    -0.009
 8    -0.545    -0.586    -0.600
 8     0.400     0.447    -0.800
 9   122.734   -39.775     9.390
 9    -0.126    -0.992    -0.021
 9    -0.319     0.020     0.947
 9    -0.939     0.126    -0.319
 2    96.206   -22.694    60.085
 2    -0.015    -1.000    -0.013
 2     0.979    -0.017     0.199
 2    -0.200    -0.010     0.979
 3   124.577    -2.398     5.512
 3     0.722    -0.342    -0.602
 3     0.297     0.938    -0.177
 3     0.625    -0.051     0.778
 4   107.603    10.961     3.291
 4     0.436    -0.797     0.418
 4     0.889     0.452    -0.065
 4    -0.138     0.400     0.906
 5   123.015    18.917    25.139
 5     0.918     0.241     0.314
 5     0.294    -0.946    -0.133
 5     0.266     0.215    -0.940
 6   132.346    11.118     8.331
 6     0.168     0.582    -0.796
 6    -0.215    -0.766    -0.606
 6    -0.962     0.273    -0.004
 7   110.911   -21.479     3.708
 7     0.703     0.534     0.469
 7    -0.674     0.711     0.200
 7    -0.227    -0.457     0.860
 8   124.361   -21.761    26.089
 8     0.731    -0.682    -0.015
 8    -0.552    -0.579    -0.600
 8     0.401     0.447    -0.800
 9   122.570   -39.769     9.467
 9    -0.126    -0.991    -0.039
 9    -0.323     0.003     0.946
 9    -0.938     0.132    -0.320
 2    96.206   -22.694    60.085
 2    -0.015    -1.000    -0.012
 2     0.979    -0.017     0.199
 2    -0.200    -0.009     0.980
 3   124.627    -2.347     5.563
 3     0.722    -0.342    -0.602
 3     0.298     0.938    -0.176
 3     0.625    -0.052     0.779
 4   107.606    11.012     3.314
 4     0.436    -0.798     0.417
 4     0.889     0.452    -0.065
 4    -0.137     0.399     0.906
 5   122.992    18.816    25.210
 5     0.918     0.239     0.315
 5     0.292    -0.948    -0.130
 5     0.267     0.211    -0.940
 6   132.159    11.103     8.332
 6     0.160     0.573    -0.804
 6    -0.210    -0.776    -0.595
 6    -0.964     0.264    -0.004
 7   110.858   -21.431     3.711
 7     0.700     0.537     0.469
 7    -0.676     0.710     0.196
 7    -0.228    -0.455     0.861
 8   124.287   -21.766    26.118
 8     0.725    -0.688    -0.020
 8    -0.559    -0.572    -0.600
 8     0.401     0.446    -0.800
 9   122.452   -39.777     9.461
 9    -0.130    -0.990    -0.045
 9    -0.322    -0.001     0.947
 9    -0.938     0.137    -0.318
 2    96.206   -22.694    60.085
 2    -0.015    -1.000    -0.013
 2     0.979    -0.017     0.200
 2    -0.200    -0.009     0.980
 3   124.628    -2.398     5.563
 3     0.722    -0.341    -0.602
 3     0.297     0.938    -0.175
 3     0.625    -0.053     0.779
 4   107.609    11.013     3.312
 4     0.436    -0.798     0.416
 4     0.889     0.452    -0.065
 4    -0.136     0.398     0.907
 5   122.949    18.819    25.301
 5     0.918     0.238     0.316
 5     0.289    -0.949    -0.126
 5     0.270     0.207    -0.940
 6   131.869    10.961     8.356
 6     0.154     0.560    -0.814
 6    -0.207    -0.788    -0.580
 6    -0.966     0.257    -0.005
 7   110.784   -21.433     3.713
 7     0.696     0.542     0.469
 7    -0.680     0.707     0.193
 7    -0.228    -0.454     0.861
 8   124.118   -21.870    26.165
 8     0.720    -0.694    -0.023
 8    -0.565    -0.566    -0.600
 8     0.403     0.445    -0.799
 9   122.229   -39.723     9.487
 9    -0.128    -0.990    -0.056
 9    -0.322    -0.012     0.946
 9    -0.938     0.139    -0.317
 2    96.206   -22.694    60.085
 2    -0.015    -1.000    -0.013
 2     0.979    -0.017     0.200
 2    -0.200    -0.009     0.980
 3   124.579    -2.347     5.564
 3     0.722    -0.339    -0.603
 3     0.297     0.939    -0.173
 3     0.625    -0.055     0.779
 4   107.659    11.013     3.312
 4     0.437    -0.798     0.416
 4     0.889     0.452    -0.066
 4    -0.136     0.398     0.907
 5   122.950    18.690    25.300
 5     0.920     0.234     0.314
 5     0.284    -0.950    -0.125
 5     0.270     0.204    -0.941
 6   131.800    10.817     8.291
 6     0.145     0.554    -0.820
 6    -0.207    -0.793    -0.573
 6    -0.967     0.253    -0.000
 7   110.681   -21.438     3.671
 7     0.691     0.546     0.472
 7    -0.684     0.704     0.188
 7    -0.230    -0.453     0.861
 8   123.889   -22.001    26.218
 8     0.716    -0.698    -0.025
