% Calibrated with leiden_pols
% Positions are in centimeters
Data =[
 2    96.207   -22.745    60.085
 2    -0.014    -1.000    -0.013
 2     0.979    -0.017     0.199
 2    -0.200    -0.010     0.980
 3   127.634    -2.952     9.199
 3     0.534    -0.341    -0.773
 3     0.327     0.927    -0.183
 3     0.779    -0.156     0.607
 4   112.921    10.871     3.122
 4     0.613    -0.783     0.106
 4     0.789     0.605    -0.104
 4     0.017     0.147     0.989
 5   114.919    18.910    28.726
 5     0.390    -0.239     0.889
 5     0.194    -0.923    -0.333
 5     0.900     0.302    -0.314
 6   127.097    24.954    52.661
 6     0.319    -0.756    -0.572
 6    -0.038     0.593    -0.804
 6     0.947     0.278     0.160
 7   116.183   -22.301     3.941
 7     0.814     0.504     0.287
 7    -0.560     0.811     0.166
 7    -0.149    -0.297     0.943
 8   117.071   -24.392    29.765
 8     0.339     0.213     0.916
 8    -0.070    -0.965     0.251
 8     0.938    -0.149    -0.312
 9   130.269   -29.740    53.998
 9     0.229     0.819    -0.525
 9     0.041     0.531     0.846
 9     0.972    -0.216     0.088
 2    96.207   -22.745    60.085
 2    -0.014    -1.000    -0.013
 2     0.979    -0.016     0.199
 2    -0.200    -0.010     0.980
 3   127.634    -3.003     9.149
 3     0.535    -0.340    -0.773
 3     0.327     0.927    -0.182
 3     0.779    -0.156     0.607
 4   112.919    10.870     3.125
 4     0.614    -0.782     0.106
 4     0.789     0.605    -0.103
 4     0.016     0.147     0.989
 5   114.920    18.884    28.726
 5     0.391    -0.240     0.888
 5     0.193    -0.922    -0.334
 5     0.900     0.302    -0.314
 6   127.175    24.952    52.664
 6     0.318    -0.752    -0.578
 6    -0.039     0.598    -0.800
 6     0.947     0.276     0.161
 7   116.183   -22.301     3.941
 7     0.814     0.503     0.287
 7    -0.560     0.811     0.167
 7    -0.149    -0.297     0.943
 8   117.045   -24.392    29.739
 8     0.339     0.214     0.916
 8    -0.070    -0.965     0.251
 8     0.938    -0.150    -0.313
 9   130.279   -29.737    53.984
 9     0.227     0.819    -0.527
 9     0.041     0.532     0.845
 9     0.973    -0.214     0.087
 2    96.206   -22.694    60.085
 2    -0.015    -1.000    -0.013
 2     0.979    -0.017     0.200
 2    -0.200    -0.010     0.980
 3   127.630    -3.004     9.128
 3     0.535    -0.340    -0.773
 3     0.327     0.927    -0.181
 3     0.778    -0.156     0.608
 4   112.871    10.870     3.122
 4     0.614    -0.782     0.105
 4     0.789     0.606    -0.104
 4     0.017     0.147     0.989
 5   114.926    18.912    28.671
 5     0.388    -0.240     0.890
 5     0.194    -0.922    -0.334
 5     0.901     0.302    -0.311
 6   127.183    25.031    52.657
 6     0.317    -0.750    -0.580
 6    -0.038     0.601    -0.798
 6     0.948     0.274     0.162
 7   116.233   -22.301     3.942
 7     0.814     0.504     0.287
 7    -0.561     0.811     0.167
 7    -0.149    -0.297     0.943
 8   117.109   -24.366    29.532
 8     0.320     0.214     0.923
 8    -0.073    -0.965     0.250
 8     0.944    -0.147    -0.293
 9   130.328   -29.737    53.983
 9     0.227     0.817    -0.530
 9     0.041     0.535     0.844
 9     0.973    -0.214     0.088
 2    96.206   -22.694    60.085
 2    -0.015    -1.000    -0.013
 2     0.979    -0.017     0.200
 2    -0.200    -0.010     0.979
 3   127.634    -2.951     9.123
 3     0.534    -0.341    -0.774
 3     0.328     0.927    -0.182
 3     0.779    -0.157     0.607
 4   113.132    10.883     3.070
 4     0.621    -0.777     0.105
 4     0.783     0.609    -0.127
 4     0.034     0.160     0.986
 5   114.864    19.705    28.155
 5     0.345    -0.268     0.899
 5     0.225    -0.906    -0.357
 5     0.911     0.326    -0.253
 6   127.341    24.878    52.475
 6     0.306    -0.704    -0.641
 6    -0.062     0.657    -0.751
 6     0.950     0.269     0.158
 7   116.244   -22.297     3.931
 7     0.814     0.505     0.286
 7    -0.562     0.809     0.172
 7    -0.145    -0.301     0.943
 8   116.916   -24.570    29.214
 8     0.285     0.213     0.934
 8    -0.095    -0.964     0.249
 8     0.954    -0.160    -0.254
 9   130.271   -30.022    54.031
 9     0.227     0.809    -0.542
 9     0.037     0.549     0.835
 9     0.973    -0.210     0.094
 2    96.206   -22.694    60.085
 2    -0.015    -1.000    -0.013
 2     0.979    -0.017     0.200
 2    -0.200    -0.010     0.979
 3   127.831    -2.996     9.178
 3     0.528    -0.334    -0.781
 3     0.326     0.929    -0.177
 3     0.784    -0.161     0.599
 4   113.702    11.048     2.877
 4     0.636    -0.764     0.108
 4     0.770     0.618    -0.159
 4     0.055     0.184     0.981
 5   114.365    21.543    26.968
 5     0.270    -0.382     0.884
 5     0.255    -0.857    -0.448
 5     0.928     0.347    -0.135
 6   125.838    24.800    52.502
 6     0.201    -0.600    -0.774
 6    -0.098     0.774    -0.626
 6     0.974     0.201     0.097
 7   116.700   -22.158     3.774
 7     0.814     0.511     0.275
 7    -0.571     0.790     0.222
 7    -0.104    -0.338     0.935
 8   116.199   -26.776    27.844
 8     0.192     0.379     0.905
 8    -0.153    -0.899     0.410
 8     0.969    -0.217    -0.115
 9   128.796   -30.758    53.171
 9     0.147     0.636    -0.757
 9     0.017     0.764     0.645
 9     0.989    -0.108     0.102
 2    96.156   -22.694    60.085
 2    -0.015    -1.000    -0.013
 2     0.979    -0.017     0.200
 2    -0.200    -0.010     0.979
 3   128.296    -2.968     9.261
 3     0.501    -0.315    -0.806
 3     0.318     0.933    -0.167
 3     0.805    -0.173     0.568
 4   114.710    11.183     2.561
 4     0.650    -0.754     0.100
 4     0.757     0.630    -0.175
 4     0.068     0.189     0.979
 5   113.007    23.374    25.650
 5     0.154    -0.492     0.857
 5     0.290    -0.807    -0.515
 5     0.944     0.328     0.018
 6   121.756    25.803    52.513
 6     0.041    -0.529    -0.847
 6    -0.099     0.842    -0.530
 6     0.994     0.105    -0.018
 7   117.238   -22.005     3.671
 7     0.815     0.526     0.240
 7    -0.574     0.787     0.225
 7    -0.071    -0.322     0.944
 8   114.175   -29.485    26.343
 8     0.080     0.479     0.874
 8    -0.231    -0.844     0.484
 8     0.969    -0.241     0.042
 9   124.797   -33.064    52.368
 9     0.040     0.526    -0.849
 9    -0.010     0.850     0.526
 9     0.999    -0.013     0.039
 2    96.206   -22.694    60.085
 2    -0.015    -1.000    -0.012
 2     0.979    -0.017     0.200
 2    -0.200    -0.009     0.980
 3   128.555    -2.892     9.754
 3     0.475    -0.297    -0.828
 3     0.307     0.938    -0.161
 3     0.824    -0.178     0.537
 4   115.326    11.384     2.485
 4     0.652    -0.755     0.076
 4     0.752     0.630    -0.192
 4     0.096     0.182     0.978
 5   110.961    24.917    24.049
 5     0.022    -0.552     0.834
 5     0.343    -0.779    -0.525
 5     0.939     0.298     0.172
 6   115.972    27.223    51.714
 6    -0.102    -0.523    -0.846
 6    -0.064     0.852    -0.519
 6     0.993     0.001    -0.120
 7   117.652   -21.941     3.492
 7     0.813     0.536     0.226
 7    -0.580     0.781     0.232
 7    -0.053    -0.320     0.946
 8   111.857   -31.995    24.093
 8    -0.065     0.580     0.812
 8    -0.307    -0.786     0.537
 8     0.949    -0.214     0.229
 9   118.301   -36.954    51.490
 9    -0.103     0.448    -0.888
 9    -0.056     0.889     0.454
 9     0.993     0.096    -0.067
 2    96.156   -22.694    60.034
 2    -0.015    -1.000    -0.013
 2     0.979    -0.017     0.200
 2    -0.200    -0.009     0.980
 3   128.533    -2.882     9.926
 3     0.465    -0.280    -0.840
 3     0.294     0.944    -0.151
 3     0.835    -0.177     0.521
 4   115.860    11.462     2.209
 4     0.658    -0.751     0.049
 4     0.741     0.635    -0.216
 4     0.131     0.179     0.975
 5   108.521    26.120    21.969
 5    -0.117    -0.598     0.793
 5     0.399    -0.760    -0.513
 5     0.909     0.256     0.327
