% Calibrated with leiden_pols
% Positions are in centimeters
Data =[
 2    96.207   -22.745    60.085
 2    -0.014    -1.000    -0.013
 2     0.979    -0.017     0.199
 2    -0.200    -0.010     0.980
 3   127.634    -2.952     9.199
 3     0.534    -0.341    -0.773
 3     0.327     0.927    -0.183
 3     0.779    -0.156     0.607
 4   112.921    10.871     3.122
 4     0.613    -0.783     0.106
 4     0.789     0.605    -0.104
 4     0.017     0.147     0.989
 5   114.919    18.910    28.726
 5     0.390    -0.239     0.889
 5     0.194    -0.923    -0.333
 5     0.900     0.302    -0.314
 6   127.097    24.954    52.661
 6     0.319    -0.756    -0.572
 6    -0.038     0.593    -0.804
 6     0.947     0.278     0.160
 7   116.183   -22.301     3.941
 7     0.814     0.504     0.287
 7    -0.560     0.811     0.166
 7    -0.149    -0.297     0.943
 8   117.071   -24.392    29.765
 8     0.339     0.213     0.916
 8    -0.070    -0.965     0.251
 8     0.938    -0.149    -0.312
 9   130.269   -29.740    53.998
 9     0.229     0.819    -0.525
 9     0.041     0.531     0.846
 9     0.972    -0.216     0.088
 2    96.207   -22.745    60.085
 2    -0.014    -1.000    -0.013
 2     0.979    -0.016     0.199
 2    -0.200    -0.010     0.980
 3   127.634    -3.003     9.149
 3     0.535    -0.340    -0.773
 3     0.327     0.927    -0.182
 3     0.779    -0.156     0.607
 4   112.919    10.870     3.125
 4     0.614    -0.782     0.106
 4     0.789     0.605    -0.103
 4     0.016     0.147     0.989
 5   114.920    18.884    28.726
 5     0.391    -0.240     0.888
 5     0.193    -0.922    -0.334
 5     0.900     0.302    -0.314
 6   127.175    24.952    52.664
 6     0.318    -0.752    -0.578
 6    -0.039     0.598    -0.800
 6     0.947     0.276     0.161
 7   116.183   -22.301     3.941
 7     0.814     0.503     0.287
 7    -0.560     0.811     0.167
 7    -0.149    -0.297     0.943
 8   117.045   -24.392    29.739
 8     0.339     0.214     0.916
 8    -0.070    -0.965     0.251
 8     0.938    -0.150    -0.313
 9   130.279   -29.737    53.984
 9     0.227     0.819    -0.527
 9     0.041     0.532     0.845
 9     0.973    -0.214     0.087
 2    96.206   -22.694    60.085
 2    -0.015    -1.000    -0.013
 2     0.979    -0.017     0.200
 2    -0.200    -0.010     0.980
 3   127.630    -3.004     9.128
 3     0.535    -0.340    -0.773
 3     0.327     0.927    -0.181
 3     0.778    -0.156     0.608
 4   112.871    10.870     3.122
 4     0.614    -0.782     0.105
 4     0.789     0.606    -0.104
 4     0.017     0.147     0.989
 5   114.926    18.912    28.671
 5     0.388    -0.240     0.890
 5     0.194    -0.922    -0.334
 5     0.901     0.302    -0.311
 6   127.183    25.031    52.657
 6     0.317    -0.750    -0.580
 6    -0.038     0.601    -0.798
 6     0.948     0.274     0.162
 7   116.233   -22.301     3.942
 7     0.814     0.504     0.287
 7    -0.561     0.811     0.167
 7    -0.149    -0.297     0.943
 8   117.109   -24.366    29.532
 8     0.320     0.214     0.923
 8    -0.073    -0.965     0.250
 8     0.944    -0.147    -0.293
 9   130.328   -29.737    53.983
 9     0.227     0.817    -0.530
 9     0.041     0.535     0.844
 9     0.973    -0.214     0.088
 2    96.206   -22.694    60.085
 2    -0.015    -1.000    -0.013
 2     0.979    -0.017     0.200
 2    -0.200    -0.010     0.979
 3   127.634    -2.951     9.123
 3     0.534    -0.341    -0.774
 3     0.328     0.927    -0.182
 3     0.779    -0.157     0.607
 4   113.132    10.883     3.070
 4     0.621    -0.777     0.105
 4     0.783     0.609    -0.127
 4     0.034     0.160     0.986
 5   114.864    19.705    28.155
 5     0.345    -0.268     0.899
 5     0.225    -0.906    -0.357
 5     0.911     0.326    -0.253
 6   127.341    24.878    52.475
 6     0.306    -0.704    -0.641
 6    -0.062     0.657    -0.751
 6     0.950     0.269     0.158
 7   116.244   -22.297     3.931
 7     0.814     0.505     0.286
 7    -0.562     0.809     0.172
 7    -0.145    -0.301     0.943
 8   116.916   -24.570    29.214
 8     0.285     0.213     0.934
 8    -0.095    -0.964     0.249
 8     0.954    -0.160    -0.254
 9   130.271   -30.022    54.031
 9     0.227     0.809    -0.542
 9     0.037     0.549     0.835
 9     0.973    -0.210     0.094
 2    96.206   -22.694    60.085
 2    -0.015    -1.000    -0.013
 2     0.979    -0.017     0.200
 2    -0.200    -0.010     0.979
 3   127.831    -2.996     9.178
 3     0.528    -0.334    -0.781
 3     0.326     0.929    -0.177
 3     0.784    -0.161     0.599
 4   113.702    11.048     2.877
 4     0.636    -0.764     0.108
 4     0.770     0.618    -0.159
 4     0.055     0.184     0.981
 5   114.365    21.543    26.968
 5     0.270    -0.382     0.884
 5     0.255    -0.857    -0.448
 5     0.928     0.347    -0.135
 6   125.838    24.800    52.502
 6     0.201    -0.600    -0.774
 6    -0.098     0.774    -0.626
 6     0.974     0.201     0.097
 7   116.700   -22.158     3.774
 7     0.814     0.511     0.275
 7    -0.571     0.790     0.222
 7    -0.104    -0.338     0.935
 8   116.199   -26.776    27.844
 8     0.192     0.379     0.905
 8    -0.153    -0.899     0.410
 8     0.969    -0.217    -0.115
 9   128.796   -30.758    53.171
 9     0.147     0.636    -0.757
 9     0.017     0.764     0.645
 9     0.989    -0.108     0.102
 2    96.156   -22.694    60.085
 2    -0.015    -1.000    -0.013
 2     0.979    -0.017     0.200
 2    -0.200    -0.010     0.979
 3   128.296    -2.968     9.261
 3     0.501    -0.315    -0.806
 3     0.318     0.933    -0.167
 3     0.805    -0.173     0.568
 4   114.710    11.183     2.561
 4     0.650    -0.754     0.100
 4     0.757     0.630    -0.175
 4     0.068     0.189     0.979
 5   113.007    23.374    25.650
 5     0.154    -0.492     0.857
 5     0.290    -0.807    -0.515
 5     0.944     0.328     0.018
 6   121.756    25.803    52.513
 6     0.041    -0.529    -0.847
 6    -0.099     0.842    -0.530
 6     0.994     0.105    -0.018
 7   117.238   -22.005     3.671
 7     0.815     0.526     0.240
 7    -0.574     0.787     0.225
 7    -0.071    -0.322     0.944
 8   114.175   -29.485    26.343
 8     0.080     0.479     0.874
 8    -0.231    -0.844     0.484
 8     0.969    -0.241     0.042
 9   124.797   -33.064    52.368
 9     0.040     0.526    -0.849
 9    -0.010     0.850     0.526
 9     0.999    -0.013     0.039
 2    96.206   -22.694    60.085
 2    -0.015    -1.000    -0.012
 2     0.979    -0.017     0.200
 2    -0.200    -0.009     0.980
 3   128.555    -2.892     9.754
 3     0.475    -0.297    -0.828
 3     0.307     0.938    -0.161
 3     0.824    -0.178     0.537
 4   115.326    11.384     2.485
 4     0.652    -0.755     0.076
 4     0.752     0.630    -0.192
 4     0.096     0.182     0.978
 5   110.961    24.917    24.049
 5     0.022    -0.552     0.834
 5     0.343    -0.779    -0.525
 5     0.939     0.298     0.172
 6   115.972    27.223    51.714
 6    -0.102    -0.523    -0.846
 6    -0.064     0.852    -0.519
 6     0.993     0.001    -0.120
 7   117.652   -21.941     3.492
 7     0.813     0.536     0.226
 7    -0.580     0.781     0.232
 7    -0.053    -0.320     0.946
 8   111.857   -31.995    24.093
 8    -0.065     0.580     0.812
 8    -0.307    -0.786     0.537
 8     0.949    -0.214     0.229
 9   118.301   -36.954    51.490
 9    -0.103     0.448    -0.888
 9    -0.056     0.889     0.454
 9     0.993     0.096    -0.067
 2    96.156   -22.694    60.034
 2    -0.015    -1.000    -0.013
 2     0.979    -0.017     0.200
 2    -0.200    -0.009     0.980
 3   128.533    -2.882     9.926
 3     0.465    -0.280    -0.840
 3     0.294     0.944    -0.151
 3     0.835    -0.177     0.521
 4   115.860    11.462     2.209
 4     0.658    -0.751     0.049
 4     0.741     0.635    -0.216
 4     0.131     0.179     0.975
 5   108.521    26.120    21.969
 5    -0.117    -0.598     0.793
 5     0.399    -0.760    -0.513
 5     0.909     0.256     0.327
 6   112.174    29.044    51.915
 6    -0.244    -0.488    -0.838
 6    -0.050     0.869    -0.491
 6     0.968    -0.078    -0.236
 7   117.893   -21.878     3.209
 7     0.807     0.550     0.212
 7    -0.589     0.773     0.236
 7    -0.034    -0.316     0.948
 8   109.113   -33.547    22.107
 8    -0.217     0.595     0.774
 8    -0.369    -0.784     0.499
 8     0.904    -0.177     0.389
 9   111.781   -40.072    49.934
 9    -0.242     0.425    -0.872
 9    -0.108     0.881     0.460
 9     0.964     0.205    -0.168
 2    96.156   -22.694    60.034
 2    -0.015    -1.000    -0.012
 2     0.979    -0.017     0.200
 2    -0.200    -0.009     0.979
 3   128.442    -2.796    10.120
 3     0.454    -0.269    -0.849
 3     0.291     0.946    -0.144
 3     0.842    -0.182     0.508
 4   116.133    11.375     1.997
 4     0.654    -0.756     0.016
 4     0.742     0.637    -0.208
 4     0.147     0.147     0.978
 5   105.654    26.585    19.381
 5    -0.243    -0.592     0.768
 5     0.454    -0.770    -0.449
 5     0.857     0.240     0.456
 6   106.517    29.885    49.297
 6    -0.301    -0.497    -0.814
 6    -0.062     0.862    -0.503
 6     0.951    -0.100    -0.290
 7   118.143   -21.918     3.118
 7     0.807     0.555     0.198
 7    -0.589     0.772     0.238
 7    -0.021    -0.310     0.950
 8   106.653   -34.250    20.227
 8    -0.352     0.586     0.729
 8    -0.394    -0.800     0.453
 8     0.849    -0.128     0.513
 9   105.789   -41.186    48.221
 9    -0.353     0.429    -0.831
 9    -0.107     0.864     0.491
 9     0.929     0.262    -0.260
 2    96.206   -22.694    60.085
 2    -0.015    -1.000    -0.013
 2     0.979    -0.017     0.200
 2    -0.200    -0.010     0.979
 3   128.239    -2.632    10.129
 3     0.441    -0.265    -0.858
 3     0.301     0.944    -0.137
 3     0.846    -0.198     0.495
 4   116.086    11.178     1.552
 4     0.651    -0.759     0.002
 4     0.749     0.642    -0.162
 4     0.121     0.107     0.987
 5   103.597    26.301    17.061
 5    -0.336    -0.562     0.756
 5     0.488    -0.790    -0.371
 5     0.806     0.244     0.539
 6   103.345    29.824    46.163
 6    -0.275    -0.549    -0.789
 6    -0.079     0.831    -0.550
 6     0.958    -0.089    -0.272
 7   118.240   -21.922     3.036
 7     0.803     0.564     0.190
 7    -0.596     0.771     0.225
 7    -0.020    -0.294     0.955
 8   104.899   -34.170    18.953
 8    -0.428     0.529     0.733
 8    -0.412    -0.836     0.362
 8     0.804    -0.147     0.575
 9   103.379   -41.432    46.467
 9    -0.372     0.485    -0.792
 9    -0.077     0.834     0.546
 9     0.925     0.264    -0.273
 2    96.206   -22.694    60.085
 2    -0.015    -1.000    -0.013
 2     0.979    -0.017     0.200
 2    -0.200    -0.010     0.979
 3   128.195    -2.500    10.128
 3     0.435    -0.261    -0.862
 3     0.306     0.943    -0.131
 3     0.847    -0.207     0.490
 4   116.085    11.030     1.355
 4     0.652    -0.758     0.002
 4     0.752     0.646    -0.127
 4     0.095     0.085     0.992
 5   103.089    26.150    16.426
 5    -0.358    -0.540     0.762
 5     0.510    -0.797    -0.325
 5     0.782     0.272     0.560
 6   102.563    31.119    44.706
 6    -0.207    -0.773    -0.599
 6    -0.009     0.614    -0.789
 6     0.978    -0.158    -0.134
 7   118.038   -21.989     2.913
 7     0.793     0.578     0.190
 7    -0.608     0.768     0.201
 7    -0.030    -0.276     0.961
 8   104.171   -34.563    17.851
 8    -0.407     0.460     0.789
 8    -0.500    -0.835     0.230
 8     0.764    -0.301     0.570
 9   107.087   -41.404    44.505
 9    -0.212     0.486    -0.848
 9    -0.019     0.865     0.501
 9     0.977     0.122    -0.174
 2    96.206   -22.694    60.085
 2    -0.015    -1.000    -0.013
 2     0.979    -0.017     0.200
 2    -0.200    -0.010     0.979
 3   128.119    -2.603    10.135
 3     0.436    -0.255    -0.863
 3     0.306     0.944    -0.124
 3     0.846    -0.210     0.489
 4   116.015    10.971     1.253
 4     0.653    -0.757     0.008
 4     0.752     0.648    -0.121
 4     0.086     0.085     0.993
 5   103.692    26.021    16.725
 5    -0.327    -0.531     0.781
 5     0.531    -0.787    -0.313
 5     0.781     0.313     0.540
 6   101.771    34.514    43.806
 6    -0.208    -0.794    -0.572
 6     0.076     0.569    -0.818
 6     0.975    -0.214    -0.058
 7   117.771   -22.088     2.839
 7     0.784     0.588     0.198
 7    -0.619     0.765     0.176
 7    -0.048    -0.261     0.964
 8   104.405   -35.021    17.316
 8    -0.364     0.382     0.849
 8    -0.586    -0.803     0.110
 8     0.724    -0.457     0.516
 9   110.797   -44.261    42.299
 9    -0.018     0.630    -0.776
 9    -0.121     0.769     0.627
 9     0.992     0.105     0.062
 2    96.206   -22.694    60.085
 2    -0.015    -1.000    -0.013
 2     0.979    -0.017     0.200
 2    -0.200    -0.010     0.979
 3   128.120    -2.732    10.109
 3     0.438    -0.251    -0.863
 3     0.303     0.945    -0.121
 3     0.846    -0.209     0.490
 4   116.094    10.921     1.246
 4     0.656    -0.754     0.012
 4     0.749     0.650    -0.127
 4     0.088     0.092     0.992
 5   103.853    26.091    16.764
 5    -0.323    -0.535     0.781
 5     0.540    -0.782    -0.312
 5     0.777     0.321     0.541
 6   101.419    36.087    43.586
 6    -0.274    -0.691    -0.669
 6     0.126     0.664    -0.737
 6     0.953    -0.286    -0.095
 7   117.870   -22.096     2.742
 7     0.786     0.583     0.204
 7    -0.615     0.770     0.169
 7    -0.059    -0.258     0.964
 8   105.007   -35.542    16.963
 8    -0.350     0.370     0.860
 8    -0.610    -0.787     0.090
 8     0.711    -0.494     0.501
 9   108.678   -49.231    41.278
 9    -0.112     0.673    -0.731
 9    -0.308     0.675     0.670
 9     0.945     0.300     0.132
 2    96.157   -22.694    60.035
 2    -0.015    -1.000    -0.013
 2     0.979    -0.017     0.200
 2    -0.200    -0.010     0.980
 3   128.124    -2.731    10.103
 3     0.437    -0.251    -0.864
 3     0.302     0.945    -0.122
 3     0.847    -0.208     0.489
 4   116.229    10.937     1.143
 4     0.652    -0.758     0.006
 4     0.750     0.645    -0.144
 4     0.105     0.098     0.989
 5   103.067    25.900    16.152
 5    -0.368    -0.543     0.754
 5     0.531    -0.789    -0.309
 5     0.763     0.287     0.579
 6    98.671    35.885    43.193
 6    -0.389    -0.624    -0.678
 6     0.107     0.700    -0.706
 6     0.915    -0.347    -0.206
 7   118.078   -22.077     2.700
 7     0.794     0.574     0.199
 7    -0.606     0.773     0.189
 7    -0.045    -0.271     0.961
 8   104.740   -35.633    16.313
 8    -0.421     0.457     0.783
 8    -0.576    -0.802     0.159
 8     0.701    -0.384     0.601
 9   103.593   -50.248    40.986
 9    -0.322     0.554    -0.768
 9    -0.349     0.684     0.640
 9     0.880     0.474    -0.028
 2    96.157   -22.694    60.035
 2    -0.015    -1.000    -0.013
 2     0.979    -0.017     0.200
 2    -0.200    -0.010     0.980
 3   128.083    -2.677    10.118
 3     0.434    -0.251    -0.865
 3     0.302     0.945    -0.123
 3     0.849    -0.208     0.486
 4   116.267    11.002     1.151
 4     0.648    -0.761    -0.011
 4     0.752     0.642    -0.150
 4     0.121     0.089     0.988
 5   101.792    25.478    15.142
 5    -0.435    -0.550     0.712
 5     0.504    -0.805    -0.314
 5     0.746     0.222     0.627
 6    95.027    34.061    42.474
 6    -0.498    -0.566    -0.657
 6     0.045     0.739    -0.672
 6     0.866    -0.364    -0.343
 7   118.247   -21.924     2.797
 7     0.795     0.577     0.184
 7    -0.606     0.765     0.217
 7    -0.016    -0.285     0.958
 8   103.554   -35.365    15.515
 8    -0.523     0.526     0.670
 8    -0.520    -0.820     0.238
 8     0.675    -0.224     0.702
 9    98.052   -48.380    40.933
 9    -0.476     0.431    -0.766
 9    -0.293     0.744     0.601
 9     0.829     0.510    -0.228
 2    96.157   -22.694    60.034
 2    -0.014    -1.000    -0.012
 2     0.979    -0.017     0.200
 2    -0.200    -0.009     0.980
 3   127.913    -2.622    10.164
 3     0.429    -0.250    -0.868
 3     0.305     0.944    -0.121
 3     0.850    -0.212     0.482
 4   116.144    10.825     0.910
 4     0.642    -0.766    -0.027
 4     0.757     0.640    -0.133
 4     0.119     0.065     0.991
 5   100.319    24.487    13.879
 5    -0.516    -0.540     0.666
 5     0.470    -0.828    -0.307
 5     0.716     0.154     0.680
 6    90.748    32.444    40.744
 6    -0.612    -0.459    -0.644
 6     0.024     0.803    -0.596
 6     0.790    -0.380    -0.480
 7   118.226   -21.971     2.707
 7     0.785     0.594     0.171
 7    -0.619     0.755     0.215
 7    -0.002    -0.275     0.961
 8   102.255   -34.960    14.420
 8    -0.613     0.531     0.585
 8    -0.479    -0.838     0.260
 8     0.629    -0.121     0.768
 9    93.383   -47.006    39.290
 9    -0.587     0.335    -0.737
 9    -0.263     0.782     0.565
 9     0.766     0.526    -0.370
 2    96.156   -22.694    60.034
 2    -0.015    -1.000    -0.012
 2     0.979    -0.017     0.200
 2    -0.200    -0.009     0.979
 3   127.590    -2.494    10.218
 3     0.426    -0.249    -0.870
 3     0.310     0.943    -0.118
 3     0.850    -0.220     0.479
 4   115.900    10.770     0.799
 4     0.629    -0.776    -0.044
 4     0.769     0.630    -0.104
 4     0.108     0.032     0.993
 5    98.911    23.538    12.753
 5    -0.586    -0.511     0.629
 5     0.448    -0.851    -0.274
 5     0.675     0.121     0.727
 6    87.273    32.720    37.979
 6    -0.712    -0.312    -0.629
 6     0.086     0.850    -0.519
 6     0.697    -0.423    -0.579
 7   118.195   -21.970     2.671
 7     0.773     0.616     0.151
 7    -0.634     0.747     0.200
 7     0.010    -0.251     0.968
 8   101.237   -34.482    13.239
 8    -0.683     0.509     0.523
 8    -0.458    -0.857     0.237
 8     0.569    -0.078     0.818
 9    89.515   -47.265    36.794
 9    -0.676     0.225    -0.702
 9    -0.296     0.789     0.538
 9     0.675     0.571    -0.467
 2    96.206   -22.694    60.085
 2    -0.015    -1.000    -0.013
 2     0.979    -0.017     0.200
 2    -0.200    -0.009     0.979
 3   127.512    -2.417    10.226
 3     0.424    -0.248    -0.871
 3     0.314     0.942    -0.115
 3     0.849    -0.225     0.477
 4   115.834    10.640     0.705
 4     0.619    -0.783    -0.056
 4     0.779     0.622    -0.083
 4     0.099     0.008     0.995
 5    98.434    22.969    11.821
 5    -0.629    -0.505     0.591
 5     0.446    -0.857    -0.259
 5     0.637     0.100     0.764
 6    85.402    34.013    35.312
 6    -0.776    -0.164    -0.609
 6     0.186     0.862    -0.470
 6     0.602    -0.479    -0.639
 7   118.301   -21.923     2.525
 7     0.762     0.632     0.136
 7    -0.646     0.740     0.185
 7     0.016    -0.229     0.973
 8   100.719   -34.139    12.336
 8    -0.722     0.496     0.482
 8    -0.445    -0.866     0.226
 8     0.530    -0.052     0.846
 9    87.439   -47.422    34.859
 9    -0.725     0.143    -0.674
 9    -0.327     0.789     0.519
 9     0.606     0.597    -0.526
 2    96.206   -22.694    60.085
 2    -0.015    -1.000    -0.012
 2     0.979    -0.017     0.199
 2    -0.200    -0.009     0.980
 3   127.417    -2.414    10.298
 3     0.420    -0.245    -0.874
 3     0.316     0.942    -0.113
 3     0.850    -0.229     0.473
 4   116.048    10.585     0.629
 4     0.616    -0.786    -0.064
 4     0.782     0.619    -0.067
 4     0.092    -0.009     0.996
 5    98.358    22.944    11.390
 5    -0.651    -0.513     0.560
 5     0.450    -0.854    -0.260
 5     0.612     0.082     0.786
 6    84.934    35.432    33.472
 6    -0.802    -0.057    -0.594
 6     0.266     0.856    -0.442
 6     0.534    -0.513    -0.672
 7   118.330   -21.876     2.516
 7     0.754     0.644     0.127
 7    -0.656     0.734     0.175
 7     0.019    -0.216     0.976
 8   100.516   -33.870    11.964
 8    -0.743     0.490     0.456
 8    -0.443    -0.870     0.215
 8     0.502    -0.042     0.863
 9    86.140   -48.522    33.140
 9    -0.755     0.072    -0.652
 9    -0.375     0.767     0.520
 9     0.537     0.637    -0.552
 2    96.206   -22.694    60.085
 2    -0.015    -1.000    -0.012
 2     0.979    -0.017     0.199
 2    -0.200    -0.009     0.980
 3   127.484    -2.408    10.284
 3     0.415    -0.241    -0.877
 3     0.317     0.942    -0.109
 3     0.853    -0.234     0.467
 4   116.257    10.376     0.487
 4     0.613    -0.787    -0.074
 4     0.786     0.617    -0.047
 4     0.082    -0.030     0.996
 5    98.380    22.892    10.546
 5    -0.666    -0.521     0.533
 5     0.462    -0.850    -0.253
 5     0.585     0.078     0.807
 6    84.477    36.205    31.811
 6    -0.819     0.016    -0.574
 6     0.313     0.849    -0.424
 6     0.481    -0.527    -0.701
 7   118.320   -21.937     2.340
 7     0.741     0.661     0.115
 7    -0.671     0.725     0.153
 7     0.018    -0.191     0.981
 8   100.259   -33.736    11.054
 8    -0.766     0.486     0.420
 8    -0.449    -0.873     0.192
 8     0.460    -0.042     0.887
 9    84.746   -49.769    30.516
 9    -0.784    -0.039    -0.619
 9    -0.438     0.742     0.508
 9     0.440     0.669    -0.599
 2    96.206   -22.694    60.085
 2    -0.015    -1.000    -0.013
 2     0.979    -0.017     0.200
 2    -0.200    -0.009     0.980
 3   127.625    -2.476    10.373
 3     0.405    -0.234    -0.884
 3     0.319     0.942    -0.103
 3     0.856    -0.241     0.456
 4   116.536    10.089     0.176
 4     0.609    -0.789    -0.086
 4     0.790     0.612    -0.022
 4     0.069    -0.055     0.996
 5    98.431    22.718     9.715
 5    -0.681    -0.519     0.516
 5     0.471    -0.850    -0.234
 5     0.560     0.083     0.824
 6    84.042    36.481    30.187
 6    -0.832     0.058    -0.552
 6     0.337     0.842    -0.420
 6     0.440    -0.536    -0.720
 7   118.486   -21.946     2.159
 7     0.730     0.676     0.098
 7    -0.683     0.718     0.131
 7     0.018    -0.163     0.986
 8   100.225   -33.669    10.244
 8    -0.784     0.479     0.395
 8    -0.452    -0.876     0.166
 8     0.425    -0.048     0.903
 9    83.826   -50.730    28.342
 9    -0.803    -0.126    -0.583
 9    -0.477     0.722     0.501
 9     0.358     0.680    -0.640
 2    96.207   -22.694    60.085
 2    -0.014    -1.000    -0.013
 2     0.979    -0.017     0.199
 2    -0.200    -0.010     0.979
 3   128.221    -2.561    10.199
 3     0.389    -0.223    -0.894
 3     0.318     0.943    -0.096
 3     0.865    -0.247     0.437
 4   117.411     9.912    -0.183
 4     0.603    -0.790    -0.109
 4     0.795     0.607     0.001
 4     0.065    -0.087     0.994
 5    99.062    22.673     8.707
 5    -0.698    -0.519     0.494
 5     0.475    -0.851    -0.224
 5     0.536     0.078     0.840
 6    84.260    36.590    28.683
 6    -0.844     0.089    -0.529
 6     0.347     0.843    -0.411
 6     0.410    -0.531    -0.742
 7   119.293   -21.665     1.770
 7     0.722     0.688     0.069
 7    -0.691     0.714     0.112
 7     0.027    -0.129     0.991
 8   100.561   -33.294     9.228
 8    -0.800     0.469     0.373
 8    -0.448    -0.882     0.146
 8     0.398    -0.051     0.916
 9    83.357   -50.317    26.845
 9    -0.818    -0.160    -0.553
 9    -0.477     0.726     0.495
 9     0.322     0.669    -0.670
 2    96.157   -22.694    60.035
 2    -0.015    -1.000    -0.013
 2     0.979    -0.017     0.200
 2    -0.200    -0.010     0.980
 3   128.757    -2.439    10.308
 3     0.367    -0.211    -0.906
 3     0.310     0.946    -0.095
 3     0.877    -0.246     0.413
 4   118.193    10.202    -0.181
 4     0.604    -0.786    -0.132
 4     0.793     0.608     0.004
 4     0.076    -0.107     0.991
 5    99.548    23.091     8.584
 5    -0.706    -0.526     0.474
 5     0.478    -0.848    -0.228
 5     0.522     0.065     0.850
 6    84.584    37.114    28.252
 6    -0.845     0.120    -0.522
 6     0.363     0.844    -0.394
 6     0.393    -0.522    -0.757
 7   119.474   -21.312     1.622
 7     0.713     0.699     0.051
 7    -0.701     0.707     0.098
 7     0.033    -0.106     0.994
 8   100.246   -32.584     8.676
 8    -0.815     0.450     0.364
 8    -0.439    -0.891     0.120
 8     0.378    -0.062     0.924
 9    82.389   -49.645    25.867
 9    -0.830    -0.176    -0.529
 9    -0.474     0.722     0.503
 9     0.294     0.668    -0.683
 2    96.156   -22.694    60.085
 2    -0.015    -1.000    -0.013
 2     0.979    -0.017     0.200
 2    -0.200    -0.010     0.980
 3   128.669    -2.261    10.320
 3     0.367    -0.206    -0.907
 3     0.304     0.948    -0.093
 3     0.879    -0.242     0.410
 4   118.145    10.406    -0.132
 4     0.603    -0.786    -0.134
 4     0.794     0.608     0.005
 4     0.077    -0.109     0.991
 5    99.065    23.317     8.689
 5    -0.707    -0.525     0.475
 5     0.479    -0.849    -0.224
 5     0.520     0.069     0.851
 6    84.037    37.462    28.323
 6    -0.845     0.123    -0.520
 6     0.369     0.838    -0.401
 6     0.386    -0.531    -0.754
 7   118.812   -20.978     1.463
 7     0.704     0.708     0.051
 7    -0.710     0.700     0.076
 7     0.018    -0.090     0.996
 8    99.590   -32.139     8.407
 8    -0.822     0.434     0.368
 8    -0.431    -0.897     0.095
 8     0.371    -0.081     0.925
 9    81.488   -49.390    25.220
 9    -0.835    -0.190    -0.516
 9    -0.477     0.717     0.509
 9     0.273     0.671    -0.689
 2    96.207   -22.694    60.085
 2    -0.014    -1.000    -0.013
 2     0.979    -0.017     0.199
 2    -0.200    -0.010     0.979
 3   128.413    -2.191    10.145
 3     0.374    -0.206    -0.904
 3     0.299     0.949    -0.092
 3     0.878    -0.236     0.417
 4   117.636    10.497    -0.221
 4     0.597    -0.792    -0.125
 4     0.799     0.600     0.015
 4     0.063    -0.109     0.992
 5    98.838    22.965     8.377
 5    -0.710    -0.512     0.483
 5     0.474    -0.855    -0.211
 5     0.521     0.079     0.850
 6    83.697    36.849    27.882
 6    -0.852     0.113    -0.512
 6     0.360     0.835    -0.415
 6     0.381    -0.537    -0.752
 7   118.777   -21.034     1.351
 7     0.702     0.709     0.055
 7    -0.712     0.699     0.072
 7     0.013    -0.090     0.996
 8    99.729   -32.184     8.335
 8    -0.820     0.433     0.373
 8    -0.430    -0.898     0.098
 8     0.377    -0.080     0.922
 9    82.140   -49.376    25.540
 9    -0.832    -0.185    -0.523
 9    -0.476     0.721     0.502
 9     0.284     0.667    -0.689
 2    96.207   -22.694    60.085
 2    -0.014    -1.000    -0.013
 2     0.979    -0.017     0.199
 2    -0.200    -0.010     0.979
 3   128.849    -2.360    10.010
 3     0.365    -0.203    -0.908
 3     0.304     0.948    -0.090
 3     0.880    -0.243     0.408
 4   118.470    10.195    -0.547
 4     0.598    -0.789    -0.140
 4     0.799     0.600     0.025
 4     0.064    -0.127     0.990
 5    99.782    22.827     7.784
 5    -0.713    -0.521     0.470
 5     0.484    -0.850    -0.209
 5     0.508     0.078     0.858
 6    84.608    37.097    27.024
 6    -0.850     0.132    -0.510
 6     0.374     0.833    -0.408
 6     0.370    -0.538    -0.757
 7   119.740   -21.423     1.248
 7     0.701     0.712     0.042
 7    -0.712     0.696     0.085
 7     0.031    -0.090     0.995
 8   100.398   -32.364     8.331
 8    -0.822     0.435     0.367
 8    -0.425    -0.898     0.111
 8     0.378    -0.064     0.923
 9    82.301   -49.207    25.492
 9    -0.838    -0.193    -0.511
 9    -0.469     0.734     0.490
 9     0.281     0.651    -0.705
 2    96.156   -22.694    60.085
 2    -0.015    -1.000    -0.013
 2     0.979    -0.017     0.199
 2    -0.200    -0.010     0.980
 3   129.284    -2.546    10.031
 3     0.346    -0.194    -0.918
 3     0.307     0.948    -0.085
 3     0.886    -0.253     0.388
 4   119.258     9.978    -0.782
 4     0.603    -0.782    -0.159
 4     0.794     0.607     0.025
 4     0.077    -0.141     0.987
 5   100.237    22.894     7.540
 5    -0.716    -0.530     0.454
 5     0.488    -0.845    -0.218
 5     0.499     0.065     0.864
 6    84.995    37.193    26.656
 6    -0.852     0.156    -0.500
 6     0.382     0.838    -0.390
 6     0.358    -0.523    -0.773
 7   120.011   -21.543     1.189
 7     0.697     0.717     0.028
 7    -0.716     0.693     0.086
 7     0.042    -0.081     0.996
 8   100.447   -32.281     8.242
 8    -0.832     0.426     0.355
 8    -0.414    -0.903     0.112
 8     0.369    -0.054     0.928
 9    81.916   -48.921    25.271
 9    -0.845    -0.203    -0.495
 9    -0.463     0.742     0.485
 9     0.269     0.639    -0.721
 2    96.207   -22.745    60.085
 2    -0.014    -1.000    -0.013
 2     0.979    -0.017     0.200
 2    -0.200    -0.010     0.980
 3   129.422    -2.593    10.097
 3     0.341    -0.189    -0.921
 3     0.306     0.948    -0.081
 3     0.888    -0.255     0.381
 4   119.373     9.982    -0.619
 4     0.604    -0.780    -0.166
 4     0.792     0.609     0.022
 4     0.083    -0.145     0.986
 5   100.288    22.893     7.644
 5    -0.716    -0.532     0.452
 5     0.487    -0.845    -0.222
 5     0.499     0.061     0.864
 6    84.994    37.193    26.762
 6    -0.852     0.158    -0.498
 6     0.382     0.839    -0.386
 6     0.357    -0.520    -0.776
 7   119.940   -21.594     1.260
 7     0.694     0.719     0.025
 7    -0.719     0.690     0.085
 7     0.044    -0.078     0.996
 8   100.091   -32.210     8.307
 8    -0.835     0.420     0.355
 8    -0.410    -0.906     0.106
 8     0.366    -0.057     0.929
 9    81.391   -48.878    25.287
 9    -0.846    -0.216    -0.488
 9    -0.466     0.745     0.477
 9     0.261     0.631    -0.731
 2    96.207   -22.694    60.085
 2    -0.014    -1.000    -0.013
 2     0.979    -0.016     0.199
 2    -0.200    -0.010     0.979
 3   129.037    -2.649    10.210
 3     0.347    -0.187    -0.919
 3     0.306     0.948    -0.078
 3     0.886    -0.255     0.386
 4   118.652     9.924    -0.467
 4     0.601    -0.783    -0.160
 4     0.796     0.605     0.029
 4     0.074    -0.145     0.986
 5    99.315    22.643     7.857
 5    -0.718    -0.520     0.462
 5     0.481    -0.851    -0.209
 5     0.502     0.073     0.862
 6    83.949    36.840    27.122
 6    -0.854     0.139    -0.500
 6     0.370     0.839    -0.399
 6     0.364    -0.526    -0.768
 7   119.077   -21.679     1.465
 7     0.691     0.721     0.036
 7    -0.722     0.687     0.083
 7     0.036    -0.084     0.996
 8    99.387   -32.196     8.832
 8    -0.829     0.416     0.373
 8    -0.406    -0.907     0.108
 8     0.384    -0.062     0.921
 9    81.283   -48.598    26.454
 9    -0.839    -0.194    -0.508
 9    -0.461     0.749     0.476
 9     0.288     0.634    -0.718
 2    96.156   -22.694    60.085
 2    -0.015    -1.000    -0.012
 2     0.979    -0.017     0.200
 2    -0.200    -0.009     0.979
 3   128.500    -2.665    10.198
 3     0.365    -0.193    -0.911
 3     0.307     0.948    -0.078
 3     0.879    -0.251     0.405
 4   117.907    10.044    -0.354
 4     0.600    -0.786    -0.144
 4     0.796     0.604     0.024
 4     0.068    -0.129     0.989
 5    99.002    22.670     8.871
 5    -0.700    -0.518     0.491
 5     0.474    -0.852    -0.223
 5     0.533     0.076     0.842
 6    84.508    36.469    29.117
 6    -0.838     0.094    -0.537
 6     0.351     0.846    -0.401
 6     0.417    -0.525    -0.742
 7   118.522   -21.690     1.620
 7     0.697     0.714     0.062
 7    -0.716     0.692     0.087
 7     0.019    -0.105     0.994
 8    99.239   -32.151     9.875
 8    -0.807     0.425     0.410
 8    -0.410    -0.903     0.129
 8     0.425    -0.064     0.903
 9    82.133   -48.360    28.381
 9    -0.821    -0.165    -0.546
 9    -0.460     0.758     0.463
 9     0.338     0.631    -0.698
 2    96.156   -22.694    60.085
 2    -0.015    -1.000    -0.013
 2     0.979    -0.017     0.200
 2    -0.200    -0.010     0.979
 3   128.227    -2.575    10.141
 3     0.378    -0.199    -0.904
 3     0.304     0.949    -0.082
 3     0.875    -0.244     0.419
 4   117.546    10.328    -0.137
 4     0.605    -0.785    -0.129
 4     0.792     0.610     0.000
 4     0.078    -0.102     0.991
 5    98.969    22.726     9.885
 5    -0.688    -0.512     0.515
 5     0.455    -0.856    -0.243
 5     0.566     0.067     0.822
 6    84.673    35.689    31.174
 6    -0.829     0.050    -0.557
 6     0.316     0.862    -0.395
 6     0.460    -0.504    -0.731
 7   118.279   -21.567     1.600
 7     0.704     0.705     0.077
 7    -0.710     0.699     0.089
 7     0.009    -0.117     0.993
 8    99.269   -31.969    10.604
 8    -0.792     0.423     0.439
 8    -0.405    -0.904     0.140
 8     0.456    -0.067     0.887
 9    82.880   -47.738    29.968
 9    -0.810    -0.136    -0.570
 9    -0.449     0.769     0.455
 9     0.376     0.625    -0.684
 2    96.156   -22.694    60.085
 2    -0.015    -1.000    -0.013
 2     0.979    -0.017     0.200
 2    -0.200    -0.009     0.980
 3   128.111    -2.408    10.180
 3     0.388    -0.201    -0.899
 3     0.297     0.951    -0.084
 3     0.872    -0.235     0.429
 4   117.455    10.882     0.302
 4     0.612    -0.781    -0.125
 4     0.783     0.620    -0.040
 4     0.108    -0.073     0.991
 5    99.266    22.989    11.538
 5    -0.666    -0.519     0.536
 5     0.435    -0.854    -0.285
 5     0.606     0.043     0.794
 6    86.003    35.171    33.779
 6    -0.807     0.026    -0.590
 6     0.294     0.884    -0.363
 6     0.512    -0.467    -0.721
 7   118.138   -21.437     1.923
 7     0.721     0.686     0.088
 7    -0.692     0.715     0.094
 7     0.001    -0.129     0.991
 8    99.753   -32.300    11.921
 8    -0.748     0.454     0.484
 8    -0.430    -0.887     0.168
 8     0.506    -0.082     0.858
 9    85.411   -48.528    32.177
 9    -0.766    -0.118    -0.632
 9    -0.474     0.768     0.431
 9     0.434     0.630    -0.644
 2    96.156   -22.694    60.085
 2    -0.015    -1.000    -0.013
 2     0.979    -0.017     0.200
 2    -0.200    -0.010     0.979
 3   128.070    -2.469    10.244
 3     0.401    -0.202    -0.894
 3     0.290     0.953    -0.085
 3     0.869    -0.225     0.440
 4   117.202    11.251     0.751
 4     0.626    -0.773    -0.107
 4     0.768     0.634    -0.085
 4     0.133    -0.029     0.990
 5   100.017    23.568    13.401
 5    -0.617    -0.543     0.570
 5     0.431    -0.839    -0.333
 5     0.659     0.040     0.751
 6    88.404    35.221    36.853
 6    -0.763     0.010    -0.647
 6     0.289     0.899    -0.327
 6     0.578    -0.437    -0.689
 7   117.926   -21.565     1.962
 7     0.742     0.662     0.103
 7    -0.670     0.736     0.093
 7    -0.015    -0.138     0.990
 8   100.695   -32.948    13.512
 8    -0.675     0.496     0.545
 8    -0.465    -0.860     0.207
 8     0.572    -0.114     0.812
 9    89.301   -49.502    35.051
 9    -0.695    -0.082    -0.715
 9    -0.499     0.771     0.396
 9     0.518     0.632    -0.576
 2    96.156   -22.694    60.085
 2    -0.015    -1.000    -0.013
 2     0.979    -0.017     0.200
 2    -0.200    -0.010     0.979
 3   127.966    -2.440    10.295
 3     0.423    -0.218    -0.880
 3     0.287     0.953    -0.097
 3     0.859    -0.212     0.465
 4   116.781    11.437     1.040
 4     0.637    -0.766    -0.083
 4     0.755     0.642    -0.128
 4     0.151     0.018     0.988
 5   101.279    24.312    15.732
 5    -0.530    -0.574     0.624
 5     0.440    -0.815    -0.376
 5     0.724     0.075     0.685
 6    92.512    35.812    40.553
 6    -0.687    -0.005    -0.726
 6     0.304     0.906    -0.294
 6     0.659    -0.423    -0.621
 7   117.627   -21.618     2.191
 7     0.768     0.628     0.123
 7    -0.639     0.764     0.091
 7    -0.036    -0.149     0.988
 8   102.246   -33.727    15.619
 8    -0.566     0.527     0.634
 8    -0.501    -0.830     0.243
 8     0.655    -0.181     0.734
 9    95.106   -50.480    38.431
 9    -0.586    -0.014    -0.810
 9    -0.521     0.772     0.363
 9     0.620     0.635    -0.460
 2    96.156   -22.694    60.085
 2    -0.015    -1.000    -0.013
 2     0.979    -0.017     0.200
 2    -0.200    -0.010     0.979
 3   127.848    -2.617    10.130
 3     0.451    -0.237    -0.860
 3     0.284     0.952    -0.113
 3     0.846    -0.194     0.497
 4   116.353    11.483     1.302
 4     0.651    -0.756    -0.058
 4     0.743     0.651    -0.153
 4     0.153     0.056     0.986
 5   102.993    24.909    17.967
 5    -0.422    -0.602     0.678
 5     0.447    -0.789    -0.422
 5     0.788     0.125     0.602
 6    97.352    36.004    44.004
 6    -0.597    -0.037    -0.802
 6     0.303     0.914    -0.268
 6     0.743    -0.403    -0.534
 7   117.325   -21.667     2.278
 7     0.787     0.599     0.143
 7    -0.614     0.782     0.104
 7    -0.050    -0.170     0.984
 8   104.355   -34.078    17.725
 8    -0.432     0.535     0.726
 8    -0.522    -0.805     0.283
 8     0.735    -0.257     0.626
 9   101.657   -50.099    41.572
 9    -0.458     0.063    -0.887
 9    -0.519     0.790     0.324
 9     0.721     0.609    -0.329
 2    96.157   -22.694    60.035
 2    -0.015    -1.000    -0.013
 2     0.979    -0.017     0.200
 2    -0.200    -0.010     0.980
 3   127.780    -2.663    10.023
 3     0.473    -0.251    -0.844
 3     0.289     0.949    -0.121
 3     0.832    -0.187     0.522
 4   116.128    11.485     1.432
 4     0.668    -0.744    -0.029
 4     0.732     0.663    -0.152
 4     0.132     0.080     0.988
 5   105.013    25.562    19.245
 5    -0.320    -0.610     0.725
 5     0.458    -0.769    -0.445
 5     0.829     0.190     0.525
 6   102.062    36.186    46.183
 6    -0.512    -0.066    -0.856
 6     0.292     0.924    -0.246
 6     0.807    -0.377    -0.454
 7   117.226   -21.659     2.411
 7     0.800     0.578     0.156
 7    -0.597     0.792     0.124
 7    -0.052    -0.193     0.980
 8   106.740   -34.303    19.774
 8    -0.295     0.524     0.799
 8    -0.527    -0.786     0.322
 8     0.797    -0.326     0.508
 9   108.323   -49.678    44.078
 9    -0.328     0.128    -0.936
 9    -0.505     0.813     0.288
 9     0.798     0.567    -0.202
 2    96.156   -22.694    60.085
 2    -0.015    -1.000    -0.013
 2     0.979    -0.017     0.200
 2    -0.200    -0.010     0.979
 3   127.715    -2.858     9.915
 3     0.492    -0.269    -0.828
 3     0.298     0.945    -0.130
 3     0.818    -0.183     0.545
 4   115.775    11.249     1.805
 4     0.681    -0.733     0.004
 4     0.726     0.673    -0.139
 4     0.098     0.097     0.990
 5   107.222    25.871    20.680
 5    -0.200    -0.619     0.760
 5     0.468    -0.742    -0.481
 5     0.861     0.259     0.437
 6   107.587    36.361    47.989
 6    -0.409    -0.083    -0.909
 6     0.299     0.928    -0.219
 6     0.862    -0.362    -0.355
 7   116.838   -21.736     2.775
 7     0.808     0.561     0.177
 7    -0.585     0.798     0.141
 7    -0.062    -0.218     0.974
 8   108.987   -33.971    22.019
 8    -0.141     0.473     0.870
 8    -0.513    -0.786     0.345
 8     0.847    -0.397     0.353
 9   114.975   -47.894    46.313
 9    -0.183     0.224    -0.957
 9    -0.468     0.837     0.285
 9     0.865     0.500    -0.049
 2    96.206   -22.694    60.085
 2    -0.015    -1.000    -0.013
 2     0.979    -0.017     0.200
 2    -0.200    -0.010     0.980
 3   127.633    -3.165     9.955
 3     0.520    -0.282    -0.806
 3     0.301     0.943    -0.136
 3     0.799    -0.172     0.575
 4   114.639    10.900     2.276
 4     0.677    -0.734     0.054
 4     0.736     0.673    -0.069
 4     0.014     0.086     0.996
 5   109.614    25.593    23.221
 5    -0.027    -0.573     0.819
 5     0.453    -0.737    -0.501
 5     0.891     0.357     0.279
 6   114.916    35.584    49.676
 6    -0.235    -0.203    -0.950
 6     0.278     0.922    -0.266
 6     0.931    -0.327    -0.161
 7   115.702   -21.877     3.250
 7     0.792     0.569     0.219
 7    -0.603     0.787     0.132
 7    -0.097    -0.237     0.966
 8   111.211   -32.472    24.419
 8     0.022     0.325     0.945
