% Calibrated with leiden_pols
% Positions are in centimeters
Data =[
 2    97.199   -23.862    59.173
 2     0.714    -0.701     0.002
 2     0.699     0.712     0.052
 2    -0.037    -0.037     0.998
 3   130.927    -2.869     1.842
 3     0.602    -0.034    -0.798
 3    -0.064     0.994    -0.090
 3     0.796     0.105     0.596
 4   113.638    14.639    -8.103
 4     0.373    -0.783     0.499
 4     0.927     0.306    -0.213
 4     0.014     0.542     0.840
 5   121.627    22.467    20.597
 5     0.476    -0.643     0.603
 5     0.208    -0.582    -0.785
 5     0.854     0.497    -0.143
 6   138.065    24.360    44.947
 6     0.600    -0.675    -0.438
 6    -0.109     0.467    -0.875
 6     0.793     0.571     0.208
 7   115.928   -21.833    -6.063
 7     0.337     0.918     0.206
 7    -0.936     0.303     0.177
 7     0.100    -0.253     0.962
 8   121.068   -26.259    23.093
 8     0.497     0.263     0.828
 8    -0.116    -0.924     0.361
 8     0.860    -0.276    -0.428
 9   136.670   -33.052    47.084
 9     0.540     0.822    -0.190
 9    -0.062     0.257     0.964
 9     0.839    -0.508     0.188
 2    97.199   -23.862    59.173
 2     0.714    -0.701     0.002
 2     0.699     0.712     0.052
 2    -0.037    -0.037     0.998
 3   131.044    -2.871     1.776
 3     0.604    -0.032    -0.796
 3    -0.063     0.994    -0.088
 3     0.794     0.103     0.598
 4   113.733    14.637    -8.174
 4     0.374    -0.782     0.500
 4     0.927     0.307    -0.212
 4     0.012     0.542     0.839
 5   121.633    22.468    20.541
 5     0.475    -0.643     0.604
 5     0.208    -0.582    -0.785
 5     0.855     0.497    -0.142
 6   138.071    24.361    44.944
 6     0.597    -0.675    -0.440
 6    -0.108     0.470    -0.873
 6     0.794     0.568     0.210
 7   115.978   -21.833    -6.113
 7     0.336     0.919     0.206
 7    -0.936     0.303     0.177
 7     0.100    -0.252     0.962
 8   121.116   -26.260    23.050
 8     0.497     0.261     0.828
 8    -0.118    -0.925     0.360
 8     0.859    -0.275    -0.429
 9   136.671   -33.052    47.033
 9     0.540     0.823    -0.188
 9    -0.062     0.255     0.964
 9     0.839    -0.508     0.188
 2    97.174   -23.862    59.173
 2     0.714    -0.701     0.002
 2     0.699     0.712     0.052
 2    -0.037    -0.037     0.998
 3   131.045    -2.870     1.726
 3     0.604    -0.032    -0.796
 3    -0.062     0.994    -0.086
 3     0.794     0.101     0.599
 4   113.733    14.637    -8.174
 4     0.374    -0.782     0.500
 4     0.927     0.307    -0.211
 4     0.012     0.542     0.839
 5   121.707    22.469    20.541
 5     0.474    -0.644     0.604
 5     0.208    -0.583    -0.785
 5     0.855     0.495    -0.142
 6   138.074    24.388    44.888
 6     0.597    -0.676    -0.440
 6    -0.108     0.470    -0.873
 6     0.795     0.568     0.209
 7   115.977   -21.834    -6.114
 7     0.336     0.919     0.205
 7    -0.937     0.302     0.176
 7     0.100    -0.251     0.963
 8   121.119   -26.208    23.094
 8     0.496     0.262     0.829
 8    -0.117    -0.925     0.359
 8     0.860    -0.275    -0.428
 9   136.721   -33.103    47.034
 9     0.539     0.823    -0.187
 9    -0.064     0.254     0.964
 9     0.839    -0.507     0.188
 2    97.174   -23.862    59.173
 2     0.714    -0.701     0.002
 2     0.699     0.712     0.052
 2    -0.037    -0.037     0.998
 3   131.045    -2.870     1.726
 3     0.605    -0.031    -0.796
 3    -0.062     0.994    -0.086
 3     0.794     0.101     0.599
 4   113.731    14.636    -8.171
 4     0.374    -0.782     0.500
 4     0.927     0.308    -0.210
 4     0.011     0.542     0.840
 5   121.708    22.468    20.490
 5     0.475    -0.644     0.603
 5     0.207    -0.582    -0.785
 5     0.855     0.496    -0.142
 6   138.070    24.387    44.893
 6     0.598    -0.675    -0.440
 6    -0.108     0.470    -0.873
 6     0.794     0.568     0.209
 7   115.927   -21.835    -6.113
 7     0.333     0.921     0.203
 7    -0.937     0.300     0.175
 7     0.100    -0.249     0.963
 8   121.119   -26.210    23.095
 8     0.495     0.261     0.830
 8    -0.119    -0.925     0.359
 8     0.860    -0.276    -0.427
 9   136.721   -33.181    46.983
 9     0.539     0.823    -0.186
 9    -0.066     0.254     0.964
 9     0.839    -0.507     0.190
 2    97.199   -23.862    59.173
 2     0.714    -0.701     0.002
 2     0.699     0.712     0.052
 2    -0.037    -0.037     0.998
 3   130.999    -2.870     1.772
 3     0.602    -0.030    -0.798
 3    -0.064     0.994    -0.086
 3     0.795     0.103     0.597
 4   113.733    14.637    -8.174
 4     0.374    -0.783     0.499
 4     0.927     0.307    -0.211
 4     0.012     0.541     0.840
 5   121.708    22.468    20.492
 5     0.474    -0.645     0.602
 5     0.208    -0.581    -0.786
 5     0.855     0.496    -0.140
 6   138.070    24.387    44.892
 6     0.598    -0.675    -0.439
 6    -0.108     0.470    -0.874
 6     0.794     0.569     0.209
 7   115.856   -21.784    -6.068
 7     0.330     0.922     0.201
 7    -0.938     0.297     0.175
 7     0.102    -0.247     0.964
 8   121.016   -26.267    23.154
 8     0.495     0.251     0.833
 8    -0.127    -0.927     0.352
 8     0.859    -0.280    -0.427
 9   136.598   -33.413    46.959
 9     0.539     0.826    -0.177
 9    -0.073     0.247     0.965
 9     0.839    -0.507     0.192
 2    97.174   -23.862    59.198
 2     0.714    -0.701     0.002
 2     0.699     0.712     0.052
 2    -0.037    -0.037     0.998
 3   130.978    -2.895     1.818
 3     0.602    -0.030    -0.798
 3    -0.065     0.994    -0.086
 3     0.796     0.103     0.596
 4   113.689    14.588    -8.179
 4     0.375    -0.783     0.498
 4     0.927     0.307    -0.213
 4     0.014     0.541     0.840
 5   121.633    22.520    20.494
 5     0.473    -0.646     0.603
 5     0.211    -0.579    -0.786
 5     0.855     0.497    -0.137
 6   138.065    24.436    44.896
 6     0.599    -0.675    -0.437
 6    -0.108     0.467    -0.875
 6     0.793     0.571     0.208
 7   115.757   -21.786    -6.016
 7     0.328     0.923     0.202
 7    -0.939     0.295     0.175
 7     0.102    -0.247     0.964
 8   121.003   -26.350    23.073
 8     0.498     0.243     0.833
 8    -0.134    -0.927     0.348
 8     0.856    -0.285    -0.429
 9   136.593   -33.697    46.864
 9     0.539     0.827    -0.170
 9    -0.079     0.244     0.966
 9     0.838    -0.506     0.196
 2    97.174   -23.862    59.173
 2     0.714    -0.701     0.002
 2     0.699     0.712     0.052
 2    -0.037    -0.037     0.998
 3   130.982    -2.818     1.762
 3     0.600    -0.028    -0.799
 3    -0.066     0.994    -0.084
 3     0.797     0.103     0.595
 4   113.694    14.769    -8.238
 4     0.371    -0.785     0.497
 4     0.928     0.303    -0.213
 4     0.017     0.540     0.841
 5   121.637    22.572    20.486
 5     0.473    -0.644     0.604
 5     0.210    -0.582    -0.784
 5     0.856     0.496    -0.139
 6   138.064    24.436    44.946
 6     0.599    -0.676    -0.436
 6    -0.109     0.465    -0.876
 6     0.793     0.572     0.206
 7   115.565   -21.192    -6.273
 7     0.311     0.930     0.195
 7    -0.946     0.281     0.162
 7     0.096    -0.234     0.967
 8   120.944   -26.176    22.959
 8     0.502     0.242     0.832
 8    -0.137    -0.926     0.349
 8     0.854    -0.289    -0.431
 9   136.539   -33.881    46.616
 9     0.540     0.827    -0.162
 9    -0.088     0.241     0.966
 9     0.837    -0.507     0.203
 2    97.174   -23.862    59.173
 2     0.714    -0.701     0.002
 2     0.699     0.712     0.052
 2    -0.037    -0.037     0.998
 3   131.092    -2.811     1.631
 3     0.591    -0.011    -0.807
 3    -0.067     0.996    -0.063
 3     0.804     0.091     0.587
 4   114.055    14.819    -8.466
 4     0.378    -0.790     0.484
 4     0.925     0.311    -0.214
 4     0.019     0.529     0.848
 5   121.873    22.651    20.249
 5     0.469    -0.649     0.602
 5     0.208    -0.579    -0.787
 5     0.858     0.493    -0.136
