% Calibrated with leiden_pols
% Positions are in centimeters
Data =[
 2    97.199   -23.862    59.173
 2     0.714    -0.701     0.002
 2     0.699     0.712     0.052
 2    -0.037    -0.037     0.998
 3   130.927    -2.869     1.842
 3     0.602    -0.034    -0.798
 3    -0.064     0.994    -0.090
 3     0.796     0.105     0.596
 4   113.638    14.639    -8.103
 4     0.373    -0.783     0.499
 4     0.927     0.306    -0.213
 4     0.014     0.542     0.840
 5   121.627    22.467    20.597
 5     0.476    -0.643     0.603
 5     0.208    -0.582    -0.785
 5     0.854     0.497    -0.143
 6   138.065    24.360    44.947
 6     0.600    -0.675    -0.438
 6    -0.109     0.467    -0.875
 6     0.793     0.571     0.208
 7   115.928   -21.833    -6.063
 7     0.337     0.918     0.206
 7    -0.936     0.303     0.177
 7     0.100    -0.253     0.962
 8   121.068   -26.259    23.093
 8     0.497     0.263     0.828
 8    -0.116    -0.924     0.361
 8     0.860    -0.276    -0.428
 9   136.670   -33.052    47.084
 9     0.540     0.822    -0.190
 9    -0.062     0.257     0.964
 9     0.839    -0.508     0.188
 2    97.199   -23.862    59.173
 2     0.714    -0.701     0.002
 2     0.699     0.712     0.052
 2    -0.037    -0.037     0.998
 3   131.044    -2.871     1.776
 3     0.604    -0.032    -0.796
 3    -0.063     0.994    -0.088
 3     0.794     0.103     0.598
 4   113.733    14.637    -8.174
 4     0.374    -0.782     0.500
 4     0.927     0.307    -0.212
 4     0.012     0.542     0.839
 5   121.633    22.468    20.541
 5     0.475    -0.643     0.604
 5     0.208    -0.582    -0.785
 5     0.855     0.497    -0.142
 6   138.071    24.361    44.944
 6     0.597    -0.675    -0.440
 6    -0.108     0.470    -0.873
 6     0.794     0.568     0.210
 7   115.978   -21.833    -6.113
 7     0.336     0.919     0.206
 7    -0.936     0.303     0.177
 7     0.100    -0.252     0.962
 8   121.116   -26.260    23.050
 8     0.497     0.261     0.828
 8    -0.118    -0.925     0.360
 8     0.859    -0.275    -0.429
 9   136.671   -33.052    47.033
 9     0.540     0.823    -0.188
 9    -0.062     0.255     0.964
 9     0.839    -0.508     0.188
 2    97.174   -23.862    59.173
 2     0.714    -0.701     0.002
 2     0.699     0.712     0.052
 2    -0.037    -0.037     0.998
 3   131.045    -2.870     1.726
 3     0.604    -0.032    -0.796
 3    -0.062     0.994    -0.086
 3     0.794     0.101     0.599
 4   113.733    14.637    -8.174
 4     0.374    -0.782     0.500
 4     0.927     0.307    -0.211
 4     0.012     0.542     0.839
 5   121.707    22.469    20.541
 5     0.474    -0.644     0.604
 5     0.208    -0.583    -0.785
 5     0.855     0.495    -0.142
 6   138.074    24.388    44.888
 6     0.597    -0.676    -0.440
 6    -0.108     0.470    -0.873
 6     0.795     0.568     0.209
 7   115.977   -21.834    -6.114
 7     0.336     0.919     0.205
 7    -0.937     0.302     0.176
 7     0.100    -0.251     0.963
 8   121.119   -26.208    23.094
 8     0.496     0.262     0.829
 8    -0.117    -0.925     0.359
 8     0.860    -0.275    -0.428
 9   136.721   -33.103    47.034
 9     0.539     0.823    -0.187
 9    -0.064     0.254     0.964
 9     0.839    -0.507     0.188
 2    97.174   -23.862    59.173
 2     0.714    -0.701     0.002
 2     0.699     0.712     0.052
 2    -0.037    -0.037     0.998
 3   131.045    -2.870     1.726
 3     0.605    -0.031    -0.796
 3    -0.062     0.994    -0.086
 3     0.794     0.101     0.599
 4   113.731    14.636    -8.171
 4     0.374    -0.782     0.500
 4     0.927     0.308    -0.210
 4     0.011     0.542     0.840
 5   121.708    22.468    20.490
 5     0.475    -0.644     0.603
 5     0.207    -0.582    -0.785
 5     0.855     0.496    -0.142
 6   138.070    24.387    44.893
 6     0.598    -0.675    -0.440
 6    -0.108     0.470    -0.873
 6     0.794     0.568     0.209
 7   115.927   -21.835    -6.113
 7     0.333     0.921     0.203
 7    -0.937     0.300     0.175
 7     0.100    -0.249     0.963
 8   121.119   -26.210    23.095
 8     0.495     0.261     0.830
 8    -0.119    -0.925     0.359
 8     0.860    -0.276    -0.427
 9   136.721   -33.181    46.983
 9     0.539     0.823    -0.186
 9    -0.066     0.254     0.964
 9     0.839    -0.507     0.190
 2    97.199   -23.862    59.173
 2     0.714    -0.701     0.002
 2     0.699     0.712     0.052
 2    -0.037    -0.037     0.998
 3   130.999    -2.870     1.772
 3     0.602    -0.030    -0.798
 3    -0.064     0.994    -0.086
 3     0.795     0.103     0.597
 4   113.733    14.637    -8.174
 4     0.374    -0.783     0.499
 4     0.927     0.307    -0.211
 4     0.012     0.541     0.840
 5   121.708    22.468    20.492
 5     0.474    -0.645     0.602
 5     0.208    -0.581    -0.786
 5     0.855     0.496    -0.140
 6   138.070    24.387    44.892
 6     0.598    -0.675    -0.439
 6    -0.108     0.470    -0.874
 6     0.794     0.569     0.209
 7   115.856   -21.784    -6.068
 7     0.330     0.922     0.201
 7    -0.938     0.297     0.175
 7     0.102    -0.247     0.964
 8   121.016   -26.267    23.154
 8     0.495     0.251     0.833
 8    -0.127    -0.927     0.352
 8     0.859    -0.280    -0.427
 9   136.598   -33.413    46.959
 9     0.539     0.826    -0.177
 9    -0.073     0.247     0.965
 9     0.839    -0.507     0.192
 2    97.174   -23.862    59.198
 2     0.714    -0.701     0.002
 2     0.699     0.712     0.052
 2    -0.037    -0.037     0.998
 3   130.978    -2.895     1.818
 3     0.602    -0.030    -0.798
 3    -0.065     0.994    -0.086
 3     0.796     0.103     0.596
 4   113.689    14.588    -8.179
 4     0.375    -0.783     0.498
 4     0.927     0.307    -0.213
 4     0.014     0.541     0.840
 5   121.633    22.520    20.494
 5     0.473    -0.646     0.603
 5     0.211    -0.579    -0.786
 5     0.855     0.497    -0.137
 6   138.065    24.436    44.896
 6     0.599    -0.675    -0.437
 6    -0.108     0.467    -0.875
 6     0.793     0.571     0.208
 7   115.757   -21.786    -6.016
 7     0.328     0.923     0.202
 7    -0.939     0.295     0.175
 7     0.102    -0.247     0.964
 8   121.003   -26.350    23.073
 8     0.498     0.243     0.833
 8    -0.134    -0.927     0.348
 8     0.856    -0.285    -0.429
 9   136.593   -33.697    46.864
 9     0.539     0.827    -0.170
 9    -0.079     0.244     0.966
 9     0.838    -0.506     0.196
 2    97.174   -23.862    59.173
 2     0.714    -0.701     0.002
 2     0.699     0.712     0.052
 2    -0.037    -0.037     0.998
 3   130.982    -2.818     1.762
 3     0.600    -0.028    -0.799
 3    -0.066     0.994    -0.084
 3     0.797     0.103     0.595
 4   113.694    14.769    -8.238
 4     0.371    -0.785     0.497
 4     0.928     0.303    -0.213
 4     0.017     0.540     0.841
 5   121.637    22.572    20.486
 5     0.473    -0.644     0.604
 5     0.210    -0.582    -0.784
 5     0.856     0.496    -0.139
 6   138.064    24.436    44.946
 6     0.599    -0.676    -0.436
 6    -0.109     0.465    -0.876
 6     0.793     0.572     0.206
 7   115.565   -21.192    -6.273
 7     0.311     0.930     0.195
 7    -0.946     0.281     0.162
 7     0.096    -0.234     0.967
 8   120.944   -26.176    22.959
 8     0.502     0.242     0.832
 8    -0.137    -0.926     0.349
 8     0.854    -0.289    -0.431
 9   136.539   -33.881    46.616
 9     0.540     0.827    -0.162
 9    -0.088     0.241     0.966
 9     0.837    -0.507     0.203
 2    97.174   -23.862    59.173
 2     0.714    -0.701     0.002
 2     0.699     0.712     0.052
 2    -0.037    -0.037     0.998
 3   131.092    -2.811     1.631
 3     0.591    -0.011    -0.807
 3    -0.067     0.996    -0.063
 3     0.804     0.091     0.587
 4   114.055    14.819    -8.466
 4     0.378    -0.790     0.484
 4     0.925     0.311    -0.214
 4     0.019     0.529     0.848
 5   121.873    22.651    20.249
 5     0.469    -0.649     0.602
 5     0.208    -0.579    -0.787
 5     0.858     0.493    -0.136
 6   138.103    24.363    44.856
 6     0.595    -0.677    -0.443
 6    -0.110     0.470    -0.873
 6     0.796     0.566     0.205
 7   115.622   -21.320    -6.177
 7     0.302     0.934     0.191
 7    -0.948     0.273     0.162
 7     0.099    -0.230     0.968
 8   120.923   -26.331    22.961
 8     0.500     0.231     0.835
 8    -0.143    -0.929     0.341
 8     0.854    -0.289    -0.431
 9   136.440   -34.010    46.617
 9     0.539     0.829    -0.157
 9    -0.092     0.237     0.966
 9     0.837    -0.506     0.204
 2    97.174   -23.862    59.173
 2     0.714    -0.701     0.002
 2     0.699     0.712     0.052
 2    -0.037    -0.037     0.998
 3   131.113    -3.071     1.768
 3     0.600    -0.015    -0.800
 3    -0.064     0.995    -0.067
 3     0.797     0.091     0.596
 4   113.987    14.482    -8.446
 4     0.381    -0.785     0.490
 4     0.925     0.316    -0.211
 4     0.011     0.533     0.845
 5   121.829    22.602    20.244
 5     0.468    -0.651     0.601
 5     0.208    -0.578    -0.788
 5     0.859     0.492    -0.134
 6   138.078    24.390    44.754
 6     0.595    -0.679    -0.439
 6    -0.106     0.468    -0.874
 6     0.796     0.566     0.207
 7   115.817   -21.765    -6.080
 7     0.309     0.932     0.191
 7    -0.945     0.277     0.173
 7     0.108    -0.234     0.966
 8   120.973   -26.318    23.054
 8     0.495     0.235     0.837
 8    -0.132    -0.931     0.338
 8     0.859    -0.277    -0.430
 9   136.337   -33.900    46.842
 9     0.531     0.833    -0.159
 9    -0.086     0.234     0.968
 9     0.842    -0.500     0.196
 2    97.199   -23.862    59.173
 2     0.714    -0.701     0.002
 2     0.699     0.712     0.052
 2    -0.037    -0.037     0.998
 3   131.159    -3.071     1.772
 3     0.602    -0.018    -0.798
 3    -0.063     0.995    -0.070
 3     0.796     0.092     0.598
 4   114.037    14.457    -8.446
 4     0.381    -0.784     0.491
 4     0.924     0.316    -0.211
 4     0.011     0.534     0.845
 5   121.734    22.531    20.063
 5     0.463    -0.650     0.606
 5     0.213    -0.580    -0.785
 5     0.860     0.491    -0.129
 6   138.077    24.392    44.753
 6     0.596    -0.680    -0.436
 6    -0.104     0.466    -0.876
 6     0.796     0.566     0.207
 7   115.863   -21.791    -6.154
 7     0.310     0.932     0.189
 7    -0.945     0.279     0.172
 7     0.107    -0.232     0.967
 8   121.100   -26.560    23.045
 8     0.501     0.213     0.840
 8    -0.148    -0.934     0.323
 8     0.853    -0.286    -0.436
 9   136.426   -34.415    46.734
 9     0.534     0.833    -0.148
 9    -0.096     0.227     0.969
 9     0.839    -0.503     0.200
 2    97.174   -23.913    59.173
 2     0.714    -0.701     0.002
 2     0.699     0.712     0.052
 2    -0.037    -0.037     0.998
 3   131.196    -3.069     1.808
 3     0.597    -0.017    -0.802
 3    -0.065     0.995    -0.069
 3     0.799     0.093     0.593
 4   114.097    14.409    -8.355
 4     0.382    -0.785     0.489
 4     0.924     0.315    -0.215
 4     0.015     0.533     0.845
 5   121.563    22.715    20.040
 5     0.456    -0.651     0.610
 5     0.225    -0.577    -0.784
 5     0.861     0.492    -0.116
 6   137.903    24.564    44.876
 6     0.602    -0.680    -0.425
 6    -0.104     0.455    -0.881
 6     0.791     0.574     0.205
 7   115.863   -21.790    -6.130
 7     0.311     0.931     0.188
 7    -0.944     0.280     0.171
 7     0.107    -0.231     0.967
 8   121.078   -26.899    23.048
 8     0.505     0.179     0.845
 8    -0.187    -0.933     0.307
 8     0.842    -0.312    -0.438
 9   136.474   -35.579    46.237
 9     0.539     0.834    -0.127
 9    -0.123     0.220     0.967
 9     0.833    -0.505     0.221
 2    97.199   -23.862    59.173
 2     0.714    -0.701     0.002
 2     0.699     0.712     0.052
 2    -0.037    -0.037     0.998
 3   131.178    -3.118     1.823
 3     0.595    -0.018    -0.804
 3    -0.066     0.995    -0.071
 3     0.801     0.095     0.591
 4   113.994    14.266    -8.308
 4     0.382    -0.785     0.488
 4     0.924     0.310    -0.224
 4     0.025     0.536     0.843
 5   121.118    23.334    19.868
 5     0.444    -0.630     0.640
 5     0.272    -0.585    -0.763
 5     0.854     0.511    -0.088
 6   137.593    26.449    44.471
 6     0.623    -0.691    -0.375
 6    -0.061     0.430    -0.899
 6     0.779     0.581     0.227
 7   115.795   -21.767    -6.245
 7     0.321     0.929     0.182
 7    -0.942     0.293     0.166
 7     0.101    -0.225     0.969
 8   120.954   -27.959    22.760
 8     0.510     0.098     0.855
 8    -0.270    -0.925     0.265
 8     0.817    -0.366    -0.445
 9   136.324   -38.917    44.724
 9     0.554     0.831    -0.064
 9    -0.198     0.201     0.959
 9     0.809    -0.518     0.276
 2    97.174   -23.913    59.173
 2     0.714    -0.701     0.002
 2     0.699     0.712     0.052
 2    -0.037    -0.037     0.998
 3   131.121    -3.068     1.876
 3     0.596    -0.024    -0.803
 3    -0.065     0.995    -0.078
 3     0.800     0.099     0.591
 4   113.462    14.060    -8.413
 4     0.359    -0.788     0.501
 4     0.933     0.293    -0.205
 4     0.015     0.540     0.841
 5   120.196    24.896    19.245
 5     0.436    -0.531     0.729
 5     0.383    -0.622    -0.681
 5     0.814     0.575    -0.068
 6   137.132    31.657    42.583
 6     0.649    -0.714    -0.272
 6     0.075     0.408    -0.908
 6     0.756     0.569     0.320
 7   115.625   -21.560    -6.479
 7     0.331     0.928     0.171
 7    -0.941     0.310     0.136
 7     0.074    -0.206     0.976
 8   120.683   -29.744    21.860
 8     0.499    -0.023     0.866
 8    -0.399    -0.894     0.204
 8     0.769    -0.447    -0.455
 9   135.855   -44.287    41.456
 9     0.577     0.815     0.050
 9    -0.325     0.170     0.930
 9     0.749    -0.553     0.363
 2    97.174   -23.862    59.173
 2     0.714    -0.701     0.002
 2     0.699     0.712     0.052
 2    -0.037    -0.037     0.998
 3   131.014    -2.890     1.810
 3     0.600    -0.028    -0.800
 3    -0.060     0.995    -0.080
 3     0.798     0.095     0.595
 4   112.884    13.721    -8.847
 4     0.333    -0.793     0.511
 4     0.943     0.281    -0.176
 4    -0.004     0.540     0.841
 5   119.349    26.296    18.139
 5     0.423    -0.450     0.789
 5     0.470    -0.635    -0.612
 5     0.774     0.628    -0.057
 6   136.473    35.951    40.367
 6     0.663    -0.728    -0.184
 6     0.186     0.392    -0.899
 6     0.725     0.562     0.397
 7   115.107   -21.138    -7.122
 7     0.320     0.934     0.156
 7    -0.947     0.313     0.068
 7     0.015    -0.169     0.985
 8   119.985   -32.149    20.118
 8     0.474    -0.142     0.869
 8    -0.533    -0.832     0.156
 8     0.700    -0.537    -0.470
 9   134.435   -50.440    36.610
 9     0.579     0.795     0.181
 9    -0.471     0.144     0.870
 9     0.665    -0.589     0.458
 2    97.174   -23.862    59.173
 2     0.714    -0.701     0.002
 2     0.699     0.712     0.052
 2    -0.037    -0.037     0.998
 3   130.770    -2.641     1.399
 3     0.613    -0.046    -0.789
 3    -0.046     0.994    -0.093
 3     0.788     0.093     0.608
 4   111.623    13.137    -9.284
 4     0.297    -0.786     0.542
 4     0.954     0.269    -0.130
 4    -0.044     0.556     0.829
 5   118.610    27.538    16.705
 5     0.433    -0.343     0.836
 5     0.553    -0.631    -0.543
 5     0.712     0.696    -0.084
 6   136.131    40.202    36.875
 6     0.692    -0.718    -0.086
 6     0.292     0.383    -0.876
 6     0.660     0.581     0.475
 7   114.416   -20.689    -7.582
 7     0.294     0.945     0.143
 7    -0.955     0.296     0.009
 7    -0.034    -0.139     0.990
 8   119.093   -34.024    18.356
 8     0.456    -0.226     0.861
 8    -0.634    -0.761     0.135
 8     0.625    -0.608    -0.490
 9   132.721   -55.133    31.768
 9     0.569     0.775     0.278
 9    -0.588     0.148     0.795
 9     0.575    -0.614     0.539
 2    97.174   -23.862    59.173
 2     0.714    -0.701     0.002
 2     0.699     0.712     0.052
 2    -0.037    -0.037     0.998
 3   130.326    -2.416     0.958
 3     0.627    -0.070    -0.776
 3    -0.030     0.993    -0.113
 3     0.778     0.094     0.620
 4   110.100    12.546    -9.534
 4     0.264    -0.771     0.580
 4     0.960     0.264    -0.084
 4    -0.089     0.579     0.810
 5   118.087    28.518    15.334
 5     0.452    -0.249     0.857
 5     0.615    -0.609    -0.499
 5     0.646     0.752    -0.123
 6   136.009    43.165    33.016
 6     0.720    -0.694    -0.003
 6     0.373     0.388    -0.842
 6     0.584     0.606     0.539
 7   113.469   -20.385    -7.871
 7     0.275     0.944     0.180
 7    -0.958     0.286    -0.036
 7    -0.085    -0.162     0.983
 8   118.602   -35.914    16.512
 8     0.455    -0.286     0.844
 8    -0.711    -0.686     0.152
 8     0.535    -0.669    -0.515
 9   131.941   -58.859    26.140
 9     0.571     0.741     0.356
 9    -0.680     0.185     0.709
 9     0.460    -0.645     0.609
 2    97.174   -23.862    59.173
 2     0.714    -0.701     0.002
 2     0.699     0.712     0.052
 2    -0.037    -0.037     0.998
 3   129.821    -2.249     0.420
 3     0.641    -0.094    -0.762
 3    -0.024     0.989    -0.142
 3     0.766     0.109     0.632
 4   108.835    12.093    -9.697
 4     0.241    -0.752     0.615
 4     0.963     0.263    -0.055
 4    -0.120     0.605     0.786
 5   117.640    29.079    14.197
 5     0.471    -0.184     0.864
 5     0.650    -0.589    -0.478
 5     0.596     0.786    -0.158
 6   135.994    45.098    30.058
 6     0.735    -0.676     0.061
 6     0.434     0.398    -0.808
 6     0.521     0.620     0.586
 7   112.442   -19.842    -8.121
 7     0.266     0.935     0.234
 7    -0.955     0.288    -0.069
 7    -0.131    -0.205     0.970
 8   118.358   -36.992    14.717
 8     0.462    -0.352     0.815
 8    -0.763    -0.624     0.163
 8     0.451    -0.697    -0.556
 9   131.463   -61.018    21.385
 9     0.568     0.698     0.440
 9    -0.744     0.208     0.634
 9     0.350    -0.685     0.636
 2    97.174   -23.862    59.173
 2     0.714    -0.701     0.002
 2     0.699     0.712     0.052
 2    -0.037    -0.037     0.998
 3   129.037    -1.734    -0.312
 3     0.665    -0.121    -0.737
 3    -0.013     0.985    -0.173
 3     0.746     0.124     0.653
 4   107.002    11.839    -9.807
 4     0.213    -0.720     0.661
 4     0.965     0.261    -0.025
 4    -0.155     0.643     0.750
 5   117.354    29.879    13.013
 5     0.503    -0.100     0.859
 5     0.681    -0.566    -0.464
 5     0.531     0.818    -0.218
 6   136.265    46.758    26.478
 6     0.760    -0.637     0.130
 6     0.478     0.411    -0.776
 6     0.440     0.652     0.617
 7   111.205   -19.435    -8.239
 7     0.259     0.920     0.294
 7    -0.952     0.294    -0.081
 7    -0.161    -0.259     0.952
 8   117.891   -37.756    13.100
 8     0.470    -0.399     0.788
 8    -0.798    -0.572     0.188
 8     0.376    -0.717    -0.586
 9   130.417   -62.760    16.854
 9     0.555     0.664     0.506
 9    -0.793     0.238     0.559
 9     0.251    -0.709     0.656
 2    97.202   -23.861    59.170
 2     0.714    -0.701     0.001
 2     0.699     0.712     0.052
 2    -0.036    -0.037     0.998
 3   128.148    -1.481    -0.982
 3     0.691    -0.134    -0.711
 3    -0.013     0.980    -0.196
 3     0.723     0.144     0.675
 4   105.462    11.738    -9.750
 4     0.200    -0.685     0.701
 4     0.962     0.272    -0.009
 4    -0.185     0.676     0.712
 5   117.336    30.421    11.747
 5     0.543    -0.028     0.840
 5     0.698    -0.541    -0.468
 5     0.466     0.840    -0.275
 6   136.961    47.747    22.859
 6     0.790    -0.584     0.190
 6     0.502     0.437    -0.746
 6     0.351     0.684     0.638
 7   109.901   -18.798    -8.421
 7     0.237     0.907     0.348
 7    -0.948     0.293    -0.119
 7    -0.210    -0.302     0.929
 8   117.488   -38.470    11.245
 8     0.485    -0.446     0.754
 8    -0.824    -0.520     0.223
 8     0.292    -0.729    -0.618
 9   129.855   -63.834    12.211
 9     0.550     0.621     0.562
 9    -0.822     0.279     0.496
 9     0.151    -0.732     0.661
 2    97.177   -23.861    59.170
 2     0.714    -0.701     0.001
 2     0.699     0.712     0.052
 2    -0.036    -0.037     0.998
 3   127.488    -1.120    -1.403
 3     0.707    -0.138    -0.694
 3    -0.016     0.977    -0.210
 3     0.707     0.160     0.688
 4   104.421    11.895    -9.709
 4     0.196    -0.654     0.730
 4     0.958     0.284    -0.002
 4    -0.207     0.701     0.682
 5   117.468    31.055    10.743
 5     0.570     0.020     0.821
 5     0.708    -0.519    -0.478
 5     0.416     0.855    -0.310
 6   137.645    48.405    20.216
 6     0.810    -0.545     0.217
 6     0.508     0.468    -0.723
 6     0.292     0.695     0.656
 7   109.035   -18.392    -8.489
 7     0.230     0.889     0.396
 7    -0.943     0.304    -0.135
 7    -0.240    -0.343     0.908
 8   117.475   -38.839     9.637
 8     0.501    -0.465     0.731
 8    -0.834    -0.482     0.265
 8     0.230    -0.743    -0.628
 9   129.929   -64.257     8.281
 9     0.548     0.598     0.589
 9    -0.834     0.327     0.443
 9     0.071    -0.732     0.675
 2    97.177   -23.861    59.170
 2     0.714    -0.701     0.001
 2     0.699     0.712     0.052
 2    -0.036    -0.037     0.998
 3   127.057    -0.850    -1.653
 3     0.714    -0.145    -0.685
 3    -0.017     0.974    -0.222
 3     0.699     0.170     0.694
 4   103.778    11.959    -9.607
 4     0.193    -0.633     0.750
 4     0.956     0.293     0.002
 4    -0.221     0.716     0.661
 5   117.579    31.440     9.930
 5     0.592     0.075     0.803
 5     0.718    -0.503    -0.481
 5     0.367     0.861    -0.351
 6   138.183    48.902    17.588
 6     0.830    -0.496     0.255
 6     0.509     0.492    -0.706
 6     0.224     0.715     0.661
 7   108.625   -18.099    -8.539
 7     0.238     0.869     0.434
 7    -0.935     0.325    -0.140
 7    -0.263    -0.373     0.890
 8   117.836   -39.183     7.932
 8     0.518    -0.486     0.705
 8    -0.839    -0.447     0.309
 8     0.165    -0.751    -0.638
 9   130.424   -64.324     4.198
 9     0.548     0.573     0.613
 9    -0.836     0.382     0.391
 9    -0.011    -0.725     0.686
 2    97.199   -23.862    59.173
 2     0.714    -0.701     0.002
 2     0.699     0.712     0.052
 2    -0.037    -0.037     0.998
 3   126.740    -0.627    -1.819
 3     0.719    -0.151    -0.679
 3    -0.019     0.972    -0.234
 3     0.695     0.180     0.696
 4   103.262    12.047    -9.529
 4     0.191    -0.613     0.766
 4     0.953     0.303     0.005
 4    -0.235     0.729     0.642
 5   117.777    31.811     9.389
 5     0.606     0.114     0.787
 5     0.723    -0.490    -0.486
 5     0.330     0.864    -0.380
 6   138.642    49.215    15.588
 6     0.842    -0.460     0.283
 6     0.510     0.508    -0.694
 6     0.175     0.728     0.661
 7   108.103   -17.793    -8.608
 7     0.234     0.848     0.476
 7    -0.927     0.342    -0.155
 7    -0.294    -0.405     0.865
 8   117.965   -39.496     6.356
 8     0.531    -0.509     0.679
 8    -0.840    -0.417     0.345
 8     0.107    -0.753    -0.648
 9   130.518   -64.232     0.592
 9     0.543     0.553     0.635
 9    -0.836     0.427     0.343
 9    -0.082    -0.715     0.691
 2    97.174   -23.862    59.173
 2     0.714    -0.701     0.002
 2     0.699     0.712     0.052
 2    -0.037    -0.037     0.998
 3   126.384    -0.460    -1.969
 3     0.726    -0.153    -0.671
 3    -0.023     0.969    -0.245
 3     0.687     0.193     0.700
 4   102.661    12.118    -9.343
 4     0.185    -0.596     0.781
 4     0.952     0.304     0.007
 4    -0.242     0.743     0.624
 5   117.839    31.905     9.066
 5     0.623     0.148     0.768
 5     0.723    -0.482    -0.494
 5     0.297     0.863    -0.407
 6   139.269    48.754    13.739
 6     0.860    -0.408     0.305
 6     0.495     0.532    -0.687
 6     0.118     0.742     0.659
 7   107.579   -17.515    -8.598
 7     0.225     0.829     0.511
 7    -0.918     0.355    -0.173
 7    -0.325    -0.431     0.841
 8   118.031   -39.654     4.868
 8     0.541    -0.534     0.652
 8    -0.839    -0.390     0.376
 8     0.053    -0.750    -0.658
 9   130.261   -64.263    -2.713
 9     0.529     0.542     0.656
 9    -0.837     0.460     0.295
 9    -0.142    -0.703     0.694
 2    97.200   -23.862    59.173
 2     0.714    -0.701     0.001
 2     0.699     0.712     0.052
 2    -0.037    -0.038     0.998
 3   126.041    -0.349    -2.230
 3     0.737    -0.154    -0.659
 3    -0.029     0.966    -0.256
 3     0.675     0.208     0.707
 4   102.001    12.108    -9.047
 4     0.182    -0.574     0.798
 4     0.950     0.311     0.007
 4    -0.253     0.757     0.602
 5   117.878    32.025     8.616
 5     0.637     0.179     0.751
 5     0.724    -0.472    -0.502
 5     0.264     0.863    -0.430
 6   139.431    48.837    11.946
 6     0.867    -0.373     0.331
 6     0.493     0.552    -0.673
 6     0.068     0.746     0.661
 7   106.846   -17.272    -8.537
 7     0.207     0.809     0.550
 7    -0.909     0.366    -0.199
 7    -0.362    -0.459     0.811
 8   117.836   -39.822     3.146
 8     0.541    -0.563     0.627
 8    -0.841    -0.354     0.408
 8    -0.007    -0.747    -0.664
 9   129.326   -64.276    -6.361
 9     0.502     0.536     0.683
 9    -0.841     0.484     0.238
 9    -0.204    -0.692     0.690
 2    97.174   -23.862    59.173
 2     0.714    -0.701     0.002
 2     0.699     0.712     0.052
 2    -0.037    -0.037     0.998
 3   125.227    -0.245    -2.566
 3     0.754    -0.152    -0.639
 3    -0.035     0.962    -0.269
 3     0.656     0.225     0.720
 4   100.735    12.152    -8.558
 4     0.170    -0.543     0.822
 4     0.950     0.312     0.010
 4    -0.263     0.779     0.568
 5   117.473    32.178     8.359
 5     0.656     0.226     0.720
 5     0.724    -0.459    -0.515
 5     0.214     0.859    -0.464
 6   139.614    48.112     8.943
 6     0.887    -0.287     0.362
 6     0.461     0.588    -0.664
 6    -0.023     0.756     0.654
 7   105.577   -17.000    -8.401
 7     0.188     0.779     0.598
 7    -0.899     0.381    -0.216
 7    -0.396    -0.497     0.772
 8   117.189   -39.971     1.188
 8     0.545    -0.599     0.588
 8    -0.834    -0.318     0.449
 8    -0.082    -0.735    -0.672
 9   128.155   -63.768   -10.762
 9     0.480     0.503     0.722
 9    -0.830     0.524     0.186
 9    -0.285    -0.687     0.666
 2    97.175   -23.862    59.173
 2     0.714    -0.701     0.001
 2     0.699     0.712     0.052
 2    -0.037    -0.038     0.998
 3   124.501    -0.095    -2.787
 3     0.773    -0.148    -0.617
 3    -0.043     0.958    -0.283
 3     0.633     0.245     0.734
 4    99.803    12.214    -8.126
 4     0.163    -0.507     0.847
 4     0.946     0.323     0.011
 4    -0.280     0.799     0.531
 5   117.174    32.589     7.565
 5     0.666     0.267     0.697
 5     0.727    -0.440    -0.527
 5     0.166     0.857    -0.487
 6   139.410    48.202     6.008
 6     0.891    -0.246     0.382
 6     0.445     0.635    -0.631
 6    -0.087     0.732     0.675
 7   104.970   -16.716    -8.363
 7     0.179     0.758     0.627
 7    -0.890     0.396    -0.225
 7    -0.419    -0.518     0.745
 8   116.740   -39.779    -0.289
 8     0.542    -0.620     0.570
 8    -0.830    -0.288     0.476
 8    -0.131    -0.730    -0.669
 9   127.337   -63.070   -13.971
 9     0.462     0.511     0.728
 9    -0.818     0.559     0.126
 9    -0.343    -0.653     0.673
 2    97.174   -23.862    59.173
 2     0.714    -0.701     0.002
 2     0.699     0.712     0.052
 2    -0.037    -0.037     0.998
 3   124.145     0.174    -2.934
 3     0.780    -0.151    -0.608
 3    -0.044     0.955    -0.292
 3     0.624     0.255     0.738
 4    99.385    12.314    -7.996
 4     0.154    -0.496     0.855
 4     0.946     0.322     0.017
 4    -0.284     0.806     0.519
 5   116.938    32.924     7.242
 5     0.664     0.288     0.691
 5     0.734    -0.427    -0.528
 5     0.143     0.857    -0.494
 6   139.190    48.289     4.819
 6     0.891    -0.208     0.404
 6     0.435     0.642    -0.631
 6    -0.128     0.738     0.662
 7   104.883   -16.493    -8.415
 7     0.180     0.752     0.634
 7    -0.887     0.403    -0.227
 7    -0.426    -0.522     0.739
 8   116.663   -39.662    -0.830
 8     0.540    -0.626     0.564
 8    -0.829    -0.280     0.483
 8    -0.145    -0.728    -0.669
 9   126.999   -62.914   -15.038
 9     0.450     0.516     0.732
 9    -0.818     0.563     0.106
 9    -0.359    -0.645     0.672
 2    97.174   -23.862    59.173
 2     0.714    -0.701     0.002
 2     0.699     0.712     0.052
 2    -0.037    -0.037     0.998
 3   124.115     0.249    -2.982
 3     0.781    -0.153    -0.607
 3    -0.044     0.954    -0.296
 3     0.623     0.258     0.738
 4    99.243    12.258    -7.982
 4     0.150    -0.492     0.857
 4     0.945     0.325     0.022
 4    -0.290     0.807     0.514
 5   116.889    32.901     6.970
 5     0.672     0.298     0.679
 5     0.730    -0.417    -0.540
 5     0.122     0.859    -0.497
 6   139.648    46.984     3.049
 6     0.902    -0.147     0.405
 6     0.391     0.674    -0.626
 6    -0.181     0.724     0.666
 7   104.749   -16.396    -8.392
 7     0.179     0.745     0.642
 7    -0.884     0.408    -0.227
 7    -0.432    -0.527     0.731
 8   116.562   -39.697    -1.269
 8     0.537    -0.635     0.558
 8    -0.829    -0.272     0.488
 8    -0.159    -0.723    -0.671
 9   126.720   -62.929   -15.765
 9     0.441     0.523     0.732
 9    -0.818     0.567     0.088
 9    -0.370    -0.637     0.675
 2    97.174   -23.862    59.173
 2     0.714    -0.701     0.002
 2     0.699     0.712     0.052
 2    -0.037    -0.037     0.998
 3   124.009     0.221    -2.975
 3     0.782    -0.152    -0.605
 3    -0.045     0.954    -0.297
 3     0.621     0.260     0.739
 4    99.216    12.066    -8.003
 4     0.158    -0.480     0.863
 4     0.940     0.340     0.017
 4    -0.302     0.809     0.504
 5   117.204    32.753     6.538
 5     0.682     0.300     0.667
 5     0.724    -0.408    -0.557
 5     0.105     0.862    -0.494
 6   140.193    46.247     1.976
 6     0.908    -0.121     0.401
 6     0.367     0.694    -0.619
 6    -0.202     0.710     0.675
 7   104.475   -16.505    -8.338
 7     0.167     0.737     0.655
 7    -0.884     0.406    -0.232
 7    -0.437    -0.540     0.719
 8   116.345   -39.764    -1.857
 8     0.531    -0.650     0.545
 8    -0.827    -0.259     0.498
 8    -0.182    -0.715    -0.674
 9   125.947   -63.007   -16.985
 9     0.423     0.521     0.744
 9    -0.817     0.571     0.064
 9    -0.392    -0.634     0.665
 2    97.200   -23.862    59.173
 2     0.714    -0.701     0.001
 2     0.699     0.712     0.052
 2    -0.037    -0.038     0.998
 3   123.951     0.040    -3.090
 3     0.785    -0.146    -0.603
 3    -0.048     0.954    -0.294
 3     0.618     0.260     0.741
 4    99.091    11.980    -8.005
 4     0.161    -0.469     0.869
 4     0.936     0.350     0.015
 4    -0.312     0.811     0.495
 5   117.447    32.738     6.094
 5     0.687     0.306     0.660
 5     0.721    -0.401    -0.565
 5     0.091     0.863    -0.495
 6   140.397    45.825     1.260
 6     0.910    -0.107     0.401
 6     0.354     0.706    -0.612
 6    -0.216     0.700     0.681
 7   104.295   -16.564    -8.309
 7     0.157     0.732     0.663
 7    -0.883     0.404    -0.238
 7    -0.443    -0.548     0.710
 8   116.102   -39.823    -2.104
 8     0.527    -0.656     0.542
 8    -0.828    -0.252     0.500
 8    -0.192    -0.711    -0.675
 9   125.505   -63.019   -17.362
 9     0.414     0.523     0.748
 9    -0.818     0.571     0.053
 9    -0.400    -0.633     0.661
 2    97.174   -23.862    59.173
 2     0.714    -0.701     0.002
 2     0.699     0.712     0.052
 2    -0.037    -0.037     0.998
 3   123.919    -0.065    -3.128
 3     0.787    -0.142    -0.602
 3    -0.049     0.956    -0.290
 3     0.615     0.258     0.744
 4    99.325    12.007    -8.063
 4     0.165    -0.469     0.868
 4     0.937     0.349     0.011
 4    -0.309     0.811     0.496
 5   117.618    32.471     6.264
 5     0.690     0.285     0.666
 5     0.716    -0.404    -0.569
 5     0.107     0.869    -0.481
 6   140.961    45.764     2.298
 6     0.918    -0.150     0.366
 6     0.356     0.716    -0.599
 6    -0.172     0.681     0.712
 7   104.535   -16.631    -8.237
 7     0.160     0.735     0.658
 7    -0.886     0.400    -0.233
 7    -0.435    -0.546     0.716
 8   116.182   -39.864    -1.790
 8     0.526    -0.653     0.547
 8    -0.832    -0.259     0.490
 8    -0.178    -0.712    -0.678
 9   125.613   -63.364   -16.525
 9     0.409     0.545     0.735
 9    -0.828     0.556     0.049
 9    -0.383    -0.628     0.676
 2    97.175   -23.862    59.122
 2     0.714    -0.701     0.002
 2     0.699     0.712     0.052
 2    -0.037    -0.037     0.998
 3   124.141    -0.127    -2.955
 3     0.775    -0.143    -0.617
 3    -0.051     0.957    -0.284
 3     0.630     0.252     0.734
 4    99.572    12.002    -8.229
 4     0.171    -0.472     0.865
 4     0.934     0.355     0.009
 4    -0.312     0.807     0.501
 5   117.857    32.529     6.174
 5     0.685     0.279     0.673
 5     0.719    -0.403    -0.566
 5     0.113     0.872    -0.476
 6   140.984    45.955     2.492
 6     0.918    -0.162     0.362
 6     0.363     0.712    -0.601
 6    -0.160     0.683     0.712
 7   104.585   -16.680    -8.243
 7     0.164     0.736     0.656
 7    -0.886     0.402    -0.231
 7    -0.434    -0.544     0.718
 8   116.407   -39.888    -1.798
 8     0.528    -0.648     0.551
 8    -0.830    -0.259     0.492
 8    -0.176    -0.716    -0.674
 9   125.947   -63.140   -16.761
 9     0.413     0.562     0.720
 9    -0.826     0.560     0.036
 9    -0.384    -0.608     0.693
 2    97.175   -23.862    59.173
 2     0.714    -0.701     0.001
 2     0.699     0.712     0.052
 2    -0.037    -0.038     0.998
 3   124.148    -0.177    -2.911
 3     0.773    -0.143    -0.619
 3    -0.052     0.957    -0.285
 3     0.632     0.252     0.732
 4    99.566    11.998    -8.170
 4     0.175    -0.468     0.866
 4     0.933     0.359     0.006
 4    -0.315     0.807     0.499
 5   117.984    32.424     6.131
 5     0.690     0.273     0.670
 5     0.714    -0.400    -0.574
 5     0.112     0.875    -0.470
 6   141.284    45.565     2.438
 6     0.922    -0.152     0.355
 6     0.349     0.721    -0.598
 6    -0.165     0.676     0.719
 7   104.577   -16.683    -8.280
 7     0.164     0.734     0.659
 7    -0.884     0.406    -0.233
 7    -0.438    -0.545     0.714
 8   116.471   -39.865    -2.035
 8     0.531    -0.651     0.544
 8    -0.828    -0.260     0.496
 8    -0.182    -0.713    -0.676
 9   125.743   -63.198   -17.012
 9     0.402     0.578     0.714
 9    -0.832     0.552     0.020
 9    -0.384    -0.600     0.699
 2    97.174   -23.862    59.173
 2     0.714    -0.701     0.002
 2     0.699     0.712     0.052
 2    -0.037    -0.037     0.998
 3   124.144    -0.178    -2.959
 3     0.773    -0.141    -0.619
 3    -0.053     0.957    -0.284
 3     0.631     0.253     0.732
 4    99.711    12.098    -8.165
 4     0.177    -0.464     0.868
 4     0.932     0.362     0.004
 4    -0.317     0.808     0.496
 5   118.136    32.397     6.183
 5     0.693     0.270     0.668
 5     0.712    -0.401    -0.577
 5     0.112     0.875    -0.470
 6   141.507    45.410     2.343
 6     0.924    -0.147     0.353
 6     0.344     0.722    -0.599
 6    -0.167     0.675     0.719
 7   104.431   -16.637    -8.273
 7     0.153     0.736     0.659
 7    -0.886     0.397    -0.238
 7    -0.438    -0.548     0.713
 8   116.477   -39.741    -1.440
 8     0.524    -0.685     0.508
 8    -0.834    -0.290     0.469
 8    -0.174    -0.668    -0.722
 9   124.408   -64.616   -13.978
 9     0.346     0.252     0.905
 9    -0.875     0.433     0.214
 9    -0.339    -0.865     0.368
 2    97.174   -23.862    59.173
 2     0.714    -0.701     0.002
 2     0.699     0.712     0.052
 2    -0.037    -0.037     0.998
 3   124.146    -0.365    -3.098
 3     0.781    -0.132    -0.611
 3    -0.054     0.960    -0.274
 3     0.622     0.247     0.742
 4    99.657    12.096    -8.141
 4     0.181    -0.456     0.872
 4     0.931     0.365    -0.002
 4    -0.318     0.812     0.489
 5   118.405    32.072     6.389
 5     0.701     0.269     0.661
 5     0.703    -0.415    -0.577
 5     0.119     0.869    -0.479
 6   141.600    45.479     3.944
 6     0.899     0.061     0.435
 6     0.374     0.409    -0.831
 6    -0.229     0.910     0.346
 7   104.448   -16.900    -8.050
 7     0.151     0.738     0.657
 7    -0.895     0.384    -0.227
 7    -0.420    -0.554     0.719
 8   117.878   -39.340     0.037
 8     0.526    -0.754     0.396
 8    -0.831    -0.356     0.426
 8    -0.180    -0.552    -0.813
 9   124.826   -65.620   -11.474
 9     0.275    -0.482     0.835
 9    -0.902     0.175     0.394
 9    -0.334    -0.859    -0.384
 2    97.175   -23.862    59.122
 2     0.714    -0.701     0.002
 2     0.699     0.712     0.052
 2    -0.037    -0.037     0.998
 3   124.090    -0.555    -3.098
 3     0.790    -0.119    -0.602
 3    -0.055     0.963    -0.262
 3     0.610     0.240     0.754
 4    99.479    11.993    -7.990
 4     0.183    -0.447     0.876
 4     0.930     0.367    -0.007
 4    -0.319     0.816     0.482
 5   118.626    31.770     6.496
 5     0.709     0.288     0.644
 5     0.695    -0.439    -0.569
 5     0.119     0.851    -0.510
 6   140.819    45.997     4.157
 6     0.829     0.349     0.438
 6     0.461     0.013    -0.886
 6    -0.316     0.937    -0.149
 7   103.887   -16.817    -7.937
 7     0.129     0.728     0.673
 7    -0.892     0.381    -0.243
 7    -0.433    -0.569     0.698
 8   117.938   -39.203    -0.271
 8     0.518    -0.793     0.323
 8    -0.832    -0.377     0.406
 8    -0.201    -0.478    -0.855
 9   124.889   -65.638   -11.539
 9     0.227    -0.782     0.584
 9    -0.912     0.041     0.404
 9    -0.341    -0.621    -0.703
 2    97.175   -23.862    59.173
 2     0.714    -0.701     0.001
 2     0.699     0.712     0.052
 2    -0.037    -0.038     0.998
 3   123.792    -0.515    -3.195
 3     0.796    -0.111    -0.595
 3    -0.061     0.963    -0.260
 3     0.602     0.243     0.760
 4    99.182    12.226    -7.804
 4     0.179    -0.438     0.881
 4     0.932     0.361    -0.009
 4    -0.315     0.823     0.473
 5   118.452    31.825     6.705
 5     0.709     0.298     0.640
 5     0.694    -0.451    -0.560
 5     0.122     0.841    -0.526
 6   140.260    46.359     4.668
 6     0.817     0.376     0.439
 6     0.479    -0.020    -0.877
 6    -0.320     0.926    -0.195
 7   103.704   -16.645    -7.964
 7     0.126     0.722     0.680
 7    -0.889     0.385    -0.245
 7    -0.439    -0.574     0.691
 8   117.883   -39.077    -0.448
 8     0.515    -0.801     0.305
 8    -0.831    -0.381     0.405
 8    -0.209    -0.462    -0.862
 9   124.806   -65.555   -11.778
 9     0.220    -0.803     0.557
 9    -0.913     0.033     0.404
 9    -0.344    -0.594    -0.725
 2    97.174   -23.862    59.173
 2     0.714    -0.701     0.002
 2     0.699     0.712     0.052
 2    -0.037    -0.037     0.998
 3   123.736    -0.442    -3.239
 3     0.797    -0.109    -0.594
 3    -0.064     0.963    -0.262
 3     0.600     0.246     0.761
 4    99.189    12.358    -7.766
 4     0.177    -0.438     0.882
 4     0.934     0.357    -0.010
 4    -0.311     0.825     0.471
 5   118.356    31.878     6.826
 5     0.709     0.297     0.640
 5     0.694    -0.454    -0.559
 5     0.124     0.840    -0.527
 6   140.363    46.305     4.680
 6     0.819     0.370     0.439
 6     0.475    -0.010    -0.879
 6    -0.321     0.929    -0.183
 7   103.672   -16.520    -7.954
 7     0.127     0.722     0.680
 7    -0.888     0.388    -0.247
 7    -0.442    -0.573     0.690
 8   117.930   -38.976    -0.544
 8     0.516    -0.802     0.302
