% Calibrated with leiden_pols
% Positions are in centimeters
Data =[
 2    97.174   -23.913    59.173
 2     0.714    -0.701     0.002
 2     0.699     0.712     0.052
 2    -0.037    -0.037     0.998
 3   130.489    -2.642     1.104
 3     0.616    -0.046    -0.786
 3    -0.043     0.995    -0.091
 3     0.786     0.089     0.611
 4   112.922    14.873    -8.031
 4     0.338    -0.788     0.516
 4     0.940     0.260    -0.219
 4     0.038     0.558     0.828
 5   120.165    23.496    20.310
 5     0.441    -0.598     0.672
 5     0.268    -0.625    -0.732
 5     0.856     0.501    -0.115
 6   136.533    26.787    44.968
 6     0.629    -0.688    -0.370
 6    -0.081     0.410    -0.906
 6     0.773     0.599     0.203
 7   115.389   -21.884    -5.952
 7     0.356     0.897     0.261
 7    -0.931     0.315     0.184
 7     0.083    -0.308     0.947
 8   120.587   -28.846    21.809
 8     0.430     0.241     0.871
 8    -0.256    -0.892     0.371
 8     0.866    -0.382    -0.321
 9   134.629   -38.025    46.349
 9     0.581     0.723     0.377
 9    -0.214    -0.309     0.926
 9     0.785    -0.618    -0.025
 2    97.174   -23.913    59.173
 2     0.714    -0.701     0.002
 2     0.699     0.712     0.052
 2    -0.037    -0.037     0.998
 3   130.442    -2.591     1.098
 3     0.615    -0.044    -0.788
 3    -0.045     0.995    -0.091
 3     0.787     0.091     0.609
 4   112.514    14.740    -8.055
 4     0.323    -0.787     0.527
 4     0.946     0.252    -0.203
 4     0.027     0.563     0.825
 5   119.715    24.274    20.073
 5     0.446    -0.541     0.716
 5     0.324    -0.646    -0.689
 5     0.834     0.538    -0.113
 6   136.508    29.490    43.923
 6     0.653    -0.697    -0.304
 6    -0.013     0.385    -0.921
 6     0.757     0.605     0.244
 7   115.272   -21.795    -6.139
 7     0.362     0.897     0.254
 7    -0.930     0.328     0.167
 7     0.067    -0.296     0.953
 8   120.776   -29.420    21.510
 8     0.443     0.169     0.881
 8    -0.305    -0.896     0.323
 8     0.843    -0.412    -0.345
 9   134.886   -40.365    45.000
 9     0.593     0.665     0.458
 9    -0.286    -0.354     0.888
 9     0.753    -0.657    -0.020
 2    97.177   -23.861    59.170
 2     0.714    -0.701     0.001
 2     0.699     0.712     0.052
 2    -0.036    -0.037     0.998
 3   130.312    -2.516     1.101
 3     0.616    -0.049    -0.786
 3    -0.045     0.994    -0.096
 3     0.786     0.094     0.610
 4   112.014    14.652    -8.114
 4     0.309    -0.782     0.542
 4     0.951     0.247    -0.183
 4     0.009     0.572     0.819
 5   119.725    24.780    19.897
 5     0.467    -0.484     0.743
 5     0.363    -0.660    -0.656
 5     0.806     0.574    -0.132
 6   137.208    31.430    42.783
 6     0.692    -0.688    -0.224
 6     0.047     0.349    -0.935
 6     0.720     0.636     0.276
 7   115.075   -21.610    -6.264
 7     0.363     0.898     0.248
 7    -0.931     0.335     0.146
 7     0.048    -0.284     0.957
 8   120.574   -29.813    21.224
 8     0.452     0.102     0.887
 8    -0.350    -0.894     0.279
 8     0.820    -0.436    -0.368
 9   134.598   -42.056    43.811
 9     0.594     0.614     0.524
 9    -0.343    -0.394     0.851
 9     0.728    -0.684    -0.024
 2    97.177   -23.861    59.170
 2     0.714    -0.701     0.001
 2     0.699     0.712     0.052
 2    -0.036    -0.037     0.998
 3   130.110    -2.110     1.038
 3     0.610    -0.027    -0.792
 3    -0.051     0.996    -0.073
 3     0.790     0.084     0.606
 4   112.024    15.136    -8.154
 4     0.315    -0.779     0.543
 4     0.949     0.249    -0.192
 4     0.014     0.576     0.817
 5   119.564    24.930    19.899
 5     0.472    -0.476     0.745
 5     0.361    -0.665    -0.652
 5     0.804     0.574    -0.142
 6   137.120    31.243    42.902
 6     0.701    -0.685    -0.205
 6     0.040     0.319    -0.946
 6     0.712     0.655     0.252
 7   114.164   -20.623    -6.555
 7     0.327     0.916     0.234
 7    -0.945     0.313     0.093
 7     0.012    -0.252     0.967
 8   120.183   -29.736    20.806
 8     0.466     0.062     0.883
 8    -0.377    -0.889     0.260
 8     0.800    -0.454    -0.391
 9   134.266   -43.026    42.617
 9     0.597     0.583     0.555
 9    -0.378    -0.403     0.831
 9     0.707    -0.705    -0.022
 2    97.199   -23.862    59.173
 2     0.714    -0.701     0.002
 2     0.699     0.712     0.052
 2    -0.037    -0.037     0.998
 3   130.075    -2.315     0.932
 3     0.607    -0.004    -0.795
 3    -0.058     0.997    -0.050
 3     0.792     0.076     0.605
 4   112.075    15.081    -8.249
 4     0.327    -0.776     0.541
 4     0.945     0.260    -0.197
 4     0.012     0.575     0.817
 5   119.597    24.938    19.920
 5     0.465    -0.488     0.742
 5     0.355    -0.664    -0.657
 5     0.811     0.567    -0.135
 6   136.773    31.249    42.835
 6     0.698    -0.693    -0.189
 6     0.046     0.302    -0.951
 6     0.714     0.655     0.244
 7   114.324   -21.078    -6.551
 7     0.339     0.913     0.227
 7    -0.941     0.327     0.090
 7     0.008    -0.244     0.970
 8   120.817   -30.257    20.746
 8     0.487     0.017     0.874
 8    -0.398    -0.886     0.238
 8     0.778    -0.463    -0.424
 9   134.993   -44.401    41.590
 9     0.608     0.530     0.595
 9    -0.414    -0.426     0.802
 9     0.677    -0.733    -0.041
 2    97.177   -23.861    59.171
 2     0.714    -0.701     0.001
 2     0.699     0.712     0.052
 2    -0.036    -0.038     0.998
 3   129.988    -2.559     0.851
 3     0.635    -0.026    -0.772
 3    -0.044     0.996    -0.070
 3     0.771     0.079     0.632
 4   110.914    13.982    -8.628
 4     0.308    -0.758     0.575
 4     0.951     0.265    -0.160
 4    -0.031     0.595     0.802
 5   119.079    25.774    18.665
 5     0.486    -0.390     0.783
 5     0.445    -0.661    -0.603
 5     0.751     0.641    -0.148
 6   137.406    34.971    39.502
 6     0.746    -0.662    -0.081
 6     0.156     0.288    -0.944
 6     0.646     0.692     0.319
 7   113.765   -21.172    -6.665
 7     0.337     0.913     0.231
 7    -0.941     0.336     0.041
 7    -0.040    -0.231     0.972
 8   121.159   -32.170    19.551
 8     0.511    -0.090     0.855
 8    -0.493    -0.845     0.206
 8     0.703    -0.527    -0.476
 9   135.505   -48.940    37.430
 9     0.621     0.442     0.651
 9    -0.514    -0.396     0.758
 9     0.591    -0.805    -0.021
 2    97.177   -23.861    59.196
 2     0.714    -0.701     0.001
 2     0.699     0.712     0.052
 2    -0.036    -0.038     0.998
 3   129.549    -2.349     0.514
 3     0.662    -0.051    -0.748
 3    -0.033     0.995    -0.096
 3     0.749     0.088     0.656
 4   109.187    12.943    -9.230
 4     0.269    -0.734     0.624
 4     0.958     0.269    -0.096
 4    -0.098     0.623     0.775
 5   118.989    26.969    16.587
 5     0.532    -0.253     0.809
 5     0.545    -0.631    -0.552
 5     0.648     0.734    -0.198
 6   138.799    38.934    33.805
 6     0.813    -0.581     0.052
 6     0.277     0.305    -0.911
 6     0.512     0.755     0.409
 7   112.725   -20.669    -7.035
 7     0.322     0.915     0.242
 7    -0.942     0.335    -0.013
 7    -0.093    -0.224     0.970
 8   121.332   -33.859    17.820
 8     0.543    -0.210     0.814
 8    -0.588    -0.786     0.190
 8     0.599    -0.582    -0.549
 9   135.387   -53.835    31.594
 9     0.615     0.321     0.723
 9    -0.633    -0.346     0.690
 9     0.470    -0.882    -0.012
 2    97.177   -23.861    59.171
 2     0.714    -0.701     0.001
 2     0.699     0.712     0.052
 2    -0.036    -0.038     0.998
 3   129.026    -2.103     0.045
 3     0.674    -0.077    -0.735
 3    -0.022     0.992    -0.124
 3     0.738     0.099     0.667
 4   107.730    12.195    -9.834
 4     0.246    -0.704     0.666
 4     0.958     0.280    -0.057
 4    -0.146     0.652     0.743
 5   118.855    28.072    14.706
 5     0.570    -0.145     0.809
 5     0.606    -0.592    -0.532
 5     0.555     0.793    -0.250
