% Calibrated with leiden_pols
% Positions are in centimeters
Data =[
 2    97.174   -23.913    59.173
 2     0.714    -0.701     0.002
 2     0.699     0.712     0.052
 2    -0.037    -0.037     0.998
 3   130.489    -2.642     1.104
 3     0.616    -0.046    -0.786
 3    -0.043     0.995    -0.091
 3     0.786     0.089     0.611
 4   112.922    14.873    -8.031
 4     0.338    -0.788     0.516
 4     0.940     0.260    -0.219
 4     0.038     0.558     0.828
 5   120.165    23.496    20.310
 5     0.441    -0.598     0.672
 5     0.268    -0.625    -0.732
 5     0.856     0.501    -0.115
 6   136.533    26.787    44.968
 6     0.629    -0.688    -0.370
 6    -0.081     0.410    -0.906
 6     0.773     0.599     0.203
 7   115.389   -21.884    -5.952
 7     0.356     0.897     0.261
 7    -0.931     0.315     0.184
 7     0.083    -0.308     0.947
 8   120.587   -28.846    21.809
 8     0.430     0.241     0.871
 8    -0.256    -0.892     0.371
 8     0.866    -0.382    -0.321
 9   134.629   -38.025    46.349
 9     0.581     0.723     0.377
 9    -0.214    -0.309     0.926
 9     0.785    -0.618    -0.025
 2    97.174   -23.913    59.173
 2     0.714    -0.701     0.002
 2     0.699     0.712     0.052
 2    -0.037    -0.037     0.998
 3   130.442    -2.591     1.098
 3     0.615    -0.044    -0.788
 3    -0.045     0.995    -0.091
 3     0.787     0.091     0.609
 4   112.514    14.740    -8.055
 4     0.323    -0.787     0.527
 4     0.946     0.252    -0.203
 4     0.027     0.563     0.825
 5   119.715    24.274    20.073
 5     0.446    -0.541     0.716
 5     0.324    -0.646    -0.689
 5     0.834     0.538    -0.113
 6   136.508    29.490    43.923
 6     0.653    -0.697    -0.304
 6    -0.013     0.385    -0.921
 6     0.757     0.605     0.244
 7   115.272   -21.795    -6.139
 7     0.362     0.897     0.254
 7    -0.930     0.328     0.167
 7     0.067    -0.296     0.953
 8   120.776   -29.420    21.510
 8     0.443     0.169     0.881
 8    -0.305    -0.896     0.323
 8     0.843    -0.412    -0.345
 9   134.886   -40.365    45.000
 9     0.593     0.665     0.458
 9    -0.286    -0.354     0.888
 9     0.753    -0.657    -0.020
 2    97.177   -23.861    59.170
 2     0.714    -0.701     0.001
 2     0.699     0.712     0.052
 2    -0.036    -0.037     0.998
 3   130.312    -2.516     1.101
 3     0.616    -0.049    -0.786
 3    -0.045     0.994    -0.096
 3     0.786     0.094     0.610
 4   112.014    14.652    -8.114
 4     0.309    -0.782     0.542
 4     0.951     0.247    -0.183
 4     0.009     0.572     0.819
 5   119.725    24.780    19.897
 5     0.467    -0.484     0.743
 5     0.363    -0.660    -0.656
 5     0.806     0.574    -0.132
 6   137.208    31.430    42.783
 6     0.692    -0.688    -0.224
 6     0.047     0.349    -0.935
 6     0.720     0.636     0.276
 7   115.075   -21.610    -6.264
 7     0.363     0.898     0.248
 7    -0.931     0.335     0.146
 7     0.048    -0.284     0.957
 8   120.574   -29.813    21.224
 8     0.452     0.102     0.887
 8    -0.350    -0.894     0.279
 8     0.820    -0.436    -0.368
 9   134.598   -42.056    43.811
 9     0.594     0.614     0.524
 9    -0.343    -0.394     0.851
 9     0.728    -0.684    -0.024
 2    97.177   -23.861    59.170
 2     0.714    -0.701     0.001
 2     0.699     0.712     0.052
 2    -0.036    -0.037     0.998
 3   130.110    -2.110     1.038
 3     0.610    -0.027    -0.792
 3    -0.051     0.996    -0.073
 3     0.790     0.084     0.606
 4   112.024    15.136    -8.154
 4     0.315    -0.779     0.543
 4     0.949     0.249    -0.192
 4     0.014     0.576     0.817
 5   119.564    24.930    19.899
 5     0.472    -0.476     0.745
 5     0.361    -0.665    -0.652
 5     0.804     0.574    -0.142
 6   137.120    31.243    42.902
 6     0.701    -0.685    -0.205
 6     0.040     0.319    -0.946
 6     0.712     0.655     0.252
 7   114.164   -20.623    -6.555
 7     0.327     0.916     0.234
 7    -0.945     0.313     0.093
 7     0.012    -0.252     0.967
 8   120.183   -29.736    20.806
 8     0.466     0.062     0.883
 8    -0.377    -0.889     0.260
 8     0.800    -0.454    -0.391
 9   134.266   -43.026    42.617
 9     0.597     0.583     0.555
 9    -0.378    -0.403     0.831
 9     0.707    -0.705    -0.022
 2    97.199   -23.862    59.173
 2     0.714    -0.701     0.002
 2     0.699     0.712     0.052
 2    -0.037    -0.037     0.998
 3   130.075    -2.315     0.932
 3     0.607    -0.004    -0.795
 3    -0.058     0.997    -0.050
 3     0.792     0.076     0.605
 4   112.075    15.081    -8.249
 4     0.327    -0.776     0.541
 4     0.945     0.260    -0.197
 4     0.012     0.575     0.817
 5   119.597    24.938    19.920
 5     0.465    -0.488     0.742
 5     0.355    -0.664    -0.657
 5     0.811     0.567    -0.135
 6   136.773    31.249    42.835
 6     0.698    -0.693    -0.189
 6     0.046     0.302    -0.951
 6     0.714     0.655     0.244
 7   114.324   -21.078    -6.551
 7     0.339     0.913     0.227
 7    -0.941     0.327     0.090
 7     0.008    -0.244     0.970
 8   120.817   -30.257    20.746
 8     0.487     0.017     0.874
 8    -0.398    -0.886     0.238
 8     0.778    -0.463    -0.424
 9   134.993   -44.401    41.590
 9     0.608     0.530     0.595
 9    -0.414    -0.426     0.802
 9     0.677    -0.733    -0.041
 2    97.177   -23.861    59.171
 2     0.714    -0.701     0.001
 2     0.699     0.712     0.052
 2    -0.036    -0.038     0.998
 3   129.988    -2.559     0.851
 3     0.635    -0.026    -0.772
 3    -0.044     0.996    -0.070
 3     0.771     0.079     0.632
 4   110.914    13.982    -8.628
 4     0.308    -0.758     0.575
 4     0.951     0.265    -0.160
 4    -0.031     0.595     0.802
 5   119.079    25.774    18.665
 5     0.486    -0.390     0.783
 5     0.445    -0.661    -0.603
 5     0.751     0.641    -0.148
 6   137.406    34.971    39.502
 6     0.746    -0.662    -0.081
 6     0.156     0.288    -0.944
 6     0.646     0.692     0.319
 7   113.765   -21.172    -6.665
 7     0.337     0.913     0.231
 7    -0.941     0.336     0.041
 7    -0.040    -0.231     0.972
 8   121.159   -32.170    19.551
 8     0.511    -0.090     0.855
 8    -0.493    -0.845     0.206
 8     0.703    -0.527    -0.476
 9   135.505   -48.940    37.430
 9     0.621     0.442     0.651
 9    -0.514    -0.396     0.758
 9     0.591    -0.805    -0.021
 2    97.177   -23.861    59.196
 2     0.714    -0.701     0.001
 2     0.699     0.712     0.052
 2    -0.036    -0.038     0.998
 3   129.549    -2.349     0.514
 3     0.662    -0.051    -0.748
 3    -0.033     0.995    -0.096
 3     0.749     0.088     0.656
 4   109.187    12.943    -9.230
 4     0.269    -0.734     0.624
 4     0.958     0.269    -0.096
 4    -0.098     0.623     0.775
 5   118.989    26.969    16.587
 5     0.532    -0.253     0.809
 5     0.545    -0.631    -0.552
 5     0.648     0.734    -0.198
 6   138.799    38.934    33.805
 6     0.813    -0.581     0.052
 6     0.277     0.305    -0.911
 6     0.512     0.755     0.409
 7   112.725   -20.669    -7.035
 7     0.322     0.915     0.242
 7    -0.942     0.335    -0.013
 7    -0.093    -0.224     0.970
 8   121.332   -33.859    17.820
 8     0.543    -0.210     0.814
 8    -0.588    -0.786     0.190
 8     0.599    -0.582    -0.549
 9   135.387   -53.835    31.594
 9     0.615     0.321     0.723
 9    -0.633    -0.346     0.690
 9     0.470    -0.882    -0.012
 2    97.177   -23.861    59.171
 2     0.714    -0.701     0.001
 2     0.699     0.712     0.052
 2    -0.036    -0.038     0.998
 3   129.026    -2.103     0.045
 3     0.674    -0.077    -0.735
 3    -0.022     0.992    -0.124
 3     0.738     0.099     0.667
 4   107.730    12.195    -9.834
 4     0.246    -0.704     0.666
 4     0.958     0.280    -0.057
 4    -0.146     0.652     0.743
 5   118.855    28.072    14.706
 5     0.570    -0.145     0.809
 5     0.606    -0.592    -0.532
 5     0.555     0.793    -0.250
 6   140.728    40.598    27.771
 6     0.864    -0.494     0.101
 6     0.329     0.399    -0.856
 6     0.381     0.772     0.507
 7   111.233   -20.015    -7.477
 7     0.281     0.918     0.280
 7    -0.945     0.315    -0.085
 7    -0.166    -0.240     0.956
 8   120.854   -36.101    14.856
 8     0.563    -0.319     0.763
 8    -0.683    -0.698     0.212
 8     0.465    -0.641    -0.610
 9   134.748   -58.360    24.026
 9     0.605     0.204     0.770
 9    -0.728    -0.250     0.637
 9     0.321    -0.947    -0.004
 2    97.177   -23.861    59.196
 2     0.714    -0.701     0.001
 2     0.699     0.712     0.052
 2    -0.036    -0.038     0.998
 3   128.384    -1.764    -0.608
 3     0.692    -0.100    -0.715
 3    -0.018     0.987    -0.155
 3     0.722     0.120     0.681
 4   106.340    11.916    -9.898
 4     0.232    -0.672     0.703
 4     0.956     0.288    -0.039
 4    -0.177     0.681     0.710
 5   119.047    28.530    13.492
 5     0.615    -0.077     0.786
 5     0.622    -0.565    -0.541
 5     0.485     0.821    -0.300
 6   142.536    40.062    22.984
 6     0.914    -0.369     0.169
 6     0.329     0.432    -0.839
 6     0.236     0.823     0.516
 7   110.049   -19.427    -7.843
 7     0.266     0.906     0.328
 7    -0.940     0.319    -0.122
 7    -0.215    -0.276     0.936
 8   120.837   -36.879    12.679
 8     0.582    -0.381     0.719
 8    -0.725    -0.643     0.247
 8     0.368    -0.665    -0.649
 9   134.468   -60.506    18.317
 9     0.592     0.111     0.799
 9    -0.778    -0.179     0.600
 9     0.209    -0.978    -0.021
 2    97.177   -23.861    59.170
 2     0.714    -0.701     0.001
 2     0.699     0.712     0.052
 2    -0.036    -0.037     0.998
 3   127.709    -1.509    -1.115
 3     0.711    -0.109    -0.695
 3    -0.024     0.984    -0.177
 3     0.702     0.142     0.697
 4   105.300    12.024    -9.837
 4     0.229    -0.638     0.735
 4     0.953     0.300    -0.036
 4    -0.198     0.709     0.676
 5   119.651    28.906    12.408
 5     0.667    -0.023     0.745
 5     0.620    -0.538    -0.571
 5     0.413     0.843    -0.345
 6   144.476    38.681    18.157
 6     0.957    -0.235     0.167
 6     0.270     0.521    -0.809
 6     0.103     0.820     0.562
 7   109.223   -18.882    -8.101
 7     0.258     0.890     0.374
 7    -0.931     0.333    -0.151
 7    -0.259    -0.309     0.915
 8   121.215   -37.626    10.366
 8     0.608    -0.448     0.656
 8    -0.749    -0.595     0.290
 8     0.260    -0.667    -0.697
 9   134.821   -61.835    12.312
 9     0.577     0.000     0.817
 9    -0.811    -0.111     0.573
 9     0.091    -0.994    -0.064
 2    97.177   -23.861    59.170
 2     0.714    -0.701     0.001
 2     0.699     0.712     0.052
 2    -0.036    -0.037     0.998
 3   127.213    -1.219    -1.453
 3     0.723    -0.116    -0.681
 3    -0.026     0.980    -0.194
 3     0.690     0.158     0.706
 4   104.488    12.055    -9.924
 4     0.225    -0.609     0.761
 4     0.949     0.312    -0.031
 4    -0.219     0.729     0.648
 5   119.862    29.385    11.314
 5     0.691     0.016     0.723
 5     0.626    -0.514    -0.586
 5     0.361     0.858    -0.365
 6   145.033    38.524    14.745
 6     0.971    -0.164     0.173
 6     0.237     0.589    -0.772
 6     0.025     0.791     0.611
 7   108.634   -18.325    -8.265
 7     0.262     0.861     0.436
 7    -0.917     0.362    -0.166
 7    -0.300    -0.356     0.884
 8   121.449   -38.234     7.426
 8     0.622    -0.503     0.601
 8    -0.770    -0.534     0.350
 8     0.145    -0.680    -0.718
 9   134.638   -62.876     5.461
 9     0.553    -0.084     0.829
 9    -0.832    -0.010     0.554
 9    -0.037    -0.996    -0.074
 2    97.174   -23.862    59.173
 2     0.714    -0.701     0.002
 2     0.699     0.712     0.052
 2    -0.037    -0.037     0.998
 3   126.781    -0.874    -1.782
 3     0.731    -0.124    -0.671
 3    -0.028     0.977    -0.209
 3     0.682     0.172     0.711
 4   103.564    12.170    -9.772
 4     0.216    -0.585     0.782
 4     0.948     0.317    -0.024
 4    -0.234     0.746     0.622
 5   119.756    29.930    10.659
 5     0.705     0.051     0.708
 5     0.632    -0.498    -0.594
 5     0.322     0.865    -0.383
 6   145.191    38.039    11.976
 6     0.978    -0.090     0.186
 6     0.201     0.632    -0.748
 6    -0.050     0.769     0.637
 7   107.699   -17.774    -8.345
 7     0.255     0.830     0.495
 7    -0.905     0.385    -0.182
 7    -0.341    -0.402     0.849
 8   121.414   -38.471     4.943
 8     0.629    -0.550     0.551
 8    -0.776    -0.490     0.397
 8     0.052    -0.677    -0.734
 9   133.934   -63.181     0.133
 9     0.524    -0.151     0.839
 9    -0.842     0.059     0.535
 9    -0.130    -0.987    -0.094
 2    97.177   -23.861    59.171
 2     0.714    -0.701     0.001
 2     0.699     0.712     0.052
 2    -0.036    -0.038     0.998
 3   126.156    -0.486    -2.061
 3     0.743    -0.125    -0.658
 3    -0.035     0.974    -0.223
 3     0.668     0.188     0.719
 4   102.557    12.468    -9.410
 4     0.208    -0.561     0.802
 4     0.948     0.317    -0.023
 4    -0.242     0.764     0.597
 5   119.568    30.196    10.418
 5     0.726     0.079     0.683
 5     0.624    -0.492    -0.607
 5     0.288     0.867    -0.407
 6   145.225    36.963     9.666
 6     0.981    -0.004     0.195
 6     0.149     0.661    -0.735
 6    -0.126     0.750     0.649
 7   106.925   -17.334    -8.435
 7     0.239     0.805     0.543
 7    -0.891     0.403    -0.208
 7    -0.386    -0.434     0.813
 8   121.295   -38.415     2.884
 8     0.632    -0.590     0.504
 8    -0.774    -0.461     0.433
 8    -0.023    -0.663    -0.747
 9   133.323   -63.014    -4.212
 9     0.496    -0.208     0.844
 9    -0.844     0.115     0.524
 9    -0.203    -0.971    -0.116
 2    97.177   -23.861    59.170
 2     0.714    -0.701     0.001
 2     0.699     0.712     0.052
 2    -0.036    -0.037     0.998
 3   125.673    -0.330    -2.304
 3     0.757    -0.122    -0.642
 3    -0.044     0.971    -0.235
 3     0.651     0.206     0.730
 4   101.881    12.589    -9.175
 4     0.206    -0.539     0.817
 4     0.946     0.321    -0.026
 4    -0.249     0.779     0.576
 5   119.571    30.225    10.087
 5     0.739     0.093     0.667
 5     0.618    -0.489    -0.615
 5     0.269     0.867    -0.419
 6   145.298    36.175     7.903
 6     0.982     0.005     0.186
 6     0.117     0.758    -0.641
 6    -0.144     0.652     0.745
 7   106.202   -17.123    -8.213
 7     0.230     0.775     0.589
 7    -0.883     0.420    -0.209
 7    -0.409    -0.472     0.781
 8   121.557   -38.248     1.155
 8     0.644    -0.629     0.436
 8    -0.758    -0.451     0.470
 8    -0.099    -0.633    -0.767
 9   133.181   -62.310    -8.849
 9     0.466    -0.345     0.818
 9    -0.832     0.145     0.533
 9    -0.300    -0.927    -0.216
 2    97.199   -23.862    59.173
 2     0.714    -0.701     0.002
 2     0.699     0.712     0.052
 2    -0.037    -0.037     0.998
 3   125.086    -0.275    -2.532
 3     0.774    -0.118    -0.623
 3    -0.045     0.970    -0.238
 3     0.631     0.212     0.745
 4   101.107    12.634    -8.765
 4     0.202    -0.516     0.832
 4     0.945     0.324    -0.029
 4    -0.255     0.792     0.553
 5   119.673    29.884    10.111
 5     0.763     0.119     0.635
 5     0.600    -0.494    -0.629
 5     0.239     0.861    -0.448
 6   145.242    35.249     6.588
 6     0.952     0.200     0.229
 6     0.126     0.425    -0.896
 6    -0.277     0.882     0.380
 7   105.507   -17.185    -8.138
 7     0.228     0.744     0.628
 7    -0.875     0.439    -0.204
 7    -0.428    -0.503     0.751
 8   122.481   -37.675    -0.280
 8     0.665    -0.677     0.316
 8    -0.727    -0.489     0.482
 8    -0.172    -0.550    -0.817
 9   134.571   -61.184   -11.156
 9     0.432    -0.657     0.623
 9    -0.829    -0.017     0.556
 9    -0.355    -0.753    -0.549
 2    97.199   -23.862    59.173
 2     0.714    -0.701     0.002
 2     0.699     0.712     0.052
 2    -0.037    -0.037     0.998
 3   124.771    -0.191    -2.636
 3     0.784    -0.109    -0.611
 3    -0.053     0.969    -0.240
 3     0.618     0.220     0.754
 4   100.955    12.972    -8.448
 4     0.213    -0.500     0.839
 4     0.946     0.319    -0.049
 4    -0.244     0.805     0.541
 5   120.151    29.341    10.536
 5     0.787     0.118     0.606
 5     0.569    -0.519    -0.638
 5     0.238     0.847    -0.475
 6   145.468    34.389     7.125
 6     0.920     0.360     0.152
 6     0.182    -0.047    -0.982
 6    -0.347     0.931    -0.110
 7   105.356   -16.944    -8.134
 7     0.225     0.733     0.642
 7    -0.868     0.449    -0.210
 7    -0.443    -0.510     0.737
 8   123.093   -36.991    -1.278
 8     0.668    -0.706     0.237
 8    -0.714    -0.517     0.472
 8    -0.211    -0.484    -0.849
 9   135.096   -60.453   -12.686
 9     0.405    -0.780     0.484
 9    -0.837    -0.103     0.535
 9    -0.368    -0.618    -0.692
 2    97.175   -23.862    59.173
 2     0.714    -0.701     0.001
 2     0.699     0.712     0.052
 2    -0.037    -0.038     0.998
 3   124.699    -0.074    -2.636
 3     0.789    -0.101    -0.607
 3    -0.062     0.968    -0.242
 3     0.611     0.229     0.757
 4   100.822    13.222    -8.271
 4     0.220    -0.484     0.847
 4     0.944     0.324    -0.060
 4    -0.246     0.812     0.528
 5   120.677    29.317    10.228
 5     0.805     0.134     0.578
 5     0.551    -0.527    -0.647
 5     0.218     0.839    -0.498
 6   145.493    34.078     6.101
 6     0.900     0.423     0.103
 6     0.213    -0.217    -0.952
 6    -0.380     0.879    -0.287
 7   105.098   -16.630    -8.192
 7     0.223     0.716     0.661
 7    -0.858     0.466    -0.216
 7    -0.462    -0.519     0.718
 8   123.502   -36.463    -2.107
 8     0.668    -0.725     0.169
 8    -0.702    -0.538     0.466
 8    -0.247    -0.430    -0.868
 9   135.136   -59.903   -13.878
 9     0.390    -0.820     0.424
 9    -0.842    -0.131     0.521
 9    -0.373    -0.557    -0.740
 2    97.202   -23.861    59.170
 2     0.714    -0.701     0.001
 2     0.699     0.712     0.052
 2    -0.036    -0.037     0.998
 3   124.506    -0.135    -2.791
 3     0.793    -0.094    -0.602
 3    -0.070     0.967    -0.243
 3     0.605     0.235     0.760
 4   100.691    13.310    -8.144
 4     0.229    -0.462     0.857
 4     0.938     0.337    -0.069
 4    -0.258     0.820     0.510
 5   121.122    29.356     9.613
 5     0.819     0.152     0.553
 5     0.543    -0.516    -0.663
 5     0.184     0.843    -0.505
 6   145.752    33.043     3.623
 6     0.881     0.468     0.063
 6     0.158    -0.163    -0.974
 6    -0.445     0.869    -0.219
 7   104.666   -16.527    -8.216
 7     0.206     0.710     0.673
 7    -0.852     0.468    -0.233
 7    -0.481    -0.526     0.701
 8   123.152   -36.362    -3.226
 8     0.659    -0.740     0.136
 8    -0.695    -0.530     0.485
 8    -0.287    -0.415    -0.863
 9   134.345   -59.671   -16.043
 9     0.367    -0.841     0.404
 9    -0.840    -0.114     0.529
 9    -0.400    -0.530    -0.746
 2    97.174   -23.862    59.173
 2     0.714    -0.701     0.002
 2     0.699     0.712     0.052
 2    -0.037    -0.037     0.998
 3   124.311    -0.145    -2.918
 3     0.797    -0.087    -0.598
 3    -0.079     0.966    -0.245
 3     0.598     0.242     0.763
 4   100.278    13.233    -8.009
 4     0.233    -0.434     0.870
 4     0.930     0.359    -0.070
 4    -0.283     0.826     0.487
 5   121.489    29.606     8.443
 5     0.829     0.191     0.526
 5     0.544    -0.493    -0.679
 5     0.129     0.849    -0.512
 6   145.691    32.476     0.432
 6     0.856     0.515     0.039
 6     0.117    -0.115    -0.986
 6    -0.502     0.849    -0.160
 7   104.257   -16.374    -8.071
 7     0.191     0.692     0.696
 7    -0.842     0.479    -0.246
 7    -0.504    -0.539     0.674
 8   122.735   -36.329    -4.923
 8     0.645    -0.758     0.097
 8    -0.682    -0.514     0.521
 8    -0.345    -0.402    -0.848
 9   133.060   -59.012   -19.838
 9     0.334    -0.864     0.383
 9    -0.825    -0.072     0.558
 9    -0.456    -0.499    -0.736
 2    97.199   -23.862    59.173
 2     0.714    -0.701     0.002
 2     0.699     0.712     0.052
 2    -0.037    -0.037     0.998
 3   124.057    -0.176    -3.119
 3     0.797    -0.079    -0.599
 3    -0.089     0.965    -0.246
 3     0.597     0.249     0.762
 4    99.903    12.974    -7.934
 4     0.234    -0.410     0.882
 4     0.920     0.385    -0.065
 4    -0.313     0.827     0.467
 5   121.796    29.734     7.183
 5     0.837     0.224     0.500
 5     0.542    -0.471    -0.696
 5     0.079     0.853    -0.515
 6   145.584    31.581    -2.367
 6     0.828     0.560     0.007
 6     0.074    -0.092    -0.993
 6    -0.555     0.823    -0.119
 7   103.819   -16.231    -8.066
 7     0.177     0.672     0.719
 7    -0.824     0.500    -0.266
 7    -0.538    -0.546     0.642
 8   122.037   -36.038    -7.345
 8     0.621    -0.782     0.037
 8    -0.656    -0.494     0.571
 8    -0.429    -0.379    -0.820
 9   131.178   -58.135   -24.615
 9     0.289    -0.895     0.344
 9    -0.800    -0.028     0.598
 9    -0.526    -0.444    -0.724
 2    97.174   -23.862    59.173
 2     0.714    -0.701     0.002
 2     0.699     0.712     0.052
 2    -0.037    -0.037     0.998
 3   123.906    -0.336    -3.216
 3     0.796    -0.066    -0.602
 3    -0.104     0.964    -0.243
 3     0.596     0.256     0.761
 4    99.832    12.962    -7.912
 4     0.242    -0.396     0.886
 4     0.915     0.395    -0.073
 4    -0.322     0.829     0.458
 5   122.104    29.515     6.860
 5     0.846     0.222     0.485
 5     0.528    -0.467    -0.709
 5     0.069     0.856    -0.512
 6   145.752    30.613    -2.866
 6     0.823     0.568    -0.022
 6     0.041    -0.091    -0.995
 6    -0.566     0.818    -0.100
 7   103.526   -16.076    -7.957
 7     0.171     0.641     0.748
 7    -0.807     0.526    -0.267
 7    -0.565    -0.559     0.607
 8   121.422   -35.517    -9.541
 8     0.598    -0.802    -0.008
 8    -0.625    -0.472     0.622
 8    -0.502    -0.367    -0.783
 9   129.395   -56.231   -29.343
 9     0.248    -0.917     0.316
 9    -0.760     0.018     0.647
 9    -0.600    -0.398    -0.693
 2    97.175   -23.862    59.173
 2     0.714    -0.701     0.001
 2     0.699     0.712     0.052
 2    -0.037    -0.038     0.998
 3   123.882    -0.240    -3.265
 3     0.794    -0.057    -0.605
 3    -0.115     0.963    -0.242
 3     0.596     0.261     0.759
 4    99.886    13.143    -7.874
 4     0.243    -0.390     0.888
 4     0.916     0.393    -0.078
 4    -0.319     0.833     0.452
 5   122.141    29.466     7.030
 5     0.849     0.216     0.482
 5     0.523    -0.468    -0.712
 5     0.073     0.857    -0.510
 6   145.780    29.777    -2.516
 6     0.823     0.566    -0.049
 6    -0.002    -0.079    -0.997
 6    -0.567     0.820    -0.066
 7   103.349   -15.794    -8.041
 7     0.170     0.620     0.766
 7    -0.789     0.551    -0.271
 7    -0.590    -0.558     0.583
 8   121.065   -34.846   -10.922
 8     0.586    -0.809    -0.032
 8    -0.599    -0.460     0.655
 8    -0.545    -0.366    -0.755
 9   128.680   -54.800   -31.835
 9     0.231    -0.926     0.302
 9    -0.734     0.038     0.676
 9    -0.639    -0.376    -0.671
 2    97.175   -23.862    59.173
 2     0.714    -0.701     0.001
 2     0.699     0.712     0.052
 2    -0.037    -0.038     0.998
 3   123.785    -0.116    -3.268
 3     0.793    -0.049    -0.608
 3    -0.123     0.963    -0.238
 3     0.597     0.264     0.757
 4    99.841    13.273    -7.833
 4     0.242    -0.388     0.889
 4     0.917     0.389    -0.080
 4    -0.316     0.835     0.450
 5   121.996    29.425     7.304
 5     0.849     0.205     0.487
 5     0.521    -0.472    -0.711
 5     0.085     0.857    -0.507
 6   145.850    29.755    -2.115
 6     0.827     0.561    -0.048
 6    -0.007    -0.070    -0.997
 6    -0.562     0.825    -0.055
 7   103.216   -15.633    -8.155
 7     0.165     0.611     0.774
 7    -0.778     0.562    -0.279
 7    -0.606    -0.557     0.568
 8   120.815   -34.143   -12.193
 8     0.581    -0.811    -0.064
 8    -0.568    -0.460     0.682
 8    -0.583    -0.361    -0.728
 9   128.203   -53.132   -34.111
 9     0.220    -0.937     0.275
 9    -0.705     0.042     0.706
 9    -0.674    -0.347    -0.652
 2    97.174   -23.862    59.173
 2     0.714    -0.701     0.002
 2     0.699     0.712     0.052
 2    -0.037    -0.037     0.998
 3   123.831    -0.121    -3.259
 3     0.793    -0.041    -0.608
 3    -0.131     0.963    -0.236
 3     0.595     0.266     0.758
 4    99.934    13.381    -7.852
 4     0.245    -0.389     0.888
 4     0.919     0.384    -0.085
 4    -0.309     0.837     0.452
 5   122.031    29.361     7.675
 5     0.849     0.191     0.492
 5     0.518    -0.478    -0.710
 5     0.099     0.857    -0.504
 6   145.949    29.483    -1.553
 6     0.832     0.552    -0.056
 6    -0.013    -0.075    -0.997
 6    -0.554     0.830    -0.057
 7   103.125   -15.424    -8.259
 7     0.162     0.598     0.785
 7    -0.763     0.580    -0.284
 7    -0.625    -0.553     0.550
 8   120.561   -33.690   -13.230
 8     0.570    -0.818    -0.083
 8    -0.547    -0.452     0.704
 8    -0.613    -0.356    -0.705
 9   127.308   -51.797   -36.338
 9     0.198    -0.946     0.262
 9    -0.681     0.059     0.728
 9    -0.705    -0.320    -0.633
 2    97.174   -23.837    59.173
 2     0.714    -0.701     0.002
 2     0.699     0.712     0.052
 2    -0.037    -0.037     0.998
 3   123.825    -0.076    -3.327
 3     0.793    -0.033    -0.609
 3    -0.140     0.962    -0.234
 3     0.593     0.271     0.758
 4    99.733    13.459    -7.681
 4     0.242    -0.385     0.891
 4     0.920     0.381    -0.085
 4    -0.308     0.840     0.446
 5   121.944    29.431     7.688
 5     0.851     0.195     0.487
 5     0.516    -0.477    -0.711
 5     0.094     0.857    -0.506
 6   145.415    28.970    -2.463
 6     0.809     0.583    -0.078
 6    -0.044    -0.063    -0.997
 6    -0.585     0.809    -0.027
 7   102.674   -15.269    -8.173
 7     0.146     0.582     0.800
 7    -0.752     0.591    -0.293
 7    -0.643    -0.559     0.523
 8   119.881   -33.139   -14.274
 8     0.551    -0.827    -0.109
 8    -0.527    -0.446     0.723
 8    -0.646    -0.342    -0.682
 9   125.897   -50.834   -38.013
 9     0.172    -0.954     0.248
 9    -0.666     0.073     0.741
 9    -0.726    -0.291    -0.624
 2    97.174   -23.837    59.173
 2     0.714    -0.701     0.002
 2     0.699     0.712     0.052
 2    -0.037    -0.037     0.998
 3   123.329    -0.017    -3.453
 3     0.803    -0.031    -0.596
 3    -0.145     0.959    -0.244
 3     0.578     0.282     0.765
 4    99.061    13.320    -7.524
 4     0.231    -0.366     0.902
 4     0.917     0.389    -0.077
 4    -0.323     0.845     0.425
 5   121.528    29.677     7.119
 5     0.852     0.228     0.473
 5     0.521    -0.467    -0.715
 5     0.058     0.854    -0.516
 6   144.535    28.546    -4.525
 6     0.777     0.625    -0.080
 6    -0.070    -0.030    -0.997
 6    -0.625     0.779     0.019
 7   102.260   -15.281    -8.067
 7     0.137     0.566     0.812
 7    -0.744     0.600    -0.293
 7    -0.654    -0.565     0.503
 8   119.280   -32.865   -15.145
 8     0.533    -0.836    -0.136
 8    -0.507    -0.442     0.739
 8    -0.677    -0.326    -0.659
 9   124.739   -50.020   -39.495
 9     0.148    -0.960     0.239
 9    -0.652     0.085     0.752
 9    -0.744    -0.266    -0.614
 2    97.175   -23.862    59.173
 2     0.714    -0.701     0.001
 2     0.699     0.712     0.052
 2    -0.037    -0.038     0.998
 3   123.080     0.018    -3.500
 3     0.814    -0.030    -0.581
 3    -0.147     0.956    -0.255
 3     0.562     0.292     0.773
 4    98.816    13.087    -7.458
 4     0.224    -0.360     0.906
 4     0.917     0.392    -0.071
 4    -0.330     0.846     0.417
 5   121.478    29.669     6.814
 5     0.850     0.237     0.470
 5     0.523    -0.463    -0.715
 5     0.048     0.854    -0.517
 6   144.345    28.589    -4.764
 6     0.773     0.630    -0.084
 6    -0.071    -0.035    -0.997
 6    -0.630     0.776     0.016
 7   102.257   -15.283    -8.099
 7     0.136     0.554     0.821
 7    -0.740     0.607    -0.288
 7    -0.658    -0.569     0.493
 8   119.139   -32.602   -15.518
 8     0.525    -0.839    -0.146
 8    -0.496    -0.439     0.749
 8    -0.692    -0.321    -0.646
 9   124.368   -49.448   -40.259
 9     0.140    -0.963     0.232
 9    -0.642     0.090     0.760
 9    -0.754    -0.254    -0.606
 2    97.175   -23.862    59.173
 2     0.714    -0.701     0.001
 2     0.699     0.712     0.052
 2    -0.037    -0.038     0.998
 3   123.158     0.120    -3.504
 3     0.813    -0.030    -0.581
 3    -0.147     0.956    -0.255
 3     0.563     0.293     0.773
 4    98.972    13.243    -7.465
 4     0.222    -0.364     0.905
 4     0.918     0.388    -0.069
 4    -0.327     0.846     0.420
 5   121.356    29.678     7.017
 5     0.850     0.226     0.476
 5     0.522    -0.463    -0.715
 5     0.059     0.857    -0.511
 6   144.474    28.344    -4.256
 6     0.780     0.621    -0.093
 6    -0.079    -0.039    -0.996
 6    -0.621     0.783     0.017
 7   102.338   -15.184    -8.082
 7     0.144     0.548     0.824
 7    -0.733     0.618    -0.283
 7    -0.664    -0.564     0.491
 8   119.171   -32.404   -15.729
 8     0.524    -0.838    -0.151
 8    -0.488    -0.440     0.753
 8    -0.697    -0.322    -0.640
 9   124.360   -49.097   -40.545
 9     0.138    -0.964     0.229
 9    -0.638     0.090     0.764
 9    -0.758    -0.250    -0.603
 2    97.199   -23.862    59.173
 2     0.714    -0.701     0.002
 2     0.699     0.712     0.052
 2    -0.037    -0.037     0.998
 3   123.165     0.071    -3.510
 3     0.812    -0.028    -0.584
 3    -0.149     0.956    -0.252
 3     0.565     0.291     0.772
 4    99.101    13.243    -7.518
 4     0.226    -0.364     0.904
 4     0.918     0.388    -0.073
 4    -0.326     0.846     0.421
 5   121.531    29.532     7.224
 5     0.854     0.214     0.475
 5     0.516    -0.468    -0.717
 5     0.068     0.857    -0.509
 6   144.680    27.841    -3.840
 6     0.785     0.613    -0.105
 6    -0.092    -0.041    -0.994
 6    -0.613     0.789     0.023
 7   102.358   -15.136    -8.130
 7     0.143     0.552     0.821
 7    -0.733     0.616    -0.287
 7    -0.665    -0.561     0.493
 8   119.115   -32.306   -15.848
 8     0.523    -0.839    -0.151
 8    -0.487    -0.438     0.755
 8    -0.699    -0.322    -0.638
 9   124.254   -48.974   -40.712
 9     0.135    -0.964     0.233
 9    -0.636     0.096     0.765
 9    -0.760    -0.249    -0.601
 2    97.174   -23.862    59.173
 2     0.714    -0.701     0.002
 2     0.699     0.712     0.052
 2    -0.037    -0.037     0.998
 3   123.311     0.076    -3.431
 3     0.806    -0.024    -0.592
 3    -0.152     0.957    -0.246
 3     0.572     0.288     0.767
 4    99.482    13.380    -7.543
 4     0.232    -0.373     0.899
 4     0.920     0.383    -0.078
 4    -0.315     0.845     0.431
 5   121.627    29.427     7.967
 5     0.857     0.187     0.480
 5     0.505    -0.479    -0.718
 5     0.096     0.858    -0.504
 6   145.004    27.058    -2.456
 6     0.790     0.603    -0.118
 6    -0.113    -0.034    -0.992
 6    -0.602     0.797     0.040
 7   102.772   -15.259    -8.089
 7     0.146     0.592     0.792
 7    -0.761     0.578    -0.293
 7    -0.632    -0.561     0.535
 8   120.432   -33.558   -12.977
 8     0.573    -0.811    -0.117
 8    -0.536    -0.478     0.695
 8    -0.620    -0.336    -0.709
 9   127.408   -51.396   -36.364
 9     0.197    -0.956     0.219
 9    -0.662     0.034     0.747
 9    -0.723    -0.291    -0.627
 2    97.174   -23.862    59.173
 2     0.714    -0.701     0.002
 2     0.699     0.712     0.052
 2    -0.037    -0.037     0.998
 3   124.184    -0.167    -2.956
 3     0.776    -0.019    -0.631
 3    -0.154     0.964    -0.218
 3     0.611     0.266     0.744
 4   101.117    13.662    -8.015
 4     0.256    -0.425     0.868
 4     0.925     0.367    -0.093
 4    -0.280     0.827     0.486
 5   121.998    28.809    10.112
 5     0.852     0.080     0.517
 5     0.482    -0.503    -0.717
 5     0.202     0.861    -0.467
 6   146.284    25.672     2.400
 6     0.839     0.528    -0.141
 6    -0.146    -0.020    -0.989
 6    -0.523     0.849     0.058
 7   104.378   -15.900    -8.194
 7     0.180     0.656     0.733
 7    -0.803     0.527    -0.275
 7    -0.567    -0.540     0.622
 8   122.739   -35.304    -8.536
 8     0.645    -0.764     0.006
 8    -0.604    -0.504     0.617
 8    -0.468    -0.402    -0.787
 9   132.557   -55.226   -28.268
 9     0.296    -0.908     0.301
 9    -0.722    -0.008     0.690
 9    -0.625    -0.419    -0.658
 2    97.174   -23.862    59.173
 2     0.714    -0.701     0.002
 2     0.699     0.712     0.052
 2    -0.037    -0.037     0.998
 3   125.699    -0.824    -2.178
 3     0.725    -0.004    -0.689
 3    -0.161     0.971    -0.176
 3     0.669     0.238     0.703
 4   103.961    13.562    -9.092
 4     0.303    -0.499     0.812
 4     0.922     0.366    -0.119
 4    -0.239     0.785     0.571
 5   122.767    27.809    11.903
 5     0.828    -0.077     0.556
 5     0.448    -0.508    -0.736
 5     0.338     0.858    -0.386
 6   147.908    23.506     8.994
 6     0.912     0.367    -0.187
 6    -0.189    -0.023    -0.981
 6    -0.363     0.930     0.046
 7   106.216   -17.163    -7.897
 7     0.248     0.662     0.707
 7    -0.821     0.530    -0.210
 7    -0.514    -0.529     0.675
 8   125.424   -36.143    -4.043
 8     0.705    -0.699     0.119
 8    -0.637    -0.551     0.540
 8    -0.312    -0.456    -0.833
 9   137.811   -57.634   -19.317
 9     0.398    -0.832     0.392
 9    -0.777    -0.079     0.622
 9    -0.488    -0.548    -0.677
 2    97.200   -23.862    59.173
 2     0.714    -0.701     0.001
 2     0.699     0.712     0.052
 2    -0.037    -0.038     0.998
 3   127.370    -1.704    -1.297
 3     0.683    -0.004    -0.730
 3    -0.140     0.981    -0.137
 3     0.717     0.195     0.669
 4   106.878    13.301    -9.645
 4     0.335    -0.577     0.745
 4     0.923     0.356    -0.139
 4    -0.186     0.734     0.652
 5   122.713    26.683    13.964
 5     0.781    -0.205     0.590
 5     0.420    -0.528    -0.738
 5     0.462     0.824    -0.327
 6   148.060    22.000    15.475
 6     0.954     0.223    -0.203
 6    -0.203    -0.013    -0.979
 6    -0.220     0.975     0.030
 7   108.384   -18.287    -7.975
 7     0.326     0.656     0.682
 7    -0.816     0.559    -0.148
 7    -0.478    -0.508     0.716
 8   127.528   -37.117    -0.506
 8     0.726    -0.652     0.220
 8    -0.663    -0.579     0.475
 8    -0.182    -0.490    -0.852
 9   140.848   -59.811   -11.311
 9     0.448    -0.746     0.497
 9    -0.825    -0.131     0.547
 9    -0.344    -0.652    -0.673
 2    97.200   -23.862    59.173
 2     0.714    -0.701     0.001
 2     0.699     0.712     0.052
 2    -0.037    -0.038     0.998
 3   128.757    -2.393    -0.906
 3     0.656    -0.008    -0.755
 3    -0.111     0.988    -0.107
 3     0.746     0.153     0.647
 4   108.658    12.829    -9.935
 4     0.331    -0.642     0.692
 4     0.931     0.339    -0.130
 4    -0.151     0.687     0.710
 5   121.504    26.088    15.478
 5     0.706    -0.292     0.646
 5     0.429    -0.550    -0.716
 5     0.563     0.782    -0.264
 6   146.968    22.325    20.809
 6     0.982     0.080    -0.173
 6    -0.171    -0.019    -0.985
 6    -0.082     0.996    -0.007
 7   109.801   -19.297    -7.760
 7     0.353     0.682     0.641
 7    -0.832     0.541    -0.118
 7    -0.427    -0.492     0.758
 8   128.560   -37.550     2.488
 8     0.735    -0.616     0.284
 8    -0.673    -0.613     0.413
 8    -0.080    -0.494    -0.865
 9   142.384   -60.918    -4.872
 9     0.479    -0.691     0.547
 9    -0.846    -0.196     0.494
 9    -0.234    -0.696    -0.676
 2    97.200   -23.862    59.173
 2     0.714    -0.701     0.001
 2     0.699     0.712     0.052
 2    -0.037    -0.038     0.998
 3   129.264    -2.779    -0.796
 3     0.653    -0.006    -0.757
 3    -0.085     0.993    -0.080
 3     0.752     0.116     0.648
 4   109.240    12.672    -9.928
 4     0.325    -0.671     0.667
 4     0.937     0.324    -0.129
 4    -0.130     0.666     0.734
 5   120.450    25.568    16.282
 5     0.662    -0.340     0.670
 5     0.423    -0.568    -0.705
 5     0.618     0.749    -0.233
 6   145.835    22.034    23.609
 6     0.986     0.010    -0.168
 6    -0.167    -0.030    -0.985
 6    -0.014     0.999    -0.030
 7   110.513   -20.101    -7.607
 7     0.375     0.705     0.602
 7    -0.850     0.519    -0.079
 7    -0.369    -0.482     0.794
 8   128.933   -37.294     5.852
 8     0.745    -0.566     0.354
 8    -0.666    -0.657     0.352
 8     0.033    -0.498    -0.866
 9   143.496   -60.571     2.688
 9     0.517    -0.616     0.599
 9    -0.849    -0.280     0.447
 9    -0.107    -0.737    -0.664
 2    97.200   -23.862    59.173
 2     0.714    -0.701     0.001
 2     0.699     0.712     0.052
 2    -0.037    -0.038     0.998
 3   129.443    -2.920    -0.521
 3     0.658     0.002    -0.753
 3    -0.060     0.997    -0.050
 3     0.750     0.078     0.656
 4   109.453    12.802    -9.681
 4     0.307    -0.705     0.641
 4     0.946     0.298    -0.125
 4    -0.104     0.644     0.757
 5   118.824    25.110    17.320
 5     0.604    -0.368     0.708
 5     0.426    -0.601    -0.675
 5     0.673     0.709    -0.207
 6   143.752    22.701    27.004
 6     0.989    -0.069    -0.126
 6    -0.129    -0.056    -0.990
 6     0.062     0.996    -0.066
 7   111.424   -20.501    -7.506
 7     0.407     0.730     0.550
 7    -0.868     0.496    -0.018
 7    -0.286    -0.470     0.835
 8   128.496   -36.620     9.732
 8     0.734    -0.507     0.452
 8    -0.655    -0.702     0.278
 8     0.176    -0.499    -0.848
 9   143.308   -59.435    11.387
 9     0.547    -0.511     0.667
 9    -0.836    -0.368     0.405
 9     0.039    -0.777    -0.625
 2    97.200   -23.862    59.173
 2     0.714    -0.701     0.001
 2     0.699     0.712     0.052
 2    -0.037    -0.038     0.998
 3   129.385    -2.627    -0.648
 3     0.658     0.005    -0.753
 3    -0.034     0.999    -0.023
 3     0.752     0.040     0.657
 4   109.290    13.318    -9.427
 4     0.278    -0.730     0.625
 4     0.958     0.260    -0.121
 4    -0.074     0.631     0.771
 5   116.922    24.900    18.179
 5     0.549    -0.394     0.739
 5     0.417    -0.637    -0.647
 5     0.724     0.663    -0.185
 6   141.672    22.815    29.653
 6     0.986    -0.134    -0.098
 6    -0.109    -0.088    -0.990
 6     0.124     0.987    -0.102
 7   112.187   -20.980    -7.117
 7     0.427     0.765     0.483
 7    -0.889     0.453     0.066
 7    -0.168    -0.457     0.873
 8   127.954   -34.581    14.151
 8     0.724    -0.426     0.543
 8    -0.603    -0.771     0.201
 8     0.333    -0.472    -0.815
 9   142.922   -55.956    21.942
 9     0.568    -0.392     0.726
 9    -0.792    -0.498     0.353
 9     0.224    -0.774    -0.590
 2    97.200   -23.862    59.173
 2     0.714    -0.701     0.001
 2     0.699     0.712     0.052
 2    -0.037    -0.038     0.998
 3   129.471    -2.719    -0.518
 3     0.658     0.008    -0.753
 3    -0.017     1.000    -0.005
 3     0.753     0.015     0.658
 4   109.643    13.338    -9.272
 4     0.274    -0.748     0.605
 4     0.960     0.247    -0.129
 4    -0.053     0.616     0.785
 5   116.342    24.234    18.677
 5     0.515    -0.415     0.752
 5     0.404    -0.656    -0.636
 5     0.756     0.630    -0.171
 6   140.704    22.632    31.404
 6     0.982    -0.174    -0.073
 6    -0.091    -0.104    -0.990
 6     0.165     0.979    -0.118
 7   112.922   -21.683    -6.626
 7     0.426     0.803     0.418
 7    -0.902     0.409     0.133
 7    -0.063    -0.433     0.898
 8   126.457   -31.285    19.135
 8     0.704    -0.281     0.653
