% Calibrated with leiden_pols
% Positions are in centimeters
Data =[
 2    97.175   -23.913    59.173
 2     0.714    -0.701     0.001
 2     0.699     0.712     0.052
 2    -0.037    -0.038     0.998
 3   131.222    -2.398     2.158
 3     0.546    -0.062    -0.836
 3    -0.036     0.995    -0.097
 3     0.837     0.083     0.540
 4   113.412    14.774    -7.619
 4     0.359    -0.778     0.517
 4     0.933     0.287    -0.215
 4     0.019     0.558     0.828
 5   123.122    21.812    20.993
 5     0.549    -0.599     0.585
 5     0.182    -0.597    -0.781
 5     0.816     0.534    -0.218
 6   140.699    24.095    43.819
 6     0.680    -0.671    -0.303
 6    -0.070     0.345    -0.934
 6     0.730     0.656     0.189
 7   116.755   -21.467    -6.741
 7     0.366     0.918     0.154
 7    -0.931     0.358     0.078
 7     0.017    -0.172     0.985
 8   125.002   -26.280    22.173
 8     0.574     0.376     0.728
 8    -0.070    -0.863     0.499
 8     0.816    -0.338    -0.469
 9   141.057   -32.176    45.226
 9     0.542     0.820    -0.194
 9    -0.083     0.273     0.957
 9     0.836    -0.502     0.215
 2    97.202   -23.861    59.171
 2     0.714    -0.701     0.001
 2     0.699     0.712     0.052
 2    -0.036    -0.038     0.998
 3   131.330    -2.402     2.055
 3     0.552    -0.062    -0.832
 3    -0.033     0.995    -0.095
 3     0.833     0.079     0.547
 4   113.459    14.774    -7.668
 4     0.358    -0.778     0.518
 4     0.934     0.286    -0.214
 4     0.018     0.560     0.828
 5   123.147    21.812    20.992
 5     0.549    -0.598     0.586
 5     0.182    -0.598    -0.780
 5     0.816     0.534    -0.219
 6   140.704    24.146    43.765
 6     0.679    -0.672    -0.305
 6    -0.070     0.347    -0.933
 6     0.731     0.654     0.191
 7   116.852   -21.493    -6.789
 7     0.365     0.918     0.153
 7    -0.931     0.357     0.077
 7     0.016    -0.171     0.985
 8   125.004   -26.280    22.122
 8     0.573     0.375     0.729
 8    -0.070    -0.864     0.498
 8     0.816    -0.336    -0.469
 9   141.057   -32.177    45.226
 9     0.541     0.821    -0.194
 9    -0.083     0.272     0.958
 9     0.836    -0.501     0.215
 2    97.202   -23.861    59.171
 2     0.714    -0.701     0.001
 2     0.699     0.712     0.052
 2    -0.036    -0.038     0.998
 3   131.331    -2.401     2.055
 3     0.552    -0.061    -0.832
 3    -0.032     0.995    -0.094
 3     0.833     0.078     0.547
 4   113.504    14.772    -7.713
 4     0.358    -0.777     0.519
 4     0.933     0.287    -0.213
 4     0.016     0.560     0.828
 5   123.147    21.812    20.941
 5     0.549    -0.598     0.586
 5     0.182    -0.598    -0.780
 5     0.816     0.534    -0.219
 6   140.701    24.094    43.770
 6     0.679    -0.671    -0.305
 6    -0.070     0.348    -0.933
 6     0.730     0.654     0.192
 7   116.902   -21.468    -6.789
 7     0.365     0.918     0.152
 7    -0.931     0.357     0.076
 7     0.016    -0.170     0.985
 8   125.003   -26.280    22.122
 8     0.574     0.375     0.729
 8    -0.070    -0.864     0.498
 8     0.816    -0.337    -0.469
 9   141.057   -32.177    45.175
 9     0.542     0.821    -0.193
 9    -0.083     0.272     0.958
 9     0.836    -0.501     0.215
 2    97.200   -23.862    59.173
 2     0.714    -0.701     0.001
 2     0.699     0.712     0.052
 2    -0.037    -0.038     0.998
 3   131.343    -2.450     2.089
 3     0.546    -0.061    -0.835
 3    -0.035     0.995    -0.095
 3     0.836     0.081     0.541
 4   113.455    14.772    -7.713
 4     0.358    -0.777     0.518
 4     0.933     0.288    -0.212
 4     0.016     0.559     0.828
 5   123.197    21.812    20.941
 5     0.549    -0.599     0.585
 5     0.181    -0.597    -0.780
 5     0.816     0.534    -0.219
 6   140.700    24.095    43.820
 6     0.679    -0.671    -0.305
 6    -0.070     0.347    -0.933
 6     0.730     0.655     0.191
 7   116.851   -21.468    -6.738
 7     0.365     0.919     0.151
 7    -0.931     0.357     0.075
 7     0.016    -0.169     0.985
 8   125.003   -26.281    22.123
 8     0.573     0.376     0.729
 8    -0.071    -0.863     0.499
 8     0.816    -0.337    -0.468
 9   141.058   -32.125    45.175
 9     0.542     0.821    -0.193
 9    -0.082     0.271     0.958
 9     0.836    -0.502     0.214
 2    97.177   -23.861    59.170
 2     0.714    -0.701     0.001
 2     0.699     0.712     0.052
 2    -0.036    -0.037     0.998
 3   131.272    -2.398     2.133
 3     0.546    -0.063    -0.836
 3    -0.035     0.994    -0.097
 3     0.837     0.082     0.540
 4   113.455    14.772    -7.662
 4     0.359    -0.777     0.518
 4     0.933     0.288    -0.213
 4     0.016     0.559     0.828
 5   123.147    21.812    20.941
 5     0.549    -0.599     0.585
 5     0.181    -0.597    -0.781
 5     0.816     0.534    -0.219
 6   140.650    24.095    43.769
 6     0.680    -0.671    -0.303
 6    -0.070     0.346    -0.934
 6     0.730     0.656     0.190
 7   116.801   -21.469    -6.789
 7     0.364     0.919     0.152
 7    -0.931     0.356     0.076
 7     0.016    -0.169     0.985
 8   124.952   -26.281    22.123
 8     0.573     0.376     0.729
 8    -0.071    -0.863     0.499
 8     0.816    -0.338    -0.468
 9   141.008   -32.176    45.175
 9     0.542     0.821    -0.191
 9    -0.083     0.269     0.958
 9     0.836    -0.502     0.214
 2    97.177   -23.861    59.170
 2     0.714    -0.701     0.001
 2     0.699     0.712     0.052
 2    -0.036    -0.037     0.998
 3   131.221    -2.398     2.132
 3     0.545    -0.064    -0.836
 3    -0.036     0.994    -0.099
 3     0.837     0.084     0.539
 4   113.405    14.772    -7.662
 4     0.359    -0.777     0.518
 4     0.933     0.288    -0.212
 4     0.016     0.559     0.828
 5   123.197    21.812    20.941
 5     0.549    -0.599     0.585
 5     0.181    -0.596    -0.781
 5     0.816     0.534    -0.219
 6   140.701    24.095    43.770
 6     0.680    -0.671    -0.304
 6    -0.070     0.347    -0.933
 6     0.730     0.655     0.191
 7   116.751   -21.469    -6.738
 7     0.364     0.919     0.152
 7    -0.931     0.356     0.076
 7     0.016    -0.169     0.985
 8   124.998   -26.283    22.128
 8     0.575     0.375     0.728
 8    -0.072    -0.862     0.500
 8     0.815    -0.340    -0.468
 9   141.104   -32.228    45.182
 9     0.543     0.821    -0.190
 9    -0.083     0.268     0.959
 9     0.835    -0.503     0.213
 2    97.177   -23.861    59.170
 2     0.714    -0.701     0.001
 2     0.699     0.712     0.052
 2    -0.036    -0.037     0.998
 3   131.157    -2.450     2.138
 3     0.541    -0.065    -0.839
 3    -0.044     0.993    -0.105
 3     0.840     0.093     0.534
 4   113.284    14.720    -7.716
 4     0.364    -0.775     0.518
 4     0.931     0.292    -0.217
 4     0.017     0.561     0.827
 5   124.011    22.008    20.491
 5     0.579    -0.575     0.580
 5     0.203    -0.586    -0.783
 5     0.790     0.570    -0.223
 6   143.029    23.952    42.254
 6     0.682    -0.563    -0.472
 6    -0.103     0.561    -0.819
 6     0.723     0.606     0.327
 7   116.561   -21.369    -6.912
 7     0.372     0.917     0.141
 7    -0.928     0.365     0.069
 7     0.012    -0.157     0.987
 8   125.724   -26.543    21.381
 8     0.589     0.329     0.739
 8    -0.112    -0.872     0.476
 8     0.800    -0.363    -0.477
 9   142.924   -33.609    43.185
 9     0.596     0.794    -0.125
 9    -0.130     0.244     0.961
 9     0.792    -0.557     0.248
 2    97.202   -23.861    59.171
 2     0.714    -0.701     0.001
 2     0.699     0.712     0.052
 2    -0.036    -0.038     0.998
 3   130.999    -2.550     2.020
 3     0.557    -0.064    -0.828
 3    -0.061     0.991    -0.117
 3     0.828     0.116     0.548
 4   113.279    14.708    -7.848
 4     0.403    -0.741     0.538
 4     0.915     0.317    -0.248
 4     0.014     0.592     0.805
 5   126.237    22.012    19.717
 5     0.641    -0.540     0.548
 5     0.211    -0.561    -0.799
 5     0.738     0.627    -0.246
 6   146.444    24.044    39.579
 6     0.743    -0.494    -0.454
 6    -0.102     0.585    -0.803
 6     0.661     0.643     0.385
 7   116.222   -21.120    -7.523
 7     0.367     0.922     0.120
 7    -0.929     0.369     0.001
 7    -0.043    -0.112     0.993
 8   127.985   -27.893    19.744
 8     0.688     0.236     0.686
 8    -0.187    -0.856     0.480
 8     0.700    -0.459    -0.546
 9   147.457   -36.667    37.458
 9     0.694     0.717    -0.061
 9    -0.202     0.272     0.940
 9     0.690    -0.641     0.335
 2    97.177   -23.861    59.170
 2     0.714    -0.701     0.001
 2     0.699     0.712     0.052
 2    -0.036    -0.037     0.998
 3   130.836    -2.686     1.639
 3     0.584    -0.056    -0.810
 3    -0.080     0.989    -0.126
 3     0.808     0.138     0.572
 4   112.734    14.528    -8.138
 4     0.435    -0.686     0.585
 4     0.900     0.356    -0.251
 4    -0.036     0.635     0.771
 5   128.978    22.612    17.490
 5     0.746    -0.429     0.512
 5     0.245    -0.536    -0.807
 5     0.619     0.727    -0.296
 6   151.668    25.074    33.200
 6     0.844    -0.371    -0.388
 6    -0.079     0.629    -0.773
 6     0.530     0.683     0.502
 7   115.439   -20.676    -8.081
 7     0.366     0.921     0.134
 7    -0.924     0.377    -0.068
 7    -0.113    -0.099     0.989
 8   131.133   -28.672    17.153
 8     0.808     0.151     0.569
 8    -0.226    -0.814     0.535
 8     0.543    -0.561    -0.624
 9   153.370   -37.663    28.997
 9     0.816     0.578    -0.022
 9    -0.236     0.364     0.900
 9     0.528    -0.730     0.434
 2    97.177   -23.861    59.171
 2     0.714    -0.701     0.001
 2     0.699     0.712     0.052
 2    -0.036    -0.038     0.998
 3   130.379    -2.663     1.254
 3     0.609    -0.054    -0.791
 3    -0.088     0.987    -0.134
 3     0.788     0.151     0.596
 4   112.115    14.114    -8.599
 4     0.475    -0.621     0.625
 4     0.875     0.403    -0.264
 4    -0.088     0.672     0.734
 5   131.540    22.642    14.522
 5     0.837    -0.321     0.443
 5     0.252    -0.493    -0.832
 5     0.485     0.809    -0.333
 6   156.262    24.217    25.198
 6     0.920    -0.185    -0.344
 6    -0.108     0.726    -0.680
 6     0.375     0.662     0.647
 7   114.771   -20.427    -8.468
 7     0.372     0.913     0.167
 7    -0.911     0.394    -0.126
 7    -0.180    -0.105     0.978
 8   133.949   -28.745    13.683
 8     0.900     0.096     0.425
 8    -0.205    -0.767     0.607
 8     0.384    -0.634    -0.671
 9   158.039   -36.352    19.666
 9     0.919     0.391     0.042
 9    -0.221     0.422     0.879
 9     0.326    -0.817     0.475
 2    97.177   -23.861    59.170
 2     0.714    -0.701     0.001
 2     0.699     0.712     0.052
 2    -0.036    -0.037     0.998
 3   129.968    -2.802     0.947
 3     0.621    -0.047    -0.782
 3    -0.089     0.987    -0.130
 3     0.778     0.150     0.609
 4   111.404    13.461    -9.055
 4     0.512    -0.552     0.660
 4     0.846     0.456    -0.275
 4    -0.149     0.698     0.699
 5   133.438    22.507    11.176
 5     0.900    -0.206     0.384
 5     0.257    -0.460    -0.849
 5     0.351     0.863    -0.362
 6   159.024    23.375    17.200
 6     0.966    -0.044    -0.252
 6    -0.126     0.776    -0.620
 6     0.223     0.628     0.743
 7   114.090   -20.233    -8.783
 7     0.381     0.894     0.237
 7    -0.887     0.425    -0.178
 7    -0.259    -0.142     0.955
 8   135.949   -28.547    10.178
 8     0.953     0.040     0.299
 8    -0.174    -0.736     0.654
 8     0.246    -0.676    -0.695
 9   160.634   -35.231    11.284
 9     0.964     0.240     0.113
 9    -0.216     0.464     0.859
 9     0.153    -0.853     0.499
 2    97.177   -23.861    59.170
 2     0.714    -0.701     0.001
 2     0.699     0.712     0.052
 2    -0.036    -0.037     0.998
 3   129.588    -2.908     0.527
 3     0.633    -0.051    -0.773
 3    -0.082     0.988    -0.131
 3     0.770     0.146     0.621
 4   110.605    12.858    -9.523
 4     0.533    -0.488     0.692
 4     0.818     0.502    -0.277
 4    -0.214     0.714     0.666
 5   134.502    22.241     7.860
 5     0.937    -0.107     0.332
 5     0.259    -0.424    -0.867
 5     0.234     0.899    -0.371
 6   160.276    22.632    10.127
 6     0.985     0.062    -0.158
 6    -0.140     0.819    -0.558
 6     0.095     0.570     0.815
 7   113.324   -20.214    -9.025
 7     0.396     0.865     0.310
 7    -0.865     0.464    -0.192
 7    -0.310    -0.192     0.931
 8   136.941   -28.075     7.277
 8     0.979     0.000     0.203
 8    -0.143    -0.712     0.687
 8     0.145    -0.702    -0.697
 9   161.738   -33.774     4.765
 9     0.978     0.123     0.167
 9    -0.206     0.483     0.851
 9     0.024    -0.867     0.498
 2    97.177   -23.861    59.170
 2     0.714    -0.701     0.001
 2     0.699     0.712     0.052
 2    -0.036    -0.037     0.998
 3   129.048    -3.168     0.120
 3     0.647    -0.059    -0.760
 3    -0.069     0.988    -0.135
 3     0.759     0.139     0.635
 4   109.835    12.169    -9.823
 4     0.539    -0.439     0.720
 4     0.799     0.534    -0.273
 4    -0.265     0.722     0.638
 5   134.703    22.316     5.274
 5     0.951    -0.034     0.307
 5     0.270    -0.396    -0.878
 5     0.151     0.917    -0.368
 6   160.542    22.067     4.752
 6     0.988     0.130    -0.077
 6    -0.150     0.846    -0.514
 6    -0.001     0.517     0.854
 7   113.066   -20.281    -9.285
 7     0.409     0.842     0.354
 7    -0.847     0.494    -0.198
 7    -0.341    -0.218     0.914
 8   137.719   -27.296     5.255
 8     0.991    -0.018     0.129
 8    -0.104    -0.709     0.697
 8     0.079    -0.705    -0.705
 9   162.447   -32.304     0.579
 9     0.980     0.038     0.193
 9    -0.188     0.475     0.859
 9    -0.059    -0.879     0.473
 2    97.177   -23.861    59.170
 2     0.714    -0.701     0.001
 2     0.699     0.712     0.052
 2    -0.036    -0.037     0.998
 3   128.759    -3.171    -0.193
 3     0.660    -0.074    -0.748
 3    -0.054     0.988    -0.145
 3     0.749     0.135     0.647
 4   109.029    11.646   -10.118
 4     0.529    -0.410     0.744
 4     0.791     0.554    -0.257
 4    -0.308     0.724     0.616
 5   134.497    22.385     3.314
 5     0.955     0.028     0.294
 5     0.282    -0.379    -0.881
 5     0.086     0.925    -0.370
 6   160.148    22.124     0.466
 6     0.985     0.171    -0.001
 6    -0.149     0.858    -0.491
 6    -0.083     0.483     0.871
 7   112.860   -20.362    -9.466
 7     0.422     0.824     0.380
 7    -0.833     0.516    -0.196
 7    -0.357    -0.234     0.904
 8   138.091   -26.549     4.232
 8     0.996    -0.019     0.083
 8    -0.072    -0.709     0.701
 8     0.045    -0.704    -0.708
 9   162.747   -30.682    -1.707
 9     0.981    -0.019     0.190
 9    -0.159     0.471     0.867
 9    -0.106    -0.882     0.460
 2    97.177   -23.861    59.170
 2     0.714    -0.701     0.001
 2     0.699     0.712     0.052
 2    -0.036    -0.037     0.998
 3   128.442    -3.178    -0.528
 3     0.673    -0.087    -0.735
 3    -0.044     0.987    -0.156
 3     0.738     0.136     0.660
 4   108.282    11.317   -10.228
 4     0.513    -0.395     0.762
 4     0.790     0.563    -0.240
 4    -0.335     0.725     0.600
 5   133.980    22.580     2.195
 5     0.955     0.066     0.290
 5     0.293    -0.366    -0.883
 5     0.048     0.928    -0.369
 6   159.472    21.898    -1.974
 6     0.978     0.203     0.043
 6    -0.158     0.865    -0.477
 6    -0.134     0.459     0.878
 7   112.070   -20.313    -9.470
 7     0.408     0.813     0.416
 7    -0.828     0.520    -0.206
 7    -0.383    -0.260     0.885
 8   137.876   -26.457     2.788
 8     0.998    -0.050     0.037
 8    -0.062    -0.706     0.705
 8    -0.009    -0.706    -0.708
 9   162.199   -30.252    -5.267
 9     0.973    -0.089     0.214
 9    -0.149     0.469     0.870
 9    -0.177    -0.879     0.444
 2    97.177   -23.861    59.170
 2     0.714    -0.701     0.001
 2     0.699     0.712     0.052
 2    -0.036    -0.037     0.998
 3   127.977    -3.243    -1.176
 3     0.683    -0.089    -0.724
 3    -0.051     0.984    -0.168
 3     0.728     0.152     0.668
 4   106.856    11.057   -10.070
 4     0.490    -0.367     0.792
 4     0.789     0.571    -0.224
 4    -0.370     0.734     0.568
 5   132.981    22.882     0.847
 5     0.951     0.127     0.280
 5     0.307    -0.358    -0.882
 5    -0.012     0.925    -0.380
 6   157.903    21.999    -5.696
 6     0.963     0.242     0.121
 6    -0.163     0.874    -0.458
 6    -0.216     0.421     0.881
 7   110.709   -20.171    -9.376
 7     0.378     0.805     0.458
 7    -0.829     0.514    -0.219
 7    -0.411    -0.297     0.861
 8   136.889   -27.000     0.787
 8     0.993    -0.116    -0.008
 8    -0.075    -0.694     0.716
 8    -0.088    -0.710    -0.698
 9   160.288   -30.648   -10.443
 9     0.946    -0.183     0.267
 9    -0.150     0.482     0.862
 9    -0.286    -0.857     0.430
 2    97.177   -23.861    59.170
 2     0.714    -0.701     0.001
 2     0.699     0.712     0.052
 2    -0.036    -0.037     0.998
 3   126.963    -3.224    -1.707
 3     0.716    -0.100    -0.691
 3    -0.044     0.981    -0.187
 3     0.696     0.164     0.698
 4   105.084    10.796    -9.749
 4     0.451    -0.341     0.825
 4     0.793     0.576    -0.195
 4    -0.410     0.742     0.530
 5   131.290    23.478    -0.849
 5     0.938     0.207     0.276
 5     0.334    -0.345    -0.877
 5    -0.087     0.915    -0.393
 6   155.463    22.346   -10.367
 6     0.930     0.287     0.230
 6    -0.165     0.883    -0.436
 6    -0.328     0.369     0.870
 7   109.407   -19.970    -9.248
 7     0.357     0.789     0.500
 7    -0.827     0.516    -0.225
 7    -0.435    -0.333     0.836
 8   135.878   -27.264    -1.224
 8     0.983    -0.177    -0.052
 8    -0.083    -0.678     0.730
 8    -0.164    -0.714    -0.681
 9   158.460   -30.629   -15.003
 9     0.914    -0.262     0.312
 9    -0.150     0.495     0.855
 9    -0.377    -0.828     0.414
 2    97.177   -23.861    59.170
 2     0.714    -0.701     0.001
 2     0.699     0.712     0.052
 2    -0.036    -0.037     0.998
 3   126.481    -3.064    -2.053
 3     0.732    -0.104    -0.674
 3    -0.045     0.979    -0.200
 3     0.680     0.176     0.711
 4   104.113    10.677    -9.575
 4     0.428    -0.322     0.845
 4     0.794     0.579    -0.182
 4    -0.432     0.748     0.503
 5   130.477    23.977    -1.817
 5     0.927     0.257     0.272
 5     0.351    -0.343    -0.871
 5    -0.130     0.903    -0.408
 6   153.854    22.857   -12.875
 6     0.902     0.315     0.297
 6    -0.166     0.884    -0.434
 6    -0.398     0.345     0.850
 7   108.827   -19.701    -9.103
 7     0.347     0.780     0.522
 7    -0.826     0.516    -0.224
 7    -0.444    -0.354     0.822
 8   135.150   -27.551    -2.216
 8     0.974    -0.216    -0.070
 8    -0.097    -0.673     0.733
 8    -0.205    -0.707    -0.677
 9   156.842   -31.101   -18.039
 9     0.882    -0.326     0.343
 9    -0.143     0.506     0.849
 9    -0.449    -0.798     0.401
 2    97.174   -23.862    59.173
 2     0.714    -0.701     0.002
 2     0.699     0.712     0.052
 2    -0.037    -0.037     0.998
 3   126.221    -2.947    -2.193
 3     0.741    -0.109    -0.664
 3    -0.044     0.977    -0.208
 3     0.670     0.183     0.718
 4   103.723    10.832    -9.400
 4     0.414    -0.320     0.852
 4     0.800     0.573    -0.173
 4    -0.434     0.754     0.493
 5   129.935    24.467    -1.994
 5     0.918     0.286     0.273
 5     0.364    -0.345    -0.865
 5    -0.154     0.894    -0.421
 6   152.723    22.605   -14.652
 6     0.868     0.358     0.348
 6    -0.187     0.879    -0.436
 6    -0.460     0.316     0.830
 7   108.395   -19.485    -9.110
 7     0.333     0.773     0.540
 7    -0.827     0.514    -0.227
 7    -0.453    -0.371     0.810
 8   134.393   -28.226    -3.380
 8     0.961    -0.267    -0.075
 8    -0.125    -0.657     0.743
 8    -0.247    -0.705    -0.665
 9   155.298   -31.696   -20.801
 9     0.849    -0.370     0.380
 9    -0.146     0.523     0.838
 9    -0.508    -0.768     0.392
 2    97.177   -23.861    59.171
 2     0.714    -0.701     0.001
 2     0.699     0.712     0.052
 2    -0.036    -0.038     0.998
 3   126.092    -2.899    -2.267
 3     0.741    -0.108    -0.663
 3    -0.047     0.976    -0.210
 3     0.669     0.187     0.718
 4   103.431    10.855    -9.242
 4     0.406    -0.314     0.858
 4     0.802     0.571    -0.170
 4    -0.438     0.758     0.484
 5   129.578    24.708    -2.190
 5     0.911     0.314     0.269
 5     0.375    -0.355    -0.856
 5    -0.173     0.880    -0.441
 6   151.369    22.295   -16.291
 6     0.826     0.404     0.397
 6    -0.202     0.864    -0.458
 6    -0.526     0.300     0.795
 7   107.990   -19.372    -9.114
 7     0.316     0.767     0.559
 7    -0.829     0.509    -0.231
 7    -0.462    -0.390     0.796
 8   133.518   -29.163    -4.709
 8     0.940    -0.329    -0.083
 8    -0.158    -0.641     0.751
 8    -0.300    -0.694    -0.655
 9   152.827   -33.177   -24.311
 9     0.797    -0.421     0.437
 9    -0.166     0.539     0.823
 9    -0.581    -0.729     0.362
 2    97.177   -23.861    59.170
 2     0.714    -0.701     0.001
 2     0.699     0.712     0.052
 2    -0.036    -0.037     0.998
 3   125.996    -2.823    -2.372
 3     0.740    -0.104    -0.664
 3    -0.050     0.977    -0.208
 3     0.670     0.187     0.718
 4   103.184    11.017    -9.087
 4     0.395    -0.314     0.864
 4     0.810     0.561    -0.166
 4    -0.433     0.765     0.476
 5   129.170    25.050    -2.050
 5     0.901     0.341     0.266
 5     0.387    -0.363    -0.848
 5    -0.193     0.867    -0.459
 6   149.522    21.423   -18.189
 6     0.762     0.465     0.456
 6    -0.232     0.846    -0.475
 6    -0.604     0.259     0.752
 7   107.769   -19.201    -9.032
 7     0.304     0.758     0.577
 7    -0.830     0.507    -0.230
 7    -0.467    -0.409     0.783
 8   132.541   -29.977    -6.104
 8     0.915    -0.393    -0.092
 8    -0.192    -0.622     0.759
 8    -0.355    -0.677    -0.645
 9   150.258   -34.233   -27.995
 9     0.733    -0.482     0.485
 9    -0.172     0.553     0.812
 9    -0.658    -0.679     0.324
 2    97.177   -23.861    59.170
 2     0.714    -0.701     0.001
 2     0.699     0.712     0.052
 2    -0.036    -0.037     0.998
 3   125.922    -2.723    -2.422
 3     0.740    -0.102    -0.665
 3    -0.052     0.977    -0.206
 3     0.670     0.187     0.717
 4   102.997    11.042    -9.006
 4     0.387    -0.314     0.867
 4     0.812     0.560    -0.160
 4    -0.436     0.766     0.471
 5   128.876    25.437    -2.451
 5     0.890     0.371     0.265
 5     0.400    -0.358    -0.844
 5    -0.218     0.857    -0.467
 6   148.011    21.045   -19.842
 6     0.715     0.494     0.501
 6    -0.247     0.842    -0.477
 6    -0.654     0.219     0.722
 7   107.496   -19.032    -9.043
 7     0.290     0.747     0.599
 7    -0.831     0.506    -0.229
 7    -0.474    -0.431     0.767
 8   131.751   -30.504    -7.324
 8     0.890    -0.444    -0.101
 8    -0.215    -0.603     0.767
 8    -0.401    -0.662    -0.633
 9   147.925   -35.066   -30.687
 9     0.681    -0.516     0.525
 9    -0.183     0.569     0.798
 9    -0.709    -0.640     0.295
 2    97.177   -23.861    59.170
 2     0.714    -0.701     0.001
 2     0.699     0.712     0.052
 2    -0.036    -0.037     0.998
 3   125.829    -2.647    -2.480
 3     0.738    -0.096    -0.668
 3    -0.056     0.978    -0.202
 3     0.672     0.187     0.716
 4   102.941    11.092    -8.879
 4     0.385    -0.310     0.870
 4     0.813     0.559    -0.160
 4    -0.437     0.769     0.467
 5   128.761    25.545    -2.629
 5     0.881     0.398     0.254
 5     0.405    -0.364    -0.839
 5    -0.242     0.842    -0.481
 6   146.487    20.501   -21.475
 6     0.657     0.535     0.537
 6    -0.265     0.824    -0.497
 6    -0.706     0.186     0.681
 7   107.373   -18.959    -9.050
 7     0.285     0.741     0.609
 7    -0.832     0.506    -0.228
 7    -0.477    -0.442     0.759
 8   131.154   -30.884    -7.954
 8     0.875    -0.473    -0.102
 8    -0.229    -0.590     0.774
 8    -0.425    -0.655    -0.625
 9   146.711   -35.286   -32.185
 9     0.648    -0.541     0.541
 9    -0.181     0.576     0.794
 9    -0.740    -0.612     0.277
 2    97.199   -23.862    59.173
 2     0.714    -0.701     0.002
 2     0.699     0.712     0.052
 2    -0.037    -0.037     0.998
 3   125.830    -2.597    -2.479
 3     0.738    -0.095    -0.669
 3    -0.057     0.978    -0.201
 3     0.672     0.186     0.716
 4   102.825    11.087    -8.888
 4     0.381    -0.309     0.872
 4     0.812     0.562    -0.156
 4    -0.443     0.767     0.464
 5   128.595    25.631    -2.943
 5     0.876     0.412     0.250
 5     0.407    -0.357    -0.840
 5    -0.258     0.838    -0.481
 6   146.073    20.405   -21.826
 6     0.642     0.541     0.549
 6    -0.274     0.824    -0.492
 6    -0.716     0.167     0.675
 7   107.308   -18.905    -9.032
 7     0.283     0.739     0.612
 7    -0.834     0.504    -0.225
 7    -0.474    -0.447     0.758
 8   130.953   -31.169    -7.922
 8     0.872    -0.481    -0.090
 8    -0.240    -0.580     0.778
 8    -0.426    -0.657    -0.622
 9   146.399   -35.400   -32.328
 9     0.640    -0.550     0.542
 9    -0.171     0.581     0.793
 9    -0.750    -0.600     0.278
 2    97.199   -23.862    59.173
 2     0.714    -0.701     0.002
 2     0.699     0.712     0.052
 2    -0.037    -0.037     0.998
 3   125.952    -2.591    -2.305
 3     0.732    -0.094    -0.675
 3    -0.061     0.977    -0.201
 3     0.679     0.188     0.709
 4   103.113    11.140    -8.872
 4     0.388    -0.308     0.869
 4     0.810     0.562    -0.162
 4    -0.439     0.767     0.467
 5   128.741    25.613    -2.364
 5     0.881     0.390     0.266
 5     0.414    -0.366    -0.834
 5    -0.228     0.845    -0.483
 6   147.308    20.719   -20.384
 6     0.683     0.522     0.517
 6    -0.266     0.830    -0.487
 6    -0.680     0.196     0.704
 7   107.681   -19.067    -8.930
 7     0.292     0.743     0.603
 7    -0.838     0.502    -0.214
 7    -0.461    -0.443     0.769
 8   131.170   -31.282    -7.342
 8     0.879    -0.472    -0.074
 8    -0.248    -0.583     0.773
 8    -0.408    -0.662    -0.629
 9   147.078   -35.784   -31.283
 9     0.657    -0.529     0.543
 9    -0.180     0.585     0.788
 9    -0.732    -0.615     0.291
 2    97.175   -23.862    59.173
 2     0.714    -0.701     0.001
 2     0.699     0.712     0.052
 2    -0.037    -0.038     0.998
 3   125.997    -2.589    -2.124
 3     0.733    -0.103    -0.673
 3    -0.055     0.976    -0.208
 3     0.678     0.189     0.710
 4   103.046    10.855    -8.977
 4     0.381    -0.313     0.870
 4     0.810     0.566    -0.151
 4    -0.446     0.762     0.469
 5   128.533    25.739    -2.480
 5     0.877     0.394     0.276
 5     0.422    -0.354    -0.835
 5    -0.231     0.848    -0.475
 6   147.158    20.872   -20.435
 6     0.684     0.518     0.520
 6    -0.264     0.833    -0.483
 6    -0.680     0.194     0.704
 7   107.754   -19.115    -8.908
 7     0.298     0.740     0.603
 7    -0.836     0.507    -0.210
 7    -0.461    -0.441     0.769
 8   131.199   -31.332    -7.297
 8     0.879    -0.472    -0.069
 8    -0.251    -0.579     0.775
 8    -0.406    -0.664    -0.628
 9   147.143   -35.956   -31.155
 9     0.663    -0.518     0.547
 9    -0.184     0.590     0.783
 9    -0.726    -0.619     0.297
 2    97.202   -23.861    59.170
 2     0.714    -0.701     0.001
 2     0.699     0.712     0.052
 2    -0.036    -0.037     0.998
 3   125.953    -2.536    -2.184
 3     0.731    -0.104    -0.675
 3    -0.054     0.976    -0.208
 3     0.680     0.188     0.708
 4   103.047    10.958    -8.930
 4     0.380    -0.313     0.870
 4     0.811     0.565    -0.151
 4    -0.445     0.763     0.468
 5   128.465    25.961    -2.538
 5     0.874     0.400     0.276
 5     0.423    -0.350    -0.836
 5    -0.238     0.847    -0.475
 6   146.510    20.784   -21.051
 6     0.659     0.535     0.535
 6    -0.274     0.826    -0.490
 6    -0.701     0.177     0.688
 7   107.691   -18.892    -8.966
 7     0.300     0.736     0.607
 7    -0.832     0.513    -0.212
 7    -0.467    -0.441     0.766
 8   131.054   -31.188    -7.631
 8     0.875    -0.478    -0.070
 8    -0.250    -0.571     0.782
 8    -0.413    -0.667    -0.620
 9   146.704   -35.615   -31.818
 9     0.656    -0.517     0.556
 9    -0.177     0.606     0.772
 9    -0.734    -0.604     0.307
 2    97.174   -23.862    59.173
 2     0.714    -0.701     0.002
 2     0.699     0.712     0.052
 2    -0.037    -0.037     0.998
 3   125.902    -2.485    -2.286
 3     0.731    -0.106    -0.674
 3    -0.053     0.976    -0.210
 3     0.680     0.189     0.708
 4   102.569    10.902    -8.914
 4     0.368    -0.307     0.878
 4     0.812     0.565    -0.143
 4    -0.453     0.766     0.457
 5   127.998    26.115    -3.109
 5     0.864     0.426     0.270
 5     0.429    -0.340    -0.837
 5    -0.264     0.838    -0.476
 6   145.313    20.563   -22.233
 6     0.627     0.551     0.557
 6    -0.286     0.821    -0.490
 6    -0.724     0.149     0.670
 7   107.258   -18.849    -9.031
 7     0.292     0.727     0.622
 7    -0.830     0.515    -0.213
 7    -0.475    -0.454     0.753
 8   130.387   -31.497    -8.470
 8     0.859    -0.504    -0.083
 8    -0.253    -0.559     0.789
 8    -0.444    -0.658    -0.609
 9   144.861   -35.694   -33.620
 9     0.615    -0.547     0.574
 9    -0.167     0.616     0.766
 9    -0.771    -0.567     0.288
 2    97.174   -23.862    59.173
 2     0.714    -0.701     0.002
 2     0.699     0.712     0.052
 2    -0.037    -0.037     0.998
 3   125.669    -2.537    -2.585
 3     0.733    -0.109    -0.672
 3    -0.051     0.975    -0.214
 3     0.678     0.191     0.709
 4   102.292    10.717    -8.942
 4     0.359    -0.304     0.882
 4     0.811     0.569    -0.134
 4    -0.462     0.764     0.450
 5   127.656    26.192    -3.679
 5     0.853     0.449     0.264
 5     0.433    -0.331    -0.838
 5    -0.290     0.829    -0.477
 6   143.754    19.860   -23.649
 6     0.575     0.580     0.588
 6    -0.311     0.808    -0.494
 6    -0.757     0.101     0.640
 7   106.995   -18.906    -8.952
 7     0.276     0.718     0.640
 7    -0.834     0.509    -0.212
 7    -0.478    -0.475     0.738
 8   129.338   -32.300    -9.402
 8     0.831    -0.550    -0.082
 8    -0.276    -0.535     0.798
 8    -0.482    -0.641    -0.597
 9   142.472   -35.998   -35.876
 9     0.556    -0.583     0.598
 9    -0.151     0.632     0.757
 9    -0.818    -0.510     0.263
 2    97.174   -23.862    59.173
 2     0.714    -0.701     0.002
 2     0.699     0.712     0.052
 2    -0.037    -0.037     0.998
 3   125.544    -2.641    -2.688
 3     0.733    -0.107    -0.673
 3    -0.055     0.975    -0.214
 3     0.678     0.194     0.708
 4   101.996    10.583    -8.876
 4     0.355    -0.295     0.887
 4     0.808     0.573    -0.134
 4    -0.469     0.765     0.441
 5   127.400    26.120    -4.056
 5     0.846     0.470     0.252
 5     0.432    -0.329    -0.840
 5    -0.312     0.819    -0.481
 6   142.779    19.388   -24.526
 6     0.542     0.591     0.608
 6    -0.326     0.803    -0.492
 6    -0.775     0.068     0.623
 7   106.564   -18.865    -8.908
 7     0.265     0.704     0.659
 7    -0.832     0.511    -0.213
 7    -0.487    -0.492     0.721
 8   128.474   -32.458   -10.238
 8     0.811    -0.578    -0.089
 8    -0.283    -0.520     0.806
 8    -0.512    -0.629    -0.586
 9   140.659   -36.146   -37.531
 9     0.518    -0.596     0.619
 9    -0.149     0.646     0.745
 9    -0.842    -0.478     0.245
 2    97.177   -23.861    59.170
 2     0.714    -0.701     0.001
 2     0.699     0.712     0.052
 2    -0.036    -0.037     0.998
 3   125.249    -2.598    -2.843
 3     0.737    -0.105    -0.667
 3    -0.058     0.974    -0.217
 3     0.672     0.199     0.712
 4   101.612    10.625    -8.727
 4     0.345    -0.285     0.894
 4     0.807     0.575    -0.128
 4    -0.479     0.766     0.428
 5   126.985    26.224    -4.456
 5     0.835     0.494     0.242
 5     0.435    -0.326    -0.839
 5    -0.336     0.806    -0.487
 6   141.488    19.109   -25.534
 6     0.502     0.602     0.629
 6    -0.337     0.797    -0.497
 6    -0.797     0.036     0.597
 7   106.278   -18.797    -8.871
 7     0.260     0.694     0.672
 7    -0.829     0.517    -0.214
 7    -0.496    -0.501     0.709
 8   127.918   -32.603   -10.716
 8     0.798    -0.596    -0.088
 8    -0.291    -0.508     0.810
 8    -0.527    -0.622    -0.579
 9   139.610   -36.172   -38.173
 9     0.497    -0.604     0.629
 9    -0.146     0.651     0.741
 9    -0.855    -0.460     0.235
 2    97.202   -23.861    59.170
 2     0.714    -0.701     0.001
 2     0.699     0.712     0.052
 2    -0.036    -0.037     0.998
 3   125.104    -2.554    -2.845
 3     0.743    -0.104    -0.661
 3    -0.059     0.974    -0.219
 3     0.666     0.202     0.717
 4   101.346    10.572    -8.619
 4     0.337    -0.279     0.899
 4     0.808     0.575    -0.125
 4    -0.483     0.768     0.419
 5   126.799    26.321    -4.522
 5     0.833     0.498     0.240
 5     0.435    -0.324    -0.840
 5    -0.340     0.804    -0.487
 6   141.127    18.821   -25.610
 6     0.491     0.607     0.633
 6    -0.348     0.794    -0.493
 6    -0.798     0.021     0.596
 7   106.345   -18.990    -8.760
 7     0.266     0.682     0.681
 7    -0.830     0.521    -0.199
 7    -0.491    -0.512     0.704
 8   127.979   -32.779   -10.674
 8     0.793    -0.603    -0.094
 8    -0.301    -0.519     0.800
 8    -0.530    -0.606    -0.593
 9   139.043   -37.272   -38.432
 9     0.474    -0.573     0.674
 9    -0.171     0.686     0.703
 9    -0.864    -0.447     0.226
 2    97.177   -23.861    59.170
 2     0.714    -0.701     0.001
 2     0.699     0.712     0.052
 2    -0.036    -0.037     0.998
 3   125.042    -2.553    -2.988
 3     0.746    -0.113    -0.656
 3    -0.052     0.973    -0.226
 3     0.663     0.203     0.720
 4   101.085    10.158    -8.689
 4     0.320    -0.283     0.904
 4     0.808     0.579    -0.104
 4    -0.495     0.764     0.414
 5   126.309    26.334    -4.940
 5     0.822     0.513     0.246
 5     0.444    -0.309    -0.841
 5    -0.355     0.801    -0.482
 6   140.456    18.786   -26.156
 6     0.481     0.602     0.646
 6    -0.354     0.798    -0.482
 6    -0.802     0.001     0.591
 7   105.953   -19.161    -8.491
 7     0.230     0.652     0.723
 7    -0.831     0.517    -0.203
 7    -0.506    -0.554     0.660
 8   126.072   -33.497   -12.449
 8     0.724    -0.679    -0.125
 8    -0.321    -0.490     0.810
 8    -0.611    -0.546    -0.573
 9   132.790   -38.066   -42.348
 9     0.316    -0.608     0.736
 9    -0.163     0.724     0.665
 9    -0.935    -0.326     0.127
 2    97.177   -23.861    59.171
 2     0.714    -0.701     0.001
 2     0.699     0.712     0.052
 2    -0.036    -0.038     0.998
 3   124.880    -2.508    -3.030
 3     0.741    -0.101    -0.664
 3    -0.072     0.971    -0.226
 3     0.667     0.215     0.712
 4   100.927    10.473    -8.443
 4     0.321    -0.276     0.906
 4     0.812     0.571    -0.114
 4    -0.486     0.773     0.407
 5   126.224    26.393    -4.608
 5     0.825     0.509     0.245
 5     0.445    -0.318    -0.837
 5    -0.348     0.799    -0.489
 6   140.493    18.987   -25.924
 6     0.481     0.602     0.645
 6    -0.349     0.798    -0.485
 6    -0.804     0.007     0.590
 7   104.825   -18.626    -8.151
 7     0.206     0.574     0.792
 7    -0.800     0.565    -0.201
 7    -0.563    -0.593     0.575
 8   123.015   -34.006   -14.512
 8     0.628    -0.768    -0.131
 8    -0.354    -0.430     0.830
 8    -0.693    -0.475    -0.542
 9   125.793   -37.991   -45.749
 9     0.147    -0.648     0.750
 9    -0.135     0.736     0.660
 9    -0.980    -0.196     0.017
 2    97.200   -23.862    59.173
 2     0.714    -0.701     0.001
 2     0.699     0.712     0.052
 2    -0.037    -0.038     0.998
 3   124.609    -2.533    -3.154
 3     0.743    -0.072    -0.666
 3    -0.109     0.968    -0.225
 3     0.660     0.239     0.711
 4   100.753    10.753    -8.328
 4     0.323    -0.264     0.909
 4     0.813     0.568    -0.124
 4    -0.484     0.779     0.398
 5   126.141    26.440    -4.552
 5     0.825     0.512     0.238
 5     0.442    -0.323    -0.837
 5    -0.351     0.795    -0.493
 6   140.071    19.022   -25.939
 6     0.471     0.607     0.647
 6    -0.348     0.794    -0.493
 6    -0.811     0.007     0.580
 7   103.742   -18.304    -7.891
 7     0.228     0.499     0.836
 7    -0.755     0.633    -0.172
 7    -0.615    -0.592     0.520
 8   120.797   -34.379   -15.608
 8     0.567    -0.817    -0.109
 8    -0.371    -0.371     0.851
 8    -0.735    -0.443    -0.513
 9   121.343   -37.076   -46.900
 9     0.055    -0.637     0.770
 9    -0.075     0.765     0.637
 9    -0.996    -0.090    -0.009
 2    97.200   -23.862    59.173
 2     0.714    -0.701     0.001
 2     0.699     0.712     0.052
 2    -0.037    -0.038     0.998
 3   124.368    -2.695    -3.262
 3     0.745    -0.062    -0.664
 3    -0.119     0.967    -0.224
 3     0.655     0.246     0.713
 4   100.458    10.567    -8.235
 4     0.322    -0.254     0.912
 4     0.809     0.573    -0.127
 4    -0.491     0.779     0.389
 5   125.997    26.303    -4.656
 5     0.824     0.517     0.232
 5     0.438    -0.323    -0.839
 5    -0.359     0.792    -0.492
 6   139.775    18.710   -26.171
 6     0.463     0.610     0.650
 6    -0.353     0.792    -0.494
 6    -0.813    -0.002     0.577
 7   103.308   -18.397    -7.640
 7     0.224     0.478     0.849
 7    -0.741     0.649    -0.170
 7    -0.633    -0.592     0.500
 8   120.009   -34.802   -15.639
 8     0.544    -0.832    -0.110
 8    -0.381    -0.360     0.851
 8    -0.748    -0.421    -0.513
 9   120.070   -36.965   -46.791
 9     0.016    -0.649     0.762
 9    -0.056     0.759     0.646
 9    -0.998    -0.051    -0.027
 2    97.199   -23.862    59.173
 2     0.714    -0.701     0.002
 2     0.699     0.712     0.052
 2    -0.037    -0.037     0.998
 3   124.232    -2.827    -3.322
 3     0.749    -0.058    -0.661
 3    -0.123     0.967    -0.223
 3     0.651     0.248     0.716
 4   100.242    10.461    -8.173
 4     0.317    -0.249     0.915
 4     0.808     0.575    -0.124
 4    -0.496     0.779     0.383
 5   125.740    26.237    -4.950
 5     0.819     0.527     0.226
 5     0.436    -0.318    -0.842
 5    -0.372     0.788    -0.490
 6   139.074    18.331   -26.617
 6     0.442     0.617     0.658
 6    -0.364     0.786    -0.495
 6    -0.820    -0.021     0.567
 7   103.086   -18.334    -7.533
 7     0.233     0.463     0.855
 7    -0.723     0.670    -0.167
 7    -0.650    -0.580     0.491
 8   119.855   -34.755   -15.624
 8     0.540    -0.834    -0.114
 8    -0.380    -0.361     0.851
 8    -0.751    -0.416    -0.512
 9   119.826   -36.713   -46.663
 9     0.007    -0.650     0.761
 9    -0.048     0.759     0.647
 9    -0.999    -0.038    -0.029
 2    97.174   -23.862    59.173
 2     0.714    -0.701     0.002
 2     0.699     0.712     0.052
 2    -0.037    -0.037     0.998
 3   124.125    -2.778    -3.314
 3     0.750    -0.059    -0.658
 3    -0.122     0.967    -0.225
 3     0.649     0.249     0.718
 4   100.093    10.514    -8.076
 4     0.316    -0.247     0.916
 4     0.809     0.573    -0.124
 4    -0.495     0.781     0.381
 5   125.688    26.236    -4.948
 5     0.819     0.528     0.224
 5     0.435    -0.318    -0.842
 5    -0.373     0.787    -0.490
 6   139.023    18.328   -26.608
 6     0.439     0.619     0.658
 6    -0.365     0.785    -0.497
 6    -0.821    -0.023     0.565
 7   103.067   -18.237    -7.515
 7     0.238     0.460     0.855
 7    -0.717     0.677    -0.165
 7    -0.656    -0.574     0.490
 8   119.951   -34.628   -15.672
 8     0.540    -0.833    -0.119
