% Calibrated with leiden_pols
% Positions are in centimeters
Data =[
 2    97.175   -23.913    59.173
 2     0.714    -0.701     0.001
 2     0.699     0.712     0.052
 2    -0.037    -0.038     0.998
 3   131.222    -2.398     2.158
 3     0.546    -0.062    -0.836
 3    -0.036     0.995    -0.097
 3     0.837     0.083     0.540
 4   113.412    14.774    -7.619
 4     0.359    -0.778     0.517
 4     0.933     0.287    -0.215
 4     0.019     0.558     0.828
 5   123.122    21.812    20.993
 5     0.549    -0.599     0.585
 5     0.182    -0.597    -0.781
 5     0.816     0.534    -0.218
 6   140.699    24.095    43.819
 6     0.680    -0.671    -0.303
 6    -0.070     0.345    -0.934
 6     0.730     0.656     0.189
 7   116.755   -21.467    -6.741
 7     0.366     0.918     0.154
 7    -0.931     0.358     0.078
 7     0.017    -0.172     0.985
 8   125.002   -26.280    22.173
 8     0.574     0.376     0.728
 8    -0.070    -0.863     0.499
 8     0.816    -0.338    -0.469
 9   141.057   -32.176    45.226
 9     0.542     0.820    -0.194
 9    -0.083     0.273     0.957
 9     0.836    -0.502     0.215
 2    97.202   -23.861    59.171
 2     0.714    -0.701     0.001
 2     0.699     0.712     0.052
 2    -0.036    -0.038     0.998
 3   131.330    -2.402     2.055
 3     0.552    -0.062    -0.832
 3    -0.033     0.995    -0.095
 3     0.833     0.079     0.547
 4   113.459    14.774    -7.668
 4     0.358    -0.778     0.518
 4     0.934     0.286    -0.214
 4     0.018     0.560     0.828
 5   123.147    21.812    20.992
 5     0.549    -0.598     0.586
 5     0.182    -0.598    -0.780
 5     0.816     0.534    -0.219
 6   140.704    24.146    43.765
 6     0.679    -0.672    -0.305
 6    -0.070     0.347    -0.933
 6     0.731     0.654     0.191
 7   116.852   -21.493    -6.789
 7     0.365     0.918     0.153
 7    -0.931     0.357     0.077
 7     0.016    -0.171     0.985
 8   125.004   -26.280    22.122
 8     0.573     0.375     0.729
 8    -0.070    -0.864     0.498
 8     0.816    -0.336    -0.469
 9   141.057   -32.177    45.226
 9     0.541     0.821    -0.194
 9    -0.083     0.272     0.958
 9     0.836    -0.501     0.215
 2    97.202   -23.861    59.171
 2     0.714    -0.701     0.001
 2     0.699     0.712     0.052
 2    -0.036    -0.038     0.998
 3   131.331    -2.401     2.055
 3     0.552    -0.061    -0.832
 3    -0.032     0.995    -0.094
 3     0.833     0.078     0.547
 4   113.504    14.772    -7.713
 4     0.358    -0.777     0.519
 4     0.933     0.287    -0.213
 4     0.016     0.560     0.828
 5   123.147    21.812    20.941
 5     0.549    -0.598     0.586
 5     0.182    -0.598    -0.780
 5     0.816     0.534    -0.219
 6   140.701    24.094    43.770
 6     0.679    -0.671    -0.305
 6    -0.070     0.348    -0.933
 6     0.730     0.654     0.192
 7   116.902   -21.468    -6.789
 7     0.365     0.918     0.152
 7    -0.931     0.357     0.076
 7     0.016    -0.170     0.985
 8   125.003   -26.280    22.122
 8     0.574     0.375     0.729
 8    -0.070    -0.864     0.498
 8     0.816    -0.337    -0.469
 9   141.057   -32.177    45.175
 9     0.542     0.821    -0.193
 9    -0.083     0.272     0.958
 9     0.836    -0.501     0.215
 2    97.200   -23.862    59.173
 2     0.714    -0.701     0.001
 2     0.699     0.712     0.052
 2    -0.037    -0.038     0.998
 3   131.343    -2.450     2.089
 3     0.546    -0.061    -0.835
 3    -0.035     0.995    -0.095
 3     0.836     0.081     0.541
 4   113.455    14.772    -7.713
 4     0.358    -0.777     0.518
 4     0.933     0.288    -0.212
 4     0.016     0.559     0.828
 5   123.197    21.812    20.941
 5     0.549    -0.599     0.585
 5     0.181    -0.597    -0.780
 5     0.816     0.534    -0.219
 6   140.700    24.095    43.820
 6     0.679    -0.671    -0.305
 6    -0.070     0.347    -0.933
 6     0.730     0.655     0.191
 7   116.851   -21.468    -6.738
 7     0.365     0.919     0.151
 7    -0.931     0.357     0.075
 7     0.016    -0.169     0.985
 8   125.003   -26.281    22.123
 8     0.573     0.376     0.729
 8    -0.071    -0.863     0.499
 8     0.816    -0.337    -0.468
 9   141.058   -32.125    45.175
 9     0.542     0.821    -0.193
 9    -0.082     0.271     0.958
 9     0.836    -0.502     0.214
 2    97.177   -23.861    59.170
 2     0.714    -0.701     0.001
 2     0.699     0.712     0.052
 2    -0.036    -0.037     0.998
 3   131.272    -2.398     2.133
 3     0.546    -0.063    -0.836
 3    -0.035     0.994    -0.097
 3     0.837     0.082     0.540
 4   113.455    14.772    -7.662
 4     0.359    -0.777     0.518
 4     0.933     0.288    -0.213
 4     0.016     0.559     0.828
 5   123.147    21.812    20.941
 5     0.549    -0.599     0.585
 5     0.181    -0.597    -0.781
 5     0.816     0.534    -0.219
 6   140.650    24.095    43.769
 6     0.680    -0.671    -0.303
 6    -0.070     0.346    -0.934
 6     0.730     0.656     0.190
 7   116.801   -21.469    -6.789
 7     0.364     0.919     0.152
 7    -0.931     0.356     0.076
 7     0.016    -0.169     0.985
 8   124.952   -26.281    22.123
 8     0.573     0.376     0.729
 8    -0.071    -0.863     0.499
 8     0.816    -0.338    -0.468
 9   141.008   -32.176    45.175
 9     0.542     0.821    -0.191
 9    -0.083     0.269     0.958
 9     0.836    -0.502     0.214
 2    97.177   -23.861    59.170
 2     0.714    -0.701     0.001
 2     0.699     0.712     0.052
 2    -0.036    -0.037     0.998
 3   131.221    -2.398     2.132
 3     0.545    -0.064    -0.836
 3    -0.036     0.994    -0.099
 3     0.837     0.084     0.539
 4   113.405    14.772    -7.662
 4     0.359    -0.777     0.518
 4     0.933     0.288    -0.212
 4     0.016     0.559     0.828
 5   123.197    21.812    20.941
 5     0.549    -0.599     0.585
 5     0.181    -0.596    -0.781
 5     0.816     0.534    -0.219
 6   140.701    24.095    43.770
 6     0.680    -0.671    -0.304
 6    -0.070     0.347    -0.933
 6     0.730     0.655     0.191
 7   116.751   -21.469    -6.738
 7     0.364     0.919     0.152
 7    -0.931     0.356     0.076
 7     0.016    -0.169     0.985
 8   124.998   -26.283    22.128
 8     0.575     0.375     0.728
 8    -0.072    -0.862     0.500
 8     0.815    -0.340    -0.468
 9   141.104   -32.228    45.182
 9     0.543     0.821    -0.190
 9    -0.083     0.268     0.959
 9     0.835    -0.503     0.213
 2    97.177   -23.861    59.170
 2     0.714    -0.701     0.001
 2     0.699     0.712     0.052
 2    -0.036    -0.037     0.998
 3   131.157    -2.450     2.138
 3     0.541    -0.065    -0.839
 3    -0.044     0.993    -0.105
 3     0.840     0.093     0.534
 4   113.284    14.720    -7.716
 4     0.364    -0.775     0.518
 4     0.931     0.292    -0.217
 4     0.017     0.561     0.827
 5   124.011    22.008    20.491
 5     0.579    -0.575     0.580
 5     0.203    -0.586    -0.783
 5     0.790     0.570    -0.223
 6   143.029    23.952    42.254
 6     0.682    -0.563    -0.472
 6    -0.103     0.561    -0.819
 6     0.723     0.606     0.327
 7   116.561   -21.369    -6.912
 7     0.372     0.917     0.141
 7    -0.928     0.365     0.069
 7     0.012    -0.157     0.987
 8   125.724   -26.543    21.381
 8     0.589     0.329     0.739
 8    -0.112    -0.872     0.476
 8     0.800    -0.363    -0.477
 9   142.924   -33.609    43.185
 9     0.596     0.794    -0.125
 9    -0.130     0.244     0.961
 9     0.792    -0.557     0.248
 2    97.202   -23.861    59.171
 2     0.714    -0.701     0.001
 2     0.699     0.712     0.052
 2    -0.036    -0.038     0.998
 3   130.999    -2.550     2.020
 3     0.557    -0.064    -0.828
 3    -0.061     0.991    -0.117
 3     0.828     0.116     0.548
 4   113.279    14.708    -7.848
 4     0.403    -0.741     0.538
 4     0.915     0.317    -0.248
 4     0.014     0.592     0.805
 5   126.237    22.012    19.717
 5     0.641    -0.540     0.548
 5     0.211    -0.561    -0.799
 5     0.738     0.627    -0.246
