% Calibrated with leiden_pols
% Positions are in centimeters
Data =[
 2    97.199   -23.862    59.173
 2     0.713    -0.702     0.001
 2     0.700     0.712     0.052
 2    -0.037    -0.038     0.998
 3   128.492    -2.769    -0.992
 3     0.589    -0.004    -0.808
 3    -0.180     0.974    -0.137
 3     0.787     0.226     0.573
 4   111.437    14.095   -12.026
 4     0.461    -0.666     0.588
 4     0.885     0.387    -0.256
 4    -0.057     0.637     0.767
 5   124.185    22.859    14.906
 5     0.639    -0.724     0.260
 5     0.009    -0.331    -0.943
 5     0.769     0.605    -0.205
 6   136.807     0.506    11.421
 6     0.442     0.537    -0.722
 6    -0.748    -0.224    -0.623
 6    -0.494     0.813     0.302
 7   112.887   -17.584   -13.382
 7     0.406     0.901     0.152
 7    -0.864     0.433    -0.256
 7    -0.296    -0.028     0.954
 8   125.788   -28.888    12.039
 8     0.654     0.592     0.472
 8    -0.097    -0.552     0.827
 8     0.750    -0.587    -0.304
 9   140.894    -7.235    20.748
 9     0.442     0.009    -0.897
 9     0.896    -0.017     0.442
 9    -0.009    -1.000    -0.016
 2    97.199   -23.862    59.173
 2     0.713    -0.702     0.002
 2     0.700     0.712     0.052
 2    -0.037    -0.037     0.998
 3   128.560    -2.719    -1.032
 3     0.593    -0.004    -0.805
 3    -0.178     0.974    -0.135
 3     0.785     0.223     0.577
 4   111.437    14.044   -12.052
 4     0.461    -0.666     0.588
 4     0.885     0.387    -0.256
 4    -0.057     0.638     0.767
 5   124.185    22.861    14.905
 5     0.639    -0.723     0.262
 5     0.011    -0.333    -0.943
 5     0.769     0.605    -0.205
 6   136.864     0.561    11.461
 6     0.444     0.535    -0.722
 6    -0.749    -0.222    -0.622
 6    -0.491     0.815     0.302
 7   112.888   -17.584   -13.381
 7     0.404     0.902     0.152
 7    -0.865     0.431    -0.255
 7    -0.296    -0.029     0.955
 8   125.839   -28.837    12.039
 8     0.654     0.591     0.472
 8    -0.097    -0.553     0.827
 8     0.750    -0.587    -0.305
 9   140.893    -7.185    20.747
 9     0.443     0.007    -0.896
 9     0.896    -0.015     0.443
 9    -0.009    -1.000    -0.014
 2    97.174   -23.862    59.173
 2     0.714    -0.701     0.002
 2     0.699     0.712     0.052
 2    -0.037    -0.037     0.998
 3   128.606    -2.719    -1.077
 3     0.595    -0.003    -0.804
 3    -0.177     0.975    -0.134
 3     0.784     0.222     0.579
 4   111.437    14.044   -12.053
 4     0.461    -0.665     0.589
 4     0.885     0.386    -0.256
 4    -0.057     0.639     0.766
 5   124.185    22.861    14.854
 5     0.639    -0.722     0.265
 5     0.012    -0.334    -0.942
 5     0.769     0.605    -0.205
 6   136.867     0.564    11.453
 6     0.445     0.532    -0.723
 6    -0.750    -0.221    -0.622
 6    -0.489     0.817     0.300
 7   112.885   -17.585   -13.378
 7     0.404     0.902     0.152
 7    -0.865     0.430    -0.256
 7    -0.297    -0.028     0.954
 8   125.749   -28.733    12.055
 8     0.652     0.590     0.476
 8    -0.097    -0.558     0.823
 8     0.752    -0.583    -0.307
 9   140.841    -7.186    20.776
 9     0.444     0.006    -0.896
 9     0.896    -0.016     0.444
 9    -0.010    -1.000    -0.014
 2    97.199   -23.862    59.173
 2     0.713    -0.702     0.002
 2     0.700     0.712     0.052
 2    -0.037    -0.037     0.998
 3   128.610    -2.669    -1.032
 3     0.592    -0.004    -0.805
 3    -0.179     0.974    -0.136
 3     0.785     0.224     0.576
 4   111.439    14.045   -12.055
 4     0.460    -0.667     0.588
 4     0.886     0.385    -0.255
 4    -0.056     0.638     0.767
 5   124.020    22.866    14.990
 5     0.636    -0.723     0.270
 5     0.012    -0.340    -0.940
 5     0.772     0.601    -0.207
 6   136.869     0.619    11.568
 6     0.450     0.528    -0.723
 6    -0.748    -0.220    -0.624
 6    -0.487     0.820     0.296
 7   112.909   -17.586   -13.379
 7     0.404     0.903     0.149
 7    -0.865     0.429    -0.258
 7    -0.297    -0.025     0.954
 8   125.522   -28.523    12.317
 8     0.647     0.584     0.491
 8    -0.095    -0.576     0.811
 8     0.756    -0.571    -0.317
 9   140.829    -7.246    20.798
 9     0.459    -0.003    -0.888
 9     0.888    -0.021     0.459
 9    -0.018    -1.000    -0.008
 2    97.199   -23.862    59.173
 2     0.714    -0.701     0.002
 2     0.699     0.712     0.052
 2    -0.037    -0.037     0.998
 3   128.563    -2.668    -0.987
 3     0.591    -0.005    -0.807
 3    -0.179     0.974    -0.137
 3     0.786     0.225     0.575
 4   111.409    14.096   -12.048
 4     0.454    -0.671     0.587
 4     0.889     0.383    -0.249
 4    -0.058     0.634     0.770
 5   123.577    22.516    15.187
 5     0.631    -0.721     0.286
 5     0.005    -0.365    -0.931
 5     0.775     0.589    -0.227
 6   137.015     0.842    11.983
 6     0.474     0.501    -0.728
 6    -0.720    -0.256    -0.643
 6    -0.506     0.827     0.238
 7   112.910   -17.536   -13.381
 7     0.401     0.905     0.145
 7    -0.867     0.425    -0.259
 7    -0.296    -0.022     0.955
 8   124.540   -27.817    12.923
 8     0.640     0.545     0.543
 8    -0.090    -0.648     0.756
 8     0.763    -0.532    -0.365
 9   141.611    -8.427    20.207
 9     0.566    -0.021    -0.824
 9     0.820    -0.088     0.565
 9    -0.082    -0.996    -0.034
 2    97.199   -23.862    59.173
 2     0.714    -0.701     0.002
 2     0.699     0.712     0.052
 2    -0.037    -0.037     0.998
 3   128.567    -2.667    -0.992
 3     0.590    -0.005    -0.807
 3    -0.179     0.974    -0.137
 3     0.787     0.225     0.574
 4   111.411    14.177   -12.051
 4     0.444    -0.681     0.584
 4     0.894     0.376    -0.241
 4    -0.056     0.629     0.775
 5   122.367    21.657    15.631
 5     0.619    -0.693     0.372
 5    -0.001    -0.473    -0.881
 5     0.785     0.544    -0.293
 6   137.685     2.996    11.679
 6     0.566     0.524    -0.641
 6    -0.616    -0.247    -0.745
 6    -0.547     0.815     0.182
 7   112.926   -17.507   -13.375
 7     0.396     0.907     0.139
 7    -0.871     0.419    -0.255
 7    -0.289    -0.020     0.957
 8   123.161   -26.768    13.738
 8     0.621     0.481     0.622
 8    -0.087    -0.744     0.661
 8     0.779    -0.464    -0.419
 9   143.118   -11.579    19.723
 9     0.733    -0.021    -0.681
 9     0.660    -0.220     0.717
 9    -0.163    -0.975    -0.149
 2    97.199   -23.862    59.173
 2     0.714    -0.701     0.002
 2     0.699     0.712     0.052
 2    -0.037    -0.037     0.998
 3   128.624    -2.536    -0.942
 3     0.590    -0.001    -0.807
 3    -0.173     0.976    -0.128
 3     0.788     0.215     0.576
 4   111.448    14.186   -12.218
 4     0.432    -0.693     0.578
 4     0.900     0.366    -0.233
 4    -0.050     0.621     0.781
 5   121.279    21.036    15.978
 5     0.608    -0.645     0.465
 5     0.008    -0.579    -0.815
 5     0.794     0.499    -0.346
 6   138.159     5.672    11.713
 6     0.648     0.541    -0.542
 6    -0.494    -0.241    -0.833
 6    -0.579     0.806     0.109
 7   113.010   -17.576   -13.254
 7     0.386     0.912     0.136
 7    -0.880     0.408    -0.242
 7    -0.276    -0.026     0.961
 8   121.896   -25.866    14.222
 8     0.595     0.412     0.692
 8    -0.082    -0.823     0.560
 8     0.799    -0.389    -0.456
 9   143.913   -15.182    19.509
 9     0.852    -0.080    -0.518
 9     0.470    -0.320     0.822
 9    -0.230    -0.944    -0.237
 2    97.174   -23.862    59.173
 2     0.714    -0.701     0.002
 2     0.699     0.712     0.052
 2    -0.037    -0.037     0.998
 3   128.683    -2.479    -0.942
 3     0.592     0.004    -0.806
 3    -0.164     0.979    -0.115
 3     0.789     0.200     0.580
 4   111.514    14.245   -12.308
 4     0.422    -0.707     0.569
 4     0.906     0.357    -0.227
 4    -0.043     0.610     0.790
 5   120.363    20.438    16.246
 5     0.598    -0.594     0.542
 5     0.025    -0.659    -0.750
 5     0.801     0.462    -0.378
