% Calibrated with leiden_pols
% Positions are in centimeters
Data =[
 2    97.199   -23.862    59.173
 2     0.713    -0.702     0.001
 2     0.700     0.712     0.052
 2    -0.037    -0.038     0.998
 3   128.492    -2.769    -0.992
 3     0.589    -0.004    -0.808
 3    -0.180     0.974    -0.137
 3     0.787     0.226     0.573
 4   111.437    14.095   -12.026
 4     0.461    -0.666     0.588
 4     0.885     0.387    -0.256
 4    -0.057     0.637     0.767
 5   124.185    22.859    14.906
 5     0.639    -0.724     0.260
 5     0.009    -0.331    -0.943
 5     0.769     0.605    -0.205
 6   136.807     0.506    11.421
 6     0.442     0.537    -0.722
 6    -0.748    -0.224    -0.623
 6    -0.494     0.813     0.302
 7   112.887   -17.584   -13.382
 7     0.406     0.901     0.152
 7    -0.864     0.433    -0.256
 7    -0.296    -0.028     0.954
 8   125.788   -28.888    12.039
 8     0.654     0.592     0.472
 8    -0.097    -0.552     0.827
 8     0.750    -0.587    -0.304
 9   140.894    -7.235    20.748
 9     0.442     0.009    -0.897
 9     0.896    -0.017     0.442
 9    -0.009    -1.000    -0.016
 2    97.199   -23.862    59.173
 2     0.713    -0.702     0.002
 2     0.700     0.712     0.052
 2    -0.037    -0.037     0.998
 3   128.560    -2.719    -1.032
 3     0.593    -0.004    -0.805
 3    -0.178     0.974    -0.135
 3     0.785     0.223     0.577
 4   111.437    14.044   -12.052
 4     0.461    -0.666     0.588
 4     0.885     0.387    -0.256
 4    -0.057     0.638     0.767
 5   124.185    22.861    14.905
 5     0.639    -0.723     0.262
 5     0.011    -0.333    -0.943
 5     0.769     0.605    -0.205
 6   136.864     0.561    11.461
 6     0.444     0.535    -0.722
 6    -0.749    -0.222    -0.622
 6    -0.491     0.815     0.302
 7   112.888   -17.584   -13.381
 7     0.404     0.902     0.152
 7    -0.865     0.431    -0.255
 7    -0.296    -0.029     0.955
 8   125.839   -28.837    12.039
 8     0.654     0.591     0.472
 8    -0.097    -0.553     0.827
 8     0.750    -0.587    -0.305
 9   140.893    -7.185    20.747
 9     0.443     0.007    -0.896
 9     0.896    -0.015     0.443
 9    -0.009    -1.000    -0.014
 2    97.174   -23.862    59.173
 2     0.714    -0.701     0.002
 2     0.699     0.712     0.052
 2    -0.037    -0.037     0.998
 3   128.606    -2.719    -1.077
 3     0.595    -0.003    -0.804
 3    -0.177     0.975    -0.134
 3     0.784     0.222     0.579
 4   111.437    14.044   -12.053
 4     0.461    -0.665     0.589
 4     0.885     0.386    -0.256
 4    -0.057     0.639     0.766
 5   124.185    22.861    14.854
 5     0.639    -0.722     0.265
 5     0.012    -0.334    -0.942
 5     0.769     0.605    -0.205
 6   136.867     0.564    11.453
 6     0.445     0.532    -0.723
 6    -0.750    -0.221    -0.622
 6    -0.489     0.817     0.300
 7   112.885   -17.585   -13.378
 7     0.404     0.902     0.152
 7    -0.865     0.430    -0.256
 7    -0.297    -0.028     0.954
 8   125.749   -28.733    12.055
 8     0.652     0.590     0.476
 8    -0.097    -0.558     0.823
 8     0.752    -0.583    -0.307
 9   140.841    -7.186    20.776
 9     0.444     0.006    -0.896
 9     0.896    -0.016     0.444
 9    -0.010    -1.000    -0.014
 2    97.199   -23.862    59.173
 2     0.713    -0.702     0.002
 2     0.700     0.712     0.052
 2    -0.037    -0.037     0.998
 3   128.610    -2.669    -1.032
 3     0.592    -0.004    -0.805
 3    -0.179     0.974    -0.136
 3     0.785     0.224     0.576
 4   111.439    14.045   -12.055
 4     0.460    -0.667     0.588
 4     0.886     0.385    -0.255
 4    -0.056     0.638     0.767
 5   124.020    22.866    14.990
 5     0.636    -0.723     0.270
 5     0.012    -0.340    -0.940
 5     0.772     0.601    -0.207
 6   136.869     0.619    11.568
 6     0.450     0.528    -0.723
 6    -0.748    -0.220    -0.624
 6    -0.487     0.820     0.296
 7   112.909   -17.586   -13.379
 7     0.404     0.903     0.149
 7    -0.865     0.429    -0.258
 7    -0.297    -0.025     0.954
 8   125.522   -28.523    12.317
 8     0.647     0.584     0.491
 8    -0.095    -0.576     0.811
 8     0.756    -0.571    -0.317
 9   140.829    -7.246    20.798
 9     0.459    -0.003    -0.888
 9     0.888    -0.021     0.459
 9    -0.018    -1.000    -0.008
 2    97.199   -23.862    59.173
 2     0.714    -0.701     0.002
 2     0.699     0.712     0.052
 2    -0.037    -0.037     0.998
 3   128.563    -2.668    -0.987
 3     0.591    -0.005    -0.807
 3    -0.179     0.974    -0.137
 3     0.786     0.225     0.575
 4   111.409    14.096   -12.048
 4     0.454    -0.671     0.587
 4     0.889     0.383    -0.249
 4    -0.058     0.634     0.770
 5   123.577    22.516    15.187
 5     0.631    -0.721     0.286
 5     0.005    -0.365    -0.931
 5     0.775     0.589    -0.227
 6   137.015     0.842    11.983
 6     0.474     0.501    -0.728
 6    -0.720    -0.256    -0.643
 6    -0.506     0.827     0.238
 7   112.910   -17.536   -13.381
 7     0.401     0.905     0.145
 7    -0.867     0.425    -0.259
 7    -0.296    -0.022     0.955
 8   124.540   -27.817    12.923
 8     0.640     0.545     0.543
 8    -0.090    -0.648     0.756
 8     0.763    -0.532    -0.365
 9   141.611    -8.427    20.207
 9     0.566    -0.021    -0.824
 9     0.820    -0.088     0.565
 9    -0.082    -0.996    -0.034
 2    97.199   -23.862    59.173
 2     0.714    -0.701     0.002
 2     0.699     0.712     0.052
 2    -0.037    -0.037     0.998
 3   128.567    -2.667    -0.992
 3     0.590    -0.005    -0.807
 3    -0.179     0.974    -0.137
 3     0.787     0.225     0.574
 4   111.411    14.177   -12.051
 4     0.444    -0.681     0.584
 4     0.894     0.376    -0.241
 4    -0.056     0.629     0.775
 5   122.367    21.657    15.631
 5     0.619    -0.693     0.372
 5    -0.001    -0.473    -0.881
 5     0.785     0.544    -0.293
 6   137.685     2.996    11.679
 6     0.566     0.524    -0.641
 6    -0.616    -0.247    -0.745
 6    -0.547     0.815     0.182
 7   112.926   -17.507   -13.375
 7     0.396     0.907     0.139
 7    -0.871     0.419    -0.255
 7    -0.289    -0.020     0.957
 8   123.161   -26.768    13.738
 8     0.621     0.481     0.622
 8    -0.087    -0.744     0.661
 8     0.779    -0.464    -0.419
 9   143.118   -11.579    19.723
 9     0.733    -0.021    -0.681
 9     0.660    -0.220     0.717
 9    -0.163    -0.975    -0.149
 2    97.199   -23.862    59.173
 2     0.714    -0.701     0.002
 2     0.699     0.712     0.052
 2    -0.037    -0.037     0.998
 3   128.624    -2.536    -0.942
 3     0.590    -0.001    -0.807
 3    -0.173     0.976    -0.128
 3     0.788     0.215     0.576
 4   111.448    14.186   -12.218
 4     0.432    -0.693     0.578
 4     0.900     0.366    -0.233
 4    -0.050     0.621     0.781
 5   121.279    21.036    15.978
 5     0.608    -0.645     0.465
 5     0.008    -0.579    -0.815
 5     0.794     0.499    -0.346
 6   138.159     5.672    11.713
 6     0.648     0.541    -0.542
 6    -0.494    -0.241    -0.833
 6    -0.579     0.806     0.109
 7   113.010   -17.576   -13.254
 7     0.386     0.912     0.136
 7    -0.880     0.408    -0.242
 7    -0.276    -0.026     0.961
 8   121.896   -25.866    14.222
 8     0.595     0.412     0.692
 8    -0.082    -0.823     0.560
 8     0.799    -0.389    -0.456
 9   143.913   -15.182    19.509
 9     0.852    -0.080    -0.518
 9     0.470    -0.320     0.822
 9    -0.230    -0.944    -0.237
 2    97.174   -23.862    59.173
 2     0.714    -0.701     0.002
 2     0.699     0.712     0.052
 2    -0.037    -0.037     0.998
 3   128.683    -2.479    -0.942
 3     0.592     0.004    -0.806
 3    -0.164     0.979    -0.115
 3     0.789     0.200     0.580
 4   111.514    14.245   -12.308
 4     0.422    -0.707     0.569
 4     0.906     0.357    -0.227
 4    -0.043     0.610     0.790
 5   120.363    20.438    16.246
 5     0.598    -0.594     0.542
 5     0.025    -0.659    -0.750
 5     0.801     0.462    -0.378
 6   138.586     8.213    11.662
 6     0.713     0.564    -0.423
 6    -0.372    -0.202    -0.904
 6    -0.594     0.800     0.065
 7   112.960   -17.749   -13.252
 7     0.376     0.917     0.131
 7    -0.887     0.397    -0.233
 7    -0.266    -0.029     0.963
 8   121.414   -25.174    14.495
 8     0.577     0.377     0.727
 8    -0.068    -0.863     0.499
 8     0.814    -0.337    -0.471
 9   144.383   -19.164    18.583
 9     0.917    -0.212    -0.339
 9     0.255    -0.339     0.904
 9    -0.305    -0.917    -0.260
 2    97.199   -23.862    59.173
 2     0.713    -0.702     0.002
 2     0.700     0.712     0.052
 2    -0.037    -0.037     0.998
 3   128.749    -2.522    -0.954
 3     0.590     0.007    -0.807
 3    -0.156     0.982    -0.106
 3     0.792     0.188     0.580
 4   111.405    14.308   -12.276
 4     0.405    -0.722     0.562
 4     0.914     0.342    -0.217
 4    -0.035     0.601     0.798
 5   119.606    20.041    16.491
 5     0.592    -0.531     0.609
 5     0.052    -0.726    -0.684
 5     0.804     0.436    -0.401
 6   138.720    11.451    11.811
 6     0.763     0.583    -0.286
 6    -0.234    -0.157    -0.958
 6    -0.602     0.797     0.015
 7   112.899   -17.789   -13.091
 7     0.368     0.921     0.127
 7    -0.896     0.388    -0.218
 7    -0.250    -0.034     0.968
 8   120.866   -24.494    14.739
 8     0.560     0.332     0.760
 8    -0.068    -0.895     0.439
 8     0.825    -0.297    -0.479
 9   144.281   -23.251    17.987
 9     0.938    -0.317    -0.147
 9     0.047    -0.296     0.953
 9    -0.344    -0.901    -0.266
 2    97.174   -23.862    59.173
 2     0.714    -0.701     0.002
 2     0.699     0.712     0.052
 2    -0.037    -0.037     0.998
 3   128.766    -2.414    -0.947
 3     0.586     0.008    -0.810
 3    -0.152     0.983    -0.100
 3     0.796     0.182     0.577
 4   111.498    14.444   -12.269
 4     0.396    -0.734     0.554
 4     0.918     0.332    -0.214
 4    -0.027     0.593     0.804
 5   119.085    19.737    16.720
 5     0.585    -0.486     0.651
 5     0.069    -0.768    -0.636
 5     0.808     0.417    -0.415
 6   138.595    13.677    11.932
 6     0.782     0.594    -0.194
 6    -0.133    -0.138    -0.981
 6    -0.609     0.792    -0.030
 7   112.794   -17.836   -13.110
 7     0.361     0.924     0.124
 7    -0.901     0.380    -0.211
 7    -0.242    -0.036     0.969
 8   120.559   -24.079    14.889
 8     0.553     0.294     0.781
 8    -0.073    -0.916     0.394
 8     0.830    -0.274    -0.484
 9   143.682   -26.674    17.469
 9     0.918    -0.395     0.019
 9    -0.116    -0.218     0.968
 9    -0.377    -0.892    -0.248
 2    97.174   -23.862    59.173
 2     0.714    -0.701     0.002
 2     0.699     0.712     0.052
 2    -0.037    -0.037     0.998
 3   128.721    -2.336    -0.951
 3     0.585     0.007    -0.811
 3    -0.149     0.984    -0.099
 3     0.797     0.178     0.577
 4   111.314    14.559   -12.189
 4     0.377    -0.748     0.548
 4     0.926     0.314    -0.207
 4    -0.018     0.584     0.811
 5   118.545    19.550    16.878
 5     0.584    -0.445     0.681
 5     0.087    -0.798    -0.594
 5     0.807     0.405    -0.427
 6   138.433    16.048    12.252
 6     0.799     0.591    -0.114
 6    -0.038    -0.134    -0.990
 6    -0.600     0.795    -0.085
 7   112.673   -17.846   -13.046
 7     0.352     0.928     0.116
 7    -0.910     0.369    -0.190
 7    -0.219    -0.039     0.975
 8   120.115   -23.781    15.285
 8     0.558     0.228     0.798
 8    -0.094    -0.938     0.331
 8     0.824    -0.259    -0.502
 9   142.576   -30.542    17.347
 9     0.881    -0.445     0.160
 9    -0.276    -0.206     0.938
 9    -0.384    -0.871    -0.305
 2    97.174   -23.862    59.198
 2     0.714    -0.701     0.002
 2     0.699     0.712     0.052
 2    -0.037    -0.037     0.998
 3   128.718    -2.180    -0.945
 3     0.589     0.004    -0.809
 3    -0.140     0.985    -0.098
 3     0.796     0.170     0.580
 4   110.999    14.698   -12.028
 4     0.351    -0.765     0.542
 4     0.936     0.292    -0.192
 4    -0.011     0.574     0.818
 5   117.885    19.345    17.197
 5     0.580    -0.389     0.718
 5     0.107    -0.836    -0.537
 5     0.808     0.388    -0.442
 6   137.891    18.072    12.593
 6     0.800     0.600    -0.028
 6     0.049    -0.108    -0.993
 6    -0.598     0.792    -0.116
 7   112.311   -17.813   -12.960
 7     0.339     0.934     0.109
 7    -0.918     0.354    -0.176
 7    -0.203    -0.041     0.978
 8   119.535   -23.559    15.485
 8     0.558     0.156     0.815
 8    -0.118    -0.958     0.262
 8     0.821    -0.242    -0.516
 9   141.235   -33.138    17.378
 9     0.838    -0.478     0.265
 9    -0.382    -0.168     0.908
 9    -0.389    -0.862    -0.323
 2    97.174   -23.862    59.173
 2     0.714    -0.701     0.002
 2     0.699     0.712     0.052
 2    -0.037    -0.037     0.998
 3   128.621    -2.101    -0.892
 3     0.590     0.005    -0.807
 3    -0.135     0.986    -0.092
 3     0.796     0.163     0.582
 4   110.932    14.806   -11.859
 4     0.341    -0.772     0.538
 4     0.940     0.284    -0.188
 4    -0.007     0.569     0.822
 5   117.597    19.203    17.361
 5     0.578    -0.357     0.736
 5     0.117    -0.855    -0.504
 5     0.807     0.377    -0.452
 6   137.549    19.267    12.706
 6     0.792     0.609     0.024
 6     0.108    -0.099    -0.989
 6    -0.600     0.786    -0.146
 7   112.171   -17.882   -12.825
 7     0.327     0.940     0.097
 7    -0.926     0.339    -0.164
 7    -0.187    -0.036     0.981
 8   119.416   -23.462    15.842
 8     0.570     0.118     0.813
 8    -0.127    -0.965     0.228
 8     0.812    -0.233    -0.535
 9   140.239   -35.255    17.065
 9     0.787    -0.518     0.337
 9    -0.463    -0.136     0.875
 9    -0.407    -0.844    -0.346
 2    97.199   -23.862    59.173
 2     0.713    -0.702     0.002
 2     0.700     0.712     0.052
 2    -0.037    -0.037     0.998
 3   128.582    -2.100    -0.946
 3     0.597     0.005    -0.802
 3    -0.126     0.988    -0.088
 3     0.792     0.154     0.590
 4   110.839    14.837   -11.869
 4     0.332    -0.778     0.535
 4     0.943     0.275    -0.184
 4    -0.003     0.565     0.824
 5   117.415    19.087    17.524
 5     0.577    -0.330     0.749
 5     0.126    -0.869    -0.477
 5     0.807     0.369    -0.460
 6   137.282    20.020    12.590
 6     0.780     0.622     0.070
 6     0.157    -0.083    -0.984
 6    -0.606     0.778    -0.162
 7   111.563   -17.967   -12.301
 7     0.290     0.955     0.063
 7    -0.946     0.296    -0.132
 7    -0.145    -0.021     0.989
 8   118.826   -23.210    16.315
 8     0.585     0.061     0.809
 8    -0.135    -0.976     0.170
 8     0.800    -0.209    -0.562
 9   138.903   -36.634    16.872
 9     0.743    -0.547     0.388
 9    -0.517    -0.103     0.849
 9    -0.425    -0.831    -0.358
 2    97.174   -23.862    59.173
 2     0.714    -0.701     0.002
 2     0.699     0.712     0.052
 2    -0.037    -0.037     0.998
 3   128.523    -2.103    -0.929
 3     0.601     0.009    -0.799
 3    -0.125     0.989    -0.083
 3     0.789     0.149     0.595
 4   110.674    14.894   -11.753
 4     0.323    -0.785     0.529
 4     0.946     0.266    -0.182
 4     0.002     0.559     0.828
 5   117.015    19.027    17.671
 5     0.572    -0.294     0.767
 5     0.136    -0.888    -0.439
 5     0.809     0.355    -0.467
 6   136.791    20.843    12.582
 6     0.773     0.625     0.105
 6     0.184    -0.061    -0.981
 6    -0.607     0.778    -0.163
 7   111.310   -17.916   -12.143
 7     0.276     0.959     0.056
 7    -0.952     0.281    -0.125
 7    -0.136    -0.019     0.990
 8   118.414   -23.113    16.487
 8     0.584     0.006     0.812
 8    -0.154    -0.981     0.117
 8     0.797    -0.193    -0.571
 9   137.896   -37.823    16.715
 9     0.714    -0.559     0.425
 9    -0.550    -0.073     0.831
 9    -0.434    -0.826    -0.359
 2    97.174   -23.837    59.173
 2     0.714    -0.701     0.002
 2     0.699     0.712     0.052
 2    -0.037    -0.037     0.998
 3   128.457    -2.055    -0.960
 3     0.607     0.008    -0.795
 3    -0.122     0.989    -0.083
 3     0.785     0.147     0.601
 4   110.437    14.892   -11.743
 4     0.314    -0.788     0.531
 4     0.949     0.261    -0.173
 4    -0.002     0.558     0.829
 5   116.984    18.967    17.525
 5     0.580    -0.286     0.764
 5     0.140    -0.888    -0.436
 5     0.802     0.359    -0.475
 6   136.635    21.139    12.308
 6     0.763     0.635     0.119
 6     0.193    -0.047    -0.980
 6    -0.617     0.771    -0.159
 7   111.264   -17.816   -12.147
 7     0.270     0.961     0.053
 7    -0.953     0.274    -0.124
 7    -0.134    -0.017     0.991
 8   118.506   -23.220    16.495
 8     0.597    -0.010     0.802
 8    -0.158    -0.982     0.104
 8     0.786    -0.189    -0.588
 9   137.658   -38.398    16.406
 9     0.693    -0.572     0.441
 9    -0.567    -0.056     0.821
 9    -0.445    -0.818    -0.362
 2    97.199   -23.862    59.173
 2     0.714    -0.701     0.002
 2     0.699     0.712     0.052
 2    -0.037    -0.037     0.998
 3   128.535    -2.007    -1.031
 3     0.615     0.007    -0.788
 3    -0.116     0.990    -0.082
 3     0.779     0.142     0.609
 4   110.434    14.892   -11.765
 4     0.313    -0.788     0.531
 4     0.950     0.261    -0.172
 4    -0.003     0.558     0.829
 5   117.077    19.020    17.526
 5     0.581    -0.275     0.767
 5     0.143    -0.893    -0.427
 5     0.801     0.357    -0.479
 6   136.629    21.138    12.213
 6     0.761     0.637     0.122
 6     0.195    -0.043    -0.980
 6    -0.619     0.769    -0.157
 7   111.270   -17.869   -12.076
 7     0.261     0.964     0.047
 7    -0.957     0.265    -0.123
 7    -0.131    -0.013     0.991
 8   118.552   -23.247    16.562
 8     0.600    -0.025     0.800
 8    -0.162    -0.983     0.090
 8     0.783    -0.184    -0.593
 9   137.528   -38.734    16.271
 9     0.684    -0.577     0.449
 9    -0.574    -0.048     0.816
 9    -0.449    -0.815    -0.363
 2    97.174   -23.862    59.173
 2     0.714    -0.701     0.002
 2     0.699     0.712     0.052
 2    -0.037    -0.037     0.998
 3   128.600    -2.160    -1.142
 3     0.621     0.008    -0.784
 3    -0.111     0.991    -0.079
 3     0.776     0.136     0.616
 4   110.472    14.837   -11.853
 4     0.312    -0.787     0.532
 4     0.950     0.262    -0.168
 4    -0.008     0.558     0.829
 5   117.163    18.966    17.460
 5     0.585    -0.271     0.766
 5     0.143    -0.894    -0.423
 5     0.798     0.356    -0.484
 6   136.695    21.237    12.095
 6     0.758     0.640     0.126
 6     0.197    -0.040    -0.980
 6    -0.622     0.767    -0.156
 7   111.274   -17.919   -12.082
 7     0.259     0.965     0.044
 7    -0.957     0.263    -0.121
 7    -0.129    -0.011     0.991
 8   118.550   -23.297    16.572
 8     0.603    -0.034     0.797
 8    -0.163    -0.983     0.081
 8     0.781    -0.179    -0.598
 9   137.429   -38.914    16.230
 9     0.679    -0.581     0.452
 9    -0.579    -0.048     0.812
 9    -0.451    -0.812    -0.368
 2    97.199   -23.862    59.173
 2     0.713    -0.702     0.002
 2     0.700     0.712     0.052
 2    -0.037    -0.037     0.998
 3   128.594    -2.161    -1.182
 3     0.623     0.007    -0.782
 3    -0.109     0.991    -0.077
 3     0.774     0.133     0.618
 4   110.465    14.809   -11.845
 4     0.312    -0.786     0.534
 4     0.950     0.264    -0.166
 4    -0.011     0.559     0.829
 5   117.359    18.956    17.377
 5     0.589    -0.286     0.757
 5     0.137    -0.887    -0.440
 5     0.796     0.363    -0.483
 6   136.939    20.825    12.045
 6     0.765     0.636     0.103
 6     0.177    -0.052    -0.983
 6    -0.619     0.769    -0.153
 7   111.248   -18.022   -12.082
 7     0.256     0.966     0.041
 7    -0.958     0.259    -0.122
 7    -0.129    -0.008     0.991
 8   118.548   -23.351    16.577
 8     0.598    -0.006     0.802
 8    -0.161    -0.981     0.112
 8     0.785    -0.196    -0.587
 9   138.453   -37.199    16.077
 9     0.730    -0.563     0.390
 9    -0.510    -0.068     0.857
 9    -0.455    -0.824    -0.336
 2    97.175   -23.862    59.122
 2     0.714    -0.701     0.002
 2     0.699     0.712     0.052
 2    -0.037    -0.037     0.998
 3   128.616    -2.184    -1.059
 3     0.614     0.012    -0.789
 3    -0.116     0.990    -0.076
 3     0.780     0.138     0.609
 4   110.574    14.747   -11.821
 4     0.326    -0.778     0.538
 4     0.945     0.280    -0.167
 4    -0.020     0.562     0.826
 5   117.745    19.200    17.423
 5     0.586    -0.339     0.738
 5     0.116    -0.865    -0.487
 5     0.802     0.370    -0.467
 6   137.750    18.242    12.266
 6     0.794     0.608    -0.017
 6     0.052    -0.092    -0.994
 6    -0.605     0.789    -0.105
 7   111.466   -18.028   -12.127
 7     0.268     0.962     0.041
 7    -0.953     0.271    -0.136
 7    -0.142    -0.003     0.990
 8   119.024   -23.421    16.337
 8     0.590     0.079     0.803
 8    -0.136    -0.972     0.194
 8     0.796    -0.223    -0.562
 9   140.491   -33.399    16.308
 9     0.820    -0.504     0.272
 9    -0.365    -0.096     0.926
 9    -0.440    -0.858    -0.262
 2    97.174   -23.862    59.173
 2     0.714    -0.701     0.002
 2     0.699     0.712     0.052
 2    -0.037    -0.037     0.998
 3   128.683    -2.291    -1.009
 3     0.603     0.020    -0.797
 3    -0.136     0.987    -0.078
 3     0.785     0.155     0.599
 4   110.771    14.676   -11.605
 4     0.351    -0.760     0.548
 4     0.936     0.306    -0.174
 4    -0.035     0.573     0.818
 5   118.625    19.569    17.279
 5     0.590    -0.433     0.683
 5     0.072    -0.813    -0.576
 5     0.804     0.388    -0.449
 6   138.517    14.173    12.319
 6     0.790     0.581    -0.204
 6    -0.135    -0.152    -0.978
 6    -0.598     0.799    -0.043
 7   111.606   -17.884   -12.189
 7     0.278     0.959     0.044
 7    -0.948     0.281    -0.151
 7    -0.157    -0.001     0.987
 8   119.171   -23.571    16.118
 8     0.584     0.140     0.800
 8    -0.121    -0.959     0.255
 8     0.803    -0.245    -0.543
 9   141.990   -29.069    16.953
 9     0.893    -0.438     0.108
 9    -0.188    -0.142     0.972
 9    -0.410    -0.888    -0.210
 2    97.174   -23.862    59.173
 2     0.714    -0.701     0.002
 2     0.699     0.712     0.052
 2    -0.037    -0.037     0.998
 3   128.634    -2.297    -0.914
 3     0.599     0.024    -0.800
 3    -0.148     0.985    -0.082
 3     0.786     0.167     0.594
 4   110.807    14.717   -11.588
 4     0.363    -0.750     0.554
 4     0.931     0.318    -0.179
 4    -0.042     0.580     0.813
 5   119.116    20.048    17.163
 5     0.593    -0.498     0.635
 5     0.043    -0.766    -0.640
 5     0.804     0.406    -0.433
 6   138.327    10.945    12.522
 6     0.749     0.559    -0.362
 6    -0.280    -0.222    -0.932
 6    -0.600     0.798    -0.011
 7   111.673   -17.763   -12.282
 7     0.293     0.954     0.051
 7    -0.941     0.298    -0.163
 7    -0.171    -0.001     0.985
 8   119.257   -23.692    16.026
 8     0.576     0.177     0.798
 8    -0.109    -0.951     0.288
 8     0.810    -0.253    -0.529
 9   142.782   -25.100    17.658
 9     0.930    -0.361    -0.072
 9    -0.017    -0.230     0.972
 9    -0.366    -0.904    -0.223
 2    97.174   -23.862    59.173
 2     0.713    -0.702     0.002
 2     0.700     0.712     0.052
 2    -0.037    -0.037     0.998
 3   128.635    -2.248    -0.846
 3     0.597     0.020    -0.802
 3    -0.154     0.984    -0.090
 3     0.787     0.177     0.590
 4   110.691    14.709   -11.519
 4     0.369    -0.743     0.559
 4     0.928     0.326    -0.179
 4    -0.049     0.584     0.809
 5   119.927    20.785    17.017
 5     0.606    -0.576     0.552
 5     0.017    -0.682    -0.730
 5     0.795     0.451    -0.403
 6   137.933     7.283    12.559
 6     0.676     0.513    -0.535
 6    -0.436    -0.304    -0.845
 6    -0.594     0.802     0.017
 7   111.728   -17.716   -12.364
 7     0.300     0.952     0.055
 7    -0.937     0.305    -0.171
 7    -0.179    -0.000     0.984
 8   119.443   -24.107    15.920
 8     0.583     0.216     0.784
 8    -0.104    -0.937     0.333
 8     0.806    -0.276    -0.523
 9   143.341   -21.511    18.508
 9     0.942    -0.231    -0.248
 9     0.168    -0.310     0.934
 9    -0.291    -0.922    -0.256
 2    97.174   -23.862    59.173
 2     0.714    -0.701     0.002
 2     0.699     0.712     0.052
 2    -0.037    -0.037     0.998
 3   128.581    -2.304    -0.799
 3     0.594     0.018    -0.804
 3    -0.164     0.981    -0.099
 3     0.787     0.190     0.586
 4   110.730    14.700   -11.429
 4     0.383    -0.732     0.565
 4     0.922     0.338    -0.186
 4    -0.055     0.592     0.803
 5   120.890    21.202    16.805
 5     0.617    -0.631     0.473
 5    -0.004    -0.601    -0.798
 5     0.787     0.490    -0.373
 6   137.715     4.880    12.557
 6     0.616     0.437    -0.660
 6    -0.533    -0.386    -0.751
 6    -0.580     0.812    -0.006
 7   111.804   -17.669   -12.416
 7     0.310     0.949     0.057
 7    -0.932     0.315    -0.180
 7    -0.189     0.002     0.982
 8   120.066   -25.026    15.730
 8     0.612     0.281     0.741
 8    -0.102    -0.900     0.423
 8     0.784    -0.334    -0.521
 9   143.548   -17.465    19.391
 9     0.895    -0.087    -0.437
 9     0.395    -0.295     0.869
 9    -0.203    -0.951    -0.232
 2    97.174   -23.862    59.173
 2     0.714    -0.701     0.002
 2     0.699     0.712     0.052
 2    -0.037    -0.037     0.998
 3   128.574    -2.308    -0.848
 3     0.594     0.014    -0.804
 3    -0.169     0.980    -0.107
 3     0.786     0.199     0.584
 4   110.723    14.695   -11.374
 4     0.392    -0.721     0.573
 4     0.918     0.345    -0.193
 4    -0.058     0.601     0.796
 5   121.719    21.785    16.537
 5     0.628    -0.657     0.419
 5    -0.003    -0.539    -0.842
 5     0.778     0.527    -0.340
 6   137.564     3.285    12.705
 6     0.564     0.368    -0.742
 6    -0.608    -0.424    -0.670
 6    -0.558     0.827    -0.016
 7   111.956   -17.645   -12.499
 7     0.324     0.944     0.062
 7    -0.925     0.330    -0.188
 7    -0.198     0.003     0.980
 8   121.366   -26.146    15.341
 8     0.645     0.365     0.672
 8    -0.114    -0.823     0.555
 8     0.755    -0.435    -0.490
 9   143.443   -13.756    20.073
 9     0.796    -0.006    -0.606
 9     0.589    -0.221     0.776
 9    -0.138    -0.975    -0.173
 2    97.174   -23.837    59.173
 2     0.714    -0.701     0.002
 2     0.699     0.712     0.052
 2    -0.037    -0.037     0.998
 3   128.604    -2.262    -0.883
 3     0.599     0.008    -0.801
 3    -0.170     0.978    -0.118
 3     0.782     0.207     0.587
 4   110.728    14.694   -11.282
 4     0.401    -0.711     0.578
 4     0.914     0.349    -0.204
 4    -0.056     0.610     0.790
 5   122.485    22.349    16.329
 5     0.635    -0.681     0.365
 5    -0.002    -0.473    -0.881
 5     0.772     0.558    -0.302
 6   137.421     2.036    12.979
 6     0.521     0.303    -0.800
 6    -0.669    -0.438    -0.600
 6    -0.530     0.846    -0.026
 7   112.155   -17.545   -12.549
 7     0.339     0.938     0.071
 7    -0.917     0.347    -0.197
 7    -0.209     0.001     0.978
 8   122.863   -27.607    14.290
 8     0.662     0.451     0.600
 8    -0.121    -0.724     0.677
 8     0.740    -0.521    -0.425
 9   142.465   -10.896    20.149
 9     0.655     0.000    -0.756
 9     0.752    -0.100     0.651
 9    -0.074    -0.995    -0.068
 2    97.174   -23.862    59.173
 2     0.714    -0.701     0.002
 2     0.699     0.712     0.052
 2    -0.037    -0.037     0.998
 3   128.645    -2.211    -0.900
 3     0.603     0.002    -0.798
 3    -0.168     0.978    -0.125
 3     0.780     0.209     0.589
 4   110.783    14.694   -11.289
 4     0.410    -0.705     0.580
 4     0.910     0.353    -0.214
 4    -0.054     0.615     0.786
 5   123.348    22.786    16.049
 5     0.644    -0.699     0.311
 5     0.002    -0.405    -0.914
 5     0.765     0.589    -0.260
 6   137.310     0.853    12.915
 6     0.473     0.287    -0.835
 6    -0.733    -0.399    -0.550
 6    -0.488     0.870     0.020
 7   112.274   -17.491   -12.489
 7     0.351     0.933     0.084
 7    -0.912     0.360    -0.196
 7    -0.213    -0.008     0.977
 8   123.849   -28.678    13.437
 8     0.669     0.511     0.540
 8    -0.130    -0.635     0.761
 8     0.731    -0.579    -0.359
 9   140.896    -8.872    19.775
 9     0.505    -0.051    -0.862
 9     0.862    -0.015     0.506
 9    -0.036    -0.999     0.035
 2    97.174   -23.862    59.173
 2     0.714    -0.701     0.002
 2     0.699     0.712     0.052
 2    -0.037    -0.037     0.998
 3   128.690    -2.263    -0.897
 3     0.603     0.000    -0.797
 3    -0.168     0.977    -0.127
 3     0.779     0.211     0.589
 4   110.795    14.695   -11.275
 4     0.419    -0.700     0.579
 4     0.906     0.357    -0.223
 4    -0.050     0.618     0.784
 5   123.607    22.902    16.028
 5     0.650    -0.699     0.298
 5    -0.002    -0.393    -0.919
 5     0.760     0.597    -0.257
 6   137.216     0.746    12.774
 6     0.464     0.290    -0.839
 6    -0.739    -0.397    -0.543
 6    -0.488     0.870     0.029
 7   112.215   -17.543   -12.571
 7     0.356     0.929     0.099
 7    -0.908     0.369    -0.196
 7    -0.219    -0.020     0.975
 8   124.033   -28.809    13.282
 8     0.669     0.529     0.522
 8    -0.128    -0.609     0.782
 8     0.731    -0.591    -0.340
 9   140.715    -8.690    19.687
 9     0.488    -0.057    -0.871
 9     0.872    -0.008     0.489
 9    -0.033    -0.998     0.044
];