2 	  32.61	  -8.40	  22.96
	 -0.015	  0.980	 -0.200
	 -1.000	 -0.017	 -0.009
	 -0.012	  0.199	  0.980

3 	  43.47	  -1.41	   3.90
	  0.602	  0.274	  0.750
	 -0.298	  0.948	 -0.108
	 -0.741	 -0.159	  0.652

4 	  38.67	   4.61	   0.90
	  0.625	  0.781	 -0.004
	 -0.750	  0.601	  0.276
	  0.218	 -0.170	  0.961

5 	  40.15	   7.37	  12.46
	  0.578	  0.087	  0.811
	 -0.226	 -0.938	  0.262
	  0.783	 -0.335	 -0.523

6 	  48.99	   2.20	  13.13
	  0.600	 -0.798	  0.050
	  0.166	  0.186	  0.968
	 -0.782	 -0.573	  0.244

7 	  39.18	  -8.35	   0.67
	  0.756	 -0.628	 -0.182
	  0.519	  0.746	 -0.416
	  0.397	  0.220	  0.891

8 	  40.22	  -9.72	  12.34
	  0.604	  0.033	  0.796
	  0.227	 -0.965	 -0.133
	  0.763	  0.261	 -0.591

9 	  49.31	  -3.78	  11.74
	  0.589	  0.804	  0.079
	 -0.485	  0.430	 -0.762
	 -0.646	  0.411	  0.643

2 	  32.61	  -8.40	  22.96
	 -0.015	  0.980	 -0.200
	 -1.000	 -0.017	 -0.009
	 -0.012	  0.199	  0.980

3 	  43.45	  -1.41	   3.92
	  0.601	  0.274	  0.750
	 -0.298	  0.948	 -0.108
	 -0.741	 -0.159	  0.652

4 	  38.67	   4.59	   0.90
	  0.625	  0.780	 -0.005
	 -0.749	  0.602	  0.275
	  0.217	 -0.169	  0.961

5 	  40.15	   7.37	  12.45
	  0.579	  0.087	  0.810
	 -0.226	 -0.938	  0.262
	  0.783	 -0.334	 -0.524

6 	  48.99	   2.21	  13.13
	  0.602	 -0.797	  0.049
	  0.167	  0.186	  0.968
	 -0.781	 -0.575	  0.245

7 	  39.18	  -8.35	   0.67
	  0.756	 -0.628	 -0.182
	  0.519	  0.746	 -0.416
	  0.397	  0.220	  0.891

8 	  40.24	  -9.74	  12.36
	  0.604	  0.033	  0.796
	  0.228	 -0.964	 -0.134
	  0.763	  0.262	 -0.590

9 	  49.31	  -3.76	  11.74
	  0.589	  0.804	  0.077
	 -0.487	  0.429	 -0.760
	 -0.645	  0.410	  0.645

2 	  32.61	  -8.38	  22.96
	 -0.015	  0.980	 -0.200
	 -1.000	 -0.017	 -0.009
	 -0.012	  0.199	  0.980

3 	  43.44	  -1.41	   3.92
	  0.601	  0.274	  0.751
	 -0.299	  0.948	 -0.108
	 -0.741	 -0.160	  0.651

4 	  38.67	   4.59	   0.91
	  0.625	  0.780	 -0.005
	 -0.750	  0.602	  0.273
	  0.216	 -0.167	  0.962

5 	  40.13	   7.35	  12.46
	  0.578	  0.086	  0.811
	 -0.226	 -0.938	  0.261
	  0.784	 -0.334	 -0.523

6 	  48.97	   2.21	  13.11
	  0.603	 -0.796	  0.048
	  0.168	  0.186	  0.968
	 -0.779	 -0.576	  0.246

7 	  39.18	  -8.35	   0.67
	  0.756	 -0.629	 -0.182
	  0.520	  0.746	 -0.416
	  0.397	  0.220	  0.891

8 	  40.20	  -9.74	  12.36
	  0.604	  0.033	  0.796
	  0.229	 -0.964	 -0.134
	  0.763	  0.263	 -0.590

9 	  49.31	  -3.76	  11.74
	  0.589	  0.804	  0.076
	 -0.488	  0.429	 -0.761
	 -0.644	  0.411	  0.645

2 	  32.59	  -8.38	  22.96
	 -0.015	  0.980	 -0.200
	 -1.000	 -0.017	 -0.009
	 -0.012	  0.199	  0.980

3 	  43.42	  -1.39	   3.94
	  0.600	  0.275	  0.751
	 -0.300	  0.948	 -0.108
	 -0.741	 -0.161	  0.651

4 	  38.67	   4.59	   0.91
	  0.625	  0.780	 -0.005
	 -0.750	  0.603	  0.272
	  0.216	 -0.167	  0.962

5 	  40.13	   7.35	  12.46
	  0.578	  0.087	  0.811
	 -0.225	 -0.939	  0.261
	  0.784	 -0.334	 -0.523

6 	  48.99	   2.21	  13.11
	  0.604	 -0.796	  0.048
	  0.169	  0.187	  0.968
	 -0.779	 -0.576	  0.247

7 	  39.18	  -8.37	   0.67
	  0.756	 -0.629	 -0.181
	  0.520	  0.745	 -0.416
	  0.397	  0.220	  0.891

8 	  40.20	  -9.74	  12.38
	  0.604	  0.033	  0.796
	  0.229	 -0.964	 -0.134
	  0.763	  0.263	 -0.590

9 	  49.31	  -3.78	  11.78
	  0.589	  0.804	  0.074
	 -0.481	  0.423	 -0.768
	 -0.649	  0.417	  0.636

2 	  32.59	  -8.38	  22.96
	 -0.015	  0.980	 -0.200
	 -1.000	 -0.017	 -0.009
	 -0.012	  0.199	  0.980

3 	  43.44	  -1.41	   3.96
	  0.600	  0.275	  0.751
	 -0.300	  0.948	 -0.108
	 -0.742	 -0.161	  0.651

4 	  38.67	   4.57	   0.91
	  0.625	  0.780	 -0.005
	 -0.750	  0.603	  0.272
	  0.215	 -0.167	  0.962

5 	  40.13	   7.33	  12.46
	  0.578	  0.087	  0.811
	 -0.225	 -0.939	  0.261
	  0.784	 -0.333	 -0.523

6 	  48.99	   2.20	  13.13
	  0.603	 -0.796	  0.048
	  0.169	  0.187	  0.967
	 -0.779	 -0.576	  0.247

7 	  39.18	  -8.37	   0.69
	  0.756	 -0.629	 -0.180
	  0.520	  0.745	 -0.417
	  0.396	  0.222	  0.891

8 	  40.20	  -9.74	  12.36
	  0.604	  0.033	  0.796
	  0.229	 -0.964	 -0.134
	  0.763	  0.263	 -0.590

9 	  49.29	  -3.76	  11.78
	  0.589	  0.804	  0.074
	 -0.476	  0.419	 -0.773
	 -0.653	  0.420	  0.630

2 	  32.59	  -8.40	  22.96
	 -0.014	  0.980	 -0.200
	 -1.000	 -0.017	 -0.009
	 -0.012	  0.199	  0.980

3 	  43.42	  -1.42	   3.94
	  0.600	  0.276	  0.751
	 -0.300	  0.948	 -0.108
	 -0.741	 -0.161	  0.651

4 	  38.67	   4.57	   0.91
	  0.626	  0.780	 -0.006
	 -0.750	  0.604	  0.270
	  0.214	 -0.165	  0.963

5 	  40.11	   7.31	  12.43
	  0.578	  0.086	  0.811
	 -0.220	 -0.941	  0.256
	  0.786	 -0.327	 -0.525

6 	  48.99	   2.23	  13.11
	  0.606	 -0.794	  0.047
	  0.169	  0.187	  0.968
	 -0.777	 -0.579	  0.248

7 	  39.18	  -8.37	   0.69
	  0.756	 -0.629	 -0.180
	  0.521	  0.746	 -0.414
	  0.395	  0.219	  0.892

8 	  40.15	  -9.63	  12.41
	  0.603	  0.042	  0.796
	  0.218	 -0.969	 -0.114
	  0.767	  0.243	 -0.594

9 	  49.31	  -3.78	  11.76
	  0.595	  0.801	  0.068
	 -0.475	  0.418	 -0.774
	 -0.648	  0.428	  0.630

2 	  32.59	  -8.38	  22.96
	 -0.015	  0.979	 -0.200
	 -1.000	 -0.017	 -0.009
	 -0.012	  0.199	  0.980

3 	  43.42	  -1.41	   3.94
	  0.600	  0.276	  0.750
	 -0.301	  0.947	 -0.108
	 -0.741	 -0.161	  0.652

4 	  38.67	   4.57	   0.90
	  0.627	  0.779	 -0.008
	 -0.750	  0.605	  0.266
	  0.212	 -0.161	  0.964

5 	  40.06	   7.07	  12.48
	  0.573	  0.073	  0.816
	 -0.203	 -0.952	  0.227
	  0.793	 -0.296	 -0.531

6 	  49.04	   2.29	  12.96
	  0.631	 -0.775	  0.025
	  0.190	  0.186	  0.964
	 -0.752	 -0.603	  0.264

7 	  39.16	  -8.37	   0.69
	  0.759	 -0.626	 -0.179
	  0.523	  0.750	 -0.404
	  0.388	  0.213	  0.897

8 	  40.04	  -9.40	  12.48
	  0.599	  0.051	  0.799
	  0.190	 -0.979	 -0.079
	  0.777	  0.199	 -0.596

9 	  49.39	  -3.92	  11.60
	  0.621	  0.783	  0.037
	 -0.468	  0.408	 -0.784
	 -0.629	  0.469	  0.620

2 	  32.59	  -8.40	  22.96
	 -0.014	  0.980	 -0.200
	 -1.000	 -0.017	 -0.009
	 -0.012	  0.199	  0.980

3 	  43.42	  -1.42	   3.96
	  0.600	  0.276	  0.750
	 -0.299	  0.948	 -0.109
	 -0.742	 -0.159	  0.651

4 	  38.67	   4.57	   0.90
	  0.628	  0.778	 -0.008
	 -0.750	  0.607	  0.262
	  0.209	 -0.159	  0.965

5 	  40.04	   6.98	  12.48
	  0.573	  0.067	  0.817
	 -0.197	 -0.956	  0.217
	  0.796	 -0.285	 -0.534

6 	  49.13	   2.34	  12.88
	  0.648	 -0.761	  0.008
	  0.207	  0.186	  0.960
	 -0.733	 -0.621	  0.278

7 	  39.15	  -8.38	   0.70
	  0.759	 -0.626	 -0.177
	  0.526	  0.750	 -0.401
	  0.383	  0.211	  0.899

8 	  39.96	  -9.28	  12.53
	  0.595	  0.050	  0.802
	  0.155	 -0.986	 -0.054
	  0.788	  0.157	 -0.595

9 	  49.52	  -4.15	  11.64
	  0.650	  0.760	  0.014
	 -0.449	  0.398	 -0.800
	 -0.614	  0.513	  0.600

2 	  32.59	  -8.38	  22.96
	 -0.015	  0.980	 -0.200
	 -1.000	 -0.017	 -0.009
	 -0.012	  0.199	  0.980

3 	  43.40	  -1.42	   3.97
	  0.599	  0.277	  0.751
	 -0.299	  0.947	 -0.111
	 -0.742	 -0.158	  0.651

4 	  38.67	   4.57	   0.90
	  0.626	  0.780	 -0.007
	 -0.752	  0.606	  0.257
	  0.204	 -0.156	  0.966

5 	  39.99	   6.82	  12.52
	  0.572	  0.058	  0.818
	 -0.179	 -0.965	  0.193
	  0.800	 -0.257	 -0.542

6 	  49.18	   2.62	  12.76
	  0.694	 -0.719	 -0.023
	  0.227	  0.188	  0.955
	 -0.683	 -0.669	  0.294

7 	  39.15	  -8.38	   0.70
	  0.760	 -0.626	 -0.174
	  0.526	  0.750	 -0.400
	  0.381	  0.212	  0.900

8 	  39.92	  -9.18	  12.55
	  0.593	  0.048	  0.803
	  0.140	 -0.989	 -0.044
	  0.793	  0.139	 -0.594

9 	  49.55	  -4.31	  11.67
	  0.673	  0.740	  0.001
	 -0.440	  0.402	 -0.803
	 -0.595	  0.539	  0.596

2 	  32.59	  -8.38	  22.96
	 -0.015	  0.979	 -0.200
	 -1.000	 -0.017	 -0.009
	 -0.013	  0.199	  0.979

3 	  43.40	  -1.41	   3.97
	  0.600	  0.279	  0.750
	 -0.300	  0.947	 -0.113
	 -0.742	 -0.157	  0.652

4 	  38.65	   4.55	   0.90
	  0.624	  0.781	 -0.006
	 -0.755	  0.605	  0.251
	  0.200	 -0.152	  0.968

5 	  39.96	   6.70	  12.55
	  0.571	  0.050	  0.819
	 -0.170	 -0.969	  0.177
	  0.803	 -0.241	 -0.545

6 	  49.27	   2.74	  12.62
	  0.717	 -0.695	 -0.052
	  0.245	  0.182	  0.952
	 -0.652	 -0.696	  0.301

7 	  39.16	  -8.38	   0.72
	  0.759	 -0.627	 -0.173
	  0.527	  0.749	 -0.400
	  0.380	  0.212	  0.900

8 	  39.87	  -9.12	  12.55
	  0.592	  0.045	  0.805
	  0.127	 -0.991	 -0.038
	  0.796	  0.125	 -0.593

9 	  49.57	  -4.46	  11.62
	  0.699	  0.715	 -0.022
	 -0.447	  0.412	 -0.794
	 -0.559	  0.564	  0.607

2 	  32.61	  -8.38	  22.96
	 -0.015	  0.979	 -0.200
	 -1.000	 -0.017	 -0.009
	 -0.013	  0.199	  0.979

3 	  43.40	  -1.41	   3.97
	  0.601	  0.280	  0.749
	 -0.300	  0.947	 -0.114
	 -0.741	 -0.156	  0.653

4 	  38.64	   4.55	   0.90
	  0.622	  0.782	 -0.007
	 -0.757	  0.604	  0.247
	  0.198	 -0.149	  0.969

5 	  39.90	   6.61	  12.55
	  0.570	  0.046	  0.820
	 -0.163	 -0.972	  0.167
	  0.805	 -0.230	 -0.547

6 	  49.20	   2.90	  12.48
	  0.745	 -0.662	 -0.085
	  0.257	  0.168	  0.951
	 -0.616	 -0.730	  0.295

7 	  39.16	  -8.38	   0.72
	  0.760	 -0.626	 -0.172
	  0.527	  0.750	 -0.400
	  0.380	  0.213	  0.900

8 	  39.81	  -9.09	  12.57
	  0.587	  0.039	  0.808
	  0.104	 -0.994	 -0.028
	  0.802	  0.100	 -0.588

9 	  49.62	  -4.59	  11.53
	  0.724	  0.687	 -0.047
	 -0.452	  0.422	 -0.786
	 -0.521	  0.591	  0.616

2 	  32.59	  -8.38	  22.96
	 -0.015	  0.980	 -0.200
	 -1.000	 -0.017	 -0.009
	 -0.012	  0.199	  0.980

3 	  43.38	  -1.41	   3.94
	  0.602	  0.281	  0.747
	 -0.301	  0.947	 -0.114
	 -0.739	 -0.156	  0.655

4 	  38.60	   4.55	   0.88
	  0.618	  0.786	 -0.007
	 -0.761	  0.601	  0.243
	  0.195	 -0.145	  0.970

5 	  39.85	   6.47	  12.59
	  0.571	  0.040	  0.820
	 -0.152	 -0.976	  0.154
	  0.806	 -0.213	 -0.551

6 	  49.36	   3.20	  12.36
	  0.780	 -0.613	 -0.126
	  0.255	  0.127	  0.958
	 -0.572	 -0.780	  0.255

7 	  39.16	  -8.38	   0.72
	  0.760	 -0.627	 -0.171
	  0.527	  0.749	 -0.401
	  0.379	  0.214	  0.900

8 	  39.69	  -8.93	  12.60
	  0.579	  0.024	  0.815
	  0.058	 -0.998	 -0.012
	  0.813	  0.054	 -0.580

9 	  49.78	  -5.06	  11.41
	  0.773	  0.629	 -0.081
	 -0.432	  0.427	 -0.795
	 -0.466	  0.649	  0.602

2 	  32.59	  -8.38	  22.96
	 -0.015	  0.980	 -0.200
	 -1.000	 -0.017	 -0.009
	 -0.012	  0.199	  0.980

3 	  43.42	  -1.37	   3.96
	  0.603	  0.284	  0.745
	 -0.302	  0.946	 -0.116
	 -0.738	 -0.155	  0.656

4 	  38.58	   4.55	   0.88
	  0.614	  0.789	 -0.008
	 -0.765	  0.598	  0.237
	  0.192	 -0.140	  0.971

5 	  39.85	   6.43	  12.59
	  0.574	  0.040	  0.818
	 -0.145	 -0.978	  0.149
	  0.805	 -0.204	 -0.556

6 	  49.39	   3.53	  12.34
	  0.813	 -0.560	 -0.156
	  0.236	  0.073	  0.969
	 -0.531	 -0.825	  0.192

7 	  39.16	  -8.38	   0.74
	  0.761	 -0.627	 -0.167
	  0.528	  0.748	 -0.401
	  0.376	  0.217	  0.900

8 	  39.60	  -8.81	  12.60
	  0.572	  0.012	  0.820
	  0.018	 -1.000	  0.002
	  0.820	  0.013	 -0.573

9 	  49.83	  -5.70	  11.29
	  0.818	  0.564	 -0.109
	 -0.391	  0.408	 -0.825
	 -0.421	  0.717	  0.555

2 	  32.59	  -8.40	  22.96
	 -0.014	  0.980	 -0.200
	 -1.000	 -0.017	 -0.009
	 -0.012	  0.199	  0.980

3 	  43.40	  -1.39	   3.94
	  0.605	  0.284	  0.744
	 -0.301	  0.946	 -0.117
	 -0.737	 -0.153	  0.658

4 	  38.57	   4.54	   0.90
	  0.611	  0.792	 -0.006
	 -0.770	  0.595	  0.229
	  0.184	 -0.135	  0.973

5 	  39.81	   6.38	  12.60
	  0.578	  0.042	  0.815
	 -0.133	 -0.980	  0.144
	  0.805	 -0.192	 -0.561

6 	  49.61	   3.96	  12.20
	  0.845	 -0.496	 -0.197
	  0.219	 -0.012	  0.975
	 -0.487	 -0.868	  0.099

7 	  39.16	  -8.37	   0.74
	  0.761	 -0.627	 -0.165
	  0.528	  0.748	 -0.402
	  0.375	  0.219	  0.901

8 	  39.52	  -8.72	  12.62
	  0.564	 -0.003	  0.825
	 -0.033	 -0.999	  0.019
	  0.825	 -0.038	 -0.564

9 	  49.97	  -6.57	  11.23
	  0.866	  0.479	 -0.140
	 -0.347	  0.376	 -0.859
	 -0.360	  0.792	  0.492

2 	  32.59	  -8.38	  22.96
	 -0.015	  0.979	 -0.200
	 -1.000	 -0.017	 -0.009
	 -0.012	  0.199	  0.980

3 	  43.40	  -1.35	   3.90
	  0.608	  0.287	  0.740
	 -0.303	  0.946	 -0.119
	 -0.734	 -0.152	  0.661

4 	  38.48	   4.54	   0.88
	  0.604	  0.796	 -0.007
	 -0.777	  0.591	  0.216
	  0.176	 -0.126	  0.976

5 	  39.80	   6.22	  12.60
	  0.585	  0.046	  0.809
	 -0.112	 -0.984	  0.137
	  0.803	 -0.171	 -0.571

6 	  49.61	   4.45	  12.06
	  0.878	 -0.417	 -0.235
	  0.210	 -0.104	  0.972
	 -0.430	 -0.903	 -0.004

7 	  39.16	  -8.37	   0.74
	  0.761	 -0.628	 -0.163
	  0.528	  0.746	 -0.405
	  0.375	  0.222	  0.900

8 	  39.43	  -8.60	  12.66
	  0.556	 -0.008	  0.831
	 -0.069	 -0.997	  0.036
	  0.828	 -0.078	 -0.556

9 	  50.04	  -7.65	  10.99
	  0.910	  0.373	 -0.179
	 -0.307	  0.317	 -0.897
	 -0.279	  0.871	  0.403

2 	  32.59	  -8.38	  22.96
	 -0.015	  0.979	 -0.200
	 -1.000	 -0.017	 -0.009
	 -0.012	  0.199	  0.980

3 	  43.40	  -1.34	   3.85
	  0.612	  0.291	  0.735
	 -0.305	  0.945	 -0.121
	 -0.730	 -0.150	  0.667

4 	  38.41	   4.55	   0.83
	  0.599	  0.801	 -0.007
	 -0.782	  0.587	  0.208
	  0.171	 -0.120	  0.978

5 	  39.78	   6.17	  12.57
	  0.593	  0.050	  0.803
	 -0.096	 -0.987	  0.132
	  0.799	 -0.155	 -0.580

6 	  49.64	   4.78	  11.94
	  0.900	 -0.346	 -0.265
	  0.206	 -0.197	  0.958
	 -0.384	 -0.917	 -0.106

7 	  39.13	  -8.37	   0.76
	  0.761	 -0.628	 -0.162
	  0.528	  0.745	 -0.408
	  0.377	  0.225	  0.898

8 	  39.41	  -8.46	  12.66
	  0.555	 -0.013	  0.832
	 -0.097	 -0.994	  0.049
	  0.826	 -0.108	 -0.553

9 	  50.03	  -8.30	  10.97
	  0.933	  0.296	 -0.204
	 -0.290	  0.285	 -0.913
	 -0.213	  0.911	  0.352

2 	  32.59	  -8.38	  22.96
	 -0.015	  0.979	 -0.200
	 -1.000	 -0.017	 -0.009
	 -0.012	  0.199	  0.980

3 	  43.37	  -1.28	   3.80
	  0.619	  0.295	  0.728
	 -0.307	  0.944	 -0.121
	 -0.723	 -0.149	  0.674

4 	  38.32	   4.57	   0.81
	  0.591	  0.806	 -0.007
	 -0.790	  0.580	  0.197
	  0.163	 -0.111	  0.980

5 	  39.73	   6.08	  12.60
	  0.599	  0.065	  0.798
	 -0.054	 -0.991	  0.121
	  0.799	 -0.115	 -0.590

6 	  49.61	   5.15	  11.85
	  0.917	 -0.272	 -0.292
	  0.219	 -0.268	  0.938
	 -0.333	 -0.924	 -0.187

7 	  39.11	  -8.35	   0.76
	  0.760	 -0.629	 -0.161
	  0.527	  0.743	 -0.412
	  0.379	  0.228	  0.897

8 	  39.34	  -8.37	  12.67
	  0.545	 -0.020	  0.838
	 -0.138	 -0.988	  0.065
	  0.826	 -0.151	 -0.542

9 	  49.82	  -9.30	  10.86
	  0.955	  0.186	 -0.230
	 -0.272	  0.246	 -0.930
	 -0.117	  0.951	  0.285

2 	  32.59	  -8.38	  22.94
	 -0.015	  0.979	 -0.200
	 -1.000	 -0.017	 -0.009
	 -0.012	  0.200	  0.980

3 	  43.35	  -1.25	   3.74
	  0.626	  0.297	  0.721
	 -0.310	  0.943	 -0.119
	 -0.716	 -0.149	  0.682

4 	  38.20	   4.55	   0.77
	  0.581	  0.814	 -0.007
	 -0.800	  0.572	  0.181
	  0.151	 -0.100	  0.983

5 	  39.62	   5.94	  12.62
	  0.599	  0.083	  0.796
	 -0.005	 -0.994	  0.108
	  0.801	 -0.069	 -0.595

6 	  49.59	   5.73	  11.76
	  0.933	 -0.175	 -0.312
	  0.240	 -0.341	  0.909
	 -0.266	 -0.924	 -0.276

7 	  39.09	  -8.35	   0.77
	  0.760	 -0.630	 -0.160
	  0.527	  0.742	 -0.415
	  0.380	  0.231	  0.896

8 	  39.27	  -8.31	  12.69
	  0.533	 -0.025	  0.845
	 -0.172	 -0.982	  0.079
	  0.828	 -0.188	 -0.528

9 	  49.68	 -10.25	  10.95
	  0.966	  0.075	 -0.245
	 -0.255	  0.189	 -0.948
	 -0.026	  0.979	  0.202

2 	  32.59	  -8.38	  22.96
	 -0.015	  0.979	 -0.200
	 -1.000	 -0.017	 -0.009
	 -0.012	  0.200	  0.980

3 	  43.31	  -1.21	   3.73
	  0.630	  0.299	  0.717
	 -0.313	  0.942	 -0.119
	 -0.711	 -0.149	  0.687

4 	  38.18	   4.59	   0.81
	  0.575	  0.818	  0.002
	 -0.804	  0.566	  0.182
	  0.148	 -0.106	  0.983

5 	  39.57	   5.92	  12.66
	  0.594	  0.089	  0.799
	  0.018	 -0.995	  0.098
	  0.804	 -0.044	 -0.593

6 	  49.52	   5.98	  11.97
	  0.945	 -0.121	 -0.303
	  0.233	 -0.400	  0.886
	 -0.229	 -0.908	 -0.349

7 	  39.09	  -8.33	   0.79
	  0.760	 -0.630	 -0.159
	  0.526	  0.741	 -0.417
	  0.380	  0.234	  0.895

8 	  39.20	  -8.23	  12.71
	  0.516	 -0.028	  0.855
	 -0.200	 -0.976	  0.089
	  0.832	 -0.217	 -0.510

9 	  49.36	 -11.06	  11.06
	  0.968	 -0.027	 -0.251
	 -0.246	  0.125	 -0.961
	  0.057	  0.992	  0.115

2 	  32.59	  -8.38	  22.96
	 -0.015	  0.979	 -0.200
	 -1.000	 -0.017	 -0.009
	 -0.012	  0.200	  0.980

3 	  43.31	  -1.18	   3.71
	  0.632	  0.299	  0.715
	 -0.315	  0.942	 -0.117
	 -0.708	 -0.151	  0.689

4 	  38.14	   4.61	   0.83
	  0.574	  0.818	  0.011
	 -0.805	  0.562	  0.188
	  0.148	 -0.117	  0.982

5 	  39.50	   5.89	  12.64
	  0.588	  0.091	  0.804
	  0.043	 -0.996	  0.081
	  0.808	 -0.013	 -0.589

6 	  49.46	   6.05	  12.08
	  0.951	 -0.093	 -0.295
	  0.223	 -0.454	  0.863
	 -0.214	 -0.886	 -0.411

7 	  39.08	  -8.31	   0.77
	  0.760	 -0.631	 -0.158
	  0.527	  0.739	 -0.419
	  0.380	  0.235	  0.894

8 	  39.13	  -8.16	  12.67
	  0.502	 -0.039	  0.864
	 -0.233	 -0.968	  0.091
	  0.833	 -0.247	 -0.495

9 	  49.06	 -11.78	  11.16
	  0.963	 -0.110	 -0.246
	 -0.233	  0.119	 -0.965
	  0.135	  0.987	  0.089

2 	  32.59	  -8.38	  22.96
	 -0.015	  0.979	 -0.200
	 -1.000	 -0.017	 -0.009
	 -0.012	  0.199	  0.980

3 	  43.33	  -1.12	   3.66
	  0.635	  0.299	  0.712
	 -0.318	  0.941	 -0.112
	 -0.704	 -0.155	  0.693

4 	  38.13	   4.64	   0.84
	  0.571	  0.820	  0.018
	 -0.807	  0.557	  0.193
	  0.148	 -0.125	  0.981

5 	  39.43	   5.82	  12.69
	  0.582	  0.095	  0.808
	  0.070	 -0.995	  0.067
	  0.810	  0.017	 -0.586

6 	  49.38	   6.29	  12.29
	  0.957	 -0.035	 -0.287
	  0.229	 -0.513	  0.827
	 -0.177	 -0.857	 -0.483

7 	  39.09	  -8.30	   0.77
	  0.760	 -0.630	 -0.158
	  0.526	  0.740	 -0.419
	  0.381	  0.235	  0.894

8 	  39.11	  -8.07	  12.67
	  0.485	 -0.051	  0.873
	 -0.260	 -0.962	  0.088
	  0.834	 -0.269	 -0.480

9 	  48.80	 -12.45	  11.23
	  0.952	 -0.189	 -0.239
	 -0.222	  0.106	 -0.969
	  0.208	  0.976	  0.059

2 	  32.59	  -8.38	  22.96
	 -0.015	  0.979	 -0.200
	 -1.000	 -0.017	 -0.009
	 -0.012	  0.200	  0.980

3 	  43.29	  -1.05	   3.59
	  0.641	  0.299	  0.707
	 -0.324	  0.940	 -0.104
	 -0.696	 -0.162	  0.699

4 	  38.00	   4.69	   0.86
	  0.566	  0.824	  0.023
	 -0.810	  0.551	  0.201
	  0.152	 -0.133	  0.979

5 	  39.34	   5.75	  12.71
	  0.579	  0.098	  0.809
	  0.095	 -0.994	  0.052
	  0.809	  0.047	 -0.585

6 	  49.25	   6.50	  12.32
	  0.959	  0.009	 -0.283
	  0.239	 -0.558	  0.794
	 -0.151	 -0.830	 -0.538

7 	  39.09	  -8.26	   0.76
	  0.760	 -0.629	 -0.160
	  0.524	  0.740	 -0.421
	  0.383	  0.236	  0.893

8 	  39.11	  -8.02	  12.64
	  0.474	 -0.063	  0.878
	 -0.286	 -0.954	  0.085
	  0.833	 -0.291	 -0.471

9 	  48.46	 -13.08	  11.30
	  0.935	 -0.265	 -0.234
	 -0.221	  0.077	 -0.972
	  0.276	  0.961	  0.014

2 	  32.59	  -8.38	  22.96
	 -0.015	  0.979	 -0.200
	 -1.000	 -0.017	 -0.009
	 -0.012	  0.199	  0.980

3 	  43.24	  -0.98	   3.52
	  0.648	  0.298	  0.701
	 -0.329	  0.939	 -0.096
	 -0.687	 -0.168	  0.706

4 	  37.93	   4.71	   0.86
	  0.566	  0.824	  0.023
	 -0.809	  0.550	  0.207
	  0.158	 -0.137	  0.978

5 	  39.32	   5.73	  12.73
	  0.579	  0.099	  0.809
	  0.103	 -0.993	  0.048
	  0.808	  0.056	 -0.586

6 	  49.31	   6.52	  12.30
	  0.958	  0.032	 -0.286
	  0.248	 -0.594	  0.765
	 -0.146	 -0.804	 -0.577

7 	  39.04	  -8.19	   0.69
	  0.758	 -0.630	 -0.168
	  0.520	  0.740	 -0.426
	  0.392	  0.235	  0.889

8 	  39.09	  -7.96	  12.62
	  0.467	 -0.072	  0.881
	 -0.308	 -0.948	  0.086
	  0.829	 -0.312	 -0.465

9 	  48.08	 -13.54	  11.43
	  0.916	 -0.328	 -0.231
	 -0.232	  0.035	 -0.972
	  0.327	  0.944	 -0.044

2 	  32.59	  -8.38	  22.96
	 -0.015	  0.979	 -0.200
	 -1.000	 -0.017	 -0.009
	 -0.012	  0.199	  0.980

3 	  43.19	  -0.97	   3.45
	  0.656	  0.297	  0.694
	 -0.331	  0.939	 -0.090
	 -0.678	 -0.170	  0.714

4 	  37.83	   4.73	   0.86
	  0.566	  0.824	  0.021
	 -0.808	  0.549	  0.216
	  0.167	 -0.139	  0.976

5 	  39.32	   5.71	  12.71
	  0.582	  0.103	  0.806
	  0.112	 -0.993	  0.046
	  0.805	  0.064	 -0.589

6 	  49.27	   6.54	  12.11
	  0.953	  0.051	 -0.299
	  0.269	 -0.596	  0.756
	 -0.139	 -0.801	 -0.582

7 	  38.97	  -8.16	   0.67
	  0.756	 -0.631	 -0.172
	  0.518	  0.738	 -0.432
	  0.399	  0.237	  0.885

8 	  39.06	  -7.91	  12.60
	  0.462	 -0.077	  0.884
	 -0.324	 -0.942	  0.088
	  0.826	 -0.327	 -0.460

9 	  47.90	 -13.76	  11.57
	  0.901	 -0.370	 -0.226
	 -0.250	 -0.017	 -0.968
	  0.354	  0.929	 -0.108

2 	  32.59	  -8.38	  22.96
	 -0.015	  0.979	 -0.200
	 -1.000	 -0.017	 -0.009
	 -0.012	  0.199	  0.980

3 	  43.14	  -0.93	   3.36
	  0.664	  0.298	  0.685
	 -0.333	  0.939	 -0.086
	 -0.669	 -0.171	  0.723

4 	  37.79	   4.71	   0.84
	  0.564	  0.825	  0.018
	 -0.807	  0.547	  0.220
	  0.172	 -0.139	  0.975

5 	  39.29	   5.68	  12.67
	  0.583	  0.110	  0.804
	  0.124	 -0.991	  0.046
	  0.802	  0.073	 -0.592

6 	  49.24	   6.61	  12.15
	  0.951	  0.080	 -0.298
	  0.281	 -0.622	  0.731
	 -0.127	 -0.779	 -0.614

7 	  38.92	  -8.16	   0.63
	  0.754	 -0.633	 -0.175
	  0.517	  0.736	 -0.436
	  0.405	  0.238	  0.882

8 	  39.04	  -7.82	  12.57
	  0.455	 -0.081	  0.886
	 -0.343	 -0.935	  0.091
	  0.821	 -0.345	 -0.453

9 	  47.74	 -13.94	  11.51
	  0.891	 -0.393	 -0.227
	 -0.256	 -0.024	 -0.966
	  0.374	  0.919	 -0.122

2 	  32.59	  -8.38	  22.96
	 -0.015	  0.979	 -0.200
	 -1.000	 -0.017	 -0.009
	 -0.012	  0.200	  0.980

3 	  43.10	  -0.91	   3.29
	  0.671	  0.298	  0.678
	 -0.334	  0.939	 -0.083
	 -0.662	 -0.171	  0.729

4 	  37.69	   4.75	   0.83
	  0.559	  0.829	  0.015
	 -0.810	  0.542	  0.224
	  0.177	 -0.137	  0.974

5 	  39.23	   5.64	  12.66
	  0.583	  0.117	  0.803
	  0.141	 -0.989	  0.042
	  0.800	  0.089	 -0.594

6 	  49.18	   6.66	  12.09
	  0.948	  0.113	 -0.296
	  0.295	 -0.659	  0.692
	 -0.117	 -0.744	 -0.658

7 	  38.85	  -8.12	   0.60
	  0.750	 -0.636	 -0.180
	  0.518	  0.734	 -0.439
	  0.411	  0.236	  0.880

8 	  39.01	  -7.77	  12.55
	  0.452	 -0.090	  0.887
	 -0.368	 -0.925	  0.093
	  0.813	 -0.369	 -0.451

9 	  47.41	 -14.40	  11.57
	  0.864	 -0.449	 -0.229
	 -0.280	 -0.050	 -0.959
	  0.419	  0.892	 -0.168

2 	  32.59	  -8.38	  22.96
	 -0.015	  0.979	 -0.200
	 -1.000	 -0.017	 -0.009
	 -0.012	  0.200	  0.980

3 	  43.03	  -0.86	   3.20
	  0.680	  0.297	  0.670
	 -0.335	  0.939	 -0.077
	 -0.652	 -0.172	  0.738

4 	  37.62	   4.82	   0.83
	  0.558	  0.830	  0.010
	 -0.809	  0.541	  0.228
	  0.184	 -0.136	  0.973

5 	  39.22	   5.64	  12.66
	  0.583	  0.118	  0.803
	  0.146	 -0.989	  0.038
	  0.798	  0.095	 -0.594

6 	  49.20	   6.71	  12.16
	  0.951	  0.127	 -0.283
	  0.287	 -0.702	  0.652
	 -0.116	 -0.701	 -0.704

7 	  38.74	  -8.05	   0.56
	  0.744	 -0.641	 -0.187
	  0.520	  0.732	 -0.440
	  0.418	  0.230	  0.878

8 	  38.99	  -7.75	  12.53
	  0.452	 -0.099	  0.886
	 -0.383	 -0.919	  0.093
	  0.805	 -0.382	 -0.453

9 	  47.16	 -14.62	  11.50
	  0.842	 -0.483	 -0.239
	 -0.314	 -0.080	 -0.946
	  0.438	  0.872	 -0.219

2 	  32.59	  -8.38	  22.96
	 -0.015	  0.979	 -0.200
	 -1.000	 -0.017	 -0.009
	 -0.012	  0.199	  0.980

3 	  43.00	  -0.83	   3.15
	  0.687	  0.296	  0.664
	 -0.334	  0.939	 -0.074
	 -0.646	 -0.171	  0.744

4 	  37.56	   4.83	   0.81
	  0.557	  0.830	  0.006
	 -0.808	  0.541	  0.233
	  0.190	 -0.135	  0.972

5 	  39.20	   5.64	  12.64
	  0.585	  0.120	  0.802
	  0.149	 -0.988	  0.038
	  0.797	  0.097	 -0.596

6 	  49.11	   6.75	  12.16
	  0.951	  0.139	 -0.274
	  0.287	 -0.720	  0.632
	 -0.109	 -0.680	 -0.725

7 	  38.72	  -8.07	   0.54
	  0.742	 -0.643	 -0.188
	  0.521	  0.730	 -0.441
	  0.420	  0.229	  0.878

8 	  38.99	  -7.72	  12.50
	  0.447	 -0.100	  0.889
	 -0.399	 -0.912	  0.097
	  0.801	 -0.398	 -0.447

9 	  47.07	 -14.68	  11.55
	  0.835	 -0.495	 -0.238
	 -0.324	 -0.094	 -0.942
	  0.444	  0.863	 -0.239

2 	  32.59	  -8.38	  22.96
	 -0.015	  0.979	 -0.200
	 -1.000	 -0.017	 -0.009
	 -0.012	  0.199	  0.980

3 	  43.01	  -0.81	   3.09
	  0.689	  0.300	  0.659
	 -0.335	  0.939	 -0.077
	 -0.642	 -0.168	  0.747

4 	  37.58	   4.82	   0.74
	  0.551	  0.834	 -0.000
	 -0.811	  0.536	  0.233
	  0.194	 -0.128	  0.972

5 	  39.16	   5.66	  12.60
	  0.582	  0.126	  0.803
	  0.158	 -0.986	  0.040
	  0.797	  0.104	 -0.595

6 	  49.11	   6.82	  12.23
	  0.953	  0.153	 -0.261
	  0.286	 -0.735	  0.615
	 -0.098	 -0.661	 -0.744

7 	  38.74	  -8.07	   0.54
	  0.741	 -0.645	 -0.185
	  0.524	  0.728	 -0.441
	  0.419	  0.230	  0.878

8 	  38.97	  -7.65	  12.53
	  0.432	 -0.102	  0.896
	 -0.429	 -0.897	  0.104
	  0.793	 -0.429	 -0.431

9 	  46.88	 -14.85	  11.71
	  0.821	 -0.522	 -0.230
	 -0.334	 -0.113	 -0.936
	  0.462	  0.845	 -0.267

2 	  32.59	  -8.38	  22.96
	 -0.014	  0.979	 -0.200
	 -1.000	 -0.017	 -0.009
	 -0.012	  0.200	  0.980

3 	  43.03	  -0.77	   3.06
	  0.689	  0.304	  0.658
	 -0.337	  0.938	 -0.081
	 -0.642	 -0.166	  0.748

4 	  37.60	   4.80	   0.72
	  0.549	  0.835	 -0.001
	 -0.813	  0.535	  0.230
	  0.193	 -0.125	  0.973

5 	  39.15	   5.64	  12.59
	  0.578	  0.128	  0.806
	  0.162	 -0.986	  0.040
	  0.800	  0.108	 -0.591

6 	  49.11	   6.80	  12.25
	  0.953	  0.154	 -0.260
	  0.286	 -0.736	  0.614
	 -0.097	 -0.659	 -0.746

7 	  38.76	  -8.07	   0.54
	  0.737	 -0.651	 -0.183
	  0.530	  0.725	 -0.439
	  0.418	  0.226	  0.879

8 	  38.90	  -7.61	  12.50
	  0.423	 -0.112	  0.899
	 -0.457	 -0.883	  0.106
	  0.782	 -0.456	 -0.425

9 	  46.62	 -14.99	  11.78
	  0.803	 -0.550	 -0.230
	 -0.362	 -0.144	 -0.921
	  0.473	  0.823	 -0.314

2 	  32.59	  -8.40	  22.96
	 -0.014	  0.980	 -0.200
	 -1.000	 -0.016	 -0.009
	 -0.012	  0.199	  0.980

3 	  43.03	  -0.79	   3.06
	  0.689	  0.304	  0.658
	 -0.336	  0.938	 -0.082
	 -0.642	 -0.165	  0.748

4 	  37.60	   4.82	   0.72
	  0.548	  0.836	 -0.001
	 -0.814	  0.534	  0.229
	  0.192	 -0.125	  0.973

5 	  39.11	   5.62	  12.60
	  0.573	  0.127	  0.810
	  0.168	 -0.985	  0.035
	  0.802	  0.116	 -0.586

6 	  49.08	   6.79	  12.30
	  0.953	  0.160	 -0.255
	  0.287	 -0.740	  0.608
	 -0.092	 -0.653	 -0.752

7 	  38.74	  -8.05	   0.53
	  0.733	 -0.655	 -0.185
	  0.536	  0.723	 -0.437
	  0.419	  0.221	  0.880

8 	  38.87	  -7.58	  12.48
	  0.414	 -0.122	  0.902
	 -0.481	 -0.871	  0.103
	  0.773	 -0.476	 -0.419

9 	  46.44	 -15.13	  11.71
	  0.786	 -0.572	 -0.233
	 -0.374	 -0.141	 -0.917
	  0.491	  0.808	 -0.324

2 	  32.59	  -8.40	  22.96
	 -0.015	  0.979	 -0.200
	 -1.000	 -0.017	 -0.009
	 -0.012	  0.199	  0.980

3 	  43.03	  -0.77	   3.04
	  0.689	  0.303	  0.658
	 -0.336	  0.938	 -0.082
	 -0.642	 -0.165	  0.748

4 	  37.56	   4.85	   0.72
	  0.543	  0.839	 -0.002
	 -0.818	  0.529	  0.227
	  0.192	 -0.121	  0.974

5 	  39.04	   5.57	  12.60
	  0.565	  0.126	  0.815
	  0.182	 -0.983	  0.025
	  0.804	  0.134	 -0.579

6 	  48.99	   6.82	  12.36
	  0.952	  0.179	 -0.249
	  0.296	 -0.749	  0.593
	 -0.080	 -0.638	 -0.766

7 	  38.72	  -8.02	   0.51
	  0.730	 -0.657	 -0.186
	  0.539	  0.722	 -0.434
	  0.419	  0.217	  0.882

8 	  38.85	  -7.52	  12.48
	  0.410	 -0.128	  0.903
	 -0.495	 -0.863	  0.102
	  0.766	 -0.489	 -0.417

9 	  46.20	 -15.29	  11.79
	  0.760	 -0.606	 -0.233
	 -0.416	 -0.180	 -0.891
	  0.498	  0.775	 -0.389

2 	  32.59	  -8.40	  22.96
	 -0.015	  0.979	 -0.200
	 -1.000	 -0.017	 -0.009
	 -0.012	  0.199	  0.980

3 	  43.01	  -0.74	   3.02
	  0.690	  0.303	  0.657
	 -0.336	  0.938	 -0.081
	 -0.641	 -0.165	  0.749

4 	  37.53	   4.87	   0.72
	  0.541	  0.841	 -0.003
	 -0.818	  0.528	  0.228
	  0.194	 -0.121	  0.973

5 	  39.02	   5.57	  12.60
	  0.564	  0.125	  0.816
	  0.186	 -0.982	  0.021
	  0.804	  0.140	 -0.578

6 	  48.94	   6.84	  12.36
	  0.952	  0.182	 -0.247
	  0.296	 -0.754	  0.586
	 -0.079	 -0.631	 -0.771

7 	  38.64	  -7.96	   0.46
	  0.725	 -0.663	 -0.188
	  0.544	  0.718	 -0.433
	  0.422	  0.211	  0.882

8 	  38.83	  -7.49	  12.45
	  0.410	 -0.135	  0.902
	 -0.509	 -0.854	  0.103
	  0.757	 -0.502	 -0.419

9 	  46.05	 -15.45	  11.79
	  0.729	 -0.642	 -0.235
	 -0.471	 -0.222	 -0.854
	  0.496	  0.734	 -0.464

2 	  32.59	  -8.38	  22.96
	 -0.015	  0.979	 -0.200
	 -1.000	 -0.017	 -0.009
	 -0.012	  0.200	  0.980

3 	  42.96	  -0.69	   2.97
	  0.693	  0.302	  0.654
	 -0.332	  0.939	 -0.082
	 -0.639	 -0.160	  0.752

4 	  37.51	   4.89	   0.74
	  0.541	  0.841	 -0.005
	 -0.818	  0.527	  0.230
	  0.196	 -0.121	  0.973

5 	  38.99	   5.57	  12.59
	  0.561	  0.124	  0.818
	  0.189	 -0.982	  0.019
	  0.806	  0.144	 -0.575

6 	  48.90	   6.77	  12.39
	  0.953	  0.182	 -0.241
	  0.291	 -0.761	  0.579
	 -0.078	 -0.623	 -0.779

7 	  38.58	  -7.96	   0.46
	  0.720	 -0.668	 -0.186
	  0.550	  0.714	 -0.433
	  0.422	  0.209	  0.882

8 	  38.79	  -7.49	  12.46
	  0.408	 -0.138	  0.902
	 -0.523	 -0.845	  0.107
	  0.748	 -0.516	 -0.417

9 	  45.88	 -15.54	  11.79
	  0.714	 -0.659	 -0.237
	 -0.493	 -0.233	 -0.838
	  0.497	  0.715	 -0.491

2 	  32.59	  -8.38	  22.96
	 -0.015	  0.979	 -0.200
	 -1.000	 -0.017	 -0.009
	 -0.012	  0.199	  0.980

3 	  42.94	  -0.69	   2.94
	  0.697	  0.301	  0.651
	 -0.328	  0.941	 -0.084
	 -0.638	 -0.154	  0.754

4 	  37.48	   4.90	   0.70
	  0.540	  0.841	 -0.012
	 -0.818	  0.528	  0.229
	  0.199	 -0.114	  0.973

5 	  38.90	   5.52	  12.53
	  0.552	  0.124	  0.824
	  0.198	 -0.980	  0.014
	  0.809	  0.156	 -0.566

6 	  48.83	   6.75	  12.43
	  0.955	  0.183	 -0.234
	  0.287	 -0.765	  0.576
	 -0.074	 -0.617	 -0.783

7 	  38.51	  -7.98	   0.49
	  0.716	 -0.673	 -0.182
	  0.557	  0.709	 -0.432
	  0.420	  0.208	  0.883

8 	  38.79	  -7.45	  12.46
	  0.407	 -0.140	  0.903
	 -0.536	 -0.837	  0.112
	  0.740	 -0.529	 -0.415

9 	  45.65	 -15.71	  11.74
	  0.692	 -0.679	 -0.245
	 -0.514	 -0.225	 -0.828
	  0.507	  0.699	 -0.504

2 	  32.59	  -8.38	  22.96
	 -0.014	  0.979	 -0.200
	 -1.000	 -0.016	 -0.009
	 -0.012	  0.200	  0.980

3 	  42.91	  -0.69	   2.92
	  0.699	  0.301	  0.649
	 -0.324	  0.942	 -0.089
	 -0.638	 -0.148	  0.755

4 	  37.46	   4.89	   0.67
	  0.540	  0.842	 -0.018
	 -0.818	  0.529	  0.228
	  0.201	 -0.109	  0.973

5 	  38.87	   5.50	  12.52
	  0.547	  0.124	  0.828
	  0.203	 -0.979	  0.013
	  0.812	  0.161	 -0.561

6 	  48.80	   6.71	  12.50
	  0.957	  0.184	 -0.225
	  0.282	 -0.771	  0.571
	 -0.068	 -0.610	 -0.789

7 	  38.41	  -8.00	   0.53
	  0.710	 -0.683	 -0.171
	  0.570	  0.701	 -0.428
	  0.412	  0.207	  0.887

8 	  38.74	  -7.40	  12.48
	  0.407	 -0.138	  0.903
	 -0.553	 -0.824	  0.123
	  0.727	 -0.550	 -0.412

9 	  45.23	 -15.98	  11.72
	  0.647	 -0.720	 -0.251
	 -0.541	 -0.200	 -0.817
	  0.538	  0.664	 -0.519

2 	  32.59	  -8.40	  22.96
	 -0.015	  0.979	 -0.200
	 -1.000	 -0.017	 -0.009
	 -0.012	  0.199	  0.980

3 	  42.87	  -0.77	   2.90
	  0.704	  0.302	  0.642
	 -0.315	  0.944	 -0.099
	 -0.636	 -0.133	  0.760

4 	  37.48	   4.83	   0.62
	  0.546	  0.837	 -0.024
	 -0.813	  0.537	  0.222
	  0.199	 -0.102	  0.974

5 	  38.83	   5.50	  12.50
	  0.545	  0.125	  0.829
	  0.202	 -0.979	  0.015
	  0.814	  0.159	 -0.559

6 	  48.76	   6.59	  12.48
	  0.960	  0.174	 -0.219
	  0.271	 -0.773	  0.573
	 -0.069	 -0.610	 -0.790

7 	  38.29	  -8.09	   0.60
	  0.700	 -0.697	 -0.153
	  0.591	  0.687	 -0.422
	  0.399	  0.205	  0.893

8 	  38.72	  -7.38	  12.53
	  0.411	 -0.142	  0.900
	 -0.570	 -0.811	  0.132
	  0.711	 -0.568	 -0.414

9 	  44.84	 -16.24	  11.58
	  0.594	 -0.758	 -0.268
	 -0.588	 -0.183	 -0.788
	  0.548	  0.626	 -0.555

2 	  32.59	  -8.38	  22.96
	 -0.014	  0.979	 -0.200
	 -1.000	 -0.017	 -0.010
	 -0.013	  0.200	  0.980

3 	  42.87	  -0.90	   2.90
	  0.709	  0.299	  0.639
	 -0.303	  0.947	 -0.107
	 -0.637	 -0.118	  0.761

4 	  37.55	   4.76	   0.58
	  0.556	  0.830	 -0.031
	 -0.807	  0.549	  0.218
	  0.198	 -0.096	  0.975

5 	  38.81	   5.50	  12.41
	  0.538	  0.125	  0.833
	  0.197	 -0.980	  0.020
	  0.819	  0.154	 -0.552

6 	  48.80	   6.38	  12.62
	  0.967	  0.152	 -0.205
	  0.246	 -0.772	  0.585
	 -0.069	 -0.617	 -0.784

7 	  38.27	  -8.14	   0.62
	  0.696	 -0.702	 -0.149
	  0.596	  0.682	 -0.424
	  0.399	  0.206	  0.893

8 	  38.71	  -7.40	  12.52
	  0.412	 -0.146	  0.899
	 -0.580	 -0.804	  0.135
	  0.703	 -0.577	 -0.416

9 	  44.82	 -16.29	  11.67
	  0.580	 -0.773	 -0.257
	 -0.643	 -0.240	 -0.728
	  0.501	  0.587	 -0.636

2 	  32.59	  -8.40	  22.96
	 -0.015	  0.979	 -0.200
	 -1.000	 -0.017	 -0.009
	 -0.012	  0.199	  0.980

3 	  42.87	  -0.93	   2.88
	  0.710	  0.298	  0.637
	 -0.300	  0.947	 -0.109
	 -0.637	 -0.114	  0.762

4 	  37.55	   4.73	   0.56
	  0.557	  0.830	 -0.035
	 -0.807	  0.550	  0.217
	  0.199	 -0.093	  0.975

5 	  38.79	   5.45	  12.39
	  0.534	  0.125	  0.836
	  0.198	 -0.980	  0.020
	  0.822	  0.155	 -0.548

6 	  48.78	   6.36	  12.60
	  0.967	  0.153	 -0.203
	  0.245	 -0.773	  0.585
	 -0.068	 -0.616	 -0.785

7 	  38.27	  -8.14	   0.62
	  0.696	 -0.702	 -0.149
	  0.596	  0.681	 -0.425
	  0.399	  0.207	  0.893

8 	  38.71	  -7.38	  12.52
	  0.411	 -0.149	  0.899
	 -0.585	 -0.800	  0.135
	  0.699	 -0.582	 -0.415

9 	  44.74	 -16.22	  11.65
	  0.582	 -0.773	 -0.252
	 -0.645	 -0.250	 -0.723
	  0.496	  0.583	 -0.644

2 	  32.59	  -8.38	  22.96
	 -0.015	  0.979	 -0.200
	 -1.000	 -0.017	 -0.009
	 -0.012	  0.199	  0.980

3 	  42.87	  -0.91	   2.88
	  0.710	  0.297	  0.638
	 -0.300	  0.948	 -0.109
	 -0.637	 -0.114	  0.762

4 	  37.53	   4.75	   0.54
	  0.555	  0.831	 -0.037
	 -0.808	  0.548	  0.217
	  0.201	 -0.091	  0.975

5 	  38.72	   5.45	  12.38
	  0.527	  0.123	  0.841
	  0.206	 -0.978	  0.014
	  0.824	  0.166	 -0.541

6 	  48.71	   6.42	  12.60
	  0.966	  0.162	 -0.202
	  0.251	 -0.775	  0.580
	 -0.063	 -0.611	 -0.789

7 	  38.27	  -8.14	   0.60
	  0.696	 -0.702	 -0.150
	  0.595	  0.682	 -0.425
	  0.400	  0.206	  0.892

8 	  38.69	  -7.38	  12.52
	  0.409	 -0.154	  0.899
	 -0.590	 -0.797	  0.131
	  0.696	 -0.585	 -0.417

9 	  44.77	 -16.21	  11.65
	  0.582	 -0.773	 -0.250
	 -0.638	 -0.245	 -0.730
	  0.503	  0.585	 -0.636

2 	  32.59	  -8.40	  22.96
	 -0.015	  0.979	 -0.200
	 -1.000	 -0.017	 -0.009
	 -0.012	  0.199	  0.980

3 	  42.86	  -0.91	   2.87
	  0.710	  0.295	  0.639
	 -0.298	  0.948	 -0.107
	 -0.638	 -0.115	  0.762

4 	  37.49	   4.76	   0.54
	  0.552	  0.832	 -0.040
	 -0.808	  0.546	  0.219
	  0.204	 -0.089	  0.975

5 	  38.69	   5.43	  12.39
	  0.520	  0.120	  0.845
	  0.214	 -0.977	  0.007
	  0.827	  0.177	 -0.534

6 	  48.66	   6.43	  12.60
	  0.965	  0.167	 -0.203
	  0.255	 -0.776	  0.577
	 -0.061	 -0.608	 -0.791

7 	  38.25	  -8.09	   0.58
	  0.696	 -0.700	 -0.155
	  0.592	  0.684	 -0.426
	  0.404	  0.205	  0.891

8 	  38.69	  -7.38	  12.52
	  0.408	 -0.155	  0.900
	 -0.591	 -0.796	  0.130
	  0.696	 -0.585	 -0.417

9 	  44.88	 -16.15	  11.67
	  0.589	 -0.770	 -0.245
	 -0.652	 -0.275	 -0.706
	  0.476	  0.576	 -0.664

2 	  32.59	  -8.40	  22.96
	 -0.014	  0.980	 -0.200
	 -1.000	 -0.016	 -0.009
	 -0.012	  0.199	  0.980

3 	  42.86	  -0.88	   2.87
	  0.710	  0.293	  0.640
	 -0.297	  0.949	 -0.105
	 -0.638	 -0.116	  0.761

4 	  37.49	   4.78	   0.54
	  0.552	  0.833	 -0.040
	 -0.809	  0.546	  0.219
	  0.204	 -0.089	  0.975

5 	  38.67	   5.45	  12.39
	  0.520	  0.120	  0.845
	  0.214	 -0.977	  0.007
	  0.826	  0.177	 -0.534

6 	  48.60	   6.47	  12.50
	  0.961	  0.168	 -0.217
	  0.265	 -0.771	  0.578
	 -0.071	 -0.614	 -0.786

7 	  38.27	  -8.07	   0.54
	  0.696	 -0.699	 -0.161
	  0.589	  0.685	 -0.428
	  0.409	  0.203	  0.889

8 	  38.67	  -7.38	  12.50
	  0.409	 -0.155	  0.899
	 -0.591	 -0.796	  0.131
	  0.695	 -0.585	 -0.417

9 	  44.91	 -16.12	  11.71
	  0.592	 -0.768	 -0.243
	 -0.654	 -0.282	 -0.702
	  0.471	  0.574	 -0.669

2 	  32.59	  -8.38	  22.96
	 -0.015	  0.979	 -0.200
	 -1.000	 -0.017	 -0.009
	 -0.012	  0.199	  0.980

3 	  42.84	  -0.88	   2.85
	  0.710	  0.293	  0.640
	 -0.298	  0.949	 -0.104
	 -0.638	 -0.117	  0.761

4 	  37.48	   4.80	   0.54
	  0.552	  0.833	 -0.040
	 -0.808	  0.546	  0.219
	  0.204	 -0.089	  0.975

5 	  38.67	   5.43	  12.39
	  0.521	  0.120	  0.845
	  0.213	 -0.977	  0.007
	  0.826	  0.176	 -0.535

6 	  48.60	   6.45	  12.48
	  0.960	  0.169	 -0.221
	  0.269	 -0.770	  0.578
	 -0.073	 -0.615	 -0.785

7 	  38.23	  -8.07	   0.54
	  0.695	 -0.699	 -0.166
	  0.587	  0.686	 -0.429
	  0.414	  0.201	  0.888

8 	  38.65	  -7.38	  12.50
	  0.408	 -0.155	  0.899
	 -0.590	 -0.797	  0.130
	  0.696	 -0.584	 -0.417

9 	  44.93	 -16.12	  11.74
	  0.591	 -0.770	 -0.239
	 -0.663	 -0.296	 -0.688
	  0.459	  0.565	 -0.686

2 	  32.59	  -8.40	  22.96
	 -0.014	  0.980	 -0.200
	 -1.000	 -0.016	 -0.009
	 -0.012	  0.199	  0.980

3 	  42.84	  -0.86	   2.85
	  0.710	  0.293	  0.640
	 -0.299	  0.948	 -0.103
	 -0.637	 -0.118	  0.761

4 	  37.46	   4.78	   0.54
	  0.552	  0.833	 -0.040
	 -0.808	  0.546	  0.220
	  0.205	 -0.090	  0.974

5 	  38.67	   5.43	  12.39
	  0.522	  0.119	  0.844
	  0.213	 -0.977	  0.006
	  0.826	  0.177	 -0.535

6 	  48.62	   6.47	  12.38
	  0.957	  0.169	 -0.233
	  0.276	 -0.768	  0.577
	 -0.081	 -0.617	 -0.783

7 	  38.25	  -8.07	   0.53
	  0.695	 -0.698	 -0.169
	  0.585	  0.687	 -0.430
	  0.417	  0.200	  0.886

8 	  38.65	  -7.37	  12.46
	  0.409	 -0.153	  0.899
	 -0.588	 -0.799	  0.131
	  0.698	 -0.582	 -0.417

9 	  44.98	 -16.05	  11.76
	  0.595	 -0.768	 -0.238
	 -0.668	 -0.307	 -0.678
	  0.447	  0.562	 -0.696

2 	  32.59	  -8.38	  22.96
	 -0.014	  0.979	 -0.200
	 -1.000	 -0.017	 -0.010
	 -0.013	  0.200	  0.980

3 	  42.82	  -0.88	   2.81
	  0.711	  0.292	  0.639
	 -0.299	  0.949	 -0.101
	 -0.636	 -0.119	  0.762

4 	  37.44	   4.82	   0.56
	  0.550	  0.834	 -0.041
	 -0.809	  0.544	  0.222
	  0.207	 -0.089	  0.974

5 	  38.67	   5.43	  12.39
	  0.522	  0.119	  0.844
	  0.214	 -0.977	  0.006
	  0.825	  0.177	 -0.536

6 	  48.59	   6.49	  12.29
	  0.955	  0.173	 -0.242
	  0.284	 -0.766	  0.576
	 -0.086	 -0.619	 -0.781

7 	  38.21	  -8.05	   0.53
	  0.696	 -0.697	 -0.173
	  0.582	  0.689	 -0.432
	  0.420	  0.200	  0.885

8 	  38.64	  -7.37	  12.45
	  0.410	 -0.153	  0.899
	 -0.586	 -0.799	  0.131
	  0.699	 -0.581	 -0.417

9 	  45.00	 -16.01	  11.71
	  0.599	 -0.763	 -0.244
	 -0.681	 -0.325	 -0.656
	  0.421	  0.559	 -0.714

2 	  32.59	  -8.40	  22.96
	 -0.014	  0.980	 -0.200
	 -1.000	 -0.016	 -0.009
	 -0.012	  0.199	  0.980

3 	  42.80	  -0.86	   2.81
	  0.712	  0.292	  0.638
	 -0.300	  0.948	 -0.101
	 -0.635	 -0.120	  0.763

4 	  37.42	   4.80	   0.56
	  0.549	  0.834	 -0.041
	 -0.809	  0.544	  0.223
	  0.208	 -0.089	  0.974

5 	  38.65	   5.45	  12.39
	  0.523	  0.120	  0.844
	  0.214	 -0.977	  0.006
	  0.825	  0.178	 -0.536

6 	  48.59	   6.49	  12.27
	  0.954	  0.172	 -0.244
	  0.285	 -0.766	  0.575
	 -0.088	 -0.619	 -0.781

7 	  38.23	  -8.05	   0.53
	  0.696	 -0.697	 -0.174
	  0.582	  0.689	 -0.432
	  0.421	  0.200	  0.885

8 	  38.64	  -7.37	  12.45
	  0.409	 -0.154	  0.899
	 -0.587	 -0.799	  0.130
	  0.699	 -0.581	 -0.417

9 	  44.98	 -16.03	  11.71
	  0.596	 -0.765	 -0.244
	 -0.682	 -0.323	 -0.656
	  0.423	  0.558	 -0.714

2 	  32.59	  -8.40	  22.96
	 -0.014	  0.979	 -0.200
	 -1.000	 -0.016	 -0.009
	 -0.012	  0.199	  0.980

3 	  42.79	  -0.86	   2.81
	  0.712	  0.292	  0.638
	 -0.300	  0.948	 -0.100
	 -0.635	 -0.120	  0.763

4 	  37.42	   4.82	   0.58
	  0.549	  0.834	 -0.041
	 -0.809	  0.544	  0.223
	  0.208	 -0.089	  0.974

5 	  38.65	   5.43	  12.39
	  0.522	  0.119	  0.844
	  0.214	 -0.977	  0.005
	  0.825	  0.178	 -0.536

6 	  48.57	   6.49	  12.27
	  0.954	  0.172	 -0.244
	  0.285	 -0.767	  0.574
	 -0.088	 -0.618	 -0.781

7 	  38.21	  -8.07	   0.53
	  0.695	 -0.697	 -0.175
	  0.582	  0.689	 -0.432
	  0.421	  0.199	  0.885

8 	  38.64	  -7.35	  12.45
	  0.410	 -0.153	  0.899
	 -0.586	 -0.800	  0.130
	  0.699	 -0.580	 -0.418

9 	  44.96	 -16.08	  11.67
	  0.594	 -0.766	 -0.246
	 -0.683	 -0.319	 -0.657
	  0.425	  0.558	 -0.712

2 	  32.59	  -8.40	  22.96
	 -0.014	  0.979	 -0.200
	 -1.000	 -0.016	 -0.009
	 -0.012	  0.199	  0.980

3 	  42.80	  -0.86	   2.81
	  0.712	  0.291	  0.639
	 -0.299	  0.949	 -0.100
	 -0.636	 -0.120	  0.762

4 	  37.41	   4.80	   0.56
	  0.550	  0.834	 -0.041
	 -0.809	  0.544	  0.223
	  0.208	 -0.090	  0.974

5 	  38.64	   5.43	  12.39
	  0.523	  0.119	  0.844
	  0.214	 -0.977	  0.005
	  0.825	  0.179	 -0.536

6 	  48.57	   6.47	  12.25
	  0.954	  0.172	 -0.246
	  0.286	 -0.770	  0.571
	 -0.091	 -0.615	 -0.783

7 	  38.20	  -8.05	   0.53
	  0.695	 -0.697	 -0.175
	  0.582	  0.689	 -0.432
	  0.421	  0.199	  0.885

8 	  38.62	  -7.37	  12.45
	  0.410	 -0.154	  0.899
	 -0.585	 -0.801	  0.129
	  0.700	 -0.579	 -0.418

9 	  44.98	 -16.07	  11.71
	  0.596	 -0.765	 -0.245
	 -0.682	 -0.321	 -0.658
	  0.424	  0.559	 -0.712

2 	  32.59	  -8.40	  22.96
	 -0.014	  0.979	 -0.200
	 -1.000	 -0.016	 -0.009
	 -0.012	  0.199	  0.980

3 	  42.79	  -0.84	   2.83
	  0.711	  0.292	  0.640
	 -0.300	  0.949	 -0.100
	 -0.636	 -0.121	  0.762

4 	  37.41	   4.80	   0.56
	  0.551	  0.833	 -0.039
	 -0.809	  0.545	  0.220
	  0.205	 -0.090	  0.974

5 	  38.64	   5.43	  12.39
	  0.523	  0.119	  0.844
	  0.214	 -0.977	  0.004
	  0.825	  0.178	 -0.536

6 	  48.55	   6.49	  12.27
