% Calibrated with leiden_pols
% Positions are in centimeters
Data =[
 2    96.698   -18.455    59.990
 2     0.159    -0.987    -0.003
 2     0.986     0.159     0.037
 2    -0.036    -0.009     0.999
 3   122.941    -1.356     4.276
 3     0.348     0.014    -0.937
 3    -0.178     0.983    -0.051
 3     0.920     0.184     0.344
 4   107.511   -19.142    -4.067
 4     0.556     0.642     0.526
 4    -0.830     0.450     0.328
 4    -0.026    -0.620     0.784
 5   116.855   -22.649    20.171
 5     0.575     0.387     0.720
 5    -0.254    -0.753     0.607
 5     0.777    -0.533    -0.335
 6   134.949   -22.771    37.710
 6     0.673     0.623    -0.399
 6     0.066     0.486     0.871
 6     0.737    -0.613     0.286
 7   109.516    15.756    -4.015
 7     0.570    -0.666     0.480
 7     0.806     0.344    -0.480
 7     0.154     0.661     0.734
 8   115.644    18.730    21.888
 8     0.546    -0.442     0.712
 8     0.175    -0.770    -0.613
 8     0.819     0.459    -0.343
 9   134.685    19.244    37.448
 9     0.791    -0.522    -0.319
 9    -0.093     0.413    -0.906
 9     0.604     0.746     0.278
 2    96.698   -18.455    59.990
 2     0.159    -0.987    -0.003
 2     0.986     0.158     0.037
 2    -0.036    -0.009     0.999
 3   122.947    -1.354     4.319
 3     0.346     0.015    -0.938
 3    -0.177     0.983    -0.050
 3     0.921     0.183     0.343
 4   107.557   -19.091    -4.091
 4     0.559     0.642     0.524
 4    -0.829     0.453     0.328
 4    -0.027    -0.618     0.786
 5   116.855   -22.650    20.171
 5     0.576     0.387     0.720
 5    -0.255    -0.752     0.608
 5     0.777    -0.533    -0.335
 6   134.945   -22.721    37.715
 6     0.673     0.622    -0.400
 6     0.067     0.487     0.870
 6     0.736    -0.613     0.286
 7   109.519    15.706    -4.018
 7     0.571    -0.667     0.479
 7     0.806     0.345    -0.481
 7     0.155     0.661     0.734
 8   115.643    18.731    21.939
 8     0.545    -0.442     0.712
 8     0.176    -0.771    -0.613
 8     0.819     0.459    -0.343
 9   134.684    19.244    37.448
 9     0.792    -0.522    -0.318
 9    -0.092     0.412    -0.906
 9     0.604     0.747     0.278
 2    96.648   -18.456    59.990
 2     0.159    -0.987    -0.004
 2     0.986     0.158     0.037
 2    -0.036    -0.010     0.999
 3   123.003    -1.378     4.311
 3     0.345     0.015    -0.938
 3    -0.177     0.983    -0.049
 3     0.922     0.183     0.341
 4   107.570   -19.042    -4.133
 4     0.564     0.640     0.522
 4    -0.825     0.460     0.327
 4    -0.031    -0.615     0.788
 5   116.997   -22.652    20.100
 5     0.577     0.392     0.716
 5    -0.256    -0.746     0.614
 5     0.776    -0.538    -0.331
 6   134.951   -22.719    37.756
 6     0.671     0.622    -0.404
 6     0.068     0.491     0.868
 6     0.738    -0.611     0.287
 7   109.520    15.656    -4.017
 7     0.571    -0.667     0.478
 7     0.806     0.345    -0.480
 7     0.155     0.660     0.735
 8   115.643    18.731    21.939
 8     0.545    -0.442     0.712
 8     0.176    -0.771    -0.613
 8     0.819     0.459    -0.343
 9   134.684    19.295    37.449
 9     0.792    -0.522    -0.318
 9    -0.092     0.413    -0.906
 9     0.604     0.746     0.279
 2    96.648   -18.456    59.990
 2     0.159    -0.987    -0.004
 2     0.986     0.159     0.037
 2    -0.036    -0.010     0.999
 3   123.046    -1.380     4.268
 3     0.345     0.015    -0.938
 3    -0.178     0.983    -0.050
 3     0.921     0.184     0.341
 4   107.612   -19.096    -4.227
 4     0.564     0.641     0.521
 4    -0.825     0.463     0.323
 4    -0.034    -0.612     0.790
 5   117.017   -22.653    20.003
 5     0.577     0.394     0.715
 5    -0.255    -0.745     0.616
 5     0.775    -0.539    -0.330
 6   134.981   -22.717    37.695
 6     0.669     0.622    -0.408
 6     0.069     0.493     0.867
 6     0.740    -0.608     0.287
 7   109.565    15.654    -4.062
 7     0.571    -0.667     0.479
 7     0.806     0.347    -0.479
 7     0.153     0.660     0.735
 8   115.644    18.731    21.889
 8     0.545    -0.442     0.712
 8     0.176    -0.770    -0.613
 8     0.819     0.459    -0.342
 9   134.688    19.296    37.394
 9     0.791    -0.522    -0.318
 9    -0.091     0.414    -0.906
 9     0.605     0.745     0.280
 2    96.696   -18.456    59.993
 2     0.159    -0.987    -0.004
 2     0.986     0.158     0.037
 2    -0.037    -0.010     0.999
 3   123.072    -1.381     4.217
 3     0.345     0.015    -0.938
 3    -0.178     0.983    -0.050
 3     0.921     0.184     0.342
 4   107.600   -19.152    -4.211
 4     0.561     0.642     0.522
 4    -0.827     0.464     0.317
 4    -0.039    -0.609     0.792
 5   117.068   -22.702    19.952
 5     0.578     0.392     0.715
 5    -0.254    -0.746     0.615
 5     0.775    -0.538    -0.332
 6   135.035   -22.766    37.506
 6     0.666     0.620    -0.414
 6     0.069     0.501     0.862
 6     0.742    -0.603     0.291
 7   109.561    15.601    -4.132
 7     0.572    -0.666     0.479
 7     0.806     0.349    -0.477
 7     0.151     0.659     0.737
 8   115.698    18.733    21.884
 8     0.545    -0.443     0.712
 8     0.176    -0.770    -0.614
 8     0.820     0.459    -0.342
 9   134.751    19.299    37.381
 9     0.788    -0.524    -0.323
 9    -0.093     0.417    -0.904
 9     0.609     0.742     0.280
 2    96.646   -18.456    59.993
 2     0.159    -0.987    -0.004
 2     0.986     0.158     0.037
 2    -0.037    -0.010     0.999
 3   123.121    -1.431     4.166
 3     0.345     0.015    -0.938
 3    -0.178     0.983    -0.050
 3     0.921     0.184     0.341
 4   107.532   -19.236    -4.256
 4     0.559     0.637     0.530
 4    -0.827     0.467     0.311
 4    -0.049    -0.613     0.789
 5   117.540   -22.884    19.554
 5     0.588     0.394     0.706
 5    -0.254    -0.739     0.624
 5     0.768    -0.547    -0.335
 6   135.495   -22.938    37.048
 6     0.657     0.603    -0.453
 6     0.069     0.550     0.832
 6     0.751    -0.578     0.319
 7   109.579    15.573    -4.174
 7     0.572    -0.666     0.479
 7     0.807     0.351    -0.475
 7     0.148     0.658     0.738
 8   115.740    18.780    21.744
 8     0.547    -0.443     0.710
 8     0.177    -0.768    -0.615
 8     0.818     0.463    -0.342
 9   134.776    19.399    37.210
 9     0.788    -0.521    -0.327
 9    -0.094     0.424    -0.901
 9     0.608     0.741     0.286
 2    96.646   -18.456    59.993
 2     0.159    -0.987    -0.004
 2     0.986     0.158     0.037
 2    -0.037    -0.010     0.999
 3   123.127    -1.481     4.158
 3     0.343     0.014    -0.939
 3    -0.178     0.982    -0.050
 3     0.922     0.185     0.340
 4   107.531   -19.227    -4.452
 4     0.566     0.612     0.552
 4    -0.821     0.480     0.309
 4    -0.076    -0.628     0.775
 5   117.703   -23.460    19.005
 5     0.591     0.403     0.699
 5    -0.268    -0.719     0.641
 5     0.761    -0.566    -0.317
 6   135.345   -23.419    36.716
 6     0.652     0.588    -0.478
 6     0.068     0.582     0.810
 6     0.755    -0.561     0.339
 7   109.539    15.519    -4.208
 7     0.568    -0.666     0.483
 7     0.810     0.351    -0.469
 7     0.142     0.658     0.739
 8   115.345    19.140    21.702
 8     0.549    -0.406     0.731
 8     0.207    -0.781    -0.589
 8     0.810     0.474    -0.345
 9   134.676    20.347    36.716
 9     0.812    -0.513    -0.278
 9    -0.067     0.391    -0.918
 9     0.579     0.764     0.284
 2    96.648   -18.456    59.990
 2     0.159    -0.987    -0.004
 2     0.986     0.158     0.037
 2    -0.036    -0.010     0.999
 3   123.127    -1.480     4.157
 3     0.344     0.012    -0.939
 3    -0.178     0.982    -0.052
 3     0.922     0.185     0.340
 4   107.437   -19.141    -4.636
 4     0.568     0.595     0.568
 4    -0.817     0.491     0.302
 4    -0.099    -0.636     0.766
 5   117.507   -24.067    18.568
 5     0.581     0.402     0.707
 5    -0.296    -0.705     0.644
 5     0.758    -0.583    -0.291
 6   135.025   -24.459    36.443
 6     0.643     0.600    -0.475
 6     0.049     0.586     0.808
 6     0.764    -0.544     0.347
 7   109.289    15.387    -4.261
 7     0.559    -0.666     0.494
 7     0.818     0.347    -0.458
 7     0.133     0.660     0.739
 8   114.829    19.740    21.446
 8     0.539    -0.338     0.771
 8     0.266    -0.801    -0.537
 8     0.799     0.494    -0.342
 9   134.077    22.700    36.250
 9     0.821    -0.533    -0.204
 9     0.001     0.359    -0.933
 9     0.570     0.766     0.295
 2    96.696   -18.456    59.993
 2     0.159    -0.987    -0.004
 2     0.986     0.158     0.037
 2    -0.037    -0.009     0.999
 3   123.071    -1.533     4.089
 3     0.345     0.013    -0.938
 3    -0.179     0.982    -0.052
 3     0.921     0.185     0.341
 4   107.144   -18.985    -4.743
 4     0.559     0.590     0.582
 4    -0.820     0.496     0.285
 4    -0.121    -0.637     0.761
 5   116.746   -24.813    17.987
 5     0.557     0.376     0.740
 5    -0.346    -0.705     0.619
 5     0.755    -0.601    -0.263
 6   134.034   -27.010    36.144
 6     0.627     0.645    -0.437
 6    -0.013     0.568     0.823
 6     0.779    -0.510     0.364
 7   109.160    15.326    -4.381
 7     0.559    -0.661     0.501
 7     0.820     0.352    -0.450
 7     0.121     0.662     0.739
 8   114.279    20.994    20.950
 8     0.517    -0.288     0.806
 8     0.342    -0.794    -0.503
 8     0.785     0.535    -0.312
 9   133.444    25.669    35.416
 9     0.817    -0.555    -0.156
 9     0.076     0.371    -0.925
 9     0.571     0.744     0.345
 2    96.698   -18.455    59.990
 2     0.159    -0.987    -0.004
 2     0.986     0.158     0.037
 2    -0.036    -0.009     0.999
 3   123.046    -1.610     3.987
 3     0.346     0.016    -0.938
 3    -0.181     0.982    -0.049
 3     0.921     0.187     0.342
 4   106.928   -18.905    -5.008
 4     0.549     0.587     0.594
 4    -0.823     0.501     0.267
 4    -0.141    -0.636     0.758
 5   116.296   -25.586    17.445
 5     0.533     0.354     0.768
 5    -0.393    -0.700     0.596
 5     0.749    -0.620    -0.235
 6   132.984   -29.440    35.584
 6     0.603     0.682    -0.413
 6    -0.077     0.564     0.822
 6     0.794    -0.464     0.393
 7   109.103    15.214    -4.525
 7     0.559    -0.653     0.510
 7     0.822     0.356    -0.445
 7     0.108     0.668     0.736
 8   113.727    21.987    20.504
 8     0.493    -0.246     0.834
 8     0.406    -0.783    -0.471
 8     0.770     0.570    -0.286
 9   132.399    28.491    34.760
 9     0.802    -0.587    -0.109
 9     0.148     0.373    -0.916
 9     0.578     0.719     0.386
 2    96.648   -18.456    59.990
 2     0.159    -0.987    -0.004
 2     0.986     0.159     0.037
 2    -0.036    -0.009     0.999
 3   122.985    -1.617     3.878
 3     0.347     0.021    -0.938
 3    -0.185     0.981    -0.047
 3     0.919     0.189     0.345
 4   106.652   -18.727    -5.183
 4     0.539     0.583     0.608
 4    -0.826     0.508     0.245
 4    -0.166    -0.634     0.755
 5   115.811   -26.357    16.865
 5     0.514     0.336     0.789
 5    -0.434    -0.692     0.577
 5     0.740    -0.639    -0.210
 6   132.503   -31.036    34.999
 6     0.596     0.697    -0.398
 6    -0.117     0.565     0.816
 6     0.794    -0.440     0.418
 7   109.076    15.127    -4.625
 7     0.563    -0.643     0.519
 7     0.820     0.361    -0.443
 7     0.097     0.675     0.731
 8   113.163    22.827    20.072
 8     0.465    -0.216     0.858
 8     0.458    -0.771    -0.442
 8     0.757     0.599    -0.260
 9   131.399    30.677    34.320
 9     0.782    -0.618    -0.085
 9     0.202     0.380    -0.903
 9     0.590     0.688     0.422
 2    96.699   -18.455    59.990
 2     0.159    -0.987    -0.004
 2     0.986     0.158     0.037
 2    -0.036    -0.010     0.999
 3   123.022    -1.753     3.767
 3     0.349     0.029    -0.937
 3    -0.193     0.980    -0.041
 3     0.917     0.195     0.348
 4   106.386   -18.599    -5.392
 4     0.525     0.581     0.621
 4    -0.830     0.511     0.224
 4    -0.187    -0.633     0.751
 5   115.338   -27.129    16.327
 5     0.498     0.318     0.807
 5    -0.473    -0.680     0.560
 5     0.727    -0.660    -0.188
 6   131.797   -32.966    34.236
 6     0.585     0.717    -0.378
 6    -0.164     0.561     0.811
 6     0.794    -0.413     0.446
 7   109.083    15.070    -4.686
 7     0.567    -0.633     0.526
 7     0.818     0.363    -0.445
 7     0.090     0.683     0.724
 8   112.402    23.585    19.716
 8     0.440    -0.198     0.876
 8     0.502    -0.755    -0.423
 8     0.744     0.625    -0.233
 9   130.466    32.591    33.718
 9     0.770    -0.634    -0.067
 9     0.242     0.388    -0.889
 9     0.590     0.668     0.452
 2    96.648   -18.456    59.990
 2     0.159    -0.987    -0.004
 2     0.986     0.158     0.037
 2    -0.036    -0.010     0.999
 3   122.958    -1.863     3.731
 3     0.350     0.033    -0.936
 3    -0.200     0.979    -0.040
 3     0.915     0.201     0.349
 4   106.146   -18.367    -5.530
 4     0.514     0.579     0.632
 4    -0.832     0.515     0.205
 4    -0.207    -0.631     0.747
 5   114.840   -27.771    15.812
 5     0.483     0.306     0.820
 5    -0.506    -0.667     0.547
 5     0.714    -0.679    -0.168
 6   131.151   -34.591    33.417
 6     0.579     0.732    -0.360
 6    -0.202     0.556     0.806
 6     0.790    -0.394     0.470
 7   108.991    15.013    -4.674
 7     0.570    -0.624     0.535
 7     0.817     0.363    -0.447
 7     0.084     0.692     0.717
 8   111.555    24.636    19.029
 8     0.410    -0.184     0.893
 8     0.558    -0.724    -0.405
 8     0.721     0.664    -0.194
 9   129.323    34.832    32.764
 9     0.756    -0.652    -0.057
 9     0.293     0.415    -0.861
 9     0.585     0.634     0.505
 2    96.696   -18.405    59.993
 2     0.158    -0.987    -0.004
 2     0.986     0.158     0.037
 2    -0.037    -0.010     0.999
 3   122.990    -1.922     3.576
 3     0.354     0.038    -0.935
 3    -0.207     0.977    -0.038
 3     0.912     0.207     0.354
 4   105.926   -18.278    -5.648
 4     0.505     0.581     0.638
 4    -0.835     0.516     0.192
 4    -0.217    -0.630     0.745
 5   114.516   -28.020    15.444
 5     0.471     0.296     0.831
 5    -0.526    -0.662     0.534
 5     0.707    -0.689    -0.156
 6   130.405   -35.878    33.068
 6     0.567     0.754    -0.330
 6    -0.234     0.532     0.814
 6     0.790    -0.385     0.478
 7   108.777    14.975    -4.816
 7     0.569    -0.612     0.549
 7     0.819     0.366    -0.442
 7     0.069     0.701     0.709
 8   110.620    25.993    18.115
 8     0.381    -0.141     0.914
 8     0.632    -0.682    -0.368
 8     0.674     0.718    -0.171
 9   128.163    37.992    30.657
 9     0.746    -0.666    -0.009
 9     0.372     0.427    -0.824
 9     0.552     0.611     0.567
 2    96.696   -18.456    59.993
 2     0.159    -0.987    -0.004
 2     0.986     0.158     0.037
 2    -0.037    -0.010     0.999
 3   122.933    -1.925     3.482
 3     0.355     0.040    -0.934
 3    -0.209     0.977    -0.037
 3     0.911     0.209     0.355
 4   105.891   -18.208    -5.657
 4     0.502     0.581     0.640
 4    -0.836     0.516     0.187
 4    -0.222    -0.629     0.745
 5   114.009   -28.212    15.276
 5     0.457     0.294     0.839
 5    -0.541    -0.657     0.525
 5     0.706    -0.694    -0.141
 6   129.887   -36.445    32.881
 6     0.557     0.766    -0.321
 6    -0.249     0.522     0.815
 6     0.792    -0.375     0.481
 7   108.603    14.857    -4.993
 7     0.568    -0.601     0.563
 7     0.822     0.373    -0.431
 7     0.049     0.707     0.705
 8   110.068    27.094    17.246
 8     0.357    -0.075     0.931
 8     0.698    -0.641    -0.320
 8     0.620     0.764    -0.177
 9   127.290    40.916    28.445
 9     0.734    -0.677     0.059
 9     0.450     0.420    -0.788
 9     0.508     0.605     0.613
 2    96.648   -18.456    59.990
 2     0.159    -0.987    -0.004
 2     0.986     0.158     0.037
 2    -0.036    -0.010     0.999
 3   122.923    -1.930     3.422
 3     0.357     0.044    -0.933
 3    -0.212     0.977    -0.035
 3     0.909     0.210     0.358
 4   105.690   -17.943    -5.846
 4     0.494     0.584     0.644
 4    -0.838     0.518     0.172
 4    -0.234    -0.625     0.745
 5   113.646   -28.507    14.944
 5     0.443     0.286     0.849
 5    -0.558    -0.654     0.511
 5     0.702    -0.700    -0.131
 6   129.311   -37.220    32.604
 6     0.547     0.779    -0.306
 6    -0.270     0.510     0.816
 6     0.792    -0.364     0.489
 7   108.459    14.764    -5.049
 7     0.572    -0.584     0.575
 7     0.819     0.381    -0.428
 7     0.031     0.716     0.697
 8   109.789    27.768    16.602
 8     0.333     0.022     0.943
 8     0.756    -0.604    -0.252
 8     0.564     0.796    -0.218
 9   126.164    43.690    25.944
 9     0.723    -0.671     0.162
 9     0.534     0.395    -0.748
 9     0.437     0.627     0.644
 2    96.696   -18.456    59.993
 2     0.159    -0.987    -0.004
 2     0.986     0.158     0.037
 2    -0.037    -0.010     0.999
 3   122.917    -1.933     3.252
 3     0.360     0.047    -0.932
 3    -0.215     0.976    -0.034
 3     0.908     0.212     0.361
 4   105.515   -17.782    -6.038
 4     0.482     0.591     0.646
 4    -0.841     0.519     0.153
 4    -0.245    -0.618     0.747
 5   113.149   -28.655    14.628
 5     0.428     0.272     0.862
 5    -0.578    -0.651     0.493
 5     0.695    -0.709    -0.121
 6   128.553   -38.101    32.091
 6     0.539     0.794    -0.280
 6    -0.295     0.489     0.820
 6     0.789    -0.360     0.498
 7   108.287    14.697    -5.179
 7     0.571    -0.573     0.588
 7     0.821     0.388    -0.419
 7     0.012     0.722     0.691
 8   109.374    28.493    16.023
 8     0.308     0.105     0.945
 8     0.804    -0.560    -0.200
 8     0.509     0.821    -0.257
 9   124.984    45.880    23.578
 9     0.707    -0.662     0.248
 9     0.603     0.382    -0.700
 9     0.369     0.644     0.669
 2    96.646   -18.406    59.993
 2     0.159    -0.987    -0.004
 2     0.986     0.158     0.037
 2    -0.037    -0.010     0.999
 3   122.912    -1.883     3.260
 3     0.362     0.049    -0.931
 3    -0.215     0.976    -0.032
 3     0.907     0.211     0.363
 4   105.437   -17.735    -6.080
 4     0.477     0.594     0.647
 4    -0.843     0.516     0.148
 4    -0.247    -0.617     0.747
 5   112.967   -28.741    14.545
 5     0.418     0.261     0.870
 5    -0.588    -0.652     0.478
 5     0.692    -0.711    -0.119
 6   128.182   -38.515    31.969
 6     0.532     0.805    -0.261
 6    -0.308     0.471     0.827
 6     0.789    -0.360     0.498
 7   108.077    14.581    -5.190
 7     0.571    -0.563     0.597
 7     0.820     0.395    -0.413
 7    -0.003     0.726     0.688
 8   109.135    28.916    15.394
 8     0.288     0.177     0.941
 8     0.840    -0.518    -0.160
 8     0.459     0.836    -0.299
 9   123.963    47.569    21.481
 9     0.687    -0.654     0.317
 9     0.657     0.371    -0.656
 9     0.311     0.659     0.685
 2    96.646   -18.406    59.993
 2     0.159    -0.987    -0.004
 2     0.986     0.158     0.037
 2    -0.037    -0.010     0.999
 3   122.856    -1.884     3.165
 3     0.364     0.049    -0.930
 3    -0.214     0.976    -0.032
 3     0.906     0.211     0.366
 4   105.371   -17.616    -6.185
 4     0.474     0.594     0.649
 4    -0.843     0.519     0.140
 4    -0.254    -0.614     0.747
 5   112.772   -28.931    14.137
 5     0.412     0.263     0.872
 5    -0.599    -0.643     0.477
 5     0.687    -0.719    -0.107
 6   127.941   -38.957    31.575
 6     0.529     0.807    -0.262
 6    -0.318     0.475     0.820
 6     0.786    -0.351     0.508
 7   107.833    14.197    -5.459
 7     0.572    -0.551     0.607
 7     0.819     0.415    -0.395
 7    -0.034     0.724     0.689
 8   108.825    29.509    14.272
 8     0.272     0.224     0.935
 8     0.872    -0.468    -0.141
 8     0.406     0.854    -0.324
 9   122.932    49.156    18.998
 9     0.664    -0.651     0.368
 9     0.702     0.375    -0.604
 9     0.255     0.660     0.706
 2    96.646   -18.456    59.993
 2     0.159    -0.987    -0.004
 2     0.986     0.158     0.037
 2    -0.037    -0.010     0.999
 3   122.907    -1.831     3.089
 3     0.366     0.048    -0.929
 3    -0.213     0.976    -0.033
 3     0.906     0.210     0.367
 4   105.343   -17.503    -6.427
 4     0.468     0.597     0.651
 4    -0.843     0.524     0.125
 4    -0.266    -0.608     0.748
 5   112.563   -29.279    13.779
 5     0.404     0.258     0.877
 5    -0.615    -0.634     0.469
 5     0.677    -0.729    -0.097
 6   127.589   -39.915    30.843
 6     0.525     0.812    -0.254
 6    -0.341     0.474     0.812
 6     0.780    -0.340     0.525
 7   107.549    13.949    -5.695
 7     0.563    -0.547     0.620
 7     0.824     0.425    -0.374
 7    -0.059     0.721     0.690
 8   108.384    30.079    13.390
 8     0.255     0.258     0.931
 8     0.898    -0.421    -0.130
 8     0.358     0.869    -0.340
 9   121.741    50.489    16.679
 9     0.645    -0.646     0.409
 9     0.737     0.382    -0.557
 9     0.203     0.661     0.722
 2    96.696   -18.456    59.993
 2     0.159    -0.987    -0.004
 2     0.986     0.158     0.037
 2    -0.037    -0.010     0.999
 3   122.858    -1.829     2.988
 3     0.367     0.047    -0.929
 3    -0.210     0.977    -0.034
 3     0.906     0.207     0.369
 4   105.206   -17.459    -6.432
 4     0.464     0.596     0.655
 4    -0.843     0.525     0.120
 4    -0.272    -0.608     0.746
 5   112.447   -29.415    13.574
 5     0.400     0.255     0.880
 5    -0.623    -0.628     0.466
 5     0.672    -0.735    -0.093
 6   127.400   -40.278    30.553
 6     0.524     0.814    -0.251
 6    -0.349     0.474     0.808
 6     0.777    -0.336     0.532
 7   107.337    13.809    -5.703
 7     0.559    -0.542     0.628
 7     0.826     0.432    -0.362
 7    -0.075     0.721     0.689
 8   108.149    30.360    12.815
 8     0.238     0.305     0.922
 8     0.916    -0.385    -0.109
 8     0.322     0.871    -0.371
 9   120.737    51.450    15.118
 9     0.621    -0.637     0.456
 9     0.767     0.377    -0.519
 9     0.158     0.673     0.722
 2    96.646   -18.456    59.993
 2     0.159    -0.987    -0.004
 2     0.986     0.158     0.037
 2    -0.037    -0.010     0.999
 3   122.852    -1.830     2.995
 3     0.369     0.047    -0.928
 3    -0.210     0.977    -0.034
 3     0.905     0.207     0.370
 4   105.144   -17.414    -6.514
 4     0.462     0.594     0.658
 4    -0.842     0.527     0.115
 4    -0.278    -0.608     0.744
 5   112.410   -29.548    13.415
 5     0.398     0.251     0.882
 5    -0.629    -0.625     0.462
 5     0.668    -0.739    -0.091
 6   127.392   -40.385    30.385
 6     0.523     0.815    -0.250
 6    -0.354     0.474     0.806
 6     0.775    -0.334     0.536
 7   107.267    13.752    -5.758
 7     0.556    -0.539     0.633
 7     0.827     0.435    -0.356
 7    -0.083     0.721     0.688
 8   107.982    30.673    12.518
 8     0.229     0.323     0.918
 8     0.926    -0.363    -0.103
 8     0.299     0.874    -0.382
 9   120.140    51.964    14.148
 9     0.609    -0.633     0.479
 9     0.782     0.378    -0.494
 9     0.131     0.675     0.725
 2    96.646   -18.456    59.993
 2     0.159    -0.987    -0.004
 2     0.986     0.158     0.037
 2    -0.037    -0.010     0.999
 3   122.830    -1.842     2.951
 3     0.373     0.058    -0.926
 3    -0.220     0.975    -0.027
 3     0.901     0.213     0.377
 4   105.190   -17.415    -6.559
 4     0.462     0.593     0.659
 4    -0.841     0.528     0.115
 4    -0.280    -0.608     0.743
 5   112.429   -29.553    13.293
 5     0.394     0.254     0.883
 5    -0.632    -0.623     0.461
 5     0.667    -0.740    -0.085
 6   127.366   -40.516    30.335
 6     0.519     0.817    -0.249
 6    -0.359     0.473     0.804
 6     0.775    -0.329     0.539
 7   107.306    13.747    -5.743
 7     0.557    -0.537     0.633
 7     0.826     0.439    -0.354
 7    -0.088     0.720     0.688
 8   108.174    30.789    12.161
 8     0.210     0.371     0.904
 8     0.938    -0.336    -0.080
 8     0.273     0.865    -0.419
 9   119.351    52.551    12.941
 9     0.580    -0.620     0.529
 9     0.809     0.364    -0.461
 9     0.093     0.695     0.713
 2    96.646   -18.456    59.993
 2     0.159    -0.987    -0.004
 2     0.986     0.158     0.037
 2    -0.037    -0.010     0.999
 3   122.875    -1.898     3.035
 3     0.373     0.066    -0.926
 3    -0.225     0.974    -0.021
 3     0.900     0.216     0.378
 4   105.305   -17.393    -6.573
 4     0.462     0.592     0.660
 4    -0.840     0.531     0.112
 4    -0.284    -0.606     0.743
 5   112.420   -29.738    13.127
 5     0.387     0.254     0.886
 5    -0.639    -0.619     0.456
 5     0.665    -0.743    -0.077
 6   127.133   -41.112    29.941
 6     0.510     0.827    -0.236
 6    -0.376     0.461     0.804
 6     0.773    -0.322     0.546
 7   107.417    13.714    -5.824
 7     0.560    -0.533     0.634
 7     0.823     0.446    -0.352
 7    -0.095     0.719     0.688
 8   108.057    30.951    11.806
 8     0.200     0.397     0.895
 8     0.947    -0.312    -0.073
 8     0.250     0.863    -0.439
 9   118.732    53.213    12.011
 9     0.561    -0.611     0.558
 9     0.825     0.365    -0.431
 9     0.059     0.702     0.709
 2    96.646   -18.406    59.993
 2     0.159    -0.987    -0.004
 2     0.986     0.158     0.037
 2    -0.037    -0.010     0.999
 3   122.820    -1.954     3.018
 3     0.373     0.072    -0.925
 3    -0.229     0.973    -0.017
 3     0.899     0.218     0.379
 4   105.301   -17.395    -6.566
 4     0.461     0.592     0.661
 4    -0.840     0.531     0.110
 4    -0.286    -0.606     0.742
 5   112.388   -29.794    13.010
 5     0.383     0.254     0.888
 5    -0.643    -0.616     0.454
 5     0.663    -0.745    -0.073
 6   127.011   -41.295    29.913
 6     0.504     0.832    -0.232
 6    -0.383     0.455     0.804
 6     0.774    -0.317     0.548
 7   107.406    13.658    -5.836
 7     0.560    -0.531     0.636
 7     0.822     0.449    -0.349
 7    -0.100     0.718     0.688
 8   108.114    31.038    11.497
 8     0.193     0.429     0.882
 8     0.954    -0.291    -0.068
 8     0.227     0.855    -0.466
 9   118.269    53.546    10.971
 9     0.546    -0.598     0.587
 9     0.837     0.366    -0.406
 9     0.027     0.713     0.700
 2    96.646   -18.456    59.993
 2     0.159    -0.987    -0.004
 2     0.986     0.158     0.038
 2    -0.037    -0.010     0.999
 3   122.865    -1.983     3.027
 3     0.373     0.076    -0.924
 3    -0.232     0.972    -0.014
 3     0.898     0.219     0.381
 4   105.275   -17.254    -6.707
 4     0.459     0.589     0.664
 4    -0.837     0.538     0.101
 4    -0.298    -0.603     0.740
 5   112.378   -29.986    12.652
 5     0.381     0.251     0.890
 5    -0.655    -0.606     0.452
 5     0.652    -0.755    -0.066
 6   126.843   -41.917    29.432
 6     0.501     0.838    -0.217
 6    -0.398     0.445     0.802
 6     0.769    -0.316     0.556
 7   107.329    13.521    -5.955
 7     0.556    -0.529     0.641
 7     0.823     0.455    -0.339
 7    -0.112     0.716     0.689
 8   107.951    31.204    11.178
 8     0.187     0.434     0.881
 8     0.959    -0.275    -0.068
 8     0.213     0.857    -0.468
 9   117.772    53.760    10.134
 9     0.536    -0.599     0.595
 9     0.844     0.373    -0.385
 9     0.008     0.708     0.706
 2    96.696   -18.456    59.993
 2     0.159    -0.987    -0.004
 2     0.986     0.158     0.037
 2    -0.037    -0.010     0.999
 3   122.925    -1.991     2.897
 3     0.377     0.086    -0.922
 3    -0.238     0.971    -0.007
 3     0.895     0.222     0.387
 4   105.247   -17.139    -6.847
 4     0.456     0.587     0.668
 4    -0.834     0.544     0.091
 4    -0.310    -0.599     0.738
 5   112.385   -30.283    12.179
 5     0.378     0.245     0.893
 5    -0.671    -0.592     0.446
 5     0.638    -0.768    -0.060
 6   126.776   -42.753    28.561
 6     0.499     0.846    -0.185
 6    -0.423     0.424     0.801
 6     0.756    -0.322     0.569
 7   107.230    13.412    -5.952
 7     0.552    -0.529     0.645
 7     0.825     0.459    -0.330
 7    -0.122     0.714     0.689
 8   107.710    31.540    10.709
 8     0.176     0.443     0.879
 8     0.966    -0.249    -0.067
 8     0.189     0.861    -0.472
 9   117.014    54.229     9.021
 9     0.518    -0.602     0.607
 9     0.855     0.375    -0.358
 9    -0.013     0.704     0.709
 2    96.696   -18.456    59.993
 2     0.159    -0.987    -0.004
 2     0.986     0.158     0.037
 2    -0.037    -0.010     0.999
 3   122.960    -2.049     2.896
 3     0.380     0.097    -0.920
 3    -0.243     0.970     0.002
 3     0.892     0.223     0.392
 4   105.169   -16.974    -6.959
 4     0.453     0.583     0.673
 4    -0.831     0.550     0.082
 4    -0.323    -0.597     0.735
 5   112.352   -30.423    11.897
 5     0.376     0.240     0.895
 5    -0.682    -0.582     0.443
 5     0.627    -0.777    -0.056
 6   126.698   -43.301    27.947
 6     0.499     0.851    -0.164
 6    -0.439     0.411     0.799
 6     0.747    -0.327     0.579
 7   107.099    13.325    -6.018
 7     0.547    -0.526     0.651
 7     0.826     0.464    -0.319
 7    -0.135     0.713     0.688
 8   107.464    31.773    10.188
 8     0.166     0.458     0.873
 8     0.972    -0.223    -0.068
 8     0.163     0.860    -0.483
 9   116.496    54.615     8.046
 9     0.505    -0.598     0.622
 9     0.862     0.382    -0.332
 9    -0.039     0.704     0.708
 2    96.696   -18.456    59.993
 2     0.159    -0.987    -0.004
 2     0.986     0.158     0.037
 2    -0.037    -0.010     0.999
 3   122.903    -2.002     2.811
 3     0.383     0.107    -0.917
 3    -0.246     0.969     0.010
 3     0.890     0.221     0.397
 4   105.023   -16.806    -7.002
 4     0.450     0.581     0.677
 4    -0.828     0.555     0.074
 4    -0.333    -0.595     0.731
 5   112.379   -30.481    11.680
 5     0.379     0.231     0.896
 5    -0.688    -0.577     0.440
 5     0.618    -0.783    -0.060
 6   126.748   -43.489    27.510
 6     0.504     0.852    -0.143
 6    -0.448     0.399     0.800
 6     0.738    -0.339     0.583
 7   106.947    13.265    -6.091
 7     0.543    -0.522     0.658
 7     0.827     0.469    -0.311
 7    -0.146     0.713     0.686
 8   107.370    31.913     9.820
 8     0.161     0.468     0.869
 8     0.976    -0.207    -0.069
 8     0.147     0.859    -0.490
 9   116.049    54.779     7.255
 9     0.496    -0.595     0.632
 9     0.866     0.387    -0.316
 9    -0.057     0.704     0.708
 2    96.646   -18.406    59.993
 2     0.159    -0.987    -0.004
 2     0.986     0.158     0.038
 2    -0.037    -0.010     0.999
 3   122.949    -2.004     2.744
 3     0.385     0.113    -0.916
 3    -0.247     0.969     0.016
 3     0.889     0.220     0.401
 4   105.004   -16.738    -7.076
 4     0.449     0.577     0.682
 4    -0.825     0.560     0.069
 4    -0.342    -0.594     0.728
 5   112.468   -30.566    11.376
 5     0.385     0.223     0.895
 5    -0.696    -0.566     0.441
 5     0.605    -0.793    -0.063
 6   126.936   -43.958    26.856
 6     0.512     0.850    -0.126
 6    -0.459     0.394     0.796
 6     0.726    -0.350     0.591
 7   106.851    13.156    -6.092
 7     0.540    -0.520     0.662
 7     0.827     0.472    -0.305
 7    -0.155     0.712     0.685
 8   107.282    31.978     9.548
 8     0.156     0.477     0.865
 8     0.978    -0.193    -0.070
 8     0.133     0.857    -0.497
 9   115.802    54.891     6.492
 9     0.489    -0.592     0.641
 9     0.869     0.394    -0.299
 9    -0.076     0.703     0.707
 2    96.646   -18.406    60.044
 2     0.159    -0.987    -0.004
 2     0.986     0.158     0.037
 2    -0.037    -0.010     0.999
 3   122.947    -2.059     2.704
 3     0.385     0.124    -0.914
 3    -0.250     0.968     0.026
 3     0.888     0.218     0.404
 4   104.925   -16.523    -7.157
 4     0.446     0.571     0.689
 4    -0.821     0.567     0.061
 4    -0.356    -0.593     0.722
 5   112.563   -30.864    10.872
 5     0.388     0.212     0.896
 5    -0.712    -0.549     0.438
 5     0.585    -0.808    -0.062
 6   127.163   -44.561    26.016
 6     0.519     0.849    -0.101
 6    -0.476     0.385     0.791
 6     0.710    -0.362     0.603
 7   106.863    13.074    -6.126
 7     0.539    -0.518     0.664
 7     0.827     0.475    -0.300
 7    -0.161     0.711     0.684
 8   107.240    32.070     9.250
 8     0.150     0.491     0.858
 8     0.981    -0.178    -0.070
 8     0.118     0.853    -0.509
 9   115.527    54.978     5.878
 9     0.480    -0.585     0.654
 9     0.872     0.399    -0.283
 9    -0.095     0.706     0.701
 2    96.646   -18.456    60.044
 2     0.159    -0.987    -0.004
 2     0.986     0.158     0.037
 2    -0.037    -0.010     0.999
 3   122.944    -2.063     2.764
 3     0.385     0.134    -0.913
 3    -0.253     0.967     0.035
 3     0.887     0.217     0.406
 4   104.881   -16.480    -7.229
 4     0.443     0.567     0.694
 4    -0.818     0.572     0.055
 4    -0.365    -0.593     0.718
 5   112.556   -31.077    10.610
 5     0.389     0.209     0.897
 5    -0.720    -0.537     0.438
 5     0.574    -0.817    -0.059
 6   127.212   -44.927    25.519
 6     0.521     0.849    -0.091
 6    -0.486     0.382     0.786
 6     0.702    -0.365     0.611
 7   106.773    12.968    -6.212
 7     0.536    -0.515     0.668
 7     0.827     0.478    -0.296
 7    -0.167     0.711     0.683
 8   107.181    32.189     9.072
 8     0.144     0.502     0.852
 8     0.984    -0.166    -0.069
 8     0.106     0.848    -0.518
 9   115.126    55.141     5.290
 9     0.469    -0.579     0.666
 9     0.875     0.402    -0.267
 9    -0.114     0.709     0.696
 2    96.646   -18.456    60.044
 2     0.159    -0.987    -0.004
 2     0.986     0.158     0.037
 2    -0.037    -0.010     0.999
 3   122.941    -2.167     2.621
 3     0.387     0.142    -0.911
 3    -0.256     0.966     0.042
 3     0.886     0.216     0.410
 4   104.872   -16.434    -7.237
 4     0.441     0.565     0.697
 4    -0.817     0.573     0.052
 4    -0.370    -0.593     0.715
 5   112.514   -31.237    10.457
 5     0.387     0.205     0.899
 5    -0.726    -0.533     0.435
 5     0.568    -0.821    -0.057
 6   127.133   -45.473    24.987
 6     0.523     0.849    -0.066
 6    -0.499     0.368     0.785
 6     0.691    -0.378     0.616
 7   106.761    12.938    -6.198
 7     0.535    -0.514     0.670
 7     0.827     0.480    -0.292
 7    -0.172     0.711     0.682
 8   107.160    32.185     8.906
 8     0.139     0.512     0.847
 8     0.985    -0.157    -0.067
 8     0.099     0.844    -0.526
 9   114.798    55.160     5.008
 9     0.461    -0.576     0.675
 9     0.879     0.402    -0.257
 9    -0.124     0.712     0.691
 2    96.646   -18.456    59.993
 2     0.159    -0.987    -0.004
 2     0.986     0.158     0.037
 2    -0.037    -0.010     0.999
 3   122.937    -2.196     2.630
 3     0.387     0.150    -0.910
 3    -0.258     0.965     0.049
 3     0.885     0.215     0.412
 4   104.811   -16.390    -7.322
 4     0.438     0.564     0.699
 4    -0.817     0.575     0.048
 4    -0.375    -0.592     0.713
 5   112.496   -31.269    10.307
 5     0.387     0.201     0.900
 5    -0.732    -0.527     0.432
 5     0.561    -0.826    -0.057
 6   127.098   -45.605    24.752
 6     0.523     0.850    -0.058
 6    -0.504     0.363     0.784
 6     0.687    -0.381     0.618
 7   106.806    12.936    -6.219
 7     0.535    -0.513     0.671
 7     0.827     0.481    -0.292
 7    -0.174     0.711     0.681
 8   107.157    32.184     8.858
 8     0.138     0.512     0.847
 8     0.985    -0.156    -0.066
 8     0.098     0.844    -0.526
 9   114.795    55.159     4.935
 9     0.460    -0.576     0.675
 9     0.879     0.402    -0.255
 9    -0.125     0.711     0.692
 2    96.646   -18.406    59.993
 2     0.159    -0.987    -0.004
 2     0.986     0.158     0.037
 2    -0.037    -0.010     0.999
 3   122.933    -2.199     2.613
 3     0.387     0.156    -0.909
 3    -0.260     0.964     0.055
 3     0.884     0.215     0.414
 4   104.749   -16.371    -7.352
 4     0.435     0.564     0.702
 4    -0.816     0.577     0.042
 4    -0.381    -0.591     0.711
 5   112.431   -31.377    10.103
 5     0.385     0.196     0.902
 5    -0.738    -0.522     0.428
 5     0.555    -0.830    -0.057
 6   127.031   -45.892    24.424
 6     0.523     0.851    -0.046
 6    -0.512     0.357     0.781
 6     0.681    -0.386     0.622
 7   106.704    12.936    -6.216
 7     0.534    -0.512     0.672
 7     0.827     0.481    -0.291
 7    -0.175     0.711     0.680
 8   107.102    32.183     8.812
 8     0.138     0.512     0.847
 8     0.986    -0.154    -0.067
 8     0.096     0.844    -0.527
 9   114.691    55.158     4.764
 9     0.458    -0.579     0.674
 9     0.879     0.404    -0.252
 9    -0.127     0.708     0.694
 2    96.646   -18.406    60.044
 2     0.159    -0.987    -0.004
 2     0.986     0.158     0.037
 2    -0.037    -0.010     0.999
 3   122.879    -2.175     2.620
 3     0.388     0.159    -0.907
 3    -0.261     0.963     0.057
 3     0.883     0.215     0.416
 4   104.744   -16.271    -7.371
 4     0.434     0.563     0.703
 4    -0.815     0.578     0.040
 4    -0.383    -0.590     0.710
 5   112.372   -31.382     9.962
 5     0.383     0.195     0.902
 5    -0.741    -0.519     0.427
 5     0.552    -0.832    -0.054
 6   126.975   -45.972    24.255
 6     0.522     0.851    -0.042
 6    -0.515     0.355     0.780
 6     0.679    -0.386     0.624
 7   106.639    12.880    -6.251
 7     0.531    -0.511     0.676
 7     0.828     0.483    -0.285
 7    -0.181     0.711     0.679
 8   106.924    32.416     8.210
 8     0.133     0.511     0.849
 8     0.988    -0.134    -0.075
 8     0.075     0.849    -0.524
 9   114.389    55.428     3.857
 9     0.450    -0.587     0.672
 9     0.882     0.409    -0.234
 9    -0.138     0.698     0.702
 2    96.648   -18.405    59.990
 2     0.159    -0.987    -0.004
 2     0.986     0.158     0.037
 2    -0.036    -0.010     0.999
 3   122.931    -2.125     2.623
 3     0.389     0.165    -0.906
 3    -0.262     0.963     0.063
 3     0.883     0.213     0.418
 4   104.685   -16.224    -7.460
 4     0.434     0.562     0.704
 4    -0.813     0.581     0.038
 4    -0.387    -0.589     0.709
 5   112.301   -31.492     9.735
 5     0.381     0.196     0.903
 5    -0.747    -0.511     0.426
 5     0.545    -0.837    -0.048
 6   126.833   -46.286    23.921
 6     0.520     0.853    -0.037
 6    -0.524     0.353     0.775
 6     0.674    -0.384     0.631
 7   106.583    12.768    -6.342
 7     0.526    -0.508     0.682
 7     0.828     0.489    -0.275
 7    -0.194     0.709     0.678
 8   106.688    32.671     7.391
 8     0.129     0.508     0.851
 8     0.990    -0.109    -0.085
 8     0.050     0.854    -0.518
 9   113.930    55.696     2.680
 9     0.441    -0.597     0.670
 9     0.884     0.415    -0.212
 9    -0.152     0.686     0.711
 2    96.646   -18.405    59.993
 2     0.158    -0.987    -0.004
 2     0.986     0.158     0.037
 2    -0.037    -0.010     0.999
 3   122.923    -2.128     2.537
 3     0.392     0.173    -0.903
 3    -0.263     0.962     0.070
 3     0.881     0.210     0.423
 4   104.678   -16.203    -7.501
 4     0.432     0.563     0.704
 4    -0.813     0.581     0.035
 4    -0.390    -0.588     0.709
 5   112.222   -31.496     9.639
 5     0.377     0.197     0.905
 5    -0.749    -0.509     0.423
 5     0.544    -0.838    -0.044
 6   126.607   -46.520    23.821
 6     0.512     0.858    -0.034
 6    -0.532     0.348     0.772
 6     0.674    -0.378     0.634
 7   106.451    12.628    -6.480
 7     0.522    -0.506     0.686
 7     0.827     0.496    -0.263
 7    -0.208     0.705     0.678
 8   106.541    32.881     6.884
 8     0.125     0.508     0.852
