% Calibrated with leiden_pols
% Positions are in centimeters
Data =[
 2    96.698   -18.455    60.041
 2     0.159    -0.987    -0.004
 2     0.986     0.158     0.037
 2    -0.036    -0.010     0.999
 3   126.820    -1.398     3.605
 3     0.302     0.029    -0.953
 3    -0.207     0.978    -0.035
 3     0.931     0.207     0.301
 4   111.918   -18.121    -6.727
 4     0.562     0.681     0.469
 4    -0.823     0.513     0.244
 4    -0.075    -0.523     0.849
 5   112.427   -25.851    15.193
 5     0.157     0.544     0.824
 5    -0.424    -0.716     0.554
 5     0.892    -0.436     0.118
 6   120.301   -32.039    38.934
 6     0.177     0.901    -0.396
 6    -0.156     0.423     0.893
 6     0.972    -0.097     0.215
 7   114.209    15.907    -5.622
 7     0.553    -0.710     0.435
 7     0.816     0.357    -0.454
 7     0.167     0.606     0.777
 8   109.144    24.666    16.471
 8     0.042    -0.618     0.785
 8     0.410    -0.705    -0.578
 8     0.911     0.346     0.223
 9   119.941    30.182    38.803
 9     0.418    -0.881    -0.221
 9     0.094     0.284    -0.954
 9     0.903     0.378     0.201
 2    96.648   -18.456    59.990
 2     0.159    -0.987    -0.004
 2     0.986     0.159     0.037
 2    -0.036    -0.010     0.999
 3   126.777    -1.448     3.698
 3     0.297     0.030    -0.954
 3    -0.205     0.978    -0.033
 3     0.932     0.205     0.297
 4   111.923   -18.145    -6.682
 4     0.562     0.682     0.468
 4    -0.824     0.511     0.244
 4    -0.073    -0.523     0.849
 5   112.248   -26.086    15.050
 5     0.150     0.567     0.809
 5    -0.421    -0.704     0.571
 5     0.894    -0.427     0.133
 6   119.833   -31.940    38.826
 6     0.164     0.876    -0.453
 6    -0.151     0.475     0.866
 6     0.975    -0.074     0.210
 7   114.267    15.807    -5.626
 7     0.554    -0.713     0.430
 7     0.815     0.359    -0.455
 7     0.169     0.602     0.780
 8   108.872    24.842    16.148
 8     0.024    -0.643     0.765
 8     0.411    -0.691    -0.594
 8     0.911     0.328     0.248
 9   119.363    30.299    38.756
 9     0.394    -0.885    -0.246
 9     0.087     0.303    -0.949
 9     0.914     0.353     0.197
 2    96.698   -18.455    60.041
 2     0.159    -0.987    -0.004
 2     0.986     0.159     0.037
 2    -0.036    -0.010     0.999
 3   126.714    -1.445     3.755
 3     0.292     0.027    -0.956
 3    -0.203     0.978    -0.034
 3     0.934     0.204     0.291
 4   112.182   -18.186    -6.756
 4     0.572     0.678     0.461
 4    -0.817     0.517     0.254
 4    -0.067    -0.522     0.850
 5   112.425   -26.164    14.898
 5     0.146     0.591     0.793
 5    -0.418    -0.690     0.591
 5     0.897    -0.418     0.146
 6   120.005   -31.892    38.885
 6     0.153     0.847    -0.508
 6    -0.147     0.528     0.836
 6     0.977    -0.054     0.205
 7   114.372    15.783    -5.681
 7     0.553    -0.715     0.428
 7     0.815     0.359    -0.454
 7     0.171     0.599     0.781
 8   108.556    25.094    15.908
 8     0.005    -0.657     0.754
 8     0.416    -0.684    -0.599
 8     0.909     0.317     0.270
 9   118.673    30.572    38.669
 9     0.373    -0.891    -0.260
 9     0.089     0.313    -0.945
 9     0.923     0.329     0.196
 2    96.648   -18.456    59.990
 2     0.159    -0.987    -0.004
 2     0.986     0.159     0.037
 2    -0.036    -0.010     0.999
 3   126.727    -1.440     3.864
 3     0.288     0.021    -0.957
 3    -0.200     0.979    -0.039
 3     0.936     0.202     0.286
 4   112.283   -18.184    -6.786
 4     0.574     0.677     0.459
 4    -0.816     0.519     0.255
 4    -0.066    -0.521     0.851
 5   112.452   -26.214    14.915
 5     0.145     0.597     0.788
 5    -0.416    -0.686     0.597
 5     0.898    -0.414     0.149
 6   120.056   -32.008    38.721
 6     0.148     0.822    -0.550
 6    -0.153     0.568     0.808
 6     0.977    -0.036     0.210
 7   114.397    15.734    -5.730
 7     0.550    -0.718     0.426
 7     0.817     0.358    -0.452
 7     0.171     0.596     0.784
 8   108.456    25.197    15.685
 8    -0.015    -0.675     0.738
 8     0.416    -0.675    -0.609
 8     0.909     0.298     0.291
 9   118.215    30.564    38.502
 9     0.351    -0.894    -0.279
 9     0.087     0.328    -0.941
 9     0.932     0.305     0.193
 2    96.648   -18.456    59.990
 2     0.159    -0.987    -0.004
 2     0.986     0.158     0.037
 2    -0.036    -0.010     0.999
 3   126.758    -1.437     3.854
 3     0.286     0.019    -0.958
 3    -0.198     0.979    -0.040
 3     0.937     0.201     0.284
 4   112.362   -18.232    -6.768
 4     0.576     0.678     0.457
 4    -0.815     0.519     0.256
 4    -0.064    -0.520     0.852
 5   112.499   -26.524    14.814
 5     0.138     0.629     0.765
 5    -0.411    -0.666     0.622
 5     0.901    -0.400     0.166
 6   119.886   -31.741    38.813
 6     0.125     0.767    -0.629
 6    -0.147     0.642     0.752
 6     0.981    -0.002     0.193
 7   114.453    15.685    -5.735
 7     0.549    -0.721     0.423
 7     0.818     0.359    -0.450
 7     0.173     0.593     0.786
 8   108.459    25.448    15.437
 8    -0.030    -0.702     0.711
 8     0.415    -0.656    -0.630
 8     0.909     0.276     0.311
 9   117.788    30.613    38.539
 9     0.319    -0.892    -0.319
 9     0.083     0.361    -0.929
 9     0.944     0.270     0.189
 2    96.698   -18.455    60.041
 2     0.159    -0.987    -0.004
 2     0.986     0.159     0.037
 2    -0.036    -0.010     0.999
 3   126.816    -1.435     3.845
 3     0.285     0.017    -0.958
 3    -0.197     0.979    -0.041
 3     0.938     0.200     0.283
 4   112.598   -18.302    -6.686
 4     0.578     0.679     0.451
 4    -0.814     0.520     0.260
 4    -0.058    -0.518     0.853
 5   112.413   -26.643    14.719
 5     0.124     0.634     0.763
 5    -0.416    -0.665     0.620
 5     0.901    -0.394     0.181
 6   119.325   -32.131    38.845
 6     0.108     0.760    -0.640
 6    -0.156     0.649     0.744
 6     0.982     0.019     0.189
 7   114.557    15.635    -5.786
 7     0.549    -0.723     0.419
 7     0.817     0.360    -0.450
 7     0.174     0.589     0.789
 8   108.613    25.624    15.156
 8    -0.041    -0.724     0.688
 8     0.415    -0.639    -0.648
 8     0.909     0.259     0.327
 9   117.520    30.735    38.470
 9     0.290    -0.890    -0.352
 9     0.082     0.389    -0.917
 9     0.953     0.237     0.186
 2    96.648   -18.456    60.041
 2     0.159    -0.987    -0.004
 2     0.986     0.159     0.037
 2    -0.036    -0.010     0.999
 3   126.866    -1.537     3.896
 3     0.283     0.017    -0.959
 3    -0.196     0.980    -0.041
 3     0.938     0.199     0.281
 4   112.649   -18.302    -6.791
 4     0.578     0.681     0.449
 4    -0.814     0.520     0.259
 4    -0.057    -0.516     0.855
 5   112.391   -26.786    14.483
 5     0.115     0.645     0.756
 5    -0.423    -0.657     0.624
 5     0.899    -0.391     0.197
 6   119.098   -32.454    38.594
 6     0.093     0.725    -0.682
 6    -0.170     0.686     0.707
 6     0.981     0.050     0.187
 7   114.738    15.611    -5.791
 7     0.551    -0.723     0.416
 7     0.816     0.362    -0.452
 7     0.176     0.588     0.789
 8   108.647    25.802    15.004
 8    -0.057    -0.749     0.660
 8     0.410    -0.621    -0.668
 8     0.910     0.233     0.343
 9   117.109    30.705    38.361
 9     0.263    -0.885    -0.383
 9     0.076     0.415    -0.906
 9     0.962     0.209     0.177
 2    96.646   -18.456    59.993
 2     0.159    -0.987    -0.004
 2     0.986     0.159     0.037
 2    -0.037    -0.010     0.999
 3   126.922    -1.561     3.887
 3     0.280     0.016    -0.960
 3    -0.196     0.979    -0.040
 3     0.939     0.199     0.278
 4   112.825   -18.351    -6.824
 4     0.578     0.684     0.444
 4    -0.814     0.521     0.258
 4    -0.055    -0.511     0.858
 5   112.364   -27.158    14.372
 5     0.105     0.662     0.742
 5    -0.428    -0.643     0.635
 5     0.897    -0.384     0.216
