% Calibrated with leiden_pols
% Positions are in centimeters
Data =[
 2    96.698   -18.455    60.041
 2     0.159    -0.987    -0.004
 2     0.986     0.158     0.037
 2    -0.036    -0.010     0.999
 3   126.820    -1.398     3.605
 3     0.302     0.029    -0.953
 3    -0.207     0.978    -0.035
 3     0.931     0.207     0.301
 4   111.918   -18.121    -6.727
 4     0.562     0.681     0.469
 4    -0.823     0.513     0.244
 4    -0.075    -0.523     0.849
 5   112.427   -25.851    15.193
 5     0.157     0.544     0.824
 5    -0.424    -0.716     0.554
 5     0.892    -0.436     0.118
 6   120.301   -32.039    38.934
 6     0.177     0.901    -0.396
 6    -0.156     0.423     0.893
 6     0.972    -0.097     0.215
 7   114.209    15.907    -5.622
 7     0.553    -0.710     0.435
 7     0.816     0.357    -0.454
 7     0.167     0.606     0.777
 8   109.144    24.666    16.471
 8     0.042    -0.618     0.785
 8     0.410    -0.705    -0.578
 8     0.911     0.346     0.223
 9   119.941    30.182    38.803
 9     0.418    -0.881    -0.221
 9     0.094     0.284    -0.954
 9     0.903     0.378     0.201
 2    96.648   -18.456    59.990
 2     0.159    -0.987    -0.004
 2     0.986     0.159     0.037
 2    -0.036    -0.010     0.999
 3   126.777    -1.448     3.698
 3     0.297     0.030    -0.954
 3    -0.205     0.978    -0.033
 3     0.932     0.205     0.297
 4   111.923   -18.145    -6.682
 4     0.562     0.682     0.468
 4    -0.824     0.511     0.244
 4    -0.073    -0.523     0.849
 5   112.248   -26.086    15.050
 5     0.150     0.567     0.809
 5    -0.421    -0.704     0.571
 5     0.894    -0.427     0.133
 6   119.833   -31.940    38.826
 6     0.164     0.876    -0.453
 6    -0.151     0.475     0.866
 6     0.975    -0.074     0.210
 7   114.267    15.807    -5.626
 7     0.554    -0.713     0.430
 7     0.815     0.359    -0.455
 7     0.169     0.602     0.780
 8   108.872    24.842    16.148
 8     0.024    -0.643     0.765
 8     0.411    -0.691    -0.594
 8     0.911     0.328     0.248
 9   119.363    30.299    38.756
 9     0.394    -0.885    -0.246
 9     0.087     0.303    -0.949
 9     0.914     0.353     0.197
 2    96.698   -18.455    60.041
 2     0.159    -0.987    -0.004
 2     0.986     0.159     0.037
 2    -0.036    -0.010     0.999
 3   126.714    -1.445     3.755
 3     0.292     0.027    -0.956
 3    -0.203     0.978    -0.034
 3     0.934     0.204     0.291
 4   112.182   -18.186    -6.756
 4     0.572     0.678     0.461
 4    -0.817     0.517     0.254
 4    -0.067    -0.522     0.850
 5   112.425   -26.164    14.898
 5     0.146     0.591     0.793
 5    -0.418    -0.690     0.591
 5     0.897    -0.418     0.146
 6   120.005   -31.892    38.885
 6     0.153     0.847    -0.508
 6    -0.147     0.528     0.836
 6     0.977    -0.054     0.205
 7   114.372    15.783    -5.681
 7     0.553    -0.715     0.428
 7     0.815     0.359    -0.454
 7     0.171     0.599     0.781
 8   108.556    25.094    15.908
 8     0.005    -0.657     0.754
 8     0.416    -0.684    -0.599
 8     0.909     0.317     0.270
 9   118.673    30.572    38.669
 9     0.373    -0.891    -0.260
 9     0.089     0.313    -0.945
 9     0.923     0.329     0.196
 2    96.648   -18.456    59.990
 2     0.159    -0.987    -0.004
 2     0.986     0.159     0.037
 2    -0.036    -0.010     0.999
 3   126.727    -1.440     3.864
 3     0.288     0.021    -0.957
 3    -0.200     0.979    -0.039
 3     0.936     0.202     0.286
 4   112.283   -18.184    -6.786
 4     0.574     0.677     0.459
 4    -0.816     0.519     0.255
 4    -0.066    -0.521     0.851
 5   112.452   -26.214    14.915
 5     0.145     0.597     0.788
 5    -0.416    -0.686     0.597
 5     0.898    -0.414     0.149
 6   120.056   -32.008    38.721
 6     0.148     0.822    -0.550
 6    -0.153     0.568     0.808
 6     0.977    -0.036     0.210
 7   114.397    15.734    -5.730
 7     0.550    -0.718     0.426
 7     0.817     0.358    -0.452
 7     0.171     0.596     0.784
 8   108.456    25.197    15.685
 8    -0.015    -0.675     0.738
 8     0.416    -0.675    -0.609
 8     0.909     0.298     0.291
 9   118.215    30.564    38.502
 9     0.351    -0.894    -0.279
 9     0.087     0.328    -0.941
 9     0.932     0.305     0.193
 2    96.648   -18.456    59.990
 2     0.159    -0.987    -0.004
 2     0.986     0.158     0.037
 2    -0.036    -0.010     0.999
 3   126.758    -1.437     3.854
 3     0.286     0.019    -0.958
 3    -0.198     0.979    -0.040
 3     0.937     0.201     0.284
 4   112.362   -18.232    -6.768
 4     0.576     0.678     0.457
 4    -0.815     0.519     0.256
 4    -0.064    -0.520     0.852
 5   112.499   -26.524    14.814
 5     0.138     0.629     0.765
 5    -0.411    -0.666     0.622
 5     0.901    -0.400     0.166
 6   119.886   -31.741    38.813
 6     0.125     0.767    -0.629
 6    -0.147     0.642     0.752
 6     0.981    -0.002     0.193
 7   114.453    15.685    -5.735
 7     0.549    -0.721     0.423
 7     0.818     0.359    -0.450
 7     0.173     0.593     0.786
 8   108.459    25.448    15.437
 8    -0.030    -0.702     0.711
 8     0.415    -0.656    -0.630
 8     0.909     0.276     0.311
 9   117.788    30.613    38.539
 9     0.319    -0.892    -0.319
 9     0.083     0.361    -0.929
 9     0.944     0.270     0.189
 2    96.698   -18.455    60.041
 2     0.159    -0.987    -0.004
 2     0.986     0.159     0.037
 2    -0.036    -0.010     0.999
 3   126.816    -1.435     3.845
 3     0.285     0.017    -0.958
 3    -0.197     0.979    -0.041
 3     0.938     0.200     0.283
 4   112.598   -18.302    -6.686
 4     0.578     0.679     0.451
 4    -0.814     0.520     0.260
 4    -0.058    -0.518     0.853
 5   112.413   -26.643    14.719
 5     0.124     0.634     0.763
 5    -0.416    -0.665     0.620
 5     0.901    -0.394     0.181
 6   119.325   -32.131    38.845
 6     0.108     0.760    -0.640
 6    -0.156     0.649     0.744
 6     0.982     0.019     0.189
 7   114.557    15.635    -5.786
 7     0.549    -0.723     0.419
 7     0.817     0.360    -0.450
 7     0.174     0.589     0.789
 8   108.613    25.624    15.156
 8    -0.041    -0.724     0.688
 8     0.415    -0.639    -0.648
 8     0.909     0.259     0.327
 9   117.520    30.735    38.470
 9     0.290    -0.890    -0.352
 9     0.082     0.389    -0.917
 9     0.953     0.237     0.186
 2    96.648   -18.456    60.041
 2     0.159    -0.987    -0.004
 2     0.986     0.159     0.037
 2    -0.036    -0.010     0.999
 3   126.866    -1.537     3.896
 3     0.283     0.017    -0.959
 3    -0.196     0.980    -0.041
 3     0.938     0.199     0.281
 4   112.649   -18.302    -6.791
 4     0.578     0.681     0.449
 4    -0.814     0.520     0.259
 4    -0.057    -0.516     0.855
 5   112.391   -26.786    14.483
 5     0.115     0.645     0.756
 5    -0.423    -0.657     0.624
 5     0.899    -0.391     0.197
 6   119.098   -32.454    38.594
 6     0.093     0.725    -0.682
 6    -0.170     0.686     0.707
 6     0.981     0.050     0.187
 7   114.738    15.611    -5.791
 7     0.551    -0.723     0.416
 7     0.816     0.362    -0.452
 7     0.176     0.588     0.789
 8   108.647    25.802    15.004
 8    -0.057    -0.749     0.660
 8     0.410    -0.621    -0.668
 8     0.910     0.233     0.343
 9   117.109    30.705    38.361
 9     0.263    -0.885    -0.383
 9     0.076     0.415    -0.906
 9     0.962     0.209     0.177
 2    96.646   -18.456    59.993
 2     0.159    -0.987    -0.004
 2     0.986     0.159     0.037
 2    -0.037    -0.010     0.999
 3   126.922    -1.561     3.887
 3     0.280     0.016    -0.960
 3    -0.196     0.979    -0.040
 3     0.939     0.199     0.278
 4   112.825   -18.351    -6.824
 4     0.578     0.684     0.444
 4    -0.814     0.521     0.258
 4    -0.055    -0.511     0.858
 5   112.364   -27.158    14.372
 5     0.105     0.662     0.742
 5    -0.428    -0.643     0.635
 5     0.897    -0.384     0.216
 6   118.641   -32.920    38.628
 6     0.069     0.697    -0.714
 6    -0.185     0.712     0.677
 6     0.980     0.085     0.178
 7   114.920    15.562    -5.820
 7     0.551    -0.726     0.411
 7     0.815     0.363    -0.451
 7     0.178     0.584     0.792
 8   108.531    25.979    14.704
 8    -0.077    -0.776     0.626
 8     0.405    -0.598    -0.691
 8     0.911     0.201     0.360
 9   116.445    30.604    38.278
 9     0.224    -0.879    -0.421
 9     0.067     0.445    -0.893
 9     0.972     0.172     0.158
 2    96.648   -18.405    60.041
 2     0.159    -0.987    -0.004
 2     0.986     0.159     0.037
 2    -0.036    -0.010     0.999
 3   127.010    -1.559     3.969
 3     0.276     0.016    -0.961
 3    -0.196     0.980    -0.040
 3     0.941     0.199     0.273
 4   113.079   -18.347    -6.891
 4     0.581     0.687     0.437
 4    -0.812     0.523     0.258
 4    -0.051    -0.505     0.862
 5   112.205   -27.300    14.174
 5     0.092     0.667     0.739
 5    -0.431    -0.643     0.633
 5     0.897    -0.377     0.228
 6   118.223   -33.128    38.321
 6     0.056     0.687    -0.724
 6    -0.191     0.719     0.668
 6     0.980     0.100     0.172
 7   115.000    15.564    -5.977
 7     0.551    -0.728     0.407
 7     0.814     0.364    -0.452
 7     0.180     0.581     0.793
 8   108.394    26.330    14.378
 8    -0.101    -0.799     0.593
 8     0.403    -0.578    -0.709
 8     0.909     0.167     0.380
 9   115.640    30.760    37.990
 9     0.184    -0.868    -0.460
 9     0.060     0.477    -0.876
 9     0.981     0.133     0.140
 2    96.646   -18.406    60.044
 2     0.159    -0.987    -0.004
 2     0.986     0.158     0.037
 2    -0.037    -0.010     0.999
 3   127.117    -1.533     3.986
 3     0.272     0.017    -0.962
 3    -0.195     0.980    -0.038
 3     0.942     0.198     0.270
 4   113.240   -18.292    -6.859
 4     0.581     0.691     0.429
 4    -0.812     0.522     0.259
 4    -0.045    -0.500     0.865
 5   112.031   -27.288    14.140
 5     0.078     0.674     0.734
 5    -0.431    -0.641     0.635
 5     0.899    -0.367     0.240
 6   117.633   -32.966    38.467
 6     0.045     0.655    -0.754
 6    -0.186     0.747     0.638
 6     0.981     0.112     0.155
 7   115.188    15.620    -5.988
 7     0.547    -0.734     0.402
 7     0.816     0.362    -0.450
 7     0.185     0.575     0.797
 8   107.997    26.309    14.178
 8    -0.126    -0.812     0.570
 8     0.396    -0.568    -0.722
 8     0.910     0.135     0.392
 9   114.599    30.611    37.973
 9     0.148    -0.866    -0.477
 9     0.051     0.488    -0.871
 9     0.988     0.104     0.116
 2    96.646   -18.406    60.044
 2     0.159    -0.987    -0.004
 2     0.986     0.158     0.037
 2    -0.037    -0.010     0.999
 3   127.174    -1.532     3.977
 3     0.270     0.017    -0.963
 3    -0.195     0.980    -0.038
 3     0.943     0.198     0.268
 4   113.372   -18.338    -6.979
 4     0.583     0.693     0.422
 4    -0.811     0.523     0.261
 4    -0.040    -0.495     0.868
 5   111.708   -27.438    13.882
 5     0.062     0.677     0.733
 5    -0.438    -0.642     0.629
 5     0.897    -0.360     0.257
 6   116.844   -33.408    38.349
 6     0.031     0.631    -0.775
 6    -0.195     0.765     0.614
 6     0.980     0.131     0.146
 7   115.301    15.626    -5.948
 7     0.543    -0.741     0.395
 7     0.818     0.360    -0.449
 7     0.190     0.567     0.801
 8   107.722    26.486    13.919
 8    -0.152    -0.831     0.534
 8     0.384    -0.548    -0.743
 8     0.910     0.092     0.403
 9   113.728    30.194    37.725
 9     0.107    -0.850    -0.515
 9     0.030     0.520    -0.853
 9     0.994     0.076     0.081
 2    96.646   -18.406    59.993
 2     0.159    -0.987    -0.004
 2     0.986     0.158     0.037
 2    -0.037    -0.010     0.999
 3   127.199    -1.534     4.028
 3     0.268     0.017    -0.963
 3    -0.196     0.980    -0.037
 3     0.943     0.198     0.266
 4   113.602   -18.284    -6.997
 4     0.584     0.700     0.411
 4    -0.811     0.525     0.259
 4    -0.035    -0.485     0.874
 5   111.406   -27.646    13.678
 5     0.039     0.686     0.727
 5    -0.445    -0.639     0.627
 5     0.895    -0.348     0.280
 6   116.169   -33.618    38.242
 6     0.016     0.613    -0.790
 6    -0.196     0.777     0.598
 6     0.980     0.145     0.133
 7   115.450    15.659    -5.919
 7     0.539    -0.749     0.385
 7     0.818     0.358    -0.450
 7     0.199     0.558     0.805
 8   107.598    26.662    13.735
 8    -0.176    -0.852     0.493
 8     0.374    -0.521    -0.767
 8     0.910     0.049     0.411
 9   112.887    29.693    37.679
 9     0.063    -0.831    -0.552
 9     0.012     0.554    -0.832
 9     0.998     0.045     0.045
 2    96.648   -18.456    59.990
 2     0.159    -0.987    -0.004
 2     0.986     0.159     0.037
 2    -0.036    -0.010     0.999
 3   127.261    -1.536     4.135
 3     0.260     0.017    -0.965
 3    -0.198     0.979    -0.036
 3     0.945     0.200     0.258
 4   113.834   -18.254    -7.019
 4     0.585     0.705     0.400
 4    -0.810     0.526     0.258
 4    -0.029    -0.475     0.880
 5   111.302   -27.672    13.504
 5     0.021     0.693     0.720
 5    -0.451    -0.636     0.626
 5     0.892    -0.339     0.299
 6   115.558   -33.912    38.004
 6    -0.001     0.606    -0.795
 6    -0.201     0.779     0.594
 6     0.979     0.160     0.121
 7   115.774    15.718    -5.940
 7     0.538    -0.756     0.373
 7     0.817     0.358    -0.452
 7     0.208     0.548     0.810
 8   107.594    26.686    13.554
 8    -0.198    -0.868     0.456
 8     0.365    -0.497    -0.787
 8     0.909     0.010     0.415
 9   112.183    29.472    37.579
 9     0.029    -0.822    -0.569
 9    -0.001     0.569    -0.822
 9     0.999     0.024     0.016
 2    96.648   -18.405    59.990
 2     0.159    -0.987    -0.004
 2     0.986     0.158     0.037
 2    -0.036    -0.010     0.999
 3   127.447    -1.541     4.267
 3     0.250     0.016    -0.968
 3    -0.201     0.979    -0.035
 3     0.947     0.203     0.248
 4   114.194   -18.198    -7.094
 4     0.586     0.710     0.388
 4    -0.810     0.527     0.257
 4    -0.022    -0.466     0.885
 5   111.232   -27.742    13.339
 5     0.006     0.703     0.711
 5    -0.453    -0.632     0.629
 5     0.891    -0.326     0.315
 6   115.082   -33.997    37.950
 6    -0.017     0.590    -0.807
 6    -0.201     0.788     0.581
 6     0.979     0.172     0.105
 7   116.021    15.776    -5.907
 7     0.535    -0.763     0.362
 7     0.817     0.358    -0.453
 7     0.216     0.537     0.815
 8   107.450    26.559    13.536
 8    -0.216    -0.865     0.452
 8     0.361    -0.501    -0.786
 8     0.907    -0.006     0.421
 9   111.743    29.575    37.413
 9     0.010    -0.828    -0.560
 9     0.003     0.560    -0.828
 9     1.000     0.006     0.008
 2    96.646   -18.406    60.044
 2     0.159    -0.987    -0.004
 2     0.986     0.158     0.037
 2    -0.037    -0.010     0.999
 3   127.511    -1.489     4.374
 3     0.244     0.016    -0.970
 3    -0.200     0.979    -0.034
 3     0.949     0.202     0.242
 4   114.386   -18.268    -7.071
 4     0.584     0.717     0.380
 4    -0.811     0.524     0.259
 4    -0.013    -0.460     0.888
 5   111.005   -28.064    13.151
 5    -0.012     0.733     0.679
 5    -0.444    -0.613     0.654
 5     0.896    -0.294     0.332
 6   114.131   -33.707    38.168
 6    -0.049     0.540    -0.840
 6    -0.183     0.822     0.539
 6     0.982     0.180     0.058
 7   116.123    15.726    -5.955
 7     0.534    -0.766     0.358
 7     0.817     0.359    -0.450
 7     0.216     0.533     0.818
 8   107.298    26.478    13.394
 8    -0.227    -0.862     0.453
 8     0.363    -0.507    -0.782
 8     0.903    -0.013     0.428
 9   111.198    29.979    37.684
 9    -0.001    -0.840    -0.542
 9     0.009     0.542    -0.840
 9     1.000    -0.006     0.007
 2    96.646   -18.406    60.044
 2     0.159    -0.987    -0.004
 2     0.986     0.158     0.037
 2    -0.037    -0.010     0.999
 3   127.512    -1.541     4.325
 3     0.242     0.020    -0.970
 3    -0.200     0.979    -0.029
 3     0.949     0.201     0.241
 4   114.351   -18.313    -7.045
 4     0.583     0.721     0.373
 4    -0.812     0.521     0.262
 4    -0.005    -0.456     0.890
 5   110.698   -28.027    13.249
 5    -0.024     0.743     0.669
 5    -0.440    -0.609     0.660
 5     0.897    -0.279     0.341
 6   113.580   -33.730    38.134
 6    -0.057     0.533    -0.844
 6    -0.182     0.826     0.533
 6     0.981     0.184     0.050
 7   116.126    15.727    -5.957
 7     0.534    -0.767     0.355
 7     0.817     0.360    -0.449
 7     0.217     0.530     0.820
 8   107.102    26.500    13.341
 8    -0.235    -0.859     0.454
 8     0.366    -0.511    -0.778
 8     0.900    -0.016     0.434
 9   110.743    30.241    37.570
 9    -0.011    -0.844    -0.536
 9     0.023     0.536    -0.844
 9     1.000    -0.022     0.014
 2    96.698   -18.455    60.041
 2     0.159    -0.987    -0.004
 2     0.986     0.158     0.037
 2    -0.036    -0.010     0.999
 3   127.472    -1.667     4.418
 3     0.240     0.027    -0.970
 3    -0.200     0.979    -0.022
 3     0.950     0.199     0.240
 4   114.303   -18.313    -7.047
 4     0.582     0.722     0.373
 4    -0.813     0.520     0.263
 4    -0.004    -0.456     0.890
 5   110.697   -28.028    13.249
 5    -0.024     0.744     0.667
 5    -0.441    -0.607     0.661
 5     0.897    -0.279     0.342
 6   113.634   -33.798    38.081
 6    -0.054     0.532    -0.845
 6    -0.184     0.826     0.532
 6     0.981     0.184     0.053
 7   116.077    15.676    -5.956
 7     0.534    -0.768     0.353
 7     0.816     0.362    -0.449
 7     0.217     0.528     0.820
 8   107.040    26.471    13.217
 8    -0.245    -0.862     0.443
 8     0.364    -0.505    -0.782
 8     0.898    -0.031     0.438
 9   110.035    30.287    37.854
 9    -0.046    -0.816    -0.577
 9     0.032     0.576    -0.817
 9     0.998    -0.056     0.000
 2    96.698   -18.405    60.041
 2     0.159    -0.987    -0.004
 2     0.986     0.158     0.037
 2    -0.036    -0.010     0.999
 3   127.397    -1.667     4.367
 3     0.241     0.027    -0.970
 3    -0.200     0.979    -0.022
 3     0.950     0.199     0.241
 4   114.306   -18.312    -6.999
 4     0.583     0.722     0.372
 4    -0.813     0.520     0.264
 4    -0.003    -0.457     0.890
 5   110.823   -28.074    13.237
 5    -0.020     0.753     0.658
 5    -0.438    -0.598     0.671
 5     0.898    -0.275     0.342
 6   113.771   -33.768    38.165
 6    -0.053     0.528    -0.848
 6    -0.181     0.829     0.528
 6     0.982     0.181     0.052
 7   116.032    15.678    -5.961
 7     0.531    -0.771     0.351
 7     0.818     0.360    -0.449
 7     0.219     0.526     0.822
 8   106.922    26.492    13.128
 8    -0.260    -0.866     0.426
 8     0.363    -0.497    -0.788
 8     0.895    -0.051     0.443
 9   109.151    30.582    37.753
 9    -0.076    -0.811    -0.580
 9     0.041     0.579    -0.814
 9     0.996    -0.086    -0.011
 2    96.648   -18.405    59.990
 2     0.159    -0.987    -0.004
 2     0.986     0.158     0.037
 2    -0.036    -0.010     0.999
 3   127.347    -1.566     4.494
 3     0.240     0.026    -0.970
 3    -0.200     0.979    -0.023
 3     0.950     0.199     0.240
 4   114.361   -18.359    -7.010
 4     0.585     0.722     0.369
 4    -0.811     0.521     0.266
 4    -0.000    -0.455     0.891
 5   110.645   -28.084    13.191
 5    -0.029     0.750     0.660
 5    -0.439    -0.603     0.666
 5     0.898    -0.271     0.347
 6   113.382   -33.742    38.195
 6    -0.062     0.534    -0.843
 6    -0.176     0.825     0.536
 6     0.982     0.181     0.042
 7   116.093    15.682    -5.970
 7     0.529    -0.775     0.346
 7     0.818     0.359    -0.448
 7     0.223     0.520     0.824
 8   106.947    26.635    13.008
 8    -0.276    -0.876     0.395
 8     0.361    -0.476    -0.802
 8     0.890    -0.079     0.448
 9   108.434    30.571    37.835
 9    -0.112    -0.784    -0.610
 9     0.040     0.610    -0.792
 9     0.993    -0.113    -0.037
 2    96.646   -18.406    59.993
 2     0.159    -0.987    -0.004
 2     0.986     0.158     0.037
 2    -0.037    -0.010     0.999
 3   127.397    -1.668     4.494
 3     0.239     0.028    -0.971
 3    -0.200     0.979    -0.021
 3     0.950     0.199     0.239
 4   114.363   -18.309    -6.987
 4     0.583     0.724     0.367
 4    -0.812     0.520     0.265
 4     0.001    -0.453     0.891
 5   110.457   -28.094    13.134
 5    -0.036     0.748     0.663
 5    -0.442    -0.607     0.661
 5     0.896    -0.269     0.352
 6   112.991   -33.891    38.096
 6    -0.070     0.550    -0.832
 6    -0.178     0.814     0.553
 6     0.981     0.186     0.041
 7   116.156    15.686    -5.983
 7     0.528    -0.778     0.340
 7     0.818     0.359    -0.450
 7     0.228     0.516     0.825
 8   106.873    26.635    12.976
 8    -0.286    -0.882     0.374
 8     0.355    -0.460    -0.814
 8     0.890    -0.100     0.445
 9   107.999    30.313    38.013
 9    -0.132    -0.772    -0.621
 9     0.030     0.623    -0.781
 9     0.991    -0.122    -0.059
 2    96.646   -18.406    59.993
 2     0.159    -0.987    -0.004
 2     0.986     0.158     0.037
 2    -0.037    -0.010     0.999
 3   127.397    -1.669     4.444
 3     0.239     0.028    -0.970
 3    -0.201     0.979    -0.021
 3     0.950     0.200     0.240
 4   114.410   -18.311    -7.009
 4     0.581     0.726     0.367
 4    -0.814     0.518     0.263
 4     0.000    -0.452     0.892
 5   110.397   -28.227    13.040
 5    -0.039     0.752     0.658
 5    -0.444    -0.603     0.663
 5     0.895    -0.266     0.357
 6   112.962   -33.949    38.098
 6    -0.073     0.550    -0.832
 6    -0.178     0.813     0.553
 6     0.981     0.189     0.039
 7   116.190    15.663    -5.989
 7     0.528    -0.781     0.334
 7     0.817     0.360    -0.450
 7     0.231     0.510     0.828
 8   106.712    26.530    12.928
 8    -0.297    -0.884     0.360
 8     0.351    -0.452    -0.820
 8     0.888    -0.117     0.445
 9   107.418    30.151    37.915
 9    -0.149    -0.766    -0.626
 9     0.028     0.629    -0.776
 9     0.988    -0.133    -0.072
 2    96.646   -18.406    59.993
 2     0.159    -0.987    -0.004
 2     0.986     0.158     0.037
 2    -0.037    -0.010     0.999
 3   127.347    -1.672     4.495
 3     0.237     0.030    -0.971
 3    -0.202     0.979    -0.019
 3     0.950     0.200     0.238
 4   114.360   -18.362    -7.009
 4     0.580     0.727     0.366
 4    -0.814     0.518     0.262
 4     0.000    -0.451     0.893
 5   110.371   -28.229    13.040
 5    -0.041     0.753     0.656
 5    -0.444    -0.602     0.663
 5     0.895    -0.265     0.359
 6   112.669   -34.097    38.072
 6    -0.081     0.566    -0.820
 6    -0.179     0.801     0.570
 6     0.980     0.193     0.036
 7   116.242    15.613    -6.037
 7     0.525    -0.785     0.329
 7     0.819     0.360    -0.447
 7     0.231     0.504     0.832
 8   106.564    26.525    12.682
 8    -0.308    -0.883     0.355
 8     0.352    -0.453    -0.819
 8     0.884    -0.127     0.450
 9   106.889    30.195    37.696
 9    -0.162    -0.761    -0.628
 9     0.031     0.632    -0.774
 9     0.986    -0.145    -0.078
 2    96.648   -18.456    59.990
 2     0.159    -0.987    -0.004
 2     0.986     0.159     0.037
 2    -0.036    -0.010     0.999
 3   127.404    -1.721     4.587
 3     0.234     0.033    -0.972
 3    -0.201     0.979    -0.015
 3     0.951     0.199     0.235
 4   114.312   -18.362    -7.012
 4     0.579     0.728     0.365
 4    -0.815     0.517     0.261
 4     0.001    -0.449     0.893
 5   110.189   -28.236    13.051
 5    -0.046     0.750     0.660
 5    -0.446    -0.606     0.658
 5     0.894    -0.264     0.362
 6   112.533   -34.284    38.070
 6    -0.085     0.579    -0.811
 6    -0.183     0.791     0.584
 6     0.979     0.197     0.038
 7   116.298    15.564    -6.040
 7     0.524    -0.787     0.324
 7     0.819     0.362    -0.445
 7     0.233     0.499     0.835
 8   106.500    26.520    12.587
 8    -0.317    -0.886     0.337
 8     0.350    -0.440    -0.827
 8     0.881    -0.144     0.450
 9   106.548    30.136    37.610
 9    -0.181    -0.745    -0.642
 9     0.029     0.648    -0.761
 9     0.983    -0.157    -0.095
 2    96.646   -18.406    60.044
 2     0.159    -0.987    -0.004
 2     0.986     0.158     0.037
 2    -0.037    -0.010     0.999
 3   127.313    -1.723     4.578
 3     0.231     0.038    -0.972
 3    -0.202     0.979    -0.010
 3     0.952     0.198     0.233
 4   114.262   -18.313    -7.011
 4     0.577     0.730     0.365
 4    -0.817     0.515     0.259
 4     0.001    -0.448     0.894
 5   110.077   -28.243    12.940
 5    -0.050     0.749     0.660
 5    -0.449    -0.608     0.655
 5     0.892    -0.264     0.367
 6   112.289   -34.452    37.936
 6    -0.093     0.577    -0.811
 6    -0.188     0.790     0.584
 6     0.978     0.206     0.035
 7   116.354    15.617    -6.095
 7     0.524    -0.789     0.320
 7     0.818     0.363    -0.445
 7     0.235     0.495     0.836
 8   106.418    26.519    12.603
 8    -0.325    -0.886     0.330
 8     0.347    -0.436    -0.830
 8     0.880    -0.155     0.449
 9   106.107    30.103    37.639
 9    -0.194    -0.743    -0.640
 9     0.028     0.648    -0.761
 9     0.980    -0.166    -0.105
 2    96.646   -18.406    60.044
 2     0.159    -0.987    -0.004
 2     0.986     0.158     0.037
 2    -0.037    -0.010     0.999
 3   127.305    -1.676     4.615
 3     0.230     0.040    -0.972
 3    -0.203     0.979    -0.008
 3     0.951     0.199     0.233
 4   114.256   -18.239    -7.006
 4     0.576     0.731     0.365
 4    -0.817     0.516     0.256
 4    -0.001    -0.446     0.895
 5   110.010   -28.199    12.911
 5    -0.052     0.751     0.658
 5    -0.454    -0.605     0.654
 5     0.889    -0.265     0.372
 6   112.191   -34.535    37.890
 6    -0.096     0.576    -0.812
 6    -0.195     0.788     0.583
 6     0.976     0.214     0.037
 7   116.368    15.697    -6.107
 7     0.524    -0.792     0.313
 7     0.817     0.363    -0.447
 7     0.240     0.490     0.838
 8   106.356    26.568    12.629
 8    -0.335    -0.885     0.321
 8     0.342    -0.432    -0.834
 8     0.878    -0.170     0.447
 9   105.719    30.045    37.641
 9    -0.209    -0.738    -0.642
 9     0.026     0.652    -0.758
 9     0.977    -0.175    -0.117
 2    96.648   -18.405    59.990
 2     0.159    -0.987    -0.004
 2     0.986     0.158     0.037
 2    -0.036    -0.010     0.999
 3   127.262    -1.679     4.655
 3     0.227     0.042    -0.973
 3    -0.206     0.978    -0.006
 3     0.952     0.201     0.230
 4   114.172   -18.091    -7.045
 4     0.575     0.732     0.365
 4    -0.818     0.517     0.251
 4    -0.005    -0.444     0.896
 5   110.006   -28.174    12.816
 5    -0.052     0.750     0.659
 5    -0.457    -0.605     0.652
 5     0.888    -0.267     0.374
 6   112.182   -34.586    37.802
 6    -0.096     0.578    -0.810
 6    -0.198     0.786     0.585
 6     0.975     0.216     0.039
 7   116.453    15.802    -6.066
 7     0.523    -0.794     0.308
 7     0.816     0.363    -0.449
 7     0.244     0.487     0.839
 8   106.395    26.565    12.548
 8    -0.341    -0.886     0.313
 8     0.339    -0.426    -0.839
 8     0.876    -0.180     0.446
 9   105.473    29.990    37.624
 9    -0.222    -0.729    -0.647
 9     0.025     0.659    -0.752
 9     0.975    -0.183    -0.128
 2    96.646   -18.405    59.993
 2     0.158    -0.987    -0.004
 2     0.986     0.158     0.037
 2    -0.037    -0.010     0.999
 3   127.403    -1.685     4.718
 3     0.226     0.048    -0.973
 3    -0.210     0.978    -0.001
 3     0.951     0.204     0.231
 4   114.039   -17.971    -7.128
 4     0.569     0.733     0.371
 4    -0.822     0.513     0.246
 4    -0.010    -0.446     0.895
 5   109.930   -28.070    12.822
 5    -0.048     0.747     0.663
 5    -0.459    -0.607     0.649
 5     0.887    -0.273     0.372
 6   112.410   -34.510    37.710
 6    -0.086     0.584    -0.807
 6    -0.201     0.783     0.589
 6     0.976     0.212     0.050
 7   116.557    15.802    -6.068
 7     0.526    -0.794     0.305
 7     0.814     0.367    -0.450
 7     0.245     0.485     0.839
 8   106.471    26.565    12.605
 8    -0.344    -0.888     0.306
 8     0.338    -0.421    -0.842
 8     0.876    -0.186     0.444
 9   105.568    29.937    37.559
 9    -0.225    -0.722    -0.654
 9     0.027     0.666    -0.745
 9     0.974    -0.186    -0.131
 2    96.646   -18.405    59.993
 2     0.158    -0.987    -0.004
 2     0.986     0.158     0.037
 2    -0.037    -0.010     0.999
 3   127.353    -1.685     4.667
 3     0.227     0.048    -0.973
 3    -0.211     0.977    -0.001
 3     0.951     0.205     0.232
 4   113.985   -17.972    -7.071
 4     0.571     0.731     0.373
 4    -0.821     0.515     0.246
 4    -0.012    -0.447     0.894
 5   110.171   -28.345    12.757
 5    -0.043     0.750     0.660
 5    -0.462    -0.601     0.652
 5     0.885    -0.278     0.372
 6   112.611   -34.813    37.630
 6    -0.085     0.573    -0.815
 6    -0.207     0.790     0.577
 6     0.974     0.217     0.051
 7   116.582    15.801    -6.068
 7     0.527    -0.793     0.304
 7     0.814     0.368    -0.450
 7     0.245     0.485     0.839
 8   106.472    26.564    12.655
 8    -0.342    -0.889     0.304
 8     0.338    -0.419    -0.843
 8     0.876    -0.186     0.444
 9   105.567    29.988    37.585
 9    -0.226    -0.721    -0.655
 9     0.027     0.667    -0.745
 9     0.974    -0.186    -0.131
 2    96.696   -18.405    59.993
 2     0.158    -0.987    -0.004
 2     0.986     0.158     0.037
 2    -0.037    -0.010     0.999
 3   127.396    -1.738     4.627
 3     0.228     0.048    -0.972
 3    -0.211     0.977    -0.001
 3     0.950     0.205     0.233
 4   114.032   -18.073    -7.121
 4     0.574     0.728     0.374
 4    -0.819     0.518     0.248
 4    -0.013    -0.448     0.894
 5   110.174   -28.343    12.748
 5    -0.042     0.752     0.657
 5    -0.462    -0.598     0.655
 5     0.886    -0.276     0.373
 6   112.719   -34.734    37.715
 6    -0.085     0.566    -0.820
 6    -0.206     0.795     0.570
 6     0.975     0.218     0.049
 7   116.578    15.749    -6.113
 7     0.527    -0.793     0.305
 7     0.814     0.368    -0.449
 7     0.243     0.485     0.839
 8   106.523    26.564    12.604
 8    -0.342    -0.889     0.304
 8     0.338    -0.419    -0.843
 8     0.876    -0.186     0.444
 9   105.618    29.988    37.557
 9    -0.226    -0.721    -0.655
 9     0.028     0.667    -0.744
 9     0.974    -0.187    -0.130
 2    96.696   -18.405    59.993
 2     0.158    -0.987    -0.004
 2     0.986     0.158     0.037
 2    -0.037    -0.010     0.999
 3   127.422    -1.737     4.628
 3     0.229     0.049    -0.972
 3    -0.211     0.977    -0.000
 3     0.950     0.205     0.235
 4   114.030   -18.073    -7.118
 4     0.574     0.728     0.374
 4    -0.818     0.519     0.248
 4    -0.014    -0.448     0.894
 5   110.280   -28.339    12.790
 5    -0.039     0.756     0.653
 5    -0.460    -0.594     0.660
 5     0.887    -0.275     0.370
 6   112.746   -34.680    37.715
 6    -0.083     0.565    -0.821
 6    -0.205     0.796     0.569
 6     0.975     0.215     0.050
 7   116.576    15.748    -6.135
 7     0.528    -0.792     0.306
 7     0.814     0.369    -0.448
 7     0.242     0.485     0.840
 8   106.629    26.565    12.594
 8    -0.338    -0.890     0.306
 8     0.340    -0.419    -0.842
 8     0.877    -0.181     0.444
 9   106.020    30.043    37.601
 9    -0.217    -0.722    -0.657
 9     0.030     0.667    -0.744
 9     0.976    -0.181    -0.124
 2    96.696   -18.405    59.993
 2     0.158    -0.987    -0.004
 2     0.987     0.158     0.037
 2    -0.037    -0.010     0.999
 3   127.414    -1.686     4.612
 3     0.232     0.049    -0.971
 3    -0.211     0.977    -0.001
 3     0.949     0.205     0.237
 4   113.976   -18.023    -7.112
 4     0.576     0.725     0.375
 4    -0.817     0.521     0.247
 4    -0.016    -0.450     0.893
 5   110.470   -28.273    12.846
 5    -0.028     0.757     0.652
 5    -0.457    -0.590     0.666
 5     0.889    -0.280     0.363
 6   113.414   -34.511    37.728
 6    -0.065     0.563    -0.824
 6    -0.203     0.800     0.564
 6     0.977     0.203     0.062
 7   116.495    15.746    -6.105
 7     0.529    -0.790     0.308
 7     0.814     0.370    -0.448
 7     0.240     0.488     0.839
 8   106.852    26.646    12.782
 8    -0.323    -0.892     0.316
 8     0.344    -0.422    -0.838
 8     0.881    -0.162     0.443
 9   106.743    30.280    37.706
 9    -0.197    -0.729    -0.655
 9     0.034     0.662    -0.748
 9     0.980    -0.170    -0.105
 2    96.645   -18.405    60.044
 2     0.158    -0.987    -0.004
 2     0.986     0.158     0.037
 2    -0.037    -0.010     0.999
 3   127.507    -1.685     4.571
 3     0.236     0.050    -0.970
 3    -0.211     0.977    -0.001
 3     0.948     0.205     0.241
 4   113.912   -17.977    -7.092
 4     0.579     0.721     0.380
 4    -0.815     0.525     0.245
 4    -0.023    -0.452     0.892
 5   110.779   -28.202    12.939
 5    -0.010     0.758     0.652
 5    -0.458    -0.583     0.671
 5     0.889    -0.292     0.353
 6   114.363   -34.464    37.719
 6    -0.044     0.558    -0.829
 6    -0.206     0.807     0.554
 6     0.977     0.195     0.079
 7   116.379    15.842    -6.116
 7     0.531    -0.786     0.316
 7     0.814     0.370    -0.447
 7     0.234     0.495     0.836
 8   107.153    26.802    13.000
 8    -0.295    -0.893     0.339
 8     0.358    -0.433    -0.827
 8     0.885    -0.123     0.448
 9   108.073    30.901    37.769
 9    -0.157    -0.747    -0.646
 9     0.053     0.646    -0.761
 9     0.986    -0.154    -0.062
 2    96.648   -18.405    60.041
 2     0.158    -0.987    -0.004
 2     0.986     0.158     0.037
 2    -0.036    -0.010     0.999
 3   127.458    -1.681     4.469
 3     0.239     0.047    -0.970
 3    -0.209     0.978    -0.004
 3     0.948     0.204     0.244
 4   113.774   -17.980    -6.969
 4     0.583     0.714     0.387
 4    -0.812     0.530     0.245
 4    -0.030    -0.457     0.889
 5   111.190   -28.228    13.191
 5     0.013     0.751     0.660
 5    -0.460    -0.581     0.671
 5     0.888    -0.312     0.338
 6   115.506   -34.580    37.670
 6    -0.015     0.578    -0.816
 6    -0.210     0.796     0.568
 6     0.977     0.179     0.109
 7   116.183    15.681    -6.072
 7     0.536    -0.778     0.328
 7     0.813     0.371    -0.448
 7     0.226     0.506     0.832
 8   107.709    26.985    13.296
 8    -0.257    -0.889     0.379
 8     0.377    -0.453    -0.808
 8     0.890    -0.065     0.452
 9   110.027    31.668    37.726
 9    -0.098    -0.776    -0.623
 9     0.078     0.618    -0.782
 9     0.992    -0.125     0.000
 2    96.648   -18.405    60.041
 2     0.158    -0.987    -0.004
 2     0.986     0.158     0.037
 2    -0.036    -0.010     0.999
 3   127.335    -1.571     4.468
 3     0.245     0.039    -0.969
 3    -0.203     0.979    -0.012
 3     0.948     0.199     0.247
 4   113.639   -17.982    -6.871
 4     0.587     0.705     0.398
 4    -0.809     0.533     0.249
 4    -0.037    -0.468     0.883
 5   111.546   -28.254    13.348
 5     0.037     0.743     0.668
 5    -0.462    -0.580     0.671
 5     0.886    -0.333     0.322
 6   116.356   -34.542    37.748
 6     0.003     0.589    -0.808
 6    -0.213     0.790     0.574
 6     0.977     0.170     0.128
 7   115.985    15.725    -6.055
 7     0.539    -0.771     0.341
 7     0.814     0.371    -0.447
 7     0.218     0.518     0.827
 8   108.370    27.040    13.660
 8    -0.209    -0.884     0.417
 8     0.393    -0.466    -0.792
 8     0.895    -0.001     0.445
 9   112.223    32.093    37.722
 9    -0.036    -0.791    -0.611
 9     0.098     0.606    -0.790
 9     0.994    -0.089     0.055
 2    96.698   -18.405    60.041
 2     0.158    -0.987    -0.004
 2     0.986     0.158     0.037
 2    -0.036    -0.010     0.999
 3   127.285    -1.616     4.440
 3     0.248     0.033    -0.968
 3    -0.200     0.979    -0.018
 3     0.948     0.198     0.249
 4   113.448   -18.040    -6.863
 4     0.587     0.696     0.412
 4    -0.808     0.534     0.248
 4    -0.047    -0.479     0.876
 5   112.080   -28.303    13.557
 5     0.063     0.733     0.677
 5    -0.463    -0.580     0.670
 5     0.884    -0.356     0.302
 6   117.805   -34.793    37.661
 6     0.034     0.624    -0.781
 6    -0.220     0.766     0.603
 6     0.975     0.151     0.164
 7   115.659    15.539    -5.936
 7     0.543    -0.759     0.358
 7     0.813     0.369    -0.450
 7     0.209     0.536     0.818
 8   109.114    26.871    14.304
 8    -0.156    -0.865     0.477
 8     0.403    -0.496    -0.769
 8     0.902     0.072     0.426
 9   114.529    32.134    37.924
 9     0.037    -0.811    -0.583
 9     0.108     0.583    -0.805
 9     0.993    -0.034     0.109
 2    96.646   -18.406    59.993
 2     0.159    -0.987    -0.004
 2     0.986     0.158     0.037
 2    -0.037    -0.010     0.999
 3   127.162    -1.662     4.389
 3     0.251     0.028    -0.967
 3    -0.196     0.980    -0.022
 3     0.948     0.195     0.252
 4   113.283   -18.170    -6.831
 4     0.593     0.682     0.427
 4    -0.803     0.540     0.253
 4    -0.057    -0.493     0.868
 5   112.784   -28.373    13.658
 5     0.095     0.732     0.675
 5    -0.461    -0.568     0.681
 5     0.882    -0.376     0.283
 6   119.127   -34.486    37.727
 6     0.064     0.634    -0.771
 6    -0.216     0.763     0.609
 6     0.974     0.127     0.185
 7   115.229    15.456    -5.871
 7     0.542    -0.747     0.384
 7     0.816     0.359    -0.453
 7     0.200     0.559     0.804
 8   109.751    26.671    14.998
 8    -0.092    -0.841     0.532
 8     0.411    -0.519    -0.749
 8     0.907     0.150     0.394
 9   116.834    32.082    38.217
 9     0.118    -0.823    -0.556
 9     0.117     0.567    -0.815
 9     0.986     0.032     0.163
 2    96.646   -18.406    59.993
 2     0.159    -0.987    -0.004
 2     0.986     0.158     0.037
 2    -0.037    -0.010     0.999
 3   127.056    -1.554     4.347
 3     0.257     0.022    -0.966
 3    -0.191     0.981    -0.028
 3     0.947     0.191     0.256
 4   113.145   -18.173    -6.806
 4     0.597     0.672     0.437
 4    -0.800     0.543     0.257
 4    -0.065    -0.503     0.861
 5   113.188   -28.345    13.923
 5     0.124     0.719     0.684
 5    -0.459    -0.569     0.682
 5     0.879    -0.399     0.259
 6   120.360   -34.373    37.825
 6     0.099     0.656    -0.748
 6    -0.207     0.749     0.629
 6     0.973     0.092     0.210
 7   114.991    15.530    -5.794
 7     0.542    -0.740     0.397
 7     0.817     0.353    -0.456
 7     0.197     0.572     0.796
 8   110.569    26.592    15.473
 8    -0.038    -0.818     0.574
 8     0.414    -0.536    -0.736
 8     0.909     0.209     0.359
 9   118.926    31.828    38.450
 9     0.185    -0.824    -0.536
 9     0.115     0.559    -0.821
 9     0.976     0.089     0.198
 2    96.645   -18.405    60.044
 2     0.158    -0.987    -0.004
 2     0.986     0.158     0.037
 2    -0.037    -0.010     0.999
 3   127.007    -1.601     4.296
 3     0.260     0.021    -0.965
 3    -0.189     0.981    -0.030
 3     0.947     0.190     0.259
 4   112.962   -18.179    -6.784
 4     0.594     0.668     0.447
 4    -0.801     0.541     0.256
 4    -0.071    -0.511     0.857
 5   113.624   -27.904    14.249
 5     0.151     0.706     0.692
 5    -0.447    -0.576     0.685
 5     0.882    -0.413     0.228
 6   121.574   -33.363    38.004
 6     0.134     0.661    -0.738
 6    -0.185     0.748     0.637
 6     0.973     0.051     0.222
 7   114.859    15.476    -5.692
 7     0.546    -0.732     0.407
 7     0.814     0.351    -0.462
 7     0.195     0.583     0.788
 8   111.295    26.413    15.979
 8     0.008    -0.801     0.599
