2 	  32.73	  -7.37	  22.73
	  0.629	  0.777	 -0.022
	 -0.778	  0.627	 -0.023
	 -0.003	  0.032	  0.999

3 	  45.60	  -0.88	   2.30
	  0.443	 -0.131	  0.886
	  0.056	  0.991	  0.119
	 -0.895	 -0.004	  0.447

4 	  40.96	   6.63	  -2.76
	  0.179	  0.932	  0.316
	 -0.951	  0.082	  0.297
	  0.251	 -0.353	  0.901

5 	  39.83	   8.75	   9.53
	  0.221	  0.154	  0.963
	 -0.529	 -0.811	  0.250
	  0.820	 -0.563	 -0.097

6 	  44.89	   9.77	  20.37
	  0.365	  0.038	  0.930
	 -0.871	  0.368	  0.325
	 -0.336	 -0.927	  0.166

7 	  40.39	  -8.31	  -2.50
	  0.067	 -0.914	  0.401
	  0.990	  0.009	 -0.143
	  0.127	  0.406	  0.905

8 	  39.52	 -10.62	   9.86
	  0.335	 -0.145	  0.931
	  0.391	 -0.878	 -0.275
	  0.858	  0.455	 -0.237

9 	  44.84	 -12.36	  19.85
	  0.443	 -0.043	  0.895
	  0.811	  0.448	 -0.376
	 -0.390	  0.891	  0.233

2 	  32.73	  -7.37	  22.73
	  0.628	  0.778	 -0.022
	 -0.779	  0.627	 -0.023
	 -0.002	  0.032	  0.999

3 	  45.60	  -0.88	   2.29
	  0.444	 -0.131	  0.886
	  0.055	  0.991	  0.119
	 -0.894	 -0.005	  0.447

4 	  40.96	   6.63	  -2.76
	  0.179	  0.932	  0.315
	 -0.951	  0.081	  0.299
	  0.253	 -0.353	  0.901

5 	  39.81	   8.75	   9.53
	  0.222	  0.154	  0.963
	 -0.527	 -0.812	  0.250
	  0.822	 -0.561	 -0.098

6 	  44.89	   9.77	  20.37
	  0.364	  0.039	  0.930
	 -0.871	  0.370	  0.323
	 -0.337	 -0.927	  0.167

7 	  40.39	  -8.31	  -2.50
	  0.069	 -0.914	  0.400
	  0.989	  0.010	 -0.147
	  0.130	  0.406	  0.904

8 	  39.52	 -10.62	   9.86
	  0.336	 -0.144	  0.931
	  0.392	 -0.878	 -0.275
	  0.857	  0.456	 -0.238

9 	  44.88	 -12.32	  19.85
	  0.441	 -0.043	  0.896
	  0.809	  0.453	 -0.373
	 -0.395	  0.888	  0.234

2 	  32.73	  -7.37	  22.73
	  0.628	  0.777	 -0.022
	 -0.778	  0.627	 -0.023
	 -0.003	  0.032	  0.999

3 	  45.62	  -0.86	   2.29
	  0.445	 -0.131	  0.885
	  0.055	  0.991	  0.119
	 -0.894	 -0.005	  0.448

4 	  40.97	   6.63	  -2.79
	  0.181	  0.932	  0.313
	 -0.950	  0.083	  0.301
	  0.255	 -0.352	  0.900

5 	  39.85	   8.75	   9.49
	  0.222	  0.151	  0.963
	 -0.529	 -0.811	  0.248
	  0.820	 -0.563	 -0.099

6 	  44.93	   9.79	  20.34
	  0.360	  0.044	  0.932
	 -0.869	  0.380	  0.315
	 -0.347	 -0.922	  0.172

7 	  40.41	  -8.31	  -2.51
	  0.071	 -0.914	  0.399
	  0.988	  0.010	 -0.152
	  0.134	  0.405	  0.904

8 	  39.57	 -10.60	   9.84
	  0.336	 -0.142	  0.931
	  0.392	 -0.879	 -0.273
	  0.857	  0.455	 -0.239

9 	  44.89	 -12.32	  19.83
	  0.438	 -0.043	  0.897
	  0.808	  0.458	 -0.370
	 -0.402	  0.885	  0.234

2 	  32.73	  -7.37	  22.73
	  0.629	  0.777	 -0.022
	 -0.778	  0.627	 -0.023
	 -0.002	  0.032	  0.999

3 	  45.67	  -0.88	   2.20
	  0.449	 -0.130	  0.884
	  0.055	  0.991	  0.118
	 -0.892	 -0.005	  0.452

4 	  40.97	   6.63	  -2.81
	  0.182	  0.933	  0.311
	 -0.949	  0.084	  0.303
	  0.257	 -0.350	  0.901

5 	  39.87	   8.75	   9.46
	  0.220	  0.150	  0.964
	 -0.529	 -0.812	  0.246
	  0.820	 -0.563	 -0.099

6 	  44.96	   9.77	  20.32
	  0.358	  0.044	  0.932
	 -0.868	  0.388	  0.311
	 -0.353	 -0.919	  0.175

7 	  40.43	  -8.31	  -2.55
	  0.073	 -0.915	  0.397
	  0.987	  0.011	 -0.157
	  0.139	  0.404	  0.904

8 	  39.59	 -10.58	   9.83
	  0.337	 -0.141	  0.931
	  0.391	 -0.879	 -0.273
	  0.857	  0.455	 -0.241

9 	  44.91	 -12.32	  19.81
	  0.436	 -0.043	  0.899
	  0.807	  0.462	 -0.367
	 -0.406	  0.884	  0.234

2 	  32.73	  -7.37	  22.73
	  0.629	  0.777	 -0.023
	 -0.778	  0.627	 -0.023
	 -0.002	  0.032	  0.999

3 	  45.69	  -0.86	   2.16
	  0.451	 -0.130	  0.883
	  0.055	  0.991	  0.119
	 -0.891	 -0.006	  0.454

4 	  40.99	   6.64	  -2.81
	  0.182	  0.933	  0.311
	 -0.949	  0.083	  0.305
	  0.259	 -0.350	  0.900

5 	  39.88	   8.77	   9.46
	  0.220	  0.150	  0.964
	 -0.528	 -0.813	  0.245
	  0.821	 -0.562	 -0.099

6 	  44.96	   9.77	  20.32
	  0.358	  0.045	  0.932
	 -0.867	  0.388	  0.311
	 -0.354	 -0.919	  0.176

7 	  40.43	  -8.31	  -2.55
	  0.073	 -0.915	  0.396
	  0.987	  0.010	 -0.159
	  0.141	  0.403	  0.904

8 	  39.60	 -10.60	   9.81
	  0.338	 -0.140	  0.930
	  0.391	 -0.879	 -0.273
	  0.857	  0.455	 -0.242

9 	  44.93	 -12.34	  19.81
	  0.436	 -0.044	  0.899
	  0.807	  0.463	 -0.366
	 -0.406	  0.883	  0.236

2 	  32.73	  -7.38	  22.73
	  0.629	  0.777	 -0.022
	 -0.778	  0.627	 -0.023
	 -0.003	  0.032	  0.999

3 	  45.69	  -0.86	   2.16
	  0.450	 -0.131	  0.883
	  0.055	  0.991	  0.119
	 -0.891	 -0.005	  0.453

4 	  40.99	   6.64	  -2.81
	  0.182	  0.933	  0.310
	 -0.949	  0.083	  0.305
	  0.259	 -0.350	  0.900

5 	  39.88	   8.77	   9.46
	  0.221	  0.150	  0.964
	 -0.528	 -0.813	  0.245
	  0.821	 -0.562	 -0.099

6 	  44.95	   9.77	  20.34
	  0.359	  0.043	  0.932
	 -0.869	  0.384	  0.313
	 -0.350	 -0.921	  0.173

7 	  40.43	  -8.31	  -2.55
	  0.073	 -0.915	  0.396
	  0.987	  0.010	 -0.158
	  0.141	  0.402	  0.904

8 	  39.60	 -10.60	   9.81
	  0.338	 -0.140	  0.930
	  0.391	 -0.879	 -0.273
	  0.857	  0.455	 -0.242

9 	  44.91	 -12.34	  19.83
	  0.435	 -0.044	  0.899
	  0.808	  0.461	 -0.366
	 -0.405	  0.884	  0.235

2 	  32.71	  -7.37	  22.75
	  0.629	  0.777	 -0.022
	 -0.778	  0.627	 -0.023
	 -0.003	  0.032	  0.999

3 	  45.69	  -0.86	   2.18
	  0.447	 -0.132	  0.884
	  0.055	  0.991	  0.120
	 -0.893	 -0.005	  0.450

4 	  40.97	   6.64	  -2.83
	  0.182	  0.933	  0.310
	 -0.949	  0.083	  0.304
	  0.259	 -0.349	  0.900

5 	  39.87	   8.77	   9.47
	  0.220	  0.150	  0.964
	 -0.528	 -0.813	  0.245
	  0.821	 -0.562	 -0.099

6 	  44.91	   9.77	  20.36
	  0.361	  0.042	  0.932
	 -0.870	  0.379	  0.316
	 -0.346	 -0.923	  0.171

7 	  40.43	  -8.31	  -2.53
	  0.072	 -0.915	  0.397
	  0.987	  0.009	 -0.157
	  0.140	  0.403	  0.904

8 	  39.59	 -10.58	   9.83
	  0.338	 -0.140	  0.931
	  0.390	 -0.879	 -0.272
	  0.857	  0.454	 -0.242

9 	  44.89	 -12.34	  19.85
	  0.436	 -0.044	  0.899
	  0.810	  0.457	 -0.368
	 -0.400	  0.886	  0.234

2 	  32.71	  -7.37	  22.73
	  0.628	  0.777	 -0.022
	 -0.779	  0.627	 -0.023
	 -0.003	  0.032	  0.999

3 	  45.65	  -0.84	   2.18
	  0.446	 -0.133	  0.885
	  0.054	  0.991	  0.121
	 -0.893	 -0.007	  0.449

4 	  40.94	   6.66	  -2.81
	  0.180	  0.933	  0.311
	 -0.949	  0.082	  0.303
	  0.258	 -0.350	  0.900

5 	  39.81	   8.77	   9.49
	  0.221	  0.151	  0.963
	 -0.525	 -0.815	  0.246
	  0.823	 -0.559	 -0.100

6 	  44.89	   9.77	  20.36
	  0.361	  0.040	  0.931
	 -0.871	  0.374	  0.319
	 -0.341	 -0.925	  0.168

7 	  40.41	  -8.30	  -2.55
	  0.070	 -0.915	  0.397
	  0.988	  0.008	 -0.156
	  0.139	  0.404	  0.904

8 	  39.57	 -10.56	   9.84
	  0.339	 -0.140	  0.930
	  0.388	 -0.880	 -0.273
	  0.858	  0.452	 -0.244

9 	  44.88	 -12.34	  19.83
	  0.437	 -0.045	  0.898
	  0.811	  0.452	 -0.370
	 -0.395	  0.889	  0.233

2 	  32.71	  -7.37	  22.75
	  0.629	  0.777	 -0.022
	 -0.778	  0.627	 -0.023
	 -0.003	  0.032	  0.999

3 	  45.62	  -0.84	   2.20
	  0.446	 -0.134	  0.885
	  0.054	  0.991	  0.123
	 -0.894	 -0.007	  0.448

4 	  40.92	   6.64	  -2.79
	  0.179	  0.933	  0.312
	 -0.949	  0.081	  0.303
	  0.258	 -0.351	  0.900

5 	  39.81	   8.77	   9.49
	  0.222	  0.150	  0.963
	 -0.524	 -0.815	  0.246
	  0.823	 -0.558	 -0.101

6 	  44.89	   9.77	  20.36
	  0.363	  0.041	  0.931
	 -0.871	  0.373	  0.321
	 -0.340	 -0.925	  0.168

7 	  40.34	  -8.28	  -2.50
	  0.069	 -0.911	  0.406
	  0.988	  0.005	 -0.156
	  0.140	  0.412	  0.900

8 	  39.55	 -10.51	   9.77
	  0.315	 -0.156	  0.936
	  0.363	 -0.892	 -0.269
	  0.878	  0.423	 -0.224

9 	  45.19	 -12.43	  19.60
	  0.456	 -0.060	  0.888
	  0.777	  0.514	 -0.362
	 -0.440	  0.853	  0.279

2 	  32.71	  -7.37	  22.75
	  0.629	  0.777	 -0.022
	 -0.778	  0.627	 -0.023
	 -0.003	  0.032	  0.999

3 	  45.56	  -0.83	   2.20
	  0.447	 -0.137	  0.884
	  0.054	  0.990	  0.126
	 -0.893	 -0.009	  0.450

4 	  40.80	   6.66	  -2.79
	  0.178	  0.929	  0.323
	 -0.949	  0.074	  0.306
	  0.261	 -0.361	  0.895

5 	  40.36	   8.98	   9.40
	  0.294	  0.219	  0.930
	 -0.492	 -0.800	  0.342
	  0.821	 -0.557	 -0.126

6 	  46.74	  10.88	  19.28
	  0.465	  0.092	  0.880
	 -0.791	  0.492	  0.363
	 -0.405	 -0.863	  0.301

7 	  40.17	  -8.23	  -2.64
	  0.123	 -0.911	  0.393
	  0.980	  0.050	 -0.191
	  0.154	  0.409	  0.899

8 	  41.27	 -11.11	   9.47
	  0.483	 -0.231	  0.844
	  0.309	 -0.859	 -0.409
	  0.820	  0.457	 -0.343

9 	  48.36	 -14.01	  17.51
	  0.571	 -0.173	  0.802
	  0.696	  0.621	 -0.359
	 -0.441	  0.761	  0.475

2 	  32.73	  -7.38	  22.73
	  0.629	  0.777	 -0.022
	 -0.778	  0.627	 -0.023
	 -0.003	  0.032	  0.999

3 	  45.28	  -0.77	   1.99
	  0.457	 -0.157	  0.875
	  0.068	  0.987	  0.142
	 -0.887	 -0.005	  0.461

4 	  40.06	   6.47	  -3.25
	  0.229	  0.938	  0.259
	 -0.913	  0.115	  0.391
	  0.338	 -0.326	  0.883

5 	  42.75	   9.81	   8.33
	  0.576	  0.331	  0.747
	 -0.310	 -0.758	  0.573
	  0.757	 -0.561	 -0.335

6 	  52.03	  12.34	  14.59
	  0.765	  0.151	  0.626
	 -0.566	  0.625	  0.538
	 -0.312	 -0.764	  0.564

7 	  39.64	  -7.96	  -3.01
	  0.279	 -0.919	  0.279
	  0.926	  0.180	 -0.332
	  0.255	  0.350	  0.901

8 	  44.19	 -11.67	   7.91
	  0.754	 -0.274	  0.597
	  0.176	 -0.792	 -0.584
	  0.633	  0.544	 -0.549

9 	  53.30	 -14.50	  12.30
	  0.820	 -0.209	  0.533
	  0.502	  0.709	 -0.494
	 -0.276	  0.672	  0.687

2 	  32.73	  -7.37	  22.73
	  0.627	  0.779	 -0.023
	 -0.780	  0.626	 -0.022
	 -0.001	  0.032	  0.999

3 	  45.04	  -0.79	   1.67
	  0.479	 -0.151	  0.865
	  0.082	  0.988	  0.128
	 -0.874	  0.009	  0.485

4 	  39.32	   6.19	  -3.87
	  0.298	  0.944	  0.142
	 -0.855	  0.197	  0.479
	  0.426	 -0.264	  0.865

5 	  44.91	  10.27	   6.01
	  0.788	  0.363	  0.496
	 -0.131	 -0.690	  0.711
	  0.601	 -0.625	 -0.497

6 	  55.42	  12.27	   8.44
	  0.946	  0.126	  0.299
	 -0.295	  0.720	  0.628
	 -0.137	 -0.682	  0.719

7 	  38.88	  -7.70	  -3.41
	  0.409	 -0.910	  0.073
	  0.821	  0.331	 -0.464
	  0.399	  0.249	  0.882

8 	  46.34	 -11.88	   5.13
	  0.926	 -0.256	  0.277
	  0.010	 -0.718	 -0.696
	  0.377	  0.647	 -0.662

9 	  56.41	 -13.68	   5.38
	  0.977	 -0.141	  0.156
	  0.205	  0.795	 -0.570
	 -0.044	  0.589	  0.807

2 	  32.73	  -7.35	  22.75
	  0.337	  0.941	 -0.024
	 -0.942	  0.337	 -0.006
	  0.002	  0.024	  1.000

3 	  44.58	  -0.76	   1.27
	  0.517	 -0.123	  0.847
	  0.059	  0.992	  0.108
	 -0.854	 -0.006	  0.520

4 	  38.39	   5.78	  -4.29
	  0.334	  0.943	  0.001
	 -0.776	  0.273	  0.567
	  0.536	 -0.190	  0.823

5 	  45.98	  10.42	   3.39
	  0.895	  0.365	  0.255
	  0.026	 -0.616	  0.787
	  0.445	 -0.697	 -0.562

6 	  56.60	  11.69	   2.00
	  0.998	  0.059	 -0.013
	 -0.041	  0.816	  0.577
	  0.044	 -0.575	  0.816

7 	  38.14	  -7.45	  -3.69
	  0.484	 -0.865	 -0.134
	  0.681	  0.467	 -0.563
	  0.551	  0.181	  0.815

8 	  47.36	 -11.78	   2.21
	  0.977	 -0.210	  0.007
	 -0.135	 -0.651	 -0.747
	  0.161	  0.729	 -0.665

9 	  57.15	 -12.66	  -1.05
	  0.983	 -0.076	 -0.169
	 -0.027	  0.845	 -0.534
	  0.184	  0.528	  0.829

2 	  32.57	  -7.40	  22.75
	 -0.001	  1.000	 -0.017
	 -1.000	 -0.000	  0.005
	  0.005	  0.016	  1.000

3 	  44.23	  -0.76	   0.91
	  0.558	 -0.098	  0.823
	  0.038	  0.995	  0.093
	 -0.829	 -0.021	  0.559

4 	  37.71	   5.47	  -4.54
	  0.348	  0.931	 -0.106
	 -0.707	  0.334	  0.623
	  0.616	 -0.142	  0.774

5 	  46.28	  10.41	   1.41
	  0.934	  0.344	  0.090
	  0.128	 -0.561	  0.818
	  0.332	 -0.753	 -0.568

6 	  56.55	  10.88	  -1.85
	  0.984	 -0.002	 -0.176
	  0.086	  0.878	  0.471
	  0.154	 -0.478	  0.865

7 	  37.56	  -7.31	  -3.87
	  0.492	 -0.833	 -0.253
	  0.594	  0.533	 -0.603
	  0.637	  0.146	  0.756

8 	  47.43	 -11.51	   0.46
	  0.976	 -0.170	 -0.138
	 -0.215	 -0.615	 -0.759
	  0.044	  0.770	 -0.636

9 	  56.83	 -11.95	  -4.31
	  0.949	 -0.046	 -0.312
	 -0.114	  0.873	 -0.473
	  0.296	  0.482	  0.824

2 	  32.64	  -7.31	  22.75
	  0.146	  0.989	  0.020
	 -0.989	  0.146	  0.001
	 -0.002	 -0.020	  1.000

3 	  44.07	  -0.79	   0.72
	  0.578	 -0.089	  0.811
	  0.041	  0.996	  0.081
	 -0.815	 -0.014	  0.578

4 	  37.39	   5.27	  -4.68
	  0.354	  0.923	 -0.150
	 -0.677	  0.363	  0.640
	  0.646	 -0.125	  0.753

5 	  46.28	  10.25	   0.81
	  0.942	  0.332	  0.045
	  0.153	 -0.547	  0.823
	  0.298	 -0.768	 -0.567

6 	  56.37	  10.48	  -3.15
	  0.975	 -0.018	 -0.219
	  0.109	  0.905	  0.410
	  0.191	 -0.423	  0.886

7 	  37.32	  -7.31	  -3.94
	  0.492	 -0.820	 -0.290
	  0.563	  0.554	 -0.613
	  0.664	  0.138	  0.734

8 	  47.41	 -11.37	   0.00
	  0.973	 -0.159	 -0.165
	 -0.229	 -0.617	 -0.753
	  0.018	  0.771	 -0.637

9 	  56.69	 -11.71	  -4.97
	  0.940	 -0.038	 -0.339
	 -0.130	  0.879	 -0.458
	  0.316	  0.472	  0.823

2 	  32.70	  -7.40	  22.76
	  0.249	  0.968	 -0.034
	 -0.968	  0.249	 -0.022
	 -0.012	  0.037	  0.999

3 	  44.00	  -0.84	   0.63
	  0.588	 -0.083	  0.804
	  0.041	  0.996	  0.073
	 -0.808	 -0.010	  0.589

4 	  37.25	   5.15	  -4.73
	  0.347	  0.922	 -0.173
	 -0.664	  0.371	  0.649
	  0.663	 -0.110	  0.740

5 	  46.25	  10.14	   0.44
	  0.944	  0.328	  0.022
	  0.168	 -0.541	  0.824
	  0.283	 -0.774	 -0.566

6 	  56.29	  10.32	  -3.66
	  0.971	 -0.024	 -0.239
	  0.117	  0.915	  0.385
	  0.210	 -0.401	  0.891

7 	  37.28	  -7.33	  -3.90
	  0.481	 -0.822	 -0.304
	  0.558	  0.554	 -0.618
	  0.677	  0.128	  0.724

8 	  47.39	 -11.32	  -0.09
	  0.974	 -0.153	 -0.168
	 -0.227	 -0.615	 -0.755
	  0.011	  0.773	 -0.634

9 	  56.65	 -11.64	  -5.15
	  0.938	 -0.034	 -0.345
	 -0.137	  0.879	 -0.456
	  0.319	  0.473	  0.821

2 	  32.54	  -7.49	  22.73
	 -0.461	  0.887	 -0.015
	 -0.888	 -0.460	  0.013
	  0.007	  0.019	  1.000

3 	  43.98	  -0.86	   0.62
	  0.591	 -0.083	  0.802
	  0.042	  0.996	  0.073
	 -0.806	 -0.010	  0.592

4 	  37.23	   5.12	  -4.75
	  0.346	  0.921	 -0.179
	 -0.661	  0.373	  0.650
	  0.667	 -0.107	  0.737

5 	  46.25	  10.11	   0.33
	  0.945	  0.327	  0.020
	  0.168	 -0.537	  0.826
	  0.281	 -0.777	 -0.563

6 	  56.30	  10.23	  -3.78
	  0.970	 -0.027	 -0.241
	  0.118	  0.921	  0.370
	  0.213	 -0.386	  0.897

7 	  37.23	  -7.33	  -3.90
	  0.471	 -0.827	 -0.308
	  0.563	  0.550	 -0.617
	  0.679	  0.117	  0.724

8 	  47.36	 -11.34	  -0.07
	  0.974	 -0.153	 -0.169
	 -0.228	 -0.616	 -0.754
	  0.011	  0.772	 -0.635

9 	  56.64	 -11.65	  -5.17
	  0.938	 -0.033	 -0.346
	 -0.140	  0.876	 -0.461
	  0.319	  0.478	  0.818

2 	  32.47	  -7.51	  22.71
	 -0.709	  0.704	 -0.006
	 -0.705	 -0.709	  0.023
	  0.014	  0.021	  1.000

3 	  43.96	  -0.88	   0.62
	  0.592	 -0.084	  0.801
	  0.042	  0.996	  0.073
	 -0.805	 -0.010	  0.593

4 	  37.21	   5.10	  -4.76
	  0.345	  0.920	 -0.184
	 -0.660	  0.376	  0.650
	  0.668	 -0.103	  0.736

5 	  46.23	  10.09	   0.33
	  0.945	  0.325	  0.019
	  0.167	 -0.536	  0.827
	  0.279	 -0.779	 -0.562

6 	  56.30	  10.14	  -3.76
	  0.971	 -0.034	 -0.237
	  0.120	  0.926	  0.358
	  0.208	 -0.375	  0.903

7 	  37.25	  -7.35	  -3.92
	  0.470	 -0.827	 -0.308
	  0.565	  0.549	 -0.615
	  0.679	  0.115	  0.725

8 	  47.34	 -11.36	  -0.02
	  0.973	 -0.149	 -0.173
	 -0.229	 -0.617	 -0.753
	  0.005	  0.772	 -0.635

9 	  56.62	 -11.65	  -5.13
	  0.938	 -0.034	 -0.344
	 -0.139	  0.875	 -0.464
	  0.317	  0.480	  0.817

2 	  32.45	  -7.54	  22.69
	 -0.862	  0.506	  0.000
	 -0.507	 -0.862	  0.006
	  0.005	  0.006	  1.000

3 	  43.93	  -0.88	   0.62
	  0.593	 -0.085	  0.801
	  0.043	  0.996	  0.073
	 -0.804	 -0.009	  0.594

4 	  37.21	   5.08	  -4.76
	  0.345	  0.920	 -0.184
	 -0.660	  0.376	  0.651
	  0.669	 -0.103	  0.736

5 	  46.21	  10.05	   0.40
	  0.946	  0.322	  0.024
	  0.161	 -0.537	  0.828
	  0.280	 -0.780	 -0.560

6 	  56.30	  10.07	  -3.60
	  0.973	 -0.038	 -0.226
	  0.118	  0.929	  0.351
	  0.198	 -0.368	  0.908

7 	  37.25	  -7.33	  -3.90
	  0.471	 -0.827	 -0.307
	  0.566	  0.550	 -0.614
	  0.677	  0.115	  0.727

8 	  47.34	 -11.30	   0.04
	  0.975	 -0.149	 -0.166
	 -0.223	 -0.620	 -0.752
	  0.009	  0.770	 -0.638

9 	  56.64	 -11.62	  -5.03
	  0.940	 -0.032	 -0.339
	 -0.139	  0.874	 -0.465
	  0.312	  0.482	  0.818

2 	  32.41	  -7.54	  22.66
	 -0.912	  0.409	  0.015
	 -0.410	 -0.911	 -0.039
	 -0.002	 -0.041	  0.999

3 	  43.93	  -0.88	   0.63
	  0.593	 -0.087	  0.801
	  0.045	  0.996	  0.075
	 -0.804	 -0.009	  0.594

4 	  37.21	   5.10	  -4.76
	  0.345	  0.921	 -0.181
	 -0.662	  0.374	  0.650
	  0.667	 -0.104	  0.738

5 	  46.11	  10.14	   0.51
	  0.943	  0.330	  0.039
	  0.153	 -0.536	  0.830
	  0.295	 -0.777	 -0.556

6 	  56.30	  10.14	  -3.38
	  0.976	 -0.035	 -0.214
	  0.109	  0.932	  0.346
	  0.188	 -0.360	  0.914

7 	  37.27	  -7.31	  -3.92
	  0.471	 -0.828	 -0.305
	  0.569	  0.549	 -0.612
	  0.674	  0.114	  0.729

8 	  47.20	 -11.57	   0.16
	  0.972	 -0.183	 -0.143
	 -0.227	 -0.611	 -0.758
	  0.051	  0.770	 -0.636

9 	  56.53	 -12.27	  -4.62
	  0.945	 -0.075	 -0.318
	 -0.088	  0.880	 -0.465
	  0.316	  0.466	  0.827

2 	  32.43	  -7.56	  22.73
	 -0.716	  0.697	 -0.024
	 -0.698	 -0.715	  0.029
	  0.004	  0.038	  0.999

3 	  43.95	  -0.84	   0.63
	  0.592	 -0.089	  0.801
	  0.041	  0.996	  0.080
	 -0.805	 -0.015	  0.593

4 	  37.18	   5.10	  -4.75
	  0.318	  0.933	 -0.166
	 -0.679	  0.345	  0.648
	  0.663	 -0.094	  0.743

5 	  45.69	  10.49	   0.86
	  0.922	  0.379	  0.076
	  0.154	 -0.540	  0.828
	  0.355	 -0.752	 -0.556

6 	  55.97	  11.44	  -2.29
	  0.986	  0.046	 -0.156
	  0.011	  0.939	  0.343
	  0.163	 -0.339	  0.926

7 	  37.23	  -7.31	  -3.85
	  0.448	 -0.848	 -0.285
	  0.584	  0.518	 -0.625
	  0.678	  0.113	  0.726

8 	  46.58	 -12.41	   0.49
	  0.951	 -0.285	 -0.118
	 -0.274	 -0.602	 -0.750
	  0.143	  0.745	 -0.651

9 	  55.90	 -14.13	  -3.99
	  0.941	 -0.173	 -0.290
	  0.012	  0.876	 -0.481
	  0.338	  0.447	  0.828

2 	  32.47	  -7.56	  22.69
	 -0.529	  0.848	 -0.033
	 -0.849	 -0.528	  0.024
	  0.005	  0.040	  0.999

3 	  44.00	  -0.84	   0.62
	  0.592	 -0.094	  0.800
	  0.033	  0.995	  0.093
	 -0.805	 -0.029	  0.592

4 	  37.11	   5.13	  -4.69
	  0.263	  0.956	 -0.128
	 -0.721	  0.282	  0.633
	  0.642	 -0.074	  0.763

5 	  44.53	  11.27	   1.74
	  0.857	  0.491	  0.156
	  0.166	 -0.550	  0.818
	  0.488	 -0.676	 -0.552

6 	  54.84	  14.06	  -0.19
	  0.976	  0.209	 -0.055
	 -0.174	  0.911	  0.373
	  0.128	 -0.354	  0.926

7 	  37.20	  -7.29	  -3.73
	  0.419	 -0.873	 -0.249
	  0.604	  0.472	 -0.642
	  0.678	  0.118	  0.725

8 	  45.62	 -13.41	   1.16
	  0.909	 -0.410	 -0.069
	 -0.315	 -0.571	 -0.758
	  0.271	  0.711	 -0.648

9 	  54.72	 -16.72	  -2.69
	  0.921	 -0.312	 -0.232
	  0.156	  0.844	 -0.514
	  0.356	  0.436	  0.826

2 	  32.61	  -7.45	  22.69
	 -0.022	  0.997	 -0.063
	 -1.000	 -0.022	 -0.009
	 -0.010	  0.062	  0.998

3 	  44.02	  -0.69	   0.62
	  0.590	 -0.091	  0.802
	  0.003	  0.994	  0.110
	 -0.807	 -0.062	  0.587

4 	  36.91	   5.19	  -4.66
	  0.177	  0.981	 -0.073
	 -0.780	  0.184	  0.597
	  0.600	 -0.049	  0.798

5 	  42.86	  11.92	   2.90
	  0.756	  0.601	  0.259
	  0.182	 -0.573	  0.799
	  0.629	 -0.557	 -0.542

6 	  52.72	  16.88	   2.65
	  0.917	  0.390	  0.085
	 -0.390	  0.830	  0.398
	  0.085	 -0.399	  0.913

7 	  37.02	  -7.21	  -3.60
	  0.389	 -0.895	 -0.217
	  0.625	  0.429	 -0.651
	  0.677	  0.117	  0.726

8 	  44.40	 -14.12	   1.85
	  0.851	 -0.525	 -0.007
	 -0.344	 -0.547	 -0.764
	  0.398	  0.652	 -0.645

9 	  53.12	 -18.79	  -1.28
	  0.886	 -0.432	 -0.168
	  0.281	  0.789	 -0.546
	  0.369	  0.437	  0.820

2 	  32.61	  -7.42	  22.75
	  0.171	  0.984	 -0.052
	 -0.985	  0.170	 -0.019
	 -0.009	  0.054	  0.998

3 	  43.95	  -0.56	   0.60
	  0.595	 -0.086	  0.799
	 -0.018	  0.992	  0.120
	 -0.803	 -0.086	  0.589

4 	  36.70	   5.27	  -4.52
	  0.112	  0.993	 -0.015
	 -0.820	  0.100	  0.562
	  0.561	 -0.051	  0.826

5 	  41.19	  12.27	   3.94
	  0.638	  0.684	  0.351
	  0.202	 -0.590	  0.782
	  0.743	 -0.428	 -0.514

6 	  49.96	  19.18	   5.41
	  0.801	  0.554	  0.227
	 -0.595	  0.695	  0.403
	  0.066	 -0.458	  0.886

7 	  36.91	  -7.14	  -3.57
	  0.364	 -0.912	 -0.191
	  0.647	  0.394	 -0.652
	  0.670	  0.113	  0.733

8 	  43.19	 -14.62	   2.58
	  0.781	 -0.620	  0.066
	 -0.358	 -0.532	 -0.767
	  0.511	  0.576	 -0.638

9 	  51.31	 -20.71	   0.33
	  0.832	 -0.547	 -0.092
	  0.403	  0.709	 -0.578
	  0.382	  0.444	  0.810

2 	  32.64	  -7.38	  22.75
	  0.244	  0.969	 -0.032
	 -0.970	  0.244	 -0.009
	 -0.001	  0.033	  0.999

3 	  43.89	  -0.53	   0.62
	  0.593	 -0.081	  0.801
	 -0.038	  0.991	  0.129
	 -0.804	 -0.107	  0.584

4 	  36.76	   5.40	  -4.36
	  0.067	  0.996	  0.048
	 -0.849	  0.031	  0.528
	  0.525	 -0.076	  0.848

5 	  39.80	  12.27	   4.87
	  0.520	  0.724	  0.453
	  0.195	 -0.617	  0.762
	  0.832	 -0.308	 -0.462

6 	  47.37	  20.37	   8.14
	  0.658	  0.650	  0.379
	 -0.753	  0.543	  0.372
	  0.035	 -0.531	  0.846

7 	  36.98	  -7.07	  -3.59
	  0.347	 -0.924	 -0.163
	  0.676	  0.366	 -0.639
	  0.651	  0.111	  0.751

8 	  42.26	 -14.87	   3.18
	  0.711	 -0.688	  0.140
	 -0.354	 -0.523	 -0.775
	  0.607	  0.502	 -0.616

9 	  49.82	 -21.92	   1.97
	  0.772	 -0.636	 -0.001
	  0.521	  0.630	 -0.576
	  0.369	  0.445	  0.815

2 	  32.66	  -7.37	  22.75
	  0.266	  0.963	 -0.031
	 -0.964	  0.266	 -0.007
	  0.002	  0.032	  0.999

3 	  44.03	  -0.46	   0.74
	  0.580	 -0.080	  0.810
	 -0.055	  0.989	  0.136
	 -0.813	 -0.123	  0.569

4 	  37.05	   5.57	  -4.34
	  0.043	  0.995	  0.093
	 -0.870	 -0.009	  0.493
	  0.491	 -0.102	  0.865

5 	  39.02	  12.22	   5.38
	  0.419	  0.741	  0.524
	  0.174	 -0.633	  0.755
	  0.891	 -0.225	 -0.394

6 	  45.65	  20.87	   9.67
	  0.552	  0.691	  0.466
	 -0.834	  0.448	  0.323
	  0.013	 -0.567	  0.823

7 	  37.32	  -7.01	  -3.64
	  0.349	 -0.926	 -0.142
	  0.693	  0.357	 -0.627
	  0.631	  0.120	  0.766

8 	  41.77	 -14.94	   3.52
	  0.648	 -0.735	  0.198
	 -0.356	 -0.522	 -0.775
	  0.673	  0.432	 -0.599

9 	  48.57	 -22.85	   3.23
	  0.692	 -0.717	  0.088
	  0.645	  0.557	 -0.524
	  0.329	  0.420	  0.845

2 	  32.66	  -7.38	  22.75
	  0.269	  0.962	 -0.031
	 -0.963	  0.268	 -0.007
	  0.001	  0.032	  0.999

3 	  44.10	  -0.40	   0.79
	  0.573	 -0.079	  0.815
	 -0.064	  0.988	  0.140
	 -0.817	 -0.133	  0.561

4 	  37.14	   5.64	  -4.27
	  0.033	  0.993	  0.108
	 -0.875	 -0.023	  0.483
	  0.483	 -0.110	  0.868

5 	  38.74	  12.23	   5.47
	  0.387	  0.745	  0.543
	  0.159	 -0.634	  0.756
	  0.908	 -0.206	 -0.364

6 	  45.07	  21.01	  10.16
	  0.517	  0.699	  0.493
	 -0.856	  0.427	  0.291
	 -0.008	 -0.573	  0.819

7 	  37.39	  -6.96	  -3.64
	  0.345	 -0.929	 -0.135
	  0.701	  0.350	 -0.621
	  0.625	  0.119	  0.771

8 	  41.40	 -14.96	   3.62
	  0.616	 -0.753	  0.231
	 -0.345	 -0.521	 -0.781
	  0.708	  0.401	 -0.580

9 	  47.74	 -23.29	   3.83
	  0.638	 -0.758	  0.134
	  0.709	  0.506	 -0.491
	  0.307	  0.409	  0.859

2 	  32.66	  -7.38	  22.73
	  0.275	  0.961	 -0.032
	 -0.962	  0.274	 -0.008
	  0.001	  0.032	  0.999

3 	  44.09	  -0.39	   0.81
	  0.573	 -0.080	  0.816
	 -0.065	  0.987	  0.142
	 -0.817	 -0.135	  0.560

4 	  37.20	   5.71	  -4.24
	  0.037	  0.993	  0.115
	 -0.875	 -0.024	  0.483
	  0.483	 -0.118	  0.867

5 	  38.74	  12.30	   5.50
	  0.385	  0.745	  0.545
	  0.149	 -0.633	  0.759
	  0.911	 -0.211	 -0.355

6 	  45.07	  21.02	  10.20
	  0.512	  0.700	  0.496
	 -0.859	  0.429	  0.280
	 -0.018	 -0.570	  0.821

7 	  37.37	  -6.94	  -3.66
	  0.340	 -0.931	 -0.132
	  0.704	  0.344	 -0.621
	  0.624	  0.117	  0.772

8 	  41.20	 -15.03	   3.66
	  0.603	 -0.761	  0.238
	 -0.347	 -0.518	 -0.782
	  0.719	  0.389	 -0.575

9 	  47.43	 -23.47	   3.96
	  0.621	 -0.770	  0.144
	  0.723	  0.489	 -0.488
	  0.308	  0.408	  0.859

2 	  32.66	  -7.37	  22.73
	  0.277	  0.960	 -0.031
	 -0.961	  0.276	 -0.009
	  0.001	  0.032	  0.999

3 	  44.09	  -0.39	   0.83
	  0.573	 -0.080	  0.816
	 -0.065	  0.987	  0.143
	 -0.817	 -0.135	  0.560

4 	  37.20	   5.71	  -4.22
	  0.038	  0.992	  0.115
	 -0.875	 -0.023	  0.484
	  0.483	 -0.119	  0.867

5 	  38.74	  12.30	   5.48
	  0.386	  0.745	  0.543
	  0.149	 -0.632	  0.760
	  0.910	 -0.213	 -0.355

6 	  45.05	  21.04	  10.18
	  0.511	  0.701	  0.497
	 -0.860	  0.428	  0.278
	 -0.019	 -0.569	  0.822

7 	  37.37	  -6.94	  -3.64
	  0.340	 -0.931	 -0.131
	  0.704	  0.344	 -0.621
	  0.623	  0.118	  0.773

8 	  41.12	 -15.03	   3.73
	  0.595	 -0.765	  0.247
	 -0.346	 -0.520	 -0.781
	  0.726	  0.379	 -0.573

9 	  47.20	 -23.59	   4.17
	  0.605	 -0.781	  0.157
	  0.737	  0.473	 -0.483
	  0.306	  0.408	  0.860

2 	  32.66	  -7.37	  22.75
	  0.282	  0.959	 -0.031
	 -0.959	  0.282	 -0.009
	  0.000	  0.032	  0.999

3 	  44.09	  -0.40	   0.83
	  0.573	 -0.079	  0.815
	 -0.066	  0.988	  0.141
	 -0.817	 -0.135	  0.561

4 	  37.20	   5.70	  -4.22
	  0.042	  0.992	  0.114
	 -0.874	 -0.019	  0.485
	  0.484	 -0.120	  0.867

5 	  38.78	  12.27	   5.52
	  0.389	  0.742	  0.545
	  0.146	 -0.634	  0.759
	  0.910	 -0.215	 -0.354

6 	  45.09	  20.99	  10.27
	  0.511	  0.698	  0.501
	 -0.859	  0.429	  0.278
	 -0.022	 -0.573	  0.819

7 	  37.35	  -7.00	  -3.62
	  0.326	 -0.938	 -0.117
	  0.713	  0.324	 -0.621
	  0.621	  0.118	  0.774

8 	  40.92	 -14.91	   4.13
	  0.578	 -0.764	  0.287
	 -0.341	 -0.545	 -0.766
	  0.742	  0.345	 -0.575

9 	  46.74	 -23.45	   5.47
	  0.582	 -0.783	  0.220
	  0.752	  0.413	 -0.514
	  0.315	  0.464	  0.828

2 	  32.66	  -7.37	  22.73
	  0.284	  0.958	 -0.031
	 -0.959	  0.283	 -0.009
	  0.001	  0.032	  0.999

3 	  44.17	  -0.44	   0.90
	  0.580	 -0.080	  0.810
	 -0.045	  0.990	  0.130
	 -0.813	 -0.112	  0.571

4 	  37.48	   5.94	  -4.01
	  0.069	  0.986	  0.149
	 -0.873	 -0.013	  0.487
	  0.482	 -0.164	  0.860

5 	  39.11	  11.62	   6.42
	  0.406	  0.661	  0.631
	  0.070	 -0.712	  0.699
	  0.911	 -0.239	 -0.336

6 	  45.70	  19.14	  12.67
	  0.527	  0.593	  0.609
	 -0.849	  0.412	  0.332
	 -0.056	 -0.692	  0.720

7 	  37.58	  -7.28	  -3.41
	  0.306	 -0.952	 -0.010
	  0.756	  0.248	 -0.605
	  0.579	  0.177	  0.796

8 	  41.01	 -13.85	   5.91
	  0.575	 -0.690	  0.438
	 -0.302	 -0.677	 -0.671
	  0.761	  0.254	 -0.597

9 	  46.83	 -21.81	   9.32
	  0.573	 -0.715	  0.402
	  0.783	  0.329	 -0.528
	  0.247	  0.616	  0.747

2 	  32.66	  -7.37	  22.73
	  0.292	  0.956	 -0.031
	 -0.957	  0.291	 -0.009
	  0.001	  0.032	  0.999

3 	  44.37	  -0.47	   1.02
	  0.591	 -0.083	  0.802
	 -0.020	  0.993	  0.117
	 -0.806	 -0.085	  0.585

4 	  38.09	   6.26	  -3.62
	  0.116	  0.966	  0.229
	 -0.884	 -0.005	  0.468
	  0.453	 -0.257	  0.853

5 	  39.32	  10.20	   7.80
	  0.403	  0.484	  0.776
	 -0.136	 -0.809	  0.572
	  0.905	 -0.335	 -0.260

6 	  46.14	  15.22	  16.14
	  0.528	  0.373	  0.762
	 -0.815	  0.476	  0.330
	 -0.244	 -0.795	  0.555

7 	  38.06	  -7.65	  -3.15
	  0.293	 -0.945	  0.145
	  0.816	  0.167	 -0.553
	  0.499	  0.280	  0.820

8 	  41.12	 -12.39	   7.65
	  0.569	 -0.556	  0.606
	 -0.212	 -0.811	 -0.545
	  0.795	  0.181	 -0.579

9 	  46.88	 -19.30	  13.17
	  0.555	 -0.589	  0.588
	  0.819	  0.262	 -0.510
	  0.147	  0.764	  0.627

2 	  32.66	  -7.37	  22.75
	  0.298	  0.954	 -0.031
	 -0.955	  0.297	 -0.010
	  0.000	  0.032	  0.999

3 	  44.54	  -0.49	   1.18
	  0.589	 -0.093	  0.803
	 -0.003	  0.993	  0.118
	 -0.808	 -0.072	  0.584

4 	  38.51	   6.47	  -3.38
	  0.140	  0.953	  0.267
	 -0.897	  0.007	  0.442
	  0.420	 -0.301	  0.856

5 	  39.22	   9.12	   8.81
	  0.381	  0.305	  0.873
	 -0.327	 -0.839	  0.434
	  0.866	 -0.449	 -0.220

6 	  45.83	  11.62	  18.30
	  0.508	  0.155	  0.847
	 -0.809	  0.427	  0.403
	 -0.304	 -0.889	  0.342

7 	  38.39	  -7.88	  -2.92
	  0.272	 -0.924	  0.269
	  0.865	  0.111	 -0.489
	  0.422	  0.365	  0.829

8 	  40.96	 -11.00	   8.75
	  0.557	 -0.397	  0.729
	 -0.081	 -0.901	 -0.427
	  0.827	  0.178	 -0.533

9 	  46.74	 -16.35	  16.08
	  0.538	 -0.431	  0.724
	  0.842	  0.241	 -0.482
	  0.033	  0.870	  0.492

2 	  32.66	  -7.37	  22.73
	  0.301	  0.953	 -0.031
	 -0.954	  0.301	 -0.009
	  0.001	  0.032	  0.999

3 	  44.56	  -0.46	   1.25
	  0.588	 -0.100	  0.802
	  0.005	  0.992	  0.120
	 -0.809	 -0.067	  0.584

4 	  38.64	   6.59	  -3.18
	  0.136	  0.953	  0.270
	 -0.901	  0.005	  0.432
	  0.411	 -0.302	  0.860

5 	  38.88	   8.56	   9.18
	  0.365	  0.152	  0.918
	 -0.442	 -0.841	  0.313
	  0.820	 -0.519	 -0.239

6 	  45.23	   9.97	  19.12
	  0.516	  0.019	  0.856
	 -0.854	  0.089	  0.512
	 -0.070	 -0.996	  0.062

7 	  38.55	  -7.98	  -2.81
	  0.233	 -0.912	  0.336
	  0.905	  0.076	 -0.418
	  0.356	  0.401	  0.844

8 	  40.36	 -10.07	   9.58
	  0.573	 -0.142	  0.807
	  0.269	 -0.898	 -0.348
	  0.775	  0.415	 -0.476

9 	  46.48	 -12.18	  18.42
	  0.574	 -0.129	  0.808
	  0.811	  0.230	 -0.537
	 -0.121	  0.964	  0.237

2 	  32.64	  -7.35	  22.75
	  0.315	  0.948	 -0.031
	 -0.949	  0.314	 -0.010
	  0.000	  0.032	  0.999

3 	  44.56	  -0.47	   1.28
	  0.593	 -0.098	  0.799
	  0.013	  0.993	  0.112
	 -0.805	 -0.057	  0.590

4 	  38.85	   6.66	  -3.22
	  0.150	  0.960	  0.237
	 -0.904	  0.036	  0.426
	  0.401	 -0.278	  0.873

5 	  39.32	   8.84	   9.11
	  0.386	  0.150	  0.910
	 -0.513	 -0.785	  0.346
	  0.768	 -0.599	 -0.226

6 	  45.46	   9.88	  19.12
	  0.505	 -0.013	  0.863
	 -0.854	  0.142	  0.500
	 -0.134	 -0.989	  0.060

7 	  38.64	  -8.09	  -2.83
	  0.193	 -0.929	  0.314
	  0.931	  0.072	 -0.357
	  0.309	  0.361	  0.879

8 	  40.22	 -10.07	   9.62
	  0.561	 -0.082	  0.824
	  0.358	 -0.874	 -0.329
	  0.748	  0.478	 -0.460

9 	  46.42	 -12.13	  18.46
	  0.569	 -0.109	  0.815
	  0.821	  0.140	 -0.554
	 -0.057	  0.984	  0.168

2 	  32.66	  -7.37	  22.75
	  0.320	  0.947	 -0.031
	 -0.948	  0.320	 -0.009
	  0.002	  0.032	  0.999

3 	  44.56	  -0.53	   1.30
	  0.591	 -0.101	  0.800
	  0.014	  0.993	  0.115
	 -0.806	 -0.057	  0.588

4 	  38.88	   6.66	  -3.18
	  0.161	  0.957	  0.242
	 -0.904	  0.044	  0.425
	  0.396	 -0.287	  0.872

5 	  39.52	   8.81	   9.12
	  0.402	  0.136	  0.905
	 -0.541	 -0.763	  0.353
	  0.740	 -0.630	 -0.233

6 	  45.53	   9.81	  19.16
	  0.494	 -0.022	  0.869
	 -0.853	  0.184	  0.487
	 -0.176	 -0.982	  0.072

7 	  38.57	  -8.09	  -2.79
	  0.184	 -0.931	  0.315
	  0.932	  0.064	 -0.356
	  0.311	  0.358	  0.880

8 	  40.27	 -10.04	   9.65
	  0.569	 -0.082	  0.818
	  0.350	 -0.877	 -0.330
	  0.746	  0.473	 -0.469

9 	  46.48	 -12.11	  18.46
	  0.568	 -0.099	  0.816
	  0.817	  0.191	 -0.544
	 -0.106	  0.976	  0.189

2 	  32.66	  -7.37	  22.75
	  0.321	  0.946	 -0.031
	 -0.947	  0.321	 -0.009
	  0.002	  0.032	  0.999

3 	  44.56	  -0.54	   1.32
	  0.591	 -0.101	  0.800
	  0.015	  0.993	  0.114
	 -0.807	 -0.056	  0.588

4 	  38.88	   6.63	  -3.20
	  0.161	  0.957	  0.242
	 -0.904	  0.045	  0.424
	  0.395	 -0.287	  0.872

5 	  39.53	   8.81	   9.12
	  0.404	  0.135	  0.905
	 -0.544	 -0.760	  0.354
	  0.737	 -0.634	 -0.232

6 	  45.53	   9.79	  19.16
	  0.492	 -0.020	  0.870
	 -0.854	  0.190	  0.484
	 -0.180	 -0.981	  0.076

7 	  38.55	  -8.07	  -2.79
	  0.183	 -0.932	  0.314
	  0.932	  0.064	 -0.355
	  0.311	  0.357	  0.881

8 	  40.32	 -10.02	   9.63
	  0.572	 -0.080	  0.816
	  0.352	 -0.875	 -0.331
	  0.742	  0.475	 -0.472

9 	  46.49	 -12.09	  18.46
	  0.567	 -0.099	  0.817
	  0.817	  0.196	 -0.542
	 -0.111	  0.975	  0.192

2 	  32.66	  -7.37	  22.75
	  0.322	  0.946	 -0.031
	 -0.947	  0.321	 -0.010
	  0.001	  0.032	  0.999

3 	  44.58	  -0.56	   1.32
	  0.590	 -0.101	  0.800
	  0.016	  0.993	  0.114
	 -0.807	 -0.055	  0.588

4 	  38.90	   6.61	  -3.25
	  0.162	  0.958	  0.238
	 -0.906	  0.048	  0.421
	  0.392	 -0.283	  0.875

5 	  39.57	   8.79	   9.09
	  0.404	  0.136	  0.905
	 -0.549	 -0.756	  0.357
	  0.734	 -0.639	 -0.229

6 	  45.54	   9.76	  19.12
	  0.489	 -0.019	  0.872
	 -0.854	  0.198	  0.480
	 -0.186	 -0.979	  0.080

7 	  38.58	  -8.07	  -2.83
	  0.183	 -0.933	  0.311
	  0.933	  0.064	 -0.354
	  0.310	  0.354	  0.882

8 	  40.34	 -10.00	   9.60
	  0.573	 -0.078	  0.816
	  0.353	 -0.875	 -0.330
	  0.741	  0.476	 -0.474

9 	  46.49	 -12.09	  18.46
	  0.564	 -0.099	  0.819
	  0.818	  0.201	 -0.538
	 -0.116	  0.974	  0.194

2 	  32.66	  -7.37	  22.73
	  0.323	  0.946	 -0.031
	 -0.947	  0.323	 -0.010
	  0.001	  0.032	  0.999

3 	  44.65	  -0.58	   1.32
	  0.590	 -0.101	  0.801
	  0.020	  0.993	  0.110
	 -0.807	 -0.050	  0.588

4 	  38.95	   6.59	  -3.30
	  0.163	  0.959	  0.233
	 -0.907	  0.052	  0.418
	  0.389	 -0.279	  0.878

5 	  39.62	   8.81	   9.05
	  0.401	  0.135	  0.906
	 -0.555	 -0.751	  0.356
	  0.731	 -0.644	 -0.225

6 	  45.58	   9.76	  19.09
	  0.484	 -0.016	  0.875
	 -0.854	  0.211	  0.474
	 -0.198	 -0.977	  0.087

7 	  38.60	  -8.05	  -2.85
	  0.183	 -0.933	  0.309
	  0.933	  0.066	 -0.352
	  0.308	  0.352	  0.883

8 	  40.36	  -9.98	   9.58
	  0.573	 -0.077	  0.815
	  0.351	 -0.877	 -0.327
	  0.742	  0.472	 -0.476

9 	  46.51	 -12.09	  18.46
	  0.563	 -0.099	  0.820
	  0.819	  0.201	 -0.537
	 -0.116	  0.974	  0.194

2 	  32.66	  -7.37	  22.75
	  0.323	  0.946	 -0.031
	 -0.946	  0.323	 -0.010
	  0.001	  0.032	  0.999

3 	  44.68	  -0.60	   1.28
	  0.590	 -0.100	  0.801
	  0.022	  0.994	  0.107
	 -0.807	 -0.046	  0.588

4 	  38.99	   6.59	  -3.32
	  0.164	  0.959	  0.230
	 -0.907	  0.055	  0.417
	  0.388	 -0.277	  0.879

5 	  39.62	   8.81	   9.02
	  0.400	  0.135	  0.906
	 -0.557	 -0.750	  0.356
	  0.730	 -0.646	 -0.224

6 	  45.58	   9.76	  19.09
	  0.481	 -0.015	  0.876
	 -0.855	  0.219	  0.470
	 -0.205	 -0.975	  0.092

7 	  38.62	  -8.07	  -2.85
	  0.180	 -0.934	  0.310
	  0.934	  0.064	 -0.351
	  0.308	  0.352	  0.883

8 	  40.36	  -9.97	   9.60
	  0.571	 -0.076	  0.817
	  0.346	 -0.881	 -0.322
	  0.746	  0.465	 -0.476

9 	  46.49	 -12.11	  18.46
	  0.562	 -0.100	  0.821
	  0.821	  0.193	 -0.537
	 -0.109	  0.976	  0.190

2 	  32.66	  -7.37	  22.73
	  0.323	  0.946	 -0.031
	 -0.946	  0.323	 -0.010
	  0.001	  0.032	  0.999

3 	  44.72	  -0.62	   1.27
	  0.590	 -0.099	  0.801
	  0.023	  0.994	  0.106
	 -0.807	 -0.044	  0.589

4 	  39.01	   6.59	  -3.32
	  0.164	  0.959	  0.229
	 -0.907	  0.055	  0.417
	  0.387	 -0.277	  0.879

5 	  39.67	   8.81	   9.00
	  0.400	  0.135	  0.907
	 -0.557	 -0.750	  0.356
	  0.730	 -0.646	 -0.223

6 	  45.58	   9.76	  19.09
	  0.479	 -0.015	  0.877
	 -0.855	  0.221	  0.469
	 -0.206	 -0.974	  0.093

7 	  38.65	  -8.07	  -2.87
	  0.180	 -0.934	  0.310
	  0.934	  0.063	 -0.351
	  0.308	  0.352	  0.884

8 	  40.36	  -9.97	   9.58
	  0.570	 -0.077	  0.818
	  0.344	 -0.882	 -0.321
	  0.747	  0.463	 -0.477

9 	  46.49	 -12.11	  18.47
	  0.560	 -0.102	  0.822
	  0.822	  0.188	 -0.536
	 -0.104	  0.977	  0.188

2 	  32.66	  -7.37	  22.75
	  0.325	  0.945	 -0.031
	 -0.946	  0.324	 -0.010
	  0.001	  0.032	  0.999

3 	  44.75	  -0.62	   1.27
	  0.587	 -0.099	  0.803
	  0.023	  0.994	  0.106
	 -0.809	 -0.044	  0.586

4 	  39.02	   6.57	  -3.34
	  0.164	  0.959	  0.229
	 -0.908	  0.056	  0.414
	  0.385	 -0.275	  0.881

5 	  39.66	   8.79	   9.00
	  0.399	  0.136	  0.907
	 -0.557	 -0.750	  0.356
	  0.730	 -0.645	 -0.223

6 	  45.60	   9.76	  19.09
	  0.480	 -0.015	  0.877
	 -0.855	  0.220	  0.470
	 -0.206	 -0.974	  0.092

7 	  38.67	  -8.05	  -2.87
	  0.178	 -0.934	  0.310
	  0.936	  0.063	 -0.347
	  0.305	  0.352	  0.885

8 	  40.38	  -9.97	   9.60
	  0.569	 -0.077	  0.818
	  0.344	 -0.882	 -0.320
	  0.748	  0.463	 -0.476

9 	  46.48	 -12.09	  18.49
	  0.560	 -0.102	  0.822
	  0.823	  0.185	 -0.537
	 -0.101	  0.977	  0.187

2 	  32.66	  -7.37	  22.73
	  0.325	  0.945	 -0.031
	 -0.946	  0.325	 -0.009
	  0.002	  0.031	  0.999

3 	  44.74	  -0.60	   1.28
	  0.586	 -0.100	  0.804
	  0.022	  0.994	  0.107
	 -0.810	 -0.045	  0.584

4 	  39.01	   6.59	  -3.32
	  0.163	  0.960	  0.228
	 -0.909	  0.056	  0.412
	  0.383	 -0.275	  0.882

5 	  39.64	   8.79	   9.00
	  0.400	  0.137	  0.906
	 -0.553	 -0.753	  0.356
	  0.733	 -0.642	 -0.224

6 	  45.56	   9.76	  19.11
	  0.482	 -0.015	  0.876
	 -0.855	  0.213	  0.472
	 -0.199	 -0.976	  0.089

7 	  38.65	  -8.03	  -2.85
	  0.177	 -0.933	  0.312
	  0.936	  0.062	 -0.345
	  0.303	  0.354	  0.885

8 	  40.39	  -9.95	   9.62
	  0.571	 -0.076	  0.817
	  0.345	 -0.882	 -0.321
	  0.746	  0.464	 -0.477

9 	  46.55	 -12.11	  18.47
	  0.560	 -0.106	  0.821
	  0.822	  0.195	 -0.535
	 -0.107	  0.975	  0.196

2 	  32.66	  -7.37	  22.73
	  0.326	  0.945	 -0.031
	 -0.946	  0.325	 -0.009
	  0.002	  0.032	  0.999

3 	  44.70	  -0.58	   1.32
	  0.585	 -0.102	  0.804
	  0.019	  0.993	  0.113
	 -0.810	 -0.051	  0.583

4 	  38.95	   6.57	  -3.32
	  0.154	  0.956	  0.249
	 -0.915	  0.043	  0.400
	  0.372	 -0.290	  0.881

5 	  39.83	   8.81	   8.89
	  0.399	  0.173	  0.900
	 -0.547	 -0.744	  0.384
	  0.738	 -0.644	 -0.201

6 	  46.48	   9.98	  18.54
	  0.509	  0.029	  0.860
	 -0.809	  0.361	  0.465
	 -0.302	 -0.931	  0.207

7 	  38.67	  -8.03	  -2.83
	  0.207	 -0.921	  0.330
	  0.932	  0.083	 -0.352
	  0.297	  0.381	  0.875

8 	  41.26	 -10.25	   9.28
	  0.601	 -0.120	  0.790
	  0.339	 -0.858	 -0.386
	  0.725	  0.498	 -0.475

9 	  48.27	 -12.78	  17.30
	  0.619	 -0.148	  0.771
	  0.766	  0.336	 -0.547
	 -0.184	  0.929	  0.322

2 	  32.66	  -7.37	  22.75
	  0.326	  0.945	 -0.031
	 -0.946	  0.325	 -0.010
	  0.001	  0.032	  0.999

3 	  44.65	  -0.56	   1.32
	  0.585	 -0.104	  0.804
	  0.016	  0.993	  0.116
	 -0.811	 -0.055	  0.583

4 	  38.87	   6.42	  -3.53
	  0.195	  0.951	  0.238
	 -0.898	  0.075	  0.434
	  0.395	 -0.299	  0.868

5 	  41.57	   9.23	   8.16
	  0.544	  0.247	  0.802
	 -0.436	 -0.734	  0.520
	  0.719	 -0.631	 -0.292

6 	  49.69	  11.27	  16.12
	  0.656	  0.115	  0.745
	 -0.712	  0.427	  0.558
	 -0.260	 -0.895	  0.362

7 	  38.57	  -7.96	  -2.90
	  0.266	 -0.919	  0.289
	  0.906	  0.135	 -0.402
	  0.330	  0.369	  0.869

8 	  42.33	 -10.83	   8.54
	  0.667	 -0.198	  0.718
	  0.267	 -0.837	 -0.478
	  0.696	  0.510	 -0.505

9 	  49.92	 -14.01	  15.31
	  0.694	 -0.230	  0.681
	  0.713	  0.350	 -0.607
	 -0.102	  0.907	  0.408

2 	  32.66	  -7.37	  22.73
	  0.327	  0.944	 -0.031
	 -0.945	  0.326	 -0.009
	  0.002	  0.032	  0.999

3 	  44.63	  -0.63	   1.27
	  0.586	 -0.105	  0.803
	  0.030	  0.993	  0.108
	 -0.810	 -0.039	  0.585

4 	  38.81	   6.24	  -3.81
	  0.225	  0.953	  0.201
	 -0.883	  0.112	  0.455
	  0.412	 -0.280	  0.867

5 	  42.36	   9.40	   7.49
	  0.618	  0.284	  0.733
	 -0.365	 -0.724	  0.586
	  0.698	 -0.628	 -0.344

6 	  50.80	  11.81	  14.75
	  0.693	  0.151	  0.704
	 -0.628	  0.608	  0.486
	 -0.357	 -0.778	  0.517

7 	  38.46	  -7.89	  -3.01
	  0.293	 -0.925	  0.243
	  0.885	  0.165	 -0.435
	  0.362	  0.342	  0.867

8 	  42.98	 -11.50	   7.82
	  0.727	 -0.283	  0.625
	  0.146	 -0.826	 -0.544
	  0.671	  0.486	 -0.560

9 	  50.82	 -15.61	  13.43
	  0.730	 -0.330	  0.598
	  0.682	  0.383	 -0.622
	 -0.026	  0.862	  0.505

2 	  32.66	  -7.37	  22.73
	  0.328	  0.944	 -0.031
	 -0.945	  0.328	 -0.009
	  0.002	  0.032	  0.999

3 	  44.61	  -0.70	   1.18
	  0.593	 -0.105	  0.798
	  0.033	  0.994	  0.106
	 -0.804	 -0.037	  0.593

4 	  38.62	   6.06	  -3.96
	  0.263	  0.950	  0.168
	 -0.856	  0.148	  0.495
	  0.446	 -0.274	  0.852

5 	  42.91	   9.81	   6.75
	  0.667	  0.326	  0.670
	 -0.325	 -0.683	  0.654
	  0.672	 -0.653	 -0.350

6 	  51.84	  12.85	  12.94
	  0.750	  0.216	  0.625
	 -0.598	  0.628	  0.498
	 -0.288	 -0.746	  0.600

7 	  38.44	  -7.80	  -3.09
	  0.356	 -0.921	  0.159
	  0.840	  0.241	 -0.486
	  0.410	  0.306	  0.859

8 	  43.17	 -12.69	   6.79
	  0.729	 -0.414	  0.545
	  0.045	 -0.766	 -0.642
	  0.683	  0.492	 -0.540

9 	  50.66	 -18.37	  11.16
	  0.720	 -0.479	  0.501
	  0.690	  0.426	 -0.585
	  0.066	  0.767	  0.637

2 	  32.64	  -7.37	  22.73
	  0.331	  0.943	 -0.030
	 -0.944	  0.330	 -0.008
	  0.003	  0.031	  0.999

3 	  44.70	  -0.72	   1.11
	  0.588	 -0.103	  0.802
	  0.016	  0.993	  0.116
	 -0.809	 -0.056	  0.585

4 	  38.53	   5.87	  -4.20
	  0.176	  0.976	  0.129
	 -0.879	  0.097	  0.466
	  0.443	 -0.195	  0.875

5 	  41.22	  11.13	   6.19
	  0.538	  0.542	  0.645
	 -0.153	 -0.691	  0.706
	  0.829	 -0.478	 -0.290

6 	  48.66	  17.42	  12.36
	  0.615	  0.486	  0.621
	 -0.781	  0.491	  0.387
	 -0.120	 -0.722	  0.681

7 	  38.30	  -7.58	  -3.30
	  0.340	 -0.939	  0.060
	  0.822	  0.265	 -0.504
	  0.458	  0.220	  0.861

8 	  41.87	 -14.24	   5.62
	  0.631	 -0.630	  0.453
	 -0.145	 -0.669	 -0.729
	  0.762	  0.395	 -0.513

9 	  47.83	 -22.22	   8.63
	  0.588	 -0.707	  0.392
	  0.770	  0.338	 -0.542
	  0.253	  0.620	  0.742

2 	  32.66	  -7.37	  22.73
	  0.332	  0.943	 -0.031
	 -0.943	  0.332	 -0.008
	  0.003	  0.031	  0.999

3 	  44.51	  -0.62	   1.04
	  0.577	 -0.089	  0.812
	 -0.026	  0.991	  0.127
	 -0.816	 -0.094	  0.570

4 	  37.97	   5.62	  -4.48
	  0.111	  0.990	  0.082
	 -0.885	  0.061	  0.462
	  0.453	 -0.123	  0.883

5 	  40.24	  12.15	   5.03
	  0.472	  0.692	  0.545
	 -0.001	 -0.619	  0.785
	  0.881	 -0.371	 -0.292

6 	  47.04	  20.25	   9.90
