2 	  33.13	  -8.26	  22.83
	  0.755	  0.654	 -0.046
	 -0.657	  0.753	 -0.039
	  0.011	  0.059	  0.998

3 	  43.54	  -1.44	  -1.18
	  0.567	  0.446	  0.692
	 -0.439	  0.874	 -0.207
	 -0.699	 -0.185	  0.690

4 	  36.51	   5.91	  -3.83
	  0.567	  0.821	  0.064
	 -0.456	  0.246	  0.855
	  0.687	 -0.514	  0.513

5 	  42.45	   9.90	   5.68
	  0.610	  0.182	  0.771
	 -0.670	 -0.403	  0.624
	  0.425	 -0.897	 -0.124

6 	  48.74	   1.67	   6.98
	  0.376	 -0.921	  0.101
	  0.440	  0.270	  0.856
	 -0.818	 -0.276	  0.505

7 	  37.25	  -8.63	  -4.22
	  0.746	 -0.634	 -0.203
	  0.298	  0.591	 -0.749
	  0.595	  0.499	  0.630

8 	  44.46	 -10.69	   4.73
	  0.751	  0.027	  0.660
	  0.653	 -0.175	 -0.736
	  0.094	  0.984	 -0.149

9 	  48.41	  -0.90	   3.16
	  0.019	  0.943	 -0.330
	 -0.671	 -0.233	 -0.704
	 -0.742	  0.234	  0.629

2 	  33.13	  -8.26	  22.85
	  0.755	  0.654	 -0.046
	 -0.657	  0.753	 -0.039
	  0.011	  0.059	  0.998

3 	  43.59	  -1.42	  -1.21
	  0.563	  0.447	  0.694
	 -0.441	  0.873	 -0.208
	 -0.701	 -0.188	  0.688

4 	  36.58	   5.92	  -3.88
	  0.567	  0.821	  0.064
	 -0.458	  0.248	  0.853
	  0.685	 -0.513	  0.516

5 	  42.47	   9.91	   5.64
	  0.606	  0.182	  0.774
	 -0.673	 -0.402	  0.621
	  0.425	 -0.897	 -0.122

6 	  48.76	   1.67	   6.98
	  0.377	 -0.920	  0.101
	  0.435	  0.269	  0.859
	 -0.820	 -0.278	  0.500

7 	  37.30	  -8.63	  -4.25
	  0.748	 -0.632	 -0.204
	  0.297	  0.593	 -0.749
	  0.594	  0.500	  0.630

8 	  44.53	 -10.67	   4.69
	  0.751	  0.030	  0.660
	  0.654	 -0.174	 -0.736
	  0.091	  0.984	 -0.150

9 	  48.45	  -0.88	   3.15
	  0.017	  0.944	 -0.330
	 -0.670	 -0.234	 -0.704
	 -0.742	  0.233	  0.628

2 	  33.13	  -8.24	  22.83
	  0.754	  0.655	 -0.046
	 -0.657	  0.752	 -0.039
	  0.011	  0.059	  0.998

3 	  43.65	  -1.39	  -1.25
	  0.563	  0.448	  0.694
	 -0.445	  0.872	 -0.204
	 -0.698	 -0.193	  0.689

4 	  36.58	   5.94	  -3.88
	  0.566	  0.821	  0.064
	 -0.457	  0.247	  0.854
	  0.686	 -0.513	  0.515

5 	  42.47	   9.93	   5.64
	  0.606	  0.181	  0.774
	 -0.672	 -0.404	  0.620
	  0.426	 -0.896	 -0.123

6 	  48.78	   1.71	   6.98
	  0.380	 -0.920	  0.099
	  0.432	  0.268	  0.861
	 -0.821	 -0.283	  0.496

7 	  37.32	  -8.63	  -4.31
	  0.749	 -0.629	 -0.207
	  0.294	  0.596	 -0.747
	  0.593	  0.499	  0.631

8 	  44.54	 -10.65	   4.68
	  0.750	  0.031	  0.660
	  0.655	 -0.171	 -0.736
	  0.089	  0.985	 -0.149

9 	  48.45	  -0.86	   3.15
	  0.016	  0.944	 -0.329
	 -0.670	 -0.234	 -0.705
	 -0.743	  0.231	  0.628

2 	  33.12	  -8.24	  22.82
	  0.755	  0.654	 -0.047
	 -0.657	  0.753	 -0.039
	  0.012	  0.059	  0.998

3 	  43.63	  -1.37	  -1.27
	  0.563	  0.448	  0.694
	 -0.447	  0.871	 -0.203
	 -0.697	 -0.195	  0.690

4 	  36.56	   5.96	  -3.85
	  0.564	  0.823	  0.065
	 -0.456	  0.244	  0.855
	  0.689	 -0.512	  0.513

5 	  42.45	   9.93	   5.68
	  0.605	  0.181	  0.775
	 -0.672	 -0.406	  0.618
	  0.428	 -0.895	 -0.124

6 	  48.78	   1.76	   7.00
	  0.384	 -0.918	  0.098
	  0.426	  0.267	  0.864
	 -0.822	 -0.288	  0.492

7 	  37.32	  -8.61	  -4.29
	  0.750	 -0.628	 -0.207
	  0.294	  0.597	 -0.747
	  0.592	  0.500	  0.632

8 	  44.53	 -10.63	   4.69
	  0.749	  0.032	  0.662
	  0.657	 -0.172	 -0.734
	  0.089	  0.985	 -0.150

9 	  48.45	  -0.84	   3.16
	  0.018	  0.944	 -0.329
	 -0.668	 -0.234	 -0.706
	 -0.744	  0.232	  0.626

2 	  33.12	  -8.24	  22.82
	  0.755	  0.654	 -0.047
	 -0.657	  0.753	 -0.039
	  0.012	  0.059	  0.998

3 	  43.61	  -1.35	  -1.27
	  0.563	  0.448	  0.694
	 -0.447	  0.871	 -0.203
	 -0.697	 -0.195	  0.690

4 	  36.56	   5.98	  -3.85
	  0.564	  0.823	  0.065
	 -0.456	  0.243	  0.856
	  0.690	 -0.512	  0.511

5 	  42.42	   9.93	   5.71
	  0.603	  0.180	  0.777
	 -0.673	 -0.409	  0.617
	  0.429	 -0.894	 -0.125

6 	  48.76	   1.74	   7.05
	  0.385	 -0.918	  0.098
	  0.423	  0.266	  0.866
	 -0.823	 -0.290	  0.488

7 	  37.30	  -8.60	  -4.29
	  0.750	 -0.628	 -0.206
	  0.295	  0.597	 -0.746
	  0.592	  0.499	  0.633

8 	  44.49	 -10.62	   4.71
	  0.747	  0.032	  0.664
	  0.659	 -0.173	 -0.732
	  0.090	  0.984	 -0.150

9 	  48.45	  -0.84	   3.18
	  0.020	  0.944	 -0.329
	 -0.667	 -0.233	 -0.708
	 -0.745	  0.233	  0.625

2 	  33.13	  -8.24	  22.83
	  0.755	  0.654	 -0.047
	 -0.657	  0.753	 -0.039
	  0.012	  0.059	  0.998

3 	  43.61	  -1.35	  -1.25
	  0.562	  0.448	  0.694
	 -0.447	  0.871	 -0.203
	 -0.698	 -0.195	  0.689

4 	  36.56	   5.98	  -3.83
	  0.561	  0.825	  0.067
	 -0.458	  0.240	  0.856
	  0.690	 -0.511	  0.512

5 	  42.38	   9.93	   5.75
	  0.601	  0.180	  0.778
	 -0.673	 -0.412	  0.614
	  0.432	 -0.893	 -0.127

6 	  48.76	   1.74	   7.07
	  0.387	 -0.917	  0.098
	  0.420	  0.267	  0.867
	 -0.823	 -0.293	  0.486

7 	  37.30	  -8.58	  -4.27
	  0.750	 -0.629	 -0.204
	  0.297	  0.596	 -0.746
	  0.591	  0.499	  0.634

8 	  44.49	 -10.60	   4.73
	  0.746	  0.033	  0.665
	  0.660	 -0.173	 -0.731
	  0.090	  0.984	 -0.151

9 	  48.41	  -0.83	   3.20
	  0.021	  0.944	 -0.330
	 -0.667	 -0.233	 -0.707
	 -0.745	  0.234	  0.625

2 	  33.12	  -8.24	  22.82
	  0.755	  0.654	 -0.047
	 -0.657	  0.753	 -0.039
	  0.012	  0.059	  0.998

3 	  43.61	  -1.35	  -1.21
	  0.562	  0.448	  0.696
	 -0.447	  0.871	 -0.203
	 -0.699	 -0.196	  0.688

4 	  36.56	   5.96	  -3.81
	  0.564	  0.823	  0.070
	 -0.458	  0.239	  0.856
	  0.688	 -0.515	  0.511

5 	  42.36	   9.91	   5.80
	  0.601	  0.180	  0.778
	 -0.670	 -0.417	  0.614
	  0.436	 -0.890	 -0.130

6 	  48.78	   1.74	   7.05
	  0.389	 -0.916	  0.095
	  0.425	  0.267	  0.865
	 -0.820	 -0.294	  0.491

7 	  37.27	  -8.58	  -4.24
	  0.748	 -0.632	 -0.201
	  0.299	  0.592	 -0.748
	  0.592	  0.499	  0.632

8 	  44.42	 -10.60	   4.75
	  0.746	  0.033	  0.665
	  0.659	 -0.178	 -0.731
	  0.093	  0.983	 -0.154

9 	  48.39	  -0.86	   3.15
	  0.023	  0.942	 -0.333
	 -0.673	 -0.232	 -0.702
	 -0.740	  0.240	  0.629

2 	  33.12	  -8.24	  22.83
	  0.755	  0.654	 -0.047
	 -0.657	  0.753	 -0.039
	  0.012	  0.059	  0.998

3 	  43.54	  -1.39	  -1.18
	  0.562	  0.447	  0.695
	 -0.447	  0.871	 -0.203
	 -0.698	 -0.195	  0.688

4 	  36.51	   5.94	  -3.80
	  0.563	  0.823	  0.069
	 -0.456	  0.238	  0.857
	  0.690	 -0.514	  0.509

5 	  42.33	   9.90	   5.80
	  0.602	  0.180	  0.777
	 -0.668	 -0.419	  0.614
	  0.438	 -0.889	 -0.132

6 	  48.76	   1.74	   7.05
	  0.393	 -0.914	  0.094
	  0.427	  0.269	  0.863
	 -0.817	 -0.297	  0.494

7 	  37.21	  -8.61	  -4.22
	  0.747	 -0.634	 -0.201
	  0.299	  0.590	 -0.750
	  0.594	  0.500	  0.630

8 	  44.38	 -10.58	   4.78
	  0.747	  0.035	  0.663
	  0.658	 -0.180	 -0.731
	  0.092	  0.983	 -0.158

9 	  48.38	  -0.84	   3.15
	  0.021	  0.941	 -0.336
	 -0.677	 -0.234	 -0.698
	 -0.737	  0.242	  0.631

2 	  33.13	  -8.26	  22.83
	  0.755	  0.654	 -0.046
	 -0.657	  0.753	 -0.039
	  0.011	  0.059	  0.998

3 	  43.54	  -1.39	  -1.16
	  0.563	  0.448	  0.693
	 -0.446	  0.871	 -0.206
	 -0.699	 -0.192	  0.689

4 	  36.51	   5.91	  -3.81
	  0.568	  0.820	  0.071
	 -0.456	  0.240	  0.857
	  0.686	 -0.519	  0.510

5 	  42.12	   9.86	   5.85
	  0.598	  0.194	  0.778
	 -0.643	 -0.466	  0.608
	  0.482	 -0.863	 -0.153

6 	  49.04	   2.21	   6.94
	  0.480	 -0.873	  0.089
	  0.372	  0.290	  0.881
	 -0.797	 -0.389	  0.461

7 	  37.18	  -8.63	  -4.15
	  0.745	 -0.640	 -0.189
	  0.304	  0.577	 -0.758
	  0.594	  0.508	  0.623

8 	  43.88	 -10.53	   5.20
	  0.735	  0.017	  0.677
	  0.643	 -0.330	 -0.691
	  0.211	  0.944	 -0.253

9 	  49.22	  -1.97	   2.48
	  0.186	  0.870	 -0.457
	 -0.715	 -0.201	 -0.670
	 -0.675	  0.449	  0.585

2 	  33.12	  -8.24	  22.83
	  0.755	  0.654	 -0.046
	 -0.657	  0.753	 -0.039
	  0.011	  0.059	  0.998

3 	  43.56	  -1.41	  -1.20
	  0.572	  0.450	  0.686
	 -0.424	  0.877	 -0.226
	 -0.705	 -0.160	  0.691

4 	  36.51	   5.94	  -3.85
	  0.555	  0.828	  0.079
	 -0.465	  0.229	  0.855
	  0.690	 -0.511	  0.511

5 	  41.73	   9.79	   6.12
	  0.581	  0.210	  0.786
	 -0.586	 -0.564	  0.582
	  0.567	 -0.798	 -0.204

6 	  49.66	   3.27	   6.82
	  0.625	 -0.778	  0.057
	  0.272	  0.281	  0.920
	 -0.735	 -0.559	  0.384

7 	  37.18	  -8.61	  -4.11
	  0.732	 -0.659	 -0.173
	  0.314	  0.552	 -0.772
	  0.604	  0.512	  0.611

8 	  42.68	 -10.62	   5.94
	  0.682	 -0.060	  0.728
	  0.563	 -0.593	 -0.575
	  0.468	  0.802	 -0.371

9 	  50.33	  -4.97	   2.69
	  0.505	  0.653	 -0.564
	 -0.699	 -0.079	 -0.711
	 -0.514	  0.750	  0.417

2 	  33.12	  -8.24	  22.83
	  0.755	  0.654	 -0.046
	 -0.657	  0.753	 -0.039
	  0.010	  0.059	  0.998

3 	  43.63	  -1.46	  -1.21
	  0.577	  0.448	  0.682
	 -0.382	  0.886	 -0.262
	 -0.723	 -0.109	  0.682

4 	  36.53	   5.89	  -3.94
	  0.545	  0.835	  0.074
	 -0.469	  0.230	  0.852
	  0.695	 -0.499	  0.516

5 	  41.55	   9.81	   6.05
	  0.587	  0.247	  0.771
	 -0.509	 -0.630	  0.586
	  0.633	 -0.735	 -0.244

6 	  50.26	   4.71	   6.52
	  0.746	 -0.664	  0.033
	  0.206	  0.274	  0.939
	 -0.635	 -0.694	  0.338

7 	  37.11	  -8.65	  -4.01
	  0.709	 -0.689	 -0.150
	  0.336	  0.517	 -0.787
	  0.620	  0.508	  0.598

8 	  41.17	 -11.00	   6.49
	  0.582	 -0.179	  0.794
	  0.428	 -0.763	 -0.484
	  0.694	  0.619	 -0.367

9 	  50.52	  -8.61	   4.11
	  0.779	  0.376	 -0.500
	 -0.567	  0.075	 -0.821
	 -0.277	  0.922	  0.269

2 	  33.12	  -8.26	  22.83
	  0.755	  0.654	 -0.046
	 -0.657	  0.753	 -0.039
	  0.011	  0.059	  0.998

3 	  43.63	  -1.51	  -1.23
	  0.578	  0.452	  0.678
	 -0.349	  0.888	 -0.297
	 -0.738	 -0.065	  0.671

4 	  36.37	   5.70	  -4.06
	  0.518	  0.854	  0.046
	 -0.468	  0.237	  0.851
	  0.717	 -0.463	  0.521

5 	  41.27	  10.21	   5.75
	  0.583	  0.332	  0.741
	 -0.405	 -0.674	  0.618
	  0.707	 -0.658	 -0.259

6 	  50.73	   6.96	   6.43
	  0.865	 -0.496	  0.079
	  0.118	  0.350	  0.929
	 -0.491	 -0.795	  0.357

7 	  37.14	  -8.72	  -3.90
	  0.698	 -0.704	 -0.130
	  0.347	  0.491	 -0.799
	  0.626	  0.513	  0.587

8 	  40.15	 -11.16	   6.79
	  0.480	 -0.266	  0.836
	  0.284	 -0.856	 -0.433
	  0.831	  0.443	 -0.335

9 	  49.99	 -11.87	   5.66
	  0.912	  0.067	 -0.405
	 -0.410	  0.073	 -0.909
	 -0.035	  0.995	  0.092

2 	  33.12	  -8.26	  22.83
	  0.755	  0.654	 -0.046
	 -0.657	  0.753	 -0.039
	  0.011	  0.059	  0.998

3 	  43.66	  -1.55	  -1.18
	  0.573	  0.455	  0.681
	 -0.320	  0.889	 -0.326
	 -0.755	 -0.030	  0.655

4 	  36.35	   5.57	  -4.17
	  0.496	  0.868	  0.032
	 -0.473	  0.237	  0.848
	  0.729	 -0.436	  0.528

5 	  41.08	  10.41	   5.68
	  0.564	  0.380	  0.733
	 -0.338	 -0.705	  0.623
	  0.755	 -0.597	 -0.270

6 	  50.85	   8.68	   7.08
	  0.929	 -0.337	  0.149
	 -0.034	  0.322	  0.946
	 -0.368	 -0.885	  0.285

7 	  37.16	  -8.75	  -3.88
	  0.688	 -0.717	 -0.116
	  0.361	  0.476	 -0.802
	  0.630	  0.509	  0.586

8 	  39.69	 -11.06	   6.94
	  0.433	 -0.282	  0.856
	  0.221	 -0.888	 -0.403
	  0.874	  0.363	 -0.322

9 	  49.52	 -12.69	   6.17
	  0.924	 -0.033	 -0.380
	 -0.379	  0.058	 -0.924
	  0.050	  0.998	  0.040

2 	  33.12	  -8.26	  22.83
	  0.755	  0.654	 -0.046
	 -0.657	  0.753	 -0.039
	  0.011	  0.059	  0.998

3 	  43.70	  -1.55	  -1.18
	  0.572	  0.457	  0.681
	 -0.318	  0.888	 -0.331
	 -0.757	 -0.027	  0.652

4 	  36.30	   5.50	  -4.15
	  0.474	  0.880	  0.029
	 -0.479	  0.229	  0.847
	  0.739	 -0.416	  0.530

5 	  40.55	  10.41	   5.80
	  0.532	  0.412	  0.740
	 -0.285	 -0.737	  0.612
	  0.799	 -0.534	 -0.275

6 	  50.31	   9.53	   7.26
	  0.957	 -0.272	  0.105
	 -0.026	  0.275	  0.961
	 -0.291	 -0.922	  0.254

7 	  37.30	  -8.75	  -3.94
	  0.687	 -0.718	 -0.115
	  0.367	  0.479	 -0.798
	  0.628	  0.505	  0.591

8 	  39.30	  -9.77	   7.37
	  0.443	 -0.129	  0.887
	  0.234	 -0.939	 -0.252
	  0.866	  0.318	 -0.385

9 	  48.16	 -13.13	   6.71
	  0.856	 -0.324	 -0.403
	 -0.433	 -0.024	 -0.901
	  0.283	  0.945	 -0.161

2 	  33.12	  -8.26	  22.83
	  0.755	  0.654	 -0.047
	 -0.657	  0.753	 -0.039
	  0.012	  0.059	  0.998

3 	  43.70	  -1.32	  -1.20
	  0.543	  0.469	  0.696
	 -0.350	  0.879	 -0.322
	 -0.764	 -0.068	  0.641

4 	  35.75	   5.40	  -3.92
	  0.370	  0.926	  0.077
	 -0.536	  0.144	  0.832
	  0.760	 -0.349	  0.549

5 	  39.22	   8.65	   7.08
	  0.492	  0.304	  0.816
	 -0.197	 -0.875	  0.443
	  0.849	 -0.377	 -0.370

6 	  49.10	   8.47	   6.38
	  0.962	 -0.212	 -0.171
	  0.208	  0.160	  0.965
	 -0.179	 -0.964	  0.195

7 	  37.62	  -8.77	  -4.34
	  0.714	 -0.694	 -0.096
	  0.385	  0.504	 -0.773
	  0.585	  0.515	  0.626

8 	  39.43	  -9.46	   7.22
	  0.453	 -0.104	  0.885
	  0.250	 -0.939	 -0.237
	  0.856	  0.328	 -0.398

9 	  48.36	 -13.10	   6.42
	  0.862	 -0.310	 -0.401
	 -0.416	  0.024	 -0.909
	  0.292	  0.950	 -0.107

2 	  33.13	  -8.26	  22.83
	  0.755	  0.654	 -0.047
	 -0.657	  0.753	 -0.039
	  0.012	  0.059	  0.998

3 	  43.68	  -1.18	  -1.28
	  0.549	  0.463	  0.696
	 -0.373	  0.880	 -0.295
	 -0.750	 -0.097	  0.655

4 	  35.51	   5.33	  -3.88
	  0.310	  0.946	  0.094
	 -0.563	  0.101	  0.820
	  0.767	 -0.307	  0.563

5 	  38.41	   8.89	   7.12
	  0.441	  0.338	  0.831
	 -0.140	 -0.889	  0.435
	  0.887	 -0.307	 -0.345

6 	  48.36	   9.98	   7.03
	  0.989	 -0.098	 -0.105
	  0.115	  0.100	  0.988
	 -0.087	 -0.990	  0.108

7 	  37.46	  -8.53	  -4.34
	  0.697	 -0.711	 -0.093
	  0.400	  0.493	 -0.773
	  0.595	  0.501	  0.627

8 	  39.01	  -9.30	   7.24
	  0.425	 -0.151	  0.892
	  0.127	 -0.966	 -0.223
	  0.896	  0.208	 -0.391

9 	  47.55	 -13.96	   6.73
	  0.831	 -0.409	 -0.376
	 -0.402	  0.025	 -0.915
	  0.385	  0.911	 -0.143

2 	  33.13	  -8.26	  22.83
	  0.755	  0.654	 -0.047
	 -0.657	  0.753	 -0.038
	  0.012	  0.059	  0.998

3 	  43.68	  -0.98	  -1.32
	  0.553	  0.461	  0.694
	 -0.353	  0.884	 -0.308
	 -0.756	 -0.074	  0.650

4 	  35.12	   5.12	  -3.90
	  0.195	  0.977	  0.086
	 -0.595	  0.048	  0.802
	  0.780	 -0.207	  0.590

5 	  37.44	   8.75	   7.29
	  0.390	  0.388	  0.834
	  0.025	 -0.911	  0.412
	  0.920	 -0.140	 -0.365

6 	  47.13	  11.64	   7.12
	  0.990	  0.072	 -0.120
	  0.113	  0.103	  0.988
	  0.083	 -0.992	  0.093

7 	  37.46	  -8.47	  -4.32
	  0.695	 -0.714	 -0.084
	  0.412	  0.490	 -0.768
	  0.590	  0.499	  0.634

8 	  38.74	  -9.21	   7.29
	  0.399	 -0.178	  0.899
	  0.030	 -0.978	 -0.206
	  0.917	  0.109	 -0.384

9 	  46.97	 -14.57	   6.93
	  0.802	 -0.474	 -0.363
	 -0.404	  0.019	 -0.914
	  0.441	  0.880	 -0.175

2 	  33.13	  -8.24	  22.82
	  0.754	  0.655	 -0.047
	 -0.657	  0.753	 -0.038
	  0.013	  0.059	  0.998

3 	  43.63	  -0.83	  -1.37
	  0.554	  0.450	  0.700
	 -0.354	  0.888	 -0.293
	 -0.755	 -0.085	  0.650

4 	  34.98	   5.24	  -3.66
	  0.187	  0.974	  0.126
	 -0.591	  0.009	  0.806
	  0.785	 -0.225	  0.577

5 	  37.85	   7.96	   7.73
	  0.435	  0.314	  0.843
	  0.058	 -0.945	  0.321
	  0.898	 -0.091	 -0.430

6 	  47.43	  11.20	   6.94
	  0.967	  0.134	 -0.216
	  0.213	  0.042	  0.976
	  0.140	 -0.990	  0.011

7 	  37.42	  -8.30	  -4.46
	  0.696	 -0.712	 -0.088
	  0.419	  0.503	 -0.756
	  0.583	  0.489	  0.648

8 	  38.76	  -9.19	   7.17
	  0.397	 -0.193	  0.897
	  0.019	 -0.976	 -0.218
	  0.918	  0.103	 -0.384

9 	  46.90	 -14.68	   6.80
	  0.797	 -0.481	 -0.365
	 -0.409	  0.017	 -0.912
	  0.447	  0.876	 -0.182

2 	  33.15	  -8.24	  22.82
	  0.754	  0.655	 -0.048
	 -0.657	  0.753	 -0.037
	  0.013	  0.059	  0.998

3 	  43.65	  -0.79	  -1.42
	  0.556	  0.438	  0.706
	 -0.352	  0.893	 -0.280
	 -0.754	 -0.092	  0.650

4 	  35.10	   5.33	  -3.64
	  0.195	  0.969	  0.149
	 -0.603	 -0.002	  0.798
	  0.774	 -0.245	  0.583

5 	  38.06	   7.68	   7.86
	  0.449	  0.278	  0.849
	  0.001	 -0.951	  0.309
	  0.894	 -0.137	 -0.427

6 	  47.62	  10.79	   7.14
	  0.969	  0.127	 -0.213
	  0.215	 -0.003	  0.976
	  0.123	 -0.992	 -0.030

7 	  37.42	  -8.26	  -4.48
	  0.690	 -0.719	 -0.083
	  0.430	  0.499	 -0.752
	  0.582	  0.483	  0.654

8 	  38.69	  -9.14	   7.17
	  0.389	 -0.201	  0.899
	 -0.017	 -0.978	 -0.211
	  0.921	  0.066	 -0.384

9 	  46.63	 -14.96	   6.82
	  0.778	 -0.512	 -0.363
	 -0.416	  0.014	 -0.909
	  0.473	  0.858	 -0.200

2 	  33.15	  -8.24	  22.82
	  0.754	  0.655	 -0.047
	 -0.658	  0.752	 -0.037
	  0.013	  0.059	  0.998

3 	  43.79	  -0.93	  -1.49
	  0.565	  0.422	  0.708
	 -0.325	  0.903	 -0.281
	 -0.759	 -0.071	  0.646

4 	  35.44	   5.41	  -3.67
	  0.221	  0.963	  0.155
	 -0.595	  0.006	  0.803
	  0.773	 -0.270	  0.574

5 	  38.81	   7.35	   7.82
	  0.483	  0.232	  0.844
	 -0.051	 -0.955	  0.290
	  0.874	 -0.182	 -0.450

6 	  48.30	  10.42	   6.82
	  0.956	  0.140	 -0.257
	  0.264	 -0.033	  0.964
	  0.126	 -0.990	 -0.069

7 	  37.48	  -8.23	  -4.69
	  0.662	 -0.747	 -0.066
	  0.473	  0.484	 -0.736
	  0.583	  0.456	  0.673

8 	  38.72	  -9.07	   7.07
	  0.384	 -0.210	  0.899
	 -0.050	 -0.977	 -0.207
	  0.922	  0.033	 -0.386

9 	  46.42	 -15.22	   6.70
	  0.753	 -0.548	 -0.365
	 -0.422	  0.025	 -0.906
	  0.507	  0.835	 -0.211

2 	  33.15	  -8.24	  22.82
	  0.754	  0.655	 -0.047
	 -0.658	  0.752	 -0.037
	  0.013	  0.059	  0.998

3 	  44.05	  -1.04	  -1.51
	  0.569	  0.415	  0.709
	 -0.298	  0.908	 -0.295
	 -0.767	 -0.043	  0.640

4 	  35.79	   5.52	  -3.85
	  0.227	  0.962	  0.153
	 -0.615	  0.019	  0.788
	  0.755	 -0.273	  0.596

5 	  38.65	   7.37	   7.82
	  0.447	  0.230	  0.864
	 -0.028	 -0.963	  0.270
	  0.894	 -0.144	 -0.424

6 	  48.20	  10.42	   7.19
	  0.969	  0.123	 -0.212
	  0.217	 -0.028	  0.976
	  0.114	 -0.992	 -0.055

7 	  37.44	  -8.17	  -4.52
	  0.649	 -0.760	 -0.044
	  0.490	  0.461	 -0.740
	  0.583	  0.458	  0.671

8 	  38.44	  -8.84	   7.26
	  0.364	 -0.209	  0.907
	 -0.119	 -0.977	 -0.177
	  0.924	 -0.044	 -0.380

9 	  45.84	 -15.47	   7.10
	  0.731	 -0.589	 -0.344
	 -0.411	  0.025	 -0.911
	  0.547	  0.807	 -0.222

2 	  33.15	  -8.24	  22.80
	  0.754	  0.655	 -0.047
	 -0.658	  0.752	 -0.037
	  0.013	  0.059	  0.998

3 	  43.98	  -0.98	  -1.49
	  0.570	  0.416	  0.708
	 -0.284	  0.908	 -0.307
	 -0.772	 -0.025	  0.635

4 	  35.58	   5.43	  -3.87
	  0.196	  0.970	  0.143
	 -0.620	  0.009	  0.784
	  0.760	 -0.242	  0.603

5 	  38.36	   7.49	   7.79
	  0.433	  0.257	  0.864
	 -0.025	 -0.955	  0.296
	  0.901	 -0.150	 -0.407

6 	  47.71	  11.16	   7.19
	  0.954	  0.204	 -0.219
	  0.229	 -0.028	  0.973
	  0.192	 -0.979	 -0.073

7 	  37.44	  -8.17	  -4.52
	  0.636	 -0.771	 -0.035
	  0.510	  0.454	 -0.730
	  0.579	  0.447	  0.682

8 	  38.41	  -8.81	   7.24
	  0.355	 -0.217	  0.909
	 -0.144	 -0.974	 -0.176
	  0.923	 -0.068	 -0.377

9 	  45.44	 -15.84	   7.21
	  0.690	 -0.641	 -0.336
	 -0.430	  0.012	 -0.903
	  0.585	  0.766	 -0.265

2 	  33.15	  -8.23	  22.80
	  0.754	  0.655	 -0.047
	 -0.658	  0.752	 -0.037
	  0.013	  0.059	  0.998

3 	  44.07	  -0.97	  -1.53
	  0.564	  0.420	  0.711
	 -0.282	  0.906	 -0.314
	 -0.777	 -0.023	  0.629

4 	  35.63	   5.27	  -3.99
	  0.172	  0.976	  0.131
	 -0.624	  0.004	  0.781
	  0.763	 -0.216	  0.609

5 	  38.18	   7.56	   7.66
	  0.414	  0.289	  0.863
	  0.025	 -0.952	  0.306
	  0.910	 -0.105	 -0.401

6 	  47.41	  11.58	   7.14
	  0.951	  0.230	 -0.206
	  0.212	 -0.001	  0.977
	  0.225	 -0.973	 -0.050

7 	  37.71	  -8.17	  -4.54
	  0.635	 -0.772	 -0.011
	  0.526	  0.443	 -0.725
	  0.566	  0.455	  0.688

8 	  38.50	  -8.67	   7.22
	  0.333	 -0.223	  0.916
	 -0.191	 -0.968	 -0.166
	  0.923	 -0.119	 -0.365

9 	  44.93	 -16.31	   7.47
	  0.630	 -0.709	 -0.318
	 -0.446	  0.007	 -0.895
	  0.638	  0.704	 -0.310

2 	  33.17	  -8.23	  22.80
	  0.754	  0.655	 -0.049
	 -0.658	  0.752	 -0.037
	  0.014	  0.060	  0.998

3 	  44.28	  -0.91	  -1.49
	  0.553	  0.424	  0.717
	 -0.279	  0.905	 -0.323
	 -0.786	 -0.021	  0.618

4 	  35.79	   5.26	  -4.11
	  0.153	  0.980	  0.126
	 -0.633	 -0.001	  0.774
	  0.759	 -0.199	  0.620

5 	  38.11	   7.58	   7.58
	  0.391	  0.308	  0.867
	  0.077	 -0.950	  0.302
	  0.917	 -0.051	 -0.396

6 	  47.14	  12.06	   7.28
	  0.944	  0.272	 -0.187
	  0.191	  0.008	  0.981
	  0.269	 -0.962	 -0.044

7 	  37.85	  -8.12	  -4.62
	  0.625	 -0.781	  0.005
	  0.546	  0.431	 -0.718
	  0.559	  0.451	  0.695

8 	  38.51	  -8.54	   7.21
	  0.315	 -0.243	  0.917
	 -0.252	 -0.953	 -0.166
	  0.915	 -0.179	 -0.361

9 	  44.24	 -16.75	   7.59
	  0.554	 -0.773	 -0.308
	 -0.485	  0.002	 -0.874
	  0.679	  0.632	 -0.372

2 	  33.17	  -8.23	  22.82
	  0.754	  0.655	 -0.049
	 -0.658	  0.752	 -0.037
	  0.014	  0.060	  0.998

3 	  44.35	  -0.83	  -1.46
	  0.549	  0.424	  0.720
	 -0.277	  0.905	 -0.324
	 -0.789	 -0.021	  0.613

4 	  35.86	   5.29	  -4.10
	  0.142	  0.981	  0.129
	 -0.638	 -0.009	  0.770
	  0.757	 -0.192	  0.624

5 	  37.86	   7.63	   7.61
	  0.366	  0.322	  0.873
	  0.177	 -0.945	  0.274
	  0.913	  0.054	 -0.403

6 	  46.76	  12.59	   7.66
	  0.939	  0.311	 -0.147
	  0.151	  0.009	  0.988
	  0.309	 -0.950	 -0.038

7 	  37.85	  -8.00	  -4.68
	  0.612	 -0.791	  0.014
	  0.563	  0.423	 -0.710
	  0.557	  0.442	  0.703

8 	  38.46	  -8.51	   7.12
	  0.292	 -0.272	  0.917
	 -0.313	 -0.933	 -0.178
	  0.904	 -0.235	 -0.357

9 	  43.80	 -17.16	   7.52
	  0.509	 -0.803	 -0.311
	 -0.502	  0.019	 -0.865
	  0.702	  0.594	 -0.392

2 	  33.17	  -8.23	  22.80
	  0.754	  0.655	 -0.049
	 -0.658	  0.752	 -0.037
	  0.014	  0.060	  0.998

3 	  44.38	  -0.76	  -1.44
	  0.547	  0.424	  0.721
	 -0.278	  0.905	 -0.323
	 -0.790	 -0.024	  0.612

4 	  35.84	   5.33	  -4.08
	  0.125	  0.984	  0.127
	 -0.638	 -0.019	  0.769
	  0.760	 -0.177	  0.625

5 	  37.83	   7.66	   7.63
	  0.362	  0.329	  0.872
	  0.214	 -0.940	  0.266
	  0.907	  0.090	 -0.411

6 	  46.60	  12.90	   7.72
	  0.930	  0.337	 -0.142
	  0.146	  0.014	  0.989
	  0.336	 -0.941	 -0.036

7 	  37.95	  -7.93	  -4.68
	  0.612	 -0.790	  0.020
	  0.569	  0.422	 -0.705
	  0.549	  0.443	  0.708

8 	  38.48	  -8.47	   7.10
	  0.277	 -0.272	  0.921
	 -0.316	 -0.931	 -0.181
	  0.907	 -0.241	 -0.344

9 	  43.75	 -17.16	   7.70
	  0.494	 -0.818	 -0.295
	 -0.528	 -0.011	 -0.849
	  0.693	  0.574	 -0.436

2 	  33.17	  -8.24	  22.80
	  0.754	  0.655	 -0.049
	 -0.658	  0.752	 -0.037
	  0.014	  0.060	  0.998

3 	  44.44	  -0.70	  -1.41
	  0.545	  0.425	  0.722
	 -0.278	  0.904	 -0.325
	 -0.792	 -0.024	  0.610

4 	  35.91	   5.33	  -4.11
	  0.125	  0.984	  0.126
	 -0.642	 -0.017	  0.766
	  0.756	 -0.177	  0.629

5 	  37.81	   7.68	   7.65
	  0.356	  0.332	  0.873
	  0.221	 -0.938	  0.267
	  0.908	  0.098	 -0.407

6 	  46.60	  12.88	   7.80
	  0.934	  0.333	 -0.129
	  0.132	  0.013	  0.991
	  0.332	 -0.943	 -0.031

7 	  37.97	  -7.95	  -4.69
	  0.602	 -0.798	  0.025
	  0.580	  0.415	 -0.701
	  0.550	  0.436	  0.712

8 	  38.41	  -8.46	   7.03
	  0.260	 -0.287	  0.922
	 -0.362	 -0.914	 -0.183
	  0.895	 -0.286	 -0.342

9 	  43.21	 -17.53	   7.79
	  0.448	 -0.847	 -0.287
	 -0.547	 -0.003	 -0.837
	  0.710	  0.530	 -0.463

2 	  33.17	  -8.23	  22.80
	  0.754	  0.655	 -0.049
	 -0.658	  0.752	 -0.037
	  0.014	  0.060	  0.998

3 	  44.47	  -0.72	  -1.41
	  0.547	  0.424	  0.721
	 -0.268	  0.905	 -0.331
	 -0.794	 -0.012	  0.607

4 	  35.89	   5.29	  -4.11
	  0.116	  0.986	  0.119
	 -0.640	 -0.018	  0.768
	  0.760	 -0.165	  0.629

5 	  37.63	   7.68	   7.66
	  0.345	  0.347	  0.872
	  0.325	 -0.916	  0.237
	  0.881	  0.201	 -0.428

6 	  46.27	  13.24	   7.80
	  0.926	  0.356	 -0.123
	  0.122	  0.027	  0.992
	  0.357	 -0.934	 -0.017

7 	  37.79	  -7.84	  -4.76
	  0.575	 -0.818	  0.026
	  0.603	  0.401	 -0.689
	  0.554	  0.411	  0.723

8 	  38.21	  -8.42	   6.82
	  0.206	 -0.296	  0.933
	 -0.420	 -0.888	 -0.189
	  0.884	 -0.352	 -0.307

9 	  42.70	 -17.75	   7.77
	  0.415	 -0.865	 -0.282
	 -0.547	  0.011	 -0.837
	  0.729	  0.500	 -0.467

2 	  33.17	  -8.23	  22.80
	  0.754	  0.655	 -0.049
	 -0.658	  0.752	 -0.037
	  0.014	  0.060	  0.998

3 	  44.46	  -0.69	  -1.39
	  0.548	  0.423	  0.721
	 -0.267	  0.905	 -0.331
	 -0.793	 -0.011	  0.609

4 	  35.86	   5.29	  -4.11
	  0.108	  0.987	  0.114
	 -0.639	 -0.020	  0.769
	  0.762	 -0.156	  0.628

5 	  37.63	   7.72	   7.63
	  0.341	  0.357	  0.869
	  0.320	 -0.914	  0.250
	  0.884	  0.192	 -0.426

6 	  46.27	  13.25	   7.75
	  0.926	  0.355	 -0.129
	  0.127	  0.028	  0.991
	  0.356	 -0.934	 -0.018

7 	  37.90	  -7.84	  -4.73
	  0.588	 -0.808	  0.029
	  0.596	  0.409	 -0.691
	  0.547	  0.423	  0.722

8 	  38.32	  -8.42	   6.91
	  0.219	 -0.283	  0.933
	 -0.373	 -0.908	 -0.189
	  0.901	 -0.307	 -0.305

9 	  43.37	 -17.37	   7.73
	  0.479	 -0.830	 -0.285
	 -0.517	 -0.003	 -0.856
	  0.711	  0.556	 -0.430

2 	  33.17	  -8.23	  22.78
	  0.754	  0.655	 -0.049
	 -0.658	  0.752	 -0.037
	  0.015	  0.060	  0.998

3 	  44.47	  -0.67	  -1.39
	  0.547	  0.426	  0.720
	 -0.272	  0.904	 -0.330
	 -0.792	 -0.014	  0.609

4 	  35.96	   5.33	  -4.11
	  0.126	  0.985	  0.116
	 -0.641	 -0.009	  0.767
	  0.757	 -0.171	  0.630

5 	  37.72	   7.79	   7.56
	  0.349	  0.337	  0.874
	  0.233	 -0.935	  0.268
	  0.908	  0.110	 -0.404

6 	  46.78	  12.43	   7.82
	  0.955	  0.271	 -0.116
	  0.116	  0.016	  0.993
	  0.272	 -0.962	 -0.016

7 	  37.86	  -7.89	  -4.73
	  0.596	 -0.803	  0.015
	  0.583	  0.419	 -0.695
	  0.553	  0.423	  0.718

8 	  38.37	  -8.61	   6.96
	  0.274	 -0.249	  0.929
	 -0.225	 -0.956	 -0.190
	  0.935	 -0.157	 -0.318

9 	  45.72	 -15.66	   7.80
	  0.703	 -0.658	 -0.269
	 -0.438	 -0.102	 -0.893
	  0.562	  0.745	 -0.358

2 	  33.15	  -8.23	  22.80
	  0.754	  0.655	 -0.049
	 -0.658	  0.752	 -0.037
	  0.015	  0.059	  0.998

3 	  44.38	  -0.76	  -1.32
	  0.550	  0.434	  0.713
	 -0.291	  0.900	 -0.325
	 -0.784	 -0.028	  0.620

4 	  35.88	   5.36	  -4.10
	  0.181	  0.976	  0.116
	 -0.620	  0.021	  0.784
	  0.763	 -0.214	  0.609

5 	  38.36	   7.96	   7.51
	  0.402	  0.286	  0.870
	  0.008	 -0.951	  0.308
	  0.915	 -0.116	 -0.385

6 	  48.29	  10.25	   7.66
	  0.995	  0.031	 -0.097
	  0.096	  0.037	  0.995
	  0.035	 -0.999	  0.032

7 	  37.69	  -7.95	  -4.66
	  0.627	 -0.779	 -0.013
	  0.545	  0.449	 -0.708
	  0.558	  0.437	  0.706

8 	  38.88	  -9.25	   7.00
	  0.382	 -0.180	  0.906
	  0.144	 -0.957	 -0.250
	  0.913	  0.226	 -0.340

9 	  48.74	 -11.81	   7.47
	  0.936	 -0.184	 -0.299
	 -0.330	 -0.165	 -0.929
	  0.120	  0.969	 -0.216

2 	  33.15	  -8.21	  22.78
	  0.754	  0.655	 -0.049
	 -0.658	  0.752	 -0.037
	  0.014	  0.060	  0.998

3 	  44.26	  -0.90	  -1.37
	  0.564	  0.441	  0.697
	 -0.311	  0.896	 -0.317
	 -0.765	 -0.038	  0.642

4 	  35.89	   5.40	  -4.08
	  0.243	  0.964	  0.103
	 -0.597	  0.065	  0.799
	  0.765	 -0.256	  0.591

5 	  38.83	   8.33	   7.31
	  0.441	  0.247	  0.863
	 -0.188	 -0.915	  0.356
	  0.878	 -0.319	 -0.357

6 	  48.85	   8.09	   7.40
	  0.969	 -0.231	 -0.084
	  0.110	  0.098	  0.989
	 -0.221	 -0.968	  0.118

7 	  37.53	  -7.98	  -4.59
	  0.651	 -0.758	 -0.043
	  0.512	  0.479	 -0.712
	  0.561	  0.442	  0.700

8 	  39.78	  -9.90	   6.75
	  0.444	 -0.124	  0.887
	  0.463	 -0.816	 -0.345
	  0.768	  0.563	 -0.305

9 	  49.75	  -7.58	   6.80
	  0.884	  0.336	 -0.325
	 -0.320	 -0.079	 -0.944
	 -0.346	  0.938	  0.034

2 	  33.17	  -8.23	  22.78
	  0.754	  0.655	 -0.048
	 -0.658	  0.752	 -0.037
	  0.014	  0.059	  0.998

3 	  44.12	  -0.77	  -1.41
	  0.567	  0.447	  0.692
	 -0.344	  0.891	 -0.296
	 -0.750	 -0.069	  0.658

4 	  35.82	   5.62	  -3.99
	  0.292	  0.952	  0.094
	 -0.568	  0.092	  0.818
	  0.770	 -0.292	  0.567

5 	  39.46	   9.12	   7.08
	  0.479	  0.233	  0.846
	 -0.356	 -0.830	  0.428
	  0.803	 -0.505	 -0.314

6 	  49.11	   6.35	   7.44
	  0.879	 -0.477	 -0.008
	  0.118	  0.198	  0.973
	 -0.465	 -0.856	  0.227

7 	  37.35	  -7.79	  -4.64
	  0.665	 -0.743	 -0.079
	  0.484	  0.508	 -0.712
	  0.570	  0.435	  0.697

8 	  40.66	 -10.34	   6.31
	  0.515	 -0.127	  0.848
	  0.578	 -0.679	 -0.452
	  0.635	  0.722	 -0.275

9 	  49.78	  -5.80	   5.48
	  0.732	  0.569	 -0.374
	 -0.454	 -0.007	 -0.891
	 -0.514	  0.820	  0.250

2 	  33.15	  -8.23	  22.80
	  0.754	  0.655	 -0.048
	 -0.658	  0.752	 -0.037
	  0.014	  0.059	  0.998

3 	  43.96	  -0.79	  -1.37
	  0.574	  0.436	  0.692
	 -0.361	  0.894	 -0.266
	 -0.736	 -0.096	  0.670

4 	  35.95	   5.87	  -3.92
	  0.384	  0.919	  0.087
	 -0.530	  0.141	  0.836
	  0.757	 -0.367	  0.540

5 	  40.62	   9.62	   6.59
	  0.529	  0.193	  0.826
	 -0.562	 -0.651	  0.511
	  0.638	 -0.733	 -0.235

6 	  49.01	   3.59	   7.65
	  0.647	 -0.758	  0.082
	  0.241	  0.301	  0.922
	 -0.727	 -0.576	  0.374

7 	  37.14	  -7.73	  -4.69
	  0.669	 -0.735	 -0.114
	  0.470	  0.537	 -0.700
	  0.576	  0.415	  0.704

8 	  41.73	 -10.56	   5.82
	  0.598	 -0.096	  0.795
	  0.646	 -0.531	 -0.549
	  0.476	  0.841	 -0.256

9 	  49.41	  -3.92	   4.50
	  0.494	  0.789	 -0.364
	 -0.606	  0.008	 -0.796
	 -0.629	  0.611	  0.481

2 	  33.15	  -8.23	  22.80
	  0.754	  0.655	 -0.048
	 -0.658	  0.752	 -0.037
	  0.014	  0.059	  0.998

3 	  43.89	  -0.88	  -1.44
	  0.579	  0.436	  0.688
	 -0.387	  0.890	 -0.241
	 -0.719	 -0.126	  0.683

4 	  36.14	   5.98	  -3.99
	  0.452	  0.890	  0.060
	 -0.492	  0.192	  0.849
	  0.744	 -0.413	  0.525

5 	  41.55	  10.09	   6.01
	  0.578	  0.205	  0.790
	 -0.608	 -0.540	  0.582
	  0.548	 -0.815	 -0.187

6 	  49.15	   3.09	   7.35
	  0.547	 -0.828	  0.122
	  0.326	  0.341	  0.881
	 -0.774	 -0.442	  0.454

7 	  37.12	  -7.73	  -4.75
	  0.676	 -0.726	 -0.124
	  0.463	  0.549	 -0.695
	  0.573	  0.413	  0.708

8 	  41.85	 -10.63	   5.66
	  0.607	 -0.098	  0.788
	  0.656	 -0.499	 -0.566
	  0.450	  0.860	 -0.239

9 	  49.38	  -3.59	   4.64
	  0.477	  0.815	 -0.327
	 -0.601	  0.026	 -0.799
	 -0.646	  0.575	  0.502

2 	  33.15	  -8.23	  22.80
	  0.754	  0.655	 -0.048
	 -0.658	  0.752	 -0.037
	  0.014	  0.059	  0.998

3 	  43.91	  -0.93	  -1.49
	  0.583	  0.429	  0.689
	 -0.385	  0.893	 -0.232
	 -0.716	 -0.129	  0.686

4 	  36.54	   6.22	  -4.08
	  0.514	  0.856	  0.045
	 -0.466	  0.234	  0.853
	  0.720	 -0.459	  0.519

5 	  42.43	  10.12	   5.68
	  0.605	  0.180	  0.775
	 -0.643	 -0.464	  0.609
	  0.471	 -0.866	 -0.165

6 	  49.32	   2.36	   7.29
	  0.456	 -0.877	  0.150
	  0.376	  0.339	  0.862
	 -0.809	 -0.335	  0.482

7 	  37.00	  -7.68	  -4.87
	  0.673	 -0.722	 -0.161
	  0.444	  0.568	 -0.692
	  0.592	  0.394	  0.703

8 	  43.07	 -10.97	   4.68
	  0.695	 -0.111	  0.710
	  0.640	 -0.355	 -0.681
	  0.328	  0.928	 -0.176

9 	  49.57	  -2.62	   3.81
	  0.323	  0.913	 -0.246
	 -0.688	  0.045	 -0.724
	 -0.653	  0.401	  0.642

2 	  33.15	  -8.23	  22.80
	  0.754	  0.655	 -0.048
	 -0.658	  0.752	 -0.037
	  0.014	  0.060	  0.998

3 	  43.98	  -1.16	  -1.53
	  0.587	  0.414	  0.695
	 -0.391	  0.897	 -0.207
	 -0.710	 -0.149	  0.688

4 	  36.88	   6.21	  -4.22
	  0.564	  0.825	  0.029
	 -0.443	  0.271	  0.854
	  0.698	 -0.495	  0.518

5 	  43.22	   9.90	   5.31
	  0.629	  0.150	  0.762
	 -0.672	 -0.389	  0.630
	  0.392	 -0.909	 -0.144

6 	  49.38	   1.35	   7.01
	  0.360	 -0.919	  0.161
	  0.472	  0.325	  0.819
	 -0.808	 -0.217	  0.548

7 	  37.14	  -7.84	  -5.01
	  0.697	 -0.686	 -0.208
	  0.395	  0.610	 -0.687
	  0.598	  0.397	  0.696

8 	  44.63	 -10.32	   3.80
	  0.793	 -0.016	  0.609
	  0.587	 -0.245	 -0.771
	  0.161	  0.969	 -0.185

9 	  49.83	  -0.84	   2.53
	  0.170	  0.958	 -0.229
	 -0.753	 -0.026	 -0.658
	 -0.638	  0.282	  0.717

2 	  33.15	  -8.24	  22.80
	  0.754	  0.655	 -0.048
	 -0.658	  0.752	 -0.037
	  0.014	  0.059	  0.998

3 	  44.09	  -1.18	  -1.65
	  0.587	  0.426	  0.688
	 -0.467	  0.872	 -0.144
	 -0.663	 -0.236	  0.710

4 	  37.28	   6.33	  -4.29
	  0.613	  0.789	  0.034
	 -0.428	  0.294	  0.854
	  0.665	 -0.539	  0.517

5 	  44.10	   9.42	   5.20
	  0.658	  0.090	  0.748
	 -0.686	 -0.338	  0.644
	  0.311	 -0.937	 -0.161

6 	  49.39	   0.40	   6.71
	  0.278	 -0.948	  0.155
	  0.545	  0.285	  0.788
	 -0.793	 -0.133	  0.594

7 	  37.16	  -7.84	  -5.08
	  0.715	 -0.668	 -0.205
	  0.377	  0.615	 -0.692
	  0.589	  0.418	  0.691

8 	  44.77	  -9.56	   3.94
	  0.783	  0.070	  0.618
	  0.617	 -0.215	 -0.757
	  0.079	  0.974	 -0.212

9 	  49.52	   0.14	   2.79
	  0.132	  0.967	 -0.218
	 -0.735	 -0.054	 -0.676
	 -0.666	  0.247	  0.704

2 	  33.17	  -8.23	  22.80
	  0.754	  0.655	 -0.048
	 -0.658	  0.752	 -0.037
	  0.014	  0.059	  0.998

3 	  43.95	  -1.30	  -1.67
	  0.598	  0.428	  0.677
	 -0.487	  0.865	 -0.120
	 -0.639	 -0.256	  0.725

4 	  37.41	   6.31	  -4.29
	  0.635	  0.772	  0.028
	 -0.413	  0.307	  0.857
	  0.654	 -0.555	  0.513

5 	  44.40	   9.12	   5.12
	  0.665	  0.067	  0.743
	 -0.695	 -0.308	  0.649
	  0.273	 -0.949	 -0.159

6 	  49.38	  -0.23	   6.63
	  0.232	 -0.959	  0.164
	  0.556	  0.266	  0.787
	 -0.800	 -0.089	  0.593

7 	  36.95	  -7.98	  -5.06
	  0.720	 -0.658	 -0.218
	  0.350	  0.615	 -0.706
	  0.599	  0.433	  0.673

8 	  45.12	  -9.28	   3.60
	  0.811	  0.112	  0.573
	  0.584	 -0.186	 -0.790
	  0.017	  0.976	 -0.217

9 	  49.55	   0.74	   2.44
	  0.092	  0.976	 -0.194
	 -0.753	 -0.061	 -0.655
	 -0.653	  0.204	  0.729

2 	  33.17	  -8.23	  22.80
	  0.754	  0.655	 -0.048
	 -0.658	  0.752	 -0.037
	  0.014	  0.059	  0.998

3 	  43.91	  -1.42	  -1.71
	  0.600	  0.432	  0.672
	 -0.509	  0.855	 -0.098
	 -0.619	 -0.283	  0.732

4 	  37.48	   6.21	  -4.36
	  0.649	  0.760	  0.015
	 -0.400	  0.323	  0.857
	  0.648	 -0.562	  0.513

5 	  44.60	   8.91	   4.99
	  0.672	  0.053	  0.738
	 -0.697	 -0.293	  0.655
	  0.252	 -0.954	 -0.160

6 	  49.38	  -0.40	   6.56
	  0.216	 -0.962	  0.165
	  0.561	  0.259	  0.786
	 -0.800	 -0.075	  0.595

7 	  37.07	  -8.12	  -5.06
	  0.735	 -0.639	 -0.224
	  0.325	  0.623	 -0.711
	  0.595	  0.450	  0.666

8 	  45.37	  -9.11	   3.50
	  0.813	  0.142	  0.565
	  0.582	 -0.154	 -0.798
	 -0.028	  0.978	 -0.207

9 	  49.50	   1.12	   2.48
	  0.062	  0.982	 -0.176
	 -0.751	 -0.072	 -0.656
	 -0.659	  0.171	  0.733

2 	  33.17	  -8.23	  22.80
	  0.754	  0.655	 -0.049
	 -0.658	  0.752	 -0.037
	  0.014	  0.060	  0.998

3 	  43.95	  -1.39	  -1.71
	  0.599	  0.437	  0.671
	 -0.512	  0.853	 -0.101
	 -0.618	 -0.282	  0.733

4 	  37.44	   6.17	  -4.32
	  0.640	  0.768	  0.016
	 -0.405	  0.317	  0.857
	  0.654	 -0.555	  0.513

5 	  44.53	   8.95	   5.06
	  0.671	  0.057	  0.739
	 -0.698	 -0.288	  0.655
	  0.251	 -0.956	 -0.154

6 	  49.38	  -0.33	   6.66
	  0.226	 -0.959	  0.169
	  0.552	  0.267	  0.790
	 -0.805	 -0.084	  0.588

7 	  37.11	  -8.17	  -4.99
	  0.739	 -0.635	 -0.225
	  0.321	  0.624	 -0.712
	  0.593	  0.454	  0.665

8 	  45.39	  -9.14	   3.57
	  0.810	  0.141	  0.569
	  0.586	 -0.154	 -0.796
	 -0.027	  0.978	 -0.207

9 	  49.50	   1.07	   2.55
	  0.061	  0.982	 -0.180
	 -0.745	 -0.077	 -0.662
	 -0.665	  0.172	  0.726

