% Calibrated with leiden_pols
% Positions are in centimeters
Data =[
 2    96.684   -18.531    59.790
 2     0.001    -1.000    -0.014
 2     0.999     0.000     0.047
 2    -0.048    -0.014     0.999
 3   130.879    -1.093     0.382
 3     0.309     0.068    -0.949
 3     0.214     0.967     0.139
 3     0.927    -0.246     0.284
 4   110.445     8.085   -17.209
 4     0.616    -0.664     0.422
 4     0.701     0.707     0.089
 4    -0.358     0.241     0.902
 5   124.162    30.946    -7.057
 5     0.878     0.198     0.435
 5     0.478    -0.406    -0.779
 5     0.022     0.892    -0.451
 6   134.919     6.761   -10.110
 6     0.001     0.958     0.284
 6    -0.965    -0.073     0.251
 6     0.262    -0.275     0.925
 7   110.868   -17.181   -14.994
 7     0.715     0.364     0.597
 7    -0.379     0.919    -0.106
 7    -0.588    -0.151     0.795
 8   125.632   -38.926    -7.884
 8     0.844    -0.265     0.465
 8    -0.529    -0.283     0.800
 8    -0.080    -0.922    -0.379
 9   136.588   -14.026   -10.514
 9    -0.042    -0.989     0.143
 9     0.926    -0.092    -0.365
 9     0.373     0.117     0.920
 2    96.684   -18.531    59.790
 2     0.001    -1.000    -0.014
 2     0.999     0.000     0.047
 2    -0.048    -0.014     0.999
 3   130.872    -1.043     0.391
 3     0.309     0.068    -0.949
 3     0.215     0.966     0.139
 3     0.926    -0.247     0.284
 4   110.448     8.086   -17.161
 4     0.617    -0.665     0.421
 4     0.701     0.707     0.088
 4    -0.357     0.241     0.902
 5   124.064    30.948    -6.959
 5     0.877     0.198     0.436
 5     0.479    -0.406    -0.778
 5     0.023     0.892    -0.451
 6   134.919     6.787   -10.035
 6     0.002     0.958     0.285
 6    -0.965    -0.073     0.252
 6     0.262    -0.275     0.925
 7   110.836   -17.250   -14.911
 7     0.718     0.363     0.594
 7    -0.382     0.919    -0.101
 7    -0.582    -0.155     0.798
 8   125.748   -38.793    -7.575
 8     0.847    -0.260     0.464
 8    -0.527    -0.289     0.799
 8    -0.073    -0.921    -0.381
 9   136.657   -13.901   -10.277
 9    -0.045    -0.989     0.141
 9     0.927    -0.094    -0.362
 9     0.371     0.115     0.921
 2    96.684   -18.531    59.790
 2     0.001    -1.000    -0.014
 2     0.999     0.000     0.047
 2    -0.048    -0.014     0.999
 3   130.824    -1.144     0.417
 3     0.309     0.068    -0.949
 3     0.216     0.966     0.140
 3     0.926    -0.249     0.283
 4   110.533     8.115   -17.121
 4     0.619    -0.665     0.418
 4     0.702     0.707     0.086
 4    -0.353     0.240     0.904
 5   124.116    30.949    -6.886
 5     0.878     0.197     0.437
 5     0.479    -0.407    -0.778
 5     0.024     0.891    -0.452
 6   134.970     6.788    -9.984
 6     0.003     0.958     0.284
 6    -0.965    -0.072     0.252
 6     0.262    -0.276     0.925
 7   110.973   -17.242   -14.853
 7     0.723     0.359     0.590
 7    -0.380     0.920    -0.094
 7    -0.577    -0.157     0.802
 8   125.884   -38.737    -7.413
 8     0.848    -0.255     0.465
 8    -0.526    -0.292     0.799
 8    -0.068    -0.922    -0.382
 9   136.781   -13.850   -10.095
 9    -0.046    -0.989     0.139
 9     0.928    -0.094    -0.361
 9     0.370     0.113     0.922
 2    96.684   -18.531    59.790
 2     0.001    -1.000    -0.014
 2     0.999     0.001     0.047
 2    -0.048    -0.014     0.999
 3   130.873    -1.040     0.520
 3     0.306     0.068    -0.949
 3     0.219     0.965     0.140
 3     0.926    -0.251     0.281
 4   110.666     8.041   -17.125
 4     0.621    -0.665     0.414
 4     0.700     0.708     0.086
 4    -0.351     0.237     0.906
 5   124.166    30.924    -6.886
 5     0.877     0.198     0.437
 5     0.479    -0.407    -0.778
 5     0.024     0.891    -0.452
 6   135.154     6.717    -9.921
 6     0.005     0.958     0.285
 6    -0.964    -0.072     0.256
 6     0.266    -0.276     0.923
 7   111.205   -17.364   -14.891
 7     0.726     0.355     0.588
 7    -0.378     0.921    -0.090
 7    -0.574    -0.157     0.804
 8   126.065   -38.734    -7.244
 8     0.850    -0.252     0.462
 8    -0.523    -0.295     0.800
 8    -0.065    -0.922    -0.383
 9   136.953   -13.825    -9.913
 9    -0.048    -0.989     0.138
 9     0.928    -0.095    -0.360
 9     0.369     0.111     0.922
 2    96.684   -18.531    59.790
 2     0.001    -1.000    -0.014
 2     0.999     0.000     0.047
 2    -0.048    -0.014     0.999
 3   130.832    -1.135     0.642
 3     0.301     0.070    -0.951
 3     0.223     0.964     0.142
 3     0.927    -0.255     0.274
 4   110.819     7.939   -17.173
 4     0.624    -0.665     0.411
 4     0.698     0.710     0.088
 4    -0.351     0.232     0.907
 5   124.246    30.746    -6.912
 5     0.878     0.196     0.437
 5     0.478    -0.406    -0.779
 5     0.025     0.893    -0.450
 6   135.259     6.616    -9.876
 6     0.003     0.958     0.284
 6    -0.963    -0.073     0.258
 6     0.268    -0.275     0.923
 7   111.210   -17.412   -14.872
 7     0.727     0.356     0.586
 7    -0.379     0.921    -0.089
 7    -0.572    -0.158     0.805
 8   126.069   -38.783    -7.199
 8     0.849    -0.250     0.464
 8    -0.524    -0.296     0.799
 8    -0.063    -0.922    -0.383
 9   136.929   -13.902    -9.861
 9    -0.047    -0.989     0.137
 9     0.928    -0.094    -0.360
 9     0.369     0.110     0.923
 2    96.634   -18.532    59.790
 2     0.001    -1.000    -0.014
 2     0.999     0.000     0.048
 2    -0.048    -0.014     0.999
 3   130.832    -1.185     0.643
 3     0.300     0.072    -0.951
 3     0.225     0.964     0.144
 3     0.927    -0.257     0.273
 4   110.771     7.862   -17.121
 4     0.626    -0.663     0.411
 4     0.697     0.712     0.088
 4    -0.351     0.231     0.907
 5   124.294    30.745    -6.959
 5     0.879     0.195     0.435
 5     0.477    -0.405    -0.780
 5     0.024     0.893    -0.449
 6   135.211     6.538    -9.822
 6    -0.001     0.958     0.287
 6    -0.963    -0.078     0.256
 6     0.268    -0.277     0.923
 7   111.091   -17.541   -14.770
 7     0.724     0.362     0.586
 7    -0.385     0.918    -0.092
 7    -0.571    -0.160     0.805
 8   125.897   -39.012    -7.074
 8     0.847    -0.251     0.468
 8    -0.527    -0.296     0.796
 8    -0.062    -0.922    -0.383
 9   136.772   -14.133    -9.828
 9    -0.045    -0.990     0.136
 9     0.929    -0.092    -0.358
 9     0.366     0.111     0.923
 2    96.634   -18.532    59.790
 2     0.001    -1.000    -0.014
 2     0.999     0.000     0.048
 2    -0.048    -0.014     0.999
 3   130.759    -1.261     0.695
 3     0.300     0.075    -0.951
 3     0.224     0.963     0.147
 3     0.927    -0.258     0.272
 4   110.670     7.809   -17.118
 4     0.628    -0.659     0.413
 4     0.693     0.715     0.086
 4    -0.352     0.232     0.906
 5   124.371    30.591    -6.907
 5     0.880     0.194     0.432
 5     0.473    -0.406    -0.782
 5     0.024     0.893    -0.449
 6   135.040     6.307    -9.919
 6    -0.008     0.955     0.295
 6    -0.963    -0.086     0.254
 6     0.268    -0.283     0.921
 7   110.913   -17.545   -14.760
 7     0.721     0.366     0.588
 7    -0.389     0.916    -0.094
 7    -0.573    -0.161     0.803
 8   125.547   -39.141    -7.069
 8     0.844    -0.255     0.471
 8    -0.532    -0.295     0.793
 8    -0.063    -0.921    -0.385
 9   136.515   -14.314    -9.896
 9    -0.042    -0.990     0.138
 9     0.931    -0.089    -0.355
 9     0.363     0.113     0.925
 2    96.634   -18.481    59.790
 2     0.001    -1.000    -0.014
 2     0.999     0.000     0.048
 2    -0.048    -0.014     0.999
 3   130.710    -1.262     0.695
 3     0.301     0.076    -0.951
 3     0.224     0.963     0.148
 3     0.927    -0.258     0.272
 4   110.590     7.806   -17.061
 4     0.629    -0.658     0.414
 4     0.692     0.716     0.086
 4    -0.354     0.233     0.906
 5   124.364    30.589    -6.951
 5     0.881     0.196     0.430
 5     0.473    -0.406    -0.782
 5     0.021     0.892    -0.451
