% Calibrated with leiden_pols
% Positions are in centimeters
Data =[
 2    96.684   -18.531    59.790
 2     0.001    -1.000    -0.014
 2     0.999     0.000     0.047
 2    -0.048    -0.014     0.999
 3   130.879    -1.093     0.382
 3     0.309     0.068    -0.949
 3     0.214     0.967     0.139
 3     0.927    -0.246     0.284
 4   110.445     8.085   -17.209
 4     0.616    -0.664     0.422
 4     0.701     0.707     0.089
 4    -0.358     0.241     0.902
 5   124.162    30.946    -7.057
 5     0.878     0.198     0.435
 5     0.478    -0.406    -0.779
 5     0.022     0.892    -0.451
 6   134.919     6.761   -10.110
 6     0.001     0.958     0.284
 6    -0.965    -0.073     0.251
 6     0.262    -0.275     0.925
 7   110.868   -17.181   -14.994
 7     0.715     0.364     0.597
 7    -0.379     0.919    -0.106
 7    -0.588    -0.151     0.795
 8   125.632   -38.926    -7.884
 8     0.844    -0.265     0.465
 8    -0.529    -0.283     0.800
 8    -0.080    -0.922    -0.379
 9   136.588   -14.026   -10.514
 9    -0.042    -0.989     0.143
 9     0.926    -0.092    -0.365
 9     0.373     0.117     0.920
 2    96.684   -18.531    59.790
 2     0.001    -1.000    -0.014
 2     0.999     0.000     0.047
 2    -0.048    -0.014     0.999
 3   130.872    -1.043     0.391
 3     0.309     0.068    -0.949
 3     0.215     0.966     0.139
 3     0.926    -0.247     0.284
 4   110.448     8.086   -17.161
 4     0.617    -0.665     0.421
 4     0.701     0.707     0.088
 4    -0.357     0.241     0.902
 5   124.064    30.948    -6.959
 5     0.877     0.198     0.436
 5     0.479    -0.406    -0.778
 5     0.023     0.892    -0.451
 6   134.919     6.787   -10.035
 6     0.002     0.958     0.285
 6    -0.965    -0.073     0.252
 6     0.262    -0.275     0.925
 7   110.836   -17.250   -14.911
 7     0.718     0.363     0.594
 7    -0.382     0.919    -0.101
 7    -0.582    -0.155     0.798
 8   125.748   -38.793    -7.575
 8     0.847    -0.260     0.464
 8    -0.527    -0.289     0.799
 8    -0.073    -0.921    -0.381
 9   136.657   -13.901   -10.277
 9    -0.045    -0.989     0.141
 9     0.927    -0.094    -0.362
 9     0.371     0.115     0.921
 2    96.684   -18.531    59.790
 2     0.001    -1.000    -0.014
 2     0.999     0.000     0.047
 2    -0.048    -0.014     0.999
 3   130.824    -1.144     0.417
 3     0.309     0.068    -0.949
 3     0.216     0.966     0.140
 3     0.926    -0.249     0.283
 4   110.533     8.115   -17.121
 4     0.619    -0.665     0.418
 4     0.702     0.707     0.086
 4    -0.353     0.240     0.904
 5   124.116    30.949    -6.886
 5     0.878     0.197     0.437
 5     0.479    -0.407    -0.778
 5     0.024     0.891    -0.452
 6   134.970     6.788    -9.984
 6     0.003     0.958     0.284
 6    -0.965    -0.072     0.252
 6     0.262    -0.276     0.925
 7   110.973   -17.242   -14.853
 7     0.723     0.359     0.590
 7    -0.380     0.920    -0.094
 7    -0.577    -0.157     0.802
 8   125.884   -38.737    -7.413
 8     0.848    -0.255     0.465
 8    -0.526    -0.292     0.799
 8    -0.068    -0.922    -0.382
 9   136.781   -13.850   -10.095
 9    -0.046    -0.989     0.139
 9     0.928    -0.094    -0.361
 9     0.370     0.113     0.922
 2    96.684   -18.531    59.790
 2     0.001    -1.000    -0.014
 2     0.999     0.001     0.047
 2    -0.048    -0.014     0.999
 3   130.873    -1.040     0.520
 3     0.306     0.068    -0.949
 3     0.219     0.965     0.140
 3     0.926    -0.251     0.281
 4   110.666     8.041   -17.125
 4     0.621    -0.665     0.414
 4     0.700     0.708     0.086
 4    -0.351     0.237     0.906
 5   124.166    30.924    -6.886
 5     0.877     0.198     0.437
 5     0.479    -0.407    -0.778
 5     0.024     0.891    -0.452
 6   135.154     6.717    -9.921
 6     0.005     0.958     0.285
 6    -0.964    -0.072     0.256
 6     0.266    -0.276     0.923
 7   111.205   -17.364   -14.891
 7     0.726     0.355     0.588
 7    -0.378     0.921    -0.090
 7    -0.574    -0.157     0.804
 8   126.065   -38.734    -7.244
 8     0.850    -0.252     0.462
 8    -0.523    -0.295     0.800
 8    -0.065    -0.922    -0.383
 9   136.953   -13.825    -9.913
 9    -0.048    -0.989     0.138
 9     0.928    -0.095    -0.360
 9     0.369     0.111     0.922
 2    96.684   -18.531    59.790
 2     0.001    -1.000    -0.014
 2     0.999     0.000     0.047
 2    -0.048    -0.014     0.999
 3   130.832    -1.135     0.642
 3     0.301     0.070    -0.951
 3     0.223     0.964     0.142
 3     0.927    -0.255     0.274
 4   110.819     7.939   -17.173
 4     0.624    -0.665     0.411
 4     0.698     0.710     0.088
 4    -0.351     0.232     0.907
 5   124.246    30.746    -6.912
 5     0.878     0.196     0.437
 5     0.478    -0.406    -0.779
 5     0.025     0.893    -0.450
 6   135.259     6.616    -9.876
 6     0.003     0.958     0.284
 6    -0.963    -0.073     0.258
 6     0.268    -0.275     0.923
 7   111.210   -17.412   -14.872
 7     0.727     0.356     0.586
 7    -0.379     0.921    -0.089
 7    -0.572    -0.158     0.805
 8   126.069   -38.783    -7.199
 8     0.849    -0.250     0.464
 8    -0.524    -0.296     0.799
 8    -0.063    -0.922    -0.383
 9   136.929   -13.902    -9.861
 9    -0.047    -0.989     0.137
 9     0.928    -0.094    -0.360
 9     0.369     0.110     0.923
 2    96.634   -18.532    59.790
 2     0.001    -1.000    -0.014
 2     0.999     0.000     0.048
 2    -0.048    -0.014     0.999
 3   130.832    -1.185     0.643
 3     0.300     0.072    -0.951
 3     0.225     0.964     0.144
 3     0.927    -0.257     0.273
 4   110.771     7.862   -17.121
 4     0.626    -0.663     0.411
 4     0.697     0.712     0.088
 4    -0.351     0.231     0.907
 5   124.294    30.745    -6.959
 5     0.879     0.195     0.435
 5     0.477    -0.405    -0.780
 5     0.024     0.893    -0.449
 6   135.211     6.538    -9.822
 6    -0.001     0.958     0.287
 6    -0.963    -0.078     0.256
 6     0.268    -0.277     0.923
 7   111.091   -17.541   -14.770
 7     0.724     0.362     0.586
 7    -0.385     0.918    -0.092
 7    -0.571    -0.160     0.805
 8   125.897   -39.012    -7.074
 8     0.847    -0.251     0.468
 8    -0.527    -0.296     0.796
 8    -0.062    -0.922    -0.383
 9   136.772   -14.133    -9.828
 9    -0.045    -0.990     0.136
 9     0.929    -0.092    -0.358
 9     0.366     0.111     0.923
 2    96.634   -18.532    59.790
 2     0.001    -1.000    -0.014
 2     0.999     0.000     0.048
 2    -0.048    -0.014     0.999
 3   130.759    -1.261     0.695
 3     0.300     0.075    -0.951
 3     0.224     0.963     0.147
 3     0.927    -0.258     0.272
 4   110.670     7.809   -17.118
 4     0.628    -0.659     0.413
 4     0.693     0.715     0.086
 4    -0.352     0.232     0.906
 5   124.371    30.591    -6.907
 5     0.880     0.194     0.432
 5     0.473    -0.406    -0.782
 5     0.024     0.893    -0.449
 6   135.040     6.307    -9.919
 6    -0.008     0.955     0.295
 6    -0.963    -0.086     0.254
 6     0.268    -0.283     0.921
 7   110.913   -17.545   -14.760
 7     0.721     0.366     0.588
 7    -0.389     0.916    -0.094
 7    -0.573    -0.161     0.803
 8   125.547   -39.141    -7.069
 8     0.844    -0.255     0.471
 8    -0.532    -0.295     0.793
 8    -0.063    -0.921    -0.385
 9   136.515   -14.314    -9.896
 9    -0.042    -0.990     0.138
 9     0.931    -0.089    -0.355
 9     0.363     0.113     0.925
 2    96.634   -18.481    59.790
 2     0.001    -1.000    -0.014
 2     0.999     0.000     0.048
 2    -0.048    -0.014     0.999
 3   130.710    -1.262     0.695
 3     0.301     0.076    -0.951
 3     0.224     0.963     0.148
 3     0.927    -0.258     0.272
 4   110.590     7.806   -17.061
 4     0.629    -0.658     0.414
 4     0.692     0.716     0.086
 4    -0.354     0.233     0.906
 5   124.364    30.589    -6.951
 5     0.881     0.196     0.430
 5     0.473    -0.406    -0.782
 5     0.021     0.892    -0.451
 6   134.987     6.305    -9.986
 6    -0.011     0.953     0.300
 6    -0.964    -0.090     0.251
 6     0.266    -0.287     0.920
 7   110.861   -17.547   -14.705
 7     0.720     0.367     0.589
 7    -0.389     0.916    -0.095
 7    -0.574    -0.161     0.802
 8   125.492   -39.144    -7.059
 8     0.843    -0.258     0.472
 8    -0.534    -0.294     0.792
 8    -0.066    -0.920    -0.386
 9   136.387   -14.391    -9.997
 9    -0.041    -0.989     0.140
 9     0.931    -0.089    -0.354
 9     0.362     0.116     0.925
 2    96.634   -18.532    59.790
 2     0.001    -1.000    -0.014
 2     0.999     0.000     0.048
 2    -0.048    -0.014     0.999
 3   130.709    -1.312     0.746
 3     0.300     0.077    -0.951
 3     0.224     0.963     0.149
 3     0.927    -0.258     0.272
 4   110.590     7.806   -17.112
 4     0.629    -0.657     0.416
 4     0.692     0.717     0.085
 4    -0.354     0.234     0.905
 5   124.362    30.562    -6.949
 5     0.882     0.197     0.428
 5     0.471    -0.407    -0.782
 5     0.020     0.891    -0.452
 6   134.936     6.253    -9.932
 6    -0.012     0.953     0.302
 6    -0.964    -0.091     0.250
 6     0.265    -0.288     0.920
 7   110.809   -17.548   -14.752
 7     0.719     0.367     0.589
 7    -0.389     0.916    -0.095
 7    -0.575    -0.161     0.802
 8   125.486   -39.146    -7.152
 8     0.842    -0.261     0.471
 8    -0.534    -0.293     0.793
 8    -0.069    -0.920    -0.386
 9   136.339   -14.441   -10.077
 9    -0.041    -0.989     0.141
 9     0.931    -0.089    -0.354
 9     0.363     0.117     0.924
 2    96.634   -18.481    59.790
 2     0.001    -1.000    -0.014
 2     0.999     0.000     0.048
 2    -0.048    -0.014     0.999
 3   130.659    -1.312     0.746
 3     0.300     0.078    -0.951
 3     0.224     0.963     0.149
 3     0.927    -0.258     0.272
 4   110.542     7.858   -17.039
 4     0.629    -0.658     0.415
 4     0.693     0.716     0.084
 4    -0.353     0.235     0.906
 5   124.361    30.561    -6.823
 5     0.882     0.198     0.427
 5     0.470    -0.410    -0.781
 5     0.020     0.890    -0.455
 6   134.982     6.304    -9.901
 6    -0.009     0.953     0.303
 6    -0.964    -0.088     0.249
 6     0.263    -0.290     0.920
 7   110.856   -17.549   -14.698
 7     0.719     0.366     0.590
 7    -0.389     0.916    -0.095
 7    -0.576    -0.161     0.802
 8   125.486   -39.096    -7.097
 8     0.841    -0.263     0.471
 8    -0.535    -0.293     0.792
 8    -0.070    -0.919    -0.388
 9   136.513   -14.494   -10.179
 9    -0.032    -0.989     0.147
 9     0.932    -0.083    -0.354
 9     0.362     0.125     0.924
 2    96.634   -18.532    59.790
 2     0.001    -1.000    -0.014
 2     0.999     0.000     0.048
 2    -0.048    -0.014     0.999
 3   130.634    -1.312     0.746
 3     0.299     0.077    -0.951
 3     0.224     0.963     0.149
 3     0.927    -0.258     0.271
 4   110.541     7.858   -17.040
 4     0.628    -0.657     0.416
 4     0.693     0.716     0.084
 4    -0.353     0.236     0.905
 5   124.348    30.560    -6.717
 5     0.881     0.207     0.426
 5     0.473    -0.415    -0.777
 5     0.016     0.886    -0.464
 6   135.303     6.390    -9.716
 6     0.014     0.949     0.314
 6    -0.966    -0.068     0.250
 6     0.259    -0.307     0.916
 7   110.856   -17.549   -14.698
 7     0.719     0.366     0.590
 7    -0.389     0.916    -0.096
 7    -0.576    -0.161     0.801
 8   125.306   -39.204    -7.015
 8     0.833    -0.281     0.476
 8    -0.547    -0.298     0.782
 8    -0.078    -0.912    -0.402
 9   136.983   -14.630   -10.244
 9    -0.004    -0.989     0.148
 9     0.934    -0.056    -0.352
 9     0.357     0.137     0.924
 2    96.634   -18.532    59.790
 2     0.001    -1.000    -0.014
 2     0.999     0.000     0.048
 2    -0.048    -0.014     0.999
 3   130.634    -1.313     0.694
 3     0.300     0.077    -0.951
 3     0.223     0.963     0.149
 3     0.927    -0.257     0.272
 4   110.592     7.910   -17.044
 4     0.628    -0.658     0.416
 4     0.694     0.715     0.083
 4    -0.352     0.237     0.905
 5   124.317    30.588    -6.544
 5     0.878     0.214     0.428
 5     0.479    -0.421    -0.770
 5     0.015     0.881    -0.473
 6   135.783     6.509    -9.738
 6     0.047     0.939     0.341
 6    -0.966    -0.045     0.256
 6     0.256    -0.342     0.904
 7   110.804   -17.526   -14.744
 7     0.718     0.367     0.591
 7    -0.390     0.916    -0.097
 7    -0.577    -0.161     0.800
 8   124.976   -39.210    -6.639
 8     0.814    -0.306     0.493
 8    -0.575    -0.308     0.758
 8    -0.080    -0.901    -0.427
 9   137.760   -15.139   -10.557
 9     0.058    -0.988     0.146
 9     0.939     0.004    -0.345
 9     0.340     0.156     0.927
 2    96.634   -18.481    59.790
 2     0.001    -1.000    -0.014
 2     0.999     0.000     0.048
 2    -0.048    -0.014     0.999
 3   130.641    -1.260     0.737
 3     0.299     0.078    -0.951
 3     0.223     0.963     0.149
 3     0.928    -0.257     0.271
 4   110.596     7.937   -17.000
 4     0.628    -0.657     0.416
 4     0.695     0.715     0.080
 4    -0.350     0.239     0.906
 5   124.243    30.566    -6.069
 5     0.872     0.238     0.427
 5     0.489    -0.442    -0.752
 5     0.010     0.865    -0.502
 6   136.788     6.756   -10.026
 6     0.114     0.929     0.352
 6    -0.965     0.019     0.260
 6     0.235    -0.370     0.899
 7   110.672   -17.431   -14.726
 7     0.712     0.372     0.595
 7    -0.393     0.914    -0.100
 7    -0.581    -0.163     0.797
 8   124.545   -39.219    -6.242
 8     0.788    -0.344     0.510
 8    -0.610    -0.319     0.726
 8    -0.087    -0.883    -0.461
 9   139.625   -15.583   -10.680
 9     0.162    -0.979     0.124
 9     0.933     0.111    -0.342
 9     0.321     0.171     0.931
 2    96.634   -18.481    59.790
 2     0.001    -1.000    -0.014
 2     0.999     0.000     0.048
 2    -0.048    -0.014     0.999
 3   130.592    -1.262     0.686
 3     0.300     0.079    -0.951
 3     0.221     0.963     0.150
 3     0.928    -0.256     0.271
 4   110.500     7.990   -17.006
 4     0.629    -0.657     0.416
 4     0.695     0.714     0.077
 4    -0.348     0.240     0.906
 5   124.154    30.418    -5.819
 5     0.863     0.272     0.425
 5     0.505    -0.466    -0.726
 5     0.000     0.841    -0.540
 6   138.473     7.318   -10.469
 6     0.216     0.911     0.350
 6    -0.954     0.120     0.276
 6     0.209    -0.394     0.895
 7   110.619   -17.359   -14.667
 7     0.710     0.373     0.596
 7    -0.395     0.913    -0.101
 7    -0.583    -0.164     0.796
 8   124.557   -39.124    -5.778
 8     0.765    -0.392     0.511
 8    -0.636    -0.336     0.694
 8    -0.100    -0.856    -0.507
 9   142.068   -17.109   -11.077
 9     0.281    -0.957     0.076
 9     0.916     0.243    -0.319
 9     0.287     0.160     0.944
 2    96.634   -18.532    59.790
 2     0.001    -1.000    -0.014
 2     0.999     0.000     0.048
 2    -0.048    -0.014     0.999
 3   130.591    -1.210     0.686
 3     0.300     0.079    -0.951
 3     0.222     0.963     0.150
 3     0.928    -0.256     0.271
 4   110.502     7.944   -17.064
 4     0.622    -0.666     0.412
 4     0.703     0.707     0.082
 4    -0.346     0.239     0.907
 5   123.883    30.423    -5.714
 5     0.846     0.311     0.432
 5     0.533    -0.476    -0.699
 5    -0.012     0.822    -0.569
 6   140.340     8.776   -11.386
 6     0.343     0.882     0.322
 6    -0.921     0.249     0.299
 6     0.183    -0.399     0.898
 7   110.619   -17.387   -14.660
 7     0.707     0.377     0.598
 7    -0.399     0.911    -0.103
 7    -0.584    -0.165     0.795
 8   124.200   -39.359    -5.561
 8     0.738    -0.431     0.519
 8    -0.667    -0.344     0.661
 8    -0.107    -0.834    -0.541
 9   142.936   -18.559   -12.387
 9     0.378    -0.924     0.062
 9     0.891     0.345    -0.293
 9     0.249     0.166     0.954
 2    96.634   -18.481    59.790
 2     0.001    -1.000    -0.014
 2     0.999     0.000     0.048
 2    -0.048    -0.014     0.999
 3   130.584    -1.259     0.594
 3     0.298     0.076    -0.952
 3     0.227     0.962     0.148
 3     0.927    -0.260     0.269
 4   110.542     7.819   -17.183
 4     0.611    -0.677     0.409
 4     0.710     0.697     0.093
 4    -0.349     0.234     0.907
 5   123.406    30.757    -5.929
 5     0.824     0.350     0.445
 5     0.566    -0.473    -0.676
 5    -0.026     0.808    -0.588
 6   142.347    11.103   -12.311
 6     0.482     0.828     0.283
 6    -0.861     0.391     0.324
 6     0.157    -0.400     0.903
 7   110.674   -17.367   -14.653
 7     0.701     0.388     0.598
 7    -0.409     0.906    -0.109
 7    -0.584    -0.168     0.794
 8   123.771   -39.591    -5.039
 8     0.713    -0.472     0.518
 8    -0.692    -0.354     0.629
 8    -0.114    -0.807    -0.579
 9   143.998   -20.770   -13.704
 9     0.478    -0.878     0.039
 9     0.859     0.457    -0.228
 9     0.182     0.143     0.973
 2    96.634   -18.532    59.790
 2     0.001    -1.000    -0.014
 2     0.999     0.000     0.048
 2    -0.048    -0.014     0.999
 3   130.577    -1.129     0.605
 3     0.294     0.070    -0.953
 3     0.234     0.961     0.143
 3     0.926    -0.266     0.266
 4   110.488     7.822   -17.184
 4     0.602    -0.687     0.407
 4     0.718     0.688     0.099
 4    -0.349     0.233     0.908
 5   122.810    31.126    -5.941
 5     0.801     0.376     0.465
 5     0.598    -0.467    -0.651
 5    -0.028     0.800    -0.599
 6   143.923    13.489   -12.724
 6     0.587     0.776     0.231
 6    -0.798     0.508     0.322
 6     0.132    -0.374     0.918
 7   110.625   -17.371   -14.619
 7     0.697     0.394     0.599
 7    -0.415     0.903    -0.112
 7    -0.585    -0.171     0.793
 8   123.499   -39.540    -4.796
 8     0.693    -0.502     0.517
 8    -0.712    -0.363     0.601
 8    -0.114    -0.785    -0.609
 9   145.588   -23.009   -14.613
 9     0.589    -0.808     0.007
 9     0.799     0.580    -0.153
 9     0.119     0.096     0.988
 2    96.634   -18.532    59.790
 2     0.001    -1.000    -0.014
 2     0.999     0.001     0.047
 2    -0.048    -0.014     0.999
 3   130.576    -1.128     0.605
 3     0.294     0.069    -0.953
 3     0.236     0.961     0.143
 3     0.926    -0.267     0.266
 4   110.414     7.932   -17.201
 4     0.591    -0.696     0.407
 4     0.728     0.677     0.099
 4    -0.345     0.238     0.908
 5   122.243    31.508    -5.408
 5     0.778     0.397     0.486
 5     0.628    -0.472    -0.619
 5    -0.017     0.787    -0.617
 6   145.365    16.580   -12.921
 6     0.695     0.698     0.167
 6    -0.712     0.638     0.294
 6     0.099    -0.324     0.941
 7   110.579   -17.271   -14.641
 7     0.695     0.396     0.600
 7    -0.419     0.901    -0.110
 7    -0.585    -0.175     0.792
 8   123.797   -39.425    -4.134
 8     0.677    -0.539     0.501
 8    -0.728    -0.389     0.565
 8    -0.110    -0.747    -0.655
 9   147.128   -25.808   -15.544
 9     0.695    -0.719    -0.004
 9     0.717     0.693    -0.073
 9     0.055     0.048     0.997
 2    96.634   -18.532    59.790
 2     0.001    -1.000    -0.014
 2     0.999     0.001     0.047
 2    -0.048    -0.014     0.999
 3   130.624    -1.026     0.528
 3     0.295     0.067    -0.953
 3     0.237     0.961     0.141
 3     0.926    -0.267     0.268
 4   110.473     8.197   -17.174
 4     0.581    -0.707     0.403
 4     0.740     0.665     0.098
 4    -0.338     0.241     0.910
 5   121.731    31.943    -4.980
 5     0.753     0.417     0.508
 5     0.657    -0.474    -0.586
 5    -0.004     0.775    -0.632
 6   146.480    19.600   -12.615
 6     0.773     0.622     0.125
 6    -0.629     0.726     0.278
 6     0.082    -0.294     0.952
 7   110.774   -17.212   -14.714
 7     0.697     0.397     0.596
 7    -0.423     0.900    -0.105
 7    -0.578    -0.179     0.796
 8   123.994   -39.209    -3.806
 8     0.666    -0.555     0.498
 8    -0.739    -0.404     0.539
 8    -0.098    -0.727    -0.680
 9   147.997   -28.006   -15.987
 9     0.763    -0.645    -0.025
 9     0.645     0.763     0.026
 9     0.002    -0.036     0.999
 2    96.634   -18.532    59.790
 2     0.001    -1.000    -0.014
 2     0.999     0.000     0.048
 2    -0.048    -0.014     0.999
 3   130.623    -0.847     0.605
 3     0.292     0.063    -0.954
 3     0.238     0.962     0.136
 3     0.926    -0.267     0.266
 4   110.683     8.388   -17.252
 4     0.569    -0.719     0.398
 4     0.753     0.651     0.098
 4    -0.330     0.244     0.912
 5   121.394    32.327    -4.580
 5     0.731     0.439     0.521
 5     0.682    -0.481    -0.551
 5     0.009     0.759    -0.651
 6   146.887    22.449   -12.884
 6     0.833     0.544     0.092
 6    -0.550     0.802     0.233
 6     0.053    -0.245     0.968
 7   111.017   -17.001   -14.661
 7     0.701     0.400     0.590
 7    -0.427     0.898    -0.102
 7    -0.571    -0.181     0.801
 8   124.053   -38.864    -3.158
 8     0.653    -0.573     0.495
 8    -0.753    -0.420     0.506
 8    -0.082    -0.703    -0.706
 9   148.505   -29.823   -16.060
 9     0.811    -0.585    -0.029
 9     0.584     0.807     0.083
 9    -0.025    -0.085     0.996
 2    96.634   -18.481    59.790
 2     0.001    -1.000    -0.014
 2     0.999     0.000     0.048
 2    -0.048    -0.014     0.999
 3   130.702    -0.591     0.571
 3     0.289     0.056    -0.956
 3     0.237     0.963     0.129
 3     0.927    -0.264     0.265
 4   110.741     8.676   -17.171
 4     0.562    -0.726     0.396
 4     0.761     0.641     0.096
 4    -0.324     0.247     0.913
 5   121.108    32.598    -4.138
 5     0.721     0.450     0.527
 5     0.693    -0.489    -0.530
 5     0.019     0.747    -0.664
 6   146.962    24.256   -12.193
 6     0.855     0.515     0.052
 6    -0.515     0.838     0.181
 6     0.049    -0.182     0.982
 7   111.160   -16.896   -14.703
 7     0.701     0.408     0.585
 7    -0.435     0.894    -0.102
 7    -0.565    -0.183     0.805
 8   123.807   -38.908    -2.875
 8     0.644    -0.581     0.497
 8    -0.761    -0.426     0.489
 8    -0.073    -0.694    -0.716
 9   148.644   -30.511   -15.566
 9     0.821    -0.569    -0.040
 9     0.570     0.815     0.101
 9    -0.025    -0.106     0.994
 2    96.634   -18.481    59.790
 2     0.001    -1.000    -0.014
 2     0.999     0.000     0.048
 2    -0.048    -0.014     0.999
 3   130.825    -0.355     0.664
 3     0.281     0.053    -0.958
 3     0.233     0.965     0.122
 3     0.931    -0.257     0.259
 4   110.743     8.859   -17.106
 4     0.555    -0.732     0.395
 4     0.767     0.634     0.096
 4    -0.321     0.250     0.913
 5   121.142    32.883    -3.763
 5     0.733     0.435     0.523
 5     0.680    -0.505    -0.532
 5     0.032     0.745    -0.666
 6   145.216    21.691   -11.153
 6     0.768     0.637     0.061
 6    -0.637     0.753     0.163
 6     0.057    -0.164     0.985
 7   111.177   -16.890   -14.696
 7     0.703     0.409     0.581
 7    -0.439     0.893    -0.098
 7    -0.559    -0.186     0.808
 8   124.170   -39.026    -3.100
 8     0.695    -0.520     0.496
 8    -0.716    -0.437     0.545
 8    -0.067    -0.734    -0.676
 9   147.093   -25.322   -13.085
 9     0.671    -0.736    -0.095
 9     0.737     0.675    -0.022
 9     0.080    -0.055     0.995
 2    96.634   -18.532    59.790
 2     0.001    -1.000    -0.014
 2     0.999     0.000     0.048
 2    -0.048    -0.014     0.999
 3   130.784    -0.304     0.707
 3     0.279     0.055    -0.958
 3     0.229     0.965     0.123
 3     0.932    -0.255     0.257
 4   110.819     8.982   -16.896
 4     0.583    -0.706     0.401
 4     0.749     0.659     0.071
 4    -0.314     0.259     0.913
 5   122.398    32.154    -3.491
 5     0.801     0.372     0.469
 5     0.598    -0.536    -0.596
 5     0.029     0.758    -0.652
 6   140.980    14.338   -10.935
 6     0.489     0.843     0.222
 6    -0.871     0.460     0.171
 6     0.042    -0.278     0.960
 7   111.582   -17.191   -14.464
 7     0.744     0.366     0.559
 7    -0.406     0.912    -0.056
 7    -0.530    -0.186     0.827
 8   125.842   -38.384    -3.355
 8     0.786    -0.369     0.496
 8    -0.618    -0.434     0.656
 8    -0.027    -0.822    -0.569
 9   143.581   -17.798    -9.579
 9     0.335    -0.941    -0.039
 9     0.926     0.336    -0.174
 9     0.177     0.022     0.984
 2    96.634   -18.532    59.790
 2     0.001    -1.000    -0.014
 2     0.999     0.000     0.048
 2    -0.048    -0.014     0.999
 3   130.787    -0.481     0.887
 3     0.279     0.063    -0.958
 3     0.229     0.964     0.130
 3     0.932    -0.256     0.254
 4   111.008     8.842   -16.828
 4     0.614    -0.680     0.399
 4     0.723     0.688     0.061
 4    -0.316     0.251     0.915
 5   123.209    31.570    -3.859
 5     0.833     0.318     0.453
 5     0.553    -0.524    -0.648
 5     0.031     0.790    -0.612
 6   136.997    10.053   -12.359
 6     0.213     0.937     0.277
 6    -0.976     0.192     0.103
 6     0.043    -0.293     0.955
 7   112.198   -17.422   -14.165
 7     0.775     0.329     0.538
 7    -0.384     0.923    -0.012
 7    -0.501    -0.198     0.843
 8   127.032   -37.630    -2.006
 8     0.834    -0.301     0.461
 8    -0.551    -0.465     0.693
 8     0.006    -0.833    -0.554
 9   139.164   -14.214    -9.288
 9     0.048    -0.996     0.078
 9     0.989     0.036    -0.145
 9     0.141     0.083     0.986
 2    96.634   -18.532    59.790
 2     0.001    -1.000    -0.014
 2     0.999     0.000     0.048
 2    -0.048    -0.014     0.999
 3   130.856    -0.528     1.077
 3     0.276     0.064    -0.959
 3     0.237     0.962     0.133
 3     0.931    -0.264     0.250
 4   111.059     8.740   -16.828
 4     0.615    -0.680     0.399
 4     0.722     0.689     0.061
 4    -0.316     0.251     0.915
 5   123.018    31.596    -3.914
 5     0.834     0.312     0.454
 5     0.550    -0.522    -0.651
 5     0.034     0.793    -0.608
 6   135.596    10.208   -11.709
 6     0.119     0.977     0.175
 6    -0.992     0.113     0.046
 6     0.025    -0.180     0.983
 7   112.109   -17.493   -14.075
 7     0.778     0.325     0.537
 7    -0.383     0.923    -0.004
 7    -0.497    -0.203     0.844
 8   126.968   -37.627    -2.316
 8     0.848    -0.269     0.456
 8    -0.529    -0.450     0.719
 8     0.012    -0.852    -0.524
 9   137.445   -13.960    -9.136
 9    -0.037    -0.998     0.058
 9     0.987    -0.045    -0.152
 9     0.154     0.052     0.987
 2    96.634   -18.481    59.790
 2     0.001    -1.000    -0.014
 2     0.999     0.000     0.048
 2    -0.048    -0.014     0.999
 3   130.832    -0.578     1.155
 3     0.275     0.065    -0.959
 3     0.238     0.962     0.134
 3     0.931    -0.266     0.249
 4   110.781     8.796   -16.763
 4     0.605    -0.688     0.401
 4     0.732     0.678     0.060
 4    -0.314     0.257     0.914
 5   122.353    31.750    -3.921
 5     0.834     0.306     0.459
 5     0.550    -0.519    -0.654
 5     0.038     0.798    -0.602
 6   134.012    10.069   -11.235
 6     0.079     0.964     0.251
 6    -0.996     0.070     0.044
 6     0.025    -0.254     0.967
 7   111.804   -17.456   -14.138
 7     0.771     0.326     0.546
 7    -0.381     0.924    -0.013
 7    -0.509    -0.198     0.838
 8   126.538   -37.816    -2.956
 8     0.849    -0.263     0.458
 8    -0.528    -0.430     0.732
 8     0.004    -0.864    -0.504
 9   136.800   -14.003    -9.556
 9    -0.055    -0.997     0.056
 9     0.986    -0.063    -0.156
 9     0.159     0.047     0.986
 2    96.634   -18.532    59.790
 2     0.001    -1.000    -0.014
 2     0.999     0.000     0.048
 2    -0.048    -0.014     0.999
 3   130.663    -0.528     1.195
 3     0.276     0.067    -0.959
 3     0.235     0.962     0.135
 3     0.932    -0.262     0.250
 4   110.566     9.083   -16.609
 4     0.601    -0.690     0.402
 4     0.738     0.673     0.052
 4    -0.307     0.265     0.914
 5   122.184    31.830    -3.305
 5     0.836     0.310     0.453
 5     0.547    -0.533    -0.645
 5     0.042     0.787    -0.615
 6   133.829    10.011   -11.504
 6     0.073     0.958     0.275
 6    -0.997     0.065     0.036
 6     0.016    -0.277     0.961
 7   111.616   -17.339   -14.166
 7     0.765     0.332     0.551
 7    -0.386     0.922    -0.020
 7    -0.515    -0.197     0.834
 8   125.905   -37.847    -2.819
 8     0.834    -0.283     0.473
 8    -0.552    -0.435     0.712
 8     0.004    -0.855    -0.519
 9   136.761   -14.635    -9.763
 9    -0.020    -0.997     0.070
 9     0.990    -0.030    -0.138
 9     0.139     0.067     0.988
 2    96.634   -18.532    59.790
 2     0.001    -1.000    -0.014
 2     0.999     0.000     0.048
 2    -0.048    -0.014     0.999
 3   130.571    -0.529     1.186
 3     0.277     0.071    -0.958
 3     0.231     0.963     0.137
 3     0.933    -0.259     0.250
 4   110.571     9.163   -16.568
 4     0.600    -0.692     0.401
 4     0.740     0.671     0.050
 4    -0.304     0.267     0.914
 5   122.190    31.783    -3.190
 5     0.836     0.309     0.452
 5     0.547    -0.538    -0.641
 5     0.045     0.784    -0.620
 6   133.797    10.073   -11.210
 6     0.067     0.962     0.265
 6    -0.998     0.064     0.021
 6     0.003    -0.266     0.964
 7   111.676   -17.392   -14.166
 7     0.760     0.344     0.550
 7    -0.397     0.917    -0.024
 7    -0.513    -0.200     0.834
 8   125.576   -38.073    -2.581
 8     0.826    -0.288     0.485
 8    -0.564    -0.438     0.700
 8     0.011    -0.851    -0.524
 9   136.567   -15.102    -9.888
 9    -0.012    -0.997     0.069
 9     0.991    -0.021    -0.128
 9     0.129     0.067     0.989
 2    96.634   -18.532    59.790
 2     0.001    -1.000    -0.014
 2     0.999     0.000     0.048
 2    -0.048    -0.014     0.999
 3   130.572    -0.529     1.288
 3     0.276     0.072    -0.958
 3     0.230     0.963     0.138
 3     0.933    -0.259     0.249
 4   110.729     9.167   -16.525
 4     0.599    -0.695     0.397
 4     0.742     0.668     0.050
 4    -0.301     0.264     0.916
 5   122.202    31.788    -3.075
 5     0.835     0.307     0.457
 5     0.548    -0.539    -0.639
 5     0.050     0.784    -0.618
 6   133.926    10.290   -11.283
 6     0.058     0.970     0.234
 6    -0.998     0.057     0.014
 6     0.000    -0.234     0.972
 7   111.680   -17.444   -14.116
 7     0.759     0.349     0.548
 7    -0.402     0.915    -0.027
 7    -0.512    -0.200     0.835
 8   125.406   -38.251    -2.541
 8     0.823    -0.283     0.492
 8    -0.568    -0.434     0.700
 8     0.015    -0.855    -0.518
 9   136.542   -15.347    -9.767
 9    -0.010    -0.997     0.070
 9     0.990    -0.020    -0.140
 9     0.140     0.068     0.988
 2    96.634   -18.532    59.790
 2     0.001    -1.000    -0.014
 2     0.999     0.001     0.048
 2    -0.048    -0.014     0.999
 3   130.623    -0.529     1.288
 3     0.276     0.074    -0.958
 3     0.230     0.963     0.140
 3     0.933    -0.259     0.248
 4   110.753     9.115   -16.469
 4     0.598    -0.697     0.395
 4     0.742     0.668     0.055
 4    -0.302     0.260     0.917
 5   122.181    31.842    -3.030
 5     0.833     0.307     0.460
 5     0.551    -0.538    -0.638
 5     0.052     0.785    -0.617
 6   133.972    10.408   -11.385
 6     0.057     0.980     0.190
 6    -0.998     0.057     0.007
 6    -0.004    -0.191     0.982
 7   111.680   -17.470   -14.116
 7     0.758     0.352     0.549
 7    -0.403     0.914    -0.030
 7    -0.512    -0.199     0.835
 8   125.171   -38.538    -2.901
 8     0.819    -0.274     0.503
 8    -0.573    -0.415     0.706
 8     0.016    -0.867    -0.497
 9   136.534   -15.437    -9.265
 9    -0.012    -0.999     0.049
 9     0.988    -0.019    -0.154
 9     0.155     0.046     0.987
 2    96.634   -18.532    59.790
 2     0.001    -1.000    -0.014
 2     0.999     0.000     0.048
 2    -0.048    -0.014     0.999
 3   130.623    -0.580     1.289
 3     0.277     0.076    -0.958
 3     0.230     0.962     0.143
 3     0.933    -0.260     0.249
 4   110.751     9.114   -16.467
 4     0.597    -0.698     0.396
 4     0.742     0.667     0.056
 4    -0.303     0.260     0.916
 5   122.127    31.893    -3.079
 5     0.831     0.309     0.461
 5     0.553    -0.538    -0.636
 5     0.051     0.784    -0.618
 6   133.860    10.561   -11.141
 6     0.052     0.973     0.223
 6    -0.999     0.052     0.007
 6    -0.005    -0.223     0.975
 7   111.677   -17.472   -14.113
 7     0.757     0.353     0.549
 7    -0.404     0.914    -0.031
 7    -0.513    -0.198     0.835
 8   125.118   -38.563    -2.899
 8     0.820    -0.274     0.502
 8    -0.572    -0.415     0.708
 8     0.015    -0.868    -0.497
 9   136.485   -15.332    -9.426
 9    -0.016    -0.998     0.054
 9     0.987    -0.024    -0.156
 9     0.157     0.051     0.986
 2    96.634   -18.532    59.790
 2     0.001    -1.000    -0.014
 2     0.999     0.000     0.048
 2    -0.048    -0.014     0.999
 3   130.674    -0.581     1.289
 3     0.278     0.080    -0.957
 3     0.229     0.962     0.146
 3     0.933    -0.260     0.249
 4   110.748     9.114   -16.464
 4     0.597    -0.698     0.396
 4     0.742     0.667     0.056
 4    -0.304     0.261     0.916
 5   122.136    31.793    -3.086
 5     0.833     0.305     0.460
 5     0.550    -0.539    -0.638
 5     0.054     0.785    -0.617
 6   133.816    10.204   -11.152
 6     0.044     0.976     0.213
 6    -0.999     0.043     0.008
 6    -0.001    -0.213     0.977
 7   111.673   -17.525   -14.157
 7     0.756     0.353     0.551
 7    -0.404     0.914    -0.032
 7    -0.515    -0.198     0.833
 8   125.257   -38.488    -3.016
 8     0.824    -0.273     0.497
 8    -0.566    -0.414     0.712
 8     0.011    -0.868    -0.496
 9   136.419   -15.148    -9.699
 9    -0.024    -0.998     0.059
 9     0.986    -0.033    -0.161
 9     0.163     0.055     0.985
 2    96.634   -18.532    59.790
 2     0.001    -1.000    -0.014
 2     0.999     0.000     0.048
 2    -0.048    -0.014     0.999
 3   130.743    -0.585     1.144
 3     0.281     0.080    -0.956
 3     0.227     0.962     0.148
 3     0.932    -0.260     0.252
 4   110.744     9.164   -16.462
 4     0.595    -0.698     0.398
 4     0.743     0.666     0.056
 4    -0.305     0.262     0.915
 5   122.187    31.843    -3.035
 5     0.834     0.304     0.460
 5     0.548    -0.540    -0.639
 5     0.054     0.785    -0.617
 6   133.937    10.153   -11.151
 6     0.045     0.977     0.209
 6    -0.999     0.045     0.008
 6    -0.002    -0.209     0.978
 7   111.536   -17.481   -14.139
 7     0.753     0.354     0.554
 7    -0.404     0.914    -0.035
 7    -0.520    -0.197     0.831
 8   125.154   -38.491    -3.002
 8     0.821    -0.280     0.496
 8    -0.570    -0.415     0.709
 8     0.007    -0.865    -0.501
 9   136.356   -15.156    -9.857
 9    -0.015    -0.998     0.058
 9     0.987    -0.023    -0.156
 9     0.156     0.055     0.986
 2    96.634   -18.481    59.790
 2     0.001    -1.000    -0.014
 2     0.999     0.000     0.048
 2    -0.048    -0.014     0.999
 3   130.743    -0.585     1.143
 3     0.282     0.081    -0.956
 3     0.227     0.962     0.149
 3     0.932    -0.259     0.253
 4   110.562     9.213   -16.433
 4     0.593    -0.698     0.402
 4     0.744     0.665     0.057
 4    -0.307     0.266     0.913
 5   122.180    31.842    -2.931
 5     0.835     0.308     0.456
 5     0.548    -0.543    -0.637
 5     0.052     0.781    -0.622
 6   133.903    10.329   -11.188
 6     0.051     0.975     0.214
 6    -0.999     0.051     0.004
 6    -0.007    -0.214     0.977
 7   111.347   -17.365   -14.137
 7     0.745     0.358     0.562
 7    -0.408     0.912    -0.041
 7    -0.527    -0.198     0.826
 8   124.899   -38.395    -2.889
 8     0.815    -0.304     0.493
 8    -0.580    -0.423     0.696
 8    -0.003    -0.853    -0.521
 9   136.270   -15.348   -10.408
 9    -0.002    -0.997     0.073
 9     0.990    -0.013    -0.140
 9     0.141     0.072     0.987
 2    96.634   -18.481    59.790
 2     0.001    -1.000    -0.014
 2     0.999     0.000     0.048
 2    -0.048    -0.014     0.999
 3   130.744    -0.639     1.015
 3     0.286     0.083    -0.955
 3     0.224     0.963     0.150
 3     0.932    -0.257     0.256
 4   110.376     9.287   -16.383
 4     0.591    -0.693     0.413
 4     0.745     0.665     0.049
 4    -0.309     0.278     0.909
 5   122.310    31.601    -2.425
 5     0.835     0.351     0.423
 5     0.549    -0.574    -0.608
 5     0.029     0.740    -0.672
 6   134.151    10.659   -12.494
 6     0.081     0.958     0.273
 6    -0.995     0.095    -0.039
 6    -0.063    -0.269     0.961
 7   110.978   -17.306   -14.015
 7     0.733     0.366     0.573
 7    -0.416     0.908    -0.049
 7    -0.538    -0.203     0.818
 8   124.534   -38.334    -2.093
 8     0.787    -0.407     0.462
 8    -0.614    -0.463     0.639
 8    -0.047    -0.787    -0.615
 9   136.138   -16.660   -13.197
 9     0.068    -0.985     0.156
 9     0.997     0.060    -0.052
 9     0.042     0.159     0.986
 2    96.634   -18.532    59.790
 2     0.001    -1.000    -0.014
 2     0.999     0.000     0.048
 2    -0.048    -0.014     0.999
 3   130.735    -0.644     0.944
 3     0.290     0.080    -0.954
 3     0.221     0.964     0.148
 3     0.931    -0.254     0.262
 4   110.056     9.338   -16.284
 4     0.580    -0.692     0.430
 4     0.752     0.657     0.042
 4    -0.312     0.299     0.902
 5   122.349    31.109    -1.865
 5     0.819     0.443     0.363
 5     0.573    -0.619    -0.537
 5    -0.013     0.648    -0.761
 6   134.311    12.163   -14.875
 6     0.147     0.934     0.326
 6    -0.972     0.198    -0.129
 6    -0.185    -0.298     0.936
 7   110.608   -17.334   -13.989
 7     0.708     0.381     0.593
 7    -0.436     0.898    -0.056
 7    -0.554    -0.219     0.803
 8   124.247   -38.158    -1.103
 8     0.738    -0.538     0.407
 8    -0.669    -0.509     0.542
 8    -0.084    -0.672    -0.735
 9   135.793   -18.885   -16.445
 9     0.142    -0.960     0.240
 9     0.984     0.164     0.074
 9    -0.111     0.225     0.968
 2    96.634   -18.532    59.739
 2     0.001    -1.000    -0.014
 2     0.999     0.000     0.048
 2    -0.048    -0.014     0.999
 3   130.711    -0.679     0.556
 3     0.300     0.066    -0.952
 3     0.221     0.965     0.136
 3     0.928    -0.252     0.275
 4   109.853     9.385   -16.376
 4     0.570    -0.689     0.447
 4     0.757     0.652     0.040
 4    -0.319     0.315     0.893
 5   122.554    31.091    -2.116
 5     0.804     0.504     0.316
 5     0.593    -0.631    -0.501
 5    -0.053     0.590    -0.806
 6   134.258    13.492   -17.013
 6     0.181     0.899     0.397
 6    -0.948     0.267    -0.172
 6    -0.261    -0.346     0.901
 7   110.366   -17.306   -13.953
 7     0.690     0.392     0.608
 7    -0.451     0.890    -0.063
 7    -0.567    -0.231     0.791
 8   124.099   -38.209    -0.568
 8     0.695    -0.634     0.340
 8    -0.710    -0.528     0.466
 8    -0.116    -0.565    -0.817
 9   134.488   -21.245   -19.636
 9     0.166    -0.931     0.326
 9     0.954     0.234     0.184
 9    -0.248     0.281     0.927
 2    96.634   -18.532    59.790
 2     0.001    -1.000    -0.014
 2     0.999     0.000     0.048
 2    -0.048    -0.014     0.999
 3   130.693    -0.554     0.418
 3     0.303     0.054    -0.951
 3     0.225     0.966     0.127
 3     0.926    -0.252     0.280
 4   109.722     9.375   -16.432
 4     0.567    -0.680     0.465
 4     0.755     0.654     0.036
 4    -0.329     0.331     0.884
 5   122.768    30.796    -2.427
 5     0.793     0.541     0.279
 5     0.603    -0.636    -0.481
 5    -0.083     0.549    -0.831
 6   133.989    14.432   -18.817
 6     0.194     0.877     0.438
 6    -0.925     0.313    -0.217
 6    -0.328    -0.364     0.872
 7   110.129   -17.325   -13.953
 7     0.672     0.403     0.621
 7    -0.464     0.883    -0.071
 7    -0.577    -0.240     0.780
 8   124.119   -37.970    -0.171
 8     0.662    -0.697     0.277
