% Calibrated with leiden_pols
% Positions are in centimeters
Data =[
 2    96.636   -18.531    59.736
 2     0.001    -1.000    -0.014
 2     0.999     0.000     0.047
 2    -0.047    -0.014     0.999
 3   131.152    -0.760     4.327
 3     0.227     0.165    -0.960
 3     0.095     0.977     0.190
 3     0.969    -0.135     0.206
 4   115.768    15.114   -11.249
 4     0.713    -0.696     0.084
 4     0.668     0.636    -0.386
 4     0.215     0.331     0.918
 5   123.604    23.488    17.339
 5     0.594    -0.634     0.494
 5    -0.125    -0.680    -0.722
 5     0.794     0.368    -0.484
 6   134.968    -3.984    19.119
 6    -0.000     0.497    -0.868
 6    -0.978    -0.181    -0.103
 6    -0.208     0.849     0.486
 7   118.240   -21.100    -9.178
 7     0.896     0.416     0.150
 7    -0.442     0.862     0.248
 7    -0.026    -0.289     0.957
 8   126.671   -26.937    19.022
 8     0.543     0.517     0.661
 8     0.011    -0.792     0.611
 8     0.839    -0.325    -0.436
 9   138.534    -1.553    29.263
 9     0.038    -0.171    -0.984
 9     0.999    -0.025     0.043
 9    -0.032    -0.985     0.170
 2    96.684   -18.531    59.790
 2     0.001    -1.000    -0.014
 2     0.999     0.001     0.047
 2    -0.048    -0.014     0.999
 3   131.103    -0.710     4.277
 3     0.228     0.167    -0.959
 3     0.095     0.976     0.192
 3     0.969    -0.135     0.206
 4   115.692    15.165   -11.250
 4     0.712    -0.697     0.086
 4     0.668     0.635    -0.388
 4     0.215     0.333     0.918
 5   123.544    23.407    17.421
 5     0.596    -0.633     0.494
 5    -0.130    -0.683    -0.719
 5     0.792     0.365    -0.490
 6   135.036    -3.935    19.049
 6     0.003     0.495    -0.869
 6    -0.977    -0.181    -0.107
 6    -0.211     0.849     0.484
 7   118.189   -21.050    -9.174
 7     0.896     0.416     0.151
 7    -0.442     0.862     0.248
 7    -0.027    -0.290     0.957
 8   126.620   -26.862    19.028
 8     0.545     0.512     0.663
 8     0.010    -0.795     0.606
 8     0.838    -0.324    -0.439
 9   138.539    -1.554    29.260
 9     0.044    -0.171    -0.984
 9     0.998    -0.023     0.048
 9    -0.031    -0.985     0.170
 2    96.634   -18.532    59.790
 2     0.001    -1.000    -0.014
 2     0.999     0.000     0.047
 2    -0.048    -0.014     0.999
 3   131.053    -0.761     4.276
 3     0.229     0.169    -0.958
 3     0.095     0.976     0.195
 3     0.969    -0.136     0.208
 4   115.638    15.216   -11.248
 4     0.711    -0.697     0.090
 4     0.669     0.633    -0.389
 4     0.214     0.336     0.917
 5   123.341    23.042    17.486
 5     0.602    -0.625     0.497
 5    -0.141    -0.695    -0.705
 5     0.786     0.354    -0.507
 6   135.340    -3.985    18.832
 6     0.020     0.495    -0.869
 6    -0.975    -0.180    -0.125
 6    -0.219     0.850     0.479
 7   118.119   -21.048    -9.180
 7     0.896     0.416     0.151
 7    -0.442     0.861     0.251
 7    -0.025    -0.292     0.956
 8   126.398   -26.710    19.187
 8     0.547     0.500     0.671
 8     0.007    -0.805     0.594
 8     0.837    -0.320    -0.444
 9   138.672    -1.631    29.283
 9     0.057    -0.172    -0.983
 9     0.998    -0.020     0.062
 9    -0.030    -0.985     0.171
 2    96.634   -18.532    59.790
 2     0.001    -1.000    -0.014
 2     0.999     0.001     0.047
 2    -0.048    -0.014     0.999
 3   130.993    -0.713     4.212
 3     0.232     0.168    -0.958
 3     0.096     0.976     0.195
 3     0.968    -0.137     0.210
 4   115.528    15.240   -11.318
 4     0.708    -0.699     0.096
 4     0.673     0.629    -0.388
 4     0.211     0.339     0.916
 5   123.251    22.810    17.590
 5     0.604    -0.618     0.504
 5    -0.147    -0.708    -0.691
 5     0.783     0.343    -0.518
 6   135.499    -3.932    18.887
 6     0.034     0.490    -0.871
 6    -0.974    -0.179    -0.139
 6    -0.224     0.853     0.472
 7   117.988   -21.101    -9.222
 7     0.897     0.414     0.153
 7    -0.441     0.861     0.252
 7    -0.028    -0.294     0.955
 8   126.399   -26.760    19.136
 8     0.547     0.498     0.672
 8     0.007    -0.806     0.592
 8     0.837    -0.320    -0.445
 9   138.722    -1.631    29.282
 9     0.059    -0.175    -0.983
 9     0.998    -0.019     0.064
 9    -0.030    -0.984     0.173
 2    96.634   -18.532    59.790
 2     0.001    -1.000    -0.014
 2     0.999     0.001     0.047
 2    -0.048    -0.014     0.999
 3   130.959    -0.766     4.047
 3     0.236     0.169    -0.957
 3     0.098     0.975     0.197
 3     0.967    -0.140     0.214
 4   115.497    15.215   -11.470
 4     0.706    -0.701     0.101
 4     0.676     0.625    -0.390
 4     0.210     0.344     0.915
 5   123.080    22.461    17.563
 5     0.601    -0.608     0.519
 5    -0.152    -0.724    -0.673
 5     0.785     0.325    -0.527
 6   135.607    -4.032    18.669
 6     0.050     0.492    -0.869
 6    -0.972    -0.177    -0.156
 6    -0.231     0.852     0.469
 7   117.934   -21.102    -9.215
 7     0.897     0.413     0.156
 7    -0.441     0.861     0.252
 7    -0.030    -0.295     0.955
 8   126.325   -26.761    19.041
 8     0.549     0.490     0.677
 8     0.005    -0.812     0.584
 8     0.836    -0.317    -0.448
 9   138.952    -1.784    29.147
 9     0.069    -0.184    -0.980
 9     0.997    -0.015     0.073
 9    -0.028    -0.983     0.182
 2    96.634   -18.532    59.790
 2     0.001    -1.000    -0.014
 2     0.999     0.001     0.047
 2    -0.048    -0.014     0.999
 3   130.966    -0.770     4.021
 3     0.240     0.170    -0.956
 3     0.100     0.975     0.199
 3     0.965    -0.144     0.217
 4   115.528    15.243   -11.505
 4     0.705    -0.702     0.101
 4     0.677     0.622    -0.393
 4     0.213     0.345     0.914
 5   122.962    22.363    17.597
 5     0.598    -0.605     0.526
 5    -0.153    -0.731    -0.665
 5     0.787     0.317    -0.529
 6   135.673    -3.929    18.574
 6     0.060     0.496    -0.866
 6    -0.970    -0.176    -0.167
 6    -0.235     0.850     0.471
 7   117.980   -21.205    -9.209
 7     0.897     0.413     0.158
 7    -0.441     0.861     0.253
 7    -0.032    -0.297     0.954
 8   126.322   -26.711    19.098
 8     0.550     0.488     0.678
 8     0.005    -0.813     0.581
 8     0.835    -0.316    -0.450
 9   139.073    -1.735    29.094
 9     0.072    -0.196    -0.978
 9     0.997    -0.013     0.076
 9    -0.028    -0.980     0.194
 2    96.634   -18.532    59.790
 2     0.001    -1.000    -0.014
 2     0.999     0.000     0.047
 2    -0.048    -0.014     0.999
 3   130.958    -0.823     3.932
 3     0.243     0.171    -0.955
 3     0.102     0.974     0.200
 3     0.964    -0.147     0.219
 4   115.506    15.220   -11.564
 4     0.704    -0.702     0.103
 4     0.676     0.620    -0.397
 4     0.215     0.349     0.912
 5   122.872    22.343    17.474
 5     0.594    -0.602     0.533
 5    -0.154    -0.736    -0.659
 5     0.790     0.309    -0.530
 6   135.590    -3.880    18.413
 6     0.065     0.506    -0.860
 6    -0.969    -0.175    -0.177
 6    -0.240     0.844     0.479
 7   117.776   -21.218    -9.293
 7     0.895     0.412     0.172
 7    -0.444     0.861     0.247
 7    -0.046    -0.298     0.953
 8   126.318   -26.712    19.052
 8     0.551     0.486     0.678
 8     0.005    -0.814     0.580
 8     0.834    -0.317    -0.451
 9   139.019    -1.737    28.913
 9     0.074    -0.208    -0.975
 9     0.997    -0.012     0.078
 9    -0.028    -0.978     0.206
 2    96.634   -18.532    59.790
 2     0.001    -1.000    -0.014
 2     0.999     0.000     0.047
 2    -0.048    -0.014     0.999
 3   130.957    -0.823     3.906
 3     0.245     0.172    -0.954
 3     0.103     0.974     0.202
 3     0.964    -0.148     0.221
 4   115.531    15.220   -11.667
 4     0.705    -0.702     0.104
 4     0.676     0.620    -0.399
 4     0.215     0.351     0.911
 5   122.880    22.422    17.413
 5     0.590    -0.603     0.536
 5    -0.154    -0.737    -0.658
 5     0.792     0.306    -0.528
 6   135.589    -3.882    18.392
 6     0.064     0.508    -0.859
 6    -0.968    -0.176    -0.177
 6    -0.241     0.843     0.480
 7   117.767   -21.222    -9.383
 7     0.895     0.411     0.175
 7    -0.444     0.861     0.246
 7    -0.050    -0.298     0.953
 8   126.321   -26.762    18.970
 8     0.550     0.487     0.678
 8     0.004    -0.813     0.582
 8     0.835    -0.318    -0.450
 9   139.114    -1.866    28.658
 9     0.076    -0.219    -0.973
 9     0.997    -0.011     0.080
 9    -0.029    -0.976     0.217
 2    96.634   -18.532    59.790
 2     0.001    -1.000    -0.014
 2     0.999     0.000     0.047
 2    -0.048    -0.014     0.999
 3   130.933    -0.823     3.906
 3     0.246     0.172    -0.954
 3     0.103     0.974     0.202
 3     0.964    -0.148     0.221
 4   115.582    15.296   -11.670
 4     0.705    -0.701     0.104
 4     0.675     0.619    -0.401
 4     0.216     0.353     0.910
 5   122.835    22.347    17.459
 5     0.589    -0.605     0.536
 5    -0.155    -0.736    -0.659
 5     0.793     0.305    -0.527
 6   135.586    -3.934    18.395
 6     0.063     0.506    -0.860
 6    -0.968    -0.178    -0.176
 6    -0.242     0.844     0.479
 7   117.793   -21.222    -9.383
 7     0.894     0.411     0.175
 7    -0.444     0.861     0.246
 7    -0.050    -0.298     0.953
 8   126.272   -26.763    18.920
 8     0.550     0.487     0.678
 8     0.003    -0.813     0.582
 8     0.835    -0.318    -0.449
 9   139.067    -1.916    28.681
 9     0.077    -0.217    -0.973
 9     0.996    -0.010     0.081
 9    -0.028    -0.976     0.216
 2    96.634   -18.532    59.790
 2     0.001    -1.000    -0.014
 2     0.999     0.001     0.047
 2    -0.048    -0.014     0.999
 3   130.924    -0.826     3.868
 3     0.247     0.173    -0.953
 3     0.103     0.973     0.203
 3     0.963    -0.149     0.222
 4   115.698    15.353   -11.692
 4     0.706    -0.701     0.102
 4     0.672     0.617    -0.408
 4     0.223     0.357     0.907
 5   122.805    22.346    17.513
 5     0.590    -0.603     0.537
 5    -0.155    -0.737    -0.658
 5     0.792     0.304    -0.529
 6   135.964    -3.632    18.438
 6     0.089     0.489    -0.867
 6    -0.962    -0.182    -0.202
 6    -0.257     0.853     0.454
 7   117.708   -21.107    -9.328
 7     0.893     0.417     0.165
 7    -0.447     0.856     0.259
 7    -0.033    -0.305     0.952
 8   125.978   -26.637    19.048
 8     0.550     0.475     0.686
 8    -0.002    -0.821     0.570
 8     0.835    -0.315    -0.452
 9   139.852    -2.351    28.952
 9     0.133    -0.213    -0.968
 9     0.991     0.005     0.135
 9    -0.024    -0.977     0.212
 2    96.636   -18.556    59.787
 2     0.002    -1.000    -0.014
 2     0.999     0.001     0.047
 2    -0.047    -0.014     0.999
 3   130.925    -0.825     3.919
 3     0.247     0.174    -0.953
 3     0.104     0.973     0.204
 3     0.963    -0.150     0.222
 4   115.834    15.427   -11.623
 4     0.702    -0.707     0.090
 4     0.667     0.607    -0.432
 4     0.250     0.363     0.897
 5   121.617    21.563    17.950
 5     0.580    -0.550     0.600
 5    -0.154    -0.798    -0.583
 5     0.799     0.246    -0.548
 6   136.869    -2.867    18.461
 6     0.176     0.469    -0.865
 6    -0.938    -0.185    -0.291
 6    -0.297     0.863     0.407
 7   117.444   -21.054    -9.400
 7     0.884     0.437     0.167
 7    -0.467     0.841     0.273
 7    -0.022    -0.319     0.947
 8   124.147   -26.304    19.334
 8     0.536     0.413     0.735
 8    -0.024    -0.864     0.503
 8     0.843    -0.288    -0.454
 9   141.303    -4.610    28.815
 9     0.289    -0.174    -0.941
 9     0.955    -0.018     0.297
 9    -0.069    -0.984     0.161
 2    96.637   -18.556    59.736
 2     0.002    -1.000    -0.014
 2     0.999     0.001     0.047
 2    -0.047    -0.014     0.999
 3   130.876    -0.825     3.919
 3     0.247     0.177    -0.953
 3     0.104     0.973     0.207
 3     0.963    -0.151     0.222
 4   115.977    15.626   -11.563
 4     0.692    -0.717     0.088
 4     0.669     0.590    -0.451
 4     0.271     0.371     0.888
 5   120.794    20.487    18.208
 5     0.578    -0.468     0.668
 5    -0.140    -0.864    -0.484
 5     0.804     0.186    -0.565
 6   138.808    -0.388    17.971
 6     0.343     0.477    -0.809
 6    -0.864    -0.178    -0.471
 6    -0.369     0.860     0.351
 7   117.095   -21.120    -9.604
 7     0.868     0.462     0.182
 7    -0.496     0.825     0.270
 7    -0.026    -0.325     0.945
 8   122.496   -25.946    19.344
 8     0.516     0.321     0.794
 8    -0.058    -0.912     0.406
 8     0.855    -0.255    -0.452
 9   142.310    -7.436    28.501
 9     0.424    -0.164    -0.890
 9     0.901    -0.020     0.433
 9    -0.089    -0.986     0.140
 2    96.634   -18.532    59.790
 2     0.002    -1.000    -0.014
 2     0.999     0.001     0.047
 2    -0.048    -0.014     0.999
 3   130.828    -1.028     4.048
 3     0.247     0.184    -0.951
 3     0.104     0.971     0.214
 3     0.963    -0.152     0.221
 4   116.183    15.592   -11.739
 4     0.682    -0.726     0.086
 4     0.673     0.577    -0.463
 4     0.286     0.374     0.882
 5   120.032    19.522    18.266
 5     0.565    -0.393     0.725
 5    -0.121    -0.909    -0.398
 5     0.816     0.137    -0.562
 6   139.821     2.579    17.163
 6     0.479     0.526    -0.703
 6    -0.768    -0.137    -0.626
 6    -0.425     0.840     0.338
 7   117.043   -21.231    -9.821
 7     0.857     0.479     0.188
 7    -0.514     0.816     0.264
 7    -0.028    -0.323     0.946
 8   120.709   -25.030    19.127
 8     0.474     0.210     0.854
 8    -0.074    -0.958     0.277
 8     0.877    -0.194    -0.439
 9   143.297   -10.786    27.904
 9     0.591    -0.150    -0.792
 9     0.797    -0.038     0.602
 9    -0.121    -0.988     0.097
 2    96.634   -18.532    59.790
 2     0.001    -1.000    -0.014
 2     0.999     0.000     0.047
 2    -0.048    -0.014     0.999
 3   130.790    -1.177     4.089
 3     0.246     0.189    -0.951
 3     0.105     0.970     0.220
 3     0.964    -0.154     0.218
 4   116.250    15.556   -11.919
 4     0.664    -0.743     0.086
 4     0.687     0.560    -0.463
 4     0.295     0.366     0.882
 5   119.194    19.300    18.119
 5     0.556    -0.308     0.771
 5    -0.076    -0.944    -0.322
 5     0.827     0.120    -0.549
 6   140.639     5.790    17.014
 6     0.590     0.555    -0.586
 6    -0.684    -0.042    -0.728
 6    -0.429     0.830     0.355
 7   116.879   -21.440    -9.899
 7     0.846     0.498     0.192
 7    -0.533     0.805     0.261
 7    -0.025    -0.323     0.946
 8   119.948   -24.239    19.053
 8     0.447     0.132     0.885
 8    -0.072    -0.980     0.182
 8     0.891    -0.145    -0.429
 9   144.030   -14.065    27.680
 9     0.718    -0.147    -0.681
 9     0.676    -0.085     0.731
 9    -0.165    -0.985     0.038
 2    96.634   -18.532    59.790
 2     0.001    -1.000    -0.014
 2     0.999     0.000     0.047
 2    -0.048    -0.014     0.999
 3   130.784    -1.304     4.180
 3     0.246     0.195    -0.949
 3     0.107     0.968     0.227
 3     0.963    -0.158     0.217
 4   116.210    15.491   -12.065
 4     0.649    -0.756     0.088
 4     0.698     0.546    -0.462
 4     0.301     0.361     0.882
 5   118.743    18.987    17.828
 5     0.550    -0.241     0.799
 5    -0.042    -0.964    -0.262
 5     0.834     0.111    -0.540
 6   141.133     8.431    16.891
 6     0.671     0.560    -0.485
 6    -0.603     0.032    -0.797
 6    -0.431     0.827     0.359
 7   116.764   -21.442   -10.005
 7     0.838     0.509     0.193
 7    -0.544     0.797     0.259
 7    -0.022    -0.323     0.946
 8   119.816   -23.871    19.030
 8     0.442     0.078     0.894
 8    -0.074    -0.990     0.123
 8     0.894    -0.121    -0.432
 9   144.722   -16.654    26.703
 9     0.789    -0.192    -0.584
 9     0.581    -0.078     0.810
 9    -0.201    -0.978     0.050
 2    96.634   -18.532    59.790
 2     0.001    -1.000    -0.014
 2     0.999     0.000     0.047
 2    -0.048    -0.014     0.999
 3   130.784    -1.303     4.180
 3     0.246     0.197    -0.949
 3     0.108     0.967     0.229
 3     0.963    -0.159     0.217
 4   116.117    15.525   -12.132
 4     0.635    -0.767     0.090
 4     0.709     0.533    -0.462
 4     0.306     0.357     0.882
 5   118.306    19.022    17.830
 5     0.544    -0.184     0.818
 5    -0.013    -0.977    -0.211
 5     0.839     0.104    -0.535
 6   141.348    10.681    16.979
 6     0.725     0.559    -0.403
 6    -0.540     0.098    -0.836
 6    -0.428     0.823     0.373
 7   116.660   -21.421   -10.125
 7     0.836     0.513     0.195
 7    -0.548     0.796     0.256
 7    -0.024    -0.322     0.946
 8   119.746   -23.572    18.971
 8     0.443     0.040     0.895
 8    -0.086    -0.992     0.087
 8     0.892    -0.116    -0.437
 9   145.157   -19.152    25.870
 9     0.836    -0.220    -0.503
 9     0.500    -0.070     0.863
 9    -0.225    -0.973     0.052
 2    96.634   -18.532    59.790
 2     0.001    -1.000    -0.014
 2     0.999     0.000     0.047
 2    -0.048    -0.014     0.999
 3   130.784    -1.353     4.231
 3     0.245     0.198    -0.949
 3     0.108     0.967     0.229
 3     0.963    -0.159     0.216
 4   115.990    15.633   -12.160
 4     0.622    -0.777     0.094
 4     0.720     0.521    -0.458
 4     0.307     0.353     0.884
 5   117.867    18.876    17.712
 5     0.537    -0.127     0.833
 5     0.015    -0.987    -0.160
 5     0.843     0.098    -0.529
 6   141.416    13.118    17.043
 6     0.781     0.542    -0.312
 6    -0.463     0.166    -0.871
 6    -0.420     0.824     0.380
 7   116.584   -21.246   -10.170
 7     0.833     0.516     0.198
 7    -0.553     0.793     0.255
 7    -0.025    -0.322     0.946
 8   119.444   -23.401    18.791
 8     0.438    -0.005     0.898
 8    -0.102    -0.994     0.044
 8     0.893    -0.111    -0.436
 9   145.063   -21.671    25.455
 9     0.878    -0.237    -0.416
 9     0.412    -0.065     0.909
 9    -0.242    -0.969     0.041
 2    96.634   -18.532    59.790
 2     0.001    -1.000    -0.014
 2     0.999     0.000     0.047
 2    -0.048    -0.014     0.999
 3   130.760    -1.252     4.181
 3     0.245     0.197    -0.949
 3     0.108     0.967     0.228
 3     0.963    -0.159     0.215
 4   115.943    15.693   -12.224
 4     0.605    -0.790     0.099
 4     0.733     0.504    -0.456
 4     0.311     0.348     0.884
 5   117.638    18.681    17.656
 5     0.526    -0.073     0.847
 5     0.035    -0.994    -0.107
 5     0.849     0.086    -0.521
 6   141.524    16.527    17.204
 6     0.840     0.508    -0.191
 6    -0.346     0.229    -0.910
 6    -0.418     0.830     0.368
 7   116.537   -21.096   -10.222
 7     0.829     0.523     0.198
 7    -0.559     0.789     0.254
 7    -0.024    -0.321     0.946
 8   119.124   -23.278    18.730
 8     0.429    -0.059     0.901
 8    -0.119    -0.993    -0.009
 8     0.895    -0.103    -0.433
 9   144.774   -24.577    25.374
 9     0.916    -0.253    -0.310
 9     0.300    -0.078     0.951
 9    -0.265    -0.964     0.005
 2    96.634   -18.532    59.790
 2     0.001    -1.000    -0.014
 2     0.999     0.000     0.047
 2    -0.048    -0.014     0.999
 3   130.759    -1.252     4.282
 3     0.245     0.196    -0.949
 3     0.108     0.967     0.228
 3     0.963    -0.159     0.216
 4   115.815    15.700   -12.279
 4     0.589    -0.802     0.104
 4     0.745     0.489    -0.453
 4     0.312     0.344     0.885
 5   117.420    18.480    17.567
 5     0.521    -0.019     0.853
 5     0.056    -0.997    -0.056
 5     0.852     0.077    -0.518
 6   141.051    18.987    17.269
 6     0.876     0.473    -0.093
 6    -0.249     0.281    -0.927
 6    -0.412     0.835     0.364
 7   116.373   -20.973   -10.230
 7     0.820     0.536     0.197
 7    -0.571     0.781     0.251
 7    -0.020    -0.318     0.948
 8   118.838   -23.107    18.793
 8     0.426    -0.109     0.898
 8    -0.134    -0.989    -0.057
 8     0.894    -0.096    -0.436
 9   144.254   -27.282    24.894
 9     0.939    -0.279    -0.203
 9     0.186    -0.086     0.979
 9    -0.290    -0.956    -0.029
 2    96.634   -18.532    59.790
 2     0.001    -1.000    -0.014
 2     0.999     0.000     0.047
 2    -0.048    -0.014     0.999
 3   130.759    -1.251     4.282
 3     0.245     0.195    -0.950
 3     0.109     0.968     0.227
 3     0.963    -0.159     0.215
 4   115.811    15.782   -12.354
 4     0.573    -0.813     0.106
 4     0.758     0.476    -0.446
 4     0.312     0.336     0.888
 5   116.988    18.256    17.237
 5     0.510     0.031     0.859
 5     0.073    -0.997    -0.007
 5     0.857     0.066    -0.511
 6   140.631    21.572    17.782
 6     0.901     0.434    -0.011
 6    -0.160     0.309    -0.937
 6    -0.403     0.846     0.348
 7   116.256   -20.975   -10.413
 7     0.813     0.547     0.196
 7    -0.582     0.775     0.248
 7    -0.017    -0.316     0.948
 8   118.828   -23.019    18.792
 8     0.431    -0.166     0.886
 8    -0.157    -0.982    -0.107
 8     0.888    -0.093    -0.450
 9   143.953   -30.089    24.572
 9     0.946    -0.309    -0.099
 9     0.075    -0.090     0.993
 9    -0.316    -0.947    -0.062
 2    96.634   -18.532    59.790
 2     0.001    -1.000    -0.014
 2     0.999     0.000     0.047
 2    -0.048    -0.014     0.999
 3   130.759    -1.201     4.308
 3     0.245     0.195    -0.950
 3     0.108     0.968     0.227
 3     0.963    -0.159     0.216
 4   115.752    15.789   -12.451
 4     0.549    -0.828     0.109
 4     0.775     0.456    -0.437
 4     0.311     0.324     0.893
 5   116.645    18.115    17.091
 5     0.493     0.087     0.865
 5     0.090    -0.995     0.049
 5     0.865     0.054    -0.499
 6   139.691    23.906    17.982
 6     0.918     0.388     0.078
 6    -0.063     0.339    -0.939
 6    -0.391     0.857     0.335
 7   116.099   -20.898   -10.560
 7     0.805     0.561     0.192
 7    -0.593     0.767     0.246
 7    -0.009    -0.312     0.950
 8   118.524   -22.963    18.652
 8     0.428    -0.221     0.876
 8    -0.186    -0.970    -0.154
 8     0.884    -0.097    -0.457
 9   142.663   -33.238    24.486
 9     0.945    -0.328     0.003
 9    -0.037    -0.098     0.994
 9    -0.326    -0.940    -0.105
 2    96.684   -18.531    59.790
 2     0.001    -1.000    -0.014
 2     0.999     0.000     0.047
 2    -0.048    -0.014     0.999
 3   130.766    -1.173     4.345
 3     0.244     0.190    -0.951
 3     0.108     0.969     0.222
 3     0.964    -0.157     0.216
 4   115.497    15.745   -12.526
 4     0.528    -0.842     0.111
 4     0.790     0.439    -0.428
 4     0.311     0.314     0.896
 5   116.094    17.997    16.935
 5     0.478     0.141     0.867
 5     0.110    -0.989     0.100
 5     0.871     0.047    -0.489
 6   139.044    25.772    18.391
 6     0.926     0.353     0.129
 6    -0.001     0.347    -0.938
 6    -0.376     0.869     0.322
 7   115.883   -20.801   -10.644
 7     0.795     0.576     0.189
 7    -0.607     0.758     0.240
 7    -0.005    -0.306     0.952
 8   118.038   -23.112    18.531
 8     0.413    -0.268     0.870
 8    -0.215    -0.957    -0.193
 8     0.885    -0.107    -0.453
 9   141.869   -34.720    24.189
 9     0.942    -0.332     0.056
 9    -0.093    -0.096     0.991
 9    -0.323    -0.938    -0.121
 2    96.684   -18.531    59.790
 2     0.001    -1.000    -0.014
 2     0.999     0.000     0.047
 2    -0.048    -0.014     0.999
 3   130.662    -1.076     4.341
 3     0.245     0.177    -0.953
 3     0.104     0.972     0.207
 3     0.964    -0.151     0.219
 4   115.322    15.729   -12.631
 4     0.504    -0.857     0.110
 4     0.805     0.419    -0.420
 4     0.313     0.300     0.901
 5   115.391    18.087    16.788
 5     0.454     0.189     0.870
 5     0.130    -0.981     0.145
 5     0.881     0.048    -0.470
 6   137.958    27.354    19.204
 6     0.939     0.295     0.173
 6     0.056     0.367    -0.928
 6    -0.338     0.882     0.328
 7   115.706   -20.757   -10.867
 7     0.786     0.587     0.190
 7    -0.617     0.751     0.233
 7    -0.006    -0.301     0.953
 8   117.506   -23.078    18.291
 8     0.396    -0.298     0.868
 8    -0.234    -0.947    -0.218
 8     0.888    -0.117    -0.445
 9   140.734   -36.241    24.472
 9     0.938    -0.326     0.113
 9    -0.156    -0.109     0.982
 9    -0.308    -0.939    -0.153
 2    96.634   -18.532    59.790
 2     0.001    -1.000    -0.014
 2     0.999     0.001     0.047
 2    -0.048    -0.014     0.999
 3   130.569    -1.081     4.294
 3     0.248     0.158    -0.956
 3     0.102     0.977     0.188
 3     0.963    -0.144     0.226
 4   115.147    15.815   -12.817
 4     0.480    -0.870     0.111
 4     0.818     0.398    -0.415
 4     0.316     0.290     0.903
 5   114.823    18.000    16.529
 5     0.429     0.226     0.874
 5     0.142    -0.973     0.182
 5     0.892     0.045    -0.450
 6   137.253    28.791    20.110
 6     0.949     0.236     0.210
 6     0.117     0.355    -0.927
 6    -0.293     0.904     0.309
 7   115.704   -20.635   -11.040
 7     0.781     0.595     0.191
 7    -0.625     0.747     0.228
 7    -0.007    -0.298     0.954
 8   117.107   -23.205    17.957
 8     0.380    -0.339     0.860
 8    -0.262    -0.932    -0.251
 8     0.887    -0.130    -0.443
 9   139.806   -37.821    24.386
 9     0.928    -0.327     0.175
 9    -0.221    -0.106     0.969
 9    -0.298    -0.939    -0.171
 2    96.634   -18.481    59.790
 2     0.001    -1.000    -0.014
 2     0.999     0.000     0.047
 2    -0.048    -0.014     0.999
 3   130.576    -0.856     4.223
 3     0.252     0.135    -0.958
 3     0.102     0.981     0.165
 3     0.962    -0.139     0.233
 4   114.963    15.875   -12.994
 4     0.451    -0.885     0.117
 4     0.834     0.372    -0.406
 4     0.316     0.281     0.906
 5   114.418    17.843    16.271
 5     0.416     0.254     0.873
 5     0.153    -0.966     0.208
 5     0.896     0.047    -0.441
 6   136.292    30.510    21.113
 6     0.951     0.175     0.253
 6     0.186     0.331    -0.925
 6    -0.247     0.927     0.282
 7   115.659   -20.588   -11.373
 7     0.772     0.606     0.191
 7    -0.635     0.739     0.225
 7    -0.005    -0.295     0.955
 8   116.883   -23.170    17.796
 8     0.369    -0.373     0.851
 8    -0.281    -0.918    -0.280
 8     0.886    -0.136    -0.443
 9   138.743   -39.552    24.323
 9     0.911    -0.330     0.246
 9    -0.297    -0.112     0.948
 9    -0.285    -0.937    -0.200
 2    96.634   -18.532    59.790
 2     0.001    -1.000    -0.014
 2     0.999     0.000     0.047
 2    -0.048    -0.014     0.999
 3   130.624    -0.780     4.095
 3     0.251     0.127    -0.960
 3     0.102     0.982     0.157
 3     0.962    -0.137     0.233
 4   114.943    15.750   -13.202
 4     0.430    -0.895     0.118
 4     0.848     0.355    -0.393
 4     0.310     0.269     0.912
 5   114.007    17.948    15.822
 5     0.396     0.278     0.875
 5     0.168    -0.959     0.229
 5     0.903     0.056    -0.426
 6   135.596    31.736    21.893
 6     0.950     0.137     0.278
 6     0.233     0.274    -0.933
 6    -0.205     0.952     0.229
 7   115.724   -20.459   -11.569
 7     0.766     0.615     0.186
 7    -0.642     0.733     0.224
 7     0.002    -0.292     0.956
 8   116.762   -23.136    17.450
 8     0.355    -0.398     0.846
 8    -0.297    -0.906    -0.302
 8     0.886    -0.144    -0.440
 9   138.003   -40.613    24.329
 9     0.901    -0.320     0.292
 9    -0.343    -0.116     0.932
 9    -0.265    -0.940    -0.215
 2    96.634   -18.532    59.790
 2     0.001    -1.000    -0.014
 2     0.999     0.001     0.047
 2    -0.048    -0.014     0.999
 3   130.680    -0.726     4.031
 3     0.249     0.119    -0.961
 3     0.102     0.984     0.148
 3     0.963    -0.135     0.233
 4   114.751    15.700   -13.237
 4     0.413    -0.902     0.122
 4     0.858     0.341    -0.384
 4     0.305     0.263     0.915
 5   113.552    17.944    15.621
 5     0.379     0.301     0.875
 5     0.182    -0.951     0.249
 5     0.907     0.064    -0.415
 6   134.987    32.475    22.305
 6     0.949     0.110     0.294
 6     0.256     0.271    -0.928
 6    -0.182     0.956     0.229
 7   115.665   -20.341   -11.759
 7     0.759     0.623     0.188
 7    -0.651     0.727     0.216
 7    -0.002    -0.287     0.958
 8   116.244   -23.206    17.168
 8     0.337    -0.416     0.844
 8    -0.312    -0.896    -0.317
 8     0.888    -0.157    -0.432
 9   137.171   -41.317    24.274
 9     0.897    -0.304     0.320
 9    -0.367    -0.112     0.923
 9    -0.245    -0.946    -0.212
 2    96.634   -18.532    59.790
 2     0.001    -1.000    -0.014
 2     0.999     0.001     0.047
 2    -0.048    -0.014     0.999
 3   130.624    -0.675     3.899
 3     0.250     0.101    -0.963
 3     0.102     0.986     0.130
 3     0.963    -0.131     0.236
 4   114.328    15.599   -13.476
 4     0.394    -0.909     0.133
 4     0.869     0.321    -0.376
 4     0.299     0.264     0.917
 5   112.978    17.987    15.315
 5     0.366     0.332     0.869
 5     0.202    -0.940     0.274
 5     0.908     0.075    -0.411
 6   134.100    33.445    22.463
 6     0.945     0.079     0.317
 6     0.286     0.270    -0.919
 6    -0.159     0.959     0.232
 7   115.424   -20.250   -11.910
 7     0.753     0.628     0.194
 7    -0.658     0.723     0.208
 7    -0.010    -0.285     0.958
 8   116.065   -23.349    17.007
 8     0.326    -0.436     0.839
 8    -0.326    -0.885    -0.333
 8     0.887    -0.165    -0.430
 9   136.813   -41.870    24.358
 9     0.890    -0.292     0.348
 9    -0.394    -0.112     0.912
 9    -0.228    -0.950    -0.215
 2    96.684   -18.531    59.790
 2     0.001    -1.000    -0.014
 2     0.999     0.000     0.048
 2    -0.048    -0.014     0.999
 3   130.612    -0.549     3.731
 3     0.253     0.091    -0.963
 3     0.105     0.987     0.120
 3     0.962    -0.132     0.240
 4   114.022    15.470   -13.808
 4     0.375    -0.915     0.146
 4     0.881     0.302    -0.365
 4     0.290     0.266     0.919
 5   112.482    17.882    14.770
 5     0.349     0.354     0.868
 5     0.208    -0.932     0.296
 5     0.913     0.077    -0.399
 6   133.076    34.296    22.941
 6     0.936     0.061     0.347
 6     0.326     0.222    -0.919
 6    -0.133     0.973     0.188
 7   115.335   -20.183   -12.035
 7     0.749     0.630     0.205
 7    -0.663     0.720     0.206
 7    -0.018    -0.290     0.957
 8   116.188   -23.271    16.791
 8     0.330    -0.447     0.832
 8    -0.329    -0.880    -0.343
 8     0.885    -0.160    -0.437
 9   136.370   -42.580    24.165
 9     0.878    -0.294     0.377
 9    -0.425    -0.117     0.898
 9    -0.219    -0.949    -0.227
 2    96.634   -18.532    59.790
 2     0.001    -1.000    -0.014
 2     0.999     0.000     0.047
 2    -0.048    -0.014     0.999
 3   130.619    -0.506     3.363
 3     0.265     0.067    -0.962
 3     0.111     0.989     0.099
 3     0.958    -0.133     0.254
 4   113.755    15.395   -13.927
 4     0.360    -0.919     0.158
 4     0.887     0.286    -0.361
 4     0.286     0.270     0.919
 5   112.342    17.640    14.600
 5     0.341     0.356     0.870
 5     0.201    -0.932     0.302
 5     0.918     0.071    -0.390
 6   132.897    34.138    23.057
 6     0.930     0.071     0.359
 6     0.344     0.163    -0.924
 6    -0.124     0.984     0.128
 7   115.331   -20.210   -12.105
 7     0.748     0.630     0.208
 7    -0.663     0.720     0.206
 7    -0.020    -0.292     0.956
 8   116.265   -23.168    16.766
 8     0.329    -0.450     0.830
 8    -0.328    -0.879    -0.347
 8     0.885    -0.158    -0.437
 9   136.292   -42.753    24.247
 9     0.875    -0.290     0.387
 9    -0.435    -0.123     0.892
 9    -0.211    -0.949    -0.234
 2    96.634   -18.481    59.790
 2     0.001    -1.000    -0.014
 2     0.999     0.000     0.048
 2    -0.048    -0.014     0.999
 3   130.757    -0.259     3.107
 3     0.274     0.035    -0.961
 3     0.113     0.991     0.069
 3     0.955    -0.128     0.268
 4   113.455    15.393   -14.089
 4     0.347    -0.922     0.172
 4     0.895     0.271    -0.354
 4     0.279     0.277     0.919
 5   112.246    17.597    14.406
 5     0.339     0.372     0.864
 5     0.202    -0.926     0.319
 5     0.919     0.066    -0.389
 6   132.454    34.873    23.527
 6     0.922     0.066     0.382
 6     0.371     0.128    -0.919
 6    -0.110     0.989     0.094
 7   115.322   -20.139   -12.215
 7     0.745     0.631     0.214
 7    -0.666     0.717     0.204
 7    -0.025    -0.295     0.955
 8   115.992   -23.054    16.462
 8     0.307    -0.471     0.827
 8    -0.336    -0.867    -0.369
 8     0.890    -0.164    -0.425
 9   135.572   -43.352    24.539
 9     0.867    -0.274     0.416
 9    -0.461    -0.128     0.878
 9    -0.187    -0.953    -0.237
 2    96.634   -18.532    59.790
 2     0.001    -1.000    -0.014
 2     0.999     0.000     0.047
 2    -0.048    -0.014     0.999
 3   130.774    -0.219     2.824
 3     0.284     0.013    -0.959
 3     0.111     0.992     0.047
 3     0.952    -0.120     0.280
 4   113.261    15.338   -14.278
 4     0.344    -0.921     0.182
 4     0.898     0.267    -0.349
 4     0.273     0.284     0.919
 5   112.232    17.646    14.243
 5     0.341     0.377     0.861
 5     0.207    -0.923     0.323
 5     0.917     0.068    -0.393
 6   132.200    35.290    23.322
 6     0.916     0.068     0.395
 6     0.387     0.108    -0.916
 6    -0.106     0.992     0.073
 7   115.020   -19.930   -12.498
 7     0.734     0.640     0.227
 7    -0.678     0.710     0.191
 7    -0.039    -0.295     0.955
 8   115.466   -23.161    16.073
 8     0.282    -0.503     0.817
 8    -0.358    -0.845    -0.397
 8     0.890    -0.180    -0.418
 9   134.408   -44.443    24.441
 9     0.855    -0.258     0.450
 9    -0.490    -0.118     0.864
 9    -0.169    -0.959    -0.227
 2    96.634   -18.481    59.790
 2     0.001    -1.000    -0.014
 2     0.999     0.000     0.048
 2    -0.048    -0.014     0.999
 3   130.752     0.072     2.443
 3     0.297    -0.027    -0.954
 3     0.109     0.994     0.006
 3     0.948    -0.106     0.298
 4   112.561    15.203   -14.543
 4     0.327    -0.923     0.205
 4     0.909     0.248    -0.334
 4     0.257     0.295     0.920
 5   111.967    17.545    13.941
 5     0.345     0.390     0.853
 5     0.210    -0.918     0.335
 5     0.915     0.063    -0.399
 6   131.708    35.740    23.401
 6     0.909     0.066     0.412
 6     0.406     0.084    -0.910
 6    -0.095     0.994     0.049
 7   114.822   -19.867   -12.640
 7     0.727     0.645     0.236
 7    -0.685     0.705     0.181
 7    -0.050    -0.294     0.954
 8   115.192   -23.359    15.910
 8     0.262    -0.531     0.806
 8    -0.373    -0.826    -0.422
 8     0.890    -0.190    -0.414
 9   133.516   -45.279    24.353
 9     0.843    -0.246     0.478
 9    -0.515    -0.116     0.849
 9    -0.154    -0.962    -0.225
 2    96.634   -18.481    59.790
 2     0.001    -1.000    -0.014
 2     0.999     0.000     0.048
 2    -0.048    -0.014     0.999
 3   130.782     0.119     2.153
 3     0.305    -0.039    -0.951
 3     0.111     0.994    -0.005
 3     0.946    -0.104     0.307
 4   112.125    14.969   -14.766
 4     0.312    -0.924     0.219
 4     0.918     0.234    -0.321
 4     0.245     0.301     0.921
 5   111.581    17.490    13.668
 5     0.349     0.408     0.844
 5     0.222    -0.911     0.349
 5     0.910     0.065    -0.408
 6   131.171    36.101    23.088
 6     0.901     0.070     0.428
 6     0.423     0.076    -0.903
 6    -0.096     0.995     0.039
 7   114.576   -19.830   -12.730
 7     0.720     0.648     0.247
 7    -0.691     0.701     0.173
 7    -0.061    -0.296     0.953
 8   115.192   -23.334    15.790
 8     0.262    -0.539     0.801
 8    -0.374    -0.821    -0.430
 8     0.889    -0.187    -0.417
 9   133.461   -45.351    24.434
 9     0.838    -0.243     0.487
 9    -0.525    -0.120     0.843
 9    -0.146    -0.963    -0.228
 2    96.684   -18.531    59.790
 2     0.001    -1.000    -0.014
 2     0.999     0.000     0.048
 2    -0.048    -0.014     0.999
 3   130.756     0.241     1.951
 3     0.311    -0.050    -0.949
 3     0.115     0.993    -0.015
 3     0.943    -0.105     0.315
 4   111.881    14.915   -14.904
 4     0.304    -0.925     0.227
 4     0.922     0.226    -0.314
 4     0.239     0.305     0.922
 5   111.518    17.589    13.582
 5     0.351     0.413     0.840
 5     0.226    -0.908     0.352
 5     0.908     0.067    -0.412
 6   130.779    36.627    23.219
 6     0.893     0.068     0.445
 6     0.442     0.053    -0.895
 6    -0.085     0.996     0.017
 7   114.546   -19.884   -12.766
 7     0.717     0.648     0.254
 7    -0.693     0.699     0.173
 7    -0.065    -0.301     0.951
 8   115.534   -23.137    15.817
 8     0.273    -0.535     0.799
 8    -0.363    -0.827    -0.429
 8     0.891    -0.173    -0.420
 9   133.610   -45.346    24.670
 9     0.833    -0.242     0.496
 9    -0.535    -0.130     0.835
 9    -0.138    -0.961    -0.238
 2    96.634   -18.532    59.790
 2     0.001    -1.000    -0.014
 2     0.999     0.000     0.048
 2    -0.048    -0.014     0.999
 3   130.841     0.340     1.843
 3     0.316    -0.054    -0.947
 3     0.119     0.993    -0.017
 3     0.941    -0.108     0.320
 4   111.682    14.781   -15.059
 4     0.304    -0.923     0.235
 4     0.924     0.226    -0.307
 4     0.230     0.311     0.922
 5   111.513    17.535    13.306
 5     0.356     0.409     0.840
 5     0.225    -0.910     0.348
 5     0.907     0.065    -0.417
 6   130.844    36.587    23.261
 6     0.892     0.067     0.447
 6     0.445     0.034    -0.895
 6    -0.076     0.997     0.001
 7   114.313   -19.916   -12.692
 7     0.713     0.648     0.265
 7    -0.697     0.695     0.175
 7    -0.071    -0.310     0.948
 8   115.784   -22.971    15.874
 8     0.285    -0.538     0.793
 8    -0.358    -0.828    -0.432
 8     0.889    -0.160    -0.428
 9   133.711   -45.451    24.505
 9     0.826    -0.250     0.504
 9    -0.545    -0.131     0.828
 9    -0.141    -0.959    -0.245
 2    96.684   -18.531    59.790
 2     0.001    -1.000    -0.014
 2     0.999     0.000     0.048
 2    -0.048    -0.014     0.999
 3   130.776     0.337     1.707
 3     0.321    -0.055    -0.946
 3     0.121     0.992    -0.016
 3     0.939    -0.109     0.325
 4   111.477    14.643   -15.231
 4     0.307    -0.919     0.245
 4     0.926     0.229    -0.299
 4     0.218     0.319     0.922
 5   111.478    17.535    13.085
 5     0.356     0.402     0.843
 5     0.217    -0.913     0.344
 5     0.909     0.061    -0.413
 6   130.864    36.473    23.450
 6     0.892     0.066     0.446
 6     0.446     0.013    -0.895
 6    -0.065     0.998    -0.017
 7   114.028   -20.027   -12.717
 7     0.707     0.651     0.276
 7    -0.703     0.690     0.172
 7    -0.078    -0.316     0.945
 8   115.787   -22.967    15.956
 8     0.288    -0.548     0.785
 8    -0.358    -0.822    -0.443
 8     0.888    -0.153    -0.433
 9   133.609   -45.633    24.386
 9     0.822    -0.253     0.510
 9    -0.551    -0.128     0.824
 9    -0.143    -0.959    -0.245
 2    96.684   -18.531    59.790
 2     0.001    -1.000    -0.014
 2     0.999     0.000     0.048
 2    -0.048    -0.014     0.999
 3   130.753     0.281     1.377
 3     0.328    -0.061    -0.943
 3     0.125     0.992    -0.021
 3     0.936    -0.111     0.333
 4   111.152    14.355   -15.409
 4     0.311    -0.915     0.256
 4     0.927     0.233    -0.292
 4     0.208     0.328     0.921
 5   111.234    17.454    12.833
 5     0.356     0.404     0.842
 5     0.225    -0.912     0.342
 5     0.906     0.068    -0.416
 6   130.642    36.501    23.214
 6     0.891     0.064     0.448
 6     0.448     0.011    -0.894
 6    -0.063     0.998    -0.019
 7   113.797   -20.108   -12.656
 7     0.703     0.654     0.278
 7    -0.707     0.687     0.169
 7    -0.081    -0.315     0.945
 8   115.434   -23.156    15.970
 8     0.279    -0.563     0.777
