% Calibrated with leiden_pols
% Positions are in centimeters
Data =[
 2    96.636   -18.531    59.736
 2     0.001    -1.000    -0.014
 2     0.999     0.000     0.047
 2    -0.047    -0.014     0.999
 3   131.152    -0.760     4.327
 3     0.227     0.165    -0.960
 3     0.095     0.977     0.190
 3     0.969    -0.135     0.206
 4   115.768    15.114   -11.249
 4     0.713    -0.696     0.084
 4     0.668     0.636    -0.386
 4     0.215     0.331     0.918
 5   123.604    23.488    17.339
 5     0.594    -0.634     0.494
 5    -0.125    -0.680    -0.722
 5     0.794     0.368    -0.484
 6   134.968    -3.984    19.119
 6    -0.000     0.497    -0.868
 6    -0.978    -0.181    -0.103
 6    -0.208     0.849     0.486
 7   118.240   -21.100    -9.178
 7     0.896     0.416     0.150
 7    -0.442     0.862     0.248
 7    -0.026    -0.289     0.957
 8   126.671   -26.937    19.022
 8     0.543     0.517     0.661
 8     0.011    -0.792     0.611
 8     0.839    -0.325    -0.436
 9   138.534    -1.553    29.263
 9     0.038    -0.171    -0.984
 9     0.999    -0.025     0.043
 9    -0.032    -0.985     0.170
 2    96.684   -18.531    59.790
 2     0.001    -1.000    -0.014
 2     0.999     0.001     0.047
 2    -0.048    -0.014     0.999
 3   131.103    -0.710     4.277
 3     0.228     0.167    -0.959
 3     0.095     0.976     0.192
 3     0.969    -0.135     0.206
 4   115.692    15.165   -11.250
 4     0.712    -0.697     0.086
 4     0.668     0.635    -0.388
 4     0.215     0.333     0.918
 5   123.544    23.407    17.421
 5     0.596    -0.633     0.494
 5    -0.130    -0.683    -0.719
 5     0.792     0.365    -0.490
 6   135.036    -3.935    19.049
 6     0.003     0.495    -0.869
 6    -0.977    -0.181    -0.107
 6    -0.211     0.849     0.484
 7   118.189   -21.050    -9.174
 7     0.896     0.416     0.151
 7    -0.442     0.862     0.248
 7    -0.027    -0.290     0.957
 8   126.620   -26.862    19.028
 8     0.545     0.512     0.663
 8     0.010    -0.795     0.606
 8     0.838    -0.324    -0.439
 9   138.539    -1.554    29.260
 9     0.044    -0.171    -0.984
 9     0.998    -0.023     0.048
 9    -0.031    -0.985     0.170
 2    96.634   -18.532    59.790
 2     0.001    -1.000    -0.014
 2     0.999     0.000     0.047
 2    -0.048    -0.014     0.999
 3   131.053    -0.761     4.276
 3     0.229     0.169    -0.958
 3     0.095     0.976     0.195
 3     0.969    -0.136     0.208
 4   115.638    15.216   -11.248
 4     0.711    -0.697     0.090
 4     0.669     0.633    -0.389
 4     0.214     0.336     0.917
 5   123.341    23.042    17.486
 5     0.602    -0.625     0.497
 5    -0.141    -0.695    -0.705
 5     0.786     0.354    -0.507
 6   135.340    -3.985    18.832
 6     0.020     0.495    -0.869
 6    -0.975    -0.180    -0.125
 6    -0.219     0.850     0.479
 7   118.119   -21.048    -9.180
 7     0.896     0.416     0.151
 7    -0.442     0.861     0.251
 7    -0.025    -0.292     0.956
 8   126.398   -26.710    19.187
 8     0.547     0.500     0.671
 8     0.007    -0.805     0.594
 8     0.837    -0.320    -0.444
 9   138.672    -1.631    29.283
 9     0.057    -0.172    -0.983
 9     0.998    -0.020     0.062
 9    -0.030    -0.985     0.171
 2    96.634   -18.532    59.790
 2     0.001    -1.000    -0.014
 2     0.999     0.001     0.047
 2    -0.048    -0.014     0.999
 3   130.993    -0.713     4.212
 3     0.232     0.168    -0.958
 3     0.096     0.976     0.195
 3     0.968    -0.137     0.210
 4   115.528    15.240   -11.318
 4     0.708    -0.699     0.096
 4     0.673     0.629    -0.388
 4     0.211     0.339     0.916
 5   123.251    22.810    17.590
 5     0.604    -0.618     0.504
 5    -0.147    -0.708    -0.691
 5     0.783     0.343    -0.518
 6   135.499    -3.932    18.887
 6     0.034     0.490    -0.871
 6    -0.974    -0.179    -0.139
 6    -0.224     0.853     0.472
 7   117.988   -21.101    -9.222
 7     0.897     0.414     0.153
 7    -0.441     0.861     0.252
 7    -0.028    -0.294     0.955
 8   126.399   -26.760    19.136
 8     0.547     0.498     0.672
 8     0.007    -0.806     0.592
 8     0.837    -0.320    -0.445
 9   138.722    -1.631    29.282
 9     0.059    -0.175    -0.983
 9     0.998    -0.019     0.064
 9    -0.030    -0.984     0.173
 2    96.634   -18.532    59.790
 2     0.001    -1.000    -0.014
 2     0.999     0.001     0.047
 2    -0.048    -0.014     0.999
 3   130.959    -0.766     4.047
 3     0.236     0.169    -0.957
 3     0.098     0.975     0.197
 3     0.967    -0.140     0.214
 4   115.497    15.215   -11.470
 4     0.706    -0.701     0.101
 4     0.676     0.625    -0.390
 4     0.210     0.344     0.915
 5   123.080    22.461    17.563
 5     0.601    -0.608     0.519
 5    -0.152    -0.724    -0.673
 5     0.785     0.325    -0.527
 6   135.607    -4.032    18.669
 6     0.050     0.492    -0.869
 6    -0.972    -0.177    -0.156
 6    -0.231     0.852     0.469
 7   117.934   -21.102    -9.215
 7     0.897     0.413     0.156
 7    -0.441     0.861     0.252
 7    -0.030    -0.295     0.955
 8   126.325   -26.761    19.041
 8     0.549     0.490     0.677
 8     0.005    -0.812     0.584
 8     0.836    -0.317    -0.448
 9   138.952    -1.784    29.147
 9     0.069    -0.184    -0.980
 9     0.997    -0.015     0.073
 9    -0.028    -0.983     0.182
 2    96.634   -18.532    59.790
 2     0.001    -1.000    -0.014
 2     0.999     0.001     0.047
 2    -0.048    -0.014     0.999
 3   130.966    -0.770     4.021
 3     0.240     0.170    -0.956
 3     0.100     0.975     0.199
 3     0.965    -0.144     0.217
 4   115.528    15.243   -11.505
 4     0.705    -0.702     0.101
 4     0.677     0.622    -0.393
 4     0.213     0.345     0.914
 5   122.962    22.363    17.597
 5     0.598    -0.605     0.526
 5    -0.153    -0.731    -0.665
 5     0.787     0.317    -0.529
 6   135.673    -3.929    18.574
 6     0.060     0.496    -0.866
 6    -0.970    -0.176    -0.167
 6    -0.235     0.850     0.471
 7   117.980   -21.205    -9.209
 7     0.897     0.413     0.158
 7    -0.441     0.861     0.253
 7    -0.032    -0.297     0.954
 8   126.322   -26.711    19.098
 8     0.550     0.488     0.678
 8     0.005    -0.813     0.581
 8     0.835    -0.316    -0.450
 9   139.073    -1.735    29.094
 9     0.072    -0.196    -0.978
 9     0.997    -0.013     0.076
 9    -0.028    -0.980     0.194
 2    96.634   -18.532    59.790
 2     0.001    -1.000    -0.014
 2     0.999     0.000     0.047
 2    -0.048    -0.014     0.999
 3   130.958    -0.823     3.932
 3     0.243     0.171    -0.955
 3     0.102     0.974     0.200
 3     0.964    -0.147     0.219
 4   115.506    15.220   -11.564
 4     0.704    -0.702     0.103
 4     0.676     0.620    -0.397
 4     0.215     0.349     0.912
 5   122.872    22.343    17.474
 5     0.594    -0.602     0.533
 5    -0.154    -0.736    -0.659
 5     0.790     0.309    -0.530
 6   135.590    -3.880    18.413
 6     0.065     0.506    -0.860
 6    -0.969    -0.175    -0.177
 6    -0.240     0.844     0.479
 7   117.776   -21.218    -9.293
 7     0.895     0.412     0.172
 7    -0.444     0.861     0.247
 7    -0.046    -0.298     0.953
 8   126.318   -26.712    19.052
 8     0.551     0.486     0.678
 8     0.005    -0.814     0.580
 8     0.834    -0.317    -0.451
 9   139.019    -1.737    28.913
 9     0.074    -0.208    -0.975
 9     0.997    -0.012     0.078
 9    -0.028    -0.978     0.206
 2    96.634   -18.532    59.790
 2     0.001    -1.000    -0.014
 2     0.999     0.000     0.047
 2    -0.048    -0.014     0.999
 3   130.957    -0.823     3.906
 3     0.245     0.172    -0.954
 3     0.103     0.974     0.202
 3     0.964    -0.148     0.221
 4   115.531    15.220   -11.667
 4     0.705    -0.702     0.104
 4     0.676     0.620    -0.399
 4     0.215     0.351     0.911
 5   122.880    22.422    17.413
 5     0.590    -0.603     0.536
 5    -0.154    -0.737    -0.658
 5     0.792     0.306    -0.528
