% Calibrated with leiden_pols
% Positions are in centimeters
Data =[
 2    96.646   -18.526    59.772
 2     0.001    -1.000    -0.011
 2     0.999     0.001     0.042
 2    -0.042    -0.011     0.999
 3   132.137    -0.454     4.738
 3     0.177     0.138    -0.974
 3     0.131     0.978     0.162
 3     0.975    -0.157     0.155
 4   117.518    14.640   -14.279
 4     0.552    -0.831     0.060
 4     0.807     0.516    -0.286
 4     0.207     0.206     0.956
 5   116.474    22.697    14.057
 5     0.321    -0.250     0.913
 5     0.175    -0.932    -0.316
 5     0.931     0.261    -0.256
 6   134.015    25.174    40.580
 6     0.497    -0.657    -0.567
 6    -0.217     0.538    -0.815
 6     0.840     0.528     0.125
 7   117.408   -20.311   -11.309
 7     0.800     0.578     0.161
 7    -0.598     0.790     0.132
 7    -0.051    -0.202     0.978
 8   116.913   -25.991    16.282
 8     0.245     0.128     0.961
 8    -0.214    -0.960     0.182
 8     0.945    -0.250    -0.208
 9   134.221   -30.792    43.442
 9     0.579     0.673    -0.459
 9     0.219     0.414     0.883
 9     0.785    -0.612     0.092
 2    96.646   -18.526    59.772
 2     0.001    -1.000    -0.011
 2     0.999     0.001     0.042
 2    -0.042    -0.011     0.999
 3   132.138    -0.506     4.687
 3     0.179     0.139    -0.974
 3     0.131     0.978     0.163
 3     0.975    -0.157     0.156
 4   117.518    14.640   -14.228
 4     0.552    -0.832     0.059
 4     0.807     0.516    -0.287
 4     0.207     0.206     0.956
 5   116.467    22.695    14.065
 5     0.321    -0.249     0.913
 5     0.175    -0.932    -0.316
 5     0.930     0.261    -0.256
 6   134.014    25.124    40.631
 6     0.497    -0.657    -0.566
 6    -0.217     0.537    -0.815
 6     0.840     0.528     0.124
 7   117.406   -20.312   -11.306
 7     0.800     0.578     0.161
 7    -0.598     0.791     0.132
 7    -0.052    -0.202     0.978
 8   116.863   -25.941    16.333
 8     0.245     0.128     0.961
 8    -0.214    -0.959     0.182
 8     0.945    -0.250    -0.208
 9   134.221   -30.792    43.442
 9     0.579     0.674    -0.459
 9     0.219     0.413     0.884
 9     0.785    -0.612     0.092
 2    96.646   -18.526    59.772
 2     0.001    -1.000    -0.011
 2     0.999     0.001     0.042
 2    -0.042    -0.011     0.999
 3   132.087    -0.456     4.737
 3     0.178     0.139    -0.974
 3     0.130     0.978     0.163
 3     0.975    -0.156     0.156
 4   117.520    14.641   -14.231
 4     0.552    -0.832     0.058
 4     0.807     0.515    -0.287
 4     0.208     0.206     0.956
 5   116.348    22.701    14.062
 5     0.316    -0.246     0.916
 5     0.180    -0.932    -0.312
 5     0.931     0.264    -0.251
 6   133.960    25.122    40.636
 6     0.498    -0.657    -0.565
 6    -0.218     0.536    -0.815
 6     0.839     0.529     0.124
 7   117.406   -20.261   -11.306
 7     0.800     0.578     0.162
 7    -0.598     0.791     0.131
 7    -0.052    -0.202     0.978
 8   116.911   -25.942    16.334
 8     0.244     0.128     0.961
 8    -0.214    -0.959     0.182
 8     0.945    -0.251    -0.207
 9   134.225   -30.792    43.438
 9     0.579     0.674    -0.459
 9     0.218     0.413     0.884
 9     0.786    -0.612     0.092
 2    96.646   -18.526    59.772
 2     0.001    -1.000    -0.011
 2     0.999     0.001     0.042
 2    -0.042    -0.011     0.999
 3   132.088    -0.455     4.763
 3     0.177     0.139    -0.974
 3     0.130     0.978     0.163
 3     0.975    -0.156     0.155
 4   117.542    14.648   -14.231
 4     0.552    -0.832     0.053
 4     0.805     0.515    -0.293
 4     0.217     0.204     0.954
 5   116.273    22.827    13.731
 5     0.290    -0.239     0.926
 5     0.201    -0.931    -0.303
 5     0.935     0.274    -0.222
 6   133.959    25.173    40.585
 6     0.499    -0.657    -0.565
 6    -0.218     0.536    -0.816
 6     0.839     0.530     0.124
 7   117.413   -20.258   -11.314
 7     0.800     0.577     0.160
 7    -0.597     0.790     0.135
 7    -0.049    -0.204     0.978
 8   116.735   -26.108    16.029
 8     0.219     0.118     0.968
 8    -0.233    -0.957     0.170
 8     0.947    -0.263    -0.183
 9   134.155   -30.865    43.427
 9     0.576     0.675    -0.462
 9     0.219     0.417     0.882
 9     0.788    -0.609     0.093
 2    96.646   -18.526    59.772
 2     0.001    -1.000    -0.011
 2     0.999     0.001     0.042
 2    -0.042    -0.011     0.999
 3   132.049    -0.452     4.749
 3     0.175     0.139    -0.975
 3     0.129     0.978     0.162
 3     0.976    -0.155     0.153
 4   117.512    14.600   -14.228
 4     0.541    -0.839     0.054
 4     0.812     0.505    -0.291
 4     0.216     0.201     0.955
 5   115.822    22.850    13.527
 5     0.270    -0.218     0.938
 5     0.210    -0.937    -0.279
 5     0.939     0.272    -0.208
 6   133.571    25.810    40.399
 6     0.513    -0.675    -0.530
 6    -0.207     0.502    -0.839
 6     0.833     0.540     0.118
 7   117.427   -20.175   -11.481
 7     0.803     0.573     0.161
 7    -0.594     0.791     0.145
 7    -0.044    -0.212     0.976
 8   116.360   -26.291    15.782
 8     0.209     0.110     0.972
 8    -0.251    -0.954     0.162
 8     0.945    -0.278    -0.172
 9   132.866   -31.466    43.151
 9     0.533     0.676    -0.509
 9     0.225     0.467     0.855
 9     0.815    -0.571     0.097
 2    96.646   -18.526    59.772
 2     0.001    -1.000    -0.011
 2     0.999     0.001     0.042
 2    -0.042    -0.011     0.999
 3   132.000    -0.553     4.723
 3     0.175     0.140    -0.975
 3     0.129     0.978     0.163
 3     0.976    -0.155     0.153
 4   117.391    14.572   -14.387
 4     0.533    -0.844     0.059
 4     0.820     0.497    -0.284
 4     0.209     0.200     0.957
 5   115.269    23.184    13.052
 5     0.236    -0.203     0.950
 5     0.235    -0.937    -0.259
 5     0.943     0.285    -0.174
 6   132.556    26.963    40.140
 6     0.486    -0.676    -0.554
 6    -0.179     0.543    -0.820
 6     0.855     0.498     0.142
 7   117.397   -20.170   -11.518
 7     0.802     0.574     0.166
 7    -0.596     0.786     0.161
 7    -0.038    -0.228     0.973
 8   115.004   -27.100    15.009
 8     0.147     0.124     0.981
 8    -0.280    -0.946     0.162
 8     0.948    -0.298    -0.105
 9   130.713   -31.796    43.509
 9     0.440     0.656    -0.612
 9     0.241     0.570     0.785
 9     0.865    -0.494     0.093
 2    96.646   -18.526    59.772
 2     0.001    -1.000    -0.011
 2     0.999     0.001     0.042
 2    -0.042    -0.011     0.999
 3   131.974    -0.500     4.724
 3     0.173     0.140    -0.975
 3     0.130     0.978     0.163
 3     0.976    -0.155     0.151
 4   117.396    14.426   -14.338
 4     0.520    -0.853     0.052
 4     0.827     0.487    -0.278
 4     0.211     0.188     0.959
 5   114.193    23.690    12.721
 5     0.191    -0.184     0.964
 5     0.276    -0.932    -0.233
 5     0.942     0.310    -0.128
 6   130.585    28.869    40.123
 6     0.443    -0.690    -0.573
 6    -0.140     0.577    -0.804
 6     0.885     0.436     0.159
 7   117.496   -20.238   -11.591
 7     0.800     0.576     0.164
 7    -0.599     0.782     0.172
 7    -0.029    -0.237     0.971
 8   113.942   -28.001    14.264
 8     0.079     0.188     0.979
 8    -0.297    -0.933     0.203
 8     0.951    -0.307    -0.019
 9   128.020   -32.178    43.696
 9     0.319     0.611    -0.725
 9     0.250     0.683     0.686
 9     0.914    -0.400     0.065
 2    96.646   -18.526    59.772
 2     0.001    -1.000    -0.011
 2     0.999     0.001     0.042
 2    -0.042    -0.011     0.999
 3   131.986    -0.618     4.612
 3     0.167     0.136    -0.976
 3     0.133     0.978     0.159
 3     0.977    -0.157     0.145
 4   117.441    14.429   -14.410
 4     0.507    -0.860     0.050
 4     0.836     0.476    -0.272
 4     0.210     0.179     0.961
 5   112.907    24.347    11.966
 5     0.130    -0.190     0.973
 5     0.306    -0.926    -0.221
 5     0.943     0.326    -0.062
