% Calibrated with leiden_pols
% Positions are in centimeters
Data =[
 2    96.646   -18.526    59.772
 2     0.001    -1.000    -0.011
 2     0.999     0.001     0.042
 2    -0.042    -0.011     0.999
 3   132.137    -0.454     4.738
 3     0.177     0.138    -0.974
 3     0.131     0.978     0.162
 3     0.975    -0.157     0.155
 4   117.518    14.640   -14.279
 4     0.552    -0.831     0.060
 4     0.807     0.516    -0.286
 4     0.207     0.206     0.956
 5   116.474    22.697    14.057
 5     0.321    -0.250     0.913
 5     0.175    -0.932    -0.316
 5     0.931     0.261    -0.256
 6   134.015    25.174    40.580
 6     0.497    -0.657    -0.567
 6    -0.217     0.538    -0.815
 6     0.840     0.528     0.125
 7   117.408   -20.311   -11.309
 7     0.800     0.578     0.161
 7    -0.598     0.790     0.132
 7    -0.051    -0.202     0.978
 8   116.913   -25.991    16.282
 8     0.245     0.128     0.961
 8    -0.214    -0.960     0.182
 8     0.945    -0.250    -0.208
 9   134.221   -30.792    43.442
 9     0.579     0.673    -0.459
 9     0.219     0.414     0.883
 9     0.785    -0.612     0.092
 2    96.646   -18.526    59.772
 2     0.001    -1.000    -0.011
 2     0.999     0.001     0.042
 2    -0.042    -0.011     0.999
 3   132.138    -0.506     4.687
 3     0.179     0.139    -0.974
 3     0.131     0.978     0.163
 3     0.975    -0.157     0.156
 4   117.518    14.640   -14.228
 4     0.552    -0.832     0.059
 4     0.807     0.516    -0.287
 4     0.207     0.206     0.956
 5   116.467    22.695    14.065
 5     0.321    -0.249     0.913
 5     0.175    -0.932    -0.316
 5     0.930     0.261    -0.256
 6   134.014    25.124    40.631
 6     0.497    -0.657    -0.566
 6    -0.217     0.537    -0.815
 6     0.840     0.528     0.124
 7   117.406   -20.312   -11.306
 7     0.800     0.578     0.161
 7    -0.598     0.791     0.132
 7    -0.052    -0.202     0.978
 8   116.863   -25.941    16.333
 8     0.245     0.128     0.961
 8    -0.214    -0.959     0.182
 8     0.945    -0.250    -0.208
 9   134.221   -30.792    43.442
 9     0.579     0.674    -0.459
 9     0.219     0.413     0.884
 9     0.785    -0.612     0.092
 2    96.646   -18.526    59.772
 2     0.001    -1.000    -0.011
 2     0.999     0.001     0.042
 2    -0.042    -0.011     0.999
 3   132.087    -0.456     4.737
 3     0.178     0.139    -0.974
 3     0.130     0.978     0.163
 3     0.975    -0.156     0.156
 4   117.520    14.641   -14.231
 4     0.552    -0.832     0.058
 4     0.807     0.515    -0.287
 4     0.208     0.206     0.956
 5   116.348    22.701    14.062
 5     0.316    -0.246     0.916
 5     0.180    -0.932    -0.312
 5     0.931     0.264    -0.251
 6   133.960    25.122    40.636
 6     0.498    -0.657    -0.565
 6    -0.218     0.536    -0.815
 6     0.839     0.529     0.124
 7   117.406   -20.261   -11.306
 7     0.800     0.578     0.162
 7    -0.598     0.791     0.131
 7    -0.052    -0.202     0.978
 8   116.911   -25.942    16.334
 8     0.244     0.128     0.961
 8    -0.214    -0.959     0.182
 8     0.945    -0.251    -0.207
 9   134.225   -30.792    43.438
 9     0.579     0.674    -0.459
 9     0.218     0.413     0.884
 9     0.786    -0.612     0.092
 2    96.646   -18.526    59.772
 2     0.001    -1.000    -0.011
 2     0.999     0.001     0.042
 2    -0.042    -0.011     0.999
 3   132.088    -0.455     4.763
 3     0.177     0.139    -0.974
 3     0.130     0.978     0.163
 3     0.975    -0.156     0.155
 4   117.542    14.648   -14.231
 4     0.552    -0.832     0.053
 4     0.805     0.515    -0.293
 4     0.217     0.204     0.954
 5   116.273    22.827    13.731
 5     0.290    -0.239     0.926
 5     0.201    -0.931    -0.303
 5     0.935     0.274    -0.222
 6   133.959    25.173    40.585
 6     0.499    -0.657    -0.565
 6    -0.218     0.536    -0.816
 6     0.839     0.530     0.124
 7   117.413   -20.258   -11.314
 7     0.800     0.577     0.160
 7    -0.597     0.790     0.135
 7    -0.049    -0.204     0.978
 8   116.735   -26.108    16.029
 8     0.219     0.118     0.968
 8    -0.233    -0.957     0.170
 8     0.947    -0.263    -0.183
 9   134.155   -30.865    43.427
 9     0.576     0.675    -0.462
 9     0.219     0.417     0.882
 9     0.788    -0.609     0.093
 2    96.646   -18.526    59.772
 2     0.001    -1.000    -0.011
 2     0.999     0.001     0.042
 2    -0.042    -0.011     0.999
 3   132.049    -0.452     4.749
 3     0.175     0.139    -0.975
 3     0.129     0.978     0.162
 3     0.976    -0.155     0.153
 4   117.512    14.600   -14.228
 4     0.541    -0.839     0.054
 4     0.812     0.505    -0.291
 4     0.216     0.201     0.955
 5   115.822    22.850    13.527
 5     0.270    -0.218     0.938
 5     0.210    -0.937    -0.279
 5     0.939     0.272    -0.208
 6   133.571    25.810    40.399
 6     0.513    -0.675    -0.530
 6    -0.207     0.502    -0.839
 6     0.833     0.540     0.118
 7   117.427   -20.175   -11.481
 7     0.803     0.573     0.161
 7    -0.594     0.791     0.145
 7    -0.044    -0.212     0.976
 8   116.360   -26.291    15.782
 8     0.209     0.110     0.972
 8    -0.251    -0.954     0.162
 8     0.945    -0.278    -0.172
 9   132.866   -31.466    43.151
 9     0.533     0.676    -0.509
 9     0.225     0.467     0.855
 9     0.815    -0.571     0.097
 2    96.646   -18.526    59.772
 2     0.001    -1.000    -0.011
 2     0.999     0.001     0.042
 2    -0.042    -0.011     0.999
 3   132.000    -0.553     4.723
 3     0.175     0.140    -0.975
 3     0.129     0.978     0.163
 3     0.976    -0.155     0.153
 4   117.391    14.572   -14.387
 4     0.533    -0.844     0.059
 4     0.820     0.497    -0.284
 4     0.209     0.200     0.957
 5   115.269    23.184    13.052
 5     0.236    -0.203     0.950
 5     0.235    -0.937    -0.259
 5     0.943     0.285    -0.174
 6   132.556    26.963    40.140
 6     0.486    -0.676    -0.554
 6    -0.179     0.543    -0.820
 6     0.855     0.498     0.142
 7   117.397   -20.170   -11.518
 7     0.802     0.574     0.166
 7    -0.596     0.786     0.161
 7    -0.038    -0.228     0.973
 8   115.004   -27.100    15.009
 8     0.147     0.124     0.981
 8    -0.280    -0.946     0.162
 8     0.948    -0.298    -0.105
 9   130.713   -31.796    43.509
 9     0.440     0.656    -0.612
 9     0.241     0.570     0.785
 9     0.865    -0.494     0.093
 2    96.646   -18.526    59.772
 2     0.001    -1.000    -0.011
 2     0.999     0.001     0.042
 2    -0.042    -0.011     0.999
 3   131.974    -0.500     4.724
 3     0.173     0.140    -0.975
 3     0.130     0.978     0.163
 3     0.976    -0.155     0.151
 4   117.396    14.426   -14.338
 4     0.520    -0.853     0.052
 4     0.827     0.487    -0.278
 4     0.211     0.188     0.959
 5   114.193    23.690    12.721
 5     0.191    -0.184     0.964
 5     0.276    -0.932    -0.233
 5     0.942     0.310    -0.128
 6   130.585    28.869    40.123
 6     0.443    -0.690    -0.573
 6    -0.140     0.577    -0.804
 6     0.885     0.436     0.159
 7   117.496   -20.238   -11.591
 7     0.800     0.576     0.164
 7    -0.599     0.782     0.172
 7    -0.029    -0.237     0.971
 8   113.942   -28.001    14.264
 8     0.079     0.188     0.979
 8    -0.297    -0.933     0.203
 8     0.951    -0.307    -0.019
 9   128.020   -32.178    43.696
 9     0.319     0.611    -0.725
 9     0.250     0.683     0.686
 9     0.914    -0.400     0.065
 2    96.646   -18.526    59.772
 2     0.001    -1.000    -0.011
 2     0.999     0.001     0.042
 2    -0.042    -0.011     0.999
 3   131.986    -0.618     4.612
 3     0.167     0.136    -0.976
 3     0.133     0.978     0.159
 3     0.977    -0.157     0.145
 4   117.441    14.429   -14.410
 4     0.507    -0.860     0.050
 4     0.836     0.476    -0.272
 4     0.210     0.179     0.961
 5   112.907    24.347    11.966
 5     0.130    -0.190     0.973
 5     0.306    -0.926    -0.221
 5     0.943     0.326    -0.062
 6   128.302    30.365    39.926
 6     0.389    -0.704    -0.595
 6    -0.114     0.604    -0.789
 6     0.914     0.375     0.154
 7   117.745   -20.355   -11.623
 7     0.800     0.578     0.156
 7    -0.599     0.780     0.180
 7    -0.018    -0.238     0.971
 8   112.879   -28.691    13.564
 8     0.023     0.239     0.971
 8    -0.315    -0.920     0.234
 8     0.949    -0.311     0.054
 9   125.611   -32.405    43.838
 9     0.228     0.581    -0.781
 9     0.251     0.739     0.624
 9     0.940    -0.339     0.022
 2    96.646   -18.476    59.772
 2     0.001    -1.000    -0.011
 2     0.999     0.001     0.042
 2    -0.042    -0.011     0.999
 3   131.996    -0.531     4.551
 3     0.159     0.129    -0.979
 3     0.135     0.979     0.151
 3     0.978    -0.157     0.138
 4   117.580    14.389   -14.403
 4     0.491    -0.870     0.043
 4     0.843     0.463    -0.273
 4     0.217     0.170     0.961
 5   111.687    24.548    11.543
 5     0.069    -0.199     0.977
 5     0.317    -0.925    -0.210
 5     0.946     0.324    -0.002
 6   125.936    30.882    40.335
 6     0.339    -0.722    -0.604
 6    -0.103     0.609    -0.786
 6     0.935     0.329     0.132
 7   117.996   -20.396   -11.709
 7     0.799     0.582     0.147
 7    -0.601     0.777     0.187
 7    -0.006    -0.238     0.971
 8   111.916   -29.071    12.937
 8    -0.033     0.262     0.964
 8    -0.326    -0.915     0.238
 8     0.945    -0.307     0.115
 9   123.822   -32.866    43.488
 9     0.178     0.569    -0.802
 9     0.243     0.765     0.596
 9     0.953    -0.302    -0.002
 2    96.646   -18.526    59.772
 2     0.001    -1.000    -0.011
 2     0.999     0.001     0.042
 2    -0.042    -0.011     0.999
 3   132.019    -0.477     4.730
 3     0.155     0.124    -0.980
 3     0.136     0.980     0.146
 3     0.978    -0.157     0.135
 4   117.598    14.399   -14.557
 4     0.483    -0.875     0.039
 4     0.846     0.454    -0.279
 4     0.226     0.168     0.959
 5   110.607    24.440    10.974
 5     0.011    -0.201     0.979
 5     0.318    -0.928    -0.194
 5     0.948     0.313     0.053
 6   123.906    31.033    40.154
 6     0.302    -0.739    -0.602
 6    -0.095     0.605    -0.790
 6     0.948     0.295     0.112
 7   118.274   -20.384   -11.875
 7     0.799     0.584     0.137
 7    -0.600     0.776     0.194
 7     0.007    -0.238     0.971
 8   111.278   -29.591    12.346
 8    -0.080     0.290     0.954
 8    -0.341    -0.907     0.247
 8     0.936    -0.306     0.171
 9   122.058   -33.391    43.294
 9     0.118     0.548    -0.828
 9     0.234     0.794     0.560
 9     0.965    -0.260    -0.035
 2    96.646   -18.526    59.772
 2     0.001    -1.000    -0.011
 2     0.999     0.001     0.042
 2    -0.042    -0.011     0.999
 3   132.128    -0.418     4.717
 3     0.150     0.114    -0.982
 3     0.137     0.981     0.135
 3     0.979    -0.156     0.131
 4   117.790    14.409   -14.578
 4     0.474    -0.880     0.033
 4     0.849     0.446    -0.283
 4     0.234     0.162     0.958
 5   109.850    24.618    10.413
 5    -0.036    -0.224     0.974
 5     0.322    -0.925    -0.201
 5     0.946     0.306     0.105
 6   122.110    31.231    40.119
 6     0.253    -0.740    -0.623
 6    -0.092     0.622    -0.777
 6     0.963     0.253     0.089
 7   118.618   -20.529   -12.006
 7     0.797     0.590     0.127
 7    -0.603     0.773     0.196
 7     0.017    -0.233     0.972
 8   110.520   -30.075    11.599
 8    -0.125     0.312     0.942
 8    -0.357    -0.900     0.251
 8     0.926    -0.305     0.224
 9   120.037   -33.998    42.771
 9     0.065     0.535    -0.842
 9     0.224     0.815     0.534
 9     0.972    -0.224    -0.067
 2    96.647   -18.527    59.772
 2     0.002    -1.000    -0.011
 2     0.999     0.001     0.042
 2    -0.042    -0.012     0.999
 3   132.175    -0.415     4.718
 3     0.147     0.109    -0.983
 3     0.138     0.982     0.130
 3     0.979    -0.155     0.129
 4   117.934    14.418   -14.727
 4     0.467    -0.884     0.026
 4     0.850     0.441    -0.288
 4     0.242     0.156     0.957
 5   109.013    25.015     9.601
 5    -0.087    -0.278     0.956
 5     0.320    -0.917    -0.237
 5     0.943     0.285     0.168
 6   120.008    31.658    39.575
 6     0.194    -0.742    -0.641
 6    -0.084     0.639    -0.765
 6     0.977     0.202     0.062
 7   118.882   -20.526   -12.209
 7     0.792     0.598     0.116
 7    -0.609     0.770     0.191
 7     0.025    -0.222     0.975
 8   109.639   -30.572    10.627
 8    -0.179     0.339     0.923
 8    -0.368    -0.893     0.258
 8     0.912    -0.294     0.284
 9   117.361   -34.344    42.311
 9    -0.005     0.523    -0.852
 9     0.224     0.831     0.509
 9     0.974    -0.188    -0.121
 2    96.647   -18.527    59.772
 2     0.002    -1.000    -0.011
 2     0.999     0.001     0.042
 2    -0.042    -0.012     0.999
 3   132.206    -0.409     4.676
 3     0.141     0.097    -0.985
 3     0.136     0.984     0.116
 3     0.980    -0.150     0.126
 4   118.230    14.428   -14.852
 4     0.458    -0.889     0.015
 4     0.853     0.434    -0.290
 4     0.251     0.146     0.957
 5   108.060    25.527     8.776
 5    -0.144    -0.326     0.934
 5     0.324    -0.908    -0.267
 5     0.935     0.264     0.236
 6   117.634    31.760    39.324
 6     0.112    -0.721    -0.684
 6    -0.084     0.679    -0.729
 6     0.990     0.139     0.016
 7   119.229   -20.647   -12.372
 7     0.786     0.609     0.101
 7    -0.617     0.765     0.188
 7     0.037    -0.210     0.977
 8   108.640   -30.795     9.874
 8    -0.240     0.358     0.902
 8    -0.366    -0.894     0.258
 8     0.899    -0.268     0.345
 9   114.507   -34.029    42.178
 9    -0.076     0.514    -0.854
 9     0.235     0.842     0.485
 9     0.969    -0.164    -0.184
 2    96.646   -18.527    59.772
 2     0.002    -1.000    -0.011
 2     0.999     0.001     0.042
 2    -0.042    -0.011     0.999
 3   132.315    -0.401     4.662
 3     0.135     0.082    -0.987
 3     0.136     0.985     0.100
 3     0.981    -0.148     0.122
 4   118.365    14.360   -14.992
 4     0.445    -0.895     0.008
 4     0.858     0.424    -0.291
 4     0.256     0.136     0.957
 5   106.988    25.356     8.046
 5    -0.200    -0.338     0.919
 5     0.325    -0.908    -0.264
 5     0.924     0.246     0.291
 6   115.076    31.875    38.608
 6     0.057    -0.728    -0.683
 6    -0.078     0.679    -0.730
 6     0.995     0.094    -0.018
 7   119.377   -20.774   -12.477
 7     0.771     0.630     0.088
 7    -0.635     0.751     0.182
 7     0.048    -0.196     0.979
 8   107.282   -30.579     9.191
 8    -0.299     0.333     0.894
 8    -0.360    -0.907     0.217
 8     0.883    -0.257     0.391
 9   111.738   -33.892    41.527
 9    -0.114     0.537    -0.835
 9     0.241     0.831     0.501
 9     0.964    -0.144    -0.225
 2    96.646   -18.526    59.772
 2     0.001    -1.000    -0.011
 2     0.999     0.001     0.042
 2    -0.042    -0.011     0.999
 3   132.324    -0.344     4.645
 3     0.130     0.070    -0.989
 3     0.134     0.987     0.088
 3     0.982    -0.144     0.119
 4   118.423    14.369   -15.005
 4     0.429    -0.903     0.005
 4     0.865     0.409    -0.292
 4     0.261     0.129     0.956
 5   106.027    25.340     7.469
 5    -0.250    -0.342     0.906
 5     0.319    -0.912    -0.256
 5     0.914     0.225     0.337
 6   112.675    31.484    38.328
 6     0.005    -0.730    -0.684
 6    -0.081     0.681    -0.728
 6     0.996     0.058    -0.056
 7   119.395   -20.954   -12.653
 7     0.756     0.650     0.078
 7    -0.652     0.737     0.175
 7     0.057    -0.183     0.981
 8   106.304   -30.586     8.662
 8    -0.339     0.321     0.884
 8    -0.355    -0.914     0.196
 8     0.871    -0.247     0.424
 9   109.601   -33.439    41.266
 9    -0.153     0.536    -0.830
 9     0.252     0.833     0.491
 9     0.955    -0.135    -0.263
 2    96.646   -18.527    59.772
 2     0.002    -1.000    -0.011
 2     0.999     0.001     0.042
 2    -0.042    -0.011     0.999
 3   132.157    -0.337     4.705
 3     0.123     0.052    -0.991
 3     0.132     0.989     0.068
 3     0.983    -0.139     0.114
 4   118.376    14.274   -15.090
 4     0.416    -0.909     0.004
 4     0.870     0.397    -0.293
 4     0.264     0.125     0.956
 5   105.329    24.952     6.959
 5    -0.279    -0.340     0.898
 5     0.312    -0.916    -0.250
 5     0.908     0.211     0.361
 6   111.026    31.494    37.499
 6    -0.005    -0.783    -0.621
 6    -0.067     0.620    -0.781
 6     0.998     0.037    -0.056
 7   119.405   -21.057   -12.665
 7     0.747     0.660     0.071
 7    -0.661     0.730     0.172
 7     0.062    -0.176     0.982
 8   105.727   -30.609     8.053
 8    -0.373     0.319     0.871
 8    -0.353    -0.917     0.185
 8     0.858    -0.239     0.454
 9   107.881   -33.141    40.800
 9    -0.194     0.512    -0.837
 9     0.262     0.849     0.459
 9     0.945    -0.130    -0.299
 2    96.646   -18.527    59.772
 2     0.002    -1.000    -0.011
 2     0.999     0.001     0.042
 2    -0.042    -0.011     0.999
 3   132.169    -0.385     4.635
 3     0.122     0.048    -0.991
 3     0.130     0.989     0.064
 3     0.984    -0.137     0.114
 4   118.480    14.382   -15.282
 4     0.406    -0.914     0.010
 4     0.874     0.384    -0.298
 4     0.268     0.129     0.954
 5   104.583    24.535     6.470
 5    -0.316    -0.321     0.893
 5     0.302    -0.926    -0.227
 5     0.899     0.197     0.389
 6   110.232    32.055    38.619
 6    -0.022    -0.877    -0.480
 6    -0.000     0.480    -0.877
 6     1.000    -0.019    -0.011
 7   119.485   -21.007   -12.804
 7     0.740     0.669     0.061
 7    -0.669     0.725     0.166
 7     0.066    -0.164     0.984
 8   105.045   -30.481     7.452
 8    -0.408     0.316     0.856
 8    -0.351    -0.920     0.173
 8     0.843    -0.230     0.486
 9   106.086   -32.918    40.363
 9    -0.230     0.510    -0.829
 9     0.267     0.852     0.450
 9     0.936    -0.118    -0.332
 2    96.646   -18.527    59.772
 2     0.002    -1.000    -0.011
 2     0.999     0.001     0.042
 2    -0.042    -0.011     0.999
 3   132.080    -0.279     4.667
 3     0.117     0.039    -0.992
 3     0.126     0.990     0.054
 3     0.985    -0.132     0.111
 4   118.558    14.465   -15.290
 4     0.392    -0.920     0.009
 4     0.879     0.372    -0.298
 4     0.271     0.124     0.954
 5   104.207    24.593     5.929
 5    -0.344    -0.325     0.881
 5     0.308    -0.925    -0.221
 5     0.887     0.196     0.418
 6   106.911    34.370    37.224
 6    -0.124    -0.752    -0.647
 6     0.029     0.649    -0.760
 6     0.992    -0.113    -0.059
 7   119.598   -21.058   -12.825
 7     0.732     0.679     0.051
 7    -0.677     0.718     0.161
 7     0.073    -0.152     0.985
 8   104.400   -30.420     7.023
 8    -0.437     0.303     0.847
 8    -0.349    -0.925     0.151
 8     0.828    -0.230     0.510
 9   104.552   -32.574    39.832
 9    -0.263     0.490    -0.831
 9     0.274     0.864     0.422
 9     0.925    -0.117    -0.362
 2    96.646   -18.527    59.772
 2     0.002    -1.000    -0.011
 2     0.999     0.001     0.042
 2    -0.042    -0.011     0.999
 3   131.917    -0.247     4.700
 3     0.111     0.029    -0.993
 3     0.123     0.991     0.042
 3     0.986    -0.127     0.106
 4   118.614    14.519   -15.451
 4     0.388    -0.922     0.005
 4     0.880     0.369    -0.300
 4     0.274     0.120     0.954
 5   103.843    25.023     5.313
 5    -0.376    -0.367     0.851
 5     0.304    -0.916    -0.261
 5     0.875     0.160     0.456
 6   105.091    33.643    37.592
 6    -0.223    -0.613    -0.758
 6     0.009     0.776    -0.630
 6     0.975    -0.148    -0.167
 7   119.870   -20.949   -12.863
 7     0.728     0.684     0.034
 7    -0.680     0.715     0.160
 7     0.085    -0.140     0.986
 8   104.097   -30.361     6.587
 8    -0.467     0.308     0.828
 8    -0.346    -0.926     0.150
 8     0.813    -0.217     0.539
 9   103.100   -31.759    39.497
 9    -0.306     0.451    -0.838
 9     0.289     0.883     0.369
 9     0.907    -0.129    -0.401
 2    96.622   -18.527    59.772
 2     0.002    -1.000    -0.011
 2     0.999     0.001     0.042
 2    -0.042    -0.012     0.999
 3   131.904    -0.136     4.863
 3     0.102     0.021    -0.995
 3     0.120     0.992     0.033
 3     0.987    -0.123     0.098
 4   118.949    14.535   -15.485
 4     0.372    -0.928    -0.015
 4     0.882     0.359    -0.305
 4     0.288     0.100     0.952
 5   103.028    24.697     4.889
 5    -0.422    -0.374     0.826
 5     0.288    -0.919    -0.269
 5     0.860     0.125     0.495
 6   105.026    30.728    38.260
 6    -0.300    -0.488    -0.820
 6    -0.026     0.863    -0.505
 6     0.953    -0.130    -0.271
 7   120.356   -21.037   -12.871
 7     0.722     0.691     0.010
 7    -0.684     0.712     0.161
 7     0.104    -0.123     0.987
 8   103.781   -30.385     5.996
 8    -0.503     0.307     0.808
 8    -0.341    -0.929     0.141
 8     0.794    -0.205     0.572
 9   101.334   -31.201    38.956
 9    -0.356     0.418    -0.836
 9     0.302     0.897     0.321
 9     0.884    -0.138    -0.446
 2    96.622   -18.527    59.772
 2     0.002    -1.000    -0.011
 2     0.999     0.001     0.042
 2    -0.042    -0.012     0.999
 3   131.957    -0.169     4.905
 3     0.091     0.012    -0.996
 3     0.117     0.993     0.022
 3     0.989    -0.119     0.089
 4   119.249    14.600   -15.411
 4     0.353    -0.935    -0.029
 4     0.886     0.344    -0.309
 4     0.299     0.083     0.950
 5   102.579    24.451     4.564
 5    -0.456    -0.371     0.809
 5     0.273    -0.923    -0.270
 5     0.847     0.098     0.522
 6   103.690    29.393    38.064
 6    -0.344    -0.419    -0.840
 6    -0.058     0.902    -0.427
 6     0.937    -0.098    -0.335
 7   120.780   -21.104   -12.786
 7     0.719     0.695    -0.008
 7    -0.685     0.710     0.160
 7     0.117    -0.110     0.987
 8   103.469   -30.325     5.533
 8    -0.535     0.303     0.788
 8    -0.341    -0.932     0.126
 8     0.773    -0.201     0.602
 9    99.925   -30.913    38.299
 9    -0.387     0.406    -0.827
 9     0.311     0.902     0.297
 9     0.868    -0.142    -0.476
 2    96.621   -18.527    59.772
 2     0.002    -1.000    -0.011
 2     0.999     0.001     0.042
 2    -0.042    -0.011     0.999
 3   132.020    -0.055     4.992
 3     0.082     0.003    -0.997
 3     0.115     0.993     0.012
 3     0.990    -0.116     0.081
 4   119.383    14.606   -15.419
 4     0.343    -0.939    -0.038
 4     0.889     0.337    -0.310
 4     0.303     0.073     0.950
 5   102.235    24.305     4.070
 5    -0.482    -0.372     0.793
 5     0.271    -0.924    -0.269
 5     0.833     0.085     0.546
 6   102.485    28.961    37.610
 6    -0.380    -0.376    -0.845
 6    -0.067     0.922    -0.381
 6     0.922    -0.088    -0.375
 7   121.146   -21.101   -12.813
 7     0.710     0.704    -0.023
 7    -0.693     0.704     0.156
 7     0.126    -0.095     0.987
 8   103.008   -30.191     4.781
 8    -0.569     0.284     0.771
 8    -0.340    -0.936     0.094
 8     0.749    -0.209     0.629
 9    98.400   -30.872    37.334
 9    -0.411     0.415    -0.812
 9     0.313     0.900     0.302
 9     0.856    -0.130    -0.500
 2    96.647   -18.527    59.772
 2     0.002    -1.000    -0.011
 2     0.999     0.001     0.042
 2    -0.042    -0.012     0.999
 3   132.084    -0.090     5.157
 3     0.071    -0.003    -0.997
 3     0.112     0.993     0.005
 3     0.991    -0.112     0.071
 4   119.829    14.558   -15.509
 4     0.332    -0.942    -0.049
 4     0.894     0.330    -0.303
 4     0.301     0.057     0.952
 5   101.784    24.357     3.341
 5    -0.514    -0.362     0.778
 5     0.277    -0.928    -0.249
 5     0.812     0.087     0.577
 6   101.013    29.134    36.689
 6    -0.412    -0.367    -0.834
 6    -0.066     0.925    -0.375
 6     0.909    -0.099    -0.405
 7   121.417   -21.198   -12.744
 7     0.701     0.712    -0.038
 7    -0.700     0.697     0.155
 7     0.137    -0.083     0.987
 8   102.749   -30.155     4.390
 8    -0.599     0.280     0.750
 8    -0.337    -0.938     0.082
 8     0.727    -0.203     0.656
 9    97.077   -30.610    36.741
 9    -0.450     0.389    -0.804
 9     0.312     0.911     0.267
 9     0.837    -0.131    -0.532
 2    96.646   -18.527    59.772
 2     0.002    -1.000    -0.011
 2     0.999     0.001     0.042
 2    -0.042    -0.011     0.999
 3   132.151    -0.121     5.201
 3     0.059    -0.006    -0.998
 3     0.112     0.994     0.001
 3     0.992    -0.112     0.059
 4   119.944    14.507   -15.544
 4     0.318    -0.946    -0.056
 4     0.900     0.320    -0.296
 4     0.297     0.044     0.953
 5   101.410    24.112     2.781
 5    -0.536    -0.347     0.770
 5     0.280    -0.933    -0.226
 5     0.796     0.094     0.597
 6    99.910    29.110    36.058
 6    -0.430    -0.370    -0.823
 6    -0.064     0.922    -0.381
 6     0.900    -0.111    -0.420
 7   121.713   -21.216   -12.601
 7     0.697     0.714    -0.053
 7    -0.701     0.696     0.156
 7     0.148    -0.072     0.986
 8   102.724   -30.251     4.154
 8    -0.613     0.283     0.738
 8    -0.339    -0.938     0.078
 8     0.713    -0.203     0.670
 9    96.569   -30.621    36.323
 9    -0.469     0.368    -0.803
 9     0.311     0.919     0.240
 9     0.826    -0.138    -0.546
 2    96.646   -18.527    59.772
 2     0.002    -1.000    -0.011
 2     0.999     0.001     0.042
 2    -0.042    -0.011     0.999
 3   132.147    -0.008     5.341
 3     0.050    -0.014    -0.999
 3     0.111     0.994    -0.009
 3     0.992    -0.111     0.051
 4   120.117    14.511   -15.490
 4     0.307    -0.950    -0.059
 4     0.904     0.310    -0.294
 4     0.297     0.037     0.954
 5   101.199    24.029     2.540
 5    -0.550    -0.337     0.765
 5     0.275    -0.937    -0.215
 5     0.789     0.092     0.607
 6    99.265    28.933    35.793
 6    -0.443    -0.367    -0.818
 6    -0.070     0.924    -0.376
 6     0.894    -0.109    -0.435
 7   122.075   -21.133   -12.554
 7     0.698     0.712    -0.068
 7    -0.698     0.699     0.152
 7     0.156    -0.059     0.986
 8   102.847   -30.219     3.741
 8    -0.628     0.287     0.723
 8    -0.344    -0.936     0.073
 8     0.698    -0.203     0.687
 9    95.796   -30.508    35.697
 9    -0.496     0.344    -0.797
 9     0.310     0.928     0.207
 9     0.811    -0.144    -0.567
 2    96.646   -18.527    59.772
 2     0.002    -1.000    -0.011
 2     0.999     0.001     0.042
 2    -0.042    -0.011     0.999
 3   132.182     0.189     5.381
 3     0.039    -0.031    -0.999
 3     0.109     0.993    -0.027
 3     0.993    -0.108     0.042
 4   120.184    14.614   -15.558
 4     0.294    -0.954    -0.064
 4     0.909     0.299    -0.290
 4     0.295     0.027     0.955
 5   100.797    24.016     2.067
 5    -0.567    -0.331     0.754
 5     0.273    -0.939    -0.207
 5     0.777     0.088     0.623
 6    98.176    28.849    35.227
 6    -0.460    -0.362    -0.810
 6    -0.076     0.926    -0.370
 6     0.884    -0.109    -0.454
 7   122.432   -21.003   -12.626
 7     0.695     0.714    -0.083
 7    -0.700     0.699     0.146
 7     0.162    -0.043     0.986
 8   102.597   -30.073     3.087
 8    -0.651     0.284     0.703
 8    -0.346    -0.936     0.058
 8     0.675    -0.205     0.708
 9    94.622   -30.448    34.750
 9    -0.523     0.334    -0.784
 9     0.311     0.931     0.189
 9     0.793    -0.145    -0.591
 2    96.646   -18.527    59.772
 2     0.002    -1.000    -0.011
 2     0.999     0.001     0.042
 2    -0.042    -0.011     0.999
 3   132.170     0.229     5.490
 3     0.031    -0.042    -0.999
 3     0.104     0.994    -0.039
 3     0.994    -0.103     0.036
 4   120.283    14.744   -15.528
 4     0.280    -0.957    -0.072
 4     0.913     0.288    -0.287
 4     0.295     0.015     0.955
 5   100.506    24.076     1.832
 5    -0.587    -0.322     0.742
 5     0.272    -0.943    -0.193
 5     0.762     0.089     0.641
 6    97.200    28.958    34.727
 6    -0.481    -0.356    -0.801
 6    -0.076     0.927    -0.367
 6     0.873    -0.116    -0.473
 7   122.617   -20.900   -12.544
 7     0.688     0.719    -0.097
 7    -0.705     0.694     0.141
 7     0.168    -0.029     0.985
 8   102.416   -29.971     2.715
 8    -0.669     0.281     0.688
 8    -0.346    -0.937     0.046
 8     0.657    -0.208     0.724
 9    93.717   -30.307    34.056
 9    -0.545     0.320    -0.775
 9     0.308     0.936     0.170
 9     0.780    -0.146    -0.609
 2    96.646   -18.527    59.772
 2     0.002    -1.000    -0.011
 2     0.999     0.001     0.042
 2    -0.042    -0.011     0.999
 3   132.194     0.340     5.580
 3     0.024    -0.045    -0.999
 3     0.100     0.994    -0.043
 3     0.994    -0.099     0.028
 4   120.463    14.849   -15.378
 4     0.273    -0.959    -0.079
 4     0.915     0.284    -0.286
 4     0.297     0.006     0.955
 5   100.474    23.991     1.643
 5    -0.598    -0.322     0.734
 5     0.272    -0.943    -0.192
 5     0.754     0.085     0.651
 6    96.953    28.872    34.418
 6    -0.492    -0.344    -0.799
 6    -0.073     0.932    -0.356
 6     0.867    -0.117    -0.484
 7   122.851   -20.950   -12.559
 7     0.683     0.723    -0.105
 7    -0.709     0.691     0.140
 7     0.173    -0.021     0.984
 8   102.481   -29.933     2.514
 8    -0.680     0.279     0.678
 8    -0.349    -0.937     0.036
 8     0.645    -0.212     0.734
 9    93.502   -30.411    33.721
 9    -0.552     0.319    -0.771
 9     0.306     0.937     0.169
 9     0.776    -0.143    -0.614
 2    96.646   -18.527    59.772
 2     0.002    -1.000    -0.011
 2     0.999     0.001     0.042
 2    -0.042    -0.011     0.999
 3   132.264     0.305     5.617
 3     0.017    -0.047    -0.999
 3     0.098     0.994    -0.045
 3     0.995    -0.098     0.021
 4   120.765    14.723   -15.375
 4     0.271    -0.959    -0.085
 4     0.916     0.284    -0.284
 4     0.297    -0.001     0.955
 5   100.514    23.881     1.327
 5    -0.608    -0.320     0.726
 5     0.273    -0.943    -0.187
 5     0.745     0.085     0.661
 6    96.366    28.708    34.013
 6    -0.512    -0.324    -0.795
 6    -0.072     0.939    -0.337
 6     0.856    -0.115    -0.504
 7   123.114   -20.896   -12.454
 7     0.678     0.725    -0.117
 7    -0.712     0.688     0.138
 7     0.180    -0.011     0.983
 8   102.330   -29.929     2.189
 8    -0.695     0.274     0.664
 8    -0.350    -0.936     0.019
 8     0.627    -0.220     0.747
 9    92.624   -30.670    33.055
 9    -0.566     0.325    -0.758
 9     0.302     0.937     0.177
 9     0.767    -0.129    -0.628
 2    96.646   -18.526    59.772
 2     0.001    -1.000    -0.011
 2     0.999     0.001     0.042
 2    -0.042    -0.011     0.999
 3   132.379     0.269     5.739
 3     0.008    -0.048    -0.999
 3     0.096     0.994    -0.047
 3     0.995    -0.096     0.013
 4   121.106    14.572   -15.307
 4     0.258    -0.961    -0.094
 4     0.920     0.274    -0.278
 4     0.293    -0.015     0.956
 5   100.135    23.559     0.746
 5    -0.632    -0.301     0.714
 5     0.270    -0.949    -0.161
 5     0.726     0.091     0.681
 6    95.051    28.678    33.166
 6    -0.533    -0.333    -0.777
 6    -0.069     0.933    -0.353
 6     0.843    -0.135    -0.521
 7   123.358   -21.019   -12.306
 7     0.669     0.732    -0.131
 7    -0.719     0.681     0.137
 7     0.190     0.002     0.982
 8   102.171   -29.980     1.745
 8    -0.713     0.268     0.647
 8    -0.349    -0.937     0.003
 8     0.607    -0.224     0.762
 9    91.697   -30.858    32.341
 9    -0.587     0.326    -0.741
 9     0.300     0.938     0.174
 9     0.752    -0.120    -0.648
 2    96.646   -18.527    59.823
 2     0.002    -1.000    -0.011
 2     0.999     0.001     0.042
 2    -0.042    -0.011     0.999
 3   132.522     0.206     5.761
 3     0.000    -0.049    -0.999
 3     0.095     0.994    -0.049
 3     0.995    -0.095     0.005
 4   121.241    14.445   -15.339
 4     0.242    -0.965    -0.100
 4     0.926     0.261    -0.272
 4     0.288    -0.027     0.957
 5    99.850    23.267     0.299
 5    -0.650    -0.286     0.704
 5     0.267    -0.953    -0.140
 5     0.711     0.097     0.696
 6    94.074    28.651    32.433
 6    -0.551    -0.335    -0.764
 6    -0.063     0.930    -0.362
 6     0.832    -0.151    -0.534
 7   123.548   -21.115   -12.154
 7     0.665     0.733    -0.144
 7    -0.720     0.680     0.137
 7     0.198     0.012     0.980
 8   102.328   -30.096     1.566
 8    -0.723     0.278     0.633
 8    -0.353    -0.936     0.008
 8     0.594    -0.217     0.774
 9    91.394   -31.019    31.994
 9    -0.605     0.308    -0.734
 9     0.293     0.943     0.154
 9     0.740    -0.122    -0.661
 2    96.646   -18.527    59.772
 2     0.002    -1.000    -0.011
 2     0.999     0.001     0.042
 2    -0.042    -0.011     0.999
 3   132.518     0.214     5.825
 3    -0.005    -0.053    -0.999
 3     0.097     0.994    -0.054
 3     0.995    -0.097     0.000
 4   121.259    14.497   -15.256
 4     0.232    -0.967    -0.102
 4     0.929     0.251    -0.270
 4     0.286    -0.032     0.957
 5    99.801    23.262     0.143
 5    -0.656    -0.282     0.700
 5     0.268    -0.954    -0.132
 5     0.705     0.101     0.702
 6    93.796    28.910    32.045
 6    -0.559    -0.326    -0.762
 6    -0.052     0.932    -0.360
 6     0.827    -0.161    -0.538
 7   123.778   -21.010   -12.114
 7     0.666     0.730    -0.149
 7    -0.718     0.682     0.136
 7     0.201     0.016     0.979
 8   102.489   -30.175     1.454
 8    -0.725     0.283     0.628
 8    -0.355    -0.935     0.012
 8     0.590    -0.214     0.778
 9    91.383   -31.398    31.776
 9    -0.613     0.297    -0.732
 9     0.280     0.948     0.150
 9     0.739    -0.113    -0.664
 2    96.646   -18.527    59.772
 2     0.002    -1.000    -0.011
 2     0.999     0.001     0.041
 2    -0.042    -0.011     0.999
 3   132.537     0.295     5.833
 3    -0.008    -0.057    -0.998
 3     0.095     0.994    -0.058
 3     0.995    -0.096    -0.002
 4   121.312    14.447   -15.284
 4     0.232    -0.967    -0.102
 4     0.929     0.251    -0.270
 4     0.287    -0.032     0.957
 5    99.901    23.531    -0.029
 5    -0.661    -0.291     0.691
 5     0.276    -0.951    -0.135
 5     0.697     0.101     0.709
 6    93.277    29.631    31.698
 6    -0.581    -0.302    -0.756
 6    -0.031     0.936    -0.349
 6     0.813    -0.179    -0.553
 7   123.954   -20.882   -12.119
 7     0.667     0.729    -0.153
 7    -0.717     0.683     0.134
 7     0.202     0.020     0.979
 8   102.453   -30.160     1.051
 8    -0.732     0.286     0.618
 8    -0.363    -0.932     0.001
 8     0.576    -0.224     0.786
 9    90.661   -31.785    31.074
 9    -0.632     0.285    -0.720
 9     0.266     0.953     0.143
 9     0.727    -0.101    -0.679
 2    96.646   -18.527    59.772
 2     0.002    -1.000    -0.011
 2     0.999     0.001     0.042
 2    -0.042    -0.011     0.999
 3   132.583     0.299     6.020
 3    -0.011    -0.060    -0.998
 3     0.094     0.993    -0.061
 3     0.995    -0.095    -0.005
 4   121.441    14.577   -15.212
 4     0.228    -0.968    -0.105
 4     0.929     0.249    -0.272
 4     0.289    -0.036     0.956
 5    99.854    23.569    -0.333
 5    -0.674    -0.290     0.680
 5     0.278    -0.952    -0.130
 5     0.684     0.102     0.722
 6    92.387    29.953    30.968
 6    -0.603    -0.283    -0.746
 6    -0.017     0.939    -0.343
 6     0.797    -0.194    -0.571
 7   124.061   -20.832   -12.079
 7     0.660     0.733    -0.160
 7    -0.722     0.679     0.133
 7     0.206     0.027     0.978
 8   102.302   -30.132     0.663
 8    -0.746     0.287     0.600
 8    -0.361    -0.932    -0.003
 8     0.559    -0.219     0.799
 9    89.583   -32.053    30.280
 9    -0.661     0.264    -0.702
 9     0.251     0.960     0.124
 9     0.707    -0.094    -0.701
 2    96.646   -18.526    59.772
 2     0.001    -1.000    -0.011
 2     0.999     0.001     0.042
 2    -0.042    -0.011     0.999
 3   132.631     0.353     5.975
 3    -0.013    -0.063    -0.998
 3     0.093     0.993    -0.064
 3     0.995    -0.094    -0.007
 4   121.540    14.578   -15.211
 4     0.222    -0.969    -0.108
 4     0.931     0.244    -0.271
 4     0.289    -0.040     0.956
 5    99.705    23.511    -0.532
 5    -0.682    -0.290     0.672
 5     0.277    -0.952    -0.129
 5     0.677     0.098     0.729
 6    89.657    31.696    29.588
 6    -0.628    -0.250    -0.737
 6     0.007     0.945    -0.327
 6     0.778    -0.210    -0.592
 7   124.144   -20.882   -12.066
 7     0.654     0.737    -0.167
 7    -0.726     0.674     0.133
 7     0.210     0.034     0.977
 8   102.253   -30.223     0.345
 8    -0.755     0.295     0.585
 8    -0.367    -0.930    -0.005
 8     0.542    -0.218     0.811
 9    89.032   -32.895    29.579
 9    -0.682     0.245    -0.688
 9     0.226     0.966     0.120
 9     0.695    -0.073    -0.715
 2    96.646   -18.527    59.772
 2     0.002    -1.000    -0.011
 2     0.999     0.001     0.042
 2    -0.042    -0.011     0.999
 3   132.679     0.355     6.029
 3    -0.014    -0.064    -0.998
 3     0.092     0.993    -0.066
 3     0.995    -0.093    -0.008
 4   121.638    14.578   -15.156
 4     0.219    -0.969    -0.109
 4     0.932     0.241    -0.270
 4     0.288    -0.043     0.957
 5    99.684    23.554    -0.789
 5    -0.685    -0.296     0.666
 5     0.286    -0.950    -0.128
 5     0.670     0.103     0.735
 6    89.302    32.394    28.937
 6    -0.640    -0.229    -0.733
 6     0.032     0.945    -0.324
 6     0.767    -0.231    -0.598
 7   124.146   -20.882   -12.069
 7     0.653     0.738    -0.169
 7    -0.727     0.674     0.132
 7     0.211     0.036     0.977
 8   102.277   -30.507     0.095
 8    -0.758     0.305     0.576
 8    -0.375    -0.927    -0.003
 8     0.533    -0.218     0.817
 9    88.799   -33.757    29.206
 9    -0.696     0.222    -0.683
 9     0.198     0.973     0.115
 9     0.690    -0.055    -0.721
 2    96.646   -18.526    59.772
 2     0.001    -1.000    -0.010
 2     0.999     0.001     0.042
 2    -0.042    -0.011     0.999
 3   132.681     0.353     5.975
 3    -0.013    -0.066    -0.998
 3     0.093     0.993    -0.067
 3     0.995    -0.094    -0.007
 4   121.582    14.501   -15.201
 4     0.218    -0.970    -0.108
 4     0.933     0.239    -0.268
 4     0.286    -0.042     0.957
 5    99.491    23.573    -1.026
 5    -0.687    -0.298     0.662
 5     0.293    -0.948    -0.122
 5     0.664     0.110     0.739
 6    88.496    32.909    28.239
 6    -0.659    -0.217    -0.720
 6     0.053     0.941    -0.333
 6     0.750    -0.258    -0.609
 7   124.146   -20.882   -12.069
 7     0.653     0.738    -0.169
 7    -0.727     0.673     0.132
 7     0.211     0.036     0.976
 8   102.248   -30.464    -0.273
 8    -0.763     0.312     0.567
 8    -0.382    -0.924    -0.006
 8     0.522    -0.221     0.824
 9    88.247   -34.167    28.486
 9    -0.708     0.221    -0.670
 9     0.186     0.974     0.125
 9     0.681    -0.036    -0.731
 2    96.646   -18.527    59.772
 2     0.002    -1.000    -0.011
 2     0.999     0.001     0.042
 2    -0.042    -0.011     0.999
 3   132.626     0.355     5.976
 3    -0.014    -0.066    -0.998
 3     0.093     0.993    -0.067
 3     0.995    -0.094    -0.007
 4   121.576    14.501   -15.194
 4     0.210    -0.972    -0.109
 4     0.935     0.232    -0.267
 4     0.284    -0.046     0.958
 5    99.228    23.438    -1.320
 5    -0.698    -0.289     0.655
 5     0.291    -0.950    -0.110
 5     0.654     0.114     0.747
 6    87.758    32.975    27.747
 6    -0.670    -0.220    -0.708
 6     0.056     0.937    -0.345
 6     0.740    -0.271    -0.616
 7   124.247   -20.833   -12.072
 7     0.649     0.740    -0.173
 7    -0.730     0.670     0.130
 7     0.212     0.041     0.976
 8   102.161   -30.404    -0.572
 8    -0.772     0.309     0.555
