% Calibrated with leiden_pols
% Positions are in centimeters
Data =[
 2    98.189   -22.530    59.435
 2     0.752    -0.659     0.027
 2     0.656     0.751     0.066
 2    -0.063    -0.033     0.997
 3   129.828    -5.058    -1.928
 3     0.483    -0.144    -0.864
 3     0.370     0.927     0.053
 3     0.793    -0.346     0.500
 4   112.864    15.196    -8.843
 4     0.484    -0.688     0.542
 4     0.831     0.166    -0.530
 4     0.274     0.706     0.652
 5   115.114    20.642    17.562
 5     0.069    -0.339     0.938
 5     0.199    -0.917    -0.346
 5     0.977     0.210     0.005
 6   125.002    27.997    41.870
 6     0.186    -0.852    -0.493
 6     0.151     0.517    -0.841
 6     0.970     0.080     0.222
 7   111.392   -23.471    -6.940
 7     0.619     0.556     0.556
 7    -0.783     0.382     0.490
 7     0.060    -0.738     0.671
 8   115.837   -25.954    18.892
 8     0.192     0.097     0.976
 8    -0.238    -0.961     0.142
 8     0.952    -0.259    -0.161
 9   124.539   -34.893    43.711
 9     0.378     0.925    -0.040
 9    -0.158     0.105     0.982
 9     0.912    -0.365     0.185
 2    98.188   -22.530    59.435
 2     0.752    -0.660     0.027
 2     0.656     0.751     0.066
 2    -0.063    -0.032     0.997
 3   129.644    -5.009    -1.867
 3     0.484    -0.147    -0.863
 3     0.373     0.926     0.052
 3     0.791    -0.348     0.502
 4   112.509    15.189    -8.818
 4     0.478    -0.681     0.556
 4     0.838     0.163    -0.520
 4     0.264     0.713     0.648
 5   115.152    20.834    17.529
 5     0.081    -0.328     0.941
 5     0.211    -0.917    -0.337
 5     0.974     0.225    -0.005
 6   125.192    28.499    41.679
 6     0.194    -0.855    -0.485
 6     0.162     0.512    -0.842
 6     0.967     0.083     0.235
 7   111.302   -23.468    -6.875
 7     0.618     0.557     0.555
 7    -0.784     0.379     0.492
 7     0.064    -0.739     0.670
 8   115.823   -25.820    19.006
 8     0.192     0.096     0.977
 8    -0.233    -0.963     0.140
 8     0.953    -0.253    -0.162
 9   124.515   -34.661    43.889
 9     0.378     0.925    -0.040
 9    -0.154     0.103     0.983
 9     0.912    -0.365     0.181
 2    98.189   -22.530    59.435
 2     0.752    -0.659     0.027
 2     0.656     0.751     0.066
 2    -0.063    -0.033     0.997
 3   129.595    -5.059    -1.765
 3     0.482    -0.145    -0.864
 3     0.375     0.925     0.055
 3     0.791    -0.351     0.500
 4   112.604    15.034    -8.936
 4     0.480    -0.681     0.555
 4     0.837     0.167    -0.520
 4     0.261     0.713     0.650
 5   115.252    20.835    17.411
 5     0.078    -0.331     0.940
 5     0.212    -0.916    -0.339
 5     0.974     0.225    -0.001
 6   125.292    28.577    41.657
 6     0.193    -0.855    -0.485
 6     0.164     0.512    -0.842
 6     0.967     0.081     0.236
 7   111.415   -23.489    -6.842
 7     0.617     0.560     0.553
 7    -0.784     0.374     0.495
 7     0.070    -0.739     0.670
 8   115.838   -25.823    18.988
 8     0.185     0.089     0.979
 8    -0.232    -0.964     0.131
 8     0.955    -0.250    -0.157
 9   124.255   -34.611    44.002
 9     0.373     0.927    -0.028
 9    -0.156     0.090     0.984
 9     0.914    -0.362     0.177
 2    98.188   -22.530    59.435
 2     0.752    -0.660     0.027
 2     0.656     0.751     0.066
 2    -0.063    -0.032     0.997
 3   129.756    -5.131    -1.695
 3     0.478    -0.139    -0.868
 3     0.376     0.924     0.060
 3     0.793    -0.356     0.494
 4   112.830    14.958    -8.933
 4     0.479    -0.684     0.551
 4     0.838     0.169    -0.518
 4     0.261     0.709     0.654
 5   115.198    20.888    17.377
 5     0.071    -0.330     0.941
 5     0.216    -0.916    -0.337
 5     0.974     0.226     0.007
 6   125.077    28.737    41.551
 6     0.186    -0.857    -0.485
 6     0.168     0.510    -0.842
 6     0.968     0.073     0.236
 7   111.546   -23.537    -6.852
 7     0.618     0.561     0.551
 7    -0.783     0.374     0.497
 7     0.073    -0.738     0.670
 8   115.777   -25.887    18.980
 8     0.179     0.082     0.980
 8    -0.238    -0.964     0.124
 8     0.954    -0.255    -0.153
 9   124.087   -34.844    43.946
 9     0.368     0.929    -0.016
 9    -0.163     0.080     0.983
 9     0.915    -0.360     0.180
 2    98.189   -22.530    59.435
 2     0.752    -0.660     0.027
 2     0.656     0.751     0.066
 2    -0.063    -0.033     0.997
 3   129.892    -5.075    -1.710
 3     0.474    -0.139    -0.870
 3     0.376     0.924     0.057
 3     0.796    -0.355     0.490
 4   112.951    15.007    -9.028
 4     0.481    -0.685     0.549
 4     0.838     0.173    -0.517
 4     0.259     0.708     0.656
 5   115.298    21.162    17.282
 5     0.071    -0.330     0.941
 5     0.225    -0.914    -0.337
 5     0.972     0.234     0.010
 6   125.181    29.117    41.405
 6     0.185    -0.857    -0.484
 6     0.176     0.510    -0.840
 6     0.966     0.068     0.243
 7   111.774   -23.481    -6.966
 7     0.623     0.562     0.544
 7    -0.778     0.377     0.501
 7     0.076    -0.736     0.672
 8   115.820   -25.849    18.885
 8     0.173     0.084     0.981
 8    -0.243    -0.962     0.125
 8     0.954    -0.259    -0.146
 9   124.041   -34.949    43.888
 9     0.364     0.931    -0.014
 9    -0.167     0.078     0.983
 9     0.916    -0.355     0.183
 2    98.189   -22.530    59.435
 2     0.752    -0.660     0.027
 2     0.656     0.751     0.066
 2    -0.063    -0.033     0.997
 3   129.949    -5.046    -1.668
 3     0.469    -0.140    -0.872
 3     0.377     0.924     0.055
 3     0.798    -0.355     0.486
 4   113.046    15.031    -9.097
 4     0.479    -0.686     0.549
 4     0.839     0.174    -0.514
 4     0.257     0.706     0.659
 5   115.233    21.187    17.224
 5     0.067    -0.329     0.942
 5     0.227    -0.915    -0.335
 5     0.971     0.235     0.013
 6   125.129    29.271    41.355
 6     0.184    -0.859    -0.482
 6     0.178     0.508    -0.841
 6     0.966     0.067     0.244
 7   111.828   -23.531    -6.997
 7     0.622     0.564     0.544
 7    -0.779     0.376     0.501
 7     0.078    -0.735     0.673
 8   115.862   -25.791    18.962
 8     0.173     0.086     0.981
 8    -0.238    -0.963     0.126
 8     0.956    -0.255    -0.146
 9   124.048   -34.845    43.931
 9     0.363     0.932    -0.012
 9    -0.165     0.076     0.983
 9     0.917    -0.355     0.181
 2    98.188   -22.479    59.435
 2     0.752    -0.660     0.027
 2     0.656     0.751     0.066
 2    -0.063    -0.032     0.997
 3   129.950    -5.046    -1.616
 3     0.469    -0.139    -0.873
 3     0.378     0.924     0.057
 3     0.798    -0.357     0.485
 4   113.042    15.004    -9.090
 4     0.479    -0.686     0.548
 4     0.840     0.176    -0.513
 4     0.255     0.705     0.660
 5   115.232    21.066    17.229
 5     0.064    -0.331     0.941
 5     0.222    -0.915    -0.336
 5     0.973     0.229     0.015
 6   125.016    29.044    41.392
 6     0.182    -0.859    -0.482
 6     0.174     0.507    -0.843
 6     0.967     0.067     0.240
 7   111.830   -23.530    -6.975
 7     0.621     0.565     0.543
 7    -0.779     0.376     0.500
 7     0.079    -0.734     0.674
 8   115.854   -25.844    18.922
 8     0.174     0.084     0.981
 8    -0.240    -0.963     0.125
 8     0.955    -0.257    -0.147
 9   123.998   -34.898    43.855
 9     0.362     0.932    -0.012
 9    -0.167     0.075     0.983
 9     0.917    -0.354     0.182
 2    98.189   -22.530    59.435
 2     0.752    -0.660     0.027
 2     0.656     0.751     0.066
 2    -0.063    -0.033     0.997
 3   130.021    -5.072    -1.662
 3     0.470    -0.138    -0.872
 3     0.378     0.923     0.058
 3     0.797    -0.358     0.486
 4   113.036    15.002    -9.085
 4     0.479    -0.685     0.551
 4     0.841     0.175    -0.511
 4     0.253     0.707     0.659
 5   115.264    21.730    17.022
 5     0.068    -0.316     0.946
 5     0.251    -0.913    -0.322
 5     0.965     0.259     0.018
 6   125.174    30.565    40.894
 6     0.185    -0.863    -0.475
 6     0.204     0.503    -0.839
 6     0.961     0.057     0.266
 7   112.040   -23.520    -7.070
 7     0.632     0.559     0.537
 7    -0.770     0.378     0.513
 7     0.084    -0.738     0.669
 8   115.716   -26.308    18.556
 8     0.156     0.063     0.986
 8    -0.273    -0.957     0.104
 8     0.949    -0.285    -0.132
 9   123.558   -36.096    43.359
 9     0.349     0.937     0.002
 9    -0.196     0.069     0.978
 9     0.916    -0.342     0.206
 2    98.189   -22.530    59.435
 2     0.752    -0.660     0.027
 2     0.656     0.751     0.066
 2    -0.063    -0.033     0.997
 3   130.287    -5.000    -1.831
 3     0.476    -0.140    -0.869
 3     0.377     0.924     0.058
 3     0.795    -0.356     0.492
 4   113.043    15.022    -9.219
 4     0.479    -0.681     0.555
 4     0.842     0.179    -0.508
 4     0.246     0.710     0.658
 5   115.481    22.446    16.799
 5     0.075    -0.302     0.951
 5     0.281    -0.908    -0.310
 5     0.957     0.290     0.017
 6   125.506    31.925    40.395
 6     0.192    -0.867    -0.464
 6     0.230     0.496    -0.836
 6     0.954     0.051     0.292
 7   112.268   -23.463    -7.258
 7     0.640     0.554     0.533
 7    -0.763     0.380     0.521
 7     0.086    -0.740     0.666
 8   115.866   -26.322    18.476
 8     0.156     0.039     0.987
 8    -0.287    -0.954     0.083
 8     0.945    -0.296    -0.137
 9   123.491   -36.541    43.030
 9     0.349     0.937     0.018
 9    -0.208     0.057     0.976
 9     0.913    -0.344     0.214
 2    98.189   -22.530    59.435
 2     0.752    -0.659     0.027
 2     0.655     0.751     0.066
 2    -0.063    -0.033     0.997
 3   130.386    -5.008    -2.024
 3     0.483    -0.137    -0.865
 3     0.381     0.922     0.067
 3     0.788    -0.362     0.497
 4   112.981    14.696    -9.507
 4     0.483    -0.667     0.569
 4     0.847     0.191    -0.495
 4     0.221     0.720     0.657
 5   115.067    23.965    15.806
 5     0.071    -0.296     0.953
 5     0.354    -0.885    -0.300
 5     0.932     0.358     0.042
 6   125.017    35.484    38.388
 6     0.185    -0.864    -0.473
 6     0.303     0.503    -0.808
 6     0.934     0.004     0.352
 7   112.026   -23.474    -7.176
 7     0.633     0.554     0.542
 7    -0.770     0.380     0.511
 7     0.077    -0.741     0.667
 8   115.178   -29.666    17.865
 8     0.137    -0.061     0.989
 8    -0.453    -0.892     0.008
 8     0.881    -0.448    -0.150
 9   122.352   -44.623    39.480
 9     0.347     0.933     0.097
 9    -0.384     0.045     0.922
 9     0.856    -0.357     0.373
 2    98.189   -22.530    59.435
 2     0.752    -0.659     0.027
 2     0.656     0.751     0.066
 2    -0.063    -0.033     0.997
 3   130.322    -5.194    -2.041
 3     0.493    -0.116    -0.862
 3     0.381     0.919     0.094
 3     0.782    -0.375     0.497
 4   112.639    14.304    -9.864
 4     0.475    -0.648     0.596
 4     0.862     0.208    -0.461
 4     0.175     0.732     0.657
 5   115.227    26.525    14.145
 5     0.102    -0.257     0.961
 5     0.474    -0.838    -0.273
 5     0.875     0.482     0.036
 6   125.942    40.486    34.765
 6     0.214    -0.867    -0.455
 6     0.417     0.498    -0.759
 6     0.883    -0.029     0.465
 7   111.728   -23.373    -7.330
 7     0.621     0.552     0.557
 7    -0.782     0.387     0.488
 7     0.054    -0.739     0.671
 8   114.678   -32.018    16.829
 8     0.131    -0.114     0.985
 8    -0.560    -0.828    -0.021
 8     0.818    -0.548    -0.172
 9   121.679   -49.372    36.298
 9     0.348     0.930     0.119
 9    -0.482     0.068     0.874
 9     0.804    -0.361     0.471
 2    98.188   -22.530    59.435
 2     0.752    -0.660     0.027
 2     0.656     0.751     0.066
 2    -0.063    -0.032     0.997
 3   130.355    -5.276    -2.033
 3     0.498    -0.106    -0.861
 3     0.387     0.915     0.112
 3     0.776    -0.389     0.497
 4   111.954    13.414   -10.505
 4     0.469    -0.619     0.632
 4     0.876     0.235    -0.419
 4     0.110     0.749     0.652
 5   115.400    27.714    12.449
 5     0.137    -0.233     0.963
 5     0.550    -0.791    -0.269
 5     0.824     0.565     0.020
 6   126.905    43.013    31.470
 6     0.250    -0.859    -0.451
 6     0.482     0.510    -0.711
 6     0.839    -0.040     0.539
 7   111.618   -23.450    -7.526
 7     0.614     0.548     0.568
 7    -0.788     0.401     0.466
 7     0.027    -0.734     0.678
 8   114.123   -33.966    15.695
 8     0.121    -0.122     0.985
 8    -0.632    -0.775    -0.019
 8     0.766    -0.620    -0.171
 9   121.037   -53.028    33.372
 9     0.340     0.935     0.094
 9    -0.549     0.116     0.828
 9     0.763    -0.333     0.552
 2    98.189   -22.530    59.435
 2     0.752    -0.660     0.027
 2     0.656     0.751     0.066
 2    -0.063    -0.033     0.997
 3   130.392    -5.377    -2.054
 3     0.495    -0.099    -0.864
 3     0.400     0.907     0.126
 3     0.771    -0.409     0.488
 4   111.376    12.550   -11.100
 4     0.458    -0.593     0.663
 4     0.888     0.264    -0.375
 4     0.047     0.760     0.647
 5   115.535    28.363    10.763
 5     0.166    -0.210     0.964
 5     0.604    -0.752    -0.266
 5     0.780     0.625     0.002
 6   127.756    44.738    28.275
 6     0.281    -0.857    -0.437
 6     0.533     0.513    -0.671
 6     0.798    -0.044     0.598
 7   111.266   -23.406    -8.020
 7     0.596     0.551     0.585
 7    -0.802     0.433     0.410
 7    -0.028    -0.714     0.699
 8   114.015   -36.400    13.801
 8     0.136    -0.159     0.978
 8    -0.723    -0.691    -0.012
 8     0.677    -0.705    -0.209
 9   121.318   -57.313    28.606
 9     0.360     0.925     0.116
 9    -0.637     0.152     0.756
 9     0.681    -0.347     0.644
 2    98.188   -22.530    59.435
 2     0.752    -0.660     0.027
 2     0.656     0.751     0.066
 2    -0.063    -0.032     0.997
 3   130.289    -5.502    -2.269
 3     0.491    -0.090    -0.866
 3     0.408     0.902     0.138
 3     0.769    -0.422     0.480
 4   110.688    11.780   -11.662
 4     0.457    -0.553     0.698
 4     0.889     0.302    -0.342
 4    -0.021     0.776     0.629
 5   116.206    29.053     8.909
 5     0.215    -0.180     0.960
 5     0.651    -0.707    -0.277
 5     0.727     0.684    -0.035
 6   129.388    46.197    24.674
 6     0.331    -0.849    -0.418
 6     0.577     0.527    -0.622
 6     0.746    -0.035     0.662
 7   111.133   -23.271    -8.601
 7     0.590     0.549     0.593
 7    -0.804     0.465     0.370
 7    -0.073    -0.694     0.715
 8   114.977   -38.009    12.112
 8     0.180    -0.198     0.964
 8    -0.781    -0.624     0.017
 8     0.598    -0.756    -0.267
 9   123.226   -59.837    24.219
 9     0.406     0.903     0.139
 9    -0.688     0.201     0.697
 9     0.601    -0.378     0.703
 2    98.214   -22.479    59.435
 2     0.751    -0.660     0.027
 2     0.656     0.750     0.067
 2    -0.063    -0.033     0.997
 3   130.219    -5.426    -2.414
 3     0.486    -0.091    -0.870
 3     0.425     0.893     0.145
 3     0.763    -0.440     0.472
 4   109.970    10.847   -12.320
 4     0.448    -0.510     0.735
 4     0.888     0.345    -0.301
 4    -0.101     0.788     0.607
 5   116.677    29.739     6.723
 5     0.256    -0.132     0.958
 5     0.703    -0.656    -0.277
 5     0.663     0.743    -0.075
 6   130.619    47.729    20.406
 6     0.375    -0.849    -0.379
 6     0.626     0.528    -0.573
 6     0.683    -0.022     0.727
 7   110.985   -23.056    -9.140
 7     0.586     0.543     0.601
 7    -0.802     0.494     0.335
 7    -0.115    -0.679     0.725
 8   115.822   -39.332    10.404
 8     0.224    -0.240     0.944
 8    -0.822    -0.568     0.050
 8     0.524    -0.787    -0.324
 9   124.914   -61.770    20.255
 9     0.446     0.878     0.170
 9    -0.725     0.244     0.643
 9     0.524    -0.410     0.746
 2    98.189   -22.479    59.384
 2     0.752    -0.660     0.028
 2     0.656     0.750     0.066
 2    -0.063    -0.032     0.997
 3   130.064    -5.504    -2.672
 3     0.483    -0.092    -0.871
 3     0.445     0.882     0.154
 3     0.754    -0.463     0.466
 4   109.307     9.901   -12.987
 4     0.433    -0.477     0.766
 4     0.886     0.381    -0.262
 4    -0.168     0.792     0.586
 5   116.552    29.989     4.763
 5     0.273    -0.094     0.957
 5     0.743    -0.612    -0.271
 5     0.611     0.785    -0.098
 6   130.805    48.850    16.985
 6     0.393    -0.854    -0.346
 6     0.666     0.520    -0.534
 6     0.633    -0.020     0.771
 7   110.862   -23.108    -9.560
 7     0.586     0.536     0.609
 7    -0.797     0.516     0.312
 7    -0.146    -0.668     0.729
 8   116.201   -40.533     8.934
 8     0.242    -0.287     0.927
 8    -0.854    -0.515     0.063
 8     0.460    -0.808    -0.369
 9   125.326   -63.371    16.944
 9     0.462     0.862     0.207
 9    -0.757     0.262     0.598
 9     0.461    -0.433     0.774
 2    98.187   -22.429    59.387
 2     0.752    -0.660     0.028
 2     0.656     0.750     0.067
 2    -0.064    -0.033     0.997
 3   129.891    -5.642    -2.962
 3     0.489    -0.095    -0.867
 3     0.462     0.871     0.165
 3     0.740    -0.481     0.469
 4   108.775     9.152   -13.407
 4     0.422    -0.455     0.785
 4     0.881     0.407    -0.237
 4    -0.212     0.792     0.572
 5   116.281    30.028     3.413
 5     0.280    -0.068     0.958
 5     0.770    -0.581    -0.266
 5     0.573     0.811    -0.111
 6   130.743    49.401    14.419
 6     0.406    -0.857    -0.324
 6     0.691     0.515    -0.505
 6     0.597    -0.017     0.800
 7   110.440   -23.061    -9.943
 7     0.581     0.525     0.623
 7    -0.794     0.533     0.291
 7    -0.179    -0.663     0.726
 8   116.578   -41.581     7.495
 8     0.263    -0.336     0.905
 8    -0.882    -0.463     0.084
 8     0.391    -0.820    -0.417
 9   126.007   -64.903    13.064
 9     0.484     0.839     0.251
 9    -0.787     0.292     0.543
 9     0.382    -0.459     0.801
 2    98.212   -22.429    59.387
 2     0.752    -0.660     0.028
 2     0.656     0.750     0.067
 2    -0.064    -0.033     0.997
 3   129.778    -5.838    -3.342
 3     0.503    -0.106    -0.857
 3     0.473     0.864     0.172
 3     0.722    -0.493     0.485
 4   108.373     8.716   -13.659
 4     0.418    -0.433     0.799
 4     0.875     0.425    -0.227
 4    -0.243     0.795     0.556
 5   116.699    30.039     2.326
 5     0.309    -0.041     0.950
 5     0.785    -0.554    -0.278
 5     0.537     0.831    -0.139
 6   131.701    49.583    11.898
 6     0.445    -0.857    -0.266
 6     0.706     0.515    -0.485
 6     0.550     0.030     0.833
 7   110.230   -23.123   -10.067
 7     0.586     0.506     0.633
 7    -0.786     0.544     0.293
 7    -0.197    -0.669     0.716
 8   117.239   -42.126     6.718
 8     0.286    -0.390     0.876
 8    -0.895    -0.433     0.099
 8     0.342    -0.813    -0.472
 9   126.750   -65.654    10.632
 9     0.504     0.806     0.313
 9    -0.802     0.303     0.513
 9     0.319    -0.509     0.799
 2    98.212   -22.429    59.387
 2     0.751    -0.660     0.028
 2     0.656     0.750     0.067
 2    -0.064    -0.033     0.997
 3   129.688    -6.028    -3.469
 3     0.515    -0.112    -0.850
 3     0.480     0.858     0.179
 3     0.710    -0.501     0.495
 4   108.333     8.342   -13.864
 4     0.422    -0.420     0.804
 4     0.868     0.441    -0.225
 4    -0.261     0.793     0.550
 5   116.964    29.966     1.579
 5     0.319    -0.034     0.947
 5     0.794    -0.536    -0.286
 5     0.516     0.843    -0.145
 6   132.131    49.561    10.497
 6     0.461    -0.857    -0.237
 6     0.714     0.512    -0.475
 6     0.526     0.052     0.847
 7   109.914   -23.130   -10.212
 7     0.585     0.495     0.643
 7    -0.784     0.547     0.293
 7    -0.207    -0.675     0.707
 8   117.883   -42.778     5.597
 8     0.304    -0.482     0.823
 8    -0.912    -0.394     0.105
 8     0.274    -0.783    -0.558
 9   127.005   -66.791     6.713
 9     0.517     0.721     0.465
 9    -0.830     0.290     0.475
 9     0.209    -0.629     0.747
 2    98.209   -22.430    59.390
 2     0.751    -0.661     0.028
 2     0.657     0.750     0.068
 2    -0.065    -0.033     0.997
 3   129.557    -6.507    -3.700
 3     0.538    -0.113    -0.835
 3     0.480     0.854     0.195
 3     0.692    -0.507     0.514
 4   108.099     7.781   -14.099
 4     0.428    -0.399     0.812
 4     0.857     0.463    -0.224
 4    -0.287     0.791     0.539
 5   117.373    29.736     0.810
 5     0.339    -0.017     0.940
 5     0.802    -0.519    -0.298
 5     0.492     0.855    -0.162
 6   132.976    49.248     8.641
 6     0.492    -0.853    -0.181
 6     0.719     0.512    -0.469
 6     0.490     0.103     0.864
 7   109.463   -23.067   -10.591
 7     0.582     0.460     0.671
 7    -0.771     0.572     0.277
 7    -0.257    -0.679     0.687
 8   119.031   -43.952     2.540
 8     0.339    -0.573     0.746
 8    -0.930    -0.321     0.176
 8     0.139    -0.754    -0.641
 9   128.034   -67.638    -0.195
 9     0.535     0.609     0.589
 9    -0.844     0.347     0.408
 9     0.044    -0.713     0.697
 2    98.209   -22.404    59.338
 2     0.750    -0.661     0.029
 2     0.657     0.749     0.068
 2    -0.065    -0.032     0.997
 3   129.398    -6.570    -4.133
 3     0.552    -0.133    -0.824
 3     0.477     0.859     0.181
 3     0.684    -0.493     0.537
 4   107.767     7.644   -14.178
 4     0.423    -0.385     0.821
 4     0.856     0.466    -0.222
 4    -0.298     0.796     0.526
 5   117.305    29.755     0.595
 5     0.345    -0.009     0.938
 5     0.802    -0.516    -0.299
 5     0.486     0.856    -0.171
 6   132.734    49.396     8.418
 6     0.495    -0.855    -0.162
 6     0.720     0.504    -0.476
 6     0.486     0.120     0.864
 7   109.219   -22.790   -10.701
 7     0.579     0.425     0.696
 7    -0.760     0.588     0.274
 7    -0.294    -0.688     0.663
 8   119.675   -44.352     0.322
 8     0.355    -0.647     0.676
 8    -0.934    -0.271     0.229
 8     0.035    -0.713    -0.700
 9   127.699   -67.948    -6.033
 9     0.514     0.419     0.751
 9    -0.849     0.369     0.376
 9    -0.121    -0.830     0.542
 2    98.209   -22.430    59.338
 2     0.750    -0.661     0.029
 2     0.657     0.749     0.068
 2    -0.065    -0.032     0.997
 3   129.153    -6.528    -4.473
 3     0.560    -0.143    -0.816
 3     0.473     0.863     0.175
 3     0.679    -0.485     0.550
 4   107.329     7.532   -14.252
 4     0.414    -0.372     0.831
 4     0.855     0.470    -0.216
 4    -0.311     0.800     0.512
 5   116.933    29.724     0.257
 5     0.345     0.000     0.939
 5     0.807    -0.512    -0.295
 5     0.479     0.859    -0.177
 6   132.331    49.512     7.761
 6     0.499    -0.860    -0.116
 6     0.727     0.485    -0.485
 6     0.472     0.159     0.866
 7   108.746   -22.721   -10.670
 7     0.570     0.387     0.724
 7    -0.750     0.604     0.268
 7    -0.334    -0.696     0.635
 8   120.029   -44.820    -2.584
 8     0.361    -0.727     0.586
 8    -0.928    -0.216     0.302
 8    -0.094    -0.651    -0.752
 9   126.853   -67.761   -12.614
 9     0.468     0.207     0.859
 9    -0.835     0.422     0.352
 9    -0.290    -0.882     0.369
 2    98.209   -22.404    59.338
 2     0.750    -0.661     0.029
 2     0.657     0.749     0.068
 2    -0.065    -0.032     0.997
 3   129.020    -6.586    -4.909
 3     0.572    -0.150    -0.807
 3     0.461     0.871     0.166
 3     0.678    -0.467     0.567
 4   107.063     7.528   -14.244
 4     0.412    -0.361     0.837
 4     0.854     0.471    -0.217
 4    -0.316     0.804     0.502
 5   116.872    29.745     0.039
 5     0.348     0.003     0.938
 5     0.808    -0.509    -0.298
 5     0.475     0.861    -0.180
 6   132.245    49.586     7.470
 6     0.497    -0.860    -0.119
 6     0.730     0.486    -0.479
 6     0.468     0.154     0.869
 7   108.221   -22.518   -10.850
 7     0.559     0.339     0.757
 7    -0.728     0.636     0.253
 7    -0.396    -0.693     0.602
 8   119.909   -44.903    -6.270
 8     0.344    -0.793     0.505
 8    -0.910    -0.148     0.385
 8    -0.231    -0.591    -0.772
 9   125.216   -66.896   -19.857
 9     0.400     0.022     0.917
 9    -0.802     0.493     0.337
 9    -0.444    -0.870     0.215
 2    98.209   -22.404    59.338
 2     0.750    -0.661     0.029
 2     0.657     0.749     0.067
 2    -0.065    -0.032     0.997
 3   128.962    -6.646    -5.695
 3     0.586    -0.173    -0.792
 3     0.439     0.888     0.132
 3     0.680    -0.426     0.596
 4   106.867     7.621   -14.435
 4     0.416    -0.342     0.843
 4     0.850     0.475    -0.227
 4    -0.323     0.811     0.488
 5   117.126    29.884    -0.415
 5     0.363     0.001     0.932
 5     0.807    -0.501    -0.312
 5     0.466     0.865    -0.182
 6   132.833    49.398     6.838
 6     0.512    -0.850    -0.125
 6     0.725     0.504    -0.469
 6     0.460     0.151     0.874
 7   107.791   -22.215   -11.235
 7     0.548     0.290     0.785
 7    -0.701     0.671     0.241
 7    -0.457    -0.682     0.570
 8   120.149   -44.309   -10.076
 8     0.350    -0.831     0.433
 8    -0.859    -0.101     0.500
 8    -0.372    -0.546    -0.750
 9   125.094   -64.246   -26.890
 9     0.376    -0.080     0.923
 9    -0.726     0.595     0.345
 9    -0.575    -0.799     0.167
 2    98.209   -22.404    59.338
 2     0.750    -0.661     0.029
 2     0.657     0.749     0.067
 2    -0.065    -0.032     0.997
 3   129.075    -6.372    -6.113
 3     0.595    -0.194    -0.781
 3     0.428     0.897     0.105
 3     0.680    -0.397     0.616
 4   106.939     7.796   -14.485
 4     0.420    -0.336     0.844
 4     0.847     0.476    -0.233
 4    -0.324     0.813     0.484
 5   117.355    30.009    -0.568
 5     0.368    -0.007     0.930
 5     0.804    -0.501    -0.321
 5     0.467     0.865    -0.179
 6   133.380    49.316     6.620
 6     0.522    -0.844    -0.129
 6     0.719     0.514    -0.466
 6     0.457     0.152     0.875
 7   107.835   -21.736   -11.535
 7     0.547     0.262     0.795
 7    -0.678     0.695     0.237
 7    -0.491    -0.669     0.558
 8   120.795   -43.145   -13.279
 8     0.360    -0.862     0.357
 8    -0.793    -0.082     0.602
 8    -0.491    -0.500    -0.714
 9   125.166   -60.819   -32.794
 9     0.354    -0.174     0.920
 9    -0.644     0.670     0.370
 9    -0.678    -0.722     0.127
 2    98.257   -22.405    59.341
 2     0.750    -0.661     0.031
 2     0.657     0.749     0.067
 2    -0.066    -0.031     0.997
 3   129.268    -6.090    -6.337
 3     0.595    -0.208    -0.777
 3     0.413     0.907     0.075
 3     0.689    -0.366     0.625
 4   107.250     8.123   -14.539
 4     0.414    -0.345     0.843
 4     0.857     0.458    -0.234
 4    -0.306     0.819     0.484
 5   117.104    30.090    -0.013
 5     0.349    -0.022     0.937
 5     0.797    -0.521    -0.307
 5     0.494     0.853    -0.165
 6   132.734    49.423     8.270
 6     0.502    -0.854    -0.141
 6     0.713     0.498    -0.493
 6     0.489     0.149     0.858
 7   107.797   -21.160   -11.896
 7     0.541     0.234     0.808
 7    -0.655     0.719     0.230
 7    -0.528    -0.654     0.542
 8   120.937   -41.793   -16.139
 8     0.357    -0.888     0.290
 8    -0.729    -0.071     0.680
 8    -0.584    -0.453    -0.673
 9   124.700   -57.249   -37.876
 9     0.310    -0.314     0.900
 9    -0.564     0.702     0.433
 9    -0.765    -0.639     0.042
 2    98.257   -22.405    59.290
 2     0.750    -0.661     0.031
 2     0.657     0.749     0.067
 2    -0.066    -0.031     0.997
 3   129.215    -5.786    -6.620
 3     0.601    -0.219    -0.769
 3     0.387     0.920     0.042
 3     0.699    -0.324     0.637
 4   107.250     8.729   -14.355
 4     0.418    -0.344     0.841
 4     0.863     0.438    -0.250
 4    -0.283     0.830     0.479
 5   117.185    30.140     0.790
 5     0.350    -0.036     0.936
 5     0.778    -0.546    -0.311
 5     0.521     0.837    -0.163
 6   132.846    49.186     9.619
 6     0.501    -0.853    -0.151
 6     0.697     0.499    -0.514
 6     0.511     0.154     0.844
 7   107.346   -20.391   -12.315
 7     0.527     0.210     0.823
 7    -0.631     0.746     0.214
 7    -0.569    -0.632     0.526
 8   120.394   -40.073   -18.776
 8     0.344    -0.906     0.245
 8    -0.659    -0.048     0.750
 8    -0.669    -0.420    -0.614
 9   123.459   -53.733   -41.978
 9     0.270    -0.390     0.883
 9    -0.486     0.737     0.468
 9    -0.831    -0.552     0.009
 2    98.257   -22.405    59.290
 2     0.750    -0.661     0.031
 2     0.658     0.749     0.067
 2    -0.066    -0.031     0.997
 3   128.935    -5.210    -6.954
 3     0.611    -0.238    -0.755
 3     0.364     0.931     0.003
 3     0.702    -0.277     0.655
 4   106.806     9.510   -14.035
 4     0.414    -0.337     0.846
 4     0.871     0.415    -0.261
 4    -0.265     0.845     0.464
 5   116.889    30.437     1.535
 5     0.353    -0.037     0.935
 5     0.764    -0.566    -0.310
 5     0.540     0.823    -0.172
 6   132.637    49.196    10.755
 6     0.505    -0.851    -0.150
 6     0.683     0.496    -0.535
 6     0.527     0.169     0.831
 7   106.587   -19.816   -12.365
 7     0.518     0.172     0.838
 7    -0.604     0.767     0.216
 7    -0.605    -0.618     0.501
 8   120.056   -38.452   -20.751
 8     0.339    -0.923     0.179
 8    -0.593    -0.062     0.803
 8    -0.730    -0.379    -0.568
 9   122.516   -50.323   -45.220
 9     0.231    -0.487     0.845
 9    -0.413     0.737     0.533
 9    -0.881    -0.468    -0.031
 2    98.255   -22.406    59.293
 2     0.750    -0.661     0.031
 2     0.658     0.749     0.067
 2    -0.067    -0.031     0.997
 3   128.429    -5.102    -7.173
 3     0.631    -0.251    -0.734
 3     0.341     0.939    -0.026
 3     0.696    -0.235     0.678
 4   106.338     9.932   -13.738
 4     0.417    -0.322     0.850
 4     0.874     0.397    -0.279
 4    -0.248     0.859     0.447
 5   116.617    30.281     2.388
 5     0.358    -0.048     0.933
 5     0.743    -0.590    -0.315
 5     0.565     0.805    -0.176
 6   132.556    48.629    12.250
 6     0.509    -0.847    -0.161
 6     0.662     0.500    -0.557
 6     0.550     0.178     0.815
 7   105.568   -19.128   -12.413
 7     0.495     0.146     0.857
 7    -0.583     0.787     0.202
 7    -0.645    -0.599     0.474
 8   118.949   -36.892   -22.453
 8     0.319    -0.936     0.146
 8    -0.534    -0.050     0.843
 8    -0.783    -0.347    -0.517
 9   120.642   -46.831   -47.937
 9     0.189    -0.528     0.831
 9    -0.335     0.759     0.554
 9    -0.923    -0.380    -0.035
 2    98.257   -22.405    59.290
 2     0.750    -0.661     0.031
 2     0.658     0.749     0.067
 2    -0.066    -0.031     0.997
 3   127.833    -4.532    -7.454
 3     0.644    -0.263    -0.719
 3     0.322     0.944    -0.055
 3     0.693    -0.196     0.692
 4   105.716    10.560   -13.366
 4     0.412    -0.313     0.856
 4     0.881     0.374    -0.287
 4    -0.231     0.873     0.429
 5   116.073    30.426     3.152
 5     0.360    -0.045     0.932
 5     0.727    -0.613    -0.309
 5     0.584     0.789    -0.187
 6   131.856    48.594    13.724
 6     0.504    -0.850    -0.159
 6     0.648     0.490    -0.581
 6     0.570     0.192     0.798
 7   104.979   -18.774   -12.414
 7     0.485     0.115     0.867
 7    -0.561     0.801     0.207
 7    -0.671    -0.587     0.453
 8   118.340   -35.638   -23.649
 8     0.308    -0.945     0.112
 8    -0.489    -0.057     0.870
 8    -0.816    -0.323    -0.479
 9   119.557   -44.346   -49.794
 9     0.162    -0.559     0.816
 9    -0.283     0.765     0.576
 9    -0.945    -0.320    -0.036
 2    98.257   -22.405    59.290
 2     0.750    -0.661     0.031
 2     0.658     0.749     0.067
 2    -0.066    -0.031     0.997
 3   127.443    -4.421    -7.785
 3     0.659    -0.279    -0.699
 3     0.311     0.946    -0.082
 3     0.684    -0.164     0.710
 4   105.259    10.753   -13.130
 4     0.403    -0.307     0.862
 4     0.888     0.356    -0.288
 4    -0.219     0.882     0.416
 5   115.608    30.218     3.719
 5     0.354    -0.052     0.934
 5     0.715    -0.629    -0.305
 5     0.603     0.775    -0.186
 6   131.299    48.302    14.737
 6     0.499    -0.853    -0.162
 6     0.639     0.484    -0.596
 6     0.585     0.195     0.786
 7   104.495   -18.471   -12.400
 7     0.474     0.093     0.875
 7    -0.542     0.815     0.206
 7    -0.694    -0.572     0.436
 8   117.791   -34.489   -24.749
 8     0.299    -0.950     0.084
 8    -0.439    -0.059     0.896
 8    -0.847    -0.305    -0.435
 9   118.733   -41.859   -51.356
 9     0.143    -0.578     0.807
 9    -0.233     0.770     0.590
 9    -0.962    -0.269    -0.026
 2    98.255   -22.406    59.293
 2     0.750    -0.661     0.031
 2     0.658     0.749     0.067
 2    -0.067    -0.031     0.997
 3   127.236    -4.256    -7.894
 3     0.670    -0.291    -0.683
 3     0.302     0.947    -0.105
 3     0.677    -0.136     0.722
 4   105.120    10.987   -12.974
 4     0.405    -0.300     0.864
 4     0.889     0.348    -0.296
 4    -0.213     0.888     0.407
 5   115.701    30.270     4.005
 5     0.363    -0.057     0.930
 5     0.706    -0.635    -0.313
 5     0.608     0.770    -0.190
 6   131.615    47.998    15.101
 6     0.509    -0.846    -0.166
 6     0.628     0.493    -0.602
 6     0.589     0.204     0.781
 7   104.103   -18.195   -12.477
 7     0.461     0.068     0.884
 7    -0.520     0.828     0.207
 7    -0.719    -0.556     0.418
 8   117.428   -33.140   -25.846
 8     0.288    -0.956     0.055
 8    -0.384    -0.062     0.921
 8    -0.877    -0.287    -0.385
 9   117.762   -38.458   -53.073
 9     0.099    -0.629     0.774
 9    -0.151     0.757     0.633
 9    -0.984    -0.177    -0.022
 2    98.255   -22.406    59.293
 2     0.750    -0.661     0.031
 2     0.658     0.749     0.067
 2    -0.067    -0.031     0.997
 3   126.985    -4.037    -8.113
 3     0.679    -0.305    -0.668
 3     0.295     0.946    -0.130
 3     0.672    -0.109     0.732
 4   104.881    11.298   -12.772
 4     0.405    -0.291     0.867
 4     0.890     0.339    -0.303
 4    -0.206     0.895     0.395
 5   115.596    30.275     4.283
 5     0.370    -0.058     0.927
 5     0.697    -0.643    -0.317
 5     0.614     0.763    -0.198
 6   131.726    47.769    15.470
 6     0.517    -0.841    -0.167
 6     0.618     0.497    -0.608
 6     0.592     0.212     0.776
 7   103.771   -17.930   -12.427
 7     0.455     0.054     0.889
 7    -0.508     0.835     0.209
 7    -0.731    -0.547     0.407
 8   116.909   -32.505   -26.312
 8     0.282    -0.958     0.045
 8    -0.358    -0.061     0.932
 8    -0.890    -0.279    -0.360
 9   116.887   -36.798   -53.904
 9     0.072    -0.649     0.759
 9    -0.103     0.750     0.650
 9    -0.992    -0.122    -0.016
 2    98.254   -22.406    59.344
 2     0.750    -0.661     0.031
 2     0.657     0.749     0.068
 2    -0.067    -0.031     0.997
 3   126.549    -3.922    -8.264
 3     0.688    -0.318    -0.653
 3     0.294     0.944    -0.147
 3     0.663    -0.090     0.743
 4   104.356    11.445   -12.736
 4     0.399    -0.276     0.875
 4     0.892     0.337    -0.301
 4    -0.213     0.900     0.380
 5   115.485    30.444     4.170
 5     0.380    -0.062     0.923
 5     0.695    -0.640    -0.328
 5     0.610     0.766    -0.201
 6   131.573    47.844    15.448
 6     0.517    -0.841    -0.167
 6     0.618     0.498    -0.607
 6     0.591     0.212     0.777
 7   103.204   -17.772   -12.332
 7     0.446     0.033     0.894
 7    -0.494     0.843     0.215
 7    -0.747    -0.537     0.392
 8   116.412   -31.716   -26.869
 8     0.274    -0.962     0.021
 8    -0.328    -0.073     0.942
 8    -0.904    -0.265    -0.335
 9   115.849   -34.897   -54.728
 9     0.055    -0.667     0.745
 9    -0.064     0.741     0.666
 9    -0.996    -0.083    -0.005
 2    98.255   -22.406    59.293
 2     0.750    -0.661     0.031
 2     0.657     0.749     0.068
 2    -0.067    -0.031     0.997
 3   126.152    -3.836    -8.397
 3     0.701    -0.328    -0.636
 3     0.291     0.942    -0.161
 3     0.650    -0.072     0.755
 4   104.102    11.519   -12.689
 4     0.405    -0.260     0.877
 4     0.889     0.336    -0.311
 4    -0.214     0.905     0.367
 5   115.752    30.221     4.355
 5     0.396    -0.073     0.916
 5     0.676    -0.652    -0.343
 5     0.621     0.754    -0.209
 6   131.982    47.438    15.566
 6     0.524    -0.836    -0.168
 6     0.611     0.503    -0.611
 6     0.593     0.219     0.774
 7   102.716   -17.591   -12.260
 7     0.432     0.021     0.902
 7    -0.483     0.849     0.211
 7    -0.762    -0.527     0.377
 8   115.720   -31.084   -27.319
 8     0.261    -0.965     0.009
 8    -0.303    -0.073     0.950
 8    -0.917    -0.251    -0.311
 9   114.595   -33.401   -55.147
 9     0.017    -0.693     0.722
 9    -0.026     0.720     0.691
 9    -1.000    -0.029    -0.009
 2    98.255   -22.406    59.293
 2     0.750    -0.661     0.031
 2     0.658     0.749     0.067
 2    -0.067    -0.031     0.997
 3   125.879    -3.593    -8.514
 3     0.710    -0.333    -0.622
 3     0.280     0.942    -0.181
 3     0.645    -0.046     0.762
 4   104.066    12.128   -12.487
 4     0.412    -0.269     0.871
 4     0.892     0.313    -0.325
 4    -0.186     0.911     0.368
 5   115.475    29.909     5.575
 5     0.383    -0.109     0.918
 5     0.642    -0.683    -0.348
 5     0.664     0.722    -0.192
 6   131.565    46.389    18.338
 6     0.507    -0.837    -0.210
 6     0.575     0.506    -0.642
 6     0.642     0.206     0.737
 7   102.374   -17.102   -12.230
 7     0.424     0.013     0.905
 7    -0.469     0.858     0.208
 7    -0.775    -0.513     0.370
 8   115.404   -30.167   -27.742
 8     0.252    -0.968    -0.005
 8    -0.276    -0.075     0.958
 8    -0.927    -0.240    -0.286
 9   110.927   -30.603   -58.561
 9    -0.022    -0.734     0.680
 9     0.019     0.678     0.733
 9    -1.000     0.031    -0.004
 2    98.254   -22.406    59.344
 2     0.750    -0.661     0.031
 2     0.657     0.749     0.068
 2    -0.067    -0.031     0.997
 3   125.814    -3.320    -8.610
 3     0.715    -0.338    -0.614
 3     0.274     0.941    -0.195
 3     0.642    -0.028     0.765
 4   104.104    12.626   -12.230
 4     0.414    -0.271     0.869
 4     0.894     0.297    -0.333
 4    -0.169     0.915     0.365
 5   115.679    29.965     5.949
 5     0.389    -0.117     0.914
 5     0.629    -0.692    -0.355
 5     0.672     0.713    -0.196
 6   131.763    46.166    18.895
 6     0.506    -0.838    -0.214
 6     0.567     0.505    -0.649
 6     0.649     0.208     0.730
 7   102.283   -16.858   -12.301
 7     0.416     0.009     0.909
 7    -0.465     0.861     0.204
 7    -0.781    -0.507     0.363
 8   114.990   -29.873   -28.043
 8     0.239    -0.971    -0.018
 8    -0.268    -0.083     0.960
 8    -0.933    -0.224    -0.279
 9   109.486   -29.750   -59.287
 9    -0.079    -0.765     0.639
 9     0.050     0.636     0.768
 9    -0.996     0.094    -0.016
 2    98.305   -22.406    59.293
 2     0.750    -0.661     0.031
 2     0.657     0.749     0.067
 2    -0.067    -0.031     0.997
 3   125.625    -3.457    -8.668
 3     0.724    -0.329    -0.609
 3     0.263     0.944    -0.194
 3     0.637    -0.020     0.769
 4   104.343    12.776   -12.291
 4     0.432    -0.265     0.862
 4     0.887     0.298    -0.352
 4    -0.165     0.917     0.363
 5   116.284    29.567     6.079
 5     0.401    -0.142     0.905
 5     0.608    -0.699    -0.377
 5     0.685     0.701    -0.194
 6   132.327    45.319    19.607
 6     0.498    -0.834    -0.246
 6     0.556     0.520    -0.648
 6     0.665     0.186     0.721
 7   101.705   -16.827   -12.070
 7     0.395     0.015     0.918
 7    -0.471     0.861     0.188
 7    -0.788    -0.507     0.348
 8   113.963   -29.942   -28.140
 8     0.216    -0.976    -0.018
