% Calibrated with leiden_pols
% Positions are in centimeters
Data =[
 2    98.189   -22.530    59.435
 2     0.752    -0.659     0.027
 2     0.656     0.751     0.066
 2    -0.063    -0.033     0.997
 3   129.828    -5.058    -1.928
 3     0.483    -0.144    -0.864
 3     0.370     0.927     0.053
 3     0.793    -0.346     0.500
 4   112.864    15.196    -8.843
 4     0.484    -0.688     0.542
 4     0.831     0.166    -0.530
 4     0.274     0.706     0.652
 5   115.114    20.642    17.562
 5     0.069    -0.339     0.938
 5     0.199    -0.917    -0.346
 5     0.977     0.210     0.005
 6   125.002    27.997    41.870
 6     0.186    -0.852    -0.493
 6     0.151     0.517    -0.841
 6     0.970     0.080     0.222
 7   111.392   -23.471    -6.940
 7     0.619     0.556     0.556
 7    -0.783     0.382     0.490
 7     0.060    -0.738     0.671
 8   115.837   -25.954    18.892
 8     0.192     0.097     0.976
 8    -0.238    -0.961     0.142
 8     0.952    -0.259    -0.161
 9   124.539   -34.893    43.711
 9     0.378     0.925    -0.040
 9    -0.158     0.105     0.982
 9     0.912    -0.365     0.185
 2    98.188   -22.530    59.435
 2     0.752    -0.660     0.027
 2     0.656     0.751     0.066
 2    -0.063    -0.032     0.997
 3   129.644    -5.009    -1.867
 3     0.484    -0.147    -0.863
 3     0.373     0.926     0.052
 3     0.791    -0.348     0.502
 4   112.509    15.189    -8.818
 4     0.478    -0.681     0.556
 4     0.838     0.163    -0.520
 4     0.264     0.713     0.648
 5   115.152    20.834    17.529
 5     0.081    -0.328     0.941
 5     0.211    -0.917    -0.337
 5     0.974     0.225    -0.005
 6   125.192    28.499    41.679
 6     0.194    -0.855    -0.485
 6     0.162     0.512    -0.842
 6     0.967     0.083     0.235
 7   111.302   -23.468    -6.875
 7     0.618     0.557     0.555
 7    -0.784     0.379     0.492
 7     0.064    -0.739     0.670
 8   115.823   -25.820    19.006
 8     0.192     0.096     0.977
 8    -0.233    -0.963     0.140
 8     0.953    -0.253    -0.162
 9   124.515   -34.661    43.889
 9     0.378     0.925    -0.040
 9    -0.154     0.103     0.983
 9     0.912    -0.365     0.181
 2    98.189   -22.530    59.435
 2     0.752    -0.659     0.027
 2     0.656     0.751     0.066
 2    -0.063    -0.033     0.997
 3   129.595    -5.059    -1.765
 3     0.482    -0.145    -0.864
 3     0.375     0.925     0.055
 3     0.791    -0.351     0.500
 4   112.604    15.034    -8.936
 4     0.480    -0.681     0.555
 4     0.837     0.167    -0.520
 4     0.261     0.713     0.650
 5   115.252    20.835    17.411
 5     0.078    -0.331     0.940
 5     0.212    -0.916    -0.339
 5     0.974     0.225    -0.001
 6   125.292    28.577    41.657
 6     0.193    -0.855    -0.485
 6     0.164     0.512    -0.842
 6     0.967     0.081     0.236
 7   111.415   -23.489    -6.842
 7     0.617     0.560     0.553
 7    -0.784     0.374     0.495
 7     0.070    -0.739     0.670
 8   115.838   -25.823    18.988
 8     0.185     0.089     0.979
 8    -0.232    -0.964     0.131
 8     0.955    -0.250    -0.157
 9   124.255   -34.611    44.002
 9     0.373     0.927    -0.028
 9    -0.156     0.090     0.984
 9     0.914    -0.362     0.177
 2    98.188   -22.530    59.435
 2     0.752    -0.660     0.027
 2     0.656     0.751     0.066
 2    -0.063    -0.032     0.997
 3   129.756    -5.131    -1.695
 3     0.478    -0.139    -0.868
 3     0.376     0.924     0.060
 3     0.793    -0.356     0.494
 4   112.830    14.958    -8.933
 4     0.479    -0.684     0.551
 4     0.838     0.169    -0.518
 4     0.261     0.709     0.654
 5   115.198    20.888    17.377
 5     0.071    -0.330     0.941
 5     0.216    -0.916    -0.337
 5     0.974     0.226     0.007
 6   125.077    28.737    41.551
 6     0.186    -0.857    -0.485
 6     0.168     0.510    -0.842
 6     0.968     0.073     0.236
 7   111.546   -23.537    -6.852
 7     0.618     0.561     0.551
 7    -0.783     0.374     0.497
 7     0.073    -0.738     0.670
 8   115.777   -25.887    18.980
 8     0.179     0.082     0.980
 8    -0.238    -0.964     0.124
 8     0.954    -0.255    -0.153
 9   124.087   -34.844    43.946
 9     0.368     0.929    -0.016
 9    -0.163     0.080     0.983
 9     0.915    -0.360     0.180
 2    98.189   -22.530    59.435
 2     0.752    -0.660     0.027
 2     0.656     0.751     0.066
 2    -0.063    -0.033     0.997
 3   129.892    -5.075    -1.710
 3     0.474    -0.139    -0.870
 3     0.376     0.924     0.057
 3     0.796    -0.355     0.490
 4   112.951    15.007    -9.028
 4     0.481    -0.685     0.549
 4     0.838     0.173    -0.517
 4     0.259     0.708     0.656
 5   115.298    21.162    17.282
 5     0.071    -0.330     0.941
 5     0.225    -0.914    -0.337
 5     0.972     0.234     0.010
 6   125.181    29.117    41.405
 6     0.185    -0.857    -0.484
 6     0.176     0.510    -0.840
 6     0.966     0.068     0.243
 7   111.774   -23.481    -6.966
 7     0.623     0.562     0.544
 7    -0.778     0.377     0.501
 7     0.076    -0.736     0.672
 8   115.820   -25.849    18.885
 8     0.173     0.084     0.981
 8    -0.243    -0.962     0.125
 8     0.954    -0.259    -0.146
 9   124.041   -34.949    43.888
 9     0.364     0.931    -0.014
 9    -0.167     0.078     0.983
 9     0.916    -0.355     0.183
 2    98.189   -22.530    59.435
 2     0.752    -0.660     0.027
 2     0.656     0.751     0.066
 2    -0.063    -0.033     0.997
 3   129.949    -5.046    -1.668
 3     0.469    -0.140    -0.872
 3     0.377     0.924     0.055
 3     0.798    -0.355     0.486
 4   113.046    15.031    -9.097
 4     0.479    -0.686     0.549
 4     0.839     0.174    -0.514
 4     0.257     0.706     0.659
 5   115.233    21.187    17.224
 5     0.067    -0.329     0.942
 5     0.227    -0.915    -0.335
 5     0.971     0.235     0.013
 6   125.129    29.271    41.355
 6     0.184    -0.859    -0.482
 6     0.178     0.508    -0.841
 6     0.966     0.067     0.244
 7   111.828   -23.531    -6.997
 7     0.622     0.564     0.544
 7    -0.779     0.376     0.501
 7     0.078    -0.735     0.673
 8   115.862   -25.791    18.962
 8     0.173     0.086     0.981
 8    -0.238    -0.963     0.126
 8     0.956    -0.255    -0.146
 9   124.048   -34.845    43.931
 9     0.363     0.932    -0.012
 9    -0.165     0.076     0.983
 9     0.917    -0.355     0.181
 2    98.188   -22.479    59.435
 2     0.752    -0.660     0.027
 2     0.656     0.751     0.066
 2    -0.063    -0.032     0.997
 3   129.950    -5.046    -1.616
 3     0.469    -0.139    -0.873
 3     0.378     0.924     0.057
 3     0.798    -0.357     0.485
 4   113.042    15.004    -9.090
 4     0.479    -0.686     0.548
 4     0.840     0.176    -0.513
 4     0.255     0.705     0.660
 5   115.232    21.066    17.229
 5     0.064    -0.331     0.941
 5     0.222    -0.915    -0.336
 5     0.973     0.229     0.015
 6   125.016    29.044    41.392
 6     0.182    -0.859    -0.482
 6     0.174     0.507    -0.843
 6     0.967     0.067     0.240
 7   111.830   -23.530    -6.975
 7     0.621     0.565     0.543
 7    -0.779     0.376     0.500
 7     0.079    -0.734     0.674
 8   115.854   -25.844    18.922
 8     0.174     0.084     0.981
 8    -0.240    -0.963     0.125
 8     0.955    -0.257    -0.147
 9   123.998   -34.898    43.855
 9     0.362     0.932    -0.012
 9    -0.167     0.075     0.983
 9     0.917    -0.354     0.182
 2    98.189   -22.530    59.435
 2     0.752    -0.660     0.027
 2     0.656     0.751     0.066
 2    -0.063    -0.033     0.997
 3   130.021    -5.072    -1.662
 3     0.470    -0.138    -0.872
 3     0.378     0.923     0.058
 3     0.797    -0.358     0.486
 4   113.036    15.002    -9.085
 4     0.479    -0.685     0.551
 4     0.841     0.175    -0.511
 4     0.253     0.707     0.659
 5   115.264    21.730    17.022
 5     0.068    -0.316     0.946
 5     0.251    -0.913    -0.322
 5     0.965     0.259     0.018
