% Calibrated with leiden_pols
% Positions are in centimeters
Data =[
 2    98.338   -22.572    59.504
 2     0.826    -0.565    -0.013
 2     0.563     0.824     0.050
 2    -0.016    -0.050     0.998
 3   124.863    -4.256    -4.237
 3     0.648    -0.461    -0.610
 3     0.416     0.881    -0.221
 3     0.638    -0.110     0.761
 4   107.573    16.432    -8.298
 4     0.505    -0.584     0.636
 4     0.842     0.172    -0.511
 4     0.189     0.793     0.578
 5   117.658    17.382    18.756
 5     0.496    -0.264     0.828
 5    -0.058    -0.961    -0.269
 5     0.866     0.085    -0.491
 6   138.302    10.100    18.320
 6     0.833     0.359    -0.425
 6    -0.462     0.030    -0.885
 6    -0.303     0.932     0.188
 7   107.267   -22.910    -7.152
 7     0.703     0.341     0.624
 7    -0.704     0.457     0.543
 7    -0.101    -0.821     0.561
 8   121.482   -24.795    17.691
 8     0.639     0.480     0.603
 8    -0.007    -0.779     0.626
 8     0.769    -0.404    -0.494
 9   139.536   -16.293    13.648
 9     0.686    -0.555    -0.478
 9     0.461    -0.173     0.868
 9    -0.562    -0.813     0.136
 2    98.338   -22.572    59.504
 2     0.826    -0.565    -0.013
 2     0.563     0.824     0.050
 2    -0.016    -0.050     0.998
 3   124.878    -4.201    -4.130
 3     0.645    -0.460    -0.614
 3     0.413     0.881    -0.224
 3     0.643    -0.108     0.757
 4   107.532    16.537    -8.181
 4     0.503    -0.587     0.635
 4     0.842     0.168    -0.512
 4     0.193     0.791     0.579
 5   117.641    17.436    18.891
 5     0.493    -0.261     0.831
 5    -0.061    -0.962    -0.264
 5     0.868     0.079    -0.490
 6   138.230    10.103    18.490
 6     0.834     0.356    -0.426
 6    -0.461     0.029    -0.886
 6    -0.301     0.934     0.185
 7   107.317   -22.809    -7.152
 7     0.704     0.341     0.623
 7    -0.703     0.459     0.543
 7    -0.101    -0.820     0.562
 8   121.392   -24.743    17.676
 8     0.635     0.481     0.606
 8    -0.009    -0.779     0.626
 8     0.772    -0.403    -0.490
 9   139.554   -16.158    13.854
 9     0.689    -0.548    -0.481
 9     0.464    -0.173     0.866
 9    -0.555    -0.819     0.134
 2    98.338   -22.572    59.504
 2     0.826    -0.565    -0.013
 2     0.563     0.824     0.050
 2    -0.016    -0.050     0.998
 3   124.892    -4.069    -4.048
 3     0.641    -0.460    -0.617
 3     0.411     0.881    -0.228
 3     0.648    -0.106     0.753
 4   107.444    16.671    -8.047
 4     0.499    -0.589     0.636
 4     0.843     0.161    -0.512
 4     0.199     0.791     0.577
 5   117.490    17.436    19.011
 5     0.492    -0.257     0.833
 5    -0.065    -0.964    -0.257
 5     0.868     0.072    -0.490
 6   138.131    10.235    18.779
 6     0.839     0.349    -0.423
 6    -0.456     0.025    -0.889
 6    -0.298     0.936     0.177
 7   107.338   -22.682    -7.228
 7     0.706     0.340     0.621
 7    -0.700     0.462     0.544
 7    -0.102    -0.819     0.564
 8   121.440   -24.669    17.595
 8     0.634     0.489     0.601
 8    -0.009    -0.771     0.635
 8     0.773    -0.408    -0.484
 9   139.509   -16.054    13.894
 9     0.690    -0.545    -0.483
 9     0.467    -0.172     0.865
 9    -0.552    -0.820     0.135
 2    98.339   -22.572    59.453
 2     0.826    -0.564    -0.013
 2     0.563     0.824     0.050
 2    -0.016    -0.050     0.998
 3   124.845    -3.967    -4.053
 3     0.641    -0.461    -0.617
 3     0.409     0.881    -0.231
 3     0.649    -0.104     0.752
 4   107.446    16.722    -8.025
 4     0.499    -0.589     0.637
 4     0.843     0.160    -0.512
 4     0.200     0.792     0.576
 5   117.489    17.436    19.060
 5     0.492    -0.257     0.833
 5    -0.066    -0.964    -0.256
 5     0.868     0.070    -0.490
 6   138.135    10.186    18.824
 6     0.839     0.347    -0.425
 6    -0.457     0.024    -0.888
 6    -0.296     0.937     0.175
 7   107.333   -22.607    -7.221
 7     0.706     0.339     0.621
 7    -0.700     0.463     0.543
 7    -0.104    -0.819     0.564
 8   121.392   -24.669    17.544
 8     0.634     0.486     0.603
 8    -0.011    -0.772     0.633
 8     0.773    -0.408    -0.484
 9   139.510   -16.002    13.916
 9     0.690    -0.545    -0.483
 9     0.469    -0.170     0.865
 9    -0.551    -0.821     0.136
 2    98.339   -22.572    59.453
 2     0.826    -0.565    -0.013
 2     0.563     0.824     0.050
 2    -0.016    -0.050     0.998
 3   124.842    -3.943    -4.100
 3     0.643    -0.460    -0.616
 3     0.408     0.882    -0.230
 3     0.648    -0.102     0.753
 4   107.439    16.769    -8.017
 4     0.503    -0.586     0.637
 4     0.842     0.163    -0.514
 4     0.197     0.794     0.574
 5   117.535    17.560    18.968
 5     0.493    -0.261     0.831
 5    -0.066    -0.962    -0.261
 5     0.867     0.073    -0.491
 6   138.236    10.237    18.768
 6     0.837     0.343    -0.430
 6    -0.460     0.017    -0.887
 6    -0.295     0.939     0.169
 7   107.370   -22.560    -7.307
 7     0.708     0.334     0.622
 7    -0.697     0.469     0.543
 7    -0.110    -0.818     0.564
 8   121.739   -24.852    17.309
 8     0.639     0.501     0.585
 8    -0.007    -0.755     0.654
 8     0.769    -0.422    -0.478
 9   139.627   -15.926    13.610
 9     0.685    -0.547    -0.487
 9     0.474    -0.169     0.861
 9    -0.552    -0.820     0.142
 2    98.339   -22.572    59.453
 2     0.826    -0.565    -0.013
 2     0.563     0.824     0.050
 2    -0.016    -0.050     0.998
 3   124.952    -3.897    -4.316
 3     0.646    -0.462    -0.610
 3     0.408     0.881    -0.234
 3     0.644    -0.097     0.757
 4   107.484    16.793    -8.038
 4     0.505    -0.583     0.638
 4     0.841     0.164    -0.515
 4     0.195     0.796     0.572
 5   117.655    17.631    18.901
 5     0.495    -0.266     0.828
 5    -0.068    -0.961    -0.267
 5     0.866     0.075    -0.492
 6   138.309    10.184    18.721
 6     0.835     0.343    -0.434
 6    -0.463     0.014    -0.885
 6    -0.296     0.939     0.168
 7   107.457   -22.563    -7.369
 7     0.710     0.331     0.622
 7    -0.695     0.472     0.542
 7    -0.115    -0.817     0.565
 8   121.706   -24.850    17.244
 8     0.635     0.493     0.596
 8    -0.012    -0.764     0.644
 8     0.772    -0.417    -0.479
 9   139.761   -15.972    13.597
 9     0.687    -0.545    -0.489
 9     0.477    -0.168     0.860
 9    -0.548    -0.822     0.142
 2    98.339   -22.572    59.453
 2     0.826    -0.565    -0.013
 2     0.563     0.823     0.050
 2    -0.016    -0.050     0.998
 3   125.100    -3.795    -4.393
 3     0.647    -0.465    -0.608
 3     0.408     0.880    -0.238
 3     0.644    -0.093     0.757
 4   107.531    16.843    -8.087
 4     0.504    -0.582     0.640
 4     0.842     0.163    -0.514
 4     0.194     0.797     0.571
 5   117.704    17.732    18.923
 5     0.495    -0.267     0.828
 5    -0.071    -0.961    -0.265
 5     0.866     0.071    -0.493
 6   138.470    10.240    18.808
 6     0.837     0.339    -0.435
 6    -0.463     0.017    -0.885
 6    -0.291     0.940     0.168
 7   107.797   -22.563    -7.542
 7     0.715     0.328     0.618
 7    -0.689     0.479     0.543
 7    -0.118    -0.814     0.568
 8   121.960   -24.745    17.126
 8     0.632     0.508     0.588
 8    -0.006    -0.753     0.656
 8     0.775    -0.418    -0.473
 9   139.917   -15.971    13.646
 9     0.689    -0.542    -0.489
 9     0.474    -0.170     0.861
 9    -0.547    -0.824     0.138
 2    98.339   -22.572    59.453
 2     0.826    -0.565    -0.013
 2     0.563     0.823     0.050
 2    -0.016    -0.050     0.998
 3   125.176    -3.717    -4.398
 3     0.644    -0.472    -0.606
 3     0.410     0.877    -0.245
 3     0.645    -0.091     0.757
 4   107.607    16.895    -8.090
 4     0.502    -0.582     0.640
 4     0.842     0.161    -0.514
 4     0.195     0.797     0.571
 5   117.799    17.731    18.904
 5     0.496    -0.266     0.828
 5    -0.070    -0.961    -0.265
 5     0.865     0.072    -0.494
 6   138.468    10.239    18.760
 6     0.837     0.341    -0.434
 6    -0.463     0.016    -0.885
 6    -0.292     0.940     0.168
 7   107.653   -22.563    -7.470
 7     0.712     0.330     0.620
 7    -0.692     0.476     0.542
 7    -0.116    -0.815     0.567
 8   121.878   -24.798    17.192
 8     0.635     0.500     0.590
 8    -0.007    -0.759     0.650
 8     0.772    -0.417    -0.478
 9   139.911   -15.973    13.555
 9     0.688    -0.544    -0.488
 9     0.473    -0.172     0.862
 9    -0.550    -0.822     0.137
 2    98.339   -22.572    59.453
 2     0.826    -0.565    -0.013
 2     0.563     0.823     0.050
 2    -0.016    -0.050     0.998
 3   124.912    -3.899    -4.302
 3     0.646    -0.471    -0.604
 3     0.415     0.877    -0.238
 3     0.640    -0.096     0.761
 4   107.155    16.582    -8.060
 4     0.498    -0.578     0.647
 4     0.847     0.165    -0.504
 4     0.184     0.799     0.572
 5   117.719    17.496    18.893
 5     0.508    -0.261     0.822
 5    -0.062    -0.962    -0.265
 5     0.859     0.082    -0.503
 6   138.461    10.186    18.493
 6     0.837     0.346    -0.430
 6    -0.460     0.020    -0.886
 6    -0.296     0.938     0.173
 7   107.319   -22.863    -7.202
 7     0.710     0.329     0.623
 7    -0.695     0.467     0.546
 7    -0.111    -0.821     0.560
 8   121.589   -24.617    17.500
 8     0.642     0.494     0.588
 8     0.004    -0.767     0.640
 8     0.766    -0.409    -0.494
 9   139.734   -17.774    12.967
 9     0.704    -0.601    -0.388
 9     0.375    -0.144     0.913
 9    -0.602    -0.787     0.123
 2    98.339   -22.572    59.453
 2     0.826    -0.564    -0.013
 2     0.563     0.824     0.050
 2    -0.016    -0.050     0.998
 3   124.625    -3.899    -4.285
 3     0.643    -0.477    -0.603
 3     0.425     0.873    -0.235
 3     0.636    -0.105     0.763
 4   106.448    16.408    -8.136
 4     0.460    -0.589     0.665
 4     0.870     0.151    -0.468
 4     0.175     0.794     0.582
 5   117.072    16.804    19.077
 5     0.528    -0.159     0.835
 5    -0.040    -0.986    -0.160
 5     0.848     0.051    -0.526
 6   137.764    12.988    18.012
 6     0.870     0.392    -0.304
 6    -0.334     0.020    -0.942
 6    -0.362     0.919     0.146
 7   107.227   -22.776    -7.340
 7     0.710     0.331     0.621
 7    -0.697     0.453     0.556
 7    -0.098    -0.828     0.552
 8   120.476   -23.789    18.079
 8     0.647     0.342     0.683
 8    -0.058    -0.869     0.489
 8     0.760    -0.357    -0.542
 9   139.141   -25.582    13.413
 9     0.790    -0.613    -0.023
 9     0.057     0.040     0.997
 9    -0.610    -0.789     0.066
 2    98.339   -22.572    59.453
 2     0.826    -0.565    -0.013
 2     0.563     0.824     0.050
 2    -0.016    -0.050     0.998
 3   124.613    -3.765    -4.284
 3     0.662    -0.436    -0.613
 3     0.411     0.891    -0.188
 3     0.626    -0.128     0.767
 4   106.130    16.461    -8.127
 4     0.415    -0.620     0.666
 4     0.889     0.121    -0.441
 4     0.192     0.775     0.601
 5   118.183    15.783    21.262
 5     0.519     0.028     0.854
 5    -0.019    -0.999     0.046
 5     0.854    -0.041    -0.518
 6   136.954    17.375    19.021
 6     0.926     0.358    -0.122
 6    -0.130     0.003    -0.991
 6    -0.354     0.933     0.047
 7   107.040   -22.421    -7.450
 7     0.689     0.354     0.632
 7    -0.720     0.434     0.541
 7    -0.083    -0.828     0.554
 8   118.899   -23.016    18.602
 8     0.604     0.019     0.797
 8    -0.172    -0.973     0.153
 8     0.778    -0.229    -0.585
 9   135.870   -34.071    15.302
 9     0.766    -0.555     0.328
 9    -0.310     0.128     0.942
 9    -0.563    -0.822    -0.074
 2    98.338   -22.572    59.453
 2     0.825    -0.565    -0.013
 2     0.564     0.823     0.050
 2    -0.016    -0.050     0.998
 3   124.615    -3.692    -4.404
 3     0.666    -0.424    -0.617
 3     0.407     0.895    -0.174
 3     0.625    -0.135     0.767
 4   105.812    16.460    -8.073
 4     0.383    -0.635     0.672
 4     0.899     0.091    -0.427
 4     0.209     0.767     0.605
 5   117.535    14.954    21.404
 5     0.509     0.181     0.841
 5    -0.002    -0.977     0.212
 5     0.860    -0.110    -0.497
 6   135.830    21.025    20.117
 6     0.941     0.337     0.035
 6     0.050    -0.032    -0.998
 6    -0.334     0.941    -0.049
 7   107.106   -22.243    -7.751
 7     0.680     0.369     0.634
 7    -0.730     0.428     0.533
 7    -0.075    -0.825     0.560
 8   118.462   -22.350    18.749
 8     0.582    -0.108     0.806
 8    -0.210    -0.978     0.020
 8     0.786    -0.181    -0.592
 9   133.011   -38.224    16.695
 9     0.676    -0.524     0.521
 9    -0.521     0.160     0.837
 9    -0.521    -0.836    -0.164
 2    98.336   -22.573    59.456
 2     0.826    -0.565    -0.013
 2     0.564     0.823     0.050
 2    -0.017    -0.050     0.998
 3   124.615    -3.516    -4.517
 3     0.666    -0.413    -0.625
 3     0.410     0.898    -0.154
 3     0.623    -0.153     0.765
 4   105.422    16.296    -8.018
 4     0.357    -0.642     0.679
 4     0.909     0.070    -0.411
 4     0.216     0.763     0.608
 5   117.225    14.467    21.230
 5     0.505     0.290     0.813
 5     0.019    -0.946     0.324
 5     0.863    -0.148    -0.483
 6   134.869    23.236    20.542
 6     0.931     0.337     0.138
 6     0.161    -0.040    -0.986
 6    -0.326     0.941    -0.092
 7   107.087   -22.305    -7.769
 7     0.668     0.391     0.633
 7    -0.742     0.407     0.532
 7    -0.050    -0.825     0.562
 8   118.118   -21.928    18.879
 8     0.552    -0.212     0.806
 8    -0.232    -0.968    -0.096
 8     0.801    -0.134    -0.584
 9   130.984   -40.545    18.036
 9     0.603    -0.529     0.600
 9    -0.635     0.136     0.759
 9    -0.482    -0.838    -0.253
 2    98.336   -22.573    59.456
 2     0.825    -0.565    -0.013
 2     0.564     0.823     0.050
 2    -0.017    -0.050     0.998
 3   124.815    -3.508    -4.641
 3     0.659    -0.406    -0.636
 3     0.410     0.899    -0.146
 3     0.630    -0.164     0.757
 4   105.436    16.307    -7.991
 4     0.343    -0.646     0.682
 4     0.912     0.055    -0.406
 4     0.224     0.761     0.607
 5   117.165    14.027    21.365
 5     0.499     0.330     0.801
 5     0.015    -0.928     0.372
 5     0.866    -0.173    -0.469
 6   134.074    24.805    20.651
 6     0.905     0.370     0.209
 6     0.250    -0.068    -0.966
 6    -0.343     0.926    -0.154
 7   107.480   -22.223    -8.117
 7     0.665     0.412     0.623
 7    -0.746     0.408     0.526
 7    -0.037    -0.814     0.578
 8   117.986   -21.381    18.617
 8     0.523    -0.278     0.805
 8    -0.242    -0.955    -0.172
 8     0.817    -0.105    -0.567
 9   130.199   -41.290    19.114
 9     0.562    -0.577     0.596
 9    -0.696     0.059     0.714
 9    -0.447    -0.814    -0.367
 2    98.361   -22.522    59.456
 2     0.825    -0.565    -0.013
 2     0.564     0.823     0.050
 2    -0.017    -0.050     0.998
 3   125.313    -3.138    -4.899
 3     0.649    -0.398    -0.651
 3     0.404     0.902    -0.146
 3     0.645    -0.168     0.745
 4   105.474    16.334    -7.975
 4     0.314    -0.652     0.690
 4     0.917     0.021    -0.397
 4     0.244     0.757     0.604
 5   117.130    13.644    21.230
 5     0.490     0.398     0.776
 5     0.025    -0.896     0.442
 5     0.871    -0.197    -0.449
 6   132.758    27.282    21.206
 6     0.866     0.385     0.319
 6     0.374    -0.078    -0.924
 6    -0.331     0.920    -0.211
 7   108.038   -21.992    -8.478
 7     0.662     0.434     0.612
 7    -0.749     0.412     0.518
 7    -0.028    -0.801     0.597
 8   118.064   -21.143    18.460
 8     0.495    -0.327     0.806
 8    -0.251    -0.941    -0.226
 8     0.832    -0.091    -0.547
 9   130.010   -41.988    20.091
 9     0.528    -0.661     0.536
 9    -0.742    -0.053     0.666
 9    -0.413    -0.748    -0.518
 2    98.359   -22.523    59.408
 2     0.825    -0.566    -0.011
 2     0.565     0.823     0.051
 2    -0.018    -0.050     0.998
 3   125.523    -2.822    -4.915
 3     0.640    -0.394    -0.663
 3     0.399     0.903    -0.150
 3     0.656    -0.169     0.734
 4   105.497    16.476    -7.910
 4     0.298    -0.654     0.696
 4     0.920     0.001    -0.392
 4     0.256     0.756     0.602
 5   117.130    13.567    21.203
 5     0.483     0.434     0.761
 5     0.028    -0.876     0.481
 5     0.875    -0.210    -0.435
 6   131.990    28.562    21.606
 6     0.844     0.378     0.381
 6     0.433    -0.062    -0.899
 6    -0.317     0.923    -0.214
 7   108.346   -21.662    -8.624
 7     0.656     0.448     0.608
 7    -0.755     0.412     0.510
 7    -0.022    -0.793     0.608
 8   117.990   -20.495    18.318
 8     0.462    -0.399     0.793
 8    -0.259    -0.915    -0.309
 8     0.848    -0.063    -0.526
 9   129.140   -42.610    20.517
 9     0.493    -0.670     0.557
 9    -0.778    -0.054     0.624
 9    -0.388    -0.740    -0.548
 2    98.407   -22.473    59.359
 2     0.824    -0.567    -0.010
 2     0.565     0.822     0.050
 2    -0.019    -0.049     0.998
 3   125.872    -2.402    -4.913
 3     0.628    -0.380    -0.681
 3     0.394     0.907    -0.140
 3     0.670    -0.181     0.718
 4   105.459    16.534    -8.013
 4     0.275    -0.651     0.708
 4     0.927    -0.017    -0.375
 4     0.255     0.759     0.598
 5   117.127    13.625    21.110
 5     0.479     0.465     0.745
 5     0.042    -0.860     0.508
 5     0.877    -0.211    -0.431
 6   131.191    29.708    21.792
 6     0.822     0.375     0.432
 6     0.480    -0.046    -0.875
 6    -0.307     0.926    -0.217
 7   108.247   -21.311    -8.783
 7     0.634     0.477     0.609
 7    -0.773     0.399     0.492
 7    -0.009    -0.783     0.622
 8   117.489   -19.996    18.289
 8     0.410    -0.513     0.755
 8    -0.272    -0.858    -0.434
 8     0.870    -0.028    -0.491
 9   127.277   -43.493    21.338
 9     0.442    -0.672     0.596
 9    -0.823    -0.039     0.566
 9    -0.357    -0.740    -0.569
 2    98.404   -22.473    59.362
 2     0.824    -0.567    -0.010
 2     0.566     0.822     0.051
 2    -0.020    -0.049     0.998
 3   125.764    -2.224    -4.996
 3     0.628    -0.363    -0.691
 3     0.389     0.912    -0.123
 3     0.673    -0.192     0.713
 4   104.860    16.436    -7.963
 4     0.255    -0.633     0.731
 4     0.933    -0.035    -0.356
 4     0.251     0.773     0.582
 5   117.058    13.451    21.018
 5     0.481     0.492     0.726
 5     0.057    -0.844     0.533
 5     0.875    -0.214    -0.434
 6   130.281    30.584    21.560
 6     0.792     0.383     0.477
 6     0.524    -0.029    -0.850
 6    -0.312     0.923    -0.222
 7   108.157   -21.132    -8.848
 7     0.629     0.484     0.608
 7    -0.777     0.396     0.488
 7    -0.004    -0.780     0.625
 8   117.578   -19.813    18.193
 8     0.410    -0.542     0.734
 8    -0.276    -0.841    -0.465
 8     0.869    -0.012    -0.494
 9   126.991   -43.751    21.266
 9     0.422    -0.677     0.605
 9    -0.834    -0.028     0.549
 9    -0.355    -0.735    -0.576
 2    98.404   -22.423    59.362
 2     0.824    -0.568    -0.010
 2     0.566     0.821     0.051
 2    -0.020    -0.049     0.998
 3   125.900    -2.067    -5.014
 3     0.625    -0.365    -0.692
 3     0.388     0.911    -0.128
 3     0.677    -0.188     0.710
 4   104.734    16.440    -7.917
 4     0.246    -0.631     0.736
 4     0.936    -0.043    -0.349
 4     0.252     0.774     0.580
 5   117.027    13.356    20.991
 5     0.473     0.497     0.729
 5     0.059    -0.842     0.535
 5     0.879    -0.209    -0.427
 6   130.003    30.795    21.727
 6     0.783     0.383     0.491
 6     0.539    -0.025    -0.841
 6    -0.310     0.923    -0.224
 7   108.534   -21.008    -9.058
 7     0.638     0.480     0.602
 7    -0.770     0.409     0.489
 7    -0.012    -0.776     0.630
 8   117.729   -19.955    17.976
 8     0.408    -0.519     0.752
 8    -0.282    -0.854    -0.436
 8     0.868    -0.035    -0.495
 9   127.452   -43.620    21.037
 9     0.439    -0.674     0.596
 9    -0.824    -0.038     0.564
 9    -0.358    -0.738    -0.571
 2    98.454   -22.422    59.336
 2     0.823    -0.568    -0.010
 2     0.567     0.821     0.051
 2    -0.020    -0.049     0.998
 3   126.001    -1.863    -5.019
 3     0.624    -0.370    -0.691
 3     0.388     0.911    -0.134
 3     0.678    -0.184     0.710
 4   104.560    16.387    -7.849
 4     0.231    -0.628     0.744
 4     0.941    -0.049    -0.333
 4     0.245     0.777     0.579
 5   116.964    13.362    20.976
 5     0.469     0.495     0.732
 5     0.062    -0.845     0.530
 5     0.881    -0.203    -0.427
 6   129.466    31.206    21.672
 6     0.772     0.387     0.507
 6     0.555    -0.020    -0.831
 6    -0.311     0.922    -0.228
 7   108.369   -20.957    -9.017
 7     0.632     0.485     0.605
 7    -0.775     0.403     0.486
 7    -0.008    -0.776     0.630
 8   117.516   -19.821    18.089
 8     0.398    -0.535     0.746
 8    -0.279    -0.844    -0.456
 8     0.874    -0.027    -0.485
 9   126.950   -43.786    21.654
 9     0.426    -0.679     0.600
 9    -0.838    -0.046     0.542
 9    -0.341    -0.733    -0.588
 2    98.454   -22.422    59.336
 2     0.823    -0.568    -0.010
 2     0.567     0.821     0.051
 2    -0.020    -0.049     0.998
 3   125.856    -1.990    -5.066
 3     0.623    -0.360    -0.696
 3     0.389     0.912    -0.122
 3     0.678    -0.195     0.707
 4   104.364    16.177    -7.932
 4     0.232    -0.620     0.750
 4     0.943    -0.045    -0.328
 4     0.237     0.783     0.574
 5   116.924    13.320    20.916
 5     0.466     0.495     0.734
 5     0.071    -0.848     0.525
 5     0.882    -0.192    -0.430
 6   129.467    31.128    21.601
 6     0.773     0.386     0.505
 6     0.552    -0.017    -0.833
 6    -0.312     0.922    -0.224
 7   107.947   -21.008    -8.860
 7     0.616     0.496     0.612
 7    -0.788     0.385     0.480
 7     0.002    -0.778     0.628
 8   117.256   -19.686    18.220
 8     0.398    -0.564     0.724
 8    -0.280    -0.826    -0.488
 8     0.873    -0.009    -0.486
 9   126.056   -44.154    21.680
 9     0.394    -0.687     0.612
 9    -0.852    -0.024     0.521
 9    -0.344    -0.726    -0.594
 2    98.452   -22.423    59.339
 2     0.823    -0.568    -0.009
 2     0.567     0.821     0.052
 2    -0.021    -0.049     0.998
 3   125.726    -2.121    -5.153
 3     0.628    -0.349    -0.698
 3     0.386     0.915    -0.108
 3     0.675    -0.201     0.708
 4   104.184    16.125    -7.878
 4     0.233    -0.616     0.753
 4     0.943    -0.045    -0.328
 4     0.235     0.786     0.570
 5   116.812    13.326    20.876
 5     0.461     0.494     0.738
 5     0.074    -0.849     0.521
 5     0.884    -0.185    -0.428
 6   129.241    31.209    21.640
 6     0.777     0.370     0.511
 6     0.551    -0.008    -0.834
 6    -0.304     0.929    -0.209
 7   107.784   -20.961    -8.870
 7     0.603     0.507     0.616
 7    -0.798     0.376     0.471
 7     0.007    -0.775     0.631
 8   116.888   -19.588    18.211
 8     0.371    -0.597     0.712
 8    -0.287    -0.802    -0.523
 8     0.883    -0.011    -0.469
 9   124.763   -44.574    22.014
 9     0.366    -0.681     0.636
 9    -0.866     0.002     0.499
 9    -0.341    -0.732    -0.588
 2    98.454   -22.422    59.336
 2     0.823    -0.568    -0.010
 2     0.567     0.821     0.051
 2    -0.020    -0.049     0.998
 3   125.793    -2.253    -5.133
 3     0.633    -0.339    -0.698
 3     0.385     0.917    -0.094
 3     0.671    -0.209     0.710
 4   104.390    16.017    -7.979
 4     0.231    -0.618     0.752
 4     0.946    -0.038    -0.321
 4     0.227     0.785     0.576
 5   116.746    13.341    20.831
 5     0.448     0.498     0.744
 5     0.081    -0.850     0.519
 5     0.890    -0.171    -0.421
 6   129.275    31.090    21.817
 6     0.786     0.357     0.507
 6     0.545    -0.013    -0.838
 6    -0.292     0.934    -0.203
 7   107.758   -21.057    -8.719
 7     0.597     0.514     0.617
 7    -0.802     0.365     0.472
 7     0.017    -0.776     0.630
 8   116.916   -19.685    18.227
 8     0.373    -0.592     0.715
 8    -0.283    -0.806    -0.519
 8     0.884    -0.010    -0.467
 9   125.241   -44.437    22.175
 9     0.382    -0.681     0.627
 9    -0.860    -0.014     0.508
 9    -0.338    -0.732    -0.590
 2    98.452   -22.423    59.339
 2     0.823    -0.568    -0.009
 2     0.567     0.821     0.052
 2    -0.021    -0.049     0.998
 3   125.943    -2.404    -5.023
 3     0.631    -0.336    -0.701
 3     0.390     0.916    -0.085
 3     0.670    -0.220     0.708
 4   104.670    15.931    -8.224
 4     0.233    -0.626     0.744
 4     0.948    -0.025    -0.317
 4     0.217     0.779     0.587
 5   116.753    13.322    20.721
 5     0.446     0.499     0.744
 5     0.088    -0.851     0.516
 5     0.891    -0.164    -0.423
 6   129.482    30.857    21.697
 6     0.793     0.353     0.498
 6     0.534    -0.012    -0.845
 6    -0.292     0.935    -0.197
 7   107.933   -21.227    -8.572
 7     0.593     0.520     0.615
 7    -0.805     0.355     0.475
 7     0.028    -0.777     0.629
 8   114.541   -19.365    16.696
 8     0.354    -0.625     0.696
 8    -0.274    -0.780    -0.561
 8     0.894     0.007    -0.447
 9   124.408   -44.786    22.866
 9     0.364    -0.678     0.641
 9    -0.875    -0.012     0.483
 9    -0.320    -0.735    -0.597
 2    98.452   -22.423    59.339
 2     0.823    -0.568    -0.009
 2     0.567     0.821     0.052
 2    -0.021    -0.049     0.998
 3   126.196    -2.837    -4.932
 3     0.634    -0.319    -0.706
 3     0.389     0.918    -0.062
 3     0.668    -0.235     0.705
 4   105.288    15.740    -8.319
 4     0.251    -0.636     0.730
 4     0.945    -0.002    -0.327
 4     0.209     0.771     0.600
 5   116.827    13.354    20.608
 5     0.435     0.505     0.746
 5     0.088    -0.848     0.522
 5     0.896    -0.160    -0.412
 6   130.433    30.065    21.816
 6     0.821     0.334     0.464
 6     0.497    -0.018    -0.867
 6    -0.281     0.942    -0.179
 7   108.243   -21.850    -8.544
 7     0.603     0.517     0.608
 7    -0.797     0.357     0.487
 7     0.034    -0.778     0.627
 8   117.122   -20.158    18.586
 8     0.384    -0.529     0.758
 8    -0.261    -0.848    -0.460
 8     0.886    -0.022    -0.463
 9   127.571   -43.371    22.148
 9     0.474    -0.648     0.598
 9    -0.813    -0.062     0.577
 9    -0.337    -0.759    -0.556
 2    98.452   -22.423    59.339
 2     0.823    -0.568    -0.009
 2     0.567     0.821     0.052
 2    -0.021    -0.049     0.998
 3   126.272    -3.168    -4.917
 3     0.632    -0.340    -0.699
 3     0.400     0.912    -0.080
 3     0.663    -0.229     0.711
 4   105.585    15.629    -8.402
 4     0.271    -0.639     0.721
 4     0.941     0.016    -0.339
 4     0.204     0.769     0.605
 5   116.843    13.512    20.592
 5     0.429     0.498     0.754
 5     0.089    -0.854     0.512
 5     0.898    -0.152    -0.411
 6   131.479    28.779    21.964
 6     0.858     0.324     0.398
 6     0.434    -0.048    -0.899
 6    -0.273     0.945    -0.181
 7   108.409   -22.163    -8.424
 7     0.625     0.491     0.607
 7    -0.780     0.385     0.492
 7     0.008    -0.781     0.624
 8   117.187   -21.335    18.222
 8     0.412    -0.338     0.846
 8    -0.226    -0.937    -0.264
 8     0.882    -0.082    -0.463
 9   135.637   -35.353    21.026
 9     0.826    -0.459     0.327
 9    -0.430    -0.141     0.891
 9    -0.363    -0.877    -0.313
 2    98.402   -22.423    59.339
 2     0.823    -0.568    -0.009
 2     0.567     0.821     0.052
 2    -0.021    -0.049     0.998
 3   126.428    -3.208    -5.099
 3     0.644    -0.382    -0.666
 3     0.408     0.904    -0.120
 3     0.647    -0.194     0.736
 4   106.144    15.833    -8.613
 4     0.313    -0.636     0.706
 4     0.930     0.055    -0.362
 4     0.191     0.769     0.609
 5   117.140    14.282    20.372
 5     0.436     0.392     0.810
 5     0.074    -0.913     0.401
 5     0.897    -0.114    -0.427
 6   134.238    24.552    21.302
 6     0.935     0.303     0.183
 6     0.218    -0.085    -0.972
 6    -0.279     0.949    -0.146
 7   108.806   -22.223    -8.616
 7     0.658     0.452     0.603
 7    -0.753     0.422     0.505
 7    -0.026    -0.786     0.617
 8   118.448   -23.063    17.695
 8     0.500     0.046     0.865
 8    -0.179    -0.972     0.154
 8     0.847    -0.231    -0.477
 9   139.028   -26.698    18.059
 9     0.899    -0.436    -0.045
 9     0.028    -0.040     0.998
 9    -0.437    -0.899    -0.025
 2    98.455   -22.423    59.362
 2     0.824    -0.568    -0.010
 2     0.566     0.821     0.051
 2    -0.020    -0.049     0.998
 3   126.471    -3.401    -5.256
 3     0.661    -0.384    -0.646
 3     0.392     0.909    -0.137
 3     0.639    -0.162     0.751
 4   106.793    16.165    -8.637
 4     0.370    -0.627     0.686
 4     0.910     0.098    -0.401
 4     0.183     0.772     0.607
 5   117.669    15.432    20.389
 5     0.445     0.189     0.875
 5     0.037    -0.980     0.194
 5     0.895    -0.054    -0.443
 6   136.604    18.212    19.977
 6     0.949     0.285    -0.134
 6    -0.113    -0.080    -0.990
 6    -0.292     0.955    -0.047
 7   108.161   -21.899    -8.828
 7     0.652     0.446     0.613
 7    -0.756     0.443     0.482
 7    -0.057    -0.777     0.626
 8   119.524   -24.227    17.155
 8     0.569     0.283     0.773
 8    -0.142    -0.891     0.429
 8     0.810    -0.354    -0.467
 9   139.726   -21.037    15.707
 9     0.829    -0.498    -0.260
 9     0.292    -0.005     0.956
 9    -0.476    -0.867     0.138
 2    98.404   -22.423    59.362
 2     0.824    -0.568    -0.010
 2     0.566     0.821     0.051
 2    -0.020    -0.049     0.998
 3   126.323    -3.585    -5.263
 3     0.667    -0.394    -0.635
 3     0.392     0.907    -0.147
 3     0.633    -0.150     0.758
 4   107.087    16.008    -8.812
 4     0.417    -0.607     0.677
 4     0.894     0.139    -0.426
 4     0.164     0.782     0.600
 5   116.663    17.858    18.311
 5     0.449    -0.131     0.884
 5     0.026    -0.987    -0.158
 5     0.893     0.093    -0.439
 6   137.555    10.104    19.537
 6     0.833     0.285    -0.478
 6    -0.502     0.024    -0.864
 6    -0.232     0.958     0.160
 7   107.557   -22.030    -8.639
 7     0.649     0.445     0.617
 7    -0.758     0.442     0.479
 7    -0.060    -0.779     0.624
 8   120.154   -25.019    17.084
 8     0.611     0.393     0.689
 8    -0.118    -0.814     0.567
 8     0.783    -0.427    -0.451
 9   139.317   -18.369    14.356
 9     0.761    -0.559    -0.336
 9     0.432     0.054     0.899
 9    -0.483    -0.828     0.281
 2    98.455   -22.423    59.362
 2     0.824    -0.568    -0.010
 2     0.566     0.822     0.051
 2    -0.020    -0.049     0.998
 3   125.858    -4.409    -4.880
 3     0.678    -0.382    -0.630
 3     0.383     0.912    -0.137
 3     0.626    -0.149     0.764
 4   107.315    15.828    -8.839
 4     0.458    -0.594     0.662
 4     0.876     0.176    -0.447
 4     0.148     0.785     0.601
 5   117.692    19.021    18.155
 5     0.469    -0.323     0.823
 5     0.017    -0.927    -0.372
 5     0.883     0.188    -0.429
 6   137.621     8.003    18.959
 6     0.765     0.313    -0.567
 6    -0.603     0.039    -0.795
 6    -0.225     0.949     0.216
 7   106.975   -22.213    -8.203
 7     0.648     0.430     0.629
 7    -0.759     0.437     0.482
 7    -0.068    -0.790     0.609
 8   121.128   -25.544    16.732
 8     0.646     0.489     0.587
 8    -0.077    -0.722     0.686
 8     0.759    -0.489    -0.429
 9   139.078   -15.363    12.819
 9     0.681    -0.634    -0.374
 9     0.552     0.112     0.824
 9    -0.480    -0.765     0.426
 2    98.455   -22.423    59.362
 2     0.824    -0.568    -0.010
 2     0.566     0.821     0.051
 2    -0.020    -0.049     0.998
 3   125.732    -4.272    -4.669
 3     0.667    -0.410    -0.625
 3     0.398     0.901    -0.163
 3     0.629    -0.140     0.763
 4   107.084    15.817    -8.840
 4     0.440    -0.605     0.664
 4     0.884     0.162    -0.438
 4     0.158     0.779     0.606
 5   116.797    18.744    18.306
 5     0.455    -0.281     0.846
 5     0.020    -0.946    -0.323
 5     0.890     0.162    -0.424
 6   137.210     8.791    19.489
 6     0.797     0.288    -0.535
 6    -0.563     0.031    -0.825
 6    -0.219     0.957     0.184
 7   107.183   -22.111    -8.186
 7     0.659     0.419     0.625
 7    -0.749     0.447     0.489
 7    -0.075    -0.791     0.607
 8   121.235   -25.312    16.711
 8     0.643     0.506     0.578
 8    -0.070    -0.710     0.699
 8     0.763    -0.489    -0.421
 9   139.012   -15.234    12.954
 9     0.685    -0.632    -0.368
 9     0.552     0.124     0.823
 9    -0.475    -0.765     0.433
 2    98.455   -22.423    59.337
 2     0.824    -0.568    -0.010
 2     0.566     0.821     0.051
 2    -0.020    -0.049     0.998
 3   125.698    -4.141    -4.618
 3     0.665    -0.410    -0.627
 3     0.393     0.902    -0.170
 3     0.635    -0.133     0.760
 4   107.168    15.995    -8.696
 4     0.447    -0.603     0.661
 4     0.880     0.163    -0.445
 4     0.161     0.780     0.603
 5   116.975    18.736    18.333
 5     0.456    -0.296     0.840
 5     0.010    -0.942    -0.335
 5     0.890     0.160    -0.426
 6   137.339     8.665    19.706
 6     0.794     0.280    -0.543
 6    -0.568     0.021    -0.822
 6    -0.216     0.960     0.172
 7   107.031   -22.036    -8.285
 7     0.658     0.418     0.627
 7    -0.749     0.447     0.488
 7    -0.076    -0.791     0.607
 8   121.585   -25.320    16.491
 8     0.652     0.533     0.540
 8    -0.059    -0.674     0.735
 8     0.755    -0.511    -0.408
 9   139.005   -14.649    12.615
 9     0.666    -0.650    -0.373
 9     0.573     0.129     0.807
 9    -0.477    -0.749     0.457
 2    98.404   -22.423    59.362
 2     0.824    -0.568    -0.010
 2     0.566     0.822     0.051
 2    -0.020    -0.049     0.998
 3   125.655    -4.266    -4.531
 3     0.664    -0.414    -0.626
 3     0.390     0.902    -0.181
 3     0.638    -0.124     0.759
 4   107.434    15.879    -8.519
 4     0.486    -0.567     0.667
 4     0.860     0.173    -0.479
 4     0.156     0.805     0.571
 5   119.703    20.647    17.880
 5     0.507    -0.450     0.737
 5     0.034    -0.843    -0.536
 5     0.861     0.296    -0.411
 6   138.554     5.256    19.927
 6     0.626     0.302    -0.722
 6    -0.772     0.108    -0.624
 6    -0.108     0.947     0.298
 7   106.908   -21.948    -8.366
 7     0.666     0.413     0.622
 7    -0.740     0.470     0.481
 7    -0.094    -0.780     0.618
 8   123.369   -25.892    15.010
 8     0.692     0.595     0.410
 8    -0.033    -0.539     0.841
 8     0.721    -0.596    -0.353
 9   138.016    -9.614    11.571
 9     0.471    -0.718    -0.518
 9     0.782     0.068     0.616
 9    -0.407    -0.693     0.593
 2    98.404   -22.473    59.362
 2     0.824    -0.567    -0.010
 2     0.566     0.822     0.051
 2    -0.020    -0.049     0.998
 3   125.632    -4.273    -4.705
 3     0.671    -0.428    -0.608
 3     0.383     0.899    -0.208
 3     0.634    -0.093     0.766
 4   107.654    16.028    -8.530
 4     0.531    -0.532     0.660
 4     0.835     0.200    -0.511
 4     0.140     0.822     0.551
 5   121.566    22.634    16.910
 5     0.537    -0.574     0.620
 5     0.055    -0.708    -0.703
 5     0.841     0.411    -0.348
 6   138.454     3.876    20.039
 6     0.535     0.307    -0.790
 6    -0.842     0.119    -0.524
 6    -0.064     0.944     0.319
 7   107.106   -21.931    -8.614
 7     0.681     0.389     0.620
 7    -0.722     0.492     0.485
 7    -0.116    -0.779     0.616
 8   123.629   -26.016    14.670
 8     0.685     0.614     0.394
 8    -0.031    -0.515     0.856
 8     0.728    -0.598    -0.333
 9   137.697    -8.884    11.591
 9     0.439    -0.727    -0.533
 9     0.808     0.059     0.583
 9    -0.392    -0.684     0.613
 2    98.404   -22.423    59.362
 2     0.824    -0.568    -0.010
 2     0.566     0.821     0.051
 2    -0.020    -0.049     0.998
 3   125.683    -4.041    -4.876
 3     0.668    -0.442    -0.601
 3     0.383     0.894    -0.228
 3     0.637    -0.077     0.766
 4   107.855    16.212    -8.490
 4     0.545    -0.524     0.655
 4     0.824     0.194    -0.531
 4     0.151     0.829     0.537
 5   122.006    23.034    16.640
 5     0.542    -0.585     0.606
 5     0.063    -0.689    -0.721
 5     0.838     0.428    -0.336
 6   138.532     3.837    20.287
 6     0.526     0.276    -0.807
 6    -0.849     0.114    -0.513
 6    -0.047     0.954     0.292
 7   107.523   -21.938    -8.902
 7     0.687     0.373     0.623
 7    -0.714     0.502     0.487
 7    -0.131    -0.780     0.612
 8   123.894   -26.315    14.255
 8     0.670     0.623     0.405
 8    -0.041    -0.512     0.857
 8     0.741    -0.591    -0.317
 9   137.958    -8.871    11.964
 9     0.443    -0.714    -0.548
 9     0.812     0.059     0.577
 9    -0.379    -0.698     0.605
 2    98.404   -22.422    59.362
 2     0.823    -0.568    -0.010
 2     0.567     0.821     0.051
 2    -0.020    -0.049     0.998
 3   125.924    -3.982    -4.899
 3     0.662    -0.448    -0.605
 3     0.385     0.891    -0.236
 3     0.643    -0.077     0.760
 4   108.350    16.309    -8.683
 4     0.552    -0.522     0.651
 4     0.820     0.201    -0.535
 4     0.148     0.829     0.538
 5   122.145    23.361    16.288
 5     0.515    -0.618     0.597
 5     0.064    -0.664    -0.743
 5     0.855     0.420    -0.302
 6   138.465     3.662    20.991
 6     0.510     0.219    -0.834
 6    -0.859     0.088    -0.501
 6    -0.034     0.971     0.231
 7   107.870   -22.136    -8.789
 7     0.695     0.356     0.625
 7    -0.706     0.500     0.500
 7    -0.135    -0.789     0.599
 8   124.132   -27.010    13.939
 8     0.659     0.633     0.407
 8    -0.066    -0.490     0.869
 8     0.749    -0.600    -0.281
 9   138.187    -9.179    12.619
 9     0.446    -0.696    -0.568
 9     0.820     0.063     0.565
 9    -0.358    -0.715     0.599
];