% Calibrated with leiden_pols
% Positions are in centimeters
Data =[
 2    98.338   -22.572    59.504
 2     0.826    -0.565    -0.013
 2     0.563     0.824     0.050
 2    -0.016    -0.050     0.998
 3   124.863    -4.256    -4.237
 3     0.648    -0.461    -0.610
 3     0.416     0.881    -0.221
 3     0.638    -0.110     0.761
 4   107.573    16.432    -8.298
 4     0.505    -0.584     0.636
 4     0.842     0.172    -0.511
 4     0.189     0.793     0.578
 5   117.658    17.382    18.756
 5     0.496    -0.264     0.828
 5    -0.058    -0.961    -0.269
 5     0.866     0.085    -0.491
 6   138.302    10.100    18.320
 6     0.833     0.359    -0.425
 6    -0.462     0.030    -0.885
 6    -0.303     0.932     0.188
 7   107.267   -22.910    -7.152
 7     0.703     0.341     0.624
 7    -0.704     0.457     0.543
 7    -0.101    -0.821     0.561
 8   121.482   -24.795    17.691
 8     0.639     0.480     0.603
 8    -0.007    -0.779     0.626
 8     0.769    -0.404    -0.494
 9   139.536   -16.293    13.648
 9     0.686    -0.555    -0.478
 9     0.461    -0.173     0.868
 9    -0.562    -0.813     0.136
 2    98.338   -22.572    59.504
 2     0.826    -0.565    -0.013
 2     0.563     0.824     0.050
 2    -0.016    -0.050     0.998
 3   124.878    -4.201    -4.130
 3     0.645    -0.460    -0.614
 3     0.413     0.881    -0.224
 3     0.643    -0.108     0.757
 4   107.532    16.537    -8.181
 4     0.503    -0.587     0.635
 4     0.842     0.168    -0.512
 4     0.193     0.791     0.579
 5   117.641    17.436    18.891
 5     0.493    -0.261     0.831
 5    -0.061    -0.962    -0.264
 5     0.868     0.079    -0.490
 6   138.230    10.103    18.490
 6     0.834     0.356    -0.426
 6    -0.461     0.029    -0.886
 6    -0.301     0.934     0.185
 7   107.317   -22.809    -7.152
 7     0.704     0.341     0.623
 7    -0.703     0.459     0.543
 7    -0.101    -0.820     0.562
 8   121.392   -24.743    17.676
 8     0.635     0.481     0.606
 8    -0.009    -0.779     0.626
 8     0.772    -0.403    -0.490
 9   139.554   -16.158    13.854
 9     0.689    -0.548    -0.481
 9     0.464    -0.173     0.866
 9    -0.555    -0.819     0.134
 2    98.338   -22.572    59.504
 2     0.826    -0.565    -0.013
 2     0.563     0.824     0.050
 2    -0.016    -0.050     0.998
 3   124.892    -4.069    -4.048
 3     0.641    -0.460    -0.617
 3     0.411     0.881    -0.228
 3     0.648    -0.106     0.753
 4   107.444    16.671    -8.047
 4     0.499    -0.589     0.636
 4     0.843     0.161    -0.512
 4     0.199     0.791     0.577
 5   117.490    17.436    19.011
 5     0.492    -0.257     0.833
 5    -0.065    -0.964    -0.257
 5     0.868     0.072    -0.490
 6   138.131    10.235    18.779
 6     0.839     0.349    -0.423
 6    -0.456     0.025    -0.889
 6    -0.298     0.936     0.177
 7   107.338   -22.682    -7.228
 7     0.706     0.340     0.621
 7    -0.700     0.462     0.544
 7    -0.102    -0.819     0.564
 8   121.440   -24.669    17.595
 8     0.634     0.489     0.601
 8    -0.009    -0.771     0.635
 8     0.773    -0.408    -0.484
 9   139.509   -16.054    13.894
 9     0.690    -0.545    -0.483
 9     0.467    -0.172     0.865
 9    -0.552    -0.820     0.135
 2    98.339   -22.572    59.453
 2     0.826    -0.564    -0.013
 2     0.563     0.824     0.050
 2    -0.016    -0.050     0.998
 3   124.845    -3.967    -4.053
 3     0.641    -0.461    -0.617
 3     0.409     0.881    -0.231
 3     0.649    -0.104     0.752
 4   107.446    16.722    -8.025
 4     0.499    -0.589     0.637
 4     0.843     0.160    -0.512
 4     0.200     0.792     0.576
 5   117.489    17.436    19.060
 5     0.492    -0.257     0.833
 5    -0.066    -0.964    -0.256
 5     0.868     0.070    -0.490
 6   138.135    10.186    18.824
 6     0.839     0.347    -0.425
 6    -0.457     0.024    -0.888
 6    -0.296     0.937     0.175
 7   107.333   -22.607    -7.221
 7     0.706     0.339     0.621
 7    -0.700     0.463     0.543
 7    -0.104    -0.819     0.564
 8   121.392   -24.669    17.544
 8     0.634     0.486     0.603
 8    -0.011    -0.772     0.633
 8     0.773    -0.408    -0.484
 9   139.510   -16.002    13.916
 9     0.690    -0.545    -0.483
 9     0.469    -0.170     0.865
 9    -0.551    -0.821     0.136
 2    98.339   -22.572    59.453
 2     0.826    -0.565    -0.013
 2     0.563     0.824     0.050
 2    -0.016    -0.050     0.998
 3   124.842    -3.943    -4.100
 3     0.643    -0.460    -0.616
 3     0.408     0.882    -0.230
 3     0.648    -0.102     0.753
 4   107.439    16.769    -8.017
 4     0.503    -0.586     0.637
 4     0.842     0.163    -0.514
 4     0.197     0.794     0.574
 5   117.535    17.560    18.968
 5     0.493    -0.261     0.831
 5    -0.066    -0.962    -0.261
 5     0.867     0.073    -0.491
 6   138.236    10.237    18.768
 6     0.837     0.343    -0.430
 6    -0.460     0.017    -0.887
 6    -0.295     0.939     0.169
 7   107.370   -22.560    -7.307
 7     0.708     0.334     0.622
 7    -0.697     0.469     0.543
 7    -0.110    -0.818     0.564
 8   121.739   -24.852    17.309
 8     0.639     0.501     0.585
 8    -0.007    -0.755     0.654
 8     0.769    -0.422    -0.478
 9   139.627   -15.926    13.610
 9     0.685    -0.547    -0.487
 9     0.474    -0.169     0.861
 9    -0.552    -0.820     0.142
 2    98.339   -22.572    59.453
 2     0.826    -0.565    -0.013
 2     0.563     0.824     0.050
 2    -0.016    -0.050     0.998
 3   124.952    -3.897    -4.316
 3     0.646    -0.462    -0.610
 3     0.408     0.881    -0.234
 3     0.644    -0.097     0.757
 4   107.484    16.793    -8.038
 4     0.505    -0.583     0.638
 4     0.841     0.164    -0.515
 4     0.195     0.796     0.572
 5   117.655    17.631    18.901
 5     0.495    -0.266     0.828
 5    -0.068    -0.961    -0.267
 5     0.866     0.075    -0.492
 6   138.309    10.184    18.721
 6     0.835     0.343    -0.434
 6    -0.463     0.014    -0.885
 6    -0.296     0.939     0.168
 7   107.457   -22.563    -7.369
 7     0.710     0.331     0.622
 7    -0.695     0.472     0.542
 7    -0.115    -0.817     0.565
 8   121.706   -24.850    17.244
 8     0.635     0.493     0.596
 8    -0.012    -0.764     0.644
 8     0.772    -0.417    -0.479
 9   139.761   -15.972    13.597
 9     0.687    -0.545    -0.489
 9     0.477    -0.168     0.860
 9    -0.548    -0.822     0.142
 2    98.339   -22.572    59.453
 2     0.826    -0.565    -0.013
 2     0.563     0.823     0.050
 2    -0.016    -0.050     0.998
 3   125.100    -3.795    -4.393
 3     0.647    -0.465    -0.608
 3     0.408     0.880    -0.238
 3     0.644    -0.093     0.757
 4   107.531    16.843    -8.087
 4     0.504    -0.582     0.640
 4     0.842     0.163    -0.514
 4     0.194     0.797     0.571
 5   117.704    17.732    18.923
 5     0.495    -0.267     0.828
 5    -0.071    -0.961    -0.265
 5     0.866     0.071    -0.493
 6   138.470    10.240    18.808
 6     0.837     0.339    -0.435
 6    -0.463     0.017    -0.885
 6    -0.291     0.940     0.168
 7   107.797   -22.563    -7.542
 7     0.715     0.328     0.618
 7    -0.689     0.479     0.543
 7    -0.118    -0.814     0.568
 8   121.960   -24.745    17.126
 8     0.632     0.508     0.588
 8    -0.006    -0.753     0.656
 8     0.775    -0.418    -0.473
 9   139.917   -15.971    13.646
 9     0.689    -0.542    -0.489
 9     0.474    -0.170     0.861
 9    -0.547    -0.824     0.138
 2    98.339   -22.572    59.453
 2     0.826    -0.565    -0.013
 2     0.563     0.823     0.050
 2    -0.016    -0.050     0.998
 3   125.176    -3.717    -4.398
 3     0.644    -0.472    -0.606
 3     0.410     0.877    -0.245
 3     0.645    -0.091     0.757
 4   107.607    16.895    -8.090
 4     0.502    -0.582     0.640
 4     0.842     0.161    -0.514
 4     0.195     0.797     0.571
 5   117.799    17.731    18.904
 5     0.496    -0.266     0.828
 5    -0.070    -0.961    -0.265
 5     0.865     0.072    -0.494
