% Calibrated with leiden_pols
% Positions are in centimeters
Data =[
 2    96.699   -18.455    59.990
 2     0.159    -0.987    -0.004
 2     0.986     0.159     0.037
 2    -0.036    -0.010     0.999
 3   122.777    -1.735     4.135
 3     0.330     0.042    -0.943
 3    -0.203     0.979    -0.027
 3     0.922     0.200     0.332
 4   105.915   -17.714    -5.731
 4     0.482     0.682     0.550
 4    -0.864     0.474     0.170
 4    -0.144    -0.557     0.818
 5   113.110   -22.068    18.365
 5     0.468     0.317     0.825
 5    -0.347    -0.793     0.501
 5     0.813    -0.520    -0.261
 6   128.438   -25.792    38.615
 6     0.594     0.798    -0.097
 6    -0.056     0.162     0.985
 6     0.802    -0.580     0.141
 7   108.785    15.065    -4.709
 7     0.564    -0.653     0.506
 7     0.821     0.380    -0.426
 7     0.086     0.656     0.750
 8   112.912    18.653    20.923
 8     0.463    -0.406     0.788
 8     0.226    -0.805    -0.548
 8     0.857     0.432    -0.281
 9   129.903    21.830    38.686
 9     0.746    -0.660    -0.093
 9     0.012     0.154    -0.988
 9     0.666     0.735     0.123
 2    96.648   -18.456    59.990
 2     0.159    -0.987    -0.004
 2     0.986     0.158     0.037
 2    -0.036    -0.010     0.999
 3   122.771    -1.686     4.144
 3     0.331     0.042    -0.943
 3    -0.203     0.979    -0.028
 3     0.921     0.200     0.333
 4   105.912   -17.715    -5.728
 4     0.482     0.682     0.550
 4    -0.864     0.474     0.171
 4    -0.145    -0.557     0.818
 5   113.110   -22.067    18.365
 5     0.468     0.317     0.825
 5    -0.346    -0.793     0.501
 5     0.813    -0.521    -0.262
 6   128.438   -25.741    38.616
 6     0.594     0.798    -0.098
 6    -0.056     0.162     0.985
 6     0.802    -0.580     0.141
 7   108.734    15.014    -4.709
 7     0.563    -0.652     0.506
 7     0.821     0.379    -0.426
 7     0.086     0.656     0.749
 8   112.911    18.653    20.973
 8     0.463    -0.406     0.788
 8     0.226    -0.805    -0.548
 8     0.857     0.431    -0.281
 9   129.950    21.830    38.690
 9     0.746    -0.659    -0.092
 9     0.013     0.153    -0.988
 9     0.665     0.736     0.123
 2    96.646   -18.456    59.993
 2     0.159    -0.987    -0.004
 2     0.986     0.159     0.037
 2    -0.037    -0.010     0.999
 3   122.770    -1.736     4.142
 3     0.332     0.041    -0.942
 3    -0.203     0.979    -0.029
 3     0.921     0.201     0.333
 4   105.913   -17.664    -5.728
 4     0.483     0.681     0.550
 4    -0.864     0.474     0.171
 4    -0.145    -0.558     0.817
 5   113.110   -22.068    18.365
 5     0.468     0.317     0.825
 5    -0.347    -0.793     0.501
 5     0.813    -0.521    -0.262
 6   128.439   -25.741    38.565
 6     0.594     0.798    -0.098
 6    -0.056     0.163     0.985
 6     0.802    -0.580     0.141
 7   108.734    15.065    -4.710
 7     0.563    -0.652     0.507
 7     0.822     0.378    -0.426
 7     0.086     0.657     0.749
 8   112.912    18.603    20.923
 8     0.463    -0.406     0.787
 8     0.226    -0.805    -0.548
 8     0.857     0.432    -0.281
 9   129.900    21.830    38.639
 9     0.746    -0.659    -0.093
 9     0.013     0.153    -0.988
 9     0.665     0.736     0.123
 2    96.648   -18.456    59.990
 2     0.159    -0.987    -0.004
 2     0.986     0.159     0.037
 2    -0.036    -0.010     0.999
 3   122.770    -1.685     4.142
 3     0.332     0.040    -0.942
 3    -0.203     0.978    -0.030
 3     0.921     0.201     0.333
 4   105.913   -17.714    -5.728
 4     0.483     0.681     0.550
 4    -0.864     0.474     0.171
 4    -0.145    -0.558     0.817
 5   113.110   -22.067    18.314
 5     0.468     0.317     0.824
 5    -0.346    -0.793     0.501
 5     0.813    -0.520    -0.262
 6   128.439   -25.792    38.565
 6     0.594     0.798    -0.098
 6    -0.056     0.162     0.985
 6     0.802    -0.580     0.141
 7   108.734    15.014    -4.710
 7     0.563    -0.652     0.508
 7     0.822     0.378    -0.426
 7     0.086     0.657     0.749
 8   112.912    18.603    20.923
 8     0.463    -0.407     0.787
 8     0.226    -0.805    -0.549
 8     0.857     0.432    -0.281
 9   129.903    21.780    38.737
 9     0.745    -0.660    -0.093
 9     0.012     0.153    -0.988
 9     0.666     0.735     0.122
 2    96.648   -18.506    59.990
 2     0.159    -0.987    -0.004
 2     0.986     0.159     0.037
 2    -0.036    -0.010     0.999
 3   122.770    -1.736     4.092
 3     0.333     0.040    -0.942
 3    -0.203     0.979    -0.030
 3     0.921     0.201     0.334
 4   105.863   -17.664    -5.728
 4     0.483     0.680     0.551
 4    -0.864     0.474     0.171
 4    -0.145    -0.558     0.817
 5   113.110   -22.067    18.364
 5     0.468     0.317     0.824
 5    -0.345    -0.793     0.501
 5     0.813    -0.520    -0.262
 6   128.439   -25.792    38.565
 6     0.594     0.798    -0.098
 6    -0.056     0.162     0.985
 6     0.802    -0.580     0.141
 7   108.707    14.988    -4.708
 7     0.564    -0.651     0.508
 7     0.821     0.378    -0.426
 7     0.085     0.658     0.748
 8   112.912    18.602    20.974
 8     0.464    -0.407     0.787
 8     0.226    -0.805    -0.549
 8     0.857     0.432    -0.281
 9   129.856    21.832    38.732
 9     0.745    -0.661    -0.092
 9     0.013     0.152    -0.988
 9     0.667     0.735     0.122
 2    96.648   -18.456    59.990
 2     0.159    -0.987    -0.004
 2     0.986     0.158     0.037
 2    -0.036    -0.010     0.999
 3   122.721    -1.736     4.092
 3     0.333     0.041    -0.942
 3    -0.203     0.979    -0.029
 3     0.921     0.200     0.334
 4   105.839   -17.714    -5.727
 4     0.482     0.680     0.552
 4    -0.864     0.474     0.171
 4    -0.145    -0.560     0.816
 5   113.110   -22.066    18.313
 5     0.469     0.317     0.824
 5    -0.345    -0.793     0.502
 5     0.813    -0.520    -0.263
 6   128.413   -25.792    38.615
 6     0.594     0.798    -0.099
 6    -0.055     0.162     0.985
 6     0.802    -0.580     0.141
 7   108.706    14.988    -4.708
 7     0.563    -0.651     0.509
 7     0.822     0.377    -0.426
 7     0.085     0.658     0.748
 8   112.912    18.602    20.973
 8     0.464    -0.407     0.786
 8     0.225    -0.805    -0.549
 8     0.857     0.432    -0.282
 9   129.856    21.832    38.732
 9     0.745    -0.661    -0.092
 9     0.013     0.152    -0.988
 9     0.667     0.735     0.122
 2    96.646   -18.456    59.993
 2     0.159    -0.987    -0.004
 2     0.986     0.158     0.037
 2    -0.037    -0.010     0.999
 3   122.721    -1.736     4.092
 3     0.333     0.041    -0.942
 3    -0.203     0.979    -0.029
 3     0.921     0.200     0.334
 4   105.862   -17.715    -5.724
 4     0.482     0.679     0.552
 4    -0.864     0.474     0.171
 4    -0.146    -0.560     0.816
 5   113.107   -22.067    18.319
 5     0.469     0.317     0.824
 5    -0.345    -0.793     0.502
 5     0.812    -0.520    -0.263
 6   128.417   -25.790    38.610
 6     0.593     0.799    -0.099
 6    -0.055     0.162     0.985
 6     0.803    -0.579     0.140
 7   108.656    14.988    -4.708
 7     0.563    -0.651     0.509
 7     0.822     0.377    -0.426
 7     0.085     0.659     0.747
 8   112.907    18.600    20.979
 8     0.464    -0.407     0.786
 8     0.225    -0.804    -0.550
 8     0.856     0.432    -0.282
 9   129.906    21.832    38.732
 9     0.745    -0.661    -0.092
 9     0.013     0.152    -0.988
 9     0.667     0.735     0.122
 2    96.648   -18.456    59.990
 2     0.159    -0.987    -0.004
 2     0.986     0.159     0.037
 2    -0.036    -0.010     0.999
 3   122.715    -1.763     4.100
 3     0.334     0.042    -0.942
 3    -0.203     0.979    -0.029
 3     0.920     0.200     0.335
 4   105.837   -17.715    -5.724
 4     0.482     0.679     0.553
 4    -0.864     0.474     0.171
 4    -0.146    -0.560     0.815
 5   113.106   -22.067    18.319
 5     0.470     0.317     0.824
 5    -0.345    -0.793     0.502
 5     0.812    -0.520    -0.263
 6   128.417   -25.791    38.610
 6     0.593     0.798    -0.099
 6    -0.056     0.163     0.985
 6     0.803    -0.579     0.141
 7   108.656    14.988    -4.658
 7     0.562    -0.651     0.510
 7     0.822     0.377    -0.426
 7     0.085     0.659     0.747
 8   112.912    18.602    20.973
 8     0.464    -0.407     0.786
 8     0.225    -0.805    -0.549
 8     0.857     0.432    -0.282
 9   129.853    21.780    38.685
 9     0.745    -0.660    -0.091
 9     0.013     0.152    -0.988
 9     0.666     0.735     0.122
 2    96.648   -18.456    59.990
 2     0.159    -0.987    -0.004
 2     0.986     0.159     0.037
 2    -0.036    -0.010     0.999
 3   122.715    -1.737     4.101
 3     0.334     0.041    -0.941
 3    -0.203     0.979    -0.029
 3     0.920     0.200     0.336
 4   105.788   -17.715    -5.723
 4     0.482     0.679     0.553
 4    -0.864     0.474     0.171
 4    -0.146    -0.561     0.815
 5   113.106   -22.067    18.369
 5     0.470     0.317     0.823
 5    -0.345    -0.793     0.502
 5     0.812    -0.520    -0.263
 6   128.417   -25.791    38.610
 6     0.593     0.799    -0.099
 6    -0.056     0.163     0.985
 6     0.803    -0.579     0.141
 7   108.656    14.988    -4.658
 7     0.562    -0.651     0.510
 7     0.822     0.377    -0.426
 7     0.085     0.659     0.747
 8   112.907    18.575    20.979
 8     0.464    -0.407     0.786
 8     0.225    -0.805    -0.550
 8     0.856     0.432    -0.282
 9   129.856    21.781    38.732
 9     0.745    -0.661    -0.091
 9     0.013     0.151    -0.988
 9     0.667     0.735     0.121
 2    96.648   -18.456    59.990
 2     0.159    -0.987    -0.004
 2     0.986     0.159     0.037
 2    -0.036    -0.010     0.999
 3   122.715    -1.737     4.100
 3     0.335     0.041    -0.941
 3    -0.203     0.979    -0.030
 3     0.920     0.200     0.336
 4   105.788   -17.664    -5.724
 4     0.483     0.678     0.553
 4    -0.864     0.474     0.172
 4    -0.146    -0.561     0.815
 5   113.107   -22.067    18.319
 5     0.470     0.317     0.823
 5    -0.345    -0.793     0.502
 5     0.812    -0.521    -0.264
 6   128.417   -25.791    38.610
 6     0.593     0.799    -0.099
 6    -0.056     0.163     0.985
 6     0.803    -0.578     0.141
 7   108.605    15.014    -4.709
 7     0.562    -0.650     0.511
 7     0.823     0.376    -0.426
 7     0.085     0.660     0.746
 8   112.887    18.576    20.998
 8     0.464    -0.408     0.786
 8     0.224    -0.805    -0.550
 8     0.857     0.431    -0.282
 9   129.902    21.780    38.736
 9     0.745    -0.660    -0.091
 9     0.013     0.151    -0.988
 9     0.666     0.735     0.121
 2    96.646   -18.456    59.993
 2     0.159    -0.987    -0.004
 2     0.986     0.158     0.037
 2    -0.037    -0.010     0.999
 3   122.764    -1.685     4.100
 3     0.336     0.040    -0.941
 3    -0.203     0.979    -0.031
 3     0.920     0.201     0.337
 4   105.786   -17.665    -5.772
 4     0.483     0.678     0.554
 4    -0.863     0.475     0.172
 4    -0.147    -0.561     0.814
 5   113.157   -22.067    18.319
 5     0.470     0.317     0.823
 5    -0.345    -0.792     0.503
 5     0.812    -0.521    -0.264
 6   128.442   -25.791    38.610
 6     0.593     0.799    -0.099
 6    -0.056     0.163     0.985
 6     0.803    -0.578     0.141
 7   108.605    15.014    -4.658
 7     0.562    -0.650     0.511
 7     0.823     0.375    -0.426
 7     0.085     0.660     0.746
 8   112.907    18.600    21.004
 8     0.465    -0.407     0.786
 8     0.224    -0.805    -0.549
 8     0.856     0.431    -0.283
 9   129.903    21.780    38.685
 9     0.745    -0.660    -0.091
 9     0.013     0.151    -0.988
 9     0.666     0.735     0.121
 2    96.648   -18.456    59.990
 2     0.159    -0.987    -0.004
 2     0.986     0.159     0.037
 2    -0.036    -0.010     0.999
 3   122.714    -1.736     4.100
 3     0.335     0.040    -0.941
 3    -0.202     0.979    -0.030
 3     0.920     0.200     0.336
 4   105.786   -17.665    -5.721
 4     0.483     0.677     0.554
 4    -0.863     0.475     0.171
 4    -0.147    -0.561     0.814
 5   113.156   -22.016    18.318
 5     0.471     0.318     0.823
 5    -0.345    -0.792     0.503
 5     0.812    -0.521    -0.264
 6   128.492   -25.817    38.508
 6     0.593     0.799    -0.099
 6    -0.056     0.164     0.985
 6     0.803    -0.579     0.142
 7   108.654    15.014    -4.659
 7     0.561    -0.650     0.512
 7     0.823     0.375    -0.426
 7     0.085     0.660     0.745
 8   112.907    18.599    21.003
 8     0.465    -0.407     0.786
 8     0.223    -0.805    -0.549
 8     0.856     0.431    -0.284
 9   129.902    21.781    38.735
 9     0.746    -0.660    -0.091
 9     0.013     0.150    -0.989
 9     0.666     0.736     0.120
 2    96.646   -18.456    59.993
 2     0.159    -0.987    -0.004
 2     0.986     0.158     0.037
 2    -0.037    -0.010     0.999
 3   122.715    -1.685     4.100
 3     0.335     0.040    -0.941
 3    -0.201     0.979    -0.030
 3     0.920     0.199     0.336
 4   105.834   -17.665    -5.768
 4     0.483     0.677     0.555
 4    -0.863     0.475     0.171
 4    -0.148    -0.562     0.814
 5   113.156   -22.016    18.318
 5     0.471     0.318     0.823
 5    -0.345    -0.792     0.504
 5     0.812    -0.521    -0.263
 6   128.492   -25.792    38.509
 6     0.593     0.799    -0.099
 6    -0.057     0.164     0.985
 6     0.803    -0.579     0.142
 7   108.604    15.065    -4.659
 7     0.561    -0.650     0.513
 7     0.823     0.374    -0.426
 7     0.085     0.661     0.745
 8   112.882    18.600    21.002
 8     0.465    -0.406     0.786
 8     0.223    -0.806    -0.548
 8     0.856     0.430    -0.284
 9   129.899    21.779    38.688
 9     0.746    -0.660    -0.091
 9     0.012     0.150    -0.989
 9     0.665     0.736     0.120
 2    96.648   -18.456    59.990
 2     0.159    -0.987    -0.004
 2     0.986     0.159     0.037
 2    -0.036    -0.010     0.999
 3   122.715    -1.633     4.100
 3     0.335     0.039    -0.941
 3    -0.200     0.979    -0.030
 3     0.920     0.198     0.336
 4   105.784   -17.640    -5.768
 4     0.483     0.676     0.555
 4    -0.863     0.475     0.172
 4    -0.148    -0.562     0.813
 5   113.153   -22.017    18.324
 5     0.471     0.317     0.823
 5    -0.346    -0.792     0.503
 5     0.811    -0.522    -0.264
 6   128.492   -25.792    38.508
 6     0.593     0.799    -0.099
 6    -0.057     0.164     0.985
 6     0.803    -0.578     0.142
 7   108.554    15.065    -4.659
 7     0.561    -0.650     0.513
 7     0.823     0.374    -0.427
 7     0.085     0.662     0.745
 8   112.882    18.600    21.001
 8     0.466    -0.406     0.786
 8     0.223    -0.806    -0.548
 8     0.856     0.430    -0.285
 9   129.952    21.780    38.684
 9     0.746    -0.660    -0.091
 9     0.012     0.150    -0.989
 9     0.666     0.736     0.120
 2    96.648   -18.456    59.990
 2     0.159    -0.987    -0.004
 2     0.986     0.159     0.037
 2    -0.036    -0.010     0.999
 3   122.722    -1.580     4.041
 3     0.335     0.039    -0.941
 3    -0.199     0.979    -0.030
 3     0.921     0.197     0.336
 4   105.785   -17.665    -5.768
 4     0.483     0.676     0.556
 4    -0.863     0.475     0.172
 4    -0.148    -0.563     0.813
 5   113.153   -22.017    18.324
 5     0.471     0.317     0.823
 5    -0.346    -0.792     0.503
 5     0.811    -0.522    -0.264
 6   128.442   -25.792    38.508
 6     0.592     0.799    -0.099
 6    -0.057     0.164     0.985
 6     0.803    -0.578     0.142
 7   108.551    15.064    -4.657
 7     0.561    -0.649     0.514
 7     0.823     0.374    -0.426
 7     0.084     0.662     0.744
 8   112.907    18.599    20.975
 8     0.467    -0.405     0.786
 8     0.222    -0.807    -0.548
 8     0.856     0.430    -0.287
 9   129.902    21.729    38.735
 9     0.745    -0.660    -0.091
 9     0.012     0.150    -0.989
 9     0.666     0.736     0.120
 2    96.648   -18.456    59.990
 2     0.159    -0.987    -0.004
 2     0.986     0.158     0.037
 2    -0.036    -0.010     0.999
 3   122.672    -1.629     4.042
 3     0.336     0.039    -0.941
 3    -0.198     0.979    -0.030
 3     0.921     0.196     0.337
 4   105.785   -17.665    -5.768
 4     0.483     0.676     0.556
 4    -0.863     0.475     0.172
 4    -0.148    -0.563     0.813
 5   113.152   -22.017    18.324
 5     0.472     0.317     0.823
 5    -0.346    -0.792     0.503
 5     0.811    -0.522    -0.264
 6   128.442   -25.792    38.559
 6     0.592     0.799    -0.099
 6    -0.057     0.164     0.985
 6     0.803    -0.578     0.142
 7   108.553    15.116    -4.660
 7     0.561    -0.649     0.514
 7     0.823     0.374    -0.427
 7     0.085     0.662     0.744
 8   112.881    18.599    21.000
 8     0.467    -0.405     0.786
 8     0.222    -0.807    -0.547
 8     0.856     0.430    -0.287
 9   129.952    21.780    38.735
 9     0.745    -0.660    -0.091
 9     0.012     0.150    -0.989
 9     0.666     0.735     0.120
 2    96.648   -18.456    59.990
 2     0.159    -0.987    -0.004
 2     0.986     0.158     0.037
 2    -0.036    -0.010     0.999
 3   122.667    -1.578     4.050
 3     0.339     0.039    -0.940
 3    -0.196     0.980    -0.030
 3     0.920     0.194     0.340
 4   105.734   -17.639    -5.761
 4     0.485     0.669     0.562
 4    -0.861     0.477     0.176
 4    -0.150    -0.570     0.808
 5   113.147   -22.019    18.304
 5     0.472     0.318     0.822
 5    -0.347    -0.791     0.505
 5     0.810    -0.524    -0.263
 6   128.495   -25.791    38.477
 6     0.591     0.800    -0.102
 6    -0.057     0.167     0.984
 6     0.804    -0.577     0.144
 7   108.474    15.193    -4.664
 7     0.558    -0.646     0.520
 7     0.825     0.368    -0.428
 7     0.085     0.668     0.739
 8   112.870    18.647    20.981
 8     0.470    -0.399     0.787
 8     0.221    -0.810    -0.542
 8     0.854     0.429    -0.293
 9   129.952    21.780    38.735
 9     0.745    -0.660    -0.092
 9     0.012     0.151    -0.988
 9     0.666     0.735     0.120
 2    96.648   -18.456    60.041
 2     0.159    -0.987    -0.004
 2     0.986     0.159     0.037
 2    -0.036    -0.010     0.999
 3   122.586    -1.500     4.007
 3     0.343     0.037    -0.938
 3    -0.193     0.980    -0.031
 3     0.919     0.192     0.343
 4   106.017   -17.641    -5.921
 4     0.493     0.662     0.564
 4    -0.856     0.486     0.177
 4    -0.157    -0.570     0.807
 5   113.766   -22.408    17.695
 5     0.478     0.335     0.812
 5    -0.352    -0.774     0.527
 5     0.805    -0.538    -0.252
 6   128.817   -25.986    37.959
 6     0.578     0.803    -0.143
 6    -0.053     0.211     0.976
 6     0.814    -0.557     0.165
 7   108.553    15.246    -4.670
 7     0.557    -0.647     0.521
 7     0.826     0.365    -0.429
 7     0.087     0.669     0.738
 8   112.888    18.698    20.983
 8     0.471    -0.392     0.790
 8     0.223    -0.813    -0.537
 8     0.853     0.429    -0.296
 9   130.142    22.002    38.461
 9     0.750    -0.653    -0.103
 9     0.015     0.172    -0.985
 9     0.661     0.737     0.139
 2    96.646   -18.456    60.044
 2     0.159    -0.987    -0.004
 2     0.986     0.158     0.037
 2    -0.037    -0.010     0.999
 3   122.642    -1.445     3.998
 3     0.341     0.030    -0.939
 3    -0.190     0.981    -0.037
 3     0.920     0.190     0.340
 4   106.136   -17.594    -6.059
 4     0.506     0.644     0.573
 4    -0.845     0.503     0.181
 4    -0.172    -0.576     0.799
 5   114.005   -22.850    17.422
 5     0.483     0.350     0.802
 5    -0.359    -0.757     0.546
 5     0.799    -0.552    -0.240
 6   129.212   -26.491    37.573
 6     0.572     0.798    -0.188
 6    -0.051     0.262     0.963
 6     0.818    -0.542     0.190
 7   108.409    15.193    -4.759
 7     0.550    -0.645     0.530
 7     0.831     0.361    -0.423
 7     0.081     0.673     0.734
 8   112.899    18.820    20.915
 8     0.478    -0.373     0.795
 8     0.234    -0.819    -0.524
 8     0.846     0.436    -0.305
 9   130.364    22.353    38.036
 9     0.753    -0.647    -0.117
 9     0.024     0.205    -0.978
 9     0.657     0.734     0.171
 2    96.648   -18.456    59.990
 2     0.159    -0.987    -0.004
 2     0.986     0.159     0.037
 2    -0.036    -0.010     0.999
 3   122.597    -1.440     3.912
 3     0.342     0.024    -0.939
 3    -0.186     0.982    -0.042
 3     0.921     0.189     0.340
 4   106.331   -17.675    -6.245
 4     0.517     0.626     0.584
 4    -0.835     0.517     0.185
 4    -0.187    -0.584     0.790
 5   114.404   -23.268    16.942
 5     0.483     0.355     0.800
 5    -0.369    -0.746     0.555
 5     0.794    -0.563    -0.229
 6   129.657   -27.026    36.965
 6     0.569     0.792    -0.222
 6    -0.054     0.304     0.951
 6     0.821    -0.529     0.216
 7   108.198    15.106    -4.850
 7     0.545    -0.640     0.542
 7     0.835     0.362    -0.413
 7     0.067     0.678     0.732
 8   112.795    19.095    20.741
 8     0.483    -0.343     0.805
 8     0.259    -0.823    -0.506
 8     0.836     0.453    -0.309
 9   130.468    23.059    37.545
 9     0.759    -0.640    -0.118
 9     0.041     0.228    -0.973
 9     0.649     0.734     0.199
 2    96.646   -18.456    60.044
 2     0.159    -0.987    -0.004
 2     0.986     0.159     0.037
 2    -0.037    -0.010     0.999
 3   122.546    -1.439     3.809
 3     0.343     0.022    -0.939
 3    -0.186     0.981    -0.045
 3     0.921     0.190     0.340
 4   106.296   -17.611    -6.317
 4     0.519     0.612     0.597
 4    -0.830     0.528     0.180
 4    -0.205    -0.589     0.782
 5   114.458   -23.825    16.440
 5     0.481     0.353     0.802
 5    -0.392    -0.732     0.557
 5     0.784    -0.582    -0.214
 6   129.805   -27.981    36.220
 6     0.572     0.787    -0.231
 6    -0.073     0.329     0.941
 6     0.817    -0.522     0.246
 7   108.040    14.995    -4.918
 7     0.539    -0.636     0.551
 7     0.840     0.365    -0.401
 7     0.054     0.680     0.731
 8   112.504    19.706    20.445
 8     0.477    -0.282     0.832
 8     0.314    -0.830    -0.461
 8     0.820     0.481    -0.308
 9   130.227    25.042    36.771
 9     0.768    -0.637    -0.064
 9     0.098     0.216    -0.971
 9     0.632     0.740     0.229
 2    96.646   -18.456    60.044
 2     0.159    -0.987    -0.004
 2     0.986     0.159     0.037
 2    -0.037    -0.010     0.999
 3   122.585    -1.496     3.750
 3     0.345     0.026    -0.938
 3    -0.190     0.981    -0.043
 3     0.919     0.192     0.343
 4   105.924   -17.509    -6.559
 4     0.507     0.599     0.619
 4    -0.830     0.532     0.164
 4    -0.231    -0.598     0.768
 5   114.226   -24.937    15.745
 5     0.473     0.329     0.817
 5    -0.439    -0.715     0.543
 5     0.763    -0.616    -0.194
 6   129.672   -30.275    35.178
 6     0.570     0.793    -0.215
 6    -0.125     0.342     0.931
 6     0.812    -0.504     0.294
 7   107.854    14.855    -5.107
 7     0.539    -0.629     0.560
 7     0.841     0.371    -0.393
 7     0.039     0.683     0.729
 8   112.062    20.604    20.080
 8     0.452    -0.214     0.866
 8     0.385    -0.829    -0.406
 8     0.804     0.517    -0.292
 9   129.282    28.142    35.962
 9     0.753    -0.658     0.002
 9     0.183     0.206    -0.961
 9     0.632     0.724     0.275
 2    96.646   -18.456    60.044
 2     0.159    -0.987    -0.004
 2     0.986     0.158     0.037
 2    -0.037    -0.010     0.999
 3   122.629    -1.740     3.384
 3     0.351     0.040    -0.935
 3    -0.202     0.979    -0.034
 3     0.914     0.201     0.352
 4   105.719   -17.425    -6.708
 4     0.498     0.595     0.630
 4    -0.831     0.535     0.151
 4    -0.247    -0.599     0.761
 5   113.804   -25.788    15.100
 5     0.452     0.316     0.834
 5    -0.480    -0.703     0.526
 5     0.752    -0.638    -0.166
 6   128.960   -32.362    34.332
 6     0.555     0.805    -0.208
 6    -0.174     0.357     0.917
 6     0.813    -0.473     0.338
 7   107.609    14.714    -5.189
 7     0.535    -0.619     0.575
 7     0.844     0.375    -0.382
 7     0.021     0.690     0.723
 8   111.129    21.811    19.568
 8     0.427    -0.159     0.890
 8     0.462    -0.807    -0.367
 8     0.777     0.568    -0.272
 9   128.116    31.310    34.722
 9     0.750    -0.659     0.053
 9     0.261     0.222    -0.939
 9     0.607     0.718     0.338
 2    96.648   -18.456    60.041
 2     0.159    -0.987    -0.004
 2     0.986     0.159     0.037
 2    -0.036    -0.010     0.999
 3   122.526    -1.826     3.246
 3     0.361     0.049    -0.931
 3    -0.209     0.977    -0.029
 3     0.909     0.205     0.363
 4   105.474   -17.388    -6.897
 4     0.486     0.596     0.639
 4    -0.835     0.533     0.138
 4    -0.258    -0.601     0.757
 5   113.099   -26.534    14.608
 5     0.424     0.309     0.851
 5    -0.513    -0.693     0.507
 5     0.746    -0.652    -0.135
 6   127.966   -34.212    33.703
 6     0.531     0.817    -0.222
 6    -0.213     0.382     0.899
 6     0.820    -0.431     0.377
 7   107.395    14.524    -5.229
 7     0.533    -0.608     0.589
 7     0.846     0.378    -0.376
 7     0.006     0.698     0.715
 8   110.219    22.957    19.008
 8     0.395    -0.103     0.913
 8     0.542    -0.776    -0.322
 8     0.742     0.622    -0.251
 9   126.911    34.321    33.115
 9     0.742    -0.662     0.107
 9     0.341     0.235    -0.910
 9     0.577     0.712     0.400
 2    96.648   -18.456    60.041
 2     0.159    -0.987    -0.004
 2     0.986     0.159     0.037
 2    -0.036    -0.010     0.999
 3   122.555    -2.013     3.150
 3     0.367     0.059    -0.928
 3    -0.215     0.976    -0.023
 3     0.905     0.208     0.371
 4   105.256   -17.378    -6.986
 4     0.471     0.600     0.645
 4    -0.840     0.528     0.122
 4    -0.268    -0.600     0.754
 5   112.456   -27.228    14.175
 5     0.403     0.284     0.870
 5    -0.548    -0.686     0.478
 5     0.733    -0.670    -0.121
 6   127.019   -35.992    33.041
 6     0.520     0.831    -0.198
 6    -0.252     0.371     0.894
 6     0.816    -0.415     0.402
 7   107.379    14.390    -5.313
 7     0.535    -0.602     0.592
 7     0.844     0.382    -0.375
 7    -0.001     0.701     0.713
 8   109.364    23.904    18.373
 8     0.354    -0.038     0.934
 8     0.612    -0.746    -0.262
 8     0.707     0.664    -0.241
 9   125.551    37.027    31.603
 9     0.726    -0.667     0.167
 9     0.418     0.235    -0.877
 9     0.546     0.706     0.450
 2    96.646   -18.456    59.993
 2     0.159    -0.987    -0.004
 2     0.986     0.158     0.037
 2    -0.037    -0.010     0.999
 3   122.628    -2.145     3.010
 3     0.366     0.074    -0.928
 3    -0.219     0.976    -0.009
 3     0.904     0.206     0.373
 4   105.203   -17.411    -7.123
 4     0.459     0.606     0.650
 4    -0.846     0.521     0.112
 4    -0.271    -0.601     0.752
 5   112.045   -27.654    13.995
 5     0.382     0.271     0.883
 5    -0.567    -0.686     0.456
 5     0.730    -0.675    -0.108
 6   126.391   -36.998    32.841
 6     0.509     0.840    -0.184
 6    -0.274     0.361     0.891
 6     0.816    -0.404     0.414
 7   107.425    14.148    -5.502
 7     0.540    -0.594     0.596
 7     0.841     0.394    -0.370
 7    -0.015     0.701     0.713
 8   108.651    24.416    17.876
 8     0.320     0.013     0.947
 8     0.666    -0.714    -0.216
 8     0.673     0.700    -0.237
 9   124.364    39.211    29.968
 9     0.716    -0.661     0.224
 9     0.484     0.237    -0.842
 9     0.504     0.711     0.490
 2    96.646   -18.456    59.993
 2     0.159    -0.987    -0.004
 2     0.986     0.158     0.037
 2    -0.037    -0.010     0.999
 3   122.686    -2.244     2.979
 3     0.365     0.079    -0.927
 3    -0.218     0.976    -0.003
 3     0.905     0.203     0.374
 4   105.206   -17.513    -7.073
 4     0.456     0.607     0.650
 4    -0.848     0.518     0.110
 4    -0.270    -0.602     0.752
 5   111.860   -27.970    13.959
 5     0.370     0.268     0.889
 5    -0.577    -0.684     0.446
 5     0.728    -0.678    -0.098
 6   125.911   -37.670    32.663
 6     0.500     0.848    -0.178
 6    -0.290     0.357     0.887
 6     0.816    -0.392     0.424
 7   107.463    13.989    -5.562
 7     0.543    -0.590     0.598
 7     0.839     0.399    -0.369
 7    -0.021     0.702     0.712
 8   108.331    24.854    17.413
 8     0.289     0.086     0.953
 8     0.715    -0.682    -0.156
 8     0.637     0.726    -0.259
 9   123.452    41.210    28.402
 9     0.703    -0.648     0.291
 9     0.547     0.232    -0.804
 9     0.453     0.725     0.518
 2    96.646   -18.456    60.044
 2     0.159    -0.987    -0.004
 2     0.986     0.158     0.037
 2    -0.037    -0.010     0.999
 3   122.686    -2.322     2.980
 3     0.365     0.083    -0.927
 3    -0.220     0.975     0.001
 3     0.905     0.203     0.374
 4   105.195   -17.469    -7.107
 4     0.451     0.610     0.651
 4    -0.849     0.518     0.102
 4    -0.275    -0.599     0.752
 5   111.614   -28.162    13.661
 5     0.362     0.264     0.894
 5    -0.589    -0.678     0.439
 5     0.722    -0.686    -0.090
 6   125.605   -38.110    32.390
 6     0.495     0.852    -0.172
 6    -0.301     0.353     0.886
 6     0.815    -0.387     0.431
 7   107.524    13.907    -5.598
 7     0.548    -0.582     0.600
 7     0.836     0.405    -0.371
 7    -0.027     0.705     0.708
 8   108.073    25.484    17.058
 8     0.273     0.126     0.953
 8     0.751    -0.647    -0.130
 8     0.600     0.752    -0.272
 9   123.061    42.796    26.760
 9     0.702    -0.633     0.326
 9     0.587     0.255    -0.769
 9     0.403     0.731     0.550
 2    96.648   -18.456    59.990
 2     0.159    -0.987    -0.004
 2     0.986     0.159     0.037
 2    -0.036    -0.010     0.999
 3   122.680    -2.327     3.013
 3     0.364     0.085    -0.927
 3    -0.224     0.974     0.002
 3     0.904     0.207     0.374
 4   105.173   -17.351    -7.207
 4     0.450     0.611     0.651
 4    -0.847     0.524     0.093
 4    -0.284    -0.594     0.753
 5   111.670   -28.409    13.363
 5     0.360     0.263     0.895
 5    -0.605    -0.664     0.439
 5     0.710    -0.700    -0.080
 6   125.572   -39.045    31.689
 6     0.496     0.858    -0.134
 6    -0.325     0.326     0.887
 6     0.805    -0.397     0.441
 7   107.515    13.903    -5.588
 7     0.549    -0.578     0.603
 7     0.835     0.406    -0.371
 7    -0.031     0.707     0.706
 8   107.953    26.088    16.689
 8     0.266     0.159     0.950
 8     0.781    -0.614    -0.116
 8     0.565     0.773    -0.288
 9   122.706    44.052    25.130
 9     0.701    -0.616     0.358
 9     0.618     0.275    -0.737
 9     0.355     0.738     0.573
 2    96.646   -18.456    59.993
 2     0.159    -0.987    -0.004
 2     0.986     0.159     0.037
 2    -0.037    -0.010     0.999
 3   122.717    -2.333     2.950
 3     0.365     0.087    -0.927
 3    -0.229     0.973     0.001
 3     0.902     0.212     0.375
 4   105.140   -17.137    -7.288
 4     0.447     0.608     0.656
 4    -0.843     0.531     0.082
 4    -0.299    -0.590     0.750
 5   111.571   -28.656    12.940
 5     0.359     0.267     0.894
 5    -0.620    -0.647     0.443
 5     0.697    -0.714    -0.066
 6   125.399   -39.644    31.182
 6     0.493     0.860    -0.130
 6    -0.341     0.328     0.881
 6     0.800    -0.391     0.454
 7   107.464    13.793    -5.640
 7     0.547    -0.570     0.612
 7     0.836     0.408    -0.367
 7    -0.041     0.712     0.700
 8   107.701    26.764    16.180
 8     0.256     0.188     0.948
 8     0.811    -0.576    -0.105
 8     0.526     0.796    -0.301
 9   122.334    45.601    22.950
 9     0.703    -0.601     0.381
 9     0.646     0.316    -0.694
 9     0.297     0.734     0.610
 2    96.646   -18.456    60.044
 2     0.159    -0.987    -0.004
 2     0.986     0.159     0.037
 2    -0.037    -0.010     0.999
 3   122.764    -2.346     2.861
 3     0.372     0.096    -0.923
 3    -0.240     0.971     0.004
 3     0.897     0.219     0.384
 4   105.050   -16.901    -7.510
 4     0.442     0.605     0.662
 4    -0.839     0.540     0.067
 4    -0.317    -0.585     0.746
 5   111.408   -29.139    12.214
 5     0.355     0.262     0.897
 5    -0.643    -0.628     0.438
 5     0.678    -0.733    -0.055
 6   125.124   -40.815    30.172
 6     0.489     0.864    -0.118
 6    -0.372     0.328     0.868
 6     0.789    -0.381     0.482
 7   107.251    13.705    -5.755
 7     0.543    -0.562     0.623
 7     0.837     0.412    -0.359
 7    -0.056     0.717     0.695
 8   107.322    27.532    15.392
 8     0.245     0.221     0.944
 8     0.844    -0.528    -0.096
 8     0.477     0.820    -0.316
 9   121.787    46.756    21.086
 9     0.698    -0.590     0.407
 9     0.672     0.341    -0.658
 9     0.249     0.732     0.634
 2    96.646   -18.456    60.044
 2     0.159    -0.987    -0.004
 2     0.986     0.158     0.037
 2    -0.037    -0.010     0.999
 3   122.842    -2.355     2.789
 3     0.377     0.104    -0.920
 3    -0.247     0.969     0.009
 3     0.893     0.224     0.391
 4   105.065   -16.687    -7.639
 4     0.441     0.600     0.667
 4    -0.833     0.549     0.057
 4    -0.333    -0.582     0.742
 5   111.567   -29.518    11.641
 5     0.356     0.260     0.897
 5    -0.663    -0.606     0.439
 5     0.658    -0.751    -0.044
 6   125.335   -41.732    28.950
 6     0.492     0.862    -0.116
 6    -0.398     0.342     0.851
 6     0.774    -0.373     0.511
 7   107.184    13.648    -5.737
 7     0.543    -0.558     0.628
 7     0.837     0.415    -0.355
 7    -0.063     0.718     0.692
 8   107.234    28.109    14.891
 8     0.236     0.247     0.940
 8     0.866    -0.492    -0.089
 8     0.440     0.835    -0.330
 9   121.254    48.031    19.600
 9     0.680    -0.594     0.428
 9     0.699     0.352    -0.623
 9     0.219     0.723     0.655
 2    96.646   -18.456    59.993
 2     0.159    -0.987    -0.004
 2     0.986     0.158     0.037
 2    -0.037    -0.010     0.999
 3   122.878    -2.363     2.736
 3     0.379     0.116    -0.918
 3    -0.252     0.967     0.018
 3     0.890     0.225     0.395
 4   105.075   -16.474    -7.808
 4     0.440     0.589     0.677
 4    -0.826     0.561     0.048
 4    -0.352    -0.581     0.734
 5   111.847   -29.841    11.020
 5     0.366     0.259     0.893
 5    -0.679    -0.582     0.447
 5     0.636    -0.771    -0.038
 6   125.787   -42.673    27.637
 6     0.499     0.859    -0.115
 6    -0.423     0.357     0.833
 6     0.756    -0.368     0.541
 7   107.243    13.691    -5.744
 7     0.546    -0.551     0.631
 7     0.834     0.420    -0.356
 7    -0.070     0.721     0.689
 8   107.360    28.665    14.426
 8     0.231     0.271     0.934
 8     0.883    -0.461    -0.085
 8     0.407     0.845    -0.346
 9   120.905    48.951    18.336
 9     0.666    -0.597     0.447
 9     0.721     0.361    -0.592
 9     0.191     0.716     0.671
 2    96.646   -18.456    59.993
 2     0.159    -0.987    -0.004
 2     0.986     0.158     0.037
 2    -0.037    -0.010     0.999
 3   122.881    -2.370     2.741
 3     0.376     0.131    -0.917
 3    -0.259     0.965     0.032
 3     0.890     0.225     0.397
 4   105.039   -16.311    -7.876
 4     0.438     0.577     0.689
 4    -0.819     0.572     0.042
 4    -0.370    -0.583     0.724
 5   112.048   -30.321    10.538
 5     0.372     0.248     0.894
 5    -0.698    -0.560     0.446
 5     0.611    -0.790    -0.035
 6   126.177   -43.406    26.830
 6     0.506     0.857    -0.098
 6    -0.444     0.355     0.822
 6     0.739    -0.373     0.560
 7   107.334    13.634    -5.731
 7     0.552    -0.544     0.632
 7     0.830     0.427    -0.359
 7    -0.075     0.723     0.687
 8   107.471    29.118    13.966
 8     0.222     0.308     0.925
 8     0.902    -0.424    -0.076
 8     0.369     0.851    -0.372
 9   120.430    49.958    16.685
 9     0.651    -0.585     0.483
 9     0.745     0.372    -0.553
 9     0.144     0.720     0.678
 2    96.646   -18.456    59.993
 2     0.159    -0.987    -0.004
 2     0.986     0.158     0.037
 2    -0.037    -0.010     0.999
 3   122.827    -2.379     2.751
 3     0.371     0.143    -0.917
 3    -0.266     0.963     0.043
 3     0.889     0.228     0.396
 4   105.010   -16.094    -7.911
 4     0.437     0.571     0.694
 4    -0.814     0.580     0.035
 4    -0.383    -0.580     0.718
 5   112.165   -30.647     9.899
 5     0.370     0.252     0.894
 5    -0.714    -0.537     0.448
 5     0.593    -0.805    -0.019
 6   126.246   -44.320    25.750
 6     0.504     0.859    -0.092
 6    -0.469     0.361     0.806
 6     0.725    -0.363     0.585
 7   107.375    13.630    -5.720
 7     0.554    -0.541     0.633
 7     0.829     0.429    -0.358
 7    -0.079     0.723     0.686
 8   107.457    29.671    13.484
 8     0.211     0.339     0.917
 8     0.920    -0.386    -0.069
 8     0.330     0.858    -0.394
 9   119.885    50.939    15.082
 9     0.635    -0.575     0.516
 9     0.766     0.384    -0.515
 9     0.098     0.722     0.685
 2    96.648   -18.456    59.990
 2     0.159    -0.987    -0.004
 2     0.986     0.159     0.037
 2    -0.036    -0.010     0.999
 3   122.876    -2.382     2.751
 3     0.370     0.146    -0.917
 3    -0.270     0.962     0.044
 3     0.889     0.231     0.396
 4   105.224   -15.928    -8.100
 4     0.439     0.568     0.696
 4    -0.806     0.591     0.026
 4    -0.397    -0.572     0.718
 5   112.200   -30.844     9.416
 5     0.362     0.256     0.896
 5    -0.729    -0.522     0.443
 5     0.581    -0.813    -0.002
 6   125.988   -45.003    25.050
 6     0.493     0.866    -0.087
 6    -0.492     0.359     0.793
 6     0.717    -0.348     0.603
 7   107.362    13.678    -5.686
 7     0.549    -0.538     0.639
 7     0.831     0.428    -0.354
 7    -0.083     0.726     0.682
 8   107.407    30.056    13.144
 8     0.205     0.359     0.910
 8     0.930    -0.361    -0.068
 8     0.304     0.861    -0.408
 9   119.569    51.545    13.883
 9     0.627    -0.564     0.538
 9     0.777     0.397    -0.489
 9     0.062     0.724     0.687
 2    96.648   -18.456    59.990
 2     0.159    -0.987    -0.004
 2     0.986     0.159     0.037
 2    -0.036    -0.010     0.999
 3   123.032    -2.263     2.719
 3     0.372     0.144    -0.917
 3    -0.277     0.960     0.039
 3     0.886     0.239     0.397
 4   105.332   -15.704    -8.212
 4     0.443     0.566     0.695
 4    -0.801     0.598     0.023
 4    -0.403    -0.567     0.719
 5   112.313   -30.746     9.253
 5     0.363     0.259     0.895
 5    -0.731    -0.516     0.446
 5     0.577    -0.816     0.001
 6   126.203   -45.057    24.707
 6     0.494     0.865    -0.086
 6    -0.495     0.362     0.790
 6     0.714    -0.348     0.607
 7   107.377    13.753    -5.705
 7     0.545    -0.537     0.643
 7     0.834     0.426    -0.351
 7    -0.086     0.728     0.680
 8   107.521    30.348    12.881
 8     0.200     0.388     0.900
 8     0.938    -0.342    -0.061
 8     0.284     0.856    -0.432
 9   119.317    52.006    12.966
 9     0.615    -0.553     0.561
 9     0.787     0.402    -0.468
 9     0.033     0.729     0.683
 2    96.648   -18.456    59.990
 2     0.159    -0.987    -0.004
 2     0.986     0.159     0.037
 2    -0.036    -0.010     0.999
 3   123.094    -2.192     2.681
 3     0.372     0.144    -0.917
 3    -0.281     0.959     0.036
 3     0.884     0.244     0.397
 4   105.414   -15.506    -8.395
 4     0.445     0.563     0.696
 4    -0.796     0.605     0.020
 4    -0.410    -0.563     0.717
 5   112.604   -30.628     8.810
 5     0.369     0.261     0.892
 5    -0.737    -0.502     0.452
 5     0.566    -0.824     0.008
 6   126.565   -45.119    23.959
 6     0.501     0.860    -0.094
 6    -0.502     0.378     0.777
 6     0.704    -0.343     0.622
 7   107.358    13.798    -5.785
 7     0.542    -0.535     0.648
 7     0.835     0.429    -0.344
 7    -0.094     0.727     0.679
 8   107.538    30.566    12.634
 8     0.197     0.393     0.898
