% Calibrated with leiden_pols
% Positions are in centimeters
Data =[
 2    96.698   -18.455    59.990
 2     0.159    -0.987    -0.003
 2     0.986     0.158     0.037
 2    -0.036    -0.009     0.999
 3   122.744    -0.737     4.000
 3     0.373     0.002    -0.928
 3    -0.184     0.980    -0.072
 3     0.909     0.197     0.366
 4   106.809   -18.540    -4.568
 4     0.535     0.666     0.520
 4    -0.843     0.454     0.287
 4    -0.045    -0.592     0.804
 5   114.812   -21.945    19.893
 5     0.528     0.338     0.779
 5    -0.288    -0.792     0.539
 5     0.799    -0.509    -0.321
 6   133.119   -23.303    37.335
 6     0.746     0.608    -0.270
 6     0.036     0.369     0.929
 6     0.664    -0.703     0.253
 7   108.453    15.719    -4.194
 7     0.552    -0.640     0.534
 7     0.827     0.342    -0.446
 7     0.103     0.688     0.718
 8   114.358    20.298    21.428
 8     0.538    -0.472     0.698
 8     0.216    -0.723    -0.656
 8     0.815     0.504    -0.287
 9   134.157    19.677    36.103
 9     0.814    -0.398    -0.424
 9    -0.138     0.576    -0.806
 9     0.564     0.714     0.414
 2    96.699   -18.455    59.990
 2     0.159    -0.987    -0.004
 2     0.986     0.159     0.037
 2    -0.036    -0.010     0.999
 3   122.694    -0.686     4.050
 3     0.374     0.002    -0.928
 3    -0.184     0.980    -0.072
 3     0.909     0.197     0.366
 4   106.809   -18.489    -4.568
 4     0.536     0.665     0.520
 4    -0.843     0.454     0.288
 4    -0.045    -0.593     0.804
 5   114.804   -21.947    19.903
 5     0.530     0.338     0.777
 5    -0.288    -0.791     0.540
 5     0.797    -0.510    -0.322
 6   133.097   -23.302    37.381
 6     0.746     0.608    -0.271
 6     0.036     0.369     0.928
 6     0.665    -0.703     0.254
 7   108.353    15.719    -4.245
 7     0.552    -0.640     0.534
 7     0.827     0.340    -0.446
 7     0.103     0.688     0.718
 8   114.353    20.297    21.432
 8     0.538    -0.472     0.698
 8     0.216    -0.724    -0.656
 8     0.814     0.503    -0.288
 9   134.157    19.677    36.154
 9     0.814    -0.398    -0.423
 9    -0.138     0.575    -0.806
 9     0.564     0.714     0.413
 2    96.698   -18.455    59.990
 2     0.159    -0.987    -0.004
 2     0.986     0.158     0.037
 2    -0.036    -0.009     0.999
 3   122.694    -0.686     4.127
 3     0.373     0.001    -0.928
 3    -0.184     0.980    -0.072
 3     0.909     0.197     0.366
 4   106.809   -18.489    -4.568
 4     0.535     0.665     0.520
 4    -0.843     0.454     0.287
 4    -0.045    -0.593     0.804
 5   114.804   -21.947    19.903
 5     0.531     0.339     0.777
 5    -0.288    -0.790     0.541
 5     0.797    -0.511    -0.322
 6   133.097   -23.251    37.330
 6     0.746     0.608    -0.272
 6     0.036     0.370     0.928
 6     0.665    -0.702     0.254
 7   108.354    15.720    -4.198
 7     0.551    -0.640     0.535
 7     0.828     0.339    -0.447
 7     0.104     0.689     0.717
 8   114.353    20.296    21.432
 8     0.539    -0.471     0.698
 8     0.215    -0.724    -0.655
 8     0.814     0.503    -0.289
 9   134.154    19.676    36.157
 9     0.814    -0.398    -0.422
 9    -0.138     0.574    -0.807
 9     0.563     0.715     0.413
 2    96.698   -18.455    59.990
 2     0.159    -0.987    -0.004
 2     0.986     0.158     0.037
 2    -0.036    -0.009     0.999
 3   122.643    -0.737     4.075
 3     0.373     0.001    -0.928
 3    -0.184     0.980    -0.072
 3     0.909     0.198     0.366
 4   106.807   -18.490    -4.616
 4     0.536     0.664     0.521
 4    -0.843     0.454     0.287
 4    -0.046    -0.593     0.804
 5   114.854   -21.947    19.903
 5     0.531     0.339     0.776
 5    -0.288    -0.790     0.542
 5     0.797    -0.511    -0.322
 6   133.096   -23.200    37.330
 6     0.746     0.608    -0.273
 6     0.037     0.371     0.927
 6     0.665    -0.702     0.255
 7   108.356    15.747    -4.201
 7     0.551    -0.641     0.535
 7     0.828     0.338    -0.447
 7     0.105     0.689     0.716
 8   114.353    20.296    21.457
 8     0.539    -0.471     0.698
 8     0.215    -0.724    -0.655
 8     0.814     0.503    -0.289
 9   134.101    19.676    36.109
 9     0.815    -0.398    -0.421
 9    -0.137     0.573    -0.807
 9     0.562     0.716     0.413
 2    96.648   -18.456    59.990
 2     0.159    -0.987    -0.004
 2     0.986     0.159     0.037
 2    -0.036    -0.010     0.999
 3   122.693    -0.686     4.126
 3     0.374     0.000    -0.927
 3    -0.184     0.980    -0.074
 3     0.909     0.198     0.366
 4   106.808   -18.490    -4.615
 4     0.535     0.664     0.521
 4    -0.843     0.454     0.287
 4    -0.046    -0.594     0.803
 5   114.853   -21.947    19.903
 5     0.531     0.339     0.776
 5    -0.288    -0.789     0.542
 5     0.797    -0.512    -0.322
 6   133.124   -23.250    37.326
 6     0.745     0.608    -0.273
 6     0.036     0.372     0.927
 6     0.666    -0.701     0.255
 7   108.356    15.747    -4.201
 7     0.550    -0.641     0.535
 7     0.828     0.338    -0.447
 7     0.105     0.690     0.716
 8   114.328    20.296    21.457
 8     0.539    -0.471     0.698
 8     0.215    -0.724    -0.655
 8     0.814     0.503    -0.289
 9   134.103    19.676    36.156
 9     0.815    -0.398    -0.421
 9    -0.138     0.573    -0.808
 9     0.563     0.716     0.412
 2    96.648   -18.456    59.990
 2     0.159    -0.987    -0.004
 2     0.986     0.159     0.037
 2    -0.036    -0.009     0.999
 3   122.642    -0.686     4.125
 3     0.373    -0.001    -0.928
 3    -0.184     0.980    -0.075
 3     0.909     0.199     0.365
 4   106.806   -18.491    -4.612
 4     0.535     0.664     0.522
 4    -0.844     0.454     0.286
 4    -0.047    -0.594     0.803
 5   114.899   -21.947    19.908
 5     0.533     0.340     0.775
 5    -0.287    -0.789     0.544
 5     0.796    -0.512    -0.323
 6   133.102   -23.197    37.316
 6     0.742     0.608    -0.280
 6     0.039     0.378     0.925
 6     0.668    -0.698     0.257
 7   108.358    15.748    -4.179
 7     0.550    -0.640     0.536
 7     0.828     0.337    -0.448
 7     0.106     0.690     0.716
 8   114.324    20.294    21.462
 8     0.540    -0.471     0.698
 8     0.215    -0.724    -0.655
 8     0.813     0.504    -0.290
 9   134.101    19.624    36.109
 9     0.815    -0.397    -0.422
 9    -0.139     0.573    -0.807
 9     0.562     0.716     0.412
 2    96.648   -18.456    59.990
 2     0.159    -0.987    -0.004
 2     0.986     0.159     0.037
 2    -0.036    -0.010     0.999
 3   122.643    -0.687     4.075
 3     0.373    -0.000    -0.928
 3    -0.185     0.980    -0.074
 3     0.909     0.199     0.365
 4   106.794   -18.496    -4.644
 4     0.534     0.661     0.527
 4    -0.844     0.455     0.283
 4    -0.053    -0.596     0.801
 5   115.103   -21.974    19.755
 5     0.541     0.342     0.768
 5    -0.286    -0.784     0.551
 5     0.791    -0.518    -0.326
 6   133.194   -23.114    37.234
 6     0.736     0.609    -0.294
 6     0.043     0.391     0.919
 6     0.675    -0.690     0.261
 7   108.280    15.747    -4.177
 7     0.550    -0.640     0.537
 7     0.828     0.337    -0.448
 7     0.105     0.691     0.715
 8   114.323    20.294    21.436
 8     0.541    -0.470     0.697
 8     0.215    -0.724    -0.655
 8     0.813     0.504    -0.291
 9   134.150    19.675    36.109
 9     0.815    -0.397    -0.422
 9    -0.138     0.573    -0.807
 9     0.562     0.716     0.412
 2    96.648   -18.456    59.990
 2     0.159    -0.987    -0.004
 2     0.986     0.159     0.037
 2    -0.036    -0.010     0.999
 3   122.593    -0.687     4.075
 3     0.373    -0.000    -0.928
 3    -0.185     0.980    -0.074
 3     0.909     0.199     0.366
 4   106.791   -18.498    -4.688
 4     0.533     0.660     0.528
 4    -0.844     0.456     0.282
 4    -0.055    -0.597     0.800
 5   115.099   -22.026    19.710
 5     0.542     0.342     0.768
 5    -0.287    -0.784     0.551
 5     0.790    -0.519    -0.326
 6   133.196   -23.139    37.229
 6     0.735     0.610    -0.295
 6     0.043     0.393     0.918
 6     0.676    -0.688     0.262
 7   108.280    15.747    -4.177
 7     0.550    -0.639     0.537
 7     0.828     0.336    -0.448
 7     0.105     0.691     0.714
 8   114.324    20.294    21.436
 8     0.541    -0.471     0.696
 8     0.214    -0.724    -0.656
 8     0.813     0.504    -0.291
 9   134.151    19.675    36.109
 9     0.815    -0.397    -0.422
 9    -0.139     0.574    -0.807
 9     0.562     0.716     0.412
 2    96.696   -18.456    59.993
 2     0.159    -0.987    -0.004
 2     0.986     0.158     0.037
 2    -0.037    -0.010     0.999
 3   122.643    -0.738     4.125
 3     0.373     0.001    -0.928
 3    -0.185     0.980    -0.073
 3     0.909     0.199     0.365
 4   106.789   -18.498    -4.685
 4     0.533     0.659     0.529
 4    -0.844     0.457     0.281
 4    -0.056    -0.597     0.800
 5   115.121   -22.027    19.689
 5     0.543     0.343     0.766
 5    -0.287    -0.782     0.553
 5     0.789    -0.520    -0.327
 6   133.300   -23.112    37.195
 6     0.734     0.609    -0.299
 6     0.043     0.397     0.916
 6     0.678    -0.686     0.265
 7   108.280    15.747    -4.177
 7     0.550    -0.639     0.538
 7     0.828     0.336    -0.448
 7     0.105     0.692     0.714
 8   114.323    20.319    21.435
 8     0.542    -0.471     0.696
 8     0.214    -0.724    -0.656
 8     0.813     0.504    -0.292
 9   134.151    19.675    36.109
 9     0.815    -0.397    -0.422
 9    -0.139     0.573    -0.807
 9     0.562     0.716     0.412
 2    96.648   -18.456    60.041
 2     0.159    -0.987    -0.004
 2     0.986     0.158     0.037
 2    -0.036    -0.010     0.999
 3   122.643    -0.687     4.075
 3     0.373     0.001    -0.928
 3    -0.185     0.980    -0.073
 3     0.909     0.199     0.366
 4   106.787   -18.499    -4.707
 4     0.533     0.659     0.530
 4    -0.844     0.457     0.280
 4    -0.057    -0.597     0.800
 5   115.170   -22.027    19.715
 5     0.543     0.344     0.766
 5    -0.287    -0.781     0.554
 5     0.789    -0.521    -0.326
 6   133.301   -23.187    37.190
 6     0.733     0.610    -0.302
 6     0.044     0.400     0.915
 6     0.679    -0.684     0.267
 7   108.329    15.747    -4.203
 7     0.550    -0.638     0.539
 7     0.828     0.335    -0.449
 7     0.105     0.693     0.713
 8   114.349    20.319    21.436
 8     0.542    -0.471     0.696
 8     0.213    -0.724    -0.656
 8     0.813     0.504    -0.292
 9   134.154    19.625    36.106
 9     0.814    -0.397    -0.423
 9    -0.140     0.574    -0.807
 9     0.563     0.716     0.412
 2    96.646   -18.456    59.993
 2     0.159    -0.987    -0.004
 2     0.986     0.158     0.037
 2    -0.037    -0.010     0.999
 3   122.587    -0.688     4.057
 3     0.374     0.001    -0.927
 3    -0.185     0.980    -0.074
 3     0.908     0.199     0.367
 4   106.731   -18.501    -4.698
 4     0.534     0.657     0.532
 4    -0.844     0.458     0.280
 4    -0.060    -0.598     0.799
 5   115.211   -22.029    19.649
 5     0.545     0.344     0.764
 5    -0.288    -0.780     0.556
 5     0.787    -0.523    -0.326
 6   133.328   -23.136    37.134
 6     0.731     0.610    -0.305
 6     0.044     0.404     0.913
 6     0.680    -0.682     0.269
 7   108.330    15.799    -4.182
 7     0.549    -0.637     0.540
 7     0.829     0.333    -0.449
 7     0.106     0.694     0.711
 8   114.349    20.319    21.461
 8     0.542    -0.471     0.696
 8     0.213    -0.724    -0.656
 8     0.813     0.504    -0.292
 9   134.179    19.625    36.081
 9     0.814    -0.396    -0.424
 9    -0.140     0.574    -0.807
 9     0.563     0.716     0.412
 2    96.698   -18.455    59.990
 2     0.159    -0.987    -0.004
 2     0.986     0.159     0.037
 2    -0.036    -0.009     0.999
 3   122.637    -0.688     4.057
 3     0.375    -0.000    -0.927
 3    -0.185     0.980    -0.075
 3     0.908     0.199     0.367
 4   106.799   -18.503    -4.740
 4     0.534     0.656     0.533
 4    -0.843     0.460     0.278
 4    -0.063    -0.598     0.799
 5   115.256   -22.081    19.603
 5     0.546     0.346     0.763
 5    -0.288    -0.778     0.558
 5     0.786    -0.525    -0.325
 6   133.482   -23.133    36.992
 6     0.728     0.607    -0.317
 6     0.046     0.418     0.907
 6     0.683    -0.676     0.276
 7   108.354    15.850    -4.208
 7     0.549    -0.637     0.541
 7     0.829     0.333    -0.450
 7     0.106     0.695     0.710
 8   114.348    20.319    21.435
 8     0.542    -0.471     0.695
 8     0.213    -0.724    -0.656
 8     0.813     0.504    -0.293
 9   134.182    19.625    36.078
 9     0.814    -0.396    -0.425
 9    -0.141     0.575    -0.806
 9     0.564     0.715     0.412
 2    96.646   -18.456    59.993
 2     0.159    -0.987    -0.004
 2     0.986     0.158     0.037
 2    -0.037    -0.010     0.999
 3   122.588    -0.687     4.057
 3     0.375    -0.001    -0.927
 3    -0.184     0.980    -0.075
 3     0.908     0.198     0.368
 4   106.769   -18.505    -4.781
 4     0.534     0.654     0.536
 4    -0.843     0.461     0.277
 4    -0.066    -0.600     0.797
 5   115.368   -22.160    19.542
 5     0.550     0.348     0.759
 5    -0.289    -0.774     0.564
 5     0.783    -0.529    -0.325
 6   133.562   -23.181    36.870
 6     0.724     0.604    -0.331
 6     0.048     0.435     0.899
 6     0.687    -0.668     0.286
 7   108.352    15.798    -4.206
 7     0.550    -0.635     0.542
 7     0.828     0.333    -0.450
 7     0.105     0.697     0.709
 8   114.394    20.317    21.388
 8     0.543    -0.470     0.696
 8     0.212    -0.725    -0.655
 8     0.812     0.503    -0.294
 9   134.286    19.677    36.025
 9     0.813    -0.396    -0.427
 9    -0.141     0.577    -0.804
 9     0.565     0.714     0.414
 2    96.648   -18.456    59.990
 2     0.159    -0.987    -0.004
 2     0.986     0.158     0.037
 2    -0.036    -0.010     0.999
 3   122.638    -0.685     4.057
 3     0.376    -0.000    -0.927
 3    -0.182     0.980    -0.074
 3     0.908     0.196     0.368
 4   106.703   -18.562    -4.829
 4     0.535     0.645     0.545
 4    -0.841     0.464     0.276
 4    -0.075    -0.607     0.791
 5   115.689   -22.394    19.348
 5     0.559     0.351     0.750
 5    -0.290    -0.766     0.574
 5     0.776    -0.539    -0.327
 6   133.890   -23.048    36.704
 6     0.717     0.591    -0.368
 6     0.055     0.478     0.876
 6     0.694    -0.650     0.310
 7   108.340    15.793    -4.296
 7     0.553    -0.630     0.546
 7     0.827     0.335    -0.451
 7     0.100     0.701     0.706
 8   114.607    20.312    21.276
 8     0.548    -0.470     0.692
 8     0.211    -0.723    -0.658
 8     0.809     0.506    -0.297
 9   134.476    19.628    35.843
 9     0.810    -0.391    -0.436
 9    -0.143     0.589    -0.795
 9     0.568     0.706     0.422
 2    96.648   -18.456    59.990
 2     0.159    -0.987    -0.004
 2     0.986     0.159     0.037
 2    -0.036    -0.010     0.999
 3   122.465    -0.683     4.059
 3     0.378     0.001    -0.926
 3    -0.179     0.981    -0.071
 3     0.908     0.192     0.371
 4   106.630   -18.518    -4.844
 4     0.539     0.635     0.554
 4    -0.838     0.472     0.274
 4    -0.087    -0.612     0.786
 5   115.954   -22.580    18.975
 5     0.568     0.361     0.739
 5    -0.293    -0.750     0.592
 5     0.769    -0.553    -0.321
 6   134.308   -23.275    36.041
 6     0.713     0.573    -0.404
 6     0.058     0.525     0.849
 6     0.698    -0.629     0.341
 7   108.330    15.789    -4.336
 7     0.554    -0.626     0.549
 7     0.827     0.338    -0.450
 7     0.096     0.703     0.704
 8   114.882    20.478    21.131
 8     0.557    -0.470     0.684
 8     0.210    -0.717    -0.664
 8     0.803     0.514    -0.301
 9   134.781    19.676    35.570
 9     0.810    -0.382    -0.445
 9    -0.147     0.602    -0.785
 9     0.568     0.701     0.431
 2    96.648   -18.456    59.990
 2     0.159    -0.987    -0.004
 2     0.986     0.159     0.037
 2    -0.036    -0.010     0.999
 3   122.421    -0.681     4.051
 3     0.377    -0.001    -0.926
 3    -0.178     0.981    -0.073
 3     0.909     0.192     0.370
 4   106.739   -18.358    -5.086
 4     0.551     0.612     0.566
 4    -0.826     0.496     0.267
 4    -0.118    -0.615     0.779
 5   116.516   -23.049    18.266
 5     0.584     0.389     0.712
 5    -0.292    -0.718     0.632
 5     0.757    -0.577    -0.306
 6   134.717   -23.164    35.497
 6     0.701     0.549    -0.454
 6     0.066     0.584     0.809
 6     0.709    -0.598     0.373
 7   108.232    15.780    -4.385
 7     0.555    -0.622     0.553
 7     0.827     0.343    -0.444
 7     0.086     0.704     0.705
 8   115.721    20.995    20.844
 8     0.588    -0.477     0.653
 8     0.209    -0.691    -0.692
 8     0.781     0.543    -0.306
 9   135.759    19.842    34.820
 9     0.810    -0.353    -0.468
 9    -0.161     0.634    -0.756
 9     0.563     0.688     0.457
 2    96.648   -18.456    59.990
 2     0.159    -0.987    -0.004
 2     0.986     0.159     0.037
 2    -0.036    -0.010     0.999
 3   122.422    -0.630     3.987
 3     0.373    -0.013    -0.927
 3    -0.179     0.980    -0.085
 3     0.910     0.198     0.364
 4   106.974   -18.346    -5.435
 4     0.569     0.583     0.580
 4    -0.809     0.523     0.267
 4    -0.148    -0.621     0.769
 5   117.218   -23.237    17.646
 5     0.596     0.410     0.689
 5    -0.292    -0.690     0.663
 5     0.748    -0.597    -0.292
 6   135.682   -23.210    34.572
 6     0.692     0.503    -0.518
 6     0.071     0.666     0.742
 6     0.718    -0.551     0.426
 7   108.142    15.714    -4.465
 7     0.557    -0.613     0.560
 7     0.828     0.353    -0.435
 7     0.069     0.706     0.704
 8   117.113    21.244    20.466
 8     0.629    -0.486     0.606
 8     0.199    -0.653    -0.731
 8     0.751     0.580    -0.314
 9   137.468    19.680    33.790
 9     0.809    -0.318    -0.494
 9    -0.178     0.669    -0.722
 9     0.559     0.672     0.485
 2    96.648   -18.456    60.041
 2     0.159    -0.987    -0.004
 2     0.986     0.159     0.037
 2    -0.036    -0.010     0.999
 3   122.463    -0.684     3.864
 3     0.374    -0.017    -0.927
 3    -0.182     0.979    -0.092
 3     0.909     0.203     0.362
 4   107.104   -18.304    -5.649
 4     0.583     0.553     0.594
 4    -0.794     0.543     0.274
 4    -0.171    -0.632     0.756
 5   117.905   -23.558    16.942
 5     0.609     0.429     0.667
 5    -0.297    -0.656     0.694
 5     0.735    -0.621    -0.272
 6   136.316   -23.616    33.800
 6     0.684     0.448    -0.575
 6     0.065     0.747     0.661
 6     0.726    -0.490     0.482
 7   108.162    15.625    -4.532
 7     0.561    -0.604     0.566
 7     0.826     0.362    -0.432
 7     0.056     0.710     0.702
 8   118.567    21.842    19.838
 8     0.671    -0.495     0.551
 8     0.195    -0.600    -0.776
 8     0.715     0.628    -0.307
 9   139.255    19.640    32.326
 9     0.810    -0.261    -0.525
 9    -0.196     0.723    -0.662
 9     0.552     0.639     0.535
 2    96.646   -18.456    59.993
 2     0.159    -0.987    -0.004
 2     0.986     0.159     0.037
 2    -0.037    -0.010     0.999
 3   122.513    -0.685     3.763
 3     0.373    -0.018    -0.927
 3    -0.183     0.979    -0.093
 3     0.909     0.204     0.362
 4   107.212   -18.364    -5.783
 4     0.593     0.521     0.613
 4    -0.781     0.556     0.283
 4    -0.194    -0.647     0.737
 5   118.591   -24.446    16.274
 5     0.627     0.438     0.644
 5    -0.310    -0.619     0.722
 5     0.714    -0.653    -0.252
 6   137.247   -24.388    32.789
 6     0.691     0.406    -0.598
 6     0.055     0.795     0.604
 6     0.721    -0.451     0.527
 7   107.993    15.481    -4.609
 7     0.564    -0.591     0.577
 7     0.825     0.371    -0.426
 7     0.037     0.716     0.697
 8   119.892    22.363    18.965
 8     0.712    -0.496     0.497
 8     0.193    -0.542    -0.818
 8     0.675     0.678    -0.291
 9   140.745    19.798    30.832
 9     0.816    -0.204    -0.541
 9    -0.211     0.767    -0.606
 9     0.538     0.608     0.583
 2    96.699   -18.455    59.990
 2     0.159    -0.987    -0.004
 2     0.986     0.159     0.037
 2    -0.036    -0.010     0.999
 3   122.513    -0.685     3.712
 3     0.374    -0.017    -0.927
 3    -0.184     0.978    -0.092
 3     0.909     0.205     0.363
 4   107.031   -18.400    -5.895
 4     0.596     0.492     0.634
 4    -0.774     0.562     0.290
 4    -0.214    -0.664     0.716
 5   119.185   -24.900    15.720
 5     0.647     0.425     0.633
 5    -0.323    -0.599     0.732
 5     0.690    -0.679    -0.251
 6   138.196   -24.797    31.389
 6     0.713     0.346    -0.610
 6     0.047     0.843     0.535
 6     0.699    -0.411     0.585
 7   107.852    15.414    -4.667
 7     0.567    -0.578     0.587
 7     0.823     0.380    -0.421
 7     0.020     0.723     0.691
 8   120.909    22.763    18.259
 8     0.750    -0.476     0.459
 8     0.196    -0.504    -0.841
 8     0.632     0.720    -0.285
 9   142.260    19.947    29.052
 9     0.832    -0.150    -0.534
 9    -0.220     0.794    -0.566
 9     0.508     0.589     0.628
 2    96.648   -18.456    59.990
 2     0.159    -0.987    -0.004
 2     0.986     0.159     0.037
 2    -0.036    -0.010     0.999
 3   122.447    -0.818     3.558
 3     0.379    -0.010    -0.925
 3    -0.188     0.978    -0.087
 3     0.906     0.207     0.369
 4   106.970   -18.385    -6.029
 4     0.601     0.460     0.654
 4    -0.764     0.571     0.300
 4    -0.236    -0.680     0.695
 5   119.802   -25.148    15.063
 5     0.670     0.413     0.617
 5    -0.330    -0.579     0.746
 5     0.665    -0.703    -0.251
 6   139.012   -24.786    30.376
 6     0.727     0.318    -0.608
 6     0.048     0.860     0.507
 6     0.684    -0.398     0.611
 7   107.692    15.350    -4.709
 7     0.569    -0.565     0.597
 7     0.822     0.385    -0.418
 7     0.006     0.729     0.684
 8   122.029    23.084    17.386
 8     0.789    -0.437     0.432
 8     0.201    -0.480    -0.854
 8     0.581     0.760    -0.291
 9   143.793    20.037    26.694
 9     0.856    -0.101    -0.507
 9    -0.224     0.812    -0.540
 9     0.466     0.575     0.672
 2    96.648   -18.456    59.990
 2     0.159    -0.987    -0.004
 2     0.986     0.159     0.037
 2    -0.036    -0.010     0.999
 3   122.436    -0.873     3.395
 3     0.383    -0.005    -0.924
 3    -0.191     0.978    -0.085
 3     0.904     0.208     0.373
 4   106.753   -18.171    -6.134
 4     0.604     0.431     0.670
 4    -0.754     0.582     0.305
 4    -0.259    -0.689     0.677
 5   120.489   -25.346    14.414
 5     0.694     0.399     0.599
 5    -0.335    -0.558     0.759
 5     0.637    -0.728    -0.254
 6   140.138   -24.705    29.050
 6     0.746     0.283    -0.603
 6     0.047     0.880     0.471
 6     0.664    -0.381     0.643
 7   107.661    15.338    -4.727
 7     0.572    -0.552     0.606
 7     0.820     0.391    -0.417
 7    -0.007     0.736     0.677
 8   122.896    23.266    16.603
 8     0.818    -0.398     0.416
 8     0.209    -0.468    -0.859
 8     0.536     0.789    -0.300
 9   144.991    20.547    24.903
 9     0.875    -0.079    -0.477
 9    -0.215     0.821    -0.530
 9     0.433     0.566     0.702
 2    96.648   -18.456    59.990
 2     0.159    -0.987    -0.004
 2     0.986     0.159     0.037
 2    -0.036    -0.010     0.999
 3   122.475    -0.930     3.283
 3     0.384     0.001    -0.923
 3    -0.195     0.977    -0.080
 3     0.902     0.211     0.375
 4   106.707   -18.010    -6.262
 4     0.603     0.407     0.685
 4    -0.745     0.594     0.303
 4    -0.283    -0.694     0.662
 5   121.038   -25.416    13.755
 5     0.714     0.381     0.587
 5    -0.341    -0.543     0.767
 5     0.611    -0.748    -0.258
 6   140.866   -25.077    27.850
 6     0.758     0.269    -0.594
 6     0.036     0.891     0.451
 6     0.651    -0.364     0.666
 7   107.626    15.323    -4.764
 7     0.575    -0.542     0.613
 7     0.818     0.400    -0.413
 7    -0.022     0.739     0.673
 8   123.701    23.451    15.830
 8     0.842    -0.360     0.401
 8     0.215    -0.457    -0.863
 8     0.494     0.813    -0.308
 9   146.018    20.879    23.360
 9     0.891    -0.055    -0.449
 9    -0.210     0.829    -0.518
 9     0.401     0.556     0.727
 2    96.648   -18.456    59.990
 2     0.159    -0.987    -0.004
 2     0.986     0.159     0.037
 2    -0.036    -0.010     0.999
 3   122.465    -0.937     3.172
 3     0.386     0.007    -0.922
 3    -0.200     0.977    -0.076
 3     0.900     0.213     0.378
 4   106.471   -17.701    -6.525
 4     0.604     0.378     0.701
 4    -0.732     0.610     0.302
 4    -0.313    -0.696     0.646
 5   121.600   -25.565    12.976
 5     0.736     0.368     0.568
 5    -0.345    -0.518     0.783
 5     0.582    -0.772    -0.255
 6   142.119   -24.801    25.957
 6     0.785     0.209    -0.583
 6     0.046     0.918     0.392
 6     0.617    -0.335     0.711
 7   107.592    15.310    -4.830
 7     0.576    -0.531     0.622
 7     0.816     0.406    -0.410
 7    -0.036     0.744     0.667
 8   124.368    23.504    15.092
 8     0.868    -0.315     0.384
 8     0.218    -0.453    -0.865
 8     0.446     0.834    -0.324
 9   146.964    21.122    21.397
 9     0.911    -0.025    -0.412
 9    -0.209     0.833    -0.512
 9     0.356     0.552     0.753
 2    96.648   -18.456    59.990
 2     0.159    -0.987    -0.004
 2     0.986     0.159     0.037
 2    -0.036    -0.010     0.999
 3   122.459    -0.940     3.078
 3     0.387     0.009    -0.922
 3    -0.203     0.976    -0.075
 3     0.899     0.216     0.380
 4   106.329   -17.590    -6.637
 4     0.604     0.359     0.711
 4    -0.724     0.621     0.301
 4    -0.334    -0.697     0.635
 5   122.034   -25.631    12.290
 5     0.753     0.362     0.549
 5    -0.345    -0.494     0.798
 5     0.561    -0.790    -0.247
 6   142.554   -24.632    24.987
 6     0.792     0.179    -0.583
 6     0.048     0.934     0.353
 6     0.608    -0.308     0.731
 7   107.503    15.244    -4.790
 7     0.579    -0.515     0.632
 7     0.813     0.415    -0.408
 7    -0.052     0.750     0.659
 8   125.166    23.630    14.107
 8     0.892    -0.276     0.358
 8     0.217    -0.434    -0.875
 8     0.397     0.857    -0.327
 9   147.872    21.110    19.128
 9     0.925     0.013    -0.378
 9    -0.214     0.843    -0.494
 9     0.312     0.538     0.782
 2    96.648   -18.456    59.990
 2     0.159    -0.987    -0.004
 2     0.986     0.159     0.037
 2    -0.036    -0.010     0.999
 3   122.403    -0.944     3.008
 3     0.388     0.012    -0.922
 3    -0.207     0.975    -0.074
 3     0.898     0.219     0.381
 4   106.294   -17.424    -6.762
 4     0.604     0.341     0.720
 4    -0.715     0.631     0.302
 4    -0.351    -0.697     0.625
 5   122.381   -25.646    11.780
 5     0.765     0.345     0.543
 5    -0.350    -0.485     0.801
 5     0.541    -0.803    -0.250
 6   142.977   -24.820    24.263
 6     0.800     0.182    -0.571
 6     0.041     0.934     0.355
 6     0.598    -0.308     0.740
 7   107.381    15.278    -4.844
 7     0.579    -0.499     0.644
 7     0.812     0.422    -0.403
 7    -0.071     0.757     0.650
 8   125.857    23.703    13.051
 8     0.914    -0.232     0.333
 8     0.216    -0.417    -0.883
 8     0.344     0.878    -0.332
 9   148.703    21.174    16.961
 9     0.938     0.049    -0.342
 9    -0.218     0.851    -0.478
 9     0.267     0.523     0.809
 2    96.648   -18.456    59.990
 2     0.159    -0.987    -0.004
 2     0.986     0.158     0.037
 2    -0.036    -0.010     0.999
 3   122.347    -0.948     2.914
 3     0.389     0.017    -0.921
 3    -0.210     0.975    -0.071
 3     0.897     0.221     0.383
 4   106.082   -17.261    -6.857
 4     0.602     0.326     0.728
 4    -0.708     0.640     0.298
 4    -0.369    -0.695     0.616
 5   122.638   -25.709    11.356
 5     0.774     0.334     0.538
 5    -0.354    -0.476     0.805
 5     0.525    -0.813    -0.251
 6   143.485   -25.064    23.346
 6     0.810     0.176    -0.558
 6     0.034     0.938     0.346
 6     0.584    -0.300     0.754
 7   107.294    15.263    -4.884
 7     0.581    -0.483     0.654
 7     0.809     0.428    -0.402
 7    -0.086     0.763     0.640
 8   126.372    23.611    12.233
 8     0.929    -0.191     0.318
 8     0.216    -0.418    -0.882
 8     0.301     0.888    -0.347
 9   149.306    21.088    14.983
 9     0.949     0.075    -0.305
 9    -0.220     0.850    -0.479
 9     0.223     0.521     0.823
 2    96.699   -18.455    59.990
 2     0.159    -0.987    -0.004
 2     0.986     0.158     0.037
 2    -0.036    -0.010     0.999
 3   122.312    -0.952     2.853
 3     0.391     0.021    -0.920
 3    -0.212     0.975    -0.068
 3     0.895     0.222     0.386
 4   105.748   -17.100    -6.982
 4     0.596     0.318     0.737
 4    -0.705     0.647     0.290
 4    -0.385    -0.692     0.610
 5   122.696   -25.934    10.768
 5     0.786     0.308     0.536
 5    -0.366    -0.467     0.805
 5     0.498    -0.829    -0.255
 6   143.821   -25.211    22.201
 6     0.827     0.164    -0.538
 6     0.032     0.941     0.336
 6     0.562    -0.295     0.773
 7   107.260    15.199    -4.950
 7     0.582    -0.470     0.663
 7     0.807     0.435    -0.400
 7    -0.100     0.768     0.633
 8   126.735    23.673    11.415
 8     0.941    -0.147     0.305
 8     0.221    -0.417    -0.881
 8     0.257     0.897    -0.360
 9   149.716    21.156    13.046
 9     0.958     0.096    -0.268
 9    -0.219     0.850    -0.478
 9     0.182     0.517     0.836
 2    96.648   -18.456    59.990
 2     0.159    -0.987    -0.004
 2     0.986     0.159     0.037
 2    -0.036    -0.010     0.999
 3   122.252    -0.958     2.767
 3     0.393     0.028    -0.919
 3    -0.217     0.974    -0.063
 3     0.893     0.224     0.389
 4   105.563   -16.988    -7.002
 4     0.591     0.306     0.746
 4    -0.699     0.656     0.285
 4    -0.402    -0.690     0.602
 5   122.770   -26.051    10.357
 5     0.795     0.290     0.533
 5    -0.373    -0.458     0.806
 5     0.478    -0.840    -0.256
 6   144.165   -25.509    21.152
 6     0.840     0.157    -0.520
 6     0.027     0.944     0.329
 6     0.542    -0.291     0.788
 7   107.090    15.233    -4.931
 7     0.581    -0.456     0.674
 7     0.805     0.442    -0.396
 7    -0.118     0.773     0.624
 8   127.229    23.796    10.155
 8     0.954    -0.101     0.280
 8     0.219    -0.398    -0.891
 8     0.202     0.911    -0.358
 9   150.191    21.242    10.706
 9     0.965     0.130    -0.226
 9    -0.224     0.857    -0.464
 9     0.133     0.498     0.857
 2    96.648   -18.456    59.990
 2     0.159    -0.987    -0.004
 2     0.986     0.159     0.037
 2    -0.036    -0.010     0.999
 3   122.197    -0.961     2.698
 3     0.395     0.030    -0.918
 3    -0.219     0.974    -0.062
 3     0.892     0.225     0.391
 4   105.514   -16.870    -7.145
 4     0.590     0.297     0.750
 4    -0.694     0.662     0.283
 4    -0.413    -0.688     0.597
 5   123.010   -26.009     9.944
 5     0.803     0.283     0.525
 5    -0.373    -0.449     0.812
 5     0.465    -0.848    -0.255
 6   144.523   -25.291    20.434
 6     0.848     0.142    -0.510
 6     0.032     0.948     0.317
 6     0.528    -0.286     0.799
 7   107.049    15.267    -4.939
 7     0.583    -0.439     0.684
 7     0.801     0.449    -0.395
 7    -0.135     0.778     0.614
 8   127.694    23.818     9.065
 8     0.965    -0.051     0.257
 8     0.218    -0.391    -0.894
 8     0.146     0.919    -0.366
 9   150.693    21.022     8.384
 9     0.969     0.163    -0.186
 9    -0.233     0.858    -0.457
 9     0.085     0.486     0.870
 2    96.648   -18.456    59.990
 2     0.159    -0.987    -0.004
 2     0.986     0.158     0.037
 2    -0.036    -0.010     0.999
 3   122.190    -0.912     2.652
 3     0.396     0.028    -0.918
 3    -0.220     0.973    -0.065
 3     0.891     0.228     0.392
 4   105.574   -16.722    -7.229
 4     0.592     0.291     0.751
 4    -0.689     0.667     0.284
 4    -0.419    -0.686     0.595
 5   123.168   -25.936     9.759
 5     0.808     0.281     0.517
 5    -0.369    -0.444     0.817
 5     0.459    -0.851    -0.255
 6   144.844   -24.787    19.978
 6     0.853     0.122    -0.507
 6     0.045     0.951     0.304
 6     0.519    -0.283     0.806
 7   106.984    15.190    -4.996
 7     0.584    -0.415     0.697
 7     0.795     0.464    -0.390
 7    -0.162     0.782     0.601
 8   128.377    23.875     7.269
 8     0.972     0.011     0.232
 8     0.220    -0.360    -0.906
 8     0.073     0.933    -0.353
 9   151.188    21.248     4.652
 9     0.972     0.201    -0.118
 9    -0.233     0.875    -0.424
 9     0.018     0.440     0.898
 2    96.699   -18.455    59.990
 2     0.159    -0.987    -0.004
 2     0.986     0.159     0.037
 2    -0.036    -0.010     0.999
 3   122.234    -0.863     2.557
 3     0.397     0.027    -0.917
 3    -0.222     0.973    -0.068
 3     0.890     0.230     0.392
 4   105.663   -16.648    -7.346
 4     0.594     0.286     0.752
 4    -0.684     0.671     0.285
 4    -0.423    -0.684     0.595
 5   123.334   -25.836     9.616
 5     0.811     0.281     0.513
 5    -0.366    -0.439     0.820
 5     0.456    -0.853    -0.253
 6   145.009   -24.611    19.676
 6     0.854     0.112    -0.507
 6     0.047     0.955     0.292
 6     0.517    -0.274     0.811
 7   106.901    15.105    -5.083
 7     0.585    -0.385     0.714
 7     0.787     0.482    -0.385
 7    -0.197     0.787     0.585
 8   128.608    24.084     5.295
 8     0.974     0.077     0.213
 8     0.227    -0.326    -0.918
 8    -0.001     0.942    -0.335
 9   151.307    21.330     1.389
 9     0.972     0.228    -0.060
 9    -0.233     0.888    -0.396
 9    -0.037     0.399     0.916
 2    96.648   -18.456    59.990
 2     0.159    -0.987    -0.004
 2     0.986     0.159     0.037
 2    -0.036    -0.010     0.999
 3   122.303    -0.839     2.487
 3     0.399     0.026    -0.917
 3    -0.222     0.972    -0.069
 3     0.889     0.231     0.394
 4   105.703   -16.550    -7.436
 4     0.594     0.283     0.753
 4    -0.682     0.674     0.284
 4    -0.427    -0.682     0.594
 5   123.420   -25.840     9.430
 5     0.813     0.278     0.511
 5    -0.368    -0.435     0.822
 5     0.451    -0.856    -0.251
 6   145.125   -24.613    19.406
 6     0.856     0.110    -0.504
 6     0.047     0.956     0.289
 6     0.514    -0.272     0.814
 7   106.666    14.993    -5.216
 7     0.583    -0.358     0.729
 7     0.778     0.503    -0.376
 7    -0.233     0.786     0.572
 8   128.779    24.109     3.797
 8     0.970     0.128     0.203
 8     0.234    -0.306    -0.923
 8    -0.057     0.943    -0.327
 9   151.063    21.471    -1.373
 9     0.971     0.239    -0.009
 9    -0.225     0.897    -0.379
 9    -0.083     0.370     0.925
 2    96.648   -18.506    59.990
 2     0.159    -0.987    -0.003
 2     0.986     0.159     0.037
 2    -0.036    -0.009     0.999
 3   122.278    -0.787     2.487
 3     0.400     0.026    -0.916
 3    -0.221     0.973    -0.069
 3     0.889     0.230     0.394
 4   105.640   -16.479    -7.442
 4     0.593     0.279     0.755
 4    -0.679     0.678     0.283
 4    -0.433    -0.680     0.591
 5   123.523   -25.897     9.130
 5     0.817     0.271     0.509
 5    -0.370    -0.430     0.823
 5     0.442    -0.861    -0.251
 6   145.261   -24.618    19.065
 6     0.859     0.107    -0.500
 6     0.046     0.958     0.284
 6     0.509    -0.268     0.818
 7   106.520    14.966    -5.316
 7     0.577    -0.339     0.743
 7     0.773     0.518    -0.365
 7    -0.262     0.785     0.561
 8   128.858    24.027     2.199
 8     0.964     0.188     0.184
 8     0.235    -0.305    -0.923
 8    -0.118     0.933    -0.339
 9   150.780    21.662    -4.748
 9     0.962     0.264     0.061
 9    -0.222     0.898    -0.380
 9    -0.156     0.351     0.923
 2    96.648   -18.456    59.990
 2     0.159    -0.987    -0.004
 2     0.986     0.159     0.037
 2    -0.036    -0.010     0.999
 3   122.304    -0.735     2.385
 3     0.402     0.025    -0.915
 3    -0.220     0.973    -0.070
 3     0.889     0.229     0.396
 4   105.670   -16.332    -7.567
 4     0.594     0.268     0.758
 4    -0.672     0.684     0.285
 4    -0.442    -0.679     0.587
 5   123.736   -25.806     8.821
 5     0.824     0.263     0.501
 5    -0.371    -0.419     0.829
 5     0.428    -0.869    -0.248
 6   145.577   -24.372    18.438
 6     0.866     0.092    -0.492
 6     0.051     0.961     0.271
 6     0.498    -0.261     0.827
 7   106.329    14.838    -5.372
 7     0.572    -0.318     0.756
 7     0.767     0.532    -0.357
 7    -0.289     0.784     0.549
 8   128.808    23.874     0.915
 8     0.957     0.238     0.165
 8     0.234    -0.301    -0.924
 8    -0.171     0.923    -0.344
 9   150.255    21.428    -7.341
 9     0.949     0.292     0.117
 9    -0.230     0.896    -0.379
 9    -0.216     0.332     0.918
 2    96.646   -18.456    59.993
 2     0.159    -0.987    -0.004
 2     0.986     0.159     0.037
 2    -0.037    -0.010     0.999
 3   122.279    -0.683     2.360
 3     0.403     0.024    -0.915
 3    -0.218     0.973    -0.071
 3     0.889     0.228     0.397
 4   105.554   -16.212    -7.570
 4     0.593     0.262     0.761
 4    -0.668     0.688     0.284
 4    -0.449    -0.677     0.583
 5   123.797   -25.971     8.461
 5     0.829     0.255     0.497
 5    -0.375    -0.404     0.834
 5     0.414    -0.878    -0.239
 6   145.749   -24.430    17.752
 6     0.870     0.083    -0.485
 6     0.052     0.964     0.258
 6     0.489    -0.251     0.835
 7   106.234    14.794    -5.427
 7     0.571    -0.300     0.764
 7     0.761     0.542    -0.356
 7    -0.307     0.785     0.538
 8   128.749    23.653    -0.140
 8     0.948     0.282     0.146
 8     0.233    -0.304    -0.924
 8    -0.216     0.910    -0.354
 9   149.655    20.990    -9.891
 9     0.932     0.321     0.168
 9    -0.237     0.891    -0.386
 9    -0.274     0.319     0.907
 2    96.648   -18.456    59.990
 2     0.159    -0.987    -0.004
 2     0.986     0.158     0.037
 2    -0.036    -0.010     0.999
 3   122.179    -0.656     2.309
 3     0.404     0.022    -0.914
 3    -0.216     0.974    -0.072
 3     0.889     0.226     0.398
 4   105.490   -16.141    -7.652
 4     0.592     0.258     0.763
 4    -0.665     0.691     0.282
 4    -0.455    -0.675     0.581
 5   123.829   -25.926     8.307
 5     0.831     0.251     0.495
 5    -0.377    -0.399     0.835
 5     0.407    -0.882    -0.238
 6   145.882   -24.512    17.312
 6     0.874     0.079    -0.479
 6     0.051     0.966     0.253
 6     0.483    -0.246     0.840
 7   106.074    14.805    -5.441
 7     0.568    -0.288     0.771
 7     0.758     0.548    -0.353
 7    -0.321     0.785     0.530
 8   128.718    23.544    -0.997
 8     0.940     0.314     0.132
 8     0.232    -0.307    -0.923
 8    -0.249     0.898    -0.361
 9   149.251    20.944   -11.810
 9     0.916     0.341     0.210
 9    -0.241     0.888    -0.392
 9    -0.321     0.308     0.895
 2    96.646   -18.456    59.993
 2     0.159    -0.987    -0.004
 2     0.986     0.158     0.037
 2    -0.037    -0.010     0.999
 3   122.129    -0.501     2.257
 3     0.405     0.018    -0.914
 3    -0.213     0.974    -0.075
 3     0.889     0.225     0.398
 4   105.427   -16.045    -7.683
 4     0.590     0.254     0.766
 4    -0.663     0.694     0.280
 4    -0.461    -0.673     0.578
 5   123.832   -25.883     8.138
 5     0.834     0.240     0.496
 5    -0.381    -0.397     0.834
 5     0.397    -0.886    -0.240
 6   146.073   -24.517    16.764
 6     0.878     0.093    -0.469
 6     0.050     0.957     0.284
 6     0.475    -0.273     0.836
 7   105.998    14.846    -5.440
 7     0.565    -0.281     0.776
 7     0.756     0.553    -0.351
 7    -0.331     0.784     0.524
 8   128.604    23.417    -1.591
 8     0.933     0.338     0.121
