% Calibrated with leiden_pols
% Positions are in centimeters
Data =[
 2    96.696   -18.456    60.044
 2     0.159    -0.987    -0.004
 2     0.986     0.158     0.037
 2    -0.037    -0.010     0.999
 3   126.525    -2.314     3.351
 3     0.289     0.098    -0.952
 3    -0.228     0.973     0.031
 3     0.930     0.208     0.303
 4   111.491   -17.277    -8.190
 4     0.556     0.585     0.590
 4    -0.789     0.595     0.155
 4    -0.261    -0.552     0.792
 5   116.598   -32.253     9.441
 5     0.439     0.541     0.717
 5    -0.638    -0.374     0.673
 5     0.632    -0.754     0.181
 6   132.706   -16.659    14.752
 6     0.618    -0.572    -0.540
 6     0.780     0.533     0.328
 6     0.099    -0.624     0.775
 7   113.413    13.813    -6.985
 7     0.651    -0.473     0.593
 7     0.752     0.506    -0.422
 7    -0.101     0.721     0.685
 8   121.321    33.293     4.097
 8     0.641    -0.650     0.408
 8     0.660     0.196    -0.725
 8     0.391     0.734     0.555
 9   136.120    16.405    14.664
 9     0.281     0.558    -0.781
 9    -0.882     0.470     0.019
 9     0.378     0.683     0.624
 2    96.646   -18.406    60.044
 2     0.159    -0.987    -0.004
 2     0.986     0.158     0.037
 2    -0.037    -0.010     0.999
 3   126.526    -2.314     3.327
 3     0.288     0.098    -0.952
 3    -0.227     0.973     0.031
 3     0.930     0.207     0.303
 4   111.495   -17.275    -8.171
 4     0.557     0.586     0.589
 4    -0.789     0.594     0.155
 4    -0.259    -0.551     0.793
 5   116.548   -32.253     9.390
 5     0.439     0.541     0.717
 5    -0.638    -0.374     0.673
 5     0.632    -0.753     0.181
 6   132.661   -16.657    14.849
 6     0.618    -0.570    -0.542
 6     0.780     0.532     0.329
 6     0.101    -0.626     0.774
 7   113.416    13.814    -6.988
 7     0.651    -0.474     0.593
 7     0.752     0.505    -0.422
 7    -0.100     0.721     0.685
 8   121.299    33.244     4.195
 8     0.641    -0.651     0.408
 8     0.660     0.195    -0.725
 8     0.392     0.734     0.554
 9   136.142    16.455    14.641
 9     0.281     0.557    -0.781
 9    -0.882     0.470     0.018
 9     0.377     0.684     0.624
 2    96.646   -18.406    60.044
 2     0.159    -0.987    -0.004
 2     0.986     0.158     0.037
 2    -0.037    -0.010     0.999
 3   126.482    -2.313     3.343
 3     0.286     0.096    -0.953
 3    -0.226     0.973     0.030
 3     0.931     0.207     0.301
 4   111.444   -17.276    -8.172
 4     0.558     0.586     0.588
 4    -0.789     0.595     0.156
 4    -0.259    -0.550     0.794
 5   116.551   -32.252     9.437
 5     0.439     0.542     0.716
 5    -0.638    -0.374     0.673
 5     0.633    -0.753     0.181
 6   132.612   -16.708    14.875
 6     0.618    -0.569    -0.543
 6     0.780     0.532     0.329
 6     0.101    -0.627     0.773
 7   113.417    13.865    -6.990
 7     0.651    -0.474     0.593
 7     0.753     0.504    -0.423
 7    -0.099     0.721     0.685
 8   121.304    33.296     4.215
 8     0.640    -0.652     0.407
 8     0.660     0.194    -0.726
 8     0.394     0.733     0.554
 9   136.065    16.480    14.767
 9     0.281     0.555    -0.783
 9    -0.882     0.470     0.017
 9     0.377     0.686     0.622
 2    96.646   -18.406    60.044
 2     0.159    -0.987    -0.004
 2     0.986     0.158     0.037
 2    -0.037    -0.010     0.999
 3   126.482    -2.313     3.394
 3     0.286     0.096    -0.953
 3    -0.227     0.973     0.030
 3     0.931     0.207     0.300
 4   111.446   -17.275    -8.175
 4     0.557     0.586     0.587
 4    -0.789     0.594     0.155
 4    -0.258    -0.550     0.794
 5   116.501   -32.253     9.436
 5     0.439     0.542     0.716
 5    -0.638    -0.374     0.673
 5     0.633    -0.753     0.182
 6   132.614   -16.656    14.872
 6     0.618    -0.569    -0.543
 6     0.780     0.532     0.329
 6     0.102    -0.627     0.772
 7   113.471    13.815    -6.942
 7     0.651    -0.475     0.592
 7     0.752     0.504    -0.424
 7    -0.098     0.721     0.686
 8   121.306    33.298     4.212
 8     0.639    -0.653     0.407
 8     0.660     0.193    -0.726
 8     0.395     0.732     0.554
 9   136.113    16.453    14.873
 9     0.280     0.555    -0.783
 9    -0.883     0.469     0.016
 9     0.376     0.687     0.622
 2    96.646   -18.456    60.044
 2     0.159    -0.987    -0.004
 2     0.986     0.158     0.037
 2    -0.037    -0.010     0.999
 3   126.482    -2.312     3.317
 3     0.286     0.095    -0.953
 3    -0.226     0.973     0.029
 3     0.931     0.207     0.300
 4   111.498   -17.274    -8.178
 4     0.558     0.587     0.587
 4    -0.789     0.594     0.156
 4    -0.257    -0.550     0.795
 5   116.504   -32.201     9.483
 5     0.438     0.542     0.716
 5    -0.637    -0.375     0.674
 5     0.634    -0.752     0.181
 6   132.563   -16.657    14.927
 6     0.618    -0.568    -0.544
 6     0.780     0.531     0.331
 6     0.101    -0.629     0.771
 7   113.473    13.817    -6.945
 7     0.651    -0.476     0.592
 7     0.753     0.504    -0.423
 7    -0.097     0.721     0.686
 8   121.313    33.249     4.353
 8     0.639    -0.652     0.408
 8     0.658     0.189    -0.729
 8     0.398     0.734     0.550
 9   135.983    16.291    14.859
 9     0.283     0.556    -0.781
 9    -0.887     0.462     0.007
 9     0.364     0.691     0.624
 2    96.646   -18.406    60.044
 2     0.159    -0.987    -0.004
 2     0.986     0.158     0.037
 2    -0.037    -0.010     0.999
 3   126.481    -2.286     3.341
 3     0.287     0.091    -0.953
 3    -0.225     0.974     0.025
 3     0.931     0.207     0.300
 4   111.501   -17.323    -8.130
 4     0.558     0.587     0.586
 4    -0.789     0.594     0.157
 4    -0.256    -0.551     0.794
 5   116.665   -32.119     9.597
 5     0.441     0.542     0.715
 5    -0.632    -0.379     0.676
 5     0.637    -0.750     0.175
 6   132.687   -16.436    14.886
 6     0.614    -0.573    -0.543
 6     0.784     0.520     0.338
 6     0.089    -0.633     0.769
 7   113.427    13.869    -6.924
 7     0.650    -0.478     0.591
 7     0.754     0.502    -0.423
 7    -0.095     0.720     0.687
 8   121.281    33.206     4.678
 8     0.639    -0.650     0.411
 8     0.653     0.176    -0.737
 8     0.406     0.739     0.537
 9   136.021    15.962    14.663
 9     0.284     0.562    -0.776
 9    -0.897     0.442    -0.009
 9     0.338     0.699     0.630
 2    96.645   -18.405    60.044
 2     0.158    -0.987    -0.004
 2     0.986     0.158     0.038
 2    -0.037    -0.010     0.999
 3   126.531    -2.361     3.341
 3     0.288     0.090    -0.953
 3    -0.225     0.974     0.024
 3     0.931     0.207     0.301
 4   111.503   -17.323    -8.183
 4     0.558     0.586     0.587
 4    -0.790     0.593     0.158
 4    -0.255    -0.552     0.794
 5   116.739   -31.879     9.801
 5     0.445     0.535     0.717
 5    -0.623    -0.390     0.678
 5     0.643    -0.749     0.160
 6   132.631   -16.201    14.733
 6     0.611    -0.582    -0.537
 6     0.789     0.502     0.354
 6     0.063    -0.640     0.766
 7   113.429    13.871    -6.927
 7     0.649    -0.479     0.591
 7     0.755     0.501    -0.423
 7    -0.094     0.720     0.687
 8   121.286    32.981     5.034
 8     0.644    -0.638     0.423
 8     0.646     0.156    -0.748
 8     0.410     0.754     0.512
 9   136.156    15.858    14.377
 9     0.301     0.575    -0.760
 9    -0.905     0.423    -0.038
 9     0.299     0.700     0.648
 2    96.645   -18.405    60.044
 2     0.158    -0.987    -0.004
 2     0.986     0.158     0.038
 2    -0.037    -0.010     0.999
 3   126.549    -2.311     3.324
 3     0.290     0.089    -0.953
 3    -0.225     0.974     0.023
 3     0.930     0.207     0.302
 4   111.461   -17.320    -8.090
 4     0.558     0.586     0.587
 4    -0.790     0.591     0.161
 4    -0.252    -0.554     0.793
 5   116.842   -31.687    10.127
 5     0.450     0.530     0.719
 5    -0.612    -0.403     0.680
 5     0.650    -0.746     0.143
 6   132.575   -15.916    14.579
 6     0.607    -0.592    -0.530
 6     0.793     0.483     0.369
 6     0.037    -0.645     0.763
 7   113.432    13.899    -6.882
 7     0.646    -0.483     0.591
 7     0.757     0.499    -0.421
 7    -0.092     0.720     0.688
 8   121.178    32.759     5.759
 8     0.648    -0.609     0.457
 8     0.639     0.110    -0.761
 8     0.413     0.785     0.461
 9   136.408    15.489    13.884
 9     0.325     0.593    -0.737
 9    -0.914     0.398    -0.083
 9     0.244     0.700     0.671
 2    96.648   -18.405    59.990
 2     0.158    -0.987    -0.004
 2     0.986     0.158     0.037
 2    -0.036    -0.010     0.999
 3   126.649    -2.309     3.324
 3     0.292     0.088    -0.952
 3    -0.224     0.974     0.021
 3     0.930     0.207     0.304
 4   111.467   -17.344    -8.044
 4     0.557     0.586     0.588
 4    -0.792     0.589     0.164
 4    -0.250    -0.557     0.792
 5   117.098   -31.314    10.401
 5     0.459     0.521     0.719
 5    -0.598    -0.418     0.684
 5     0.657    -0.744     0.119
 6   132.732   -15.389    14.215
 6     0.602    -0.612    -0.513
 6     0.798     0.457     0.391
 6    -0.005    -0.645     0.764
 7   113.436    13.952    -6.837
 7     0.645    -0.484     0.591
 7     0.758     0.497    -0.421
 7    -0.090     0.720     0.688
 8   121.236    32.513     6.402
 8     0.652    -0.590     0.476
 8     0.631     0.074    -0.772
 8     0.420     0.804     0.420
 9   136.588    15.131    13.208
 9     0.353     0.606    -0.713
 9    -0.920     0.363    -0.147
 9     0.170     0.708     0.686
 2    96.646   -18.456    59.993
 2     0.159    -0.987    -0.004
 2     0.986     0.158     0.037
 2    -0.037    -0.010     0.999
 3   126.768    -2.309     3.231
 3     0.293     0.089    -0.952
 3    -0.223     0.974     0.022
 3     0.929     0.206     0.306
 4   111.407   -17.443    -8.028
 4     0.551     0.590     0.590
 4    -0.798     0.580     0.165
 4    -0.245    -0.562     0.790
 5   117.136   -30.468    11.327
 5     0.462     0.475     0.749
 5    -0.577    -0.481     0.661
 5     0.674    -0.737     0.052
 6   133.065   -15.464    13.575
 6     0.625    -0.626    -0.466
 6     0.775     0.429     0.463
 6    -0.091    -0.651     0.754
 7   113.497    13.956    -6.795
 7     0.644    -0.490     0.587
 7     0.760     0.496    -0.419
 7    -0.086     0.716     0.692
 8   120.775    32.002     7.513
 8     0.645    -0.557     0.523
 8     0.628    -0.003    -0.778
 8     0.434     0.830     0.348
 9   136.822    15.138    12.768
 9     0.395     0.613    -0.684
 9    -0.913     0.342    -0.221
 9     0.098     0.712     0.695
 2    96.646   -18.406    60.044
 2     0.159    -0.987    -0.004
 2     0.986     0.158     0.037
 2    -0.037    -0.010     0.999
 3   126.945    -2.356     3.156
 3     0.296     0.090    -0.951
 3    -0.221     0.975     0.024
 3     0.929     0.203     0.308
 4   111.369   -17.491    -7.987
 4     0.548     0.590     0.592
 4    -0.801     0.575     0.168
 4    -0.241    -0.566     0.788
 5   117.501   -29.774    11.894
 5     0.473     0.461     0.751
 5    -0.549    -0.513     0.660
 5     0.689    -0.725     0.010
 6   133.201   -14.976    13.183
 6     0.623    -0.641    -0.448
 6     0.768     0.393     0.505
 6    -0.148    -0.659     0.737
 7   113.502    13.959    -6.773
 7     0.642    -0.496     0.585
 7     0.762     0.496    -0.416
 7    -0.084     0.713     0.696
 8   120.786    31.783     7.933
 8     0.646    -0.543     0.536
 8     0.623    -0.031    -0.782
 8     0.441     0.839     0.318
 9   136.907    15.109    12.575
 9     0.410     0.621    -0.668
 9    -0.910     0.325    -0.256
 9     0.058     0.713     0.698
 2    96.645   -18.405    60.044
 2     0.158    -0.987    -0.004
 2     0.986     0.158     0.038
 2    -0.037    -0.010     0.999
 3   127.053    -2.351     3.047
 3     0.297     0.089    -0.951
 3    -0.217     0.976     0.024
 3     0.930     0.199     0.309
 4   111.340   -17.665    -7.879
 4     0.542     0.596     0.592
 4    -0.807     0.565     0.170
 4    -0.233    -0.570     0.788
 5   117.423   -29.028    12.581
 5     0.469     0.441     0.765
 5    -0.522    -0.560     0.643
 5     0.712    -0.701    -0.032
 6   133.273   -14.952    13.157
 6     0.638    -0.644    -0.422
 6     0.742     0.368     0.560
 6    -0.206    -0.670     0.713
 7   113.551    13.958    -6.769
 7     0.641    -0.499     0.583
 7     0.763     0.497    -0.413
 7    -0.085     0.710     0.699
 8   120.594    31.323     8.742
 8     0.640    -0.524     0.561
 8     0.616    -0.085    -0.783
 8     0.458     0.847     0.268
 9   137.035    14.913    12.109
 9     0.436     0.625    -0.647
 9    -0.900     0.298    -0.318
 9    -0.006     0.721     0.693
 2    96.645   -18.405    60.044
 2     0.158    -0.987    -0.004
 2     0.986     0.158     0.037
 2    -0.037    -0.010     0.999
 3   127.106    -2.346     2.972
 3     0.298     0.089    -0.950
 3    -0.212     0.977     0.026
 3     0.930     0.193     0.310
 4   111.320   -17.885    -7.762
 4     0.536     0.605     0.588
 4    -0.815     0.552     0.173
 4    -0.220    -0.573     0.790
 5   117.498   -28.364    13.216
 5     0.467     0.425     0.775
 5    -0.500    -0.596     0.628
 5     0.729    -0.682    -0.066
 6   133.306   -14.896    13.029
 6     0.646    -0.653    -0.395
 6     0.719     0.348     0.602
 6    -0.256    -0.673     0.694
 7   113.553    13.781    -6.791
 7     0.638    -0.505     0.582
 7     0.765     0.498    -0.407
 7    -0.085     0.705     0.704
 8   120.310    30.759     9.484
 8     0.634    -0.495     0.594
 8     0.614    -0.145    -0.776
 8     0.470     0.857     0.211
 9   136.967    14.872    11.843
 9     0.467     0.635    -0.614
 9    -0.881     0.281    -0.380
 9    -0.069     0.719     0.691
 2    96.645   -18.405    60.044
 2     0.158    -0.987    -0.004
 2     0.986     0.158     0.037
 2    -0.037    -0.010     0.999
 3   127.196    -2.437     2.956
 3     0.298     0.088    -0.951
 3    -0.204     0.978     0.027
 3     0.932     0.186     0.309
 4   111.269   -18.081    -7.611
 4     0.532     0.610     0.587
 4    -0.820     0.544     0.178
 4    -0.210    -0.576     0.790
 5   117.543   -27.939    13.708
 5     0.468     0.408     0.783
 5    -0.486    -0.621     0.614
 5     0.738    -0.669    -0.092
 6   133.398   -15.104    13.047
 6     0.654    -0.660    -0.371
 6     0.700     0.341     0.627
 6    -0.287    -0.670     0.684
 7   113.604    13.732    -6.789
 7     0.635    -0.510     0.581
 7     0.768     0.499    -0.402
 7    -0.085     0.701     0.708
 8   120.154    30.361     9.987
 8     0.633    -0.466     0.618
 8     0.613    -0.184    -0.768
 8     0.472     0.865     0.169
 9   137.039    14.994    11.255
 9     0.487     0.647    -0.587
 9    -0.866     0.269    -0.422
 9    -0.115     0.713     0.691
 2    96.645   -18.405    60.044
 2     0.158    -0.987    -0.004
 2     0.986     0.158     0.037
 2    -0.037    -0.010     0.999
 3   127.214    -2.479     2.941
 3     0.297     0.089    -0.951
 3    -0.197     0.980     0.030
 3     0.934     0.178     0.309
 4   111.169   -18.355    -7.455
 4     0.526     0.614     0.588
 4    -0.826     0.532     0.183
 4    -0.201    -0.583     0.787
 5   117.555   -27.616    14.243
 5     0.473     0.383     0.793
 5    -0.473    -0.650     0.595
 5     0.743    -0.657    -0.126
 6   133.539   -15.553    12.769
 6     0.661    -0.671    -0.335
 6     0.674     0.335     0.658
 6    -0.330    -0.661     0.674
 7   113.550    13.705    -6.833
 7     0.634    -0.511     0.581
 7     0.768     0.500    -0.399
 7    -0.087     0.699     0.710
 8   120.195    29.908    10.321
 8     0.637    -0.439     0.633
 8     0.609    -0.217    -0.763
 8     0.472     0.872     0.129
 9   137.084    15.136    10.743
 9     0.498     0.657    -0.566
 9    -0.852     0.250    -0.460
 9    -0.161     0.711     0.684
 2    96.648   -18.405    59.990
 2     0.158    -0.987    -0.004
 2     0.986     0.158     0.037
 2    -0.036    -0.010     0.999
 3   127.173    -2.496     2.933
 3     0.299     0.089    -0.950
 3    -0.190     0.981     0.032
 3     0.935     0.171     0.310
 4   111.140   -18.476    -7.247
 4     0.523     0.615     0.589
 4    -0.830     0.525     0.189
 4    -0.193    -0.589     0.785
 5   117.605   -27.322    14.604
 5     0.478     0.372     0.795
 5    -0.461    -0.665     0.588
 5     0.747    -0.648    -0.146
 6   133.477   -15.631    12.555
 6     0.658    -0.683    -0.317
 6     0.662     0.323     0.676
 6    -0.360    -0.655     0.665
 7   113.548    13.602    -6.881
 7     0.634    -0.511     0.580
 7     0.768     0.502    -0.398
 7    -0.088     0.698     0.710
 8   120.227    29.475    10.617
 8     0.646    -0.408     0.645
 8     0.603    -0.245    -0.759
 8     0.468     0.879     0.088
 9   137.160    15.047    10.170
 9     0.502     0.679    -0.535
 9    -0.839     0.234    -0.491
 9    -0.208     0.695     0.688
 2    96.646   -18.406    59.993
 2     0.159    -0.987    -0.004
 2     0.986     0.158     0.037
 2    -0.037    -0.010     0.999
 3   127.151    -2.543     2.833
 3     0.301     0.090    -0.949
 3    -0.187     0.982     0.034
 3     0.935     0.167     0.313
 4   111.022   -18.601    -7.174
 4     0.521     0.615     0.592
 4    -0.832     0.521     0.191
 4    -0.191    -0.592     0.783
 5   117.864   -27.293    14.559
 5     0.493     0.359     0.793
 5    -0.458    -0.667     0.587
 5     0.740    -0.652    -0.165
 6   133.506   -15.647    12.147
 6     0.648    -0.697    -0.306
 6     0.661     0.316     0.681
 6    -0.378    -0.644     0.665
 7   113.545    13.549    -6.926
 7     0.635    -0.510     0.580
 7     0.767     0.503    -0.397
 7    -0.090     0.697     0.711
 8   120.544    29.223    10.779
 8     0.665    -0.356     0.656
 8     0.603    -0.263    -0.753
 8     0.441     0.896     0.040
 9   137.429    15.136     9.054
 9     0.495     0.707    -0.505
 9    -0.832     0.219    -0.509
 9    -0.249     0.672     0.697
 2    96.648   -18.405    59.990
 2     0.158    -0.987    -0.004
 2     0.986     0.158     0.037
 2    -0.036    -0.010     0.999
 3   127.095    -2.672     2.791
 3     0.302     0.096    -0.948
 3    -0.188     0.981     0.040
 3     0.934     0.167     0.314
 4   110.629   -18.454    -7.415
 4     0.515     0.593     0.618
 4    -0.826     0.535     0.175
 4    -0.227    -0.601     0.766
 5   118.415   -28.121    13.597
 5     0.523     0.330     0.786
 5    -0.493    -0.635     0.595
 5     0.695    -0.698    -0.170
 6   133.951   -16.094    10.397
 6     0.624    -0.726    -0.288
 6     0.687     0.335     0.645
 6    -0.372    -0.600     0.708
 7   113.319    13.399    -6.818
 7     0.642    -0.487     0.593
 7     0.758     0.516    -0.398
 7    -0.112     0.705     0.700
 8   121.481    30.066     9.213
 8     0.708    -0.296     0.641
 8     0.614    -0.192    -0.766
 8     0.349     0.936     0.046
 9   137.942    15.286     6.308
 9     0.444     0.756    -0.482
 9    -0.866     0.225    -0.446
 9    -0.228     0.615     0.755
 2    96.645   -18.405    60.044
 2     0.158    -0.987    -0.004
 2     0.986     0.158     0.038
 2    -0.037    -0.010     0.999
 3   126.926    -2.689     2.694
 3     0.303     0.112    -0.946
 3    -0.201     0.978     0.051
 3     0.931     0.174     0.319
 4   110.356   -18.010    -7.800
 4     0.512     0.566     0.646
 4    -0.813     0.561     0.154
 4    -0.275    -0.604     0.748
 5   118.774   -29.112    12.164
 5     0.547     0.309     0.777
 5    -0.534    -0.586     0.609
 5     0.644    -0.749    -0.156
 6   134.319   -16.371     8.946
 6     0.606    -0.745    -0.279
 6     0.716     0.358     0.599
 6    -0.346    -0.563     0.751
 7   113.166    13.326    -6.942
 7     0.647    -0.461     0.607
 7     0.750     0.525    -0.401
 7    -0.134     0.715     0.686
 8   122.365    30.729     7.244
 8     0.746    -0.253     0.615
 8     0.614    -0.096    -0.784
 8     0.257     0.963     0.083
 9   138.225    15.208     4.911
 9     0.395     0.777    -0.490
 9    -0.901     0.224    -0.371
 9    -0.179     0.588     0.789
 2    96.646   -18.456    60.044
 2     0.159    -0.987    -0.004
 2     0.986     0.158     0.037
 2    -0.037    -0.010     0.999
 3   126.896    -2.876     2.629
 3     0.303     0.127    -0.944
 3    -0.209     0.976     0.064
 3     0.930     0.178     0.322
 4   110.044   -17.734    -8.047
 4     0.504     0.545     0.670
 4    -0.807     0.574     0.140
 4    -0.308    -0.611     0.729
 5   119.172   -29.732    11.224
 5     0.570     0.280     0.772
 5    -0.561    -0.554     0.615
 5     0.600    -0.784    -0.159
 6   134.483   -16.793     7.669
 6     0.590    -0.760    -0.272
 6     0.732     0.361     0.577
 6    -0.341    -0.540     0.770
 7   113.128    13.308    -6.853
 7     0.654    -0.437     0.618
 7     0.741     0.532    -0.409
 7    -0.150     0.725     0.671
 8   123.013    31.018     6.217
 8     0.769    -0.207     0.605
 8     0.610    -0.047    -0.791
 8     0.192     0.977     0.090
 9   138.634    14.753     3.251
 9     0.362     0.807    -0.467
 9    -0.917     0.221    -0.331
 9    -0.164     0.548     0.820
 2    96.646   -18.456    59.993
 2     0.159    -0.987    -0.004
 2     0.986     0.159     0.037
 2    -0.037    -0.010     0.999
 3   126.729    -3.065     2.480
 3     0.305     0.143    -0.941
 3    -0.217     0.973     0.077
 3     0.927     0.181     0.328
 4   109.732   -17.575    -8.199
 4     0.497     0.524     0.691
 4    -0.802     0.581     0.137
 4    -0.330    -0.623     0.709
 5   119.617   -29.873    10.736
 5     0.597     0.247     0.763
 5    -0.567    -0.544     0.619
 5     0.568    -0.802    -0.184
 6   134.529   -16.805     6.076
 6     0.566    -0.775    -0.282
 6     0.740     0.328     0.586
 6    -0.362    -0.541     0.759
 7   112.968    13.268    -6.947
 7     0.657    -0.418     0.627
 7     0.736     0.536    -0.413
 7    -0.164     0.733     0.660
 8   123.424    30.835     5.702
 8     0.784    -0.120     0.608
 8     0.607    -0.055    -0.793
 8     0.129     0.991     0.030
 9   138.537    14.672     1.529
 9     0.340     0.841    -0.420
 9    -0.915     0.193    -0.355
 9    -0.218     0.505     0.835
 2    96.646   -18.406    60.044
 2     0.159    -0.987    -0.004
 2     0.986     0.158     0.037
 2    -0.037    -0.010     0.999
 3   126.698    -3.068     2.388
 3     0.307     0.146    -0.940
 3    -0.219     0.972     0.080
 3     0.926     0.181     0.331
 4   109.658   -17.525    -8.270
 4     0.495     0.521     0.695
 4    -0.803     0.579     0.137
 4    -0.331    -0.626     0.706
 5   119.548   -29.793    10.680
 5     0.600     0.244     0.761
 5    -0.562    -0.548     0.619
 5     0.569    -0.800    -0.192
 6   134.395   -16.631     5.887
 6     0.558    -0.769    -0.310
 6     0.741     0.296     0.602
 6    -0.372    -0.566     0.736
 7   112.905    13.265    -6.940
 7     0.654    -0.413     0.634
 7     0.737     0.534    -0.413
 7    -0.168     0.738     0.654
 8   123.634    30.145     6.532
 8     0.784    -0.019     0.620
 8     0.611    -0.147    -0.777
 8     0.106     0.989    -0.104
 9   138.221    15.270    -0.325
 9     0.336     0.876    -0.345
 9    -0.877     0.158    -0.454
 9    -0.343     0.455     0.821
 2    96.646   -18.406    60.044
 2     0.159    -0.987    -0.004
 2     0.986     0.158     0.037
 2    -0.037    -0.010     0.999
 3   126.687    -3.122     2.329
 3     0.312     0.151    -0.938
 3    -0.222     0.971     0.083
 3     0.924     0.182     0.337
 4   109.431   -17.478    -8.256
 4     0.490     0.518     0.701
 4    -0.805     0.577     0.136
 4    -0.334    -0.631     0.700
 5   119.606   -29.692    10.535
 5     0.610     0.230     0.758
 5    -0.560    -0.551     0.618
 5     0.560    -0.802    -0.208
 6   134.261   -16.748     5.313
 6     0.547    -0.763    -0.344
 6     0.737     0.245     0.629
 6    -0.396    -0.598     0.697
 7   112.825    13.291    -6.940
 7     0.651    -0.413     0.637
 7     0.740     0.531    -0.412
 7    -0.169     0.740     0.651
 8   123.888    29.663     7.222
 8     0.788     0.045     0.613
 8     0.607    -0.213    -0.765
 8     0.096     0.976    -0.195
 9   137.585    15.611    -1.281
 9     0.316     0.903    -0.291
 9    -0.845     0.129    -0.519
 9    -0.431     0.409     0.804
 2    96.646   -18.406    59.993
 2     0.159    -0.987    -0.004
 2     0.986     0.158     0.038
 2    -0.037    -0.010     0.999
 3   126.675    -3.073     2.193
 3     0.317     0.152    -0.936
 3    -0.223     0.971     0.083
 3     0.922     0.182     0.342
 4   109.299   -17.405    -8.285
 4     0.490     0.506     0.709
 4    -0.802     0.580     0.141
 4    -0.340    -0.638     0.691
 5   120.034   -29.558    10.436
 5     0.631     0.224     0.742
 5    -0.546    -0.551     0.631
 5     0.551    -0.804    -0.225
 6   134.117   -16.187     4.703
 6     0.523    -0.771    -0.363
 6     0.736     0.195     0.647
 6    -0.428    -0.606     0.670
 7   112.672    13.394    -6.942
 7     0.646    -0.414     0.641
 7     0.744     0.528    -0.410
 7    -0.169     0.741     0.649
 8   124.511    28.896     7.845
 8     0.800     0.110     0.589
 8     0.594    -0.280    -0.755
 8     0.082     0.953    -0.289
 9   137.193    15.603    -2.590
 9     0.269     0.928    -0.255
 9    -0.811     0.076    -0.580
 9    -0.520     0.363     0.773
 2    96.645   -18.405    60.044
 2     0.158    -0.987    -0.004
 2     0.986     0.158     0.037
 2    -0.037    -0.010     0.999
 3   126.669    -3.072     2.125
 3     0.321     0.153    -0.935
 3    -0.222     0.971     0.082
 3     0.921     0.181     0.345
 4   109.193   -17.407    -8.323
 4     0.492     0.498     0.714
 4    -0.800     0.583     0.145
 4    -0.344    -0.642     0.685
 5   120.313   -29.503    10.363
 5     0.650     0.219     0.728
 5    -0.533    -0.550     0.642
 5     0.542    -0.805    -0.241
 6   133.880   -15.735     3.814
 6     0.491    -0.770    -0.408
 6     0.732     0.110     0.672
 6    -0.473    -0.629     0.617
 7   112.544    13.344    -6.913
 7     0.641    -0.419     0.643
 7     0.748     0.527    -0.403
 7    -0.170     0.739     0.651
 8   125.108    27.672     8.994
 8     0.813     0.173     0.555
 8     0.575    -0.387    -0.721
 8     0.091     0.905    -0.414
 9   136.690    15.932    -3.068
 9     0.227     0.947    -0.229
 9    -0.733     0.011    -0.680
 9    -0.642     0.322     0.696
 2    96.645   -18.405    60.044
 2     0.158    -0.987    -0.004
 2     0.986     0.158     0.037
 2    -0.037    -0.010     0.999
 3   126.664    -3.048     2.083
 3     0.323     0.153    -0.934
 3    -0.222     0.971     0.083
 3     0.920     0.180     0.347
 4   109.146   -17.406    -8.274
 4     0.491     0.498     0.714
 4    -0.800     0.582     0.145
 4    -0.343    -0.643     0.684
 5   120.499   -29.236    10.631
 5     0.661     0.218     0.718
 5    -0.517    -0.562     0.646
 5     0.544    -0.798    -0.259
 6   133.812   -15.704     3.725
 6     0.480    -0.765    -0.430
 6     0.721     0.066     0.689
 6    -0.498    -0.641     0.584
 7   112.558    13.400    -6.947
 7     0.639    -0.431     0.637
 7     0.751     0.527    -0.397
 7    -0.165     0.732     0.661
 8   125.686    25.968    10.445
 8     0.825     0.196     0.529
 8     0.549    -0.497    -0.672
 8     0.131     0.845    -0.518
 9   136.228    16.302    -2.687
 9     0.201     0.955    -0.216
 9    -0.640    -0.038    -0.767
 9    -0.742     0.292     0.604
 2    96.645   -18.405    60.044
 2     0.158    -0.987    -0.004
 2     0.986     0.158     0.037
 2    -0.037    -0.010     0.999
 3   126.665    -3.123     2.033
 3     0.323     0.155    -0.934
 3    -0.221     0.972     0.084
 3     0.920     0.178     0.348
 4   109.102   -17.578    -8.237
 4     0.482     0.516     0.708
 4    -0.812     0.567     0.140
 4    -0.329    -0.642     0.692
 5   120.635   -28.252    11.496
 5     0.672     0.220     0.707
 5    -0.474    -0.606     0.639
 5     0.569    -0.764    -0.303
 6   133.451   -15.062     4.013
 6     0.458    -0.751    -0.475
 6     0.677    -0.051     0.734
 6    -0.576    -0.658     0.485
 7   112.681    13.411    -6.890
 7     0.633    -0.451     0.630
 7     0.758     0.524    -0.387
 7    -0.156     0.722     0.673
 8   125.963    24.422    11.738
 8     0.832     0.200     0.518
 8     0.525    -0.584    -0.619
 8     0.178     0.787    -0.591
 9   136.000    16.634    -1.897
 9     0.189     0.956    -0.225
 9    -0.559    -0.083    -0.825
 9    -0.807     0.282     0.519
 2    96.646   -18.406    60.044
 2     0.159    -0.987    -0.004
 2     0.986     0.158     0.038
 2    -0.037    -0.010     0.999
 3   126.673    -3.117     2.025
 3     0.323     0.153    -0.934
 3    -0.215     0.973     0.085
 3     0.921     0.173     0.348
 4   109.045   -17.742    -8.072
 4     0.477     0.535     0.697
 4    -0.823     0.550     0.141
 4    -0.308    -0.641     0.703
 5   120.517   -27.696    12.116
 5     0.671     0.221     0.708
 5    -0.455    -0.631     0.628
 5     0.586    -0.744    -0.323
 6   133.019   -15.275     3.905
 6     0.452    -0.785    -0.424
 6     0.659    -0.026     0.751
 6    -0.601    -0.619     0.506
 7   112.719    13.492    -6.901
 7     0.633    -0.458     0.624
 7     0.759     0.524    -0.385
 7    -0.151     0.718     0.679
 8   126.039    23.569    12.332
 8     0.834     0.193     0.517
 8     0.510    -0.628    -0.588
 8     0.211     0.754    -0.622
 9   135.989    16.772    -1.268
 9     0.191     0.954    -0.232
 9    -0.518    -0.102    -0.849
 9    -0.833     0.282     0.475
 2    96.646   -18.406    60.044
 2     0.159    -0.987    -0.004
 2     0.986     0.158     0.038
 2    -0.037    -0.010     0.999
 3   126.679    -3.115     2.068
 3     0.322     0.154    -0.934
 3    -0.214     0.973     0.086
 3     0.922     0.172     0.346
 4   109.049   -17.768    -8.077
 4     0.474     0.539     0.696
 4    -0.825     0.547     0.139
 4    -0.306    -0.640     0.705
 5   120.496   -27.506    12.385
 5     0.669     0.224     0.708
 5    -0.445    -0.643     0.623
 5     0.595    -0.733    -0.331
 6   132.860   -15.192     4.076
 6     0.448    -0.784    -0.429
 6     0.645    -0.049     0.763
 6    -0.619    -0.618     0.484
 7   112.725    13.494    -6.853
 7     0.632    -0.462     0.622
 7     0.760     0.525    -0.383
 7    -0.149     0.715     0.683
 8   126.162    22.906    12.836
 8     0.837     0.190     0.512
 8     0.495    -0.662    -0.563
 8     0.232     0.725    -0.649
 9   135.690    16.944    -0.900
 9     0.180     0.955    -0.234
 9    -0.471    -0.125    -0.873
 9    -0.863     0.268     0.427
 2    96.696   -18.405    60.044
 2     0.158    -0.987    -0.004
 2     0.986     0.158     0.038
 2    -0.037    -0.010     0.999
 3   126.681    -3.113     2.069
 3     0.323     0.154    -0.934
 3    -0.212     0.973     0.087
 3     0.922     0.169     0.347
 4   109.041   -17.863    -7.970
 4     0.473     0.542     0.694
 4    -0.828     0.542     0.142
 4    -0.299    -0.643     0.705
 5   120.644   -27.032    12.764
 5     0.677     0.227     0.700
 5    -0.425    -0.657     0.623
 5     0.601    -0.719    -0.348
 6   132.744   -15.142     3.872
 6     0.434    -0.799    -0.416
 6     0.632    -0.058     0.772
 6    -0.642    -0.598     0.480
 7   112.729    13.469    -6.956
 7     0.633    -0.465     0.619
 7     0.760     0.526    -0.382
 7    -0.148     0.712     0.686
 8   126.424    22.081    13.131
 8     0.846     0.184     0.500
 8     0.472    -0.694    -0.544
 8     0.247     0.696    -0.674
 9   135.659    16.596    -0.765
 9     0.167     0.956    -0.240
 9    -0.439    -0.146    -0.886
 9    -0.883     0.253     0.396
 2    96.645   -18.405    60.044
 2     0.158    -0.987    -0.004
 2     0.986     0.158     0.038
 2    -0.037    -0.010     0.999
 3   126.639    -3.158     2.061
 3     0.323     0.153    -0.934
 3    -0.207     0.974     0.087
 3     0.923     0.165     0.347
 4   109.053   -17.986    -7.883
 4     0.473     0.543     0.694
 4    -0.830     0.537     0.146
 4    -0.294    -0.645     0.705
 5   120.931   -26.713    13.112
 5     0.688     0.223     0.690
 5    -0.406    -0.671     0.621
 5     0.602    -0.707    -0.371
 6   132.529   -14.940     3.647
 6     0.419    -0.812    -0.407
 6     0.618    -0.073     0.782
 6    -0.665    -0.580     0.471
 7   112.714    13.473    -6.964
 7     0.631    -0.473     0.615
 7     0.762     0.525    -0.379
 7    -0.144     0.708     0.691
 8   126.519    21.256    13.374
 8     0.855     0.169     0.490
 8     0.447    -0.721    -0.531
 8     0.264     0.672    -0.691
 9   135.430    16.280    -0.277
 9     0.159     0.955    -0.250
 9    -0.408    -0.167    -0.897
 9    -0.899     0.245     0.363
 2    96.646   -18.405    59.993
 2     0.158    -0.987    -0.004
 2     0.986     0.158     0.038
 2    -0.037    -0.010     0.999
 3   126.690    -3.204     2.062
 3     0.325     0.151    -0.933
 3    -0.203     0.975     0.087
 3     0.923     0.161     0.348
 4   109.068   -18.132    -7.774
 4     0.474     0.543     0.693
 4    -0.832     0.534     0.150
 4    -0.288    -0.648     0.705
 5   121.204   -26.349    13.244
 5     0.698     0.223     0.681
 5    -0.392    -0.677     0.623
 5     0.600    -0.701    -0.385
 6   132.529   -14.729     3.615
 6     0.406    -0.824    -0.396
 6     0.612    -0.077     0.787
 6    -0.679    -0.562     0.473
 7   112.727    13.479    -6.925
 7     0.630    -0.479     0.611
 7     0.764     0.522    -0.379
 7    -0.139     0.706     0.695
 8   126.534    20.562    13.834
 8     0.861     0.142     0.489
 8     0.420    -0.742    -0.523
 8     0.288     0.655    -0.699
 9   135.433    15.955     0.176
 9     0.155     0.954    -0.256
 9    -0.389    -0.180    -0.903
 9    -0.908     0.240     0.343
 2    96.646   -18.406    60.044
 2     0.159    -0.987    -0.004
 2     0.986     0.158     0.037
 2    -0.037    -0.010     0.999
 3   126.697    -3.200     2.054
 3     0.326     0.148    -0.933
 3    -0.200     0.976     0.085
 3     0.924     0.158     0.348
 4   109.026   -18.204    -7.601
 4     0.477     0.536     0.696
 4    -0.831     0.533     0.159
 4    -0.286    -0.655     0.700
 5   121.544   -26.061    13.437
 5     0.711     0.222     0.667
 5    -0.374    -0.684     0.626
 5     0.595    -0.695    -0.403
 6   132.528   -14.441     3.436
 6     0.389    -0.833    -0.393
 6     0.605    -0.090     0.790
 6    -0.694    -0.546     0.469
 7   112.643    13.485    -6.943
 7     0.629    -0.486     0.607
 7     0.766     0.519    -0.378
 7    -0.132     0.703     0.698
 8   126.585    20.013    14.133
 8     0.869     0.117     0.481
 8     0.390    -0.761    -0.519
 8     0.306     0.638    -0.706
 9   135.139    15.211     0.524
 9     0.141     0.959    -0.246
 9    -0.365    -0.181    -0.913
 9    -0.920     0.219     0.324
 2    96.645   -18.405    60.044
 2     0.158    -0.987    -0.004
 2     0.986     0.158     0.038
 2    -0.037    -0.010     0.999
 3   126.598    -3.144     2.053
 3     0.328     0.145    -0.933
 3    -0.195     0.977     0.083
 3     0.924     0.154     0.349
 4   108.868   -18.324    -7.333
 4     0.478     0.529     0.701
 4    -0.832     0.528     0.169
 4    -0.281    -0.664     0.693
 5   122.011   -25.565    13.815
 5     0.730     0.216     0.648
 5    -0.347    -0.700     0.624
 5     0.588    -0.681    -0.436
 6   132.379   -14.197     3.130
 6     0.363    -0.851    -0.379
 6     0.588    -0.106     0.802
 6    -0.723    -0.514     0.462
 7   112.590    13.622    -6.869
 7     0.627    -0.493     0.603
 7     0.769     0.513    -0.381
 7    -0.122     0.703     0.701
 8   126.720    18.829    14.643
 8     0.881     0.082     0.465
 8     0.340    -0.793    -0.506
 8     0.327     0.604    -0.727
 9   134.997    14.409     1.039
 9     0.132     0.963    -0.235
 9    -0.323    -0.182    -0.929
 9    -0.937     0.199     0.287
 2    96.646   -18.456    60.044
 2     0.159    -0.987    -0.004
 2     0.986     0.158     0.037
 2    -0.037    -0.010     0.999
 3   126.549    -3.087     2.103
 3     0.332     0.139    -0.933
 3    -0.189     0.979     0.079
 3     0.924     0.150     0.351
 4   108.838   -18.542    -7.096
 4     0.484     0.517     0.705
 4    -0.831     0.525     0.184
 4    -0.275    -0.676     0.684
 5   122.423   -24.967    14.145
 5     0.750     0.214     0.625
 5    -0.317    -0.714     0.625
 5     0.580    -0.667    -0.468
 6   132.056   -13.875     2.744
 6     0.333    -0.865    -0.375
 6     0.572    -0.131     0.810
 6    -0.750    -0.484     0.451
 7   112.488    13.819    -6.724
 7     0.628    -0.503     0.594
 7     0.771     0.501    -0.392
 7    -0.101     0.704     0.703
 8   126.727    17.422    15.305
 8     0.890     0.038     0.454
 8     0.284    -0.825    -0.488
 8     0.356     0.563    -0.746
 9   134.713    13.851     1.814
 9     0.134     0.967    -0.217
 9    -0.279    -0.173    -0.945
 9    -0.951     0.187     0.246
 2    96.648   -18.456    60.041
 2     0.159    -0.987    -0.004
 2     0.986     0.159     0.037
 2    -0.036    -0.010     0.999
 3   126.468    -3.004     2.160
 3     0.338     0.128    -0.932
 3    -0.182     0.981     0.069
 3     0.923     0.146     0.355
 4   108.812   -18.706    -6.713
 4     0.492     0.504     0.710
 4    -0.828     0.522     0.204
 4    -0.267    -0.688     0.674
 5   122.695   -24.549    14.529
 5     0.761     0.220     0.610
 5    -0.294    -0.721     0.627
 5     0.578    -0.657    -0.484
 6   131.967   -13.465     2.972
 6     0.315    -0.879    -0.357
 6     0.561    -0.131     0.817
 6    -0.765    -0.458     0.452
 7   112.523    13.910    -6.591
 7     0.629    -0.509     0.587
 7     0.772     0.492    -0.401
 7    -0.085     0.706     0.703
 8   126.621    16.270    15.875
 8     0.892     0.004     0.451
 8     0.241    -0.850    -0.468
 8     0.381     0.526    -0.760
 9   134.547    13.303     2.439
 9     0.137     0.972    -0.192
 9    -0.234    -0.156    -0.960
 9    -0.963     0.176     0.206
 2    96.646   -18.456    60.044
 2     0.159    -0.987    -0.004
 2     0.986     0.158     0.037
 2    -0.037    -0.010     0.999
 3   126.367    -2.847     2.235
 3     0.341     0.120    -0.932
 3    -0.177     0.982     0.062
 3     0.923     0.144     0.356
 4   108.891   -18.921    -6.471
 4     0.498     0.501     0.708
 4    -0.829     0.514     0.219
 4    -0.255    -0.696     0.672
 5   123.163   -23.763    15.075
 5     0.773     0.225     0.592
 5    -0.256    -0.744     0.617
 5     0.580    -0.629    -0.518
 6   131.779   -13.326     2.678
 6     0.296    -0.889    -0.349
 6     0.534    -0.148     0.832
 6    -0.792    -0.433     0.431
 7   112.547    14.081    -6.419
 7     0.630    -0.521     0.576
 7     0.774     0.482    -0.410
 7    -0.064     0.705     0.706
 8   126.453    15.263    16.334
 8     0.895    -0.030     0.445
 8     0.195    -0.871    -0.450
 8     0.401     0.490    -0.774
 9   134.052    12.778     3.287
 9     0.144     0.979    -0.140
 9    -0.180    -0.112    -0.977
 9    -0.973     0.166     0.160
 2    96.648   -18.456    60.041
 2     0.159    -0.987    -0.004
 2     0.986     0.158     0.037
 2    -0.036    -0.010     0.999
 3   126.335    -2.820     2.241
 3     0.344     0.112    -0.932
 3    -0.174     0.983     0.053
 3     0.922     0.143     0.358
 4   109.035   -19.087    -6.298
 4     0.506     0.498     0.704
 4    -0.826     0.513     0.231
 4    -0.246    -0.699     0.672
 5   123.247   -23.500    15.289
 5     0.775     0.233     0.586
 5    -0.241    -0.749     0.617
 5     0.583    -0.620    -0.525
 6   131.736   -13.166     2.798
 6     0.287    -0.896    -0.337
 6     0.523    -0.149     0.839
 6    -0.803    -0.417     0.426
 7   112.493    14.277    -6.141
 7     0.628    -0.534     0.566
 7     0.777     0.471    -0.417
 7    -0.044     0.701     0.711
 8   126.418    14.100    16.732
 8     0.897    -0.059     0.438
