2 	  32.61	  -6.75	  23.10
	  0.159	  0.986	 -0.036
	 -0.987	  0.159	 -0.009
	 -0.003	  0.037	  0.999

3 	  41.73	  -0.18	   2.55
	  0.348	 -0.178	  0.920
	  0.014	  0.983	  0.184
	 -0.937	 -0.051	  0.344

4 	  36.44	  -6.77	  -2.36
	  0.556	 -0.830	 -0.026
	  0.642	  0.450	 -0.620
	  0.526	  0.328	  0.784

5 	  39.16	  -8.58	   8.26
	  0.575	 -0.254	  0.777
	  0.387	 -0.753	 -0.533
	  0.720	  0.607	 -0.335

6 	  46.71	  -8.63	  15.15
	  0.673	  0.066	  0.737
	  0.623	  0.486	 -0.613
	 -0.399	  0.871	  0.286

7 	  37.53	   6.70	  -1.74
	  0.570	  0.806	  0.154
	 -0.666	  0.344	  0.661
	  0.480	 -0.480	  0.734

8 	  39.30	   7.61	   9.60
	  0.546	  0.175	  0.819
	 -0.442	 -0.770	  0.459
	  0.712	 -0.613	 -0.343

9 	  47.11	   8.03	  15.10
	  0.791	 -0.093	  0.604
	 -0.522	  0.413	  0.746
	 -0.319	 -0.906	  0.278

2 	  32.61	  -6.75	  23.10
	  0.159	  0.986	 -0.036
	 -0.987	  0.158	 -0.009
	 -0.003	  0.037	  0.999

3 	  41.73	  -0.18	   2.57
	  0.346	 -0.177	  0.921
	  0.015	  0.983	  0.183
	 -0.938	 -0.050	  0.343

4 	  36.46	  -6.75	  -2.37
	  0.559	 -0.829	 -0.027
	  0.642	  0.453	 -0.618
	  0.524	  0.328	  0.786

5 	  39.16	  -8.58	   8.26
	  0.576	 -0.255	  0.777
	  0.387	 -0.752	 -0.533
	  0.720	  0.608	 -0.335

6 	  46.71	  -8.61	  15.15
	  0.673	  0.067	  0.736
	  0.622	  0.487	 -0.613
	 -0.400	  0.870	  0.286

7 	  37.53	   6.68	  -1.74
	  0.571	  0.806	  0.155
	 -0.667	  0.345	  0.661
	  0.479	 -0.481	  0.734

8 	  39.30	   7.61	   9.62
	  0.545	  0.176	  0.819
	 -0.442	 -0.771	  0.459
	  0.712	 -0.613	 -0.343

9 	  47.11	   8.03	  15.10
	  0.792	 -0.092	  0.604
	 -0.522	  0.412	  0.747
	 -0.318	 -0.906	  0.278

2 	  32.59	  -6.75	  23.10
	  0.159	  0.986	 -0.036
	 -0.987	  0.158	 -0.010
	 -0.004	  0.037	  0.999

3 	  41.75	  -0.19	   2.57
	  0.345	 -0.177	  0.922
	  0.015	  0.983	  0.183
	 -0.938	 -0.049	  0.341

4 	  36.47	  -6.73	  -2.39
	  0.564	 -0.825	 -0.031
	  0.640	  0.460	 -0.615
	  0.522	  0.327	  0.788

5 	  39.22	  -8.58	   8.23
	  0.577	 -0.256	  0.776
	  0.392	 -0.746	 -0.538
	  0.716	  0.614	 -0.331

6 	  46.71	  -8.61	  15.17
	  0.671	  0.068	  0.738
	  0.622	  0.491	 -0.611
	 -0.404	  0.868	  0.287

7 	  37.53	   6.66	  -1.74
	  0.571	  0.806	  0.155
	 -0.667	  0.345	  0.660
	  0.478	 -0.480	  0.735

8 	  39.30	   7.61	   9.62
	  0.545	  0.176	  0.819
	 -0.442	 -0.771	  0.459
	  0.712	 -0.613	 -0.343

9 	  47.11	   8.05	  15.10
	  0.792	 -0.092	  0.604
	 -0.522	  0.413	  0.746
	 -0.318	 -0.906	  0.279

2 	  32.59	  -6.75	  23.10
	  0.159	  0.986	 -0.036
	 -0.987	  0.159	 -0.010
	 -0.004	  0.037	  0.999

3 	  41.77	  -0.19	   2.55
	  0.345	 -0.178	  0.921
	  0.015	  0.983	  0.184
	 -0.938	 -0.050	  0.341

4 	  36.49	  -6.75	  -2.43
	  0.564	 -0.825	 -0.034
	  0.641	  0.463	 -0.612
	  0.521	  0.323	  0.790

5 	  39.23	  -8.58	   8.19
	  0.577	 -0.255	  0.775
	  0.394	 -0.745	 -0.539
	  0.715	  0.616	 -0.330

6 	  46.72	  -8.61	  15.15
	  0.669	  0.069	  0.740
	  0.622	  0.493	 -0.608
	 -0.408	  0.867	  0.287

7 	  37.55	   6.66	  -1.76
	  0.571	  0.806	  0.153
	 -0.667	  0.347	  0.660
	  0.479	 -0.479	  0.735

8 	  39.30	   7.61	   9.60
	  0.545	  0.176	  0.819
	 -0.442	 -0.770	  0.459
	  0.712	 -0.613	 -0.342

9 	  47.11	   8.05	  15.08
	  0.791	 -0.091	  0.605
	 -0.522	  0.414	  0.745
	 -0.318	 -0.906	  0.280

2 	  32.61	  -6.75	  23.10
	  0.159	  0.986	 -0.037
	 -0.987	  0.158	 -0.010
	 -0.004	  0.037	  0.999

3 	  41.78	  -0.19	   2.53
	  0.345	 -0.178	  0.921
	  0.015	  0.983	  0.184
	 -0.938	 -0.050	  0.342

4 	  36.49	  -6.77	  -2.43
	  0.561	 -0.827	 -0.039
	  0.642	  0.464	 -0.609
	  0.522	  0.317	  0.792

5 	  39.25	  -8.60	   8.17
	  0.578	 -0.254	  0.775
	  0.392	 -0.746	 -0.538
	  0.715	  0.615	 -0.332

6 	  46.74	  -8.63	  15.08
	  0.666	  0.069	  0.742
	  0.620	  0.501	 -0.603
	 -0.414	  0.862	  0.291

7 	  37.55	   6.64	  -1.79
	  0.572	  0.806	  0.151
	 -0.666	  0.349	  0.659
	  0.479	 -0.477	  0.737

8 	  39.32	   7.61	   9.60
	  0.545	  0.176	  0.820
	 -0.443	 -0.770	  0.459
	  0.712	 -0.614	 -0.342

9 	  47.13	   8.05	  15.08
	  0.788	 -0.093	  0.609
	 -0.524	  0.417	  0.742
	 -0.323	 -0.904	  0.280

2 	  32.59	  -6.75	  23.10
	  0.159	  0.986	 -0.037
	 -0.987	  0.158	 -0.010
	 -0.004	  0.037	  0.999

3 	  41.80	  -0.21	   2.51
	  0.345	 -0.178	  0.921
	  0.015	  0.983	  0.184
	 -0.938	 -0.050	  0.341

4 	  36.47	  -6.80	  -2.46
	  0.559	 -0.827	 -0.049
	  0.637	  0.467	 -0.613
	  0.530	  0.311	  0.789

5 	  39.45	  -8.67	   8.00
	  0.588	 -0.254	  0.768
	  0.394	 -0.739	 -0.547
	  0.706	  0.624	 -0.335

6 	  46.92	  -8.70	  14.92
	  0.657	  0.069	  0.751
	  0.603	  0.550	 -0.578
	 -0.453	  0.832	  0.319

7 	  37.56	   6.63	  -1.81
	  0.572	  0.807	  0.148
	 -0.666	  0.351	  0.658
	  0.479	 -0.475	  0.738

8 	  39.34	   7.63	   9.54
	  0.547	  0.177	  0.818
	 -0.443	 -0.768	  0.463
	  0.710	 -0.615	 -0.342

9 	  47.14	   8.09	  15.01
	  0.788	 -0.094	  0.608
	 -0.521	  0.424	  0.741
	 -0.327	 -0.901	  0.286

2 	  32.59	  -6.75	  23.10
	  0.159	  0.986	 -0.037
	 -0.987	  0.158	 -0.010
	 -0.004	  0.037	  0.999

3 	  41.80	  -0.23	   2.51
	  0.343	 -0.178	  0.922
	  0.014	  0.982	  0.185
	 -0.939	 -0.050	  0.340

4 	  36.49	  -6.79	  -2.57
	  0.566	 -0.821	 -0.076
	  0.612	  0.480	 -0.628
	  0.552	  0.309	  0.775

5 	  39.53	  -8.89	   7.77
	  0.591	 -0.268	  0.761
	  0.403	 -0.719	 -0.566
	  0.699	  0.641	 -0.317

6 	  46.86	  -8.89	  14.80
	  0.652	  0.068	  0.755
	  0.588	  0.582	 -0.561
	 -0.478	  0.810	  0.339

7 	  37.55	   6.61	  -1.83
	  0.568	  0.810	  0.142
	 -0.666	  0.351	  0.658
	  0.483	 -0.469	  0.739

8 	  39.20	   7.77	   9.51
	  0.549	  0.207	  0.810
	 -0.406	 -0.781	  0.474
	  0.731	 -0.589	 -0.345

9 	  47.14	   8.47	  14.78
	  0.812	 -0.067	  0.579
	 -0.513	  0.391	  0.764
	 -0.278	 -0.918	  0.284

2 	  32.59	  -6.75	  23.10
	  0.159	  0.986	 -0.036
	 -0.987	  0.158	 -0.010
	 -0.004	  0.037	  0.999

3 	  41.80	  -0.23	   2.51
	  0.344	 -0.178	  0.922
	  0.012	  0.982	  0.185
	 -0.939	 -0.052	  0.340

4 	  36.47	  -6.75	  -2.67
	  0.568	 -0.817	 -0.099
	  0.595	  0.491	 -0.636
	  0.568	  0.302	  0.766

5 	  39.46	  -9.12	   7.59
	  0.581	 -0.296	  0.758
	  0.402	 -0.705	 -0.583
	  0.707	  0.644	 -0.291

6 	  46.72	  -9.30	  14.71
	  0.643	  0.049	  0.764
	  0.600	  0.586	 -0.544
	 -0.475	  0.808	  0.347

7 	  37.46	   6.56	  -1.86
	  0.559	  0.818	  0.133
	 -0.666	  0.347	  0.660
	  0.494	 -0.458	  0.739

8 	  39.02	   8.00	   9.39
	  0.539	  0.266	  0.799
	 -0.338	 -0.801	  0.494
	  0.771	 -0.537	 -0.342

9 	  46.92	   9.39	  14.59
	  0.821	  0.001	  0.570
	 -0.533	  0.359	  0.766
	 -0.204	 -0.933	  0.295

2 	  32.61	  -6.75	  23.10
	  0.159	  0.986	 -0.037
	 -0.987	  0.158	 -0.009
	 -0.004	  0.037	  0.999

3 	  41.78	  -0.25	   2.48
	  0.345	 -0.179	  0.921
	  0.013	  0.982	  0.185
	 -0.938	 -0.052	  0.341

4 	  36.37	  -6.68	  -2.74
	  0.559	 -0.820	 -0.121
	  0.590	  0.496	 -0.637
	  0.582	  0.285	  0.761

5 	  39.16	  -9.40	   7.35
	  0.557	 -0.346	  0.755
	  0.376	 -0.705	 -0.601
	  0.740	  0.619	 -0.263

6 	  46.30	 -10.30	  14.62
	  0.627	 -0.013	  0.779
	  0.645	  0.568	 -0.510
	 -0.437	  0.823	  0.364

7 	  37.42	   6.54	  -1.92
	  0.559	  0.820	  0.121
	 -0.661	  0.352	  0.662
	  0.501	 -0.450	  0.739

8 	  38.83	   8.49	   9.16
	  0.517	  0.342	  0.785
	 -0.288	 -0.794	  0.535
	  0.806	 -0.503	 -0.312

9 	  46.67	  10.55	  14.26
	  0.817	  0.076	  0.571
	 -0.555	  0.371	  0.744
	 -0.156	 -0.925	  0.345

2 	  32.61	  -6.75	  23.10
	  0.159	  0.986	 -0.036
	 -0.987	  0.158	 -0.009
	 -0.004	  0.037	  0.999

3 	  41.77	  -0.28	   2.44
	  0.346	 -0.181	  0.921
	  0.016	  0.982	  0.187
	 -0.938	 -0.049	  0.342

4 	  36.30	  -6.64	  -2.87
	  0.549	 -0.823	 -0.141
	  0.587	  0.501	 -0.636
	  0.594	  0.267	  0.758

5 	  38.99	  -9.69	   7.12
	  0.533	 -0.393	  0.749
	  0.354	 -0.700	 -0.620
	  0.768	  0.596	 -0.235

6 	  45.86	 -11.25	  14.43
	  0.603	 -0.077	  0.794
	  0.682	  0.564	 -0.464
	 -0.413	  0.822	  0.393

7 	  37.41	   6.50	  -1.99
	  0.559	  0.822	  0.108
	 -0.653	  0.356	  0.668
	  0.510	 -0.445	  0.736

8 	  38.64	   8.88	   8.95
	  0.493	  0.406	  0.770
	 -0.246	 -0.783	  0.570
	  0.834	 -0.471	 -0.286

9 	  46.25	  11.65	  14.01
	  0.802	  0.148	  0.578
	 -0.587	  0.373	  0.719
	 -0.109	 -0.916	  0.386

2 	  32.59	  -6.75	  23.10
	  0.159	  0.986	 -0.036
	 -0.987	  0.159	 -0.009
	 -0.004	  0.037	  0.999

3 	  41.75	  -0.28	   2.39
	  0.347	 -0.185	  0.919
	  0.021	  0.981	  0.189
	 -0.938	 -0.047	  0.345

4 	  36.21	  -6.56	  -2.97
	  0.539	 -0.826	 -0.166
	  0.583	  0.508	 -0.634
	  0.608	  0.245	  0.755

5 	  38.81	  -9.98	   6.87
	  0.514	 -0.434	  0.740
	  0.336	 -0.692	 -0.639
	  0.789	  0.577	 -0.210

6 	  45.67	 -11.87	  14.20
	  0.596	 -0.117	  0.794
	  0.697	  0.565	 -0.440
	 -0.398	  0.816	  0.418

7 	  37.41	   6.47	  -2.04
	  0.563	  0.820	  0.097
	 -0.643	  0.361	  0.675
	  0.519	 -0.443	  0.731

8 	  38.44	   9.21	   8.75
	  0.465	  0.458	  0.757
	 -0.216	 -0.771	  0.599
	  0.858	 -0.442	 -0.260

9 	  45.84	  12.50	  13.85
	  0.782	  0.202	  0.590
	 -0.618	  0.380	  0.688
	 -0.085	 -0.903	  0.422

2 	  32.61	  -6.75	  23.10
	  0.159	  0.986	 -0.036
	 -0.987	  0.158	 -0.010
	 -0.004	  0.037	  0.999

3 	  41.77	  -0.33	   2.34
	  0.349	 -0.193	  0.917
	  0.029	  0.980	  0.195
	 -0.937	 -0.041	  0.348

4 	  36.12	  -6.50	  -3.08
	  0.525	 -0.830	 -0.187
	  0.581	  0.511	 -0.633
	  0.621	  0.224	  0.751

5 	  38.64	 -10.27	   6.63
	  0.498	 -0.473	  0.727
	  0.318	 -0.680	 -0.660
	  0.807	  0.560	 -0.188

6 	  45.39	 -12.62	  13.90
	  0.585	 -0.164	  0.794
	  0.717	  0.561	 -0.413
	 -0.378	  0.811	  0.446

7 	  37.42	   6.45	  -2.07
	  0.567	  0.818	  0.090
	 -0.633	  0.363	  0.683
	  0.526	 -0.445	  0.724

8 	  38.16	   9.51	   8.58
	  0.440	  0.502	  0.744
	 -0.198	 -0.755	  0.625
	  0.876	 -0.423	 -0.233

9 	  45.47	  13.25	  13.61
	  0.770	  0.242	  0.590
	 -0.634	  0.388	  0.668
	 -0.067	 -0.889	  0.452

2 	  32.59	  -6.75	  23.10
	  0.159	  0.986	 -0.036
	 -0.987	  0.158	 -0.010
	 -0.004	  0.037	  0.999

3 	  41.75	  -0.37	   2.32
	  0.350	 -0.200	  0.915
	  0.033	  0.979	  0.201
	 -0.936	 -0.040	  0.349

4 	  36.04	  -6.40	  -3.16
	  0.514	 -0.832	 -0.207
	  0.579	  0.515	 -0.631
	  0.632	  0.205	  0.747

5 	  38.46	 -10.51	   6.40
	  0.483	 -0.506	  0.714
	  0.306	 -0.667	 -0.679
	  0.820	  0.547	 -0.168

6 	  45.14	 -13.25	  13.57
	  0.579	 -0.202	  0.790
	  0.732	  0.556	 -0.394
	 -0.360	  0.806	  0.470

7 	  37.39	   6.43	  -2.07
	  0.570	  0.817	  0.084
	 -0.624	  0.363	  0.692
	  0.535	 -0.447	  0.717

8 	  37.86	   9.93	   8.26
	  0.410	  0.558	  0.721
	 -0.184	 -0.724	  0.664
	  0.893	 -0.405	 -0.194

9 	  45.02	  14.13	  13.22
	  0.756	  0.293	  0.585
	 -0.652	  0.415	  0.634
	 -0.057	 -0.861	  0.505

2 	  32.61	  -6.73	  23.10
	  0.158	  0.986	 -0.037
	 -0.987	  0.158	 -0.010
	 -0.004	  0.037	  0.999

3 	  41.77	  -0.39	   2.25
	  0.354	 -0.207	  0.912
	  0.038	  0.977	  0.207
	 -0.935	 -0.038	  0.354

4 	  35.96	  -6.36	  -3.22
	  0.505	 -0.835	 -0.217
	  0.581	  0.516	 -0.630
	  0.638	  0.192	  0.745

5 	  38.34	 -10.60	   6.24
	  0.471	 -0.526	  0.707
	  0.296	 -0.662	 -0.689
	  0.831	  0.534	 -0.156

6 	  44.84	 -13.75	  13.43
	  0.567	 -0.234	  0.790
	  0.754	  0.532	 -0.385
	 -0.330	  0.814	  0.478

7 	  37.32	   6.42	  -2.14
	  0.569	  0.819	  0.069
	 -0.612	  0.366	  0.701
	  0.549	 -0.442	  0.709

8 	  37.56	  10.48	   7.82
	  0.381	  0.632	  0.674
	 -0.141	 -0.682	  0.718
	  0.914	 -0.368	 -0.171

9 	  44.60	  15.38	  12.34
	  0.746	  0.372	  0.552
	 -0.666	  0.427	  0.611
	 -0.009	 -0.824	  0.567

2 	  32.61	  -6.75	  23.10
	  0.159	  0.986	 -0.037
	 -0.987	  0.158	 -0.010
	 -0.004	  0.037	  0.999

3 	  41.75	  -0.39	   2.21
	  0.355	 -0.209	  0.911
	  0.040	  0.977	  0.209
	 -0.934	 -0.037	  0.355

4 	  35.95	  -6.33	  -3.23
	  0.502	 -0.836	 -0.222
	  0.581	  0.516	 -0.629
	  0.640	  0.187	  0.745

5 	  38.14	 -10.67	   6.17
	  0.457	 -0.541	  0.706
	  0.294	 -0.657	 -0.694
	  0.839	  0.525	 -0.141

6 	  44.63	 -13.97	  13.36
	  0.557	 -0.249	  0.792
	  0.766	  0.522	 -0.375
	 -0.321	  0.815	  0.481

7 	  37.27	   6.38	  -2.23
	  0.568	  0.822	  0.049
	 -0.601	  0.373	  0.707
	  0.563	 -0.431	  0.705

8 	  37.42	  10.93	   7.40
	  0.357	  0.698	  0.620
	 -0.075	 -0.641	  0.764
	  0.931	 -0.320	 -0.177

9 	  44.31	  16.54	  11.41
	  0.734	  0.450	  0.508
	 -0.677	  0.420	  0.605
	  0.059	 -0.788	  0.613

2 	  32.59	  -6.75	  23.10
	  0.159	  0.986	 -0.036
	 -0.987	  0.158	 -0.010
	 -0.004	  0.037	  0.999

3 	  41.75	  -0.39	   2.18
	  0.357	 -0.212	  0.909
	  0.044	  0.977	  0.210
	 -0.933	 -0.035	  0.358

4 	  35.88	  -6.22	  -3.32
	  0.494	 -0.838	 -0.234
	  0.584	  0.518	 -0.625
	  0.644	  0.172	  0.745

5 	  38.00	 -10.78	   6.03
	  0.443	 -0.558	  0.702
	  0.286	 -0.654	 -0.700
	  0.849	  0.511	 -0.131

6 	  44.40	 -14.27	  13.25
	  0.547	 -0.270	  0.792
	  0.779	  0.510	 -0.364
	 -0.306	  0.816	  0.489

7 	  37.23	   6.35	  -2.27
	  0.572	  0.819	  0.031
	 -0.584	  0.381	  0.716
	  0.575	 -0.428	  0.697

8 	  37.39	  11.21	   7.08
	  0.333	  0.756	  0.564
	  0.022	 -0.604	  0.796
	  0.943	 -0.252	 -0.218

9 	  43.95	  17.65	  10.34
	  0.723	  0.534	  0.437
	 -0.671	  0.395	  0.627
	  0.162	 -0.748	  0.644

2 	  32.61	  -6.75	  23.10
	  0.159	  0.986	 -0.037
	 -0.987	  0.158	 -0.010
	 -0.004	  0.037	  0.999

3 	  41.75	  -0.39	   2.11
	  0.360	 -0.215	  0.908
	  0.047	  0.976	  0.212
	 -0.932	 -0.034	  0.361

4 	  35.82	  -6.15	  -3.41
	  0.482	 -0.841	 -0.245
	  0.591	  0.519	 -0.618
	  0.646	  0.153	  0.747

5 	  37.81	 -10.83	   5.89
	  0.428	 -0.578	  0.695
	  0.272	 -0.651	 -0.709
	  0.862	  0.493	 -0.121

6 	  44.10	 -14.61	  13.04
	  0.539	 -0.295	  0.789
	  0.794	  0.489	 -0.360
	 -0.280	  0.820	  0.498

7 	  37.18	   6.33	  -2.34
	  0.571	  0.821	  0.012
	 -0.573	  0.388	  0.722
	  0.588	 -0.419	  0.691

8 	  37.30	  11.51	   6.79
	  0.308	  0.804	  0.509
	  0.105	 -0.560	  0.821
	  0.945	 -0.200	 -0.257

9 	  43.56	  18.53	   9.33
	  0.707	  0.603	  0.369
	 -0.662	  0.382	  0.644
	  0.248	 -0.700	  0.669

2 	  32.59	  -6.73	  23.10
	  0.159	  0.986	 -0.037
	 -0.987	  0.158	 -0.010
	 -0.004	  0.037	  0.999

3 	  41.75	  -0.37	   2.11
	  0.362	 -0.215	  0.907
	  0.049	  0.976	  0.211
	 -0.931	 -0.032	  0.363

4 	  35.79	  -6.13	  -3.43
	  0.477	 -0.843	 -0.247
	  0.594	  0.516	 -0.617
	  0.647	  0.148	  0.747

5 	  37.74	 -10.86	   5.85
	  0.418	 -0.588	  0.692
	  0.261	 -0.652	 -0.711
	  0.870	  0.478	 -0.119

6 	  43.95	 -14.77	  12.99
	  0.532	 -0.308	  0.789
	  0.805	  0.471	 -0.360
	 -0.261	  0.827	  0.498

7 	  37.11	   6.29	  -2.36
	  0.571	  0.820	 -0.003
	 -0.563	  0.395	  0.726
	  0.597	 -0.413	  0.688

8 	  37.27	  11.69	   6.49
	  0.288	  0.840	  0.459
	  0.177	 -0.518	  0.836
	  0.941	 -0.160	 -0.299

9 	  43.22	  19.21	   8.44
	  0.687	  0.657	  0.311
	 -0.654	  0.371	  0.659
	  0.317	 -0.656	  0.685

2 	  32.59	  -6.73	  23.10
	  0.159	  0.986	 -0.037
	 -0.987	  0.158	 -0.010
	 -0.004	  0.037	  0.999

3 	  41.73	  -0.37	   2.07
	  0.364	 -0.214	  0.906
	  0.049	  0.976	  0.211
	 -0.930	 -0.032	  0.366

4 	  35.77	  -6.08	  -3.48
	  0.474	 -0.843	 -0.254
	  0.594	  0.519	 -0.614
	  0.649	  0.140	  0.747

5 	  37.67	 -10.93	   5.68
	  0.412	 -0.599	  0.687
	  0.263	 -0.643	 -0.719
	  0.872	  0.477	 -0.107

6 	  43.86	 -14.94	  12.83
	  0.529	 -0.318	  0.786
	  0.807	  0.475	 -0.351
	 -0.262	  0.820	  0.508

7 	  37.04	   6.15	  -2.50
	  0.572	  0.819	 -0.034
	 -0.551	  0.415	  0.724
	  0.607	 -0.395	  0.689

8 	  37.21	  11.94	   5.99
	  0.272	  0.872	  0.406
	  0.224	 -0.468	  0.854
	  0.935	 -0.141	 -0.324

9 	  42.87	  19.85	   7.40
	  0.664	  0.702	  0.255
	 -0.651	  0.375	  0.660
	  0.368	 -0.604	  0.706

2 	  32.59	  -6.75	  23.10
	  0.159	  0.986	 -0.037
	 -0.987	  0.158	 -0.010
	 -0.004	  0.037	  0.999

3 	  41.75	  -0.35	   2.04
	  0.366	 -0.213	  0.906
	  0.048	  0.976	  0.210
	 -0.929	 -0.033	  0.367

4 	  35.77	  -6.03	  -3.59
	  0.468	 -0.843	 -0.266
	  0.597	  0.524	 -0.608
	  0.651	  0.125	  0.748

5 	  37.60	 -11.06	   5.52
	  0.404	 -0.615	  0.677
	  0.258	 -0.634	 -0.729
	  0.877	  0.469	 -0.097

6 	  43.73	 -15.31	  12.53
	  0.525	 -0.341	  0.780
	  0.812	  0.474	 -0.340
	 -0.254	  0.812	  0.525

7 	  36.95	   6.06	  -2.62
	  0.563	  0.824	 -0.059
	 -0.547	  0.425	  0.721
	  0.620	 -0.374	  0.690

8 	  37.09	  12.18	   5.59
	  0.255	  0.898	  0.358
	  0.258	 -0.421	  0.869
	  0.931	 -0.130	 -0.340

9 	  42.45	  20.39	   6.43
	  0.645	  0.737	  0.203
	 -0.646	  0.382	  0.661
	  0.409	 -0.557	  0.722

2 	  32.61	  -6.75	  23.10
	  0.159	  0.986	 -0.037
	 -0.987	  0.158	 -0.010
	 -0.004	  0.037	  0.999

3 	  41.73	  -0.35	   2.00
	  0.367	 -0.210	  0.906
	  0.047	  0.977	  0.207
	 -0.929	 -0.034	  0.369

4 	  35.72	  -6.01	  -3.60
	  0.464	 -0.843	 -0.272
	  0.596	  0.525	 -0.608
	  0.655	  0.120	  0.746

5 	  37.56	 -11.11	   5.43
	  0.400	 -0.623	  0.672
	  0.255	 -0.628	 -0.735
	  0.880	  0.466	 -0.093

6 	  43.66	 -15.45	  12.41
	  0.524	 -0.349	  0.777
	  0.814	  0.474	 -0.336
	 -0.251	  0.808	  0.532

7 	  36.88	   6.01	  -2.64
	  0.559	  0.826	 -0.075
	 -0.542	  0.432	  0.721
	  0.628	 -0.362	  0.689

8 	  37.04	  12.30	   5.33
	  0.238	  0.916	  0.322
	  0.305	 -0.385	  0.871
	  0.922	 -0.109	 -0.371

9 	  42.10	  20.78	   5.77
	  0.621	  0.767	  0.158
	 -0.637	  0.377	  0.673
	  0.456	 -0.519	  0.722

2 	  32.59	  -6.75	  23.10
	  0.159	  0.986	 -0.037
	 -0.987	  0.158	 -0.010
	 -0.004	  0.037	  0.999

3 	  41.73	  -0.35	   2.00
	  0.369	 -0.210	  0.905
	  0.047	  0.977	  0.207
	 -0.928	 -0.034	  0.370

4 	  35.70	  -5.99	  -3.64
	  0.462	 -0.842	 -0.278
	  0.594	  0.527	 -0.608
	  0.658	  0.115	  0.744

5 	  37.55	 -11.16	   5.36
	  0.398	 -0.629	  0.668
	  0.251	 -0.625	 -0.739
	  0.882	  0.462	 -0.091

6 	  43.66	 -15.49	  12.34
	  0.523	 -0.354	  0.775
	  0.815	  0.474	 -0.334
	 -0.250	  0.806	  0.536

7 	  36.86	   5.99	  -2.67
	  0.556	  0.827	 -0.083
	 -0.539	  0.435	  0.721
	  0.633	 -0.356	  0.688

8 	  37.00	  12.43	   5.19
	  0.229	  0.926	  0.299
	  0.323	 -0.363	  0.874
	  0.918	 -0.103	 -0.382

9 	  41.89	  20.99	   5.36
	  0.609	  0.782	  0.131
	 -0.633	  0.378	  0.675
	  0.479	 -0.494	  0.725

2 	  32.59	  -6.75	  23.10
	  0.159	  0.986	 -0.037
	 -0.987	  0.158	 -0.010
	 -0.004	  0.037	  0.999

3 	  41.73	  -0.35	   1.97
	  0.373	 -0.220	  0.901
	  0.058	  0.975	  0.213
	 -0.926	 -0.027	  0.377

4 	  35.72	  -5.99	  -3.66
	  0.462	 -0.841	 -0.280
	  0.593	  0.528	 -0.608
	  0.659	  0.115	  0.743

5 	  37.56	 -11.16	   5.31
	  0.394	 -0.632	  0.667
	  0.254	 -0.623	 -0.740
	  0.883	  0.461	 -0.085

6 	  43.65	 -15.54	  12.32
	  0.519	 -0.359	  0.775
	  0.817	  0.473	 -0.329
	 -0.249	  0.804	  0.539

7 	  36.88	   5.99	  -2.67
	  0.557	  0.826	 -0.088
	 -0.537	  0.439	  0.720
	  0.633	 -0.354	  0.688

8 	  37.11	  12.48	   5.03
	  0.210	  0.938	  0.273
	  0.371	 -0.336	  0.865
	  0.904	 -0.080	 -0.419

9 	  41.62	  21.23	   4.85
	  0.580	  0.809	  0.093
	 -0.620	  0.364	  0.695
	  0.529	 -0.461	  0.713

2 	  32.59	  -6.75	  23.10
	  0.159	  0.986	 -0.037
	 -0.987	  0.158	 -0.010
	 -0.004	  0.037	  0.999

3 	  41.75	  -0.37	   2.00
	  0.373	 -0.225	  0.900
	  0.066	  0.974	  0.216
	 -0.926	 -0.021	  0.378

4 	  35.77	  -5.98	  -3.67
	  0.462	 -0.840	 -0.284
	  0.592	  0.531	 -0.606
	  0.660	  0.112	  0.743

5 	  37.56	 -11.23	   5.24
	  0.387	 -0.639	  0.665
	  0.254	 -0.619	 -0.743
	  0.886	  0.456	 -0.077

6 	  43.56	 -15.77	  12.16
	  0.510	 -0.376	  0.773
	  0.827	  0.461	 -0.322
	 -0.236	  0.804	  0.546

7 	  36.93	   5.98	  -2.71
	  0.560	  0.823	 -0.095
	 -0.533	  0.446	  0.719
	  0.634	 -0.352	  0.688

8 	  37.09	  12.55	   4.87
	  0.200	  0.947	  0.250
	  0.397	 -0.312	  0.863
	  0.895	 -0.073	 -0.439

9 	  41.41	  21.50	   4.45
	  0.561	  0.825	  0.059
	 -0.611	  0.365	  0.702
	  0.558	 -0.431	  0.709

2 	  32.59	  -6.73	  23.10
	  0.159	  0.986	 -0.037
	 -0.987	  0.158	 -0.010
	 -0.004	  0.037	  0.999

3 	  41.73	  -0.39	   1.99
	  0.373	 -0.229	  0.899
	  0.072	  0.973	  0.218
	 -0.925	 -0.017	  0.379

4 	  35.77	  -5.98	  -3.67
	  0.461	 -0.840	 -0.286
	  0.592	  0.531	 -0.606
	  0.661	  0.110	  0.742

5 	  37.55	 -11.25	   5.19
	  0.383	 -0.643	  0.663
	  0.254	 -0.616	 -0.745
	  0.888	  0.454	 -0.073

6 	  43.51	 -15.84	  12.15
	  0.504	 -0.383	  0.774
	  0.832	  0.455	 -0.317
	 -0.232	  0.804	  0.548

7 	  36.93	   5.96	  -2.72
	  0.560	  0.822	 -0.100
	 -0.531	  0.449	  0.718
	  0.636	 -0.349	  0.688

8 	  37.14	  12.59	   4.73
	  0.193	  0.954	  0.227
	  0.429	 -0.291	  0.855
	  0.882	 -0.068	 -0.466

9 	  41.26	  21.64	   4.01
	  0.546	  0.837	  0.027
	 -0.598	  0.366	  0.713
	  0.587	 -0.406	  0.700

2 	  32.59	  -6.75	  23.10
	  0.159	  0.986	 -0.037
	 -0.987	  0.158	 -0.010
	 -0.004	  0.038	  0.999

3 	  41.75	  -0.40	   1.99
	  0.373	 -0.232	  0.898
	  0.076	  0.972	  0.219
	 -0.924	 -0.014	  0.381

4 	  35.77	  -5.92	  -3.74
	  0.459	 -0.837	 -0.298
	  0.589	  0.538	 -0.603
	  0.664	  0.101	  0.740

5 	  37.56	 -11.32	   5.03
	  0.381	 -0.655	  0.652
	  0.251	 -0.606	 -0.755
	  0.890	  0.452	 -0.066

6 	  43.45	 -16.08	  11.95
	  0.501	 -0.398	  0.769
	  0.838	  0.445	 -0.316
	 -0.217	  0.802	  0.556

7 	  36.91	   5.91	  -2.78
	  0.556	  0.823	 -0.112
	 -0.529	  0.455	  0.716
	  0.641	 -0.339	  0.689

8 	  37.09	  12.66	   4.59
	  0.187	  0.959	  0.213
	  0.434	 -0.275	  0.857
	  0.881	 -0.068	 -0.468

9 	  41.08	  21.73	   3.66
	  0.536	  0.844	  0.008
	 -0.599	  0.373	  0.708
	  0.595	 -0.385	  0.706

2 	  32.61	  -6.75	  23.10
	  0.159	  0.986	 -0.037
	 -0.987	  0.158	 -0.010
	 -0.004	  0.037	  0.999

3 	  41.78	  -0.40	   1.93
	  0.377	 -0.238	  0.895
	  0.086	  0.971	  0.222
	 -0.922	 -0.007	  0.387

4 	  35.77	  -5.87	  -3.81
	  0.456	 -0.834	 -0.310
	  0.587	  0.544	 -0.599
	  0.668	  0.091	  0.738

5 	  37.58	 -11.43	   4.82
	  0.378	 -0.671	  0.638
	  0.245	 -0.592	 -0.768
	  0.893	  0.446	 -0.060

6 	  43.44	 -16.40	  11.58
	  0.499	 -0.423	  0.756
	  0.846	  0.424	 -0.322
	 -0.185	  0.801	  0.569

7 	  36.88	   5.87	  -2.79
	  0.552	  0.825	 -0.122
	 -0.529	  0.459	  0.714
	  0.645	 -0.330	  0.689

8 	  37.02	  12.80	   4.38
	  0.176	  0.966	  0.189
	  0.443	 -0.249	  0.861
	  0.879	 -0.067	 -0.472

9 	  40.80	  21.92	   3.20
	  0.518	  0.855	 -0.013
	 -0.602	  0.375	  0.704
	  0.607	 -0.358	  0.709

2 	  32.61	  -6.75	  23.10
	  0.159	  0.986	 -0.037
	 -0.987	  0.158	 -0.010
	 -0.004	  0.037	  0.999

3 	  41.80	  -0.42	   1.92
	  0.380	 -0.243	  0.892
	  0.097	  0.970	  0.223
	 -0.920	  0.002	  0.392

4 	  35.75	  -5.80	  -3.87
	  0.453	 -0.831	 -0.323
	  0.583	  0.550	 -0.597
	  0.673	  0.082	  0.735

5 	  37.58	 -11.48	   4.69
	  0.376	 -0.682	  0.627
	  0.240	 -0.582	 -0.777
	  0.895	  0.443	 -0.056

6 	  43.42	 -16.61	  11.32
	  0.499	 -0.439	  0.747
	  0.851	  0.411	 -0.327
	 -0.164	  0.799	  0.579

7 	  36.84	   5.84	  -2.83
	  0.547	  0.826	 -0.135
	 -0.526	  0.464	  0.713
	  0.651	 -0.319	  0.688

8 	  36.95	  12.90	   4.15
	  0.166	  0.972	  0.163
	  0.458	 -0.223	  0.860
	  0.873	 -0.068	 -0.483

9 	  40.62	  22.08	   2.79
	  0.505	  0.862	 -0.039
	 -0.598	  0.382	  0.704
	  0.622	 -0.332	  0.708

2 	  32.61	  -6.75	  23.10
	  0.159	  0.986	 -0.037
	 -0.987	  0.158	 -0.010
	 -0.004	  0.037	  0.999

3 	  41.78	  -0.40	   1.88
	  0.383	 -0.246	  0.890
	  0.107	  0.969	  0.221
	 -0.917	  0.010	  0.397

4 	  35.70	  -5.73	  -3.90
	  0.450	 -0.828	 -0.333
	  0.581	  0.555	 -0.595
	  0.677	  0.074	  0.731

5 	  37.60	 -11.50	   4.59
	  0.379	 -0.688	  0.618
	  0.231	 -0.577	 -0.783
	  0.896	  0.440	 -0.060

6 	  43.45	 -16.68	  11.13
	  0.504	 -0.448	  0.738
	  0.852	  0.399	 -0.339
	 -0.143	  0.800	  0.583

7 	  36.79	   5.82	  -2.87
	  0.543	  0.827	 -0.146
	 -0.522	  0.469	  0.713
	  0.658	 -0.311	  0.686

8 	  36.93	  12.96	   3.99
	  0.161	  0.976	  0.147
	  0.468	 -0.207	  0.859
	  0.869	 -0.069	 -0.490

9 	  40.46	  22.15	   2.46
	  0.496	  0.866	 -0.057
	 -0.595	  0.387	  0.704
	  0.632	 -0.316	  0.708

2 	  32.59	  -6.73	  23.10
	  0.159	  0.986	 -0.037
	 -0.987	  0.158	 -0.010
	 -0.004	  0.038	  0.999

3 	  41.80	  -0.40	   1.85
	  0.385	 -0.247	  0.889
	  0.113	  0.969	  0.220
	 -0.916	  0.016	  0.401

4 	  35.70	  -5.70	  -3.94
	  0.449	 -0.825	 -0.342
	  0.577	  0.560	 -0.594
	  0.682	  0.069	  0.728

5 	  37.65	 -11.53	   4.45
	  0.385	 -0.696	  0.605
	  0.223	 -0.566	 -0.793
	  0.895	  0.441	 -0.063

6 	  43.54	 -16.86	  10.85
	  0.512	 -0.459	  0.726
	  0.850	  0.394	 -0.350
	 -0.126	  0.796	  0.591

7 	  36.76	   5.78	  -2.88
	  0.540	  0.827	 -0.155
	 -0.520	  0.472	  0.712
	  0.662	 -0.305	  0.685

8 	  36.91	  12.99	   3.87
	  0.156	  0.978	  0.133
	  0.477	 -0.193	  0.857
	  0.865	 -0.070	 -0.497

9 	  40.38	  22.20	   2.14
	  0.489	  0.869	 -0.076
	 -0.592	  0.394	  0.703
	  0.641	 -0.299	  0.707

2 	  32.59	  -6.73	  23.12
	  0.159	  0.986	 -0.037
	 -0.987	  0.158	 -0.010
	 -0.004	  0.037	  0.999

3 	  41.80	  -0.42	   1.83
	  0.385	 -0.250	  0.888
	  0.124	  0.968	  0.218
	 -0.914	  0.026	  0.404

4 	  35.68	  -5.61	  -3.99
	  0.446	 -0.821	 -0.356
	  0.571	  0.567	 -0.593
	  0.689	  0.061	  0.722

5 	  37.71	 -11.64	   4.22
	  0.388	 -0.712	  0.585
	  0.212	 -0.549	 -0.808
	  0.896	  0.438	 -0.062

6 	  43.65	 -17.09	  10.49
	  0.519	 -0.476	  0.710
	  0.849	  0.385	 -0.362
	 -0.101	  0.791	  0.603

7 	  36.77	   5.75	  -2.90
	  0.539	  0.827	 -0.161
	 -0.518	  0.475	  0.711
	  0.664	 -0.300	  0.684

8 	  36.91	  13.03	   3.74
	  0.150	  0.981	  0.118
	  0.491	 -0.178	  0.853
	  0.858	 -0.070	 -0.509

9 	  40.29	  22.24	   1.88
	  0.480	  0.872	 -0.095
	 -0.585	  0.399	  0.706
	  0.654	 -0.283	  0.701

2 	  32.59	  -6.75	  23.12
	  0.159	  0.986	 -0.037
	 -0.987	  0.158	 -0.010
	 -0.004	  0.037	  0.999

3 	  41.80	  -0.42	   1.85
	  0.385	 -0.253	  0.887
	  0.134	  0.967	  0.217
	 -0.913	  0.035	  0.406

4 	  35.67	  -5.59	  -4.03
	  0.443	 -0.818	 -0.365
	  0.567	  0.572	 -0.593
	  0.694	  0.055	  0.718

5 	  37.72	 -11.72	   4.10
	  0.389	 -0.720	  0.574
	  0.209	 -0.537	 -0.817
	  0.897	  0.438	 -0.059

6 	  43.68	 -17.23	  10.28
	  0.521	 -0.486	  0.702
	  0.849	  0.382	 -0.365
	 -0.091	  0.786	  0.611

7 	  36.74	   5.71	  -2.94
	  0.536	  0.827	 -0.167
	 -0.515	  0.478	  0.711
	  0.668	 -0.296	  0.683

8 	  36.90	  13.08	   3.66
	  0.144	  0.984	  0.106
	  0.502	 -0.166	  0.848
	  0.852	 -0.069	 -0.518

9 	  40.15	  22.31	   1.63
	  0.469	  0.875	 -0.114
	 -0.579	  0.402	  0.709
	  0.666	 -0.267	  0.696

2 	  32.59	  -6.75	  23.12
	  0.159	  0.986	 -0.037
	 -0.987	  0.158	 -0.010
	 -0.004	  0.037	  0.999

3 	  41.80	  -0.46	   1.79
	  0.387	 -0.256	  0.886
	  0.142	  0.966	  0.216
	 -0.911	  0.042	  0.410

4 	  35.67	  -5.57	  -4.04
	  0.441	 -0.817	 -0.370
	  0.565	  0.573	 -0.593
	  0.697	  0.052	  0.715

5 	  37.71	 -11.78	   4.03
	  0.387	 -0.726	  0.568
	  0.205	 -0.533	 -0.821
	  0.899	  0.435	 -0.057

6 	  43.66	 -17.44	  10.05
	  0.523	 -0.499	  0.691
	  0.849	  0.368	 -0.378
	 -0.066	  0.785	  0.616

7 	  36.74	   5.70	  -2.94
	  0.535	  0.827	 -0.172
	 -0.514	  0.480	  0.711
	  0.670	 -0.292	  0.682

8 	  36.90	  13.08	   3.59
	  0.139	  0.985	  0.099
	  0.512	 -0.157	  0.844
	  0.847	 -0.067	 -0.526

9 	  40.03	  22.32	   1.51
	  0.461	  0.879	 -0.124
	 -0.576	  0.402	  0.712
	  0.675	 -0.257	  0.691

2 	  32.59	  -6.75	  23.10
	  0.159	  0.986	 -0.037
	 -0.987	  0.158	 -0.010
	 -0.004	  0.037	  0.999

3 	  41.80	  -0.47	   1.79
	  0.387	 -0.258	  0.885
	  0.150	  0.965	  0.215
	 -0.910	  0.049	  0.412

4 	  35.65	  -5.55	  -4.08
	  0.438	 -0.817	 -0.375
	  0.564	  0.575	 -0.592
	  0.699	  0.048	  0.713

5 	  37.71	 -11.79	   3.96
	  0.387	 -0.732	  0.561
	  0.201	 -0.527	 -0.826
	  0.900	  0.432	 -0.057

6 	  43.65	 -17.49	   9.95
	  0.523	 -0.504	  0.687
	  0.850	  0.363	 -0.381
	 -0.058	  0.784	  0.618

7 	  36.76	   5.70	  -2.95
	  0.535	  0.827	 -0.174
	 -0.513	  0.481	  0.711
	  0.671	 -0.292	  0.681

8 	  36.90	  13.08	   3.57
	  0.138	  0.985	  0.098
	  0.512	 -0.156	  0.844
	  0.847	 -0.066	 -0.526

9 	  40.03	  22.32	   1.48
	  0.460	  0.879	 -0.125
	 -0.576	  0.402	  0.711
	  0.675	 -0.255	  0.692

2 	  32.59	  -6.73	  23.10
	  0.159	  0.986	 -0.037
	 -0.987	  0.158	 -0.010
	 -0.004	  0.037	  0.999

3 	  41.80	  -0.47	   1.78
	  0.387	 -0.260	  0.884
	  0.156	  0.964	  0.215
	 -0.909	  0.055	  0.414

4 	  35.63	  -5.54	  -4.10
	  0.435	 -0.816	 -0.381
	  0.564	  0.577	 -0.591
	  0.702	  0.042	  0.711

5 	  37.69	 -11.83	   3.87
	  0.385	 -0.738	  0.555
	  0.196	 -0.522	 -0.830
	  0.902	  0.428	 -0.057

6 	  43.63	 -17.60	   9.81
	  0.523	 -0.512	  0.681
	  0.851	  0.357	 -0.386
	 -0.046	  0.781	  0.622

7 	  36.72	   5.70	  -2.95
	  0.534	  0.827	 -0.175
	 -0.512	  0.481	  0.711
	  0.672	 -0.291	  0.680

8 	  36.88	  13.08	   3.55
	  0.138	  0.986	  0.096
	  0.512	 -0.154	  0.844
	  0.847	 -0.067	 -0.527

9 	  39.99	  22.32	   1.41
	  0.458	  0.879	 -0.127
	 -0.579	  0.404	  0.708
	  0.674	 -0.252	  0.694

2 	  32.59	  -6.73	  23.12
	  0.159	  0.986	 -0.037
	 -0.987	  0.158	 -0.010
	 -0.004	  0.037	  0.999

3 	  41.78	  -0.46	   1.78
	  0.388	 -0.261	  0.883
	  0.159	  0.963	  0.215
	 -0.907	  0.057	  0.416

4 	  35.63	  -5.50	  -4.11
	  0.434	 -0.815	 -0.383
	  0.563	  0.578	 -0.590
	  0.703	  0.040	  0.710

5 	  37.67	 -11.83	   3.81
	  0.383	 -0.741	  0.552
	  0.195	 -0.519	 -0.832
	  0.902	  0.427	 -0.054

6 	  43.61	 -17.63	   9.74
	  0.522	 -0.515	  0.679
	  0.851	  0.355	 -0.386
	 -0.042	  0.780	  0.624

7 	  36.70	   5.68	  -2.97
	  0.531	  0.828	 -0.181
	 -0.511	  0.483	  0.711
	  0.676	 -0.285	  0.679

8 	  36.83	  13.18	   3.29
	  0.133	  0.988	  0.075
	  0.511	 -0.134	  0.849
	  0.849	 -0.075	 -0.524

9 	  39.88	  22.43	   1.04
	  0.450	  0.882	 -0.138
	 -0.587	  0.409	  0.698
	  0.672	 -0.234	  0.702

2 	  32.59	  -6.73	  23.10
	  0.159	  0.986	 -0.036
	 -0.987	  0.158	 -0.010
	 -0.004	  0.037	  0.999

3 	  41.80	  -0.44	   1.78
	  0.389	 -0.262	  0.883
	  0.165	  0.963	  0.213
	 -0.906	  0.063	  0.418

4 	  35.61	  -5.48	  -4.15
	  0.434	 -0.813	 -0.387
	  0.562	  0.581	 -0.589
	  0.704	  0.038	  0.709

5 	  37.65	 -11.87	   3.71
	  0.381	 -0.747	  0.545
	  0.196	 -0.511	 -0.837
	  0.903	  0.426	 -0.048

6 	  43.56	 -17.75	   9.60
	  0.520	 -0.524	  0.674
	  0.853	  0.353	 -0.384
	 -0.037	  0.775	  0.631

7 	  36.69	   5.64	  -3.02
	  0.526	  0.828	 -0.194
	 -0.508	  0.489	  0.709
	  0.682	 -0.275	  0.678

8 	  36.76	  13.29	   2.94
	  0.129	  0.990	  0.050
	  0.508	 -0.109	  0.854
	  0.851	 -0.085	 -0.518

9 	  39.71	  22.54	   0.56
	  0.441	  0.884	 -0.152
	 -0.597	  0.415	  0.686
	  0.670	 -0.212	  0.711

2 	  32.59	  -6.73	  23.10
	  0.158	  0.986	 -0.037
	 -0.987	  0.158	 -0.010
	 -0.004	  0.037	  0.999

3 	  41.80	  -0.44	   1.74
	  0.392	 -0.263	  0.881
	  0.173	  0.962	  0.210
	 -0.903	  0.070	  0.423

4 	  35.61	  -5.47	  -4.17
	  0.432	 -0.813	 -0.390
	  0.563	  0.581	 -0.588
	  0.704	  0.035	  0.709

5 	  37.62	 -11.87	   3.67
	  0.377	 -0.749	  0.544
	  0.197	 -0.509	 -0.838
	  0.905	  0.423	 -0.044

6 	  43.47	 -17.84	   9.56
	  0.512	 -0.532	  0.674
	  0.858	  0.348	 -0.378
	 -0.034	  0.772	  0.634

7 	  36.65	   5.59	  -3.09
	  0.522	  0.827	 -0.208
	 -0.506	  0.496	  0.705
	  0.686	 -0.263	  0.678

8 	  36.72	  13.38	   2.72
	  0.125	  0.991	  0.031
	  0.508	 -0.091	  0.856
	  0.852	 -0.091	 -0.515

9 	  39.59	  22.57	   0.11
	  0.433	  0.885	 -0.170
	 -0.599	  0.424	  0.679
	  0.673	 -0.193	  0.714

2 	  32.61	  -6.73	  23.10
	  0.159	  0.986	 -0.036
	 -0.987	  0.158	 -0.010
	 -0.004	  0.037	  0.999

3 	  41.77	  -0.44	   1.74
	  0.393	 -0.261	  0.881
	  0.179	  0.962	  0.204
	 -0.902	  0.078	  0.425

4 	  35.63	  -5.45	  -4.17
	  0.432	 -0.813	 -0.391
	  0.563	  0.581	 -0.587
	  0.704	  0.033	  0.709

5 	  37.60	 -11.87	   3.67
	  0.374	 -0.751	  0.544
	  0.198	 -0.509	 -0.838
	  0.906	  0.421	 -0.041

6 	  43.42	 -17.89	   9.53
	  0.509	 -0.536	  0.673
	  0.860	  0.345	 -0.376
	 -0.031	  0.771	  0.636

7 	  36.62	   5.52	  -3.20
	  0.515	  0.827	 -0.226
	 -0.502	  0.505	  0.702
	  0.694	 -0.248	  0.675

8 	  36.63	  13.43	   2.39
	  0.118	  0.993	  0.006
	  0.515	 -0.066	  0.854
	  0.849	 -0.098	 -0.519

9 	  39.45	  22.57	  -0.47
	  0.427	  0.881	 -0.200
	 -0.596	  0.441	  0.671
	  0.679	 -0.168	  0.714

2 	  32.59	  -6.73	  23.12
	  0.159	  0.986	 -0.037
	 -0.987	  0.158	 -0.010
	 -0.004	  0.037	  0.999

3 	  41.77	  -0.44	   1.71
	  0.395	 -0.259	  0.881
	  0.185	  0.962	  0.199
	 -0.900	  0.084	  0.428

4 	  35.61	  -5.45	  -4.17
	  0.431	 -0.812	 -0.392
	  0.563	  0.582	 -0.587
	  0.705	  0.032	  0.708

5 	  37.62	 -11.90	   3.64
	  0.372	 -0.754	  0.541
	  0.198	 -0.506	 -0.840
	  0.906	  0.420	 -0.039

6 	  43.38	 -17.95	   9.47
	  0.508	 -0.539	  0.672
	  0.861	  0.344	 -0.375
	 -0.030	  0.769	  0.639

7 	  36.60	   5.47	  -3.23
	  0.510	  0.826	 -0.239
	 -0.501	  0.511	  0.698
	  0.699	 -0.237	  0.675

8 	  36.62	  13.45	   2.18
	  0.112	  0.993	 -0.012
	  0.520	 -0.049	  0.852
	  0.846	 -0.102	 -0.523

9 	  39.34	  22.59	  -0.84
	  0.422	  0.880	 -0.219
	 -0.594	  0.450	  0.667
	  0.685	 -0.151	  0.712

2 	  32.61	  -6.73	  23.10
	  0.159	  0.986	 -0.037
	 -0.987	  0.158	 -0.010
	 -0.004	  0.037	  0.999

3 	  41.75	  -0.44	   1.69
	  0.396	 -0.256	  0.882
	  0.187	  0.963	  0.196
	 -0.899	  0.087	  0.429

4 	  35.63	  -5.45	  -4.18
	  0.431	 -0.812	 -0.393
	  0.562	  0.582	 -0.587
	  0.705	  0.032	  0.708

5 	  37.60	 -11.90	   3.62
	  0.372	 -0.755	  0.540
	  0.198	 -0.504	 -0.841
	  0.906	  0.420	 -0.038

6 	  43.37	 -17.98	   9.46
	  0.507	 -0.541	  0.671
	  0.861	  0.344	 -0.374
	 -0.029	  0.768	  0.640

7 	  36.56	   5.43	  -3.30
	  0.507	  0.825	 -0.250
	 -0.497	  0.516	  0.698
	  0.704	 -0.230	  0.671

8 	  36.65	  13.46	   2.00
	  0.108	  0.994	 -0.027
	  0.536	 -0.036	  0.843
	  0.837	 -0.105	 -0.537

9 	  39.30	  22.55	  -1.21
	  0.415	  0.877	 -0.242
	 -0.583	  0.461	  0.669
	  0.698	 -0.137	  0.702

2 	  32.59	  -6.73	  23.10
	  0.159	  0.986	 -0.037
	 -0.987	  0.158	 -0.010
	 -0.004	  0.038	  0.999

3 	  41.77	  -0.40	   1.69
	  0.396	 -0.254	  0.882
	  0.188	  0.963	  0.192
	 -0.898	  0.090	  0.430

4 	  35.61	  -5.45	  -4.20
	  0.431	 -0.812	 -0.393
	  0.562	  0.583	 -0.587
	  0.706	  0.032	  0.708

5 	  37.60	 -11.92	   3.60
	  0.371	 -0.755	  0.539
	  0.199	 -0.503	 -0.841
	  0.906	  0.420	 -0.036

6 	  43.37	 -18.00	   9.44
	  0.505	 -0.543	  0.671
	  0.862	  0.343	 -0.372
	 -0.029	  0.766	  0.641

7 	  36.54	   5.40	  -3.34
	  0.504	  0.823	 -0.261
	 -0.492	  0.522	  0.697
	  0.710	 -0.223	  0.668

8 	  36.63	  13.50	   1.90
	  0.105	  0.994	 -0.036
	  0.541	 -0.027	  0.840
	  0.834	 -0.108	 -0.541

9 	  39.25	  22.55	  -1.53
	  0.413	  0.873	 -0.260
	 -0.577	  0.471	  0.667
	  0.705	 -0.125	  0.698

2 	  32.61	  -6.73	  23.10
	  0.159	  0.986	 -0.037
	 -0.987	  0.158	 -0.010
	 -0.004	  0.037	  0.999

3 	  41.75	  -0.42	   1.67
	  0.397	 -0.252	  0.882
	  0.192	  0.963	  0.188
	 -0.897	  0.095	  0.431

4 	  35.61	  -5.43	  -4.20
	  0.430	 -0.812	 -0.395
	  0.563	  0.583	 -0.586
	  0.705	  0.030	  0.708

5 	  37.58	 -11.92	   3.57
	  0.367	 -0.757	  0.539
	  0.200	 -0.502	 -0.841
	  0.908	  0.417	 -0.033

6 	  43.31	 -18.02	   9.40
	  0.500	 -0.546	  0.672
	  0.865	  0.342	 -0.367
	 -0.030	  0.765	  0.644

7 	  36.54	   5.38	  -3.39
	  0.502	  0.823	 -0.266
	 -0.490	  0.524	  0.696
	  0.712	 -0.219	  0.667

8 	  36.65	  13.52	   1.79
	  0.103	  0.994	 -0.044
	  0.546	 -0.020	  0.837
	  0.831	 -0.110	 -0.545

9 	  39.23	  22.54	  -1.67
	  0.409	  0.872	 -0.267
	 -0.575	  0.474	  0.667
	  0.708	 -0.120	  0.695

2 	  32.59	  -6.73	  23.10
	  0.159	  0.986	 -0.037
	 -0.987	  0.158	 -0.010
	 -0.004	  0.037	  0.999

3 	  41.75	  -0.42	   1.65
	  0.398	 -0.251	  0.882
	  0.195	  0.963	  0.186
	 -0.896	  0.098	  0.432

4 	  35.65	  -5.43	  -4.22
	  0.430	 -0.811	 -0.396
	  0.564	  0.584	 -0.583
	  0.704	  0.028	  0.709

5 	  37.58	 -11.92	   3.53
	  0.366	 -0.759	  0.538
	  0.203	 -0.499	 -0.842
	  0.908	  0.418	 -0.029

6 	  43.28	 -18.05	   9.39
	  0.497	 -0.550	  0.672
	  0.867	  0.344	 -0.360
	 -0.034	  0.761	  0.647

7 	  36.54	   5.36	  -3.43
	  0.500	  0.823	 -0.271
	 -0.490	  0.526	  0.695
	  0.714	 -0.215	  0.666

8 	  36.63	  13.54	   1.71
	  0.099	  0.994	 -0.050
	  0.550	 -0.014	  0.835
	  0.829	 -0.111	 -0.548

9 	  39.18	  22.55	  -1.86
	  0.404	  0.871	 -0.279
	 -0.573	  0.479	  0.665
	  0.713	 -0.109	  0.693

2 	  32.61	  -6.75	  23.10
	  0.159	  0.986	 -0.037
	 -0.987	  0.158	 -0.010
	 -0.004	  0.037	  0.999

3 	  41.77	  -0.40	   1.65
	  0.399	 -0.250	  0.882
	  0.196	  0.963	  0.185
	 -0.896	  0.099	  0.433

4 	  35.67	  -5.41	  -4.24
	  0.432	 -0.809	 -0.398
	  0.563	  0.587	 -0.581
	  0.704	  0.027	  0.710

5 	  37.62	 -11.94	   3.48
	  0.366	 -0.760	  0.537
	  0.206	 -0.497	 -0.843
	  0.907	  0.419	 -0.025

6 	  43.28	 -18.09	   9.32
	  0.494	 -0.552	  0.671
	  0.868	  0.347	 -0.354
	 -0.038	  0.758	  0.651

7 	  36.54	   5.34	  -3.45
	  0.498	  0.823	 -0.275
	 -0.489	  0.527	  0.694
	  0.716	 -0.211	  0.665

8 	  36.63	  13.55	   1.60
	  0.098	  0.993	 -0.056
	  0.554	 -0.007	  0.833
	  0.827	 -0.113	 -0.551

9 	  39.15	  22.52	  -2.07
	  0.401	  0.869	 -0.289
	 -0.573	  0.484	  0.661
	  0.714	 -0.100	  0.692

2 	  32.61	  -6.75	  23.10
	  0.159	  0.986	 -0.037
	 -0.987	  0.159	 -0.010
	 -0.004	  0.037	  0.999

3 	  41.78	  -0.39	   1.62
	  0.401	 -0.249	  0.881
	  0.197	  0.963	  0.182
	 -0.894	  0.101	  0.436

4 	  35.72	  -5.40	  -4.25
	  0.432	 -0.808	 -0.400
	  0.566	  0.588	 -0.577
	  0.702	  0.023	  0.712

5 	  37.62	 -11.94	   3.45
	  0.362	 -0.763	  0.536
	  0.209	 -0.494	 -0.844
	  0.908	  0.418	 -0.019

6 	  43.24	 -18.14	   9.26
	  0.489	 -0.557	  0.671
	  0.871	  0.350	 -0.344
	 -0.044	  0.753	  0.656

7 	  36.54	   5.33	  -3.46
	  0.495	  0.823	 -0.280
	 -0.488	  0.530	  0.693
	  0.719	 -0.207	  0.664

8 	  36.63	  13.54	   1.49
	  0.096	  0.993	 -0.065
	  0.558	 -0.000	  0.829
	  0.824	 -0.116	 -0.555

9 	  39.11	  22.50	  -2.27
	  0.399	  0.866	 -0.301
	 -0.569	  0.491	  0.659
	  0.719	 -0.091	  0.689

2 	  32.61	  -6.73	  23.10
	  0.159	  0.986	 -0.037
	 -0.987	  0.158	 -0.010
	 -0.004	  0.037	  0.999

3 	  41.82	  -0.39	   1.62
	  0.402	 -0.249	  0.881
	  0.200	  0.963	  0.180
	 -0.893	  0.104	  0.437

4 	  35.74	  -5.40	  -4.27
	  0.432	 -0.808	 -0.401
	  0.567	  0.589	 -0.576
	  0.701	  0.021	  0.713

5 	  37.60	 -11.95	   3.43
	  0.359	 -0.764	  0.536
	  0.211	 -0.493	 -0.844
	  0.909	  0.417	 -0.016

6 	  43.22	 -18.19	   9.25
	  0.486	 -0.558	  0.672
	  0.873	  0.349	 -0.341
	 -0.045	  0.752	  0.657

7 	  36.54	   5.31	  -3.46
	  0.495	  0.822	 -0.281
	 -0.488	  0.530	  0.693
	  0.719	 -0.206	  0.664

8 	  36.65	  13.54	   1.49
	  0.095	  0.993	 -0.065
	  0.559	  0.001	  0.829
	  0.823	 -0.116	 -0.556

9 	  39.13	  22.50	  -2.29
	  0.398	  0.866	 -0.303
	 -0.569	  0.492	  0.659
	  0.719	 -0.090	  0.688

2 	  32.59	  -6.75	  23.10
	  0.159	  0.986	 -0.037
	 -0.987	  0.158	 -0.010
	 -0.004	  0.037	  0.999

3 	  41.82	  -0.40	   1.62
	  0.402	 -0.248	  0.881
	  0.201	  0.963	  0.179
	 -0.893	  0.105	  0.437

4 	  35.74	  -5.40	  -4.27
	  0.432	 -0.808	 -0.400
	  0.567	  0.589	 -0.576
	  0.701	  0.022	  0.713

5 	  37.62	 -11.95	   3.45
	  0.360	 -0.763	  0.537
	  0.212	 -0.494	 -0.843
	  0.908	  0.418	 -0.016

6 	  43.22	 -18.19	   9.26
	  0.486	 -0.558	  0.673
	  0.873	  0.351	 -0.340
	 -0.047	  0.752	  0.657

7 	  36.54	   5.31	  -3.46
	  0.495	  0.822	 -0.281
	 -0.488	  0.531	  0.693
	  0.719	 -0.206	  0.664

8 	  36.67	  13.52	   1.48
	  0.096	  0.993	 -0.065
	  0.562	 -0.000	  0.827
	  0.821	 -0.116	 -0.558

9 	  39.16	  22.48	  -2.29
	  0.400	  0.865	 -0.304
	 -0.568	  0.494	  0.658
	  0.719	 -0.091	  0.688

2 	  32.59	  -6.75	  23.10
	  0.159	  0.986	 -0.037
	 -0.987	  0.158	 -0.010
	 -0.004	  0.037	  0.999

3 	  41.82	  -0.40	   1.60
	  0.402	 -0.248	  0.881
	  0.202	  0.963	  0.178
	 -0.893	  0.106	  0.437

4 	  35.74	  -5.40	  -4.27
	  0.432	 -0.808	 -0.399
	  0.568	  0.588	 -0.576
	  0.700	  0.023	  0.713

5 	  37.62	 -11.95	   3.45
	  0.359	 -0.762	  0.538
	  0.213	 -0.495	 -0.843
	  0.908	  0.417	 -0.016

6 	  43.21	 -18.18	   9.30
