2 	  32.71	  -6.82	  23.01
	  0.439	  0.898	 -0.035
	 -0.899	  0.438	 -0.012
	  0.004	  0.036	  0.999

3 	  42.31	  -0.63	   1.78
	  0.321	  0.176	  0.930
	 -0.065	  0.984	 -0.164
	 -0.945	 -0.008	  0.328

4 	  39.29	   6.33	  -6.10
	  0.579	  0.815	 -0.015
	 -0.766	  0.550	  0.332
	  0.279	 -0.181	  0.943

5 	  39.11	  15.59	   1.95
	  0.307	  0.744	  0.593
	 -0.541	 -0.377	  0.752
	  0.783	 -0.552	  0.287

6 	  46.76	  12.52	  11.60
	  0.263	 -0.194	  0.945
	  0.738	  0.671	 -0.068
	 -0.621	  0.715	  0.319

7 	  38.67	  -6.86	  -6.52
	  0.443	 -0.896	 -0.010
	  0.889	  0.441	 -0.123
	  0.115	  0.045	  0.992

8 	  38.74	 -16.05	   1.14
	  0.311	 -0.748	  0.587
	  0.378	 -0.469	 -0.798
	  0.872	  0.470	  0.137

9 	  46.88	 -15.61	  10.44
	  0.378	  0.009	  0.925
	 -0.432	  0.886	  0.168
	 -0.818	 -0.464	  0.339

2 	  32.70	  -6.82	  23.03
	  0.438	  0.898	 -0.035
	 -0.899	  0.438	 -0.013
	  0.004	  0.037	  0.999

3 	  42.31	  -0.63	   1.79
	  0.321	  0.177	  0.930
	 -0.065	  0.984	 -0.165
	 -0.945	 -0.007	  0.327

4 	  39.29	   6.35	  -6.10
	  0.578	  0.815	 -0.015
	 -0.766	  0.549	  0.333
	  0.279	 -0.181	  0.943

5 	  39.11	  15.59	   1.95
	  0.306	  0.744	  0.594
	 -0.540	 -0.378	  0.752
	  0.784	 -0.551	  0.286

6 	  46.74	  12.48	  11.62
	  0.263	 -0.195	  0.945
	  0.738	  0.672	 -0.067
	 -0.622	  0.714	  0.320

7 	  38.67	  -6.86	  -6.52
	  0.443	 -0.896	 -0.010
	  0.889	  0.441	 -0.123
	  0.115	  0.046	  0.992

8 	  38.72	 -16.07	   1.12
	  0.311	 -0.748	  0.587
	  0.377	 -0.469	 -0.798
	  0.872	  0.470	  0.136

9 	  46.88	 -15.57	  10.46
	  0.379	  0.009	  0.925
	 -0.433	  0.885	  0.168
	 -0.818	 -0.464	  0.339

2 	  32.70	  -6.82	  23.03
	  0.439	  0.898	 -0.035
	 -0.899	  0.439	 -0.013
	  0.004	  0.037	  0.999

3 	  42.31	  -0.62	   1.79
	  0.321	  0.176	  0.930
	 -0.065	  0.984	 -0.164
	 -0.945	 -0.008	  0.327

4 	  39.27	   6.35	  -6.10
	  0.578	  0.815	 -0.015
	 -0.766	  0.549	  0.333
	  0.280	 -0.181	  0.943

5 	  39.08	  15.59	   1.97
	  0.306	  0.744	  0.594
	 -0.541	 -0.379	  0.751
	  0.784	 -0.551	  0.286

6 	  46.74	  12.48	  11.62
	  0.263	 -0.196	  0.944
	  0.737	  0.672	 -0.066
	 -0.622	  0.714	  0.321

7 	  38.67	  -6.86	  -6.50
	  0.443	 -0.896	 -0.009
	  0.889	  0.441	 -0.123
	  0.114	  0.046	  0.992

8 	  38.72	 -16.07	   1.12
	  0.310	 -0.748	  0.586
	  0.376	 -0.470	 -0.798
	  0.873	  0.469	  0.136

9 	  46.88	 -15.57	  10.46
	  0.379	  0.009	  0.925
	 -0.432	  0.886	  0.168
	 -0.818	 -0.464	  0.340

2 	  32.70	  -6.82	  23.03
	  0.439	  0.898	 -0.035
	 -0.899	  0.438	 -0.013
	  0.004	  0.037	  0.999

3 	  42.31	  -0.62	   1.79
	  0.320	  0.176	  0.931
	 -0.065	  0.984	 -0.164
	 -0.945	 -0.008	  0.327

4 	  39.27	   6.33	  -6.10
	  0.578	  0.815	 -0.015
	 -0.766	  0.549	  0.333
	  0.279	 -0.182	  0.943

5 	  39.08	  15.59	   1.97
	  0.305	  0.743	  0.595
	 -0.540	 -0.380	  0.751
	  0.784	 -0.551	  0.286

6 	  46.74	  12.48	  11.62
	  0.263	 -0.197	  0.944
	  0.737	  0.672	 -0.066
	 -0.623	  0.713	  0.322

7 	  38.67	  -6.84	  -6.54
	  0.443	 -0.896	 -0.010
	  0.889	  0.441	 -0.123
	  0.115	  0.046	  0.992

8 	  38.71	 -16.05	   1.12
	  0.310	 -0.748	  0.587
	  0.377	 -0.470	 -0.798
	  0.873	  0.468	  0.136

9 	  46.86	 -15.59	  10.46
	  0.379	  0.008	  0.925
	 -0.432	  0.886	  0.169
	 -0.818	 -0.464	  0.339

2 	  32.70	  -6.82	  23.03
	  0.439	  0.898	 -0.035
	 -0.899	  0.438	 -0.013
	  0.004	  0.037	  0.999

3 	  42.29	  -0.63	   1.79
	  0.321	  0.176	  0.931
	 -0.065	  0.984	 -0.164
	 -0.945	 -0.008	  0.327

4 	  39.27	   6.35	  -6.08
	  0.577	  0.816	 -0.014
	 -0.767	  0.548	  0.333
	  0.279	 -0.182	  0.943

5 	  39.09	  15.59	   1.97
	  0.305	  0.743	  0.595
	 -0.541	 -0.380	  0.750
	  0.784	 -0.551	  0.286

6 	  46.72	  12.46	  11.64
	  0.263	 -0.198	  0.944
	  0.737	  0.672	 -0.064
	 -0.623	  0.713	  0.322

7 	  38.65	  -6.84	  -6.50
	  0.444	 -0.896	 -0.009
	  0.888	  0.442	 -0.123
	  0.114	  0.046	  0.992

8 	  38.71	 -16.05	   1.11
	  0.310	 -0.748	  0.587
	  0.377	 -0.470	 -0.798
	  0.873	  0.469	  0.136

9 	  46.86	 -15.59	  10.44
	  0.378	  0.009	  0.925
	 -0.432	  0.886	  0.168
	 -0.818	 -0.464	  0.339

2 	  32.70	  -6.82	  23.03
	  0.439	  0.898	 -0.035
	 -0.899	  0.438	 -0.013
	  0.004	  0.037	  0.999

3 	  42.33	  -0.62	   1.78
	  0.321	  0.176	  0.930
	 -0.066	  0.984	 -0.164
	 -0.945	 -0.009	  0.327

4 	  39.27	   6.35	  -6.08
	  0.577	  0.816	 -0.014
	 -0.767	  0.548	  0.332
	  0.279	 -0.181	  0.943

5 	  39.06	  15.59	   1.97
	  0.304	  0.744	  0.595
	 -0.541	 -0.380	  0.750
	  0.784	 -0.550	  0.286

6 	  46.72	  12.48	  11.62
	  0.262	 -0.198	  0.944
	  0.736	  0.673	 -0.064
	 -0.623	  0.712	  0.322

7 	  38.71	  -6.86	  -6.52
	  0.446	 -0.895	 -0.009
	  0.887	  0.444	 -0.123
	  0.114	  0.047	  0.992

8 	  38.78	 -16.07	   1.12
	  0.311	 -0.747	  0.587
	  0.379	 -0.469	 -0.798
	  0.871	  0.470	  0.137

9 	  46.88	 -15.57	  10.46
	  0.378	  0.010	  0.926
	 -0.435	  0.885	  0.167
	 -0.817	 -0.466	  0.338

2 	  32.70	  -6.82	  23.03
	  0.439	  0.898	 -0.035
	 -0.899	  0.438	 -0.012
	  0.004	  0.037	  0.999

3 	  42.35	  -0.62	   1.78
	  0.320	  0.177	  0.931
	 -0.068	  0.984	 -0.164
	 -0.945	 -0.011	  0.327

4 	  39.29	   6.35	  -6.10
	  0.575	  0.817	 -0.016
	 -0.768	  0.547	  0.332
	  0.280	 -0.179	  0.943

5 	  39.04	  15.59	   1.95
	  0.302	  0.745	  0.594
	 -0.540	 -0.380	  0.751
	  0.785	 -0.548	  0.287

6 	  46.72	  12.48	  11.60
	  0.263	 -0.197	  0.944
	  0.736	  0.674	 -0.065
	 -0.624	  0.712	  0.322

7 	  38.72	  -6.86	  -6.52
	  0.448	 -0.894	 -0.010
	  0.886	  0.446	 -0.123
	  0.114	  0.046	  0.992

8 	  38.81	 -16.05	   1.12
	  0.314	 -0.746	  0.587
	  0.379	 -0.469	 -0.798
	  0.870	  0.473	  0.136

9 	  46.88	 -15.57	  10.46
	  0.377	  0.011	  0.926
	 -0.436	  0.884	  0.166
	 -0.817	 -0.467	  0.338

2 	  32.70	  -6.82	  23.01
	  0.439	  0.898	 -0.035
	 -0.899	  0.438	 -0.013
	  0.004	  0.037	  0.999

3 	  42.38	  -0.60	   1.76
	  0.320	  0.178	  0.930
	 -0.070	  0.984	 -0.164
	 -0.945	 -0.012	  0.327

4 	  39.29	   6.35	  -6.10
	  0.574	  0.818	 -0.017
	 -0.769	  0.547	  0.332
	  0.281	 -0.178	  0.943

5 	  39.02	  15.59	   1.93
	  0.300	  0.745	  0.595
	 -0.540	 -0.381	  0.750
	  0.786	 -0.547	  0.288

6 	  46.69	  12.50	  11.60
	  0.262	 -0.197	  0.945
	  0.734	  0.676	 -0.063
	 -0.626	  0.710	  0.321

7 	  38.74	  -6.84	  -6.54
	  0.449	 -0.893	 -0.011
	  0.886	  0.446	 -0.123
	  0.115	  0.046	  0.992

8 	  38.81	 -16.05	   1.14
	  0.316	 -0.744	  0.589
	  0.379	 -0.470	 -0.797
	  0.869	  0.475	  0.134

9 	  46.92	 -15.45	  10.46
	  0.376	  0.021	  0.926
	 -0.441	  0.883	  0.159
	 -0.815	 -0.468	  0.342

2 	  32.70	  -6.82	  23.03
	  0.438	  0.898	 -0.035
	 -0.899	  0.438	 -0.013
	  0.003	  0.037	  0.999

3 	  42.40	  -0.60	   1.74
	  0.320	  0.178	  0.930
	 -0.070	  0.984	 -0.165
	 -0.945	 -0.013	  0.327

4 	  39.27	   6.35	  -6.10
	  0.573	  0.819	 -0.018
	 -0.769	  0.546	  0.332
	  0.281	 -0.177	  0.943

5 	  39.01	  15.57	   1.95
	  0.299	  0.745	  0.596
	 -0.541	 -0.383	  0.749
	  0.786	 -0.547	  0.288

6 	  46.65	  12.52	  11.60
	  0.261	 -0.199	  0.944
	  0.731	  0.679	 -0.059
	 -0.630	  0.706	  0.322

7 	  38.72	  -6.86	  -6.52
	  0.448	 -0.894	 -0.011
	  0.886	  0.446	 -0.124
	  0.115	  0.046	  0.992

8 	  38.85	 -16.01	   1.16
	  0.326	 -0.739	  0.589
	  0.373	 -0.472	 -0.799
	  0.868	  0.480	  0.121

9 	  46.97	 -15.21	  10.42
	  0.380	  0.043	  0.924
	 -0.446	  0.883	  0.142
	 -0.810	 -0.466	  0.354

2 	  32.70	  -6.82	  23.03
	  0.438	  0.898	 -0.035
	 -0.899	  0.438	 -0.013
	  0.003	  0.037	  0.999

3 	  42.42	  -0.60	   1.76
	  0.320	  0.178	  0.930
	 -0.070	  0.984	 -0.164
	 -0.945	 -0.013	  0.327

4 	  39.27	   6.35	  -6.12
	  0.573	  0.819	 -0.018
	 -0.769	  0.545	  0.332
	  0.282	 -0.177	  0.943

5 	  38.99	  15.57	   1.97
	  0.297	  0.744	  0.598
	 -0.541	 -0.385	  0.748
	  0.786	 -0.546	  0.288

6 	  46.63	  12.50	  11.64
	  0.260	 -0.203	  0.944
	  0.729	  0.682	 -0.055
	 -0.632	  0.703	  0.325

7 	  38.74	  -6.86	  -6.52
	  0.448	 -0.894	 -0.012
	  0.886	  0.446	 -0.125
	  0.117	  0.045	  0.992

8 	  38.87	 -16.01	   1.21
	  0.337	 -0.733	  0.590
	  0.365	 -0.477	 -0.800
	  0.868	  0.485	  0.107

9 	  47.13	 -14.85	  10.37
	  0.386	  0.078	  0.919
	 -0.452	  0.884	  0.115
	 -0.804	 -0.460	  0.377

2 	  32.68	  -6.82	  23.03
	  0.439	  0.898	 -0.035
	 -0.899	  0.438	 -0.013
	  0.003	  0.037	  0.999

3 	  42.42	  -0.60	   1.74
	  0.321	  0.177	  0.930
	 -0.071	  0.984	 -0.163
	 -0.944	 -0.013	  0.328

4 	  39.27	   6.36	  -6.10
	  0.573	  0.819	 -0.017
	 -0.770	  0.545	  0.332
	  0.281	 -0.177	  0.943

5 	  38.99	  15.59	   2.02
	  0.296	  0.742	  0.601
	 -0.540	 -0.389	  0.746
	  0.788	 -0.546	  0.286

6 	  46.69	  12.38	  11.55
	  0.269	 -0.215	  0.939
	  0.725	  0.686	 -0.051
	 -0.633	  0.695	  0.340

7 	  38.72	  -6.84	  -6.52
	  0.448	 -0.894	 -0.014
	  0.886	  0.446	 -0.127
	  0.119	  0.045	  0.992

8 	  38.90	 -15.96	   1.35
	  0.349	 -0.725	  0.593
	  0.350	 -0.487	 -0.800
	  0.869	  0.487	  0.084

9 	  47.30	 -14.41	  10.21
	  0.402	  0.125	  0.907
	 -0.447	  0.891	  0.075
	 -0.799	 -0.435	  0.414

2 	  32.70	  -6.82	  23.03
	  0.438	  0.898	 -0.035
	 -0.899	  0.438	 -0.013
	  0.003	  0.037	  0.999

3 	  42.43	  -0.60	   1.74
	  0.321	  0.177	  0.930
	 -0.070	  0.984	 -0.163
	 -0.944	 -0.013	  0.329

4 	  39.29	   6.38	  -6.06
	  0.572	  0.820	 -0.016
	 -0.770	  0.543	  0.333
	  0.282	 -0.178	  0.942

5 	  38.99	  15.56	   2.16
	  0.299	  0.733	  0.611
	 -0.535	 -0.401	  0.743
	  0.790	 -0.550	  0.272

6 	  46.85	  12.04	  11.43
	  0.288	 -0.255	  0.923
	  0.721	  0.692	 -0.035
	 -0.630	  0.676	  0.383

7 	  38.71	  -6.86	  -6.49
	  0.446	 -0.895	 -0.015
	  0.886	  0.444	 -0.131
	  0.123	  0.046	  0.991

8 	  38.92	 -15.94	   1.49
	  0.361	 -0.716	  0.597
	  0.327	 -0.502	 -0.800
	  0.873	  0.484	  0.053

9 	  47.55	 -13.76	  10.04
	  0.424	  0.207	  0.881
	 -0.431	  0.902	 -0.005
	 -0.797	 -0.377	  0.472

2 	  32.70	  -6.82	  23.03
	  0.438	  0.898	 -0.035
	 -0.899	  0.438	 -0.013
	  0.003	  0.037	  0.999

3 	  42.45	  -0.60	   1.74
	  0.322	  0.177	  0.930
	 -0.070	  0.984	 -0.163
	 -0.944	 -0.013	  0.329

4 	  39.23	   6.42	  -6.01
	  0.568	  0.822	 -0.015
	 -0.771	  0.539	  0.338
	  0.287	 -0.181	  0.941

5 	  39.02	  15.50	   2.37
	  0.315	  0.716	  0.623
	 -0.521	 -0.419	  0.744
	  0.793	 -0.559	  0.241

6 	  47.21	  11.27	  11.00
	  0.321	 -0.331	  0.887
	  0.723	  0.691	 -0.004
	 -0.612	  0.642	  0.461

7 	  38.60	  -6.86	  -6.43
	  0.440	 -0.898	 -0.017
	  0.888	  0.438	 -0.141
	  0.133	  0.047	  0.990

8 	  38.87	 -15.87	   1.72
	  0.385	 -0.698	  0.603
	  0.282	 -0.533	 -0.797
	  0.878	  0.478	 -0.009

9 	  48.01	 -12.85	   9.37
	  0.475	  0.328	  0.816
	 -0.406	  0.905	 -0.128
	 -0.781	 -0.271	  0.563

2 	  32.70	  -6.82	  23.03
	  0.439	  0.898	 -0.035
	 -0.899	  0.438	 -0.013
	  0.003	  0.037	  0.999

3 	  42.43	  -0.60	   1.74
	  0.324	  0.176	  0.929
	 -0.070	  0.984	 -0.163
	 -0.943	 -0.012	  0.331

4 	  39.16	   6.45	  -5.98
	  0.568	  0.823	 -0.015
	 -0.769	  0.537	  0.347
	  0.293	 -0.186	  0.938

5 	  39.15	  15.43	   2.60
	  0.344	  0.695	  0.630
	 -0.497	 -0.435	  0.751
	  0.797	 -0.572	  0.196

6 	  47.67	  10.55	  10.41
	  0.362	 -0.411	  0.837
	  0.727	  0.686	  0.021
	 -0.583	  0.601	  0.547

7 	  38.46	  -6.89	  -6.36
	  0.429	 -0.903	 -0.020
	  0.891	  0.427	 -0.154
	  0.148	  0.048	  0.988

8 	  38.92	 -15.70	   2.16
	  0.426	 -0.666	  0.612
	  0.229	 -0.575	 -0.785
	  0.875	  0.475	 -0.093

9 	  48.55	 -11.74	   8.58
	  0.533	  0.449	  0.716
	 -0.410	  0.878	 -0.246
	 -0.740	 -0.163	  0.653

2 	  32.70	  -6.82	  23.03
	  0.439	  0.898	 -0.035
	 -0.899	  0.438	 -0.013
	  0.003	  0.037	  0.999

3 	  42.43	  -0.58	   1.74
	  0.328	  0.177	  0.928
	 -0.069	  0.984	 -0.164
	 -0.942	 -0.010	  0.335

4 	  39.08	   6.49	  -5.91
	  0.567	  0.823	 -0.016
	 -0.766	  0.535	  0.356
	  0.302	 -0.190	  0.934

5 	  39.32	  15.28	   2.87
	  0.381	  0.672	  0.635
	 -0.461	 -0.457	  0.760
	  0.801	 -0.583	  0.135

6 	  48.18	   9.72	   9.54
	  0.410	 -0.492	  0.768
	  0.733	  0.679	  0.044
	 -0.544	  0.545	  0.638

7 	  38.30	  -6.96	  -6.26
	  0.419	 -0.908	 -0.019
	  0.893	  0.416	 -0.170
	  0.162	  0.055	  0.985

8 	  39.06	 -15.36	   2.79
	  0.476	 -0.624	  0.619
	  0.163	 -0.629	 -0.760
	  0.864	  0.463	 -0.198

9 	  49.24	 -10.69	   7.51
	  0.597	  0.552	  0.582
	 -0.425	  0.833	 -0.355
	 -0.681	 -0.036	  0.731

2 	  32.70	  -6.82	  23.03
	  0.439	  0.898	 -0.035
	 -0.899	  0.438	 -0.013
	  0.003	  0.037	  0.999

3 	  42.42	  -0.60	   1.72
	  0.335	  0.179	  0.924
	 -0.071	  0.983	 -0.166
	 -0.939	 -0.010	  0.343

4 	  38.95	   6.50	  -5.87
	  0.568	  0.823	 -0.017
	 -0.761	  0.533	  0.369
	  0.312	 -0.197	  0.929

5 	  39.62	  15.05	   3.22
	  0.432	  0.639	  0.636
	 -0.423	 -0.479	  0.769
	  0.796	 -0.601	  0.063

6 	  48.76	   8.86	   8.67
	  0.450	 -0.579	  0.679
	  0.744	  0.664	  0.073
	 -0.494	  0.472	  0.730

7 	  38.20	  -7.05	  -6.15
	  0.414	 -0.910	 -0.011
	  0.894	  0.409	 -0.183
	  0.171	  0.066	  0.983

8 	  39.45	 -14.94	   3.48
	  0.538	 -0.570	  0.621
	  0.092	 -0.693	 -0.716
	  0.838	  0.442	 -0.320

9 	  49.96	  -9.67	   6.38
	  0.651	  0.636	  0.413
	 -0.452	  0.763	 -0.462
	 -0.610	  0.114	  0.784

2 	  32.70	  -6.82	  23.03
	  0.439	  0.898	 -0.035
	 -0.899	  0.438	 -0.013
	  0.003	  0.037	  0.999

3 	  42.42	  -0.62	   1.71
	  0.341	  0.185	  0.922
	 -0.078	  0.982	 -0.168
	 -0.937	 -0.015	  0.349

4 	  38.88	   6.50	  -5.82
	  0.572	  0.820	 -0.013
	 -0.756	  0.533	  0.379
	  0.317	 -0.208	  0.925

5 	  39.97	  14.73	   3.64
	  0.486	  0.599	  0.636
	 -0.378	 -0.512	  0.771
	  0.787	 -0.616	 -0.023

6 	  49.31	   7.88	   7.59
	  0.485	 -0.667	  0.564
	  0.758	  0.643	  0.108
	 -0.435	  0.376	  0.818

7 	  38.16	  -7.07	  -6.03
	  0.417	 -0.909	 -0.003
	  0.892	  0.410	 -0.191
	  0.174	  0.077	  0.981

8 	  39.83	 -14.52	   4.04
	  0.593	 -0.525	  0.610
	  0.020	 -0.748	 -0.663
	  0.805	  0.405	 -0.434

9 	  50.52	  -9.07	   5.06
	  0.694	  0.679	  0.237
	 -0.489	  0.687	 -0.537
	 -0.528	  0.257	  0.809

2 	  32.70	  -6.82	  23.03
	  0.438	  0.898	 -0.035
	 -0.899	  0.438	 -0.013
	  0.004	  0.037	  0.999

3 	  42.42	  -0.60	   1.72
	  0.342	  0.188	  0.920
	 -0.084	  0.982	 -0.170
	 -0.936	 -0.019	  0.352

4 	  38.87	   6.52	  -5.78
	  0.576	  0.817	 -0.006
	 -0.753	  0.534	  0.384
	  0.318	 -0.217	  0.923

5 	  40.38	  14.33	   4.18
	  0.542	  0.560	  0.626
	 -0.311	 -0.558	  0.769
	  0.780	 -0.612	 -0.129

6 	  49.94	   7.19	   6.08
	  0.529	 -0.741	  0.415
	  0.766	  0.626	  0.141
	 -0.365	  0.243	  0.899

7 	  38.11	  -7.12	  -5.94
	  0.412	 -0.911	  0.002
	  0.893	  0.403	 -0.198
	  0.180	  0.083	  0.980

8 	  40.22	 -14.08	   4.52
	  0.645	 -0.489	  0.587
	 -0.059	 -0.798	 -0.600
	  0.762	  0.352	 -0.543

9 	  50.89	  -8.70	   3.52
	  0.721	  0.691	  0.051
	 -0.540	  0.606	 -0.584
	 -0.435	  0.393	  0.810

2 	  32.70	  -6.82	  23.03
	  0.438	  0.898	 -0.036
	 -0.899	  0.438	 -0.013
	  0.004	  0.037	  0.999

3 	  42.42	  -0.62	   1.72
	  0.344	  0.190	  0.919
	 -0.089	  0.981	 -0.170
	 -0.935	 -0.023	  0.354

4 	  38.78	   6.54	  -5.70
	  0.577	  0.817	  0.001
	 -0.753	  0.531	  0.390
	  0.318	 -0.226	  0.921

5 	  40.87	  13.83	   4.69
	  0.609	  0.526	  0.593
	 -0.210	 -0.615	  0.760
	  0.764	 -0.588	 -0.265

6 	  50.54	   6.82	   4.36
	  0.573	 -0.787	  0.231
	  0.771	  0.613	  0.175
	 -0.279	  0.077	  0.957

7 	  38.04	  -7.19	  -5.85
	  0.404	 -0.915	  0.004
	  0.895	  0.395	 -0.206
	  0.186	  0.086	  0.979

8 	  40.59	 -13.66	   4.85
	  0.690	 -0.462	  0.557
	 -0.126	 -0.835	 -0.536
	  0.713	  0.300	 -0.634

9 	  51.01	  -8.70	   2.13
	  0.727	  0.677	 -0.112
	 -0.590	  0.534	 -0.605
	 -0.350	  0.506	  0.788

2 	  32.70	  -6.80	  23.03
	  0.438	  0.898	 -0.036
	 -0.899	  0.437	 -0.013
	  0.004	  0.038	  0.999

3 	  42.42	  -0.63	   1.71
	  0.345	  0.190	  0.919
	 -0.093	  0.981	 -0.168
	 -0.934	 -0.028	  0.357

4 	  38.62	   6.57	  -5.61
	  0.576	  0.817	  0.005
	 -0.751	  0.527	  0.398
	  0.323	 -0.233	  0.917

5 	  41.40	  13.43	   4.97
	  0.671	  0.500	  0.547
	 -0.116	 -0.658	  0.744
	  0.732	 -0.563	 -0.383

6 	  50.91	   6.77	   2.72
	  0.589	 -0.805	  0.067
	  0.784	  0.590	  0.192
	 -0.194	 -0.060	  0.979

7 	  37.92	  -7.19	  -5.84
	  0.396	 -0.918	 -0.000
	  0.896	  0.387	 -0.217
	  0.199	  0.086	  0.976

8 	  40.92	 -13.31	   5.03
	  0.728	 -0.445	  0.522
	 -0.184	 -0.860	 -0.476
	  0.661	  0.250	 -0.708

9 	  50.96	  -8.77	   0.83
	  0.716	  0.651	 -0.251
	 -0.645	  0.480	 -0.595
	 -0.267	  0.587	  0.764

2 	  32.70	  -6.82	  23.03
	  0.437	  0.898	 -0.036
	 -0.899	  0.437	 -0.013
	  0.004	  0.038	  0.999

3 	  42.38	  -0.62	   1.71
	  0.350	  0.188	  0.917
	 -0.100	  0.981	 -0.164
	 -0.931	 -0.034	  0.362

4 	  38.46	   6.61	  -5.54
	  0.576	  0.817	  0.003
	 -0.748	  0.525	  0.405
	  0.330	 -0.236	  0.914

5 	  41.84	  13.18	   5.06
	  0.719	  0.484	  0.499
	 -0.043	 -0.686	  0.726
	  0.694	 -0.543	 -0.473

6 	  51.01	   6.64	   1.39
	  0.578	 -0.814	 -0.056
	  0.806	  0.560	  0.188
	 -0.122	 -0.154	  0.980

7 	  37.81	  -7.22	  -5.78
	  0.388	 -0.922	 -0.002
	  0.897	  0.378	 -0.227
	  0.210	  0.086	  0.974

8 	  41.24	 -12.88	   5.20
	  0.761	 -0.431	  0.484
	 -0.245	 -0.883	 -0.401
	  0.600	  0.187	 -0.778

9 	  50.85	  -8.95	  -0.46
	  0.691	  0.607	 -0.392
	 -0.701	  0.431	 -0.568
	 -0.177	  0.667	  0.724

2 	  32.70	  -6.80	  23.03
	  0.437	  0.899	 -0.037
	 -0.899	  0.437	 -0.013
	  0.004	  0.039	  0.999

3 	  42.38	  -0.62	   1.67
	  0.357	  0.185	  0.915
	 -0.104	  0.982	 -0.158
	 -0.928	 -0.039	  0.370

4 	  38.23	   6.66	  -5.45
	  0.572	  0.820	 -0.001
	 -0.744	  0.520	  0.419
	  0.345	 -0.239	  0.907

5 	  42.33	  12.83	   5.15
	  0.766	  0.465	  0.442
	  0.037	 -0.720	  0.693
	  0.641	 -0.515	 -0.569

6 	  51.06	   6.75	  -0.02
	  0.565	 -0.803	 -0.188
	  0.824	  0.538	  0.175
	 -0.039	 -0.254	  0.966

7 	  37.67	  -7.21	  -5.70
	  0.381	 -0.924	 -0.006
	  0.897	  0.371	 -0.241
	  0.224	  0.086	  0.970

8 	  41.68	 -12.52	   5.26
	  0.793	 -0.433	  0.427
	 -0.314	 -0.893	 -0.322
	  0.521	  0.121	 -0.845

9 	  50.64	  -9.37	  -1.85
	  0.650	  0.547	 -0.527
	 -0.756	  0.403	 -0.515
	 -0.070	  0.733	  0.676

2 	  32.70	  -6.82	  23.03
	  0.437	  0.899	 -0.037
	 -0.899	  0.436	 -0.013
	  0.004	  0.039	  0.999

3 	  42.35	  -0.58	   1.62
	  0.367	  0.181	  0.912
	 -0.111	  0.982	 -0.151
	 -0.923	 -0.046	  0.381

4 	  38.00	   6.71	  -5.34
	  0.567	  0.824	 -0.004
	 -0.742	  0.513	  0.431
	  0.357	 -0.242	  0.902

5 	  42.77	  12.69	   5.13
	  0.805	  0.462	  0.371
	  0.130	 -0.749	  0.650
	  0.578	 -0.475	 -0.663

6 	  50.91	   7.24	  -1.56
	  0.541	 -0.775	 -0.326
	  0.839	  0.521	  0.155
	  0.050	 -0.358	  0.932

7 	  37.53	  -7.15	  -5.66
	  0.371	 -0.928	 -0.015
	  0.895	  0.363	 -0.258
	  0.244	  0.082	  0.966

8 	  42.15	 -12.15	   5.26
	  0.816	 -0.454	  0.357
	 -0.403	 -0.890	 -0.211
	  0.413	  0.029	 -0.910

9 	  50.10	 -10.25	  -3.43
	  0.585	  0.446	 -0.677
	 -0.809	  0.381	 -0.448
	  0.058	  0.810	  0.583

2 	  32.70	  -6.82	  23.03
	  0.437	  0.899	 -0.037
	 -0.899	  0.437	 -0.014
	  0.004	  0.039	  0.999

3 	  42.35	  -0.56	   1.53
	  0.377	  0.177	  0.909
	 -0.118	  0.983	 -0.142
	 -0.919	 -0.054	  0.391

4 	  37.83	   6.75	  -5.27
	  0.559	  0.829	 -0.009
	 -0.742	  0.504	  0.441
	  0.370	 -0.240	  0.897

5 	  43.14	  12.60	   4.97
	  0.829	  0.469	  0.303
	  0.211	 -0.766	  0.607
	  0.517	 -0.439	 -0.734

6 	  50.68	   7.77	  -2.87
	  0.508	 -0.740	 -0.441
	  0.852	  0.508	  0.128
	  0.129	 -0.440	  0.888

7 	  37.41	  -7.12	  -5.62
	  0.355	 -0.934	 -0.022
	  0.896	  0.348	 -0.275
	  0.264	  0.078	  0.961

8 	  42.57	 -11.78	   5.24
	  0.818	 -0.493	  0.295
	 -0.490	 -0.867	 -0.090
	  0.300	 -0.071	 -0.951

9 	  49.45	 -11.50	  -4.61
	  0.513	  0.317	 -0.797
	 -0.840	  0.374	 -0.392
	  0.174	  0.871	  0.459

2 	  32.70	  -6.82	  23.03
	  0.437	  0.899	 -0.038
	 -0.900	  0.436	 -0.013
	  0.005	  0.039	  0.999

3 	  42.35	  -0.47	   1.49
	  0.383	  0.174	  0.907
	 -0.128	  0.982	 -0.135
	 -0.915	 -0.064	  0.398

4 	  37.62	   6.82	  -5.17
	  0.543	  0.839	 -0.016
	 -0.745	  0.491	  0.451
	  0.386	 -0.234	  0.892

5 	  43.37	  12.60	   4.76
	  0.842	  0.481	  0.244
	  0.278	 -0.774	  0.568
	  0.462	 -0.411	 -0.786

6 	  50.34	   8.31	  -3.85
	  0.479	 -0.704	 -0.524
	  0.857	  0.504	  0.106
	  0.189	 -0.500	  0.845

7 	  37.28	  -7.07	  -5.55
	  0.330	 -0.943	 -0.032
	  0.898	  0.324	 -0.298
	  0.291	  0.070	  0.954

8 	  42.86	 -11.67	   5.04
	  0.800	 -0.550	  0.239
	 -0.573	 -0.819	  0.031
	  0.178	 -0.161	 -0.970

9 	  48.57	 -13.17	  -5.55
	  0.437	  0.175	 -0.882
	 -0.854	  0.387	 -0.347
	  0.280	  0.905	  0.319

2 	  32.70	  -6.82	  23.03
	  0.436	  0.899	 -0.038
	 -0.900	  0.436	 -0.013
	  0.005	  0.040	  0.999

3 	  42.36	  -0.42	   1.44
	  0.388	  0.172	  0.905
	 -0.132	  0.982	 -0.130
	 -0.912	 -0.069	  0.404

4 	  37.39	   6.87	  -5.06
	  0.526	  0.850	 -0.022
	 -0.748	  0.474	  0.465
	  0.406	 -0.228	  0.885

5 	  43.52	  12.66	   4.64
	  0.845	  0.499	  0.191
	  0.340	 -0.778	  0.528
	  0.412	 -0.381	 -0.827

6 	  49.99	   9.04	  -4.87
	  0.450	 -0.657	 -0.604
	  0.856	  0.510	  0.083
	  0.253	 -0.555	  0.792

7 	  37.07	  -7.05	  -5.52
	  0.290	 -0.956	 -0.041
	  0.900	  0.287	 -0.326
	  0.324	  0.057	  0.944

8 	  42.94	 -11.76	   4.87
	  0.766	 -0.611	  0.198
	 -0.638	 -0.760	  0.121
	  0.076	 -0.219	 -0.973

9 	  47.60	 -14.68	  -6.01
	  0.370	  0.049	 -0.928
	 -0.849	  0.423	 -0.316
	  0.377	  0.904	  0.199

2 	  32.70	  -6.82	  23.03
	  0.436	  0.899	 -0.038
	 -0.900	  0.436	 -0.013
	  0.005	  0.040	  0.999

3 	  42.40	  -0.35	   1.35
	  0.402	  0.163	  0.901
	 -0.137	  0.983	 -0.118
	 -0.905	 -0.076	  0.418

4 	  37.12	   6.91	  -4.87
	  0.498	  0.867	 -0.028
	 -0.753	  0.448	  0.482
	  0.430	 -0.219	  0.876

5 	  43.59	  12.73	   4.54
	  0.842	  0.521	  0.140
	  0.402	 -0.779	  0.480
	  0.359	 -0.348	 -0.866

6 	  49.54	   9.79	  -5.62
	  0.425	 -0.602	 -0.677
	  0.851	  0.519	  0.073
	  0.307	 -0.607	  0.733

7 	  36.88	  -7.08	  -5.48
	  0.250	 -0.967	 -0.042
	  0.902	  0.249	 -0.353
	  0.351	  0.051	  0.934

8 	  42.91	 -11.88	   4.80
	  0.721	 -0.669	  0.178
	 -0.692	 -0.692	  0.205
	 -0.014	 -0.271	 -0.962

9 	  46.34	 -16.22	  -6.19
	  0.286	 -0.073	 -0.955
	 -0.841	  0.458	 -0.287
	  0.459	  0.886	  0.070

2 	  32.70	  -6.84	  23.03
	  0.436	  0.899	 -0.039
	 -0.900	  0.436	 -0.013
	  0.005	  0.040	  0.999

3 	  42.42	  -0.33	   1.25
	  0.417	  0.155	  0.895
	 -0.136	  0.985	 -0.107
	 -0.899	 -0.077	  0.432

4 	  36.91	   6.93	  -4.68
	  0.472	  0.881	 -0.034
	 -0.758	  0.425	  0.494
	  0.450	 -0.208	  0.868

5 	  43.59	  12.80	   4.52
	  0.833	  0.543	  0.104
	  0.451	 -0.777	  0.439
	  0.320	 -0.319	 -0.892

6 	  49.13	  10.53	  -6.10
	  0.398	 -0.550	 -0.734
	  0.853	  0.516	  0.077
	  0.336	 -0.657	  0.675

7 	  36.65	  -7.07	  -5.36
	  0.207	 -0.978	 -0.035
	  0.901	  0.205	 -0.381
	  0.379	  0.047	  0.924

8 	  42.77	 -11.88	   4.90
	  0.673	 -0.717	  0.179
	 -0.734	 -0.618	  0.282
	 -0.092	 -0.321	 -0.942

9 	  45.04	 -17.54	  -5.96
	  0.201	 -0.185	 -0.962
	 -0.831	  0.488	 -0.267
	  0.519	  0.853	 -0.056

2 	  32.71	  -6.84	  23.01
	  0.436	  0.899	 -0.039
	 -0.900	  0.436	 -0.013
	  0.006	  0.040	  0.999

3 	  42.43	  -0.32	   1.12
	  0.432	  0.148	  0.890
	 -0.130	  0.986	 -0.101
	 -0.892	 -0.072	  0.445

4 	  36.69	   6.96	  -4.50
	  0.440	  0.897	 -0.042
	 -0.766	  0.399	  0.503
	  0.468	 -0.190	  0.863

5 	  43.51	  12.94	   4.46
	  0.821	  0.566	  0.076
	  0.491	 -0.768	  0.410
	  0.291	 -0.300	 -0.909

6 	  48.76	  11.11	  -6.40
	  0.380	 -0.512	 -0.770
	  0.848	  0.525	  0.070
	  0.368	 -0.680	  0.634

7 	  36.35	  -7.07	  -5.24
	  0.154	 -0.988	 -0.028
	  0.899	  0.152	 -0.411
	  0.409	  0.038	  0.911

8 	  42.54	 -12.04	   4.92
	  0.625	 -0.760	  0.177
	 -0.762	 -0.546	  0.347
	 -0.167	 -0.352	 -0.921

9 	  43.68	 -18.86	  -5.54
	  0.118	 -0.290	 -0.950
	 -0.819	  0.513	 -0.259
	  0.562	  0.808	 -0.177

2 	  32.70	  -6.82	  23.03
	  0.436	  0.899	 -0.039
	 -0.900	  0.436	 -0.013
	  0.005	  0.041	  0.999

3 	  42.45	  -0.37	   1.00
	  0.450	  0.140	  0.882
	 -0.119	  0.988	 -0.097
	 -0.885	 -0.061	  0.461

4 	  36.46	   6.96	  -4.29
	  0.411	  0.910	 -0.050
	 -0.771	  0.376	  0.513
	  0.486	 -0.173	  0.856

5 	  43.42	  13.04	   4.43
	  0.808	  0.586	  0.054
	  0.526	 -0.760	  0.382
	  0.264	 -0.280	 -0.923

6 	  48.27	  11.78	  -6.79
	  0.351	 -0.464	 -0.813
	  0.851	  0.521	  0.070
	  0.391	 -0.717	  0.577

7 	  35.98	  -7.07	  -5.12
	  0.087	 -0.996	 -0.024
	  0.892	  0.089	 -0.442
	  0.442	  0.017	  0.896

8 	  42.15	 -12.22	   4.92
	  0.577	 -0.796	  0.183
	 -0.786	 -0.480	  0.390
	 -0.223	 -0.370	 -0.902

9 	  42.54	 -19.97	  -5.01
	  0.061	 -0.372	 -0.926
	 -0.819	  0.512	 -0.260
	  0.571	  0.774	 -0.273

2 	  32.70	  -6.82	  23.03
	  0.435	  0.899	 -0.040
	 -0.900	  0.435	 -0.013
	  0.006	  0.041	  0.999

3 	  42.49	  -0.42	   0.83
	  0.473	  0.130	  0.871
	 -0.104	  0.990	 -0.091
	 -0.875	 -0.048	  0.482

4 	  36.30	   6.96	  -4.06
	  0.383	  0.922	 -0.054
	 -0.776	  0.352	  0.524
	  0.502	 -0.159	  0.850

5 	  43.35	  13.06	   4.62
	  0.797	  0.603	  0.041
	  0.553	 -0.755	  0.351
	  0.243	 -0.257	 -0.935

6 	  48.02	  12.25	  -6.86
	  0.331	 -0.420	 -0.845
	  0.855	  0.513	  0.080
	  0.399	 -0.749	  0.529

7 	  35.70	  -7.01	  -5.01
	  0.032	 -0.999	 -0.012
	  0.889	  0.034	 -0.457
	  0.457	  0.004	  0.889

8 	  41.55	 -12.39	   5.19
	  0.532	 -0.821	  0.208
	 -0.812	 -0.425	  0.399
	 -0.239	 -0.381	 -0.893

9 	  41.80	 -20.62	  -4.31
	  0.053	 -0.433	 -0.900
	 -0.816	  0.501	 -0.289
	  0.576	  0.749	 -0.326

2 	  32.70	  -6.84	  23.03
	  0.436	  0.899	 -0.041
	 -0.900	  0.435	 -0.013
	  0.006	  0.042	  0.999

3 	  42.54	  -0.49	   0.69
	  0.489	  0.124	  0.863
	 -0.091	  0.991	 -0.090
	 -0.867	 -0.035	  0.496

4 	  36.21	   6.91	  -3.97
	  0.359	  0.931	 -0.062
	 -0.780	  0.336	  0.528
	  0.513	 -0.141	  0.847

5 	  43.24	  13.11	   4.62
	  0.785	  0.619	  0.027
	  0.577	 -0.747	  0.328
	  0.223	 -0.242	 -0.944

6 	  47.65	  12.76	  -6.96
	  0.316	 -0.380	 -0.869
	  0.857	  0.508	  0.090
	  0.407	 -0.773	  0.486

7 	  35.51	  -6.98	  -4.87
	 -0.011	 -1.000	  0.004
	  0.886	 -0.011	 -0.464
	  0.463	 -0.002	  0.886

8 	  41.17	 -12.41	   5.41
	  0.499	 -0.834	  0.234
	 -0.830	 -0.382	  0.407
	 -0.250	 -0.397	 -0.883

9 	  41.15	 -21.32	  -3.48
	  0.040	 -0.503	 -0.864
	 -0.821	  0.476	 -0.315
	  0.570	  0.721	 -0.394

2 	  32.70	  -6.84	  23.03
	  0.435	  0.899	 -0.041
	 -0.900	  0.435	 -0.013
	  0.006	  0.042	  0.999

3 	  42.59	  -0.54	   0.62
	  0.500	  0.120	  0.858
	 -0.080	  0.992	 -0.093
	 -0.862	 -0.022	  0.505

4 	  36.14	   6.87	  -3.88
	  0.343	  0.937	 -0.068
	 -0.784	  0.325	  0.529
	  0.517	 -0.129	  0.846

5 	  43.21	  13.17	   4.61
	  0.775	  0.632	  0.017
	  0.596	 -0.740	  0.310
	  0.209	 -0.230	 -0.951

6 	  47.48	  13.15	  -7.12
	  0.297	 -0.349	 -0.889
	  0.862	  0.498	  0.093
	  0.410	 -0.794	  0.449

7 	  35.38	  -6.96	  -4.80
	 -0.044	 -0.999	  0.013
	  0.881	 -0.045	 -0.471
	  0.471	 -0.009	  0.882

8 	  40.94	 -12.39	   5.57
	  0.470	 -0.846	  0.253
	 -0.840	 -0.340	  0.423
	 -0.272	 -0.411	 -0.870

9 	  40.52	 -21.81	  -2.83
	  0.003	 -0.554	 -0.833
	 -0.840	  0.450	 -0.303
	  0.542	  0.700	 -0.464

2 	  32.68	  -6.84	  23.01
	  0.435	  0.899	 -0.042
	 -0.900	  0.435	 -0.013
	  0.007	  0.043	  0.999

3 	  42.63	  -0.58	   0.54
	  0.506	  0.116	  0.854
	 -0.073	  0.993	 -0.093
	 -0.859	 -0.015	  0.511

4 	  36.12	   6.86	  -3.85
	  0.334	  0.940	 -0.065
	 -0.788	  0.316	  0.528
	  0.517	 -0.126	  0.846

5 	  43.17	  13.10	   4.66
	  0.770	  0.637	  0.017
	  0.605	 -0.740	  0.294
	  0.200	 -0.216	 -0.956

6 	  47.36	  13.38	  -7.03
	  0.287	 -0.325	 -0.901
	  0.870	  0.482	  0.104
	  0.400	 -0.814	  0.421

7 	  35.26	  -6.93	  -4.75
	 -0.074	 -0.997	  0.018
	  0.875	 -0.074	 -0.479
	  0.478	 -0.020	  0.878

8 	  40.66	 -12.43	   5.70
	  0.438	 -0.857	  0.271
	 -0.850	 -0.298	  0.434
	 -0.291	 -0.421	 -0.859

9 	  40.01	 -22.04	  -2.39
	 -0.025	 -0.581	 -0.813
	 -0.854	  0.436	 -0.285
	  0.520	  0.687	 -0.507

2 	  32.68	  -6.84	  23.01
	  0.435	  0.899	 -0.042
	 -0.901	  0.434	 -0.013
	  0.007	  0.043	  0.999

3 	  42.68	  -0.58	   0.47
	  0.512	  0.115	  0.851
	 -0.069	  0.993	 -0.093
	 -0.856	 -0.011	  0.517

4 	  36.12	   6.84	  -3.83
	  0.328	  0.943	 -0.062
	 -0.793	  0.310	  0.524
	  0.513	 -0.123	  0.849

5 	  43.12	  13.10	   4.69
	  0.767	  0.641	  0.019
	  0.609	 -0.738	  0.290
	  0.200	 -0.211	 -0.957

6 	  47.32	  13.55	  -6.87
	  0.293	 -0.306	 -0.906
	  0.873	  0.472	  0.123
	  0.389	 -0.827	  0.405

7 	  35.19	  -6.91	  -4.73
	 -0.101	 -0.994	  0.031
	  0.875	 -0.103	 -0.473
	  0.473	 -0.021	  0.880

8 	  40.36	 -12.29	   5.94
	  0.416	 -0.859	  0.299
	 -0.862	 -0.268	  0.429
	 -0.289	 -0.437	 -0.852

9 	  39.62	 -22.17	  -1.79
	 -0.033	 -0.609	 -0.792
	 -0.856	  0.426	 -0.292
	  0.515	  0.669	 -0.536

2 	  32.68	  -6.82	  23.01
	  0.434	  0.900	 -0.042
	 -0.901	  0.434	 -0.013
	  0.007	  0.043	  0.999

3 	  42.70	  -0.60	   0.46
	  0.515	  0.115	  0.849
	 -0.063	  0.993	 -0.096
	 -0.855	 -0.004	  0.519

4 	  36.12	   6.79	  -3.85
	  0.323	  0.944	 -0.055
	 -0.800	  0.304	  0.518
	  0.506	 -0.124	  0.853

5 	  43.08	  13.06	   4.82
	  0.763	  0.645	  0.027
	  0.613	 -0.738	  0.281
	  0.202	 -0.198	 -0.959

6 	  47.32	  13.64	  -6.84
	  0.286	 -0.279	 -0.917
	  0.881	  0.453	  0.137
	  0.377	 -0.847	  0.375

7 	  35.16	  -6.93	  -4.68
	 -0.118	 -0.992	  0.043
	  0.876	 -0.124	 -0.466
	  0.467	 -0.018	  0.884

8 	  40.18	 -12.22	   6.12
	  0.400	 -0.858	  0.320
	 -0.869	 -0.245	  0.429
	 -0.290	 -0.450	 -0.844

9 	  39.34	 -22.32	  -1.32
	 -0.038	 -0.633	 -0.773
	 -0.861	  0.413	 -0.296
	  0.507	  0.654	 -0.561

2 	  32.68	  -6.84	  23.01
	  0.434	  0.900	 -0.042
	 -0.901	  0.434	 -0.013
	  0.007	  0.043	  0.999

3 	  42.73	  -0.63	   0.42
	  0.519	  0.115	  0.847
	 -0.059	  0.993	 -0.099
	 -0.853	  0.001	  0.522

4 	  36.16	   6.77	  -3.85
	  0.324	  0.944	 -0.050
	 -0.803	  0.302	  0.514
	  0.500	 -0.127	  0.856

5 	  43.05	  12.97	   4.87
	  0.763	  0.646	  0.033
	  0.614	 -0.740	  0.276
	  0.203	 -0.190	 -0.960

6 	  47.34	  13.76	  -6.68
	  0.292	 -0.259	 -0.921
	  0.883	  0.442	  0.156
	  0.366	 -0.859	  0.358

7 	  35.10	  -6.94	  -4.64
	 -0.128	 -0.990	  0.050
	  0.877	 -0.137	 -0.461
	  0.464	 -0.015	  0.886

8 	  39.99	 -12.09	   6.28
	  0.390	 -0.855	  0.341
	 -0.875	 -0.229	  0.425
	 -0.286	 -0.465	 -0.838

9 	  39.18	 -22.39	  -0.91
	 -0.036	 -0.654	 -0.756
	 -0.867	  0.397	 -0.302
	  0.498	  0.644	 -0.581

2 	  32.68	  -6.82	  22.99
	  0.434	  0.900	 -0.042
	 -0.901	  0.434	 -0.012
	  0.007	  0.043	  0.999

3 	  42.73	  -0.69	   0.40
	  0.520	  0.115	  0.846
	 -0.053	  0.993	 -0.103
	 -0.852	  0.009	  0.523

4 	  36.16	   6.75	  -3.87
	  0.325	  0.944	 -0.049
	 -0.804	  0.303	  0.511
	  0.498	 -0.127	  0.858

5 	  43.03	  12.97	   4.87
	  0.762	  0.646	  0.034
	  0.614	 -0.739	  0.276
	  0.204	 -0.189	 -0.960

6 	  47.37	  13.78	  -6.66
	  0.295	 -0.253	 -0.922
	  0.885	  0.436	  0.163
	  0.360	 -0.864	  0.352

7 	  35.12	  -6.96	  -4.64
	 -0.131	 -0.990	  0.054
	  0.877	 -0.141	 -0.459
	  0.461	 -0.013	  0.887

8 	  39.94	 -12.08	   6.31
	  0.387	 -0.854	  0.348
	 -0.877	 -0.225	  0.424
	 -0.284	 -0.469	 -0.836

9 	  39.16	 -22.43	  -0.77
	 -0.034	 -0.664	 -0.747
	 -0.871	  0.385	 -0.303
	  0.489	  0.641	 -0.591

2 	  32.70	  -6.82	  22.99
	  0.434	  0.900	 -0.042
	 -0.901	  0.434	 -0.012
	  0.007	  0.043	  0.999

3 	  42.75	  -0.69	   0.40
	  0.520	  0.116	  0.846
	 -0.052	  0.993	 -0.105
	 -0.852	  0.011	  0.523

4 	  36.18	   6.73	  -3.87
	  0.324	  0.944	 -0.050
	 -0.804	  0.303	  0.510
	  0.497	 -0.126	  0.858

5 	  43.03	  12.94	   4.87
	  0.762	  0.647	  0.036
	  0.614	 -0.739	  0.276
	  0.205	 -0.189	 -0.960

6 	  47.37	  13.78	  -6.70
	  0.293	 -0.251	 -0.922
	  0.887	  0.431	  0.165
	  0.356	 -0.867	  0.349

7 	  35.10	  -6.98	  -4.64
	 -0.131	 -0.990	  0.054
	  0.878	 -0.141	 -0.458
	  0.460	 -0.012	  0.887

8 	  39.94	 -12.09	   6.33
	  0.387	 -0.853	  0.349
	 -0.878	 -0.225	  0.422
	 -0.281	 -0.470	 -0.836

9 	  39.25	 -22.43	  -0.81
	 -0.030	 -0.662	 -0.748
	 -0.873	  0.382	 -0.304
	  0.487	  0.644	 -0.589

2 	  32.70	  -6.82	  22.99
	  0.434	  0.900	 -0.042
	 -0.901	  0.434	 -0.012
	  0.007	  0.043	  0.999

3 	  42.75	  -0.69	   0.39
	  0.521	  0.116	  0.845
	 -0.051	  0.993	 -0.105
	 -0.852	  0.012	  0.523

4 	  36.18	   6.71	  -3.88
	  0.323	  0.945	 -0.049
	 -0.805	  0.302	  0.510
	  0.497	 -0.125	  0.858

5 	  43.00	  12.96	   4.89
	  0.760	  0.648	  0.037
	  0.615	 -0.738	  0.278
	  0.207	 -0.189	 -0.960

6 	  47.37	  13.78	  -6.68
	  0.295	 -0.250	 -0.922
	  0.887	  0.431	  0.167
	  0.356	 -0.867	  0.349

7 	  35.12	  -6.98	  -4.66
	 -0.125	 -0.991	  0.054
	  0.879	 -0.135	 -0.456
	  0.459	 -0.009	  0.888

8 	  40.01	 -12.09	   6.31
	  0.392	 -0.852	  0.346
	 -0.877	 -0.232	  0.421
	 -0.279	 -0.469	 -0.838

9 	  39.38	 -22.39	  -0.95
	 -0.028	 -0.655	 -0.755
	 -0.876	  0.379	 -0.297
	  0.481	  0.653	 -0.585

2 	  32.70	  -6.82	  22.99
	  0.434	  0.900	 -0.043
	 -0.901	  0.434	 -0.012
	  0.007	  0.043	  0.999

3 	  42.75	  -0.70	   0.39
	  0.520	  0.116	  0.846
	 -0.051	  0.993	 -0.106
	 -0.853	  0.012	  0.522

4 	  36.14	   6.73	  -3.87
	  0.321	  0.945	 -0.049
	 -0.806	  0.300	  0.510
	  0.497	 -0.125	  0.859

5 	  42.94	  12.97	   4.90
	  0.759	  0.649	  0.040
	  0.615	 -0.737	  0.280
	  0.211	 -0.189	 -0.959

6 	  47.36	  13.80	  -6.68
	  0.296	 -0.251	 -0.922
	  0.886	  0.432	  0.167
	  0.356	 -0.866	  0.350

7 	  35.17	  -7.00	  -4.66
	 -0.118	 -0.991	  0.052
	  0.880	 -0.129	 -0.456
	  0.459	 -0.008	  0.888

8 	  40.15	 -12.06	   6.22
	  0.406	 -0.850	  0.336
	 -0.871	 -0.249	  0.424
	 -0.276	 -0.465	 -0.841

9 	  39.66	 -22.27	  -1.12
	 -0.023	 -0.645	 -0.764
	 -0.886	  0.366	 -0.283
	  0.462	  0.671	 -0.580

2 	  32.68	  -6.84	  23.01
	  0.434	  0.900	 -0.042
	 -0.901	  0.434	 -0.013
	  0.007	  0.043	  0.999

3 	  42.75	  -0.69	   0.40
	  0.519	  0.118	  0.846
	 -0.052	  0.993	 -0.106
	 -0.853	  0.011	  0.522

4 	  36.14	   6.73	  -3.88
	  0.321	  0.946	 -0.050
	 -0.805	  0.300	  0.511
	  0.498	 -0.124	  0.858

5 	  42.94	  12.97	   4.90
	  0.760	  0.649	  0.039
	  0.614	 -0.737	  0.283
	  0.212	 -0.191	 -0.958

6 	  47.36	  13.76	  -6.70
	  0.297	 -0.254	 -0.920
	  0.886	  0.432	  0.166
	  0.355	 -0.865	  0.353

7 	  35.19	  -7.01	  -4.66
	 -0.108	 -0.993	  0.051
	  0.882	 -0.119	 -0.456
	  0.459	 -0.004	  0.888

8 	  40.41	 -12.09	   6.13
	  0.427	 -0.846	  0.318
	 -0.860	 -0.273	  0.431
	 -0.278	 -0.458	 -0.844

9 	  40.03	 -22.17	  -1.44
	 -0.025	 -0.628	 -0.778
	 -0.900	  0.353	 -0.257
	  0.436	  0.693	 -0.573

2 	  32.70	  -6.82	  22.99
	  0.433	  0.900	 -0.042
	 -0.901	  0.433	 -0.013
	  0.007	  0.043	  0.999

3 	  42.75	  -0.67	   0.40
	  0.517	  0.119	  0.847
	 -0.053	  0.993	 -0.107
	 -0.854	  0.010	  0.520

4 	  36.16	   6.71	  -3.88
	  0.323	  0.945	 -0.052
	 -0.804	  0.303	  0.511
	  0.499	 -0.124	  0.857

5 	  42.98	  12.96	   4.83
	  0.767	  0.640	  0.038
	  0.604	 -0.740	  0.295
	  0.217	 -0.203	 -0.955

6 	  47.50	  13.52	  -6.71
	  0.301	 -0.272	 -0.914
	  0.890	  0.425	  0.167
	  0.342	 -0.864	  0.370

7 	  35.24	  -7.07	  -4.66
	 -0.089	 -0.995	  0.049
	  0.883	 -0.101	 -0.459
	  0.461	  0.003	  0.887

8 	  40.69	 -12.06	   6.06
	  0.462	 -0.834	  0.300
	 -0.844	 -0.312	  0.435
	 -0.270	 -0.455	 -0.849

9 	  40.66	 -21.94	  -1.83
	 -0.010	 -0.602	 -0.798
	 -0.915	  0.327	 -0.235
	  0.402	  0.729	 -0.554

2 	  32.70	  -6.82	  23.01
	  0.434	  0.900	 -0.042
	 -0.901	  0.433	 -0.013
	  0.007	  0.043	  0.999

3 	  42.75	  -0.67	   0.44
	  0.514	  0.121	  0.849
	 -0.055	  0.992	 -0.109
	 -0.856	  0.009	  0.517

4 	  36.14	   6.71	  -3.92
	  0.336	  0.940	 -0.058
	 -0.797	  0.317	  0.514
	  0.502	 -0.127	  0.855

5 	  43.05	  12.88	   4.76
	  0.781	  0.623	  0.039
	  0.582	 -0.749	  0.315
	  0.225	 -0.224	 -0.948

6 	  47.74	  13.11	  -6.68
	  0.310	 -0.298	 -0.903
	  0.895	  0.411	  0.172
	  0.319	 -0.861	  0.394

7 	  35.35	  -7.19	  -4.61
	 -0.043	 -0.998	  0.052
	  0.890	 -0.062	 -0.452
	  0.453	  0.026	  0.891

8 	  41.13	 -11.99	   5.92
	  0.522	 -0.808	  0.272
	 -0.818	 -0.385	  0.428
	 -0.241	 -0.446	 -0.862

9 	  41.80	 -21.23	  -2.50
	  0.036	 -0.544	 -0.838
	 -0.930	  0.289	 -0.228
	  0.366	  0.787	 -0.495

2 	  32.68	  -6.82	  23.01
	  0.434	  0.900	 -0.043
	 -0.901	  0.433	 -0.012
	  0.007	  0.044	  0.999

3 	  42.70	  -0.65	   0.49
	  0.509	  0.128	  0.851
	 -0.063	  0.991	 -0.113
	 -0.859	  0.004	  0.512

4 	  36.16	   6.70	  -3.97
	  0.352	  0.934	 -0.059
	 -0.790	  0.330	  0.517
	  0.502	 -0.135	  0.854

5 	  43.15	  12.78	   4.75
	  0.797	  0.601	  0.044
	  0.555	 -0.761	  0.336
	  0.236	 -0.243	 -0.941

6 	  48.01	  12.66	  -6.64
	  0.318	 -0.325	 -0.891
	  0.902	  0.393	  0.178
	  0.292	 -0.860	  0.418

7 	  35.51	  -7.28	  -4.62
	  0.011	 -0.999	  0.050
	  0.897	 -0.012	 -0.441
	  0.441	  0.050	  0.896

8 	  41.55	 -11.79	   5.91
	  0.595	 -0.763	  0.253
	 -0.782	 -0.476	  0.401
	 -0.186	 -0.437	 -0.880

9 	  43.19	 -20.25	  -3.06
	  0.106	 -0.468	 -0.877
	 -0.938	  0.246	 -0.245
	  0.331	  0.849	 -0.412

2 	  32.70	  -6.84	  23.01
	  0.434	  0.900	 -0.043
	 -0.901	  0.434	 -0.012
	  0.007	  0.043	  0.999

3 	  42.66	  -0.63	   0.58
	  0.501	  0.137	  0.854
	 -0.073	  0.990	 -0.116
	 -0.862	 -0.004	  0.506

4 	  36.18	   6.68	  -3.99
	  0.368	  0.928	 -0.060
	 -0.784	  0.344	  0.517
	  0.501	 -0.144	  0.853

5 	  43.21	  12.69	   4.75
	  0.811	  0.582	  0.053
	  0.528	 -0.770	  0.358
	  0.249	 -0.263	 -0.932

6 	  48.27	  12.13	  -6.50
	  0.328	 -0.359	 -0.874
	  0.906	  0.381	  0.184
	  0.267	 -0.852	  0.450

7 	  35.68	  -7.42	  -4.59
	  0.066	 -0.996	  0.050
	  0.903	  0.038	 -0.427
	  0.423	  0.073	  0.903

8 	  41.89	 -11.53	   5.94
	  0.661	 -0.709	  0.244
	 -0.739	 -0.561	  0.373
	 -0.128	 -0.427	 -0.895

9 	  44.46	 -19.16	  -3.53
	  0.161	 -0.385	 -0.909
	 -0.946	  0.202	 -0.254
	  0.282	  0.900	 -0.331

2 	  32.70	  -6.82	  22.99
	  0.434	  0.900	 -0.043
	 -0.901	  0.433	 -0.012
	  0.007	  0.043	  0.999

3 	  42.63	  -0.60	   0.63
	  0.496	  0.145	  0.856
	 -0.083	  0.989	 -0.120
	 -0.864	 -0.012	  0.503

4 	  36.18	   6.64	  -4.04
	  0.377	  0.924	 -0.062
	 -0.780	  0.353	  0.517
	  0.499	 -0.147	  0.854

5 	  43.19	  12.62	   4.69
	  0.824	  0.563	  0.061
	  0.500	 -0.774	  0.388
	  0.265	 -0.289	 -0.920

6 	  48.50	  11.58	  -6.29
	  0.342	 -0.399	 -0.851
	  0.908	  0.374	  0.189
	  0.243	 -0.837	  0.490

7 	  35.88	  -7.49	  -4.55
	  0.109	 -0.993	  0.043
	  0.906	  0.082	 -0.415
	  0.408	  0.084	  0.909

8 	  42.06	 -11.51	   5.92
	  0.714	 -0.660	  0.232
	 -0.697	 -0.644	  0.316
	 -0.059	 -0.388	 -0.920

9 	  45.53	 -17.75	  -4.10
	  0.229	 -0.253	 -0.940
	 -0.941	  0.189	 -0.281
	  0.249	  0.949	 -0.195

2 	  32.70	  -6.84	  23.01
	  0.434	  0.900	 -0.042
	 -0.901	  0.434	 -0.013
	  0.007	  0.043	  0.999

3 	  42.61	  -0.62	   0.69
	  0.491	  0.151	  0.858
	 -0.091	  0.988	 -0.123
	 -0.866	 -0.018	  0.499

4 	  36.21	   6.63	  -4.10
	  0.390	  0.918	 -0.064
	 -0.776	  0.365	  0.514
	  0.496	 -0.151	  0.855

5 	  43.19	  12.60	   4.66
	  0.832	  0.549	  0.071
	  0.475	 -0.774	  0.418
	  0.285	 -0.314	 -0.906

6 	  48.76	  11.02	  -6.08
	  0.358	 -0.443	 -0.822
	  0.905	  0.382	  0.188
	  0.230	 -0.811	  0.537

7 	  36.00	  -7.52	  -4.55
	  0.142	 -0.989	  0.029
	  0.906	  0.118	 -0.407
	  0.399	  0.084	  0.913

8 	  41.96	 -11.94	   5.78
	  0.749	 -0.627	  0.213
	 -0.661	 -0.723	  0.200
	  0.028	 -0.291	 -0.956

9 	  46.42	 -16.40	  -4.80
	  0.309	 -0.068	 -0.948
	 -0.921	  0.225	 -0.317
	  0.235	  0.972	  0.007

2 	  32.68	  -6.84	  23.01
	  0.434	  0.900	 -0.042
	 -0.901	  0.434	 -0.013
	  0.007	  0.043	  0.999

3 	  42.61	  -0.63	   0.69
	  0.488	  0.155	  0.859
	 -0.095	  0.988	 -0.124
	 -0.868	 -0.021	  0.497

4 	  36.28	   6.61	  -4.13
	  0.401	  0.914	 -0.066
	 -0.774	  0.376	  0.510
	  0.491	 -0.154	  0.857

5 	  43.14	  12.66	   4.62
	  0.837	  0.539	  0.087
	  0.447	 -0.768	  0.458
	  0.314	 -0.345	 -0.885

6 	  49.03	  10.56	  -5.75
