% Calibrated with leiden_pols
% Positions are in centimeters
Data =[
 2    97.200   -23.862    59.173
 2     0.714    -0.701     0.001
 2     0.699     0.712     0.052
 2    -0.037    -0.038     0.998
 3   131.013    -2.734     1.556
 3     0.574    -0.046    -0.817
 3    -0.047     0.995    -0.088
 3     0.817     0.089     0.569
 4   114.772    15.511    -7.376
 4     0.365    -0.800     0.478
 4     0.925     0.251    -0.285
 4     0.108     0.545     0.831
 5   119.692    23.396    21.687
 5     0.386    -0.636     0.671
 5     0.258    -0.623    -0.737
 5     0.885     0.456    -0.076
 6   134.717    25.345    47.557
 6     0.565    -0.728    -0.398
 6    -0.123     0.396    -0.908
 6     0.816     0.559     0.135
 7   116.061   -21.886    -6.256
 7     0.329     0.910     0.251
 7    -0.939     0.289     0.183
 7     0.094    -0.297     0.950
 8   122.166   -26.784    22.870
 8     0.515     0.209     0.833
 8    -0.165    -0.928     0.333
 8     0.841    -0.308    -0.442
 9   136.989   -35.184    46.459
 9     0.494     0.851    -0.186
 9    -0.102     0.261     0.959
 9     0.863    -0.455     0.214
 2    97.202   -23.861    59.170
 2     0.714    -0.701     0.001
 2     0.699     0.712     0.052
 2    -0.036    -0.037     0.998
 3   131.017    -2.733     1.602
 3     0.573    -0.046    -0.818
 3    -0.048     0.995    -0.089
 3     0.818     0.090     0.567
 4   114.772    15.562    -7.427
 4     0.365    -0.800     0.477
 4     0.924     0.251    -0.285
 4     0.108     0.544     0.831
 5   119.642    23.371    21.688
 5     0.386    -0.636     0.671
 5     0.259    -0.622    -0.738
 5     0.885     0.457    -0.075
 6   134.773    25.448    47.479
 6     0.563    -0.727    -0.402
 6    -0.122     0.402    -0.905
 6     0.817     0.556     0.139
 7   116.110   -21.934    -6.208
 7     0.336     0.908     0.251
 7    -0.937     0.295     0.185
 7     0.094    -0.298     0.950
 8   122.253   -26.889    22.914
 8     0.519     0.207     0.831
 8    -0.168    -0.927     0.333
 8     0.838    -0.312    -0.446
 9   137.273   -35.290    46.324
 9     0.499     0.848    -0.188
 9    -0.104     0.266     0.957
 9     0.860    -0.457     0.220
 2    97.200   -23.862    59.173
 2     0.714    -0.701     0.001
 2     0.699     0.712     0.052
 2    -0.037    -0.038     0.998
 3   130.995    -2.739     1.678
 3     0.579    -0.049    -0.814
 3    -0.047     0.994    -0.093
 3     0.813     0.092     0.573
 4   114.767    15.560    -7.421
 4     0.366    -0.799     0.478
 4     0.924     0.253    -0.284
 4     0.106     0.545     0.831
 5   119.737    23.395    21.645
 5     0.387    -0.635     0.672
 5     0.261    -0.621    -0.737
 5     0.884     0.459    -0.074
 6   134.870    25.498    47.435
 6     0.565    -0.725    -0.403
 6    -0.121     0.404    -0.904
 6     0.816     0.557     0.142
 7   116.276   -21.933    -6.326
 7     0.344     0.904     0.253
 7    -0.935     0.304     0.184
 7     0.090    -0.300     0.950
 8   122.535   -26.893    22.810
 8     0.525     0.209     0.826
 8    -0.169    -0.925     0.339
 8     0.834    -0.316    -0.450
 9   137.616   -35.368    46.076
 9     0.500     0.846    -0.193
 9    -0.106     0.273     0.955
 9     0.859    -0.457     0.225
 2    97.199   -23.862    59.173
 2     0.714    -0.701     0.002
 2     0.699     0.712     0.052
 2    -0.037    -0.037     0.998
 3   131.111    -2.741     1.637
 3     0.582    -0.051    -0.811
 3    -0.047     0.994    -0.096
 3     0.811     0.094     0.576
 4   114.812    15.558    -7.416
 4     0.367    -0.798     0.479
 4     0.924     0.254    -0.284
 4     0.104     0.546     0.830
 5   119.851    23.442    21.580
 5     0.391    -0.633     0.671
 5     0.262    -0.621    -0.738
 5     0.882     0.463    -0.076
 6   135.046    25.574    47.335
 6     0.565    -0.724    -0.405
 6    -0.120     0.407    -0.903
 6     0.816     0.557     0.144
 7   116.435   -21.884    -6.414
 7     0.352     0.902     0.250
 7    -0.932     0.313     0.180
 7     0.084    -0.297     0.951
 8   123.227   -27.164    22.639
 8     0.542     0.199     0.817
 8    -0.182    -0.921     0.343
 8     0.820    -0.334    -0.464
 9   138.555   -35.839    45.483
 9     0.509     0.841    -0.195
 9    -0.118     0.285     0.950
 9     0.852    -0.460     0.243
 2    97.177   -23.861    59.170
 2     0.714    -0.701     0.001
 2     0.699     0.712     0.052
 2    -0.036    -0.037     0.998
 3   131.148    -2.667     1.525
 3     0.587    -0.053    -0.808
 3    -0.046     0.994    -0.098
 3     0.808     0.094     0.581
 4   114.747    15.502    -7.427
 4     0.366    -0.795     0.485
 4     0.925     0.255    -0.279
 4     0.098     0.550     0.829
 5   120.475    23.544    21.484
 5     0.416    -0.618     0.670
 5     0.272    -0.617    -0.737
 5     0.868     0.487    -0.087
 6   136.337    25.966    46.590
 6     0.589    -0.703    -0.405
 6    -0.111     0.420    -0.898
 6     0.800     0.573     0.170
 7   116.455   -21.890    -6.465
 7     0.361     0.900     0.243
 7    -0.930     0.327     0.169
 7     0.073    -0.287     0.955
 8   124.628   -27.553    22.516
 8     0.590     0.183     0.786
 8    -0.199    -0.911     0.360
 8     0.782    -0.369    -0.501
 9   140.979   -36.716    43.776
 9     0.550     0.818    -0.178
 9    -0.142     0.294     0.944
 9     0.822    -0.494     0.277
 2    97.177   -23.861    59.170
 2     0.714    -0.701     0.001
 2     0.699     0.712     0.052
 2    -0.036    -0.037     0.998
 3   131.135    -2.699     1.437
 3     0.591    -0.051    -0.805
 3    -0.051     0.994    -0.100
 3     0.805     0.100     0.584
 4   114.292    15.304    -7.476
 4     0.372    -0.779     0.506
 4     0.925     0.265    -0.270
 4     0.076     0.568     0.819
 5   122.400    24.195    20.971
 5     0.494    -0.563     0.664
 5     0.312    -0.598    -0.738
 5     0.811     0.571    -0.120
 6   140.439    27.975    43.717
 6     0.665    -0.641    -0.390
 6    -0.071     0.460    -0.883
 6     0.743     0.614     0.262
 7   116.131   -21.796    -6.542
 7     0.371     0.901     0.227
 7    -0.928     0.350     0.126
 7     0.035    -0.257     0.966
 8   126.344   -28.564    21.769
 8     0.664     0.135     0.736
 8    -0.245    -0.890     0.383
 8     0.706    -0.435    -0.558
 9   145.364   -38.213    39.673
 9     0.675     0.730    -0.113
 9    -0.179     0.305     0.935
 9     0.716    -0.611     0.337
 2    97.199   -23.862    59.173
 2     0.714    -0.701     0.002
 2     0.699     0.712     0.052
 2    -0.037    -0.037     0.998
 3   130.704    -2.912     1.128
 3     0.615    -0.037    -0.788
 3    -0.073     0.992    -0.103
 3     0.785     0.120     0.607
 4   113.081    14.582    -7.852
 4     0.392    -0.727     0.565
 4     0.920     0.302    -0.248
 4     0.010     0.616     0.787
 5   124.892    24.957    19.230
 5     0.623    -0.446     0.644
 5     0.360    -0.567    -0.740
 5     0.694     0.692    -0.193
 6   146.151    29.497    37.760
 6     0.796    -0.501    -0.341
 6    -0.031     0.526    -0.849
 6     0.604     0.687     0.405
 7   114.901   -21.720    -6.771
 7     0.361     0.905     0.226
 7    -0.932     0.361     0.042
 7    -0.043    -0.226     0.973
 8   128.388   -30.002    19.830
 8     0.757     0.075     0.649
 8    -0.288    -0.854     0.433
 8     0.586    -0.516    -0.625
 9   150.217   -39.593    32.479
 9     0.804     0.592    -0.060
 9    -0.214     0.379     0.900
 9     0.554    -0.711     0.432
 2    97.199   -23.862    59.173
 2     0.714    -0.701     0.002
 2     0.699     0.712     0.052
 2    -0.037    -0.037     0.998
 3   130.114    -3.119     0.707
 3     0.643    -0.031    -0.765
 3    -0.078     0.991    -0.105
 3     0.761     0.127     0.635
 4   111.783    14.014    -8.249
 4     0.416    -0.664     0.622
 4     0.908     0.340    -0.243
 4    -0.050     0.665     0.744
 5   126.533    25.115    17.059
 5     0.712    -0.353     0.608
 5     0.379    -0.536    -0.754
 5     0.591     0.767    -0.249
