% Calibrated with leiden_pols
% Positions are in centimeters
Data =[
 2    97.200   -23.862    59.173
 2     0.714    -0.701     0.001
 2     0.699     0.712     0.052
 2    -0.037    -0.038     0.998
 3   131.013    -2.734     1.556
 3     0.574    -0.046    -0.817
 3    -0.047     0.995    -0.088
 3     0.817     0.089     0.569
 4   114.772    15.511    -7.376
 4     0.365    -0.800     0.478
 4     0.925     0.251    -0.285
 4     0.108     0.545     0.831
 5   119.692    23.396    21.687
 5     0.386    -0.636     0.671
 5     0.258    -0.623    -0.737
 5     0.885     0.456    -0.076
 6   134.717    25.345    47.557
 6     0.565    -0.728    -0.398
 6    -0.123     0.396    -0.908
 6     0.816     0.559     0.135
 7   116.061   -21.886    -6.256
 7     0.329     0.910     0.251
 7    -0.939     0.289     0.183
 7     0.094    -0.297     0.950
 8   122.166   -26.784    22.870
 8     0.515     0.209     0.833
 8    -0.165    -0.928     0.333
 8     0.841    -0.308    -0.442
 9   136.989   -35.184    46.459
 9     0.494     0.851    -0.186
 9    -0.102     0.261     0.959
 9     0.863    -0.455     0.214
 2    97.202   -23.861    59.170
 2     0.714    -0.701     0.001
 2     0.699     0.712     0.052
 2    -0.036    -0.037     0.998
 3   131.017    -2.733     1.602
 3     0.573    -0.046    -0.818
 3    -0.048     0.995    -0.089
 3     0.818     0.090     0.567
 4   114.772    15.562    -7.427
 4     0.365    -0.800     0.477
 4     0.924     0.251    -0.285
 4     0.108     0.544     0.831
 5   119.642    23.371    21.688
 5     0.386    -0.636     0.671
 5     0.259    -0.622    -0.738
 5     0.885     0.457    -0.075
 6   134.773    25.448    47.479
 6     0.563    -0.727    -0.402
 6    -0.122     0.402    -0.905
 6     0.817     0.556     0.139
 7   116.110   -21.934    -6.208
 7     0.336     0.908     0.251
 7    -0.937     0.295     0.185
 7     0.094    -0.298     0.950
 8   122.253   -26.889    22.914
 8     0.519     0.207     0.831
 8    -0.168    -0.927     0.333
 8     0.838    -0.312    -0.446
 9   137.273   -35.290    46.324
 9     0.499     0.848    -0.188
 9    -0.104     0.266     0.957
 9     0.860    -0.457     0.220
 2    97.200   -23.862    59.173
 2     0.714    -0.701     0.001
 2     0.699     0.712     0.052
 2    -0.037    -0.038     0.998
 3   130.995    -2.739     1.678
 3     0.579    -0.049    -0.814
 3    -0.047     0.994    -0.093
 3     0.813     0.092     0.573
 4   114.767    15.560    -7.421
 4     0.366    -0.799     0.478
 4     0.924     0.253    -0.284
 4     0.106     0.545     0.831
 5   119.737    23.395    21.645
 5     0.387    -0.635     0.672
 5     0.261    -0.621    -0.737
 5     0.884     0.459    -0.074
 6   134.870    25.498    47.435
 6     0.565    -0.725    -0.403
 6    -0.121     0.404    -0.904
 6     0.816     0.557     0.142
 7   116.276   -21.933    -6.326
 7     0.344     0.904     0.253
 7    -0.935     0.304     0.184
 7     0.090    -0.300     0.950
 8   122.535   -26.893    22.810
 8     0.525     0.209     0.826
 8    -0.169    -0.925     0.339
 8     0.834    -0.316    -0.450
 9   137.616   -35.368    46.076
 9     0.500     0.846    -0.193
 9    -0.106     0.273     0.955
 9     0.859    -0.457     0.225
 2    97.199   -23.862    59.173
 2     0.714    -0.701     0.002
 2     0.699     0.712     0.052
 2    -0.037    -0.037     0.998
 3   131.111    -2.741     1.637
 3     0.582    -0.051    -0.811
 3    -0.047     0.994    -0.096
 3     0.811     0.094     0.576
 4   114.812    15.558    -7.416
 4     0.367    -0.798     0.479
 4     0.924     0.254    -0.284
 4     0.104     0.546     0.830
 5   119.851    23.442    21.580
 5     0.391    -0.633     0.671
 5     0.262    -0.621    -0.738
 5     0.882     0.463    -0.076
 6   135.046    25.574    47.335
 6     0.565    -0.724    -0.405
 6    -0.120     0.407    -0.903
 6     0.816     0.557     0.144
 7   116.435   -21.884    -6.414
 7     0.352     0.902     0.250
 7    -0.932     0.313     0.180
 7     0.084    -0.297     0.951
 8   123.227   -27.164    22.639
 8     0.542     0.199     0.817
 8    -0.182    -0.921     0.343
 8     0.820    -0.334    -0.464
 9   138.555   -35.839    45.483
 9     0.509     0.841    -0.195
 9    -0.118     0.285     0.950
 9     0.852    -0.460     0.243
 2    97.177   -23.861    59.170
 2     0.714    -0.701     0.001
 2     0.699     0.712     0.052
 2    -0.036    -0.037     0.998
 3   131.148    -2.667     1.525
 3     0.587    -0.053    -0.808
 3    -0.046     0.994    -0.098
 3     0.808     0.094     0.581
 4   114.747    15.502    -7.427
 4     0.366    -0.795     0.485
 4     0.925     0.255    -0.279
 4     0.098     0.550     0.829
 5   120.475    23.544    21.484
 5     0.416    -0.618     0.670
 5     0.272    -0.617    -0.737
 5     0.868     0.487    -0.087
 6   136.337    25.966    46.590
 6     0.589    -0.703    -0.405
 6    -0.111     0.420    -0.898
 6     0.800     0.573     0.170
 7   116.455   -21.890    -6.465
 7     0.361     0.900     0.243
 7    -0.930     0.327     0.169
 7     0.073    -0.287     0.955
 8   124.628   -27.553    22.516
 8     0.590     0.183     0.786
 8    -0.199    -0.911     0.360
 8     0.782    -0.369    -0.501
 9   140.979   -36.716    43.776
 9     0.550     0.818    -0.178
 9    -0.142     0.294     0.944
 9     0.822    -0.494     0.277
 2    97.177   -23.861    59.170
 2     0.714    -0.701     0.001
 2     0.699     0.712     0.052
 2    -0.036    -0.037     0.998
 3   131.135    -2.699     1.437
 3     0.591    -0.051    -0.805
 3    -0.051     0.994    -0.100
 3     0.805     0.100     0.584
 4   114.292    15.304    -7.476
 4     0.372    -0.779     0.506
 4     0.925     0.265    -0.270
 4     0.076     0.568     0.819
 5   122.400    24.195    20.971
 5     0.494    -0.563     0.664
 5     0.312    -0.598    -0.738
 5     0.811     0.571    -0.120
 6   140.439    27.975    43.717
 6     0.665    -0.641    -0.390
 6    -0.071     0.460    -0.883
 6     0.743     0.614     0.262
 7   116.131   -21.796    -6.542
 7     0.371     0.901     0.227
 7    -0.928     0.350     0.126
 7     0.035    -0.257     0.966
 8   126.344   -28.564    21.769
 8     0.664     0.135     0.736
 8    -0.245    -0.890     0.383
 8     0.706    -0.435    -0.558
 9   145.364   -38.213    39.673
 9     0.675     0.730    -0.113
 9    -0.179     0.305     0.935
 9     0.716    -0.611     0.337
 2    97.199   -23.862    59.173
 2     0.714    -0.701     0.002
 2     0.699     0.712     0.052
 2    -0.037    -0.037     0.998
 3   130.704    -2.912     1.128
 3     0.615    -0.037    -0.788
 3    -0.073     0.992    -0.103
 3     0.785     0.120     0.607
 4   113.081    14.582    -7.852
 4     0.392    -0.727     0.565
 4     0.920     0.302    -0.248
 4     0.010     0.616     0.787
 5   124.892    24.957    19.230
 5     0.623    -0.446     0.644
 5     0.360    -0.567    -0.740
 5     0.694     0.692    -0.193
 6   146.151    29.497    37.760
 6     0.796    -0.501    -0.341
 6    -0.031     0.526    -0.849
 6     0.604     0.687     0.405
 7   114.901   -21.720    -6.771
 7     0.361     0.905     0.226
 7    -0.932     0.361     0.042
 7    -0.043    -0.226     0.973
 8   128.388   -30.002    19.830
 8     0.757     0.075     0.649
 8    -0.288    -0.854     0.433
 8     0.586    -0.516    -0.625
 9   150.217   -39.593    32.479
 9     0.804     0.592    -0.060
 9    -0.214     0.379     0.900
 9     0.554    -0.711     0.432
 2    97.199   -23.862    59.173
 2     0.714    -0.701     0.002
 2     0.699     0.712     0.052
 2    -0.037    -0.037     0.998
 3   130.114    -3.119     0.707
 3     0.643    -0.031    -0.765
 3    -0.078     0.991    -0.105
 3     0.761     0.127     0.635
 4   111.783    14.014    -8.249
 4     0.416    -0.664     0.622
 4     0.908     0.340    -0.243
 4    -0.050     0.665     0.744
 5   126.533    25.115    17.059
 5     0.712    -0.353     0.608
 5     0.379    -0.536    -0.754
 5     0.591     0.767    -0.249
 6   149.970    29.002    31.627
 6     0.886    -0.350    -0.303
 6    -0.046     0.584    -0.810
 6     0.460     0.732     0.501
 7   114.004   -21.526    -7.111
 7     0.359     0.902     0.240
 7    -0.927     0.375    -0.022
 7    -0.109    -0.215     0.970
 8   130.161   -30.742    17.326
 8     0.827     0.028     0.562
 8    -0.306    -0.816     0.490
 8     0.472    -0.578    -0.666
 9   153.561   -40.209    25.256
 9     0.897     0.441     0.028
 9    -0.234     0.419     0.877
 9     0.375    -0.793     0.479
 2    97.200   -23.862    59.173
 2     0.714    -0.701     0.001
 2     0.699     0.712     0.052
 2    -0.037    -0.038     0.998
 3   129.705    -3.136     0.348
 3     0.662    -0.029    -0.749
 3    -0.078     0.991    -0.108
 3     0.745     0.130     0.654
 4   110.569    13.595    -8.554
 4     0.411    -0.629     0.661
 4     0.906     0.355    -0.225
 4    -0.094     0.691     0.715
 5   126.638    25.260    15.843
 5     0.762    -0.268     0.590
 5     0.398    -0.525    -0.752
 5     0.510     0.808    -0.294
 6   152.190    26.731    25.258
 6     0.965    -0.130    -0.226
 6    -0.106     0.595    -0.797
 6     0.238     0.793     0.560
 7   113.161   -21.259    -7.369
 7     0.364     0.888     0.279
 7    -0.918     0.393    -0.054
 7    -0.157    -0.237     0.958
 8   131.512   -31.272    14.845
 8     0.879    -0.011     0.476
 8    -0.308    -0.775     0.550
 8     0.363    -0.631    -0.685
 9   155.910   -39.805    18.020
 9     0.952     0.287     0.101
 9    -0.233     0.471     0.850
 9     0.196    -0.834     0.516
 2    97.177   -23.861    59.170
 2     0.714    -0.701     0.001
 2     0.699     0.712     0.052
 2    -0.036    -0.037     0.998
 3   129.099    -3.075     0.011
 3     0.681    -0.033    -0.732
 3    -0.073     0.991    -0.112
 3     0.729     0.129     0.672
 4   109.274    13.037    -8.847
 4     0.427    -0.573     0.700
 4     0.892     0.389    -0.226
 4    -0.143     0.721     0.677
 5   127.766    25.046    13.570
 5     0.824    -0.190     0.534
 5     0.392    -0.489    -0.779
 5     0.408     0.851    -0.329
 6   154.009    24.940    18.757
 6     0.983     0.031    -0.178
 6    -0.155     0.644    -0.750
 6     0.091     0.764     0.636
 7   112.094   -21.081    -7.705
 7     0.363     0.870     0.336
 7    -0.906     0.413    -0.093
 7    -0.219    -0.270     0.937
 8   132.667   -31.889    11.544
 8     0.921    -0.077     0.380
 8    -0.309    -0.738     0.600
 8     0.234    -0.671    -0.704
 9   157.077   -39.941     9.669
 9     0.970     0.143     0.195
 9    -0.242     0.516     0.822
 9     0.016    -0.845     0.535
 2    97.199   -23.862    59.173
 2     0.714    -0.701     0.002
 2     0.699     0.712     0.052
 2    -0.037    -0.037     0.998
 3   128.462    -3.229    -0.520
 3     0.706    -0.032    -0.708
 3    -0.074     0.990    -0.119
 3     0.704     0.136     0.696
 4   108.154    12.634    -8.964
 4     0.433    -0.521     0.737
 4     0.881     0.416    -0.223
 4    -0.191     0.745     0.638
 5   128.285    25.131    11.525
 5     0.863    -0.116     0.492
 5     0.393    -0.459    -0.797
 5     0.318     0.881    -0.351
 6   154.609    23.584    12.653
 6     0.979     0.172    -0.112
 6    -0.198     0.661    -0.725
 6    -0.051     0.730     0.679
 7   111.056   -20.676    -7.862
 7     0.358     0.847     0.393
 7    -0.891     0.435    -0.129
 7    -0.280    -0.304     0.910
 8   133.416   -32.029     8.008
 8     0.948    -0.158     0.275
 8    -0.303    -0.706     0.640
 8     0.093    -0.690    -0.718
 9   157.261   -39.476     0.732
 9     0.956    -0.019     0.294
 9    -0.237     0.540     0.807
 9    -0.174    -0.841     0.513
 2    97.202   -23.861    59.170
 2     0.714    -0.701     0.001
 2     0.699     0.712     0.052
 2    -0.036    -0.037     0.998
 3   127.695    -3.071    -0.972
 3     0.726    -0.034    -0.687
 3    -0.071     0.990    -0.124
 3     0.684     0.138     0.716
 4   106.781    12.522    -9.139
 4     0.429    -0.477     0.768
 4     0.874     0.432    -0.220
 4    -0.227     0.765     0.602
 5   128.200    25.389     9.794
 5     0.886    -0.050     0.460
 5     0.392    -0.447    -0.804
 5     0.245     0.893    -0.376
 6   154.119    22.161     7.238
 6     0.954     0.294    -0.048
 6    -0.240     0.666    -0.708
 6    -0.176     0.685     0.705
 7   109.390   -20.154    -8.022
 7     0.341     0.810     0.478
 7    -0.873     0.461    -0.161
 7    -0.350    -0.362     0.863
 8   133.190   -31.761     4.328
 8     0.957    -0.232     0.175
 8    -0.288    -0.677     0.677
 8    -0.038    -0.699    -0.714
 9   156.050   -38.131    -7.321
 9     0.920    -0.151     0.364
 9    -0.217     0.575     0.787
 9    -0.327    -0.804     0.498
 2    97.199   -23.862    59.173
 2     0.714    -0.701     0.002
 2     0.699     0.712     0.052
 2    -0.037    -0.037     0.998
 3   126.312    -2.747    -1.800
 3     0.754    -0.051    -0.656
 3    -0.068     0.986    -0.154
 3     0.653     0.160     0.739
 4   104.179    12.306    -8.918
 4     0.404    -0.432     0.807
 4     0.873     0.443    -0.201
 4    -0.271     0.786     0.555
 5   127.175    25.503     7.851
 5     0.906     0.034     0.422
 5     0.395    -0.431    -0.812
 5     0.154     0.902    -0.404
 6   152.016    21.460     1.192
 6     0.911     0.408     0.057
 6    -0.270     0.697    -0.665
 6    -0.311     0.590     0.744
 7   107.483   -19.458    -8.067
 7     0.310     0.796     0.520
 7    -0.859     0.469    -0.207
 7    -0.408    -0.382     0.828
 8   132.034   -31.304     1.104
 8     0.953    -0.287     0.093
 8    -0.265    -0.649     0.713
 8    -0.144    -0.705    -0.694
 9   153.606   -36.679   -14.540
 9     0.870    -0.262     0.421
 9    -0.185     0.614     0.765
 9    -0.458    -0.744     0.487
 2    97.177   -23.861    59.170
 2     0.714    -0.701     0.001
 2     0.699     0.712     0.052
 2    -0.036    -0.037     0.998
 3   125.560    -2.408    -2.052
 3     0.766    -0.058    -0.640
 3    -0.067     0.983    -0.169
 3     0.638     0.172     0.749
 4   103.161    12.238    -8.697
 4     0.387    -0.405     0.828
 4     0.874     0.446    -0.191
 4    -0.293     0.798     0.526
 5   126.726    26.088     6.702
 5     0.907     0.094     0.409
 5     0.409    -0.421    -0.810
 5     0.096     0.902    -0.421
 6   150.431    21.016    -2.592
 6     0.864     0.485     0.138
 6    -0.286     0.697    -0.657
 6    -0.414     0.528     0.741
 7   107.123   -19.128    -8.278
 7     0.310     0.767     0.562
 7    -0.842     0.495    -0.214
 7    -0.442    -0.407     0.799
 8   131.899   -30.860    -1.539
 8     0.940    -0.339     0.031
 8    -0.251    -0.627     0.737
 8    -0.230    -0.701    -0.675
 9   152.058   -35.402   -19.866
 9     0.818    -0.343     0.464
 9    -0.157     0.640     0.750
 9    -0.553    -0.688     0.471
 2    97.199   -23.862    59.173
 2     0.714    -0.701     0.002
 2     0.699     0.712     0.052
 2    -0.037    -0.037     0.998
 3   125.485    -2.135    -2.155
 3     0.773    -0.063    -0.632
 3    -0.066     0.982    -0.178
 3     0.631     0.179     0.754
 4   102.915    12.412    -8.565
 4     0.380    -0.392     0.838
 4     0.875     0.443    -0.189
 4    -0.298     0.806     0.511
 5   126.705    26.463     6.130
 5     0.907     0.136     0.398
 5     0.416    -0.423    -0.805
 5     0.059     0.896    -0.440
 6   149.202    20.968    -5.390
 6     0.815     0.543     0.203
 6    -0.296     0.691    -0.659
 6    -0.497     0.478     0.724
 7   106.882   -18.549    -8.464
 7     0.306     0.746     0.592
 7    -0.824     0.518    -0.228
 7    -0.476    -0.418     0.773
 8   131.514   -30.613    -3.898
 8     0.923    -0.385    -0.012
 8    -0.241    -0.600     0.763
 8    -0.300    -0.701    -0.647
 9   150.207   -34.194   -24.736
 9     0.766    -0.399     0.509
 9    -0.132     0.673     0.724
 9    -0.629    -0.623     0.464
 2    97.199   -23.862    59.173
 2     0.714    -0.701     0.002
 2     0.699     0.712     0.052
 2    -0.037    -0.037     0.998
 3   125.295    -1.837    -2.295
 3     0.775    -0.064    -0.628
 3    -0.070     0.980    -0.186
 3     0.627     0.188     0.755
 4   102.542    12.587    -8.508
 4     0.372    -0.379     0.848
 4     0.877     0.441    -0.187
 4    -0.304     0.813     0.496
 5   126.472    26.746     5.730
 5     0.907     0.158     0.390
 5     0.419    -0.419    -0.805
 5     0.036     0.894    -0.446
 6   147.590    20.047    -7.381
 6     0.764     0.591     0.263
 6    -0.332     0.705    -0.625
 6    -0.554     0.391     0.734
 7   106.493   -18.264    -8.508
 7     0.300     0.729     0.616
 7    -0.814     0.531    -0.234
 7    -0.498    -0.431     0.752
 8   130.784   -30.495    -6.129
 8     0.899    -0.435    -0.047
 8    -0.236    -0.572     0.785
 8    -0.368    -0.696    -0.617
 9   147.796   -33.349   -29.227
 9     0.706    -0.435     0.564
 9    -0.110     0.714     0.687
 9    -0.700    -0.548     0.457
 2    97.175   -23.862    59.173
 2     0.714    -0.701     0.001
 2     0.699     0.712     0.052
 2    -0.037    -0.038     0.998
 3   125.153    -1.716    -2.405
 3     0.780    -0.066    -0.623
 3    -0.072     0.979    -0.192
 3     0.622     0.194     0.758
 4   102.056    12.526    -8.329
 4     0.364    -0.366     0.857
 4     0.876     0.445    -0.182
 4    -0.316     0.817     0.482
 5   126.192    27.012     5.023
 5     0.905     0.198     0.375
 5     0.424    -0.411    -0.807
 5    -0.006     0.889    -0.457
 6   146.053    19.148    -9.669
 6     0.703     0.635     0.328
 6    -0.366     0.710    -0.599
 6    -0.610     0.302     0.730
 7   105.880   -18.093    -8.519
 7     0.276     0.710     0.649
 7    -0.805     0.538    -0.248
 7    -0.525    -0.454     0.719
 8   129.438   -30.345    -8.804
 8     0.861    -0.501    -0.091
 8    -0.230    -0.540     0.809
 8    -0.454    -0.676    -0.581
 9   143.908   -32.585   -34.414
 9     0.619    -0.464     0.640
 9    -0.094     0.760     0.639
 9    -0.780    -0.455     0.427
 2    97.199   -23.862    59.173
 2     0.714    -0.701     0.002
 2     0.699     0.712     0.052
 2    -0.037    -0.037     0.998
 3   124.739    -1.622    -2.570
 3     0.781    -0.062    -0.622
 3    -0.079     0.977    -0.196
 3     0.618     0.202     0.758
 4   101.575    12.431    -8.208
 4     0.357    -0.343     0.869
 4     0.871     0.456    -0.178
 4    -0.336     0.821     0.461
 5   126.016    27.176     4.166
 5     0.902     0.236     0.360
 5     0.428    -0.398    -0.811
 5    -0.048     0.886    -0.460
 6   144.895    18.604   -11.645
 6     0.656     0.659     0.376
 6    -0.387     0.714    -0.581
 6    -0.648     0.236     0.721
 7   105.370   -17.820    -8.453
 7     0.250     0.691     0.679
 7    -0.796     0.545    -0.262
 7    -0.551    -0.475     0.686
 8   127.996   -30.240   -11.256
 8     0.819    -0.562    -0.118
 8    -0.231    -0.509     0.829
 8    -0.526    -0.652    -0.547
 9   140.512   -32.279   -38.476
 9     0.548    -0.462     0.702
 9    -0.098     0.794     0.596
 9    -0.831    -0.395     0.390
 2    97.199   -23.862    59.173
 2     0.714    -0.701     0.002
 2     0.699     0.712     0.052
 2    -0.037    -0.037     0.998
 3   124.535    -1.600    -2.746
 3     0.782    -0.060    -0.620
 3    -0.085     0.976    -0.201
 3     0.617     0.210     0.758
 4   101.196    12.360    -8.159
 4     0.352    -0.323     0.878
 4     0.865     0.468    -0.175
 4    -0.356     0.822     0.444
 5   125.974    27.259     3.069
 5     0.897     0.279     0.342
 5     0.431    -0.386    -0.816
 5    -0.096     0.879    -0.467
 6   143.783    18.315   -13.780
 6     0.609     0.677     0.421
 6    -0.403     0.713    -0.572
 6    -0.684     0.179     0.704
 7   104.889   -17.719    -8.446
 7     0.230     0.665     0.710
 7    -0.785     0.558    -0.269
 7    -0.575    -0.496     0.650
 8   126.635   -30.303   -13.147
 8     0.779    -0.614    -0.128
 8    -0.234    -0.473     0.849
 8    -0.581    -0.632    -0.512
 9   137.630   -32.182   -41.351
 9     0.490    -0.448     0.755
 9    -0.099     0.826     0.548
 9    -0.866    -0.341     0.360
 2    97.174   -23.862    59.173
 2     0.714    -0.701     0.002
 2     0.699     0.712     0.052
 2    -0.037    -0.037     0.998
 3   124.383    -1.553    -2.824
 3     0.781    -0.057    -0.622
 3    -0.092     0.974    -0.205
 3     0.617     0.217     0.756
 4   100.906    12.219    -8.070
 4     0.345    -0.313     0.885
 4     0.862     0.477    -0.167
 4    -0.371     0.821     0.434
 5   125.888    27.301     2.375
 5     0.892     0.311     0.327
 5     0.431    -0.376    -0.820
 5    -0.132     0.873    -0.469
 6   142.368    17.715   -15.360
 6     0.550     0.696     0.469
 6    -0.427     0.710    -0.558
 6    -0.718     0.107     0.683
 7   104.543   -17.614    -8.358
 7     0.226     0.626     0.746
 7    -0.765     0.588    -0.262
 7    -0.603    -0.512     0.612
 8   125.387   -30.233   -14.707
 8     0.737    -0.659    -0.148
 8    -0.234    -0.453     0.860
 8    -0.633    -0.600    -0.489
 9   134.505   -32.215   -43.988
 9     0.426    -0.444     0.794
 9    -0.109     0.842     0.523
 9    -0.898    -0.306     0.309
 2    97.199   -23.862    59.173
 2     0.714    -0.701     0.002
 2     0.699     0.712     0.052
 2    -0.037    -0.037     0.998
 3   124.307    -1.507    -2.927
 3     0.780    -0.053    -0.624
 3    -0.103     0.972    -0.210
 3     0.617     0.228     0.753
 4   100.744    12.215    -7.986
 4     0.345    -0.304     0.888
 4     0.860     0.480    -0.170
 4    -0.375     0.822     0.427
 5   125.903    27.284     2.236
 5     0.893     0.323     0.314
 5     0.425    -0.376    -0.823
 5    -0.147     0.869    -0.472
 6   141.553    16.967   -16.057
 6     0.509     0.707     0.498
 6    -0.453     0.705    -0.544
 6    -0.732     0.051     0.675
 7   104.021   -17.451    -8.195
 7     0.219     0.589     0.778
 7    -0.752     0.609    -0.251
 7    -0.622    -0.530     0.576
 8   124.039   -30.362   -15.783
 8     0.696    -0.702    -0.152
 8    -0.242    -0.428     0.870
 8    -0.675    -0.570    -0.468
 9   131.206   -32.121   -45.913
 9     0.358    -0.446     0.825
 9    -0.100     0.857     0.501
 9    -0.928    -0.258     0.259
 2    97.199   -23.862    59.173
 2     0.714    -0.701     0.002
 2     0.699     0.712     0.052
 2    -0.037    -0.037     0.998
 3   124.127    -1.513    -3.002
 3     0.779    -0.047    -0.626
 3    -0.114     0.970    -0.215
 3     0.616     0.238     0.750
 4   100.467    12.157    -7.990
 4     0.336    -0.300     0.893
 4     0.860     0.483    -0.162
 4    -0.384     0.822     0.420
 5   125.640    27.372     1.943
 5     0.889     0.336     0.311
 5     0.428    -0.371    -0.824
 5    -0.162     0.865    -0.474
 6   141.027    16.952   -16.464
 6     0.494     0.705     0.516
 6    -0.459     0.709    -0.534
 6    -0.739     0.027     0.669
 7   103.498   -17.308    -7.999
 7     0.205     0.552     0.808
 7    -0.745     0.623    -0.237
 7    -0.634    -0.554     0.539
 8   122.325   -30.646   -16.742
 8     0.643    -0.747    -0.172
 8    -0.256    -0.419     0.871
 8    -0.722    -0.516    -0.461
 9   127.216   -32.808   -47.580
 9     0.266    -0.477     0.842
 9    -0.114     0.848     0.512
 9    -0.957    -0.229     0.168
 2    97.199   -23.862    59.173
 2     0.714    -0.701     0.002
 2     0.699     0.712     0.052
 2    -0.037    -0.037     0.998
 3   123.854    -1.469    -3.109
 3     0.776    -0.038    -0.630
 3    -0.130     0.967    -0.219
 3     0.617     0.251     0.745
 4   100.280    12.228    -7.856
 4     0.337    -0.290     0.896
 4     0.858     0.486    -0.166
 4    -0.388     0.824     0.412
 5   125.548    27.416     1.834
 5     0.887     0.343     0.307
 5     0.428    -0.370    -0.825
 5    -0.169     0.863    -0.474
 6   140.656    16.610   -16.676
 6     0.479     0.707     0.527
 6    -0.466     0.707    -0.529
 6    -0.744     0.007     0.664
 7   102.734   -16.976    -7.643
 7     0.211     0.500     0.840
 7    -0.715     0.664    -0.216
 7    -0.666    -0.556     0.498
 8   120.684   -30.693   -17.588
 8     0.600    -0.784    -0.161
 8    -0.270    -0.387     0.881
 8    -0.752    -0.486    -0.444
 9   124.294   -33.355   -48.741
 9     0.218    -0.450     0.869
 9    -0.130     0.867     0.477
 9    -0.967    -0.213     0.128
 2    97.199   -23.862    59.173
 2     0.714    -0.701     0.002
 2     0.699     0.712     0.052
 2    -0.037    -0.037     0.998
 3   123.718    -1.582    -3.219
 3     0.776    -0.023    -0.631
 3    -0.147     0.965    -0.215
 3     0.613     0.259     0.745
 4   100.217    12.222    -7.793
 4     0.340    -0.279     0.898
 4     0.854     0.490    -0.172
 4    -0.393     0.826     0.405
 5   125.641    27.244     1.598
 5     0.889     0.350     0.293
 5     0.418    -0.367    -0.831
 5    -0.184     0.861    -0.473
 6   140.294    16.028   -17.083
 6     0.450     0.712     0.545
 6    -0.483     0.702    -0.522
 6    -0.752    -0.029     0.655
 7   102.214   -16.777    -7.456
 7     0.226     0.451     0.863
 7    -0.674     0.712    -0.196
 7    -0.703    -0.538     0.465
 8   119.559   -30.950   -17.921
 8     0.569    -0.808    -0.153
 8    -0.287    -0.369     0.884
 8    -0.770    -0.459    -0.442
 9   122.228   -34.031   -49.204
 9     0.181    -0.449     0.878
 9    -0.146     0.869     0.470
 9    -0.973    -0.209     0.089
 2    97.199   -23.862    59.173
 2     0.714    -0.701     0.002
 2     0.699     0.712     0.052
 2    -0.037    -0.037     0.998
 3   123.619    -1.714    -3.270
 3     0.774    -0.015    -0.634
 3    -0.158     0.964    -0.215
 3     0.613     0.266     0.743
 4   100.023    12.139    -7.750
 4     0.337    -0.275     0.901
 4     0.852     0.494    -0.168
 4    -0.400     0.825     0.400
 5   125.490    27.209     1.321
 5     0.886     0.361     0.290
 5     0.420    -0.363    -0.832
 5    -0.195     0.859    -0.473
 6   139.677    15.786   -17.676
 6     0.433     0.712     0.558
 6    -0.492     0.700    -0.516
 6    -0.756    -0.051     0.649
 7   101.790   -16.670    -7.334
 7     0.212     0.439     0.873
 7    -0.664     0.720    -0.201
 7    -0.717    -0.537     0.444
 8   118.553   -31.105   -18.279
 8     0.540    -0.828    -0.152
 8    -0.297    -0.354     0.886
 8    -0.788    -0.434    -0.437
 9   120.136   -34.427   -49.732
 9     0.140    -0.454     0.882
 9    -0.150     0.869     0.469
 9    -0.979    -0.194     0.051
 2    97.199   -23.862    59.173
 2     0.714    -0.701     0.002
 2     0.699     0.712     0.052
 2    -0.037    -0.037     0.998
 3   123.481    -1.720    -3.383
 3     0.776    -0.012    -0.631
 3    -0.163     0.962    -0.219
 3     0.609     0.272     0.744
 4    99.645    12.080    -7.629
 4     0.330    -0.263     0.906
 4     0.850     0.498    -0.165
 4    -0.409     0.826     0.388
 5   125.199    27.311     0.853
 5     0.879     0.385     0.280
 5     0.422    -0.357    -0.834
 5    -0.221     0.851    -0.476
 6   138.570    15.649   -18.504
 6     0.394     0.713     0.584
 6    -0.500     0.695    -0.515
 6    -0.771    -0.090     0.627
 7   101.456   -16.555    -7.211
 7     0.201     0.430     0.880
 7    -0.659     0.724    -0.204
 7    -0.725    -0.539     0.428
 8   117.791   -31.223   -18.474
 8     0.521    -0.841    -0.150
 8    -0.304    -0.344     0.888
 8    -0.798    -0.416    -0.435
 9   119.022   -34.625   -49.856
 9     0.118    -0.452     0.886
 9    -0.156     0.871     0.462
 9    -0.981    -0.189     0.030
 2    97.199   -23.862    59.173
 2     0.714    -0.701     0.002
 2     0.699     0.712     0.052
 2    -0.037    -0.037     0.998
 3   123.209    -1.728    -3.486
 3     0.781    -0.010    -0.624
 3    -0.165     0.961    -0.223
 3     0.602     0.277     0.749
 4    99.320    12.025    -7.490
 4     0.320    -0.255     0.912
 4     0.851     0.499    -0.159
 4    -0.416     0.828     0.376
 5   124.857    27.424     0.662
 5     0.873     0.402     0.276
 5     0.426    -0.354    -0.833
 5    -0.237     0.844    -0.480
 6   137.812    15.573   -19.091
 6     0.370     0.714     0.599
 6    -0.505     0.690    -0.517
 6    -0.781    -0.112     0.612
 7   101.253   -16.560    -7.193
 7     0.196     0.427     0.883
 7    -0.657     0.725    -0.205
 7    -0.728    -0.540     0.422
 8   117.414   -31.281   -18.599
 8     0.510    -0.848    -0.149
 8    -0.309    -0.341     0.888
 8    -0.802    -0.407    -0.435
 9   118.402   -34.854   -49.901
 9     0.109    -0.449     0.888
 9    -0.164     0.872     0.458
 9    -0.980    -0.192     0.019
 2    97.199   -23.862    59.173
 2     0.714    -0.701     0.002
 2     0.699     0.712     0.052
 2    -0.037    -0.037     0.998
 3   123.043    -1.682    -3.570
 3     0.785    -0.012    -0.620
 3    -0.164     0.960    -0.227
 3     0.597     0.280     0.751
 4    99.119    11.944    -7.422
 4     0.307    -0.252     0.918
 4     0.852     0.502    -0.147
 4    -0.424     0.827     0.368
 5   124.733    27.467     0.505
 5     0.870     0.411     0.273
 5     0.428    -0.353    -0.832
 5    -0.246     0.840    -0.483
 6   137.282    15.557   -19.445
 6     0.352     0.712     0.611
 6    -0.505     0.690    -0.517
 6    -0.788    -0.127     0.599
 7   101.139   -16.517    -7.063
 7     0.193     0.422     0.885
 7    -0.651     0.730    -0.207
 7    -0.734    -0.537     0.416
 8   117.129   -31.288   -18.603
 8     0.505    -0.851    -0.147
 8    -0.310    -0.336     0.889
 8    -0.806    -0.403    -0.432
 9   117.945   -34.887   -50.012
 9     0.100    -0.447     0.891
 9    -0.163     0.875     0.454
 9    -0.981    -0.188     0.012
 2    97.199   -23.862    59.173
 2     0.714    -0.701     0.002
 2     0.699     0.712     0.052
 2    -0.037    -0.037     0.998
 3   123.037    -1.684    -3.562
 3     0.786    -0.011    -0.618
 3    -0.164     0.960    -0.227
 3     0.595     0.279     0.752
 4    99.144    11.947    -7.376
 4     0.304    -0.251     0.919
 4     0.853     0.500    -0.146
 4    -0.423     0.829     0.366
 5   124.738    27.418     0.601
 5     0.870     0.410     0.272
 5     0.427    -0.354    -0.832
 5    -0.244     0.840    -0.483
 6   137.292    15.481   -19.196
 6     0.350     0.715     0.608
 6    -0.509     0.687    -0.518
 6    -0.786    -0.129     0.601
 7   101.137   -16.519    -7.058
 7     0.191     0.423     0.885
 7    -0.651     0.730    -0.208
 7    -0.735    -0.536     0.415
 8   116.959   -31.369   -18.636
 8     0.497    -0.857    -0.142
 8    -0.317    -0.329     0.889
 8    -0.808    -0.397    -0.435
 9   117.369   -35.180   -50.016
 9     0.085    -0.442     0.894
 9    -0.167     0.878     0.447
 9    -0.982    -0.185    -0.001
 2    97.200   -23.862    59.173
 2     0.714    -0.701     0.001
 2     0.699     0.712     0.052
 2    -0.037    -0.038     0.998
 3   123.019    -1.667    -3.489
 3     0.789    -0.007    -0.614
 3    -0.170     0.958    -0.230
 3     0.589     0.285     0.755
 4    99.242    11.948    -7.428
 4     0.301    -0.253     0.920
 4     0.855     0.498    -0.143
 4    -0.423     0.829     0.365
 5   124.742    27.472     0.621
 5     0.869     0.409     0.277
 5     0.430    -0.353    -0.831
 5    -0.242     0.841    -0.483
 6   137.223    15.376   -19.080
 6     0.344     0.716     0.611
 6    -0.512     0.684    -0.518
 6    -0.787    -0.136     0.598
 7   100.778   -16.360    -6.759
 7     0.172     0.413     0.894
 7    -0.644     0.734    -0.216
 7    -0.746    -0.539     0.391
 8   115.901   -31.620   -18.744
 8     0.470    -0.874    -0.125
 8    -0.330    -0.304     0.894
 8    -0.818    -0.379    -0.431
 9   115.655   -35.455   -50.179
 9     0.059    -0.421     0.906
 9    -0.172     0.889     0.422
 9    -0.983    -0.177    -0.022
 2    97.200   -23.862    59.173
 2     0.714    -0.701     0.001
 2     0.699     0.712     0.052
 2    -0.037    -0.038     0.998
 3   122.834    -1.878    -3.474
 3     0.790     0.003    -0.614
 3    -0.181     0.957    -0.227
 3     0.585     0.290     0.756
 4    99.149    12.024    -7.306
 4     0.307    -0.248     0.919
 4     0.853     0.498    -0.151
 4    -0.421     0.831     0.364
 5   124.743    27.369     0.774
 5     0.870     0.408     0.275
 5     0.428    -0.355    -0.831
 5    -0.242     0.841    -0.484
 6   137.002    15.113   -19.006
 6     0.332     0.721     0.611
 6    -0.516     0.678    -0.523
 6    -0.789    -0.142     0.594
 7   100.426   -16.376    -6.574
 7     0.152     0.403     0.902
 7    -0.639     0.736    -0.221
 7    -0.754    -0.543     0.370
 8   114.837   -31.823   -19.004
 8     0.438    -0.892    -0.117
 8    -0.341    -0.283     0.896
 8    -0.832    -0.353    -0.428
 9   113.587   -36.107   -50.401
 9     0.021    -0.403     0.916
 9    -0.182     0.899     0.397
 9    -0.983    -0.172    -0.057
 2    97.199   -23.862    59.173
 2     0.714    -0.701     0.002
 2     0.699     0.712     0.052
 2    -0.037    -0.037     0.998
 3   122.758    -1.986    -3.519
 3     0.789     0.015    -0.615
 3    -0.192     0.956    -0.222
 3     0.584     0.293     0.757
 4    99.064    11.946    -7.251
 4     0.305    -0.241     0.922
 4     0.853     0.499    -0.151
 4    -0.424     0.832     0.357
 5   124.679    27.287     0.816
 5     0.869     0.413     0.271
 5     0.427    -0.354    -0.832
 5    -0.248     0.839    -0.483
 6   136.655    14.922   -19.146
 6     0.317     0.725     0.614
 6    -0.521     0.671    -0.527
 6    -0.793    -0.154     0.587
 7    99.943   -16.094    -6.433
 7     0.127     0.411     0.903
 7    -0.634     0.733    -0.244
 7    -0.763    -0.542     0.353
 8   113.588   -31.972   -19.236
 8     0.408    -0.908    -0.100
 8    -0.354    -0.257     0.899
 8    -0.841    -0.331    -0.426
 9   111.845   -36.521   -50.558
 9    -0.005    -0.381     0.925
 9    -0.194     0.908     0.371
 9    -0.981    -0.175    -0.080
 2    97.199   -23.862    59.173
 2     0.714    -0.701     0.002
 2     0.699     0.712     0.052
 2    -0.037    -0.037     0.998
 3   122.643    -2.175    -3.723
 3     0.790     0.031    -0.613
 3    -0.205     0.954    -0.217
 3     0.578     0.297     0.760
 4    99.002    11.888    -7.237
 4     0.308    -0.233     0.922
 4     0.849     0.504    -0.156
 4    -0.429     0.831     0.353
 5   124.762    27.046     0.589
 5     0.870     0.417     0.262
 5     0.420    -0.352    -0.836
 5    -0.257     0.838    -0.481
 6   136.350    14.380   -19.476
 6     0.299     0.730     0.617
 6    -0.530     0.662    -0.530
 6    -0.793    -0.170     0.581
 7    99.860   -16.145    -6.455
 7     0.117     0.410     0.905
 7    -0.638     0.728    -0.248
 7    -0.761    -0.549     0.346
 8   113.244   -32.155   -19.216
 8     0.399    -0.912    -0.095
 8    -0.360    -0.249     0.899
 8    -0.843    -0.325    -0.428
 9   111.378   -36.748   -50.495
 9    -0.012    -0.376     0.927
 9    -0.198     0.909     0.365
 9    -0.980    -0.176    -0.087
 2    97.200   -23.862    59.173
 2     0.714    -0.701     0.001
 2     0.699     0.712     0.052
 2    -0.037    -0.038     0.998
 3   122.548    -2.265    -3.848
 3     0.800     0.034    -0.600
 3    -0.208     0.952    -0.225
 3     0.563     0.304     0.768
 4    98.896    11.700    -7.260
 4     0.302    -0.227     0.926
 4     0.846     0.511    -0.152
 4    -0.440     0.829     0.346
 5   124.692    26.988     0.305
 5     0.868     0.424     0.259
 5     0.420    -0.348    -0.838
 5    -0.265     0.836    -0.480
 6   136.114    14.199   -19.791
 6     0.290     0.728     0.624
 6    -0.536     0.660    -0.525
 6    -0.793    -0.183     0.578
 7    99.816   -16.271    -6.507
 7     0.115     0.407     0.906
 7    -0.639     0.728    -0.246
 7    -0.760    -0.551     0.344
 8   113.249   -32.204   -19.214
 8     0.398    -0.912    -0.098
 8    -0.362    -0.253     0.897
 8    -0.843    -0.322    -0.430
 9   111.220   -36.998   -50.500
 9    -0.015    -0.380     0.925
 9    -0.202     0.907     0.368
 9    -0.979    -0.179    -0.091
 2    97.174   -23.862    59.173
 2     0.714    -0.701     0.002
 2     0.699     0.712     0.052
 2    -0.037    -0.037     0.998
 3   122.258    -2.162    -3.932
 3     0.820     0.022    -0.572
 3    -0.203     0.945    -0.255
 3     0.534     0.325     0.780
 4    98.292    11.433    -7.170
 4     0.283    -0.216     0.935
 4     0.844     0.519    -0.135
 4    -0.457     0.827     0.329
 5   124.034    27.112    -0.479
 5     0.853     0.455     0.256
 5     0.430    -0.334    -0.839
 5    -0.297     0.825    -0.480
 6   134.977    14.310   -21.020
 6     0.266     0.712     0.652
 6    -0.539     0.668    -0.512
 6    -0.799    -0.216     0.558
 7    99.566   -16.321    -6.425
 7     0.116     0.401     0.909
 7    -0.638     0.731    -0.242
 7    -0.761    -0.552     0.340
 8   112.865   -32.313   -19.233
 8     0.390    -0.916    -0.102
 8    -0.360    -0.252     0.898
 8    -0.848    -0.313    -0.427
 9   110.612   -36.825   -50.542
 9    -0.026    -0.383     0.924
 9    -0.196     0.908     0.369
 9    -0.980    -0.169    -0.100
 2    97.199   -23.862    59.173
 2     0.714    -0.701     0.002
 2     0.699     0.712     0.052
 2    -0.037    -0.037     0.998
 3   122.078    -2.093    -4.027
 3     0.828     0.017    -0.561
 3    -0.198     0.944    -0.264
 3     0.524     0.329     0.785
 4    98.014    11.249    -7.148
 4     0.271    -0.214     0.938
 4     0.842     0.524    -0.124
 4    -0.466     0.824     0.322
 5   123.733    27.222    -1.017
 5     0.842     0.475     0.254
 5     0.436    -0.325    -0.839
 5    -0.316     0.818    -0.481
 6   134.282    14.474   -21.682
 6     0.248     0.705     0.667
 6    -0.540     0.669    -0.509
 6    -0.804    -0.235     0.543
 7    99.699   -16.390    -6.398
 7     0.122     0.400     0.908
 7    -0.643     0.729    -0.235
 7    -0.757    -0.555     0.346
 8   113.057   -32.483   -19.075
 8     0.393    -0.914    -0.101
 8    -0.365    -0.255     0.895
 8    -0.844    -0.315    -0.433
 9   111.111   -37.276   -50.292
 9    -0.018    -0.390     0.921
 9    -0.198     0.904     0.376
 9    -0.980    -0.173    -0.095
 2    97.199   -23.862    59.173
 2     0.713    -0.702     0.002
 2     0.700     0.712     0.052
 2    -0.037    -0.037     0.998
 3   122.115    -2.095    -4.014
 3     0.831     0.015    -0.556
 3    -0.196     0.943    -0.267
 3     0.520     0.331     0.787
 4    98.199    11.252    -7.206
 4     0.273    -0.217     0.937
 4     0.843     0.523    -0.125
 4    -0.463     0.824     0.326
 5   123.885    27.130    -0.813
 5     0.847     0.465     0.256
 5     0.434    -0.329    -0.839
 5    -0.306     0.822    -0.480
 6   134.633    14.301   -21.292
 6     0.253     0.708     0.661
 6    -0.541     0.667    -0.511
 6    -0.802    -0.230     0.549
 7    99.934   -16.481    -6.484
 7     0.129     0.404     0.905
 7    -0.647     0.726    -0.232
 7    -0.751    -0.557     0.355
 8   113.518   -32.719   -18.779
 8     0.406    -0.909    -0.097
 8    -0.375    -0.260     0.890
 8    -0.833    -0.325    -0.446
 9   111.833   -37.673   -50.040
 9    -0.008    -0.397     0.918
 9    -0.204     0.899     0.385
 9    -0.979    -0.182    -0.089
 2    97.174   -23.862    59.173
 2     0.713    -0.702     0.002
 2     0.700     0.712     0.052
 2    -0.037    -0.037     0.998
 3   122.293    -2.120    -3.967
 3     0.830     0.015    -0.558
 3    -0.197     0.943    -0.268
 3     0.521     0.331     0.786
 4    98.485    11.281    -7.292
 4     0.276    -0.221     0.936
 4     0.844     0.520    -0.126
 4    -0.459     0.825     0.329
 5   124.035    27.140    -0.560
 5     0.851     0.456     0.259
 5     0.433    -0.333    -0.838
 5    -0.296     0.825    -0.481
 6   134.905    14.304   -20.999
 6     0.257     0.712     0.655
 6    -0.540     0.666    -0.514
 6    -0.801    -0.223     0.553
 7   100.054   -16.430    -6.564
 7     0.132     0.406     0.904
 7    -0.647     0.726    -0.232
 7    -0.751    -0.554     0.358
 8   113.697   -32.663   -18.748
 8     0.412    -0.907    -0.094
