% Calibrated with leiden_pols
% Positions are in centimeters
Data =[
 2    97.200   -23.862    59.173
 2     0.714    -0.701     0.001
 2     0.699     0.712     0.052
 2    -0.037    -0.038     0.998
 3   130.182    -2.536     1.515
 3     0.607    -0.007    -0.794
 3    -0.047     0.998    -0.045
 3     0.793     0.064     0.606
 4   113.060    15.632    -7.172
 4     0.341    -0.802     0.491
 4     0.935     0.235    -0.264
 4     0.097     0.549     0.830
 5   116.301    22.897    21.978
 5     0.341    -0.588     0.736
 5     0.245    -0.699    -0.671
 5     0.907     0.408    -0.094
 6   130.884    25.213    47.771
 6     0.718    -0.671     0.185
 6     0.028    -0.239    -0.971
 6     0.695     0.702    -0.152
 7   114.194   -21.425    -5.730
 7     0.298     0.901     0.316
 7    -0.951     0.251     0.178
 7     0.082    -0.354     0.932
 8   116.981   -26.931    22.483
 8     0.359     0.341     0.870
 8    -0.147    -0.899     0.411
 8     0.922    -0.274    -0.272
 9   130.592   -32.053    49.287
 9     0.513     0.857     0.040
 9    -0.031    -0.032     0.999
 9     0.858    -0.514     0.010
 2    97.199   -23.862    59.173
 2     0.714    -0.701     0.002
 2     0.699     0.712     0.052
 2    -0.037    -0.037     0.998
 3   130.249    -2.588     1.449
 3     0.609    -0.007    -0.793
 3    -0.046     0.998    -0.044
 3     0.791     0.063     0.608
 4   113.106    15.630    -7.243
 4     0.342    -0.802     0.491
 4     0.935     0.237    -0.263
 4     0.095     0.548     0.830
 5   116.377    22.922    21.954
 5     0.343    -0.589     0.734
 5     0.245    -0.697    -0.672
 5     0.907     0.409    -0.094
 6   130.890    25.268    47.736
 6     0.716    -0.672     0.189
 6     0.030    -0.242    -0.970
 6     0.697     0.700    -0.153
 7   114.315   -21.501    -5.826
 7     0.300     0.900     0.317
 7    -0.950     0.254     0.178
 7     0.080    -0.355     0.931
 8   117.058   -26.928    22.381
 8     0.360     0.340     0.870
 8    -0.145    -0.900     0.410
 8     0.922    -0.272    -0.274
 9   130.641   -32.054    49.237
 9     0.512     0.858     0.037
 9    -0.032    -0.028     0.999
 9     0.858    -0.513     0.012
 2    97.199   -23.862    59.173
 2     0.714    -0.701     0.002
 2     0.699     0.712     0.052
 2    -0.037    -0.037     0.998
 3   130.350    -2.588     1.297
 3     0.610    -0.006    -0.792
 3    -0.045     0.998    -0.042
 3     0.791     0.061     0.608
 4   113.223    15.550    -7.333
 4     0.345    -0.800     0.491
 4     0.934     0.241    -0.262
 4     0.091     0.549     0.830
 5   116.473    22.893    21.809
 5     0.344    -0.591     0.731
 5     0.244    -0.695    -0.675
 5     0.906     0.410    -0.094
 6   130.897    25.270    47.678
 6     0.714    -0.674     0.190
 6     0.031    -0.242    -0.970
 6     0.699     0.698    -0.151
 7   114.364   -21.501    -5.827
 7     0.301     0.900     0.317
 7    -0.950     0.254     0.178
 7     0.080    -0.354     0.931
 8   117.060   -26.902    22.432
 8     0.359     0.338     0.870
 8    -0.144    -0.901     0.408
 8     0.922    -0.271    -0.275
 9   130.640   -32.054    49.185
 9     0.512     0.858     0.036
 9    -0.032    -0.027     0.999
 9     0.858    -0.512     0.013
 2    97.175   -23.862    59.173
 2     0.714    -0.701     0.001
 2     0.699     0.712     0.052
 2    -0.037    -0.038     0.998
 3   130.396    -2.588     1.303
 3     0.611    -0.006    -0.792
 3    -0.044     0.998    -0.042
 3     0.790     0.060     0.609
 4   113.221    15.549    -7.330
 4     0.345    -0.800     0.491
 4     0.934     0.242    -0.261
 4     0.090     0.548     0.831
 5   116.472    22.919    21.783
 5     0.345    -0.590     0.732
 5     0.244    -0.695    -0.675
 5     0.906     0.410    -0.095
 6   130.897    25.271    47.677
 6     0.714    -0.673     0.191
 6     0.032    -0.243    -0.970
 6     0.699     0.698    -0.151
 7   114.417   -21.500    -5.779
 7     0.301     0.900     0.317
 7    -0.950     0.255     0.179
 7     0.081    -0.354     0.931
 8   117.065   -26.903    22.424
 8     0.356     0.338     0.872
 8    -0.145    -0.902     0.407
 8     0.923    -0.270    -0.271
 9   130.641   -32.054    49.236
 9     0.513     0.858     0.037
 9    -0.032    -0.028     0.999
 9     0.858    -0.513     0.012
 2    97.174   -23.862    59.173
 2     0.714    -0.701     0.002
 2     0.699     0.712     0.052
 2    -0.037    -0.037     0.998
 3   130.399    -2.587     1.297
 3     0.610    -0.007    -0.793
 3    -0.044     0.998    -0.043
 3     0.791     0.061     0.608
 4   113.198    15.550    -7.282
 4     0.344    -0.802     0.490
 4     0.935     0.241    -0.260
 4     0.091     0.547     0.831
 5   116.477    22.922    21.851
 5     0.343    -0.588     0.734
 5     0.244    -0.698    -0.672
 5     0.907     0.408    -0.095
 6   130.896    25.322    47.728
 6     0.714    -0.673     0.193
 6     0.033    -0.244    -0.969
 6     0.699     0.698    -0.151
 7   114.370   -21.450    -5.785
 7     0.298     0.902     0.313
 7    -0.951     0.251     0.179
 7     0.083    -0.351     0.932
 8   117.070   -26.902    22.415
 8     0.354     0.339     0.872
 8    -0.144    -0.902     0.407
 8     0.924    -0.269    -0.270
 9   130.642   -32.002    49.288
 9     0.513     0.857     0.041
 9    -0.031    -0.032     0.999
 9     0.858    -0.514     0.010
 2    97.200   -23.862    59.173
 2     0.714    -0.701     0.001
 2     0.699     0.712     0.052
 2    -0.037    -0.038     0.998
 3   130.311    -2.534     1.384
 3     0.606    -0.008    -0.796
 3    -0.045     0.998    -0.044
 3     0.794     0.062     0.604
 4   113.105    15.604    -7.212
 4     0.339    -0.806     0.487
 4     0.936     0.236    -0.260
 4     0.094     0.543     0.833
 5   116.249    22.926    21.977
 5     0.339    -0.580     0.743
 5     0.248    -0.705    -0.662
 5     0.907     0.408    -0.094
 6   131.000    25.384    47.672
 6     0.722    -0.670     0.171
 6     0.030    -0.218    -0.976
 6     0.691     0.709    -0.137
 7   114.352   -21.359    -5.731
 7     0.302     0.902     0.308
 7    -0.948     0.252     0.194
 7     0.098    -0.350     0.931
 8   116.782   -27.192    22.520
 8     0.353     0.321     0.879
 8    -0.175    -0.900     0.397
 8     0.919    -0.294    -0.261
 9   131.464   -32.561    48.558
 9     0.540     0.838    -0.082
 9    -0.023     0.108     0.994
 9     0.841    -0.535     0.077
 2    97.199   -23.862    59.173
 2     0.714    -0.701     0.002
 2     0.699     0.712     0.052
 2    -0.037    -0.037     0.998
 3   130.273    -2.530     1.420
 3     0.602    -0.008    -0.799
 3    -0.044     0.998    -0.043
 3     0.797     0.060     0.600
 4   112.852    15.457    -7.216
 4     0.324    -0.810     0.490
 4     0.941     0.223    -0.252
 4     0.095     0.543     0.834
 5   114.985    23.867    21.542
 5     0.321    -0.501     0.805
 5     0.339    -0.732    -0.590
 5     0.884     0.460    -0.065
 6   133.619    26.828    44.093
 6     0.767    -0.580    -0.278
 6    -0.046     0.379    -0.923
 6     0.640     0.721     0.265
 7   114.279   -21.306    -5.829
 7     0.325     0.900     0.291
 7    -0.941     0.278     0.192
 7     0.092    -0.337     0.937
 8   115.509   -29.894    21.405
 8     0.320     0.215     0.923
 8    -0.342    -0.883     0.323
 8     0.884    -0.417    -0.208
 9   133.910   -35.708    43.931
 9     0.668     0.696    -0.268
 9     0.003     0.352     0.934
 9     0.744    -0.625     0.234
 2    97.199   -23.862    59.173
 2     0.714    -0.701     0.002
 2     0.699     0.712     0.052
 2    -0.037    -0.037     0.998
 3   130.267    -2.396     1.470
 3     0.595    -0.011    -0.803
 3    -0.042     0.998    -0.045
 3     0.802     0.060     0.594
 4   112.334    15.137    -7.585
 4     0.303    -0.806     0.509
 4     0.950     0.215    -0.223
 4     0.070     0.551     0.831
 5   113.971    25.569    20.596
 5     0.318    -0.440     0.841
 5     0.444    -0.714    -0.540
 5     0.837     0.544    -0.031
 6   136.712    27.125    37.692
 6     0.897    -0.277    -0.345
 6    -0.095     0.641    -0.762
 6     0.432     0.715     0.548
 7   113.676   -20.897    -6.506
 7     0.313     0.909     0.274
 7    -0.949     0.294     0.109
 7     0.019    -0.294     0.955
 8   113.646   -33.427    18.961
 8     0.288     0.077     0.954
 8    -0.542    -0.809     0.228
 8     0.789    -0.582    -0.192
 9   136.479   -39.006    34.162
 9     0.865     0.359    -0.351
 9     0.035     0.655     0.755
 9     0.500    -0.665     0.554
 2    97.174   -23.862    59.173
 2     0.714    -0.701     0.002
 2     0.699     0.712     0.052
 2    -0.037    -0.037     0.998
 3   130.141    -2.409     1.142
 3     0.603    -0.008    -0.798
 3    -0.053     0.997    -0.050
 3     0.796     0.072     0.601
 4   111.734    14.937    -8.047
 4     0.294    -0.797     0.529
 4     0.955     0.220    -0.198
 4     0.041     0.563     0.825
 5   113.998    27.532    19.325
 5     0.375    -0.411     0.832
 5     0.508    -0.659    -0.554
 5     0.775     0.629    -0.039
 6   138.903    24.223    27.019
 6     0.966     0.205    -0.158
 6    -0.257     0.817    -0.516
 6     0.023     0.538     0.842
 7   112.774   -20.010    -7.407
 7     0.283     0.930     0.235
 7    -0.956     0.292    -0.005
 7    -0.073    -0.224     0.972
 8   112.943   -35.953    16.137
 8     0.310    -0.038     0.950
 8    -0.691    -0.696     0.197
 8     0.653    -0.717    -0.242
 9   137.917   -38.412    22.050
 9     0.970    -0.041    -0.238
 9     0.177     0.786     0.593
 9     0.162    -0.616     0.769
 2    97.177   -23.861    59.170
 2     0.714    -0.701     0.001
 2     0.699     0.712     0.052
 2    -0.036    -0.037     0.998
 3   129.869    -2.304     0.759
 3     0.615    -0.005    -0.788
 3    -0.070     0.995    -0.061
 3     0.785     0.092     0.612
 4   110.853    14.483    -8.674
 4     0.296    -0.772     0.563
 4     0.955     0.246    -0.163
 4    -0.013     0.586     0.810
 5   115.758    29.433    16.945
 5     0.496    -0.358     0.792
 5     0.557    -0.569    -0.604
 5     0.666     0.740    -0.084
 6   138.496    20.620    15.753
 6     0.800     0.593     0.097
 6    -0.490     0.736    -0.467
 6    -0.346     0.327     0.879
 7   111.954   -19.327    -7.834
 7     0.266     0.933     0.242
 7    -0.952     0.294    -0.085
 7    -0.150    -0.208     0.966
 8   114.480   -38.670    12.709
 8     0.420    -0.108     0.901
 8    -0.777    -0.557     0.295
 8     0.469    -0.824    -0.318
 9   138.491   -34.988    10.659
 9     0.901    -0.416    -0.130
 9     0.422     0.766     0.486
 9    -0.104    -0.491     0.864
 2    97.177   -23.861    59.171
 2     0.714    -0.701     0.001
 2     0.699     0.712     0.052
 2    -0.036    -0.038     0.998
 3   129.623    -2.216     0.351
 3     0.629    -0.008    -0.777
 3    -0.073     0.995    -0.069
 3     0.774     0.100     0.625
 4   109.828    13.464    -9.586
 4     0.319    -0.715     0.622
 4     0.943     0.306    -0.131
 4    -0.097     0.628     0.771
 5   117.741    30.707    13.742
 5     0.604    -0.332     0.726
 5     0.568    -0.459    -0.682
 5     0.558     0.824    -0.090
 6   137.206    17.708     8.268
 6     0.597     0.791     0.137
 6    -0.631     0.567    -0.530
 6    -0.496     0.229     0.837
 7   111.054   -18.965    -8.045
 7     0.267     0.911     0.313
 7    -0.941     0.316    -0.121
 7    -0.209    -0.262     0.942
 8   116.476   -40.332     9.263
 8     0.526    -0.211     0.824
 8    -0.803    -0.441     0.400
 8     0.279    -0.872    -0.401
 9   137.737   -31.993     1.677
 9     0.757    -0.653    -0.045
 9     0.602     0.671     0.431
 9    -0.252    -0.352     0.901
 2    97.177   -23.861    59.170
 2     0.714    -0.701     0.001
 2     0.699     0.712     0.052
 2    -0.036    -0.037     0.998
 3   129.232    -2.327    -0.089
 3     0.641    -0.017    -0.767
 3    -0.070     0.994    -0.081
 3     0.764     0.106     0.636
 4   108.937    12.505   -10.300
 4     0.339    -0.663     0.668
 4     0.926     0.360    -0.111
 4    -0.168     0.656     0.735
 5   119.698    31.039    10.684
 5     0.700    -0.230     0.677
 5     0.574    -0.383    -0.723
 5     0.424     0.894    -0.137
 6   136.285    16.068     2.500
 6     0.426     0.891     0.158
 6    -0.694     0.434    -0.575
 6    -0.581     0.135     0.802
 7   110.327   -18.584    -8.297
 7     0.276     0.878     0.391
 7    -0.920     0.359    -0.159
 7    -0.280    -0.315     0.906
 8   118.532   -41.456     5.047
 8     0.605    -0.326     0.727
 8    -0.793    -0.325     0.515
 8     0.069    -0.888    -0.454
 9   137.186   -29.401    -6.526
 9     0.620    -0.784     0.008
 9     0.726     0.579     0.368
 9    -0.295    -0.222     0.930
 2    97.199   -23.862    59.173
 2     0.714    -0.701     0.002
 2     0.699     0.712     0.052
 2    -0.037    -0.037     0.998
 3   128.885    -2.286    -0.350
 3     0.646    -0.022    -0.763
 3    -0.077     0.992    -0.094
 3     0.759     0.119     0.640
 4   108.585    12.282   -10.380
 4     0.359    -0.613     0.705
 4     0.909     0.399    -0.116
 4    -0.210     0.682     0.699
 5   121.311    31.691     8.715
 5     0.751    -0.135     0.646
 5     0.579    -0.334    -0.743
 5     0.315     0.932    -0.174
 6   136.036    15.458    -1.168
 6     0.313     0.938     0.149
 6    -0.734     0.339    -0.589
 6    -0.603     0.075     0.794
 7   110.142   -18.297    -8.346
 7     0.293     0.840     0.457
 7    -0.901     0.402    -0.162
 7    -0.319    -0.364     0.874
 8   118.941   -41.780     1.239
 8     0.620    -0.347     0.704
 8    -0.782    -0.211     0.586
 8    -0.054    -0.914    -0.402
 9   136.907   -27.241    -9.394
 9     0.558    -0.829    -0.039
 9     0.805     0.529     0.266
 9    -0.202    -0.179     0.963
 2    97.199   -23.862    59.173
 2     0.714    -0.701     0.002
 2     0.699     0.712     0.052
 2    -0.037    -0.037     0.998
 3   128.760    -2.237    -0.410
 3     0.644    -0.028    -0.764
 3    -0.082     0.991    -0.105
 3     0.760     0.130     0.636
 4   108.410    12.211   -10.485
 4     0.363    -0.592     0.720
 4     0.903     0.413    -0.115
 4    -0.230     0.692     0.684
 5   121.591    31.962     7.870
 5     0.765    -0.122     0.632
 5     0.577    -0.305    -0.757
 5     0.285     0.944    -0.164
 6   135.529    15.038    -1.914
 6     0.270     0.952     0.142
 6    -0.756     0.301    -0.581
 6    -0.596     0.049     0.801
 7   110.130   -18.203    -8.473
 7     0.307     0.825     0.475
 7    -0.890     0.425    -0.164
 7    -0.337    -0.372     0.864
 8   119.112   -41.806     0.117
 8     0.628    -0.335     0.703
 8    -0.774    -0.173     0.608
 8    -0.081    -0.926    -0.366
 9   136.556   -26.134    -9.909
 9     0.517    -0.855    -0.060
 9     0.839     0.491     0.229
 9    -0.168    -0.167     0.971
 2    97.174   -23.862    59.173
 2     0.714    -0.701     0.002
 2     0.699     0.712     0.052
 2    -0.037    -0.037     0.998
 3   128.762    -2.185    -0.416
 3     0.644    -0.030    -0.765
 3    -0.082     0.991    -0.108
 3     0.761     0.132     0.635
 4   108.343    12.205   -10.421
 4     0.362    -0.585     0.727
 4     0.902     0.416    -0.114
 4    -0.236     0.697     0.677
 5   121.735    32.001     7.676
 5     0.769    -0.112     0.629
 5     0.577    -0.300    -0.759
 5     0.273     0.947    -0.167
 6   135.516    14.934    -2.134
 6     0.260     0.954     0.149
 6    -0.761     0.297    -0.577
 6    -0.595     0.036     0.803
 7   110.252   -18.131    -8.598
 7     0.318     0.818     0.479
 7    -0.882     0.440    -0.168
 7    -0.348    -0.369     0.861
 8   119.392   -41.818    -0.596
 8     0.633    -0.335     0.698
 8    -0.767    -0.156     0.621
 8    -0.099    -0.929    -0.356
 9   136.708   -25.659   -10.237
 9     0.504    -0.862    -0.066
 9     0.850     0.480     0.212
 9    -0.152    -0.162     0.975
 2    97.174   -23.862    59.173
 2     0.714    -0.701     0.002
 2     0.699     0.712     0.052
 2    -0.037    -0.037     0.998
 3   128.765    -2.184    -0.371
 3     0.642    -0.033    -0.766
 3    -0.083     0.990    -0.112
 3     0.762     0.135     0.633
 4   108.389    12.255   -10.472
 4     0.363    -0.580     0.730
 4     0.901     0.416    -0.116
 4    -0.237     0.700     0.673
 5   121.920    31.995     7.614
 5     0.773    -0.104     0.626
 5     0.576    -0.301    -0.760
 5     0.267     0.948    -0.173
 6   135.636    14.978    -2.367
 6     0.252     0.956     0.152
 6    -0.760     0.293    -0.580
 6    -0.599     0.030     0.800
 7   110.365   -18.033    -8.661
 7     0.321     0.817     0.480
 7    -0.879     0.445    -0.171
 7    -0.353    -0.368     0.860
 8   119.451   -41.824    -0.804
 8     0.633    -0.337     0.697
 8    -0.766    -0.150     0.624
 8    -0.106    -0.929    -0.353
 9   136.713   -25.604   -10.480
 9     0.502    -0.863    -0.065
 9     0.852     0.480     0.205
 9    -0.148    -0.157     0.976
 2    97.174   -23.862    59.173
 2     0.714    -0.701     0.002
 2     0.699     0.712     0.052
 2    -0.037    -0.037     0.998
 3   128.805    -2.187    -0.439
 3     0.644    -0.035    -0.764
 3    -0.084     0.990    -0.116
 3     0.760     0.139     0.634
 4   108.413    12.306   -10.422
 4     0.363    -0.578     0.732
 4     0.901     0.416    -0.117
 4    -0.237     0.702     0.671
 5   122.023    31.944     7.662
 5     0.774    -0.105     0.624
 5     0.573    -0.303    -0.761
 5     0.268     0.947    -0.175
 6   135.681    14.925    -2.334
 6     0.251     0.956     0.153
 6    -0.759     0.292    -0.582
 6    -0.601     0.030     0.799
 7   110.427   -18.087    -8.749
 7     0.323     0.815     0.481
 7    -0.876     0.449    -0.174
 7    -0.358    -0.365     0.859
 8   119.722   -41.823    -0.872
 8     0.636    -0.343     0.692
 8    -0.764    -0.152     0.627
 8    -0.109    -0.927    -0.358
 9   136.617   -25.411   -10.975
 9     0.485    -0.873    -0.053
 9     0.859     0.464     0.214
 9    -0.164    -0.149     0.975
 2    97.177   -23.861    59.170
 2     0.714    -0.701     0.001
 2     0.699     0.712     0.052
 2    -0.036    -0.037     0.998
 3   128.845    -2.169    -0.578
 3     0.654    -0.042    -0.755
 3    -0.080     0.989    -0.125
 3     0.751     0.142     0.644
 4   108.283    12.384   -10.300
 4     0.358    -0.573     0.738
 4     0.903     0.412    -0.118
 4    -0.237     0.708     0.664
 5   122.265    31.538     8.358
 5     0.782    -0.083     0.617
 5     0.562    -0.332    -0.757
 5     0.267     0.939    -0.213
 6   135.265    15.027    -2.547
 6     0.234     0.953     0.191
 6    -0.729     0.302    -0.614
 6    -0.643     0.004     0.765
 7   110.487   -18.157    -8.712
 7     0.327     0.813     0.483
 7    -0.876     0.451    -0.168
 7    -0.354    -0.368     0.859
 8   120.689   -41.417     0.768
 8     0.661    -0.366     0.655
 8    -0.746    -0.228     0.626
 8    -0.080    -0.902    -0.423
 9   135.676   -25.296   -11.057
 9     0.414    -0.910    -0.008
 9     0.856     0.387     0.340
 9    -0.308    -0.147     0.940
 2    97.177   -23.861    59.170
 2     0.714    -0.701     0.001
 2     0.699     0.712     0.052
 2    -0.036    -0.037     0.998
 3   128.674    -2.082    -0.449
 3     0.668    -0.043    -0.743
 3    -0.084     0.987    -0.133
 3     0.739     0.151     0.656
 4   108.081    12.671    -9.828
 4     0.366    -0.562     0.742
 4     0.902     0.407    -0.137
 4    -0.226     0.720     0.656
 5   123.135    30.681     9.212
 5     0.809    -0.030     0.587
 5     0.533    -0.385    -0.754
 5     0.248     0.922    -0.296
 6   134.649    14.827    -3.351
 6     0.180     0.952     0.247
 6    -0.680     0.302    -0.669
 6    -0.711    -0.047     0.701
 7   110.463   -18.320    -8.482
 7     0.335     0.815     0.473
 7    -0.879     0.450    -0.156
 7    -0.340    -0.363     0.867
 8   123.039   -39.886     4.395
 8     0.714    -0.410     0.568
 8    -0.699    -0.394     0.596
 8    -0.020    -0.823    -0.567
 9   134.319   -25.750   -12.068
 9     0.284    -0.950     0.130
 9     0.781     0.307     0.542
 9    -0.555    -0.052     0.830
 2    97.199   -23.862    59.173
 2     0.714    -0.701     0.002
 2     0.699     0.712     0.052
 2    -0.037    -0.037     0.998
 3   128.627    -2.046    -0.394
 3     0.682    -0.044    -0.730
 3    -0.087     0.986    -0.140
 3     0.726     0.159     0.668
 4   107.938    12.962    -9.468
 4     0.375    -0.553     0.745
 4     0.903     0.399    -0.157
 4    -0.211     0.731     0.648
 5   124.125    29.590    10.235
 5     0.834     0.039     0.550
 5     0.506    -0.450    -0.735
 5     0.219     0.892    -0.395
 6   133.818    15.394    -4.500
 6     0.111     0.953     0.281
 6    -0.597     0.290    -0.748
 6    -0.795    -0.085     0.601
 7   110.276   -18.599    -8.243
 7     0.327     0.823     0.465
 7    -0.884     0.440    -0.158
 7    -0.334    -0.360     0.871
 8   125.279   -37.453     7.485
 8     0.762    -0.452     0.464
 8    -0.647    -0.550     0.529
 8     0.016    -0.702    -0.711
 9   132.500   -27.410   -13.138
 9     0.150    -0.960     0.234
 9     0.631     0.275     0.724
 9    -0.761     0.039     0.648
 2    97.174   -23.862    59.173
 2     0.714    -0.701     0.002
 2     0.699     0.712     0.052
 2    -0.037    -0.037     0.998
 3   128.307    -2.038    -0.388
 3     0.694    -0.036    -0.719
 3    -0.094     0.985    -0.141
 3     0.713     0.165     0.681
 4   107.733    13.408    -8.994
 4     0.387    -0.544     0.745
 4     0.902     0.389    -0.184
 4    -0.191     0.743     0.641
 5   124.673    28.465    11.419
 5     0.850     0.092     0.518
 5     0.484    -0.519    -0.704
 5     0.204     0.849    -0.487
 6   133.089    16.480    -4.828
 6     0.067     0.953     0.297
 6    -0.503     0.289    -0.815
 6    -0.862    -0.094     0.498
 7   109.783   -18.813    -7.643
 7     0.316     0.816     0.484
 7    -0.894     0.426    -0.136
 7    -0.317    -0.390     0.864
 8   125.943   -36.632     8.960
 8     0.767    -0.495     0.408
 8    -0.641    -0.610     0.466
 8     0.018    -0.619    -0.785
 9   130.776   -30.193   -14.079
 9     0.088    -0.942     0.324
 9     0.515     0.321     0.794
 9    -0.852     0.098     0.513
 2    97.174   -23.862    59.173
 2     0.714    -0.701     0.002
 2     0.699     0.712     0.052
 2    -0.037    -0.037     0.998
 3   127.891    -2.181    -0.459
 3     0.707    -0.027    -0.707
 3    -0.099     0.985    -0.137
 3     0.700     0.167     0.694
 4   106.962    13.607    -8.344
 4     0.371    -0.542     0.754
 4     0.912     0.363    -0.188
 4    -0.173     0.757     0.629
 5   124.143    27.768    12.726
 5     0.842     0.166     0.512
 5     0.503    -0.585    -0.637
 5     0.194     0.794    -0.576
 6   131.278    18.583    -4.869
 6     0.030     0.951     0.308
 6    -0.381     0.296    -0.876
 6    -0.924    -0.091     0.371
 7   108.631   -18.962    -7.002
 7     0.267     0.813     0.517
 7    -0.908     0.391    -0.147
 7    -0.322    -0.430     0.843
 8   124.839   -36.949     9.109
 8     0.738    -0.561     0.377
 8    -0.675    -0.605     0.422
 8    -0.008    -0.565    -0.824
 9   128.286   -33.677   -15.795
 9     0.052    -0.920     0.388
 9     0.399     0.375     0.836
 9    -0.915     0.112     0.386
 2    97.175   -23.862    59.173
 2     0.714    -0.701     0.001
 2     0.699     0.712     0.052
 2    -0.037    -0.038     0.998
 3   126.822    -2.114    -0.764
 3     0.735    -0.011    -0.678
 3    -0.105     0.986    -0.129
 3     0.670     0.166     0.723
 4   105.475    14.163    -7.289
 4     0.341    -0.533     0.775
 4     0.927     0.327    -0.182
 4    -0.157     0.780     0.605
 5   123.091    27.548    13.949
 5     0.830     0.248     0.498
 5     0.528    -0.635    -0.564
 5     0.177     0.731    -0.658
 6   129.195    20.784    -4.485
 6    -0.013     0.938     0.344
 6    -0.281     0.327    -0.902
 6    -0.960    -0.109     0.260
 7   107.039   -18.880    -6.544
 7     0.215     0.804     0.555
 7    -0.921     0.355    -0.158
 7    -0.324    -0.477     0.817
 8   123.583   -37.028     9.389
 8     0.714    -0.608     0.348
 8    -0.700    -0.605     0.379
 8    -0.020    -0.514    -0.857
 9   126.434   -37.634   -16.106
 9     0.045    -0.897     0.440
 9     0.250     0.437     0.864
 9    -0.967     0.072     0.244
 2    97.174   -23.862    59.173
 2     0.714    -0.701     0.002
 2     0.699     0.712     0.052
 2    -0.037    -0.037     0.998
 3   125.568    -2.118    -1.303
 3     0.768    -0.004    -0.640
 3    -0.089     0.990    -0.113
 3     0.634     0.143     0.760
 4   103.398    14.002    -6.346
 4     0.282    -0.531     0.799
 4     0.946     0.288    -0.142
 4    -0.156     0.797     0.583
 5   121.177    27.339    15.133
 5     0.803     0.333     0.495
 5     0.572    -0.662    -0.485
 5     0.166     0.672    -0.721
 6   126.527    22.974    -3.798
 6    -0.051     0.925     0.377
 6    -0.195     0.361    -0.912
 6    -0.979    -0.119     0.162
 7   105.547   -19.162    -5.932
 7     0.174     0.792     0.585
 7    -0.934     0.322    -0.158
 7    -0.313    -0.519     0.795
 8   122.312   -37.304     9.994
 8     0.694    -0.643     0.325
 8    -0.719    -0.604     0.342
 8    -0.023    -0.471    -0.881
 9   124.182   -40.499   -16.142
 9     0.021    -0.877     0.479
 9     0.158     0.476     0.865
 9    -0.987     0.057     0.148
 2    97.199   -23.862    59.173
 2     0.714    -0.701     0.002
 2     0.699     0.712     0.052
 2    -0.037    -0.037     0.998
 3   125.047    -2.156    -1.724
 3     0.782    -0.004    -0.624
 3    -0.081     0.991    -0.108
 3     0.618     0.134     0.774
 4   102.866    13.960    -6.129
 4     0.255    -0.533     0.807
 4     0.954     0.271    -0.121
 4    -0.154     0.801     0.578
 5   120.366    27.461    15.531
 5     0.778     0.391     0.492
 5     0.606    -0.670    -0.428
 5     0.162     0.631    -0.758
 6   125.377    24.593    -3.282
 6    -0.069     0.928     0.366
 6    -0.142     0.354    -0.924
 6    -0.987    -0.116     0.107
 7   104.775   -18.906    -5.923
 7     0.132     0.786     0.604
 7    -0.937     0.297    -0.182
 7    -0.322    -0.542     0.776
 8   120.744   -37.993     9.390
 8     0.649    -0.689     0.326
 8    -0.760    -0.561     0.328
 8    -0.043    -0.459    -0.887
 9   122.346   -43.130   -16.809
 9     0.025    -0.858     0.513
 9     0.094     0.513     0.853
 9    -0.995     0.026     0.093
 2    97.174   -23.862    59.173
 2     0.714    -0.701     0.002
 2     0.699     0.712     0.052
 2    -0.037    -0.037     0.998
 3   124.739    -2.221    -1.963
 3     0.790     0.003    -0.614
 3    -0.089     0.990    -0.109
 3     0.607     0.141     0.781
 4   102.599    14.118    -5.917
 4     0.252    -0.532     0.809
 4     0.956     0.265    -0.123
 4    -0.149     0.804     0.575
 5   120.367    27.362    15.857
 5     0.775     0.414     0.479
 5     0.612    -0.678    -0.407
 5     0.156     0.607    -0.778
 6   124.952    25.036    -3.021
 6    -0.097     0.924     0.369
 6    -0.120     0.357    -0.926
 6    -0.988    -0.134     0.076
 7   104.430   -18.889    -5.853
 7     0.114     0.784     0.609
 7    -0.939     0.285    -0.192
 7    -0.324    -0.551     0.769
 8   120.388   -38.101     9.376
 8     0.635    -0.707     0.313
 8    -0.770    -0.552     0.319
 8    -0.053    -0.443    -0.895
 9   121.085   -44.434   -17.129
 9    -0.001    -0.860     0.511
 9     0.049     0.510     0.858
 9    -0.999     0.026     0.041
 2    97.174   -23.862    59.173
 2     0.714    -0.701     0.002
 2     0.699     0.712     0.052
 2    -0.037    -0.037     0.998
 3   124.650    -2.328    -2.013
 3     0.794     0.010    -0.608
 3    -0.090     0.991    -0.101
 3     0.601     0.134     0.787
 4   102.518    14.015    -5.811
 4     0.250    -0.529     0.811
 4     0.956     0.265    -0.122
 4    -0.151     0.806     0.572
 5   120.455    27.056    15.857
 5     0.777     0.423     0.468
 5     0.611    -0.684    -0.398
 5     0.152     0.594    -0.789
 6   124.873    25.055    -2.930
 6    -0.107     0.934     0.340
 6    -0.106     0.329    -0.938
 6    -0.989    -0.136     0.064
 7   104.493   -19.008    -5.823
 7     0.119     0.781     0.612
 7    -0.941     0.286    -0.183
 7    -0.318    -0.554     0.769
 8   120.514   -38.048     9.484
 8     0.637    -0.709     0.304
 8    -0.769    -0.556     0.316
 8    -0.055    -0.434    -0.898
 9   120.822   -44.597   -17.338
 9    -0.013    -0.861     0.508
 9     0.038     0.507     0.861
 9    -0.999     0.030     0.026
 2    97.175   -23.862    59.173
 2     0.714    -0.701     0.001
 2     0.699     0.712     0.052
 2    -0.037    -0.038     0.998
 3   124.598    -2.405    -2.059
 3     0.795     0.011    -0.607
 3    -0.089     0.991    -0.098
 3     0.600     0.131     0.789
 4   102.505    13.885    -5.849
 4     0.244    -0.529     0.813
 4     0.957     0.265    -0.114
 4    -0.156     0.805     0.571
 5   120.473    27.003    15.768
 5     0.771     0.444     0.458
 5     0.620    -0.683    -0.384
 5     0.142     0.579    -0.802
 6   124.587    25.452    -3.093
 6    -0.126     0.930     0.344
 6    -0.094     0.334    -0.938
 6    -0.988    -0.150     0.045
 7   104.272   -18.912    -5.862
 7     0.106     0.781     0.615
 7    -0.942     0.277    -0.190
 7    -0.319    -0.559     0.765
 8   119.801   -38.521     9.169
 8     0.612    -0.729     0.308
 8    -0.788    -0.529     0.313
 8    -0.065    -0.433    -0.898
 9   118.848   -45.323   -18.143
 9    -0.038    -0.848     0.529
 9     0.026     0.528     0.849
 9    -0.999     0.046     0.002
 2    97.177   -23.861    59.196
 2     0.714    -0.701     0.001
 2     0.699     0.712     0.052
 2    -0.036    -0.038     0.998
 3   124.595    -2.407    -2.107
 3     0.795     0.013    -0.606
 3    -0.091     0.991    -0.099
 3     0.599     0.133     0.789
 4   102.454    13.935    -5.800
 4     0.247    -0.525     0.814
 4     0.956     0.267    -0.118
 4    -0.156     0.808     0.568
 5   120.621    27.097    15.663
 5     0.771     0.454     0.448
 5     0.623    -0.682    -0.382
 5     0.132     0.573    -0.808
 6   124.465    25.532    -3.309
 6    -0.141     0.928     0.344
 6    -0.094     0.333    -0.938
 6    -0.986    -0.164     0.041
 7   104.108   -18.799    -5.874
 7     0.091     0.781     0.618
 7    -0.940     0.272    -0.205
 7    -0.328    -0.562     0.759
 8   119.217   -38.789     8.920
 8     0.591    -0.744     0.314
 8    -0.803    -0.507     0.311
 8    -0.072    -0.435    -0.897
 9   117.962   -45.746   -18.602
 9    -0.045    -0.833     0.551
 9     0.024     0.551     0.834
 9    -0.999     0.050    -0.005
 2    97.174   -23.862    59.173
 2     0.714    -0.701     0.002
 2     0.699     0.712     0.052
 2    -0.037    -0.037     0.998
 3   124.592    -2.460    -2.154
 3     0.795     0.015    -0.606
 3    -0.095     0.990    -0.100
 3     0.598     0.137     0.789
 4   102.402    13.959    -5.798
 4     0.248    -0.525     0.815
 4     0.956     0.268    -0.118
 4    -0.157     0.808     0.567
 5   120.660    27.171    15.545
 5     0.770     0.458     0.446
 5     0.625    -0.680    -0.383
 5     0.128     0.572    -0.809
 6   124.473    25.591    -3.460
 6    -0.143     0.927     0.346
 6    -0.097     0.335    -0.937
 6    -0.985    -0.167     0.042
 7   104.033   -18.726    -5.892
 7     0.085     0.781     0.619
 7    -0.940     0.267    -0.209
 7    -0.329    -0.565     0.757
 8   118.746   -38.972     8.854
 8     0.575    -0.755     0.317
 8    -0.815    -0.494     0.303
 8    -0.073    -0.432    -0.898
 9   116.994   -46.248   -18.784
 9    -0.052    -0.818     0.572
 9     0.017     0.572     0.820
 9    -0.999     0.052    -0.017
 2    97.174   -23.862    59.173
 2     0.714    -0.701     0.002
 2     0.699     0.712     0.052
 2    -0.037    -0.037     0.998
 3   124.592    -2.512    -2.154
 3     0.795     0.017    -0.606
 3    -0.098     0.990    -0.100
 3     0.598     0.138     0.789
 4   102.448    13.932    -5.843
 4     0.249    -0.523     0.815
 4     0.955     0.270    -0.118
 4    -0.159     0.808     0.566
 5   120.648    27.217    15.407
 5     0.769     0.461     0.444
 5     0.627    -0.677    -0.385
 5     0.123     0.574    -0.809
 6   124.444    25.549    -3.724
 6    -0.144     0.927     0.347
 6    -0.102     0.335    -0.937
 6    -0.984    -0.170     0.046
 7   103.914   -18.679    -5.889
 7     0.075     0.782     0.619
 7    -0.942     0.260    -0.214
 7    -0.328    -0.567     0.755
 8   118.299   -39.130     8.859
 8     0.563    -0.762     0.323
 8    -0.823    -0.481     0.299
 8    -0.073    -0.433    -0.898
 9   117.121   -46.331   -18.574
 9    -0.038    -0.808     0.588
 9     0.030     0.587     0.808
 9    -0.999     0.049     0.002
 2    97.177   -23.861    59.171
 2     0.714    -0.701     0.001
 2     0.699     0.712     0.052
 2    -0.036    -0.038     0.998
 3   124.545    -2.537    -2.183
 3     0.794     0.019    -0.608
 3    -0.100     0.990    -0.100
 3     0.599     0.140     0.788
 4   102.431    13.769    -5.944
 4     0.255    -0.521     0.815
 4     0.952     0.281    -0.118
 4    -0.168     0.806     0.567
 5   120.592    27.599    14.810
 5     0.776     0.431     0.460
 5     0.620    -0.654    -0.434
 5     0.114     0.621    -0.774
 6   125.347    24.604    -4.529
 6    -0.083     0.927     0.366
 6    -0.159     0.350    -0.923
 6    -0.984    -0.134     0.118
 7   104.169   -18.794    -5.966
 7     0.092     0.780     0.619
 7    -0.942     0.270    -0.200
 7    -0.323    -0.565     0.759
 8   118.253   -39.444     8.653
 8     0.571    -0.737     0.364
 8    -0.818    -0.474     0.324
 8    -0.066    -0.482    -0.873
 9   120.794   -45.319   -17.434
 9     0.049    -0.805     0.591
 9     0.084     0.593     0.801
 9    -0.995     0.010     0.096
 2    97.174   -23.862    59.173
 2     0.714    -0.701     0.002
 2     0.699     0.712     0.052
 2    -0.037    -0.037     0.998
 3   124.861    -2.575    -2.007
 3     0.783     0.017    -0.622
 3    -0.100     0.990    -0.099
 3     0.613     0.139     0.777
 4   102.710    13.630    -6.291
 4     0.261    -0.522     0.812
 4     0.948     0.294    -0.116
 4    -0.179     0.800     0.572
 5   120.640    27.892    14.302
 5     0.788     0.377     0.487
 5     0.602    -0.632    -0.488
 5     0.124     0.677    -0.724
 6   126.779    23.389    -5.118
 6    -0.004     0.939     0.342
 6    -0.225     0.333    -0.916
 6    -0.974    -0.080     0.210
 7   104.670   -18.905    -6.105
 7     0.118     0.782     0.612
 7    -0.941     0.285    -0.183
 7    -0.317    -0.555     0.769
 8   118.772   -39.261     8.707
 8     0.600    -0.690     0.406
 8    -0.798    -0.486     0.354
 8    -0.047    -0.536    -0.842
 9   124.467   -43.598   -16.660
 9     0.151    -0.821     0.550
 9     0.134     0.568     0.811
 9    -0.979    -0.048     0.196
 2    97.200   -23.862    59.173
 2     0.714    -0.701     0.001
 2     0.699     0.712     0.052
 2    -0.037    -0.038     0.998
 3   125.225    -2.478    -1.731
 3     0.766     0.015    -0.642
 3    -0.099     0.990    -0.095
 3     0.634     0.136     0.760
 4   103.235    13.625    -6.632
 4     0.271    -0.528     0.805
 4     0.945     0.303    -0.119
 4    -0.182     0.793     0.581
 5   120.671    28.187    14.019
 5     0.801     0.288     0.526
 5     0.575    -0.613    -0.541
 5     0.166     0.735    -0.656
 6   128.855    22.132    -4.607
 6     0.104     0.956     0.273
 6    -0.295     0.292    -0.910
 6    -0.950     0.014     0.312
 7   105.194   -18.943    -6.213
 7     0.140     0.784     0.604
 7    -0.940     0.297    -0.169
 7    -0.312    -0.544     0.779
 8   118.813   -39.393     8.456
 8     0.615    -0.640     0.463
 8    -0.788    -0.478     0.387
 8    -0.027    -0.602    -0.797
 9   127.735   -41.492   -15.641
 9     0.274    -0.828     0.490
 9     0.213     0.549     0.808
 9    -0.938    -0.116     0.326
 2    97.199   -23.862    59.173
 2     0.714    -0.701     0.002
 2     0.699     0.712     0.052
 2    -0.037    -0.037     0.998
 3   125.582    -2.539    -1.596
 3     0.751     0.022    -0.661
 3    -0.105     0.990    -0.088
 3     0.652     0.135     0.746
 4   104.011    13.624    -6.938
 4     0.291    -0.539     0.791
 4     0.940     0.313    -0.131
 4    -0.177     0.782     0.597
 5   120.724    28.118    14.037
 5     0.809     0.184     0.558
 5     0.542    -0.599    -0.589
 5     0.226     0.779    -0.584
 6   131.001    20.740    -3.254
 6     0.185     0.964     0.187
 6    -0.358     0.244    -0.901
 6    -0.915     0.099     0.391
 7   105.563   -19.038    -6.326
 7     0.156     0.784     0.601
 7    -0.937     0.310    -0.161
 7    -0.312    -0.538     0.783
 8   118.067   -40.123     7.833
 8     0.615    -0.566     0.551
 8    -0.788    -0.439     0.430
 8    -0.001    -0.698    -0.715
 9   131.797   -38.895   -13.391
 9     0.449    -0.806     0.385
 9     0.331     0.550     0.766
 9    -0.830    -0.217     0.513
 2    97.177   -23.861    59.171
 2     0.714    -0.701     0.001
 2     0.699     0.712     0.052
 2    -0.036    -0.038     0.998
 3   126.147    -2.623    -1.343
 3     0.732     0.026    -0.680
 3    -0.110     0.990    -0.081
 3     0.672     0.133     0.728
 4   104.981    13.758    -7.263
 4     0.310    -0.558     0.770
 4     0.936     0.318    -0.146
 4    -0.164     0.766     0.621
 5   120.944    27.818    14.449
 5     0.806     0.073     0.588
 5     0.509    -0.593    -0.624
 5     0.303     0.802    -0.515
 6   133.520    19.290    -0.970
 6     0.291     0.952     0.089
 6    -0.406     0.208    -0.890
 6    -0.866     0.222     0.447
 7   106.273   -19.048    -6.346
 7     0.194     0.777     0.599
 7    -0.929     0.340    -0.141
 7    -0.313    -0.529     0.788
 8   117.752   -40.439     8.105
 8     0.622    -0.459     0.635
 8    -0.780    -0.428     0.455
 8     0.063    -0.778    -0.623
 9   135.710   -36.716    -8.784
 9     0.607    -0.762     0.224
 9     0.414     0.545     0.729
 9    -0.678    -0.349     0.647
 2    97.174   -23.862    59.173
 2     0.714    -0.701     0.002
 2     0.699     0.712     0.052
 2    -0.037    -0.037     0.998
 3   126.687    -2.731    -1.061
 3     0.714     0.033    -0.700
 3    -0.111     0.991    -0.067
 3     0.691     0.125     0.711
 4   106.024    13.951    -7.533
 4     0.330    -0.583     0.743
 4     0.933     0.319    -0.164
 4    -0.142     0.747     0.649
 5   120.907    27.536    15.114
 5     0.785    -0.053     0.618
 5     0.477    -0.585    -0.656
 5     0.395     0.809    -0.434
 6   136.135    17.914     2.289
 6     0.427     0.904     0.033
 6    -0.452     0.246    -0.857
 6    -0.783     0.350     0.514
 7   106.909   -19.130    -6.449
 7     0.239     0.767     0.595
 7    -0.919     0.376    -0.116
 7    -0.313    -0.520     0.795
 8   117.408   -40.786     7.816
 8     0.621    -0.331     0.711
 8    -0.774    -0.404     0.488
 8     0.127    -0.853    -0.506
 9   139.319   -34.514    -2.601
 9     0.751    -0.661     0.002
 9     0.500     0.573     0.648
 9    -0.431    -0.484     0.761
 2    97.175   -23.862    59.173
 2     0.714    -0.701     0.001
 2     0.699     0.712     0.052
 2    -0.037    -0.038     0.998
 3   127.135    -2.716    -0.812
 3     0.700     0.035    -0.713
 3    -0.110     0.992    -0.060
 3     0.705     0.121     0.698
 4   106.843    14.123    -7.683
 4     0.337    -0.613     0.716
 4     0.934     0.311    -0.172
 4    -0.118     0.726     0.677
 5   120.229    27.435    16.107
 5     0.746    -0.159     0.648
 5     0.461    -0.578    -0.672
 5     0.480     0.800    -0.358
 6   137.835    17.160     6.080
 6     0.546     0.838     0.022
 6    -0.485     0.338    -0.806
 6    -0.683     0.428     0.591
 7   107.756   -19.171    -6.593
 7     0.284     0.767     0.575
 7    -0.913     0.400    -0.083
 7    -0.293    -0.501     0.813
 8   117.813   -40.381     9.174
 8     0.618    -0.226     0.754
