% Calibrated with leiden_pols
% Positions are in centimeters
Data =[
 2    97.200   -23.862    59.173
 2     0.714    -0.701     0.001
 2     0.699     0.712     0.052
 2    -0.037    -0.038     0.998
 3   130.182    -2.536     1.515
 3     0.607    -0.007    -0.794
 3    -0.047     0.998    -0.045
 3     0.793     0.064     0.606
 4   113.060    15.632    -7.172
 4     0.341    -0.802     0.491
 4     0.935     0.235    -0.264
 4     0.097     0.549     0.830
 5   116.301    22.897    21.978
 5     0.341    -0.588     0.736
 5     0.245    -0.699    -0.671
 5     0.907     0.408    -0.094
 6   130.884    25.213    47.771
 6     0.718    -0.671     0.185
 6     0.028    -0.239    -0.971
 6     0.695     0.702    -0.152
 7   114.194   -21.425    -5.730
 7     0.298     0.901     0.316
 7    -0.951     0.251     0.178
 7     0.082    -0.354     0.932
 8   116.981   -26.931    22.483
 8     0.359     0.341     0.870
 8    -0.147    -0.899     0.411
 8     0.922    -0.274    -0.272
 9   130.592   -32.053    49.287
 9     0.513     0.857     0.040
 9    -0.031    -0.032     0.999
 9     0.858    -0.514     0.010
 2    97.199   -23.862    59.173
 2     0.714    -0.701     0.002
 2     0.699     0.712     0.052
 2    -0.037    -0.037     0.998
 3   130.249    -2.588     1.449
 3     0.609    -0.007    -0.793
 3    -0.046     0.998    -0.044
 3     0.791     0.063     0.608
 4   113.106    15.630    -7.243
 4     0.342    -0.802     0.491
 4     0.935     0.237    -0.263
 4     0.095     0.548     0.830
 5   116.377    22.922    21.954
 5     0.343    -0.589     0.734
 5     0.245    -0.697    -0.672
 5     0.907     0.409    -0.094
 6   130.890    25.268    47.736
 6     0.716    -0.672     0.189
 6     0.030    -0.242    -0.970
 6     0.697     0.700    -0.153
 7   114.315   -21.501    -5.826
 7     0.300     0.900     0.317
 7    -0.950     0.254     0.178
 7     0.080    -0.355     0.931
 8   117.058   -26.928    22.381
 8     0.360     0.340     0.870
 8    -0.145    -0.900     0.410
 8     0.922    -0.272    -0.274
 9   130.641   -32.054    49.237
 9     0.512     0.858     0.037
 9    -0.032    -0.028     0.999
 9     0.858    -0.513     0.012
 2    97.199   -23.862    59.173
 2     0.714    -0.701     0.002
 2     0.699     0.712     0.052
 2    -0.037    -0.037     0.998
 3   130.350    -2.588     1.297
 3     0.610    -0.006    -0.792
 3    -0.045     0.998    -0.042
 3     0.791     0.061     0.608
 4   113.223    15.550    -7.333
 4     0.345    -0.800     0.491
 4     0.934     0.241    -0.262
 4     0.091     0.549     0.830
 5   116.473    22.893    21.809
 5     0.344    -0.591     0.731
 5     0.244    -0.695    -0.675
 5     0.906     0.410    -0.094
 6   130.897    25.270    47.678
 6     0.714    -0.674     0.190
 6     0.031    -0.242    -0.970
 6     0.699     0.698    -0.151
 7   114.364   -21.501    -5.827
 7     0.301     0.900     0.317
 7    -0.950     0.254     0.178
 7     0.080    -0.354     0.931
 8   117.060   -26.902    22.432
 8     0.359     0.338     0.870
 8    -0.144    -0.901     0.408
 8     0.922    -0.271    -0.275
 9   130.640   -32.054    49.185
 9     0.512     0.858     0.036
 9    -0.032    -0.027     0.999
 9     0.858    -0.512     0.013
 2    97.175   -23.862    59.173
 2     0.714    -0.701     0.001
 2     0.699     0.712     0.052
 2    -0.037    -0.038     0.998
 3   130.396    -2.588     1.303
 3     0.611    -0.006    -0.792
 3    -0.044     0.998    -0.042
 3     0.790     0.060     0.609
 4   113.221    15.549    -7.330
 4     0.345    -0.800     0.491
 4     0.934     0.242    -0.261
 4     0.090     0.548     0.831
 5   116.472    22.919    21.783
 5     0.345    -0.590     0.732
 5     0.244    -0.695    -0.675
 5     0.906     0.410    -0.095
 6   130.897    25.271    47.677
 6     0.714    -0.673     0.191
 6     0.032    -0.243    -0.970
 6     0.699     0.698    -0.151
 7   114.417   -21.500    -5.779
 7     0.301     0.900     0.317
 7    -0.950     0.255     0.179
 7     0.081    -0.354     0.931
 8   117.065   -26.903    22.424
 8     0.356     0.338     0.872
 8    -0.145    -0.902     0.407
 8     0.923    -0.270    -0.271
 9   130.641   -32.054    49.236
 9     0.513     0.858     0.037
 9    -0.032    -0.028     0.999
 9     0.858    -0.513     0.012
 2    97.174   -23.862    59.173
 2     0.714    -0.701     0.002
 2     0.699     0.712     0.052
 2    -0.037    -0.037     0.998
 3   130.399    -2.587     1.297
 3     0.610    -0.007    -0.793
 3    -0.044     0.998    -0.043
 3     0.791     0.061     0.608
 4   113.198    15.550    -7.282
 4     0.344    -0.802     0.490
 4     0.935     0.241    -0.260
 4     0.091     0.547     0.831
 5   116.477    22.922    21.851
 5     0.343    -0.588     0.734
 5     0.244    -0.698    -0.672
 5     0.907     0.408    -0.095
 6   130.896    25.322    47.728
 6     0.714    -0.673     0.193
 6     0.033    -0.244    -0.969
 6     0.699     0.698    -0.151
 7   114.370   -21.450    -5.785
 7     0.298     0.902     0.313
 7    -0.951     0.251     0.179
 7     0.083    -0.351     0.932
 8   117.070   -26.902    22.415
 8     0.354     0.339     0.872
 8    -0.144    -0.902     0.407
 8     0.924    -0.269    -0.270
 9   130.642   -32.002    49.288
 9     0.513     0.857     0.041
 9    -0.031    -0.032     0.999
 9     0.858    -0.514     0.010
 2    97.200   -23.862    59.173
 2     0.714    -0.701     0.001
 2     0.699     0.712     0.052
 2    -0.037    -0.038     0.998
 3   130.311    -2.534     1.384
 3     0.606    -0.008    -0.796
 3    -0.045     0.998    -0.044
 3     0.794     0.062     0.604
 4   113.105    15.604    -7.212
 4     0.339    -0.806     0.487
 4     0.936     0.236    -0.260
 4     0.094     0.543     0.833
 5   116.249    22.926    21.977
 5     0.339    -0.580     0.743
 5     0.248    -0.705    -0.662
 5     0.907     0.408    -0.094
 6   131.000    25.384    47.672
 6     0.722    -0.670     0.171
 6     0.030    -0.218    -0.976
 6     0.691     0.709    -0.137
 7   114.352   -21.359    -5.731
 7     0.302     0.902     0.308
 7    -0.948     0.252     0.194
 7     0.098    -0.350     0.931
 8   116.782   -27.192    22.520
 8     0.353     0.321     0.879
 8    -0.175    -0.900     0.397
 8     0.919    -0.294    -0.261
 9   131.464   -32.561    48.558
 9     0.540     0.838    -0.082
 9    -0.023     0.108     0.994
 9     0.841    -0.535     0.077
 2    97.199   -23.862    59.173
 2     0.714    -0.701     0.002
 2     0.699     0.712     0.052
 2    -0.037    -0.037     0.998
 3   130.273    -2.530     1.420
 3     0.602    -0.008    -0.799
 3    -0.044     0.998    -0.043
 3     0.797     0.060     0.600
 4   112.852    15.457    -7.216
 4     0.324    -0.810     0.490
 4     0.941     0.223    -0.252
 4     0.095     0.543     0.834
 5   114.985    23.867    21.542
 5     0.321    -0.501     0.805
 5     0.339    -0.732    -0.590
 5     0.884     0.460    -0.065
 6   133.619    26.828    44.093
 6     0.767    -0.580    -0.278
 6    -0.046     0.379    -0.923
 6     0.640     0.721     0.265
 7   114.279   -21.306    -5.829
 7     0.325     0.900     0.291
 7    -0.941     0.278     0.192
 7     0.092    -0.337     0.937
 8   115.509   -29.894    21.405
 8     0.320     0.215     0.923
 8    -0.342    -0.883     0.323
 8     0.884    -0.417    -0.208
 9   133.910   -35.708    43.931
 9     0.668     0.696    -0.268
 9     0.003     0.352     0.934
 9     0.744    -0.625     0.234
 2    97.199   -23.862    59.173
 2     0.714    -0.701     0.002
 2     0.699     0.712     0.052
 2    -0.037    -0.037     0.998
 3   130.267    -2.396     1.470
 3     0.595    -0.011    -0.803
 3    -0.042     0.998    -0.045
 3     0.802     0.060     0.594
 4   112.334    15.137    -7.585
 4     0.303    -0.806     0.509
 4     0.950     0.215    -0.223
 4     0.070     0.551     0.831
 5   113.971    25.569    20.596
 5     0.318    -0.440     0.841
 5     0.444    -0.714    -0.540
 5     0.837     0.544    -0.031
