% Calibrated with leiden_pols
% Positions are in centimeters
Data =[
 2    97.199   -23.862    59.173
 2     0.714    -0.701     0.002
 2     0.699     0.712     0.052
 2    -0.037    -0.037     0.998
 3   131.067    -2.891     2.285
 3     0.560    -0.034    -0.828
 3    -0.109     0.987    -0.114
 3     0.821     0.153     0.549
 4   113.891    14.076    -8.795
 4     0.394    -0.783     0.482
 4     0.918     0.310    -0.247
 4     0.044     0.539     0.840
 5   119.955    23.429    20.055
 5     0.442    -0.651     0.620
 5     0.271    -0.560    -0.781
 5     0.855     0.512    -0.071
 6   136.734    24.297    44.010
 6     0.689    -0.689    -0.234
 6    -0.106     0.218    -0.969
 6     0.716     0.691     0.078
 7   115.211   -20.605    -7.851
 7     0.371     0.910     0.187
 7    -0.926     0.377    -0.002
 7    -0.072    -0.172     0.982
 8   118.880   -29.496    19.222
 8     0.365     0.387     0.848
 8    -0.267    -0.829     0.492
 8     0.892    -0.404    -0.198
 9   135.017   -31.939    44.819
 9     0.617     0.784     0.067
 9     0.044    -0.124     0.992
 9     0.785    -0.608    -0.112
 2    97.199   -23.862    59.173
 2     0.714    -0.701     0.002
 2     0.699     0.712     0.052
 2    -0.037    -0.037     0.998
 3   131.016    -2.890     2.284
 3     0.560    -0.034    -0.828
 3    -0.108     0.987    -0.114
 3     0.821     0.153     0.549
 4   113.889    14.025    -8.792
 4     0.394    -0.783     0.482
 4     0.918     0.311    -0.246
 4     0.043     0.539     0.841
 5   119.956    23.429    20.004
 5     0.442    -0.651     0.619
 5     0.270    -0.559    -0.782
 5     0.855     0.512    -0.071
 6   136.741    24.299    44.001
 6     0.688    -0.690    -0.235
 6    -0.106     0.218    -0.969
 6     0.718     0.690     0.078
 7   115.261   -20.605    -7.850
 7     0.371     0.909     0.188
 7    -0.926     0.378    -0.001
 7    -0.072    -0.174     0.982
 8   118.930   -29.496    19.222
 8     0.364     0.387     0.848
 8    -0.267    -0.829     0.491
 8     0.892    -0.404    -0.198
 9   135.062   -31.939    44.824
 9     0.618     0.783     0.066
 9     0.046    -0.124     0.991
 9     0.784    -0.609    -0.113
 2    97.199   -23.862    59.173
 2     0.714    -0.701     0.002
 2     0.699     0.712     0.052
 2    -0.037    -0.037     0.998
 3   131.138    -2.940     2.214
 3     0.562    -0.035    -0.826
 3    -0.105     0.988    -0.113
 3     0.820     0.150     0.552
 4   113.983    14.021    -8.885
 4     0.397    -0.782     0.482
 4     0.917     0.314    -0.244
 4     0.040     0.538     0.841
 5   120.132    23.479    19.931
 5     0.442    -0.654     0.617
 5     0.271    -0.557    -0.784
 5     0.855     0.512    -0.068
 6   136.753    24.301    43.966
 6     0.684    -0.693    -0.240
 6    -0.108     0.224    -0.967
 6     0.721     0.686     0.080
 7   115.434   -20.631    -7.902
 7     0.370     0.911     0.184
 7    -0.926     0.376    -0.003
 7    -0.072    -0.169     0.983
 8   119.010   -29.547    19.114
 8     0.361     0.386     0.850
 8    -0.267    -0.830     0.489
 8     0.893    -0.403    -0.196
 9   135.118   -31.937    44.762
 9     0.616     0.786     0.063
 9     0.047    -0.121     0.992
 9     0.786    -0.607    -0.111
 2    97.199   -23.862    59.173
 2     0.714    -0.701     0.002
 2     0.699     0.712     0.052
 2    -0.037    -0.037     0.998
 3   131.274    -2.938     2.197
 3     0.556    -0.036    -0.830
 3    -0.108     0.987    -0.115
 3     0.823     0.153     0.545
 4   114.288    13.967    -9.012
 4     0.413    -0.775     0.480
 4     0.910     0.326    -0.254
 4     0.040     0.542     0.839
 5   120.580    23.735    19.267
 5     0.435    -0.663     0.613
 5     0.284    -0.543    -0.789
 5     0.854     0.516    -0.047
 6   137.100    24.432    43.481
 6     0.672    -0.691    -0.273
 6    -0.116     0.260    -0.957
 6     0.731     0.674     0.096
 7   115.979   -20.586    -8.309
 7     0.388     0.906     0.171
 7    -0.920     0.392     0.009
 7    -0.059    -0.161     0.985
 8   119.329   -30.295    18.058
 8     0.327     0.435     0.840
 8    -0.289    -0.800     0.525
 8     0.900    -0.414    -0.135
 9   135.137   -32.239    44.547
 9     0.607     0.793     0.053
 9     0.042    -0.104     0.994
 9     0.793    -0.600    -0.096
 2    97.199   -23.862    59.173
 2     0.714    -0.701     0.002
 2     0.699     0.712     0.052
 2    -0.037    -0.037     0.998
 3   131.639    -2.923     2.226
 3     0.545    -0.038    -0.837
 3    -0.101     0.989    -0.111
 3     0.832     0.145     0.535
 4   114.680    13.891    -9.070
 4     0.400    -0.787     0.471
 4     0.916     0.322    -0.238
 4     0.036     0.526     0.849
 5   119.087    25.935    17.943
 5     0.350    -0.660     0.667
 5     0.393    -0.542    -0.742
 5     0.850     0.520     0.070
 6   134.326    30.571    42.825
 6     0.566    -0.692    -0.455
 6    -0.010     0.540    -0.839
 6     0.824     0.479     0.299
 7   116.949   -20.735    -8.654
 7     0.422     0.894     0.155
 7    -0.906     0.423     0.024
 7    -0.044    -0.150     0.988
 8   118.339   -32.025    16.524
 8     0.231     0.460     0.858
 8    -0.367    -0.776     0.513
 8     0.901    -0.432    -0.010
 9   130.779   -38.579    43.524
 9     0.437     0.873    -0.222
 9    -0.066     0.271     0.959
 9     0.896    -0.404     0.175
 2    97.199   -23.862    59.173
 2     0.714    -0.701     0.002
 2     0.699     0.712     0.052
 2    -0.037    -0.037     0.998
 3   132.017    -2.782     2.497
 3     0.493    -0.028    -0.869
 3    -0.063     0.995    -0.068
 3     0.867     0.088     0.489
 4   116.471    14.211    -9.763
 4     0.386    -0.822     0.420
 4     0.921     0.318    -0.221
 4     0.048     0.472     0.880
 5   115.388    29.119    15.129
 5     0.130    -0.715     0.688
 5     0.512    -0.545    -0.663
 5     0.849     0.436     0.296
 6   125.748    37.068    42.141
 6     0.308    -0.713    -0.634
 6     0.111     0.685    -0.717
 6     0.944     0.148     0.289
 7   118.727   -20.500    -9.540
 7     0.434     0.896     0.088
 7    -0.900     0.436     0.000
 7    -0.038    -0.080     0.996
 8   114.673   -34.601    12.794
 8     0.009     0.563     0.827
 8    -0.450    -0.736     0.505
 8     0.893    -0.376     0.247
 9   122.094   -42.899    41.340
 9     0.204     0.896    -0.397
 9    -0.112     0.421     0.899
 9     0.972    -0.138     0.184
 2    97.199   -23.862    59.173
 2     0.714    -0.701     0.002
 2     0.699     0.712     0.052
 2    -0.037    -0.037     0.998
 3   132.541    -2.566     2.663
 3     0.453    -0.018    -0.891
 3    -0.052     0.997    -0.047
 3     0.890     0.067     0.450
 4   118.011    14.547   -10.044
 4     0.369    -0.864     0.344
 4     0.926     0.309    -0.215
 4     0.079     0.397     0.914
 5   111.920    30.628    12.519
 5    -0.061    -0.804     0.592
 5     0.541    -0.526    -0.656
 5     0.839     0.279     0.467
 6   118.069    38.354    41.122
 6     0.108    -0.690    -0.717
 6     0.099     0.724    -0.682
 6     0.989     0.001     0.146
 7   120.076   -20.192   -10.114
 7     0.443     0.896     0.022
 7    -0.896     0.443    -0.026
 7    -0.034    -0.008     0.999
 8   111.939   -35.449     9.606
 8    -0.182     0.613     0.769
 8    -0.494    -0.733     0.467
 8     0.850    -0.294     0.436
 9   114.914   -45.384    38.369
 9     0.029     0.901    -0.435
 9    -0.152     0.432     0.888
 9     0.988     0.041     0.148
 2    97.199   -23.862    59.173
 2     0.714    -0.701     0.002
 2     0.699     0.712     0.052
 2    -0.037    -0.037     0.998
 3   132.845    -2.271     2.796
 3     0.423    -0.008    -0.906
 3    -0.056     0.998    -0.035
 3     0.904     0.065     0.421
 4   118.782    14.853   -10.164
 4     0.347    -0.895     0.282
 4     0.932     0.295    -0.210
 4     0.104     0.335     0.936
 5   109.404    31.064    10.571
 5    -0.186    -0.825     0.534
 5     0.552    -0.537    -0.637
 5     0.812     0.176     0.555
