% Calibrated with leiden_pols
% Positions are in centimeters
Data =[
 2    97.199   -23.862    59.173
 2     0.714    -0.701     0.002
 2     0.699     0.712     0.052
 2    -0.037    -0.037     0.998
 3   131.067    -2.891     2.285
 3     0.560    -0.034    -0.828
 3    -0.109     0.987    -0.114
 3     0.821     0.153     0.549
 4   113.891    14.076    -8.795
 4     0.394    -0.783     0.482
 4     0.918     0.310    -0.247
 4     0.044     0.539     0.840
 5   119.955    23.429    20.055
 5     0.442    -0.651     0.620
 5     0.271    -0.560    -0.781
 5     0.855     0.512    -0.071
 6   136.734    24.297    44.010
 6     0.689    -0.689    -0.234
 6    -0.106     0.218    -0.969
 6     0.716     0.691     0.078
 7   115.211   -20.605    -7.851
 7     0.371     0.910     0.187
 7    -0.926     0.377    -0.002
 7    -0.072    -0.172     0.982
 8   118.880   -29.496    19.222
 8     0.365     0.387     0.848
 8    -0.267    -0.829     0.492
 8     0.892    -0.404    -0.198
 9   135.017   -31.939    44.819
 9     0.617     0.784     0.067
 9     0.044    -0.124     0.992
 9     0.785    -0.608    -0.112
 2    97.199   -23.862    59.173
 2     0.714    -0.701     0.002
 2     0.699     0.712     0.052
 2    -0.037    -0.037     0.998
 3   131.016    -2.890     2.284
 3     0.560    -0.034    -0.828
 3    -0.108     0.987    -0.114
 3     0.821     0.153     0.549
 4   113.889    14.025    -8.792
 4     0.394    -0.783     0.482
 4     0.918     0.311    -0.246
 4     0.043     0.539     0.841
 5   119.956    23.429    20.004
 5     0.442    -0.651     0.619
 5     0.270    -0.559    -0.782
 5     0.855     0.512    -0.071
 6   136.741    24.299    44.001
 6     0.688    -0.690    -0.235
 6    -0.106     0.218    -0.969
 6     0.718     0.690     0.078
 7   115.261   -20.605    -7.850
 7     0.371     0.909     0.188
 7    -0.926     0.378    -0.001
 7    -0.072    -0.174     0.982
 8   118.930   -29.496    19.222
 8     0.364     0.387     0.848
 8    -0.267    -0.829     0.491
 8     0.892    -0.404    -0.198
 9   135.062   -31.939    44.824
 9     0.618     0.783     0.066
 9     0.046    -0.124     0.991
 9     0.784    -0.609    -0.113
 2    97.199   -23.862    59.173
 2     0.714    -0.701     0.002
 2     0.699     0.712     0.052
 2    -0.037    -0.037     0.998
 3   131.138    -2.940     2.214
 3     0.562    -0.035    -0.826
 3    -0.105     0.988    -0.113
 3     0.820     0.150     0.552
 4   113.983    14.021    -8.885
 4     0.397    -0.782     0.482
 4     0.917     0.314    -0.244
 4     0.040     0.538     0.841
 5   120.132    23.479    19.931
 5     0.442    -0.654     0.617
 5     0.271    -0.557    -0.784
 5     0.855     0.512    -0.068
 6   136.753    24.301    43.966
 6     0.684    -0.693    -0.240
 6    -0.108     0.224    -0.967
 6     0.721     0.686     0.080
 7   115.434   -20.631    -7.902
 7     0.370     0.911     0.184
 7    -0.926     0.376    -0.003
 7    -0.072    -0.169     0.983
 8   119.010   -29.547    19.114
 8     0.361     0.386     0.850
 8    -0.267    -0.830     0.489
 8     0.893    -0.403    -0.196
 9   135.118   -31.937    44.762
 9     0.616     0.786     0.063
 9     0.047    -0.121     0.992
 9     0.786    -0.607    -0.111
 2    97.199   -23.862    59.173
 2     0.714    -0.701     0.002
 2     0.699     0.712     0.052
 2    -0.037    -0.037     0.998
 3   131.274    -2.938     2.197
 3     0.556    -0.036    -0.830
 3    -0.108     0.987    -0.115
 3     0.823     0.153     0.545
 4   114.288    13.967    -9.012
 4     0.413    -0.775     0.480
 4     0.910     0.326    -0.254
 4     0.040     0.542     0.839
 5   120.580    23.735    19.267
 5     0.435    -0.663     0.613
 5     0.284    -0.543    -0.789
 5     0.854     0.516    -0.047
 6   137.100    24.432    43.481
 6     0.672    -0.691    -0.273
 6    -0.116     0.260    -0.957
 6     0.731     0.674     0.096
 7   115.979   -20.586    -8.309
 7     0.388     0.906     0.171
 7    -0.920     0.392     0.009
 7    -0.059    -0.161     0.985
 8   119.329   -30.295    18.058
 8     0.327     0.435     0.840
 8    -0.289    -0.800     0.525
 8     0.900    -0.414    -0.135
 9   135.137   -32.239    44.547
 9     0.607     0.793     0.053
 9     0.042    -0.104     0.994
 9     0.793    -0.600    -0.096
 2    97.199   -23.862    59.173
 2     0.714    -0.701     0.002
 2     0.699     0.712     0.052
 2    -0.037    -0.037     0.998
 3   131.639    -2.923     2.226
 3     0.545    -0.038    -0.837
 3    -0.101     0.989    -0.111
 3     0.832     0.145     0.535
 4   114.680    13.891    -9.070
 4     0.400    -0.787     0.471
 4     0.916     0.322    -0.238
 4     0.036     0.526     0.849
 5   119.087    25.935    17.943
 5     0.350    -0.660     0.667
 5     0.393    -0.542    -0.742
 5     0.850     0.520     0.070
 6   134.326    30.571    42.825
 6     0.566    -0.692    -0.455
 6    -0.010     0.540    -0.839
 6     0.824     0.479     0.299
 7   116.949   -20.735    -8.654
 7     0.422     0.894     0.155
 7    -0.906     0.423     0.024
 7    -0.044    -0.150     0.988
 8   118.339   -32.025    16.524
 8     0.231     0.460     0.858
 8    -0.367    -0.776     0.513
 8     0.901    -0.432    -0.010
 9   130.779   -38.579    43.524
 9     0.437     0.873    -0.222
 9    -0.066     0.271     0.959
 9     0.896    -0.404     0.175
 2    97.199   -23.862    59.173
 2     0.714    -0.701     0.002
 2     0.699     0.712     0.052
 2    -0.037    -0.037     0.998
 3   132.017    -2.782     2.497
 3     0.493    -0.028    -0.869
 3    -0.063     0.995    -0.068
 3     0.867     0.088     0.489
 4   116.471    14.211    -9.763
 4     0.386    -0.822     0.420
 4     0.921     0.318    -0.221
 4     0.048     0.472     0.880
 5   115.388    29.119    15.129
 5     0.130    -0.715     0.688
 5     0.512    -0.545    -0.663
 5     0.849     0.436     0.296
 6   125.748    37.068    42.141
 6     0.308    -0.713    -0.634
 6     0.111     0.685    -0.717
 6     0.944     0.148     0.289
 7   118.727   -20.500    -9.540
 7     0.434     0.896     0.088
 7    -0.900     0.436     0.000
 7    -0.038    -0.080     0.996
 8   114.673   -34.601    12.794
 8     0.009     0.563     0.827
 8    -0.450    -0.736     0.505
 8     0.893    -0.376     0.247
 9   122.094   -42.899    41.340
 9     0.204     0.896    -0.397
 9    -0.112     0.421     0.899
 9     0.972    -0.138     0.184
 2    97.199   -23.862    59.173
 2     0.714    -0.701     0.002
 2     0.699     0.712     0.052
 2    -0.037    -0.037     0.998
 3   132.541    -2.566     2.663
 3     0.453    -0.018    -0.891
 3    -0.052     0.997    -0.047
 3     0.890     0.067     0.450
 4   118.011    14.547   -10.044
 4     0.369    -0.864     0.344
 4     0.926     0.309    -0.215
 4     0.079     0.397     0.914
 5   111.920    30.628    12.519
 5    -0.061    -0.804     0.592
 5     0.541    -0.526    -0.656
 5     0.839     0.279     0.467
 6   118.069    38.354    41.122
 6     0.108    -0.690    -0.717
 6     0.099     0.724    -0.682
 6     0.989     0.001     0.146
 7   120.076   -20.192   -10.114
 7     0.443     0.896     0.022
 7    -0.896     0.443    -0.026
 7    -0.034    -0.008     0.999
 8   111.939   -35.449     9.606
 8    -0.182     0.613     0.769
 8    -0.494    -0.733     0.467
 8     0.850    -0.294     0.436
 9   114.914   -45.384    38.369
 9     0.029     0.901    -0.435
 9    -0.152     0.432     0.888
 9     0.988     0.041     0.148
 2    97.199   -23.862    59.173
 2     0.714    -0.701     0.002
 2     0.699     0.712     0.052
 2    -0.037    -0.037     0.998
 3   132.845    -2.271     2.796
 3     0.423    -0.008    -0.906
 3    -0.056     0.998    -0.035
 3     0.904     0.065     0.421
 4   118.782    14.853   -10.164
 4     0.347    -0.895     0.282
 4     0.932     0.295    -0.210
 4     0.104     0.335     0.936
 5   109.404    31.064    10.571
 5    -0.186    -0.825     0.534
 5     0.552    -0.537    -0.637
 5     0.812     0.176     0.555
 6   113.042    38.784    39.736
 6    -0.010    -0.648    -0.762
 6     0.088     0.758    -0.646
 6     0.996    -0.075     0.048
 7   120.750   -19.742   -10.479
 7     0.441     0.897    -0.021
 7    -0.897     0.439    -0.050
 7    -0.036     0.040     0.998
 8   109.824   -35.381     7.157
 8    -0.300     0.593     0.748
 8    -0.528    -0.756     0.387
 8     0.794    -0.279     0.539
 9   109.794   -47.542    35.458
 9    -0.068     0.905    -0.421
 9    -0.212     0.398     0.892
 9     0.975     0.151     0.162
 2    97.174   -23.862    59.173
 2     0.714    -0.701     0.002
 2     0.699     0.712     0.052
 2    -0.037    -0.037     0.998
 3   132.875    -2.072     2.880
 3     0.393    -0.003    -0.919
 3    -0.052     0.998    -0.025
 3     0.917     0.057     0.392
 4   118.930    14.731   -10.372
 4     0.318    -0.915     0.251
 4     0.943     0.276    -0.187
 4     0.102     0.295     0.950
 5   107.873    30.916     9.092
 5    -0.264    -0.814     0.517
 5     0.560    -0.566    -0.605
 5     0.785     0.129     0.605
 6   109.496    39.335    38.424
 6    -0.095    -0.605    -0.791
 6     0.119     0.781    -0.612
 6     0.988    -0.154    -0.004
 7   120.988   -19.513   -10.613
 7     0.429     0.902    -0.048
 7    -0.903     0.427    -0.051
 7    -0.026     0.064     0.997
 8   108.223   -35.079     5.768
 8    -0.381     0.573     0.725
 8    -0.525    -0.780     0.340
 8     0.760    -0.251     0.598
 9   105.522   -48.364    33.814
 9    -0.158     0.891    -0.426
 9    -0.253     0.380     0.890
 9     0.954     0.249     0.164
 2    97.174   -23.862    59.173
 2     0.714    -0.701     0.002
 2     0.699     0.712     0.052
 2    -0.037    -0.037     0.998
 3   133.033    -2.103     2.988
 3     0.374    -0.004    -0.927
 3    -0.046     0.998    -0.023
 3     0.926     0.051     0.374
 4   119.161    14.346   -10.591
 4     0.307    -0.922     0.237
 4     0.947     0.271    -0.170
 4     0.092     0.276     0.957
 5   107.551    30.796     8.108
 5    -0.301    -0.820     0.487
 5     0.567    -0.564    -0.601
 5     0.767     0.095     0.634
 6   107.751    40.120    37.344
 6    -0.160    -0.533    -0.831
 6     0.151     0.818    -0.554
 6     0.975    -0.215    -0.052
 7   121.245   -19.557   -10.607
 7     0.414     0.908    -0.068
 7    -0.910     0.412    -0.042
 7    -0.010     0.078     0.997
 8   107.116   -34.724     4.959
 8    -0.441     0.572     0.692
 8    -0.511    -0.793     0.330
 8     0.738    -0.208     0.641
 9   102.011   -49.117    32.270
 9    -0.245     0.861    -0.445
 9    -0.291     0.372     0.881
 9     0.925     0.345     0.159
 2    97.199   -23.862    59.173
 2     0.714    -0.701     0.002
 2     0.699     0.712     0.052
 2    -0.037    -0.037     0.998
 3   133.178    -2.158     3.210
 3     0.349    -0.004    -0.937
 3    -0.040     0.999    -0.019
 3     0.936     0.044     0.349
 4   119.622    14.085   -10.830
 4     0.302    -0.930     0.211
 4     0.950     0.274    -0.150
 4     0.082     0.245     0.966
 5   107.392    30.994     6.756
 5    -0.336    -0.827     0.450
 5     0.585    -0.558    -0.588
 5     0.738     0.066     0.672
 6   106.154    41.028    35.783
 6    -0.217    -0.473    -0.854
 6     0.181     0.840    -0.511
 6     0.959    -0.266    -0.097
 7   121.747   -19.649   -10.581
 7     0.406     0.909    -0.094
 7    -0.914     0.404    -0.034
 7     0.006     0.099     0.995
 8   107.050   -34.767     4.434
 8    -0.472     0.580     0.665
 8    -0.515    -0.793     0.327
 8     0.716    -0.188     0.672
 9   100.871   -50.063    31.152
 9    -0.285     0.832    -0.475
 9    -0.325     0.382     0.865
 9     0.901     0.401     0.161
 2    97.199   -23.862    59.173
 2     0.714    -0.701     0.002
 2     0.699     0.712     0.052
 2    -0.037    -0.037     0.998
 3   133.402    -2.133     3.427
 3     0.331    -0.019    -0.943
 3    -0.027     0.999    -0.030
 3     0.943     0.035     0.330
 4   119.932    13.778   -11.029
 4     0.290    -0.937     0.197
 4     0.954     0.266    -0.136
 4     0.074     0.227     0.971
 5   106.899    30.630     6.141
 5    -0.371    -0.824     0.428
 5     0.578    -0.566    -0.588
 5     0.727     0.029     0.686
 6   104.148    40.554    35.206
 6    -0.271    -0.405    -0.873
 6     0.186     0.868    -0.460
 6     0.944    -0.288    -0.160
 7   122.083   -19.710   -10.407
 7     0.405     0.908    -0.109
 7    -0.914     0.405    -0.021
 7     0.024     0.106     0.994
 8   106.827   -34.701     4.347
 8    -0.497     0.590     0.636
 8    -0.500    -0.793     0.346
 8     0.709    -0.147     0.689
 9    99.150   -50.060    30.880
 9    -0.334     0.793    -0.510
 9    -0.333     0.406     0.851
 9     0.881     0.454     0.128
 2    97.177   -23.861    59.170
 2     0.714    -0.701     0.001
 2     0.699     0.712     0.052
 2    -0.036    -0.037     0.998
 3   133.483    -2.064     3.467
 3     0.321    -0.029    -0.947
 3    -0.016     0.999    -0.036
 3     0.947     0.026     0.320
 4   119.915    13.598   -11.132
 4     0.274    -0.944     0.186
 4     0.959     0.255    -0.121
 4     0.067     0.211     0.975
 5   106.284    30.431     5.310
 5    -0.403    -0.816     0.414
 5     0.585    -0.577    -0.570
 5     0.703     0.013     0.710
 6   102.496    41.577    33.631
 6    -0.318    -0.348    -0.882
 6     0.237     0.871    -0.430
 6     0.918    -0.346    -0.195
 7   122.104   -19.980   -10.155
 7     0.389     0.914    -0.119
 7    -0.920     0.391    -0.002
 7     0.044     0.109     0.993
 8   105.973   -34.450     4.044
 8    -0.537     0.578     0.614
 8    -0.485    -0.807     0.335
 8     0.690    -0.118     0.714
 9    96.771   -50.442    29.780
 9    -0.387     0.755    -0.530
 9    -0.358     0.406     0.841
 9     0.849     0.515     0.112
 2    97.177   -23.861    59.170
 2     0.714    -0.701     0.001
 2     0.699     0.712     0.052
 2    -0.036    -0.037     0.998
 3   133.724    -2.099     3.425
 3     0.313    -0.036    -0.949
 3    -0.004     0.999    -0.039
 3     0.949     0.016     0.312
 4   120.185    13.180   -11.361
 4     0.272    -0.946     0.176
 4     0.961     0.256    -0.102
 4     0.051     0.196     0.979
 5   106.491    30.589     4.426
 5    -0.415    -0.818     0.398
 5     0.601    -0.575    -0.555
 5     0.683     0.009     0.730
 6   102.012    42.415    32.350
 6    -0.342    -0.308    -0.888
 6     0.268     0.874    -0.406
 6     0.901    -0.376    -0.216
 7   122.302   -20.152   -10.003
 7     0.380     0.917    -0.124
 7    -0.923     0.384     0.008
 7     0.054     0.110     0.992
 8   106.047   -34.475     3.852
 8    -0.554     0.581     0.597
 8    -0.483    -0.808     0.337
 8     0.677    -0.102     0.728
 9    96.321   -51.184    28.877
 9    -0.412     0.707    -0.575
 9    -0.387     0.435     0.813
 9     0.825     0.557     0.093
 2    97.176   -23.861    59.170
 2     0.713    -0.702     0.001
 2     0.700     0.712     0.052
 2    -0.036    -0.037     0.998
 3   133.883    -2.032     3.388
 3     0.303    -0.038    -0.952
 3     0.004     0.999    -0.038
 3     0.953     0.008     0.303
 4   120.392    13.022   -11.458
 4     0.266    -0.950     0.166
 4     0.963     0.253    -0.089
 4     0.042     0.183     0.982
 5   106.163    30.398     3.905
 5    -0.433    -0.812     0.390
 5     0.605    -0.583    -0.543
 5     0.668     0.001     0.744
 6   100.856    42.920    31.417
 6    -0.370    -0.286    -0.884
 6     0.296     0.865    -0.404
 6     0.880    -0.412    -0.236
 7   122.436   -20.174    -9.862
 7     0.379     0.917    -0.127
 7    -0.923     0.383     0.012
 7     0.058     0.111     0.992
 8   106.226   -34.617     3.749
 8    -0.564     0.590     0.578
 8    -0.489    -0.802     0.342
 8     0.665    -0.090     0.740
 9    95.760   -52.394    27.853
 9    -0.441     0.633    -0.636
 9    -0.432     0.471     0.769
 9     0.786     0.614     0.066
 2    97.174   -23.862    59.173
 2     0.714    -0.701     0.002
 2     0.699     0.712     0.052
 2    -0.037    -0.037     0.998
 3   134.058    -2.067     3.401
 3     0.282    -0.042    -0.958
 3     0.005     0.999    -0.042
 3     0.959     0.007     0.282
 4   120.573    13.026   -11.357
 4     0.259    -0.953     0.155
 4     0.965     0.247    -0.087
 4     0.044     0.172     0.984
 5   106.145    30.344     3.828
 5    -0.443    -0.810     0.385
 5     0.603    -0.587    -0.540
 5     0.663    -0.007     0.748
 6   100.527    42.990    31.150
 6    -0.380    -0.278    -0.882
 6     0.303     0.864    -0.403
 6     0.874    -0.421    -0.244
 7   122.618   -20.147    -9.697
 7     0.377     0.917    -0.133
 7    -0.924     0.382     0.013
 7     0.062     0.117     0.991
 8   106.095   -34.459     3.661
 8    -0.578     0.586     0.568
 8    -0.484    -0.806     0.340
 8     0.657    -0.078     0.749
 9    95.187   -52.062    27.713
 9    -0.458     0.608    -0.649
 9    -0.432     0.485     0.760
 9     0.777     0.628     0.040
 2    97.174   -23.862    59.173
 2     0.714    -0.701     0.002
 2     0.699     0.712     0.052
 2    -0.037    -0.037     0.998
 3   134.058    -2.073     3.502
 3     0.283    -0.041    -0.958
 3     0.000     0.999    -0.043
 3     0.959     0.011     0.282
 4   120.668    13.183   -11.200
 4     0.263    -0.953     0.150
 4     0.963     0.251    -0.094
 4     0.052     0.169     0.984
 5   106.464    30.626     4.143
 5    -0.438    -0.816     0.377
 5     0.601    -0.578    -0.552
 5     0.668    -0.015     0.744
 6   100.828    43.143    31.559
 6    -0.380    -0.270    -0.885
 6     0.303     0.868    -0.394
 6     0.874    -0.418    -0.248
 7   122.627   -20.095    -9.631
 7     0.372     0.919    -0.136
 7    -0.926     0.377     0.017
 7     0.066     0.119     0.990
 8   105.959   -34.241     3.673
 8    -0.585     0.586     0.561
 8    -0.478    -0.807     0.345
 8     0.655    -0.067     0.752
 9    94.756   -51.901    27.595
 9    -0.469     0.599    -0.650
 9    -0.433     0.485     0.760
 9     0.770     0.637     0.031
 2    97.199   -23.862    59.173
 2     0.713    -0.702     0.002
 2     0.700     0.712     0.052
 2    -0.037    -0.037     0.998
 3   134.032    -1.997     3.577
 3     0.283    -0.042    -0.958
 3    -0.000     0.999    -0.044
 3     0.959     0.012     0.283
 4   120.774    13.236   -11.179
 4     0.264    -0.953     0.146
 4     0.963     0.251    -0.096
 4     0.054     0.166     0.984
 5   106.318    30.570     4.068
 5    -0.447    -0.813     0.373
 5     0.601    -0.582    -0.548
 5     0.662    -0.021     0.748
 6   100.397    43.212    31.267
 6    -0.391    -0.270    -0.880
 6     0.307     0.863    -0.401
 6     0.868    -0.427    -0.255
 7   122.755   -20.042    -9.587
 7     0.373     0.917    -0.139
 7    -0.925     0.379     0.018
 7     0.068     0.121     0.990
 8   106.069   -34.296     3.613
 8    -0.588     0.588     0.556
 8    -0.480    -0.806     0.346
 8     0.651    -0.064     0.756
 9    94.917   -52.003    27.529
 9    -0.469     0.592    -0.655
 9    -0.437     0.489     0.755
 9     0.767     0.640     0.028
 2    97.174   -23.862    59.173
 2     0.714    -0.701     0.002
 2     0.699     0.712     0.052
 2    -0.037    -0.037     0.998
 3   134.030    -1.947     3.626
 3     0.284    -0.047    -0.958
 3    -0.001     0.999    -0.049
 3     0.959     0.014     0.283
 4   120.728    13.263   -11.184
 4     0.262    -0.954     0.145
 4     0.963     0.249    -0.097
 4     0.056     0.165     0.984
 5   106.274    30.522     4.189
 5    -0.448    -0.812     0.375
 5     0.598    -0.583    -0.550
 5     0.664    -0.022     0.746
 6   100.370    43.162    31.497
 6    -0.391    -0.271    -0.879
 6     0.305     0.863    -0.402
 6     0.868    -0.425    -0.255
 7   122.804   -20.093    -9.587
 7     0.373     0.917    -0.140
 7    -0.925     0.379     0.019
 7     0.068     0.122     0.990
 8   106.017   -34.296     3.566
 8    -0.588     0.589     0.555
 8    -0.481    -0.806     0.345
 8     0.650    -0.065     0.756
 9    94.682   -52.084    27.366
 9    -0.473     0.590    -0.654
 9    -0.440     0.485     0.756
 9     0.764     0.645     0.030
 2    97.174   -23.862    59.173
 2     0.714    -0.701     0.002
 2     0.699     0.712     0.052
 2    -0.037    -0.037     0.998
 3   134.045    -1.952     3.635
 3     0.286    -0.049    -0.957
 3    -0.004     0.998    -0.053
 3     0.958     0.018     0.286
 4   120.789    13.369   -11.097
 4     0.261    -0.954     0.144
 4     0.963     0.248    -0.102
 4     0.061     0.166     0.984
 5   106.265    30.628     4.451
 5    -0.446    -0.812     0.375
 5     0.595    -0.583    -0.554
 5     0.669    -0.024     0.743
 6   100.508    43.140    31.760
 6    -0.389    -0.273    -0.880
 6     0.300     0.865    -0.401
 6     0.871    -0.420    -0.255
 7   122.707   -19.991    -9.590
 7     0.373     0.917    -0.140
 7    -0.925     0.379     0.020
 7     0.069     0.121     0.990
 8   105.988   -34.123     3.573
 8    -0.591     0.586     0.555
 8    -0.478    -0.808     0.344
 8     0.649    -0.062     0.757
 9    94.631   -51.909    27.392
 9    -0.474     0.589    -0.654
 9    -0.438     0.486     0.756
 9     0.764     0.645     0.027
 2    97.174   -23.862    59.173
 2     0.714    -0.701     0.002
 2     0.699     0.712     0.052
 2    -0.037    -0.037     0.998
 3   134.135    -1.854     3.594
 3     0.290    -0.051    -0.956
 3    -0.005     0.998    -0.055
 3     0.957     0.020     0.289
 4   120.792    13.447   -11.026
 4     0.260    -0.955     0.146
 4     0.963     0.246    -0.104
 4     0.063     0.167     0.984
 5   106.340    30.653     4.527
 5    -0.445    -0.813     0.375
 5     0.594    -0.582    -0.555
 5     0.669    -0.024     0.742
 6   100.559    43.165    31.810
 6    -0.388    -0.272    -0.881
 6     0.302     0.865    -0.400
 6     0.871    -0.421    -0.254
 7   122.859   -19.963    -9.543
 7     0.376     0.916    -0.139
 7    -0.924     0.382     0.020
 7     0.070     0.120     0.990
 8   106.186   -34.173     3.622
 8    -0.590     0.589     0.552
 8    -0.479    -0.806     0.348
 8     0.649    -0.060     0.758
 9    94.941   -52.011    27.400
 9    -0.474     0.578    -0.664
 9    -0.442     0.496     0.747
 9     0.761     0.648     0.020
 2    97.199   -23.862    59.173
 2     0.714    -0.701     0.002
 2     0.699     0.712     0.052
 2    -0.037    -0.037     0.998
 3   134.184    -1.828     3.594
 3     0.290    -0.051    -0.956
 3    -0.005     0.998    -0.055
 3     0.957     0.020     0.289
 4   120.792    13.498   -11.026
 4     0.259    -0.955     0.146
 4     0.964     0.245    -0.104
 4     0.063     0.167     0.984
 5   106.296    30.655     4.671
 5    -0.444    -0.812     0.379
 5     0.593    -0.583    -0.555
 5     0.671    -0.022     0.740
 6   100.823    43.143    32.147
 6    -0.383    -0.273    -0.882
 6     0.300     0.867    -0.399
 6     0.874    -0.417    -0.250
 7   122.864   -19.909    -9.499
 7     0.378     0.915    -0.139
 7    -0.923     0.384     0.022
 7     0.072     0.120     0.990
 8   106.566   -34.325     4.270
 8    -0.572     0.601     0.558
 8    -0.475    -0.797     0.371
 8     0.668    -0.053     0.742
 9    96.263   -51.642    28.807
 9    -0.450     0.572    -0.686
 9    -0.431     0.533     0.728
 9     0.782     0.623     0.006
 2    97.199   -23.862    59.173
 2     0.714    -0.701     0.002
 2     0.699     0.712     0.052
 2    -0.037    -0.037     0.998
 3   134.030    -1.849     3.778
 3     0.308    -0.058    -0.949
 3    -0.013     0.998    -0.065
 3     0.951     0.031     0.306
 4   120.486    13.672   -10.700
 4     0.268    -0.949     0.164
 4     0.961     0.252    -0.110
 4     0.062     0.187     0.980
 5   107.836    31.022     6.656
 5    -0.374    -0.834     0.405
 5     0.591    -0.551    -0.590
 5     0.715     0.019     0.698
 6   105.384    42.776    34.909
 6    -0.299    -0.274    -0.914
 6     0.287     0.887    -0.360
 6     0.910    -0.371    -0.187
 7   122.820   -20.147    -9.327
 7     0.407     0.906    -0.118
 7    -0.910     0.412     0.027
 7     0.072     0.095     0.993
 8   108.468   -35.045     6.215
 8    -0.487     0.636     0.599
 8    -0.487    -0.766     0.419
 8     0.725    -0.087     0.682
 9   101.834   -51.534    32.200
 9    -0.346     0.614    -0.709
 9    -0.402     0.585     0.704
 9     0.847     0.529     0.044
 2    97.174   -23.836    59.173
 2     0.713    -0.702     0.002
 2     0.700     0.712     0.052
 2    -0.037    -0.037     0.998
 3   133.858    -2.214     4.042
 3     0.344    -0.067    -0.937
 3    -0.053     0.994    -0.090
 3     0.937     0.081     0.339
 4   120.569    13.858   -10.179
 4     0.320    -0.925     0.204
 4     0.943     0.291    -0.158
 4     0.087     0.243     0.966
 5   111.744    31.661     9.822
 5    -0.220    -0.881     0.419
 5     0.577    -0.464    -0.672
 5     0.786     0.094     0.610
 6   113.971    41.250    38.921
 6    -0.154    -0.279    -0.948
 6     0.222     0.925    -0.308
 6     0.963    -0.258    -0.081
 7   122.998   -19.971    -9.513
 7     0.439     0.892    -0.108
 7    -0.897     0.442     0.007
 7     0.053     0.093     0.994
 8   111.803   -35.482     8.678
 8    -0.340     0.673     0.657
 8    -0.486    -0.723     0.490
 8     0.805    -0.152     0.573
 9   110.863   -49.208    36.541
 9    -0.177     0.665    -0.725
 9    -0.315     0.659     0.682
 9     0.932     0.350     0.093
 2    97.174   -23.862    59.173
 2     0.714    -0.701     0.002
 2     0.699     0.712     0.052
 2    -0.037    -0.037     0.998
 3   133.783    -2.207     4.182
 3     0.361    -0.073    -0.930
 3    -0.088     0.990    -0.112
 3     0.928     0.121     0.351
 4   120.836    14.269    -9.918
 4     0.362    -0.902     0.236
 4     0.926     0.318    -0.201
 4     0.106     0.291     0.951
 5   115.160    31.820    12.462
 5    -0.070    -0.885     0.459
 5     0.553    -0.418    -0.721
 5     0.830     0.203     0.519
 6   121.918    39.137    41.518
 6     0.001    -0.321    -0.947
 6     0.154     0.936    -0.317
 6     0.988    -0.146     0.051
 7   122.976   -19.718    -9.757
 7     0.472     0.875    -0.105
 7    -0.881     0.473    -0.015
 7     0.035     0.098     0.994
 8   116.193   -34.999    11.325
 8    -0.155     0.692     0.704
 8    -0.456    -0.683     0.571
 8     0.876    -0.233     0.422
 9   120.968   -45.949    39.866
 9     0.010     0.700    -0.715
 9    -0.236     0.695     0.678
 9     0.971     0.163     0.171
 2    97.174   -23.862    59.173
 2     0.714    -0.701     0.002
 2     0.699     0.712     0.052
 2    -0.037    -0.037     0.998
 3   133.657    -2.236     4.117
 3     0.394    -0.081    -0.915
 3    -0.099     0.986    -0.130
 3     0.913     0.141     0.381
 4   120.363    14.463    -9.695
 4     0.376    -0.892     0.253
 4     0.917     0.319    -0.237
 4     0.131     0.320     0.938
 5   118.250    30.374    15.189
 5     0.088    -0.850     0.520
 5     0.486    -0.418    -0.766
 5     0.869     0.319     0.377
 6   129.014    35.432    43.291
 6     0.176    -0.382    -0.908
 6     0.080     0.924    -0.373
 6     0.981    -0.008     0.193
 7   122.513   -19.781    -9.725
 7     0.480     0.874    -0.084
 7    -0.877     0.479    -0.027
 7     0.016     0.085     0.996
 8   119.732   -33.848    13.209
 8     0.018     0.683     0.730
 8    -0.393    -0.666     0.633
 8     0.919    -0.298     0.257
 9   128.364   -42.599    41.537
 9     0.155     0.701    -0.700
 9    -0.179     0.713     0.675
 9     0.971     0.023     0.233
 2    97.199   -23.862    59.173
 2     0.714    -0.701     0.002
 2     0.699     0.712     0.052
 2    -0.037    -0.037     0.998
 3   133.411    -2.314     3.796
 3     0.427    -0.087    -0.900
 3    -0.108     0.983    -0.146
 3     0.897     0.158     0.411
 4   119.556    14.703    -9.490
 4     0.371    -0.887     0.274
 4     0.917     0.304    -0.256
 4     0.144     0.346     0.927
 5   120.331    27.783    17.828
 5     0.229    -0.758     0.612
 5     0.409    -0.495    -0.765
 5     0.883     0.424     0.198
 6   133.826    31.536    44.807
 6     0.365    -0.586    -0.727
 6     0.009     0.781    -0.623
 6     0.931     0.218     0.289
 7   120.914   -20.174    -8.844
 7     0.454     0.891    -0.030
 7    -0.891     0.454     0.000
 7     0.013     0.026     0.999
 8   120.700   -31.861    16.246
 8     0.148     0.555     0.819
 8    -0.339    -0.749     0.568
 8     0.929    -0.360     0.078
 9   132.138   -40.365    43.435
 9     0.297     0.780    -0.556
 9    -0.154     0.609     0.776
 9     0.942    -0.143     0.298
 2    97.199   -23.862    59.173
 2     0.713    -0.702     0.002
 2     0.700     0.712     0.052
 2    -0.037    -0.037     0.998
 3   133.036    -2.529     3.319
 3     0.472    -0.074    -0.879
 3    -0.119     0.982    -0.146
 3     0.873     0.172     0.454
 4   118.527    14.886    -8.981
 4     0.385    -0.873     0.302
 4     0.910     0.303    -0.283
 4     0.156     0.382     0.910
 5   122.168    25.451    19.246
 5     0.354    -0.700     0.621
 5     0.322    -0.532    -0.783
 5     0.878     0.476     0.038
 6   137.766    27.515    44.804
 6     0.498    -0.606    -0.626
 6    -0.069     0.687    -0.720
 6     0.864     0.401     0.300
 7   119.004   -20.746    -7.929
 7     0.398     0.917     0.038
 7    -0.917     0.396     0.041
 7     0.022    -0.052     0.998
 8   121.383   -30.176    18.418
 8     0.276     0.456     0.847
 8    -0.285    -0.803     0.523
 8     0.918    -0.384    -0.092
 9   134.928   -37.867    44.513
 9     0.418     0.828    -0.383
 9    -0.120     0.461     0.877
 9     0.900    -0.319     0.291
 2    97.174   -23.862    59.173
 2     0.714    -0.701     0.002
 2     0.699     0.712     0.052
 2    -0.037    -0.037     0.998
 3   132.457    -2.731     2.613
 3     0.511    -0.070    -0.857
 3    -0.117     0.982    -0.150
 3     0.851     0.176     0.493
 4   117.091    14.640    -9.122
 4     0.387    -0.855     0.347
 4     0.912     0.299    -0.280
 4     0.136     0.424     0.895
 5   123.575    23.491    19.691
 5     0.461    -0.654     0.602
 5     0.261    -0.548    -0.794
 5     0.848     0.522    -0.082
 6   140.658    25.251    43.296
 6     0.600    -0.625    -0.507
 6    -0.093     0.568    -0.814
 6     0.794     0.535     0.283
 7   118.478   -21.135    -7.941
 7     0.404     0.913     0.051
 7    -0.915     0.403     0.033
 7     0.009    -0.060     0.998
 8   122.989   -29.445    19.174
 8     0.381     0.420     0.825
 8    -0.246    -0.814     0.525
 8     0.891    -0.401    -0.206
 9   138.304   -35.873    44.145
 9     0.539     0.828    -0.162
 9    -0.079     0.235     0.968
 9     0.838    -0.508     0.192
 2    97.174   -23.862    59.173
 2     0.714    -0.701     0.002
 2     0.699     0.712     0.052
 2    -0.037    -0.037     0.998
 3   132.196    -2.702     2.134
 3     0.542    -0.072    -0.837
 3    -0.116     0.980    -0.158
 3     0.832     0.182     0.523
 4   116.231    14.682    -9.159
 4     0.384    -0.843     0.378
 4     0.914     0.291    -0.280
 4     0.126     0.452     0.882
 5   122.860    23.282    20.041
 5     0.500    -0.610     0.617
 5     0.242    -0.584    -0.774
 5     0.831     0.536    -0.145
 6   141.237    23.555    42.512
 6     0.732    -0.622    -0.286
 6    -0.124     0.286    -0.949
 6     0.670     0.729     0.134
 7   117.793   -20.982    -8.048
 7     0.389     0.918     0.071
 7    -0.921     0.389     0.019
 7    -0.011    -0.073     0.997
 8   122.414   -28.981    19.844
 8     0.451     0.324     0.833
 8    -0.247    -0.851     0.463
 8     0.858    -0.413    -0.304
 9   140.582   -32.272    43.109
 9     0.692     0.720    -0.045
 9     0.033     0.025     0.999
 9     0.720    -0.693    -0.005
 2    97.177   -23.861    59.170
 2     0.714    -0.701     0.001
 2     0.699     0.712     0.052
 2    -0.036    -0.037     0.998
 3   131.914    -2.592     1.856
 3     0.562    -0.061    -0.825
 3    -0.117     0.981    -0.152
 3     0.818     0.181     0.544
 4   115.626    15.078    -8.741
 4     0.392    -0.826     0.407
 4     0.912     0.292    -0.285
 4     0.117     0.483     0.867
 5   123.735    23.538    19.944
 5     0.509    -0.663     0.551
 5     0.219    -0.518    -0.826
 5     0.832     0.541    -0.118
 6   142.275    21.798    42.341
 6     0.693    -0.549    -0.472
 6    -0.203     0.477    -0.853
 6     0.691     0.686     0.221
 7   117.251   -20.870    -7.892
 7     0.380     0.919     0.099
 7    -0.924     0.381     0.015
 7    -0.025    -0.098     0.995
 8   122.523   -29.634    19.789
 8     0.462     0.370     0.808
 8    -0.253    -0.817     0.516
 8     0.850    -0.442    -0.283
 9   141.153   -31.612    42.505
 9     0.691     0.695    -0.209
 9     0.081     0.204     0.974
 9     0.718    -0.689     0.085
 2    97.177   -23.861    59.170
 2     0.714    -0.701     0.001
 2     0.699     0.712     0.052
 2    -0.036    -0.037     0.998
 3   131.903    -2.597     1.772
 3     0.566    -0.055    -0.822
 3    -0.119     0.982    -0.147
 3     0.815     0.181     0.549
 4   115.740    14.900    -8.948
 4     0.403    -0.813     0.421
 4     0.911     0.310    -0.271
 4     0.090     0.492     0.865
 5   124.353    23.757    19.742
 5     0.508    -0.698     0.506
 5     0.217    -0.464    -0.858
 5     0.833     0.545    -0.085
 6   142.726    21.638    42.062
 6     0.678    -0.512    -0.532
 6    -0.223     0.543    -0.807
 6     0.699     0.665     0.255
 7   117.317   -21.044    -7.762
 7     0.377     0.918     0.121
 7    -0.926     0.376     0.024
 7    -0.023    -0.122     0.992
 8   122.601   -30.120    19.758
 8     0.452     0.401     0.798
 8    -0.254    -0.799     0.543
 8     0.855    -0.447    -0.260
 9   141.049   -31.927    43.035
 9     0.657     0.743    -0.137
 9     0.075     0.108     0.991
 9     0.750    -0.660     0.016
];