% Calibrated with leiden_pols
% Positions are in centimeters
Data =[
 2    97.176   -23.912    59.170
 2     0.714    -0.701     0.002
 2     0.699     0.712     0.052
 2    -0.036    -0.037     0.998
 3   131.271    -2.468     3.098
 3     0.545    -0.063    -0.836
 3    -0.136     0.977    -0.163
 3     0.827     0.202     0.524
 4   114.994    15.136    -7.934
 4     0.378    -0.828     0.414
 4     0.921     0.291    -0.258
 4     0.093     0.478     0.873
 5   122.356    21.981    21.375
 5     0.481    -0.646     0.594
 5     0.167    -0.597    -0.784
 5     0.860     0.476    -0.179
 6   137.062    24.344    46.015
 6     0.665    -0.746    -0.047
 6    -0.019     0.040    -0.999
 6     0.747     0.664     0.013
 7   116.564   -20.715    -6.635
 7     0.361     0.923     0.132
 7    -0.932     0.355     0.066
 7     0.014    -0.147     0.989
 8   121.642   -26.827    21.991
 8     0.469     0.331     0.820
 8    -0.148    -0.885     0.439
 8     0.871    -0.326    -0.365
 9   138.266   -31.856    45.625
 9     0.684     0.687     0.247
 9    -0.077    -0.270     0.960
 9     0.725    -0.675    -0.132
 2    97.199   -23.862    59.173
 2     0.714    -0.701     0.002
 2     0.699     0.712     0.052
 2    -0.037    -0.037     0.998
 3   131.354    -2.368     3.018
 3     0.552    -0.067    -0.831
 3    -0.132     0.977    -0.167
 3     0.823     0.201     0.530
 4   115.044    15.136    -7.935
 4     0.379    -0.828     0.415
 4     0.921     0.292    -0.258
 4     0.093     0.479     0.872
 5   122.356    21.981    21.375
 5     0.482    -0.644     0.596
 5     0.167    -0.599    -0.782
 5     0.860     0.476    -0.180
 6   137.016    24.344    46.012
 6     0.663    -0.748    -0.050
 6    -0.021     0.042    -0.999
 6     0.748     0.663     0.014
 7   116.651   -20.666    -6.826
 7     0.365     0.921     0.133
 7    -0.931     0.359     0.061
 7     0.009    -0.146     0.989
 8   121.707   -26.828    21.877
 8     0.472     0.332     0.818
 8    -0.147    -0.884     0.442
 8     0.869    -0.328    -0.368
 9   138.298   -31.802    45.585
 9     0.681     0.692     0.241
 9    -0.074    -0.263     0.962
 9     0.728    -0.672    -0.128
 2    97.199   -23.862    59.173
 2     0.714    -0.701     0.002
 2     0.699     0.712     0.052
 2    -0.037    -0.037     0.998
 3   131.458    -2.422     2.867
 3     0.560    -0.068    -0.826
 3    -0.128     0.977    -0.167
 3     0.818     0.199     0.538
 4   115.041    15.186    -7.958
 4     0.379    -0.827     0.416
 4     0.921     0.292    -0.257
 4     0.092     0.480     0.872
 5   122.401    21.929    21.302
 5     0.483    -0.642     0.597
 5     0.167    -0.600    -0.781
 5     0.859     0.476    -0.182
 6   137.080    24.347    45.900
 6     0.660    -0.750    -0.056
 6    -0.021     0.050    -0.998
 6     0.751     0.659     0.018
 7   116.714   -20.722    -6.838
 7     0.365     0.922     0.130
 7    -0.931     0.360     0.055
 7     0.004    -0.142     0.990
 8   121.758   -26.827    21.826
 8     0.472     0.331     0.818
 8    -0.147    -0.885     0.441
 8     0.869    -0.328    -0.369
 9   138.299   -31.853    45.528
 9     0.680     0.694     0.237
 9    -0.073    -0.258     0.963
 9     0.729    -0.672    -0.125
 2    97.199   -23.862    59.173
 2     0.714    -0.701     0.002
 2     0.699     0.712     0.052
 2    -0.037    -0.037     0.998
 3   131.467    -2.421     2.806
 3     0.557    -0.065    -0.828
 3    -0.130     0.978    -0.164
 3     0.820     0.198     0.536
 4   115.037    15.133    -7.952
 4     0.380    -0.827     0.416
 4     0.921     0.293    -0.256
 4     0.090     0.480     0.872
 5   122.405    21.931    21.297
 5     0.482    -0.642     0.598
 5     0.168    -0.601    -0.780
 5     0.860     0.476    -0.181
 6   137.101    24.345    45.905
 6     0.660    -0.750    -0.057
 6    -0.022     0.051    -0.998
 6     0.750     0.660     0.018
 7   116.762   -20.721    -6.890
 7     0.366     0.922     0.128
 7    -0.931     0.362     0.054
 7     0.004    -0.139     0.990
 8   121.820   -26.963    21.772
 8     0.475     0.322     0.820
 8    -0.157    -0.885     0.436
 8     0.866    -0.335    -0.370
 9   138.466   -32.030    45.342
 9     0.680     0.701     0.216
 9    -0.068    -0.234     0.970
 9     0.730    -0.674    -0.111
 2    97.199   -23.862    59.173
 2     0.714    -0.701     0.002
 2     0.699     0.712     0.052
 2    -0.037    -0.037     0.998
 3   131.479    -2.418     2.891
 3     0.553    -0.066    -0.831
 3    -0.132     0.977    -0.165
 3     0.823     0.201     0.531
 4   115.052    15.138    -7.942
 4     0.381    -0.828     0.413
 4     0.920     0.292    -0.261
 4     0.096     0.478     0.872
 5   122.330    22.177    21.051
 5     0.466    -0.645     0.608
 5     0.185    -0.600    -0.778
 5     0.865     0.474    -0.160
 6   137.105    24.396    45.900
 6     0.660    -0.750    -0.059
 6    -0.024     0.052    -0.998
 6     0.751     0.659     0.017
 7   116.823   -20.711    -6.841
 7     0.376     0.919     0.119
 7    -0.927     0.371     0.060
 7     0.011    -0.133     0.991
 8   121.799   -27.209    21.753
 8     0.475     0.307     0.825
 8    -0.176    -0.885     0.429
 8     0.862    -0.349    -0.366
 9   138.510   -32.106    45.239
 9     0.680     0.705     0.203
 9    -0.065    -0.219     0.974
 9     0.730    -0.675    -0.103
 2    97.174   -23.862    59.173
 2     0.714    -0.701     0.002
 2     0.699     0.712     0.052
 2    -0.037    -0.037     0.998
 3   131.451    -2.465     2.940
 3     0.544    -0.064    -0.837
 3    -0.134     0.978    -0.162
 3     0.828     0.200     0.523
 4   115.064    15.066    -7.956
 4     0.382    -0.829     0.410
 4     0.918     0.292    -0.266
 4     0.101     0.477     0.872
 5   121.958    22.507    20.886
 5     0.439    -0.657     0.616
 5     0.203    -0.593    -0.777
 5     0.875     0.465    -0.126
 6   136.404    25.071    46.051
 6     0.646    -0.760    -0.080
 6    -0.006     0.094    -0.995
 6     0.762     0.643     0.057
 7   116.960   -20.750    -6.869
 7     0.390     0.913     0.115
 7    -0.920     0.385     0.068
 7     0.018    -0.132     0.991
 8   121.840   -28.211    21.356
 8     0.462     0.276     0.844
 8    -0.245    -0.875     0.418
 8     0.852    -0.398    -0.337
 9   138.381   -34.450    44.287
 9     0.647     0.761     0.041
 9    -0.078     0.008     0.997
 9     0.759    -0.648     0.064
 2    97.199   -23.862    59.173
 2     0.714    -0.701     0.002
 2     0.699     0.712     0.052
 2    -0.037    -0.037     0.998
 3   131.547    -2.499     2.999
 3     0.533    -0.057    -0.844
 3    -0.123     0.982    -0.144
 3     0.837     0.180     0.516
 4   115.698    15.154    -8.069
 4     0.383    -0.833     0.400
 4     0.916     0.288    -0.276
 4     0.115     0.472     0.874
 5   120.051    24.068    20.347
 5     0.340    -0.666     0.667
 5     0.277    -0.605    -0.745
 5     0.899     0.436    -0.020
 6   132.905    28.197    46.653
 6     0.549    -0.812    -0.208
 6     0.017     0.253    -0.966
 6     0.835     0.526     0.152
 7   117.743   -20.769    -7.395
 7     0.410     0.905     0.117
 7    -0.912     0.404     0.065
 7     0.012    -0.133     0.991
 8   120.292   -30.453    19.441
 8     0.347     0.330     0.879
 8    -0.335    -0.831     0.442
 8     0.876    -0.447    -0.177
 9   135.018   -37.238    44.196
 9     0.525     0.824    -0.221
 9    -0.074     0.295     0.951
 9     0.848    -0.482     0.216
 2    97.199   -23.862    59.173
 2     0.714    -0.701     0.002
 2     0.699     0.712     0.052
 2    -0.037    -0.037     0.998
 3   132.133    -2.403     3.032
 3     0.493    -0.046    -0.869
 3    -0.101     0.989    -0.110
 3     0.864     0.141     0.482
 4   117.046    15.387    -8.431
 4     0.391    -0.840     0.378
 4     0.912     0.298    -0.279
 4     0.121     0.453     0.883
 5   117.922    26.897    18.688
 5     0.198    -0.722     0.665
 5     0.374    -0.571    -0.730
 5     0.906     0.391     0.158
