% Calibrated with leiden_pols
% Positions are in centimeters
Data =[
 2    97.176   -23.912    59.170
 2     0.714    -0.701     0.002
 2     0.699     0.712     0.052
 2    -0.036    -0.037     0.998
 3   131.271    -2.468     3.098
 3     0.545    -0.063    -0.836
 3    -0.136     0.977    -0.163
 3     0.827     0.202     0.524
 4   114.994    15.136    -7.934
 4     0.378    -0.828     0.414
 4     0.921     0.291    -0.258
 4     0.093     0.478     0.873
 5   122.356    21.981    21.375
 5     0.481    -0.646     0.594
 5     0.167    -0.597    -0.784
 5     0.860     0.476    -0.179
 6   137.062    24.344    46.015
 6     0.665    -0.746    -0.047
 6    -0.019     0.040    -0.999
 6     0.747     0.664     0.013
 7   116.564   -20.715    -6.635
 7     0.361     0.923     0.132
 7    -0.932     0.355     0.066
 7     0.014    -0.147     0.989
 8   121.642   -26.827    21.991
 8     0.469     0.331     0.820
 8    -0.148    -0.885     0.439
 8     0.871    -0.326    -0.365
 9   138.266   -31.856    45.625
 9     0.684     0.687     0.247
 9    -0.077    -0.270     0.960
 9     0.725    -0.675    -0.132
 2    97.199   -23.862    59.173
 2     0.714    -0.701     0.002
 2     0.699     0.712     0.052
 2    -0.037    -0.037     0.998
 3   131.354    -2.368     3.018
 3     0.552    -0.067    -0.831
 3    -0.132     0.977    -0.167
 3     0.823     0.201     0.530
 4   115.044    15.136    -7.935
 4     0.379    -0.828     0.415
 4     0.921     0.292    -0.258
 4     0.093     0.479     0.872
 5   122.356    21.981    21.375
 5     0.482    -0.644     0.596
 5     0.167    -0.599    -0.782
 5     0.860     0.476    -0.180
 6   137.016    24.344    46.012
 6     0.663    -0.748    -0.050
 6    -0.021     0.042    -0.999
 6     0.748     0.663     0.014
 7   116.651   -20.666    -6.826
 7     0.365     0.921     0.133
 7    -0.931     0.359     0.061
 7     0.009    -0.146     0.989
 8   121.707   -26.828    21.877
 8     0.472     0.332     0.818
 8    -0.147    -0.884     0.442
 8     0.869    -0.328    -0.368
 9   138.298   -31.802    45.585
 9     0.681     0.692     0.241
 9    -0.074    -0.263     0.962
 9     0.728    -0.672    -0.128
 2    97.199   -23.862    59.173
 2     0.714    -0.701     0.002
 2     0.699     0.712     0.052
 2    -0.037    -0.037     0.998
 3   131.458    -2.422     2.867
 3     0.560    -0.068    -0.826
 3    -0.128     0.977    -0.167
 3     0.818     0.199     0.538
 4   115.041    15.186    -7.958
 4     0.379    -0.827     0.416
 4     0.921     0.292    -0.257
 4     0.092     0.480     0.872
 5   122.401    21.929    21.302
 5     0.483    -0.642     0.597
 5     0.167    -0.600    -0.781
 5     0.859     0.476    -0.182
 6   137.080    24.347    45.900
 6     0.660    -0.750    -0.056
 6    -0.021     0.050    -0.998
 6     0.751     0.659     0.018
 7   116.714   -20.722    -6.838
 7     0.365     0.922     0.130
 7    -0.931     0.360     0.055
 7     0.004    -0.142     0.990
 8   121.758   -26.827    21.826
 8     0.472     0.331     0.818
 8    -0.147    -0.885     0.441
 8     0.869    -0.328    -0.369
 9   138.299   -31.853    45.528
 9     0.680     0.694     0.237
 9    -0.073    -0.258     0.963
 9     0.729    -0.672    -0.125
 2    97.199   -23.862    59.173
 2     0.714    -0.701     0.002
 2     0.699     0.712     0.052
 2    -0.037    -0.037     0.998
 3   131.467    -2.421     2.806
 3     0.557    -0.065    -0.828
 3    -0.130     0.978    -0.164
 3     0.820     0.198     0.536
 4   115.037    15.133    -7.952
 4     0.380    -0.827     0.416
 4     0.921     0.293    -0.256
 4     0.090     0.480     0.872
 5   122.405    21.931    21.297
 5     0.482    -0.642     0.598
 5     0.168    -0.601    -0.780
 5     0.860     0.476    -0.181
 6   137.101    24.345    45.905
 6     0.660    -0.750    -0.057
 6    -0.022     0.051    -0.998
 6     0.750     0.660     0.018
 7   116.762   -20.721    -6.890
 7     0.366     0.922     0.128
 7    -0.931     0.362     0.054
 7     0.004    -0.139     0.990
 8   121.820   -26.963    21.772
 8     0.475     0.322     0.820
 8    -0.157    -0.885     0.436
 8     0.866    -0.335    -0.370
 9   138.466   -32.030    45.342
 9     0.680     0.701     0.216
 9    -0.068    -0.234     0.970
 9     0.730    -0.674    -0.111
 2    97.199   -23.862    59.173
 2     0.714    -0.701     0.002
 2     0.699     0.712     0.052
 2    -0.037    -0.037     0.998
 3   131.479    -2.418     2.891
 3     0.553    -0.066    -0.831
 3    -0.132     0.977    -0.165
 3     0.823     0.201     0.531
 4   115.052    15.138    -7.942
 4     0.381    -0.828     0.413
 4     0.920     0.292    -0.261
 4     0.096     0.478     0.872
 5   122.330    22.177    21.051
 5     0.466    -0.645     0.608
 5     0.185    -0.600    -0.778
 5     0.865     0.474    -0.160
 6   137.105    24.396    45.900
 6     0.660    -0.750    -0.059
 6    -0.024     0.052    -0.998
 6     0.751     0.659     0.017
 7   116.823   -20.711    -6.841
 7     0.376     0.919     0.119
 7    -0.927     0.371     0.060
 7     0.011    -0.133     0.991
 8   121.799   -27.209    21.753
 8     0.475     0.307     0.825
 8    -0.176    -0.885     0.429
 8     0.862    -0.349    -0.366
 9   138.510   -32.106    45.239
 9     0.680     0.705     0.203
 9    -0.065    -0.219     0.974
 9     0.730    -0.675    -0.103
 2    97.174   -23.862    59.173
 2     0.714    -0.701     0.002
 2     0.699     0.712     0.052
 2    -0.037    -0.037     0.998
 3   131.451    -2.465     2.940
 3     0.544    -0.064    -0.837
 3    -0.134     0.978    -0.162
 3     0.828     0.200     0.523
 4   115.064    15.066    -7.956
 4     0.382    -0.829     0.410
 4     0.918     0.292    -0.266
 4     0.101     0.477     0.872
 5   121.958    22.507    20.886
 5     0.439    -0.657     0.616
 5     0.203    -0.593    -0.777
 5     0.875     0.465    -0.126
 6   136.404    25.071    46.051
 6     0.646    -0.760    -0.080
 6    -0.006     0.094    -0.995
 6     0.762     0.643     0.057
 7   116.960   -20.750    -6.869
 7     0.390     0.913     0.115
 7    -0.920     0.385     0.068
 7     0.018    -0.132     0.991
 8   121.840   -28.211    21.356
 8     0.462     0.276     0.844
 8    -0.245    -0.875     0.418
 8     0.852    -0.398    -0.337
 9   138.381   -34.450    44.287
 9     0.647     0.761     0.041
 9    -0.078     0.008     0.997
 9     0.759    -0.648     0.064
 2    97.199   -23.862    59.173
 2     0.714    -0.701     0.002
 2     0.699     0.712     0.052
 2    -0.037    -0.037     0.998
 3   131.547    -2.499     2.999
 3     0.533    -0.057    -0.844
 3    -0.123     0.982    -0.144
 3     0.837     0.180     0.516
 4   115.698    15.154    -8.069
 4     0.383    -0.833     0.400
 4     0.916     0.288    -0.276
 4     0.115     0.472     0.874
 5   120.051    24.068    20.347
 5     0.340    -0.666     0.667
 5     0.277    -0.605    -0.745
 5     0.899     0.436    -0.020
 6   132.905    28.197    46.653
 6     0.549    -0.812    -0.208
 6     0.017     0.253    -0.966
 6     0.835     0.526     0.152
 7   117.743   -20.769    -7.395
 7     0.410     0.905     0.117
 7    -0.912     0.404     0.065
 7     0.012    -0.133     0.991
 8   120.292   -30.453    19.441
 8     0.347     0.330     0.879
 8    -0.335    -0.831     0.442
 8     0.876    -0.447    -0.177
 9   135.018   -37.238    44.196
 9     0.525     0.824    -0.221
 9    -0.074     0.295     0.951
 9     0.848    -0.482     0.216
 2    97.199   -23.862    59.173
 2     0.714    -0.701     0.002
 2     0.699     0.712     0.052
 2    -0.037    -0.037     0.998
 3   132.133    -2.403     3.032
 3     0.493    -0.046    -0.869
 3    -0.101     0.989    -0.110
 3     0.864     0.141     0.482
 4   117.046    15.387    -8.431
 4     0.391    -0.840     0.378
 4     0.912     0.298    -0.279
 4     0.121     0.453     0.883
 5   117.922    26.897    18.688
 5     0.198    -0.722     0.665
 5     0.374    -0.571    -0.730
 5     0.906     0.391     0.158
 6   128.490    32.030    46.197
 6     0.412    -0.845    -0.348
 6     0.029     0.388    -0.919
 6     0.910     0.366     0.184
 7   118.591   -20.643    -7.869
 7     0.421     0.901     0.101
 7    -0.907     0.418     0.053
 7     0.005    -0.114     0.993
 8   118.109   -32.713    17.014
 8     0.200     0.434     0.879
 8    -0.403    -0.781     0.476
 8     0.893    -0.448     0.019
 9   130.582   -40.005    43.457
 9     0.390     0.834    -0.396
 9    -0.086     0.455     0.884
 9     0.917    -0.309     0.248
 2    97.199   -23.862    59.173
 2     0.714    -0.701     0.002
 2     0.699     0.712     0.052
 2    -0.037    -0.037     0.998
 3   132.458    -2.319     3.056
 3     0.464    -0.035    -0.885
 3    -0.084     0.993    -0.083
 3     0.882     0.112     0.458
 4   118.131    15.622    -8.623
 4     0.400    -0.849     0.347
 4     0.907     0.311    -0.282
 4     0.131     0.427     0.894
 5   115.812    29.480    16.884
 5     0.086    -0.788     0.611
 5     0.447    -0.517    -0.729
 5     0.890     0.335     0.309
 6   124.693    34.560    45.170
 6     0.286    -0.814    -0.510
 6     0.013     0.532    -0.845
 6     0.958     0.233     0.161
 7   119.499   -20.429    -8.589
 7     0.435     0.897     0.073
 7    -0.900     0.435     0.017
 7    -0.016    -0.074     0.997
 8   115.618   -34.703    13.964
 8     0.042     0.528     0.848
 8    -0.471    -0.739     0.483
 8     0.881    -0.419     0.218
 9   124.988   -42.446    41.584
 9     0.240     0.823    -0.519
 9    -0.099     0.548     0.828
 9     0.965    -0.146     0.211
 2    97.174   -23.862    59.173
 2     0.714    -0.701     0.002
 2     0.699     0.712     0.052
 2    -0.037    -0.037     0.998
 3   132.805    -2.237     3.228
 3     0.431    -0.025    -0.902
 3    -0.071     0.995    -0.062
 3     0.899     0.091     0.427
 4   118.987    15.764    -8.756
 4     0.398    -0.867     0.301
 4     0.905     0.317    -0.282
 4     0.149     0.384     0.911
 5   113.244    31.459    14.672
 5    -0.040    -0.841     0.540
 5     0.504    -0.484    -0.715
 5     0.862     0.243     0.444
 6   119.397    36.278    43.717
 6     0.146    -0.789    -0.599
 6    -0.002     0.603    -0.797
 6     0.989     0.115     0.084
 7   120.356   -20.086    -9.176
 7     0.449     0.893     0.025
 7    -0.893     0.449    -0.024
 7    -0.033    -0.012     0.999
 8   112.938   -35.977    10.590
 8    -0.127     0.587     0.799
 8    -0.528    -0.723     0.446
 8     0.839    -0.365     0.402
 9   118.435   -45.230    38.766
 9     0.075     0.817    -0.573
 9    -0.139     0.576     0.805
 9     0.987     0.020     0.155
 2    97.174   -23.862    59.173
 2     0.714    -0.701     0.002
 2     0.699     0.712     0.052
 2    -0.037    -0.037     0.998
 3   132.803    -1.987     3.348
 3     0.406    -0.023    -0.914
 3    -0.063     0.996    -0.053
 3     0.911     0.079     0.403
 4   119.435    15.860    -8.954
 4     0.370    -0.896     0.246
 4     0.914     0.303    -0.267
 4     0.165     0.323     0.932
 5   109.939    32.132    11.979
 5    -0.181    -0.849     0.497
 5     0.544    -0.507    -0.668
 5     0.819     0.149     0.554
 6   112.933    38.291    41.340
 6     0.020    -0.813    -0.583
 6     0.030     0.582    -0.812
 6     0.999    -0.003     0.035
 7   121.034   -19.779    -9.549
 7     0.462     0.886    -0.009
 7    -0.886     0.461    -0.043
 7    -0.034     0.027     0.999
 8   110.854   -35.916     8.237
 8    -0.257     0.601     0.756
 8    -0.546    -0.736     0.400
 8     0.797    -0.310     0.517
 9   112.732   -47.001    36.789
 9    -0.047     0.828    -0.559
 9    -0.186     0.541     0.819
 9     0.981     0.143     0.128
 2    97.174   -23.862    59.173
 2     0.714    -0.701     0.002
 2     0.699     0.712     0.052
 2    -0.037    -0.037     0.998
 3   132.856    -1.785     3.343
 3     0.392    -0.024    -0.920
 3    -0.047     0.998    -0.046
 3     0.919     0.061     0.390
 4   119.497    15.512    -9.453
 4     0.325    -0.922     0.209
 4     0.932     0.275    -0.234
 4     0.159     0.271     0.949
 5   107.406    31.323     9.836
 5    -0.294    -0.831     0.473
 5     0.542    -0.552    -0.633
 5     0.787     0.070     0.613
 6   107.566    38.319    39.698
 6    -0.086    -0.805    -0.588
 6     0.060     0.584    -0.809
 6     0.994    -0.107    -0.003
 7   121.714   -19.710    -9.828
 7     0.466     0.883    -0.048
 7    -0.885     0.464    -0.039
 7    -0.013     0.060     0.998
 8   109.409   -35.590     6.605
 8    -0.362     0.609     0.705
 8    -0.530    -0.757     0.382
 8     0.767    -0.235     0.597
 9   107.544   -47.398    35.238
 9    -0.167     0.811    -0.561
 9    -0.208     0.526     0.824
 9     0.964     0.255     0.079
 2    97.199   -23.862    59.173
 2     0.714    -0.701     0.002
 2     0.699     0.712     0.052
 2    -0.037    -0.037     0.998
 3   133.098    -1.758     3.367
 3     0.367    -0.030    -0.930
 3    -0.034     0.998    -0.045
 3     0.929     0.047     0.365
 4   119.572    15.123    -9.993
 4     0.292    -0.937     0.193
 4     0.946     0.253    -0.199
 4     0.138     0.240     0.961
 5   106.088    30.957     7.821
 5    -0.374    -0.818     0.438
 5     0.550    -0.575    -0.606
 5     0.747     0.014     0.664
 6   103.649    39.271    37.223
 6    -0.201    -0.688    -0.698
 6     0.106     0.692    -0.713
 6     0.974    -0.218    -0.066
 7   122.202   -19.530    -9.996
 7     0.455     0.886    -0.083
 7    -0.890     0.453    -0.042
 7    -0.001     0.092     0.996
 8   107.587   -35.200     4.394
 8    -0.469     0.601     0.648
 8    -0.530    -0.777     0.338
 8     0.706    -0.186     0.682
 9   101.706   -48.847    31.895
 9    -0.298     0.763    -0.573
 9    -0.269     0.508     0.818
 9     0.916     0.398     0.053
 2    97.199   -23.862    59.173
 2     0.714    -0.701     0.002
 2     0.699     0.712     0.052
 2    -0.037    -0.037     0.998
 3   133.342    -1.609     3.306
 3     0.342    -0.032    -0.939
 3    -0.029     0.998    -0.045
 3     0.939     0.042     0.340
 4   119.863    14.937   -10.217
 4     0.273    -0.947     0.172
 4     0.954     0.243    -0.173
 4     0.122     0.211     0.970
 5   105.702    31.327     6.283
 5    -0.413    -0.813     0.410
 5     0.568    -0.581    -0.582
 5     0.711    -0.007     0.702
 6   101.932    41.195    35.151
 6    -0.269    -0.606    -0.749
 6     0.160     0.738    -0.655
 6     0.949    -0.297    -0.102
 7   122.338   -19.193   -10.280
 7     0.428     0.898    -0.099
 7    -0.903     0.425    -0.053
 7    -0.006     0.111     0.994
 8   106.815   -34.604     2.995
 8    -0.516     0.588     0.624
 8    -0.533    -0.790     0.303
 8     0.670    -0.177     0.720
 9    99.297   -49.686    29.568
 9    -0.356     0.736    -0.576
 9    -0.317     0.484     0.815
 9     0.879     0.473     0.060
 2    97.199   -23.862    59.173
 2     0.713    -0.702     0.002
 2     0.700     0.712     0.052
 2    -0.037    -0.037     0.998
 3   133.649    -1.338     3.383
 3     0.319    -0.043    -0.947
 3    -0.026     0.998    -0.054
 3     0.947     0.041     0.317
 4   120.296    14.745   -10.584
 4     0.264    -0.952     0.157
 4     0.959     0.241    -0.147
 4     0.102     0.189     0.976
 5   105.720    31.573     4.893
 5    -0.436    -0.816     0.379
 5     0.591    -0.577    -0.564
 5     0.679    -0.022     0.733
 6   100.761    42.446    33.205
 6    -0.331    -0.493    -0.804
 6     0.201     0.796    -0.571
 6     0.922    -0.351    -0.164
 7   122.713   -18.967   -10.387
 7     0.420     0.901    -0.111
 7    -0.908     0.415    -0.054
 7    -0.004     0.122     0.992
 8   106.748   -34.552     2.007
 8    -0.550     0.589     0.592
 8    -0.543    -0.790     0.283
 8     0.635    -0.166     0.754
 9    97.535   -51.541    27.040
 9    -0.416     0.662    -0.624
 9    -0.389     0.490     0.780
 9     0.821     0.568     0.053
 2    97.199   -23.862    59.173
 2     0.713    -0.702     0.002
 2     0.700     0.712     0.052
 2    -0.037    -0.037     0.998
 3   133.935    -1.262     3.480
 3     0.294    -0.056    -0.954
 3    -0.017     0.998    -0.064
 3     0.955     0.035     0.292
 4   120.627    14.411   -10.828
 4     0.252    -0.958     0.139
 4     0.963     0.234    -0.130
 4     0.092     0.167     0.982
 5   105.647    31.376     4.203
 5    -0.462    -0.814     0.353
 5     0.596    -0.579    -0.556
 5     0.657    -0.046     0.752
 6    99.600    43.057    32.011
 6    -0.394    -0.344    -0.852
 6     0.252     0.851    -0.460
 6     0.883    -0.397    -0.249
 7   123.131   -18.962   -10.261
 7     0.414     0.902    -0.122
 7    -0.910     0.411    -0.049
 7     0.005     0.130     0.991
 8   106.839   -34.590     1.544
 8    -0.574     0.598     0.559
 8    -0.543    -0.789     0.286
 8     0.612    -0.140     0.778
 9    96.345   -52.408    25.806
 9    -0.453     0.620    -0.641
 9    -0.425     0.482     0.766
 9     0.783     0.619     0.045
 2    97.199   -23.862    59.173
 2     0.713    -0.702     0.002
 2     0.700     0.712     0.052
 2    -0.037    -0.037     0.998
 3   134.104    -1.297     3.605
 3     0.280    -0.061    -0.958
 3    -0.013     0.997    -0.067
 3     0.960     0.031     0.278
 4   120.915    14.229   -10.853
 4     0.247    -0.961     0.127
 4     0.965     0.232    -0.119
 4     0.085     0.152     0.984
 5   105.830    31.534     3.595
 5    -0.471    -0.813     0.341
 5     0.610    -0.580    -0.540
 5     0.636    -0.046     0.769
 6    99.351    44.250    30.675
 6    -0.407    -0.319    -0.856
 6     0.292     0.843    -0.453
 6     0.866    -0.434    -0.250
 7   123.389   -19.001   -10.058
 7     0.409     0.902    -0.139
 7    -0.912     0.407    -0.037
 7     0.022     0.141     0.989
 8   106.778   -34.546     1.527
 8    -0.596     0.606     0.527
 8    -0.535    -0.789     0.301
 8     0.598    -0.102     0.794
 9    95.247   -53.122    24.601
 9    -0.487     0.568    -0.664
 9    -0.464     0.475     0.747
 9     0.740     0.672     0.032
 2    97.174   -23.862    59.173
 2     0.714    -0.701     0.002
 2     0.699     0.712     0.052
 2    -0.037    -0.037     0.998
 3   134.257    -1.287     3.700
 3     0.270    -0.065    -0.961
 3    -0.010     0.997    -0.070
 3     0.963     0.027     0.268
 4   121.130    14.148   -10.883
 4     0.247    -0.962     0.119
 4     0.966     0.234    -0.111
 4     0.079     0.143     0.986
 5   105.961    31.553     3.388
 5    -0.474    -0.814     0.336
 5     0.615    -0.579    -0.534
 5     0.630    -0.046     0.775
 6    99.321    44.546    30.416
 6    -0.415    -0.296    -0.860
 6     0.303     0.846    -0.438
 6     0.858    -0.442    -0.261
 7   123.496   -19.000    -9.964
 7     0.406     0.903    -0.143
 7    -0.914     0.405    -0.035
 7     0.025     0.143     0.989
 8   106.685   -34.565     1.230
 8    -0.609     0.605     0.514
 8    -0.537    -0.790     0.295
 8     0.584    -0.097     0.805
 9    94.822   -53.549    23.844
 9    -0.499     0.544    -0.675
 9    -0.482     0.473     0.737
 9     0.720     0.693     0.026
 2    97.199   -23.862    59.173
 2     0.714    -0.701     0.002
 2     0.699     0.712     0.052
 2    -0.037    -0.037     0.998
 3   134.304    -1.286     3.698
 3     0.267    -0.068    -0.961
 3    -0.010     0.997    -0.073
 3     0.963     0.029     0.266
 4   121.130    14.149   -10.883
 4     0.246    -0.962     0.118
 4     0.966     0.233    -0.111
 4     0.079     0.141     0.987
 5   105.974    31.550     3.327
 5    -0.476    -0.814     0.333
 5     0.617    -0.579    -0.533
 5     0.626    -0.048     0.777
 6    99.063    44.765    30.131
 6    -0.423    -0.281    -0.862
 6     0.313     0.847    -0.430
 6     0.850    -0.452    -0.270
 7   123.628   -19.046    -9.953
 7     0.408     0.901    -0.146
 7    -0.912     0.407    -0.032
 7     0.029     0.145     0.989
 8   106.900   -34.570     1.308
 8    -0.611     0.610     0.505
 8    -0.535    -0.788     0.305
 8     0.583    -0.084     0.807
 9    95.020   -53.655    23.862
 9    -0.501     0.526    -0.687
 9    -0.488     0.483     0.727
 9     0.714     0.699     0.014
 2    97.199   -23.862    59.173
 2     0.713    -0.702     0.002
 2     0.700     0.712     0.052
 2    -0.037    -0.037     0.998
 3   134.414    -1.231     3.738
 3     0.266    -0.073    -0.961
 3    -0.008     0.997    -0.077
 3     0.964     0.027     0.265
 4   121.227    14.149   -10.905
 4     0.243    -0.963     0.117
 4     0.967     0.230    -0.109
 4     0.078     0.139     0.987
 5   105.973    31.525     3.327
 5    -0.477    -0.813     0.333
 5     0.616    -0.580    -0.532
 5     0.626    -0.048     0.778
 6    99.191    44.714    30.129
 6    -0.422    -0.280    -0.863
 6     0.316     0.846    -0.429
 6     0.850    -0.453    -0.269
 7   123.767   -19.064    -9.869
 7     0.412     0.900    -0.145
 7    -0.911     0.412    -0.027
 7     0.035     0.142     0.989
 8   107.114   -34.641     1.563
 8    -0.608     0.613     0.505
 8    -0.532    -0.786     0.315
 8     0.589    -0.077     0.803
 9    95.256   -53.599    24.248
 9    -0.499     0.525    -0.690
 9    -0.486     0.490     0.724
 9     0.718     0.696     0.010
 2    97.199   -23.862    59.173
 2     0.714    -0.701     0.002
 2     0.699     0.712     0.052
 2    -0.037    -0.037     0.998
 3   134.454    -1.284     3.749
 3     0.267    -0.074    -0.961
 3    -0.008     0.997    -0.079
 3     0.963     0.028     0.266
 4   121.277    14.149   -10.880
 4     0.243    -0.963     0.117
 4     0.967     0.230    -0.109
 4     0.078     0.140     0.987
 5   106.153    31.651     3.449
 5    -0.472    -0.816     0.334
 5     0.619    -0.576    -0.533
 5     0.627    -0.045     0.777
 6    99.455    45.014    30.143
 6    -0.421    -0.270    -0.866
 6     0.325     0.846    -0.422
 6     0.847    -0.459    -0.268
 7   123.771   -19.062    -9.875
 7     0.411     0.900    -0.146
 7    -0.911     0.412    -0.025
 7     0.037     0.143     0.989
 8   106.989   -34.517     1.637
 8    -0.611     0.611     0.503
 8    -0.527    -0.788     0.317
 8     0.590    -0.072     0.803
 9    94.958   -53.483    24.223
 9    -0.505     0.516    -0.691
 9    -0.488     0.490     0.722
 9     0.712     0.702     0.004
 2    97.199   -23.862    59.173
 2     0.714    -0.701     0.002
 2     0.699     0.712     0.052
 2    -0.037    -0.037     0.998
 3   134.477    -1.233     3.799
 3     0.270    -0.076    -0.960
 3    -0.008     0.997    -0.081
 3     0.963     0.029     0.268
 4   121.302    14.149   -10.879
 4     0.244    -0.963     0.117
 4     0.966     0.231    -0.110
 4     0.078     0.140     0.987
 5   106.149    31.651     3.505
 5    -0.475    -0.815     0.331
 5     0.618    -0.577    -0.533
 5     0.626    -0.048     0.778
 6    99.169    44.961    30.162
 6    -0.427    -0.264    -0.865
 6     0.325     0.848    -0.419
 6     0.844    -0.460    -0.277
 7   123.733   -19.060    -9.838
 7     0.407     0.901    -0.149
 7    -0.912     0.409    -0.019
 7     0.042     0.143     0.988
 8   106.951   -34.390     1.843
 8    -0.612     0.612     0.501
 8    -0.520    -0.788     0.328
 8     0.596    -0.060     0.800
 9    94.958   -53.256    24.643
 9    -0.508     0.507    -0.696
 9    -0.483     0.502     0.718
 9     0.714     0.700    -0.010
 2    97.199   -23.862    59.173
 2     0.714    -0.701     0.002
 2     0.699     0.712     0.052
 2    -0.037    -0.037     0.998
 3   134.468    -1.183     3.836
 3     0.273    -0.079    -0.959
 3    -0.007     0.996    -0.084
 3     0.962     0.029     0.271
 4   121.280    14.175   -10.831
 4     0.243    -0.963     0.116
 4     0.967     0.230    -0.110
 4     0.079     0.139     0.987
 5   106.156    31.652     3.623
 5    -0.472    -0.816     0.334
 5     0.619    -0.577    -0.534
 5     0.628    -0.045     0.776
 6    99.735    45.014    30.599
 6    -0.417    -0.260    -0.871
 6     0.329     0.850    -0.411
 6     0.847    -0.458    -0.269
 7   123.737   -19.108    -9.768
 7     0.408     0.900    -0.149
 7    -0.911     0.410    -0.018
 7     0.044     0.143     0.988
 8   107.361   -34.665     2.741
 8    -0.591     0.623     0.512
 8    -0.519    -0.780     0.350
 8     0.617    -0.059     0.784
 9    96.766   -53.255    26.170
 9    -0.474     0.508    -0.719
 9    -0.480     0.535     0.695
 9     0.738     0.675    -0.010
 2    97.199   -23.862    59.173
 2     0.714    -0.701     0.002
 2     0.699     0.712     0.052
 2    -0.037    -0.037     0.998
 3   134.222    -1.279     4.240
 3     0.314    -0.093    -0.945
 3    -0.025     0.994    -0.105
 3     0.949     0.056     0.309
 4   120.852    14.407   -10.193
 4     0.266    -0.952     0.151
 4     0.959     0.247    -0.135
 4     0.091     0.181     0.979
 5   108.923    32.163     7.468
 5    -0.345    -0.859     0.377
 5     0.599    -0.511    -0.616
 5     0.722     0.013     0.691
 6   107.639    43.550    36.380
 6    -0.282    -0.239    -0.929
 6     0.279     0.906    -0.318
 6     0.918    -0.349    -0.189
 7   123.500   -19.411    -9.610
 7     0.454     0.883    -0.122
 7    -0.889     0.456    -0.008
 7     0.047     0.111     0.992
 8   110.280   -35.504     6.329
 8    -0.445     0.676     0.587
 8    -0.523    -0.728     0.442
 8     0.726    -0.110     0.678
 9   105.956   -52.307    32.504
 9    -0.304     0.577    -0.758
 9    -0.429     0.627     0.650
 9     0.850     0.523     0.056
 2    97.199   -23.862    59.173
 2     0.714    -0.701     0.002
 2     0.699     0.712     0.052
 2    -0.037    -0.037     0.998
 3   133.813    -1.669     4.320
 3     0.368    -0.098    -0.925
 3    -0.080     0.987    -0.136
 3     0.926     0.123     0.355
 4   120.963    14.935    -9.481
 4     0.351    -0.910     0.222
 4     0.925     0.301    -0.228
 4     0.141     0.285     0.948
 5   114.801    32.476    12.131
 5    -0.118    -0.914     0.387
 5     0.549    -0.385    -0.742
 5     0.827     0.125     0.547
 6   119.541    40.231    41.674
 6    -0.088    -0.216    -0.972
 6     0.188     0.955    -0.229
 6     0.978    -0.203    -0.043
 7   123.345   -19.261    -9.740
 7     0.491     0.865    -0.110
 7    -0.871     0.490    -0.033
 7     0.025     0.110     0.993
 8   114.922   -35.578     9.596
 8    -0.235     0.709     0.664
 8    -0.503    -0.674     0.541
 8     0.831    -0.207     0.515
 9   117.107   -49.617    37.183
 9    -0.095     0.635    -0.767
 9    -0.362     0.695     0.620
 9     0.927     0.338     0.162
 2    97.174   -23.862    59.173
 2     0.714    -0.701     0.002
 2     0.699     0.712     0.052
 2    -0.037    -0.037     0.998
 3   133.843    -1.699     4.393
 3     0.388    -0.099    -0.916
 3    -0.100     0.984    -0.149
 3     0.916     0.149     0.372
 4   121.093    15.250    -9.324
 4     0.399    -0.879     0.262
 4     0.901     0.323    -0.286
 4     0.167     0.349     0.922
 5   118.465    31.566    14.902
 5     0.044    -0.902     0.429
 5     0.490    -0.354    -0.796
 5     0.870     0.244     0.427
 6   127.148    36.727    43.678
 6     0.069    -0.257    -0.964
 6     0.104     0.963    -0.249
 6     0.992    -0.083     0.092
 7   122.852   -19.413    -9.295
 7     0.512     0.855    -0.077
 7    -0.859     0.511    -0.031
 7     0.012     0.081     0.996
 8   119.258   -34.617    12.745
 8    -0.044     0.728     0.685
 8    -0.434    -0.631     0.643
 8     0.900    -0.268     0.344
 9   126.422   -45.781    40.531
 9     0.084     0.663    -0.746
 9    -0.287     0.730     0.618
 9     0.954     0.164     0.249
 2    97.199   -23.862    59.173
 2     0.714    -0.701     0.002
 2     0.699     0.712     0.052
 2    -0.037    -0.037     0.998
 3   133.817    -1.826     4.326
 3     0.422    -0.113    -0.899
 3    -0.108     0.979    -0.173
 3     0.900     0.169     0.401
 4   120.170    15.262    -8.743
 4     0.396    -0.875     0.280
 4     0.900     0.308    -0.307
 4     0.182     0.372     0.910
 5   120.178    29.338    17.586
 5     0.174    -0.842     0.511
 5     0.424    -0.404    -0.810
 5     0.889     0.356     0.287
 6   131.807    32.501    45.636
 6     0.238    -0.447    -0.863
 6     0.010     0.889    -0.457
 6     0.971     0.099     0.215
 7   121.482   -20.065    -8.054
 7     0.488     0.873    -0.007
 7    -0.872     0.488     0.029
 7     0.028    -0.009     0.999
 8   122.188   -32.343    16.572
 8     0.163     0.628     0.762
 8    -0.344    -0.688     0.639
 8     0.925    -0.364     0.105
 9   133.801   -41.371    43.227
 9     0.277     0.742    -0.617
 9    -0.209     0.667     0.712
 9     0.938    -0.066     0.336
 2    97.199   -23.862    59.173
 2     0.714    -0.701     0.002
 2     0.699     0.712     0.052
 2    -0.037    -0.037     0.998
 3   133.500    -2.031     4.174
 3     0.451    -0.116    -0.885
 3    -0.119     0.975    -0.188
 3     0.884     0.190     0.425
 4   118.821    15.271    -7.963
 4     0.402    -0.863     0.307
 4     0.894     0.297    -0.334
 4     0.197     0.407     0.891
 5   122.620    26.124    19.945
 5     0.347    -0.749     0.566
 5     0.334    -0.465    -0.819
 5     0.876     0.473     0.089
 6   137.743    28.180    45.809
 6     0.463    -0.609    -0.648
 6    -0.060     0.705    -0.704
 6     0.884     0.363     0.290
 7   120.672   -20.457    -7.649
 7     0.472     0.881     0.006
 7    -0.880     0.471     0.061
 7     0.051    -0.035     0.998
 8   124.006   -30.846    18.482
 8     0.303     0.511     0.805
 8    -0.296    -0.752     0.588
 8     0.906    -0.416    -0.076
 9   138.043   -39.574    43.395
 9     0.402     0.786    -0.479
 9    -0.182     0.572     0.796
 9     0.897    -0.232     0.371
 2    97.174   -23.862    59.173
 2     0.714    -0.701     0.002
 2     0.699     0.712     0.052
 2    -0.037    -0.037     0.998
 3   133.067    -2.307     3.897
 3     0.472    -0.100    -0.876
 3    -0.130     0.975    -0.181
 3     0.872     0.199     0.447
 4   118.384    15.334    -7.801
 4     0.428    -0.846     0.320
 4     0.883     0.316    -0.345
 4     0.191     0.430     0.882
 5   125.092    24.725    20.750
 5     0.481    -0.682     0.552
 5     0.270    -0.482    -0.832
 5     0.834     0.549    -0.047
 6   142.481    25.038    44.475
 6     0.607    -0.599    -0.526
 6    -0.137     0.570    -0.808
 6     0.782     0.562     0.265
 7   119.891   -20.608    -7.525
 7     0.452     0.892     0.003
 7    -0.891     0.452     0.043
 7     0.037    -0.023     0.999
 8   125.096   -30.022    19.933
 8     0.440     0.381     0.814
 8    -0.288    -0.798     0.528
 8     0.850    -0.466    -0.241
 9   141.858   -36.075    43.265
 9     0.580     0.781    -0.239
 9    -0.071     0.334     0.939
 9     0.811    -0.527     0.249
 2    97.199   -23.862    59.173
 2     0.714    -0.701     0.002
 2     0.699     0.712     0.052
 2    -0.037    -0.037     0.998
 3   132.648    -2.473     3.692
 3     0.475    -0.092    -0.875
 3    -0.141     0.974    -0.178
 3     0.868     0.207     0.450
 4   117.693    15.379    -7.718
 4     0.432    -0.839     0.334
 4     0.882     0.315    -0.348
 4     0.186     0.444     0.876
 5   125.981    23.092    21.432
 5     0.547    -0.657     0.521
 5     0.196    -0.503    -0.841
 5     0.814     0.561    -0.146
 6   143.970    22.787    43.945
 6     0.670    -0.583    -0.464
 6    -0.171     0.483    -0.857
 6     0.722     0.653     0.225
 7   119.096   -20.742    -7.284
 7     0.441     0.897     0.014
 7    -0.897     0.440     0.048
 7     0.036    -0.034     0.999
 8   125.363   -27.576    21.323
 8     0.513     0.411     0.755
 8    -0.155    -0.819     0.551
 8     0.844    -0.399    -0.356
 9   143.017   -31.242    44.149
 9     0.658     0.745    -0.117
 9     0.023     0.130     0.991
 9     0.752    -0.654     0.069
 2    97.199   -23.862    59.173
 2     0.714    -0.701     0.002
 2     0.699     0.712     0.052
 2    -0.037    -0.037     0.998
 3   132.046    -2.310     3.566
 3     0.472    -0.093    -0.877
 3    -0.131     0.976    -0.173
 3     0.872     0.196     0.448
 4   116.881    15.779    -7.086
 4     0.396    -0.844     0.363
 4     0.903     0.285    -0.321
 4     0.167     0.453     0.875
 5   126.018    22.320    22.124
 5     0.559    -0.645     0.524
 5     0.164    -0.531    -0.830
 5     0.812     0.549    -0.191
 6   144.085    22.693    44.147
 6     0.680    -0.582    -0.450
 6    -0.146     0.491    -0.857
 6     0.718     0.648     0.251
 7   118.496   -20.732    -6.960
 7     0.419     0.907     0.046
 7    -0.908     0.417     0.052
 7     0.028    -0.064     0.997
 8   125.596   -27.135    21.679
 8     0.536     0.425     0.731
 8    -0.130    -0.813     0.567
 8     0.834    -0.398    -0.380
 9   142.829   -31.300    44.480
 9     0.650     0.757    -0.067
 9    -0.011     0.093     0.995
 9     0.759    -0.646     0.069
 2    97.174   -23.862    59.173
 2     0.714    -0.701     0.002
 2     0.699     0.712     0.052
 2    -0.037    -0.037     0.998
 3   131.911    -2.262     3.553
 3     0.474    -0.094    -0.876
 3    -0.131     0.976    -0.175
 3     0.870     0.197     0.450
 4   116.664    15.902    -7.025
 4     0.392    -0.841     0.373
 4     0.905     0.281    -0.317
 4     0.162     0.462     0.871
 5   125.973    22.319    22.195
 5     0.559    -0.648     0.520
 5     0.160    -0.529    -0.832
 5     0.813     0.548    -0.192
 6   143.957    22.692    44.204
 6     0.682    -0.579    -0.450
 6    -0.143     0.495    -0.855
 6     0.717     0.647     0.256
 7   118.447   -20.627    -7.017
 7     0.424     0.904     0.045
 7    -0.905     0.422     0.053
 7     0.029    -0.063     0.997
 8   125.581   -27.218    21.640
 8     0.538     0.431     0.725
 8    -0.134    -0.805     0.577
 8     0.832    -0.407    -0.375
 9   142.787   -31.375    44.471
 9     0.648     0.759    -0.064
 9    -0.013     0.091     0.996
 9     0.761    -0.645     0.069
 2    97.174   -23.862    59.173
 2     0.714    -0.701     0.002
 2     0.699     0.712     0.052
 2    -0.037    -0.037     0.998
 3   131.860    -2.237     3.552
 3     0.474    -0.096    -0.875
 3    -0.132     0.975    -0.178
 3     0.870     0.199     0.449
 4   116.611    15.851    -7.073
 4     0.392    -0.841     0.374
 4     0.906     0.282    -0.316
 4     0.161     0.462     0.872
 5   125.969    22.292    22.173
 5     0.561    -0.646     0.519
 5     0.160    -0.529    -0.832
 5     0.812     0.549    -0.194
 6   143.964    22.643    44.128
 6     0.681    -0.577    -0.455
 6    -0.141     0.503    -0.850
 6     0.718     0.643     0.263
 7   118.395   -20.626    -7.020
 7     0.428     0.903     0.041
 7    -0.903     0.426     0.051
 7     0.029    -0.060     0.998
 8   125.576   -27.271    21.621
 8     0.539     0.432     0.724
 8    -0.136    -0.803     0.579
 8     0.831    -0.410    -0.374
 9   142.787   -31.375    44.471
 9     0.648     0.759    -0.063
 9    -0.014     0.090     0.996
 9     0.761    -0.645     0.069
];