2 	  32.70	  -6.61	  22.99
	  0.108	  0.993	 -0.034
	 -0.994	  0.108	 -0.003
	  0.001	  0.033	  0.999

3 	  44.42	  -0.21	   2.13
	 -0.171	  0.109	 -0.979
	  0.035	 -0.992	 -0.117
	 -0.984	 -0.054	  0.166

4 	  38.78	   6.29	  -3.76
	  0.490	  0.868	  0.078
	 -0.829	  0.436	  0.350
	  0.270	 -0.236	  0.933

5 	  37.55	   9.40	   9.63
	  0.234	  0.140	  0.962
	 -0.079	 -0.983	  0.162
	  0.969	 -0.114	 -0.219

6 	  43.29	   9.81	  20.55
	  0.155	 -0.078	  0.985
	 -0.413	  0.901	  0.135
	 -0.898	 -0.428	  0.107

7 	  39.13	  -8.00	  -3.25
	  0.378	 -0.877	  0.295
	  0.907	  0.289	 -0.304
	  0.181	  0.383	  0.906

8 	  37.20	 -10.07	  10.11
	  0.298	 -0.107	  0.948
	  0.029	 -0.992	 -0.121
	  0.954	  0.063	 -0.293

9 	  41.40	 -10.44	  18.32
	  0.290	  0.067	  0.954
	  0.700	  0.665	 -0.260
	 -0.652	  0.744	  0.146

2 	  32.70	  -6.61	  22.97
	  0.108	  0.993	 -0.033
	 -0.994	  0.108	 -0.003
	  0.001	  0.033	  0.999

3 	  44.37	  -0.21	   2.14
	 -0.171	  0.111	 -0.979
	  0.036	 -0.992	 -0.119
	 -0.984	 -0.055	  0.166

4 	  38.78	   6.31	  -3.74
	  0.488	  0.869	  0.078
	 -0.830	  0.435	  0.350
	  0.270	 -0.236	  0.933

5 	  37.51	   9.39	   9.65
	  0.233	  0.141	  0.962
	 -0.074	 -0.984	  0.162
	  0.969	 -0.109	 -0.219

6 	  43.26	   9.83	  20.51
	  0.156	 -0.079	  0.984
	 -0.412	  0.901	  0.138
	 -0.898	 -0.427	  0.108

7 	  39.18	  -7.98	  -3.25
	  0.380	 -0.876	  0.296
	  0.907	  0.291	 -0.302
	  0.178	  0.384	  0.906

8 	  37.30	 -10.14	  10.11
	  0.298	 -0.105	  0.948
	  0.046	 -0.991	 -0.124
	  0.953	  0.080	 -0.291

9 	  41.50	 -10.37	  18.32
	  0.290	  0.070	  0.954
	  0.691	  0.674	 -0.260
	 -0.663	  0.734	  0.146

2 	  32.70	  -6.61	  22.99
	  0.109	  0.993	 -0.033
	 -0.994	  0.109	 -0.003
	  0.001	  0.033	  0.999

3 	  44.37	  -0.16	   2.14
	 -0.171	  0.111	 -0.979
	  0.039	 -0.992	 -0.120
	 -0.984	 -0.059	  0.165

4 	  38.76	   6.33	  -3.73
	  0.484	  0.871	  0.080
	 -0.833	  0.430	  0.349
	  0.270	 -0.235	  0.934

5 	  37.48	   9.42	   9.65
	  0.231	  0.143	  0.962
	 -0.071	 -0.984	  0.163
	  0.970	 -0.106	 -0.217

6 	  43.24	   9.84	  20.55
	  0.158	 -0.084	  0.984
	 -0.421	  0.896	  0.144
	 -0.893	 -0.437	  0.106

7 	  39.20	  -7.96	  -3.27
	  0.385	 -0.875	  0.295
	  0.906	  0.298	 -0.299
	  0.174	  0.383	  0.907

8 	  37.37	 -10.16	  10.12
	  0.303	 -0.104	  0.947
	  0.047	 -0.991	 -0.124
	  0.952	  0.083	 -0.296

9 	  41.73	 -10.37	  18.18
	  0.298	  0.069	  0.952
	  0.678	  0.686	 -0.262
	 -0.672	  0.723	  0.157

2 	  32.68	  -6.63	  22.99
	  0.109	  0.993	 -0.033
	 -0.994	  0.109	 -0.004
	  0.000	  0.033	  0.999

3 	  44.37	  -0.16	   2.16
	 -0.170	  0.112	 -0.979
	  0.042	 -0.992	 -0.121
	 -0.984	 -0.062	  0.164

4 	  38.78	   6.33	  -3.73
	  0.481	  0.872	  0.085
	 -0.836	  0.427	  0.344
	  0.263	 -0.237	  0.935

5 	  37.42	   9.37	   9.69
	  0.229	  0.146	  0.962
	 -0.056	 -0.985	  0.162
	  0.972	 -0.092	 -0.218

6 	  43.15	   9.88	  20.62
	  0.159	 -0.085	  0.984
	 -0.438	  0.887	  0.147
	 -0.885	 -0.454	  0.103

7 	  39.27	  -7.95	  -3.29
	  0.389	 -0.872	  0.296
	  0.905	  0.302	 -0.298
	  0.170	  0.384	  0.907

8 	  37.49	 -10.32	  10.07
	  0.305	 -0.108	  0.946
	  0.072	 -0.988	 -0.136
	  0.949	  0.110	 -0.294

9 	  42.13	 -10.37	  18.12
	  0.306	  0.074	  0.949
	  0.631	  0.731	 -0.260
	 -0.713	  0.678	  0.177

2 	  32.70	  -6.61	  22.99
	  0.109	  0.993	 -0.033
	 -0.994	  0.109	 -0.003
	  0.000	  0.033	  0.999

3 	  44.37	  -0.14	   2.20
	 -0.168	  0.113	 -0.979
	  0.044	 -0.991	 -0.122
	 -0.985	 -0.064	  0.161

4 	  38.81	   6.35	  -3.73
	  0.482	  0.872	  0.087
	 -0.837	  0.429	  0.339
	  0.259	 -0.236	  0.936

5 	  37.48	   9.44	   9.62
	  0.215	  0.152	  0.964
	 -0.073	 -0.982	  0.171
	  0.974	 -0.108	 -0.200

6 	  43.26	   9.77	  20.57
	  0.146	 -0.062	  0.987
	 -0.334	  0.936	  0.108
	 -0.931	 -0.345	  0.116

7 	  39.39	  -7.98	  -3.25
	  0.400	 -0.865	  0.303
	  0.902	  0.313	 -0.296
	  0.161	  0.392	  0.906

8 	  37.79	 -10.42	  10.07
	  0.304	 -0.122	  0.945
	  0.076	 -0.985	 -0.152
	  0.949	  0.118	 -0.291

9 	  42.98	 -10.30	  17.61
	  0.332	  0.047	  0.942
	  0.514	  0.828	 -0.224
	 -0.791	  0.559	  0.251

2 	  32.68	  -6.63	  22.99
	  0.109	  0.993	 -0.033
	 -0.994	  0.109	 -0.003
	  0.000	  0.033	  0.999

3 	  44.37	  -0.16	   2.20
	 -0.166	  0.114	 -0.979
	  0.045	 -0.991	 -0.123
	 -0.985	 -0.065	  0.159

4 	  38.85	   6.33	  -3.73
	  0.488	  0.868	  0.087
	 -0.835	  0.435	  0.336
	  0.254	 -0.237	  0.938

5 	  37.78	   9.51	   9.60
	  0.218	  0.147	  0.965
	 -0.130	 -0.975	  0.178
	  0.967	 -0.164	 -0.193

6 	  43.59	   9.60	  20.58
	  0.143	 -0.019	  0.989
	 -0.160	  0.986	  0.042
	 -0.977	 -0.165	  0.137

7 	  39.41	  -8.00	  -3.29
	  0.416	 -0.858	  0.301
	  0.894	  0.326	 -0.306
	  0.164	  0.397	  0.903

8 	  38.16	 -10.55	  10.04
	  0.324	 -0.141	  0.935
	  0.065	 -0.983	 -0.171
	  0.944	  0.117	 -0.309

9 	  43.93	  -9.90	  16.65
	  0.381	  0.041	  0.923
	  0.386	  0.901	 -0.199
	 -0.840	  0.432	  0.328

2 	  32.70	  -6.61	  22.99
	  0.109	  0.993	 -0.033
	 -0.994	  0.109	 -0.003
	  0.000	  0.033	  0.999

3 	  44.38	  -0.16	   2.20
	 -0.164	  0.115	 -0.980
	  0.045	 -0.991	 -0.124
	 -0.985	 -0.065	  0.157

4 	  38.99	   6.33	  -3.71
	  0.508	  0.856	  0.089
	 -0.826	  0.455	  0.332
	  0.244	 -0.242	  0.939

5 	  38.14	   9.49	   9.63
	  0.229	  0.148	  0.962
	 -0.148	 -0.972	  0.184
	  0.962	 -0.185	 -0.201

6 	  44.00	   9.69	  20.50
	  0.170	  0.016	  0.985
	 -0.082	  0.996	 -0.002
	 -0.982	 -0.080	  0.171

7 	  39.45	  -8.02	  -3.30
	  0.420	 -0.856	  0.302
	  0.892	  0.329	 -0.310
	  0.165	  0.399	  0.902

8 	  38.43	 -10.79	  10.04
	  0.342	 -0.152	  0.927
	  0.085	 -0.978	 -0.192
	  0.936	  0.145	 -0.322

9 	  44.63	  -9.79	  15.87
	  0.415	  0.036	  0.909
	  0.318	  0.930	 -0.183
	 -0.852	  0.365	  0.374

2 	  32.68	  -6.63	  22.99
	  0.109	  0.993	 -0.033
	 -0.994	  0.109	 -0.003
	  0.000	  0.033	  0.999

3 	  44.42	  -0.21	   2.14
	 -0.162	  0.115	 -0.980
	  0.040	 -0.991	 -0.124
	 -0.986	 -0.059	  0.156

4 	  39.09	   6.33	  -3.74
	  0.527	  0.845	  0.084
	 -0.815	  0.474	  0.333
	  0.241	 -0.244	  0.939

5 	  38.64	   9.63	   9.62
	  0.254	  0.155	  0.954
	 -0.183	 -0.961	  0.205
	  0.949	 -0.227	 -0.217

6 	  44.56	   9.81	  20.25
	  0.222	  0.033	  0.974
	 -0.022	  0.999	 -0.030
	 -0.975	 -0.015	  0.223

7 	  39.48	  -8.07	  -3.30
	  0.425	 -0.853	  0.302
	  0.890	  0.333	 -0.311
	  0.164	  0.401	  0.901

8 	  38.87	 -10.95	  10.00
	  0.371	 -0.167	  0.913
	  0.085	 -0.974	 -0.212
	  0.924	  0.156	 -0.348

9 	  45.54	  -9.97	  15.21
	  0.455	  0.017	  0.890
	  0.272	  0.949	 -0.158
	 -0.848	  0.314	  0.427

2 	  32.70	  -6.61	  22.99
	  0.109	  0.993	 -0.033
	 -0.994	  0.109	 -0.003
	  0.000	  0.033	  0.999

3 	  44.49	  -0.26	   2.09
	 -0.157	  0.116	 -0.981
	  0.037	 -0.992	 -0.123
	 -0.987	 -0.055	  0.151

4 	  39.16	   6.33	  -3.78
	  0.545	  0.835	  0.074
	 -0.802	  0.494	  0.335
	  0.243	 -0.243	  0.939

5 	  39.15	   9.88	   9.51
	  0.291	  0.169	  0.941
	 -0.197	 -0.953	  0.232
	  0.936	 -0.252	 -0.244

6 	  45.37	  10.12	  19.90
	  0.267	  0.041	  0.963
	 -0.008	  0.999	 -0.041
	 -0.964	  0.003	  0.267

7 	  39.50	  -8.07	  -3.34
	  0.437	 -0.849	  0.297
	  0.884	  0.345	 -0.314
	  0.164	  0.400	  0.901

8 	  39.38	 -11.11	   9.90
	  0.416	 -0.185	  0.890
	  0.066	 -0.970	 -0.233
	  0.907	  0.156	 -0.391

9 	  46.49	 -10.14	  14.61
	  0.499	 -0.003	  0.866
	  0.249	  0.958	 -0.141
	 -0.830	  0.286	  0.479

2 	  32.68	  -6.63	  22.99
	  0.109	  0.993	 -0.033
	 -0.994	  0.109	 -0.003
	  0.000	  0.033	  0.999

3 	  44.54	  -0.32	   2.00
	 -0.151	  0.116	 -0.982
	  0.031	 -0.992	 -0.122
	 -0.988	 -0.048	  0.146

4 	  39.20	   6.29	  -3.87
	  0.565	  0.823	  0.061
	 -0.787	  0.515	  0.341
	  0.249	 -0.241	  0.938

5 	  39.66	  10.00	   9.39
	  0.326	  0.179	  0.928
	 -0.204	 -0.945	  0.254
	  0.923	 -0.273	 -0.271

6 	  46.18	  10.18	  19.49
	  0.308	  0.042	  0.950
	  0.006	  0.999	 -0.047
	 -0.951	  0.020	  0.308

7 	  39.46	  -8.05	  -3.43
	  0.454	 -0.845	  0.282
	  0.874	  0.361	 -0.323
	  0.171	  0.394	  0.903

8 	  39.99	 -11.21	   9.83
	  0.468	 -0.196	  0.861
	  0.058	 -0.966	 -0.251
	  0.881	  0.168	 -0.441

9 	  47.44	 -10.12	  14.13
	  0.534	 -0.019	  0.845
	  0.221	  0.968	 -0.118
	 -0.816	  0.249	  0.521

2 	  32.68	  -6.63	  22.99
	  0.109	  0.993	 -0.033
	 -0.994	  0.109	 -0.003
	  0.000	  0.033	  0.999

3 	  44.56	  -0.32	   1.92
	 -0.147	  0.115	 -0.982
	  0.026	 -0.992	 -0.120
	 -0.989	 -0.044	  0.143

4 	  39.25	   6.31	  -3.96
	  0.578	  0.815	  0.047
	 -0.774	  0.529	  0.347
	  0.258	 -0.237	  0.936

5 	  40.04	  10.14	   9.28
	  0.352	  0.183	  0.918
	 -0.222	 -0.936	  0.272
	  0.909	 -0.300	 -0.289

6 	  46.78	  10.32	  19.11
	  0.338	  0.046	  0.940
	  0.027	  0.998	 -0.059
	 -0.941	  0.045	  0.336

7 	  39.43	  -8.05	  -3.45
	  0.460	 -0.844	  0.275
	  0.870	  0.367	 -0.328
	  0.176	  0.390	  0.904

8 	  40.52	 -11.36	   9.70
	  0.517	 -0.210	  0.829
	  0.032	 -0.964	 -0.265
	  0.855	  0.163	 -0.492

9 	  48.59	 -10.21	  13.04
	  0.593	 -0.035	  0.804
	  0.213	  0.970	 -0.116
	 -0.776	  0.240	  0.583

2 	  32.68	  -6.63	  22.99
	  0.109	  0.993	 -0.033
	 -0.994	  0.109	 -0.003
	  0.000	  0.033	  0.999

3 	  44.58	  -0.33	   1.85
	 -0.147	  0.112	 -0.983
	  0.022	 -0.993	 -0.117
	 -0.989	 -0.039	  0.144

4 	  39.20	   6.24	  -4.04
	  0.593	  0.805	  0.006
	 -0.749	  0.548	  0.370
	  0.295	 -0.224	  0.929

5 	  40.61	  10.39	   8.93
	  0.387	  0.199	  0.900
	 -0.244	 -0.920	  0.308
	  0.889	 -0.339	 -0.308

6 	  47.72	  10.48	  18.49
	  0.374	  0.048	  0.926
	  0.071	  0.994	 -0.081
	 -0.925	  0.095	  0.368

7 	  39.32	  -8.07	  -3.48
	  0.464	 -0.845	  0.266
	  0.866	  0.370	 -0.335
	  0.184	  0.386	  0.904

8 	  40.99	 -11.34	   9.65
	  0.569	 -0.213	  0.794
	  0.006	 -0.965	 -0.263
	  0.822	  0.155	 -0.548

9 	  49.83	 -10.34	  11.64
	  0.668	 -0.036	  0.743
	  0.212	  0.966	 -0.144
	 -0.713	  0.254	  0.653

2 	  32.70	  -6.63	  22.97
	  0.109	  0.993	 -0.033
	 -0.994	  0.109	 -0.003
	  0.000	  0.033	  0.999

3 	  44.56	  -0.37	   1.76
	 -0.147	  0.107	 -0.983
	  0.015	 -0.994	 -0.111
	 -0.989	 -0.031	  0.145

4 	  39.20	   6.24	  -4.13
	  0.606	  0.794	 -0.026
	 -0.725	  0.566	  0.391
	  0.325	 -0.219	  0.920

5 	  41.27	  10.63	   8.67
	  0.434	  0.215	  0.875
	 -0.244	 -0.907	  0.344
	  0.867	 -0.363	 -0.341

6 	  48.78	  10.78	  17.77
	  0.424	  0.057	  0.903
	  0.087	  0.991	 -0.104
	 -0.901	  0.122	  0.416

7 	  39.22	  -8.05	  -3.48
	  0.468	 -0.843	  0.264
	  0.862	  0.372	 -0.343
	  0.191	  0.388	  0.901

8 	  41.54	 -11.27	   9.53
	  0.619	 -0.211	  0.756
	 -0.016	 -0.966	 -0.256
	  0.785	  0.147	 -0.602

9 	  50.85	 -10.27	  10.71
	  0.717	 -0.032	  0.696
	  0.204	  0.964	 -0.167
	 -0.666	  0.261	  0.698

2 	  32.70	  -6.63	  22.97
	  0.109	  0.993	 -0.033
	 -0.994	  0.109	 -0.003
	  0.001	  0.033	  0.999

3 	  44.56	  -0.39	   1.71
	 -0.147	  0.102	 -0.984
	  0.009	 -0.994	 -0.105
	 -0.989	 -0.024	  0.145

4 	  39.23	   6.21	  -4.32
	  0.627	  0.776	 -0.069
	 -0.686	  0.592	  0.423
	  0.369	 -0.218	  0.903

5 	  42.03	  10.76	   8.16
	  0.473	  0.218	  0.854
	 -0.281	 -0.881	  0.380
	  0.835	 -0.420	 -0.355

6 	  49.68	  10.83	  17.09
	  0.458	  0.062	  0.886
	  0.123	  0.983	 -0.133
	 -0.880	  0.170	  0.443

7 	  39.15	  -7.98	  -3.53
	  0.480	 -0.839	  0.254
	  0.855	  0.384	 -0.348
	  0.194	  0.384	  0.902

8 	  42.19	 -11.21	   9.30
	  0.672	 -0.207	  0.711
	 -0.027	 -0.966	 -0.256
	  0.740	  0.153	 -0.655

9 	  51.89	 -10.16	   9.69
	  0.759	 -0.037	  0.649
	  0.196	  0.965	 -0.175
	 -0.620	  0.260	  0.740

2 	  32.70	  -6.63	  22.97
	  0.109	  0.993	 -0.033
	 -0.994	  0.109	 -0.003
	  0.001	  0.033	  0.999

3 	  44.54	  -0.40	   1.65
	 -0.148	  0.098	 -0.984
	  0.005	 -0.995	 -0.100
	 -0.989	 -0.019	  0.147

4 	  39.30	   6.17	  -4.54
	  0.643	  0.759	 -0.099
	 -0.654	  0.611	  0.445
	  0.399	 -0.221	  0.890

5 	  42.57	  10.86	   7.77
	  0.506	  0.219	  0.834
	 -0.301	 -0.862	  0.408
	  0.808	 -0.458	 -0.370

6 	  50.54	  10.76	  16.45
	  0.493	  0.056	  0.868
	  0.158	  0.975	 -0.153
	 -0.856	  0.212	  0.472

7 	  39.11	  -7.96	  -3.59
	  0.485	 -0.839	  0.245
	  0.851	  0.390	 -0.350
	  0.198	  0.379	  0.904

8 	  42.87	 -11.16	   9.04
	  0.723	 -0.203	  0.660
	 -0.036	 -0.965	 -0.257
	  0.690	  0.162	 -0.705

9 	  53.00	 -10.02	   8.53
	  0.802	 -0.039	  0.596
	  0.183	  0.966	 -0.183
	 -0.569	  0.256	  0.781

2 	  32.70	  -6.63	  22.97
	  0.109	  0.993	 -0.033
	 -0.994	  0.109	 -0.003
	  0.000	  0.033	  0.999

3 	  44.54	  -0.42	   1.60
	 -0.148	  0.094	 -0.984
	  0.000	 -0.995	 -0.095
	 -0.989	 -0.015	  0.147

4 	  39.30	   6.10	  -4.69
	  0.653	  0.746	 -0.129
	 -0.627	  0.628	  0.461
	  0.425	 -0.221	  0.878

5 	  43.15	  10.90	   7.42
	  0.543	  0.219	  0.810
	 -0.310	 -0.844	  0.436
	  0.780	 -0.489	 -0.391

6 	  51.36	  10.83	  15.79
	  0.525	  0.065	  0.848
	  0.179	  0.966	 -0.185
	 -0.832	  0.248	  0.496

7 	  39.08	  -7.93	  -3.66
	  0.498	 -0.835	  0.232
	  0.843	  0.404	 -0.356
	  0.203	  0.373	  0.905

8 	  43.49	 -11.27	   8.70
	  0.767	 -0.200	  0.609
	 -0.040	 -0.963	 -0.267
	  0.640	  0.180	 -0.747

9 	  54.09	 -10.05	   7.37
	  0.842	 -0.038	  0.537
	  0.164	  0.968	 -0.188
	 -0.513	  0.246	  0.822

2 	  32.68	  -6.63	  22.99
	  0.109	  0.993	 -0.033
	 -0.994	  0.109	 -0.003
	  0.000	  0.033	  0.999

3 	  44.54	  -0.44	   1.60
	 -0.148	  0.087	 -0.985
	 -0.001	 -0.996	 -0.088
	 -0.989	 -0.012	  0.147

4 	  39.29	   5.99	  -4.83
	  0.659	  0.735	 -0.157
	 -0.602	  0.642	  0.474
	  0.450	 -0.219	  0.866

5 	  43.63	  10.99	   6.98
	  0.579	  0.224	  0.784
	 -0.320	 -0.822	  0.471
	  0.750	 -0.523	 -0.404

6 	  52.03	  10.97	  15.08
	  0.554	  0.079	  0.829
	  0.199	  0.954	 -0.224
	 -0.808	  0.289	  0.512

7 	  39.06	  -7.93	  -3.64
	  0.508	 -0.831	  0.225
	  0.836	  0.412	 -0.363
	  0.208	  0.373	  0.904

8 	  44.05	 -11.32	   8.38
	  0.805	 -0.196	  0.560
	 -0.045	 -0.961	 -0.273
	  0.592	  0.194	 -0.782

9 	  54.90	  -9.90	   6.54
	  0.870	 -0.030	  0.492
	  0.142	  0.970	 -0.194
	 -0.472	  0.239	  0.849

2 	  32.70	  -6.61	  22.99
	  0.109	  0.993	 -0.033
	 -0.994	  0.109	 -0.003
	  0.000	  0.033	  0.999

3 	  44.56	  -0.49	   1.56
	 -0.148	  0.077	 -0.986
	 -0.003	 -0.997	 -0.078
	 -0.989	 -0.009	  0.147

4 	  39.22	   5.91	  -4.96
	  0.662	  0.726	 -0.185
	 -0.583	  0.654	  0.482
	  0.472	 -0.212	  0.856

5 	  44.02	  11.06	   6.59
	  0.610	  0.231	  0.758
	 -0.321	 -0.803	  0.503
	  0.724	 -0.550	 -0.416

6 	  52.65	  11.14	  14.52
	  0.581	  0.084	  0.809
	  0.209	  0.946	 -0.249
	 -0.786	  0.313	  0.532

7 	  38.99	  -7.96	  -3.66
	  0.517	 -0.828	  0.217
	  0.827	  0.419	 -0.373
	  0.218	  0.373	  0.902

8 	  44.46	 -11.34	   8.05
	  0.835	 -0.194	  0.514
	 -0.049	 -0.958	 -0.281
	  0.547	  0.210	 -0.810

9 	  55.63	 -10.00	   5.50
	  0.897	 -0.029	  0.440
	  0.126	  0.973	 -0.193
	 -0.423	  0.228	  0.876

2 	  32.70	  -6.63	  22.99
	  0.109	  0.993	 -0.033
	 -0.994	  0.109	 -0.003
	  0.001	  0.033	  0.999

3 	  44.54	  -0.53	   1.51
	 -0.150	  0.068	 -0.986
	 -0.004	 -0.998	 -0.068
	 -0.989	 -0.006	  0.150

4 	  39.15	   5.80	  -5.10
	  0.664	  0.716	 -0.217
	 -0.559	  0.667	  0.493
	  0.497	 -0.207	  0.842

5 	  44.42	  11.13	   6.17
	  0.642	  0.234	  0.729
	 -0.320	 -0.783	  0.533
	  0.696	 -0.576	 -0.428

6 	  53.26	  11.14	  13.66
	  0.617	  0.084	  0.782
	  0.222	  0.935	 -0.276
	 -0.755	  0.343	  0.558

7 	  38.92	  -7.95	  -3.67
	  0.524	 -0.826	  0.207
	  0.820	  0.425	 -0.382
	  0.227	  0.370	  0.900

8 	  44.84	 -11.41	   7.73
	  0.860	 -0.192	  0.472
	 -0.051	 -0.954	 -0.296
	  0.507	  0.230	 -0.831

9 	  56.36	  -9.95	   4.71
	  0.918	 -0.023	  0.396
	  0.105	  0.977	 -0.186
	 -0.383	  0.212	  0.899

2 	  32.68	  -6.61	  22.99
	  0.109	  0.993	 -0.033
	 -0.994	  0.109	 -0.003
	  0.000	  0.033	  0.999

3 	  44.53	  -0.53	   1.48
	 -0.153	  0.060	 -0.986
	 -0.005	 -0.998	 -0.060
	 -0.988	 -0.004	  0.153

4 	  39.09	   5.73	  -5.19
	  0.664	  0.709	 -0.238
	 -0.543	  0.675	  0.500
	  0.515	 -0.203	  0.833

5 	  44.74	  11.13	   5.85
	  0.669	  0.237	  0.704
	 -0.308	 -0.775	  0.552
	  0.676	 -0.587	 -0.446

6 	  53.75	  11.14	  13.03
	  0.645	  0.083	  0.759
	  0.221	  0.931	 -0.290
	 -0.731	  0.354	  0.583

7 	  38.83	  -7.95	  -3.69
	  0.531	 -0.825	  0.193
	  0.812	  0.431	 -0.392
	  0.240	  0.366	  0.899

8 	  45.12	 -11.51	   7.31
	  0.881	 -0.192	  0.432
	 -0.057	 -0.950	 -0.307
	  0.469	  0.246	 -0.848

9 	  56.79	 -10.04	   3.97
	  0.932	 -0.025	  0.362
	  0.096	  0.979	 -0.179
	 -0.350	  0.201	  0.915

2 	  32.70	  -6.61	  22.99
	  0.109	  0.993	 -0.033
	 -0.994	  0.109	 -0.003
	  0.000	  0.033	  0.999

3 	  44.53	  -0.56	   1.42
	 -0.158	  0.053	 -0.986
	 -0.009	 -0.999	 -0.052
	 -0.987	  0.001	  0.158

4 	  38.99	   5.68	  -5.26
	  0.665	  0.699	 -0.261
	 -0.523	  0.686	  0.506
	  0.533	 -0.200	  0.822

5 	  45.07	  11.14	   5.48
	  0.698	  0.233	  0.676
	 -0.305	 -0.759	  0.576
	  0.647	 -0.608	 -0.459

6 	  54.37	  11.07	  12.23
	  0.677	  0.076	  0.732
	  0.228	  0.924	 -0.307
	 -0.699	  0.375	  0.608

7 	  38.71	  -7.88	  -3.73
	  0.541	 -0.822	  0.176
	  0.801	  0.440	 -0.405
	  0.255	  0.361	  0.897

8 	  45.54	 -11.46	   6.84
	  0.904	 -0.185	  0.385
	 -0.058	 -0.946	 -0.320
	  0.423	  0.267	 -0.866

9 	  57.38	  -9.91	   2.90
	  0.949	 -0.022	  0.314
	  0.077	  0.983	 -0.167
	 -0.305	  0.182	  0.934

2 	  32.70	  -6.61	  22.99
	  0.109	  0.993	 -0.033
	 -0.994	  0.109	 -0.003
	  0.000	  0.033	  0.999

3 	  44.51	  -0.54	   1.34
	 -0.163	  0.046	 -0.985
	 -0.012	 -0.999	 -0.045
	 -0.986	  0.004	  0.163

4 	  38.83	   5.59	  -5.33
	  0.662	  0.693	 -0.285
	 -0.506	  0.693	  0.513
	  0.553	 -0.196	  0.809

5 	  45.33	  11.09	   5.13
	  0.726	  0.228	  0.648
	 -0.295	 -0.748	  0.594
	  0.620	 -0.623	 -0.476

6 	  54.79	  10.93	  11.57
	  0.703	  0.067	  0.708
	  0.230	  0.920	 -0.316
	 -0.673	  0.385	  0.631

7 	  38.62	  -7.84	  -3.83
	  0.556	 -0.818	  0.149
	  0.784	  0.456	 -0.421
	  0.276	  0.351	  0.895

8 	  46.02	 -11.53	   6.17
	  0.929	 -0.179	  0.323
	 -0.063	 -0.938	 -0.340
	  0.363	  0.295	 -0.884

9 	  58.08	  -9.86	   1.62
	  0.967	 -0.016	  0.255
	  0.055	  0.987	 -0.151
	 -0.249	  0.160	  0.955

2 	  32.70	  -6.61	  22.99
	  0.109	  0.993	 -0.033
	 -0.994	  0.108	 -0.003
	  0.001	  0.033	  0.999

3 	  44.46	  -0.56	   1.23
	 -0.170	  0.042	 -0.984
	 -0.015	 -0.999	 -0.040
	 -0.985	  0.008	  0.171

4 	  38.69	   5.54	  -5.40
	  0.655	  0.689	 -0.310
	 -0.489	  0.699	  0.521
	  0.575	 -0.190	  0.795

5 	  45.53	  11.06	   4.78
	  0.752	  0.223	  0.619
	 -0.282	 -0.740	  0.610
	  0.595	 -0.634	 -0.494

6 	  55.18	  10.83	  10.85
	  0.729	  0.057	  0.681
	  0.230	  0.918	 -0.324
	 -0.644	  0.393	  0.656

7 	  38.51	  -7.79	  -3.90
	  0.570	 -0.813	  0.121
	  0.766	  0.473	 -0.434
	  0.296	  0.340	  0.892

8 	  46.46	 -11.55	   5.45
	  0.951	 -0.169	  0.258
	 -0.066	 -0.929	 -0.364
	  0.301	  0.329	 -0.895

9 	  58.75	  -9.60	   0.32
	  0.981	 -0.003	  0.194
	  0.028	  0.991	 -0.127
	 -0.193	  0.130	  0.973

2 	  32.70	  -6.61	  22.99
	  0.109	  0.993	 -0.033
	 -0.994	  0.109	 -0.003
	  0.001	  0.033	  0.999

3 	  44.40	  -0.58	   1.12
	 -0.178	  0.038	 -0.983
	 -0.019	 -0.999	 -0.035
	 -0.984	  0.012	  0.178

4 	  38.53	   5.54	  -5.41
	  0.650	  0.685	 -0.328
	 -0.476	  0.703	  0.528
	  0.592	 -0.188	  0.783

5 	  45.70	  11.07	   4.46
	  0.775	  0.222	  0.592
	 -0.268	 -0.733	  0.625
	  0.573	 -0.643	 -0.509

6 	  55.49	  10.69	  10.21
	  0.753	  0.048	  0.656
	  0.229	  0.915	 -0.330
	 -0.617	  0.399	  0.678

7 	  38.37	  -7.72	  -3.96
	  0.582	 -0.808	  0.094
	  0.750	  0.488	 -0.447
	  0.314	  0.331	  0.890

8 	  46.79	 -11.44	   4.85
	  0.967	 -0.155	  0.201
	 -0.069	 -0.922	 -0.382
	  0.244	  0.355	 -0.902

9 	  59.27	  -9.42	  -0.81
	  0.990	  0.007	  0.141
	  0.008	  0.994	 -0.109
	 -0.141	  0.108	  0.984

2 	  32.70	  -6.63	  22.97
	  0.109	  0.993	 -0.033
	 -0.994	  0.108	 -0.003
	  0.001	  0.033	  0.999

3 	  44.35	  -0.58	   1.00
	 -0.189	  0.036	 -0.981
	 -0.025	 -0.999	 -0.032
	 -0.982	  0.018	  0.190

4 	  38.37	   5.48	  -5.48
	  0.645	  0.683	 -0.343
	 -0.465	  0.707	  0.532
	  0.606	 -0.184	  0.774

5 	  45.77	  11.06	   4.25
	  0.790	  0.221	  0.572
	 -0.256	 -0.730	  0.634
	  0.558	 -0.647	 -0.520

6 	  55.69	  10.62	   9.70
	  0.769	  0.043	  0.637
	  0.228	  0.913	 -0.337
	 -0.597	  0.405	  0.693

7 	  38.30	  -7.66	  -4.04
	  0.596	 -0.800	  0.068
	  0.730	  0.506	 -0.458
	  0.332	  0.323	  0.886

8 	  47.14	 -11.39	   4.18
	  0.978	 -0.145	  0.146
	 -0.078	 -0.917	 -0.392
	  0.190	  0.372	 -0.908

9 	  59.61	  -9.19	  -1.88
	  0.995	  0.016	  0.096
	 -0.007	  0.995	 -0.094
	 -0.097	  0.093	  0.991

2 	  32.70	  -6.63	  22.97
	  0.109	  0.993	 -0.033
	 -0.994	  0.109	 -0.003
	  0.000	  0.033	  0.999

3 	  44.30	  -0.58	   0.90
	 -0.198	  0.032	 -0.979
	 -0.026	 -0.999	 -0.028
	 -0.980	  0.020	  0.199

4 	  38.23	   5.45	  -5.52
	  0.638	  0.682	 -0.358
	 -0.457	  0.709	  0.537
	  0.620	 -0.179	  0.764

5 	  45.90	  11.04	   3.92
	  0.808	  0.220	  0.546
	 -0.240	 -0.724	  0.646
	  0.537	 -0.653	 -0.533

6 	  55.95	  10.53	   9.05
	  0.789	  0.035	  0.613
	  0.227	  0.911	 -0.345
	 -0.571	  0.411	  0.711

7 	  38.16	  -7.63	  -4.13
	  0.608	 -0.793	  0.041
	  0.712	  0.522	 -0.469
	  0.350	  0.314	  0.882

8 	  47.36	 -11.30	   3.62
	  0.986	 -0.131	  0.099
	 -0.080	 -0.910	 -0.408
	  0.143	  0.394	 -0.908

9 	  59.84	  -9.00	  -2.69
	  0.998	  0.025	  0.059
	 -0.021	  0.996	 -0.080
	 -0.061	  0.078	  0.995

2 	  32.68	  -6.63	  22.99
	  0.109	  0.993	 -0.033
	 -0.994	  0.109	 -0.003
	  0.000	  0.033	  0.999

3 	  44.26	  -0.58	   0.79
	 -0.208	  0.029	 -0.978
	 -0.030	 -0.999	 -0.024
	 -0.978	  0.024	  0.209

4 	  38.04	   5.38	  -5.57
	  0.631	  0.679	 -0.374
	 -0.448	  0.713	  0.539
	  0.633	 -0.173	  0.754

5 	  46.00	  11.02	   3.62
	  0.827	  0.219	  0.517
	 -0.222	 -0.719	  0.659
	  0.516	 -0.660	 -0.546

6 	  56.18	  10.42	   8.38
	  0.809	  0.028	  0.587
	  0.223	  0.909	 -0.351
	 -0.544	  0.414	  0.729

7 	  38.04	  -7.61	  -4.18
	  0.616	 -0.788	  0.013
	  0.695	  0.536	 -0.480
	  0.371	  0.305	  0.877

8 	  47.58	 -11.29	   2.95
	  0.991	 -0.122	  0.046
	 -0.092	 -0.903	 -0.419
	  0.093	  0.411	 -0.907

9 	  60.05	  -8.93	  -3.71
	  0.999	  0.029	  0.016
	 -0.029	  0.997	 -0.067
	 -0.019	  0.066	  0.997

2 	  32.70	  -6.61	  22.99
	  0.109	  0.993	 -0.033
	 -0.994	  0.108	 -0.003
	  0.001	  0.033	  0.999

3 	  44.19	  -0.62	   0.67
	 -0.217	  0.025	 -0.976
	 -0.033	 -0.999	 -0.018
	 -0.976	  0.028	  0.218

4 	  37.92	   5.33	  -5.64
	  0.626	  0.675	 -0.390
	 -0.435	  0.718	  0.543
	  0.647	 -0.171	  0.743

5 	  46.09	  11.04	   3.34
	  0.841	  0.218	  0.495
	 -0.209	 -0.714	  0.669
	  0.498	 -0.666	 -0.555

6 	  56.43	  10.27	   7.77
	  0.826	  0.019	  0.563
	  0.222	  0.907	 -0.357
	 -0.518	  0.420	  0.745

7 	  37.93	  -7.59	  -4.24
	  0.623	 -0.782	 -0.015
	  0.675	  0.548	 -0.493
	  0.393	  0.297	  0.870

8 	  47.76	 -11.20	   2.44
	  0.993	 -0.113	  0.003
	 -0.101	 -0.900	 -0.424
	  0.051	  0.421	 -0.905

9 	  60.17	  -8.72	  -4.61
	  0.999	  0.038	 -0.025
	 -0.040	  0.997	 -0.058
	  0.023	  0.058	  0.998

2 	  32.70	  -6.61	  22.99
	  0.109	  0.993	 -0.034
	 -0.994	  0.108	 -0.003
	  0.000	  0.033	  0.999

3 	  44.09	  -0.63	   0.56
	 -0.230	  0.020	 -0.973
	 -0.037	 -0.999	 -0.012
	 -0.972	  0.033	  0.231

4 	  37.78	   5.26	  -5.70
	  0.624	  0.671	 -0.400
	 -0.425	  0.721	  0.547
	  0.656	 -0.172	  0.735

5 	  46.12	  10.95	   3.13
	  0.850	  0.214	  0.480
	 -0.203	 -0.708	  0.676
	  0.485	 -0.673	 -0.559

6 	  56.51	  10.20	   7.44
	  0.834	  0.015	  0.551
	  0.223	  0.905	 -0.362
	 -0.505	  0.424	  0.752

7 	  37.76	  -7.59	  -4.29
	  0.630	 -0.776	 -0.042
	  0.656	  0.560	 -0.505
	  0.415	  0.291	  0.862

8 	  47.85	 -11.20	   1.83
	  0.993	 -0.107	 -0.045
	 -0.116	 -0.894	 -0.432
	  0.006	  0.434	 -0.901

9 	  60.15	  -8.74	  -5.61
	  0.997	  0.037	 -0.064
	 -0.041	  0.998	 -0.050
	  0.061	  0.052	  0.997

2 	  32.70	  -6.61	  22.97
	  0.108	  0.993	 -0.033
	 -0.994	  0.108	 -0.003
	  0.001	  0.033	  0.999

3 	  44.03	  -0.70	   0.42
	 -0.240	  0.017	 -0.971
	 -0.043	 -0.999	 -0.007
	 -0.970	  0.041	  0.240

4 	  37.60	   5.15	  -5.78
	  0.620	  0.666	 -0.414
	 -0.413	  0.726	  0.550
	  0.667	 -0.170	  0.725

5 	  46.16	  10.88	   2.85
	  0.861	  0.214	  0.461
	 -0.193	 -0.702	  0.686
	  0.470	 -0.680	 -0.563

6 	  56.60	  10.11	   6.98
	  0.845	  0.010	  0.535
	  0.222	  0.902	 -0.369
	 -0.487	  0.430	  0.760

7 	  37.56	  -7.49	  -4.38
	  0.635	 -0.767	 -0.092
	  0.628	  0.582	 -0.516
	  0.448	  0.270	  0.852

8 	  47.99	 -11.16	   0.83
	  0.987	 -0.105	 -0.120
	 -0.148	 -0.884	 -0.444
	 -0.059	  0.456	 -0.888

9 	  60.17	  -8.54	  -7.07
	  0.991	  0.038	 -0.125
	 -0.043	  0.998	 -0.032
	  0.123	  0.037	  0.992

2 	  32.70	  -6.61	  22.97
	  0.109	  0.993	 -0.033
	 -0.994	  0.108	 -0.003
	  0.001	  0.033	  0.999

3 	  43.96	  -0.74	   0.33
	 -0.250	  0.014	 -0.968
	 -0.049	 -0.999	 -0.002
	 -0.967	  0.046	  0.250

4 	  37.51	   5.08	  -5.85
	  0.616	  0.662	 -0.427
	 -0.405	  0.730	  0.550
	  0.676	 -0.167	  0.718

5 	  46.23	  10.85	   2.46
	  0.874	  0.215	  0.436
	 -0.181	 -0.689	  0.702
	  0.451	 -0.692	 -0.563

6 	  56.78	  10.00	   6.29
	  0.860	  0.004	  0.510
	  0.224	  0.896	 -0.385
	 -0.459	  0.445	  0.769

7 	  37.39	  -7.42	  -4.50
	  0.630	 -0.762	 -0.150
	  0.606	  0.604	 -0.518
	  0.485	  0.235	  0.842

8 	  48.02	 -11.29	  -0.39
	  0.973	 -0.105	 -0.207
	 -0.192	 -0.864	 -0.466
	 -0.130	  0.493	 -0.860

9 	  60.01	  -8.58	  -8.75
	  0.979	  0.036	 -0.201
	 -0.038	  0.999	 -0.006
	  0.200	  0.013	  0.979

2 	  32.70	  -6.61	  22.97
	  0.108	  0.993	 -0.034
	 -0.994	  0.108	 -0.003
	  0.001	  0.033	  0.999

3 	  43.93	  -0.77	   0.26
	 -0.256	  0.014	 -0.967
	 -0.054	 -0.998	 -0.000
	 -0.965	  0.052	  0.256

4 	  37.46	   5.04	  -5.92
	  0.614	  0.658	 -0.436
	 -0.397	  0.734	  0.550
	  0.682	 -0.165	  0.712

5 	  46.34	  10.88	   2.16
	  0.883	  0.217	  0.415
	 -0.169	 -0.678	  0.715
	  0.437	 -0.702	 -0.563

6 	  56.94	   9.81	   5.59
	  0.874	 -0.006	  0.486
	  0.227	  0.889	 -0.397
	 -0.430	  0.457	  0.778

7 	  37.23	  -7.24	  -4.64
	  0.621	 -0.755	 -0.210
	  0.587	  0.626	 -0.514
	  0.519	  0.197	  0.832

8 	  48.01	 -11.34	  -1.63
	  0.952	 -0.106	 -0.288
	 -0.241	 -0.839	 -0.488
	 -0.190	  0.534	 -0.824

9 	  59.59	  -8.23	 -10.56
	  0.958	  0.047	 -0.281
	 -0.038	  0.998	  0.041
	  0.282	 -0.029	  0.959

2 	  32.70	  -6.61	  22.97
	  0.109	  0.993	 -0.033
	 -0.994	  0.108	 -0.003
	  0.001	  0.033	  0.999

3 	  43.91	  -0.81	   0.19
	 -0.261	  0.015	 -0.965
	 -0.057	 -0.998	  0.000
	 -0.964	  0.055	  0.261

4 	  37.37	   4.96	  -5.98
	  0.611	  0.653	 -0.447
	 -0.388	  0.739	  0.550
	  0.690	 -0.163	  0.705

5 	  46.39	  10.86	   1.92
	  0.891	  0.217	  0.399
	 -0.161	 -0.670	  0.724
	  0.425	 -0.710	 -0.562

6 	  57.06	   9.81	   5.19
	  0.882	 -0.010	  0.471
	  0.226	  0.886	 -0.405
	 -0.414	  0.463	  0.784

7 	  37.04	  -7.12	  -4.80
	  0.608	 -0.747	 -0.269
	  0.567	  0.646	 -0.512
	  0.555	  0.159	  0.816

8 	  47.78	 -11.50	  -2.83
	  0.924	 -0.111	 -0.365
	 -0.297	 -0.811	 -0.504
	 -0.240	  0.574	 -0.782

9 	  59.04	  -8.28	 -11.97
	  0.939	  0.046	 -0.341
	 -0.022	  0.997	  0.074
	  0.343	 -0.063	  0.937

2 	  32.70	  -6.61	  22.97
	  0.109	  0.993	 -0.033
	 -0.994	  0.109	 -0.003
	  0.001	  0.033	  0.999

3 	  43.88	  -0.83	   0.12
	 -0.265	  0.015	 -0.964
	 -0.062	 -0.998	  0.001
	 -0.962	  0.060	  0.265

4 	  37.30	   4.83	  -6.08
	  0.606	  0.648	 -0.462
	 -0.381	  0.745	  0.547
	  0.698	 -0.156	  0.698

5 	  46.46	  10.85	   1.58
	  0.899	  0.220	  0.378
	 -0.148	 -0.660	  0.737
	  0.412	 -0.719	 -0.560

6 	  57.18	   9.74	   4.64
	  0.891	 -0.013	  0.454
	  0.226	  0.880	 -0.418
	 -0.394	  0.474	  0.787

7 	  36.90	  -7.00	  -4.87
	  0.591	 -0.735	 -0.332
	  0.547	  0.668	 -0.505
	  0.593	  0.117	  0.797

8 	  47.55	 -11.53	  -3.99
	  0.892	 -0.109	 -0.438
	 -0.348	 -0.783	 -0.516
	 -0.286	  0.613	 -0.737

9 	  58.41	  -8.03	 -13.31
	  0.915	  0.048	 -0.400
	 -0.007	  0.994	  0.104
	  0.402	 -0.093	  0.911

2 	  32.68	  -6.63	  22.97
	  0.109	  0.993	 -0.033
	 -0.994	  0.109	 -0.003
	  0.000	  0.033	  0.999

3 	  43.84	  -0.86	   0.05
	 -0.270	  0.016	 -0.963
	 -0.067	 -0.998	  0.002
	 -0.960	  0.065	  0.271

4 	  37.23	   4.73	  -6.15
	  0.602	  0.644	 -0.473
	 -0.376	  0.750	  0.543
	  0.705	 -0.150	  0.693

5 	  46.49	  10.85	   1.21
	  0.908	  0.224	  0.353
	 -0.131	 -0.649	  0.749
	  0.397	 -0.727	 -0.560

6 	  57.29	   9.63	   3.99
	  0.901	 -0.016	  0.432
	  0.224	  0.872	 -0.435
	 -0.370	  0.489	  0.790

7 	  36.72	  -6.87	  -4.97
	  0.572	 -0.724	 -0.386
	  0.531	  0.685	 -0.499
	  0.625	  0.080	  0.776

8 	  47.16	 -11.67	  -5.15
	  0.855	 -0.109	 -0.506
	 -0.405	 -0.750	 -0.523
	 -0.323	  0.652	 -0.686

9 	  57.48	  -7.86	 -14.73
	  0.886	  0.051	 -0.460
	  0.015	  0.990	  0.140
	  0.463	 -0.131	  0.876

2 	  32.70	  -6.61	  22.97
	  0.109	  0.993	 -0.033
	 -0.994	  0.109	 -0.003
	  0.000	  0.033	  0.999

3 	  43.79	  -0.91	  -0.02
	 -0.274	  0.022	 -0.961
	 -0.074	 -0.997	 -0.001
	 -0.959	  0.071	  0.275

4 	  37.20	   4.64	  -6.19
	  0.599	  0.639	 -0.483
	 -0.372	  0.756	  0.539
	  0.709	 -0.143	  0.690

5 	  46.58	  10.88	   0.77
	  0.918	  0.230	  0.323
	 -0.109	 -0.636	  0.764
	  0.381	 -0.736	 -0.559

6 	  57.39	   9.62	   3.27
	  0.912	 -0.015	  0.410
	  0.216	  0.866	 -0.450
	 -0.348	  0.499	  0.793

7 	  36.54	  -6.73	  -5.06
	  0.552	 -0.711	 -0.436
	  0.514	  0.701	 -0.494
	  0.656	  0.049	  0.752

8 	  46.86	 -11.51	  -6.22
	  0.816	 -0.096	 -0.569
	 -0.451	 -0.721	 -0.526
	 -0.360	  0.686	 -0.632

9 	  56.71	  -7.51	 -15.82
	  0.857	  0.059	 -0.511
	  0.032	  0.985	  0.167
	  0.513	 -0.160	  0.843

2 	  32.70	  -6.61	  22.97
	  0.109	  0.993	 -0.033
	 -0.994	  0.109	 -0.003
	  0.000	  0.033	  0.999

3 	  43.75	  -0.95	  -0.07
	 -0.278	  0.023	 -0.960
	 -0.078	 -0.997	 -0.002
	 -0.957	  0.075	  0.279

4 	  37.04	   4.52	  -6.31
	  0.592	  0.629	 -0.504
	 -0.358	  0.765	  0.534
	  0.722	 -0.136	  0.678

5 	  46.56	  10.86	   0.49
	  0.923	  0.233	  0.307
	 -0.099	 -0.626	  0.773
	  0.372	 -0.744	 -0.555

6 	  57.41	   9.60	   2.78
	  0.919	 -0.015	  0.394
	  0.212	  0.862	 -0.461
	 -0.333	  0.507	  0.795

7 	  36.37	  -6.68	  -5.12
	  0.530	 -0.703	 -0.474
	  0.501	  0.711	 -0.494
	  0.684	  0.024	  0.729

8 	  46.35	 -11.51	  -7.24
	  0.772	 -0.085	 -0.630
	 -0.500	 -0.692	 -0.520
	 -0.392	  0.716	 -0.577

9 	  55.71	  -7.22	 -16.82
	  0.823	  0.075	 -0.563
	  0.050	  0.977	  0.204
	  0.565	 -0.197	  0.801

2 	  32.68	  -6.61	  22.99
	  0.109	  0.993	 -0.033
	 -0.994	  0.108	 -0.003
	  0.000	  0.033	  0.999

3 	  43.68	  -1.00	  -0.19
	 -0.285	  0.024	 -0.958
	 -0.081	 -0.997	 -0.001
	 -0.955	  0.077	  0.286

4 	  36.88	   4.38	  -6.38
	  0.585	  0.629	 -0.513
	 -0.358	  0.767	  0.532
	  0.728	 -0.128	  0.674

5 	  46.46	  10.83	   0.30
	  0.923	  0.237	  0.302
	 -0.096	 -0.620	  0.779
	  0.372	 -0.748	 -0.549

6 	  57.38	   9.56	   2.57
	  0.920	 -0.016	  0.390
	  0.212	  0.859	 -0.465
	 -0.328	  0.511	  0.794

7 	  36.18	  -6.57	  -5.19
	  0.509	 -0.692	 -0.512
	  0.487	  0.722	 -0.491
	  0.709	  0.000	  0.705

8 	  45.88	 -11.37	  -8.12
	  0.731	 -0.071	 -0.678
	 -0.543	 -0.663	 -0.516
	 -0.413	  0.745	 -0.523

9 	  54.65	  -6.94	 -17.56
	  0.794	  0.083	 -0.602
	  0.074	  0.970	  0.232
	  0.603	 -0.229	  0.764

2 	  32.70	  -6.61	  22.97
	  0.109	  0.993	 -0.033
	 -0.994	  0.109	 -0.003
	  0.000	  0.033	  0.999

3 	  43.61	  -1.00	  -0.32
	 -0.295	  0.028	 -0.955
	 -0.088	 -0.996	 -0.002
	 -0.951	  0.083	  0.296

4 	  36.79	   4.32	  -6.45
	  0.579	  0.626	 -0.522
	 -0.355	  0.770	  0.531
	  0.734	 -0.123	  0.668

5 	  46.39	  10.85	   0.12
	  0.925	  0.241	  0.295
	 -0.091	 -0.613	  0.784
	  0.370	 -0.752	 -0.546

6 	  57.32	   9.56	   2.25
	  0.923	 -0.017	  0.384
	  0.212	  0.854	 -0.475
	 -0.320	  0.520	  0.792

7 	  36.02	  -6.47	  -5.22
	  0.488	 -0.689	 -0.535
	  0.484	  0.724	 -0.491
	  0.726	 -0.020	  0.687

8 	  45.44	 -11.34	  -8.77
	  0.698	 -0.062	 -0.713
	 -0.579	 -0.635	 -0.512
	 -0.421	  0.770	 -0.480

9 	  53.93	  -6.68	 -17.96
	  0.773	  0.098	 -0.627
	  0.085	  0.963	  0.255
	  0.628	 -0.251	  0.736

2 	  32.68	  -6.63	  22.99
	  0.109	  0.993	 -0.033
	 -0.994	  0.109	 -0.003
	  0.000	  0.033	  0.999

3 	  43.54	  -0.98	  -0.39
	 -0.299	  0.028	 -0.954
	 -0.092	 -0.996	 -0.001
	 -0.950	  0.088	  0.300

4 	  36.70	   4.29	  -6.49
	  0.575	  0.622	 -0.531
	 -0.350	  0.774	  0.528
	  0.739	 -0.118	  0.663

5 	  46.37	  10.85	  -0.09
	  0.928	  0.243	  0.282
	 -0.082	 -0.606	  0.791
	  0.363	 -0.757	 -0.543

6 	  57.32	   9.54	   1.92
	  0.927	 -0.017	  0.373
	  0.209	  0.851	 -0.482
	 -0.310	  0.525	  0.793

7 	  35.91	  -6.40	  -5.27
	  0.474	 -0.684	 -0.555
	  0.476	  0.729	 -0.492
	  0.741	 -0.031	  0.671

8 	  45.12	 -11.23	  -9.25
	  0.671	 -0.054	 -0.740
	 -0.605	 -0.617	 -0.504
	 -0.429	  0.785	 -0.447

9 	  53.21	  -6.61	 -18.46
	  0.751	  0.104	 -0.651
	  0.101	  0.957	  0.270
	  0.651	 -0.270	  0.709

2 	  32.70	  -6.61	  22.97
	  0.109	  0.993	 -0.033
	 -0.994	  0.109	 -0.003
	  0.000	  0.033	  0.999

3 	  43.51	  -1.00	  -0.44
	 -0.304	  0.033	 -0.952
	 -0.098	 -0.995	 -0.003
	 -0.948	  0.092	  0.306

4 	  36.65	   4.22	  -6.52
	  0.571	  0.621	 -0.537
	 -0.348	  0.775	  0.527
	  0.743	 -0.114	  0.659

5 	  46.35	  10.81	  -0.23
	  0.930	  0.245	  0.275
	 -0.077	 -0.601	  0.795
	  0.360	 -0.760	 -0.540

6 	  57.29	   9.53	   1.69
	  0.930	 -0.015	  0.366
	  0.206	  0.848	 -0.489
	 -0.303	  0.530	  0.792

7 	  35.86	  -6.35	  -5.33
	  0.461	 -0.676	 -0.575
	  0.468	  0.735	 -0.490
	  0.754	 -0.043	  0.655

8 	  44.72	 -11.20	  -9.84
	  0.633	 -0.048	 -0.773
	 -0.640	 -0.595	 -0.487
	 -0.437	  0.802	 -0.407

9 	  52.35	  -6.43	 -18.98
	  0.722	  0.113	 -0.682
	  0.116	  0.952	  0.281
	  0.682	 -0.283	  0.674

2 	  32.70	  -6.61	  22.97
	  0.109	  0.993	 -0.033
	 -0.994	  0.109	 -0.003
	  0.000	  0.033	  0.999

3 	  43.51	  -1.04	  -0.51
	 -0.307	  0.039	 -0.951
	 -0.105	 -0.994	 -0.008
	 -0.946	  0.098	  0.309

4 	  36.67	   4.18	  -6.57
	  0.570	  0.621	 -0.538
	 -0.350	  0.776	  0.525
	  0.743	 -0.111	  0.659

5 	  46.34	  10.83	  -0.30
	  0.929	  0.248	  0.272
	 -0.074	 -0.597	  0.798
	  0.361	 -0.762	 -0.537

6 	  57.30	   9.56	   1.58
	  0.931	 -0.013	  0.364
	  0.204	  0.846	 -0.493
	 -0.301	  0.533	  0.791

7 	  35.82	  -6.24	  -5.41
	  0.442	 -0.667	 -0.600
	  0.460	  0.743	 -0.486
	  0.770	 -0.061	  0.635

8 	  44.21	 -11.07	 -10.60
	  0.579	 -0.038	 -0.815
	 -0.677	 -0.579	 -0.454
	 -0.454	  0.814	 -0.361

9 	  51.12	  -6.31	 -19.76
	  0.676	  0.120	 -0.727
	  0.129	  0.951	  0.278
	  0.725	 -0.282	  0.628

2 	  32.70	  -6.61	  22.99
	  0.109	  0.993	 -0.033
	 -0.994	  0.108	 -0.003
	  0.000	  0.033	  0.999

3 	  43.54	  -1.02	  -0.54
	 -0.306	  0.051	 -0.951
	 -0.114	 -0.993	 -0.017
	 -0.945	  0.103	  0.310

4 	  36.69	   4.17	  -6.59
	  0.568	  0.622	 -0.539
	 -0.352	  0.775	  0.524
	  0.744	 -0.108	  0.660

5 	  46.32	  10.90	  -0.37
	  0.930	  0.253	  0.267
	 -0.069	 -0.595	  0.801
	  0.361	 -0.763	 -0.536

6 	  57.29	   9.63	   1.49
	  0.932	 -0.011	  0.361
	  0.201	  0.846	 -0.494
	 -0.300	  0.533	  0.791

7 	  35.72	  -6.03	  -5.48
	  0.415	 -0.659	 -0.627
	  0.451	  0.748	 -0.487
	  0.790	 -0.081	  0.607

8 	  43.66	 -11.00	 -11.20
	  0.529	 -0.037	 -0.848
	 -0.714	 -0.559	 -0.421
	 -0.458	  0.828	 -0.323

9 	  50.03	  -6.26	 -20.30
	  0.637	  0.124	 -0.761
	  0.144	  0.950	  0.275
	  0.757	 -0.285	  0.588

2 	  32.70	  -6.61	  22.99
	  0.109	  0.993	 -0.033
	 -0.994	  0.109	 -0.003
	  0.000	  0.033	  0.999

3 	  43.52	  -0.95	  -0.58
	 -0.310	  0.060	 -0.949
	 -0.118	 -0.993	 -0.025
	 -0.943	  0.104	  0.315

4 	  36.67	   4.18	  -6.59
	  0.565	  0.622	 -0.541
	 -0.352	  0.775	  0.524
	  0.746	 -0.106	  0.657

5 	  46.32	  10.99	  -0.60
	  0.932	  0.259	  0.252
	 -0.055	 -0.587	  0.807
	  0.357	 -0.767	 -0.534

6 	  57.27	   9.69	   1.32
	  0.935	 -0.008	  0.354
	  0.195	  0.846	 -0.497
	 -0.296	  0.533	  0.792

7 	  35.49	  -5.89	  -5.52
	  0.381	 -0.656	 -0.651
	  0.453	  0.747	 -0.487
	  0.806	 -0.109	  0.582

8 	  42.98	 -11.00	 -11.62
	  0.489	 -0.044	 -0.871
	 -0.747	 -0.537	 -0.393
	 -0.451	  0.842	 -0.295

9 	  48.90	  -6.26	 -20.71
	  0.604	  0.119	 -0.788
	  0.165	  0.949	  0.269
	  0.779	 -0.293	  0.554

2 	  32.70	  -6.61	  22.99
	  0.109	  0.993	 -0.033
	 -0.994	  0.108	 -0.003
	  0.000	  0.033	  0.999

3 	  43.45	  -0.93	  -0.69
	 -0.316	  0.071	 -0.946
	 -0.125	 -0.992	 -0.033
	 -0.940	  0.107	  0.322

4 	  36.54	   4.22	  -6.61
	  0.555	  0.626	 -0.547
	 -0.351	  0.773	  0.529
	  0.754	 -0.102	  0.649

5 	  46.28	  11.02	  -0.65
	  0.933	  0.261	  0.246
	 -0.049	 -0.587	  0.808
	  0.355	 -0.766	 -0.535

6 	  57.23	   9.83	   1.04
	  0.939	 -0.003	  0.343
	  0.184	  0.847	 -0.498
	 -0.289	  0.531	  0.797

7 	  35.30	  -5.75	  -5.54
	  0.354	 -0.652	 -0.670
	  0.455	  0.746	 -0.486
	  0.817	 -0.133	  0.561

8 	  42.45	 -10.97	 -11.92
	  0.454	 -0.047	 -0.890
	 -0.771	 -0.521	 -0.365
	 -0.447	  0.852	 -0.273

9 	  47.94	  -6.22	 -21.04
	  0.574	  0.116	 -0.810
	  0.177	  0.948	  0.262
	  0.799	 -0.294	  0.524

2 	  32.68	  -6.61	  22.99
	  0.109	  0.993	 -0.033
	 -0.994	  0.109	 -0.003
	  0.001	  0.033	  0.999

3 	  43.38	  -0.91	  -0.72
	 -0.324	  0.082	 -0.942
	 -0.130	 -0.991	 -0.042
	 -0.937	  0.108	  0.332

4 	  36.47	   4.24	  -6.61
	  0.552	  0.627	 -0.549
	 -0.349	  0.772	  0.531
	  0.757	 -0.102	  0.645

5 	  46.21	  11.06	  -0.74
	  0.934	  0.265	  0.238
	 -0.040	 -0.587	  0.808
	  0.354	 -0.765	 -0.538

6 	  57.20	   9.86	   0.84
	  0.942	 -0.001	  0.335
	  0.179	  0.848	 -0.499
	 -0.284	  0.530	  0.799

7 	  35.21	  -5.66	  -5.59
	  0.335	 -0.648	 -0.683
	  0.452	  0.747	 -0.487
	  0.826	 -0.145	  0.544

8 	  42.01	 -10.99	 -12.22
	  0.420	 -0.051	 -0.906
	 -0.792	 -0.509	 -0.338
	 -0.444	  0.859	 -0.254

9 	  47.09	  -6.29	 -21.36
	  0.546	  0.110	 -0.830
	  0.188	  0.950	  0.250
	  0.816	 -0.292	  0.498

2 	  32.70	  -6.61	  22.97
	  0.109	  0.993	 -0.033
	 -0.994	  0.109	 -0.003
	  0.001	  0.033	  0.999

3 	  43.37	  -0.91	  -0.81
	 -0.329	  0.090	 -0.940
	 -0.135	 -0.990	 -0.048
	 -0.935	  0.111	  0.337

4 	  36.40	   4.18	  -6.63
	  0.546	  0.628	 -0.554
	 -0.348	  0.772	  0.532
	  0.762	 -0.098	  0.640

5 	  46.20	  11.09	  -0.84
	  0.935	  0.269	  0.230
	 -0.031	 -0.587	  0.809
	  0.353	 -0.764	 -0.540

6 	  57.20	   9.97	   0.54
	  0.946	  0.003	  0.324
	  0.169	  0.848	 -0.502
	 -0.277	  0.529	  0.802

7 	  35.14	  -5.59	  -5.61
	  0.321	 -0.642	 -0.696
	  0.444	  0.751	 -0.489
	  0.836	 -0.152	  0.526

8 	  41.64	 -10.99	 -12.52
	  0.383	 -0.052	 -0.922
	 -0.808	 -0.501	 -0.308
	 -0.446	  0.863	 -0.234

9 	  46.30	  -6.40	 -21.66
	  0.514	  0.105	 -0.851
	  0.190	  0.953	  0.233
	  0.836	 -0.282	  0.470

2 	  32.68	  -6.61	  22.99
	  0.109	  0.993	 -0.033
	 -0.994	  0.108	 -0.003
	  0.000	  0.033	  0.999

3 	  43.35	  -0.91	  -0.84
	 -0.331	  0.096	 -0.938
	 -0.141	 -0.989	 -0.052
	 -0.933	  0.115	  0.341

4 	  36.37	   4.15	  -6.66
	  0.538	  0.629	 -0.561
	 -0.350	  0.772	  0.531
	  0.767	 -0.089	  0.635

5 	  46.12	  11.14	  -0.98
	  0.935	  0.275	  0.221
	 -0.021	 -0.583	  0.812
	  0.352	 -0.765	 -0.539

6 	  57.18	  10.05	   0.39
	  0.948	  0.008	  0.319
	  0.163	  0.847	 -0.505
	 -0.274	  0.530	  0.802

7 	  35.05	  -5.59	  -5.64
	  0.306	 -0.637	 -0.707
	  0.428	  0.755	 -0.496
	  0.850	 -0.151	  0.504

8 	  41.29	 -11.02	 -12.76
	  0.352	 -0.053	 -0.934
	 -0.821	 -0.497	 -0.281
	 -0.449	  0.866	 -0.218

9 	  45.53	  -6.45	 -21.90
	  0.485	  0.100	 -0.868
	  0.188	  0.958	  0.216
	  0.853	 -0.269	  0.446

2 	  32.70	  -6.63	  22.97
	  0.109	  0.993	 -0.033
	 -0.994	  0.109	 -0.003
	  0.001	  0.033	  0.999

3 	  43.33	  -0.93	  -0.97
	 -0.341	  0.106	 -0.934
	 -0.152	 -0.987	 -0.056
	 -0.928	  0.123	  0.352

4 	  36.32	   4.08	  -6.70
	  0.528	  0.630	 -0.569
	 -0.351	  0.772	  0.530
	  0.773	 -0.080	  0.628

5 	  46.07	  11.14	  -1.12
	  0.936	  0.280	  0.212
	 -0.011	 -0.580	  0.814
	  0.351	 -0.765	 -0.540

6 	  57.13	  10.12	   0.09
