2 	  33.05	  -6.89	  22.76
	  0.141	  0.989	 -0.033
	 -0.990	  0.142	  0.002
	  0.007	  0.032	  0.999

3 	  45.60	  -0.40	   1.09
	  0.536	  0.170	  0.827
	 -0.125	  0.984	 -0.122
	 -0.835	 -0.037	  0.548

4 	  41.66	   7.05	  -2.02
	  0.772	  0.614	  0.164
	 -0.601	  0.619	  0.506
	  0.210	 -0.490	  0.846

5 	  43.54	  10.02	  10.16
	  0.565	 -0.011	  0.825
	 -0.659	 -0.608	  0.443
	  0.498	 -0.793	 -0.350

6 	  51.63	   4.92	  11.99
	  0.716	 -0.671	  0.191
	  0.165	  0.423	  0.891
	 -0.683	 -0.607	  0.407

7 	  40.36	  -6.10	  -2.81
	  0.756	 -0.568	 -0.324
	  0.378	  0.783	 -0.493
	  0.535	  0.251	  0.807

8 	  41.99	 -10.07	   8.89
	  0.504	 -0.110	  0.856
	  0.487	 -0.783	 -0.386
	  0.714	  0.611	 -0.341

9 	  51.75	  -4.76	  11.72
	  0.707	  0.693	  0.137
	 -0.301	  0.464	 -0.834
	 -0.646	  0.548	  0.531

2 	  33.05	  -6.89	  22.76
	  0.141	  0.989	 -0.033
	 -0.990	  0.142	  0.002
	  0.007	  0.032	  0.999

3 	  45.54	  -0.40	   1.12
	  0.532	  0.172	  0.828
	 -0.126	  0.984	 -0.124
	 -0.837	 -0.038	  0.545

4 	  41.64	   7.05	  -2.00
	  0.771	  0.614	  0.165
	 -0.602	  0.618	  0.506
	  0.210	 -0.490	  0.846

5 	  43.54	  10.02	  10.18
	  0.566	 -0.011	  0.824
	 -0.659	 -0.607	  0.443
	  0.497	 -0.793	 -0.351

6 	  51.63	   4.92	  12.01
	  0.717	 -0.670	  0.190
	  0.165	  0.423	  0.891
	 -0.682	 -0.608	  0.407

7 	  40.34	  -6.10	  -2.81
	  0.756	 -0.569	 -0.323
	  0.379	  0.783	 -0.493
	  0.534	  0.250	  0.807

8 	  41.99	 -10.07	   8.89
	  0.505	 -0.110	  0.856
	  0.486	 -0.783	 -0.387
	  0.714	  0.610	 -0.342

9 	  51.73	  -4.75	  11.72
	  0.706	  0.694	  0.136
	 -0.302	  0.463	 -0.833
	 -0.646	  0.548	  0.532

2 	  33.05	  -6.89	  22.76
	  0.141	  0.989	 -0.033
	 -0.990	  0.142	  0.001
	  0.006	  0.032	  0.999

3 	  45.53	  -0.40	   1.12
	  0.532	  0.172	  0.829
	 -0.126	  0.984	 -0.124
	 -0.838	 -0.038	  0.545

4 	  41.62	   7.07	  -1.99
	  0.771	  0.615	  0.166
	 -0.603	  0.617	  0.505
	  0.209	 -0.490	  0.846

5 	  43.52	  10.02	  10.20
	  0.566	 -0.012	  0.824
	 -0.659	 -0.608	  0.443
	  0.497	 -0.793	 -0.351

6 	  51.63	   4.92	  12.01
	  0.717	 -0.671	  0.188
	  0.167	  0.422	  0.891
	 -0.681	 -0.608	  0.407

7 	  40.34	  -6.10	  -2.79
	  0.756	 -0.569	 -0.323
	  0.380	  0.783	 -0.493
	  0.534	  0.250	  0.807

8 	  41.98	 -10.07	   8.91
	  0.506	 -0.110	  0.855
	  0.486	 -0.783	 -0.387
	  0.714	  0.611	 -0.342

9 	  51.73	  -4.73	  11.72
	  0.706	  0.695	  0.135
	 -0.304	  0.463	 -0.833
	 -0.646	  0.547	  0.533

2 	  33.05	  -6.89	  22.76
	  0.141	  0.989	 -0.033
	 -0.990	  0.142	  0.001
	  0.006	  0.032	  0.999

3 	  45.53	  -0.40	   1.14
	  0.531	  0.172	  0.829
	 -0.127	  0.984	 -0.125
	 -0.838	 -0.039	  0.544

4 	  41.62	   7.05	  -1.99
	  0.771	  0.615	  0.165
	 -0.602	  0.617	  0.506
	  0.209	 -0.490	  0.846

5 	  43.52	  10.02	  10.21
	  0.566	 -0.012	  0.824
	 -0.659	 -0.608	  0.443
	  0.497	 -0.793	 -0.351

6 	  51.63	   4.92	  11.99
	  0.718	 -0.670	  0.186
	  0.168	  0.422	  0.891
	 -0.680	 -0.609	  0.409

7 	  40.34	  -6.08	  -2.79
	  0.756	 -0.570	 -0.323
	  0.381	  0.782	 -0.493
	  0.534	  0.250	  0.807

8 	  41.98	 -10.05	   8.91
	  0.506	 -0.110	  0.855
	  0.486	 -0.783	 -0.387
	  0.714	  0.611	 -0.343

9 	  51.73	  -4.73	  11.72
	  0.705	  0.695	  0.135
	 -0.305	  0.463	 -0.833
	 -0.646	  0.547	  0.533

2 	  33.05	  -6.89	  22.76
	  0.141	  0.989	 -0.033
	 -0.990	  0.142	  0.002
	  0.007	  0.032	  0.999

3 	  45.53	  -0.40	   1.14
	  0.531	  0.172	  0.829
	 -0.126	  0.984	 -0.125
	 -0.838	 -0.038	  0.544

4 	  41.62	   7.05	  -1.99
	  0.770	  0.615	  0.167
	 -0.603	  0.617	  0.505
	  0.208	 -0.490	  0.846

5 	  43.51	  10.02	  10.21
	  0.566	 -0.011	  0.824
	 -0.659	 -0.608	  0.443
	  0.498	 -0.793	 -0.351

6 	  51.63	   4.92	  11.99
	  0.718	 -0.670	  0.186
	  0.169	  0.422	  0.890
	 -0.680	 -0.608	  0.409

7 	  40.34	  -6.08	  -2.81
	  0.755	 -0.570	 -0.323
	  0.381	  0.782	 -0.492
	  0.534	  0.249	  0.808

8 	  41.98	 -10.05	   8.91
	  0.505	 -0.110	  0.855
	  0.487	 -0.783	 -0.387
	  0.714	  0.611	 -0.342

9 	  51.71	  -4.73	  11.72
	  0.705	  0.695	  0.135
	 -0.305	  0.463	 -0.833
	 -0.646	  0.547	  0.533

2 	  33.05	  -6.89	  22.78
	  0.141	  0.989	 -0.033
	 -0.990	  0.142	  0.002
	  0.007	  0.032	  0.999

3 	  45.53	  -0.40	   1.14
	  0.531	  0.172	  0.830
	 -0.126	  0.984	 -0.125
	 -0.838	 -0.038	  0.544

4 	  41.62	   7.05	  -1.99
	  0.771	  0.615	  0.167
	 -0.603	  0.617	  0.505
	  0.208	 -0.490	  0.846

5 	  43.51	  10.02	  10.21
	  0.566	 -0.011	  0.824
	 -0.659	 -0.608	  0.443
	  0.498	 -0.793	 -0.351

6 	  51.63	   4.92	  11.99
	  0.718	 -0.671	  0.185
	  0.170	  0.422	  0.890
	 -0.680	 -0.608	  0.410

7 	  40.34	  -6.08	  -2.81
	  0.755	 -0.570	 -0.323
	  0.381	  0.782	 -0.492
	  0.534	  0.249	  0.807

8 	  41.98	 -10.05	   8.91
	  0.506	 -0.110	  0.855
	  0.486	 -0.783	 -0.387
	  0.714	  0.611	 -0.342

9 	  51.71	  -4.75	  11.72
	  0.706	  0.694	  0.135
	 -0.305	  0.464	 -0.832
	 -0.645	  0.546	  0.534

2 	  33.05	  -6.89	  22.76
	  0.142	  0.989	 -0.033
	 -0.990	  0.142	  0.001
	  0.006	  0.032	  0.999

3 	  45.53	  -0.40	   1.14
	  0.531	  0.172	  0.830
	 -0.125	  0.984	 -0.125
	 -0.839	 -0.037	  0.543

4 	  41.62	   7.07	  -1.99
	  0.770	  0.615	  0.167
	 -0.603	  0.617	  0.505
	  0.208	 -0.490	  0.846

5 	  43.52	  10.02	  10.20
	  0.566	 -0.007	  0.824
	 -0.657	 -0.607	  0.446
	  0.499	 -0.793	 -0.348

6 	  51.80	   5.20	  11.94
	  0.722	 -0.671	  0.168
	  0.128	  0.363	  0.923
	 -0.684	 -0.645	  0.342

7 	  40.34	  -6.12	  -2.79
	  0.751	 -0.566	 -0.339
	  0.382	  0.792	 -0.476
	  0.539	  0.229	  0.811

8 	  41.98	 -10.32	   8.58
	  0.490	 -0.159	  0.856
	  0.494	 -0.760	 -0.423
	  0.719	  0.629	 -0.294

9 	  51.66	  -5.12	  11.30
	  0.707	  0.697	  0.113
	 -0.270	  0.407	 -0.873
	 -0.659	  0.587	  0.470

2 	  33.05	  -6.89	  22.76
	  0.141	  0.989	 -0.033
	 -0.990	  0.142	  0.002
	  0.007	  0.032	  0.999

3 	  45.51	  -0.42	   1.11
	  0.526	  0.172	  0.832
	 -0.131	  0.984	 -0.122
	 -0.840	 -0.045	  0.540

4 	  41.29	   6.77	  -2.29
	  0.763	  0.635	  0.121
	 -0.609	  0.641	  0.466
	  0.220	 -0.430	  0.876

5 	  44.44	  10.90	   8.88
	  0.718	  0.155	  0.678
	 -0.481	 -0.595	  0.644
	  0.505	 -0.788	 -0.353

6 	  51.98	   5.71	   6.56
	  0.597	 -0.769	 -0.228
	  0.675	  0.324	  0.662
	 -0.441	 -0.547	  0.712

7 	  39.94	  -5.84	  -3.13
	  0.714	 -0.545	 -0.439
	  0.384	  0.829	 -0.406
	  0.586	  0.122	  0.801

8 	  42.56	 -11.79	   6.79
	  0.640	 -0.379	  0.668
	  0.271	 -0.703	 -0.658
	  0.719	  0.601	 -0.347

9 	  50.84	  -6.13	   3.09
	  0.597	  0.776	 -0.203
	 -0.801	  0.562	 -0.205
	 -0.045	  0.285	  0.957

2 	  33.05	  -6.89	  22.76
	  0.141	  0.989	 -0.033
	 -0.990	  0.142	  0.002
	  0.007	  0.032	  0.999

3 	  45.21	  -0.51	   0.86
	  0.547	  0.167	  0.820
	 -0.128	  0.985	 -0.117
	 -0.827	 -0.040	  0.560

4 	  40.54	   6.08	  -3.22
	  0.719	  0.694	 -0.029
	 -0.641	  0.678	  0.359
	  0.270	 -0.240	  0.932

5 	  45.63	  12.45	   4.99
	  0.874	  0.304	  0.378
	 -0.261	 -0.364	  0.894
	  0.410	 -0.880	 -0.239

6 	  50.45	   5.48	   0.88
	  0.202	 -0.945	 -0.258
	  0.970	  0.156	  0.186
	 -0.136	 -0.288	  0.948

7 	  39.73	  -5.43	  -3.60
	  0.692	 -0.485	 -0.535
	  0.360	  0.874	 -0.327
	  0.626	  0.034	  0.779

8 	  43.21	 -12.73	   4.61
	  0.717	 -0.471	  0.513
	  0.213	 -0.554	 -0.805
	  0.664	  0.686	 -0.298

9 	  50.19	  -5.84	   0.07
	  0.389	  0.893	 -0.224
	 -0.911	  0.335	 -0.242
	 -0.142	  0.297	  0.944

2 	  33.05	  -6.89	  22.76
	  0.141	  0.989	 -0.033
	 -0.990	  0.142	  0.002
	  0.007	  0.032	  0.999

3 	  45.16	  -0.47	   0.72
	  0.549	  0.173	  0.817
	 -0.135	  0.984	 -0.119
	 -0.825	 -0.045	  0.564

4 	  40.36	   5.71	  -3.73
	  0.707	  0.695	 -0.132
	 -0.642	  0.708	  0.292
	  0.297	 -0.122	  0.947

5 	  46.34	  13.13	   2.00
	  0.917	  0.344	  0.202
	 -0.172	 -0.115	  0.978
	  0.360	 -0.932	 -0.047

6 	  50.04	   4.94	  -0.49
	  0.044	 -0.997	 -0.070
	  0.991	  0.035	  0.125
	 -0.123	 -0.075	  0.989

7 	  39.67	  -5.20	  -3.85
	  0.671	 -0.455	 -0.585
	  0.361	  0.890	 -0.279
	  0.648	 -0.024	  0.761

8 	  43.44	 -13.17	   3.53
	  0.736	 -0.508	  0.446
	  0.198	 -0.470	 -0.860
	  0.647	  0.721	 -0.246

9 	  49.94	  -5.80	  -0.35
	  0.328	  0.924	 -0.195
	 -0.921	  0.266	 -0.284
	 -0.212	  0.271	  0.939

2 	  33.05	  -6.89	  22.76
	  0.141	  0.989	 -0.033
	 -0.990	  0.142	  0.002
	  0.007	  0.032	  0.999

3 	  45.18	  -0.56	   0.54
	  0.551	  0.167	  0.817
	 -0.122	  0.985	 -0.119
	 -0.825	 -0.034	  0.563

4 	  40.31	   5.50	  -3.96
	  0.701	  0.692	 -0.169
	 -0.647	  0.717	  0.258
	  0.301	 -0.072	  0.951

5 	  46.56	  12.97	   1.49
	  0.925	  0.343	  0.161
	 -0.136	 -0.095	  0.986
	  0.353	 -0.934	 -0.042

6 	  50.12	   4.59	  -0.81
	  0.034	 -0.999	 -0.042
	  0.994	  0.029	  0.103
	 -0.102	 -0.046	  0.994

7 	  39.57	  -5.01	  -3.99
	  0.662	 -0.453	 -0.597
	  0.384	  0.889	 -0.251
	  0.645	 -0.063	  0.761

8 	  43.61	 -13.18	   2.92
	  0.756	 -0.510	  0.410
	  0.197	 -0.420	 -0.886
	  0.624	  0.750	 -0.218

9 	  49.83	  -5.31	  -0.49
	  0.296	  0.946	 -0.127
	 -0.935	  0.259	 -0.242
	 -0.197	  0.189	  0.962

2 	  33.06	  -6.89	  22.78
	  0.141	  0.989	 -0.033
	 -0.990	  0.142	  0.002
	  0.007	  0.032	  0.999

3 	  45.14	  -0.54	   0.51
	  0.544	  0.163	  0.823
	 -0.112	  0.986	 -0.122
	 -0.832	 -0.025	  0.555

4 	  40.29	   5.45	  -4.11
	  0.696	  0.694	 -0.186
	 -0.653	  0.718	  0.242
	  0.302	 -0.048	  0.952

5 	  46.51	  13.01	   1.18
	  0.921	  0.353	  0.165
	 -0.151	 -0.068	  0.986
	  0.359	 -0.933	 -0.010

6 	  50.15	   4.54	  -0.70
	  0.043	 -0.999	 -0.005
	  0.992	  0.043	  0.121
	 -0.121	 -0.010	  0.992

7 	  39.57	  -4.90	  -4.04
	  0.663	 -0.444	 -0.602
	  0.388	  0.892	 -0.232
	  0.641	 -0.079	  0.763

8 	  43.68	 -13.24	   2.69
	  0.759	 -0.507	  0.408
	  0.221	 -0.390	 -0.894
	  0.613	  0.768	 -0.185

9 	  49.78	  -5.10	  -0.37
	  0.278	  0.955	 -0.102
	 -0.940	  0.248	 -0.234
	 -0.199	  0.160	  0.967

2 	  33.06	  -6.89	  22.78
	  0.141	  0.989	 -0.033
	 -0.990	  0.142	  0.002
	  0.007	  0.032	  0.999

3 	  45.07	  -0.54	   0.53
	  0.529	  0.165	  0.832
	 -0.104	  0.986	 -0.130
	 -0.843	 -0.018	  0.538

4 	  40.29	   5.41	  -4.22
	  0.692	  0.695	 -0.193
	 -0.655	  0.717	  0.236
	  0.304	 -0.037	  0.952

5 	  46.48	  13.03	   0.95
	  0.917	  0.359	  0.173
	 -0.170	 -0.042	  0.984
	  0.360	 -0.932	  0.022

6 	  50.15	   4.54	  -0.60
	  0.043	 -0.999	  0.029
	  0.990	  0.046	  0.133
	 -0.134	  0.022	  0.990

7 	  39.45	  -4.73	  -4.18
	  0.660	 -0.443	 -0.606
	  0.412	  0.888	 -0.203
	  0.629	 -0.115	  0.768

8 	  43.66	 -13.27	   2.18
	  0.764	 -0.518	  0.384
	  0.229	 -0.339	 -0.912
	  0.603	  0.785	 -0.141

9 	  49.73	  -4.94	  -0.35
	  0.265	  0.963	 -0.052
	 -0.943	  0.247	 -0.222
	 -0.202	  0.107	  0.974

2 	  33.05	  -6.89	  22.76
	  0.142	  0.989	 -0.033
	 -0.990	  0.142	  0.001
	  0.006	  0.032	  0.999

3 	  45.00	  -0.56	   0.53
	  0.523	  0.165	  0.836
	 -0.101	  0.986	 -0.133
	 -0.846	 -0.015	  0.532

4 	  40.29	   5.40	  -4.32
	  0.697	  0.688	 -0.198
	 -0.648	  0.723	  0.239
	  0.309	 -0.039	  0.950

5 	  46.51	  13.01	   0.97
	  0.917	  0.358	  0.174
	 -0.168	 -0.049	  0.984
	  0.361	 -0.932	  0.015

6 	  50.20	   4.46	  -0.65
	  0.045	 -0.999	  0.030
	  0.991	  0.048	  0.126
	 -0.128	  0.024	  0.991

7 	  39.22	  -4.71	  -4.17
	  0.648	 -0.446	 -0.617
	  0.418	  0.885	 -0.202
	  0.637	 -0.127	  0.760

8 	  43.66	 -13.27	   2.00
	  0.777	 -0.524	  0.348
	  0.188	 -0.336	 -0.923
	  0.601	  0.782	 -0.164

9 	  49.75	  -4.90	  -0.63
	  0.272	  0.961	 -0.043
	 -0.945	  0.258	 -0.200
	 -0.182	  0.094	  0.979

2 	  33.06	  -6.91	  22.78
	  0.142	  0.989	 -0.033
	 -0.990	  0.142	  0.001
	  0.006	  0.032	  0.999

3 	  44.75	  -0.60	   0.40
	  0.535	  0.156	  0.830
	 -0.093	  0.987	 -0.127
	 -0.840	 -0.009	  0.543

4 	  40.04	   5.38	  -4.41
	  0.702	  0.674	 -0.230
	 -0.627	  0.737	  0.250
	  0.339	 -0.031	  0.940

5 	  46.60	  12.92	   0.33
	  0.929	  0.355	  0.104
	 -0.097	 -0.041	  0.994
	  0.357	 -0.934	 -0.004

6 	  50.22	   4.39	  -1.21
	  0.050	 -0.998	  0.035
	  0.994	  0.053	  0.095
	 -0.097	  0.030	  0.995

7 	  39.02	  -4.57	  -4.25
	  0.628	 -0.430	 -0.648
	  0.419	  0.889	 -0.183
	  0.655	 -0.156	  0.738

8 	  43.93	 -13.27	   1.32
	  0.804	 -0.528	  0.271
	  0.117	 -0.307	 -0.944
	  0.582	  0.791	 -0.186

9 	  49.89	  -4.69	  -1.58
	  0.248	  0.968	 -0.017
	 -0.952	  0.240	 -0.190
	 -0.180	  0.062	  0.982

2 	  33.06	  -6.89	  22.78
	  0.141	  0.989	 -0.033
	 -0.990	  0.142	  0.001
	  0.006	  0.032	  0.999

3 	  44.75	  -0.56	   0.39
	  0.509	  0.172	  0.843
	 -0.095	  0.985	 -0.145
	 -0.856	 -0.006	  0.517

4 	  40.06	   5.36	  -4.48
	  0.702	  0.669	 -0.243
	 -0.624	  0.742	  0.246
	  0.346	 -0.022	  0.938

5 	  46.67	  12.92	   0.16
	  0.931	  0.352	  0.092
	 -0.085	 -0.035	  0.996
	  0.354	 -0.935	 -0.004

6 	  50.26	   4.34	  -1.65
	  0.039	 -0.999	  0.036
	  0.995	  0.042	  0.092
	 -0.094	  0.032	  0.995

7 	  39.22	  -4.54	  -4.34
	  0.633	 -0.397	 -0.664
	  0.402	  0.902	 -0.157
	  0.662	 -0.167	  0.730

8 	  44.12	 -13.41	   0.79
	  0.805	 -0.543	  0.237
	  0.103	 -0.267	 -0.958
	  0.584	  0.795	 -0.160

9 	  49.99	  -4.75	  -1.76
	  0.240	  0.970	 -0.001
	 -0.950	  0.235	 -0.204
	 -0.199	  0.048	  0.979

2 	  33.05	  -6.89	  22.76
	  0.142	  0.989	 -0.033
	 -0.990	  0.142	  0.001
	  0.006	  0.032	  0.999

3 	  44.84	  -0.49	   0.39
	  0.503	  0.172	  0.847
	 -0.099	  0.985	 -0.143
	 -0.859	 -0.011	  0.512

4 	  40.15	   5.43	  -4.50
	  0.704	  0.670	 -0.234
	 -0.622	  0.741	  0.254
	  0.344	 -0.034	  0.938

5 	  46.48	  13.17	   0.35
	  0.919	  0.382	  0.091
	 -0.069	 -0.072	  0.995
	  0.387	 -0.921	 -0.041

6 	  50.24	   4.92	  -1.95
	  0.069	 -0.997	 -0.026
	  0.993	  0.067	  0.091
	 -0.089	 -0.032	  0.995

7 	  39.27	  -4.50	  -4.31
	  0.624	 -0.426	 -0.655
	  0.413	  0.891	 -0.187
	  0.664	 -0.154	  0.731

8 	  42.71	 -13.39	   1.92
	  0.711	 -0.638	  0.295
	  0.024	 -0.398	 -0.917
	  0.703	  0.659	 -0.268

9 	  49.75	  -6.68	  -1.86
	  0.421	  0.885	 -0.197
	 -0.893	  0.367	 -0.259
	 -0.159	  0.283	  0.946

2 	  33.05	  -6.89	  22.76
	  0.141	  0.989	 -0.033
	 -0.990	  0.142	  0.002
	  0.007	  0.032	  0.999

3 	  44.86	  -0.46	   0.44
	  0.495	  0.170	  0.852
	 -0.092	  0.985	 -0.144
	 -0.864	 -0.007	  0.503

4 	  40.24	   5.48	  -4.41
	  0.704	  0.682	 -0.197
	 -0.620	  0.725	  0.297
	  0.346	 -0.088	  0.934

5 	  45.40	  13.22	   2.09
	  0.863	  0.484	  0.147
	  0.006	 -0.302	  0.953
	  0.505	 -0.822	 -0.264

6 	  50.31	   7.03	  -2.50
	  0.250	 -0.911	 -0.329
	  0.967	  0.218	  0.131
	 -0.049	 -0.350	  0.935

7 	  39.36	  -4.59	  -4.25
	  0.609	 -0.464	 -0.643
	  0.454	  0.869	 -0.198
	  0.651	 -0.171	  0.739

8 	  41.50	 -13.46	   2.58
	  0.601	 -0.727	  0.331
	 -0.064	 -0.457	 -0.887
	  0.796	  0.512	 -0.322

9 	  49.34	  -8.63	  -2.02
	  0.572	  0.741	 -0.350
	 -0.820	  0.531	 -0.215
	  0.025	  0.410	  0.912

2 	  33.05	  -6.89	  22.76
	  0.142	  0.989	 -0.033
	 -0.990	  0.142	  0.001
	  0.006	  0.032	  0.999

3 	  44.98	  -0.60	   0.47
	  0.484	  0.172	  0.858
	 -0.071	  0.985	 -0.158
	 -0.872	  0.015	  0.488

4 	  40.38	   5.43	  -4.39
	  0.691	  0.706	 -0.156
	 -0.634	  0.694	  0.340
	  0.350	 -0.137	  0.927

5 	  44.09	  12.09	   4.82
	  0.749	  0.629	  0.207
	  0.305	 -0.605	  0.735
	  0.589	 -0.488	 -0.644

6 	  48.73	  10.81	  -2.72
	  0.368	 -0.522	 -0.769
	  0.884	  0.452	  0.116
	  0.288	 -0.724	  0.627

7 	  39.23	  -4.78	  -4.10
	  0.583	 -0.527	 -0.619
	  0.503	  0.831	 -0.235
	  0.639	 -0.174	  0.749

8 	  40.39	 -12.99	   3.88
	  0.511	 -0.766	  0.391
	 -0.208	 -0.551	 -0.808
	  0.834	  0.331	 -0.441

9 	  48.60	 -10.97	  -1.63
	  0.625	  0.454	 -0.635
	 -0.776	  0.263	 -0.573
	 -0.097	  0.850	  0.517

2 	  33.06	  -6.89	  22.78
	  0.142	  0.989	 -0.033
	 -0.990	  0.142	  0.001
	  0.006	  0.032	  0.999

3 	  45.04	  -0.79	   0.42
	  0.482	  0.169	  0.859
	 -0.038	  0.984	 -0.172
	 -0.875	  0.050	  0.481

4 	  40.34	   5.43	  -4.27
	  0.667	  0.737	 -0.105
	 -0.667	  0.654	  0.356
	  0.332	 -0.168	  0.928

5 	  42.75	  11.46	   6.01
	  0.593	  0.751	  0.289
	  0.489	 -0.621	  0.612
	  0.641	 -0.222	 -0.734

6 	  46.92	  13.22	  -1.88
	  0.406	 -0.229	 -0.885
	  0.744	  0.644	  0.174
	  0.532	 -0.729	  0.430

7 	  38.99	  -4.96	  -3.90
	  0.556	 -0.592	 -0.583
	  0.581	  0.778	 -0.238
	  0.596	 -0.207	  0.776

8 	  38.74	 -12.80	   4.46
	  0.395	 -0.798	  0.454
	 -0.222	 -0.562	 -0.796
	  0.891	  0.214	 -0.399

9 	  47.44	 -11.99	  -0.77
	  0.683	  0.358	 -0.636
	 -0.730	  0.283	 -0.622
	 -0.046	  0.889	  0.455

2 	  33.05	  -6.89	  22.76
	  0.141	  0.989	 -0.033
	 -0.990	  0.142	  0.001
	  0.006	  0.032	  0.999

3 	  44.93	  -0.86	   0.47
	  0.495	  0.155	  0.855
	 -0.014	  0.985	 -0.171
	 -0.869	  0.073	  0.490

4 	  40.17	   5.57	  -3.96
	  0.641	  0.767	 -0.024
	 -0.708	  0.601	  0.369
	  0.299	 -0.220	  0.929

5 	  41.70	  11.16	   6.82
	  0.518	  0.782	  0.346
	  0.529	 -0.610	  0.589
	  0.673	 -0.122	 -0.729

6 	  45.97	  14.15	  -0.79
	  0.465	 -0.088	 -0.881
	  0.659	  0.699	  0.276
	  0.594	 -0.708	  0.381

7 	  38.81	  -4.97	  -3.78
	  0.540	 -0.632	 -0.556
	  0.617	  0.746	 -0.251
	  0.574	 -0.207	  0.792

8 	  38.16	 -12.52	   4.83
	  0.347	 -0.800	  0.489
	 -0.234	 -0.579	 -0.781
	  0.908	  0.157	 -0.387

9 	  47.13	 -12.60	  -0.18
	  0.719	  0.259	 -0.645
	 -0.693	  0.176	 -0.699
	 -0.071	  0.949	  0.306

2 	  33.05	  -6.89	  22.76
	  0.142	  0.989	 -0.033
	 -0.990	  0.142	  0.001
	  0.006	  0.032	  0.999

3 	  44.82	  -0.79	   0.44
	  0.498	  0.147	  0.855
	 -0.015	  0.987	 -0.161
	 -0.867	  0.067	  0.493

4 	  39.94	   5.70	  -3.88
	  0.619	  0.785	 -0.008
	 -0.726	  0.575	  0.376
	  0.301	 -0.227	  0.926

5 	  41.47	  11.16	   7.01
	  0.499	  0.789	  0.358
	  0.547	 -0.606	  0.577
	  0.674	 -0.092	 -0.732

6 	  45.65	  14.57	  -0.56
	  0.462	 -0.029	 -0.886
	  0.631	  0.713	  0.304
	  0.625	 -0.699	  0.346

7 	  38.71	  -4.82	  -3.83
	  0.533	 -0.621	 -0.575
	  0.614	  0.751	 -0.243
	  0.583	 -0.223	  0.781

8 	  38.23	 -12.46	   4.61
	  0.306	 -0.823	  0.478
	 -0.268	 -0.556	 -0.787
	  0.914	  0.113	 -0.390

9 	  47.76	 -13.83	   0.42
	  0.796	  0.060	 -0.602
	 -0.602	 -0.042	 -0.798
	 -0.077	  0.997	  0.001

2 	  33.05	  -6.87	  22.76
	  0.141	  0.989	 -0.033
	 -0.990	  0.142	  0.002
	  0.007	  0.032	  0.999

3 	  44.84	  -0.69	   0.42
	  0.495	  0.138	  0.858
	 -0.017	  0.988	 -0.150
	 -0.869	  0.060	  0.491

4 	  40.01	   5.82	  -3.81
	  0.617	  0.787	  0.007
	 -0.729	  0.568	  0.382
	  0.297	 -0.241	  0.924

5 	  41.38	  11.13	   7.14
	  0.488	  0.787	  0.376
	  0.544	 -0.610	  0.575
	  0.685	 -0.076	 -0.725

6 	  45.70	  14.77	  -0.30
	  0.472	 -0.007	 -0.882
	  0.641	  0.690	  0.336
	  0.608	 -0.722	  0.328

7 	  38.83	  -4.75	  -3.85
	  0.537	 -0.617	 -0.575
	  0.613	  0.753	 -0.237
	  0.580	 -0.225	  0.782

8 	  38.29	 -12.43	   4.61
	  0.304	 -0.822	  0.481
	 -0.265	 -0.558	 -0.787
	  0.915	  0.111	 -0.387

9 	  47.79	 -13.78	   0.62
	  0.803	  0.062	 -0.592
	 -0.591	 -0.041	 -0.805
	 -0.078	  0.997	  0.002

2 	  33.05	  -6.89	  22.76
	  0.141	  0.989	 -0.033
	 -0.990	  0.142	  0.002
	  0.007	  0.032	  0.999

3 	  44.91	  -0.65	   0.46
	  0.476	  0.139	  0.868
	 -0.015	  0.988	 -0.150
	 -0.879	  0.059	  0.472

4 	  40.08	   5.85	  -3.81
	  0.617	  0.786	  0.013
	 -0.731	  0.566	  0.381
	  0.293	 -0.245	  0.924

5 	  41.36	  11.16	   7.15
	  0.480	  0.790	  0.381
	  0.542	 -0.607	  0.581
	  0.692	 -0.072	 -0.718

6 	  45.70	  14.94	  -0.25
	  0.480	  0.012	 -0.877
	  0.629	  0.693	  0.351
	  0.615	 -0.719	  0.323

7 	  38.87	  -4.71	  -3.87
	  0.541	 -0.614	 -0.574
	  0.621	  0.752	 -0.220
	  0.568	 -0.238	  0.787

8 	  38.18	 -12.53	   4.41
	  0.292	 -0.841	  0.455
	 -0.275	 -0.529	 -0.803
	  0.916	  0.109	 -0.386

9 	  47.83	 -14.13	   0.63
	  0.823	  0.044	 -0.566
	 -0.565	 -0.042	 -0.824
	 -0.063	  0.998	 -0.012

2 	  33.05	  -6.89	  22.76
	  0.141	  0.989	 -0.033
	 -0.990	  0.142	  0.001
	  0.006	  0.032	  0.999

3 	  44.91	  -0.62	   0.53
	  0.482	  0.136	  0.865
	 -0.021	  0.989	 -0.145
	 -0.876	  0.052	  0.480

4 	  40.11	   5.91	  -3.78
	  0.614	  0.789	  0.023
	 -0.736	  0.560	  0.380
	  0.288	 -0.251	  0.924

5 	  41.20	  11.16	   7.26
	  0.461	  0.795	  0.394
	  0.546	 -0.602	  0.582
	  0.702	 -0.054	 -0.710

6 	  45.56	  15.17	   0.02
	  0.492	  0.041	 -0.870
	  0.617	  0.689	  0.379
	  0.617	 -0.722	  0.312

7 	  38.90	  -4.69	  -3.90
	  0.547	 -0.602	 -0.581
	  0.610	  0.762	 -0.217
	  0.574	 -0.236	  0.783

8 	  38.39	 -12.66	   4.34
	  0.304	 -0.848	  0.435
	 -0.282	 -0.516	 -0.809
	  0.910	  0.123	 -0.395

9 	  48.09	 -14.27	   0.63
	  0.830	  0.031	 -0.557
	 -0.557	 -0.023	 -0.830
	 -0.042	  0.999	 -0.004

2 	  33.05	  -6.89	  22.76
	  0.141	  0.989	 -0.033
	 -0.990	  0.142	  0.002
	  0.007	  0.032	  0.999

3 	  44.93	  -0.56	   0.53
	  0.500	  0.126	  0.856
	 -0.030	  0.991	 -0.129
	 -0.866	  0.039	  0.499

4 	  40.11	   5.96	  -3.74
	  0.608	  0.793	  0.033
	 -0.742	  0.552	  0.380
	  0.284	 -0.256	  0.924

5 	  41.03	  11.16	   7.31
	  0.443	  0.799	  0.405
	  0.546	 -0.598	  0.587
	  0.713	 -0.039	 -0.700

6 	  45.47	  15.35	   0.19
	  0.504	  0.058	 -0.862
	  0.607	  0.687	  0.399
	  0.617	 -0.723	  0.308

7 	  38.94	  -4.66	  -3.90
	  0.546	 -0.602	 -0.582
	  0.610	  0.761	 -0.217
	  0.575	 -0.237	  0.783

8 	  38.34	 -12.52	   4.39
	  0.286	 -0.842	  0.457
	 -0.271	 -0.528	 -0.805
	  0.919	  0.106	 -0.379

9 	  48.11	 -14.38	   0.98
	  0.844	  0.010	 -0.536
	 -0.536	 -0.041	 -0.843
	 -0.033	  0.999	 -0.031

2 	  33.06	  -6.89	  22.78
	  0.141	  0.989	 -0.033
	 -0.990	  0.142	  0.002
	  0.007	  0.032	  0.999

3 	  44.95	  -0.53	   0.54
	  0.499	  0.125	  0.857
	 -0.033	  0.991	 -0.127
	 -0.866	  0.035	  0.498

4 	  40.11	   5.96	  -3.73
	  0.607	  0.794	  0.036
	 -0.744	  0.550	  0.379
	  0.282	 -0.257	  0.924

5 	  41.04	  11.16	   7.31
	  0.446	  0.798	  0.405
	  0.546	 -0.599	  0.586
	  0.712	 -0.040	 -0.701

6 	  45.49	  15.33	   0.19
	  0.502	  0.058	 -0.863
	  0.608	  0.686	  0.399
	  0.617	 -0.724	  0.307

7 	  38.99	  -4.64	  -3.90
	  0.547	 -0.604	 -0.580
	  0.615	  0.759	 -0.212
	  0.569	 -0.241	  0.786

8 	  38.25	 -12.52	   4.36
	  0.277	 -0.845	  0.457
	 -0.269	 -0.524	 -0.808
	  0.923	  0.101	 -0.372

9 	  48.06	 -14.40	   1.02
	  0.848	  0.008	 -0.530
	 -0.530	 -0.047	 -0.847
	 -0.035	  0.999	 -0.037

2 	  33.05	  -6.89	  22.76
	  0.142	  0.989	 -0.033
	 -0.990	  0.142	  0.001
	  0.006	  0.032	  0.999

3 	  44.96	  -0.53	   0.56
	  0.487	  0.125	  0.864
	 -0.030	  0.991	 -0.127
	 -0.873	  0.036	  0.487

4 	  40.17	   5.98	  -3.74
	  0.605	  0.795	  0.041
	 -0.747	  0.548	  0.376
	  0.278	 -0.259	  0.925

5 	  41.04	  11.14	   7.33
	  0.445	  0.798	  0.405
	  0.544	 -0.599	  0.588
	  0.714	 -0.041	 -0.699

6 	  45.53	  15.36	   0.23
	  0.503	  0.063	 -0.862
	  0.607	  0.684	  0.403
	  0.618	 -0.725	  0.304

7 	  39.06	  -4.64	  -3.88
	  0.555	 -0.600	 -0.576
	  0.613	  0.763	 -0.205
	  0.563	 -0.240	  0.790

8 	  38.48	 -12.74	   4.11
	  0.310	 -0.844	  0.437
	 -0.238	 -0.514	 -0.824
	  0.920	  0.152	 -0.360

9 	  48.62	 -13.73	   1.04
	  0.862	  0.118	 -0.493
	 -0.491	 -0.058	 -0.869
	 -0.135	  0.991	  0.006

2 	  33.05	  -6.89	  22.76
	  0.141	  0.989	 -0.033
	 -0.990	  0.142	  0.002
	  0.007	  0.032	  0.999

3 	  44.93	  -0.51	   0.62
	  0.505	  0.130	  0.853
	 -0.052	  0.991	 -0.121
	 -0.862	  0.017	  0.507

4 	  40.15	   5.96	  -3.69
	  0.622	  0.782	  0.027
	 -0.732	  0.568	  0.376
	  0.280	 -0.254	  0.926

5 	  41.77	  11.87	   6.59
	  0.565	  0.754	  0.333
	  0.423	 -0.611	  0.668
	  0.709	 -0.237	 -0.664

6 	  47.25	  13.29	  -0.74
	  0.521	 -0.259	 -0.813
	  0.756	  0.581	  0.299
	  0.397	 -0.771	  0.497

7 	  39.29	  -4.83	  -3.94
	  0.605	 -0.526	 -0.597
	  0.521	  0.829	 -0.204
	  0.603	 -0.187	  0.775

8 	  40.29	 -13.64	   2.99
	  0.487	 -0.783	  0.385
	 -0.045	 -0.464	 -0.885
	  0.872	  0.414	 -0.261

9 	  49.99	 -10.51	   0.39
	  0.705	  0.609	 -0.361
	 -0.549	  0.141	 -0.824
	 -0.457	  0.777	  0.432

2 	  33.06	  -6.89	  22.78
	  0.141	  0.989	 -0.033
	 -0.990	  0.142	  0.002
	  0.007	  0.032	  0.999

3 	  45.00	  -0.47	   0.63
	  0.522	  0.154	  0.838
	 -0.101	  0.988	 -0.119
	 -0.847	 -0.023	  0.531

4 	  40.10	   5.87	  -3.64
	  0.663	  0.748	 -0.010
	 -0.687	  0.613	  0.391
	  0.300	 -0.253	  0.920

5 	  43.61	  13.24	   4.32
	  0.784	  0.581	  0.216
	  0.094	 -0.456	  0.885
	  0.613	 -0.674	 -0.412

6 	  49.46	   9.00	  -1.39
	  0.381	 -0.783	 -0.490
	  0.924	  0.311	  0.221
	 -0.022	 -0.537	  0.843

7 	  39.59	  -5.03	  -3.88
	  0.669	 -0.428	 -0.608
	  0.357	  0.902	 -0.243
	  0.652	 -0.054	  0.756

8 	  42.94	 -13.82	   2.30
	  0.697	 -0.644	  0.316
	  0.063	 -0.385	 -0.921
	  0.714	  0.661	 -0.228

9 	  50.38	  -7.08	  -0.70
	  0.403	  0.882	 -0.241
	 -0.862	  0.275	 -0.426
	 -0.313	  0.377	  0.872

2 	  33.05	  -6.89	  22.76
	  0.141	  0.989	 -0.033
	 -0.990	  0.142	  0.002
	  0.007	  0.032	  0.999

3 	  45.00	  -0.49	   0.58
	  0.547	  0.159	  0.821
	 -0.116	  0.986	 -0.115
	 -0.829	 -0.032	  0.558

4 	  40.18	   5.73	  -3.74
	  0.720	  0.691	 -0.062
	 -0.626	  0.684	  0.374
	  0.302	 -0.231	  0.925

5 	  45.42	  13.34	   2.23
	  0.884	  0.443	  0.146
	 -0.054	 -0.215	  0.975
	  0.464	 -0.870	 -0.167

6 	  50.08	   6.08	  -1.12
	  0.183	 -0.968	 -0.174
	  0.976	  0.157	  0.153
	 -0.121	 -0.197	  0.973

7 	  39.39	  -5.08	  -3.90
	  0.664	 -0.422	 -0.618
	  0.351	  0.904	 -0.242
	  0.661	 -0.056	  0.748

8 	  43.54	 -13.62	   2.29
	  0.761	 -0.555	  0.336
	  0.137	 -0.370	 -0.919
	  0.635	  0.745	 -0.206

9 	  50.04	  -5.82	  -0.56
	  0.315	  0.933	 -0.173
	 -0.940	  0.281	 -0.195
	 -0.135	  0.223	  0.965

2 	  33.05	  -6.89	  22.76
	  0.141	  0.989	 -0.033
	 -0.990	  0.142	  0.002
	  0.007	  0.032	  0.999

3 	  44.91	  -0.69	   0.47
	  0.568	  0.152	  0.809
	 -0.105	  0.988	 -0.113
	 -0.817	 -0.021	  0.576

4 	  40.08	   5.66	  -3.73
	  0.709	  0.702	 -0.063
	 -0.642	  0.680	  0.353
	  0.292	 -0.211	  0.933

5 	  45.30	  13.24	   2.46
	  0.879	  0.440	  0.183
	 -0.098	 -0.210	  0.973
	  0.467	 -0.873	 -0.142

6 	  50.06	   5.96	  -0.65
	  0.192	 -0.970	 -0.151
	  0.970	  0.164	  0.180
	 -0.151	 -0.181	  0.972

7 	  39.25	  -5.10	  -3.96
	  0.646	 -0.439	 -0.625
	  0.377	  0.894	 -0.240
	  0.665	 -0.081	  0.743

8 	  43.33	 -13.48	   2.53
	  0.749	 -0.543	  0.380
	  0.179	 -0.387	 -0.905
	  0.638	  0.745	 -0.193

9 	  49.94	  -5.78	  -0.14
	  0.333	  0.928	 -0.167
	 -0.927	  0.288	 -0.242
	 -0.178	  0.234	  0.956

2 	  33.06	  -6.89	  22.78
	  0.141	  0.989	 -0.033
	 -0.990	  0.142	  0.001
	  0.006	  0.032	  0.999

3 	  44.93	  -0.62	   0.40
	  0.576	  0.151	  0.803
	 -0.112	  0.988	 -0.107
	 -0.810	 -0.028	  0.586

4 	  39.99	   5.71	  -3.73
	  0.694	  0.717	 -0.061
	 -0.658	  0.665	  0.352
	  0.294	 -0.205	  0.933

5 	  45.07	  13.36	   2.69
	  0.871	  0.447	  0.203
	 -0.114	 -0.220	  0.969
	  0.478	 -0.867	 -0.141

6 	  49.99	   6.17	  -0.39
	  0.204	 -0.965	 -0.163
	  0.964	  0.168	  0.206
	 -0.172	 -0.198	  0.965

7 	  39.25	  -5.03	  -3.99
	  0.643	 -0.436	 -0.630
	  0.378	  0.895	 -0.235
	  0.666	 -0.087	  0.740

8 	  43.28	 -13.45	   2.48
	  0.743	 -0.548	  0.384
	  0.186	 -0.383	 -0.905
	  0.643	  0.743	 -0.183

9 	  49.96	  -5.75	  -0.11
	  0.334	  0.927	 -0.165
	 -0.924	  0.287	 -0.254
	 -0.190	  0.236	  0.953

2 	  33.05	  -6.89	  22.76
	  0.141	  0.989	 -0.033
	 -0.990	  0.142	  0.002
	  0.007	  0.032	  0.999

3 	  44.93	  -0.54	   0.40
	  0.578	  0.149	  0.802
	 -0.115	  0.988	 -0.101
	 -0.808	 -0.033	  0.588

4 	  40.03	   5.84	  -3.60
	  0.692	  0.720	 -0.041
	 -0.662	  0.656	  0.363
	  0.289	 -0.225	  0.930

5 	  45.00	  13.32	   3.11
	  0.865	  0.442	  0.234
	 -0.134	 -0.247	  0.959
	  0.483	 -0.862	 -0.155

6 	  50.01	   6.22	  -0.02
	  0.214	 -0.960	 -0.179
	  0.959	  0.171	  0.227
	 -0.188	 -0.220	  0.957

7 	  39.32	  -4.96	  -4.01
	  0.644	 -0.440	 -0.626
	  0.383	  0.893	 -0.236
	  0.663	 -0.087	  0.743

8 	  43.07	 -13.36	   2.71
	  0.719	 -0.558	  0.414
	  0.207	 -0.398	 -0.894
	  0.664	  0.727	 -0.172

9 	  50.06	  -5.80	   0.44
	  0.365	  0.917	 -0.157
	 -0.903	  0.307	 -0.301
	 -0.229	  0.250	  0.941

2 	  33.06	  -6.89	  22.78
	  0.141	  0.989	 -0.033
	 -0.990	  0.142	  0.002
	  0.007	  0.032	  0.999

3 	  45.05	  -0.49	   0.46
	  0.571	  0.147	  0.807
	 -0.121	  0.988	 -0.096
	 -0.812	 -0.043	  0.582

4 	  40.17	   5.87	  -3.57
	  0.693	  0.720	 -0.023
	 -0.664	  0.650	  0.370
	  0.282	 -0.241	  0.928

5 	  45.04	  13.27	   3.38
	  0.859	  0.436	  0.267
	 -0.168	 -0.253	  0.953
	  0.483	 -0.863	 -0.145

6 	  50.10	   6.15	   0.39
	  0.220	 -0.960	 -0.174
	  0.953	  0.174	  0.246
	 -0.207	 -0.219	  0.953

7 	  39.46	  -4.92	  -4.06
	  0.641	 -0.449	 -0.622
	  0.402	  0.887	 -0.227
	  0.654	 -0.104	  0.749

8 	  42.87	 -13.43	   2.65
	  0.693	 -0.578	  0.431
	  0.224	 -0.397	 -0.890
	  0.686	  0.713	 -0.146

9 	  50.13	  -6.06	   0.69
	  0.390	  0.911	 -0.132
	 -0.886	  0.331	 -0.325
	 -0.255	  0.242	  0.936

