2 	  32.68	  -6.82	  23.03
	  0.258	  0.965	 -0.036
	 -0.966	  0.257	 -0.005
	  0.004	  0.036	  0.999

3 	  42.17	  -0.81	   1.42
	  0.456	  0.170	  0.873
	 -0.104	  0.985	 -0.137
	 -0.884	 -0.029	  0.467

4 	  36.86	   7.12	  -3.32
	  0.330	  0.922	  0.203
	 -0.902	  0.244	  0.356
	  0.278	 -0.301	  0.912

5 	  35.42	   9.04	   9.88
	  0.240	  0.253	  0.937
	 -0.128	 -0.949	  0.289
	  0.962	 -0.190	 -0.195

6 	  42.56	   9.77	  19.79
	  0.386	 -0.154	  0.909
	 -0.567	  0.738	  0.365
	 -0.727	 -0.657	  0.198

7 	  37.42	  -8.86	  -3.34
	  0.179	 -0.930	  0.321
	  0.984	  0.169	 -0.061
	  0.003	  0.327	  0.945

8 	  35.46	 -10.42	   9.56
	  0.133	 -0.210	  0.969
	 -0.094	 -0.976	 -0.198
	  0.986	 -0.065	 -0.150

9 	  42.47	 -12.52	  19.46
	  0.374	  0.065	  0.925
	  0.695	  0.641	 -0.326
	 -0.614	  0.765	  0.194

2 	  32.68	  -6.82	  23.01
	  0.258	  0.965	 -0.036
	 -0.966	  0.258	 -0.005
	  0.004	  0.036	  0.999

3 	  42.19	  -0.81	   1.42
	  0.456	  0.170	  0.873
	 -0.104	  0.985	 -0.137
	 -0.884	 -0.028	  0.467

4 	  36.86	   7.12	  -3.32
	  0.330	  0.922	  0.203
	 -0.902	  0.244	  0.356
	  0.278	 -0.301	  0.912

5 	  35.40	   9.02	   9.88
	  0.240	  0.253	  0.937
	 -0.129	 -0.949	  0.289
	  0.962	 -0.190	 -0.195

6 	  42.56	   9.79	  19.78
	  0.386	 -0.154	  0.909
	 -0.568	  0.738	  0.365
	 -0.727	 -0.658	  0.198

7 	  37.42	  -8.86	  -3.36
	  0.179	 -0.930	  0.321
	  0.984	  0.169	 -0.061
	  0.003	  0.327	  0.945

8 	  35.44	 -10.41	   9.56
	  0.133	 -0.209	  0.969
	 -0.094	 -0.976	 -0.198
	  0.986	 -0.065	 -0.149

9 	  42.47	 -12.52	  19.46
	  0.374	  0.065	  0.925
	  0.695	  0.641	 -0.326
	 -0.614	  0.765	  0.194

2 	  32.68	  -6.82	  23.01
	  0.258	  0.965	 -0.036
	 -0.966	  0.258	 -0.006
	  0.004	  0.036	  0.999

3 	  42.19	  -0.81	   1.42
	  0.455	  0.170	  0.873
	 -0.104	  0.985	 -0.138
	 -0.884	 -0.028	  0.466

4 	  36.86	   7.12	  -3.32
	  0.330	  0.922	  0.203
	 -0.902	  0.245	  0.355
	  0.278	 -0.301	  0.912

5 	  35.42	   9.02	   9.88
	  0.240	  0.253	  0.937
	 -0.129	 -0.948	  0.289
	  0.962	 -0.191	 -0.195

6 	  42.56	   9.81	  19.78
	  0.386	 -0.153	  0.910
	 -0.568	  0.738	  0.365
	 -0.727	 -0.657	  0.197

7 	  37.42	  -8.86	  -3.36
	  0.179	 -0.930	  0.321
	  0.984	  0.169	 -0.061
	  0.002	  0.327	  0.945

8 	  35.44	 -10.42	   9.54
	  0.133	 -0.210	  0.969
	 -0.094	 -0.976	 -0.198
	  0.987	 -0.064	 -0.149

9 	  42.47	 -12.52	  19.46
	  0.373	  0.065	  0.925
	  0.695	  0.641	 -0.326
	 -0.614	  0.765	  0.194

2 	  32.68	  -6.82	  23.01
	  0.258	  0.965	 -0.036
	 -0.966	  0.258	 -0.006
	  0.004	  0.036	  0.999

3 	  42.19	  -0.81	   1.41
	  0.455	  0.171	  0.874
	 -0.103	  0.985	 -0.139
	 -0.884	 -0.027	  0.466

4 	  36.86	   7.12	  -3.30
	  0.330	  0.922	  0.203
	 -0.902	  0.245	  0.354
	  0.277	 -0.300	  0.913

5 	  35.42	   9.02	   9.88
	  0.240	  0.253	  0.937
	 -0.129	 -0.948	  0.289
	  0.962	 -0.191	 -0.195

6 	  42.56	   9.79	  19.79
	  0.385	 -0.154	  0.910
	 -0.568	  0.738	  0.365
	 -0.728	 -0.657	  0.197

7 	  37.44	  -8.84	  -3.34
	  0.179	 -0.930	  0.321
	  0.984	  0.169	 -0.061
	  0.002	  0.327	  0.945

8 	  35.44	 -10.42	   9.56
	  0.133	 -0.209	  0.969
	 -0.092	 -0.976	 -0.198
	  0.987	 -0.062	 -0.149

9 	  42.47	 -12.53	  19.44
	  0.373	  0.065	  0.925
	  0.694	  0.642	 -0.326
	 -0.615	  0.764	  0.194

2 	  32.68	  -6.82	  23.03
	  0.258	  0.965	 -0.036
	 -0.966	  0.258	 -0.006
	  0.004	  0.036	  0.999

3 	  42.19	  -0.81	   1.41
	  0.453	  0.170	  0.875
	 -0.103	  0.985	 -0.139
	 -0.885	 -0.027	  0.464

4 	  36.90	   7.12	  -3.30
	  0.333	  0.920	  0.205
	 -0.902	  0.247	  0.354
	  0.275	 -0.303	  0.912

5 	  35.54	   9.07	   9.88
	  0.246	  0.256	  0.935
	 -0.138	 -0.945	  0.296
	  0.959	 -0.202	 -0.197

6 	  42.84	   9.79	  19.63
	  0.386	 -0.155	  0.909
	 -0.539	  0.762	  0.358
	 -0.749	 -0.628	  0.211

7 	  37.46	  -8.82	  -3.34
	  0.186	 -0.928	  0.322
	  0.982	  0.175	 -0.064
	  0.003	  0.329	  0.944

8 	  35.54	 -10.48	   9.54
	  0.145	 -0.217	  0.965
	 -0.075	 -0.975	 -0.208
	  0.986	 -0.042	 -0.158

9 	  42.71	 -12.64	  19.30
	  0.375	  0.043	  0.926
	  0.668	  0.680	 -0.302
	 -0.643	  0.732	  0.226

2 	  32.68	  -6.82	  23.03
	  0.258	  0.965	 -0.036
	 -0.966	  0.258	 -0.006
	  0.004	  0.036	  0.999

3 	  42.21	  -0.79	   1.42
	  0.448	  0.172	  0.877
	 -0.103	  0.984	 -0.141
	 -0.888	 -0.027	  0.459

4 	  37.02	   7.14	  -3.27
	  0.351	  0.912	  0.212
	 -0.897	  0.263	  0.354
	  0.267	 -0.316	  0.910

5 	  36.05	   9.28	   9.91
	  0.281	  0.279	  0.918
	 -0.127	 -0.937	  0.324
	  0.951	 -0.208	 -0.229

6 	  43.65	  10.14	  19.34
	  0.411	 -0.143	  0.900
	 -0.508	  0.784	  0.356
	 -0.757	 -0.603	  0.250

7 	  37.48	  -8.77	  -3.36
	  0.195	 -0.927	  0.319
	  0.981	  0.182	 -0.071
	  0.008	  0.327	  0.945

8 	  36.07	 -10.74	   9.51
	  0.194	 -0.251	  0.948
	 -0.070	 -0.968	 -0.242
	  0.978	 -0.019	 -0.206

9 	  43.75	 -13.06	  18.70
	  0.420	 -0.005	  0.907
	  0.620	  0.731	 -0.284
	 -0.662	  0.682	  0.309

2 	  32.66	  -6.82	  23.01
	  0.258	  0.965	 -0.036
	 -0.966	  0.258	 -0.006
	  0.004	  0.036	  0.999

3 	  42.22	  -0.77	   1.44
	  0.444	  0.172	  0.879
	 -0.102	  0.984	 -0.142
	 -0.890	 -0.027	  0.455

4 	  37.12	   7.14	  -3.25
	  0.373	  0.903	  0.212
	 -0.890	  0.284	  0.356
	  0.262	 -0.322	  0.910

5 	  37.02	   9.76	   9.90
	  0.354	  0.318	  0.879
	 -0.104	 -0.921	  0.375
	  0.929	 -0.224	 -0.293

6 	  45.23	  10.93	  18.47
	  0.475	 -0.111	  0.873
	 -0.466	  0.810	  0.356
	 -0.747	 -0.576	  0.333

7 	  37.48	  -8.74	  -3.41
	  0.215	 -0.930	  0.297
	  0.976	  0.197	 -0.090
	  0.025	  0.309	  0.951

8 	  37.16	 -11.29	   9.40
	  0.291	 -0.301	  0.908
	 -0.090	 -0.953	 -0.288
	  0.952	  0.002	 -0.304

9 	  45.83	 -13.92	  17.42
	  0.523	 -0.049	  0.851
	  0.576	  0.755	 -0.311
	 -0.628	  0.653	  0.424

2 	  32.68	  -6.82	  23.03
	  0.258	  0.965	 -0.036
	 -0.966	  0.258	 -0.006
	  0.004	  0.036	  0.999

3 	  42.19	  -0.77	   1.44
	  0.440	  0.173	  0.881
	 -0.105	  0.984	 -0.142
	 -0.891	 -0.030	  0.452

4 	  37.27	   7.14	  -3.27
	  0.404	  0.891	  0.204
	 -0.875	  0.313	  0.368
	  0.264	 -0.328	  0.907

5 	  38.34	  10.23	   9.79
	  0.456	  0.357	  0.815
	 -0.054	 -0.903	  0.426
	  0.888	 -0.238	 -0.393

6 	  47.43	  11.81	  17.03
	  0.576	 -0.075	  0.814
	 -0.413	  0.832	  0.369
	 -0.705	 -0.549	  0.449

7 	  37.55	  -8.65	  -3.48
	  0.254	 -0.929	  0.269
	  0.966	  0.232	 -0.111
	  0.040	  0.288	  0.957

8 	  38.65	 -11.79	   9.11
	  0.424	 -0.350	  0.835
	 -0.119	 -0.936	 -0.331
	  0.897	  0.041	 -0.439

9 	  48.38	 -14.45	  15.52
	  0.652	 -0.067	  0.755
	  0.511	  0.775	 -0.372
	 -0.561	  0.628	  0.539

2 	  32.68	  -6.82	  23.01
	  0.258	  0.965	 -0.036
	 -0.966	  0.258	 -0.005
	  0.004	  0.036	  0.999

3 	  42.21	  -0.77	   1.44
	  0.435	  0.177	  0.883
	 -0.114	  0.983	 -0.141
	 -0.893	 -0.040	  0.448

4 	  37.35	   7.12	  -3.36
	  0.447	  0.874	  0.189
	 -0.852	  0.351	  0.388
	  0.273	 -0.335	  0.902

5 	  40.01	  10.72	   9.30
	  0.583	  0.396	  0.709
	  0.021	 -0.880	  0.473
	  0.812	 -0.261	 -0.522

6 	  49.96	  12.69	  14.61
	  0.706	 -0.045	  0.707
	 -0.339	  0.855	  0.392
	 -0.622	 -0.516	  0.588

7 	  37.53	  -8.53	  -3.64
	  0.298	 -0.927	  0.227
	  0.952	  0.272	 -0.140
	  0.067	  0.258	  0.964

8 	  40.34	 -12.43	   8.28
	  0.574	 -0.400	  0.714
	 -0.164	 -0.911	 -0.378
	  0.802	  0.100	 -0.589

9 	  50.80	 -15.08	  12.53
	  0.784	 -0.092	  0.613
	  0.420	  0.807	 -0.415
	 -0.457	  0.583	  0.672

2 	  32.68	  -6.82	  23.01
	  0.258	  0.965	 -0.036
	 -0.966	  0.258	 -0.005
	  0.004	  0.036	  0.999

3 	  42.22	  -0.77	   1.44
	  0.430	  0.180	  0.884
	 -0.121	  0.982	 -0.141
	 -0.895	 -0.046	  0.444

4 	  37.37	   7.12	  -3.50
	  0.489	  0.860	  0.145
	 -0.819	  0.395	  0.416
	  0.301	 -0.323	  0.897

5 	  41.82	  11.27	   8.28
	  0.711	  0.426	  0.559
	  0.111	 -0.854	  0.509
	  0.694	 -0.300	 -0.655

6 	  52.31	  13.61	  11.36
	  0.826	 -0.011	  0.563
	 -0.264	  0.876	  0.404
	 -0.498	 -0.483	  0.720

7 	  37.44	  -8.37	  -3.78
	  0.340	 -0.924	  0.173
	  0.934	  0.311	 -0.175
	  0.107	  0.221	  0.969

8 	  42.05	 -13.01	   7.03
	  0.711	 -0.440	  0.547
	 -0.216	 -0.879	 -0.426
	  0.668	  0.184	 -0.720

9 	  53.12	 -15.56	   8.54
	  0.900	 -0.106	  0.423
	  0.301	  0.853	 -0.427
	 -0.316	  0.511	  0.799

2 	  32.68	  -6.82	  23.03
	  0.258	  0.965	 -0.036
	 -0.966	  0.258	 -0.006
	  0.004	  0.036	  0.999

3 	  42.21	  -0.76	   1.41
	  0.428	  0.183	  0.885
	 -0.126	  0.982	 -0.142
	 -0.895	 -0.051	  0.443

4 	  37.30	   7.01	  -3.74
	  0.526	  0.847	  0.072
	 -0.776	  0.443	  0.450
	  0.350	 -0.293	  0.890

5 	  43.42	  11.72	   6.75
	  0.809	  0.447	  0.380
	  0.204	 -0.822	  0.532
	  0.551	 -0.354	 -0.756

6 	  54.14	  14.19	   7.61
	  0.918	  0.004	  0.395
	 -0.173	  0.904	  0.391
	 -0.356	 -0.428	  0.831

7 	  37.35	  -8.24	  -3.94
	  0.380	 -0.919	  0.106
	  0.911	  0.351	 -0.217
	  0.161	  0.179	  0.970

8 	  43.54	 -13.57	   5.26
	  0.811	 -0.474	  0.343
	 -0.299	 -0.840	 -0.452
	  0.503	  0.264	 -0.823

9 	  54.60	 -15.61	   4.08
	  0.973	 -0.101	  0.208
	  0.182	  0.890	 -0.418
	 -0.143	  0.444	  0.884

2 	  32.66	  -6.82	  23.01
	  0.258	  0.965	 -0.036
	 -0.966	  0.258	 -0.006
	  0.004	  0.036	  0.999

3 	  42.22	  -0.76	   1.32
	  0.427	  0.187	  0.884
	 -0.129	  0.981	 -0.145
	 -0.895	 -0.053	  0.443

4 	  37.16	   6.86	  -3.97
	  0.546	  0.838	 -0.008
	 -0.734	  0.482	  0.478
	  0.404	 -0.255	  0.878

5 	  44.49	  12.16	   5.12
	  0.860	  0.465	  0.210
	  0.293	 -0.787	  0.542
	  0.418	 -0.405	 -0.813

6 	  55.18	  14.54	   3.57
	  0.976	  0.005	  0.217
	 -0.083	  0.932	  0.352
	 -0.200	 -0.362	  0.910

7 	  37.20	  -8.12	  -4.15
	  0.408	 -0.912	  0.029
	  0.884	  0.387	 -0.260
	  0.226	  0.131	  0.965

8 	  44.53	 -14.01	   3.27
	  0.860	 -0.489	  0.142
	 -0.378	 -0.800	 -0.466
	  0.342	  0.347	 -0.873

9 	  55.21	 -15.64	  -0.53
	  0.995	 -0.092	 -0.006
	  0.083	  0.926	 -0.369
	  0.040	  0.366	  0.929

2 	  32.68	  -6.82	  23.03
	  0.258	  0.965	 -0.036
	 -0.966	  0.258	 -0.006
	  0.004	  0.036	  0.999

3 	  42.21	  -0.76	   1.23
	  0.428	  0.189	  0.883
	 -0.131	  0.980	 -0.147
	 -0.894	 -0.053	  0.444

4 	  36.93	   6.71	  -4.13
	  0.548	  0.832	 -0.083
	 -0.700	  0.510	  0.499
	  0.458	 -0.215	  0.862

5 	  45.19	  12.48	   3.43
	  0.875	  0.482	  0.047
	  0.389	 -0.756	  0.526
	  0.289	 -0.442	 -0.849

6 	  55.48	  14.59	  -0.37
	  0.999	 -0.004	  0.033
	 -0.006	  0.953	  0.301
	 -0.033	 -0.302	  0.953

7 	  37.07	  -8.02	  -4.32
	  0.424	 -0.905	 -0.043
	  0.859	  0.417	 -0.297
	  0.286	  0.088	  0.954

8 	  45.14	 -14.22	   1.32
	  0.871	 -0.489	 -0.038
	 -0.451	 -0.767	 -0.457
	  0.194	  0.415	 -0.889

9 	  54.93	 -15.43	  -4.41
	  0.979	 -0.081	 -0.183
	  0.017	  0.945	 -0.327
	  0.199	  0.317	  0.927

2 	  32.66	  -6.82	  23.03
	  0.255	  0.966	 -0.034
	 -0.967	  0.255	 -0.007
	  0.002	  0.034	  0.999

3 	  42.21	  -0.79	   1.14
	  0.431	  0.192	  0.882
	 -0.132	  0.980	 -0.149
	 -0.893	 -0.052	  0.447

4 	  36.74	   6.57	  -4.31
	  0.538	  0.827	 -0.161
	 -0.670	  0.536	  0.514
	  0.511	 -0.169	  0.842

5 	  45.54	  12.74	   1.58
	  0.863	  0.493	 -0.103
	  0.471	 -0.719	  0.510
	  0.178	 -0.490	 -0.854

6 	  55.18	  14.45	  -4.17
	  0.990	 -0.019	 -0.137
	  0.051	  0.972	  0.231
	  0.128	 -0.236	  0.963

7 	  36.91	  -7.88	  -4.45
	  0.428	 -0.897	 -0.106
	  0.840	  0.438	 -0.319
	  0.332	  0.048	  0.942

8 	  45.39	 -14.33	  -0.40
	  0.855	 -0.483	 -0.190
	 -0.513	 -0.733	 -0.447
	  0.076	  0.479	 -0.874

9 	  54.32	 -14.94	  -7.86
	  0.939	 -0.057	 -0.338
	 -0.036	  0.964	 -0.263
	  0.341	  0.260	  0.903

2 	  32.68	  -6.80	  23.03
	  0.249	  0.968	 -0.033
	 -0.969	  0.248	 -0.008
	  0.001	  0.033	  0.999

3 	  42.21	  -0.81	   1.02
	  0.433	  0.198	  0.879
	 -0.131	  0.979	 -0.156
	 -0.892	 -0.048	  0.450

4 	  36.51	   6.35	  -4.54
	  0.520	  0.820	 -0.241
	 -0.643	  0.561	  0.521
	  0.562	 -0.116	  0.818

5 	  45.58	  13.04	  -0.26
	  0.831	  0.502	 -0.241
	  0.549	 -0.669	  0.501
	  0.090	 -0.549	 -0.831

6 	  54.32	  14.27	  -7.93
	  0.957	 -0.035	 -0.289
	  0.077	  0.988	  0.136
	  0.280	 -0.153	  0.948

7 	  36.70	  -7.72	  -4.59
	  0.419	 -0.893	 -0.166
	  0.825	  0.451	 -0.341
	  0.379	  0.006	  0.925

8 	  45.25	 -14.41	  -2.14
	  0.813	 -0.479	 -0.330
	 -0.581	 -0.695	 -0.423
	 -0.027	  0.536	 -0.844

9 	  53.07	 -14.62	 -11.30
	  0.873	 -0.040	 -0.485
	 -0.059	  0.981	 -0.186
	  0.483	  0.191	  0.854

2 	  32.66	  -6.80	  23.03
	  0.247	  0.968	 -0.032
	 -0.969	  0.247	 -0.008
	  0.000	  0.033	  0.999

3 	  42.21	  -0.81	   0.86
	  0.436	  0.204	  0.876
	 -0.130	  0.978	 -0.164
	 -0.891	 -0.043	  0.453

4 	  36.23	   6.12	  -4.71
	  0.490	  0.816	 -0.307
	 -0.620	  0.574	  0.535
	  0.612	 -0.072	  0.787

5 	  45.33	  13.10	  -2.18
	  0.779	  0.501	 -0.376
	  0.626	 -0.622	  0.470
	  0.001	 -0.602	 -0.799

6 	  52.84	  14.06	 -11.34
	  0.899	 -0.049	 -0.434
	  0.079	  0.995	  0.051
	  0.430	 -0.080	  0.899

7 	  36.47	  -7.58	  -4.71
	  0.403	 -0.888	 -0.222
	  0.806	  0.459	 -0.373
	  0.433	 -0.029	  0.901

8 	  44.91	 -14.45	  -3.87
	  0.753	 -0.471	 -0.460
	 -0.647	 -0.656	 -0.388
	 -0.119	  0.590	 -0.799

9 	  51.36	 -14.22	 -14.43
	  0.786	 -0.023	 -0.617
	 -0.061	  0.991	 -0.115
	  0.614	  0.128	  0.778

2 	  32.66	  -6.80	  23.01
	  0.244	  0.969	 -0.031
	 -0.970	  0.243	 -0.007
	  0.001	  0.032	  0.999

3 	  42.19	  -0.81	   0.79
	  0.438	  0.208	  0.874
	 -0.131	  0.977	 -0.167
	 -0.889	 -0.041	  0.455

4 	  35.88	   5.87	  -4.78
	  0.453	  0.816	 -0.360
	 -0.601	  0.577	  0.552
	  0.658	 -0.034	  0.752

5 	  44.75	  13.29	  -3.78
	  0.711	  0.504	 -0.490
	  0.700	 -0.568	  0.432
	 -0.060	 -0.650	 -0.757

6 	  51.10	  13.59	 -14.38
	  0.821	 -0.080	 -0.566
	  0.081	  0.996	 -0.023
	  0.565	 -0.027	  0.824

7 	  36.19	  -7.40	  -4.78
	  0.375	 -0.884	 -0.278
	  0.781	  0.463	 -0.419
	  0.499	 -0.061	  0.864

8 	  44.30	 -14.45	  -5.48
	  0.675	 -0.462	 -0.574
	 -0.710	 -0.617	 -0.339
	 -0.198	  0.637	 -0.745

9 	  49.39	 -13.82	 -17.03
	  0.687	 -0.003	 -0.727
	 -0.059	  0.996	 -0.060
	  0.724	  0.083	  0.684

2 	  32.66	  -6.84	  23.03
	  0.239	  0.970	 -0.031
	 -0.971	  0.239	 -0.008
	  0.000	  0.032	  0.999

3 	  42.17	  -0.83	   0.62
	  0.445	  0.212	  0.870
	 -0.132	  0.976	 -0.170
	 -0.886	 -0.039	  0.462

4 	  35.54	   5.62	  -4.85
	  0.407	  0.820	 -0.401
	 -0.582	  0.572	  0.578
	  0.704	 -0.003	  0.710

5 	  43.91	  13.41	  -5.40
	  0.622	  0.505	 -0.598
	  0.774	 -0.508	  0.377
	 -0.113	 -0.698	 -0.707

6 	  48.83	  13.20	 -16.95
	  0.725	 -0.111	 -0.679
	  0.071	  0.994	 -0.087
	  0.684	  0.015	  0.729

7 	  35.93	  -7.24	  -4.89
	  0.336	 -0.882	 -0.330
	  0.754	  0.462	 -0.467
	  0.564	 -0.092	  0.820

8 	  43.59	 -14.38	  -6.77
	  0.593	 -0.455	 -0.665
	 -0.760	 -0.588	 -0.277
	 -0.265	  0.669	 -0.694

9 	  47.27	 -13.45	 -19.05
	  0.578	  0.020	 -0.816
	 -0.059	  0.998	 -0.017
	  0.814	  0.057	  0.578

2 	  32.66	  -6.84	  23.01
	  0.238	  0.971	 -0.031
	 -0.971	  0.238	 -0.007
	  0.000	  0.031	  0.999

3 	  42.12	  -0.81	   0.42
	  0.455	  0.215	  0.864
	 -0.134	  0.976	 -0.172
	 -0.880	 -0.037	  0.473

4 	  35.17	   5.47	  -4.85
	  0.352	  0.832	 -0.428
	 -0.568	  0.554	  0.609
	  0.744	  0.029	  0.668

5 	  42.82	  13.52	  -6.75
	  0.517	  0.507	 -0.689
	  0.843	 -0.440	  0.309
	 -0.147	 -0.741	 -0.655

6 	  46.39	  12.87	 -18.97
	  0.623	 -0.137	 -0.770
	  0.039	  0.989	 -0.145
	  0.781	  0.060	  0.621

7 	  35.65	  -7.03	  -4.96
	  0.294	 -0.878	 -0.377
	  0.721	  0.463	 -0.515
	  0.626	 -0.120	  0.770

8 	  42.77	 -14.31	  -7.89
	  0.505	 -0.451	 -0.736
	 -0.802	 -0.559	 -0.209
	 -0.318	  0.696	 -0.644

9 	  45.05	 -13.10	 -20.65
	  0.467	  0.034	 -0.883
	 -0.054	  0.998	  0.010
	  0.882	  0.042	  0.468

2 	  32.66	  -6.82	  23.01
	  0.238	  0.971	 -0.031
	 -0.971	  0.238	 -0.007
	  0.000	  0.031	  0.999

3 	  42.03	  -0.74	   0.23
	  0.468	  0.219	  0.856
	 -0.138	  0.975	 -0.174
	 -0.873	 -0.037	  0.486

4 	  34.84	   5.27	  -4.83
	  0.292	  0.845	 -0.447
	 -0.562	  0.530	  0.635
	  0.774	  0.066	  0.630

5 	  41.52	  13.75	  -7.75
	  0.402	  0.516	 -0.756
	  0.904	 -0.355	  0.238
	 -0.146	 -0.779	 -0.609

6 	  43.66	  12.80	 -20.43
	  0.514	 -0.162	 -0.842
	  0.013	  0.983	 -0.181
	  0.858	  0.081	  0.507

7 	  35.37	  -6.89	  -5.03
	  0.247	 -0.879	 -0.408
	  0.692	  0.454	 -0.561
	  0.678	 -0.144	  0.720

8 	  41.87	 -14.34	  -8.63
	  0.421	 -0.456	 -0.784
	 -0.837	 -0.529	 -0.141
	 -0.351	  0.715	 -0.604

9 	  43.01	 -13.10	 -21.67
	  0.364	  0.045	 -0.930
	 -0.056	  0.998	  0.026
	  0.929	  0.042	  0.366

2 	  32.66	  -6.82	  23.01
	  0.239	  0.970	 -0.031
	 -0.971	  0.238	 -0.008
	  0.000	  0.032	  0.999

3 	  41.96	  -0.70	   0.05
	  0.478	  0.223	  0.849
	 -0.143	  0.974	 -0.175
	 -0.867	 -0.038	  0.497

4 	  34.47	   5.10	  -4.83
	  0.225	  0.860	 -0.458
	 -0.567	  0.498	  0.656
	  0.792	  0.112	  0.600

5 	  40.34	  13.96	  -8.31
	  0.305	  0.533	 -0.789
	  0.941	 -0.293	  0.166
	 -0.143	 -0.794	 -0.591

6 	  41.45	  13.01	 -21.20
	  0.421	 -0.162	 -0.892
	  0.003	  0.984	 -0.177
	  0.907	  0.072	  0.415

7 	  35.10	  -6.77	  -5.06
	  0.196	 -0.884	 -0.425
	  0.669	  0.437	 -0.601
	  0.716	 -0.166	  0.677

8 	  41.08	 -14.43	  -9.07
	  0.348	 -0.471	 -0.811
	 -0.857	 -0.509	 -0.072
	 -0.379	  0.720	 -0.581

9 	  41.26	 -13.38	 -22.17
	  0.281	  0.036	 -0.959
	 -0.059	  0.998	  0.020
	  0.958	  0.051	  0.282

2 	  32.66	  -6.82	  23.03
	  0.243	  0.969	 -0.031
	 -0.970	  0.242	 -0.008
	 -0.000	  0.032	  0.999

3 	  41.89	  -0.65	  -0.09
	  0.482	  0.227	  0.846
	 -0.152	  0.973	 -0.174
	 -0.863	 -0.045	  0.504

4 	  34.26	   4.94	  -4.87
	  0.184	  0.870	 -0.458
	 -0.568	  0.474	  0.673
	  0.802	  0.136	  0.581

5 	  39.46	  14.08	  -8.61
	  0.234	  0.548	 -0.803
	  0.963	 -0.243	  0.115
	 -0.132	 -0.800	 -0.585

6 	  39.92	  13.34	 -21.53
	  0.368	 -0.136	 -0.920
	 -0.033	  0.987	 -0.159
	  0.929	  0.089	  0.359

7 	  34.93	  -6.63	  -5.10
	  0.150	 -0.889	 -0.432
	  0.656	  0.417	 -0.629
	  0.739	 -0.189	  0.646

8 	  40.36	 -14.57	  -9.40
	  0.286	 -0.489	 -0.824
	 -0.876	 -0.482	 -0.019
	 -0.387	  0.727	 -0.566

9 	  39.96	 -13.80	 -22.45
	  0.229	  0.007	 -0.973
	 -0.042	  0.999	 -0.002
	  0.972	  0.041	  0.229

2 	  32.66	  -6.82	  23.03
	  0.244	  0.969	 -0.031
	 -0.970	  0.244	 -0.008
	 -0.000	  0.032	  0.999

3 	  41.84	  -0.60	  -0.19
	  0.484	  0.227	  0.845
	 -0.158	  0.972	 -0.171
	 -0.861	 -0.051	  0.507

4 	  34.14	   4.87	  -4.89
	  0.162	  0.875	 -0.455
	 -0.568	  0.459	  0.682
	  0.807	  0.148	  0.572

5 	  39.01	  14.15	  -8.81
	  0.188	  0.559	 -0.807
	  0.972	 -0.220	  0.075
	 -0.136	 -0.799	 -0.585

6 	  38.97	  13.69	 -21.73
	  0.323	 -0.117	 -0.939
	 -0.035	  0.990	 -0.136
	  0.945	  0.077	  0.316

7 	  34.79	  -6.54	  -5.15
	  0.118	 -0.892	 -0.436
	  0.651	  0.401	 -0.644
	  0.749	 -0.208	  0.629

8 	  39.92	 -14.64	  -9.58
	  0.250	 -0.502	 -0.828
	 -0.885	 -0.465	  0.015
	 -0.393	  0.729	 -0.561

9 	  39.16	 -14.10	 -22.55
	  0.198	 -0.017	 -0.980
	 -0.032	  0.999	 -0.024
	  0.979	  0.036	  0.197

2 	  32.66	  -6.82	  23.03
	  0.244	  0.969	 -0.031
	 -0.970	  0.244	 -0.008
	 -0.000	  0.032	  0.999

3 	  41.82	  -0.60	  -0.26
	  0.483	  0.228	  0.845
	 -0.161	  0.972	 -0.170
	 -0.861	 -0.054	  0.506

4 	  34.05	   4.78	  -4.94
	  0.145	  0.877	 -0.457
	 -0.574	  0.451	  0.683
	  0.806	  0.163	  0.569

5 	  38.65	  14.13	  -8.93
	  0.167	  0.560	 -0.811
	  0.978	 -0.196	  0.066
	 -0.122	 -0.805	 -0.581

6 	  38.60	  13.62	 -21.85
	  0.315	 -0.115	 -0.942
	 -0.046	  0.989	 -0.137
	  0.948	  0.086	  0.306

7 	  34.73	  -6.49	  -5.17
	  0.104	 -0.892	 -0.439
	  0.650	  0.395	 -0.649
	  0.753	 -0.218	  0.621

8 	  39.69	 -14.66	  -9.63
	  0.233	 -0.505	 -0.831
	 -0.890	 -0.456	  0.027
	 -0.393	  0.733	 -0.556

9 	  38.79	 -14.17	 -22.62
	  0.183	 -0.022	 -0.983
	 -0.022	  0.999	 -0.027
	  0.983	  0.027	  0.183

2 	  32.66	  -6.82	  23.01
	  0.245	  0.969	 -0.031
	 -0.969	  0.245	 -0.007
	  0.000	  0.032	  0.999

3 	  41.80	  -0.60	  -0.33
	  0.482	  0.228	  0.846
	 -0.162	  0.972	 -0.169
	 -0.861	 -0.056	  0.505

4 	  34.05	   4.71	  -4.97
	  0.139	  0.877	 -0.459
	 -0.580	  0.448	  0.681
	  0.803	  0.171	  0.571

5 	  38.58	  14.12	  -8.96
	  0.164	  0.558	 -0.813
	  0.980	 -0.187	  0.070
	 -0.113	 -0.808	 -0.578

6 	  38.57	  13.54	 -21.90
	  0.315	 -0.121	 -0.941
	 -0.049	  0.988	 -0.143
	  0.947	  0.091	  0.306

7 	  34.73	  -6.47	  -5.22
	  0.098	 -0.893	 -0.440
	  0.653	  0.391	 -0.648
	  0.750	 -0.224	  0.622

8 	  39.62	 -14.71	  -9.67
	  0.228	 -0.506	 -0.832
	 -0.895	 -0.446	  0.025
	 -0.384	  0.738	 -0.554

9 	  38.78	 -14.13	 -22.62
	  0.187	 -0.020	 -0.982
	 -0.015	  1.000	 -0.023
	  0.982	  0.018	  0.186

2 	  32.66	  -6.82	  23.01
	  0.245	  0.969	 -0.032
	 -0.969	  0.245	 -0.008
	  0.000	  0.032	  0.999

3 	  41.78	  -0.62	  -0.32
	  0.480	  0.227	  0.847
	 -0.163	  0.972	 -0.169
	 -0.862	 -0.057	  0.503

4 	  34.07	   4.71	  -4.99
	  0.144	  0.876	 -0.461
	 -0.580	  0.452	  0.678
	  0.802	  0.169	  0.573

5 	  38.79	  14.04	  -8.98
	  0.181	  0.555	 -0.812
	  0.977	 -0.198	  0.082
	 -0.115	 -0.808	 -0.578

6 	  38.99	  13.38	 -21.85
	  0.330	 -0.130	 -0.935
	 -0.031	  0.988	 -0.149
	  0.943	  0.078	  0.322

7 	  34.77	  -6.52	  -5.24
	  0.109	 -0.892	 -0.439
	  0.661	  0.395	 -0.638
	  0.742	 -0.221	  0.633

8 	  39.69	 -14.73	  -9.65
	  0.239	 -0.505	 -0.829
	 -0.896	 -0.444	  0.012
	 -0.374	  0.740	 -0.559

9 	  39.34	 -14.13	 -22.54
	  0.215	 -0.021	 -0.976
	 -0.007	  1.000	 -0.022
	  0.976	  0.011	  0.215

2 	  32.68	  -6.82	  23.03
	  0.246	  0.969	 -0.032
	 -0.969	  0.245	 -0.008
	  0.000	  0.032	  0.999

3 	  41.78	  -0.63	  -0.30
	  0.479	  0.228	  0.847
	 -0.164	  0.972	 -0.169
	 -0.862	 -0.058	  0.503

4 	  34.15	   4.76	  -5.03
	  0.167	  0.872	 -0.461
	 -0.575	  0.465	  0.673
	  0.801	  0.152	  0.579

5 	  39.27	  13.94	  -8.84
	  0.217	  0.554	 -0.804
	  0.968	 -0.227	  0.106
	 -0.124	 -0.801	 -0.586

6 	  39.73	  13.39	 -21.67
	  0.354	 -0.132	 -0.926
	 -0.008	  0.989	 -0.144
	  0.935	  0.058	  0.349

7 	  34.86	  -6.61	  -5.26
	  0.138	 -0.890	 -0.435
	  0.671	  0.407	 -0.620
	  0.728	 -0.206	  0.653

8 	  40.18	 -14.73	  -9.42
	  0.282	 -0.507	 -0.814
	 -0.885	 -0.465	 -0.018
	 -0.369	  0.726	 -0.580

9 	  40.39	 -14.22	 -22.24
	  0.264	 -0.029	 -0.964
	 -0.013	  0.999	 -0.034
	  0.964	  0.021	  0.264

2 	  32.68	  -6.82	  23.03
	  0.247	  0.969	 -0.031
	 -0.969	  0.246	 -0.008
	  0.000	  0.032	  0.999

3 	  41.78	  -0.63	  -0.25
	  0.479	  0.229	  0.847
	 -0.165	  0.971	 -0.169
	 -0.862	 -0.059	  0.503

4 	  34.22	   4.83	  -5.04
	  0.195	  0.866	 -0.459
	 -0.569	  0.481	  0.667
	  0.799	  0.131	  0.587

5 	  39.78	  13.89	  -8.61
	  0.262	  0.555	 -0.789
	  0.956	 -0.260	  0.135
	 -0.130	 -0.790	 -0.599

6 	  40.73	  13.39	 -21.32
	  0.389	 -0.134	 -0.911
	  0.024	  0.990	 -0.136
	  0.921	  0.030	  0.388

7 	  35.00	  -6.68	  -5.24
	  0.182	 -0.886	 -0.426
	  0.682	  0.426	 -0.595
	  0.708	 -0.182	  0.682

8 	  40.78	 -14.66	  -9.07
	  0.337	 -0.506	 -0.794
	 -0.869	 -0.492	 -0.056
	 -0.362	  0.709	 -0.605

9 	  41.66	 -14.22	 -21.78
	  0.319	 -0.031	 -0.947
	 -0.033	  0.998	 -0.044
	  0.947	  0.045	  0.318

2 	  32.68	  -6.82	  23.03
	  0.247	  0.968	 -0.031
	 -0.969	  0.247	 -0.008
	  0.000	  0.032	  0.999

3 	  41.82	  -0.69	  -0.18
	  0.478	  0.230	  0.847
	 -0.166	  0.971	 -0.171
	 -0.863	 -0.060	  0.502

4 	  34.40	   4.90	  -5.08
	  0.231	  0.859	 -0.456
	 -0.562	  0.500	  0.659
	  0.794	  0.104	  0.599

5 	  40.46	  13.75	  -8.26
	  0.321	  0.556	 -0.767
	  0.937	 -0.303	  0.172
	 -0.137	 -0.774	 -0.618

6 	  41.98	  13.38	 -20.99
	  0.426	 -0.137	 -0.894
	  0.067	  0.990	 -0.120
	  0.902	 -0.009	  0.432

7 	  35.16	  -6.80	  -5.24
	  0.222	 -0.881	 -0.417
	  0.692	  0.444	 -0.569
	  0.687	 -0.162	  0.708

8 	  41.48	 -14.61	  -8.67
	  0.395	 -0.502	 -0.769
	 -0.846	 -0.526	 -0.091
	 -0.359	  0.687	 -0.632

9 	  42.94	 -14.31	 -21.38
	  0.370	 -0.031	 -0.928
	 -0.057	  0.996	 -0.057
	  0.927	  0.074	  0.367

2 	  32.68	  -6.82	  23.03
	  0.247	  0.968	 -0.031
	 -0.969	  0.247	 -0.008
	  0.000	  0.032	  0.999

3 	  41.82	  -0.70	  -0.09
	  0.475	  0.231	  0.849
	 -0.167	  0.971	 -0.171
	 -0.864	 -0.061	  0.500

4 	  34.54	   5.01	  -5.13
	  0.278	  0.850	 -0.447
	 -0.553	  0.522	  0.649
	  0.785	  0.066	  0.615

5 	  41.34	  13.62	  -7.75
	  0.392	  0.552	 -0.735
	  0.908	 -0.357	  0.217
	 -0.143	 -0.753	 -0.642

6 	  43.54	  13.27	 -20.29
	  0.478	 -0.146	 -0.866
	  0.120	  0.988	 -0.099
	  0.870	 -0.057	  0.490

7 	  35.31	  -6.93	  -5.22
	  0.262	 -0.877	 -0.402
	  0.703	  0.459	 -0.543
	  0.661	 -0.140	  0.737

8 	  42.12	 -14.50	  -8.21
	  0.455	 -0.498	 -0.738
	 -0.819	 -0.560	 -0.127
	 -0.351	  0.662	 -0.662

9 	  44.35	 -14.20	 -20.71
	  0.430	 -0.028	 -0.902
	 -0.087	  0.993	 -0.073
	  0.899	  0.109	  0.424

2 	  32.68	  -6.82	  23.03
	  0.247	  0.968	 -0.032
	 -0.969	  0.246	 -0.008
	  0.000	  0.032	  0.999

3 	  41.85	  -0.70	   0.00
	  0.472	  0.230	  0.851
	 -0.167	  0.971	 -0.170
	 -0.865	 -0.062	  0.497

4 	  34.75	   5.17	  -5.10
	  0.326	  0.840	 -0.434
	 -0.548	  0.542	  0.637
	  0.770	  0.030	  0.637

5 	  42.26	  13.45	  -7.07
	  0.477	  0.543	 -0.690
	  0.867	 -0.419	  0.270
	 -0.142	 -0.728	 -0.671

6 	  45.35	  13.18	 -19.35
	  0.541	 -0.155	 -0.827
	  0.170	  0.982	 -0.073
	  0.823	 -0.102	  0.558

7 	  35.49	  -7.01	  -5.20
	  0.304	 -0.873	 -0.381
	  0.712	  0.474	 -0.518
	  0.632	 -0.114	  0.766

8 	  42.82	 -14.47	  -7.54
	  0.521	 -0.498	 -0.693
	 -0.786	 -0.596	 -0.162
	 -0.333	  0.630	 -0.702

9 	  45.86	 -14.36	 -19.79
	  0.497	 -0.034	 -0.867
	 -0.111	  0.988	 -0.103
	  0.860	  0.147	  0.487

2 	  32.66	  -6.82	  23.01
	  0.247	  0.968	 -0.032
	 -0.969	  0.247	 -0.008
	  0.000	  0.032	  0.999

3 	  41.89	  -0.76	   0.11
	  0.467	  0.226	  0.854
	 -0.163	  0.972	 -0.168
	 -0.869	 -0.061	  0.491

4 	  35.07	   5.36	  -5.08
	  0.376	  0.831	 -0.409
	 -0.549	  0.556	  0.624
	  0.746	 -0.010	  0.666

5 	  43.15	  13.25	  -6.21
	  0.560	  0.534	 -0.633
	  0.818	 -0.476	  0.323
	 -0.128	 -0.699	 -0.704

6 	  47.25	  13.13	 -18.05
	  0.612	 -0.159	 -0.775
	  0.203	  0.978	 -0.040
	  0.764	 -0.132	  0.631

7 	  35.67	  -7.12	  -5.17
	  0.339	 -0.869	 -0.360
	  0.719	  0.486	 -0.495
	  0.606	 -0.092	  0.790

8 	  43.49	 -14.40	  -6.70
	  0.588	 -0.500	 -0.635
	 -0.750	 -0.631	 -0.198
	 -0.302	  0.593	 -0.746

9 	  47.44	 -14.45	 -18.51
	  0.571	 -0.043	 -0.819
	 -0.126	  0.982	 -0.140
	  0.811	  0.183	  0.556

2 	  32.68	  -6.82	  23.03
	  0.247	  0.968	 -0.032
	 -0.969	  0.247	 -0.008
	  0.000	  0.032	  0.999

3 	  41.92	  -0.77	   0.25
	  0.460	  0.222	  0.859
	 -0.161	  0.973	 -0.165
	 -0.873	 -0.062	  0.483

4 	  35.30	   5.57	  -5.01
	  0.419	  0.826	 -0.377
	 -0.555	  0.561	  0.613
	  0.719	 -0.048	  0.694

5 	  43.86	  13.17	  -5.24
	  0.631	  0.528	 -0.569
	  0.768	 -0.527	  0.363
	 -0.108	 -0.666	 -0.738

6 	  48.76	  13.20	 -16.72
	  0.669	 -0.160	 -0.726
	  0.233	  0.972	  0.001
	  0.705	 -0.170	  0.688

7 	  35.88	  -7.21	  -5.12
	  0.373	 -0.866	 -0.333
	  0.726	  0.496	 -0.476
	  0.578	 -0.065	  0.813

8 	  44.14	 -14.27	  -5.73
	  0.655	 -0.501	 -0.565
	 -0.708	 -0.667	 -0.230
	 -0.262	  0.551	 -0.792

9 	  49.06	 -14.73	 -17.03
	  0.646	 -0.057	 -0.761
	 -0.134	  0.973	 -0.186
	  0.751	  0.222	  0.621

2 	  32.66	  -6.82	  23.03
	  0.247	  0.968	 -0.032
	 -0.969	  0.247	 -0.008
	 -0.000	  0.032	  0.999

3 	  41.94	  -0.81	   0.37
	  0.455	  0.221	  0.862
	 -0.160	  0.973	 -0.165
	 -0.876	 -0.063	  0.478

4 	  35.53	   5.75	  -4.94
	  0.451	  0.822	 -0.347
	 -0.563	  0.564	  0.604
	  0.692	 -0.078	  0.717

5 	  44.37	  13.13	  -4.22
	  0.690	  0.523	 -0.501
	  0.720	 -0.563	  0.404
	 -0.071	 -0.640	 -0.766

6 	  50.10	  13.11	 -15.24
	  0.725	 -0.166	 -0.668
	  0.257	  0.965	  0.040
	  0.639	 -0.201	  0.743

7 	  36.04	  -7.35	  -5.06
	  0.397	 -0.865	 -0.306
	  0.731	  0.500	 -0.464
	  0.555	 -0.039	  0.831

8 	  44.70	 -14.22	  -4.57
	  0.716	 -0.503	 -0.483
	 -0.665	 -0.702	 -0.254
	 -0.211	  0.503	 -0.838

9 	  50.47	 -15.03	 -15.28
	  0.718	 -0.074	 -0.692
	 -0.128	  0.963	 -0.236
	  0.684	  0.258	  0.682

2 	  32.66	  -6.82	  23.03
	  0.247	  0.968	 -0.032
	 -0.969	  0.246	 -0.008
	 -0.000	  0.033	  0.999

3 	  41.98	  -0.81	   0.44
	  0.452	  0.220	  0.864
	 -0.160	  0.973	 -0.165
	 -0.877	 -0.063	  0.475

4 	  35.75	   5.94	  -4.82
	  0.483	  0.820	 -0.308
	 -0.571	  0.561	  0.599
	  0.664	 -0.114	  0.739

5 	  44.77	  13.04	  -3.06
	  0.743	  0.520	 -0.421
	  0.668	 -0.605	  0.433
	 -0.030	 -0.603	 -0.797

6 	  51.42	  13.20	 -13.54
	  0.777	 -0.162	 -0.608
	  0.270	  0.958	  0.091
	  0.567	 -0.235	  0.789

7 	  36.18	  -7.49	  -5.01
	  0.411	 -0.869	 -0.276
	  0.743	  0.494	 -0.451
	  0.528	 -0.019	  0.849

8 	  45.09	 -14.10	  -3.20
	  0.776	 -0.502	 -0.383
	 -0.614	 -0.740	 -0.275
	 -0.145	  0.448	 -0.882

9 	  51.91	 -15.19	 -13.10
	  0.792	 -0.080	 -0.605
	 -0.131	  0.946	 -0.297
	  0.595	  0.314	  0.739

2 	  32.66	  -6.82	  23.03
	  0.247	  0.968	 -0.032
	 -0.969	  0.247	 -0.008
	 -0.000	  0.032	  0.999

3 	  41.99	  -0.81	   0.53
	  0.449	  0.216	  0.867
	 -0.157	  0.974	 -0.162
	 -0.880	 -0.063	  0.471

4 	  36.04	   6.12	  -4.66
	  0.516	  0.814	 -0.264
	 -0.577	  0.559	  0.595
	  0.633	 -0.155	  0.758

5 	  45.25	  12.87	  -1.79
	  0.791	  0.512	 -0.334
	  0.611	 -0.651	  0.451
	  0.013	 -0.561	 -0.828

6 	  52.63	  13.34	 -11.58
	  0.827	 -0.155	 -0.540
	  0.280	  0.947	  0.156
	  0.487	 -0.281	  0.827

7 	  36.32	  -7.63	  -4.90
	  0.430	 -0.871	 -0.235
	  0.754	  0.490	 -0.436
	  0.495	  0.010	  0.869

8 	  45.33	 -13.87	  -1.71
	  0.829	 -0.492	 -0.265
	 -0.555	 -0.777	 -0.296
	 -0.060	  0.392	 -0.918

9 	  53.26	 -15.17	 -10.51
	  0.864	 -0.085	 -0.496
	 -0.119	  0.924	 -0.364
	  0.489	  0.373	  0.788

2 	  32.66	  -6.82	  23.01
	  0.247	  0.968	 -0.032
	 -0.969	  0.247	 -0.008
	  0.000	  0.033	  0.999

3 	  42.01	  -0.84	   0.63
	  0.447	  0.211	  0.869
	 -0.151	  0.975	 -0.160
	 -0.882	 -0.060	  0.468

4 	  36.33	   6.29	  -4.55
	  0.544	  0.809	 -0.221
	 -0.589	  0.556	  0.586
	  0.597	 -0.189	  0.779

5 	  45.53	  12.67	  -0.46
	  0.835	  0.498	 -0.234
	  0.544	 -0.687	  0.482
	  0.079	 -0.530	 -0.844

6 	  53.75	  13.22	  -9.28
	  0.878	 -0.158	 -0.452
	  0.277	  0.937	  0.211
	  0.390	 -0.311	  0.867

7 	  36.56	  -7.82	  -4.80
	  0.450	 -0.873	 -0.187
	  0.764	  0.485	 -0.425
	  0.462	  0.048	  0.885

8 	  45.54	 -13.59	  -0.11
	  0.868	 -0.476	 -0.136
	 -0.495	 -0.815	 -0.301
	  0.032	  0.329	 -0.944

9 	  54.40	 -15.17	  -7.44
	  0.925	 -0.090	 -0.369
	 -0.087	  0.896	 -0.436
	  0.370	  0.435	  0.821

2 	  32.68	  -6.82	  23.03
	  0.247	  0.968	 -0.032
	 -0.969	  0.247	 -0.008
	  0.000	  0.033	  0.999

3 	  42.05	  -0.84	   0.72
	  0.444	  0.209	  0.871
	 -0.148	  0.976	 -0.160
	 -0.883	 -0.058	  0.465

4 	  36.65	   6.42	  -4.36
	  0.570	  0.805	 -0.162
	 -0.610	  0.547	  0.573
	  0.550	 -0.228	  0.803

5 	  45.60	  12.46	   1.05
	  0.865	  0.487	 -0.119
	  0.475	 -0.722	  0.503
	  0.159	 -0.491	 -0.856

6 	  54.69	  13.24	  -6.61
	  0.925	 -0.152	 -0.346
	  0.257	  0.924	  0.283
	  0.277	 -0.351	  0.894

7 	  36.77	  -8.00	  -4.66
	  0.464	 -0.874	 -0.141
	  0.776	  0.478	 -0.412
	  0.427	  0.082	  0.900

8 	  45.42	 -13.32	   1.34
	  0.888	 -0.459	 -0.006
	 -0.439	 -0.845	 -0.304
	  0.135	  0.272	 -0.953

9 	  55.04	 -15.26	  -4.83
	  0.963	 -0.095	 -0.251
	 -0.042	  0.870	 -0.491
	  0.265	  0.483	  0.834

2 	  32.68	  -6.84	  23.03
	  0.247	  0.968	 -0.033
	 -0.969	  0.247	 -0.008
	  0.001	  0.033	  0.999

3 	  42.08	  -0.90	   0.79
	  0.445	  0.207	  0.871
	 -0.145	  0.977	 -0.158
	 -0.884	 -0.056	  0.464

4 	  36.91	   6.52	  -4.24
	  0.587	  0.802	 -0.111
	 -0.630	  0.538	  0.560
	  0.509	 -0.259	  0.821

5 	  45.40	  12.20	   2.62
	  0.881	  0.472	  0.007
	  0.399	 -0.755	  0.520
	  0.251	 -0.455	 -0.854

6 	  55.32	  13.10	  -3.64
	  0.962	 -0.151	 -0.225
	  0.225	  0.906	  0.358
	  0.149	 -0.396	  0.906

7 	  36.91	  -8.14	  -4.55
	  0.470	 -0.878	 -0.091
	  0.791	  0.465	 -0.398
	  0.391	  0.115	  0.913

8 	  45.02	 -13.15	   2.79
	  0.886	 -0.445	  0.131
	 -0.387	 -0.865	 -0.318
	  0.255	  0.231	 -0.939

9 	  55.35	 -15.19	  -1.63
	  0.990	 -0.089	 -0.107
	  0.020	  0.850	 -0.525
	  0.138	  0.518	  0.844

2 	  32.66	  -6.82	  23.01
	  0.247	  0.968	 -0.034
	 -0.969	  0.247	 -0.007
	  0.002	  0.034	  0.999

3 	  42.12	  -0.90	   0.91
	  0.446	  0.202	  0.872
	 -0.142	  0.977	 -0.154
	 -0.884	 -0.055	  0.465

4 	  37.04	   6.63	  -4.10
	  0.589	  0.806	 -0.056
	 -0.657	  0.518	  0.547
	  0.470	 -0.286	  0.835

5 	  44.84	  11.85	   4.29
	  0.879	  0.451	  0.151
	  0.314	 -0.790	  0.526
	  0.357	 -0.416	 -0.837

6 	  55.48	  12.90	  -0.32
	  0.985	 -0.149	 -0.082
	  0.170	  0.885	  0.434
	  0.007	 -0.442	  0.897

7 	  37.02	  -8.26	  -4.38
	  0.468	 -0.883	 -0.030
	  0.814	  0.445	 -0.373
	  0.343	  0.150	  0.927

8 	  44.21	 -12.96	   4.38
	  0.860	 -0.425	  0.282
	 -0.324	 -0.882	 -0.341
	  0.394	  0.202	 -0.896

9 	  55.14	 -14.96	   1.90
	  0.995	 -0.076	  0.061
	  0.097	  0.835	 -0.541
	 -0.010	  0.544	  0.839

2 	  32.68	  -6.84	  23.03
	  0.247	  0.968	 -0.035
	 -0.969	  0.247	 -0.006
	  0.002	  0.035	  0.999

3 	  42.13	  -0.88	   1.00
	  0.451	  0.198	  0.870
	 -0.143	  0.978	 -0.149
	 -0.881	 -0.057	  0.469

4 	  37.14	   6.79	  -3.90
	  0.584	  0.812	  0.006
	 -0.689	  0.491	  0.533
	  0.430	 -0.316	  0.846

5 	  44.03	  11.55	   5.78
	  0.856	  0.429	  0.290
	  0.232	 -0.819	  0.525
	  0.462	 -0.382	 -0.800

6 	  55.16	  12.64	   3.39
	  0.985	 -0.146	  0.087
	  0.084	  0.863	  0.497
	 -0.148	 -0.483	  0.863

7 	  37.12	  -8.35	  -4.22
	  0.460	 -0.887	  0.028
	  0.838	  0.423	 -0.344
	  0.293	  0.181	  0.938

8 	  43.21	 -12.66	   5.84
	  0.806	 -0.405	  0.431
	 -0.268	 -0.900	 -0.344
	  0.527	  0.162	 -0.834

9 	  54.37	 -14.54	   5.50
	  0.972	 -0.055	  0.229
	  0.176	  0.814	 -0.553
	 -0.156	  0.577	  0.801

2 	  32.68	  -6.82	  23.01
	  0.247	  0.968	 -0.035
	 -0.969	  0.247	 -0.006
	  0.003	  0.035	  0.999

3 	  42.15	  -0.83	   1.07
	  0.456	  0.193	  0.868
	 -0.144	  0.979	 -0.142
	 -0.878	 -0.060	  0.475

4 	  37.21	   6.86	  -3.76
	  0.570	  0.818	  0.072
	 -0.725	  0.459	  0.513
	  0.387	 -0.345	  0.855

5 	  43.07	  11.20	   7.12
	  0.812	  0.405	  0.420
	  0.157	 -0.845	  0.511
	  0.562	 -0.349	 -0.750

6 	  54.39	  12.27	   6.54
	  0.961	 -0.148	  0.233
	 -0.000	  0.844	  0.536
	 -0.276	 -0.515	  0.811

7 	  37.14	  -8.42	  -4.06
	  0.440	 -0.894	  0.085
	  0.863	  0.395	 -0.314
	  0.246	  0.211	  0.946

8 	  42.05	 -12.38	   6.98
	  0.738	 -0.385	  0.554
	 -0.226	 -0.915	 -0.334
	  0.636	  0.121	 -0.762

9 	  53.21	 -14.36	   8.51
	  0.929	 -0.043	  0.366
	  0.257	  0.786	 -0.562
	 -0.264	  0.616	  0.741

2 	  32.68	  -6.82	  23.01
	  0.247	  0.968	 -0.036
	 -0.969	  0.246	 -0.005
	  0.003	  0.035	  0.999

3 	  42.13	  -0.83	   1.11
	  0.462	  0.189	  0.866
	 -0.143	  0.980	 -0.138
	 -0.875	 -0.060	  0.480

4 	  37.30	   6.94	  -3.59
	  0.551	  0.824	  0.128
	 -0.758	  0.431	  0.489
	  0.348	 -0.367	  0.863

5 	  42.01	  10.85	   8.14
	  0.752	  0.380	  0.538
	  0.078	 -0.862	  0.500
	  0.655	 -0.335	 -0.678

6 	  53.19	  11.90	   9.40
	  0.915	 -0.148	  0.375
	 -0.087	  0.836	  0.542
	 -0.394	 -0.529	  0.752

7 	  37.18	  -8.53	  -3.92
	  0.412	 -0.901	  0.135
	  0.888	  0.364	 -0.278
	  0.201	  0.235	  0.951

8 	  40.69	 -12.15	   7.96
	  0.643	 -0.367	  0.672
	 -0.193	 -0.927	 -0.321
	  0.741	  0.077	 -0.667

9 	  51.57	 -14.06	  11.32
	  0.868	 -0.024	  0.496
	  0.339	  0.759	 -0.557
	 -0.363	  0.651	  0.667

2 	  32.68	  -6.82	  23.01
	  0.247	  0.968	 -0.036
	 -0.969	  0.246	 -0.006
	  0.003	  0.036	  0.999

3 	  42.13	  -0.84	   1.14
	  0.465	  0.186	  0.865
	 -0.141	  0.980	 -0.136
	 -0.874	 -0.058	  0.482

4 	  37.39	   6.94	  -3.45
	  0.529	  0.829	  0.181
	 -0.791	  0.404	  0.459
	  0.307	 -0.386	  0.869

5 	  40.78	  10.63	   8.91
	  0.670	  0.366	  0.645
	  0.007	 -0.872	  0.489
	  0.742	 -0.323	 -0.587

6 	  51.73	  11.39	  12.15
	  0.846	 -0.160	  0.509
	 -0.164	  0.829	  0.534
	 -0.508	 -0.535	  0.675

7 	  37.20	  -8.61	  -3.71
	  0.366	 -0.911	  0.188
	  0.917	  0.320	 -0.237
	  0.156	  0.259	  0.953

8 	  39.30	 -11.95	   8.74
	  0.538	 -0.345	  0.769
	 -0.163	 -0.938	 -0.307
	  0.827	  0.039	 -0.561

9 	  49.68	 -13.78	  13.76
	  0.790	 -0.002	  0.612
	  0.417	  0.733	 -0.537
	 -0.448	  0.680	  0.580

2 	  32.68	  -6.82	  23.03
	  0.247	  0.968	 -0.036
	 -0.969	  0.247	 -0.006
	  0.003	  0.036	  0.999

3 	  42.15	  -0.84	   1.20
	  0.467	  0.182	  0.865
	 -0.132	  0.982	 -0.135
	 -0.874	 -0.051	  0.482

4 	  37.44	   7.01	  -3.38
	  0.500	  0.837	  0.219
	 -0.819	  0.376	  0.432
	  0.279	 -0.396	  0.874

5 	  39.48	  10.41	   9.49
	  0.573	  0.348	  0.742
	 -0.062	 -0.884	  0.463
	  0.817	 -0.311	 -0.486

6 	  49.85	  10.99	  14.59
	  0.755	 -0.163	  0.634
	 -0.249	  0.824	  0.508
	 -0.606	 -0.542	  0.582

7 	  37.25	  -8.74	  -3.55
	  0.330	 -0.916	  0.229
	  0.936	  0.286	 -0.203
	  0.120	  0.281	  0.952

8 	  38.09	 -11.72	   9.19
	  0.434	 -0.320	  0.842
	 -0.125	 -0.947	 -0.295
	  0.892	  0.022	 -0.452

9 	  47.97	 -13.43	  15.64
	  0.708	  0.021	  0.706
	  0.477	  0.722	 -0.501
	 -0.521	  0.691	  0.501

2 	  32.68	  -6.82	  23.01
	  0.247	  0.968	 -0.036
	 -0.969	  0.246	 -0.006
	  0.003	  0.036	  0.999

3 	  42.13	  -0.83	   1.25
	  0.468	  0.180	  0.865
	 -0.127	  0.982	 -0.136
	 -0.874	 -0.046	  0.483

4 	  37.44	   7.07	  -3.27
	  0.468	  0.849	  0.245
	 -0.844	  0.347	  0.409
	  0.262	 -0.399	  0.879

5 	  38.16	  10.16	   9.79
	  0.471	  0.334	  0.816
	 -0.112	 -0.895	  0.431
	  0.875	 -0.295	 -0.385

6 	  47.90	  10.56	  16.45
	  0.658	 -0.171	  0.733
	 -0.307	  0.828	  0.469
	 -0.687	 -0.534	  0.493

7 	  37.25	  -8.79	  -3.39
	  0.303	 -0.914	  0.270
	  0.948	  0.263	 -0.176
	  0.089	  0.309	  0.947

8 	  37.09	 -11.53	   9.44
	  0.342	 -0.299	  0.890
	 -0.085	 -0.954	 -0.288
	  0.936	  0.023	 -0.352

9 	  46.30	 -13.06	  16.96
	  0.626	  0.046	  0.778
	  0.515	  0.725	 -0.457
	 -0.586	  0.686	  0.431

2 	  32.68	  -6.84	  23.01
	  0.247	  0.968	 -0.036
	 -0.969	  0.247	 -0.006
	  0.003	  0.036	  0.999

3 	  42.13	  -0.83	   1.27
	  0.470	  0.178	  0.864
	 -0.124	  0.983	 -0.136
	 -0.874	 -0.044	  0.484

4 	  37.39	   7.08	  -3.22
	  0.445	  0.856	  0.263
	 -0.860	  0.326	  0.393
	  0.250	 -0.401	  0.881

5 	  37.16	   9.98	   9.86
	  0.386	  0.326	  0.863
	 -0.142	 -0.903	  0.405
	  0.911	 -0.279	 -0.303

6 	  46.18	  10.46	  17.72
	  0.575	 -0.166	  0.801
	 -0.362	  0.826	  0.431
	 -0.733	 -0.538	  0.415

7 	  37.32	  -8.81	  -3.30
	  0.289	 -0.911	  0.294
	  0.955	  0.252	 -0.157
	  0.069	  0.326	  0.943

8 	  36.40	 -11.41	   9.44
	  0.266	 -0.281	  0.922
	 -0.026	 -0.958	 -0.285
	  0.963	  0.052	 -0.263

9 	  44.91	 -12.64	  18.00
	  0.535	  0.070	  0.842
	  0.530	  0.748	 -0.399
	 -0.658	  0.660	  0.363

2 	  32.66	  -6.82	  23.03
	  0.247	  0.968	 -0.036
	 -0.969	  0.247	 -0.006
	  0.003	  0.036	  0.999

3 	  42.15	  -0.81	   1.30
	  0.471	  0.176	  0.864
	 -0.120	  0.983	 -0.135
	 -0.874	 -0.040	  0.484

4 	  37.34	   7.12	  -3.15
	  0.424	  0.865	  0.269
	 -0.870	  0.307	  0.386
	  0.251	 -0.398	  0.882

5 	  36.33	   9.91	   9.88
	  0.314	  0.320	  0.894
	 -0.169	 -0.907	  0.384
	  0.934	 -0.272	 -0.231

6 	  44.74	  10.28	  18.63
	  0.496	 -0.168	  0.852
	 -0.393	  0.831	  0.392
	 -0.774	 -0.530	  0.346

7 	  37.32	  -8.81	  -3.27
	  0.269	 -0.913	  0.306
	  0.961	  0.236	 -0.141
	  0.056	  0.332	  0.941

8 	  35.79	 -11.21	   9.51
	  0.207	 -0.260	  0.943
	 -0.012	 -0.964	 -0.264
	  0.978	  0.043	 -0.203

9 	  43.91	 -12.32	  18.65
	  0.476	  0.084	  0.875
	  0.562	  0.736	 -0.376
	 -0.676	  0.671	  0.303

2 	  32.68	  -6.84	  23.03
	  0.247	  0.968	 -0.036
	 -0.969	  0.247	 -0.005
	  0.004	  0.036	  0.999

3 	  42.13	  -0.81	   1.32
	  0.472	  0.172	  0.864
	 -0.114	  0.984	 -0.134
	 -0.874	 -0.036	  0.484

4 	  37.30	   7.14	  -3.13
	  0.413	  0.869	  0.272
	 -0.875	  0.296	  0.383
	  0.252	 -0.397	  0.882

5 	  35.81	   9.72	   9.83
	  0.268	  0.298	  0.916
	 -0.204	 -0.912	  0.356
	  0.942	 -0.282	 -0.183

6 	  43.66	   9.93	  19.12
