% Calibrated with leiden_pols
% Positions are in centimeters
Data =[
 2    96.910   -18.086    59.697
 2     0.108    -0.994     0.001
 2     0.993     0.108     0.033
 2    -0.033    -0.003     0.999
 3   125.026    -1.990    11.054
 3    -0.114     0.077    -0.990
 3     0.123    -0.988    -0.091
 3    -0.986    -0.132     0.103
 4   114.813    14.803    -9.826
 4     0.473    -0.853     0.223
 4     0.875     0.425    -0.230
 4     0.101     0.303     0.947
 5   112.097    24.423    19.104
 5     0.137    -0.083     0.987
 5     0.205    -0.973    -0.110
 5     0.969     0.217    -0.117
 6   125.318    26.398    48.233
 6     0.217    -0.143    -0.966
 6     0.078     0.988    -0.129
 6     0.973    -0.048     0.225
 7   117.229   -19.784   -10.315
 7     0.459     0.869     0.184
 7    -0.877     0.410     0.252
 7     0.143    -0.277     0.950
 8   122.798   -27.275    21.946
 8     0.624    -0.017     0.781
 8    -0.208    -0.967     0.145
 8     0.753    -0.253    -0.607
 9   147.572   -26.951    19.687
 9     0.920     0.109    -0.377
 9     0.209     0.675     0.707
 9     0.332    -0.729     0.598
 2    96.910   -18.086    59.697
 2     0.109    -0.994     0.000
 2     0.993     0.109     0.033
 2    -0.033    -0.003     0.999
 3   125.135    -1.919    11.384
 3    -0.106     0.083    -0.991
 3     0.118    -0.988    -0.095
 3    -0.987    -0.128     0.095
 4   114.888    14.704    -9.873
 4     0.465    -0.859     0.215
 4     0.879     0.421    -0.223
 4     0.101     0.293     0.950
 5   111.896    24.246    19.063
 5     0.140    -0.053     0.988
 5     0.212    -0.974    -0.083
 5     0.967     0.221    -0.126
 6   125.818    26.866    47.778
 6     0.253    -0.421    -0.871
 6     0.052     0.905    -0.422
 6     0.966     0.062     0.251
 7   117.635   -19.985   -10.020
 7     0.448     0.878     0.164
 7    -0.875     0.394     0.279
 7     0.180    -0.269     0.946
 8   121.039   -26.860    22.753
 8     0.573    -0.114     0.811
 8    -0.244    -0.969     0.036
 8     0.782    -0.219    -0.583
 9   144.680   -31.440    21.495
 9     0.943     0.215    -0.253
 9     0.119     0.493     0.862
 9     0.310    -0.843     0.439
 2    96.908   -18.087    59.700
 2     0.109    -0.994     0.000
 2     0.993     0.109     0.033
 2    -0.034    -0.003     0.999
 3   125.113    -1.924    11.575
 3    -0.104     0.091    -0.990
 3     0.113    -0.988    -0.103
 3    -0.988    -0.122     0.092
 4   114.747    14.446    -9.878
 4     0.458    -0.862     0.216
 4     0.884     0.416    -0.214
 4     0.094     0.288     0.953
 5   111.564    24.463    19.081
 5     0.152    -0.041     0.987
 5     0.219    -0.973    -0.074
 5     0.964     0.228    -0.139
 6   126.387    26.443    47.049
 6     0.294    -0.545    -0.785
 6    -0.001     0.821    -0.570
 6     0.955     0.169     0.241
 7   117.450   -20.447    -9.774
 7     0.419     0.895     0.151
 7    -0.881     0.361     0.305
 7     0.219    -0.261     0.940
 8   118.414   -26.988    22.986
 8     0.505    -0.181     0.843
 8    -0.276    -0.960    -0.041
 8     0.817    -0.212    -0.536
 9   138.620   -36.415    24.905
 9     0.920     0.388    -0.050
 9    -0.026     0.186     0.982
 9     0.390    -0.902     0.181
 2    96.910   -18.086    59.697
 2     0.108    -0.994     0.000
 2     0.993     0.108     0.033
 2    -0.033    -0.003     0.999
 3   124.857    -1.932    11.616
 3    -0.109     0.088    -0.990
 3     0.104    -0.989    -0.100
 3    -0.989    -0.114     0.099
 4   114.235    14.206    -9.946
 4     0.456    -0.859     0.234
 4     0.886     0.414    -0.206
 4     0.080     0.301     0.950
 5   111.745    24.317    18.999
 5     0.184    -0.019     0.982
 5     0.216    -0.975    -0.059
 5     0.959     0.223    -0.176
 6   126.949    26.086    47.065
 6     0.256    -0.581    -0.773
 6    -0.056     0.789    -0.612
 6     0.965     0.200     0.169
 7   117.044   -20.794    -9.311
 7     0.388     0.909     0.151
 7    -0.888     0.325     0.325
 7     0.246    -0.261     0.933
 8   116.232   -27.150    22.703
 8     0.432    -0.228     0.872
 8    -0.300    -0.949    -0.100
 8     0.851    -0.218    -0.478
 9   130.214   -39.430    32.388
 9     0.744     0.650     0.154
 9    -0.162    -0.048     0.985
 9     0.648    -0.758     0.069
 2    96.910   -18.086    59.697
 2     0.109    -0.994     0.000
 2     0.993     0.109     0.033
 2    -0.033    -0.003     0.999
 3   124.558    -2.154    11.490
 3    -0.121     0.078    -0.990
 3     0.098    -0.991    -0.091
 3    -0.988    -0.108     0.112
 4   113.888    14.071   -10.001
 4     0.459    -0.854     0.245
 4     0.885     0.418    -0.204
 4     0.071     0.310     0.948
 5   111.650    24.159    18.990
 5     0.190    -0.030     0.981
 5     0.210    -0.975    -0.071
 5     0.959     0.219    -0.180
 6   126.647    26.010    47.081
 6     0.273    -0.660    -0.700
 6    -0.056     0.716    -0.696
 6     0.960     0.229     0.158
 7   116.438   -21.102    -9.091
 7     0.369     0.915     0.161
 7    -0.895     0.303     0.328
 7     0.252    -0.265     0.931
 8   114.018   -27.735    22.128
 8     0.330    -0.190     0.924
 8    -0.301    -0.949    -0.088
 8     0.895    -0.249    -0.371
 9   122.978   -37.009    38.690
 9     0.456     0.887    -0.074
 9    -0.137     0.152     0.979
 9     0.879    -0.437     0.191
 2    96.910   -18.086    59.697
 2     0.109    -0.994     0.000
 2     0.993     0.109     0.033
 2    -0.033    -0.004     0.999
 3   124.278    -2.325    11.295
 3    -0.132     0.072    -0.989
 3     0.094    -0.992    -0.085
 3    -0.987    -0.104     0.124
 4   113.627    13.965    -9.993
 4     0.460    -0.851     0.253
 4     0.885     0.418    -0.204
 4     0.067     0.317     0.946
 5   111.651    23.854    19.049
 5     0.194    -0.019     0.981
 5     0.204    -0.977    -0.059
 5     0.959     0.211    -0.186
 6   125.252    27.569    47.533
 6     0.298    -0.896    -0.327
 6     0.000     0.343    -0.939
 6     0.954     0.280     0.103
 7   116.094   -21.262    -8.908
 7     0.351     0.921     0.167
 7    -0.901     0.285     0.326
 7     0.253    -0.265     0.930
 8   111.629   -27.394    21.463
 8     0.234    -0.131     0.963
 8    -0.265    -0.962    -0.067
 8     0.935    -0.240    -0.260
 9   118.183   -34.027    42.671
 9     0.262     0.911    -0.316
 9    -0.075     0.346     0.935
 9     0.962    -0.222     0.159
 2    96.910   -18.086    59.697
 2     0.109    -0.994     0.000
 2     0.993     0.109     0.033
 2    -0.033    -0.003     0.999
 3   124.049    -2.371    11.197
 3    -0.137     0.066    -0.988
 3     0.095    -0.992    -0.080
 3    -0.986    -0.105     0.130
 4   113.479    13.965    -9.921
 4     0.461    -0.850     0.254
 4     0.884     0.418    -0.206
 4     0.068     0.320     0.945
 5   111.800    23.500    19.356
 5     0.200     0.003     0.979
 5     0.198    -0.979    -0.038
 5     0.959     0.202    -0.196
 6   124.827    28.210    48.025
 6     0.309    -0.948    -0.080
 6     0.042     0.098    -0.994
 6     0.950     0.304     0.069
 7   115.672   -21.125    -8.892
 7     0.323     0.929     0.176
 7    -0.912     0.256     0.320
 7     0.252    -0.265     0.930
 8   110.164   -25.788    21.186
 8     0.192    -0.187     0.963
 8    -0.242    -0.960    -0.138
 8     0.951    -0.207    -0.230
 9   116.847   -32.757    42.679
 9     0.266     0.930    -0.254
 9    -0.055     0.277     0.959
 9     0.962    -0.241     0.125
 2    96.910   -18.086    59.697
 2     0.109    -0.994     0.000
 2     0.993     0.109     0.033
 2    -0.033    -0.003     0.999
 3   123.985    -2.392    11.130
 3    -0.143     0.055    -0.988
 3     0.100    -0.992    -0.069
 3    -0.985    -0.109     0.136
 4   113.420    14.248    -9.763
 4     0.466    -0.847     0.254
 4     0.881     0.421    -0.215
 4     0.075     0.323     0.943
 5   112.298    23.145    19.663
 5     0.206     0.002     0.978
 5     0.181    -0.983    -0.036
 5     0.961     0.185    -0.203
 6   124.541    28.497    48.320
 6     0.318    -0.942     0.102
 6     0.071    -0.083    -0.994
 6     0.945     0.323     0.041
 7   115.527   -20.951    -8.937
 7     0.314     0.931     0.186
 7    -0.915     0.245     0.320
 7     0.252    -0.271     0.929
 8   110.224   -25.241    20.992
 8     0.179    -0.208     0.961
 8    -0.226    -0.960    -0.166
 8     0.957    -0.187    -0.219
 9   117.970   -33.086    41.650
 9     0.345     0.933    -0.097
 9    -0.059     0.124     0.990
 9     0.936    -0.336     0.098
 2    96.908   -18.087    59.700
 2     0.109    -0.994     0.000
 2     0.993     0.109     0.033
 2    -0.034    -0.004     0.999
 3   123.904    -2.381    10.870
 3    -0.150     0.048    -0.987
 3     0.105    -0.992    -0.065
 3    -0.983    -0.114     0.144
 4   113.333    14.481    -9.679
 4     0.469    -0.846     0.252
 4     0.879     0.421    -0.222
 4     0.081     0.326     0.942
 5   112.575    23.012    20.067
 5     0.216     0.000     0.976
 5     0.168    -0.985    -0.037
 5     0.961     0.172    -0.214
 6   124.698    28.371    48.588
 6     0.322    -0.937     0.134
 6     0.068    -0.119    -0.990
 6     0.944     0.328     0.025
 7   115.412   -21.012    -9.285
 7     0.325     0.924     0.201
 7    -0.916     0.255     0.308
 7     0.233    -0.285     0.929
 8   111.297   -25.504    20.874
 8     0.200    -0.196     0.960
 8    -0.228    -0.962    -0.149
 8     0.953    -0.189    -0.238
 9   119.518   -34.004    40.524
 9     0.392     0.918    -0.049
 9    -0.075     0.085     0.993
 9     0.917    -0.385     0.102
 2    96.908   -18.087    59.700
 2     0.109    -0.994     0.000
 2     0.993     0.109     0.033
 2    -0.034    -0.004     0.999
 3   123.885    -2.370    10.841
 3    -0.160     0.054    -0.986
 3     0.108    -0.991    -0.072
 3    -0.981    -0.118     0.152
 4   112.960    14.333    -9.565
 4     0.462    -0.847     0.261
 4     0.882     0.411    -0.227
 4     0.084     0.335     0.938
 5   112.559    22.596    20.163
 5     0.230     0.010     0.973
 5     0.162    -0.986    -0.029
 5     0.959     0.164    -0.229
 6   125.146    27.705    48.427
 6     0.326    -0.944     0.049
 6     0.040    -0.038    -0.998
 6     0.944     0.327     0.026
 7   115.590   -21.195    -9.430
 7     0.348     0.913     0.212
 7    -0.913     0.279     0.297
 7     0.212    -0.297     0.931
 8   112.486   -25.955    20.842
 8     0.232    -0.178     0.956
 8    -0.222    -0.967    -0.126
 8     0.947    -0.183    -0.265
 9   120.724   -33.518    40.288
 9     0.378     0.917    -0.125
 9    -0.072     0.163     0.984
 9     0.923    -0.363     0.128
 2    96.908   -18.087    59.700
 2     0.109    -0.994     0.000
 2     0.993     0.109     0.033
 2    -0.034    -0.003     0.999
 3   123.686    -2.276    10.534
 3    -0.180     0.068    -0.981
 3     0.107    -0.990    -0.089
 3    -0.978    -0.121     0.170
 4   112.607    14.277    -9.679
 4     0.455    -0.844     0.283
 4     0.887     0.403    -0.225
 4     0.076     0.353     0.932
 5   112.301    22.435    19.967
 5     0.234    -0.014     0.972
 5     0.150    -0.987    -0.051
 5     0.960     0.157    -0.229
 6   125.691    27.344    48.077
 6     0.314    -0.931    -0.185
 6     0.068     0.216    -0.974
 6     0.947     0.293     0.131
 7   115.608   -21.310    -9.426
 7     0.378     0.899     0.219
 7    -0.902     0.305     0.305
 7     0.208    -0.313     0.926
 8   113.366   -25.675    21.057
 8     0.242    -0.089     0.966
 8    -0.179    -0.983    -0.046
 8     0.953    -0.162    -0.254
 9   120.816   -29.509    40.423
 9     0.336     0.828    -0.449
 9    -0.018     0.481     0.876
 9     0.942    -0.286     0.176
 2    96.910   -18.086    59.697
 2     0.109    -0.994     0.000
 2     0.993     0.109     0.033
 2    -0.033    -0.003     0.999
 3   123.584    -2.326    10.382
 3    -0.180     0.075    -0.981
 3     0.106    -0.990    -0.095
 3    -0.978    -0.121     0.170
 4   112.521    14.196    -9.716
 4     0.457    -0.843     0.285
 4     0.886     0.406    -0.222
 4     0.071     0.354     0.932
 5   112.419    22.579    19.838
 5     0.238    -0.032     0.970
 5     0.153    -0.986    -0.070
 5     0.959     0.165    -0.230
 6   126.052    27.246    47.854
 6     0.318    -0.913    -0.256
 6     0.055     0.287    -0.956
 6     0.946     0.290     0.141
 7   115.498   -21.405    -9.365
 7     0.381     0.897     0.223
 7    -0.899     0.304     0.314
 7     0.213    -0.321     0.922
 8   113.493   -25.906    21.226
 8     0.238    -0.083     0.967
 8    -0.179    -0.983    -0.040
 8     0.954    -0.164    -0.249
 9   121.788   -28.629    40.306
 9     0.353     0.801    -0.485
 9     0.014     0.513     0.858
 9     0.935    -0.309     0.170
 2    96.908   -18.087    59.700
 2     0.109    -0.994     0.000
 2     0.993     0.109     0.033
 2    -0.034    -0.003     0.999
 3   123.632    -2.351    10.306
 3    -0.180     0.077    -0.981
 3     0.105    -0.990    -0.097
 3    -0.978    -0.121     0.170
 4   112.415    14.064    -9.755
 4     0.462    -0.840     0.283
 4     0.884     0.413    -0.219
 4     0.067     0.352     0.933
 5   112.565    22.598    19.871
 5     0.244    -0.028     0.969
 5     0.160    -0.985    -0.068
 5     0.956     0.172    -0.237
 6   126.997    27.174    47.737
 6     0.309    -0.868    -0.390
 6     0.035     0.420    -0.907
 6     0.950     0.266     0.160
 7   115.297   -21.524    -9.263
 7     0.379     0.897     0.227
 7    -0.898     0.297     0.323
 7     0.222    -0.327     0.918
 8   113.458   -25.774    21.532
 8     0.238    -0.118     0.964
 8    -0.181    -0.980    -0.075
 8     0.954    -0.157    -0.255
 9   121.488   -29.464    39.842
 9     0.371     0.824    -0.428
 9    -0.002     0.461     0.887
 9     0.928    -0.329     0.172
 2    96.908   -18.087    59.700
 2     0.109    -0.994     0.000
 2     0.993     0.109     0.033
 2    -0.034    -0.003     0.999
 3   123.679    -2.507    10.208
 3    -0.180     0.075    -0.981
 3     0.101    -0.990    -0.095
 3    -0.979    -0.116     0.170
 4   112.504    13.879    -9.859
 4     0.468    -0.838     0.281
 4     0.881     0.421    -0.213
 4     0.060     0.348     0.936
 5   112.680    22.967    19.555
 5     0.249    -0.041     0.967
 5     0.175    -0.981    -0.087
 5     0.952     0.191    -0.237
 6   128.189    26.016    47.105
 6     0.278    -0.607    -0.745
 6     0.007     0.776    -0.630
 6     0.960     0.170     0.220
 7   115.254   -21.743    -9.123
 7     0.375     0.898     0.228
 7    -0.896     0.289     0.335
 7     0.235    -0.331     0.914
 8   113.261   -25.814    21.643
 8     0.229    -0.144     0.962
 8    -0.190    -0.976    -0.101
 8     0.954    -0.160    -0.251
 9   120.310   -29.633    40.748
 9     0.327     0.830    -0.452
 9    -0.020     0.484     0.875
 9     0.945    -0.277     0.174
 2    96.910   -18.086    59.697
 2     0.108    -0.994     0.000
 2     0.993     0.108     0.033
 2    -0.033    -0.003     0.999
 3   123.787    -2.714    10.027
 3    -0.178     0.068    -0.982
 3     0.093    -0.992    -0.086
 3    -0.980    -0.107     0.170
 4   112.517    13.694   -10.016
 4     0.473    -0.835     0.280
 4     0.879     0.428    -0.207
 4     0.053     0.344     0.937
 5   112.765    23.173    19.286
 5     0.243    -0.055     0.968
 5     0.181    -0.978    -0.101
 5     0.953     0.200    -0.228
 6   128.176    26.159    47.036
 6     0.271    -0.570    -0.776
 6     0.023     0.810    -0.586
 6     0.962     0.141     0.232
 7   115.217   -21.790    -8.985
 7     0.373     0.899     0.229
 7    -0.896     0.286     0.339
 7     0.240    -0.332     0.912
 8   113.106   -25.941    21.555
 8     0.218    -0.162     0.962
 8    -0.204    -0.972    -0.117
 8     0.954    -0.171    -0.245
 9   118.322   -30.758    42.675
 9     0.244     0.855    -0.459
 9    -0.056     0.484     0.873
 9     0.968    -0.188     0.165
 2    96.910   -18.086    59.697
 2     0.108    -0.994     0.000
 2     0.993     0.108     0.033
 2    -0.033    -0.003     0.999
 3   123.805    -2.816     9.845
 3    -0.176     0.063    -0.982
 3     0.091    -0.992    -0.081
 3    -0.980    -0.104     0.169
 4   112.614    13.538   -10.107
 4     0.479    -0.833     0.276
 4     0.876     0.436    -0.205
 4     0.050     0.340     0.939
 5   112.814    23.177    19.248
 5     0.236    -0.052     0.970
 5     0.187    -0.977    -0.098
 5     0.953     0.205    -0.221
 6   128.016    26.948    46.792
 6     0.263    -0.591    -0.763
 6     0.045     0.797    -0.602
 6     0.964     0.124     0.236
 7   115.222   -21.864    -9.041
 7     0.372     0.899     0.230
 7    -0.896     0.283     0.342
 7     0.242    -0.334     0.911
 8   113.116   -26.032    21.564
 8     0.211    -0.219     0.953
 8    -0.236    -0.957    -0.167
 8     0.948    -0.190    -0.254
 9   117.445   -32.303    42.832
 9     0.218     0.881    -0.420
 9    -0.106     0.449     0.887
 9     0.970    -0.149     0.190
 2    96.908   -18.087    59.700
 2     0.109    -0.994     0.001
 2     0.993     0.108     0.033
 2    -0.034    -0.003     0.999
 3   123.897    -2.872     9.677
 3    -0.174     0.057    -0.983
 3     0.091    -0.993    -0.074
 3    -0.981    -0.102     0.167
 4   112.717    13.637   -10.181
 4     0.485    -0.831     0.273
 4     0.873     0.442    -0.206
 4     0.050     0.338     0.939
 5   112.742    23.459    19.044
 5     0.228    -0.054     0.972
 5     0.207    -0.973    -0.102
 5     0.951     0.224    -0.211
 6   127.728    27.857    46.612
 6     0.261    -0.586    -0.767
 6     0.076     0.805    -0.588
 6     0.962     0.095     0.255
 7   115.017   -21.860    -9.106
 7     0.369     0.897     0.241
 7    -0.896     0.274     0.350
 7     0.248    -0.345     0.905
 8   113.173   -26.327    21.704
 8     0.212    -0.296     0.931
 8    -0.279    -0.932    -0.232
 8     0.936    -0.211    -0.280
 9   116.759   -34.864    42.084
 9     0.215     0.912    -0.349
 9    -0.155     0.385     0.910
 9     0.964    -0.142     0.224
 2    96.907   -18.087    59.700
 2     0.108    -0.994     0.000
 2     0.993     0.108     0.033
 2    -0.034    -0.003     0.999
 3   123.876    -2.898     9.463
 3    -0.175     0.050    -0.983
 3     0.088    -0.994    -0.066
 3    -0.981    -0.098     0.170
 4   112.498    13.350   -10.283
 4     0.486    -0.829     0.276
 4     0.873     0.446    -0.199
 4     0.041     0.337     0.940
 5   112.416    24.054    18.645
 5     0.229    -0.030     0.973
 5     0.252    -0.964    -0.089
 5     0.940     0.266    -0.213
 6   127.458    29.849    45.793
 6     0.278    -0.573    -0.771
 6     0.142     0.818    -0.557
 6     0.950     0.045     0.309
 7   114.784   -21.957    -9.068
 7     0.367     0.896     0.250
 7    -0.895     0.267     0.357
 7     0.253    -0.355     0.900
 8   113.495   -26.996    21.990
 8     0.218    -0.373     0.901
 8    -0.326    -0.899    -0.293
 8     0.920    -0.230    -0.318
 9   117.213   -36.717    40.556
 9     0.244     0.920    -0.307
 9    -0.199     0.357     0.912
 9     0.949    -0.162     0.270
 2    96.907   -18.087    59.700
 2     0.108    -0.994     0.000
 2     0.993     0.108     0.033
 2    -0.034    -0.003     0.999
 3   123.789    -2.998     9.269
 3    -0.176     0.045    -0.983
 3     0.081    -0.995    -0.060
 3    -0.981    -0.090     0.172
 4   112.193    12.927   -10.780
 4     0.479    -0.829     0.287
 4     0.878     0.445    -0.176
 4     0.018     0.337     0.941
 5   112.142    24.673    17.914
 5     0.225    -0.015     0.974
 5     0.297    -0.951    -0.083
 5     0.928     0.308    -0.210
 6   127.184    31.938    44.777
 6     0.279    -0.565    -0.776
 6     0.196     0.825    -0.530
 6     0.940    -0.004     0.341
 7   115.001   -22.014    -9.004
 7     0.372     0.896     0.242
 7    -0.888     0.267     0.375
 7     0.272    -0.354     0.895
 8   113.818   -27.255    22.251
 8     0.221    -0.448     0.866
 8    -0.370    -0.860    -0.350
 8     0.902    -0.243    -0.356
 9   116.962   -39.596    39.275
 9     0.245     0.945    -0.215
 9    -0.270     0.280     0.921
 9     0.931    -0.168     0.324
 2    96.907   -18.087    59.700
 2     0.108    -0.994     0.000
 2     0.993     0.108     0.033
 2    -0.034    -0.003     0.999
 3   123.799    -3.001     9.118
 3    -0.172     0.042    -0.984
 3     0.073    -0.996    -0.056
 3    -0.982    -0.082     0.168
 4   112.205    12.737   -10.990
 4     0.476    -0.828     0.296
 4     0.879     0.448    -0.163
 4     0.002     0.338     0.941
 5   112.171    25.760    17.137
 5     0.220     0.002     0.975
 5     0.356    -0.931    -0.078
 5     0.908     0.365    -0.206
 6   126.964    34.881    43.127
 6     0.277    -0.569    -0.774
 6     0.267     0.820    -0.507
 6     0.923    -0.067     0.379
 7   115.038   -21.932    -9.101
 7     0.373     0.898     0.234
 7    -0.885     0.269     0.380
 7     0.278    -0.349     0.895
 8   114.070   -27.774    22.289
 8     0.223    -0.519     0.825
 8    -0.422    -0.814    -0.398
 8     0.878    -0.260    -0.401
 9   116.315   -42.388    37.780
 9     0.243     0.964    -0.106
 9    -0.339     0.186     0.922
 9     0.909    -0.189     0.372
 2    96.907   -18.087    59.700
 2     0.108    -0.994     0.000
 2     0.993     0.108     0.033
 2    -0.034    -0.003     0.999
 3   123.811    -2.910     9.011
 3    -0.163     0.040    -0.986
 3     0.066    -0.996    -0.051
 3    -0.984    -0.074     0.159
 4   112.272    12.584   -11.372
 4     0.485    -0.819     0.308
 4     0.874     0.463    -0.144
 4    -0.025     0.339     0.940
 5   112.337    27.141    16.035
 5     0.220     0.012     0.975
 5     0.414    -0.907    -0.082
 5     0.883     0.422    -0.205
 6   127.090    37.960    41.225
 6     0.277    -0.567    -0.776
 6     0.338     0.813    -0.474
 6     0.899    -0.131     0.417
 7   115.132   -21.602    -9.263
 7     0.376     0.900     0.217
 7    -0.883     0.278     0.377
 7     0.279    -0.334     0.900
 8   114.487   -28.393    22.373
 8     0.225    -0.590     0.775
 8    -0.479    -0.760    -0.440
 8     0.848    -0.272    -0.454
 9   116.044   -45.017    35.796
 9     0.255     0.967     0.004
 9    -0.406     0.103     0.908
 9     0.877    -0.234     0.419
 2    96.908   -18.087    59.700
 2     0.109    -0.994     0.000
 2     0.993     0.108     0.033
 2    -0.034    -0.003     0.999
 3   123.840    -2.794     8.927
 3    -0.155     0.036    -0.987
 3     0.059    -0.997    -0.046
 3    -0.986    -0.066     0.152
 4   112.384    12.378   -11.826
 4     0.495    -0.807     0.322
 4     0.867     0.482    -0.127
 4    -0.054     0.342     0.938
 5   112.562    28.545    14.633
 5     0.220    -0.014     0.975
 5     0.460    -0.880    -0.116
 5     0.860     0.474    -0.188
 6   127.313    40.022    39.382
 6     0.277    -0.499    -0.821
 6     0.385     0.841    -0.380
 6     0.880    -0.211     0.425
 7   115.028   -21.527    -9.338
 7     0.378     0.901     0.212
 7    -0.883     0.282     0.375
 7     0.278    -0.330     0.902
 8   114.786   -29.130    22.311
 8     0.231    -0.644     0.729
 8    -0.527    -0.713    -0.463
 8     0.817    -0.277    -0.505
 9   116.155   -47.299    33.667
 9     0.276     0.957     0.091
 9    -0.464     0.049     0.885
 9     0.842    -0.287     0.457
 2    96.858   -18.087    59.700
 2     0.109    -0.994     0.000
 2     0.993     0.109     0.033
 2    -0.034    -0.004     0.999
 3   123.779    -2.907     8.914
 3    -0.148     0.031    -0.988
 3     0.051    -0.998    -0.040
 3    -0.988    -0.056     0.146
 4   112.430    12.101   -12.240
 4     0.502    -0.797     0.335
 4     0.861     0.496    -0.109
 4    -0.079     0.344     0.935
 5   112.688    29.230    13.673
 5     0.219    -0.031     0.975
 5     0.488    -0.862    -0.137
 5     0.845     0.506    -0.174
 6   127.514    41.582    37.803
 6     0.274    -0.430    -0.860
 6     0.419     0.858    -0.296
 6     0.865    -0.279     0.416
 7   115.031   -21.523    -9.402
 7     0.381     0.901     0.204
 7    -0.881     0.287     0.377
 7     0.281    -0.324     0.903
 8   115.176   -29.986    22.293
 8     0.238    -0.686     0.687
 8    -0.566    -0.673    -0.476
 8     0.789    -0.276    -0.549
 9   116.703   -48.877    32.253
 9     0.292     0.946     0.140
 9    -0.500     0.026     0.865
 9     0.815    -0.323     0.481
 2    96.907   -18.087    59.700
 2     0.108    -0.994     0.000
 2     0.993     0.108     0.033
 2    -0.034    -0.003     0.999
 3   123.700    -2.910     8.853
 3    -0.143     0.032    -0.989
 3     0.039    -0.998    -0.038
 3    -0.989    -0.044     0.142
 4   112.375    11.672   -12.628
 4     0.503    -0.792     0.346
 4     0.858     0.505    -0.091
 4    -0.104     0.343     0.933
 5   112.569    29.646    13.024
 5     0.215    -0.042     0.976
 5     0.505    -0.850    -0.148
 5     0.836     0.524    -0.162
 6   127.483    42.062    37.230
 6     0.271    -0.397    -0.877
 6     0.430     0.865    -0.259
 6     0.861    -0.307     0.404
 7   115.049   -21.591    -9.302
 7     0.383     0.902     0.199
 7    -0.877     0.288     0.384
 7     0.289    -0.322     0.902
 8   115.461   -30.762    22.247
 8     0.245    -0.701     0.669
 8    -0.591    -0.656    -0.470
 8     0.769    -0.281    -0.575
 9   117.116   -49.966    30.966
 9     0.311     0.934     0.172
 9    -0.528     0.019     0.849
 9     0.790    -0.356     0.499
 2    96.858   -18.087    59.700
 2     0.109    -0.994     0.000
 2     0.993     0.108     0.034
 2    -0.034    -0.003     0.999
 3   123.656    -3.034     8.886
 3    -0.142     0.031    -0.989
 3     0.032    -0.999    -0.036
 3    -0.989    -0.037     0.141
 4   112.440    11.567   -12.741
 4     0.503    -0.791     0.348
 4     0.857     0.507    -0.086
 4    -0.109     0.342     0.933
 5   112.546    29.816    12.708
 5     0.209    -0.051     0.976
 5     0.516    -0.843    -0.154
 5     0.831     0.536    -0.150
 6   127.418    42.417    37.014
 6     0.267    -0.405    -0.874
 6     0.436     0.860    -0.265
 6     0.859    -0.311     0.406
 7   115.106   -21.689    -9.211
 7     0.386     0.901     0.198
 7    -0.875     0.289     0.388
 7     0.292    -0.323     0.900
 8   115.584   -31.283    22.249
 8     0.248    -0.706     0.663
 8    -0.608    -0.646    -0.461
 8     0.754    -0.289    -0.590
 9   117.280   -51.028    30.052
 9     0.313     0.932     0.180
 9    -0.549     0.022     0.835
 9     0.775    -0.361     0.519
 2    96.910   -18.086    59.697
 2     0.109    -0.994     0.001
 2     0.993     0.108     0.033
 2    -0.033    -0.003     0.999
 3   123.630    -2.989     8.924
 3    -0.141     0.032    -0.989
 3     0.030    -0.999    -0.036
 3    -0.990    -0.035     0.140
 4   112.490    11.567   -12.741
 4     0.503    -0.791     0.348
 4     0.857     0.508    -0.087
 4    -0.109     0.342     0.933
 5   112.726    30.135    12.524
 5     0.212    -0.043     0.976
 5     0.528    -0.836    -0.151
 5     0.822     0.547    -0.155
 6   127.471    43.293    36.263
 6     0.271    -0.443    -0.854
 6     0.457     0.840    -0.291
 6     0.847    -0.311     0.430
 7   115.156   -21.685    -9.213
 7     0.392     0.898     0.197
 7    -0.872     0.295     0.390
 7     0.292    -0.325     0.899
 8   115.468   -32.328    21.746
 8     0.247    -0.712     0.657
 8    -0.640    -0.629    -0.441
 8     0.728    -0.312    -0.611
 9   116.964   -52.261    28.839
 9     0.301     0.942     0.149
 9    -0.580     0.056     0.813
 9     0.757    -0.331     0.563
 2    96.908   -18.087    59.700
 2     0.109    -0.994     0.000
 2     0.993     0.109     0.034
 2    -0.034    -0.004     0.999
 3   123.621    -3.040     8.893
 3    -0.141     0.031    -0.989
 3     0.029    -0.999    -0.035
 3    -0.990    -0.033     0.140
 4   112.529    11.561   -12.803
 4     0.506    -0.788     0.351
 4     0.855     0.511    -0.084
 4    -0.114     0.342     0.932
 5   112.725    30.546    12.070
 5     0.213    -0.030     0.976
 5     0.552    -0.821    -0.145
 5     0.806     0.569    -0.159
 6   127.543    44.745    34.946
 6     0.277    -0.473    -0.836
 6     0.489     0.819    -0.301
 6     0.827    -0.325     0.458
 7   115.173   -21.592    -9.227
 7     0.401     0.894     0.196
 7    -0.872     0.308     0.379
 7     0.279    -0.324     0.904
 8   115.287   -33.670    21.135
 8     0.237    -0.727     0.644
 8    -0.687    -0.594    -0.418
 8     0.687    -0.344    -0.640
 9   116.223   -54.471    26.978
 9     0.287     0.937     0.198
 9    -0.628     0.028     0.778
 9     0.723    -0.349     0.596
 2    96.908   -18.087    59.700
 2     0.109    -0.994     0.000
 2     0.993     0.109     0.033
 2    -0.034    -0.003     0.999
 3   123.664    -3.039     8.890
 3    -0.141     0.029    -0.990
 3     0.028    -0.999    -0.034
 3    -0.990    -0.032     0.140
 4   112.589    11.554   -12.834
 4     0.508    -0.785     0.355
 4     0.853     0.516    -0.080
 4    -0.121     0.343     0.931
 5   112.753    31.044    11.752
 5     0.210    -0.045     0.976
 5     0.561    -0.813    -0.158
 5     0.801     0.581    -0.146
 6   127.534    45.251    34.742
 6     0.272    -0.458    -0.847
 6     0.497     0.820    -0.284
 6     0.824    -0.344     0.450
 7   115.002   -21.472    -9.250
 7     0.403     0.893     0.199
 7    -0.875     0.311     0.372
 7     0.270    -0.324     0.906
 8   115.284   -34.403    20.666
 8     0.234    -0.753     0.615
 8    -0.717    -0.561    -0.413
 8     0.656    -0.344    -0.672
 9   115.847   -55.824    25.447
 9     0.281     0.929     0.240
 9    -0.659     0.004     0.752
 9     0.698    -0.370     0.613
 2    96.910   -18.086    59.697
 2     0.109    -0.994     0.000
 2     0.993     0.108     0.033
 2    -0.033    -0.003     0.999
 3   123.537    -3.038     8.880
 3    -0.140     0.024    -0.990
 3     0.024    -0.999    -0.027
 3    -0.990    -0.028     0.139
 4   112.610    11.466   -13.028
 4     0.511    -0.779     0.364
 4     0.849     0.523    -0.073
 4    -0.134     0.346     0.928
 5   113.064    31.280    11.271
 5     0.219    -0.056     0.974
 5     0.571    -0.802    -0.174
 5     0.791     0.594    -0.144
 6   128.131    45.671    33.854
 6     0.282    -0.436    -0.855
 6     0.506     0.824    -0.253
 6     0.815    -0.361     0.453
 7   114.800   -21.398    -9.136
 7     0.404     0.890     0.208
 7    -0.875     0.310     0.372
 7     0.267    -0.333     0.904
 8   115.398   -35.499    20.313
 8     0.236    -0.772     0.590
 8    -0.753    -0.530    -0.391
 8     0.614    -0.352    -0.706
 9   115.661   -57.153    23.866
 9     0.275     0.924     0.264
 9    -0.689    -0.002     0.725
 9     0.671    -0.381     0.636
 2    96.907   -18.087    59.700
 2     0.108    -0.994     0.000
 2     0.993     0.108     0.033
 2    -0.034    -0.003     0.999
 3   123.569    -3.033     8.621
 3    -0.141     0.016    -0.990
 3     0.015    -1.000    -0.019
 3    -0.990    -0.018     0.141
 4   112.427    11.292   -13.245
 4     0.510    -0.770     0.383
 4     0.845     0.530    -0.059
 4    -0.158     0.354     0.922
 5   113.393    32.002    10.359
 5     0.235    -0.044     0.971
 5     0.604    -0.776    -0.182
 5     0.762     0.629    -0.156
 6   128.768    47.291    31.990
 6     0.297    -0.436    -0.850
 6     0.541     0.810    -0.226
 6     0.787    -0.393     0.476
 7   114.418   -21.414    -9.067
 7     0.401     0.883     0.240
 7    -0.881     0.302     0.363
 7     0.248    -0.358     0.900
 8   115.478   -36.986    19.310
 8     0.234    -0.799     0.554
 8    -0.798    -0.484    -0.360
 8     0.555    -0.358    -0.751
 9   114.822   -60.097    20.619
 9     0.260     0.905     0.338
 9    -0.752    -0.029     0.658
 9     0.605    -0.425     0.673
 2    96.910   -18.086    59.697
 2     0.109    -0.994     0.000
 2     0.993     0.108     0.033
 2    -0.033    -0.003     0.999
 3   123.492    -3.023     8.408
 3    -0.144     0.012    -0.989
 3     0.010    -1.000    -0.014
 3    -0.989    -0.012     0.144
 4   112.141    11.143   -13.389
 4     0.507    -0.759     0.408
 4     0.842     0.536    -0.049
 4    -0.182     0.369     0.911
 5   113.574    32.725     9.516
 5     0.252    -0.028     0.967
 5     0.633    -0.751    -0.187
 5     0.732     0.659    -0.172
 6   129.412    48.955    29.658
 6     0.317    -0.446    -0.837
 6     0.577     0.791    -0.203
 6     0.753    -0.419     0.508
 7   114.012   -21.207    -9.153
 7     0.406     0.874     0.266
 7    -0.887     0.306     0.346
 7     0.220    -0.377     0.900
 8   115.545   -38.171    18.007
 8     0.234    -0.829     0.507
 8    -0.843    -0.433    -0.319
 8     0.484    -0.353    -0.801
 9   113.774   -63.066    17.060
 9     0.234     0.847     0.478
 9    -0.816    -0.096     0.569
 9     0.528    -0.523     0.668
 2    96.908   -18.087    59.700
 2     0.109    -0.994     0.000
 2     0.993     0.109     0.033
 2    -0.034    -0.003     0.999
 3   123.377    -2.919     8.085
 3    -0.151     0.009    -0.988
 3     0.005    -1.000    -0.010
 3    -0.989    -0.006     0.151
 4   111.741    10.989   -13.669
 4     0.502    -0.747     0.435
 4     0.838     0.544    -0.034
 4    -0.212     0.382     0.899
 5   113.766    33.448     8.412
 5     0.270    -0.020     0.963
 5     0.658    -0.726    -0.199
 5     0.703     0.687    -0.183
 6   129.939    50.501    27.786
 6     0.328    -0.428    -0.842
 6     0.606     0.779    -0.160
 6     0.724    -0.457     0.516
 7   113.567   -20.875    -9.330
 7     0.415     0.863     0.287
 7    -0.890     0.321     0.323
 7     0.187    -0.390     0.901
 8   115.403   -39.640    16.458
 8     0.231    -0.854     0.465
 8    -0.883    -0.385    -0.267
 8     0.407    -0.349    -0.844
 9   113.240   -65.091    12.851
 9     0.221     0.794     0.567
 9    -0.867    -0.105     0.486
 9     0.446    -0.599     0.665
 2    96.910   -18.086    59.697
 2     0.109    -0.994     0.000
 2     0.993     0.109     0.033
 2    -0.033    -0.004     0.999
 3   125.094    -5.022    10.075
 3    -0.156     0.008    -0.988
 3    -0.002    -1.000    -0.008
 3    -0.988     0.000     0.156
 4   111.432    10.791   -13.967
 4     0.496    -0.738     0.457
 4     0.835     0.549    -0.022
 4    -0.235     0.393     0.889
 5   113.840    33.847     7.525
 5     0.281    -0.003     0.959
 5     0.681    -0.703    -0.202
 5     0.675     0.711    -0.196
 6   130.132    51.546    26.198
 6     0.338    -0.446    -0.829
 6     0.626     0.763    -0.156
 6     0.702    -0.467     0.538
 7   113.234   -20.600    -9.566
 7     0.423     0.852     0.308
 7    -0.894     0.337     0.296
 7     0.148    -0.401     0.904
 8   115.497   -40.908    14.831
 8     0.232    -0.878     0.417
 8    -0.919    -0.339    -0.202
 8     0.319    -0.337    -0.886
 9   113.863   -67.141     8.760
 9     0.217     0.676     0.704
 9    -0.916    -0.107     0.385
 9     0.336    -0.729     0.596
 2    96.860   -18.086    59.697
 2     0.109    -0.994     0.000
 2     0.993     0.109     0.033
 2    -0.033    -0.003     0.999
 3   125.094    -5.014     9.861
 3    -0.158     0.008    -0.987
 3    -0.004    -1.000    -0.008
 3    -0.987     0.003     0.158
 4   111.290    10.598   -14.152
 4     0.492    -0.732     0.470
 4     0.833     0.553    -0.012
 4    -0.252     0.397     0.882
 5   113.932    34.277     6.600
 5     0.288     0.006     0.958
 5     0.702    -0.682    -0.207
 5     0.651     0.732    -0.200
 6   130.336    52.636    24.003
 6     0.348    -0.453    -0.821
 6     0.652     0.745    -0.135
 6     0.673    -0.489     0.555
 7   112.965   -20.304    -9.686
 7     0.431     0.839     0.331
 7    -0.896     0.356     0.264
 7     0.104    -0.411     0.905
 8   115.738   -41.941    13.139
 8     0.237    -0.895     0.378
 8    -0.942    -0.308    -0.137
 8     0.239    -0.323    -0.916
 9   114.417   -68.078     5.312
 9     0.219     0.607     0.763
 9    -0.941    -0.077     0.330
 9     0.259    -0.791     0.555
 2    96.910   -18.086    59.697
 2     0.109    -0.994     0.000
 2     0.993     0.109     0.033
 2    -0.033    -0.004     0.999
 3   125.087    -4.956     9.662
 3    -0.159     0.009    -0.987
 3    -0.007    -1.000    -0.008
 3    -0.987     0.005     0.159
 4   111.252    10.406   -14.388
 4     0.489    -0.728     0.480
 4     0.830     0.557     0.000
 4    -0.268     0.398     0.877
 5   113.989    34.680     5.759
 5     0.291     0.017     0.956
 5     0.725    -0.657    -0.208
 5     0.624     0.754    -0.204
 6   130.184    54.160    22.083
 6     0.345    -0.443    -0.828
 6     0.687     0.720    -0.099
 6     0.640    -0.534     0.552
 7   112.716   -20.153    -9.757
 7     0.436     0.829     0.350
 7    -0.897     0.370     0.240
 7     0.069    -0.419     0.905
 8   116.026   -42.815    11.606
 8     0.244    -0.906     0.347
 8    -0.955    -0.287    -0.078
 8     0.170    -0.312    -0.934
 9   115.330   -69.019     1.549
 9     0.221     0.514     0.829
 9    -0.961    -0.032     0.275
 9     0.168    -0.857     0.487
 2    96.910   -18.086    59.697
 2     0.108    -0.994     0.000
 2     0.993     0.108     0.033
 2    -0.033    -0.003     0.999
 3   125.051    -4.951     9.412
 3    -0.162     0.012    -0.987
 3    -0.010    -1.000    -0.011
 3    -0.987     0.008     0.162
 4   111.148    10.269   -14.481
 4     0.483    -0.729     0.485
 4     0.829     0.558     0.013
 4    -0.280     0.396     0.874
 5   113.923    35.160     5.140
 5     0.294     0.036     0.955
 5     0.746    -0.633    -0.206
 5     0.597     0.773    -0.213
 6   130.095    55.050    20.937
 6     0.352    -0.458    -0.817
 6     0.707     0.702    -0.089
 6     0.613    -0.546     0.570
 7   112.536   -19.943    -9.832
 7     0.443     0.819     0.363
 7    -0.895     0.385     0.223
 7     0.043    -0.425     0.904
 8   116.337   -43.370    10.516
 8     0.247    -0.916     0.315
 8    -0.961    -0.272    -0.039
 8     0.121    -0.293    -0.948
 9   116.340   -69.385    -0.016
 9     0.218     0.378     0.899
 9    -0.969    -0.027     0.246
 9     0.117    -0.925     0.361
 2    96.860   -18.086    59.697
 2     0.109    -0.994     0.000
 2     0.993     0.108     0.033
 2    -0.033    -0.004     0.999
 3   125.062    -4.894     9.268
 3    -0.163     0.014    -0.986
 3    -0.010    -1.000    -0.013
 3    -0.986     0.008     0.163
 4   110.946    10.286   -14.558
 4     0.479    -0.725     0.494
 4     0.828     0.559     0.018
 4    -0.290     0.401     0.869
 5   114.012    35.397     4.835
 5     0.303     0.059     0.951
 5     0.757    -0.621    -0.203
 5     0.579     0.781    -0.234
 6   129.959    56.648    18.931
 6     0.369    -0.662    -0.652
 6     0.743     0.631    -0.221
 6     0.558    -0.403     0.725
 7   112.399   -19.828    -9.906
 7     0.448     0.812     0.374
 7    -0.894     0.395     0.213
 7     0.025    -0.430     0.902
 8   116.944   -43.420    10.118
 8     0.241    -0.936     0.256
 8    -0.966    -0.258    -0.031
 8     0.095    -0.240    -0.966
 9   117.031   -70.243     1.347
 9     0.190     0.159     0.969
 9    -0.976    -0.075     0.204
 9     0.105    -0.984     0.141
 2    96.910   -18.086    59.697
 2     0.109    -0.994     0.000
 2     0.993     0.109     0.033
 2    -0.033    -0.003     0.999
 3   125.012    -4.765     9.035
 3    -0.167     0.018    -0.986
 3    -0.011    -1.000    -0.017
 3    -0.986     0.008     0.168
 4   110.693    10.276   -14.610
 4     0.476    -0.719     0.506
 4     0.827     0.562     0.022
 4    -0.300     0.408     0.862
 5   114.093    35.562     4.638
 5     0.313     0.081     0.946
 5     0.762    -0.615    -0.199
 5     0.566     0.784    -0.255
 6   129.622    57.236    17.785
 6     0.372    -0.801    -0.469
 6     0.761     0.552    -0.341
 6     0.531    -0.230     0.815
 7   112.392   -19.701    -9.975
 7     0.455     0.806     0.377
 7    -0.890     0.402     0.215
 7     0.022    -0.433     0.901
 8   117.316   -43.231    10.415
 8     0.240    -0.943     0.232
