% Calibrated with leiden_pols
% Positions are in centimeters
Data =[
 2    96.907   -18.087    59.700
 2     0.108    -0.994     0.001
 2     0.993     0.108     0.033
 2    -0.034    -0.003     0.999
 3   123.418    -2.768    10.365
 3    -0.171     0.035    -0.984
 3     0.109    -0.992    -0.054
 3    -0.979    -0.117     0.166
 4   112.552    14.673    -8.788
 4     0.490    -0.829     0.270
 4     0.868     0.436    -0.236
 4     0.078     0.350     0.933
 5   112.024    23.711    20.760
 5     0.234    -0.079     0.969
 5     0.140    -0.983    -0.114
 5     0.962     0.162    -0.219
 6   127.064    24.157    49.240
 6     0.155    -0.413    -0.898
 6    -0.078     0.901    -0.428
 6     0.985     0.135     0.107
 7   114.809   -22.098    -7.340
 7     0.378     0.907     0.181
 7    -0.877     0.289     0.383
 7     0.295    -0.304     0.906
 8   113.027   -26.106    23.698
 8     0.298     0.029     0.954
 8    -0.107    -0.992     0.063
 8     0.948    -0.121    -0.293
 9   122.604   -27.073    44.349
 9     0.290     0.700    -0.652
 9     0.067     0.665     0.744
 9     0.954    -0.260     0.146
 2    96.910   -18.086    59.646
 2     0.108    -0.994     0.001
 2     0.993     0.108     0.033
 2    -0.033    -0.003     0.999
 3   123.301    -2.768    10.394
 3    -0.171     0.036    -0.984
 3     0.111    -0.992    -0.055
 3    -0.979    -0.119     0.166
 4   112.551    14.724    -8.737
 4     0.488    -0.830     0.270
 4     0.869     0.435    -0.236
 4     0.078     0.350     0.933
 5   111.923    23.688    20.810
 5     0.233    -0.074     0.969
 5     0.141    -0.984    -0.109
 5     0.962     0.162    -0.219
 6   126.974    24.203    49.155
 6     0.156    -0.412    -0.898
 6    -0.079     0.901    -0.427
 6     0.984     0.138     0.108
 7   114.935   -22.045    -7.345
 7     0.380     0.907     0.178
 7    -0.876     0.291     0.384
 7     0.296    -0.302     0.906
 8   113.269   -26.284    23.697
 8     0.298     0.046     0.953
 8    -0.105    -0.991     0.080
 8     0.948    -0.124    -0.291
 9   122.852   -26.893    44.349
 9     0.290     0.691    -0.663
 9     0.070     0.674     0.734
 9     0.954    -0.260     0.146
 2    96.910   -18.086    59.697
 2     0.109    -0.994     0.001
 2     0.993     0.109     0.033
 2    -0.033    -0.003     0.999
 3   123.304    -2.641    10.397
 3    -0.171     0.039    -0.984
 3     0.111    -0.992    -0.059
 3    -0.979    -0.120     0.165
 4   112.505    14.778    -8.717
 4     0.484    -0.833     0.270
 4     0.871     0.430    -0.235
 4     0.080     0.349     0.934
 5   111.847    23.766    20.813
 5     0.231    -0.071     0.970
 5     0.143    -0.984    -0.106
 5     0.962     0.163    -0.217
 6   126.918    24.223    49.250
 6     0.158    -0.421    -0.893
 6    -0.084     0.896    -0.437
 6     0.984     0.144     0.106
 7   114.981   -21.994    -7.395
 7     0.385     0.906     0.174
 7    -0.875     0.298     0.383
 7     0.295    -0.299     0.907
 8   113.437   -26.332    23.732
 8     0.303     0.047     0.952
 8    -0.104    -0.991     0.083
 8     0.947    -0.124    -0.296
 9   123.405   -26.899    44.011
 9     0.298     0.678    -0.672
 9     0.069     0.686     0.723
 9     0.952    -0.262     0.157
 2    96.860   -18.137    59.697
 2     0.109    -0.994     0.000
 2     0.993     0.109     0.033
 2    -0.033    -0.004     0.999
 3   123.311    -2.641    10.450
 3    -0.170     0.042    -0.984
 3     0.112    -0.992    -0.062
 3    -0.979    -0.121     0.164
 4   112.567    14.783    -8.730
 4     0.481    -0.836     0.263
 4     0.872     0.427    -0.237
 4     0.085     0.344     0.935
 5   111.693    23.645    20.909
 5     0.229    -0.056     0.972
 5     0.146    -0.985    -0.092
 5     0.962     0.162    -0.218
 6   126.685    24.325    49.419
 6     0.159    -0.438    -0.885
 6    -0.085     0.887    -0.454
 6     0.984     0.147     0.103
 7   115.157   -21.965    -7.452
 7     0.389     0.905     0.170
 7    -0.872     0.302     0.384
 7     0.296    -0.298     0.907
 8   113.715   -26.748    23.618
 8     0.305     0.072     0.949
 8    -0.108    -0.988     0.110
 8     0.946    -0.136    -0.294
 9   124.358   -26.903    43.880
 9     0.306     0.631    -0.713
 9     0.074     0.731     0.678
 9     0.949    -0.260     0.177
 2    96.910   -18.086    59.697
 2     0.109    -0.994     0.000
 2     0.993     0.109     0.033
 2    -0.033    -0.003     0.999
 3   123.322    -2.590    10.557
 3    -0.168     0.044    -0.985
 3     0.113    -0.991    -0.064
 3    -0.979    -0.122     0.161
 4   112.648    14.835    -8.733
 4     0.482    -0.837     0.259
 4     0.872     0.429    -0.236
 4     0.087     0.339     0.936
 5   111.865    23.831    20.743
 5     0.215    -0.073     0.974
 5     0.152    -0.982    -0.108
 5     0.964     0.171    -0.200
 6   127.052    24.075    49.292
 6     0.146    -0.334    -0.931
 6    -0.062     0.936    -0.345
 6     0.987     0.108     0.116
 7   115.470   -22.029    -7.378
 7     0.400     0.902     0.161
 7    -0.865     0.313     0.392
 7     0.303    -0.296     0.906
 8   114.445   -27.021    23.638
 8     0.304     0.076     0.949
 8    -0.122    -0.985     0.118
 8     0.945    -0.152    -0.291
 9   126.376   -26.770    42.618
 9     0.332     0.514    -0.791
 9     0.047     0.828     0.559
 9     0.942    -0.224     0.251
 2    96.860   -18.137    59.697
 2     0.109    -0.994     0.000
 2     0.993     0.109     0.033
 2    -0.033    -0.003     0.999
 3   123.332    -2.641    10.561
 3    -0.166     0.045    -0.985
 3     0.114    -0.991    -0.065
 3    -0.979    -0.123     0.159
 4   112.752    14.782    -8.731
 4     0.488    -0.835     0.254
 4     0.868     0.435    -0.237
 4     0.087     0.336     0.938
 5   112.635    23.994    20.708
 5     0.218    -0.130     0.967
 5     0.147    -0.975    -0.164
 5     0.965     0.178    -0.193
 6   127.993    23.720    49.373
 6     0.143    -0.160    -0.977
 6    -0.019     0.986    -0.165
 6     0.989     0.042     0.137
 7   115.517   -22.073    -7.478
 7     0.416     0.894     0.164
 7    -0.858     0.326     0.397
 7     0.301    -0.306     0.903
 8   115.297   -27.376    23.665
 8     0.324     0.065     0.944
 8    -0.141    -0.983     0.117
 8     0.935    -0.171    -0.309
 9   128.579   -25.800    40.311
 9     0.381     0.386    -0.840
 9     0.041     0.901     0.432
 9     0.923    -0.199     0.328
 2    96.910   -18.086    59.697
 2     0.109    -0.994     0.000
 2     0.993     0.109     0.033
 2    -0.033    -0.003     0.999
 3   123.358    -2.647    10.577
 3    -0.164     0.045    -0.985
 3     0.115    -0.991    -0.065
 3    -0.980    -0.124     0.157
 4   113.116    14.778    -8.681
 4     0.508    -0.826     0.244
 4     0.856     0.455    -0.242
 4     0.089     0.332     0.939
 5   113.509    23.929    20.821
 5     0.229    -0.148     0.962
 5     0.148    -0.972    -0.185
 5     0.962     0.184    -0.201
 6   128.998    23.991    49.304
 6     0.170    -0.082    -0.982
 6     0.016     0.996    -0.080
 6     0.985    -0.002     0.171
 7   115.620   -22.120    -7.507
 7     0.420     0.892     0.165
 7    -0.856     0.329     0.399
 7     0.302    -0.310     0.902
 8   115.907   -28.002    23.741
 8     0.342     0.085     0.936
 8    -0.152    -0.978     0.145
 8     0.927    -0.192    -0.322
 9   130.226   -25.549    38.421
 9     0.415     0.318    -0.852
 9     0.036     0.930     0.365
 9     0.909    -0.183     0.374
 2    96.860   -18.137    59.697
 2     0.109    -0.994     0.000
 2     0.993     0.109     0.033
 2    -0.033    -0.003     0.999
 3   123.463    -2.773    10.425
 3    -0.162     0.040    -0.986
 3     0.115    -0.991    -0.059
 3    -0.980    -0.124     0.156
 4   113.362    14.768    -8.741
 4     0.527    -0.815     0.241
 4     0.845     0.474    -0.244
 4     0.084     0.333     0.939
 5   114.690    24.247    20.895
 5     0.254    -0.183     0.949
 5     0.155    -0.961    -0.227
 5     0.954     0.205    -0.217
