% Calibrated with leiden_pols
% Positions are in centimeters
Data =[
 2    96.907   -18.087    59.700
 2     0.108    -0.994     0.001
 2     0.993     0.108     0.033
 2    -0.034    -0.003     0.999
 3   123.418    -2.768    10.365
 3    -0.171     0.035    -0.984
 3     0.109    -0.992    -0.054
 3    -0.979    -0.117     0.166
 4   112.552    14.673    -8.788
 4     0.490    -0.829     0.270
 4     0.868     0.436    -0.236
 4     0.078     0.350     0.933
 5   112.024    23.711    20.760
 5     0.234    -0.079     0.969
 5     0.140    -0.983    -0.114
 5     0.962     0.162    -0.219
 6   127.064    24.157    49.240
 6     0.155    -0.413    -0.898
 6    -0.078     0.901    -0.428
 6     0.985     0.135     0.107
 7   114.809   -22.098    -7.340
 7     0.378     0.907     0.181
 7    -0.877     0.289     0.383
 7     0.295    -0.304     0.906
 8   113.027   -26.106    23.698
 8     0.298     0.029     0.954
 8    -0.107    -0.992     0.063
 8     0.948    -0.121    -0.293
 9   122.604   -27.073    44.349
 9     0.290     0.700    -0.652
 9     0.067     0.665     0.744
 9     0.954    -0.260     0.146
 2    96.910   -18.086    59.646
 2     0.108    -0.994     0.001
 2     0.993     0.108     0.033
 2    -0.033    -0.003     0.999
 3   123.301    -2.768    10.394
 3    -0.171     0.036    -0.984
 3     0.111    -0.992    -0.055
 3    -0.979    -0.119     0.166
 4   112.551    14.724    -8.737
 4     0.488    -0.830     0.270
 4     0.869     0.435    -0.236
 4     0.078     0.350     0.933
 5   111.923    23.688    20.810
 5     0.233    -0.074     0.969
 5     0.141    -0.984    -0.109
 5     0.962     0.162    -0.219
 6   126.974    24.203    49.155
 6     0.156    -0.412    -0.898
 6    -0.079     0.901    -0.427
 6     0.984     0.138     0.108
 7   114.935   -22.045    -7.345
 7     0.380     0.907     0.178
 7    -0.876     0.291     0.384
 7     0.296    -0.302     0.906
 8   113.269   -26.284    23.697
 8     0.298     0.046     0.953
 8    -0.105    -0.991     0.080
 8     0.948    -0.124    -0.291
 9   122.852   -26.893    44.349
 9     0.290     0.691    -0.663
 9     0.070     0.674     0.734
 9     0.954    -0.260     0.146
 2    96.910   -18.086    59.697
 2     0.109    -0.994     0.001
 2     0.993     0.109     0.033
 2    -0.033    -0.003     0.999
 3   123.304    -2.641    10.397
 3    -0.171     0.039    -0.984
 3     0.111    -0.992    -0.059
 3    -0.979    -0.120     0.165
 4   112.505    14.778    -8.717
 4     0.484    -0.833     0.270
 4     0.871     0.430    -0.235
 4     0.080     0.349     0.934
 5   111.847    23.766    20.813
 5     0.231    -0.071     0.970
 5     0.143    -0.984    -0.106
 5     0.962     0.163    -0.217
 6   126.918    24.223    49.250
 6     0.158    -0.421    -0.893
 6    -0.084     0.896    -0.437
 6     0.984     0.144     0.106
 7   114.981   -21.994    -7.395
 7     0.385     0.906     0.174
 7    -0.875     0.298     0.383
 7     0.295    -0.299     0.907
 8   113.437   -26.332    23.732
 8     0.303     0.047     0.952
 8    -0.104    -0.991     0.083
 8     0.947    -0.124    -0.296
 9   123.405   -26.899    44.011
 9     0.298     0.678    -0.672
 9     0.069     0.686     0.723
 9     0.952    -0.262     0.157
 2    96.860   -18.137    59.697
 2     0.109    -0.994     0.000
 2     0.993     0.109     0.033
 2    -0.033    -0.004     0.999
 3   123.311    -2.641    10.450
 3    -0.170     0.042    -0.984
 3     0.112    -0.992    -0.062
 3    -0.979    -0.121     0.164
 4   112.567    14.783    -8.730
 4     0.481    -0.836     0.263
 4     0.872     0.427    -0.237
 4     0.085     0.344     0.935
 5   111.693    23.645    20.909
 5     0.229    -0.056     0.972
 5     0.146    -0.985    -0.092
 5     0.962     0.162    -0.218
 6   126.685    24.325    49.419
 6     0.159    -0.438    -0.885
 6    -0.085     0.887    -0.454
 6     0.984     0.147     0.103
 7   115.157   -21.965    -7.452
 7     0.389     0.905     0.170
 7    -0.872     0.302     0.384
 7     0.296    -0.298     0.907
 8   113.715   -26.748    23.618
 8     0.305     0.072     0.949
 8    -0.108    -0.988     0.110
 8     0.946    -0.136    -0.294
 9   124.358   -26.903    43.880
 9     0.306     0.631    -0.713
 9     0.074     0.731     0.678
 9     0.949    -0.260     0.177
 2    96.910   -18.086    59.697
 2     0.109    -0.994     0.000
 2     0.993     0.109     0.033
 2    -0.033    -0.003     0.999
 3   123.322    -2.590    10.557
 3    -0.168     0.044    -0.985
 3     0.113    -0.991    -0.064
 3    -0.979    -0.122     0.161
 4   112.648    14.835    -8.733
 4     0.482    -0.837     0.259
 4     0.872     0.429    -0.236
 4     0.087     0.339     0.936
 5   111.865    23.831    20.743
 5     0.215    -0.073     0.974
 5     0.152    -0.982    -0.108
 5     0.964     0.171    -0.200
 6   127.052    24.075    49.292
 6     0.146    -0.334    -0.931
 6    -0.062     0.936    -0.345
 6     0.987     0.108     0.116
 7   115.470   -22.029    -7.378
 7     0.400     0.902     0.161
 7    -0.865     0.313     0.392
 7     0.303    -0.296     0.906
 8   114.445   -27.021    23.638
 8     0.304     0.076     0.949
 8    -0.122    -0.985     0.118
 8     0.945    -0.152    -0.291
 9   126.376   -26.770    42.618
 9     0.332     0.514    -0.791
 9     0.047     0.828     0.559
 9     0.942    -0.224     0.251
 2    96.860   -18.137    59.697
 2     0.109    -0.994     0.000
 2     0.993     0.109     0.033
 2    -0.033    -0.003     0.999
 3   123.332    -2.641    10.561
 3    -0.166     0.045    -0.985
 3     0.114    -0.991    -0.065
 3    -0.979    -0.123     0.159
 4   112.752    14.782    -8.731
 4     0.488    -0.835     0.254
 4     0.868     0.435    -0.237
 4     0.087     0.336     0.938
 5   112.635    23.994    20.708
 5     0.218    -0.130     0.967
 5     0.147    -0.975    -0.164
 5     0.965     0.178    -0.193
 6   127.993    23.720    49.373
 6     0.143    -0.160    -0.977
 6    -0.019     0.986    -0.165
 6     0.989     0.042     0.137
 7   115.517   -22.073    -7.478
 7     0.416     0.894     0.164
 7    -0.858     0.326     0.397
 7     0.301    -0.306     0.903
 8   115.297   -27.376    23.665
 8     0.324     0.065     0.944
 8    -0.141    -0.983     0.117
 8     0.935    -0.171    -0.309
 9   128.579   -25.800    40.311
 9     0.381     0.386    -0.840
 9     0.041     0.901     0.432
 9     0.923    -0.199     0.328
 2    96.910   -18.086    59.697
 2     0.109    -0.994     0.000
 2     0.993     0.109     0.033
 2    -0.033    -0.003     0.999
 3   123.358    -2.647    10.577
 3    -0.164     0.045    -0.985
 3     0.115    -0.991    -0.065
 3    -0.980    -0.124     0.157
 4   113.116    14.778    -8.681
 4     0.508    -0.826     0.244
 4     0.856     0.455    -0.242
 4     0.089     0.332     0.939
 5   113.509    23.929    20.821
 5     0.229    -0.148     0.962
 5     0.148    -0.972    -0.185
 5     0.962     0.184    -0.201
 6   128.998    23.991    49.304
 6     0.170    -0.082    -0.982
 6     0.016     0.996    -0.080
 6     0.985    -0.002     0.171
 7   115.620   -22.120    -7.507
 7     0.420     0.892     0.165
 7    -0.856     0.329     0.399
 7     0.302    -0.310     0.902
 8   115.907   -28.002    23.741
 8     0.342     0.085     0.936
 8    -0.152    -0.978     0.145
 8     0.927    -0.192    -0.322
 9   130.226   -25.549    38.421
 9     0.415     0.318    -0.852
 9     0.036     0.930     0.365
 9     0.909    -0.183     0.374
 2    96.860   -18.137    59.697
 2     0.109    -0.994     0.000
 2     0.993     0.109     0.033
 2    -0.033    -0.003     0.999
 3   123.463    -2.773    10.425
 3    -0.162     0.040    -0.986
 3     0.115    -0.991    -0.059
 3    -0.980    -0.124     0.156
 4   113.362    14.768    -8.741
 4     0.527    -0.815     0.241
 4     0.845     0.474    -0.244
 4     0.084     0.333     0.939
 5   114.690    24.247    20.895
 5     0.254    -0.183     0.949
 5     0.155    -0.961    -0.227
 5     0.954     0.205    -0.217
 6   130.287    24.274    48.870
 6     0.222    -0.022    -0.975
 6     0.033     0.999    -0.015
 6     0.974    -0.030     0.223
 7   115.694   -22.244    -7.509
 7     0.425     0.890     0.164
 7    -0.853     0.333     0.401
 7     0.302    -0.311     0.901
 8   116.920   -28.427    23.759
 8     0.371     0.085     0.924
 8    -0.167    -0.974     0.156
 8     0.913    -0.212    -0.348
 9   132.379   -26.046    36.864
 9     0.455     0.272    -0.848
 9     0.017     0.949     0.314
 9     0.890    -0.158     0.427
 2    96.910   -18.086    59.697
 2     0.109    -0.994     0.000
 2     0.993     0.109     0.033
 2    -0.033    -0.003     0.999
 3   123.645    -2.906    10.315
 3    -0.157     0.037    -0.987
 3     0.116    -0.992    -0.055
 3    -0.981    -0.123     0.151
 4   113.521    14.754    -8.813
 4     0.545    -0.802     0.243
 4     0.835     0.494    -0.243
 4     0.074     0.335     0.939
 5   115.859    24.839    20.744
 5     0.291    -0.197     0.936
 5     0.169    -0.953    -0.252
 5     0.941     0.232    -0.244
 6   132.208    25.034    48.128
 6     0.267    -0.008    -0.964
 6     0.041     0.999     0.003
 6     0.963    -0.041     0.267
 7   115.732   -22.243    -7.600
 7     0.437     0.884     0.164
 7    -0.849     0.345     0.400
 7     0.297    -0.314     0.901
 8   118.075   -28.854    23.680
 8     0.416     0.066     0.907
 8    -0.185    -0.970     0.156
 8     0.890    -0.233    -0.391
 9   134.624   -26.521    35.486
 9     0.499     0.249    -0.830
 9    -0.003     0.958     0.286
 9     0.866    -0.141     0.479
 2    96.860   -18.137    59.697
 2     0.109    -0.994     0.000
 2     0.993     0.109     0.033
 2    -0.033    -0.003     0.999
 3   123.776    -3.064    10.103
 3    -0.151     0.031    -0.988
 3     0.116    -0.992    -0.048
 3    -0.982    -0.122     0.146
 4   113.597    14.635    -9.005
 4     0.565    -0.787     0.249
 4     0.823     0.515    -0.241
 4     0.061     0.341     0.938
 5   117.039    25.106    20.550
 5     0.326    -0.204     0.923
 5     0.179    -0.945    -0.273
 5     0.928     0.254    -0.271
 6   134.130    25.155    47.231
 6     0.308     0.006    -0.951
 6     0.042     0.999     0.020
 6     0.950    -0.047     0.308
 7   115.597   -22.197    -7.786
 7     0.454     0.874     0.171
 7    -0.845     0.361     0.394
 7     0.282    -0.323     0.903
 8   119.465   -29.127    23.697
 8     0.468     0.058     0.881
 8    -0.196    -0.966     0.168
 8     0.861    -0.251    -0.441
 9   136.890   -26.504    34.383
 9     0.534     0.221    -0.816
 9    -0.019     0.968     0.249
 9     0.845    -0.118     0.521
 2    96.860   -18.137    59.697
 2     0.109    -0.994     0.000
 2     0.993     0.109     0.033
 2    -0.033    -0.003     0.999
 3   123.832    -3.065     9.900
 3    -0.147     0.026    -0.989
 3     0.115    -0.992    -0.044
 3    -0.982    -0.120     0.143
 4   113.692    14.670    -9.195
 4     0.578    -0.774     0.258
 4     0.815     0.529    -0.237
 4     0.047     0.347     0.936
 5   117.924    25.431    20.354
 5     0.352    -0.222     0.909
 5     0.183    -0.936    -0.300
 5     0.918     0.272    -0.289
 6   135.565    25.492    46.369
 6     0.338     0.027    -0.941
 6     0.046     0.998     0.045
 6     0.940    -0.059     0.336
 7   115.507   -22.200    -7.815
 7     0.460     0.870     0.176
 7    -0.844     0.367     0.390
 7     0.275    -0.328     0.904
 8   120.663   -29.529    23.561
 8     0.517     0.032     0.855
 8    -0.210    -0.964     0.163
 8     0.829    -0.265    -0.492
 9   139.596   -26.786    31.834
 9     0.593     0.213    -0.776
 9    -0.035     0.970     0.240
 9     0.804    -0.116     0.583
 2    96.860   -18.137    59.697
 2     0.109    -0.994     0.000
 2     0.993     0.109     0.033
 2    -0.033    -0.003     0.999
 3   123.858    -3.095     9.729
 3    -0.147     0.022    -0.989
 3     0.112    -0.993    -0.039
 3    -0.983    -0.117     0.144
 4   113.473    14.452    -9.291
 4     0.593    -0.749     0.295
 4     0.805     0.548    -0.224
 4     0.006     0.370     0.929
 5   119.241    26.021    19.613
 5     0.387    -0.244     0.889
 5     0.199    -0.920    -0.339
 5     0.900     0.308    -0.308
 6   137.841    25.872    44.930
 6     0.374     0.071    -0.925
 6     0.048     0.994     0.095
 6     0.926    -0.081     0.368
 7   115.213   -22.257    -7.863
 7     0.464     0.866     0.184
 7    -0.845     0.370     0.386
 7     0.266    -0.335     0.904
 8   121.718   -29.492    23.624
 8     0.569     0.006     0.822
 8    -0.213    -0.965     0.155
 8     0.794    -0.263    -0.548
 9   142.482   -27.176    28.575
 9     0.668     0.212    -0.713
 9    -0.036     0.966     0.254
 9     0.743    -0.144     0.653
 2    96.910   -18.137    59.646
 2     0.109    -0.994     0.000
 2     0.993     0.109     0.033
 2    -0.033    -0.003     0.999
 3   123.782    -3.197     9.488
 3    -0.147     0.015    -0.989
 3     0.107    -0.994    -0.031
 3    -0.983    -0.111     0.145
 4   113.398    14.420    -9.438
 4     0.606    -0.725     0.325
 4     0.794     0.566    -0.219
 4    -0.026     0.391     0.920
 5   120.751    26.578    19.121
 5     0.434    -0.244     0.867
 5     0.215    -0.907    -0.363
 5     0.875     0.344    -0.341
 6   140.364    26.600    43.287
 6     0.424     0.087    -0.901
 6     0.057     0.991     0.122
 6     0.903    -0.104     0.416
 7   114.962   -22.206    -7.856
 7     0.468     0.862     0.191
 7    -0.843     0.372     0.388
 7     0.264    -0.343     0.901
 8   122.973   -29.327    23.509
 8     0.619    -0.016     0.785
 8    -0.211    -0.966     0.147
 8     0.756    -0.256    -0.602
 9   144.882   -27.040    26.421
 9     0.717     0.204    -0.666
 9    -0.032     0.964     0.261
 9     0.696    -0.167     0.698
 2    96.910   -18.137    59.646
 2     0.109    -0.994     0.001
 2     0.993     0.109     0.033
 2    -0.033    -0.003     0.999
 3   123.747    -3.252     9.364
 3    -0.147     0.009    -0.989
 3     0.102    -0.994    -0.024
 3    -0.984    -0.105     0.145
 4   113.372    14.299    -9.812
 4     0.627    -0.686     0.369
 4     0.776     0.592    -0.218
 4    -0.069     0.423     0.903
 5   122.554    26.857    17.972
 5     0.473    -0.281     0.835
 5     0.218    -0.881    -0.420
 5     0.854     0.380    -0.355
 6   142.544    26.706    41.690
 6     0.458     0.123    -0.880
 6     0.062     0.983     0.170
 6     0.886    -0.133     0.443
 7   114.764   -22.031    -7.956
 7     0.480     0.855     0.194
 7    -0.839     0.384     0.384
 7     0.254    -0.348     0.902
 8   124.459   -29.195    23.133
 8     0.672    -0.027     0.740
 8    -0.207    -0.966     0.153
 8     0.711    -0.256    -0.655
 9   147.339   -26.804    24.021
 9     0.759     0.196    -0.620
 9    -0.037     0.965     0.260
 9     0.649    -0.175     0.740
 2    96.910   -18.137    59.646
 2     0.109    -0.994     0.001
 2     0.993     0.109     0.033
 2    -0.033    -0.003     0.999
 3   123.672    -3.278     9.200
 3    -0.148     0.005    -0.989
 3     0.098    -0.995    -0.019
 3    -0.984    -0.100     0.147
 4   113.477    14.164   -10.296
 4     0.643    -0.654     0.399
 4     0.759     0.611    -0.221
 4    -0.099     0.445     0.890
 5   123.816    27.069    17.104
 5     0.506    -0.301     0.808
 5     0.219    -0.862    -0.458
 5     0.834     0.408    -0.370
 6   144.623    26.500    40.190
 6     0.493     0.158    -0.856
 6     0.056     0.975     0.212
 6     0.868    -0.153     0.472
 7   114.643   -21.986    -8.082
 7     0.485     0.851     0.198
 7    -0.839     0.390     0.379
 7     0.245    -0.350     0.904
 8   126.011   -29.092    22.693
 8     0.723    -0.036     0.690
 8    -0.203    -0.965     0.162
 8     0.660    -0.257    -0.705
 9   149.961   -26.494    21.275
 9     0.802     0.183    -0.569
 9    -0.039     0.966     0.256
 9     0.596    -0.183     0.781
 2    96.910   -18.137    59.646
 2     0.109    -0.994     0.000
 2     0.993     0.109     0.033
 2    -0.033    -0.003     0.999
 3   123.650    -3.328     9.063
 3    -0.148     0.000    -0.989
 3     0.094    -0.995    -0.015
 3    -0.984    -0.095     0.147
 4   113.408    13.956   -10.600
 4     0.653    -0.627     0.425
 4     0.746     0.628    -0.221
 4    -0.129     0.461     0.878
 5   125.165    27.125    16.347
 5     0.543    -0.310     0.780
 5     0.219    -0.844    -0.489
 5     0.810     0.436    -0.391
 6   146.597    26.658    38.644
 6     0.525     0.179    -0.832
 6     0.065     0.966     0.248
 6     0.848    -0.185     0.496
 7   114.538   -21.915    -8.223
 7     0.498     0.843     0.203
 7    -0.835     0.404     0.373
 7     0.232    -0.356     0.905
 8   127.415   -29.399    22.036
 8     0.767    -0.040     0.640
 8    -0.200    -0.963     0.180
 8     0.609    -0.267    -0.747
 9   152.522   -26.617    18.537
 9     0.842     0.164    -0.513
 9    -0.038     0.968     0.246
 9     0.537    -0.188     0.822
 2    96.860   -18.137    59.697
 2     0.109    -0.994     0.000
 2     0.993     0.109     0.033
 2    -0.033    -0.003     0.999
 3   123.605    -3.383     9.063
 3    -0.148    -0.001    -0.989
 3     0.087    -0.996    -0.012
 3    -0.985    -0.088     0.147
 4   113.318    13.648   -10.884
 4     0.659    -0.602     0.450
 4     0.735     0.642    -0.219
 4    -0.157     0.474     0.866
 5   126.262    27.307    15.371
 5     0.579    -0.320     0.750
 5     0.224    -0.822    -0.523
 5     0.784     0.471    -0.404
 6   148.207    26.999    36.958
 6     0.554     0.199    -0.808
 6     0.079     0.954     0.289
 6     0.829    -0.224     0.512
 7   114.474   -21.916    -8.152
 7     0.508     0.836     0.208
 7    -0.831     0.412     0.373
 7     0.225    -0.363     0.904
 8   128.685   -29.552    21.412
 8     0.805    -0.045     0.592
 8    -0.196    -0.961     0.194
 8     0.560    -0.273    -0.782
 9   154.427   -26.269    16.581
 9     0.870     0.142    -0.472
 9    -0.030     0.970     0.239
 9     0.492    -0.194     0.849
 2    96.910   -18.086    59.697
 2     0.109    -0.994     0.000
 2     0.993     0.109     0.033
 2    -0.033    -0.003     0.999
 3   123.592    -3.513     8.956
 3    -0.148    -0.003    -0.989
 3     0.077    -0.997    -0.009
 3    -0.986    -0.078     0.147
 4   113.078    13.417   -11.140
 4     0.662    -0.583     0.472
 4     0.726     0.654    -0.212
 4    -0.185     0.482     0.856
 5   127.139    27.444    14.510
 5     0.610    -0.321     0.724
 5     0.231    -0.803    -0.550
 5     0.758     0.503    -0.416
 6   149.685    27.410    35.648
 6     0.581     0.209    -0.786
 6     0.084     0.946     0.313
 6     0.809    -0.249     0.532
 7   114.283   -21.994    -8.179
 7     0.517     0.827     0.218
 7    -0.828     0.419     0.373
 7     0.217    -0.373     0.902
 8   129.592   -29.630    20.743
 8     0.835    -0.049     0.547
 8    -0.194    -0.958     0.210
 8     0.514    -0.281    -0.810
 9   156.116   -26.562    14.106
 9     0.897     0.126    -0.423
 9    -0.029     0.973     0.228
 9     0.440    -0.193     0.876
 2    96.910   -18.137    59.697
 2     0.109    -0.994     0.001
 2     0.993     0.109     0.033
 2    -0.033    -0.003     0.999
 3   123.483    -3.613     8.803
 3    -0.150    -0.004    -0.989
 3     0.068    -0.998    -0.006
 3    -0.986    -0.068     0.150
 4   112.828    13.106   -11.412
 4     0.664    -0.559     0.497
 4     0.716     0.667    -0.207
 4    -0.217     0.493     0.842
 5   128.035    27.577    13.580
 5     0.642    -0.320     0.696
 5     0.234    -0.783    -0.576
 5     0.729     0.533    -0.428
 6   151.121    27.381    33.605
 6     0.617     0.222    -0.755
 6     0.084     0.935     0.343
 6     0.782    -0.276     0.558
 7   114.089   -21.973    -8.174
 7     0.524     0.820     0.227
 7    -0.826     0.425     0.370
 7     0.207    -0.382     0.900
 8   130.433   -29.833    20.080
 8     0.860    -0.051     0.507
 8    -0.192    -0.954     0.230
 8     0.472    -0.296    -0.831
 9   157.826   -26.467    12.234
 9     0.918     0.105    -0.383
 9    -0.023     0.977     0.212
 9     0.396    -0.186     0.899
 2    96.860   -18.086    59.697
 2     0.109    -0.994     0.000
 2     0.993     0.109     0.033
 2    -0.033    -0.003     0.999
 3   123.406    -3.610     8.706
 3    -0.153    -0.005    -0.988
 3     0.060    -0.998    -0.004
 3    -0.986    -0.060     0.153
 4   112.628    12.907   -11.585
 4     0.664    -0.543     0.515
 4     0.709     0.675    -0.203
 4    -0.238     0.500     0.833
 5   128.746    27.544    12.870
 5     0.669    -0.308     0.676
 5     0.237    -0.775    -0.587
 5     0.704     0.552    -0.446
 6   152.268    27.357    32.115
 6     0.645     0.221    -0.731
 6     0.083     0.931     0.354
 6     0.759    -0.290     0.583
 7   113.835   -21.982    -8.182
 7     0.531     0.812     0.240
 7    -0.825     0.431     0.366
 7     0.193    -0.392     0.899
 8   131.035   -30.112    19.151
 8     0.881    -0.057     0.469
 8    -0.192    -0.950     0.246
 8     0.432    -0.307    -0.848
 9   158.816   -26.722    10.456
 9     0.932     0.096    -0.350
 9    -0.025     0.979     0.201
 9     0.362    -0.179     0.915
 2    96.910   -18.086    59.697
 2     0.109    -0.994     0.000
 2     0.993     0.109     0.033
 2    -0.033    -0.003     0.999
 3   123.353    -3.684     8.531
 3    -0.158    -0.009    -0.987
 3     0.053    -0.999     0.001
 3    -0.986    -0.052     0.158
 4   112.324    12.755   -11.702
 4     0.665    -0.523     0.533
 4     0.699     0.686    -0.200
 4    -0.261     0.506     0.822
 5   129.480    27.528    12.049
 5     0.698    -0.305     0.647
 5     0.233    -0.759    -0.608
 5     0.676     0.576    -0.459
 6   153.735    27.150    30.208
 6     0.677     0.228    -0.699
 6     0.076     0.924     0.375
 6     0.732    -0.307     0.608
 7   113.501   -21.813    -8.231
 7     0.541     0.801     0.255
 7    -0.822     0.440     0.361
 7     0.176    -0.405     0.897
 8   131.971   -30.013    18.114
 8     0.904    -0.058     0.423
 8    -0.185    -0.946     0.267
 8     0.385    -0.320    -0.866
 9   160.170   -26.429     7.876
 9     0.949     0.077    -0.305
 9    -0.022     0.983     0.182
 9     0.314    -0.167     0.934
 2    96.910   -18.086    59.697
 2     0.109    -0.994     0.000
 2     0.993     0.109     0.033
 2    -0.033    -0.003     0.999
 3   123.265    -3.624     8.294
 3    -0.163    -0.012    -0.986
 3     0.046    -0.999     0.004
 3    -0.985    -0.045     0.163
 4   111.866    12.503   -11.817
 4     0.662    -0.506     0.553
 4     0.693     0.693    -0.196
 4    -0.285     0.513     0.809
 5   130.041    27.362    11.269
 5     0.726    -0.295     0.620
 5     0.228    -0.748    -0.623
 5     0.648     0.594    -0.476
 6   154.713    26.768    28.636
 6     0.703     0.230    -0.673
 6     0.067     0.920     0.385
 6     0.708    -0.316     0.631
 7   113.220   -21.727    -8.404
 7     0.556     0.784     0.276
 7    -0.818     0.456     0.351
 7     0.149    -0.421     0.895
 8   133.023   -30.229    16.613
 8     0.929    -0.063     0.363
 8    -0.179    -0.938     0.295
 8     0.323    -0.340    -0.884
 9   161.774   -26.345     4.790
 9     0.967     0.055    -0.249
 9    -0.016     0.987     0.160
 9     0.255    -0.151     0.955
 2    96.910   -18.086    59.697
 2     0.109    -0.994     0.001
 2     0.993     0.108     0.033
 2    -0.033    -0.003     0.999
 3   123.115    -3.667     7.984
 3    -0.170    -0.015    -0.985
 3     0.042    -0.999     0.008
 3    -0.984    -0.040     0.171
 4   111.452    12.352   -11.931
 4     0.655    -0.489     0.575
 4     0.689     0.699    -0.190
 4    -0.310     0.521     0.795
 5   130.450    27.248    10.487
 5     0.752    -0.282     0.595
 5     0.223    -0.740    -0.634
 5     0.619     0.610    -0.494
 6   155.608    26.485    26.920
 6     0.729     0.230    -0.644
 6     0.057     0.918     0.393
 6     0.681    -0.324     0.656
 7   112.887   -21.617    -8.499
 7     0.570     0.766     0.296
 7    -0.813     0.473     0.340
 7     0.121    -0.434     0.892
 8   133.969   -30.321    14.988
 8     0.951    -0.066     0.301
 8    -0.169    -0.929     0.329
 8     0.258    -0.364    -0.895
 9   163.295   -25.729     1.651
 9     0.981     0.028    -0.193
 9    -0.003     0.991     0.130
 9     0.194    -0.127     0.973
 2    96.910   -18.086    59.697
 2     0.109    -0.994     0.001
 2     0.993     0.109     0.033
 2    -0.033    -0.003     0.999
 3   122.941    -3.710     7.676
 3    -0.178    -0.019    -0.984
 3     0.038    -0.999     0.012
 3    -0.983    -0.035     0.178
 4   111.005    12.333   -11.910
 4     0.650    -0.476     0.592
 4     0.685     0.703    -0.188
 4    -0.328     0.528     0.783
 5   130.793    27.240     9.770
 5     0.775    -0.268     0.573
 5     0.222    -0.733    -0.643
 5     0.592     0.625    -0.509
 6   156.312    26.104    25.394
 6     0.753     0.229    -0.617
 6     0.048     0.915     0.399
 6     0.656    -0.330     0.678
 7   112.481   -21.455    -8.571
 7     0.582     0.750     0.314
 7    -0.808     0.488     0.331
 7     0.094    -0.447     0.890
 8   134.662   -30.077    13.638
 8     0.967    -0.069     0.244
 8    -0.155    -0.922     0.355
 8     0.201    -0.382    -0.902
 9   164.466   -25.310    -1.079
 9     0.990     0.008    -0.141
 9     0.007     0.994     0.108
 9     0.141    -0.109     0.984
 2    96.910   -18.137    59.646
 2     0.109    -0.994     0.001
 2     0.993     0.108     0.033
 2    -0.033    -0.003     0.999
 3   122.812    -3.698     7.334
 3    -0.189    -0.025    -0.982
 3     0.036    -0.999     0.018
 3    -0.981    -0.032     0.190
 4   110.566    12.166   -12.049
 4     0.645    -0.465     0.606
 4     0.683     0.707    -0.184
 4    -0.343     0.532     0.774
 5   130.907    27.191     9.305
 5     0.790    -0.256     0.558
 5     0.221    -0.730    -0.647
 5     0.572     0.634    -0.520
 6   156.759    25.908    24.173
 6     0.769     0.228    -0.597
 6     0.043     0.913     0.405
 6     0.637    -0.337     0.693
 7   112.251   -21.317    -8.699
 7     0.596     0.730     0.332
 7    -0.800     0.506     0.323
 7     0.068    -0.458     0.886
 8   135.416   -29.983    12.102
 8     0.978    -0.078     0.190
 8    -0.145    -0.917     0.372
 8     0.146    -0.392    -0.908
 9   165.206   -24.759    -3.680
 9     0.995    -0.007    -0.097
 9     0.016     0.995     0.093
 9     0.096    -0.094     0.991
 2    96.910   -18.137    59.646
 2     0.109    -0.994     0.000
 2     0.993     0.109     0.033
 2    -0.033    -0.003     0.999
 3   122.678    -3.686     7.044
 3    -0.198    -0.026    -0.980
 3     0.032    -0.999     0.020
 3    -0.979    -0.028     0.199
 4   110.176    12.076   -12.113
 4     0.638    -0.457     0.620
 4     0.682     0.709    -0.179
 4    -0.358     0.537     0.764
 5   131.156    27.110     8.555
 5     0.808    -0.240     0.537
 5     0.220    -0.724    -0.653
 5     0.546     0.646    -0.533
 6   157.345    25.656    22.614
 6     0.789     0.227    -0.571
 6     0.035     0.911     0.411
 6     0.613    -0.345     0.711
 7   111.845   -21.257    -8.849
 7     0.608     0.712     0.350
 7    -0.793     0.522     0.314
 7     0.041    -0.469     0.882
 8   135.858   -29.785    10.818
 8     0.986    -0.080     0.143
 8    -0.131    -0.910     0.394
 8     0.099    -0.408    -0.908
 9   165.690   -24.304    -5.643
 9     0.998    -0.021    -0.061
 9     0.025     0.996     0.078
 9     0.059    -0.080     0.995
 2    96.860   -18.137    59.697
 2     0.109    -0.994     0.000
 2     0.993     0.109     0.033
 2    -0.033    -0.003     0.999
 3   122.564    -3.679     6.742
 3    -0.208    -0.030    -0.978
 3     0.029    -0.999     0.024
 3    -0.978    -0.024     0.209
 4   109.659    11.882   -12.198
 4     0.631    -0.448     0.633
 4     0.679     0.713    -0.173
 4    -0.374     0.539     0.754
 5   131.323    27.026     7.889
 5     0.827    -0.222     0.516
 5     0.219    -0.719    -0.660
 5     0.517     0.659    -0.546
 6   157.851    25.353    21.007
 6     0.809     0.223    -0.544
 6     0.028     0.909     0.414
 6     0.587    -0.351     0.729
 7   111.488   -21.225    -8.893
 7     0.616     0.695     0.371
 7    -0.788     0.536     0.305
 7     0.013    -0.480     0.877
 8   136.292   -29.793     9.272
 8     0.991    -0.092     0.093
 8    -0.122    -0.903     0.411
 8     0.046    -0.419    -0.907
 9   166.112   -24.160    -8.123
 9     0.999    -0.029    -0.019
 9     0.029     0.997     0.066
 9     0.016    -0.067     0.997
 2    96.910   -18.086    59.697
 2     0.109    -0.994     0.001
 2     0.993     0.108     0.033
 2    -0.033    -0.003     0.999
 3   122.380    -3.770     6.401
 3    -0.217    -0.033    -0.976
 3     0.025    -0.999     0.028
 3    -0.976    -0.018     0.218
 4   109.317    11.739   -12.334
 4     0.626    -0.435     0.647
 4     0.675     0.718    -0.171
 4    -0.390     0.543     0.743
 5   131.486    27.051     7.250
 5     0.841    -0.209     0.498
 5     0.218    -0.714    -0.666
 5     0.495     0.669    -0.555
 6   158.415    24.949    19.544
 6     0.826     0.222    -0.518
 6     0.019     0.907     0.420
 6     0.563    -0.357     0.745
 7   111.158   -21.193    -8.961
 7     0.623     0.675     0.393
 7    -0.782     0.548     0.297
 7    -0.015    -0.493     0.870
 8   136.650   -29.592     8.103
 8     0.993    -0.101     0.051
 8    -0.113    -0.900     0.421
 8     0.003    -0.424    -0.905
 9   166.314   -23.658   -10.304
 9     0.999    -0.040     0.023
 9     0.038     0.997     0.058
 9    -0.025    -0.058     0.998
 2    96.908   -18.087    59.700
 2     0.109    -0.994     0.000
 2     0.993     0.108     0.033
 2    -0.034    -0.003     0.999
 3   122.126    -3.779     6.076
 3    -0.230    -0.037    -0.972
 3     0.020    -0.999     0.033
 3    -0.973    -0.012     0.231
 4   108.941    11.550   -12.461
 4     0.624    -0.425     0.656
 4     0.671     0.721    -0.172
 4    -0.400     0.547     0.735
 5   131.522    26.804     6.767
 5     0.850    -0.203     0.485
 5     0.214    -0.708    -0.673
 5     0.480     0.676    -0.559
 6   158.586    24.760    18.749
 6     0.834     0.223    -0.505
 6     0.015     0.905     0.424
 6     0.551    -0.362     0.752
 7   110.680   -21.211    -9.007
 7     0.630     0.656     0.415
 7    -0.776     0.560     0.291
 7    -0.042    -0.505     0.862
 8   136.772   -29.624     6.694
 8     0.993    -0.116     0.006
 8    -0.107    -0.894     0.434
 8    -0.045    -0.432    -0.901
 9   166.172   -23.741   -12.742
 9     0.997    -0.041     0.061
 9     0.037     0.998     0.052
 9    -0.064    -0.050     0.997
 2    96.910   -18.086    59.646
 2     0.108    -0.994     0.001
 2     0.993     0.108     0.033
 2    -0.033    -0.003     0.999
 3   121.974    -3.947     5.690
 3    -0.240    -0.043    -0.970
 3     0.017    -0.999     0.041
 3    -0.971    -0.007     0.240
 4   108.454    11.256   -12.627
 4     0.620    -0.413     0.667
 4     0.666     0.726    -0.170
 4    -0.414     0.550     0.725
 5   131.572    26.606     6.118
 5     0.861    -0.193     0.470
 5     0.214    -0.702    -0.680
 5     0.461     0.686    -0.563
 6   158.772    24.517    17.637
 6     0.845     0.222    -0.487
 6     0.010     0.902     0.430
 6     0.535    -0.369     0.760
 7   110.078   -20.994    -9.085
 7     0.635     0.628     0.448
 7    -0.767     0.582     0.270
 7    -0.092    -0.516     0.852
 8   136.962   -29.576     4.374
 8     0.987    -0.148    -0.059
 8    -0.105    -0.884     0.456
 8    -0.120    -0.444    -0.888
 9   166.076   -23.285   -16.294
 9     0.991    -0.043     0.123
 9     0.038     0.998     0.037
 9    -0.125    -0.032     0.992
 2    96.910   -18.086    59.646
 2     0.109    -0.994     0.001
 2     0.993     0.108     0.033
 2    -0.033    -0.003     0.999
 3   121.805    -4.035     5.422
 3    -0.250    -0.049    -0.967
 3     0.014    -0.999     0.046
 3    -0.968    -0.002     0.250
 4   108.197    11.064   -12.768
 4     0.616    -0.405     0.676
 4     0.662     0.730    -0.167
 4    -0.427     0.550     0.718
 5   131.683    26.501     5.211
 5     0.874    -0.181     0.451
 5     0.215    -0.689    -0.692
 5     0.436     0.702    -0.563
 6   159.165    24.217    15.973
 6     0.860     0.224    -0.459
 6     0.004     0.896     0.445
 6     0.510    -0.385     0.769
 7   109.532   -20.866    -9.214
 7     0.630     0.606     0.485
 7    -0.762     0.604     0.235
 7    -0.150    -0.518     0.842
 8   136.843   -29.975     1.531
 8     0.973    -0.192    -0.130
 8    -0.105    -0.864     0.493
 8    -0.207    -0.466    -0.860
 9   165.491   -23.454   -20.365
 9     0.979    -0.038     0.200
 9     0.036     0.999     0.013
 9    -0.201    -0.006     0.979
 2    96.908   -18.087    59.649
 2     0.108    -0.994     0.001
 2     0.993     0.108     0.033
 2    -0.034    -0.003     0.999
 3   121.734    -4.107     5.230
 3    -0.256    -0.054    -0.965
 3     0.014    -0.998     0.052
 3    -0.967    -0.000     0.256
 4   108.049    10.952   -12.921
 4     0.614    -0.397     0.682
 4     0.658     0.734    -0.165
 4    -0.436     0.550     0.712
 5   131.903    26.555     4.519
 5     0.883    -0.169     0.437
 5     0.217    -0.678    -0.702
 5     0.415     0.715    -0.563
 6   159.512    23.713    14.278
 6     0.874     0.227    -0.430
 6    -0.006     0.889     0.457
 6     0.486    -0.397     0.778
 7   109.005   -20.463    -9.387
 7     0.621     0.587     0.519
 7    -0.755     0.626     0.197
 7    -0.210    -0.514     0.832
 8   136.631   -30.172    -1.378
 8     0.952    -0.241    -0.190
 8    -0.106    -0.839     0.534
 8    -0.288    -0.488    -0.824
 9   164.231   -22.638   -24.766
 9     0.958    -0.038     0.282
 9     0.047     0.998    -0.029
 9    -0.281     0.041     0.959
 2    96.910   -18.086    59.646
 2     0.109    -0.994     0.001
 2     0.993     0.108     0.033
 2    -0.033    -0.003     0.999
 3   121.700    -4.201     5.033
 3    -0.261    -0.057    -0.964
 3     0.015    -0.998     0.055
 3    -0.965     0.000     0.261
 4   107.796    10.737   -13.043
 4     0.611    -0.388     0.690
 4     0.653     0.739    -0.163
 4    -0.447     0.550     0.705
 5   131.988    26.486     3.962
 5     0.891    -0.161     0.425
 5     0.217    -0.670    -0.710
 5     0.399     0.724    -0.562
 6   159.777    23.701    13.314
 6     0.882     0.226    -0.414
 6    -0.010     0.886     0.463
 6     0.471    -0.405     0.784
 7   108.406   -20.213    -9.610
 7     0.608     0.567     0.555
 7    -0.747     0.646     0.159
 7    -0.269    -0.512     0.816
 8   135.875   -30.649    -4.192
 8     0.924    -0.297    -0.240
 8    -0.111    -0.811     0.574
 8    -0.365    -0.504    -0.782
 9   162.696   -22.824   -28.196
 9     0.939    -0.022     0.343
 9     0.046     0.997    -0.063
 9    -0.341     0.074     0.937
 2    96.910   -18.086    59.646
 2     0.109    -0.994     0.001
 2     0.993     0.109     0.033
 2    -0.033    -0.003     0.999
 3   121.630    -4.248     4.844
 3    -0.265    -0.062    -0.962
 3     0.015    -0.998     0.060
 3    -0.964     0.001     0.265
 4   107.584    10.391   -13.253
 4     0.606    -0.381     0.698
 4     0.648     0.745    -0.156
 4    -0.462     0.547     0.698
 5   132.110    26.439     3.166
 5     0.899    -0.148     0.412
 5     0.220    -0.660    -0.719
 5     0.378     0.737    -0.560
 6   160.041    23.510    11.974
 6     0.891     0.226    -0.394
 6    -0.013     0.880     0.474
 6     0.454    -0.418     0.787
 7   107.923   -19.968    -9.589
 7     0.591     0.547     0.593
 7    -0.735     0.668     0.117
 7    -0.332    -0.505     0.797
 8   135.121   -30.796    -6.913
 8     0.892    -0.348    -0.286
 8    -0.109    -0.783     0.613
 8    -0.438    -0.516    -0.737
 9   160.959   -22.251   -31.448
 9     0.915    -0.007     0.402
 9     0.048     0.994    -0.093
 9    -0.400     0.104     0.911
 2    96.860   -18.137    59.646
 2     0.109    -0.994     0.000
 2     0.993     0.109     0.033
 2    -0.033    -0.003     0.999
 3   121.538    -4.321     4.655
 3    -0.270    -0.067    -0.960
 3     0.016    -0.998     0.065
 3    -0.963     0.002     0.271
 4   107.383    10.125   -13.397
 4     0.602    -0.376     0.705
 4     0.644     0.750    -0.150
 4    -0.473     0.543     0.693
 5   132.121    26.414     2.304
 5     0.908    -0.131     0.397
 5     0.224    -0.649    -0.727
 5     0.353     0.749    -0.560
 6   160.269    23.214    10.397
 6     0.901     0.224    -0.370
 6    -0.016     0.872     0.489
 6     0.432    -0.435     0.790
 7   107.358   -19.692    -9.667
 7     0.572     0.531     0.625
 7    -0.724     0.685     0.080
 7    -0.386    -0.499     0.776
 8   133.970   -31.223    -9.642
 8     0.855    -0.405    -0.323
 8    -0.109    -0.750     0.652
 8    -0.506    -0.523    -0.686
 9   158.460   -21.885   -34.900
 9     0.886     0.015     0.463
 9     0.051     0.990    -0.131
 9    -0.460     0.140     0.876
 2    96.910   -18.086    59.646
 2     0.109    -0.994     0.000
 2     0.993     0.109     0.033
 2    -0.033    -0.003     0.999
 3   121.444    -4.442     4.462
 3    -0.274    -0.074    -0.959
 3     0.022    -0.997     0.071
 3    -0.961    -0.001     0.275
 4   107.284     9.886   -13.467
 4     0.599    -0.372     0.709
 4     0.639     0.756    -0.143
 4    -0.483     0.539     0.690
 5   132.270    26.460     1.279
 5     0.918    -0.109     0.381
 5     0.230    -0.636    -0.736
 5     0.323     0.764    -0.559
 6   160.470    23.172     8.639
 6     0.912     0.216    -0.348
 6    -0.015     0.866     0.499
 6     0.410    -0.450     0.793
 7   106.802   -19.388    -9.728
 7     0.552     0.514     0.656
 7    -0.711     0.701     0.049
 7    -0.436    -0.494     0.752
 8   133.045   -30.885   -12.154
 8     0.816    -0.451    -0.360
 8    -0.096    -0.721     0.686
 8    -0.569    -0.526    -0.632
 9   156.382   -21.053   -37.535
 9     0.857     0.032     0.513
 9     0.059     0.985    -0.160
 9    -0.511     0.167     0.843
 2    96.910   -18.086    59.646
 2     0.109    -0.994     0.000
 2     0.993     0.109     0.033
 2    -0.033    -0.003     0.999
 3   121.353    -4.541     4.328
 3    -0.278    -0.078    -0.957
 3     0.023    -0.997     0.075
 3    -0.960    -0.002     0.279
 4   106.832     9.556   -13.709
 4     0.592    -0.358     0.722
 4     0.629     0.765    -0.136
 4    -0.504     0.534     0.678
 5   132.182    26.393     0.618
 5     0.923    -0.099     0.372
 5     0.233    -0.626    -0.744
 5     0.307     0.773    -0.555
 6   160.485    23.110     7.446
 6     0.919     0.212    -0.333
 6    -0.015     0.862     0.507
 6     0.394    -0.461     0.795
 7   106.300   -19.303    -9.745
 7     0.530     0.501     0.684
 7    -0.703     0.711     0.024
 7    -0.474    -0.494     0.729
 8   131.594   -30.956   -14.535
 8     0.772    -0.500    -0.392
 8    -0.085    -0.692     0.716
 8    -0.630    -0.520    -0.577
 9   153.712   -20.376   -39.942
 9     0.823     0.050     0.565
 9     0.075     0.977    -0.197
 9    -0.563     0.204     0.801
 2    96.860   -18.086    59.697
 2     0.109    -0.994     0.000
 2     0.993     0.108     0.033
 2    -0.033    -0.003     0.999
 3   121.191    -4.661     4.003
 3    -0.285    -0.081    -0.955
 3     0.024    -0.997     0.077
 3    -0.958    -0.001     0.286
 4   106.407     9.192   -13.860
 4     0.585    -0.358     0.728
 4     0.629     0.767    -0.128
 4    -0.513     0.532     0.674
 5   131.920    26.312     0.153
 5     0.923    -0.096     0.372
 5     0.237    -0.620    -0.748
 5     0.302     0.779    -0.549
 6   160.403    23.005     6.926
 6     0.920     0.212    -0.328
 6    -0.016     0.859     0.511
 6     0.390    -0.465     0.794
 7   105.745   -19.066    -9.786
 7     0.509     0.487     0.709
 7    -0.692     0.722     0.000
 7    -0.512    -0.491     0.705
 8   130.264   -30.663   -16.600
 8     0.731    -0.543    -0.413
