% Calibrated with leiden_pols
% Positions are in centimeters
Data =[
 2    97.398   -18.271    59.662
 2     0.625    -0.780     0.003
 2     0.780     0.625     0.034
 2    -0.028    -0.019     0.999
 3   122.849    -3.517     9.092
 3    -0.228     0.057    -0.972
 3     0.131    -0.987    -0.089
 3    -0.965    -0.148     0.217
 4   113.952    14.719    -9.667
 4     0.656    -0.688     0.310
 4     0.755     0.588    -0.290
 4     0.017     0.424     0.905
 5   121.986    22.669    20.370
 5     0.435    -0.427     0.792
 5    -0.107    -0.899    -0.425
 5     0.894     0.100    -0.437
 6   138.006    -1.795    29.116
 6     0.291    -0.561    -0.775
 6    -0.953    -0.103    -0.284
 6     0.079     0.821    -0.564
 7   114.759   -22.305    -9.000
 7     0.599     0.756     0.262
 7    -0.773     0.462     0.434
 7     0.207    -0.463     0.862
 8   127.937   -24.117    21.688
 8     0.590     0.698     0.405
 8     0.335    -0.669     0.663
 8     0.734    -0.256    -0.629
 9   130.635    -7.568    18.087
 9     0.190    -0.862    -0.469
 9     0.973     0.103     0.204
 9    -0.128    -0.495     0.859
 2    97.398   -18.271    59.662
 2     0.625    -0.780     0.003
 2     0.780     0.625     0.034
 2    -0.028    -0.019     0.999
 3   122.876    -3.517     9.093
 3    -0.227     0.058    -0.972
 3     0.131    -0.987    -0.090
 3    -0.965    -0.148     0.216
 4   113.952    14.719    -9.666
 4     0.656    -0.688     0.309
 4     0.754     0.589    -0.290
 4     0.017     0.423     0.906
 5   122.035    22.670    20.367
 5     0.435    -0.423     0.794
 5    -0.107    -0.901    -0.421
 5     0.894     0.098    -0.438
 6   138.134    -1.794    28.968
 6     0.293    -0.553    -0.780
 6    -0.953    -0.102    -0.287
 6     0.079     0.827    -0.557
 7   114.886   -22.406    -9.002
 7     0.598     0.757     0.261
 7    -0.774     0.461     0.434
 7     0.208    -0.462     0.862
 8   127.949   -23.984    21.887
 8     0.588     0.692     0.418
 8     0.337    -0.681     0.650
 8     0.735    -0.241    -0.634
 9   130.799    -7.321    18.242
 9     0.192    -0.856    -0.480
 9     0.972     0.098     0.214
 9    -0.136    -0.508     0.851
 2    97.398   -18.296    59.662
 2     0.625    -0.781     0.003
 2     0.780     0.625     0.034
 2    -0.028    -0.019     0.999
 3   122.928    -3.521     9.106
 3    -0.224     0.061    -0.973
 3     0.132    -0.987    -0.093
 3    -0.966    -0.149     0.213
 4   113.955    14.745    -9.668
 4     0.656    -0.689     0.308
 4     0.755     0.588    -0.290
 4     0.018     0.422     0.906
 5   122.028    22.618    20.370
 5     0.436    -0.419     0.796
 5    -0.108    -0.903    -0.416
 5     0.893     0.095    -0.440
 6   138.135    -1.768    29.021
 6     0.295    -0.549    -0.782
 6    -0.952    -0.101    -0.288
 6     0.079     0.830    -0.552
 7   114.938   -22.405    -8.955
 7     0.598     0.757     0.260
 7    -0.773     0.461     0.435
 7     0.209    -0.462     0.862
 8   127.926   -23.883    21.861
 8     0.589     0.689     0.422
 8     0.336    -0.684     0.647
 8     0.735    -0.240    -0.635
 9   130.851    -7.169    18.349
 9     0.193    -0.852    -0.487
 9     0.971     0.096     0.216
 9    -0.137    -0.515     0.846
 2    97.398   -18.271    59.662
 2     0.625    -0.781     0.003
 2     0.780     0.625     0.034
 2    -0.028    -0.019     0.999
 3   123.033    -3.525     9.171
 3    -0.219     0.064    -0.974
 3     0.132    -0.987    -0.095
 3    -0.967    -0.149     0.207
 4   113.982    14.746    -9.671
 4     0.656    -0.689     0.307
 4     0.754     0.589    -0.290
 4     0.019     0.422     0.906
 5   121.970    22.490    20.471
 5     0.437    -0.413     0.799
 5    -0.111    -0.906    -0.408
 5     0.892     0.089    -0.442
 6   138.183    -1.768    28.979
 6     0.299    -0.540    -0.786
 6    -0.951    -0.102    -0.292
 6     0.077     0.835    -0.545
 7   114.940   -22.354    -8.933
 7     0.598     0.758     0.259
 7    -0.773     0.461     0.435
 7     0.210    -0.461     0.862
 8   127.757   -23.755    21.887
 8     0.589     0.683     0.431
 8     0.334    -0.692     0.640
 8     0.735    -0.233    -0.636
 9   130.852    -7.223    18.409
 9     0.199    -0.848    -0.492
 9     0.970     0.099     0.222
 9    -0.139    -0.521     0.842
 2    97.398   -18.271    59.662
 2     0.625    -0.781     0.003
 2     0.780     0.625     0.034
 2    -0.028    -0.019     0.999
 3   123.036    -3.474     9.173
 3    -0.216     0.065    -0.974
 3     0.131    -0.987    -0.095
 3    -0.967    -0.149     0.205
 4   113.982    14.797    -9.620
 4     0.656    -0.689     0.307
 4     0.755     0.588    -0.290
 4     0.019     0.422     0.906
 5   121.882    22.260    20.549
 5     0.441    -0.402     0.802
 5    -0.115    -0.912    -0.394
 5     0.890     0.081    -0.448
 6   138.448    -1.974    28.755
 6     0.310    -0.518    -0.797
 6    -0.948    -0.108    -0.299
 6     0.069     0.848    -0.525
 7   114.938   -22.355    -8.878
 7     0.598     0.758     0.260
 7    -0.773     0.461     0.435
 7     0.209    -0.462     0.862
 8   127.265   -23.569    22.199
 8     0.588     0.663     0.462
 8     0.328    -0.718     0.613
 8     0.739    -0.209    -0.640
 9   131.472    -7.730    18.299
 9     0.237    -0.843    -0.483
 9     0.958     0.120     0.260
 9    -0.162    -0.524     0.836
 2    97.398   -18.296    59.662
 2     0.625    -0.780     0.003
 2     0.780     0.625     0.034
 2    -0.028    -0.019     0.999
 3   123.035    -3.423     9.197
 3    -0.216     0.065    -0.974
 3     0.131    -0.987    -0.095
 3    -0.967    -0.148     0.205
 4   113.960    14.799    -9.576
 4     0.654    -0.691     0.307
 4     0.756     0.586    -0.292
 4     0.021     0.423     0.906
 5   121.170    21.474    20.717
 5     0.448    -0.356     0.820
 5    -0.123    -0.933    -0.338
 5     0.885     0.051    -0.462
 6   138.892    -1.433    27.933
 6     0.391    -0.481    -0.785
 6    -0.920    -0.172    -0.353
 6     0.034     0.859    -0.510
 7   114.873   -22.406    -8.786
 7     0.591     0.763     0.261
 7    -0.778     0.453     0.435
 7     0.213    -0.460     0.861
 8   126.239   -23.284    22.625
 8     0.606     0.582     0.542
 8     0.304    -0.799     0.518
 8     0.735    -0.149    -0.661
 9   133.891   -10.137    18.084
 9     0.366    -0.814    -0.452
 9     0.904     0.195     0.381
 9    -0.222    -0.548     0.807
 2    97.398   -18.271    59.663
 2     0.625    -0.781     0.002
 2     0.780     0.625     0.034
 2    -0.028    -0.020     0.999
 3   123.016    -3.372     9.190
 3    -0.220     0.062    -0.974
 3     0.128    -0.987    -0.092
 3    -0.967    -0.145     0.209
 4   113.933    14.759    -9.552
 4     0.650    -0.698     0.301
 4     0.759     0.580    -0.295
 4     0.031     0.420     0.907
 5   120.609    20.908    20.948
 5     0.449    -0.296     0.843
 5    -0.124    -0.955    -0.269
 5     0.885     0.017    -0.466
 6   139.563    -0.571    27.609
 6     0.485    -0.451    -0.749
 6    -0.874    -0.245    -0.419
 6     0.005     0.858    -0.513
 7   114.914   -22.477    -8.527
 7     0.572     0.778     0.258
 7    -0.787     0.432     0.439
 7     0.230    -0.454     0.860
 8   125.246   -22.793    23.194
 8     0.621     0.488     0.613
 8     0.277    -0.868     0.411
 8     0.733    -0.086    -0.674
 9   135.953   -12.919    17.856
 9     0.482    -0.775    -0.409
 9     0.832     0.258     0.491
 9    -0.275    -0.577     0.769
 2    97.398   -18.271    59.662
 2     0.625    -0.780     0.003
 2     0.780     0.625     0.034
 2    -0.028    -0.019     0.999
 3   123.024    -3.423     9.183
 3    -0.222     0.058    -0.973
 3     0.125    -0.988    -0.088
 3    -0.967    -0.141     0.212
 4   114.089    14.746    -9.509
 4     0.647    -0.706     0.288
 4     0.761     0.576    -0.298
 4     0.044     0.412     0.910
 5   122.170    20.194    22.921
 5     0.449    -0.249     0.858
 5    -0.122    -0.969    -0.217
 5     0.885    -0.008    -0.465
 6   140.042     0.580    28.016
 6     0.571    -0.413    -0.710
 6    -0.821    -0.297    -0.487
 6    -0.010     0.861    -0.508
 7   114.899   -22.653    -8.443
 7     0.548     0.797     0.251
 7    -0.799     0.411     0.438
 7     0.246    -0.441     0.863
 8   124.311   -22.533    23.657
 8     0.638     0.373     0.673
 8     0.237    -0.928     0.289
 8     0.732    -0.025    -0.681
 9   138.240   -15.884    17.928
 9     0.593    -0.729    -0.343
 9     0.734     0.314     0.602
 9    -0.331    -0.609     0.721
 2    97.398   -18.296    59.663
 2     0.625    -0.780     0.002
 2     0.780     0.625     0.034
 2    -0.028    -0.020     0.999
 3   123.015    -3.473     9.179
 3    -0.224     0.055    -0.973
 3     0.124    -0.989    -0.084
 3    -0.967    -0.139     0.214
 4   114.189    14.716    -9.387
 4     0.639    -0.720     0.270
 4     0.766     0.566    -0.303
 4     0.065     0.400     0.914
 5   121.744    19.648    23.212
 5     0.459    -0.188     0.868
 5    -0.118    -0.981    -0.151
 5     0.880    -0.033    -0.473
 6   140.915     2.023    27.343
 6     0.656    -0.317    -0.685
 6    -0.754    -0.318    -0.575
 6    -0.036     0.893    -0.448
 7   114.875   -22.753    -8.324
 7     0.531     0.811     0.243
 7    -0.807     0.397     0.438
 7     0.258    -0.429     0.865
 8   121.525   -21.830    22.146
 8     0.657     0.255     0.708
 8     0.196    -0.966     0.166
 8     0.727     0.030    -0.686
 9   140.655   -18.993    17.757
 9     0.688    -0.674    -0.271
 9     0.620     0.351     0.702
 9    -0.378    -0.651     0.659
 2    97.398   -18.271    59.663
 2     0.625    -0.781     0.002
 2     0.780     0.625     0.034
 2    -0.028    -0.020     0.999
 3   123.017    -3.474     9.229
 3    -0.223     0.053    -0.973
 3     0.124    -0.989    -0.083
 3    -0.967    -0.139     0.214
 4   114.232    14.784    -9.255
 4     0.632    -0.733     0.253
 4     0.771     0.559    -0.306
 4     0.083     0.388     0.918
 5   121.257    19.181    23.454
 5     0.465    -0.128     0.875
 5    -0.111    -0.990    -0.086
 5     0.878    -0.057    -0.475
 6   141.673     3.518    26.897
 6     0.728    -0.257    -0.635
 6    -0.682    -0.354    -0.640
 6    -0.061     0.899    -0.433
 7   114.888   -22.832    -8.314
 7     0.516     0.822     0.240
 7    -0.814     0.385     0.434
 7     0.264    -0.420     0.868
 8   121.156   -21.527    22.224
 8     0.674     0.147     0.724
 8     0.155    -0.986     0.056
 8     0.722     0.074    -0.688
 9   142.537   -21.814    17.569
 9     0.758    -0.622    -0.196
 9     0.501     0.364     0.785
 9    -0.417    -0.693     0.588
 2    97.398   -18.296    59.662
 2     0.625    -0.780     0.003
 2     0.780     0.625     0.034
 2    -0.028    -0.019     0.999
 3   122.994    -3.423     9.231
 3    -0.224     0.053    -0.973
 3     0.125    -0.989    -0.083
 3    -0.967    -0.140     0.214
 4   114.208    14.745    -9.182
 4     0.624    -0.743     0.242
 4     0.775     0.552    -0.307
 4     0.094     0.379     0.921
 5   120.933    18.827    23.508
 5     0.469    -0.078     0.879
 5    -0.096    -0.995    -0.037
 5     0.877    -0.068    -0.475
 6   141.993     5.111    26.643
 6     0.790    -0.208    -0.577
 6    -0.607    -0.399    -0.687
 6    -0.087     0.893    -0.442
 7   115.127   -22.935    -8.357
 7     0.502     0.832     0.236
 7    -0.821     0.373     0.432
 7     0.271    -0.411     0.870
 8   120.753   -21.203    22.499
 8     0.674     0.049     0.736
 8     0.113    -0.993    -0.038
 8     0.729     0.109    -0.675
 9   144.444   -24.457    17.617
 9     0.813    -0.567    -0.133
 9     0.390     0.361     0.847
 9    -0.432    -0.741     0.515
 2    97.398   -18.271    59.662
 2     0.625    -0.780     0.003
 2     0.780     0.625     0.034
 2    -0.028    -0.019     0.999
 3   123.025    -3.474     9.284
 3    -0.223     0.053    -0.973
 3     0.126    -0.988    -0.083
 3    -0.967    -0.142     0.214
 4   114.157    14.759    -9.210
 4     0.611    -0.757     0.231
 4     0.784     0.540    -0.304
 4     0.105     0.367     0.924
 5   120.354    18.839    23.531
 5     0.469    -0.017     0.883
 5    -0.071    -0.997     0.018
 5     0.880    -0.071    -0.469
 6   141.974     6.640    26.135
 6     0.830    -0.151    -0.536
 6    -0.545    -0.416    -0.728
 6    -0.113     0.897    -0.428
 7   115.420   -22.933    -8.384
 7     0.490     0.841     0.227
 7    -0.826     0.364     0.431
 7     0.280    -0.399     0.873
 8   120.519   -21.041    22.606
 8     0.666    -0.035     0.745
 8     0.072    -0.991    -0.112
 8     0.742     0.128    -0.658
 9   145.288   -26.699    18.029
 9     0.854    -0.513    -0.091
 9     0.290     0.323     0.900
 9    -0.432    -0.795     0.425
 2    97.396   -18.272    59.666
 2     0.625    -0.781     0.003
 2     0.780     0.625     0.034
 2    -0.029    -0.020     0.999
 3   123.038    -3.420     9.276
 3    -0.223     0.054    -0.973
 3     0.128    -0.988    -0.084
 3    -0.966    -0.143     0.213
 4   114.129    14.773    -9.189
 4     0.596    -0.771     0.224
 4     0.794     0.526    -0.304
 4     0.116     0.359     0.926
 5   119.942    18.666    23.596
 5     0.470     0.028     0.882
 5    -0.055    -0.996     0.062
 5     0.881    -0.078    -0.467
 6   141.946     7.739    25.876
 6     0.858    -0.118    -0.499
 6    -0.496    -0.438    -0.750
 6    -0.130     0.891    -0.435
 7   115.593   -23.014    -8.437
 7     0.480     0.849     0.221
 7    -0.831     0.360     0.425
 7     0.281    -0.388     0.878
 8   120.284   -21.059    22.701
 8     0.661    -0.101     0.743
 8     0.036    -0.985    -0.166
 8     0.749     0.137    -0.648
 9   146.016   -29.084    18.314
 9     0.884    -0.466    -0.048
 9     0.195     0.274     0.942
 9    -0.425    -0.841     0.333
 2    97.395   -18.272    59.665
 2     0.625    -0.781     0.003
 2     0.780     0.625     0.034
 2    -0.029    -0.019     0.999
 3   123.034    -3.369     9.362
 3    -0.220     0.057    -0.974
 3     0.132    -0.987    -0.088
 3    -0.966    -0.148     0.210
 4   113.992    14.834    -9.133
 4     0.585    -0.780     0.222
 4     0.802     0.514    -0.304
 4     0.123     0.355     0.926
 5   119.676    18.541    23.650
 5     0.473     0.061     0.879
 5    -0.044    -0.995     0.093
 5     0.880    -0.083    -0.468
 6   141.945     8.555    25.498
 6     0.880    -0.083    -0.468
 6    -0.451    -0.452    -0.770
 6    -0.148     0.888    -0.435
 7   115.616   -22.994    -8.435
 7     0.471     0.855     0.217
 7    -0.836     0.354     0.419
 7     0.281    -0.379     0.882
 8   120.063   -20.848    22.826
 8     0.657    -0.157     0.737
 8     0.006    -0.977    -0.213
 8     0.754     0.144    -0.641
 9   146.429   -31.614    18.790
 9     0.904    -0.427    -0.005
 9     0.103     0.207     0.973
 9    -0.414    -0.880     0.231
 2    97.398   -18.271    59.663
 2     0.625    -0.781     0.002
 2     0.780     0.625     0.034
 2    -0.028    -0.020     0.999
 3   123.050    -3.344     9.343
 3    -0.220     0.061    -0.973
 3     0.136    -0.986    -0.093
 3    -0.966    -0.153     0.209
 4   113.745    14.867    -9.147
 4     0.569    -0.791     0.224
 4     0.812     0.499    -0.303
 4     0.127     0.354     0.926
 5   119.422    18.363    23.719
 5     0.480     0.102     0.871
 5    -0.031    -0.991     0.133
 5     0.877    -0.091    -0.472
 6   142.023     9.552    25.213
 6     0.899    -0.050    -0.435
 6    -0.406    -0.466    -0.786
 6    -0.163     0.883    -0.439
 7   115.660   -23.000    -8.482
 7     0.463     0.860     0.213
 7    -0.841     0.350     0.412
 7     0.280    -0.370     0.886
 8   120.074   -20.913    22.757
 8     0.655    -0.192     0.731
 8    -0.016    -0.970    -0.241
 8     0.755     0.146    -0.639
 9   146.736   -33.727    19.635
 9     0.917    -0.397     0.029
 9     0.015     0.108     0.994
 9    -0.398    -0.911     0.105
 2    97.398   -18.271    59.663
 2     0.625    -0.781     0.002
 2     0.780     0.625     0.034
 2    -0.028    -0.020     0.999
 3   123.089    -3.166     9.376
 3    -0.220     0.068    -0.973
 3     0.139    -0.985    -0.101
 3    -0.966    -0.158     0.207
 4   113.525    14.924    -9.160
 4     0.561    -0.797     0.225
 4     0.817     0.490    -0.303
 4     0.131     0.354     0.926
 5   119.228    18.286    23.806
 5     0.482     0.127     0.866
 5    -0.023    -0.987     0.157
 5     0.875    -0.096    -0.474
 6   141.977    10.453    25.154
 6     0.913    -0.033    -0.406
 6    -0.371    -0.475    -0.798
 6    -0.167     0.879    -0.446
 7   115.759   -22.951    -8.558
 7     0.460     0.863     0.210
 7    -0.843     0.349     0.409
 7     0.280    -0.366     0.888
 8   119.937   -20.924    22.782
 8     0.653    -0.222     0.724
 8    -0.036    -0.964    -0.263
 8     0.757     0.146    -0.637
 9   146.842   -34.763    19.905
 9     0.921    -0.384     0.062
 9    -0.031     0.085     0.996
 9    -0.388    -0.919     0.067
 2    97.398   -18.271    59.663
 2     0.625    -0.781     0.002
 2     0.780     0.625     0.034
 2    -0.028    -0.020     0.999
 3   123.076    -3.061     9.369
 3    -0.220     0.071    -0.973
 3     0.140    -0.984    -0.104
 3    -0.965    -0.160     0.207
 4   113.397    14.927    -9.160
 4     0.552    -0.803     0.227
 4     0.824     0.481    -0.300
 4     0.131     0.352     0.927
 5   118.945    18.314    23.727
 5     0.483     0.150     0.862
 5    -0.013    -0.984     0.179
 5     0.875    -0.098    -0.473
 6   141.865    10.812    25.078
 6     0.919    -0.024    -0.393
 6    -0.356    -0.479    -0.802
 6    -0.170     0.877    -0.449
 7   115.759   -22.851    -8.612
 7     0.456     0.866     0.206
 7    -0.844     0.347     0.408
 7     0.281    -0.360     0.889
 8   120.083   -20.839    22.771
 8     0.653    -0.249     0.715
 8    -0.057    -0.958    -0.281
 8     0.755     0.143    -0.640
 9   147.073   -36.185    20.068
 9     0.922    -0.368     0.120
 9    -0.095     0.086     0.992
 9    -0.376    -0.926     0.045
 2    97.398   -18.271    59.663
 2     0.625    -0.781     0.002
 2     0.780     0.625     0.034
 2    -0.028    -0.020     0.999
 3   123.028    -3.010     9.371
 3    -0.222     0.074    -0.972
 3     0.142    -0.984    -0.107
 3    -0.965    -0.162     0.208
 4   113.276    14.986    -9.173
 4     0.537    -0.812     0.228
 4     0.832     0.467    -0.298
 4     0.135     0.350     0.927
 5   118.641    18.138    23.839
 5     0.481     0.183     0.857
 5    -0.005    -0.977     0.211
 5     0.877    -0.106    -0.469
 6   141.723    11.585    25.096
 6     0.930    -0.007    -0.367
 6    -0.324    -0.486    -0.812
 6    -0.173     0.874    -0.454
 7   115.753   -22.779    -8.708
 7     0.453     0.868     0.203
 7    -0.847     0.348     0.402
 7     0.279    -0.355     0.892
 8   120.100   -21.009    22.686
 8     0.654    -0.275     0.704
 8    -0.081    -0.951    -0.297
 8     0.752     0.137    -0.645
 9   147.017   -37.606    20.197
 9     0.918    -0.364     0.158
 9    -0.143     0.068     0.987
 9    -0.370    -0.929     0.011
 2    97.398   -18.271    59.663
 2     0.625    -0.780     0.002
 2     0.780     0.625     0.034
 2    -0.028    -0.020     0.999
 3   123.057    -2.875     9.335
 3    -0.225     0.084    -0.971
 3     0.147    -0.982    -0.120
 3    -0.963    -0.169     0.208
 4   113.009    15.071    -9.090
 4     0.523    -0.821     0.231
 4     0.841     0.451    -0.299
 4     0.141     0.350     0.926
 5   118.490    18.057    23.808
 5     0.485     0.210     0.848
 5     0.000    -0.971     0.240
 5     0.874    -0.116    -0.472
 6   141.685    12.530    24.930
 6     0.940     0.019    -0.339
 6    -0.286    -0.495    -0.820
 6    -0.184     0.868    -0.460
 7   115.854   -22.612    -8.938
 7     0.449     0.871     0.198
 7    -0.851     0.350     0.391
 7     0.271    -0.345     0.899
 8   120.096   -21.103    22.518
 8     0.652    -0.302     0.695
 8    -0.107    -0.944    -0.311
 8     0.750     0.128    -0.648
 9   146.942   -38.437    20.405
 9     0.916    -0.355     0.184
 9    -0.178     0.050     0.983
 9    -0.358    -0.933    -0.017
 2    97.398   -18.271    59.663
 2     0.625    -0.780     0.002
 2     0.780     0.625     0.034
 2    -0.028    -0.020     0.999
 3   123.139    -2.613     9.275
 3    -0.228     0.096    -0.969
 3     0.153    -0.979    -0.134
 3    -0.961    -0.179     0.209
 4   112.893    15.233    -9.037
 4     0.509    -0.828     0.233
 4     0.848     0.436    -0.302
 4     0.148     0.352     0.924
 5   118.316    17.770    24.095
 5     0.488     0.244     0.838
 5     0.002    -0.960     0.279
 5     0.873    -0.135    -0.469
 6   141.509    13.656    24.864
 6     0.952     0.054    -0.302
 6    -0.233    -0.509    -0.828
 6    -0.198     0.859    -0.472
 7   116.006   -22.393    -9.147
 7     0.445     0.875     0.189
 7    -0.855     0.354     0.378
 7     0.264    -0.330     0.906
 8   120.152   -21.239    22.387
 8     0.648    -0.322     0.690
 8    -0.126    -0.939    -0.320
 8     0.751     0.120    -0.649
 9   146.860   -39.472    20.490
 9     0.913    -0.349     0.209
 9    -0.211     0.034     0.977
 9    -0.348    -0.936    -0.042
 2    97.398   -18.271    59.663
 2     0.625    -0.780     0.002
 2     0.780     0.625     0.034
 2    -0.028    -0.020     0.999
 3   123.205    -2.453     9.322
 3    -0.231     0.109    -0.967
 3     0.162    -0.975    -0.149
 3    -0.959    -0.191     0.208
 4   112.638    15.323    -8.841
 4     0.495    -0.836     0.234
 4     0.854     0.419    -0.308
 4     0.159     0.352     0.922
 5   118.257    17.454    24.199
 5     0.494     0.273     0.825
 5     0.001    -0.949     0.314
 5     0.869    -0.154    -0.469
 6   141.446    14.498    24.581
 6     0.959     0.091    -0.268
 6    -0.182    -0.526    -0.831
 6    -0.217     0.846    -0.487
 7   116.156   -22.173    -9.354
 7     0.445     0.877     0.178
 7    -0.858     0.361     0.365
 7     0.256    -0.316     0.913
 8   120.208   -21.424    22.153
 8     0.643    -0.338     0.687
 8    -0.143    -0.934    -0.326
 8     0.752     0.111    -0.649
 9   146.885   -40.052    20.480
 9     0.911    -0.346     0.222
 9    -0.229     0.024     0.973
 9    -0.342    -0.938    -0.057
 2    97.398   -18.271    59.663
 2     0.625    -0.781     0.002
 2     0.780     0.625     0.034
 2    -0.028    -0.020     0.999
 3   123.342    -2.191     9.267
 3    -0.235     0.126    -0.964
 3     0.170    -0.971    -0.168
 3    -0.957    -0.204     0.207
 4   112.293    15.440    -8.743
 4     0.466    -0.850     0.245
 4     0.869     0.387    -0.308
 4     0.167     0.357     0.919
 5   117.952    17.142    24.314
 5     0.499     0.314     0.807
 5     0.006    -0.933     0.359
 5     0.867    -0.174    -0.467
 6   141.181    15.487    24.259
 6     0.962     0.132    -0.239
 6    -0.134    -0.533    -0.836
 6    -0.238     0.836    -0.495
 7   116.481   -21.979    -9.591
 7     0.444     0.880     0.164
 7    -0.861     0.368     0.352
 7     0.249    -0.298     0.921
 8   120.390   -21.541    22.025
 8     0.636    -0.368     0.678
 8    -0.170    -0.924    -0.342
 8     0.753     0.102    -0.650
 9   146.744   -40.940    20.495
 9     0.904    -0.341     0.256
 9    -0.265     0.020     0.964
 9    -0.334    -0.940    -0.072
 2    97.398   -18.271    59.663
 2     0.625    -0.780     0.002
 2     0.780     0.625     0.034
 2    -0.028    -0.020     0.999
 3   123.403    -2.136     9.262
 3    -0.238     0.134    -0.962
 3     0.172    -0.969    -0.178
 3    -0.956    -0.208     0.207
 4   112.061    15.442    -8.743
 4     0.454    -0.854     0.252
 4     0.875     0.375    -0.305
 4     0.166     0.359     0.918
 5   117.759    17.091    24.274
 5     0.501     0.338     0.797
 5     0.015    -0.924     0.382
 5     0.865    -0.179    -0.468
 6   141.029    16.254    24.086
 6     0.964     0.155    -0.215
 6    -0.102    -0.534    -0.839
 6    -0.245     0.831    -0.499
 7   116.419   -21.884    -9.731
 7     0.439     0.884     0.161
 7    -0.865     0.366     0.344
 7     0.245    -0.291     0.925
 8   120.498   -21.571    22.015
 8     0.633    -0.408     0.657
 8    -0.201    -0.907    -0.370
 8     0.747     0.102    -0.657
 9   146.416   -41.939    20.844
 9     0.890    -0.346     0.298
 9    -0.311     0.017     0.950
 9    -0.334    -0.938    -0.092
 2    97.398   -18.271    59.662
 2     0.625    -0.780     0.002
 2     0.780     0.625     0.034
 2    -0.028    -0.019     0.999
 3   123.408    -2.002     9.116
 3    -0.243     0.142    -0.959
 3     0.172    -0.967    -0.187
 3    -0.954    -0.210     0.211
 4   111.761    15.525    -8.702
 4     0.438    -0.862     0.256
 4     0.883     0.358    -0.303
 4     0.169     0.359     0.918
 5   117.525    16.963    24.272
 5     0.500     0.358     0.788
 5     0.020    -0.915     0.403
 5     0.865    -0.186    -0.465
 6   140.758    17.051    23.929
 6     0.966     0.175    -0.190
 6    -0.069    -0.534    -0.843
 6    -0.249     0.827    -0.504
 7   116.353   -21.668    -9.790
 7     0.427     0.891     0.154
 7    -0.872     0.360     0.332
 7     0.240    -0.276     0.930
 8   120.429   -21.840    21.936
 8     0.626    -0.464     0.626
 8    -0.245    -0.880    -0.406
 8     0.740     0.101    -0.665
 9   145.573   -43.731    20.766
 9     0.863    -0.352     0.361
 9    -0.379     0.021     0.925
 9    -0.333    -0.936    -0.115
 2    97.398   -18.271    59.663
 2     0.625    -0.781     0.002
 2     0.780     0.625     0.034
 2    -0.028    -0.020     0.999
 3   123.408    -1.820     9.108
 3    -0.248     0.150    -0.957
 3     0.172    -0.965    -0.196
 3    -0.953    -0.213     0.214
 4   111.712    15.580    -8.710
 4     0.431    -0.864     0.259
 4     0.886     0.351    -0.303
 4     0.171     0.360     0.917
 5   117.350    16.860    24.317
 5     0.498     0.366     0.786
 5     0.019    -0.911     0.412
 5     0.866    -0.191    -0.461
 6   140.601    17.109    23.969
 6     0.967     0.182    -0.178
 6    -0.053    -0.538    -0.841
 6    -0.249     0.823    -0.511
 7   116.162   -21.430    -9.898
 7     0.407     0.901     0.146
 7    -0.883     0.347     0.317
 7     0.235    -0.258     0.937
 8   120.405   -22.069    21.901
 8     0.614    -0.532     0.583
 8    -0.298    -0.840    -0.453
 8     0.731     0.104    -0.674
 9   144.396   -45.871    21.662
 9     0.819    -0.377     0.431
 9    -0.470    -0.012     0.882
 9    -0.328    -0.926    -0.187
 2    97.398   -18.271    59.663
 2     0.625    -0.781     0.002
 2     0.780     0.625     0.034
 2    -0.028    -0.020     0.999
 3   123.429    -1.714     8.996
 3    -0.255     0.155    -0.955
 3     0.172    -0.964    -0.202
 3    -0.952    -0.215     0.219
 4   111.533    15.660    -8.766
 4     0.420    -0.868     0.266
 4     0.891     0.338    -0.303
 4     0.172     0.364     0.915
 5   117.292    16.679    24.343
 5     0.500     0.380     0.778
 5     0.019    -0.903     0.429
 5     0.866    -0.200    -0.459
 6   140.377    17.647    23.920
 6     0.966     0.200    -0.160
 6    -0.026    -0.541    -0.840
 6    -0.255     0.817    -0.518
 7   116.091   -21.334    -9.824
 7     0.394     0.908     0.142
 7    -0.888     0.336     0.314
 7     0.237    -0.250     0.939
 8   120.700   -22.245    22.135
 8     0.604    -0.592     0.533
 8    -0.340    -0.797    -0.500
 8     0.720     0.120    -0.683
 9   142.984   -48.027    24.075
 9     0.758    -0.463     0.459
 9    -0.573    -0.136     0.808
 9    -0.312    -0.876    -0.369
 2    97.398   -18.271    59.663
 2     0.625    -0.780     0.002
 2     0.780     0.625     0.034
 2    -0.028    -0.020     0.999
 3   123.511    -1.478     8.843
 3    -0.264     0.158    -0.951
 3     0.166    -0.964    -0.206
 3    -0.950    -0.212     0.228
 4   111.397    15.635    -8.810
 4     0.410    -0.871     0.270
 4     0.896     0.330    -0.297
 4     0.169     0.364     0.916
 5   117.111    16.787    24.168
 5     0.500     0.392     0.772
 5     0.031    -0.899     0.436
 5     0.865    -0.194    -0.462
 6   140.273    17.775    23.793
 6     0.966     0.204    -0.156
 6    -0.022    -0.542    -0.840
 6    -0.256     0.815    -0.519
 7   115.832   -21.339    -9.704
 7     0.376     0.915     0.149
 7    -0.895     0.316     0.316
 7     0.242    -0.252     0.937
 8   120.808   -22.291    22.333
 8     0.589    -0.650     0.480
 8    -0.382    -0.748    -0.543
 8     0.712     0.137    -0.689
 9   141.726   -49.058    25.387
 9     0.709    -0.520     0.476
 9    -0.637    -0.183     0.749
 9    -0.303    -0.835    -0.460
 2    97.398   -18.271    59.662
 2     0.625    -0.781     0.003
 2     0.780     0.625     0.034
 2    -0.028    -0.019     0.999
 3   123.518    -1.296     8.717
 3    -0.275     0.161    -0.948
 3     0.155    -0.965    -0.209
 3    -0.949    -0.204     0.241
 4   111.287    15.586    -8.984
 4     0.398    -0.875     0.276
 4     0.902     0.318    -0.292
 4     0.167     0.365     0.916
 5   116.877    16.745    24.139
 5     0.492     0.407     0.769
 5     0.041    -0.893     0.447
 5     0.869    -0.188    -0.457
 6   140.086    18.287    23.613
 6     0.966     0.215    -0.144
 6    -0.005    -0.541    -0.841
 6    -0.258     0.813    -0.522
 7   115.631   -21.351    -9.637
 7     0.353     0.922     0.156
 7    -0.904     0.294     0.310
 7     0.240    -0.251     0.938
 8   120.666   -22.505    22.337
 8     0.575    -0.690     0.439
 8    -0.414    -0.708    -0.572
 8     0.705     0.147    -0.693
 9   140.721   -49.520    26.772
 9     0.673    -0.569     0.473
 9    -0.682    -0.228     0.695
 9    -0.288    -0.790    -0.541
 2    97.398   -18.271    59.662
 2     0.625    -0.780     0.002
 2     0.780     0.625     0.034
 2    -0.028    -0.019     0.999
 3   123.523    -1.289     8.563
 3    -0.285     0.158    -0.945
 3     0.149    -0.967    -0.206
 3    -0.947    -0.200     0.252
 4   111.210    15.535    -9.007
 4     0.397    -0.875     0.277
 4     0.903     0.317    -0.291
 4     0.166     0.366     0.916
 5   116.876    16.799    24.113
 5     0.492     0.409     0.768
 5     0.045    -0.893     0.447
 5     0.869    -0.186    -0.458
 6   140.034    18.417    23.507
 6     0.966     0.216    -0.140
 6     0.000    -0.543    -0.840
 6    -0.258     0.811    -0.525
 7   115.318   -21.305    -9.510
 7     0.337     0.927     0.165
 7    -0.909     0.276     0.311
 7     0.243    -0.255     0.936
 8   120.360   -22.443    22.439
 8     0.558    -0.717     0.417
 8    -0.431    -0.680    -0.593
 8     0.709     0.152    -0.689
 9   140.001   -49.629    28.170
 9     0.644    -0.605     0.468
 9    -0.715    -0.259     0.650
 9    -0.272    -0.753    -0.599
 2    97.398   -18.271    59.663
 2     0.625    -0.781     0.002
 2     0.780     0.625     0.034
 2    -0.028    -0.020     0.999
 3   123.551    -1.205     8.358
 3    -0.294     0.158    -0.943
 3     0.141    -0.968    -0.207
 3    -0.945    -0.194     0.262
 4   111.068    15.586    -9.101
 4     0.384    -0.878     0.287
 4     0.909     0.305    -0.285
 4     0.162     0.370     0.915
 5   116.777    16.881    23.957
 5     0.491     0.416     0.765
 5     0.054    -0.891     0.450
 5     0.869    -0.180    -0.461
 6   139.902    18.697    23.333
 6     0.965     0.224    -0.133
 6     0.009    -0.539    -0.842
 6    -0.260     0.812    -0.523
 7   115.134   -21.113    -9.510
 7     0.326     0.929     0.177
 7    -0.915     0.263     0.305
 7     0.237    -0.261     0.935
 8   120.328   -22.360    22.310
 8     0.548    -0.736     0.396
 8    -0.448    -0.659    -0.604
 8     0.706     0.154    -0.692
 9   139.575   -49.362    28.940
 9     0.626    -0.640     0.444
 9    -0.732    -0.286     0.618
 9    -0.269    -0.713    -0.648
 2    97.398   -18.271    59.663
 2     0.625    -0.781     0.002
 2     0.780     0.625     0.034
 2    -0.028    -0.020     0.999
 3   123.540    -1.021     8.209
 3    -0.302     0.158    -0.940
 3     0.137    -0.968    -0.208
 3    -0.943    -0.192     0.271
 4   111.069    15.664    -9.104
 4     0.381    -0.878     0.288
 4     0.910     0.302    -0.285
 4     0.163     0.371     0.914
 5   116.704    16.884    23.950
 5     0.490     0.423     0.762
 5     0.059    -0.888     0.456
 5     0.870    -0.179    -0.460
 6   139.820    19.006    23.382
 6     0.965     0.231    -0.122
 6     0.022    -0.536    -0.844
 6    -0.261     0.812    -0.523
 7   114.895   -20.970    -9.535
 7     0.319     0.930     0.183
 7    -0.919     0.256     0.298
 7     0.230    -0.263     0.937
 8   119.990   -22.508    22.308
 8     0.535    -0.755     0.379
 8    -0.469    -0.639    -0.609
 8     0.702     0.148    -0.696
 9   138.831   -49.416    28.971
 9     0.611    -0.662     0.433
 9    -0.741    -0.288     0.606
 9    -0.276    -0.692    -0.667
 2    97.398   -18.271    59.663
 2     0.625    -0.781     0.002
 2     0.780     0.625     0.034
 2    -0.028    -0.020     0.999
 3   123.535    -0.919     8.232
 3    -0.304     0.158    -0.939
 3     0.136    -0.969    -0.207
 3    -0.943    -0.191     0.273
 4   111.023    15.716    -9.059
 4     0.380    -0.879     0.288
 4     0.910     0.300    -0.286
 4     0.165     0.370     0.914
 5   116.608    16.885    23.943
 5     0.488     0.426     0.761
 5     0.059    -0.887     0.458
 5     0.871    -0.179    -0.458
 6   139.723    19.187    23.426
 6     0.965     0.232    -0.117
 6     0.026    -0.536    -0.844
 6    -0.259     0.812    -0.523
 7   114.709   -20.776    -9.613
 7     0.311     0.931     0.189
 7    -0.923     0.250     0.291
 7     0.224    -0.265     0.938
 8   119.738   -22.523    22.165
 8     0.522    -0.770     0.367
 8    -0.485    -0.622    -0.614
 8     0.701     0.143    -0.698
 9   138.486   -49.242    29.121
 9     0.599    -0.677     0.427
 9    -0.749    -0.287     0.597
 9    -0.281    -0.678    -0.679
 2    97.395   -18.272    59.665
 2     0.625    -0.781     0.003
 2     0.780     0.625     0.034
 2    -0.029    -0.019     0.999
 3   123.587    -0.840     8.146
 3    -0.306     0.157    -0.939
 3     0.136    -0.969    -0.206
 3    -0.942    -0.191     0.276
 4   111.022    15.767    -9.059
 4     0.379    -0.879     0.288
 4     0.910     0.299    -0.286
 4     0.165     0.371     0.914
 5   116.608    16.936    23.943
 5     0.488     0.425     0.762
 5     0.059    -0.887     0.457
 5     0.871    -0.178    -0.458
 6   139.721    19.135    23.481
 6     0.965     0.233    -0.117
 6     0.026    -0.534    -0.845
 6    -0.260     0.812    -0.522
 7   114.708   -20.728    -9.557
 7     0.307     0.932     0.190
 7    -0.925     0.246     0.290
 7     0.223    -0.266     0.938
 8   119.570   -22.578    22.259
 8     0.513    -0.777     0.364
 8    -0.492    -0.614    -0.617
 8     0.703     0.137    -0.697
 9   138.207   -49.322    29.231
 9     0.595    -0.679     0.430
 9    -0.752    -0.282     0.596
 9    -0.283    -0.678    -0.678
 2    97.395   -18.272    59.665
 2     0.625    -0.781     0.003
 2     0.780     0.625     0.034
 2    -0.029    -0.019     0.999
 3   123.583    -0.891     8.144
 3    -0.308     0.153    -0.939
 3     0.136    -0.970    -0.203
 3    -0.942    -0.190     0.278
 4   111.072    15.818    -9.111
 4     0.380    -0.879     0.289
 4     0.910     0.299    -0.286
 4     0.165     0.372     0.913
 5   116.654    16.986    24.000
 5     0.489     0.423     0.763
 5     0.059    -0.889     0.455
 5     0.870    -0.177    -0.459
 6   139.671    19.135    23.430
 6     0.965     0.233    -0.117
 6     0.027    -0.533    -0.846
 6    -0.260     0.813    -0.521
 7   114.627   -20.682    -9.596
 7     0.303     0.933     0.194
 7    -0.927     0.241     0.287
 7     0.220    -0.267     0.938
 8   119.395   -22.584    22.210
 8     0.506    -0.784     0.360
 8    -0.500    -0.606    -0.619
 8     0.703     0.133    -0.699
 9   137.956   -49.325    29.182
 9     0.591    -0.679     0.435
 9    -0.755    -0.277     0.594
 9    -0.283    -0.680    -0.676
 2    97.395   -18.272    59.665
 2     0.625    -0.781     0.003
 2     0.780     0.625     0.034
 2    -0.029    -0.019     0.999
 3   123.587    -0.838     8.085
 3    -0.309     0.153    -0.939
 3     0.136    -0.970    -0.203
 3    -0.941    -0.190     0.279
 4   110.971    15.844    -9.060
 4     0.378    -0.879     0.290
 4     0.911     0.297    -0.286
 4     0.165     0.372     0.913
 5   116.654    16.986    24.000
 5     0.489     0.423     0.763
 5     0.059    -0.889     0.455
 5     0.870    -0.177    -0.459
 6   139.669    19.236    23.434
 6     0.965     0.235    -0.115
 6     0.029    -0.531    -0.847
 6    -0.261     0.814    -0.519
 7   114.576   -20.608    -9.617
 7     0.300     0.933     0.197
 7    -0.928     0.239     0.285
 7     0.219    -0.268     0.938
 8   119.249   -22.637    22.206
 8     0.501    -0.787     0.359
 8    -0.503    -0.602    -0.620
 8     0.704     0.130    -0.698
 9   137.736   -49.325    29.228
 9     0.589    -0.678     0.439
 9    -0.758    -0.275     0.591
 9    -0.281    -0.681    -0.676
 2    97.395   -18.272    59.665
 2     0.625    -0.781     0.003
 2     0.780     0.625     0.034
 2    -0.029    -0.019     0.999
 3   123.537    -0.787     8.085
 3    -0.309     0.152    -0.939
 3     0.136    -0.970    -0.202
 3    -0.941    -0.190     0.279
 4   111.023    15.845    -9.012
 4     0.378    -0.879     0.290
 4     0.911     0.297    -0.286
 4     0.166     0.372     0.913
 5   116.604    16.986    23.949
 5     0.489     0.424     0.762
 5     0.060    -0.888     0.455
 5     0.870    -0.177    -0.460
 6   139.668    19.262    23.433
 6     0.965     0.237    -0.114
 6     0.031    -0.531    -0.847
 6    -0.261     0.814    -0.519
 7   114.524   -20.609    -9.588
 7     0.300     0.933     0.196
 7    -0.929     0.239     0.284
 7     0.218    -0.268     0.938
 8   119.223   -22.689    22.154
 8     0.499    -0.789     0.358
 8    -0.505    -0.601    -0.620
 8     0.704     0.128    -0.698
 9   137.690   -49.375    29.171
 9     0.588    -0.678     0.441
 9    -0.759    -0.275     0.590
 9    -0.279    -0.682    -0.676
 2    97.398   -18.271    59.662
 2     0.625    -0.780     0.002
 2     0.780     0.625     0.034
 2    -0.028    -0.019     0.999
 3   123.587    -0.787     8.085
 3    -0.309     0.151    -0.939
 3     0.136    -0.970    -0.201
 3    -0.941    -0.190     0.279
 4   110.967    15.947    -9.062
 4     0.372    -0.880     0.294
 4     0.913     0.291    -0.285
 4     0.165     0.375     0.912
 5   116.603    17.012    24.000
 5     0.488     0.426     0.761
 5     0.061    -0.887     0.457
 5     0.870    -0.177    -0.460
 6   139.617    19.315    23.431
 6     0.964     0.240    -0.110
 6     0.035    -0.530    -0.847
 6    -0.261     0.813    -0.519
 7   114.522   -20.610    -9.660
 7     0.299     0.933     0.198
 7    -0.929     0.238     0.283
 7     0.217    -0.269     0.938
 8   119.173   -22.690    22.102
 8     0.497    -0.790     0.359
 8    -0.507    -0.600    -0.619
 8     0.704     0.125    -0.699
 9   137.697   -49.423    29.210
 9     0.588    -0.676     0.444
 9    -0.760    -0.275     0.588
 9    -0.275    -0.684    -0.676
 2    97.398   -18.271    59.663
 2     0.625    -0.780     0.002
 2     0.780     0.625     0.034
 2    -0.028    -0.020     0.999
 3   123.587    -0.736     8.034
 3    -0.309     0.152    -0.939
 3     0.136    -0.970    -0.202
 3    -0.941    -0.190     0.279
 4   110.840    15.998    -9.012
 4     0.369    -0.881     0.296
 4     0.915     0.287    -0.284
 4     0.165     0.376     0.912
 5   116.598    16.987    24.006
 5     0.490     0.427     0.760
 5     0.063    -0.887     0.458
 5     0.869    -0.177    -0.461
 6   139.585    19.416    23.384
 6     0.964     0.243    -0.107
 6     0.040    -0.530    -0.847
 6    -0.263     0.812    -0.520
 7   114.569   -20.560    -9.658
 7     0.300     0.933     0.198
 7    -0.929     0.239     0.282
 7     0.216    -0.269     0.938
 8   119.122   -22.691    22.100
 8     0.496    -0.789     0.361
