% Calibrated with leiden_pols
% Positions are in centimeters
Data =[
 2    97.398   -18.271    59.662
 2     0.625    -0.780     0.003
 2     0.780     0.625     0.034
 2    -0.028    -0.019     0.999
 3   122.849    -3.517     9.092
 3    -0.228     0.057    -0.972
 3     0.131    -0.987    -0.089
 3    -0.965    -0.148     0.217
 4   113.952    14.719    -9.667
 4     0.656    -0.688     0.310
 4     0.755     0.588    -0.290
 4     0.017     0.424     0.905
 5   121.986    22.669    20.370
 5     0.435    -0.427     0.792
 5    -0.107    -0.899    -0.425
 5     0.894     0.100    -0.437
 6   138.006    -1.795    29.116
 6     0.291    -0.561    -0.775
 6    -0.953    -0.103    -0.284
 6     0.079     0.821    -0.564
 7   114.759   -22.305    -9.000
 7     0.599     0.756     0.262
 7    -0.773     0.462     0.434
 7     0.207    -0.463     0.862
 8   127.937   -24.117    21.688
 8     0.590     0.698     0.405
 8     0.335    -0.669     0.663
 8     0.734    -0.256    -0.629
 9   130.635    -7.568    18.087
 9     0.190    -0.862    -0.469
 9     0.973     0.103     0.204
 9    -0.128    -0.495     0.859
 2    97.398   -18.271    59.662
 2     0.625    -0.780     0.003
 2     0.780     0.625     0.034
 2    -0.028    -0.019     0.999
 3   122.876    -3.517     9.093
 3    -0.227     0.058    -0.972
 3     0.131    -0.987    -0.090
 3    -0.965    -0.148     0.216
 4   113.952    14.719    -9.666
 4     0.656    -0.688     0.309
 4     0.754     0.589    -0.290
 4     0.017     0.423     0.906
 5   122.035    22.670    20.367
 5     0.435    -0.423     0.794
 5    -0.107    -0.901    -0.421
 5     0.894     0.098    -0.438
 6   138.134    -1.794    28.968
 6     0.293    -0.553    -0.780
 6    -0.953    -0.102    -0.287
 6     0.079     0.827    -0.557
 7   114.886   -22.406    -9.002
 7     0.598     0.757     0.261
 7    -0.774     0.461     0.434
 7     0.208    -0.462     0.862
 8   127.949   -23.984    21.887
 8     0.588     0.692     0.418
 8     0.337    -0.681     0.650
 8     0.735    -0.241    -0.634
 9   130.799    -7.321    18.242
 9     0.192    -0.856    -0.480
 9     0.972     0.098     0.214
 9    -0.136    -0.508     0.851
 2    97.398   -18.296    59.662
 2     0.625    -0.781     0.003
 2     0.780     0.625     0.034
 2    -0.028    -0.019     0.999
 3   122.928    -3.521     9.106
 3    -0.224     0.061    -0.973
 3     0.132    -0.987    -0.093
 3    -0.966    -0.149     0.213
 4   113.955    14.745    -9.668
 4     0.656    -0.689     0.308
 4     0.755     0.588    -0.290
 4     0.018     0.422     0.906
 5   122.028    22.618    20.370
 5     0.436    -0.419     0.796
 5    -0.108    -0.903    -0.416
 5     0.893     0.095    -0.440
 6   138.135    -1.768    29.021
 6     0.295    -0.549    -0.782
 6    -0.952    -0.101    -0.288
 6     0.079     0.830    -0.552
 7   114.938   -22.405    -8.955
 7     0.598     0.757     0.260
 7    -0.773     0.461     0.435
 7     0.209    -0.462     0.862
 8   127.926   -23.883    21.861
 8     0.589     0.689     0.422
 8     0.336    -0.684     0.647
 8     0.735    -0.240    -0.635
 9   130.851    -7.169    18.349
 9     0.193    -0.852    -0.487
 9     0.971     0.096     0.216
 9    -0.137    -0.515     0.846
 2    97.398   -18.271    59.662
 2     0.625    -0.781     0.003
 2     0.780     0.625     0.034
 2    -0.028    -0.019     0.999
 3   123.033    -3.525     9.171
 3    -0.219     0.064    -0.974
 3     0.132    -0.987    -0.095
 3    -0.967    -0.149     0.207
 4   113.982    14.746    -9.671
 4     0.656    -0.689     0.307
 4     0.754     0.589    -0.290
 4     0.019     0.422     0.906
 5   121.970    22.490    20.471
 5     0.437    -0.413     0.799
 5    -0.111    -0.906    -0.408
 5     0.892     0.089    -0.442
 6   138.183    -1.768    28.979
 6     0.299    -0.540    -0.786
 6    -0.951    -0.102    -0.292
 6     0.077     0.835    -0.545
 7   114.940   -22.354    -8.933
 7     0.598     0.758     0.259
 7    -0.773     0.461     0.435
 7     0.210    -0.461     0.862
 8   127.757   -23.755    21.887
 8     0.589     0.683     0.431
 8     0.334    -0.692     0.640
 8     0.735    -0.233    -0.636
 9   130.852    -7.223    18.409
 9     0.199    -0.848    -0.492
 9     0.970     0.099     0.222
 9    -0.139    -0.521     0.842
 2    97.398   -18.271    59.662
 2     0.625    -0.781     0.003
 2     0.780     0.625     0.034
 2    -0.028    -0.019     0.999
 3   123.036    -3.474     9.173
 3    -0.216     0.065    -0.974
 3     0.131    -0.987    -0.095
 3    -0.967    -0.149     0.205
 4   113.982    14.797    -9.620
 4     0.656    -0.689     0.307
 4     0.755     0.588    -0.290
 4     0.019     0.422     0.906
 5   121.882    22.260    20.549
 5     0.441    -0.402     0.802
 5    -0.115    -0.912    -0.394
 5     0.890     0.081    -0.448
 6   138.448    -1.974    28.755
 6     0.310    -0.518    -0.797
 6    -0.948    -0.108    -0.299
 6     0.069     0.848    -0.525
 7   114.938   -22.355    -8.878
 7     0.598     0.758     0.260
 7    -0.773     0.461     0.435
 7     0.209    -0.462     0.862
 8   127.265   -23.569    22.199
 8     0.588     0.663     0.462
 8     0.328    -0.718     0.613
 8     0.739    -0.209    -0.640
 9   131.472    -7.730    18.299
 9     0.237    -0.843    -0.483
 9     0.958     0.120     0.260
 9    -0.162    -0.524     0.836
 2    97.398   -18.296    59.662
 2     0.625    -0.780     0.003
 2     0.780     0.625     0.034
 2    -0.028    -0.019     0.999
 3   123.035    -3.423     9.197
 3    -0.216     0.065    -0.974
 3     0.131    -0.987    -0.095
 3    -0.967    -0.148     0.205
 4   113.960    14.799    -9.576
 4     0.654    -0.691     0.307
 4     0.756     0.586    -0.292
 4     0.021     0.423     0.906
 5   121.170    21.474    20.717
 5     0.448    -0.356     0.820
 5    -0.123    -0.933    -0.338
 5     0.885     0.051    -0.462
 6   138.892    -1.433    27.933
 6     0.391    -0.481    -0.785
 6    -0.920    -0.172    -0.353
 6     0.034     0.859    -0.510
 7   114.873   -22.406    -8.786
 7     0.591     0.763     0.261
 7    -0.778     0.453     0.435
 7     0.213    -0.460     0.861
 8   126.239   -23.284    22.625
 8     0.606     0.582     0.542
 8     0.304    -0.799     0.518
 8     0.735    -0.149    -0.661
 9   133.891   -10.137    18.084
 9     0.366    -0.814    -0.452
 9     0.904     0.195     0.381
 9    -0.222    -0.548     0.807
 2    97.398   -18.271    59.663
 2     0.625    -0.781     0.002
 2     0.780     0.625     0.034
 2    -0.028    -0.020     0.999
 3   123.016    -3.372     9.190
 3    -0.220     0.062    -0.974
 3     0.128    -0.987    -0.092
 3    -0.967    -0.145     0.209
 4   113.933    14.759    -9.552
 4     0.650    -0.698     0.301
 4     0.759     0.580    -0.295
 4     0.031     0.420     0.907
 5   120.609    20.908    20.948
 5     0.449    -0.296     0.843
 5    -0.124    -0.955    -0.269
 5     0.885     0.017    -0.466
 6   139.563    -0.571    27.609
 6     0.485    -0.451    -0.749
 6    -0.874    -0.245    -0.419
 6     0.005     0.858    -0.513
 7   114.914   -22.477    -8.527
 7     0.572     0.778     0.258
 7    -0.787     0.432     0.439
 7     0.230    -0.454     0.860
 8   125.246   -22.793    23.194
 8     0.621     0.488     0.613
 8     0.277    -0.868     0.411
 8     0.733    -0.086    -0.674
 9   135.953   -12.919    17.856
 9     0.482    -0.775    -0.409
 9     0.832     0.258     0.491
 9    -0.275    -0.577     0.769
 2    97.398   -18.271    59.662
 2     0.625    -0.780     0.003
 2     0.780     0.625     0.034
 2    -0.028    -0.019     0.999
 3   123.024    -3.423     9.183
 3    -0.222     0.058    -0.973
 3     0.125    -0.988    -0.088
 3    -0.967    -0.141     0.212
 4   114.089    14.746    -9.509
 4     0.647    -0.706     0.288
 4     0.761     0.576    -0.298
 4     0.044     0.412     0.910
 5   122.170    20.194    22.921
 5     0.449    -0.249     0.858
 5    -0.122    -0.969    -0.217
 5     0.885    -0.008    -0.465
