% Calibrated with leiden_pols
% Positions are in centimeters
Data =[
 2    97.448   -18.271    59.662
 2     0.625    -0.780     0.003
 2     0.780     0.625     0.034
 2    -0.028    -0.019     0.999
 3   123.095    -3.508     8.966
 3    -0.236     0.064    -0.969
 3     0.129    -0.987    -0.097
 3    -0.963    -0.148     0.224
 4   113.272    14.547    -8.507
 4     0.659    -0.667     0.348
 4     0.752     0.586    -0.302
 4    -0.003     0.461     0.887
 5   124.389    23.486    20.650
 5     0.494    -0.499     0.712
 5    -0.098    -0.845    -0.525
 5     0.864     0.189    -0.467
 6   138.325    -2.363    29.959
 6     0.236    -0.613    -0.754
 6    -0.967    -0.073    -0.243
 6     0.094     0.786    -0.610
 7   114.816   -22.522    -8.650
 7     0.616     0.741     0.266
 7    -0.759     0.470     0.450
 7     0.208    -0.479     0.852
 8   129.435   -24.681    21.410
 8     0.609     0.724     0.323
 8     0.339    -0.606     0.719
 8     0.717    -0.328    -0.615
 9   130.514    -8.505    17.501
 9     0.155    -0.860    -0.486
 9     0.985     0.098     0.141
 9    -0.074    -0.500     0.862
 2    97.448   -18.296    59.662
 2     0.625    -0.780     0.003
 2     0.780     0.625     0.034
 2    -0.028    -0.019     0.999
 3   123.096    -3.508     8.966
 3    -0.235     0.064    -0.970
 3     0.129    -0.987    -0.096
 3    -0.963    -0.148     0.224
 4   113.274    14.548    -8.459
 4     0.659    -0.667     0.347
 4     0.752     0.586    -0.302
 4    -0.002     0.460     0.887
 5   124.439    23.485    20.651
 5     0.494    -0.500     0.711
 5    -0.099    -0.845    -0.525
 5     0.864     0.189    -0.467
 6   138.325    -2.362    29.908
 6     0.237    -0.613    -0.754
 6    -0.967    -0.073    -0.244
 6     0.094     0.787    -0.610
 7   114.816   -22.522    -8.649
 7     0.616     0.741     0.266
 7    -0.760     0.470     0.450
 7     0.208    -0.479     0.852
 8   129.435   -24.630    21.410
 8     0.609     0.724     0.324
 8     0.339    -0.607     0.718
 8     0.717    -0.328    -0.616
 9   130.512    -8.557    17.453
 9     0.156    -0.860    -0.485
 9     0.985     0.099     0.142
 9    -0.075    -0.500     0.863
 2    97.448   -18.271    59.662
 2     0.625    -0.781     0.003
 2     0.780     0.625     0.034
 2    -0.028    -0.019     0.999
 3   123.089    -3.537     8.924
 3    -0.234     0.062    -0.970
 3     0.129    -0.987    -0.094
 3    -0.964    -0.147     0.223
 4   113.272    14.522    -8.456
 4     0.659    -0.667     0.348
 4     0.752     0.586    -0.302
 4    -0.003     0.460     0.888
 5   124.439    23.485    20.600
 5     0.494    -0.500     0.711
 5    -0.099    -0.845    -0.525
 5     0.864     0.189    -0.467
 6   138.300    -2.363    29.959
 6     0.236    -0.613    -0.754
 6    -0.967    -0.073    -0.243
 6     0.094     0.787    -0.610
 7   114.816   -22.573    -8.649
 7     0.615     0.742     0.267
 7    -0.760     0.469     0.450
 7     0.208    -0.480     0.852
 8   129.336   -24.681    21.436
 8     0.609     0.723     0.326
 8     0.339    -0.609     0.717
 8     0.717    -0.326    -0.616
 9   130.463    -8.557    17.505
 9     0.157    -0.860    -0.486
 9     0.985     0.099     0.143
 9    -0.075    -0.501     0.862
 2    97.398   -18.296    59.662
 2     0.625    -0.780     0.003
 2     0.780     0.625     0.034
 2    -0.028    -0.019     0.999
 3   123.050    -3.585     8.967
 3    -0.234     0.060    -0.970
 3     0.130    -0.987    -0.093
 3    -0.963    -0.148     0.223
 4   113.222    14.522    -8.456
 4     0.659    -0.667     0.348
 4     0.752     0.586    -0.301
 4    -0.003     0.460     0.888
 5   124.389    23.486    20.650
 5     0.494    -0.499     0.712
 5    -0.098    -0.846    -0.524
 5     0.864     0.189    -0.467
 6   138.300    -2.363    29.908
 6     0.236    -0.613    -0.754
 6    -0.967    -0.073    -0.243
 6     0.094     0.787    -0.610
 7   114.816   -22.573    -8.649
 7     0.615     0.741     0.267
 7    -0.760     0.468     0.450
 7     0.208    -0.480     0.852
 8   129.289   -24.680    21.359
 8     0.610     0.720     0.330
 8     0.338    -0.613     0.714
 8     0.717    -0.324    -0.618
 9   130.511    -8.456    17.457
 9     0.156    -0.860    -0.486
 9     0.985     0.098     0.144
 9    -0.076    -0.501     0.862
 2    97.398   -18.271    59.662
 2     0.625    -0.781     0.003
 2     0.780     0.625     0.034
 2    -0.028    -0.019     0.999
 3   123.048    -3.534     8.915
 3    -0.235     0.061    -0.970
 3     0.130    -0.987    -0.093
 3    -0.963    -0.148     0.224
 4   113.167    14.521    -8.451
 4     0.657    -0.667     0.350
 4     0.753     0.585    -0.300
 4    -0.005     0.461     0.887
 5   124.339    23.434    20.649
 5     0.494    -0.498     0.712
 5    -0.099    -0.846    -0.523
 5     0.864     0.188    -0.467
 6   138.323    -2.364    29.861
 6     0.236    -0.612    -0.755
 6    -0.967    -0.074    -0.243
 6     0.093     0.787    -0.609
 7   114.767   -22.522    -8.649
 7     0.615     0.741     0.268
 7    -0.760     0.468     0.450
 7     0.208    -0.481     0.852
 8   129.290   -24.603    21.436
 8     0.609     0.720     0.332
 8     0.339    -0.615     0.712
 8     0.717    -0.321    -0.619
 9   130.509    -8.407    17.459
 9     0.157    -0.860    -0.485
 9     0.984     0.098     0.145
 9    -0.077    -0.501     0.862
 2    97.398   -18.296    59.663
 2     0.625    -0.780     0.002
 2     0.780     0.625     0.034
 2    -0.028    -0.020     0.999
 3   123.024    -3.585     8.915
 3    -0.236     0.060    -0.970
 3     0.131    -0.987    -0.093
 3    -0.963    -0.149     0.225
 4   113.164    14.520    -8.500
 4     0.657    -0.667     0.351
 4     0.754     0.584    -0.300
 4    -0.006     0.461     0.887
 5   124.334    23.483    20.706
 5     0.494    -0.497     0.713
 5    -0.099    -0.847    -0.522
 5     0.863     0.188    -0.468
 6   138.296    -2.364    29.863
 6     0.237    -0.611    -0.755
 6    -0.967    -0.074    -0.243
 6     0.092     0.788    -0.609
 7   114.688   -22.524    -8.642
 7     0.615     0.740     0.271
 7    -0.761     0.468     0.449
 7     0.206    -0.483     0.851
 8   129.263   -24.553    21.415
 8     0.610     0.719     0.333
 8     0.339    -0.617     0.710
 8     0.716    -0.320    -0.620
 9   130.506    -8.331    17.462
 9     0.156    -0.860    -0.485
 9     0.984     0.097     0.144
 9    -0.078    -0.500     0.862
 2    97.398   -18.296    59.612
 2     0.625    -0.780     0.003
 2     0.780     0.625     0.034
 2    -0.028    -0.019     0.999
 3   123.022    -3.508     8.915
 3    -0.236     0.062    -0.970
 3     0.130    -0.987    -0.095
 3    -0.963    -0.149     0.225
 4   113.141    14.521    -8.452
 4     0.656    -0.668     0.351
 4     0.755     0.583    -0.299
 4    -0.005     0.461     0.887
 5   124.308    23.484    20.704
 5     0.495    -0.496     0.713
 5    -0.099    -0.848    -0.521
 5     0.863     0.187    -0.469
 6   138.296    -2.364    29.863
 6     0.238    -0.611    -0.755
 6    -0.967    -0.075    -0.244
 6     0.092     0.788    -0.608
 7   114.686   -22.525    -8.639
 7     0.615     0.740     0.271
 7    -0.761     0.468     0.448
 7     0.205    -0.482     0.851
 8   129.263   -24.553    21.440
 8     0.609     0.719     0.333
 8     0.339    -0.617     0.710
 8     0.716    -0.320    -0.620
 9   130.505    -8.280    17.513
 9     0.155    -0.861    -0.485
 9     0.985     0.096     0.144
 9    -0.078    -0.500     0.862
 2    97.398   -18.296    59.662
 2     0.625    -0.780     0.003
 2     0.780     0.625     0.034
 2    -0.028    -0.019     0.999
 3   123.026    -3.508     8.968
 3    -0.235     0.064    -0.970
 3     0.130    -0.987    -0.097
 3    -0.963    -0.150     0.224
 4   113.143    14.548    -8.404
 4     0.653    -0.671     0.350
 4     0.756     0.581    -0.299
 4    -0.004     0.460     0.887
 5   124.207    23.409    20.751
 5     0.495    -0.493     0.716
 5    -0.100    -0.850    -0.517
 5     0.863     0.184    -0.470
