% Calibrated with leiden_pols
% Positions are in centimeters
Data =[
 2    97.448   -18.271    59.662
 2     0.625    -0.780     0.003
 2     0.780     0.625     0.034
 2    -0.028    -0.019     0.999
 3   123.095    -3.508     8.966
 3    -0.236     0.064    -0.969
 3     0.129    -0.987    -0.097
 3    -0.963    -0.148     0.224
 4   113.272    14.547    -8.507
 4     0.659    -0.667     0.348
 4     0.752     0.586    -0.302
 4    -0.003     0.461     0.887
 5   124.389    23.486    20.650
 5     0.494    -0.499     0.712
 5    -0.098    -0.845    -0.525
 5     0.864     0.189    -0.467
 6   138.325    -2.363    29.959
 6     0.236    -0.613    -0.754
 6    -0.967    -0.073    -0.243
 6     0.094     0.786    -0.610
 7   114.816   -22.522    -8.650
 7     0.616     0.741     0.266
 7    -0.759     0.470     0.450
 7     0.208    -0.479     0.852
 8   129.435   -24.681    21.410
 8     0.609     0.724     0.323
 8     0.339    -0.606     0.719
 8     0.717    -0.328    -0.615
 9   130.514    -8.505    17.501
 9     0.155    -0.860    -0.486
 9     0.985     0.098     0.141
 9    -0.074    -0.500     0.862
 2    97.448   -18.296    59.662
 2     0.625    -0.780     0.003
 2     0.780     0.625     0.034
 2    -0.028    -0.019     0.999
 3   123.096    -3.508     8.966
 3    -0.235     0.064    -0.970
 3     0.129    -0.987    -0.096
 3    -0.963    -0.148     0.224
 4   113.274    14.548    -8.459
 4     0.659    -0.667     0.347
 4     0.752     0.586    -0.302
 4    -0.002     0.460     0.887
 5   124.439    23.485    20.651
 5     0.494    -0.500     0.711
 5    -0.099    -0.845    -0.525
 5     0.864     0.189    -0.467
 6   138.325    -2.362    29.908
 6     0.237    -0.613    -0.754
 6    -0.967    -0.073    -0.244
 6     0.094     0.787    -0.610
 7   114.816   -22.522    -8.649
 7     0.616     0.741     0.266
 7    -0.760     0.470     0.450
 7     0.208    -0.479     0.852
 8   129.435   -24.630    21.410
 8     0.609     0.724     0.324
 8     0.339    -0.607     0.718
 8     0.717    -0.328    -0.616
 9   130.512    -8.557    17.453
 9     0.156    -0.860    -0.485
 9     0.985     0.099     0.142
 9    -0.075    -0.500     0.863
 2    97.448   -18.271    59.662
 2     0.625    -0.781     0.003
 2     0.780     0.625     0.034
 2    -0.028    -0.019     0.999
 3   123.089    -3.537     8.924
 3    -0.234     0.062    -0.970
 3     0.129    -0.987    -0.094
 3    -0.964    -0.147     0.223
 4   113.272    14.522    -8.456
 4     0.659    -0.667     0.348
 4     0.752     0.586    -0.302
 4    -0.003     0.460     0.888
 5   124.439    23.485    20.600
 5     0.494    -0.500     0.711
 5    -0.099    -0.845    -0.525
 5     0.864     0.189    -0.467
 6   138.300    -2.363    29.959
 6     0.236    -0.613    -0.754
 6    -0.967    -0.073    -0.243
 6     0.094     0.787    -0.610
 7   114.816   -22.573    -8.649
 7     0.615     0.742     0.267
 7    -0.760     0.469     0.450
 7     0.208    -0.480     0.852
 8   129.336   -24.681    21.436
 8     0.609     0.723     0.326
 8     0.339    -0.609     0.717
 8     0.717    -0.326    -0.616
 9   130.463    -8.557    17.505
 9     0.157    -0.860    -0.486
 9     0.985     0.099     0.143
 9    -0.075    -0.501     0.862
 2    97.398   -18.296    59.662
 2     0.625    -0.780     0.003
 2     0.780     0.625     0.034
 2    -0.028    -0.019     0.999
 3   123.050    -3.585     8.967
 3    -0.234     0.060    -0.970
 3     0.130    -0.987    -0.093
 3    -0.963    -0.148     0.223
 4   113.222    14.522    -8.456
 4     0.659    -0.667     0.348
 4     0.752     0.586    -0.301
 4    -0.003     0.460     0.888
 5   124.389    23.486    20.650
 5     0.494    -0.499     0.712
 5    -0.098    -0.846    -0.524
 5     0.864     0.189    -0.467
 6   138.300    -2.363    29.908
 6     0.236    -0.613    -0.754
 6    -0.967    -0.073    -0.243
 6     0.094     0.787    -0.610
 7   114.816   -22.573    -8.649
 7     0.615     0.741     0.267
 7    -0.760     0.468     0.450
 7     0.208    -0.480     0.852
 8   129.289   -24.680    21.359
 8     0.610     0.720     0.330
 8     0.338    -0.613     0.714
 8     0.717    -0.324    -0.618
 9   130.511    -8.456    17.457
 9     0.156    -0.860    -0.486
 9     0.985     0.098     0.144
 9    -0.076    -0.501     0.862
 2    97.398   -18.271    59.662
 2     0.625    -0.781     0.003
 2     0.780     0.625     0.034
 2    -0.028    -0.019     0.999
 3   123.048    -3.534     8.915
 3    -0.235     0.061    -0.970
 3     0.130    -0.987    -0.093
 3    -0.963    -0.148     0.224
 4   113.167    14.521    -8.451
 4     0.657    -0.667     0.350
 4     0.753     0.585    -0.300
 4    -0.005     0.461     0.887
 5   124.339    23.434    20.649
 5     0.494    -0.498     0.712
 5    -0.099    -0.846    -0.523
 5     0.864     0.188    -0.467
 6   138.323    -2.364    29.861
 6     0.236    -0.612    -0.755
 6    -0.967    -0.074    -0.243
 6     0.093     0.787    -0.609
 7   114.767   -22.522    -8.649
 7     0.615     0.741     0.268
 7    -0.760     0.468     0.450
 7     0.208    -0.481     0.852
 8   129.290   -24.603    21.436
 8     0.609     0.720     0.332
 8     0.339    -0.615     0.712
 8     0.717    -0.321    -0.619
 9   130.509    -8.407    17.459
 9     0.157    -0.860    -0.485
 9     0.984     0.098     0.145
 9    -0.077    -0.501     0.862
 2    97.398   -18.296    59.663
 2     0.625    -0.780     0.002
 2     0.780     0.625     0.034
 2    -0.028    -0.020     0.999
 3   123.024    -3.585     8.915
 3    -0.236     0.060    -0.970
 3     0.131    -0.987    -0.093
 3    -0.963    -0.149     0.225
 4   113.164    14.520    -8.500
 4     0.657    -0.667     0.351
 4     0.754     0.584    -0.300
 4    -0.006     0.461     0.887
 5   124.334    23.483    20.706
 5     0.494    -0.497     0.713
 5    -0.099    -0.847    -0.522
 5     0.863     0.188    -0.468
 6   138.296    -2.364    29.863
 6     0.237    -0.611    -0.755
 6    -0.967    -0.074    -0.243
 6     0.092     0.788    -0.609
 7   114.688   -22.524    -8.642
 7     0.615     0.740     0.271
 7    -0.761     0.468     0.449
 7     0.206    -0.483     0.851
 8   129.263   -24.553    21.415
 8     0.610     0.719     0.333
 8     0.339    -0.617     0.710
 8     0.716    -0.320    -0.620
 9   130.506    -8.331    17.462
 9     0.156    -0.860    -0.485
 9     0.984     0.097     0.144
 9    -0.078    -0.500     0.862
 2    97.398   -18.296    59.612
 2     0.625    -0.780     0.003
 2     0.780     0.625     0.034
 2    -0.028    -0.019     0.999
 3   123.022    -3.508     8.915
 3    -0.236     0.062    -0.970
 3     0.130    -0.987    -0.095
 3    -0.963    -0.149     0.225
 4   113.141    14.521    -8.452
 4     0.656    -0.668     0.351
 4     0.755     0.583    -0.299
 4    -0.005     0.461     0.887
 5   124.308    23.484    20.704
 5     0.495    -0.496     0.713
 5    -0.099    -0.848    -0.521
 5     0.863     0.187    -0.469
 6   138.296    -2.364    29.863
 6     0.238    -0.611    -0.755
 6    -0.967    -0.075    -0.244
 6     0.092     0.788    -0.608
 7   114.686   -22.525    -8.639
 7     0.615     0.740     0.271
 7    -0.761     0.468     0.448
 7     0.205    -0.482     0.851
 8   129.263   -24.553    21.440
 8     0.609     0.719     0.333
 8     0.339    -0.617     0.710
 8     0.716    -0.320    -0.620
 9   130.505    -8.280    17.513
 9     0.155    -0.861    -0.485
 9     0.985     0.096     0.144
 9    -0.078    -0.500     0.862
 2    97.398   -18.296    59.662
 2     0.625    -0.780     0.003
 2     0.780     0.625     0.034
 2    -0.028    -0.019     0.999
 3   123.026    -3.508     8.968
 3    -0.235     0.064    -0.970
 3     0.130    -0.987    -0.097
 3    -0.963    -0.150     0.224
 4   113.143    14.548    -8.404
 4     0.653    -0.671     0.350
 4     0.756     0.581    -0.299
 4    -0.004     0.460     0.887
 5   124.207    23.409    20.751
 5     0.495    -0.493     0.716
 5    -0.100    -0.850    -0.517
 5     0.863     0.184    -0.470
 6   138.292    -2.365    29.843
 6     0.239    -0.610    -0.755
 6    -0.967    -0.077    -0.244
 6     0.090     0.788    -0.608
 7   114.711   -22.474    -8.639
 7     0.615     0.740     0.270
 7    -0.761     0.469     0.448
 7     0.205    -0.482     0.852
 8   129.263   -24.502    21.440
 8     0.609     0.719     0.333
 8     0.340    -0.617     0.710
 8     0.716    -0.320    -0.620
 9   130.556    -8.178    17.510
 9     0.154    -0.861    -0.484
 9     0.985     0.096     0.144
 9    -0.077    -0.499     0.863
 2    97.398   -18.296    59.663
 2     0.625    -0.780     0.002
 2     0.780     0.625     0.034
 2    -0.028    -0.020     0.999
 3   123.020    -3.410     9.029
 3    -0.234     0.065    -0.970
 3     0.130    -0.987    -0.098
 3    -0.964    -0.149     0.222
 4   113.145    14.549    -8.406
 4     0.653    -0.671     0.350
 4     0.757     0.580    -0.299
 4    -0.003     0.460     0.887
 5   124.207    23.409    20.750
 5     0.495    -0.491     0.716
 5    -0.100    -0.851    -0.515
 5     0.863     0.183    -0.471
 6   138.239    -2.391    29.922
 6     0.240    -0.609    -0.755
 6    -0.967    -0.079    -0.244
 6     0.089     0.789    -0.608
 7   114.710   -22.474    -8.639
 7     0.615     0.740     0.270
 7    -0.761     0.469     0.448
 7     0.205    -0.481     0.852
 8   129.218   -24.373    21.542
 8     0.609     0.716     0.340
 8     0.340    -0.624     0.703
 8     0.716    -0.313    -0.624
 9   130.764    -7.626    17.706
 9     0.154    -0.864    -0.480
 9     0.984     0.093     0.148
 9    -0.084    -0.495     0.865
 2    97.448   -18.271    59.662
 2     0.625    -0.780     0.002
 2     0.780     0.625     0.034
 2    -0.028    -0.019     0.999
 3   123.047    -3.461     9.081
 3    -0.233     0.066    -0.970
 3     0.130    -0.986    -0.098
 3    -0.964    -0.149     0.221
 4   113.148    14.603    -8.361
 4     0.651    -0.674     0.350
 4     0.759     0.578    -0.299
 4    -0.001     0.460     0.888
 5   123.887    23.001    21.052
 5     0.499    -0.474     0.725
 5    -0.106    -0.864    -0.492
 5     0.860     0.168    -0.482
 6   138.580    -2.495    29.540
 6     0.261    -0.566    -0.782
 6    -0.962    -0.087    -0.258
 6     0.078     0.820    -0.567
 7   114.720   -22.446    -8.558
 7     0.614     0.745     0.260
 7    -0.761     0.471     0.447
 7     0.211    -0.472     0.856
 8   128.881   -24.248    21.603
 8     0.618     0.694     0.369
 8     0.329    -0.655     0.680
 8     0.714    -0.299    -0.633
 9   131.882    -7.858    17.588
 9     0.193    -0.882    -0.428
 9     0.975     0.124     0.185
 9    -0.110    -0.454     0.884
 2    97.398   -18.296    59.662
 2     0.625    -0.780     0.002
 2     0.780     0.625     0.034
 2    -0.028    -0.019     0.999
 3   122.973    -3.461     9.082
 3    -0.233     0.067    -0.970
 3     0.130    -0.986    -0.099
 3    -0.964    -0.150     0.221
 4   113.208    14.665    -8.270
 4     0.651    -0.680     0.335
 4     0.758     0.576    -0.304
 4     0.013     0.453     0.891
 5   123.342    22.965    21.265
 5     0.505    -0.428     0.750
 5    -0.094    -0.891    -0.445
 5     0.858     0.154    -0.490
 6   139.213    -1.396    29.548
 6     0.333    -0.551    -0.765
 6    -0.940    -0.131    -0.315
 6     0.073     0.824    -0.561
 7   114.702   -22.346    -8.544
 7     0.606     0.753     0.255
 7    -0.765     0.467     0.443
 7     0.215    -0.464     0.859
 8   128.430   -24.160    21.878
 8     0.651     0.626     0.429
 8     0.296    -0.730     0.615
 8     0.699    -0.274    -0.661
 9   133.993   -10.927    16.019
 9     0.311    -0.871    -0.380
 9     0.934     0.206     0.290
 9    -0.175    -0.445     0.878
 2    97.398   -18.271    59.663
 2     0.625    -0.780     0.002
 2     0.780     0.625     0.034
 2    -0.028    -0.020     0.999
 3   123.036    -3.411     9.163
 3    -0.230     0.070    -0.970
 3     0.132    -0.986    -0.103
 3    -0.964    -0.152     0.218
 4   113.278    14.571    -8.233
 4     0.648    -0.690     0.323
 4     0.761     0.575    -0.299
 4     0.020     0.439     0.898
 5   122.276    22.376    21.790
 5     0.505    -0.357     0.785
 5    -0.095    -0.928    -0.361
 5     0.858     0.108    -0.502
 6   139.969    -0.609    29.398
 6     0.446    -0.509    -0.736
 6    -0.894    -0.220    -0.390
 6     0.036     0.832    -0.553
 7   114.837   -22.295    -8.557
 7     0.598     0.761     0.251
 7    -0.771     0.460     0.441
 7     0.220    -0.458     0.861
 8   127.629   -24.113    22.332
 8     0.674     0.547     0.495
 8     0.265    -0.805     0.530
 8     0.689    -0.227    -0.688
 9   136.203   -12.930    15.696
 9     0.406    -0.846    -0.345
 9     0.881     0.261     0.394
 9    -0.243    -0.464     0.852
 2    97.398   -18.296    59.663
 2     0.625    -0.780     0.002
 2     0.780     0.625     0.034
 2    -0.028    -0.020     0.999
 3   123.058    -3.334     9.224
 3    -0.229     0.076    -0.970
 3     0.137    -0.984    -0.110
 3    -0.964    -0.158     0.214
 4   113.195    14.744    -8.080
 4     0.634    -0.709     0.308
 4     0.772     0.561    -0.298
 4     0.039     0.427     0.903
 5   121.225    21.304    22.265
 5     0.507    -0.277     0.816
 5    -0.099    -0.959    -0.264
 5     0.856     0.053    -0.514
 6   140.382     0.449    29.065
 6     0.544    -0.478    -0.690
 6    -0.839    -0.313    -0.445
 6    -0.004     0.820    -0.572
 7   114.900   -22.295    -8.477
 7     0.589     0.771     0.243
 7    -0.776     0.454     0.438
 7     0.227    -0.447     0.865
 8   127.029   -23.738    22.723
 8     0.702     0.447     0.554
 8     0.224    -0.877     0.424
 8     0.676    -0.174    -0.716
 9   138.271   -15.968    15.099
 9     0.510    -0.811    -0.287
 9     0.796     0.318     0.515
 9    -0.326    -0.491     0.807
 2    97.448   -18.271    59.663
 2     0.625    -0.780     0.002
 2     0.780     0.625     0.034
 2    -0.028    -0.020     0.999
 3   123.023    -3.183     9.333
 3    -0.227     0.080    -0.970
 3     0.140    -0.983    -0.114
 3    -0.964    -0.162     0.212
 4   113.154    14.775    -8.089
 4     0.629    -0.716     0.302
 4     0.776     0.557    -0.295
 4     0.043     0.420     0.906
 5   120.848    21.185    22.342
 5     0.516    -0.238     0.823
 5    -0.089    -0.970    -0.224
 5     0.852     0.042    -0.522
 6   141.222     1.840    29.016
 6     0.608    -0.424    -0.672
 6    -0.794    -0.344    -0.501
 6    -0.019     0.838    -0.545
 7   114.804   -22.278    -8.477
 7     0.571     0.783     0.245
 7    -0.788     0.440     0.429
 7     0.229    -0.438     0.869
 8   126.232   -23.650    23.168
 8     0.738     0.294     0.607
 8     0.152    -0.949     0.274
 8     0.657    -0.109    -0.746
 9   141.132   -20.673    14.351
 9     0.633    -0.750    -0.189
 9     0.652     0.386     0.652
 9    -0.416    -0.536     0.734
 2    97.398   -18.296    59.662
 2     0.625    -0.780     0.002
 2     0.780     0.625     0.034
 2    -0.028    -0.019     0.999
 3   123.080    -3.157     9.361
 3    -0.227     0.079    -0.971
 3     0.142    -0.983    -0.114
 3    -0.964    -0.164     0.211
 4   113.156    14.880    -8.089
 4     0.621    -0.725     0.298
 4     0.782     0.552    -0.289
 4     0.044     0.412     0.910
 5   120.291    20.717    22.548
 5     0.524    -0.174     0.834
 5    -0.084    -0.985    -0.153
 5     0.848     0.010    -0.530
 6   141.663     3.278    28.526
 6     0.683    -0.368    -0.631
 6    -0.729    -0.402    -0.554
 6    -0.050     0.838    -0.543
 7   114.914   -22.285    -8.432
 7     0.550     0.798     0.245
 7    -0.802     0.423     0.421
 7     0.233    -0.429     0.873
 8   125.560   -22.710    23.642
 8     0.757     0.110     0.644
 8     0.073    -0.994     0.085
 8     0.649    -0.017    -0.760
 9   143.621   -25.005    14.430
 9     0.734    -0.673    -0.086
 9     0.478     0.422     0.770
 9    -0.482    -0.607     0.632
 2    97.398   -18.271    59.663
 2     0.625    -0.780     0.002
 2     0.780     0.625     0.034
 2    -0.028    -0.020     0.999
 3   123.102    -2.999     9.268
 3    -0.229     0.075    -0.970
 3     0.147    -0.983    -0.110
 3    -0.962    -0.168     0.214
 4   113.013    14.973    -8.129
 4     0.607    -0.741     0.286
 4     0.792     0.538    -0.287
 4     0.059     0.401     0.914
 5   121.650    19.768    24.525
 5     0.523    -0.107     0.845
 5    -0.083    -0.994    -0.075
 5     0.848    -0.031    -0.529
 6   142.040     4.457    28.081
 6     0.744    -0.326    -0.584
 6    -0.663    -0.468    -0.584
 6    -0.083     0.821    -0.564
 7   114.951   -22.318    -8.418
 7     0.527     0.815     0.241
 7    -0.816     0.405     0.413
 7     0.239    -0.415     0.878
 8   122.863   -22.534    21.990
 8     0.759    -0.068     0.646
 8    -0.017    -0.996    -0.085
 8     0.650     0.053    -0.758
 9   145.406   -29.077    15.007
 9     0.801    -0.598     0.017
 9     0.303     0.429     0.850
 9    -0.516    -0.676     0.525
 2    97.396   -18.297    59.614
 2     0.625    -0.780     0.003
 2     0.780     0.625     0.034
 2    -0.029    -0.019     0.999
 3   123.109    -2.919     9.258
 3    -0.232     0.072    -0.970
 3     0.149    -0.983    -0.109
 3    -0.961    -0.170     0.217
 4   112.964    14.960    -8.232
 4     0.599    -0.752     0.273
 4     0.797     0.531    -0.286
 4     0.070     0.389     0.918
 5   121.369    19.591    24.711
 5     0.530    -0.051     0.846
 5    -0.063    -0.998    -0.020
 5     0.846    -0.043    -0.532
 6   142.707     6.119    27.614
 6     0.797    -0.266    -0.542
 6    -0.593    -0.513    -0.621
 6    -0.112     0.816    -0.567
 7   115.003   -22.431    -8.320
 7     0.501     0.833     0.234
 7    -0.831     0.387     0.400
 7     0.242    -0.395     0.886
 8   122.430   -22.631    22.387
 8     0.748    -0.234     0.620
 8    -0.115    -0.967    -0.226
 8     0.653     0.098    -0.751
 9   146.063   -33.233    15.475
 9     0.835    -0.535     0.128
 9     0.136     0.426     0.894
 9    -0.533    -0.730     0.429
 2    97.398   -18.271    59.612
 2     0.625    -0.781     0.003
 2     0.780     0.625     0.034
 2    -0.028    -0.019     0.999
 3   123.141    -2.865     9.147
 3    -0.234     0.070    -0.970
 3     0.151    -0.983    -0.107
 3    -0.960    -0.171     0.219
 4   112.890    14.974    -8.315
 4     0.587    -0.766     0.263
 4     0.805     0.519    -0.286
 4     0.082     0.380     0.921
 5   120.990    19.414    24.725
 5     0.536    -0.002     0.844
 5    -0.045    -0.999     0.027
 5     0.843    -0.052    -0.536
 6   143.109     8.064    27.163
 6     0.849    -0.205    -0.488
 6    -0.509    -0.566    -0.648
 6    -0.143     0.798    -0.585
 7   114.955   -22.449    -8.265
 7     0.466     0.854     0.230
 7    -0.850     0.361     0.383
 7     0.244    -0.374     0.894
 8   121.935   -22.703    22.746
 8     0.717    -0.404     0.567
 8    -0.221    -0.904    -0.365
 8     0.660     0.136    -0.738
 9   145.803   -37.683    16.562
 9     0.841    -0.475     0.259
 9    -0.063     0.390     0.918
 9    -0.537    -0.789     0.298
 2    97.398   -18.296    59.663
 2     0.625    -0.780     0.002
 2     0.780     0.625     0.034
 2    -0.028    -0.020     0.999
 3   123.239    -2.811     9.058
 3    -0.240     0.068    -0.968
 3     0.152    -0.983    -0.107
 3    -0.959    -0.172     0.225
 4   112.822    14.899    -8.280
 4     0.571    -0.784     0.243
 4     0.813     0.502    -0.292
 4     0.107     0.364     0.925
 5   120.467    18.935    24.873
 5     0.537     0.059     0.841
 5    -0.024    -0.996     0.085
 5     0.843    -0.066    -0.534
 6   143.048     9.606    26.871
 6     0.890    -0.146    -0.432
 6    -0.424    -0.614    -0.666
 6    -0.168     0.776    -0.608
 7   114.834   -22.464    -8.261
 7     0.433     0.871     0.230
 7    -0.867     0.333     0.370
 7     0.246    -0.360     0.900
 8   121.593   -22.949    23.024
 8     0.679    -0.537     0.501
 8    -0.316    -0.829    -0.460
 8     0.663     0.154    -0.733
 9   144.272   -42.604    17.390
 9     0.807    -0.460     0.371
 9    -0.242     0.314     0.918
 9    -0.539    -0.830     0.142
 2    97.398   -18.296    59.663
 2     0.625    -0.780     0.002
 2     0.780     0.625     0.034
 2    -0.028    -0.020     0.999
 3   123.280    -2.730     8.943
 3    -0.246     0.068    -0.967
 3     0.150    -0.983    -0.108
 3    -0.958    -0.172     0.231
 4   112.728    14.856    -8.291
 4     0.557    -0.795     0.240
 4     0.823     0.490    -0.288
 4     0.111     0.358     0.927
 5   120.070    19.179    24.802
 5     0.535     0.089     0.840
 5     0.003    -0.995     0.104
 5     0.845    -0.053    -0.532
 6   142.925    11.013    27.165
 6     0.914    -0.126    -0.385
 6    -0.373    -0.632    -0.679
 6    -0.158     0.765    -0.625
 7   114.480   -22.431    -8.235
 7     0.404     0.882     0.241
 7    -0.882     0.306     0.359
 7     0.242    -0.358     0.902
 8   121.241   -23.974    23.021
 8     0.636    -0.648     0.420
 8    -0.416    -0.746    -0.520
 8     0.650     0.156    -0.744
 9   141.918   -47.315    18.941
 9     0.748    -0.498     0.439
 9    -0.404     0.184     0.896
 9    -0.527    -0.848    -0.063
 2    97.398   -18.296    59.663
 2     0.625    -0.780     0.002
 2     0.780     0.625     0.034
 2    -0.028    -0.020     0.999
 3   123.269    -2.596     8.917
 3    -0.254     0.068    -0.965
 3     0.147    -0.983    -0.108
 3    -0.956    -0.170     0.240
 4   112.604    14.862    -8.346
 4     0.543    -0.805     0.238
 4     0.832     0.478    -0.282
 4     0.113     0.351     0.929
 5   119.704    19.212    24.809
 5     0.536     0.122     0.835
 5     0.024    -0.991     0.130
 5     0.843    -0.049    -0.535
 6   142.853    12.281    27.169
 6     0.934    -0.090    -0.345
 6    -0.319    -0.646    -0.694
 6    -0.160     0.758    -0.632
 7   114.161   -22.146    -8.296
 7     0.384     0.887     0.253
 7    -0.893     0.289     0.344
 7     0.232    -0.359     0.904
 8   121.014   -24.809    22.927
 8     0.603    -0.717     0.350
 8    -0.488    -0.678    -0.549
 8     0.631     0.160    -0.759
 9   139.454   -50.765    21.202
 9     0.672    -0.609     0.420
 9    -0.540    -0.016     0.841
 9    -0.506    -0.793    -0.340
 2    97.398   -18.271    59.663
 2     0.625    -0.780     0.002
 2     0.780     0.625     0.034
 2    -0.028    -0.020     0.999
 3   123.306    -2.430     8.753
 3    -0.267     0.071    -0.961
 3     0.149    -0.982    -0.114
 3    -0.952    -0.174     0.251
 4   112.522    14.973    -8.297
 4     0.537    -0.810     0.237
 4     0.835     0.469    -0.288
 4     0.122     0.352     0.928
 5   119.811    19.078    25.034
 5     0.549     0.143     0.823
 5     0.031    -0.988     0.151
 5     0.835    -0.057    -0.547
 6   143.216    13.233    27.140
 6     0.947    -0.060    -0.317
 6    -0.275    -0.664    -0.695
 6    -0.169     0.745    -0.646
 7   113.796   -21.868    -8.629
 7     0.364     0.891     0.271
 7    -0.907     0.272     0.322
 7     0.212    -0.363     0.907
 8   120.438   -25.745    22.615
 8     0.558    -0.777     0.292
 8    -0.559    -0.612    -0.560
 8     0.613     0.150    -0.776
 9   137.599   -52.699    21.948
 9     0.631    -0.633     0.448
 9    -0.609    -0.046     0.792
 9    -0.480    -0.772    -0.415
 2    97.398   -18.271    59.663
 2     0.625    -0.781     0.002
 2     0.780     0.625     0.034
 2    -0.028    -0.020     0.999
 3   123.323    -2.341     8.617
 3    -0.280     0.076    -0.957
 3     0.153    -0.981    -0.122
 3    -0.948    -0.180     0.263
 4   112.286    15.061    -8.224
 4     0.522    -0.819     0.239
 4     0.842     0.452    -0.292
 4     0.131     0.354     0.926
 5   119.718    18.841    25.151
 5     0.559     0.174     0.810
 5     0.039    -0.982     0.183
 5     0.828    -0.071    -0.557
 6   143.255    14.284    26.603
 6     0.959    -0.005    -0.283
 6    -0.211    -0.677    -0.705
 6    -0.188     0.736    -0.650
 7   113.642   -21.659    -8.757
 7     0.350     0.893     0.281
 7    -0.916     0.263     0.304
 7     0.198    -0.364     0.910
 8   119.834   -26.450    22.390
 8     0.523    -0.813     0.255
 8    -0.601    -0.565    -0.565
 8     0.603     0.142    -0.785
 9   135.991   -54.017    23.621
 9     0.586    -0.687     0.430
 9    -0.682    -0.130     0.720
 9    -0.439    -0.715    -0.544
 2    97.398   -18.296    59.663
 2     0.625    -0.780     0.002
 2     0.780     0.625     0.034
 2    -0.028    -0.020     0.999
 3   123.345    -2.092     8.444
 3    -0.297     0.086    -0.951
 3     0.155    -0.978    -0.137
 3    -0.942    -0.188     0.277
 4   112.002    15.175    -8.078
 4     0.509    -0.826     0.242
 4     0.849     0.435    -0.299
 4     0.141     0.358     0.923
 5   119.561    18.660    25.331
 5     0.565     0.202     0.800
 5     0.049    -0.976     0.211
 5     0.823    -0.080    -0.562
 6   143.211    15.361    26.306
 6     0.967     0.038    -0.252
 6    -0.158    -0.684    -0.712
 6    -0.200     0.728    -0.656
 7   113.396   -21.445    -8.894
 7     0.338     0.895     0.291
 7    -0.922     0.254     0.292
 7     0.187    -0.368     0.911
 8   119.371   -26.461    22.249
 8     0.500    -0.828     0.253
 8    -0.618    -0.546    -0.566
 8     0.607     0.126    -0.785
 9   135.376   -54.217    24.255
 9     0.578    -0.694     0.430
 9    -0.705    -0.159     0.691
 9    -0.411    -0.702    -0.581
 2    97.398   -18.296    59.663
 2     0.625    -0.780     0.002
 2     0.780     0.625     0.034
 2    -0.028    -0.020     0.999
 3   123.457    -1.955     8.296
 3    -0.307     0.098    -0.947
 3     0.156    -0.976    -0.152
 3    -0.939    -0.194     0.284
 4   111.599    15.260    -8.090
 4     0.486    -0.837     0.250
 4     0.862     0.412    -0.295
 4     0.144     0.359     0.922
 5   118.925    18.767    25.326
 5     0.563     0.235     0.792
 5     0.069    -0.969     0.239
 5     0.823    -0.080    -0.562
 6   142.793    16.260    26.224
 6     0.971     0.063    -0.229
 6    -0.125    -0.685    -0.717
 6    -0.203     0.725    -0.658
 7   113.478   -21.224    -8.995
 7     0.337     0.894     0.295
 7    -0.924     0.254     0.284
 7     0.179    -0.369     0.912
 8   118.840   -26.837    22.023
 8     0.470    -0.846     0.252
 8    -0.642    -0.523    -0.561
 8     0.606     0.102    -0.789
 9   134.621   -54.782    24.349
 9     0.568    -0.689     0.450
 9    -0.729    -0.167     0.663
 9    -0.382    -0.705    -0.598
 2    97.398   -18.296    59.663
 2     0.625    -0.780     0.002
 2     0.780     0.625     0.034
 2    -0.028    -0.020     0.999
 3   123.465    -1.669     8.234
 3    -0.314     0.111    -0.943
 3     0.156    -0.974    -0.167
 3    -0.937    -0.199     0.288
 4   111.422    15.315    -8.145
 4     0.474    -0.843     0.253
 4     0.868     0.400    -0.292
 4     0.145     0.358     0.922
 5   118.352    18.904    25.380
 5     0.555     0.267     0.787
 5     0.089    -0.961     0.263
 5     0.826    -0.076    -0.558
 6   142.347    17.476    26.493
 6     0.977     0.083    -0.197
 6    -0.088    -0.685    -0.723
 6    -0.195     0.724    -0.662
 7   113.448   -20.882    -9.179
 7     0.335     0.893     0.301
 7    -0.928     0.257     0.271
 7     0.165    -0.370     0.914
 8   118.469   -27.265    21.869
 8     0.451    -0.858     0.245
 8    -0.660    -0.506    -0.555
 8     0.600     0.089    -0.795
 9   134.073   -55.260    24.368
 9     0.558    -0.687     0.464
 9    -0.743    -0.165     0.649
 9    -0.370    -0.707    -0.602
 2    97.398   -18.296    59.663
 2     0.625    -0.780     0.002
 2     0.780     0.625     0.034
 2    -0.028    -0.020     0.999
 3   123.525    -1.488     8.154
 3    -0.315     0.116    -0.942
 3     0.157    -0.972    -0.172
 3    -0.936    -0.203     0.288
 4   111.264    15.366    -8.089
 4     0.466    -0.847     0.255
 4     0.873     0.393    -0.288
 4     0.143     0.357     0.923
 5   118.271    19.085    25.384
 5     0.556     0.275     0.783
 5     0.098    -0.958     0.267
 5     0.825    -0.072    -0.561
 6   142.126    18.073    26.521
 6     0.979     0.092    -0.180
 6    -0.069    -0.685    -0.725
 6    -0.190     0.722    -0.665
 7   113.430   -20.763    -9.230
 7     0.334     0.892     0.303
 7    -0.929     0.258     0.264
 7     0.157    -0.370     0.915
 8   118.277   -27.456    21.759
 8     0.441    -0.864     0.242
 8    -0.672    -0.496    -0.549
 8     0.595     0.080    -0.800
 9   133.706   -55.658    24.409
 9     0.550    -0.688     0.474
 9    -0.755    -0.167     0.634
 9    -0.357    -0.707    -0.611
 2    97.398   -18.296    59.663
 2     0.625    -0.780     0.002
 2     0.780     0.625     0.034
 2    -0.028    -0.020     0.999
 3   123.487    -1.409     8.150
 3    -0.317     0.119    -0.941
 3     0.160    -0.971    -0.177
 3    -0.935    -0.207     0.289
 4   110.989    15.361    -8.168
 4     0.459    -0.848     0.264
 4     0.878     0.388    -0.279
 4     0.134     0.360     0.923
 5   118.241    19.186    25.345
 5     0.564     0.286     0.775
 5     0.110    -0.956     0.272
 5     0.818    -0.068    -0.571
 6   142.099    18.761    26.004
 6     0.979     0.119    -0.164
 6    -0.040    -0.680    -0.732
 6    -0.199     0.723    -0.661
 7   113.528   -20.540    -9.353
 7     0.343     0.889     0.303
 7    -0.928     0.271     0.256
 7     0.146    -0.369     0.918
 8   118.170   -27.539    21.716
 8     0.435    -0.867     0.241
 8    -0.677    -0.492    -0.547
 8     0.593     0.075    -0.801
 9   133.331   -55.761    25.027
 9     0.540    -0.698     0.470
 9    -0.773    -0.191     0.604
 9    -0.332    -0.690    -0.643
 2    97.395   -18.272    59.665
 2     0.625    -0.780     0.003
 2     0.780     0.625     0.034
 2    -0.029    -0.019     0.999
 3   123.586    -1.220     7.973
 3    -0.325     0.123    -0.938
 3     0.164    -0.969    -0.184
 3    -0.931    -0.214     0.294
 4   110.796    15.305    -8.098
 4     0.455    -0.848     0.270
 4     0.881     0.386    -0.273
 4     0.127     0.362     0.923
 5   118.231    19.439    25.387
 5     0.573     0.297     0.764
 5     0.125    -0.953     0.277
 5     0.810    -0.064    -0.583
 6   142.081    19.244    25.686
 6     0.978     0.137    -0.154
 6    -0.021    -0.674    -0.738
 6    -0.205     0.725    -0.657
 7   113.560   -20.366    -9.412
 7     0.350     0.887     0.300
 7    -0.926     0.280     0.251
 7     0.139    -0.366     0.920
 8   117.922   -27.515    21.530
 8     0.429    -0.869     0.245
 8    -0.680    -0.489    -0.546
 8     0.594     0.067    -0.801
 9   133.142   -55.623    25.295
 9     0.536    -0.700     0.471
 9    -0.781    -0.201     0.590
 9    -0.319    -0.685    -0.655
 2    97.395   -18.272    59.665
 2     0.625    -0.781     0.003
 2     0.780     0.625     0.034
 2    -0.029    -0.019     0.999
 3   123.652    -1.164     7.885
 3    -0.329     0.125    -0.936
 3     0.168    -0.968    -0.188
 3    -0.929    -0.219     0.297
 4   110.681    15.351    -8.082
 4     0.455    -0.847     0.274
 4     0.882     0.387    -0.268
 4     0.121     0.364     0.923
 5   118.424    19.614    25.429
 5     0.582     0.304     0.754
 5     0.135    -0.950     0.280
 5     0.802    -0.061    -0.594
 6   142.200    19.820    25.286
 6     0.976     0.156    -0.151
 6    -0.008    -0.669    -0.743
 6    -0.217     0.726    -0.652
 7   113.546   -20.192    -9.497
 7     0.353     0.886     0.300
 7    -0.926     0.285     0.247
 7     0.133    -0.365     0.921
 8   117.826   -27.465    21.469
 8     0.422    -0.871     0.251
 8    -0.683    -0.488    -0.544
 8     0.596     0.058    -0.801
 9   132.918   -55.539    25.394
 9     0.532    -0.701     0.474
 9    -0.788    -0.206     0.580
 9    -0.309    -0.682    -0.663
 2    97.396   -18.272    59.666
 2     0.625    -0.781     0.002
 2     0.780     0.625     0.035
 2    -0.029    -0.020     0.999
 3   123.662    -1.032     7.744
 3    -0.333     0.123    -0.935
 3     0.170    -0.967    -0.189
 3    -0.927    -0.222     0.301
 4   110.592    15.345    -8.065
 4     0.456    -0.845     0.278
 4     0.882     0.389    -0.264
 4     0.115     0.365     0.923
 5   118.504    19.712    25.354
 5     0.588     0.307     0.748
 5     0.140    -0.949     0.281
 5     0.797    -0.061    -0.601
 6   142.209    20.223    25.073
 6     0.975     0.167    -0.147
 6     0.001    -0.665    -0.747
 6    -0.223     0.728    -0.649
 7   113.581   -19.968    -9.557
 7     0.356     0.885     0.299
 7    -0.926     0.290     0.242
 7     0.127    -0.363     0.923
 8   117.607   -27.414    21.434
 8     0.417    -0.872     0.255
 8    -0.685    -0.486    -0.543
 8     0.598     0.052    -0.800
 9   132.715   -55.483    25.597
 9     0.529    -0.701     0.477
 9    -0.794    -0.211     0.570
 9    -0.300    -0.681    -0.668
 2    97.398   -18.271    59.663
 2     0.625    -0.781     0.002
 2     0.780     0.625     0.034
 2    -0.028    -0.020     0.999
 3   123.668    -0.979     7.637
 3    -0.337     0.123    -0.933
 3     0.172    -0.967    -0.190
 3    -0.926    -0.225     0.304
 4   110.448    15.391    -7.996
 4     0.451    -0.846     0.284
 4     0.886     0.386    -0.258
 4     0.108     0.367     0.923
 5   118.495    19.789    25.415
 5     0.589     0.312     0.745
 5     0.144    -0.948     0.283
 5     0.795    -0.060    -0.604
 6   142.200    20.478    24.952
 6     0.974     0.176    -0.143
 6     0.010    -0.662    -0.749
 6    -0.226     0.729    -0.647
 7   113.598   -19.843    -9.651
 7     0.358     0.884     0.299
 7    -0.925     0.293     0.239
 7     0.124    -0.362     0.923
 8   117.362   -27.366    21.425
 8     0.408    -0.876     0.258
 8    -0.688    -0.481    -0.543
 8     0.600     0.044    -0.799
 9   132.491   -55.552    25.701
 9     0.522    -0.705     0.480
 9    -0.802    -0.213     0.558
 9    -0.291    -0.676    -0.677
 2    97.396   -18.272    59.666
 2     0.625    -0.781     0.003
 2     0.780     0.625     0.034
 2    -0.029    -0.020     0.999
 3   123.676    -0.746     7.572
 3    -0.340     0.124    -0.932
 3     0.173    -0.966    -0.192
 3    -0.924    -0.227     0.307
 4   110.338    15.466    -7.990
 4     0.448    -0.846     0.289
 4     0.888     0.383    -0.255
 4     0.105     0.371     0.922
 5   118.473    19.939    25.440
 5     0.593     0.320     0.738
 5     0.152    -0.945     0.288
 5     0.790    -0.059    -0.610
 6   142.163    20.935    24.783
 6     0.973     0.186    -0.137
 6     0.021    -0.658    -0.752
 6    -0.230     0.729    -0.645
 7   113.416   -19.620    -9.662
 7     0.354     0.885     0.302
 7    -0.927     0.291     0.234
 7     0.120    -0.363     0.924
 8   116.973   -27.190    21.410
 8     0.397    -0.880     0.260
 8    -0.691    -0.474    -0.547
 8     0.604     0.037    -0.796
 9   131.848   -55.240    26.021
 9     0.517    -0.706     0.485
 9    -0.809    -0.219     0.545
 9    -0.278    -0.674    -0.684
 2    97.398   -18.296    59.663
 2     0.625    -0.780     0.002
 2     0.780     0.625     0.034
 2    -0.028    -0.020     0.999
 3   123.630    -0.667     7.540
 3    -0.343     0.123    -0.931
 3     0.174    -0.966    -0.192
 3    -0.923    -0.228     0.309
 4   110.098    15.514    -7.978
 4     0.441    -0.847     0.296
 4     0.892     0.377    -0.250
 4     0.100     0.374     0.922
 5   118.465    20.067    25.348
 5     0.595     0.326     0.734
 5     0.158    -0.944     0.291
 5     0.788    -0.057    -0.613
 6   142.102    21.161    24.565
 6     0.972     0.194    -0.133
 6     0.027    -0.655    -0.755
 6    -0.234     0.730    -0.642
 7   113.336   -19.548    -9.701
 7     0.351     0.885     0.304
 7    -0.929     0.288     0.232
 7     0.117    -0.365     0.924
 8   116.682   -27.117    21.349
 8     0.386    -0.885     0.261
 8    -0.695    -0.465    -0.549
 8     0.607     0.031    -0.794
 9   131.396   -55.185    26.175
 9     0.511    -0.706     0.490
 9    -0.817    -0.221     0.533
 9    -0.269    -0.672    -0.690
 2    97.398   -18.271    59.663
 2     0.625    -0.780     0.002
 2     0.780     0.625     0.034
 2    -0.028    -0.020     0.999
 3   123.632    -0.563     7.431
 3    -0.346     0.123    -0.930
 3     0.174    -0.966    -0.192
 3    -0.922    -0.229     0.312
 4   109.963    15.563    -7.971
 4     0.436    -0.848     0.301
 4     0.895     0.372    -0.247
 4     0.097     0.377     0.921
 5   118.300    20.194    25.362
 5     0.596     0.336     0.729
 5     0.168    -0.940     0.297
 5     0.785    -0.055    -0.617
 6   141.992    21.594    24.392
 6     0.970     0.206    -0.125
 6     0.041    -0.650    -0.759
 6    -0.237     0.731    -0.639
 7   113.283   -19.449    -9.694
 7     0.349     0.885     0.307
 7    -0.930     0.287     0.230
 7     0.115    -0.367     0.923
 8   116.557   -27.172    21.400
 8     0.380    -0.888     0.260
 8    -0.698    -0.459    -0.550
 8     0.607     0.027    -0.794
 9   131.136   -55.182    26.311
 9     0.507    -0.707     0.492
 9    -0.821    -0.223     0.526
 9    -0.263    -0.671    -0.693
 2    97.398   -18.296    59.663
 2     0.625    -0.780     0.002
 2     0.780     0.625     0.034
 2    -0.028    -0.020     0.999
 3   123.611    -0.510     7.424
 3    -0.348     0.122    -0.929
 3     0.175    -0.966    -0.192
 3    -0.921    -0.230     0.315
 4   109.878    15.588    -7.964
 4     0.431    -0.849     0.305
 4     0.897     0.368    -0.244
 4     0.094     0.379     0.920
 5   118.269    20.245    25.367
 5     0.597     0.342     0.725
 5     0.171    -0.938     0.301
 5     0.784    -0.056    -0.619
 6   141.909    21.875    24.268
 6     0.970     0.213    -0.118
 6     0.050    -0.647    -0.761
 6    -0.239     0.732    -0.638
 7   113.281   -19.374    -9.691
 7     0.349     0.885     0.309
 7    -0.930     0.287     0.229
 7     0.114    -0.367     0.923
 8   116.450   -27.255    21.307
 8     0.374    -0.891     0.257
 8    -0.703    -0.453    -0.548
 8     0.605     0.024    -0.796
 9   130.972   -55.180    26.301
 9     0.503    -0.709     0.494
 9    -0.824    -0.223     0.521
 9    -0.259    -0.669    -0.696
 2    97.398   -18.271    59.663
 2     0.625    -0.780     0.002
 2     0.780     0.625     0.034
 2    -0.028    -0.020     0.999
 3   123.614    -0.457     7.366
 3    -0.350     0.123    -0.929
 3     0.175    -0.965    -0.194
 3    -0.920    -0.230     0.316
 4   109.773    15.563    -7.962
 4     0.426    -0.850     0.308
 4     0.899     0.364    -0.242
 4     0.093     0.380     0.920
 5   118.164    20.296    25.371
 5     0.596     0.346     0.724
 5     0.174    -0.937     0.304
 5     0.783    -0.055    -0.619
 6   141.807    22.054    24.267
 6     0.969     0.217    -0.114
 6     0.055    -0.645    -0.762
 6    -0.239     0.732    -0.638
 7   113.279   -19.324    -9.738
 7     0.348     0.885     0.310
 7    -0.931     0.286     0.228
 7     0.113    -0.368     0.923
 8   116.271   -27.312    21.310
 8     0.365    -0.894     0.258
 8    -0.708    -0.447    -0.547
 8     0.604     0.017    -0.796
 9   130.733   -55.279    26.363
 9     0.499    -0.708     0.499
 9    -0.828    -0.222     0.514
 9    -0.254    -0.670    -0.697
 2    97.398   -18.271    59.663
 2     0.625    -0.781     0.002
 2     0.780     0.625     0.034
 2    -0.028    -0.020     0.999
 3   123.562    -0.431     7.366
 3    -0.350     0.124    -0.928
 3     0.174    -0.965    -0.195
 3    -0.920    -0.230     0.316
 4   109.770    15.563    -7.960
 4     0.424    -0.851     0.309
 4     0.901     0.361    -0.240
 4     0.092     0.380     0.920
 5   118.114    20.322    25.345
 5     0.596     0.349     0.722
 5     0.177    -0.935     0.306
 5     0.783    -0.054    -0.620
 6   141.805    22.080    24.269
 6     0.969     0.219    -0.112
 6     0.058    -0.644    -0.763
 6    -0.240     0.733    -0.637
 7   113.277   -19.327    -9.733
 7     0.345     0.885     0.311
 7    -0.932     0.283     0.226
 7     0.112    -0.368     0.923
 8   116.145   -27.392    21.260
 8     0.359    -0.897     0.257
