% Calibrated with leiden_pols
% Positions are in centimeters
Data =[
 2    96.906   -18.706    59.821
 2     0.248    -0.969     0.005
 2     0.968     0.248     0.038
 2    -0.038    -0.005     0.999
 3   123.858    -2.658     1.602
 3     0.470    -0.098    -0.877
 3     0.166     0.986    -0.021
 3     0.866    -0.136     0.480
 4   108.021    16.988    -7.766
 4     0.345    -0.893     0.288
 4     0.911     0.244    -0.332
 4     0.225     0.377     0.898
 5   106.145    22.767    21.904
 5     0.237    -0.132     0.962
 5     0.252    -0.948    -0.193
 5     0.938     0.288    -0.191
 6   124.094    24.190    48.274
 6     0.381    -0.564    -0.733
 6    -0.156     0.742    -0.652
 6     0.911     0.362     0.195
 7   110.261   -24.323    -7.724
 7     0.201     0.979     0.027
 7    -0.927     0.182     0.327
 7     0.315    -0.091     0.945
 8   108.473   -27.318    22.136
 8     0.124    -0.093     0.988
 8    -0.217    -0.974    -0.065
 8     0.968    -0.206    -0.141
 9   125.035   -32.184    47.278
 9     0.384     0.697    -0.605
 9     0.068     0.632     0.771
 9     0.921    -0.338     0.195
 2    96.906   -18.706    59.821
 2     0.248    -0.969     0.005
 2     0.968     0.248     0.038
 2    -0.038    -0.005     0.999
 3   123.858    -2.658     1.602
 3     0.470    -0.098    -0.877
 3     0.166     0.986    -0.021
 3     0.866    -0.136     0.480
 4   108.021    16.988    -7.766
 4     0.345    -0.893     0.289
 4     0.911     0.245    -0.332
 4     0.225     0.377     0.898
 5   106.194    22.768    21.955
 5     0.236    -0.133     0.962
 5     0.252    -0.948    -0.193
 5     0.938     0.288    -0.191
 6   124.094    24.139    48.274
 6     0.381    -0.564    -0.733
 6    -0.156     0.742    -0.652
 6     0.911     0.362     0.195
 7   110.211   -24.272    -7.673
 7     0.201     0.979     0.026
 7    -0.927     0.182     0.326
 7     0.315    -0.091     0.945
 8   108.473   -27.317    22.135
 8     0.125    -0.093     0.988
 8    -0.217    -0.974    -0.065
 8     0.968    -0.206    -0.142
 9   124.985   -32.184    47.278
 9     0.384     0.697    -0.605
 9     0.068     0.632     0.772
 9     0.921    -0.338     0.195
 2    96.906   -18.706    59.821
 2     0.248    -0.969     0.005
 2     0.968     0.248     0.038
 2    -0.038    -0.005     0.999
 3   123.858    -2.658     1.602
 3     0.471    -0.098    -0.877
 3     0.166     0.986    -0.021
 3     0.866    -0.136     0.480
 4   108.021    16.988    -7.766
 4     0.345    -0.893     0.289
 4     0.911     0.245    -0.332
 4     0.225     0.377     0.898
 5   106.145    22.767    21.904
 5     0.237    -0.133     0.962
 5     0.252    -0.948    -0.193
 5     0.938     0.288    -0.191
 6   124.043    24.191    48.273
 6     0.380    -0.565    -0.732
 6    -0.155     0.741    -0.653
 6     0.911     0.362     0.194
 7   110.211   -24.272    -7.673
 7     0.201     0.979     0.027
 7    -0.927     0.182     0.327
 7     0.315    -0.091     0.944
 8   108.472   -27.318    22.136
 8     0.124    -0.094     0.988
 8    -0.216    -0.974    -0.065
 8     0.968    -0.206    -0.141
 9   124.985   -32.133    47.278
 9     0.383     0.697    -0.605
 9     0.068     0.632     0.772
 9     0.921    -0.338     0.195
 2    96.906   -18.706    59.821
 2     0.248    -0.969     0.005
 2     0.968     0.248     0.038
 2    -0.038    -0.005     0.999
 3   123.858    -2.658     1.602
 3     0.471    -0.098    -0.877
 3     0.166     0.985    -0.021
 3     0.866    -0.136     0.480
 4   108.021    16.988    -7.766
 4     0.345    -0.893     0.288
 4     0.911     0.245    -0.332
 4     0.225     0.377     0.898
 5   106.195    22.767    21.905
 5     0.237    -0.133     0.962
 5     0.252    -0.948    -0.193
 5     0.938     0.289    -0.191
 6   124.094    24.139    48.274
 6     0.380    -0.564    -0.733
 6    -0.156     0.742    -0.652
 6     0.911     0.362     0.194
 7   110.211   -24.272    -7.673
 7     0.201     0.979     0.027
 7    -0.927     0.182     0.327
 7     0.315    -0.091     0.945
 8   108.424   -27.317    22.136
 8     0.124    -0.094     0.988
 8    -0.216    -0.974    -0.066
 8     0.968    -0.206    -0.142
 9   125.035   -32.184    47.278
 9     0.384     0.698    -0.605
 9     0.068     0.631     0.772
 9     0.921    -0.338     0.195
 2    96.906   -18.706    59.821
 2     0.248    -0.969     0.005
 2     0.968     0.248     0.038
 2    -0.038    -0.005     0.999
 3   123.808    -2.657     1.602
 3     0.470    -0.098    -0.877
 3     0.167     0.985    -0.021
 3     0.866    -0.137     0.480
 4   108.021    16.988    -7.766
 4     0.345    -0.893     0.288
 4     0.911     0.245    -0.332
 4     0.225     0.377     0.898
 5   106.145    22.768    21.904
 5     0.236    -0.133     0.962
 5     0.252    -0.948    -0.193
 5     0.938     0.289    -0.191
 6   124.044    24.089    48.273
 6     0.380    -0.565    -0.733
 6    -0.156     0.741    -0.653
 6     0.911     0.362     0.193
 7   110.211   -24.272    -7.673
 7     0.201     0.979     0.027
 7    -0.927     0.181     0.327
 7     0.315    -0.091     0.944
 8   108.424   -27.318    22.136
 8     0.124    -0.095     0.988
 8    -0.217    -0.974    -0.066
 8     0.968    -0.206    -0.142
 9   124.985   -32.184    47.278
 9     0.383     0.698    -0.605
 9     0.068     0.631     0.772
 9     0.921    -0.337     0.195
 2    96.856   -18.706    59.821
 2     0.248    -0.969     0.005
 2     0.968     0.248     0.038
 2    -0.038    -0.005     0.999
 3   123.858    -2.657     1.551
 3     0.471    -0.098    -0.877
 3     0.167     0.985    -0.020
 3     0.866    -0.137     0.480
 4   108.021    16.988    -7.766
 4     0.345    -0.893     0.288
 4     0.911     0.246    -0.331
 4     0.225     0.377     0.898
 5   106.145    22.768    21.904
 5     0.236    -0.133     0.962
 5     0.252    -0.948    -0.193
 5     0.938     0.289    -0.191
 6   124.093    24.140    48.272
 6     0.380    -0.565    -0.732
 6    -0.156     0.741    -0.653
 6     0.911     0.363     0.193
 7   110.211   -24.272    -7.673
 7     0.201     0.979     0.027
 7    -0.927     0.181     0.327
 7     0.315    -0.091     0.944
 8   108.474   -27.318    22.136
 8     0.124    -0.094     0.988
 8    -0.217    -0.974    -0.065
 8     0.968    -0.206    -0.142
 9   124.985   -32.133    47.278
 9     0.383     0.698    -0.605
 9     0.069     0.632     0.772
 9     0.921    -0.338     0.194
 2    96.856   -18.706    59.821
 2     0.248    -0.969     0.004
 2     0.968     0.248     0.038
 2    -0.038    -0.006     0.999
 3   123.858    -2.657     1.551
 3     0.471    -0.098    -0.877
 3     0.167     0.985    -0.020
 3     0.866    -0.137     0.480
 4   108.022    16.988    -7.766
 4     0.346    -0.893     0.288
 4     0.911     0.246    -0.331
 4     0.225     0.377     0.898
 5   106.145    22.767    21.908
 5     0.236    -0.136     0.962
 5     0.254    -0.947    -0.196
 5     0.938     0.291    -0.189
 6   124.049    24.141    48.265
 6     0.380    -0.565    -0.732
 6    -0.156     0.741    -0.653
 6     0.912     0.362     0.193
 7   110.211   -24.272    -7.724
 7     0.201     0.979     0.027
 7    -0.927     0.182     0.327
 7     0.315    -0.091     0.944
 8   108.473   -27.318    22.136
 8     0.124    -0.093     0.988
 8    -0.217    -0.974    -0.064
 8     0.968    -0.206    -0.141
 9   124.985   -32.184    47.278
 9     0.383     0.698    -0.605
 9     0.068     0.632     0.772
 9     0.921    -0.337     0.194
 2    96.856   -18.706    59.821
 2     0.248    -0.969     0.004
 2     0.968     0.248     0.038
 2    -0.038    -0.005     0.999
 3   123.908    -2.657     1.551
 3     0.471    -0.097    -0.877
 3     0.167     0.986    -0.020
 3     0.866    -0.137     0.480
 4   108.019    16.987    -7.814
 4     0.346    -0.893     0.288
 4     0.911     0.246    -0.331
 4     0.224     0.377     0.899
 5   106.188    22.764    21.869
 5     0.236    -0.141     0.961
 5     0.255    -0.946    -0.201
 5     0.937     0.293    -0.188
 6   124.100    24.140    48.266
 6     0.379    -0.565    -0.733
 6    -0.157     0.741    -0.652
 6     0.912     0.362     0.193
 7   110.211   -24.272    -7.724
 7     0.201     0.979     0.027
 7    -0.927     0.182     0.327
 7     0.315    -0.091     0.944
 8   108.474   -27.317    22.084
 8     0.125    -0.093     0.988
 8    -0.217    -0.974    -0.064
 8     0.968    -0.206    -0.142
 9   124.985   -32.133    47.278
 9     0.383     0.697    -0.606
 9     0.069     0.632     0.771
 9     0.921    -0.338     0.194
 2    96.856   -18.656    59.821
 2     0.248    -0.969     0.004
 2     0.968     0.248     0.038
 2    -0.038    -0.005     0.999
 3   123.858    -2.683     1.500
 3     0.471    -0.096    -0.876
 3     0.167     0.985    -0.019
 3     0.866    -0.137     0.481
 4   108.067    16.986    -7.759
 4     0.346    -0.893     0.288
 4     0.911     0.246    -0.330
 4     0.223     0.376     0.899
 5   106.263    22.815    21.871
 5     0.236    -0.142     0.961
 5     0.256    -0.945    -0.203
 5     0.937     0.294    -0.187
 6   124.100    24.089    48.266
 6     0.379    -0.564    -0.734
 6    -0.157     0.742    -0.652
 6     0.912     0.361     0.192
 7   110.262   -24.323    -7.724
 7     0.201     0.979     0.028
 7    -0.927     0.181     0.327
 7     0.315    -0.092     0.944
 8   108.422   -27.318    22.136
 8     0.124    -0.092     0.988
 8    -0.216    -0.974    -0.063
 8     0.968    -0.206    -0.141
 9   124.985   -32.184    47.329
 9     0.383     0.698    -0.605
 9     0.068     0.632     0.772
 9     0.921    -0.337     0.194
 2    96.856   -18.706    59.821
 2     0.248    -0.969     0.004
 2     0.968     0.248     0.038
 2    -0.038    -0.005     0.999
 3   123.903    -2.684     1.507
 3     0.472    -0.097    -0.876
 3     0.167     0.986    -0.019
 3     0.865    -0.137     0.481
 4   108.068    16.986    -7.810
 4     0.347    -0.893     0.287
 4     0.911     0.248    -0.330
 4     0.223     0.376     0.899
 5   106.263    22.865    21.922
 5     0.236    -0.142     0.961
 5     0.255    -0.945    -0.202
 5     0.937     0.293    -0.187
 6   124.100    24.090    48.265
 6     0.378    -0.564    -0.734
 6    -0.156     0.742    -0.652
 6     0.912     0.361     0.192
 7   110.262   -24.323    -7.724
 7     0.201     0.979     0.027
 7    -0.927     0.182     0.327
 7     0.315    -0.092     0.944
 8   108.422   -27.318    22.085
 8     0.124    -0.092     0.988
 8    -0.216    -0.974    -0.063
 8     0.968    -0.206    -0.141
 9   125.035   -32.184    47.278
 9     0.383     0.697    -0.605
 9     0.068     0.632     0.772
 9     0.921    -0.337     0.195
 2    96.856   -18.706    59.821
 2     0.248    -0.969     0.005
 2     0.968     0.248     0.038
 2    -0.038    -0.005     0.999
 3   123.933    -2.683     1.500
 3     0.472    -0.097    -0.876
 3     0.167     0.986    -0.019
 3     0.866    -0.137     0.481
 4   108.072    16.987    -7.816
 4     0.347    -0.893     0.287
 4     0.910     0.247    -0.332
 4     0.225     0.376     0.898
 5   106.263    22.764    21.968
 5     0.238    -0.140     0.961
 5     0.254    -0.946    -0.201
 5     0.937     0.292    -0.190
 6   124.246    24.267    48.188
 6     0.389    -0.578    -0.717
 6    -0.154     0.727    -0.669
 6     0.908     0.370     0.194
 7   110.261   -24.322    -7.725
 7     0.202     0.979     0.027
 7    -0.927     0.182     0.327
 7     0.315    -0.091     0.944
 8   108.522   -27.314    22.134
 8     0.127    -0.089     0.988
 8    -0.217    -0.974    -0.060
 8     0.968    -0.207    -0.143
 9   124.936   -32.262    47.329
 9     0.383     0.702    -0.600
 9     0.065     0.628     0.776
 9     0.921    -0.336     0.195
 2    96.853   -18.707    59.824
 2     0.248    -0.969     0.005
 2     0.968     0.248     0.038
 2    -0.039    -0.005     0.999
 3   123.858    -2.658     1.500
 3     0.471    -0.098    -0.876
 3     0.166     0.986    -0.021
 3     0.866    -0.136     0.481
 4   108.104    17.023    -7.728
 4     0.351    -0.892     0.284
 4     0.906     0.246    -0.345
 4     0.238     0.378     0.895
 5   106.446    22.581    22.224
 5     0.248    -0.112     0.962
 5     0.264    -0.948    -0.178
 5     0.932     0.298    -0.206
 6   124.561    25.373    47.973
 6     0.421    -0.644    -0.639
 6    -0.130     0.655    -0.745
 6     0.898     0.396     0.192
 7   110.309   -24.322    -7.723
 7     0.205     0.978     0.027
 7    -0.927     0.185     0.326
 7     0.314    -0.092     0.945
 8   108.497   -27.186    22.208
 8     0.136    -0.105     0.985
 8    -0.225    -0.972    -0.072
 8     0.964    -0.212    -0.156
 9   124.911   -33.337    47.165
 9     0.402     0.769    -0.497
 9     0.026     0.533     0.846
 9     0.915    -0.353     0.194
 2    96.906   -18.706    59.770
 2     0.248    -0.969     0.005
 2     0.968     0.248     0.038
 2    -0.038    -0.005     0.999
 3   123.858    -2.659     1.500
 3     0.472    -0.099    -0.876
 3     0.165     0.986    -0.022
 3     0.866    -0.135     0.481
 4   108.070    17.001    -7.644
 4     0.354    -0.892     0.282
 4     0.902     0.247    -0.353
 4     0.244     0.379     0.892
 5   106.760    22.453    22.363
 5     0.252    -0.041     0.967
 5     0.293    -0.949    -0.116
 5     0.922     0.313    -0.227
 6   124.910    26.588    47.771
 6     0.442    -0.686    -0.578
 6    -0.094     0.605    -0.790
 6     0.892     0.404     0.203
 7   110.208   -24.273    -7.717
 7     0.203     0.979     0.031
 7    -0.928     0.182     0.326
 7     0.313    -0.095     0.945
 8   108.513   -27.082    22.181
 8     0.145    -0.158     0.977
 8    -0.239    -0.964    -0.120
 8     0.960    -0.216    -0.178
 9   124.798   -34.428    46.856
 9     0.414     0.796    -0.442
 9    -0.001     0.485     0.874
 9     0.910    -0.362     0.201
 2    96.858   -18.656    59.771
 2     0.249    -0.969     0.002
 2     0.968     0.248     0.039
 2    -0.038    -0.008     0.999
 3   123.857    -2.658     1.499
 3     0.471    -0.099    -0.876
 3     0.165     0.986    -0.023
 3     0.866    -0.134     0.481
 4   108.127    17.028    -7.654
 4     0.357    -0.890     0.283
 4     0.900     0.248    -0.357
 4     0.247     0.382     0.890
 5   107.115    22.497    22.518
 5     0.260    -0.002     0.965
 5     0.312    -0.946    -0.086
 5     0.913     0.323    -0.246
 6   125.493    27.584    47.421
 6     0.466    -0.710    -0.528
 6    -0.070     0.565    -0.822
 6     0.882     0.420     0.214
 7   110.158   -24.199    -7.737
 7     0.200     0.979     0.036
 7    -0.929     0.177     0.325
 7     0.312    -0.099     0.945
 8   108.513   -27.134    22.182
 8     0.145    -0.161     0.976
 8    -0.241    -0.963    -0.123
 8     0.960    -0.217    -0.178
 9   124.798   -34.479    46.805
 9     0.414     0.796    -0.441
 9    -0.001     0.485     0.874
 9     0.910    -0.362     0.201
 2    96.857   -18.706    59.771
 2     0.249    -0.969     0.002
 2     0.968     0.249     0.039
 2    -0.038    -0.008     0.999
 3   123.856    -2.658     1.473
 3     0.471    -0.100    -0.876
 3     0.165     0.986    -0.024
 3     0.866    -0.133     0.481
 4   108.138    17.031    -7.615
 4     0.361    -0.889     0.282
 4     0.898     0.250    -0.362
 4     0.251     0.383     0.888
 5   107.403    22.486    22.593
 5     0.272     0.032     0.961
 5     0.328    -0.942    -0.062
 5     0.904     0.333    -0.267
 6   125.953    28.368    47.001
 6     0.488    -0.721    -0.492
 6    -0.053     0.539    -0.841
 6     0.871     0.436     0.225
 7   110.233   -24.184    -7.768
 7     0.212     0.976     0.043
 7    -0.923     0.186     0.337
 7     0.321    -0.111     0.940
 8   108.893   -27.328    22.236
 8     0.157    -0.172     0.972
 8    -0.265    -0.956    -0.126
 8     0.951    -0.238    -0.196
 9   125.469   -35.079    46.203
 9     0.419     0.779    -0.467
 9    -0.017     0.520     0.854
 9     0.908    -0.350     0.231
 2    96.857   -18.706    59.822
 2     0.249    -0.969     0.002
 2     0.968     0.248     0.038
 2    -0.038    -0.007     0.999
 3   123.861    -2.657     1.416
 3     0.470    -0.103    -0.876
 3     0.165     0.986    -0.027
 3     0.867    -0.133     0.480
 4   108.110    17.012    -7.694
 4     0.366    -0.887     0.280
 4     0.893     0.251    -0.372
 4     0.260     0.387     0.885
 5   108.103    23.161    22.592
 5     0.295     0.116     0.948
 5     0.387    -0.922    -0.007
 5     0.873     0.369    -0.317
 6   127.302    31.181    45.398
 6     0.538    -0.728    -0.424
 6     0.011     0.509    -0.860
 6     0.842     0.459     0.282
 7   110.232   -24.003    -7.864
 7     0.221     0.974     0.052
 7    -0.922     0.191     0.338
 7     0.319    -0.122     0.940
 8   110.121   -28.072    22.388
 8     0.186    -0.284     0.941
 8    -0.335    -0.918    -0.211
 8     0.923    -0.276    -0.266
 9   126.854   -39.280    44.399
 9     0.467     0.817    -0.337
 9    -0.131     0.440     0.888
 9     0.874    -0.371     0.313
 2    96.856   -18.706    59.771
 2     0.248    -0.969     0.003
 2     0.968     0.248     0.038
 2    -0.038    -0.006     0.999
 3   123.869    -2.550     1.353
 3     0.465    -0.107    -0.879
 3     0.168     0.985    -0.031
 3     0.869    -0.134     0.476
 4   107.856    16.951    -7.793
 4     0.367    -0.883     0.291
 4     0.896     0.252    -0.365
 4     0.249     0.395     0.884
 5   108.921    24.751    22.336
 5     0.320     0.234     0.917
 5     0.479    -0.876     0.057
 5     0.817     0.421    -0.393
 6   128.799    36.990    41.929
 6     0.622    -0.748    -0.231
 6     0.142     0.398    -0.906
 6     0.770     0.531     0.354
 7   110.024   -23.837    -7.983
 7     0.225     0.971     0.072
 7    -0.926     0.190     0.325
 7     0.302    -0.140     0.943
 8   111.498   -29.558    22.300
 8     0.223    -0.414     0.882
 8    -0.427    -0.855    -0.293
 8     0.876    -0.312    -0.368
 9   128.067   -44.530    41.364
 9     0.524     0.838    -0.150
 9    -0.254     0.322     0.912
 9     0.812    -0.440     0.381
 2    96.856   -18.656    59.771
 2     0.248    -0.969     0.003
 2     0.968     0.248     0.038
 2    -0.038    -0.006     0.999
 3   123.923    -2.470     1.270
 3     0.463    -0.111    -0.879
 3     0.171     0.984    -0.035
 3     0.870    -0.134     0.474
 4   107.402    16.801    -7.991
 4     0.360    -0.878     0.315
 4     0.906     0.250    -0.340
 4     0.219     0.408     0.886
 5   110.038    26.841    21.748
 5     0.355     0.355     0.865
 5     0.582    -0.808     0.093
 5     0.732     0.470    -0.493
 6   130.323    42.156    37.979
 6     0.686    -0.722    -0.090
 6     0.253     0.353    -0.901
 6     0.682     0.595     0.424
 7   109.839   -23.682    -8.241
 7     0.229     0.968     0.097
 7    -0.934     0.191     0.301
 7     0.273    -0.160     0.948
 8   113.378   -31.368    21.700
 8     0.269    -0.546     0.793
 8    -0.522    -0.775    -0.356
 8     0.809    -0.319    -0.493
 9   129.239   -50.240    37.453
 9     0.578     0.809     0.104
 9    -0.390     0.161     0.907
 9     0.717    -0.565     0.408
 2    96.856   -18.706    59.771
 2     0.248    -0.969     0.004
 2     0.968     0.248     0.038
 2    -0.038    -0.006     0.999
 3   123.997    -2.367     1.067
 3     0.461    -0.116    -0.880
 3     0.174     0.984    -0.039
 3     0.870    -0.136     0.474
 4   106.924    16.539    -8.337
 4     0.359    -0.869     0.341
 4     0.916     0.258    -0.307
 4     0.178     0.422     0.888
 5   111.394    29.217    20.341
 5     0.395     0.451     0.800
 5     0.671    -0.737     0.084
 5     0.627     0.503    -0.594
 6   131.570    47.596    32.062
 6     0.743    -0.665     0.077
 6     0.369     0.310    -0.876
 6     0.558     0.680     0.476
 7   109.413   -23.408    -8.470
 7     0.231     0.964     0.130
 7    -0.944     0.190     0.270
 7     0.235    -0.185     0.954
 8   115.617   -33.224    20.739
 8     0.323    -0.678     0.660
 8    -0.616    -0.680    -0.397
 8     0.718    -0.279    -0.637
 9   130.401   -55.093    32.028
 9     0.634     0.672     0.381
 9    -0.521     0.008     0.853
 9     0.571    -0.740     0.356
 2    96.906   -18.706    59.822
 2     0.249    -0.969     0.004
 2     0.968     0.249     0.038
 2    -0.038    -0.006     0.999
 3   124.095    -2.365     0.888
 3     0.460    -0.121    -0.880
 3     0.177     0.983    -0.043
 3     0.870    -0.137     0.474
 4   106.074    16.009    -8.710
 4     0.347    -0.858     0.379
 4     0.930     0.264    -0.255
 4     0.118     0.441     0.890
 5   112.931    31.511    18.069
 5     0.430     0.562     0.707
 5     0.750    -0.658     0.067
 5     0.502     0.501    -0.704
 6   132.375    52.358    25.274
 6     0.779    -0.571     0.259
 6     0.477     0.272    -0.836
 6     0.406     0.775     0.484
 7   108.872   -23.064    -8.669
 7     0.234     0.956     0.174
 7    -0.954     0.191     0.232
 7     0.188    -0.221     0.957
 8   117.711   -35.552    18.938
 8     0.375    -0.785     0.494
 8    -0.713    -0.584    -0.388
 8     0.593    -0.207    -0.778
 9   131.328   -60.107    25.089
 9     0.663     0.445     0.601
 9    -0.643    -0.072     0.763
 9     0.383    -0.892     0.238
 2    96.906   -18.706    59.821
 2     0.248    -0.969     0.004
 2     0.968     0.248     0.038
 2    -0.038    -0.006     0.999
 3   124.094    -2.413     0.711
 3     0.459    -0.125    -0.880
 3     0.181     0.982    -0.045
 3     0.870    -0.139     0.473
 4   105.249    15.368    -9.006
 4     0.334    -0.842     0.423
 4     0.941     0.276    -0.195
 4     0.047     0.464     0.884
 5   114.303    33.591    15.199
 5     0.455     0.664     0.593
 5     0.815    -0.579     0.022
 5     0.358     0.473    -0.805
 6   131.859    57.189    16.772
 6     0.785    -0.418     0.457
 6     0.584     0.250    -0.772
 6     0.208     0.873     0.440
 7   108.103   -22.812    -8.808
 7     0.229     0.943     0.240
 7    -0.965     0.189     0.179
 7     0.124    -0.273     0.954
 8   119.707   -37.858    16.362
 8     0.409    -0.863     0.298
 8    -0.795    -0.497    -0.347
 8     0.447    -0.095    -0.889
 9   131.124   -64.179    17.307
 9     0.648     0.161     0.744
 9    -0.740    -0.094     0.666
 9     0.177    -0.982     0.059
 2    96.906   -18.706    59.821
 2     0.248    -0.969     0.004
 2     0.968     0.248     0.038
 2    -0.038    -0.006     0.999
 3   124.044    -2.411     0.355
 3     0.457    -0.127    -0.880
 3     0.185     0.981    -0.046
 3     0.870    -0.142     0.472
 4   104.310    14.724    -9.215
 4     0.313    -0.825     0.470
 4     0.949     0.287    -0.129
 4    -0.029     0.487     0.873
 5   114.924    35.542    11.737
 5     0.457     0.756     0.469
 5     0.866    -0.499    -0.039
 5     0.204     0.424    -0.882
 6   130.468    60.218     8.670
 6     0.760    -0.248     0.601
 6     0.649     0.265    -0.713
 6     0.017     0.932     0.362
 7   107.298   -22.465    -8.970
 7     0.222     0.923     0.315
 7    -0.974     0.193     0.121
 7     0.051    -0.333     0.941
 8   118.782   -40.318    10.885
 8     0.426    -0.901     0.078
 8    -0.854    -0.429    -0.293
 8     0.297     0.058    -0.953
 9   129.859   -67.326     9.422
 9     0.582    -0.140     0.801
 9    -0.813    -0.078     0.577
 9    -0.019    -0.987    -0.159
 2    96.854   -18.656    59.773
 2     0.248    -0.969     0.004
 2     0.968     0.248     0.039
 2    -0.039    -0.005     0.999
 3   123.995    -2.358     0.051
 3     0.454    -0.128    -0.881
 3     0.188     0.981    -0.045
 3     0.870    -0.146     0.470
 4   103.466    14.127    -9.447
 4     0.294    -0.802     0.519
 4     0.949     0.306    -0.065
 4    -0.107     0.512     0.852
 5   115.271    36.991     7.608
 5     0.443     0.828     0.342
 5     0.894    -0.432    -0.114
 5     0.053     0.357    -0.933
 6   128.368    62.357     0.286
 6     0.706    -0.072     0.704
 6     0.688     0.307    -0.658
 6    -0.169     0.949     0.267
 7   106.641   -22.161    -9.048
 7     0.211     0.893     0.396
 7    -0.977     0.199     0.071
 7    -0.015    -0.402     0.915
 8   119.746   -41.844     7.216
 8     0.423    -0.897    -0.128
 8    -0.892    -0.389    -0.228
 8     0.155     0.211    -0.965
 9   128.311   -69.131     2.247
 9     0.496    -0.391     0.775
 9    -0.849    -0.030     0.528
 9    -0.183    -0.920    -0.346
 2    96.904   -18.656    59.824
 2     0.248    -0.969     0.005
 2     0.968     0.248     0.038
 2    -0.039    -0.005     0.999
 3   123.815    -2.307    -0.248
 3     0.456    -0.129    -0.881
 3     0.193     0.980    -0.043
 3     0.869    -0.150     0.471
 4   102.595    13.435    -9.733
 4     0.274    -0.780     0.562
 4     0.945     0.325    -0.010
 4    -0.175     0.534     0.827
 5   115.140    38.028     3.572
 5     0.411     0.883     0.224
 5     0.908    -0.375    -0.187
 5    -0.080     0.280    -0.957
 6   125.621    63.210    -7.773
 6     0.629     0.103     0.770
 6     0.700     0.354    -0.620
 6    -0.337     0.929     0.150
 7   105.864   -21.857    -9.129
 7     0.198     0.858     0.473
 7    -0.977     0.212     0.024
 7    -0.080    -0.467     0.880
 8   119.983   -43.023     3.327
 8     0.399    -0.865    -0.302
 8    -0.916    -0.366    -0.162
 8     0.029     0.341    -0.939
 9   125.732   -70.283    -4.400
 9     0.392    -0.575     0.718
 9    -0.867     0.030     0.498
 9    -0.308    -0.818    -0.486
 2    96.904   -18.707    59.773
 2     0.248    -0.969     0.005
 2     0.968     0.247     0.038
 2    -0.039    -0.005     0.999
 3   123.671    -2.312    -0.630
 3     0.462    -0.129    -0.877
 3     0.195     0.980    -0.041
 3     0.865    -0.153     0.478
 4   101.961    12.962    -9.838
 4     0.254    -0.758     0.600
 4     0.940     0.339     0.030
 4    -0.226     0.556     0.799
 5   114.607    38.656    -0.253
 5     0.365     0.924     0.112
 5     0.911    -0.330    -0.247
 5    -0.191     0.192    -0.963
 6   122.123    63.728   -14.056
 6     0.534     0.228     0.814
 6     0.713     0.396    -0.579
 6    -0.454     0.889     0.048
 7   105.170   -21.473    -9.324
 7     0.183     0.819     0.543
 7    -0.973     0.230    -0.019
 7    -0.141    -0.525     0.839
 8   119.410   -43.876    -0.190
 8     0.362    -0.832    -0.421
 8    -0.929    -0.359    -0.089
 8    -0.077     0.423    -0.903
 9   122.757   -70.993   -10.103
 9     0.298    -0.682     0.667
 9    -0.866     0.100     0.490
 9    -0.401    -0.724    -0.561
 2    96.908   -18.654    59.818
 2     0.247    -0.969     0.004
 2     0.968     0.247     0.037
 2    -0.037    -0.005     0.999
 3   123.497    -2.296    -1.085
 3     0.471    -0.130    -0.872
 3     0.195     0.980    -0.040
 3     0.860    -0.152     0.487
 4   101.324    12.547    -9.867
 4     0.234    -0.739     0.632
 4     0.935     0.349     0.062
 4    -0.267     0.576     0.773
 5   113.647    39.045    -3.507
 5     0.315     0.948     0.027
 5     0.906    -0.293    -0.306
 5    -0.282     0.121    -0.952
 6   118.673    63.520   -19.462
 6     0.445     0.328     0.833
 6     0.706     0.443    -0.552
 6    -0.550     0.834    -0.034
 7   104.508   -21.061    -9.412
 7     0.168     0.783     0.598
 7    -0.966     0.252    -0.058
 7    -0.196    -0.568     0.799
 8   118.450   -44.466    -3.394
 8     0.318    -0.805    -0.501
 8    -0.932    -0.362    -0.009
 8    -0.174     0.469    -0.865
 9   119.690   -70.966   -15.238
 9     0.213    -0.745     0.632
 9    -0.852     0.175     0.494
 9    -0.479    -0.644    -0.597
 2    96.912   -18.703    59.813
 2     0.247    -0.969     0.003
 2     0.968     0.247     0.035
 2    -0.035    -0.006     0.999
 3   123.351    -2.202    -1.470
 3     0.479    -0.131    -0.868
 3     0.194     0.980    -0.041
 3     0.856    -0.149     0.494
 4   100.814    12.162   -10.003
 4     0.208    -0.722     0.660
 4     0.929     0.357     0.097
 4    -0.306     0.593     0.745
 5   112.619    39.163    -6.481
 5     0.267     0.963    -0.041
 5     0.894    -0.264    -0.363
 5    -0.360     0.060    -0.931
 6   115.338    62.554   -24.283
 6     0.362     0.424     0.830
 6     0.682     0.486    -0.547
 6    -0.635     0.764    -0.113
 7   103.926   -20.622    -9.535
 7     0.153     0.748     0.645
 7    -0.957     0.276    -0.093
 7    -0.248    -0.603     0.758
 8   117.237   -44.770    -6.474
 8     0.268    -0.782    -0.562
 8    -0.928    -0.367     0.068
 8    -0.260     0.503    -0.824
 9   116.388   -70.681   -20.106
 9     0.134    -0.782     0.609
 9    -0.829     0.248     0.501
 9    -0.543    -0.572    -0.615
 2    96.863   -18.653    59.813
 2     0.247    -0.969     0.002
 2     0.968     0.247     0.035
 2    -0.035    -0.007     0.999
 3   123.221    -2.204    -1.797
 3     0.481    -0.131    -0.867
 3     0.193     0.980    -0.041
 3     0.855    -0.147     0.496
 4   100.527    11.706   -10.290
 4     0.191    -0.703     0.684
 4     0.922     0.367     0.120
 4    -0.336     0.608     0.719
 5   111.548    38.981    -9.009
 5     0.224     0.971    -0.082
 5     0.876    -0.238    -0.418
 5    -0.426     0.022    -0.905
 6   112.489    61.556   -28.253
 6     0.298     0.462     0.835
 6     0.656     0.536    -0.531
 6    -0.693     0.706    -0.143
 7   103.497   -20.250    -9.630
 7     0.133     0.722     0.679
 7    -0.949     0.289    -0.122
 7    -0.284    -0.628     0.724
 8   115.733   -45.108    -8.824
 8     0.215    -0.774    -0.595
 8    -0.920    -0.365     0.142
 8    -0.328     0.517    -0.791
 9   112.996   -69.987   -23.829
 9     0.069    -0.789     0.610
 9    -0.803     0.319     0.504
 9    -0.592    -0.525    -0.611
 2    96.865   -18.652    59.760
 2     0.247    -0.969     0.002
 2     0.968     0.247     0.034
 2    -0.034    -0.007     0.999
 3   123.126    -2.306    -2.286
 3     0.480    -0.128    -0.867
 3     0.190     0.981    -0.039
 3     0.856    -0.146     0.495
 4   100.076    11.279   -10.408
 4     0.174    -0.688     0.705
 4     0.916     0.376     0.140
 4    -0.362     0.621     0.695
 5   113.005    38.939    -8.419
 5     0.186     0.976    -0.113
 5     0.860    -0.217    -0.462
 5    -0.475    -0.011    -0.880
 6   110.229    60.340   -31.264
 6     0.247     0.495     0.833
 6     0.628     0.573    -0.526
 6    -0.738     0.654    -0.169
 7   103.064   -19.969    -9.711
 7     0.115     0.701     0.703
 7    -0.944     0.297    -0.142
 7    -0.309    -0.648     0.696
 8   114.524   -45.212   -10.356
 8     0.177    -0.771    -0.612
 8    -0.910    -0.365     0.197
 8    -0.375     0.522    -0.766
 9   110.782   -69.096   -26.267
 9     0.029    -0.791     0.611
 9    -0.779     0.365     0.509
 9    -0.626    -0.491    -0.606
 2    96.915   -18.652    59.811
 2     0.247    -0.969     0.001
 2     0.968     0.246     0.034
 2    -0.034    -0.007     0.999
 3   123.057    -2.304    -2.469
 3     0.478    -0.127    -0.869
 3     0.191     0.981    -0.039
 3     0.857    -0.148     0.493
 4    99.813    10.854   -10.661
 4     0.162    -0.676     0.719
 4     0.909     0.385     0.157
 4    -0.384     0.629     0.676
 5   112.274    38.550    -9.949
 5     0.165     0.978    -0.130
 5     0.842    -0.208    -0.497
 5    -0.513    -0.028    -0.858
 6   108.872    59.132   -33.711
 6     0.216     0.513     0.830
 6     0.600     0.601    -0.528
 6    -0.770     0.613    -0.178
 7   102.714   -19.707    -9.875
 7     0.104     0.688     0.718
 7    -0.939     0.305    -0.156
 7    -0.326    -0.659     0.678
 8   113.502   -45.279   -11.638
 8     0.146    -0.774    -0.617
 8    -0.898    -0.365     0.245
 8    -0.415     0.518    -0.748
 9   108.973   -68.402   -28.377
 9    -0.003    -0.785     0.620
 9    -0.757     0.406     0.511
 9    -0.653    -0.468    -0.595
 2    96.867   -18.651    59.757
 2     0.246    -0.969     0.001
 2     0.969     0.246     0.034
 2    -0.033    -0.007     0.999
 3   123.007    -2.379    -2.647
 3     0.477    -0.127    -0.870
 3     0.192     0.980    -0.038
 3     0.857    -0.149     0.492
 4    99.600    10.536   -10.855
 4     0.158    -0.666     0.728
 4     0.903     0.395     0.165
 4    -0.398     0.632     0.665
 5   111.956    38.062   -11.414
 5     0.151     0.978    -0.146
 5     0.823    -0.206    -0.528
 5    -0.547    -0.041    -0.836
 6   108.078    57.857   -35.697
 6     0.196     0.524     0.828
 6     0.576     0.622    -0.530
 6    -0.793     0.581    -0.181
 7   102.498   -19.427   -10.041
 7     0.091     0.676     0.730
 7    -0.932     0.316    -0.176
 7    -0.350    -0.665     0.660
 8   112.699   -45.090   -13.098
 8     0.123    -0.775    -0.620
 8    -0.881    -0.372     0.291
 8    -0.456     0.510    -0.729
 9   107.279   -67.179   -30.957
 9    -0.029    -0.778     0.628
 9    -0.730     0.445     0.518
 9    -0.683    -0.443    -0.581
 2    96.867   -18.651    59.808
 2     0.246    -0.969     0.001
 2     0.968     0.246     0.033
 2    -0.033    -0.007     0.999
 3   122.972    -2.426    -2.741
 3     0.473    -0.127    -0.872
 3     0.191     0.980    -0.039
 3     0.860    -0.149     0.488
 4    99.503    10.238   -11.088
 4     0.158    -0.655     0.739
 4     0.895     0.410     0.172
 4    -0.416     0.634     0.651
 5   111.774    37.365   -13.058
 5     0.141     0.975    -0.170
 5     0.797    -0.214    -0.565
 5    -0.587    -0.055    -0.807
 6   107.375    56.113   -38.392
 6     0.171     0.542     0.823
 6     0.542     0.646    -0.538
 6    -0.823     0.538    -0.183
 7   102.238   -19.131   -10.277
 7     0.075     0.665     0.743
 7    -0.921     0.332    -0.205
 7    -0.383    -0.668     0.637
 8   111.665   -44.483   -15.430
 8     0.102    -0.776    -0.623
 8    -0.844    -0.399     0.359
 8    -0.527     0.488    -0.695
 9   105.941   -64.893   -34.827
 9    -0.049    -0.770     0.637
 9    -0.674     0.496     0.547
 9    -0.737    -0.402    -0.543
 2    96.867   -18.651    59.808
 2     0.246    -0.969     0.001
 2     0.969     0.246     0.033
 2    -0.033    -0.007     0.999
 3   122.946    -2.501    -2.894
 3     0.471    -0.128    -0.873
 3     0.192     0.980    -0.040
 3     0.860    -0.149     0.487
 4    99.339     9.906   -11.377
 4     0.161    -0.639     0.752
 4     0.883     0.434     0.179
 4    -0.441     0.635     0.634
 5   111.666    36.266   -15.312
 5     0.132     0.971    -0.199
 5     0.751    -0.229    -0.619
 5    -0.647    -0.068    -0.759
 6   106.485    53.185   -42.141
 6     0.145     0.561     0.814
 6     0.474     0.683    -0.555
 6    -0.868     0.467    -0.168
 7   102.019   -18.812   -10.322
 7     0.063     0.651     0.756
 7    -0.905     0.356    -0.231
 7    -0.420    -0.670     0.612
 8   111.117   -43.389   -18.040
 8     0.094    -0.778    -0.621
 8    -0.782    -0.443     0.438
 8    -0.616     0.444    -0.651
 9   105.112   -61.511   -39.456
 9    -0.063    -0.763     0.643
 9    -0.593     0.547     0.591
 9    -0.803    -0.344    -0.487
 2    96.867   -18.651    59.808
 2     0.246    -0.969     0.001
 2     0.969     0.246     0.033
 2    -0.033    -0.007     0.999
 3   122.946    -2.549    -2.919
 3     0.471    -0.131    -0.872
 3     0.196     0.979    -0.042
 3     0.860    -0.152     0.487
 4    99.304     9.592   -11.547
 4     0.163    -0.614     0.772
 4     0.866     0.464     0.186
 4    -0.473     0.638     0.607
 5   111.307    35.005   -17.839
 5     0.117     0.966    -0.229
 5     0.693    -0.245    -0.678
 5    -0.712    -0.079    -0.698
 6   105.505    49.320   -46.277
 6     0.114     0.582     0.805
 6     0.386     0.721    -0.576
 6    -0.915     0.376    -0.143
 7   101.750   -18.493   -10.461
 7     0.050     0.632     0.773
 7    -0.887     0.383    -0.256
 7    -0.458    -0.673     0.580
 8   110.608   -41.798   -20.903
 8     0.095    -0.779    -0.620
 8    -0.698    -0.496     0.516
 8    -0.709     0.384    -0.591
 9   104.621   -56.778   -44.482
 9    -0.067    -0.753     0.654
 9    -0.487     0.597     0.637
 9    -0.871    -0.275    -0.407
 2    96.870   -18.701    59.805
 2     0.247    -0.969     0.000
 2     0.968     0.247     0.033
 2    -0.032    -0.008     0.999
 3   122.920    -2.601    -3.067
 3     0.475    -0.141    -0.868
 3     0.208     0.977    -0.045
 3     0.855    -0.159     0.494
 4    99.118     9.313   -11.720
 4     0.165    -0.590     0.790
 4     0.853     0.488     0.186
 4    -0.495     0.643     0.584
 5   110.982    33.543   -19.980
 5     0.100     0.960    -0.260
 5     0.633    -0.264    -0.728
 5    -0.767    -0.092    -0.634
 6   104.209    45.068   -49.896
 6     0.080     0.600     0.795
 6     0.290     0.750    -0.595
 6    -0.954     0.278    -0.114
 7   101.459   -18.124   -10.489
 7     0.037     0.606     0.794
 7    -0.867     0.415    -0.276
 7    -0.497    -0.679     0.541
 8   110.282   -39.746   -23.406
 8     0.104    -0.782    -0.614
 8    -0.598    -0.543     0.589
 8    -0.794     0.306    -0.525
 9   104.457   -51.138   -48.885
 9    -0.064    -0.743     0.667
 9    -0.369     0.638     0.676
 9    -0.927    -0.203    -0.315
 2    96.858   -18.604    59.736
 2     0.294    -0.956    -0.003
 2     0.955     0.294     0.025
 2    -0.024    -0.010     1.000
 3   122.833    -2.683    -3.232
 3     0.482    -0.160    -0.862
 3     0.219     0.974    -0.058
 3     0.848    -0.161     0.504
 4    98.817     9.000   -11.730
 4     0.173    -0.550     0.817
 4     0.835     0.521     0.174
 4    -0.522     0.652     0.549
 5   110.881    31.378   -22.313
 5     0.090     0.943    -0.319
 5     0.557    -0.313    -0.769
 5    -0.825    -0.109    -0.554
 6   103.386    40.691   -52.985
 6     0.045     0.637     0.769
 6     0.201     0.749    -0.632
 6    -0.979     0.183    -0.094
 7   101.213   -17.727   -10.607
 7     0.032     0.567     0.823
 7    -0.842     0.459    -0.283
 7    -0.539    -0.684     0.492
 8   110.089   -36.936   -26.054
 8     0.111    -0.774    -0.623
 8    -0.480    -0.591     0.648
 8    -0.870     0.227    -0.438
 9   104.074   -44.304   -53.022
 9    -0.072    -0.744     0.664
 9    -0.226     0.661     0.716
 9    -0.971    -0.098    -0.216
 2    97.145   -18.445    59.632
 2     0.441    -0.897    -0.005
 2     0.897     0.441     0.003
 2    -0.001    -0.006     1.000
 3   122.759    -2.611    -3.392
 3     0.488    -0.175    -0.855
 3     0.223     0.972    -0.071
 3     0.844    -0.156     0.513
 4    98.756     8.964   -11.820
 4     0.197    -0.502     0.842
 4     0.814     0.562     0.144
 4    -0.546     0.658     0.519
 5   110.745    29.362   -24.284
 5     0.073     0.927    -0.368
 5     0.474    -0.357    -0.805
 5    -0.877    -0.116    -0.465
 6   102.040    34.684   -56.477
 6    -0.003     0.685     0.728
 6     0.058     0.727    -0.684
 6    -0.998     0.041    -0.042
 7   100.989   -17.212   -10.605
 7     0.038     0.513     0.857
 7    -0.819     0.507    -0.267
 7    -0.572    -0.693     0.439
 8   109.679   -33.990   -28.081
 8     0.117    -0.767    -0.631
 8    -0.368    -0.623     0.690
 8    -0.922     0.151    -0.355
 9   100.797   -38.251   -57.629
 9    -0.077    -0.751     0.656
 9    -0.063     0.660     0.748
 9    -0.995     0.016    -0.099
 2    97.338   -18.548    59.560
 2     0.526    -0.850    -0.008
 2     0.850     0.526    -0.025
 2     0.026     0.006     0.999
 3   122.658    -2.618    -3.443
 3     0.494    -0.185    -0.849
 3     0.225     0.971    -0.080
 3     0.839    -0.152     0.521
 4    98.481     8.857   -11.839
 4     0.211    -0.470     0.857
 4     0.797     0.590     0.128
 4    -0.566     0.656     0.499
 5   110.709    27.574   -25.578
 5     0.067     0.916    -0.395
 5     0.406    -0.387    -0.828
 5    -0.911    -0.105    -0.398
 6   104.219    28.589   -55.273
 6    -0.031     0.711     0.703
 6    -0.074     0.699    -0.711
 6    -0.997    -0.074     0.031
 7   100.687   -16.991   -10.582
 7     0.047     0.471     0.880
 7    -0.805     0.539    -0.246
 7    -0.591    -0.698     0.405
 8   109.277   -31.983   -29.161
 8     0.120    -0.766    -0.631
