% Calibrated with leiden_pols
% Positions are in centimeters
Data =[
 2    96.906   -18.706    59.821
 2     0.248    -0.969     0.005
 2     0.968     0.248     0.038
 2    -0.038    -0.005     0.999
 3   123.858    -2.658     1.602
 3     0.470    -0.098    -0.877
 3     0.166     0.986    -0.021
 3     0.866    -0.136     0.480
 4   108.021    16.988    -7.766
 4     0.345    -0.893     0.288
 4     0.911     0.244    -0.332
 4     0.225     0.377     0.898
 5   106.145    22.767    21.904
 5     0.237    -0.132     0.962
 5     0.252    -0.948    -0.193
 5     0.938     0.288    -0.191
 6   124.094    24.190    48.274
 6     0.381    -0.564    -0.733
 6    -0.156     0.742    -0.652
 6     0.911     0.362     0.195
 7   110.261   -24.323    -7.724
 7     0.201     0.979     0.027
 7    -0.927     0.182     0.327
 7     0.315    -0.091     0.945
 8   108.473   -27.318    22.136
 8     0.124    -0.093     0.988
 8    -0.217    -0.974    -0.065
 8     0.968    -0.206    -0.141
 9   125.035   -32.184    47.278
 9     0.384     0.697    -0.605
 9     0.068     0.632     0.771
 9     0.921    -0.338     0.195
 2    96.906   -18.706    59.821
 2     0.248    -0.969     0.005
 2     0.968     0.248     0.038
 2    -0.038    -0.005     0.999
 3   123.858    -2.658     1.602
 3     0.470    -0.098    -0.877
 3     0.166     0.986    -0.021
 3     0.866    -0.136     0.480
 4   108.021    16.988    -7.766
 4     0.345    -0.893     0.289
 4     0.911     0.245    -0.332
 4     0.225     0.377     0.898
 5   106.194    22.768    21.955
 5     0.236    -0.133     0.962
 5     0.252    -0.948    -0.193
 5     0.938     0.288    -0.191
 6   124.094    24.139    48.274
 6     0.381    -0.564    -0.733
 6    -0.156     0.742    -0.652
 6     0.911     0.362     0.195
 7   110.211   -24.272    -7.673
 7     0.201     0.979     0.026
 7    -0.927     0.182     0.326
 7     0.315    -0.091     0.945
 8   108.473   -27.317    22.135
 8     0.125    -0.093     0.988
 8    -0.217    -0.974    -0.065
 8     0.968    -0.206    -0.142
 9   124.985   -32.184    47.278
 9     0.384     0.697    -0.605
 9     0.068     0.632     0.772
 9     0.921    -0.338     0.195
 2    96.906   -18.706    59.821
 2     0.248    -0.969     0.005
 2     0.968     0.248     0.038
 2    -0.038    -0.005     0.999
 3   123.858    -2.658     1.602
 3     0.471    -0.098    -0.877
 3     0.166     0.986    -0.021
 3     0.866    -0.136     0.480
 4   108.021    16.988    -7.766
 4     0.345    -0.893     0.289
 4     0.911     0.245    -0.332
 4     0.225     0.377     0.898
 5   106.145    22.767    21.904
 5     0.237    -0.133     0.962
 5     0.252    -0.948    -0.193
 5     0.938     0.288    -0.191
 6   124.043    24.191    48.273
 6     0.380    -0.565    -0.732
 6    -0.155     0.741    -0.653
 6     0.911     0.362     0.194
 7   110.211   -24.272    -7.673
 7     0.201     0.979     0.027
 7    -0.927     0.182     0.327
 7     0.315    -0.091     0.944
 8   108.472   -27.318    22.136
 8     0.124    -0.094     0.988
 8    -0.216    -0.974    -0.065
 8     0.968    -0.206    -0.141
 9   124.985   -32.133    47.278
 9     0.383     0.697    -0.605
 9     0.068     0.632     0.772
 9     0.921    -0.338     0.195
 2    96.906   -18.706    59.821
 2     0.248    -0.969     0.005
 2     0.968     0.248     0.038
 2    -0.038    -0.005     0.999
 3   123.858    -2.658     1.602
 3     0.471    -0.098    -0.877
 3     0.166     0.985    -0.021
 3     0.866    -0.136     0.480
 4   108.021    16.988    -7.766
 4     0.345    -0.893     0.288
 4     0.911     0.245    -0.332
 4     0.225     0.377     0.898
 5   106.195    22.767    21.905
 5     0.237    -0.133     0.962
 5     0.252    -0.948    -0.193
 5     0.938     0.289    -0.191
 6   124.094    24.139    48.274
 6     0.380    -0.564    -0.733
 6    -0.156     0.742    -0.652
 6     0.911     0.362     0.194
 7   110.211   -24.272    -7.673
 7     0.201     0.979     0.027
 7    -0.927     0.182     0.327
 7     0.315    -0.091     0.945
 8   108.424   -27.317    22.136
 8     0.124    -0.094     0.988
 8    -0.216    -0.974    -0.066
 8     0.968    -0.206    -0.142
 9   125.035   -32.184    47.278
 9     0.384     0.698    -0.605
 9     0.068     0.631     0.772
 9     0.921    -0.338     0.195
 2    96.906   -18.706    59.821
 2     0.248    -0.969     0.005
 2     0.968     0.248     0.038
 2    -0.038    -0.005     0.999
 3   123.808    -2.657     1.602
 3     0.470    -0.098    -0.877
 3     0.167     0.985    -0.021
 3     0.866    -0.137     0.480
 4   108.021    16.988    -7.766
 4     0.345    -0.893     0.288
 4     0.911     0.245    -0.332
 4     0.225     0.377     0.898
 5   106.145    22.768    21.904
 5     0.236    -0.133     0.962
 5     0.252    -0.948    -0.193
 5     0.938     0.289    -0.191
 6   124.044    24.089    48.273
 6     0.380    -0.565    -0.733
 6    -0.156     0.741    -0.653
 6     0.911     0.362     0.193
 7   110.211   -24.272    -7.673
 7     0.201     0.979     0.027
 7    -0.927     0.181     0.327
 7     0.315    -0.091     0.944
 8   108.424   -27.318    22.136
 8     0.124    -0.095     0.988
 8    -0.217    -0.974    -0.066
 8     0.968    -0.206    -0.142
 9   124.985   -32.184    47.278
 9     0.383     0.698    -0.605
 9     0.068     0.631     0.772
 9     0.921    -0.337     0.195
 2    96.856   -18.706    59.821
 2     0.248    -0.969     0.005
 2     0.968     0.248     0.038
 2    -0.038    -0.005     0.999
 3   123.858    -2.657     1.551
 3     0.471    -0.098    -0.877
 3     0.167     0.985    -0.020
 3     0.866    -0.137     0.480
 4   108.021    16.988    -7.766
 4     0.345    -0.893     0.288
 4     0.911     0.246    -0.331
 4     0.225     0.377     0.898
 5   106.145    22.768    21.904
 5     0.236    -0.133     0.962
 5     0.252    -0.948    -0.193
 5     0.938     0.289    -0.191
 6   124.093    24.140    48.272
 6     0.380    -0.565    -0.732
 6    -0.156     0.741    -0.653
 6     0.911     0.363     0.193
 7   110.211   -24.272    -7.673
 7     0.201     0.979     0.027
 7    -0.927     0.181     0.327
 7     0.315    -0.091     0.944
 8   108.474   -27.318    22.136
 8     0.124    -0.094     0.988
 8    -0.217    -0.974    -0.065
 8     0.968    -0.206    -0.142
 9   124.985   -32.133    47.278
 9     0.383     0.698    -0.605
 9     0.069     0.632     0.772
 9     0.921    -0.338     0.194
 2    96.856   -18.706    59.821
 2     0.248    -0.969     0.004
 2     0.968     0.248     0.038
 2    -0.038    -0.006     0.999
 3   123.858    -2.657     1.551
 3     0.471    -0.098    -0.877
 3     0.167     0.985    -0.020
 3     0.866    -0.137     0.480
 4   108.022    16.988    -7.766
 4     0.346    -0.893     0.288
 4     0.911     0.246    -0.331
 4     0.225     0.377     0.898
 5   106.145    22.767    21.908
 5     0.236    -0.136     0.962
 5     0.254    -0.947    -0.196
 5     0.938     0.291    -0.189
 6   124.049    24.141    48.265
 6     0.380    -0.565    -0.732
 6    -0.156     0.741    -0.653
 6     0.912     0.362     0.193
 7   110.211   -24.272    -7.724
 7     0.201     0.979     0.027
 7    -0.927     0.182     0.327
 7     0.315    -0.091     0.944
 8   108.473   -27.318    22.136
 8     0.124    -0.093     0.988
 8    -0.217    -0.974    -0.064
 8     0.968    -0.206    -0.141
 9   124.985   -32.184    47.278
 9     0.383     0.698    -0.605
 9     0.068     0.632     0.772
 9     0.921    -0.337     0.194
 2    96.856   -18.706    59.821
 2     0.248    -0.969     0.004
 2     0.968     0.248     0.038
 2    -0.038    -0.005     0.999
 3   123.908    -2.657     1.551
 3     0.471    -0.097    -0.877
 3     0.167     0.986    -0.020
 3     0.866    -0.137     0.480
 4   108.019    16.987    -7.814
 4     0.346    -0.893     0.288
 4     0.911     0.246    -0.331
 4     0.224     0.377     0.899
 5   106.188    22.764    21.869
 5     0.236    -0.141     0.961
 5     0.255    -0.946    -0.201
 5     0.937     0.293    -0.188
