% Calibrated with leiden_pols
% Positions are in centimeters
Data =[
 2    97.164   -18.774    59.733
 2     0.521    -0.853     0.004
 2     0.852     0.521     0.035
 2    -0.032    -0.015     0.999
 3   124.081    -2.597     1.467
 3     0.464    -0.120    -0.878
 3     0.178     0.983    -0.040
 3     0.867    -0.138     0.477
 4   107.775    16.750    -8.533
 4     0.370    -0.884     0.285
 4     0.919     0.304    -0.250
 4     0.134     0.354     0.925
 5   110.723    21.001    21.867
 5     0.387    -0.089     0.918
 5     0.204    -0.962    -0.179
 5     0.899     0.257    -0.354
 6   129.121    24.589    46.276
 6     0.495    -0.719    -0.487
 6    -0.130     0.493    -0.860
 6     0.859     0.489     0.151
 7   111.265   -24.375    -7.576
 7     0.228     0.973     0.023
 7    -0.927     0.210     0.310
 7     0.297    -0.092     0.950
 8   111.258   -25.381    22.698
 8     0.206    -0.109     0.972
 8    -0.145    -0.986    -0.079
 8     0.968    -0.125    -0.219
 9   126.954   -31.759    48.284
 9     0.438     0.844    -0.307
 9     0.047     0.319     0.946
 9     0.897    -0.430     0.100
 2    97.165   -18.774    59.733
 2     0.522    -0.853     0.004
 2     0.852     0.521     0.035
 2    -0.032    -0.015     0.999
 3   124.087    -2.647     1.487
 3     0.464    -0.117    -0.878
 3     0.178     0.983    -0.037
 3     0.868    -0.139     0.476
 4   107.775    16.725    -8.558
 4     0.371    -0.884     0.284
 4     0.918     0.305    -0.251
 4     0.134     0.354     0.925
 5   110.697    21.052    21.919
 5     0.387    -0.089     0.918
 5     0.205    -0.962    -0.180
 5     0.899     0.258    -0.354
 6   129.121    24.589    46.276
 6     0.495    -0.719    -0.489
 6    -0.131     0.494    -0.859
 6     0.859     0.489     0.151
 7   111.107   -24.423    -7.464
 7     0.222     0.974     0.026
 7    -0.927     0.203     0.317
 7     0.303    -0.095     0.948
 8   111.257   -25.410    22.802
 8     0.204    -0.108     0.973
 8    -0.146    -0.986    -0.079
 8     0.968    -0.126    -0.218
 9   126.958   -31.808    48.277
 9     0.438     0.844    -0.310
 9     0.047     0.322     0.945
 9     0.898    -0.429     0.101
 2    97.115   -18.724    59.733
 2     0.522    -0.853     0.004
 2     0.852     0.521     0.035
 2    -0.032    -0.015     0.999
 3   124.038    -2.648     1.539
 3     0.464    -0.115    -0.878
 3     0.177     0.983    -0.035
 3     0.868    -0.140     0.476
 4   107.753    16.725    -8.536
 4     0.372    -0.884     0.284
 4     0.918     0.306    -0.251
 4     0.135     0.354     0.925
 5   110.723    21.052    21.868
 5     0.386    -0.090     0.918
 5     0.205    -0.962    -0.180
 5     0.899     0.258    -0.353
 6   129.071    24.588    46.352
 6     0.494    -0.719    -0.490
 6    -0.132     0.495    -0.859
 6     0.859     0.488     0.150
 7   111.107   -24.423    -7.464
 7     0.222     0.974     0.026
 7    -0.926     0.203     0.317
 7     0.303    -0.095     0.948
 8   111.204   -25.412    22.828
 8     0.203    -0.105     0.973
 8    -0.146    -0.986    -0.076
 8     0.968    -0.127    -0.216
 9   126.906   -31.808    48.276
 9     0.438     0.843    -0.313
 9     0.048     0.326     0.944
 9     0.898    -0.429     0.102
 2    97.165   -18.774    59.733
 2     0.522    -0.853     0.004
 2     0.852     0.521     0.035
 2    -0.032    -0.015     0.999
 3   124.038    -2.647     1.538
 3     0.464    -0.115    -0.879
 3     0.178     0.983    -0.035
 3     0.868    -0.140     0.476
 4   107.778    16.751    -8.535
 4     0.372    -0.884     0.284
 4     0.918     0.306    -0.251
 4     0.135     0.354     0.925
 5   110.697    21.103    21.919
 5     0.386    -0.090     0.918
 5     0.205    -0.962    -0.181
 5     0.899     0.258    -0.353
 6   129.071    24.587    46.352
 6     0.494    -0.718    -0.491
 6    -0.133     0.495    -0.858
 6     0.859     0.489     0.149
 7   111.106   -24.423    -7.465
 7     0.222     0.974     0.025
 7    -0.926     0.203     0.317
 7     0.303    -0.094     0.948
 8   111.204   -25.412    22.802
 8     0.203    -0.104     0.973
 8    -0.146    -0.986    -0.075
 8     0.968    -0.127    -0.216
 9   126.880   -31.706    48.326
 9     0.437     0.842    -0.316
 9     0.049     0.328     0.943
 9     0.898    -0.427     0.102
 2    97.165   -18.723    59.733
 2     0.522    -0.853     0.004
 2     0.852     0.521     0.035
 2    -0.032    -0.015     0.999
 3   123.988    -2.647     1.538
 3     0.463    -0.115    -0.879
 3     0.177     0.983    -0.035
 3     0.868    -0.140     0.476
 4   107.753    16.751    -8.535
 4     0.372    -0.884     0.284
 4     0.918     0.305    -0.251
 4     0.135     0.354     0.925
 5   110.647    21.104    21.918
 5     0.387    -0.090     0.918
 5     0.206    -0.962    -0.181
 5     0.899     0.258    -0.354
 6   129.121    24.587    46.326
 6     0.494    -0.717    -0.491
 6    -0.133     0.496    -0.858
 6     0.859     0.490     0.149
 7   111.156   -24.372    -7.465
 7     0.223     0.974     0.024
 7    -0.926     0.204     0.316
 7     0.303    -0.094     0.948
 8   111.177   -25.387    22.802
 8     0.203    -0.102     0.974
 8    -0.146    -0.986    -0.073
 8     0.968    -0.128    -0.216
 9   126.880   -31.629    48.326
 9     0.436     0.841    -0.318
 9     0.050     0.330     0.942
 9     0.898    -0.427     0.102
 2    97.165   -18.723    59.733
 2     0.522    -0.853     0.004
 2     0.852     0.521     0.035
 2    -0.032    -0.015     0.999
 3   123.988    -2.597     1.538
 3     0.463    -0.115    -0.879
 3     0.177     0.983    -0.035
 3     0.868    -0.140     0.476
 4   107.780    16.752    -8.488
 4     0.372    -0.884     0.284
 4     0.918     0.305    -0.252
 4     0.136     0.355     0.925
 5   110.697    21.154    21.920
 5     0.387    -0.089     0.917
 5     0.206    -0.962    -0.180
 5     0.899     0.259    -0.354
 6   129.121    24.587    46.352
 6     0.494    -0.717    -0.491
 6    -0.133     0.496    -0.858
 6     0.859     0.489     0.149
 7   111.156   -24.372    -7.465
 7     0.223     0.974     0.025
 7    -0.927     0.204     0.316
 7     0.303    -0.094     0.948
 8   111.252   -25.413    22.802
 8     0.204    -0.100     0.974
 8    -0.147    -0.987    -0.071
 8     0.968    -0.128    -0.216
 9   126.905   -31.629    48.275
 9     0.436     0.841    -0.320
 9     0.050     0.332     0.942
 9     0.898    -0.427     0.102
 2    97.165   -18.774    59.733
 2     0.522    -0.853     0.004
 2     0.852     0.521     0.035
 2    -0.032    -0.015     0.999
 3   123.982    -2.548     1.543
 3     0.466    -0.118    -0.877
 3     0.177     0.983    -0.038
 3     0.867    -0.138     0.479
 4   107.756    16.804    -8.491
 4     0.370    -0.884     0.286
 4     0.919     0.303    -0.253
 4     0.137     0.356     0.924
 5   110.640    21.102    21.924
 5     0.387    -0.089     0.917
 5     0.206    -0.962    -0.180
 5     0.898     0.258    -0.355
 6   129.072    24.536    46.327
 6     0.494    -0.716    -0.493
 6    -0.134     0.497    -0.857
 6     0.859     0.490     0.150
 7   111.204   -24.372    -7.462
 7     0.224     0.974     0.024
 7    -0.926     0.205     0.315
 7     0.302    -0.094     0.948
 8   111.241   -25.414    22.815
 8     0.205    -0.097     0.974
 8    -0.146    -0.987    -0.067
 8     0.967    -0.129    -0.217
 9   126.954   -31.629    48.275
 9     0.437     0.839    -0.322
 9     0.051     0.334     0.941
 9     0.898    -0.428     0.103
 2    97.114   -18.774    59.733
 2     0.522    -0.853     0.004
 2     0.852     0.522     0.035
 2    -0.032    -0.015     0.999
 3   123.982    -2.547     1.594
 3     0.466    -0.119    -0.877
 3     0.178     0.983    -0.040
 3     0.867    -0.138     0.479
 4   107.707    16.805    -8.495
 4     0.369    -0.884     0.286
 4     0.919     0.302    -0.254
 4     0.138     0.357     0.924
 5   110.641    21.101    21.925
 5     0.388    -0.088     0.917
 5     0.206    -0.962    -0.179
 5     0.898     0.259    -0.355
 6   129.117    24.611    46.283
 6     0.495    -0.716    -0.493
 6    -0.133     0.498    -0.857
 6     0.858     0.490     0.151
 7   111.230   -24.370    -7.467
 7     0.226     0.974     0.023
 7    -0.926     0.207     0.316
 7     0.303    -0.093     0.948
 8   111.376   -25.383    22.825
 8     0.207    -0.093     0.974
 8    -0.145    -0.987    -0.063
 8     0.968    -0.128    -0.218
 9   127.003   -31.577    48.275
 9     0.437     0.839    -0.324
 9     0.052     0.336     0.940
 9     0.898    -0.428     0.103
 2    97.114   -18.774    59.733
 2     0.522    -0.853     0.004
 2     0.852     0.522     0.035
 2    -0.032    -0.015     0.999
 3   123.981    -2.547     1.543
 3     0.465    -0.120    -0.877
 3     0.178     0.983    -0.040
 3     0.867    -0.138     0.479
 4   107.655    16.804    -8.543
 4     0.369    -0.884     0.286
 4     0.919     0.301    -0.254
 4     0.137     0.357     0.924
 5   110.641    21.101    21.925
 5     0.388    -0.088     0.917
 5     0.206    -0.962    -0.180
 5     0.898     0.259    -0.356
 6   129.072    24.612    46.277
 6     0.495    -0.715    -0.494
 6    -0.133     0.499    -0.856
 6     0.859     0.489     0.151
 7   111.230   -24.370    -7.467
 7     0.227     0.974     0.023
 7    -0.926     0.208     0.316
 7     0.303    -0.093     0.948
 8   111.368   -25.384    22.813
 8     0.208    -0.093     0.973
 8    -0.145    -0.987    -0.063
 8     0.967    -0.128    -0.220
 9   127.173   -31.579    48.231
 9     0.439     0.838    -0.325
 9     0.052     0.337     0.940
 9     0.897    -0.430     0.104
 2    97.165   -18.723    59.733
 2     0.522    -0.853     0.004
 2     0.852     0.521     0.035
 2    -0.032    -0.015     0.999
 3   123.981    -2.496     1.543
 3     0.465    -0.121    -0.877
 3     0.179     0.983    -0.041
 3     0.867    -0.138     0.479
 4   107.655    16.804    -8.543
 4     0.369    -0.884     0.287
 4     0.919     0.301    -0.253
 4     0.137     0.357     0.924
 5   110.641    21.102    21.875
 5     0.388    -0.089     0.917
 5     0.207    -0.961    -0.181
 5     0.898     0.260    -0.355
 6   129.122    24.663    46.329
 6     0.495    -0.715    -0.494
 6    -0.133     0.500    -0.856
 6     0.859     0.489     0.152
 7   111.230   -24.370    -7.467
 7     0.227     0.973     0.023
 7    -0.925     0.208     0.316
 7     0.303    -0.094     0.948
 8   111.368   -25.332    22.812
 8     0.209    -0.092     0.973
 8    -0.145    -0.987    -0.062
 8     0.967    -0.128    -0.220
 9   127.121   -31.580    48.281
 9     0.438     0.837    -0.327
 9     0.051     0.339     0.939
 9     0.897    -0.428     0.106
 2    97.114   -18.774    59.733
 2     0.522    -0.853     0.004
 2     0.852     0.522     0.035
 2    -0.032    -0.015     0.999
 3   124.036    -2.494     1.588
 3     0.463    -0.121    -0.878
 3     0.180     0.983    -0.041
 3     0.868    -0.139     0.477
 4   107.658    16.754    -8.494
 4     0.369    -0.885     0.284
 4     0.919     0.302    -0.254
 4     0.138     0.355     0.924
 5   110.578    21.167    21.800
 5     0.371    -0.096     0.923
 5     0.212    -0.959    -0.185
 5     0.904     0.265    -0.336
 6   129.034    24.588    46.396
 6     0.490    -0.713    -0.502
 6    -0.134     0.507    -0.851
 6     0.861     0.484     0.153
 7   111.407   -24.314    -7.428
 7     0.235     0.972     0.015
 7    -0.923     0.219     0.318
 7     0.305    -0.089     0.948
 8   111.356   -25.403    22.771
 8     0.201    -0.085     0.976
 8    -0.152    -0.987    -0.055
 8     0.967    -0.137    -0.212
 9   126.910   -31.806    48.365
 9     0.422     0.841    -0.339
 9     0.037     0.357     0.933
 9     0.906    -0.407     0.119
 2    97.115   -18.724    59.733
 2     0.522    -0.853     0.004
 2     0.852     0.521     0.035
 2    -0.032    -0.015     0.999
 3   124.127    -2.462     1.623
 3     0.456    -0.120    -0.882
 3     0.182     0.982    -0.039
 3     0.871    -0.143     0.469
 4   108.083    16.760    -8.510
 4     0.372    -0.889     0.268
 4     0.916     0.306    -0.257
 4     0.146     0.341     0.928
 5   110.320    21.392    21.646
 5     0.347    -0.100     0.932
 5     0.223    -0.957    -0.185
 5     0.911     0.272    -0.310
 6   128.344    25.010    46.735
 6     0.470    -0.717    -0.515
 6    -0.128     0.522    -0.843
 6     0.873     0.462     0.154
 7   111.857   -24.310    -7.443
 7     0.238     0.971    -0.000
 7    -0.921     0.226     0.318
 7     0.308    -0.075     0.948
 8   111.162   -25.957    22.462
 8     0.167    -0.066     0.983
 8    -0.175    -0.984    -0.036
 8     0.970    -0.167    -0.177
 9   125.970   -32.790    48.419
 9     0.381     0.849    -0.366
 9     0.012     0.391     0.920
 9     0.924    -0.356     0.139
 2    97.115   -18.724    59.733
 2     0.522    -0.853     0.004
 2     0.852     0.521     0.035
 2    -0.032    -0.015     0.999
 3   124.594    -2.386     1.850
 3     0.430    -0.116    -0.895
 3     0.183     0.982    -0.040
 3     0.884    -0.147     0.443
 4   109.111    16.826    -8.497
 4     0.373    -0.898     0.234
 4     0.913     0.311    -0.264
 4     0.164     0.312     0.935
 5   109.833    21.972    21.424
 5     0.289    -0.111     0.951
 5     0.245    -0.952    -0.185
 5     0.925     0.286    -0.248
 6   126.898    26.015    47.387
 6     0.425    -0.738    -0.524
 6    -0.110     0.533    -0.839
 6     0.898     0.414     0.146
 7   113.012   -24.227    -7.558
 7     0.237     0.971    -0.037
 7    -0.918     0.236     0.317
 7     0.317    -0.041     0.947
 8   110.491   -27.163    21.866
 8     0.108    -0.022     0.994
 8    -0.210    -0.978     0.001
 8     0.972    -0.209    -0.110
 9   124.301   -34.372    48.416
 9     0.319     0.851    -0.418
 9    -0.010     0.443     0.896
 9     0.948    -0.282     0.150
 2    97.114   -18.723    59.733
 2     0.521    -0.853     0.004
 2     0.852     0.521     0.035
 2    -0.032    -0.015     0.999
 3   125.320    -2.222     2.372
 3     0.391    -0.109    -0.914
 3     0.182     0.982    -0.039
 3     0.902    -0.152     0.404
 4   110.540    16.901    -8.509
 4     0.374    -0.908     0.188
 4     0.907     0.317    -0.277
 4     0.192     0.274     0.942
 5   109.107    22.840    20.774
 5     0.207    -0.139     0.968
 5     0.272    -0.943    -0.193
 5     0.940     0.303    -0.157
 6   124.556    27.316    48.072
 6     0.350    -0.758    -0.551
 6    -0.091     0.558    -0.825
 6     0.932     0.338     0.127
 7   114.199   -24.044    -7.610
 7     0.228     0.970    -0.084
 7    -0.916     0.243     0.320
 7     0.330     0.004     0.943
 8   109.400   -27.995    21.395
 8     0.035    -0.004     0.999
 8    -0.240    -0.971     0.005
 8     0.970    -0.240    -0.035
 9   121.831   -35.716    48.384
 9     0.255     0.865    -0.432
 9    -0.034     0.454     0.890
 9     0.966    -0.212     0.145
 2    97.115   -18.724    59.733
 2     0.522    -0.853     0.004
 2     0.852     0.521     0.035
 2    -0.032    -0.015     0.999
 3   126.061    -2.188     2.702
 3     0.355    -0.098    -0.930
 3     0.182     0.983    -0.034
 3     0.917    -0.157     0.367
 4   111.971    16.996    -8.702
 4     0.371    -0.917     0.150
 4     0.904     0.319    -0.283
 4     0.211     0.240     0.947
 5   108.073    23.943    20.093
 5     0.113    -0.174     0.978
 5     0.306    -0.930    -0.201
 5     0.945     0.322    -0.052
 6   121.508    29.212    48.320
 6     0.258    -0.774    -0.578
 6    -0.066     0.583    -0.810
 6     0.964     0.247     0.100
 7   115.355   -23.892    -7.572
 7     0.211     0.969    -0.127
 7    -0.916     0.242     0.319
 7     0.340     0.049     0.939
 8   107.930   -28.784    20.616
 8    -0.054     0.027     0.998
 8    -0.270    -0.963     0.011
 8     0.961    -0.268     0.059
 9   118.490   -37.284    47.999
 9     0.171     0.879    -0.445
 9    -0.057     0.459     0.886
 9     0.983    -0.127     0.128
 2    97.165   -18.723    59.733
 2     0.522    -0.853     0.004
 2     0.852     0.521     0.035
 2    -0.032    -0.015     0.999
 3   126.767    -1.926     3.255
 3     0.320    -0.086    -0.943
 3     0.184     0.982    -0.027
 3     0.929    -0.165     0.330
 4   113.231    17.162    -8.747
 4     0.361    -0.925     0.115
 4     0.905     0.319    -0.281
 4     0.223     0.206     0.953
 5   106.544    25.235    18.915
 5     0.012    -0.211     0.977
 5     0.351    -0.914    -0.202
 5     0.936     0.345     0.063
 6   117.939    32.043    47.633
 6     0.164    -0.790    -0.590
 6    -0.026     0.595    -0.803
 6     0.986     0.147     0.077
 7   116.665   -23.867    -7.693
 7     0.190     0.966    -0.172
 7    -0.916     0.238     0.322
 7     0.352     0.096     0.931
 8   106.095   -29.401    19.449
 8    -0.164     0.027     0.986
 8    -0.301    -0.953    -0.023
 8     0.939    -0.300     0.164
 9   114.219   -39.103    46.899
 9     0.075     0.900    -0.428
 9    -0.092     0.433     0.896
 9     0.993    -0.028     0.115
 2    97.114   -18.774    59.733
 2     0.522    -0.853     0.004
 2     0.852     0.521     0.035
 2    -0.032    -0.015     0.999
 3   127.599    -1.743     3.707
 3     0.289    -0.069    -0.955
 3     0.182     0.983    -0.016
 3     0.940    -0.170     0.296
 4   114.525    17.356    -8.934
 4     0.331    -0.940     0.085
 4     0.915     0.298    -0.273
 4     0.231     0.168     0.958
 5   104.623    26.267    17.097
 5    -0.106    -0.226     0.968
 5     0.401    -0.901    -0.166
 5     0.910     0.370     0.185
 6   113.390    34.945    46.220
 6     0.062    -0.818    -0.572
 6     0.022     0.574    -0.818
 6     0.998     0.038     0.053
 7   117.900   -23.609    -7.798
 7     0.146     0.965    -0.215
 7    -0.923     0.211     0.320
 7     0.354     0.152     0.922
 8   103.888   -29.692    17.653
 8    -0.289    -0.002     0.957
 8    -0.336    -0.936    -0.103
 8     0.896    -0.351     0.270
 9   108.375   -41.763    44.933
 9    -0.037     0.923    -0.383
 9    -0.148     0.374     0.915
 9     0.988     0.091     0.122
 2    97.114   -18.774    59.733
 2     0.522    -0.853     0.004
 2     0.852     0.521     0.035
 2    -0.032    -0.015     0.999
 3   128.388    -1.635     4.150
 3     0.255    -0.047    -0.966
 3     0.176     0.984    -0.001
 3     0.951    -0.170     0.259
 4   115.883    17.277    -9.139
 4     0.296    -0.954     0.053
 4     0.923     0.271    -0.273
 4     0.245     0.130     0.961
 5   102.613    26.738    15.070
 5    -0.230    -0.239     0.943
 5     0.443    -0.889    -0.118
 5     0.866     0.391     0.310
 6   107.799    37.907    44.743
 6    -0.056    -0.835    -0.548
 6     0.073     0.543    -0.836
 6     0.996    -0.087     0.031
 7   118.893   -23.428    -8.137
 7     0.085     0.965    -0.248
 7    -0.937     0.162     0.308
 7     0.337     0.206     0.918
 8   101.690   -30.044    15.043
 8    -0.423    -0.013     0.906
 8    -0.372    -0.909    -0.187
 8     0.826    -0.416     0.380
 9   101.980   -44.483    41.729
 9    -0.170     0.919    -0.355
 9    -0.211     0.318     0.924
 9     0.962     0.232     0.140
 2    97.115   -18.724    59.733
 2     0.522    -0.853     0.004
 2     0.852     0.522     0.035
 2    -0.032    -0.015     0.999
 3   129.168    -1.552     4.502
 3     0.222    -0.027    -0.975
 3     0.171     0.985     0.012
 3     0.960    -0.169     0.223
 4   117.131    17.214    -9.530
 4     0.254    -0.967     0.022
 4     0.936     0.239    -0.259
 4     0.245     0.086     0.966
 5   100.965    27.117    12.463
 5    -0.347    -0.242     0.906
 5     0.484    -0.874    -0.048
 5     0.803     0.422     0.420
 6   102.505    40.486    41.622
 6    -0.165    -0.838    -0.521
 6     0.131     0.504    -0.853
 6     0.977    -0.209     0.026
 7   119.931   -23.219    -8.320
 7     0.031     0.959    -0.282
 7    -0.947     0.118     0.297
 7     0.318     0.257     0.912
 8   100.115   -30.268    12.160
 8    -0.543     0.002     0.839
 8    -0.407    -0.875    -0.261
 8     0.734    -0.484     0.476
 9    96.465   -46.862    37.375
 9    -0.298     0.888    -0.351
 9    -0.274     0.272     0.922
 9     0.914     0.371     0.162
 2    97.114   -18.774    59.733
 2     0.522    -0.853     0.004
 2     0.852     0.522     0.035
 2    -0.032    -0.015     0.999
 3   129.847    -1.460     4.888
 3     0.183    -0.008    -0.983
 3     0.170     0.985     0.024
 3     0.968    -0.171     0.182
 4   118.282    16.930    -9.992
 4     0.215    -0.977    -0.004
 4     0.950     0.210    -0.230
 4     0.225     0.046     0.973
 5    99.768    27.434     9.284
 5    -0.444    -0.265     0.856
 5     0.526    -0.850     0.010
 5     0.725     0.455     0.516
 6    98.161    43.054    37.526
 6    -0.271    -0.817    -0.509
 6     0.189     0.473    -0.860
 6     0.944    -0.329     0.026
 7   120.823   -23.080    -8.580
 7    -0.012     0.952    -0.307
 7    -0.954     0.081     0.289
 7     0.299     0.296     0.907
 8    99.241   -30.609     9.352
 8    -0.630     0.037     0.776
 8    -0.441    -0.839    -0.319
 8     0.639    -0.543     0.545
 9    92.601   -48.952    32.588
 9    -0.400     0.837    -0.372
 9    -0.338     0.243     0.909
 9     0.852     0.489     0.185
 2    97.117   -18.773    59.730
 2     0.522    -0.853     0.003
 2     0.852     0.521     0.034
 2    -0.031    -0.015     0.999
 3   130.477    -1.422     5.027
 3     0.149     0.002    -0.989
 3     0.173     0.984     0.028
 3     0.973    -0.176     0.146
 4   119.183    16.475   -10.676
 4     0.182    -0.983    -0.020
 4     0.966     0.182    -0.184
 4     0.184     0.014     0.982
 5    98.976    27.649     6.055
 5    -0.523    -0.282     0.804
 5     0.567    -0.820     0.082
 5     0.636     0.499     0.589
 6    94.697    45.520    32.437
 6    -0.355    -0.794    -0.493
 6     0.254     0.425    -0.869
 6     0.900    -0.433     0.051
 7   121.830   -22.787    -8.855
 7    -0.043     0.943    -0.330
 7    -0.960     0.052     0.274
 7     0.275     0.328     0.903
 8    99.031   -30.878     6.567
 8    -0.693     0.074     0.717
 8    -0.473    -0.798    -0.374
 8     0.544    -0.598     0.588
 9    89.919   -50.943    27.523
 9    -0.482     0.784    -0.390
 9    -0.400     0.199     0.895
 9     0.779     0.587     0.217
 2    97.117   -18.723    59.730
 2     0.522    -0.853     0.003
 2     0.852     0.521     0.034
 2    -0.031    -0.015     0.999
 3   131.006    -1.351     5.148
 3     0.110     0.002    -0.994
 3     0.185     0.982     0.022
 3     0.976    -0.186     0.107
 4   120.008    15.764   -11.302
 4     0.152    -0.987    -0.042
 4     0.978     0.156    -0.135
 4     0.140    -0.021     0.990
 5    98.499    27.662     2.904
 5    -0.587    -0.305     0.750
 5     0.602    -0.784     0.152
 5     0.541     0.541     0.643
 6    91.975    47.531    27.256
 6    -0.429    -0.764    -0.482
 6     0.314     0.373    -0.873
 6     0.847    -0.526     0.080
 7   122.849   -22.520    -9.115
 7    -0.066     0.932    -0.355
 7    -0.967     0.028     0.253
 7     0.245     0.360     0.900
 8    99.151   -30.911     4.015
 8    -0.743     0.113     0.659
 8    -0.491    -0.762    -0.422
 8     0.454    -0.637     0.622
 9    87.966   -52.313    22.772
 9    -0.550     0.732    -0.403
 9    -0.442     0.155     0.884
 9     0.709     0.663     0.237
 2    97.118   -18.772    59.727
 2     0.521    -0.853     0.003
 2     0.853     0.521     0.033
 2    -0.030    -0.015     0.999
 3   131.547    -1.269     5.147
 3     0.083    -0.001    -0.996
 3     0.193     0.981     0.015
 3     0.978    -0.193     0.081
 4   120.949    15.258   -11.717
 4     0.129    -0.989    -0.068
 4     0.986     0.135    -0.094
 4     0.102    -0.055     0.993
 5    98.539    27.609     0.162
 5    -0.632    -0.331     0.700
 5     0.629    -0.747     0.214
 5     0.452     0.576     0.681
 6    90.366    49.168    22.211
 6    -0.485    -0.730    -0.481
 6     0.371     0.326    -0.869
 6     0.792    -0.600     0.113
 7   123.767   -22.199    -9.426
 7    -0.082     0.922    -0.378
 7    -0.973     0.008     0.229
 7     0.214     0.387     0.896
 8    99.271   -30.815     1.604
 8    -0.786     0.151     0.600
 8    -0.495    -0.734    -0.465
 8     0.370    -0.663     0.651
 9    86.070   -52.849    18.135
 9    -0.614     0.668    -0.420
 9    -0.470     0.118     0.875
 9     0.634     0.734     0.242
 2    97.099   -18.628    59.842
 2     0.466    -0.885    -0.001
 2     0.884     0.466     0.032
 2    -0.028    -0.016     0.999
 3   131.955    -1.200     5.288
 3     0.063    -0.002    -0.998
 3     0.204     0.979     0.010
 3     0.977    -0.205     0.062
 4   121.789    14.468   -12.355
 4     0.118    -0.989    -0.091
 4     0.991     0.123    -0.051
 4     0.061    -0.084     0.995
 5    98.945    27.363    -2.604
 5    -0.659    -0.357     0.662
 5     0.653    -0.708     0.270
 5     0.372     0.610     0.699
 6    89.699    50.460    17.366
 6    -0.520    -0.705    -0.482
 6     0.424     0.277    -0.862
 6     0.741    -0.653     0.154
 7   124.343   -22.055    -9.463
 7    -0.098     0.911    -0.399
 7    -0.978    -0.014     0.209
 7     0.185     0.410     0.893
 8    99.195   -30.415    -0.600
 8    -0.823     0.185     0.537
 8    -0.494    -0.702    -0.513
 8     0.282    -0.687     0.669
 9    84.215   -53.001    13.444
 9    -0.670     0.610    -0.424
 9    -0.493     0.062     0.868
 9     0.555     0.790     0.259
 2    97.077   -18.752    59.811
 2     0.463    -0.886    -0.001
 2     0.885     0.463     0.030
 2    -0.026    -0.016     0.999
 3   132.278    -1.318     5.105
 3     0.050    -0.001    -0.999
 3     0.216     0.976     0.010
 3     0.975    -0.217     0.049
 4   122.491    13.732   -13.090
 4     0.116    -0.988    -0.104
 4     0.993     0.118    -0.014
 4     0.026    -0.102     0.994
 5    99.349    27.058    -4.717
 5    -0.676    -0.372     0.636
 5     0.669    -0.671     0.319
 5     0.308     0.641     0.703
 6    89.446    51.254    13.392
 6    -0.544    -0.684    -0.486
 6     0.468     0.234    -0.852
 6     0.697    -0.691     0.193
 7   124.616   -21.862    -9.718
 7    -0.113     0.905    -0.411
 7    -0.982    -0.037     0.186
 7     0.153     0.424     0.892
 8    99.131   -30.020    -2.327
 8    -0.848     0.204     0.489
 8    -0.484    -0.675    -0.556
 8     0.217    -0.708     0.671
 9    82.765   -52.802     9.752
 9    -0.709     0.563    -0.423
 9    -0.506     0.011     0.862
 9     0.490     0.826     0.277
 2    97.101   -18.752    59.810
 2     0.463    -0.886    -0.001
 2     0.886     0.463     0.030
 2    -0.026    -0.015     0.999
 3   132.429    -1.465     4.915
 3     0.040     0.002    -0.999
 3     0.226     0.974     0.011
 3     0.973    -0.227     0.039
 4   122.929    13.125   -13.588
 4     0.116    -0.987    -0.113
 4     0.993     0.115     0.016
 4    -0.004    -0.114     0.993
 5    99.700    26.739    -6.421
 5    -0.684    -0.387     0.619
 5     0.682    -0.641     0.353
 5     0.260     0.663     0.702
 6    89.384    51.857    10.288
 6    -0.559    -0.667    -0.493
 6     0.497     0.206    -0.843
 6     0.663    -0.716     0.217
 7   124.768   -21.809    -9.909
 7    -0.123     0.900    -0.418
 7    -0.983    -0.053     0.173
 7     0.133     0.432     0.892
 8    99.084   -29.807    -3.525
 8    -0.860     0.225     0.458
 8    -0.480    -0.661    -0.576
 8     0.173    -0.715     0.677
 9    82.102   -52.852     7.233
 9    -0.731     0.529    -0.430
 9    -0.513    -0.013     0.858
 9     0.448     0.848     0.281
 2    97.099   -18.753    59.813
 2     0.463    -0.886    -0.001
 2     0.886     0.463     0.030
 2    -0.027    -0.015     0.999
 3   132.517    -1.586     4.711
 3     0.031     0.005    -0.999
 3     0.233     0.972     0.012
 3     0.972    -0.234     0.029
 4   123.139    12.626   -13.937
 4     0.119    -0.986    -0.116
 4     0.992     0.115     0.037
 4    -0.024    -0.120     0.992
 5    99.899    26.630    -7.562
 5    -0.686    -0.403     0.606
 5     0.693    -0.614     0.377
 5     0.220     0.679     0.700
 6    89.405    52.462     7.991
 6    -0.571    -0.649    -0.503
 6     0.526     0.182    -0.831
 6     0.630    -0.739     0.237
 7   124.810   -21.771   -10.146
 7    -0.125     0.898    -0.422
 7    -0.985    -0.061     0.162
 7     0.119     0.436     0.892
 8    99.161   -29.650    -3.980
 8    -0.866     0.233     0.442
 8    -0.476    -0.652    -0.590
 8     0.150    -0.721     0.676
 9    81.870   -52.699     6.091
 9    -0.742     0.512    -0.432
 9    -0.516    -0.026     0.856
 9     0.426     0.858     0.284
 2    97.099   -18.702    59.813
 2     0.463    -0.886    -0.001
 2     0.886     0.462     0.030
 2    -0.027    -0.015     0.999
 3   132.556    -1.583     4.732
 3     0.024     0.008    -1.000
 3     0.238     0.971     0.013
 3     0.971    -0.238     0.021
 4   123.391    12.338   -14.080
 4     0.122    -0.985    -0.119
 4     0.992     0.116     0.051
 4    -0.036    -0.125     0.991
 5   100.237    26.659    -8.260
 5    -0.686    -0.413     0.599
 5     0.701    -0.596     0.392
 5     0.195     0.689     0.698
 6    89.570    52.876     6.581
 6    -0.576    -0.641    -0.508
 6     0.543     0.164    -0.823
 6     0.611    -0.750     0.253
 7   124.970   -21.676   -10.180
 7    -0.127     0.895    -0.428
 7    -0.985    -0.065     0.157
 7     0.113     0.441     0.890
 8    99.192   -29.383    -4.249
 8    -0.872     0.232     0.430
 8    -0.468    -0.651    -0.597
 8     0.141    -0.722     0.677
 9    81.450   -52.234     5.590
 9    -0.752     0.502    -0.426
 9    -0.509    -0.033     0.860
 9     0.418     0.864     0.280
 2    97.074   -18.702    59.813
 2     0.462    -0.887    -0.001
 2     0.886     0.462     0.030
 2    -0.027    -0.015     0.999
 3   132.582    -1.657     4.710
 3     0.021     0.013    -1.000
 3     0.239     0.971     0.017
 3     0.971    -0.239     0.017
 4   123.580    12.204   -14.109
 4     0.127    -0.984    -0.124
 4     0.991     0.120     0.059
 4    -0.043    -0.131     0.990
 5   100.389    26.728    -8.514
 5    -0.687    -0.419     0.594
 5     0.702    -0.592     0.395
 5     0.186     0.689     0.700
 6    89.597    53.048     6.302
 6    -0.580    -0.636    -0.509
 6     0.546     0.160    -0.822
 6     0.604    -0.755     0.254
 7   125.005   -21.607   -10.213
 7    -0.129     0.893    -0.431
 7    -0.986    -0.068     0.153
 7     0.107     0.444     0.889
 8    99.107   -29.214    -4.385
 8    -0.876     0.232     0.422
 8    -0.462    -0.654    -0.599
 8     0.137    -0.720     0.680
 9    81.319   -52.012     5.472
 9    -0.756     0.499    -0.424
 9    -0.505    -0.033     0.862
 9     0.416     0.866     0.277
 2    97.099   -18.702    59.813
 2     0.462    -0.887    -0.001
 2     0.886     0.462     0.030
 2    -0.027    -0.015     0.999
 3   132.632    -1.654     4.739
 3     0.018     0.015    -1.000
 3     0.239     0.971     0.019
 3     0.971    -0.239     0.013
 4   123.629    12.153   -14.131
 4     0.128    -0.984    -0.125
 4     0.991     0.121     0.060
 4    -0.044    -0.132     0.990
 5   100.340    26.677    -8.463
 5    -0.687    -0.418     0.594
 5     0.702    -0.593     0.395
 5     0.186     0.688     0.701
 6    89.610    52.925     6.568
 6    -0.580    -0.637    -0.508
 6     0.542     0.163    -0.824
 6     0.608    -0.753     0.251
 7   125.004   -21.556   -10.214
 7    -0.128     0.892    -0.433
 7    -0.986    -0.068     0.153
 7     0.107     0.446     0.888
 8    99.193   -29.310    -4.181
 8    -0.875     0.231     0.426
 8    -0.463    -0.661    -0.591
 8     0.144    -0.714     0.685
 9    81.656   -52.045     6.407
 9    -0.748     0.508    -0.427
 9    -0.504    -0.017     0.863
 9     0.431     0.861     0.268
 2    97.099   -18.752    59.813
 2     0.462    -0.887    -0.001
 2     0.886     0.462     0.031
 2    -0.027    -0.015     0.999
 3   132.681    -1.654     4.740
 3     0.017     0.015    -1.000
 3     0.238     0.971     0.019
 3     0.971    -0.238     0.013
 4   123.630    12.204   -14.109
 4     0.128    -0.984    -0.125
 4     0.991     0.122     0.059
 4    -0.043    -0.131     0.990
 5   100.253    26.790    -7.918
 5    -0.685    -0.414     0.600
 5     0.700    -0.601     0.385
 5     0.201     0.684     0.701
 6    89.779    52.885     7.585
 6    -0.570    -0.646    -0.509
 6     0.537     0.175    -0.825
 6     0.622    -0.743     0.247
 7   124.963   -21.550   -10.228
 7    -0.124     0.893    -0.432
 7    -0.986    -0.062     0.155
 7     0.111     0.445     0.888
 8    99.222   -29.532    -3.271
 8    -0.866     0.217     0.450
 8    -0.465    -0.680    -0.567
 8     0.183    -0.700     0.690
 9    82.330   -52.078     8.580
 9    -0.730     0.535    -0.425
 9    -0.495     0.014     0.868
 9     0.470     0.844     0.255
 2    97.074   -18.702    59.762
 2     0.462    -0.887    -0.000
 2     0.886     0.462     0.031
 2    -0.027    -0.015     0.999
 3   132.631    -1.655     4.738
 3     0.019     0.015    -1.000
 3     0.236     0.971     0.019
 3     0.971    -0.236     0.015
 4   123.292    12.436   -13.982
 4     0.135    -0.985    -0.108
 4     0.990     0.130     0.050
 4    -0.036    -0.114     0.993
 5   100.264    27.070    -7.120
 5    -0.672    -0.404     0.621
 5     0.703    -0.612     0.362
 5     0.234     0.679     0.695
 6    90.444    52.959     9.541
 6    -0.550    -0.661    -0.510
 6     0.525     0.202    -0.827
 6     0.650    -0.722     0.236
 7   124.700   -21.660   -10.223
 7    -0.117     0.899    -0.422
 7    -0.985    -0.051     0.164
 7     0.126     0.435     0.891
 8    99.021   -29.724    -2.107
 8    -0.856     0.195     0.479
 8    -0.463    -0.702    -0.541
 8     0.230    -0.685     0.691
 9    82.759   -51.849    11.227
 9    -0.707     0.571    -0.417
 9    -0.482     0.042     0.875
 9     0.518     0.819     0.245
 2    97.072   -18.703    59.816
 2     0.462    -0.887     0.000
 2     0.886     0.462     0.031
 2    -0.028    -0.015     0.999
 3   132.481    -1.637     4.798
 3     0.033     0.012    -0.999
 3     0.229     0.973     0.019
 3     0.973    -0.229     0.029
 4   122.789    12.644   -13.892
 4     0.147    -0.985    -0.089
 4     0.989     0.144     0.038
 4    -0.025    -0.094     0.995
 5   100.050    27.460    -5.766
 5    -0.657    -0.390     0.645
 5     0.701    -0.631     0.333
 5     0.277     0.671     0.688
 6    90.955    52.811    12.078
 6    -0.524    -0.683    -0.508
 6     0.507     0.229    -0.831
 6     0.684    -0.693     0.227
 7   124.049   -21.794   -10.146
 7    -0.112     0.908    -0.403
 7    -0.983    -0.043     0.178
 7     0.144     0.416     0.898
 8    98.625   -29.854    -0.599
 8    -0.840     0.166     0.516
 8    -0.459    -0.724    -0.515
 8     0.288    -0.669     0.684
 9    83.493   -51.582    14.451
 9    -0.675     0.618    -0.404
 9    -0.464     0.071     0.883
 9     0.574     0.783     0.239
 2    97.069   -18.703    59.819
 2     0.462    -0.887     0.000
 2     0.886     0.462     0.032
 2    -0.029    -0.015     0.999
 3   132.022    -1.549     4.711
 3     0.052     0.009    -0.999
 3     0.221     0.975     0.020
 3     0.974    -0.223     0.049
 4   121.840    13.008   -13.771
 4     0.157    -0.986    -0.058
 4     0.987     0.156     0.018
 4    -0.009    -0.060     0.998
 5    99.511    27.689    -3.937
 5    -0.638    -0.366     0.678
 5     0.692    -0.659     0.295
 5     0.339     0.657     0.673
 6    91.555    52.171    15.637
 6    -0.487    -0.713    -0.504
 6     0.473     0.269    -0.839
 6     0.734    -0.647     0.206
 7   123.226   -21.938   -10.079
 7    -0.096     0.922    -0.374
 7    -0.980    -0.022     0.196
 7     0.173     0.385     0.906
 8    98.350   -30.065     1.539
 8    -0.810     0.137     0.570
 8    -0.458    -0.755    -0.469
 8     0.366    -0.641     0.674
 9    84.995   -51.207    18.796
 9    -0.620     0.678    -0.396
 9    -0.440     0.117     0.890
 9     0.650     0.725     0.225
 2    97.065   -18.655    59.824
 2     0.462    -0.887     0.002
 2     0.886     0.462     0.034
 2    -0.031    -0.014     0.999
 3   131.440    -1.503     4.690
 3     0.083    -0.002    -0.996
 3     0.214     0.976     0.016
 3     0.973    -0.215     0.082
 4   120.588    13.534   -13.612
 4     0.164    -0.986    -0.020
 4     0.986     0.165    -0.016
 4     0.019    -0.017     1.000
 5    98.922    27.798    -1.908
 5    -0.610    -0.337     0.717
 5     0.679    -0.689     0.254
 5     0.408     0.642     0.649
 6    92.325    51.307    19.476
 6    -0.442    -0.743    -0.503
 6     0.434     0.314    -0.844
 6     0.785    -0.592     0.184
 7   122.318   -22.198    -9.936
 7    -0.068     0.936    -0.345
 7    -0.976     0.010     0.218
 7     0.208     0.351     0.913
 8    98.294   -30.469     3.697
 8    -0.768     0.110     0.630
 8    -0.455    -0.786    -0.417
 8     0.449    -0.608     0.655
 9    87.087   -50.747    23.246
 9    -0.554     0.734    -0.393
 9    -0.411     0.169     0.896
 9     0.724     0.657     0.208
 2    97.059   -18.708    59.782
 2     0.463    -0.886     0.003
 2     0.886     0.462     0.036
 2    -0.034    -0.014     0.999
 3   130.773    -1.662     4.456
 3     0.115    -0.013    -0.993
 3     0.207     0.978     0.011
 3     0.971    -0.208     0.115
 4   119.282    13.988   -13.395
 4     0.178    -0.984     0.016
 4     0.982     0.177    -0.058
 4     0.054     0.026     0.998
 5    98.446    28.087     0.386
 5    -0.575    -0.312     0.757
 5     0.663    -0.719     0.208
 5     0.479     0.621     0.620
 6    93.612    50.242    23.602
 6    -0.386    -0.770    -0.508
 6     0.393     0.361    -0.846
 6     0.834    -0.527     0.163
 7   121.398   -22.614    -9.850
 7    -0.039     0.949    -0.312
 7    -0.971     0.038     0.237
 7     0.237     0.312     0.920
 8    98.324   -30.643     5.916
 8    -0.720     0.088     0.688
 8    -0.446    -0.819    -0.362
 8     0.532    -0.568     0.629
 9    89.335   -49.830    27.508
 9    -0.483     0.783    -0.392
 9    -0.374     0.220     0.901
 9     0.792     0.581     0.186
 2    97.056   -18.709    59.785
 2     0.463    -0.886     0.003
 2     0.886     0.462     0.037
 2    -0.035    -0.014     0.999
 3   130.008    -1.649     4.348
 3     0.151    -0.025    -0.988
 3     0.204     0.979     0.007
 3     0.967    -0.203     0.153
 4   118.012    14.649   -13.091
 4     0.194    -0.980     0.049
 4     0.976     0.188    -0.105
 4     0.094     0.068     0.993
 5    98.237    28.150     2.638
 5    -0.531    -0.290     0.796
 5     0.644    -0.749     0.157
 5     0.551     0.596     0.584
 6    95.292    48.824    27.504
 6    -0.325    -0.793    -0.515
 6     0.346     0.407    -0.845
 6     0.880    -0.453     0.142
 7   120.275   -22.780    -9.759
 7    -0.011     0.959    -0.282
 7    -0.964     0.064     0.256
 7     0.264     0.274     0.924
 8    98.244   -30.569     7.804
 8    -0.669     0.065     0.740
 8    -0.433    -0.844    -0.318
 8     0.604    -0.533     0.593
 9    91.467   -48.670    31.093
 9    -0.413     0.824    -0.386
 9    -0.335     0.256     0.906
 9     0.846     0.504     0.170
 2    97.057   -18.709    59.785
 2     0.463    -0.886     0.004
 2     0.885     0.463     0.037
 2    -0.035    -0.014     0.999
 3   129.126    -1.691     4.085
 3     0.189    -0.034    -0.981
 3     0.199     0.980     0.004
 3     0.961    -0.196     0.192
 4   116.574    15.124   -12.682
 4     0.212    -0.974     0.079
 4     0.969     0.200    -0.144
 4     0.124     0.107     0.986
 5    97.856    27.978     4.554
 5    -0.488    -0.269     0.830
 5     0.622    -0.774     0.115
 5     0.612     0.572     0.546
 6    96.566    47.348    30.651
 6    -0.271    -0.812    -0.517
 6     0.302     0.438    -0.846
 6     0.914    -0.386     0.126
 7   119.180   -22.855    -9.713
 7     0.010     0.968    -0.251
 7    -0.959     0.080     0.271
 7     0.282     0.238     0.929
 8    98.154   -30.434     9.324
 8    -0.626     0.041     0.779
