% Calibrated with leiden_pols
% Positions are in centimeters
Data =[
 2    97.164   -18.774    59.733
 2     0.521    -0.853     0.004
 2     0.852     0.521     0.035
 2    -0.032    -0.015     0.999
 3   124.081    -2.597     1.467
 3     0.464    -0.120    -0.878
 3     0.178     0.983    -0.040
 3     0.867    -0.138     0.477
 4   107.775    16.750    -8.533
 4     0.370    -0.884     0.285
 4     0.919     0.304    -0.250
 4     0.134     0.354     0.925
 5   110.723    21.001    21.867
 5     0.387    -0.089     0.918
 5     0.204    -0.962    -0.179
 5     0.899     0.257    -0.354
 6   129.121    24.589    46.276
 6     0.495    -0.719    -0.487
 6    -0.130     0.493    -0.860
 6     0.859     0.489     0.151
 7   111.265   -24.375    -7.576
 7     0.228     0.973     0.023
 7    -0.927     0.210     0.310
 7     0.297    -0.092     0.950
 8   111.258   -25.381    22.698
 8     0.206    -0.109     0.972
 8    -0.145    -0.986    -0.079
 8     0.968    -0.125    -0.219
 9   126.954   -31.759    48.284
 9     0.438     0.844    -0.307
 9     0.047     0.319     0.946
 9     0.897    -0.430     0.100
 2    97.165   -18.774    59.733
 2     0.522    -0.853     0.004
 2     0.852     0.521     0.035
 2    -0.032    -0.015     0.999
 3   124.087    -2.647     1.487
 3     0.464    -0.117    -0.878
 3     0.178     0.983    -0.037
 3     0.868    -0.139     0.476
 4   107.775    16.725    -8.558
 4     0.371    -0.884     0.284
 4     0.918     0.305    -0.251
 4     0.134     0.354     0.925
 5   110.697    21.052    21.919
 5     0.387    -0.089     0.918
 5     0.205    -0.962    -0.180
 5     0.899     0.258    -0.354
 6   129.121    24.589    46.276
 6     0.495    -0.719    -0.489
 6    -0.131     0.494    -0.859
 6     0.859     0.489     0.151
 7   111.107   -24.423    -7.464
 7     0.222     0.974     0.026
 7    -0.927     0.203     0.317
 7     0.303    -0.095     0.948
 8   111.257   -25.410    22.802
 8     0.204    -0.108     0.973
 8    -0.146    -0.986    -0.079
 8     0.968    -0.126    -0.218
 9   126.958   -31.808    48.277
 9     0.438     0.844    -0.310
 9     0.047     0.322     0.945
 9     0.898    -0.429     0.101
 2    97.115   -18.724    59.733
 2     0.522    -0.853     0.004
 2     0.852     0.521     0.035
 2    -0.032    -0.015     0.999
 3   124.038    -2.648     1.539
 3     0.464    -0.115    -0.878
 3     0.177     0.983    -0.035
 3     0.868    -0.140     0.476
 4   107.753    16.725    -8.536
 4     0.372    -0.884     0.284
 4     0.918     0.306    -0.251
 4     0.135     0.354     0.925
 5   110.723    21.052    21.868
 5     0.386    -0.090     0.918
 5     0.205    -0.962    -0.180
 5     0.899     0.258    -0.353
 6   129.071    24.588    46.352
 6     0.494    -0.719    -0.490
 6    -0.132     0.495    -0.859
 6     0.859     0.488     0.150
 7   111.107   -24.423    -7.464
 7     0.222     0.974     0.026
 7    -0.926     0.203     0.317
 7     0.303    -0.095     0.948
 8   111.204   -25.412    22.828
 8     0.203    -0.105     0.973
 8    -0.146    -0.986    -0.076
 8     0.968    -0.127    -0.216
 9   126.906   -31.808    48.276
 9     0.438     0.843    -0.313
 9     0.048     0.326     0.944
 9     0.898    -0.429     0.102
 2    97.165   -18.774    59.733
 2     0.522    -0.853     0.004
 2     0.852     0.521     0.035
 2    -0.032    -0.015     0.999
 3   124.038    -2.647     1.538
 3     0.464    -0.115    -0.879
 3     0.178     0.983    -0.035
 3     0.868    -0.140     0.476
 4   107.778    16.751    -8.535
 4     0.372    -0.884     0.284
 4     0.918     0.306    -0.251
 4     0.135     0.354     0.925
 5   110.697    21.103    21.919
 5     0.386    -0.090     0.918
 5     0.205    -0.962    -0.181
 5     0.899     0.258    -0.353
 6   129.071    24.587    46.352
 6     0.494    -0.718    -0.491
 6    -0.133     0.495    -0.858
 6     0.859     0.489     0.149
 7   111.106   -24.423    -7.465
 7     0.222     0.974     0.025
 7    -0.926     0.203     0.317
 7     0.303    -0.094     0.948
 8   111.204   -25.412    22.802
 8     0.203    -0.104     0.973
 8    -0.146    -0.986    -0.075
 8     0.968    -0.127    -0.216
 9   126.880   -31.706    48.326
 9     0.437     0.842    -0.316
 9     0.049     0.328     0.943
 9     0.898    -0.427     0.102
 2    97.165   -18.723    59.733
 2     0.522    -0.853     0.004
 2     0.852     0.521     0.035
 2    -0.032    -0.015     0.999
 3   123.988    -2.647     1.538
 3     0.463    -0.115    -0.879
 3     0.177     0.983    -0.035
 3     0.868    -0.140     0.476
 4   107.753    16.751    -8.535
 4     0.372    -0.884     0.284
 4     0.918     0.305    -0.251
 4     0.135     0.354     0.925
 5   110.647    21.104    21.918
 5     0.387    -0.090     0.918
 5     0.206    -0.962    -0.181
 5     0.899     0.258    -0.354
 6   129.121    24.587    46.326
 6     0.494    -0.717    -0.491
 6    -0.133     0.496    -0.858
 6     0.859     0.490     0.149
 7   111.156   -24.372    -7.465
 7     0.223     0.974     0.024
 7    -0.926     0.204     0.316
 7     0.303    -0.094     0.948
 8   111.177   -25.387    22.802
 8     0.203    -0.102     0.974
 8    -0.146    -0.986    -0.073
 8     0.968    -0.128    -0.216
 9   126.880   -31.629    48.326
 9     0.436     0.841    -0.318
 9     0.050     0.330     0.942
 9     0.898    -0.427     0.102
 2    97.165   -18.723    59.733
 2     0.522    -0.853     0.004
 2     0.852     0.521     0.035
 2    -0.032    -0.015     0.999
 3   123.988    -2.597     1.538
 3     0.463    -0.115    -0.879
 3     0.177     0.983    -0.035
 3     0.868    -0.140     0.476
 4   107.780    16.752    -8.488
 4     0.372    -0.884     0.284
 4     0.918     0.305    -0.252
 4     0.136     0.355     0.925
 5   110.697    21.154    21.920
 5     0.387    -0.089     0.917
 5     0.206    -0.962    -0.180
 5     0.899     0.259    -0.354
 6   129.121    24.587    46.352
 6     0.494    -0.717    -0.491
 6    -0.133     0.496    -0.858
 6     0.859     0.489     0.149
 7   111.156   -24.372    -7.465
 7     0.223     0.974     0.025
 7    -0.927     0.204     0.316
 7     0.303    -0.094     0.948
 8   111.252   -25.413    22.802
 8     0.204    -0.100     0.974
 8    -0.147    -0.987    -0.071
 8     0.968    -0.128    -0.216
 9   126.905   -31.629    48.275
 9     0.436     0.841    -0.320
 9     0.050     0.332     0.942
 9     0.898    -0.427     0.102
 2    97.165   -18.774    59.733
 2     0.522    -0.853     0.004
 2     0.852     0.521     0.035
 2    -0.032    -0.015     0.999
 3   123.982    -2.548     1.543
 3     0.466    -0.118    -0.877
 3     0.177     0.983    -0.038
 3     0.867    -0.138     0.479
 4   107.756    16.804    -8.491
 4     0.370    -0.884     0.286
 4     0.919     0.303    -0.253
 4     0.137     0.356     0.924
 5   110.640    21.102    21.924
 5     0.387    -0.089     0.917
 5     0.206    -0.962    -0.180
 5     0.898     0.258    -0.355
 6   129.072    24.536    46.327
 6     0.494    -0.716    -0.493
 6    -0.134     0.497    -0.857
 6     0.859     0.490     0.150
 7   111.204   -24.372    -7.462
 7     0.224     0.974     0.024
 7    -0.926     0.205     0.315
 7     0.302    -0.094     0.948
 8   111.241   -25.414    22.815
 8     0.205    -0.097     0.974
 8    -0.146    -0.987    -0.067
 8     0.967    -0.129    -0.217
 9   126.954   -31.629    48.275
 9     0.437     0.839    -0.322
 9     0.051     0.334     0.941
 9     0.898    -0.428     0.103
 2    97.114   -18.774    59.733
 2     0.522    -0.853     0.004
 2     0.852     0.522     0.035
 2    -0.032    -0.015     0.999
 3   123.982    -2.547     1.594
 3     0.466    -0.119    -0.877
 3     0.178     0.983    -0.040
 3     0.867    -0.138     0.479
 4   107.707    16.805    -8.495
 4     0.369    -0.884     0.286
 4     0.919     0.302    -0.254
 4     0.138     0.357     0.924
 5   110.641    21.101    21.925
 5     0.388    -0.088     0.917
 5     0.206    -0.962    -0.179
 5     0.898     0.259    -0.355
