% Calibrated with leiden_pols
% Positions are in centimeters
Data =[
 2    96.294   -22.657    59.954
 2     0.185    -0.980     0.069
 2     0.964     0.194     0.182
 2    -0.192     0.033     0.981
 3   132.308    -2.913     5.421
 3     0.342     0.173    -0.923
 3     0.155     0.959     0.237
 3     0.927    -0.224     0.301
 4   115.338    14.177    -6.099
 4     0.553    -0.816     0.166
 4     0.807     0.477    -0.347
 4     0.204     0.325     0.923
 5   114.523    20.721    20.283
 5     0.175    -0.209     0.962
 5     0.174    -0.955    -0.239
 5     0.969     0.209    -0.132
 6   126.771    26.644    46.385
 6     0.337    -0.895    -0.293
 6    -0.019     0.305    -0.952
 6     0.941     0.326     0.086
 7   119.827   -26.176    -5.865
 7     0.642     0.766     0.028
 7    -0.700     0.572     0.426
 7     0.310    -0.294     0.904
 8   115.601   -29.825    19.527
 8     0.187     0.497     0.847
 8    -0.104    -0.847     0.521
 8     0.977    -0.185    -0.107
 9   127.524   -33.647    45.549
 9     0.283     0.891    -0.354
 9     0.021     0.363     0.931
 9     0.959    -0.272     0.084
 2    96.244   -22.708    59.954
 2     0.185    -0.980     0.069
 2     0.964     0.195     0.182
 2    -0.192     0.033     0.981
 3   132.308    -2.889     5.421
 3     0.343     0.172    -0.923
 3     0.154     0.959     0.236
 3     0.927    -0.223     0.302
 4   115.474    14.282    -6.114
 4     0.553    -0.817     0.163
 4     0.806     0.476    -0.352
 4     0.209     0.326     0.922
 5   114.311    20.773    20.143
 5     0.168    -0.197     0.966
 5     0.194    -0.954    -0.228
 5     0.966     0.226    -0.123
 6   126.374    27.799    46.243
 6     0.332    -0.912    -0.239
 6     0.019     0.260    -0.965
 6     0.943     0.316     0.104
 7   119.754   -26.060    -5.929
 7     0.642     0.765     0.040
 7    -0.706     0.570     0.421
 7     0.299    -0.299     0.906
 8   115.420   -30.043    19.357
 8     0.193     0.445     0.874
 8    -0.159    -0.865     0.475
 8     0.968    -0.231    -0.096
 9   127.191   -36.167    44.725
 9     0.295     0.922    -0.250
 9    -0.051     0.276     0.959
 9     0.954    -0.270     0.128
 2    96.242   -22.658    59.906
 2     0.185    -0.980     0.069
 2     0.964     0.194     0.182
 2    -0.193     0.033     0.981
 3   132.302    -2.891     5.352
 3     0.344     0.170    -0.923
 3     0.153     0.960     0.234
 3     0.926    -0.223     0.304
 4   115.477    14.285    -6.121
 4     0.551    -0.818     0.166
 4     0.807     0.472    -0.354
 4     0.211     0.329     0.920
 5   113.926    20.950    20.084
 5     0.165    -0.148     0.975
 5     0.230    -0.956    -0.184
 5     0.959     0.255    -0.124
 6   125.832    29.067    46.033
 6     0.331    -0.921    -0.204
 6     0.054     0.234    -0.971
 6     0.942     0.310     0.127
 7   119.727   -25.918    -5.957
 7     0.645     0.761     0.060
 7    -0.708     0.567     0.420
 7     0.285    -0.314     0.905
 8   115.034   -30.387    19.142
 8     0.194     0.363     0.911
 8    -0.225    -0.888     0.401
 8     0.955    -0.283    -0.091
 9   126.595   -38.771    43.828
 9     0.304     0.942    -0.142
 9    -0.127     0.188     0.974
 9     0.944    -0.278     0.176
 2    96.194   -22.708    59.954
 2     0.185    -0.980     0.069
 2     0.964     0.195     0.182
 2    -0.192     0.033     0.981
 3   132.274    -2.842     5.248
 3     0.346     0.165    -0.923
 3     0.152     0.961     0.229
 3     0.926    -0.220     0.307
 4   115.228    14.340    -6.161
 4     0.545    -0.820     0.175
 4     0.811     0.462    -0.360
 4     0.214     0.338     0.916
 5   113.582    21.028    19.973
 5     0.159    -0.101     0.982
 5     0.258    -0.956    -0.140
 5     0.953     0.276    -0.127
 6   125.332    30.431    45.551
 6     0.329    -0.925    -0.188
 6     0.093     0.230    -0.969
 6     0.939     0.302     0.162
 7   119.590   -25.873    -6.054
 7     0.646     0.760     0.076
 7    -0.711     0.562     0.422
 7     0.277    -0.327     0.903
 8   114.695   -30.600    19.089
 8     0.190     0.306     0.933
 8    -0.273    -0.896     0.349
 8     0.943    -0.321    -0.087
 9   125.900   -40.664    43.020
 9     0.306     0.949    -0.071
 9    -0.182     0.131     0.974
 9     0.934    -0.285     0.213
 2    96.242   -22.658    59.957
 2     0.185    -0.980     0.069
 2     0.964     0.194     0.182
 2    -0.193     0.033     0.981
 3   132.265    -2.666     5.255
 3     0.347     0.158    -0.924
 3     0.152     0.963     0.222
 3     0.925    -0.218     0.310
 4   115.104    14.420    -6.143
 4     0.538    -0.823     0.179
 4     0.814     0.454    -0.362
 4     0.216     0.341     0.915
 5   113.179    21.127    20.056
 5     0.156    -0.027     0.987
 5     0.292    -0.954    -0.072
 5     0.943     0.299    -0.141
 6   124.599    32.123    45.213
 6     0.330    -0.933    -0.144
 6     0.141     0.199    -0.970
 6     0.933     0.299     0.197
 7   119.471   -25.797    -6.050
 7     0.644     0.759     0.087
 7    -0.713     0.556     0.428
 7     0.277    -0.338     0.899
 8   114.216   -30.830    18.943
 8     0.182     0.255     0.949
 8    -0.316    -0.899     0.302
 8     0.931    -0.355    -0.083
 9   125.065   -42.320    42.451
 9     0.301     0.953    -0.011
 9    -0.231     0.084     0.969
 9     0.925    -0.289     0.245
 2    96.242   -22.658    59.957
 2     0.185    -0.980     0.069
 2     0.964     0.194     0.182
 2    -0.193     0.033     0.981
 3   132.163    -2.565     5.228
 3     0.348     0.151    -0.925
 3     0.152     0.964     0.215
 3     0.925    -0.216     0.312
 4   114.823    14.370    -6.143
 4     0.532    -0.826     0.186
 4     0.819     0.446    -0.361
 4     0.215     0.344     0.913
 5   113.011    21.371    20.069
 5     0.159     0.049     0.986
 5     0.331    -0.944    -0.007
 5     0.930     0.327    -0.167
 6   124.432    33.744    44.435
 6     0.342    -0.933    -0.109
 6     0.185     0.181    -0.966
 6     0.921     0.310     0.235
 7   119.298   -25.747    -6.048
 7     0.643     0.760     0.092
 7    -0.714     0.552     0.431
 7     0.277    -0.343     0.897
 8   113.906   -31.181    18.852
 8     0.176     0.215     0.961
 8    -0.357    -0.896     0.266
 8     0.917    -0.390    -0.081
 9   124.265   -44.128    41.724
 9     0.295     0.954     0.042
 9    -0.279     0.043     0.959
 9     0.913    -0.296     0.279
 2    96.242   -22.658    59.906
 2     0.185    -0.980     0.069
 2     0.964     0.194     0.182
 2    -0.193     0.033     0.981
 3   132.087    -2.566     5.176
 3     0.349     0.150    -0.925
 3     0.152     0.965     0.214
 3     0.925    -0.215     0.313
 4   114.636    14.292    -6.210
 4     0.529    -0.826     0.192
 4     0.822     0.443    -0.359
 4     0.211     0.348     0.913
 5   112.872    21.631    19.952
 5     0.167     0.121     0.978
 5     0.375    -0.926     0.051
 5     0.912     0.358    -0.201
 6   123.955    35.973    43.634
 6     0.349    -0.936    -0.054
 6     0.245     0.146    -0.958
 6     0.904     0.321     0.280
 7   119.126   -25.748    -6.096
 7     0.641     0.761     0.098
 7    -0.716     0.547     0.434
 7     0.277    -0.348     0.895
 8   113.338   -31.463    18.812
 8     0.163     0.155     0.974
 8    -0.406    -0.889     0.209
 8     0.899    -0.430    -0.082
 9   123.226   -45.839    40.818
 9     0.289     0.951     0.105
 9    -0.334    -0.003     0.943
 9     0.897    -0.308     0.316
 2    96.245   -22.708    59.903
 2     0.185    -0.980     0.069
 2     0.964     0.195     0.182
 2    -0.192     0.033     0.981
 3   132.037    -2.565     5.176
 3     0.348     0.150    -0.925
 3     0.153     0.964     0.214
 3     0.925    -0.217     0.313
 4   114.451    14.187    -6.199
 4     0.528    -0.827     0.196
 4     0.824     0.441    -0.356
 4     0.207     0.349     0.914
 5   112.721    22.018    19.834
 5     0.166     0.180     0.969
 5     0.415    -0.905     0.096
 5     0.894     0.386    -0.225
 6   123.583    37.614    42.528
 6     0.353    -0.935    -0.020
 6     0.292     0.130    -0.947
 6     0.889     0.329     0.319
 7   118.978   -25.674    -6.095
 7     0.638     0.763     0.100
 7    -0.718     0.544     0.434
 7     0.277    -0.349     0.895
 8   112.886   -31.995    18.599
 8     0.151     0.107     0.983
 8    -0.453    -0.876     0.165
 8     0.878    -0.470    -0.083
 9   122.202   -47.803    39.787
 9     0.278     0.948     0.155
 9    -0.388    -0.037     0.921
 9     0.879    -0.316     0.358
 2    96.245   -22.708    59.903
 2     0.185    -0.980     0.069
 2     0.964     0.195     0.182
 2    -0.192     0.033     0.981
 3   131.937    -2.538     5.176
 3     0.347     0.149    -0.926
 3     0.155     0.964     0.214
 3     0.925    -0.218     0.312
 4   114.257    14.106    -6.282
 4     0.525    -0.826     0.202
 4     0.827     0.440    -0.350
 4     0.200     0.351     0.914
 5   112.502    22.358    19.802
 5     0.163     0.243     0.956
 5     0.453    -0.879     0.146
 5     0.876     0.410    -0.254
 6   123.007    39.381    41.803
 6     0.350    -0.937     0.013
 6     0.340     0.113    -0.933
 6     0.873     0.331     0.358
 7   118.751   -25.635    -6.056
 7     0.637     0.763     0.108
 7    -0.723     0.544     0.425
 7     0.265    -0.349     0.898
 8   112.456   -32.623    18.332
 8     0.142     0.075     0.987
 8    -0.498    -0.856     0.136
 8     0.855    -0.511    -0.084
 9   121.523   -49.504    38.628
 9     0.272     0.945     0.180
 9    -0.434    -0.047     0.899
 9     0.859    -0.323     0.398
 2    96.194   -22.708    59.954
 2     0.185    -0.980     0.069
 2     0.964     0.195     0.182
 2    -0.192     0.033     0.981
 3   131.863    -2.563     5.177
 3     0.346     0.149    -0.926
 3     0.156     0.964     0.213
 3     0.925    -0.219     0.310
 4   114.068    14.000    -6.291
 4     0.524    -0.826     0.207
 4     0.829     0.439    -0.345
 4     0.194     0.352     0.915
 5   112.343    22.646    19.612
 5     0.160     0.296     0.942
 5     0.488    -0.853     0.185
 5     0.858     0.430    -0.281
 6   122.392    40.786    40.702
 6     0.351    -0.934     0.059
 6     0.384     0.086    -0.919
 6     0.853     0.346     0.389
 7   118.578   -25.593    -6.075
 7     0.639     0.760     0.114
 7    -0.726     0.547     0.417
 7     0.255    -0.350     0.901
 8   112.344   -33.318    18.057
 8     0.144     0.035     0.989
 8    -0.545    -0.831     0.109
 8     0.826    -0.555    -0.101
 9   121.227   -51.382    37.374
 9     0.272     0.938     0.214
 9    -0.483    -0.059     0.874
 9     0.832    -0.341     0.437
 2    96.244   -22.657    59.954
 2     0.185    -0.980     0.069
 2     0.964     0.195     0.182
 2    -0.192     0.033     0.981
 3   131.812    -2.561     5.228
 3     0.345     0.147    -0.927
 3     0.158     0.964     0.212
 3     0.925    -0.220     0.309
 4   113.825    13.918    -6.425
 4     0.522    -0.826     0.214
 4     0.832     0.438    -0.340
 4     0.187     0.355     0.916
 5   112.021    23.332    19.472
 5     0.153     0.334     0.930
 5     0.527    -0.824     0.209
 5     0.836     0.458    -0.302
 6   121.892    42.472    39.715
 6     0.344    -0.937     0.053
 6     0.422     0.104    -0.901
 6     0.838     0.333     0.431
 7   118.333   -25.430    -6.145
 7     0.645     0.754     0.123
 7    -0.727     0.556     0.404
 7     0.236    -0.350     0.906
 8   112.377   -33.931    17.818
 8     0.154    -0.008     0.988
 8    -0.590    -0.803     0.085
 8     0.792    -0.596    -0.129
 9   121.192   -53.309    35.790
 9     0.280     0.926     0.252
 9    -0.534    -0.068     0.843
 9     0.798    -0.371     0.475
 2    96.245   -22.657    59.904
 2     0.185    -0.980     0.069
 2     0.964     0.195     0.182
 2    -0.192     0.033     0.981
 3   131.729    -2.536     5.184
 3     0.345     0.142    -0.928
 3     0.160     0.965     0.207
 3     0.924    -0.220     0.310
 4   113.624    13.808    -6.348
 4     0.522    -0.823     0.223
 4     0.834     0.438    -0.335
 4     0.177     0.361     0.915
 5   111.941    24.059    19.128
 5     0.155     0.381     0.911
 5     0.572    -0.787     0.232
 5     0.805     0.485    -0.340
 6   121.399    44.550    38.120
 6     0.346    -0.934     0.088
 6     0.476     0.093    -0.875
 6     0.809     0.344     0.477
 7   118.200   -25.314    -6.256
 7     0.649     0.749     0.128
 7    -0.727     0.563     0.392
 7     0.222    -0.349     0.911
 8   112.390   -34.594    17.468
 8     0.162    -0.048     0.985
 8    -0.632    -0.772     0.067
 8     0.757    -0.634    -0.156
 9   120.765   -54.464    34.711
 9     0.283     0.919     0.275
 9    -0.571    -0.069     0.818
 9     0.771    -0.388     0.505
 2    96.244   -22.657    59.954
 2     0.185    -0.980     0.069
 2     0.964     0.194     0.182
 2    -0.192     0.033     0.981
 3   131.684    -2.432     5.252
 3     0.344     0.135    -0.929
 3     0.162     0.966     0.200
 3     0.925    -0.220     0.310
 4   113.460    13.769    -6.432
 4     0.523    -0.819     0.235
 4     0.836     0.441    -0.325
 4     0.161     0.367     0.916
 5   111.891    24.913    18.750
 5     0.156     0.425     0.891
 5     0.615    -0.748     0.248
 5     0.773     0.509    -0.379
 6   121.098    46.700    36.530
 6     0.347    -0.930     0.120
 6     0.526     0.087    -0.846
 6     0.776     0.357     0.519
 7   118.068   -25.154    -6.313
 7     0.658     0.739     0.138
 7    -0.726     0.576     0.376
 7     0.198    -0.348     0.916
 8   112.420   -35.204    17.108
 8     0.166    -0.072     0.983
 8    -0.666    -0.744     0.059
 8     0.727    -0.665    -0.172
 9   121.202   -56.337    32.811
 9     0.290     0.912     0.290
 9    -0.615    -0.054     0.786
 9     0.733    -0.407     0.545
 2    96.242   -22.658    59.957
 2     0.185    -0.980     0.069
 2     0.964     0.194     0.182
 2    -0.193     0.033     0.981
 3   131.626    -2.432     5.234
 3     0.344     0.130    -0.930
 3     0.164     0.967     0.196
 3     0.924    -0.220     0.311
 4   113.304    13.708    -6.497
 4     0.523    -0.817     0.243
 4     0.839     0.444    -0.314
 4     0.148     0.368     0.917
 5   111.856    25.517    18.320
 5     0.161     0.450     0.878
 5     0.645    -0.722     0.251
 5     0.747     0.526    -0.406
 6   121.095    47.815    35.101
 6     0.354    -0.925     0.136
 6     0.558     0.092    -0.825
 6     0.750     0.367     0.549
 7   117.891   -25.062    -6.358
 7     0.661     0.736     0.141
 7    -0.726     0.582     0.366
 7     0.187    -0.345     0.920
 8   112.436   -35.893    16.671
 8     0.173    -0.102     0.979
 8    -0.703    -0.709     0.050
 8     0.690    -0.697    -0.195
 9   121.190   -57.796    31.213
 9     0.296     0.903     0.312
 9    -0.650    -0.049     0.758
 9     0.699    -0.427     0.573
 2    96.242   -22.658    59.906
 2     0.185    -0.980     0.069
 2     0.964     0.194     0.182
 2    -0.193     0.033     0.981
 3   131.576    -2.481     5.234
 3     0.343     0.128    -0.931
 3     0.166     0.967     0.194
 3     0.924    -0.222     0.310
 4   113.115    13.566    -6.628
 4     0.526    -0.812     0.254
 4     0.840     0.450    -0.303
 4     0.131     0.372     0.918
 5   111.846    25.803    18.076
 5     0.163     0.456     0.875
 5     0.661    -0.709     0.246
 5     0.732     0.538    -0.418
 6   121.034    48.737    34.135
 6     0.355    -0.925     0.136
 6     0.578     0.103    -0.809
 6     0.734     0.366     0.572
 7   117.770   -25.079    -6.480
 7     0.663     0.733     0.148
 7    -0.729     0.589     0.348
 7     0.168    -0.339     0.926
 8   112.447   -36.628    16.229
 8     0.177    -0.128     0.976
 8    -0.732    -0.680     0.044
 8     0.658    -0.722    -0.214
 9   121.170   -59.096    29.748
 9     0.302     0.893     0.333
 9    -0.680    -0.043     0.732
 9     0.668    -0.448     0.594
 2    96.242   -22.658    59.906
 2     0.185    -0.980     0.069
 2     0.964     0.194     0.182
 2    -0.193     0.033     0.980
 3   131.575    -2.531     5.183
 3     0.343     0.127    -0.931
 3     0.167     0.966     0.193
 3     0.924    -0.222     0.310
 4   113.076    13.458    -6.687
 4     0.528    -0.809     0.257
 4     0.840     0.453    -0.299
 4     0.125     0.374     0.919
 5   111.708    26.018    17.814
 5     0.164     0.456     0.874
 5     0.672    -0.701     0.240
 5     0.722     0.548    -0.422
 6   121.013    49.084    33.512
 6     0.356    -0.926     0.125
 6     0.587     0.118    -0.801
 6     0.727     0.358     0.586
 7   117.560   -25.067    -6.613
 7     0.663     0.732     0.154
 7    -0.732     0.593     0.334
 7     0.153    -0.335     0.930
 8   112.315   -36.867    15.977
 8     0.175    -0.140     0.974
 8    -0.743    -0.668     0.037
 8     0.646    -0.731    -0.221
 9   120.901   -59.646    28.975
 9     0.301     0.887     0.348
 9    -0.695    -0.046     0.718
 9     0.653    -0.458     0.603
 2    96.242   -22.709    59.906
 2     0.184    -0.980     0.070
 2     0.964     0.194     0.182
 2    -0.193     0.033     0.981
 3   131.550    -2.531     5.183
 3     0.343     0.125    -0.931
 3     0.168     0.967     0.192
 3     0.924    -0.223     0.311
 4   112.964    13.327    -6.725
 4     0.529    -0.807     0.262
 4     0.840     0.454    -0.296
 4     0.120     0.377     0.918
 5   111.480    26.138    17.642
 5     0.158     0.460     0.873
 5     0.681    -0.691     0.241
 5     0.715     0.557    -0.423
 6   120.592    49.486    33.128
 6     0.351    -0.928     0.126
 6     0.596     0.117    -0.794
 6     0.722     0.354     0.594
 7   117.499   -25.021    -6.598
 7     0.663     0.731     0.157
 7    -0.733     0.594     0.330
 7     0.148    -0.335     0.930
 8   111.938   -36.774    15.838
 8     0.164    -0.151     0.975
 8    -0.747    -0.664     0.023
 8     0.644    -0.732    -0.221
 9   120.192   -59.860    28.813
 9     0.290     0.887     0.357
 9    -0.703    -0.056     0.709
 9     0.650    -0.457     0.607
 2    96.192   -22.658    59.957
 2     0.185    -0.980     0.069
 2     0.964     0.194     0.182
 2    -0.193     0.033     0.981
 3   131.486    -2.533     5.147
 3     0.345     0.119    -0.931
 3     0.170     0.967     0.187
 3     0.922    -0.224     0.314
 4   112.716    13.192    -6.748
 4     0.526    -0.807     0.267
 4     0.843     0.455    -0.287
 4     0.110     0.376     0.920
 5   110.870    26.404    17.312
 5     0.145     0.450     0.881
 5     0.693    -0.682     0.234
 5     0.706     0.576    -0.411
 6   119.837    49.841    32.666
 6     0.338    -0.935     0.109
 6     0.606     0.128    -0.785
 6     0.720     0.331     0.609
 7   117.321   -25.024    -6.641
 7     0.661     0.733     0.161
 7    -0.736     0.591     0.330
 7     0.146    -0.337     0.930
 8   111.611   -36.571    15.987
 8     0.152    -0.151     0.977
 8    -0.743    -0.669     0.012
 8     0.652    -0.727    -0.214
 9   119.552   -59.687    29.043
 9     0.276     0.896     0.346
 9    -0.702    -0.058     0.710
 9     0.656    -0.439     0.613
 2    96.192   -22.658    59.957
 2     0.185    -0.980     0.069
 2     0.964     0.194     0.182
 2    -0.193     0.033     0.981
 3   131.353    -2.561     5.026
 3     0.350     0.114    -0.930
 3     0.172     0.968     0.183
 3     0.921    -0.224     0.319
 4   112.450    13.188    -6.783
 4     0.522    -0.808     0.273
 4     0.846     0.452    -0.282
 4     0.104     0.378     0.920
 5   110.591    26.429    17.217
 5     0.141     0.448     0.882
 5     0.695    -0.680     0.234
 5     0.705     0.580    -0.408
 6   119.581    50.018    32.543
 6     0.336    -0.935     0.111
 6     0.609     0.125    -0.784
 6     0.719     0.331     0.611
 7   117.195   -25.076    -6.636
 7     0.660     0.733     0.165
 7    -0.737     0.589     0.331
 7     0.145    -0.340     0.929
 8   111.563   -36.571    15.983
 8     0.151    -0.150     0.977
 8    -0.742    -0.671     0.012
 8     0.653    -0.726    -0.213
 9   119.305   -58.380    29.498
 9     0.282     0.916     0.286
 9    -0.685    -0.016     0.728
 9     0.671    -0.402     0.623
 2    96.244   -22.657    59.954
 2     0.185    -0.980     0.069
 2     0.964     0.195     0.182
 2    -0.192     0.033     0.981
 3   131.289    -2.540     4.939
 3     0.354     0.110    -0.928
 3     0.172     0.968     0.181
 3     0.919    -0.224     0.324
 4   112.171    13.088    -6.736
 4     0.517    -0.809     0.280
 4     0.850     0.445    -0.283
 4     0.104     0.384     0.917
 5   111.066    25.446    18.008
 5     0.151     0.522     0.839
 5     0.682    -0.670     0.293
 5     0.715     0.528    -0.458
 6   118.365    49.178    34.083
 6     0.353    -0.808     0.472
 6     0.640    -0.159    -0.751
 6     0.682     0.568     0.461
 7   117.050   -25.099    -6.563
 7     0.662     0.730     0.167
 7    -0.734     0.590     0.335
 7     0.146    -0.345     0.927
 8   111.824   -36.560    16.194
 8     0.162    -0.150     0.975
 8    -0.737    -0.675     0.018
 8     0.656    -0.722    -0.220
 9   120.195   -59.172    30.344
 9     0.292     0.872     0.392
 9    -0.683    -0.096     0.724
 9     0.669    -0.479     0.568
 2    96.242   -22.658    59.957
 2     0.185    -0.980     0.069
 2     0.964     0.194     0.182
 2    -0.193     0.033     0.980
 3   131.228    -2.494     4.878
 3     0.359     0.111    -0.927
 3     0.172     0.968     0.183
 3     0.917    -0.226     0.328
 4   112.107    13.094    -6.705
 4     0.515    -0.809     0.283
 4     0.850     0.440    -0.291
 4     0.110     0.390     0.914
 5   111.859    24.640    18.601
 5     0.161     0.593     0.788
 5     0.671    -0.652     0.353
 5     0.723     0.472    -0.504
 6   117.111    48.000    35.776
 6     0.339    -0.514     0.788
 6     0.694    -0.428    -0.578
 6     0.635     0.743     0.211
 7   116.984   -25.095    -6.566
 7     0.664     0.726     0.174
 7    -0.732     0.587     0.345
 7     0.148    -0.357     0.922
 8   113.124   -35.185    18.164
 8     0.166    -0.341     0.925
 8    -0.751    -0.652    -0.105
 8     0.639    -0.677    -0.365
 9   118.510   -58.886    32.495
 9     0.302     0.269     0.914
 9    -0.754    -0.520     0.402
 9     0.583    -0.811     0.046
 2    96.242   -22.658    59.906
 2     0.185    -0.980     0.069
 2     0.964     0.194     0.182
 2    -0.193     0.033     0.981
 3   131.261    -2.499     4.851
 3     0.365     0.115    -0.924
 3     0.175     0.966     0.189
 3     0.914    -0.231     0.332
 4   112.005    13.045    -6.705
 4     0.509    -0.813     0.284
 4     0.854     0.434    -0.287
 4     0.110     0.388     0.915
 5   113.097    23.517    19.275
 5     0.171     0.708     0.685
 5     0.666    -0.596     0.450
 5     0.726     0.379    -0.573
 6   116.909    46.563    36.684
 6     0.298    -0.130     0.945
 6     0.750    -0.581    -0.317
 6     0.590     0.804    -0.076
 7   116.469   -25.157    -6.629
 7     0.643     0.741     0.192
 7    -0.751     0.562     0.345
 7     0.148    -0.367     0.918
 8   114.434   -34.870    18.745
 8     0.180    -0.513     0.839
 8    -0.766    -0.608    -0.208
 8     0.617    -0.606    -0.502
 9   119.246   -58.415    33.082
 9     0.293    -0.179     0.939
 9    -0.812    -0.564     0.146
 9     0.504    -0.806    -0.311
 2    96.242   -22.658    59.906
 2     0.185    -0.980     0.069
 2     0.964     0.194     0.182
 2    -0.193     0.033     0.981
 3   131.233    -2.687     4.659
 3     0.377     0.118    -0.919
 3     0.175     0.965     0.195
 3     0.909    -0.235     0.343
 4   111.909    12.965    -6.785
 4     0.501    -0.816     0.289
 4     0.859     0.429    -0.277
 4     0.102     0.387     0.916
 5   113.981    23.350    19.164
 5     0.191     0.765     0.614
 5     0.669    -0.560     0.489
 5     0.718     0.318    -0.619
 6   117.461    46.124    36.743
 6     0.280     0.072     0.957
 6     0.775    -0.605    -0.182
 6     0.566     0.793    -0.225
 7   116.045   -25.098    -6.807
 7     0.632     0.745     0.212
 7    -0.763     0.551     0.338
 7     0.134    -0.376     0.917
 8   115.071   -34.409    18.887
 8     0.201    -0.557     0.805
 8    -0.760    -0.608    -0.231
 8     0.618    -0.566    -0.546
 9   120.196   -57.690    33.506
 9     0.291    -0.292     0.911
 9    -0.822    -0.563     0.082
 9     0.489    -0.773    -0.404
 2    96.242   -22.658    59.957
 2     0.185    -0.980     0.069
 2     0.964     0.194     0.182
 2    -0.193     0.033     0.981
 3   131.259    -2.695     4.611
 3     0.386     0.115    -0.915
 3     0.177     0.964     0.195
 3     0.905    -0.237     0.352
 4   111.597    12.804    -6.824
 4     0.489    -0.819     0.300
 4     0.868     0.422    -0.262
 4     0.088     0.389     0.917
 5   114.286    23.396    18.999
 5     0.203     0.790     0.579
 5     0.677    -0.540     0.499
 5     0.707     0.291    -0.645
 6   117.637    46.294    36.170
 6     0.277     0.133     0.951
 6     0.790    -0.595    -0.147
 6     0.546     0.793    -0.271
 7   115.930   -24.928    -6.958
 7     0.631     0.743     0.221
 7    -0.765     0.550     0.334
 7     0.126    -0.381     0.916
 8   115.297   -34.276    18.841
 8     0.210    -0.564     0.798
 8    -0.759    -0.609    -0.231
 8     0.616    -0.558    -0.556
 9   120.463   -57.286    33.593
 9     0.290    -0.317     0.903
 9    -0.828    -0.557     0.070
 9     0.480    -0.768    -0.424
 2    96.244   -22.657    59.954
 2     0.185    -0.980     0.069
 2     0.964     0.194     0.182
 2    -0.192     0.033     0.981
 3   131.263    -2.573     4.452
 3     0.393     0.101    -0.914
 3     0.180     0.966     0.185
 3     0.902    -0.238     0.361
 4   111.307    12.794    -6.887
 4     0.478    -0.821     0.313
 4     0.875     0.415    -0.248
 4     0.073     0.392     0.917
 5   113.971    23.987    18.537
 5     0.196     0.811     0.551
 5     0.701    -0.509     0.499
 5     0.685     0.288    -0.668
 6   116.726    47.618    35.091
 6     0.255     0.175     0.951
 6     0.818    -0.563    -0.116
 6     0.515     0.808    -0.287
 7   115.548   -24.718    -7.083
 7     0.623     0.746     0.236
 7    -0.774     0.545     0.321
 7     0.110    -0.383     0.917
 8   115.332   -34.231    18.636
 8     0.220    -0.583     0.782
 8    -0.771    -0.595    -0.226
 8     0.597    -0.554    -0.581
 9   120.498   -57.656    32.991
 9     0.285    -0.348     0.893
 9    -0.842    -0.537     0.060
 9     0.458    -0.769    -0.446
 2    96.242   -22.658    59.957
 2     0.185    -0.980     0.069
 2     0.964     0.194     0.182
 2    -0.193     0.033     0.981
 3   131.115    -2.475     4.291
 3     0.397     0.082    -0.914
 3     0.184     0.968     0.167
 3     0.899    -0.235     0.369
 4   110.744    12.574    -7.022
 4     0.462    -0.824     0.327
 4     0.885     0.409    -0.221
 4     0.048     0.391     0.919
 5   113.274    24.670    17.966
 5     0.174     0.832     0.527
 5     0.736    -0.466     0.492
 5     0.654     0.302    -0.693
 6   115.200    48.956    33.508
 6     0.229     0.198     0.953
 6     0.848    -0.521    -0.096
 6     0.477     0.830    -0.287
 7   115.142   -24.634    -7.157
 7     0.616     0.746     0.251
 7    -0.781     0.542     0.309
 7     0.094    -0.387     0.917
 8   115.163   -34.649    18.459
 8     0.221    -0.598     0.770
 8    -0.786    -0.578    -0.222
 8     0.578    -0.556    -0.597
 9   120.057   -58.747    31.687
 9     0.274    -0.381     0.883
 9    -0.862    -0.504     0.051
 9     0.426    -0.775    -0.466
 2    96.244   -22.657    59.954
 2     0.185    -0.980     0.069
 2     0.964     0.194     0.182
 2    -0.192     0.033     0.981
 3   130.790    -2.300     4.128
 3     0.401     0.059    -0.914
 3     0.190     0.971     0.146
 3     0.896    -0.232     0.378
 4   110.156    12.329    -7.184
 4     0.446    -0.827     0.343
 4     0.895     0.402    -0.194
 4     0.023     0.393     0.919
 5   112.271    25.578    17.300
 5     0.148     0.850     0.506
 5     0.771    -0.420     0.479
 5     0.620     0.319    -0.717
 6   113.539    50.571    31.578
 6     0.201     0.218     0.955
 6     0.878    -0.473    -0.076
 6     0.435     0.853    -0.287
 7   114.659   -24.472    -7.208
 7     0.614     0.743     0.264
 7    -0.785     0.543     0.297
 7     0.078    -0.390     0.917
 8   114.975   -35.046    18.108
 8     0.224    -0.615     0.756
 8    -0.803    -0.556    -0.214
 8     0.551    -0.560    -0.618
 9   120.047   -59.036    31.285
 9     0.276    -0.389     0.879
 9    -0.870    -0.491     0.056
 9     0.410    -0.780    -0.473
 2    96.192   -22.658    59.957
 2     0.185    -0.980     0.069
 2     0.964     0.194     0.182
 2    -0.193     0.033     0.981
 3   130.594    -2.252     3.992
 3     0.405     0.040    -0.913
 3     0.194     0.972     0.129
 3     0.893    -0.230     0.386
 4   109.685    12.029    -7.416
 4     0.432    -0.826     0.362
 4     0.902     0.397    -0.169
 4    -0.005     0.399     0.917
 5   111.535    26.184    16.643
 5     0.129     0.863     0.489
 5     0.798    -0.384     0.465
 5     0.589     0.330    -0.738
 6   112.335    51.709    29.901
 6     0.182     0.231     0.956
 6     0.898    -0.435    -0.066
 6     0.401     0.870    -0.287
 7   114.263   -24.417    -7.368
 7     0.610     0.741     0.280
 7    -0.791     0.544     0.281
 7     0.056    -0.393     0.918
 8   114.728   -35.650    17.593
 8     0.225    -0.633     0.741
 8    -0.824    -0.530    -0.202
 8     0.520    -0.565    -0.640
 9   119.766   -60.002    29.766
 9     0.273    -0.410     0.870
 9    -0.887    -0.457     0.063
 9     0.372    -0.789    -0.489
 2    96.242   -22.658    59.906
 2     0.185    -0.980     0.069
 2     0.964     0.194     0.182
 2    -0.193     0.033     0.981
 3   130.422    -2.179     3.780
 3     0.410     0.026    -0.911
 3     0.199     0.973     0.117
 3     0.890    -0.229     0.394
 4   109.334    11.885    -7.564
 4     0.426    -0.823     0.374
 4     0.904     0.399    -0.151
 4    -0.026     0.403     0.915
 5   111.181    27.031    15.880
 5     0.122     0.872     0.474
 5     0.826    -0.354     0.438
 5     0.550     0.339    -0.764
 6   111.752    53.035    27.725
 6     0.176     0.243     0.954
 6     0.918    -0.389    -0.071
 6     0.354     0.888    -0.292
 7   113.763   -24.213    -7.471
 7     0.604     0.740     0.295
 7    -0.797     0.545     0.261
 7     0.032    -0.393     0.919
 8   114.687   -36.183    17.031
 8     0.229    -0.651     0.723
 8    -0.847    -0.500    -0.181
 8     0.480    -0.571    -0.666
 9   119.692   -61.100    28.046
 9     0.271    -0.436     0.858
 9    -0.906    -0.417     0.074
 9     0.325    -0.797    -0.508
 2    96.194   -22.708    59.954
 2     0.185    -0.980     0.069
 2     0.964     0.195     0.182
 2    -0.192     0.033     0.981
 3   130.384    -2.030     3.715
 3     0.413     0.017    -0.910
 3     0.201     0.973     0.109
 3     0.888    -0.229     0.399
 4   109.103    11.737    -7.627
 4     0.425    -0.817     0.389
 4     0.903     0.407    -0.133
 4    -0.050     0.408     0.912
 5   110.939    28.092    14.929
 5     0.118     0.880     0.460
 5     0.859    -0.323     0.396
 5     0.497     0.349    -0.794
 6   111.367    54.681    25.145
 6     0.170     0.256     0.951
 6     0.940    -0.333    -0.079
 6     0.296     0.907    -0.298
 7   113.504   -23.783    -7.639
 7     0.599     0.736     0.313
 7    -0.800     0.550     0.239
 7     0.004    -0.394     0.919
 8   114.590   -36.770    16.353
 8     0.229    -0.671     0.705
 8    -0.870    -0.466    -0.161
 8     0.436    -0.577    -0.690
 9   119.570   -62.198    26.072
 9     0.265    -0.463     0.845
 9    -0.923    -0.374     0.085
 9     0.277    -0.803    -0.527
 2    96.194   -22.657    59.954
 2     0.185    -0.980     0.069
 2     0.964     0.194     0.182
 2    -0.192     0.033     0.981
 3   130.316    -1.957     3.555
 3     0.417     0.007    -0.909
 3     0.205     0.973     0.102
 3     0.885    -0.229     0.404
 4   108.857    11.481    -7.797
 4     0.425    -0.810     0.405
 4     0.901     0.419    -0.109
 4    -0.081     0.411     0.908
 5   110.941    29.097    13.829
 5     0.121     0.888     0.442
 5     0.890    -0.295     0.347
 5     0.439     0.352    -0.827
 6   111.420    56.194    22.246
 6     0.172     0.274     0.946
 6     0.957    -0.272    -0.096
 6     0.231     0.922    -0.310
 7   113.217   -23.733    -7.830
 7     0.595     0.733     0.329
 7    -0.803     0.555     0.216
 7    -0.025    -0.393     0.919
 8   114.664   -37.669    15.542
 8     0.230    -0.694     0.682
 8    -0.897    -0.423    -0.129
 8     0.378    -0.582    -0.720
 9   119.515   -63.662    23.614
 9     0.259    -0.495     0.829
 9    -0.942    -0.319     0.104
 9     0.213    -0.808    -0.549
 2    96.194   -22.657    59.954
 2     0.185    -0.980     0.069
 2     0.964     0.194     0.182
 2    -0.192     0.033     0.981
 3   130.253    -1.857     3.465
 3     0.419    -0.001    -0.908
 3     0.209     0.973     0.096
 3     0.883    -0.230     0.408
 4   108.600    11.169    -7.979
 4     0.428    -0.798     0.424
 4     0.896     0.435    -0.085
 4    -0.117     0.416     0.901
 5   111.024    30.024    12.626
 5     0.129     0.894     0.428
 5     0.916    -0.273     0.294
 5     0.380     0.354    -0.854
 6   111.530    57.553    19.118
 6     0.177     0.286     0.941
 6     0.970    -0.212    -0.118
 6     0.166     0.934    -0.316
 7   112.587   -23.473    -7.882
 7     0.592     0.720     0.360
 7    -0.802     0.569     0.180
 7    -0.075    -0.396     0.915
 8   114.747   -38.771    14.330
 8     0.238    -0.724     0.648
 8    -0.921    -0.380    -0.086
 8     0.308    -0.576    -0.757
 9   119.775   -65.051    20.546
 9     0.257    -0.536     0.804
 9    -0.956    -0.261     0.132
 9     0.139    -0.803    -0.580
 2    96.194   -22.657    59.954
 2     0.185    -0.980     0.069
 2     0.964     0.195     0.182
 2    -0.192     0.033     0.981
 3   130.157    -1.964     3.287
 3     0.427    -0.005    -0.904
 3     0.212     0.972     0.095
 3     0.879    -0.233     0.416
 4   108.298    10.881    -8.112
 4     0.433    -0.786     0.442
 4     0.888     0.454    -0.062
 4    -0.152     0.420     0.895
 5   111.171    30.842    11.283
 5     0.144     0.900     0.412
 5     0.938    -0.257     0.232
 5     0.314     0.353    -0.881
 6   112.106    58.601    15.749
 6     0.192     0.306     0.932
 6     0.977    -0.151    -0.152
 6     0.094     0.940    -0.328
 7   112.143   -23.231    -8.128
 7     0.592     0.706     0.389
 7    -0.797     0.584     0.153
 7    -0.120    -0.400     0.908
 8   114.963   -39.516    13.227
 8     0.249    -0.746     0.617
 8    -0.938    -0.345    -0.038
 8     0.241    -0.569    -0.786
 9   119.931   -66.925    17.458
 9     0.246    -0.578     0.777
 9    -0.967    -0.200     0.158
 9     0.063    -0.791    -0.608
 2    96.194   -22.708    59.954
 2     0.185    -0.980     0.069
 2     0.964     0.194     0.182
 2    -0.192     0.033     0.981
 3   129.985    -1.969     3.133
 3     0.432    -0.009    -0.901
 3     0.216     0.972     0.094
 3     0.875    -0.235     0.422
 4   107.962    10.540    -8.187
 4     0.436    -0.771     0.464
 4     0.880     0.474    -0.039
 4    -0.190     0.425     0.885
 5   111.351    31.614     9.900
 5     0.157     0.908     0.389
 5     0.955    -0.239     0.172
 5     0.250     0.344    -0.905
 6   112.413    59.475    12.417
 6     0.199     0.328     0.923
 6     0.979    -0.091    -0.180
 6     0.025     0.940    -0.340
 7   111.815   -23.093    -8.185
 7     0.592     0.688     0.420
 7    -0.788     0.604     0.122
 7    -0.169    -0.403     0.899
 8   115.358   -40.439    11.971
 8     0.255    -0.772     0.582
 8    -0.951    -0.308     0.008
 8     0.173    -0.556    -0.813
 9   120.326   -67.245    14.198
 9     0.249    -0.612     0.750
 9    -0.968    -0.151     0.199
 9    -0.009    -0.776    -0.630
 2    96.194   -22.708    59.954
 2     0.185    -0.980     0.069
 2     0.964     0.195     0.182
 2    -0.192     0.033     0.981
 3   129.840    -2.051     2.877
 3     0.440    -0.013    -0.898
 3     0.219     0.971     0.093
 3     0.871    -0.237     0.430
 4   107.590    10.270    -8.277
 4     0.438    -0.753     0.490
 4     0.868     0.496    -0.015
 4    -0.232     0.432     0.871
 5   111.524    32.305     8.374
 5     0.171     0.916     0.363
 5     0.968    -0.224     0.109
 5     0.181     0.333    -0.925
 6   112.813    60.220     9.040
 6     0.208     0.355     0.911
 6     0.977    -0.031    -0.211
 6    -0.047     0.934    -0.353
 7   111.446   -22.825    -8.379
 7     0.592     0.669     0.449
 7    -0.777     0.622     0.099
 7    -0.214    -0.408     0.888
 8   115.520   -41.155    10.763
 8     0.260    -0.793     0.550
 8    -0.959    -0.279     0.051
 8     0.113    -0.541    -0.833
 9   120.605   -68.072    11.153
 9     0.244    -0.646     0.723
 9    -0.967    -0.103     0.234
 9    -0.076    -0.756    -0.650
 2    96.194   -22.657    59.954
 2     0.185    -0.980     0.069
 2     0.964     0.195     0.182
 2    -0.192     0.033     0.981
 3   129.689    -1.983     2.678
 3     0.448    -0.020    -0.894
 3     0.222     0.970     0.090
 3     0.866    -0.239     0.439
 4   107.232    10.007    -8.337
 4     0.438    -0.736     0.516
 4     0.858     0.513     0.004
 4    -0.267     0.441     0.856
 5   111.672    32.932     7.123
 5     0.178     0.924     0.338
 5     0.976    -0.209     0.056
 5     0.122     0.320    -0.939
 6   113.052    60.537     5.978
 6     0.214     0.383     0.899
 6     0.970     0.024    -0.241
 6    -0.114     0.923    -0.366
 7   111.001   -22.635    -8.365
 7     0.588     0.649     0.481
 7    -0.766     0.639     0.074
 7    -0.260    -0.412     0.873
 8   115.553   -41.717     9.753
 8     0.256    -0.811     0.526
 8    -0.964    -0.251     0.084
 8     0.063    -0.529    -0.846
 9   120.516   -68.561     8.816
 9     0.234    -0.669     0.706
 9    -0.964    -0.066     0.256
 9    -0.125    -0.740    -0.660
 2    96.192   -22.658    59.957
 2     0.185    -0.980     0.069
 2     0.964     0.195     0.182
 2    -0.193     0.033     0.981
 3   129.570    -2.064     2.447
 3     0.454    -0.025    -0.891
 3     0.225     0.970     0.088
 3     0.862    -0.241     0.445
 4   106.964     9.749    -8.435
 4     0.438    -0.723     0.534
 4     0.849     0.528     0.018
 4    -0.296     0.445     0.845
 5   111.493    33.262     5.881
 5     0.178     0.928     0.325
 5     0.981    -0.192     0.010
 5     0.071     0.317    -0.945
 6   112.878    60.767     3.340
 6     0.212     0.393     0.894
 6     0.963     0.071    -0.259
 6    -0.165     0.916    -0.364
 7   110.764   -22.534    -8.449
 7     0.584     0.637     0.502
 7    -0.758     0.649     0.057
 7    -0.290    -0.415     0.862
 8   115.343   -42.177     8.931
 8     0.250    -0.823     0.509
 8    -0.968    -0.223     0.116
 8     0.018    -0.522    -0.853
 9   119.999   -68.954     6.682
 9     0.220    -0.684     0.695
 9    -0.960    -0.026     0.278
 9    -0.173    -0.729    -0.663
 2    96.242   -22.658    59.957
 2     0.185    -0.980     0.069
 2     0.964     0.195     0.182
 2    -0.193     0.033     0.981
 3   129.479    -2.068     2.285
 3     0.458    -0.028    -0.888
 3     0.227     0.970     0.087
 3     0.859    -0.242     0.450
 4   106.557     9.486    -8.471
 4     0.437    -0.705     0.558
 4     0.837     0.546     0.035
 4    -0.330     0.452     0.829
 5   111.528    33.547     4.826
 5     0.180     0.934     0.308
 5     0.983    -0.179    -0.032
 5     0.025     0.308    -0.951
 6   112.659    60.899     1.047
 6     0.208     0.408     0.889
 6     0.955     0.113    -0.275
 6    -0.213     0.906    -0.367
 7   110.273   -22.566    -8.469
 7     0.574     0.626     0.528
 7    -0.753     0.657     0.039
 7    -0.323    -0.420     0.848
 8   115.139   -42.712     8.033
 8     0.241    -0.840     0.485
