% Calibrated with leiden_pols
% Positions are in centimeters
Data =[
 2    96.294   -22.708    59.954
 2     0.185    -0.980     0.069
 2     0.964     0.195     0.182
 2    -0.192     0.033     0.981
 3   130.301    -2.214     4.983
 3     0.407     0.253    -0.878
 3     0.309     0.866     0.393
 3     0.859    -0.431     0.274
 4   109.976     9.275   -10.010
 4     0.638    -0.619     0.458
 4     0.687     0.726     0.022
 4    -0.346     0.301     0.889
 5   126.471    28.421     3.275
 5     0.918    -0.082     0.387
 5     0.313    -0.448    -0.838
 5     0.242     0.890    -0.385
 6   136.945     4.067    -0.368
 6     0.050     0.995    -0.091
 6    -0.988     0.063     0.142
 6     0.147     0.082     0.985
 7   115.484   -21.732    -8.968
 7     0.852     0.288     0.436
 7    -0.385     0.910     0.152
 7    -0.353    -0.297     0.887
 8   131.991   -36.702     0.418
 8     0.979     0.135     0.155
 8    -0.167     0.080     0.983
 8     0.120    -0.987     0.101
 9   138.667   -10.292    -1.828
 9    -0.055    -0.989    -0.136
 9     0.976    -0.025    -0.215
 9     0.209    -0.145     0.967
 2    96.244   -22.657    59.954
 2     0.185    -0.980     0.069
 2     0.964     0.195     0.182
 2    -0.192     0.033     0.981
 3   130.301    -2.214     4.983
 3     0.407     0.252    -0.878
 3     0.309     0.866     0.392
 3     0.859    -0.431     0.275
 4   109.979     9.275    -9.961
 4     0.639    -0.619     0.457
 4     0.687     0.725     0.021
 4    -0.345     0.300     0.889
 5   126.521    28.422     3.274
 5     0.918    -0.082     0.387
 5     0.313    -0.449    -0.837
 5     0.242     0.890    -0.387
 6   136.944     4.068    -0.369
 6     0.051     0.994    -0.093
 6    -0.988     0.064     0.142
 6     0.147     0.084     0.985
 7   115.485   -21.732    -8.968
 7     0.852     0.288     0.436
 7    -0.386     0.910     0.152
 7    -0.353    -0.298     0.887
 8   131.991   -36.702     0.418
 8     0.978     0.135     0.155
 8    -0.167     0.080     0.983
 8     0.120    -0.988     0.101
 9   138.566   -10.292    -1.880
 9    -0.056    -0.989    -0.134
 9     0.976    -0.026    -0.215
 9     0.209    -0.142     0.967
 2    96.244   -22.708    59.954
 2     0.185    -0.980     0.069
 2     0.964     0.195     0.182
 2    -0.192     0.033     0.981
 3   130.300    -2.164     5.008
 3     0.407     0.251    -0.878
 3     0.309     0.867     0.391
 3     0.859    -0.431     0.275
 4   109.979     9.327   -10.012
 4     0.638    -0.620     0.456
 4     0.688     0.725     0.022
 4    -0.345     0.300     0.889
 5   126.423    28.474     3.271
 5     0.917    -0.082     0.389
 5     0.315    -0.449    -0.836
 5     0.243     0.890    -0.386
 6   136.946     4.094    -0.321
 6     0.052     0.994    -0.092
 6    -0.988     0.065     0.142
 6     0.148     0.083     0.985
 7   115.514   -21.780    -8.974
 7     0.853     0.288     0.434
 7    -0.385     0.910     0.153
 7    -0.351    -0.298     0.887
 8   131.993   -36.701     0.466
 8     0.978     0.136     0.155
 8    -0.167     0.079     0.983
 8     0.121    -0.987     0.100
 9   138.513   -10.293    -1.828
 9    -0.056    -0.990    -0.131
 9     0.976    -0.027    -0.214
 9     0.208    -0.140     0.968
 2    96.245   -22.708    59.903
 2     0.185    -0.980     0.069
 2     0.964     0.195     0.182
 2    -0.192     0.033     0.981
 3   130.254    -2.162     5.053
 3     0.406     0.250    -0.879
 3     0.309     0.867     0.389
 3     0.860    -0.430     0.275
 4   109.984     9.329    -9.966
 4     0.638    -0.622     0.454
 4     0.689     0.724     0.023
 4    -0.343     0.298     0.891
 5   126.400    28.425     3.369
 5     0.917    -0.082     0.390
 5     0.316    -0.450    -0.836
 5     0.244     0.889    -0.387
 6   136.900     4.149    -0.249
 6     0.058     0.994    -0.087
 6    -0.987     0.070     0.144
 6     0.149     0.078     0.985
 7   115.620   -21.777    -8.959
 7     0.855     0.288     0.431
 7    -0.385     0.910     0.155
 7    -0.348    -0.298     0.889
 8   132.050   -36.648     0.559
 8     0.978     0.139     0.154
 8    -0.166     0.078     0.983
 8     0.124    -0.987     0.100
 9   138.512   -10.344    -1.651
 9    -0.055    -0.990    -0.127
 9     0.976    -0.026    -0.213
 9     0.208    -0.136     0.968
 2    96.245   -22.708    59.903
 2     0.185    -0.980     0.069
 2     0.964     0.195     0.182
 2    -0.192     0.033     0.981
 3   130.313    -2.158     5.143
 3     0.402     0.249    -0.881
 3     0.309     0.869     0.387
 3     0.862    -0.428     0.272
 4   109.991     9.383    -9.924
 4     0.637    -0.625     0.451
 4     0.691     0.722     0.022
 4    -0.340     0.297     0.892
 5   126.354    28.478     3.439
 5     0.916    -0.083     0.393
 5     0.317    -0.451    -0.834
 5     0.246     0.889    -0.387
 6   136.949     4.200    -0.148
 6     0.059     0.994    -0.089
 6    -0.987     0.071     0.143
 6     0.149     0.079     0.985
 7   115.701   -21.773    -8.969
 7     0.857     0.288     0.428
 7    -0.384     0.910     0.156
 7    -0.345    -0.298     0.890
 8   132.109   -36.619     0.623
 8     0.978     0.142     0.153
 8    -0.166     0.078     0.983
 8     0.128    -0.987     0.099
 9   138.509   -10.294    -1.648
 9    -0.056    -0.990    -0.127
 9     0.977    -0.028    -0.213
 9     0.207    -0.135     0.969
 2    96.244   -22.708    59.954
 2     0.185    -0.980     0.069
 2     0.964     0.195     0.182
 2    -0.192     0.033     0.981
 3   130.313    -2.158     5.169
 3     0.400     0.249    -0.882
 3     0.309     0.869     0.385
 3     0.862    -0.427     0.271
 4   109.994     9.335    -9.930
 4     0.636    -0.627     0.450
 4     0.693     0.720     0.022
 4    -0.338     0.298     0.893
 5   126.258    28.430     3.482
 5     0.915    -0.083     0.395
 5     0.319    -0.453    -0.833
 5     0.248     0.888    -0.388
 6   136.893     4.275    -0.068
 6     0.062     0.994    -0.092
 6    -0.987     0.074     0.141
 6     0.147     0.082     0.986
 7   115.676   -21.722    -8.969
 7     0.857     0.287     0.428
 7    -0.383     0.910     0.156
 7    -0.345    -0.298     0.890
 8   132.111   -36.517     0.671
 8     0.978     0.143     0.153
 8    -0.165     0.077     0.983
 8     0.129    -0.987     0.099
 9   138.509   -10.294    -1.725
 9    -0.055    -0.990    -0.125
 9     0.977    -0.028    -0.212
 9     0.207    -0.134     0.969
 2    96.245   -22.708    59.903
 2     0.185    -0.980     0.069
 2     0.964     0.195     0.182
 2    -0.192     0.033     0.981
 3   130.318    -2.106     5.137
 3     0.400     0.249    -0.882
 3     0.308     0.869     0.385
 3     0.863    -0.427     0.271
 4   109.997     9.387    -9.908
 4     0.636    -0.627     0.449
 4     0.693     0.720     0.022
 4    -0.337     0.298     0.893
 5   126.260    28.482     3.581
 5     0.914    -0.083     0.396
 5     0.320    -0.454    -0.832
 5     0.249     0.887    -0.388
 6   136.938     4.325    -0.114
 6     0.063     0.994    -0.093
 6    -0.987     0.075     0.138
 6     0.145     0.083     0.986
 7   115.678   -21.721    -8.972
 7     0.857     0.287     0.427
 7    -0.383     0.910     0.156
 7    -0.344    -0.298     0.890
 8   132.113   -36.567     0.719
 8     0.977     0.144     0.154
 8    -0.166     0.076     0.983
 8     0.130    -0.986     0.099
 9   138.556   -10.295    -1.697
 9    -0.055    -0.990    -0.125
 9     0.977    -0.028    -0.212
 9     0.206    -0.134     0.969
 2    96.194   -22.708    59.954
 2     0.185    -0.980     0.069
 2     0.964     0.195     0.182
 2    -0.192     0.033     0.981
 3   130.318    -2.107     5.137
 3     0.401     0.251    -0.881
 3     0.307     0.869     0.387
 3     0.863    -0.426     0.271
 4   110.047     9.386    -9.933
 4     0.637    -0.626     0.450
 4     0.693     0.720     0.021
 4    -0.337     0.298     0.893
 5   126.233    28.481     3.583
 5     0.914    -0.082     0.396
 5     0.320    -0.455    -0.831
 5     0.248     0.887    -0.389
 6   136.973     4.319    -0.304
 6     0.060     0.993    -0.101
 6    -0.988     0.074     0.134
 6     0.140     0.092     0.986
 7   115.676   -21.773    -8.969
 7     0.857     0.287     0.428
 7    -0.383     0.910     0.157
 7    -0.345    -0.298     0.890
 8   132.114   -36.567     0.720
 8     0.977     0.144     0.154
 8    -0.167     0.076     0.983
 8     0.130    -0.987     0.098
 9   139.201   -10.654    -2.112
 9    -0.046    -0.990    -0.135
 9     0.978    -0.017    -0.205
 9     0.201    -0.142     0.969
 2    96.194   -22.708    59.954
 2     0.185    -0.980     0.069
 2     0.964     0.195     0.182
 2    -0.192     0.033     0.981
 3   130.394    -2.158     5.036
 3     0.401     0.253    -0.880
 3     0.307     0.868     0.389
 3     0.863    -0.426     0.270
 4   110.045     9.411    -9.905
 4     0.637    -0.625     0.450
 4     0.693     0.721     0.021
 4    -0.338     0.298     0.893
 5   126.305    28.480     3.534
 5     0.914    -0.081     0.396
 5     0.320    -0.455    -0.831
 5     0.247     0.887    -0.391
 6   137.160     4.483    -0.551
 6     0.060     0.991    -0.122
 6    -0.990     0.074     0.119
 6     0.127     0.113     0.985
 7   115.752   -21.722    -8.968
 7     0.856     0.287     0.428
 7    -0.384     0.910     0.158
 7    -0.345    -0.300     0.890
 8   132.060   -36.621     0.763
 8     0.977     0.138     0.160
 8    -0.170     0.065     0.983
 8     0.125    -0.988     0.087
 9   138.753   -10.463    -2.175
 9    -0.058    -0.981    -0.185
 9     0.981    -0.022    -0.193
 9     0.185    -0.193     0.963
 2    96.194   -22.708    59.954
 2     0.185    -0.980     0.069
 2     0.964     0.195     0.182
 2    -0.192     0.033     0.981
 3   130.395    -2.158     5.036
 3     0.401     0.255    -0.880
 3     0.306     0.868     0.391
 3     0.863    -0.427     0.270
 4   110.090     9.383    -9.976
 4     0.638    -0.624     0.452
 4     0.691     0.722     0.021
 4    -0.340     0.299     0.891
 5   126.291    28.477     3.444
 5     0.915    -0.074     0.396
 5     0.322    -0.457    -0.829
 5     0.242     0.886    -0.395
 6   137.162     4.526    -0.886
 6     0.060     0.989    -0.132
 6    -0.991     0.075     0.111
 6     0.119     0.124     0.985
 7   115.704   -21.773    -8.966
 7     0.856     0.287     0.430
 7    -0.385     0.909     0.160
 7    -0.345    -0.303     0.888
 8   132.001   -36.650     0.838
 8     0.978     0.129     0.165
 8    -0.173     0.054     0.983
 8     0.118    -0.990     0.075
 9   138.790   -10.494    -2.310
 9    -0.056    -0.980    -0.189
 9     0.982    -0.021    -0.187
 9     0.179    -0.196     0.964
 2    96.194   -22.708    59.954
 2     0.185    -0.980     0.069
 2     0.964     0.195     0.182
 2    -0.192     0.033     0.981
 3   130.395    -2.209     4.985
 3     0.401     0.256    -0.879
 3     0.306     0.867     0.393
 3     0.863    -0.427     0.269
 4   110.087     9.408    -9.973
 4     0.637    -0.624     0.453
 4     0.691     0.722     0.021
 4    -0.341     0.300     0.891
 5   126.200    28.602     3.428
 5     0.914    -0.064     0.400
 5     0.328    -0.461    -0.824
 5     0.237     0.885    -0.401
 6   137.279     4.875    -0.909
 6     0.070     0.987    -0.142
 6    -0.992     0.085     0.096
 6     0.107     0.134     0.985
 7   115.706   -21.824    -8.964
 7     0.855     0.287     0.431
 7    -0.387     0.908     0.162
 7    -0.345    -0.306     0.887
 8   132.095   -36.703     0.986
 8     0.978     0.121     0.168
 8    -0.175     0.043     0.983
 8     0.112    -0.992     0.063
 9   138.889   -10.682    -2.584
 9    -0.049    -0.982    -0.184
 9     0.984    -0.016    -0.174
 9     0.167    -0.190     0.967
 2    96.194   -22.708    59.954
 2     0.186    -0.980     0.069
 2     0.964     0.195     0.182
 2    -0.192     0.033     0.981
 3   130.445    -2.208     4.986
 3     0.401     0.257    -0.879
 3     0.306     0.867     0.393
 3     0.863    -0.427     0.269
 4   110.087     9.382    -9.973
 4     0.637    -0.623     0.454
 4     0.691     0.722     0.021
 4    -0.341     0.300     0.891
 5   126.062    28.549     3.617
 5     0.913    -0.038     0.405
 5     0.339    -0.484    -0.807
 5     0.226     0.874    -0.429
 6   137.395     5.164    -1.367
 6     0.086     0.987    -0.134
 6    -0.993     0.096     0.068
 6     0.080     0.127     0.988
 7   115.708   -21.825    -8.962
 7     0.854     0.287     0.433
 7    -0.389     0.906     0.165
 7    -0.345    -0.309     0.886
 8   131.902   -36.814     1.092
 8     0.978     0.100     0.182
 8    -0.184     0.016     0.983
 8     0.096    -0.995     0.034
 9   139.002   -10.935    -3.355
 9    -0.032    -0.985    -0.170
 9     0.989    -0.008    -0.143
 9     0.140    -0.173     0.975
 2    96.194   -22.708    59.955
 2     0.185    -0.980     0.069
 2     0.964     0.195     0.182
 2    -0.192     0.032     0.981
 3   130.450    -2.207     4.980
 3     0.400     0.258    -0.879
 3     0.305     0.867     0.393
 3     0.864    -0.426     0.268
 4   110.109     9.459    -9.976
 4     0.634    -0.624     0.456
 4     0.693     0.720     0.020
 4    -0.341     0.304     0.890
 5   125.993    28.599     3.796
 5     0.913    -0.022     0.407
 5     0.343    -0.499    -0.796
 5     0.221     0.866    -0.448
 6   137.456     5.500    -1.899
 6     0.096     0.986    -0.132
 6    -0.994     0.102     0.039
 6     0.052     0.128     0.990
 7   115.683   -21.826    -8.983
 7     0.853     0.288     0.435
 7    -0.391     0.905     0.167
 7    -0.346    -0.313     0.885
 8   131.771   -36.895     1.252
 8     0.977     0.088     0.192
 8    -0.192    -0.004     0.981
 8     0.087    -0.996     0.013
 9   138.962   -11.104    -3.759
 9    -0.026    -0.984    -0.173
 9     0.992    -0.004    -0.123
 9     0.121    -0.175     0.977
 2    96.194   -22.708    59.955
 2     0.185    -0.980     0.069
 2     0.964     0.195     0.182
 2    -0.192     0.032     0.981
 3   130.455    -2.206     4.948
 3     0.400     0.259    -0.879
 3     0.304     0.867     0.393
 3     0.865    -0.425     0.268
 4   110.160     9.461   -10.031
 4     0.634    -0.624     0.457
 4     0.694     0.719     0.018
 4    -0.340     0.306     0.889
 5   126.029    28.496     3.975
 5     0.914    -0.012     0.405
 5     0.343    -0.512    -0.787
 5     0.217     0.859    -0.464
 6   137.429     5.491    -2.191
 6     0.098     0.987    -0.127
 6    -0.994     0.103     0.026
 6     0.039     0.124     0.991
 7   115.635   -21.827    -8.981
 7     0.851     0.290     0.436
 7    -0.394     0.904     0.167
 7    -0.346    -0.314     0.884
 8   131.712   -36.900     1.272
 8     0.977     0.081     0.196
 8    -0.197    -0.009     0.980
 8     0.081    -0.997     0.008
 9   139.005   -11.234    -3.977
 9    -0.022    -0.984    -0.175
 9     0.993    -0.001    -0.119
 9     0.117    -0.176     0.977
 2    96.194   -22.708    59.954
 2     0.185    -0.980     0.069
 2     0.964     0.195     0.182
 2    -0.192     0.033     0.981
 3   130.455    -2.207     4.948
 3     0.399     0.259    -0.879
 3     0.303     0.867     0.393
 3     0.865    -0.424     0.268
 4   110.216     9.514    -9.989
 4     0.635    -0.623     0.456
 4     0.695     0.719     0.015
 4    -0.337     0.307     0.890
 5   126.028    28.547     4.025
 5     0.914    -0.011     0.406
 5     0.344    -0.514    -0.786
 5     0.217     0.858    -0.466
 6   137.465     5.587    -2.199
 6     0.099     0.987    -0.128
 6    -0.995     0.102     0.020
 6     0.033     0.125     0.991
 7   115.686   -21.827    -8.980
 7     0.851     0.291     0.437
 7    -0.395     0.903     0.167
 7    -0.346    -0.315     0.884
 8   131.663   -36.951     1.272
 8     0.977     0.081     0.198
 8    -0.198    -0.010     0.980
 8     0.081    -0.997     0.007
 9   139.164   -11.496    -4.178
 9    -0.016    -0.983    -0.182
 9     0.994     0.004    -0.110
 9     0.108    -0.183     0.977
 2    96.194   -22.657    59.954
 2     0.185    -0.980     0.069
 2     0.964     0.195     0.182
 2    -0.192     0.033     0.981
 3   130.460    -2.205     4.967
 3     0.398     0.260    -0.880
 3     0.303     0.868     0.393
 3     0.866    -0.423     0.266
 4   110.218     9.515    -9.992
 4     0.635    -0.624     0.455
 4     0.695     0.718     0.014
 4    -0.336     0.308     0.890
 5   125.977    28.547     4.049
 5     0.913    -0.010     0.407
 5     0.344    -0.515    -0.785
 5     0.217     0.857    -0.467
 6   137.382     5.525    -2.394
 6     0.100     0.985    -0.138
 6    -0.995     0.102     0.006
 6     0.020     0.136     0.990
 7   115.697   -21.900    -8.914
 7     0.851     0.293     0.435
 7    -0.398     0.901     0.171
 7    -0.342    -0.319     0.884
 8   131.546   -37.001     1.505
 8     0.976     0.078     0.203
 8    -0.202    -0.024     0.979
 8     0.081    -0.997    -0.008
 9   139.196   -11.617    -4.177
 9    -0.015    -0.977    -0.211
 9     0.996     0.003    -0.086
 9     0.084    -0.212     0.974
 2    96.194   -22.708    59.954
 2     0.185    -0.980     0.069
 2     0.964     0.195     0.182
 2    -0.192     0.033     0.981
 3   130.510    -2.229     4.968
 3     0.396     0.259    -0.881
 3     0.304     0.868     0.392
 3     0.866    -0.423     0.265
 4   110.221     9.517    -9.944
 4     0.635    -0.625     0.454
 4     0.696     0.717     0.014
 4    -0.335     0.308     0.891
 5   125.786    28.554     4.542
 5     0.910     0.010     0.414
 5     0.354    -0.540    -0.764
 5     0.215     0.842    -0.495
 6   137.423     5.982    -2.877
 6     0.116     0.984    -0.134
 6    -0.993     0.113    -0.033
 6    -0.017     0.137     0.990
 7   115.726   -21.950    -8.966
 7     0.851     0.293     0.436
 7    -0.400     0.900     0.174
 7    -0.341    -0.322     0.883
 8   131.413   -37.186     2.022
 8     0.974     0.052     0.219
 8    -0.216    -0.064     0.974
 8     0.065    -0.996    -0.051
 9   139.467   -12.008    -5.057
 9     0.006    -0.976    -0.219
 9     0.999     0.015    -0.042
 9     0.044    -0.219     0.975
 2    96.194   -22.708    59.954
 2     0.185    -0.980     0.069
 2     0.964     0.195     0.182
 2    -0.192     0.033     0.981
 3   130.464    -2.228     5.012
 3     0.395     0.258    -0.882
 3     0.304     0.869     0.391
 3     0.867    -0.422     0.265
 4   110.172     9.468    -9.948
 4     0.633    -0.627     0.454
 4     0.698     0.716     0.014
 4    -0.334     0.308     0.891
 5   125.565    28.203     5.064
 5     0.907     0.055     0.417
 5     0.368    -0.585    -0.722
 5     0.204     0.809    -0.551
 6   137.516     6.869    -3.945
 6     0.157     0.982    -0.106
 6    -0.982     0.145    -0.117
 6    -0.100     0.123     0.987
 7   115.653   -22.002    -8.862
 7     0.849     0.296     0.437
 7    -0.403     0.898     0.174
 7    -0.341    -0.324     0.882
 8   131.125   -37.021     2.706
 8     0.970     0.007     0.242
 8    -0.240    -0.129     0.962
 8     0.038    -0.992    -0.124
 9   139.759   -12.968    -6.511
 9     0.059    -0.980    -0.190
 9     0.997     0.052     0.042
 9    -0.032    -0.192     0.981
 2    96.194   -22.708    59.954
 2     0.185    -0.980     0.069
 2     0.964     0.195     0.182
 2    -0.192     0.033     0.981
 3   130.413    -2.229     5.011
 3     0.396     0.256    -0.882
 3     0.303     0.870     0.389
 3     0.867    -0.421     0.267
 4   110.171     9.519    -9.999
 4     0.631    -0.629     0.454
 4     0.700     0.714     0.015
 4    -0.334     0.308     0.891
 5   125.553    27.905     5.806
 5     0.903     0.115     0.414
 5     0.385    -0.644    -0.661
 5     0.190     0.756    -0.626
 6   137.776     8.253    -5.485
 6     0.206     0.978    -0.040
 6    -0.957     0.193    -0.214
 6    -0.202     0.082     0.976
 7   115.555   -21.954    -8.906
 7     0.846     0.299     0.440
 7    -0.408     0.896     0.175
 7    -0.342    -0.328     0.880
 8   130.992   -36.855     3.406
 8     0.963    -0.051     0.262
 8    -0.267    -0.212     0.940
 8     0.007    -0.976    -0.218
 9   139.829   -14.078    -8.144
 9     0.112    -0.988    -0.102
 9     0.985     0.096     0.144
 9    -0.133    -0.116     0.984
 2    96.194   -22.708    59.955
 2     0.185    -0.980     0.069
 2     0.964     0.195     0.182
 2    -0.192     0.032     0.981
 3   130.383    -2.231     5.017
 3     0.397     0.255    -0.882
 3     0.302     0.871     0.388
 3     0.866    -0.421     0.269
 4   110.299     9.601   -10.061
 4     0.625    -0.636     0.452
 4     0.707     0.707     0.017
 4    -0.331     0.309     0.891
 5   125.502    27.432     6.321
 5     0.898     0.169     0.407
 5     0.403    -0.688    -0.604
 5     0.178     0.706    -0.686
 6   137.680     9.783    -6.566
 6     0.243     0.970    -0.003
 6    -0.923     0.230    -0.308
 6    -0.298     0.078     0.951
 7   115.528   -21.907    -8.897
 7     0.843     0.302     0.443
 7    -0.413     0.894     0.176
 7    -0.344    -0.331     0.879
 8   131.030   -36.636     4.052
 8     0.958    -0.109     0.266
 8    -0.287    -0.284     0.915
 8    -0.024    -0.953    -0.303
 9   139.227   -15.390   -10.155
 9     0.130    -0.991    -0.008
 9     0.963     0.124     0.239
 9    -0.236    -0.039     0.971
 2    96.194   -22.708    59.955
 2     0.185    -0.980     0.069
 2     0.964     0.195     0.182
 2    -0.192     0.032     0.981
 3   130.408    -2.206     5.016
 3     0.398     0.254    -0.881
 3     0.301     0.871     0.387
 3     0.866    -0.420     0.270
 4   110.357     9.761   -10.128
 4     0.620    -0.644     0.449
 4     0.714     0.700     0.018
 4    -0.326     0.309     0.893
 5   125.444    27.161     7.060
 5     0.893     0.224     0.390
 5     0.419    -0.732    -0.537
 5     0.165     0.643    -0.748
 6   137.311    11.338    -7.764
 6     0.252     0.966     0.045
 6    -0.878     0.249    -0.408
 6    -0.406     0.063     0.911
 7   115.485   -21.855    -8.901
 7     0.843     0.303     0.443
 7    -0.415     0.892     0.178
 7    -0.342    -0.334     0.878
 8   131.340   -35.871     5.035
 8     0.953    -0.163     0.253
 8    -0.297    -0.373     0.879
 8    -0.049    -0.913    -0.404
 9   139.030   -16.753   -11.822
 9     0.140    -0.989     0.052
 9     0.921     0.150     0.359
 9    -0.363    -0.002     0.932
 2    96.194   -22.708    59.954
 2     0.185    -0.980     0.069
 2     0.964     0.195     0.182
 2    -0.192     0.033     0.981
 3   130.387    -2.155     5.060
 3     0.398     0.253    -0.882
 3     0.299     0.872     0.385
 3     0.867    -0.418     0.272
 4   110.321     9.845   -10.047
 4     0.617    -0.649     0.445
 4     0.719     0.695     0.016
 4    -0.319     0.310     0.895
 5   125.361    26.585     7.595
 5     0.890     0.260     0.373
 5     0.427    -0.762    -0.487
 5     0.158     0.593    -0.790
 6   136.631    12.799    -8.375
 6     0.247     0.965     0.080
 6    -0.834     0.254    -0.489
 6    -0.493     0.054     0.868
 7   115.500   -21.850    -8.913
 7     0.843     0.304     0.442
 7    -0.418     0.889     0.186
 7    -0.337    -0.342     0.877
 8   131.314   -35.282     6.085
 8     0.946    -0.217     0.239
 8    -0.315    -0.462     0.829
 8    -0.070    -0.860    -0.505
 9   137.969   -18.667   -13.289
 9     0.135    -0.985     0.107
 9     0.855     0.171     0.489
 9    -0.500     0.026     0.865
 2    96.245   -22.708    59.903
 2     0.185    -0.980     0.069
 2     0.964     0.195     0.182
 2    -0.192     0.033     0.981
 3   130.282    -2.158     5.015
 3     0.401     0.251    -0.881
 3     0.297     0.873     0.385
 3     0.866    -0.417     0.275
 4   110.307     9.904   -10.065
 4     0.614    -0.655     0.441
 4     0.724     0.689     0.014
 4    -0.313     0.310     0.897
 5   125.368    26.333     7.948
 5     0.887     0.294     0.355
 5     0.437    -0.781    -0.446
 5     0.146     0.551    -0.821
 6   136.113    13.935    -9.137
 6     0.226     0.967     0.112
 6    -0.794     0.250    -0.555
 6    -0.565     0.036     0.824
 7   115.389   -21.898    -8.920
 7     0.843     0.304     0.443
 7    -0.422     0.885     0.195
 7    -0.333    -0.351     0.875
 8   131.728   -34.693     6.748
 8     0.940    -0.263     0.216
 8    -0.328    -0.530     0.781
 8    -0.091    -0.806    -0.585
 9   136.949   -20.641   -14.611
 9     0.105    -0.981     0.165
 9     0.783     0.183     0.594
 9    -0.613     0.067     0.787
 2    96.194   -22.708    59.954
 2     0.185    -0.980     0.069
 2     0.964     0.195     0.182
 2    -0.192     0.033     0.981
 3   130.281    -2.160     5.013
 3     0.404     0.251    -0.880
 3     0.295     0.874     0.385
 3     0.866    -0.415     0.279
 4   110.317     9.961   -10.005
 4     0.611    -0.660     0.437
 4     0.729     0.684     0.013
 4    -0.308     0.311     0.899
 5   125.298    26.008     8.390
 5     0.885     0.315     0.343
 5     0.443    -0.794    -0.415
 5     0.142     0.519    -0.843
 6   135.302    14.784    -9.357
 6     0.205     0.974     0.100
 6    -0.746     0.221    -0.627
 6    -0.633     0.054     0.772
 7   115.403   -21.995    -8.827
 7     0.843     0.305     0.443
 7    -0.426     0.882     0.202
 7    -0.329    -0.359     0.873
 8   131.783   -34.387     7.093
 8     0.934    -0.297     0.195
 8    -0.339    -0.575     0.745
 8    -0.109    -0.763    -0.638
 9   135.678   -21.860   -14.945
 9     0.062    -0.984     0.164
 9     0.728     0.157     0.667
 9    -0.683     0.078     0.726
 2    96.194   -22.708    59.954
 2     0.185    -0.980     0.069
 2     0.964     0.195     0.182
 2    -0.192     0.033     0.981
 3   130.197    -2.165     4.974
 3     0.408     0.250    -0.878
 3     0.294     0.874     0.386
 3     0.864    -0.416     0.283
 4   110.222    10.016   -10.014
 4     0.608    -0.663     0.436
 4     0.732     0.680     0.012
 4    -0.305     0.312     0.900
 5   125.585    25.400     8.738
 5     0.886     0.339     0.316
 5     0.444    -0.815    -0.372
 5     0.131     0.470    -0.873
 6   134.829    15.140    -9.453
 6     0.172     0.979     0.105
 6    -0.710     0.197    -0.676
 6    -0.683     0.041     0.729
 7   115.316   -21.992    -8.785
 7     0.843     0.305     0.443
 7    -0.428     0.879     0.210
 7    -0.325    -0.366     0.872
 8   131.966   -34.078     7.529
 8     0.933    -0.312     0.180
 8    -0.341    -0.602     0.722
 8    -0.117    -0.735    -0.668
 9   134.894   -22.272   -14.952
 9     0.016    -0.989     0.148
 9     0.679     0.120     0.724
 9    -0.734     0.088     0.673
 2    96.194   -22.708    59.954
 2     0.185    -0.980     0.069
 2     0.964     0.195     0.182
 2    -0.192     0.033     0.981
 3   130.192    -2.168     4.954
 3     0.412     0.250    -0.876
 3     0.292     0.875     0.386
 3     0.863    -0.416     0.287
 4   110.227    10.019    -9.973
 4     0.608    -0.663     0.435
 4     0.734     0.679     0.009
 4    -0.302     0.314     0.900
 5   125.629    24.994     9.090
 5     0.886     0.358     0.295
 5     0.448    -0.827    -0.340
 5     0.122     0.433    -0.893
 6   134.083    15.705    -9.911
 6     0.136     0.982     0.128
 6    -0.675     0.186    -0.714
 6    -0.725     0.011     0.688
 7   115.277   -21.989    -8.765
 7     0.843     0.304     0.443
 7    -0.430     0.876     0.217
 7    -0.322    -0.374     0.870
 8   132.057   -33.743     8.092
 8     0.928    -0.333     0.168
 8    -0.352    -0.630     0.692
 8    -0.124    -0.701    -0.702
 9   134.114   -23.425   -15.460
 9    -0.026    -0.991     0.133
 9     0.619     0.088     0.780
 9    -0.785     0.102     0.611
 2    96.194   -22.708    59.954
 2     0.185    -0.980     0.069
 2     0.964     0.195     0.182
 2    -0.192     0.033     0.981
 3   130.137    -2.170     4.857
 3     0.415     0.248    -0.875
 3     0.292     0.875     0.386
 3     0.862    -0.416     0.290
 4   110.060    10.023    -9.884
 4     0.606    -0.666     0.434
 4     0.737     0.675     0.007
 4    -0.298     0.316     0.901
 5   125.735    24.580     9.038
 5     0.883     0.391     0.260
 5     0.459    -0.836    -0.302
 5     0.099     0.386    -0.917
 6   133.217    16.643   -10.583
 6     0.105     0.980     0.166
 6    -0.626     0.195    -0.755
 6    -0.773    -0.025     0.634
 7   115.219   -22.111    -8.776
 7     0.843     0.304     0.443
 7    -0.434     0.871     0.228
 7    -0.317    -0.385     0.867
 8   132.123   -33.485     8.379
 8     0.922    -0.354     0.154
 8    -0.363    -0.659     0.659
 8    -0.132    -0.664    -0.736
 9   133.559   -24.555   -15.593
 9    -0.058    -0.991     0.123
 9     0.553     0.071     0.830
 9    -0.831     0.116     0.544
 2    96.194   -22.708    59.954
 2     0.185    -0.980     0.069
 2     0.964     0.195     0.182
 2    -0.192     0.033     0.981
 3   130.126    -2.173     4.868
 3     0.417     0.244    -0.875
 3     0.292     0.875     0.384
 3     0.860    -0.416     0.293
 4   109.986    10.052    -9.867
 4     0.603    -0.669     0.435
 4     0.741     0.671     0.005
 4    -0.296     0.319     0.900
 5   125.759    24.305     9.210
 5     0.878     0.411     0.245
 5     0.470    -0.839    -0.275
 5     0.092     0.356    -0.930
 6   132.707    17.366   -10.816
 6     0.092     0.977     0.189
 6    -0.598     0.206    -0.775
 6    -0.796    -0.041     0.603
 7   115.185   -22.207    -8.686
 7     0.844     0.303     0.442
 7    -0.436     0.868     0.237
 7    -0.312    -0.393     0.865
 8   132.263   -33.175     8.581
 8     0.918    -0.370     0.140
 8    -0.371    -0.681     0.631
 8    -0.138    -0.631    -0.763
 9   132.949   -25.180   -15.537
 9    -0.086    -0.989     0.117
 9     0.502     0.058     0.863
 9    -0.860     0.133     0.492
 2    96.194   -22.708    59.954
 2     0.185    -0.980     0.069
 2     0.964     0.195     0.182
 2    -0.192     0.033     0.981
 3   130.121    -2.175     4.797
 3     0.418     0.241    -0.876
 3     0.293     0.876     0.381
 3     0.859    -0.417     0.295
 4   109.937    10.054    -9.871
 4     0.600    -0.671     0.435
 4     0.743     0.668     0.005
 4    -0.295     0.321     0.900
 5   125.736    24.357     9.063
 5     0.873     0.427     0.235
 5     0.481    -0.837    -0.263
 5     0.085     0.342    -0.936
 6   132.190    18.022   -11.110
 6     0.082     0.971     0.226
 6    -0.574     0.231    -0.786
 6    -0.815    -0.065     0.576
 7   115.241   -22.205    -8.690
 7     0.844     0.303     0.442
 7    -0.437     0.866     0.241
 7    -0.310    -0.397     0.864
 8   132.424   -33.122     8.784
 8     0.912    -0.388     0.131
 8    -0.383    -0.696     0.607
 8    -0.144    -0.604    -0.784
 9   132.093   -25.814   -15.789
 9    -0.120    -0.985     0.122
 9     0.460     0.054     0.886
 9    -0.880     0.162     0.447
 2    96.244   -22.657    59.954
 2     0.185    -0.980     0.069
 2     0.964     0.195     0.182
 2    -0.192     0.033     0.981
 3   130.168    -2.124     4.797
 3     0.418     0.238    -0.877
 3     0.294     0.877     0.378
 3     0.859    -0.416     0.297
 4   109.939    10.110    -9.832
 4     0.595    -0.675     0.436
 4     0.749     0.662     0.004
 4    -0.292     0.324     0.900
 5   125.598    24.291     9.323
 5     0.865     0.447     0.226
 5     0.494    -0.837    -0.236
 5     0.084     0.316    -0.945
 6   131.782    18.876   -11.118
 6     0.075     0.963     0.256
 6    -0.543     0.255    -0.800
 6    -0.836    -0.079     0.542
 7   115.279   -22.227    -8.648
 7     0.844     0.304     0.441
 7    -0.440     0.863     0.247
 7    -0.306    -0.403     0.862
 8   132.388   -32.891     9.082
 8     0.906    -0.404     0.124
 8    -0.396    -0.709     0.583
 8    -0.148    -0.578    -0.803
 9   131.867   -26.644   -15.684
 9    -0.142    -0.980     0.137
 9     0.424     0.064     0.903
 9    -0.894     0.187     0.407
 2    96.194   -22.708    59.954
 2     0.185    -0.980     0.069
 2     0.964     0.195     0.182
 2    -0.192     0.033     0.981
 3   130.117    -2.124     4.795
 3     0.419     0.233    -0.878
 3     0.295     0.879     0.374
 3     0.859    -0.416     0.300
 4   109.897    10.217    -9.848
 4     0.591    -0.680     0.435
 4     0.754     0.656     0.002
 4    -0.287     0.327     0.900
 5   125.532    24.129     9.472
 5     0.854     0.474     0.213
 5     0.513    -0.834    -0.200
 5     0.083     0.280    -0.956
 6   131.080    19.949   -11.087
 6     0.067     0.953     0.297
 6    -0.503     0.289    -0.815
 6    -0.862    -0.095     0.498
 7   115.269   -22.376    -8.629
 7     0.842     0.307     0.444
 7    -0.447     0.857     0.255
 7    -0.302    -0.413     0.859
 8   132.458   -32.659     9.407
 8     0.899    -0.423     0.113
 8    -0.411    -0.724     0.554
 8    -0.152    -0.545    -0.825
 9   131.115   -27.317   -15.789
 9    -0.173    -0.975     0.136
 9     0.382     0.061     0.922
 9    -0.908     0.211     0.362
 2    96.194   -22.708    59.955
 2     0.185    -0.980     0.069
 2     0.964     0.195     0.182
 2    -0.192     0.032     0.981
 3   130.160    -2.024     4.699
 3     0.421     0.227    -0.878
 3     0.295     0.881     0.369
 3     0.858    -0.415     0.303
 4   109.852    10.301    -9.810
 4     0.582    -0.689     0.432
 4     0.762     0.647     0.005
 4    -0.283     0.326     0.902
 5   125.356    24.091     9.624
 5     0.846     0.491     0.208
 5     0.526    -0.831    -0.177
 5     0.086     0.260    -0.962
 6   130.499    20.704   -10.903
 6     0.062     0.944     0.322
 6    -0.473     0.312    -0.824
 6    -0.879    -0.101     0.466
 7   115.223   -22.376    -8.575
 7     0.841     0.306     0.446
 7    -0.449     0.854     0.260
 7    -0.302    -0.419     0.856
 8   132.543   -32.427     9.656
 8     0.894    -0.435     0.101
 8    -0.418    -0.736     0.532
 8    -0.157    -0.519    -0.840
 9   130.309   -28.080   -15.623
 9    -0.209    -0.967     0.142
 9     0.332     0.067     0.941
 9    -0.920     0.244     0.307
 2    96.194   -22.708    59.955
 2     0.185    -0.980     0.069
 2     0.964     0.195     0.182
 2    -0.192     0.032     0.981
 3   130.052    -2.000     4.703
 3     0.422     0.219    -0.880
 3     0.297     0.883     0.362
 3     0.857    -0.414     0.307
 4   109.728    10.255    -9.818
 4     0.575    -0.695     0.431
 4     0.768     0.640     0.007
 4    -0.281     0.327     0.902
 5   125.227    23.978     9.723
 5     0.837     0.508     0.199
 5     0.539    -0.828    -0.152
 5     0.088     0.235    -0.968
 6   129.698    21.422   -10.761
 6     0.047     0.928     0.370
 6    -0.433     0.353    -0.829
 6    -0.900    -0.121     0.419
 7   115.223   -22.456    -8.429
 7     0.838     0.301     0.455
 7    -0.452     0.850     0.270
 7    -0.306    -0.432     0.848
 8   132.904   -31.863     9.829
 8     0.888    -0.454     0.071
 8    -0.427    -0.758     0.492
 8    -0.170    -0.468    -0.867
 9   129.448   -29.122   -15.930
 9    -0.258    -0.954     0.154
 9     0.274     0.080     0.958
 9    -0.927     0.289     0.241
 2    96.194   -22.708    59.955
 2     0.185    -0.980     0.069
 2     0.964     0.195     0.182
 2    -0.192     0.032     0.981
 3   130.096    -1.951     4.708
 3     0.423     0.216    -0.880
 3     0.297     0.884     0.359
 3     0.856    -0.414     0.310
 4   109.681    10.413    -9.777
 4     0.566    -0.704     0.428
 4     0.776     0.630     0.011
 4    -0.278     0.326     0.903
 5   125.083    23.894     9.967
 5     0.829     0.523     0.194
 5     0.551    -0.825    -0.126
 5     0.094     0.212    -0.973
 6   129.300    22.104   -10.450
 6     0.042     0.916     0.397
 6    -0.403     0.380    -0.833
 6    -0.914    -0.125     0.385
 7   115.091   -22.565    -8.354
 7     0.832     0.303     0.465
 7    -0.459     0.846     0.270
 7    -0.312    -0.438     0.843
 8   133.101   -31.628    10.070
 8     0.882    -0.467     0.058
 8    -0.438    -0.770     0.463
 8    -0.172    -0.434    -0.884
 9   128.905   -29.811   -15.840
 9    -0.282    -0.946     0.160
 9     0.229     0.095     0.968
 9    -0.931     0.310     0.190
 2    96.194   -22.708    59.954
 2     0.185    -0.980     0.069
 2     0.964     0.195     0.182
 2    -0.192     0.033     0.981
 3   129.984    -1.903     4.667
 3     0.425     0.208    -0.881
 3     0.298     0.887     0.353
 3     0.854    -0.413     0.315
 4   109.609    10.418    -9.787
 4     0.559    -0.711     0.426
 4     0.782     0.623     0.013
 4    -0.275     0.326     0.904
 5   124.977    23.603    10.111
 5     0.826     0.528     0.195
 5     0.554    -0.825    -0.111
 5     0.103     0.200    -0.974
 6   128.939    22.659   -10.129
 6     0.042     0.911     0.411
 6    -0.372     0.396    -0.840
 6    -0.927    -0.118     0.355
 7   114.981   -22.779    -8.224
 7     0.823     0.309     0.476
 7    -0.469     0.842     0.265
 7    -0.319    -0.442     0.839
 8   133.117   -31.622    10.248
 8     0.879    -0.474     0.051
 8    -0.444    -0.777     0.446
 8    -0.171    -0.415    -0.894
 9   128.535   -30.334   -15.869
 9    -0.292    -0.943     0.161
 9     0.207     0.102     0.973
 9    -0.933     0.318     0.166
 2    96.194   -22.708    59.955
 2     0.185    -0.980     0.069
 2     0.964     0.195     0.182
 2    -0.192     0.032     0.981
 3   130.023    -1.856     4.652
 3     0.429     0.202    -0.880
 3     0.299     0.887     0.350
 3     0.852    -0.414     0.321
 4   109.516    10.424    -9.774
 4     0.554    -0.717     0.424
 4     0.787     0.616     0.013
 4    -0.271     0.326     0.906
 5   124.827    23.620    10.373
 5     0.821     0.535     0.200
 5     0.559    -0.823    -0.093
 5     0.115     0.188    -0.975
 6   128.711    23.093    -9.650
 6     0.043     0.904     0.426
 6    -0.346     0.413    -0.842
 6    -0.937    -0.111     0.331
 7   114.934   -22.831    -8.196
 7     0.821     0.311     0.478
 7    -0.473     0.840     0.265
 7    -0.319    -0.444     0.837
 8   133.131   -31.515    10.516
 8     0.880    -0.473     0.050
 8    -0.445    -0.782     0.436
 8    -0.167    -0.406    -0.898
 9   128.582   -30.070   -15.633
 9    -0.301    -0.943     0.146
 9     0.180     0.094     0.979
 9    -0.936     0.321     0.142
 2    96.194   -22.708    59.954
 2     0.185    -0.980     0.069
 2     0.964     0.195     0.182
 2    -0.192     0.033     0.981
 3   130.013    -1.910     4.662
 3     0.433     0.199    -0.879
 3     0.299     0.888     0.348
 3     0.850    -0.413     0.325
 4   109.451    10.430    -9.739
 4     0.551    -0.720     0.422
 4     0.791     0.612     0.011
 4    -0.266     0.327     0.906
 5   124.775    23.177    10.515
 5     0.820     0.535     0.201
 5     0.558    -0.826    -0.077
 5     0.125     0.175    -0.976
 6   128.549    23.071    -9.274
 6     0.040     0.899     0.436
 6    -0.323     0.425    -0.845
 6    -0.945    -0.107     0.308
 7   114.937   -22.932    -8.096
 7     0.819     0.315     0.478
 7    -0.476     0.838     0.264
 7    -0.318    -0.445     0.837
 8   133.205   -31.379    10.750
 8     0.880    -0.471     0.047
 8    -0.446    -0.790     0.420
 8    -0.160    -0.391    -0.906
 9   128.263   -31.173   -15.267
 9    -0.308    -0.938     0.157
 9     0.152     0.115     0.982
 9    -0.939     0.326     0.107
 2    96.194   -22.708    59.954
 2     0.185    -0.980     0.069
 2     0.964     0.195     0.182
 2    -0.192     0.033     0.981
 3   130.008    -1.964     4.667
 3     0.436     0.196    -0.878
 3     0.297     0.889     0.347
 3     0.849    -0.413     0.329
 4   109.456    10.460    -9.748
 4     0.548    -0.724     0.420
 4     0.794     0.608     0.010
 4    -0.263     0.328     0.907
 5   124.640    23.110    10.769
 5     0.818     0.537     0.203
 5     0.559    -0.826    -0.066
 5     0.132     0.167    -0.977
 6   128.480    23.293    -9.062
 6     0.041     0.892     0.449
 6    -0.311     0.439    -0.843
 6    -0.949    -0.106     0.295
 7   114.938   -23.063    -8.013
 7     0.815     0.321     0.482
 7    -0.484     0.836     0.260
 7    -0.319    -0.445     0.836
 8   133.292   -31.324    10.851
 8     0.879    -0.475     0.044
