% Calibrated with leiden_pols
% Positions are in centimeters
Data =[
 2    96.294   -22.708    59.954
 2     0.185    -0.980     0.069
 2     0.964     0.195     0.182
 2    -0.192     0.033     0.981
 3   130.301    -2.214     4.983
 3     0.407     0.253    -0.878
 3     0.309     0.866     0.393
 3     0.859    -0.431     0.274
 4   109.976     9.275   -10.010
 4     0.638    -0.619     0.458
 4     0.687     0.726     0.022
 4    -0.346     0.301     0.889
 5   126.471    28.421     3.275
 5     0.918    -0.082     0.387
 5     0.313    -0.448    -0.838
 5     0.242     0.890    -0.385
 6   136.945     4.067    -0.368
 6     0.050     0.995    -0.091
 6    -0.988     0.063     0.142
 6     0.147     0.082     0.985
 7   115.484   -21.732    -8.968
 7     0.852     0.288     0.436
 7    -0.385     0.910     0.152
 7    -0.353    -0.297     0.887
 8   131.991   -36.702     0.418
 8     0.979     0.135     0.155
 8    -0.167     0.080     0.983
 8     0.120    -0.987     0.101
 9   138.667   -10.292    -1.828
 9    -0.055    -0.989    -0.136
 9     0.976    -0.025    -0.215
 9     0.209    -0.145     0.967
 2    96.244   -22.657    59.954
 2     0.185    -0.980     0.069
 2     0.964     0.195     0.182
 2    -0.192     0.033     0.981
 3   130.301    -2.214     4.983
 3     0.407     0.252    -0.878
 3     0.309     0.866     0.392
 3     0.859    -0.431     0.275
 4   109.979     9.275    -9.961
 4     0.639    -0.619     0.457
 4     0.687     0.725     0.021
 4    -0.345     0.300     0.889
 5   126.521    28.422     3.274
 5     0.918    -0.082     0.387
 5     0.313    -0.449    -0.837
 5     0.242     0.890    -0.387
 6   136.944     4.068    -0.369
 6     0.051     0.994    -0.093
 6    -0.988     0.064     0.142
 6     0.147     0.084     0.985
 7   115.485   -21.732    -8.968
 7     0.852     0.288     0.436
 7    -0.386     0.910     0.152
 7    -0.353    -0.298     0.887
 8   131.991   -36.702     0.418
 8     0.978     0.135     0.155
 8    -0.167     0.080     0.983
 8     0.120    -0.988     0.101
 9   138.566   -10.292    -1.880
 9    -0.056    -0.989    -0.134
 9     0.976    -0.026    -0.215
 9     0.209    -0.142     0.967
 2    96.244   -22.708    59.954
 2     0.185    -0.980     0.069
 2     0.964     0.195     0.182
 2    -0.192     0.033     0.981
 3   130.300    -2.164     5.008
 3     0.407     0.251    -0.878
 3     0.309     0.867     0.391
 3     0.859    -0.431     0.275
 4   109.979     9.327   -10.012
 4     0.638    -0.620     0.456
 4     0.688     0.725     0.022
 4    -0.345     0.300     0.889
 5   126.423    28.474     3.271
 5     0.917    -0.082     0.389
 5     0.315    -0.449    -0.836
 5     0.243     0.890    -0.386
 6   136.946     4.094    -0.321
 6     0.052     0.994    -0.092
 6    -0.988     0.065     0.142
 6     0.148     0.083     0.985
 7   115.514   -21.780    -8.974
 7     0.853     0.288     0.434
 7    -0.385     0.910     0.153
 7    -0.351    -0.298     0.887
 8   131.993   -36.701     0.466
 8     0.978     0.136     0.155
 8    -0.167     0.079     0.983
 8     0.121    -0.987     0.100
 9   138.513   -10.293    -1.828
 9    -0.056    -0.990    -0.131
 9     0.976    -0.027    -0.214
 9     0.208    -0.140     0.968
 2    96.245   -22.708    59.903
 2     0.185    -0.980     0.069
 2     0.964     0.195     0.182
 2    -0.192     0.033     0.981
 3   130.254    -2.162     5.053
 3     0.406     0.250    -0.879
 3     0.309     0.867     0.389
 3     0.860    -0.430     0.275
 4   109.984     9.329    -9.966
 4     0.638    -0.622     0.454
 4     0.689     0.724     0.023
 4    -0.343     0.298     0.891
 5   126.400    28.425     3.369
 5     0.917    -0.082     0.390
 5     0.316    -0.450    -0.836
 5     0.244     0.889    -0.387
 6   136.900     4.149    -0.249
 6     0.058     0.994    -0.087
 6    -0.987     0.070     0.144
 6     0.149     0.078     0.985
 7   115.620   -21.777    -8.959
 7     0.855     0.288     0.431
 7    -0.385     0.910     0.155
 7    -0.348    -0.298     0.889
 8   132.050   -36.648     0.559
 8     0.978     0.139     0.154
 8    -0.166     0.078     0.983
 8     0.124    -0.987     0.100
 9   138.512   -10.344    -1.651
 9    -0.055    -0.990    -0.127
 9     0.976    -0.026    -0.213
 9     0.208    -0.136     0.968
 2    96.245   -22.708    59.903
 2     0.185    -0.980     0.069
 2     0.964     0.195     0.182
 2    -0.192     0.033     0.981
 3   130.313    -2.158     5.143
 3     0.402     0.249    -0.881
 3     0.309     0.869     0.387
 3     0.862    -0.428     0.272
 4   109.991     9.383    -9.924
 4     0.637    -0.625     0.451
 4     0.691     0.722     0.022
 4    -0.340     0.297     0.892
 5   126.354    28.478     3.439
 5     0.916    -0.083     0.393
 5     0.317    -0.451    -0.834
 5     0.246     0.889    -0.387
 6   136.949     4.200    -0.148
 6     0.059     0.994    -0.089
 6    -0.987     0.071     0.143
 6     0.149     0.079     0.985
 7   115.701   -21.773    -8.969
 7     0.857     0.288     0.428
 7    -0.384     0.910     0.156
 7    -0.345    -0.298     0.890
 8   132.109   -36.619     0.623
 8     0.978     0.142     0.153
 8    -0.166     0.078     0.983
 8     0.128    -0.987     0.099
 9   138.509   -10.294    -1.648
 9    -0.056    -0.990    -0.127
 9     0.977    -0.028    -0.213
 9     0.207    -0.135     0.969
 2    96.244   -22.708    59.954
 2     0.185    -0.980     0.069
 2     0.964     0.195     0.182
 2    -0.192     0.033     0.981
 3   130.313    -2.158     5.169
 3     0.400     0.249    -0.882
 3     0.309     0.869     0.385
 3     0.862    -0.427     0.271
 4   109.994     9.335    -9.930
 4     0.636    -0.627     0.450
 4     0.693     0.720     0.022
 4    -0.338     0.298     0.893
 5   126.258    28.430     3.482
 5     0.915    -0.083     0.395
 5     0.319    -0.453    -0.833
 5     0.248     0.888    -0.388
 6   136.893     4.275    -0.068
 6     0.062     0.994    -0.092
 6    -0.987     0.074     0.141
 6     0.147     0.082     0.986
 7   115.676   -21.722    -8.969
 7     0.857     0.287     0.428
 7    -0.383     0.910     0.156
 7    -0.345    -0.298     0.890
 8   132.111   -36.517     0.671
 8     0.978     0.143     0.153
 8    -0.165     0.077     0.983
 8     0.129    -0.987     0.099
 9   138.509   -10.294    -1.725
 9    -0.055    -0.990    -0.125
 9     0.977    -0.028    -0.212
 9     0.207    -0.134     0.969
 2    96.245   -22.708    59.903
 2     0.185    -0.980     0.069
 2     0.964     0.195     0.182
 2    -0.192     0.033     0.981
 3   130.318    -2.106     5.137
 3     0.400     0.249    -0.882
 3     0.308     0.869     0.385
 3     0.863    -0.427     0.271
 4   109.997     9.387    -9.908
 4     0.636    -0.627     0.449
 4     0.693     0.720     0.022
 4    -0.337     0.298     0.893
 5   126.260    28.482     3.581
 5     0.914    -0.083     0.396
 5     0.320    -0.454    -0.832
 5     0.249     0.887    -0.388
 6   136.938     4.325    -0.114
 6     0.063     0.994    -0.093
 6    -0.987     0.075     0.138
 6     0.145     0.083     0.986
 7   115.678   -21.721    -8.972
 7     0.857     0.287     0.427
 7    -0.383     0.910     0.156
 7    -0.344    -0.298     0.890
 8   132.113   -36.567     0.719
 8     0.977     0.144     0.154
 8    -0.166     0.076     0.983
 8     0.130    -0.986     0.099
 9   138.556   -10.295    -1.697
 9    -0.055    -0.990    -0.125
 9     0.977    -0.028    -0.212
 9     0.206    -0.134     0.969
 2    96.194   -22.708    59.954
 2     0.185    -0.980     0.069
 2     0.964     0.195     0.182
 2    -0.192     0.033     0.981
 3   130.318    -2.107     5.137
 3     0.401     0.251    -0.881
 3     0.307     0.869     0.387
 3     0.863    -0.426     0.271
 4   110.047     9.386    -9.933
 4     0.637    -0.626     0.450
 4     0.693     0.720     0.021
 4    -0.337     0.298     0.893
 5   126.233    28.481     3.583
 5     0.914    -0.082     0.396
 5     0.320    -0.455    -0.831
 5     0.248     0.887    -0.389
