% Calibrated with leiden_pols
% Positions are in centimeters
Data =[
 2    96.245   -22.708    59.903
 2     0.185    -0.980     0.070
 2     0.964     0.195     0.182
 2    -0.192     0.033     0.981
 3   129.990    -2.392     3.500
 3     0.406     0.225    -0.885
 3     0.310     0.877     0.366
 3     0.859    -0.423     0.287
 4   108.525     9.415    -9.968
 4     0.609    -0.602     0.516
 4     0.692     0.721     0.023
 4    -0.387     0.343     0.856
 5   124.810    28.822     3.030
 5     0.924     0.072     0.374
 5     0.357    -0.504    -0.787
 5     0.131     0.861    -0.491
 6   135.723     6.588    -5.405
 6     0.049     0.972    -0.228
 6    -0.997     0.035    -0.067
 6    -0.057     0.230     0.971
 7   113.062   -22.310    -8.509
 7     0.799     0.313     0.513
 7    -0.448     0.879     0.163
 7    -0.400    -0.360     0.843
 8   129.798   -36.669     2.828
 8     0.980     0.026     0.198
 8    -0.193    -0.141     0.971
 8     0.053    -0.990    -0.133
 9   137.087   -12.311    -6.645
 9    -0.017    -0.947    -0.322
 9     0.998    -0.032     0.041
 9    -0.050    -0.321     0.946
 2    96.244   -22.708    59.954
 2     0.185    -0.980     0.069
 2     0.964     0.195     0.182
 2    -0.192     0.033     0.981
 3   129.941    -2.418     3.500
 3     0.407     0.225    -0.885
 3     0.310     0.877     0.366
 3     0.859    -0.424     0.287
 4   108.502     9.467    -9.971
 4     0.609    -0.603     0.516
 4     0.693     0.720     0.023
 4    -0.386     0.343     0.856
 5   124.766    28.800     3.121
 5     0.924     0.072     0.375
 5     0.357    -0.507    -0.784
 5     0.134     0.859    -0.495
 6   135.721     6.588    -5.453
 6     0.049     0.973    -0.227
 6    -0.997     0.035    -0.068
 6    -0.058     0.230     0.971
 7   113.063   -22.310    -8.509
 7     0.799     0.313     0.513
 7    -0.449     0.878     0.163
 7    -0.400    -0.361     0.842
 8   129.799   -36.669     2.829
 8     0.979     0.025     0.199
 8    -0.194    -0.141     0.971
 8     0.053    -0.990    -0.134
 9   137.085   -12.388    -6.668
 9    -0.016    -0.947    -0.321
 9     0.998    -0.031     0.043
 9    -0.051    -0.320     0.946
 2    96.244   -22.708    59.954
 2     0.185    -0.980     0.069
 2     0.964     0.195     0.182
 2    -0.192     0.033     0.981
 3   129.941    -2.418     3.526
 3     0.408     0.225    -0.885
 3     0.310     0.877     0.366
 3     0.859    -0.424     0.288
 4   108.452     9.417    -9.971
 4     0.608    -0.603     0.516
 4     0.693     0.720     0.023
 4    -0.386     0.343     0.856
 5   124.763    28.748     3.123
 5     0.925     0.072     0.373
 5     0.356    -0.508    -0.784
 5     0.133     0.858    -0.496
 6   135.672     6.537    -5.453
 6     0.049     0.973    -0.227
 6    -0.997     0.035    -0.068
 6    -0.058     0.229     0.971
 7   113.063   -22.309    -8.509
 7     0.799     0.312     0.513
 7    -0.448     0.878     0.164
 7    -0.400    -0.362     0.842
 8   129.796   -36.669     2.831
 8     0.980     0.025     0.198
 8    -0.193    -0.142     0.971
 8     0.052    -0.990    -0.134
 9   137.182   -12.389    -6.717
 9    -0.016    -0.947    -0.320
 9     0.998    -0.031     0.044
 9    -0.052    -0.319     0.946
 2    96.244   -22.708    59.954
 2     0.185    -0.980     0.069
 2     0.964     0.195     0.182
 2    -0.192     0.033     0.981
 3   129.936    -2.420     3.506
 3     0.409     0.224    -0.884
 3     0.310     0.877     0.366
 3     0.858    -0.425     0.289
 4   108.449     9.416    -9.968
 4     0.608    -0.603     0.517
 4     0.693     0.720     0.024
 4    -0.387     0.343     0.855
 5   124.763    28.800     3.123
 5     0.924     0.073     0.374
 5     0.357    -0.508    -0.784
 5     0.133     0.858    -0.496
 6   135.672     6.588    -5.478
 6     0.050     0.973    -0.225
 6    -0.997     0.036    -0.068
 6    -0.058     0.228     0.972
 7   113.088   -22.309    -8.509
 7     0.799     0.311     0.514
 7    -0.448     0.878     0.165
 7    -0.400    -0.362     0.842
 8   129.822   -36.669     2.831
 8     0.979     0.024     0.198
 8    -0.193    -0.143     0.971
 8     0.052    -0.989    -0.135
 9   137.181   -12.389    -6.819
 9    -0.016    -0.948    -0.318
 9     0.998    -0.032     0.044
 9    -0.052    -0.317     0.947
 2    96.194   -22.657    59.954
 2     0.185    -0.980     0.069
 2     0.964     0.195     0.182
 2    -0.192     0.033     0.981
 3   129.931    -2.396     3.461
 3     0.411     0.223    -0.884
 3     0.311     0.877     0.366
 3     0.857    -0.425     0.291
 4   108.444     9.464    -9.963
 4     0.608    -0.601     0.518
 4     0.692     0.721     0.024
 4    -0.389     0.344     0.855
 5   124.757    28.745     3.081
 5     0.925     0.074     0.371
 5     0.355    -0.508    -0.785
 5     0.130     0.858    -0.496
 6   135.670     6.536    -5.628
 6     0.049     0.973    -0.225
 6    -0.997     0.034    -0.069
 6    -0.059     0.228     0.972
 7   113.006   -22.313    -8.571
 7     0.797     0.310     0.518
 7    -0.449     0.878     0.165
 7    -0.404    -0.364     0.839
 8   129.736   -36.674     2.810
 8     0.979     0.012     0.200
 8    -0.196    -0.155     0.968
 8     0.043    -0.988    -0.149
 9   137.018   -12.630    -7.313
 9    -0.015    -0.950    -0.311
 9     0.997    -0.036     0.059
 9    -0.068    -0.309     0.948
 2    96.194   -22.657    59.954
 2     0.185    -0.980     0.069
 2     0.964     0.195     0.182
 2    -0.192     0.033     0.981
 3   129.921    -2.400     3.370
 3     0.415     0.221    -0.882
 3     0.310     0.877     0.365
 3     0.855    -0.426     0.296
 4   108.436     9.410    -9.981
 4     0.607    -0.599     0.522
 4     0.691     0.722     0.025
 4    -0.392     0.346     0.852
 5   124.795    28.736     2.928
 5     0.926     0.092     0.365
 5     0.358    -0.516    -0.778
 5     0.117     0.851    -0.511
 6   135.823     6.790    -6.379
 6     0.053     0.972    -0.229
 6    -0.995     0.031    -0.099
 6    -0.090     0.232     0.968
 7   113.007   -22.339    -8.518
 7     0.796     0.311     0.519
 7    -0.451     0.877     0.166
 7    -0.404    -0.366     0.838
 8   129.725   -36.655     3.227
 8     0.978    -0.014     0.207
 8    -0.206    -0.192     0.959
 8     0.026    -0.981    -0.191
 9   136.922   -13.124    -7.988
 9    -0.007    -0.954    -0.301
 9     0.994    -0.040     0.103
 9    -0.111    -0.298     0.948
 2    96.194   -22.657    59.954
 2     0.185    -0.980     0.069
 2     0.964     0.195     0.182
 2    -0.192     0.033     0.981
 3   129.966    -2.401     3.350
 3     0.417     0.219    -0.882
 3     0.311     0.877     0.365
 3     0.854    -0.427     0.298
 4   108.430     9.460   -10.026
 4     0.605    -0.600     0.524
 4     0.692     0.721     0.026
 4    -0.394     0.346     0.851
 5   124.745    28.631     3.169
 5     0.923     0.127     0.363
 5     0.370    -0.545    -0.752
 5     0.102     0.828    -0.550
 6   135.835     7.416    -7.247
 6     0.079     0.976    -0.204
 6    -0.986     0.047    -0.157
 6    -0.143     0.213     0.966
 7   112.956   -22.343    -8.508
 7     0.792     0.313     0.523
 7    -0.455     0.875     0.165
 7    -0.406    -0.369     0.836
 8   129.532   -36.489     3.591
 8     0.974    -0.052     0.218
 8    -0.224    -0.236     0.945
 8     0.002    -0.970    -0.241
 9   137.007   -13.907    -9.380
 9     0.017    -0.962    -0.273
 9     0.986    -0.028     0.162
 9    -0.163    -0.273     0.948
 2    96.194   -22.708    59.954
 2     0.185    -0.980     0.069
 2     0.964     0.195     0.182
 2    -0.192     0.033     0.981
 3   129.961    -2.353     3.304
 3     0.419     0.218    -0.882
 3     0.311     0.878     0.364
 3     0.853    -0.427     0.300
 4   108.429     9.460   -10.027
 4     0.604    -0.599     0.525
 4     0.692     0.721     0.026
 4    -0.394     0.347     0.851
 5   124.856    28.401     3.525
 5     0.922     0.155     0.353
 5     0.375    -0.577    -0.725
 5     0.091     0.802    -0.591
 6   135.754     8.077    -8.048
 6     0.088     0.981    -0.174
 6    -0.975     0.048    -0.218
 6    -0.206     0.189     0.960
 7   112.908   -22.321    -8.551
 7     0.788     0.318     0.527
 7    -0.462     0.872     0.164
 7    -0.407    -0.373     0.834
 8   129.329   -36.617     4.354
 8     0.967    -0.087     0.237
 8    -0.252    -0.297     0.921
 8    -0.009    -0.951    -0.309
 9   137.083   -15.270   -10.114
 9     0.048    -0.962    -0.269
 9     0.970    -0.019     0.241
 9    -0.237    -0.273     0.932
 2    96.195   -22.657    59.955
 2     0.185    -0.980     0.069
 2     0.964     0.195     0.182
 2    -0.192     0.032     0.981
 3   129.961    -2.353     3.304
 3     0.420     0.218    -0.881
 3     0.310     0.877     0.365
 3     0.853    -0.427     0.301
 4   108.429     9.512   -10.032
 4     0.603    -0.600     0.525
 4     0.694     0.719     0.024
 4    -0.393     0.350     0.850
 5   124.722    28.029     4.258
 5     0.918     0.192     0.347
 5     0.387    -0.623    -0.680
 5     0.085     0.759    -0.646
 6   135.606     9.121    -8.889
 6     0.110     0.985    -0.131
 6    -0.948     0.065    -0.312
 6    -0.299     0.158     0.941
 7   112.804   -22.319    -8.516
 7     0.784     0.329     0.525
 7    -0.474     0.865     0.164
 7    -0.400    -0.378     0.835
 8   129.018   -36.308     5.532
 8     0.958    -0.134     0.251
 8    -0.284    -0.384     0.879
 8    -0.021    -0.913    -0.406
 9   136.738   -17.034   -11.268
 9     0.080    -0.974    -0.210
 9     0.931    -0.003     0.364
 9    -0.356    -0.225     0.907
 2    96.195   -22.657    59.955
 2     0.185    -0.980     0.069
 2     0.964     0.195     0.182
 2    -0.192     0.032     0.981
 3   129.962    -2.354     3.304
 3     0.421     0.219    -0.880
 3     0.310     0.877     0.366
 3     0.853    -0.427     0.301
 4   108.440     9.647   -10.001
 4     0.601    -0.603     0.525
 4     0.699     0.714     0.019
 4    -0.387     0.355     0.851
 5   124.832    27.632     4.765
 5     0.913     0.231     0.334
 5     0.399    -0.666    -0.630
 5     0.077     0.709    -0.701
 6   135.840    10.181    -9.657
 6     0.133     0.987    -0.092
 6    -0.918     0.088    -0.387
 6    -0.374     0.136     0.917
 7   112.829   -22.439    -8.514
 7     0.784     0.336     0.521
 7    -0.482     0.860     0.170
 7    -0.391    -0.384     0.836
 8   129.120   -35.845     6.420
 8     0.953    -0.171     0.249
 8    -0.301    -0.450     0.841
 8    -0.032    -0.876    -0.480
 9   136.563   -18.389   -12.150
 9     0.100    -0.982    -0.161
 9     0.892     0.017     0.452
 9    -0.441    -0.188     0.878
 2    96.194   -22.657    59.954
 2     0.185    -0.980     0.069
 2     0.964     0.195     0.182
 2    -0.192     0.033     0.981
 3   129.983    -2.407     3.310
 3     0.423     0.221    -0.879
 3     0.308     0.877     0.369
 3     0.852    -0.427     0.302
 4   108.446     9.650    -9.986
 4     0.602    -0.603     0.524
 4     0.700     0.713     0.016
 4    -0.384     0.357     0.851
 5   125.013    27.180     5.232
 5     0.912     0.250     0.323
 5     0.402    -0.690    -0.602
 5     0.073     0.679    -0.730
 6   135.764    10.727   -10.001
 6     0.142     0.987    -0.070
 6    -0.897     0.098    -0.431
 6    -0.419     0.124     0.899
 7   112.807   -22.556    -8.444
 7     0.786     0.340     0.516
 7    -0.487     0.855     0.178
 7    -0.380    -0.391     0.838
 8   129.252   -35.481     7.149
 8     0.949    -0.195     0.248
 8    -0.313    -0.497     0.809
 8    -0.034    -0.846    -0.532
 9   136.332   -19.781   -12.618
 9     0.116    -0.986    -0.123
 9     0.854     0.036     0.519
 9    -0.507    -0.165     0.846
 2    96.194   -22.657    59.954
 2     0.185    -0.980     0.069
 2     0.964     0.195     0.182
 2    -0.192     0.033     0.981
 3   129.959    -2.432     3.311
 3     0.424     0.223    -0.878
 3     0.308     0.876     0.371
 3     0.852    -0.428     0.302
 4   108.507     9.654   -10.001
 4     0.605    -0.601     0.522
 4     0.700     0.713     0.009
 4    -0.379     0.360     0.852
 5   125.094    26.927     5.455
 5     0.912     0.264     0.313
 5     0.404    -0.706    -0.581
 5     0.068     0.657    -0.751
 6   135.673    11.270   -10.492
 6     0.141     0.989    -0.039
 6    -0.876     0.106    -0.471
 6    -0.462     0.100     0.881
 7   112.880   -22.597    -8.394
 7     0.789     0.341     0.510
 7    -0.489     0.852     0.187
 7    -0.371    -0.397     0.839
 8   129.323   -35.347     7.624
 8     0.946    -0.212     0.245
 8    -0.322    -0.530     0.785
 8    -0.037    -0.821    -0.569
 9   136.331   -20.471   -12.818
 9     0.119    -0.988    -0.101
 9     0.821     0.041     0.569
 9    -0.558    -0.151     0.816
 2    96.195   -22.657    59.955
 2     0.185    -0.980     0.069
 2     0.964     0.195     0.182
 2    -0.192     0.032     0.981
 3   129.983    -2.433     3.259
 3     0.424     0.224    -0.877
 3     0.307     0.876     0.372
 3     0.852    -0.427     0.303
 4   108.519     9.659    -9.915
 4     0.606    -0.602     0.520
 4     0.702     0.712     0.006
 4    -0.374     0.361     0.854
 5   125.130    26.756     5.845
 5     0.909     0.281     0.307
 5     0.411    -0.723    -0.556
 5     0.066     0.632    -0.772
 6   135.516    11.948   -10.628
 6     0.146     0.989    -0.015
 6    -0.855     0.119    -0.505
 6    -0.498     0.086     0.863
 7   112.953   -22.664    -8.369
 7     0.792     0.343     0.505
 7    -0.492     0.848     0.196
 7    -0.362    -0.403     0.840
 8   129.377   -34.983     8.224
 8     0.942    -0.233     0.240
 8    -0.332    -0.569     0.752
 8    -0.039    -0.789    -0.613
 9   135.919   -21.838   -13.079
 9     0.121    -0.990    -0.070
 9     0.775     0.050     0.630
 9    -0.620    -0.130     0.774
 2    96.194   -22.657    59.954
 2     0.185    -0.980     0.069
 2     0.964     0.195     0.182
 2    -0.192     0.033     0.981
 3   129.959    -2.433     3.310
 3     0.424     0.225    -0.877
 3     0.307     0.875     0.372
 3     0.852    -0.427     0.302
 4   108.611     9.719    -9.939
 4     0.606    -0.606     0.516
 4     0.706     0.707     0.001
 4    -0.366     0.363     0.857
 5   125.027    26.543     6.338
 5     0.903     0.300     0.305
 5     0.422    -0.743    -0.520
 5     0.070     0.599    -0.798
 6   135.351    12.917   -10.565
 6     0.151     0.988     0.016
 6    -0.823     0.135    -0.552
 6    -0.547     0.070     0.834
 7   113.028   -22.654    -8.296
 7     0.795     0.343     0.500
 7    -0.494     0.845     0.206
 7    -0.352    -0.411     0.841
 8   129.556   -34.466     8.951
 8     0.939    -0.253     0.233
 8    -0.342    -0.605     0.719
 8    -0.041    -0.754    -0.655
 9   135.516   -22.927   -13.107
 9     0.109    -0.993    -0.039
 9     0.724     0.052     0.688
 9    -0.681    -0.104     0.725
 2    96.244   -22.657    59.954
 2     0.185    -0.980     0.069
 2     0.964     0.195     0.182
 2    -0.192     0.033     0.981
 3   129.959    -2.432     3.362
 3     0.423     0.225    -0.878
 3     0.307     0.876     0.372
 3     0.852    -0.427     0.301
 4   108.673     9.802    -9.831
 4     0.604    -0.610     0.512
 4     0.710     0.703    -0.001
 4    -0.360     0.365     0.859
 5   124.945    26.430     6.737
 5     0.898     0.321     0.301
 5     0.434    -0.758    -0.488
 5     0.072     0.568    -0.819
 6   134.965    13.692   -10.739
 6     0.153     0.987     0.045
 6    -0.797     0.151    -0.584
 6    -0.584     0.053     0.810
 7   113.046   -22.646    -8.291
 7     0.797     0.343     0.496
 7    -0.495     0.842     0.213
 7    -0.345    -0.416     0.841
 8   129.475   -34.283     9.268
 8     0.935    -0.269     0.228
 8    -0.350    -0.629     0.693
 8    -0.043    -0.729    -0.683
 9   134.834   -23.748   -13.178
 9     0.088    -0.996    -0.017
 9     0.680     0.047     0.732
 9    -0.728    -0.076     0.681
 2    96.244   -22.657    59.954
 2     0.185    -0.980     0.069
 2     0.964     0.195     0.182
 2    -0.192     0.033     0.981
 3   129.964    -2.406     3.356
 3     0.423     0.225    -0.878
 3     0.307     0.876     0.372
 3     0.853    -0.427     0.301
 4   108.631     9.807    -9.843
 4     0.603    -0.612     0.511
 4     0.713     0.700    -0.003
 4    -0.356     0.366     0.859
 5   124.966    26.202     6.861
 5     0.898     0.323     0.297
 5     0.433    -0.762    -0.481
 5     0.071     0.560    -0.825
 6   134.750    13.671   -10.934
 6     0.150     0.985     0.077
 6    -0.782     0.167    -0.601
 6    -0.605     0.030     0.795
 7   113.059   -22.743    -8.254
 7     0.798     0.343     0.494
 7    -0.496     0.840     0.218
 7    -0.340    -0.420     0.841
 8   129.436   -34.203     9.445
 8     0.935    -0.273     0.226
 8    -0.352    -0.639     0.684
 8    -0.042    -0.719    -0.694
 9   134.576   -24.009   -12.984
 9     0.076    -0.997    -0.016
 9     0.654     0.038     0.755
 9    -0.753    -0.068     0.655
 2    96.194   -22.708    59.954
 2     0.185    -0.980     0.069
 2     0.964     0.195     0.182
 2    -0.192     0.033     0.981
 3   129.964    -2.432     3.381
 3     0.423     0.226    -0.878
 3     0.306     0.876     0.373
 3     0.853    -0.426     0.301
 4   108.589     9.862    -9.805
 4     0.603    -0.614     0.509
 4     0.716     0.698    -0.006
 4    -0.352     0.368     0.861
 5   125.057    25.848     7.080
 5     0.899     0.330     0.286
 5     0.432    -0.774    -0.463
 5     0.069     0.540    -0.839
 6   134.576    13.776   -10.982
 6     0.149     0.984     0.094
 6    -0.765     0.175    -0.619
 6    -0.626     0.020     0.779
 7   113.070   -22.790    -8.214
 7     0.799     0.344     0.492
 7    -0.498     0.838     0.223
 7    -0.336    -0.424     0.841
 8   129.450   -33.970     9.760
 8     0.932    -0.285     0.221
 8    -0.358    -0.656     0.664
 8    -0.044    -0.698    -0.714
 9   134.112   -24.536   -12.792
 9     0.061    -0.998    -0.007
 9     0.617     0.032     0.786
 9    -0.784    -0.052     0.618
 2    96.194   -22.708    59.954
 2     0.185    -0.980     0.069
 2     0.964     0.195     0.182
 2    -0.192     0.033     0.981
 3   129.964    -2.483     3.432
 3     0.423     0.226    -0.877
 3     0.305     0.876     0.373
 3     0.853    -0.426     0.302
 4   108.569     9.814    -9.812
 4     0.603    -0.615     0.508
 4     0.717     0.697    -0.008
 4    -0.350     0.369     0.861
 5   125.152    25.399     7.468
 5     0.895     0.357     0.267
 5     0.442    -0.793    -0.420
 5     0.062     0.494    -0.867
 6   133.950    14.778   -11.429
 6     0.138     0.981     0.138
 6    -0.721     0.195    -0.665
 6    -0.679    -0.008     0.734
 7   112.986   -22.861    -8.230
 7     0.799     0.345     0.491
 7    -0.501     0.834     0.230
 7    -0.330    -0.430     0.840
 8   129.469   -33.686    10.194
 8     0.927    -0.309     0.212
 8    -0.371    -0.683     0.628
 8    -0.050    -0.661    -0.748
 9   133.319   -25.763   -13.082
 9     0.039    -0.999     0.024
 9     0.567     0.042     0.823
 9    -0.823    -0.018     0.568
 2    96.194   -22.708    59.954
 2     0.185    -0.980     0.069
 2     0.964     0.195     0.182
 2    -0.192     0.033     0.981
 3   129.910    -2.434     3.387
 3     0.425     0.226    -0.877
 3     0.305     0.876     0.373
 3     0.852    -0.427     0.303
 4   108.606     9.872    -9.779
 4     0.601    -0.619     0.505
 4     0.721     0.693    -0.010
 4    -0.344     0.370     0.863
 5   125.070    25.153     7.755
 5     0.888     0.386     0.250
 5     0.456    -0.805    -0.379
 5     0.055     0.451    -0.891
 6   133.311    15.992   -11.746
 6     0.132     0.974     0.185
 6    -0.677     0.226    -0.700
 6    -0.724    -0.033     0.689
 7   113.003   -22.906    -8.118
 7     0.800     0.347     0.489
 7    -0.505     0.830     0.236
 7    -0.324    -0.436     0.839
 8   129.547   -33.376    10.514
 8     0.920    -0.333     0.207
 8    -0.389    -0.705     0.593
 8    -0.052    -0.626    -0.778
 9   132.680   -26.761   -12.941
 9     0.018    -0.999     0.046
 9     0.512     0.048     0.857
 9    -0.858     0.008     0.513
 2    96.195   -22.708    59.954
 2     0.186    -0.980     0.069
 2     0.963     0.195     0.182
 2    -0.192     0.033     0.981
 3   129.959    -2.535     3.386
 3     0.425     0.225    -0.876
 3     0.305     0.876     0.373
 3     0.852    -0.427     0.304
 4   108.543     9.879    -9.670
 4     0.598    -0.625     0.501
 4     0.726     0.687    -0.011
 4    -0.338     0.371     0.865
 5   125.019    24.888     8.057
 5     0.878     0.417     0.234
 5     0.475    -0.813    -0.335
 5     0.051     0.405    -0.913
 6   132.551    17.053   -12.037
 6     0.124     0.965     0.231
 6    -0.631     0.256    -0.733
 6    -0.766    -0.055     0.640
 7   113.021   -22.901    -8.132
 7     0.799     0.349     0.488
 7    -0.510     0.825     0.244
 7    -0.318    -0.444     0.838
 8   129.507   -33.114    10.975
 8     0.911    -0.357     0.204
 8    -0.408    -0.724     0.556
 8    -0.050    -0.590    -0.805
 9   131.910   -28.115   -12.988
 9    -0.009    -0.997     0.076
 9     0.454     0.063     0.888
 9    -0.891     0.043     0.452
 2    96.194   -22.657    59.954
 2     0.185    -0.980     0.069
 2     0.964     0.195     0.182
 2    -0.192     0.033     0.981
 3   129.904    -2.486     3.391
 3     0.426     0.223    -0.877
 3     0.305     0.877     0.371
 3     0.851    -0.426     0.306
 4   108.507    10.019    -9.650
 4     0.590    -0.634     0.499
 4     0.737     0.675    -0.014
 4    -0.329     0.376     0.866
 5   124.848    24.831     8.452
 5     0.864     0.451     0.221
 5     0.500    -0.816    -0.289
 5     0.050     0.360    -0.932
 6   131.642    18.545   -12.199
 6     0.115     0.953     0.281
 6    -0.582     0.294    -0.758
 6    -0.805    -0.076     0.588
 7   113.042   -22.972    -8.047
 7     0.798     0.352     0.488
 7    -0.515     0.820     0.251
 7    -0.311    -0.452     0.836
 8   129.436   -33.110    11.391
 8     0.900    -0.384     0.205
 8    -0.432    -0.735     0.522
 8    -0.050    -0.559    -0.828
 9   131.276   -28.995   -12.849
 9    -0.032    -0.995     0.097
 9     0.407     0.075     0.910
 9    -0.913     0.068     0.402
 2    96.194   -22.708    59.954
 2     0.185    -0.980     0.069
 2     0.964     0.195     0.182
 2    -0.192     0.033     0.981
 3   129.853    -2.538     3.390
 3     0.427     0.219    -0.877
 3     0.304     0.879     0.367
 3     0.851    -0.424     0.308
 4   108.466    10.078    -9.595
 4     0.584    -0.640     0.499
 4     0.744     0.667    -0.016
 4    -0.323     0.381     0.866
 5   124.697    24.692     8.535
 5     0.851     0.482     0.207
 5     0.523    -0.813    -0.255
 5     0.045     0.325    -0.945
 6   130.679    19.923   -12.102
 6     0.111     0.931     0.347
 6    -0.535     0.350    -0.769
 6    -0.837    -0.100     0.537
 7   112.983   -23.019    -7.981
 7     0.796     0.356     0.488
 7    -0.521     0.814     0.256
 7    -0.306    -0.459     0.834
 8   129.280   -33.007    11.656
 8     0.892    -0.403     0.203
 8    -0.449    -0.742     0.498
 8    -0.051    -0.536    -0.843
 9   130.315   -30.117   -12.906
 9    -0.057    -0.990     0.127
 9     0.365     0.098     0.926
 9    -0.929     0.099     0.356
 2    96.194   -22.708    59.954
 2     0.185    -0.980     0.069
 2     0.964     0.195     0.182
 2    -0.192     0.033     0.981
 3   129.832    -2.596     3.462
 3     0.435     0.212    -0.875
 3     0.304     0.880     0.364
 3     0.847    -0.425     0.318
 4   108.443    10.186    -9.561
 4     0.576    -0.645     0.502
 4     0.752     0.658    -0.018
 4    -0.319     0.388     0.865
 5   124.454    24.889     8.807
 5     0.834     0.515     0.196
 5     0.549    -0.807    -0.219
 5     0.045     0.290    -0.956
 6   129.981    21.009   -11.899
 6     0.112     0.911     0.396
 6    -0.497     0.396    -0.772
 6    -0.860    -0.111     0.497
 7   112.783   -23.143    -7.866
 7     0.791     0.363     0.491
 7    -0.533     0.803     0.265
 7    -0.299    -0.472     0.829
 8   128.995   -32.954    11.770
 8     0.884    -0.422     0.198
 8    -0.463    -0.748     0.476
 8    -0.053    -0.513    -0.857
 9   129.681   -30.747   -12.874
 9    -0.071    -0.987     0.144
 9     0.336     0.112     0.935
 9    -0.939     0.114     0.324
 2    96.194   -22.708    59.954
 2     0.185    -0.980     0.069
 2     0.963     0.195     0.182
 2    -0.192     0.033     0.981
 3   129.748    -2.628     3.471
 3     0.443     0.210    -0.872
 3     0.299     0.881     0.365
 3     0.845    -0.423     0.327
 4   108.341    10.265    -9.516
 4     0.572    -0.647     0.505
 4     0.756     0.654    -0.019
 4    -0.318     0.393     0.863
 5   124.269    24.902     8.915
 5     0.822     0.537     0.189
 5     0.568    -0.799    -0.197
 5     0.045     0.270    -0.962
 6   129.244    21.980   -12.019
 6     0.109     0.881     0.459
 6    -0.469     0.453    -0.758
 6    -0.876    -0.133     0.463
 7   112.647   -23.246    -7.817
 7     0.784     0.372     0.496
 7    -0.545     0.795     0.265
 7    -0.296    -0.479     0.826
 8   128.782   -33.135    11.900
 8     0.875    -0.438     0.205
 8    -0.481    -0.742     0.466
 8    -0.052    -0.507    -0.860
 9   129.176   -31.288   -12.819
 9    -0.077    -0.984     0.160
 9     0.323     0.127     0.938
 9    -0.943     0.124     0.308
 2    96.194   -22.708    59.954
 2     0.185    -0.980     0.069
 2     0.964     0.195     0.182
 2    -0.192     0.033     0.981
 3   129.737    -2.607     3.405
 3     0.447     0.206    -0.870
 3     0.299     0.883     0.362
 3     0.843    -0.422     0.333
 4   108.269    10.451    -9.409
 4     0.563    -0.652     0.508
 4     0.765     0.644    -0.022
 4    -0.313     0.400     0.861
 5   124.090    25.069     9.065
 5     0.810     0.556     0.183
 5     0.584    -0.793    -0.176
 5     0.048     0.249    -0.967
 6   128.780    22.768   -11.664
 6     0.111     0.873     0.475
 6    -0.443     0.472    -0.762
 6    -0.890    -0.125     0.439
 7   112.479   -23.300    -7.712
 7     0.778     0.379     0.501
 7    -0.555     0.789     0.263
 7    -0.295    -0.483     0.824
 8   128.497   -33.238    12.140
 8     0.863    -0.460     0.207
 8    -0.502    -0.740     0.448
 8    -0.053    -0.491    -0.870
 9   128.498   -31.931   -12.773
 9    -0.093    -0.979     0.183
 9     0.301     0.147     0.942
 9    -0.949     0.142     0.281
 2    96.244   -22.657    59.954
 2     0.185    -0.980     0.069
 2     0.964     0.195     0.182
 2    -0.192     0.033     0.981
 3   129.575    -2.562     3.438
 3     0.454     0.197    -0.869
 3     0.295     0.887     0.355
 3     0.841    -0.418     0.344
 4   108.229    10.560    -9.327
 4     0.558    -0.657     0.506
 4     0.771     0.637    -0.024
 4    -0.307     0.403     0.862
 5   123.805    25.083     9.317
 5     0.803     0.565     0.190
 5     0.594    -0.788    -0.165
 5     0.056     0.245    -0.968
 6   128.561    23.324   -11.400
 6     0.124     0.863     0.489
 6    -0.425     0.491    -0.760
 6    -0.896    -0.113     0.428
 7   112.309   -23.383    -7.577
 7     0.768     0.393     0.506
 7    -0.569     0.781     0.256
 7    -0.295    -0.485     0.823
 8   128.231   -33.497    12.332
 8     0.850    -0.481     0.211
 8    -0.523    -0.733     0.435
 8    -0.055    -0.481    -0.875
 9   127.987   -32.706   -12.635
 9    -0.099    -0.974     0.202
 9     0.280     0.168     0.945
 9    -0.955     0.151     0.256
 2    96.245   -22.708    59.903
 2     0.185    -0.980     0.069
 2     0.964     0.195     0.182
 2    -0.192     0.033     0.981
 3   129.568    -2.565     3.416
 3     0.456     0.191    -0.869
 3     0.293     0.890     0.350
 3     0.840    -0.415     0.350
 4   108.236    10.594    -9.344
 4     0.549    -0.667     0.504
 4     0.779     0.626    -0.021
 4    -0.302     0.404     0.863
 5   123.352    25.411     9.553
 5     0.786     0.584     0.201
 5     0.614    -0.775    -0.149
 5     0.069     0.241    -0.968
 6   128.251    24.185   -11.088
 6     0.141     0.839     0.525
 6    -0.399     0.534    -0.745
 6    -0.906    -0.105     0.410
 7   112.360   -23.436    -7.571
 7     0.764     0.395     0.510
 7    -0.573     0.779     0.255
 7    -0.296    -0.487     0.821
 8   128.513   -33.548    12.417
 8     0.839    -0.507     0.195
 8    -0.539    -0.735     0.410
 8    -0.064    -0.450    -0.891
 9   126.904   -35.572   -11.504
 9    -0.113    -0.964     0.241
 9     0.229     0.211     0.950
 9    -0.967     0.162     0.197
 2    96.244   -22.657    59.954
 2     0.185    -0.980     0.069
 2     0.964     0.195     0.182
 2    -0.192     0.033     0.981
 3   129.615    -2.565     3.440
 3     0.456     0.184    -0.871
 3     0.294     0.892     0.343
 3     0.840    -0.413     0.353
 4   108.316    10.572    -9.399
 4     0.546    -0.672     0.500
 4     0.782     0.623    -0.017
 4    -0.300     0.400     0.866
 5   123.313    25.372     9.659
 5     0.778     0.593     0.206
 5     0.623    -0.769    -0.140
 5     0.075     0.237    -0.968
 6   128.120    24.430   -11.105
 6     0.142     0.831     0.538
 6    -0.385     0.547    -0.743
 6    -0.912    -0.102     0.398
 7   112.482   -23.616    -7.559
 7     0.761     0.394     0.515
 7    -0.576     0.776     0.257
 7    -0.299    -0.492     0.818
 8   128.680   -33.729    12.321
 8     0.834    -0.520     0.185
 8    -0.547    -0.734     0.402
 8    -0.073    -0.437    -0.897
 9   127.002   -34.334   -12.685
 9    -0.149    -0.961     0.233
 9     0.224     0.197     0.954
 9    -0.963     0.194     0.186
 2    96.245   -22.657    59.904
 2     0.185    -0.980     0.069
 2     0.964     0.195     0.182
 2    -0.192     0.033     0.981
 3   129.735    -2.642     3.369
 3     0.457     0.182    -0.871
 3     0.294     0.893     0.341
 3     0.839    -0.412     0.354
 4   108.413    10.572    -9.447
 4     0.545    -0.672     0.500
 4     0.782     0.622    -0.017
 4    -0.301     0.400     0.865
 5   123.312    25.425     9.608
 5     0.775     0.597     0.207
 5     0.628    -0.766    -0.140
 5     0.075     0.239    -0.968
 6   127.970    24.546   -11.050
 6     0.146     0.801     0.580
 6    -0.386     0.587    -0.712
 6    -0.911    -0.120     0.395
 7   112.623   -23.748    -7.461
 7     0.758     0.390     0.523
 7    -0.576     0.776     0.257
 7    -0.305    -0.496     0.812
 8   128.966   -33.835    12.255
 8     0.830    -0.530     0.173
 8    -0.551    -0.733     0.398
 8    -0.084    -0.426    -0.901
 9   126.438   -34.154   -13.059
 9    -0.187    -0.948     0.259
 9     0.229     0.214     0.949
 9    -0.955     0.237     0.177
 2    96.244   -22.657    59.954
 2     0.185    -0.980     0.069
 2     0.964     0.195     0.182
 2    -0.192     0.033     0.981
 3   129.784    -2.692     3.420
 3     0.456     0.179    -0.872
 3     0.295     0.893     0.338
 3     0.839    -0.412     0.354
 4   108.460    10.468    -9.441
 4     0.545    -0.672     0.501
 4     0.781     0.623    -0.014
 4    -0.303     0.399     0.865
 5   123.306    25.476     9.564
 5     0.770     0.602     0.209
 5     0.633    -0.761    -0.143
 5     0.073     0.243    -0.967
 6   127.780    24.425   -11.217
 6     0.141     0.786     0.602
 6    -0.393     0.603    -0.694
 6    -0.909    -0.139     0.394
 7   112.641   -23.982    -7.391
 7     0.753     0.389     0.530
 7    -0.580     0.773     0.256
 7    -0.310    -0.501     0.808
 8   129.132   -33.916    12.340
 8     0.823    -0.543     0.162
 8    -0.559    -0.730     0.392
 8    -0.094    -0.414    -0.906
 9   125.839   -34.368   -13.175
 9    -0.216    -0.930     0.297
 9     0.233     0.246     0.941
 9    -0.948     0.272     0.164
 2    96.245   -22.708    59.903
 2     0.185    -0.980     0.069
 2     0.964     0.195     0.182
 2    -0.192     0.033     0.981
 3   129.878    -2.795     3.373
 3     0.458     0.175    -0.871
 3     0.296     0.894     0.336
 3     0.838    -0.412     0.358
 4   108.532    10.392    -9.438
 4     0.543    -0.674     0.501
 4     0.783     0.622    -0.012
 4    -0.304     0.398     0.865
 5   123.198    25.554     9.541
 5     0.763     0.611     0.210
 5     0.642    -0.753    -0.141
 5     0.071     0.243    -0.967
 6   127.544    24.454   -11.205
 6     0.139     0.772     0.620
 6    -0.393     0.617    -0.681
 6    -0.909    -0.149     0.390
 7   112.619   -24.112    -7.332
 7     0.748     0.392     0.535
 7    -0.586     0.768     0.256
 7    -0.311    -0.506     0.805
 8   129.060   -34.198    12.350
 8     0.816    -0.555     0.162
 8    -0.570    -0.725     0.385
 8    -0.096    -0.407    -0.908
 9   125.476   -34.635   -13.136
 9    -0.225    -0.924     0.309
 9     0.232     0.257     0.938
 9    -0.946     0.283     0.157
 2    96.194   -22.708    59.954
 2     0.185    -0.980     0.069
 2     0.964     0.195     0.182
 2    -0.192     0.033     0.981
 3   129.866    -2.747     3.331
 3     0.461     0.167    -0.872
 3     0.296     0.897     0.328
 3     0.836    -0.409     0.364
 4   108.449    10.342    -9.434
 4     0.536    -0.678     0.503
 4     0.786     0.617    -0.007
 4    -0.306     0.399     0.864
 5   123.015    25.607     9.544
 5     0.755     0.620     0.210
 5     0.651    -0.745    -0.142
 5     0.069     0.244    -0.967
 6   126.927    24.636   -11.311
 6     0.133     0.751     0.646
 6    -0.398     0.638    -0.659
 6    -0.908    -0.170     0.384
 7   112.579   -24.264    -7.205
 7     0.743     0.396     0.539
 7    -0.594     0.762     0.258
 7    -0.309    -0.512     0.802
 8   128.923   -34.323    12.577
 8     0.809    -0.565     0.162
 8    -0.580    -0.723     0.375
 8    -0.094    -0.397    -0.913
 9   125.092   -34.875   -12.824
 9    -0.236    -0.915     0.327
 9     0.225     0.275     0.934
 9    -0.945     0.294     0.141
 2    96.194   -22.708    59.955
 2     0.185    -0.980     0.069
 2     0.964     0.195     0.182
 2    -0.192     0.032     0.981
 3   129.855    -2.827     3.163
 3     0.465     0.161    -0.871
 3     0.296     0.898     0.324
 3     0.834    -0.409     0.370
 4   108.256    10.237    -9.369
 4     0.528    -0.680     0.509
 4     0.790     0.613    -0.000
 4    -0.312     0.402     0.861
 5   122.816    25.835     9.507
 5     0.744     0.635     0.206
 5     0.665    -0.734    -0.141
 5     0.062     0.242    -0.968
 6   126.454    24.739   -11.208
 6     0.126     0.730     0.672
 6    -0.400     0.657    -0.639
 6    -0.908    -0.188     0.375
 7   112.531   -24.342    -7.096
 7     0.740     0.396     0.543
 7    -0.597     0.759     0.260
 7    -0.310    -0.517     0.798
 8   128.929   -34.424    12.758
 8     0.805    -0.571     0.160
 8    -0.586    -0.722     0.367
 8    -0.094    -0.390    -0.916
 9   124.841   -35.041   -12.858
 9    -0.246    -0.910     0.333
 9     0.220     0.282     0.934
 9    -0.944     0.303     0.130
 2    96.194   -22.708    59.954
 2     0.185    -0.980     0.069
 2     0.964     0.195     0.182
 2    -0.192     0.033     0.981
 3   129.794    -2.830     3.121
 3     0.468     0.152    -0.870
 3     0.297     0.900     0.317
 3     0.832    -0.407     0.376
 4   108.018    10.212    -9.314
 4     0.518    -0.683     0.515
 4     0.795     0.606     0.004
 4    -0.315     0.407     0.857
 5   122.381    25.916     9.556
 5     0.733     0.648     0.204
 5     0.677    -0.723    -0.136
 5     0.060     0.238    -0.969
 6   125.856    24.961   -10.995
 6     0.120     0.717     0.686
 6    -0.394     0.669    -0.630
 6    -0.911    -0.195     0.363
 7   112.488   -24.469    -7.019
 7     0.737     0.396     0.547
 7    -0.601     0.755     0.263
 7    -0.309    -0.523     0.794
 8   128.917   -34.318    12.953
 8     0.804    -0.573     0.158
 8    -0.588    -0.725     0.359
 8    -0.091    -0.381    -0.920
 9   124.345   -37.171   -10.898
 9    -0.232    -0.901     0.366
 9     0.196     0.325     0.925
 9    -0.953     0.286     0.101
 2    96.245   -22.708    59.903
 2     0.185    -0.980     0.069
 2     0.964     0.195     0.182
 2    -0.192     0.033     0.981
 3   129.673    -2.760     3.064
 3     0.474     0.142    -0.869
 3     0.298     0.902     0.310
 3     0.828    -0.406     0.385
 4   107.708    10.213    -9.291
 4     0.508    -0.687     0.520
 4     0.801     0.598     0.007
 4    -0.316     0.413     0.854
 5   122.023    25.971     9.627
 5     0.725     0.659     0.200
 5     0.686    -0.716    -0.128
 5     0.059     0.230    -0.971
 6   125.353    25.159   -10.965
 6     0.117     0.704     0.700
 6    -0.388     0.682    -0.620
 6    -0.914    -0.199     0.353
 7   112.314   -24.521    -6.911
 7     0.735     0.394     0.551
 7    -0.603     0.752     0.266
 7    -0.310    -0.528     0.791
 8   128.924   -34.137    13.056
 8     0.803    -0.576     0.151
 8    -0.589    -0.729     0.349
 8    -0.091    -0.370    -0.925
 9   124.239   -35.707   -12.283
 9    -0.261    -0.900     0.350
 9     0.192     0.307     0.932
 9    -0.946     0.311     0.092
 2    96.194   -22.708    59.955
 2     0.185    -0.980     0.069
 2     0.964     0.195     0.182
 2    -0.192     0.032     0.981
 3   129.583    -2.766     2.976
 3     0.480     0.134    -0.867
 3     0.298     0.905     0.304
 3     0.825    -0.405     0.394
 4   107.478    10.242    -9.198
 4     0.500    -0.688     0.526
 4     0.807     0.591     0.006
 4    -0.315     0.422     0.850
 5   121.792    25.977     9.717
 5     0.719     0.667     0.193
 5     0.692    -0.712    -0.117
 5     0.059     0.217    -0.974
 6   124.912    25.320   -10.909
 6     0.108     0.697     0.708
 6    -0.375     0.688    -0.621
 6    -0.920    -0.199     0.336
 7   112.243   -24.623    -6.832
 7     0.733     0.393     0.554
 7    -0.605     0.749     0.269
 7    -0.310    -0.533     0.787
 8   128.834   -34.083    13.178
 8     0.802    -0.578     0.149
 8    -0.590    -0.731     0.342
 8    -0.089    -0.362    -0.928
 9   123.870   -35.503   -12.525
 9    -0.279    -0.890     0.360
 9     0.186     0.318     0.929
 9    -0.942     0.326     0.077
 2    96.194   -22.708    59.954
 2     0.185    -0.980     0.069
 2     0.964     0.195     0.182
 2    -0.192     0.033     0.981
 3   129.527    -2.717     2.954
 3     0.483     0.130    -0.866
 3     0.297     0.906     0.301
 3     0.824    -0.403     0.399
 4   107.330    10.295    -9.130
 4     0.498    -0.688     0.529
 4     0.809     0.588     0.003
 4    -0.313     0.426     0.849
 5   121.698    25.931     9.884
 5     0.718     0.669     0.192
 5     0.693    -0.712    -0.112
 5     0.062     0.213    -0.975
 6   124.790    25.412   -10.653
 6     0.107     0.696     0.709
 6    -0.367     0.691    -0.623
 6    -0.924    -0.193     0.329
 7   112.119   -24.573    -6.830
 7     0.732     0.394     0.556
 7    -0.607     0.748     0.268
 7    -0.310    -0.534     0.787
 8   128.784   -34.033    13.181
 8     0.801    -0.580     0.147
 8    -0.591    -0.731     0.340
 8    -0.090    -0.359    -0.929
 9   123.726   -35.447   -12.493
 9    -0.284    -0.885     0.369
 9     0.182     0.328     0.927
 9    -0.942     0.330     0.068
 2    96.194   -22.708    59.954
 2     0.185    -0.980     0.069
 2     0.964     0.195     0.182
 2    -0.192     0.033     0.981
 3   129.472    -2.670     2.856
 3     0.486     0.130    -0.864
 3     0.294     0.907     0.302
 3     0.823    -0.401     0.403
 4   107.315    10.478    -9.044
 4     0.499    -0.687     0.529
 4     0.810     0.586    -0.003
 4    -0.308     0.430     0.849
 5   121.635    25.860    10.045
 5     0.719     0.668     0.192
 5     0.692    -0.714    -0.104
 5     0.067     0.208    -0.976
 6   124.765    25.631   -10.274
 6     0.107     0.696     0.709
 6    -0.356     0.693    -0.626
 6    -0.928    -0.186     0.323
 7   111.970   -24.524    -6.829
 7     0.729     0.397     0.557
 7    -0.610     0.746     0.266
 7    -0.310    -0.534     0.787
 8   128.616   -33.955    13.275
 8     0.800    -0.581     0.148
