% Calibrated with leiden_pols
% Positions are in centimeters
Data =[
 2    96.245   -22.708    59.903
 2     0.185    -0.980     0.070
 2     0.964     0.195     0.182
 2    -0.192     0.033     0.981
 3   129.990    -2.392     3.500
 3     0.406     0.225    -0.885
 3     0.310     0.877     0.366
 3     0.859    -0.423     0.287
 4   108.525     9.415    -9.968
 4     0.609    -0.602     0.516
 4     0.692     0.721     0.023
 4    -0.387     0.343     0.856
 5   124.810    28.822     3.030
 5     0.924     0.072     0.374
 5     0.357    -0.504    -0.787
 5     0.131     0.861    -0.491
 6   135.723     6.588    -5.405
 6     0.049     0.972    -0.228
 6    -0.997     0.035    -0.067
 6    -0.057     0.230     0.971
 7   113.062   -22.310    -8.509
 7     0.799     0.313     0.513
 7    -0.448     0.879     0.163
 7    -0.400    -0.360     0.843
 8   129.798   -36.669     2.828
 8     0.980     0.026     0.198
 8    -0.193    -0.141     0.971
 8     0.053    -0.990    -0.133
 9   137.087   -12.311    -6.645
 9    -0.017    -0.947    -0.322
 9     0.998    -0.032     0.041
 9    -0.050    -0.321     0.946
 2    96.244   -22.708    59.954
 2     0.185    -0.980     0.069
 2     0.964     0.195     0.182
 2    -0.192     0.033     0.981
 3   129.941    -2.418     3.500
 3     0.407     0.225    -0.885
 3     0.310     0.877     0.366
 3     0.859    -0.424     0.287
 4   108.502     9.467    -9.971
 4     0.609    -0.603     0.516
 4     0.693     0.720     0.023
 4    -0.386     0.343     0.856
 5   124.766    28.800     3.121
 5     0.924     0.072     0.375
 5     0.357    -0.507    -0.784
 5     0.134     0.859    -0.495
 6   135.721     6.588    -5.453
 6     0.049     0.973    -0.227
 6    -0.997     0.035    -0.068
 6    -0.058     0.230     0.971
 7   113.063   -22.310    -8.509
 7     0.799     0.313     0.513
 7    -0.449     0.878     0.163
 7    -0.400    -0.361     0.842
 8   129.799   -36.669     2.829
 8     0.979     0.025     0.199
 8    -0.194    -0.141     0.971
 8     0.053    -0.990    -0.134
 9   137.085   -12.388    -6.668
 9    -0.016    -0.947    -0.321
 9     0.998    -0.031     0.043
 9    -0.051    -0.320     0.946
 2    96.244   -22.708    59.954
 2     0.185    -0.980     0.069
 2     0.964     0.195     0.182
 2    -0.192     0.033     0.981
 3   129.941    -2.418     3.526
 3     0.408     0.225    -0.885
 3     0.310     0.877     0.366
 3     0.859    -0.424     0.288
 4   108.452     9.417    -9.971
 4     0.608    -0.603     0.516
 4     0.693     0.720     0.023
 4    -0.386     0.343     0.856
 5   124.763    28.748     3.123
 5     0.925     0.072     0.373
 5     0.356    -0.508    -0.784
 5     0.133     0.858    -0.496
 6   135.672     6.537    -5.453
 6     0.049     0.973    -0.227
 6    -0.997     0.035    -0.068
 6    -0.058     0.229     0.971
 7   113.063   -22.309    -8.509
 7     0.799     0.312     0.513
 7    -0.448     0.878     0.164
 7    -0.400    -0.362     0.842
 8   129.796   -36.669     2.831
 8     0.980     0.025     0.198
 8    -0.193    -0.142     0.971
 8     0.052    -0.990    -0.134
 9   137.182   -12.389    -6.717
 9    -0.016    -0.947    -0.320
 9     0.998    -0.031     0.044
 9    -0.052    -0.319     0.946
 2    96.244   -22.708    59.954
 2     0.185    -0.980     0.069
 2     0.964     0.195     0.182
 2    -0.192     0.033     0.981
 3   129.936    -2.420     3.506
 3     0.409     0.224    -0.884
 3     0.310     0.877     0.366
 3     0.858    -0.425     0.289
 4   108.449     9.416    -9.968
 4     0.608    -0.603     0.517
 4     0.693     0.720     0.024
 4    -0.387     0.343     0.855
 5   124.763    28.800     3.123
 5     0.924     0.073     0.374
 5     0.357    -0.508    -0.784
 5     0.133     0.858    -0.496
 6   135.672     6.588    -5.478
 6     0.050     0.973    -0.225
 6    -0.997     0.036    -0.068
 6    -0.058     0.228     0.972
 7   113.088   -22.309    -8.509
 7     0.799     0.311     0.514
 7    -0.448     0.878     0.165
 7    -0.400    -0.362     0.842
 8   129.822   -36.669     2.831
 8     0.979     0.024     0.198
 8    -0.193    -0.143     0.971
 8     0.052    -0.989    -0.135
 9   137.181   -12.389    -6.819
 9    -0.016    -0.948    -0.318
 9     0.998    -0.032     0.044
 9    -0.052    -0.317     0.947
 2    96.194   -22.657    59.954
 2     0.185    -0.980     0.069
 2     0.964     0.195     0.182
 2    -0.192     0.033     0.981
 3   129.931    -2.396     3.461
 3     0.411     0.223    -0.884
 3     0.311     0.877     0.366
 3     0.857    -0.425     0.291
 4   108.444     9.464    -9.963
 4     0.608    -0.601     0.518
 4     0.692     0.721     0.024
 4    -0.389     0.344     0.855
 5   124.757    28.745     3.081
 5     0.925     0.074     0.371
 5     0.355    -0.508    -0.785
 5     0.130     0.858    -0.496
 6   135.670     6.536    -5.628
 6     0.049     0.973    -0.225
 6    -0.997     0.034    -0.069
 6    -0.059     0.228     0.972
 7   113.006   -22.313    -8.571
 7     0.797     0.310     0.518
 7    -0.449     0.878     0.165
 7    -0.404    -0.364     0.839
 8   129.736   -36.674     2.810
 8     0.979     0.012     0.200
 8    -0.196    -0.155     0.968
 8     0.043    -0.988    -0.149
 9   137.018   -12.630    -7.313
 9    -0.015    -0.950    -0.311
 9     0.997    -0.036     0.059
 9    -0.068    -0.309     0.948
 2    96.194   -22.657    59.954
 2     0.185    -0.980     0.069
 2     0.964     0.195     0.182
 2    -0.192     0.033     0.981
 3   129.921    -2.400     3.370
 3     0.415     0.221    -0.882
 3     0.310     0.877     0.365
 3     0.855    -0.426     0.296
 4   108.436     9.410    -9.981
 4     0.607    -0.599     0.522
 4     0.691     0.722     0.025
 4    -0.392     0.346     0.852
 5   124.795    28.736     2.928
 5     0.926     0.092     0.365
 5     0.358    -0.516    -0.778
 5     0.117     0.851    -0.511
 6   135.823     6.790    -6.379
 6     0.053     0.972    -0.229
 6    -0.995     0.031    -0.099
 6    -0.090     0.232     0.968
 7   113.007   -22.339    -8.518
 7     0.796     0.311     0.519
 7    -0.451     0.877     0.166
 7    -0.404    -0.366     0.838
 8   129.725   -36.655     3.227
 8     0.978    -0.014     0.207
 8    -0.206    -0.192     0.959
 8     0.026    -0.981    -0.191
 9   136.922   -13.124    -7.988
 9    -0.007    -0.954    -0.301
 9     0.994    -0.040     0.103
 9    -0.111    -0.298     0.948
 2    96.194   -22.657    59.954
 2     0.185    -0.980     0.069
 2     0.964     0.195     0.182
 2    -0.192     0.033     0.981
 3   129.966    -2.401     3.350
 3     0.417     0.219    -0.882
 3     0.311     0.877     0.365
 3     0.854    -0.427     0.298
 4   108.430     9.460   -10.026
 4     0.605    -0.600     0.524
 4     0.692     0.721     0.026
 4    -0.394     0.346     0.851
 5   124.745    28.631     3.169
 5     0.923     0.127     0.363
 5     0.370    -0.545    -0.752
 5     0.102     0.828    -0.550
 6   135.835     7.416    -7.247
 6     0.079     0.976    -0.204
 6    -0.986     0.047    -0.157
 6    -0.143     0.213     0.966
 7   112.956   -22.343    -8.508
 7     0.792     0.313     0.523
 7    -0.455     0.875     0.165
 7    -0.406    -0.369     0.836
 8   129.532   -36.489     3.591
 8     0.974    -0.052     0.218
 8    -0.224    -0.236     0.945
 8     0.002    -0.970    -0.241
 9   137.007   -13.907    -9.380
 9     0.017    -0.962    -0.273
 9     0.986    -0.028     0.162
 9    -0.163    -0.273     0.948
 2    96.194   -22.708    59.954
 2     0.185    -0.980     0.069
 2     0.964     0.195     0.182
 2    -0.192     0.033     0.981
 3   129.961    -2.353     3.304
 3     0.419     0.218    -0.882
 3     0.311     0.878     0.364
 3     0.853    -0.427     0.300
 4   108.429     9.460   -10.027
 4     0.604    -0.599     0.525
 4     0.692     0.721     0.026
 4    -0.394     0.347     0.851
 5   124.856    28.401     3.525
 5     0.922     0.155     0.353
 5     0.375    -0.577    -0.725
 5     0.091     0.802    -0.591
