% Calibrated with leiden_pols
% Positions are in centimeters
Data =[
 2    98.917   -18.756    59.129
 2     0.646    -0.764     0.005
 2     0.763     0.644     0.032
 2    -0.027    -0.018     0.999
 3   108.882    -2.444    -0.500
 3     0.239     0.035     0.970
 3    -0.139     0.990    -0.002
 3    -0.961    -0.135     0.241
 4   122.672    17.010   -13.294
 4     0.678    -0.719     0.152
 4     0.660     0.505    -0.556
 4     0.323     0.477     0.817
 5   142.240    28.637    35.372
 5     0.349    -0.155    -0.924
 5    -0.079     0.977    -0.196
 5     0.933     0.142     0.327
 6   121.296    26.199    17.308
 6    -0.084     0.588     0.805
 6    -0.329     0.746    -0.578
 6    -0.940    -0.312     0.131
 7   123.863   -19.986   -12.178
 7     0.725     0.631     0.275
 7    -0.678     0.587     0.442
 7     0.118    -0.507     0.853
 8   140.130   -31.685    35.119
 8     0.457     0.388    -0.802
 8     0.165     0.848     0.503
 8     0.874    -0.362     0.323
 9   116.912   -33.434    16.468
 9    -0.112    -0.649     0.753
 9     0.230     0.720     0.654
 9    -0.967     0.246     0.069
 2    98.917   -18.756    59.129
 2     0.646    -0.764     0.005
 2     0.763     0.644     0.032
 2    -0.027    -0.018     0.999
 3   108.880    -2.444    -0.501
 3     0.240     0.035     0.970
 3    -0.139     0.990    -0.002
 3    -0.961    -0.135     0.242
 4   122.672    17.010   -13.294
 4     0.678    -0.719     0.152
 4     0.660     0.505    -0.557
 4     0.323     0.477     0.817
 5   142.247    28.639    35.312
 5     0.348    -0.154    -0.925
 5    -0.079     0.978    -0.195
 5     0.934     0.142     0.326
 6   121.346    26.250    17.257
 6    -0.084     0.588     0.805
 6    -0.329     0.746    -0.578
 6    -0.940    -0.313     0.131
 7   123.811   -20.038   -12.175
 7     0.725     0.630     0.276
 7    -0.678     0.587     0.442
 7     0.117    -0.508     0.853
 8   140.248   -31.661    34.997
 8     0.458     0.382    -0.804
 8     0.165     0.851     0.497
 8     0.873    -0.360     0.326
 9   117.053   -33.473    16.368
 9    -0.118    -0.651     0.750
 9     0.229     0.717     0.658
 9    -0.966     0.249     0.065
 2    98.916   -18.755    59.129
 2     0.645    -0.765     0.005
 2     0.763     0.644     0.032
 2    -0.027    -0.018     0.999
 3   108.881    -2.445    -0.500
 3     0.240     0.034     0.970
 3    -0.140     0.990    -0.001
 3    -0.961    -0.135     0.242
 4   122.666    17.059   -13.340
 4     0.678    -0.719     0.154
 4     0.661     0.505    -0.555
 4     0.321     0.478     0.818
 5   142.341    28.689    35.297
 5     0.350    -0.153    -0.924
 5    -0.078     0.978    -0.194
 5     0.933     0.141     0.329
 6   121.426    26.247    17.189
 6    -0.088     0.587     0.805
 6    -0.330     0.745    -0.579
 6    -0.940    -0.315     0.130
 7   123.805   -20.039   -12.192
 7     0.726     0.628     0.278
 7    -0.677     0.588     0.441
 7     0.114    -0.509     0.853
 8   140.372   -31.611    34.945
 8     0.458     0.376    -0.807
 8     0.165     0.854     0.491
 8     0.873    -0.358     0.328
 9   117.127   -33.473    16.317
 9    -0.119    -0.652     0.749
 9     0.230     0.716     0.659
 9    -0.966     0.250     0.065
 2    98.867   -18.705    59.129
 2     0.645    -0.765     0.004
 2     0.763     0.644     0.033
 2    -0.027    -0.019     0.999
 3   108.858    -2.446    -0.473
 3     0.239     0.034     0.970
 3    -0.140     0.990    -0.001
 3    -0.961    -0.135     0.241
 4   122.658    17.056   -13.356
 4     0.679    -0.717     0.156
 4     0.662     0.506    -0.553
 4     0.318     0.479     0.818
 5   142.367    28.690    35.196
 5     0.351    -0.153    -0.924
 5    -0.077     0.978    -0.194
 5     0.933     0.140     0.331
 6   121.378    26.247    17.140
 6    -0.089     0.588     0.804
 6    -0.330     0.745    -0.579
 6    -0.940    -0.316     0.129
 7   123.801   -20.041   -12.236
 7     0.727     0.627     0.280
 7    -0.678     0.588     0.442
 7     0.112    -0.511     0.852
 8   140.422   -31.611    34.895
 8     0.458     0.375    -0.807
 8     0.165     0.855     0.491
 8     0.873    -0.358     0.328
 9   117.087   -33.469    16.360
 9    -0.119    -0.651     0.750
 9     0.231     0.716     0.657
 9    -0.965     0.251     0.066
 2    98.866   -18.705    59.129
 2     0.645    -0.765     0.005
 2     0.763     0.644     0.032
 2    -0.027    -0.018     0.999
 3   108.886    -2.446    -0.469
 3     0.237     0.034     0.971
 3    -0.140     0.990    -0.001
 3    -0.961    -0.136     0.240
 4   122.657    17.004   -13.353
 4     0.680    -0.717     0.156
 4     0.661     0.506    -0.554
 4     0.317     0.479     0.818
 5   142.417    28.691    35.195
 5     0.352    -0.154    -0.923
 5    -0.076     0.978    -0.195
 5     0.933     0.140     0.331
 6   121.383    26.250    17.183
 6    -0.089     0.587     0.805
 6    -0.331     0.745    -0.579
 6    -0.939    -0.316     0.129
 7   123.752   -20.066   -12.236
 7     0.726     0.628     0.281
 7    -0.678     0.587     0.441
 7     0.112    -0.511     0.852
 8   140.372   -31.611    34.894
 8     0.458     0.376    -0.806
 8     0.165     0.854     0.492
 8     0.873    -0.358     0.328
 9   117.052   -33.423    16.367
 9    -0.119    -0.649     0.752
 9     0.231     0.718     0.656
 9    -0.966     0.251     0.065
 2    98.917   -18.756    59.129
 2     0.646    -0.764     0.005
 2     0.763     0.644     0.032
 2    -0.027    -0.018     0.999
 3   108.878    -2.449    -0.460
 3     0.236     0.035     0.971
 3    -0.139     0.990    -0.002
 3    -0.962    -0.135     0.239
 4   122.659    17.005   -13.356
 4     0.679    -0.717     0.156
 4     0.661     0.506    -0.554
 4     0.318     0.479     0.818
 5   142.366    28.743    35.246
 5     0.351    -0.155    -0.923
 5    -0.075     0.978    -0.196
 5     0.933     0.140     0.331
 6   121.376    26.248    17.213
 6    -0.087     0.589     0.804
 6    -0.329     0.745    -0.580
 6    -0.940    -0.314     0.129
 7   123.751   -20.041   -12.236
 7     0.726     0.628     0.280
 7    -0.678     0.587     0.441
 7     0.112    -0.510     0.852
 8   140.347   -31.611    34.945
 8     0.458     0.377    -0.806
 8     0.165     0.854     0.492
 8     0.873    -0.358     0.328
 9   117.052   -33.422    16.368
 9    -0.119    -0.649     0.751
 9     0.230     0.718     0.656
 9    -0.966     0.250     0.065
 2    98.869   -18.755    59.126
 2     0.646    -0.764     0.004
 2     0.763     0.644     0.032
 2    -0.026    -0.018     0.999
 3   108.875    -2.448    -0.464
 3     0.237     0.035     0.971
 3    -0.138     0.990    -0.002
 3    -0.962    -0.134     0.239
 4   122.614    17.007   -13.337
 4     0.679    -0.718     0.155
 4     0.661     0.505    -0.555
 4     0.320     0.479     0.817
 5   142.366    28.742    35.297
 5     0.352    -0.154    -0.923
 5    -0.076     0.978    -0.195
 5     0.933     0.140     0.331
 6   121.375    26.247    17.264
 6    -0.087     0.590     0.803
 6    -0.329     0.744    -0.581
 6    -0.940    -0.314     0.130
 7   123.801   -19.990   -12.236
 7     0.726     0.628     0.280
 7    -0.678     0.588     0.440
 7     0.112    -0.510     0.853
 8   140.297   -31.611    34.945
 8     0.458     0.377    -0.806
 8     0.165     0.854     0.493
 8     0.873    -0.359     0.328
 9   116.999   -33.421    16.364
 9    -0.120    -0.649     0.751
 9     0.230     0.718     0.656
 9    -0.966     0.251     0.064
 2    98.916   -18.755    59.129
 2     0.645    -0.765     0.005
 2     0.763     0.644     0.032
 2    -0.027    -0.018     0.999
 3   108.881    -2.444    -0.475
 3     0.238     0.034     0.970
 3    -0.138     0.990    -0.001
 3    -0.961    -0.134     0.240
 4   122.616    17.059   -13.289
 4     0.678    -0.719     0.154
 4     0.661     0.504    -0.556
 4     0.321     0.479     0.816
 5   142.342    28.691    35.298
 5     0.351    -0.152    -0.924
 5    -0.076     0.978    -0.193
 5     0.933     0.139     0.331
