% Calibrated with leiden_pols
% Positions are in centimeters
Data =[
 2    98.917   -18.756    59.129
 2     0.646    -0.764     0.005
 2     0.763     0.644     0.032
 2    -0.027    -0.018     0.999
 3   108.882    -2.444    -0.500
 3     0.239     0.035     0.970
 3    -0.139     0.990    -0.002
 3    -0.961    -0.135     0.241
 4   122.672    17.010   -13.294
 4     0.678    -0.719     0.152
 4     0.660     0.505    -0.556
 4     0.323     0.477     0.817
 5   142.240    28.637    35.372
 5     0.349    -0.155    -0.924
 5    -0.079     0.977    -0.196
 5     0.933     0.142     0.327
 6   121.296    26.199    17.308
 6    -0.084     0.588     0.805
 6    -0.329     0.746    -0.578
 6    -0.940    -0.312     0.131
 7   123.863   -19.986   -12.178
 7     0.725     0.631     0.275
 7    -0.678     0.587     0.442
 7     0.118    -0.507     0.853
 8   140.130   -31.685    35.119
 8     0.457     0.388    -0.802
 8     0.165     0.848     0.503
 8     0.874    -0.362     0.323
 9   116.912   -33.434    16.468
 9    -0.112    -0.649     0.753
 9     0.230     0.720     0.654
 9    -0.967     0.246     0.069
 2    98.917   -18.756    59.129
 2     0.646    -0.764     0.005
 2     0.763     0.644     0.032
 2    -0.027    -0.018     0.999
 3   108.880    -2.444    -0.501
 3     0.240     0.035     0.970
 3    -0.139     0.990    -0.002
 3    -0.961    -0.135     0.242
 4   122.672    17.010   -13.294
 4     0.678    -0.719     0.152
 4     0.660     0.505    -0.557
 4     0.323     0.477     0.817
 5   142.247    28.639    35.312
 5     0.348    -0.154    -0.925
 5    -0.079     0.978    -0.195
 5     0.934     0.142     0.326
 6   121.346    26.250    17.257
 6    -0.084     0.588     0.805
 6    -0.329     0.746    -0.578
 6    -0.940    -0.313     0.131
 7   123.811   -20.038   -12.175
 7     0.725     0.630     0.276
 7    -0.678     0.587     0.442
 7     0.117    -0.508     0.853
 8   140.248   -31.661    34.997
 8     0.458     0.382    -0.804
 8     0.165     0.851     0.497
 8     0.873    -0.360     0.326
 9   117.053   -33.473    16.368
 9    -0.118    -0.651     0.750
 9     0.229     0.717     0.658
 9    -0.966     0.249     0.065
 2    98.916   -18.755    59.129
 2     0.645    -0.765     0.005
 2     0.763     0.644     0.032
 2    -0.027    -0.018     0.999
 3   108.881    -2.445    -0.500
 3     0.240     0.034     0.970
 3    -0.140     0.990    -0.001
 3    -0.961    -0.135     0.242
 4   122.666    17.059   -13.340
 4     0.678    -0.719     0.154
 4     0.661     0.505    -0.555
 4     0.321     0.478     0.818
 5   142.341    28.689    35.297
 5     0.350    -0.153    -0.924
 5    -0.078     0.978    -0.194
 5     0.933     0.141     0.329
 6   121.426    26.247    17.189
 6    -0.088     0.587     0.805
 6    -0.330     0.745    -0.579
 6    -0.940    -0.315     0.130
 7   123.805   -20.039   -12.192
 7     0.726     0.628     0.278
 7    -0.677     0.588     0.441
 7     0.114    -0.509     0.853
 8   140.372   -31.611    34.945
 8     0.458     0.376    -0.807
 8     0.165     0.854     0.491
 8     0.873    -0.358     0.328
 9   117.127   -33.473    16.317
 9    -0.119    -0.652     0.749
 9     0.230     0.716     0.659
 9    -0.966     0.250     0.065
 2    98.867   -18.705    59.129
 2     0.645    -0.765     0.004
 2     0.763     0.644     0.033
 2    -0.027    -0.019     0.999
 3   108.858    -2.446    -0.473
 3     0.239     0.034     0.970
 3    -0.140     0.990    -0.001
 3    -0.961    -0.135     0.241
 4   122.658    17.056   -13.356
 4     0.679    -0.717     0.156
 4     0.662     0.506    -0.553
 4     0.318     0.479     0.818
 5   142.367    28.690    35.196
 5     0.351    -0.153    -0.924
 5    -0.077     0.978    -0.194
 5     0.933     0.140     0.331
 6   121.378    26.247    17.140
 6    -0.089     0.588     0.804
 6    -0.330     0.745    -0.579
 6    -0.940    -0.316     0.129
 7   123.801   -20.041   -12.236
 7     0.727     0.627     0.280
 7    -0.678     0.588     0.442
 7     0.112    -0.511     0.852
 8   140.422   -31.611    34.895
 8     0.458     0.375    -0.807
 8     0.165     0.855     0.491
 8     0.873    -0.358     0.328
 9   117.087   -33.469    16.360
 9    -0.119    -0.651     0.750
 9     0.231     0.716     0.657
 9    -0.965     0.251     0.066
 2    98.866   -18.705    59.129
 2     0.645    -0.765     0.005
 2     0.763     0.644     0.032
 2    -0.027    -0.018     0.999
 3   108.886    -2.446    -0.469
 3     0.237     0.034     0.971
 3    -0.140     0.990    -0.001
 3    -0.961    -0.136     0.240
 4   122.657    17.004   -13.353
 4     0.680    -0.717     0.156
 4     0.661     0.506    -0.554
 4     0.317     0.479     0.818
 5   142.417    28.691    35.195
 5     0.352    -0.154    -0.923
 5    -0.076     0.978    -0.195
 5     0.933     0.140     0.331
 6   121.383    26.250    17.183
 6    -0.089     0.587     0.805
 6    -0.331     0.745    -0.579
 6    -0.939    -0.316     0.129
 7   123.752   -20.066   -12.236
 7     0.726     0.628     0.281
 7    -0.678     0.587     0.441
 7     0.112    -0.511     0.852
 8   140.372   -31.611    34.894
 8     0.458     0.376    -0.806
 8     0.165     0.854     0.492
 8     0.873    -0.358     0.328
 9   117.052   -33.423    16.367
 9    -0.119    -0.649     0.752
 9     0.231     0.718     0.656
 9    -0.966     0.251     0.065
 2    98.917   -18.756    59.129
 2     0.646    -0.764     0.005
 2     0.763     0.644     0.032
 2    -0.027    -0.018     0.999
 3   108.878    -2.449    -0.460
 3     0.236     0.035     0.971
 3    -0.139     0.990    -0.002
 3    -0.962    -0.135     0.239
 4   122.659    17.005   -13.356
 4     0.679    -0.717     0.156
 4     0.661     0.506    -0.554
 4     0.318     0.479     0.818
 5   142.366    28.743    35.246
 5     0.351    -0.155    -0.923
 5    -0.075     0.978    -0.196
 5     0.933     0.140     0.331
 6   121.376    26.248    17.213
 6    -0.087     0.589     0.804
 6    -0.329     0.745    -0.580
 6    -0.940    -0.314     0.129
 7   123.751   -20.041   -12.236
 7     0.726     0.628     0.280
 7    -0.678     0.587     0.441
 7     0.112    -0.510     0.852
 8   140.347   -31.611    34.945
 8     0.458     0.377    -0.806
 8     0.165     0.854     0.492
 8     0.873    -0.358     0.328
 9   117.052   -33.422    16.368
 9    -0.119    -0.649     0.751
 9     0.230     0.718     0.656
 9    -0.966     0.250     0.065
 2    98.869   -18.755    59.126
 2     0.646    -0.764     0.004
 2     0.763     0.644     0.032
 2    -0.026    -0.018     0.999
 3   108.875    -2.448    -0.464
 3     0.237     0.035     0.971
 3    -0.138     0.990    -0.002
 3    -0.962    -0.134     0.239
 4   122.614    17.007   -13.337
 4     0.679    -0.718     0.155
 4     0.661     0.505    -0.555
 4     0.320     0.479     0.817
 5   142.366    28.742    35.297
 5     0.352    -0.154    -0.923
 5    -0.076     0.978    -0.195
 5     0.933     0.140     0.331
 6   121.375    26.247    17.264
 6    -0.087     0.590     0.803
 6    -0.329     0.744    -0.581
 6    -0.940    -0.314     0.130
 7   123.801   -19.990   -12.236
 7     0.726     0.628     0.280
 7    -0.678     0.588     0.440
 7     0.112    -0.510     0.853
 8   140.297   -31.611    34.945
 8     0.458     0.377    -0.806
 8     0.165     0.854     0.493
 8     0.873    -0.359     0.328
 9   116.999   -33.421    16.364
 9    -0.120    -0.649     0.751
 9     0.230     0.718     0.656
 9    -0.966     0.251     0.064
 2    98.916   -18.755    59.129
 2     0.645    -0.765     0.005
 2     0.763     0.644     0.032
 2    -0.027    -0.018     0.999
 3   108.881    -2.444    -0.475
 3     0.238     0.034     0.970
 3    -0.138     0.990    -0.001
 3    -0.961    -0.134     0.240
 4   122.616    17.059   -13.289
 4     0.678    -0.719     0.154
 4     0.661     0.504    -0.556
 4     0.321     0.479     0.816
 5   142.342    28.691    35.298
 5     0.351    -0.152    -0.924
 5    -0.076     0.978    -0.193
 5     0.933     0.139     0.331
 6   121.396    26.247    17.325
 6    -0.095     0.589     0.803
 6    -0.329     0.743    -0.583
 6    -0.939    -0.319     0.124
 7   123.803   -19.990   -12.239
 7     0.726     0.629     0.279
 7    -0.678     0.588     0.440
 7     0.113    -0.509     0.853
 8   140.461   -31.615    34.915
 8     0.464     0.382    -0.800
 8     0.165     0.849     0.501
 8     0.870    -0.365     0.330
 9   117.033   -33.267    16.472
 9    -0.137    -0.640     0.757
 9     0.226     0.723     0.652
 9    -0.964     0.259     0.046
 2    98.869   -18.704    59.126
 2     0.646    -0.764     0.004
 2     0.763     0.644     0.032
 2    -0.026    -0.018     0.999
 3   108.879    -2.498    -0.461
 3     0.236     0.030     0.971
 3    -0.138     0.990     0.003
 3    -0.962    -0.135     0.238
 4   122.449    17.016   -13.306
 4     0.668    -0.727     0.158
 4     0.668     0.493    -0.557
 4     0.326     0.478     0.815
 5   144.830    30.540    33.629
 5     0.469    -0.230    -0.853
 5    -0.024     0.962    -0.274
 5     0.883     0.149     0.444
 6   122.176    26.164    17.712
 6    -0.170     0.498     0.851
 6    -0.333     0.783    -0.524
 6    -0.927    -0.371     0.034
 7   123.739   -19.936   -12.212
 7     0.724     0.636     0.269
 7    -0.679     0.589     0.437
 7     0.120    -0.499     0.858
 8   145.391   -33.457    31.869
 8     0.619     0.345    -0.706
 8     0.129     0.841     0.524
 8     0.775    -0.416     0.476
 9   119.413   -33.781    16.203
 9    -0.282    -0.570     0.773
 9     0.298     0.713     0.634
 9    -0.912     0.409    -0.030
 2    98.869   -18.755    59.126
 2     0.645    -0.765     0.004
 2     0.763     0.644     0.032
 2    -0.026    -0.018     0.999
 3   108.471    -2.641    -0.175
 3     0.218     0.001     0.976
 3    -0.139     0.990     0.030
 3    -0.966    -0.142     0.216
 4   121.177    16.419   -13.383
 4     0.675    -0.714     0.192
 4     0.693     0.522    -0.495
 4     0.252     0.466     0.847
 5   152.329    33.243    24.402
 5     0.770    -0.239    -0.591
 5     0.039     0.943    -0.332
 5     0.636     0.232     0.735
 6   126.157    27.433    15.542
 6    -0.444     0.365     0.820
 6    -0.380     0.751    -0.538
 6    -0.812    -0.549    -0.194
 7   122.767   -19.948   -12.188
 7     0.738     0.608     0.292
 7    -0.668     0.599     0.442
 7     0.095    -0.521     0.848
 8   154.291   -36.107    19.629
 8     0.908     0.127    -0.398
 8     0.119     0.833     0.542
 8     0.400    -0.538     0.740
 9   124.474   -35.393    12.614
 9    -0.559    -0.361     0.748
 9     0.415     0.658     0.627
 9    -0.718     0.661    -0.218
 2    98.867   -18.705    59.079
 2     0.646    -0.764     0.004
 2     0.763     0.644     0.033
 2    -0.027    -0.019     0.999
 3   108.047    -2.784     0.080
 3     0.202    -0.013     0.979
 3    -0.143     0.989     0.042
 3    -0.969    -0.149     0.198
 4   120.144    15.451   -13.871
 4     0.687    -0.689     0.233
 4     0.709     0.564    -0.423
 4     0.160     0.455     0.876
 5   157.579    32.754    10.200
 5     0.967    -0.094    -0.235
 5     0.015     0.948    -0.320
 5     0.253     0.304     0.918
 6   130.650    28.082    10.096
 6    -0.661     0.200     0.725
 6    -0.436     0.684    -0.583
 6    -0.611    -0.701    -0.366
 7   121.320   -19.829   -12.428
 7     0.756     0.556     0.349
 7    -0.655     0.629     0.418
 7     0.013    -0.543     0.839
 8   158.017   -35.017     5.359
 8     0.977    -0.177    -0.119
 8     0.212     0.852     0.481
 8     0.015    -0.493     0.869
 9   128.620   -36.253     7.226
 9    -0.738    -0.161     0.656
 9     0.461     0.588     0.663
 9    -0.492     0.792    -0.361
 2    98.869   -18.755    59.126
 2     0.646    -0.764     0.004
 2     0.763     0.644     0.032
 2    -0.026    -0.018     0.999
 3   107.468    -2.870     0.387
 3     0.175     0.012     0.984
 3    -0.147     0.989     0.014
 3    -0.973    -0.148     0.175
 4   118.893    14.661   -14.400
 4     0.705    -0.645     0.298
 4     0.705     0.592    -0.389
 4     0.074     0.483     0.872
 5   158.696    31.457    -0.098
 5     1.000     0.019    -0.018
 5    -0.023     0.964    -0.266
 5     0.012     0.265     0.964
 6   132.657    28.121     5.469
 6    -0.774     0.088     0.627
 6    -0.447     0.626    -0.638
 6    -0.448    -0.775    -0.447
 7   119.482   -19.507   -12.628
 7     0.756     0.502     0.422
 7    -0.648     0.662     0.376
 7    -0.090    -0.556     0.825
 8   158.374   -33.948    -4.288
 8     0.954    -0.296     0.057
 8     0.247     0.878     0.410
 8    -0.172    -0.377     0.910
 9   130.311   -35.889     2.426
 9    -0.805    -0.037     0.593
 9     0.480     0.547     0.684
 9    -0.349     0.836    -0.424
 2    98.869   -18.755    59.126
 2     0.645    -0.765     0.004
 2     0.763     0.644     0.032
 2    -0.026    -0.018     0.999
 3   106.730    -2.783     1.018
 3     0.149     0.026     0.988
 3    -0.147     0.989    -0.004
 3    -0.978    -0.144     0.151
 4   117.519    14.245   -14.484
 4     0.714    -0.608     0.348
 4     0.700     0.612    -0.367
 4     0.010     0.505     0.862
 5   157.843    30.153    -9.015
 5     0.979     0.110     0.173
 5    -0.065     0.967    -0.243
 5    -0.193     0.228     0.954
 6   133.457    28.153     1.435
 6    -0.838    -0.014     0.546
 6    -0.455     0.572    -0.682
 6    -0.303    -0.820    -0.486
 7   117.781   -19.012   -12.722
 7     0.739     0.454     0.499
 7    -0.646     0.686     0.334
 7    -0.191    -0.569     0.799
 8   156.030   -33.958   -14.054
 8     0.889    -0.372     0.270
 8     0.254     0.887     0.383
 8    -0.381    -0.275     0.883
 9   130.506   -35.758    -2.227
 9    -0.807     0.102     0.582
 9     0.546     0.503     0.669
 9    -0.224     0.858    -0.463
 2    98.868   -18.755    59.152
 2     0.645    -0.765     0.004
 2     0.763     0.644     0.032
 2    -0.026    -0.018     0.999
 3   106.275    -2.637     1.410
 3     0.121     0.027     0.992
 3    -0.146     0.989    -0.010
 3    -0.982    -0.144     0.123
 4   116.096    13.956   -14.459
 4     0.705    -0.576     0.416
 4     0.706     0.619    -0.342
 4    -0.060     0.534     0.842
 5   155.100    29.233   -17.257
 5     0.920     0.180     0.349
 5    -0.103     0.968    -0.222
 5    -0.377     0.171     0.910
 6   133.095    28.393    -2.877
 6    -0.850    -0.132     0.510
 6    -0.502     0.493    -0.710
 6    -0.158    -0.860    -0.485
 7   116.214   -18.718   -12.557
 7     0.703     0.417     0.578
 7    -0.654     0.697     0.294
 7    -0.280    -0.584     0.761
 8   151.553   -33.667   -22.615
 8     0.766    -0.450     0.465
 8     0.284     0.878     0.379
 8    -0.576    -0.160     0.799
 9   130.108   -35.799    -6.330
 9    -0.785     0.251     0.567
 9     0.614     0.439     0.655
 9    -0.084     0.862    -0.499
 2    98.869   -18.755    59.152
 2     0.646    -0.764     0.004
 2     0.763     0.644     0.032
 2    -0.026    -0.018     0.999
 3   106.008    -2.696     1.928
 3     0.091     0.023     0.995
 3    -0.149     0.989    -0.010
 3    -0.985    -0.147     0.094
 4   114.609    13.315   -14.583
 4     0.678    -0.550     0.489
 4     0.723     0.618    -0.308
 4    -0.133     0.561     0.816
 5   150.823    28.486   -24.910
 5     0.830     0.241     0.508
 5    -0.138     0.963    -0.224
 5    -0.541     0.119     0.831
 6   132.027    28.823    -7.078
 6    -0.841    -0.269     0.469
 6    -0.541     0.414    -0.732
 6     0.003    -0.869    -0.494
 7   115.038   -18.466   -12.458
 7     0.667     0.367     0.649
 7    -0.651     0.709     0.268
 7    -0.362    -0.601     0.712
 8   147.219   -33.007   -29.367
 8     0.637    -0.485     0.607
 8     0.303     0.873     0.377
 8    -0.709    -0.057     0.699
 9   129.849   -35.288    -9.848
 9    -0.750     0.372     0.547
 9     0.661     0.392     0.640
 9     0.023     0.841    -0.539
 2    98.917   -18.756    59.129
 2     0.646    -0.764     0.005
 2     0.763     0.644     0.032
 2    -0.027    -0.018     0.999
 3   106.094    -2.860     2.414
 3     0.066     0.002     0.998
 3    -0.150     0.989     0.008
 3    -0.986    -0.150     0.066
 4   113.101    12.960   -14.471
 4     0.636    -0.529     0.563
 4     0.745     0.610    -0.269
 4    -0.201     0.589     0.781
 5   146.090    27.693   -31.120
 5     0.734     0.266     0.630
 5    -0.178     0.963    -0.192
 5    -0.656     0.031     0.752
 6   130.441    29.396   -10.575
 6    -0.809    -0.397     0.434
 6    -0.569     0.341    -0.748
 6     0.149    -0.852    -0.502
 7   114.148   -18.333   -12.100
 7     0.622     0.317     0.717
 7    -0.653     0.714     0.252
 7    -0.432    -0.624     0.650
 8   142.782   -32.292   -34.556
 8     0.509    -0.487     0.716
 8     0.317     0.872     0.366
 8    -0.801     0.041     0.594
 9   129.043   -34.925   -13.070
 9    -0.714     0.490     0.501
 9     0.688     0.364     0.627
 9     0.125     0.792    -0.597
 2    98.919   -18.755    59.126
 2     0.645    -0.765     0.004
 2     0.763     0.644     0.032
 2    -0.026    -0.018     0.999
 3   106.116    -2.820     2.717
 3     0.056    -0.014     0.998
 3    -0.144     0.989     0.022
 3    -0.988    -0.145     0.054
 4   112.027    12.587   -14.360
 4     0.600    -0.518     0.612
 4     0.766     0.591    -0.250
 4    -0.232     0.618     0.750
 5   142.133    28.175   -34.597
 5     0.665     0.262     0.703
 5    -0.183     0.965    -0.179
 5    -0.724    -0.009     0.687
 6   128.673    30.063   -12.492
 6    -0.763    -0.485     0.427
 6    -0.601     0.294    -0.743
 6     0.235    -0.823    -0.515
 7   113.420   -17.713   -12.160
 7     0.576     0.285     0.766
 7    -0.654     0.723     0.223
 7    -0.490    -0.630     0.602
 8   138.495   -31.653   -38.817
 8     0.414    -0.455     0.794
 8     0.329     0.881     0.331
 8    -0.849     0.127     0.508
 9   127.971   -34.524   -15.912
 9    -0.654     0.583     0.483
 9     0.728     0.315     0.607
 9     0.202     0.748    -0.630
 2    98.869   -18.755    59.126
 2     0.646    -0.764     0.004
 2     0.763     0.644     0.032
 2    -0.026    -0.018     0.999
 3   106.194    -2.652     3.055
 3     0.048    -0.023     0.998
 3    -0.131     0.991     0.029
 3    -0.990    -0.133     0.044
 4   111.041    12.762   -14.126
 4     0.571    -0.499     0.653
 4     0.783     0.567    -0.253
 4    -0.245     0.656     0.713
 5   138.669    29.029   -36.855
 5     0.605     0.253     0.761
 5    -0.174     0.967    -0.173
 5    -0.777    -0.027     0.624
 6   127.351    30.611   -13.774
 6    -0.720    -0.552     0.422
 6    -0.630     0.266    -0.729
 6     0.290    -0.791    -0.538
 7   112.684   -17.341   -12.078
 7     0.530     0.248     0.811
 7    -0.653     0.729     0.203
 7    -0.542    -0.637     0.548
 8   134.466   -31.024   -42.137
 8     0.317    -0.431     0.849
 8     0.334     0.883     0.321
 8    -0.888     0.185     0.418
 9   127.110   -33.916   -18.196
 9    -0.602     0.666     0.442
 9     0.749     0.281     0.599
 9     0.275     0.690    -0.667
 2    98.869   -18.755    59.126
 2     0.646    -0.764     0.004
 2     0.763     0.644     0.032
 2    -0.026    -0.018     0.999
 3   106.188    -2.613     3.335
 3     0.037    -0.026     0.999
 3    -0.128     0.991     0.030
 3    -0.991    -0.129     0.033
 4   110.338    12.651   -14.028
 4     0.555    -0.477     0.682
 4     0.790     0.558    -0.253
 4    -0.260     0.679     0.686
 5   135.983    28.840   -38.631
 5     0.557     0.242     0.799
 5    -0.181     0.969    -0.157
 5    -0.810    -0.058     0.579
 6   126.188    30.663   -15.083
 6    -0.683    -0.600     0.418
 6    -0.646     0.231    -0.727
 6     0.339    -0.766    -0.545
 7   112.056   -17.106   -12.079
 7     0.490     0.224     0.843
 7    -0.653     0.734     0.184
 7    -0.577    -0.641     0.505
 8   131.242   -30.553   -44.347
 8     0.254    -0.403     0.882
 8     0.347     0.885     0.302
 8    -0.903     0.233     0.359
 9   126.001   -33.791   -19.979
 9    -0.549     0.724     0.420
 9     0.769     0.241     0.590
 9     0.326     0.646    -0.689
 2    98.869   -18.755    59.126
 2     0.645    -0.765     0.004
 2     0.763     0.644     0.032
 2    -0.026    -0.018     0.999
 3   106.098    -2.550     3.636
 3     0.027    -0.018     0.999
 3    -0.122     0.992     0.020
 3    -0.992    -0.123     0.024
 4   109.722    12.613   -13.906
 4     0.553    -0.449     0.703
 4     0.787     0.556    -0.264
 4    -0.273     0.699     0.660
 5   134.165    28.919   -40.024
 5     0.521     0.232     0.825
 5    -0.172     0.971    -0.156
 5    -0.836    -0.063     0.542
 6   125.627    30.752   -15.907
 6    -0.661    -0.635     0.402
 6    -0.650     0.217    -0.728
 6     0.375    -0.742    -0.555
 7   111.391   -16.789   -12.031
 7     0.454     0.210     0.866
 7    -0.656     0.736     0.165
 7    -0.604    -0.643     0.472
 8   128.549   -30.439   -45.689
 8     0.208    -0.394     0.897
 8     0.345     0.885     0.308
 8    -0.915     0.249     0.315
 9   124.895   -33.590   -20.870
 9    -0.510     0.762     0.402
 9     0.786     0.222     0.576
 9     0.350     0.608    -0.711
 2    98.869   -18.806    59.126
 2     0.646    -0.764     0.004
 2     0.763     0.644     0.032
 2    -0.026    -0.018     0.999
 3   106.051    -2.234     3.932
 3     0.019    -0.014     1.000
 3    -0.117     0.993     0.016
 3    -0.993    -0.118     0.017
 4   109.203    12.828   -13.753
 4     0.549    -0.424     0.722
 4     0.785     0.556    -0.271
 4    -0.287     0.715     0.637
 5   132.175    29.453   -41.244
 5     0.483     0.223     0.851
 5    -0.154     0.973    -0.158
 5    -0.862    -0.056     0.500
 6   124.901    30.914   -16.627
 6    -0.636    -0.667     0.389
 6    -0.658     0.207    -0.724
 6     0.402    -0.715    -0.570
 7   110.837   -16.413   -11.854
 7     0.424     0.197     0.884
 7    -0.656     0.740     0.150
 7    -0.625    -0.643     0.442
 8   125.656   -30.345   -46.819
 8     0.155    -0.384     0.912
 8     0.341     0.884     0.313
 8    -0.927     0.266     0.264
 9   123.734   -33.394   -21.731
 9    -0.466     0.799     0.383
 9     0.803     0.200     0.560
 9     0.371     0.567    -0.734
 2    98.869   -18.755    59.152
 2     0.646    -0.764     0.004
 2     0.763     0.645     0.032
 2    -0.026    -0.018     0.999
 3   105.831    -2.042     4.319
 3     0.003    -0.010     1.000
 3    -0.119     0.993     0.010
 3    -0.993    -0.119     0.002
 4   108.476    12.885   -13.583
 4     0.545    -0.399     0.738
 4     0.780     0.562    -0.273
 4    -0.306     0.724     0.617
 5   130.251    30.077   -42.276
 5     0.452     0.209     0.870
 5    -0.123     0.977    -0.163
 5    -0.883    -0.036     0.464
 6   124.059    30.898   -17.289
 6    -0.611    -0.699     0.374
 6    -0.672     0.207    -0.711
 6     0.419    -0.685    -0.596
 7   110.126   -16.208   -11.732
 7     0.397     0.190     0.898
 7    -0.660     0.739     0.135
 7    -0.638    -0.646     0.418
 8   123.774   -30.633   -47.216
 8     0.137    -0.345     0.930
 8     0.336     0.897     0.282
 8    -0.932     0.277     0.235
 9   122.714   -33.531   -21.923
 9    -0.431     0.815     0.388
 9     0.823     0.180     0.538
 9     0.369     0.550    -0.748
 2    98.869   -18.755    59.126
 2     0.646    -0.764     0.004
 2     0.763     0.645     0.032
 2    -0.026    -0.018     0.999
 3   105.533    -2.069     4.543
 3    -0.011    -0.018     1.000
 3    -0.120     0.993     0.016
 3    -0.993    -0.119    -0.013
 4   107.932    12.756   -13.574
 4     0.534    -0.400     0.746
 4     0.786     0.558    -0.264
 4    -0.311     0.727     0.611
 5   129.539    30.251   -42.316
 5     0.451     0.199     0.873
 5    -0.120     0.979    -0.154
 5    -0.885    -0.037     0.462
 6   123.299    30.954   -17.233
 6    -0.597    -0.703     0.388
 6    -0.687     0.198    -0.699
 6     0.414    -0.683    -0.600
 7   110.006   -16.360   -11.565
 7     0.394     0.175     0.902
 7    -0.660     0.737     0.145
 7    -0.640    -0.653     0.406
 8   123.532   -31.251   -47.001
 8     0.130    -0.367     0.922
 8     0.326     0.892     0.309
 8    -0.936     0.264     0.233
 9   122.591   -33.674   -21.687
 9    -0.421     0.824     0.381
 9     0.836     0.190     0.513
 9     0.351     0.533    -0.769
 2    98.869   -18.755    59.126
 2     0.646    -0.764     0.004
 2     0.763     0.644     0.032
 2    -0.026    -0.018     0.999
 3   105.644    -2.244     4.626
 3    -0.012    -0.024     0.999
 3    -0.121     0.992     0.022
 3    -0.993    -0.121    -0.015
 4   107.654    12.575   -13.383
 4     0.520    -0.395     0.758
 4     0.792     0.552    -0.256
 4    -0.319     0.734     0.599
 5   128.176    30.168   -42.819
 5     0.425     0.207     0.883
 5    -0.123     0.977    -0.163
 5    -0.896    -0.043     0.438
 6   122.816    30.971   -17.486
 6    -0.583    -0.714     0.388
 6    -0.687     0.178    -0.704
 6     0.433    -0.677    -0.594
 7   109.908   -16.488   -11.604
 7     0.390     0.169     0.905
 7    -0.660     0.736     0.147
 7    -0.642    -0.656     0.398
 8   122.948   -31.985   -46.925
 8     0.119    -0.364     0.925
 8     0.308     0.897     0.313
 8    -0.944     0.251     0.216
 9   122.323   -33.793   -21.372
 9    -0.413     0.829     0.379
 9     0.847     0.197     0.492
 9     0.334     0.522    -0.784
 2    98.869   -18.755    59.126
 2     0.646    -0.764     0.004
 2     0.763     0.644     0.032
 2    -0.026    -0.018     0.999
 3   105.565    -2.389     4.685
 3    -0.017    -0.026     0.999
 3    -0.123     0.992     0.023
 3    -0.992    -0.122    -0.020
 4   107.425    12.425   -13.337
 4     0.514    -0.393     0.763
 4     0.796     0.548    -0.255
 4    -0.319     0.738     0.594
 5   127.856    30.342   -42.664
 5     0.423     0.208     0.885
 5    -0.118     0.977    -0.167
 5    -0.898    -0.036     0.434
 6   122.480    31.026   -17.240
 6    -0.575    -0.718     0.394
 6    -0.699     0.180    -0.692
 6     0.426    -0.672    -0.604
 7   109.697   -16.617   -11.464
 7     0.379     0.162     0.911
 7    -0.667     0.730     0.148
 7    -0.642    -0.664     0.385
 8   121.414   -33.688   -46.733
 8     0.082    -0.408     0.910
 8     0.257     0.889     0.375
 8    -0.963     0.206     0.174
 9   121.926   -34.186   -21.076
 9    -0.399     0.846     0.356
 9     0.860     0.211     0.463
 9     0.317     0.490    -0.811
 2    98.869   -18.806    59.126
 2     0.646    -0.764     0.004
 2     0.763     0.645     0.032
 2    -0.026    -0.018     0.999
 3   105.401    -2.514     4.794
 3    -0.018    -0.030     0.999
 3    -0.124     0.992     0.027
 3    -0.992    -0.123    -0.022
 4   107.246    12.350   -13.239
 4     0.510    -0.391     0.767
 4     0.799     0.544    -0.254
 4    -0.319     0.742     0.589
 5   127.343    30.515   -42.477
 5     0.421     0.207     0.886
 5    -0.114     0.978    -0.168
 5    -0.900    -0.034     0.432
 6   122.080    30.927   -17.114
 6    -0.568    -0.720     0.401
 6    -0.705     0.174    -0.687
 6     0.425    -0.672    -0.606
 7   109.684   -16.716   -11.365
 7     0.377     0.158     0.913
 7    -0.670     0.726     0.151
 7    -0.640    -0.669     0.379
 8   121.085   -34.095   -46.494
 8     0.073    -0.422     0.904
 8     0.253     0.884     0.391
 8    -0.965     0.202     0.168
 9   121.789   -34.345   -20.862
 9    -0.395     0.847     0.357
 9     0.864     0.210     0.456
 9     0.312     0.487    -0.815
 2    98.867   -18.756    59.129
 2     0.646    -0.764     0.005
 2     0.763     0.644     0.032
 2    -0.027    -0.018     0.999
 3   105.395    -2.689     4.785
 3    -0.017    -0.039     0.999
 3    -0.128     0.991     0.036
 3    -0.992    -0.127    -0.022
 4   107.112    12.122   -13.207
 4     0.502    -0.393     0.771
 4     0.802     0.543    -0.246
 4    -0.322     0.742     0.587
 5   126.979    30.560   -42.570
 5     0.417     0.208     0.887
 5    -0.112     0.978    -0.169
 5    -0.902    -0.031     0.428
 6   121.824    30.856   -17.162
 6    -0.559    -0.723     0.408
 6    -0.713     0.169    -0.680
 6     0.422    -0.670    -0.610
 7   109.714   -16.790   -11.367
 7     0.376     0.156     0.913
 7    -0.671     0.725     0.153
 7    -0.639    -0.671     0.377
 8   120.946   -34.190   -46.454
 8     0.067    -0.434     0.899
 8     0.254     0.877     0.404
 8    -0.965     0.204     0.166
 9   121.787   -34.476   -20.757
 9    -0.387     0.850     0.359
 9     0.868     0.206     0.450
 9     0.310     0.485    -0.818
 2    98.917   -18.756    59.129
 2     0.646    -0.764     0.005
 2     0.763     0.644     0.032
 2    -0.027    -0.018     0.999
 3   105.513    -2.757     4.641
 3    -0.014    -0.038     0.999
 3    -0.130     0.991     0.036
 3    -0.991    -0.129    -0.019
 4   107.138    12.046   -13.206
 4     0.502    -0.396     0.770
 4     0.803     0.542    -0.245
 4    -0.322     0.741     0.589
 5   126.926    30.612   -42.572
 5     0.417     0.207     0.888
 5    -0.110     0.978    -0.169
 5    -0.902    -0.030     0.427
 6   121.812    30.806   -17.145
 6    -0.553    -0.724     0.414
 6    -0.721     0.168    -0.671
 6     0.416    -0.669    -0.615
 7   109.771   -16.840   -11.423
 7     0.374     0.157     0.914
 7    -0.674     0.722     0.151
 7    -0.637    -0.673     0.376
 8   120.892   -34.418   -46.382
 8     0.066    -0.433     0.900
 8     0.255     0.878     0.403
 8    -0.965     0.205     0.165
 9   121.729   -34.609   -20.670
 9    -0.381     0.851     0.363
 9     0.872     0.200     0.444
 9     0.306     0.485    -0.819
 2    98.917   -18.756    59.129
 2     0.646    -0.764     0.005
 2     0.763     0.644     0.032
 2    -0.027    -0.018     0.999
 3   105.471    -2.859     4.700
 3    -0.016    -0.042     0.999
 3    -0.135     0.990     0.039
 3    -0.991    -0.134    -0.021
 4   107.194    11.997   -13.235
 4     0.502    -0.400     0.768
 4     0.803     0.542    -0.243
 4    -0.320     0.739     0.593
 5   127.725    31.227   -41.799
 5     0.438     0.201     0.879
 5    -0.091     0.980    -0.171
 5    -0.894    -0.007     0.445
 6   122.025    30.778   -16.296
 6    -0.566    -0.703     0.432
 6    -0.733     0.188    -0.653
 6     0.378    -0.686    -0.621
 7   109.718   -17.102   -11.431
 7     0.389     0.165     0.906
 7    -0.678     0.717     0.160
 7    -0.624    -0.677     0.390
 8   123.108   -35.607   -44.864
 8     0.121    -0.440     0.891
 8     0.219     0.885     0.406
 8    -0.968     0.149     0.200
 9   122.094   -34.910   -19.114
 9    -0.403     0.817     0.414
 9     0.883     0.227     0.410
 9     0.242     0.529    -0.813
 2    98.919   -18.755    59.126
 2     0.646    -0.764     0.004
 2     0.763     0.644     0.032
 2    -0.026    -0.018     0.999
 3   105.293    -2.722     4.708
 3    -0.026    -0.036     0.999
 3    -0.144     0.989     0.032
 3    -0.989    -0.143    -0.031
 4   107.582    12.361   -13.300
 4     0.510    -0.425     0.749
 4     0.803     0.546    -0.237
 4    -0.309     0.722     0.618
 5   132.144    33.648   -38.338
 5     0.545     0.157     0.826
 5    -0.017     0.985    -0.168
 5    -0.838     0.076     0.538
 6   123.412    30.796   -13.603
 6    -0.623    -0.615     0.485
 6    -0.741     0.263    -0.618
 6     0.252    -0.743    -0.618
 7   110.090   -17.575   -11.288
 7     0.445     0.203     0.872
 7    -0.685     0.704     0.186
 7    -0.577    -0.681     0.451
 8   131.454   -37.805   -39.484
 8     0.330    -0.444     0.837
 8     0.131     0.896     0.420
 8    -0.935    -0.026     0.349
 9   123.701   -35.276   -14.357
 9    -0.481     0.686     0.547
 9     0.873     0.325     0.360
 9     0.069     0.650    -0.755
 2    98.869   -18.755    59.126
 2     0.646    -0.764     0.004
 2     0.763     0.644     0.032
 2    -0.026    -0.018     0.999
 3   105.020    -2.739     4.547
 3    -0.040    -0.034     0.999
 3    -0.158     0.987     0.027
 3    -0.987    -0.156    -0.045
 4   108.619    12.956   -13.341
 4     0.536    -0.484     0.693
 4     0.809     0.526    -0.260
 4    -0.239     0.700     0.672
 5   143.314    36.855   -22.922
 5     0.840     0.088     0.536
 5     0.052     0.969    -0.237
 5    -0.540     0.228     0.810
 6   124.565    31.032    -3.099
 6    -0.697    -0.287     0.657
 6    -0.699     0.474    -0.535
 6    -0.159    -0.832    -0.531
 7   111.682   -18.611   -11.583
 7     0.545     0.299     0.783
 7    -0.717     0.649     0.252
 7    -0.433    -0.700     0.568
 8   144.365   -38.699   -23.231
 8     0.682    -0.481     0.555
 8     0.114     0.814     0.566
 8    -0.722    -0.324     0.609
 9   124.576   -35.745    -2.489
 9    -0.572     0.368     0.734
 9     0.775     0.535     0.336
 9    -0.269     0.760    -0.590
 2    98.869   -18.755    59.126
 2     0.646    -0.764     0.004
 2     0.763     0.644     0.032
 2    -0.026    -0.018     0.999
 3   105.411    -3.003     3.149
 3     0.020    -0.048     0.999
 3    -0.154     0.987     0.050
 3    -0.988    -0.155     0.012
 4   112.379    14.409   -13.342
 4     0.613    -0.535     0.583
 4     0.788     0.458    -0.409
 4    -0.049     0.710     0.702
 5   150.941    36.433     9.253
 5     0.984    -0.136    -0.109
 5     0.063     0.861    -0.505
 5     0.162     0.489     0.856
 6   123.686    28.232    11.267
 6    -0.615     0.208     0.761
 6    -0.433     0.718    -0.544
 6    -0.659    -0.664    -0.352
 7   115.835   -19.482   -11.984
 7     0.657     0.488     0.575
 7    -0.735     0.582     0.346
 7    -0.166    -0.650     0.741
 8   153.284   -36.892     6.714
 8     0.994    -0.104     0.012
 8     0.059     0.664     0.746
 8    -0.086    -0.741     0.665
 9   122.954   -33.574    10.715
 9    -0.623    -0.147     0.769
 9     0.436     0.750     0.495
 9    -0.649     0.644    -0.404
 2    98.869   -18.755    59.126
 2     0.646    -0.764     0.004
 2     0.763     0.644     0.032
 2    -0.026    -0.018     0.999
 3   107.021    -3.054     1.364
 3     0.122    -0.029     0.992
 3    -0.138     0.989     0.046
 3    -0.983    -0.143     0.117
 4   117.741    15.741   -13.353
 4     0.656    -0.661     0.366
 4     0.738     0.461    -0.492
 4     0.156     0.592     0.790
 5   145.542    32.125    28.965
 5     0.680    -0.300    -0.670
 5    -0.052     0.891    -0.452
 5     0.731     0.341     0.589
 6   120.602    26.698    15.817
 6    -0.259     0.454     0.853
 6    -0.354     0.777    -0.520
 6    -0.899    -0.435    -0.040
 7   121.435   -20.245   -12.247
 7     0.718     0.584     0.380
 7    -0.695     0.585     0.416
 7     0.021    -0.563     0.826
 8   147.120   -33.429    29.753
 8     0.768     0.408    -0.496
 8     0.089     0.697     0.710
 8     0.634    -0.590     0.499
 9   119.087   -32.361    16.013
 9    -0.303    -0.517     0.802
 9     0.252     0.767     0.588
 9    -0.919     0.379    -0.101
 2    98.869   -18.755    59.126
 2     0.646    -0.764     0.004
 2     0.763     0.644     0.032
 2    -0.026    -0.018     0.999
 3   108.444    -2.957     0.045
 3     0.204    -0.014     0.979
 3    -0.128     0.991     0.041
 3    -0.970    -0.134     0.201
 4   120.404    16.424   -13.528
 4     0.651    -0.702     0.290
 4     0.719     0.449    -0.529
 4     0.241     0.552     0.797
 5   141.883    31.185    33.252
 5     0.496    -0.312    -0.811
 5    -0.088     0.910    -0.405
 5     0.864     0.271     0.423
 6   119.855    26.714    16.764
 6    -0.130     0.480     0.868
 6    -0.330     0.804    -0.494
 6    -0.935    -0.349     0.055
 7   123.204   -19.701   -12.429
 7     0.715     0.617     0.331
 7    -0.698     0.599     0.391
 7     0.043    -0.510     0.858
 8   141.353   -31.768    34.184
 8     0.587     0.474    -0.659
 8     0.162     0.727     0.666
 8     0.793    -0.497     0.350
 9   116.825   -32.760    16.156
 9    -0.150    -0.591     0.793
 9     0.236     0.757     0.608
 9    -0.960     0.278     0.027
 2    98.869   -18.755    59.126
 2     0.646    -0.764     0.004
 2     0.763     0.644     0.032
 2    -0.026    -0.018     0.999
 3   108.972    -2.085    -0.541
 3     0.243     0.036     0.969
 3    -0.122     0.992    -0.006
 3    -0.962    -0.116     0.245
 4   122.200    17.210   -13.384
 4     0.677    -0.700     0.228
 4     0.679     0.474    -0.560
 4     0.284     0.533     0.796
 5   141.328    28.314    35.255
 5     0.377    -0.162    -0.912
 5    -0.161     0.958    -0.239
 5     0.912     0.237     0.333
 6   120.564    26.460    17.835
 6    -0.117     0.529     0.841
 6    -0.269     0.798    -0.539
 6    -0.956    -0.288     0.050
 7   123.921   -19.472   -12.625
 7     0.716     0.627     0.308
 7    -0.697     0.612     0.374
 7     0.046    -0.482     0.874
 8   140.934   -30.870    34.439
 8     0.491     0.354    -0.797
 8     0.199     0.844     0.497
 8     0.848    -0.402     0.344
 9   117.779   -33.146    15.736
 9    -0.123    -0.645     0.755
 9     0.256     0.714     0.651
 9    -0.959     0.273     0.078
 2    98.919   -18.755    59.126
 2     0.645    -0.765     0.005
 2     0.763     0.644     0.032
 2    -0.026    -0.018     0.999
 3   109.207    -2.199    -0.691
 3     0.254     0.043     0.966
 3    -0.117     0.993    -0.013
 3    -0.960    -0.110     0.257
 4   122.592    17.129   -13.670
 4     0.682    -0.698     0.221
 4     0.676     0.484    -0.554
 4     0.279     0.527     0.802
 5   142.106    28.369    34.914
 5     0.370    -0.130    -0.920
 5    -0.158     0.966    -0.204
 5     0.915     0.222     0.334
 6   121.104    26.564    17.405
 6    -0.125     0.546     0.828
 6    -0.277     0.783    -0.557
 6    -0.953    -0.298     0.054
 7   124.238   -19.691   -12.599
 7     0.718     0.627     0.303
 7    -0.694     0.610     0.381
 7     0.054    -0.484     0.873
 8   141.105   -30.874    34.632
 8     0.495     0.365    -0.790
 8     0.196     0.838     0.509
 8     0.846    -0.406     0.342
 9   117.868   -32.995    16.010
 9    -0.124    -0.633     0.765
 9     0.246     0.727     0.641
 9    -0.961     0.267     0.066
 2    98.867   -18.756    59.129
 2     0.646    -0.764     0.005
 2     0.763     0.644     0.032
 2    -0.027    -0.018     0.999
 3   109.328    -2.322    -0.753
 3     0.257     0.048     0.965
 3    -0.123     0.992    -0.017
 3    -0.958    -0.114     0.261
 4   122.768    16.950   -13.791
 4     0.684    -0.698     0.216
 4     0.675     0.490    -0.551
 4     0.278     0.522     0.806
 5   142.185    28.298    34.837
 5     0.361    -0.120    -0.925
 5    -0.156     0.969    -0.190
 5     0.919     0.214     0.329
 6   121.204    26.465    17.288
 6    -0.124     0.548     0.828
 6    -0.279     0.781    -0.558
 6    -0.952    -0.299     0.057
 7   124.294   -19.817   -12.604
 7     0.716     0.628     0.304
 7    -0.695     0.607     0.384
 7     0.056    -0.486     0.872
 8   140.838   -30.999    34.806
 8     0.493     0.375    -0.785
 8     0.196     0.831     0.520
 8     0.847    -0.410     0.336
 9   117.511   -33.161    16.158
 9    -0.117    -0.623     0.774
 9     0.242     0.737     0.630
 9    -0.963     0.260     0.065
 2    98.917   -18.705    59.129
 2     0.645    -0.765     0.005
 2     0.763     0.644     0.032
 2    -0.027    -0.018     0.999
 3   109.246    -2.483    -0.618
 3     0.252     0.048     0.966
 3    -0.130     0.991    -0.016
 3    -0.959    -0.121     0.256
 4   122.773    16.774   -13.772
 4     0.683    -0.698     0.217
 4     0.675     0.488    -0.553
 4     0.280     0.523     0.805
 5   142.142    28.302    34.880
 5     0.359    -0.120    -0.926
 5    -0.153     0.970    -0.188
 5     0.920     0.211     0.328
 6   121.064    26.389    17.399
 6    -0.127     0.545     0.829
 6    -0.278     0.783    -0.557
 6    -0.952    -0.300     0.053
 7   123.955   -19.945   -12.430
 7     0.710     0.633     0.309
 7    -0.702     0.599     0.386
 7     0.059    -0.490     0.869
 8   140.591   -31.000    34.935
 8     0.495     0.382    -0.781
