% Calibrated with leiden_pols
% Positions are in centimeters
Data =[
 2    97.603   -19.393    59.068
 2     0.658    -0.754     0.003
 2     0.752     0.657     0.029
 2    -0.023    -0.018     0.999
 3   135.489    -6.047     4.550
 3     0.438    -0.029    -0.899
 3     0.119     0.992     0.026
 3     0.891    -0.119     0.437
 4   121.618    11.448    -4.257
 4     0.410    -0.892     0.190
 4     0.895     0.353    -0.273
 4     0.177     0.281     0.943
 5   121.868    18.701    22.107
 5     0.443    -0.367     0.820
 5     0.226    -0.839    -0.494
 5     0.867     0.403    -0.288
 6   136.834    25.216    42.886
 6     0.410    -0.582    -0.708
 6     0.194     0.808    -0.551
 6     0.891     0.088     0.442
 7   121.236   -23.627    -2.685
 7     0.498     0.821     0.280
 7    -0.863     0.439     0.247
 7     0.081    -0.364     0.927
 8   125.775   -30.048    23.242
 8     0.385     0.589     0.712
 8    -0.067    -0.750     0.657
 8     0.920    -0.300    -0.248
 9   137.845   -32.912    43.252
 9     0.333     0.521    -0.789
 9    -0.011     0.836     0.544
 9     0.943    -0.170     0.283
 2    97.603   -19.393    59.118
 2     0.658    -0.754     0.003
 2     0.752     0.657     0.029
 2    -0.023    -0.018     0.999
 3   135.468    -5.996     4.593
 3     0.437    -0.031    -0.899
 3     0.117     0.993     0.023
 3     0.892    -0.116     0.437
 4   121.575    11.449    -4.267
 4     0.413    -0.891     0.191
 4     0.892     0.354    -0.277
 4     0.180     0.285     0.941
 5   121.892    19.049    22.075
 5     0.446    -0.370     0.817
 5     0.241    -0.828    -0.504
 5     0.862     0.420    -0.280
 6   136.929    25.520    42.921
 6     0.407    -0.568    -0.721
 6     0.185     0.819    -0.539
 6     0.894     0.085     0.437
 7   121.229   -23.553    -2.676
 7     0.499     0.820     0.280
 7    -0.863     0.441     0.245
 7     0.078    -0.364     0.928
 8   125.791   -30.106    23.159
 8     0.389     0.578     0.719
 8    -0.075    -0.756     0.648
 8     0.918    -0.306    -0.250
 9   137.994   -33.083    43.178
 9     0.337     0.541    -0.774
 9    -0.001     0.819     0.569
 9     0.941    -0.189     0.276
 2    97.603   -19.393    59.068
 2     0.658    -0.754     0.003
 2     0.752     0.657     0.029
 2    -0.023    -0.018     0.999
 3   135.467    -5.997     4.643
 3     0.436    -0.034    -0.899
 3     0.115     0.993     0.019
 3     0.892    -0.113     0.437
 4   121.577    11.501    -4.219
 4     0.414    -0.891     0.191
 4     0.892     0.354    -0.279
 4     0.181     0.285     0.941
 5   121.744    19.185    22.081
 5     0.435    -0.380     0.819
 5     0.242    -0.825    -0.508
 5     0.867     0.418    -0.266
 6   136.610    25.247    43.180
 6     0.399    -0.571    -0.723
 6     0.175     0.816    -0.547
 6     0.900     0.090     0.423
 7   121.277   -23.501    -2.726
 7     0.503     0.818     0.281
 7    -0.861     0.444     0.246
 7     0.077    -0.365     0.927
 8   125.944   -29.920    23.198
 8     0.388     0.590     0.709
 8    -0.065    -0.749     0.658
 8     0.919    -0.301    -0.251
 9   137.945   -32.598    43.394
 9     0.334     0.525    -0.786
 9     0.002     0.830     0.553
 9     0.942    -0.184     0.275
 2    97.603   -19.342    59.068
 2     0.658    -0.754     0.003
 2     0.752     0.657     0.029
 2    -0.023    -0.018     0.999
 3   135.463    -5.871     4.665
 3     0.436    -0.043    -0.899
 3     0.114     0.993     0.009
 3     0.892    -0.107     0.438
 4   121.559    11.555    -4.150
 4     0.410    -0.892     0.188
 4     0.893     0.351    -0.280
 4     0.184     0.282     0.941
 5   121.791    18.703    22.294
 5     0.437    -0.397     0.809
 5     0.208    -0.829    -0.517
 5     0.875     0.393    -0.279
 6   136.723    24.534    43.415
 6     0.400    -0.570    -0.723
 6     0.162     0.815    -0.552
 6     0.902     0.101     0.417
 7   121.224   -23.504    -2.722
 7     0.500     0.820     0.281
 7    -0.863     0.443     0.243
 7     0.076    -0.363     0.928
 8   125.816   -29.863    23.173
 8     0.381     0.586     0.716
 8    -0.063    -0.755     0.651
 8     0.922    -0.293    -0.249
 9   137.914   -32.584    43.349
 9     0.323     0.495    -0.810
 9     0.009     0.851     0.522
 9     0.946    -0.174     0.269
 2    97.603   -19.393    59.068
 2     0.658    -0.754     0.003
 2     0.752     0.657     0.029
 2    -0.023    -0.018     0.999
 3   135.465    -5.923     4.666
 3     0.437    -0.039    -0.899
 3     0.113     0.993     0.013
 3     0.892    -0.108     0.438
 4   121.561    11.556    -4.152
 4     0.410    -0.893     0.187
 4     0.893     0.351    -0.280
 4     0.185     0.281     0.941
 5   121.849    18.574    22.287
 5     0.438    -0.404     0.805
 5     0.201    -0.828    -0.522
 5     0.876     0.389    -0.280
 6   136.631    24.486    43.498
 6     0.395    -0.576    -0.720
 6     0.159     0.810    -0.560
 6     0.904     0.105     0.410
 7   121.224   -23.503    -2.722
 7     0.500     0.820     0.280
 7    -0.862     0.443     0.243
 7     0.076    -0.362     0.928
 8   125.940   -29.803    23.138
 8     0.372     0.594     0.714
 8    -0.057    -0.752     0.655
 8     0.926    -0.284    -0.245
 9   137.716   -32.575    43.573
 9     0.306     0.520    -0.802
 9     0.005     0.837     0.542
 9     0.952    -0.167     0.252
 2    97.603   -19.393    59.118
 2     0.658    -0.754     0.003
 2     0.752     0.657     0.029
 2    -0.023    -0.018     0.999
 3   135.459    -5.924     4.672
 3     0.438    -0.039    -0.898
 3     0.113     0.993     0.013
 3     0.891    -0.108     0.439
 4   121.564    11.556    -4.155
 4     0.410    -0.893     0.187
 4     0.893     0.351    -0.281
 4     0.186     0.281     0.941
 5   121.897    18.653    22.234
 5     0.438    -0.398     0.808
 5     0.204    -0.830    -0.517
 5     0.876     0.389    -0.281
 6   136.604    24.640    43.447
 6     0.394    -0.579    -0.719
 6     0.162     0.808    -0.562
 6     0.904     0.104     0.410
 7   121.276   -23.451    -2.675
 7     0.501     0.820     0.279
 7    -0.862     0.443     0.244
 7     0.077    -0.362     0.928
 8   125.946   -29.964    23.006
 8     0.370     0.586     0.722
 8    -0.068    -0.757     0.648
 8     0.927    -0.288    -0.239
 9   137.735   -33.203    43.253
 9     0.309     0.540    -0.787
 9    -0.013     0.826     0.559
 9     0.951    -0.160     0.261
 2    97.603   -19.342    59.068
 2     0.658    -0.754     0.003
 2     0.752     0.657     0.029
 2    -0.023    -0.018     0.999
 3   135.410    -5.949     4.648
 3     0.438    -0.038    -0.899
 3     0.114     0.993     0.015
 3     0.891    -0.110     0.438
 4   121.566    11.607    -4.159
 4     0.414    -0.891     0.188
 4     0.891     0.353    -0.285
 4     0.187     0.285     0.940
 5   122.032    19.456    21.968
 5     0.443    -0.353     0.826
 5     0.267    -0.827    -0.494
 5     0.856     0.437    -0.271
 6   137.154    26.536    42.610
 6     0.411    -0.596    -0.695
 6     0.208     0.798    -0.561
 6     0.887     0.084     0.449
 7   121.228   -23.447    -2.727
 7     0.509     0.813     0.284
 7    -0.857     0.448     0.251
 7     0.077    -0.371     0.925
 8   125.962   -30.366    22.615
 8     0.373     0.544     0.753
 8    -0.114    -0.777     0.617
 8     0.921    -0.315    -0.228
 9   137.680   -34.722    42.735
 9     0.318     0.579    -0.755
 9    -0.055     0.802     0.590
 9     0.947    -0.143     0.285
 2    97.603   -19.342    59.068
 2     0.658    -0.754     0.003
 2     0.752     0.657     0.029
 2    -0.023    -0.018     0.999
 3   135.366    -5.921     4.540
 3     0.435    -0.036    -0.900
 3     0.116     0.993     0.017
 3     0.892    -0.112     0.436
 4   121.519    11.606    -4.215
 4     0.419    -0.888     0.191
 4     0.888     0.357    -0.288
 4     0.188     0.289     0.938
 5   122.067    20.330    21.653
 5     0.440    -0.303     0.846
 5     0.341    -0.815    -0.468
 5     0.830     0.494    -0.256
