% Calibrated with leiden_pols
% Positions are in centimeters
Data =[
 2    97.603   -19.393    59.068
 2     0.658    -0.754     0.003
 2     0.752     0.657     0.029
 2    -0.023    -0.018     0.999
 3   135.489    -6.047     4.550
 3     0.438    -0.029    -0.899
 3     0.119     0.992     0.026
 3     0.891    -0.119     0.437
 4   121.618    11.448    -4.257
 4     0.410    -0.892     0.190
 4     0.895     0.353    -0.273
 4     0.177     0.281     0.943
 5   121.868    18.701    22.107
 5     0.443    -0.367     0.820
 5     0.226    -0.839    -0.494
 5     0.867     0.403    -0.288
 6   136.834    25.216    42.886
 6     0.410    -0.582    -0.708
 6     0.194     0.808    -0.551
 6     0.891     0.088     0.442
 7   121.236   -23.627    -2.685
 7     0.498     0.821     0.280
 7    -0.863     0.439     0.247
 7     0.081    -0.364     0.927
 8   125.775   -30.048    23.242
 8     0.385     0.589     0.712
 8    -0.067    -0.750     0.657
 8     0.920    -0.300    -0.248
 9   137.845   -32.912    43.252
 9     0.333     0.521    -0.789
 9    -0.011     0.836     0.544
 9     0.943    -0.170     0.283
 2    97.603   -19.393    59.118
 2     0.658    -0.754     0.003
 2     0.752     0.657     0.029
 2    -0.023    -0.018     0.999
 3   135.468    -5.996     4.593
 3     0.437    -0.031    -0.899
 3     0.117     0.993     0.023
 3     0.892    -0.116     0.437
 4   121.575    11.449    -4.267
 4     0.413    -0.891     0.191
 4     0.892     0.354    -0.277
 4     0.180     0.285     0.941
 5   121.892    19.049    22.075
 5     0.446    -0.370     0.817
 5     0.241    -0.828    -0.504
 5     0.862     0.420    -0.280
 6   136.929    25.520    42.921
 6     0.407    -0.568    -0.721
 6     0.185     0.819    -0.539
 6     0.894     0.085     0.437
 7   121.229   -23.553    -2.676
 7     0.499     0.820     0.280
 7    -0.863     0.441     0.245
 7     0.078    -0.364     0.928
 8   125.791   -30.106    23.159
 8     0.389     0.578     0.719
 8    -0.075    -0.756     0.648
 8     0.918    -0.306    -0.250
 9   137.994   -33.083    43.178
 9     0.337     0.541    -0.774
 9    -0.001     0.819     0.569
 9     0.941    -0.189     0.276
 2    97.603   -19.393    59.068
 2     0.658    -0.754     0.003
 2     0.752     0.657     0.029
 2    -0.023    -0.018     0.999
 3   135.467    -5.997     4.643
 3     0.436    -0.034    -0.899
 3     0.115     0.993     0.019
 3     0.892    -0.113     0.437
 4   121.577    11.501    -4.219
 4     0.414    -0.891     0.191
 4     0.892     0.354    -0.279
 4     0.181     0.285     0.941
 5   121.744    19.185    22.081
 5     0.435    -0.380     0.819
 5     0.242    -0.825    -0.508
 5     0.867     0.418    -0.266
 6   136.610    25.247    43.180
 6     0.399    -0.571    -0.723
 6     0.175     0.816    -0.547
 6     0.900     0.090     0.423
 7   121.277   -23.501    -2.726
 7     0.503     0.818     0.281
 7    -0.861     0.444     0.246
 7     0.077    -0.365     0.927
 8   125.944   -29.920    23.198
 8     0.388     0.590     0.709
 8    -0.065    -0.749     0.658
 8     0.919    -0.301    -0.251
 9   137.945   -32.598    43.394
 9     0.334     0.525    -0.786
 9     0.002     0.830     0.553
 9     0.942    -0.184     0.275
 2    97.603   -19.342    59.068
 2     0.658    -0.754     0.003
 2     0.752     0.657     0.029
 2    -0.023    -0.018     0.999
 3   135.463    -5.871     4.665
 3     0.436    -0.043    -0.899
 3     0.114     0.993     0.009
 3     0.892    -0.107     0.438
 4   121.559    11.555    -4.150
 4     0.410    -0.892     0.188
 4     0.893     0.351    -0.280
 4     0.184     0.282     0.941
 5   121.791    18.703    22.294
 5     0.437    -0.397     0.809
 5     0.208    -0.829    -0.517
 5     0.875     0.393    -0.279
 6   136.723    24.534    43.415
 6     0.400    -0.570    -0.723
 6     0.162     0.815    -0.552
 6     0.902     0.101     0.417
 7   121.224   -23.504    -2.722
 7     0.500     0.820     0.281
 7    -0.863     0.443     0.243
 7     0.076    -0.363     0.928
 8   125.816   -29.863    23.173
 8     0.381     0.586     0.716
 8    -0.063    -0.755     0.651
 8     0.922    -0.293    -0.249
 9   137.914   -32.584    43.349
 9     0.323     0.495    -0.810
 9     0.009     0.851     0.522
 9     0.946    -0.174     0.269
 2    97.603   -19.393    59.068
 2     0.658    -0.754     0.003
 2     0.752     0.657     0.029
 2    -0.023    -0.018     0.999
 3   135.465    -5.923     4.666
 3     0.437    -0.039    -0.899
 3     0.113     0.993     0.013
 3     0.892    -0.108     0.438
 4   121.561    11.556    -4.152
 4     0.410    -0.893     0.187
 4     0.893     0.351    -0.280
 4     0.185     0.281     0.941
 5   121.849    18.574    22.287
 5     0.438    -0.404     0.805
 5     0.201    -0.828    -0.522
 5     0.876     0.389    -0.280
 6   136.631    24.486    43.498
 6     0.395    -0.576    -0.720
 6     0.159     0.810    -0.560
 6     0.904     0.105     0.410
 7   121.224   -23.503    -2.722
 7     0.500     0.820     0.280
 7    -0.862     0.443     0.243
 7     0.076    -0.362     0.928
 8   125.940   -29.803    23.138
 8     0.372     0.594     0.714
 8    -0.057    -0.752     0.655
 8     0.926    -0.284    -0.245
 9   137.716   -32.575    43.573
 9     0.306     0.520    -0.802
 9     0.005     0.837     0.542
 9     0.952    -0.167     0.252
 2    97.603   -19.393    59.118
 2     0.658    -0.754     0.003
 2     0.752     0.657     0.029
 2    -0.023    -0.018     0.999
 3   135.459    -5.924     4.672
 3     0.438    -0.039    -0.898
 3     0.113     0.993     0.013
 3     0.891    -0.108     0.439
 4   121.564    11.556    -4.155
 4     0.410    -0.893     0.187
 4     0.893     0.351    -0.281
 4     0.186     0.281     0.941
 5   121.897    18.653    22.234
 5     0.438    -0.398     0.808
 5     0.204    -0.830    -0.517
 5     0.876     0.389    -0.281
 6   136.604    24.640    43.447
 6     0.394    -0.579    -0.719
 6     0.162     0.808    -0.562
 6     0.904     0.104     0.410
 7   121.276   -23.451    -2.675
 7     0.501     0.820     0.279
 7    -0.862     0.443     0.244
 7     0.077    -0.362     0.928
 8   125.946   -29.964    23.006
 8     0.370     0.586     0.722
 8    -0.068    -0.757     0.648
 8     0.927    -0.288    -0.239
 9   137.735   -33.203    43.253
 9     0.309     0.540    -0.787
 9    -0.013     0.826     0.559
 9     0.951    -0.160     0.261
 2    97.603   -19.342    59.068
 2     0.658    -0.754     0.003
 2     0.752     0.657     0.029
 2    -0.023    -0.018     0.999
 3   135.410    -5.949     4.648
 3     0.438    -0.038    -0.899
 3     0.114     0.993     0.015
 3     0.891    -0.110     0.438
 4   121.566    11.607    -4.159
 4     0.414    -0.891     0.188
 4     0.891     0.353    -0.285
 4     0.187     0.285     0.940
 5   122.032    19.456    21.968
 5     0.443    -0.353     0.826
 5     0.267    -0.827    -0.494
 5     0.856     0.437    -0.271
 6   137.154    26.536    42.610
 6     0.411    -0.596    -0.695
 6     0.208     0.798    -0.561
 6     0.887     0.084     0.449
 7   121.228   -23.447    -2.727
 7     0.509     0.813     0.284
 7    -0.857     0.448     0.251
 7     0.077    -0.371     0.925
 8   125.962   -30.366    22.615
 8     0.373     0.544     0.753
 8    -0.114    -0.777     0.617
 8     0.921    -0.315    -0.228
 9   137.680   -34.722    42.735
 9     0.318     0.579    -0.755
 9    -0.055     0.802     0.590
 9     0.947    -0.143     0.285
 2    97.603   -19.342    59.068
 2     0.658    -0.754     0.003
 2     0.752     0.657     0.029
 2    -0.023    -0.018     0.999
 3   135.366    -5.921     4.540
 3     0.435    -0.036    -0.900
 3     0.116     0.993     0.017
 3     0.892    -0.112     0.436
 4   121.519    11.606    -4.215
 4     0.419    -0.888     0.191
 4     0.888     0.357    -0.288
 4     0.188     0.289     0.938
 5   122.067    20.330    21.653
 5     0.440    -0.303     0.846
 5     0.341    -0.815    -0.468
 5     0.830     0.494    -0.256
 6   137.393    28.859    41.528
 6     0.424    -0.612    -0.673
 6     0.259     0.788    -0.553
 6     0.867     0.059     0.492
 7   121.295   -23.318    -2.841
 7     0.519     0.804     0.292
 7    -0.852     0.457     0.255
 7     0.072    -0.380     0.922
 8   125.538   -31.473    21.991
 8     0.372     0.503     0.781
 8    -0.195    -0.780     0.594
 8     0.907    -0.372    -0.191
 9   137.415   -37.518    41.423
 9     0.325     0.600    -0.736
 9    -0.124     0.793     0.591
 9     0.937    -0.099     0.330
 2    97.603   -19.342    59.068
 2     0.658    -0.754     0.003
 2     0.753     0.657     0.029
 2    -0.023    -0.018     0.999
 3   135.385    -5.813     4.523
 3     0.429    -0.032    -0.903
 3     0.118     0.993     0.021
 3     0.895    -0.117     0.429
 4   121.508    11.729    -4.230
 4     0.421    -0.886     0.195
 4     0.888     0.358    -0.287
 4     0.184     0.294     0.938
 5   122.074    21.187    21.537
 5     0.448    -0.251     0.859
 5     0.409    -0.797    -0.445
 5     0.795     0.550    -0.255
 6   137.583    30.925    40.540
 6     0.437    -0.631    -0.648
 6     0.305     0.775    -0.548
 6     0.846     0.041     0.529
 7   121.139   -23.175    -2.975
 7     0.526     0.796     0.302
 7    -0.849     0.466     0.248
 7     0.057    -0.386     0.920
 8   125.423   -32.164    21.523
 8     0.381     0.458     0.804
 8    -0.250    -0.786     0.564
 8     0.890    -0.415    -0.185
 9   137.445   -39.504    40.199
 9     0.343     0.628    -0.705
 9    -0.172     0.773     0.605
 9     0.923    -0.085     0.371
 2    97.603   -19.342    59.068
 2     0.658    -0.754     0.003
 2     0.753     0.657     0.029
 2    -0.023    -0.018     0.999
 3   135.346    -5.756     4.509
 3     0.425    -0.032    -0.905
 3     0.121     0.992     0.022
 3     0.897    -0.119     0.426
 4   121.444    11.724    -4.265
 4     0.421    -0.885     0.199
 4     0.889     0.359    -0.282
 4     0.178     0.295     0.938
 5   122.126    21.345    21.391
 5     0.457    -0.234     0.858
 5     0.431    -0.786    -0.443
 5     0.778     0.572    -0.259
 6   137.761    31.550    40.063
 6     0.445    -0.635    -0.638
 6     0.320     0.771    -0.545
 6     0.836     0.037     0.545
 7   121.170   -23.180    -3.076
 7     0.531     0.790     0.309
 7    -0.846     0.473     0.244
 7     0.048    -0.391     0.919
 8   125.402   -32.821    21.088
 8     0.393     0.415     0.822
 8    -0.298    -0.787     0.539
 8     0.870    -0.455    -0.185
 9   137.572   -41.254    39.030
 9     0.362     0.647    -0.678
 9    -0.215     0.759     0.610
 9     0.907    -0.074     0.410
 2    97.653   -19.342    59.068
 2     0.658    -0.754     0.003
 2     0.752     0.657     0.029
 2    -0.023    -0.018     0.999
 3   135.330    -5.751     4.506
 3     0.421    -0.029    -0.907
 3     0.127     0.991     0.028
 3     0.898    -0.128     0.421
 4   121.355    11.608    -4.394
 4     0.425    -0.882     0.206
 4     0.891     0.366    -0.268
 4     0.161     0.297     0.941
 5   122.314    22.118    20.937
 5     0.465    -0.194     0.864
 5     0.487    -0.760    -0.431
 5     0.739     0.620    -0.260
 6   138.421    33.345    38.354
 6     0.472    -0.640    -0.613
 6     0.361     0.768    -0.524
 6     0.804     0.027     0.591
 7   121.061   -23.127    -3.270
 7     0.530     0.784     0.326
 7    -0.848     0.479     0.224
 7     0.020    -0.394     0.918
 8   125.467   -33.801    20.449
 8     0.415     0.348     0.842
 8    -0.368    -0.781     0.503
 8     0.832    -0.518    -0.196
 9   137.931   -43.868    36.989
 9     0.391     0.675    -0.632
 9    -0.283     0.734     0.612
 9     0.876    -0.060     0.476
 2    97.603   -19.342    59.068
 2     0.658    -0.754     0.003
 2     0.753     0.657     0.029
 2    -0.023    -0.018     0.999
 3   135.356    -5.747     4.509
 3     0.419    -0.027    -0.908
 3     0.132     0.990     0.032
 3     0.898    -0.134     0.418
 4   121.229    11.563    -4.613
 4     0.428    -0.878     0.217
 4     0.893     0.373    -0.250
 4     0.139     0.300     0.943
 5   122.589    22.670    20.464
 5     0.472    -0.159     0.867
 5     0.527    -0.739    -0.420
 5     0.707     0.655    -0.265
 6   138.893    34.742    37.133
 6     0.489    -0.649    -0.591
 6     0.393     0.761    -0.511
 6     0.779     0.018     0.624
 7   120.951   -23.091    -3.447
 7     0.528     0.781     0.336
 7    -0.849     0.483     0.211
 7     0.003    -0.396     0.918
 8   125.515   -34.685    19.835
 8     0.433     0.297     0.852
 8    -0.418    -0.771     0.479
 8     0.798    -0.563    -0.210
 9   138.275   -45.620    35.360
 9     0.416     0.692    -0.598
 9    -0.329     0.719     0.606
 9     0.848    -0.055     0.524
 2    97.603   -19.342    59.068
 2     0.658    -0.754     0.003
 2     0.753     0.657     0.029
 2    -0.023    -0.018     0.999
 3   135.283    -5.719     4.511
 3     0.417    -0.026    -0.909
 3     0.137     0.990     0.035
 3     0.898    -0.140     0.416
 4   121.092    11.397    -4.747
 4     0.429    -0.875     0.225
 4     0.895     0.377    -0.238
 4     0.123     0.303     0.945
 5   122.745    22.904    20.184
 5     0.479    -0.141     0.867
 5     0.545    -0.727    -0.418
 5     0.688     0.672    -0.271
 6   139.301    35.411    36.246
 6     0.501    -0.652    -0.575
 6     0.410     0.758    -0.503
 6     0.762     0.017     0.645
 7   120.821   -23.054    -3.582
 7     0.525     0.780     0.344
 7    -0.851     0.485     0.198
 7    -0.011    -0.396     0.918
 8   125.493   -35.118    19.493
 8     0.441     0.264     0.858
 8    -0.448    -0.765     0.463
 8     0.777    -0.588    -0.219
 9   138.326   -46.716    34.342
 9     0.427     0.703    -0.576
 9    -0.356     0.708     0.604
 9     0.831    -0.052     0.551
 2    97.603   -19.393    59.068
 2     0.658    -0.754     0.003
 2     0.752     0.657     0.029
 2    -0.023    -0.018     0.999
 3   135.334    -5.743     4.462
 3     0.416    -0.022    -0.909
 3     0.139     0.989     0.040
 3     0.898    -0.143     0.415
 4   121.024    11.364    -4.800
 4     0.431    -0.874     0.228
 4     0.895     0.380    -0.231
 4     0.115     0.303     0.946
 5   122.927    23.043    20.050
 5     0.486    -0.131     0.864
 5     0.553    -0.720    -0.419
 5     0.676     0.681    -0.278
 6   139.604    35.700    35.668
 6     0.515    -0.651    -0.565
 6     0.416     0.759    -0.496
 6     0.749     0.022     0.659
 7   120.754   -23.036    -3.634
 7     0.523     0.779     0.348
 7    -0.852     0.486     0.191
 7    -0.019    -0.395     0.918
 8   125.555   -35.369    19.191
 8     0.450     0.233     0.862
 8    -0.473    -0.757     0.450
 8     0.757    -0.610    -0.231
 9   138.403   -47.455    33.476
 9     0.440     0.710    -0.558
 9    -0.380     0.702     0.598
 9     0.813    -0.051     0.575
 2    97.603   -19.342    59.118
 2     0.658    -0.754     0.003
 2     0.752     0.657     0.029
 2    -0.023    -0.018     0.999
 3   135.285    -5.742     4.462
 3     0.416    -0.021    -0.909
 3     0.140     0.989     0.042
 3     0.898    -0.145     0.415
 4   120.953    11.247    -5.075
 4     0.430    -0.872     0.236
 4     0.898     0.385    -0.213
 4     0.095     0.303     0.948
 5   122.948    23.625    19.476
 5     0.489    -0.102     0.866
 5     0.585    -0.699    -0.412
 5     0.647     0.708    -0.282
 6   139.964    36.691    34.304
 6     0.531    -0.654    -0.546
 6     0.439     0.756    -0.480
 6     0.724     0.017     0.687
 7   120.704   -22.945    -3.724
 7     0.522     0.777     0.354
 7    -0.852     0.489     0.182
 7    -0.031    -0.396     0.917
 8   125.637   -35.882    18.725
 8     0.463     0.199     0.864
 8    -0.505    -0.742     0.440
 8     0.728    -0.640    -0.244
 9   138.726   -48.736    31.858
 9     0.458     0.718    -0.533
 9    -0.414     0.694     0.584
 9     0.787    -0.048     0.612
 2    97.603   -19.342    59.068
 2     0.658    -0.754     0.003
 2     0.752     0.657     0.029
 2    -0.023    -0.018     0.999
 3   135.281    -5.716     4.395
 3     0.418    -0.020    -0.908
 3     0.144     0.988     0.044
 3     0.897    -0.150     0.415
 4   120.562    10.968    -5.350
 4     0.430    -0.868     0.250
 4     0.900     0.391    -0.188
 4     0.066     0.305     0.950
 5   123.065    24.101    18.805
 5     0.495    -0.075     0.866
 5     0.613    -0.676    -0.408
 5     0.615     0.733    -0.289
 6   140.286    37.755    32.651
 6     0.549    -0.659    -0.521
 6     0.464     0.752    -0.462
 6     0.694     0.013     0.717
 7   120.435   -22.888    -3.986
 7     0.519     0.771     0.369
 7    -0.853     0.494     0.166
 7    -0.053    -0.401     0.914
 8   125.838   -36.714    17.913
 8     0.486     0.147     0.862
 8    -0.550    -0.715     0.431
 8     0.678    -0.683    -0.267
 9   139.322   -50.309    29.575
 9     0.489     0.724    -0.496
 9    -0.455     0.688     0.561
 9     0.744    -0.051     0.663
 2    97.603   -19.342    59.068
 2     0.658    -0.754     0.003
 2     0.752     0.657     0.029
 2    -0.023    -0.018     0.999
 3   135.272    -5.666     4.233
 3     0.420    -0.015    -0.908
 3     0.150     0.987     0.053
 3     0.895    -0.158     0.417
 4   120.372    10.766    -5.631
 4     0.431    -0.863     0.265
 4     0.901     0.398    -0.166
 4     0.038     0.310     0.950
 5   123.329    24.455    18.085
 5     0.504    -0.053     0.862
 5     0.632    -0.658    -0.409
 5     0.588     0.751    -0.298
 6   140.828    38.517    31.054
 6     0.566    -0.657    -0.505
 6     0.482     0.753    -0.442
 6     0.668     0.009     0.742
 7   120.237   -22.731    -4.222
 7     0.517     0.767     0.381
 7    -0.853     0.500     0.148
 7    -0.076    -0.401     0.912
 8   126.072   -37.153    17.177
 8     0.507     0.106     0.856
 8    -0.582    -0.691     0.429
 8     0.636    -0.715    -0.289
 9   139.718   -51.519    27.513
 9     0.515     0.729    -0.460
 9    -0.488     0.682     0.540
 9     0.705    -0.055     0.705
 2    97.603   -19.393    59.068
 2     0.658    -0.754     0.003
 2     0.752     0.657     0.029
 2    -0.023    -0.018     0.999
 3   135.318    -5.668     4.063
 3     0.423    -0.011    -0.906
 3     0.149     0.987     0.058
 3     0.894    -0.160     0.419
 4   120.197    10.698    -5.879
 4     0.430    -0.860     0.277
 4     0.903     0.403    -0.150
 4     0.017     0.313     0.949
 5   123.632    24.931    17.427
 5     0.515    -0.030     0.857
 5     0.651    -0.636    -0.413
 5     0.557     0.771    -0.308
 6   141.335    39.351    29.569
 6     0.586    -0.654    -0.484
 6     0.499     0.756    -0.419
 6     0.638     0.006     0.768
 7   120.073   -22.569    -4.448
 7     0.515     0.764     0.390
 7    -0.852     0.505     0.133
 7    -0.094    -0.400     0.911
 8   126.292   -37.701    16.290
 8     0.523     0.056     0.850
 8    -0.619    -0.662     0.423
 8     0.586    -0.747    -0.312
 9   140.092   -52.690    25.128
 9     0.538     0.738    -0.417
 9    -0.528     0.672     0.514
 9     0.656    -0.059     0.750
 2    97.603   -19.393    59.118
 2     0.658    -0.754     0.003
 2     0.752     0.657     0.029
 2    -0.023    -0.018     0.999
 3   135.315    -5.567     3.945
 3     0.423    -0.008    -0.906
 3     0.152     0.986     0.062
 3     0.893    -0.165     0.418
 4   119.900    10.366    -6.249
 4     0.429    -0.855     0.292
 4     0.903     0.411    -0.122
 4    -0.015     0.315     0.948
 5   123.769    25.378    16.534
 5     0.520    -0.003     0.854
 5     0.677    -0.608    -0.414
 5     0.520     0.794    -0.314
 6   141.635    40.237    27.584
 6     0.599    -0.658    -0.463
 6     0.523     0.753    -0.394
 6     0.605    -0.003     0.794
 7   119.950   -22.413    -4.581
 7     0.511     0.761     0.402
 7    -0.852     0.510     0.115
 7    -0.117    -0.400     0.908
 8   126.397   -38.906    14.811
 8     0.540    -0.012     0.841
 8    -0.671    -0.610     0.421
 8     0.508    -0.792    -0.338
 9   140.212   -54.670    21.437
 9     0.560     0.750    -0.362
 9    -0.586     0.659     0.466
 9     0.586    -0.053     0.807
 2    97.653   -19.342    59.068
 2     0.658    -0.754     0.003
 2     0.752     0.657     0.029
 2    -0.023    -0.018     0.999
 3   135.213    -5.666     3.854
 3     0.422    -0.001    -0.907
 3     0.158     0.984     0.073
 3     0.892    -0.175     0.416
 4   119.413     9.827    -6.680
 4     0.425    -0.851     0.309
 4     0.904     0.418    -0.089
 4    -0.053     0.317     0.947
 5   123.804    25.643    15.491
 5     0.530     0.025     0.847
 5     0.698    -0.579    -0.420
 5     0.480     0.814    -0.325
 6   141.992    40.936    25.321
 6     0.621    -0.658    -0.434
 6     0.545     0.753    -0.363
 6     0.563    -0.009     0.824
 7   119.380   -22.396    -4.881
 7     0.500     0.758     0.421
 7    -0.853     0.514     0.085
 7    -0.151    -0.401     0.903
 8   126.350   -40.255    13.145
 8     0.557    -0.110     0.823
 8    -0.728    -0.541     0.421
 8     0.399    -0.834    -0.381
 9   139.945   -57.111    16.470
 9     0.592     0.761    -0.268
 9    -0.650     0.645     0.400
 9     0.476    -0.066     0.876
 2    97.653   -19.342    59.068
 2     0.658    -0.754     0.003
 2     0.752     0.657     0.029
 2    -0.023    -0.018     0.999
 3   135.038    -5.795     3.762
 3     0.424     0.009    -0.906
 3     0.159     0.983     0.085
 3     0.891    -0.181     0.415
 4   119.058     9.397    -6.867
 4     0.428    -0.845     0.323
 4     0.900     0.428    -0.070
 4    -0.078     0.320     0.944
 5   123.964    25.891    14.775
 5     0.541     0.047     0.839
 5     0.711    -0.558    -0.428
 5     0.448     0.828    -0.335
 6   142.353    41.389    23.555
 6     0.638    -0.655    -0.413
 6     0.559     0.755    -0.336
 6     0.530    -0.014     0.846
 7   118.901   -22.296    -4.952
 7     0.490     0.758     0.432
 7    -0.854     0.516     0.059
 7    -0.177    -0.397     0.899
 8   126.255   -41.215    11.284
 8     0.571    -0.167     0.804
 8    -0.764    -0.468     0.445
 8     0.302    -0.868    -0.394
 9   139.973   -58.263    11.905
 9     0.619     0.758    -0.210
 9    -0.688     0.650     0.322
 9     0.379    -0.057     0.923
 2    97.603   -19.342    59.068
 2     0.658    -0.754     0.003
 2     0.752     0.657     0.029
 2    -0.023    -0.018     0.999
 3   134.939    -5.896     3.686
 3     0.425     0.014    -0.905
 3     0.160     0.983     0.090
 3     0.891    -0.183     0.415
 4   118.703     9.173    -7.031
 4     0.426    -0.841     0.336
 4     0.899     0.434    -0.051
 4    -0.102     0.323     0.940
 5   124.062    26.092    14.072
 5     0.549     0.065     0.833
 5     0.722    -0.538    -0.434
 5     0.420     0.840    -0.343
 6   142.720    41.589    21.934
 6     0.654    -0.651    -0.392
 6     0.569     0.759    -0.312
 6     0.498    -0.016     0.865
 7   118.388   -22.148    -5.067
 7     0.483     0.757     0.443
 7    -0.851     0.522     0.033
 7    -0.206    -0.392     0.896
 8   126.483   -41.697     9.756
 8     0.589    -0.212     0.780
 8    -0.777    -0.414     0.474
 8     0.223    -0.885    -0.408
 9   140.249   -58.686     8.196
 9     0.641     0.753    -0.158
 9    -0.708     0.656     0.258
 9     0.296    -0.056     0.953
 2    97.603   -19.342    59.118
 2     0.658    -0.754     0.003
 2     0.752     0.657     0.029
 2    -0.023    -0.018     0.999
 3   134.806    -5.975     3.574
 3     0.429     0.019    -0.903
 3     0.161     0.982     0.097
 3     0.889    -0.188     0.418
 4   118.436     8.927    -7.157
 4     0.426    -0.837     0.345
 4     0.896     0.440    -0.036
 4    -0.121     0.324     0.938
 5   124.176    26.194    13.631
 5     0.560     0.079     0.825
 5     0.727    -0.524    -0.443
 5     0.397     0.848    -0.351
 6   142.956    41.795    20.771
 6     0.667    -0.647    -0.375
 6     0.575     0.762    -0.292
 6     0.473    -0.017     0.880
 7   117.928   -21.975    -5.076
 7     0.472     0.756     0.457
 7    -0.850     0.526     0.006
 7    -0.235    -0.390     0.889
 8   126.527   -42.101     8.189
 8     0.600    -0.261     0.756
 8    -0.786    -0.366     0.498
 8     0.147    -0.893    -0.424
 9   140.183   -58.933     4.456
 9     0.656     0.748    -0.100
 9    -0.724     0.660     0.198
 9     0.213    -0.059     0.975
 2    97.603   -19.342    59.068
 2     0.658    -0.754     0.003
 2     0.752     0.657     0.029
 2    -0.023    -0.018     0.999
 3   134.723    -5.981     3.486
 3     0.433     0.024    -0.901
 3     0.158     0.982     0.102
 3     0.887    -0.188     0.421
 4   118.187     8.816    -7.234
 4     0.428    -0.832     0.354
 4     0.894     0.446    -0.032
 4    -0.131     0.330     0.934
 5   124.359    26.279    13.321
 5     0.569     0.090     0.817
 5     0.728    -0.516    -0.450
 5     0.381     0.851    -0.359
 6   143.262    41.956    19.940
 6     0.679    -0.642    -0.361
 6     0.576     0.766    -0.280
 6     0.455    -0.015     0.889
 7   117.602   -21.801    -5.100
 7     0.474     0.744     0.473
 7    -0.838     0.544    -0.018
 7    -0.270    -0.387     0.881
 8   126.367   -42.506     6.558
 8     0.596    -0.295     0.747
 8    -0.799    -0.314     0.513
 8     0.083    -0.902    -0.422
 9   139.526   -59.490     0.811
 9     0.653     0.756    -0.042
 9    -0.746     0.651     0.139
 9     0.132    -0.060     0.989
 2    97.603   -19.342    59.068
 2     0.658    -0.754     0.003
 2     0.752     0.657     0.029
 2    -0.023    -0.018     0.999
 3   134.673    -6.033     3.409
 3     0.435     0.027    -0.900
 3     0.156     0.982     0.105
 3     0.887    -0.186     0.422
 4   118.124     8.785    -7.243
 4     0.429    -0.830     0.358
 4     0.893     0.448    -0.028
 4    -0.137     0.331     0.933
 5   124.387    26.348    13.039
 5     0.569     0.096     0.816
 5     0.733    -0.509    -0.451
 5     0.373     0.855    -0.360
 6   143.371    42.073    19.083
 6     0.680    -0.627    -0.385
 6     0.584     0.776    -0.231
 6     0.442    -0.064     0.893
 7   117.425   -21.723    -5.152
 7     0.468     0.742     0.482
 7    -0.833     0.550    -0.039
 7    -0.294    -0.383     0.875
 8   126.083   -42.685     5.136
 8     0.590    -0.276     0.759
 8    -0.805    -0.275     0.525
 8     0.065    -0.921    -0.383
 9   139.409   -59.521    -0.841
 9     0.629     0.767    -0.125
 9    -0.768     0.638     0.057
 9     0.122     0.058     0.990
 2    97.603   -19.342    59.068
 2     0.658    -0.754     0.003
 2     0.753     0.657     0.029
 2    -0.023    -0.018     0.999
 3   134.618    -6.086     3.313
 3     0.435     0.027    -0.900
 3     0.155     0.982     0.105
 3     0.886    -0.186     0.423
 4   118.029     8.677    -7.324
 4     0.427    -0.829     0.364
 4     0.892     0.450    -0.021
 4    -0.145     0.333     0.931
 5   124.263    26.518    12.712
 5     0.566     0.099     0.818
 5     0.739    -0.500    -0.451
 5     0.364     0.860    -0.356
 6   143.293    42.328    18.911
 6     0.676    -0.630    -0.388
 6     0.590     0.773    -0.226
 6     0.441    -0.073     0.893
 7   117.368   -21.776    -5.245
 7     0.468     0.741     0.483
 7    -0.833     0.551    -0.042
 7    -0.297    -0.382     0.874
 8   126.065   -42.897     4.129
 8     0.591    -0.216     0.777
 8    -0.803    -0.246     0.542
 8     0.075    -0.945    -0.318
 9   140.703   -58.719    -1.483
 9     0.627     0.692    -0.359
 9    -0.762     0.639    -0.102
 9     0.158     0.334     0.928
 2    97.603   -19.342    59.068
 2     0.658    -0.754     0.003
 2     0.752     0.657     0.029
 2    -0.023    -0.018     0.999
 3   134.662    -6.111     3.193
 3     0.437     0.026    -0.899
 3     0.158     0.982     0.105
 3     0.885    -0.188     0.425
 4   118.064     8.544    -7.381
 4     0.427    -0.828     0.367
 4     0.891     0.452    -0.016
 4    -0.152     0.333     0.930
 5   124.290    26.637    12.337
 5     0.563     0.098     0.820
 5     0.746    -0.487    -0.454
 5     0.355     0.867    -0.348
 6   143.469    42.325    18.284
 6     0.676    -0.614    -0.411
 6     0.594     0.781    -0.187
 6     0.435    -0.115     0.892
 7   117.574   -21.830    -5.232
 7     0.473     0.739     0.481
 7    -0.827     0.559    -0.048
 7    -0.303    -0.374     0.875
 8   126.310   -43.004     3.416
 8     0.592    -0.131     0.795
 8    -0.800    -0.213     0.561
 8     0.096    -0.968    -0.230
 9   141.339   -58.307    -1.284
 9     0.619     0.632    -0.469
 9    -0.765     0.618    -0.179
 9     0.176     0.466     0.865
 2    97.603   -19.342    59.068
 2     0.658    -0.754     0.003
 2     0.752     0.657     0.029
 2    -0.023    -0.018     0.999
 3   134.787    -6.108     3.194
 3     0.436     0.023    -0.900
 3     0.163     0.981     0.104
 3     0.885    -0.192     0.423
 4   118.078     8.489    -7.468
 4     0.425    -0.828     0.367
 4     0.891     0.452    -0.011
 4    -0.157     0.331     0.930
 5   124.287    26.687    12.265
 5     0.561     0.099     0.822
 5     0.748    -0.485    -0.452
 5     0.354     0.869    -0.346
 6   143.417    42.426    18.283
 6     0.676    -0.615    -0.410
 6     0.594     0.780    -0.189
 6     0.435    -0.113     0.892
 7   117.510   -21.836    -5.266
 7     0.473     0.739     0.482
 7    -0.825     0.562    -0.053
 7    -0.309    -0.372     0.874
 8   126.822   -42.887     3.226
 8     0.606    -0.229     0.762
 8    -0.794    -0.227     0.563
 8     0.044    -0.946    -0.319
 9   141.264   -58.400    -3.487
 9     0.634     0.715    -0.295
 9    -0.765     0.635    -0.106
 9     0.110     0.290     0.949
 2    97.603   -19.393    59.118
 2     0.658    -0.754     0.003
 2     0.752     0.657     0.029
 2    -0.023    -0.018     0.999
 3   134.787    -6.108     3.194
 3     0.435     0.023    -0.900
 3     0.163     0.981     0.104
 3     0.885    -0.192     0.423
 4   118.075     8.438    -7.466
 4     0.424    -0.828     0.369
 4     0.891     0.452    -0.009
 4    -0.158     0.332     0.929
 5   124.331    26.686    12.169
 5     0.560     0.101     0.822
 5     0.750    -0.483    -0.452
 5     0.352     0.869    -0.346
 6   143.329    42.602    18.060
 6     0.674    -0.623    -0.402
 6     0.599     0.775    -0.196
 6     0.432    -0.105     0.894
 7   117.536   -21.746    -5.298
 7     0.469     0.734     0.493
 7    -0.823     0.565    -0.061
 7    -0.322    -0.376     0.868
 8   127.441   -42.497     3.317
 8     0.608    -0.393     0.691
 8    -0.793    -0.258     0.551
 8    -0.038    -0.883    -0.467
 9   138.778   -59.731    -5.560
 9     0.612     0.772     0.175
 9    -0.790     0.603     0.106
 9    -0.023    -0.201     0.979
 2    97.603   -19.342    59.068
 2     0.658    -0.754     0.003
 2     0.752     0.657     0.029
 2    -0.023    -0.018     0.999
 3   134.842    -6.108     3.086
 3     0.435     0.025    -0.900
 3     0.160     0.981     0.105
 3     0.886    -0.190     0.423
 4   117.985     8.356    -7.527
 4     0.423    -0.827     0.373
 4     0.891     0.453    -0.005
 4    -0.164     0.334     0.928
 5   124.270    26.683    12.052
 5     0.559     0.105     0.822
 5     0.752    -0.481    -0.450
 5     0.348     0.870    -0.348
 6   143.272    42.652    17.938
 6     0.673    -0.627    -0.398
 6     0.602     0.772    -0.198
 6     0.430    -0.103     0.896
 7   117.275   -21.769    -5.222
 7     0.454     0.730     0.513
 7    -0.822     0.563    -0.075
 7    -0.343    -0.387     0.855
 8   127.765   -42.237     3.147
 8     0.601    -0.515     0.613
 8    -0.791    -0.276     0.545
 8    -0.111    -0.811    -0.572
 9   136.397   -60.327    -7.532
 9     0.573     0.553     0.610
 9    -0.804     0.520     0.285
 9    -0.160    -0.651     0.739
 2    97.603   -19.342    59.068
 2     0.658    -0.754     0.003
 2     0.752     0.657     0.029
 2    -0.023    -0.018     0.999
 3   134.738    -6.217     2.963
 3     0.440     0.031    -0.898
 3     0.151     0.982     0.108
 3     0.885    -0.183     0.427
 4   117.883     8.355    -7.525
 4     0.424    -0.825     0.375
 4     0.890     0.454    -0.006
 4    -0.165     0.336     0.927
 5   124.219    26.632    12.075
 5     0.561     0.108     0.821
 5     0.751    -0.484    -0.450
 5     0.348     0.868    -0.352
 6   143.317    42.599    17.841
 6     0.675    -0.627    -0.394
 6     0.600     0.773    -0.199
 6     0.428    -0.099     0.897
 7   117.039   -21.618    -5.255
 7     0.448     0.722     0.530
 7    -0.813     0.573    -0.095
 7    -0.372    -0.388     0.843
 8   127.761   -42.180     2.533
 8     0.597    -0.540     0.595
 8    -0.790    -0.263     0.553
 8    -0.142    -0.799    -0.582
 9   135.669   -60.411    -9.047
 9     0.550     0.449     0.708
 9    -0.807     0.501     0.309
 9    -0.217    -0.740     0.634
 2    97.603   -19.342    59.068
 2     0.658    -0.754     0.003
 2     0.753     0.657     0.029
 2    -0.023    -0.018     0.999
 3   134.733    -6.171     2.918
 3     0.442     0.033    -0.896
 3     0.147     0.983     0.109
 3     0.884    -0.181     0.429
 4   117.850     8.378    -7.492
 4     0.423    -0.824     0.378
 4     0.891     0.454    -0.004
 4    -0.168     0.338     0.926
 5   124.188    26.681    12.055
 5     0.561     0.112     0.820
 5     0.752    -0.482    -0.449
 5     0.346     0.869    -0.354
 6   143.261    42.648    17.821
 6     0.676    -0.627    -0.392
 6     0.600     0.773    -0.200
 6     0.426    -0.097     0.898
 7   116.863   -21.464    -5.224
 7     0.443     0.711     0.547
 7    -0.804     0.583    -0.110
 7    -0.397    -0.391     0.829
 8   127.923   -42.098     1.812
 8     0.594    -0.572     0.567
 8    -0.784    -0.253     0.566
 8    -0.180    -0.780    -0.598
 9   135.048   -60.330   -10.181
 9     0.523     0.300     0.800
 9    -0.809     0.469     0.354
 9    -0.270    -0.831     0.485
 2    97.603   -19.393    59.068
 2     0.658    -0.754     0.003
 2     0.752     0.657     0.029
 2    -0.023    -0.018     0.999
 3   134.652    -6.225     2.796
 3     0.446     0.034    -0.894
 3     0.144     0.983     0.109
 3     0.883    -0.178     0.433
 4   117.687     8.348    -7.505
 4     0.422    -0.822     0.384
 4     0.890     0.455    -0.002
 4    -0.173     0.341     0.923
 5   124.125    26.677    11.891
 5     0.561     0.115     0.819
 5     0.754    -0.479    -0.450
 5     0.341     0.870    -0.355
 6   143.200    42.645    17.605
 6     0.677    -0.629    -0.389
 6     0.603     0.771    -0.198
 6     0.422    -0.097     0.900
 7   116.530   -21.493    -5.226
 7     0.432     0.702     0.567
 7    -0.795     0.592    -0.129
 7    -0.426    -0.395     0.813
 8   128.141   -41.998     1.010
 8     0.591    -0.603     0.538
 8    -0.775    -0.237     0.585
 8    -0.225    -0.762    -0.606
 9   134.449   -60.303   -11.803
 9     0.484     0.101     0.869
 9    -0.809     0.431     0.400
 9    -0.334    -0.896     0.290
 2    97.603   -19.393    59.068
 2     0.658    -0.754     0.003
 2     0.752     0.657     0.029
 2    -0.023    -0.018     0.999
 3   134.652    -6.302     2.745
 3     0.446     0.035    -0.894
 3     0.143     0.983     0.110
 3     0.883    -0.177     0.433
 4   117.592     8.060    -7.634
 4     0.423    -0.819     0.388
 4     0.888     0.460     0.005
 4    -0.182     0.342     0.921
 5   124.149    26.590    11.568
 5     0.564     0.118     0.817
 5     0.757    -0.469    -0.454
 5     0.330     0.875    -0.354
 6   143.281    42.586    17.050
 6     0.682    -0.626    -0.384
 6     0.604     0.773    -0.187
 6     0.413    -0.101     0.904
 7   116.137   -21.410    -5.107
 7     0.419     0.691     0.591
 7    -0.777     0.607    -0.161
 7    -0.469    -0.391     0.791
 8   128.245   -41.808    -0.610
 8     0.591    -0.635     0.500
 8    -0.754    -0.216     0.619
 8    -0.286    -0.741    -0.606
 9   134.128   -59.507   -14.702
 9     0.458    -0.057     0.887
 9    -0.787     0.438     0.433
 9    -0.412    -0.897     0.157
 2    97.603   -19.393    59.068
 2     0.658    -0.754     0.003
 2     0.752     0.657     0.029
 2    -0.023    -0.018     0.999
 3   134.552    -6.406     2.718
 3     0.448     0.036    -0.893
 3     0.139     0.984     0.110
 3     0.883    -0.173     0.436
 4   117.477     7.926    -7.641
 4     0.424    -0.816     0.394
 4     0.886     0.463     0.009
 4    -0.189     0.344     0.919
 5   124.159    26.532    11.407
 5     0.568     0.121     0.814
 5     0.756    -0.466    -0.459
 5     0.324     0.876    -0.356
 6   143.294    42.453    16.764
 6     0.686    -0.623    -0.381
 6     0.602     0.776    -0.182
 6     0.407    -0.102     0.906
 7   115.571   -21.162    -5.202
 7     0.399     0.677     0.620
 7    -0.754     0.625    -0.200
 7    -0.522    -0.387     0.759
 8   128.367   -41.257    -2.116
 8     0.588    -0.671     0.455
 8    -0.734    -0.204     0.647
 8    -0.341    -0.713    -0.611
 9   133.621   -58.548   -17.275
 9     0.427    -0.194     0.885
 9    -0.773     0.433     0.464
 9    -0.470    -0.880     0.037
 2    97.603   -19.342    59.068
 2     0.658    -0.754     0.003
 2     0.753     0.657     0.029
 2    -0.023    -0.018     0.999
 3   134.470    -6.467     2.568
 3     0.453     0.038    -0.891
 3     0.126     0.986     0.106
 3     0.882    -0.161     0.442
 4   117.291     7.821    -7.683
 4     0.424    -0.814     0.400
 4     0.885     0.464     0.010
 4    -0.193     0.349     0.916
 5   124.127    26.478    11.314
 5     0.570     0.123     0.812
 5     0.756    -0.465    -0.460
 5     0.321     0.877    -0.358
 6   143.335    42.399    16.497
 6     0.689    -0.622    -0.378
 6     0.602     0.776    -0.179
 6     0.403    -0.101     0.908
 7   115.209   -20.709    -5.306
 7     0.381     0.665     0.644
 7    -0.728     0.643    -0.235
 7    -0.571    -0.379     0.727
 8   128.189   -40.694    -4.039
 8     0.581    -0.698     0.422
 8    -0.708    -0.178     0.682
 8    -0.401    -0.694    -0.596
 9   133.261   -57.224   -20.063
 9     0.408    -0.268     0.875
 9    -0.743     0.460     0.484
 9    -0.530    -0.846    -0.009
 2    97.603   -19.342    59.068
 2     0.658    -0.754     0.003
 2     0.752     0.657     0.029
 2    -0.023    -0.018     0.999
 3   134.457    -6.475     2.450
 3     0.459     0.036    -0.888
 3     0.118     0.988     0.101
 3     0.880    -0.152     0.449
 4   117.153     7.791    -7.722
 4     0.424    -0.811     0.405
 4     0.884     0.467     0.011
 4    -0.198     0.353     0.914
 5   124.115    26.473    11.149
 5     0.572     0.127     0.810
 5     0.757    -0.462    -0.462
 5     0.316     0.878    -0.360
 6   143.374    42.292    16.258
 6     0.693    -0.620    -0.374
 6     0.600     0.778    -0.176
 6     0.398    -0.099     0.911
 7   114.851   -20.523    -5.257
 7     0.364     0.663     0.655
 7    -0.708     0.652    -0.268
 7    -0.605    -0.367     0.706
 8   127.966   -40.204    -5.702
 8     0.574    -0.717     0.397
 8    -0.681    -0.150     0.716
 8    -0.454    -0.680    -0.574
 9   132.599   -55.760   -23.083
 9     0.387    -0.330     0.864
 9    -0.705     0.500     0.502
 9    -0.595    -0.800    -0.037
 2    97.603   -19.342    59.068
 2     0.658    -0.754     0.003
 2     0.753     0.657     0.029
 2    -0.023    -0.018     0.999
 3   134.330    -6.563     2.428
 3     0.471     0.034    -0.881
 3     0.112     0.989     0.098
 3     0.875    -0.146     0.462
 4   116.955     7.553    -7.772
 4     0.424    -0.807     0.413
 4     0.882     0.471     0.017
 4    -0.208     0.356     0.910
 5   124.040    26.412    10.925
 5     0.574     0.132     0.808
 5     0.760    -0.454    -0.465
 5     0.306     0.881    -0.360
 6   143.348    42.283    15.656
 6     0.697    -0.620    -0.366
 6     0.603     0.778    -0.168
 6     0.387    -0.101     0.915
 7   114.471   -20.387    -5.309
 7     0.347     0.659     0.668
 7    -0.687     0.662    -0.297
 7    -0.638    -0.357     0.681
 8   127.647   -39.662    -7.248
 8     0.569    -0.735     0.371
