% Calibrated with leiden_pols
% Positions are in centimeters
Data =[
 2    96.616   -18.740    59.742
 2    -0.053    -0.998    -0.015
 2     0.996    -0.054     0.067
 2    -0.068    -0.012     0.997
 3   126.644    -4.045     6.120
 3     0.511    -0.539    -0.670
 3     0.369     0.841    -0.395
 3     0.776    -0.045     0.629
 4   105.409     5.622    -5.915
 4     0.526    -0.646     0.553
 4     0.665     0.718     0.205
 4    -0.530     0.259     0.807
 5   114.021    20.167    18.919
 5     0.698    -0.512     0.500
 5    -0.042    -0.727    -0.686
 5     0.714     0.458    -0.529
 6   132.426     1.744    17.917
 6     0.558     0.757    -0.340
 6    -0.820     0.565    -0.089
 6     0.125     0.328     0.936
 7   110.727   -20.437    -4.955
 7     0.703     0.679     0.209
 7    -0.708     0.695     0.126
 7    -0.060    -0.237     0.969
 8   119.554   -30.485    19.646
 8     0.837     0.184     0.515
 8    -0.141    -0.836     0.529
 8     0.528    -0.516    -0.674
 9   134.576   -13.109    14.798
 9     0.420    -0.837    -0.350
 9     0.906     0.405     0.118
 9     0.043    -0.367     0.929
 2    96.566   -18.740    59.742
 2    -0.053    -0.998    -0.016
 2     0.996    -0.054     0.067
 2    -0.068    -0.012     0.997
 3   126.644    -4.045     6.120
 3     0.511    -0.539    -0.670
 3     0.369     0.841    -0.395
 3     0.776    -0.045     0.629
 4   105.410     5.621    -5.915
 4     0.526    -0.646     0.553
 4     0.664     0.718     0.205
 4    -0.530     0.259     0.807
 5   114.071    20.167    18.918
 5     0.699    -0.511     0.500
 5    -0.042    -0.727    -0.685
 5     0.714     0.458    -0.530
 6   132.420     1.844    17.896
 6     0.560     0.756    -0.340
 6    -0.819     0.566    -0.091
 6     0.123     0.329     0.936
 7   110.727   -20.437    -4.955
 7     0.703     0.678     0.210
 7    -0.708     0.695     0.126
 7    -0.060    -0.238     0.969
 8   119.555   -30.408    19.727
 8     0.838     0.179     0.516
 8    -0.143    -0.840     0.524
 8     0.527    -0.512    -0.678
 9   134.592   -13.190    14.635
 9     0.423    -0.837    -0.348
 9     0.905     0.406     0.124
 9     0.038    -0.368     0.929
 2    96.565   -18.740    59.793
 2    -0.053    -0.998    -0.016
 2     0.996    -0.054     0.067
 2    -0.068    -0.012     0.997
 3   126.644    -4.045     6.070
 3     0.512    -0.538    -0.670
 3     0.369     0.842    -0.394
 3     0.776    -0.046     0.629
 4   105.409     5.621    -5.967
 4     0.526    -0.645     0.554
 4     0.664     0.718     0.205
 4    -0.530     0.260     0.807
 5   114.012    20.039    19.048
 5     0.700    -0.506     0.503
 5    -0.042    -0.733    -0.678
 5     0.712     0.454    -0.535
 6   132.632     2.205    17.558
 6     0.579     0.736    -0.350
 6    -0.810     0.568    -0.145
 6     0.092     0.367     0.925
 7   110.727   -20.437    -4.955
 7     0.703     0.679     0.210
 7    -0.708     0.694     0.126
 7    -0.060    -0.238     0.969
 8   119.441   -30.184    19.905
 8     0.844     0.147     0.515
 8    -0.151    -0.856     0.493
 8     0.514    -0.495    -0.701
 9   134.814   -13.723    13.950
 9     0.456    -0.829    -0.324
 9     0.890     0.418     0.182
 9    -0.016    -0.371     0.928
 2    96.565   -18.740    59.793
 2    -0.053    -0.998    -0.016
 2     0.996    -0.054     0.067
 2    -0.068    -0.012     0.997
 3   126.694    -4.096     6.070
 3     0.512    -0.537    -0.670
 3     0.369     0.842    -0.393
 3     0.776    -0.046     0.629
 4   105.409     5.622    -5.916
 4     0.526    -0.645     0.554
 4     0.665     0.718     0.204
 4    -0.530     0.261     0.807
 5   114.128    19.620    19.425
 5     0.715    -0.482     0.506
 5    -0.042    -0.753    -0.657
 5     0.697     0.449    -0.559
 6   133.124     2.716    16.516
 6     0.614     0.715    -0.334
 6    -0.789     0.567    -0.237
 6     0.020     0.409     0.912
 7   110.677   -20.440    -4.949
 7     0.700     0.682     0.212
 7    -0.711     0.691     0.126
 7    -0.061    -0.240     0.969
 8   119.715   -29.359    20.568
 8     0.864     0.068     0.497
 8    -0.169    -0.893     0.416
 8     0.473    -0.444    -0.761
 9   135.122   -15.199    11.597
 9     0.506    -0.833    -0.222
 9     0.848     0.433     0.304
 9    -0.158    -0.342     0.926
 2    96.565   -18.740    59.793
 2    -0.053    -0.998    -0.016
 2     0.996    -0.054     0.067
 2    -0.068    -0.012     0.997
 3   126.691    -4.047     6.023
 3     0.513    -0.536    -0.670
 3     0.368     0.843    -0.393
 3     0.775    -0.045     0.630
 4   105.363     5.727    -5.878
 4     0.525    -0.645     0.555
 4     0.668     0.716     0.201
 4    -0.527     0.265     0.807
 5   114.430    19.288    19.701
 5     0.741    -0.451     0.497
 5    -0.037    -0.767    -0.641
 5     0.670     0.457    -0.585
 6   133.398     3.626    15.405
 6     0.651     0.701    -0.291
 6    -0.756     0.567    -0.326
 6    -0.063     0.432     0.899
 7   110.542   -20.296    -4.978
 7     0.693     0.686     0.218
 7    -0.717     0.686     0.121
 7    -0.067    -0.241     0.968
 8   120.349   -28.583    20.793
 8     0.893    -0.046     0.447
 8    -0.210    -0.922     0.324
 8     0.397    -0.384    -0.834
 9   134.770   -18.146     7.505
 9     0.539    -0.840    -0.049
 9     0.768     0.468     0.436
 9    -0.343    -0.273     0.899
 2    96.565   -18.791    59.793
 2    -0.053    -0.998    -0.016
 2     0.996    -0.054     0.067
 2    -0.068    -0.012     0.997
 3   126.642    -4.101     5.844
 3     0.517    -0.533    -0.671
 3     0.363     0.845    -0.392
 3     0.775    -0.041     0.630
 4   105.188     5.756    -5.812
 4     0.521    -0.647     0.556
 4     0.673     0.712     0.199
 4    -0.525     0.271     0.807
 5   114.714    18.929    19.864
 5     0.770    -0.410     0.488
 5    -0.026    -0.785    -0.618
 5     0.637     0.464    -0.616
 6   133.550     4.606    13.799
 6     0.676     0.699    -0.233
 6    -0.722     0.565    -0.399
 6    -0.148     0.438     0.887
 7   110.378   -20.128    -5.027
 7     0.688     0.689     0.228
 7    -0.722     0.682     0.117
 7    -0.075    -0.245     0.966
 8   121.514   -27.565    21.261
 8     0.911    -0.207     0.356
 8    -0.288    -0.938     0.194
 8     0.293    -0.279    -0.914
 9   133.901   -21.772     3.682
 9     0.534    -0.833     0.142
 9     0.641     0.509     0.573
 9    -0.550    -0.215     0.807
 2    96.616   -18.740    59.742
 2    -0.053    -0.998    -0.016
 2     0.996    -0.054     0.067
 2    -0.068    -0.012     0.997
 3   126.687    -3.976     5.745
 3     0.519    -0.532    -0.669
 3     0.361     0.846    -0.393
 3     0.774    -0.037     0.631
 4   104.873     5.910    -5.659
 4     0.508    -0.656     0.558
 4     0.681     0.702     0.205
 4    -0.527     0.276     0.804
 5   114.695    18.959    20.079
 5     0.792    -0.372     0.484
 5    -0.009    -0.800    -0.600
 5     0.610     0.470    -0.637
 6   133.388     5.494    12.631
 6     0.689     0.700    -0.188
 6    -0.692     0.558    -0.458
 6    -0.216     0.446     0.868
 7   110.136   -19.965    -4.985
 7     0.677     0.694     0.243
 7    -0.731     0.673     0.112
 7    -0.086    -0.253     0.963
 8   122.535   -27.160    20.876
 8     0.906    -0.345     0.243
 8    -0.376    -0.921     0.098
 8     0.190    -0.180    -0.965
 9   131.774   -25.637     0.639
 9     0.482    -0.813     0.326
 9     0.513     0.563     0.648
 9    -0.710    -0.145     0.689
 2    96.616   -18.740    59.742
 2    -0.053    -0.998    -0.015
 2     0.996    -0.054     0.067
 2    -0.068    -0.012     0.997
 3   126.675    -3.804     5.554
 3     0.526    -0.531    -0.664
 3     0.358     0.846    -0.393
 3     0.771    -0.031     0.636
 4   104.559     5.989    -5.531
 4     0.493    -0.667     0.558
 4     0.691     0.690     0.214
 4    -0.529     0.280     0.801
 5   114.820    18.883    20.174
 5     0.815    -0.334     0.474
 5     0.004    -0.814    -0.580
 5     0.580     0.474    -0.662
 6   133.046     6.274    11.421
 6     0.695     0.705    -0.140
 6    -0.660     0.548    -0.515
 6    -0.286     0.450     0.846
 7   109.904   -19.785    -5.024
 7     0.662     0.701     0.261
 7    -0.742     0.663     0.100
 7    -0.104    -0.260     0.960
 8   123.616   -26.990    20.417
 8     0.883    -0.447     0.142
 8    -0.454    -0.890     0.023
 8     0.116    -0.084    -0.990
 9   129.326   -28.867    -1.420
 9     0.385    -0.796     0.467
 9     0.385     0.598     0.702
 9    -0.839    -0.091     0.537
 2    96.616   -18.740    59.742
 2    -0.053    -0.998    -0.016
 2     0.996    -0.054     0.067
 2    -0.068    -0.012     0.997
 3   126.606    -3.483     5.296
 3     0.534    -0.530    -0.659
 3     0.357     0.847    -0.392
 3     0.766    -0.026     0.641
 4   104.038     6.094    -5.402
 4     0.473    -0.682     0.559
 4     0.702     0.674     0.228
 4    -0.532     0.285     0.797
 5   114.687    19.093    20.253
 5     0.831    -0.298     0.469
 5     0.024    -0.824    -0.566
 5     0.555     0.481    -0.678
 6   132.649     7.046    10.657
 6     0.697     0.708    -0.113
 6    -0.634     0.536    -0.557
 6    -0.334     0.460     0.822
 7   109.565   -19.700    -4.882
 7     0.647     0.711     0.275
 7    -0.754     0.651     0.091
 7    -0.114    -0.266     0.957
 8   121.571   -27.210    17.949
 8     0.851    -0.522     0.055
 8    -0.521    -0.853    -0.039
 8     0.067     0.004    -0.998
 9   126.694   -31.900    -2.586
 9     0.292    -0.766     0.572
 9     0.285     0.641     0.713
 9    -0.913    -0.045     0.405
 2    96.616   -18.740    59.742
 2    -0.053    -0.998    -0.016
 2     0.996    -0.054     0.067
 2    -0.068    -0.012     0.997
 3   126.565    -3.310     5.186
 3     0.539    -0.531    -0.654
 3     0.359     0.847    -0.392
 3     0.762    -0.024     0.647
 4   103.614     6.046    -5.270
 4     0.449    -0.698     0.558
 4     0.715     0.655     0.243
 4    -0.536     0.290     0.793
 5   114.468    19.176    20.211
 5     0.849    -0.253     0.464
 5     0.049    -0.836    -0.546
 5     0.526     0.486    -0.698
 6   132.007     7.929     9.523
 6     0.697     0.713    -0.081
 6    -0.597     0.514    -0.616
 6    -0.397     0.477     0.783
 7   109.244   -19.670    -4.878
 7     0.627     0.722     0.292
 7    -0.768     0.635     0.080
 7    -0.128    -0.275     0.953
 8   121.823   -27.742    17.619
 8     0.815    -0.579    -0.007
 8    -0.578    -0.813    -0.073
 8     0.037     0.063    -0.997
 9   124.818   -33.784    -3.217
 9     0.225    -0.738     0.636
 9     0.222     0.674     0.704
 9    -0.949    -0.017     0.316
 2    96.616   -18.740    59.742
 2    -0.053    -0.998    -0.016
 2     0.996    -0.054     0.067
 2    -0.068    -0.012     0.997
 3   126.543    -3.141     4.908
 3     0.547    -0.529    -0.649
 3     0.359     0.849    -0.388
 3     0.756    -0.021     0.653
 4   103.348     5.997    -5.163
 4     0.433    -0.709     0.557
 4     0.722     0.642     0.255
 4    -0.539     0.291     0.790
 5   114.446    19.337    20.127
 5     0.862    -0.222     0.456
 5     0.067    -0.842    -0.535
 5     0.503     0.491    -0.711
 6   131.671     8.602     9.021
 6     0.693     0.718    -0.062
 6    -0.572     0.496    -0.653
 6    -0.438     0.488     0.755
 7   109.115   -19.680    -4.728
 7     0.615     0.728     0.301
 7    -0.777     0.625     0.076
 7    -0.133    -0.281     0.950
 8   122.078   -27.923    17.278
 8     0.792    -0.608    -0.054
 8    -0.610    -0.787    -0.089
 8     0.011     0.103    -0.995
 9   123.285   -35.100    -3.499
 9     0.166    -0.705     0.689
 9     0.182     0.709     0.681
 9    -0.969     0.012     0.246
 2    96.566   -18.791    59.742
 2    -0.053    -0.998    -0.016
 2     0.996    -0.054     0.067
 2    -0.068    -0.012     0.997
 3   126.557    -3.068     4.769
 3     0.550    -0.529    -0.646
 3     0.361     0.848    -0.387
 3     0.753    -0.021     0.658
 4   103.104     5.922    -5.156
 4     0.417    -0.719     0.556
 4     0.729     0.630     0.267
 4    -0.543     0.294     0.787
 5   114.219    19.326    20.049
 5     0.870    -0.197     0.452
 5     0.082    -0.846    -0.526
 5     0.486     0.494    -0.720
 6   131.291     8.953     8.362
 6     0.688     0.724    -0.050
 6    -0.556     0.481    -0.678
 6    -0.467     0.494     0.733
 7   108.983   -19.677    -4.663
 7     0.598     0.735     0.318
 7    -0.787     0.614     0.061
 7    -0.151    -0.287     0.946
 8   122.525   -28.477    16.720
 8     0.754    -0.646    -0.120
 8    -0.657    -0.747    -0.106
 8    -0.021     0.159    -0.987
 9   121.641   -36.991    -4.224
 9     0.101    -0.671     0.734
 9     0.124     0.741     0.660
 9    -0.987     0.024     0.158
 2    96.566   -18.791    59.742
 2    -0.053    -0.998    -0.016
 2     0.996    -0.054     0.067
 2    -0.068    -0.012     0.997
 3   126.545    -2.843     4.604
 3     0.553    -0.530    -0.643
 3     0.363     0.848    -0.386
 3     0.750    -0.020     0.661
 4   102.972     6.052    -5.109
 4     0.407    -0.724     0.556
 4     0.734     0.621     0.271
 4    -0.543     0.298     0.785
 5   114.205    19.400    20.059
 5     0.872    -0.187     0.452
 5     0.087    -0.850    -0.520
 5     0.482     0.493    -0.724
 6   131.162     9.224     8.210
 6     0.687     0.725    -0.044
 6    -0.547     0.478    -0.687
 6    -0.477     0.496     0.725
 7   108.693   -19.525    -4.540
 7     0.582     0.741     0.334
 7    -0.795     0.605     0.041
 7    -0.172    -0.290     0.941
 8   122.646   -29.130    16.035
 8     0.722    -0.669    -0.177
 8    -0.689    -0.718    -0.099
 8    -0.061     0.193    -0.979
 9   118.929   -38.628    -5.528
 9    -0.014    -0.738     0.674
 9     0.076     0.672     0.737
 9    -0.997     0.061     0.047
 2    96.566   -18.791    59.742
 2    -0.053    -0.998    -0.016
 2     0.996    -0.054     0.067
 2    -0.068    -0.012     0.997
 3   126.527    -2.623     4.447
 3     0.560    -0.528    -0.639
 3     0.362     0.849    -0.384
 3     0.745    -0.016     0.666
 4   102.841     6.105    -5.088
 4     0.401    -0.727     0.558
 4     0.738     0.617     0.273
 4    -0.543     0.302     0.783
 5   114.135    19.499    20.073
 5     0.874    -0.177     0.451
 5     0.093    -0.853    -0.514
 5     0.476     0.491    -0.729
 6   130.869     9.485     8.064
 6     0.683     0.729    -0.026
 6    -0.537     0.479    -0.695
 6    -0.495     0.488     0.719
 7   108.309   -19.369    -4.424
 7     0.570     0.743     0.351
 7    -0.799     0.600     0.027
 7    -0.191    -0.296     0.936
 8   122.778   -29.681    15.254
 8     0.696    -0.680    -0.231
 8    -0.711    -0.699    -0.082
 8    -0.106     0.220    -0.970
 9   117.038   -38.496    -7.019
 9    -0.093    -0.746     0.659
 9     0.076     0.654     0.752
 9    -0.993     0.120    -0.004
 2    96.566   -18.791    59.742
 2    -0.053    -0.998    -0.016
 2     0.996    -0.054     0.067
 2    -0.068    -0.012     0.997
 3   126.435    -2.555     4.290
 3     0.567    -0.524    -0.635
 3     0.359     0.851    -0.382
 3     0.740    -0.012     0.671
 4   102.606     6.183    -4.988
 4     0.391    -0.730     0.561
 4     0.743     0.610     0.276
 4    -0.544     0.308     0.780
 5   113.931    19.519    20.198
 5     0.878    -0.161     0.450
 5     0.102    -0.856    -0.506
 5     0.467     0.490    -0.736
 6   130.464     9.765     7.732
 6     0.675     0.738    -0.003
 6    -0.526     0.479    -0.703
 6    -0.518     0.476     0.711
 7   108.117   -19.379    -4.390
 7     0.566     0.740     0.363
 7    -0.800     0.600     0.023
 7    -0.201    -0.303     0.931
 8   122.736   -30.038    14.908
 8     0.686    -0.684    -0.247
 8    -0.717    -0.694    -0.069
 8    -0.125     0.224    -0.966
 9   116.458   -38.313    -7.506
 9    -0.119    -0.738     0.664
 9     0.084     0.659     0.747
 9    -0.989     0.145    -0.017
 2    96.565   -18.791    59.793
 2    -0.053    -0.998    -0.016
 2     0.996    -0.054     0.067
 2    -0.068    -0.012     0.997
 3   126.381    -2.556     4.243
 3     0.570    -0.524    -0.633
 3     0.359     0.852    -0.381
 3     0.739    -0.010     0.674
 4   102.451     6.134    -4.940
 4     0.385    -0.732     0.562
 4     0.745     0.606     0.278
 4    -0.544     0.311     0.779
 5   113.858    19.437    20.169
 5     0.881    -0.151     0.447
 5     0.107    -0.859    -0.501
 5     0.459     0.490    -0.741
 6   130.026     9.825     7.500
 6     0.669     0.743     0.010
 6    -0.517     0.476    -0.711
 6    -0.533     0.470     0.703
 7   108.064   -19.381    -4.383
 7     0.565     0.739     0.366
 7    -0.799     0.600     0.022
 7    -0.203    -0.305     0.930
 8   122.671   -30.231    14.660
 8     0.677    -0.688    -0.259
 8    -0.723    -0.688    -0.064
 8    -0.133     0.231    -0.964
 9   116.075   -38.187    -7.685
 9    -0.133    -0.737     0.662
 9     0.083     0.658     0.748
 9    -0.988     0.154    -0.026
 2    96.565   -18.740    59.793
 2    -0.053    -0.998    -0.016
 2     0.996    -0.054     0.067
 2    -0.068    -0.012     0.997
 3   126.324    -2.508     4.175
 3     0.572    -0.523    -0.632
 3     0.359     0.852    -0.381
 3     0.737    -0.009     0.675
 4   102.374     6.135    -4.942
 4     0.382    -0.734     0.561
 4     0.747     0.603     0.279
 4    -0.544     0.313     0.779
 5   113.772    19.513    20.175
 5     0.883    -0.142     0.447
 5     0.113    -0.860    -0.497
 5     0.456     0.489    -0.744
 6   129.887    10.139     7.364
 6     0.665     0.747     0.017
 6    -0.510     0.470    -0.721
 6    -0.547     0.470     0.693
 7   108.010   -19.332    -4.377
 7     0.565     0.739     0.367
 7    -0.799     0.600     0.022
 7    -0.205    -0.306     0.930
 8   122.642   -30.260    14.617
 8     0.674    -0.691    -0.261
 8    -0.726    -0.685    -0.063
 8    -0.135     0.232    -0.963
 9   115.915   -38.118    -7.671
 9    -0.140    -0.738     0.660
 9     0.085     0.655     0.751
 9    -0.986     0.161    -0.029
 2    96.565   -18.791    59.793
 2    -0.053    -0.998    -0.016
 2     0.996    -0.054     0.067
 2    -0.068    -0.012     0.997
 3   126.323    -2.508     4.175
 3     0.572    -0.524    -0.631
 3     0.359     0.851    -0.382
 3     0.737    -0.008     0.675
 4   102.375     6.187    -4.946
 4     0.380    -0.735     0.561
 4     0.749     0.601     0.279
 4    -0.543     0.314     0.779
 5   113.710    19.509    20.136
 5     0.885    -0.138     0.445
 5     0.115    -0.861    -0.495
 5     0.452     0.489    -0.746
 6   129.750    10.081     7.255
 6     0.660     0.750     0.019
 6    -0.509     0.467    -0.723
 6    -0.552     0.468     0.690
 7   108.006   -19.333    -4.421
 7     0.565     0.737     0.370
 7    -0.799     0.601     0.021
 7    -0.207    -0.307     0.929
 8   122.636   -30.239    14.551
 8     0.673    -0.690    -0.265
 8    -0.726    -0.684    -0.062
 8    -0.138     0.234    -0.962
 9   115.717   -37.970    -7.918
 9    -0.156    -0.736     0.659
 9     0.089     0.653     0.751
 9    -0.984     0.176    -0.036
 2    96.565   -18.791    59.793
 2    -0.053    -0.998    -0.016
 2     0.996    -0.054     0.067
 2    -0.068    -0.012     0.997
 3   126.298    -2.509     4.123
 3     0.573    -0.524    -0.630
 3     0.359     0.851    -0.382
 3     0.737    -0.007     0.676
 4   102.323     6.137    -4.947
 4     0.378    -0.735     0.562
 4     0.749     0.600     0.280
 4    -0.543     0.315     0.778
 5   113.704    19.508    20.142
 5     0.885    -0.136     0.444
 5     0.116    -0.862    -0.494
 5     0.450     0.489    -0.747
 6   129.693    10.078     7.164
 6     0.659     0.752     0.022
 6    -0.508     0.466    -0.725
 6    -0.555     0.466     0.689
 7   107.951   -19.335    -4.360
 7     0.565     0.735     0.373
 7    -0.798     0.602     0.021
 7    -0.210    -0.310     0.927
 8   122.747   -30.275    14.400
 8     0.670    -0.690    -0.275
 8    -0.728    -0.682    -0.062
 8    -0.145     0.242    -0.959
 9   115.531   -37.985    -8.022
 9    -0.172    -0.732     0.659
 9     0.087     0.655     0.750
 9    -0.981     0.186    -0.049
 2    96.565   -18.740    59.793
 2    -0.053    -0.998    -0.016
 2     0.996    -0.054     0.067
 2    -0.068    -0.012     0.997
 3   126.319    -2.408     4.077
 3     0.573    -0.525    -0.629
 3     0.359     0.851    -0.382
 3     0.736    -0.007     0.677
 4   102.191     6.136    -4.917
 4     0.375    -0.736     0.563
 4     0.750     0.598     0.282
 4    -0.545     0.316     0.776
 5   113.696    19.504    20.151
 5     0.887    -0.134     0.442
 5     0.116    -0.861    -0.494
 5     0.447     0.490    -0.749
 6   129.610    10.123     7.102
 6     0.656     0.754     0.026
 6    -0.507     0.467    -0.725
 6    -0.559     0.463     0.688
 7   107.778   -19.388    -4.145
 7     0.562     0.732     0.384
 7    -0.799     0.600     0.025
 7    -0.212    -0.321     0.923
 8   122.966   -30.107    14.308
 8     0.668    -0.683    -0.295
 8    -0.729    -0.681    -0.074
 8    -0.151     0.265    -0.952
 9   114.909   -37.969    -8.088
 9    -0.217    -0.726     0.652
 9     0.072     0.655     0.752
 9    -0.973     0.210    -0.090
 2    96.566   -18.791    59.742
 2    -0.053    -0.998    -0.016
 2     0.996    -0.054     0.067
 2    -0.068    -0.012     0.997
 3   126.230    -2.387     4.018
 3     0.576    -0.526    -0.625
 3     0.362     0.850    -0.381
 3     0.732    -0.007     0.681
 4   101.998     6.003    -4.900
 4     0.370    -0.735     0.568
 4     0.747     0.598     0.287
 4    -0.551     0.318     0.771
 5   113.632    19.550    20.066
 5     0.889    -0.130     0.439
 5     0.119    -0.860    -0.496
 5     0.442     0.493    -0.749
 6   129.484    10.069     6.936
 6     0.653     0.756     0.030
 6    -0.509     0.468    -0.723
 6    -0.561     0.457     0.690
 7   107.586   -19.515    -3.957
 7     0.559     0.727     0.398
 7    -0.801     0.598     0.034
 7    -0.213    -0.338     0.917
 8   123.265   -29.910    14.235
 8     0.670    -0.671    -0.317
 8    -0.726    -0.681    -0.091
 8    -0.155     0.291    -0.944
 9   114.584   -38.013    -8.020
 9    -0.252    -0.727     0.638
 9     0.063     0.646     0.761
 9    -0.966     0.232    -0.117
 2    96.616   -18.740    59.742
 2    -0.053    -0.998    -0.016
 2     0.996    -0.054     0.067
 2    -0.068    -0.012     0.997
 3   126.102    -2.421     3.875
 3     0.584    -0.526    -0.619
 3     0.366     0.850    -0.377
 3     0.724    -0.007     0.689
 4   101.859     5.948    -4.967
 4     0.366    -0.733     0.573
 4     0.747     0.599     0.289
 4    -0.555     0.322     0.767
 5   113.613    19.493    19.962
 5     0.892    -0.125     0.434
 5     0.122    -0.859    -0.498
 5     0.435     0.497    -0.751
 6   129.197     9.958     6.560
 6     0.646     0.762     0.040
 6    -0.509     0.470    -0.721
 6    -0.568     0.446     0.691
 7   107.424   -19.640    -3.863
 7     0.555     0.729     0.401
 7    -0.805     0.592     0.039
 7    -0.209    -0.345     0.915
 8   123.203   -29.858    14.335
 8     0.668    -0.671    -0.322
 8    -0.728    -0.678    -0.101
 8    -0.151     0.302    -0.941
 9   114.146   -38.395    -7.622
 9    -0.276    -0.744     0.609
 9     0.045     0.623     0.781
 9    -0.960     0.243    -0.138
 2    96.566   -18.791    59.742
 2    -0.053    -0.998    -0.016
 2     0.996    -0.054     0.067
 2    -0.068    -0.012     0.997
 3   126.015    -2.477     3.791
 3     0.588    -0.523    -0.617
 3     0.367     0.852    -0.372
 3     0.720    -0.008     0.693
 4   101.753     5.920    -4.961
 4     0.366    -0.732     0.575
 4     0.746     0.600     0.288
 4    -0.557     0.323     0.765
 5   113.583    19.541    19.918
 5     0.893    -0.124     0.433
 5     0.122    -0.858    -0.498
 5     0.433     0.498    -0.751
 6   129.196     9.956     6.616
 6     0.645     0.762     0.040
 6    -0.510     0.470    -0.721
 6    -0.569     0.444     0.692
 7   107.336   -19.740    -3.738
 7     0.549     0.730     0.406
 7    -0.810     0.585     0.043
 7    -0.206    -0.353     0.912
 8   123.121   -29.807    14.361
 8     0.664    -0.670    -0.332
 8    -0.733    -0.670    -0.114
 8    -0.146     0.319    -0.936
 9   114.165   -39.335    -7.392
 9    -0.340    -0.813     0.471
 9     0.010     0.498     0.867
 9    -0.940     0.300    -0.161
 2    96.565   -18.791    59.793
 2    -0.053    -0.998    -0.016
 2     0.996    -0.054     0.067
 2    -0.068    -0.012     0.997
 3   126.005    -2.531     3.779
 3     0.591    -0.521    -0.616
 3     0.368     0.853    -0.368
 3     0.717    -0.009     0.696
 4   101.673     5.816    -4.956
 4     0.365    -0.730     0.578
 4     0.744     0.602     0.289
 4    -0.559     0.324     0.763
 5   113.578    19.488    19.899
 5     0.894    -0.123     0.431
 5     0.123    -0.857    -0.500
 5     0.431     0.500    -0.751
 6   129.068     9.953     6.447
 6     0.643     0.764     0.043
 6    -0.510     0.470    -0.720
 6    -0.571     0.441     0.693
 7   107.246   -19.814    -3.643
 7     0.548     0.729     0.409
 7    -0.812     0.582     0.049
 7    -0.203    -0.359     0.911
 8   123.225   -29.678    14.414
 8     0.668    -0.664    -0.337
 8    -0.730    -0.672    -0.123
 8    -0.145     0.328    -0.933
 9   115.884   -42.245    -4.745
 9    -0.368    -0.854     0.368
 9    -0.018     0.402     0.915
 9    -0.929     0.330    -0.164
 2    96.566   -18.791    59.742
 2    -0.053    -0.998    -0.016
 2     0.996    -0.054     0.067
 2    -0.068    -0.012     0.997
 3   125.946    -2.585     3.690
 3     0.594    -0.520    -0.614
 3     0.370     0.854    -0.365
 3     0.714    -0.011     0.700
 4   101.666     5.814    -5.001
 4     0.363    -0.730     0.579
 4     0.744     0.601     0.291
 4    -0.561     0.325     0.761
 5   113.525    19.488    19.851
 5     0.894    -0.122     0.430
 5     0.124    -0.857    -0.500
 5     0.430     0.500    -0.751
 6   129.069     9.927     6.448
 6     0.642     0.765     0.043
 6    -0.511     0.470    -0.719
 6    -0.571     0.440     0.693
 7   107.304   -19.862    -3.626
 7     0.548     0.729     0.410
 7    -0.812     0.581     0.052
 7    -0.200    -0.362     0.910
 8   123.308   -29.571    14.507
 8     0.671    -0.661    -0.337
 8    -0.728    -0.673    -0.129
 8    -0.142     0.331    -0.933
 9   115.902   -42.111    -4.648
 9    -0.373    -0.857     0.356
 9    -0.018     0.390     0.920
 9    -0.927     0.337    -0.161
 2    96.565   -18.740    59.793
 2    -0.053    -0.998    -0.016
 2     0.996    -0.054     0.067
 2    -0.068    -0.012     0.997
 3   125.992    -2.535     3.746
 3     0.594    -0.520    -0.614
 3     0.372     0.854    -0.364
 3     0.713    -0.012     0.700
 4   101.663     5.813    -4.998
 4     0.363    -0.730     0.579
 4     0.743     0.602     0.292
 4    -0.562     0.325     0.761
 5   113.575    19.539    19.852
 5     0.894    -0.121     0.431
 5     0.125    -0.857    -0.500
 5     0.430     0.501    -0.751
 6   129.073     9.877     6.395
 6     0.642     0.765     0.043
 6    -0.512     0.470    -0.719
 6    -0.570     0.439     0.694
 7   107.351   -19.861    -3.624
 7     0.551     0.726     0.410
 7    -0.810     0.584     0.053
 7    -0.201    -0.362     0.910
 8   123.415   -29.497    14.368
 8     0.678    -0.653    -0.338
 8    -0.720    -0.683    -0.126
 8    -0.149     0.328    -0.933
 9   114.721   -38.631    -7.558
 9    -0.368    -0.851     0.375
 9     0.013     0.398     0.917
 9    -0.929     0.343    -0.136
 2    96.566   -18.791    59.742
 2    -0.053    -0.998    -0.016
 2     0.996    -0.054     0.067
 2    -0.068    -0.012     0.997
 3   125.942    -2.585     3.746
 3     0.594    -0.520    -0.614
 3     0.372     0.854    -0.364
 3     0.713    -0.012     0.701
 4   101.614     5.762    -4.947
 4     0.363    -0.729     0.579
 4     0.743     0.602     0.292
 4    -0.562     0.325     0.761
 5   113.526    19.538    19.802
 5     0.894    -0.122     0.430
 5     0.124    -0.856    -0.501
 5     0.430     0.502    -0.751
 6   129.074     9.826     6.396
 6     0.641     0.766     0.042
 6    -0.514     0.470    -0.718
 6    -0.570     0.439     0.695
 7   107.440   -19.808    -3.753
 7     0.561     0.721     0.406
 7    -0.802     0.594     0.053
 7    -0.203    -0.355     0.912
 8   123.321   -29.558    14.386
 8     0.696    -0.647    -0.312
 8    -0.702    -0.704    -0.106
 8    -0.151     0.292    -0.944
 9   115.845   -37.573    -8.001
 9    -0.276    -0.842     0.463
 9     0.100     0.453     0.885
 9    -0.956     0.291    -0.041
 2    96.566   -18.791    59.742
 2    -0.053    -0.998    -0.016
 2     0.996    -0.054     0.067
 2    -0.068    -0.012     0.997
 3   125.952    -2.531     3.784
 3     0.591    -0.523    -0.615
 3     0.372     0.852    -0.367
 3     0.716    -0.012     0.698
 4   101.693     5.814    -4.949
 4     0.365    -0.730     0.577
 4     0.743     0.602     0.291
 4    -0.561     0.323     0.762
 5   113.535    19.540    19.793
 5     0.893    -0.129     0.431
 5     0.120    -0.856    -0.503
 5     0.433     0.501    -0.749
 6   129.165     9.583     6.657
 6     0.641     0.767     0.021
 6    -0.530     0.463    -0.710
 6    -0.555     0.444     0.703
 7   107.621   -19.756    -3.829
 7     0.572     0.718     0.395
 7    -0.793     0.607     0.046
 7    -0.207    -0.340     0.917
 8   122.564   -30.480    14.330
 8     0.722    -0.647    -0.242
 8    -0.671    -0.741    -0.018
 8    -0.168     0.175    -0.970
 9   118.035   -35.349    -8.656
 9    -0.159    -0.834     0.528
 9     0.241     0.486     0.840
 9    -0.958     0.260     0.124
 2    96.565   -18.791    59.793
 2    -0.053    -0.998    -0.016
 2     0.996    -0.054     0.067
 2    -0.068    -0.012     0.997
 3   126.100    -2.522     3.830
 3     0.583    -0.526    -0.619
 3     0.370     0.851    -0.373
 3     0.723    -0.012     0.691
 4   101.934     5.867    -5.008
 4     0.373    -0.730     0.573
 4     0.742     0.605     0.287
 4    -0.557     0.318     0.767
 5   113.643    19.496    19.864
 5     0.889    -0.145     0.434
 5     0.109    -0.854    -0.508
 5     0.444     0.499    -0.744
 6   129.519     9.144     6.954
 6     0.642     0.767    -0.004
 6    -0.549     0.457    -0.700
 6    -0.535     0.451     0.714
 7   107.769   -19.634    -3.962
 7     0.580     0.714     0.392
 7    -0.785     0.618     0.037
 7    -0.216    -0.329     0.919
 8   121.890   -32.005    13.544
 8     0.737    -0.653    -0.177
 8    -0.646    -0.757     0.103
 8    -0.201     0.038    -0.979
 9   120.190   -32.423    -9.753
 9    -0.040    -0.823     0.567
 9     0.417     0.502     0.757
 9    -0.908     0.267     0.323
 2    96.565   -18.740    59.793
 2    -0.053    -0.998    -0.016
 2     0.996    -0.054     0.067
 2    -0.068    -0.012     0.997
 3   126.110    -2.519     3.918
 3     0.580    -0.526    -0.622
 3     0.369     0.850    -0.375
 3     0.726    -0.012     0.687
 4   102.071     5.945    -5.015
 4     0.379    -0.728     0.571
 4     0.741     0.608     0.284
 4    -0.554     0.316     0.770
 5   113.711    19.599    19.876
 5     0.887    -0.157     0.433
 5     0.100    -0.852    -0.514
 5     0.450     0.500    -0.740
 6   129.754     8.858     7.277
 6     0.642     0.766    -0.021
 6    -0.568     0.458    -0.683
 6    -0.514     0.451     0.729
 7   107.782   -19.517    -4.055
 7     0.587     0.709     0.391
 7    -0.776     0.630     0.023
 7    -0.230    -0.318     0.920
 8   123.195   -33.421    14.761
 8     0.758    -0.646    -0.085
 8    -0.609    -0.749     0.261
 8    -0.232    -0.146    -0.961
 9   122.998   -29.228   -10.640
 9     0.101    -0.848     0.520
 9     0.604     0.467     0.645
 9    -0.791     0.249     0.560
 2    96.565   -18.791    59.793
 2    -0.053    -0.998    -0.016
 2     0.996    -0.054     0.067
 2    -0.068    -0.012     0.997
 3   126.092    -2.517     3.986
 3     0.579    -0.525    -0.625
 3     0.367     0.851    -0.375
 3     0.728    -0.012     0.685
 4   102.076     5.996    -5.016
 4     0.383    -0.726     0.571
 4     0.740     0.611     0.280
 4    -0.553     0.315     0.771
 5   113.772    19.649    19.870
 5     0.886    -0.167     0.431
 5     0.094    -0.848    -0.521
 5     0.453     0.502    -0.737
 6   129.861     8.542     7.435
 6     0.639     0.768    -0.034
 6    -0.589     0.460    -0.664
 6    -0.495     0.445     0.746
 7   107.745   -19.398    -4.081
 7     0.596     0.703     0.386
 7    -0.765     0.644     0.009
 7    -0.242    -0.301     0.922
 8   121.827   -35.251    13.163
 8     0.798    -0.601     0.039
 8    -0.559    -0.714     0.422
 8    -0.226    -0.359    -0.906
 9   126.555   -25.489    -9.599
 9     0.250    -0.877     0.409
 9     0.763     0.439     0.474
 9    -0.596     0.194     0.779
 2    96.565   -18.791    59.793
 2    -0.053    -0.998    -0.016
 2     0.996    -0.054     0.067
 2    -0.068    -0.012     0.997
 3   126.179    -2.565     4.025
 3     0.577    -0.523    -0.628
 3     0.365     0.852    -0.375
 3     0.731    -0.013     0.682
 4   102.308     5.994    -5.017
 4     0.391    -0.722     0.571
 4     0.737     0.617     0.275
 4    -0.552     0.313     0.773
 5   113.840    19.674    19.914
 5     0.885    -0.182     0.429
 5     0.084    -0.843    -0.531
 5     0.458     0.506    -0.730
 6   130.017     8.082     7.643
 6     0.635     0.770    -0.055
 6    -0.615     0.462    -0.639
 6    -0.467     0.439     0.767
 7   107.954   -19.343    -4.170
 7     0.611     0.699     0.371
 7    -0.753     0.657     0.001
 7    -0.243    -0.280     0.929
 8   121.270   -36.299    12.053
 8     0.838    -0.526     0.145
 8    -0.515    -0.674     0.530
 8    -0.181    -0.519    -0.836
 9   129.485   -22.676    -7.189
 9     0.337    -0.904     0.263
 9     0.852     0.412     0.323
 9    -0.401     0.115     0.909
 2    96.565   -18.791    59.793
 2    -0.053    -0.998    -0.016
 2     0.996    -0.054     0.067
 2    -0.068    -0.012     0.997
 3   126.202    -2.686     4.178
 3     0.571    -0.519    -0.636
 3     0.360     0.855    -0.374
 3     0.737    -0.016     0.675
 4   102.546     6.044    -5.095
 4     0.401    -0.717     0.570
 4     0.732     0.625     0.270
 4    -0.550     0.309     0.776
 5   113.953    19.781    19.808
 5     0.880    -0.204     0.429
 5     0.072    -0.836    -0.544
 5     0.470     0.509    -0.721
 6   130.265     7.674     7.992
 6     0.633     0.770    -0.084
 6    -0.638     0.457    -0.620
 6    -0.438     0.446     0.780
 7   108.306   -19.278    -4.312
 7     0.630     0.692     0.351
 7    -0.740     0.672     0.002
 7    -0.235    -0.261     0.936
 8   121.399   -36.408    11.693
 8     0.869    -0.448     0.207
 8    -0.477    -0.652     0.589
 8    -0.129    -0.611    -0.781
 9   131.627   -20.851    -5.072
 9     0.370    -0.916     0.156
 9     0.890     0.397     0.224
 9    -0.268     0.056     0.962
 2    96.565   -18.791    59.793
 2    -0.053    -0.998    -0.016
 2     0.996    -0.054     0.067
 2    -0.068    -0.012     0.997
 3   126.353    -2.728     4.327
 3     0.563    -0.518    -0.644
 3     0.358     0.855    -0.375
 3     0.744    -0.020     0.667
 4   102.920     6.174    -5.159
 4     0.415    -0.713     0.566
 4     0.729     0.632     0.261
 4    -0.544     0.304     0.782
 5   113.959    19.974    19.931
 5     0.870    -0.225     0.438
 5     0.063    -0.831    -0.552
 5     0.489     0.508    -0.709
 6   130.706     7.198     8.695
 6     0.631     0.765    -0.126
 6    -0.665     0.450    -0.596
 6    -0.400     0.460     0.793
 7   108.564   -19.213    -4.379
 7     0.646     0.686     0.334
 7    -0.729     0.684     0.003
 7    -0.226    -0.246     0.943
 8   121.666   -36.571    11.046
 8     0.892    -0.380     0.245
 8    -0.443    -0.627     0.641
 8    -0.090    -0.680    -0.727
 9   133.055   -19.326    -3.163
 9     0.380    -0.922     0.071
 9     0.912     0.387     0.135
 9    -0.152     0.014     0.988
 2    96.565   -18.791    59.793
 2    -0.053    -0.998    -0.016
 2     0.996    -0.054     0.067
 2    -0.068    -0.012     0.997
 3   126.486    -2.743     4.592
 3     0.555    -0.516    -0.653
 3     0.353     0.856    -0.377
 3     0.753    -0.021     0.657
 4   103.398     6.304    -5.225
 4     0.433    -0.705     0.562
 4     0.724     0.643     0.248
 4    -0.537     0.299     0.789
 5   114.042    20.069    19.853
 5     0.855    -0.264     0.446
 5     0.043    -0.822    -0.568
 5     0.516     0.505    -0.691
 6   131.428     6.490     9.921
 6     0.627     0.753    -0.199
 6    -0.703     0.438    -0.560
 6    -0.334     0.491     0.804
 7   108.840   -19.126    -4.508
 7     0.661     0.677     0.321
 7    -0.717     0.697     0.005
 7    -0.221    -0.233     0.947
 8   122.224   -36.296    10.784
 8     0.912    -0.313     0.265
 8    -0.407    -0.611     0.679
 8    -0.051    -0.727    -0.685
 9   134.134   -17.852    -1.530
 9     0.372    -0.928     0.000
 9     0.926     0.371     0.069
 9    -0.065    -0.026     0.997
 2    96.566   -18.791    59.793
 2    -0.053    -0.998    -0.016
 2     0.996    -0.054     0.067
 2    -0.068    -0.013     0.997
 3   126.588    -2.837     4.791
 3     0.548    -0.513    -0.660
 3     0.349     0.858    -0.377
 3     0.760    -0.024     0.649
 4   103.793     6.479    -5.303
 4     0.452    -0.693     0.561
 4     0.714     0.658     0.237
 4    -0.534     0.293     0.793
 5   114.163    20.377    19.769
 5     0.832    -0.314     0.457
 5     0.022    -0.804    -0.594
 5     0.554     0.505    -0.662
 6   132.130     5.802    11.774
 6     0.620     0.734    -0.279
 6    -0.746     0.440    -0.500
 6    -0.244     0.517     0.820
 7   109.317   -19.128    -4.622
 7     0.679     0.668     0.303
 7    -0.705     0.709     0.016
 7    -0.204    -0.224     0.953
 8   122.722   -35.893    10.915
 8     0.932    -0.222     0.286
 8    -0.362    -0.609     0.706
 8     0.017    -0.761    -0.648
 9   135.114   -16.424     1.219
 9     0.354    -0.929    -0.107
 9     0.935     0.355     0.010
 9     0.028    -0.104     0.994
 2    96.565   -18.791    59.793
 2    -0.053    -0.998    -0.016
 2     0.996    -0.054     0.067
 2    -0.068    -0.012     0.997
 3   126.675    -3.054     5.109
 3     0.539    -0.508    -0.673
 3     0.345     0.861    -0.374
 3     0.769    -0.031     0.639
 4   104.559     6.582    -5.472
 4     0.481    -0.679     0.554
 4     0.702     0.677     0.220
 4    -0.525     0.283     0.803
 5   114.288    20.414    19.673
 5     0.799    -0.374     0.469
 5    -0.005    -0.786    -0.618
 5     0.600     0.492    -0.631
 6   132.887     4.822    13.794
 6     0.610     0.710    -0.351
 6    -0.780     0.460    -0.425
 6    -0.140     0.533     0.834
 7   109.934   -19.239    -4.633
 7     0.700     0.658     0.276
 7    -0.693     0.719     0.043
 7    -0.170    -0.222     0.960
 8   123.283   -34.864    12.361
 8     0.944    -0.085     0.317
 8    -0.299    -0.624     0.722
 8     0.137    -0.776    -0.615
 9   136.239   -14.640     5.256
 9     0.327    -0.916    -0.233
 9     0.940     0.339    -0.014
 9     0.092    -0.214     0.972
 2    96.566   -18.791    59.793
 2    -0.053    -0.998    -0.016
 2     0.996    -0.054     0.067
 2    -0.068    -0.013     0.997
 3   126.973    -3.169     5.492
 3     0.526    -0.510    -0.681
 3     0.350     0.859    -0.373
 3     0.775    -0.042     0.630
 4   105.470     6.760    -5.659
 4     0.509    -0.664     0.548
 4     0.688     0.696     0.205
 4    -0.518     0.272     0.811
 5   114.546    20.564    19.540
 5     0.756    -0.440     0.485
 5    -0.030    -0.763    -0.645
 5     0.654     0.473    -0.590
 6   133.373     3.891    16.246
 6     0.592     0.689    -0.418
 6    -0.805     0.484    -0.343
 6    -0.034     0.539     0.841
 7   110.713   -19.417    -4.438
 7     0.716     0.657     0.234
 7    -0.688     0.722     0.076
 7    -0.119    -0.216     0.969
 8   123.505   -33.658    14.622
 8     0.939     0.015     0.344
