% Calibrated with leiden_pols
% Positions are in centimeters
Data =[
 2    96.616   -18.740    59.742
 2    -0.053    -0.998    -0.015
 2     0.996    -0.054     0.067
 2    -0.068    -0.012     0.997
 3   126.644    -4.045     6.120
 3     0.511    -0.539    -0.670
 3     0.369     0.841    -0.395
 3     0.776    -0.045     0.629
 4   105.409     5.622    -5.915
 4     0.526    -0.646     0.553
 4     0.665     0.718     0.205
 4    -0.530     0.259     0.807
 5   114.021    20.167    18.919
 5     0.698    -0.512     0.500
 5    -0.042    -0.727    -0.686
 5     0.714     0.458    -0.529
 6   132.426     1.744    17.917
 6     0.558     0.757    -0.340
 6    -0.820     0.565    -0.089
 6     0.125     0.328     0.936
 7   110.727   -20.437    -4.955
 7     0.703     0.679     0.209
 7    -0.708     0.695     0.126
 7    -0.060    -0.237     0.969
 8   119.554   -30.485    19.646
 8     0.837     0.184     0.515
 8    -0.141    -0.836     0.529
 8     0.528    -0.516    -0.674
 9   134.576   -13.109    14.798
 9     0.420    -0.837    -0.350
 9     0.906     0.405     0.118
 9     0.043    -0.367     0.929
 2    96.566   -18.740    59.742
 2    -0.053    -0.998    -0.016
 2     0.996    -0.054     0.067
 2    -0.068    -0.012     0.997
 3   126.644    -4.045     6.120
 3     0.511    -0.539    -0.670
 3     0.369     0.841    -0.395
 3     0.776    -0.045     0.629
 4   105.410     5.621    -5.915
 4     0.526    -0.646     0.553
 4     0.664     0.718     0.205
 4    -0.530     0.259     0.807
 5   114.071    20.167    18.918
 5     0.699    -0.511     0.500
 5    -0.042    -0.727    -0.685
 5     0.714     0.458    -0.530
 6   132.420     1.844    17.896
 6     0.560     0.756    -0.340
 6    -0.819     0.566    -0.091
 6     0.123     0.329     0.936
 7   110.727   -20.437    -4.955
 7     0.703     0.678     0.210
 7    -0.708     0.695     0.126
 7    -0.060    -0.238     0.969
 8   119.555   -30.408    19.727
 8     0.838     0.179     0.516
 8    -0.143    -0.840     0.524
 8     0.527    -0.512    -0.678
 9   134.592   -13.190    14.635
 9     0.423    -0.837    -0.348
 9     0.905     0.406     0.124
 9     0.038    -0.368     0.929
 2    96.565   -18.740    59.793
 2    -0.053    -0.998    -0.016
 2     0.996    -0.054     0.067
 2    -0.068    -0.012     0.997
 3   126.644    -4.045     6.070
 3     0.512    -0.538    -0.670
 3     0.369     0.842    -0.394
 3     0.776    -0.046     0.629
 4   105.409     5.621    -5.967
 4     0.526    -0.645     0.554
 4     0.664     0.718     0.205
 4    -0.530     0.260     0.807
 5   114.012    20.039    19.048
 5     0.700    -0.506     0.503
 5    -0.042    -0.733    -0.678
 5     0.712     0.454    -0.535
 6   132.632     2.205    17.558
 6     0.579     0.736    -0.350
 6    -0.810     0.568    -0.145
 6     0.092     0.367     0.925
 7   110.727   -20.437    -4.955
 7     0.703     0.679     0.210
 7    -0.708     0.694     0.126
 7    -0.060    -0.238     0.969
 8   119.441   -30.184    19.905
 8     0.844     0.147     0.515
 8    -0.151    -0.856     0.493
 8     0.514    -0.495    -0.701
 9   134.814   -13.723    13.950
 9     0.456    -0.829    -0.324
 9     0.890     0.418     0.182
 9    -0.016    -0.371     0.928
 2    96.565   -18.740    59.793
 2    -0.053    -0.998    -0.016
 2     0.996    -0.054     0.067
 2    -0.068    -0.012     0.997
 3   126.694    -4.096     6.070
 3     0.512    -0.537    -0.670
 3     0.369     0.842    -0.393
 3     0.776    -0.046     0.629
 4   105.409     5.622    -5.916
 4     0.526    -0.645     0.554
 4     0.665     0.718     0.204
 4    -0.530     0.261     0.807
 5   114.128    19.620    19.425
 5     0.715    -0.482     0.506
 5    -0.042    -0.753    -0.657
 5     0.697     0.449    -0.559
 6   133.124     2.716    16.516
 6     0.614     0.715    -0.334
 6    -0.789     0.567    -0.237
 6     0.020     0.409     0.912
 7   110.677   -20.440    -4.949
 7     0.700     0.682     0.212
 7    -0.711     0.691     0.126
 7    -0.061    -0.240     0.969
 8   119.715   -29.359    20.568
 8     0.864     0.068     0.497
 8    -0.169    -0.893     0.416
 8     0.473    -0.444    -0.761
 9   135.122   -15.199    11.597
 9     0.506    -0.833    -0.222
 9     0.848     0.433     0.304
 9    -0.158    -0.342     0.926
 2    96.565   -18.740    59.793
 2    -0.053    -0.998    -0.016
 2     0.996    -0.054     0.067
 2    -0.068    -0.012     0.997
 3   126.691    -4.047     6.023
 3     0.513    -0.536    -0.670
 3     0.368     0.843    -0.393
 3     0.775    -0.045     0.630
 4   105.363     5.727    -5.878
 4     0.525    -0.645     0.555
 4     0.668     0.716     0.201
 4    -0.527     0.265     0.807
 5   114.430    19.288    19.701
 5     0.741    -0.451     0.497
 5    -0.037    -0.767    -0.641
 5     0.670     0.457    -0.585
 6   133.398     3.626    15.405
 6     0.651     0.701    -0.291
 6    -0.756     0.567    -0.326
 6    -0.063     0.432     0.899
 7   110.542   -20.296    -4.978
 7     0.693     0.686     0.218
 7    -0.717     0.686     0.121
 7    -0.067    -0.241     0.968
 8   120.349   -28.583    20.793
 8     0.893    -0.046     0.447
 8    -0.210    -0.922     0.324
 8     0.397    -0.384    -0.834
 9   134.770   -18.146     7.505
 9     0.539    -0.840    -0.049
 9     0.768     0.468     0.436
 9    -0.343    -0.273     0.899
 2    96.565   -18.791    59.793
 2    -0.053    -0.998    -0.016
 2     0.996    -0.054     0.067
 2    -0.068    -0.012     0.997
 3   126.642    -4.101     5.844
 3     0.517    -0.533    -0.671
 3     0.363     0.845    -0.392
 3     0.775    -0.041     0.630
 4   105.188     5.756    -5.812
 4     0.521    -0.647     0.556
 4     0.673     0.712     0.199
 4    -0.525     0.271     0.807
 5   114.714    18.929    19.864
 5     0.770    -0.410     0.488
 5    -0.026    -0.785    -0.618
 5     0.637     0.464    -0.616
 6   133.550     4.606    13.799
 6     0.676     0.699    -0.233
 6    -0.722     0.565    -0.399
 6    -0.148     0.438     0.887
 7   110.378   -20.128    -5.027
 7     0.688     0.689     0.228
 7    -0.722     0.682     0.117
 7    -0.075    -0.245     0.966
 8   121.514   -27.565    21.261
 8     0.911    -0.207     0.356
 8    -0.288    -0.938     0.194
 8     0.293    -0.279    -0.914
 9   133.901   -21.772     3.682
 9     0.534    -0.833     0.142
 9     0.641     0.509     0.573
 9    -0.550    -0.215     0.807
 2    96.616   -18.740    59.742
 2    -0.053    -0.998    -0.016
 2     0.996    -0.054     0.067
 2    -0.068    -0.012     0.997
 3   126.687    -3.976     5.745
 3     0.519    -0.532    -0.669
 3     0.361     0.846    -0.393
 3     0.774    -0.037     0.631
 4   104.873     5.910    -5.659
 4     0.508    -0.656     0.558
 4     0.681     0.702     0.205
 4    -0.527     0.276     0.804
 5   114.695    18.959    20.079
 5     0.792    -0.372     0.484
 5    -0.009    -0.800    -0.600
 5     0.610     0.470    -0.637
 6   133.388     5.494    12.631
 6     0.689     0.700    -0.188
 6    -0.692     0.558    -0.458
 6    -0.216     0.446     0.868
 7   110.136   -19.965    -4.985
 7     0.677     0.694     0.243
 7    -0.731     0.673     0.112
 7    -0.086    -0.253     0.963
 8   122.535   -27.160    20.876
 8     0.906    -0.345     0.243
 8    -0.376    -0.921     0.098
 8     0.190    -0.180    -0.965
 9   131.774   -25.637     0.639
 9     0.482    -0.813     0.326
 9     0.513     0.563     0.648
 9    -0.710    -0.145     0.689
 2    96.616   -18.740    59.742
 2    -0.053    -0.998    -0.015
 2     0.996    -0.054     0.067
 2    -0.068    -0.012     0.997
 3   126.675    -3.804     5.554
 3     0.526    -0.531    -0.664
 3     0.358     0.846    -0.393
 3     0.771    -0.031     0.636
 4   104.559     5.989    -5.531
 4     0.493    -0.667     0.558
 4     0.691     0.690     0.214
 4    -0.529     0.280     0.801
 5   114.820    18.883    20.174
 5     0.815    -0.334     0.474
 5     0.004    -0.814    -0.580
 5     0.580     0.474    -0.662
