% Calibrated with leiden_pols
% Positions are in centimeters
Data =[
 2    96.616   -18.740    59.742
 2    -0.053    -0.998    -0.016
 2     0.996    -0.054     0.067
 2    -0.068    -0.012     0.997
 3   126.970    -3.576     6.894
 3     0.529    -0.529    -0.664
 3     0.340     0.849    -0.405
 3     0.777    -0.012     0.629
 4   107.219     9.113    -3.665
 4     0.616    -0.625     0.478
 4     0.714     0.699    -0.006
 4    -0.331     0.346     0.878
 5   118.091    18.177    24.047
 5     0.736    -0.597     0.319
 5    -0.306    -0.714    -0.630
 5     0.604     0.366    -0.708
 6   135.910    -0.334    21.106
 6     0.451     0.487    -0.748
 6    -0.884     0.126    -0.451
 6    -0.125     0.864     0.487
 7   111.969   -21.053    -3.839
 7     0.698     0.713     0.060
 7    -0.706     0.673     0.219
 7     0.116    -0.195     0.974
 8   119.692   -26.550    23.687
 8     0.692     0.517     0.503
 8     0.177    -0.798     0.576
 8     0.699    -0.309    -0.644
 9   135.705    -6.795    24.786
 9     0.268    -0.523    -0.809
 9     0.949     0.284     0.131
 9     0.161    -0.803     0.573
 2    96.616   -18.740    59.742
 2    -0.053    -0.998    -0.016
 2     0.996    -0.054     0.067
 2    -0.068    -0.012     0.997
 3   126.973    -3.524     6.940
 3     0.528    -0.530    -0.664
 3     0.341     0.848    -0.406
 3     0.778    -0.012     0.628
 4   107.219     9.113    -3.665
 4     0.616    -0.626     0.479
 4     0.715     0.699    -0.007
 4    -0.331     0.346     0.878
 5   118.091    18.177    24.047
 5     0.736    -0.597     0.319
 5    -0.306    -0.714    -0.630
 5     0.604     0.366    -0.708
 6   135.911    -0.283    21.107
 6     0.451     0.487    -0.748
 6    -0.884     0.126    -0.450
 6    -0.125     0.864     0.488
 7   111.969   -21.002    -3.890
 7     0.699     0.712     0.060
 7    -0.706     0.674     0.219
 7     0.116    -0.196     0.974
 8   119.692   -26.550    23.687
 8     0.692     0.516     0.504
 8     0.177    -0.798     0.575
 8     0.699    -0.309    -0.645
 9   135.753    -6.745    24.737
 9     0.268    -0.524    -0.808
 9     0.950     0.283     0.131
 9     0.160    -0.803     0.574
 2    96.616   -18.740    59.742
 2    -0.053    -0.998    -0.016
 2     0.996    -0.054     0.067
 2    -0.068    -0.012     0.997
 3   126.923    -3.524     6.889
 3     0.528    -0.530    -0.664
 3     0.340     0.848    -0.406
 3     0.778    -0.011     0.628
 4   107.146     9.114    -3.668
 4     0.616    -0.626     0.478
 4     0.715     0.699    -0.007
 4    -0.330     0.346     0.878
 5   118.091    18.177    24.098
 5     0.736    -0.597     0.319
 5    -0.306    -0.714    -0.630
 5     0.604     0.366    -0.708
 6   135.911    -0.334    21.057
 6     0.450     0.489    -0.747
 6    -0.884     0.127    -0.450
 6    -0.125     0.863     0.489
 7   111.967   -21.053    -3.887
 7     0.699     0.712     0.060
 7    -0.706     0.674     0.219
 7     0.115    -0.196     0.974
 8   119.642   -26.550    23.636
 8     0.692     0.516     0.504
 8     0.177    -0.799     0.575
 8     0.699    -0.309    -0.645
 9   135.751    -6.796    24.791
 9     0.269    -0.525    -0.808
 9     0.950     0.282     0.132
 9     0.159    -0.803     0.574
 2    96.616   -18.740    59.742
 2    -0.053    -0.998    -0.016
 2     0.996    -0.054     0.067
 2    -0.068    -0.012     0.997
 3   126.974    -3.575     6.889
 3     0.529    -0.530    -0.663
 3     0.340     0.848    -0.407
 3     0.778    -0.011     0.628
 4   107.145     9.164    -3.669
 4     0.616    -0.625     0.479
 4     0.715     0.699    -0.007
 4    -0.330     0.347     0.878
 5   118.041    18.177    24.097
 5     0.736    -0.597     0.319
 5    -0.306    -0.714    -0.630
 5     0.604     0.366    -0.708
 6   135.912    -0.385    21.058
 6     0.450     0.490    -0.747
 6    -0.884     0.127    -0.449
 6    -0.125     0.862     0.491
 7   111.967   -21.002    -3.887
 7     0.699     0.712     0.061
 7    -0.705     0.674     0.219
 7     0.115    -0.196     0.974
 8   119.642   -26.550    23.687
 8     0.693     0.515     0.504
 8     0.177    -0.799     0.574
 8     0.699    -0.309    -0.645
 9   135.748    -6.746    24.845
 9     0.268    -0.524    -0.808
 9     0.950     0.281     0.132
 9     0.158    -0.803     0.574
 2    96.565   -18.740    59.793
 2    -0.053    -0.998    -0.016
 2     0.996    -0.054     0.067
 2    -0.068    -0.012     0.997
 3   126.853    -3.582     6.834
 3     0.536    -0.531    -0.657
 3     0.340     0.847    -0.408
 3     0.773    -0.005     0.634
 4   107.092     9.113    -3.667
 4     0.615    -0.625     0.480
 4     0.715     0.699    -0.008
 4    -0.331     0.348     0.877
 5   117.988    18.151    24.050
 5     0.736    -0.597     0.318
 5    -0.306    -0.714    -0.630
 5     0.603     0.366    -0.708
 6   135.863    -0.386    21.008
 6     0.449     0.491    -0.746
 6    -0.885     0.128    -0.448
 6    -0.125     0.861     0.492
 7   111.867   -21.003    -3.832
 7     0.700     0.711     0.064
 7    -0.705     0.674     0.221
 7     0.114    -0.200     0.973
 8   119.592   -26.551    23.641
 8     0.694     0.511     0.507
 8     0.174    -0.802     0.571
 8     0.698    -0.308    -0.646
 9   135.694    -6.748    24.800
 9     0.269    -0.526    -0.807
 9     0.950     0.280     0.134
 9     0.156    -0.803     0.575
 2    96.615   -18.740    59.742
 2    -0.054    -0.998    -0.016
 2     0.996    -0.055     0.067
 2    -0.068    -0.012     0.997
 3   126.833    -3.589     6.804
 3     0.542    -0.531    -0.651
 3     0.340     0.847    -0.408
 3     0.768    -0.000     0.640
 4   106.908     9.110    -3.635
 4     0.612    -0.625     0.484
 4     0.717     0.697    -0.006
 4    -0.334     0.351     0.875
 5   118.032    18.149    24.058
 5     0.739    -0.595     0.317
 5    -0.305    -0.714    -0.630
 5     0.601     0.368    -0.709
 6   135.864    -0.386    20.984
 6     0.449     0.493    -0.745
 6    -0.885     0.129    -0.447
 6    -0.125     0.860     0.495
 7   111.789   -21.004    -3.825
 7     0.700     0.710     0.068
 7    -0.705     0.673     0.222
 7     0.112    -0.204     0.972
 8   119.593   -26.577    23.642
 8     0.695     0.508     0.508
 8     0.172    -0.804     0.569
 8     0.698    -0.308    -0.646
 9   135.612    -6.700    24.808
 9     0.269    -0.527    -0.806
 9     0.951     0.278     0.135
 9     0.153    -0.803     0.576
 2    96.616   -18.740    59.742
 2    -0.053    -0.998    -0.016
 2     0.996    -0.054     0.067
 2    -0.068    -0.012     0.997
 3   126.784    -3.589     6.753
 3     0.543    -0.531    -0.651
 3     0.340     0.847    -0.408
 3     0.768     0.000     0.641
 4   106.905     9.110    -3.657
 4     0.611    -0.625     0.485
 4     0.717     0.697    -0.006
 4    -0.335     0.351     0.874
 5   117.979    18.148    24.062
 5     0.739    -0.594     0.316
 5    -0.305    -0.714    -0.630
 5     0.600     0.369    -0.709
 6   135.842    -0.436    20.982
 6     0.448     0.494    -0.745
 6    -0.885     0.130    -0.446
 6    -0.124     0.859     0.496
 7   111.787   -21.005    -3.822
 7     0.700     0.710     0.069
 7    -0.705     0.673     0.222
 7     0.111    -0.204     0.972
 8   119.543   -26.552    23.642
 8     0.695     0.508     0.509
 8     0.172    -0.804     0.568
 8     0.698    -0.308    -0.646
 9   135.610    -6.701    24.811
 9     0.269    -0.527    -0.806
 9     0.951     0.277     0.135
 9     0.152    -0.803     0.576
 2    96.565   -18.740    59.793
 2    -0.053    -0.998    -0.016
 2     0.996    -0.054     0.067
 2    -0.068    -0.012     0.997
 3   126.784    -3.589     6.753
 3     0.543    -0.530    -0.651
 3     0.340     0.848    -0.407
 3     0.768    -0.000     0.640
 4   106.855     9.110    -3.658
 4     0.611    -0.625     0.485
 4     0.717     0.697    -0.006
 4    -0.335     0.352     0.874
 5   117.954    18.098    24.036
 5     0.740    -0.594     0.316
 5    -0.304    -0.714    -0.630
 5     0.600     0.370    -0.709
