% Calibrated with leiden_pols
% Positions are in centimeters
Data =[
 2    96.616   -18.740    59.742
 2    -0.053    -0.998    -0.016
 2     0.996    -0.054     0.067
 2    -0.068    -0.012     0.997
 3   126.970    -3.576     6.894
 3     0.529    -0.529    -0.664
 3     0.340     0.849    -0.405
 3     0.777    -0.012     0.629
 4   107.219     9.113    -3.665
 4     0.616    -0.625     0.478
 4     0.714     0.699    -0.006
 4    -0.331     0.346     0.878
 5   118.091    18.177    24.047
 5     0.736    -0.597     0.319
 5    -0.306    -0.714    -0.630
 5     0.604     0.366    -0.708
 6   135.910    -0.334    21.106
 6     0.451     0.487    -0.748
 6    -0.884     0.126    -0.451
 6    -0.125     0.864     0.487
 7   111.969   -21.053    -3.839
 7     0.698     0.713     0.060
 7    -0.706     0.673     0.219
 7     0.116    -0.195     0.974
 8   119.692   -26.550    23.687
 8     0.692     0.517     0.503
 8     0.177    -0.798     0.576
 8     0.699    -0.309    -0.644
 9   135.705    -6.795    24.786
 9     0.268    -0.523    -0.809
 9     0.949     0.284     0.131
 9     0.161    -0.803     0.573
 2    96.616   -18.740    59.742
 2    -0.053    -0.998    -0.016
 2     0.996    -0.054     0.067
 2    -0.068    -0.012     0.997
 3   126.973    -3.524     6.940
 3     0.528    -0.530    -0.664
 3     0.341     0.848    -0.406
 3     0.778    -0.012     0.628
 4   107.219     9.113    -3.665
 4     0.616    -0.626     0.479
 4     0.715     0.699    -0.007
 4    -0.331     0.346     0.878
 5   118.091    18.177    24.047
 5     0.736    -0.597     0.319
 5    -0.306    -0.714    -0.630
 5     0.604     0.366    -0.708
 6   135.911    -0.283    21.107
 6     0.451     0.487    -0.748
 6    -0.884     0.126    -0.450
 6    -0.125     0.864     0.488
 7   111.969   -21.002    -3.890
 7     0.699     0.712     0.060
 7    -0.706     0.674     0.219
 7     0.116    -0.196     0.974
 8   119.692   -26.550    23.687
 8     0.692     0.516     0.504
 8     0.177    -0.798     0.575
 8     0.699    -0.309    -0.645
 9   135.753    -6.745    24.737
 9     0.268    -0.524    -0.808
 9     0.950     0.283     0.131
 9     0.160    -0.803     0.574
 2    96.616   -18.740    59.742
 2    -0.053    -0.998    -0.016
 2     0.996    -0.054     0.067
 2    -0.068    -0.012     0.997
 3   126.923    -3.524     6.889
 3     0.528    -0.530    -0.664
 3     0.340     0.848    -0.406
 3     0.778    -0.011     0.628
 4   107.146     9.114    -3.668
 4     0.616    -0.626     0.478
 4     0.715     0.699    -0.007
 4    -0.330     0.346     0.878
 5   118.091    18.177    24.098
 5     0.736    -0.597     0.319
 5    -0.306    -0.714    -0.630
 5     0.604     0.366    -0.708
 6   135.911    -0.334    21.057
 6     0.450     0.489    -0.747
 6    -0.884     0.127    -0.450
 6    -0.125     0.863     0.489
 7   111.967   -21.053    -3.887
 7     0.699     0.712     0.060
 7    -0.706     0.674     0.219
 7     0.115    -0.196     0.974
 8   119.642   -26.550    23.636
 8     0.692     0.516     0.504
 8     0.177    -0.799     0.575
 8     0.699    -0.309    -0.645
 9   135.751    -6.796    24.791
 9     0.269    -0.525    -0.808
 9     0.950     0.282     0.132
 9     0.159    -0.803     0.574
 2    96.616   -18.740    59.742
 2    -0.053    -0.998    -0.016
 2     0.996    -0.054     0.067
 2    -0.068    -0.012     0.997
 3   126.974    -3.575     6.889
 3     0.529    -0.530    -0.663
 3     0.340     0.848    -0.407
 3     0.778    -0.011     0.628
 4   107.145     9.164    -3.669
 4     0.616    -0.625     0.479
 4     0.715     0.699    -0.007
 4    -0.330     0.347     0.878
 5   118.041    18.177    24.097
 5     0.736    -0.597     0.319
 5    -0.306    -0.714    -0.630
 5     0.604     0.366    -0.708
 6   135.912    -0.385    21.058
 6     0.450     0.490    -0.747
 6    -0.884     0.127    -0.449
 6    -0.125     0.862     0.491
 7   111.967   -21.002    -3.887
 7     0.699     0.712     0.061
 7    -0.705     0.674     0.219
 7     0.115    -0.196     0.974
 8   119.642   -26.550    23.687
 8     0.693     0.515     0.504
 8     0.177    -0.799     0.574
 8     0.699    -0.309    -0.645
 9   135.748    -6.746    24.845
 9     0.268    -0.524    -0.808
 9     0.950     0.281     0.132
 9     0.158    -0.803     0.574
 2    96.565   -18.740    59.793
 2    -0.053    -0.998    -0.016
 2     0.996    -0.054     0.067
 2    -0.068    -0.012     0.997
 3   126.853    -3.582     6.834
 3     0.536    -0.531    -0.657
 3     0.340     0.847    -0.408
 3     0.773    -0.005     0.634
 4   107.092     9.113    -3.667
 4     0.615    -0.625     0.480
 4     0.715     0.699    -0.008
 4    -0.331     0.348     0.877
 5   117.988    18.151    24.050
 5     0.736    -0.597     0.318
 5    -0.306    -0.714    -0.630
 5     0.603     0.366    -0.708
 6   135.863    -0.386    21.008
 6     0.449     0.491    -0.746
 6    -0.885     0.128    -0.448
 6    -0.125     0.861     0.492
 7   111.867   -21.003    -3.832
 7     0.700     0.711     0.064
 7    -0.705     0.674     0.221
 7     0.114    -0.200     0.973
 8   119.592   -26.551    23.641
 8     0.694     0.511     0.507
 8     0.174    -0.802     0.571
 8     0.698    -0.308    -0.646
 9   135.694    -6.748    24.800
 9     0.269    -0.526    -0.807
 9     0.950     0.280     0.134
 9     0.156    -0.803     0.575
 2    96.615   -18.740    59.742
 2    -0.054    -0.998    -0.016
 2     0.996    -0.055     0.067
 2    -0.068    -0.012     0.997
 3   126.833    -3.589     6.804
 3     0.542    -0.531    -0.651
 3     0.340     0.847    -0.408
 3     0.768    -0.000     0.640
 4   106.908     9.110    -3.635
 4     0.612    -0.625     0.484
 4     0.717     0.697    -0.006
 4    -0.334     0.351     0.875
 5   118.032    18.149    24.058
 5     0.739    -0.595     0.317
 5    -0.305    -0.714    -0.630
 5     0.601     0.368    -0.709
 6   135.864    -0.386    20.984
 6     0.449     0.493    -0.745
 6    -0.885     0.129    -0.447
 6    -0.125     0.860     0.495
 7   111.789   -21.004    -3.825
 7     0.700     0.710     0.068
 7    -0.705     0.673     0.222
 7     0.112    -0.204     0.972
 8   119.593   -26.577    23.642
 8     0.695     0.508     0.508
 8     0.172    -0.804     0.569
 8     0.698    -0.308    -0.646
 9   135.612    -6.700    24.808
 9     0.269    -0.527    -0.806
 9     0.951     0.278     0.135
 9     0.153    -0.803     0.576
 2    96.616   -18.740    59.742
 2    -0.053    -0.998    -0.016
 2     0.996    -0.054     0.067
 2    -0.068    -0.012     0.997
 3   126.784    -3.589     6.753
 3     0.543    -0.531    -0.651
 3     0.340     0.847    -0.408
 3     0.768     0.000     0.641
 4   106.905     9.110    -3.657
 4     0.611    -0.625     0.485
 4     0.717     0.697    -0.006
 4    -0.335     0.351     0.874
 5   117.979    18.148    24.062
 5     0.739    -0.594     0.316
 5    -0.305    -0.714    -0.630
 5     0.600     0.369    -0.709
 6   135.842    -0.436    20.982
 6     0.448     0.494    -0.745
 6    -0.885     0.130    -0.446
 6    -0.124     0.859     0.496
 7   111.787   -21.005    -3.822
 7     0.700     0.710     0.069
 7    -0.705     0.673     0.222
 7     0.111    -0.204     0.972
 8   119.543   -26.552    23.642
 8     0.695     0.508     0.509
 8     0.172    -0.804     0.568
 8     0.698    -0.308    -0.646
 9   135.610    -6.701    24.811
 9     0.269    -0.527    -0.806
 9     0.951     0.277     0.135
 9     0.152    -0.803     0.576
 2    96.565   -18.740    59.793
 2    -0.053    -0.998    -0.016
 2     0.996    -0.054     0.067
 2    -0.068    -0.012     0.997
 3   126.784    -3.589     6.753
 3     0.543    -0.530    -0.651
 3     0.340     0.848    -0.407
 3     0.768    -0.000     0.640
 4   106.855     9.110    -3.658
 4     0.611    -0.625     0.485
 4     0.717     0.697    -0.006
 4    -0.335     0.352     0.874
 5   117.954    18.098    24.036
 5     0.740    -0.594     0.316
 5    -0.304    -0.714    -0.630
 5     0.600     0.370    -0.709
 6   135.845    -0.435    20.979
 6     0.448     0.495    -0.745
 6    -0.885     0.130    -0.446
 6    -0.123     0.859     0.496
 7   111.785   -21.006    -3.819
 7     0.701     0.710     0.069
 7    -0.705     0.674     0.222
 7     0.110    -0.205     0.972
 8   119.593   -26.578    23.642
 8     0.695     0.507     0.508
 8     0.171    -0.804     0.569
 8     0.698    -0.309    -0.647
 9   135.608    -6.752    24.763
 9     0.269    -0.527    -0.806
 9     0.951     0.277     0.136
 9     0.151    -0.803     0.576
 2    96.565   -18.740    59.793
 2    -0.053    -0.998    -0.016
 2     0.996    -0.054     0.067
 2    -0.068    -0.012     0.997
 3   126.784    -3.589     6.754
 3     0.542    -0.530    -0.652
 3     0.339     0.848    -0.407
 3     0.768    -0.001     0.640
 4   106.855     9.110    -3.658
 4     0.611    -0.625     0.486
 4     0.717     0.697    -0.006
 4    -0.335     0.352     0.874
 5   117.979    18.148    24.036
 5     0.740    -0.593     0.316
 5    -0.304    -0.715    -0.630
 5     0.600     0.370    -0.709
 6   135.795    -0.461    21.005
 6     0.448     0.494    -0.745
 6    -0.886     0.130    -0.446
 6    -0.123     0.859     0.496
 7   111.682   -21.006    -3.867
 7     0.701     0.709     0.070
 7    -0.704     0.675     0.221
 7     0.109    -0.205     0.973
 8   119.590   -26.553    23.646
 8     0.696     0.507     0.508
 8     0.171    -0.804     0.569
 8     0.697    -0.309    -0.647
 9   135.608    -6.752    24.763
 9     0.269    -0.527    -0.806
 9     0.951     0.276     0.136
 9     0.151    -0.803     0.576
 2    96.566   -18.740    59.742
 2    -0.053    -0.998    -0.016
 2     0.996    -0.054     0.067
 2    -0.068    -0.012     0.997
 3   126.763    -3.588     6.749
 3     0.542    -0.531    -0.652
 3     0.340     0.848    -0.407
 3     0.769    -0.001     0.639
 4   106.827     9.058    -3.630
 4     0.611    -0.623     0.487
 4     0.716     0.698    -0.007
 4    -0.336     0.353     0.873
 5   117.979    18.148    24.037
 5     0.740    -0.594     0.315
 5    -0.304    -0.714    -0.631
 5     0.600     0.371    -0.709
 6   135.795    -0.435    20.980
 6     0.448     0.495    -0.745
 6    -0.886     0.131    -0.445
 6    -0.123     0.859     0.497
 7   111.713   -20.960    -3.897
 7     0.706     0.704     0.073
 7    -0.701     0.680     0.214
 7     0.101    -0.203     0.974
 8   119.682   -26.584    23.482
 8     0.701     0.500     0.508
 8     0.165    -0.807     0.567
 8     0.694    -0.314    -0.648
 9   135.655    -6.702    24.766
 9     0.268    -0.528    -0.806
 9     0.951     0.275     0.136
 9     0.150    -0.803     0.576
 2    96.565   -18.740    59.793
 2    -0.053    -0.998    -0.016
 2     0.996    -0.054     0.067
 2    -0.068    -0.012     0.997
 3   126.716    -3.586     6.744
 3     0.540    -0.531    -0.653
 3     0.340     0.847    -0.408
 3     0.770    -0.001     0.638
 4   106.759     9.048    -3.607
 4     0.612    -0.618     0.494
 4     0.712     0.701    -0.006
 4    -0.344     0.355     0.869
 5   117.954    18.099    23.986
 5     0.741    -0.592     0.317
 5    -0.301    -0.715    -0.631
 5     0.600     0.372    -0.708
 6   135.645    -0.402    20.580
 6     0.453     0.500    -0.738
 6    -0.879     0.116    -0.462
 6    -0.145     0.858     0.492
 7   111.664   -20.972    -3.924
 7     0.716     0.693     0.076
 7    -0.693     0.694     0.195
 7     0.082    -0.193     0.978
 8   119.986   -26.604    23.326
 8     0.719     0.479     0.503
 8     0.149    -0.813     0.562
 8     0.678    -0.330    -0.656
 9   135.787    -6.961    23.816
 9     0.282    -0.593    -0.754
 9     0.952     0.270     0.143
 9     0.119    -0.758     0.641
 2    96.616   -18.740    59.742
 2    -0.053    -0.998    -0.016
 2     0.996    -0.054     0.067
 2    -0.068    -0.012     0.997
 3   126.599    -3.428     6.728
 3     0.533    -0.541    -0.650
 3     0.343     0.841    -0.418
 3     0.773     0.000     0.634
 4   106.605     9.038    -3.654
 4     0.607    -0.615     0.503
 4     0.711     0.703     0.001
 4    -0.355     0.357     0.864
 5   117.554    17.882    23.868
 5     0.746    -0.575     0.334
 5    -0.285    -0.731    -0.620
 5     0.601     0.367    -0.710
 6   135.795     0.460    19.978
 6     0.490     0.498    -0.715
 6    -0.849     0.090    -0.520
 6    -0.194     0.862     0.467
 7   111.648   -20.899    -3.909
 7     0.720     0.689     0.078
 7    -0.689     0.699     0.189
 7     0.076    -0.190     0.979
 8   120.067   -26.398    23.289
 8     0.743     0.436     0.507
 8     0.124    -0.835     0.536
 8     0.658    -0.336    -0.674
 9   136.369    -7.636    23.221
 9     0.336    -0.593    -0.732
 9     0.939     0.275     0.208
 9     0.078    -0.757     0.649
 2    96.565   -18.740    59.793
 2    -0.053    -0.998    -0.016
 2     0.996    -0.054     0.067
 2    -0.068    -0.012     0.997
 3   126.552    -3.401     6.774
 3     0.531    -0.544    -0.649
 3     0.343     0.839    -0.422
 3     0.774     0.001     0.632
 4   106.484     9.030    -3.678
 4     0.602    -0.617     0.508
 4     0.711     0.703     0.011
 4    -0.364     0.354     0.861
 5   117.367    17.711    23.920
 5     0.754    -0.558     0.347
 5    -0.272    -0.746    -0.608
 5     0.598     0.364    -0.714
 6   135.858     1.489    19.292
 6     0.541     0.495    -0.680
 6    -0.807     0.080    -0.585
 6    -0.235     0.865     0.442
 7   111.540   -20.802    -3.948
 7     0.719     0.689     0.080
 7    -0.690     0.699     0.186
 7     0.072    -0.190     0.979
 8   119.654   -26.337    23.484
 8     0.760     0.375     0.530
 8     0.090    -0.870     0.485
 8     0.643    -0.322    -0.695
 9   137.107    -9.213    22.472
 9     0.426    -0.578    -0.696
 9     0.904     0.298     0.306
 9     0.030    -0.760     0.649
 2    96.566   -18.791    59.742
 2    -0.053    -0.998    -0.016
 2     0.996    -0.054     0.067
 2    -0.068    -0.012     0.997
 3   126.505    -3.400     6.717
 3     0.531    -0.545    -0.649
 3     0.342     0.839    -0.424
 3     0.775     0.003     0.631
 4   106.345     9.000    -3.710
 4     0.598    -0.619     0.509
 4     0.711     0.703     0.019
 4    -0.370     0.350     0.860
 5   117.361    17.430    23.893
 5     0.764    -0.540     0.352
 5    -0.261    -0.759    -0.597
 5     0.589     0.364    -0.721
 6   136.056     2.422    18.494
 6     0.584     0.513    -0.629
 6    -0.756     0.061    -0.652
 6    -0.296     0.856     0.424
 7   111.507   -20.731    -3.934
 7     0.718     0.691     0.084
 7    -0.693     0.697     0.185
 7     0.068    -0.191     0.979
 8   119.391   -26.072    23.552
 8     0.775     0.316     0.546
 8     0.059    -0.898     0.436
 8     0.628    -0.306    -0.715
 9   137.986   -10.943    21.406
 9     0.504    -0.565    -0.654
 9     0.863     0.310     0.397
 9    -0.022    -0.765     0.644
 2    96.616   -18.740    59.742
 2    -0.053    -0.998    -0.016
 2     0.996    -0.054     0.067
 2    -0.068    -0.012     0.997
 3   126.509    -3.349     6.661
 3     0.531    -0.545    -0.649
 3     0.341     0.838    -0.425
 3     0.776     0.004     0.631
 4   106.106     8.894    -3.640
 4     0.591    -0.627     0.508
 4     0.714     0.699     0.032
 4    -0.376     0.344     0.860
 5   117.242    17.176    23.928
 5     0.782    -0.508     0.361
 5    -0.239    -0.779    -0.580
 5     0.576     0.368    -0.730
 6   135.999     3.556    17.290
 6     0.620     0.536    -0.573
 6    -0.699     0.045    -0.714
 6    -0.357     0.843     0.402
 7   111.356   -20.734    -3.976
 7     0.714     0.694     0.089
 7    -0.697     0.693     0.185
 7     0.066    -0.195     0.978
 8   118.564   -25.707    23.913
 8     0.787     0.209     0.580
 8    -0.004    -0.939     0.344
 8     0.617    -0.272    -0.738
 9   138.552   -14.361    20.162
 9     0.622    -0.526    -0.579
 9     0.774     0.308     0.552
 9    -0.112    -0.792     0.599
 2    96.565   -18.791    59.793
 2    -0.053    -0.998    -0.016
 2     0.996    -0.054     0.067
 2    -0.068    -0.012     0.997
 3   126.434    -3.401     6.482
 3     0.533    -0.543    -0.649
 3     0.338     0.840    -0.425
 3     0.776     0.007     0.631
 4   105.859     8.812    -3.663
 4     0.580    -0.636     0.509
 4     0.718     0.694     0.050
 4    -0.385     0.336     0.859
 5   116.924    17.257    23.778
 5     0.799    -0.470     0.374
 5    -0.208    -0.801    -0.562
 5     0.564     0.371    -0.738
 6   135.897     4.893    16.919
 6     0.656     0.541    -0.525
 6    -0.645     0.041    -0.763
 6    -0.391     0.840     0.376
 7   111.109   -20.588    -3.961
 7     0.705     0.701     0.101
 7    -0.706     0.682     0.190
 7     0.064    -0.206     0.976
 8   118.047   -25.373    24.172
 8     0.796     0.088     0.598
 8    -0.076    -0.967     0.243
 8     0.600    -0.239    -0.763
 9   139.140   -18.009    19.077
 9     0.719    -0.504    -0.479
 9     0.665     0.298     0.684
 9    -0.202    -0.811     0.550
 2    96.565   -18.791    59.793
 2    -0.053    -0.998    -0.016
 2     0.996    -0.054     0.067
 2    -0.068    -0.012     0.997
 3   126.409    -3.365     6.309
 3     0.548    -0.534    -0.644
 3     0.330     0.845    -0.420
 3     0.769     0.017     0.639
 4   105.444     8.839    -3.557
 4     0.566    -0.646     0.512
 4     0.727     0.684     0.058
 4    -0.388     0.339     0.857
 5   116.596    17.239    23.889
 5     0.810    -0.439     0.388
 5    -0.184    -0.819    -0.543
 5     0.557     0.368    -0.745
 6   135.840     5.829    16.600
 6     0.684     0.541    -0.489
 6    -0.599     0.034    -0.800
 6    -0.416     0.840     0.347
 7   110.931   -20.568    -4.067
 7     0.702     0.702     0.117
 7    -0.710     0.676     0.197
 7     0.059    -0.222     0.973
 8   117.742   -25.468    24.030
 8     0.799     0.013     0.600
 8    -0.127    -0.973     0.190
 8     0.587    -0.228    -0.777
 9   138.965   -20.485    18.155
 9     0.768    -0.497    -0.405
 9     0.585     0.285     0.759
 9    -0.262    -0.820     0.509
 2    96.566   -18.791    59.742
 2    -0.053    -0.998    -0.016
 2     0.996    -0.054     0.067
 2    -0.068    -0.012     0.997
 3   126.201    -3.147     6.062
 3     0.557    -0.537    -0.633
 3     0.330     0.843    -0.424
 3     0.761     0.027     0.647
 4   104.871     8.811    -3.469
 4     0.552    -0.654     0.518
 4     0.735     0.674     0.067
 4    -0.394     0.344     0.853
 5   116.207    17.266    23.914
 5     0.822    -0.408     0.397
 5    -0.161    -0.836    -0.524
 5     0.546     0.367    -0.753
 6   135.628     6.663    16.230
 6     0.710     0.541    -0.450
 6    -0.548     0.024    -0.836
 6    -0.442     0.840     0.314
 7   110.707   -20.467    -4.107
 7     0.701     0.701     0.128
 7    -0.710     0.673     0.204
 7     0.057    -0.235     0.970
 8   117.567   -25.172    24.067
 8     0.800    -0.033     0.598
 8    -0.155    -0.976     0.153
 8     0.579    -0.215    -0.786
 9   138.772   -22.547    17.494
 9     0.797    -0.498    -0.340
 9     0.514     0.267     0.814
 9    -0.315    -0.825     0.470
 2    96.566   -18.791    59.742
 2    -0.053    -0.998    -0.016
 2     0.996    -0.054     0.067
 2    -0.068    -0.012     0.997
 3   126.140    -3.023     5.940
 3     0.560    -0.543    -0.625
 3     0.331     0.839    -0.432
 3     0.759     0.035     0.650
 4   104.575     8.810    -3.454
 4     0.536    -0.666     0.519
 4     0.744     0.663     0.082
 4    -0.400     0.342     0.850
 5   115.705    17.379    23.993
 5     0.831    -0.369     0.415
 5    -0.129    -0.855    -0.502
 5     0.540     0.363    -0.759
 6   135.200     7.913    16.061
 6     0.739     0.538    -0.406
 6    -0.491     0.017    -0.871
 6    -0.461     0.843     0.277
 7   110.756   -20.417    -4.129
 7     0.702     0.700     0.131
 7    -0.710     0.673     0.206
 7     0.056    -0.238     0.969
 8   117.476   -25.126    24.080
 8     0.797    -0.067     0.600
 8    -0.176    -0.976     0.126
 8     0.577    -0.206    -0.790
 9   138.497   -24.166    16.950
 9     0.818    -0.501    -0.283
 9     0.451     0.255     0.855
 9    -0.356    -0.827     0.435
 2    96.616   -18.740    59.742
 2    -0.053    -0.998    -0.016
 2     0.996    -0.054     0.067
 2    -0.068    -0.012     0.997
 3   126.092    -2.895     5.882
 3     0.559    -0.547    -0.623
 3     0.330     0.836    -0.438
 3     0.760     0.039     0.648
 4   104.446     8.760    -3.471
 4     0.528    -0.676     0.514
 4     0.748     0.656     0.095
 4    -0.402     0.334     0.852
 5   115.201    17.472    23.975
 5     0.835    -0.337     0.435
 5    -0.101    -0.870    -0.482
 5     0.541     0.358    -0.761
 6   135.039     9.147    16.108
 6     0.765     0.521    -0.377
 6    -0.439    -0.005    -0.898
 6    -0.470     0.853     0.224
 7   110.752   -20.368    -4.174
 7     0.701     0.700     0.132
 7    -0.710     0.673     0.205
 7     0.054    -0.238     0.969
 8   117.360   -24.905    24.174
 8     0.793    -0.106     0.599
 8    -0.202    -0.974     0.096
 8     0.574    -0.197    -0.795
 9   138.229   -25.812    16.672
 9     0.834    -0.503    -0.227
 9     0.382     0.230     0.894
 9    -0.398    -0.833     0.385
 2    96.566   -18.791    59.742
 2    -0.053    -0.998    -0.016
 2     0.996    -0.054     0.067
 2    -0.068    -0.012     0.997
 3   126.095    -2.843     5.877
 3     0.558    -0.548    -0.623
 3     0.329     0.835    -0.440
 3     0.761     0.040     0.647
 4   104.265     8.813    -3.392
 4     0.518    -0.686     0.511
 4     0.754     0.648     0.104
 4    -0.403     0.332     0.853
 5   114.829    17.588    24.055
 5     0.835    -0.314     0.451
 5    -0.080    -0.881    -0.466
 5     0.544     0.353    -0.761
 6   134.827    10.056    16.391
 6     0.788     0.503    -0.356
 6    -0.396    -0.028    -0.918
 6    -0.471     0.864     0.177
 7   110.700   -20.245    -4.165
 7     0.698     0.703     0.135
 7    -0.714     0.670     0.204
 7     0.052    -0.240     0.969
 8   117.071   -25.040    24.189
 8     0.786    -0.150     0.599
 8    -0.234    -0.970     0.064
 8     0.572    -0.191    -0.798
 9   137.564   -27.982    16.473
 9     0.849    -0.500    -0.169
 9     0.306     0.206     0.929
 9    -0.430    -0.841     0.328
 2    96.616   -18.740    59.742
 2    -0.053    -0.998    -0.016
 2     0.996    -0.054     0.067
 2    -0.068    -0.012     0.997
 3   126.044    -2.793     5.825
 3     0.558    -0.549    -0.622
 3     0.328     0.835    -0.442
 3     0.761     0.042     0.646
 4   104.212     8.712    -3.440
 4     0.514    -0.689     0.510
 4     0.756     0.645     0.108
 4    -0.404     0.330     0.853
 5   114.508    17.551    24.034
 5     0.834    -0.295     0.465
 5    -0.062    -0.890    -0.452
 5     0.547     0.348    -0.761
 6   134.792    10.598    16.443
 6     0.799     0.493    -0.343
 6    -0.367    -0.052    -0.929
 6    -0.475     0.869     0.139
 7   110.652   -20.248    -4.213
 7     0.693     0.707     0.139
 7    -0.719     0.664     0.205
 7     0.052    -0.242     0.969
 8   116.655   -25.043    24.219
 8     0.772    -0.190     0.607
 8    -0.262    -0.964     0.032
 8     0.579    -0.183    -0.794
 9   137.048   -30.074    16.858
 9     0.859    -0.498    -0.119
 9     0.216     0.141     0.966
 9    -0.464    -0.856     0.229
 2    96.616   -18.740    59.742
 2    -0.053    -0.998    -0.016
 2     0.996    -0.054     0.067
 2    -0.068    -0.012     0.997
 3   126.044    -2.742     5.774
 3     0.559    -0.548    -0.622
 3     0.328     0.835    -0.442
 3     0.761     0.043     0.646
 4   104.030     8.636    -3.383
 4     0.506    -0.698     0.507
 4     0.761     0.637     0.118
 4    -0.406     0.327     0.853
 5   114.158    17.666    24.093
 5     0.835    -0.270     0.479
 5    -0.040    -0.899    -0.436
 5     0.549     0.345    -0.761
 6   134.561    11.375    16.641
 6     0.814     0.483    -0.322
 6    -0.331    -0.068    -0.941
 6    -0.477     0.873     0.105
 7   110.584   -20.248    -4.164
 7     0.688     0.711     0.141
 7    -0.724     0.658     0.207
 7     0.054    -0.245     0.968
 8   116.345   -25.043    24.190
 8     0.756    -0.227     0.613
 8    -0.286    -0.958    -0.002
 8     0.588    -0.174    -0.790
 9   136.194   -32.085    17.298
 9     0.862    -0.503    -0.066
 9     0.125     0.086     0.988
 9    -0.491    -0.860     0.137
 2    96.616   -18.740    59.742
 2    -0.053    -0.998    -0.016
 2     0.996    -0.054     0.067
 2    -0.068    -0.012     0.997
 3   126.045    -2.718     5.774
 3     0.559    -0.548    -0.622
 3     0.327     0.835    -0.442
 3     0.761     0.043     0.647
 4   103.848     8.535    -3.429
 4     0.499    -0.703     0.506
 4     0.764     0.632     0.125
 4    -0.408     0.325     0.853
 5   113.926    17.749    24.064
 5     0.836    -0.253     0.487
 5    -0.026    -0.904    -0.426
 5     0.548     0.343    -0.763
 6   134.355    11.966    16.526
 6     0.821     0.482    -0.305
 6    -0.304    -0.082    -0.949
 6    -0.482     0.872     0.079
 7   110.482   -20.252    -4.155
 7     0.684     0.714     0.146
 7    -0.727     0.654     0.207
 7     0.052    -0.248     0.967
 8   116.321   -24.965    24.298
 8     0.746    -0.250     0.616
 8    -0.300    -0.954    -0.024
 8     0.594    -0.167    -0.787
 9   135.698   -33.482    17.373
 9     0.856    -0.516    -0.021
 9     0.061     0.062     0.996
 9    -0.512    -0.854     0.085
 2    96.616   -18.740    59.742
 2    -0.053    -0.998    -0.016
 2     0.996    -0.054     0.067
 2    -0.068    -0.012     0.997
 3   125.990    -2.668     5.702
 3     0.560    -0.548    -0.621
 3     0.328     0.835    -0.442
 3     0.760     0.044     0.647
 4   103.717     8.534    -3.372
 4     0.494    -0.707     0.506
 4     0.767     0.628     0.129
 4    -0.410     0.324     0.853
 5   113.802    17.754    24.134
 5     0.835    -0.246     0.491
 5    -0.019    -0.907    -0.421
 5     0.549     0.342    -0.762
 6   134.245    12.326    16.717
 6     0.825     0.478    -0.299
 6    -0.293    -0.090    -0.952
 6    -0.482     0.873     0.066
 7   110.483   -20.252    -4.154
 7     0.684     0.714     0.147
 7    -0.728     0.654     0.207
 7     0.052    -0.250     0.967
 8   116.294   -24.971    24.266
 8     0.744    -0.273     0.610
 8    -0.315    -0.948    -0.040
 8     0.590    -0.162    -0.791
 9   135.322   -34.338    17.282
 9     0.851    -0.525     0.011
 9     0.021     0.057     0.998
 9    -0.525    -0.849     0.059
 2    96.616   -18.740    59.742
 2    -0.053    -0.998    -0.016
 2     0.996    -0.054     0.067
 2    -0.068    -0.012     0.997
 3   125.990    -2.668     5.651
 3     0.561    -0.548    -0.620
 3     0.328     0.835    -0.442
 3     0.760     0.044     0.648
 4   103.738     8.534    -3.370
 4     0.492    -0.708     0.506
 4     0.768     0.627     0.131
 4    -0.411     0.324     0.852
 5   113.749    17.805    24.085
 5     0.836    -0.243     0.492
 5    -0.017    -0.908    -0.419
 5     0.548     0.342    -0.763
 6   134.192    12.328    16.660
 6     0.827     0.476    -0.299
 6    -0.289    -0.094    -0.952
 6    -0.482     0.874     0.060
 7   110.432   -20.253    -4.151
 7     0.683     0.714     0.149
 7    -0.728     0.653     0.208
 7     0.051    -0.251     0.966
 8   116.258   -24.971    24.257
 8     0.737    -0.286     0.611
 8    -0.323    -0.945    -0.052
 8     0.593    -0.159    -0.789
 9   135.099   -34.931    17.287
 9     0.847    -0.530     0.032
 9    -0.003     0.055     0.998
 9    -0.531    -0.846     0.045
 2    96.616   -18.740    59.742
 2    -0.053    -0.998    -0.016
 2     0.996    -0.054     0.067
 2    -0.068    -0.012     0.997
 3   125.986    -2.619     5.579
 3     0.562    -0.548    -0.620
 3     0.328     0.835    -0.441
 3     0.759     0.045     0.649
 4   103.713     8.534    -3.421
 4     0.491    -0.708     0.507
 4     0.768     0.627     0.132
 4    -0.411     0.324     0.852
 5   113.749    17.754    24.085
 5     0.836    -0.243     0.492
 5    -0.017    -0.907    -0.419
 5     0.548     0.342    -0.763
 6   134.289    12.276    16.612
 6     0.826     0.476    -0.300
 6    -0.290    -0.097    -0.952
 6    -0.483     0.874     0.058
 7   110.431   -20.255    -4.197
 7     0.681     0.716     0.151
 7    -0.730     0.651     0.208
 7     0.050    -0.253     0.966
 8   116.222   -24.919    24.298
 8     0.732    -0.299     0.612
 8    -0.330    -0.942    -0.065
 8     0.596    -0.154    -0.788
 9   134.654   -35.759    17.336
 9     0.841    -0.537     0.064
 9    -0.042     0.053     0.997
 9    -0.540    -0.841     0.023
 2    96.616   -18.740    59.742
 2    -0.053    -0.998    -0.016
 2     0.996    -0.054     0.067
 2    -0.068    -0.012     0.997
 3   125.983    -2.620     5.533
 3     0.564    -0.547    -0.619
 3     0.328     0.836    -0.439
 3     0.758     0.045     0.650
 4   103.657     8.482    -3.441
 4     0.489    -0.709     0.508
 4     0.768     0.626     0.134
 4    -0.413     0.324     0.851
 5   113.746    17.753    24.012
 5     0.837    -0.242     0.491
 5    -0.016    -0.908    -0.419
 5     0.547     0.342    -0.764
 6   134.238    12.277    16.559
 6     0.826     0.476    -0.299
 6    -0.288    -0.098    -0.952
 6    -0.483     0.874     0.056
 7   110.406   -20.256    -4.196
 7     0.679     0.718     0.152
 7    -0.732     0.648     0.208
 7     0.050    -0.253     0.966
 8   116.175   -24.873    24.239
 8     0.715    -0.344     0.609
 8    -0.358    -0.928    -0.103
 8     0.600    -0.145    -0.787
 9   133.504   -37.923    17.410
 9     0.816    -0.563     0.129
 9    -0.134     0.032     0.990
 9    -0.562    -0.826    -0.049
 2    96.616   -18.740    59.742
 2    -0.053    -0.998    -0.016
 2     0.996    -0.054     0.067
 2    -0.068    -0.012     0.997
 3   126.030    -2.545     5.488
 3     0.565    -0.546    -0.619
 3     0.329     0.837    -0.438
 3     0.757     0.043     0.652
 4   103.548     8.455    -3.484
 4     0.485    -0.711     0.510
 4     0.769     0.624     0.138
 4    -0.416     0.325     0.849
 5   113.714    17.804    23.966
 5     0.838    -0.236     0.491
 5    -0.011    -0.909    -0.416
 5     0.545     0.343    -0.765
 6   134.230    12.403    16.561
 6     0.827     0.477    -0.297
 6    -0.284    -0.101    -0.953
 6    -0.485     0.873     0.052
 7   110.079   -20.192    -4.179
 7     0.663     0.731     0.159
 7    -0.747     0.633     0.202
 7     0.047    -0.252     0.966
 8   115.935   -24.984    24.215
 8     0.688    -0.412     0.597
 8    -0.402    -0.902    -0.158
 8     0.603    -0.132    -0.786
 9   131.744   -40.521    17.423
 9     0.775    -0.600     0.198
 9    -0.240     0.011     0.971
 9    -0.584    -0.800    -0.135
 2    96.566   -18.791    59.742
 2    -0.053    -0.998    -0.016
 2     0.996    -0.054     0.067
 2    -0.068    -0.012     0.997
 3   125.966    -2.629     5.335
 3     0.571    -0.536    -0.621
 3     0.328     0.843    -0.426
 3     0.752     0.039     0.657
 4   103.545     8.479    -3.482
 4     0.484    -0.711     0.510
 4     0.769     0.624     0.138
 4    -0.417     0.326     0.849
 5   113.708    17.751    23.973
 5     0.839    -0.235     0.490
 5    -0.011    -0.909    -0.416
 5     0.543     0.343    -0.766
 6   134.146    12.400    16.440
 6     0.826     0.479    -0.297
 6    -0.282    -0.105    -0.954
 6    -0.488     0.871     0.048
 7   109.820   -20.155    -4.258
 7     0.646     0.746     0.163
 7    -0.762     0.618     0.191
 7     0.042    -0.248     0.968
 8   115.503   -25.230    24.193
 8     0.659    -0.482     0.577
 8    -0.453    -0.867    -0.207
 8     0.600    -0.125    -0.790
 9   130.082   -43.066    17.828
 9     0.725    -0.645     0.242
 9    -0.354    -0.048     0.934
 9    -0.590    -0.763    -0.263
 2    96.616   -18.740    59.742
 2    -0.053    -0.998    -0.016
 2     0.996    -0.054     0.067
 2    -0.068    -0.012     0.997
 3   125.958    -2.685     5.223
 3     0.576    -0.529    -0.623
 3     0.326     0.848    -0.417
 3     0.749     0.037     0.661
 4   103.470     8.479    -3.482
 4     0.484    -0.710     0.511
 4     0.769     0.623     0.138
 4    -0.417     0.326     0.848
 5   113.708    17.803    23.972
 5     0.839    -0.233     0.491
 5    -0.010    -0.910    -0.415
 5     0.543     0.343    -0.766
 6   134.133    12.550    16.321
 6     0.825     0.482    -0.295
 6    -0.278    -0.109    -0.954
 6    -0.492     0.869     0.044
 7   109.510   -20.043    -4.186
 7     0.629     0.760     0.163
 7    -0.776     0.604     0.179
 7     0.037    -0.240     0.970
 8   115.213   -25.605    24.133
 8     0.627    -0.552     0.549
 8    -0.504    -0.825    -0.255
 8     0.594    -0.117    -0.796
 9   128.472   -45.475    18.779
 9     0.672    -0.691     0.268
 9    -0.475    -0.123     0.871
 9    -0.569    -0.713    -0.410
 2    96.616   -18.740    59.742
 2    -0.053    -0.998    -0.016
 2     0.996    -0.054     0.067
 2    -0.068    -0.012     0.997
 3   125.929    -2.739     5.184
 3     0.579    -0.522    -0.626
 3     0.326     0.852    -0.408
 3     0.747     0.032     0.664
 4   103.418     8.454    -3.483
 4     0.483    -0.710     0.512
 4     0.770     0.623     0.138
 4    -0.417     0.328     0.848
 5   113.651    17.726    23.926
 5     0.841    -0.229     0.490
 5    -0.008    -0.911    -0.412
 5     0.541     0.342    -0.768
 6   133.976    12.548    16.223
 6     0.824     0.483    -0.294
 6    -0.276    -0.111    -0.955
 6    -0.494     0.868     0.041
 7   109.225   -20.006    -4.216
 7     0.613     0.773     0.164
 7    -0.790     0.590     0.167
 7     0.032    -0.232     0.972
 8   114.930   -25.664    24.122
 8     0.605    -0.596     0.528
 8    -0.531    -0.796    -0.290
 8     0.593    -0.105    -0.798
 9   127.510   -47.033    20.242
 9     0.611    -0.752     0.246
 9    -0.591    -0.227     0.774
 9    -0.527    -0.619    -0.583
 2    96.615   -18.740    59.742
 2    -0.054    -0.998    -0.016
 2     0.996    -0.055     0.067
 2    -0.068    -0.012     0.997
 3   125.828    -2.767     5.139
 3     0.582    -0.516    -0.629
 3     0.324     0.856    -0.402
 3     0.746     0.030     0.665
 4   103.368     8.479    -3.484
 4     0.482    -0.710     0.513
 4     0.770     0.623     0.138
 4    -0.417     0.328     0.847
 5   113.601    17.726    23.926
 5     0.841    -0.228     0.491
 5    -0.007    -0.912    -0.411
 5     0.541     0.342    -0.768
 6   133.970    12.572    16.227
 6     0.824     0.484    -0.293
 6    -0.273    -0.113    -0.955
 6    -0.496     0.868     0.039
 7   109.129   -20.062    -4.214
 7     0.601     0.782     0.164
 7    -0.798     0.579     0.165
 7     0.033    -0.230     0.972
 8   114.849   -25.682    24.077
 8     0.589    -0.615     0.524
 8    -0.536    -0.782    -0.317
 8     0.605    -0.094    -0.791
 9   127.147   -47.543    20.729
 9     0.592    -0.767     0.246
 9    -0.627    -0.246     0.739
 9    -0.507    -0.592    -0.627
 2    96.616   -18.740    59.742
 2    -0.053    -0.998    -0.016
 2     0.996    -0.054     0.067
 2    -0.068    -0.012     0.997
 3   125.779    -2.818     5.140
 3     0.582    -0.514    -0.630
 3     0.324     0.857    -0.401
 3     0.746     0.029     0.665
 4   103.366     8.453    -3.480
 4     0.483    -0.710     0.513
 4     0.769     0.624     0.138
 4    -0.418     0.328     0.847
 5   113.601    17.726    23.926
 5     0.841    -0.228     0.490
 5    -0.007    -0.912    -0.411
 5     0.541     0.342    -0.768
 6   133.945    12.547    16.175
 6     0.824     0.484    -0.293
 6    -0.273    -0.114    -0.955
 6    -0.496     0.867     0.038
 7   109.109   -20.086    -4.220
 7     0.601     0.782     0.164
 7    -0.799     0.578     0.166
 7     0.035    -0.231     0.972
 8   115.125   -25.654    24.116
 8     0.607    -0.591     0.531
 8    -0.521    -0.801    -0.295
 8     0.600    -0.098    -0.794
 9   127.862   -47.131    20.612
 9     0.609    -0.757     0.234
 9    -0.610    -0.260     0.749
 9    -0.506    -0.599    -0.620
 2    96.616   -18.740    59.742
 2    -0.053    -0.998    -0.016
 2     0.996    -0.054     0.067
 2    -0.068    -0.012     0.997
 3   125.828    -2.818     5.139
 3     0.582    -0.515    -0.630
 3     0.324     0.856    -0.402
 3     0.746     0.030     0.665
 4   103.364     8.401    -3.477
 4     0.483    -0.709     0.513
 4     0.769     0.624     0.138
 4    -0.419     0.328     0.847
 5   113.598    17.674    23.904
 5     0.841    -0.229     0.489
 5    -0.008    -0.911    -0.412
 5     0.540     0.342    -0.769
 6   134.023    12.496    16.224
 6     0.823     0.483    -0.297
 6    -0.276    -0.115    -0.954
 6    -0.495     0.868     0.038
 7   109.288   -20.128    -4.255
 7     0.612     0.773     0.164
 7    -0.790     0.588     0.173
 7     0.037    -0.236     0.971
 8   115.380   -25.499    24.200
 8     0.637    -0.550     0.540
 8    -0.497    -0.829    -0.258
 8     0.589    -0.104    -0.801
 9   129.638   -45.547    20.535
 9     0.659    -0.725     0.198
 9    -0.553    -0.289     0.781
 9    -0.509    -0.625    -0.592
 2    96.616   -18.740    59.742
 2    -0.053    -0.998    -0.016
 2     0.996    -0.054     0.067
 2    -0.068    -0.012     0.997
 3   125.829    -2.764     5.184
 3     0.579    -0.522    -0.626
 3     0.326     0.852    -0.409
 3     0.747     0.032     0.664
 4   103.361     8.400    -3.475
 4     0.482    -0.709     0.514
 4     0.768     0.624     0.139
 4    -0.420     0.328     0.846
 5   113.647    17.721    23.860
 5     0.842    -0.233     0.486
 5    -0.011    -0.909    -0.416
 5     0.539     0.345    -0.768
 6   133.984    12.191    16.220
 6     0.822     0.479    -0.305
 6    -0.285    -0.117    -0.951
 6    -0.492     0.870     0.040
 7   109.361   -20.073    -4.260
 7     0.621     0.766     0.164
 7    -0.783     0.597     0.176
 7     0.037    -0.237     0.971
 8   115.579   -25.555    24.196
 8     0.672    -0.505     0.541
 8    -0.475    -0.855    -0.207
 8     0.568    -0.118    -0.815
 9   131.643   -43.338    19.843
 9     0.729    -0.668     0.150
 9    -0.446    -0.297     0.845
 9    -0.519    -0.683    -0.514
 2    96.566   -18.740    59.793
 2    -0.053    -0.998    -0.016
 2     0.996    -0.054     0.067
 2    -0.068    -0.013     0.997
 3   125.881    -2.763     5.229
 3     0.578    -0.526    -0.625
 3     0.326     0.850    -0.413
 3     0.748     0.035     0.662
 4   103.362     8.400    -3.474
 4     0.483    -0.709     0.514
 4     0.768     0.625     0.139
 4    -0.420     0.328     0.846
 5   113.870    17.711    23.824
 5     0.843    -0.249     0.476
 5    -0.024    -0.903    -0.429
 5     0.537     0.350    -0.768
 6   134.188    11.731    16.266
 6     0.817     0.473    -0.328
 6    -0.310    -0.118    -0.943
 6    -0.485     0.873     0.050
 7   109.454   -20.045    -4.257
 7     0.628     0.761     0.162
 7    -0.777     0.604     0.174
 7     0.035    -0.236     0.971
 8   115.586   -26.230    24.418
 8     0.714    -0.463     0.526
 8    -0.475    -0.871    -0.122
 8     0.515    -0.163    -0.842
 9   134.463   -38.796    17.950
 9     0.862    -0.505     0.042
 9    -0.138    -0.155     0.978
 9    -0.487    -0.849    -0.204
 2    96.565   -18.714    59.793
 2    -0.054    -0.998    -0.016
 2     0.996    -0.055     0.067
 2    -0.068    -0.012     0.997
 3   125.881    -2.762     5.229
 3     0.577    -0.526    -0.625
 3     0.327     0.849    -0.414
 3     0.748     0.035     0.662
 4   103.509     8.343    -3.565
 4     0.490    -0.703     0.516
 4     0.762     0.632     0.137
 4    -0.423     0.326     0.846
 5   114.076    17.548    23.759
 5     0.843    -0.271     0.465
 5    -0.042    -0.894    -0.446
 5     0.537     0.356    -0.765
 6   134.328    10.733    16.167
 6     0.808     0.468    -0.359
 6    -0.347    -0.115    -0.931
 6    -0.477     0.876     0.069
 7   109.388   -20.073    -4.219
 7     0.635     0.755     0.161
 7    -0.772     0.613     0.169
 7     0.029    -0.232     0.972
 8   115.253   -28.626    23.015
 8     0.756    -0.325     0.567
