% Calibrated with leiden_pols
% Positions are in centimeters
Data =[
 2    96.616   -18.740    59.742
 2    -0.053    -0.998    -0.016
 2     0.996    -0.054     0.067
 2    -0.068    -0.012     0.997
 3   126.073    -3.082     5.089
 3     0.567    -0.528    -0.632
 3     0.336     0.849    -0.408
 3     0.752     0.018     0.658
 4   104.152     8.352    -4.154
 4     0.524    -0.642     0.559
 4     0.723     0.682     0.105
 4    -0.449     0.349     0.822
 5   115.111    18.834    22.555
 5     0.768    -0.498     0.402
 5    -0.182    -0.772    -0.608
 5     0.614     0.394    -0.684
 6   133.769     1.997    19.033
 6     0.525     0.473    -0.707
 6    -0.840     0.155    -0.519
 6    -0.136     0.867     0.479
 7   109.613   -20.009    -4.723
 7     0.690     0.704     0.166
 7    -0.724     0.677     0.135
 7    -0.018    -0.214     0.977
 8   116.999   -27.290    21.690
 8     0.734     0.321     0.598
 8     0.001    -0.882     0.472
 8     0.679    -0.346    -0.647
 9   133.998   -10.684    23.218
 9     0.429    -0.379    -0.820
 9     0.903     0.187     0.386
 9     0.007    -0.906     0.423
 2    96.616   -18.740    59.742
 2    -0.053    -0.998    -0.016
 2     0.996    -0.054     0.067
 2    -0.068    -0.012     0.997
 3   126.027    -3.106     5.110
 3     0.566    -0.528    -0.633
 3     0.335     0.849    -0.408
 3     0.753     0.018     0.658
 4   104.180     8.404    -4.156
 4     0.524    -0.643     0.558
 4     0.724     0.682     0.105
 4    -0.448     0.349     0.823
 5   115.111    18.834    22.606
 5     0.767    -0.499     0.403
 5    -0.183    -0.772    -0.608
 5     0.614     0.393    -0.684
 6   133.719     1.997    19.033
 6     0.525     0.473    -0.707
 6    -0.840     0.156    -0.520
 6    -0.136     0.867     0.479
 7   109.615   -20.009    -4.727
 7     0.689     0.705     0.166
 7    -0.724     0.676     0.135
 7    -0.017    -0.213     0.977
 8   117.002   -27.239    21.686
 8     0.733     0.321     0.599
 8     0.001    -0.882     0.472
 8     0.680    -0.346    -0.647
 9   133.998   -10.684    23.193
 9     0.429    -0.379    -0.820
 9     0.903     0.187     0.386
 9     0.007    -0.906     0.422
 2    96.616   -18.740    59.742
 2    -0.053    -0.998    -0.016
 2     0.996    -0.054     0.067
 2    -0.068    -0.012     0.997
 3   126.027    -3.081     5.110
 3     0.565    -0.528    -0.634
 3     0.335     0.849    -0.408
 3     0.753     0.018     0.657
 4   104.180     8.404    -4.156
 4     0.525    -0.643     0.557
 4     0.724     0.682     0.105
 4    -0.448     0.349     0.823
 5   115.114    18.784    22.652
 5     0.767    -0.499     0.403
 5    -0.183    -0.773    -0.608
 5     0.615     0.392    -0.684
 6   133.721     1.998    19.081
 6     0.525     0.473    -0.707
 6    -0.840     0.156    -0.520
 6    -0.135     0.867     0.479
 7   109.665   -19.958    -4.726
 7     0.689     0.705     0.165
 7    -0.724     0.676     0.135
 7    -0.017    -0.213     0.977
 8   117.003   -27.239    21.737
 8     0.733     0.321     0.599
 8     0.000    -0.882     0.472
 8     0.680    -0.345    -0.647
 9   133.998   -10.633    23.269
 9     0.429    -0.379    -0.820
 9     0.903     0.186     0.386
 9     0.007    -0.906     0.422
 2    96.566   -18.791    59.742
 2    -0.053    -0.998    -0.016
 2     0.996    -0.054     0.067
 2    -0.068    -0.012     0.997
 3   126.030    -3.105     5.157
 3     0.565    -0.528    -0.634
 3     0.335     0.849    -0.409
 3     0.754     0.018     0.656
 4   104.183     8.405    -4.158
 4     0.526    -0.643     0.557
 4     0.723     0.682     0.104
 4    -0.447     0.348     0.824
 5   115.117    18.785    22.649
 5     0.766    -0.500     0.404
 5    -0.183    -0.773    -0.608
 5     0.616     0.392    -0.684
 6   133.712     1.995    19.092
 6     0.527     0.475    -0.704
 6    -0.838     0.155    -0.523
 6    -0.139     0.866     0.479
 7   109.712   -19.956    -4.781
 7     0.694     0.701     0.162
 7    -0.720     0.681     0.134
 7    -0.017    -0.210     0.977
 8   117.098   -27.164    21.797
 8     0.735     0.318     0.598
 8    -0.000    -0.883     0.469
 8     0.678    -0.345    -0.649
 9   134.598   -10.894    22.433
 9     0.439    -0.439    -0.784
 9     0.898     0.222     0.379
 9     0.008    -0.871     0.492
 2    96.616   -18.740    59.742
 2    -0.053    -0.998    -0.016
 2     0.996    -0.054     0.067
 2    -0.068    -0.012     0.997
 3   126.034    -3.104     5.151
 3     0.564    -0.528    -0.635
 3     0.333     0.849    -0.410
 3     0.755     0.020     0.655
 4   104.107     8.403    -4.154
 4     0.526    -0.644     0.556
 4     0.723     0.682     0.106
 4    -0.448     0.346     0.824
 5   115.032    18.246    22.946
 5     0.783    -0.466     0.412
 5    -0.169    -0.797    -0.580
 5     0.599     0.384    -0.703
 6   134.401     3.652    17.740
 6     0.604     0.499    -0.621
 6    -0.762     0.132    -0.634
 6    -0.235     0.856     0.460
 7   109.711   -19.903    -4.783
 7     0.698     0.697     0.162
 7    -0.716     0.685     0.135
 7    -0.017    -0.211     0.977
 8   117.115   -27.155    22.036
 8     0.765     0.238     0.598
 8    -0.054    -0.902     0.428
 8     0.642    -0.359    -0.677
 9   136.231   -13.043    21.376
 9     0.541    -0.430    -0.722
 9     0.840     0.255     0.478
 9    -0.021    -0.866     0.500
 2    96.616   -18.740    59.742
 2    -0.053    -0.998    -0.016
 2     0.996    -0.054     0.067
 2    -0.068    -0.012     0.997
 3   125.967    -2.923     5.135
 3     0.561    -0.534    -0.633
 3     0.332     0.845    -0.419
 3     0.758     0.025     0.651
 4   103.645     8.255    -3.967
 4     0.505    -0.667     0.548
 4     0.735     0.665     0.130
 4    -0.451     0.337     0.826
 5   114.809    18.068    22.961
 5     0.819    -0.377     0.433
 5    -0.106    -0.841    -0.531
 5     0.564     0.388    -0.728
 6   134.979     7.366    15.881
 6     0.709     0.501    -0.496
 6    -0.609     0.081    -0.789
 6    -0.355     0.861     0.363
 7   109.649   -19.606    -4.754
 7     0.695     0.697     0.175
 7    -0.718     0.682     0.136
 7    -0.025    -0.220     0.975
 8   116.514   -27.242    22.210
 8     0.788     0.003     0.616
 8    -0.218    -0.934     0.284
 8     0.576    -0.358    -0.735
 9   138.120   -19.580    18.837
 9     0.736    -0.403    -0.544
 9     0.668     0.300     0.681
 9    -0.111    -0.865     0.490
 2    96.566   -18.791    59.742
 2    -0.053    -0.998    -0.016
 2     0.996    -0.054     0.067
 2    -0.068    -0.012     0.997
 3   125.913    -2.669     5.004
 3     0.561    -0.541    -0.627
 3     0.333     0.840    -0.427
 3     0.758     0.031     0.652
 4   102.954     8.129    -3.988
 4     0.467    -0.699     0.541
 4     0.754     0.634     0.169
 4    -0.462     0.329     0.824
 5   114.538    18.637    22.749
 5     0.858    -0.266     0.440
 5    -0.025    -0.876    -0.481
 5     0.513     0.402    -0.758
 6   134.845    11.220    14.318
 6     0.769     0.506    -0.391
 6    -0.457     0.007    -0.890
 6    -0.447     0.863     0.236
 7   109.602   -19.226    -4.845
 7     0.685     0.699     0.204
 7    -0.726     0.676     0.125
 7    -0.051    -0.234     0.971
 8   116.379   -28.155    22.003
 8     0.771    -0.261     0.581
 8    -0.409    -0.902     0.138
 8     0.488    -0.344    -0.802
 9   138.300   -27.547    15.404
 9     0.871    -0.389    -0.301
 9     0.431     0.312     0.846
 9    -0.235    -0.867     0.440
 2    96.616   -18.740    59.742
 2    -0.053    -0.998    -0.016
 2     0.996    -0.054     0.067
 2    -0.068    -0.012     0.997
 3   125.932    -1.681     4.561
 3     0.561    -0.565    -0.604
 3     0.343     0.823    -0.452
 3     0.753     0.046     0.656
 4   102.109     8.086    -3.976
 4     0.416    -0.734     0.537
 4     0.778     0.593     0.207
 4    -0.470     0.332     0.817
 5   113.578    19.150    22.474
 5     0.871    -0.186     0.454
 5     0.042    -0.893    -0.447
 5     0.489     0.409    -0.771
