% Calibrated with leiden_pols
% Positions are in centimeters
Data =[
 2    96.616   -18.740    59.742
 2    -0.053    -0.998    -0.016
 2     0.996    -0.054     0.067
 2    -0.068    -0.012     0.997
 3   126.073    -3.082     5.089
 3     0.567    -0.528    -0.632
 3     0.336     0.849    -0.408
 3     0.752     0.018     0.658
 4   104.152     8.352    -4.154
 4     0.524    -0.642     0.559
 4     0.723     0.682     0.105
 4    -0.449     0.349     0.822
 5   115.111    18.834    22.555
 5     0.768    -0.498     0.402
 5    -0.182    -0.772    -0.608
 5     0.614     0.394    -0.684
 6   133.769     1.997    19.033
 6     0.525     0.473    -0.707
 6    -0.840     0.155    -0.519
 6    -0.136     0.867     0.479
 7   109.613   -20.009    -4.723
 7     0.690     0.704     0.166
 7    -0.724     0.677     0.135
 7    -0.018    -0.214     0.977
 8   116.999   -27.290    21.690
 8     0.734     0.321     0.598
 8     0.001    -0.882     0.472
 8     0.679    -0.346    -0.647
 9   133.998   -10.684    23.218
 9     0.429    -0.379    -0.820
 9     0.903     0.187     0.386
 9     0.007    -0.906     0.423
 2    96.616   -18.740    59.742
 2    -0.053    -0.998    -0.016
 2     0.996    -0.054     0.067
 2    -0.068    -0.012     0.997
 3   126.027    -3.106     5.110
 3     0.566    -0.528    -0.633
 3     0.335     0.849    -0.408
 3     0.753     0.018     0.658
 4   104.180     8.404    -4.156
 4     0.524    -0.643     0.558
 4     0.724     0.682     0.105
 4    -0.448     0.349     0.823
 5   115.111    18.834    22.606
 5     0.767    -0.499     0.403
 5    -0.183    -0.772    -0.608
 5     0.614     0.393    -0.684
 6   133.719     1.997    19.033
 6     0.525     0.473    -0.707
 6    -0.840     0.156    -0.520
 6    -0.136     0.867     0.479
 7   109.615   -20.009    -4.727
 7     0.689     0.705     0.166
 7    -0.724     0.676     0.135
 7    -0.017    -0.213     0.977
 8   117.002   -27.239    21.686
 8     0.733     0.321     0.599
 8     0.001    -0.882     0.472
 8     0.680    -0.346    -0.647
 9   133.998   -10.684    23.193
 9     0.429    -0.379    -0.820
 9     0.903     0.187     0.386
 9     0.007    -0.906     0.422
 2    96.616   -18.740    59.742
 2    -0.053    -0.998    -0.016
 2     0.996    -0.054     0.067
 2    -0.068    -0.012     0.997
 3   126.027    -3.081     5.110
 3     0.565    -0.528    -0.634
 3     0.335     0.849    -0.408
 3     0.753     0.018     0.657
 4   104.180     8.404    -4.156
 4     0.525    -0.643     0.557
 4     0.724     0.682     0.105
 4    -0.448     0.349     0.823
 5   115.114    18.784    22.652
 5     0.767    -0.499     0.403
 5    -0.183    -0.773    -0.608
 5     0.615     0.392    -0.684
 6   133.721     1.998    19.081
 6     0.525     0.473    -0.707
 6    -0.840     0.156    -0.520
 6    -0.135     0.867     0.479
 7   109.665   -19.958    -4.726
 7     0.689     0.705     0.165
 7    -0.724     0.676     0.135
 7    -0.017    -0.213     0.977
 8   117.003   -27.239    21.737
 8     0.733     0.321     0.599
 8     0.000    -0.882     0.472
 8     0.680    -0.345    -0.647
 9   133.998   -10.633    23.269
 9     0.429    -0.379    -0.820
 9     0.903     0.186     0.386
 9     0.007    -0.906     0.422
 2    96.566   -18.791    59.742
 2    -0.053    -0.998    -0.016
 2     0.996    -0.054     0.067
 2    -0.068    -0.012     0.997
 3   126.030    -3.105     5.157
 3     0.565    -0.528    -0.634
 3     0.335     0.849    -0.409
 3     0.754     0.018     0.656
 4   104.183     8.405    -4.158
 4     0.526    -0.643     0.557
 4     0.723     0.682     0.104
 4    -0.447     0.348     0.824
 5   115.117    18.785    22.649
 5     0.766    -0.500     0.404
 5    -0.183    -0.773    -0.608
 5     0.616     0.392    -0.684
 6   133.712     1.995    19.092
 6     0.527     0.475    -0.704
 6    -0.838     0.155    -0.523
 6    -0.139     0.866     0.479
 7   109.712   -19.956    -4.781
 7     0.694     0.701     0.162
 7    -0.720     0.681     0.134
 7    -0.017    -0.210     0.977
 8   117.098   -27.164    21.797
 8     0.735     0.318     0.598
 8    -0.000    -0.883     0.469
 8     0.678    -0.345    -0.649
 9   134.598   -10.894    22.433
 9     0.439    -0.439    -0.784
 9     0.898     0.222     0.379
 9     0.008    -0.871     0.492
 2    96.616   -18.740    59.742
 2    -0.053    -0.998    -0.016
 2     0.996    -0.054     0.067
 2    -0.068    -0.012     0.997
 3   126.034    -3.104     5.151
 3     0.564    -0.528    -0.635
 3     0.333     0.849    -0.410
 3     0.755     0.020     0.655
 4   104.107     8.403    -4.154
 4     0.526    -0.644     0.556
 4     0.723     0.682     0.106
 4    -0.448     0.346     0.824
 5   115.032    18.246    22.946
 5     0.783    -0.466     0.412
 5    -0.169    -0.797    -0.580
 5     0.599     0.384    -0.703
 6   134.401     3.652    17.740
 6     0.604     0.499    -0.621
 6    -0.762     0.132    -0.634
 6    -0.235     0.856     0.460
 7   109.711   -19.903    -4.783
 7     0.698     0.697     0.162
 7    -0.716     0.685     0.135
 7    -0.017    -0.211     0.977
 8   117.115   -27.155    22.036
 8     0.765     0.238     0.598
 8    -0.054    -0.902     0.428
 8     0.642    -0.359    -0.677
 9   136.231   -13.043    21.376
 9     0.541    -0.430    -0.722
 9     0.840     0.255     0.478
 9    -0.021    -0.866     0.500
 2    96.616   -18.740    59.742
 2    -0.053    -0.998    -0.016
 2     0.996    -0.054     0.067
 2    -0.068    -0.012     0.997
 3   125.967    -2.923     5.135
 3     0.561    -0.534    -0.633
 3     0.332     0.845    -0.419
 3     0.758     0.025     0.651
 4   103.645     8.255    -3.967
 4     0.505    -0.667     0.548
 4     0.735     0.665     0.130
 4    -0.451     0.337     0.826
 5   114.809    18.068    22.961
 5     0.819    -0.377     0.433
 5    -0.106    -0.841    -0.531
 5     0.564     0.388    -0.728
 6   134.979     7.366    15.881
 6     0.709     0.501    -0.496
 6    -0.609     0.081    -0.789
 6    -0.355     0.861     0.363
 7   109.649   -19.606    -4.754
 7     0.695     0.697     0.175
 7    -0.718     0.682     0.136
 7    -0.025    -0.220     0.975
 8   116.514   -27.242    22.210
 8     0.788     0.003     0.616
 8    -0.218    -0.934     0.284
 8     0.576    -0.358    -0.735
 9   138.120   -19.580    18.837
 9     0.736    -0.403    -0.544
 9     0.668     0.300     0.681
 9    -0.111    -0.865     0.490
 2    96.566   -18.791    59.742
 2    -0.053    -0.998    -0.016
 2     0.996    -0.054     0.067
 2    -0.068    -0.012     0.997
 3   125.913    -2.669     5.004
 3     0.561    -0.541    -0.627
 3     0.333     0.840    -0.427
 3     0.758     0.031     0.652
 4   102.954     8.129    -3.988
 4     0.467    -0.699     0.541
 4     0.754     0.634     0.169
 4    -0.462     0.329     0.824
 5   114.538    18.637    22.749
 5     0.858    -0.266     0.440
 5    -0.025    -0.876    -0.481
 5     0.513     0.402    -0.758
 6   134.845    11.220    14.318
 6     0.769     0.506    -0.391
 6    -0.457     0.007    -0.890
 6    -0.447     0.863     0.236
 7   109.602   -19.226    -4.845
 7     0.685     0.699     0.204
 7    -0.726     0.676     0.125
 7    -0.051    -0.234     0.971
 8   116.379   -28.155    22.003
 8     0.771    -0.261     0.581
 8    -0.409    -0.902     0.138
 8     0.488    -0.344    -0.802
 9   138.300   -27.547    15.404
 9     0.871    -0.389    -0.301
 9     0.431     0.312     0.846
 9    -0.235    -0.867     0.440
 2    96.616   -18.740    59.742
 2    -0.053    -0.998    -0.016
 2     0.996    -0.054     0.067
 2    -0.068    -0.012     0.997
 3   125.932    -1.681     4.561
 3     0.561    -0.565    -0.604
 3     0.343     0.823    -0.452
 3     0.753     0.046     0.656
 4   102.109     8.086    -3.976
 4     0.416    -0.734     0.537
 4     0.778     0.593     0.207
 4    -0.470     0.332     0.817
 5   113.578    19.150    22.474
 5     0.871    -0.186     0.454
 5     0.042    -0.893    -0.447
 5     0.489     0.409    -0.771
 6   133.738    13.598    13.598
 6     0.807     0.501    -0.312
 6    -0.350    -0.019    -0.936
 6    -0.475     0.865     0.160
 7   109.694   -18.830    -4.976
 7     0.690     0.689     0.219
 7    -0.720     0.683     0.120
 7    -0.067    -0.241     0.968
 8   116.511   -28.223    21.926
 8     0.732    -0.437     0.523
 8    -0.537    -0.842     0.047
 8     0.420    -0.315    -0.851
 9   137.172   -33.822    13.275
 9     0.920    -0.385    -0.072
 9     0.193     0.287     0.938
 9    -0.341    -0.877     0.338
 2    96.616   -18.740    59.742
 2    -0.053    -0.998    -0.016
 2     0.996    -0.054     0.067
 2    -0.068    -0.012     0.997
 3   125.815    -0.919     4.308
 3     0.559    -0.586    -0.587
 3     0.351     0.808    -0.472
 3     0.751     0.057     0.657
 4   101.559     8.200    -3.932
 4     0.374    -0.761     0.530
 4     0.799     0.555     0.233
 4    -0.471     0.336     0.815
 5   112.712    19.774    22.484
 5     0.872    -0.125     0.473
 5     0.096    -0.904    -0.417
 5     0.480     0.409    -0.776
 6   133.177    15.754    13.686
 6     0.831     0.493    -0.258
 6    -0.269    -0.048    -0.962
 6    -0.487     0.868     0.093
 7   109.840   -18.308    -5.006
 7     0.692     0.682     0.234
 7    -0.717     0.688     0.117
 7    -0.082    -0.249     0.965
 8   116.603   -27.988    22.168
 8     0.672    -0.582     0.457
 8    -0.638    -0.769    -0.040
 8     0.375    -0.265    -0.888
 9   134.550   -40.349    12.404
 9     0.894    -0.417     0.165
 9    -0.079     0.216     0.973
 9    -0.441    -0.883     0.160
 2    96.615   -18.740    59.742
 2    -0.054    -0.998    -0.016
 2     0.996    -0.055     0.067
 2    -0.068    -0.012     0.997
 3   125.856    -0.487     4.132
 3     0.557    -0.595    -0.580
 3     0.356     0.801    -0.480
 3     0.750     0.061     0.658
 4   101.311     8.283    -3.981
 4     0.342    -0.779     0.525
 4     0.811     0.526     0.253
 4    -0.474     0.339     0.813
 5   112.074    20.261    22.392
 5     0.874    -0.065     0.481
 5     0.145    -0.910    -0.387
 5     0.463     0.408    -0.787
 6   132.268    17.872    13.197
 6     0.841     0.504    -0.197
 6    -0.185    -0.073    -0.980
 6    -0.509     0.860     0.031
 7   109.917   -17.967    -5.109
 7     0.684     0.684     0.252
 7    -0.723     0.681     0.111
 7    -0.096    -0.259     0.961
 8   116.911   -28.030    21.843
 8     0.612    -0.690     0.387
 8    -0.719    -0.689    -0.093
 8     0.330    -0.221    -0.918
 9   131.080   -45.877    11.900
 9     0.796    -0.476     0.373
 9    -0.339     0.159     0.927
 9    -0.501    -0.865    -0.035
 2    96.616   -18.740    59.742
 2    -0.053    -0.998    -0.016
 2     0.996    -0.054     0.067
 2    -0.068    -0.012     0.997
 3   125.854    -0.156     3.979
 3     0.556    -0.599    -0.577
 3     0.359     0.798    -0.484
 3     0.750     0.062     0.658
 4   100.916     8.264    -3.982
 4     0.314    -0.793     0.521
 4     0.821     0.502     0.269
 4    -0.476     0.343     0.810
 5   111.361    20.557    22.331
 5     0.868    -0.025     0.496
 5     0.183    -0.913    -0.365
 5     0.462     0.407    -0.788
 6   131.691    19.311    13.340
 6     0.847     0.505    -0.164
 6    -0.133    -0.096    -0.986
 6    -0.514     0.858    -0.015
 7   109.906   -17.782    -5.225
 7     0.678     0.683     0.271
 7    -0.726     0.680     0.102
 7    -0.115    -0.267     0.957
 8   117.315   -28.887    21.080
 8     0.537    -0.779     0.323
 8    -0.793    -0.597    -0.121
 8     0.287    -0.192    -0.939
 9   127.997   -50.871    12.505
 9     0.673    -0.552     0.491
 9    -0.565     0.044     0.824
 9    -0.477    -0.832    -0.282
 2    96.615   -18.740    59.742
 2    -0.054    -0.998    -0.016
 2     0.996    -0.055     0.067
 2    -0.068    -0.012     0.997
 3   125.849     0.380     3.774
 3     0.551    -0.608    -0.571
 3     0.365     0.791    -0.491
 3     0.750     0.062     0.658
 4   100.859     8.217    -3.986
 4     0.301    -0.800     0.519
 4     0.826     0.490     0.277
 4    -0.476     0.345     0.808
 5   111.060    20.616    22.322
 5     0.864    -0.008     0.504
 5     0.198    -0.914    -0.354
 5     0.463     0.406    -0.788
 6   131.255    19.671    13.328
 6     0.848     0.508    -0.150
 6    -0.106    -0.115    -0.988
 6    -0.520     0.853    -0.044
 7   109.723   -17.611    -5.258
 7     0.664     0.687     0.294
 7    -0.734     0.675     0.080
 7    -0.144    -0.270     0.952
 8   116.530   -30.001    20.419
 8     0.454    -0.840     0.298
 8    -0.853    -0.506    -0.129
 8     0.259    -0.196    -0.946
 9   124.224   -54.819    14.065
 9     0.553    -0.584     0.593
 9    -0.743    -0.025     0.668
 9    -0.376    -0.811    -0.448
 2    96.565   -18.740    59.793
 2    -0.053    -0.998    -0.016
 2     0.996    -0.054     0.067
 2    -0.068    -0.012     0.997
 3   125.855     0.507     3.542
 3     0.551    -0.605    -0.575
 3     0.363     0.794    -0.488
 3     0.751     0.059     0.657
 4   100.723     8.218    -4.033
 4     0.292    -0.803     0.519
 4     0.828     0.484     0.282
 4    -0.478     0.348     0.807
 5   110.728    20.748    22.295
 5     0.861     0.008     0.508
 5     0.212    -0.914    -0.346
 5     0.462     0.406    -0.789
 6   131.103    20.262    13.166
 6     0.848     0.512    -0.134
 6    -0.082    -0.124    -0.989
 6    -0.524     0.849    -0.063
 7   109.542   -17.439    -5.340
 7     0.648     0.691     0.319
 7    -0.742     0.668     0.058
 7    -0.173    -0.275     0.946
 8   115.325   -31.411    18.901
 8     0.328    -0.901     0.281
 8    -0.915    -0.378    -0.141
 8     0.233    -0.212    -0.949
 9   119.448   -58.172    15.708
 9     0.398    -0.628     0.668
 9    -0.892    -0.097     0.440
 9    -0.212    -0.772    -0.599
 2    96.616   -18.740    59.742
 2    -0.053    -0.998    -0.016
 2     0.996    -0.054     0.067
 2    -0.068    -0.012     0.997
 3   125.772     0.637     3.347
 3     0.549    -0.599    -0.583
 3     0.358     0.798    -0.484
 3     0.755     0.057     0.652
 4   100.567     8.223    -4.067
 4     0.279    -0.808     0.519
 4     0.833     0.472     0.286
 4    -0.477     0.353     0.805
 5   110.309    20.762    22.350
 5     0.854     0.028     0.519
 5     0.231    -0.915    -0.331
 5     0.466     0.402    -0.788
 6   130.638    21.039    13.415
 6     0.851     0.512    -0.111
 6    -0.052    -0.127    -0.990
 6    -0.522     0.849    -0.082
 7   109.086   -17.145    -5.526
 7     0.627     0.702     0.337
 7    -0.753     0.658     0.030
 7    -0.201    -0.273     0.941
 8   114.077   -32.175    17.516
 8     0.237    -0.938     0.255
 8    -0.943    -0.285    -0.170
 8     0.232    -0.201    -0.952
 9   115.410   -59.422    17.167
 9     0.245    -0.673     0.698
 9    -0.967    -0.119     0.225
 9    -0.068    -0.730    -0.680
 2    96.616   -18.740    59.742
 2    -0.053    -0.998    -0.016
 2     0.996    -0.054     0.067
 2    -0.068    -0.012     0.997
 3   125.766     0.635     3.228
 3     0.553    -0.586    -0.593
 3     0.344     0.808    -0.477
 3     0.759     0.059     0.648
 4   100.544     8.224    -4.071
 4     0.278    -0.808     0.519
 4     0.834     0.470     0.286
 4    -0.476     0.354     0.805
 5   110.258    20.814    22.273
 5     0.853     0.031     0.520
 5     0.234    -0.915    -0.329
 5     0.466     0.403    -0.788
 6   130.560    21.121    13.472
 6     0.853     0.510    -0.111
 6    -0.045    -0.140    -0.989
 6    -0.520     0.848    -0.097
 7   108.787   -16.970    -5.806
 7     0.610     0.711     0.349
 7    -0.760     0.650     0.005
 7    -0.224    -0.268     0.937
 8   113.990   -32.317    16.367
 8     0.180    -0.962     0.206
 8    -0.950    -0.225    -0.217
 8     0.255    -0.157    -0.954
 9   113.532   -59.368    18.395
 9     0.140    -0.710     0.690
 9    -0.989    -0.131     0.067
 9     0.043    -0.692    -0.720
 2    96.616   -18.740    59.742
 2    -0.053    -0.998    -0.016
 2     0.996    -0.054     0.067
 2    -0.068    -0.012     0.997
 3   125.792     0.583     3.228
 3     0.554    -0.583    -0.595
 3     0.341     0.810    -0.476
 3     0.759     0.061     0.647
 4   100.541     8.175    -4.123
 4     0.273    -0.810     0.519
 4     0.836     0.467     0.288
 4    -0.476     0.355     0.805
 5   110.139    20.766    22.266
 5     0.851     0.031     0.523
 5     0.236    -0.915    -0.328
 5     0.468     0.403    -0.786
 6   130.514    21.125    13.514
 6     0.854     0.508    -0.110
 6    -0.043    -0.141    -0.989
 6    -0.518     0.849    -0.099
 7   108.707   -16.832    -5.966
 7     0.605     0.711     0.356
 7    -0.759     0.650    -0.008
 7    -0.238    -0.266     0.934
 8   114.235   -32.328    15.716
 8     0.169    -0.969     0.180
 8    -0.948    -0.210    -0.238
 8     0.268    -0.131    -0.954
 9   113.193   -59.161    19.072
 9     0.093    -0.724     0.683
 9    -0.990    -0.137    -0.010
 9     0.101    -0.676    -0.730
 2    96.615   -18.740    59.742
 2    -0.054    -0.998    -0.016
 2     0.996    -0.055     0.067
 2    -0.068    -0.012     0.997
 3   125.792     0.583     3.202
 3     0.554    -0.582    -0.595
 3     0.340     0.810    -0.477
 3     0.759     0.062     0.647
 4   100.537     8.124    -4.172
 4     0.271    -0.810     0.520
 4     0.836     0.466     0.290
 4    -0.477     0.356     0.804
 5   110.094    20.768    22.209
 5     0.850     0.031     0.525
 5     0.236    -0.915    -0.328
 5     0.470     0.403    -0.785
 6   130.470    21.101    13.509
 6     0.855     0.506    -0.110
 6    -0.044    -0.141    -0.989
 6    -0.516     0.851    -0.098
 7   108.694   -16.812    -6.050
 7     0.605     0.709     0.362
 7    -0.758     0.653    -0.011
 7    -0.244    -0.267     0.932
 8   114.533   -32.192    15.540
 8     0.169    -0.971     0.168
 8    -0.946    -0.208    -0.247
 8     0.275    -0.117    -0.954
 9   113.401   -59.077    19.362
 9     0.085    -0.727     0.682
 9    -0.990    -0.141    -0.027
 9     0.115    -0.672    -0.731
 2    96.616   -18.740    59.742
 2    -0.053    -0.998    -0.016
 2     0.996    -0.054     0.067
 2    -0.068    -0.012     0.997
 3   125.795     0.584     3.145
 3     0.554    -0.583    -0.594
 3     0.339     0.810    -0.479
 3     0.760     0.064     0.647
 4   100.536     8.073    -4.173
 4     0.270    -0.810     0.520
 4     0.836     0.465     0.290
 4    -0.477     0.357     0.803
 5   110.059    20.696    22.244
 5     0.849     0.026     0.528
 5     0.232    -0.916    -0.328
 5     0.475     0.401    -0.783
 6   130.534    21.007    13.667
 6     0.859     0.499    -0.111
 6    -0.044    -0.142    -0.989
 6    -0.510     0.854    -0.100
 7   108.694   -16.760    -6.101
 7     0.607     0.707     0.362
 7    -0.756     0.654    -0.009
 7    -0.244    -0.269     0.932
 8   114.537   -32.140    15.533
 8     0.170    -0.971     0.170
 8    -0.946    -0.209    -0.249
 8     0.277    -0.118    -0.953
 9   113.406   -59.025    19.480
 9     0.082    -0.726     0.683
 9    -0.990    -0.141    -0.030
 9     0.118    -0.674    -0.730
 2    96.616   -18.740    59.742
 2    -0.053    -0.998    -0.016
 2     0.996    -0.054     0.067
 2    -0.068    -0.012     0.997
 3   125.770     0.584     3.145
 3     0.554    -0.583    -0.594
 3     0.339     0.810    -0.479
 3     0.760     0.064     0.646
 4   100.562     8.124    -4.223
 4     0.272    -0.809     0.521
 4     0.836     0.467     0.288
 4    -0.477     0.357     0.803
 5   110.075    20.649    22.255
 5     0.847     0.018     0.531
 5     0.227    -0.916    -0.330
 5     0.480     0.400    -0.781
 6   130.652    20.888    13.822
 6     0.863     0.492    -0.114
 6    -0.047    -0.147    -0.988
 6    -0.503     0.858    -0.104
 7   108.777   -16.757    -6.109
 7     0.607     0.707     0.362
 7    -0.757     0.653    -0.005
 7    -0.241    -0.271     0.932
 8   114.442   -32.115    15.622
 8     0.168    -0.970     0.176
 8    -0.945    -0.210    -0.252
 8     0.281    -0.124    -0.952
 9   113.358   -58.975    19.529
 9     0.080    -0.724     0.685
 9    -0.990    -0.140    -0.032
 9     0.119    -0.675    -0.728
 2    96.616   -18.740    59.742
 2    -0.053    -0.998    -0.016
 2     0.996    -0.054     0.067
 2    -0.068    -0.012     0.997
 3   125.845     0.558     3.145
 3     0.554    -0.583    -0.594
 3     0.339     0.810    -0.479
 3     0.760     0.064     0.646
 4   100.664     8.072    -4.171
 4     0.275    -0.807     0.522
 4     0.834     0.470     0.287
 4    -0.477     0.356     0.803
 5   110.079    20.648    22.227
 5     0.847     0.015     0.531
 5     0.224    -0.916    -0.332
 5     0.481     0.400    -0.780
 6   130.657    20.788    13.918
 6     0.864     0.490    -0.115
 6    -0.048    -0.147    -0.988
 6    -0.501     0.859    -0.104
 7   108.837   -16.828    -6.121
 7     0.609     0.704     0.363
 7    -0.756     0.654     0.001
 7    -0.237    -0.275     0.931
 8   114.494   -32.114    15.665
 8     0.170    -0.969     0.179
 8    -0.944    -0.213    -0.252
 8     0.283    -0.126    -0.951
 9   113.456   -58.975    19.604
 9     0.082    -0.722     0.687
 9    -0.989    -0.142    -0.030
 9     0.119    -0.677    -0.726
 2    96.616   -18.740    59.742
 2    -0.053    -0.998    -0.016
 2     0.996    -0.054     0.067
 2    -0.068    -0.012     0.997
 3   125.848     0.560     3.141
 3     0.553    -0.584    -0.594
 3     0.339     0.809    -0.480
 3     0.761     0.064     0.646
 4   100.664     8.072    -4.222
 4     0.275    -0.807     0.522
 4     0.834     0.470     0.287
 4    -0.477     0.356     0.803
 5   110.082    20.649    22.224
 5     0.847     0.015     0.531
 5     0.224    -0.916    -0.332
 5     0.482     0.400    -0.779
 6   130.610    20.789    13.916
 6     0.865     0.488    -0.115
 6    -0.048    -0.147    -0.988
 6    -0.500     0.860    -0.103
 7   108.890   -16.799    -6.125
 7     0.613     0.701     0.364
 7    -0.754     0.657     0.005
 7    -0.236    -0.278     0.931
 8   114.663   -32.113    15.669
 8     0.177    -0.967     0.181
 8    -0.943    -0.220    -0.250
 8     0.281    -0.127    -0.951
 9   113.805   -58.947    19.649
 9     0.089    -0.719     0.690
 9    -0.989    -0.147    -0.026
 9     0.120    -0.680    -0.724
 2    96.616   -18.740    59.742
 2    -0.053    -0.998    -0.016
 2     0.996    -0.054     0.067
 2    -0.068    -0.012     0.997
 3   125.801     0.587     3.212
 3     0.551    -0.586    -0.594
 3     0.339     0.807    -0.482
 3     0.762     0.064     0.644
 4   100.662     8.071    -4.219
 4     0.275    -0.807     0.522
 4     0.834     0.470     0.287
 4    -0.478     0.356     0.803
 5   110.082    20.650    22.224
 5     0.847     0.015     0.531
 5     0.225    -0.916    -0.332
 5     0.482     0.401    -0.779
 6   130.612    20.791    13.963
 6     0.865     0.488    -0.114
 6    -0.048    -0.147    -0.988
 6    -0.499     0.860    -0.104
 7   109.019   -16.796    -6.132
 7     0.616     0.698     0.365
 7    -0.752     0.659     0.009
 7    -0.234    -0.280     0.931
 8   114.835   -32.059    15.669
 8     0.185    -0.966     0.182
 8    -0.942    -0.227    -0.247
 8     0.280    -0.125    -0.952
 9   114.175   -58.945    19.601
 9     0.097    -0.718     0.689
 9    -0.988    -0.151    -0.019
 9     0.118    -0.679    -0.724
 2    96.616   -18.740    59.742
 2    -0.053    -0.998    -0.016
 2     0.996    -0.054     0.067
 2    -0.068    -0.012     0.997
 3   125.805     0.563     3.207
 3     0.550    -0.588    -0.594
 3     0.340     0.807    -0.483
 3     0.763     0.064     0.643
 4   100.661     8.071    -4.220
 4     0.276    -0.807     0.523
 4     0.834     0.471     0.287
 4    -0.478     0.357     0.802
 5   110.085    20.650    22.222
 5     0.847     0.012     0.532
 5     0.223    -0.916    -0.334
 5     0.483     0.401    -0.778
 6   130.667    20.664    13.962
 6     0.865     0.486    -0.118
 6    -0.051    -0.148    -0.988
 6    -0.498     0.861    -0.103
 7   109.029   -16.866    -6.094
 7     0.620     0.694     0.365
 7    -0.750     0.661     0.017
 7    -0.230    -0.284     0.931
 8   115.231   -32.052    15.841
 8     0.202    -0.961     0.186
 8    -0.938    -0.245    -0.244
 8     0.280    -0.125    -0.952
 9   115.075   -58.892    19.598
 9     0.121    -0.713     0.690
 9    -0.987    -0.163     0.006
 9     0.108    -0.682    -0.724
 2    96.616   -18.740    59.742
 2    -0.053    -0.998    -0.016
 2     0.996    -0.054     0.067
 2    -0.068    -0.012     0.997
 3   125.804     0.564     3.207
 3     0.548    -0.590    -0.593
 3     0.341     0.805    -0.485
 3     0.763     0.064     0.642
 4   100.660     8.044    -4.216
 4     0.277    -0.806     0.523
 4     0.833     0.473     0.286
 4    -0.479     0.356     0.802
 5   110.093    20.599    22.218
 5     0.847     0.005     0.531
 5     0.218    -0.915    -0.338
 5     0.485     0.402    -0.776
 6   130.699    20.536    14.035
 6     0.866     0.483    -0.124
 6    -0.057    -0.150    -0.987
 6    -0.496     0.862    -0.102
 7   109.089   -16.911    -6.055
 7     0.623     0.691     0.366
 7    -0.748     0.663     0.023
 7    -0.226    -0.288     0.930
 8   115.316   -32.058    16.134
 8     0.223    -0.955     0.197
 8    -0.938    -0.265    -0.224
 8     0.266    -0.135    -0.954
 9   116.019   -58.904    19.137
 9     0.156    -0.708     0.689
 9    -0.985    -0.162     0.056
 9     0.072    -0.687    -0.723
 2    96.616   -18.740    59.742
 2    -0.053    -0.998    -0.016
 2     0.996    -0.054     0.067
 2    -0.068    -0.012     0.997
 3   125.782     0.566     3.304
 3     0.547    -0.591    -0.593
 3     0.342     0.804    -0.487
 3     0.764     0.064     0.642
 4   100.713     8.042    -4.240
 4     0.282    -0.804     0.524
 4     0.831     0.477     0.284
 4    -0.479     0.355     0.803
 5   110.226    20.546    22.215
 5     0.848    -0.005     0.530
 5     0.210    -0.915    -0.344
 5     0.487     0.403    -0.775
 6   130.819    20.079    14.129
 6     0.868     0.477    -0.137
 6    -0.071    -0.153    -0.986
 6    -0.491     0.865    -0.099
 7   109.172   -16.956    -6.014
 7     0.627     0.687     0.367
 7    -0.746     0.665     0.031
 7    -0.223    -0.293     0.930
 8   115.491   -32.201    16.699
 8     0.265    -0.939     0.216
 8    -0.937    -0.304    -0.173
 8     0.229    -0.157    -0.961
 9   117.963   -59.136    17.444
 9     0.241    -0.691     0.681
 9    -0.969    -0.142     0.199
 9    -0.041    -0.708    -0.705
 2    96.616   -18.740    59.742
 2    -0.053    -0.998    -0.016
 2     0.996    -0.054     0.067
 2    -0.068    -0.012     0.997
 3   125.806     0.515     3.379
 3     0.547    -0.593    -0.592
 3     0.342     0.803    -0.489
 3     0.764     0.065     0.641
 4   100.743     8.042    -4.242
 4     0.287    -0.802     0.525
 4     0.830     0.481     0.281
 4    -0.478     0.355     0.803
 5   110.240    20.521    22.231
 5     0.847    -0.017     0.531
 5     0.202    -0.915    -0.350
 5     0.491     0.404    -0.772
 6   131.013    19.828    14.243
 6     0.870     0.469    -0.148
 6    -0.083    -0.157    -0.984
 6    -0.485     0.869    -0.098
 7   109.375   -17.194    -6.025
 7     0.635     0.680     0.365
 7    -0.743     0.667     0.049
 7    -0.211    -0.303     0.929
 8   114.872   -32.143    17.485
 8     0.329    -0.895     0.302
 8    -0.919    -0.376    -0.114
 8     0.215    -0.240    -0.947
 9   120.993   -58.087    14.234
 9     0.425    -0.617     0.662
 9    -0.872    -0.084     0.482
 9    -0.242    -0.783    -0.574
 2    96.566   -18.791    59.742
 2    -0.053    -0.998    -0.016
 2     0.996    -0.054     0.067
 2    -0.068    -0.012     0.997
 3   125.808     0.391     3.552
 3     0.544    -0.599    -0.588
 3     0.345     0.798    -0.493
 3     0.765     0.065     0.641
 4   100.844     7.989    -4.237
 4     0.292    -0.799     0.525
 4     0.828     0.486     0.279
 4    -0.479     0.353     0.804
 5   110.351    20.419    22.200
 5     0.847    -0.028     0.530
 5     0.194    -0.914    -0.357
 5     0.494     0.405    -0.769
 6   131.130    19.421    14.289
 6     0.871     0.464    -0.161
 6    -0.096    -0.160    -0.982
 6    -0.481     0.871    -0.095
 7   109.554   -17.303    -5.919
 7     0.646     0.674     0.357
 7    -0.737     0.672     0.064
 7    -0.197    -0.305     0.932
 8   114.265   -31.863    18.326
 8     0.380    -0.848     0.368
 8    -0.897    -0.435    -0.076
 8     0.224    -0.302    -0.927
 9   124.969   -54.585    10.797
 9     0.639    -0.545     0.542
 9    -0.646     0.001     0.763
 9    -0.417    -0.838    -0.352
 2    96.566   -18.791    59.742
 2    -0.053    -0.998    -0.016
 2     0.996    -0.054     0.067
 2    -0.068    -0.012     0.997
 3   125.854     0.340     3.607
 3     0.544    -0.600    -0.587
 3     0.346     0.797    -0.495
 3     0.764     0.066     0.641
 4   100.977     7.934    -4.208
 4     0.306    -0.793     0.527
 4     0.823     0.498     0.272
 4    -0.479     0.350     0.805
 5   110.511    20.294    22.253
 5     0.845    -0.053     0.531
 5     0.176    -0.912    -0.371
 5     0.504     0.407    -0.762
 6   131.427    18.662    14.693
 6     0.875     0.445    -0.192
 6    -0.128    -0.170    -0.977
 6    -0.467     0.879    -0.092
 7   109.587   -17.614    -5.900
 7     0.656     0.672     0.344
 7    -0.733     0.676     0.078
 7    -0.180    -0.303     0.936
 8   113.230   -31.895    18.573
 8     0.469    -0.743     0.477
 8    -0.843    -0.537    -0.006
 8     0.261    -0.400    -0.879
 9   129.754   -47.608     9.591
 9     0.850    -0.441     0.288
 9    -0.272     0.101     0.957
 9    -0.451    -0.892    -0.034
 2    96.616   -18.740    59.742
 2    -0.053    -0.998    -0.016
 2     0.996    -0.054     0.067
 2    -0.068    -0.012     0.997
 3   125.859     0.037     3.731
 3     0.543    -0.600    -0.588
 3     0.346     0.797    -0.493
 3     0.765     0.064     0.641
 4   101.161     7.878    -4.229
 4     0.322    -0.785     0.529
 4     0.816     0.513     0.264
 4    -0.479     0.347     0.806
 5   110.650    20.143    22.226
 5     0.843    -0.083     0.531
 5     0.154    -0.909    -0.387
 5     0.515     0.408    -0.754
 6   131.703    17.366    14.898
 6     0.875     0.423    -0.233
 6    -0.169    -0.183    -0.969
 6    -0.453     0.887    -0.089
 7   109.803   -17.816    -5.696
 7     0.673     0.664     0.323
 7    -0.722     0.685     0.096
 7    -0.158    -0.299     0.941
 8   113.280   -31.552    18.589
 8     0.571    -0.594     0.566
 8    -0.750    -0.658     0.066
 8     0.333    -0.462    -0.822
 9   133.738   -39.426    10.947
 9     0.922    -0.385    -0.041
 9     0.099     0.133     0.986
 9    -0.374    -0.913     0.161
 2    96.566   -18.791    59.742
 2    -0.053    -0.998    -0.016
 2     0.996    -0.054     0.067
 2    -0.068    -0.012     0.997
 3   125.859    -0.138     3.961
 3     0.540    -0.601    -0.589
 3     0.351     0.797    -0.492
 3     0.765     0.059     0.641
 4   101.285     7.846    -4.268
 4     0.334    -0.778     0.532
 4     0.810     0.525     0.259
 4    -0.482     0.345     0.806
 5   110.761    20.119    22.153
 5     0.839    -0.111     0.531
 5     0.137    -0.904    -0.405
 5     0.525     0.413    -0.744
 6   132.087    16.203    15.389
 6     0.875     0.393    -0.282
 6    -0.225    -0.185    -0.957
 6    -0.428     0.901    -0.074
 7   110.138   -18.141    -5.596
 7     0.698     0.650     0.301
 7    -0.703     0.702     0.114
 7    -0.137    -0.292     0.947
 8   113.464   -30.799    18.835
 8     0.650    -0.393     0.650
 8    -0.620    -0.769     0.154
 8     0.439    -0.504    -0.744
 9   135.796   -31.666    13.951
 9     0.887    -0.337    -0.315
 9     0.377     0.136     0.916
 9    -0.266    -0.932     0.247
 2    96.566   -18.791    59.742
 2    -0.053    -0.998    -0.016
 2     0.996    -0.054     0.067
 2    -0.068    -0.012     0.997
 3   125.910    -0.413     4.142
 3     0.535    -0.605    -0.590
 3     0.358     0.795    -0.490
 3     0.765     0.051     0.642
 4   101.611     7.787    -4.357
 4     0.348    -0.769     0.536
 4     0.802     0.540     0.254
 4    -0.485     0.342     0.805
 5   110.839    20.028    21.964
 5     0.829    -0.157     0.536
 5     0.109    -0.896    -0.430
 5     0.548     0.415    -0.726
 6   132.332    14.687    16.030
 6     0.869     0.346    -0.354
 6    -0.305    -0.188    -0.934
 6    -0.390     0.919    -0.057
 7   110.342   -18.246    -5.478
 7     0.712     0.642     0.282
 7    -0.691     0.711     0.126
 7    -0.120    -0.285     0.951
 8   113.825   -30.675    18.864
 8     0.682    -0.224     0.695
 8    -0.514    -0.824     0.238
 8     0.520    -0.520    -0.678
 9   136.310   -26.791    16.783
 9     0.817    -0.280    -0.504
 9     0.556     0.153     0.816
 9    -0.151    -0.948     0.281
 2    96.616   -18.740    59.742
 2    -0.053    -0.998    -0.016
 2     0.996    -0.054     0.067
 2    -0.068    -0.012     0.997
 3   126.035    -0.489     4.245
 3     0.534    -0.605    -0.591
 3     0.359     0.795    -0.489
 3     0.765     0.049     0.641
 4   101.920     7.909    -4.377
 4     0.366    -0.758     0.539
 4     0.794     0.557     0.243
 4    -0.485     0.339     0.806
 5   111.054    20.136    21.963
 5     0.819    -0.199     0.537
 5     0.081    -0.888    -0.452
 5     0.567     0.414    -0.712
 6   132.873    12.963    16.889
 6     0.841     0.292    -0.456
 6    -0.423    -0.173    -0.890
 6    -0.338     0.941    -0.022
 7   110.559   -18.475    -5.348
 7     0.724     0.638     0.261
 7    -0.682     0.718     0.139
 7    -0.098    -0.279     0.955
 8   114.292   -30.606    18.767
 8     0.697    -0.044     0.715
 8    -0.406    -0.846     0.344
 8     0.590    -0.531    -0.608
 9   136.100   -22.315    19.450
 9     0.712    -0.256    -0.654
 9     0.700     0.199     0.685
 9    -0.045    -0.946     0.321
 2    96.566   -18.791    59.742
 2    -0.053    -0.998    -0.016
 2     0.996    -0.054     0.067
 2    -0.068    -0.012     0.997
 3   126.148    -0.762     4.463
 3     0.528    -0.605    -0.596
 3     0.361     0.795    -0.486
 3     0.768     0.041     0.638
 4   102.384     7.904    -4.476
 4     0.385    -0.748     0.540
 4     0.785     0.573     0.233
 4    -0.484     0.334     0.808
 5   111.223    20.223    21.835
 5     0.803    -0.255     0.538
 5     0.046    -0.874    -0.483
 5     0.594     0.413    -0.690
 6   132.805    10.973    17.664
 6     0.798     0.243    -0.550
 6    -0.538    -0.120    -0.834
 6    -0.270     0.962     0.035
 7   110.815   -18.636    -5.302
 7     0.730     0.638     0.243
 7    -0.678     0.720     0.147
 7    -0.081    -0.272     0.959
 8   115.078   -29.928    19.074
 8     0.703     0.076     0.707
 8    -0.310    -0.862     0.401
 8     0.640    -0.502    -0.582
 9   135.862   -19.144    20.878
 9     0.630    -0.258    -0.732
 9     0.776     0.202     0.597
 9    -0.006    -0.945     0.328
 2    96.566   -18.791    59.742
 2    -0.053    -0.998    -0.016
 2     0.996    -0.054     0.067
 2    -0.068    -0.012     0.997
 3   126.236    -0.858     4.656
 3     0.522    -0.603    -0.603
 3     0.363     0.797    -0.483
 3     0.771     0.033     0.635
 4   102.819     7.948    -4.542
 4     0.405    -0.737     0.541
 4     0.775     0.590     0.224
 4    -0.485     0.328     0.810
 5   111.415    20.292    21.764
 5     0.773    -0.338     0.537
 5    -0.005    -0.850    -0.526
 5     0.634     0.404    -0.659
 6   132.636     8.276    19.092
 6     0.727     0.196    -0.657
 6    -0.660    -0.064    -0.749
 6    -0.189     0.978     0.083
 7   111.015   -18.723    -5.171
 7     0.736     0.638     0.226
 7    -0.673     0.723     0.152
 7    -0.067    -0.264     0.962
 8   115.537   -29.598    19.469
 8     0.698     0.162     0.698
 8    -0.240    -0.865     0.441
 8     0.675    -0.475    -0.565
 9   135.276   -16.932    22.085
 9     0.564    -0.259    -0.784
 9     0.825     0.194     0.529
 9     0.015    -0.946     0.323
 2    96.566   -18.791    59.742
 2    -0.053    -0.998    -0.016
 2     0.996    -0.054     0.067
 2    -0.068    -0.012     0.997
 3   126.355    -1.055     4.973
 3     0.516    -0.599    -0.612
 3     0.365     0.800    -0.476
 3     0.775     0.022     0.631
 4   103.239     8.020    -4.544
 4     0.427    -0.725     0.540
 4     0.765     0.609     0.211
 4    -0.482     0.323     0.815
 5   111.794    20.245    21.748
 5     0.754    -0.391     0.527
 5    -0.046    -0.833    -0.551
 5     0.655     0.392    -0.646
 6   132.658     6.637    19.862
 6     0.675     0.203    -0.709
 6    -0.724    -0.001    -0.689
 6    -0.141     0.979     0.146
 7   111.160   -18.944    -5.151
 7     0.734     0.643     0.215
 7    -0.676     0.721     0.154
 7    -0.057    -0.259     0.964
 8   115.623   -28.968    19.904
 8     0.683     0.226     0.694
 8    -0.183    -0.868     0.462
 8     0.706    -0.443    -0.552
 9   134.792   -15.465    22.826
 9     0.522    -0.255    -0.814
 9     0.852     0.190     0.486
 9     0.031    -0.948     0.316
 2    96.566   -18.791    59.742
 2    -0.053    -0.998    -0.016
 2     0.996    -0.054     0.067
 2    -0.068    -0.012     0.997
 3   126.443    -1.407     5.147
 3     0.513    -0.590    -0.624
 3     0.364     0.807    -0.465
 3     0.777     0.011     0.628
 4   103.706     8.172    -4.603
 4     0.444    -0.713     0.542
 4     0.758     0.622     0.197
 4    -0.478     0.323     0.817
 5   112.164    20.241    21.811
 5     0.748    -0.413     0.519
 5    -0.065    -0.824    -0.563
 5     0.660     0.387    -0.643
 6   132.925     6.479    19.938
 6     0.668     0.248    -0.702
 6    -0.735     0.074    -0.674
 6    -0.115     0.966     0.231
 7   111.322   -19.237    -4.950
 7     0.730     0.653     0.199
 7    -0.682     0.714     0.158
 7    -0.039    -0.251     0.967
 8   115.690   -28.303    20.768
 8     0.672     0.262     0.693
 8    -0.119    -0.885     0.449
 8     0.731    -0.384    -0.564
 9   134.443   -14.091    24.246
 9     0.505    -0.223    -0.834
 9     0.862     0.161     0.479
 9     0.027    -0.961     0.274
 2    96.616   -18.740    59.742
 2    -0.053    -0.998    -0.016
 2     0.996    -0.054     0.067
 2    -0.068    -0.012     0.997
 3   126.556    -1.759     5.398
 3     0.509    -0.581    -0.635
 3     0.366     0.814    -0.451
 3     0.779    -0.003     0.627
 4   104.462     8.307    -4.599
 4     0.478    -0.692     0.541
 4     0.748     0.643     0.163
 4    -0.461     0.326     0.825
 5   112.922    20.191    22.018
 5     0.723    -0.474     0.503
 5    -0.113    -0.799    -0.591
 5     0.682     0.370    -0.631
 6   133.013     4.991    20.888
 6     0.630     0.238    -0.739
 6    -0.772     0.092    -0.629
 6    -0.082     0.967     0.241
 7   111.682   -19.841    -4.614
 7     0.723     0.671     0.163
 7    -0.691     0.702     0.172
 7     0.002    -0.237     0.971
 8   115.605   -27.747    21.619
 8     0.649     0.307     0.696
 8    -0.067    -0.889     0.454
 8     0.758    -0.341    -0.556
 9   134.019   -13.095    25.313
 9     0.486    -0.210    -0.849
 9     0.874     0.148     0.463
 9     0.029    -0.966     0.255
 2    96.615   -18.740    59.742
 2    -0.054    -0.998    -0.016
 2     0.996    -0.055     0.067
 2    -0.068    -0.012     0.997
 3   126.836    -2.207     5.922
 3     0.499    -0.563    -0.658
 3     0.369     0.825    -0.427
 3     0.784    -0.030     0.620
 4   105.350     8.318    -4.691
 4     0.510    -0.682     0.525
 4     0.737     0.660     0.141
 4    -0.443     0.315     0.839
 5   113.764    20.180    22.096
 5     0.716    -0.503     0.484
 5    -0.136    -0.781    -0.610
 5     0.685     0.371    -0.627
 6   133.830     4.811    21.536
 6     0.624     0.235    -0.745
 6    -0.779     0.120    -0.615
 6    -0.055     0.964     0.258
 7   111.911   -20.206    -4.431
 7     0.712     0.687     0.142
 7    -0.701     0.689     0.183
 7     0.027    -0.230     0.973
 8   115.535   -27.785    21.888
 8     0.641     0.305     0.704
